0.407286 0.423994 9.99648E-05 9.99648E-05 9.99648E-05 9.99648E-05 0.0739135 0.0944061
0.172357 0.743331 9.99649E-05 9.99649E-05 0.0214693 9.99649E-05 9.99649E-05 0.0624431
0.0262907 0.910706 9.99649E-05 0.0162369 9.99649E-05 9.99649E-05 0.0463665 9.99649E-05
0.00137327 0.286191 0.128262 9.99737E-05 0.487205 0.096669 9.99737E-05 9.99737E-05
9.99561E-05 0.781859 0.0118001 9.99561E-05 0.205842 9.99561E-05 9.99561E-05 9.99561E-05
0.0513725 0.280039 0.301959 9.99737E-05 0.343277 9.99737E-05 0.0230526 9.99737E-05
0.253482 0.296803 9.99737E-05 0.0595189 0.249707 9.99737E-05 9.99737E-05 0.14019
9.998E-05 0.239227 0.168332 0.124224 0.381712 9.998E-05 0.0364586 0.0498466
0.311428 0.235203 0.27509 9.99736E-05 0.117292 0.060687 9.99736E-05 9.99736E-05
0.000830496 0.899585 9.99561E-05 9.99561E-05 9.99561E-05 9.99561E-05 0.0990852 9.99561E-05
0.245426 0.557813 9.99561E-05 9.99561E-05 9.99561E-05 9.99561E-05 9.99561E-05 0.196261
9.998E-05 0.885751 0.0141825 0.0277048 0.0526945 0.0162718 9.998E-05 0.00319514
0.122733 0.844546 9.99649E-05 9.99649E-05 0.0182913 9.99649E-05 9.99649E-05 0.0140297
0.0778808 0.680859 0.111327 0.0501968 9.99737E-05 9.99737E-05 9.99737E-05 0.0794367
0.249367 0.353053 0.234891 9.99649E-05 0.162289 9.99649E-05 9.99649E-05 9.99649E-05
0.210097 0.24335 0.194676 0.0967196 0.254857 9.99736E-05 9.99736E-05 9.99736E-05
0.18992 0.636027 0.0522929 0.0207701 0.0403908 9.99825E-05 9.99825E-05 0.0603989
0.335716 0.228751 0.0262483 9.99824E-05 0.0762982 0.124183 0.208604 9.99824E-05
0.360755 0.330121 0.00289756 9.999E-05 0.152284 0.0485442 0.0515036 0.0537947
9.99473E-05 0.955971 9.99473E-05 9.99473E-05 9.99473E-05 0.0434297 9.99473E-05 9.99473E-05
0.0597441 0.411271 0.155149 9.99824E-05 0.213496 9.99824E-05 0.0211664 0.138973
0.0391007 0.308391 0.270187 9.99649E-05 0.381921 9.99649E-05 9.99649E-05 9.99649E-05
0.234676 0.653362 9.99561E-05 9.99561E-05 9.99561E-05 9.99561E-05 9.99561E-05 0.111462
0.339958 0.38842 9.99648E-05 0.153371 0.117851 9.99648E-05 9.99648E-05 9.99648E-05
0.236203 0.281027 0.238747 9.99824E-05 0.0297504 0.16388 9.99824E-05 0.0501924
0.0322034 0.665521 0.114924 9.99649E-05 0.186951 9.99649E-05 9.99649E-05 9.99649E-05
0.351781 0.104 0.208729 0.125894 0.0550918 9.99912E-05 0.141772 0.0126319
0.0806124 0.711206 0.0396702 9.99649E-05 0.168111 9.99649E-05 9.99649E-05 9.99649E-05
0.359065 0.562097 9.99649E-05 9.99649E-05 9.99649E-05 0.0171392 9.99649E-05 0.0612995
0.0114489 0.749251 0.22252 9.99649E-05 9.99649E-05 0.0163808 9.99649E-05 9.99649E-05
0.166667 0.676664 9.99649E-05 9.99649E-05 9.99649E-05 0.0302222 9.99649E-05 0.126047
0.0593336 0.566687 0.141728 9.99737E-05 0.17556 9.99737E-05 9.99737E-05 0.0563922
0.194128 0.600466 9.99648E-05 0.0777371 9.99648E-05 9.99648E-05 9.99648E-05 0.127268
0.213616 0.555541 0.00718586 0.0261054 0.121806 0.0151111 0.0419856 0.0186493
0.0548084 0.755819 9.99649E-05 9.99649E-05 9.99649E-05 0.151025 9.99649E-05 0.0379482
0.157548 0.662248 9.99649E-05 9.99649E-05 0.131216 9.99649E-05 9.99649E-05 0.0485885
9.99561E-05 0.853997 9.99561E-05 0.107398 9.99561E-05 9.99561E-05 9.99561E-05 0.0381057
0.0764012 0.671319 0.206574 9.99649E-05 9.99649E-05 0.0453062 9.99649E-05 9.99649E-05
0.261915 0.534333 0.113305 9.99737E-05 0.0661674 9.99737E-05 9.99737E-05 0.0239795
9.99561E-05 0.589521 0.202424 0.207555 9.99561E-05 9.99561E-05 9.99561E-05 9.99561E-05
0.0797639 0.754549 9.99649E-05 9.99649E-05 0.0650794 9.99649E-05 9.99649E-05 0.100208
0.28945 0.593709 9.99561E-05 9.99561E-05 0.116341 9.99561E-05 9.99561E-05 9.99561E-05
9.99561E-05 0.904916 0.0131789 9.99561E-05 0.0814052 9.99561E-05 9.99561E-05 9.99561E-05
0.38841 0.435445 9.99648E-05 9.99648E-05 9.99648E-05 9.99648E-05 0.0345075 0.141237
0.235633 0.256565 9.99649E-05 9.99649E-05 0.463897 0.0435048 9.99649E-05 9.99649E-05
0.061567 0.829554 9.99648E-05 9.99648E-05 0.0485232 0.0599557 9.99648E-05 9.99648E-05
0.0939373 0.812922 9.99649E-05 9.99649E-05 9.99649E-05 9.99649E-05 0.0475792 0.0451618
9.99561E-05 0.974158 9.99561E-05 0.025015 9.99561E-05 9.99561E-05 0.000327437 9.99561E-05
0.102935 0.664536 9.99648E-05 9.99648E-05 0.156176 9.99648E-05 9.99648E-05 0.0759526
0.0299732 0.740064 0.0142133 0.134495 0.0028839 0.00639508 0.0333143 0.0386612
0.313349 0.281025 0.146476 9.99824E-05 0.112274 0.0190562 9.99824E-05 0.127621
9.997E-05 0.64884 0.0127954 0.0480707 0.258021 0.0319735 9.997E-05 9.997E-05
0.0550118 0.874799 9.99561E-05 9.99561E-05 9.99561E-05 9.99561E-05 0.0696891 9.99561E-05
0.103836 0.545522 0.0306084 0.231939 0.0443756 9.99825E-05 0.0435195 9.99825E-05
0.0594588 0.780883 9.997E-05 0.0171915 0.122736 0.0194308 9.997E-05 9.997E-05
9.99824E-05 0.780009 0.0315006 0.00483528 9.99824E-05 0.104871 0.0255603 0.0530242
0.134068 0.723328 9.99649E-05 9.99649E-05 0.0695097 9.99649E-05 0.0726944 9.99649E-05
9.99737E-05 0.801725 9.99737E-05 9.99737E-05 0.082548 0.0474106 0.0192862 0.04873
0.0144968 0.774883 9.99736E-05 0.0712769 9.99736E-05 9.99736E-05 0.0332066 0.105837
0.685095 0.0783256 0.0693652 9.99737E-05 9.99737E-05 9.99737E-05 0.0889389 0.0779751
0.449857 0.311747 9.99737E-05 0.121127 0.115402 9.99737E-05 9.99737E-05 0.001567
0.382498 0.346609 9.99737E-05 0.0481307 9.99737E-05 9.99737E-05 0.163238 0.0592249
0.573796 9.99737E-05 0.326468 0.0056708 9.99737E-05 9.99737E-05 0.0767454 0.01702
0.408968 0.0417429 0.0489169 0.0869981 0.281172 9.999E-05 0.0355412 0.0965611
0.811094 9.99737E-05 0.00955737 0.0285984 9.99737E-05 9.99737E-05 0.0453528 0.105098
0.861314 0.00124573 9.99649E-05 9.99649E-05 0.0550627 9.99649E-05 9.99649E-05 0.0819782
0.608221 9.99649E-05 0.115918 9.99649E-05 9.99649E-05 9.99649E-05 0.251067 0.0243936
0.749488 0.177329 9.99649E-05 0.0480175 9.99649E-05 9.99649E-05 0.0247659 9.99649E-05
0.430711 0.285121 0.0195402 9.998E-05 0.064801 9.998E-05 0.0228082 0.176819
0.691666 9.99648E-05 9.99648E-05 9.99648E-05 9.99648E-05 0.0142174 0.0735888 0.220128
0.541007 9.99736E-05 9.99736E-05 0.161134 0.162616 9.99736E-05 0.0182192 0.116724
0.307897 9.998E-05 0.253339 0.0886589 0.184298 9.998E-05 0.000576279 0.165031
0.799718 9.99649E-05 9.99649E-05 0.097004 0.100349 9.99649E-05 0.00252903 9.99649E-05
0.407836 0.2724 0.0840881 0.183138 9.99737E-05 9.99737E-05 9.99737E-05 0.0522382
0.477384 0.249643 0.117796 9.997E-05 0.0019961 9.997E-05 9.997E-05 0.15288
0.561394 9.997E-05 0.12885 0.086083 0.0755984 9.997E-05 0.147775 9.997E-05
0.416734 0.10168 0.00950687 9.99824E-05 0.219922 9.99824E-05 0.0498346 0.202123
0.548031 0.192938 9.99649E-05 9.99649E-05 9.99649E-05 9.99649E-05 0.173805 0.0848256
0.768503 9.99649E-05 9.99649E-05 0.143714 9.99649E-05 9.99649E-05 0.0322327 0.0551508
0.485273 0.334819 9.99737E-05 0.130334 9.99737E-05 9.99737E-05 0.0121549 0.0371196
0.656556 0.0114277 0.0440388 0.0986198 0.0936183 9.999E-05 0.0822348 0.0134049
0.52796 0.173666 0.149113 0.000633029 9.998E-05 9.998E-05 0.135985 0.0124433
0.330711 0.0850732 0.0910736 0.0100774 0.302238 9.998E-05 0.180626 9.998E-05
0.351786 0.166767 0.106953 9.998E-05 0.0543325 9.998E-05 0.00251519 0.317447
0.557254 0.332753 0.0625182 9.9965E-05 9.9965E-05 9.9965E-05 9.9965E-05 0.0470746
0.390769 0.349504 9.9965E-05 0.0696229 9.9965E-05 9.9965E-05 0.189704 9.9965E-05
0.577996 0.262619 9.99737E-05 0.0559568 0.00563649 9.99737E-05 0.0974914 9.99737E-05
0.418982 0.281084 0.0399671 9.997E-05 0.00179799 9.997E-05 0.257869 9.997E-05
0.585065 0.248013 0.166422 9.99562E-05 9.99562E-05 9.99562E-05 9.99562E-05 9.99562E-05
0.118864 9.99473E-05 0.880536 9.99473E-05 9.99473E-05 9.99473E-05 9.99473E-05 9.99473E-05
9.99474E-05 0.135718 0.863682 9.99474E-05 9.99474E-05 9.99474E-05 9.99474E-05 9.99474E-05
0.231792 9.99824E-05 0.658055 9.99824E-05 0.0333608 0.0035272 0.0336656 0.0393993
0.165707 9.998E-05 0.661631 9.998E-05 0.0137584 0.089106 0.021756 0.0478417
9.9956E-05 9.9956E-05 0.84112 9.9956E-05 9.9956E-05 0.139086 0.0192942 9.9956E-05
0.233631 9.99561E-05 0.736114 9.99561E-05 9.99561E-05 0.0297547 9.99561E-05 9.99561E-05
9.99737E-05 9.99737E-05 0.792931 0.0276639 0.0174652 9.99737E-05 0.123494 0.0381459
0.00595007 9.99561E-05 0.980547 9.99561E-05 9.99561E-05 0.0130036 9.99561E-05 9.99561E-05
0.347826 9.9956E-05 0.646386 9.9956E-05 9.9956E-05 9.9956E-05 9.9956E-05 0.00528836
0.255296 9.99561E-05 0.686574 9.99561E-05 9.99561E-05 9.99561E-05 0.0576302 9.99561E-05
0.248676 0.00417662 0.746647 9.99562E-05 9.99562E-05 9.99562E-05 9.99562E-05 9.99562E-05
0.255065 0.0116188 0.669404 9.997E-05 9.997E-05 0.0226981 9.997E-05 0.0409143
9.99561E-05 9.99561E-05 0.918026 9.99561E-05 9.99561E-05 9.99561E-05 0.0624011 0.0190735
0.188797 9.99561E-05 0.791043 9.99561E-05 9.99561E-05 9.99561E-05 9.99561E-05 0.0196597
9.99649E-05 9.99649E-05 0.738317 9.99649E-05 9.99649E-05 0.0432602 0.187932 0.0300919
0.286 9.99649E-05 0.652459 9.99649E-05 9.99649E-05 0.0163351 9.99649E-05 0.0448054
0.2715 9.99649E-05 0.613068 9.99649E-05 9.99649E-05 0.0626046 0.0524275 9.99649E-05
9.99649E-05 9.99649E-05 0.80907 0.0299087 0.0906371 9.99649E-05 9.99649E-05 0.0699847
9.99562E-05 9.99562E-05 0.771831 9.99562E-05 9.99562E-05 0.0788208 9.99562E-05 0.148848
0.0899396 9.99562E-05 0.755052 9.99562E-05 9.99562E-05 0.154509 9.99562E-05 9.99562E-05
0.212258 9.99561E-05 0.691722 9.99561E-05 0.0955203 9.99561E-05 9.99561E-05 9.99561E-05
0.178297 9.997E-05 0.683925 9.997E-05 9.997E-05 0.0646262 0.0311305 0.041721
0.263567 9.99648E-05 0.615663 9.99648E-05 0.069732 0.0506375 9.99648E-05 9.99648E-05
9.99474E-05 9.99474E-05 0.954576 9.99474E-05 9.99474E-05 9.99474E-05 0.0448243 9.99474E-05
0.211723 9.99736E-05 0.607001 0.0052788 9.99736E-05 0.159224 9.99736E-05 0.0164727
0.330416 9.99474E-05 0.668985 9.99474E-05 9.99474E-05 9.99474E-05 9.99474E-05 9.99474E-05
0.0139359 0.229149 0.659673 9.9965E-05 9.9965E-05 0.0968424 9.9965E-05 9.9965E-05
9.99648E-05 9.99648E-05 0.792823 9.99648E-05 0.0333997 0.135823 9.99648E-05 0.0375538
0.349674 9.99473E-05 0.649727 9.99473E-05 9.99473E-05 9.99473E-05 9.99473E-05 9.99473E-05
0.205874 9.99649E-05 0.661206 9.99649E-05 9.99649E-05 0.096451 9.99649E-05 0.036069
0.302322 9.99561E-05 0.598463 9.99561E-05 9.99561E-05 9.99561E-05 9.99561E-05 0.0987147
9.99649E-05 9.99649E-05 0.83179 0.0389122 9.99649E-05 0.101067 9.99649E-05 0.0278304
9.9956E-05 9.9956E-05 0.763038 9.9956E-05 9.9956E-05 0.229251 9.9956E-05 0.00721108
0.151241 9.99561E-05 0.755928 9.99561E-05 9.99561E-05 0.0923313 9.99561E-05 9.99561E-05
0.0711809 9.99561E-05 0.909328 9.99561E-05 9.99561E-05 0.0189914 9.99561E-05 9.99561E-05
9.996E-05 9.996E-05 0.842232 0.0940628 9.996E-05 0.0471256 9.996E-05 0.0161796
0.19621 9.99648E-05 0.676298 9.99648E-05 9.99648E-05 9.99648E-05 0.0793461 0.0477466
9.994E-05 9.994E-05 0.9993 9.994E-05 9.994E-05 9.994E-05 9.994E-05 9.994E-05
9.9965E-05 9.9965E-05 0.847403 9.9965E-05 9.9965E-05 0.0614651 0.0438714 0.0468601
9.9965E-05 0.0330194 0.936165 9.9965E-05 9.9965E-05 0.0133172 9.9965E-05 0.0170984
9.99475E-05 9.99475E-05 0.961548 9.99475E-05 9.99475E-05 0.0378519 9.99475E-05 9.99475E-05
0.48523 9.9956E-05 0.505375 9.9956E-05 9.9956E-05 9.9956E-05 9.9956E-05 0.00889483
9.99473E-05 9.99473E-05 0.89522 9.99473E-05 0.10418 9.99473E-05 9.99473E-05 9.99473E-05
0.034308 0.0955519 0.828463 9.996E-05 9.996E-05 0.0412773 9.996E-05 9.996E-05
0.0714498 0.181907 0.746143 9.99562E-05 9.99562E-05 9.99562E-05 9.99562E-05 9.99562E-05
0.205294 9.99736E-05 0.633219 9.99736E-05 9.99736E-05 0.138498 0.0125057 0.0101844
0.327096 9.99649E-05 0.585072 9.99649E-05 9.99649E-05 9.99649E-05 0.0177053 0.0697277
0.285462 9.99737E-05 0.575566 9.99737E-05 0.0698462 0.0374452 0.0313803 9.99737E-05
0.186746 9.99649E-05 0.709865 9.99649E-05 9.99649E-05 0.0682831 9.99649E-05 0.0347061
0.0569288 0.0485177 0.894054 9.99562E-05 9.99562E-05 9.99562E-05 9.99562E-05 9.99562E-05
0.301078 9.998E-05 0.397541 0.1254 0.106532 0.0070117 9.998E-05 0.0622382
0.0179236 0.030604 0.950973 9.99562E-05 9.99562E-05 9.99562E-05 9.99562E-05 9.99562E-05
0.188592 9.99562E-05 0.716474 9.99562E-05 9.99562E-05 9.99562E-05 9.99562E-05 0.0944347
0.0100924 9.99561E-05 0.850523 0.138885 9.99561E-05 9.99561E-05 9.99561E-05 9.99561E-05
0.0273795 9.99736E-05 0.719052 9.99736E-05 9.99736E-05 0.0897763 0.080145 0.0833472
0.396826 9.99473E-05 0.602574 9.99473E-05 9.99473E-05 9.99473E-05 9.99473E-05 9.99473E-05
9.994E-05 9.994E-05 0.9993 9.994E-05 9.994E-05 9.994E-05 9.994E-05 9.994E-05
0.0741294 9.997E-05 0.785291 0.0366699 9.997E-05 0.0263738 9.997E-05 0.0772362
0.106229 9.99561E-05 0.645745 9.99561E-05 9.99561E-05 0.247526 9.99561E-05 9.99561E-05
0.0560447 9.99474E-05 0.943356 9.99474E-05 9.99474E-05 9.99474E-05 9.99474E-05 9.99474E-05
0.9993 9.994E-05 9.994E-05 9.994E-05 9.994E-05 9.994E-05 9.994E-05 9.994E-05
9.994E-05 9.994E-05 0.9993 9.994E-05 9.994E-05 9.994E-05 9.994E-05 9.994E-05
0.9993 9.994E-05 9.994E-05 9.994E-05 9.994E-05 9.994E-05 9.994E-05 9.994E-05
9.994E-05 9.994E-05 0.9993 9.994E-05 9.994E-05 9.994E-05 9.994E-05 9.994E-05
9.994E-05 9.994E-05 0.9993 9.994E-05 9.994E-05 9.994E-05 9.994E-05 9.994E-05
9.994E-05 9.994E-05 0.9993 9.994E-05 9.994E-05 9.994E-05 9.994E-05 9.994E-05
0.9993 9.994E-05 9.994E-05 9.994E-05 9.994E-05 9.994E-05 9.994E-05 9.994E-05
9.994E-05 9.994E-05 0.9993 9.994E-05 9.994E-05 9.994E-05 9.994E-05 9.994E-05
9.994E-05 9.994E-05 0.9993 9.994E-05 9.994E-05 9.994E-05 9.994E-05 9.994E-05
0.9993 9.994E-05 9.994E-05 9.994E-05 9.994E-05 9.994E-05 9.994E-05 9.994E-05
0.9993 9.994E-05 9.994E-05 9.994E-05 9.994E-05 9.994E-05 9.994E-05 9.994E-05
0.943949 9.99472E-05 9.99472E-05 9.99472E-05 9.99472E-05 0.0554512 9.99472E-05 9.99472E-05
9.994E-05 9.994E-05 0.9993 9.994E-05 9.994E-05 9.994E-05 9.994E-05 9.994E-05
9.994E-05 9.994E-05 0.9993 9.994E-05 9.994E-05 9.994E-05 9.994E-05 9.994E-05
0.9993 9.994E-05 9.994E-05 9.994E-05 9.994E-05 9.994E-05 9.994E-05 9.994E-05
0.9993 9.994E-05 9.994E-05 9.994E-05 9.994E-05 9.994E-05 9.994E-05 9.994E-05
0.118519 9.99824E-05 0.616725 0.123507 0.010908 0.124217 0.00592414 9.99824E-05
0.9993 9.994E-05 9.994E-05 9.994E-05 9.994E-05 9.994E-05 9.994E-05 9.994E-05
9.994E-05 9.994E-05 0.9993 9.994E-05 9.994E-05 9.994E-05 9.994E-05 9.994E-05
0.9993 9.994E-05 9.994E-05 9.994E-05 9.994E-05 9.994E-05 9.994E-05 9.994E-05
0.9993 9.994E-05 9.994E-05 9.994E-05 9.994E-05 9.994E-05 9.994E-05 9.994E-05
0.984269 9.99472E-05 9.99472E-05 9.99472E-05 9.99472E-05 0.0151309 9.99472E-05 9.99472E-05
9.994E-05 9.994E-05 0.9993 9.994E-05 9.994E-05 9.994E-05 9.994E-05 9.994E-05
0.989501 9.99472E-05 9.99472E-05 9.99472E-05 9.99472E-05 0.00989926 9.99472E-05 9.99472E-05
9.994E-05 9.994E-05 0.9993 9.994E-05 9.994E-05 9.994E-05 9.994E-05 9.994E-05
0.9993 9.994E-05 9.994E-05 9.994E-05 9.994E-05 9.994E-05 9.994E-05 9.994E-05
0.9993 9.994E-05 9.994E-05 9.994E-05 9.994E-05 9.994E-05 9.994E-05 9.994E-05
9.994E-05 9.994E-05 0.9993 9.994E-05 9.994E-05 9.994E-05 9.994E-05 9.994E-05
9.994E-05 9.994E-05 0.9993 9.994E-05 9.994E-05 9.994E-05 9.994E-05 9.994E-05
9.994E-05 9.994E-05 0.9993 9.994E-05 9.994E-05 9.994E-05 9.994E-05 9.994E-05
0.9993 9.994E-05 9.994E-05 9.994E-05 9.994E-05 9.994E-05 9.994E-05 9.994E-05
0.9993 9.994E-05 9.994E-05 9.994E-05 9.994E-05 9.994E-05 9.994E-05 9.994E-05
0.9993 9.994E-05 9.994E-05 9.994E-05 9.994E-05 9.994E-05 9.994E-05 9.994E-05
0.9993 9.994E-05 9.994E-05 9.994E-05 9.994E-05 9.994E-05 9.994E-05 9.994E-05
0.9993 9.994E-05 9.994E-05 9.994E-05 9.994E-05 9.994E-05 9.994E-05 9.994E-05
9.994E-05 9.994E-05 0.9993 9.994E-05 9.994E-05 9.994E-05 9.994E-05 9.994E-05
9.994E-05 9.994E-05 0.9993 9.994E-05 9.994E-05 9.994E-05 9.994E-05 9.994E-05
9.994E-05 9.994E-05 0.9993 9.994E-05 9.994E-05 9.994E-05 9.994E-05 9.994E-05
0.9993 9.994E-05 9.994E-05 9.994E-05 9.994E-05 9.994E-05 9.994E-05 9.994E-05
9.994E-05 9.994E-05 0.9993 9.994E-05 9.994E-05 9.994E-05 9.994E-05 9.994E-05
9.994E-05 9.994E-05 0.9993 9.994E-05 9.994E-05 9.994E-05 9.994E-05 9.994E-05
9.994E-05 9.994E-05 0.9993 9.994E-05 9.994E-05 9.994E-05 9.994E-05 9.994E-05
9.994E-05 9.994E-05 0.9993 9.994E-05 9.994E-05 9.994E-05 9.994E-05 9.994E-05
0.9993 9.994E-05 9.994E-05 9.994E-05 9.994E-05 9.994E-05 9.994E-05 9.994E-05
9.994E-05 9.994E-05 0.9993 9.994E-05 9.994E-05 9.994E-05 9.994E-05 9.994E-05
9.994E-05 9.994E-05 0.9993 9.994E-05 9.994E-05 9.994E-05 9.994E-05 9.994E-05
0.225844 9.998E-05 0.454788 0.115999 0.0687301 0.12202 0.0124189 9.998E-05
0.9993 9.994E-05 9.994E-05 9.994E-05 9.994E-05 9.994E-05 9.994E-05 9.994E-05
9.994E-05 9.994E-05 0.9993 9.994E-05 9.994E-05 9.994E-05 9.994E-05 9.994E-05
9.994E-05 9.994E-05 0.9993 9.994E-05 9.994E-05 9.994E-05 9.994E-05 9.994E-05
9.994E-05 9.994E-05 0.9993 9.994E-05 9.994E-05 9.994E-05 9.994E-05 9.994E-05
9.994E-05 9.994E-05 0.9993 9.994E-05 9.994E-05 9.994E-05 9.994E-05 9.994E-05
0.9993 9.994E-05 9.994E-05 9.994E-05 9.994E-05 9.994E-05 9.994E-05 9.994E-05
9.994E-05 9.994E-05 0.9993 9.994E-05 9.994E-05 9.994E-05 9.994E-05 9.994E-05
0.990037 9.99472E-05 9.99472E-05 9.99472E-05 9.99472E-05 0.009363 9.99472E-05 9.99472E-05
9.994E-05 9.994E-05 0.9993 9.994E-05 9.994E-05 9.994E-05 9.994E-05 9.994E-05
0.9993 9.994E-05 9.994E-05 9.994E-05 9.994E-05 9.994E-05 9.994E-05 9.994E-05
9.994E-05 9.994E-05 0.9993 9.994E-05 9.994E-05 9.994E-05 9.994E-05 9.994E-05
9.994E-05 9.994E-05 0.9993 9.994E-05 9.994E-05 9.994E-05 9.994E-05 9.994E-05
9.994E-05 9.994E-05 0.9993 9.994E-05 9.994E-05 9.994E-05 9.994E-05 9.994E-05
9.994E-05 9.994E-05 0.9993 9.994E-05 9.994E-05 9.994E-05 9.994E-05 9.994E-05
9.994E-05 9.994E-05 0.9993 9.994E-05 9.994E-05 9.994E-05 9.994E-05 9.994E-05
9.994E-05 9.994E-05 0.9993 9.994E-05 9.994E-05 9.994E-05 9.994E-05 9.994E-05
0.9993 9.994E-05 9.994E-05 9.994E-05 9.994E-05 9.994E-05 9.994E-05 9.994E-05
0.9993 9.994E-05 9.994E-05 9.994E-05 9.994E-05 9.994E-05 9.994E-05 9.994E-05
0.936273 9.99472E-05 9.99472E-05 9.99472E-05 9.99472E-05 0.063127 9.99472E-05 9.99472E-05
9.994E-05 9.994E-05 0.9993 9.994E-05 9.994E-05 9.994E-05 9.994E-05 9.994E-05
0.9993 9.994E-05 9.994E-05 9.994E-05 9.994E-05 9.994E-05 9.994E-05 9.994E-05
0.9993 9.994E-05 9.994E-05 9.994E-05 9.994E-05 9.994E-05 9.994E-05 9.994E-05
0.9993 9.994E-05 9.994E-05 9.994E-05 9.994E-05 9.994E-05 9.994E-05 9.994E-05
9.994E-05 9.994E-05 0.9993 9.994E-05 9.994E-05 9.994E-05 9.994E-05 9.994E-05
9.994E-05 9.994E-05 0.9993 9.994E-05 9.994E-05 9.994E-05 9.994E-05 9.994E-05
9.994E-05 9.994E-05 0.9993 9.994E-05 9.994E-05 9.994E-05 9.994E-05 9.994E-05
0.9993 9.994E-05 9.994E-05 9.994E-05 9.994E-05 9.994E-05 9.994E-05 9.994E-05
9.994E-05 9.994E-05 0.9993 9.994E-05 9.994E-05 9.994E-05 9.994E-05 9.994E-05
9.994E-05 9.994E-05 0.9993 9.994E-05 9.994E-05 9.994E-05 9.994E-05 9.994E-05
0.9993 9.994E-05 9.994E-05 9.994E-05 9.994E-05 9.994E-05 9.994E-05 9.994E-05
9.994E-05 9.994E-05 0.9993 9.994E-05 9.994E-05 9.994E-05 9.994E-05 9.994E-05
9.994E-05 9.994E-05 0.9993 9.994E-05 9.994E-05 9.994E-05 9.994E-05 9.994E-05
0.378861 9.99648E-05 0.319627 9.99648E-05 9.99648E-05 9.99648E-05 0.0780109 0.223101
0.9993 9.994E-05 9.994E-05 9.994E-05 9.994E-05 9.994E-05 9.994E-05 9.994E-05
9.994E-05 9.994E-05 0.9993 9.994E-05 9.994E-05 9.994E-05 9.994E-05 9.994E-05
9.99649E-05 9.99649E-05 0.87926 0.0500948 9.99649E-05 0.0554735 0.0147719 9.99649E-05
0.0706573 9.997E-05 0.790808 9.997E-05 0.0224017 0.075417 0.0404163 9.997E-05
0.319982 9.9956E-05 0.627805 9.9956E-05 9.9956E-05 0.0517135 9.9956E-05 9.9956E-05
0.0892391 9.997E-05 0.68281 0.0647233 9.997E-05 0.097943 0.0649843 9.997E-05
0.432387 9.9956E-05 0.491072 9.9956E-05 9.9956E-05 0.0760412 9.9956E-05 9.9956E-05
0.00384519 0.154478 0.841177 9.99562E-05 9.99562E-05 9.99562E-05 9.99562E-05 9.99562E-05
0.211967 9.99737E-05 0.635181 9.99737E-05 0.0805609 0.0572473 9.99737E-05 0.0147436
9.99737E-05 9.99737E-05 0.770651 0.00548648 9.99737E-05 0.0884668 0.0663394 0.0687564
9.99474E-05 9.99474E-05 0.961398 9.99474E-05 9.99474E-05 0.0380019 9.99474E-05 9.99474E-05
0.125982 9.99737E-05 0.699231 0.00464953 0.0997377 0.070099 9.99737E-05 9.99737E-05
0.172988 9.99561E-05 0.717414 9.99561E-05 9.99561E-05 9.99561E-05 9.99561E-05 0.109099
0.0444936 9.99472E-05 0.954907 9.99472E-05 9.99472E-05 9.99472E-05 9.99472E-05 9.99472E-05
0.358011 9.996E-05 0.513948 0.0919015 9.996E-05 9.996E-05 0.0357395 9.996E-05
9.99561E-05 9.99561E-05 0.821219 9.99561E-05 9.99561E-05 0.0440813 0.1342 9.99561E-05
0.192067 9.99561E-05 0.710431 9.99561E-05 9.99561E-05 9.99561E-05 9.99561E-05 0.0970022
0.347991 9.996E-05 0.575326 9.996E-05 0.0546852 9.996E-05 9.996E-05 0.0215975
0.0874893 9.99562E-05 0.877023 9.99562E-05 9.99562E-05 0.034988 9.99562E-05 9.99562E-05
0.421117 9.998E-05 0.344383 0.0944681 9.998E-05 0.0147176 0.0308703 0.094244
0.216696 9.99649E-05 0.620789 9.99649E-05 9.99649E-05 0.110788 9.99649E-05 0.0513275
0.134758 9.99736E-05 0.708052 9.99736E-05 0.0965618 0.0395667 0.0207611 9.99736E-05
0.131171 9.996E-05 0.733803 9.996E-05 0.0809196 0.0537075 9.996E-05 9.996E-05
9.99649E-05 9.99649E-05 0.908412 0.023693 0.0673932 9.99649E-05 9.99649E-05 0.000102043
9.99736E-05 9.99736E-05 0.654683 0.14592 9.99736E-05 0.10695 0.046834 0.0453134
0.0459264 9.99736E-05 0.882642 9.99736E-05 9.99736E-05 0.038347 0.0294608 0.00332406
9.99561E-05 9.99561E-05 0.7104 9.99561E-05 9.99561E-05 0.101546 0.187555 9.99561E-05
9.994E-05 9.994E-05 0.9993 9.994E-05 9.994E-05 9.994E-05 9.994E-05 9.994E-05
0.173109 9.997E-05 0.668617 9.997E-05 0.0232817 0.088614 0.0460789 9.997E-05
0.286201 9.99561E-05 0.688481 9.99561E-05 9.99561E-05 9.99561E-05 0.0248183 9.99561E-05
0.0280479 9.99736E-05 0.717596 0.0553737 9.99736E-05 0.122003 0.0766804 9.99736E-05
9.99649E-05 9.99649E-05 0.688296 9.99649E-05 9.99649E-05 0.23312 0.0485597 0.0296244
0.218352 9.99561E-05 0.755218 9.99561E-05 0.0259311 9.99561E-05 9.99561E-05 9.99561E-05
0.162725 9.99561E-05 0.80104 9.99561E-05 9.99561E-05 9.99561E-05 9.99561E-05 0.0357346
0.307296 9.99648E-05 0.648622 9.99648E-05 9.99648E-05 0.0203315 0.0233504 9.99648E-05
0.0693264 9.997E-05 0.736019 9.997E-05 0.107191 9.997E-05 0.0641124 0.0230512
0.128439 9.99736E-05 0.658035 9.99736E-05 0.0106914 9.99736E-05 0.0974702 0.105065
0.252924 9.99561E-05 0.691641 9.99561E-05 9.99561E-05 0.0549353 9.99561E-05 9.99561E-05
9.99474E-05 0.0328579 0.966542 9.99474E-05 9.99474E-05 9.99474E-05 9.99474E-05 9.99474E-05
0.395159 9.997E-05 0.369026 0.0898422 9.997E-05 9.997E-05 0.0581732 0.0875
0.0211253 9.997E-05 0.703617 0.092477 9.997E-05 0.0505647 9.997E-05 0.131916
0.0948373 9.9956E-05 0.658724 9.9956E-05 0.245939 9.9956E-05 9.9956E-05 9.9956E-05
0.241806 9.9956E-05 0.699898 9.9956E-05 9.9956E-05 0.0577962 9.9956E-05 9.9956E-05
0.159223 9.99737E-05 0.660121 9.99737E-05 0.0458879 0.130846 9.99737E-05 0.00362198
0.129783 9.9956E-05 0.604601 9.9956E-05 0.265117 9.9956E-05 9.9956E-05 9.9956E-05
0.0852199 9.99473E-05 0.91418 9.99473E-05 9.99473E-05 9.99473E-05 9.99473E-05 9.99473E-05
0.375456 9.99472E-05 0.623944 9.99472E-05 9.99472E-05 9.99472E-05 9.99472E-05 9.99472E-05
0.0407217 9.99649E-05 0.84755 9.99649E-05 9.99649E-05 0.0707853 9.99649E-05 0.0405434
9.994E-05 9.994E-05 0.9993 9.994E-05 9.994E-05 9.994E-05 9.994E-05 9.994E-05
0.123732 9.99649E-05 0.791883 9.99649E-05 9.99649E-05 0.0472583 9.99649E-05 0.0367272
9.996E-05 0.00753191 0.944065 9.996E-05 0.00977914 9.996E-05 0.0382244 9.996E-05
0.368013 9.997E-05 0.515163 0.0827966 0.015888 9.997E-05 9.997E-05 0.0178396
0.175721 9.99562E-05 0.821422 9.99562E-05 9.99562E-05 9.99562E-05 0.00235685 9.99562E-05
0.444878 9.99737E-05 0.448535 9.99737E-05 0.0815242 0.00754587 9.99737E-05 0.0172175
0.598675 9.99648E-05 0.175183 9.99648E-05 0.221807 9.99648E-05 9.99648E-05 0.00393473
0.295727 9.99473E-05 0.703673 9.99473E-05 9.99473E-05 9.99473E-05 9.99473E-05 9.99473E-05
9.99561E-05 9.99561E-05 0.752937 9.99561E-05 0.203155 0.0434085 9.99561E-05 9.99561E-05
0.00477142 9.99473E-05 0.994629 9.99473E-05 9.99473E-05 9.99473E-05 9.99473E-05 9.99473E-05
0.301783 9.99562E-05 0.68575 9.99562E-05 9.99562E-05 0.0119667 9.99562E-05 9.99562E-05
9.99473E-05 9.99473E-05 0.998716 9.99473E-05 9.99473E-05 9.99473E-05 9.99473E-05 0.000683998
0.106249 9.99561E-05 0.848957 9.99561E-05 9.99561E-05 0.0442942 9.99561E-05 9.99561E-05
0.391035 9.99474E-05 0.608365 9.99474E-05 9.99474E-05 9.99474E-05 9.99474E-05 9.99474E-05
9.994E-05 9.994E-05 0.9993 9.994E-05 9.994E-05 9.994E-05 9.994E-05 9.994E-05
9.99562E-05 0.0675031 0.921467 9.99562E-05 9.99562E-05 0.0105305 9.99562E-05 9.99562E-05
0.0196703 0.153043 0.71485 9.99737E-05 9.99737E-05 0.0775324 9.99737E-05 0.0346042
0.15182 9.99561E-05 0.772638 9.99561E-05 9.99561E-05 9.99561E-05 9.99561E-05 0.075042
0.0425789 9.99561E-05 0.843898 9.99561E-05 9.99561E-05 0.113023 9.99561E-05 9.99561E-05
9.99561E-05 9.99561E-05 0.951282 0.0445256 9.99561E-05 0.00369238 9.99561E-05 9.99561E-05
0.0092478 0.0144431 0.975809 9.99562E-05 9.99562E-05 9.99562E-05 9.99562E-05 9.99562E-05
0.333989 9.99561E-05 0.635802 9.99561E-05 9.99561E-05 9.99561E-05 0.0297093 9.99561E-05
0.317501 9.996E-05 0.598404 9.996E-05 9.996E-05 0.0577968 9.996E-05 0.025898
0.280279 0.0134553 0.673075 9.9965E-05 9.9965E-05 0.0327911 9.9965E-05 9.9965E-05
0.452093 9.99561E-05 0.496825 9.99561E-05 9.99561E-05 0.0505823 9.99561E-05 9.99561E-05
0.196493 0.255416 0.547591 9.99562E-05 9.99562E-05 9.99562E-05 9.99562E-05 9.99562E-05
0.19092 9.99472E-05 0.808481 9.99472E-05 9.99472E-05 9.99472E-05 9.99472E-05 9.99472E-05
0.305778 9.99825E-05 0.451954 0.109912 9.99825E-05 0.0818666 0.0161507 0.0341391
0.19635 9.99474E-05 0.803051 9.99474E-05 9.99474E-05 9.99474E-05 9.99474E-05 9.99474E-05
0.236144 9.99474E-05 0.763256 9.99474E-05 9.99474E-05 9.99474E-05 9.99474E-05 9.99474E-05
0.106334 0.202935 0.690231 9.99562E-05 9.99562E-05 9.99562E-05 9.99562E-05 9.99562E-05
0.206829 9.998E-05 0.634473 9.998E-05 0.057043 0.0505021 0.0236744 0.0272786
0.212962 9.99475E-05 0.786438 9.99475E-05 9.99475E-05 9.99475E-05 9.99475E-05 9.99475E-05
0.0734642 9.99561E-05 0.853711 9.99561E-05 9.99561E-05 9.99561E-05 9.99561E-05 0.0723248
9.99561E-05 9.99561E-05 0.81028 9.99561E-05 0.084972 0.104248 9.99561E-05 9.99561E-05
0.0132088 9.998E-05 0.760969 9.998E-05 0.0514138 0.0581529 0.0458593 0.0701957
0.117266 0.121526 0.733818 9.9965E-05 9.9965E-05 9.9965E-05 0.0269899 9.9965E-05
9.99474E-05 9.99474E-05 0.930522 9.99474E-05 9.99474E-05 9.99474E-05 9.99474E-05 0.0688787
0.0959953 9.99561E-05 0.700557 9.99561E-05 9.99561E-05 0.202948 9.99561E-05 9.99561E-05
0.301377 9.99561E-05 0.676979 9.99561E-05 9.99561E-05 9.99561E-05 9.99561E-05 0.0211444
0.17329 9.99648E-05 0.629259 9.99648E-05 9.99648E-05 0.0367624 0.160288 9.99648E-05
9.99473E-05 9.99473E-05 0.977823 9.99473E-05 9.99473E-05 9.99473E-05 0.0215771 9.99473E-05
0.202425 9.997E-05 0.604957 0.0657735 0.0531734 9.997E-05 9.997E-05 0.0733714
0.192389 9.99648E-05 0.591116 9.99648E-05 9.99648E-05 0.183249 9.99648E-05 0.0328461
0.244583 0.00456137 0.527452 9.99649E-05 9.99649E-05 0.223004 9.99649E-05 9.99649E-05
0.415609 9.9956E-05 0.468571 9.9956E-05 9.9956E-05 9.9956E-05 0.115321 9.9956E-05
0.347983 9.99473E-05 0.651417 9.99473E-05 9.99473E-05 9.99473E-05 9.99473E-05 9.99473E-05
0.221202 9.99736E-05 0.445904 0.0952587 9.99736E-05 0.0722495 9.99736E-05 0.165086
0.0283357 9.99474E-05 0.971065 9.99474E-05 9.99474E-05 9.99474E-05 9.99474E-05 9.99474E-05
0.227363 0.0276366 0.687911 9.9965E-05 9.9965E-05 9.9965E-05 0.0566894 9.9965E-05
9.9956E-05 9.9956E-05 0.668226 9.9956E-05 0.323307 0.0079673 9.9956E-05 9.9956E-05
0.366405 9.996E-05 0.526427 9.996E-05 0.0169477 9.996E-05 9.996E-05 0.0898211
0.38113 9.997E-05 0.485259 0.011797 9.997E-05 9.997E-05 0.0875931 0.0339207
0.543189 9.996E-05 0.399461 9.996E-05 0.0432362 0.013714 9.996E-05 9.996E-05
9.998E-05 9.998E-05 0.539416 0.0774783 0.144324 0.00210366 0.21475 0.0217276
0.372892 9.996E-05 0.546307 9.996E-05 9.996E-05 0.0759156 0.00448604 9.996E-05
0.225454 9.998E-05 0.436444 0.04467 9.998E-05 0.134738 0.0879878 0.0705053
9.99475E-05 0.160044 0.839356 9.99475E-05 9.99475E-05 9.99475E-05 9.99475E-05 9.99475E-05
0.17855 0.0488435 0.705314 9.99737E-05 9.99737E-05 0.0401125 0.0268803 9.99737E-05
0.34092 9.99562E-05 0.651056 9.99562E-05 9.99562E-05 9.99562E-05 9.99562E-05 0.00752426
0.503178 9.99649E-05 0.253351 0.00509701 9.99649E-05 9.99649E-05 0.237974 9.99649E-05
0.0533928 9.99475E-05 0.946007 9.99475E-05 9.99475E-05 9.99475E-05 9.99475E-05 9.99475E-05
0.146323 0.117754 0.735423 9.99563E-05 9.99563E-05 9.99563E-05 9.99563E-05 9.99563E-05
9.99561E-05 9.99561E-05 0.844646 9.99561E-05 9.99561E-05 0.0854062 0.0694477 9.99561E-05
0.0412627 9.996E-05 0.816034 9.996E-05 9.996E-05 0.0953421 0.0469613 9.996E-05
0.276933 9.99649E-05 0.677783 9.99649E-05 9.99649E-05 0.0423832 9.99649E-05 0.00250006
0.257188 9.99649E-05 0.613555 9.99649E-05 0.0598256 9.99649E-05 0.0690313 9.99649E-05
0.166191 9.997E-05 0.588403 0.0237169 0.12158 0.0998093 9.997E-05 9.997E-05
0.517975 9.99648E-05 0.212109 9.99648E-05 9.99648E-05 0.136172 9.99648E-05 0.133344
9.994E-05 9.994E-05 0.9993 9.994E-05 9.994E-05 9.994E-05 9.994E-05 9.994E-05
0.169609 9.996E-05 0.765805 9.996E-05 0.0342344 0.0299517 9.996E-05 9.996E-05
0.314271 9.99736E-05 0.468971 9.99736E-05 9.99736E-05 0.0848932 0.123419 0.00814681
9.99562E-05 9.99562E-05 0.8879 9.99562E-05 9.99562E-05 0.098355 9.99562E-05 0.0132449
0.633308 9.998E-05 0.134991 0.126145 0.025713 0.0336858 9.998E-05 0.045958
0.273647 9.99648E-05 0.510683 9.99648E-05 9.99648E-05 0.0255156 0.189754 9.99648E-05
0.157219 9.99648E-05 0.689663 9.99648E-05 9.99648E-05 0.0282757 9.99648E-05 0.124443
0.460784 9.99561E-05 0.412246 9.99561E-05 0.126471 9.99561E-05 9.99561E-05 9.99561E-05
0.0409908 9.99737E-05 0.723751 0.0156265 9.99737E-05 0.0861599 9.99737E-05 0.133172
0.202225 0.0697375 0.727538 9.99562E-05 9.99562E-05 9.99562E-05 9.99562E-05 9.99562E-05
0.0749307 9.998E-05 0.654304 0.0111463 9.998E-05 0.0337268 0.0908622 0.13483
0.191286 9.99562E-05 0.714413 9.99562E-05 9.99562E-05 0.0938015 9.99562E-05 9.99562E-05
0.254215 0.0335954 0.71169 9.99562E-05 9.99562E-05 9.99562E-05 9.99562E-05 9.99562E-05
0.14437 9.997E-05 0.682317 0.0524548 9.997E-05 0.014015 9.997E-05 0.106543
0.270268 9.99736E-05 0.629801 9.99736E-05 0.00493211 0.0783187 9.99736E-05 0.01638
0.501759 9.99649E-05 0.222627 9.99649E-05 0.225561 9.99649E-05 9.99649E-05 0.0496538
0.754182 9.99561E-05 9.99561E-05 9.99561E-05 0.194345 9.99561E-05 9.99561E-05 0.0509734
0.594671 9.997E-05 0.148538 0.048686 0.177857 9.997E-05 9.997E-05 0.0299473
0.582248 9.99738E-05 0.159233 0.0412298 0.148298 9.99738E-05 9.99738E-05 0.0686913
0.541271 9.997E-05 0.189122 0.143173 9.997E-05 9.997E-05 0.083553 0.0425807
0.630825 0.22555 0.132481 9.99737E-05 0.00949286 9.99737E-05 0.00135161 9.99737E-05
0.711317 9.99649E-05 0.1334 9.99649E-05 0.0896301 9.99649E-05 9.99649E-05 0.0652528
0.715342 9.99649E-05 0.0927402 0.177367 9.99649E-05 9.99649E-05 9.99649E-05 0.0141517
0.564856 0.207069 0.0609828 0.0896257 9.997E-05 9.997E-05 9.997E-05 0.0771661
0.60234 9.99648E-05 0.148569 9.99648E-05 0.206908 9.99648E-05 9.99648E-05 0.0417839
0.56539 9.99737E-05 0.129055 9.99737E-05 9.99737E-05 0.0381372 0.074663 0.192454
0.751245 9.99562E-05 9.99562E-05 9.99562E-05 9.99562E-05 0.241743 9.99562E-05 0.00651209
0.597321 9.99649E-05 0.147926 0.190088 0.0642649 9.99649E-05 9.99649E-05 9.99649E-05
0.637415 0.305948 0.0443549 9.9965E-05 9.9965E-05 9.9965E-05 9.9965E-05 0.0118826
0.63834 9.99824E-05 0.0985709 0.0619322 9.99824E-05 0.00953537 0.0342086 0.157213
0.602335 9.99649E-05 0.13364 9.99649E-05 0.240042 9.99649E-05 9.99649E-05 0.0235832
0.798526 9.99649E-05 0.0570935 9.99649E-05 0.0416468 9.99649E-05 9.99649E-05 0.102334
0.846108 9.99649E-05 9.99649E-05 0.0620978 0.0711628 0.020232 9.99649E-05 9.99649E-05
0.637679 9.99649E-05 9.99649E-05 0.212553 9.99649E-05 0.00354916 9.99649E-05 0.145819
0.752148 9.99561E-05 0.0629008 9.99561E-05 0.184451 9.99561E-05 9.99561E-05 9.99561E-05
0.827612 9.99737E-05 0.0307928 0.0145045 0.00265489 9.99737E-05 9.99737E-05 0.124135
0.653443 0.102495 0.0662388 9.99737E-05 0.119133 9.99737E-05 9.99737E-05 0.05839
0.662787 9.99825E-05 0.102605 9.99825E-05 0.0784659 0.0439455 0.0247501 0.0872473
0.778065 9.99561E-05 0.19986 9.99561E-05 9.99561E-05 9.99561E-05 0.0215757 9.99561E-05
0.918109 9.99561E-05 0.0757046 9.99561E-05 9.99561E-05 9.99561E-05 0.00568677 9.99561E-05
0.85555 9.99473E-05 0.143851 9.99473E-05 9.99473E-05 9.99473E-05 9.99473E-05 9.99473E-05
0.9993 9.994E-05 9.994E-05 9.994E-05 9.994E-05 9.994E-05 9.994E-05 9.994E-05
0.9993 9.994E-05 9.994E-05 9.994E-05 9.994E-05 9.994E-05 9.994E-05 9.994E-05
0.878486 9.99473E-05 0.120915 9.99473E-05 9.99473E-05 9.99473E-05 9.99473E-05 9.99473E-05
0.719649 9.996E-05 0.206656 9.996E-05 9.996E-05 9.996E-05 0.0314375 0.0418571
0.891473 9.99474E-05 0.107927 9.99474E-05 9.99474E-05 9.99474E-05 9.99474E-05 9.99474E-05
0.847858 9.99473E-05 0.151542 9.99473E-05 9.99473E-05 9.99473E-05 9.99473E-05 9.99473E-05
0.804026 9.9956E-05 0.123268 9.9956E-05 9.9956E-05 9.9956E-05 9.9956E-05 0.0722063
0.891644 9.99561E-05 9.99561E-05 9.99561E-05 9.99561E-05 9.99561E-05 0.0927867 0.0150691
0.882945 9.99474E-05 0.116455 9.99474E-05 9.99474E-05 9.99474E-05 9.99474E-05 9.99474E-05
0.819653 9.9956E-05 0.175812 9.9956E-05 9.9956E-05 9.9956E-05 9.9956E-05 0.00403478
0.701941 9.99474E-05 0.297459 9.99474E-05 9.99474E-05 9.99474E-05 9.99474E-05 9.99474E-05
0.970863 9.99474E-05 0.0285376 9.99474E-05 9.99474E-05 9.99474E-05 9.99474E-05 9.99474E-05
0.69842 9.99473E-05 0.300981 9.99473E-05 9.99473E-05 9.99473E-05 9.99473E-05 9.99473E-05
0.753128 9.99561E-05 0.211205 9.99561E-05 9.99561E-05 9.99561E-05 0.0351676 9.99561E-05
0.823625 9.99473E-05 0.175776 9.99473E-05 9.99473E-05 9.99473E-05 9.99473E-05 9.99473E-05
0.876351 9.99473E-05 0.123049 9.99473E-05 9.99473E-05 9.99473E-05 9.99473E-05 9.99473E-05
0.945389 9.99474E-05 9.99474E-05 9.99474E-05 9.99474E-05 9.99474E-05 9.99474E-05 0.0540114
0.735284 9.99472E-05 0.264116 9.99472E-05 9.99472E-05 9.99472E-05 9.99472E-05 9.99472E-05
0.9993 9.994E-05 9.994E-05 9.994E-05 9.994E-05 9.994E-05 9.994E-05 9.994E-05
0.780942 9.99472E-05 0.218459 9.99472E-05 9.99472E-05 9.99472E-05 9.99472E-05 9.99472E-05
0.154186 9.99562E-05 0.664403 9.99562E-05 9.99562E-05 0.180911 9.99562E-05 9.99562E-05
0.967805 9.99474E-05 0.0315956 9.99474E-05 9.99474E-05 9.99474E-05 9.99474E-05 9.99474E-05
0.865545 9.99561E-05 0.127251 9.99561E-05 9.99561E-05 9.99561E-05 0.0067043 9.99561E-05
0.965833 9.99473E-05 9.99473E-05 9.99473E-05 9.99473E-05 9.99473E-05 9.99473E-05 0.033567
0.9993 9.994E-05 9.994E-05 9.994E-05 9.994E-05 9.994E-05 9.994E-05 9.994E-05
0.750362 9.99472E-05 0.249038 9.99472E-05 9.99472E-05 9.99472E-05 9.99472E-05 9.99472E-05
0.885165 9.99474E-05 0.114235 9.99474E-05 9.99474E-05 9.99474E-05 9.99474E-05 9.99474E-05
0.864252 9.99562E-05 0.0379367 9.99562E-05 9.99562E-05 9.99562E-05 9.99562E-05 0.0973111
0.9993 9.994E-05 9.994E-05 9.994E-05 9.994E-05 9.994E-05 9.994E-05 9.994E-05
0.881451 9.99474E-05 0.117949 9.99474E-05 9.99474E-05 9.99474E-05 9.99474E-05 9.99474E-05
0.960113 9.99473E-05 0.0392876 9.99473E-05 9.99473E-05 9.99473E-05 9.99473E-05 9.99473E-05
0.873358 9.99473E-05 0.126042 9.99473E-05 9.99473E-05 9.99473E-05 9.99473E-05 9.99473E-05
0.970537 9.99473E-05 0.0288632 9.99473E-05 9.99473E-05 9.99473E-05 9.99473E-05 9.99473E-05
0.760252 9.99473E-05 0.239148 9.99473E-05 9.99473E-05 9.99473E-05 9.99473E-05 9.99473E-05
0.9993 9.994E-05 9.994E-05 9.994E-05 9.994E-05 9.994E-05 9.994E-05 9.994E-05
0.897771 9.99561E-05 0.0784204 9.99561E-05 0.0233085 9.99561E-05 9.99561E-05 9.99561E-05
0.85546 9.99474E-05 0.14394 9.99474E-05 9.99474E-05 9.99474E-05 9.99474E-05 9.99474E-05
0.982893 9.99474E-05 0.0165071 9.99474E-05 9.99474E-05 9.99474E-05 9.99474E-05 9.99474E-05
0.855874 9.99474E-05 0.143526 9.99474E-05 9.99474E-05 9.99474E-05 9.99474E-05 9.99474E-05
0.730652 9.9956E-05 0.208647 9.9956E-05 9.9956E-05 9.9956E-05 0.0602007 9.9956E-05
0.906264 9.99473E-05 9.99473E-05 9.99473E-05 9.99473E-05 9.99473E-05 9.99473E-05 0.0931361
0.383007 0.0290242 9.99649E-05 9.99649E-05 0.472849 9.99649E-05 9.99649E-05 0.11472
0.23855 0.0177514 0.1186 0.263519 0.347763 9.998E-05 9.998E-05 0.0136154
0.126411 9.996E-05 0.229762 0.431082 9.996E-05 9.996E-05 9.996E-05 0.212345
0.301467 9.997E-05 0.0293367 0.229356 0.338053 9.997E-05 9.997E-05 0.101487
0.449863 9.99649E-05 9.99649E-05 0.0778945 0.377175 9.99649E-05 9.99649E-05 0.0946679
0.420374 9.99649E-05 9.99649E-05 9.99649E-05 0.381414 9.99649E-05 0.0431974 0.154614
0.43015 9.99649E-05 9.99649E-05 0.0577716 0.396601 9.99649E-05 9.99649E-05 0.115077
0.455914 9.996E-05 9.996E-05 0.194325 0.345715 9.996E-05 9.996E-05 0.00364627
0.0975838 9.997E-05 0.433333 0.284181 0.0641035 9.997E-05 9.997E-05 0.120499
0.410449 0.0576413 9.99825E-05 0.12664 9.99825E-05 0.0123359 0.14173 0.251004
0.381064 9.99737E-05 0.0373051 9.99737E-05 0.431486 9.99737E-05 0.0937291 0.0561161
0.28075 9.997E-05 0.097958 0.312084 0.148355 9.997E-05 9.997E-05 0.160553
0.453502 0.00206311 9.99737E-05 0.0631001 0.359744 9.99737E-05 9.99737E-05 0.121292
0.423006 9.99649E-05 9.99649E-05 0.169971 0.203061 9.99649E-05 9.99649E-05 0.203563
0.308115 9.99649E-05 9.99649E-05 0.328955 0.34661 9.99649E-05 9.99649E-05 0.0159206
0.505901 9.99649E-05 9.99649E-05 0.152763 0.297688 9.99649E-05 9.99649E-05 0.0432487
0.396816 9.995E-05 9.995E-05 9.995E-05 0.44893 9.995E-05 9.995E-05 0.153754
0.362269 9.997E-05 0.171263 0.174738 0.246094 9.997E-05 9.997E-05 0.0453361
0.393258 9.997E-05 0.0196691 0.0462913 0.266655 9.997E-05 9.997E-05 0.273827
0.465345 0.0380293 9.998E-05 0.0722585 0.209728 9.998E-05 0.111336 0.103102
9.994E-05 9.994E-05 9.994E-05 9.994E-05 9.994E-05 9.994E-05 9.994E-05 0.9993
9.994E-05 9.994E-05 9.994E-05 9.994E-05 9.994E-05 9.994E-05 9.994E-05 0.9993
9.994E-05 9.994E-05 9.994E-05 9.994E-05 9.994E-05 9.994E-05 9.994E-05 0.9993
9.994E-05 9.994E-05 9.994E-05 9.994E-05 9.994E-05 9.994E-05 9.994E-05 0.9993
9.994E-05 9.994E-05 9.994E-05 9.994E-05 9.994E-05 9.994E-05 9.994E-05 0.9993
9.994E-05 9.994E-05 9.994E-05 9.994E-05 9.994E-05 9.994E-05 9.994E-05 0.9993
9.994E-05 9.994E-05 9.994E-05 9.994E-05 9.994E-05 9.994E-05 9.994E-05 0.9993
9.994E-05 9.994E-05 9.994E-05 9.994E-05 9.994E-05 9.994E-05 9.994E-05 0.9993
9.994E-05 9.994E-05 9.994E-05 9.994E-05 9.994E-05 9.994E-05 9.994E-05 0.9993
9.994E-05 9.994E-05 9.994E-05 9.994E-05 9.994E-05 9.994E-05 9.994E-05 0.9993
9.994E-05 9.994E-05 9.994E-05 9.994E-05 9.994E-05 9.994E-05 9.994E-05 0.9993
9.994E-05 9.994E-05 9.994E-05 9.994E-05 9.994E-05 9.994E-05 9.994E-05 0.9993
9.994E-05 9.994E-05 9.994E-05 9.994E-05 9.994E-05 9.994E-05 9.994E-05 0.9993
9.994E-05 9.994E-05 9.994E-05 9.994E-05 9.994E-05 9.994E-05 9.994E-05 0.9993
9.994E-05 9.994E-05 9.994E-05 9.994E-05 9.994E-05 9.994E-05 9.994E-05 0.9993
9.994E-05 9.994E-05 9.994E-05 9.994E-05 9.994E-05 9.994E-05 9.994E-05 0.9993
9.994E-05 9.994E-05 9.994E-05 9.994E-05 9.994E-05 9.994E-05 9.994E-05 0.9993
9.994E-05 9.994E-05 9.994E-05 9.994E-05 9.994E-05 9.994E-05 9.994E-05 0.9993
9.994E-05 9.994E-05 9.994E-05 9.994E-05 9.994E-05 9.994E-05 9.994E-05 0.9993
9.994E-05 9.994E-05 9.994E-05 9.994E-05 9.994E-05 9.994E-05 9.994E-05 0.9993
9.994E-05 9.994E-05 9.994E-05 9.994E-05 9.994E-05 9.994E-05 9.994E-05 0.9993
9.994E-05 9.994E-05 9.994E-05 9.994E-05 9.994E-05 9.994E-05 9.994E-05 0.9993
9.994E-05 9.994E-05 9.994E-05 9.994E-05 9.994E-05 9.994E-05 9.994E-05 0.9993
9.994E-05 9.994E-05 9.994E-05 9.994E-05 9.994E-05 9.994E-05 9.994E-05 0.9993
9.994E-05 9.994E-05 9.994E-05 9.994E-05 9.994E-05 9.994E-05 9.994E-05 0.9993
9.994E-05 9.994E-05 9.994E-05 9.994E-05 9.994E-05 9.994E-05 9.994E-05 0.9993
9.994E-05 9.994E-05 9.994E-05 9.994E-05 9.994E-05 9.994E-05 9.994E-05 0.9993
9.994E-05 9.994E-05 9.994E-05 9.994E-05 9.994E-05 9.994E-05 9.994E-05 0.9993
9.994E-05 9.994E-05 9.994E-05 9.994E-05 9.994E-05 9.994E-05 9.994E-05 0.9993
9.994E-05 9.994E-05 9.994E-05 9.994E-05 9.994E-05 9.994E-05 9.994E-05 0.9993
9.994E-05 9.994E-05 9.994E-05 9.994E-05 9.994E-05 9.994E-05 9.994E-05 0.9993
9.994E-05 9.994E-05 9.994E-05 9.994E-05 9.994E-05 9.994E-05 9.994E-05 0.9993
9.994E-05 9.994E-05 9.994E-05 9.994E-05 9.994E-05 9.994E-05 9.994E-05 0.9993
9.994E-05 9.994E-05 9.994E-05 9.994E-05 9.994E-05 9.994E-05 9.994E-05 0.9993
9.994E-05 9.994E-05 9.994E-05 9.994E-05 9.994E-05 9.994E-05 9.994E-05 0.9993
9.994E-05 9.994E-05 9.994E-05 9.994E-05 9.994E-05 9.994E-05 9.994E-05 0.9993
