9.98508E-05 9.98508E-05 0.0222507 0.238531 9.98508E-05 9.98508E-05 0.0321408 0.0247221 9.98508E-05 9.98508E-05 9.98508E-05 9.98508E-05 0.00885995 0.178759 0.00471773 9.98508E-05 9.98508E-05 0.372811 0.0370018 9.98508E-05 9.98508E-05 9.98508E-05 9.98508E-05 9.98508E-05 9.98508E-05 9.98508E-05 0.0106081 0.052745 0.0151559
9.98072E-05 9.98072E-05 9.98072E-05 9.98072E-05 0.0573124 9.98072E-05 9.98072E-05 0.768376 0.00971371 9.98072E-05 9.98072E-05 9.98072E-05 0.017752 9.98072E-05 9.98072E-05 9.98072E-05 9.98072E-05 0.0430656 0.101217 9.98072E-05 9.98072E-05 9.98072E-05 9.98072E-05 9.98072E-05 9.98072E-05 9.98072E-05 9.98072E-05 0.000367592 9.98072E-05
9.97722E-05 9.97722E-05 9.97722E-05 9.97722E-05 9.97722E-05 9.97722E-05 9.97722E-05 0.631178 9.97722E-05 9.97722E-05 9.97722E-05 0.0285609 9.97722E-05 9.97722E-05 9.97722E-05 0.337667 9.97722E-05 9.97722E-05 9.97722E-05 9.97722E-05 9.97722E-05 9.97722E-05 9.97722E-05 9.97722E-05 9.97722E-05 9.97722E-05 9.97722E-05 9.97722E-05 9.97722E-05
9.98508E-05 0.0304904 0.0233679 0.114169 9.98508E-05 9.98508E-05 9.98508E-05 9.98508E-05 0.0115875 0.0955687 9.98508E-05 9.98508E-05 0.0160598 0.0144913 9.98508E-05 0.193109 9.98508E-05 0.135216 9.98508E-05 9.98508E-05 9.98508E-05 9.98508E-05 0.0204117 9.98508E-05 9.98508E-05 9.98508E-05 0.29995 0.0438817 9.98508E-05
9.97897E-05 0.00803598 9.97897E-05 9.97897E-05 9.97897E-05 9.97897E-05 9.97897E-05 0.00353684 9.97897E-05 0.0160568 9.97897E-05 0.053946 9.97897E-05 9.97897E-05 9.97897E-05 9.97897E-05 9.97897E-05 0.916029 9.97897E-05 9.97897E-05 9.97897E-05 9.97897E-05 9.97897E-05 9.97897E-05 9.97897E-05 9.97897E-05 9.97897E-05 9.97897E-05 9.97897E-05
9.98159E-05 9.98159E-05 9.98159E-05 9.98159E-05 9.98159E-05 9.98159E-05 0.137789 0.0126896 9.98159E-05 0.101323 9.98159E-05 0.0492447 9.98159E-05 0.139927 9.98159E-05 0.304492 9.98159E-05 9.98159E-05 0.0229809 9.98159E-05 9.98159E-05 9.98159E-05 0.229457 9.98159E-05 9.98159E-05 9.98159E-05 9.98159E-05 9.98159E-05 9.98159E-05
9.98247E-05 9.98247E-05 9.98247E-05 0.0889602 9.98247E-05 9.98247E-05 9.98247E-05 0.14423 9.98247E-05 9.98247E-05 9.98247E-05 9.98247E-05 9.98247E-05 0.279296 9.98247E-05 0.0985736 9.98247E-05 9.98247E-05 0.067203 9.98247E-05 9.98247E-05 0.0820435 9.98247E-05 0.00369105 9.98247E-05 9.98247E-05 9.98247E-05 0.144069 0.0899362
9.9816E-05 9.9816E-05 9.9816E-05 0.0706871 9.9816E-05 9.9816E-05 0.124624 9.9816E-05 0.0777724 9.9816E-05 9.9816E-05 9.9816E-05 9.9816E-05 0.13662 0.216775 0.156404 9.9816E-05 0.0873372 9.9816E-05 9.9816E-05 9.9816E-05 9.9816E-05 9.9816E-05 0.127685 9.9816E-05 9.9816E-05 9.9816E-05 9.9816E-05 9.9816E-05
9.97896E-05 0.112772 0.244341 9.97896E-05 9.97896E-05 9.97896E-05 0.180259 9.97896E-05 9.97896E-05 9.97896E-05 9.97896E-05 9.97896E-05 9.97896E-05 9.97896E-05 9.97896E-05 0.321335 9.97896E-05 9.97896E-05 9.97896E-05 9.97896E-05 9.97896E-05 9.97896E-05 9.97896E-05 9.97896E-05 9.97896E-05 9.97896E-05 9.97896E-05 9.97896E-05 0.138898
9.97719E-05 9.97719E-05 0.00864378 9.97719E-05 9.97719E-05 9.97719E-05 9.97719E-05 0.624824 9.97719E-05 9.97719E-05 9.97719E-05 9.97719E-05 9.97719E-05 9.97719E-05 9.97719E-05 9.97719E-05 9.97719E-05 0.363939 9.97719E-05 9.97719E-05 9.97719E-05 9.97719E-05 9.97719E-05 9.97719E-05 9.97719E-05 9.97719E-05 9.97719E-05 9.97719E-05 9.97719E-05
9.97985E-05 9.97985E-05 0.178219 9.97985E-05 9.97985E-05 9.97985E-05 9.97985E-05 9.97985E-05 9.97985E-05 9.97985E-05 9.97985E-05 9.97985E-05 9.97985E-05 0.0647225 9.97985E-05 0.609389 9.97985E-05 0.0196396 9.97985E-05 9.97985E-05 9.97985E-05 9.97985E-05 9.97985E-05 9.97985E-05 9.97985E-05 9.97985E-05 9.97985E-05 0.101158 0.0245766
9.97633E-05 9.97633E-05 9.97633E-05 9.97633E-05 9.97633E-05 9.97633E-05 9.97633E-05 0.997202 9.97633E-05 9.97633E-05 9.97633E-05 9.97633E-05 9.97633E-05 9.97633E-05 9.97633E-05 9.97633E-05 9.97633E-05 9.97633E-05 9.97633E-05 9.97633E-05 9.97633E-05 9.97633E-05 9.97633E-05 9.97633E-05 0.000104285 9.97633E-05 9.97633E-05 9.97633E-05 9.97633E-05
9.97896E-05 9.97896E-05 0.0530091 0.0966461 9.97896E-05 9.97896E-05 0.013425 0.378482 9.97896E-05 9.97896E-05 9.97896E-05 9.97896E-05 9.97896E-05 9.97896E-05 9.97896E-05 9.97896E-05 9.97896E-05 0.456043 9.97896E-05 9.97896E-05 9.97896E-05 9.97896E-05 9.97896E-05 9.97896E-05 9.97896E-05 9.97896E-05 9.97896E-05 9.97896E-05 9.97896E-05
9.97983E-05 9.97983E-05 9.97983E-05 9.97983E-05 9.97983E-05 9.97983E-05 9.97983E-05 9.97983E-05 9.97983E-05 9.97983E-05 9.97983E-05 0.0524267 9.97983E-05 9.97983E-05 9.97983E-05 0.77023 0.00201321 9.97983E-05 9.97983E-05 9.97983E-05 9.97983E-05 9.97983E-05 9.97983E-05 0.0357294 9.97983E-05 0.112914 9.97983E-05 0.0243912 9.97983E-05
9.98421E-05 9.98421E-05 0.169148 9.98421E-05 0.0872437 9.98421E-05 0.118216 0.246652 9.98421E-05 0.0791426 9.98421E-05 9.98421E-05 9.98421E-05 0.16713 9.98421E-05 9.98421E-05 0.0356499 0.0350826 9.98421E-05 0.01047 9.98421E-05 9.98421E-05 9.98421E-05 0.0489707 9.98421E-05 9.98421E-05 9.98421E-05 9.98421E-05 0.000496863
9.9842E-05 0.0498156 0.0980155 0.0950372 9.9842E-05 0.118633 0.167123 9.9842E-05 9.9842E-05 0.0089842 9.9842E-05 9.9842E-05 9.9842E-05 0.192098 0.00453144 9.9842E-05 9.9842E-05 0.174778 9.9842E-05 9.9842E-05 9.9842E-05 9.9842E-05 9.9842E-05 9.9842E-05 0.00899559 9.9842E-05 0.0801915 9.9842E-05 9.9842E-05
9.98421E-05 9.98421E-05 0.0562053 0.0699017 9.98421E-05 0.000352932 9.98421E-05 9.98421E-05 9.98421E-05 9.98421E-05 9.98421E-05 9.98421E-05 9.98421E-05 0.0113787 0.00261187 9.98421E-05 9.98421E-05 0.550132 9.98421E-05 0.230299 9.98421E-05 9.98421E-05 9.98421E-05 9.98421E-05 0.0211074 9.98421E-05 0.00375678 0.0489382 0.00351859
9.98159E-05 0.00652755 0.110957 0.147476 9.98159E-05 9.98159E-05 9.98159E-05 0.0550756 9.98159E-05 9.98159E-05 0.10786 9.98159E-05 0.0742998 0.421288 9.98159E-05 9.98159E-05 9.98159E-05 0.0744202 9.98159E-05 9.98159E-05 9.98159E-05 9.98159E-05 9.98159E-05 9.98159E-05 9.98159E-05 9.98159E-05 9.98159E-05 9.98159E-05 9.98159E-05
9.98069E-05 9.98069E-05 0.140654 0.133262 9.98069E-05 9.98069E-05 0.0977889 0.181471 9.98069E-05 9.98069E-05 9.98069E-05 9.98069E-05 9.98069E-05 9.98069E-05 9.98069E-05 0.237682 0.0139564 9.98069E-05 9.98069E-05 9.98069E-05 9.98069E-05 9.98069E-05 0.19299 9.98069E-05 9.98069E-05 9.98069E-05 9.98069E-05 9.98069E-05 9.98069E-05
9.97633E-05 9.97633E-05 9.97633E-05 9.97633E-05 9.97633E-05 9.97633E-05 9.97633E-05 9.97633E-05 9.97633E-05 9.97633E-05 9.97633E-05 9.97633E-05 0.0770888 9.97633E-05 9.97633E-05 9.97633E-05 9.97633E-05 0.920218 9.97633E-05 9.97633E-05 9.97633E-05 9.97633E-05 9.97633E-05 9.97633E-05 9.97633E-05 9.97633E-05 9.97633E-05 9.97633E-05 9.97633E-05
9.98071E-05 0.233541 9.98071E-05 9.98071E-05 9.98071E-05 9.98071E-05 0.0502391 9.98071E-05 9.98071E-05 9.98071E-05 9.98071E-05 9.98071E-05 0.00732027 9.98071E-05 9.98071E-05 0.52184 9.98071E-05 0.0741655 9.98071E-05 9.98071E-05 9.98071E-05 9.98071E-05 9.98071E-05 9.98071E-05 0.09049 9.98071E-05 9.98071E-05 0.0202083 9.98071E-05
9.98246E-05 9.98246E-05 9.98246E-05 0.339833 9.98246E-05 9.98246E-05 0.122876 0.184274 0.0301327 9.98246E-05 0.0161289 0.0370832 9.98246E-05 9.98246E-05 9.98246E-05 9.98246E-05 9.98246E-05 0.0849204 9.98246E-05 9.98246E-05 0.0723376 9.98246E-05 0.110417 9.98246E-05 9.98246E-05 9.98246E-05 9.98246E-05 9.98246E-05 9.98246E-05
9.97985E-05 9.97985E-05 0.0663126 9.97985E-05 9.97985E-05 9.97985E-05 9.97985E-05 9.97985E-05 9.97985E-05 0.0338017 9.97985E-05 9.97985E-05 9.97985E-05 0.158054 9.97985E-05 0.399813 9.97985E-05 0.332846 9.97985E-05 9.97985E-05 9.97985E-05 9.97985E-05 9.97985E-05 9.97985E-05 9.97985E-05 9.97985E-05 9.97985E-05 0.00687796 9.97985E-05
9.97983E-05 9.97983E-05 0.208852 0.284471 9.97983E-05 9.97983E-05 9.97983E-05 9.97983E-05 9.97983E-05 9.97983E-05 9.97983E-05 9.97983E-05 9.97983E-05 0.0280541 9.97983E-05 0.0421244 9.97983E-05 0.365285 9.97983E-05 9.97983E-05 9.97983E-05 9.97983E-05 9.97983E-05 9.97983E-05 9.97983E-05 9.97983E-05 9.97983E-05 9.97983E-05 0.0689181
0.115764 9.98157E-05 0.215465 0.0562394 9.98157E-05 9.98157E-05 0.0452008 9.98157E-05 9.98157E-05 9.98157E-05 9.98157E-05 9.98157E-05 0.0760374 9.98157E-05 9.98157E-05 0.344386 0.140306 9.98157E-05 9.98157E-05 9.98157E-05 9.98157E-05 9.98157E-05 9.98157E-05 9.98157E-05 9.98157E-05 9.98157E-05 9.98157E-05 0.00450442 9.98157E-05
0.0104546 9.97808E-05 0.110792 9.97808E-05 9.97808E-05 9.97808E-05 9.97808E-05 9.97808E-05 9.97808E-05 9.97808E-05 9.97808E-05 9.97808E-05 9.97808E-05 9.97808E-05 9.97808E-05 9.97808E-05 9.97808E-05 0.832695 9.97808E-05 9.97808E-05 9.97808E-05 9.97808E-05 9.97808E-05 9.97808E-05 9.97808E-05 9.97808E-05 0.0435641 9.97808E-05 9.97808E-05
0.311832 9.97981E-05 9.97981E-05 0.163867 9.97981E-05 0.0158524 9.97981E-05 9.97981E-05 9.97981E-05 9.97981E-05 0.191857 9.97981E-05 9.97981E-05 9.97981E-05 9.97981E-05 9.97981E-05 9.97981E-05 0.0370337 9.97981E-05 9.97981E-05 0.277262 9.97981E-05 9.97981E-05 9.97981E-05 9.97981E-05 9.97981E-05 9.97981E-05 9.97981E-05 9.97981E-05
0.0278602 9.97981E-05 9.97981E-05 0.0432812 9.97981E-05 9.97981E-05 9.97981E-05 0.824557 9.97981E-05 9.97981E-05 9.97981E-05 9.97981E-05 9.97981E-05 9.97981E-05 9.97981E-05 9.97981E-05 9.97981E-05 9.97981E-05 9.97981E-05 9.97981E-05 9.97981E-05 9.97981E-05 9.97981E-05 9.97981E-05 0.0956459 9.97981E-05 0.00626001 9.97981E-05 9.97981E-05
0.00663938 9.98071E-05 0.182369 9.98071E-05 9.98071E-05 9.98071E-05 9.98071E-05 0.611734 9.98071E-05 9.98071E-05 9.98071E-05 9.98071E-05 9.98071E-05 9.98071E-05 9.98071E-05 0.0998742 9.98071E-05 9.98071E-05 9.98071E-05 9.98071E-05 0.0371388 9.98071E-05 9.98071E-05 9.98071E-05 9.98071E-05 9.98071E-05 9.98071E-05 0.0413026 0.0187467
9.98071E-05 9.98071E-05 0.0168977 9.98071E-05 0.00194069 9.98071E-05 0.0221058 0.252273 9.98071E-05 9.98071E-05 9.98071E-05 9.98071E-05 9.98071E-05 9.98071E-05 0.0124237 0.679639 9.98071E-05 9.98071E-05 9.98071E-05 9.98071E-05 9.98071E-05 0.0125243 9.98071E-05 9.98071E-05 9.98071E-05 9.98071E-05 9.98071E-05 9.98071E-05 9.98071E-05
9.9807E-05 9.9807E-05 9.9807E-05 0.0297291 9.9807E-05 9.9807E-05 9.9807E-05 0.686873 9.9807E-05 9.9807E-05 9.9807E-05 9.9807E-05 0.00850008 0.0706265 9.9807E-05 9.9807E-05 9.9807E-05 9.9807E-05 9.9807E-05 9.9807E-05 0.0746197 9.9807E-05 0.0308985 9.9807E-05 9.9807E-05 9.9807E-05 9.9807E-05 0.0965578 9.9807E-05
9.98159E-05 9.98159E-05 0.00236883 9.98159E-05 9.98159E-05 9.98159E-05 9.98159E-05 9.98159E-05 0.0118935 0.135664 9.98159E-05 9.98159E-05 9.98159E-05 0.219276 9.98159E-05 9.98159E-05 9.98159E-05 0.573104 9.98159E-05 9.98159E-05 0.00631037 9.98159E-05 9.98159E-05 9.98159E-05 9.98159E-05 0.0157109 9.98159E-05 0.0335754 9.98159E-05
0.0641976 9.98157E-05 0.0882552 0.00471412 9.98157E-05 9.98157E-05 9.98157E-05 0.112653 9.98157E-05 9.98157E-05 9.98157E-05 9.98157E-05 9.98157E-05 0.169161 9.98157E-05 0.42683 9.98157E-05 9.98157E-05 9.98157E-05 9.98157E-05 9.98157E-05 9.98157E-05 9.98157E-05 9.98157E-05 9.98157E-05 9.98157E-05 0.0405498 0.0915433 9.98157E-05
0.0114553 9.9798E-05 0.0609727 0.0246119 9.9798E-05 9.9798E-05 9.9798E-05 9.9798E-05 9.9798E-05 0.0531631 9.9798E-05 9.9798E-05 9.9798E-05 9.9798E-05 9.9798E-05 0.801208 9.9798E-05 9.9798E-05 9.9798E-05 9.9798E-05 9.9798E-05 9.9798E-05 9.9798E-05 9.9798E-05 0.046294 9.9798E-05 9.9798E-05 9.9798E-05 9.9798E-05
9.97722E-05 9.97722E-05 9.97722E-05 9.97722E-05 9.97722E-05 9.97722E-05 9.97722E-05 0.948859 9.97722E-05 9.97722E-05 9.97722E-05 9.97722E-05 0.00495337 9.97722E-05 9.97722E-05 9.97722E-05 9.97722E-05 9.97722E-05 9.97722E-05 9.97722E-05 9.97722E-05 9.97722E-05 9.97722E-05 9.97722E-05 9.97722E-05 9.97722E-05 9.97722E-05 0.0435935 9.97722E-05
9.97984E-05 9.97984E-05 0.0991319 0.0679519 9.97984E-05 9.97984E-05 0.0104779 9.97984E-05 9.97984E-05 9.97984E-05 9.97984E-05 9.97984E-05 9.97984E-05 9.97984E-05 9.97984E-05 9.97984E-05 9.97984E-05 0.690539 9.97984E-05 9.97984E-05 9.97984E-05 9.97984E-05 9.97984E-05 9.97984E-05 9.97984E-05 9.97984E-05 0.0817784 9.97984E-05 0.0478256
9.97724E-05 9.97724E-05 9.97724E-05 9.97724E-05 0.147658 9.97724E-05 9.97724E-05 9.97724E-05 9.97724E-05 9.97724E-05 9.97724E-05 9.97724E-05 9.97724E-05 9.97724E-05 9.97724E-05 9.97724E-05 9.97724E-05 0.770054 9.97724E-05 9.97724E-05 9.97724E-05 0.0796944 9.97724E-05 9.97724E-05 9.97724E-05 9.97724E-05 9.97724E-05 9.97724E-05 9.97724E-05
9.97808E-05 9.97808E-05 9.97808E-05 9.97808E-05 9.97808E-05 9.97808E-05 0.144687 9.97808E-05 9.97808E-05 9.97808E-05 9.97808E-05 9.97808E-05 0.015002 9.97808E-05 9.97808E-05 0.800213 9.97808E-05 9.97808E-05 0.0376031 9.97808E-05 9.97808E-05 9.97808E-05 9.97808E-05 9.97808E-05 9.97808E-05 9.97808E-05 9.97808E-05 9.97808E-05 9.97808E-05
9.9816E-05 9.9816E-05 0.121498 0.00783202 9.9816E-05 9.9816E-05 0.00773255 0.609526 9.9816E-05 9.9816E-05 9.9816E-05 0.0610454 9.9816E-05 9.9816E-05 9.9816E-05 9.9816E-05 9.9816E-05 9.9816E-05 0.058146 0.116138 9.9816E-05 9.9816E-05 9.9816E-05 9.9816E-05 0.0159857 9.9816E-05 9.9816E-05 9.9816E-05 9.9816E-05
9.9807E-05 9.9807E-05 0.102362 9.9807E-05 9.9807E-05 0.0663432 9.9807E-05 9.9807E-05 9.9807E-05 0.03791 9.9807E-05 9.9807E-05 9.9807E-05 9.9807E-05 9.9807E-05 0.660764 9.9807E-05 9.9807E-05 9.9807E-05 9.9807E-05 9.9807E-05 0.010893 0.0563493 9.9807E-05 9.9807E-05 0.0631831 9.9807E-05 9.9807E-05 9.9807E-05
9.97895E-05 9.97895E-05 0.0374835 0.0174216 9.97895E-05 9.97895E-05 9.97895E-05 0.348301 9.97895E-05 9.97895E-05 9.97895E-05 9.97895E-05 9.97895E-05 9.97895E-05 9.97895E-05 9.97895E-05 9.97895E-05 0.523053 9.97895E-05 9.97895E-05 0.0713466 9.97895E-05 9.97895E-05 9.97895E-05 9.97895E-05 9.97895E-05 9.97895E-05 9.97895E-05 9.97895E-05
9.97985E-05 9.97985E-05 0.00615236 0.119362 9.97985E-05 9.97985E-05 0.0377458 0.373028 9.97985E-05 9.97985E-05 9.97985E-05 9.97985E-05 9.97985E-05 9.97985E-05 9.97985E-05 0.408081 9.97985E-05 9.97985E-05 9.97985E-05 9.97985E-05 0.053335 9.97985E-05 9.97985E-05 9.97985E-05 9.97985E-05 9.97985E-05 9.97985E-05 9.97985E-05 9.97985E-05
9.98071E-05 9.98071E-05 9.98071E-05 0.0171421 9.98071E-05 9.98071E-05 9.98071E-05 0.13816 9.98071E-05 9.98071E-05 9.98071E-05 0.00568062 9.98071E-05 9.98071E-05 9.98071E-05 9.98071E-05 9.98071E-05 0.672191 9.98071E-05 9.98071E-05 0.0868132 9.98071E-05 0.0100828 9.98071E-05 9.98071E-05 0.0677341 9.98071E-05 9.98071E-05 9.98071E-05
9.98158E-05 9.98158E-05 0.128394 0.066888 9.98158E-05 9.98158E-05 0.0841144 0.525242 9.98158E-05 9.98158E-05 9.98158E-05 9.98158E-05 9.98158E-05 0.104981 9.98158E-05 9.98158E-05 9.98158E-05 9.98158E-05 0.0021797 9.98158E-05 9.98158E-05 9.98158E-05 9.98158E-05 0.00536592 9.98158E-05 9.98158E-05 9.98158E-05 9.98158E-05 0.0807393
9.97982E-05 9.97982E-05 0.163868 0.262898 9.97982E-05 9.97982E-05 9.97982E-05 9.97982E-05 9.97982E-05 9.97982E-05 9.97982E-05 0.0215417 9.97982E-05 9.97982E-05 9.97982E-05 0.419632 9.97982E-05 9.97982E-05 9.97982E-05 9.97982E-05 9.97982E-05 9.97982E-05 0.103209 9.97982E-05 9.97982E-05 9.97982E-05 0.0265563 9.97982E-05 9.97982E-05
9.97894E-05 9.97894E-05 9.97894E-05 9.97894E-05 9.97894E-05 9.97894E-05 9.97894E-05 0.232826 9.97894E-05 9.97894E-05 9.97894E-05 9.97894E-05 9.97894E-05 9.97894E-05 9.97894E-05 0.698015 9.97894E-05 0.0251867 9.97894E-05 9.97894E-05 9.97894E-05 9.97894E-05 0.0373171 9.97894E-05 9.97894E-05 9.97894E-05 0.00425965 9.97894E-05 9.97894E-05
9.9772E-05 9.9772E-05 0.0626734 9.9772E-05 9.9772E-05 9.9772E-05 9.9772E-05 9.9772E-05 9.9772E-05 9.9772E-05 0.0137246 9.9772E-05 9.9772E-05 9.9772E-05 9.9772E-05 9.9772E-05 9.9772E-05 0.921008 9.9772E-05 9.9772E-05 9.9772E-05 9.9772E-05 9.9772E-05 9.9772E-05 9.9772E-05 9.9772E-05 9.9772E-05 9.9772E-05 9.9772E-05
9.97634E-05 9.97634E-05 9.97634E-05 9.97634E-05 9.97634E-05 0.00164478 9.97634E-05 0.995662 9.97634E-05 9.97634E-05 9.97634E-05 9.97634E-05 9.97634E-05 9.97634E-05 9.97634E-05 9.97634E-05 9.97634E-05 9.97634E-05 9.97634E-05 9.97634E-05 9.97634E-05 9.97634E-05 9.97634E-05 9.97634E-05 9.97634E-05 9.97634E-05 9.97634E-05 9.97634E-05 9.97634E-05
9.97983E-05 9.97983E-05 0.144248 0.130078 9.97983E-05 9.97983E-05 9.97983E-05 0.66484 9.97983E-05 9.97983E-05 9.97983E-05 9.97983E-05 9.97983E-05 9.97983E-05 9.97983E-05 9.97983E-05 9.97983E-05 9.97983E-05 9.97983E-05 9.97983E-05 0.0228588 9.97983E-05 0.0309163 9.97983E-05 0.00476382 9.97983E-05 9.97983E-05 9.97983E-05 9.97983E-05
9.97812E-05 9.97812E-05 9.97812E-05 9.97812E-05 9.97812E-05 9.97812E-05 9.97812E-05 9.97812E-05 9.97812E-05 9.97812E-05 9.97812E-05 9.97812E-05 9.97812E-05 9.97812E-05 9.97812E-05 0.492354 9.97812E-05 0.343953 9.97812E-05 9.97812E-05 9.97812E-05 0.0829801 0.0782182 9.97812E-05 9.97812E-05 9.97812E-05 9.97812E-05 9.97812E-05 9.97812E-05
9.98332E-05 9.98332E-05 0.174326 9.98332E-05 9.98332E-05 9.98332E-05 0.0789574 0.128256 0.0775346 0.0680817 9.98332E-05 9.98332E-05 9.98332E-05 0.0597991 9.98332E-05 0.237617 9.98332E-05 9.98332E-05 9.98332E-05 9.98332E-05 0.0655678 9.98332E-05 9.98332E-05 9.98332E-05 9.98332E-05 9.98332E-05 0.0258645 0.0820991 9.98332E-05
9.9772E-05 9.9772E-05 9.9772E-05 0.0637367 9.9772E-05 9.9772E-05 9.9772E-05 9.9772E-05 9.9772E-05 9.9772E-05 9.9772E-05 9.9772E-05 9.9772E-05 9.9772E-05 9.9772E-05 0.844019 9.9772E-05 9.9772E-05 9.9772E-05 9.9772E-05 9.9772E-05 9.9772E-05 9.9772E-05 9.9772E-05 9.9772E-05 9.9772E-05 0.08965 9.9772E-05 9.9772E-05
9.97547E-05 9.97547E-05 9.97547E-05 9.97547E-05 9.97547E-05 9.97547E-05 9.97547E-05 0.997207 9.97547E-05 9.97547E-05 9.97547E-05 9.97547E-05 9.97547E-05 9.97547E-05 9.97547E-05 9.97547E-05 9.97547E-05 9.97547E-05 9.97547E-05 9.97547E-05 9.97547E-05 9.97547E-05 9.97547E-05 9.97547E-05 9.97547E-05 9.97547E-05 9.97547E-05 9.97547E-05 9.97547E-05
9.97982E-05 9.97982E-05 9.97982E-05 9.97982E-05 9.97982E-05 0.0495632 9.97982E-05 9.97982E-05 9.97982E-05 9.97982E-05 0.00517542 0.011366 9.97982E-05 9.97982E-05 9.97982E-05 0.873077 9.97982E-05 9.97982E-05 9.97982E-05 9.97982E-05 9.97982E-05 0.0296492 9.97982E-05 9.97982E-05 0.0288737 9.97982E-05 9.97982E-05 9.97982E-05 9.97982E-05
9.97723E-05 9.97723E-05 0.0529617 9.97723E-05 9.97723E-05 9.97723E-05 9.97723E-05 0.880809 9.97723E-05 9.97723E-05 9.97723E-05 9.97723E-05 9.97723E-05 9.97723E-05 9.97723E-05 9.97723E-05 0.0636351 9.97723E-05 9.97723E-05 9.97723E-05 9.97723E-05 9.97723E-05 9.97723E-05 9.97723E-05 9.97723E-05 9.97723E-05 9.97723E-05 9.97723E-05 9.97723E-05
9.98072E-05 9.98072E-05 9.98072E-05 9.98072E-05 9.98072E-05 0.0126121 9.98072E-05 0.77766 9.98072E-05 0.14134 9.98072E-05 0.0194747 0.00857954 9.98072E-05 9.98072E-05 9.98072E-05 9.98072E-05 9.98072E-05 9.98072E-05 9.98072E-05 9.98072E-05 9.98072E-05 0.0220466 9.98072E-05 9.98072E-05 9.98072E-05 9.98072E-05 0.0160907 9.98072E-05
9.97807E-05 9.97807E-05 9.97807E-05 9.97807E-05 9.97807E-05 9.97807E-05 9.97807E-05 9.97807E-05 9.97807E-05 9.97807E-05 0.0592895 9.97807E-05 9.97807E-05 9.97807E-05 9.97807E-05 9.97807E-05 9.97807E-05 0.815262 0.0776214 9.97807E-05 9.97807E-05 9.97807E-05 0.0453326 9.97807E-05 9.97807E-05 9.97807E-05 9.97807E-05 9.97807E-05 9.97807E-05
9.97806E-05 9.97806E-05 0.0367596 9.97806E-05 9.97806E-05 9.97806E-05 9.97806E-05 9.97806E-05 9.97806E-05 9.97806E-05 9.97806E-05 9.97806E-05 9.97806E-05 9.97806E-05 9.97806E-05 9.97806E-05 9.97806E-05 0.942358 9.97806E-05 9.97806E-05 9.97806E-05 9.97806E-05 9.97806E-05 9.97806E-05 9.97806E-05 9.97806E-05 0.017966 0.000422337 9.97806E-05
9.97808E-05 9.97808E-05 0.0106893 9.97808E-05 9.97808E-05 9.97808E-05 9.97808E-05 0.943731 0.00336175 9.97808E-05 9.97808E-05 9.97808E-05 9.97808E-05 9.97808E-05 9.97808E-05 9.97808E-05 9.97808E-05 9.97808E-05 9.97808E-05 9.97808E-05 9.97808E-05 9.97808E-05 9.97808E-05 0.0397234 9.97808E-05 9.97808E-05 9.97808E-05 9.97808E-05 9.97808E-05
0.0526064 9.97982E-05 0.120335 9.97982E-05 9.97982E-05 9.97982E-05 0.0127644 9.97982E-05 9.97982E-05 9.97982E-05 9.97982E-05 9.97982E-05 9.97982E-05 0.775137 9.97982E-05 9.97982E-05 9.97982E-05 9.97982E-05 0.00582935 9.97982E-05 9.97982E-05 9.97982E-05 9.97982E-05 0.0310322 9.97982E-05 9.97982E-05 9.97982E-05 9.97982E-05 9.97982E-05
9.9754E-05 9.9754E-05 9.9754E-05 9.9754E-05 0.997207 9.9754E-05 9.9754E-05 9.9754E-05 9.9754E-05 9.9754E-05 9.9754E-05 9.9754E-05 9.9754E-05 9.9754E-05 9.9754E-05 9.9754E-05 9.9754E-05 9.9754E-05 9.9754E-05 9.9754E-05 9.9754E-05 9.9754E-05 9.9754E-05 9.9754E-05 9.9754E-05 9.9754E-05 9.9754E-05 9.9754E-05 9.9754E-05
9.9772E-05 9.9772E-05 9.9772E-05 9.9772E-05 0.247955 9.9772E-05 9.9772E-05 9.9772E-05 9.9772E-05 9.9772E-05 0.0299556 9.9772E-05 9.9772E-05 0.719495 9.9772E-05 9.9772E-05 9.9772E-05 9.9772E-05 9.9772E-05 9.9772E-05 9.9772E-05 9.9772E-05 9.9772E-05 9.9772E-05 9.9772E-05 9.9772E-05 9.9772E-05 9.9772E-05 9.9772E-05
0.145659 9.97895E-05 9.97895E-05 9.97895E-05 9.97895E-05 9.97895E-05 0.135939 9.97895E-05 9.97895E-05 9.97895E-05 9.97895E-05 9.97895E-05 9.97895E-05 0.46029 9.97895E-05 9.97895E-05 9.97895E-05 9.97895E-05 0.232013 9.97895E-05 9.97895E-05 0.0237039 9.97895E-05 9.97895E-05 9.97895E-05 9.97895E-05 9.97895E-05 9.97895E-05 9.97895E-05
9.97979E-05 9.97979E-05 0.0163739 0.0819083 9.97979E-05 9.97979E-05 9.97979E-05 9.97979E-05 9.97979E-05 9.97979E-05 9.97979E-05 0.00954444 0.0945574 0.794968 9.97979E-05 9.97979E-05 9.97979E-05 9.97979E-05 9.97979E-05 9.97979E-05 9.97979E-05 0.000353081 9.97979E-05 9.97979E-05 9.97979E-05 9.97979E-05 9.97979E-05 9.97979E-05 9.97979E-05
9.97716E-05 9.97716E-05 0.12828 9.97716E-05 9.97716E-05 9.97716E-05 9.97716E-05 9.97716E-05 9.97716E-05 9.97716E-05 9.97716E-05 9.97716E-05 9.97716E-05 0.821161 0.0479655 9.97716E-05 9.97716E-05 9.97716E-05 9.97716E-05 9.97716E-05 9.97716E-05 9.97716E-05 9.97716E-05 9.97716E-05 9.97716E-05 9.97716E-05 9.97716E-05 9.97716E-05 9.97716E-05
9.97806E-05 0.0682511 0.119871 9.97806E-05 9.97806E-05 9.97806E-05 9.97806E-05 9.97806E-05 9.97806E-05 9.97806E-05 9.97806E-05 9.97806E-05 9.97806E-05 0.58254 9.97806E-05 9.97806E-05 9.97806E-05 9.97806E-05 0.226843 9.97806E-05 9.97806E-05 9.97806E-05 9.97806E-05 9.97806E-05 9.97806E-05 9.97806E-05 9.97806E-05 9.97806E-05 9.97806E-05
9.97892E-05 9.97892E-05 0.0251943 9.97892E-05 9.97892E-05 9.97892E-05 0.0431279 9.97892E-05 9.97892E-05 9.97892E-05 0.095783 9.97892E-05 9.97892E-05 0.784544 9.97892E-05 9.97892E-05 9.97892E-05 9.97892E-05 0.048956 9.97892E-05 9.97892E-05 9.97892E-05 9.97892E-05 9.97892E-05 9.97892E-05 9.97892E-05 9.97892E-05 9.97892E-05 9.97892E-05
9.97634E-05 9.97634E-05 9.97634E-05 9.97634E-05 0.000638807 9.97634E-05 9.97634E-05 9.97634E-05 9.97634E-05 9.97634E-05 9.97634E-05 9.97634E-05 9.97634E-05 0.996668 9.97634E-05 9.97634E-05 9.97634E-05 9.97634E-05 9.97634E-05 9.97634E-05 9.97634E-05 9.97634E-05 9.97634E-05 9.97634E-05 9.97634E-05 9.97634E-05 9.97634E-05 9.97634E-05 9.97634E-05
9.97633E-05 9.97633E-05 9.97633E-05 9.97633E-05 9.97633E-05 9.97633E-05 9.97633E-05 9.97633E-05 9.97633E-05 9.97633E-05 9.97633E-05 9.97633E-05 9.97633E-05 0.97714 9.97633E-05 9.97633E-05 9.97633E-05 9.97633E-05 9.97633E-05 9.97633E-05 9.97633E-05 9.97633E-05 9.97633E-05 9.97633E-05 9.97633E-05 9.97633E-05 0.0201663 9.97633E-05 9.97633E-05
9.97804E-05 9.97804E-05 0.24551 9.97804E-05 9.97804E-05 9.97804E-05 0.0234391 9.97804E-05 9.97804E-05 9.97804E-05 9.97804E-05 9.97804E-05 9.97804E-05 0.611768 9.97804E-05 9.97804E-05 9.97804E-05 9.97804E-05 9.97804E-05 9.97804E-05 9.97804E-05 9.97804E-05 9.97804E-05 9.97804E-05 9.97804E-05 9.97804E-05 9.97804E-05 0.116789 9.97804E-05
9.98507E-05 0.00470122 0.023392 0.0761 9.98507E-05 9.98507E-05 9.98507E-05 9.98507E-05 9.98507E-05 9.98507E-05 9.98507E-05 0.0400641 0.0236988 0.5639 0.0619389 9.98507E-05 0.0722432 9.98507E-05 0.0299396 9.98507E-05 9.98507E-05 9.98507E-05 9.98507E-05 9.98507E-05 0.0123268 9.98507E-05 0.0551593 0.0348382 9.98507E-05
9.97979E-05 9.97979E-05 9.97979E-05 9.97979E-05 9.97979E-05 9.97979E-05 0.0857383 9.97979E-05 0.101171 9.97979E-05 9.97979E-05 9.97979E-05 9.97979E-05 0.649144 0.0527196 9.97979E-05 9.97979E-05 9.97979E-05 9.97979E-05 9.97979E-05 9.97979E-05 9.97979E-05 9.97979E-05 9.97979E-05 0.0837755 9.97979E-05 9.97979E-05 0.0251564 9.97979E-05
9.97893E-05 9.97893E-05 0.176617 0.199548 9.97893E-05 9.97893E-05 9.97893E-05 9.97893E-05 0.028113 9.97893E-05 9.97893E-05 9.97893E-05 9.97893E-05 0.518192 9.97893E-05 9.97893E-05 9.97893E-05 9.97893E-05 0.0751354 9.97893E-05 9.97893E-05 9.97893E-05 9.97893E-05 9.97893E-05 9.97893E-05 9.97893E-05 9.97893E-05 9.97893E-05 9.97893E-05
9.97726E-05 9.97726E-05 9.97726E-05 9.97726E-05 9.97726E-05 9.97726E-05 9.97726E-05 9.97726E-05 9.97726E-05 9.97726E-05 9.97726E-05 0.0431062 9.97726E-05 0.888766 9.97726E-05 9.97726E-05 9.97726E-05 9.97726E-05 9.97726E-05 9.97726E-05 0.0655334 9.97726E-05 9.97726E-05 9.97726E-05 9.97726E-05 9.97726E-05 9.97726E-05 9.97726E-05 9.97726E-05
9.97899E-05 9.97899E-05 0.0478462 9.97899E-05 0.0383536 9.97899E-05 9.97899E-05 9.97899E-05 9.97899E-05 9.97899E-05 9.97899E-05 9.97899E-05 9.97899E-05 0.891748 9.97899E-05 9.97899E-05 9.97899E-05 9.97899E-05 9.97899E-05 0.0160324 9.97899E-05 9.97899E-05 9.97899E-05 9.97899E-05 9.97899E-05 9.97899E-05 9.97899E-05 0.00362444 9.97899E-05
0.00212479 9.97804E-05 9.97804E-05 9.97804E-05 9.97804E-05 9.97804E-05 9.97804E-05 9.97804E-05 9.97804E-05 9.97804E-05 9.97804E-05 9.97804E-05 9.97804E-05 0.798905 9.97804E-05 9.97804E-05 9.97804E-05 9.97804E-05 9.97804E-05 9.97804E-05 9.97804E-05 9.97804E-05 0.125565 0.0709108 9.97804E-05 9.97804E-05 9.97804E-05 9.97804E-05 9.97804E-05
9.97982E-05 9.97982E-05 9.97982E-05 0.0379131 9.97982E-05 9.97982E-05 9.97982E-05 9.97982E-05 9.97982E-05 9.97982E-05 9.97982E-05 9.97982E-05 9.97982E-05 0.706116 0.0657711 9.97982E-05 9.97982E-05 9.97982E-05 9.97982E-05 9.97982E-05 9.97982E-05 9.97982E-05 0.0495352 9.97982E-05 9.97982E-05 9.97982E-05 0.0583247 0.0800444 9.97982E-05
9.97633E-05 9.97633E-05 9.97633E-05 9.97633E-05 9.97633E-05 9.97633E-05 9.97633E-05 9.97633E-05 9.97633E-05 9.97633E-05 0.0397887 9.97633E-05 9.97633E-05 0.957518 9.97633E-05 9.97633E-05 9.97633E-05 9.97633E-05 9.97633E-05 9.97633E-05 9.97633E-05 9.97633E-05 9.97633E-05 9.97633E-05 9.97633E-05 9.97633E-05 9.97633E-05 9.97633E-05 9.97633E-05
9.97804E-05 9.97804E-05 0.077481 9.97804E-05 9.97804E-05 0.21893 9.97804E-05 9.97804E-05 9.97804E-05 9.97804E-05 9.97804E-05 9.97804E-05 9.97804E-05 0.60005 9.97804E-05 9.97804E-05 9.97804E-05 9.97804E-05 9.97804E-05 9.97804E-05 0.101045 9.97804E-05 9.97804E-05 9.97804E-05 9.97804E-05 9.97804E-05 9.97804E-05 9.97804E-05 9.97804E-05
9.97724E-05 9.97724E-05 9.97724E-05 9.97724E-05 0.382607 9.97724E-05 9.97724E-05 9.97724E-05 9.97724E-05 9.97724E-05 9.97724E-05 0.00461547 9.97724E-05 0.610183 9.97724E-05 9.97724E-05 9.97724E-05 9.97724E-05 9.97724E-05 9.97724E-05 9.97724E-05 9.97724E-05 9.97724E-05 9.97724E-05 9.97724E-05 9.97724E-05 9.97724E-05 9.97724E-05 9.97724E-05
9.98243E-05 9.98243E-05 0.0346593 0.189584 0.000545023 9.98243E-05 9.98243E-05 9.98243E-05 9.98243E-05 9.98243E-05 0.00681805 9.98243E-05 9.98243E-05 0.698274 9.98243E-05 9.98243E-05 0.0293095 9.98243E-05 0.0337343 9.98243E-05 0.00209573 9.98243E-05 0.00298334 9.98243E-05 9.98243E-05 9.98243E-05 9.98243E-05 9.98243E-05 9.98243E-05
9.97809E-05 9.97809E-05 9.97809E-05 9.97809E-05 9.97809E-05 9.97809E-05 9.97809E-05 9.97809E-05 9.97809E-05 0.0759651 9.97809E-05 9.97809E-05 9.97809E-05 0.820506 9.97809E-05 9.97809E-05 9.97809E-05 9.97809E-05 0.0372311 9.97809E-05 9.97809E-05 9.97809E-05 9.97809E-05 9.97809E-05 9.97809E-05 0.0638035 9.97809E-05 9.97809E-05 9.97809E-05
9.97808E-05 9.97808E-05 9.97808E-05 9.97808E-05 9.97808E-05 9.97808E-05 0.00452532 9.97808E-05 9.97808E-05 9.97808E-05 9.97808E-05 9.97808E-05 9.97808E-05 0.735005 9.97808E-05 9.97808E-05 9.97808E-05 9.97808E-05 9.97808E-05 9.97808E-05 9.97808E-05 9.97808E-05 0.177267 0.0807083 9.97808E-05 9.97808E-05 9.97808E-05 9.97808E-05 9.97808E-05
9.97805E-05 9.97805E-05 0.0622078 9.97805E-05 9.97805E-05 9.97805E-05 9.97805E-05 9.97805E-05 9.97805E-05 9.97805E-05 9.97805E-05 9.97805E-05 9.97805E-05 0.733558 0.182611 9.97805E-05 9.97805E-05 9.97805E-05 9.97805E-05 9.97805E-05 9.97805E-05 9.97805E-05 9.97805E-05 9.97805E-05 9.97805E-05 9.97805E-05 9.97805E-05 0.0191283 9.97805E-05
9.97898E-05 9.97898E-05 0.0140759 9.97898E-05 0.352629 9.97898E-05 0.0163873 9.97898E-05 9.97898E-05 9.97898E-05 9.97898E-05 9.97898E-05 0.047596 0.566917 9.97898E-05 9.97898E-05 9.97898E-05 9.97898E-05 9.97898E-05 9.97898E-05 9.97898E-05 9.97898E-05 9.97898E-05 9.97898E-05 9.97898E-05 9.97898E-05 9.97898E-05 9.97898E-05 9.97898E-05
9.97548E-05 9.97548E-05 9.97548E-05 9.97548E-05 9.97548E-05 9.97548E-05 9.97548E-05 9.97548E-05 9.97548E-05 9.97548E-05 9.97548E-05 9.97548E-05 9.97548E-05 0.997207 9.97548E-05 9.97548E-05 9.97548E-05 9.97548E-05 9.97548E-05 9.97548E-05 9.97548E-05 9.97548E-05 9.97548E-05 9.97548E-05 9.97548E-05 9.97548E-05 9.97548E-05 9.97548E-05 9.97548E-05
9.97538E-05 9.97538E-05 9.97538E-05 9.97538E-05 0.997207 9.97538E-05 9.97538E-05 9.97538E-05 9.97538E-05 9.97538E-05 9.97538E-05 9.97538E-05 9.97538E-05 9.97538E-05 9.97538E-05 9.97538E-05 9.97538E-05 9.97538E-05 9.97538E-05 9.97538E-05 9.97538E-05 9.97538E-05 9.97538E-05 9.97538E-05 9.97538E-05 9.97538E-05 9.97538E-05 9.97538E-05 9.97538E-05
9.97722E-05 9.97722E-05 9.97722E-05 9.97722E-05 9.97722E-05 9.97722E-05 9.97722E-05 0.0524138 9.97722E-05 9.97722E-05 0.0368145 9.97722E-05 9.97722E-05 0.908178 9.97722E-05 9.97722E-05 9.97722E-05 9.97722E-05 9.97722E-05 9.97722E-05 9.97722E-05 9.97722E-05 9.97722E-05 9.97722E-05 9.97722E-05 9.97722E-05 9.97722E-05 9.97722E-05 9.97722E-05
9.97984E-05 9.97984E-05 0.10678 9.97984E-05 0.0455456 9.97984E-05 0.000937929 9.97984E-05 9.97984E-05 9.97984E-05 9.97984E-05 9.97984E-05 9.97984E-05 0.425982 9.97984E-05 9.97984E-05 9.97984E-05 9.97984E-05 9.97984E-05 9.97984E-05 0.0552936 9.97984E-05 9.97984E-05 9.97984E-05 9.97984E-05 0.363165 9.97984E-05 9.97984E-05 9.97984E-05
0.0250015 9.97808E-05 0.0980582 9.97808E-05 9.97808E-05 9.97808E-05 0.116106 9.97808E-05 9.97808E-05 0.75834 9.97808E-05 9.97808E-05 9.97808E-05 9.97808E-05 9.97808E-05 9.97808E-05 9.97808E-05 9.97808E-05 9.97808E-05 9.97808E-05 9.97808E-05 9.97808E-05 9.97808E-05 9.97808E-05 9.97808E-05 9.97808E-05 9.97808E-05 9.97808E-05 9.97808E-05
0.212918 9.9772E-05 9.9772E-05 9.9772E-05 9.9772E-05 9.9772E-05 0.00247394 9.9772E-05 9.9772E-05 9.9772E-05 9.9772E-05 9.9772E-05 9.9772E-05 9.9772E-05 9.9772E-05 9.9772E-05 9.9772E-05 9.9772E-05 9.9772E-05 9.9772E-05 9.9772E-05 9.9772E-05 9.9772E-05 9.9772E-05 9.9772E-05 0.782014 9.9772E-05 9.9772E-05 9.9772E-05
0.650684 9.97805E-05 0.0415366 9.97805E-05 9.97805E-05 9.97805E-05 9.97805E-05 9.97805E-05 9.97805E-05 0.27583 9.97805E-05 0.0294551 9.97805E-05 9.97805E-05 9.97805E-05 9.97805E-05 9.97805E-05 9.97805E-05 9.97805E-05 9.97805E-05 9.97805E-05 9.97805E-05 9.97805E-05 9.97805E-05 9.97805E-05 9.97805E-05 9.97805E-05 9.97805E-05 9.97805E-05
0.190013 9.98155E-05 0.0958614 9.98155E-05 9.98155E-05 9.98155E-05 0.0572256 9.98155E-05 0.0151572 0.482418 0.122887 0.000416679 9.98155E-05 9.98155E-05 9.98155E-05 9.98155E-05 9.98155E-05 9.98155E-05 9.98155E-05 9.98155E-05 9.98155E-05 9.98155E-05 9.98155E-05 9.98155E-05 9.98155E-05 9.98155E-05 9.98155E-05 0.0339252 9.98155E-05
0.0399596 9.97806E-05 9.97806E-05 9.97806E-05 9.97806E-05 9.97806E-05 0.0538785 9.97806E-05 9.97806E-05 0.869364 9.97806E-05 9.97806E-05 9.97806E-05 9.97806E-05 9.97806E-05 9.97806E-05 9.97806E-05 9.97806E-05 9.97806E-05 9.97806E-05 9.97806E-05 9.97806E-05 9.97806E-05 9.97806E-05 9.97806E-05 9.97806E-05 9.97806E-05 9.97806E-05 0.0343032
9.97895E-05 9.97895E-05 0.182481 9.97895E-05 9.97895E-05 9.97895E-05 0.0841985 9.97895E-05 9.97895E-05 0.632389 9.97895E-05 9.97895E-05 9.97895E-05 9.97895E-05 9.97895E-05 9.97895E-05 9.97895E-05 9.97895E-05 9.97895E-05 9.97895E-05 9.97895E-05 9.97895E-05 9.97895E-05 9.97895E-05 9.97895E-05 0.052903 0.0456332 9.97895E-05 9.97895E-05
0.903047 9.97981E-05 0.0157566 9.97981E-05 9.97981E-05 9.97981E-05 0.0269879 9.97981E-05 9.97981E-05 9.97981E-05 0.0194014 0.0196116 9.97981E-05 9.97981E-05 0.0129005 9.97981E-05 9.97981E-05 9.97981E-05 9.97981E-05 9.97981E-05 9.97981E-05 9.97981E-05 9.97981E-05 9.97981E-05 9.97981E-05 9.97981E-05 9.97981E-05 9.97981E-05 9.97981E-05
0.678322 0.0274606 9.97894E-05 9.97894E-05 9.97894E-05 9.97894E-05 0.125751 9.97894E-05 9.97894E-05 0.159367 9.97894E-05 9.97894E-05 0.00670394 9.97894E-05 9.97894E-05 9.97894E-05 9.97894E-05 9.97894E-05 9.97894E-05 9.97894E-05 9.97894E-05 9.97894E-05 9.97894E-05 9.97894E-05 9.97894E-05 9.97894E-05 9.97894E-05 9.97894E-05 9.97894E-05
0.492037 9.97892E-05 0.0290686 9.97892E-05 9.97892E-05 9.97892E-05 0.282606 9.97892E-05 9.97892E-05 0.012485 9.97892E-05 9.97892E-05 9.97892E-05 9.97892E-05 9.97892E-05 9.97892E-05 9.97892E-05 9.97892E-05 0.181408 9.97892E-05 9.97892E-05 9.97892E-05 9.97892E-05 9.97892E-05 9.97892E-05 9.97892E-05 9.97892E-05 9.97892E-05 9.97892E-05
0.465667 9.97981E-05 0.206536 9.97981E-05 9.97981E-05 9.97981E-05 0.19012 9.97981E-05 0.0100814 0.107451 9.97981E-05 9.97981E-05 9.97981E-05 9.97981E-05 9.97981E-05 9.97981E-05 0.0178484 9.97981E-05 9.97981E-05 9.97981E-05 9.97981E-05 9.97981E-05 9.97981E-05 9.97981E-05 9.97981E-05 9.97981E-05 9.97981E-05 9.97981E-05 9.97981E-05
0.132171 9.98247E-05 0.0296188 9.98247E-05 9.98247E-05 9.98247E-05 0.00667978 9.98247E-05 9.98247E-05 0.21394 9.98247E-05 9.98247E-05 0.00379716 9.98247E-05 9.98247E-05 9.98247E-05 9.98247E-05 0.0220531 0.198541 0.333522 9.98247E-05 9.98247E-05 9.98247E-05 9.98247E-05 9.98247E-05 9.98247E-05 9.98247E-05 0.0576797 9.98247E-05
0.0542169 9.97983E-05 0.0276931 9.97983E-05 9.97983E-05 9.97983E-05 9.97983E-05 9.97983E-05 9.97983E-05 0.613207 9.97983E-05 9.97983E-05 9.97983E-05 9.97983E-05 9.97983E-05 9.97983E-05 9.97983E-05 0.0560164 0.105455 0.141117 9.97983E-05 9.97983E-05 9.97983E-05 9.97983E-05 9.97983E-05 9.97983E-05 9.97983E-05 9.97983E-05 9.97983E-05
0.807753 9.97808E-05 9.97808E-05 9.97808E-05 9.97808E-05 9.97808E-05 0.0353455 9.97808E-05 9.97808E-05 0.10693 9.97808E-05 9.97808E-05 9.97808E-05 9.97808E-05 9.97808E-05 9.97808E-05 9.97808E-05 9.97808E-05 9.97808E-05 9.97808E-05 9.97808E-05 9.97808E-05 9.97808E-05 9.97808E-05 9.97808E-05 0.0474775 9.97808E-05 9.97808E-05 9.97808E-05
0.0267913 9.97898E-05 0.154232 9.97898E-05 9.97898E-05 9.97898E-05 0.0765371 9.97898E-05 9.97898E-05 0.634841 9.97898E-05 9.97898E-05 9.97898E-05 9.97898E-05 9.97898E-05 9.97898E-05 9.97898E-05 9.97898E-05 9.97898E-05 0.105203 9.97898E-05 9.97898E-05 9.97898E-05 9.97898E-05 9.97898E-05 9.97898E-05 9.97898E-05 9.97898E-05 9.97898E-05
0.251377 9.98159E-05 9.98159E-05 9.98159E-05 9.98159E-05 9.98159E-05 0.0596174 9.98159E-05 9.98159E-05 0.350293 0.19831 9.98159E-05 9.98159E-05 9.98159E-05 9.98159E-05 9.98159E-05 9.98159E-05 9.98159E-05 0.00923808 0.0635501 9.98159E-05 9.98159E-05 9.98159E-05 9.98159E-05 0.0166621 0.048856 9.98159E-05 9.98159E-05 9.98159E-05
0.277197 9.98071E-05 0.0632233 9.98071E-05 9.98071E-05 0.0350385 9.98071E-05 9.98071E-05 9.98071E-05 0.342002 9.98071E-05 9.98071E-05 9.98071E-05 9.98071E-05 9.98071E-05 9.98071E-05 9.98071E-05 9.98071E-05 0.0705962 9.98071E-05 0.120281 9.98071E-05 9.98071E-05 9.98071E-05 9.98071E-05 9.98071E-05 0.0894661 9.98071E-05 9.98071E-05
0.210171 9.98071E-05 0.0914385 9.98071E-05 9.98071E-05 9.98071E-05 0.0516306 9.98071E-05 9.98071E-05 0.384781 9.98071E-05 9.98071E-05 0.0171162 9.98071E-05 9.98071E-05 9.98071E-05 9.98071E-05 9.98071E-05 0.208715 0.0339517 9.98071E-05 9.98071E-05 9.98071E-05 9.98071E-05 9.98071E-05 9.98071E-05 9.98071E-05 9.98071E-05 9.98071E-05
0.218129 9.9816E-05 9.9816E-05 0.0495547 9.9816E-05 9.9816E-05 0.101705 9.9816E-05 9.9816E-05 0.491186 9.9816E-05 0.0568593 9.9816E-05 9.9816E-05 9.9816E-05 9.9816E-05 9.9816E-05 0.0445625 9.9816E-05 0.0221981 9.9816E-05 0.0137091 9.9816E-05 9.9816E-05 9.9816E-05 9.9816E-05 9.9816E-05 9.9816E-05 9.9816E-05
0.20922 9.97808E-05 9.97808E-05 9.97808E-05 9.97808E-05 9.97808E-05 9.97808E-05 9.97808E-05 9.97808E-05 0.722538 9.97808E-05 9.97808E-05 9.97808E-05 9.97808E-05 9.97808E-05 9.97808E-05 9.97808E-05 9.97808E-05 9.97808E-05 0.0534998 9.97808E-05 9.97808E-05 9.97808E-05 9.97808E-05 9.97808E-05 9.97808E-05 9.97808E-05 0.0122475 9.97808E-05
0.0580844 9.9816E-05 0.103807 9.9816E-05 9.9816E-05 9.9816E-05 0.1115 9.9816E-05 9.9816E-05 0.423187 9.9816E-05 9.9816E-05 0.0246135 9.9816E-05 9.9816E-05 9.9816E-05 9.9816E-05 9.9816E-05 9.9816E-05 0.184327 0.0265469 9.9816E-05 9.9816E-05 9.9816E-05 9.9816E-05 9.9816E-05 9.9816E-05 0.0658382 9.9816E-05
9.9781E-05 9.9781E-05 0.0423889 9.9781E-05 9.9781E-05 9.9781E-05 9.9781E-05 9.9781E-05 9.9781E-05 0.795584 9.9781E-05 9.9781E-05 9.9781E-05 9.9781E-05 9.9781E-05 9.9781E-05 9.9781E-05 9.9781E-05 0.117744 9.9781E-05 9.9781E-05 9.9781E-05 9.9781E-05 9.9781E-05 9.9781E-05 9.9781E-05 0.0417882 9.9781E-05 9.9781E-05
9.97983E-05 9.97983E-05 0.0219652 9.97983E-05 9.97983E-05 9.97983E-05 0.0443824 9.97983E-05 9.97983E-05 0.903052 9.97983E-05 9.97983E-05 9.97983E-05 9.97983E-05 0.0151651 9.97983E-05 9.97983E-05 9.97983E-05 9.97983E-05 0.0037941 9.97983E-05 9.97983E-05 9.97983E-05 9.97983E-05 9.97983E-05 9.97983E-05 9.97983E-05 0.00934612 9.97983E-05
9.98071E-05 0.0317568 0.244948 9.98071E-05 9.98071E-05 9.98071E-05 0.205958 9.98071E-05 9.98071E-05 0.397889 9.98071E-05 9.98071E-05 0.00244255 9.98071E-05 9.98071E-05 9.98071E-05 9.98071E-05 9.98071E-05 0.0768768 9.98071E-05 9.98071E-05 9.98071E-05 9.98071E-05 9.98071E-05 9.98071E-05 9.98071E-05 9.98071E-05 9.98071E-05 0.0379324
0.0675039 9.97984E-05 0.0391251 9.97984E-05 9.97984E-05 9.97984E-05 0.170322 9.97984E-05 9.97984E-05 0.407543 9.97984E-05 0.0772123 9.97984E-05 9.97984E-05 9.97984E-05 9.97984E-05 9.97984E-05 9.97984E-05 9.97984E-05 9.97984E-05 9.97984E-05 9.97984E-05 9.97984E-05 9.97984E-05 9.97984E-05 0.235998 9.97984E-05 9.97984E-05 9.97984E-05
9.97894E-05 9.97894E-05 0.211036 9.97894E-05 9.97894E-05 9.97894E-05 0.208621 9.97894E-05 9.97894E-05 0.442937 9.97894E-05 9.97894E-05 0.049738 9.97894E-05 9.97894E-05 9.97894E-05 9.97894E-05 9.97894E-05 0.0852726 9.97894E-05 9.97894E-05 9.97894E-05 9.97894E-05 9.97894E-05 9.97894E-05 9.97894E-05 9.97894E-05 9.97894E-05 9.97894E-05
0.584921 9.98247E-05 0.0520666 9.98247E-05 9.98247E-05 0.00633173 0.11539 9.98247E-05 9.98247E-05 9.98247E-05 9.98247E-05 9.98247E-05 9.98247E-05 0.00490196 0.0018496 9.98247E-05 9.98247E-05 9.98247E-05 0.106961 0.117367 9.98247E-05 9.98247E-05 9.98247E-05 9.98247E-05 9.98247E-05 0.00821514 9.98247E-05 9.98247E-05 9.98247E-05
9.97984E-05 9.97984E-05 9.97984E-05 9.97984E-05 9.97984E-05 9.97984E-05 9.97984E-05 9.97984E-05 9.97984E-05 0.233811 9.97984E-05 0.00675031 9.97984E-05 9.97984E-05 9.97984E-05 9.97984E-05 0.0205184 9.97984E-05 9.97984E-05 0.281666 9.97984E-05 9.97984E-05 9.97984E-05 9.97984E-05 9.97984E-05 0.348828 9.97984E-05 9.97984E-05 0.106131
0.315987 9.97892E-05 0.151704 9.97892E-05 9.97892E-05 9.97892E-05 9.97892E-05 9.97892E-05 0.0242775 0.498224 9.97892E-05 9.97892E-05 9.97892E-05 9.97892E-05 9.97892E-05 9.97892E-05 9.97892E-05 9.97892E-05 9.97892E-05 9.97892E-05 9.97892E-05 9.97892E-05 0.00741301 9.97892E-05 9.97892E-05 9.97892E-05 9.97892E-05 9.97892E-05 9.97892E-05
0.375016 9.97896E-05 0.1387 9.97896E-05 9.97896E-05 9.97896E-05 0.181969 9.97896E-05 9.97896E-05 0.204353 9.97896E-05 9.97896E-05 9.97896E-05 9.97896E-05 9.97896E-05 9.97896E-05 9.97896E-05 9.97896E-05 0.0975672 9.97896E-05 9.97896E-05 9.97896E-05 9.97896E-05 9.97896E-05 9.97896E-05 9.97896E-05 9.97896E-05 9.97896E-05 9.97896E-05
0.0528142 9.97984E-05 0.0787035 9.97984E-05 9.97984E-05 9.97984E-05 9.97984E-05 9.97984E-05 9.97984E-05 0.514073 9.97984E-05 0.0829083 0.0487784 9.97984E-05 9.97984E-05 9.97984E-05 9.97984E-05 9.97984E-05 9.97984E-05 9.97984E-05 9.97984E-05 9.97984E-05 9.97984E-05 9.97984E-05 9.97984E-05 0.220427 9.97984E-05 9.97984E-05 9.97984E-05
0.85646 9.97721E-05 0.109418 9.97721E-05 9.97721E-05 9.97721E-05 9.97721E-05 9.97721E-05 9.97721E-05 9.97721E-05 9.97721E-05 9.97721E-05 9.97721E-05 9.97721E-05 9.97721E-05 9.97721E-05 9.97721E-05 9.97721E-05 9.97721E-05 9.97721E-05 9.97721E-05 9.97721E-05 9.97721E-05 9.97721E-05 0.0315275 9.97721E-05 9.97721E-05 9.97721E-05 9.97721E-05
