0.716842 0.0990521 0.0064942 9.99825E-05 0.177412 9.99825E-05
0.541383 0.0855166 0.0355049 0.0272997 0.102825 0.20747
0.368149 0.245966 9.99825E-05 9.99825E-05 0.00696761 0.378718
0.256286 0.423731 9.99912E-05 0.071261 0.089493 0.159129
0.418649 0.242647 0.090101 9.99825E-05 9.99825E-05 0.248403
0.476856 0.3012 0.0539473 9.99825E-05 9.99825E-05 0.167797
0.365069 0.557325 9.99737E-05 9.99737E-05 0.0773065 9.99737E-05
0.388732 0.478892 0.0277889 9.99912E-05 0.0529526 0.0515343
0.744993 0.109754 9.99825E-05 0.142536 0.00251664 9.99825E-05
0.545129 0.125828 0.105721 9.99826E-05 9.99826E-05 0.223122
0.713624 9.99825E-05 0.0085974 0.0612562 0.216322 9.99825E-05
0.336608 0.293849 0.00160205 9.99913E-05 0.0948568 0.272985
0.506094 0.235668 9.99738E-05 9.99738E-05 9.99738E-05 0.257939
0.402165 0.0975012 9.99825E-05 9.99825E-05 0.107767 0.392367
0.619119 0.106581 9.99825E-05 0.0174418 9.99825E-05 0.256658
0.453856 0.364342 0.0677196 9.99912E-05 0.0533011 0.060681
0.375771 0.29126 0.00724286 0.00609138 0.11341 0.206225
0.602671 0.0170452 0.22415 0.154183 9.99912E-05 0.00185049
0.680863 0.136289 0.107552 0.0750964 9.99825E-05 9.99825E-05
0.5258 0.167539 9.99913E-05 0.0688913 0.00740315 0.230266
0.42288 0.342909 9.99825E-05 9.99825E-05 0.158807 0.0752053
0.443177 0.463077 0.00290382 9.99912E-05 0.0621248 0.0286179
0.55188 9.99913E-05 0.0630459 0.025579 0.0659896 0.293406
0.582852 0.337619 0.0792295 9.99737E-05 9.99737E-05 9.99737E-05
0.342119 0.115963 9.99912E-05 0.182242 0.0255354 0.334041
0.367735 0.298023 9.99825E-05 9.99825E-05 0.00460963 0.329433
0.314126 0.114766 0.199278 9.99912E-05 0.0204017 0.351328
0.263401 0.285349 9.99738E-05 9.99738E-05 9.99738E-05 0.450949
0.481159 0.0617477 9.99913E-05 0.102796 0.057986 0.296212
0.405989 0.11337 9.99825E-05 9.99825E-05 0.0286625 0.451779
0.625068 0.155493 0.0406973 0.00232614 0.176316 9.99913E-05
0.305381 0.26671 9.99825E-05 9.99825E-05 0.0790363 0.348672
0.423781 0.155187 9.99825E-05 9.99825E-05 0.119177 0.301655
0.169516 0.194927 0.110511 9.99912E-05 0.00841904 0.516527
0.592316 9.99913E-05 0.0343349 0.107216 0.114024 0.152009
0.624542 0.255785 9.99913E-05 0.0155868 0.0702555 0.0337312
0.497705 0.427604 9.99738E-05 9.99738E-05 0.0743909 9.99738E-05
0.653887 9.99738E-05 9.99738E-05 0.160241 9.99738E-05 0.185571
0.407845 0.208977 9.99825E-05 9.99825E-05 0.0484907 0.334487
0.179177 0.347851 9.99825E-05 9.99825E-05 0.024709 0.448063
0.423008 0.438805 9.99825E-05 9.99825E-05 0.065718 0.0722697
0.682602 0.133387 0.0172055 0.0157792 0.0482459 0.10278
0.245551 0.290537 9.99738E-05 9.99738E-05 9.99738E-05 0.463613
0.768575 0.0997039 0.030041 9.99825E-05 0.101481 9.99825E-05
0.478517 0.413126 9.99825E-05 0.0564707 0.051686 9.99825E-05
0.468468 0.312535 9.99913E-05 0.0360275 0.035926 0.146943
0.561554 0.0756042 0.0752953 9.99913E-05 0.0820064 0.20544
0.425316 0.249327 9.99826E-05 9.99826E-05 0.0512592 0.273898
0.429333 0.281843 9.99825E-05 9.99825E-05 0.0895363 0.199088
0.419891 0.242884 0.121967 9.99913E-05 0.0594553 0.155702
0.425807 0.187544 9.99912E-05 0.00765433 0.12551 0.253384
0.239638 0.522851 9.99825E-05 0.0158166 9.99825E-05 0.221495
0.463379 0.0700781 0.148257 9.99825E-05 9.99825E-05 0.318086
0.231173 0.363903 0.0897005 0.128851 9.99913E-05 0.186272
0.448894 0.30867 9.99825E-05 0.0225966 9.99825E-05 0.21964
0.0939959 0.248401 9.99913E-05 0.0331866 0.0651602 0.559156
0.421258 0.32597 0.0827701 9.99913E-05 0.0237435 0.146158
0.370499 0.0978025 0.0324258 0.0586618 0.144494 0.296116
0.610453 0.276597 9.99825E-05 9.99825E-05 0.0525137 0.0602369
0.730366 9.99825E-05 0.135396 9.99825E-05 0.0559115 0.0781262
0.615998 0.383602 9.9965E-05 9.9965E-05 9.9965E-05 9.9965E-05
0.598297 0.00232515 0.325681 9.99912E-05 0.0170655 0.056532
0.666346 9.99737E-05 0.132792 9.99737E-05 9.99737E-05 0.200562
0.591344 0.24392 0.110466 0.0422635 0.0119065 9.99912E-05
0.790426 9.99824E-05 0.0969626 9.99824E-05 0.0312406 0.0811704
0.763025 0.0440829 0.0729419 0.013161 0.106689 9.99912E-05
0.701331 9.99912E-05 0.184262 0.048988 0.0201779 0.0451406
0.647078 9.99738E-05 0.170903 9.99738E-05 9.99738E-05 0.181719
0.640724 0.174336 0.00663236 9.99912E-05 0.0819881 0.0962192
0.704543 9.99736E-05 0.0865913 9.99736E-05 0.208566 9.99736E-05
0.560915 0.283573 0.0563121 9.99824E-05 0.0989997 9.99824E-05
0.527538 0.276092 0.0121819 9.99912E-05 0.158197 0.0258908
0.764719 0.234881 9.99649E-05 9.99649E-05 9.99649E-05 9.99649E-05
0.438697 0.196414 0.0459256 9.99913E-05 0.0447493 0.274115
0.710578 0.0320517 0.0580169 9.99912E-05 0.0858456 0.113408
0.555076 0.253762 0.190863 9.99737E-05 9.99737E-05 9.99737E-05
0.545982 0.150116 0.0800807 9.99825E-05 0.223622 9.99825E-05
0.657098 0.0248787 0.175444 9.99825E-05 0.14238 9.99825E-05
0.620984 0.134014 0.128312 0.0721657 0.0444239 9.99912E-05
0.579041 0.137201 0.0475169 9.99913E-05 0.0455224 0.190619
0.642538 0.176689 0.0677283 9.99825E-05 9.99825E-05 0.112844
0.472646 0.017967 0.0558097 9.99825E-05 9.99825E-05 0.453377
0.49309 0.306753 0.0784964 0.0180614 9.99912E-05 0.103498
0.505944 0.0970079 0.0555385 9.99912E-05 0.260035 0.0813751
0.742806 0.0461415 9.99913E-05 0.0355098 0.0140882 0.161354
0.548134 0.105524 0.180516 9.99825E-05 9.99825E-05 0.165627
0.766019 0.138983 0.0691554 9.99825E-05 9.99825E-05 0.0256425
0.654279 9.99737E-05 0.336759 9.99737E-05 0.00866167 9.99737E-05
0.658244 0.00521669 9.99825E-05 0.0410715 9.99825E-05 0.295268
0.0984545 9.99648E-05 9.99648E-05 9.99648E-05 9.99648E-05 0.901146
9.996E-05 9.996E-05 9.996E-05 9.996E-05 9.996E-05 0.9995
0.00373837 9.99824E-05 0.0267966 9.99824E-05 0.0414063 0.927859
0.209279 9.99824E-05 0.0616213 9.99824E-05 0.0534013 0.675498
0.0184222 0.00597715 0.0431607 0.078074 0.0011389 0.853227
0.379776 9.99736E-05 0.0213775 9.99736E-05 9.99736E-05 0.598547
0.0744947 9.99824E-05 0.0440328 9.99824E-05 0.0477392 0.833533
0.242216 9.99648E-05 9.99648E-05 9.99648E-05 9.99648E-05 0.757384
0.77807 9.99736E-05 9.99736E-05 9.99736E-05 0.00108186 0.220549
0.392977 9.99736E-05 0.0539665 9.99736E-05 9.99736E-05 0.552757
0.161222 9.99649E-05 9.99649E-05 9.99649E-05 9.99649E-05 0.838378
0.0370064 9.99736E-05 9.99736E-05 9.99736E-05 0.034559 0.928135
9.996E-05 9.996E-05 9.996E-05 9.996E-05 9.996E-05 0.9995
0.334387 9.99649E-05 9.99649E-05 9.99649E-05 9.99649E-05 0.665213
9.99824E-05 9.99824E-05 0.110627 0.0293456 0.0626515 0.797176
0.207136 9.99824E-05 9.99824E-05 0.0383838 0.0700385 0.684241
0.152432 9.99824E-05 0.0331709 0.0503502 9.99824E-05 0.763847
9.99737E-05 0.150306 9.99737E-05 9.99737E-05 0.0742853 0.775109
9.99649E-05 9.99649E-05 9.99649E-05 9.99649E-05 0.0593298 0.94027
0.032778 9.99824E-05 9.99824E-05 0.141688 0.0116547 0.81368
0.128029 0.09128 9.99824E-05 0.0122702 9.99824E-05 0.768221
9.99648E-05 9.99648E-05 0.117731 9.99648E-05 9.99648E-05 0.881869
0.516382 9.99736E-05 9.99736E-05 0.101376 9.99736E-05 0.381942
0.0335596 9.99649E-05 9.99649E-05 9.99649E-05 9.99649E-05 0.966041
0.619346 9.99736E-05 9.99736E-05 0.127044 9.99736E-05 0.253311
0.347602 9.99737E-05 0.00658814 9.99737E-05 9.99737E-05 0.64551
9.99649E-05 9.99649E-05 9.99649E-05 0.0492281 9.99649E-05 0.950372
0.0473039 0.0758924 9.99824E-05 0.0294015 9.99824E-05 0.847202
0.446216 9.99648E-05 9.99648E-05 9.99648E-05 9.99648E-05 0.553384
9.99737E-05 9.99737E-05 9.99737E-05 0.108711 0.0720535 0.818936
0.218064 9.99736E-05 9.99736E-05 9.99736E-05 0.0597933 0.721842
9.99736E-05 9.99736E-05 9.99736E-05 0.0534513 0.00773388 0.938515
0.332773 9.99824E-05 9.99824E-05 0.27438 0.0445454 0.348101
0.226635 9.99736E-05 9.99736E-05 0.0799547 9.99736E-05 0.693111
9.996E-05 9.996E-05 9.996E-05 9.996E-05 9.996E-05 0.9995
9.99824E-05 0.0250607 9.99824E-05 0.00898681 0.0677092 0.898043
0.23971 9.99824E-05 0.0535254 9.99824E-05 0.0327909 0.673773
9.996E-05 9.996E-05 9.996E-05 9.996E-05 9.996E-05 0.9995
9.99649E-05 9.99649E-05 9.99649E-05 0.0327335 9.99649E-05 0.966867
9.996E-05 9.996E-05 9.996E-05 9.996E-05 9.996E-05 0.9995
9.996E-05 9.996E-05 9.996E-05 9.996E-05 9.996E-05 0.9995
0.440777 9.99824E-05 9.99824E-05 0.00599948 0.0238678 0.529156
0.145327 9.99736E-05 0.0552273 9.99736E-05 9.99736E-05 0.799146
0.0358885 9.99649E-05 9.99649E-05 9.99649E-05 9.99649E-05 0.963712
9.996E-05 9.996E-05 9.996E-05 9.996E-05 9.996E-05 0.9995
0.4842 9.99912E-05 0.00886241 0.138975 0.0195477 0.348315
0.268531 9.99737E-05 0.0865432 9.99737E-05 9.99737E-05 0.644626
0.140472 0.0487788 0.0886252 0.0190668 9.99912E-05 0.702958
0.435794 9.99912E-05 0.0580882 0.0682813 0.0249407 0.412796
9.996E-05 9.996E-05 9.996E-05 9.996E-05 9.996E-05 0.9995
0.038973 0.216342 9.99912E-05 0.0720996 0.0360456 0.63644
0.00188271 9.9965E-05 9.9965E-05 9.9965E-05 9.9965E-05 0.997717
0.0917694 9.99737E-05 9.99737E-05 9.99737E-05 0.0160004 0.89193
9.99648E-05 0.0877545 9.99648E-05 9.99648E-05 9.99648E-05 0.911846
9.99648E-05 9.99648E-05 9.99648E-05 9.99648E-05 0.0890877 0.910512
0.644903 9.99648E-05 9.99648E-05 9.99648E-05 9.99648E-05 0.354697
0.0857792 9.99648E-05 9.99648E-05 9.99648E-05 9.99648E-05 0.913821
0.0416747 0.0167459 9.99912E-05 0.0619234 0.0122786 0.867277
9.99736E-05 9.99736E-05 9.99736E-05 0.207479 0.0121853 0.780036
0.142757 9.99649E-05 9.99649E-05 9.99649E-05 9.99649E-05 0.856843
0.803759 9.99648E-05 9.99648E-05 0.195841 9.99648E-05 9.99648E-05
0.9995 9.996E-05 9.996E-05 9.996E-05 9.996E-05 9.996E-05
0.905556 9.99648E-05 9.99648E-05 0.0940437 9.99648E-05 9.99648E-05
0.9995 9.996E-05 9.996E-05 9.996E-05 9.996E-05 9.996E-05
0.9995 9.996E-05 9.996E-05 9.996E-05 9.996E-05 9.996E-05
0.9995 9.996E-05 9.996E-05 9.996E-05 9.996E-05 9.996E-05
0.920668 9.99648E-05 9.99648E-05 0.0789318 9.99648E-05 9.99648E-05
0.9995 9.996E-05 9.996E-05 9.996E-05 9.996E-05 9.996E-05
0.9995 9.996E-05 9.996E-05 9.996E-05 9.996E-05 9.996E-05
0.902041 9.99648E-05 9.99648E-05 0.0975588 9.99648E-05 9.99648E-05
0.81255 9.99648E-05 9.99648E-05 0.18705 9.99648E-05 9.99648E-05
0.917153 9.99648E-05 9.99648E-05 0.0824475 9.99648E-05 9.99648E-05
0.9995 9.996E-05 9.996E-05 9.996E-05 9.996E-05 9.996E-05
0.9995 9.996E-05 9.996E-05 9.996E-05 9.996E-05 9.996E-05
0.874786 9.99648E-05 9.99648E-05 0.124814 9.99648E-05 9.99648E-05
0.902263 9.99648E-05 9.99648E-05 0.0973374 9.99648E-05 9.99648E-05
0.148599 0.205258 0.023957 0.0939678 9.99912E-05 0.528119
0.874786 9.99648E-05 9.99648E-05 0.124814 9.99648E-05 9.99648E-05
0.9995 9.996E-05 9.996E-05 9.996E-05 9.996E-05 9.996E-05
0.876843 9.99648E-05 9.99648E-05 0.122757 9.99648E-05 9.99648E-05
0.948381 9.99648E-05 9.99648E-05 0.0512191 9.99648E-05 9.99648E-05
0.940253 9.99648E-05 9.99648E-05 0.0593472 9.99648E-05 9.99648E-05
0.9995 9.996E-05 9.996E-05 9.996E-05 9.996E-05 9.996E-05
0.904123 9.99648E-05 9.99648E-05 0.0954776 9.99648E-05 9.99648E-05
0.9995 9.996E-05 9.996E-05 9.996E-05 9.996E-05 9.996E-05
0.924243 9.99648E-05 9.99648E-05 0.0753567 9.99648E-05 9.99648E-05
0.931743 9.99648E-05 9.99648E-05 0.0678568 9.99648E-05 9.99648E-05
0.9995 9.996E-05 9.996E-05 9.996E-05 9.996E-05 9.996E-05
0.9995 9.996E-05 9.996E-05 9.996E-05 9.996E-05 9.996E-05
0.9995 9.996E-05 9.996E-05 9.996E-05 9.996E-05 9.996E-05
0.834205 9.99648E-05 9.99648E-05 0.165395 9.99648E-05 9.99648E-05
0.813176 9.99648E-05 9.99648E-05 0.186425 9.99648E-05 9.99648E-05
0.887145 9.99648E-05 9.99648E-05 0.112455 9.99648E-05 9.99648E-05
0.918077 9.99648E-05 9.99648E-05 0.0815231 9.99648E-05 9.99648E-05
0.942027 9.99648E-05 9.99648E-05 0.0575728 9.99648E-05 9.99648E-05
0.9995 9.996E-05 9.996E-05 9.996E-05 9.996E-05 9.996E-05
0.9995 9.996E-05 9.996E-05 9.996E-05 9.996E-05 9.996E-05
0.9995 9.996E-05 9.996E-05 9.996E-05 9.996E-05 9.996E-05
0.882928 9.99648E-05 9.99648E-05 0.116672 9.99648E-05 9.99648E-05
0.9995 9.996E-05 9.996E-05 9.996E-05 9.996E-05 9.996E-05
0.9995 9.996E-05 9.996E-05 9.996E-05 9.996E-05 9.996E-05
0.9995 9.996E-05 9.996E-05 9.996E-05 9.996E-05 9.996E-05
0.9995 9.996E-05 9.996E-05 9.996E-05 9.996E-05 9.996E-05
0.881751 9.99648E-05 9.99648E-05 0.117849 9.99648E-05 9.99648E-05
0.9995 9.996E-05 9.996E-05 9.996E-05 9.996E-05 9.996E-05
0.9995 9.996E-05 9.996E-05 9.996E-05 9.996E-05 9.996E-05
0.142425 0.206936 9.99824E-05 0.120377 9.99824E-05 0.530062
0.834577 9.99648E-05 9.99648E-05 0.165023 9.99648E-05 9.99648E-05
0.9995 9.996E-05 9.996E-05 9.996E-05 9.996E-05 9.996E-05
0.9995 9.996E-05 9.996E-05 9.996E-05 9.996E-05 9.996E-05
0.9995 9.996E-05 9.996E-05 9.996E-05 9.996E-05 9.996E-05
0.9995 9.996E-05 9.996E-05 9.996E-05 9.996E-05 9.996E-05
0.887668 9.99648E-05 9.99648E-05 0.111932 9.99648E-05 9.99648E-05
0.9995 9.996E-05 9.996E-05 9.996E-05 9.996E-05 9.996E-05
0.929869 9.99648E-05 9.99648E-05 0.0697312 9.99648E-05 9.99648E-05
0.939129 9.99648E-05 9.99648E-05 9.99648E-05 0.0604716 9.99648E-05
0.929385 9.99648E-05 9.99648E-05 0.0702149 9.99648E-05 9.99648E-05
0.9995 9.996E-05 9.996E-05 9.996E-05 9.996E-05 9.996E-05
0.9995 9.996E-05 9.996E-05 9.996E-05 9.996E-05 9.996E-05
0.9995 9.996E-05 9.996E-05 9.996E-05 9.996E-05 9.996E-05
0.9995 9.996E-05 9.996E-05 9.996E-05 9.996E-05 9.996E-05
0.9995 9.996E-05 9.996E-05 9.996E-05 9.996E-05 9.996E-05
0.9995 9.996E-05 9.996E-05 9.996E-05 9.996E-05 9.996E-05
0.882721 9.99648E-05 9.99648E-05 0.116879 9.99648E-05 9.99648E-05
0.867537 9.99648E-05 9.99648E-05 0.132063 9.99648E-05 9.99648E-05
0.83211 9.99648E-05 9.99648E-05 0.16749 9.99648E-05 9.99648E-05
0.9995 9.996E-05 9.996E-05 9.996E-05 9.996E-05 9.996E-05
0.919475 9.99648E-05 9.99648E-05 0.0801247 9.99648E-05 9.99648E-05
0.94276 9.99648E-05 9.99648E-05 0.0568403 9.99648E-05 9.99648E-05
0.893786 9.99648E-05 9.99648E-05 0.105814 9.99648E-05 9.99648E-05
0.9995 9.996E-05 9.996E-05 9.996E-05 9.996E-05 9.996E-05
0.9995 9.996E-05 9.996E-05 9.996E-05 9.996E-05 9.996E-05
0.9995 9.996E-05 9.996E-05 9.996E-05 9.996E-05 9.996E-05
0.932842 9.99648E-05 9.99648E-05 0.0667583 9.99648E-05 9.99648E-05
0.9995 9.996E-05 9.996E-05 9.996E-05 9.996E-05 9.996E-05
0.9995 9.996E-05 9.996E-05 9.996E-05 9.996E-05 9.996E-05
0.931086 9.99648E-05 9.99648E-05 0.0685143 9.99648E-05 9.99648E-05
0.9995 9.996E-05 9.996E-05 9.996E-05 9.996E-05 9.996E-05
0.9995 9.996E-05 9.996E-05 9.996E-05 9.996E-05 9.996E-05
0.375091 9.99912E-05 0.154682 0.066361 0.0970087 0.306758
0.938976 9.99648E-05 9.99648E-05 0.0606239 9.99648E-05 9.99648E-05
0.9995 9.996E-05 9.996E-05 9.996E-05 9.996E-05 9.996E-05
0.415234 9.99737E-05 9.99737E-05 9.99737E-05 0.0923746 0.492092
0.325424 0.0410247 9.99824E-05 0.0644708 9.99824E-05 0.56888
0.419062 9.99736E-05 9.99736E-05 0.0479927 9.99736E-05 0.532646
9.99736E-05 9.99736E-05 0.107754 0.0423915 9.99736E-05 0.849554
0.51911 9.99736E-05 9.99736E-05 0.0135276 9.99736E-05 0.467062
0.00218947 9.9965E-05 9.9965E-05 9.9965E-05 9.9965E-05 0.997411
0.381749 9.99824E-05 9.99824E-05 0.0401944 0.0307648 0.547092
0.0351204 9.99912E-05 0.0500826 0.0524373 0.0446918 0.817568
0.109824 9.99649E-05 9.99649E-05 9.99649E-05 9.99649E-05 0.889776
9.99649E-05 0.089761 9.99649E-05 9.99649E-05 9.99649E-05 0.909839
0.165405 9.99736E-05 9.99736E-05 9.99736E-05 0.0410916 0.793204
0.583773 9.99648E-05 9.99648E-05 9.99648E-05 9.99648E-05 0.415827
0.580845 0.00915531 0.0969691 9.99824E-05 9.99824E-05 0.312831
9.99736E-05 9.99736E-05 0.144445 0.0317972 9.99736E-05 0.823458
0.210069 9.99736E-05 9.99736E-05 9.99736E-05 0.0623163 0.727315
0.587682 9.99736E-05 9.99736E-05 9.99736E-05 0.0602642 0.351754
0.194604 9.99649E-05 9.99649E-05 9.99649E-05 9.99649E-05 0.804996
0.363121 9.99912E-05 0.057086 0.0334263 0.0663893 0.479877
0.262487 0.0113178 9.99912E-05 0.04312 0.0827416 0.600234
0.262101 0.0278993 0.00342718 9.99824E-05 9.99824E-05 0.706372
0.194727 9.99736E-05 9.99736E-05 0.0619528 9.99736E-05 0.74302
0.0549743 0.0801802 9.99736E-05 9.99736E-05 9.99736E-05 0.864546
0.119654 0.0131765 0.0413143 0.0763339 0.0197533 0.729768
0.0843352 9.99824E-05 0.00186852 0.0830852 9.99824E-05 0.830511
9.99648E-05 9.99648E-05 0.136579 9.99648E-05 9.99648E-05 0.863021
9.996E-05 9.996E-05 9.996E-05 9.996E-05 9.996E-05 0.9995
0.0913453 0.0883853 0.0385761 0.0200342 0.00100527 0.760654
0.488875 9.99824E-05 0.04214 0.00991546 9.99824E-05 0.458869
9.99736E-05 9.99736E-05 0.0768247 0.0704061 9.99736E-05 0.852469
0.0317949 9.99824E-05 0.19884 0.0524241 9.99824E-05 0.716741
0.604219 9.99736E-05 9.99736E-05 0.00812443 9.99736E-05 0.387356
0.364929 9.99648E-05 9.99648E-05 9.99648E-05 9.99648E-05 0.634671
0.45452 9.99824E-05 0.0239771 0.0170582 9.99824E-05 0.504245
0.310149 9.99824E-05 0.0524199 9.99824E-05 0.0432784 0.593953
0.0430984 0.0448351 0.141174 9.99912E-05 0.141826 0.628966
0.15583 0.0020549 9.99824E-05 0.0215848 9.99824E-05 0.82033
9.996E-05 9.996E-05 9.996E-05 9.996E-05 9.996E-05 0.9995
0.103137 0.0973215 0.0914673 9.99912E-05 0.0392621 0.668712
9.99824E-05 9.99824E-05 0.0748223 0.131144 0.05342 0.740414
0.239449 0.188722 9.99824E-05 0.00161454 9.99824E-05 0.570014
0.257381 9.99824E-05 0.0114636 0.0190628 9.99824E-05 0.711893
0.0778908 0.0415261 9.99824E-05 0.0600749 9.99824E-05 0.820308
0.344088 0.0907403 9.99824E-05 0.066551 9.99824E-05 0.498421
0.583712 9.99648E-05 9.99648E-05 9.99648E-05 9.99648E-05 0.415888
0.703242 9.99736E-05 9.99736E-05 9.99736E-05 0.031482 0.264976
0.119503 9.99912E-05 0.0330356 0.0171935 0.0206835 0.809484
9.996E-05 9.996E-05 9.996E-05 9.996E-05 9.996E-05 0.9995
0.106877 9.99736E-05 9.99736E-05 0.0442524 9.99736E-05 0.84857
9.996E-05 9.996E-05 9.996E-05 9.996E-05 9.996E-05 0.9995
0.495114 0.0883833 0.0133601 0.00988758 9.99912E-05 0.393155
9.996E-05 9.996E-05 9.996E-05 9.996E-05 9.996E-05 0.9995
0.164419 9.99736E-05 9.99736E-05 9.99736E-05 0.0455297 0.789752
0.329416 0.127642 9.99824E-05 9.99824E-05 0.0530943 0.489648
0.411237 9.99648E-05 9.99648E-05 9.99648E-05 9.99648E-05 0.588363
9.99736E-05 0.170028 9.99736E-05 0.032049 9.99736E-05 0.797623
0.299901 9.99648E-05 9.99648E-05 9.99648E-05 9.99648E-05 0.699699
9.99737E-05 9.99737E-05 0.0792216 9.99737E-05 0.0246813 0.895797
0.108338 9.99649E-05 9.99649E-05 9.99649E-05 9.99649E-05 0.891262
0.20871 9.99736E-05 9.99736E-05 0.045341 9.99736E-05 0.745649
0.48533 9.99649E-05 9.99649E-05 9.99649E-05 9.99649E-05 0.514271
9.996E-05 9.996E-05 9.996E-05 9.996E-05 9.996E-05 0.9995
9.996E-05 9.996E-05 9.996E-05 9.996E-05 9.996E-05 0.9995
0.00202977 9.99737E-05 9.99737E-05 9.99737E-05 0.0273878 0.970282
0.205608 9.99824E-05 9.99824E-05 0.0593583 0.0657842 0.66905
0.0880636 9.99736E-05 9.99736E-05 0.0914043 9.99736E-05 0.820232
0.0676937 9.99648E-05 9.99648E-05 9.99648E-05 9.99648E-05 0.931906
9.996E-05 9.996E-05 9.996E-05 9.996E-05 9.996E-05 0.9995
0.470069 9.99824E-05 9.99824E-05 0.0477459 0.0128347 0.469151
0.138421 9.99824E-05 9.99824E-05 0.063597 0.0322475 0.765534
0.0661984 9.99649E-05 9.99649E-05 9.99649E-05 9.99649E-05 0.933402
0.311235 9.99737E-05 9.99737E-05 0.0533957 9.99737E-05 0.635069
0.0219139 9.99737E-05 9.99737E-05 0.0300902 9.99737E-05 0.947696
0.455963 9.99648E-05 9.99648E-05 9.99648E-05 9.99648E-05 0.543637
9.99824E-05 0.107172 0.177905 0.0750306 9.99824E-05 0.639692
0.000806892 9.99649E-05 9.99649E-05 9.99649E-05 9.99649E-05 0.998793
0.27038 9.99649E-05 9.99649E-05 9.99649E-05 9.99649E-05 0.72922
0.0267065 9.9965E-05 9.9965E-05 9.9965E-05 9.9965E-05 0.972894
9.99912E-05 0.0192753 0.0287847 0.0114714 0.00953736 0.930831
9.996E-05 9.996E-05 9.996E-05 9.996E-05 9.996E-05 0.9995
0.38628 9.99736E-05 9.99736E-05 9.99736E-05 0.0530745 0.560345
0.0199416 0.0907229 9.99912E-05 0.00307519 0.0551109 0.831049
0.0813413 0.138876 0.0475669 9.99912E-05 0.13493 0.597186
9.996E-05 9.996E-05 9.996E-05 9.996E-05 9.996E-05 0.9995
0.19674 9.99824E-05 0.0101627 9.99824E-05 0.0224629 0.770434
0.200002 9.99824E-05 0.0712264 0.147738 9.99824E-05 0.580833
9.99649E-05 9.99649E-05 9.99649E-05 9.99649E-05 0.0153249 0.984275
0.027729 9.99824E-05 0.160355 0.0182011 9.99824E-05 0.793515
0.39308 9.99824E-05 0.00436383 0.00158465 9.99824E-05 0.600772
0.187469 0.0802248 9.99824E-05 9.99824E-05 0.0215371 0.710569
0.247203 9.99736E-05 9.99736E-05 0.154008 9.99736E-05 0.598489
0.268128 9.99737E-05 9.99737E-05 0.180515 9.99737E-05 0.551057
0.512414 9.99736E-05 0.108917 9.99736E-05 9.99736E-05 0.378369
0.464216 9.99736E-05 0.00111597 9.99736E-05 9.99736E-05 0.534368
0.18864 0.0362608 9.99912E-05 0.133254 0.121219 0.520526
0.14977 9.99649E-05 9.99649E-05 9.99649E-05 9.99649E-05 0.84983
0.0620139 9.99649E-05 9.99649E-05 9.99649E-05 9.99649E-05 0.937586
0.177522 0.157251 0.00883929 9.99912E-05 0.00341771 0.652869
0.290095 0.0300621 9.99824E-05 9.99824E-05 0.108511 0.571132
0.220729 9.99737E-05 0.0711947 9.99737E-05 9.99737E-05 0.707776
0.586224 0.00918493 9.99824E-05 0.0767797 9.99824E-05 0.327612
0.0246072 0.180941 0.0639433 0.115292 0.0614543 0.553762
0.342024 9.99736E-05 9.99736E-05 0.0413522 9.99736E-05 0.616324
0.251669 9.99912E-05 0.107399 0.111095 0.0441801 0.485556
0.0618118 9.9965E-05 9.9965E-05 9.9965E-05 9.9965E-05 0.937788
0.0633988 9.99825E-05 0.0160279 0.0355598 9.99825E-05 0.884814
0.388169 9.99649E-05 9.99649E-05 9.99649E-05 9.99649E-05 0.611431
0.249772 9.99824E-05 0.22633 0.0232105 9.99824E-05 0.500487
9.996E-05 9.996E-05 9.996E-05 9.996E-05 9.996E-05 0.9995
9.996E-05 9.996E-05 9.996E-05 9.996E-05 9.996E-05 0.9995
9.99824E-05 9.99824E-05 0.0672521 0.0164181 0.018677 0.897453
0.0205493 9.99824E-05 0.0306072 0.0106884 9.99824E-05 0.937955
9.99649E-05 9.99649E-05 9.99649E-05 9.99649E-05 0.0406826 0.958917
0.277015 9.99648E-05 9.99648E-05 9.99648E-05 9.99648E-05 0.722585
0.182263 0.119159 9.99824E-05 0.0646915 9.99824E-05 0.633686
0.255657 9.99824E-05 9.99824E-05 0.198154 0.0631579 0.48283
0.31765 9.99649E-05 9.99649E-05 9.99649E-05 9.99649E-05 0.68195
0.336573 0.152293 0.0196873 9.99824E-05 9.99824E-05 0.491247
0.20297 9.99824E-05 0.193829 0.0610812 9.99824E-05 0.54192
9.996E-05 9.996E-05 9.996E-05 9.996E-05 9.996E-05 0.9995
0.358911 0.0232105 9.99912E-05 0.174519 0.0288011 0.414459
0.0772652 9.99824E-05 0.166811 0.0446168 9.99824E-05 0.711107
0.183545 9.99824E-05 9.99824E-05 0.0467304 0.154673 0.614852
0.38642 9.99824E-05 0.0104214 0.126088 9.99824E-05 0.476871
0.327462 0.0339025 9.99912E-05 0.0241889 0.0678963 0.54645
0.315325 9.99649E-05 9.99649E-05 9.99649E-05 9.99649E-05 0.684275
0.257161 9.99824E-05 0.0554727 9.99824E-05 0.112132 0.575034
9.99825E-05 9.99825E-05 0.000711417 0.0867316 0.00910352 0.903253
0.110655 9.9965E-05 9.9965E-05 9.9965E-05 9.9965E-05 0.888945
0.310758 9.99736E-05 9.99736E-05 9.99736E-05 0.156772 0.53217
0.435613 0.027936 9.99912E-05 0.00651934 0.0391734 0.490658
0.700579 0.196022 9.99824E-05 9.99824E-05 0.0897891 0.0134097
0.722587 0.183225 9.99824E-05 9.99824E-05 0.0501625 0.0438253
0.575498 0.250479 9.99824E-05 9.99824E-05 0.0960425 0.077781
0.491178 0.0550588 9.99825E-05 9.99825E-05 0.0633545 0.390208
0.527318 0.0406041 0.211206 0.0175282 0.0119493 0.191394
0.815622 0.120006 9.99737E-05 9.99737E-05 9.99737E-05 0.0640717
0.874553 9.99736E-05 9.99736E-05 9.99736E-05 0.0866577 0.0384894
0.720105 0.138209 9.99825E-05 9.99825E-05 0.0665978 0.0748877
0.503228 0.15215 0.0459977 9.99913E-05 0.0732875 0.225237
0.62693 0.226542 9.99824E-05 9.99824E-05 0.0433983 0.10293
0.555435 0.179894 9.99912E-05 0.0856125 0.0967785 0.0821803
0.591892 9.99737E-05 9.99737E-05 0.199817 9.99737E-05 0.207991
0.658379 0.274932 9.99824E-05 9.99824E-05 0.0226207 0.0438685
0.775578 0.0318426 9.99738E-05 9.99738E-05 9.99738E-05 0.19228
0.603238 0.00104983 0.0563259 0.0203643 0.121252 0.197769
0.705319 0.171031 9.99824E-05 9.99824E-05 0.0583659 0.0650842
0.729875 0.0106915 9.99824E-05 9.99824E-05 0.150911 0.108322
0.683679 0.197886 9.99824E-05 9.99824E-05 0.0159306 0.102304
0.694755 0.104846 9.99912E-05 0.0112719 0.188035 0.000992076
0.858683 0.104399 9.99737E-05 0.0366185 9.99737E-05 9.99737E-05
0.86972 0.0347565 9.99824E-05 9.99824E-05 0.0889121 0.00641172
0.603816 0.162133 9.99825E-05 9.99825E-05 0.0557982 0.178052
0.62213 0.0160303 0.0761647 0.136801 0.0433066 0.105568
0.841854 9.99736E-05 0.14072 9.99736E-05 9.99736E-05 0.0171259
0.979163 9.99648E-05 0.0204371 9.99648E-05 9.99648E-05 9.99648E-05
0.9995 9.996E-05 9.996E-05 9.996E-05 9.996E-05 9.996E-05
0.994512 0.00508787 9.99648E-05 9.99648E-05 9.99648E-05 9.99648E-05
0.950886 0.0487143 9.99649E-05 9.99649E-05 9.99649E-05 9.99649E-05
0.9995 9.996E-05 9.996E-05 9.996E-05 9.996E-05 9.996E-05
0.961821 9.99649E-05 0.0377792 9.99649E-05 9.99649E-05 9.99649E-05
0.905927 9.99649E-05 9.99649E-05 9.99649E-05 9.99649E-05 0.0936732
0.887272 9.99825E-05 0.0368539 9.99825E-05 0.016581 0.0590932
0.99046 9.99648E-05 9.99648E-05 9.99648E-05 0.00913967 9.99648E-05
0.939151 9.99649E-05 0.0604496 9.99649E-05 9.99649E-05 9.99649E-05
0.951294 0.0483058 9.99649E-05 9.99649E-05 9.99649E-05 9.99649E-05
0.956551 9.99648E-05 9.99648E-05 9.99648E-05 0.043049 9.99648E-05
0.877643 9.99649E-05 9.99649E-05 9.99649E-05 9.99649E-05 0.121958
0.9995 9.996E-05 9.996E-05 9.996E-05 9.996E-05 9.996E-05
0.805223 9.99737E-05 0.0104035 9.99737E-05 9.99737E-05 0.184074
0.815704 9.99736E-05 0.00893444 9.99736E-05 9.99736E-05 0.175062
0.9995 9.996E-05 9.996E-05 9.996E-05 9.996E-05 9.996E-05
0.9995 9.996E-05 9.996E-05 9.996E-05 9.996E-05 9.996E-05
0.954466 9.9965E-05 9.9965E-05 9.9965E-05 0.0451341 9.9965E-05
0.9995 9.996E-05 9.996E-05 9.996E-05 9.996E-05 9.996E-05
0.9995 9.996E-05 9.996E-05 9.996E-05 9.996E-05 9.996E-05
0.9995 9.996E-05 9.996E-05 9.996E-05 9.996E-05 9.996E-05
0.0151406 9.99737E-05 9.99737E-05 0.107525 9.99737E-05 0.877035
0.9995 9.996E-05 9.996E-05 9.996E-05 9.996E-05 9.996E-05
0.975309 9.99649E-05 0.0242909 9.99649E-05 9.99649E-05 9.99649E-05
0.877874 9.99649E-05 9.99649E-05 9.99649E-05 0.121726 9.99649E-05
0.9995 9.996E-05 9.996E-05 9.996E-05 9.996E-05 9.996E-05
0.9995 9.996E-05 9.996E-05 9.996E-05 9.996E-05 9.996E-05
0.974535 9.99649E-05 9.99649E-05 9.99649E-05 9.99649E-05 0.0250653
0.938333 9.99649E-05 9.99649E-05 9.99649E-05 0.0612675 9.99649E-05
0.998733 9.99649E-05 9.99649E-05 0.000867106 9.99649E-05 9.99649E-05
0.959634 9.99649E-05 0.0399664 9.99649E-05 9.99649E-05 9.99649E-05
0.9995 9.996E-05 9.996E-05 9.996E-05 9.996E-05 9.996E-05
0.977755 9.99649E-05 0.0218453 9.99649E-05 9.99649E-05 9.99649E-05
0.9995 9.996E-05 9.996E-05 9.996E-05 9.996E-05 9.996E-05
0.943038 9.99648E-05 9.99648E-05 9.99648E-05 9.99648E-05 0.0565626
0.934348 9.99737E-05 0.0642481 9.99737E-05 0.00110355 9.99737E-05
0.977027 0.0225728 9.99649E-05 9.99649E-05 9.99649E-05 9.99649E-05
0.96251 9.99649E-05 9.99649E-05 9.99649E-05 9.99649E-05 0.0370903
0.9995 9.996E-05 9.996E-05 9.996E-05 9.996E-05 9.996E-05
0.940872 9.99825E-05 0.0209477 0.00286554 9.99825E-05 0.0351144
0.757977 0.0801179 0.0219788 0.0385674 0.021619 0.0797397
0.892337 9.99648E-05 9.99648E-05 9.99648E-05 0.107264 9.99648E-05
0.366325 0.452543 0.00805121 0.014833 0.158148 9.99912E-05
0.428305 0.535931 9.99737E-05 9.99737E-05 0.0354637 9.99737E-05
0.374429 0.350152 0.0532998 9.99825E-05 0.22192 9.99825E-05
0.376395 0.420511 9.99737E-05 9.99737E-05 0.202794 9.99737E-05
0.47191 0.395631 9.99737E-05 9.99737E-05 0.132159 9.99737E-05
0.44117 0.237956 0.178216 9.99825E-05 0.142458 9.99825E-05
0.450664 0.421502 9.99737E-05 9.99737E-05 0.127534 9.99737E-05
0.373212 0.535685 0.0478606 9.99824E-05 0.0430429 9.99824E-05
0.62592 0.242708 9.99737E-05 9.99737E-05 0.131073 9.99737E-05
0.435195 0.100737 0.14762 9.99825E-05 0.316247 9.99825E-05
0.468814 0.419674 9.99737E-05 9.99737E-05 0.111212 9.99737E-05
0.410601 0.358971 9.99737E-05 9.99737E-05 0.230128 9.99737E-05
0.48209 0.282841 9.99737E-05 9.99737E-05 0.234769 9.99737E-05
0.25561 0.477847 9.99737E-05 9.99737E-05 0.266243 9.99737E-05
0.30861 0.597549 9.99737E-05 9.99737E-05 0.0935412 9.99737E-05
0.496014 0.439128 9.99737E-05 9.99737E-05 0.0645589 9.99737E-05
0.546989 0.345646 9.99737E-05 9.99737E-05 0.107065 9.99737E-05
0.40978 0.468826 9.99737E-05 9.99737E-05 0.121094 9.99737E-05
0.461128 0.266923 9.99737E-05 9.99737E-05 0.271649 9.99737E-05
0.394792 0.402333 0.0665725 9.99824E-05 0.136103 9.99824E-05
9.996E-05 9.996E-05 9.996E-05 9.996E-05 0.9995 9.996E-05
9.996E-05 9.996E-05 9.996E-05 9.996E-05 0.9995 9.996E-05
9.996E-05 9.996E-05 9.996E-05 9.996E-05 0.9995 9.996E-05
9.996E-05 9.996E-05 9.996E-05 9.996E-05 0.9995 9.996E-05
9.996E-05 9.996E-05 9.996E-05 9.996E-05 0.9995 9.996E-05
9.996E-05 9.996E-05 9.996E-05 9.996E-05 0.9995 9.996E-05
9.996E-05 9.996E-05 9.996E-05 9.996E-05 0.9995 9.996E-05
9.996E-05 9.996E-05 9.996E-05 9.996E-05 0.9995 9.996E-05
9.996E-05 9.996E-05 9.996E-05 9.996E-05 0.9995 9.996E-05
9.996E-05 9.996E-05 9.996E-05 9.996E-05 0.9995 9.996E-05
9.996E-05 9.996E-05 9.996E-05 9.996E-05 0.9995 9.996E-05
9.996E-05 9.996E-05 9.996E-05 9.996E-05 0.9995 9.996E-05
9.996E-05 9.996E-05 9.996E-05 9.996E-05 0.9995 9.996E-05
9.996E-05 9.996E-05 9.996E-05 9.996E-05 0.9995 9.996E-05
9.996E-05 9.996E-05 9.996E-05 9.996E-05 0.9995 9.996E-05
9.996E-05 9.996E-05 9.996E-05 9.996E-05 0.9995 9.996E-05
9.996E-05 9.996E-05 9.996E-05 9.996E-05 0.9995 9.996E-05
9.996E-05 9.996E-05 9.996E-05 9.996E-05 0.9995 9.996E-05
9.996E-05 9.996E-05 9.996E-05 9.996E-05 0.9995 9.996E-05
9.996E-05 9.996E-05 9.996E-05 9.996E-05 0.9995 9.996E-05
9.996E-05 9.996E-05 9.996E-05 9.996E-05 0.9995 9.996E-05
9.996E-05 9.996E-05 9.996E-05 9.996E-05 0.9995 9.996E-05
9.996E-05 9.996E-05 9.996E-05 9.996E-05 0.9995 9.996E-05
9.996E-05 9.996E-05 9.996E-05 9.996E-05 0.9995 9.996E-05
9.996E-05 9.996E-05 9.996E-05 9.996E-05 0.9995 9.996E-05
9.996E-05 9.996E-05 9.996E-05 9.996E-05 0.9995 9.996E-05
9.996E-05 9.996E-05 9.996E-05 9.996E-05 0.9995 9.996E-05
9.996E-05 9.996E-05 9.996E-05 9.996E-05 0.9995 9.996E-05
9.996E-05 9.996E-05 9.996E-05 9.996E-05 0.9995 9.996E-05
9.996E-05 9.996E-05 9.996E-05 9.996E-05 0.9995 9.996E-05
9.996E-05 9.996E-05 9.996E-05 9.996E-05 0.9995 9.996E-05
9.996E-05 9.996E-05 9.996E-05 9.996E-05 0.9995 9.996E-05
9.996E-05 9.996E-05 9.996E-05 9.996E-05 0.9995 9.996E-05
9.996E-05 9.996E-05 9.996E-05 9.996E-05 0.9995 9.996E-05
9.996E-05 9.996E-05 9.996E-05 9.996E-05 0.9995 9.996E-05
9.996E-05 9.996E-05 9.996E-05 9.996E-05 0.9995 9.996E-05
9.996E-05 9.996E-05 9.996E-05 9.996E-05 0.9995 9.996E-05
9.996E-05 9.996E-05 9.996E-05 9.996E-05 0.9995 9.996E-05
9.996E-05 9.996E-05 9.996E-05 9.996E-05 0.9995 9.996E-05
9.996E-05 9.996E-05 9.996E-05 9.996E-05 0.9995 9.996E-05
9.996E-05 9.996E-05 9.996E-05 9.996E-05 0.9995 9.996E-05
9.996E-05 9.996E-05 9.996E-05 9.996E-05 0.9995 9.996E-05
9.996E-05 9.996E-05 9.996E-05 9.996E-05 0.9995 9.996E-05
9.996E-05 9.996E-05 9.996E-05 9.996E-05 0.9995 9.996E-05
9.996E-05 9.996E-05 9.996E-05 9.996E-05 0.9995 9.996E-05
9.996E-05 9.996E-05 9.996E-05 9.996E-05 0.9995 9.996E-05
9.996E-05 9.996E-05 9.996E-05 9.996E-05 0.9995 9.996E-05
9.996E-05 9.996E-05 9.996E-05 9.996E-05 0.9995 9.996E-05
9.996E-05 9.996E-05 9.996E-05 9.996E-05 0.9995 9.996E-05
9.996E-05 9.996E-05 9.996E-05 9.996E-05 0.9995 9.996E-05
9.996E-05 9.996E-05 9.996E-05 9.996E-05 0.9995 9.996E-05
9.996E-05 9.996E-05 9.996E-05 9.996E-05 0.9995 9.996E-05
9.996E-05 9.996E-05 9.996E-05 9.996E-05 0.9995 9.996E-05
9.996E-05 9.996E-05 9.996E-05 9.996E-05 0.9995 9.996E-05
9.996E-05 9.996E-05 9.996E-05 9.996E-05 0.9995 9.996E-05
9.996E-05 9.996E-05 9.996E-05 9.996E-05 0.9995 9.996E-05
9.996E-05 9.996E-05 9.996E-05 9.996E-05 0.9995 9.996E-05
9.996E-05 9.996E-05 9.996E-05 9.996E-05 0.9995 9.996E-05
9.996E-05 9.996E-05 9.996E-05 9.996E-05 0.9995 9.996E-05
9.996E-05 9.996E-05 9.996E-05 9.996E-05 0.9995 9.996E-05
9.996E-05 9.996E-05 9.996E-05 9.996E-05 0.9995 9.996E-05
9.996E-05 9.996E-05 9.996E-05 9.996E-05 0.9995 9.996E-05
9.996E-05 9.996E-05 9.996E-05 9.996E-05 0.9995 9.996E-05
9.996E-05 9.996E-05 0.9995 9.996E-05 9.996E-05 9.996E-05
9.996E-05 9.996E-05 0.9995 9.996E-05 9.996E-05 9.996E-05
9.996E-05 9.996E-05 0.9995 9.996E-05 9.996E-05 9.996E-05
9.996E-05 9.996E-05 0.9995 9.996E-05 9.996E-05 9.996E-05
9.996E-05 9.996E-05 0.9995 9.996E-05 9.996E-05 9.996E-05
9.996E-05 9.996E-05 0.9995 9.996E-05 9.996E-05 9.996E-05
9.996E-05 9.996E-05 0.9995 9.996E-05 9.996E-05 9.996E-05
9.996E-05 9.996E-05 0.9995 9.996E-05 9.996E-05 9.996E-05
9.996E-05 9.996E-05 0.9995 9.996E-05 9.996E-05 9.996E-05
9.996E-05 9.996E-05 0.9995 9.996E-05 9.996E-05 9.996E-05
9.996E-05 9.996E-05 0.9995 9.996E-05 9.996E-05 9.996E-05
9.996E-05 9.996E-05 0.9995 9.996E-05 9.996E-05 9.996E-05
9.996E-05 9.996E-05 0.9995 9.996E-05 9.996E-05 9.996E-05
9.996E-05 9.996E-05 0.9995 9.996E-05 9.996E-05 9.996E-05
9.996E-05 9.996E-05 0.9995 9.996E-05 9.996E-05 9.996E-05
9.996E-05 9.996E-05 0.9995 9.996E-05 9.996E-05 9.996E-05
9.996E-05 9.996E-05 0.9995 9.996E-05 9.996E-05 9.996E-05
9.996E-05 9.996E-05 0.9995 9.996E-05 9.996E-05 9.996E-05
9.996E-05 9.996E-05 0.9995 9.996E-05 9.996E-05 9.996E-05
9.996E-05 9.996E-05 0.9995 9.996E-05 9.996E-05 9.996E-05
9.996E-05 9.996E-05 0.9995 9.996E-05 9.996E-05 9.996E-05
9.996E-05 9.996E-05 0.9995 9.996E-05 9.996E-05 9.996E-05
9.996E-05 9.996E-05 0.9995 9.996E-05 9.996E-05 9.996E-05
9.996E-05 9.996E-05 0.9995 9.996E-05 9.996E-05 9.996E-05
9.996E-05 9.996E-05 0.9995 9.996E-05 9.996E-05 9.996E-05
9.996E-05 9.996E-05 0.9995 9.996E-05 9.996E-05 9.996E-05
9.996E-05 9.996E-05 0.9995 9.996E-05 9.996E-05 9.996E-05
9.996E-05 9.996E-05 0.9995 9.996E-05 9.996E-05 9.996E-05
9.996E-05 9.996E-05 0.9995 9.996E-05 9.996E-05 9.996E-05
9.996E-05 9.996E-05 0.9995 9.996E-05 9.996E-05 9.996E-05
9.996E-05 9.996E-05 0.9995 9.996E-05 9.996E-05 9.996E-05
9.996E-05 9.996E-05 0.9995 9.996E-05 9.996E-05 9.996E-05
9.996E-05 9.996E-05 0.9995 9.996E-05 9.996E-05 9.996E-05
9.996E-05 9.996E-05 0.9995 9.996E-05 9.996E-05 9.996E-05
9.99648E-05 9.99648E-05 0.989714 0.00988663 9.99648E-05 9.99648E-05
9.996E-05 9.996E-05 0.9995 9.996E-05 9.996E-05 9.996E-05
9.996E-05 9.996E-05 0.9995 9.996E-05 9.996E-05 9.996E-05
9.996E-05 9.996E-05 0.9995 9.996E-05 9.996E-05 9.996E-05
9.996E-05 9.996E-05 0.9995 9.996E-05 9.996E-05 9.996E-05
9.996E-05 9.996E-05 0.9995 9.996E-05 9.996E-05 9.996E-05
9.996E-05 9.996E-05 0.9995 9.996E-05 9.996E-05 9.996E-05
9.996E-05 9.996E-05 0.9995 9.996E-05 9.996E-05 9.996E-05
9.996E-05 9.996E-05 0.9995 9.996E-05 9.996E-05 9.996E-05
9.99648E-05 9.99648E-05 0.648769 9.99648E-05 0.350832 9.99648E-05
9.996E-05 9.996E-05 0.9995 9.996E-05 9.996E-05 9.996E-05
9.996E-05 9.996E-05 0.9995 9.996E-05 9.996E-05 9.996E-05
9.996E-05 9.996E-05 0.9995 9.996E-05 9.996E-05 9.996E-05
9.996E-05 9.996E-05 0.9995 9.996E-05 9.996E-05 9.996E-05
9.996E-05 9.996E-05 0.9995 9.996E-05 9.996E-05 9.996E-05
9.996E-05 9.996E-05 0.9995 9.996E-05 9.996E-05 9.996E-05
9.99648E-05 9.99648E-05 0.746339 9.99648E-05 0.253261 9.99648E-05
9.996E-05 9.996E-05 0.9995 9.996E-05 9.996E-05 9.996E-05
9.99648E-05 9.99648E-05 0.757248 9.99648E-05 0.242352 9.99648E-05
9.99648E-05 9.99648E-05 0.711368 9.99648E-05 0.288232 9.99648E-05
9.99648E-05 9.99648E-05 0.761891 9.99648E-05 0.237709 9.99648E-05
9.99648E-05 9.99648E-05 0.754364 9.99648E-05 0.245236 9.99648E-05
9.99648E-05 9.99648E-05 0.785303 9.99648E-05 0.214297 9.99648E-05
9.99648E-05 9.99648E-05 0.757092 9.99648E-05 0.242508 9.99648E-05
9.99648E-05 9.99648E-05 0.758782 9.99648E-05 0.240818 9.99648E-05
9.99648E-05 9.99648E-05 0.764738 9.99648E-05 0.234862 9.99648E-05
9.99648E-05 9.99648E-05 0.745 9.99648E-05 0.2546 9.99648E-05
9.99648E-05 9.99648E-05 0.760318 9.99648E-05 0.239282 9.99648E-05
9.99648E-05 9.99648E-05 0.757403 9.99648E-05 0.242198 9.99648E-05
9.99648E-05 9.99648E-05 0.749991 9.99648E-05 0.249609 9.99648E-05
9.99648E-05 9.99648E-05 0.760318 9.99648E-05 0.239282 9.99648E-05
9.99648E-05 9.99648E-05 0.760666 9.99648E-05 0.238934 9.99648E-05
9.99648E-05 9.99648E-05 0.762535 9.99648E-05 0.237065 9.99648E-05
9.99824E-05 0.29912 0.253442 0.248307 0.198931 9.99824E-05
9.99824E-05 0.223604 0.335667 0.150801 0.289728 9.99824E-05
9.99737E-05 9.99737E-05 0.525347 0.100178 0.374175 9.99737E-05
9.99824E-05 0.196983 0.295255 0.111647 0.395915 9.99824E-05
9.99824E-05 0.194957 0.364048 0.212563 0.228233 9.99824E-05
9.99824E-05 0.208187 0.360107 0.206182 0.225324 9.99824E-05
9.99824E-05 0.21508 0.339643 0.189867 0.255211 9.99824E-05
9.99737E-05 9.99737E-05 0.486223 0.252239 0.261239 9.99737E-05
9.99824E-05 0.269828 0.312594 0.16253 0.254848 9.99824E-05
9.99824E-05 0.256684 0.337487 0.185534 0.220095 9.99824E-05
9.99824E-05 0.212516 0.356096 0.201899 0.229289 9.99824E-05
9.99737E-05 0.465662 0.395499 9.99737E-05 0.138539 9.99737E-05
9.99736E-05 9.99736E-05 0.497828 0.123124 0.378748 9.99736E-05
9.99736E-05 9.99736E-05 0.353108 0.28544 0.361153 9.99736E-05
9.99736E-05 9.99736E-05 0.532 0.149128 0.318572 9.99736E-05
9.99736E-05 9.99736E-05 0.486898 0.132657 0.380145 9.99736E-05
9.99736E-05 9.99736E-05 0.423634 0.288241 0.287825 9.99736E-05
9.99736E-05 0.691363 0.231463 0.0768733 9.99736E-05 9.99736E-05
9.99824E-05 0.420464 0.125448 0.268949 0.184939 9.99824E-05
9.99736E-05 0.775669 0.0247287 9.99736E-05 0.199302 9.99736E-05
9.99736E-05 0.864755 0.126403 9.99736E-05 0.00854286 9.99736E-05
9.99824E-05 0.563022 0.146849 0.152525 0.137404 9.99824E-05
9.99736E-05 0.899146 0.0727876 9.99736E-05 0.0277666 9.99736E-05
9.99736E-05 0.825103 0.11812 0.0564768 9.99736E-05 9.99736E-05
9.99648E-05 0.950968 9.99648E-05 0.0486323 9.99648E-05 9.99648E-05
9.99736E-05 0.766573 9.99736E-05 0.0394441 0.193683 9.99736E-05
9.99824E-05 0.565338 0.191149 0.0902975 0.153015 9.99824E-05
0.0198395 0.581881 9.99824E-05 0.313608 0.0844715 9.99824E-05
9.99648E-05 0.87229 9.99648E-05 9.99648E-05 0.12731 9.99648E-05
9.99736E-05 0.498997 9.99736E-05 0.2898 0.210903 9.99736E-05
9.99737E-05 0.557237 9.99737E-05 0.325984 0.116479 9.99737E-05
9.99824E-05 0.560033 0.134901 0.245108 0.0597583 9.99824E-05
9.99912E-05 0.638344 0.0537439 0.184258 0.0987385 0.0248157
9.99736E-05 0.515548 9.99736E-05 0.343766 0.140386 9.99736E-05
9.99736E-05 0.892457 9.99736E-05 0.0434621 0.0637813 9.99736E-05
0.0111736 0.510035 0.256826 0.0908097 0.131055 9.99912E-05
9.99736E-05 0.376984 0.198381 0.424335 9.99736E-05 9.99736E-05
9.99736E-05 0.303063 0.197861 0.498776 9.99736E-05 9.99736E-05
9.99736E-05 0.724169 9.99736E-05 0.213069 0.0624627 9.99736E-05
9.99736E-05 0.309832 0.210929 0.478939 9.99736E-05 9.99736E-05
9.99736E-05 0.975837 9.99736E-05 0.00216995 0.0216936 9.99736E-05
9.99824E-05 0.457434 0.226151 0.204102 0.112113 9.99824E-05
9.99824E-05 0.586228 0.174241 0.150165 0.0891661 9.99824E-05
9.99824E-05 0.690947 0.1594 0.00414581 0.145307 9.99824E-05
9.99824E-05 0.578969 0.256017 0.0452233 0.119591 9.99824E-05
9.99824E-05 0.739515 0.0141055 0.172865 0.0733141 9.99824E-05
9.99824E-05 0.690765 0.0115706 0.240374 0.0570908 9.99824E-05
9.99736E-05 0.769716 0.106047 0.123937 9.99736E-05 9.99736E-05
0.0741341 0.558685 9.99824E-05 0.128497 0.238483 9.99824E-05
0.0358816 0.471096 9.99824E-05 0.239635 0.253187 9.99824E-05
9.99824E-05 0.776079 0.0334926 0.15461 0.0356184 9.99824E-05
9.99736E-05 0.62788 9.99736E-05 0.320606 0.0512143 9.99736E-05
9.99824E-05 0.709084 0.0527405 0.187662 0.0503139 9.99824E-05
9.99824E-05 0.650783 0.0211563 0.238277 0.0895833 9.99824E-05
9.99824E-05 0.72899 0.189661 0.080325 0.000823919 9.99824E-05
9.99736E-05 0.41617 0.128426 0.455104 9.99736E-05 9.99736E-05
9.99824E-05 0.702084 0.204297 0.091491 0.00192798 9.99824E-05
0.00554395 0.77338 0.178553 9.99824E-05 0.0423233 9.99824E-05
9.99824E-05 0.68926 0.156136 0.148854 0.00555031 9.99824E-05
9.99736E-05 0.76577 0.0689713 0.164959 9.99736E-05 9.99736E-05
9.99649E-05 0.925702 9.99649E-05 9.99649E-05 0.0738977 9.99649E-05
0.0298592 0.804329 0.0317835 0.133829 9.99824E-05 9.99824E-05
9.99824E-05 0.703087 0.189055 0.0941443 0.0135138 9.99824E-05
9.99736E-05 0.691584 0.0873644 0.220752 9.99736E-05 9.99736E-05
9.99824E-05 0.277721 0.277964 0.353075 0.0910392 9.99824E-05
9.99824E-05 0.698849 0.205722 0.0938442 0.0013846 9.99824E-05
9.99736E-05 0.773525 0.0676571 0.158518 9.99736E-05 9.99736E-05
0.0543922 0.784716 0.147168 9.99824E-05 0.0135247 9.99824E-05
0.00268579 0.927483 0.0695315 9.99736E-05 9.99736E-05 9.99736E-05
9.99736E-05 0.736199 0.144936 0.118565 9.99736E-05 9.99736E-05
9.99736E-05 0.712095 0.121242 0.166363 9.99736E-05 9.99736E-05
0.0804437 0.743304 0.155612 9.99824E-05 0.0204403 9.99824E-05
9.99824E-05 0.507714 0.0371298 0.352664 0.102292 9.99824E-05
9.99736E-05 0.782954 0.0602755 0.156471 9.99736E-05 9.99736E-05
9.99736E-05 0.823532 0.044009 0.132159 9.99736E-05 9.99736E-05
9.99736E-05 0.759202 0.0726806 0.167818 9.99736E-05 9.99736E-05
