9.98069E-05 9.98069E-05 9.98069E-05 9.98069E-05 9.98069E-05 9.98069E-05 9.98069E-05 0.0297602 9.98069E-05 0.0503878 9.98069E-05 9.98069E-05 9.98069E-05 9.98069E-05 9.98069E-05 9.98069E-05 0.381591 0.0131841 0.237775 0.0760723 0.0657437 9.98069E-05 0.143291 9.98069E-05 9.98069E-05 9.98069E-05 9.98069E-05 9.98069E-05 9.98069E-05 9.98069E-05
9.98158E-05 9.98158E-05 0.0331431 0.0269437 9.98158E-05 9.98158E-05 9.98158E-05 0.0159176 9.98158E-05 9.98158E-05 9.98158E-05 9.98158E-05 0.0116533 9.98158E-05 9.98158E-05 9.98158E-05 0.659034 9.98158E-05 0.115286 9.98158E-05 0.0997798 0.0257796 9.98158E-05 9.98158E-05 9.98158E-05 9.98158E-05 9.98158E-05 9.98158E-05 0.0103667 9.98158E-05
9.97722E-05 0.014913 9.97722E-05 0.744166 9.97722E-05 0.235915 9.97722E-05 9.97722E-05 9.97722E-05 9.97722E-05 0.00241189 9.97722E-05 9.97722E-05 9.97722E-05 9.97722E-05 9.97722E-05 9.97722E-05 9.97722E-05 9.97722E-05 9.97722E-05 9.97722E-05 9.97722E-05 9.97722E-05 9.97722E-05 9.97722E-05 9.97722E-05 9.97722E-05 9.97722E-05 9.97722E-05 9.97722E-05
0.0433137 9.9807E-05 9.9807E-05 9.9807E-05 9.9807E-05 0.330093 9.9807E-05 0.0230694 0.115093 9.9807E-05 9.9807E-05 9.9807E-05 0.0531524 9.9807E-05 9.9807E-05 0.0392244 9.9807E-05 9.9807E-05 9.9807E-05 9.9807E-05 9.9807E-05 9.9807E-05 0.101914 9.9807E-05 9.9807E-05 9.9807E-05 9.9807E-05 9.9807E-05 0.291944 9.9807E-05
0.028044 0.0111691 9.97808E-05 0.330273 9.97808E-05 9.97808E-05 0.142165 9.97808E-05 9.97808E-05 9.97808E-05 9.97808E-05 9.97808E-05 9.97808E-05 9.97808E-05 9.97808E-05 9.97808E-05 0.485854 9.97808E-05 9.97808E-05 9.97808E-05 9.97808E-05 9.97808E-05 9.97808E-05 9.97808E-05 9.97808E-05 9.97808E-05 9.97808E-05 9.97808E-05 9.97808E-05 9.97808E-05
0.14573 9.98071E-05 9.98071E-05 0.094509 0.105382 0.151754 0.175544 9.98071E-05 9.98071E-05 9.98071E-05 9.98071E-05 9.98071E-05 9.98071E-05 9.98071E-05 9.98071E-05 9.98071E-05 9.98071E-05 0.0476844 0.219655 9.98071E-05 0.0575458 9.98071E-05 9.98071E-05 9.98071E-05 9.98071E-05 9.98071E-05 9.98071E-05 9.98071E-05 9.98071E-05 9.98071E-05
0.0302973 9.98422E-05 9.98422E-05 9.98422E-05 9.98422E-05 0.0173492 9.98422E-05 9.98422E-05 9.98422E-05 0.0374841 9.98422E-05 9.98422E-05 0.0858712 9.98422E-05 9.98422E-05 9.98422E-05 0.272867 9.98422E-05 0.157066 0.00514847 0.0626137 0.0167777 0.167577 9.98422E-05 0.0562555 0.088896 9.98422E-05 9.98422E-05 9.98422E-05 9.98422E-05
0.0434318 9.98072E-05 9.98072E-05 9.98072E-05 0.185809 0.339516 9.98072E-05 9.98072E-05 9.98072E-05 9.98072E-05 9.98072E-05 0.046034 9.98072E-05 9.98072E-05 9.98072E-05 9.98072E-05 9.98072E-05 9.98072E-05 9.98072E-05 0.116727 9.98072E-05 0.00319121 0.129798 9.98072E-05 9.98072E-05 9.98072E-05 9.98072E-05 0.133297 9.98072E-05 9.98072E-05
9.98333E-05 9.98333E-05 0.0184837 0.0619312 0.16654 0.0426351 0.107853 0.18175 9.98333E-05 0.127855 9.98333E-05 9.98333E-05 9.98333E-05 9.98333E-05 9.98333E-05 0.0524329 0.196712 0.00770279 9.98333E-05 0.0342077 9.98333E-05 9.98333E-05 9.98333E-05 9.98333E-05 9.98333E-05 9.98333E-05 9.98333E-05 9.98333E-05 9.98333E-05 9.98333E-05
9.97631E-05 9.97631E-05 9.97631E-05 0.701147 9.97631E-05 9.97631E-05 9.97631E-05 9.97631E-05 9.97631E-05 9.97631E-05 9.97631E-05 9.97631E-05 9.97631E-05 9.97631E-05 9.97631E-05 9.97631E-05 0.28148 9.97631E-05 9.97631E-05 9.97631E-05 9.97631E-05 9.97631E-05 9.97631E-05 9.97631E-05 9.97631E-05 0.0146794 9.97631E-05 9.97631E-05 9.97631E-05 9.97631E-05
9.98071E-05 9.98071E-05 9.98071E-05 9.98071E-05 9.98071E-05 9.98071E-05 9.98071E-05 0.116795 0.0971571 0.0330155 0.00057247 9.98071E-05 0.144538 9.98071E-05 9.98071E-05 9.98071E-05 0.497258 9.98071E-05 0.0835994 9.98071E-05 9.98071E-05 9.98071E-05 0.0248684 9.98071E-05 9.98071E-05 9.98071E-05 9.98071E-05 9.98071E-05 9.98071E-05 9.98071E-05
9.9772E-05 9.9772E-05 9.9772E-05 0.973526 9.9772E-05 9.9772E-05 9.9772E-05 9.9772E-05 9.9772E-05 9.9772E-05 9.9772E-05 9.9772E-05 9.9772E-05 9.9772E-05 9.9772E-05 9.9772E-05 9.9772E-05 9.9772E-05 9.9772E-05 9.9772E-05 9.9772E-05 9.9772E-05 9.9772E-05 9.9772E-05 0.00384176 9.9772E-05 9.9772E-05 0.0184257 0.00161197 9.9772E-05
9.97719E-05 9.97719E-05 9.97719E-05 9.97719E-05 0.0228582 9.97719E-05 9.97719E-05 0.0561958 9.97719E-05 9.97719E-05 9.97719E-05 9.97719E-05 9.97719E-05 9.97719E-05 9.97719E-05 9.97719E-05 0.913931 9.97719E-05 9.97719E-05 9.97719E-05 9.97719E-05 9.97719E-05 0.00442051 9.97719E-05 9.97719E-05 9.97719E-05 9.97719E-05 9.97719E-05 9.97719E-05 9.97719E-05
9.97807E-05 9.97807E-05 9.97807E-05 9.97807E-05 9.97807E-05 0.868509 9.97807E-05 0.0478645 0.00215549 9.97807E-05 9.97807E-05 9.97807E-05 9.97807E-05 9.97807E-05 9.97807E-05 9.97807E-05 0.0414326 9.97807E-05 9.97807E-05 9.97807E-05 9.97807E-05 9.97807E-05 9.97807E-05 0.037544 9.97807E-05 9.97807E-05 9.97807E-05 9.97807E-05 9.97807E-05 9.97807E-05
9.9807E-05 9.9807E-05 9.9807E-05 0.324173 0.0778269 9.9807E-05 0.160144 0.0445071 9.9807E-05 9.9807E-05 9.9807E-05 9.9807E-05 9.9807E-05 9.9807E-05 9.9807E-05 9.9807E-05 9.9807E-05 9.9807E-05 0.198585 9.9807E-05 9.9807E-05 9.9807E-05 0.0202385 0.100369 9.9807E-05 9.9807E-05 0.0719611 9.9807E-05 9.9807E-05 9.9807E-05
9.98333E-05 9.98333E-05 9.98333E-05 9.98333E-05 0.115225 0.00311688 0.0381697 0.105187 9.98333E-05 9.98333E-05 9.98333E-05 9.98333E-05 9.98333E-05 9.98333E-05 9.98333E-05 0.0351194 0.193606 0.0715508 0.140837 9.98333E-05 9.98333E-05 9.98333E-05 0.100442 9.98333E-05 9.98333E-05 9.98333E-05 9.98333E-05 0.111436 0.083413 9.98333E-05
9.98159E-05 9.98159E-05 9.98159E-05 0.415271 9.98159E-05 0.246107 9.98159E-05 0.0275311 9.98159E-05 9.98159E-05 9.98159E-05 0.0455066 0.0161181 9.98159E-05 9.98159E-05 9.98159E-05 9.98159E-05 9.98159E-05 9.98159E-05 9.98159E-05 0.0757919 9.98159E-05 9.98159E-05 9.98159E-05 9.98159E-05 0.0371079 0.132714 9.98159E-05 9.98159E-05 0.00175673
9.9842E-05 9.9842E-05 0.0686061 9.9842E-05 0.00919269 0.0547954 9.9842E-05 0.0355213 0.0624948 9.9842E-05 0.132411 9.9842E-05 9.9842E-05 9.9842E-05 9.9842E-05 0.0542135 0.0999338 9.9842E-05 0.313892 9.9842E-05 9.9842E-05 0.00724419 0.155847 9.9842E-05 9.9842E-05 9.9842E-05 9.9842E-05 0.00405074 9.9842E-05 9.9842E-05
0.166735 9.98157E-05 9.98157E-05 0.269393 0.0908933 0.100737 9.98157E-05 0.132173 9.98157E-05 9.98157E-05 9.98157E-05 9.98157E-05 9.98157E-05 0.0389721 9.98157E-05 9.98157E-05 9.98157E-05 0.0262815 9.98157E-05 9.98157E-05 9.98157E-05 9.98157E-05 0.162878 9.98157E-05 9.98157E-05 9.98157E-05 9.98157E-05 9.98157E-05 9.98157E-05 0.00984133
9.97634E-05 9.97634E-05 0.000120962 0.4432 9.97634E-05 9.97634E-05 9.97634E-05 9.97634E-05 9.97634E-05 9.97634E-05 9.97634E-05 9.97634E-05 9.97634E-05 9.97634E-05 9.97634E-05 9.97634E-05 0.553986 9.97634E-05 9.97634E-05 9.97634E-05 9.97634E-05 9.97634E-05 9.97634E-05 9.97634E-05 9.97634E-05 9.97634E-05 9.97634E-05 9.97634E-05 9.97634E-05 9.97634E-05
9.98158E-05 9.98158E-05 9.98158E-05 9.98158E-05 0.0660072 0.21769 9.98158E-05 9.98158E-05 0.0360542 9.98158E-05 9.98158E-05 9.98158E-05 0.0362051 9.98158E-05 9.98158E-05 0.228449 0.341265 9.98158E-05 9.98158E-05 9.98158E-05 9.98158E-05 9.98158E-05 9.98158E-05 9.98158E-05 9.98158E-05 9.98158E-05 9.98158E-05 0.068178 0.00342565 0.000629463
0.0728902 0.0216042 9.98071E-05 0.281163 0.135599 9.98071E-05 9.98071E-05 9.98071E-05 0.0499257 9.98071E-05 9.98071E-05 9.98071E-05 9.98071E-05 0.14057 9.98071E-05 9.98071E-05 9.98071E-05 9.98071E-05 9.98071E-05 9.98071E-05 9.98071E-05 0.0375519 0.258499 9.98071E-05 9.98071E-05 9.98071E-05 9.98071E-05 9.98071E-05 9.98071E-05 9.98071E-05
9.97722E-05 9.97722E-05 9.97722E-05 9.97722E-05 9.97722E-05 9.97722E-05 9.97722E-05 0.176298 9.97722E-05 9.97722E-05 9.97722E-05 9.97722E-05 9.97722E-05 9.97722E-05 9.97722E-05 9.97722E-05 0.663632 0.0339227 0.123553 9.97722E-05 9.97722E-05 9.97722E-05 9.97722E-05 9.97722E-05 9.97722E-05 9.97722E-05 9.97722E-05 9.97722E-05 9.97722E-05 9.97722E-05
9.97983E-05 9.97983E-05 9.97983E-05 0.0449406 9.97983E-05 9.97983E-05 9.97983E-05 0.233243 9.97983E-05 0.0154782 9.97983E-05 9.97983E-05 9.97983E-05 9.97983E-05 9.97983E-05 0.0098779 0.379257 9.97983E-05 9.97983E-05 9.97983E-05 9.97983E-05 9.97983E-05 0.30357 9.97983E-05 9.97983E-05 9.97983E-05 9.97983E-05 0.0113377 9.97983E-05 9.97983E-05
9.98157E-05 9.98157E-05 0.0199853 9.98157E-05 0.00678491 0.334442 9.98157E-05 0.201696 0.205657 9.98157E-05 9.98157E-05 9.98157E-05 0.049825 9.98157E-05 9.98157E-05 9.98157E-05 9.98157E-05 9.98157E-05 9.98157E-05 9.98157E-05 9.98157E-05 9.98157E-05 0.0262004 9.98157E-05 9.98157E-05 9.98157E-05 9.98157E-05 9.98157E-05 0.152874 0.000439741
9.98071E-05 9.98071E-05 9.98071E-05 0.524822 9.98071E-05 9.98071E-05 0.00262716 0.098385 0.0214421 9.98071E-05 9.98071E-05 9.98071E-05 0.0373792 9.98071E-05 9.98071E-05 9.98071E-05 0.180756 9.98071E-05 9.98071E-05 9.98071E-05 9.98071E-05 9.98071E-05 0.0560923 9.98071E-05 9.98071E-05 9.98071E-05 9.98071E-05 9.98071E-05 0.0762998 9.98071E-05
9.97982E-05 9.97982E-05 9.97982E-05 9.97982E-05 9.97982E-05 9.97982E-05 9.97982E-05 0.049123 0.257658 9.97982E-05 0.13198 9.97982E-05 9.97982E-05 0.304106 9.97982E-05 9.97982E-05 0.00801073 9.97982E-05 9.97982E-05 9.97982E-05 9.97982E-05 9.97982E-05 0.194438 9.97982E-05 9.97982E-05 9.97982E-05 9.97982E-05 0.0523889 9.97982E-05 9.97982E-05
9.97808E-05 9.97808E-05 9.97808E-05 9.97808E-05 9.97808E-05 9.97808E-05 9.97808E-05 0.0131503 0.0066791 9.97808E-05 9.97808E-05 9.97808E-05 9.97808E-05 9.97808E-05 9.97808E-05 9.97808E-05 0.890443 9.97808E-05 9.97808E-05 9.97808E-05 9.97808E-05 9.97808E-05 0.0351385 9.97808E-05 9.97808E-05 9.97808E-05 9.97808E-05 9.97808E-05 0.0520941 9.97808E-05
9.97985E-05 9.97985E-05 9.97985E-05 0.632379 9.97985E-05 9.97985E-05 9.97985E-05 0.200531 0.0395417 0.00274533 9.97985E-05 9.97985E-05 9.97985E-05 9.97985E-05 9.97985E-05 9.97985E-05 9.97985E-05 9.97985E-05 0.101008 9.97985E-05 9.97985E-05 9.97985E-05 0.0162866 9.97985E-05 9.97985E-05 9.97985E-05 9.97985E-05 9.97985E-05 0.00521237 9.97985E-05
9.97895E-05 9.97895E-05 9.97895E-05 0.102288 0.00278257 9.97895E-05 9.97895E-05 9.97895E-05 9.97895E-05 9.97895E-05 9.97895E-05 0.0606949 9.97895E-05 9.97895E-05 9.97895E-05 9.97895E-05 0.505337 9.97895E-05 9.97895E-05 9.97895E-05 9.97895E-05 9.97895E-05 9.97895E-05 9.97895E-05 0.0404246 9.97895E-05 0.286079 9.97895E-05 9.97895E-05 9.97895E-05
9.97808E-05 9.97808E-05 9.97808E-05 0.632477 9.97808E-05 9.97808E-05 9.97808E-05 9.97808E-05 9.97808E-05 9.97808E-05 9.97808E-05 9.97808E-05 0.0823442 0.0251736 9.97808E-05 9.97808E-05 0.210218 9.97808E-05 9.97808E-05 9.97808E-05 9.97808E-05 9.97808E-05 9.97808E-05 9.97808E-05 9.97808E-05 9.97808E-05 9.97808E-05 9.97808E-05 9.97808E-05 0.0472934
0.040531 9.98334E-05 9.98334E-05 9.98334E-05 9.98334E-05 0.238542 0.103115 0.0235164 0.0120429 9.98334E-05 9.98334E-05 9.98334E-05 0.0704304 9.98334E-05 0.0219044 9.98334E-05 0.349034 9.98334E-05 0.00339091 9.98334E-05 9.98334E-05 0.0446198 9.98334E-05 9.98334E-05 9.98334E-05 9.98334E-05 9.98334E-05 9.98334E-05 0.090977 9.98334E-05
9.9807E-05 9.9807E-05 9.9807E-05 9.9807E-05 9.9807E-05 0.545266 9.9807E-05 0.157187 9.9807E-05 9.9807E-05 9.9807E-05 9.9807E-05 0.0713602 9.9807E-05 9.9807E-05 9.9807E-05 0.0436293 9.9807E-05 0.108993 9.9807E-05 9.9807E-05 9.9807E-05 0.0461098 9.9807E-05 9.9807E-05 9.9807E-05 9.9807E-05 0.0104378 0.0148212 9.9807E-05
9.97981E-05 9.97981E-05 9.97981E-05 0.00862577 9.97981E-05 0.738145 9.97981E-05 0.0757418 0.0460553 9.97981E-05 9.97981E-05 9.97981E-05 9.97981E-05 0.0818652 9.97981E-05 9.97981E-05 9.97981E-05 9.97981E-05 9.97981E-05 9.97981E-05 9.97981E-05 9.97981E-05 0.0330814 9.97981E-05 9.97981E-05 0.0141899 9.97981E-05 9.97981E-05 9.97981E-05 9.97981E-05
9.9781E-05 9.9781E-05 0.0168931 0.651884 9.9781E-05 9.9781E-05 9.9781E-05 9.9781E-05 9.9781E-05 9.9781E-05 9.9781E-05 9.9781E-05 0.0220307 9.9781E-05 9.9781E-05 9.9781E-05 0.261155 9.9781E-05 9.9781E-05 9.9781E-05 0.0455431 9.9781E-05 9.9781E-05 9.9781E-05 9.9781E-05 9.9781E-05 9.9781E-05 9.9781E-05 9.9781E-05 9.9781E-05
9.98159E-05 9.98159E-05 0.0174154 0.391476 0.0387456 9.98159E-05 9.98159E-05 9.98159E-05 9.98159E-05 9.98159E-05 9.98159E-05 9.98159E-05 9.98159E-05 9.98159E-05 9.98159E-05 0.00071522 0.329044 9.98159E-05 0.000647454 9.98159E-05 0.0237562 9.98159E-05 0.0721655 9.98159E-05 9.98159E-05 9.98159E-05 9.98159E-05 9.98159E-05 0.123938 9.98159E-05
0.0973113 9.9781E-05 9.9781E-05 9.9781E-05 9.9781E-05 9.9781E-05 9.9781E-05 9.9781E-05 9.9781E-05 9.9781E-05 9.9781E-05 9.9781E-05 9.9781E-05 9.9781E-05 9.9781E-05 9.9781E-05 0.863978 9.9781E-05 9.9781E-05 9.9781E-05 0.0124033 9.9781E-05 0.00252379 9.9781E-05 0.0212889 9.9781E-05 9.9781E-05 9.9781E-05 9.9781E-05 9.9781E-05
9.97985E-05 9.97985E-05 9.97985E-05 0.115179 0.101335 0.673492 9.97985E-05 0.082516 9.97985E-05 9.97985E-05 9.97985E-05 9.97985E-05 9.97985E-05 9.97985E-05 9.97985E-05 9.97985E-05 0.00441029 9.97985E-05 9.97985E-05 9.97985E-05 0.0139807 9.97985E-05 9.97985E-05 9.97985E-05 9.97985E-05 9.97985E-05 9.97985E-05 9.97985E-05 0.00679177 9.97985E-05
9.97899E-05 0.113509 9.97899E-05 0.521873 9.97899E-05 9.97899E-05 9.97899E-05 0.0674066 9.97899E-05 9.97899E-05 9.97899E-05 9.97899E-05 0.0511744 9.97899E-05 9.97899E-05 9.97899E-05 9.97899E-05 9.97899E-05 9.97899E-05 9.97899E-05 0.117866 9.97899E-05 9.97899E-05 9.97899E-05 9.97899E-05 9.97899E-05 0.125776 9.97899E-05 9.97899E-05 9.97899E-05
0.0308136 9.97894E-05 9.97894E-05 0.033884 9.97894E-05 0.755657 9.97894E-05 0.0935473 0.0743274 9.97894E-05 9.97894E-05 9.97894E-05 9.97894E-05 9.97894E-05 9.97894E-05 9.97894E-05 9.97894E-05 9.97894E-05 9.97894E-05 9.97894E-05 9.97894E-05 9.97894E-05 9.97894E-05 9.97894E-05 9.97894E-05 9.97894E-05 9.97894E-05 0.00937576 9.97894E-05 9.97894E-05
9.97457E-05 9.97457E-05 9.97457E-05 0.997107 9.97457E-05 9.97457E-05 9.97457E-05 9.97457E-05 9.97457E-05 9.97457E-05 9.97457E-05 9.97457E-05 9.97457E-05 9.97457E-05 9.97457E-05 9.97457E-05 9.97457E-05 9.97457E-05 9.97457E-05 9.97457E-05 9.97457E-05 9.97457E-05 9.97457E-05 9.97457E-05 9.97457E-05 9.97457E-05 9.97457E-05 9.97457E-05 9.97457E-05 9.97457E-05
9.97725E-05 9.97725E-05 9.97725E-05 0.678938 9.97725E-05 9.97725E-05 9.97725E-05 9.97725E-05 9.97725E-05 0.0594572 9.97725E-05 9.97725E-05 9.97725E-05 0.158147 9.97725E-05 9.97725E-05 9.97725E-05 9.97725E-05 9.97725E-05 9.97725E-05 9.97725E-05 9.97725E-05 0.100864 9.97725E-05 9.97725E-05 9.97725E-05 9.97725E-05 9.97725E-05 9.97725E-05 9.97725E-05
9.97808E-05 9.97808E-05 9.97808E-05 9.97808E-05 9.97808E-05 9.97808E-05 9.97808E-05 9.97808E-05 9.97808E-05 9.97808E-05 9.97808E-05 9.97808E-05 9.97808E-05 9.97808E-05 9.97808E-05 9.97808E-05 0.705232 9.97808E-05 9.97808E-05 9.97808E-05 9.97808E-05 9.97808E-05 0.00366784 0.0627827 0.0110859 9.97808E-05 0.214737 9.97808E-05 9.97808E-05 9.97808E-05
9.98159E-05 9.98159E-05 9.98159E-05 0.397667 0.0815552 9.98159E-05 9.98159E-05 0.113717 9.98159E-05 0.0985276 9.98159E-05 9.98159E-05 0.0587445 9.98159E-05 9.98159E-05 9.98159E-05 9.98159E-05 9.98159E-05 0.175367 9.98159E-05 0.00660752 9.98159E-05 0.0568668 9.98159E-05 9.98159E-05 9.98159E-05 9.98159E-05 9.98159E-05 0.00885173 9.98159E-05
9.97721E-05 9.97721E-05 9.97721E-05 9.97721E-05 9.97721E-05 0.381299 9.97721E-05 0.190185 9.97721E-05 9.97721E-05 9.97721E-05 9.97721E-05 9.97721E-05 9.97721E-05 9.97721E-05 9.97721E-05 9.97721E-05 9.97721E-05 9.97721E-05 9.97721E-05 9.97721E-05 9.97721E-05 0.28892 9.97721E-05 9.97721E-05 0.137001 9.97721E-05 9.97721E-05 9.97721E-05 9.97721E-05
9.97631E-05 9.97631E-05 9.97631E-05 0.738123 9.97631E-05 0.242489 9.97631E-05 9.97631E-05 9.97631E-05 9.97631E-05 9.97631E-05 9.97631E-05 9.97631E-05 9.97631E-05 9.97631E-05 9.97631E-05 9.97631E-05 9.97631E-05 9.97631E-05 9.97631E-05 9.97631E-05 9.97631E-05 9.97631E-05 9.97631E-05 9.97631E-05 0.0166944 9.97631E-05 9.97631E-05 9.97631E-05 9.97631E-05
9.97809E-05 9.97809E-05 9.97809E-05 9.97809E-05 9.97809E-05 9.97809E-05 9.97809E-05 0.090904 9.97809E-05 9.97809E-05 0.0726358 0.00975497 9.97809E-05 9.97809E-05 9.97809E-05 9.97809E-05 0.784532 9.97809E-05 9.97809E-05 9.97809E-05 9.97809E-05 9.97809E-05 9.97809E-05 9.97809E-05 9.97809E-05 9.97809E-05 9.97809E-05 9.97809E-05 0.0396787 9.97809E-05
9.97495E-05 9.97495E-05 9.97495E-05 0.997107 9.97495E-05 9.97495E-05 9.97495E-05 9.97495E-05 9.97495E-05 9.97495E-05 9.97495E-05 9.97495E-05 9.97495E-05 9.97495E-05 9.97495E-05 9.97495E-05 9.97495E-05 9.97495E-05 9.97495E-05 9.97495E-05 9.97495E-05 9.97495E-05 9.97495E-05 9.97495E-05 9.97495E-05 9.97495E-05 9.97495E-05 9.97495E-05 9.97495E-05 9.97495E-05
9.97983E-05 9.97983E-05 9.97983E-05 0.353974 9.97983E-05 9.97983E-05 9.97983E-05 0.0967436 9.97983E-05 9.97983E-05 9.97983E-05 9.97983E-05 9.97983E-05 9.97983E-05 9.97983E-05 9.97983E-05 0.331849 9.97983E-05 0.0136182 9.97983E-05 9.97983E-05 0.0138528 0.106602 9.97983E-05 9.97983E-05 9.97983E-05 9.97983E-05 9.97983E-05 0.0810647 9.97983E-05
0.0262111 9.97634E-05 9.97634E-05 9.97634E-05 9.97634E-05 0.959162 9.97634E-05 9.97634E-05 9.97634E-05 9.97634E-05 9.97634E-05 9.97634E-05 9.97634E-05 9.97634E-05 9.97634E-05 9.97634E-05 9.97634E-05 9.97634E-05 9.97634E-05 9.97634E-05 9.97634E-05 9.97634E-05 9.97634E-05 9.97634E-05 0.0119336 9.97634E-05 9.97634E-05 9.97634E-05 9.97634E-05 9.97634E-05
9.98156E-05 9.98156E-05 9.98156E-05 9.98156E-05 0.0335351 9.98156E-05 9.98156E-05 0.137423 0.160736 0.0269516 9.98156E-05 9.98156E-05 0.0814289 0.0734183 9.98156E-05 9.98156E-05 0.36284 9.98156E-05 9.98156E-05 9.98156E-05 9.98156E-05 0.0946771 9.98156E-05 9.98156E-05 9.98156E-05 0.0268941 9.98156E-05 9.98156E-05 9.98156E-05 9.98156E-05
9.97632E-05 9.97632E-05 9.97632E-05 9.97632E-05 9.97632E-05 0.843629 9.97632E-05 9.97632E-05 9.97632E-05 9.97632E-05 9.97632E-05 9.97632E-05 9.97632E-05 9.97632E-05 9.97632E-05 9.97632E-05 9.97632E-05 9.97632E-05 9.97632E-05 9.97632E-05 9.97632E-05 9.97632E-05 0.0618522 9.97632E-05 9.97632E-05 9.97632E-05 9.97632E-05 9.97632E-05 0.0918253 9.97632E-05
9.97634E-05 9.97634E-05 9.97634E-05 0.965517 9.97634E-05 9.97634E-05 9.97634E-05 0.00745652 0.0243329 9.97634E-05 9.97634E-05 9.97634E-05 9.97634E-05 9.97634E-05 9.97634E-05 9.97634E-05 9.97634E-05 9.97634E-05 9.97634E-05 9.97634E-05 9.97634E-05 9.97634E-05 9.97634E-05 9.97634E-05 9.97634E-05 9.97634E-05 9.97634E-05 9.97634E-05 9.97634E-05 9.97634E-05
9.9772E-05 9.9772E-05 9.9772E-05 9.9772E-05 9.9772E-05 0.904547 9.9772E-05 9.9772E-05 9.9772E-05 9.9772E-05 0.0392824 9.9772E-05 0.0286047 9.9772E-05 9.9772E-05 9.9772E-05 9.9772E-05 9.9772E-05 9.9772E-05 9.9772E-05 9.9772E-05 9.9772E-05 9.9772E-05 9.9772E-05 0.0249713 9.9772E-05 9.9772E-05 9.9772E-05 9.9772E-05 9.9772E-05
9.97985E-05 0.00119213 9.97985E-05 0.61928 9.97985E-05 9.97985E-05 9.97985E-05 0.0581136 9.97985E-05 9.97985E-05 9.97985E-05 9.97985E-05 9.97985E-05 9.97985E-05 9.97985E-05 9.97985E-05 0.177398 9.97985E-05 9.97985E-05 9.97985E-05 9.97985E-05 0.0537141 9.97985E-05 0.0414981 9.97985E-05 9.97985E-05 9.97985E-05 9.97985E-05 9.97985E-05 0.0465091
0.0545522 9.97896E-05 9.97896E-05 0.620205 9.97896E-05 0.169131 0.0795978 9.97896E-05 0.0604301 9.97896E-05 9.97896E-05 9.97896E-05 0.013689 9.97896E-05 9.97896E-05 9.97896E-05 9.97896E-05 9.97896E-05 9.97896E-05 9.97896E-05 9.97896E-05 9.97896E-05 9.97896E-05 9.97896E-05 9.97896E-05 9.97896E-05 9.97896E-05 9.97896E-05 9.97896E-05 9.97896E-05
0.0457526 9.97894E-05 9.97894E-05 0.842509 9.97894E-05 9.97894E-05 9.97894E-05 0.0137918 9.97894E-05 9.97894E-05 0.0527127 9.97894E-05 9.97894E-05 9.97894E-05 9.97894E-05 9.97894E-05 9.97894E-05 9.97894E-05 9.97894E-05 9.97894E-05 0.0029082 9.97894E-05 0.0399309 9.97894E-05 9.97894E-05 9.97894E-05 9.97894E-05 9.97894E-05 9.97894E-05 9.97894E-05
9.97632E-05 9.97632E-05 9.97632E-05 9.97632E-05 9.97632E-05 9.97632E-05 9.97632E-05 0.102888 9.97632E-05 9.97632E-05 9.97632E-05 9.97632E-05 9.97632E-05 9.97632E-05 9.97632E-05 9.97632E-05 0.83095 9.97632E-05 9.97632E-05 9.97632E-05 9.97632E-05 9.97632E-05 9.97632E-05 9.97632E-05 9.97632E-05 0.0634679 9.97632E-05 9.97632E-05 9.97632E-05 9.97632E-05
9.97545E-05 9.97545E-05 9.97545E-05 9.97545E-05 9.97545E-05 9.97545E-05 9.97545E-05 9.97545E-05 9.97545E-05 9.97545E-05 9.97545E-05 9.97545E-05 9.97545E-05 9.97545E-05 9.97545E-05 9.97545E-05 0.951088 9.97545E-05 9.97545E-05 0.0461193 9.97545E-05 9.97545E-05 9.97545E-05 9.97545E-05 9.97545E-05 9.97545E-05 9.97545E-05 9.97545E-05 9.97545E-05 9.97545E-05
9.97808E-05 9.97808E-05 9.97808E-05 9.97808E-05 9.97808E-05 9.97808E-05 9.97808E-05 0.0587174 0.0594131 9.97808E-05 9.97808E-05 9.97808E-05 0.0816284 9.97808E-05 9.97808E-05 9.97808E-05 9.97808E-05 9.97808E-05 0.683952 0.113795 9.97808E-05 9.97808E-05 9.97808E-05 9.97808E-05 9.97808E-05 9.97808E-05 9.97808E-05 9.97808E-05 9.97808E-05 9.97808E-05
0.0105855 9.9781E-05 9.9781E-05 9.9781E-05 9.9781E-05 9.9781E-05 9.9781E-05 9.9781E-05 9.9781E-05 0.0072078 9.9781E-05 9.9781E-05 9.9781E-05 0.0484948 9.9781E-05 9.9781E-05 9.9781E-05 9.9781E-05 0.850755 9.9781E-05 9.9781E-05 9.9781E-05 9.9781E-05 9.9781E-05 9.9781E-05 9.9781E-05 9.9781E-05 9.9781E-05 0.0804618 9.9781E-05
9.97633E-05 9.97633E-05 9.97633E-05 9.97633E-05 9.97633E-05 9.97633E-05 9.97633E-05 9.97633E-05 9.97633E-05 9.97633E-05 0.0305074 9.97633E-05 9.97633E-05 9.97633E-05 9.97633E-05 9.97633E-05 9.97633E-05 9.97633E-05 0.965017 9.97633E-05 9.97633E-05 9.97633E-05 9.97633E-05 9.97633E-05 9.97633E-05 9.97633E-05 0.00178214 9.97633E-05 9.97633E-05 9.97633E-05
9.97985E-05 9.97985E-05 9.97985E-05 9.97985E-05 0.125893 9.97985E-05 9.97985E-05 0.0306142 0.135128 9.97985E-05 0.00958362 9.97985E-05 9.97985E-05 9.97985E-05 9.97985E-05 9.97985E-05 9.97985E-05 9.97985E-05 0.352126 9.97985E-05 0.269256 9.97985E-05 9.97985E-05 9.97985E-05 0.0751036 9.97985E-05 9.97985E-05 9.97985E-05 9.97985E-05 9.97985E-05
9.97804E-05 9.97804E-05 0.0631063 9.97804E-05 0.0663483 9.97804E-05 9.97804E-05 0.10078 9.97804E-05 9.97804E-05 9.97804E-05 9.97804E-05 9.97804E-05 9.97804E-05 9.97804E-05 9.97804E-05 9.97804E-05 9.97804E-05 0.70421 9.97804E-05 9.97804E-05 9.97804E-05 0.0630611 9.97804E-05 9.97804E-05 9.97804E-05 9.97804E-05 9.97804E-05 9.97804E-05 9.97804E-05
9.9798E-05 9.9798E-05 9.9798E-05 9.9798E-05 0.0362391 9.9798E-05 9.9798E-05 0.190926 0.0758772 9.9798E-05 9.9798E-05 9.9798E-05 9.9798E-05 9.9798E-05 9.9798E-05 9.9798E-05 9.9798E-05 9.9798E-05 0.597403 0.00531082 9.9798E-05 9.9798E-05 0.0187874 0.0731614 9.9798E-05 9.9798E-05 9.9798E-05 9.9798E-05 9.9798E-05 9.9798E-05
9.9798E-05 9.9798E-05 9.9798E-05 9.9798E-05 9.9798E-05 9.9798E-05 9.9798E-05 0.0906694 9.9798E-05 9.9798E-05 9.9798E-05 9.9798E-05 0.027698 9.9798E-05 9.9798E-05 0.0114202 9.9798E-05 9.9798E-05 0.509847 9.9798E-05 0.255084 9.9798E-05 9.9798E-05 9.9798E-05 0.00394768 9.9798E-05 9.9798E-05 9.9798E-05 0.0990382 9.9798E-05
9.9798E-05 9.9798E-05 9.9798E-05 9.9798E-05 0.0405239 9.9798E-05 0.113725 0.0452021 9.9798E-05 9.9798E-05 0.109808 9.9798E-05 9.9798E-05 9.9798E-05 9.9798E-05 9.9798E-05 9.9798E-05 9.9798E-05 0.615551 9.9798E-05 0.0463736 9.9798E-05 9.9798E-05 0.0265208 9.9798E-05 9.9798E-05 9.9798E-05 9.9798E-05 9.9798E-05 9.9798E-05
9.97633E-05 9.97633E-05 9.97633E-05 9.97633E-05 9.97633E-05 9.97633E-05 9.97633E-05 9.97633E-05 0.00255899 9.97633E-05 9.97633E-05 9.97633E-05 9.97633E-05 9.97633E-05 9.97633E-05 9.97633E-05 9.97633E-05 9.97633E-05 0.955836 9.97633E-05 0.0389111 9.97633E-05 9.97633E-05 9.97633E-05 9.97633E-05 9.97633E-05 9.97633E-05 9.97633E-05 9.97633E-05 9.97633E-05
9.97631E-05 9.97631E-05 9.97631E-05 9.97631E-05 9.97631E-05 9.97631E-05 9.97631E-05 9.97631E-05 9.97631E-05 9.97631E-05 9.97631E-05 9.97631E-05 0.0427929 9.97631E-05 9.97631E-05 9.97631E-05 9.97631E-05 9.97631E-05 0.899414 9.97631E-05 9.97631E-05 9.97631E-05 9.97631E-05 9.97631E-05 9.97631E-05 9.97631E-05 9.97631E-05 9.97631E-05 0.0551 9.97631E-05
9.97981E-05 9.97981E-05 0.00412358 9.97981E-05 0.126191 9.97981E-05 9.97981E-05 0.172834 9.97981E-05 9.97981E-05 9.97981E-05 9.97981E-05 0.120454 9.97981E-05 9.97981E-05 9.97981E-05 9.97981E-05 0.0535387 0.436442 9.97981E-05 9.97981E-05 9.97981E-05 9.97981E-05 9.97981E-05 9.97981E-05 0.0841208 9.97981E-05 9.97981E-05 9.97981E-05 9.97981E-05
0.0268752 9.98419E-05 9.98419E-05 9.98419E-05 9.98419E-05 9.98419E-05 9.98419E-05 0.0561424 9.98419E-05 9.98419E-05 9.98419E-05 0.0748539 0.0241192 9.98419E-05 9.98419E-05 9.98419E-05 9.98419E-05 9.98419E-05 0.485009 9.98419E-05 0.0536367 9.98419E-05 0.149991 0.074753 0.012113 9.98419E-05 9.98419E-05 0.00123345 0.00858781 0.0308882
9.97981E-05 9.97981E-05 9.97981E-05 9.97981E-05 0.111048 9.97981E-05 0.0144213 9.97981E-05 9.97981E-05 9.97981E-05 9.97981E-05 0.06226 0.116163 9.97981E-05 9.97981E-05 9.97981E-05 9.97981E-05 9.97981E-05 0.489368 9.97981E-05 9.97981E-05 0.131216 9.97981E-05 9.97981E-05 9.97981E-05 9.97981E-05 9.97981E-05 0.0732294 9.97981E-05 9.97981E-05
9.97981E-05 0.0172476 9.97981E-05 9.97981E-05 9.97981E-05 9.97981E-05 9.97981E-05 0.151937 0.0876672 0.0203589 9.97981E-05 9.97981E-05 9.97981E-05 9.97981E-05 9.97981E-05 9.97981E-05 9.97981E-05 9.97981E-05 0.501944 9.97981E-05 9.97981E-05 0.0613525 0.157198 9.97981E-05 9.97981E-05 9.97981E-05 9.97981E-05 9.97981E-05 9.97981E-05 9.97981E-05
9.97811E-05 0.00606177 9.97811E-05 9.97811E-05 9.97811E-05 9.97811E-05 9.97811E-05 9.97811E-05 0.0203948 9.97811E-05 9.97811E-05 0.0306648 0.0311619 9.97811E-05 9.97811E-05 9.97811E-05 9.97811E-05 9.97811E-05 0.909222 9.97811E-05 9.97811E-05 9.97811E-05 9.97811E-05 9.97811E-05 9.97811E-05 9.97811E-05 9.97811E-05 9.97811E-05 9.97811E-05 9.97811E-05
9.97635E-05 9.97635E-05 9.97635E-05 9.97635E-05 0.0310274 9.97635E-05 9.97635E-05 9.97635E-05 9.97635E-05 9.97635E-05 9.97635E-05 9.97635E-05 9.97635E-05 9.97635E-05 9.97635E-05 9.97635E-05 9.97635E-05 9.97635E-05 0.909689 9.97635E-05 9.97635E-05 9.97635E-05 9.97635E-05 9.97635E-05 9.97635E-05 9.97635E-05 9.97635E-05 9.97635E-05 0.0565902 9.97635E-05
0.0504749 9.97805E-05 9.97805E-05 9.97805E-05 9.97805E-05 9.97805E-05 9.97805E-05 9.97805E-05 0.0558702 9.97805E-05 0.020751 9.97805E-05 9.97805E-05 9.97805E-05 9.97805E-05 9.97805E-05 9.97805E-05 9.97805E-05 0.716017 0.154393 9.97805E-05 9.97805E-05 9.97805E-05 9.97805E-05 9.97805E-05 9.97805E-05 9.97805E-05 9.97805E-05 9.97805E-05 9.97805E-05
0.0646685 9.97982E-05 9.97982E-05 9.97982E-05 0.0326647 9.97982E-05 9.97982E-05 9.97982E-05 9.97982E-05 9.97982E-05 9.97982E-05 9.97982E-05 0.11392 9.97982E-05 9.97982E-05 9.97982E-05 9.97982E-05 0.0261454 0.597058 9.97982E-05 9.97982E-05 9.97982E-05 0.105805 9.97982E-05 9.97982E-05 9.97982E-05 9.97982E-05 9.97982E-05 0.0574429 9.97982E-05
9.97719E-05 9.97719E-05 9.97719E-05 9.97719E-05 9.97719E-05 9.97719E-05 9.97719E-05 0.00907319 9.97719E-05 9.97719E-05 0.069972 9.97719E-05 9.97719E-05 9.97719E-05 9.97719E-05 9.97719E-05 9.97719E-05 9.97719E-05 0.882274 9.97719E-05 9.97719E-05 9.97719E-05 9.97719E-05 9.97719E-05 9.97719E-05 9.97719E-05 9.97719E-05 9.97719E-05 0.0360864 9.97719E-05
9.97978E-05 9.97978E-05 0.0396894 9.97978E-05 9.97978E-05 9.97978E-05 9.97978E-05 0.186725 0.0334755 9.97978E-05 9.97978E-05 0.00126037 9.97978E-05 0.0755147 9.97978E-05 9.97978E-05 9.97978E-05 9.97978E-05 0.610332 9.97978E-05 9.97978E-05 9.97978E-05 9.97978E-05 9.97978E-05 9.97978E-05 9.97978E-05 9.97978E-05 0.0507072 9.97978E-05 9.97978E-05
9.97639E-05 9.97639E-05 9.97639E-05 9.97639E-05 9.97639E-05 9.97639E-05 9.97639E-05 9.97639E-05 9.97639E-05 9.97639E-05 9.97639E-05 9.97639E-05 9.97639E-05 9.97639E-05 0.0633111 9.97639E-05 9.97639E-05 9.97639E-05 0.900671 9.97639E-05 9.97639E-05 9.97639E-05 9.97639E-05 9.97639E-05 0.033324 9.97639E-05 9.97639E-05 9.97639E-05 9.97639E-05 9.97639E-05
0.00689897 9.97804E-05 9.97804E-05 9.97804E-05 9.97804E-05 9.97804E-05 9.97804E-05 0.0453122 9.97804E-05 9.97804E-05 9.97804E-05 9.97804E-05 9.97804E-05 0.0263897 9.97804E-05 9.97804E-05 9.97804E-05 9.97804E-05 0.681914 9.97804E-05 9.97804E-05 9.97804E-05 0.236991 9.97804E-05 9.97804E-05 9.97804E-05 9.97804E-05 9.97804E-05 9.97804E-05 9.97804E-05
9.97809E-05 9.97809E-05 9.97809E-05 9.97809E-05 9.97809E-05 9.97809E-05 0.0531048 0.0393366 9.97809E-05 9.97809E-05 9.97809E-05 9.97809E-05 9.97809E-05 9.97809E-05 9.97809E-05 9.97809E-05 9.97809E-05 9.97809E-05 0.747795 9.97809E-05 0.10064 9.97809E-05 0.0566295 9.97809E-05 9.97809E-05 9.97809E-05 9.97809E-05 9.97809E-05 9.97809E-05 9.97809E-05
0.125268 9.98157E-05 9.98157E-05 9.98157E-05 0.0393797 9.98157E-05 0.0330567 0.0143352 9.98157E-05 0.0284148 0.031887 9.98157E-05 9.98157E-05 9.98157E-05 9.98157E-05 9.98157E-05 9.98157E-05 0.094813 0.623874 0.00687522 9.98157E-05 9.98157E-05 9.98157E-05 9.98157E-05 9.98157E-05 9.98157E-05 9.98157E-05 9.98157E-05 9.98157E-05 9.98157E-05
9.97629E-05 9.97629E-05 9.97629E-05 9.97629E-05 9.97629E-05 9.97629E-05 9.97629E-05 9.97629E-05 9.97629E-05 9.97629E-05 9.97629E-05 0.125563 0.105242 9.97629E-05 9.97629E-05 9.97629E-05 9.97629E-05 9.97629E-05 0.766501 9.97629E-05 9.97629E-05 9.97629E-05 9.97629E-05 9.97629E-05 9.97629E-05 9.97629E-05 9.97629E-05 9.97629E-05 9.97629E-05 9.97629E-05
9.97723E-05 9.97723E-05 9.97723E-05 9.97723E-05 0.021021 9.97723E-05 9.97723E-05 0.00320093 9.97723E-05 9.97723E-05 9.97723E-05 9.97723E-05 9.97723E-05 9.97723E-05 9.97723E-05 9.97723E-05 9.97723E-05 9.97723E-05 0.960718 9.97723E-05 0.0124658 9.97723E-05 9.97723E-05 9.97723E-05 9.97723E-05 9.97723E-05 9.97723E-05 9.97723E-05 9.97723E-05 9.97723E-05
9.97462E-05 9.97462E-05 9.97462E-05 9.97462E-05 9.97462E-05 9.97462E-05 9.97462E-05 9.97462E-05 9.97462E-05 9.97462E-05 9.97462E-05 9.97462E-05 9.97462E-05 9.97462E-05 9.97462E-05 9.97462E-05 9.97462E-05 9.97462E-05 0.997107 9.97462E-05 9.97462E-05 9.97462E-05 9.97462E-05 9.97462E-05 9.97462E-05 9.97462E-05 9.97462E-05 9.97462E-05 9.97462E-05 9.97462E-05
9.97461E-05 9.97461E-05 9.97461E-05 9.97461E-05 9.97461E-05 9.97461E-05 9.97461E-05 9.97461E-05 9.97461E-05 9.97461E-05 9.97461E-05 9.97461E-05 9.97461E-05 9.97461E-05 9.97461E-05 9.97461E-05 9.97461E-05 9.97461E-05 0.997107 9.97461E-05 9.97461E-05 9.97461E-05 9.97461E-05 9.97461E-05 9.97461E-05 9.97461E-05 9.97461E-05 9.97461E-05 9.97461E-05 9.97461E-05
9.97721E-05 9.97721E-05 9.97721E-05 0.0637577 9.97721E-05 9.97721E-05 9.97721E-05 9.97721E-05 9.97721E-05 9.97721E-05 0.0786164 0.0331204 9.97721E-05 9.97721E-05 9.97721E-05 9.97721E-05 9.97721E-05 9.97721E-05 0.821911 9.97721E-05 9.97721E-05 9.97721E-05 9.97721E-05 9.97721E-05 9.97721E-05 9.97721E-05 9.97721E-05 9.97721E-05 9.97721E-05 9.97721E-05
9.97722E-05 9.97722E-05 9.97722E-05 9.97722E-05 0.0675094 9.97722E-05 9.97722E-05 0.123619 9.97722E-05 9.97722E-05 9.97722E-05 9.97722E-05 9.97722E-05 9.97722E-05 9.97722E-05 9.97722E-05 9.97722E-05 9.97722E-05 0.63811 9.97722E-05 9.97722E-05 9.97722E-05 9.97722E-05 9.97722E-05 9.97722E-05 9.97722E-05 0.168167 9.97722E-05 9.97722E-05 9.97722E-05
9.9772E-05 9.9772E-05 9.9772E-05 9.9772E-05 0.0883765 9.9772E-05 0.292551 0.103325 0.513154 9.9772E-05 9.9772E-05 9.9772E-05 9.9772E-05 9.9772E-05 9.9772E-05 9.9772E-05 9.9772E-05 9.9772E-05 9.9772E-05 9.9772E-05 9.9772E-05 9.9772E-05 9.9772E-05 9.9772E-05 9.9772E-05 9.9772E-05 9.9772E-05 9.9772E-05 9.9772E-05 9.9772E-05
9.97547E-05 9.97547E-05 9.97547E-05 9.97547E-05 9.97547E-05 9.97547E-05 9.97547E-05 9.97547E-05 0.507574 9.97547E-05 9.97547E-05 9.97547E-05 9.97547E-05 9.97547E-05 9.97547E-05 9.97547E-05 9.97547E-05 9.97547E-05 9.97547E-05 9.97547E-05 9.97547E-05 9.97547E-05 9.97547E-05 9.97547E-05 9.97547E-05 9.97547E-05 0.489633 9.97547E-05 9.97547E-05 9.97547E-05
9.97895E-05 0.020926 9.97895E-05 9.97895E-05 9.97895E-05 9.97895E-05 0.000925796 0.0539342 0.817207 9.97895E-05 9.97895E-05 9.97895E-05 9.97895E-05 9.97895E-05 9.97895E-05 9.97895E-05 9.97895E-05 0.0784925 9.97895E-05 9.97895E-05 9.97895E-05 9.97895E-05 9.97895E-05 9.97895E-05 9.97895E-05 9.97895E-05 9.97895E-05 9.97895E-05 9.97895E-05 0.0261192
9.97805E-05 9.97805E-05 9.97805E-05 9.97805E-05 0.00398038 9.97805E-05 0.133051 0.0904016 0.743514 9.97805E-05 0.0265592 9.97805E-05 9.97805E-05 9.97805E-05 9.97805E-05 9.97805E-05 9.97805E-05 9.97805E-05 9.97805E-05 9.97805E-05 9.97805E-05 9.97805E-05 9.97805E-05 9.97805E-05 9.97805E-05 9.97805E-05 9.97805E-05 9.97805E-05 9.97805E-05 9.97805E-05
9.97892E-05 0.0491317 9.97892E-05 9.97892E-05 0.0229361 9.97892E-05 0.240094 9.97892E-05 0.677916 9.97892E-05 9.97892E-05 9.97892E-05 9.97892E-05 9.97892E-05 9.97892E-05 9.97892E-05 9.97892E-05 0.00687361 9.97892E-05 0.000653846 9.97892E-05 9.97892E-05 9.97892E-05 9.97892E-05 9.97892E-05 9.97892E-05 9.97892E-05 9.97892E-05 9.97892E-05 9.97892E-05
9.98071E-05 9.98071E-05 9.98071E-05 9.98071E-05 0.109666 9.98071E-05 0.539704 0.0817661 0.110383 9.98071E-05 9.98071E-05 9.98071E-05 9.98071E-05 9.98071E-05 9.98071E-05 9.98071E-05 9.98071E-05 9.98071E-05 9.98071E-05 9.98071E-05 0.057071 9.98071E-05 9.98071E-05 9.98071E-05 9.98071E-05 0.049422 0.00526158 9.98071E-05 0.0445312 9.98071E-05
9.97718E-05 9.97718E-05 9.97718E-05 9.97718E-05 0.0578134 9.97718E-05 9.97718E-05 0.0303891 0.885612 9.97718E-05 9.97718E-05 0.0235917 9.97718E-05 9.97718E-05 9.97718E-05 9.97718E-05 9.97718E-05 9.97718E-05 9.97718E-05 9.97718E-05 9.97718E-05 9.97718E-05 9.97718E-05 9.97718E-05 9.97718E-05 9.97718E-05 9.97718E-05 9.97718E-05 9.97718E-05 9.97718E-05
9.97632E-05 9.97632E-05 9.97632E-05 9.97632E-05 0.121821 9.97632E-05 9.97632E-05 9.97632E-05 0.865746 9.97632E-05 9.97632E-05 9.97632E-05 9.97632E-05 9.97632E-05 9.97632E-05 0.00973962 9.97632E-05 9.97632E-05 9.97632E-05 9.97632E-05 9.97632E-05 9.97632E-05 9.97632E-05 9.97632E-05 9.97632E-05 9.97632E-05 9.97632E-05 9.97632E-05 9.97632E-05 9.97632E-05
9.97892E-05 9.97892E-05 9.97892E-05 9.97892E-05 0.25758 9.97892E-05 9.97892E-05 9.97892E-05 0.426625 9.97892E-05 9.97892E-05 0.025209 0.0150314 0.0667528 9.97892E-05 9.97892E-05 9.97892E-05 9.97892E-05 9.97892E-05 9.97892E-05 0.206407 9.97892E-05 9.97892E-05 9.97892E-05 9.97892E-05 9.97892E-05 9.97892E-05 9.97892E-05 9.97892E-05 9.97892E-05
9.97807E-05 9.97807E-05 9.97807E-05 9.97807E-05 0.189231 9.97807E-05 9.97807E-05 0.233833 0.502501 9.97807E-05 9.97807E-05 0.0626774 9.97807E-05 9.97807E-05 9.97807E-05 9.97807E-05 9.97807E-05 9.97807E-05 9.97807E-05 9.97807E-05 9.97807E-05 9.97807E-05 9.97807E-05 9.97807E-05 9.97807E-05 0.00926304 9.97807E-05 9.97807E-05 9.97807E-05 9.97807E-05
9.97896E-05 9.97896E-05 9.97896E-05 9.97896E-05 9.97896E-05 9.97896E-05 0.461866 9.97896E-05 9.97896E-05 9.97896E-05 9.97896E-05 9.97896E-05 0.0577583 9.97896E-05 0.284585 9.97896E-05 0.0186515 9.97896E-05 9.97896E-05 9.97896E-05 0.139167 9.97896E-05 9.97896E-05 9.97896E-05 9.97896E-05 9.97896E-05 9.97896E-05 9.97896E-05 9.97896E-05 0.0355777
9.97984E-05 9.97984E-05 9.97984E-05 9.97984E-05 9.97984E-05 9.97984E-05 0.593081 0.0637361 0.121597 9.97984E-05 9.97984E-05 9.97984E-05 0.0217381 9.97984E-05 9.97984E-05 9.97984E-05 0.0610499 9.97984E-05 9.97984E-05 9.97984E-05 0.0885959 9.97984E-05 9.97984E-05 9.97984E-05 9.97984E-05 9.97984E-05 0.0479076 9.97984E-05 9.97984E-05 9.97984E-05
9.97722E-05 9.97722E-05 9.97722E-05 9.97722E-05 0.138001 9.97722E-05 9.97722E-05 9.97722E-05 0.763304 9.97722E-05 9.97722E-05 9.97722E-05 9.97722E-05 9.97722E-05 0.045818 9.97722E-05 9.97722E-05 9.97722E-05 9.97722E-05 9.97722E-05 9.97722E-05 9.97722E-05 9.97722E-05 9.97722E-05 9.97722E-05 0.0502828 9.97722E-05 9.97722E-05 9.97722E-05 9.97722E-05
9.97898E-05 9.97898E-05 9.97898E-05 9.97898E-05 0.105851 9.97898E-05 0.290483 0.190963 0.259942 9.97898E-05 9.97898E-05 9.97898E-05 9.97898E-05 9.97898E-05 0.115363 9.97898E-05 9.97898E-05 0.035003 9.97898E-05 9.97898E-05 9.97898E-05 9.97898E-05 9.97898E-05 9.97898E-05 9.97898E-05 9.97898E-05 9.97898E-05 9.97898E-05 9.97898E-05 9.97898E-05
9.9816E-05 9.9816E-05 9.9816E-05 9.9816E-05 0.0273131 9.9816E-05 0.457214 9.9816E-05 0.229387 9.9816E-05 0.0629644 0.00589616 9.9816E-05 0.0259496 0.0760507 9.9816E-05 9.9816E-05 0.0901135 9.9816E-05 9.9816E-05 9.9816E-05 9.9816E-05 9.9816E-05 9.9816E-05 9.9816E-05 0.0230152 9.9816E-05 9.9816E-05 9.9816E-05 9.9816E-05
9.97895E-05 9.97895E-05 9.97895E-05 9.97895E-05 0.0099516 9.97895E-05 0.553759 0.0591625 0.0965173 9.97895E-05 9.97895E-05 9.97895E-05 9.97895E-05 0.22349 9.97895E-05 9.97895E-05 9.97895E-05 9.97895E-05 9.97895E-05 9.97895E-05 9.97895E-05 9.97895E-05 9.97895E-05 9.97895E-05 9.97895E-05 0.0547249 9.97895E-05 9.97895E-05 9.97895E-05 9.97895E-05
9.9772E-05 9.9772E-05 9.9772E-05 9.9772E-05 0.0912802 9.9772E-05 9.9772E-05 9.9772E-05 0.628411 9.9772E-05 9.9772E-05 9.9772E-05 9.9772E-05 9.9772E-05 0.0323076 9.9772E-05 9.9772E-05 9.9772E-05 9.9772E-05 9.9772E-05 0.245407 9.9772E-05 9.9772E-05 9.9772E-05 9.9772E-05 9.9772E-05 9.9772E-05 9.9772E-05 9.9772E-05 9.9772E-05
9.97811E-05 9.97811E-05 9.97811E-05 9.97811E-05 0.0746522 0.045106 0.4114 9.97811E-05 0.309611 9.97811E-05 9.97811E-05 9.97811E-05 9.97811E-05 9.97811E-05 9.97811E-05 9.97811E-05 9.97811E-05 9.97811E-05 9.97811E-05 9.97811E-05 9.97811E-05 9.97811E-05 9.97811E-05 9.97811E-05 9.97811E-05 0.156736 9.97811E-05 9.97811E-05 9.97811E-05 9.97811E-05
9.97809E-05 9.97809E-05 9.97809E-05 9.97809E-05 0.0375258 9.97809E-05 0.483487 9.97809E-05 0.369309 9.97809E-05 9.97809E-05 9.97809E-05 0.0276154 9.97809E-05 0.0795678 9.97809E-05 9.97809E-05 9.97809E-05 9.97809E-05 9.97809E-05 9.97809E-05 9.97809E-05 9.97809E-05 9.97809E-05 9.97809E-05 9.97809E-05 9.97809E-05 9.97809E-05 9.97809E-05 9.97809E-05
9.98244E-05 9.98244E-05 0.079435 9.98244E-05 0.0985977 9.98244E-05 0.139055 0.0449768 0.13733 9.98244E-05 9.98244E-05 9.98244E-05 0.00351978 0.0751763 9.98244E-05 9.98244E-05 9.98244E-05 9.98244E-05 9.98244E-05 9.98244E-05 9.98244E-05 9.98244E-05 9.98244E-05 0.032424 9.98244E-05 0.00731235 0.380177 9.98244E-05 9.98244E-05 9.98244E-05
9.97896E-05 9.97896E-05 9.97896E-05 9.97896E-05 9.97896E-05 9.97896E-05 0.670175 0.038528 9.97896E-05 9.97896E-05 9.97896E-05 9.97896E-05 9.97896E-05 9.97896E-05 0.0367508 9.97896E-05 9.97896E-05 0.117285 9.97896E-05 9.97896E-05 0.0752961 9.97896E-05 9.97896E-05 9.97896E-05 9.97896E-05 0.0595702 9.97896E-05 9.97896E-05 9.97896E-05 9.97896E-05
9.97632E-05 9.97632E-05 9.97632E-05 9.97632E-05 9.97632E-05 9.97632E-05 0.526984 9.97632E-05 0.422192 9.97632E-05 9.97632E-05 0.0481301 9.97632E-05 9.97632E-05 9.97632E-05 9.97632E-05 9.97632E-05 9.97632E-05 9.97632E-05 9.97632E-05 9.97632E-05 9.97632E-05 9.97632E-05 9.97632E-05 9.97632E-05 9.97632E-05 9.97632E-05 9.97632E-05 9.97632E-05 9.97632E-05
9.97894E-05 9.97894E-05 0.0743819 9.97894E-05 0.200822 9.97894E-05 0.435309 0.151247 9.97894E-05 9.97894E-05 9.97894E-05 9.97894E-05 9.97894E-05 9.97894E-05 9.97894E-05 0.101242 9.97894E-05 9.97894E-05 9.97894E-05 9.97894E-05 0.0346026 9.97894E-05 9.97894E-05 9.97894E-05 9.97894E-05 9.97894E-05 9.97894E-05 9.97894E-05 9.97894E-05 9.97894E-05
9.97897E-05 0.111125 9.97897E-05 9.97897E-05 0.0953729 9.97897E-05 0.237507 9.97897E-05 0.418537 9.97897E-05 9.97897E-05 9.97897E-05 9.97897E-05 9.97897E-05 0.0857101 9.97897E-05 9.97897E-05 9.97897E-05 9.97897E-05 9.97897E-05 9.97897E-05 9.97897E-05 9.97897E-05 9.97897E-05 9.97897E-05 9.97897E-05 9.97897E-05 9.97897E-05 9.97897E-05 0.0493529
0.00671189 9.9807E-05 0.08022 9.9807E-05 0.122886 9.9807E-05 0.373142 0.250274 0.0588709 9.9807E-05 9.9807E-05 9.9807E-05 9.9807E-05 9.9807E-05 9.9807E-05 0.0740254 9.9807E-05 9.9807E-05 9.9807E-05 9.9807E-05 9.9807E-05 9.9807E-05 9.9807E-05 9.9807E-05 9.9807E-05 9.9807E-05 9.9807E-05 9.9807E-05 0.0316753 9.9807E-05
9.97896E-05 9.97896E-05 9.97896E-05 9.97896E-05 0.0585525 9.97896E-05 9.97896E-05 0.0600083 0.535907 9.97896E-05 9.97896E-05 9.97896E-05 9.97896E-05 9.97896E-05 0.180936 9.97896E-05 9.97896E-05 9.97896E-05 0.0476565 9.97896E-05 0.114545 9.97896E-05 9.97896E-05 9.97896E-05 9.97896E-05 9.97896E-05 9.97896E-05 9.97896E-05 9.97896E-05 9.97896E-05
9.97983E-05 0.0239476 9.97983E-05 9.97983E-05 9.97983E-05 9.97983E-05 0.130317 0.00138288 9.97983E-05 0.0147844 9.97983E-05 9.97983E-05 9.97983E-05 9.97983E-05 9.97983E-05 9.97983E-05 9.97983E-05 9.97983E-05 9.97983E-05 0.0211447 9.97983E-05 9.97983E-05 9.97983E-05 0.0405106 9.97983E-05 9.97983E-05 0.765617 9.97983E-05 9.97983E-05 9.97983E-05
