0.297583 9.99561E-05 9.99561E-05 0.02905 0.0986521 9.99561E-05 9.99561E-05 9.99561E-05 0.0458994 0.528316
0.151554 9.99473E-05 9.99473E-05 9.99473E-05 9.99473E-05 9.99473E-05 0.0285949 9.99473E-05 0.0409436 0.778308
9.99473E-05 9.99473E-05 9.99473E-05 0.0201509 0.00366275 9.99473E-05 9.99473E-05 9.99473E-05 0.0173707 0.958216
0.0912929 0.376991 0.0246842 9.99736E-05 9.99736E-05 9.99736E-05 0.0737638 0.0207697 0.0745273 0.337671
9.99298E-05 0.0987527 9.99298E-05 9.99298E-05 9.99298E-05 9.99298E-05 9.99298E-05 9.99298E-05 9.99298E-05 0.900448
0.0804934 0.269708 0.203627 9.99562E-05 9.99562E-05 9.99562E-05 9.99562E-05 0.0779828 9.99562E-05 0.367689
0.156042 0.0443492 9.99737E-05 9.99737E-05 0.143298 0.0761195 0.00989606 9.99737E-05 0.188766 0.381229
9.99649E-05 0.34396 9.99649E-05 0.0536599 9.99649E-05 0.085434 9.99649E-05 0.198951 0.0242897 0.293306
0.218795 9.99473E-05 9.99473E-05 9.99473E-05 0.206618 9.99473E-05 9.99473E-05 0.307591 9.99473E-05 0.266396
0.015904 9.99473E-05 9.99473E-05 9.99473E-05 0.0261899 9.99473E-05 0.00779541 9.99473E-05 9.99473E-05 0.949511
0.238976 9.99561E-05 9.99561E-05 9.99561E-05 9.99561E-05 9.99561E-05 0.003019 0.0180604 0.159111 0.580334
9.99473E-05 0.0169544 9.99473E-05 9.99473E-05 9.99473E-05 9.99473E-05 0.0017402 9.99473E-05 0.0122502 0.968455
0.0568033 0.0233346 9.99385E-05 9.99385E-05 9.99385E-05 9.99385E-05 9.99385E-05 9.99385E-05 9.99385E-05 0.919163
0.020108 9.99561E-05 0.159197 9.99561E-05 0.0313631 9.99561E-05 9.99561E-05 9.99561E-05 0.101336 0.687497
0.277397 0.00127542 0.0646946 9.99649E-05 0.093373 9.99649E-05 9.99649E-05 0.168424 9.99649E-05 0.394436
0.160506 0.213689 0.0116503 9.99649E-05 9.99649E-05 0.0960494 9.99649E-05 0.19131 9.99649E-05 0.326395
0.129929 9.99649E-05 0.104433 9.99649E-05 0.0404427 0.0764678 9.99649E-05 9.99649E-05 0.0871969 0.561131
0.1353 9.99649E-05 9.99649E-05 0.172128 0.034466 9.99649E-05 0.234451 0.108831 9.99649E-05 0.314425
0.166794 0.273313 9.99648E-05 9.99648E-05 0.0098011 9.99648E-05 0.0176325 0.168742 9.99648E-05 0.363319
9.99386E-05 9.99386E-05 9.99386E-05 0.0106815 9.99386E-05 9.99386E-05 0.0414815 9.99386E-05 9.99386E-05 0.947137
9.99649E-05 0.233213 9.99649E-05 9.99649E-05 0.0186987 9.99649E-05 0.0258727 0.101111 0.0683674 0.552338
0.0106352 0.310317 0.0308226 0.00111398 9.99737E-05 9.99737E-05 9.99737E-05 0.186661 0.0710761 0.389075
0.217496 9.99474E-05 9.99474E-05 0.0455276 9.99474E-05 9.99474E-05 9.99474E-05 9.99474E-05 0.0362533 0.700123
0.326003 9.99737E-05 9.99737E-05 0.00841121 0.105628 0.0121577 9.99737E-05 0.053267 0.0113709 0.482862
0.197965 9.99736E-05 0.174858 9.99736E-05 0.0384415 9.99736E-05 0.128361 0.123508 0.0276386 0.308928
0.0988031 0.179441 9.99385E-05 9.99385E-05 9.99385E-05 9.99385E-05 9.99385E-05 9.99385E-05 9.99385E-05 0.721056
0.329729 0.0479196 0.158392 0.151025 9.99824E-05 0.128831 9.99824E-05 0.0360704 0.0169768 0.130855
0.0570248 0.0977072 0.0380722 9.99474E-05 9.99474E-05 9.99474E-05 9.99474E-05 9.99474E-05 9.99474E-05 0.806596
0.252798 9.99473E-05 9.99473E-05 9.99473E-05 0.0294687 9.99473E-05 0.0302821 9.99473E-05 9.99473E-05 0.686851
9.99473E-05 9.99473E-05 0.17077 9.99473E-05 0.0459418 9.99473E-05 9.99473E-05 0.0302934 9.99473E-05 0.752396
0.0367337 9.99649E-05 9.99649E-05 0.0216767 9.99649E-05 9.99649E-05 0.0097835 0.0486204 0.121201 0.761585
9.99474E-05 0.211418 0.273833 9.99474E-05 9.99474E-05 9.99474E-05 9.99474E-05 9.99474E-05 0.0132042 0.500945
0.110907 9.99648E-05 9.99648E-05 9.99648E-05 9.99648E-05 0.099454 0.0109619 0.0167115 0.134834 0.626732
0.0639139 0.0504224 0.189023 0.0476231 0.0392251 0.0684635 9.99824E-05 9.99824E-05 0.031169 0.50996
0.0373799 9.99561E-05 9.99561E-05 9.99561E-05 9.99561E-05 9.99561E-05 0.0520561 0.0161128 0.0409063 0.853045
0.0367855 9.99649E-05 9.99649E-05 9.99649E-05 0.0893074 9.99649E-05 0.00282861 0.035703 0.0285002 0.806475
9.99561E-05 9.99561E-05 9.99561E-05 0.00453972 9.99561E-05 0.0104885 0.0791979 9.99561E-05 0.0134012 0.891873
0.067803 9.99561E-05 9.99561E-05 9.99561E-05 9.99561E-05 9.99561E-05 0.1107 0.13619 0.0351507 0.649657
0.177256 0.0251813 0.119312 9.99649E-05 9.99649E-05 9.99649E-05 9.99649E-05 0.0520568 0.0271533 0.598641
0.0350729 9.99473E-05 0.214184 9.99473E-05 9.99473E-05 0.125141 9.99473E-05 9.99473E-05 9.99473E-05 0.625002
0.0390815 0.00794963 9.99561E-05 9.99561E-05 9.99561E-05 9.99561E-05 9.99561E-05 0.0255984 0.0321196 0.894751
0.158243 9.99474E-05 9.99474E-05 9.99474E-05 0.0183215 9.99474E-05 9.99474E-05 0.0928765 9.99474E-05 0.729959
9.99386E-05 9.99386E-05 0.0518745 9.99386E-05 9.99386E-05 9.99386E-05 9.99386E-05 9.99386E-05 0.00635961 0.941066
0.238039 9.99561E-05 9.99561E-05 9.99561E-05 0.0603548 9.99561E-05 9.99561E-05 0.127983 0.112391 0.460732
0.226321 0.405231 9.99649E-05 9.99649E-05 0.022422 9.99649E-05 0.00318337 9.99649E-05 0.0211717 0.321271
9.99385E-05 0.0939637 9.99385E-05 9.99385E-05 9.99385E-05 9.99385E-05 0.0504564 9.99385E-05 9.99385E-05 0.85488
0.0620219 9.99561E-05 9.99561E-05 0.0795321 9.99561E-05 9.99561E-05 9.99561E-05 0.0310094 0.0411506 0.785786
9.9921E-05 9.9921E-05 9.9921E-05 9.9921E-05 9.9921E-05 9.9921E-05 9.9921E-05 9.9921E-05 9.9921E-05 0.999101
0.0652089 0.103503 9.99473E-05 9.99473E-05 9.99473E-05 9.99473E-05 9.99473E-05 9.99473E-05 0.0514901 0.779198
9.99562E-05 9.99562E-05 9.99562E-05 0.0419209 9.99562E-05 0.140606 9.99562E-05 0.0489428 0.0277213 0.740309
0.220339 0.106345 0.0281317 9.99824E-05 0.0327208 9.99824E-05 0.00446641 0.0774736 0.12798 0.402343
9.99649E-05 0.262337 9.99649E-05 9.99649E-05 0.0578178 0.00190237 0.0372742 0.0137417 9.99649E-05 0.626527
0.0704344 9.99474E-05 9.99474E-05 0.0829682 9.99474E-05 9.99474E-05 9.99474E-05 0.0214272 9.99474E-05 0.824571
9.99649E-05 9.99649E-05 0.00113034 0.0391974 9.99649E-05 0.258341 0.0197536 0.0082492 9.99649E-05 0.672929
0.0800788 0.0494943 9.99649E-05 9.99649E-05 0.0134182 0.00201983 0.0133041 9.99649E-05 9.99649E-05 0.841285
9.99474E-05 9.99474E-05 0.0558443 9.99474E-05 9.99474E-05 9.99474E-05 0.0879553 9.99474E-05 0.109933 0.745668
0.0459659 0.026416 9.99649E-05 0.0684642 9.99649E-05 0.0633002 9.99649E-05 0.0025973 9.99649E-05 0.792857
9.99474E-05 0.0817114 9.99474E-05 0.0181615 9.99474E-05 9.99474E-05 9.99474E-05 9.99474E-05 0.0653785 0.834149
0.0324972 9.99473E-05 9.99473E-05 9.99473E-05 9.99473E-05 9.99473E-05 9.99473E-05 0.00269268 0.033751 0.930459
0.560884 9.99649E-05 0.0294475 0.117683 9.99649E-05 9.99649E-05 9.99649E-05 0.069352 0.102542 0.119692
0.369477 0.0233346 9.99737E-05 9.99737E-05 0.168704 0.047713 0.0126302 9.99737E-05 0.00589695 0.371944
0.290562 9.99737E-05 0.0233116 0.161253 9.99737E-05 0.141298 9.99737E-05 0.00910437 0.0201667 0.354005
0.510905 9.99562E-05 0.235449 0.0739445 9.99562E-05 9.99562E-05 9.99562E-05 0.167384 0.011817 9.99562E-05
0.451357 0.17529 9.99824E-05 0.11481 9.99824E-05 0.0468105 0.0184197 0.0692467 0.0278292 0.0960357
0.749683 9.99561E-05 9.99561E-05 0.00246953 0.0510914 9.99561E-05 9.99561E-05 0.0878726 0.108383 9.99561E-05
0.655627 0.0408276 9.99649E-05 9.99649E-05 9.99649E-05 0.00882921 9.99649E-05 0.0909084 0.19497 0.00843773
0.564471 9.99561E-05 0.0609968 0.263369 9.99561E-05 9.99561E-05 9.99561E-05 0.0880828 0.0225804 9.99561E-05
0.490637 9.99562E-05 0.0842058 0.090781 0.122471 9.99562E-05 9.99562E-05 9.99562E-05 9.99562E-05 0.211405
0.383956 0.0215103 9.99649E-05 0.0130721 9.99649E-05 9.99649E-05 9.99649E-05 0.0653178 0.142389 0.373355
0.545911 9.99561E-05 9.99561E-05 0.00903924 9.99561E-05 9.99561E-05 0.0674568 0.130066 0.247027 9.99561E-05
0.479637 0.128779 9.99737E-05 0.109453 9.99737E-05 0.198392 9.99737E-05 0.0101368 0.0543832 0.018919
0.269135 0.0758167 0.0983276 0.0223362 0.0112692 0.17589 9.99824E-05 0.157197 0.189828 9.99824E-05
0.674955 0.127538 9.99649E-05 0.0229255 9.99649E-05 0.0782974 9.99649E-05 0.0560072 9.99649E-05 0.0398773
0.316373 9.9965E-05 0.254464 9.9965E-05 0.0393094 0.0803437 9.9965E-05 9.9965E-05 0.0483525 0.260757
0.409682 0.0131383 0.0686612 0.069244 9.99737E-05 9.99737E-05 9.99737E-05 0.0954108 0.0387681 0.304795
0.473813 0.224364 9.99649E-05 0.141148 0.0239959 0.116218 9.99649E-05 0.0200623 9.99649E-05 9.99649E-05
0.271169 0.109977 9.99649E-05 0.0954588 9.99649E-05 9.99649E-05 9.99649E-05 0.134774 0.211806 0.176415
0.398456 0.0223476 9.99737E-05 0.224093 9.99737E-05 0.00156573 9.99737E-05 0.0172663 0.102567 0.233404
0.691107 9.99561E-05 9.99561E-05 0.0515409 9.99561E-05 0.169602 0.0132705 9.99561E-05 0.07398 9.99561E-05
0.446424 0.0839437 9.99563E-05 0.0484259 9.99563E-05 9.99563E-05 9.99563E-05 9.99563E-05 0.0446016 0.376105
0.536938 0.0937759 0.0934149 0.058817 9.99737E-05 0.0907184 9.99737E-05 0.017259 9.99737E-05 0.108777
0.353495 9.99649E-05 0.293032 0.066435 9.99649E-05 0.00525218 9.99649E-05 9.99649E-05 0.0236952 0.25769
0.348727 0.0894388 0.0759218 0.111383 0.134646 0.00762569 9.99912E-05 0.0234349 0.0761098 0.132613
0.231601 0.193097 0.0104533 9.99649E-05 9.99649E-05 9.99649E-05 9.99649E-05 0.0706089 0.201882 0.291958
0.396106 9.9965E-05 0.0113013 9.9965E-05 9.9965E-05 9.9965E-05 0.0601357 0.107072 0.0184144 0.406571
0.345528 9.99737E-05 0.0791062 0.110795 0.0123028 0.00360749 9.99737E-05 0.00618778 9.99737E-05 0.442173
0.515214 9.9965E-05 9.9965E-05 0.0488647 0.0644235 0.0233877 9.9965E-05 0.0971346 9.9965E-05 0.250575
0.344001 9.99474E-05 9.99474E-05 0.242193 9.99474E-05 9.99474E-05 9.99474E-05 0.0602123 9.99474E-05 0.352994
0.454042 9.99562E-05 0.124172 9.99562E-05 9.99562E-05 9.99562E-05 0.0239988 0.120787 9.99562E-05 0.2765
0.0588318 0.0252727 0.791224 9.99473E-05 9.99473E-05 9.99473E-05 9.99473E-05 0.124072 9.99473E-05 9.99473E-05
9.99299E-05 9.99299E-05 0.967062 9.99299E-05 9.99299E-05 9.99299E-05 9.99299E-05 0.0321381 9.99299E-05 9.99299E-05
0.0542338 9.99472E-05 0.83035 0.0528559 9.99472E-05 9.99472E-05 9.99472E-05 9.99472E-05 0.0619605 9.99472E-05
0.155216 0.0848285 0.596214 0.0659699 9.99648E-05 9.99648E-05 0.0762117 0.0211602 9.99648E-05 9.99648E-05
9.9956E-05 9.9956E-05 0.775863 0.0118585 0.0628888 9.9956E-05 0.00581458 0.143075 9.9956E-05 9.9956E-05
0.241692 9.99473E-05 0.552016 9.99473E-05 9.99473E-05 9.99473E-05 0.0449629 0.16073 9.99473E-05 9.99473E-05
0.0122752 9.99561E-05 0.738013 0.0584406 9.99561E-05 9.99561E-05 9.99561E-05 0.125325 0.0654468 9.99561E-05
9.99473E-05 9.99473E-05 0.664785 0.0610291 9.99473E-05 9.99473E-05 0.0114674 0.262119 9.99473E-05 9.99473E-05
0.243737 9.99473E-05 0.29687 9.99473E-05 9.99473E-05 9.99473E-05 9.99473E-05 0.423428 0.0353659 9.99473E-05
0.257175 9.99472E-05 0.45962 0.0212732 9.99472E-05 9.99472E-05 9.99472E-05 0.261332 9.99472E-05 9.99472E-05
0.0949268 9.99386E-05 0.852839 9.99386E-05 9.99386E-05 9.99386E-05 9.99386E-05 0.051535 9.99386E-05 9.99386E-05
0.170176 9.99386E-05 0.784869 9.99386E-05 9.99386E-05 9.99386E-05 9.99386E-05 9.99386E-05 0.0442548 9.99386E-05
9.99473E-05 9.99473E-05 0.881955 0.00965688 9.99473E-05 9.99473E-05 9.99473E-05 0.0999754 0.00781272 9.99473E-05
0.176157 9.99561E-05 0.649466 9.99561E-05 0.0174867 9.99561E-05 9.99561E-05 0.1538 0.00259094 9.99561E-05
9.99561E-05 9.99561E-05 0.677265 0.125666 0.0219427 9.99561E-05 0.0682195 0.106407 9.99561E-05 9.99561E-05
0.264556 9.99561E-05 0.636055 9.99561E-05 9.99561E-05 9.99561E-05 0.00168328 0.0446593 0.0525462 9.99561E-05
0.319925 9.9956E-05 0.51284 0.0240954 9.9956E-05 9.9956E-05 0.0993435 0.0432958 9.9956E-05 9.9956E-05
9.99474E-05 0.0921683 0.688491 9.99474E-05 9.99474E-05 0.0564903 9.99474E-05 0.16225 9.99474E-05 9.99474E-05
9.99473E-05 9.99473E-05 0.887981 9.99473E-05 9.99473E-05 9.99473E-05 0.0420613 0.0308616 0.0384967 9.99473E-05
0.027521 9.99474E-05 0.764985 9.99474E-05 9.99474E-05 9.99474E-05 0.0840879 0.122806 9.99474E-05 9.99474E-05
0.114133 0.0601572 0.783951 0.00214882 9.99561E-05 9.99561E-05 9.99561E-05 0.0391107 9.99561E-05 9.99561E-05
0.0610508 0.0565564 0.698511 9.99648E-05 9.99648E-05 9.99648E-05 0.0154517 0.142305 0.0257254 9.99648E-05
0.208702 0.0693008 0.301062 9.99648E-05 9.99648E-05 9.99648E-05 0.0980059 0.307053 0.0154764 9.99648E-05
9.99298E-05 9.99298E-05 0.813306 9.99298E-05 9.99298E-05 9.99298E-05 9.99298E-05 0.185894 9.99298E-05 9.99298E-05
0.29159 0.117211 0.30012 9.99561E-05 9.99561E-05 9.99561E-05 0.0394631 0.251116 9.99561E-05 9.99561E-05
0.274466 9.99562E-05 0.571469 0.0173684 9.99562E-05 0.0142136 9.99562E-05 0.121983 9.99562E-05 9.99562E-05
9.99299E-05 9.99299E-05 0.902481 9.99299E-05 0.0967197 9.99299E-05 9.99299E-05 9.99299E-05 9.99299E-05 9.99299E-05
0.0261602 0.149406 0.703572 9.9956E-05 9.9956E-05 9.9956E-05 0.0037848 0.116577 9.9956E-05 9.9956E-05
0.202885 9.99385E-05 0.512632 9.99385E-05 9.99385E-05 9.99385E-05 9.99385E-05 0.283783 9.99385E-05 9.99385E-05
0.0523457 9.99561E-05 0.817805 9.99561E-05 9.99561E-05 9.99561E-05 0.0527139 0.0163336 0.0603017 9.99561E-05
0.163952 9.99649E-05 0.578247 9.99649E-05 9.99649E-05 0.0656921 0.0127147 0.0668857 0.112108 9.99649E-05
9.99473E-05 9.99473E-05 0.911121 9.99473E-05 9.99473E-05 0.0167143 0.0533777 9.99473E-05 0.0181872 9.99473E-05
0.0605982 9.99648E-05 0.335451 9.99648E-05 9.99648E-05 0.0407606 0.205329 0.301943 0.0555181 9.99648E-05
0.106747 9.99472E-05 0.734917 9.99472E-05 9.99472E-05 9.99472E-05 0.0702765 0.0874596 9.99472E-05 9.99472E-05
9.99385E-05 9.99385E-05 0.894 9.99385E-05 9.99385E-05 9.99385E-05 0.0490526 0.0562475 9.99385E-05 9.99385E-05
9.99473E-05 9.99473E-05 0.816516 9.99473E-05 9.99473E-05 0.0385471 9.99473E-05 0.105718 0.0386189 9.99473E-05
0.24077 9.99472E-05 0.481071 0.128421 9.99472E-05 9.99472E-05 9.99472E-05 0.149138 9.99472E-05 9.99472E-05
9.99298E-05 9.99298E-05 0.983049 9.99298E-05 9.99298E-05 9.99298E-05 9.99298E-05 0.0161518 9.99298E-05 9.99298E-05
9.99386E-05 9.99386E-05 0.919211 0.0351953 9.99386E-05 9.99386E-05 0.0448945 9.99386E-05 9.99386E-05 9.99386E-05
9.99386E-05 0.0300966 0.96539 9.99386E-05 9.99386E-05 9.99386E-05 9.99386E-05 9.99386E-05 0.00381381 9.99386E-05
9.99212E-05 9.99212E-05 0.999101 9.99212E-05 9.99212E-05 9.99212E-05 9.99212E-05 9.99212E-05 9.99212E-05 9.99212E-05
0.378037 9.9956E-05 0.456414 9.9956E-05 9.9956E-05 9.9956E-05 0.0470409 0.104107 0.0139015 9.9956E-05
9.9956E-05 0.0241809 0.761102 0.0279972 9.9956E-05 0.000246774 9.9956E-05 0.185973 9.9956E-05 9.9956E-05
0.0267002 9.99474E-05 0.875446 9.99474E-05 9.99474E-05 9.99474E-05 0.0424912 0.0547627 9.99474E-05 9.99474E-05
9.99299E-05 9.99299E-05 0.988764 9.99299E-05 9.99299E-05 9.99299E-05 9.99299E-05 9.99299E-05 9.99299E-05 0.0104362
0.169551 9.99561E-05 0.372146 0.0975746 9.99561E-05 9.99561E-05 0.157041 0.203188 9.99561E-05 9.99561E-05
0.107404 9.99561E-05 0.686067 0.0611307 9.99561E-05 0.0312442 9.99561E-05 0.113654 9.99561E-05 9.99561E-05
0.0651329 9.99562E-05 0.511404 9.99562E-05 0.202343 9.99562E-05 0.0493129 0.171308 9.99562E-05 9.99562E-05
0.24911 9.99561E-05 0.374183 9.99561E-05 9.99561E-05 9.99561E-05 0.0493359 0.305481 0.0213906 9.99561E-05
9.99211E-05 9.99211E-05 0.999101 9.99211E-05 9.99211E-05 9.99211E-05 9.99211E-05 9.99211E-05 9.99211E-05 9.99211E-05
0.154261 0.131404 0.589934 9.99736E-05 9.99736E-05 0.0702517 0.0281917 0.0110245 0.0146327 9.99736E-05
0.00244218 9.99387E-05 0.926159 9.99387E-05 9.99387E-05 9.99387E-05 9.99387E-05 0.0706992 9.99387E-05 9.99387E-05
0.113626 9.99561E-05 0.738625 0.0393644 9.99561E-05 9.99561E-05 9.99561E-05 0.106214 0.00167086 9.99561E-05
9.99385E-05 9.99385E-05 0.740032 9.99385E-05 9.99385E-05 0.137175 9.99385E-05 0.122094 9.99385E-05 9.99385E-05
9.99648E-05 9.99648E-05 0.779753 0.0305304 9.99648E-05 0.0213824 0.0330146 0.0715811 0.0633391 9.99648E-05
0.332506 9.99473E-05 0.39998 9.99473E-05 9.99473E-05 9.99473E-05 9.99473E-05 0.240629 0.0262849 9.99473E-05
9.99297E-05 9.99297E-05 0.783462 9.99297E-05 9.99297E-05 9.99297E-05 9.99297E-05 0.215738 9.99297E-05 9.99297E-05
9.99473E-05 9.99473E-05 0.769886 9.99473E-05 9.99473E-05 0.0206158 0.113885 0.0950133 9.99473E-05 9.99473E-05
9.99297E-05 9.99297E-05 0.859263 9.99297E-05 9.99297E-05 9.99297E-05 0.139937 9.99297E-05 9.99297E-05 9.99297E-05
9.99298E-05 9.99298E-05 0.784244 9.99298E-05 9.99298E-05 9.99298E-05 9.99298E-05 0.214957 9.99298E-05 9.99298E-05
0.980195 9.99296E-05 9.99296E-05 9.99296E-05 9.99296E-05 9.99296E-05 0.0190051 9.99296E-05 9.99296E-05 9.99296E-05
9.99208E-05 9.99208E-05 9.99208E-05 9.99208E-05 9.99208E-05 9.99208E-05 9.99208E-05 0.999101 9.99208E-05 9.99208E-05
0.999101 9.99208E-05 9.99208E-05 9.99208E-05 9.99208E-05 9.99208E-05 9.99208E-05 9.99208E-05 9.99208E-05 9.99208E-05
9.99207E-05 9.99207E-05 9.99207E-05 9.99207E-05 9.99207E-05 9.99207E-05 9.99207E-05 0.999101 9.99207E-05 9.99207E-05
9.99208E-05 9.99208E-05 9.99208E-05 9.99208E-05 9.99208E-05 9.99208E-05 9.99208E-05 0.999101 9.99208E-05 9.99208E-05
9.99208E-05 9.99208E-05 9.99208E-05 9.99208E-05 9.99208E-05 9.99208E-05 9.99208E-05 0.999101 9.99208E-05 9.99208E-05
0.999101 9.99208E-05 9.99208E-05 9.99208E-05 9.99208E-05 9.99208E-05 9.99208E-05 9.99208E-05 9.99208E-05 9.99208E-05
9.99207E-05 9.99207E-05 9.99207E-05 9.99207E-05 9.99207E-05 9.99207E-05 9.99207E-05 0.999101 9.99207E-05 9.99207E-05
9.99208E-05 9.99208E-05 9.99208E-05 9.99208E-05 9.99208E-05 9.99208E-05 9.99208E-05 0.999101 9.99208E-05 9.99208E-05
0.999101 9.99207E-05 9.99207E-05 9.99207E-05 9.99207E-05 9.99207E-05 9.99207E-05 9.99207E-05 9.99207E-05 9.99207E-05
0.999101 9.99207E-05 9.99207E-05 9.99207E-05 9.99207E-05 9.99207E-05 9.99207E-05 9.99207E-05 9.99207E-05 9.99207E-05
0.999101 9.99208E-05 9.99208E-05 9.99208E-05 9.99208E-05 9.99208E-05 9.99208E-05 9.99208E-05 9.99208E-05 9.99208E-05
9.99208E-05 9.99208E-05 9.99208E-05 9.99208E-05 9.99208E-05 9.99208E-05 9.99208E-05 0.999101 9.99208E-05 9.99208E-05
9.99208E-05 9.99208E-05 9.99208E-05 9.99208E-05 9.99208E-05 9.99208E-05 9.99208E-05 0.999101 9.99208E-05 9.99208E-05
0.999101 9.99207E-05 9.99207E-05 9.99207E-05 9.99207E-05 9.99207E-05 9.99207E-05 9.99207E-05 9.99207E-05 9.99207E-05
0.999101 9.99207E-05 9.99207E-05 9.99207E-05 9.99207E-05 9.99207E-05 9.99207E-05 9.99207E-05 9.99207E-05 9.99207E-05
0.169371 0.151932 0.332563 0.0155382 0.0902566 0.118693 0.0126389 0.108807 9.99824E-05 9.99824E-05
0.999101 9.99207E-05 9.99207E-05 9.99207E-05 9.99207E-05 9.99207E-05 9.99207E-05 9.99207E-05 9.99207E-05 9.99207E-05
9.99208E-05 9.99208E-05 9.99208E-05 9.99208E-05 9.99208E-05 9.99208E-05 9.99208E-05 0.999101 9.99208E-05 9.99208E-05
0.999101 9.99207E-05 9.99207E-05 9.99207E-05 9.99207E-05 9.99207E-05 9.99207E-05 9.99207E-05 9.99207E-05 9.99207E-05
0.999101 9.99208E-05 9.99208E-05 9.99208E-05 9.99208E-05 9.99208E-05 9.99208E-05 9.99208E-05 9.99208E-05 9.99208E-05
0.999101 9.99207E-05 9.99207E-05 9.99207E-05 9.99207E-05 9.99207E-05 9.99207E-05 9.99207E-05 9.99207E-05 9.99207E-05
9.99208E-05 9.99208E-05 9.99208E-05 9.99208E-05 9.99208E-05 9.99208E-05 9.99208E-05 0.999101 9.99208E-05 9.99208E-05
0.999101 9.99207E-05 9.99207E-05 9.99207E-05 9.99207E-05 9.99207E-05 9.99207E-05 9.99207E-05 9.99207E-05 9.99207E-05
9.99208E-05 9.99208E-05 9.99208E-05 9.99208E-05 9.99208E-05 9.99208E-05 9.99208E-05 0.999101 9.99208E-05 9.99208E-05
0.999101 9.99208E-05 9.99208E-05 9.99208E-05 9.99208E-05 9.99208E-05 9.99208E-05 9.99208E-05 9.99208E-05 9.99208E-05
0.999101 9.99207E-05 9.99207E-05 9.99207E-05 9.99207E-05 9.99207E-05 9.99207E-05 9.99207E-05 9.99207E-05 9.99207E-05
9.99208E-05 9.99208E-05 9.99208E-05 9.99208E-05 9.99208E-05 9.99208E-05 9.99208E-05 0.999101 9.99208E-05 9.99208E-05
9.99208E-05 9.99208E-05 9.99208E-05 9.99208E-05 9.99208E-05 9.99208E-05 9.99208E-05 0.999101 9.99208E-05 9.99208E-05
9.99208E-05 9.99208E-05 9.99208E-05 9.99208E-05 9.99208E-05 9.99208E-05 9.99208E-05 0.999101 9.99208E-05 9.99208E-05
0.999101 9.99207E-05 9.99207E-05 9.99207E-05 9.99207E-05 9.99207E-05 9.99207E-05 9.99207E-05 9.99207E-05 9.99207E-05
0.973528 9.99296E-05 9.99296E-05 9.99296E-05 9.99296E-05 9.99296E-05 0.0256728 9.99296E-05 9.99296E-05 9.99296E-05
0.999101 9.99207E-05 9.99207E-05 9.99207E-05 9.99207E-05 9.99207E-05 9.99207E-05 9.99207E-05 9.99207E-05 9.99207E-05
0.999101 9.99207E-05 9.99207E-05 9.99207E-05 9.99207E-05 9.99207E-05 9.99207E-05 9.99207E-05 9.99207E-05 9.99207E-05
0.999101 9.99207E-05 9.99207E-05 9.99207E-05 9.99207E-05 9.99207E-05 9.99207E-05 9.99207E-05 9.99207E-05 9.99207E-05
9.99208E-05 9.99208E-05 9.99208E-05 9.99208E-05 9.99208E-05 9.99208E-05 9.99208E-05 0.999101 9.99208E-05 9.99208E-05
9.99208E-05 9.99208E-05 9.99208E-05 9.99208E-05 9.99208E-05 9.99208E-05 9.99208E-05 0.999101 9.99208E-05 9.99208E-05
9.99208E-05 9.99208E-05 9.99208E-05 9.99208E-05 9.99208E-05 9.99208E-05 9.99208E-05 0.999101 9.99208E-05 9.99208E-05
0.999101 9.99208E-05 9.99208E-05 9.99208E-05 9.99208E-05 9.99208E-05 9.99208E-05 9.99208E-05 9.99208E-05 9.99208E-05
9.99208E-05 9.99208E-05 9.99208E-05 9.99208E-05 9.99208E-05 9.99208E-05 9.99208E-05 0.999101 9.99208E-05 9.99208E-05
9.99208E-05 9.99208E-05 9.99208E-05 9.99208E-05 9.99208E-05 9.99208E-05 9.99208E-05 0.999101 9.99208E-05 9.99208E-05
9.99208E-05 9.99208E-05 9.99208E-05 9.99208E-05 9.99208E-05 9.99208E-05 9.99208E-05 0.999101 9.99208E-05 9.99208E-05
9.99208E-05 9.99208E-05 9.99208E-05 9.99208E-05 9.99208E-05 9.99208E-05 9.99208E-05 0.999101 9.99208E-05 9.99208E-05
0.999101 9.99207E-05 9.99207E-05 9.99207E-05 9.99207E-05 9.99207E-05 9.99207E-05 9.99207E-05 9.99207E-05 9.99207E-05
9.99209E-05 9.99209E-05 9.99209E-05 9.99209E-05 9.99209E-05 9.99209E-05 9.99209E-05 0.999101 9.99209E-05 9.99209E-05
9.99208E-05 9.99208E-05 9.99208E-05 9.99208E-05 9.99208E-05 9.99208E-05 9.99208E-05 0.999101 9.99208E-05 9.99208E-05
0.169845 0.00653813 0.397385 9.99736E-05 0.0506034 0.162176 0.0616494 0.151502 9.99736E-05 9.99736E-05
0.999101 9.99207E-05 9.99207E-05 9.99207E-05 9.99207E-05 9.99207E-05 9.99207E-05 9.99207E-05 9.99207E-05 9.99207E-05
9.99209E-05 9.99209E-05 9.99209E-05 9.99209E-05 9.99209E-05 9.99209E-05 9.99209E-05 0.999101 9.99209E-05 9.99209E-05
9.99208E-05 9.99208E-05 9.99208E-05 9.99208E-05 9.99208E-05 9.99208E-05 9.99208E-05 0.999101 9.99208E-05 9.99208E-05
9.99208E-05 9.99208E-05 9.99208E-05 9.99208E-05 9.99208E-05 9.99208E-05 9.99208E-05 0.999101 9.99208E-05 9.99208E-05
9.99208E-05 9.99208E-05 9.99208E-05 9.99208E-05 9.99208E-05 9.99208E-05 9.99208E-05 0.999101 9.99208E-05 9.99208E-05
0.999101 9.99207E-05 9.99207E-05 9.99207E-05 9.99207E-05 9.99207E-05 9.99207E-05 9.99207E-05 9.99207E-05 9.99207E-05
9.99208E-05 9.99208E-05 9.99208E-05 9.99208E-05 9.99208E-05 9.99208E-05 9.99208E-05 0.999101 9.99208E-05 9.99208E-05
0.999101 9.99207E-05 9.99207E-05 9.99207E-05 9.99207E-05 9.99207E-05 9.99207E-05 9.99207E-05 9.99207E-05 9.99207E-05
9.99208E-05 9.99208E-05 9.99208E-05 9.99208E-05 9.99208E-05 9.99208E-05 9.99208E-05 0.999101 9.99208E-05 9.99208E-05
0.999101 9.99207E-05 9.99207E-05 9.99207E-05 9.99207E-05 9.99207E-05 9.99207E-05 9.99207E-05 9.99207E-05 9.99207E-05
9.99208E-05 9.99208E-05 9.99208E-05 9.99208E-05 9.99208E-05 9.99208E-05 9.99208E-05 0.999101 9.99208E-05 9.99208E-05
9.99208E-05 9.99208E-05 9.99208E-05 9.99208E-05 9.99208E-05 9.99208E-05 9.99208E-05 0.999101 9.99208E-05 9.99208E-05
9.99208E-05 9.99208E-05 9.99208E-05 9.99208E-05 9.99208E-05 9.99208E-05 9.99208E-05 0.999101 9.99208E-05 9.99208E-05
9.99208E-05 9.99208E-05 9.99208E-05 9.99208E-05 9.99208E-05 9.99208E-05 9.99208E-05 0.999101 9.99208E-05 9.99208E-05
9.99208E-05 9.99208E-05 9.99208E-05 9.99208E-05 9.99208E-05 9.99208E-05 9.99208E-05 0.999101 9.99208E-05 9.99208E-05
9.99207E-05 9.99207E-05 9.99207E-05 9.99207E-05 9.99207E-05 9.99207E-05 9.99207E-05 0.999101 9.99207E-05 9.99207E-05
0.999101 9.99207E-05 9.99207E-05 9.99207E-05 9.99207E-05 9.99207E-05 9.99207E-05 9.99207E-05 9.99207E-05 9.99207E-05
0.999101 9.99207E-05 9.99207E-05 9.99207E-05 9.99207E-05 9.99207E-05 9.99207E-05 9.99207E-05 9.99207E-05 9.99207E-05
0.999101 9.99208E-05 9.99208E-05 9.99208E-05 9.99208E-05 9.99208E-05 9.99208E-05 9.99208E-05 9.99208E-05 9.99208E-05
9.99207E-05 9.99207E-05 9.99207E-05 9.99207E-05 9.99207E-05 9.99207E-05 9.99207E-05 0.999101 9.99207E-05 9.99207E-05
0.999101 9.99208E-05 9.99208E-05 9.99208E-05 9.99208E-05 9.99208E-05 9.99208E-05 9.99208E-05 9.99208E-05 9.99208E-05
0.999101 9.99207E-05 9.99207E-05 9.99207E-05 9.99207E-05 9.99207E-05 9.99207E-05 9.99207E-05 9.99207E-05 9.99207E-05
0.999101 9.99207E-05 9.99207E-05 9.99207E-05 9.99207E-05 9.99207E-05 9.99207E-05 9.99207E-05 9.99207E-05 9.99207E-05
9.99208E-05 9.99208E-05 9.99208E-05 9.99208E-05 9.99208E-05 9.99208E-05 9.99208E-05 0.999101 9.99208E-05 9.99208E-05
9.99209E-05 9.99209E-05 9.99209E-05 9.99209E-05 9.99209E-05 9.99209E-05 9.99209E-05 0.999101 9.99209E-05 9.99209E-05
9.99208E-05 9.99208E-05 9.99208E-05 9.99208E-05 9.99208E-05 9.99208E-05 9.99208E-05 0.999101 9.99208E-05 9.99208E-05
0.999101 9.99208E-05 9.99208E-05 9.99208E-05 9.99208E-05 9.99208E-05 9.99208E-05 9.99208E-05 9.99208E-05 9.99208E-05
9.99207E-05 9.99207E-05 9.99207E-05 9.99207E-05 9.99207E-05 9.99207E-05 9.99207E-05 0.999101 9.99207E-05 9.99207E-05
9.99208E-05 9.99208E-05 9.99208E-05 9.99208E-05 9.99208E-05 9.99208E-05 9.99208E-05 0.999101 9.99208E-05 9.99208E-05
0.999101 9.99208E-05 9.99208E-05 9.99208E-05 9.99208E-05 9.99208E-05 9.99208E-05 9.99208E-05 9.99208E-05 9.99208E-05
9.99209E-05 9.99209E-05 9.99209E-05 9.99209E-05 9.99209E-05 9.99209E-05 9.99209E-05 0.999101 9.99209E-05 9.99209E-05
9.99208E-05 9.99208E-05 9.99208E-05 9.99208E-05 9.99208E-05 9.99208E-05 9.99208E-05 0.999101 9.99208E-05 9.99208E-05
0.366514 9.99736E-05 0.26652 0.0964628 9.99736E-05 0.002838 0.000239059 0.130768 0.136359 9.99736E-05
0.999101 9.99208E-05 9.99208E-05 9.99208E-05 9.99208E-05 9.99208E-05 9.99208E-05 9.99208E-05 9.99208E-05 9.99208E-05
9.99208E-05 9.99208E-05 9.99208E-05 9.99208E-05 9.99208E-05 9.99208E-05 9.99208E-05 0.999101 9.99208E-05 9.99208E-05
0.00257672 9.99561E-05 0.485989 9.99561E-05 0.0738825 9.99561E-05 9.99561E-05 0.419331 0.0177209 9.99561E-05
0.0305601 0.097635 0.562481 9.996E-05 0.0378374 9.996E-05 0.0426415 0.228445 9.996E-05 9.996E-05
0.329923 9.99472E-05 0.488192 9.99472E-05 0.0443392 9.99472E-05 9.99472E-05 0.136946 9.99472E-05 9.99472E-05
0.00787965 9.9956E-05 0.833924 0.0591038 9.9956E-05 0.0457845 0.0528088 9.9956E-05 9.9956E-05 9.9956E-05
0.255318 9.99384E-05 0.504998 9.99384E-05 9.99384E-05 9.99384E-05 9.99384E-05 0.238984 9.99384E-05 9.99384E-05
0.0111153 9.99387E-05 0.826697 9.99387E-05 9.99387E-05 9.99387E-05 9.99387E-05 0.161488 9.99387E-05 9.99387E-05
0.269775 0.0438375 0.349433 9.99736E-05 0.000576382 9.99736E-05 0.0193103 0.295609 0.0211587 9.99736E-05
9.99648E-05 9.99648E-05 0.677151 0.0666548 0.0474893 9.99648E-05 0.00444172 0.136952 0.0669111 9.99648E-05
9.99298E-05 9.99298E-05 0.831019 9.99298E-05 9.99298E-05 9.99298E-05 9.99298E-05 0.168182 9.99298E-05 9.99298E-05
0.0759559 9.99561E-05 0.773398 0.0281779 0.118295 0.0036727 9.99561E-05 9.99561E-05 9.99561E-05 9.99561E-05
0.176338 9.99473E-05 0.679188 9.99473E-05 9.99473E-05 9.99473E-05 9.99473E-05 0.0828391 0.0610354 9.99473E-05
9.99297E-05 9.99297E-05 0.417025 9.99297E-05 9.99297E-05 9.99297E-05 9.99297E-05 0.582176 9.99297E-05 9.99297E-05
0.339007 9.99561E-05 0.293774 0.0524385 9.99561E-05 0.0742083 9.99561E-05 0.240073 9.99561E-05 9.99561E-05
0.00982087 9.99472E-05 0.83354 0.123702 9.99472E-05 9.99472E-05 9.99472E-05 0.0323373 9.99472E-05 9.99472E-05
0.121469 9.99472E-05 0.66851 9.99472E-05 9.99472E-05 9.99472E-05 9.99472E-05 0.149916 0.0595048 9.99472E-05
0.2626 0.016864 0.382012 9.99561E-05 9.99561E-05 9.99561E-05 9.99561E-05 0.298629 0.0393952 9.99561E-05
0.0299107 9.99474E-05 0.755229 9.99474E-05 0.0436906 9.99474E-05 9.99474E-05 0.17057 9.99474E-05 9.99474E-05
0.424877 9.99736E-05 0.383208 0.0202496 0.016714 0.0399962 9.99736E-05 0.0355351 0.0791201 9.99736E-05
0.234004 9.99561E-05 0.495979 9.99561E-05 0.046621 9.99561E-05 0.0787873 0.144109 9.99561E-05 9.99561E-05
0.186053 0.0300717 0.590439 9.9956E-05 0.0507656 9.9956E-05 9.9956E-05 0.142171 9.9956E-05 9.9956E-05
0.116447 0.0794021 0.668112 9.99472E-05 9.99472E-05 9.99472E-05 9.99472E-05 0.135439 9.99472E-05 9.99472E-05
9.99385E-05 9.99385E-05 0.64738 9.99385E-05 9.99385E-05 0.098478 9.99385E-05 0.253442 9.99385E-05 9.99385E-05
9.9956E-05 9.9956E-05 0.627474 0.0298115 9.9956E-05 0.110224 0.0491832 0.182807 9.9956E-05 9.9956E-05
0.0192324 9.9956E-05 0.768531 0.0310467 9.9956E-05 9.9956E-05 0.017315 0.163375 9.9956E-05 9.9956E-05
9.9956E-05 9.9956E-05 0.83306 0.0745404 0.0106838 9.9956E-05 0.0147916 0.0664241 9.9956E-05 9.9956E-05
9.99211E-05 9.99211E-05 0.999101 9.99211E-05 9.99211E-05 9.99211E-05 9.99211E-05 9.99211E-05 9.99211E-05 9.99211E-05
0.138284 0.161697 0.565119 9.99472E-05 9.99472E-05 9.99472E-05 9.99472E-05 0.134301 9.99472E-05 9.99472E-05
0.260977 9.99473E-05 0.379501 9.99473E-05 0.102601 9.99473E-05 9.99473E-05 0.256321 9.99473E-05 9.99473E-05
9.99648E-05 0.0620829 0.716501 0.0826282 9.99648E-05 0.0604899 0.0725492 9.99648E-05 0.00534851 9.99648E-05
9.99473E-05 9.99473E-05 0.604037 0.194388 9.99473E-05 9.99473E-05 0.0258787 0.175097 9.99473E-05 9.99473E-05
0.149157 0.114713 0.293463 9.99561E-05 9.99561E-05 9.99561E-05 9.99561E-05 0.366567 0.0755993 9.99561E-05
0.114817 0.0108499 0.605439 9.99561E-05 9.99561E-05 9.99561E-05 9.99561E-05 0.247116 0.0212786 9.99561E-05
0.27412 0.0824673 0.421174 9.99473E-05 9.99473E-05 9.99473E-05 9.99473E-05 0.221639 9.99473E-05 9.99473E-05
0.114989 0.061874 0.560537 0.0531985 9.99648E-05 9.99648E-05 9.99648E-05 0.205367 0.00363503 9.99648E-05
0.0377798 9.9956E-05 0.595779 0.104829 9.9956E-05 9.9956E-05 9.9956E-05 0.216175 0.0449384 9.9956E-05
0.122961 9.99473E-05 0.8088 9.99473E-05 9.99473E-05 0.0491872 9.99473E-05 0.0184518 9.99473E-05 9.99473E-05
9.9921E-05 9.9921E-05 0.999101 9.9921E-05 9.9921E-05 9.9921E-05 9.9921E-05 9.9921E-05 9.9921E-05 9.9921E-05
0.317348 9.99472E-05 0.444182 9.99472E-05 9.99472E-05 0.176602 9.99472E-05 9.99472E-05 0.0612684 9.99472E-05
9.99561E-05 9.99561E-05 0.678126 9.99561E-05 9.99561E-05 0.03677 0.126123 0.0356941 0.122786 9.99561E-05
0.0272827 0.327724 0.464186 9.99473E-05 9.99473E-05 9.99473E-05 9.99473E-05 0.180209 9.99473E-05 9.99473E-05
0.196213 0.0220275 0.623712 0.040094 9.99648E-05 9.99648E-05 0.0543664 0.0631872 9.99648E-05 9.99648E-05
0.150664 9.99561E-05 0.690918 9.99561E-05 0.10877 9.99561E-05 0.0244062 0.024742 9.99561E-05 9.99561E-05
0.0929294 0.0864951 0.520624 9.9956E-05 0.0755321 9.9956E-05 9.9956E-05 0.223919 9.9956E-05 9.9956E-05
0.142183 0.0633879 0.265669 0.0268335 9.99561E-05 9.99561E-05 9.99561E-05 0.501427 9.99561E-05 9.99561E-05
0.331923 9.99472E-05 0.187688 0.0834255 9.99472E-05 9.99472E-05 9.99472E-05 0.396365 9.99472E-05 9.99472E-05
0.108625 9.99648E-05 0.634525 0.0287668 9.99648E-05 9.99648E-05 0.0927204 0.117074 0.0178889 9.99648E-05
9.99209E-05 9.99209E-05 0.999101 9.99209E-05 9.99209E-05 9.99209E-05 9.99209E-05 9.99209E-05 9.99209E-05 9.99209E-05
9.99648E-05 0.00524292 0.701483 0.0211985 9.99648E-05 9.99648E-05 0.0547461 0.210398 0.00653237 9.99648E-05
9.99211E-05 9.99211E-05 0.999101 9.99211E-05 9.99211E-05 9.99211E-05 9.99211E-05 9.99211E-05 9.99211E-05 9.99211E-05
0.24314 9.9956E-05 0.391024 0.08123 9.9956E-05 0.0593465 9.9956E-05 0.22476 9.9956E-05 9.9956E-05
9.99211E-05 9.99211E-05 0.999101 9.99211E-05 9.99211E-05 9.99211E-05 9.99211E-05 9.99211E-05 9.99211E-05 9.99211E-05
0.429444 9.99385E-05 0.53128 9.99385E-05 9.99385E-05 9.99385E-05 9.99385E-05 9.99385E-05 0.0385759 9.99385E-05
0.397079 0.189353 0.410247 9.99472E-05 9.99472E-05 9.99472E-05 9.99472E-05 9.99472E-05 0.00272113 9.99472E-05
0.171218 0.046805 0.528322 9.99561E-05 9.99561E-05 9.99561E-05 9.99561E-05 0.22863 0.0245242 9.99561E-05
9.99385E-05 0.197402 0.72581 9.99385E-05 9.99385E-05 9.99385E-05 9.99385E-05 0.0760884 9.99385E-05 9.99385E-05
0.0357529 9.99473E-05 0.599856 9.99473E-05 0.0053566 9.99473E-05 9.99473E-05 0.358435 9.99473E-05 9.99473E-05
0.211054 9.99299E-05 0.788146 9.99299E-05 9.99299E-05 9.99299E-05 9.99299E-05 9.99299E-05 9.99299E-05 9.99299E-05
9.99385E-05 9.99385E-05 0.795726 9.99385E-05 9.99385E-05 9.99385E-05 9.99385E-05 0.178918 0.0246565 9.99385E-05
0.117119 9.99473E-05 0.649354 9.99473E-05 9.99473E-05 9.99473E-05 0.0490429 0.183884 9.99473E-05 9.99473E-05
0.244041 9.99386E-05 0.53826 9.99386E-05 9.99386E-05 9.99386E-05 9.99386E-05 0.217 9.99386E-05 9.99386E-05
9.9921E-05 9.9921E-05 0.999101 9.9921E-05 9.9921E-05 9.9921E-05 9.9921E-05 9.9921E-05 9.9921E-05 9.9921E-05
9.99298E-05 9.99298E-05 0.925983 9.99298E-05 9.99298E-05 9.99298E-05 9.99298E-05 0.0732174 9.99298E-05 9.99298E-05
0.0633249 9.99562E-05 0.847033 9.99562E-05 9.99562E-05 9.99562E-05 0.04002 9.99562E-05 0.00466015 0.044462
0.0741477 9.99561E-05 0.779273 9.99561E-05 0.00323483 9.99561E-05 9.99561E-05 0.0855652 0.0572791 9.99561E-05
9.99472E-05 9.99472E-05 0.676049 9.99472E-05 9.99472E-05 9.99472E-05 0.119806 0.203068 0.000478529 9.99472E-05
9.99298E-05 9.99298E-05 0.746049 9.99298E-05 9.99298E-05 9.99298E-05 9.99298E-05 0.253152 9.99298E-05 9.99298E-05
9.99299E-05 9.99299E-05 0.949309 9.99299E-05 9.99299E-05 9.99299E-05 9.99299E-05 0.0498911 9.99299E-05 9.99299E-05
0.23319 9.995E-05 0.311574 9.995E-05 0.0564043 9.995E-05 0.0484201 0.349912 9.995E-05 9.995E-05
0.266089 9.9956E-05 0.653689 9.9956E-05 9.9956E-05 9.9956E-05 0.0280386 0.0123354 0.0393484 9.9956E-05
0.119379 9.99387E-05 0.821728 9.99387E-05 9.99387E-05 9.99387E-05 9.99387E-05 9.99387E-05 0.0581933 9.99387E-05
0.42444 9.99473E-05 0.54169 9.99473E-05 9.99473E-05 9.99473E-05 0.021163 0.0121074 9.99473E-05 9.99473E-05
0.18001 9.99387E-05 0.738004 9.99387E-05 9.99387E-05 9.99387E-05 9.99387E-05 9.99387E-05 9.99387E-05 0.0812861
0.196005 9.9956E-05 0.503481 9.9956E-05 9.9956E-05 9.9956E-05 0.0222674 0.270763 0.00698319 9.9956E-05
0.133729 9.99561E-05 0.647937 0.0852907 9.99561E-05 0.126942 0.00560167 9.99561E-05 9.99561E-05 9.99561E-05
9.99211E-05 9.99211E-05 0.999101 9.99211E-05 9.99211E-05 9.99211E-05 9.99211E-05 9.99211E-05 9.99211E-05 9.99211E-05
0.222148 9.99385E-05 0.598648 9.99385E-05 9.99385E-05 9.99385E-05 9.99385E-05 0.178504 9.99385E-05 9.99385E-05
0.134687 9.99386E-05 0.836362 9.99386E-05 9.99386E-05 9.99386E-05 9.99386E-05 9.99386E-05 9.99386E-05 0.028252
0.142228 9.99385E-05 0.803395 9.99385E-05 9.99385E-05 9.99385E-05 9.99385E-05 9.99385E-05 0.0536774 9.99385E-05
0.0921101 9.99387E-05 0.836193 9.99387E-05 9.99387E-05 9.99387E-05 9.99387E-05 0.0709976 9.99387E-05 9.99387E-05
0.122119 0.00672912 0.526553 9.9956E-05 9.9956E-05 9.9956E-05 9.9956E-05 0.311419 0.0326793 9.9956E-05
9.9956E-05 0.0720853 0.690161 9.9956E-05 0.0245752 9.9956E-05 9.9956E-05 0.159893 0.0527854 9.9956E-05
9.99648E-05 0.0689101 0.525572 0.0460705 9.99648E-05 9.99648E-05 0.0627626 0.200514 0.0957709 9.99648E-05
9.99211E-05 9.99211E-05 0.999101 9.99211E-05 9.99211E-05 9.99211E-05 9.99211E-05 9.99211E-05 9.99211E-05 9.99211E-05
9.99386E-05 9.99386E-05 0.677187 9.99386E-05 9.99386E-05 9.99386E-05 9.99386E-05 0.276215 0.0458987 9.99386E-05
0.0187849 9.99561E-05 0.615043 9.99561E-05 0.0742655 9.99561E-05 0.117995 0.173412 9.99561E-05 9.99561E-05
0.0641289 9.99473E-05 0.852636 9.99473E-05 9.99473E-05 9.99473E-05 0.010366 0.0722695 9.99473E-05 9.99473E-05
0.198502 9.99736E-05 0.553127 0.0145429 0.0795268 9.99736E-05 0.043624 0.0251515 0.0852264 9.99736E-05
0.0107274 9.99473E-05 0.486846 0.159843 9.99473E-05 9.99473E-05 9.99473E-05 0.341984 9.99473E-05 9.99473E-05
0.284399 9.99648E-05 0.574419 9.99648E-05 0.0337328 0.0238781 9.99648E-05 0.0338881 0.0492828 9.99648E-05
0.0813046 9.99472E-05 0.618699 9.99472E-05 9.99472E-05 9.99472E-05 0.102292 0.197105 9.99472E-05 9.99472E-05
0.22286 9.99474E-05 0.519406 9.99474E-05 9.99474E-05 9.99474E-05 0.186766 0.0703685 9.99474E-05 9.99474E-05
0.54988 9.9956E-05 0.316544 0.0982286 9.9956E-05 9.9956E-05 9.9956E-05 0.0248603 0.00998787 9.9956E-05
0.207291 9.99473E-05 0.407597 9.99473E-05 0.00884705 9.99473E-05 9.99473E-05 0.375666 9.99473E-05 9.99473E-05
0.213132 9.99561E-05 0.511386 9.99561E-05 9.99561E-05 0.00928341 0.142398 9.99561E-05 0.1233 9.99561E-05
9.99299E-05 9.99299E-05 0.769259 9.99299E-05 9.99299E-05 9.99299E-05 9.99299E-05 0.229942 9.99299E-05 9.99299E-05
0.126761 9.99386E-05 0.829573 9.99386E-05 9.99386E-05 9.99386E-05 9.99386E-05 0.0429663 9.99386E-05 9.99386E-05
9.99561E-05 0.212424 0.465743 0.0768088 9.99561E-05 0.0197507 9.99561E-05 0.224773 9.99561E-05 9.99561E-05
0.3308 0.0508012 0.488443 9.9956E-05 9.9956E-05 9.9956E-05 9.9956E-05 0.0347842 0.0946722 9.9956E-05
0.421169 9.99473E-05 0.518566 0.0356207 9.99473E-05 9.99473E-05 9.99473E-05 9.99473E-05 0.024044 9.99473E-05
0.505222 0.0315784 0.340883 9.99473E-05 9.99473E-05 9.99473E-05 9.99473E-05 0.121717 9.99473E-05 9.99473E-05
9.99736E-05 0.146375 0.407496 0.129914 0.0146899 9.99736E-05 0.0828566 0.171243 0.0471252 9.99736E-05
0.277422 0.0663694 0.580587 0.00620208 0.0480776 9.99648E-05 9.99648E-05 0.0209427 9.99648E-05 9.99648E-05
0.187182 9.99649E-05 0.46717 0.0769507 9.99649E-05 9.99649E-05 0.151013 0.0878882 0.0293955 9.99649E-05
9.99387E-05 9.99387E-05 0.800436 9.99387E-05 9.99387E-05 9.99387E-05 9.99387E-05 0.155337 9.99387E-05 0.0435275
0.0948506 9.99387E-05 0.818386 9.99387E-05 9.99387E-05 9.99387E-05 9.99387E-05 0.0860641 9.99387E-05 9.99387E-05
0.238972 9.99386E-05 0.609663 9.99386E-05 9.99386E-05 9.99386E-05 9.99386E-05 0.150666 9.99386E-05 9.99386E-05
0.384382 9.99561E-05 0.407153 0.146902 9.99561E-05 0.0153146 9.99561E-05 9.99561E-05 0.045749 9.99561E-05
9.99299E-05 9.99299E-05 0.968779 9.99299E-05 9.99299E-05 9.99299E-05 9.99299E-05 0.0304219 9.99299E-05 9.99299E-05
0.0414978 9.99299E-05 0.957703 9.99299E-05 9.99299E-05 9.99299E-05 9.99299E-05 9.99299E-05 9.99299E-05 9.99299E-05
9.99561E-05 9.99561E-05 0.805038 0.023509 9.99561E-05 9.99561E-05 0.125082 0.0242985 0.0215728 9.99561E-05
9.99385E-05 9.99385E-05 0.849426 0.0740513 9.99385E-05 9.99385E-05 9.99385E-05 0.0758227 9.99385E-05 9.99385E-05
0.0742244 9.99385E-05 0.859514 9.99385E-05 9.99385E-05 9.99385E-05 9.99385E-05 9.99385E-05 0.0655622 9.99385E-05
0.216837 9.99472E-05 0.736939 9.99472E-05 9.99472E-05 9.99472E-05 9.99472E-05 0.0370909 0.00853272 9.99472E-05
0.12644 0.0120909 0.663445 9.99561E-05 0.118624 9.99561E-05 9.99561E-05 0.0788999 9.99561E-05 9.99561E-05
0.452648 9.99472E-05 0.369856 9.99472E-05 9.99472E-05 9.99472E-05 0.0786771 9.99472E-05 0.0982189 9.99472E-05
9.99297E-05 9.99297E-05 0.742508 9.99297E-05 9.99297E-05 9.99297E-05 9.99297E-05 0.256693 9.99297E-05 9.99297E-05
0.0757227 9.99472E-05 0.781931 9.99472E-05 9.99472E-05 9.99472E-05 0.0343549 0.107392 9.99472E-05 9.99472E-05
0.360147 9.99472E-05 0.49336 0.0990119 9.99472E-05 9.99472E-05 0.0468816 9.99472E-05 9.99472E-05 9.99472E-05
9.99473E-05 9.99473E-05 0.915083 9.99473E-05 9.99473E-05 9.99473E-05 0.0736274 0.00488861 0.00580137 9.99473E-05
0.549424 0.0517699 0.207238 9.99736E-05 0.0581768 0.00327651 0.0877569 9.99736E-05 0.0420578 9.99736E-05
0.139015 0.0340588 0.683273 0.142803 9.9956E-05 9.9956E-05 9.9956E-05 9.9956E-05 0.000350496 9.9956E-05
0.0858781 9.9956E-05 0.622976 9.9956E-05 9.9956E-05 9.9956E-05 0.00684681 0.160332 0.123467 9.9956E-05
0.422185 0.103494 0.45591 9.99473E-05 9.99473E-05 9.99473E-05 9.99473E-05 0.0178113 9.99473E-05 9.99473E-05
0.0356754 0.174644 0.570572 9.99561E-05 9.99561E-05 9.99561E-05 9.99561E-05 0.175317 0.043291 9.99561E-05
0.0848724 9.99386E-05 0.778552 9.99386E-05 9.99386E-05 9.99386E-05 9.99386E-05 0.135876 9.99386E-05 9.99386E-05
0.0756188 9.9956E-05 0.583907 0.0474024 9.9956E-05 9.9956E-05 9.9956E-05 0.204078 0.0884941 9.9956E-05
0.0827009 9.99298E-05 0.9165 9.99298E-05 9.99298E-05 9.99298E-05 9.99298E-05 9.99298E-05 9.99298E-05 9.99298E-05
0.0712623 9.99387E-05 0.793048 9.99387E-05 9.99387E-05 9.99387E-05 9.99387E-05 0.13499 9.99387E-05 9.99387E-05
0.111766 9.9956E-05 0.491625 9.9956E-05 9.9956E-05 0.0497206 9.9956E-05 0.202897 0.143492 9.9956E-05
0.308753 9.994E-05 0.532753 9.994E-05 9.994E-05 9.994E-05 0.0820174 0.0758776 9.994E-05 9.994E-05
0.581805 0.176481 0.0107138 9.99649E-05 9.99649E-05 9.99649E-05 9.99649E-05 0.173778 0.0563496 0.000472235
0.684976 0.120545 0.0385459 9.99562E-05 9.99562E-05 9.99562E-05 9.99562E-05 0.0484457 0.106987 9.99562E-05
0.550846 0.14218 0.029024 9.99649E-05 9.99649E-05 0.058139 9.99649E-05 0.135849 0.0835617 9.99649E-05
