9.99737E-05 0.165931 0.833769 9.99737E-05 9.99737E-05
9.99737E-05 0.0108867 0.988813 9.99737E-05 9.99737E-05
9.99825E-05 0.0190807 0.925137 0.0555821 9.99825E-05
0.117559 0.0558244 0.413944 0.341376 0.0712964
9.99738E-05 9.99738E-05 0.808236 0.191465 9.99738E-05
0.42225 9.99912E-05 0.320446 0.255259 0.00194541
9.99825E-05 0.00506385 0.603145 0.391591 9.99825E-05
0.212408 0.0777743 0.254188 0.455529 9.99912E-05
0.243496 9.99912E-05 0.454471 0.204718 0.0972159
9.99737E-05 0.0580945 0.941606 9.99737E-05 9.99737E-05
9.99737E-05 0.127153 0.872547 9.99737E-05 9.99737E-05
9.99738E-05 9.99738E-05 0.903819 0.0958806 9.99738E-05
9.99825E-05 0.00480804 0.931652 0.0633399 9.99825E-05
0.068787 0.0903791 0.807573 0.0331612 9.99913E-05
0.387602 9.99737E-05 0.612098 9.99737E-05 9.99737E-05
0.183964 9.99824E-05 0.497338 0.318498 9.99824E-05
0.0321676 0.0494178 0.83654 0.0817744 9.99913E-05
9.99825E-05 0.249093 0.596548 9.99825E-05 0.154159
0.016597 0.0627033 0.778429 0.142171 9.99912E-05
9.99738E-05 9.99738E-05 0.982534 9.99738E-05 0.0171665
0.04351 0.0503304 0.597748 0.308311 9.99912E-05
0.362544 9.99825E-05 0.350309 0.286948 9.99825E-05
9.99737E-05 0.0714662 0.928234 9.99737E-05 9.99737E-05
9.99737E-05 9.99737E-05 0.895102 0.104598 9.99737E-05
0.117834 0.0451635 0.634049 9.99912E-05 0.202854
0.0365279 9.99825E-05 0.816199 0.147073 9.99825E-05
0.274148 0.150955 0.405077 0.16972 9.99912E-05
9.99737E-05 9.99737E-05 0.839661 0.160039 9.99737E-05
9.99737E-05 9.99737E-05 0.984537 9.99737E-05 0.0151627
0.0321718 9.99738E-05 0.967528 9.99738E-05 9.99738E-05
0.0611343 0.0879892 0.740157 0.0388523 0.0718673
0.1244 0.00725538 0.74367 0.124574 9.99912E-05
9.99824E-05 0.0658941 0.725813 0.208093 9.99824E-05
9.99825E-05 0.0517058 0.825098 0.122997 9.99825E-05
9.99825E-05 0.122852 0.822327 9.99825E-05 0.0546213
9.99912E-05 0.051378 0.796111 0.0703783 0.0820324
9.99738E-05 9.99738E-05 0.859071 0.140629 9.99738E-05
0.162286 9.99825E-05 0.804144 9.99825E-05 0.0333693
0.159189 9.99825E-05 0.760173 0.0804379 9.99825E-05
9.99737E-05 9.99737E-05 0.707653 0.292047 9.99737E-05
9.99825E-05 0.0242253 0.865286 0.110289 9.99825E-05
9.997E-05 9.997E-05 0.9996 9.997E-05 9.997E-05
0.0543102 9.99825E-05 0.914359 0.0311305 9.99825E-05
0.0870687 0.12318 0.789551 9.99825E-05 9.99825E-05
9.99737E-05 9.99737E-05 0.689853 0.309847 9.99737E-05
9.99773E-05 9.99773E-05 0.938753 9.99773E-05 0.0609467
9.99738E-05 0.0456044 0.954096 9.99738E-05 9.99738E-05
9.99738E-05 9.99738E-05 0.92447 0.0752305 9.99738E-05
9.99825E-05 0.00743441 0.866521 0.125844 9.99825E-05
9.99825E-05 0.0360253 0.78138 0.182395 9.99825E-05
0.120273 0.0378455 0.720548 0.112641 0.00869262
0.0380329 0.0131446 0.565126 0.383596 9.99913E-05
9.99825E-05 0.022082 0.960672 0.0170462 9.99825E-05
9.99737E-05 9.99737E-05 0.778381 0.221319 9.99737E-05
9.99825E-05 9.99825E-05 0.924299 0.0382559 0.0372447
0.0575593 0.0321922 0.731268 0.151716 0.0272642
9.99825E-05 0.0623852 0.838572 0.0988432 9.99825E-05
9.99737E-05 0.0610539 0.938646 9.99737E-05 9.99737E-05
9.997E-05 9.997E-05 0.9996 9.997E-05 9.997E-05
0.273411 0.164834 0.561555 9.99824E-05 9.99824E-05
9.99738E-05 9.99738E-05 0.734107 0.265594 9.99738E-05
0.0825086 0.268089 0.649203 9.99825E-05 9.99825E-05
0.752994 0.0821659 0.16464 9.99824E-05 9.99824E-05
0.103769 0.109443 0.554228 0.216403 0.0161568
0.259959 0.171133 0.568708 9.99824E-05 9.99824E-05
0.406257 0.0795768 0.480451 9.99912E-05 0.0336161
0.461121 0.204322 0.319923 0.014533 9.99912E-05
0.313886 0.13358 0.552334 9.99825E-05 9.99825E-05
0.148825 0.217461 0.633515 9.99825E-05 9.99825E-05
0.219223 0.28688 0.493697 9.99824E-05 9.99824E-05
0.0565923 0.172168 0.463596 0.307544 9.99912E-05
0.390816 0.186127 0.152736 0.220876 0.0494449
0.227558 9.99824E-05 0.604337 0.167905 9.99824E-05
0.271693 0.0823689 0.567543 0.0782951 9.99912E-05
0.208442 0.1368 0.654558 9.99825E-05 9.99825E-05
0.238533 0.0479403 0.345312 0.368114 9.99912E-05
0.217631 0.266183 0.291201 0.224884 9.99912E-05
0.0907227 0.238935 0.670142 9.99825E-05 9.99825E-05
0.267695 0.0816952 0.486804 0.163706 9.99912E-05
0.128561 0.0653658 0.743505 0.062468 9.99913E-05
0.181729 0.0519286 0.618678 0.147565 9.99912E-05
0.379899 0.0902184 0.52648 9.99912E-05 0.00330251
0.229471 0.0954469 0.401054 0.273928 9.99912E-05
0.0833464 0.272817 0.643637 9.99824E-05 9.99824E-05
0.261638 0.0183393 0.683065 0.00983597 0.0271214
0.130667 0.0742933 0.768391 0.0265483 9.99912E-05
0.0872369 9.99825E-05 0.804303 0.10826 9.99825E-05
0.0741393 0.20929 0.716371 9.99825E-05 9.99825E-05
0.336685 0.0132625 0.649852 9.99825E-05 9.99825E-05
0.9996 9.997E-05 9.997E-05 9.997E-05 9.997E-05
0.920441 9.99738E-05 0.0792587 9.99738E-05 9.99738E-05
0.871417 0.10225 9.99824E-05 0.0261333 9.99824E-05
0.746455 0.17122 9.99824E-05 9.99824E-05 0.0821252
0.86072 0.106469 9.99824E-05 9.99824E-05 0.0326102
0.951967 9.99736E-05 9.99736E-05 9.99736E-05 0.047733
0.866474 0.118879 0.0144474 9.99824E-05 9.99824E-05
0.931519 9.99736E-05 9.99736E-05 9.99736E-05 0.0681807
0.978935 0.0207656 9.99736E-05 9.99736E-05 9.99736E-05
0.818836 0.0337967 0.135496 0.0117708 9.99912E-05
0.882786 9.99737E-05 0.116914 9.99737E-05 9.99737E-05
0.907362 9.99824E-05 0.0423958 9.99824E-05 0.0500426
0.98603 0.0136698 9.99737E-05 9.99737E-05 9.99737E-05
0.993292 0.00640764 9.99737E-05 9.99737E-05 9.99737E-05
0.816771 0.171157 9.99825E-05 9.99825E-05 0.0118721
0.853385 0.0278334 9.99912E-05 0.0435244 0.0751577
0.900918 9.99824E-05 0.0137389 9.99824E-05 0.0851433
0.779867 9.99737E-05 9.99737E-05 0.219833 9.99737E-05
0.920271 0.0182829 9.99824E-05 9.99824E-05 0.061246
0.8203 9.99825E-05 0.0235266 9.99825E-05 0.155973
0.916886 0.0558016 9.99824E-05 0.027112 9.99824E-05
0.898332 0.0998037 9.99824E-05 9.99824E-05 0.00166437
0.85564 9.99736E-05 9.99736E-05 9.99736E-05 0.14406
0.9996 9.997E-05 9.997E-05 9.997E-05 9.997E-05
0.89278 9.99824E-05 9.99824E-05 0.0308929 0.0761267
0.909236 0.0236823 0.0482652 0.0187165 9.99912E-05
0.616402 9.99912E-05 0.21737 0.0264411 0.139686
0.824669 9.99824E-05 9.99824E-05 0.0913785 0.0837525
0.9996 9.997E-05 9.997E-05 9.997E-05 9.997E-05
0.826246 0.0230202 9.99825E-05 9.99825E-05 0.150533
0.853073 9.99824E-05 0.103533 9.99824E-05 0.043194
0.792667 0.0955168 9.99824E-05 9.99824E-05 0.111616
0.741192 0.0597907 9.99824E-05 9.99824E-05 0.198817
0.884317 9.99736E-05 9.99736E-05 9.99736E-05 0.115384
0.940035 0.00480458 9.99912E-05 0.0215425 0.0335176
0.766692 0.11149 9.99824E-05 9.99824E-05 0.121618
0.777223 0.222478 9.99736E-05 9.99736E-05 9.99736E-05
0.999195 9.99737E-05 9.99737E-05 9.99737E-05 0.000504849
0.880192 9.99737E-05 9.99737E-05 9.99737E-05 0.119508
0.990522 9.99738E-05 9.99738E-05 9.99738E-05 0.00917774
0.857386 0.0695633 9.99825E-05 9.99825E-05 0.0728511
0.830527 9.99824E-05 0.155367 9.99824E-05 0.0139059
0.897894 0.0682579 9.99824E-05 0.0336482 9.99824E-05
0.933503 9.99825E-05 0.000404835 9.99825E-05 0.0658918
0.945306 9.99737E-05 0.0543937 9.99737E-05 9.99737E-05
0.86494 9.99736E-05 9.99736E-05 9.99736E-05 0.13476
0.780422 0.108967 0.11041 9.99825E-05 9.99825E-05
0.670487 0.0303187 0.0441692 0.0988507 0.156174
0.772289 0.0634462 0.0629797 9.99912E-05 0.101185
0.9996 9.997E-05 9.997E-05 9.997E-05 9.997E-05
0.612198 9.99912E-05 0.111713 0.188448 0.0875411
0.9996 9.997E-05 9.997E-05 9.997E-05 9.997E-05
0.947957 0.0517431 9.99737E-05 9.99737E-05 9.99737E-05
0.753432 9.99824E-05 9.99824E-05 0.101196 0.145173
0.821908 0.0662196 9.99912E-05 0.0346764 0.0770959
0.9996 9.997E-05 9.997E-05 9.997E-05 9.997E-05
0.947347 9.99736E-05 9.99736E-05 9.99736E-05 0.0523533
0.908403 0.0052484 9.99912E-05 0.00976054 0.0764877
0.829266 0.0191483 9.99825E-05 9.99825E-05 0.151386
0.9996 9.997E-05 9.997E-05 9.997E-05 9.997E-05
0.0388985 9.99824E-05 0.892669 9.99824E-05 0.0682329
0.9996 9.997E-05 9.997E-05 9.997E-05 9.997E-05
9.997E-05 9.997E-05 0.9996 9.997E-05 9.997E-05
0.9996 9.997E-05 9.997E-05 9.997E-05 9.997E-05
0.9996 9.997E-05 9.997E-05 9.997E-05 9.997E-05
0.9996 9.997E-05 9.997E-05 9.997E-05 9.997E-05
9.99735E-05 9.99735E-05 0.992281 9.99735E-05 0.00741882
0.988488 0.0112118 9.99736E-05 9.99736E-05 9.99736E-05
0.9996 9.997E-05 9.997E-05 9.997E-05 9.997E-05
0.0396516 9.99824E-05 0.946253 9.99824E-05 0.0138958
9.99736E-05 9.99736E-05 0.96328 9.99736E-05 0.0364198
9.99735E-05 9.99735E-05 0.977815 9.99735E-05 0.0218851
0.9996 9.997E-05 9.997E-05 9.997E-05 9.997E-05
0.9996 9.997E-05 9.997E-05 9.997E-05 9.997E-05
9.99735E-05 9.99735E-05 0.93226 9.99735E-05 0.0674401
9.997E-05 9.997E-05 0.9996 9.997E-05 9.997E-05
0.64655 0.0231068 9.99912E-05 0.128768 0.201475
9.99735E-05 9.99735E-05 0.999571 9.99735E-05 0.000129345
0.9996 9.997E-05 9.997E-05 9.997E-05 9.997E-05
9.997E-05 9.997E-05 0.9996 9.997E-05 9.997E-05
9.99736E-05 9.99736E-05 0.990094 9.99736E-05 0.00960653
9.997E-05 9.997E-05 0.9996 9.997E-05 9.997E-05
0.9996 9.997E-05 9.997E-05 9.997E-05 9.997E-05
9.99735E-05 9.99735E-05 0.959196 9.99735E-05 0.0405044
0.9996 9.997E-05 9.997E-05 9.997E-05 9.997E-05
9.997E-05 9.997E-05 0.9996 9.997E-05 9.997E-05
9.99735E-05 9.99735E-05 0.991121 9.99735E-05 0.00857925
0.9996 9.997E-05 9.997E-05 9.997E-05 9.997E-05
0.9996 9.997E-05 9.997E-05 9.997E-05 9.997E-05
0.9996 9.997E-05 9.997E-05 9.997E-05 9.997E-05
9.99735E-05 9.99735E-05 0.899104 9.99735E-05 0.100596
9.997E-05 9.997E-05 0.9996 9.997E-05 9.997E-05
9.997E-05 9.997E-05 0.9996 9.997E-05 9.997E-05
9.997E-05 9.997E-05 0.9996 9.997E-05 9.997E-05
0.0302731 9.99735E-05 0.969427 9.99735E-05 9.99735E-05
0.9996 9.997E-05 9.997E-05 9.997E-05 9.997E-05
0.9996 9.997E-05 9.997E-05 9.997E-05 9.997E-05
0.9996 9.997E-05 9.997E-05 9.997E-05 9.997E-05
0.0306581 9.99736E-05 0.969042 9.99736E-05 9.99736E-05
0.9996 9.997E-05 9.997E-05 9.997E-05 9.997E-05
0.9996 9.997E-05 9.997E-05 9.997E-05 9.997E-05
0.9996 9.997E-05 9.997E-05 9.997E-05 9.997E-05
0.9996 9.997E-05 9.997E-05 9.997E-05 9.997E-05
9.997E-05 9.997E-05 0.9996 9.997E-05 9.997E-05
0.9996 9.997E-05 9.997E-05 9.997E-05 9.997E-05
0.9996 9.997E-05 9.997E-05 9.997E-05 9.997E-05
0.666626 9.99824E-05 9.99824E-05 0.190598 0.142576
9.99735E-05 9.99735E-05 0.906543 9.99735E-05 0.093157
0.9996 9.997E-05 9.997E-05 9.997E-05 9.997E-05
0.9996 9.997E-05 9.997E-05 9.997E-05 9.997E-05
0.9996 9.997E-05 9.997E-05 9.997E-05 9.997E-05
0.9996 9.997E-05 9.997E-05 9.997E-05 9.997E-05
9.997E-05 9.997E-05 0.9996 9.997E-05 9.997E-05
0.9996 9.997E-05 9.997E-05 9.997E-05 9.997E-05
9.99735E-05 9.99735E-05 0.966496 9.99735E-05 0.0332045
0.9996 9.997E-05 9.997E-05 9.997E-05 9.997E-05
9.997E-05 9.997E-05 0.9996 9.997E-05 9.997E-05
0.9996 9.997E-05 9.997E-05 9.997E-05 9.997E-05
0.9996 9.997E-05 9.997E-05 9.997E-05 9.997E-05
0.9996 9.997E-05 9.997E-05 9.997E-05 9.997E-05
0.9996 9.997E-05 9.997E-05 9.997E-05 9.997E-05
0.9996 9.997E-05 9.997E-05 9.997E-05 9.997E-05
0.9996 9.997E-05 9.997E-05 9.997E-05 9.997E-05
9.99735E-05 9.99735E-05 0.983995 9.99735E-05 0.0157055
9.997E-05 9.997E-05 0.9996 9.997E-05 9.997E-05
9.99736E-05 9.99736E-05 0.939482 9.99736E-05 0.0602181
0.9996 9.997E-05 9.997E-05 9.997E-05 9.997E-05
9.997E-05 9.997E-05 0.9996 9.997E-05 9.997E-05
9.99735E-05 9.99735E-05 0.996113 9.99735E-05 0.00358756
9.997E-05 9.997E-05 0.9996 9.997E-05 9.997E-05
0.9996 9.997E-05 9.997E-05 9.997E-05 9.997E-05
0.9996 9.997E-05 9.997E-05 9.997E-05 9.997E-05
0.9996 9.997E-05 9.997E-05 9.997E-05 9.997E-05
9.997E-05 9.997E-05 0.9996 9.997E-05 9.997E-05
0.9996 9.997E-05 9.997E-05 9.997E-05 9.997E-05
0.9996 9.997E-05 9.997E-05 9.997E-05 9.997E-05
9.997E-05 9.997E-05 0.9996 9.997E-05 9.997E-05
0.9996 9.997E-05 9.997E-05 9.997E-05 9.997E-05
0.9996 9.997E-05 9.997E-05 9.997E-05 9.997E-05
0.638394 0.221101 0.0410453 9.99912E-05 0.0993594
9.997E-05 9.997E-05 0.9996 9.997E-05 9.997E-05
0.9996 9.997E-05 9.997E-05 9.997E-05 9.997E-05
0.898661 0.101039 9.99737E-05 9.99737E-05 9.99737E-05
0.858424 9.99824E-05 9.99824E-05 0.0499075 0.0914687
0.886621 9.99736E-05 9.99736E-05 9.99736E-05 0.113079
0.705301 0.0626322 0.0548953 0.0371121 0.14006
0.9996 9.997E-05 9.997E-05 9.997E-05 9.997E-05
0.951811 9.99738E-05 0.047889 9.99738E-05 9.99738E-05
0.81689 0.0115409 0.103408 9.99912E-05 0.0680617
0.701763 0.210391 9.99824E-05 9.99824E-05 0.0876457
0.9996 9.997E-05 9.997E-05 9.997E-05 9.997E-05
0.747509 9.99912E-05 0.0155102 0.105902 0.130979
0.866506 0.121503 0.0117911 9.99824E-05 9.99824E-05
0.9996 9.997E-05 9.997E-05 9.997E-05 9.997E-05
0.678999 9.99824E-05 0.150991 0.16981 9.99824E-05
0.912028 0.0190336 9.99824E-05 9.99824E-05 0.0687387
0.974002 9.99736E-05 9.99736E-05 9.99736E-05 0.0256978
0.9996 9.997E-05 9.997E-05 9.997E-05 9.997E-05
0.949363 9.99737E-05 9.99737E-05 9.99737E-05 0.0503373
0.595837 0.077802 0.231789 9.99912E-05 0.0944715
0.882346 9.99736E-05 9.99736E-05 9.99736E-05 0.117355
0.868617 9.99824E-05 9.99824E-05 0.0977275 0.0334551
0.922777 9.99736E-05 9.99736E-05 9.99736E-05 0.0769229
0.902911 9.99737E-05 9.99737E-05 0.0967886 9.99737E-05
0.752197 0.0833095 9.99912E-05 0.0729589 0.0914343
0.937841 0.0273303 9.99824E-05 9.99824E-05 0.0346287
0.879539 0.0417698 9.99824E-05 9.99824E-05 0.0784912
0.9996 9.997E-05 9.997E-05 9.997E-05 9.997E-05
0.882117 9.99824E-05 9.99824E-05 0.0738786 0.0438047
0.922375 9.99824E-05 0.0170398 9.99824E-05 0.060385
0.747418 0.056905 9.99912E-05 0.0995419 0.0960347
0.692953 0.200027 9.99824E-05 9.99824E-05 0.10682
0.989723 9.99736E-05 9.99736E-05 0.00997744 9.99736E-05
0.9996 9.997E-05 9.997E-05 9.997E-05 9.997E-05
0.930035 9.99824E-05 9.99824E-05 0.0205034 0.0492619
0.838544 0.161156 9.99737E-05 9.99737E-05 9.99737E-05
0.811987 0.187713 9.99736E-05 9.99736E-05 9.99736E-05
0.867937 9.99824E-05 0.0192629 9.99824E-05 0.112601
0.9996 9.997E-05 9.997E-05 9.997E-05 9.997E-05
0.632578 0.239737 0.0791795 0.0351976 0.0133078
0.820521 0.0398823 9.99824E-05 9.99824E-05 0.139397
0.828957 9.99824E-05 9.99824E-05 0.116327 0.0545162
0.960382 9.99736E-05 9.99736E-05 9.99736E-05 0.0393182
0.859721 9.99824E-05 9.99824E-05 0.0309276 0.109152
0.823088 9.99824E-05 9.99824E-05 0.155175 0.0215376
0.9996 9.997E-05 9.997E-05 9.997E-05 9.997E-05
0.980403 0.0192976 9.99736E-05 9.99736E-05 9.99736E-05
0.862824 0.0340496 9.99824E-05 9.99824E-05 0.102927
0.9996 9.997E-05 9.997E-05 9.997E-05 9.997E-05
0.829553 0.0951495 9.99824E-05 9.99824E-05 0.0750979
0.9996 9.997E-05 9.997E-05 9.997E-05 9.997E-05
0.851853 9.99737E-05 9.99737E-05 0.147847 9.99737E-05
0.922667 0.0770333 9.99737E-05 9.99737E-05 9.99737E-05
0.779011 0.062432 0.158357 9.99824E-05 9.99824E-05
0.673303 9.99824E-05 0.188972 0.137525 9.99824E-05
0.9996 9.997E-05 9.997E-05 9.997E-05 9.997E-05
0.72963 9.99824E-05 9.99824E-05 0.171677 0.0984931
0.9996 9.997E-05 9.997E-05 9.997E-05 9.997E-05
0.859898 9.99825E-05 0.115253 9.99825E-05 0.0246486
0.9996 9.997E-05 9.997E-05 9.997E-05 9.997E-05
0.875087 9.99824E-05 0.0461083 9.99824E-05 0.0786046
0.998105 0.0015952 9.99737E-05 9.99737E-05 9.99737E-05
0.982816 0.0168841 9.99737E-05 9.99737E-05 9.99737E-05
0.990281 9.99737E-05 9.99737E-05 9.99737E-05 0.00941909
0.740743 9.99825E-05 0.238615 9.99825E-05 0.0204424
0.903204 0.0964959 9.99737E-05 9.99737E-05 9.99737E-05
0.900021 9.99736E-05 9.99736E-05 9.99736E-05 0.0996786
0.998513 9.99737E-05 9.99737E-05 9.99737E-05 0.00118725
0.9996 9.997E-05 9.997E-05 9.997E-05 9.997E-05
0.917191 9.99824E-05 9.99824E-05 0.0544311 0.0281778
0.781937 0.0121607 0.0892269 9.99912E-05 0.116576
0.926356 9.99825E-05 0.0344521 9.99825E-05 0.0389915
0.818803 9.99824E-05 0.0944915 9.99824E-05 0.0865055
0.593354 9.99737E-05 0.406346 9.99737E-05 9.99737E-05
0.992977 9.99736E-05 0.00672321 9.99736E-05 9.99736E-05
0.7164 0.134737 9.99912E-05 0.0703387 0.0784244
0.98824 9.99737E-05 0.0114597 9.99737E-05 9.99737E-05
0.9996 9.997E-05 9.997E-05 9.997E-05 9.997E-05
0.924134 9.99738E-05 0.0755664 9.99738E-05 9.99738E-05
0.824337 0.0539315 9.99912E-05 0.0167689 0.104862
0.9996 9.997E-05 9.997E-05 9.997E-05 9.997E-05
0.9996 9.997E-05 9.997E-05 9.997E-05 9.997E-05
0.832575 0.0386665 9.99912E-05 0.0320658 0.0965927
0.738826 0.0848392 9.99912E-05 0.093974 0.0822604
0.918878 9.99737E-05 0.0808224 9.99737E-05 9.99737E-05
0.907204 0.0924957 9.99737E-05 9.99737E-05 9.99737E-05
0.796126 9.99736E-05 9.99736E-05 9.99736E-05 0.203574
0.9996 9.997E-05 9.997E-05 9.997E-05 9.997E-05
0.788398 0.137414 9.99824E-05 9.99824E-05 0.0739885
0.95861 0.0410903 9.99736E-05 9.99736E-05 9.99736E-05
0.845681 9.99912E-05 0.0605317 0.0134879 0.0801999
0.827105 9.99824E-05 0.0380023 9.99824E-05 0.134693
0.603992 0.0557899 0.198629 0.00275946 0.13883
0.775465 0.191371 0.0329644 9.99824E-05 9.99824E-05
0.83387 9.99736E-05 0.16583 9.99736E-05 9.99736E-05
0.605995 0.169236 9.99824E-05 9.99824E-05 0.224569
0.9996 9.997E-05 9.997E-05 9.997E-05 9.997E-05
0.998287 9.99737E-05 0.00141336 9.99737E-05 9.99737E-05
0.896348 9.99814E-05 9.99814E-05 0.103352 9.99814E-05
0.719124 0.119184 0.0729758 0.0886165 9.99912E-05
0.686764 0.033055 0.279981 9.99824E-05 9.99824E-05
0.615286 9.99824E-05 0.308377 9.99824E-05 0.076137
0.661004 0.130549 9.99912E-05 0.159367 0.0489805
0.738844 0.0128498 0.16579 9.99912E-05 0.0824162
0.698309 0.122291 9.99824E-05 9.99824E-05 0.1792
0.852234 9.99825E-05 0.146652 9.99825E-05 0.000914117
0.985818 9.99738E-05 0.0138824 9.99738E-05 9.99738E-05
0.919391 9.99737E-05 0.0803086 9.99737E-05 9.99737E-05
0.613581 0.155568 0.1353 0.0262819 0.0692691
0.9996 9.997E-05 9.997E-05 9.997E-05 9.997E-05
0.939773 9.99738E-05 0.0599269 9.99738E-05 9.99738E-05
0.827836 0.0430361 9.99825E-05 9.99825E-05 0.128928
0.956413 9.99737E-05 9.99737E-05 9.99737E-05 0.0432872
0.799742 9.99825E-05 0.174908 9.99825E-05 0.0251501
0.9996 9.997E-05 9.997E-05 9.997E-05 9.997E-05
0.722299 9.99912E-05 0.162731 0.0626143 0.0522561
0.479439 0.0501624 0.223255 9.99912E-05 0.247043
0.9996 9.997E-05 9.997E-05 9.997E-05 9.997E-05
0.967166 9.99736E-05 9.99736E-05 9.99736E-05 0.0325338
0.692312 0.126236 0.127322 9.99912E-05 0.0540298
0.934509 9.99737E-05 9.99737E-05 9.99737E-05 0.0651915
0.540376 9.99912E-05 0.209248 0.185564 0.0647115
0.722214 0.173725 0.103861 9.99824E-05 9.99824E-05
0.871612 0.0445424 9.99824E-05 9.99824E-05 0.0836456
0.794934 9.99912E-05 0.0555689 0.0661026 0.0832944
0.809555 0.0146238 9.99912E-05 0.169715 0.00600611
0.9996 9.997E-05 9.997E-05 9.997E-05 9.997E-05
0.814189 0.185511 9.99737E-05 9.99737E-05 9.99737E-05
0.935021 9.99737E-05 9.99737E-05 9.99737E-05 0.0646786
0.9996 9.997E-05 9.997E-05 9.997E-05 9.997E-05
0.770849 0.0408707 9.99912E-05 0.119348 0.0688326
0.864524 9.99736E-05 9.99736E-05 9.99736E-05 0.135176
0.489455 9.99824E-05 0.2956 0.214745 9.99824E-05
0.552588 0.0609213 0.331722 0.0546684 9.99912E-05
0.543243 9.99824E-05 0.196013 0.260544 9.99824E-05
0.47233 0.0350687 0.262977 0.229525 9.99912E-05
0.449154 0.168392 0.248173 0.115008 0.0192725
0.269283 9.99737E-05 0.730417 9.99737E-05 9.99737E-05
0.42685 0.0652347 0.507715 9.99824E-05 9.99824E-05
0.566774 0.0319 0.268795 0.132431 9.99912E-05
0.391005 0.0859965 0.460504 0.0623939 9.99913E-05
0.594873 9.99824E-05 0.237774 0.167154 9.99824E-05
0.365558 0.194408 0.334581 0.0595014 0.0459515
0.219422 9.99825E-05 0.653659 9.99825E-05 0.126719
0.45486 9.99912E-05 0.363359 0.177608 0.00407223
0.281447 9.99825E-05 0.718022 0.000331195 9.99825E-05
0.329153 0.157365 0.513282 9.99824E-05 9.99824E-05
0.534051 0.0141883 0.348236 0.103424 9.99912E-05
0.376213 0.0860744 0.418305 0.119308 9.99912E-05
0.313995 0.0206635 0.532871 0.0748695 0.0576015
0.338242 0.113712 0.35789 0.151364 0.0387931
0.315695 9.99824E-05 0.526623 0.157482 9.99824E-05
0.377171 0.116838 0.50579 9.99824E-05 9.99824E-05
0.279933 9.99824E-05 0.538596 0.18127 9.99824E-05
0.157549 0.0473858 0.680506 0.0596681 0.0548911
0.971088 9.99736E-05 9.99736E-05 0.028612 9.99736E-05
0.870939 9.99824E-05 0.0690759 9.99824E-05 0.0597854
0.887841 9.99824E-05 0.107661 0.00429808 9.99824E-05
0.678526 9.99824E-05 0.241321 0.0799529 9.99824E-05
0.870395 9.99737E-05 0.129305 9.99737E-05 9.99737E-05
0.848054 9.99737E-05 0.151646 9.99737E-05 9.99737E-05
0.937957 0.0617429 9.99736E-05 9.99736E-05 9.99736E-05
0.728196 9.99737E-05 0.271504 9.99737E-05 9.99737E-05
0.751817 0.00793497 0.184119 0.0482892 0.00784031
0.826957 0.0429888 0.129854 9.99824E-05 9.99824E-05
0.905295 0.0509987 0.00327845 0.0331515 0.0072768
0.762113 9.99824E-05 0.229929 0.00775727 9.99824E-05
0.791978 0.0902559 0.117566 9.99824E-05 9.99824E-05
0.936522 9.99737E-05 0.0631777 9.99737E-05 9.99737E-05
0.846026 9.99737E-05 0.153674 9.99737E-05 9.99737E-05
0.9996 9.997E-05 9.997E-05 9.997E-05 9.997E-05
0.957322 0.0423776 9.99736E-05 9.99736E-05 9.99736E-05
0.96866 9.99737E-05 0.0310396 9.99737E-05 9.99737E-05
0.927446 9.99737E-05 0.0722541 9.99737E-05 9.99737E-05
0.890677 0.0364152 0.0727079 9.99825E-05 9.99825E-05
0.9996 9.997E-05 9.997E-05 9.997E-05 9.997E-05
0.733847 9.99737E-05 0.265854 9.99737E-05 9.99737E-05
0.9996 9.997E-05 9.997E-05 9.997E-05 9.997E-05
0.908761 9.99825E-05 0.0104597 9.99825E-05 0.0805794
0.68461 0.0786518 0.0709633 0.165675 9.99912E-05
0.969561 9.99737E-05 0.0301388 9.99737E-05 9.99737E-05
0.694871 9.99824E-05 0.223165 0.0817643 9.99824E-05
0.858083 9.99825E-05 0.129499 0.0122179 9.99825E-05
0.988313 9.99736E-05 9.99736E-05 0.0113868 9.99736E-05
0.983268 9.99737E-05 0.0164319 9.99737E-05 9.99737E-05
0.800592 0.045692 0.153516 9.99824E-05 9.99824E-05
0.587588 9.99824E-05 0.407974 9.99824E-05 0.00423872
0.840668 9.99737E-05 0.159032 9.99737E-05 9.99737E-05
0.812857 9.99737E-05 0.186844 9.99737E-05 9.99737E-05
0.869218 0.0205252 0.110056 9.99824E-05 9.99824E-05
0.943335 9.99737E-05 0.0563654 9.99737E-05 9.99737E-05
0.9996 9.997E-05 9.997E-05 9.997E-05 9.997E-05
0.734263 0.0220033 0.243534 9.99824E-05 9.99824E-05
0.771342 9.99824E-05 0.167326 0.0611327 9.99824E-05
0.870115 9.99737E-05 0.129585 9.99737E-05 9.99737E-05
0.807075 9.99737E-05 0.192625 9.99737E-05 9.99737E-05
0.85716 9.99737E-05 0.14254 9.99737E-05 9.99737E-05
0.758332 0.0735972 0.0814702 0.0775085 0.0090922
0.860055 9.99736E-05 0.139645 9.99736E-05 9.99736E-05
9.99824E-05 0.133252 0.472631 0.393917 9.99824E-05
0.104448 9.99824E-05 0.297321 0.59803 9.99824E-05
0.307003 0.289001 0.0657263 0.310578 0.0276916
0.141658 0.117074 0.264082 0.477087 9.99912E-05
0.178626 0.0691069 0.411354 0.340813 9.99912E-05
0.0471243 0.21761 0.428916 0.306249 9.99912E-05
0.094874 0.0880434 0.383835 0.433147 9.99912E-05
0.0890976 0.0766078 0.425382 0.408813 9.99912E-05
0.471855 0.107661 0.0871609 0.333223 9.99912E-05
0.0464104 0.49831 0.435135 0.00857494 0.0115697
0.263705 0.160059 0.175055 0.401081 9.99912E-05
0.224716 0.125004 0.175882 0.474298 9.99912E-05
0.0860501 0.158319 0.421212 0.334319 9.99912E-05
0.102744 0.141317 0.349261 0.406578 9.99912E-05
0.0348445 0.0344533 0.33126 0.599343 9.99912E-05
0.0621451 0.116355 0.429391 0.392009 9.99912E-05
0.0402124 0.0603137 0.524027 0.375347 9.99912E-05
0.287912 0.0169683 0.210211 0.484809 9.99912E-05
0.269442 0.26239 0.253572 0.214497 9.99912E-05
0.0183372 0.255337 0.513308 0.212918 9.99912E-05
9.997E-05 0.9996 9.997E-05 9.997E-05 9.997E-05
9.997E-05 0.9996 9.997E-05 9.997E-05 9.997E-05
9.997E-05 0.9996 9.997E-05 9.997E-05 9.997E-05
9.997E-05 0.9996 9.997E-05 9.997E-05 9.997E-05
9.997E-05 0.9996 9.997E-05 9.997E-05 9.997E-05
9.997E-05 0.9996 9.997E-05 9.997E-05 9.997E-05
9.997E-05 0.9996 9.997E-05 9.997E-05 9.997E-05
9.997E-05 0.9996 9.997E-05 9.997E-05 9.997E-05
9.997E-05 0.9996 9.997E-05 9.997E-05 9.997E-05
9.997E-05 0.9996 9.997E-05 9.997E-05 9.997E-05
9.997E-05 0.9996 9.997E-05 9.997E-05 9.997E-05
9.997E-05 0.9996 9.997E-05 9.997E-05 9.997E-05
9.997E-05 0.9996 9.997E-05 9.997E-05 9.997E-05
9.997E-05 0.9996 9.997E-05 9.997E-05 9.997E-05
9.997E-05 0.9996 9.997E-05 9.997E-05 9.997E-05
9.997E-05 0.9996 9.997E-05 9.997E-05 9.997E-05
9.997E-05 0.9996 9.997E-05 9.997E-05 9.997E-05
9.997E-05 0.9996 9.997E-05 9.997E-05 9.997E-05
9.997E-05 0.9996 9.997E-05 9.997E-05 9.997E-05
9.997E-05 0.9996 9.997E-05 9.997E-05 9.997E-05
9.997E-05 0.9996 9.997E-05 9.997E-05 9.997E-05
9.997E-05 0.9996 9.997E-05 9.997E-05 9.997E-05
9.997E-05 0.9996 9.997E-05 9.997E-05 9.997E-05
9.997E-05 0.9996 9.997E-05 9.997E-05 9.997E-05
9.997E-05 0.9996 9.997E-05 9.997E-05 9.997E-05
9.997E-05 0.9996 9.997E-05 9.997E-05 9.997E-05
9.997E-05 0.9996 9.997E-05 9.997E-05 9.997E-05
9.997E-05 0.9996 9.997E-05 9.997E-05 9.997E-05
9.997E-05 0.9996 9.997E-05 9.997E-05 9.997E-05
9.997E-05 0.9996 9.997E-05 9.997E-05 9.997E-05
9.997E-05 0.9996 9.997E-05 9.997E-05 9.997E-05
9.997E-05 0.9996 9.997E-05 9.997E-05 9.997E-05
9.997E-05 0.9996 9.997E-05 9.997E-05 9.997E-05
9.997E-05 0.9996 9.997E-05 9.997E-05 9.997E-05
9.997E-05 0.9996 9.997E-05 9.997E-05 9.997E-05
9.997E-05 0.9996 9.997E-05 9.997E-05 9.997E-05
9.997E-05 0.9996 9.997E-05 9.997E-05 9.997E-05
9.997E-05 0.9996 9.997E-05 9.997E-05 9.997E-05
9.997E-05 0.9996 9.997E-05 9.997E-05 9.997E-05
9.997E-05 0.9996 9.997E-05 9.997E-05 9.997E-05
9.997E-05 0.9996 9.997E-05 9.997E-05 9.997E-05
9.997E-05 0.9996 9.997E-05 9.997E-05 9.997E-05
9.997E-05 0.9996 9.997E-05 9.997E-05 9.997E-05
9.997E-05 0.9996 9.997E-05 9.997E-05 9.997E-05
9.997E-05 0.9996 9.997E-05 9.997E-05 9.997E-05
9.997E-05 0.9996 9.997E-05 9.997E-05 9.997E-05
9.997E-05 0.9996 9.997E-05 9.997E-05 9.997E-05
9.997E-05 0.9996 9.997E-05 9.997E-05 9.997E-05
9.997E-05 0.9996 9.997E-05 9.997E-05 9.997E-05
9.997E-05 0.9996 9.997E-05 9.997E-05 9.997E-05
9.997E-05 0.9996 9.997E-05 9.997E-05 9.997E-05
9.997E-05 0.9996 9.997E-05 9.997E-05 9.997E-05
9.997E-05 0.9996 9.997E-05 9.997E-05 9.997E-05
9.997E-05 0.9996 9.997E-05 9.997E-05 9.997E-05
9.997E-05 0.9996 9.997E-05 9.997E-05 9.997E-05
9.997E-05 0.9996 9.997E-05 9.997E-05 9.997E-05
9.997E-05 0.9996 9.997E-05 9.997E-05 9.997E-05
9.997E-05 0.9996 9.997E-05 9.997E-05 9.997E-05
9.997E-05 0.9996 9.997E-05 9.997E-05 9.997E-05
9.997E-05 0.9996 9.997E-05 9.997E-05 9.997E-05
9.997E-05 0.9996 9.997E-05 9.997E-05 9.997E-05
9.997E-05 0.9996 9.997E-05 9.997E-05 9.997E-05
9.997E-05 0.9996 9.997E-05 9.997E-05 9.997E-05
9.99736E-05 0.974442 9.99736E-05 0.0252577 9.99736E-05
9.997E-05 0.9996 9.997E-05 9.997E-05 9.997E-05
9.997E-05 0.9996 9.997E-05 9.997E-05 9.997E-05
9.997E-05 0.9996 9.997E-05 9.997E-05 9.997E-05
9.997E-05 0.9996 9.997E-05 9.997E-05 9.997E-05
9.997E-05 0.9996 9.997E-05 9.997E-05 9.997E-05
9.99736E-05 0.947192 9.99736E-05 0.0525086 9.99736E-05
9.997E-05 0.9996 9.997E-05 9.997E-05 9.997E-05
9.997E-05 0.9996 9.997E-05 9.997E-05 9.997E-05
9.997E-05 0.9996 9.997E-05 9.997E-05 9.997E-05
9.99736E-05 0.982687 9.99736E-05 0.0170131 9.99736E-05
9.997E-05 0.9996 9.997E-05 9.997E-05 9.997E-05
9.997E-05 0.9996 9.997E-05 9.997E-05 9.997E-05
9.997E-05 0.9996 9.997E-05 9.997E-05 9.997E-05
9.99736E-05 0.97482 9.99736E-05 0.0248802 9.99736E-05
9.997E-05 0.9996 9.997E-05 9.997E-05 9.997E-05
9.997E-05 0.9996 9.997E-05 9.997E-05 9.997E-05
9.997E-05 0.9996 9.997E-05 9.997E-05 9.997E-05
9.997E-05 0.9996 9.997E-05 9.997E-05 9.997E-05
9.997E-05 0.9996 9.997E-05 9.997E-05 9.997E-05
9.997E-05 0.9996 9.997E-05 9.997E-05 9.997E-05
9.997E-05 0.9996 9.997E-05 9.997E-05 9.997E-05
9.997E-05 0.9996 9.997E-05 9.997E-05 9.997E-05
9.997E-05 0.9996 9.997E-05 9.997E-05 9.997E-05
9.997E-05 0.9996 9.997E-05 9.997E-05 9.997E-05
9.997E-05 0.9996 9.997E-05 9.997E-05 9.997E-05
9.997E-05 0.9996 9.997E-05 9.997E-05 9.997E-05
9.997E-05 0.9996 9.997E-05 9.997E-05 9.997E-05
9.997E-05 0.9996 9.997E-05 9.997E-05 9.997E-05
9.997E-05 0.9996 9.997E-05 9.997E-05 9.997E-05
9.997E-05 0.9996 9.997E-05 9.997E-05 9.997E-05
9.997E-05 0.9996 9.997E-05 9.997E-05 9.997E-05
9.997E-05 0.9996 9.997E-05 9.997E-05 9.997E-05
9.997E-05 0.9996 9.997E-05 9.997E-05 9.997E-05
9.99824E-05 0.8684 9.99824E-05 0.107913 0.0234865
9.997E-05 0.9996 9.997E-05 9.997E-05 9.997E-05
9.997E-05 0.9996 9.997E-05 9.997E-05 9.997E-05
9.997E-05 0.9996 9.997E-05 9.997E-05 9.997E-05
9.997E-05 0.9996 9.997E-05 9.997E-05 9.997E-05
9.997E-05 0.9996 9.997E-05 9.997E-05 9.997E-05
9.99736E-05 0.953287 9.99736E-05 0.0464126 9.99736E-05
9.997E-05 0.9996 9.997E-05 9.997E-05 9.997E-05
9.997E-05 0.9996 9.997E-05 9.997E-05 9.997E-05
9.99736E-05 0.994871 9.99736E-05 9.99736E-05 0.00482863
9.997E-05 0.9996 9.997E-05 9.997E-05 9.997E-05
9.99736E-05 0.982206 9.99736E-05 9.99736E-05 0.0174939
9.997E-05 0.9996 9.997E-05 9.997E-05 9.997E-05
9.997E-05 0.9996 9.997E-05 9.997E-05 9.997E-05
9.997E-05 0.9996 9.997E-05 9.997E-05 9.997E-05
9.997E-05 0.9996 9.997E-05 9.997E-05 9.997E-05
9.997E-05 0.9996 9.997E-05 9.997E-05 9.997E-05
9.997E-05 0.9996 9.997E-05 9.997E-05 9.997E-05
9.997E-05 0.9996 9.997E-05 9.997E-05 9.997E-05
9.99736E-05 0.978053 9.99736E-05 0.0216471 9.99736E-05
9.997E-05 0.9996 9.997E-05 9.997E-05 9.997E-05
9.997E-05 0.9996 9.997E-05 9.997E-05 9.997E-05
9.997E-05 0.9996 9.997E-05 9.997E-05 9.997E-05
9.997E-05 0.9996 9.997E-05 9.997E-05 9.997E-05
9.997E-05 0.9996 9.997E-05 9.997E-05 9.997E-05
9.997E-05 0.9996 9.997E-05 9.997E-05 9.997E-05
9.997E-05 0.9996 9.997E-05 9.997E-05 9.997E-05
9.997E-05 0.9996 9.997E-05 9.997E-05 9.997E-05
9.997E-05 0.9996 9.997E-05 9.997E-05 9.997E-05
9.997E-05 0.9996 9.997E-05 9.997E-05 9.997E-05
9.997E-05 0.9996 9.997E-05 9.997E-05 9.997E-05
9.997E-05 0.9996 9.997E-05 9.997E-05 9.997E-05
9.997E-05 0.9996 9.997E-05 9.997E-05 9.997E-05
9.99824E-05 0.555205 9.99824E-05 0.266683 0.177912
9.99824E-05 0.606901 9.99824E-05 0.306496 0.0864035
9.99736E-05 0.837869 9.99736E-05 9.99736E-05 0.161831
9.99824E-05 0.817202 9.99824E-05 0.0436434 0.138955
9.99824E-05 0.555987 9.99824E-05 0.264732 0.179081
9.99824E-05 0.555987 9.99824E-05 0.264732 0.179081
9.99824E-05 0.511985 9.99824E-05 0.337205 0.150609
9.99824E-05 0.580037 9.99824E-05 0.0543542 0.365408
9.99824E-05 0.449479 9.99824E-05 0.369009 0.181312
9.99824E-05 0.521799 9.99824E-05 0.326347 0.151655
9.99824E-05 0.465574 9.99824E-05 0.335604 0.198622
9.99825E-05 0.520564 9.99825E-05 0.468627 0.0106086
9.99736E-05 0.874061 9.99736E-05 9.99736E-05 0.125639
9.99736E-05 0.812336 9.99736E-05 9.99736E-05 0.187364
9.99736E-05 0.826905 9.99736E-05 9.99736E-05 0.172795
9.99736E-05 0.872097 9.99736E-05 9.99736E-05 0.127603
9.99736E-05 0.874692 9.99736E-05 9.99736E-05 0.125008
9.99824E-05 0.238167 9.99824E-05 0.560373 0.201259
9.99824E-05 0.356515 9.99824E-05 0.471784 0.1715
9.99737E-05 0.222651 9.99737E-05 0.777049 9.99737E-05
9.99736E-05 0.0844822 9.99736E-05 0.915218 9.99736E-05
9.99824E-05 0.254569 9.99824E-05 0.680454 0.0647764
9.99736E-05 0.0578006 9.99736E-05 0.9419 9.99736E-05
9.99824E-05 0.0172308 9.99824E-05 0.957946 0.0246229
9.99736E-05 9.99736E-05 9.99736E-05 0.996919 0.00278066
9.99824E-05 0.0547023 9.99824E-05 0.817122 0.127976
9.99824E-05 0.236927 9.99824E-05 0.75188 0.0109931
0.0768815 0.0635866 9.99912E-05 0.672887 0.186545
9.99736E-05 0.0261249 9.99736E-05 0.973575 9.99736E-05
0.0182542 0.166098 9.99912E-05 0.526814 0.288734
9.99824E-05 0.0612451 9.99824E-05 0.531638 0.406917
9.99824E-05 0.0641715 9.99824E-05 0.648302 0.287327
0.0538088 0.0532027 9.99912E-05 0.657546 0.235342
9.99824E-05 0.160707 9.99824E-05 0.532103 0.30699
9.99824E-05 0.05745 9.99824E-05 0.894006 0.0483439
9.99824E-05 0.420933 9.99824E-05 0.533 0.0458664
9.99824E-05 0.181402 9.99824E-05 0.432154 0.386244
9.99824E-05 0.111337 9.99824E-05 0.410074 0.478389
9.99824E-05 0.0446459 9.99824E-05 0.760104 0.19505
9.99824E-05 0.208456 9.99824E-05 0.335239 0.456104
0.0590433 0.0609102 9.99824E-05 0.879847 9.99824E-05
9.99824E-05 0.2378 9.99824E-05 0.538491 0.22351
9.99824E-05 0.384977 9.99824E-05 0.462835 0.151988
9.99824E-05 0.278769 9.99824E-05 0.719884 0.00114718
9.99824E-05 0.33168 9.99824E-05 0.640801 0.027319
9.99824E-05 0.109284 9.99824E-05 0.777832 0.112684
9.99824E-05 0.0472469 9.99824E-05 0.733468 0.219085
9.99824E-05 0.0454632 9.99824E-05 0.886346 0.0679913
9.99912E-05 0.293492 0.00520894 0.54996 0.151239
9.99912E-05 0.328261 0.0327677 0.564855 0.0740166
9.99824E-05 0.0655252 9.99824E-05 0.737294 0.196981
9.99824E-05 0.0249461 9.99824E-05 0.631375 0.343479
9.99824E-05 0.032086 9.99824E-05 0.797955 0.169759
9.99824E-05 0.0376469 9.99824E-05 0.788094 0.174059
9.99824E-05 0.190157 9.99824E-05 0.728053 0.0815899
9.99824E-05 0.0261215 9.99824E-05 0.640155 0.333523
9.99824E-05 0.228716 9.99824E-05 0.737388 0.0336963
0.0472392 0.105163 9.99824E-05 0.847398 9.99824E-05
9.99736E-05 9.99736E-05 9.99736E-05 0.859154 0.140546
9.99736E-05 9.99736E-05 9.99736E-05 0.854764 0.144936
0.0216897 9.99736E-05 9.99736E-05 0.97801 9.99736E-05
9.99824E-05 0.0392529 9.99824E-05 0.839957 0.12059
9.99824E-05 0.11401 9.99824E-05 0.787075 0.0987149
9.99736E-05 9.99736E-05 9.99736E-05 0.849314 0.150386
9.99824E-05 0.350949 9.99824E-05 0.446501 0.20235
9.99824E-05 0.190925 9.99824E-05 0.761403 0.0474724
9.99736E-05 9.99736E-05 9.99736E-05 0.828026 0.171674
0.0422543 0.0660878 9.99824E-05 0.891458 9.99824E-05
0.0790885 0.0403197 9.99912E-05 0.86934 0.0111522
9.99824E-05 0.211957 9.99824E-05 0.776067 0.011776
9.99824E-05 0.0483925 9.99824E-05 0.841623 0.109784
0.0451252 0.09796 9.99824E-05 0.856715 9.99824E-05
9.99824E-05 0.226409 9.99824E-05 0.467969 0.305422
9.99736E-05 9.99736E-05 9.99736E-05 0.929479 0.0702211
9.99736E-05 9.99736E-05 9.99736E-05 0.850007 0.149693
9.99736E-05 9.99736E-05 9.99736E-05 0.856184 0.143516
9.99736E-05 9.99736E-05 9.99736E-05 0.914988 0.0847123
9.99824E-05 0.202648 9.99824E-05 0.722094 0.0750576
9.99824E-05 0.158077 9.99824E-05 0.834848 0.00687491
9.99736E-05 9.99736E-05 9.99736E-05 0.535605 0.464095
9.99736E-05 9.99736E-05 9.99736E-05 0.865005 0.134695
0.103371 0.0951783 9.99824E-05 0.801251 9.99824E-05
9.99824E-05 0.137494 9.99824E-05 0.811198 0.0511078
9.99824E-05 0.0686112 9.99824E-05 0.845316 0.0858726
9.99736E-05 0.225798 9.99736E-05 0.773902 9.99736E-05
9.99824E-05 0.119969 9.99824E-05 0.704483 0.175348
9.99824E-05 0.0272826 9.99824E-05 0.841961 0.130556
9.99736E-05 9.99736E-05 9.99736E-05 0.843899 0.155801
9.99736E-05 0.17395 9.99736E-05 0.82575 9.99736E-05
9.99824E-05 0.0480098 9.99824E-05 0.741248 0.210542
0.0784316 0.0386927 9.99912E-05 0.80799 0.0747852
9.997E-05 9.997E-05 9.997E-05 0.9996 9.997E-05
9.99824E-05 0.146455 9.99824E-05 0.724514 0.128831
9.99824E-05 0.111222 9.99824E-05 0.702009 0.186569
9.99824E-05 0.254844 9.99824E-05 0.541779 0.203176
9.99824E-05 0.332827 9.99824E-05 0.605092 0.0618805
9.99824E-05 0.209144 9.99824E-05 0.628541 0.162115
9.99912E-05 0.0290748 0.100484 0.826966 0.0433757
0.018367 0.0647426 9.99824E-05 0.91669 9.99824E-05
9.99824E-05 0.177361 9.99824E-05 0.80275 0.0196896
9.99824E-05 0.0310264 9.99824E-05 0.753191 0.215582
9.99824E-05 0.122824 9.99824E-05 0.674098 0.202878
9.99736E-05 0.12415 9.99736E-05 0.87555 9.99736E-05
9.99824E-05 0.301897 9.99824E-05 0.57299 0.124913
9.99736E-05 0.0618249 9.99736E-05 0.937875 9.99736E-05
9.99824E-05 0.0257623 9.99824E-05 0.960852 0.0131855
9.99736E-05 0.220784 9.99736E-05 0.778916 9.99736E-05
9.99824E-05 0.144219 9.99824E-05 0.821976 0.0336045
9.99824E-05 0.090122 9.99824E-05 0.800811 0.108868
9.99824E-05 0.0306426 9.99824E-05 0.799322 0.169836
0.111313 0.158714 9.99824E-05 0.729773 9.99824E-05
9.99824E-05 0.0623005 9.99824E-05 0.522695 0.414805
9.99824E-05 0.341123 9.99824E-05 0.392423 0.266254
9.99824E-05 0.155025 9.99824E-05 0.710251 0.134524
9.99824E-05 0.283156 9.99824E-05 0.544742 0.171901
9.99824E-05 0.268541 9.99824E-05 0.532396 0.198863
9.99824E-05 0.148912 9.99824E-05 0.72004 0.130848
9.99824E-05 0.0825544 9.99824E-05 0.845895 0.0713505
9.99824E-05 0.0571068 9.99824E-05 0.695429 0.247264
9.99824E-05 0.269618 9.99824E-05 0.531815 0.198367
0.0561374 0.110383 9.99912E-05 0.677857 0.155522
9.99824E-05 0.241201 9.99824E-05 0.704083 0.0545168
9.99736E-05 9.99736E-05 9.99736E-05 0.931137 0.068563
9.99824E-05 0.198226 9.99824E-05 0.64616 0.155414
0.100517 9.99825E-05 9.99825E-05 0.812529 0.0867541
9.99824E-05 0.073266 9.99824E-05 0.852378 0.074156
9.99824E-05 0.00077336 9.99824E-05 0.886013 0.113013
9.99737E-05 0.130782 9.99737E-05 0.868918 9.99737E-05
9.99824E-05 0.115092 9.99824E-05 0.808334 0.0763738
9.99824E-05 0.102574 9.99824E-05 0.803803 0.0934226
9.99736E-05 0.147947 9.99736E-05 0.851753 9.99736E-05
9.99736E-05 9.99736E-05 9.99736E-05 0.943122 0.056578
9.99736E-05 9.99736E-05 9.99736E-05 0.791815 0.207886
9.99736E-05 0.0857225 9.99736E-05 0.913978 9.99736E-05
9.99824E-05 0.0796419 9.99824E-05 0.85182 0.0683382
9.99737E-05 0.147824 9.99737E-05 0.851876 9.99737E-05
9.99824E-05 0.160958 9.99824E-05 0.625712 0.21313
9.99824E-05 0.0575578 9.99824E-05 0.784895 0.157347
9.99737E-05 0.455197 9.99737E-05 0.544503 9.99737E-05
9.99824E-05 0.00270207 9.99824E-05 0.832814 0.164284
9.99824E-05 0.1522 9.99824E-05 0.420219 0.427381
9.99824E-05 0.131502 9.99824E-05 0.752366 0.115932
0.0150663 0.0366493 9.99912E-05 0.89126 0.0569244
9.99824E-05 9.99824E-05 0.0440525 0.831819 0.123929
9.99824E-05 0.152545 9.99824E-05 0.716273 0.130983
9.99824E-05 0.258055 9.99824E-05 0.674834 0.0669108
9.99824E-05 0.247045 9.99824E-05 0.624377 0.128378
9.99736E-05 9.99736E-05 9.99736E-05 0.738618 0.261082
9.99824E-05 0.0959343 9.99824E-05 0.710999 0.192867
9.99824E-05 0.168962 9.99824E-05 0.569264 0.261575
9.99824E-05 0.209883 9.99824E-05 0.779328 0.0105884
9.99824E-05 0.0971371 9.99824E-05 0.755632 0.147031
9.99824E-05 0.00357603 9.99824E-05 0.809217 0.187007
9.99824E-05 0.267937 9.99824E-05 0.526962 0.204901
9.99824E-05 0.172277 9.99824E-05 0.599158 0.228365
9.99736E-05 0.087487 9.99736E-05 0.912213 9.99736E-05
9.99736E-05 9.99736E-05 9.99736E-05 0.856196 0.143505
9.99824E-05 0.212624 9.99824E-05 0.774263 0.0129129
9.99824E-05 0.106952 9.99824E-05 0.782539 0.11031
9.99736E-05 9.99736E-05 9.99736E-05 0.549916 0.449784
9.99824E-05 0.126673 9.99824E-05 0.188451 0.684675
0.0693647 0.454448 9.99912E-05 0.384429 0.0916584
9.99824E-05 0.288194 9.99824E-05 0.338045 0.373561
9.99824E-05 0.14043 9.99824E-05 0.136073 0.723297
9.99824E-05 0.420477 9.99824E-05 0.290501 0.288822
9.99736E-05 0.361551 9.99736E-05 0.638149 9.99736E-05
9.99824E-05 0.243421 9.99824E-05 0.551111 0.205268
9.99824E-05 0.510582 9.99824E-05 0.322075 0.167143
9.99824E-05 0.261116 9.99824E-05 0.454422 0.284262
9.99824E-05 0.158543 9.99824E-05 0.528193 0.313063
9.99824E-05 0.232587 9.99824E-05 0.413682 0.353531
9.99824E-05 0.474044 9.99824E-05 0.485557 0.0401993
9.99824E-05 0.298761 9.99824E-05 0.315575 0.385464
9.99736E-05 9.99736E-05 9.99736E-05 0.345533 0.654167
9.99824E-05 0.204737 9.99824E-05 0.380623 0.41444
9.99824E-05 0.246695 9.99824E-05 0.578764 0.174341
9.99824E-05 0.357681 9.99824E-05 0.337539 0.30458
9.99824E-05 0.578064 9.99824E-05 0.164689 0.257047
9.99824E-05 0.0697662 9.99824E-05 0.320615 0.609418
9.99824E-05 0.0089778 9.99824E-05 0.603015 0.387807
9.99824E-05 0.334728 9.99824E-05 0.411141 0.253931
9.99824E-05 0.151462 9.99824E-05 0.477119 0.371219
9.99824E-05 0.340986 9.99824E-05 0.329671 0.329143
9.99824E-05 0.444597 9.99824E-05 0.115922 0.439281
9.99824E-05 0.300357 9.99824E-05 0.518748 0.180695
9.99737E-05 0.762962 9.99737E-05 9.99737E-05 0.236738
9.99824E-05 0.326338 9.99824E-05 0.389625 0.283836
9.99824E-05 0.712177 9.99824E-05 0.0169658 0.270657
9.99824E-05 0.0285505 9.99824E-05 0.723669 0.247581
9.99825E-05 0.0362972 9.99825E-05 0.911612 0.0518905
9.99736E-05 9.99736E-05 9.99736E-05 0.731365 0.268335
9.99824E-05 0.14634 9.99824E-05 0.738441 0.115019
9.99736E-05 9.99736E-05 9.99736E-05 0.82162 0.17808
9.99824E-05 0.123332 9.99824E-05 0.752418 0.124051
0.125844 0.0934045 9.99912E-05 0.732974 0.0476776
9.99824E-05 0.17802 9.99824E-05 0.584569 0.237211
9.99824E-05 0.1891 9.99824E-05 0.592437 0.218262
9.99824E-05 0.263383 9.99824E-05 0.494765 0.241652
9.99824E-05 0.145832 9.99824E-05 0.697732 0.156237
9.99736E-05 9.99736E-05 9.99736E-05 0.9363 0.0634005
9.99824E-05 0.0687552 9.99824E-05 0.745828 0.185217
9.99736E-05 9.99736E-05 9.99736E-05 0.976321 0.0233786
9.99824E-05 0.0645838 9.99824E-05 0.923937 0.0112793
9.99824E-05 0.0516838 9.99824E-05 0.74596 0.202157
9.99737E-05 9.99737E-05 9.99737E-05 0.811609 0.188091
9.99736E-05 9.99736E-05 9.99736E-05 0.774312 0.225388
9.99824E-05 0.36841 9.99824E-05 0.469466 0.161923
9.99824E-05 0.0322343 9.99824E-05 0.785233 0.182333
0.00901788 9.99824E-05 9.99824E-05 0.863893 0.126889
9.99824E-05 0.314193 9.99824E-05 0.657331 0.0282764
0.0164479 9.99824E-05 9.99824E-05 0.883903 0.0994491
9.99736E-05 9.99736E-05 9.99736E-05 0.753014 0.246686
