9.99737E-05 9.99737E-05 0.0124811 9.99737E-05 0.827689 0.15953
9.9965E-05 9.9965E-05 9.9965E-05 9.9965E-05 0.942127 0.0574729
0.0778716 9.99737E-05 9.99737E-05 0.00955706 0.912271 9.99737E-05
0.388987 9.99912E-05 0.0613789 0.0889287 0.39747 0.0631357
0.213209 9.99738E-05 9.99738E-05 0.0279892 0.758501 9.99738E-05
0.181372 0.0663481 0.0547367 0.266527 0.365854 0.065162
0.235536 9.99825E-05 0.0336684 9.99825E-05 0.515396 0.215199
0.470841 0.191334 9.99912E-05 0.0394198 0.205909 0.0923962
0.0615551 0.253582 0.115867 9.99825E-05 0.568796 9.99825E-05
0.00618269 9.99737E-05 9.99737E-05 9.99737E-05 0.93831 0.0552077
9.99649E-05 9.99649E-05 9.99649E-05 9.99649E-05 0.799084 0.200516
0.13472 9.99738E-05 9.99738E-05 9.99738E-05 0.845373 0.0196071
0.0534008 9.9965E-05 9.9965E-05 9.9965E-05 0.946199 9.9965E-05
0.0424428 9.99825E-05 9.99825E-05 0.168415 0.663418 0.125524
0.128517 0.158436 9.99825E-05 0.0916484 0.621199 9.99825E-05
0.321003 0.233519 9.99737E-05 9.99737E-05 0.445178 9.99737E-05
0.0863375 9.99825E-05 9.99825E-05 0.0565289 0.761165 0.0957689
0.121517 0.04492 0.143927 9.99912E-05 0.47977 0.209766
0.118554 0.118158 9.99824E-05 9.99824E-05 0.648707 0.114381
0.109458 9.99738E-05 9.99738E-05 9.99738E-05 0.825237 0.0650051
0.309723 0.06122 0.00676309 9.99912E-05 0.552883 0.0693106
0.346121 0.157582 9.99912E-05 0.111133 0.298555 0.0865086
9.9965E-05 9.9965E-05 9.9965E-05 9.9965E-05 0.917542 0.0820586
0.202203 9.99737E-05 9.99737E-05 9.99737E-05 0.789922 0.00757509
0.063586 0.106043 0.152285 0.108747 0.569239 9.99912E-05
0.147114 9.99737E-05 9.99737E-05 0.0854171 0.767169 9.99737E-05
0.194769 0.0258871 9.99912E-05 0.247655 0.381162 0.150427
0.0576823 9.99738E-05 9.99738E-05 0.00604651 0.935971 9.99738E-05
9.99737E-05 9.99737E-05 0.00637162 0.143567 0.849761 9.99737E-05
9.99825E-05 9.99825E-05 0.0106859 0.231687 0.730619 0.0268085
9.9965E-05 9.9965E-05 9.9965E-05 9.9965E-05 0.796628 0.202972
0.152316 9.99825E-05 9.99825E-05 0.273428 0.536274 0.0377816
0.129324 9.99825E-05 9.99825E-05 0.00415683 0.767453 0.0988659
0.127131 9.99825E-05 9.99825E-05 0.223309 0.58744 0.0619203
9.99738E-05 9.99738E-05 0.0381334 9.99738E-05 0.908864 0.0527028
0.140253 9.99737E-05 9.99737E-05 9.99737E-05 0.81653 0.0429177
0.258274 9.9965E-05 9.9965E-05 9.9965E-05 0.741326 9.9965E-05
9.99912E-05 0.0928648 0.0986852 0.139864 0.633045 0.0354406
0.0675811 0.0285005 9.99825E-05 0.144587 0.759131 9.99825E-05
0.183375 9.99737E-05 9.99737E-05 0.237925 0.578399 9.99737E-05
0.0932467 9.99738E-05 9.99738E-05 9.99738E-05 0.891437 0.0150164
0.0555197 0.0018605 9.99825E-05 0.0340636 0.908356 9.99825E-05
0.113819 9.99738E-05 9.99738E-05 0.120944 0.764937 9.99738E-05
0.0426799 0.129391 9.99824E-05 9.99824E-05 0.710743 0.116985
0.351458 9.99737E-05 0.0437827 9.99737E-05 0.604459 9.99737E-05
0.124556 9.99737E-05 0.0310906 9.99737E-05 0.844053 9.99737E-05
9.9965E-05 9.9965E-05 9.9965E-05 9.9965E-05 0.871711 0.127889
0.0248607 9.9965E-05 9.9965E-05 9.9965E-05 0.974739 9.9965E-05
0.0944881 9.99737E-05 9.99737E-05 9.99737E-05 0.861343 0.0438694
0.163515 9.99913E-05 0.0390681 0.0243163 0.698218 0.0747821
0.0651636 0.06244 9.99912E-05 0.112176 0.633149 0.126972
0.396903 9.99825E-05 0.0224534 0.0317779 0.548666 9.99825E-05
0.0185107 9.99825E-05 9.99825E-05 0.0600927 0.850263 0.0709332
0.362421 9.99825E-05 9.99825E-05 0.0230722 0.604151 0.0101553
0.108765 9.9965E-05 9.9965E-05 9.9965E-05 0.890835 9.9965E-05
0.0414239 9.99913E-05 0.127456 0.169703 0.567399 0.0939181
0.123635 9.99737E-05 9.99737E-05 9.99737E-05 0.786844 0.089221
0.0983942 9.99738E-05 9.99738E-05 9.99738E-05 0.71917 0.182135
0.134495 9.99738E-05 9.99738E-05 9.99738E-05 0.845403 0.019802
9.99824E-05 0.126588 9.99824E-05 0.018219 0.604143 0.250849
0.283427 0.0267672 9.99825E-05 9.99825E-05 0.664201 0.0254048
0.0341833 0.0066304 9.99912E-05 0.107345 0.596803 0.254938
9.99824E-05 0.273945 9.99824E-05 0.335321 0.284933 0.105601
0.244029 0.102304 0.00552658 9.99912E-05 0.508058 0.139982
9.99824E-05 0.157081 9.99824E-05 0.0543323 0.655737 0.13265
0.121602 0.186239 9.99824E-05 9.99824E-05 0.571314 0.120645
9.99824E-05 0.110568 9.99824E-05 0.0618816 0.455654 0.371696
9.99825E-05 0.0730962 9.99825E-05 0.0708557 0.702269 0.153579
9.99737E-05 0.0608287 9.99737E-05 9.99737E-05 0.734246 0.204626
9.99824E-05 0.191296 0.0552906 9.99824E-05 0.472238 0.280975
0.345067 0.0608981 9.99824E-05 9.99824E-05 0.429903 0.163931
0.157211 0.17917 9.99912E-05 0.163455 0.240248 0.259816
0.249894 0.119429 9.99736E-05 9.99736E-05 0.630377 9.99736E-05
0.0832283 9.99825E-05 9.99825E-05 0.248496 0.584927 0.0831486
9.99825E-05 0.0947163 9.99825E-05 0.0461519 0.743756 0.115176
0.270886 0.0775496 9.99912E-05 0.0608245 0.49864 0.0919994
0.227689 0.118786 9.99824E-05 9.99824E-05 0.416431 0.236893
0.0178154 0.0514105 9.99912E-05 0.0265236 0.618384 0.285767
0.206298 0.0380727 9.99824E-05 9.99824E-05 0.605778 0.149651
0.100507 9.99825E-05 9.99825E-05 0.0553829 0.744704 0.0992069
0.0964106 0.117529 9.99912E-05 0.0538672 0.531302 0.200791
9.99737E-05 9.99737E-05 9.99737E-05 0.360126 0.513518 0.126056
0.200325 0.0199296 9.99912E-05 0.0690776 0.501224 0.209344
0.0870469 0.0680255 9.99912E-05 0.0401672 0.536451 0.268209
9.99912E-05 0.0816369 0.00168962 0.0978592 0.776234 0.0424802
0.0798907 9.99825E-05 9.99825E-05 0.104714 0.695445 0.119751
0.14947 0.0848503 9.99825E-05 9.99825E-05 0.725993 0.0394861
9.99737E-05 0.0544487 9.99737E-05 9.99737E-05 0.714378 0.230874
0.0314616 0.152444 9.99825E-05 0.171944 0.64395 9.99825E-05
9.99648E-05 0.177636 9.99648E-05 0.821964 9.99648E-05 9.99648E-05
9.996E-05 9.996E-05 9.996E-05 0.9995 9.996E-05 9.996E-05
9.99736E-05 0.00544908 9.99736E-05 0.900439 9.99736E-05 0.0938122
9.99824E-05 0.135672 0.0557822 0.712824 9.99824E-05 0.0955226
9.99736E-05 0.158123 0.0442445 0.797333 9.99736E-05 9.99736E-05
9.99737E-05 0.24499 0.030941 0.723769 9.99737E-05 9.99737E-05
9.99736E-05 0.131416 9.99736E-05 0.802387 9.99736E-05 0.0658969
0.0172271 0.27135 0.00339463 0.665272 9.99912E-05 0.0426565
9.99736E-05 0.499647 9.99736E-05 0.423227 9.99736E-05 0.0768261
0.0504014 0.241447 9.99824E-05 0.563658 0.144293 9.99824E-05
9.99649E-05 0.111532 9.99649E-05 0.888068 9.99649E-05 9.99649E-05
9.99824E-05 0.0860328 9.99824E-05 0.855696 0.0507477 0.00732336
9.99649E-05 0.110089 9.99649E-05 0.889511 9.99649E-05 9.99649E-05
9.99737E-05 0.192077 9.99737E-05 0.756949 0.0506736 9.99737E-05
9.99824E-05 0.119554 0.0100463 0.737053 9.99824E-05 0.133147
9.99912E-05 0.114879 0.024511 0.800773 0.0295428 0.0301949
9.99824E-05 0.0905106 0.105307 0.741629 0.0623533 9.99824E-05
0.13562 0.15506 9.99737E-05 0.70902 9.99737E-05 9.99737E-05
9.99736E-05 0.0753633 9.99736E-05 0.872381 9.99736E-05 0.051956
9.99737E-05 0.0853688 0.138184 0.776147 9.99737E-05 9.99737E-05
0.0566072 0.151832 9.99736E-05 0.791261 9.99736E-05 9.99736E-05
9.99736E-05 0.182081 9.99736E-05 0.766439 9.99736E-05 0.0511795
0.0189828 0.339216 0.167935 0.473667 9.99824E-05 9.99824E-05
9.99649E-05 0.147059 9.99649E-05 0.852542 9.99649E-05 9.99649E-05
0.017948 0.346789 0.15808 0.476983 9.99824E-05 9.99824E-05
9.99737E-05 0.206171 9.99737E-05 0.746758 0.0467714 9.99737E-05
9.9965E-05 9.9965E-05 0.0166867 0.982913 9.9965E-05 9.9965E-05
0.0437579 0.116962 0.00591332 0.833167 9.99824E-05 9.99824E-05
9.99824E-05 0.322682 0.0698846 0.558594 0.0486389 9.99824E-05
9.99824E-05 0.02649 0.101485 0.856338 9.99824E-05 0.0154872
0.0852011 0.143098 0.015459 0.756041 9.99824E-05 9.99824E-05
9.99824E-05 0.0238297 0.0324912 0.844961 9.99824E-05 0.098518
9.99824E-05 0.317006 0.204692 0.426251 9.99824E-05 0.0518517
9.99736E-05 0.0745435 0.153192 0.771964 9.99736E-05 9.99736E-05
9.99736E-05 0.078424 0.0071748 0.914101 9.99736E-05 9.99736E-05
9.99736E-05 0.117404 9.99736E-05 0.843588 9.99736E-05 0.0387074
9.99736E-05 0.197141 9.99736E-05 0.674795 9.99736E-05 0.127764
9.99649E-05 0.0261886 9.99649E-05 0.973412 9.99649E-05 9.99649E-05
9.99737E-05 0.00682255 9.99737E-05 0.961203 9.99737E-05 0.0316749
9.99649E-05 9.99649E-05 9.99649E-05 0.980209 9.99649E-05 0.019391
9.996E-05 9.996E-05 9.996E-05 0.9995 9.996E-05 9.996E-05
9.99912E-05 0.176163 0.00188415 0.63827 0.130364 0.0532179
9.99736E-05 0.221463 0.0284604 0.749776 9.99736E-05 9.99736E-05
9.99737E-05 0.052551 0.0249905 0.922159 9.99737E-05 9.99737E-05
9.996E-05 9.996E-05 9.996E-05 0.9995 9.996E-05 9.996E-05
9.99824E-05 0.286804 0.21844 0.464282 9.99824E-05 0.030273
9.99824E-05 0.134732 9.99824E-05 0.78272 0.019475 0.0628733
9.99912E-05 0.166143 0.12478 0.631398 0.0534031 0.0241759
9.99912E-05 0.329676 0.0364244 0.443369 0.156867 0.0335643
9.996E-05 9.996E-05 9.996E-05 0.9995 9.996E-05 9.996E-05
0.213687 0.032149 0.00347862 0.738264 0.0123217 9.99912E-05
9.99649E-05 0.0643569 9.99649E-05 0.935243 9.99649E-05 9.99649E-05
9.99737E-05 0.166101 9.99737E-05 0.810208 9.99737E-05 0.0233911
0.12221 0.154398 0.0288362 0.694356 9.99824E-05 9.99824E-05
9.99824E-05 0.0233714 0.0200889 0.832319 9.99824E-05 0.124021
9.99824E-05 0.334055 0.0103588 0.574225 0.0811607 9.99824E-05
9.99648E-05 0.199137 9.99648E-05 0.800463 9.99648E-05 9.99648E-05
0.0929088 0.141047 9.99824E-05 0.717771 9.99824E-05 0.0480736
9.99648E-05 9.99648E-05 0.1205 0.8791 9.99648E-05 9.99648E-05
9.99649E-05 0.152425 9.99649E-05 0.847175 9.99649E-05 9.99649E-05
9.99735E-05 0.0217138 0.150105 9.99735E-05 0.827881 9.99735E-05
9.996E-05 0.9995 9.996E-05 9.996E-05 9.996E-05 9.996E-05
9.996E-05 9.996E-05 9.996E-05 9.996E-05 0.9995 9.996E-05
9.996E-05 0.9995 9.996E-05 9.996E-05 9.996E-05 9.996E-05
9.996E-05 0.9995 9.996E-05 9.996E-05 9.996E-05 9.996E-05
9.996E-05 0.9995 9.996E-05 9.996E-05 9.996E-05 9.996E-05
9.99735E-05 0.0238581 0.0197876 9.99735E-05 0.956054 9.99735E-05
9.996E-05 0.9995 9.996E-05 9.996E-05 9.996E-05 9.996E-05
9.996E-05 0.9995 9.996E-05 9.996E-05 9.996E-05 9.996E-05
9.99647E-05 9.99647E-05 0.0229429 9.99647E-05 0.976657 9.99647E-05
9.99647E-05 0.081013 9.99647E-05 9.99647E-05 0.918587 9.99647E-05
9.996E-05 9.996E-05 9.996E-05 9.996E-05 0.9995 9.996E-05
9.996E-05 0.9995 9.996E-05 9.996E-05 9.996E-05 9.996E-05
9.996E-05 0.9995 9.996E-05 9.996E-05 9.996E-05 9.996E-05
9.99647E-05 9.99647E-05 0.0616199 9.99647E-05 0.93798 9.99647E-05
9.99736E-05 0.0314367 0.0696556 9.99736E-05 0.898608 9.99736E-05
0.159225 0.163844 0.170683 0.506048 9.99824E-05 9.99824E-05
9.99735E-05 0.00423866 0.0309857 9.99735E-05 0.964476 9.99735E-05
9.996E-05 0.9995 9.996E-05 9.996E-05 9.996E-05 9.996E-05
9.99647E-05 0.0198041 9.99647E-05 9.99647E-05 0.979796 9.99647E-05
9.99735E-05 0.0780143 0.00757721 9.99735E-05 0.914109 9.99735E-05
9.99647E-05 0.020481 9.99647E-05 9.99647E-05 0.979119 9.99647E-05
9.996E-05 0.9995 9.996E-05 9.996E-05 9.996E-05 9.996E-05
9.99736E-05 0.0476226 0.0804252 9.99736E-05 0.871652 9.99736E-05
9.996E-05 0.9995 9.996E-05 9.996E-05 9.996E-05 9.996E-05
9.996E-05 9.996E-05 9.996E-05 9.996E-05 0.9995 9.996E-05
9.99647E-05 9.99647E-05 0.015355 9.99647E-05 0.984245 9.99647E-05
9.996E-05 0.9995 9.996E-05 9.996E-05 9.996E-05 9.996E-05
9.996E-05 0.9995 9.996E-05 9.996E-05 9.996E-05 9.996E-05
9.996E-05 0.9995 9.996E-05 9.996E-05 9.996E-05 9.996E-05
9.99647E-05 9.99647E-05 0.0381739 9.99647E-05 0.961426 9.99647E-05
9.99735E-05 0.0938006 0.0787121 9.99735E-05 0.827187 9.99735E-05
9.99647E-05 9.99647E-05 0.0128401 9.99647E-05 0.98676 9.99647E-05
9.99647E-05 9.99647E-05 0.0143232 9.99647E-05 0.985277 9.99647E-05
9.99647E-05 0.0384881 9.99647E-05 9.99647E-05 0.961112 9.99647E-05
9.996E-05 0.9995 9.996E-05 9.996E-05 9.996E-05 9.996E-05
9.996E-05 0.9995 9.996E-05 9.996E-05 9.996E-05 9.996E-05
9.996E-05 0.9995 9.996E-05 9.996E-05 9.996E-05 9.996E-05
9.99647E-05 0.00900671 9.99647E-05 9.99647E-05 0.990593 9.99647E-05
9.996E-05 0.9995 9.996E-05 9.996E-05 9.996E-05 9.996E-05
9.996E-05 0.9995 9.996E-05 9.996E-05 9.996E-05 9.996E-05
9.996E-05 0.9995 9.996E-05 9.996E-05 9.996E-05 9.996E-05
9.996E-05 0.9995 9.996E-05 9.996E-05 9.996E-05 9.996E-05
9.996E-05 9.996E-05 9.996E-05 9.996E-05 0.9995 9.996E-05
9.996E-05 0.9995 9.996E-05 9.996E-05 9.996E-05 9.996E-05
9.996E-05 0.9995 9.996E-05 9.996E-05 9.996E-05 9.996E-05
0.251691 0.18691 0.0741282 0.487071 9.99824E-05 9.99824E-05
9.99735E-05 0.00206135 0.0486785 9.99735E-05 0.94896 9.99735E-05
9.996E-05 0.9995 9.996E-05 9.996E-05 9.996E-05 9.996E-05
9.996E-05 0.9995 9.996E-05 9.996E-05 9.996E-05 9.996E-05
9.996E-05 0.9995 9.996E-05 9.996E-05 9.996E-05 9.996E-05
9.996E-05 0.9995 9.996E-05 9.996E-05 9.996E-05 9.996E-05
9.996E-05 9.996E-05 9.996E-05 9.996E-05 0.9995 9.996E-05
9.996E-05 0.9995 9.996E-05 9.996E-05 9.996E-05 9.996E-05
9.99647E-05 9.99647E-05 0.0182709 9.99647E-05 0.981329 9.99647E-05
9.996E-05 0.9995 9.996E-05 9.996E-05 9.996E-05 9.996E-05
9.99735E-05 0.0120727 0.0159638 9.99735E-05 0.971664 9.99735E-05
9.996E-05 0.9995 9.996E-05 9.996E-05 9.996E-05 9.996E-05
9.996E-05 0.9995 9.996E-05 9.996E-05 9.996E-05 9.996E-05
9.996E-05 0.9995 9.996E-05 9.996E-05 9.996E-05 9.996E-05
9.996E-05 0.9995 9.996E-05 9.996E-05 9.996E-05 9.996E-05
9.996E-05 0.9995 9.996E-05 9.996E-05 9.996E-05 9.996E-05
9.996E-05 0.9995 9.996E-05 9.996E-05 9.996E-05 9.996E-05
9.99647E-05 9.99647E-05 0.057982 9.99647E-05 0.941618 9.99647E-05
9.99735E-05 0.0212517 0.0595947 9.99735E-05 0.918854 9.99735E-05
9.99647E-05 9.99647E-05 0.0349696 9.99647E-05 0.964631 9.99647E-05
9.996E-05 0.9995 9.996E-05 9.996E-05 9.996E-05 9.996E-05
9.99647E-05 9.99647E-05 0.000593902 9.99647E-05 0.999006 9.99647E-05
9.99735E-05 0.0950888 0.0416914 9.99735E-05 0.86292 9.99735E-05
9.99735E-05 0.0494796 0.000877897 9.99735E-05 0.949343 9.99735E-05
9.996E-05 0.9995 9.996E-05 9.996E-05 9.996E-05 9.996E-05
9.996E-05 0.9995 9.996E-05 9.996E-05 9.996E-05 9.996E-05
9.996E-05 0.9995 9.996E-05 9.996E-05 9.996E-05 9.996E-05
9.99647E-05 0.0472988 9.99647E-05 9.99647E-05 0.952301 9.99647E-05
9.996E-05 0.9995 9.996E-05 9.996E-05 9.996E-05 9.996E-05
9.996E-05 0.9995 9.996E-05 9.996E-05 9.996E-05 9.996E-05
9.996E-05 9.996E-05 9.996E-05 9.996E-05 0.9995 9.996E-05
9.996E-05 0.9995 9.996E-05 9.996E-05 9.996E-05 9.996E-05
9.996E-05 0.9995 9.996E-05 9.996E-05 9.996E-05 9.996E-05
9.99912E-05 0.173412 0.0373105 0.446065 0.0894187 0.253694
9.99647E-05 9.99647E-05 0.0490445 9.99647E-05 0.950556 9.99647E-05
9.996E-05 0.9995 9.996E-05 9.996E-05 9.996E-05 9.996E-05
9.99737E-05 0.43956 9.99737E-05 0.513454 9.99737E-05 0.0466861
0.102674 0.216808 0.0530993 0.627218 9.99824E-05 9.99824E-05
9.99824E-05 0.299202 0.118107 0.565947 0.016545 9.99824E-05
0.0762661 9.99824E-05 0.0462231 0.856901 9.99824E-05 0.0204096
9.99736E-05 0.367797 0.0037324 0.628171 9.99736E-05 9.99736E-05
9.9965E-05 0.150834 9.9965E-05 0.848766 9.9965E-05 9.9965E-05
0.0415433 0.331177 0.146398 0.438959 0.0418228 9.99912E-05
9.99736E-05 0.123537 9.99736E-05 0.709377 9.99736E-05 0.166786
9.99649E-05 0.167382 9.99649E-05 0.832218 9.99649E-05 9.99649E-05
0.102539 9.99736E-05 0.00684672 0.890314 9.99736E-05 9.99736E-05
9.99824E-05 0.079748 9.99824E-05 0.823915 0.0387215 0.0574157
9.99648E-05 0.673416 9.99648E-05 0.326185 9.99648E-05 9.99648E-05
0.119961 0.2955 9.99824E-05 0.394809 0.18953 9.99824E-05
9.99824E-05 0.129615 0.0589622 0.810767 9.99824E-05 0.000456505
9.99648E-05 0.182421 9.99648E-05 0.817179 9.99648E-05 9.99648E-05
0.0396776 0.390179 9.99824E-05 0.52968 0.0402636 9.99824E-05
9.99649E-05 0.1963 9.99649E-05 0.8033 9.99649E-05 9.99649E-05
9.99912E-05 0.118079 0.0138983 0.54169 0.197265 0.128966
9.99736E-05 0.256925 0.106905 0.635871 9.99736E-05 9.99736E-05
0.0807175 0.178083 9.99736E-05 0.7409 9.99736E-05 9.99736E-05
9.99736E-05 0.151226 0.0927305 0.755744 9.99736E-05 9.99736E-05
0.0869897 0.281544 9.99736E-05 0.631166 9.99736E-05 9.99736E-05
0.155784 0.137387 9.99824E-05 0.616627 9.99824E-05 0.090002
9.99736E-05 0.193519 9.99736E-05 0.763563 9.99736E-05 0.0426187
9.99736E-05 0.0954205 0.0521626 0.852117 9.99736E-05 9.99736E-05
9.99649E-05 0.0196601 9.99649E-05 0.97994 9.99649E-05 9.99649E-05
0.104748 0.151864 9.99736E-05 0.743088 9.99736E-05 9.99736E-05
9.99824E-05 0.327557 0.10849 0.513119 0.0506338 9.99824E-05
0.190481 9.99736E-05 9.99736E-05 0.760985 9.99736E-05 0.0482335
9.99824E-05 0.185547 0.0740151 0.643569 9.99824E-05 0.0966686
0.122593 0.442405 0.0361051 0.380651 9.99912E-05 0.0181464
9.99737E-05 0.29637 9.99737E-05 0.664461 9.99737E-05 0.038869
0.00799832 0.345395 0.0536444 0.592763 9.99824E-05 9.99824E-05
9.99736E-05 0.247715 9.99736E-05 0.650904 9.99736E-05 0.101081
9.99736E-05 0.261538 9.99736E-05 0.625466 9.99736E-05 0.112696
0.0228831 0.0266968 9.99736E-05 0.95012 9.99736E-05 9.99736E-05
9.996E-05 9.996E-05 9.996E-05 0.9995 9.996E-05 9.996E-05
0.213726 0.0163016 9.99912E-05 0.559961 0.00301116 0.2069
0.0101519 0.00187873 0.149811 0.714555 9.99912E-05 0.123503
0.140371 0.216816 0.0969392 0.545673 9.99824E-05 9.99824E-05
0.00165851 0.120043 0.0159953 0.804668 9.99912E-05 0.0575349
0.0801706 0.0724212 0.0522799 0.794928 9.99824E-05 9.99824E-05
0.121426 0.202152 0.0291952 0.647027 9.99824E-05 9.99824E-05
9.99649E-05 0.591033 9.99649E-05 0.408567 9.99649E-05 9.99649E-05
9.99824E-05 0.475094 9.99824E-05 0.427997 0.056497 0.040212
9.99824E-05 0.194258 0.107514 0.678945 9.99824E-05 0.0190833
9.996E-05 9.996E-05 9.996E-05 0.9995 9.996E-05 9.996E-05
9.99736E-05 0.198398 0.0968721 0.70443 9.99736E-05 9.99736E-05
9.996E-05 9.996E-05 9.996E-05 0.9995 9.996E-05 9.996E-05
0.15829 0.313405 9.99912E-05 0.45587 0.0597406 0.0125943
9.996E-05 9.996E-05 9.996E-05 0.9995 9.996E-05 9.996E-05
9.99736E-05 9.99736E-05 9.99736E-05 0.863275 0.112646 0.023779
0.204546 0.0914824 9.99824E-05 0.608268 0.0955034 9.99824E-05
9.99648E-05 0.311272 9.99648E-05 0.688328 9.99648E-05 9.99648E-05
0.160314 0.0506003 9.99736E-05 0.788786 9.99736E-05 9.99736E-05
9.99649E-05 0.377828 9.99649E-05 0.621772 9.99649E-05 9.99649E-05
9.99825E-05 0.0117155 9.99825E-05 0.926758 0.0436788 0.017648
9.99649E-05 0.208075 9.99649E-05 0.791526 9.99649E-05 9.99649E-05
9.99649E-05 0.200481 9.99649E-05 0.79912 9.99649E-05 9.99649E-05
9.99824E-05 0.27214 9.99824E-05 0.690476 0.0301072 0.00707658
9.996E-05 9.996E-05 9.996E-05 0.9995 9.996E-05 9.996E-05
9.99649E-05 0.0298667 9.99649E-05 0.969733 9.99649E-05 9.99649E-05
9.996E-05 9.996E-05 9.996E-05 0.9995 9.996E-05 9.996E-05
9.99736E-05 0.110368 9.99736E-05 0.830326 9.99736E-05 0.0590055
9.99736E-05 0.19907 0.0982618 0.702368 9.99736E-05 9.99736E-05
9.99649E-05 0.263749 9.99649E-05 0.735851 9.99649E-05 9.99649E-05
9.99649E-05 0.0521497 9.99649E-05 0.94745 9.99649E-05 9.99649E-05
0.0363937 0.320926 0.0437041 0.582653 9.99912E-05 0.0162233
9.99912E-05 0.0680324 0.0754141 0.851859 0.000923485 0.0036706
9.99737E-05 0.0144007 9.99737E-05 0.970367 9.99737E-05 0.0149327
9.99824E-05 0.15977 0.045221 0.695549 0.09926 9.99824E-05
9.9965E-05 9.9965E-05 9.9965E-05 0.860282 0.139318 9.9965E-05
9.99648E-05 0.340961 9.99648E-05 0.658639 9.99648E-05 9.99648E-05
0.0530976 9.99825E-05 9.99825E-05 0.76243 0.00221988 0.182052
9.996E-05 9.996E-05 9.996E-05 0.9995 9.996E-05 9.996E-05
9.99649E-05 0.267274 9.99649E-05 0.732326 9.99649E-05 9.99649E-05
9.99649E-05 9.99649E-05 9.99649E-05 0.985593 0.014007 9.99649E-05
0.000456888 9.99736E-05 0.0126346 0.986609 9.99736E-05 9.99736E-05
9.9965E-05 0.0673315 9.9965E-05 0.932269 9.9965E-05 9.9965E-05
9.99736E-05 0.362161 9.99736E-05 0.636069 9.99736E-05 0.00147021
0.0671433 0.256077 0.0627564 0.613824 9.99824E-05 9.99824E-05
0.0597149 0.237747 0.0732067 0.528553 9.99912E-05 0.100679
9.996E-05 9.996E-05 9.996E-05 0.9995 9.996E-05 9.996E-05
9.99825E-05 0.238627 0.0170956 0.726563 9.99825E-05 0.0175145
9.99736E-05 0.180377 0.164997 0.654326 9.99736E-05 9.99736E-05
9.99649E-05 0.102685 9.99649E-05 0.896915 9.99649E-05 9.99649E-05
9.99824E-05 0.0364172 0.010397 0.804024 9.99824E-05 0.148962
9.99736E-05 0.374755 9.99736E-05 0.528512 9.99736E-05 0.0964324
0.0331101 0.096694 0.0400344 0.746544 0.0613775 0.0222403
9.99736E-05 0.222645 0.14082 0.636234 9.99736E-05 9.99736E-05
9.99824E-05 0.112275 0.189921 0.582127 0.115476 9.99824E-05
9.99824E-05 0.118931 9.99824E-05 0.518781 0.224574 0.137514
9.99737E-05 0.429318 9.99737E-05 0.448114 0.122268 9.99737E-05
9.99824E-05 0.0790102 0.154917 0.618148 9.99824E-05 0.147725
9.99649E-05 0.229226 9.99649E-05 0.770374 9.99649E-05 9.99649E-05
9.99649E-05 0.0515387 9.99649E-05 0.948061 9.99649E-05 9.99649E-05
0.192751 0.274003 9.99736E-05 0.532946 9.99736E-05 9.99736E-05
0.0192758 0.105635 9.99912E-05 0.662306 0.146341 0.0663423
9.99824E-05 0.0103933 9.99824E-05 0.789663 0.0674605 0.132283
9.99824E-05 0.151938 0.0145468 0.408359 0.424956 9.99824E-05
0.248232 0.166105 0.145345 0.350348 9.99912E-05 0.08987
0.0878578 0.0356997 9.99912E-05 0.66744 0.192224 0.0166787
9.99824E-05 0.135144 0.162088 0.590406 9.99824E-05 0.112161
9.9965E-05 0.164907 9.9965E-05 0.834693 9.9965E-05 9.9965E-05
9.9965E-05 0.102012 9.9965E-05 0.897588 9.9965E-05 9.9965E-05
9.99737E-05 0.20132 9.99737E-05 0.735142 0.0632382 9.99737E-05
9.99824E-05 9.99824E-05 0.0138081 0.56178 0.18569 0.238522
9.9965E-05 0.054414 9.9965E-05 0.945186 9.9965E-05 9.9965E-05
9.996E-05 9.996E-05 9.996E-05 0.9995 9.996E-05 9.996E-05
9.99824E-05 0.00772987 0.0690162 0.862973 9.99824E-05 0.0600805
9.99736E-05 0.0990481 0.00962535 0.891027 9.99736E-05 9.99736E-05
9.996E-05 9.996E-05 9.996E-05 0.9995 9.996E-05 9.996E-05
9.99736E-05 0.116351 9.99736E-05 0.881494 9.99736E-05 0.0018555
0.136315 0.0888419 0.0364131 0.728515 0.00981498 9.99912E-05
9.99824E-05 9.99824E-05 0.141919 0.649965 0.179411 0.0285041
9.99648E-05 0.376985 9.99648E-05 0.622615 9.99648E-05 9.99648E-05
9.99736E-05 0.185603 0.0139319 0.800165 9.99736E-05 9.99736E-05
9.99912E-05 0.0364527 0.0405322 0.742513 0.0781505 0.102252
9.996E-05 9.996E-05 9.996E-05 0.9995 9.996E-05 9.996E-05
0.236428 9.99824E-05 0.0618363 0.495605 0.205931 9.99824E-05
0.0071471 0.0195709 9.99912E-05 0.807983 0.002188 0.163011
9.99824E-05 0.161975 0.138973 0.632044 9.99824E-05 0.0668084
0.0202418 0.151263 0.0340574 0.654865 0.139473 9.99912E-05
0.154577 0.196374 0.00154531 0.626948 9.99912E-05 0.0204558
9.99649E-05 0.170227 9.99649E-05 0.829373 9.99649E-05 9.99649E-05
9.99736E-05 0.17045 9.99736E-05 0.663869 9.99736E-05 0.165381
9.996E-05 9.996E-05 9.996E-05 0.9995 9.996E-05 9.996E-05
9.9965E-05 0.139299 9.9965E-05 0.860302 9.9965E-05 9.9965E-05
0.0908787 0.247447 0.0161078 0.577612 9.99912E-05 0.0678543
0.000638103 0.17817 0.083804 0.737188 9.99824E-05 9.99824E-05
0.163399 0.248405 9.99824E-05 0.0669492 0.521047 9.99824E-05
0.150346 0.216883 9.99912E-05 0.145927 0.464248 0.0224957
0.317961 0.218625 9.99824E-05 0.0860696 0.377144 9.99824E-05
0.141924 0.0610798 9.99912E-05 0.361577 0.340274 0.095046
0.064884 0.225176 0.02323 0.177934 0.258982 0.249794
0.0275928 0.0964365 0.0214295 0.0685409 0.774949 0.0110516
9.99824E-05 0.272752 9.99824E-05 0.0162874 0.66895 0.0418107
0.129959 0.246441 9.99912E-05 0.183507 0.354473 0.0855194
0.0851042 0.0405135 9.99912E-05 0.192819 0.583534 0.0979294
0.167275 0.257467 0.00983378 0.208044 0.35728 9.99912E-05
0.0954021 0.0952373 0.0220023 0.152639 0.471402 0.163318
9.99737E-05 0.0253728 0.190129 9.99737E-05 0.784198 9.99737E-05
0.236788 0.183387 9.99824E-05 0.163923 0.415701 9.99824E-05
0.0313657 0.0392599 9.99825E-05 0.250815 0.67836 9.99825E-05
0.0127735 0.109671 0.00514051 0.146766 0.557889 0.167761
0.219308 0.219508 9.99824E-05 9.99824E-05 0.55036 0.0106249
0.0562176 0.14292 0.00393957 0.145263 0.606136 0.0455234
0.134324 0.0554726 0.0220346 0.0818613 0.706208 9.99912E-05
0.133634 0.1737 0.0385988 0.00221988 0.480907 0.17094
0.127849 0.256216 9.99737E-05 9.99737E-05 0.615634 9.99737E-05
9.99824E-05 0.242638 9.99824E-05 0.0396937 0.615085 0.102383
0.232568 0.0684181 9.99825E-05 0.099842 0.598972 9.99825E-05
9.99824E-05 0.0549363 0.0352236 9.99824E-05 0.779728 0.129912
0.00946797 0.455019 9.99912E-05 0.198937 0.259834 0.0766424
9.99912E-05 0.51691 0.0127146 0.00482045 0.407859 0.0575968
9.99824E-05 0.481747 9.99824E-05 0.0715881 0.438762 0.00770206
0.0933501 0.443312 9.99736E-05 9.99736E-05 0.463038 9.99736E-05
9.99737E-05 0.291629 9.99737E-05 0.214675 0.493396 9.99737E-05
9.99824E-05 0.434069 0.0252796 0.00920109 0.53125 9.99824E-05
9.99824E-05 0.491314 9.99824E-05 0.176175 0.255218 0.0770931
9.99737E-05 0.254927 9.99737E-05 0.175417 0.569355 9.99737E-05
9.99824E-05 0.303132 9.99824E-05 0.248411 0.329609 0.118648
9.99736E-05 0.530864 9.99736E-05 9.99736E-05 0.41189 0.0569459
0.0296545 0.377851 0.0418852 0.229883 0.288782 0.0319437
9.99737E-05 0.409286 9.99737E-05 0.0856457 0.504768 9.99737E-05
9.99736E-05 0.579359 9.99736E-05 9.99736E-05 0.377799 0.0425423
9.99737E-05 0.355231 9.99737E-05 0.294048 0.350421 9.99737E-05
9.99737E-05 0.339566 9.99737E-05 0.141163 0.518971 9.99737E-05
0.00501326 0.39308 9.99824E-05 0.357785 0.243923 9.99824E-05
9.99824E-05 0.408416 9.99824E-05 0.279499 0.255339 0.0565458
9.99736E-05 0.351846 9.99736E-05 0.233565 0.414289 9.99736E-05
9.99737E-05 0.500498 9.99737E-05 0.00233678 0.496865 9.99737E-05
9.99824E-05 0.404325 9.99824E-05 0.0667527 0.501669 0.0270535
9.99824E-05 0.591508 9.99824E-05 0.116975 0.240781 0.0505353
9.99737E-05 0.395106 9.99737E-05 9.99737E-05 0.592454 0.0121402
0.01199 0.504449 0.0652385 0.141996 0.276226 9.99912E-05
9.99649E-05 9.99649E-05 0.0461158 0.953484 9.99649E-05 9.99649E-05
0.056819 0.396258 9.99737E-05 9.99737E-05 0.546623 9.99737E-05
0.0411065 0.460678 9.99824E-05 0.103176 0.39484 9.99824E-05
0.124765 0.235477 0.00907443 0.0688374 0.506872 0.0549742
9.99737E-05 0.340153 9.99737E-05 0.12078 0.538767 9.99737E-05
9.99736E-05 0.546457 9.99736E-05 0.095901 0.357342 9.99736E-05
9.99737E-05 0.331332 9.99737E-05 0.290096 0.378271 9.99737E-05
0.00841132 0.4273 9.99824E-05 0.0878 0.476289 9.99824E-05
0.015426 0.287054 0.00947227 9.99824E-05 0.687847 9.99824E-05
9.99649E-05 0.381712 9.99649E-05 9.99649E-05 0.617888 9.99649E-05
9.99736E-05 0.425972 9.99736E-05 0.0325914 0.541136 9.99736E-05
9.99737E-05 0.503863 9.99737E-05 9.99737E-05 0.436322 0.0595143
9.99824E-05 0.332869 0.0434031 0.170502 0.453026 9.99824E-05
9.99736E-05 0.491001 9.99736E-05 0.190583 0.318116 9.99736E-05
9.99824E-05 0.268676 9.99824E-05 0.100916 0.590142 0.0400659
0.0728316 0.345473 9.99824E-05 0.0388683 0.542628 9.99824E-05
9.99737E-05 0.335487 9.99737E-05 0.177995 0.486218 9.99737E-05
9.99737E-05 0.339356 9.99737E-05 0.103128 0.557216 9.99737E-05
9.99737E-05 0.323026 9.99737E-05 0.202569 0.474105 9.99737E-05
0.0578858 0.42712 0.00280244 0.185128 0.286193 0.0408703
9.99736E-05 0.467317 9.99736E-05 9.99736E-05 0.503285 0.0290981
0.411701 0.0587092 9.99824E-05 9.99824E-05 0.398038 0.131352
0.507052 0.261361 9.99737E-05 9.99737E-05 0.231287 9.99737E-05
0.331092 0.335315 0.0343623 9.99912E-05 0.0322182 0.266913
0.520735 0.112436 9.99824E-05 9.99824E-05 0.279418 0.0872111
0.392621 0.149162 9.99825E-05 9.99825E-05 0.311475 0.146542
0.240215 0.13563 9.99824E-05 9.99824E-05 0.42913 0.194825
0.385093 0.180411 9.99824E-05 9.99824E-05 0.355693 0.0786031
0.443356 0.0954904 9.99824E-05 9.99824E-05 0.404101 0.0568524
0.405239 0.431671 9.99824E-05 9.99824E-05 0.0829541 0.0799369
9.99824E-05 0.09552 0.113006 9.99824E-05 0.34346 0.447813
0.42595 0.186508 9.99824E-05 9.99824E-05 0.287077 0.100265
0.358307 0.150428 0.0621512 0.0409737 0.193715 0.194425
0.389763 0.0883631 0.022245 9.99912E-05 0.369004 0.130525
0.362063 0.105786 9.99824E-05 9.99824E-05 0.315527 0.216423
0.511051 0.141253 9.99824E-05 9.99824E-05 0.297905 0.0495905
0.504829 0.124714 9.99824E-05 9.99824E-05 0.347956 0.022301
0.353457 0.133441 9.99824E-05 9.99824E-05 0.394233 0.118669
0.546549 0.295009 9.99912E-05 0.0103617 0.0951303 0.0528506
0.233565 0.184692 9.99912E-05 0.0835191 0.244311 0.253813
0.296247 0.0550893 9.99824E-05 9.99824E-05 0.415116 0.233348
9.996E-05 9.996E-05 9.996E-05 9.996E-05 9.996E-05 0.9995
9.996E-05 9.996E-05 9.996E-05 9.996E-05 9.996E-05 0.9995
9.996E-05 9.996E-05 9.996E-05 9.996E-05 9.996E-05 0.9995
9.996E-05 9.996E-05 9.996E-05 9.996E-05 9.996E-05 0.9995
9.996E-05 9.996E-05 9.996E-05 9.996E-05 9.996E-05 0.9995
9.996E-05 9.996E-05 9.996E-05 9.996E-05 9.996E-05 0.9995
9.996E-05 9.996E-05 9.996E-05 9.996E-05 9.996E-05 0.9995
9.996E-05 9.996E-05 9.996E-05 9.996E-05 9.996E-05 0.9995
9.996E-05 9.996E-05 9.996E-05 9.996E-05 9.996E-05 0.9995
9.996E-05 9.996E-05 9.996E-05 9.996E-05 9.996E-05 0.9995
9.996E-05 9.996E-05 9.996E-05 9.996E-05 9.996E-05 0.9995
9.996E-05 9.996E-05 9.996E-05 9.996E-05 9.996E-05 0.9995
9.996E-05 9.996E-05 9.996E-05 9.996E-05 9.996E-05 0.9995
9.996E-05 9.996E-05 9.996E-05 9.996E-05 9.996E-05 0.9995
9.996E-05 9.996E-05 9.996E-05 9.996E-05 9.996E-05 0.9995
9.996E-05 9.996E-05 9.996E-05 9.996E-05 9.996E-05 0.9995
9.996E-05 9.996E-05 9.996E-05 9.996E-05 9.996E-05 0.9995
9.996E-05 9.996E-05 9.996E-05 9.996E-05 9.996E-05 0.9995
9.996E-05 9.996E-05 9.996E-05 9.996E-05 9.996E-05 0.9995
9.996E-05 9.996E-05 9.996E-05 9.996E-05 9.996E-05 0.9995
9.996E-05 9.996E-05 9.996E-05 9.996E-05 9.996E-05 0.9995
9.996E-05 9.996E-05 9.996E-05 9.996E-05 9.996E-05 0.9995
9.996E-05 9.996E-05 9.996E-05 9.996E-05 9.996E-05 0.9995
9.996E-05 9.996E-05 9.996E-05 9.996E-05 9.996E-05 0.9995
9.996E-05 9.996E-05 9.996E-05 9.996E-05 9.996E-05 0.9995
9.996E-05 9.996E-05 9.996E-05 9.996E-05 9.996E-05 0.9995
9.996E-05 9.996E-05 9.996E-05 9.996E-05 9.996E-05 0.9995
9.996E-05 9.996E-05 9.996E-05 9.996E-05 9.996E-05 0.9995
9.996E-05 9.996E-05 9.996E-05 9.996E-05 9.996E-05 0.9995
9.996E-05 9.996E-05 9.996E-05 9.996E-05 9.996E-05 0.9995
9.996E-05 9.996E-05 9.996E-05 9.996E-05 9.996E-05 0.9995
9.996E-05 9.996E-05 9.996E-05 9.996E-05 9.996E-05 0.9995
9.996E-05 9.996E-05 9.996E-05 9.996E-05 9.996E-05 0.9995
9.996E-05 9.996E-05 9.996E-05 9.996E-05 9.996E-05 0.9995
9.996E-05 9.996E-05 9.996E-05 9.996E-05 9.996E-05 0.9995
9.996E-05 9.996E-05 9.996E-05 9.996E-05 9.996E-05 0.9995
9.996E-05 9.996E-05 9.996E-05 9.996E-05 9.996E-05 0.9995
9.996E-05 9.996E-05 9.996E-05 9.996E-05 9.996E-05 0.9995
9.996E-05 9.996E-05 9.996E-05 9.996E-05 9.996E-05 0.9995
9.996E-05 9.996E-05 9.996E-05 9.996E-05 9.996E-05 0.9995
9.996E-05 9.996E-05 9.996E-05 9.996E-05 9.996E-05 0.9995
9.996E-05 9.996E-05 9.996E-05 9.996E-05 9.996E-05 0.9995
9.996E-05 9.996E-05 9.996E-05 9.996E-05 9.996E-05 0.9995
9.996E-05 9.996E-05 9.996E-05 9.996E-05 9.996E-05 0.9995
9.996E-05 9.996E-05 9.996E-05 9.996E-05 9.996E-05 0.9995
9.996E-05 9.996E-05 9.996E-05 9.996E-05 9.996E-05 0.9995
9.996E-05 9.996E-05 9.996E-05 9.996E-05 9.996E-05 0.9995
9.996E-05 9.996E-05 9.996E-05 9.996E-05 9.996E-05 0.9995
9.996E-05 9.996E-05 9.996E-05 9.996E-05 9.996E-05 0.9995
9.996E-05 9.996E-05 9.996E-05 9.996E-05 9.996E-05 0.9995
9.996E-05 9.996E-05 9.996E-05 9.996E-05 9.996E-05 0.9995
9.996E-05 9.996E-05 9.996E-05 9.996E-05 9.996E-05 0.9995
9.996E-05 9.996E-05 9.996E-05 9.996E-05 9.996E-05 0.9995
9.996E-05 9.996E-05 9.996E-05 9.996E-05 9.996E-05 0.9995
9.996E-05 9.996E-05 9.996E-05 9.996E-05 9.996E-05 0.9995
9.996E-05 9.996E-05 9.996E-05 9.996E-05 9.996E-05 0.9995
9.996E-05 9.996E-05 9.996E-05 9.996E-05 9.996E-05 0.9995
9.996E-05 9.996E-05 9.996E-05 9.996E-05 9.996E-05 0.9995
9.996E-05 9.996E-05 9.996E-05 9.996E-05 9.996E-05 0.9995
9.996E-05 9.996E-05 9.996E-05 9.996E-05 9.996E-05 0.9995
9.996E-05 9.996E-05 9.996E-05 9.996E-05 9.996E-05 0.9995
9.996E-05 9.996E-05 9.996E-05 9.996E-05 9.996E-05 0.9995
9.996E-05 9.996E-05 9.996E-05 9.996E-05 9.996E-05 0.9995
9.996E-05 9.996E-05 9.996E-05 9.996E-05 9.996E-05 0.9995
0.0578408 9.99648E-05 9.99648E-05 9.99648E-05 9.99648E-05 0.941759
9.996E-05 9.996E-05 9.996E-05 9.996E-05 9.996E-05 0.9995
9.996E-05 9.996E-05 9.996E-05 9.996E-05 9.996E-05 0.9995
0.0213694 9.99736E-05 0.0379097 9.99736E-05 9.99736E-05 0.940421
9.996E-05 9.996E-05 9.996E-05 9.996E-05 9.996E-05 0.9995
9.996E-05 9.996E-05 9.996E-05 9.996E-05 9.996E-05 0.9995
9.996E-05 9.996E-05 9.996E-05 9.996E-05 9.996E-05 0.9995
9.996E-05 9.996E-05 9.996E-05 9.996E-05 9.996E-05 0.9995
9.996E-05 9.996E-05 9.996E-05 9.996E-05 9.996E-05 0.9995
0.0411457 9.99648E-05 9.99648E-05 9.99648E-05 9.99648E-05 0.958454
9.996E-05 9.996E-05 9.996E-05 9.996E-05 9.996E-05 0.9995
9.996E-05 9.996E-05 9.996E-05 9.996E-05 9.996E-05 0.9995
9.996E-05 9.996E-05 9.996E-05 9.996E-05 9.996E-05 0.9995
0.0699259 9.99648E-05 9.99648E-05 9.99648E-05 9.99648E-05 0.929674
9.996E-05 9.996E-05 9.996E-05 9.996E-05 9.996E-05 0.9995
9.996E-05 9.996E-05 9.996E-05 9.996E-05 9.996E-05 0.9995
9.996E-05 9.996E-05 9.996E-05 9.996E-05 9.996E-05 0.9995
0.0169283 9.99648E-05 9.99648E-05 9.99648E-05 9.99648E-05 0.982672
9.996E-05 9.996E-05 9.996E-05 9.996E-05 9.996E-05 0.9995
0.0297589 9.99648E-05 9.99648E-05 9.99648E-05 9.99648E-05 0.969841
9.996E-05 9.996E-05 9.996E-05 9.996E-05 9.996E-05 0.9995
9.996E-05 9.996E-05 9.996E-05 9.996E-05 9.996E-05 0.9995
9.996E-05 9.996E-05 9.996E-05 9.996E-05 9.996E-05 0.9995
9.996E-05 9.996E-05 9.996E-05 9.996E-05 9.996E-05 0.9995
9.996E-05 9.996E-05 9.996E-05 9.996E-05 9.996E-05 0.9995
9.996E-05 9.996E-05 9.996E-05 9.996E-05 9.996E-05 0.9995
9.996E-05 9.996E-05 9.996E-05 9.996E-05 9.996E-05 0.9995
9.996E-05 9.996E-05 9.996E-05 9.996E-05 9.996E-05 0.9995
0.094808 9.99648E-05 9.99648E-05 9.99648E-05 9.99648E-05 0.904792
0.00745275 9.99736E-05 0.0257742 9.99736E-05 9.99736E-05 0.966473
9.996E-05 9.996E-05 9.996E-05 9.996E-05 9.996E-05 0.9995
0.0554952 9.99736E-05 0.0295067 9.99736E-05 9.99736E-05 0.914698
9.996E-05 9.996E-05 9.996E-05 9.996E-05 9.996E-05 0.9995
0.168455 9.99736E-05 0.0421338 9.99736E-05 9.99736E-05 0.789111
9.996E-05 9.996E-05 9.996E-05 9.996E-05 9.996E-05 0.9995
0.0904778 9.99736E-05 0.0712913 9.99736E-05 9.99736E-05 0.837931
9.996E-05 9.996E-05 9.996E-05 9.996E-05 9.996E-05 0.9995
9.996E-05 9.996E-05 9.996E-05 9.996E-05 9.996E-05 0.9995
9.996E-05 9.996E-05 9.996E-05 9.996E-05 9.996E-05 0.9995
9.996E-05 9.996E-05 9.996E-05 9.996E-05 9.996E-05 0.9995
9.996E-05 9.996E-05 9.996E-05 9.996E-05 9.996E-05 0.9995
9.996E-05 9.996E-05 9.996E-05 9.996E-05 9.996E-05 0.9995
9.996E-05 9.996E-05 9.996E-05 9.996E-05 9.996E-05 0.9995
9.996E-05 9.996E-05 9.996E-05 9.996E-05 9.996E-05 0.9995
9.996E-05 9.996E-05 9.996E-05 9.996E-05 9.996E-05 0.9995
9.996E-05 9.996E-05 9.996E-05 9.996E-05 9.996E-05 0.9995
9.996E-05 9.996E-05 9.996E-05 9.996E-05 9.996E-05 0.9995
9.996E-05 9.996E-05 9.996E-05 9.996E-05 9.996E-05 0.9995
0.0408853 9.99736E-05 0.0209706 9.99736E-05 9.99736E-05 0.937844
9.996E-05 9.996E-05 9.996E-05 9.996E-05 9.996E-05 0.9995
9.996E-05 9.996E-05 9.996E-05 9.996E-05 9.996E-05 0.9995
9.996E-05 9.996E-05 9.996E-05 9.996E-05 9.996E-05 0.9995
9.996E-05 9.996E-05 9.996E-05 9.996E-05 9.996E-05 0.9995
9.996E-05 9.996E-05 9.996E-05 9.996E-05 9.996E-05 0.9995
9.996E-05 9.996E-05 9.996E-05 9.996E-05 9.996E-05 0.9995
9.996E-05 9.996E-05 9.996E-05 9.996E-05 9.996E-05 0.9995
9.996E-05 9.996E-05 9.996E-05 9.996E-05 9.996E-05 0.9995
0.0147328 9.99736E-05 9.99736E-05 9.99736E-05 0.0037337 0.981234
9.996E-05 9.996E-05 9.996E-05 9.996E-05 9.996E-05 0.9995
9.996E-05 9.996E-05 9.996E-05 9.996E-05 9.996E-05 0.9995
9.996E-05 9.996E-05 9.996E-05 9.996E-05 9.996E-05 0.9995
9.996E-05 9.996E-05 9.996E-05 9.996E-05 9.996E-05 0.9995
9.996E-05 9.996E-05 9.996E-05 9.996E-05 9.996E-05 0.9995
9.996E-05 9.996E-05 9.996E-05 9.996E-05 9.996E-05 0.9995
9.996E-05 9.996E-05 9.996E-05 9.996E-05 9.996E-05 0.9995
9.996E-05 9.996E-05 9.996E-05 9.996E-05 9.996E-05 0.9995
0.243673 9.99736E-05 0.227366 9.99736E-05 9.99736E-05 0.528661
0.328182 9.99736E-05 0.0863393 9.99736E-05 9.99736E-05 0.585179
0.0816272 9.99736E-05 0.120603 9.99736E-05 9.99736E-05 0.79747
0.0264041 9.99737E-05 0.167747 9.99737E-05 9.99737E-05 0.805549
0.325545 9.99736E-05 0.214703 9.99736E-05 9.99736E-05 0.459452
0.290802 9.99736E-05 0.175354 9.99736E-05 9.99736E-05 0.533543
0.282291 9.99736E-05 0.192607 9.99736E-05 9.99736E-05 0.524802
0.0561487 9.99737E-05 0.247546 9.99737E-05 9.99737E-05 0.696005
0.407766 9.99736E-05 0.106669 9.99736E-05 9.99736E-05 0.485265
0.289962 9.99736E-05 0.176549 9.99736E-05 9.99736E-05 0.533189
0.299339 9.99736E-05 0.159473 9.99736E-05 9.99736E-05 0.540888
0.541514 9.99737E-05 0.0435326 9.99737E-05 9.99737E-05 0.414653
9.99649E-05 9.99649E-05 0.140114 9.99649E-05 9.99649E-05 0.859486
9.99649E-05 9.99649E-05 0.144082 9.99649E-05 9.99649E-05 0.855518
9.99649E-05 9.99649E-05 0.160013 9.99649E-05 9.99649E-05 0.839588
9.99648E-05 9.99648E-05 0.197633 9.99648E-05 9.99648E-05 0.801967
9.99649E-05 9.99649E-05 0.188352 9.99649E-05 9.99649E-05 0.811248
0.711684 9.99736E-05 0.11298 9.99736E-05 9.99736E-05 0.175037
0.506778 9.99736E-05 0.164176 9.99736E-05 9.99736E-05 0.328747
0.914997 9.99649E-05 9.99649E-05 9.99649E-05 9.99649E-05 0.084603
0.892326 0.0548531 9.99736E-05 9.99736E-05 9.99736E-05 0.0525205
0.626763 9.99736E-05 0.162869 9.99736E-05 9.99736E-05 0.210068
0.92827 9.99648E-05 9.99648E-05 9.99648E-05 9.99648E-05 0.07133
0.948125 9.99648E-05 0.0514756 9.99648E-05 9.99648E-05 9.99648E-05
0.9995 9.996E-05 9.996E-05 9.996E-05 9.996E-05 9.996E-05
0.821422 0.0614998 0.0746166 9.99824E-05 9.99824E-05 0.0422616
0.667927 9.99736E-05 0.0673153 9.99736E-05 9.99736E-05 0.264458
0.727565 0.0417803 0.230355 9.99736E-05 9.99736E-05 9.99736E-05
0.914343 0.0374239 9.99736E-05 9.99736E-05 9.99736E-05 0.047933
0.42296 0.00135818 0.268949 0.0688392 9.99912E-05 0.237794
0.539915 9.99737E-05 0.340425 9.99737E-05 9.99737E-05 0.11936
0.588092 9.99824E-05 0.263429 0.0593091 9.99824E-05 0.0889702
0.588749 0.131769 0.19547 0.0421138 9.99912E-05 0.0417979
0.583635 9.99736E-05 0.287172 9.99736E-05 9.99736E-05 0.128893
0.852198 0.018057 0.129445 9.99736E-05 9.99736E-05 9.99736E-05
0.508695 0.0625622 0.0426376 9.99824E-05 9.99824E-05 0.385905
0.427782 9.99736E-05 0.475608 9.99736E-05 9.99736E-05 0.0963102
0.429128 9.99736E-05 0.475159 9.99736E-05 9.99736E-05 0.0954136
0.772657 9.99648E-05 0.226943 9.99648E-05 9.99648E-05 9.99648E-05
0.392276 9.99736E-05 0.486198 9.99736E-05 9.99736E-05 0.121226
0.9995 9.996E-05 9.996E-05 9.996E-05 9.996E-05 9.996E-05
0.685414 9.99736E-05 0.109198 9.99736E-05 9.99736E-05 0.205089
0.566608 9.99736E-05 0.301127 9.99736E-05 9.99736E-05 0.131964
0.611197 9.99649E-05 9.99649E-05 9.99649E-05 9.99649E-05 0.388403
0.661003 9.99736E-05 0.0247056 9.99736E-05 9.99736E-05 0.313992
0.798891 9.99736E-05 0.157167 9.99736E-05 9.99736E-05 0.0436419
0.650147 0.0044229 0.262755 9.99824E-05 9.99824E-05 0.0824759
0.875701 9.99736E-05 0.0792934 9.99736E-05 9.99736E-05 0.0447054
0.605288 0.00549625 0.146348 9.99824E-05 9.99824E-05 0.242668
0.598579 9.99736E-05 0.176988 9.99736E-05 9.99736E-05 0.224134
0.74319 9.99736E-05 0.230516 9.99736E-05 9.99736E-05 0.0259938
0.725786 9.99648E-05 0.273814 9.99648E-05 9.99648E-05 9.99648E-05
0.828278 9.99736E-05 0.158406 9.99736E-05 9.99736E-05 0.0130161
0.802558 9.99736E-05 0.138399 9.99736E-05 9.99736E-05 0.0587433
0.855191 9.99736E-05 0.00631646 9.99736E-05 9.99736E-05 0.138193
0.465292 9.99649E-05 0.534308 9.99649E-05 9.99649E-05 9.99649E-05
0.806571 9.99648E-05 9.99648E-05 9.99648E-05 9.99648E-05 0.193029
0.819615 0.0370503 9.99824E-05 0.0549739 9.99824E-05 0.0881608
0.860668 0.031567 0.059435 9.99824E-05 9.99824E-05 0.0481301
0.84108 9.99648E-05 0.158521 9.99648E-05 9.99648E-05 9.99648E-05
0.945904 0.0289143 9.99737E-05 9.99737E-05 0.0248818 9.99737E-05
0.854031 9.99736E-05 0.129601 9.99736E-05 9.99736E-05 0.016069
0.839692 9.99736E-05 0.057612 9.99736E-05 9.99736E-05 0.102396
0.845219 9.99648E-05 0.154381 9.99648E-05 9.99648E-05 9.99648E-05
0.324672 9.99737E-05 0.388368 9.99737E-05 9.99737E-05 0.28666
0.796535 9.99736E-05 0.0754337 9.99736E-05 9.99736E-05 0.127731
0.845105 9.99648E-05 0.154495 9.99648E-05 9.99648E-05 9.99648E-05
0.838716 0.0640299 9.99736E-05 9.99736E-05 9.99736E-05 0.0969539
0.810786 0.0470694 9.99737E-05 9.99737E-05 9.99737E-05 0.141845
0.859584 9.99736E-05 0.0471603 9.99736E-05 9.99736E-05 0.0929558
0.839801 9.99648E-05 0.159799 9.99648E-05 9.99648E-05 9.99648E-05
0.651092 0.118179 9.99736E-05 9.99736E-05 9.99736E-05 0.230429
0.484832 9.99736E-05 0.305794 9.99736E-05 9.99736E-05 0.209075
0.906561 9.99648E-05 0.0930387 9.99648E-05 9.99648E-05 9.99648E-05
0.893561 9.99736E-05 0.0801139 9.99736E-05 9.99736E-05 0.0260257
0.852888 9.99648E-05 0.146712 9.99648E-05 9.99648E-05 9.99648E-05
0.917694 9.99648E-05 0.0819062 9.99648E-05 9.99648E-05 9.99648E-05
