0.0436166 9.98595E-05 0.15697 9.98595E-05 9.98595E-05 9.98595E-05 9.98595E-05 0.0103404 9.98595E-05 9.98595E-05 9.98595E-05 0.0688509 0.333851 0.299975 9.98595E-05 9.98595E-05 0.0422559 9.98595E-05 9.98595E-05 0.042542 9.98595E-05 9.98595E-05 9.98595E-05 9.98595E-05
0.510495 9.98333E-05 9.98333E-05 9.98333E-05 9.98333E-05 9.98333E-05 9.98333E-05 9.98333E-05 9.98333E-05 9.98333E-05 0.104201 9.98333E-05 0.215627 0.0652361 9.98333E-05 9.98333E-05 9.98333E-05 9.98333E-05 9.98333E-05 0.102544 9.98333E-05 9.98333E-05 9.98333E-05 9.98333E-05
9.98246E-05 9.98246E-05 9.98246E-05 9.98246E-05 0.00264099 9.98246E-05 9.98246E-05 9.98246E-05 9.98246E-05 9.98246E-05 0.12316 9.98246E-05 0.866416 9.98246E-05 0.005786 9.98246E-05 9.98246E-05 9.98246E-05 9.98246E-05 9.98246E-05 9.98246E-05 9.98246E-05 9.98246E-05 9.98246E-05
0.205892 9.98772E-05 0.152836 9.98772E-05 9.98772E-05 9.98772E-05 0.113775 0.0265818 9.98772E-05 9.98772E-05 0.0890065 9.98772E-05 9.98772E-05 9.98772E-05 9.98772E-05 0.0169561 0.0637829 9.98772E-05 0.217115 9.98772E-05 9.98772E-05 0.0116957 0.100961 9.98772E-05
0.95814 9.9807E-05 9.9807E-05 9.9807E-05 9.9807E-05 9.9807E-05 9.9807E-05 9.9807E-05 9.9807E-05 9.9807E-05 9.9807E-05 9.9807E-05 9.9807E-05 9.9807E-05 9.9807E-05 9.9807E-05 9.9807E-05 9.9807E-05 9.9807E-05 9.9807E-05 9.9807E-05 0.0396642 9.9807E-05 9.9807E-05
9.98597E-05 9.98597E-05 9.98597E-05 9.98597E-05 0.0578358 9.98597E-05 9.98597E-05 9.98597E-05 9.98597E-05 9.98597E-05 0.106308 9.98597E-05 0.118982 0.237415 0.0628886 9.98597E-05 9.98597E-05 9.98597E-05 9.98597E-05 9.98597E-05 0.125674 0.128248 0.16105 9.98597E-05
0.342835 0.0324542 0.145078 9.98859E-05 0.0888453 9.98859E-05 9.98859E-05 0.104043 9.98859E-05 9.98859E-05 9.98859E-05 9.98859E-05 9.98859E-05 0.0946716 9.98859E-05 9.98859E-05 0.0137887 9.98859E-05 0.0420487 0.038298 9.98859E-05 0.0531285 9.98859E-05 0.0435102
0.230047 9.98772E-05 0.30411 0.0500659 9.98772E-05 9.98772E-05 9.98772E-05 9.98772E-05 9.98772E-05 9.98772E-05 0.00820553 0.0703965 9.98772E-05 0.0648909 0.0519821 0.0175825 9.98772E-05 9.98772E-05 9.98772E-05 9.98772E-05 0.123518 0.0778035 9.98772E-05 9.98772E-05
9.98772E-05 0.172414 0.0512477 9.98772E-05 9.98772E-05 9.98772E-05 0.0291322 9.98772E-05 9.98772E-05 9.98772E-05 0.0216117 9.98772E-05 0.217681 9.98772E-05 0.0156399 0.165318 0.100718 9.98772E-05 9.98772E-05 9.98772E-05 0.202921 9.98772E-05 0.0219184 9.98772E-05
9.97983E-05 9.97983E-05 9.97983E-05 9.97983E-05 9.97983E-05 9.97983E-05 9.97983E-05 9.97983E-05 9.97983E-05 9.97983E-05 9.97983E-05 9.97983E-05 0.997705 9.97983E-05 9.97983E-05 9.97983E-05 9.97983E-05 9.97983E-05 9.97983E-05 9.97983E-05 9.97983E-05 9.97983E-05 9.97983E-05 9.97983E-05
0.0774105 9.98509E-05 0.112803 9.98509E-05 9.98509E-05 9.98509E-05 9.98509E-05 0.107828 9.98509E-05 9.98509E-05 0.122454 9.98509E-05 0.391934 0.0311257 9.98509E-05 9.98509E-05 0.154747 9.98509E-05 9.98509E-05 9.98509E-05 9.98509E-05 9.98509E-05 9.98509E-05 9.98509E-05
9.97983E-05 9.97983E-05 9.97983E-05 9.97983E-05 9.97983E-05 9.97983E-05 9.97983E-05 9.97983E-05 9.97983E-05 9.97983E-05 9.97983E-05 9.97983E-05 0.997705 9.97983E-05 9.97983E-05 9.97983E-05 9.97983E-05 9.97983E-05 9.97983E-05 9.97983E-05 9.97983E-05 9.97983E-05 9.97983E-05 9.97983E-05
0.46082 9.98335E-05 0.0932637 9.98335E-05 9.98335E-05 9.98335E-05 9.98335E-05 0.0118306 9.98335E-05 9.98335E-05 0.427801 9.98335E-05 9.98335E-05 9.98335E-05 9.98335E-05 9.98335E-05 0.00438769 9.98335E-05 9.98335E-05 9.98335E-05 9.98335E-05 9.98335E-05 9.98335E-05 9.98335E-05
0.86845 9.98246E-05 9.98246E-05 9.98246E-05 9.98246E-05 0.0610315 9.98246E-05 0.0587428 9.98246E-05 9.98246E-05 9.98246E-05 9.98246E-05 9.98246E-05 9.98246E-05 9.98246E-05 9.98246E-05 0.00977962 9.98246E-05 9.98246E-05 9.98246E-05 9.98246E-05 9.98246E-05 9.98246E-05 9.98246E-05
9.98684E-05 0.00943965 9.98684E-05 9.98684E-05 9.98684E-05 0.0344034 9.98684E-05 9.98684E-05 9.98684E-05 9.98684E-05 0.285643 9.98684E-05 0.0610141 0.244547 9.98684E-05 9.98684E-05 0.101891 0.0677589 9.98684E-05 9.98684E-05 0.12145 9.98684E-05 0.0723544 9.98684E-05
0.227803 9.98771E-05 0.0599789 0.0882171 9.98771E-05 9.98771E-05 9.98771E-05 9.98771E-05 9.98771E-05 9.98771E-05 0.0236877 0.0111284 9.98771E-05 0.205835 9.98771E-05 9.98771E-05 0.0807106 9.98771E-05 0.0839799 9.98771E-05 0.163662 0.0535997 9.98771E-05 9.98771E-05
0.260223 9.98597E-05 0.000688829 9.98597E-05 9.98597E-05 9.98597E-05 9.98597E-05 9.98597E-05 9.98597E-05 9.98597E-05 9.98597E-05 0.0208727 0.372897 9.98597E-05 9.98597E-05 0.0941573 0.0280466 0.177037 9.98597E-05 0.0444792 9.98597E-05 9.98597E-05 9.98597E-05 9.98597E-05
0.205129 9.98509E-05 0.176997 9.98509E-05 9.98509E-05 9.98509E-05 0.078348 9.98509E-05 9.98509E-05 0.140811 9.98509E-05 9.98509E-05 9.98509E-05 0.238261 9.98509E-05 9.98509E-05 0.118492 9.98509E-05 9.98509E-05 9.98509E-05 0.0402652 9.98509E-05 9.98509E-05 9.98509E-05
9.9842E-05 9.9842E-05 0.0803224 9.9842E-05 9.9842E-05 9.9842E-05 9.9842E-05 9.9842E-05 9.9842E-05 9.9842E-05 0.107406 9.9842E-05 0.327396 9.9842E-05 9.9842E-05 9.9842E-05 0.151033 9.9842E-05 9.9842E-05 9.9842E-05 0.15756 0.174486 9.9842E-05 9.9842E-05
9.9807E-05 9.9807E-05 9.9807E-05 9.9807E-05 9.9807E-05 9.9807E-05 0.014351 9.9807E-05 9.9807E-05 9.9807E-05 0.983453 9.9807E-05 9.9807E-05 9.9807E-05 9.9807E-05 9.9807E-05 9.9807E-05 9.9807E-05 9.9807E-05 9.9807E-05 9.9807E-05 9.9807E-05 9.9807E-05 9.9807E-05
0.0790643 9.98421E-05 9.98421E-05 0.0356411 9.98421E-05 9.98421E-05 9.98421E-05 0.010195 9.98421E-05 9.98421E-05 0.462076 9.98421E-05 9.98421E-05 9.98421E-05 9.98421E-05 0.347555 9.98421E-05 9.98421E-05 9.98421E-05 9.98421E-05 0.0636717 9.98421E-05 9.98421E-05 9.98421E-05
9.98509E-05 9.98509E-05 0.247453 9.98509E-05 9.98509E-05 9.98509E-05 9.98509E-05 9.98509E-05 9.98509E-05 9.98509E-05 9.98509E-05 9.98509E-05 0.291421 9.98509E-05 0.0379907 9.98509E-05 9.98509E-05 9.98509E-05 9.98509E-05 9.98509E-05 0.14463 0.112137 0.00783892 0.156832
9.98244E-05 9.98244E-05 9.98244E-05 9.98244E-05 9.98244E-05 9.98244E-05 9.98244E-05 0.0209271 9.98244E-05 9.98244E-05 0.834462 9.98244E-05 9.98244E-05 9.98244E-05 9.98244E-05 9.98244E-05 0.0807269 9.98244E-05 9.98244E-05 9.98244E-05 9.98244E-05 9.98244E-05 0.0618875 9.98244E-05
0.455238 0.0414379 0.254638 9.98332E-05 9.98332E-05 9.98332E-05 9.98332E-05 9.98332E-05 9.98332E-05 9.98332E-05 9.98332E-05 9.98332E-05 9.98332E-05 0.00764051 9.98332E-05 9.98332E-05 0.239148 9.98332E-05 9.98332E-05 9.98332E-05 9.98332E-05 9.98332E-05 9.98332E-05 9.98332E-05
0.175115 9.98771E-05 0.0497919 9.98771E-05 9.98771E-05 0.0783282 0.109828 0.0537119 9.98771E-05 9.98771E-05 0.0382636 9.98771E-05 0.0853133 9.98771E-05 9.98771E-05 9.98771E-05 0.258415 9.98771E-05 9.98771E-05 9.98771E-05 0.0420553 9.98771E-05 0.10778 9.98771E-05
0.35304 9.98509E-05 0.0159937 9.98509E-05 9.98509E-05 9.98509E-05 9.98509E-05 0.00485606 9.98509E-05 9.98509E-05 9.98509E-05 9.98509E-05 0.45377 9.98509E-05 9.98509E-05 9.98509E-05 0.0835882 9.98509E-05 0.0558214 9.98509E-05 0.0312332 9.98509E-05 9.98509E-05 9.98509E-05
9.98508E-05 9.98508E-05 0.262173 0.0294146 9.98508E-05 9.98508E-05 9.98508E-05 9.98508E-05 9.98508E-05 0.115352 0.0770241 9.98508E-05 9.98508E-05 9.98508E-05 9.98508E-05 9.98508E-05 0.0469566 9.98508E-05 9.98508E-05 9.98508E-05 9.98508E-05 9.98508E-05 0.278715 0.188667
9.98246E-05 9.98246E-05 0.0594872 9.98246E-05 9.98246E-05 9.98246E-05 9.98246E-05 9.98246E-05 9.98246E-05 9.98246E-05 0.786713 9.98246E-05 9.98246E-05 9.98246E-05 9.98246E-05 9.98246E-05 0.0306429 9.98246E-05 0.12116 9.98246E-05 9.98246E-05 9.98246E-05 9.98246E-05 9.98246E-05
9.98597E-05 0.00654412 0.0451328 9.98597E-05 9.98597E-05 9.98597E-05 9.98597E-05 9.98597E-05 9.98597E-05 9.98597E-05 0.390695 9.98597E-05 0.255623 0.0116994 9.98597E-05 9.98597E-05 0.199124 9.98597E-05 9.98597E-05 9.98597E-05 9.98597E-05 9.98597E-05 0.0587996 0.0307837
9.98335E-05 9.98335E-05 9.98335E-05 9.98335E-05 9.98335E-05 9.98335E-05 0.0143494 9.98335E-05 9.98335E-05 9.98335E-05 0.323732 0.0136431 0.540539 9.98335E-05 9.98335E-05 9.98335E-05 9.98335E-05 0.10584 9.98335E-05 9.98335E-05 9.98335E-05 9.98335E-05 9.98335E-05 9.98335E-05
9.98595E-05 0.013804 9.98595E-05 9.98595E-05 9.98595E-05 0.113939 0.020494 9.98595E-05 9.98595E-05 0.0274933 0.468279 9.98595E-05 0.255283 9.98595E-05 9.98595E-05 9.98595E-05 9.98595E-05 9.98595E-05 9.98595E-05 9.98595E-05 0.0968489 0.00226129 9.98595E-05 9.98595E-05
0.235855 9.98597E-05 0.0404511 9.98597E-05 9.98597E-05 9.98597E-05 9.98597E-05 0.0334686 9.98597E-05 9.98597E-05 0.405431 9.98597E-05 9.98597E-05 9.98597E-05 9.98597E-05 0.0576329 0.0470325 0.0150159 9.98597E-05 9.98597E-05 9.98597E-05 9.98597E-05 0.163515 9.98597E-05
0.524265 9.98506E-05 0.104616 0.0843879 9.98506E-05 9.98506E-05 9.98506E-05 0.0796203 9.98506E-05 9.98506E-05 9.98506E-05 9.98506E-05 0.056446 9.98506E-05 9.98506E-05 9.98506E-05 0.104836 9.98506E-05 9.98506E-05 9.98506E-05 9.98506E-05 9.98506E-05 9.98506E-05 0.044131
0.0648622 9.98761E-05 0.11444 9.98761E-05 0.00915786 9.98761E-05 9.98761E-05 9.98761E-05 0.00234414 0.00192183 9.98761E-05 9.98761E-05 0.547663 9.98761E-05 9.98761E-05 9.98761E-05 0.100828 9.98761E-05 9.98761E-05 9.98761E-05 9.98761E-05 0.00247985 0.154805 9.98761E-05
9.98422E-05 9.98422E-05 9.98422E-05 9.98422E-05 9.98422E-05 9.98422E-05 0.0268948 0.0166998 9.98422E-05 9.98422E-05 0.0893212 9.98422E-05 0.817516 9.98422E-05 9.98422E-05 9.98422E-05 9.98422E-05 9.98422E-05 9.98422E-05 0.0143269 9.98422E-05 9.98422E-05 9.98422E-05 0.0334444
9.9851E-05 0.0550899 9.9851E-05 9.9851E-05 9.9851E-05 9.9851E-05 9.9851E-05 9.9851E-05 9.9851E-05 9.9851E-05 0.126429 9.9851E-05 0.564868 0.00541494 9.9851E-05 0.0282513 9.9851E-05 9.9851E-05 0.0212475 9.9851E-05 9.9851E-05 9.9851E-05 9.9851E-05 0.197002
9.97983E-05 9.97983E-05 9.97983E-05 9.97983E-05 9.97983E-05 9.97983E-05 9.97983E-05 9.97983E-05 9.97983E-05 9.97983E-05 0.997705 9.97983E-05 9.97983E-05 9.97983E-05 9.97983E-05 9.97983E-05 9.97983E-05 9.97983E-05 9.97983E-05 9.97983E-05 9.97983E-05 9.97983E-05 9.97983E-05 9.97983E-05
0.813714 9.98247E-05 9.98247E-05 9.98247E-05 9.98247E-05 9.98247E-05 0.0123068 9.98247E-05 9.98247E-05 9.98247E-05 9.98247E-05 9.98247E-05 9.98247E-05 9.98247E-05 9.98247E-05 9.98247E-05 0.0805135 9.98247E-05 9.98247E-05 9.98247E-05 0.0914696 9.98247E-05 9.98247E-05 9.98247E-05
9.98422E-05 9.98422E-05 0.0372901 9.98422E-05 9.98422E-05 9.98422E-05 9.98422E-05 0.0782601 9.98422E-05 9.98422E-05 9.98422E-05 9.98422E-05 0.638484 9.98422E-05 9.98422E-05 9.98422E-05 0.113819 0.0483308 9.98422E-05 0.0820185 9.98422E-05 9.98422E-05 9.98422E-05 9.98422E-05
0.455813 9.98421E-05 9.98421E-05 0.0663195 9.98421E-05 9.98421E-05 9.98421E-05 9.98421E-05 9.98421E-05 9.98421E-05 9.98421E-05 9.98421E-05 0.120429 9.98421E-05 9.98421E-05 9.98421E-05 0.161648 9.98421E-05 9.98421E-05 9.98421E-05 9.98421E-05 0.0226125 0.171381 9.98421E-05
9.98071E-05 9.98071E-05 9.98071E-05 9.98071E-05 9.98071E-05 9.98071E-05 9.98071E-05 9.98071E-05 9.98071E-05 9.98071E-05 9.98071E-05 9.98071E-05 0.99538 9.98071E-05 9.98071E-05 9.98071E-05 9.98071E-05 9.98071E-05 0.00242407 9.98071E-05 9.98071E-05 9.98071E-05 9.98071E-05 9.98071E-05
0.101305 0.0341344 0.0769366 9.98597E-05 9.98597E-05 9.98597E-05 9.98597E-05 9.98597E-05 9.98597E-05 9.98597E-05 9.98597E-05 9.98597E-05 0.569967 9.98597E-05 9.98597E-05 9.98597E-05 0.000164765 9.98597E-05 9.98597E-05 0.00827493 0.00636739 9.98597E-05 9.98597E-05 0.201251
0.941731 9.9807E-05 9.9807E-05 9.9807E-05 9.9807E-05 9.9807E-05 9.9807E-05 9.9807E-05 9.9807E-05 9.9807E-05 9.9807E-05 9.9807E-05 9.9807E-05 9.9807E-05 9.9807E-05 9.9807E-05 9.9807E-05 9.9807E-05 9.9807E-05 9.9807E-05 9.9807E-05 9.9807E-05 9.9807E-05 0.0560728
9.98509E-05 0.0151941 0.0990915 9.98509E-05 9.98509E-05 9.98509E-05 9.98509E-05 0.00562492 9.98509E-05 9.98509E-05 9.98509E-05 9.98509E-05 0.537145 0.0757959 9.98509E-05 9.98509E-05 0.183077 9.98509E-05 9.98509E-05 9.98509E-05 0.082374 9.98509E-05 9.98509E-05 9.98509E-05
0.147556 9.98508E-05 0.39145 9.98508E-05 9.98508E-05 9.98508E-05 9.98508E-05 9.98508E-05 9.98508E-05 9.98508E-05 0.0874456 9.98508E-05 0.0838556 9.98508E-05 9.98508E-05 9.98508E-05 0.120251 9.98508E-05 0.0967908 9.98508E-05 9.98508E-05 0.0709533 9.98508E-05 9.98508E-05
9.98332E-05 9.98332E-05 9.98332E-05 9.98332E-05 9.98332E-05 9.98332E-05 0.0115835 9.98332E-05 9.98332E-05 9.98332E-05 9.98332E-05 9.98332E-05 0.900934 9.98332E-05 9.98332E-05 9.98332E-05 9.98332E-05 9.98332E-05 9.98332E-05 0.013018 0.013014 0.0595533 9.98332E-05 9.98332E-05
0.991614 9.98069E-05 9.98069E-05 9.98069E-05 9.98069E-05 9.98069E-05 9.98069E-05 9.98069E-05 9.98069E-05 9.98069E-05 9.98069E-05 9.98069E-05 9.98069E-05 9.98069E-05 9.98069E-05 9.98069E-05 0.00619028 9.98069E-05 9.98069E-05 9.98069E-05 9.98069E-05 9.98069E-05 9.98069E-05 9.98069E-05
9.97984E-05 9.97984E-05 9.97984E-05 9.97984E-05 9.97984E-05 9.97984E-05 9.97984E-05 9.97984E-05 9.97984E-05 9.97984E-05 9.97984E-05 9.97984E-05 0.997705 9.97984E-05 9.97984E-05 9.97984E-05 9.97984E-05 9.97984E-05 9.97984E-05 9.97984E-05 9.97984E-05 9.97984E-05 9.97984E-05 9.97984E-05
9.98419E-05 9.98419E-05 0.113042 9.98419E-05 9.98419E-05 9.98419E-05 9.98419E-05 0.0123018 9.98419E-05 9.98419E-05 0.693744 9.98419E-05 9.98419E-05 9.98419E-05 9.98419E-05 9.98419E-05 0.145982 9.98419E-05 9.98419E-05 9.98419E-05 9.98419E-05 0.0320781 9.98419E-05 0.00105556
0.888283 9.98248E-05 9.98248E-05 9.98248E-05 0.0244581 9.98248E-05 9.98248E-05 0.00393326 9.98248E-05 9.98248E-05 9.98248E-05 9.98248E-05 9.98248E-05 9.98248E-05 9.98248E-05 9.98248E-05 9.98248E-05 9.98248E-05 9.98248E-05 9.98248E-05 9.98248E-05 0.0813296 9.98248E-05 9.98248E-05
9.98508E-05 0.0109624 9.98508E-05 0.113376 9.98508E-05 9.98508E-05 9.98508E-05 9.98508E-05 9.98508E-05 9.98508E-05 0.438889 0.0410544 9.98508E-05 9.98508E-05 9.98508E-05 9.98508E-05 0.213007 9.98508E-05 9.98508E-05 9.98508E-05 0.0737281 9.98508E-05 0.107286 9.98508E-05
0.686174 0.064394 0.0798572 0.0657775 9.98509E-05 9.98509E-05 9.98509E-05 9.98509E-05 9.98509E-05 9.98509E-05 9.98509E-05 9.98509E-05 9.98509E-05 9.98509E-05 0.0706041 9.98509E-05 9.98509E-05 9.98509E-05 0.0210797 9.98509E-05 0.0104163 9.98509E-05 9.98509E-05 9.98509E-05
9.9816E-05 9.9816E-05 9.9816E-05 9.9816E-05 9.9816E-05 0.025744 9.9816E-05 9.9816E-05 9.9816E-05 0.00512861 9.9816E-05 9.9816E-05 0.967031 9.9816E-05 9.9816E-05 9.9816E-05 9.9816E-05 9.9816E-05 9.9816E-05 9.9816E-05 9.9816E-05 9.9816E-05 9.9816E-05 9.9816E-05
0.816194 9.98421E-05 9.98421E-05 0.115051 0.00396248 9.98421E-05 9.98421E-05 9.98421E-05 9.98421E-05 0.0141844 9.98421E-05 9.98421E-05 9.98421E-05 9.98421E-05 0.0443931 0.00441805 9.98421E-05 9.98421E-05 9.98421E-05 9.98421E-05 9.98421E-05 9.98421E-05 9.98421E-05 9.98421E-05
9.9816E-05 9.9816E-05 9.9816E-05 9.9816E-05 9.9816E-05 0.085428 9.9816E-05 9.9816E-05 9.9816E-05 9.9816E-05 0.856576 9.9816E-05 9.9816E-05 9.9816E-05 9.9816E-05 9.9816E-05 0.0558997 9.9816E-05 9.9816E-05 9.9816E-05 9.9816E-05 9.9816E-05 9.9816E-05 9.9816E-05
9.98247E-05 9.98247E-05 9.98247E-05 9.98247E-05 9.98247E-05 9.98247E-05 0.0299799 9.98247E-05 9.98247E-05 9.98247E-05 9.98247E-05 9.98247E-05 0.850064 9.98247E-05 9.98247E-05 9.98247E-05 9.98247E-05 9.98247E-05 9.98247E-05 9.98247E-05 9.98247E-05 0.0271298 0.0908296 9.98247E-05
9.98421E-05 9.98421E-05 0.0456087 9.98421E-05 9.98421E-05 9.98421E-05 9.98421E-05 9.98421E-05 9.98421E-05 0.0435207 9.98421E-05 9.98421E-05 0.80335 9.98421E-05 9.98421E-05 0.0194588 9.98421E-05 9.98421E-05 9.98421E-05 0.0404398 9.98421E-05 0.0458247 9.98421E-05 9.98421E-05
9.98158E-05 9.98158E-05 9.98158E-05 9.98158E-05 9.98158E-05 9.98158E-05 9.98158E-05 9.98158E-05 9.98158E-05 9.98158E-05 0.949292 9.98158E-05 9.98158E-05 9.98158E-05 9.98158E-05 9.98158E-05 0.00165212 9.98158E-05 0.0469598 9.98158E-05 9.98158E-05 9.98158E-05 9.98158E-05 9.98158E-05
0.449377 9.9812E-05 9.9812E-05 9.9812E-05 9.9812E-05 9.9812E-05 9.9812E-05 9.9812E-05 9.9812E-05 9.9812E-05 0.548427 9.9812E-05 9.9812E-05 9.9812E-05 9.9812E-05 9.9812E-05 9.9812E-05 9.9812E-05 9.9812E-05 9.9812E-05 9.9812E-05 9.9812E-05 9.9812E-05 9.9812E-05
9.98332E-05 0.0178007 0.0461501 9.98332E-05 9.98332E-05 9.98332E-05 9.98332E-05 9.98332E-05 9.98332E-05 9.98332E-05 9.98332E-05 9.98332E-05 9.98332E-05 0.803967 9.98332E-05 0.0215628 0.108623 9.98332E-05 9.98332E-05 9.98332E-05 9.98332E-05 9.98332E-05 9.98332E-05 9.98332E-05
9.98249E-05 9.98249E-05 9.98249E-05 9.98249E-05 9.98249E-05 9.98249E-05 9.98249E-05 9.98249E-05 9.98249E-05 9.98249E-05 0.014628 9.98249E-05 9.98249E-05 0.937232 9.98249E-05 9.98249E-05 9.98249E-05 9.98249E-05 0.0452852 9.98249E-05 9.98249E-05 9.98249E-05 9.98249E-05 0.000857807
0.057766 9.98245E-05 9.98245E-05 9.98245E-05 9.98245E-05 9.98245E-05 9.98245E-05 0.0129881 9.98245E-05 0.0104498 9.98245E-05 9.98245E-05 9.98245E-05 0.9168 9.98245E-05 9.98245E-05 9.98245E-05 9.98245E-05 9.98245E-05 9.98245E-05 9.98245E-05 9.98245E-05 9.98245E-05 9.98245E-05
9.98421E-05 9.98421E-05 9.98421E-05 9.98421E-05 0.0381583 9.98421E-05 9.98421E-05 9.98421E-05 9.98421E-05 9.98421E-05 9.98421E-05 9.98421E-05 9.98421E-05 0.354989 9.98421E-05 9.98421E-05 0.0167197 9.98421E-05 9.98421E-05 0.297269 0.101737 9.98421E-05 0.189329 9.98421E-05
9.98506E-05 9.98506E-05 0.0859157 9.98506E-05 0.0146746 9.98506E-05 0.0389599 9.98506E-05 9.98506E-05 0.0264223 9.98506E-05 9.98506E-05 9.98506E-05 0.667121 9.98506E-05 9.98506E-05 0.0783795 9.98506E-05 9.98506E-05 9.98506E-05 0.0868293 9.98506E-05 9.98506E-05 9.98506E-05
9.9833E-05 9.9833E-05 0.0949623 9.9833E-05 9.9833E-05 9.9833E-05 9.9833E-05 9.9833E-05 9.9833E-05 9.9833E-05 9.9833E-05 0.0454471 9.9833E-05 0.654224 9.9833E-05 9.9833E-05 0.181947 9.9833E-05 9.9833E-05 9.9833E-05 0.0215228 9.9833E-05 9.9833E-05 9.9833E-05
9.98244E-05 9.98244E-05 9.98244E-05 9.98244E-05 9.98244E-05 9.98244E-05 9.98244E-05 9.98244E-05 9.98244E-05 9.98244E-05 9.98244E-05 9.98244E-05 9.98244E-05 0.588991 9.98244E-05 0.038424 0.0999315 9.98244E-05 9.98244E-05 0.270657 9.98244E-05 9.98244E-05 9.98244E-05 9.98244E-05
9.98419E-05 9.98419E-05 9.98419E-05 9.98419E-05 9.98419E-05 9.98419E-05 9.98419E-05 9.98419E-05 9.98419E-05 0.168429 9.98419E-05 9.98419E-05 9.98419E-05 0.618133 9.98419E-05 9.98419E-05 0.0410519 9.98419E-05 9.98419E-05 0.0795098 0.0460458 9.98419E-05 0.0450326 9.98419E-05
9.98421E-05 0.0631696 9.98421E-05 9.98421E-05 0.00244437 9.98421E-05 9.98421E-05 9.98421E-05 0.0251418 0.00256322 9.98421E-05 9.98421E-05 9.98421E-05 0.880115 9.98421E-05 9.98421E-05 9.98421E-05 9.98421E-05 9.98421E-05 0.0247692 9.98421E-05 9.98421E-05 9.98421E-05 9.98421E-05
9.98069E-05 9.98069E-05 9.98069E-05 9.98069E-05 9.98069E-05 9.98069E-05 9.98069E-05 0.0272803 9.98069E-05 9.98069E-05 9.98069E-05 9.98069E-05 9.98069E-05 0.970524 9.98069E-05 9.98069E-05 9.98069E-05 9.98069E-05 9.98069E-05 9.98069E-05 9.98069E-05 9.98069E-05 9.98069E-05 9.98069E-05
9.98419E-05 9.98419E-05 9.98419E-05 9.98419E-05 9.98419E-05 9.98419E-05 9.98419E-05 0.0976065 9.98419E-05 0.00187841 9.98419E-05 9.98419E-05 9.98419E-05 0.516296 9.98419E-05 9.98419E-05 0.264922 9.98419E-05 9.98419E-05 9.98419E-05 0.0663815 0.0511181 9.98419E-05 9.98419E-05
9.98858E-05 9.98858E-05 0.129825 0.00497731 0.0196798 0.0800325 9.98858E-05 0.0485336 9.98858E-05 9.98858E-05 9.98858E-05 0.050668 9.98858E-05 0.433081 9.98858E-05 9.98858E-05 0.147428 9.98858E-05 9.98858E-05 0.0323234 0.0142378 0.0379147 9.98858E-05 9.98858E-05
9.98594E-05 9.98594E-05 9.98594E-05 0.0872427 9.98594E-05 9.98594E-05 9.98594E-05 0.0438534 9.98594E-05 9.98594E-05 9.98594E-05 0.1191 9.98594E-05 0.507808 0.0180602 9.98594E-05 9.98594E-05 9.98594E-05 0.0320404 9.98594E-05 0.136276 9.98594E-05 0.0540218 9.98594E-05
9.98331E-05 9.98331E-05 0.164282 9.98331E-05 9.98331E-05 9.98331E-05 9.98331E-05 9.98331E-05 9.98331E-05 9.98331E-05 9.98331E-05 9.98331E-05 9.98331E-05 0.563052 9.98331E-05 9.98331E-05 0.197594 9.98331E-05 9.98331E-05 0.0440143 9.98331E-05 0.0291605 9.98331E-05 9.98331E-05
9.98074E-05 9.98074E-05 9.98074E-05 9.98074E-05 9.98074E-05 9.98074E-05 9.98074E-05 9.98074E-05 9.98074E-05 9.98074E-05 9.98074E-05 9.98074E-05 9.98074E-05 0.939397 9.98074E-05 9.98074E-05 9.98074E-05 9.98074E-05 9.98074E-05 9.98074E-05 9.98074E-05 9.98074E-05 9.98074E-05 0.0584069
9.9816E-05 9.9816E-05 9.9816E-05 9.9816E-05 9.9816E-05 9.9816E-05 9.9816E-05 9.9816E-05 9.9816E-05 9.9816E-05 9.9816E-05 9.9816E-05 9.9816E-05 0.977982 9.9816E-05 9.9816E-05 0.0048052 9.9816E-05 9.9816E-05 9.9816E-05 0.0151166 9.9816E-05 9.9816E-05 9.9816E-05
9.98418E-05 9.98418E-05 9.98418E-05 9.98418E-05 0.0588408 9.98418E-05 9.98418E-05 9.98418E-05 9.98418E-05 0.0117118 9.98418E-05 9.98418E-05 9.98418E-05 0.757302 9.98418E-05 0.032662 9.98418E-05 9.98418E-05 9.98418E-05 9.98418E-05 9.98418E-05 0.100068 0.0376174 9.98418E-05
9.98332E-05 9.98332E-05 0.0913303 9.98332E-05 9.98332E-05 9.98332E-05 9.98332E-05 0.128197 9.98332E-05 9.98332E-05 9.98332E-05 9.98332E-05 9.98332E-05 0.610468 9.98332E-05 9.98332E-05 9.98332E-05 9.98332E-05 9.98332E-05 9.98332E-05 0.0657934 0.102314 9.98332E-05 9.98332E-05
9.98245E-05 9.98245E-05 9.98245E-05 9.98245E-05 9.98245E-05 9.98245E-05 9.98245E-05 9.98245E-05 9.98245E-05 0.0643304 9.98245E-05 9.98245E-05 9.98245E-05 0.903428 9.98245E-05 9.98245E-05 0.0274791 9.98245E-05 9.98245E-05 9.98245E-05 9.98245E-05 0.00276567 9.98245E-05 9.98245E-05
9.98417E-05 9.98417E-05 9.98417E-05 0.0126776 0.0390755 9.98417E-05 9.98417E-05 9.98417E-05 9.98417E-05 9.98417E-05 9.98417E-05 9.98417E-05 9.98417E-05 0.622686 9.98417E-05 9.98417E-05 0.120807 9.98417E-05 9.98417E-05 9.98417E-05 9.98417E-05 0.0101971 9.98417E-05 0.19276
9.9825E-05 9.9825E-05 9.9825E-05 9.9825E-05 0.0175198 9.9825E-05 9.9825E-05 9.9825E-05 0.00424542 0.00108659 9.9825E-05 9.9825E-05 9.9825E-05 0.975152 9.9825E-05 9.9825E-05 9.9825E-05 9.9825E-05 9.9825E-05 9.9825E-05 9.9825E-05 9.9825E-05 9.9825E-05 9.9825E-05
9.98331E-05 9.98331E-05 0.252636 9.98331E-05 9.98331E-05 9.98331E-05 9.98331E-05 9.98331E-05 9.98331E-05 9.98331E-05 9.98331E-05 9.98331E-05 9.98331E-05 0.664412 9.98331E-05 9.98331E-05 0.0664578 9.98331E-05 9.98331E-05 9.98331E-05 9.98331E-05 0.012583 9.98331E-05 0.00201423
9.98247E-05 9.98247E-05 9.98247E-05 9.98247E-05 9.98247E-05 9.98247E-05 0.00412082 9.98247E-05 9.98247E-05 9.98247E-05 9.98247E-05 9.98247E-05 9.98247E-05 0.710803 9.98247E-05 9.98247E-05 9.98247E-05 9.98247E-05 9.98247E-05 0.00603724 9.98247E-05 9.98247E-05 0.277043 9.98247E-05
9.98683E-05 9.98683E-05 9.98683E-05 9.98683E-05 9.98683E-05 9.98683E-05 0.00929797 0.026782 9.98683E-05 0.0293499 9.98683E-05 9.98683E-05 9.98683E-05 0.677071 9.98683E-05 9.98683E-05 0.00859597 9.98683E-05 0.0164135 9.98683E-05 0.0231329 0.15218 0.0556786 9.98683E-05
9.98156E-05 9.98156E-05 9.98156E-05 9.98156E-05 9.98156E-05 9.98156E-05 9.98156E-05 0.0856416 9.98156E-05 9.98156E-05 9.98156E-05 0.0727211 9.98156E-05 0.839541 9.98156E-05 9.98156E-05 9.98156E-05 9.98156E-05 9.98156E-05 9.98156E-05 9.98156E-05 9.98156E-05 9.98156E-05 9.98156E-05
9.98335E-05 9.98335E-05 9.98335E-05 9.98335E-05 9.98335E-05 9.98335E-05 0.00573767 9.98335E-05 9.98335E-05 9.98335E-05 0.106645 9.98335E-05 9.98335E-05 0.789868 9.98335E-05 9.98335E-05 9.98335E-05 9.98335E-05 9.98335E-05 0.067887 0.0279654 9.98335E-05 9.98335E-05 9.98335E-05
9.97985E-05 9.97985E-05 9.97985E-05 9.97985E-05 9.97985E-05 9.97985E-05 9.97985E-05 9.97985E-05 9.97985E-05 9.97985E-05 9.97985E-05 9.97985E-05 9.97985E-05 0.997705 9.97985E-05 9.97985E-05 9.97985E-05 9.97985E-05 9.97985E-05 9.97985E-05 9.97985E-05 9.97985E-05 9.97985E-05 9.97985E-05
9.97984E-05 9.97984E-05 9.97984E-05 9.97984E-05 9.97984E-05 9.97984E-05 9.97984E-05 9.97984E-05 9.97984E-05 9.97984E-05 9.97984E-05 9.97984E-05 9.97984E-05 0.997705 9.97984E-05 9.97984E-05 9.97984E-05 9.97984E-05 9.97984E-05 9.97984E-05 9.97984E-05 9.97984E-05 9.97984E-05 9.97984E-05
9.98158E-05 9.98158E-05 9.98158E-05 9.98158E-05 9.98158E-05 9.98158E-05 9.98158E-05 9.98158E-05 9.98158E-05 0.0832614 9.98158E-05 9.98158E-05 9.98158E-05 0.910253 9.98158E-05 9.98158E-05 0.00438952 9.98158E-05 9.98158E-05 9.98158E-05 9.98158E-05 9.98158E-05 9.98158E-05 9.98158E-05
9.98336E-05 9.98336E-05 9.98336E-05 9.98336E-05 9.98336E-05 9.98336E-05 9.98336E-05 9.98336E-05 0.127413 9.98336E-05 9.98336E-05 9.98336E-05 9.98336E-05 0.662936 9.98336E-05 9.98336E-05 0.105176 9.98336E-05 9.98336E-05 9.98336E-05 0.0406493 9.98336E-05 9.98336E-05 0.0619284
9.98158E-05 9.98158E-05 9.98158E-05 9.98158E-05 9.98158E-05 9.98158E-05 9.98158E-05 9.98158E-05 9.98158E-05 9.98158E-05 9.98158E-05 9.98158E-05 9.98158E-05 9.98158E-05 9.98158E-05 9.98158E-05 0.120408 9.98158E-05 9.98158E-05 9.98158E-05 0.0819486 9.98158E-05 0.795547 9.98158E-05
9.98247E-05 9.98247E-05 9.98247E-05 9.98247E-05 9.98247E-05 9.98247E-05 9.98247E-05 9.98247E-05 0.0619319 9.98247E-05 9.98247E-05 9.98247E-05 9.98247E-05 9.98247E-05 9.98247E-05 9.98247E-05 0.0755485 0.558597 9.98247E-05 9.98247E-05 9.98247E-05 9.98247E-05 0.301927 9.98247E-05
9.98245E-05 9.98245E-05 0.0170783 9.98245E-05 9.98245E-05 9.98245E-05 9.98245E-05 0.00863286 9.98245E-05 9.98245E-05 9.98245E-05 9.98245E-05 9.98245E-05 9.98245E-05 9.98245E-05 9.98245E-05 0.13901 9.98245E-05 9.98245E-05 9.98245E-05 9.98245E-05 9.98245E-05 0.833282 9.98245E-05
9.98243E-05 9.98243E-05 9.98243E-05 9.98243E-05 9.98243E-05 9.98243E-05 9.98243E-05 9.98243E-05 9.98243E-05 0.0961807 9.98243E-05 9.98243E-05 9.98243E-05 9.98243E-05 9.98243E-05 9.98243E-05 0.134755 9.98243E-05 9.98243E-05 9.98243E-05 0.0373771 9.98243E-05 0.729691 9.98243E-05
9.98156E-05 9.98156E-05 9.98156E-05 9.98156E-05 9.98156E-05 9.98156E-05 9.98156E-05 9.98156E-05 9.98156E-05 9.98156E-05 9.98156E-05 0.0299686 9.98156E-05 9.98156E-05 9.98156E-05 9.98156E-05 9.98156E-05 9.98156E-05 9.98156E-05 9.98156E-05 0.095414 9.98156E-05 0.872521 9.98156E-05
9.9842E-05 9.9842E-05 9.9842E-05 9.9842E-05 9.9842E-05 9.9842E-05 9.9842E-05 9.9842E-05 0.0839341 9.9842E-05 9.9842E-05 9.9842E-05 9.9842E-05 9.9842E-05 9.9842E-05 9.9842E-05 0.139338 9.9842E-05 0.0849233 0.0537306 0.134774 9.9842E-05 0.501502 9.9842E-05
9.98597E-05 9.98597E-05 0.0533211 9.98597E-05 9.98597E-05 9.98597E-05 9.98597E-05 0.0142253 0.00206828 0.0103268 9.98597E-05 0.00817647 9.98597E-05 9.98597E-05 9.98597E-05 9.98597E-05 0.163957 9.98597E-05 9.98597E-05 9.98597E-05 0.0996108 9.98597E-05 0.646717 9.98597E-05
9.98157E-05 9.98157E-05 9.98157E-05 9.98157E-05 9.98157E-05 9.98157E-05 9.98157E-05 9.98157E-05 9.98157E-05 9.98157E-05 9.98157E-05 9.98157E-05 9.98157E-05 9.98157E-05 9.98157E-05 9.98157E-05 0.0219679 9.98157E-05 9.98157E-05 9.98157E-05 0.178996 9.98157E-05 0.79694 9.98157E-05
9.98507E-05 9.98507E-05 0.0200163 9.98507E-05 9.98507E-05 9.98507E-05 9.98507E-05 0.0260029 9.98507E-05 9.98507E-05 9.98507E-05 9.98507E-05 9.98507E-05 9.98507E-05 9.98507E-05 9.98507E-05 0.0698106 9.98507E-05 9.98507E-05 0.221569 0.31788 9.98507E-05 0.26579 0.0772336
9.98245E-05 9.98245E-05 9.98245E-05 9.98245E-05 9.98245E-05 9.98245E-05 9.98245E-05 9.98245E-05 9.98245E-05 9.98245E-05 9.98245E-05 9.98245E-05 9.98245E-05 9.98245E-05 9.98245E-05 9.98245E-05 0.266968 9.98245E-05 0.000511024 9.98245E-05 0.217135 9.98245E-05 0.51339 9.98245E-05
9.9842E-05 9.9842E-05 9.9842E-05 9.9842E-05 9.9842E-05 9.9842E-05 9.9842E-05 0.0178292 9.9842E-05 9.9842E-05 9.9842E-05 9.9842E-05 9.9842E-05 9.9842E-05 9.9842E-05 9.9842E-05 0.00598308 0.538789 9.9842E-05 0.189348 0.0214117 9.9842E-05 0.224841 9.9842E-05
9.98332E-05 9.98332E-05 9.98332E-05 9.98332E-05 9.98332E-05 9.98332E-05 9.98332E-05 0.00989679 9.98332E-05 9.98332E-05 9.98332E-05 9.98332E-05 9.98332E-05 9.98332E-05 9.98332E-05 9.98332E-05 0.0752057 0.290925 9.98332E-05 0.077804 9.98332E-05 9.98332E-05 0.544272 9.98332E-05
9.98248E-05 9.98248E-05 9.98248E-05 9.98248E-05 9.98248E-05 9.98248E-05 9.98248E-05 9.98248E-05 9.98248E-05 9.98248E-05 9.98248E-05 9.98248E-05 9.98248E-05 9.98248E-05 9.98248E-05 9.98248E-05 9.98248E-05 0.0696905 0.000118241 9.98248E-05 0.089825 9.98248E-05 0.83837 9.98248E-05
9.98423E-05 0.0390306 9.98423E-05 9.98423E-05 9.98423E-05 9.98423E-05 9.98423E-05 9.98423E-05 0.149847 9.98423E-05 9.98423E-05 0.00604675 9.98423E-05 9.98423E-05 9.98423E-05 9.98423E-05 0.154792 9.98423E-05 9.98423E-05 9.98423E-05 0.17075 9.98423E-05 0.477735 9.98423E-05
9.98422E-05 9.98422E-05 9.98422E-05 0.0606067 9.98422E-05 9.98422E-05 9.98422E-05 0.0025363 0.152214 0.122467 9.98422E-05 9.98422E-05 9.98422E-05 9.98422E-05 9.98422E-05 9.98422E-05 9.98422E-05 9.98422E-05 9.98422E-05 9.98422E-05 0.0534284 9.98422E-05 0.606951 9.98422E-05
9.98596E-05 9.98596E-05 9.98596E-05 9.98596E-05 0.0140887 9.98596E-05 9.98596E-05 0.0309915 9.98596E-05 9.98596E-05 9.98596E-05 9.98596E-05 9.98596E-05 9.98596E-05 9.98596E-05 9.98596E-05 0.114789 0.0444221 0.0452852 9.98596E-05 0.0727842 9.98596E-05 0.584106 0.0919352
9.98421E-05 9.98421E-05 9.98421E-05 9.98421E-05 9.98421E-05 9.98421E-05 0.00932403 9.98421E-05 0.0414976 9.98421E-05 9.98421E-05 9.98421E-05 9.98421E-05 9.98421E-05 9.98421E-05 9.98421E-05 0.111032 9.98421E-05 9.98421E-05 0.230737 0.0207848 9.98421E-05 0.584827 9.98421E-05
0.0607098 9.98598E-05 0.0522791 9.98598E-05 0.011404 9.98598E-05 9.98598E-05 9.98598E-05 0.0128103 9.98598E-05 9.98598E-05 9.98598E-05 9.98598E-05 9.98598E-05 0.0150283 9.98598E-05 9.98598E-05 9.98598E-05 0.0303019 9.98598E-05 0.11576 9.98598E-05 0.700109 9.98598E-05
9.98333E-05 9.98333E-05 0.0447061 9.98333E-05 9.98333E-05 9.98333E-05 9.98333E-05 0.010815 9.98333E-05 9.98333E-05 9.98333E-05 9.98333E-05 9.98333E-05 9.98333E-05 9.98333E-05 9.98333E-05 9.98333E-05 0.0897283 9.98333E-05 9.98333E-05 0.0648212 9.98333E-05 0.788033 9.98333E-05
9.98508E-05 9.98508E-05 9.98508E-05 9.98508E-05 9.98508E-05 9.98508E-05 0.0795685 9.98508E-05 9.98508E-05 9.98508E-05 9.98508E-05 9.98508E-05 9.98508E-05 9.98508E-05 9.98508E-05 9.98508E-05 0.0787489 0.389612 0.0195352 9.98508E-05 0.0724242 9.98508E-05 0.322873 0.0355413
9.98421E-05 9.98421E-05 9.98421E-05 9.98421E-05 9.98421E-05 9.98421E-05 9.98421E-05 9.98421E-05 0.0865359 9.98421E-05 9.98421E-05 9.98421E-05 9.98421E-05 9.98421E-05 0.00220486 9.98421E-05 0.0985015 9.98421E-05 0.0460758 0.0775221 9.98421E-05 9.98421E-05 0.687363 9.98421E-05
9.98421E-05 9.98421E-05 9.98421E-05 9.98421E-05 9.98421E-05 9.98421E-05 9.98421E-05 0.00543954 9.98421E-05 0.00962149 9.98421E-05 0.0338704 9.98421E-05 9.98421E-05 9.98421E-05 9.98421E-05 0.0150782 9.98421E-05 9.98421E-05 9.98421E-05 0.0283344 9.98421E-05 0.905859 9.98421E-05
9.98333E-05 9.98333E-05 9.98333E-05 9.98333E-05 9.98333E-05 9.98333E-05 0.0430789 9.98333E-05 9.98333E-05 9.98333E-05 9.98333E-05 9.98333E-05 9.98333E-05 9.98333E-05 9.98333E-05 9.98333E-05 0.179669 9.98333E-05 9.98333E-05 0.155898 0.197464 9.98333E-05 0.421993 9.98333E-05
9.98246E-05 9.98246E-05 9.98246E-05 9.98246E-05 9.98246E-05 9.98246E-05 9.98246E-05 9.98246E-05 9.98246E-05 9.98246E-05 9.98246E-05 9.98246E-05 9.98246E-05 9.98246E-05 9.98246E-05 9.98246E-05 0.0358785 0.275619 9.98246E-05 9.98246E-05 0.155708 9.98246E-05 0.530798 9.98246E-05
9.98332E-05 9.98332E-05 9.98332E-05 9.98332E-05 9.98332E-05 9.98332E-05 9.98332E-05 9.98332E-05 9.98332E-05 9.98332E-05 9.98332E-05 9.98332E-05 9.98332E-05 9.98332E-05 9.98332E-05 0.057312 0.143908 9.98332E-05 9.98332E-05 0.0603654 0.222707 9.98332E-05 0.51381 9.98332E-05
9.98421E-05 9.98421E-05 0.0347169 0.0212932 9.98421E-05 9.98421E-05 9.98421E-05 9.98421E-05 9.98421E-05 9.98421E-05 9.98421E-05 9.98421E-05 9.98421E-05 9.98421E-05 9.98421E-05 9.98421E-05 0.1395 0.479121 9.98421E-05 9.98421E-05 0.137931 9.98421E-05 0.185641 9.98421E-05
9.98334E-05 0.183139 9.98334E-05 9.98334E-05 0.0160801 9.98334E-05 9.98334E-05 9.98334E-05 0.688423 9.98334E-05 9.98334E-05 9.98334E-05 9.98334E-05 9.98334E-05 9.98334E-05 9.98334E-05 0.03003 9.98334E-05 9.98334E-05 9.98334E-05 9.98334E-05 9.98334E-05 0.0804305 9.98334E-05
9.98243E-05 9.98243E-05 9.98243E-05 9.98243E-05 9.98243E-05 9.98243E-05 9.98243E-05 9.98243E-05 9.98243E-05 9.98243E-05 9.98243E-05 9.98243E-05 9.98243E-05 9.98243E-05 9.98243E-05 9.98243E-05 0.0749926 9.98243E-05 9.98243E-05 9.98243E-05 0.0944183 0.0342823 0.79431 9.98243E-05
9.98334E-05 9.98334E-05 9.98334E-05 9.98334E-05 9.98334E-05 9.98334E-05 9.98334E-05 9.98334E-05 9.98334E-05 9.98334E-05 9.98334E-05 9.98334E-05 9.98334E-05 9.98334E-05 9.98334E-05 9.98334E-05 0.170684 0.0761349 9.98334E-05 0.0148185 0.258935 9.98334E-05 0.477531 9.98334E-05
9.98246E-05 9.98246E-05 9.98246E-05 9.98246E-05 9.98246E-05 9.98246E-05 0.0786883 9.98246E-05 0.187533 9.98246E-05 9.98246E-05 9.98246E-05 9.98246E-05 9.98246E-05 9.98246E-05 9.98246E-05 0.142029 9.98246E-05 9.98246E-05 9.98246E-05 9.98246E-05 9.98246E-05 0.589754 9.98246E-05
9.98422E-05 9.98422E-05 9.98422E-05 0.0389728 9.98422E-05 9.98422E-05 9.98422E-05 0.0558555 9.98422E-05 9.98422E-05 9.98422E-05 9.98422E-05 9.98422E-05 9.98422E-05 9.98422E-05 9.98422E-05 0.169709 0.146784 9.98422E-05 9.98422E-05 0.0237385 9.98422E-05 0.563144 9.98422E-05
9.98246E-05 9.98246E-05 9.98246E-05 0.085292 9.98246E-05 9.98246E-05 9.98246E-05 0.0209228 9.98246E-05 9.98246E-05 9.98246E-05 9.98246E-05 9.98246E-05 9.98246E-05 9.98246E-05 9.98246E-05 0.0317444 9.98246E-05 9.98246E-05 9.98246E-05 9.98246E-05 9.98246E-05 0.860044 9.98246E-05
9.98333E-05 9.98333E-05 9.98333E-05 9.98333E-05 9.98333E-05 9.98333E-05 0.128821 9.98333E-05 9.98333E-05 9.98333E-05 9.98333E-05 9.98333E-05 9.98333E-05 9.98333E-05 0.065541 9.98333E-05 0.129091 9.98333E-05 9.98333E-05 9.98333E-05 0.266794 9.98333E-05 0.407857 9.98333E-05
9.98243E-05 9.98243E-05 0.0710004 9.98243E-05 9.98243E-05 9.98243E-05 9.98243E-05 9.98243E-05 9.98243E-05 9.98243E-05 9.98243E-05 9.98243E-05 9.98243E-05 9.98243E-05 9.98243E-05 9.98243E-05 0.0328094 9.98243E-05 9.98243E-05 9.98243E-05 0.0607596 9.98243E-05 0.833434 9.98243E-05
9.98158E-05 9.98158E-05 9.98158E-05 9.98158E-05 9.98158E-05 9.98158E-05 9.98158E-05 9.98158E-05 9.98158E-05 9.98158E-05 9.98158E-05 9.98158E-05 9.98158E-05 9.98158E-05 9.98158E-05 9.98158E-05 9.98158E-05 0.118286 0.060264 9.98158E-05 9.98158E-05 9.98158E-05 0.819354 9.98158E-05
9.9842E-05 9.9842E-05 9.9842E-05 9.9842E-05 9.9842E-05 9.9842E-05 9.9842E-05 9.9842E-05 9.9842E-05 9.9842E-05 9.9842E-05 0.00157983 9.9842E-05 9.9842E-05 9.9842E-05 9.9842E-05 9.9842E-05 0.13781 0.0659882 9.9842E-05 0.0600669 9.9842E-05 0.605898 0.126859
9.98244E-05 9.98244E-05 9.98244E-05 9.98244E-05 9.98244E-05 9.98244E-05 9.98244E-05 9.98244E-05 9.98244E-05 9.98244E-05 9.98244E-05 0.0536443 9.98244E-05 9.98244E-05 9.98244E-05 9.98244E-05 0.214781 9.98244E-05 9.98244E-05 9.98244E-05 0.0993151 9.98244E-05 0.630264 9.98244E-05
9.98244E-05 9.98244E-05 9.98244E-05 9.98244E-05 9.98244E-05 9.98244E-05 9.98244E-05 9.98244E-05 0.638778 9.98244E-05 9.98244E-05 9.98244E-05 9.98244E-05 9.98244E-05 0.094235 9.98244E-05 9.98244E-05 9.98244E-05 9.98244E-05 9.98244E-05 0.0424991 9.98244E-05 0.222491 9.98244E-05
9.98247E-05 9.98247E-05 9.98247E-05 9.98247E-05 9.98247E-05 9.98247E-05 0.0318311 9.98247E-05 0.392412 9.98247E-05 9.98247E-05 9.98247E-05 9.98247E-05 9.98247E-05 9.98247E-05 9.98247E-05 0.12752 9.98247E-05 9.98247E-05 9.98247E-05 9.98247E-05 9.98247E-05 0.446241 9.98247E-05
9.98336E-05 9.98336E-05 9.98336E-05 9.98336E-05 9.98336E-05 9.98336E-05 9.98336E-05 9.98336E-05 0.489884 9.98336E-05 9.98336E-05 9.98336E-05 9.98336E-05 9.98336E-05 0.0144522 9.98336E-05 9.98336E-05 9.98336E-05 0.00900422 9.98336E-05 0.000272794 9.98336E-05 0.48449 9.98336E-05
9.98071E-05 9.98071E-05 9.98071E-05 9.98071E-05 9.98071E-05 9.98071E-05 9.98071E-05 9.98071E-05 9.98071E-05 9.98071E-05 9.98071E-05 9.98071E-05 9.98071E-05 9.98071E-05 9.98071E-05 9.98071E-05 9.98071E-05 0.679503 9.98071E-05 9.98071E-05 9.98071E-05 9.98071E-05 0.318301 9.98071E-05
9.98245E-05 9.98245E-05 9.98245E-05 9.98245E-05 9.98245E-05 9.98245E-05 9.98245E-05 9.98245E-05 9.98245E-05 9.98245E-05 9.98245E-05 9.98245E-05 9.98245E-05 9.98245E-05 9.98245E-05 9.98245E-05 0.290502 9.98245E-05 9.98245E-05 0.0942868 0.0813376 9.98245E-05 0.531877 9.98245E-05
9.98334E-05 9.98334E-05 0.0352404 9.98334E-05 9.98334E-05 0.120719 9.98334E-05 9.98334E-05 0.0171799 9.98334E-05 9.98334E-05 9.98334E-05 9.98334E-05 9.98334E-05 9.98334E-05 9.98334E-05 9.98334E-05 9.98334E-05 9.98334E-05 9.98334E-05 0.104064 9.98334E-05 0.7209 9.98334E-05
9.98333E-05 9.98333E-05 9.98333E-05 9.98333E-05 9.98333E-05 9.98333E-05 0.0405294 9.98333E-05 0.0588758 9.98333E-05 9.98333E-05 9.98333E-05 9.98333E-05 9.98333E-05 9.98333E-05 9.98333E-05 0.0221651 0.715609 9.98333E-05 9.98333E-05 0.160924 9.98333E-05 9.98333E-05 9.98333E-05
9.98157E-05 9.98157E-05 9.98157E-05 9.98157E-05 9.98157E-05 9.98157E-05 9.98157E-05 9.98157E-05 9.98157E-05 9.98157E-05 9.98157E-05 9.98157E-05 9.98157E-05 9.98157E-05 9.98157E-05 9.98157E-05 0.0545869 0.806819 9.98157E-05 9.98157E-05 9.98157E-05 9.98157E-05 0.136498 9.98157E-05
9.98507E-05 9.98507E-05 0.0309016 9.98507E-05 9.98507E-05 9.98507E-05 0.0984618 9.98507E-05 9.98507E-05 0.00813234 9.98507E-05 9.98507E-05 9.98507E-05 9.98507E-05 9.98507E-05 9.98507E-05 0.0370557 9.98507E-05 9.98507E-05 0.157374 0.177662 9.98507E-05 0.488715 9.98507E-05
9.98422E-05 9.98422E-05 9.98422E-05 9.98422E-05 9.98422E-05 9.98422E-05 9.98422E-05 9.98422E-05 9.98422E-05 9.98422E-05 9.98422E-05 0.0472763 9.98422E-05 0.130342 9.98422E-05 9.98422E-05 0.203777 0.188271 9.98422E-05 9.98422E-05 0.115884 9.98422E-05 0.312653 9.98422E-05
9.98774E-05 0.0283563 0.116289 9.98774E-05 0.0672977 9.98774E-05 9.98774E-05 9.98774E-05 0.0845671 9.98774E-05 9.98774E-05 0.0474575 9.98774E-05 9.98774E-05 0.0631714 9.98774E-05 0.0190383 9.98774E-05 9.98774E-05 0.118629 9.98774E-05 9.98774E-05 0.359415 0.0943814
9.98334E-05 0.0128744 0.0517905 9.98334E-05 9.98334E-05 9.98334E-05 9.98334E-05 9.98334E-05 9.98334E-05 9.98334E-05 9.98334E-05 9.98334E-05 9.98334E-05 9.98334E-05 9.98334E-05 9.98334E-05 0.193613 9.98334E-05 9.98334E-05 9.98334E-05 0.258955 9.98334E-05 0.48087 9.98334E-05
9.98071E-05 9.98071E-05 9.98071E-05 9.98071E-05 9.98071E-05 9.98071E-05 9.98071E-05 9.98071E-05 0.657672 9.98071E-05 9.98071E-05 9.98071E-05 9.98071E-05 9.98071E-05 9.98071E-05 9.98071E-05 9.98071E-05 9.98071E-05 9.98071E-05 9.98071E-05 9.98071E-05 9.98071E-05 0.340133 9.98071E-05
9.98245E-05 9.98245E-05 9.98245E-05 9.98245E-05 0.0132889 9.98245E-05 9.98245E-05 9.98245E-05 9.98245E-05 9.98245E-05 9.98245E-05 9.98245E-05 9.98245E-05 9.98245E-05 9.98245E-05 9.98245E-05 0.0948289 9.98245E-05 0.15213 9.98245E-05 9.98245E-05 9.98245E-05 0.737756 9.98245E-05
9.98335E-05 9.98335E-05 9.98335E-05 9.98335E-05 9.98335E-05 9.98335E-05 9.98335E-05 0.00578233 0.627768 9.98335E-05 9.98335E-05 9.98335E-05 9.98335E-05 9.98335E-05 9.98335E-05 9.98335E-05 9.98335E-05 9.98335E-05 9.98335E-05 0.0290149 0.0553781 9.98335E-05 0.28016 9.98335E-05
9.98423E-05 9.98423E-05 9.98423E-05 9.98423E-05 9.98423E-05 9.98423E-05 9.98423E-05 0.0460188 0.347503 9.98423E-05 9.98423E-05 9.98423E-05 9.98423E-05 9.98423E-05 9.98423E-05 9.98423E-05 0.117877 9.98423E-05 9.98423E-05 9.98423E-05 0.106242 9.98423E-05 0.36426 0.0163022
9.98246E-05 9.98246E-05 9.98246E-05 0.118624 9.98246E-05 9.98246E-05 9.98246E-05 9.98246E-05 9.98246E-05 0.0346314 9.98246E-05 9.98246E-05 9.98246E-05 9.98246E-05 9.98246E-05 9.98246E-05 9.98246E-05 9.98246E-05 9.98246E-05 9.98246E-05 0.057207 9.98246E-05 0.787541 9.98246E-05
9.98244E-05 9.98244E-05 0.0402112 9.98244E-05 0.00916653 9.98244E-05 9.98244E-05 9.98244E-05 9.98244E-05 9.98244E-05 9.98244E-05 9.98244E-05 9.98244E-05 9.98244E-05 9.98244E-05 9.98244E-05 9.98244E-05 9.98244E-05 9.98244E-05 9.98244E-05 9.98244E-05 0.038162 0.910464 9.98244E-05
9.98244E-05 9.98244E-05 9.98244E-05 9.98244E-05 9.98244E-05 9.98244E-05 9.98244E-05 9.98244E-05 9.98244E-05 9.98244E-05 9.98244E-05 9.98244E-05 9.98244E-05 9.98244E-05 9.98244E-05 9.98244E-05 0.0979501 9.98244E-05 9.98244E-05 0.25059 0.161115 9.98244E-05 0.488348 9.98244E-05
9.98157E-05 9.98157E-05 9.98157E-05 9.98157E-05 9.98157E-05 9.98157E-05 9.98157E-05 9.98157E-05 9.98157E-05 9.98157E-05 9.98157E-05 9.98157E-05 9.98157E-05 9.98157E-05 9.98157E-05 9.98157E-05 0.0913138 9.98157E-05 9.98157E-05 9.98157E-05 0.163995 9.98157E-05 0.742595 9.98157E-05
