0.335306 9.99736E-05 0.000857662 0.465999 9.99736E-05 9.99736E-05 0.171969 0.0255688
0.148337 9.99561E-05 9.99561E-05 0.837427 9.99561E-05 9.99561E-05 0.0137354 9.99561E-05
9.99736E-05 0.0114022 9.99736E-05 0.93862 9.99736E-05 0.0394758 0.00322544 0.00697645
0.0578536 0.0609002 0.149696 0.281913 0.161499 0.109271 0.178767 9.99912E-05
9.99561E-05 9.99561E-05 9.99561E-05 0.849079 0.0431245 0.107296 9.99561E-05 9.99561E-05
0.0842687 0.213795 9.99824E-05 0.332854 0.164637 0.160886 9.99824E-05 0.0433583
0.230512 9.99649E-05 9.99649E-05 0.304122 9.99649E-05 0.343402 0.121564 9.99649E-05
9.99737E-05 0.0350207 0.030968 0.303828 0.156272 0.473612 9.99737E-05 9.99737E-05
0.304456 9.99736E-05 9.99736E-05 0.288983 0.256801 0.0640037 9.99736E-05 0.0854565
0.0173066 9.99561E-05 0.0218963 0.960297 9.99561E-05 9.99561E-05 9.99561E-05 9.99561E-05
0.189881 9.99649E-05 9.99649E-05 0.576109 0.0767437 9.99649E-05 0.156867 9.99649E-05
0.043692 9.99736E-05 9.99736E-05 0.862893 9.99736E-05 0.0376561 0.0348803 0.0205783
0.0318079 9.99736E-05 9.99736E-05 0.919491 0.0456438 0.00256972 0.000188081 9.99736E-05
0.0748743 0.19619 9.99737E-05 0.66901 9.99737E-05 0.0182007 0.041425 9.99737E-05
0.202085 0.170481 9.99737E-05 0.378304 0.177808 0.0710231 9.99737E-05 9.99737E-05
0.104874 9.99736E-05 9.99736E-05 0.305901 0.243464 0.335774 0.00968664 9.99736E-05
0.10206 9.99912E-05 0.0209973 0.671954 0.0342411 0.0661334 0.0643437 0.0401707
0.225222 9.99825E-05 0.160425 0.319852 0.0756984 9.99825E-05 0.0269989 0.191603
0.168372 9.99824E-05 0.0320335 0.419499 0.163002 0.137682 9.99824E-05 0.0792118
9.99561E-05 9.99561E-05 9.99561E-05 0.902097 0.0227584 9.99561E-05 9.99561E-05 0.0746443
0.0271598 9.99912E-05 0.0604463 0.468526 0.0805981 0.231874 0.0945126 0.0367836
0.055498 0.0550666 0.0246173 0.331717 0.17859 0.324039 0.0303724 9.99912E-05
0.230085 0.00105975 9.99649E-05 0.700003 9.99649E-05 9.99649E-05 0.0684519 9.99649E-05
0.32431 9.99649E-05 0.0506737 0.466611 9.99649E-05 0.158005 9.99649E-05 9.99649E-05
0.197258 0.146003 9.99824E-05 0.344259 0.0809339 9.99824E-05 0.0172071 0.214139
0.0601463 0.106453 9.99736E-05 0.7313 0.00555784 0.0962432 9.99736E-05 9.99736E-05
0.253215 0.299274 0.0854354 0.0587171 0.0326615 0.237073 0.0335245 9.99912E-05
0.0600131 9.99561E-05 9.99561E-05 0.808417 9.99561E-05 0.13107 9.99561E-05 9.99561E-05
0.132728 0.0457614 9.99737E-05 0.683116 9.99737E-05 9.99737E-05 0.0790723 0.0590217
0.0692749 0.120653 9.99737E-05 0.763769 0.0187568 9.99737E-05 0.027246 9.99737E-05
0.0590447 9.99824E-05 0.036136 0.753507 0.0417607 9.99824E-05 0.0757663 0.033585
0.0699617 0.305514 9.99912E-05 0.481406 0.0280092 0.0259293 0.0632443 0.0258354
0.226907 0.00926134 0.00899428 0.581695 9.99912E-05 0.0348078 0.136218 0.00201648
0.0806523 0.297274 0.035008 0.413283 9.99824E-05 0.158528 0.0150547 9.99824E-05
0.114657 9.99649E-05 9.99649E-05 0.813573 9.99649E-05 9.99649E-05 0.0338317 0.0375384
0.0627661 9.99824E-05 9.99824E-05 0.718017 0.0421108 0.102146 0.0429343 0.0318254
9.99561E-05 9.99561E-05 9.99561E-05 0.942382 9.99561E-05 0.024718 9.99561E-05 0.0323999
0.0898011 9.99649E-05 9.99649E-05 0.689723 0.152816 9.99649E-05 9.99649E-05 0.0672604
0.13838 0.0572687 9.99912E-05 0.620997 0.0699334 0.0709011 0.0380048 0.00441456
0.0455065 0.162014 9.99736E-05 0.590897 9.99736E-05 0.184926 0.0163571 9.99736E-05
0.081944 9.99737E-05 9.99737E-05 0.754162 0.0599789 0.0102927 0.0933223 9.99737E-05
0.212719 9.99561E-05 9.99561E-05 0.743393 0.0433883 9.99561E-05 9.99561E-05 9.99561E-05
9.99473E-05 0.0720304 9.99473E-05 0.92737 9.99473E-05 9.99473E-05 9.99473E-05 9.99473E-05
0.311293 9.99824E-05 0.0194721 0.456234 0.1591 9.99824E-05 0.0509073 0.0027936
0.330313 9.99649E-05 9.99649E-05 0.316471 9.99649E-05 0.341074 9.99649E-05 0.0117425
0.0374897 9.99736E-05 9.99736E-05 0.836035 0.0165804 0.0064996 9.99736E-05 0.103095
0.0185546 9.99736E-05 0.0284076 0.89311 0.0361903 9.99736E-05 0.023438 9.99736E-05
9.99473E-05 9.99473E-05 9.99473E-05 0.97252 9.99473E-05 9.99473E-05 9.99473E-05 0.0268802
0.13674 9.99648E-05 9.99648E-05 0.744227 9.99648E-05 0.0633218 0.0553115 9.99648E-05
9.9965E-05 9.9965E-05 0.0672781 0.725009 9.9965E-05 0.129681 9.9965E-05 0.0776319
0.282161 0.0855919 9.99824E-05 0.341367 0.0470078 0.128895 0.114778 9.99824E-05
9.99561E-05 9.99561E-05 9.99561E-05 0.669881 0.0451741 0.284445 9.99561E-05 9.99561E-05
0.00569682 9.99561E-05 0.0524699 0.941333 9.99561E-05 9.99561E-05 9.99561E-05 9.99561E-05
9.99737E-05 9.99737E-05 0.0384709 0.711066 0.0234145 0.188868 9.99737E-05 0.037881
0.0313059 9.99562E-05 9.99562E-05 0.797314 9.99562E-05 0.170881 9.99562E-05 9.99562E-05
9.99737E-05 0.0981498 9.99737E-05 0.738977 9.99737E-05 0.0198674 0.04978 0.0929258
0.0445974 9.99824E-05 0.0589672 0.799594 0.00742181 0.0414218 0.0477975 9.99824E-05
0.0277214 9.99737E-05 0.0159035 0.869281 9.99737E-05 0.0476707 0.0391231 9.99737E-05
0.0389945 9.99736E-05 9.99736E-05 0.876691 0.00518413 0.0219808 0.0568492 9.99736E-05
0.596569 9.99737E-05 0.11171 0.144463 0.0817662 9.99737E-05 0.0651915 9.99737E-05
0.419878 9.99562E-05 9.99562E-05 0.351322 9.99562E-05 0.228301 9.99562E-05 9.99562E-05
0.318181 0.00241015 0.16875 0.424372 0.0199906 0.0364241 0.0297727 9.99912E-05
0.487959 0.201494 0.106294 9.99737E-05 0.169441 9.99737E-05 0.0345123 9.99737E-05
0.467708 9.99912E-05 0.0768407 0.124124 0.0953594 0.104702 0.00846975 0.122696
0.754596 9.99649E-05 0.113299 9.99649E-05 0.0574765 9.99649E-05 0.0742285 9.99649E-05
0.807297 9.99824E-05 0.0379979 0.0236105 0.0496707 0.0363559 0.0448684 9.99824E-05
0.643986 9.99824E-05 0.162869 9.99824E-05 0.0924878 0.0409713 0.0396845 0.0198012
0.565121 0.0995734 0.0714762 0.214971 9.99737E-05 9.99737E-05 0.0485587 9.99737E-05
0.437865 0.00863848 0.00133852 0.378937 0.0161751 9.99824E-05 0.156846 9.99824E-05
0.670302 9.99648E-05 0.0395136 9.99648E-05 0.0718778 9.99648E-05 0.217907 9.99648E-05
0.497646 9.99824E-05 0.0256195 0.0449257 0.0390257 0.275074 0.117508 9.99824E-05
0.303289 0.0683225 9.99737E-05 9.99737E-05 0.184366 0.276953 0.16677 9.99737E-05
0.678226 9.99649E-05 9.99649E-05 0.0442348 0.0386901 0.238449 9.99649E-05 9.99649E-05
0.370779 0.242083 9.99737E-05 0.232942 9.99737E-05 0.0194881 0.134409 9.99737E-05
0.551459 0.0144729 0.0190586 0.259521 0.069078 9.99825E-05 0.0862103 9.99825E-05
0.503582 0.0743375 0.117766 9.99737E-05 0.00536704 0.298647 9.99737E-05 9.99737E-05
0.243903 9.99824E-05 0.127773 0.154516 0.18831 0.17222 0.113078 9.99824E-05
0.490898 9.996E-05 0.173859 0.257218 9.996E-05 9.996E-05 0.0776245 9.996E-05
0.76167 9.99649E-05 0.0502248 9.99649E-05 9.99649E-05 0.127105 0.0606005 9.99649E-05
0.435023 0.0464745 0.0205233 0.389976 9.998E-05 0.0865046 0.0212992 9.998E-05
0.643947 9.99824E-05 0.0814775 0.107892 0.0295396 0.135589 0.00135447 9.99824E-05
0.408816 0.250423 0.0551655 0.240882 0.0107085 9.99825E-05 0.0338044 9.99825E-05
0.282283 0.0662908 0.154952 0.172864 0.0724854 0.227326 0.0236977 9.99912E-05
0.410647 0.0472379 9.99736E-05 0.266605 0.068113 9.99736E-05 0.207097 9.99736E-05
0.481312 0.0334529 9.99737E-05 0.390045 0.0557702 9.99737E-05 0.0391194 9.99737E-05
0.3273 0.0446202 0.103992 0.464844 0.0589439 9.99737E-05 9.99737E-05 9.99737E-05
0.616286 9.99825E-05 0.0515717 0.212078 0.0756871 0.0417145 9.99825E-05 0.00246256
0.365021 9.99737E-05 0.267901 0.306079 0.0577015 0.00299817 9.99737E-05 9.99737E-05
0.349155 0.196414 9.9965E-05 0.283637 0.170394 9.9965E-05 9.9965E-05 9.9965E-05
0.0147727 0.835174 9.99649E-05 9.99649E-05 0.11285 0.0368042 9.99649E-05 9.99649E-05
9.99474E-05 0.96757 9.99474E-05 0.0318302 9.99474E-05 9.99474E-05 9.99474E-05 9.99474E-05
0.0843776 0.807264 0.0415411 9.99648E-05 9.99648E-05 9.99648E-05 0.0664177 9.99648E-05
0.146539 0.699099 0.0418118 9.99736E-05 0.0611374 9.99736E-05 0.0511136 9.99736E-05
9.99736E-05 0.678402 0.0711572 9.99736E-05 0.147999 9.99736E-05 0.0152027 0.0869393
0.211001 0.575825 9.99561E-05 9.99561E-05 0.212674 9.99561E-05 9.99561E-05 9.99561E-05
0.0297715 0.756003 0.0273013 9.99736E-05 0.137281 9.99736E-05 0.0493436 9.99736E-05
9.99561E-05 0.680053 0.0397752 9.99561E-05 0.279672 9.99561E-05 9.99561E-05 9.99561E-05
0.223816 0.277689 9.99648E-05 9.99648E-05 0.43136 9.99648E-05 0.0667357 9.99648E-05
0.140263 0.53645 0.0256259 9.99736E-05 0.219533 9.99736E-05 9.99736E-05 0.077828
0.158675 0.753262 9.99561E-05 9.99561E-05 0.0875637 9.99561E-05 9.99561E-05 9.99561E-05
0.114131 0.768844 9.99561E-05 9.99561E-05 9.99561E-05 9.99561E-05 0.116526 9.99561E-05
9.99473E-05 0.87471 9.99473E-05 9.99473E-05 0.124691 9.99473E-05 9.99473E-05 9.99473E-05
0.147453 0.695913 9.99561E-05 9.99561E-05 0.156135 9.99561E-05 9.99561E-05 9.99561E-05
9.99649E-05 0.700156 0.1074 9.99649E-05 0.142561 9.99649E-05 0.0494833 9.99649E-05
0.312888 0.602306 9.99736E-05 9.99736E-05 0.059041 9.99736E-05 0.00970535 0.0157597
0.163648 0.654329 9.99648E-05 9.99648E-05 0.107463 9.99648E-05 9.99648E-05 0.0741599
9.99649E-05 0.724133 9.99649E-05 9.99649E-05 0.171839 0.0680708 0.0355572 9.99649E-05
9.99649E-05 0.898165 9.99649E-05 9.99649E-05 0.0527424 9.99649E-05 0.031274 0.0174188
0.113023 0.707992 9.99737E-05 9.99737E-05 0.0650878 9.99737E-05 0.00362419 0.109974
0.0877323 0.784026 0.0164353 9.99649E-05 0.111407 9.99649E-05 9.99649E-05 9.99649E-05
9.99648E-05 0.867681 0.017486 9.99648E-05 0.0832528 9.99648E-05 0.0311801 9.99648E-05
0.275038 0.305643 9.997E-05 9.997E-05 0.280099 0.0746734 9.997E-05 0.064247
9.99473E-05 0.820964 9.99473E-05 9.99473E-05 0.178437 9.99473E-05 9.99473E-05 9.99473E-05
0.402029 0.19738 9.99648E-05 9.99648E-05 0.317828 9.99648E-05 9.99648E-05 0.0823622
0.226164 0.634938 9.99561E-05 9.99561E-05 0.138399 9.99561E-05 9.99561E-05 9.99561E-05
9.99737E-05 0.936501 0.0210855 0.00802648 9.99737E-05 0.00277937 9.99737E-05 0.031308
0.0335364 0.563781 9.99736E-05 9.99736E-05 0.261409 0.0599491 9.99736E-05 0.0810242
0.2729 0.445878 9.996E-05 9.996E-05 0.279022 9.996E-05 9.996E-05 0.00180044
0.160581 0.73655 9.99737E-05 9.99737E-05 0.0338257 9.99737E-05 0.0306053 0.0381387
0.235759 0.672876 9.99649E-05 9.99649E-05 0.0360937 9.99649E-05 0.0548717 9.99649E-05
9.9956E-05 0.906718 9.9956E-05 9.9956E-05 9.9956E-05 9.9956E-05 0.0280933 0.0646887
0.0649668 0.399807 9.99736E-05 9.99736E-05 0.279355 9.99736E-05 0.0647022 0.19087
0.0961 0.720629 9.99648E-05 9.99648E-05 0.119192 9.99648E-05 9.99648E-05 0.0636793
9.99473E-05 0.981743 9.99473E-05 9.99473E-05 0.0176577 9.99473E-05 9.99473E-05 9.99473E-05
9.99648E-05 0.833043 9.99648E-05 9.99648E-05 0.114379 0.00029749 0.05188 9.99648E-05
0.235315 0.517716 0.107403 9.99736E-05 0.136113 9.99736E-05 0.00315306 9.99736E-05
9.99649E-05 0.93256 0.0293509 9.99649E-05 0.0349874 9.99649E-05 9.99649E-05 0.00270153
9.99561E-05 0.976075 9.99561E-05 9.99561E-05 0.00653367 9.99561E-05 9.99561E-05 0.0168917
9.99474E-05 0.993263 9.99474E-05 9.99474E-05 0.00613699 9.99474E-05 9.99474E-05 9.99474E-05
9.99562E-05 0.919953 9.99562E-05 9.99562E-05 0.0523633 9.99562E-05 9.99562E-05 0.0271843
0.496865 0.361063 9.99648E-05 9.99648E-05 0.100956 9.99648E-05 0.040717 9.99648E-05
9.9956E-05 0.766502 9.9956E-05 9.9956E-05 0.166171 0.0668272 9.9956E-05 9.9956E-05
9.9965E-05 0.873217 9.9965E-05 0.0152495 0.0799713 9.9965E-05 9.9965E-05 0.0311628
9.994E-05 0.9993 9.994E-05 9.994E-05 9.994E-05 9.994E-05 9.994E-05 9.994E-05
0.211455 0.3818 9.99648E-05 9.99648E-05 0.294429 9.99648E-05 9.99648E-05 0.111916
0.221949 0.600368 0.0391214 9.99736E-05 0.092107 9.99736E-05 0.046155 9.99736E-05
0.22464 0.522712 0.014201 9.99825E-05 0.184865 0.0399352 0.0134463 9.99825E-05
0.283155 0.309886 0.0286954 9.99824E-05 0.319493 9.99824E-05 0.0157437 0.0428276
0.0257645 0.94434 9.99562E-05 9.99562E-05 9.99562E-05 9.99562E-05 9.99562E-05 0.0293953
0.121012 0.601458 9.99824E-05 9.99824E-05 0.0577499 0.126558 0.072428 0.020594
9.99474E-05 0.926508 9.99474E-05 9.99474E-05 0.0728927 9.99474E-05 9.99474E-05 9.99474E-05
0.00880068 0.803686 9.99649E-05 9.99649E-05 0.185045 9.99649E-05 0.00206883 9.99649E-05
9.99648E-05 0.78363 0.00870626 9.99648E-05 0.132135 0.075129 9.99648E-05 9.99648E-05
9.99736E-05 0.845555 0.0640961 9.99736E-05 0.0209645 9.99736E-05 0.0570708 0.0120133
0.326954 0.395321 9.99648E-05 9.99648E-05 0.250503 9.99648E-05 9.99648E-05 0.0268217
9.99472E-05 0.788382 9.99472E-05 9.99472E-05 0.211018 9.99472E-05 9.99472E-05 9.99472E-05
9.99736E-05 0.782101 9.99736E-05 9.99736E-05 0.130161 0.00837742 0.0566837 0.0223765
9.99473E-05 0.82108 9.99473E-05 9.99473E-05 9.99473E-05 9.99473E-05 9.99473E-05 0.178321
9.99473E-05 0.7538 9.99473E-05 9.99473E-05 0.245601 9.99473E-05 9.99473E-05 9.99473E-05
0.990305 9.994E-05 9.994E-05 9.994E-05 9.994E-05 9.994E-05 9.994E-05 0.0090954
9.994E-05 9.994E-05 9.994E-05 9.994E-05 0.9993 9.994E-05 9.994E-05 9.994E-05
0.9993 9.994E-05 9.994E-05 9.994E-05 9.994E-05 9.994E-05 9.994E-05 9.994E-05
9.994E-05 9.994E-05 9.994E-05 9.994E-05 0.9993 9.994E-05 9.994E-05 9.994E-05
9.994E-05 9.994E-05 9.994E-05 9.994E-05 0.9993 9.994E-05 9.994E-05 9.994E-05
9.994E-05 9.994E-05 9.994E-05 9.994E-05 0.9993 9.994E-05 9.994E-05 9.994E-05
0.9993 9.994E-05 9.994E-05 9.994E-05 9.994E-05 9.994E-05 9.994E-05 9.994E-05
9.994E-05 9.994E-05 9.994E-05 9.994E-05 0.9993 9.994E-05 9.994E-05 9.994E-05
9.994E-05 9.994E-05 9.994E-05 9.994E-05 0.9993 9.994E-05 9.994E-05 9.994E-05
0.9993 9.994E-05 9.994E-05 9.994E-05 9.994E-05 9.994E-05 9.994E-05 9.994E-05
0.9993 9.994E-05 9.994E-05 9.994E-05 9.994E-05 9.994E-05 9.994E-05 9.994E-05
0.9993 9.994E-05 9.994E-05 9.994E-05 9.994E-05 9.994E-05 9.994E-05 9.994E-05
9.994E-05 9.994E-05 9.994E-05 9.994E-05 0.9993 9.994E-05 9.994E-05 9.994E-05
9.994E-05 9.994E-05 9.994E-05 9.994E-05 0.9993 9.994E-05 9.994E-05 9.994E-05
0.9993 9.994E-05 9.994E-05 9.994E-05 9.994E-05 9.994E-05 9.994E-05 9.994E-05
0.9993 9.994E-05 9.994E-05 9.994E-05 9.994E-05 9.994E-05 9.994E-05 9.994E-05
0.15059 0.455104 0.106597 9.99824E-05 0.102346 0.111421 9.99824E-05 0.073743
0.9993 9.994E-05 9.994E-05 9.994E-05 9.994E-05 9.994E-05 9.994E-05 9.994E-05
9.994E-05 9.994E-05 9.994E-05 9.994E-05 0.9993 9.994E-05 9.994E-05 9.994E-05
0.9993 9.994E-05 9.994E-05 9.994E-05 9.994E-05 9.994E-05 9.994E-05 9.994E-05
0.9993 9.994E-05 9.994E-05 9.994E-05 9.994E-05 9.994E-05 9.994E-05 9.994E-05
0.9993 9.994E-05 9.994E-05 9.994E-05 9.994E-05 9.994E-05 9.994E-05 9.994E-05
9.994E-05 9.994E-05 9.994E-05 9.994E-05 0.9993 9.994E-05 9.994E-05 9.994E-05
0.9993 9.994E-05 9.994E-05 9.994E-05 9.994E-05 9.994E-05 9.994E-05 9.994E-05
9.994E-05 9.994E-05 9.994E-05 9.994E-05 0.9993 9.994E-05 9.994E-05 9.994E-05
0.9993 9.994E-05 9.994E-05 9.994E-05 9.994E-05 9.994E-05 9.994E-05 9.994E-05
0.9993 9.994E-05 9.994E-05 9.994E-05 9.994E-05 9.994E-05 9.994E-05 9.994E-05
9.994E-05 9.994E-05 9.994E-05 9.994E-05 0.9993 9.994E-05 9.994E-05 9.994E-05
9.994E-05 9.994E-05 9.994E-05 9.994E-05 0.9993 9.994E-05 9.994E-05 9.994E-05
9.994E-05 9.994E-05 9.994E-05 9.994E-05 0.9993 9.994E-05 9.994E-05 9.994E-05
0.9993 9.994E-05 9.994E-05 9.994E-05 9.994E-05 9.994E-05 9.994E-05 9.994E-05
0.9993 9.994E-05 9.994E-05 9.994E-05 9.994E-05 9.994E-05 9.994E-05 9.994E-05
0.9993 9.994E-05 9.994E-05 9.994E-05 9.994E-05 9.994E-05 9.994E-05 9.994E-05
0.9993 9.994E-05 9.994E-05 9.994E-05 9.994E-05 9.994E-05 9.994E-05 9.994E-05
0.9993 9.994E-05 9.994E-05 9.994E-05 9.994E-05 9.994E-05 9.994E-05 9.994E-05
9.994E-05 9.994E-05 9.994E-05 9.994E-05 0.9993 9.994E-05 9.994E-05 9.994E-05
9.994E-05 9.994E-05 9.994E-05 9.994E-05 0.9993 9.994E-05 9.994E-05 9.994E-05
9.994E-05 9.994E-05 9.994E-05 9.994E-05 0.9993 9.994E-05 9.994E-05 9.994E-05
0.9993 9.994E-05 9.994E-05 9.994E-05 9.994E-05 9.994E-05 9.994E-05 9.994E-05
9.994E-05 9.994E-05 9.994E-05 9.994E-05 0.9993 9.994E-05 9.994E-05 9.994E-05
9.994E-05 9.994E-05 9.994E-05 9.994E-05 0.9993 9.994E-05 9.994E-05 9.994E-05
9.994E-05 9.994E-05 9.994E-05 9.994E-05 0.9993 9.994E-05 9.994E-05 9.994E-05
9.994E-05 9.994E-05 9.994E-05 9.994E-05 0.9993 9.994E-05 9.994E-05 9.994E-05
0.9993 9.994E-05 9.994E-05 9.994E-05 9.994E-05 9.994E-05 9.994E-05 9.994E-05
9.994E-05 9.994E-05 9.994E-05 9.994E-05 0.9993 9.994E-05 9.994E-05 9.994E-05
9.994E-05 9.994E-05 9.994E-05 9.994E-05 0.9993 9.994E-05 9.994E-05 9.994E-05
0.165153 0.479942 0.0269084 9.99824E-05 0.0984318 0.144103 9.99824E-05 0.0852613
0.9993 9.994E-05 9.994E-05 9.994E-05 9.994E-05 9.994E-05 9.994E-05 9.994E-05
9.994E-05 9.994E-05 9.994E-05 9.994E-05 0.9993 9.994E-05 9.994E-05 9.994E-05
9.994E-05 9.994E-05 9.994E-05 9.994E-05 0.9993 9.994E-05 9.994E-05 9.994E-05
9.994E-05 9.994E-05 9.994E-05 9.994E-05 0.9993 9.994E-05 9.994E-05 9.994E-05
9.994E-05 9.994E-05 9.994E-05 9.994E-05 0.9993 9.994E-05 9.994E-05 9.994E-05
0.9993 9.994E-05 9.994E-05 9.994E-05 9.994E-05 9.994E-05 9.994E-05 9.994E-05
9.994E-05 9.994E-05 9.994E-05 9.994E-05 0.9993 9.994E-05 9.994E-05 9.994E-05
0.9993 9.994E-05 9.994E-05 9.994E-05 9.994E-05 9.994E-05 9.994E-05 9.994E-05
9.994E-05 9.994E-05 9.994E-05 9.994E-05 0.9993 9.994E-05 9.994E-05 9.994E-05
0.9993 9.994E-05 9.994E-05 9.994E-05 9.994E-05 9.994E-05 9.994E-05 9.994E-05
9.994E-05 9.994E-05 9.994E-05 9.994E-05 0.9993 9.994E-05 9.994E-05 9.994E-05
9.994E-05 9.994E-05 9.994E-05 9.994E-05 0.9993 9.994E-05 9.994E-05 9.994E-05
9.994E-05 9.994E-05 9.994E-05 9.994E-05 0.9993 9.994E-05 9.994E-05 9.994E-05
9.994E-05 9.994E-05 9.994E-05 9.994E-05 0.9993 9.994E-05 9.994E-05 9.994E-05
9.994E-05 9.994E-05 9.994E-05 9.994E-05 0.9993 9.994E-05 9.994E-05 9.994E-05
9.994E-05 9.994E-05 9.994E-05 9.994E-05 0.9993 9.994E-05 9.994E-05 9.994E-05
0.9993 9.994E-05 9.994E-05 9.994E-05 9.994E-05 9.994E-05 9.994E-05 9.994E-05
0.9993 9.994E-05 9.994E-05 9.994E-05 9.994E-05 9.994E-05 9.994E-05 9.994E-05
0.9993 9.994E-05 9.994E-05 9.994E-05 9.994E-05 9.994E-05 9.994E-05 9.994E-05
9.994E-05 9.994E-05 9.994E-05 9.994E-05 0.9993 9.994E-05 9.994E-05 9.994E-05
0.9993 9.994E-05 9.994E-05 9.994E-05 9.994E-05 9.994E-05 9.994E-05 9.994E-05
0.9993 9.994E-05 9.994E-05 9.994E-05 9.994E-05 9.994E-05 9.994E-05 9.994E-05
0.9993 9.994E-05 9.994E-05 9.994E-05 9.994E-05 9.994E-05 9.994E-05 9.994E-05
9.994E-05 9.994E-05 9.994E-05 9.994E-05 0.9993 9.994E-05 9.994E-05 9.994E-05
9.994E-05 9.994E-05 9.994E-05 9.994E-05 0.9993 9.994E-05 9.994E-05 9.994E-05
9.994E-05 9.994E-05 9.994E-05 9.994E-05 0.9993 9.994E-05 9.994E-05 9.994E-05
0.9993 9.994E-05 9.994E-05 9.994E-05 9.994E-05 9.994E-05 9.994E-05 9.994E-05
9.994E-05 9.994E-05 9.994E-05 9.994E-05 0.9993 9.994E-05 9.994E-05 9.994E-05
9.994E-05 9.994E-05 9.994E-05 9.994E-05 0.9993 9.994E-05 9.994E-05 9.994E-05
0.9993 9.994E-05 9.994E-05 9.994E-05 9.994E-05 9.994E-05 9.994E-05 9.994E-05
9.994E-05 9.994E-05 9.994E-05 9.994E-05 0.9993 9.994E-05 9.994E-05 9.994E-05
9.994E-05 9.994E-05 9.994E-05 9.994E-05 0.9993 9.994E-05 9.994E-05 9.994E-05
0.351697 0.251745 0.0689987 9.99824E-05 0.0754697 9.99824E-05 0.160934 0.0909562
0.9993 9.994E-05 9.994E-05 9.994E-05 9.994E-05 9.994E-05 9.994E-05 9.994E-05
9.994E-05 9.994E-05 9.994E-05 9.994E-05 0.9993 9.994E-05 9.994E-05 9.994E-05
9.99737E-05 0.504809 0.00632841 9.99737E-05 0.434949 9.99737E-05 0.0343641 0.0192497
0.0264026 0.555741 9.99736E-05 9.99736E-05 0.253136 0.0898391 9.99736E-05 0.0745816
0.32326 0.515938 9.99648E-05 9.99648E-05 0.153184 9.99648E-05 9.99648E-05 0.00721919
9.99648E-05 0.793419 0.0857587 9.99648E-05 9.99648E-05 0.0621706 9.99648E-05 0.0582524
0.293939 0.396432 0.0413986 9.99648E-05 0.26783 9.99648E-05 9.99648E-05 9.99648E-05
9.99562E-05 0.898256 9.99562E-05 0.0103015 0.0909426 9.99562E-05 9.99562E-05 9.99562E-05
0.351338 0.288489 9.99824E-05 9.99824E-05 0.298744 0.0408062 0.0119256 0.00849735
9.99736E-05 0.63154 0.0665914 9.99736E-05 0.134205 9.99736E-05 0.0875762 0.0797881
9.99474E-05 0.838142 9.99474E-05 9.99474E-05 0.161259 9.99474E-05 9.99474E-05 9.99474E-05
0.0451784 0.825294 9.99648E-05 9.99648E-05 9.99648E-05 0.117403 9.99648E-05 0.0117245
0.183865 0.684671 9.996E-05 9.996E-05 0.0662672 9.996E-05 0.0647963 9.996E-05
9.99473E-05 0.439406 9.99473E-05 9.99473E-05 0.559995 9.99473E-05 9.99473E-05 9.99473E-05
0.213313 0.36255 0.119742 9.99736E-05 0.219834 0.0842609 9.99736E-05 9.99736E-05
9.99648E-05 0.82495 0.152749 9.99648E-05 0.0184684 9.99648E-05 9.99648E-05 0.00343312
0.166663 0.57995 9.99648E-05 9.99648E-05 0.185568 9.99648E-05 0.0674193 9.99648E-05
0.26493 0.293699 9.997E-05 9.997E-05 0.353914 0.0235272 0.0636299 9.997E-05
0.0356477 0.783197 9.99649E-05 9.99649E-05 0.157242 9.99649E-05 9.99649E-05 0.023514
0.481538 0.330504 9.99824E-05 9.99824E-05 0.017614 0.0495805 0.112205 0.00835882
0.11689 0.596056 9.99736E-05 9.99736E-05 0.159824 9.99736E-05 0.0471177 0.0798131
0.206748 0.598807 9.99648E-05 9.99648E-05 0.140806 9.99648E-05 9.99648E-05 0.053239
0.100705 0.660495 9.99648E-05 9.99648E-05 0.141935 9.99648E-05 9.99648E-05 0.096465
9.99561E-05 0.612955 9.99561E-05 9.99561E-05 0.283087 0.103458 9.99561E-05 9.99561E-05
0.057201 0.549534 0.0874981 9.99736E-05 0.181944 9.99736E-05 9.99736E-05 0.123523
0.0191654 0.691753 0.0604461 9.99824E-05 0.152268 0.0364911 0.0396768 9.99824E-05
9.9956E-05 0.845296 0.132408 9.9956E-05 0.0217959 9.9956E-05 9.9956E-05 9.9956E-05
9.99474E-05 0.942089 9.99474E-05 9.99474E-05 0.057311 9.99474E-05 9.99474E-05 9.99474E-05
0.0982329 0.652901 0.0511296 9.99824E-05 0.0850969 0.0702267 9.99824E-05 0.0422133
0.208051 0.368302 0.0866755 9.997E-05 0.302538 9.997E-05 9.997E-05 0.0341331
9.99648E-05 0.763449 0.101482 9.99648E-05 9.99648E-05 0.044332 9.99648E-05 0.0903366
0.00883753 0.595454 0.0518139 9.99736E-05 0.22957 9.99736E-05 9.99736E-05 0.114024
0.163732 0.387407 9.99736E-05 9.99736E-05 0.388477 0.0540131 0.00607027 9.99736E-05
0.0993477 0.630007 9.99561E-05 9.99561E-05 0.270146 9.99561E-05 9.99561E-05 9.99561E-05
0.288895 0.414422 9.99648E-05 9.99648E-05 0.252657 9.99648E-05 9.99648E-05 0.0436267
0.107245 0.558745 0.0498352 9.99736E-05 0.24151 9.99736E-05 0.0423648 9.99736E-05
0.0754066 0.638398 0.0526068 9.99824E-05 0.139931 0.0137586 0.079699 9.99824E-05
0.102746 0.828632 9.9956E-05 9.9956E-05 0.0681228 9.9956E-05 9.9956E-05 9.9956E-05
9.994E-05 0.9993 9.994E-05 9.994E-05 9.994E-05 9.994E-05 9.994E-05 9.994E-05
0.311353 0.411728 9.99736E-05 9.99736E-05 0.00550017 0.159371 0.111747 9.99736E-05
9.99648E-05 0.820859 9.99648E-05 9.99648E-05 0.0168778 9.99648E-05 0.0962728 0.0655909
0.0908277 0.526866 9.99736E-05 9.99736E-05 0.223613 0.130072 9.99736E-05 0.0283205
0.14802 0.663738 0.0372927 9.99824E-05 0.101574 0.00873462 9.99824E-05 0.0404415
0.101628 0.718126 9.99736E-05 9.99736E-05 0.0715089 0.0665749 9.99736E-05 0.0418626
0.0440388 0.595779 9.99648E-05 9.99648E-05 0.222421 0.137361 9.99648E-05 9.99648E-05
0.078455 0.359736 0.0355147 9.99737E-05 0.519888 0.00610608 9.99737E-05 9.99737E-05
0.397843 0.241323 9.9956E-05 9.9956E-05 0.360335 9.9956E-05 9.9956E-05 9.9956E-05
0.045445 0.780771 0.0336193 9.99824E-05 0.128052 9.99824E-05 0.00627703 0.00563614
9.994E-05 0.9993 9.994E-05 9.994E-05 9.994E-05 9.994E-05 9.994E-05 9.994E-05
9.99736E-05 0.693696 0.0175756 9.99736E-05 0.206445 9.99736E-05 0.0674972 0.0144859
9.994E-05 0.9993 9.994E-05 9.994E-05 9.994E-05 9.994E-05 9.994E-05 9.994E-05
0.364238 0.266395 0.053517 9.99736E-05 0.259383 0.0561676 9.99736E-05 9.99736E-05
0.00380086 0.995599 9.99474E-05 9.99474E-05 9.99474E-05 9.99474E-05 9.99474E-05 9.99474E-05
0.34766 0.626807 9.995E-05 9.995E-05 9.995E-05 9.995E-05 0.0250327 9.995E-05
0.445141 0.393984 9.99648E-05 9.99648E-05 9.99648E-05 0.122167 0.0383075 9.99648E-05
0.211603 0.608358 9.9956E-05 9.9956E-05 0.179539 9.9956E-05 9.9956E-05 9.9956E-05
9.99648E-05 0.616476 9.99648E-05 9.99648E-05 0.131193 0.227773 9.99648E-05 0.0241584
0.0404573 0.602923 9.99561E-05 9.99561E-05 0.35612 9.99561E-05 9.99561E-05 9.99561E-05
0.247431 0.751969 9.99474E-05 9.99474E-05 9.99474E-05 9.99474E-05 9.99474E-05 9.99474E-05
9.99473E-05 0.793844 9.99473E-05 9.99473E-05 0.205557 9.99473E-05 9.99473E-05 9.99473E-05
0.0157941 0.695741 9.99648E-05 9.99648E-05 0.207286 9.99648E-05 9.99648E-05 0.0807793
0.226189 0.570828 0.0091396 9.99649E-05 0.193444 9.99649E-05 9.99649E-05 9.99649E-05
9.994E-05 0.9993 9.994E-05 9.994E-05 9.994E-05 9.994E-05 9.994E-05 9.994E-05
9.99474E-05 0.851973 9.99474E-05 9.99474E-05 0.147428 9.99474E-05 9.99474E-05 9.99474E-05
0.00765727 0.909694 9.9965E-05 0.0421001 9.9965E-05 9.9965E-05 9.9965E-05 0.0401487
0.0891429 0.744746 9.99736E-05 9.99736E-05 0.0730495 9.99736E-05 0.0829563 0.00980518
9.9956E-05 0.747905 9.9956E-05 9.9956E-05 0.184495 9.9956E-05 9.9956E-05 0.0671003
9.99473E-05 0.714308 9.99473E-05 9.99473E-05 0.285092 9.99473E-05 9.99473E-05 9.99473E-05
9.99474E-05 0.979884 9.99474E-05 9.99474E-05 0.0195166 9.99474E-05 9.99474E-05 9.99474E-05
0.223738 0.451136 9.99736E-05 9.99736E-05 0.263079 9.99736E-05 0.0057363 0.0560105
0.265074 0.617173 9.99736E-05 9.99736E-05 0.0199031 9.99736E-05 0.0892551 0.00829435
0.0484446 0.886708 9.99562E-05 9.99562E-05 9.99562E-05 9.99562E-05 0.0643475 9.99562E-05
0.417924 0.512425 9.99561E-05 9.99561E-05 0.0691507 9.99561E-05 9.99561E-05 9.99561E-05
0.108644 0.789417 9.99562E-05 0.101438 9.99562E-05 9.99562E-05 9.99562E-05 9.99562E-05
0.173904 0.533588 9.9956E-05 9.9956E-05 0.292008 9.9956E-05 9.9956E-05 9.9956E-05
0.155055 0.531489 0.148653 9.99824E-05 9.99824E-05 0.0903555 0.0431629 0.0310848
0.0622338 0.937167 9.99474E-05 9.99474E-05 9.99474E-05 9.99474E-05 9.99474E-05 9.99474E-05
0.216735 0.634923 9.99561E-05 9.99561E-05 0.147841 9.99561E-05 9.99561E-05 9.99561E-05
0.0777896 0.900341 9.99562E-05 0.0213695 9.99562E-05 9.99562E-05 9.99562E-05 9.99562E-05
0.119223 0.873945 0.00327974 9.99648E-05 9.99648E-05 9.99648E-05 0.00315225 9.99648E-05
0.0312738 0.965269 9.99562E-05 9.99562E-05 0.00295716 9.99562E-05 9.99562E-05 9.99562E-05
0.0114151 0.511035 9.99649E-05 9.99649E-05 0.376999 9.99649E-05 0.100152 9.99649E-05
9.99736E-05 0.691199 9.99736E-05 9.99736E-05 0.20123 0.0599521 0.0459355 0.00138349
0.0250605 0.530675 0.0102423 9.99912E-05 0.22108 0.178868 0.0235758 0.0103978
9.994E-05 0.9993 9.994E-05 9.994E-05 9.994E-05 9.994E-05 9.994E-05 9.994E-05
9.99474E-05 0.729201 9.99474E-05 9.99474E-05 0.2702 9.99474E-05 9.99474E-05 9.99474E-05
0.0815202 0.407253 0.0594549 9.99736E-05 0.268985 9.99736E-05 9.99736E-05 0.182487
0.127425 0.869618 9.99561E-05 9.99561E-05 0.00245729 9.99561E-05 9.99561E-05 9.99561E-05
0.157359 0.688854 0.14514 9.99736E-05 0.00729036 9.99736E-05 0.00105662 9.99736E-05
0.120384 0.509859 0.032378 9.99648E-05 0.336979 9.99648E-05 9.99648E-05 9.99648E-05
0.223663 0.631917 9.99824E-05 9.99824E-05 0.0627737 0.0549537 0.00103515 0.0254583
0.195311 0.50533 9.99824E-05 9.99824E-05 0.219287 0.000996562 0.042567 0.0363076
0.203284 0.575012 9.99649E-05 9.99649E-05 0.0337383 9.99649E-05 9.99649E-05 0.187566
0.589073 0.279882 0.0555396 9.99648E-05 0.0751051 9.99648E-05 9.99648E-05 9.99648E-05
0.219858 0.439194 9.99561E-05 9.99561E-05 0.340448 9.99561E-05 9.99561E-05 9.99561E-05
0.179902 0.514065 9.99736E-05 9.99736E-05 0.057585 9.99736E-05 0.136231 0.111917
0.0703988 0.685569 9.99561E-05 9.99561E-05 0.243533 9.99561E-05 9.99561E-05 9.99561E-05
0.0888004 0.910517 9.99562E-05 9.99562E-05 0.000182866 9.99562E-05 9.99562E-05 9.99562E-05
9.99648E-05 0.523865 0.0273664 9.99648E-05 0.286816 0.161553 9.99648E-05 9.99648E-05
0.383124 0.473087 9.99736E-05 9.99736E-05 0.00913338 0.0693113 0.0650446 9.99736E-05
0.440772 0.539545 0.0191834 9.99561E-05 9.99561E-05 9.99561E-05 9.99561E-05 9.99561E-05
0.517455 0.372484 9.99649E-05 9.99649E-05 0.0786146 9.99649E-05 9.99649E-05 0.0310464
9.99736E-05 0.387752 0.0934763 9.99736E-05 0.194595 0.240884 0.0829939 9.99736E-05
0.422956 0.568955 9.99561E-05 9.99561E-05 0.00758858 9.99561E-05 9.99561E-05 9.99561E-05
0.139551 0.348163 0.114071 9.998E-05 0.185727 9.998E-05 0.062125 0.150163
9.9965E-05 0.885246 9.9965E-05 0.0364626 0.0700967 9.9965E-05 9.9965E-05 0.0077951
0.0366799 0.861437 9.99562E-05 9.99562E-05 0.101383 9.99562E-05 9.99562E-05 9.99562E-05
0.25215 0.596888 9.99649E-05 9.99649E-05 0.122982 9.99649E-05 0.0275799 9.99649E-05
0.445734 0.387446 0.148015 9.99648E-05 9.99648E-05 9.99648E-05 9.99648E-05 0.0184053
9.99475E-05 0.9283 9.99475E-05 9.99475E-05 0.0711003 9.99475E-05 9.99475E-05 9.99475E-05
0.0711582 0.928242 9.994E-05 9.994E-05 9.994E-05 9.994E-05 9.994E-05 9.994E-05
9.99736E-05 0.749729 0.0197364 9.99736E-05 0.0775666 9.99736E-05 0.0477114 0.104956
0.0710658 0.742046 0.047142 9.99736E-05 0.106427 9.99736E-05 9.99736E-05 0.0330199
0.18841 0.81099 9.99473E-05 9.99473E-05 9.99473E-05 9.99473E-05 9.99473E-05 9.99473E-05
0.268963 0.620239 9.9956E-05 9.9956E-05 0.110298 9.9956E-05 9.9956E-05 9.9956E-05
0.30762 0.504965 0.00613883 9.998E-05 0.0477543 0.114904 9.998E-05 0.0184176
0.405366 0.384651 9.99648E-05 9.99648E-05 9.99648E-05 9.99648E-05 0.0708414 0.138742
9.99473E-05 0.646947 9.99473E-05 9.99473E-05 0.352453 9.99473E-05 9.99473E-05 9.99473E-05
0.194612 0.659864 9.9956E-05 9.9956E-05 0.145024 9.9956E-05 9.9956E-05 9.9956E-05
0.317157 0.558176 0.114818 9.99648E-05 9.99648E-05 9.99648E-05 0.00944973 9.99648E-05
9.99474E-05 0.971194 9.99474E-05 9.99474E-05 9.99474E-05 9.99474E-05 0.0282063 9.99474E-05
0.497978 0.312311 9.99736E-05 9.99736E-05 0.00822884 0.154172 0.0270093 9.99736E-05
0.1532 0.701965 0.0902984 9.99648E-05 9.99648E-05 9.99648E-05 0.0541368 9.99648E-05
0.102438 0.557613 9.997E-05 9.997E-05 0.173036 9.997E-05 0.142258 0.0243549
0.572764 0.360244 0.0167143 9.99736E-05 0.0320552 0.0179222 9.99736E-05 9.99736E-05
0.149334 0.402666 9.99737E-05 9.99737E-05 0.254564 0.150818 0.0423175 9.99737E-05
0.0976502 0.773681 9.99649E-05 0.00685388 0.121415 9.99649E-05 9.99649E-05 9.99649E-05
0.121208 0.585684 0.0347331 9.99824E-05 0.152886 9.99824E-05 0.0983484 0.00693983
0.0886673 0.910733 9.99474E-05 9.99474E-05 9.99474E-05 9.99474E-05 9.99474E-05 9.99474E-05
0.0304576 0.8678 9.99562E-05 9.99562E-05 0.101242 9.99562E-05 9.99562E-05 9.99562E-05
0.145744 0.472949 9.99736E-05 9.99736E-05 0.227622 0.0379666 0.115418 9.99736E-05
0.247702 0.593019 9.99736E-05 9.99736E-05 0.120735 9.99736E-05 0.0365966 0.00164769
0.552445 0.0482063 9.99737E-05 9.99737E-05 0.198203 0.16541 0.035436 9.99737E-05
0.644957 0.0428347 9.99736E-05 9.99736E-05 0.0791186 0.15386 0.0789299 9.99736E-05
0.505516 0.00957127 9.99736E-05 9.99736E-05 0.165989 0.312231 0.00639342 9.99736E-05
0.554446 0.220032 9.9965E-05 9.9965E-05 9.9965E-05 0.158517 0.0666057 9.9965E-05
0.460687 0.153357 0.105062 9.99825E-05 0.0892888 0.157942 0.0334626 9.99825E-05
0.577753 0.0668094 9.99825E-05 0.242415 0.0579145 0.0458614 0.00904616 9.99825E-05
0.654001 0.0115054 9.99736E-05 9.99736E-05 0.158178 0.100205 0.0758109 9.99736E-05
0.664348 0.0628448 9.99737E-05 9.99737E-05 0.0961504 0.131769 0.0445876 9.99737E-05
0.37453 0.265237 0.0511428 0.12377 9.99825E-05 0.151626 0.0334946 9.99825E-05
0.655612 0.069295 9.99649E-05 9.99649E-05 0.14871 0.125984 9.99649E-05 9.99649E-05
0.628553 0.027973 9.99824E-05 9.99824E-05 0.0188476 0.114562 0.167532 0.0423315
0.68072 0.0365734 9.9965E-05 0.100431 9.9965E-05 9.9965E-05 9.9965E-05 0.181875
0.575437 0.0918773 9.99737E-05 9.99737E-05 0.11725 0.206046 0.00909066 9.99737E-05
0.603297 0.0403786 9.9965E-05 0.354833 0.00109187 9.9965E-05 9.9965E-05 9.9965E-05
0.6858 0.137308 0.0626913 0.00263321 9.99737E-05 9.99737E-05 0.111268 9.99737E-05
0.583118 9.996E-05 9.996E-05 9.996E-05 0.161411 0.162646 0.0924261 9.996E-05
0.710844 0.0667486 9.99737E-05 9.99737E-05 0.0398562 0.034045 0.148206 9.99737E-05
0.744208 0.00851936 9.99825E-05 0.0252667 0.00111399 0.199372 0.0213199 9.99825E-05
0.630967 9.99649E-05 9.99649E-05 9.99649E-05 0.0806026 0.0836615 0.204369 9.99649E-05
0.698602 9.995E-05 9.995E-05 9.995E-05 0.14476 0.156139 9.995E-05 9.995E-05
0.607542 9.99737E-05 9.99737E-05 0.0769148 0.0740308 0.143765 0.097447 9.99737E-05
0.588783 0.107325 9.99825E-05 0.0713528 0.108117 0.0601464 0.0640758 9.99825E-05
0.725756 0.00898335 0.0821284 0.0845159 9.99825E-05 9.99825E-05 0.0804648 0.0179518
0.62749 9.99561E-05 0.12418 9.99561E-05 0.24783 9.99561E-05 9.99561E-05 9.99561E-05
0.720728 9.99473E-05 9.99473E-05 9.99473E-05 0.278673 9.99473E-05 9.99473E-05 9.99473E-05
0.771713 9.99473E-05 9.99473E-05 9.99473E-05 0.227688 9.99473E-05 9.99473E-05 9.99473E-05
0.700775 9.9956E-05 9.9956E-05 9.9956E-05 0.197913 0.100813 9.9956E-05 9.9956E-05
0.874431 9.99474E-05 9.99474E-05 9.99474E-05 0.124969 9.99474E-05 9.99474E-05 9.99474E-05
0.705965 9.99473E-05 9.99473E-05 9.99473E-05 0.293436 9.99473E-05 9.99473E-05 9.99473E-05
0.678166 9.99561E-05 0.0298252 9.99561E-05 0.291509 9.99561E-05 9.99561E-05 9.99561E-05
0.819316 0.0310848 9.99562E-05 9.99562E-05 0.1491 9.99562E-05 9.99562E-05 9.99562E-05
0.701823 0.0865995 0.0174314 9.99649E-05 0.193747 9.99649E-05 9.99649E-05 9.99649E-05
0.607792 9.9956E-05 9.9956E-05 9.9956E-05 0.326064 9.9956E-05 0.0656436 9.9956E-05
0.820367 9.99561E-05 0.0328458 9.99561E-05 0.146287 9.99561E-05 9.99561E-05 9.99561E-05
0.788651 9.99474E-05 9.99474E-05 9.99474E-05 0.21075 9.99474E-05 9.99474E-05 9.99474E-05
0.620513 9.9956E-05 9.9956E-05 9.9956E-05 0.328283 9.9956E-05 0.0507045 9.9956E-05
0.559445 0.246806 9.99561E-05 9.99561E-05 0.193249 9.99561E-05 9.99561E-05 9.99561E-05
0.818323 0.0472313 9.99562E-05 9.99562E-05 0.133946 9.99562E-05 9.99562E-05 9.99562E-05
0.527133 0.216323 9.99561E-05 9.99561E-05 0.256044 9.99561E-05 9.99561E-05 9.99561E-05
0.622981 0.0936577 0.0791173 9.99649E-05 0.203844 9.99649E-05 9.99649E-05 9.99649E-05
0.758239 9.99474E-05 9.99474E-05 9.99474E-05 0.241161 9.99474E-05 9.99474E-05 9.99474E-05
0.81804 9.99473E-05 9.99473E-05 9.99473E-05 0.18136 9.99473E-05 9.99473E-05 9.99473E-05
0.878744 9.99562E-05 0.0355482 9.99562E-05 0.0852079 9.99562E-05 9.99562E-05 9.99562E-05
0.554221 9.99561E-05 0.000691218 9.99561E-05 0.444588 9.99561E-05 9.99561E-05 9.99561E-05
0.803077 9.99474E-05 9.99474E-05 9.99474E-05 0.196323 9.99474E-05 9.99474E-05 9.99474E-05
0.666912 9.99472E-05 9.99472E-05 9.99472E-05 0.332489 9.99472E-05 9.99472E-05 9.99472E-05
0.0444549 0.94017 9.99561E-05 9.99561E-05 9.99561E-05 9.99561E-05 9.99561E-05 0.0148755
0.767421 9.99475E-05 9.99475E-05 9.99475E-05 0.231979 9.99475E-05 9.99475E-05 9.99475E-05
0.714013 9.99561E-05 0.0124264 9.99561E-05 0.27306 9.99561E-05 9.99561E-05 9.99561E-05
0.825152 9.99561E-05 9.99561E-05 9.99561E-05 0.0840586 9.99561E-05 0.0902892 9.99561E-05
0.885905 9.99474E-05 9.99474E-05 9.99474E-05 0.113495 9.99474E-05 9.99474E-05 9.99474E-05
0.63179 9.99473E-05 9.99473E-05 9.99473E-05 0.36761 9.99473E-05 9.99473E-05 9.99473E-05
0.739119 0.0367977 9.99562E-05 9.99562E-05 0.223583 9.99562E-05 9.99562E-05 9.99562E-05
0.751953 9.99562E-05 9.99562E-05 9.99562E-05 0.23824 9.99562E-05 0.00930714 9.99562E-05
0.89524 9.99473E-05 9.99473E-05 9.99473E-05 0.10416 9.99473E-05 9.99473E-05 9.99473E-05
0.804147 9.99562E-05 0.00708589 9.99562E-05 0.188267 9.99562E-05 9.99562E-05 9.99562E-05
0.655299 9.99561E-05 9.99561E-05 9.99561E-05 0.186295 0.157906 9.99561E-05 9.99561E-05
0.709744 9.99473E-05 9.99473E-05 9.99473E-05 0.289656 9.99473E-05 9.99473E-05 9.99473E-05
0.823076 0.00826071 9.99561E-05 9.99561E-05 0.168164 9.99561E-05 9.99561E-05 9.99561E-05
0.713772 9.99473E-05 9.99473E-05 9.99473E-05 0.285629 9.99473E-05 9.99473E-05 9.99473E-05
0.838941 9.99649E-05 0.017017 9.99649E-05 0.116719 9.99649E-05 0.0269231 9.99649E-05
0.834207 9.99561E-05 9.99561E-05 9.99561E-05 0.155078 0.0102148 9.99561E-05 9.99561E-05
0.736323 9.99474E-05 9.99474E-05 9.99474E-05 0.263077 9.99474E-05 9.99474E-05 9.99474E-05
0.839997 9.99475E-05 9.99475E-05 9.99475E-05 0.159404 9.99475E-05 9.99475E-05 9.99475E-05
0.800702 0.0218631 9.99562E-05 9.99562E-05 0.176935 9.99562E-05 9.99562E-05 9.99562E-05
0.765761 9.9956E-05 0.00157466 9.9956E-05 0.232165 9.9956E-05 9.9956E-05 9.9956E-05
0.753381 9.995E-05 9.995E-05 9.995E-05 0.204657 9.995E-05 0.0414626 9.995E-05
0.312617 9.99737E-05 9.99737E-05 0.114853 0.015122 0.357447 0.19966 9.99737E-05
0.160445 9.99737E-05 9.99737E-05 0.07389 0.231114 0.511594 0.0226575 9.99737E-05
0.0211643 9.99825E-05 0.0735973 9.99825E-05 0.267514 0.413602 0.170112 0.0538104
0.200126 9.99736E-05 9.99736E-05 0.107993 0.0276143 0.45401 0.209957 9.99736E-05
0.33662 9.99737E-05 9.99737E-05 0.0244577 0.138096 0.414761 0.0857647 9.99737E-05
0.330128 9.99825E-05 0.0752753 0.0407042 0.147081 0.288066 0.118546 9.99825E-05
0.273566 9.99737E-05 9.99737E-05 0.0421793 0.121724 0.451542 0.110689 9.99737E-05
0.466015 9.99561E-05 9.99561E-05 9.99561E-05 9.99561E-05 0.469303 0.0641823 9.99561E-05
0.0569189 9.99737E-05 9.99737E-05 0.00932498 0.483455 0.325353 0.124649 9.99737E-05
0.278562 9.99912E-05 0.174729 0.0699629 0.10976 0.0344551 0.281954 0.050477
0.355541 9.99737E-05 0.00326801 9.99737E-05 0.0857415 0.439157 0.115993 9.99737E-05
0.165734 9.99737E-05 9.99737E-05 0.00562578 0.217872 0.439143 0.171325 9.99737E-05
0.279104 9.99825E-05 9.99825E-05 0.0553593 0.0503634 0.393418 0.205415 0.0161404
0.277515 9.99737E-05 9.99737E-05 0.0550518 0.0175514 0.386679 0.262902 9.99737E-05
0.309931 9.99912E-05 0.0705991 0.0196144 0.0862983 0.459882 0.0505949 0.00297995
0.456473 9.99649E-05 9.99649E-05 9.99649E-05 0.0414878 0.424998 0.0766411 9.99649E-05
0.439354 9.99648E-05 9.99648E-05 9.99648E-05 0.0852073 0.352068 0.12297 9.99648E-05
0.198637 9.99649E-05 9.99649E-05 9.99649E-05 0.226466 0.446531 0.127966 9.99649E-05
0.345952 9.99649E-05 9.99649E-05 9.99649E-05 0.115907 0.282287 0.255454 9.99649E-05
0.377077 9.99737E-05 9.99737E-05 0.0713057 0.0386174 0.405522 0.107178 9.99737E-05
9.994E-05 9.994E-05 9.994E-05 9.994E-05 9.994E-05 9.994E-05 0.9993 9.994E-05
9.994E-05 9.994E-05 9.994E-05 9.994E-05 9.994E-05 9.994E-05 0.9993 9.994E-05
9.994E-05 9.994E-05 9.994E-05 9.994E-05 9.994E-05 9.994E-05 0.9993 9.994E-05
9.994E-05 9.994E-05 9.994E-05 9.994E-05 9.994E-05 9.994E-05 0.9993 9.994E-05
9.994E-05 9.994E-05 9.994E-05 9.994E-05 9.994E-05 9.994E-05 0.9993 9.994E-05
9.994E-05 9.994E-05 9.994E-05 9.994E-05 9.994E-05 9.994E-05 0.9993 9.994E-05
9.994E-05 9.994E-05 9.994E-05 9.994E-05 9.994E-05 9.994E-05 0.9993 9.994E-05
9.994E-05 9.994E-05 9.994E-05 9.994E-05 9.994E-05 9.994E-05 0.9993 9.994E-05
9.994E-05 9.994E-05 9.994E-05 9.994E-05 9.994E-05 9.994E-05 0.9993 9.994E-05
9.994E-05 9.994E-05 9.994E-05 9.994E-05 9.994E-05 9.994E-05 0.9993 9.994E-05
9.994E-05 9.994E-05 9.994E-05 9.994E-05 9.994E-05 9.994E-05 0.9993 9.994E-05
9.994E-05 9.994E-05 9.994E-05 9.994E-05 9.994E-05 9.994E-05 0.9993 9.994E-05
9.994E-05 9.994E-05 9.994E-05 9.994E-05 9.994E-05 9.994E-05 0.9993 9.994E-05
9.994E-05 9.994E-05 9.994E-05 9.994E-05 9.994E-05 9.994E-05 0.9993 9.994E-05
9.994E-05 9.994E-05 9.994E-05 9.994E-05 9.994E-05 9.994E-05 0.9993 9.994E-05
9.994E-05 9.994E-05 9.994E-05 9.994E-05 9.994E-05 9.994E-05 0.9993 9.994E-05
9.994E-05 9.994E-05 9.994E-05 9.994E-05 9.994E-05 9.994E-05 0.9993 9.994E-05
9.994E-05 9.994E-05 9.994E-05 9.994E-05 9.994E-05 9.994E-05 0.9993 9.994E-05
9.994E-05 9.994E-05 9.994E-05 9.994E-05 9.994E-05 9.994E-05 0.9993 9.994E-05
9.994E-05 9.994E-05 9.994E-05 9.994E-05 9.994E-05 9.994E-05 0.9993 9.994E-05
9.994E-05 9.994E-05 9.994E-05 9.994E-05 9.994E-05 9.994E-05 0.9993 9.994E-05
9.994E-05 9.994E-05 9.994E-05 9.994E-05 9.994E-05 9.994E-05 0.9993 9.994E-05
9.994E-05 9.994E-05 9.994E-05 9.994E-05 9.994E-05 9.994E-05 0.9993 9.994E-05
9.994E-05 9.994E-05 9.994E-05 9.994E-05 9.994E-05 9.994E-05 0.9993 9.994E-05
9.994E-05 9.994E-05 9.994E-05 9.994E-05 9.994E-05 9.994E-05 0.9993 9.994E-05
9.994E-05 9.994E-05 9.994E-05 9.994E-05 9.994E-05 9.994E-05 0.9993 9.994E-05
9.994E-05 9.994E-05 9.994E-05 9.994E-05 9.994E-05 9.994E-05 0.9993 9.994E-05
9.994E-05 9.994E-05 9.994E-05 9.994E-05 9.994E-05 9.994E-05 0.9993 9.994E-05
9.994E-05 9.994E-05 9.994E-05 9.994E-05 9.994E-05 9.994E-05 0.9993 9.994E-05
9.994E-05 9.994E-05 9.994E-05 9.994E-05 9.994E-05 9.994E-05 0.9993 9.994E-05
9.994E-05 9.994E-05 9.994E-05 9.994E-05 9.994E-05 9.994E-05 0.9993 9.994E-05
9.994E-05 9.994E-05 9.994E-05 9.994E-05 9.994E-05 9.994E-05 0.9993 9.994E-05
9.994E-05 9.994E-05 9.994E-05 9.994E-05 9.994E-05 9.994E-05 0.9993 9.994E-05
9.994E-05 9.994E-05 9.994E-05 9.994E-05 9.994E-05 9.994E-05 0.9993 9.994E-05
9.994E-05 9.994E-05 9.994E-05 9.994E-05 9.994E-05 9.994E-05 0.9993 9.994E-05
9.994E-05 9.994E-05 9.994E-05 9.994E-05 9.994E-05 9.994E-05 0.9993 9.994E-05
