9.99824E-05 0.662887 9.99824E-05 0.165057 0.171857
9.999E-05 0.808822 0.0232411 0.0606566 0.10718
9.99736E-05 0.999498 0.000201675 9.99736E-05 9.99736E-05
0.319018 0.358618 0.0933154 0.174944 0.054104
0.10343 0.89627 9.99737E-05 9.99737E-05 9.99737E-05
0.177378 0.339257 0.00028526 0.44495 0.0381288
0.354376 0.483125 9.99912E-05 0.0777368 0.0846618
0.422873 0.260268 9.99912E-05 0.243406 0.0733533
0.102507 0.330421 0.126995 0.439977 9.99912E-05
9.99737E-05 0.97961 9.99737E-05 9.99737E-05 0.0200904
9.999E-05 0.605687 0.0429726 0.175894 0.175346
0.0316193 0.935635 0.0145044 9.99912E-05 0.0181417
0.00482462 0.985396 9.99824E-05 9.99824E-05 0.009579
0.113429 0.70121 0.0236889 0.161571 9.99912E-05
0.118465 0.437684 0.00482319 0.438927 9.99912E-05
0.359512 0.311187 9.99912E-05 0.324127 0.00507358
0.00396355 0.67415 9.99912E-05 0.253046 0.0687401
0.0913241 0.365538 0.109725 0.21954 0.213873
0.278572 0.451916 0.00575507 0.244154 0.019603
9.99737E-05 0.995272 0.00442806 9.99737E-05 9.99737E-05
0.266544 0.508482 0.0568381 0.148084 0.0200525
0.127886 0.276709 9.99912E-05 0.501792 0.0935125
9.99824E-05 0.763712 9.99824E-05 0.149447 0.0866403
0.216459 0.621503 9.99824E-05 0.161838 9.99824E-05
0.094224 0.412804 0.160674 0.299945 0.0323535
0.0782067 0.778382 9.99824E-05 0.143211 9.99824E-05
0.229171 0.120369 0.0276634 0.505695 0.117102
0.0569296 0.934435 9.99824E-05 0.0084356 9.99824E-05
9.99824E-05 0.717984 0.0678688 0.213948 9.99824E-05
9.99737E-05 0.770857 9.99737E-05 0.228843 9.99737E-05
9.99824E-05 0.832902 0.0257843 9.99824E-05 0.141114
0.17037 0.554405 9.99912E-05 0.205918 0.0692068
0.0468604 0.688241 9.99912E-05 0.179447 0.0853508
0.131423 0.598945 0.0201225 0.148267 0.101242
9.99825E-05 0.885362 0.0665861 9.99825E-05 0.047852
0.0896137 0.820925 0.0263602 0.0349855 0.0281151
0.103957 0.895743 9.99737E-05 9.99737E-05 9.99737E-05
9.99825E-05 0.719817 0.0519474 0.228036 9.99825E-05
0.0129717 0.583085 0.0646739 0.32201 0.0172588
0.117392 0.658232 9.99824E-05 0.224176 9.99824E-05
0.0274794 0.89218 9.99912E-05 0.0222617 0.057979
0.031965 0.811191 9.99825E-05 0.156645 9.99825E-05
0.0673045 0.915062 9.99824E-05 0.0174335 9.99824E-05
9.99824E-05 0.513662 9.99824E-05 0.396581 0.0895569
0.28705 0.459507 0.0903175 0.163026 9.99912E-05
9.99736E-05 0.957471 0.0422292 9.99736E-05 9.99736E-05
9.99825E-05 0.838262 0.0634012 9.99825E-05 0.0981373
9.99737E-05 0.942203 0.0574967 9.99737E-05 9.99737E-05
0.0599275 0.859817 9.99824E-05 9.99824E-05 0.0800557
0.107324 0.810849 0.012003 9.99912E-05 0.069724
0.100911 0.310292 0.017661 0.447926 0.123211
0.281441 0.690705 0.0276545 9.99824E-05 9.99824E-05
9.99824E-05 0.851334 0.033231 0.115235 9.99824E-05
0.195972 0.710545 0.0313948 0.018263 0.0438249
0.0195321 0.840891 0.0459327 0.0562565 0.0373874
0.0505358 0.806122 0.0763635 0.00495486 0.062024
0.0277886 0.81681 9.99824E-05 9.99824E-05 0.155201
9.99737E-05 0.872837 9.99737E-05 9.99737E-05 0.126863
0.0222638 0.965062 9.99824E-05 9.99824E-05 0.0124745
0.0158558 0.181057 9.99912E-05 0.612292 0.190696
0.273776 0.4922 9.99912E-05 0.224134 0.00979041
0.060017 0.462779 9.99912E-05 0.292541 0.184562
9.99825E-05 9.99825E-05 0.00262528 0.866708 0.130467
0.122896 0.214811 0.13772 0.409799 0.114773
0.0552133 0.0435096 0.051998 0.741465 0.107814
0.162111 0.157402 9.99912E-05 0.513582 0.166805
0.0385113 0.0151598 9.99912E-05 0.724364 0.221865
9.99825E-05 0.311099 9.99825E-05 0.591889 0.096812
0.0312147 0.429223 9.99912E-05 0.340597 0.198865
9.99824E-05 9.99824E-05 0.101295 0.598384 0.300121
0.33059 0.165767 9.99912E-05 0.331396 0.172147
0.18432 0.0148747 0.0463502 0.578573 0.175882
0.323004 0.173987 9.99824E-05 0.502809 9.99824E-05
0.230934 0.379698 9.99825E-05 0.389167 9.99825E-05
9.99825E-05 0.380574 9.99825E-05 0.485199 0.134028
0.38325 9.99824E-05 9.99824E-05 0.586186 0.0303644
0.159328 0.219406 9.99912E-05 0.319882 0.301284
9.99824E-05 0.341315 9.99824E-05 0.33705 0.321436
0.205033 0.0941523 0.0329578 0.527972 0.139885
0.079968 0.484337 9.99912E-05 0.38932 0.0462755
0.172027 0.248313 9.99912E-05 0.529516 0.0500439
9.99912E-05 0.332495 0.000200588 0.549177 0.118028
0.191476 0.194279 9.99912E-05 0.353298 0.260847
9.99824E-05 0.368734 9.99824E-05 0.32553 0.305536
9.99912E-05 0.469939 0.0276115 0.495536 0.00681347
0.0226171 0.552535 9.99912E-05 0.331047 0.0937007
0.171635 0.364513 0.00719811 0.456554 9.99912E-05
9.99825E-05 0.412397 9.99825E-05 0.337644 0.249759
0.00935138 0.355898 0.023105 0.610734 0.000912286
9.997E-05 9.997E-05 9.997E-05 0.9996 9.997E-05
9.99737E-05 0.062923 9.99737E-05 0.936777 9.99737E-05
9.99737E-05 9.99737E-05 9.99737E-05 0.826319 0.173381
9.99824E-05 9.99824E-05 0.0650642 0.888967 0.0457688
9.99824E-05 9.99824E-05 0.0574145 0.864663 0.077723
9.99737E-05 9.99737E-05 0.0130257 0.986674 9.99737E-05
9.99736E-05 9.99736E-05 9.99736E-05 0.861042 0.138658
9.99736E-05 9.99736E-05 0.016984 0.982716 9.99736E-05
9.99736E-05 9.99736E-05 9.99736E-05 0.983575 0.0161253
0.00733573 9.99824E-05 9.99824E-05 0.965417 0.0270472
9.99825E-05 0.0278052 9.99825E-05 0.923524 0.0484705
9.99825E-05 0.0033868 9.99825E-05 0.949485 0.046928
9.99737E-05 9.99737E-05 9.99737E-05 0.952461 0.0472394
9.997E-05 9.997E-05 9.997E-05 0.9996 9.997E-05
0.0107879 9.99912E-05 0.0399829 0.757694 0.191435
0.0274305 9.99824E-05 9.99824E-05 0.873285 0.0990845
9.99737E-05 9.99737E-05 0.0441916 0.955508 9.99737E-05
0.167763 0.00539414 9.99912E-05 0.815495 0.0112478
9.99825E-05 9.99825E-05 0.0232118 0.918135 0.0584529
9.99737E-05 9.99737E-05 0.12981 0.86989 9.99737E-05
0.0835142 9.99824E-05 9.99824E-05 0.897466 0.0188194
9.99737E-05 9.99737E-05 9.99737E-05 0.879906 0.119795
9.99736E-05 9.99736E-05 0.112807 0.886894 9.99736E-05
9.99737E-05 9.99737E-05 0.0219804 0.97772 9.99737E-05
9.99737E-05 9.99737E-05 0.190364 0.809336 9.99737E-05
0.15509 9.99737E-05 9.99737E-05 0.84461 9.99737E-05
9.99825E-05 0.142228 0.0932551 0.764317 9.99825E-05
0.0413418 9.99824E-05 0.0558974 0.902561 9.99824E-05
9.997E-05 9.997E-05 9.997E-05 0.9996 9.997E-05
9.99825E-05 9.99825E-05 0.0899625 0.862651 0.0471866
0.03888 9.99824E-05 0.0515841 0.909336 9.99824E-05
9.99825E-05 9.99825E-05 0.111343 0.840489 0.0479684
0.0111485 9.99912E-05 0.191496 0.786026 0.0112297
9.99824E-05 9.99824E-05 0.1619 0.80577 0.0321296
9.99737E-05 9.99737E-05 0.0461503 0.95355 9.99737E-05
9.99824E-05 9.99824E-05 0.0411098 0.805221 0.153469
9.99736E-05 9.99736E-05 9.99736E-05 0.887613 0.112087
9.997E-05 9.997E-05 9.997E-05 0.9996 9.997E-05
9.99825E-05 9.99825E-05 0.0528948 0.925038 0.0218676
9.99738E-05 9.99738E-05 9.99738E-05 0.965693 0.0340073
9.99737E-05 9.99737E-05 0.0463366 0.953364 9.99737E-05
9.99736E-05 9.99736E-05 0.0296816 0.970018 9.99736E-05
0.0573214 9.99912E-05 0.0187755 0.815248 0.108555
9.99825E-05 0.0571626 0.0392044 0.903433 9.99825E-05
9.99737E-05 0.00516914 9.99737E-05 0.994531 9.99737E-05
9.99824E-05 9.99824E-05 0.107535 0.823513 0.0687525
9.99825E-05 9.99825E-05 0.00882421 0.933145 0.0578311
0.0158429 9.99912E-05 0.0334759 0.894517 0.0560638
9.99824E-05 9.99824E-05 0.0387539 0.936417 0.0246296
9.997E-05 9.997E-05 9.997E-05 0.9996 9.997E-05
0.190772 9.99912E-05 0.125345 0.67453 0.00925327
9.997E-05 9.997E-05 9.997E-05 0.9996 9.997E-05
9.99737E-05 9.99737E-05 9.99737E-05 0.938664 0.0610363
0.0955697 9.99824E-05 0.0731697 0.831061 9.99824E-05
9.99824E-05 9.99824E-05 0.0340422 0.828434 0.137324
9.997E-05 9.997E-05 9.997E-05 0.9996 9.997E-05
9.997E-05 9.997E-05 9.997E-05 0.9996 9.997E-05
9.99824E-05 9.99824E-05 0.0284894 0.902865 0.0684455
9.99825E-05 9.99825E-05 0.163473 0.79735 0.0389769
9.997E-05 9.997E-05 9.997E-05 0.9996 9.997E-05
9.99824E-05 9.99824E-05 0.195838 0.77126 0.0327024
9.997E-05 9.997E-05 9.997E-05 0.9996 9.997E-05
9.99736E-05 9.99736E-05 0.172299 0.827401 9.99736E-05
9.997E-05 9.997E-05 9.997E-05 0.9996 9.997E-05
9.997E-05 9.997E-05 9.997E-05 0.9996 9.997E-05
9.997E-05 9.997E-05 9.997E-05 0.9996 9.997E-05
9.99736E-05 9.99736E-05 0.0891533 0.910547 9.99736E-05
9.997E-05 9.997E-05 9.997E-05 0.9996 9.997E-05
9.997E-05 9.997E-05 9.997E-05 0.9996 9.997E-05
9.99736E-05 9.99736E-05 0.123553 0.876147 9.99736E-05
9.99736E-05 9.99736E-05 0.133405 0.866295 9.99736E-05
9.99824E-05 9.99824E-05 0.0447185 0.933246 0.0218356
9.997E-05 9.997E-05 9.997E-05 0.9996 9.997E-05
9.997E-05 9.997E-05 9.997E-05 0.9996 9.997E-05
9.99736E-05 9.99736E-05 0.145216 0.854484 9.99736E-05
9.99736E-05 9.99736E-05 0.169735 0.829965 9.99736E-05
0.1322 9.99912E-05 0.177565 0.662706 0.027429
9.99736E-05 9.99736E-05 0.194525 0.805175 9.99736E-05
9.997E-05 9.997E-05 9.997E-05 0.9996 9.997E-05
9.99736E-05 9.99736E-05 0.113267 0.886433 9.99736E-05
9.99736E-05 9.99736E-05 0.113372 0.886328 9.99736E-05
9.99736E-05 9.99736E-05 0.106959 0.892741 9.99736E-05
9.997E-05 9.997E-05 9.997E-05 0.9996 9.997E-05
9.99736E-05 9.99736E-05 0.0990191 0.900681 9.99736E-05
9.997E-05 9.997E-05 9.997E-05 0.9996 9.997E-05
9.99736E-05 9.99736E-05 0.175045 0.824655 9.99736E-05
9.99736E-05 9.99736E-05 0.113109 0.886591 9.99736E-05
9.997E-05 9.997E-05 9.997E-05 0.9996 9.997E-05
9.997E-05 9.997E-05 9.997E-05 0.9996 9.997E-05
9.997E-05 9.997E-05 9.997E-05 0.9996 9.997E-05
9.99736E-05 9.99736E-05 0.180361 0.81934 9.99736E-05
9.99736E-05 9.99736E-05 0.158436 0.841264 9.99736E-05
9.99736E-05 9.99736E-05 0.0860034 0.913697 9.99736E-05
9.99736E-05 9.99736E-05 0.135658 0.864042 9.99736E-05
9.99736E-05 9.99736E-05 0.153671 0.846029 9.99736E-05
9.997E-05 9.997E-05 9.997E-05 0.9996 9.997E-05
9.997E-05 9.997E-05 9.997E-05 0.9996 9.997E-05
9.997E-05 9.997E-05 9.997E-05 0.9996 9.997E-05
9.99736E-05 9.99736E-05 0.0941219 0.905578 9.99736E-05
9.997E-05 9.997E-05 9.997E-05 0.9996 9.997E-05
9.997E-05 9.997E-05 9.997E-05 0.9996 9.997E-05
9.997E-05 9.997E-05 9.997E-05 0.9996 9.997E-05
9.997E-05 9.997E-05 9.997E-05 0.9996 9.997E-05
9.99736E-05 9.99736E-05 0.149997 0.849703 9.99736E-05
9.997E-05 9.997E-05 9.997E-05 0.9996 9.997E-05
9.997E-05 9.997E-05 9.997E-05 0.9996 9.997E-05
0.184362 9.99824E-05 0.122672 0.692766 9.99824E-05
9.99736E-05 9.99736E-05 0.153686 0.846014 9.99736E-05
9.997E-05 9.997E-05 9.997E-05 0.9996 9.997E-05
9.997E-05 9.997E-05 9.997E-05 0.9996 9.997E-05
9.997E-05 9.997E-05 9.997E-05 0.9996 9.997E-05
9.997E-05 9.997E-05 9.997E-05 0.9996 9.997E-05
9.99736E-05 9.99736E-05 0.0862019 0.913498 9.99736E-05
9.997E-05 9.997E-05 9.997E-05 0.9996 9.997E-05
9.99736E-05 9.99736E-05 0.0911084 0.908592 9.99736E-05
9.997E-05 9.997E-05 9.997E-05 0.9996 9.997E-05
9.99736E-05 9.99736E-05 0.153648 0.846053 9.99736E-05
9.997E-05 9.997E-05 9.997E-05 0.9996 9.997E-05
9.997E-05 9.997E-05 9.997E-05 0.9996 9.997E-05
9.997E-05 9.997E-05 9.997E-05 0.9996 9.997E-05
9.997E-05 9.997E-05 9.997E-05 0.9996 9.997E-05
9.997E-05 9.997E-05 9.997E-05 0.9996 9.997E-05
9.997E-05 9.997E-05 9.997E-05 0.9996 9.997E-05
9.99736E-05 9.99736E-05 0.105137 0.894563 9.99736E-05
9.99736E-05 9.99736E-05 0.155024 0.844676 9.99736E-05
9.99736E-05 9.99736E-05 0.151636 0.848064 9.99736E-05
9.997E-05 9.997E-05 9.997E-05 0.9996 9.997E-05
9.99736E-05 9.99736E-05 0.0942384 0.905462 9.99736E-05
9.99736E-05 9.99736E-05 0.0911294 0.908571 9.99736E-05
9.99736E-05 9.99736E-05 0.0796169 0.920083 9.99736E-05
9.997E-05 9.997E-05 9.997E-05 0.9996 9.997E-05
9.997E-05 9.997E-05 9.997E-05 0.9996 9.997E-05
9.997E-05 9.997E-05 9.997E-05 0.9996 9.997E-05
9.99736E-05 9.99736E-05 0.1101 0.8896 9.99736E-05
9.997E-05 9.997E-05 9.997E-05 0.9996 9.997E-05
9.997E-05 9.997E-05 9.997E-05 0.9996 9.997E-05
9.99736E-05 9.99736E-05 0.118726 0.880974 9.99736E-05
9.997E-05 9.997E-05 9.997E-05 0.9996 9.997E-05
9.997E-05 9.997E-05 9.997E-05 0.9996 9.997E-05
9.99824E-05 9.99824E-05 0.0156793 0.710986 0.273135
9.99736E-05 9.99736E-05 0.116479 0.883221 9.99736E-05
9.997E-05 9.997E-05 9.997E-05 0.9996 9.997E-05
9.99737E-05 9.99737E-05 9.99737E-05 0.942516 0.0571843
9.99737E-05 9.99737E-05 0.120966 0.878734 9.99737E-05
9.99736E-05 9.99736E-05 0.0426492 0.957051 9.99736E-05
0.0505586 9.99912E-05 0.0995251 0.802117 0.0476992
9.997E-05 9.997E-05 9.997E-05 0.9996 9.997E-05
0.0404426 0.135035 0.00792889 0.816493 9.99912E-05
0.120799 9.99736E-05 9.99736E-05 0.878901 9.99736E-05
9.99737E-05 9.99737E-05 9.99737E-05 0.768665 0.231035
9.99737E-05 9.99737E-05 0.0479335 0.951767 9.99737E-05
0.0649084 9.99824E-05 0.0545389 0.880353 9.99824E-05
9.99737E-05 9.99737E-05 9.99737E-05 0.884086 0.115614
9.997E-05 9.997E-05 9.997E-05 0.9996 9.997E-05
0.0681421 9.99736E-05 9.99736E-05 0.931558 9.99736E-05
9.99824E-05 9.99824E-05 0.0536707 0.923685 0.0224442
9.997E-05 9.997E-05 9.997E-05 0.9996 9.997E-05
0.0336492 9.99824E-05 9.99824E-05 0.958709 0.00744192
9.99737E-05 9.99737E-05 0.0459348 0.953765 9.99737E-05
9.99824E-05 9.99824E-05 0.00676548 0.822494 0.17054
9.99736E-05 9.99736E-05 0.109328 0.890373 9.99736E-05
0.0580789 9.99824E-05 0.0522226 0.889499 9.99824E-05
9.99736E-05 9.99736E-05 0.079948 0.919752 9.99736E-05
0.112478 9.99825E-05 0.00264361 0.884678 9.99825E-05
0.136748 9.99912E-05 0.0512611 0.63693 0.174961
9.99824E-05 9.99824E-05 0.0250552 0.912389 0.0623554
9.99736E-05 9.99736E-05 9.99736E-05 0.882104 0.117596
9.997E-05 9.997E-05 9.997E-05 0.9996 9.997E-05
0.114314 9.99736E-05 9.99736E-05 0.885386 9.99736E-05
9.99736E-05 9.99736E-05 0.0451081 0.954592 9.99736E-05
0.0884343 9.99912E-05 0.0877416 0.751339 0.0723855
9.99824E-05 9.99824E-05 0.147689 0.75215 0.0999613
9.99736E-05 9.99736E-05 9.99736E-05 0.955365 0.0443352
9.997E-05 9.997E-05 9.997E-05 0.9996 9.997E-05
9.99736E-05 9.99736E-05 0.00612109 0.993579 9.99736E-05
9.99824E-05 9.99824E-05 0.0101048 0.860045 0.12965
9.99736E-05 9.99736E-05 9.99736E-05 0.817136 0.182564
9.99737E-05 9.99737E-05 0.0480045 0.951696 9.99737E-05
9.997E-05 9.997E-05 9.997E-05 0.9996 9.997E-05
0.131153 9.99824E-05 9.99824E-05 0.71214 0.156507
9.99825E-05 9.99825E-05 0.0900825 0.829677 0.0800404
0.132432 9.99824E-05 0.0189838 0.848384 9.99824E-05
9.99737E-05 9.99737E-05 9.99737E-05 0.88611 0.11359
0.0598688 9.99825E-05 0.0954865 0.844445 9.99825E-05
0.0509469 9.99824E-05 0.0396062 0.909247 9.99824E-05
9.997E-05 9.997E-05 9.997E-05 0.9996 9.997E-05
9.997E-05 9.997E-05 9.997E-05 0.9996 9.997E-05
9.99824E-05 9.99824E-05 0.00425526 0.969432 0.0261125
9.99737E-05 9.99737E-05 9.99737E-05 0.986289 0.0134108
9.99824E-05 9.99824E-05 0.0355742 0.928141 0.0360846
0.0119719 9.99737E-05 9.99737E-05 0.987728 9.99737E-05
0.310784 9.99824E-05 9.99824E-05 0.634495 0.0545217
9.997E-05 9.997E-05 9.997E-05 0.9996 9.997E-05
9.99824E-05 9.99824E-05 0.0261039 0.962467 0.0112291
0.139974 9.99824E-05 9.99824E-05 0.826801 0.0330244
9.997E-05 9.997E-05 9.997E-05 0.9996 9.997E-05
0.266392 9.99737E-05 9.99737E-05 0.733308 9.99737E-05
9.997E-05 9.997E-05 9.997E-05 0.9996 9.997E-05
9.99738E-05 9.99738E-05 9.99738E-05 0.963658 0.0360419
9.997E-05 9.997E-05 9.997E-05 0.9996 9.997E-05
9.997E-05 9.997E-05 9.997E-05 0.9996 9.997E-05
9.997E-05 9.997E-05 9.997E-05 0.9996 9.997E-05
9.997E-05 9.997E-05 9.997E-05 0.9996 9.997E-05
9.997E-05 9.997E-05 9.997E-05 0.9996 9.997E-05
9.99825E-05 0.138374 0.00779737 0.853628 9.99825E-05
9.99824E-05 9.99824E-05 0.0384915 0.851646 0.109663
9.99736E-05 9.99736E-05 0.102629 0.897071 9.99736E-05
9.997E-05 9.997E-05 9.997E-05 0.9996 9.997E-05
9.997E-05 9.997E-05 9.997E-05 0.9996 9.997E-05
9.997E-05 9.997E-05 9.997E-05 0.9996 9.997E-05
9.99824E-05 9.99824E-05 0.10146 0.871172 0.0271676
9.99737E-05 9.99737E-05 0.119068 0.880632 9.99737E-05
9.99737E-05 9.99737E-05 0.0324639 0.967236 9.99737E-05
9.99825E-05 0.227127 0.0220924 0.75058 9.99825E-05
9.99736E-05 9.99736E-05 0.00221746 0.997483 9.99736E-05
0.0581369 9.99912E-05 0.0606923 0.760422 0.120649
9.997E-05 9.997E-05 9.997E-05 0.9996 9.997E-05
9.997E-05 9.997E-05 9.997E-05 0.9996 9.997E-05
9.99737E-05 0.128852 9.99737E-05 0.870848 9.99737E-05
9.99737E-05 9.99737E-05 9.99737E-05 0.951503 0.0481968
9.997E-05 9.997E-05 9.997E-05 0.9996 9.997E-05
9.997E-05 9.997E-05 9.997E-05 0.9996 9.997E-05
0.0893077 9.99824E-05 0.0307026 0.87979 9.99824E-05
0.17092 9.99912E-05 0.0358978 0.61054 0.182543
9.99737E-05 0.0947735 9.99737E-05 0.904927 9.99737E-05
9.99737E-05 9.99737E-05 9.99737E-05 0.956739 0.0429607
9.99736E-05 9.99736E-05 0.168625 0.831075 9.99736E-05
9.997E-05 9.997E-05 9.997E-05 0.9996 9.997E-05
9.99736E-05 9.99736E-05 9.99736E-05 0.811755 0.187945
9.99736E-05 9.99736E-05 9.99736E-05 0.986836 0.0128642
0.024117 9.99912E-05 0.0562528 0.852486 0.0670446
9.99736E-05 9.99736E-05 0.121754 0.877946 9.99736E-05
9.99737E-05 9.99737E-05 0.201797 0.797903 9.99737E-05
9.99736E-05 9.99736E-05 9.99736E-05 0.906331 0.0933696
9.997E-05 9.997E-05 9.997E-05 0.9996 9.997E-05
9.99824E-05 9.99824E-05 0.116818 0.737933 0.14505
9.997E-05 9.997E-05 9.997E-05 0.9996 9.997E-05
9.99825E-05 0.0441747 9.99825E-05 0.953249 0.00237633
0.226534 9.99824E-05 0.0277171 0.745549 9.99824E-05
0.0104405 9.99824E-05 9.99824E-05 0.814079 0.175281
9.99737E-05 9.99737E-05 9.99737E-05 0.922786 0.076914
9.99736E-05 9.99736E-05 0.0685018 0.931198 9.99736E-05
0.199003 9.99912E-05 0.047516 0.583234 0.170147
9.99737E-05 9.99737E-05 0.0541166 0.945583 9.99737E-05
9.99824E-05 9.99824E-05 0.213825 0.71458 0.0713949
9.99737E-05 0.0532457 9.99737E-05 0.946454 9.99737E-05
9.99737E-05 0.0188059 9.99737E-05 0.980894 9.99737E-05
9.997E-05 9.997E-05 9.997E-05 0.9996 9.997E-05
9.99824E-05 9.99824E-05 0.0055588 0.765469 0.228773
9.997E-05 9.997E-05 9.997E-05 0.9996 9.997E-05
9.99738E-05 0.0443275 9.99738E-05 0.955373 9.99738E-05
9.99824E-05 9.99824E-05 0.0804278 0.874516 0.0448563
9.99737E-05 9.99737E-05 0.0413856 0.958315 9.99737E-05
9.99737E-05 9.99737E-05 0.0286035 0.971097 9.99737E-05
9.997E-05 9.997E-05 9.997E-05 0.9996 9.997E-05
0.196196 9.99824E-05 0.119916 0.683688 9.99824E-05
9.99824E-05 9.99824E-05 0.181119 0.724166 0.0945151
9.997E-05 9.997E-05 9.997E-05 0.9996 9.997E-05
9.99736E-05 9.99736E-05 0.0085142 0.991186 9.99736E-05
9.99824E-05 9.99824E-05 0.0735503 0.751457 0.174792
9.99737E-05 9.99737E-05 0.0566411 0.943059 9.99737E-05
0.180034 9.99824E-05 0.0613797 0.758386 9.99824E-05
9.99736E-05 9.99736E-05 9.99736E-05 0.826305 0.173395
9.99824E-05 9.99824E-05 0.105711 0.729685 0.164404
9.99736E-05 9.99736E-05 0.0746211 0.925079 9.99736E-05
0.148452 9.99912E-05 0.00632872 0.791557 0.0535628
9.997E-05 9.997E-05 9.997E-05 0.9996 9.997E-05
9.99736E-05 9.99736E-05 9.99736E-05 0.803603 0.196097
9.99825E-05 9.99825E-05 0.0955255 0.902374 0.00190081
9.99738E-05 0.0254045 9.99738E-05 0.974296 9.99738E-05
0.058859 9.99912E-05 0.00514963 0.811982 0.123909
0.0516181 9.99824E-05 0.0268722 0.92131 9.99824E-05
0.325433 0.0163811 9.99824E-05 0.657986 9.99824E-05
0.263185 9.99824E-05 9.99824E-05 0.698137 0.0384778
0.284842 9.99737E-05 9.99737E-05 0.714858 9.99737E-05
0.212451 0.0624202 9.99825E-05 0.724929 9.99825E-05
0.186878 9.99825E-05 9.99825E-05 0.630059 0.182863
0.00337547 0.28124 0.0205176 0.624535 0.0703315
0.0341809 9.99824E-05 9.99824E-05 0.912862 0.0527572
0.300676 9.99737E-05 9.99737E-05 0.699024 9.99737E-05
0.146968 0.314075 9.99912E-05 0.473257 0.0656001
0.206147 9.99736E-05 9.99736E-05 0.793553 9.99736E-05
0.10868 9.99912E-05 0.0537678 0.649902 0.187551
9.99824E-05 0.293828 0.125236 0.580736 9.99824E-05
0.302625 0.0152231 9.99824E-05 0.681952 9.99824E-05
9.99737E-05 0.441072 9.99737E-05 0.558628 9.99737E-05
0.0466355 0.0780798 0.0130207 0.692059 0.170205
0.192143 0.0722171 9.99824E-05 0.73544 9.99824E-05
0.18454 0.13513 9.99824E-05 0.680129 9.99824E-05
0.121459 0.190378 0.0108587 0.677205 9.99912E-05
0.0741541 0.0652316 0.101115 0.634271 0.125228
0.181001 0.0659588 9.99824E-05 0.752841 9.99824E-05
0.112129 9.99824E-05 9.99824E-05 0.76756 0.120111
0.202423 0.169287 9.99824E-05 0.62809 9.99824E-05
9.99912E-05 0.155115 0.117848 0.617081 0.109857
9.99737E-05 9.99737E-05 9.99737E-05 0.918184 0.0815166
9.99824E-05 9.99824E-05 0.0540377 0.939784 0.00597866
9.997E-05 9.997E-05 9.997E-05 0.9996 9.997E-05
0.0728413 9.99736E-05 9.99736E-05 0.926859 9.99736E-05
0.0405361 9.99737E-05 9.99737E-05 0.959164 9.99737E-05
9.997E-05 9.997E-05 9.997E-05 0.9996 9.997E-05
9.99737E-05 9.99737E-05 9.99737E-05 0.983595 0.0161055
9.997E-05 9.997E-05 9.997E-05 0.9996 9.997E-05
9.99824E-05 9.99824E-05 0.0438701 0.884835 0.0710948
9.99824E-05 9.99824E-05 0.0493684 0.846392 0.104039
9.99736E-05 9.99736E-05 9.99736E-05 0.950126 0.0495737
9.99737E-05 9.99737E-05 0.0395252 0.960175 9.99737E-05
9.99736E-05 9.99736E-05 9.99736E-05 0.941558 0.058142
9.997E-05 9.997E-05 9.997E-05 0.9996 9.997E-05
9.997E-05 9.997E-05 9.997E-05 0.9996 9.997E-05
9.997E-05 9.997E-05 9.997E-05 0.9996 9.997E-05
9.997E-05 9.997E-05 9.997E-05 0.9996 9.997E-05
9.997E-05 9.997E-05 9.997E-05 0.9996 9.997E-05
9.997E-05 9.997E-05 9.997E-05 0.9996 9.997E-05
9.99737E-05 9.99737E-05 9.99737E-05 0.961269 0.0384311
9.997E-05 9.997E-05 9.997E-05 0.9996 9.997E-05
9.997E-05 9.997E-05 9.997E-05 0.9996 9.997E-05
9.997E-05 9.997E-05 9.997E-05 0.9996 9.997E-05
9.99737E-05 9.99737E-05 0.0843132 0.915387 9.99737E-05
0.00786508 9.99737E-05 9.99737E-05 0.991835 9.99737E-05
9.997E-05 9.997E-05 9.997E-05 0.9996 9.997E-05
0.144854 9.99736E-05 9.99736E-05 0.854846 9.99736E-05
0.010316 9.99824E-05 0.00148302 0.988001 9.99824E-05
9.997E-05 9.997E-05 9.997E-05 0.9996 9.997E-05
9.997E-05 9.997E-05 9.997E-05 0.9996 9.997E-05
9.99737E-05 9.99737E-05 9.99737E-05 0.956461 0.0432394
0.0514113 9.99824E-05 0.0374082 0.910981 9.99824E-05
9.997E-05 9.997E-05 9.997E-05 0.9996 9.997E-05
9.997E-05 9.997E-05 9.997E-05 0.9996 9.997E-05
9.99737E-05 9.99737E-05 9.99737E-05 0.960184 0.0395157
9.997E-05 9.997E-05 9.997E-05 0.9996 9.997E-05
9.997E-05 9.997E-05 9.997E-05 0.9996 9.997E-05
9.99737E-05 9.99737E-05 9.99737E-05 0.916814 0.0828857
0.044043 9.99736E-05 9.99736E-05 0.955657 9.99736E-05
9.997E-05 9.997E-05 9.997E-05 0.9996 9.997E-05
9.997E-05 9.997E-05 9.997E-05 0.9996 9.997E-05
9.99737E-05 0.0307373 9.99737E-05 0.968963 9.99737E-05
9.99824E-05 9.99824E-05 0.00982871 0.930079 0.0598921
9.99736E-05 9.99736E-05 9.99736E-05 0.968629 0.0310715
0.376908 0.17247 0.0773479 0.216272 0.157002
0.629704 0.0897557 9.99825E-05 0.28034 9.99825E-05
0.319189 9.99825E-05 9.99825E-05 0.431527 0.249084
0.460905 0.154322 9.99912E-05 0.270565 0.114108
0.441249 0.0734167 9.99912E-05 0.405113 0.080122
0.373169 0.0844528 9.99912E-05 0.336186 0.206093
0.435086 0.142778 9.99912E-05 0.318659 0.103378
0.416216 0.0708205 9.99912E-05 0.435887 0.0769758
0.395321 0.0662698 9.99912E-05 0.446587 0.0917222
0.0186777 0.1571 0.0447202 0.295358 0.484144
0.398786 9.99824E-05 9.99824E-05 0.416987 0.184026
0.473344 0.0272113 9.99912E-05 0.352788 0.146556
0.337003 0.166859 9.99912E-05 0.338855 0.157183
0.395493 0.139175 9.99912E-05 0.298315 0.166916
0.602455 0.143365 9.99912E-05 0.18497 0.0691101
0.385356 0.0165779 9.99912E-05 0.522141 0.0758254
0.434101 0.119146 9.99912E-05 0.355785 0.0908677
0.495882 0.0288753 9.99912E-05 0.409929 0.0652136
0.285062 0.0800896 9.99912E-05 0.403239 0.231509
0.29823 0.17494 9.99912E-05 0.290924 0.235807
9.997E-05 9.997E-05 9.997E-05 9.997E-05 0.9996
9.997E-05 9.997E-05 9.997E-05 9.997E-05 0.9996
9.997E-05 9.997E-05 9.997E-05 9.997E-05 0.9996
9.997E-05 9.997E-05 9.997E-05 9.997E-05 0.9996
9.997E-05 9.997E-05 9.997E-05 9.997E-05 0.9996
9.997E-05 9.997E-05 9.997E-05 9.997E-05 0.9996
9.997E-05 9.997E-05 9.997E-05 9.997E-05 0.9996
9.997E-05 9.997E-05 9.997E-05 9.997E-05 0.9996
9.997E-05 9.997E-05 9.997E-05 9.997E-05 0.9996
9.997E-05 9.997E-05 9.997E-05 9.997E-05 0.9996
9.997E-05 9.997E-05 9.997E-05 9.997E-05 0.9996
9.997E-05 9.997E-05 9.997E-05 9.997E-05 0.9996
9.997E-05 9.997E-05 9.997E-05 9.997E-05 0.9996
9.997E-05 9.997E-05 9.997E-05 9.997E-05 0.9996
9.997E-05 9.997E-05 9.997E-05 9.997E-05 0.9996
9.997E-05 9.997E-05 9.997E-05 9.997E-05 0.9996
9.99736E-05 9.99736E-05 0.0466768 9.99736E-05 0.953023
9.997E-05 9.997E-05 9.997E-05 9.997E-05 0.9996
9.997E-05 9.997E-05 9.997E-05 9.997E-05 0.9996
9.997E-05 9.997E-05 9.997E-05 9.997E-05 0.9996
9.99736E-05 9.99736E-05 0.0791374 9.99736E-05 0.920563
9.997E-05 9.997E-05 9.997E-05 9.997E-05 0.9996
9.997E-05 9.997E-05 9.997E-05 9.997E-05 0.9996
9.997E-05 9.997E-05 9.997E-05 9.997E-05 0.9996
9.997E-05 9.997E-05 9.997E-05 9.997E-05 0.9996
9.997E-05 9.997E-05 9.997E-05 9.997E-05 0.9996
9.997E-05 9.997E-05 9.997E-05 9.997E-05 0.9996
9.997E-05 9.997E-05 9.997E-05 9.997E-05 0.9996
9.997E-05 9.997E-05 9.997E-05 9.997E-05 0.9996
9.997E-05 9.997E-05 9.997E-05 9.997E-05 0.9996
9.997E-05 9.997E-05 9.997E-05 9.997E-05 0.9996
9.997E-05 9.997E-05 9.997E-05 9.997E-05 0.9996
9.997E-05 9.997E-05 9.997E-05 9.997E-05 0.9996
9.997E-05 9.997E-05 9.997E-05 9.997E-05 0.9996
9.997E-05 9.997E-05 9.997E-05 9.997E-05 0.9996
9.997E-05 9.997E-05 9.997E-05 9.997E-05 0.9996
9.997E-05 9.997E-05 9.997E-05 9.997E-05 0.9996
9.997E-05 9.997E-05 9.997E-05 9.997E-05 0.9996
9.997E-05 9.997E-05 9.997E-05 9.997E-05 0.9996
9.997E-05 9.997E-05 9.997E-05 9.997E-05 0.9996
9.997E-05 9.997E-05 9.997E-05 9.997E-05 0.9996
9.997E-05 9.997E-05 9.997E-05 9.997E-05 0.9996
9.997E-05 9.997E-05 9.997E-05 9.997E-05 0.9996
9.997E-05 9.997E-05 9.997E-05 9.997E-05 0.9996
9.997E-05 9.997E-05 9.997E-05 9.997E-05 0.9996
9.997E-05 9.997E-05 9.997E-05 9.997E-05 0.9996
9.997E-05 9.997E-05 9.997E-05 9.997E-05 0.9996
9.997E-05 9.997E-05 9.997E-05 9.997E-05 0.9996
9.997E-05 9.997E-05 9.997E-05 9.997E-05 0.9996
9.997E-05 9.997E-05 9.997E-05 9.997E-05 0.9996
9.997E-05 9.997E-05 9.997E-05 9.997E-05 0.9996
9.997E-05 9.997E-05 9.997E-05 9.997E-05 0.9996
9.997E-05 9.997E-05 9.997E-05 9.997E-05 0.9996
9.997E-05 9.997E-05 9.997E-05 9.997E-05 0.9996
9.997E-05 9.997E-05 9.997E-05 9.997E-05 0.9996
9.997E-05 9.997E-05 9.997E-05 9.997E-05 0.9996
9.997E-05 9.997E-05 9.997E-05 9.997E-05 0.9996
9.997E-05 9.997E-05 9.997E-05 9.997E-05 0.9996
9.997E-05 9.997E-05 9.997E-05 9.997E-05 0.9996
9.997E-05 9.997E-05 9.997E-05 9.997E-05 0.9996
9.997E-05 9.997E-05 9.997E-05 9.997E-05 0.9996
9.997E-05 9.997E-05 9.997E-05 9.997E-05 0.9996
9.997E-05 9.997E-05 9.997E-05 9.997E-05 0.9996
9.997E-05 9.997E-05 9.997E-05 9.997E-05 0.9996
9.997E-05 9.997E-05 9.997E-05 9.997E-05 0.9996
9.997E-05 9.997E-05 9.997E-05 9.997E-05 0.9996
9.997E-05 9.997E-05 9.997E-05 9.997E-05 0.9996
9.997E-05 9.997E-05 9.997E-05 9.997E-05 0.9996
9.997E-05 9.997E-05 9.997E-05 9.997E-05 0.9996
9.997E-05 9.997E-05 9.997E-05 9.997E-05 0.9996
9.997E-05 9.997E-05 9.997E-05 9.997E-05 0.9996
9.997E-05 9.997E-05 9.997E-05 9.997E-05 0.9996
9.997E-05 9.997E-05 9.997E-05 9.997E-05 0.9996
9.997E-05 9.997E-05 9.997E-05 9.997E-05 0.9996
9.997E-05 9.997E-05 9.997E-05 9.997E-05 0.9996
9.997E-05 9.997E-05 9.997E-05 9.997E-05 0.9996
9.997E-05 9.997E-05 9.997E-05 9.997E-05 0.9996
0.104155 9.99736E-05 9.99736E-05 9.99736E-05 0.895545
0.00617961 9.99736E-05 9.99736E-05 9.99736E-05 0.99352
9.997E-05 9.997E-05 9.997E-05 9.997E-05 0.9996
9.997E-05 9.997E-05 9.997E-05 9.997E-05 0.9996
0.124281 9.99736E-05 9.99736E-05 9.99736E-05 0.875419
0.0657188 9.99736E-05 9.99736E-05 9.99736E-05 0.933981
9.997E-05 9.997E-05 9.997E-05 9.997E-05 0.9996
9.997E-05 9.997E-05 9.997E-05 9.997E-05 0.9996
0.00784951 9.99736E-05 9.99736E-05 9.99736E-05 0.991851
9.997E-05 9.997E-05 9.997E-05 9.997E-05 0.9996
9.997E-05 9.997E-05 9.997E-05 9.997E-05 0.9996
9.997E-05 9.997E-05 9.997E-05 9.997E-05 0.9996
9.99777E-05 9.99777E-05 0.058452 9.99777E-05 0.941248
9.997E-05 9.997E-05 9.997E-05 9.997E-05 0.9996
9.997E-05 9.997E-05 9.997E-05 9.997E-05 0.9996
9.997E-05 9.997E-05 9.997E-05 9.997E-05 0.9996
9.997E-05 9.997E-05 9.997E-05 9.997E-05 0.9996
9.997E-05 9.997E-05 9.997E-05 9.997E-05 0.9996
9.997E-05 9.997E-05 9.997E-05 9.997E-05 0.9996
9.99736E-05 9.99736E-05 0.00591277 9.99736E-05 0.993787
0.0659588 9.99824E-05 0.0141543 9.99824E-05 0.919687
9.997E-05 9.997E-05 9.997E-05 9.997E-05 0.9996
0.0307161 9.99736E-05 9.99736E-05 9.99736E-05 0.968984
9.997E-05 9.997E-05 9.997E-05 9.997E-05 0.9996
0.09038 9.99736E-05 9.99736E-05 9.99736E-05 0.90932
9.997E-05 9.997E-05 9.997E-05 9.997E-05 0.9996
9.997E-05 9.997E-05 9.997E-05 9.997E-05 0.9996
0.0226215 9.99736E-05 9.99736E-05 9.99736E-05 0.977079
9.997E-05 9.997E-05 9.997E-05 9.997E-05 0.9996
9.997E-05 9.997E-05 9.997E-05 9.997E-05 0.9996
9.997E-05 9.997E-05 9.997E-05 9.997E-05 0.9996
9.997E-05 9.997E-05 9.997E-05 9.997E-05 0.9996
9.997E-05 9.997E-05 9.997E-05 9.997E-05 0.9996
9.997E-05 9.997E-05 9.997E-05 9.997E-05 0.9996
9.997E-05 9.997E-05 9.997E-05 9.997E-05 0.9996
0.0159796 9.99736E-05 9.99736E-05 9.99736E-05 0.983721
9.997E-05 9.997E-05 9.997E-05 9.997E-05 0.9996
9.99736E-05 9.99736E-05 0.00207406 9.99736E-05 0.997626
9.997E-05 9.997E-05 9.997E-05 9.997E-05 0.9996
9.997E-05 9.997E-05 9.997E-05 9.997E-05 0.9996
0.00715001 9.99736E-05 9.99736E-05 9.99736E-05 0.99255
9.997E-05 9.997E-05 9.997E-05 9.997E-05 0.9996
0.0172724 9.99824E-05 0.00184719 9.99824E-05 0.98068
9.997E-05 9.997E-05 9.997E-05 9.997E-05 0.9996
9.997E-05 9.997E-05 9.997E-05 9.997E-05 0.9996
9.997E-05 9.997E-05 9.997E-05 9.997E-05 0.9996
9.99736E-05 9.99736E-05 0.0492574 9.99736E-05 0.950443
9.997E-05 9.997E-05 9.997E-05 9.997E-05 0.9996
9.997E-05 9.997E-05 9.997E-05 9.997E-05 0.9996
9.997E-05 9.997E-05 9.997E-05 9.997E-05 0.9996
0.00914664 9.99824E-05 9.99824E-05 0.00493061 0.985723
9.997E-05 9.997E-05 9.997E-05 9.997E-05 0.9996
0.0293713 9.99736E-05 9.99736E-05 9.99736E-05 0.970329
0.260527 9.99824E-05 0.1604 9.99824E-05 0.578874
0.422483 9.99824E-05 0.101038 9.99824E-05 0.476279
9.99737E-05 9.99737E-05 0.186404 9.99737E-05 0.813296
0.118879 9.99824E-05 0.163973 9.99824E-05 0.716947
0.272097 9.99824E-05 0.179727 9.99824E-05 0.547976
0.274768 9.99824E-05 0.151236 9.99824E-05 0.573796
0.280851 9.99824E-05 0.0598948 9.99824E-05 0.659055
9.99737E-05 9.99737E-05 0.352597 9.99737E-05 0.647103
0.354324 9.99824E-05 0.221492 9.99824E-05 0.423983
0.381922 9.99824E-05 0.128088 9.99824E-05 0.489789
0.293413 9.99824E-05 0.199402 9.99824E-05 0.506985
0.491425 9.99737E-05 9.99737E-05 9.99737E-05 0.508275
9.99736E-05 9.99736E-05 0.203273 9.99736E-05 0.796427
9.99737E-05 9.99737E-05 0.186751 9.99737E-05 0.812949
9.99736E-05 9.99736E-05 0.158281 9.99736E-05 0.841419
9.99736E-05 9.99736E-05 0.0951621 9.99736E-05 0.904538
9.99736E-05 9.99736E-05 0.165093 9.99736E-05 0.834607
0.744553 9.99824E-05 0.0430633 9.99824E-05 0.212183
0.583955 9.99824E-05 0.163895 9.99824E-05 0.25195
0.746655 9.99736E-05 9.99736E-05 9.99736E-05 0.253045
0.922814 9.99736E-05 9.99736E-05 9.99736E-05 0.0768858
0.694525 9.99824E-05 0.0558684 9.99824E-05 0.249407
0.878376 9.99736E-05 9.99736E-05 9.99736E-05 0.121324
0.960666 9.99736E-05 0.0390338 9.99736E-05 9.99736E-05
0.9996 9.997E-05 9.997E-05 9.997E-05 9.997E-05
0.854965 9.99737E-05 0.144736 9.99737E-05 9.99737E-05
0.668617 9.99824E-05 0.0541832 9.99824E-05 0.277
0.68875 9.99824E-05 0.286321 0.0247296 9.99824E-05
0.938115 9.99736E-05 9.99736E-05 9.99736E-05 0.0615854
0.418968 9.99912E-05 0.427196 0.0909664 0.0627698
0.499339 9.99825E-05 0.380369 9.99825E-05 0.120092
0.589887 9.99824E-05 0.284542 9.99824E-05 0.125371
0.713476 9.99825E-05 0.197288 9.99825E-05 0.0890357
0.60446 9.99824E-05 0.30242 9.99824E-05 0.0929205
0.918297 9.99824E-05 0.0580335 9.99824E-05 0.0234693
0.595735 9.99824E-05 0.038099 9.99824E-05 0.365966
0.435314 9.99824E-05 0.456559 9.99824E-05 0.107927
0.403565 9.99824E-05 0.420691 9.99824E-05 0.175544
0.762937 9.99736E-05 0.236763 9.99736E-05 9.99736E-05
0.400693 9.99824E-05 0.448785 9.99824E-05 0.150322
0.9996 9.997E-05 9.997E-05 9.997E-05 9.997E-05
0.676562 9.99824E-05 0.0889276 9.99824E-05 0.234311
0.589589 9.99824E-05 0.162742 9.99824E-05 0.247469
0.721069 9.99736E-05 9.99736E-05 9.99736E-05 0.278631
0.710109 9.99736E-05 9.99736E-05 9.99736E-05 0.289591
0.776676 9.99824E-05 0.13724 9.99824E-05 0.0858841
0.704249 9.99824E-05 0.290569 9.99824E-05 0.00498145
0.858923 9.99824E-05 0.0796845 9.99824E-05 0.0611921
0.583128 9.99912E-05 0.155849 0.0421831 0.21874
0.62657 9.99912E-05 0.0666762 0.0340116 0.272643
0.818256 9.99824E-05 0.156766 9.99824E-05 0.0247782
0.665898 9.99824E-05 0.330696 9.99824E-05 0.00320599
0.771465 9.99824E-05 0.17693 9.99824E-05 0.051405
0.801269 9.99824E-05 0.163231 9.99824E-05 0.0352995
0.805385 9.99824E-05 0.0679175 9.99824E-05 0.126497
0.466718 9.99824E-05 0.52564 9.99824E-05 0.00744241
0.730398 9.99824E-05 0.0346934 9.99824E-05 0.234708
0.708731 9.99824E-05 9.99824E-05 0.0482256 0.242843
0.90837 9.99736E-05 0.0913298 9.99736E-05 9.99736E-05
0.92872 9.99824E-05 0.0564645 9.99824E-05 0.0146157
0.985798 9.99824E-05 9.99824E-05 0.00699211 0.00701004
0.783296 9.99824E-05 0.122857 9.99824E-05 0.0936474
0.873467 9.99736E-05 9.99736E-05 9.99736E-05 0.126233
0.727113 9.99736E-05 0.272588 9.99736E-05 9.99736E-05
0.298943 9.99825E-05 0.420893 9.99825E-05 0.279964
0.801147 9.99824E-05 0.0600881 9.99824E-05 0.138565
0.857196 9.99736E-05 0.142504 9.99736E-05 9.99736E-05
0.830448 9.99824E-05 9.99824E-05 0.0632406 0.106111
0.854074 9.99824E-05 9.99824E-05 0.0713974 0.0743283
0.742761 9.99824E-05 0.141293 9.99824E-05 0.115746
0.854751 9.99824E-05 0.0953267 9.99824E-05 0.0497219
0.693249 9.99824E-05 9.99824E-05 0.191196 0.115355
0.447192 9.99912E-05 0.274195 0.0338116 0.244701
0.82395 9.99824E-05 0.157012 9.99824E-05 0.0188379
0.924528 9.99912E-05 0.00625 0.00920323 0.0599188
0.834681 9.99736E-05 0.165019 9.99736E-05 9.99736E-05
0.788675 9.99736E-05 0.211025 9.99736E-05 9.99736E-05
0.802887 9.99824E-05 0.0563593 9.99824E-05 0.140554
0.725677 9.99824E-05 0.0757141 9.99824E-05 0.198409
0.454994 9.99824E-05 0.463424 9.99824E-05 0.0813821
0.735655 9.99824E-05 0.188001 9.99824E-05 0.0761434
0.816472 9.99824E-05 9.99824E-05 0.0677386 0.115589
0.75961 9.99824E-05 0.0269165 9.99824E-05 0.213273
0.87267 9.99824E-05 0.0795731 9.99824E-05 0.0475572
0.808795 9.99824E-05 0.0434869 9.99824E-05 0.147518
0.792379 9.99736E-05 0.207321 9.99736E-05 9.99736E-05
0.7912 9.99824E-05 0.203454 9.99824E-05 0.00514575
0.864327 9.99736E-05 0.135373 9.99736E-05 9.99736E-05
0.816587 9.99824E-05 9.99824E-05 0.0568339 0.126379
0.702039 9.99824E-05 0.198514 9.99824E-05 0.0992463
0.744164 9.99912E-05 0.181894 0.0281143 0.0457284
0.9996 9.997E-05 9.997E-05 9.997E-05 9.997E-05
0.774667 9.99824E-05 0.144297 9.99824E-05 0.0808369
0.824852 9.99824E-05 0.120405 9.99824E-05 0.0545423
0.696574 9.99824E-05 0.165031 9.99824E-05 0.138195
0.597204 9.99824E-05 0.205219 9.99824E-05 0.197377
0.597865 9.99824E-05 0.231802 9.99824E-05 0.170134
0.629042 9.99912E-05 0.184771 0.0964631 0.0896237
0.81088 9.99736E-05 9.99736E-05 9.99736E-05 0.18882
0.825276 9.99824E-05 0.067862 9.99824E-05 0.106663
0.817612 9.99736E-05 0.182088 9.99736E-05 9.99736E-05
0.801995 9.99912E-05 0.141289 0.0131015 0.0435141
0.924175 9.99736E-05 9.99736E-05 9.99736E-05 0.0755253
0.481562 9.99824E-05 0.183323 9.99824E-05 0.334914
0.975382 9.99736E-05 9.99736E-05 9.99736E-05 0.0243184
0.878381 9.99824E-05 0.0696824 9.99824E-05 0.0517371
0.887597 9.99824E-05 9.99824E-05 0.0176201 0.0945833
0.837681 9.99824E-05 0.0605669 9.99824E-05 0.101552
0.820028 9.99736E-05 0.179672 9.99736E-05 9.99736E-05
0.862796 9.99824E-05 0.115103 9.99824E-05 0.021901
0.935586 9.99737E-05 9.99737E-05 9.99737E-05 0.0641142
0.532709 9.99824E-05 0.393712 9.99824E-05 0.0733792
0.392856 9.99824E-05 0.237563 9.99824E-05 0.369382
0.668279 9.99824E-05 0.185345 9.99824E-05 0.146176
0.53837 9.99824E-05 0.19852 9.99824E-05 0.26291
0.53837 9.99824E-05 0.19852 9.99824E-05 0.26291
0.677433 9.99824E-05 0.140955 9.99824E-05 0.181413
0.68352 9.99824E-05 0.168801 9.99824E-05 0.147479
0.709738 9.99824E-05 0.232596 9.99824E-05 0.0574655
0.474229 9.99912E-05 0.251366 0.0577284 0.216577
0.746225 9.99912E-05 0.128656 0.0413914 0.0836283
0.661681 9.99824E-05 0.0550721 9.99824E-05 0.283047
0.940025 9.99736E-05 0.0596756 9.99736E-05 9.99736E-05
0.590827 9.99824E-05 0.162901 9.99824E-05 0.246072
0.86516 9.99825E-05 0.0646878 0.069952 9.99825E-05
0.75328 9.99824E-05 0.0821888 9.99824E-05 0.164331
0.824787 9.99824E-05 0.0862403 9.99824E-05 0.0887725
0.845267 9.99736E-05 9.99736E-05 9.99736E-05 0.154433
0.837443 9.99824E-05 0.0763786 9.99824E-05 0.085978
0.90416 9.99824E-05 0.030521 9.99824E-05 0.0651187
0.780088 9.99736E-05 9.99736E-05 9.99736E-05 0.219612
0.894637 9.99736E-05 0.105063 9.99736E-05 9.99736E-05
0.822883 9.99736E-05 0.176817 9.99736E-05 9.99736E-05
0.888953 9.99736E-05 9.99736E-05 9.99736E-05 0.110747
0.85259 9.99824E-05 0.132533 9.99824E-05 0.0146768
0.862151 9.99737E-05 9.99737E-05 9.99737E-05 0.13755
0.641107 9.99824E-05 0.20479 9.99824E-05 0.153903
0.812529 9.99824E-05 0.12584 9.99824E-05 0.061431
0.609483 9.99737E-05 9.99737E-05 9.99737E-05 0.390218
0.764478 9.99824E-05 0.136126 9.99824E-05 0.0991968
0.338928 9.99824E-05 0.3521 9.99824E-05 0.308773
0.815836 9.99824E-05 0.0899995 9.99824E-05 0.0939643
0.902075 9.99824E-05 0.0839104 9.99824E-05 0.0138142
0.848061 9.99737E-05 0.151639 9.99737E-05 9.99737E-05
0.613533 9.99824E-05 0.138121 9.99824E-05 0.248146
0.752218 9.99824E-05 0.0337485 9.99824E-05 0.213833
0.58025 9.99824E-05 0.0923127 9.99824E-05 0.327238
0.882509 9.99736E-05 0.117191 9.99736E-05 9.99736E-05
0.757166 9.99824E-05 0.154578 9.99824E-05 0.0880566
0.633055 9.99824E-05 0.267148 9.99824E-05 0.0995967
0.848856 9.99824E-05 0.150322 9.99824E-05 0.0006225
0.828489 9.99824E-05 0.145462 9.99824E-05 0.0258487
0.95109 9.99824E-05 0.0334492 9.99824E-05 0.0152607
0.395515 9.99824E-05 0.223024 9.99824E-05 0.381261
0.774411 9.99824E-05 0.163488 9.99824E-05 0.0619017
0.944825 9.99736E-05 9.99736E-05 9.99736E-05 0.0548746
0.861834 9.99736E-05 0.137866 9.99736E-05 9.99736E-05
0.736473 9.99824E-05 0.139841 9.99824E-05 0.123486
0.765711 9.99824E-05 0.056536 9.99824E-05 0.177554
0.56759 9.99824E-05 0.379026 9.99824E-05 0.0531841
0.204006 9.99824E-05 0.635292 9.99824E-05 0.160502
0.422489 9.99912E-05 0.0755017 0.0894992 0.412411
0.460735 9.99824E-05 0.295288 9.99824E-05 0.243777
0.312841 9.99824E-05 0.562995 9.99824E-05 0.123965
0.290421 9.99824E-05 0.302127 9.99824E-05 0.407252
0.708827 9.99736E-05 9.99736E-05 9.99736E-05 0.290873
0.544239 9.99824E-05 0.207353 9.99824E-05 0.248208
0.223161 9.99824E-05 0.278235 9.99824E-05 0.498404
0.477414 9.99824E-05 0.254342 9.99824E-05 0.268045
0.464593 9.99824E-05 0.269906 9.99824E-05 0.2653
0.460639 9.99824E-05 0.280525 9.99824E-05 0.258636
0.449971 9.99824E-05 0.0462409 9.99824E-05 0.503588
0.494249 9.99824E-05 0.31646 9.99824E-05 0.189091
0.365113 9.99824E-05 0.556335 9.99824E-05 0.0783516
0.38992 9.99824E-05 0.286486 9.99824E-05 0.323393
0.535314 9.99824E-05 0.194428 9.99824E-05 0.270058
0.534391 9.99824E-05 0.210574 9.99824E-05 0.254835
0.200515 9.99824E-05 0.186526 9.99824E-05 0.612759
0.455746 9.99824E-05 0.513416 9.99824E-05 0.0306378
0.633309 9.99824E-05 0.344023 9.99824E-05 0.0224682
0.429973 9.99824E-05 0.235898 9.99824E-05 0.333929
0.511181 9.99824E-05 0.281348 9.99824E-05 0.207271
0.454999 9.99824E-05 0.27821 9.99824E-05 0.266591
0.206365 9.99824E-05 0.28712 9.99824E-05 0.506315
0.499522 9.99824E-05 0.167463 9.99824E-05 0.332815
9.99736E-05 9.99736E-05 0.207683 9.99736E-05 0.792017
0.502009 9.99824E-05 0.291929 9.99824E-05 0.205862
9.99737E-05 9.99737E-05 0.342056 9.99737E-05 0.657644
0.644079 9.99824E-05 0.320499 9.99824E-05 0.0352227
0.963152 9.99738E-05 9.99738E-05 0.036548 9.99738E-05
0.792134 9.99824E-05 0.117283 9.99824E-05 0.0903832
0.729694 9.99824E-05 0.147083 9.99824E-05 0.123022
0.851552 9.99736E-05 0.148148 9.99736E-05 9.99736E-05
0.690315 9.99824E-05 0.0871977 9.99824E-05 0.222287
0.743597 9.99912E-05 0.0442395 0.098091 0.113973
0.503683 9.99824E-05 0.213874 9.99824E-05 0.282243
0.564246 9.99824E-05 0.230924 9.99824E-05 0.20463
0.647034 9.99824E-05 0.0772737 9.99824E-05 0.275492
0.755985 9.99824E-05 0.129358 9.99824E-05 0.114457
0.890684 9.99824E-05 0.0328248 9.99824E-05 0.0762911
0.854422 9.99824E-05 0.133061 9.99824E-05 0.0123169
0.915445 9.99736E-05 0.0842551 9.99736E-05 9.99736E-05
0.834657 9.99824E-05 0.0688894 9.99824E-05 0.0962539
0.804442 9.99824E-05 0.128101 9.99824E-05 0.0672566
0.856389 9.99737E-05 0.143311 9.99737E-05 9.99737E-05
0.782017 9.99736E-05 0.217683 9.99736E-05 9.99736E-05
0.37612 9.99825E-05 0.227193 9.99825E-05 0.396486
0.905255 9.99736E-05 0.094445 9.99736E-05 9.99736E-05
0.891133 9.99824E-05 0.101461 0.00720586 9.99824E-05
0.725314 9.99736E-05 9.99736E-05 9.99736E-05 0.274386
0.886208 9.99824E-05 0.11074 0.0028514 9.99824E-05
