9.98333E-05 0.188895 9.98333E-05 9.98333E-05 9.98333E-05 0.0321666 9.98333E-05 9.98333E-05 9.98333E-05 9.98333E-05 9.98333E-05 9.98333E-05 9.98333E-05 9.98333E-05 0.257516 9.98333E-05 9.98333E-05 0.388588 9.98333E-05 0.0261295 9.98333E-05 0.0850012 9.98333E-05 0.0198072 9.98333E-05 9.98333E-05
9.98159E-05 9.98159E-05 9.98159E-05 9.98159E-05 9.98159E-05 9.98159E-05 9.98159E-05 9.98159E-05 9.98159E-05 9.98159E-05 9.98159E-05 0.391702 9.98159E-05 9.98159E-05 9.98159E-05 9.98159E-05 9.98159E-05 0.28032 9.98159E-05 9.98159E-05 9.98159E-05 0.010957 0.230432 0.0844932 9.98159E-05 9.98159E-05
9.97809E-05 9.97809E-05 9.97809E-05 9.97809E-05 9.97809E-05 9.97809E-05 9.97809E-05 9.97809E-05 9.97809E-05 9.97809E-05 9.97809E-05 0.997505 9.97809E-05 9.97809E-05 9.97809E-05 9.97809E-05 9.97809E-05 9.97809E-05 9.97809E-05 9.97809E-05 9.97809E-05 9.97809E-05 9.97809E-05 9.97809E-05 9.97809E-05 9.97809E-05
9.98509E-05 0.0964587 9.98509E-05 9.98509E-05 9.98509E-05 0.0491849 9.98509E-05 9.98509E-05 9.98509E-05 0.0941949 9.98509E-05 9.98509E-05 9.98509E-05 9.98509E-05 0.153816 0.00387585 0.151882 0.243299 9.98509E-05 0.0731392 9.98509E-05 0.132453 9.98509E-05 9.98509E-05 9.98509E-05 9.98509E-05
9.97984E-05 9.97984E-05 9.97984E-05 9.97984E-05 9.97984E-05 9.97984E-05 9.97984E-05 9.97984E-05 9.97984E-05 9.97984E-05 9.97984E-05 9.97984E-05 9.97984E-05 0.0531744 9.97984E-05 9.97984E-05 9.97984E-05 0.880561 9.97984E-05 9.97984E-05 0.0639687 9.97984E-05 9.97984E-05 9.97984E-05 9.97984E-05 9.97984E-05
9.98334E-05 9.98334E-05 0.00884333 9.98334E-05 9.98334E-05 0.0961447 9.98334E-05 9.98334E-05 9.98334E-05 9.98334E-05 9.98334E-05 0.233892 9.98334E-05 0.12238 0.429448 9.98334E-05 0.0567758 9.98334E-05 9.98334E-05 9.98334E-05 0.0506201 9.98334E-05 9.98334E-05 9.98334E-05 9.98334E-05 9.98334E-05
9.98511E-05 0.197988 0.0844943 9.98511E-05 9.98511E-05 9.98511E-05 9.98511E-05 9.98511E-05 9.98511E-05 9.98511E-05 9.98511E-05 0.0991886 9.98511E-05 9.98511E-05 0.198312 9.98511E-05 0.0311991 0.155087 0.101518 0.0743475 9.98511E-05 9.98511E-05 9.98511E-05 0.0561682 9.98511E-05 9.98511E-05
0.138124 0.107487 9.98335E-05 9.98335E-05 0.0453046 0.127083 9.98335E-05 9.98335E-05 9.98335E-05 9.98335E-05 9.98335E-05 9.98335E-05 9.98335E-05 9.98335E-05 0.291506 9.98335E-05 9.98335E-05 0.118985 9.98335E-05 9.98335E-05 0.169614 9.98335E-05 9.98335E-05 9.98335E-05 9.98335E-05 9.98335E-05
9.98334E-05 9.98334E-05 9.98334E-05 9.98334E-05 9.98334E-05 0.190159 9.98334E-05 9.98334E-05 9.98334E-05 0.11026 9.98334E-05 0.11488 9.98334E-05 9.98334E-05 9.98334E-05 0.251176 9.98334E-05 0.119447 0.209326 9.98334E-05 9.98334E-05 9.98334E-05 9.98334E-05 0.00285352 9.98334E-05 9.98334E-05
9.97895E-05 9.97895E-05 9.97895E-05 9.97895E-05 9.97895E-05 9.97895E-05 9.97895E-05 9.97895E-05 9.97895E-05 9.97895E-05 9.97895E-05 9.97895E-05 9.97895E-05 9.97895E-05 9.97895E-05 0.0663231 9.97895E-05 0.931282 9.97895E-05 9.97895E-05 9.97895E-05 9.97895E-05 9.97895E-05 9.97895E-05 9.97895E-05 9.97895E-05
9.98334E-05 0.00231469 9.98334E-05 9.98334E-05 9.98334E-05 0.00982459 9.98334E-05 9.98334E-05 9.98334E-05 9.98334E-05 9.98334E-05 9.98334E-05 9.98334E-05 0.0127102 0.296028 0.112724 9.98334E-05 0.485226 9.98334E-05 0.0792749 9.98334E-05 9.98334E-05 9.98334E-05 9.98334E-05 9.98334E-05 9.98334E-05
9.97807E-05 9.97807E-05 9.97807E-05 9.97807E-05 9.97807E-05 9.97807E-05 9.97807E-05 9.97807E-05 9.97807E-05 9.97807E-05 9.97807E-05 0.997505 9.97807E-05 9.97807E-05 9.97807E-05 9.97807E-05 9.97807E-05 9.97807E-05 9.97807E-05 9.97807E-05 9.97807E-05 9.97807E-05 9.97807E-05 9.97807E-05 9.97807E-05 9.97807E-05
9.97982E-05 0.104433 9.97982E-05 9.97982E-05 9.97982E-05 9.97982E-05 9.97982E-05 9.97982E-05 9.97982E-05 9.97982E-05 9.97982E-05 9.97982E-05 9.97982E-05 9.97982E-05 9.97982E-05 0.0848633 9.97982E-05 0.808408 9.97982E-05 9.97982E-05 9.97982E-05 9.97982E-05 9.97982E-05 9.97982E-05 9.97982E-05 9.97982E-05
0.00216841 0.0441911 9.98422E-05 0.227758 9.98422E-05 9.98422E-05 9.98422E-05 9.98422E-05 0.053493 9.98422E-05 9.98422E-05 0.524988 9.98422E-05 9.98422E-05 9.98422E-05 0.0347747 9.98422E-05 0.100182 9.98422E-05 0.0106477 9.98422E-05 9.98422E-05 9.98422E-05 9.98422E-05 9.98422E-05 9.98422E-05
0.0133641 9.98509E-05 9.98509E-05 9.98509E-05 9.98509E-05 0.105302 9.98509E-05 9.98509E-05 9.98509E-05 9.98509E-05 9.98509E-05 9.98509E-05 9.98509E-05 0.109692 0.284119 0.104334 9.98509E-05 0.272785 0.0110816 9.98509E-05 9.98509E-05 9.98509E-05 9.98509E-05 0.0238916 0.0737328 9.98509E-05
9.98684E-05 0.0463858 9.98684E-05 9.98684E-05 9.98684E-05 0.143096 9.98684E-05 0.102573 0.0472313 0.00693451 9.98684E-05 9.98684E-05 9.98684E-05 9.98684E-05 0.311256 0.0628474 0.0595295 0.158149 9.98684E-05 0.0312744 9.98684E-05 0.0292241 9.98684E-05 9.98684E-05 9.98684E-05 9.98684E-05
9.98422E-05 0.0580732 9.98422E-05 0.0253963 9.98422E-05 9.98422E-05 9.98422E-05 9.98422E-05 9.98422E-05 0.129291 9.98422E-05 0.211811 0.15467 9.98422E-05 9.98422E-05 0.0464817 9.98422E-05 0.347941 9.98422E-05 0.0245383 9.98422E-05 9.98422E-05 9.98422E-05 9.98422E-05 9.98422E-05 9.98422E-05
9.98335E-05 0.115628 9.98335E-05 9.98335E-05 0.0505878 0.0267793 9.98335E-05 9.98335E-05 9.98335E-05 9.98335E-05 0.14434 9.98335E-05 9.98335E-05 9.98335E-05 0.563295 0.0426985 9.98335E-05 0.0547742 9.98335E-05 9.98335E-05 9.98335E-05 9.98335E-05 9.98335E-05 9.98335E-05 9.98335E-05 9.98335E-05
9.98421E-05 0.156196 9.98421E-05 9.98421E-05 9.98421E-05 0.104314 9.98421E-05 9.98421E-05 9.98421E-05 9.98421E-05 9.98421E-05 0.192715 9.98421E-05 9.98421E-05 0.128212 0.144765 0.110169 0.159919 9.98421E-05 0.0019124 9.98421E-05 9.98421E-05 9.98421E-05 9.98421E-05 9.98421E-05 9.98421E-05
9.97981E-05 9.97981E-05 9.97981E-05 9.97981E-05 9.97981E-05 9.97981E-05 9.97981E-05 9.97981E-05 9.97981E-05 9.97981E-05 9.97981E-05 9.97981E-05 9.97981E-05 9.97981E-05 9.97981E-05 0.0122058 9.97981E-05 0.934131 9.97981E-05 9.97981E-05 9.97981E-05 0.0513676 9.97981E-05 9.97981E-05 9.97981E-05 9.97981E-05
9.98333E-05 9.98333E-05 9.98333E-05 9.98333E-05 9.98333E-05 0.0739016 9.98333E-05 9.98333E-05 0.105072 0.324063 9.98333E-05 0.17462 9.98333E-05 9.98333E-05 9.98333E-05 0.00997808 9.98333E-05 0.30241 9.98333E-05 0.00805813 9.98333E-05 9.98333E-05 9.98333E-05 9.98333E-05 9.98333E-05 9.98333E-05
0.0269898 0.303592 9.98421E-05 9.98421E-05 9.98421E-05 0.129622 0.0790741 9.98421E-05 9.98421E-05 9.98421E-05 9.98421E-05 9.98421E-05 9.98421E-05 9.98421E-05 9.98421E-05 9.98421E-05 0.0442817 0.268713 9.98421E-05 9.98421E-05 0.141609 9.98421E-05 9.98421E-05 9.98421E-05 0.00432148 9.98421E-05
9.98248E-05 9.98248E-05 9.98248E-05 9.98248E-05 9.98248E-05 9.98248E-05 9.98248E-05 9.98248E-05 9.98248E-05 9.98248E-05 9.98248E-05 0.371603 9.98248E-05 0.0210945 0.175209 0.0892716 9.98248E-05 0.321834 9.98248E-05 0.018991 9.98248E-05 9.98248E-05 9.98248E-05 9.98248E-05 9.98248E-05 9.98248E-05
9.98157E-05 0.302699 9.98157E-05 9.98157E-05 9.98157E-05 9.98157E-05 9.98157E-05 9.98157E-05 9.98157E-05 9.98157E-05 9.98157E-05 9.98157E-05 9.98157E-05 9.98157E-05 0.0699756 0.211646 9.98157E-05 0.343667 0.0699163 9.98157E-05 9.98157E-05 9.98157E-05 9.98157E-05 9.98157E-05 9.98157E-05 9.98157E-05
9.98421E-05 0.0844133 9.98421E-05 9.98421E-05 9.98421E-05 0.0664058 9.98421E-05 9.98421E-05 9.98421E-05 9.98421E-05 9.98421E-05 0.0871437 9.98421E-05 0.095464 9.98421E-05 0.258062 9.98421E-05 0.178524 0.0544024 9.98421E-05 9.98421E-05 0.173788 9.98421E-05 9.98421E-05 9.98421E-05 9.98421E-05
9.98158E-05 9.98158E-05 9.98158E-05 9.98158E-05 9.98158E-05 9.98158E-05 9.98158E-05 9.98158E-05 9.98158E-05 0.0155708 9.98158E-05 9.98158E-05 0.0313959 0.0450825 9.98158E-05 0.095519 9.98158E-05 0.810336 9.98158E-05 9.98158E-05 9.98158E-05 9.98158E-05 9.98158E-05 9.98158E-05 9.98158E-05 9.98158E-05
9.98332E-05 0.226154 9.98332E-05 9.98332E-05 0.119607 9.98332E-05 0.24291 0.0538979 9.98332E-05 9.98332E-05 9.98332E-05 9.98332E-05 9.98332E-05 0.315834 9.98332E-05 0.0144187 9.98332E-05 0.0252817 9.98332E-05 9.98332E-05 9.98332E-05 9.98332E-05 9.98332E-05 9.98332E-05 9.98332E-05 9.98332E-05
9.98247E-05 0.0313589 9.98247E-05 0.0897159 9.98247E-05 9.98247E-05 9.98247E-05 9.98247E-05 0.045332 9.98247E-05 9.98247E-05 0.10789 9.98247E-05 9.98247E-05 9.98247E-05 0.0831973 9.98247E-05 0.640509 9.98247E-05 9.98247E-05 9.98247E-05 9.98247E-05 9.98247E-05 9.98247E-05 9.98247E-05 9.98247E-05
9.98334E-05 0.0363672 9.98334E-05 9.98334E-05 9.98334E-05 9.98334E-05 0.0362156 9.98334E-05 9.98334E-05 9.98334E-05 9.98334E-05 0.61587 9.98334E-05 9.98334E-05 0.0691953 0.173651 9.98334E-05 9.98334E-05 0.0650299 9.98334E-05 9.98334E-05 0.00177469 9.98334E-05 9.98334E-05 9.98334E-05 9.98334E-05
9.98158E-05 9.98158E-05 9.98158E-05 9.98158E-05 9.98158E-05 0.00799012 9.98158E-05 9.98158E-05 9.98158E-05 9.98158E-05 9.98158E-05 0.775455 9.98158E-05 9.98158E-05 9.98158E-05 0.0143295 9.98158E-05 0.0489367 9.98158E-05 9.98158E-05 9.98158E-05 9.98158E-05 9.98158E-05 9.98158E-05 0.151193 9.98158E-05
9.98245E-05 0.119011 9.98245E-05 9.98245E-05 9.98245E-05 9.98245E-05 0.015675 9.98245E-05 9.98245E-05 9.98245E-05 9.98245E-05 9.98245E-05 9.98245E-05 9.98245E-05 0.24382 9.98245E-05 9.98245E-05 0.55237 9.98245E-05 0.0241815 9.98245E-05 0.0429462 9.98245E-05 9.98245E-05 9.98245E-05 9.98245E-05
9.98335E-05 9.98335E-05 9.98335E-05 9.98335E-05 9.98335E-05 9.98335E-05 9.98335E-05 9.98335E-05 9.98335E-05 0.000643656 9.98335E-05 9.98335E-05 9.98335E-05 0.193046 0.104826 0.0708112 0.011657 0.576033 9.98335E-05 0.0410867 9.98335E-05 9.98335E-05 9.98335E-05 9.98335E-05 9.98335E-05 9.98335E-05
9.98333E-05 0.0386667 9.98333E-05 9.98333E-05 9.98333E-05 9.98333E-05 9.98333E-05 9.98333E-05 9.98333E-05 9.98333E-05 9.98333E-05 0.524965 9.98333E-05 0.0140588 0.219891 0.13645 9.98333E-05 0.00665052 9.98333E-05 0.0574205 9.98333E-05 9.98333E-05 9.98333E-05 9.98333E-05 9.98333E-05 9.98333E-05
9.98332E-05 0.128348 9.98332E-05 0.00587328 9.98332E-05 9.98332E-05 9.98332E-05 9.98332E-05 0.024493 9.98332E-05 9.98332E-05 0.692536 9.98332E-05 0.00783212 9.98332E-05 0.0647395 9.98332E-05 9.98332E-05 9.98332E-05 9.98332E-05 9.98332E-05 9.98332E-05 9.98332E-05 9.98332E-05 9.98332E-05 0.0742811
9.98336E-05 9.98336E-05 9.98336E-05 9.98336E-05 9.98336E-05 0.00263698 0.0384112 9.98336E-05 9.98336E-05 9.98336E-05 9.98336E-05 0.871909 9.98336E-05 9.98336E-05 9.98336E-05 9.98336E-05 9.98336E-05 0.00369333 9.98336E-05 0.0208861 9.98336E-05 0.0586135 9.98336E-05 0.00195309 9.98336E-05 9.98336E-05
9.98246E-05 0.0526153 9.98246E-05 9.98246E-05 9.98246E-05 0.015976 9.98246E-05 9.98246E-05 9.98246E-05 0.136207 9.98246E-05 9.98246E-05 9.98246E-05 9.98246E-05 9.98246E-05 0.11159 9.98246E-05 0.654914 0.0267016 9.98246E-05 9.98246E-05 9.98246E-05 9.98246E-05 9.98246E-05 9.98246E-05 9.98246E-05
9.98161E-05 9.98161E-05 0.0434286 9.98161E-05 9.98161E-05 9.98161E-05 9.98161E-05 9.98161E-05 9.98161E-05 9.98161E-05 9.98161E-05 9.98161E-05 9.98161E-05 9.98161E-05 9.98161E-05 9.98161E-05 0.0584377 0.796189 9.98161E-05 9.98161E-05 9.98161E-05 9.98161E-05 0.0988578 0.000991006 9.98161E-05 9.98161E-05
9.98246E-05 0.0158961 9.98246E-05 9.98246E-05 9.98246E-05 0.169417 9.98246E-05 9.98246E-05 9.98246E-05 9.98246E-05 0.0504676 0.725864 9.98246E-05 9.98246E-05 9.98246E-05 0.0297941 9.98246E-05 9.98246E-05 9.98246E-05 9.98246E-05 9.98246E-05 9.98246E-05 9.98246E-05 0.00656438 9.98246E-05 9.98246E-05
9.98334E-05 0.0266995 9.98334E-05 9.98334E-05 9.98334E-05 9.98334E-05 9.98334E-05 9.98334E-05 0.03148 9.98334E-05 9.98334E-05 0.667895 0.0713428 9.98334E-05 9.98334E-05 0.113761 9.98334E-05 9.98334E-05 9.98334E-05 0.0263327 9.98334E-05 9.98334E-05 9.98334E-05 0.0605922 9.98334E-05 9.98334E-05
9.98421E-05 0.00540633 0.0318957 9.98421E-05 9.98421E-05 9.98421E-05 9.98421E-05 0.0542103 0.00609241 9.98421E-05 9.98421E-05 0.649504 9.98421E-05 0.095586 9.98421E-05 0.107294 9.98421E-05 9.98421E-05 9.98421E-05 9.98421E-05 9.98421E-05 9.98421E-05 9.98421E-05 9.98421E-05 9.98421E-05 0.0482136
9.98158E-05 9.98158E-05 9.98158E-05 9.98158E-05 9.98158E-05 9.98158E-05 0.0738863 9.98158E-05 9.98158E-05 9.98158E-05 9.98158E-05 0.00980326 9.98158E-05 9.98158E-05 9.98158E-05 0.0490996 9.98158E-05 0.828566 9.98158E-05 0.0365483 9.98158E-05 9.98158E-05 9.98158E-05 9.98158E-05 9.98158E-05 9.98158E-05
9.98161E-05 0.134987 9.98161E-05 9.98161E-05 9.98161E-05 9.98161E-05 0.130473 9.98161E-05 9.98161E-05 9.98161E-05 9.98161E-05 0.518392 9.98161E-05 9.98161E-05 9.98161E-05 0.019867 9.98161E-05 0.194185 9.98161E-05 9.98161E-05 9.98161E-05 9.98161E-05 9.98161E-05 9.98161E-05 9.98161E-05 9.98161E-05
9.98157E-05 0.0298566 9.98157E-05 9.98157E-05 9.98157E-05 9.98157E-05 0.039903 9.98157E-05 9.98157E-05 9.98157E-05 9.98157E-05 9.98157E-05 9.98157E-05 9.98157E-05 9.98157E-05 9.98157E-05 9.98157E-05 0.766512 9.98157E-05 9.98157E-05 9.98157E-05 9.98157E-05 0.0741721 9.98157E-05 0.0874597 9.98157E-05
9.98246E-05 0.131388 9.98246E-05 9.98246E-05 9.98246E-05 0.050787 9.98246E-05 9.98246E-05 9.98246E-05 9.98246E-05 9.98246E-05 0.561503 9.98246E-05 9.98246E-05 9.98246E-05 0.157266 9.98246E-05 9.98246E-05 0.0877686 9.98246E-05 9.98246E-05 9.98246E-05 0.00929051 9.98246E-05 9.98246E-05 9.98246E-05
9.9816E-05 0.343214 9.9816E-05 9.9816E-05 9.9816E-05 9.9816E-05 9.9816E-05 9.9816E-05 9.9816E-05 9.9816E-05 9.9816E-05 0.314577 9.9816E-05 9.9816E-05 9.9816E-05 0.168071 0.151358 9.9816E-05 9.9816E-05 9.9816E-05 0.0206836 9.9816E-05 9.9816E-05 9.9816E-05 9.9816E-05 9.9816E-05
9.98157E-05 9.98157E-05 9.98157E-05 9.98157E-05 9.98157E-05 9.98157E-05 9.98157E-05 9.98157E-05 9.98157E-05 9.98157E-05 0.032132 0.721113 9.98157E-05 9.98157E-05 9.98157E-05 0.00172254 0.0179186 0.225018 9.98157E-05 9.98157E-05 9.98157E-05 9.98157E-05 9.98157E-05 9.98157E-05 9.98157E-05 9.98157E-05
9.97983E-05 9.97983E-05 9.97983E-05 9.97983E-05 0.010741 9.97983E-05 9.97983E-05 9.97983E-05 9.97983E-05 9.97983E-05 9.97983E-05 9.97983E-05 9.97983E-05 9.97983E-05 9.97983E-05 0.0591473 9.97983E-05 0.927816 9.97983E-05 9.97983E-05 9.97983E-05 9.97983E-05 9.97983E-05 9.97983E-05 9.97983E-05 9.97983E-05
9.97808E-05 9.97808E-05 9.97808E-05 9.97808E-05 9.97808E-05 9.97808E-05 9.97808E-05 9.97808E-05 9.97808E-05 9.97808E-05 9.97808E-05 0.997505 9.97808E-05 9.97808E-05 9.97808E-05 9.97808E-05 9.97808E-05 9.97808E-05 9.97808E-05 9.97808E-05 9.97808E-05 9.97808E-05 9.97808E-05 9.97808E-05 9.97808E-05 9.97808E-05
9.98332E-05 0.159526 9.98332E-05 9.98332E-05 9.98332E-05 9.98332E-05 9.98332E-05 9.98332E-05 9.98332E-05 9.98332E-05 9.98332E-05 0.408946 9.98332E-05 9.98332E-05 0.0189395 0.112025 0.0455777 0.226188 9.98332E-05 0.0269016 9.98332E-05 9.98332E-05 9.98332E-05 9.98332E-05 9.98332E-05 9.98332E-05
9.98425E-05 9.98425E-05 0.17233 9.98425E-05 9.98425E-05 0.00702094 9.98425E-05 9.98425E-05 9.98425E-05 9.98425E-05 0.00312872 9.98425E-05 9.98425E-05 9.98425E-05 9.98425E-05 9.98425E-05 9.98425E-05 0.729394 9.98425E-05 0.0148817 9.98425E-05 9.98425E-05 0.0434693 0.00486641 9.98425E-05 0.0231116
9.98683E-05 9.98683E-05 9.98683E-05 9.98683E-05 9.98683E-05 0.0431804 0.071673 0.0236106 9.98683E-05 9.98683E-05 9.98683E-05 0.254602 9.98683E-05 0.105 0.155431 0.168556 0.0108019 0.0239635 9.98683E-05 0.0853716 9.98683E-05 0.0563118 9.98683E-05 9.98683E-05 9.98683E-05 9.98683E-05
9.98248E-05 0.244549 9.98248E-05 9.98248E-05 9.98248E-05 9.98248E-05 9.98248E-05 9.98248E-05 0.036985 9.98248E-05 0.0100596 0.455094 9.98248E-05 9.98248E-05 9.98248E-05 9.98248E-05 9.98248E-05 0.187025 0.0642911 9.98248E-05 9.98248E-05 9.98248E-05 9.98248E-05 9.98248E-05 9.98248E-05 9.98248E-05
9.97984E-05 9.97984E-05 9.97984E-05 9.97984E-05 9.97984E-05 9.97984E-05 9.97984E-05 9.97984E-05 9.97984E-05 9.97984E-05 9.97984E-05 0.148872 9.97984E-05 9.97984E-05 9.97984E-05 0.0356734 9.97984E-05 0.813159 9.97984E-05 9.97984E-05 9.97984E-05 9.97984E-05 9.97984E-05 9.97984E-05 9.97984E-05 9.97984E-05
9.98247E-05 9.98247E-05 0.0159917 9.98247E-05 9.98247E-05 0.0282917 9.98247E-05 0.0700372 0.0407907 9.98247E-05 9.98247E-05 0.800267 9.98247E-05 9.98247E-05 9.98247E-05 0.0426249 9.98247E-05 9.98247E-05 9.98247E-05 9.98247E-05 9.98247E-05 9.98247E-05 9.98247E-05 9.98247E-05 9.98247E-05 9.98247E-05
9.9816E-05 9.9816E-05 9.9816E-05 9.9816E-05 9.9816E-05 9.9816E-05 9.9816E-05 9.9816E-05 9.9816E-05 9.9816E-05 9.9816E-05 0.816286 9.9816E-05 9.9816E-05 9.9816E-05 0.0672793 0.0372507 0.0758492 9.9816E-05 9.9816E-05 9.9816E-05 9.9816E-05 0.00123836 9.9816E-05 9.9816E-05 9.9816E-05
9.98247E-05 9.98247E-05 9.98247E-05 9.98247E-05 9.98247E-05 9.98247E-05 9.98247E-05 9.98247E-05 9.98247E-05 9.98247E-05 9.98247E-05 0.499281 9.98247E-05 0.10469 0.108421 9.98247E-05 9.98247E-05 0.242254 9.98247E-05 9.98247E-05 0.0230782 0.0202783 9.98247E-05 9.98247E-05 9.98247E-05 9.98247E-05
9.98245E-05 9.98245E-05 9.98245E-05 9.98245E-05 0.0417118 9.98245E-05 9.98245E-05 9.98245E-05 9.98245E-05 0.0499084 9.98245E-05 9.98245E-05 9.98245E-05 9.98245E-05 9.98245E-05 0.00481333 9.98245E-05 0.82065 9.98245E-05 0.0211496 9.98245E-05 9.98245E-05 9.98245E-05 0.0597705 9.98245E-05 9.98245E-05
9.97983E-05 9.97983E-05 9.97983E-05 9.97983E-05 9.97983E-05 9.97983E-05 9.97983E-05 9.97983E-05 9.97983E-05 9.97983E-05 9.97983E-05 9.97983E-05 9.97983E-05 9.97983E-05 9.97983E-05 0.0512463 9.97983E-05 0.928093 9.97983E-05 0.0183654 9.97983E-05 9.97983E-05 9.97983E-05 9.97983E-05 9.97983E-05 9.97983E-05
0.0501796 9.97983E-05 9.97983E-05 9.97983E-05 9.97983E-05 9.97983E-05 9.97983E-05 9.97983E-05 9.97983E-05 9.97983E-05 9.97983E-05 0.940691 9.97983E-05 9.97983E-05 9.97983E-05 9.97983E-05 9.97983E-05 9.97983E-05 9.97983E-05 0.00683442 9.97983E-05 9.97983E-05 9.97983E-05 9.97983E-05 9.97983E-05 9.97983E-05
0.0221212 9.98158E-05 9.98158E-05 9.98158E-05 9.98158E-05 0.00609742 9.98158E-05 9.98158E-05 9.98158E-05 9.98158E-05 9.98158E-05 9.98158E-05 9.98158E-05 9.98158E-05 0.84274 0.0902843 9.98158E-05 9.98158E-05 9.98158E-05 9.98158E-05 9.98158E-05 9.98158E-05 9.98158E-05 0.0366612 9.98158E-05 9.98158E-05
9.97894E-05 9.97894E-05 9.97894E-05 9.97894E-05 9.97894E-05 9.97894E-05 9.97894E-05 9.97894E-05 9.97894E-05 9.97894E-05 9.97894E-05 9.97894E-05 9.97894E-05 9.97894E-05 9.97894E-05 9.97894E-05 0.0149422 9.97894E-05 9.97894E-05 9.97894E-05 9.97894E-05 9.97894E-05 0.982663 9.97894E-05 9.97894E-05 9.97894E-05
9.97894E-05 9.97894E-05 9.97894E-05 9.97894E-05 0.0492307 9.97894E-05 9.97894E-05 9.97894E-05 9.97894E-05 9.97894E-05 9.97894E-05 9.97894E-05 9.97894E-05 9.97894E-05 9.97894E-05 9.97894E-05 9.97894E-05 9.97894E-05 9.97894E-05 9.97894E-05 9.97894E-05 9.97894E-05 0.948374 9.97894E-05 9.97894E-05 9.97894E-05
9.98158E-05 9.98158E-05 0.0179349 9.98158E-05 9.98158E-05 0.0626695 9.98158E-05 9.98158E-05 9.98158E-05 9.98158E-05 9.98158E-05 9.98158E-05 9.98158E-05 0.132648 0.461601 9.98158E-05 9.98158E-05 9.98158E-05 9.98158E-05 9.98158E-05 9.98158E-05 9.98158E-05 9.98158E-05 0.32305 9.98158E-05 9.98158E-05
9.98242E-05 0.00995925 9.98242E-05 9.98242E-05 9.98242E-05 9.98242E-05 9.98242E-05 9.98242E-05 9.98242E-05 9.98242E-05 0.0590279 9.98242E-05 9.98242E-05 9.98242E-05 0.868121 0.0275872 9.98242E-05 9.98242E-05 9.98242E-05 9.98242E-05 0.0303094 0.00299921 9.98242E-05 9.98242E-05 9.98242E-05 9.98242E-05
9.9798E-05 9.9798E-05 9.9798E-05 9.9798E-05 9.9798E-05 9.9798E-05 9.9798E-05 9.9798E-05 0.00631487 9.9798E-05 9.9798E-05 9.9798E-05 9.9798E-05 9.9798E-05 0.901401 0.0899886 9.9798E-05 9.9798E-05 9.9798E-05 9.9798E-05 9.9798E-05 9.9798E-05 9.9798E-05 9.9798E-05 9.9798E-05 9.9798E-05
9.9798E-05 9.9798E-05 9.9798E-05 9.9798E-05 9.9798E-05 9.9798E-05 9.9798E-05 9.9798E-05 9.9798E-05 9.9798E-05 9.9798E-05 9.9798E-05 9.9798E-05 9.9798E-05 0.754584 0.0402993 9.9798E-05 9.9798E-05 9.9798E-05 9.9798E-05 9.9798E-05 9.9798E-05 9.9798E-05 0.202821 9.9798E-05 9.9798E-05
9.98156E-05 9.98156E-05 0.0228504 9.98156E-05 0.0524518 0.0190548 9.98156E-05 9.98156E-05 9.98156E-05 9.98156E-05 9.98156E-05 9.98156E-05 9.98156E-05 9.98156E-05 0.868992 9.98156E-05 9.98156E-05 9.98156E-05 9.98156E-05 9.98156E-05 9.98156E-05 9.98156E-05 9.98156E-05 0.0345553 9.98156E-05 9.98156E-05
9.97894E-05 9.97894E-05 9.97894E-05 9.97894E-05 9.97894E-05 9.97894E-05 9.97894E-05 9.97894E-05 9.97894E-05 9.97894E-05 9.97894E-05 9.97894E-05 9.97894E-05 9.97894E-05 0.293653 9.97894E-05 9.97894E-05 9.97894E-05 9.97894E-05 9.97894E-05 9.97894E-05 9.97894E-05 0.703952 9.97894E-05 9.97894E-05 9.97894E-05
9.97809E-05 9.97809E-05 9.97809E-05 9.97809E-05 9.97809E-05 9.97809E-05 9.97809E-05 9.97809E-05 9.97809E-05 9.97809E-05 9.97809E-05 9.97809E-05 9.97809E-05 9.97809E-05 0.997505 9.97809E-05 9.97809E-05 9.97809E-05 9.97809E-05 9.97809E-05 9.97809E-05 9.97809E-05 9.97809E-05 9.97809E-05 9.97809E-05 9.97809E-05
9.98066E-05 9.98066E-05 9.98066E-05 9.98066E-05 9.98066E-05 0.00522524 9.98066E-05 9.98066E-05 9.98066E-05 9.98066E-05 9.98066E-05 9.98066E-05 9.98066E-05 9.98066E-05 0.713859 0.196283 9.98066E-05 9.98066E-05 9.98066E-05 0.0824366 9.98066E-05 9.98066E-05 9.98066E-05 9.98066E-05 9.98066E-05 9.98066E-05
9.9842E-05 0.0800188 0.0800541 9.9842E-05 9.9842E-05 9.9842E-05 9.9842E-05 9.9842E-05 0.0571033 9.9842E-05 9.9842E-05 9.9842E-05 9.9842E-05 9.9842E-05 0.659772 0.0248705 0.0368874 9.9842E-05 9.9842E-05 0.0236413 9.9842E-05 9.9842E-05 9.9842E-05 0.0358552 9.9842E-05 9.9842E-05
9.98156E-05 9.98156E-05 9.98156E-05 9.98156E-05 9.98156E-05 0.083612 9.98156E-05 9.98156E-05 0.0758088 9.98156E-05 9.98156E-05 9.98156E-05 9.98156E-05 9.98156E-05 0.731409 9.98156E-05 9.98156E-05 9.98156E-05 9.98156E-05 0.0543591 0.0527146 9.98156E-05 9.98156E-05 9.98156E-05 9.98156E-05 9.98156E-05
9.98068E-05 0.171233 9.98068E-05 9.98068E-05 9.98068E-05 9.98068E-05 9.98068E-05 9.98068E-05 9.98068E-05 9.98068E-05 9.98068E-05 9.98068E-05 9.98068E-05 9.98068E-05 0.599164 0.169724 9.98068E-05 9.98068E-05 9.98068E-05 9.98068E-05 9.98068E-05 9.98068E-05 9.98068E-05 0.0576827 9.98068E-05 9.98068E-05
9.98159E-05 9.98159E-05 9.98159E-05 9.98159E-05 9.98159E-05 9.98159E-05 0.0219384 9.98159E-05 9.98159E-05 9.98159E-05 9.98159E-05 9.98159E-05 9.98159E-05 0.107702 0.0676742 9.98159E-05 9.98159E-05 9.98159E-05 9.98159E-05 0.0145786 9.98159E-05 9.98159E-05 0.78601 9.98159E-05 9.98159E-05 9.98159E-05
9.98073E-05 9.98073E-05 9.98073E-05 9.98073E-05 9.98073E-05 9.98073E-05 9.98073E-05 9.98073E-05 9.98073E-05 9.98073E-05 9.98073E-05 9.98073E-05 0.0352097 9.98073E-05 0.77017 0.0231761 9.98073E-05 9.98073E-05 9.98073E-05 9.98073E-05 9.98073E-05 9.98073E-05 0.169249 9.98073E-05 9.98073E-05 9.98073E-05
0.0752492 9.97893E-05 9.97893E-05 9.97893E-05 9.97893E-05 9.97893E-05 9.97893E-05 9.97893E-05 9.97893E-05 9.97893E-05 9.97893E-05 9.97893E-05 9.97893E-05 9.97893E-05 0.922356 9.97893E-05 9.97893E-05 9.97893E-05 9.97893E-05 9.97893E-05 9.97893E-05 9.97893E-05 9.97893E-05 9.97893E-05 9.97893E-05 9.97893E-05
9.98071E-05 0.0496501 9.98071E-05 9.98071E-05 9.98071E-05 9.98071E-05 9.98071E-05 9.98071E-05 9.98071E-05 9.98071E-05 9.98071E-05 9.98071E-05 9.98071E-05 9.98071E-05 0.856286 9.98071E-05 0.040951 9.98071E-05 9.98071E-05 0.0509168 9.98071E-05 9.98071E-05 9.98071E-05 9.98071E-05 9.98071E-05 9.98071E-05
9.97983E-05 9.97983E-05 9.97983E-05 9.97983E-05 0.00500679 9.97983E-05 9.97983E-05 9.97983E-05 9.97983E-05 9.97983E-05 9.97983E-05 9.97983E-05 9.97983E-05 9.97983E-05 0.987678 9.97983E-05 9.97983E-05 9.97983E-05 9.97983E-05 9.97983E-05 9.97983E-05 9.97983E-05 0.00501977 9.97983E-05 9.97983E-05 9.97983E-05
9.98242E-05 9.98242E-05 9.98242E-05 9.98242E-05 9.98242E-05 0.00911686 0.0119151 0.117911 9.98242E-05 9.98242E-05 9.98242E-05 9.98242E-05 9.98242E-05 9.98242E-05 0.791224 0.0299233 9.98242E-05 9.98242E-05 9.98242E-05 9.98242E-05 9.98242E-05 0.037913 9.98242E-05 9.98242E-05 9.98242E-05 9.98242E-05
9.97896E-05 9.97896E-05 9.97896E-05 9.97896E-05 9.97896E-05 9.97896E-05 9.97896E-05 9.97896E-05 9.97896E-05 9.97896E-05 9.97896E-05 9.97896E-05 9.97896E-05 9.97896E-05 9.97896E-05 9.97896E-05 9.97896E-05 9.97896E-05 9.97896E-05 9.97896E-05 0.0173658 9.97896E-05 0.980239 9.97896E-05 9.97896E-05 9.97896E-05
9.9798E-05 0.202625 9.9798E-05 9.9798E-05 9.9798E-05 9.9798E-05 9.9798E-05 9.9798E-05 9.9798E-05 9.9798E-05 9.9798E-05 9.9798E-05 9.9798E-05 9.9798E-05 0.756223 9.9798E-05 9.9798E-05 9.9798E-05 9.9798E-05 9.9798E-05 9.9798E-05 9.9798E-05 9.9798E-05 0.0388571 9.9798E-05 9.9798E-05
9.98073E-05 9.98073E-05 9.98073E-05 9.98073E-05 9.98073E-05 9.98073E-05 9.98073E-05 9.98073E-05 9.98073E-05 9.98073E-05 9.98073E-05 9.98073E-05 9.98073E-05 0.0317654 0.777879 9.98073E-05 9.98073E-05 9.98073E-05 9.98073E-05 9.98073E-05 9.98073E-05 9.98073E-05 9.98073E-05 0.00883178 0.179328 9.98073E-05
0.0439261 9.98071E-05 9.98071E-05 9.98071E-05 0.0114707 9.98071E-05 9.98071E-05 9.98071E-05 9.98071E-05 9.98071E-05 9.98071E-05 9.98071E-05 9.98071E-05 9.98071E-05 0.855149 9.98071E-05 0.0872583 9.98071E-05 9.98071E-05 9.98071E-05 9.98071E-05 9.98071E-05 9.98071E-05 9.98071E-05 9.98071E-05 9.98071E-05
9.97981E-05 9.97981E-05 9.97981E-05 9.97981E-05 9.97981E-05 9.97981E-05 9.97981E-05 9.97981E-05 9.97981E-05 0.000932835 9.97981E-05 9.97981E-05 9.97981E-05 9.97981E-05 0.899571 9.97981E-05 9.97981E-05 9.97981E-05 9.97981E-05 0.0972008 9.97981E-05 9.97981E-05 9.97981E-05 9.97981E-05 9.97981E-05 9.97981E-05
9.98072E-05 9.98072E-05 9.98072E-05 9.98072E-05 9.98072E-05 0.0218668 9.98072E-05 9.98072E-05 9.98072E-05 9.98072E-05 9.98072E-05 9.98072E-05 9.98072E-05 9.98072E-05 0.367169 0.0332475 9.98072E-05 9.98072E-05 9.98072E-05 9.98072E-05 9.98072E-05 9.98072E-05 0.575521 9.98072E-05 9.98072E-05 9.98072E-05
9.97985E-05 9.97985E-05 9.97985E-05 9.97985E-05 9.97985E-05 9.97985E-05 9.97985E-05 9.97985E-05 9.97985E-05 9.97985E-05 9.97985E-05 9.97985E-05 9.97985E-05 9.97985E-05 0.587807 9.97985E-05 9.97985E-05 9.97985E-05 9.97985E-05 9.97985E-05 9.97985E-05 9.97985E-05 0.367514 9.97985E-05 9.97985E-05 0.0423836
9.97805E-05 9.97805E-05 9.97805E-05 9.97805E-05 9.97805E-05 9.97805E-05 9.97805E-05 9.97805E-05 9.97805E-05 9.97805E-05 9.97805E-05 9.97805E-05 9.97805E-05 9.97805E-05 9.97805E-05 9.97805E-05 9.97805E-05 9.97805E-05 9.97805E-05 9.97805E-05 9.97805E-05 9.97805E-05 0.997505 9.97805E-05 9.97805E-05 9.97805E-05
9.9781E-05 9.9781E-05 9.9781E-05 9.9781E-05 9.9781E-05 9.9781E-05 9.9781E-05 9.9781E-05 9.9781E-05 9.9781E-05 9.9781E-05 9.9781E-05 9.9781E-05 9.9781E-05 0.997505 9.9781E-05 9.9781E-05 9.9781E-05 9.9781E-05 9.9781E-05 9.9781E-05 9.9781E-05 9.9781E-05 9.9781E-05 9.9781E-05 9.9781E-05
9.9807E-05 9.9807E-05 9.9807E-05 9.9807E-05 9.9807E-05 0.0195534 9.9807E-05 9.9807E-05 9.9807E-05 9.9807E-05 9.9807E-05 9.9807E-05 9.9807E-05 9.9807E-05 9.9807E-05 0.0967692 9.9807E-05 9.9807E-05 9.9807E-05 9.9807E-05 9.9807E-05 9.9807E-05 0.530621 9.9807E-05 0.350861 9.9807E-05
9.97983E-05 9.97983E-05 9.97983E-05 9.97983E-05 9.97983E-05 0.103376 9.97983E-05 9.97983E-05 9.97983E-05 9.97983E-05 9.97983E-05 9.97983E-05 9.97983E-05 0.815532 9.97983E-05 0.0787967 9.97983E-05 9.97983E-05 9.97983E-05 9.97983E-05 9.97983E-05 9.97983E-05 9.97983E-05 9.97983E-05 9.97983E-05 9.97983E-05
9.97982E-05 9.97982E-05 9.97982E-05 9.97982E-05 9.97982E-05 9.97982E-05 9.97982E-05 9.97982E-05 9.97982E-05 9.97982E-05 9.97982E-05 9.97982E-05 9.97982E-05 0.0712121 9.97982E-05 9.97982E-05 9.97982E-05 9.97982E-05 9.97982E-05 9.97982E-05 9.97982E-05 9.97982E-05 9.97982E-05 9.97982E-05 0.824004 0.102489
9.97895E-05 9.97895E-05 9.97895E-05 9.97895E-05 9.97895E-05 9.97895E-05 9.97895E-05 9.97895E-05 9.97895E-05 9.97895E-05 9.97895E-05 9.97895E-05 9.97895E-05 0.954286 9.97895E-05 0.0433189 9.97895E-05 9.97895E-05 9.97895E-05 9.97895E-05 9.97895E-05 9.97895E-05 9.97895E-05 9.97895E-05 9.97895E-05 9.97895E-05
9.98243E-05 9.98243E-05 9.98243E-05 9.98243E-05 0.106919 0.0122797 9.98243E-05 9.98243E-05 9.98243E-05 9.98243E-05 9.98243E-05 9.98243E-05 9.98243E-05 0.753939 9.98243E-05 0.0998705 9.98243E-05 9.98243E-05 9.98243E-05 0.0114217 0.0135741 9.98243E-05 9.98243E-05 9.98243E-05 9.98243E-05 9.98243E-05
9.97982E-05 9.97982E-05 9.97982E-05 9.97982E-05 9.97982E-05 0.0378508 9.97982E-05 9.97982E-05 9.97982E-05 9.97982E-05 9.97982E-05 9.97982E-05 9.97982E-05 0.942539 9.97982E-05 9.97982E-05 9.97982E-05 9.97982E-05 0.0173151 9.97982E-05 9.97982E-05 9.97982E-05 9.97982E-05 9.97982E-05 9.97982E-05 9.97982E-05
9.98158E-05 9.98158E-05 9.98158E-05 0.130645 9.98158E-05 0.0979545 9.98158E-05 9.98158E-05 9.98158E-05 9.98158E-05 9.98158E-05 9.98158E-05 9.98158E-05 0.578691 9.98158E-05 0.186735 0.00387795 9.98158E-05 9.98158E-05 9.98158E-05 9.98158E-05 9.98158E-05 9.98158E-05 9.98158E-05 9.98158E-05 9.98158E-05
9.98333E-05 0.0198397 9.98333E-05 0.0490767 0.0179717 0.0761399 9.98333E-05 9.98333E-05 9.98333E-05 9.98333E-05 9.98333E-05 9.98333E-05 9.98333E-05 0.743259 9.98333E-05 0.0734012 9.98333E-05 9.98333E-05 9.98333E-05 0.018415 9.98333E-05 9.98333E-05 9.98333E-05 9.98333E-05 9.98333E-05 9.98333E-05
9.97895E-05 9.97895E-05 9.97895E-05 9.97895E-05 9.97895E-05 0.146142 9.97895E-05 9.97895E-05 9.97895E-05 9.97895E-05 9.97895E-05 9.97895E-05 9.97895E-05 0.851463 9.97895E-05 9.97895E-05 9.97895E-05 9.97895E-05 9.97895E-05 9.97895E-05 9.97895E-05 9.97895E-05 9.97895E-05 9.97895E-05 9.97895E-05 9.97895E-05
9.98156E-05 9.98156E-05 9.98156E-05 9.98156E-05 9.98156E-05 0.270263 0.0705953 9.98156E-05 9.98156E-05 9.98156E-05 9.98156E-05 9.98156E-05 9.98156E-05 0.409693 9.98156E-05 0.079439 9.98156E-05 9.98156E-05 9.98156E-05 9.98156E-05 9.98156E-05 9.98156E-05 9.98156E-05 0.167914 9.98156E-05 9.98156E-05
9.98069E-05 9.98069E-05 9.98069E-05 9.98069E-05 9.98069E-05 0.202078 9.98069E-05 9.98069E-05 9.98069E-05 9.98069E-05 9.98069E-05 9.98069E-05 9.98069E-05 0.500815 9.98069E-05 0.223408 9.98069E-05 9.98069E-05 9.98069E-05 9.98069E-05 9.98069E-05 9.98069E-05 9.98069E-05 9.98069E-05 9.98069E-05 0.0715031
9.98422E-05 9.98422E-05 9.98422E-05 0.25051 9.98422E-05 0.0538749 9.98422E-05 9.98422E-05 9.98422E-05 9.98422E-05 9.98422E-05 9.98422E-05 0.273055 0.151675 9.98422E-05 0.0198532 9.98422E-05 0.00322225 9.98422E-05 0.0187863 9.98422E-05 9.98422E-05 9.98422E-05 0.227227 9.98422E-05 9.98422E-05
9.98333E-05 9.98333E-05 9.98333E-05 0.0918171 9.98333E-05 9.98333E-05 9.98333E-05 9.98333E-05 9.98333E-05 9.98333E-05 9.98333E-05 9.98333E-05 0.123367 0.556657 9.98333E-05 0.00125192 9.98333E-05 0.0257206 9.98333E-05 0.0268515 9.98333E-05 9.98333E-05 9.98333E-05 0.172438 9.98333E-05 9.98333E-05
9.98071E-05 9.98071E-05 9.98071E-05 0.197569 9.98071E-05 0.0345391 9.98071E-05 9.98071E-05 9.98071E-05 9.98071E-05 9.98071E-05 9.98071E-05 9.98071E-05 0.722124 9.98071E-05 9.98071E-05 9.98071E-05 9.98071E-05 9.98071E-05 9.98071E-05 9.98071E-05 9.98071E-05 9.98071E-05 9.98071E-05 0.0435722 9.98071E-05
9.98071E-05 9.98071E-05 9.98071E-05 0.326186 9.98071E-05 0.166769 9.98071E-05 9.98071E-05 9.98071E-05 9.98071E-05 9.98071E-05 9.98071E-05 9.98071E-05 0.339802 9.98071E-05 0.165048 9.98071E-05 9.98071E-05 9.98071E-05 9.98071E-05 9.98071E-05 9.98071E-05 9.98071E-05 9.98071E-05 9.98071E-05 9.98071E-05
9.98334E-05 9.98334E-05 9.98334E-05 9.98334E-05 0.20143 0.0692368 9.98334E-05 9.98334E-05 0.00500347 9.98334E-05 9.98334E-05 9.98334E-05 0.0549898 0.542861 9.98334E-05 9.98334E-05 9.98334E-05 9.98334E-05 9.98334E-05 0.0161971 9.98334E-05 9.98334E-05 9.98334E-05 9.98334E-05 0.108385 9.98334E-05
0.0395468 9.98334E-05 9.98334E-05 9.98334E-05 9.98334E-05 9.98334E-05 0.125835 9.98334E-05 9.98334E-05 9.98334E-05 0.0213013 9.98334E-05 9.98334E-05 0.516767 9.98334E-05 0.10075 9.98334E-05 9.98334E-05 9.98334E-05 9.98334E-05 9.98334E-05 9.98334E-05 9.98334E-05 0.106513 0.0873901 9.98334E-05
9.98246E-05 9.98246E-05 9.98246E-05 9.98246E-05 9.98246E-05 0.048371 9.98246E-05 9.98246E-05 9.98246E-05 9.98246E-05 0.066156 9.98246E-05 0.102985 0.502203 9.98246E-05 0.0748453 9.98246E-05 9.98246E-05 9.98246E-05 9.98246E-05 9.98246E-05 9.98246E-05 9.98246E-05 0.203444 9.98246E-05 9.98246E-05
0.00653667 0.0136438 0.056612 9.98423E-05 9.98423E-05 0.10456 9.98423E-05 9.98423E-05 9.98423E-05 9.98423E-05 9.98423E-05 9.98423E-05 0.116431 0.567465 9.98423E-05 9.98423E-05 9.98423E-05 9.98423E-05 9.98423E-05 9.98423E-05 0.083888 9.98423E-05 9.98423E-05 9.98423E-05 0.0490665 9.98423E-05
9.97983E-05 9.97983E-05 9.97983E-05 9.97983E-05 9.97983E-05 9.97983E-05 9.97983E-05 9.97983E-05 9.97983E-05 9.97983E-05 9.97983E-05 9.97983E-05 0.237471 0.758759 9.97983E-05 9.97983E-05 9.97983E-05 9.97983E-05 9.97983E-05 0.00147505 9.97983E-05 9.97983E-05 9.97983E-05 9.97983E-05 9.97983E-05 9.97983E-05
9.98509E-05 9.98509E-05 9.98509E-05 0.0798305 9.98509E-05 0.0969217 0.0233778 9.98509E-05 9.98509E-05 9.98509E-05 0.0483146 9.98509E-05 0.0204848 0.444012 9.98509E-05 0.0774404 9.98509E-05 9.98509E-05 9.98509E-05 9.98509E-05 9.98509E-05 0.0390386 9.98509E-05 9.98509E-05 0.168882 9.98509E-05
9.98071E-05 9.98071E-05 9.98071E-05 9.98071E-05 9.98071E-05 9.98071E-05 9.98071E-05 9.98071E-05 9.98071E-05 9.98071E-05 9.98071E-05 9.98071E-05 0.119917 0.69625 9.98071E-05 9.98071E-05 0.0541457 9.98071E-05 9.98071E-05 9.98071E-05 9.98071E-05 9.98071E-05 9.98071E-05 0.127492 9.98071E-05 9.98071E-05
9.97983E-05 9.97983E-05 9.97983E-05 9.97983E-05 9.97983E-05 0.0147026 9.97983E-05 9.97983E-05 9.97983E-05 9.97983E-05 9.97983E-05 9.97983E-05 0.030732 0.95227 9.97983E-05 9.97983E-05 9.97983E-05 9.97983E-05 9.97983E-05 9.97983E-05 9.97983E-05 9.97983E-05 9.97983E-05 9.97983E-05 9.97983E-05 9.97983E-05
9.98246E-05 9.98246E-05 9.98246E-05 9.98246E-05 9.98246E-05 0.202934 9.98246E-05 9.98246E-05 9.98246E-05 0.00239581 0.095971 9.98246E-05 9.98246E-05 0.406843 9.98246E-05 0.209882 9.98246E-05 9.98246E-05 9.98246E-05 9.98246E-05 9.98246E-05 9.98246E-05 9.98246E-05 0.0799774 9.98246E-05 9.98246E-05
9.98158E-05 9.98158E-05 9.98158E-05 9.98158E-05 9.98158E-05 0.157487 9.98158E-05 9.98158E-05 9.98158E-05 9.98158E-05 9.98158E-05 9.98158E-05 0.0859974 0.563925 9.98158E-05 0.0359893 9.98158E-05 9.98158E-05 9.98158E-05 9.98158E-05 9.98158E-05 9.98158E-05 9.98158E-05 9.98158E-05 0.154505 9.98158E-05
9.98244E-05 9.98244E-05 9.98244E-05 9.98244E-05 9.98244E-05 0.225673 9.98244E-05 9.98244E-05 9.98244E-05 9.98244E-05 0.0334067 9.98244E-05 9.98244E-05 0.441981 9.98244E-05 0.159907 9.98244E-05 9.98244E-05 9.98244E-05 0.0186955 9.98244E-05 9.98244E-05 9.98244E-05 0.118341 9.98244E-05 9.98244E-05
9.98156E-05 9.98156E-05 9.98156E-05 0.668166 9.98156E-05 0.106319 9.98156E-05 9.98156E-05 9.98156E-05 9.98156E-05 9.98156E-05 9.98156E-05 9.98156E-05 0.012885 0.117715 0.0928185 9.98156E-05 9.98156E-05 9.98156E-05 9.98156E-05 9.98156E-05 9.98156E-05 9.98156E-05 9.98156E-05 9.98156E-05 9.98156E-05
0.00794923 9.98247E-05 9.98247E-05 9.98247E-05 9.98247E-05 9.98247E-05 9.98247E-05 9.98247E-05 9.98247E-05 0.0689321 9.98247E-05 9.98247E-05 0.492754 9.98247E-05 9.98247E-05 0.0202754 9.98247E-05 9.98247E-05 0.0534317 9.98247E-05 9.98247E-05 9.98247E-05 9.98247E-05 9.98247E-05 0.354661 9.98247E-05
9.9798E-05 9.9798E-05 9.9798E-05 9.9798E-05 9.9798E-05 9.9798E-05 9.9798E-05 9.9798E-05 0.00133497 9.9798E-05 9.9798E-05 9.9798E-05 9.9798E-05 0.850478 9.9798E-05 0.145892 9.9798E-05 9.9798E-05 9.9798E-05 9.9798E-05 9.9798E-05 9.9798E-05 9.9798E-05 9.9798E-05 9.9798E-05 9.9798E-05
9.98072E-05 9.98072E-05 9.98072E-05 9.98072E-05 9.98072E-05 0.250337 9.98072E-05 9.98072E-05 9.98072E-05 9.98072E-05 9.98072E-05 9.98072E-05 9.98072E-05 0.559163 9.98072E-05 0.141203 9.98072E-05 9.98072E-05 9.98072E-05 9.98072E-05 9.98072E-05 9.98072E-05 9.98072E-05 0.0471009 9.98072E-05 9.98072E-05
9.98069E-05 9.98069E-05 9.98069E-05 9.98069E-05 9.98069E-05 9.98069E-05 9.98069E-05 9.98069E-05 9.98069E-05 9.98069E-05 0.0600786 9.98069E-05 9.98069E-05 0.37353 9.98069E-05 0.103461 9.98069E-05 9.98069E-05 9.98069E-05 9.98069E-05 9.98069E-05 9.98069E-05 9.98069E-05 9.98069E-05 9.98069E-05 0.460735
9.98244E-05 9.98244E-05 9.98244E-05 0.471142 9.98244E-05 0.029988 9.98244E-05 9.98244E-05 0.0481795 9.98244E-05 9.98244E-05 9.98244E-05 9.98244E-05 0.290927 9.98244E-05 0.121127 9.98244E-05 9.98244E-05 9.98244E-05 0.03664 9.98244E-05 9.98244E-05 9.98244E-05 9.98244E-05 9.98244E-05 9.98244E-05
9.98071E-05 9.98071E-05 9.98071E-05 0.0167607 9.98071E-05 9.98071E-05 9.98071E-05 0.0798212 9.98071E-05 9.98071E-05 9.98071E-05 9.98071E-05 9.98071E-05 0.873434 9.98071E-05 0.027788 9.98071E-05 9.98071E-05 9.98071E-05 9.98071E-05 9.98071E-05 9.98071E-05 9.98071E-05 9.98071E-05 9.98071E-05 9.98071E-05
9.98333E-05 9.98333E-05 0.00221324 9.98333E-05 9.98333E-05 0.219716 9.98333E-05 9.98333E-05 9.98333E-05 9.98333E-05 0.138219 9.98333E-05 9.98333E-05 0.419592 9.98333E-05 0.146466 9.98333E-05 9.98333E-05 9.98333E-05 0.0279566 0.0439407 9.98333E-05 9.98333E-05 9.98333E-05 9.98333E-05 9.98333E-05
9.9807E-05 0.0980534 9.9807E-05 9.9807E-05 9.9807E-05 9.9807E-05 9.9807E-05 9.9807E-05 9.9807E-05 9.9807E-05 0.0401525 9.9807E-05 9.9807E-05 0.833304 9.9807E-05 0.0262939 9.9807E-05 9.9807E-05 9.9807E-05 9.9807E-05 9.9807E-05 9.9807E-05 9.9807E-05 9.9807E-05 9.9807E-05 9.9807E-05
9.97983E-05 9.97983E-05 9.97983E-05 0.150544 9.97983E-05 9.97983E-05 9.97983E-05 9.97983E-05 9.97983E-05 9.97983E-05 9.97983E-05 9.97983E-05 9.97983E-05 0.827247 9.97983E-05 0.0199132 9.97983E-05 9.97983E-05 9.97983E-05 9.97983E-05 9.97983E-05 9.97983E-05 9.97983E-05 9.97983E-05 9.97983E-05 9.97983E-05
9.98244E-05 9.98244E-05 9.98244E-05 9.98244E-05 9.98244E-05 0.0364581 0.177304 9.98244E-05 9.98244E-05 9.98244E-05 9.98244E-05 9.98244E-05 0.271335 0.403362 9.98244E-05 9.98244E-05 0.067569 9.98244E-05 9.98244E-05 0.0419756 9.98244E-05 9.98244E-05 9.98244E-05 9.98244E-05 9.98244E-05 9.98244E-05
9.98069E-05 9.98069E-05 9.98069E-05 9.98069E-05 0.0011149 0.0618875 9.98069E-05 9.98069E-05 9.98069E-05 9.98069E-05 9.98069E-05 9.98069E-05 9.98069E-05 0.684738 9.98069E-05 0.250064 9.98069E-05 9.98069E-05 9.98069E-05 9.98069E-05 9.98069E-05 9.98069E-05 9.98069E-05 9.98069E-05 9.98069E-05 9.98069E-05
9.97983E-05 9.97983E-05 9.97983E-05 9.97983E-05 9.97983E-05 0.085081 9.97983E-05 9.97983E-05 9.97983E-05 9.97983E-05 9.97983E-05 9.97983E-05 0.809065 0.103559 9.97983E-05 9.97983E-05 9.97983E-05 9.97983E-05 9.97983E-05 9.97983E-05 9.97983E-05 9.97983E-05 9.97983E-05 9.97983E-05 9.97983E-05 9.97983E-05
9.98246E-05 9.98246E-05 9.98246E-05 0.1728 9.98246E-05 9.98246E-05 9.98246E-05 9.98246E-05 9.98246E-05 9.98246E-05 0.00737884 9.98246E-05 0.187709 0.457214 9.98246E-05 0.0564324 9.98246E-05 9.98246E-05 9.98246E-05 9.98246E-05 9.98246E-05 9.98246E-05 9.98246E-05 9.98246E-05 9.98246E-05 0.116469
9.97895E-05 9.97895E-05 9.97895E-05 9.97895E-05 9.97895E-05 9.97895E-05 9.97895E-05 9.97895E-05 9.97895E-05 9.97895E-05 9.97895E-05 9.97895E-05 9.97895E-05 0.0773536 9.97895E-05 9.97895E-05 9.97895E-05 9.97895E-05 9.97895E-05 9.97895E-05 9.97895E-05 9.97895E-05 9.97895E-05 9.97895E-05 9.97895E-05 0.920251
9.97984E-05 9.97984E-05 9.97984E-05 0.229858 9.97984E-05 9.97984E-05 9.97984E-05 9.97984E-05 9.97984E-05 9.97984E-05 9.97984E-05 9.97984E-05 0.454225 0.313621 9.97984E-05 9.97984E-05 9.97984E-05 9.97984E-05 9.97984E-05 9.97984E-05 9.97984E-05 9.97984E-05 9.97984E-05 9.97984E-05 9.97984E-05 9.97984E-05
9.98245E-05 9.98245E-05 9.98245E-05 9.98245E-05 9.98245E-05 0.0850804 9.98245E-05 9.98245E-05 9.98245E-05 9.98245E-05 9.98245E-05 9.98245E-05 9.98245E-05 0.470469 9.98245E-05 0.201982 9.98245E-05 9.98245E-05 9.98245E-05 9.98245E-05 0.0573471 0.0814607 9.98245E-05 0.101664 9.98245E-05 9.98245E-05
9.98161E-05 9.98161E-05 9.98161E-05 9.98161E-05 0.0528976 0.093842 0.0127474 9.98161E-05 9.98161E-05 9.98161E-05 9.98161E-05 9.98161E-05 9.98161E-05 0.837197 9.98161E-05 9.98161E-05 9.98161E-05 9.98161E-05 9.98161E-05 9.98161E-05 0.0012199 9.98161E-05 9.98161E-05 9.98161E-05 9.98161E-05 9.98161E-05
9.98247E-05 9.98247E-05 9.98247E-05 9.98247E-05 9.98247E-05 0.0985065 0.0420459 9.98247E-05 9.98247E-05 9.98247E-05 0.0196718 9.98247E-05 0.743429 9.98247E-05 9.98247E-05 0.0347752 9.98247E-05 9.98247E-05 9.98247E-05 9.98247E-05 9.98247E-05 9.98247E-05 9.98247E-05 9.98247E-05 0.0595756 9.98247E-05
9.98071E-05 9.98071E-05 9.98071E-05 0.7164 9.98071E-05 9.98071E-05 9.98071E-05 9.98071E-05 9.98071E-05 9.98071E-05 9.98071E-05 9.98071E-05 0.0893621 0.157025 9.98071E-05 0.035017 9.98071E-05 9.98071E-05 9.98071E-05 9.98071E-05 9.98071E-05 9.98071E-05 9.98071E-05 9.98071E-05 9.98071E-05 9.98071E-05
