0.259384 0.112731 0.039196 0.14976 9.98946E-05 9.98946E-05 0.0467878 0.288511 9.98946E-05 9.98946E-05 9.98946E-05 9.98946E-05 0.0287862 9.98946E-05 9.98946E-05 0.055277 0.0183677 9.98946E-05 9.98946E-05 9.98946E-05 9.98946E-05
0.105399 0.196756 0.0151321 9.98947E-05 9.98947E-05 9.98947E-05 0.120861 0.529495 9.98947E-05 0.00349495 9.98947E-05 9.98947E-05 9.98947E-05 9.98947E-05 9.98947E-05 0.0037641 9.98947E-05 0.0236756 9.98947E-05 9.98947E-05 0.000223216
9.98422E-05 0.925359 9.98422E-05 9.98422E-05 9.98422E-05 9.98422E-05 9.98422E-05 9.98422E-05 9.98422E-05 9.98422E-05 9.98422E-05 9.98422E-05 9.98422E-05 9.98422E-05 9.98422E-05 9.98422E-05 9.98422E-05 9.98422E-05 0.00971962 0.0631241 9.98422E-05
9.99034E-05 9.99034E-05 0.0317108 0.0814471 0.0554996 9.99034E-05 9.99034E-05 0.389487 9.99034E-05 0.0160345 9.99034E-05 0.0933059 9.99034E-05 9.99034E-05 0.0143039 0.0158831 9.99034E-05 0.268317 9.99034E-05 9.99034E-05 0.0329122
9.98509E-05 0.861713 9.98509E-05 9.98509E-05 9.98509E-05 9.98509E-05 9.98509E-05 0.0571563 9.98509E-05 9.98509E-05 9.98509E-05 9.98509E-05 9.98509E-05 9.98509E-05 9.98509E-05 9.98509E-05 9.98509E-05 9.98509E-05 0.0209032 9.98509E-05 0.05853
0.241537 9.98947E-05 9.98947E-05 9.98947E-05 9.98947E-05 9.98947E-05 0.0197069 0.292896 9.98947E-05 0.00343552 9.98947E-05 0.169916 9.98947E-05 9.98947E-05 0.135775 9.98947E-05 9.98947E-05 0.0451955 0.0092002 9.98947E-05 0.0811387
0.0378894 9.98948E-05 0.0700163 0.0986621 9.98948E-05 9.98948E-05 0.0826866 0.422207 9.98948E-05 9.98948E-05 9.98948E-05 9.98948E-05 0.0758014 0.0337319 9.98948E-05 0.0309567 9.98948E-05 0.146849 9.98948E-05 9.98948E-05 9.98948E-05
9.98772E-05 9.98772E-05 9.98772E-05 0.175413 9.98772E-05 0.057388 9.98772E-05 0.329234 9.98772E-05 9.98772E-05 9.98772E-05 9.98772E-05 9.98772E-05 9.98772E-05 0.140582 9.98772E-05 0.170977 9.98772E-05 0.0628657 9.98772E-05 0.0621415
9.98684E-05 0.204091 9.98684E-05 9.98684E-05 0.163908 9.98684E-05 9.98684E-05 0.101429 9.98684E-05 9.98684E-05 9.98684E-05 9.98684E-05 0.126347 9.98684E-05 0.20593 0.196797 9.98684E-05 9.98684E-05 9.98684E-05 9.98684E-05 9.98684E-05
9.98508E-05 0.930753 9.98508E-05 9.98508E-05 9.98508E-05 9.98508E-05 9.98508E-05 0.037339 9.98508E-05 9.98508E-05 9.98508E-05 9.98508E-05 0.0161198 9.98508E-05 9.98508E-05 0.0140908 9.98508E-05 9.98508E-05 9.98508E-05 9.98508E-05 9.98508E-05
0.064224 9.98684E-05 0.132105 0.00412125 9.98684E-05 9.98684E-05 9.98684E-05 0.633136 9.98684E-05 9.98684E-05 9.98684E-05 9.98684E-05 0.0419612 9.98684E-05 9.98684E-05 0.122954 9.98684E-05 9.98684E-05 9.98684E-05 9.98684E-05 9.98684E-05
0.00513406 0.918444 0.0220822 9.98596E-05 9.98596E-05 0.00685319 9.98596E-05 9.98596E-05 9.98596E-05 9.98596E-05 9.98596E-05 9.98596E-05 9.98596E-05 9.98596E-05 9.98596E-05 9.98596E-05 9.98596E-05 0.0458883 9.98596E-05 9.98596E-05 9.98596E-05
9.98507E-05 0.431392 9.98507E-05 0.0723603 9.98507E-05 9.98507E-05 9.98507E-05 0.476828 9.98507E-05 9.98507E-05 9.98507E-05 9.98507E-05 9.98507E-05 9.98507E-05 9.98507E-05 0.0177227 9.98507E-05 9.98507E-05 9.98507E-05 9.98507E-05 9.98507E-05
9.98596E-05 9.98596E-05 9.98596E-05 9.98596E-05 9.98596E-05 9.98596E-05 0.014126 0.766374 0.0406338 9.98596E-05 9.98596E-05 9.98596E-05 9.98596E-05 9.98596E-05 9.98596E-05 0.105692 9.98596E-05 9.98596E-05 0.0715761 9.98596E-05 9.98596E-05
0.260228 0.339909 9.98946E-05 0.0216733 0.0848882 9.98946E-05 9.98946E-05 9.98946E-05 9.98946E-05 9.98946E-05 0.00998378 0.101934 0.0311013 9.98946E-05 0.0983376 0.0507454 9.98946E-05 9.98946E-05 9.98946E-05 9.98946E-05 9.98946E-05
0.146463 0.120528 9.98946E-05 0.110644 0.0222951 0.165351 9.98946E-05 0.093664 9.98946E-05 9.98946E-05 9.98946E-05 9.98946E-05 9.98946E-05 9.98946E-05 0.187888 0.104213 9.98946E-05 0.0477552 9.98946E-05 9.98946E-05 9.98946E-05
9.9886E-05 0.506458 0.0371218 9.9886E-05 0.128262 9.9886E-05 0.0534848 0.061772 0.137701 9.9886E-05 0.00870238 9.9886E-05 9.9886E-05 9.9886E-05 9.9886E-05 0.0651988 9.9886E-05 9.9886E-05 9.9886E-05 9.9886E-05 9.9886E-05
0.207072 9.98859E-05 9.98859E-05 0.103456 9.98859E-05 9.98859E-05 9.98859E-05 0.257115 9.98859E-05 0.0893131 9.98859E-05 0.061306 0.0727008 9.98859E-05 9.98859E-05 0.0459061 9.98859E-05 9.98859E-05 9.98859E-05 0.161832 9.98859E-05
9.9877E-05 0.18654 9.9877E-05 0.228218 9.9877E-05 9.9877E-05 9.9877E-05 0.184397 9.9877E-05 9.9877E-05 0.0711946 9.9877E-05 9.9877E-05 9.9877E-05 0.0855863 0.144237 9.9877E-05 0.0984284 9.9877E-05 9.9877E-05 9.9877E-05
9.98334E-05 0.971321 9.98334E-05 9.98334E-05 9.98334E-05 9.98334E-05 9.98334E-05 9.98334E-05 9.98334E-05 0.0267818 9.98334E-05 9.98334E-05 9.98334E-05 9.98334E-05 9.98334E-05 9.98334E-05 9.98334E-05 9.98334E-05 9.98334E-05 9.98334E-05 9.98334E-05
9.98683E-05 9.98683E-05 0.0138319 9.98683E-05 0.162513 0.0535439 9.98683E-05 0.596627 9.98683E-05 9.98683E-05 9.98683E-05 9.98683E-05 9.98683E-05 9.98683E-05 0.0780497 9.98683E-05 9.98683E-05 9.98683E-05 9.98683E-05 9.98683E-05 0.0939368
9.98684E-05 0.249027 9.98684E-05 0.358426 9.98684E-05 9.98684E-05 9.98684E-05 9.98684E-05 9.98684E-05 9.98684E-05 9.98684E-05 0.107864 9.98684E-05 9.98684E-05 0.1819 9.98684E-05 9.98684E-05 0.0714722 0.0298127 9.98684E-05 9.98684E-05
0.228109 0.144211 0.00621717 9.98597E-05 9.98597E-05 9.98597E-05 9.98597E-05 0.497081 9.98597E-05 9.98597E-05 9.98597E-05 9.98597E-05 9.98597E-05 9.98597E-05 9.98597E-05 0.122785 9.98597E-05 9.98597E-05 9.98597E-05 9.98597E-05 9.98597E-05
9.98684E-05 0.228919 9.98684E-05 0.274761 9.98684E-05 0.0301963 9.98684E-05 0.187174 9.98684E-05 9.98684E-05 9.98684E-05 9.98684E-05 0.0441883 9.98684E-05 9.98684E-05 0.233264 9.98684E-05 9.98684E-05 9.98684E-05 9.98684E-05 9.98684E-05
9.99122E-05 0.00957983 0.0169899 0.0821826 0.0110485 9.99122E-05 9.99122E-05 0.354718 9.99122E-05 0.070815 0.0833192 0.141482 0.00612786 9.99122E-05 0.00545872 0.217279 9.99122E-05 9.99122E-05 9.99122E-05 9.99122E-05 9.99122E-05
9.98684E-05 0.656494 9.98684E-05 0.0753569 0.0643209 9.98684E-05 9.98684E-05 0.058102 9.98684E-05 9.98684E-05 9.98684E-05 9.98684E-05 9.98684E-05 9.98684E-05 0.0113695 0.132859 9.98684E-05 9.98684E-05 9.98684E-05 9.98684E-05 9.98684E-05
9.98683E-05 0.054792 9.98683E-05 0.324436 9.98683E-05 0.0742243 9.98683E-05 9.98683E-05 9.98683E-05 9.98683E-05 9.98683E-05 0.352828 9.98683E-05 9.98683E-05 9.98683E-05 0.0652822 9.98683E-05 9.98683E-05 9.98683E-05 0.126939 9.98683E-05
9.98509E-05 0.714655 9.98509E-05 0.0925875 9.98509E-05 9.98509E-05 9.98509E-05 0.113125 9.98509E-05 9.98509E-05 9.98509E-05 9.98509E-05 9.98509E-05 9.98509E-05 9.98509E-05 9.98509E-05 9.98509E-05 0.0779347 9.98509E-05 9.98509E-05 9.98509E-05
0.126504 0.537602 9.98772E-05 0.0697264 9.98772E-05 9.98772E-05 9.98772E-05 0.0118529 9.98772E-05 0.0270183 9.98772E-05 0.0169765 9.98772E-05 9.98772E-05 9.98772E-05 0.208921 9.98772E-05 9.98772E-05 9.98772E-05 9.98772E-05 9.98772E-05
9.9886E-05 0.773086 0.0339843 9.9886E-05 9.9886E-05 9.9886E-05 0.000679241 9.9886E-05 0.00515829 9.9886E-05 9.9886E-05 0.0145981 9.9886E-05 0.00592303 0.0763962 0.0888766 9.9886E-05 9.9886E-05 9.9886E-05 9.9886E-05 9.9886E-05
0.029013 0.816551 0.0880447 9.98596E-05 9.98596E-05 9.98596E-05 9.98596E-05 9.98596E-05 9.98596E-05 9.98596E-05 0.039947 9.98596E-05 9.98596E-05 9.98596E-05 0.024847 9.98596E-05 9.98596E-05 9.98596E-05 9.98596E-05 9.98596E-05 9.98596E-05
9.98598E-05 9.98598E-05 0.0242825 9.98598E-05 9.98598E-05 9.98598E-05 9.98598E-05 0.641556 9.98598E-05 9.98598E-05 9.98598E-05 0.148573 9.98598E-05 9.98598E-05 9.98598E-05 9.98598E-05 9.98598E-05 0.10212 9.98598E-05 9.98598E-05 0.0818705
0.0905508 9.98683E-05 0.027608 0.0658364 9.98683E-05 0.0235445 9.98683E-05 0.683096 9.98683E-05 9.98683E-05 9.98683E-05 9.98683E-05 9.98683E-05 9.98683E-05 9.98683E-05 0.107866 9.98683E-05 9.98683E-05 9.98683E-05 9.98683E-05 9.98683E-05
9.99122E-05 0.0903322 0.00955841 0.0785508 9.99122E-05 9.99122E-05 9.99122E-05 0.491184 0.00856972 9.99122E-05 9.99122E-05 0.0622533 9.99122E-05 0.0445996 9.99122E-05 0.101295 9.99122E-05 0.0331966 0.0383057 0.0411565 9.99122E-05
9.98685E-05 0.822559 0.079264 9.98685E-05 9.98685E-05 9.98685E-05 0.0566461 9.98685E-05 9.98685E-05 0.0340333 9.98685E-05 9.98685E-05 9.98685E-05 9.98685E-05 0.00433578 0.00166427 9.98685E-05 9.98685E-05 9.98685E-05 9.98685E-05 9.98685E-05
9.98772E-05 0.702392 9.98772E-05 0.0358784 0.196505 9.98772E-05 0.0218125 9.98772E-05 9.98772E-05 0.00214944 9.98772E-05 9.98772E-05 9.98772E-05 9.98772E-05 0.0365451 0.00331959 9.98772E-05 9.98772E-05 9.98772E-05 9.98772E-05 9.98772E-05
9.98511E-05 0.836247 9.98511E-05 9.98511E-05 9.98511E-05 9.98511E-05 0.00747109 9.98511E-05 9.98511E-05 9.98511E-05 9.98511E-05 9.98511E-05 9.98511E-05 0.0738431 9.98511E-05 9.98511E-05 9.98511E-05 0.0807414 9.98511E-05 9.98511E-05 9.98511E-05
9.98596E-05 9.98596E-05 9.98596E-05 9.98596E-05 9.98596E-05 9.98596E-05 0.00925159 0.826126 9.98596E-05 0.00175347 9.98596E-05 9.98596E-05 9.98596E-05 9.98596E-05 0.126858 0.0344132 9.98596E-05 9.98596E-05 9.98596E-05 9.98596E-05 9.98596E-05
9.98861E-05 0.579925 0.0406936 0.0332617 9.98861E-05 9.98861E-05 0.0815209 9.98861E-05 0.0403142 9.98861E-05 9.98861E-05 9.98861E-05 9.98861E-05 0.0320441 9.98861E-05 0.189631 9.98861E-05 9.98861E-05 0.00131097 9.98861E-05 9.98861E-05
9.98683E-05 0.0789113 9.98683E-05 9.98683E-05 9.98683E-05 0.0849861 9.98683E-05 0.601016 0.010133 9.98683E-05 9.98683E-05 0.109326 9.98683E-05 9.98683E-05 9.98683E-05 0.11413 9.98683E-05 9.98683E-05 9.98683E-05 9.98683E-05 9.98683E-05
9.98508E-05 0.916753 0.00275931 0.0446117 9.98508E-05 9.98508E-05 9.98508E-05 9.98508E-05 9.98508E-05 9.98508E-05 9.98508E-05 9.98508E-05 9.98508E-05 9.98508E-05 9.98508E-05 0.0341781 9.98508E-05 9.98508E-05 9.98508E-05 9.98508E-05 9.98508E-05
9.98598E-05 0.687525 9.98598E-05 0.205891 9.98598E-05 9.98598E-05 9.98598E-05 9.98598E-05 9.98598E-05 9.98598E-05 9.98598E-05 9.98598E-05 0.055801 9.98598E-05 0.00100945 0.0481759 9.98598E-05 9.98598E-05 9.98598E-05 9.98598E-05 9.98598E-05
9.98684E-05 0.758616 9.98684E-05 0.0772855 9.98684E-05 9.98684E-05 0.0173584 0.0364251 0.0678385 9.98684E-05 9.98684E-05 9.98684E-05 9.98684E-05 9.98684E-05 9.98684E-05 9.98684E-05 9.98684E-05 0.0409783 9.98684E-05 9.98684E-05 9.98684E-05
0.11772 0.352158 0.0409563 0.142012 9.9886E-05 9.9886E-05 9.9886E-05 0.0164724 9.9886E-05 9.9886E-05 9.9886E-05 9.9886E-05 0.0792831 9.9886E-05 0.0685089 0.18159 9.9886E-05 9.9886E-05 9.9886E-05 9.9886E-05 9.9886E-05
9.98596E-05 9.98596E-05 9.98596E-05 0.343377 9.98596E-05 9.98596E-05 9.98596E-05 0.359529 9.98596E-05 9.98596E-05 9.98596E-05 9.98596E-05 9.98596E-05 9.98596E-05 9.98596E-05 0.147175 9.98596E-05 0.108044 0.0402778 9.98596E-05 9.98596E-05
9.98508E-05 0.81606 9.98508E-05 9.98508E-05 9.98508E-05 9.98508E-05 9.98508E-05 0.0932631 9.98508E-05 0.0636463 9.98508E-05 9.98508E-05 9.98508E-05 9.98508E-05 9.98508E-05 9.98508E-05 9.98508E-05 9.98508E-05 9.98508E-05 9.98508E-05 0.0253327
9.9851E-05 9.9851E-05 9.9851E-05 9.9851E-05 9.9851E-05 9.9851E-05 9.9851E-05 0.864697 9.9851E-05 9.9851E-05 9.9851E-05 9.9851E-05 9.9851E-05 9.9851E-05 9.9851E-05 0.0548747 9.9851E-05 0.0618784 9.9851E-05 0.0168527 9.9851E-05
9.98422E-05 0.914459 9.98422E-05 9.98422E-05 9.98422E-05 0.000143211 9.98422E-05 9.98422E-05 9.98422E-05 9.98422E-05 9.98422E-05 9.98422E-05 9.98422E-05 0.0836008 9.98422E-05 9.98422E-05 9.98422E-05 9.98422E-05 9.98422E-05 9.98422E-05 9.98422E-05
0.0033161 0.585266 0.00446291 0.147998 9.98771E-05 9.98771E-05 9.98771E-05 0.0964785 9.98771E-05 9.98771E-05 9.98771E-05 9.98771E-05 9.98771E-05 9.98771E-05 9.98771E-05 0.122478 9.98771E-05 0.038603 9.98771E-05 9.98771E-05 9.98771E-05
9.98423E-05 9.98423E-05 9.98423E-05 9.98423E-05 9.98423E-05 9.98423E-05 9.98423E-05 0.91219 9.98423E-05 9.98423E-05 9.98423E-05 9.98423E-05 9.98423E-05 0.079535 9.98423E-05 9.98423E-05 9.98423E-05 9.98423E-05 0.00647791 9.98423E-05 9.98423E-05
0.0337929 9.98946E-05 0.0674186 0.0190269 9.98946E-05 9.98946E-05 9.98946E-05 0.287887 9.98946E-05 9.98946E-05 9.98946E-05 0.199161 0.00458415 9.98946E-05 0.0732413 0.152159 9.98946E-05 9.98946E-05 9.98946E-05 9.98946E-05 0.161531
9.98595E-05 9.98595E-05 9.98595E-05 0.151744 9.98595E-05 9.98595E-05 9.98595E-05 0.76845 9.98595E-05 9.98595E-05 9.98595E-05 9.98595E-05 0.0567006 9.98595E-05 9.98595E-05 9.98595E-05 9.98595E-05 0.00299222 0.0185154 9.98595E-05 9.98595E-05
9.98509E-05 0.872602 9.98509E-05 9.98509E-05 9.98509E-05 9.98509E-05 9.98509E-05 9.98509E-05 9.98509E-05 9.98509E-05 0.0239121 0.0274824 9.98509E-05 9.98509E-05 9.98509E-05 0.0743065 9.98509E-05 9.98509E-05 9.98509E-05 9.98509E-05 9.98509E-05
9.98509E-05 9.98509E-05 9.98509E-05 9.98509E-05 9.98509E-05 0.0925892 9.98509E-05 0.8867 9.98509E-05 9.98509E-05 9.98509E-05 9.98509E-05 9.98509E-05 0.000831511 9.98509E-05 0.0181815 9.98509E-05 9.98509E-05 9.98509E-05 9.98509E-05 9.98509E-05
9.98511E-05 0.774111 9.98511E-05 9.98511E-05 9.98511E-05 9.98511E-05 9.98511E-05 9.98511E-05 9.98511E-05 9.98511E-05 0.10999 9.98511E-05 9.98511E-05 9.98511E-05 9.98511E-05 0.0967932 9.98511E-05 9.98511E-05 0.0174079 9.98511E-05 9.98511E-05
9.98597E-05 0.71612 0.00555682 9.98597E-05 9.98597E-05 9.98597E-05 9.98597E-05 9.98597E-05 9.98597E-05 0.0122277 9.98597E-05 0.159265 9.98597E-05 9.98597E-05 9.98597E-05 9.98597E-05 9.98597E-05 9.98597E-05 9.98597E-05 9.98597E-05 0.105233
9.98683E-05 0.822709 9.98683E-05 0.0259539 0.0667016 9.98683E-05 9.98683E-05 9.98683E-05 9.98683E-05 9.98683E-05 9.98683E-05 9.98683E-05 9.98683E-05 9.98683E-05 0.0220554 0.000160123 9.98683E-05 9.98683E-05 9.98683E-05 0.0609217 9.98683E-05
9.98596E-05 0.271383 0.0291203 9.98596E-05 9.98596E-05 9.98596E-05 9.98596E-05 0.552729 9.98596E-05 9.98596E-05 9.98596E-05 9.98596E-05 9.98596E-05 9.98596E-05 9.98596E-05 0.0549426 9.98596E-05 0.0902271 9.98596E-05 9.98596E-05 9.98596E-05
9.98333E-05 0.150513 9.98333E-05 9.98333E-05 9.98333E-05 9.98333E-05 9.98333E-05 0.84759 9.98333E-05 9.98333E-05 9.98333E-05 9.98333E-05 9.98333E-05 9.98333E-05 9.98333E-05 9.98333E-05 9.98333E-05 9.98333E-05 9.98333E-05 9.98333E-05 9.98333E-05
0.629542 9.98824E-05 0.0434992 9.98824E-05 9.98824E-05 9.98824E-05 0.0552463 9.98824E-05 9.98824E-05 9.98824E-05 9.98824E-05 0.00792355 9.98824E-05 9.98824E-05 0.0762721 0.0866489 0.0994697 9.98824E-05 9.98824E-05 9.98824E-05 9.98824E-05
0.851718 9.98511E-05 9.98511E-05 0.037068 9.98511E-05 9.98511E-05 9.98511E-05 9.98511E-05 9.98511E-05 9.98511E-05 9.98511E-05 9.98511E-05 0.103768 0.00574834 9.98511E-05 9.98511E-05 9.98511E-05 9.98511E-05 9.98511E-05 9.98511E-05 9.98511E-05
0.886955 9.98509E-05 9.98509E-05 9.98509E-05 9.98509E-05 9.98509E-05 9.98509E-05 9.98509E-05 0.0135366 9.98509E-05 9.98509E-05 9.98509E-05 9.98509E-05 0.0438111 9.98509E-05 9.98509E-05 9.98509E-05 9.98509E-05 9.98509E-05 0.0540002 9.98509E-05
0.265521 9.98772E-05 9.98772E-05 9.98772E-05 9.98772E-05 9.98772E-05 0.367785 9.98772E-05 9.98772E-05 9.98772E-05 9.98772E-05 0.187166 9.98772E-05 0.0731093 0.0775835 0.0079514 9.98772E-05 9.98772E-05 9.98772E-05 0.0194853 9.98772E-05
0.633763 9.99033E-05 9.99033E-05 0.0271045 9.99033E-05 9.99033E-05 9.99033E-05 9.99033E-05 9.99033E-05 0.0658394 9.99033E-05 9.99033E-05 9.99033E-05 0.0507159 0.0212136 0.0497924 9.99033E-05 0.047175 0.00200384 0.0424347 0.0588587
0.635576 9.98769E-05 9.98769E-05 0.0581198 9.98769E-05 9.98769E-05 9.98769E-05 9.98769E-05 9.98769E-05 9.98769E-05 0.0128455 0.011291 0.0504543 9.98769E-05 0.0716707 0.158644 9.98769E-05 9.98769E-05 9.98769E-05 9.98769E-05 9.98769E-05
0.482957 9.98593E-05 0.0281761 9.98593E-05 0.0849484 9.98593E-05 0.265595 9.98593E-05 9.98593E-05 9.98593E-05 9.98593E-05 9.98593E-05 9.98593E-05 9.98593E-05 9.98593E-05 0.136726 9.98593E-05 9.98593E-05 9.98593E-05 9.98593E-05 9.98593E-05
0.575975 9.98769E-05 9.98769E-05 9.98769E-05 9.98769E-05 9.98769E-05 0.113773 9.98769E-05 9.98769E-05 9.98769E-05 9.98769E-05 0.0411855 9.98769E-05 0.0167098 0.0607915 0.0627266 9.98769E-05 9.98769E-05 9.98769E-05 0.12744 9.98769E-05
0.94694 9.98333E-05 9.98333E-05 9.98333E-05 9.98333E-05 9.98333E-05 0.0511627 9.98333E-05 9.98333E-05 9.98333E-05 9.98333E-05 9.98333E-05 9.98333E-05 9.98333E-05 9.98333E-05 9.98333E-05 9.98333E-05 9.98333E-05 9.98333E-05 9.98333E-05 9.98333E-05
0.872022 9.98508E-05 0.0690481 9.98508E-05 9.98508E-05 9.98508E-05 9.98508E-05 9.98508E-05 9.98508E-05 9.98508E-05 9.98508E-05 9.98508E-05 9.98508E-05 9.98508E-05 9.98508E-05 0.0418913 9.98508E-05 0.0153411 9.98508E-05 9.98508E-05 9.98508E-05
0.5284 9.98593E-05 0.1558 9.98593E-05 9.98593E-05 9.98593E-05 9.98593E-05 9.98593E-05 9.98593E-05 9.98593E-05 9.98593E-05 9.98593E-05 9.98593E-05 9.98593E-05 0.0463781 0.26447 9.98593E-05 0.00335464 9.98593E-05 9.98593E-05 9.98593E-05
0.420373 9.9921E-05 0.0437897 0.141361 9.9921E-05 0.0262654 0.08141 9.9921E-05 9.9921E-05 0.00133225 0.0199328 9.9921E-05 9.9921E-05 0.016576 0.02122 0.0985096 9.9921E-05 0.0443335 0.0839973 9.9921E-05 9.9921E-05
0.50546 9.98857E-05 0.0834666 9.98857E-05 9.98857E-05 0.0374296 9.98857E-05 9.98857E-05 9.98857E-05 9.98857E-05 9.98857E-05 0.0963093 9.98857E-05 9.98857E-05 0.0946177 0.017121 9.98857E-05 0.00535079 9.98857E-05 9.98857E-05 0.158947
0.513064 9.98594E-05 9.98594E-05 0.146347 9.98594E-05 9.98594E-05 9.98594E-05 9.98594E-05 9.98594E-05 9.98594E-05 0.00282254 9.98594E-05 9.98594E-05 9.98594E-05 9.98594E-05 0.210473 9.98594E-05 9.98594E-05 9.98594E-05 9.98594E-05 0.125695
0.894869 9.98511E-05 0.0102816 9.98511E-05 9.98511E-05 9.98511E-05 9.98511E-05 9.98511E-05 9.98511E-05 9.98511E-05 9.98511E-05 0.0347797 9.98511E-05 9.98511E-05 9.98511E-05 9.98511E-05 9.98511E-05 9.98511E-05 0.058372 9.98511E-05 9.98511E-05
0.950206 9.98509E-05 9.98509E-05 9.98509E-05 0.036778 9.98509E-05 9.98509E-05 9.98509E-05 9.98509E-05 9.98509E-05 9.98509E-05 9.98509E-05 9.98509E-05 9.98509E-05 0.0104506 0.000868436 9.98509E-05 9.98509E-05 9.98509E-05 9.98509E-05 9.98509E-05
0.627307 9.98594E-05 9.98594E-05 9.98594E-05 9.98594E-05 9.98594E-05 9.98594E-05 9.98594E-05 9.98594E-05 9.98594E-05 9.98594E-05 0.0602732 9.98594E-05 9.98594E-05 9.98594E-05 0.048273 0.129891 9.98594E-05 9.98594E-05 0.132658 9.98594E-05
0.584053 9.98594E-05 0.10172 0.143962 9.98594E-05 9.98594E-05 9.98594E-05 9.98594E-05 9.98594E-05 9.98594E-05 9.98594E-05 9.98594E-05 9.98594E-05 9.98594E-05 0.0571912 9.98594E-05 9.98594E-05 0.111475 9.98594E-05 9.98594E-05 9.98594E-05
0.816814 9.98507E-05 0.0448222 9.98507E-05 9.98507E-05 9.98507E-05 9.98507E-05 9.98507E-05 9.98507E-05 9.98507E-05 9.98507E-05 9.98507E-05 9.98507E-05 9.98507E-05 9.98507E-05 0.0190037 9.98507E-05 9.98507E-05 9.98507E-05 0.117662 9.98507E-05
0.66386 9.98592E-05 0.000789442 9.98592E-05 9.98592E-05 0.0586528 9.98592E-05 9.98592E-05 9.98592E-05 0.0551074 9.98592E-05 9.98592E-05 9.98592E-05 9.98592E-05 9.98592E-05 0.219992 9.98592E-05 9.98592E-05 9.98592E-05 9.98592E-05 9.98592E-05
0.926504 9.98336E-05 9.98336E-05 9.98336E-05 9.98336E-05 9.98336E-05 9.98336E-05 9.98336E-05 0.0715993 9.98336E-05 9.98336E-05 9.98336E-05 9.98336E-05 9.98336E-05 9.98336E-05 9.98336E-05 9.98336E-05 9.98336E-05 9.98336E-05 9.98336E-05 9.98336E-05
0.73295 9.98506E-05 9.98506E-05 0.22726 9.98506E-05 9.98506E-05 9.98506E-05 9.98506E-05 9.98506E-05 9.98506E-05 9.98506E-05 9.98506E-05 9.98506E-05 9.98506E-05 0.00405112 0.0340412 9.98506E-05 9.98506E-05 9.98506E-05 9.98506E-05 9.98506E-05
0.740384 9.98598E-05 9.98598E-05 0.00656787 9.98598E-05 9.98598E-05 9.98598E-05 9.98598E-05 9.98598E-05 9.98598E-05 0.0343046 0.214433 9.98598E-05 9.98598E-05 9.98598E-05 0.00271263 9.98598E-05 9.98598E-05 9.98598E-05 9.98598E-05 9.98598E-05
0.584275 9.99035E-05 9.99035E-05 9.99035E-05 9.99035E-05 9.99035E-05 9.99035E-05 0.025588 9.99035E-05 9.99035E-05 9.99035E-05 0.0126133 0.103424 0.0215911 0.0315123 0.0509555 0.00290363 0.13863 9.99035E-05 0.0274083 9.99035E-05
0.762092 9.98506E-05 0.17797 9.98506E-05 0.0436872 9.98506E-05 9.98506E-05 9.98506E-05 9.98506E-05 9.98506E-05 9.98506E-05 9.98506E-05 9.98506E-05 9.98506E-05 9.98506E-05 0.0145532 9.98506E-05 9.98506E-05 9.98506E-05 9.98506E-05 9.98506E-05
0.931305 9.98685E-05 9.98685E-05 9.98685E-05 9.98685E-05 9.98685E-05 0.00548167 9.98685E-05 9.98685E-05 0.0217877 9.98685E-05 9.98685E-05 9.98685E-05 9.98685E-05 0.0211282 0.00911629 9.98685E-05 9.98685E-05 0.00968361 9.98685E-05 9.98685E-05
0.998004 9.98246E-05 9.98246E-05 9.98246E-05 9.98246E-05 9.98246E-05 9.98246E-05 9.98246E-05 9.98246E-05 9.98246E-05 9.98246E-05 9.98246E-05 9.98246E-05 9.98246E-05 9.98246E-05 9.98246E-05 9.98246E-05 9.98246E-05 9.98246E-05 9.98246E-05 9.98246E-05
0.998004 9.98247E-05 9.98247E-05 9.98247E-05 9.98247E-05 9.98247E-05 9.98247E-05 9.98247E-05 9.98247E-05 9.98247E-05 9.98247E-05 9.98247E-05 9.98247E-05 9.98247E-05 9.98247E-05 9.98247E-05 9.98247E-05 9.98247E-05 9.98247E-05 9.98247E-05 9.98247E-05
0.870032 9.98509E-05 9.98509E-05 9.98509E-05 9.98509E-05 9.98509E-05 9.98509E-05 9.98509E-05 9.98509E-05 9.98509E-05 9.98509E-05 9.98509E-05 9.98509E-05 9.98509E-05 0.0066162 0.00381158 9.98509E-05 9.98509E-05 9.98509E-05 0.117843 9.98509E-05
0.701686 9.9851E-05 9.9851E-05 9.9851E-05 9.9851E-05 9.9851E-05 9.9851E-05 9.9851E-05 0.0503358 9.9851E-05 9.9851E-05 9.9851E-05 9.9851E-05 9.9851E-05 0.0866077 0.159673 9.9851E-05 9.9851E-05 9.9851E-05 9.9851E-05 9.9851E-05
9.98419E-05 9.98419E-05 9.98419E-05 9.98419E-05 9.98419E-05 9.98419E-05 9.98419E-05 9.98419E-05 9.98419E-05 9.98419E-05 9.98419E-05 0.849998 9.98419E-05 9.98419E-05 0.0377974 0.110407 9.98419E-05 9.98419E-05 9.98419E-05 9.98419E-05 9.98419E-05
9.9851E-05 9.9851E-05 9.9851E-05 9.9851E-05 9.9851E-05 9.9851E-05 9.9851E-05 9.9851E-05 0.390573 9.9851E-05 9.9851E-05 0.542166 9.9851E-05 9.9851E-05 0.0461268 0.0194364 9.9851E-05 9.9851E-05 9.9851E-05 9.9851E-05 9.9851E-05
9.98421E-05 9.98421E-05 9.98421E-05 9.98421E-05 9.98421E-05 9.98421E-05 9.98421E-05 9.98421E-05 9.98421E-05 9.98421E-05 0.00554434 0.925596 9.98421E-05 9.98421E-05 9.98421E-05 0.0670621 9.98421E-05 9.98421E-05 9.98421E-05 9.98421E-05 9.98421E-05
9.98419E-05 9.98419E-05 9.98419E-05 9.98419E-05 9.98419E-05 9.98419E-05 9.98419E-05 9.98419E-05 9.98419E-05 9.98419E-05 9.98419E-05 0.817103 9.98419E-05 9.98419E-05 0.00651286 0.174587 9.98419E-05 9.98419E-05 9.98419E-05 9.98419E-05 9.98419E-05
9.98595E-05 9.98595E-05 9.98595E-05 9.98595E-05 9.98595E-05 9.98595E-05 9.98595E-05 9.98595E-05 9.98595E-05 9.98595E-05 9.98595E-05 0.920463 0.0193402 0.0180522 0.0288793 9.98595E-05 9.98595E-05 9.98595E-05 0.0116679 9.98595E-05 9.98595E-05
9.98596E-05 9.98596E-05 9.98596E-05 9.98596E-05 9.98596E-05 9.98596E-05 0.0893814 9.98596E-05 9.98596E-05 9.98596E-05 9.98596E-05 0.646003 9.98596E-05 9.98596E-05 0.136214 0.0816005 9.98596E-05 0.0452034 9.98596E-05 9.98596E-05 9.98596E-05
9.98597E-05 9.98597E-05 0.0193158 0.0334425 9.98597E-05 9.98597E-05 9.98597E-05 9.98597E-05 9.98597E-05 9.98597E-05 9.98597E-05 0.661643 9.98597E-05 9.98597E-05 0.138343 0.145658 9.98597E-05 9.98597E-05 9.98597E-05 9.98597E-05 9.98597E-05
9.98332E-05 9.98332E-05 9.98332E-05 9.98332E-05 9.98332E-05 9.98332E-05 9.98332E-05 9.98332E-05 9.98332E-05 9.98332E-05 9.98332E-05 0.832589 9.98332E-05 9.98332E-05 0.165514 9.98332E-05 9.98332E-05 9.98332E-05 9.98332E-05 9.98332E-05 9.98332E-05
9.98506E-05 9.98506E-05 0.091488 9.98506E-05 9.98506E-05 9.98506E-05 0.271024 9.98506E-05 9.98506E-05 9.98506E-05 9.98506E-05 0.422815 9.98506E-05 9.98506E-05 0.212976 9.98506E-05 9.98506E-05 9.98506E-05 9.98506E-05 9.98506E-05 9.98506E-05
9.98508E-05 9.98508E-05 9.98508E-05 0.0209322 9.98508E-05 9.98508E-05 9.98508E-05 9.98508E-05 9.98508E-05 9.98508E-05 9.98508E-05 0.500001 9.98508E-05 9.98508E-05 0.1853 0.292069 9.98508E-05 9.98508E-05 9.98508E-05 9.98508E-05 9.98508E-05
9.98303E-05 9.98303E-05 0.0210944 9.98303E-05 9.98303E-05 9.98303E-05 0.253228 9.98303E-05 0.188386 9.98303E-05 9.98303E-05 0.535595 9.98303E-05 9.98303E-05 9.98303E-05 9.98303E-05 9.98303E-05 9.98303E-05 9.98303E-05 9.98303E-05 9.98303E-05
9.98597E-05 9.98597E-05 0.00215164 9.98597E-05 9.98597E-05 9.98597E-05 0.150417 9.98597E-05 0.0672512 9.98597E-05 9.98597E-05 0.731683 9.98597E-05 9.98597E-05 9.98597E-05 0.0468991 9.98597E-05 9.98597E-05 9.98597E-05 9.98597E-05 9.98597E-05
9.98511E-05 9.98511E-05 9.98511E-05 9.98511E-05 9.98511E-05 9.98511E-05 9.98511E-05 9.98511E-05 0.0377896 9.98511E-05 9.98511E-05 0.724141 9.98511E-05 9.98511E-05 0.1465 9.98511E-05 9.98511E-05 0.0898714 9.98511E-05 9.98511E-05 9.98511E-05
9.9851E-05 9.9851E-05 9.9851E-05 9.9851E-05 9.9851E-05 9.9851E-05 9.9851E-05 9.9851E-05 0.0317345 9.9851E-05 9.9851E-05 0.632005 9.9851E-05 9.9851E-05 0.127558 0.207005 9.9851E-05 9.9851E-05 9.9851E-05 9.9851E-05 9.9851E-05
9.98599E-05 9.98599E-05 0.0263636 9.98599E-05 9.98599E-05 0.0451547 9.98599E-05 9.98599E-05 9.98599E-05 9.98599E-05 9.98599E-05 0.778646 9.98599E-05 9.98599E-05 0.0270891 9.98599E-05 9.98599E-05 9.98599E-05 9.98599E-05 0.121149 9.98599E-05
9.98684E-05 9.98684E-05 9.98684E-05 0.0180418 9.98684E-05 9.98684E-05 0.116455 9.98684E-05 9.98684E-05 9.98684E-05 9.98684E-05 0.65756 9.98684E-05 9.98684E-05 0.0258475 0.0783004 0.102296 9.98684E-05 9.98684E-05 9.98684E-05 9.98684E-05
9.98684E-05 9.98684E-05 9.98684E-05 9.98684E-05 9.98684E-05 9.98684E-05 0.229068 9.98684E-05 0.0125998 0.00317709 9.98684E-05 0.718427 0.00717851 9.98684E-05 0.0280518 9.98684E-05 9.98684E-05 9.98684E-05 9.98684E-05 9.98684E-05 9.98684E-05
9.98686E-05 9.98686E-05 9.98686E-05 0.0276852 9.98686E-05 9.98686E-05 9.98686E-05 0.0112702 9.98686E-05 9.98686E-05 9.98686E-05 0.776431 9.98686E-05 0.0127745 0.12036 9.98686E-05 9.98686E-05 9.98686E-05 0.0499811 9.98686E-05 9.98686E-05
9.98597E-05 9.98597E-05 0.043024 9.98597E-05 9.98597E-05 9.98597E-05 9.98597E-05 9.98597E-05 0.082214 9.98597E-05 9.98597E-05 0.763684 9.98597E-05 9.98597E-05 0.0840482 9.98597E-05 9.98597E-05 9.98597E-05 9.98597E-05 9.98597E-05 0.0254323
9.98684E-05 9.98684E-05 9.98684E-05 9.98684E-05 0.0935125 9.98684E-05 9.98684E-05 9.98684E-05 0.173247 0.0761602 9.98684E-05 0.450168 9.98684E-05 9.98684E-05 0.120353 0.0850621 9.98684E-05 9.98684E-05 9.98684E-05 9.98684E-05 9.98684E-05
9.98684E-05 9.98684E-05 9.98684E-05 9.98684E-05 9.98684E-05 9.98684E-05 0.154322 9.98684E-05 0.00752172 9.98684E-05 9.98684E-05 0.643092 9.98684E-05 9.98684E-05 0.00136487 0.0459747 9.98684E-05 0.146227 9.98684E-05 9.98684E-05 9.98684E-05
9.98421E-05 9.98421E-05 9.98421E-05 9.98421E-05 9.98421E-05 9.98421E-05 9.98421E-05 9.98421E-05 9.98421E-05 9.98421E-05 9.98421E-05 0.947066 9.98421E-05 9.98421E-05 9.98421E-05 0.0222337 9.98421E-05 9.98421E-05 9.98421E-05 0.0289035 9.98421E-05
9.98683E-05 9.98683E-05 9.98683E-05 9.98683E-05 9.98683E-05 9.98683E-05 0.0506982 9.98683E-05 9.98683E-05 0.0829906 9.98683E-05 0.407305 9.98683E-05 9.98683E-05 0.249686 0.204484 9.98683E-05 9.98683E-05 9.98683E-05 9.98683E-05 0.00333881
9.98684E-05 9.98684E-05 9.98684E-05 9.98684E-05 9.98684E-05 9.98684E-05 9.98684E-05 9.98684E-05 0.11296 9.98684E-05 0.0395183 0.571576 9.98684E-05 9.98684E-05 0.169021 0.0188657 9.98684E-05 9.98684E-05 0.0865615 9.98684E-05 9.98684E-05
9.98684E-05 9.98684E-05 9.98684E-05 9.98684E-05 9.98684E-05 9.98684E-05 0.0122325 9.98684E-05 9.98684E-05 0.0837184 9.98684E-05 0.424012 9.98684E-05 0.0671963 0.190704 0.220639 9.98684E-05 9.98684E-05 9.98684E-05 9.98684E-05 9.98684E-05
0.0772106 9.98859E-05 9.98859E-05 0.0490067 9.98859E-05 0.00543108 0.109514 9.98859E-05 0.105002 9.98859E-05 9.98859E-05 0.487331 9.98859E-05 9.98859E-05 0.097889 0.0673175 9.98859E-05 9.98859E-05 9.98859E-05 9.98859E-05 9.98859E-05
9.98859E-05 9.98859E-05 9.98859E-05 9.98859E-05 0.0695067 9.98859E-05 9.98859E-05 9.98859E-05 0.583578 9.98859E-05 9.98859E-05 0.211991 0.026296 0.0346622 9.98859E-05 0.0599134 0.00167671 9.98859E-05 0.011078 9.98859E-05 9.98859E-05
9.98418E-05 9.98418E-05 9.98418E-05 9.98418E-05 9.98418E-05 9.98418E-05 9.98418E-05 9.98418E-05 9.98418E-05 9.98418E-05 9.98418E-05 0.91994 9.98418E-05 9.98418E-05 0.0385143 0.0397486 9.98418E-05 9.98418E-05 9.98418E-05 9.98418E-05 9.98418E-05
9.98509E-05 9.98509E-05 9.98509E-05 9.98509E-05 9.98509E-05 9.98509E-05 0.0351174 9.98509E-05 9.98509E-05 9.98509E-05 9.98509E-05 0.567863 9.98509E-05 9.98509E-05 0.209335 0.185987 9.98509E-05 9.98509E-05 9.98509E-05 9.98509E-05 9.98509E-05
9.9851E-05 9.9851E-05 9.9851E-05 9.9851E-05 9.9851E-05 9.9851E-05 9.9851E-05 9.9851E-05 0.0136352 9.9851E-05 9.9851E-05 0.795331 9.9851E-05 9.9851E-05 9.9851E-05 0.0642771 9.9851E-05 9.9851E-05 0.125059 9.9851E-05 9.9851E-05
9.98598E-05 9.98598E-05 9.98598E-05 9.98598E-05 9.98598E-05 0.0625824 0.0561206 9.98598E-05 9.98598E-05 9.98598E-05 9.98598E-05 0.643386 9.98598E-05 9.98598E-05 0.0256675 0.210645 9.98598E-05 9.98598E-05 9.98598E-05 9.98598E-05 9.98598E-05
9.98421E-05 9.98421E-05 9.98421E-05 9.98421E-05 9.98421E-05 0.0856748 9.98421E-05 9.98421E-05 9.98421E-05 0.0198062 9.98421E-05 0.892722 9.98421E-05 9.98421E-05 9.98421E-05 9.98421E-05 9.98421E-05 9.98421E-05 9.98421E-05 9.98421E-05 9.98421E-05
9.98595E-05 9.98595E-05 9.98595E-05 9.98595E-05 9.98595E-05 9.98595E-05 9.98595E-05 9.98595E-05 9.98595E-05 0.0475352 9.98595E-05 0.368101 9.98595E-05 9.98595E-05 0.267815 0.144452 9.98595E-05 9.98595E-05 0.170499 9.98595E-05 9.98595E-05
9.98682E-05 9.98682E-05 0.0100547 0.160933 9.98682E-05 9.98682E-05 9.98682E-05 9.98682E-05 9.98682E-05 0.0505656 9.98682E-05 0.694061 9.98682E-05 9.98682E-05 0.0775159 0.00537185 9.98682E-05 9.98682E-05 9.98682E-05 9.98682E-05 9.98682E-05
9.98333E-05 9.98333E-05 9.98333E-05 9.98333E-05 9.98333E-05 9.98333E-05 9.98333E-05 9.98333E-05 9.98333E-05 9.98333E-05 9.98333E-05 0.979549 9.98333E-05 9.98333E-05 9.98333E-05 0.0185545 9.98333E-05 9.98333E-05 9.98333E-05 9.98333E-05 9.98333E-05
9.98859E-05 9.98859E-05 0.0365316 9.98859E-05 9.98859E-05 9.98859E-05 0.0809768 9.98859E-05 0.0449012 9.98859E-05 0.032623 0.702649 0.00525244 9.98859E-05 0.00677671 9.98859E-05 9.98859E-05 0.088991 9.98859E-05 9.98859E-05 9.98859E-05
9.98507E-05 9.98507E-05 9.98507E-05 9.98507E-05 9.98507E-05 9.98507E-05 9.98507E-05 9.98507E-05 9.98507E-05 9.98507E-05 9.98507E-05 0.687617 9.98507E-05 9.98507E-05 0.0824209 0.208653 9.98507E-05 9.98507E-05 9.98507E-05 0.0196114 9.98507E-05
9.98595E-05 9.98595E-05 9.98595E-05 9.98595E-05 9.98595E-05 9.98595E-05 9.98595E-05 9.98595E-05 0.511124 9.98595E-05 9.98595E-05 0.352654 9.98595E-05 9.98595E-05 0.0766976 9.98595E-05 0.0242342 9.98595E-05 9.98595E-05 9.98595E-05 0.0336927
9.9851E-05 9.9851E-05 9.9851E-05 9.9851E-05 9.9851E-05 9.9851E-05 9.9851E-05 9.9851E-05 0.140527 0.00150135 9.9851E-05 0.788978 9.9851E-05 9.9851E-05 9.9851E-05 0.0672969 9.9851E-05 9.9851E-05 9.9851E-05 9.9851E-05 9.9851E-05
9.98511E-05 9.98511E-05 9.98511E-05 9.98511E-05 9.98511E-05 9.98511E-05 9.98511E-05 9.98511E-05 0.230494 9.98511E-05 9.98511E-05 0.700985 9.98511E-05 9.98511E-05 0.00851874 9.98511E-05 9.98511E-05 9.98511E-05 0.0583055 9.98511E-05 9.98511E-05
9.98421E-05 9.98421E-05 9.98421E-05 9.98421E-05 9.98421E-05 9.98421E-05 9.98421E-05 9.98421E-05 0.324805 9.98421E-05 9.98421E-05 0.636281 9.98421E-05 9.98421E-05 0.0371174 9.98421E-05 9.98421E-05 9.98421E-05 9.98421E-05 9.98421E-05 9.98421E-05
9.98508E-05 9.98508E-05 9.98508E-05 9.98508E-05 9.98508E-05 9.98508E-05 0.074822 9.98508E-05 9.98508E-05 9.98508E-05 9.98508E-05 0.528504 9.98508E-05 9.98508E-05 0.0751069 0.31987 9.98508E-05 9.98508E-05 9.98508E-05 9.98508E-05 9.98508E-05
9.98508E-05 9.98508E-05 9.98508E-05 9.98508E-05 9.98508E-05 9.98508E-05 9.98508E-05 9.98508E-05 9.98508E-05 9.98508E-05 0.010996 0.86068 9.98508E-05 9.98508E-05 0.0855627 9.98508E-05 9.98508E-05 9.98508E-05 0.0410634 9.98508E-05 9.98508E-05
9.98596E-05 9.98596E-05 9.98596E-05 9.98596E-05 9.98596E-05 9.98596E-05 9.98596E-05 9.98596E-05 0.573508 0.0820154 9.98596E-05 0.112192 9.98596E-05 9.98596E-05 0.140786 0.0899006 9.98596E-05 9.98596E-05 9.98596E-05 9.98596E-05 9.98596E-05
9.98508E-05 9.98508E-05 9.98508E-05 9.98508E-05 9.98508E-05 9.98508E-05 9.98508E-05 9.98508E-05 0.451788 9.98508E-05 0.0288684 0.444798 9.98508E-05 9.98508E-05 9.98508E-05 0.0728484 9.98508E-05 9.98508E-05 9.98508E-05 9.98508E-05 9.98508E-05
9.98946E-05 9.98946E-05 0.000252933 0.0754477 0.0397086 9.98946E-05 0.144893 9.98946E-05 9.98946E-05 0.0708085 9.98946E-05 0.464811 9.98946E-05 0.00764029 0.161741 9.98946E-05 9.98946E-05 9.98946E-05 9.98946E-05 0.0334996 9.98946E-05
0.155535 9.9851E-05 9.9851E-05 9.9851E-05 9.9851E-05 9.9851E-05 9.9851E-05 9.9851E-05 9.9851E-05 9.9851E-05 9.9851E-05 0.610497 9.9851E-05 9.9851E-05 0.100371 0.131899 9.9851E-05 9.9851E-05 9.9851E-05 9.9851E-05 9.9851E-05
9.98774E-05 9.98774E-05 9.98774E-05 0.0181627 9.98774E-05 9.98774E-05 0.134177 9.98774E-05 0.00789017 9.98774E-05 9.98774E-05 0.503099 0.114529 9.98774E-05 0.199997 0.0207469 9.98774E-05 9.98774E-05 9.98774E-05 9.98774E-05 9.98774E-05
9.98509E-05 9.98509E-05 9.98509E-05 0.0226846 9.98509E-05 9.98509E-05 9.98509E-05 9.98509E-05 9.98509E-05 9.98509E-05 9.98509E-05 0.458134 9.98509E-05 9.98509E-05 0.283803 0.23368 9.98509E-05 9.98509E-05 9.98509E-05 9.98509E-05 9.98509E-05
9.98421E-05 9.98421E-05 9.98421E-05 9.98421E-05 9.98421E-05 9.98421E-05 9.98421E-05 9.98421E-05 0.3761 9.98421E-05 9.98421E-05 0.609215 9.98421E-05 9.98421E-05 9.98421E-05 0.0128879 9.98421E-05 9.98421E-05 9.98421E-05 9.98421E-05 9.98421E-05
9.98771E-05 9.98771E-05 9.98771E-05 9.98771E-05 0.0239008 9.98771E-05 9.98771E-05 9.98771E-05 9.98771E-05 0.046665 9.98771E-05 0.635102 0.0201821 0.122754 9.98771E-05 0.141796 9.98771E-05 0.00820185 9.98771E-05 9.98771E-05 9.98771E-05
9.98597E-05 9.98597E-05 9.98597E-05 9.98597E-05 9.98597E-05 9.98597E-05 9.98597E-05 9.98597E-05 0.470771 9.98597E-05 9.98597E-05 0.384439 9.98597E-05 9.98597E-05 0.0821116 0.020095 9.98597E-05 9.98597E-05 0.0409851 9.98597E-05 9.98597E-05
9.98597E-05 9.98597E-05 0.0222678 9.98597E-05 9.98597E-05 9.98597E-05 9.98597E-05 9.98597E-05 0.139484 9.98597E-05 9.98597E-05 0.600513 9.98597E-05 9.98597E-05 0.0730539 0.163083 9.98597E-05 9.98597E-05 9.98597E-05 9.98597E-05 9.98597E-05
9.98595E-05 9.98595E-05 9.98595E-05 9.98595E-05 9.98595E-05 0.0746284 9.98595E-05 9.98595E-05 9.98595E-05 9.98595E-05 9.98595E-05 0.82923 9.98595E-05 9.98595E-05 0.0898305 9.98595E-05 0.00358095 9.98595E-05 9.98595E-05 0.00113208 9.98595E-05
9.9842E-05 9.9842E-05 0.0242936 9.9842E-05 9.9842E-05 9.9842E-05 9.9842E-05 9.9842E-05 9.9842E-05 9.9842E-05 9.9842E-05 0.821942 9.9842E-05 9.9842E-05 9.9842E-05 9.9842E-05 9.9842E-05 0.151967 9.9842E-05 9.9842E-05 9.9842E-05
9.98507E-05 9.98507E-05 9.98507E-05 9.98507E-05 9.98507E-05 9.98507E-05 0.130998 9.98507E-05 9.98507E-05 9.98507E-05 9.98507E-05 0.561256 9.98507E-05 9.98507E-05 0.187195 0.118854 9.98507E-05 9.98507E-05 9.98507E-05 9.98507E-05 9.98507E-05
9.98421E-05 9.98421E-05 9.98421E-05 9.98421E-05 9.98421E-05 9.98421E-05 9.98421E-05 9.98421E-05 9.98421E-05 9.98421E-05 9.98421E-05 0.781607 9.98421E-05 9.98421E-05 0.142837 0.0737589 9.98421E-05 9.98421E-05 9.98421E-05 9.98421E-05 9.98421E-05
9.98507E-05 9.98507E-05 0.0171195 9.98507E-05 9.98507E-05 0.0175075 9.98507E-05 9.98507E-05 9.98507E-05 9.98507E-05 9.98507E-05 0.959753 9.98507E-05 9.98507E-05 9.98507E-05 0.00392273 9.98507E-05 9.98507E-05 9.98507E-05 9.98507E-05 9.98507E-05
9.98509E-05 9.98509E-05 9.98509E-05 9.98509E-05 9.98509E-05 9.98509E-05 9.98509E-05 9.98509E-05 0.0277364 0.0675582 9.98509E-05 0.825142 9.98509E-05 9.98509E-05 9.98509E-05 0.0778654 9.98509E-05 9.98509E-05 9.98509E-05 9.98509E-05 9.98509E-05
9.98596E-05 9.98596E-05 9.98596E-05 9.98596E-05 9.98596E-05 9.98596E-05 0.0853112 9.98596E-05 0.0764763 9.98596E-05 9.98596E-05 0.725936 9.98596E-05 9.98596E-05 0.0951726 0.015506 9.98596E-05 9.98596E-05 9.98596E-05 9.98596E-05 9.98596E-05
9.98243E-05 9.98243E-05 9.98243E-05 9.98243E-05 9.98243E-05 9.98243E-05 9.98243E-05 9.98243E-05 9.98243E-05 9.98243E-05 9.98243E-05 9.98243E-05 9.98243E-05 9.98243E-05 9.98243E-05 0.998004 9.98243E-05 9.98243E-05 9.98243E-05 9.98243E-05 9.98243E-05
9.98244E-05 9.98244E-05 9.98244E-05 9.98244E-05 9.98244E-05 9.98244E-05 9.98244E-05 9.98244E-05 9.98244E-05 9.98244E-05 9.98244E-05 9.98244E-05 9.98244E-05 9.98244E-05 0.998004 9.98244E-05 9.98244E-05 9.98244E-05 9.98244E-05 9.98244E-05 9.98244E-05
9.98242E-05 9.98242E-05 9.98242E-05 9.98242E-05 9.98242E-05 9.98242E-05 9.98242E-05 9.98242E-05 9.98242E-05 9.98242E-05 9.98242E-05 9.98242E-05 9.98242E-05 9.98242E-05 9.98242E-05 0.998004 9.98242E-05 9.98242E-05 9.98242E-05 9.98242E-05 9.98242E-05
9.98242E-05 9.98242E-05 9.98242E-05 9.98242E-05 9.98242E-05 9.98242E-05 9.98242E-05 9.98242E-05 9.98242E-05 9.98242E-05 9.98242E-05 9.98242E-05 9.98242E-05 9.98242E-05 0.998004 9.98242E-05 9.98242E-05 9.98242E-05 9.98242E-05 9.98242E-05 9.98242E-05
9.98242E-05 9.98242E-05 9.98242E-05 9.98242E-05 9.98242E-05 9.98242E-05 9.98242E-05 9.98242E-05 9.98242E-05 9.98242E-05 9.98242E-05 9.98242E-05 9.98242E-05 9.98242E-05 0.998004 9.98242E-05 9.98242E-05 9.98242E-05 9.98242E-05 9.98242E-05 9.98242E-05
9.98243E-05 9.98243E-05 9.98243E-05 9.98243E-05 9.98243E-05 9.98243E-05 9.98243E-05 9.98243E-05 9.98243E-05 9.98243E-05 9.98243E-05 9.98243E-05 9.98243E-05 9.98243E-05 0.998004 9.98243E-05 9.98243E-05 9.98243E-05 9.98243E-05 9.98243E-05 9.98243E-05
9.98241E-05 9.98241E-05 9.98241E-05 9.98241E-05 9.98241E-05 9.98241E-05 9.98241E-05 9.98241E-05 9.98241E-05 9.98241E-05 9.98241E-05 9.98241E-05 9.98241E-05 9.98241E-05 9.98241E-05 0.998004 9.98241E-05 9.98241E-05 9.98241E-05 9.98241E-05 9.98241E-05
9.98243E-05 9.98243E-05 9.98243E-05 9.98243E-05 9.98243E-05 9.98243E-05 9.98243E-05 9.98243E-05 9.98243E-05 9.98243E-05 9.98243E-05 9.98243E-05 9.98243E-05 9.98243E-05 0.998004 9.98243E-05 9.98243E-05 9.98243E-05 9.98243E-05 9.98243E-05 9.98243E-05
9.98241E-05 9.98241E-05 9.98241E-05 9.98241E-05 9.98241E-05 9.98241E-05 9.98241E-05 9.98241E-05 9.98241E-05 9.98241E-05 9.98241E-05 9.98241E-05 9.98241E-05 9.98241E-05 0.998004 9.98241E-05 9.98241E-05 9.98241E-05 9.98241E-05 9.98241E-05 9.98241E-05
9.98241E-05 9.98241E-05 9.98241E-05 9.98241E-05 9.98241E-05 9.98241E-05 9.98241E-05 9.98241E-05 9.98241E-05 9.98241E-05 9.98241E-05 9.98241E-05 9.98241E-05 9.98241E-05 9.98241E-05 0.998004 9.98241E-05 9.98241E-05 9.98241E-05 9.98241E-05 9.98241E-05
9.98243E-05 9.98243E-05 9.98243E-05 9.98243E-05 9.98243E-05 9.98243E-05 9.98243E-05 9.98243E-05 9.98243E-05 9.98243E-05 9.98243E-05 9.98243E-05 9.98243E-05 9.98243E-05 9.98243E-05 0.998004 9.98243E-05 9.98243E-05 9.98243E-05 9.98243E-05 9.98243E-05
9.98242E-05 9.98242E-05 9.98242E-05 9.98242E-05 9.98242E-05 9.98242E-05 9.98242E-05 9.98242E-05 9.98242E-05 9.98242E-05 9.98242E-05 9.98242E-05 9.98242E-05 9.98242E-05 9.98242E-05 0.998004 9.98242E-05 9.98242E-05 9.98242E-05 9.98242E-05 9.98242E-05
9.98242E-05 9.98242E-05 9.98242E-05 9.98242E-05 9.98242E-05 9.98242E-05 9.98242E-05 9.98242E-05 9.98242E-05 9.98242E-05 9.98242E-05 9.98242E-05 9.98242E-05 9.98242E-05 0.998004 9.98242E-05 9.98242E-05 9.98242E-05 9.98242E-05 9.98242E-05 9.98242E-05
9.98242E-05 9.98242E-05 9.98242E-05 9.98242E-05 9.98242E-05 9.98242E-05 9.98242E-05 9.98242E-05 9.98242E-05 9.98242E-05 9.98242E-05 9.98242E-05 9.98242E-05 9.98242E-05 0.998004 9.98242E-05 9.98242E-05 9.98242E-05 9.98242E-05 9.98242E-05 9.98242E-05
9.98242E-05 9.98242E-05 9.98242E-05 9.98242E-05 9.98242E-05 9.98242E-05 9.98242E-05 9.98242E-05 9.98242E-05 9.98242E-05 9.98242E-05 9.98242E-05 9.98242E-05 9.98242E-05 9.98242E-05 0.998004 9.98242E-05 9.98242E-05 9.98242E-05 9.98242E-05 9.98242E-05
9.98242E-05 9.98242E-05 9.98242E-05 9.98242E-05 9.98242E-05 9.98242E-05 9.98242E-05 9.98242E-05 9.98242E-05 9.98242E-05 9.98242E-05 9.98242E-05 9.98242E-05 9.98242E-05 9.98242E-05 0.998004 9.98242E-05 9.98242E-05 9.98242E-05 9.98242E-05 9.98242E-05
9.98595E-05 9.98595E-05 9.98595E-05 9.98595E-05 9.98595E-05 9.98595E-05 9.98595E-05 9.98595E-05 9.98595E-05 9.98595E-05 9.98595E-05 0.562425 9.98595E-05 0.101512 0.0333999 0.132826 9.98595E-05 0.16824 9.98595E-05 9.98595E-05 9.98595E-05
9.98244E-05 9.98244E-05 9.98244E-05 9.98244E-05 9.98244E-05 9.98244E-05 9.98244E-05 9.98244E-05 9.98244E-05 9.98244E-05 9.98244E-05 9.98244E-05 9.98244E-05 9.98244E-05 9.98244E-05 0.998004 9.98244E-05 9.98244E-05 9.98244E-05 9.98244E-05 9.98244E-05
