9.99298E-05 0.00371264 9.99298E-05 9.99298E-05 0.0566586 0.269701 9.99298E-05 0.010389 9.99298E-05 0.115088 0.201478 9.99298E-05 9.99298E-05 0.0475091 0.12677 0.167894 9.99298E-05
9.98948E-05 9.98948E-05 9.98948E-05 9.98948E-05 9.98948E-05 0.268434 9.98948E-05 0.118802 9.98948E-05 0.492287 0.0960699 9.98948E-05 9.98948E-05 9.98948E-05 9.98948E-05 0.0232083 9.98948E-05
9.98596E-05 9.98596E-05 9.98596E-05 9.98596E-05 9.98596E-05 9.98596E-05 9.98596E-05 9.98596E-05 9.98596E-05 0.998402 9.98596E-05 9.98596E-05 9.98596E-05 9.98596E-05 9.98596E-05 9.98596E-05 9.98596E-05
0.357492 0.00638796 9.9921E-05 9.9921E-05 0.0232223 9.9921E-05 9.9921E-05 9.9921E-05 9.9921E-05 0.306957 9.9921E-05 9.9921E-05 0.0584017 9.9921E-05 0.129209 0.0178909 0.0995396
9.98947E-05 9.98947E-05 9.98947E-05 9.98947E-05 9.98947E-05 0.844509 9.98947E-05 9.98947E-05 0.0493838 0.00872504 9.98947E-05 9.98947E-05 0.0246871 9.98947E-05 9.98947E-05 9.98947E-05 0.0714964
9.9921E-05 0.10526 9.9921E-05 0.00867008 9.9921E-05 9.9921E-05 9.9921E-05 0.102648 0.0511971 0.31559 0.135295 9.9921E-05 0.123069 9.9921E-05 9.9921E-05 9.9921E-05 0.157371
0.0257468 9.99519E-05 9.99519E-05 9.99519E-05 0.00843626 0.179844 9.99519E-05 0.205201 0.0247116 0.130358 0.0537879 9.99519E-05 0.108378 0.080053 0.0969961 0.0858874 9.99519E-05
9.99211E-05 0.136086 9.99211E-05 0.0381933 9.99211E-05 9.99211E-05 0.0470254 9.99211E-05 0.13833 0.329316 0.0402982 9.99211E-05 0.0899314 9.99211E-05 0.17992 9.99211E-05 9.99211E-05
0.0725985 0.198385 9.99122E-05 9.99122E-05 0.223334 0.121498 9.99122E-05 9.99122E-05 0.00123321 0.226245 9.99122E-05 9.99122E-05 9.99122E-05 0.155708 9.99122E-05 9.99122E-05 9.99122E-05
9.98683E-05 9.98683E-05 9.98683E-05 9.98683E-05 0.0248139 0.973688 9.98683E-05 9.98683E-05 9.98683E-05 9.98683E-05 9.98683E-05 9.98683E-05 9.98683E-05 9.98683E-05 9.98683E-05 9.98683E-05 9.98683E-05
9.99034E-05 9.99034E-05 9.99034E-05 9.99034E-05 0.140549 0.25382 9.99034E-05 9.99034E-05 9.99034E-05 0.337784 0.130476 9.99034E-05 9.99034E-05 9.99034E-05 0.0227423 0.113529 9.99034E-05
9.98596E-05 9.98596E-05 9.98596E-05 9.98596E-05 9.98596E-05 9.98596E-05 9.98596E-05 9.98596E-05 9.98596E-05 0.998402 9.98596E-05 9.98596E-05 9.98596E-05 9.98596E-05 9.98596E-05 9.98596E-05 9.98596E-05
9.98859E-05 0.00332206 9.98859E-05 9.98859E-05 0.117482 0.86213 9.98859E-05 9.98859E-05 9.98859E-05 9.98859E-05 9.98859E-05 9.98859E-05 9.98859E-05 9.98859E-05 0.0157669 9.98859E-05 9.98859E-05
9.99035E-05 9.99035E-05 9.99035E-05 9.99035E-05 0.0560833 9.99035E-05 0.0525258 0.0103285 9.99035E-05 0.842768 9.99035E-05 9.99035E-05 9.99035E-05 9.99035E-05 9.99035E-05 0.0255422 0.0116532
9.99122E-05 0.13005 9.99122E-05 9.99122E-05 0.114552 0.359148 9.99122E-05 9.99122E-05 9.99122E-05 9.99122E-05 0.173419 9.99122E-05 0.0696554 0.0242483 9.99122E-05 9.99122E-05 0.127928
0.205602 0.187127 9.9921E-05 9.9921E-05 0.0851767 9.9921E-05 0.143609 9.9921E-05 9.9921E-05 0.250316 0.0965498 9.9921E-05 9.9921E-05 9.9921E-05 0.0305147 0.00020601 9.9921E-05
0.166519 9.99123E-05 0.137229 9.99123E-05 0.0373739 0.551416 9.99123E-05 0.0107547 9.99123E-05 9.99123E-05 9.99123E-05 9.99123E-05 9.99123E-05 0.00176999 9.99123E-05 0.0939385 9.99123E-05
9.99122E-05 0.0262753 9.99122E-05 0.149165 0.11396 9.99122E-05 9.99122E-05 9.99122E-05 9.99122E-05 0.262027 0.201322 0.092951 9.99122E-05 9.99122E-05 0.153301 9.99122E-05 9.99122E-05
9.99209E-05 0.165258 9.99209E-05 0.0627514 0.150539 0.38765 9.99209E-05 9.99209E-05 9.99209E-05 0.0098734 9.99209E-05 9.99209E-05 0.0546411 9.99209E-05 0.130869 0.0375183 9.99209E-05
9.98597E-05 9.98597E-05 9.98597E-05 9.98597E-05 9.98597E-05 0.998402 9.98597E-05 9.98597E-05 9.98597E-05 9.98597E-05 9.98597E-05 9.98597E-05 9.98597E-05 9.98597E-05 9.98597E-05 9.98597E-05 9.98597E-05
0.206961 0.0964349 9.98946E-05 9.98946E-05 0.0180349 9.98946E-05 9.98946E-05 9.98946E-05 9.98946E-05 0.607151 9.98946E-05 9.98946E-05 9.98946E-05 9.98946E-05 9.98946E-05 0.0702196 9.98946E-05
9.98948E-05 0.10214 9.98948E-05 9.98948E-05 9.98948E-05 0.349441 9.98948E-05 9.98948E-05 0.179238 9.98948E-05 9.98948E-05 9.98948E-05 0.103709 9.98948E-05 0.264274 9.98948E-05 9.98948E-05
9.98947E-05 9.98947E-05 9.98947E-05 9.98947E-05 0.0381116 9.98947E-05 9.98947E-05 0.00678488 9.98947E-05 0.736556 0.205623 9.98947E-05 9.98947E-05 9.98947E-05 9.98947E-05 9.98947E-05 0.0117253
0.00595081 9.99122E-05 9.99122E-05 9.99122E-05 0.170212 0.144241 9.99122E-05 9.99122E-05 9.99122E-05 0.236456 0.0107692 9.99122E-05 9.99122E-05 0.0672268 0.364145 9.99122E-05 9.99122E-05
0.0880138 0.0853824 9.99121E-05 9.99121E-05 0.199247 9.99121E-05 9.99121E-05 9.99121E-05 9.99121E-05 0.331844 9.99121E-05 0.101532 9.99121E-05 0.0236637 9.99121E-05 9.99121E-05 0.169318
0.079306 9.99034E-05 9.99034E-05 9.99034E-05 0.0917916 0.296678 9.99034E-05 9.99034E-05 9.99034E-05 0.425752 9.99034E-05 9.99034E-05 9.99034E-05 9.99034E-05 0.0256818 9.99034E-05 0.0796914
9.99034E-05 9.99034E-05 9.99034E-05 0.0967716 0.120058 0.0800073 0.0689945 9.99034E-05 9.99034E-05 9.99034E-05 9.99034E-05 9.99034E-05 9.99034E-05 9.99034E-05 0.336095 9.99034E-05 0.296975
0.103324 9.9886E-05 9.9886E-05 9.9886E-05 0.0144262 0.875871 9.9886E-05 9.9886E-05 9.9886E-05 9.9886E-05 9.9886E-05 9.9886E-05 9.9886E-05 9.9886E-05 9.9886E-05 9.9886E-05 0.00508043
0.0246308 9.9921E-05 9.9921E-05 9.9921E-05 0.157058 0.29837 9.9921E-05 9.9921E-05 9.9921E-05 0.42547 0.00787405 0.0161884 9.9921E-05 9.9921E-05 0.0549936 9.9921E-05 0.0145162
9.99035E-05 9.99035E-05 0.0691175 9.99035E-05 0.041473 0.111942 9.99035E-05 0.0147752 9.99035E-05 0.738574 0.0230201 9.99035E-05 9.99035E-05 9.99035E-05 9.99035E-05 9.99035E-05 9.99035E-05
9.99034E-05 0.00579013 9.99034E-05 9.99034E-05 0.0149853 0.739633 9.99034E-05 9.99034E-05 9.99034E-05 9.99034E-05 0.0910563 9.99034E-05 0.0217187 9.99034E-05 9.99034E-05 0.125718 9.99034E-05
0.0846676 9.99123E-05 9.99123E-05 9.99123E-05 0.0713566 0.32541 9.99123E-05 9.99123E-05 9.99123E-05 0.208978 9.99123E-05 9.99123E-05 9.99123E-05 9.99123E-05 0.0419545 0.0485901 0.218044
9.98946E-05 9.98946E-05 9.98946E-05 9.98946E-05 0.0692779 9.98946E-05 0.00560249 9.98946E-05 9.98946E-05 0.703774 9.98946E-05 9.98946E-05 9.98946E-05 9.98946E-05 0.146101 0.0740453 9.98946E-05
9.99034E-05 9.99034E-05 9.99034E-05 0.00745099 0.0879532 9.99034E-05 9.99034E-05 9.99034E-05 9.99034E-05 0.706939 9.99034E-05 0.0241885 9.99034E-05 9.99034E-05 0.113844 9.99034E-05 0.058526
9.98947E-05 9.98947E-05 9.98947E-05 9.98947E-05 0.00701209 0.885334 9.98947E-05 0.0396915 9.98947E-05 9.98947E-05 9.98947E-05 0.0331704 9.98947E-05 9.98947E-05 9.98947E-05 0.033593 9.98947E-05
0.19354 0.049492 9.98772E-05 9.98772E-05 9.98772E-05 0.75557 9.98772E-05 9.98772E-05 9.98772E-05 9.98772E-05 9.98772E-05 9.98772E-05 9.98772E-05 9.98772E-05 9.98772E-05 9.98772E-05 9.98772E-05
9.9886E-05 9.9886E-05 9.9886E-05 9.9886E-05 9.9886E-05 0.783599 0.0514477 9.9886E-05 9.9886E-05 9.9886E-05 9.9886E-05 9.9886E-05 0.142257 9.9886E-05 9.9886E-05 0.0213968 9.9886E-05
9.98771E-05 0.0873059 9.98771E-05 9.98771E-05 0.0144862 9.98771E-05 9.98771E-05 9.98771E-05 9.98771E-05 0.89681 9.98771E-05 9.98771E-05 9.98771E-05 9.98771E-05 9.98771E-05 9.98771E-05 9.98771E-05
9.99298E-05 9.99298E-05 0.0634573 9.99298E-05 0.108495 0.0186965 9.99298E-05 0.0961358 0.035122 0.562686 9.99298E-05 9.99298E-05 0.0344372 9.99298E-05 0.068744 0.0114264 9.99298E-05
9.98946E-05 9.98946E-05 9.98946E-05 9.98946E-05 0.0857949 9.98946E-05 0.183404 9.98946E-05 9.98946E-05 0.625685 9.98946E-05 9.98946E-05 9.98946E-05 9.98946E-05 0.0200013 9.98946E-05 0.0839156
9.98859E-05 9.98859E-05 9.98859E-05 9.98859E-05 0.0246596 0.923607 9.98859E-05 9.98859E-05 9.98859E-05 9.98859E-05 9.98859E-05 9.98859E-05 9.98859E-05 9.98859E-05 0.0379689 0.0124655 9.98859E-05
9.99036E-05 0.0451664 9.99036E-05 9.99036E-05 0.051137 0.651475 9.99036E-05 0.0120999 9.99036E-05 9.99036E-05 9.99036E-05 9.99036E-05 9.99036E-05 0.0504536 0.188569 9.99036E-05 9.99036E-05
9.98859E-05 9.98859E-05 0.0356844 9.98859E-05 9.98859E-05 0.934035 9.98859E-05 0.0238856 0.00509606 9.98859E-05 9.98859E-05 9.98859E-05 9.98859E-05 9.98859E-05 9.98859E-05 9.98859E-05 9.98859E-05
9.9921E-05 0.110683 9.9921E-05 9.9921E-05 0.157063 0.209914 9.9921E-05 9.9921E-05 9.9921E-05 0.139151 0.184991 9.9921E-05 9.9921E-05 0.0568969 0.109057 0.0313451 9.9921E-05
9.98858E-05 9.98858E-05 9.98858E-05 9.98858E-05 0.14154 9.98858E-05 9.98858E-05 9.98858E-05 9.98858E-05 0.349897 9.98858E-05 9.98858E-05 0.226821 9.98858E-05 0.280443 9.98858E-05 9.98858E-05
0.0524499 9.98858E-05 9.98858E-05 9.98858E-05 9.98858E-05 0.641976 9.98858E-05 9.98858E-05 9.98858E-05 0.239967 9.98858E-05 0.0643086 9.98858E-05 9.98858E-05 9.98858E-05 9.98858E-05 9.98858E-05
9.98947E-05 0.0647603 9.98947E-05 0.00098216 0.0143605 0.300082 9.98947E-05 9.98947E-05 9.98947E-05 0.618616 9.98947E-05 9.98947E-05 9.98947E-05 9.98947E-05 9.98947E-05 9.98947E-05 9.98947E-05
9.98772E-05 9.98772E-05 9.98772E-05 9.98772E-05 0.0156392 0.371944 9.98772E-05 9.98772E-05 9.98772E-05 0.611018 9.98772E-05 9.98772E-05 9.98772E-05 9.98772E-05 9.98772E-05 9.98772E-05 9.98772E-05
0.0241972 9.99034E-05 9.99034E-05 9.99034E-05 0.128113 0.500703 9.99034E-05 9.99034E-05 9.99034E-05 0.186714 9.99034E-05 9.99034E-05 9.99034E-05 9.99034E-05 0.119996 0.0391777 9.99034E-05
9.98861E-05 9.98861E-05 9.98861E-05 0.0334111 9.98861E-05 9.98861E-05 0.0231748 9.98861E-05 9.98861E-05 0.89321 9.98861E-05 9.98861E-05 0.048905 9.98861E-05 9.98861E-05 9.98861E-05 9.98861E-05
0.0492861 0.0645381 9.99122E-05 9.99122E-05 0.186277 9.99122E-05 9.99122E-05 9.99122E-05 9.99122E-05 0.425157 9.99122E-05 9.99122E-05 9.99122E-05 9.99122E-05 0.0486087 0.104646 0.120487
9.98946E-05 9.98946E-05 9.98946E-05 9.98946E-05 9.98946E-05 9.98946E-05 0.0167313 9.98946E-05 0.0346948 0.711718 9.98946E-05 9.98946E-05 9.98946E-05 0.0489806 0.186677 9.98946E-05 9.98946E-05
9.98772E-05 9.98772E-05 9.98772E-05 0.0160073 0.00608644 0.976508 9.98772E-05 9.98772E-05 9.98772E-05 9.98772E-05 9.98772E-05 9.98772E-05 9.98772E-05 9.98772E-05 9.98772E-05 9.98772E-05 9.98772E-05
9.9886E-05 9.9886E-05 9.9886E-05 0.0180959 9.9886E-05 9.9886E-05 0.176072 9.9886E-05 9.9886E-05 0.802222 9.9886E-05 0.00231129 9.9886E-05 9.9886E-05 9.9886E-05 9.9886E-05 9.9886E-05
9.98861E-05 9.98861E-05 9.98861E-05 9.98861E-05 0.106497 0.752878 9.98861E-05 9.98861E-05 0.0227049 9.98861E-05 9.98861E-05 9.98861E-05 9.98861E-05 0.116622 9.98861E-05 9.98861E-05 9.98861E-05
9.98948E-05 9.98948E-05 9.98948E-05 9.98948E-05 9.98948E-05 0.777442 9.98948E-05 9.98948E-05 0.0446967 9.98948E-05 9.98948E-05 0.0479178 9.98948E-05 9.98948E-05 9.98948E-05 0.00056292 0.128182
9.9877E-05 9.9877E-05 9.9877E-05 0.097227 9.9877E-05 0.876639 0.0247354 9.9877E-05 9.9877E-05 9.9877E-05 9.9877E-05 9.9877E-05 9.9877E-05 9.9877E-05 9.9877E-05 9.9877E-05 9.9877E-05
9.98772E-05 9.98772E-05 9.98772E-05 9.98772E-05 9.98772E-05 9.98772E-05 9.98772E-05 9.98772E-05 9.98772E-05 0.927051 9.98772E-05 9.98772E-05 0.0562804 9.98772E-05 9.98772E-05 0.01527 9.98772E-05
9.98947E-05 9.98947E-05 9.98947E-05 9.98947E-05 0.0258398 0.315021 0.00592739 9.98947E-05 0.0244706 0.627542 9.98947E-05 9.98947E-05 9.98947E-05 9.98947E-05 9.98947E-05 9.98947E-05 9.98947E-05
9.99121E-05 0.0552457 9.99121E-05 0.0105212 0.139484 9.99121E-05 9.99121E-05 0.0054827 9.99121E-05 9.99121E-05 0.759938 9.99121E-05 9.99121E-05 9.99121E-05 9.99121E-05 0.0253694 0.00296003
0.013447 9.98685E-05 9.98685E-05 9.98685E-05 9.98685E-05 9.98685E-05 9.98685E-05 9.98685E-05 9.98685E-05 9.98685E-05 0.985055 9.98685E-05 9.98685E-05 9.98685E-05 9.98685E-05 9.98685E-05 9.98685E-05
9.98684E-05 9.98684E-05 9.98684E-05 0.0635967 9.98684E-05 9.98684E-05 9.98684E-05 9.98684E-05 9.98684E-05 9.98684E-05 0.934905 9.98684E-05 9.98684E-05 9.98684E-05 9.98684E-05 9.98684E-05 9.98684E-05
9.99034E-05 0.120981 9.99034E-05 0.0158107 0.0281541 9.99034E-05 9.99034E-05 0.265055 9.99034E-05 9.99034E-05 0.377014 9.99034E-05 9.99034E-05 9.99034E-05 9.99034E-05 9.99034E-05 0.191887
0.0890523 0.0928462 9.9912E-05 0.0312379 9.9912E-05 9.9912E-05 9.9912E-05 9.9912E-05 0.00805644 9.9912E-05 0.594146 0.0730411 9.9912E-05 9.9912E-05 0.110621 9.9912E-05 9.9912E-05
9.98944E-05 0.0478706 9.98944E-05 9.98944E-05 0.188566 9.98944E-05 9.98944E-05 9.98944E-05 9.98944E-05 9.98944E-05 0.660566 9.98944E-05 9.98944E-05 9.98944E-05 0.0742229 0.0275755 9.98944E-05
0.0934857 9.98945E-05 9.98945E-05 9.98945E-05 0.0745536 9.98945E-05 9.98945E-05 0.200842 9.98945E-05 9.98945E-05 0.614616 9.98945E-05 9.98945E-05 9.98945E-05 9.98945E-05 0.0153034 9.98945E-05
9.99121E-05 0.0758047 9.99121E-05 0.122562 0.0775698 9.99121E-05 9.99121E-05 0.117277 9.99121E-05 9.99121E-05 0.523595 9.99121E-05 9.99121E-05 9.99121E-05 9.99121E-05 0.021204 0.0609874
9.98596E-05 9.98596E-05 9.98596E-05 9.98596E-05 9.98596E-05 9.98596E-05 9.98596E-05 9.98596E-05 9.98596E-05 9.98596E-05 0.998402 9.98596E-05 9.98596E-05 9.98596E-05 9.98596E-05 9.98596E-05 9.98596E-05
0.0879191 0.0724541 9.98859E-05 9.98859E-05 9.98859E-05 9.98859E-05 9.98859E-05 9.98859E-05 9.98859E-05 9.98859E-05 0.832986 9.98859E-05 9.98859E-05 9.98859E-05 9.98859E-05 0.00534215 9.98859E-05
9.98944E-05 0.0710597 9.98944E-05 9.98944E-05 0.213035 9.98944E-05 9.98944E-05 9.98944E-05 9.98944E-05 9.98944E-05 0.536735 9.98944E-05 0.0218064 9.98944E-05 9.98944E-05 0.156165 9.98944E-05
0.106541 9.99121E-05 9.99121E-05 9.99121E-05 0.0738765 9.99121E-05 0.108965 0.0906544 9.99121E-05 9.99121E-05 0.377157 9.99121E-05 9.99121E-05 9.99121E-05 0.176693 0.0651125 9.99121E-05
0.0157934 0.153579 9.99121E-05 9.99121E-05 9.99121E-05 9.99121E-05 0.0448974 9.99121E-05 0.161245 9.99121E-05 0.521267 9.99121E-05 0.000316599 9.99121E-05 9.99121E-05 0.101903 9.99121E-05
9.99033E-05 9.99033E-05 9.99033E-05 9.99033E-05 0.172874 9.99033E-05 9.99033E-05 0.0772357 0.0390428 9.99033E-05 0.386242 9.99033E-05 0.00126621 9.99033E-05 0.322241 9.99033E-05 9.99033E-05
9.98598E-05 9.98598E-05 9.98598E-05 9.98598E-05 9.98598E-05 9.98598E-05 9.98598E-05 9.98598E-05 9.98598E-05 9.98598E-05 0.998402 9.98598E-05 9.98598E-05 9.98598E-05 9.98598E-05 9.98598E-05 9.98598E-05
0.0384467 0.0223922 9.98772E-05 9.98772E-05 9.98772E-05 9.98772E-05 9.98772E-05 9.98772E-05 9.98772E-05 9.98772E-05 0.937763 9.98772E-05 9.98772E-05 9.98772E-05 9.98772E-05 9.98772E-05 9.98772E-05
9.99209E-05 9.99209E-05 9.99209E-05 0.0165655 0.0465588 9.99209E-05 0.10279 9.99209E-05 0.0280566 9.99209E-05 0.683158 9.99209E-05 0.0313083 0.084675 9.99209E-05 9.99209E-05 0.00598848
0.0269785 0.0559877 9.98946E-05 9.98946E-05 9.98946E-05 9.98946E-05 9.98946E-05 9.98946E-05 9.98946E-05 9.98946E-05 0.648896 9.98946E-05 9.98946E-05 9.98946E-05 0.066792 0.200147 9.98946E-05
0.114614 9.98946E-05 9.98946E-05 0.0489749 0.0202508 9.98946E-05 9.98946E-05 9.98946E-05 9.98946E-05 9.98946E-05 0.814858 9.98946E-05 9.98946E-05 9.98946E-05 9.98946E-05 0.000104286 9.98946E-05
9.98944E-05 9.98944E-05 9.98944E-05 0.00402698 0.208907 9.98944E-05 0.112359 9.98944E-05 9.98944E-05 9.98944E-05 0.641006 0.0325029 9.98944E-05 9.98944E-05 9.98944E-05 9.98944E-05 9.98944E-05
9.98686E-05 9.98686E-05 0.0321524 9.98686E-05 9.98686E-05 9.98686E-05 9.98686E-05 9.98686E-05 9.98686E-05 9.98686E-05 0.96635 9.98686E-05 9.98686E-05 9.98686E-05 9.98686E-05 9.98686E-05 9.98686E-05
9.99121E-05 0.00064458 9.99121E-05 9.99121E-05 0.00901383 9.99121E-05 0.0207547 0.0392639 9.99121E-05 9.99121E-05 0.581156 9.99121E-05 0.0393875 9.99121E-05 0.30878 9.99121E-05 9.99121E-05
9.98772E-05 9.98772E-05 9.98772E-05 9.98772E-05 0.0282468 9.98772E-05 9.98772E-05 9.98772E-05 9.98772E-05 9.98772E-05 0.622883 9.98772E-05 9.98772E-05 9.98772E-05 9.98772E-05 9.98772E-05 0.347472
9.98948E-05 0.0543155 9.98948E-05 0.0951635 9.98948E-05 9.98948E-05 9.98948E-05 9.98948E-05 9.98948E-05 9.98948E-05 0.692603 9.98948E-05 0.152036 9.98948E-05 9.98948E-05 0.00468302 9.98948E-05
0.099836 9.98857E-05 9.98857E-05 9.98857E-05 0.0514135 9.98857E-05 9.98857E-05 9.98857E-05 9.98857E-05 9.98857E-05 0.664306 9.98857E-05 9.98857E-05 9.98857E-05 9.98857E-05 0.183146 9.98857E-05
9.98773E-05 0.0216053 9.98773E-05 9.98773E-05 9.98773E-05 9.98773E-05 9.98773E-05 9.98773E-05 9.98773E-05 0.0334706 0.943526 9.98773E-05 9.98773E-05 9.98773E-05 9.98773E-05 9.98773E-05 9.98773E-05
9.98684E-05 9.98684E-05 9.98684E-05 9.98684E-05 9.98684E-05 9.98684E-05 9.98684E-05 9.98684E-05 9.98684E-05 9.98684E-05 0.963178 9.98684E-05 9.98684E-05 0.0353241 9.98684E-05 9.98684E-05 9.98684E-05
9.98597E-05 9.98597E-05 9.98597E-05 9.98597E-05 9.98597E-05 9.98597E-05 9.98597E-05 9.98597E-05 9.98597E-05 9.98597E-05 0.998402 9.98597E-05 9.98597E-05 9.98597E-05 9.98597E-05 9.98597E-05 9.98597E-05
9.98946E-05 0.0456984 9.98946E-05 0.144683 0.0088479 0.0490704 9.98946E-05 9.98946E-05 9.98946E-05 9.98946E-05 0.750502 9.98946E-05 9.98946E-05 9.98946E-05 9.98946E-05 9.98946E-05 9.98946E-05
9.9886E-05 0.0931521 0.174216 9.9886E-05 0.155199 9.9886E-05 9.9886E-05 9.9886E-05 9.9886E-05 9.9886E-05 0.576134 9.9886E-05 9.9886E-05 9.9886E-05 9.9886E-05 9.9886E-05 9.9886E-05
9.9886E-05 0.118589 9.9886E-05 9.9886E-05 0.0960255 9.9886E-05 9.9886E-05 9.9886E-05 0.00352858 9.9886E-05 9.9886E-05 9.9886E-05 9.9886E-05 9.9886E-05 9.9886E-05 9.9886E-05 0.780559
9.9886E-05 0.00956105 0.417681 9.9886E-05 0.00217063 9.9886E-05 9.9886E-05 9.9886E-05 9.9886E-05 9.9886E-05 9.9886E-05 9.9886E-05 9.9886E-05 9.9886E-05 9.9886E-05 9.9886E-05 0.569289
9.98858E-05 9.98858E-05 9.98858E-05 0.0132636 0.0469659 9.98858E-05 9.98858E-05 9.98858E-05 9.98858E-05 9.98858E-05 9.98858E-05 9.98858E-05 9.98858E-05 9.98858E-05 9.98858E-05 0.0113428 0.927129
9.98857E-05 0.0331617 9.98857E-05 0.00151687 0.131601 9.98857E-05 9.98857E-05 9.98857E-05 9.98857E-05 9.98857E-05 9.98857E-05 9.98857E-05 9.98857E-05 9.98857E-05 9.98857E-05 9.98857E-05 0.832422
9.98769E-05 0.053233 9.98769E-05 0.00312786 9.98769E-05 9.98769E-05 9.98769E-05 9.98769E-05 9.98769E-05 9.98769E-05 9.98769E-05 9.98769E-05 9.98769E-05 9.98769E-05 9.98769E-05 9.98769E-05 0.942241
9.98859E-05 0.209209 9.98859E-05 9.98859E-05 0.14827 9.98859E-05 9.98859E-05 0.0463674 9.98859E-05 9.98859E-05 9.98859E-05 9.98859E-05 9.98859E-05 9.98859E-05 9.98859E-05 9.98859E-05 0.594855
9.99034E-05 0.0463447 9.99034E-05 0.0142844 0.100745 9.99034E-05 9.99034E-05 9.99034E-05 9.99034E-05 9.99034E-05 9.99034E-05 9.99034E-05 9.99034E-05 9.99034E-05 0.0493975 0.00970559 0.778424
9.98683E-05 0.202254 9.98683E-05 9.98683E-05 9.98683E-05 9.98683E-05 9.98683E-05 9.98683E-05 9.98683E-05 9.98683E-05 9.98683E-05 9.98683E-05 9.98683E-05 9.98683E-05 9.98683E-05 9.98683E-05 0.796248
9.98945E-05 0.30791 9.98945E-05 9.98945E-05 0.0140445 9.98945E-05 9.98945E-05 0.21942 9.98945E-05 9.98945E-05 9.98945E-05 9.98945E-05 9.98945E-05 9.98945E-05 0.020718 9.98945E-05 0.436709
9.98771E-05 0.192184 9.98771E-05 9.98771E-05 0.250082 9.98771E-05 9.98771E-05 9.98771E-05 9.98771E-05 9.98771E-05 9.98771E-05 9.98771E-05 9.98771E-05 9.98771E-05 9.98771E-05 9.98771E-05 0.556336
9.98859E-05 9.98859E-05 0.243777 9.98859E-05 0.0384356 9.98859E-05 9.98859E-05 0.260697 9.98859E-05 9.98859E-05 9.98859E-05 9.98859E-05 9.98859E-05 9.98859E-05 9.98859E-05 9.98859E-05 0.455792
9.99035E-05 9.99035E-05 0.0159572 9.99035E-05 0.097241 9.99035E-05 9.99035E-05 0.0614314 9.99035E-05 0.0179611 9.99035E-05 9.99035E-05 9.99035E-05 9.99035E-05 9.99035E-05 0.00391205 0.802398
9.98686E-05 0.0310571 9.98686E-05 9.98686E-05 9.98686E-05 9.98686E-05 9.98686E-05 9.98686E-05 9.98686E-05 9.98686E-05 9.98686E-05 9.98686E-05 9.98686E-05 9.98686E-05 9.98686E-05 9.98686E-05 0.967445
9.98948E-05 0.143945 0.0348618 9.98948E-05 0.290761 9.98948E-05 9.98948E-05 0.0074143 9.98948E-05 9.98948E-05 9.98948E-05 9.98948E-05 9.98948E-05 9.98948E-05 9.98948E-05 9.98948E-05 0.521819
9.98948E-05 0.0644625 0.0417242 0.129924 9.98948E-05 9.98948E-05 9.98948E-05 9.98948E-05 9.98948E-05 9.98948E-05 9.98948E-05 9.98948E-05 0.0183435 9.98948E-05 9.98948E-05 9.98948E-05 0.744347
9.99035E-05 0.0247336 9.99035E-05 0.00302778 0.224159 9.99035E-05 9.99035E-05 0.00426194 9.99035E-05 9.99035E-05 9.99035E-05 9.99035E-05 9.99035E-05 9.99035E-05 9.99035E-05 0.0408004 0.701919
9.99034E-05 0.00283569 9.99034E-05 9.99034E-05 0.0184083 9.99034E-05 9.99034E-05 0.142428 9.99034E-05 9.99034E-05 9.99034E-05 0.00393577 9.99034E-05 9.99034E-05 0.0485573 9.99034E-05 0.782736
9.99036E-05 0.096683 9.99036E-05 9.99036E-05 9.99036E-05 9.99036E-05 9.99036E-05 9.99036E-05 0.062445 0.0577533 9.99036E-05 9.99036E-05 0.0252157 9.99036E-05 0.0327256 9.99036E-05 0.724078
9.9886E-05 9.9886E-05 0.0302134 9.9886E-05 9.9886E-05 9.9886E-05 9.9886E-05 0.0257921 9.9886E-05 9.9886E-05 9.9886E-05 9.9886E-05 9.9886E-05 9.9886E-05 9.9886E-05 0.0188012 0.923895
0.0930639 0.0176239 0.160607 9.99122E-05 0.113538 9.99122E-05 9.99122E-05 9.99122E-05 9.99122E-05 9.99122E-05 9.99122E-05 0.0702776 9.99122E-05 9.99122E-05 9.99122E-05 0.00979079 0.5341
9.98947E-05 0.00449532 9.98947E-05 9.98947E-05 0.129535 9.98947E-05 9.98947E-05 0.104713 9.98947E-05 9.98947E-05 9.98947E-05 9.98947E-05 0.12085 9.98947E-05 9.98947E-05 9.98947E-05 0.639208
9.98771E-05 9.98771E-05 9.98771E-05 0.0916676 9.98771E-05 9.98771E-05 9.98771E-05 9.98771E-05 9.98771E-05 9.98771E-05 9.98771E-05 9.98771E-05 9.98771E-05 9.98771E-05 9.98771E-05 0.00909642 0.897838
9.98947E-05 0.233456 9.98947E-05 9.98947E-05 0.183591 9.98947E-05 9.98947E-05 0.0508411 9.98947E-05 9.98947E-05 9.98947E-05 0.0267278 9.98947E-05 9.98947E-05 9.98947E-05 9.98947E-05 0.504186
9.98772E-05 0.169238 0.0950465 9.98772E-05 9.98772E-05 9.98772E-05 9.98772E-05 9.98772E-05 9.98772E-05 9.98772E-05 9.98772E-05 9.98772E-05 9.98772E-05 9.98772E-05 9.98772E-05 9.98772E-05 0.734317
9.99034E-05 0.248193 9.99034E-05 9.99034E-05 0.226039 9.99034E-05 9.99034E-05 0.112022 9.99034E-05 9.99034E-05 9.99034E-05 0.0133665 9.99034E-05 0.0177986 9.99034E-05 9.99034E-05 0.381483
9.99035E-05 0.134973 0.183725 9.99035E-05 0.169644 9.99035E-05 9.99035E-05 0.0686858 9.99035E-05 9.99035E-05 0.0394051 9.99035E-05 9.99035E-05 9.99035E-05 9.99035E-05 9.99035E-05 0.402468
9.98947E-05 9.98947E-05 0.555886 9.98947E-05 0.0960166 9.98947E-05 9.98947E-05 9.98947E-05 0.0168895 9.98947E-05 9.98947E-05 9.98947E-05 9.98947E-05 0.161503 9.98947E-05 9.98947E-05 0.168506
9.9877E-05 0.0376084 9.9877E-05 9.9877E-05 0.162613 9.9877E-05 9.9877E-05 9.9877E-05 9.9877E-05 9.9877E-05 9.9877E-05 9.9877E-05 9.9877E-05 9.9877E-05 9.9877E-05 9.9877E-05 0.79838
9.98771E-05 0.237245 9.98771E-05 9.98771E-05 0.183726 9.98771E-05 9.98771E-05 9.98771E-05 9.98771E-05 9.98771E-05 9.98771E-05 9.98771E-05 9.98771E-05 9.98771E-05 9.98771E-05 9.98771E-05 0.57763
9.99035E-05 0.000521902 0.0577688 9.99035E-05 0.111423 9.99035E-05 9.99035E-05 9.99035E-05 9.99035E-05 9.99035E-05 9.99035E-05 0.0415734 9.99035E-05 9.99035E-05 9.99035E-05 0.0185172 0.769097
9.9886E-05 0.071286 9.9886E-05 9.9886E-05 0.182437 9.9886E-05 9.9886E-05 9.9886E-05 9.9886E-05 9.9886E-05 9.9886E-05 9.9886E-05 9.9886E-05 9.9886E-05 9.9886E-05 0.0203648 0.724614
9.98772E-05 9.98772E-05 9.98772E-05 0.00558287 0.0685567 9.98772E-05 9.98772E-05 9.98772E-05 9.98772E-05 9.98772E-05 9.98772E-05 9.98772E-05 9.98772E-05 9.98772E-05 9.98772E-05 9.98772E-05 0.924462
9.98946E-05 0.290629 9.98946E-05 9.98946E-05 0.136197 9.98946E-05 9.98946E-05 9.98946E-05 0.0275418 9.98946E-05 9.98946E-05 0.163536 9.98946E-05 9.98946E-05 9.98946E-05 9.98946E-05 0.380897
9.98858E-05 0.0635464 9.98858E-05 9.98858E-05 0.0660491 9.98858E-05 9.98858E-05 9.98858E-05 9.98858E-05 9.98858E-05 9.98858E-05 9.98858E-05 9.98858E-05 9.98858E-05 0.156425 9.98858E-05 0.712681
9.98685E-05 9.98685E-05 9.98685E-05 9.98685E-05 0.0728945 9.98685E-05 9.98685E-05 9.98685E-05 9.98685E-05 9.98685E-05 9.98685E-05 9.98685E-05 9.98685E-05 9.98685E-05 9.98685E-05 9.98685E-05 0.925607
9.99035E-05 0.0680294 0.0795677 9.99035E-05 9.99035E-05 9.99035E-05 9.99035E-05 0.0198224 9.99035E-05 9.99035E-05 9.99035E-05 9.99035E-05 0.0120381 9.99035E-05 9.99035E-05 0.0586905 0.760753
9.98858E-05 0.0821924 9.98858E-05 0.0165273 0.210182 9.98858E-05 9.98858E-05 9.98858E-05 9.98858E-05 9.98858E-05 9.98858E-05 9.98858E-05 9.98858E-05 9.98858E-05 9.98858E-05 9.98858E-05 0.689799
9.98859E-05 0.104312 0.49054 9.98859E-05 0.00110301 9.98859E-05 9.98859E-05 9.98859E-05 9.98859E-05 9.98859E-05 9.98859E-05 9.98859E-05 9.98859E-05 9.98859E-05 9.98859E-05 9.98859E-05 0.402746
9.98773E-05 9.98773E-05 0.244046 9.98773E-05 0.0538631 9.98773E-05 9.98773E-05 9.98773E-05 9.98773E-05 9.98773E-05 9.98773E-05 9.98773E-05 9.98773E-05 9.98773E-05 9.98773E-05 9.98773E-05 0.700693
9.98773E-05 0.00865383 0.258099 9.98773E-05 9.98773E-05 9.98773E-05 9.98773E-05 9.98773E-05 9.98773E-05 9.98773E-05 9.98773E-05 9.98773E-05 9.98773E-05 9.98773E-05 9.98773E-05 9.98773E-05 0.731849
9.9886E-05 0.00228615 0.353487 9.9886E-05 9.9886E-05 9.9886E-05 9.9886E-05 9.9886E-05 9.9886E-05 9.9886E-05 9.9886E-05 0.00669927 9.9886E-05 9.9886E-05 9.9886E-05 9.9886E-05 0.636229
9.98947E-05 0.00769701 9.98947E-05 9.98947E-05 0.344734 9.98947E-05 9.98947E-05 0.0629322 0.0866529 9.98947E-05 9.98947E-05 9.98947E-05 9.98947E-05 9.98947E-05 9.98947E-05 9.98947E-05 0.496785
9.98772E-05 0.142102 9.98772E-05 9.98772E-05 9.98772E-05 9.98772E-05 9.98772E-05 9.98772E-05 9.98772E-05 9.98772E-05 9.98772E-05 9.98772E-05 9.98772E-05 9.98772E-05 0.0236693 9.98772E-05 0.832831
9.98946E-05 0.160454 0.553756 9.98946E-05 0.0118195 9.98946E-05 9.98946E-05 9.98946E-05 9.98946E-05 9.98946E-05 9.98946E-05 0.0944991 9.98946E-05 9.98946E-05 9.98946E-05 9.98946E-05 0.178273
9.98947E-05 9.98947E-05 0.291321 9.98947E-05 0.0429782 0.117846 9.98947E-05 0.0323975 9.98947E-05 9.98947E-05 9.98947E-05 9.98947E-05 9.98947E-05 9.98947E-05 9.98947E-05 9.98947E-05 0.514259
9.99033E-05 0.163081 9.99033E-05 0.00625832 9.99033E-05 9.99033E-05 9.99033E-05 0.104931 9.99033E-05 9.99033E-05 9.99033E-05 0.120082 9.99033E-05 9.99033E-05 0.0552103 9.99033E-05 0.549339
9.98947E-05 0.0988003 9.98947E-05 0.028947 0.0943825 9.98947E-05 9.98947E-05 9.98947E-05 9.98947E-05 9.98947E-05 0.292305 9.98947E-05 9.98947E-05 9.98947E-05 9.98947E-05 9.98947E-05 0.484366
9.99211E-05 0.041156 0.00133869 0.00503909 0.0253074 9.99211E-05 0.0605321 0.142005 9.99211E-05 9.99211E-05 9.99211E-05 9.99211E-05 9.99211E-05 0.080785 9.99211E-05 9.99211E-05 0.642937
0.0491116 0.205698 9.99122E-05 9.99122E-05 0.233612 9.99122E-05 9.99122E-05 9.99122E-05 9.99122E-05 9.99122E-05 9.99122E-05 0.00708929 9.99122E-05 9.99122E-05 0.0472588 0.0026381 0.453593
9.98771E-05 9.98771E-05 0.480782 9.98771E-05 0.0634875 9.98771E-05 9.98771E-05 9.98771E-05 9.98771E-05 9.98771E-05 9.98771E-05 9.98771E-05 9.98771E-05 9.98771E-05 9.98771E-05 9.98771E-05 0.454333
0.170066 9.98858E-05 9.98858E-05 9.98858E-05 0.097648 9.98858E-05 9.98858E-05 9.98858E-05 9.98858E-05 9.98858E-05 9.98858E-05 9.98858E-05 0.000714797 9.98858E-05 9.98858E-05 9.98858E-05 0.730273
9.98859E-05 0.135852 0.545356 9.98859E-05 0.0456008 9.98859E-05 9.98859E-05 9.98859E-05 9.98859E-05 9.98859E-05 9.98859E-05 9.98859E-05 9.98859E-05 9.98859E-05 9.98859E-05 9.98859E-05 0.271892
9.98948E-05 0.101453 0.190036 0.015505 0.131846 9.98948E-05 9.98948E-05 9.98948E-05 9.98948E-05 9.98948E-05 9.98948E-05 9.98948E-05 9.98948E-05 9.98948E-05 9.98948E-05 9.98948E-05 0.559962
9.98859E-05 0.0744393 9.98859E-05 9.98859E-05 9.98859E-05 9.98859E-05 0.00840501 0.0110881 9.98859E-05 9.98859E-05 9.98859E-05 9.98859E-05 9.98859E-05 9.98859E-05 9.98859E-05 9.98859E-05 0.904769
0.00542328 9.9877E-05 9.9877E-05 9.9877E-05 9.9877E-05 9.9877E-05 9.9877E-05 9.9877E-05 9.9877E-05 9.9877E-05 9.9877E-05 9.9877E-05 9.9877E-05 9.9877E-05 9.9877E-05 0.0419522 0.951226
9.98858E-05 0.178064 9.98858E-05 9.98858E-05 0.108027 9.98858E-05 9.98858E-05 0.255206 9.98858E-05 9.98858E-05 9.98858E-05 9.98858E-05 9.98858E-05 9.98858E-05 9.98858E-05 9.98858E-05 0.457404
9.98771E-05 0.117827 9.98771E-05 9.98771E-05 0.110625 9.98771E-05 9.98771E-05 9.98771E-05 9.98771E-05 9.98771E-05 9.98771E-05 9.98771E-05 9.98771E-05 9.98771E-05 9.98771E-05 9.98771E-05 0.77015
9.98859E-05 0.0323172 9.98859E-05 9.98859E-05 0.0132972 9.98859E-05 9.98859E-05 9.98859E-05 9.98859E-05 9.98859E-05 9.98859E-05 0.0247445 9.98859E-05 9.98859E-05 9.98859E-05 9.98859E-05 0.928342
9.98771E-05 9.98771E-05 9.98771E-05 9.98771E-05 0.110458 9.98771E-05 9.98771E-05 9.98771E-05 9.98771E-05 9.98771E-05 9.98771E-05 0.119454 9.98771E-05 9.98771E-05 9.98771E-05 9.98771E-05 0.76869
9.98947E-05 0.168362 0.13051 9.98947E-05 0.00963395 9.98947E-05 9.98947E-05 0.017451 9.98947E-05 9.98947E-05 9.98947E-05 9.98947E-05 9.98947E-05 9.98947E-05 9.98947E-05 9.98947E-05 0.672845
9.98593E-05 9.98593E-05 9.98593E-05 9.98593E-05 0.998402 9.98593E-05 9.98593E-05 9.98593E-05 9.98593E-05 9.98593E-05 9.98593E-05 9.98593E-05 9.98593E-05 9.98593E-05 9.98593E-05 9.98593E-05 9.98593E-05
9.98593E-05 0.998402 9.98593E-05 9.98593E-05 9.98593E-05 9.98593E-05 9.98593E-05 9.98593E-05 9.98593E-05 9.98593E-05 9.98593E-05 9.98593E-05 9.98593E-05 9.98593E-05 9.98593E-05 9.98593E-05 9.98593E-05
9.98593E-05 9.98593E-05 9.98593E-05 9.98593E-05 0.998402 9.98593E-05 9.98593E-05 9.98593E-05 9.98593E-05 9.98593E-05 9.98593E-05 9.98593E-05 9.98593E-05 9.98593E-05 9.98593E-05 9.98593E-05 9.98593E-05
9.98593E-05 0.998402 9.98593E-05 9.98593E-05 9.98593E-05 9.98593E-05 9.98593E-05 9.98593E-05 9.98593E-05 9.98593E-05 9.98593E-05 9.98593E-05 9.98593E-05 9.98593E-05 9.98593E-05 9.98593E-05 9.98593E-05
9.98593E-05 0.998402 9.98593E-05 9.98593E-05 9.98593E-05 9.98593E-05 9.98593E-05 9.98593E-05 9.98593E-05 9.98593E-05 9.98593E-05 9.98593E-05 9.98593E-05 9.98593E-05 9.98593E-05 9.98593E-05 9.98593E-05
9.98593E-05 0.998402 9.98593E-05 9.98593E-05 9.98593E-05 9.98593E-05 9.98593E-05 9.98593E-05 9.98593E-05 9.98593E-05 9.98593E-05 9.98593E-05 9.98593E-05 9.98593E-05 9.98593E-05 9.98593E-05 9.98593E-05
9.98593E-05 9.98593E-05 9.98593E-05 9.98593E-05 0.998402 9.98593E-05 9.98593E-05 9.98593E-05 9.98593E-05 9.98593E-05 9.98593E-05 9.98593E-05 9.98593E-05 9.98593E-05 9.98593E-05 9.98593E-05 9.98593E-05
9.98593E-05 0.998402 9.98593E-05 9.98593E-05 9.98593E-05 9.98593E-05 9.98593E-05 9.98593E-05 9.98593E-05 9.98593E-05 9.98593E-05 9.98593E-05 9.98593E-05 9.98593E-05 9.98593E-05 9.98593E-05 9.98593E-05
9.98593E-05 0.998402 9.98593E-05 9.98593E-05 9.98593E-05 9.98593E-05 9.98593E-05 9.98593E-05 9.98593E-05 9.98593E-05 9.98593E-05 9.98593E-05 9.98593E-05 9.98593E-05 9.98593E-05 9.98593E-05 9.98593E-05
9.98593E-05 9.98593E-05 9.98593E-05 9.98593E-05 0.998402 9.98593E-05 9.98593E-05 9.98593E-05 9.98593E-05 9.98593E-05 9.98593E-05 9.98593E-05 9.98593E-05 9.98593E-05 9.98593E-05 9.98593E-05 9.98593E-05
9.98595E-05 9.98595E-05 9.98595E-05 9.98595E-05 0.998402 9.98595E-05 9.98595E-05 9.98595E-05 9.98595E-05 9.98595E-05 9.98595E-05 9.98595E-05 9.98595E-05 9.98595E-05 9.98595E-05 9.98595E-05 9.98595E-05
9.98592E-05 9.98592E-05 9.98592E-05 9.98592E-05 0.998402 9.98592E-05 9.98592E-05 9.98592E-05 9.98592E-05 9.98592E-05 9.98592E-05 9.98592E-05 9.98592E-05 9.98592E-05 9.98592E-05 9.98592E-05 9.98592E-05
9.98594E-05 0.998402 9.98594E-05 9.98594E-05 9.98594E-05 9.98594E-05 9.98594E-05 9.98594E-05 9.98594E-05 9.98594E-05 9.98594E-05 9.98594E-05 9.98594E-05 9.98594E-05 9.98594E-05 9.98594E-05 9.98594E-05
9.98593E-05 0.998402 9.98593E-05 9.98593E-05 9.98593E-05 9.98593E-05 9.98593E-05 9.98593E-05 9.98593E-05 9.98593E-05 9.98593E-05 9.98593E-05 9.98593E-05 9.98593E-05 9.98593E-05 9.98593E-05 9.98593E-05
9.98593E-05 9.98593E-05 9.98593E-05 9.98593E-05 0.998402 9.98593E-05 9.98593E-05 9.98593E-05 9.98593E-05 9.98593E-05 9.98593E-05 9.98593E-05 9.98593E-05 9.98593E-05 9.98593E-05 9.98593E-05 9.98593E-05
9.98593E-05 9.98593E-05 9.98593E-05 9.98593E-05 0.998402 9.98593E-05 9.98593E-05 9.98593E-05 9.98593E-05 9.98593E-05 9.98593E-05 9.98593E-05 9.98593E-05 9.98593E-05 9.98593E-05 9.98593E-05 9.98593E-05
9.99121E-05 0.0292453 9.99121E-05 9.99121E-05 0.0845521 9.99121E-05 9.99121E-05 0.00138016 9.99121E-05 9.99121E-05 9.99121E-05 0.000444229 0.172511 0.0438146 9.99121E-05 9.99121E-05 0.667053
9.98593E-05 9.98593E-05 9.98593E-05 9.98593E-05 0.998402 9.98593E-05 9.98593E-05 9.98593E-05 9.98593E-05 9.98593E-05 9.98593E-05 9.98593E-05 9.98593E-05 9.98593E-05 9.98593E-05 9.98593E-05 9.98593E-05
9.98594E-05 0.998402 9.98594E-05 9.98594E-05 9.98594E-05 9.98594E-05 9.98594E-05 9.98594E-05 9.98594E-05 9.98594E-05 9.98594E-05 9.98594E-05 9.98594E-05 9.98594E-05 9.98594E-05 9.98594E-05 9.98594E-05
9.98593E-05 9.98593E-05 9.98593E-05 9.98593E-05 0.998402 9.98593E-05 9.98593E-05 9.98593E-05 9.98593E-05 9.98593E-05 9.98593E-05 9.98593E-05 9.98593E-05 9.98593E-05 9.98593E-05 9.98593E-05 9.98593E-05
9.98593E-05 9.98593E-05 9.98593E-05 9.98593E-05 0.998402 9.98593E-05 9.98593E-05 9.98593E-05 9.98593E-05 9.98593E-05 9.98593E-05 9.98593E-05 9.98593E-05 9.98593E-05 9.98593E-05 9.98593E-05 9.98593E-05
9.98593E-05 9.98593E-05 9.98593E-05 9.98593E-05 0.998402 9.98593E-05 9.98593E-05 9.98593E-05 9.98593E-05 9.98593E-05 9.98593E-05 9.98593E-05 9.98593E-05 9.98593E-05 9.98593E-05 9.98593E-05 9.98593E-05
9.98593E-05 0.998402 9.98593E-05 9.98593E-05 9.98593E-05 9.98593E-05 9.98593E-05 9.98593E-05 9.98593E-05 9.98593E-05 9.98593E-05 9.98593E-05 9.98593E-05 9.98593E-05 9.98593E-05 9.98593E-05 9.98593E-05
9.98593E-05 9.98593E-05 9.98593E-05 9.98593E-05 0.998402 9.98593E-05 9.98593E-05 9.98593E-05 9.98593E-05 9.98593E-05 9.98593E-05 9.98593E-05 9.98593E-05 9.98593E-05 9.98593E-05 9.98593E-05 9.98593E-05
9.98593E-05 0.998402 9.98593E-05 9.98593E-05 9.98593E-05 9.98593E-05 9.98593E-05 9.98593E-05 9.98593E-05 9.98593E-05 9.98593E-05 9.98593E-05 9.98593E-05 9.98593E-05 9.98593E-05 9.98593E-05 9.98593E-05
9.98593E-05 9.98593E-05 9.98593E-05 9.98593E-05 0.998402 9.98593E-05 9.98593E-05 9.98593E-05 9.98593E-05 9.98593E-05 9.98593E-05 9.98593E-05 9.98593E-05 9.98593E-05 9.98593E-05 9.98593E-05 9.98593E-05
9.98593E-05 9.98593E-05 9.98593E-05 9.98593E-05 0.998402 9.98593E-05 9.98593E-05 9.98593E-05 9.98593E-05 9.98593E-05 9.98593E-05 9.98593E-05 9.98593E-05 9.98593E-05 9.98593E-05 9.98593E-05 9.98593E-05
9.98593E-05 0.998402 9.98593E-05 9.98593E-05 9.98593E-05 9.98593E-05 9.98593E-05 9.98593E-05 9.98593E-05 9.98593E-05 9.98593E-05 9.98593E-05 9.98593E-05 9.98593E-05 9.98593E-05 9.98593E-05 9.98593E-05
9.98593E-05 0.998402 9.98593E-05 9.98593E-05 9.98593E-05 9.98593E-05 9.98593E-05 9.98593E-05 9.98593E-05 9.98593E-05 9.98593E-05 9.98593E-05 9.98593E-05 9.98593E-05 9.98593E-05 9.98593E-05 9.98593E-05
9.98594E-05 0.998402 9.98594E-05 9.98594E-05 9.98594E-05 9.98594E-05 9.98594E-05 9.98594E-05 9.98594E-05 9.98594E-05 9.98594E-05 9.98594E-05 9.98594E-05 9.98594E-05 9.98594E-05 9.98594E-05 9.98594E-05
9.98594E-05 9.98594E-05 9.98594E-05 9.98594E-05 0.998402 9.98594E-05 9.98594E-05 9.98594E-05 9.98594E-05 9.98594E-05 9.98594E-05 9.98594E-05 9.98594E-05 9.98594E-05 9.98594E-05 9.98594E-05 9.98594E-05
9.98682E-05 9.98682E-05 9.98682E-05 9.98682E-05 0.987297 9.98682E-05 9.98682E-05 9.98682E-05 9.98682E-05 9.98682E-05 9.98682E-05 0.0112051 9.98682E-05 9.98682E-05 9.98682E-05 9.98682E-05 9.98682E-05
9.98592E-05 9.98592E-05 9.98592E-05 9.98592E-05 0.998402 9.98592E-05 9.98592E-05 9.98592E-05 9.98592E-05 9.98592E-05 9.98592E-05 9.98592E-05 9.98592E-05 9.98592E-05 9.98592E-05 9.98592E-05 9.98592E-05
9.98593E-05 9.98593E-05 9.98593E-05 9.98593E-05 0.998402 9.98593E-05 9.98593E-05 9.98593E-05 9.98593E-05 9.98593E-05 9.98593E-05 9.98593E-05 9.98593E-05 9.98593E-05 9.98593E-05 9.98593E-05 9.98593E-05
9.98592E-05 9.98592E-05 9.98592E-05 9.98592E-05 0.998402 9.98592E-05 9.98592E-05 9.98592E-05 9.98592E-05 9.98592E-05 9.98592E-05 9.98592E-05 9.98592E-05 9.98592E-05 9.98592E-05 9.98592E-05 9.98592E-05
9.98592E-05 0.998402 9.98592E-05 9.98592E-05 9.98592E-05 9.98592E-05 9.98592E-05 9.98592E-05 9.98592E-05 9.98592E-05 9.98592E-05 9.98592E-05 9.98592E-05 9.98592E-05 9.98592E-05 9.98592E-05 9.98592E-05
9.98594E-05 0.998402 9.98594E-05 9.98594E-05 9.98594E-05 9.98594E-05 9.98594E-05 9.98594E-05 9.98594E-05 9.98594E-05 9.98594E-05 9.98594E-05 9.98594E-05 9.98594E-05 9.98594E-05 9.98594E-05 9.98594E-05
9.98592E-05 0.998402 9.98592E-05 9.98592E-05 9.98592E-05 9.98592E-05 9.98592E-05 9.98592E-05 9.98592E-05 9.98592E-05 9.98592E-05 9.98592E-05 9.98592E-05 9.98592E-05 9.98592E-05 9.98592E-05 9.98592E-05
9.98594E-05 9.98594E-05 9.98594E-05 9.98594E-05 0.998402 9.98594E-05 9.98594E-05 9.98594E-05 9.98594E-05 9.98594E-05 9.98594E-05 9.98594E-05 9.98594E-05 9.98594E-05 9.98594E-05 9.98594E-05 9.98594E-05
9.98594E-05 0.998402 9.98594E-05 9.98594E-05 9.98594E-05 9.98594E-05 9.98594E-05 9.98594E-05 9.98594E-05 9.98594E-05 9.98594E-05 9.98594E-05 9.98594E-05 9.98594E-05 9.98594E-05 9.98594E-05 9.98594E-05
9.98592E-05 0.998402 9.98592E-05 9.98592E-05 9.98592E-05 9.98592E-05 9.98592E-05 9.98592E-05 9.98592E-05 9.98592E-05 9.98592E-05 9.98592E-05 9.98592E-05 9.98592E-05 9.98592E-05 9.98592E-05 9.98592E-05
9.98593E-05 0.998402 9.98593E-05 9.98593E-05 9.98593E-05 9.98593E-05 9.98593E-05 9.98593E-05 9.98593E-05 9.98593E-05 9.98593E-05 9.98593E-05 9.98593E-05 9.98593E-05 9.98593E-05 9.98593E-05 9.98593E-05
9.98593E-05 0.998402 9.98593E-05 9.98593E-05 9.98593E-05 9.98593E-05 9.98593E-05 9.98593E-05 9.98593E-05 9.98593E-05 9.98593E-05 9.98593E-05 9.98593E-05 9.98593E-05 9.98593E-05 9.98593E-05 9.98593E-05
9.98592E-05 9.98592E-05 9.98592E-05 9.98592E-05 0.998402 9.98592E-05 9.98592E-05 9.98592E-05 9.98592E-05 9.98592E-05 9.98592E-05 9.98592E-05 9.98592E-05 9.98592E-05 9.98592E-05 9.98592E-05 9.98592E-05
9.98593E-05 0.998402 9.98593E-05 9.98593E-05 9.98593E-05 9.98593E-05 9.98593E-05 9.98593E-05 9.98593E-05 9.98593E-05 9.98593E-05 9.98593E-05 9.98593E-05 9.98593E-05 9.98593E-05 9.98593E-05 9.98593E-05
9.98592E-05 0.998402 9.98592E-05 9.98592E-05 9.98592E-05 9.98592E-05 9.98592E-05 9.98592E-05 9.98592E-05 9.98592E-05 9.98592E-05 9.98592E-05 9.98592E-05 9.98592E-05 9.98592E-05 9.98592E-05 9.98592E-05
9.99033E-05 0.0489348 9.99033E-05 9.99033E-05 0.0407074 9.99033E-05 9.99033E-05 0.00655519 9.99033E-05 9.99033E-05 9.99033E-05 0.0175743 0.234022 9.99033E-05 9.99033E-05 9.99033E-05 0.651108
9.98593E-05 9.98593E-05 9.98593E-05 9.98593E-05 0.998402 9.98593E-05 9.98593E-05 9.98593E-05 9.98593E-05 9.98593E-05 9.98593E-05 9.98593E-05 9.98593E-05 9.98593E-05 9.98593E-05 9.98593E-05 9.98593E-05
9.98594E-05 0.998402 9.98594E-05 9.98594E-05 9.98594E-05 9.98594E-05 9.98594E-05 9.98594E-05 9.98594E-05 9.98594E-05 9.98594E-05 9.98594E-05 9.98594E-05 9.98594E-05 9.98594E-05 9.98594E-05 9.98594E-05
9.98593E-05 0.998402 9.98593E-05 9.98593E-05 9.98593E-05 9.98593E-05 9.98593E-05 9.98593E-05 9.98593E-05 9.98593E-05 9.98593E-05 9.98593E-05 9.98593E-05 9.98593E-05 9.98593E-05 9.98593E-05 9.98593E-05
9.98594E-05 0.998402 9.98594E-05 9.98594E-05 9.98594E-05 9.98594E-05 9.98594E-05 9.98594E-05 9.98594E-05 9.98594E-05 9.98594E-05 9.98594E-05 9.98594E-05 9.98594E-05 9.98594E-05 9.98594E-05 9.98594E-05
9.98682E-05 0.996632 9.98682E-05 9.98682E-05 0.00186968 9.98682E-05 9.98682E-05 9.98682E-05 9.98682E-05 9.98682E-05 9.98682E-05 9.98682E-05 9.98682E-05 9.98682E-05 9.98682E-05 9.98682E-05 9.98682E-05
9.98594E-05 9.98594E-05 9.98594E-05 9.98594E-05 0.998402 9.98594E-05 9.98594E-05 9.98594E-05 9.98594E-05 9.98594E-05 9.98594E-05 9.98594E-05 9.98594E-05 9.98594E-05 9.98594E-05 9.98594E-05 9.98594E-05
9.98594E-05 0.998402 9.98594E-05 9.98594E-05 9.98594E-05 9.98594E-05 9.98594E-05 9.98594E-05 9.98594E-05 9.98594E-05 9.98594E-05 9.98594E-05 9.98594E-05 9.98594E-05 9.98594E-05 9.98594E-05 9.98594E-05
9.98593E-05 9.98593E-05 9.98593E-05 9.98593E-05 0.998402 9.98593E-05 9.98593E-05 9.98593E-05 9.98593E-05 9.98593E-05 9.98593E-05 9.98593E-05 9.98593E-05 9.98593E-05 9.98593E-05 9.98593E-05 9.98593E-05
9.98594E-05 0.998402 9.98594E-05 9.98594E-05 9.98594E-05 9.98594E-05 9.98594E-05 9.98594E-05 9.98594E-05 9.98594E-05 9.98594E-05 9.98594E-05 9.98594E-05 9.98594E-05 9.98594E-05 9.98594E-05 9.98594E-05
9.98594E-05 9.98594E-05 9.98594E-05 9.98594E-05 0.998402 9.98594E-05 9.98594E-05 9.98594E-05 9.98594E-05 9.98594E-05 9.98594E-05 9.98594E-05 9.98594E-05 9.98594E-05 9.98594E-05 9.98594E-05 9.98594E-05
