0.187784 0.0130319 9.99824E-05 0.0425326 9.99824E-05 0.473667 0.00624169 0.118956 0.0453475 0.112239
0.170974 9.99649E-05 9.99649E-05 9.99649E-05 9.99649E-05 0.667029 0.0171733 0.0426612 0.0496476 0.0521147
9.99561E-05 9.99561E-05 0.0293202 9.99561E-05 9.99561E-05 0.878999 9.99561E-05 0.0190731 0.0274584 0.0446497
9.99737E-05 0.0367827 9.99737E-05 9.99737E-05 0.0205219 0.276672 0.456576 0.040486 0.0695442 0.0991168
9.99298E-05 9.99298E-05 9.99298E-05 9.99298E-05 9.99298E-05 0.797063 0.202138 9.99298E-05 9.99298E-05 9.99298E-05
0.191704 0.159671 9.99737E-05 0.0657496 0.0702177 0.279552 0.227783 9.99737E-05 9.99737E-05 0.00502218
0.152832 9.99737E-05 0.0614164 9.99737E-05 9.99737E-05 0.36269 0.21643 0.0146804 0.134702 0.0569489
0.00835096 0.206759 0.176745 0.0082117 9.99737E-05 0.256134 0.312664 9.99737E-05 0.0308355 9.99737E-05
9.99649E-05 0.220669 9.99649E-05 9.99649E-05 9.99649E-05 0.271673 0.11894 0.123746 0.00143322 0.263138
9.99385E-05 9.99385E-05 9.99385E-05 9.99385E-05 9.99385E-05 0.911926 9.99385E-05 0.0186555 9.99385E-05 0.0687189
9.99473E-05 0.0377095 9.99473E-05 9.99473E-05 9.99473E-05 0.511172 9.99473E-05 9.99473E-05 0.184087 0.266432
9.99561E-05 9.99561E-05 9.99561E-05 9.99561E-05 9.99561E-05 0.876767 0.0752226 0.00776695 0.0276882 0.0120556
9.99473E-05 0.00692706 9.99473E-05 9.99473E-05 9.99473E-05 0.819155 9.99473E-05 9.99473E-05 0.0316869 0.141631
9.99474E-05 9.99474E-05 0.140109 9.99474E-05 0.139752 0.601695 9.99474E-05 9.99474E-05 9.99474E-05 0.117844
0.115737 0.154307 9.99736E-05 9.99736E-05 0.0426451 0.380136 0.123391 0.0309827 9.99736E-05 0.152502
9.99649E-05 0.178279 0.0852598 9.99649E-05 9.99649E-05 0.265304 0.19975 9.99649E-05 0.0802366 0.190771
0.103012 9.99737E-05 0.0353985 9.99737E-05 0.0938521 0.567889 0.0474266 9.99737E-05 0.0591233 0.0929993
9.99649E-05 0.0516743 9.99649E-05 0.245059 9.99649E-05 0.30881 9.99649E-05 0.170077 0.018382 0.205597
0.0854634 0.0987051 9.99736E-05 0.0309533 9.99736E-05 0.34587 0.151919 9.99736E-05 0.0713402 0.215448
9.99298E-05 9.99298E-05 9.99298E-05 9.99298E-05 9.99298E-05 0.953466 9.99298E-05 0.0457347 9.99298E-05 9.99298E-05
9.99649E-05 0.0978362 9.99649E-05 9.99649E-05 9.99649E-05 0.478713 0.275151 0.0183812 0.0720892 0.0574291
9.99474E-05 0.246058 9.99474E-05 9.99474E-05 9.99474E-05 0.32511 0.407922 9.99474E-05 9.99474E-05 0.0203107
0.0913488 9.99474E-05 9.99474E-05 9.99474E-05 9.99474E-05 0.649218 9.99474E-05 9.99474E-05 0.0779129 0.180921
9.99473E-05 9.99473E-05 0.169522 9.99473E-05 9.99473E-05 0.44638 0.00457507 9.99473E-05 9.99473E-05 0.378924
9.99649E-05 0.0890286 9.99649E-05 9.99649E-05 9.99649E-05 0.282023 0.0269784 0.0951849 0.158813 0.347573
9.99648E-05 0.0473031 0.00154323 9.99648E-05 9.99648E-05 0.676994 0.0757813 9.99648E-05 0.0175318 0.180447
0.0824461 0.0923131 0.12859 0.135745 0.167693 0.0866393 0.0387411 9.99912E-05 0.0298295 0.237902
9.99386E-05 9.99386E-05 9.99386E-05 9.99386E-05 9.99386E-05 0.798638 0.18032 9.99386E-05 9.99386E-05 0.0203421
9.99474E-05 9.99474E-05 9.99474E-05 9.99474E-05 9.99474E-05 0.597052 9.99474E-05 0.0087503 0.0532565 0.340342
0.0755989 0.115471 9.99649E-05 9.99649E-05 0.0485861 0.673446 9.99649E-05 9.99649E-05 0.0265814 0.0599173
9.99561E-05 0.0386332 9.99561E-05 9.99561E-05 9.99561E-05 0.708073 9.99561E-05 0.00943667 0.172227 0.0711304
9.99561E-05 9.99561E-05 9.99561E-05 9.99561E-05 0.211626 0.464263 0.139188 9.99561E-05 0.0981976 0.0862258
9.99561E-05 0.00489812 0.06174 9.99561E-05 9.99561E-05 0.580696 9.99561E-05 9.99561E-05 0.121774 0.230393
9.99736E-05 9.99736E-05 0.0341727 0.0559665 0.119493 0.472778 0.0955243 9.99736E-05 0.0471956 0.174571
0.0809644 0.0218059 9.99649E-05 9.99649E-05 9.99649E-05 0.789278 9.99649E-05 0.0554879 0.0338916 0.0181725
0.0512334 0.0321047 9.99737E-05 9.99737E-05 9.99737E-05 0.700055 0.0995668 0.0194414 0.0339828 0.0633158
0.0687154 9.99561E-05 0.0907179 9.99561E-05 9.99561E-05 0.794304 0.0153208 9.99561E-05 0.0304425 9.99561E-05
9.99474E-05 0.190061 9.99474E-05 9.99474E-05 9.99474E-05 0.653853 9.99474E-05 0.0469721 9.99474E-05 0.108514
0.0524508 0.0138243 9.99737E-05 9.99737E-05 0.0893964 0.422389 0.145657 9.99737E-05 0.126408 0.149575
9.99473E-05 9.99473E-05 0.149453 9.99473E-05 0.120656 0.560496 9.99473E-05 9.99473E-05 9.99473E-05 0.168796
9.99561E-05 0.0549606 9.99561E-05 9.99561E-05 9.99561E-05 0.786004 0.00842074 9.99561E-05 0.0284029 0.121712
0.0273265 0.0781872 9.99474E-05 9.99474E-05 9.99474E-05 0.733286 9.99474E-05 9.99474E-05 9.99474E-05 0.160601
0.124738 9.99561E-05 9.99561E-05 0.0135401 0.0386917 0.796819 0.0257115 9.99561E-05 9.99561E-05 9.99561E-05
0.0622767 0.134513 9.99737E-05 0.00382685 9.99737E-05 0.431872 0.0218804 9.99737E-05 0.0897423 0.255588
9.99474E-05 9.99474E-05 9.99474E-05 9.99474E-05 9.99474E-05 0.337622 0.317438 9.99474E-05 0.0255912 0.318749
9.99473E-05 9.99473E-05 9.99473E-05 9.99473E-05 9.99473E-05 0.863714 0.0330935 0.0448673 9.99473E-05 0.057726
9.99473E-05 0.0445886 9.99473E-05 0.0478747 9.99473E-05 0.805617 9.99473E-05 9.99473E-05 9.99473E-05 0.10132
9.99473E-05 9.99473E-05 0.0951779 0.000473 9.99473E-05 0.88432 9.99473E-05 9.99473E-05 9.99473E-05 0.0194295
9.99473E-05 9.99473E-05 9.99473E-05 9.99473E-05 9.99473E-05 0.667031 0.081123 9.99473E-05 0.0483044 0.202942
0.030317 0.033522 0.132597 0.0246428 9.99825E-05 0.727494 0.00549812 0.0185778 0.027151 9.99825E-05
9.99649E-05 0.0848551 9.99649E-05 9.99649E-05 0.135382 0.226045 0.167911 9.99649E-05 0.128884 0.256523
9.99473E-05 0.0233486 9.99473E-05 9.99473E-05 9.99473E-05 0.626784 0.327003 0.0222646 9.99473E-05 9.99473E-05
9.99473E-05 0.0503022 9.99473E-05 0.0516132 9.99473E-05 0.801931 9.99473E-05 9.99473E-05 9.99473E-05 0.0955539
9.99649E-05 9.99649E-05 0.251286 0.0246862 9.99649E-05 0.630186 9.99649E-05 0.0446697 0.00981918 0.038953
9.99737E-05 0.026419 0.0132131 0.0133077 9.99737E-05 0.738268 0.109621 9.99737E-05 0.00296321 0.0959077
9.99561E-05 9.99561E-05 9.99561E-05 9.99561E-05 0.128612 0.691455 0.0645015 0.0564209 0.0585108 9.99561E-05
0.0299611 0.088631 9.99473E-05 0.184935 9.99473E-05 0.695873 9.99473E-05 9.99473E-05 9.99473E-05 9.99473E-05
9.99473E-05 9.99473E-05 9.99473E-05 9.99473E-05 9.99473E-05 0.747336 0.00767353 9.99473E-05 0.102456 0.141935
9.99561E-05 0.0151864 9.99561E-05 9.99561E-05 9.99561E-05 0.894757 0.00407401 9.99561E-05 0.0450186 0.0404645
0.268015 0.117956 0.0872209 0.0690932 9.99825E-05 0.0527156 0.0155715 9.99825E-05 0.161513 0.227715
0.31733 9.99737E-05 0.0988853 0.00533701 9.99737E-05 0.335459 0.116865 9.99737E-05 0.00728152 0.118542
0.346571 9.99649E-05 0.0736093 0.161457 9.99649E-05 0.345773 9.99649E-05 9.99649E-05 0.0308656 0.0413246
0.484595 0.126869 0.0349042 0.0767812 0.0765747 9.99737E-05 9.99737E-05 9.99737E-05 0.0560449 0.143931
0.104482 0.0604396 0.0459293 0.0543255 9.99912E-05 0.119706 0.133271 0.113057 0.112843 0.255847
0.219553 0.117417 0.0339272 0.146553 9.99649E-05 9.99649E-05 9.99649E-05 0.0731074 9.99649E-05 0.409042
0.47294 9.99649E-05 0.0104102 0.0307627 9.99649E-05 9.99649E-05 0.0607592 9.99649E-05 0.125409 0.299319
0.380601 0.0828331 0.0182525 0.211807 0.0250834 9.99824E-05 0.00319664 9.99824E-05 0.0186587 0.259368
0.418867 9.99649E-05 0.0128177 0.132673 0.104588 0.175197 9.99649E-05 9.99649E-05 9.99649E-05 0.155456
0.25397 9.99561E-05 9.99561E-05 9.99561E-05 9.99561E-05 0.284787 9.99561E-05 0.0452732 0.202861 0.212608
0.111029 0.0908326 9.99649E-05 0.0745867 9.99649E-05 9.99649E-05 9.99649E-05 0.021872 0.264495 0.436784
0.287024 9.99737E-05 0.120659 0.00281669 9.99737E-05 0.0463186 0.190441 9.99737E-05 0.117879 0.234562
0.0639869 0.183514 0.0809054 9.99649E-05 9.99649E-05 9.99649E-05 0.240886 9.99649E-05 0.175932 0.254376
0.244127 9.99737E-05 0.0272603 0.0176739 9.99737E-05 0.020033 0.224571 9.99737E-05 0.057647 0.408388
0.248344 0.0358601 0.0262299 0.0428351 0.0969627 0.243942 9.99825E-05 9.99825E-05 0.157461 0.148164
0.208879 0.0829575 9.99737E-05 0.0198018 0.0344239 0.258076 9.99737E-05 9.99737E-05 0.0956372 0.299925
0.29404 9.99561E-05 0.102662 0.102145 9.99561E-05 9.99561E-05 0.226558 9.99561E-05 9.99561E-05 0.274095
0.168787 0.13826 9.99737E-05 0.0630901 9.99737E-05 0.123641 0.136159 9.99737E-05 0.218742 0.15102
0.182194 0.0256145 0.0785575 0.170403 9.99737E-05 0.205628 9.99737E-05 9.99737E-05 0.101962 0.23534
0.218268 9.99561E-05 0.219342 0.0282078 9.99561E-05 9.99561E-05 9.99561E-05 9.99561E-05 0.0803893 0.453293
0.324291 9.9965E-05 0.125064 0.0399702 9.9965E-05 0.33004 0.0119813 9.9965E-05 9.9965E-05 0.168254
0.358387 0.0241793 0.116563 0.048518 9.99737E-05 0.111452 0.0454527 9.99737E-05 9.99737E-05 0.295149
0.246561 9.99649E-05 9.99649E-05 0.0225163 0.26449 0.236228 9.99649E-05 9.99649E-05 0.0196028 0.210202
0.090502 0.061687 9.99912E-05 0.125975 0.0134644 0.138422 0.295892 0.00310949 0.031713 0.239135
9.99649E-05 0.0276224 9.99649E-05 9.99649E-05 0.0227704 0.247308 0.104347 9.99649E-05 0.296783 0.300769
0.364581 0.042682 9.99649E-05 9.99649E-05 9.99649E-05 0.328093 9.99649E-05 0.01789 0.0664847 0.179869
0.288191 9.99737E-05 0.0077167 0.122428 0.014393 0.41591 0.000385299 9.99737E-05 9.99737E-05 0.150676
0.422232 9.9965E-05 0.0737462 9.9965E-05 9.9965E-05 0.197018 0.080835 0.0223782 9.9965E-05 0.203391
0.0992976 0.0814654 9.99649E-05 0.24318 9.99649E-05 0.30877 0.018505 9.99649E-05 9.99649E-05 0.248382
0.23495 0.0968956 0.0345429 9.99825E-05 0.0749846 0.260153 9.99825E-05 0.00297612 0.00401726 0.291281
9.9956E-05 0.191774 9.9956E-05 9.9956E-05 0.544927 9.9956E-05 0.00773316 9.9956E-05 0.0141332 0.240933
9.99387E-05 0.0728791 9.99387E-05 9.99387E-05 0.919765 9.99387E-05 9.99387E-05 9.99387E-05 9.99387E-05 0.0066558
9.9956E-05 9.9956E-05 0.00512627 0.0276636 0.62345 9.9956E-05 9.9956E-05 9.9956E-05 0.0662679 0.276992
9.9956E-05 0.136734 9.9956E-05 0.0430954 0.536422 9.9956E-05 9.9956E-05 9.9956E-05 0.0418906 0.241358
9.99648E-05 0.207418 0.000350625 0.0325487 0.608782 9.99648E-05 9.99648E-05 0.0685668 9.99648E-05 0.0819337
0.0486146 0.215301 9.99473E-05 9.99473E-05 0.556888 9.99473E-05 9.99473E-05 9.99473E-05 9.99473E-05 0.178597
9.9956E-05 0.158055 9.9956E-05 0.0547125 0.501528 9.9956E-05 9.9956E-05 9.9956E-05 0.0554208 0.229783
9.99648E-05 0.276403 9.99648E-05 0.0198065 0.546691 9.99648E-05 9.99648E-05 0.0309118 0.0156931 0.110096
0.314726 0.352754 9.9956E-05 9.9956E-05 0.146727 9.9956E-05 9.9956E-05 9.9956E-05 0.0448216 0.140471
9.99561E-05 0.253493 9.99561E-05 0.00973735 0.278752 9.99561E-05 0.0396306 9.99561E-05 9.99561E-05 0.417887
0.320253 0.0419649 9.99473E-05 9.99473E-05 0.623778 9.99473E-05 9.99473E-05 9.99473E-05 0.0134046 9.99473E-05
0.168833 0.0087268 9.99561E-05 9.99561E-05 0.612965 9.99561E-05 9.99561E-05 9.99561E-05 0.0685595 0.140416
9.99473E-05 0.206004 9.99473E-05 9.99473E-05 0.768772 9.99473E-05 0.0125213 9.99473E-05 0.0121029 9.99473E-05
9.99385E-05 0.179152 9.99385E-05 9.99385E-05 0.54572 9.99385E-05 9.99385E-05 9.99385E-05 9.99385E-05 0.274428
9.99561E-05 0.118269 9.99561E-05 0.262636 0.574564 9.99561E-05 9.99561E-05 0.0220363 9.99561E-05 0.0219947
0.108943 0.0792081 0.051562 9.99736E-05 0.472323 9.99736E-05 9.99736E-05 0.0287975 0.0412478 0.217618
0.242833 0.0814414 9.99648E-05 9.99648E-05 0.55494 9.99648E-05 9.99648E-05 0.0424328 0.023229 0.0547238
9.99561E-05 0.199542 0.047717 9.99561E-05 0.61124 9.99561E-05 0.0922243 9.99561E-05 0.0487771 9.99561E-05
9.99473E-05 0.125426 9.99473E-05 9.99473E-05 0.718006 9.99473E-05 0.0731527 9.99473E-05 0.0828155 9.99473E-05
0.0304866 0.136916 9.99649E-05 9.99649E-05 0.574658 9.99649E-05 9.99649E-05 0.120725 0.00734003 0.129474
0.11691 0.0512348 9.99736E-05 0.0822388 0.62181 9.99736E-05 0.0128801 9.99736E-05 0.0106576 0.103969
9.9956E-05 0.0732028 9.9956E-05 0.0458576 0.707793 9.9956E-05 9.9956E-05 9.9956E-05 0.0524868 0.12016
0.063388 0.327812 9.99648E-05 9.99648E-05 0.213387 9.99648E-05 0.0336908 0.126103 9.99648E-05 0.235218
9.99561E-05 0.231189 9.99561E-05 9.99561E-05 0.635203 9.99561E-05 0.024964 9.99561E-05 0.00446225 0.103682
0.0157892 0.230807 9.99561E-05 9.99561E-05 0.237884 9.99561E-05 9.99561E-05 0.175526 9.99561E-05 0.339494
0.0929212 0.175346 9.99561E-05 9.99561E-05 0.507499 9.99561E-05 9.99561E-05 9.99561E-05 0.0351907 0.188543
9.99562E-05 9.99562E-05 0.0245169 9.99562E-05 0.900732 0.0544365 9.99562E-05 0.0130863 9.99562E-05 0.00672892
9.99472E-05 0.165704 9.99472E-05 9.99472E-05 0.497075 9.99472E-05 0.110957 9.99472E-05 9.99472E-05 0.225664
0.0223232 0.330763 9.99473E-05 9.99473E-05 0.400432 9.99473E-05 9.99473E-05 9.99473E-05 9.99473E-05 0.245883
9.99561E-05 0.0445336 9.99561E-05 9.99561E-05 0.688212 9.99561E-05 9.99561E-05 0.0345767 0.0499851 0.182193
0.038002 0.0288836 0.0964815 9.99649E-05 0.46684 9.99649E-05 9.99649E-05 9.99649E-05 0.0635669 0.305826
9.99561E-05 9.99561E-05 9.99561E-05 0.0320494 0.701521 9.99561E-05 9.99561E-05 0.0813906 0.00844351 0.176096
9.99561E-05 0.296297 9.99561E-05 9.99561E-05 0.223987 9.99561E-05 9.99561E-05 0.162089 0.00263102 0.314496
9.99648E-05 0.176528 9.99648E-05 0.00471326 0.413273 9.99648E-05 9.99648E-05 0.203719 0.027287 0.17408
9.99473E-05 0.027521 9.99473E-05 9.99473E-05 0.840109 9.99473E-05 9.99473E-05 0.0183217 9.99473E-05 0.113449
0.0133979 0.126868 0.0370216 0.00432011 0.675593 9.99824E-05 9.99824E-05 0.045895 0.0817959 0.0149078
9.9956E-05 0.210766 9.9956E-05 0.0231603 0.341888 9.9956E-05 9.9956E-05 9.9956E-05 0.0408171 0.382868
9.99298E-05 0.0603696 9.99298E-05 9.99298E-05 0.938831 9.99298E-05 9.99298E-05 9.99298E-05 9.99298E-05 9.99298E-05
9.99649E-05 0.0272331 9.99649E-05 0.00331194 0.842069 9.99649E-05 9.99649E-05 0.0253781 0.00636478 0.0952436
9.99474E-05 0.00557835 9.99474E-05 9.99474E-05 0.960209 9.99474E-05 9.99474E-05 9.99474E-05 0.0278451 0.00576751
9.99386E-05 0.0442004 9.99386E-05 9.99386E-05 0.923407 9.99386E-05 9.99386E-05 0.0316925 9.99386E-05 9.99386E-05
0.083775 0.174635 9.99648E-05 9.99648E-05 0.305166 9.99648E-05 0.0355002 9.99648E-05 0.0243794 0.376145
9.99736E-05 0.141256 9.99736E-05 0.011613 0.5947 9.99736E-05 0.135165 0.0202397 0.0268239 0.069903
9.99386E-05 0.0496867 9.99386E-05 9.99386E-05 0.870657 9.99386E-05 9.99386E-05 9.99386E-05 9.99386E-05 0.0789568
9.99298E-05 9.99298E-05 9.99298E-05 9.99298E-05 0.937301 9.99298E-05 9.99298E-05 9.99298E-05 9.99298E-05 0.0618991
0.212746 0.228466 9.99649E-05 0.144199 0.242633 9.99649E-05 9.99649E-05 0.105072 9.99649E-05 0.0664845
9.99561E-05 0.141682 9.99561E-05 0.0228608 0.541158 9.99561E-05 9.99561E-05 9.99561E-05 0.0533608 0.240438
0.0747575 0.232633 0.0642734 0.0553635 0.430466 9.99737E-05 9.99737E-05 0.0180614 9.99737E-05 0.124145
9.99473E-05 0.407528 9.99473E-05 9.99473E-05 0.197258 9.99473E-05 9.99473E-05 9.99473E-05 0.00657192 0.388042
9.99298E-05 9.99298E-05 9.99298E-05 9.99298E-05 0.952369 9.99298E-05 9.99298E-05 9.99298E-05 9.99298E-05 0.0468312
9.99736E-05 0.0726502 0.109717 9.99736E-05 0.391873 9.99736E-05 0.0778252 0.0700837 0.077831 0.19972
0.0577548 0.0692581 9.99474E-05 9.99474E-05 0.855971 9.99474E-05 9.99474E-05 9.99474E-05 9.99474E-05 0.0164162
9.99561E-05 0.100042 9.99561E-05 0.00671809 0.652639 9.99561E-05 9.99561E-05 9.99561E-05 0.05234 0.187761
9.99648E-05 0.163234 0.143046 0.026477 0.546707 9.99648E-05 0.0416859 9.99648E-05 9.99648E-05 0.0784506
9.99824E-05 0.0582331 0.0210444 0.0616045 0.610953 9.99824E-05 0.046148 0.0458839 0.107176 0.0487576
0.193247 0.256908 9.99473E-05 9.99473E-05 0.305538 9.99473E-05 9.99473E-05 9.99473E-05 9.99473E-05 0.243707
9.99385E-05 0.239403 9.99385E-05 9.99385E-05 0.578492 9.99385E-05 9.99385E-05 9.99385E-05 9.99385E-05 0.181405
9.9956E-05 0.0787772 0.0216826 9.9956E-05 0.617279 9.9956E-05 9.9956E-05 9.9956E-05 0.121438 0.160324
9.99561E-05 0.020531 9.99561E-05 9.99561E-05 0.719329 9.99561E-05 9.99561E-05 0.114398 0.00834274 0.1369
0.0657066 0.158907 9.99473E-05 9.99473E-05 0.702071 9.99473E-05 9.99473E-05 9.99473E-05 9.99473E-05 0.0727159
9.99207E-05 9.99207E-05 9.99207E-05 9.99207E-05 9.99207E-05 9.99207E-05 9.99207E-05 9.99207E-05 9.99207E-05 0.999101
9.99208E-05 0.999101 9.99208E-05 9.99208E-05 9.99208E-05 9.99208E-05 9.99208E-05 9.99208E-05 9.99208E-05 9.99208E-05
9.99207E-05 9.99207E-05 9.99207E-05 9.99207E-05 9.99207E-05 9.99207E-05 9.99207E-05 9.99207E-05 9.99207E-05 0.999101
9.99207E-05 0.999101 9.99207E-05 9.99207E-05 9.99207E-05 9.99207E-05 9.99207E-05 9.99207E-05 9.99207E-05 9.99207E-05
9.99208E-05 0.999101 9.99208E-05 9.99208E-05 9.99208E-05 9.99208E-05 9.99208E-05 9.99208E-05 9.99208E-05 9.99208E-05
9.99208E-05 0.999101 9.99208E-05 9.99208E-05 9.99208E-05 9.99208E-05 9.99208E-05 9.99208E-05 9.99208E-05 9.99208E-05
9.99207E-05 9.99207E-05 9.99207E-05 9.99207E-05 9.99207E-05 9.99207E-05 9.99207E-05 9.99207E-05 9.99207E-05 0.999101
9.99208E-05 0.999101 9.99208E-05 9.99208E-05 9.99208E-05 9.99208E-05 9.99208E-05 9.99208E-05 9.99208E-05 9.99208E-05
9.99208E-05 0.999101 9.99208E-05 9.99208E-05 9.99208E-05 9.99208E-05 9.99208E-05 9.99208E-05 9.99208E-05 9.99208E-05
9.99207E-05 9.99207E-05 9.99207E-05 9.99207E-05 9.99207E-05 9.99207E-05 9.99207E-05 9.99207E-05 9.99207E-05 0.999101
9.99208E-05 9.99208E-05 9.99208E-05 9.99208E-05 9.99208E-05 9.99208E-05 9.99208E-05 9.99208E-05 9.99208E-05 0.999101
9.99208E-05 9.99208E-05 9.99208E-05 9.99208E-05 9.99208E-05 9.99208E-05 9.99208E-05 9.99208E-05 9.99208E-05 0.999101
9.99208E-05 0.999101 9.99208E-05 9.99208E-05 9.99208E-05 9.99208E-05 9.99208E-05 9.99208E-05 9.99208E-05 9.99208E-05
9.99208E-05 0.999101 9.99208E-05 9.99208E-05 9.99208E-05 9.99208E-05 9.99208E-05 9.99208E-05 9.99208E-05 9.99208E-05
9.99208E-05 9.99208E-05 9.99208E-05 9.99208E-05 9.99208E-05 9.99208E-05 9.99208E-05 9.99208E-05 9.99208E-05 0.999101
9.99207E-05 9.99207E-05 9.99207E-05 9.99207E-05 9.99207E-05 9.99207E-05 9.99207E-05 9.99207E-05 9.99207E-05 0.999101
9.99736E-05 0.14738 0.107255 0.0642232 0.290171 9.99736E-05 0.069624 0.0394742 9.99736E-05 0.281573
9.99208E-05 9.99208E-05 9.99208E-05 9.99208E-05 9.99208E-05 9.99208E-05 9.99208E-05 9.99208E-05 9.99208E-05 0.999101
9.99208E-05 0.999101 9.99208E-05 9.99208E-05 9.99208E-05 9.99208E-05 9.99208E-05 9.99208E-05 9.99208E-05 9.99208E-05
9.99207E-05 9.99207E-05 9.99207E-05 9.99207E-05 9.99207E-05 9.99207E-05 9.99207E-05 9.99207E-05 9.99207E-05 0.999101
9.99208E-05 9.99208E-05 9.99208E-05 9.99208E-05 9.99208E-05 9.99208E-05 9.99208E-05 9.99208E-05 9.99208E-05 0.999101
9.99207E-05 9.99207E-05 9.99207E-05 9.99207E-05 9.99207E-05 9.99207E-05 9.99207E-05 9.99207E-05 9.99207E-05 0.999101
9.99207E-05 0.999101 9.99207E-05 9.99207E-05 9.99207E-05 9.99207E-05 9.99207E-05 9.99207E-05 9.99207E-05 9.99207E-05
9.99207E-05 9.99207E-05 9.99207E-05 9.99207E-05 9.99207E-05 9.99207E-05 9.99207E-05 9.99207E-05 9.99207E-05 0.999101
9.99208E-05 0.999101 9.99208E-05 9.99208E-05 9.99208E-05 9.99208E-05 9.99208E-05 9.99208E-05 9.99208E-05 9.99208E-05
9.99208E-05 9.99208E-05 9.99208E-05 9.99208E-05 9.99208E-05 9.99208E-05 9.99208E-05 9.99208E-05 9.99208E-05 0.999101
9.99207E-05 9.99207E-05 9.99207E-05 9.99207E-05 9.99207E-05 9.99207E-05 9.99207E-05 9.99207E-05 9.99207E-05 0.999101
9.99208E-05 0.999101 9.99208E-05 9.99208E-05 9.99208E-05 9.99208E-05 9.99208E-05 9.99208E-05 9.99208E-05 9.99208E-05
9.99208E-05 0.999101 9.99208E-05 9.99208E-05 9.99208E-05 9.99208E-05 9.99208E-05 9.99208E-05 9.99208E-05 9.99208E-05
9.99209E-05 0.999101 9.99209E-05 9.99209E-05 9.99209E-05 9.99209E-05 9.99209E-05 9.99209E-05 9.99209E-05 9.99209E-05
9.99208E-05 9.99208E-05 9.99208E-05 9.99208E-05 9.99208E-05 9.99208E-05 9.99208E-05 9.99208E-05 9.99208E-05 0.999101
9.99208E-05 9.99208E-05 9.99208E-05 9.99208E-05 9.99208E-05 9.99208E-05 9.99208E-05 9.99208E-05 9.99208E-05 0.999101
9.99207E-05 9.99207E-05 9.99207E-05 9.99207E-05 9.99207E-05 9.99207E-05 9.99207E-05 9.99207E-05 9.99207E-05 0.999101
9.99207E-05 9.99207E-05 9.99207E-05 9.99207E-05 9.99207E-05 9.99207E-05 9.99207E-05 9.99207E-05 9.99207E-05 0.999101
9.99207E-05 9.99207E-05 9.99207E-05 9.99207E-05 9.99207E-05 9.99207E-05 9.99207E-05 9.99207E-05 9.99207E-05 0.999101
9.99208E-05 0.999101 9.99208E-05 9.99208E-05 9.99208E-05 9.99208E-05 9.99208E-05 9.99208E-05 9.99208E-05 9.99208E-05
9.99208E-05 0.999101 9.99208E-05 9.99208E-05 9.99208E-05 9.99208E-05 9.99208E-05 9.99208E-05 9.99208E-05 9.99208E-05
9.99208E-05 0.999101 9.99208E-05 9.99208E-05 9.99208E-05 9.99208E-05 9.99208E-05 9.99208E-05 9.99208E-05 9.99208E-05
9.99208E-05 9.99208E-05 9.99208E-05 9.99208E-05 9.99208E-05 9.99208E-05 9.99208E-05 9.99208E-05 9.99208E-05 0.999101
9.99208E-05 0.999101 9.99208E-05 9.99208E-05 9.99208E-05 9.99208E-05 9.99208E-05 9.99208E-05 9.99208E-05 9.99208E-05
9.99208E-05 0.999101 9.99208E-05 9.99208E-05 9.99208E-05 9.99208E-05 9.99208E-05 9.99208E-05 9.99208E-05 9.99208E-05
9.99208E-05 0.999101 9.99208E-05 9.99208E-05 9.99208E-05 9.99208E-05 9.99208E-05 9.99208E-05 9.99208E-05 9.99208E-05
9.99208E-05 0.999101 9.99208E-05 9.99208E-05 9.99208E-05 9.99208E-05 9.99208E-05 9.99208E-05 9.99208E-05 9.99208E-05
9.99207E-05 9.99207E-05 9.99207E-05 9.99207E-05 9.99207E-05 9.99207E-05 9.99207E-05 9.99207E-05 9.99207E-05 0.999101
9.99208E-05 0.999101 9.99208E-05 9.99208E-05 9.99208E-05 9.99208E-05 9.99208E-05 9.99208E-05 9.99208E-05 9.99208E-05
9.99208E-05 0.999101 9.99208E-05 9.99208E-05 9.99208E-05 9.99208E-05 9.99208E-05 9.99208E-05 9.99208E-05 9.99208E-05
0.0211246 0.135586 9.99648E-05 9.99648E-05 0.264747 9.99648E-05 0.338257 0.01305 9.99648E-05 0.226835
9.99208E-05 9.99208E-05 9.99208E-05 9.99208E-05 9.99208E-05 9.99208E-05 9.99208E-05 9.99208E-05 9.99208E-05 0.999101
9.99208E-05 0.999101 9.99208E-05 9.99208E-05 9.99208E-05 9.99208E-05 9.99208E-05 9.99208E-05 9.99208E-05 9.99208E-05
9.99208E-05 0.999101 9.99208E-05 9.99208E-05 9.99208E-05 9.99208E-05 9.99208E-05 9.99208E-05 9.99208E-05 9.99208E-05
9.99208E-05 0.999101 9.99208E-05 9.99208E-05 9.99208E-05 9.99208E-05 9.99208E-05 9.99208E-05 9.99208E-05 9.99208E-05
9.99208E-05 0.999101 9.99208E-05 9.99208E-05 9.99208E-05 9.99208E-05 9.99208E-05 9.99208E-05 9.99208E-05 9.99208E-05
9.99207E-05 9.99207E-05 9.99207E-05 9.99207E-05 9.99207E-05 9.99207E-05 9.99207E-05 9.99207E-05 9.99207E-05 0.999101
9.99207E-05 0.999101 9.99207E-05 9.99207E-05 9.99207E-05 9.99207E-05 9.99207E-05 9.99207E-05 9.99207E-05 9.99207E-05
9.99207E-05 9.99207E-05 9.99207E-05 9.99207E-05 9.99207E-05 9.99207E-05 9.99207E-05 9.99207E-05 9.99207E-05 0.999101
9.99208E-05 0.999101 9.99208E-05 9.99208E-05 9.99208E-05 9.99208E-05 9.99208E-05 9.99208E-05 9.99208E-05 9.99208E-05
9.99208E-05 9.99208E-05 9.99208E-05 9.99208E-05 9.99208E-05 9.99208E-05 9.99208E-05 9.99208E-05 9.99208E-05 0.999101
9.99208E-05 0.999101 9.99208E-05 9.99208E-05 9.99208E-05 9.99208E-05 9.99208E-05 9.99208E-05 9.99208E-05 9.99208E-05
9.99208E-05 0.999101 9.99208E-05 9.99208E-05 9.99208E-05 9.99208E-05 9.99208E-05 9.99208E-05 9.99208E-05 9.99208E-05
9.99208E-05 0.999101 9.99208E-05 9.99208E-05 9.99208E-05 9.99208E-05 9.99208E-05 9.99208E-05 9.99208E-05 9.99208E-05
9.99208E-05 0.999101 9.99208E-05 9.99208E-05 9.99208E-05 9.99208E-05 9.99208E-05 9.99208E-05 9.99208E-05 9.99208E-05
9.99208E-05 0.999101 9.99208E-05 9.99208E-05 9.99208E-05 9.99208E-05 9.99208E-05 9.99208E-05 9.99208E-05 9.99208E-05
9.99207E-05 0.999101 9.99207E-05 9.99207E-05 9.99207E-05 9.99207E-05 9.99207E-05 9.99207E-05 9.99207E-05 9.99207E-05
9.99207E-05 9.99207E-05 9.99207E-05 9.99207E-05 9.99207E-05 9.99207E-05 9.99207E-05 9.99207E-05 9.99207E-05 0.999101
9.99208E-05 9.99208E-05 9.99208E-05 9.99208E-05 9.99208E-05 9.99208E-05 9.99208E-05 9.99208E-05 9.99208E-05 0.999101
9.99208E-05 9.99208E-05 9.99208E-05 9.99208E-05 9.99208E-05 9.99208E-05 9.99208E-05 9.99208E-05 9.99208E-05 0.999101
9.99208E-05 0.999101 9.99208E-05 9.99208E-05 9.99208E-05 9.99208E-05 9.99208E-05 9.99208E-05 9.99208E-05 9.99208E-05
9.99207E-05 9.99207E-05 9.99207E-05 9.99207E-05 9.99207E-05 9.99207E-05 9.99207E-05 9.99207E-05 9.99207E-05 0.999101
9.99207E-05 9.99207E-05 9.99207E-05 9.99207E-05 9.99207E-05 9.99207E-05 9.99207E-05 9.99207E-05 9.99207E-05 0.999101
9.99207E-05 9.99207E-05 9.99207E-05 9.99207E-05 9.99207E-05 9.99207E-05 9.99207E-05 9.99207E-05 9.99207E-05 0.999101
9.99208E-05 0.999101 9.99208E-05 9.99208E-05 9.99208E-05 9.99208E-05 9.99208E-05 9.99208E-05 9.99208E-05 9.99208E-05
9.99208E-05 0.999101 9.99208E-05 9.99208E-05 9.99208E-05 9.99208E-05 9.99208E-05 9.99208E-05 9.99208E-05 9.99208E-05
9.99208E-05 0.999101 9.99208E-05 9.99208E-05 9.99208E-05 9.99208E-05 9.99208E-05 9.99208E-05 9.99208E-05 9.99208E-05
9.99207E-05 9.99207E-05 9.99207E-05 9.99207E-05 9.99207E-05 9.99207E-05 9.99207E-05 9.99207E-05 9.99207E-05 0.999101
9.99208E-05 0.999101 9.99208E-05 9.99208E-05 9.99208E-05 9.99208E-05 9.99208E-05 9.99208E-05 9.99208E-05 9.99208E-05
9.99208E-05 0.999101 9.99208E-05 9.99208E-05 9.99208E-05 9.99208E-05 9.99208E-05 9.99208E-05 9.99208E-05 9.99208E-05
9.99208E-05 9.99208E-05 9.99208E-05 9.99208E-05 9.99208E-05 9.99208E-05 9.99208E-05 9.99208E-05 9.99208E-05 0.999101
9.99208E-05 0.999101 9.99208E-05 9.99208E-05 9.99208E-05 9.99208E-05 9.99208E-05 9.99208E-05 9.99208E-05 9.99208E-05
9.99208E-05 0.999101 9.99208E-05 9.99208E-05 9.99208E-05 9.99208E-05 9.99208E-05 9.99208E-05 9.99208E-05 9.99208E-05
9.99736E-05 0.138162 0.0482233 0.100265 0.156583 9.99736E-05 9.99736E-05 0.00361533 0.203887 0.348963
9.99207E-05 9.99207E-05 9.99207E-05 9.99207E-05 9.99207E-05 9.99207E-05 9.99207E-05 9.99207E-05 9.99207E-05 0.999101
9.99208E-05 0.999101 9.99208E-05 9.99208E-05 9.99208E-05 9.99208E-05 9.99208E-05 9.99208E-05 9.99208E-05 9.99208E-05
9.99649E-05 0.459371 0.0610504 0.0131557 0.353064 9.99649E-05 9.99649E-05 9.99649E-05 0.0675894 0.04537
9.99561E-05 0.301162 9.99561E-05 9.99561E-05 0.349503 9.99561E-05 0.0766281 0.0693196 9.99561E-05 0.202888
9.99473E-05 0.208739 9.99473E-05 9.99473E-05 0.331521 9.99473E-05 9.99473E-05 0.0546559 9.99473E-05 0.404485
9.9956E-05 9.9956E-05 0.0518888 0.0655206 0.526392 9.9956E-05 0.0711655 9.9956E-05 9.9956E-05 0.284534
0.0313137 0.266717 9.99472E-05 9.99472E-05 0.332508 9.99472E-05 9.99472E-05 9.99472E-05 9.99472E-05 0.368862
0.122384 0.0375843 0.0177182 9.9965E-05 0.691327 0.051205 0.0793816 9.9965E-05 9.9965E-05 9.9965E-05
9.99561E-05 0.308438 9.99561E-05 9.99561E-05 0.227038 9.99561E-05 0.114992 9.99561E-05 0.0441295 0.304903
9.99736E-05 0.218002 0.0271839 0.0140382 0.446029 9.99736E-05 9.99736E-05 0.0639025 0.0807115 0.149833
9.99473E-05 0.157538 9.99473E-05 9.99473E-05 0.638614 9.99473E-05 9.99473E-05 9.99473E-05 0.0702967 0.132951
9.99472E-05 9.99472E-05 9.99472E-05 9.99472E-05 0.656937 9.99472E-05 0.144762 0.00139211 9.99472E-05 0.196309
9.99473E-05 0.070369 9.99473E-05 9.99473E-05 0.547763 9.99473E-05 9.99473E-05 9.99473E-05 0.118091 0.263177
9.99385E-05 0.600545 9.99385E-05 9.99385E-05 0.318014 9.99385E-05 9.99385E-05 9.99385E-05 9.99385E-05 0.0807416
0.0393607 0.273895 0.0064296 0.0954623 0.210481 9.99648E-05 9.99648E-05 9.99648E-05 9.99648E-05 0.373972
9.9956E-05 0.0916435 9.9956E-05 0.119205 0.681186 9.9956E-05 9.9956E-05 0.02881 9.9956E-05 0.0786561
9.99472E-05 0.195471 9.99472E-05 9.99472E-05 0.505425 9.99472E-05 9.99472E-05 9.99472E-05 0.0416795 0.256825
0.160678 0.194523 9.99648E-05 9.99648E-05 0.383617 9.99648E-05 0.078159 9.99648E-05 0.0199232 0.1627
0.0219244 0.186073 9.99561E-05 9.99561E-05 0.574591 9.99561E-05 9.99561E-05 0.0587351 9.99561E-05 0.158176
0.0264638 0.0838889 0.0028524 9.99648E-05 0.281852 9.99648E-05 9.99648E-05 9.99648E-05 0.136144 0.468399
0.244359 0.139258 9.9956E-05 9.9956E-05 0.455767 9.9956E-05 9.9956E-05 0.110809 0.0493074 9.9956E-05
9.9956E-05 0.168227 9.9956E-05 0.000876321 0.423748 9.9956E-05 0.142109 9.9956E-05 9.9956E-05 0.264539
0.0249563 0.163645 9.99648E-05 9.99648E-05 0.579684 9.99648E-05 0.132117 0.0250185 9.99648E-05 0.0741798
9.99473E-05 0.283411 0.0578999 9.99473E-05 0.617118 9.99473E-05 9.99473E-05 9.99473E-05 0.0409708 9.99473E-05
9.99736E-05 0.13192 0.113371 0.0222833 0.419604 9.99736E-05 9.99736E-05 0.0499877 0.0483558 0.214178
9.99648E-05 0.193568 9.99648E-05 0.0547224 0.544315 9.99648E-05 0.0744501 9.99648E-05 0.0346207 0.0979241
9.99472E-05 0.0953189 9.99472E-05 0.157606 0.655131 9.99472E-05 9.99472E-05 9.99472E-05 9.99472E-05 0.0913438
0.0556147 0.0278041 9.99386E-05 9.99386E-05 0.915882 9.99386E-05 9.99386E-05 9.99386E-05 9.99386E-05 9.99386E-05
9.9956E-05 0.114361 9.9956E-05 9.9956E-05 0.559406 9.9956E-05 0.151293 0.00498399 9.9956E-05 0.169457
9.99561E-05 0.336733 9.99561E-05 0.0625807 0.200353 9.99561E-05 9.99561E-05 0.00893817 9.99561E-05 0.390895
9.9956E-05 9.9956E-05 9.9956E-05 0.0926615 0.642896 9.9956E-05 0.0604203 0.110377 9.9956E-05 0.0931449
9.9956E-05 0.192155 9.9956E-05 0.0880432 0.497241 9.9956E-05 9.9956E-05 0.131377 9.9956E-05 0.0906845
9.99561E-05 0.437788 9.99561E-05 9.99561E-05 0.303747 9.99561E-05 0.0219677 9.99561E-05 0.0679025 0.168095
0.000355807 0.29197 9.99561E-05 9.99561E-05 0.555605 9.99561E-05 9.99561E-05 9.99561E-05 0.00717262 0.144397
0.197051 0.214569 9.99648E-05 9.99648E-05 0.323153 9.99648E-05 0.105867 0.00744451 9.99648E-05 0.151515
9.99648E-05 0.23709 9.99648E-05 0.0875465 0.411231 9.99648E-05 0.0200343 9.99648E-05 0.0124195 0.23128
9.9956E-05 0.154867 9.9956E-05 0.0238833 0.434884 9.9956E-05 9.9956E-05 9.9956E-05 0.1457 0.240167
9.99473E-05 0.0713583 9.99473E-05 9.99473E-05 0.570354 9.99473E-05 0.0856356 9.99473E-05 9.99473E-05 0.272053
9.99209E-05 9.99209E-05 9.99209E-05 9.99209E-05 0.999101 9.99209E-05 9.99209E-05 9.99209E-05 9.99209E-05 9.99209E-05
0.0287864 0.0170827 0.112553 0.00700766 0.401867 9.99736E-05 9.99736E-05 9.99736E-05 0.125803 0.3066
9.99649E-05 0.0129231 0.100929 9.99649E-05 0.696721 9.99649E-05 9.99649E-05 0.0244451 0.0853122 0.0792696
9.99473E-05 0.206063 9.99473E-05 9.99473E-05 0.390776 9.99473E-05 0.298714 9.99473E-05 9.99473E-05 0.103847
9.99648E-05 0.114819 9.99648E-05 0.0112391 0.507391 9.99648E-05 0.0647547 9.99648E-05 0.00519294 0.296204
0.0347024 0.0782876 9.99649E-05 9.99649E-05 0.606215 9.99649E-05 0.113493 0.0390321 9.99649E-05 0.12787
9.99473E-05 0.281127 9.99473E-05 9.99473E-05 0.325989 9.99473E-05 0.232939 9.99473E-05 9.99473E-05 0.159346
0.0590004 0.576576 9.99561E-05 0.0321486 0.238567 9.99561E-05 9.99561E-05 9.99561E-05 9.99561E-05 0.0932082
9.99473E-05 0.410284 9.99473E-05 0.0748033 0.125668 9.99473E-05 9.99473E-05 9.99473E-05 9.99473E-05 0.388645
9.99472E-05 0.220068 9.99472E-05 9.99472E-05 0.5158 9.99472E-05 0.0659033 9.99472E-05 9.99472E-05 0.197629
9.99209E-05 9.99209E-05 9.99209E-05 9.99209E-05 0.999101 9.99209E-05 9.99209E-05 9.99209E-05 9.99209E-05 9.99209E-05
9.9956E-05 0.284272 9.9956E-05 9.9956E-05 0.509821 9.9956E-05 9.9956E-05 0.0572647 0.0689634 0.0791785
9.99298E-05 9.99298E-05 9.99298E-05 9.99298E-05 0.967205 9.99298E-05 0.0319952 9.99298E-05 9.99298E-05 9.99298E-05
0.145577 0.224757 0.124207 0.0461996 0.172828 9.99824E-05 0.116408 9.99824E-05 0.0148682 0.154956
0.137325 9.99298E-05 9.99298E-05 9.99298E-05 0.861875 9.99298E-05 9.99298E-05 9.99298E-05 9.99298E-05 9.99298E-05
0.0248786 9.99473E-05 9.99473E-05 9.99473E-05 0.522634 9.99473E-05 9.99473E-05 9.99473E-05 0.0528919 0.398996
0.266224 9.9956E-05 9.9956E-05 9.9956E-05 0.254282 9.9956E-05 0.126212 9.9956E-05 0.0452316 0.30755
0.232773 0.187332 9.99473E-05 9.99473E-05 0.476623 9.99473E-05 9.99473E-05 9.99473E-05 9.99473E-05 0.102672
9.9956E-05 0.108908 9.9956E-05 9.9956E-05 0.622913 9.9956E-05 0.246774 0.000882356 9.9956E-05 0.0200225
9.99473E-05 0.378337 0.00585758 9.99473E-05 0.508426 9.99473E-05 9.99473E-05 9.99473E-05 9.99473E-05 0.106779
0.0946127 9.99387E-05 9.99387E-05 9.99387E-05 0.749192 9.99387E-05 9.99387E-05 9.99387E-05 9.99387E-05 0.155496
9.99473E-05 0.176209 9.99473E-05 9.99473E-05 0.771777 9.99473E-05 9.99473E-05 9.99473E-05 0.0185224 0.0328921
9.99649E-05 0.237043 0.00415199 0.0251685 0.445435 9.99649E-05 9.99649E-05 0.0229592 9.99649E-05 0.264843
0.11724 0.205288 9.99473E-05 9.99473E-05 0.429671 9.99473E-05 9.99473E-05 9.99473E-05 9.99473E-05 0.247201
9.99297E-05 0.00460296 9.99297E-05 9.99297E-05 0.994598 9.99297E-05 9.99297E-05 9.99297E-05 9.99297E-05 9.99297E-05
9.99298E-05 0.0998426 9.99298E-05 9.99298E-05 0.899358 9.99298E-05 9.99298E-05 9.99298E-05 9.99298E-05 9.99298E-05
9.99474E-05 0.00415639 9.99474E-05 9.99474E-05 0.794873 0.0463666 9.99474E-05 9.99474E-05 9.99474E-05 0.154004
9.99561E-05 0.110636 9.99561E-05 9.99561E-05 0.57486 9.99561E-05 9.99561E-05 0.00940971 0.14503 0.159564
9.9956E-05 0.223196 9.9956E-05 9.9956E-05 0.549606 9.9956E-05 9.9956E-05 0.0531386 0.0429063 0.130653
9.99473E-05 0.286426 0.0232119 9.99473E-05 0.683211 9.99473E-05 9.99473E-05 9.99473E-05 9.99473E-05 0.00655183
9.99386E-05 0.0745146 9.99386E-05 9.99386E-05 0.86811 9.99386E-05 9.99386E-05 9.99386E-05 9.99386E-05 0.0566758
0.052929 0.280073 9.99684E-05 9.99684E-05 0.362945 9.99684E-05 0.0153713 0.0128691 9.99684E-05 0.275412
9.9956E-05 0.0423111 9.9956E-05 9.9956E-05 0.458387 9.9956E-05 9.9956E-05 0.0332806 0.0887917 0.376729
0.223349 9.99386E-05 9.99386E-05 9.99386E-05 0.727189 9.99386E-05 9.99386E-05 0.0487623 9.99386E-05 9.99386E-05
0.266398 0.0295765 9.99561E-05 9.99561E-05 0.416685 9.99561E-05 9.99561E-05 0.0677252 9.99561E-05 0.219116
0.0121749 9.9965E-05 9.9965E-05 9.9965E-05 0.754121 0.0936466 9.9965E-05 0.0228956 0.00827077 0.108492
9.99473E-05 0.347958 9.99473E-05 9.99473E-05 0.355771 9.99473E-05 0.0261622 9.99473E-05 9.99473E-05 0.269509
0.240907 9.99561E-05 0.145233 0.117988 0.480557 9.99561E-05 9.99561E-05 9.99561E-05 0.0148159 9.99561E-05
0.114784 9.99386E-05 9.99386E-05 9.99386E-05 0.809025 9.99386E-05 9.99386E-05 9.99386E-05 9.99386E-05 0.0754911
0.24361 0.130065 9.99473E-05 9.99473E-05 0.524434 9.99473E-05 9.99473E-05 9.99473E-05 9.99473E-05 0.101292
0.146857 9.99386E-05 9.99386E-05 9.99386E-05 0.826725 0.0257186 9.99386E-05 9.99386E-05 9.99386E-05 9.99386E-05
9.9956E-05 9.9956E-05 9.9956E-05 0.0102677 0.73838 9.9956E-05 0.0279227 9.9956E-05 0.00999179 0.212938
0.218552 9.99299E-05 9.99299E-05 9.99299E-05 0.780648 9.99299E-05 9.99299E-05 9.99299E-05 9.99299E-05 9.99299E-05
0.0189105 0.416269 9.99561E-05 9.99561E-05 0.428964 9.99561E-05 9.99561E-05 9.99561E-05 0.0607444 0.0746122
9.99473E-05 0.240455 9.99473E-05 9.99473E-05 0.592084 9.99473E-05 0.109712 9.99473E-05 0.0571487 9.99473E-05
0.0827847 0.198302 9.99736E-05 0.067954 0.351885 9.99736E-05 0.157853 0.0792662 0.061655 9.99736E-05
0.0707108 9.99298E-05 9.99298E-05 9.99298E-05 0.92849 9.99298E-05 9.99298E-05 9.99298E-05 9.99298E-05 9.99298E-05
0.0773374 0.311576 9.99561E-05 9.99561E-05 0.478494 9.99561E-05 9.99561E-05 0.0381958 0.0938966 9.99561E-05
0.201428 0.12199 9.99561E-05 9.99561E-05 0.44275 9.99561E-05 9.99561E-05 0.223465 0.00986765 9.99561E-05
0.132539 0.0208094 9.99473E-05 9.99473E-05 0.784354 9.99473E-05 9.99473E-05 9.99473E-05 9.99473E-05 0.0616978
9.9956E-05 0.0686949 9.9956E-05 0.177748 0.483888 9.9956E-05 9.9956E-05 9.9956E-05 0.0168761 0.252294
9.99648E-05 0.424656 9.99648E-05 0.0272748 0.344158 9.99648E-05 0.00503751 9.99648E-05 0.00420082 0.194273
9.99561E-05 0.13118 0.0980141 9.99561E-05 0.426612 9.99561E-05 9.99561E-05 9.99561E-05 0.089335 0.254359
9.9956E-05 0.219369 9.9956E-05 9.9956E-05 0.393355 9.9956E-05 9.9956E-05 0.0573988 0.03572 0.293657
0.0817395 0.0895472 9.99649E-05 0.0118006 0.442842 9.99649E-05 9.99649E-05 0.170483 9.99649E-05 0.203188
0.170393 0.075001 9.9956E-05 0.108846 0.264541 9.9956E-05 9.9956E-05 9.9956E-05 9.9956E-05 0.380719
9.99386E-05 0.45988 9.99386E-05 9.99386E-05 0.321808 9.99386E-05 9.99386E-05 9.99386E-05 9.99386E-05 0.217612
0.242549 0.0276528 9.99736E-05 0.0177106 0.341295 9.99736E-05 9.99736E-05 0.175708 0.107295 0.087489
0.234074 0.178036 9.99386E-05 9.99386E-05 0.587191 9.99386E-05 9.99386E-05 9.99386E-05 9.99386E-05 9.99386E-05
0.27476 9.99386E-05 9.99386E-05 9.99386E-05 0.717105 9.99386E-05 9.99386E-05 9.99386E-05 9.99386E-05 0.007435
9.99385E-05 0.324944 9.99385E-05 9.99385E-05 0.412223 9.99385E-05 0.262133 9.99385E-05 9.99385E-05 9.99385E-05
0.0180638 0.0319338 9.99648E-05 9.99648E-05 0.357385 9.99648E-05 0.0707556 9.99648E-05 0.147152 0.37431
9.99473E-05 9.99473E-05 9.99473E-05 0.0767743 0.463995 9.99473E-05 9.99473E-05 9.99473E-05 0.0476363 0.410994
0.110058 0.164808 9.99649E-05 9.99649E-05 0.186041 9.99649E-05 0.0428947 0.024705 9.99649E-05 0.471094
9.99736E-05 0.185835 0.0258441 0.0912298 0.39317 9.99736E-05 0.179407 0.0585854 0.0656294 9.99736E-05
9.99561E-05 0.0717201 9.99561E-05 9.99561E-05 0.437447 9.99561E-05 0.0246075 9.99561E-05 0.00175977 0.463966
0.134296 0.12364 0.0166657 9.99736E-05 0.350308 9.99736E-05 9.99736E-05 0.189895 0.0742982 0.110597
0.124518 0.0857447 9.99474E-05 9.99474E-05 0.783777 0.005361 9.99474E-05 9.99474E-05 9.99474E-05 9.99474E-05
0.193935 0.0714784 9.99649E-05 0.036458 0.663062 0.0327741 9.99649E-05 9.99649E-05 9.99649E-05 0.00189245
0.0909179 0.175014 9.99473E-05 9.99473E-05 0.50687 9.99473E-05 9.99473E-05 9.99473E-05 9.99473E-05 0.226598
0.136801 9.99561E-05 9.99561E-05 0.243466 0.183738 9.99561E-05 9.99561E-05 0.0277411 9.99561E-05 0.407753
0.135245 0.0617149 9.99387E-05 9.99387E-05 0.802341 9.99387E-05 9.99387E-05 9.99387E-05 9.99387E-05 9.99387E-05
0.0224183 9.99387E-05 9.99387E-05 9.99387E-05 0.924279 9.99387E-05 9.99387E-05 9.99387E-05 9.99387E-05 0.0526031
9.99561E-05 0.0858668 9.99561E-05 0.0301318 0.733685 9.99561E-05 9.99561E-05 0.109021 9.99561E-05 0.040795
9.99473E-05 0.0751 9.99473E-05 0.0198765 0.787364 9.99473E-05 9.99473E-05 9.99473E-05 9.99473E-05 0.11706
9.99386E-05 9.99386E-05 9.99386E-05 9.99386E-05 0.780006 9.99386E-05 9.99386E-05 9.99386E-05 0.0277854 0.191509
9.99472E-05 0.0896601 9.99472E-05 9.99472E-05 0.508411 9.99472E-05 0.0818363 9.99472E-05 9.99472E-05 0.319492
9.99561E-05 0.0456996 9.99561E-05 9.99561E-05 0.437151 9.99561E-05 0.190278 0.0134422 9.99561E-05 0.31293
0.0368629 9.99648E-05 0.00186456 9.99648E-05 0.305909 9.99648E-05 9.99648E-05 0.129573 0.102466 0.422924
0.075365 0.338121 9.99385E-05 9.99385E-05 0.585815 9.99385E-05 9.99385E-05 9.99385E-05 9.99385E-05 9.99385E-05
0.00371832 0.141566 9.9956E-05 9.9956E-05 0.596116 9.9956E-05 0.121349 9.9956E-05 9.9956E-05 0.136751
9.9956E-05 0.0454215 9.9956E-05 0.172773 0.433291 9.9956E-05 9.9956E-05 9.9956E-05 0.0625742 0.285441
9.99561E-05 0.0420413 9.99561E-05 9.99561E-05 0.894963 9.99561E-05 9.99561E-05 0.0273772 0.00688217 0.0282365
0.180318 9.99736E-05 0.0998208 9.99736E-05 0.219593 9.99736E-05 0.0626255 0.00574224 0.0432933 0.388307
9.9956E-05 9.9956E-05 9.9956E-05 0.108384 0.528991 9.9956E-05 0.0509836 9.9956E-05 0.000778731 0.310363
9.9956E-05 0.285448 9.9956E-05 9.9956E-05 0.423779 9.9956E-05 9.9956E-05 0.0321614 0.162462 0.0956497
0.309719 0.0310274 9.99648E-05 9.99648E-05 0.321794 9.99648E-05 0.0938484 0.00455583 9.99648E-05 0.238655
0.0185524 0.177716 0.00908468 9.99824E-05 0.460563 9.99824E-05 0.173461 0.00275627 0.0623402 0.0953267
0.43979 0.0511092 9.99385E-05 9.99385E-05 0.508402 9.99385E-05 9.99385E-05 9.99385E-05 9.99385E-05 9.99385E-05
9.9956E-05 0.162921 9.9956E-05 0.0465077 0.327534 9.9956E-05 9.9956E-05 9.9956E-05 0.135692 0.326845
9.99386E-05 9.99386E-05 9.99386E-05 9.99386E-05 0.783257 9.99386E-05 9.99386E-05 0.0782243 9.99386E-05 0.137819
0.254085 0.0540238 9.99387E-05 9.99387E-05 0.691191 9.99387E-05 9.99387E-05 9.99387E-05 9.99387E-05 9.99387E-05
0.0686182 0.205407 0.0842396 9.99824E-05 0.343944 9.99824E-05 0.015759 0.0126 0.134283 0.134949
0.0896338 0.209854 9.99736E-05 9.99736E-05 0.43323 9.99736E-05 0.103684 0.0110701 0.0213412 0.130887
0.389022 0.147865 9.99561E-05 9.99561E-05 9.99561E-05 9.99561E-05 0.306992 9.99561E-05 0.0304511 0.125171
0.529868 0.00560881 9.99561E-05 9.99561E-05 9.99561E-05 9.99561E-05 0.131084 9.99561E-05 0.102818 0.23012
0.406812 0.114782 0.0502122 9.99648E-05 9.99648E-05 9.99648E-05 0.19622 9.99648E-05 0.0367254 0.194848
0.492355 9.99737E-05 0.082493 9.99737E-05 0.0995563 9.99737E-05 0.0180763 0.143081 0.0585014 0.105638
0.432682 0.0867485 0.0297735 0.103626 0.011422 9.99825E-05 9.99825E-05 0.0710028 0.134283 0.130262
0.516128 0.0204363 0.0131967 9.99737E-05 9.99737E-05 0.174637 9.99737E-05 0.0666277 0.0232066 0.185468
0.181423 0.148037 9.99561E-05 9.99561E-05 9.99561E-05 9.99561E-05 0.0973299 9.99561E-05 0.0774196 0.495291
