9.98419E-05 9.98419E-05 9.98419E-05 9.98419E-05 0.0551142 9.98419E-05 9.98419E-05 0.287174 9.98419E-05 9.98419E-05 0.0498176 9.98419E-05 0.0232946 9.98419E-05 9.98419E-05 9.98419E-05 0.146173 0.0247563 9.98419E-05 0.411873 9.98419E-05 9.98419E-05 9.98419E-05 9.98419E-05 9.98419E-05
9.98158E-05 9.98158E-05 9.98158E-05 9.98158E-05 9.98158E-05 9.98158E-05 9.98158E-05 0.0650252 9.98158E-05 9.98158E-05 9.98158E-05 9.98158E-05 0.0766311 9.98158E-05 9.98158E-05 9.98158E-05 9.98158E-05 0.0359492 9.98158E-05 0.820298 9.98158E-05 9.98158E-05 9.98158E-05 9.98158E-05 9.98158E-05
9.97983E-05 9.97983E-05 9.97983E-05 9.97983E-05 9.97983E-05 9.97983E-05 9.97983E-05 9.97983E-05 9.97983E-05 9.97983E-05 9.97983E-05 9.97983E-05 9.97983E-05 9.97983E-05 9.97983E-05 9.97983E-05 9.97983E-05 0.00522856 0.992476 9.97983E-05 9.97983E-05 9.97983E-05 9.97983E-05 9.97983E-05 9.97983E-05
0.153144 9.98684E-05 0.0260197 9.98684E-05 9.98684E-05 9.98684E-05 9.98684E-05 9.98684E-05 9.98684E-05 0.123816 0.0789004 9.98684E-05 9.98684E-05 9.98684E-05 9.98684E-05 9.98684E-05 0.131749 0.0431242 0.0252697 0.216571 0.0172534 9.98684E-05 9.98684E-05 9.98684E-05 0.182653
9.98247E-05 9.98247E-05 9.98247E-05 9.98247E-05 9.98247E-05 9.98247E-05 9.98247E-05 9.98247E-05 9.98247E-05 0.00298439 9.98247E-05 9.98247E-05 9.98247E-05 9.98247E-05 0.00748226 9.98247E-05 9.98247E-05 9.98247E-05 9.98247E-05 0.857839 0.0337754 9.98247E-05 0.0959225 9.98247E-05 9.98247E-05
0.100929 9.98423E-05 0.00197372 9.98423E-05 9.98423E-05 9.98423E-05 0.174592 0.0776984 9.98423E-05 0.264929 9.98423E-05 9.98423E-05 9.98423E-05 9.98423E-05 9.98423E-05 9.98423E-05 9.98423E-05 9.98423E-05 0.283474 9.98423E-05 0.0946068 9.98423E-05 9.98423E-05 9.98423E-05 9.98423E-05
9.98686E-05 0.14189 9.98686E-05 9.98686E-05 9.98686E-05 9.98686E-05 9.98686E-05 0.129385 9.98686E-05 9.98686E-05 0.152111 9.98686E-05 0.0431365 9.98686E-05 9.98686E-05 9.98686E-05 0.0539997 0.122242 9.98686E-05 0.300759 0.0118269 9.98686E-05 0.0100636 9.98686E-05 0.0330883
0.00930836 9.9886E-05 9.9886E-05 9.9886E-05 0.0407713 9.9886E-05 0.0969069 0.165574 0.0595181 0.0430953 9.9886E-05 9.9886E-05 9.9886E-05 9.9886E-05 0.0410193 9.9886E-05 0.26305 9.9886E-05 0.0374739 0.145543 0.0687196 9.9886E-05 0.0277211 9.9886E-05 9.9886E-05
9.98421E-05 9.98421E-05 9.98421E-05 9.98421E-05 9.98421E-05 9.98421E-05 0.193844 9.98421E-05 9.98421E-05 0.026887 0.0917473 9.98421E-05 9.98421E-05 9.98421E-05 9.98421E-05 0.219327 0.0233015 9.98421E-05 0.251064 9.98421E-05 9.98421E-05 9.98421E-05 0.192033 9.98421E-05 9.98421E-05
9.98071E-05 9.98071E-05 9.98071E-05 9.98071E-05 9.98071E-05 9.98071E-05 9.98071E-05 9.98071E-05 9.98071E-05 9.98071E-05 0.0349776 9.98071E-05 9.98071E-05 9.98071E-05 9.98071E-05 9.98071E-05 9.98071E-05 9.98071E-05 9.98071E-05 0.926042 9.98071E-05 0.0367849 9.98071E-05 9.98071E-05 9.98071E-05
9.98421E-05 9.98421E-05 9.98421E-05 9.98421E-05 9.98421E-05 9.98421E-05 0.000405447 0.0507483 9.98421E-05 9.98421E-05 0.164407 9.98421E-05 9.98421E-05 9.98421E-05 9.98421E-05 9.98421E-05 0.0926013 0.129651 0.064689 0.495701 9.98421E-05 9.98421E-05 9.98421E-05 9.98421E-05 9.98421E-05
9.97895E-05 9.97895E-05 9.97895E-05 9.97895E-05 9.97895E-05 9.97895E-05 9.97895E-05 9.97895E-05 9.97895E-05 9.97895E-05 9.97895E-05 9.97895E-05 9.97895E-05 9.97895E-05 9.97895E-05 9.97895E-05 9.97895E-05 9.97895E-05 0.997605 9.97895E-05 9.97895E-05 9.97895E-05 9.97895E-05 9.97895E-05 9.97895E-05
9.98421E-05 9.98421E-05 0.0240781 0.00281125 9.98421E-05 0.0688928 9.98421E-05 9.98421E-05 9.98421E-05 9.98421E-05 0.0282045 9.98421E-05 9.98421E-05 9.98421E-05 9.98421E-05 9.98421E-05 0.0237538 0.0122697 9.98421E-05 0.838193 9.98421E-05 9.98421E-05 9.98421E-05 9.98421E-05 9.98421E-05
9.98334E-05 0.00621931 9.98334E-05 9.98334E-05 9.98334E-05 9.98334E-05 9.98334E-05 9.98334E-05 0.00732861 9.98334E-05 9.98334E-05 9.98334E-05 9.98334E-05 0.237872 9.98334E-05 9.98334E-05 9.98334E-05 0.0598112 9.98334E-05 0.611824 9.98334E-05 9.98334E-05 9.98334E-05 0.0750474 9.98334E-05
9.98421E-05 9.98421E-05 9.98421E-05 9.98421E-05 9.98421E-05 9.98421E-05 0.112334 0.160896 9.98421E-05 9.98421E-05 0.0927348 0.317019 9.98421E-05 9.98421E-05 9.98421E-05 9.98421E-05 0.000576465 9.98421E-05 9.98421E-05 0.230172 9.98421E-05 9.98421E-05 9.98421E-05 0.0844701 9.98421E-05
9.98684E-05 9.98684E-05 9.98684E-05 9.98684E-05 0.0531081 9.98684E-05 0.135782 0.170821 0.169041 0.0594479 0.0556627 9.98684E-05 9.98684E-05 9.98684E-05 9.98684E-05 9.98684E-05 0.0610661 9.98684E-05 9.98684E-05 0.235103 9.98684E-05 9.98684E-05 0.0212003 9.98684E-05 0.0372698
0.0346649 9.98335E-05 9.98335E-05 9.98335E-05 9.98335E-05 9.98335E-05 9.98335E-05 9.98335E-05 9.98335E-05 9.98335E-05 0.0318127 0.326313 0.0789934 9.98335E-05 9.98335E-05 9.98335E-05 9.98335E-05 9.98335E-05 0.331467 0.194853 9.98335E-05 9.98335E-05 9.98335E-05 9.98335E-05 9.98335E-05
0.0239458 9.98684E-05 0.135179 9.98684E-05 9.98684E-05 9.98684E-05 0.00451976 0.226587 9.98684E-05 0.0582198 0.104786 9.98684E-05 9.98684E-05 9.98684E-05 9.98684E-05 0.0231459 0.161771 9.98684E-05 9.98684E-05 0.155952 9.98684E-05 0.104396 9.98684E-05 9.98684E-05 9.98684E-05
9.9842E-05 9.9842E-05 9.9842E-05 9.9842E-05 9.9842E-05 9.9842E-05 0.169837 9.9842E-05 9.9842E-05 9.9842E-05 0.164786 9.9842E-05 9.9842E-05 9.9842E-05 9.9842E-05 9.9842E-05 0.100639 0.00862965 0.172124 0.218266 0.163921 9.9842E-05 9.9842E-05 9.9842E-05 9.9842E-05
9.97983E-05 9.97983E-05 0.0474023 9.97983E-05 9.97983E-05 9.97983E-05 9.97983E-05 9.97983E-05 9.97983E-05 9.97983E-05 9.97983E-05 9.97983E-05 9.97983E-05 9.97983E-05 9.97983E-05 9.97983E-05 9.97983E-05 9.97983E-05 9.97983E-05 0.950302 9.97983E-05 9.97983E-05 9.97983E-05 9.97983E-05 9.97983E-05
0.286349 9.98509E-05 9.98509E-05 9.98509E-05 9.98509E-05 9.98509E-05 0.0707201 9.98509E-05 0.0252706 9.98509E-05 0.0151378 9.98509E-05 9.98509E-05 9.98509E-05 9.98509E-05 9.98509E-05 9.98509E-05 0.0233915 0.263158 0.237521 9.98509E-05 9.98509E-05 0.0767549 9.98509E-05 9.98509E-05
9.98597E-05 9.98597E-05 9.98597E-05 0.104029 9.98597E-05 9.98597E-05 0.0860235 9.98597E-05 9.98597E-05 0.0619506 9.98597E-05 9.98597E-05 9.98597E-05 9.98597E-05 0.0767116 9.98597E-05 0.285839 9.98597E-05 0.28249 9.98597E-05 0.0736465 0.00268574 9.98597E-05 0.0250268 9.98597E-05
9.98245E-05 9.98245E-05 9.98245E-05 9.98245E-05 9.98245E-05 9.98245E-05 9.98245E-05 0.0960473 9.98245E-05 0.0361836 0.143168 9.98245E-05 9.98245E-05 9.98245E-05 9.98245E-05 9.98245E-05 9.98245E-05 0.0684854 9.98245E-05 0.654119 9.98245E-05 9.98245E-05 9.98245E-05 9.98245E-05 9.98245E-05
9.98245E-05 9.98245E-05 9.98245E-05 9.98245E-05 9.98245E-05 9.98245E-05 9.98245E-05 0.00968691 9.98245E-05 9.98245E-05 0.236943 9.98245E-05 9.98245E-05 9.98245E-05 9.98245E-05 0.0576935 0.265032 9.98245E-05 9.98245E-05 0.428649 9.98245E-05 9.98245E-05 9.98245E-05 9.98245E-05 9.98245E-05
9.98596E-05 9.98596E-05 0.149075 9.98596E-05 9.98596E-05 9.98596E-05 0.0376144 9.98596E-05 9.98596E-05 0.11375 0.238586 9.98596E-05 9.98596E-05 9.98596E-05 9.98596E-05 9.98596E-05 0.0364221 0.0836968 0.0940136 0.181832 9.98596E-05 9.98596E-05 9.98596E-05 0.0634109 9.98596E-05
0.0240454 9.98334E-05 9.98334E-05 9.98334E-05 9.98334E-05 9.98334E-05 0.0297322 9.98334E-05 9.98334E-05 0.0490184 0.0621085 9.98334E-05 9.98334E-05 9.98334E-05 9.98334E-05 9.98334E-05 9.98334E-05 9.98334E-05 0.773269 9.98334E-05 9.98334E-05 9.98334E-05 9.98334E-05 9.98334E-05 0.0599295
9.98509E-05 9.98509E-05 9.98509E-05 0.297498 9.98509E-05 9.98509E-05 9.98509E-05 9.98509E-05 0.0434917 0.212938 0.093582 9.98509E-05 9.98509E-05 9.98509E-05 9.98509E-05 0.000262796 0.205025 9.98509E-05 9.98509E-05 0.0344562 9.98509E-05 0.111049 9.98509E-05 9.98509E-05 9.98509E-05
9.98334E-05 9.98334E-05 9.98334E-05 9.98334E-05 9.98334E-05 9.98334E-05 9.98334E-05 9.98334E-05 9.98334E-05 9.98334E-05 0.0669921 9.98334E-05 9.98334E-05 9.98334E-05 9.98334E-05 0.0175541 0.0724555 9.98334E-05 9.98334E-05 0.771146 0.0154233 9.98334E-05 9.98334E-05 9.98334E-05 0.0545322
9.98334E-05 9.98334E-05 9.98334E-05 0.0452959 9.98334E-05 9.98334E-05 9.98334E-05 9.98334E-05 9.98334E-05 0.044766 0.190253 9.98334E-05 9.98334E-05 9.98334E-05 9.98334E-05 0.0374587 9.98334E-05 0.00633848 9.98334E-05 0.673991 9.98334E-05 9.98334E-05 9.98334E-05 9.98334E-05 9.98334E-05
9.9807E-05 9.9807E-05 9.9807E-05 9.9807E-05 9.9807E-05 9.9807E-05 9.9807E-05 9.9807E-05 9.9807E-05 9.9807E-05 9.9807E-05 0.382947 9.9807E-05 9.9807E-05 9.9807E-05 9.9807E-05 9.9807E-05 9.9807E-05 0.17445 0.440407 9.9807E-05 9.9807E-05 9.9807E-05 9.9807E-05 9.9807E-05
9.98507E-05 9.98507E-05 0.0406715 9.98507E-05 9.98507E-05 9.98507E-05 0.0799043 0.0842772 9.98507E-05 9.98507E-05 9.98507E-05 9.98507E-05 9.98507E-05 9.98507E-05 9.98507E-05 0.0225757 9.98507E-05 9.98507E-05 9.98507E-05 0.62616 0.0401563 0.0256531 9.98507E-05 0.078904 9.98507E-05
0.0922103 9.98597E-05 9.98597E-05 9.98597E-05 9.98597E-05 0.144749 9.98597E-05 9.98597E-05 9.98597E-05 0.0422942 0.074059 9.98597E-05 9.98597E-05 9.98597E-05 9.98597E-05 9.98597E-05 0.0240575 0.0516239 0.324485 0.243479 0.0014436 9.98597E-05 9.98597E-05 9.98597E-05 9.98597E-05
9.98507E-05 9.98507E-05 9.98507E-05 0.0261571 9.98507E-05 9.98507E-05 9.98507E-05 9.98507E-05 0.0715312 0.00857073 0.140119 9.98507E-05 9.98507E-05 9.98507E-05 9.98507E-05 9.98507E-05 0.146022 0.118253 0.239266 0.248384 9.98507E-05 9.98507E-05 9.98507E-05 9.98507E-05 9.98507E-05
9.98246E-05 9.98246E-05 9.98246E-05 9.98246E-05 0.0442135 9.98246E-05 9.98246E-05 9.98246E-05 9.98246E-05 0.158072 0.0814085 9.98246E-05 9.98246E-05 9.98246E-05 9.98246E-05 9.98246E-05 0.0926767 9.98246E-05 0.621633 9.98246E-05 9.98246E-05 9.98246E-05 9.98246E-05 9.98246E-05 9.98246E-05
9.98423E-05 9.98423E-05 0.0565787 0.0336662 9.98423E-05 9.98423E-05 0.0075842 9.98423E-05 9.98423E-05 9.98423E-05 0.0127542 9.98423E-05 9.98423E-05 9.98423E-05 9.98423E-05 9.98423E-05 9.98423E-05 0.060167 9.98423E-05 0.782845 0.0446071 9.98423E-05 9.98423E-05 9.98423E-05 9.98423E-05
0.07958 9.98422E-05 9.98422E-05 0.100541 9.98422E-05 9.98422E-05 9.98422E-05 9.98422E-05 9.98422E-05 9.98422E-05 9.98422E-05 9.98422E-05 0.00896373 9.98422E-05 9.98422E-05 9.98422E-05 0.0344046 9.98422E-05 0.675409 0.033026 9.98422E-05 9.98422E-05 9.98422E-05 9.98422E-05 0.0662778
9.98161E-05 0.00532042 9.98161E-05 9.98161E-05 9.98161E-05 9.98161E-05 9.98161E-05 9.98161E-05 9.98161E-05 9.98161E-05 9.98161E-05 9.98161E-05 9.98161E-05 9.98161E-05 9.98161E-05 9.98161E-05 9.98161E-05 9.98161E-05 0.161835 0.716404 0.114345 9.98161E-05 9.98161E-05 9.98161E-05 9.98161E-05
9.98422E-05 9.98422E-05 0.0343685 9.98422E-05 9.98422E-05 9.98422E-05 0.140336 9.98422E-05 9.98422E-05 9.98422E-05 0.0500315 0.026745 0.0447612 9.98422E-05 9.98422E-05 9.98422E-05 9.98422E-05 9.98422E-05 0.261924 0.440037 9.98422E-05 9.98422E-05 9.98422E-05 9.98422E-05 9.98422E-05
9.98508E-05 9.98508E-05 9.98508E-05 9.98508E-05 9.98508E-05 9.98508E-05 0.0258099 9.98508E-05 9.98508E-05 9.98508E-05 0.0607153 0.184595 0.0912427 9.98508E-05 9.98508E-05 9.98508E-05 0.0333997 0.00432433 0.577341 9.98508E-05 0.020875 9.98508E-05 9.98508E-05 9.98508E-05 9.98508E-05
9.98508E-05 0.00128997 9.98508E-05 9.98508E-05 9.98508E-05 9.98508E-05 9.98508E-05 9.98508E-05 0.0897785 0.11743 0.137763 9.98508E-05 9.98508E-05 0.0251908 9.98508E-05 9.98508E-05 0.0645929 9.98508E-05 0.511005 9.98508E-05 0.0512521 9.98508E-05 9.98508E-05 9.98508E-05 9.98508E-05
0.018936 9.98246E-05 9.98246E-05 0.0148652 9.98246E-05 9.98246E-05 9.98246E-05 9.98246E-05 9.98246E-05 9.98246E-05 9.98246E-05 9.98246E-05 9.98246E-05 9.98246E-05 9.98246E-05 0.00471465 9.98246E-05 9.98246E-05 0.95369 9.98246E-05 9.98246E-05 9.98246E-05 9.98246E-05 0.00579739 9.98246E-05
9.98423E-05 9.98423E-05 9.98423E-05 0.135948 9.98423E-05 9.98423E-05 0.0639308 0.00395722 9.98423E-05 9.98423E-05 0.0507748 9.98423E-05 0.0166047 9.98423E-05 9.98423E-05 9.98423E-05 0.0951481 9.98423E-05 9.98423E-05 0.631839 9.98423E-05 9.98423E-05 9.98423E-05 9.98423E-05 9.98423E-05
9.98156E-05 9.98156E-05 9.98156E-05 0.0135086 9.98156E-05 9.98156E-05 9.98156E-05 9.98156E-05 9.98156E-05 9.98156E-05 9.98156E-05 9.98156E-05 9.98156E-05 0.146434 9.98156E-05 9.98156E-05 9.98156E-05 9.98156E-05 9.98156E-05 0.824978 0.0129836 9.98156E-05 9.98156E-05 9.98156E-05 9.98156E-05
9.98422E-05 9.98422E-05 9.98422E-05 9.98422E-05 9.98422E-05 9.98422E-05 0.13651 0.0990509 9.98422E-05 9.98422E-05 0.149329 9.98422E-05 9.98422E-05 9.98422E-05 9.98422E-05 0.0143387 0.0750664 0.0486206 0.475287 9.98422E-05 9.98422E-05 9.98422E-05 9.98422E-05 9.98422E-05 9.98422E-05
9.98334E-05 9.98334E-05 9.98334E-05 9.98334E-05 9.98334E-05 9.98334E-05 9.98334E-05 9.98334E-05 9.98334E-05 9.98334E-05 0.112323 9.98334E-05 9.98334E-05 9.98334E-05 9.98334E-05 9.98334E-05 0.376947 9.98334E-05 0.219952 0.0900903 0.0475253 9.98334E-05 9.98334E-05 9.98334E-05 0.151266
9.98156E-05 9.98156E-05 0.0374987 9.98156E-05 9.98156E-05 9.98156E-05 9.98156E-05 9.98156E-05 9.98156E-05 9.98156E-05 0.0113789 9.98156E-05 9.98156E-05 9.98156E-05 9.98156E-05 9.98156E-05 9.98156E-05 9.98156E-05 0.917661 9.98156E-05 9.98156E-05 9.98156E-05 0.0313657 9.98156E-05 9.98156E-05
9.98158E-05 9.98158E-05 9.98158E-05 9.98158E-05 9.98158E-05 9.98158E-05 9.98158E-05 9.98158E-05 9.98158E-05 9.98158E-05 0.0457721 9.98158E-05 9.98158E-05 9.98158E-05 9.98158E-05 9.98158E-05 9.98158E-05 9.98158E-05 9.98158E-05 0.931913 9.98158E-05 0.0119427 9.98158E-05 9.98158E-05 0.00827579
9.97895E-05 9.97895E-05 9.97895E-05 9.97895E-05 9.97895E-05 9.97895E-05 9.97895E-05 9.97895E-05 9.97895E-05 9.97895E-05 9.97895E-05 9.97895E-05 9.97895E-05 9.97895E-05 9.97895E-05 9.97895E-05 9.97895E-05 9.97895E-05 0.997605 9.97895E-05 9.97895E-05 9.97895E-05 9.97895E-05 9.97895E-05 9.97895E-05
9.98245E-05 9.98245E-05 9.98245E-05 9.98245E-05 9.98245E-05 9.98245E-05 9.98245E-05 9.98245E-05 9.98245E-05 9.98245E-05 0.16169 9.98245E-05 9.98245E-05 9.98245E-05 9.98245E-05 9.98245E-05 0.147423 0.0408364 9.98245E-05 0.595959 0.0520959 9.98245E-05 9.98245E-05 9.98245E-05 9.98245E-05
9.98424E-05 0.107075 9.98424E-05 9.98424E-05 9.98424E-05 9.98424E-05 0.00181812 9.98424E-05 9.98424E-05 9.98424E-05 0.0173847 9.98424E-05 9.98424E-05 9.98424E-05 0.0347728 9.98424E-05 9.98424E-05 9.98424E-05 9.98424E-05 0.760759 0.0654496 0.0109431 9.98424E-05 9.98424E-05 9.98424E-05
9.98684E-05 9.98684E-05 9.98684E-05 0.200715 0.0023183 9.98684E-05 0.0359092 9.98684E-05 9.98684E-05 0.116512 0.27469 0.00277665 9.98684E-05 9.98684E-05 9.98684E-05 9.98684E-05 9.98684E-05 0.00758816 9.98684E-05 0.258729 9.98684E-05 9.98684E-05 0.0722506 9.98684E-05 0.0270125
9.98685E-05 9.98685E-05 0.0414974 9.98685E-05 9.98685E-05 9.98685E-05 0.00510821 9.98685E-05 0.0142875 0.148098 9.98685E-05 9.98685E-05 9.98685E-05 9.98685E-05 0.0171433 0.0425756 0.111802 9.98685E-05 0.201819 0.374689 9.98685E-05 9.98685E-05 0.0414811 9.98685E-05 9.98685E-05
9.97984E-05 9.97984E-05 9.97984E-05 9.97984E-05 9.97984E-05 9.97984E-05 9.97984E-05 9.97984E-05 9.97984E-05 9.97984E-05 9.97984E-05 9.97984E-05 9.97984E-05 9.97984E-05 9.97984E-05 9.97984E-05 9.97984E-05 9.97984E-05 9.97984E-05 0.951136 9.97984E-05 0.0465682 9.97984E-05 9.97984E-05 9.97984E-05
9.98422E-05 0.00574724 9.98422E-05 9.98422E-05 9.98422E-05 9.98422E-05 9.98422E-05 0.0850098 0.155542 9.98422E-05 0.0194954 9.98422E-05 9.98422E-05 9.98422E-05 0.0149883 9.98422E-05 9.98422E-05 9.98422E-05 0.697433 9.98422E-05 9.98422E-05 0.0199875 9.98422E-05 9.98422E-05 9.98422E-05
9.98248E-05 9.98248E-05 9.98248E-05 9.98248E-05 9.98248E-05 9.98248E-05 9.98248E-05 9.98248E-05 9.98248E-05 9.98248E-05 0.0917721 0.0104869 9.98248E-05 9.98248E-05 9.98248E-05 9.98248E-05 9.98248E-05 9.98248E-05 0.572093 0.21783 9.98248E-05 9.98248E-05 9.98248E-05 0.105822 9.98248E-05
9.98248E-05 9.98248E-05 0.0559942 9.98248E-05 9.98248E-05 9.98248E-05 9.98248E-05 0.0117115 9.98248E-05 0.055627 9.98248E-05 9.98248E-05 9.98248E-05 9.98248E-05 9.98248E-05 9.98248E-05 9.98248E-05 9.98248E-05 0.847855 9.98248E-05 0.0268161 9.98248E-05 9.98248E-05 9.98248E-05 9.98248E-05
9.98332E-05 9.98332E-05 9.98332E-05 9.98332E-05 9.98332E-05 9.98332E-05 9.98332E-05 9.98332E-05 9.98332E-05 9.98332E-05 9.98332E-05 9.98332E-05 0.0140501 9.98332E-05 9.98332E-05 9.98332E-05 0.0563763 0.0176129 0.828788 9.98332E-05 0.0380333 0.0432424 9.98332E-05 9.98332E-05 9.98332E-05
9.98159E-05 9.98159E-05 9.98159E-05 9.98159E-05 9.98159E-05 9.98159E-05 9.98159E-05 9.98159E-05 9.98159E-05 9.98159E-05 0.0340426 9.98159E-05 9.98159E-05 9.98159E-05 9.98159E-05 9.98159E-05 9.98159E-05 0.00153076 9.98159E-05 0.882507 9.98159E-05 9.98159E-05 9.98159E-05 9.98159E-05 0.0798234
9.9807E-05 9.9807E-05 9.9807E-05 9.9807E-05 9.9807E-05 9.9807E-05 0.0279405 9.9807E-05 9.9807E-05 9.9807E-05 9.9807E-05 9.9807E-05 9.9807E-05 9.9807E-05 9.9807E-05 9.9807E-05 9.9807E-05 9.9807E-05 9.9807E-05 0.966671 9.9807E-05 9.9807E-05 9.9807E-05 9.9807E-05 0.00319288
9.98332E-05 9.98332E-05 9.98332E-05 9.98332E-05 9.98332E-05 9.98332E-05 0.0053603 0.808994 9.98332E-05 0.00806002 0.107223 9.98332E-05 0.031539 9.98332E-05 9.98332E-05 9.98332E-05 9.98332E-05 9.98332E-05 9.98332E-05 9.98332E-05 9.98332E-05 0.0369262 9.98332E-05 9.98332E-05 9.98332E-05
0.0204527 9.98248E-05 9.98248E-05 0.0132242 9.98248E-05 9.98248E-05 9.98248E-05 0.935362 9.98248E-05 9.98248E-05 9.98248E-05 9.98248E-05 9.98248E-05 9.98248E-05 9.98248E-05 0.00384081 9.98248E-05 9.98248E-05 9.98248E-05 9.98248E-05 9.98248E-05 9.98248E-05 9.98248E-05 9.98248E-05 0.0251238
9.98071E-05 0.0238847 9.98071E-05 9.98071E-05 9.98071E-05 9.98071E-05 9.98071E-05 0.952897 9.98071E-05 9.98071E-05 9.98071E-05 9.98071E-05 9.98071E-05 9.98071E-05 9.98071E-05 9.98071E-05 9.98071E-05 0.0210227 9.98071E-05 9.98071E-05 9.98071E-05 9.98071E-05 9.98071E-05 9.98071E-05 9.98071E-05
9.98334E-05 0.0202032 9.98334E-05 9.98334E-05 9.98334E-05 9.98334E-05 0.0585839 0.308319 9.98334E-05 0.271659 0.0577324 9.98334E-05 0.281605 9.98334E-05 9.98334E-05 9.98334E-05 9.98334E-05 9.98334E-05 9.98334E-05 9.98334E-05 9.98334E-05 9.98334E-05 9.98334E-05 9.98334E-05 9.98334E-05
9.98506E-05 0.0140334 0.0501099 9.98506E-05 9.98506E-05 9.98506E-05 0.0942193 0.65261 9.98506E-05 9.98506E-05 0.082946 9.98506E-05 9.98506E-05 9.98506E-05 9.98506E-05 9.98506E-05 0.0756141 9.98506E-05 9.98506E-05 9.98506E-05 0.00104443 0.0277258 9.98506E-05 9.98506E-05 9.98506E-05
9.98243E-05 9.98243E-05 9.98243E-05 9.98243E-05 0.0714512 9.98243E-05 0.0194343 0.660262 9.98243E-05 9.98243E-05 0.158212 9.98243E-05 9.98243E-05 9.98243E-05 9.98243E-05 9.98243E-05 0.0886431 9.98243E-05 9.98243E-05 9.98243E-05 9.98243E-05 9.98243E-05 9.98243E-05 9.98243E-05 9.98243E-05
9.98156E-05 9.98156E-05 9.98156E-05 9.98156E-05 9.98156E-05 9.98156E-05 9.98156E-05 0.583276 9.98156E-05 9.98156E-05 0.154525 9.98156E-05 0.250165 9.98156E-05 9.98156E-05 9.98156E-05 9.98156E-05 0.00993728 9.98156E-05 9.98156E-05 9.98156E-05 9.98156E-05 9.98156E-05 9.98156E-05 9.98156E-05
9.98331E-05 9.98331E-05 9.98331E-05 9.98331E-05 9.98331E-05 9.98331E-05 9.98331E-05 0.507218 9.98331E-05 0.101548 0.150691 9.98331E-05 0.0892921 9.98331E-05 9.98331E-05 9.98331E-05 9.98331E-05 9.98331E-05 9.98331E-05 9.98331E-05 0.00105169 0.148303 9.98331E-05 9.98331E-05 9.98331E-05
9.98334E-05 0.00135035 9.98334E-05 9.98334E-05 9.98334E-05 0.0114149 9.98334E-05 0.877761 9.98334E-05 9.98334E-05 9.98334E-05 9.98334E-05 0.0332991 9.98334E-05 9.98334E-05 0.072908 9.98334E-05 9.98334E-05 9.98334E-05 9.98334E-05 9.98334E-05 0.00137002 9.98334E-05 9.98334E-05 9.98334E-05
9.98069E-05 9.98069E-05 9.98069E-05 9.98069E-05 9.98069E-05 9.98069E-05 0.00655163 0.975182 9.98069E-05 9.98069E-05 9.98069E-05 9.98069E-05 9.98069E-05 9.98069E-05 9.98069E-05 9.98069E-05 9.98069E-05 0.016071 9.98069E-05 9.98069E-05 9.98069E-05 9.98069E-05 9.98069E-05 9.98069E-05 9.98069E-05
9.98243E-05 9.98243E-05 9.98243E-05 9.98243E-05 9.98243E-05 9.98243E-05 0.0707003 0.506933 9.98243E-05 9.98243E-05 0.265321 9.98243E-05 9.98243E-05 9.98243E-05 9.98243E-05 9.98243E-05 9.98243E-05 0.135014 9.98243E-05 9.98243E-05 0.0200345 9.98243E-05 9.98243E-05 9.98243E-05 9.98243E-05
9.9877E-05 0.00753613 9.9877E-05 9.9877E-05 0.0678404 9.9877E-05 0.0223733 0.423237 0.0112792 9.9877E-05 0.0826205 9.9877E-05 0.0471077 9.9877E-05 9.9877E-05 9.9877E-05 0.172791 0.029833 9.9877E-05 9.9877E-05 0.022128 9.9877E-05 9.9877E-05 0.111856 9.9877E-05
9.98419E-05 9.98419E-05 9.98419E-05 9.98419E-05 0.0954282 9.98419E-05 0.237585 0.49034 0.0684637 0.0206324 9.98419E-05 9.98419E-05 9.98419E-05 9.98419E-05 9.98419E-05 9.98419E-05 9.98419E-05 0.0673911 9.98419E-05 9.98419E-05 0.0183621 9.98419E-05 9.98419E-05 9.98419E-05 9.98419E-05
9.98244E-05 9.98244E-05 9.98244E-05 9.98244E-05 9.98244E-05 9.98244E-05 9.98244E-05 0.551996 9.98244E-05 9.98244E-05 0.213022 9.98244E-05 0.0401261 9.98244E-05 9.98244E-05 9.98244E-05 0.152985 9.98244E-05 9.98244E-05 9.98244E-05 0.0398754 9.98244E-05 9.98244E-05 9.98244E-05 9.98244E-05
9.97987E-05 9.97987E-05 9.97987E-05 0.108065 9.97987E-05 9.97987E-05 9.97987E-05 0.88964 9.97987E-05 9.97987E-05 9.97987E-05 9.97987E-05 9.97987E-05 9.97987E-05 9.97987E-05 9.97987E-05 9.97987E-05 9.97987E-05 9.97987E-05 9.97987E-05 9.97987E-05 9.97987E-05 9.97987E-05 9.97987E-05 9.97987E-05
9.98072E-05 9.98072E-05 9.98072E-05 9.98072E-05 9.98072E-05 9.98072E-05 0.0132406 0.976729 9.98072E-05 9.98072E-05 0.00783489 9.98072E-05 9.98072E-05 9.98072E-05 9.98072E-05 9.98072E-05 9.98072E-05 9.98072E-05 9.98072E-05 9.98072E-05 9.98072E-05 9.98072E-05 9.98072E-05 9.98072E-05 9.98072E-05
9.9833E-05 0.0618495 9.9833E-05 9.9833E-05 9.9833E-05 9.9833E-05 9.9833E-05 0.725013 9.9833E-05 0.0515652 0.00927869 9.9833E-05 9.9833E-05 9.9833E-05 9.9833E-05 9.9833E-05 9.9833E-05 9.9833E-05 9.9833E-05 9.9833E-05 0.114262 0.036135 9.9833E-05 9.9833E-05 9.9833E-05
9.98333E-05 9.98333E-05 9.98333E-05 9.98333E-05 0.0568301 9.98333E-05 0.0451574 0.611038 9.98333E-05 9.98333E-05 9.98333E-05 9.98333E-05 9.98333E-05 9.98333E-05 9.98333E-05 9.98333E-05 0.0261199 0.127213 9.98333E-05 9.98333E-05 0.131745 9.98333E-05 9.98333E-05 9.98333E-05 9.98333E-05
9.98245E-05 9.98245E-05 9.98245E-05 9.98245E-05 9.98245E-05 9.98245E-05 9.98245E-05 0.868561 9.98245E-05 9.98245E-05 0.0209839 9.98245E-05 9.98245E-05 9.98245E-05 9.98245E-05 9.98245E-05 9.98245E-05 9.98245E-05 9.98245E-05 9.98245E-05 0.0464249 0.039384 9.98245E-05 9.98245E-05 0.0226493
9.9833E-05 9.9833E-05 9.9833E-05 0.197772 9.9833E-05 9.9833E-05 0.0077319 0.550734 0.0538192 9.9833E-05 0.143949 9.9833E-05 9.9833E-05 9.9833E-05 9.9833E-05 9.9833E-05 9.9833E-05 0.0440969 9.9833E-05 9.9833E-05 9.9833E-05 9.9833E-05 9.9833E-05 9.9833E-05 9.9833E-05
9.97987E-05 9.97987E-05 9.97987E-05 9.97987E-05 9.97987E-05 9.97987E-05 9.97987E-05 0.97917 9.97987E-05 9.97987E-05 9.97987E-05 9.97987E-05 9.97987E-05 0.018535 9.97987E-05 9.97987E-05 9.97987E-05 9.97987E-05 9.97987E-05 9.97987E-05 9.97987E-05 9.97987E-05 9.97987E-05 9.97987E-05 9.97987E-05
9.98331E-05 9.98331E-05 9.98331E-05 0.0119827 9.98331E-05 9.98331E-05 9.98331E-05 0.659468 9.98331E-05 0.00854566 0.0637055 9.98331E-05 9.98331E-05 9.98331E-05 9.98331E-05 9.98331E-05 0.237379 9.98331E-05 9.98331E-05 9.98331E-05 0.0170222 9.98331E-05 9.98331E-05 9.98331E-05 9.98331E-05
9.9816E-05 9.9816E-05 9.9816E-05 9.9816E-05 9.9816E-05 9.9816E-05 9.9816E-05 0.675844 9.9816E-05 0.252805 0.00647071 9.9816E-05 0.0627844 9.9816E-05 9.9816E-05 9.9816E-05 9.9816E-05 9.9816E-05 9.9816E-05 9.9816E-05 9.9816E-05 9.9816E-05 9.9816E-05 9.9816E-05 9.9816E-05
9.98595E-05 0.0460311 9.98595E-05 9.98595E-05 9.98595E-05 9.98595E-05 0.0141097 0.707198 9.98595E-05 9.98595E-05 0.0174019 9.98595E-05 9.98595E-05 9.98595E-05 9.98595E-05 0.0184143 9.98595E-05 0.0214424 9.98595E-05 9.98595E-05 0.104602 0.0524093 9.98595E-05 9.98595E-05 0.016793
9.98156E-05 9.98156E-05 9.98156E-05 9.98156E-05 0.0489427 9.98156E-05 9.98156E-05 0.837801 9.98156E-05 9.98156E-05 9.98156E-05 9.98156E-05 9.98156E-05 9.98156E-05 9.98156E-05 9.98156E-05 9.98156E-05 0.0950841 9.98156E-05 9.98156E-05 0.0160756 9.98156E-05 9.98156E-05 9.98156E-05 9.98156E-05
9.9816E-05 9.9816E-05 0.00269578 9.9816E-05 9.9816E-05 9.9816E-05 0.0353769 0.898888 9.9816E-05 9.9816E-05 9.9816E-05 9.9816E-05 0.0609433 9.9816E-05 9.9816E-05 9.9816E-05 9.9816E-05 9.9816E-05 9.9816E-05 9.9816E-05 9.9816E-05 9.9816E-05 9.9816E-05 9.9816E-05 9.9816E-05
9.97897E-05 9.97897E-05 9.97897E-05 9.97897E-05 9.97897E-05 9.97897E-05 9.97897E-05 0.997605 9.97897E-05 9.97897E-05 9.97897E-05 9.97897E-05 9.97897E-05 9.97897E-05 9.97897E-05 9.97897E-05 9.97897E-05 9.97897E-05 9.97897E-05 9.97897E-05 9.97897E-05 9.97897E-05 9.97897E-05 9.97897E-05 9.97897E-05
9.97897E-05 9.97897E-05 9.97897E-05 9.97897E-05 9.97897E-05 9.97897E-05 9.97897E-05 0.997605 9.97897E-05 9.97897E-05 9.97897E-05 9.97897E-05 9.97897E-05 9.97897E-05 9.97897E-05 9.97897E-05 9.97897E-05 9.97897E-05 9.97897E-05 9.97897E-05 9.97897E-05 9.97897E-05 9.97897E-05 9.97897E-05 9.97897E-05
9.98071E-05 9.98071E-05 9.98071E-05 9.98071E-05 9.98071E-05 9.98071E-05 9.98071E-05 0.911058 9.98071E-05 9.98071E-05 0.00238031 9.98071E-05 9.98071E-05 9.98071E-05 9.98071E-05 9.98071E-05 9.98071E-05 9.98071E-05 9.98071E-05 9.98071E-05 9.98071E-05 0.0843655 9.98071E-05 9.98071E-05 9.98071E-05
9.98159E-05 9.98159E-05 9.98159E-05 9.98159E-05 9.98159E-05 9.98159E-05 0.0254629 0.574768 9.98159E-05 9.98159E-05 0.103271 9.98159E-05 9.98159E-05 0.294402 9.98159E-05 9.98159E-05 9.98159E-05 9.98159E-05 9.98159E-05 9.98159E-05 9.98159E-05 9.98159E-05 9.98159E-05 9.98159E-05 9.98159E-05
9.98071E-05 9.98071E-05 9.98071E-05 9.98071E-05 9.98071E-05 9.98071E-05 0.127635 9.98071E-05 9.98071E-05 0.771595 0.0985737 9.98071E-05 9.98071E-05 9.98071E-05 9.98071E-05 9.98071E-05 9.98071E-05 9.98071E-05 9.98071E-05 9.98071E-05 9.98071E-05 9.98071E-05 9.98071E-05 9.98071E-05 9.98071E-05
9.98158E-05 9.98158E-05 9.98158E-05 9.98158E-05 9.98158E-05 9.98158E-05 9.98158E-05 9.98158E-05 9.98158E-05 0.225279 0.0228022 0.308362 9.98158E-05 0.441461 9.98158E-05 9.98158E-05 9.98158E-05 9.98158E-05 9.98158E-05 9.98158E-05 9.98158E-05 9.98158E-05 9.98158E-05 9.98158E-05 9.98158E-05
9.98332E-05 9.98332E-05 9.98332E-05 9.98332E-05 0.0135822 9.98332E-05 9.98332E-05 9.98332E-05 9.98332E-05 0.825382 0.0974711 9.98332E-05 9.98332E-05 9.98332E-05 0.037992 9.98332E-05 9.98332E-05 0.0202118 9.98332E-05 9.98332E-05 9.98332E-05 0.00346394 9.98332E-05 9.98332E-05 9.98332E-05
9.98155E-05 9.98155E-05 9.98155E-05 9.98155E-05 9.98155E-05 9.98155E-05 0.00154725 9.98155E-05 9.98155E-05 0.860035 0.102186 9.98155E-05 9.98155E-05 9.98155E-05 9.98155E-05 9.98155E-05 9.98155E-05 9.98155E-05 9.98155E-05 9.98155E-05 9.98155E-05 0.0341357 9.98155E-05 9.98155E-05 9.98155E-05
9.98068E-05 9.98068E-05 9.98068E-05 9.98068E-05 0.021805 9.98068E-05 0.0760607 9.98068E-05 9.98068E-05 0.899939 9.98068E-05 9.98068E-05 9.98068E-05 9.98068E-05 9.98068E-05 9.98068E-05 9.98068E-05 9.98068E-05 9.98068E-05 9.98068E-05 9.98068E-05 9.98068E-05 9.98068E-05 9.98068E-05 9.98068E-05
9.9842E-05 9.9842E-05 9.9842E-05 9.9842E-05 9.9842E-05 0.00362788 0.139576 9.9842E-05 9.9842E-05 0.447513 0.145552 9.9842E-05 0.0649942 0.116741 9.9842E-05 9.9842E-05 9.9842E-05 9.9842E-05 9.9842E-05 9.9842E-05 9.9842E-05 9.9842E-05 9.9842E-05 9.9842E-05 0.0801989
9.98333E-05 9.98333E-05 9.98333E-05 9.98333E-05 9.98333E-05 9.98333E-05 0.0871034 9.98333E-05 9.98333E-05 0.541393 0.0883237 9.98333E-05 9.98333E-05 0.147972 9.98333E-05 9.98333E-05 0.0698527 9.98333E-05 9.98333E-05 9.98333E-05 9.98333E-05 0.0634584 9.98333E-05 9.98333E-05 9.98333E-05
9.9807E-05 9.9807E-05 9.9807E-05 9.9807E-05 9.9807E-05 9.9807E-05 0.160744 9.9807E-05 9.9807E-05 0.834348 0.00271221 9.9807E-05 9.9807E-05 9.9807E-05 9.9807E-05 9.9807E-05 9.9807E-05 9.9807E-05 9.9807E-05 9.9807E-05 9.9807E-05 9.9807E-05 9.9807E-05 9.9807E-05 9.9807E-05
9.98243E-05 9.98243E-05 9.98243E-05 0.148514 9.98243E-05 9.98243E-05 0.330171 9.98243E-05 9.98243E-05 0.319457 0.00528602 9.98243E-05 0.194575 9.98243E-05 9.98243E-05 9.98243E-05 9.98243E-05 9.98243E-05 9.98243E-05 9.98243E-05 9.98243E-05 9.98243E-05 9.98243E-05 9.98243E-05 9.98243E-05
9.98333E-05 9.98333E-05 9.98333E-05 9.98333E-05 0.0016689 9.98333E-05 0.252957 9.98333E-05 9.98333E-05 0.443095 0.242251 9.98333E-05 9.98333E-05 9.98333E-05 9.98333E-05 9.98333E-05 0.00116389 9.98333E-05 9.98333E-05 9.98333E-05 9.98333E-05 9.98333E-05 9.98333E-05 9.98333E-05 0.0569667
9.98421E-05 9.98421E-05 9.98421E-05 9.98421E-05 9.98421E-05 0.556802 0.0358743 9.98421E-05 9.98421E-05 0.178064 0.0482996 9.98421E-05 0.158302 9.98421E-05 9.98421E-05 9.98421E-05 9.98421E-05 0.00779717 9.98421E-05 9.98421E-05 9.98421E-05 9.98421E-05 9.98421E-05 0.0130644 9.98421E-05
9.98334E-05 9.98334E-05 9.98334E-05 9.98334E-05 9.98334E-05 0.189922 9.98334E-05 9.98334E-05 9.98334E-05 0.513533 0.0954558 0.0971282 0.0685732 9.98334E-05 9.98334E-05 9.98334E-05 9.98334E-05 0.0334909 9.98334E-05 9.98334E-05 9.98334E-05 9.98334E-05 9.98334E-05 9.98334E-05 9.98334E-05
9.98071E-05 9.98071E-05 9.98071E-05 9.98071E-05 9.98071E-05 9.98071E-05 0.0541295 9.98071E-05 9.98071E-05 0.675289 9.98071E-05 9.98071E-05 9.98071E-05 0.268386 9.98071E-05 9.98071E-05 9.98071E-05 9.98071E-05 9.98071E-05 9.98071E-05 9.98071E-05 9.98071E-05 9.98071E-05 9.98071E-05 9.98071E-05
9.9816E-05 9.9816E-05 9.9816E-05 9.9816E-05 9.9816E-05 0.174897 0.122553 9.9816E-05 9.9816E-05 0.50745 0.193004 9.9816E-05 9.9816E-05 9.9816E-05 9.9816E-05 9.9816E-05 9.9816E-05 9.9816E-05 9.9816E-05 9.9816E-05 9.9816E-05 9.9816E-05 9.9816E-05 9.9816E-05 9.9816E-05
9.98421E-05 9.98421E-05 9.98421E-05 9.98421E-05 0.00805209 9.98421E-05 0.0496592 9.98421E-05 0.0349188 0.606717 9.98421E-05 9.98421E-05 9.98421E-05 0.16565 9.98421E-05 9.98421E-05 9.98421E-05 0.00924132 9.98421E-05 9.98421E-05 9.98421E-05 0.123965 9.98421E-05 9.98421E-05 9.98421E-05
9.98597E-05 0.0159345 9.98597E-05 0.116127 9.98597E-05 9.98597E-05 0.075484 9.98597E-05 0.00659456 0.554077 0.106317 9.98597E-05 9.98597E-05 0.0551248 9.98597E-05 9.98597E-05 9.98597E-05 0.0329846 9.98597E-05 9.98597E-05 9.98597E-05 9.98597E-05 9.98597E-05 9.98597E-05 0.0357588
9.98245E-05 9.98245E-05 0.0673574 9.98245E-05 9.98245E-05 0.109079 9.98245E-05 9.98245E-05 9.98245E-05 0.497234 0.140624 9.98245E-05 0.183709 9.98245E-05 9.98245E-05 9.98245E-05 9.98245E-05 9.98245E-05 9.98245E-05 9.98245E-05 9.98245E-05 9.98245E-05 9.98245E-05 9.98245E-05 9.98245E-05
9.98598E-05 0.0200585 9.98598E-05 9.98598E-05 9.98598E-05 0.05988 0.0830571 9.98598E-05 9.98598E-05 0.620275 9.98598E-05 0.046463 9.98598E-05 9.98598E-05 0.0693937 9.98598E-05 0.0240335 9.98598E-05 0.0144567 9.98598E-05 9.98598E-05 9.98598E-05 9.98598E-05 9.98598E-05 0.0607844
9.98185E-05 9.98185E-05 9.98185E-05 9.98185E-05 9.98185E-05 0.185775 0.0192605 9.98185E-05 9.98185E-05 0.776791 9.98185E-05 9.98185E-05 9.98185E-05 9.98185E-05 9.98185E-05 9.98185E-05 9.98185E-05 0.0160774 9.98185E-05 9.98185E-05 9.98185E-05 9.98185E-05 9.98185E-05 9.98185E-05 9.98185E-05
9.98421E-05 9.98421E-05 0.0494603 0.0345712 9.98421E-05 9.98421E-05 0.0712312 9.98421E-05 9.98421E-05 0.273661 0.0327555 0.531371 9.98421E-05 9.98421E-05 9.98421E-05 9.98421E-05 9.98421E-05 9.98421E-05 9.98421E-05 9.98421E-05 9.98421E-05 9.98421E-05 9.98421E-05 9.98421E-05 0.00515207
9.98421E-05 9.98421E-05 9.98421E-05 9.98421E-05 9.98421E-05 9.98421E-05 0.00131989 9.98421E-05 9.98421E-05 0.606591 0.0496759 9.98421E-05 0.148564 0.0640687 0.0593963 9.98421E-05 9.98421E-05 9.98421E-05 9.98421E-05 9.98421E-05 9.98421E-05 9.98421E-05 9.98421E-05 9.98421E-05 0.0685867
9.98333E-05 9.98333E-05 9.98333E-05 9.98333E-05 9.98333E-05 0.0129758 0.0244257 9.98333E-05 9.98333E-05 0.905387 0.0104212 9.98333E-05 9.98333E-05 9.98333E-05 9.98333E-05 9.98333E-05 9.98333E-05 0.026841 9.98333E-05 9.98333E-05 9.98333E-05 0.0180521 9.98333E-05 9.98333E-05 9.98333E-05
9.9842E-05 9.9842E-05 0.0624633 9.9842E-05 9.9842E-05 9.9842E-05 0.204374 9.9842E-05 9.9842E-05 0.47082 0.166596 9.9842E-05 0.0651062 9.9842E-05 9.9842E-05 9.9842E-05 9.9842E-05 9.9842E-05 9.9842E-05 9.9842E-05 0.0193449 9.9842E-05 0.0094991 9.9842E-05 9.9842E-05
9.98246E-05 9.98246E-05 9.98246E-05 9.98246E-05 9.98246E-05 0.126667 0.231431 9.98246E-05 9.98246E-05 0.527838 9.98246E-05 9.98246E-05 9.98246E-05 0.104157 9.98246E-05 9.98246E-05 9.98246E-05 9.98246E-05 9.98246E-05 9.98246E-05 9.98246E-05 9.98246E-05 9.98246E-05 0.0079095 9.98246E-05
9.98333E-05 9.98333E-05 0.00674544 9.98333E-05 9.98333E-05 9.98333E-05 0.18265 9.98333E-05 9.98333E-05 0.491417 0.16412 9.98333E-05 0.114153 9.98333E-05 9.98333E-05 9.98333E-05 9.98333E-05 9.98333E-05 9.98333E-05 9.98333E-05 0.0390173 9.98333E-05 9.98333E-05 9.98333E-05 9.98333E-05
9.98685E-05 9.98685E-05 9.98685E-05 9.98685E-05 0.02866 0.185321 0.143978 0.00934039 9.98685E-05 0.289949 0.147882 0.151085 0.0035278 0.0370478 9.98685E-05 9.98685E-05 0.00171124 9.98685E-05 9.98685E-05 9.98685E-05 9.98685E-05 9.98685E-05 9.98685E-05 9.98685E-05 9.98685E-05
9.9842E-05 0.0266049 0.00208892 9.9842E-05 9.9842E-05 9.9842E-05 9.9842E-05 9.9842E-05 9.9842E-05 0.0643712 9.9842E-05 0.387632 9.9842E-05 0.39926 0.00108324 0.117163 9.9842E-05 9.9842E-05 9.9842E-05 9.9842E-05 9.9842E-05 9.9842E-05 9.9842E-05 9.9842E-05 9.9842E-05
9.98243E-05 9.98243E-05 9.98243E-05 9.98243E-05 9.98243E-05 9.98243E-05 0.092805 9.98243E-05 9.98243E-05 0.7913 0.0682224 9.98243E-05 9.98243E-05 9.98243E-05 0.00935406 9.98243E-05 9.98243E-05 9.98243E-05 9.98243E-05 9.98243E-05 0.0363223 9.98243E-05 9.98243E-05 9.98243E-05 9.98243E-05
9.98247E-05 9.98247E-05 9.98247E-05 9.98247E-05 9.98247E-05 9.98247E-05 0.255177 9.98247E-05 9.98247E-05 0.520807 0.145007 0.0744849 0.00252709 9.98247E-05 9.98247E-05 9.98247E-05 9.98247E-05 9.98247E-05 9.98247E-05 9.98247E-05 9.98247E-05 9.98247E-05 9.98247E-05 9.98247E-05 9.98247E-05
9.98334E-05 9.98334E-05 0.00578353 9.98334E-05 9.98334E-05 9.98334E-05 9.98334E-05 9.98334E-05 9.98334E-05 0.566768 0.107296 9.98334E-05 9.98334E-05 0.192607 0.0852463 9.98334E-05 9.98334E-05 0.0404023 9.98334E-05 9.98334E-05 9.98334E-05 9.98334E-05 9.98334E-05 9.98334E-05 9.98334E-05
9.98335E-05 9.98335E-05 9.98335E-05 9.98335E-05 9.98335E-05 0.0297351 0.0690948 9.98335E-05 0.00780232 0.645621 0.228196 9.98335E-05 9.98335E-05 9.98335E-05 9.98335E-05 9.98335E-05 9.98335E-05 0.0176538 9.98335E-05 9.98335E-05 9.98335E-05 9.98335E-05 9.98335E-05 9.98335E-05 9.98335E-05
9.98244E-05 9.98244E-05 9.98244E-05 9.98244E-05 9.98244E-05 9.98244E-05 9.98244E-05 9.98244E-05 0.0757299 0.697364 0.0257324 9.98244E-05 9.98244E-05 0.180252 9.98244E-05 9.98244E-05 9.98244E-05 0.0189248 9.98244E-05 9.98244E-05 9.98244E-05 9.98244E-05 9.98244E-05 9.98244E-05 9.98244E-05
9.98244E-05 9.98244E-05 0.0820175 9.98244E-05 9.98244E-05 9.98244E-05 0.25218 9.98244E-05 9.98244E-05 0.380602 0.116545 9.98244E-05 9.98244E-05 9.98244E-05 0.166659 9.98244E-05 9.98244E-05 9.98244E-05 9.98244E-05 9.98244E-05 9.98244E-05 9.98244E-05 9.98244E-05 9.98244E-05 9.98244E-05
9.98069E-05 9.98069E-05 9.98069E-05 9.98069E-05 9.98069E-05 9.98069E-05 9.98069E-05 9.98069E-05 9.98069E-05 0.871964 9.98069E-05 9.98069E-05 9.98069E-05 9.98069E-05 9.98069E-05 9.98069E-05 0.113165 9.98069E-05 9.98069E-05 9.98069E-05 9.98069E-05 9.98069E-05 9.98069E-05 0.0126748 9.98069E-05
9.98071E-05 9.98071E-05 9.98071E-05 9.98071E-05 9.98071E-05 9.98071E-05 9.98071E-05 9.98071E-05 9.98071E-05 0.845764 9.98071E-05 0.100937 9.98071E-05 9.98071E-05 9.98071E-05 9.98071E-05 9.98071E-05 9.98071E-05 9.98071E-05 9.98071E-05 9.98071E-05 9.98071E-05 9.98071E-05 9.98071E-05 0.051104
9.98333E-05 0.00200428 9.98333E-05 0.181344 9.98333E-05 0.203918 0.0134781 9.98333E-05 9.98333E-05 0.499793 9.98333E-05 9.98333E-05 9.98333E-05 9.98333E-05 9.98333E-05 9.98333E-05 9.98333E-05 9.98333E-05 9.98333E-05 9.98333E-05 9.98333E-05 9.98333E-05 9.98333E-05 9.98333E-05 0.0975657
9.98331E-05 9.98331E-05 9.98331E-05 9.98331E-05 0.081973 9.98331E-05 0.136768 9.98331E-05 9.98331E-05 0.575493 0.196994 9.98331E-05 9.98331E-05 9.98331E-05 9.98331E-05 9.98331E-05 9.98331E-05 0.00153973 9.98331E-05 9.98331E-05 9.98331E-05 0.00533516 9.98331E-05 9.98331E-05 9.98331E-05
0.0103976 9.98332E-05 9.98332E-05 9.98332E-05 9.98332E-05 0.258541 0.0400229 9.98332E-05 9.98332E-05 0.13805 9.98332E-05 9.98332E-05 9.98332E-05 0.442981 9.98332E-05 9.98332E-05 9.98332E-05 9.98332E-05 9.98332E-05 9.98332E-05 9.98332E-05 9.98332E-05 9.98332E-05 9.98332E-05 0.108111
9.98335E-05 9.98335E-05 9.98335E-05 9.98335E-05 0.0121625 0.225335 9.98335E-05 9.98335E-05 9.98335E-05 0.454469 0.0728591 9.98335E-05 9.98335E-05 0.204936 9.98335E-05 9.98335E-05 9.98335E-05 0.0283421 9.98335E-05 9.98335E-05 9.98335E-05 9.98335E-05 9.98335E-05 9.98335E-05 9.98335E-05
9.98071E-05 9.98071E-05 9.98071E-05 9.98071E-05 9.98071E-05 9.98071E-05 9.98071E-05 9.98071E-05 9.98071E-05 0.443764 9.98071E-05 9.98071E-05 9.98071E-05 0.552341 0.00169866 9.98071E-05 9.98071E-05 9.98071E-05 9.98071E-05 9.98071E-05 9.98071E-05 9.98071E-05 9.98071E-05 9.98071E-05 9.98071E-05
9.98247E-05 9.98247E-05 0.0233239 9.98247E-05 9.98247E-05 0.742348 0.0247257 9.98247E-05 9.98247E-05 0.189984 9.98247E-05 9.98247E-05 9.98247E-05 9.98247E-05 9.98247E-05 9.98247E-05 9.98247E-05 0.0176223 9.98247E-05 9.98247E-05 9.98247E-05 9.98247E-05 9.98247E-05 9.98247E-05 9.98247E-05
9.98157E-05 9.98157E-05 9.98157E-05 9.98157E-05 9.98157E-05 9.98157E-05 0.0789953 9.98157E-05 9.98157E-05 0.550354 0.282786 9.98157E-05 0.0857684 9.98157E-05 9.98157E-05 9.98157E-05 9.98157E-05 9.98157E-05 9.98157E-05 9.98157E-05 9.98157E-05 9.98157E-05 9.98157E-05 9.98157E-05 9.98157E-05
9.98422E-05 9.98422E-05 9.98422E-05 0.00755586 9.98422E-05 0.00558182 0.126097 9.98422E-05 9.98422E-05 0.661666 9.98422E-05 9.98422E-05 9.98422E-05 9.98422E-05 9.98422E-05 9.98422E-05 0.0762472 9.98422E-05 9.98422E-05 9.98422E-05 9.98422E-05 0.00289472 9.98422E-05 0.11816 9.98422E-05
9.98246E-05 9.98246E-05 0.0559708 9.98246E-05 9.98246E-05 0.550784 0.140475 9.98246E-05 9.98246E-05 9.98246E-05 0.0162831 0.234491 9.98246E-05 9.98246E-05 9.98246E-05 9.98246E-05 9.98246E-05 9.98246E-05 9.98246E-05 9.98246E-05 9.98246E-05 9.98246E-05 9.98246E-05 9.98246E-05 9.98246E-05
9.98069E-05 9.98069E-05 9.98069E-05 9.98069E-05 9.98069E-05 0.205948 9.98069E-05 9.98069E-05 9.98069E-05 0.204241 9.98069E-05 0.587615 9.98069E-05 9.98069E-05 9.98069E-05 9.98069E-05 9.98069E-05 9.98069E-05 9.98069E-05 9.98069E-05 9.98069E-05 9.98069E-05 9.98069E-05 9.98069E-05 9.98069E-05
9.98419E-05 9.98419E-05 0.115068 9.98419E-05 9.98419E-05 9.98419E-05 0.200319 9.98419E-05 9.98419E-05 0.528846 0.00748652 9.98419E-05 0.107689 9.98419E-05 9.98419E-05 9.98419E-05 0.0247309 9.98419E-05 9.98419E-05 9.98419E-05 9.98419E-05 0.0140634 9.98419E-05 9.98419E-05 9.98419E-05
9.9842E-05 9.9842E-05 9.9842E-05 9.9842E-05 0.0384861 9.9842E-05 0.0901896 0.144936 9.9842E-05 0.434124 0.0792403 0.19249 9.9842E-05 9.9842E-05 9.9842E-05 9.9842E-05 9.9842E-05 0.0187372 9.9842E-05 9.9842E-05 9.9842E-05 9.9842E-05 9.9842E-05 9.9842E-05 9.9842E-05
9.98598E-05 9.98598E-05 9.98598E-05 9.98598E-05 0.083295 9.98598E-05 9.98598E-05 9.98598E-05 0.0662488 0.379234 0.0596982 0.188647 0.198498 9.98598E-05 0.00212938 0.00887806 0.0117741 9.98598E-05 9.98598E-05 9.98598E-05 9.98598E-05 9.98598E-05 9.98598E-05 9.98598E-05 9.98598E-05
0.0248838 9.98597E-05 0.0265308 0.0181886 9.98597E-05 9.98597E-05 0.212986 9.98597E-05 9.98597E-05 0.502193 0.138704 9.98597E-05 9.98597E-05 9.98597E-05 9.98597E-05 0.00297325 0.0432475 0.0286949 9.98597E-05 9.98597E-05 9.98597E-05 9.98597E-05 9.98597E-05 9.98597E-05 9.98597E-05
9.98069E-05 9.98069E-05 9.98069E-05 9.98069E-05 9.98069E-05 0.0446133 9.98069E-05 9.98069E-05 9.98069E-05 0.213217 9.98069E-05 9.98069E-05 9.98069E-05 0.739974 9.98069E-05 9.98069E-05 9.98069E-05 9.98069E-05 9.98069E-05 9.98069E-05 9.98069E-05 9.98069E-05 9.98069E-05 9.98069E-05 9.98069E-05
9.98157E-05 0.0158584 9.98157E-05 9.98157E-05 9.98157E-05 9.98157E-05 9.98157E-05 9.98157E-05 9.98157E-05 0.743938 0.0926755 9.98157E-05 9.98157E-05 9.98157E-05 9.98157E-05 9.98157E-05 9.98157E-05 9.98157E-05 9.98157E-05 9.98157E-05 9.98157E-05 9.98157E-05 9.98157E-05 9.98157E-05 0.145432
