9.9842E-05 9.9842E-05 0.0299745 0.0520807 9.9842E-05 9.9842E-05 9.9842E-05 9.9842E-05 9.9842E-05 9.9842E-05 0.0239742 9.9842E-05 0.0128079 9.9842E-05 9.9842E-05 9.9842E-05 9.9842E-05 0.289934 0.00930629 9.9842E-05 0.415739 9.9842E-05 9.9842E-05 9.9842E-05 0.129097 0.0352891 9.9842E-05
9.9807E-05 9.9807E-05 9.9807E-05 9.9807E-05 9.9807E-05 9.9807E-05 9.9807E-05 9.9807E-05 9.9807E-05 9.9807E-05 9.9807E-05 9.9807E-05 9.9807E-05 0.507962 9.9807E-05 0.166515 9.9807E-05 0.0071103 9.9807E-05 9.9807E-05 0.181617 9.9807E-05 9.9807E-05 9.9807E-05 9.9807E-05 0.1346 9.9807E-05
9.97807E-05 9.97807E-05 9.97807E-05 9.97807E-05 9.97807E-05 9.97807E-05 9.97807E-05 9.97807E-05 9.97807E-05 9.97807E-05 9.97807E-05 9.97807E-05 9.97807E-05 0.992657 9.97807E-05 9.97807E-05 9.97807E-05 9.97807E-05 0.00484893 9.97807E-05 9.97807E-05 9.97807E-05 9.97807E-05 9.97807E-05 9.97807E-05 9.97807E-05 9.97807E-05
9.98333E-05 9.98333E-05 0.0186566 9.98333E-05 9.98333E-05 9.98333E-05 9.98333E-05 0.250651 9.98333E-05 9.98333E-05 9.98333E-05 9.98333E-05 9.98333E-05 9.98333E-05 9.98333E-05 0.233713 9.98333E-05 9.98333E-05 0.0286454 0.121036 0.0387869 0.163187 9.98333E-05 9.98333E-05 0.143426 9.98333E-05 9.98333E-05
0.143739 9.97984E-05 9.97984E-05 9.97984E-05 9.97984E-05 9.97984E-05 9.97984E-05 9.97984E-05 9.97984E-05 9.97984E-05 9.97984E-05 0.0390102 9.97984E-05 9.97984E-05 9.97984E-05 0.587105 9.97984E-05 9.97984E-05 9.97984E-05 9.97984E-05 0.227851 9.97984E-05 9.97984E-05 9.97984E-05 9.97984E-05 9.97984E-05 9.97984E-05
9.98598E-05 9.98598E-05 0.0165738 9.98598E-05 0.118849 9.98598E-05 9.98598E-05 9.98598E-05 9.98598E-05 9.98598E-05 9.98598E-05 0.047836 0.0164166 0.0920501 9.98598E-05 0.0438638 9.98598E-05 0.156023 9.98598E-05 0.0614004 0.102774 0.228625 9.98598E-05 0.11399 9.98598E-05 9.98598E-05 9.98598E-05
0.0420605 9.98685E-05 9.98685E-05 9.98685E-05 9.98685E-05 9.98685E-05 0.0686396 0.116915 9.98685E-05 9.98685E-05 0.0464619 9.98685E-05 9.98685E-05 9.98685E-05 0.119192 0.0972089 9.98685E-05 0.0616096 0.0655027 9.98685E-05 0.152153 9.98685E-05 9.98685E-05 0.0713108 0.103716 0.0537326 9.98685E-05
0.0721186 9.98596E-05 9.98596E-05 9.98596E-05 0.0981692 9.98596E-05 9.98596E-05 9.98596E-05 9.98596E-05 9.98596E-05 9.98596E-05 0.00316106 0.158513 0.0512259 9.98596E-05 0.229217 9.98596E-05 0.0786511 9.98596E-05 9.98596E-05 9.98596E-05 0.0569416 9.98596E-05 0.0128697 0.172805 9.98596E-05 0.0647304
0.0222755 9.98596E-05 9.98596E-05 9.98596E-05 0.207277 0.0298104 9.98596E-05 9.98596E-05 0.205394 9.98596E-05 0.105896 9.98596E-05 0.0254295 0.226761 9.98596E-05 9.98596E-05 9.98596E-05 9.98596E-05 9.98596E-05 0.00963052 0.039735 0.0347313 9.98596E-05 9.98596E-05 0.0914623 9.98596E-05 9.98596E-05
9.97719E-05 9.97719E-05 9.97719E-05 9.97719E-05 9.97719E-05 9.97719E-05 9.97719E-05 9.97719E-05 9.97719E-05 9.97719E-05 9.97719E-05 9.97719E-05 9.97719E-05 9.97719E-05 9.97719E-05 9.97719E-05 9.97719E-05 9.97719E-05 9.97719E-05 9.97719E-05 0.997406 9.97719E-05 9.97719E-05 9.97719E-05 9.97719E-05 9.97719E-05 9.97719E-05
9.98069E-05 9.98069E-05 9.98069E-05 9.98069E-05 9.98069E-05 9.98069E-05 9.98069E-05 9.98069E-05 9.98069E-05 9.98069E-05 0.136678 9.98069E-05 9.98069E-05 9.98069E-05 9.98069E-05 9.98069E-05 9.98069E-05 0.0041104 0.12495 9.98069E-05 0.685335 9.98069E-05 9.98069E-05 9.98069E-05 0.046732 9.98069E-05 9.98069E-05
9.9772E-05 9.9772E-05 9.9772E-05 9.9772E-05 9.9772E-05 9.9772E-05 9.9772E-05 9.9772E-05 9.9772E-05 9.9772E-05 9.9772E-05 9.9772E-05 9.9772E-05 0.997406 9.9772E-05 9.9772E-05 9.9772E-05 9.9772E-05 9.9772E-05 9.9772E-05 9.9772E-05 9.9772E-05 9.9772E-05 9.9772E-05 9.9772E-05 9.9772E-05 9.9772E-05
9.98071E-05 9.98071E-05 9.98071E-05 9.98071E-05 9.98071E-05 0.00229651 0.018725 9.98071E-05 9.98071E-05 9.98071E-05 0.0443934 9.98071E-05 9.98071E-05 9.98071E-05 9.98071E-05 0.86812 9.98071E-05 9.98071E-05 9.98071E-05 9.98071E-05 9.98071E-05 9.98071E-05 9.98071E-05 9.98071E-05 0.0642694 9.98071E-05 9.98071E-05
9.98334E-05 9.98334E-05 9.98334E-05 0.0305164 9.98334E-05 0.0668889 9.98334E-05 9.98334E-05 9.98334E-05 9.98334E-05 9.98334E-05 9.98334E-05 0.0241201 0.278664 9.98334E-05 0.456974 0.0229263 9.98334E-05 0.0442786 9.98334E-05 9.98334E-05 9.98334E-05 0.0737356 9.98334E-05 9.98334E-05 9.98334E-05 9.98334E-05
9.98421E-05 0.158373 9.98421E-05 9.98421E-05 0.0989657 0.0566219 9.98421E-05 9.98421E-05 9.98421E-05 9.98421E-05 0.125935 9.98421E-05 0.0147962 9.98421E-05 9.98421E-05 9.98421E-05 9.98421E-05 0.175834 9.98421E-05 9.98421E-05 0.341957 0.0184024 9.98421E-05 0.00731702 9.98421E-05 9.98421E-05 9.98421E-05
0.0813736 9.98596E-05 9.98596E-05 0.0298934 0.112142 9.98596E-05 9.98596E-05 9.98596E-05 9.98596E-05 9.98596E-05 0.104834 9.98596E-05 9.98596E-05 0.179909 9.98596E-05 0.0274753 0.0458538 0.185522 9.98596E-05 9.98596E-05 9.98596E-05 0.016982 9.98596E-05 9.98596E-05 0.0262468 9.98596E-05 0.18817
9.98334E-05 0.185579 9.98334E-05 0.0112702 9.98334E-05 9.98334E-05 9.98334E-05 9.98334E-05 9.98334E-05 9.98334E-05 0.0119422 9.98334E-05 9.98334E-05 0.162863 9.98334E-05 0.308655 9.98334E-05 9.98334E-05 9.98334E-05 0.140486 0.105573 9.98334E-05 9.98334E-05 9.98334E-05 9.98334E-05 0.071735 9.98334E-05
9.98248E-05 9.98248E-05 0.128017 9.98248E-05 9.98248E-05 9.98248E-05 9.98248E-05 9.98248E-05 0.0113291 0.156729 0.15814 9.98248E-05 9.98248E-05 9.98248E-05 9.98248E-05 9.98248E-05 9.98248E-05 0.207964 9.98248E-05 9.98248E-05 0.159123 9.98248E-05 9.98248E-05 9.98248E-05 0.176702 9.98248E-05 9.98248E-05
9.98156E-05 9.98156E-05 9.98156E-05 9.98156E-05 0.10916 0.0128497 9.98156E-05 9.98156E-05 9.98156E-05 9.98156E-05 0.14327 9.98156E-05 9.98156E-05 9.98156E-05 9.98156E-05 9.98156E-05 9.98156E-05 9.98156E-05 9.98156E-05 9.98156E-05 0.476548 9.98156E-05 9.98156E-05 0.153378 0.102699 9.98156E-05 9.98156E-05
9.97895E-05 9.97895E-05 0.0621316 9.97895E-05 9.97895E-05 9.97895E-05 9.97895E-05 9.97895E-05 9.97895E-05 9.97895E-05 9.97895E-05 9.97895E-05 9.97895E-05 9.97895E-05 9.97895E-05 0.896167 9.97895E-05 9.97895E-05 9.97895E-05 9.97895E-05 0.0393067 9.97895E-05 9.97895E-05 9.97895E-05 9.97895E-05 9.97895E-05 9.97895E-05
0.0979412 9.98333E-05 9.98333E-05 9.98333E-05 0.0769719 9.98333E-05 9.98333E-05 9.98333E-05 9.98333E-05 9.98333E-05 0.00655584 9.98333E-05 9.98333E-05 0.069103 9.98333E-05 0.429555 9.98333E-05 9.98333E-05 0.025951 0.275227 9.98333E-05 9.98333E-05 9.98333E-05 9.98333E-05 9.98333E-05 9.98333E-05 0.0167984
9.98334E-05 9.98334E-05 9.98334E-05 9.98334E-05 0.0858421 9.98334E-05 0.166742 9.98334E-05 9.98334E-05 9.98334E-05 9.98334E-05 0.105086 9.98334E-05 9.98334E-05 9.98334E-05 9.98334E-05 0.0305227 9.98334E-05 9.98334E-05 9.98334E-05 0.298969 0.0847315 9.98334E-05 0.0421011 0.18411 9.98334E-05 9.98334E-05
9.98157E-05 9.98157E-05 9.98157E-05 9.98157E-05 9.98157E-05 9.98157E-05 9.98157E-05 9.98157E-05 0.0348078 9.98157E-05 0.112309 9.98157E-05 9.98157E-05 9.98157E-05 9.98157E-05 0.6635 9.98157E-05 0.143609 0.0031202 9.98157E-05 9.98157E-05 0.040558 9.98157E-05 9.98157E-05 9.98157E-05 9.98157E-05 9.98157E-05
9.98245E-05 9.98245E-05 9.98245E-05 9.98245E-05 9.98245E-05 9.98245E-05 9.98245E-05 9.98245E-05 0.0585601 9.98245E-05 0.219751 9.98245E-05 9.98245E-05 0.0238068 9.98245E-05 0.354752 9.98245E-05 0.0339464 9.98245E-05 9.98245E-05 0.0180914 9.98245E-05 9.98245E-05 9.98245E-05 0.289095 9.98245E-05 9.98245E-05
9.9842E-05 9.9842E-05 0.112261 9.9842E-05 0.0283143 9.9842E-05 9.9842E-05 9.9842E-05 9.9842E-05 9.9842E-05 0.237503 9.9842E-05 9.9842E-05 0.096541 9.9842E-05 9.9842E-05 0.0728833 9.9842E-05 0.0459863 9.9842E-05 0.22017 0.12079 9.9842E-05 9.9842E-05 0.0637544 9.9842E-05 9.9842E-05
9.98422E-05 9.98422E-05 9.98422E-05 9.98422E-05 0.0265533 9.98422E-05 9.98422E-05 0.0629218 9.98422E-05 9.98422E-05 0.0801011 0.0628577 9.98422E-05 0.0273257 0.0320019 0.352907 9.98422E-05 9.98422E-05 0.0105289 9.98422E-05 0.343006 9.98422E-05 9.98422E-05 9.98422E-05 9.98422E-05 9.98422E-05 9.98422E-05
9.98333E-05 9.98333E-05 9.98333E-05 9.98333E-05 9.98333E-05 9.98333E-05 0.233584 0.042085 9.98333E-05 0.0969635 0.0847978 9.98333E-05 9.98333E-05 9.98333E-05 9.98333E-05 9.98333E-05 9.98333E-05 9.98333E-05 9.98333E-05 9.98333E-05 0.116918 0.207119 9.98333E-05 9.98333E-05 0.16507 9.98333E-05 0.0515655
9.98246E-05 9.98246E-05 9.98246E-05 9.98246E-05 9.98246E-05 9.98246E-05 9.98246E-05 0.0728182 0.0288428 9.98246E-05 0.0714415 9.98246E-05 9.98246E-05 9.98246E-05 9.98246E-05 0.485917 9.98246E-05 9.98246E-05 9.98246E-05 9.98246E-05 0.270747 9.98246E-05 9.98246E-05 0.036423 0.0318143 9.98246E-05 9.98246E-05
9.9816E-05 9.9816E-05 9.9816E-05 9.9816E-05 9.9816E-05 9.9816E-05 9.9816E-05 9.9816E-05 9.9816E-05 9.9816E-05 0.251964 9.9816E-05 9.9816E-05 0.136795 9.9816E-05 9.9816E-05 9.9816E-05 9.9816E-05 0.000405603 9.9816E-05 0.594096 0.0025787 9.9816E-05 9.9816E-05 0.0120648 9.9816E-05 9.9816E-05
9.98072E-05 0.126884 9.98072E-05 9.98072E-05 0.00322874 9.98072E-05 9.98072E-05 9.98072E-05 9.98072E-05 9.98072E-05 0.00831755 9.98072E-05 9.98072E-05 0.681321 9.98072E-05 9.98072E-05 9.98072E-05 9.98072E-05 9.98072E-05 9.98072E-05 0.178053 9.98072E-05 9.98072E-05 9.98072E-05 9.98072E-05 9.98072E-05 9.98072E-05
9.9842E-05 9.9842E-05 0.053674 9.9842E-05 0.0129434 9.9842E-05 9.9842E-05 9.9842E-05 9.9842E-05 0.0275928 9.9842E-05 9.9842E-05 9.9842E-05 9.9842E-05 9.9842E-05 0.0290953 0.07871 0.0271257 0.0131217 9.9842E-05 0.706372 9.9842E-05 9.9842E-05 0.0495675 9.9842E-05 9.9842E-05 9.9842E-05
9.98159E-05 9.98159E-05 9.98159E-05 9.98159E-05 9.98159E-05 9.98159E-05 9.98159E-05 9.98159E-05 9.98159E-05 9.98159E-05 0.0549351 9.98159E-05 9.98159E-05 9.98159E-05 9.98159E-05 0.631044 9.98159E-05 9.98159E-05 0.0412631 0.0812714 9.98159E-05 0.178305 9.98159E-05 9.98159E-05 0.0110853 9.98159E-05 9.98159E-05
9.98332E-05 9.98332E-05 9.98332E-05 9.98332E-05 9.98332E-05 9.98332E-05 9.98332E-05 9.98332E-05 9.98332E-05 9.98332E-05 0.129066 9.98332E-05 9.98332E-05 0.234301 9.98332E-05 0.0776274 9.98332E-05 9.98332E-05 0.0602358 9.98332E-05 0.229453 0.0584576 9.98332E-05 9.98332E-05 0.111221 9.98332E-05 0.0977417
9.97981E-05 9.97981E-05 9.97981E-05 9.97981E-05 9.97981E-05 9.97981E-05 9.97981E-05 9.97981E-05 9.97981E-05 9.97981E-05 0.0679108 9.97981E-05 9.97981E-05 0.772788 9.97981E-05 9.97981E-05 9.97981E-05 9.97981E-05 9.97981E-05 9.97981E-05 9.97981E-05 0.0696617 9.97981E-05 9.97981E-05 0.0873439 9.97981E-05 9.97981E-05
9.98072E-05 9.98072E-05 0.052458 9.98072E-05 9.98072E-05 9.98072E-05 9.98072E-05 9.98072E-05 9.98072E-05 9.98072E-05 9.98072E-05 9.98072E-05 9.98072E-05 0.0829219 9.98072E-05 9.98072E-05 9.98072E-05 9.98072E-05 0.0493375 9.98072E-05 0.809093 9.98072E-05 9.98072E-05 0.0039938 9.98072E-05 9.98072E-05 9.98072E-05
9.98422E-05 9.98422E-05 9.98422E-05 9.98422E-05 9.98422E-05 9.98422E-05 0.0466371 0.0115845 9.98422E-05 9.98422E-05 0.0235484 9.98422E-05 9.98422E-05 9.98422E-05 9.98422E-05 0.473247 9.98422E-05 0.0228285 9.98422E-05 0.17765 0.191626 9.98422E-05 9.98422E-05 9.98422E-05 0.038019 0.0130626 9.98422E-05
9.97899E-05 9.97899E-05 9.97899E-05 9.97899E-05 9.97899E-05 9.97899E-05 9.97899E-05 9.97899E-05 9.97899E-05 9.97899E-05 9.97899E-05 9.97899E-05 9.97899E-05 9.97899E-05 9.97899E-05 0.843016 9.97899E-05 9.97899E-05 9.97899E-05 9.97899E-05 9.97899E-05 9.97899E-05 9.97899E-05 0.101702 9.97899E-05 0.0528873 9.97899E-05
9.98072E-05 0.00210991 9.98072E-05 9.98072E-05 0.132784 9.98072E-05 9.98072E-05 9.98072E-05 9.98072E-05 9.98072E-05 0.0221571 9.98072E-05 9.98072E-05 0.806913 9.98072E-05 9.98072E-05 9.98072E-05 9.98072E-05 9.98072E-05 9.98072E-05 9.98072E-05 9.98072E-05 9.98072E-05 9.98072E-05 9.98072E-05 0.0338404 9.98072E-05
9.98422E-05 0.0652905 9.98422E-05 9.98422E-05 0.0357623 9.98422E-05 9.98422E-05 9.98422E-05 9.98422E-05 9.98422E-05 0.0779081 9.98422E-05 9.98422E-05 0.492134 9.98422E-05 9.98422E-05 9.98422E-05 9.98422E-05 0.00831603 9.98422E-05 0.117667 9.98422E-05 9.98422E-05 0.0387781 0.0376897 0.124657 9.98422E-05
9.9807E-05 9.9807E-05 9.9807E-05 9.9807E-05 9.9807E-05 9.9807E-05 9.9807E-05 9.9807E-05 9.9807E-05 9.9807E-05 0.129833 9.9807E-05 9.9807E-05 0.600968 9.9807E-05 9.9807E-05 9.9807E-05 9.9807E-05 9.9807E-05 9.9807E-05 9.9807E-05 0.193886 9.9807E-05 0.0345162 9.9807E-05 9.9807E-05 0.0386005
9.9772E-05 9.9772E-05 9.9772E-05 9.9772E-05 9.9772E-05 9.9772E-05 9.9772E-05 9.9772E-05 9.9772E-05 9.9772E-05 9.9772E-05 9.9772E-05 9.9772E-05 9.9772E-05 9.9772E-05 9.9772E-05 9.9772E-05 9.9772E-05 9.9772E-05 9.9772E-05 0.997406 9.9772E-05 9.9772E-05 9.9772E-05 9.9772E-05 9.9772E-05 9.9772E-05
9.97982E-05 9.97982E-05 9.97982E-05 9.97982E-05 0.0154375 9.97982E-05 0.11471 9.97982E-05 9.97982E-05 9.97982E-05 9.97982E-05 9.97982E-05 9.97982E-05 9.97982E-05 9.97982E-05 9.97982E-05 9.97982E-05 9.97982E-05 9.97982E-05 9.97982E-05 0.858816 9.97982E-05 9.97982E-05 9.97982E-05 0.00874084 9.97982E-05 9.97982E-05
9.9807E-05 9.9807E-05 9.9807E-05 9.9807E-05 9.9807E-05 0.0286992 0.0268165 9.9807E-05 9.9807E-05 9.9807E-05 9.9807E-05 9.9807E-05 9.9807E-05 9.9807E-05 9.9807E-05 0.58393 9.9807E-05 9.9807E-05 9.9807E-05 9.9807E-05 0.298096 9.9807E-05 0.0602617 9.9807E-05 9.9807E-05 9.9807E-05 9.9807E-05
9.98421E-05 9.98421E-05 9.98421E-05 9.98421E-05 0.0718541 9.98421E-05 9.98421E-05 9.98421E-05 0.0233316 9.98421E-05 0.133322 9.98421E-05 9.98421E-05 0.272092 9.98421E-05 9.98421E-05 9.98421E-05 0.192912 0.00596019 9.98421E-05 0.205037 9.98421E-05 9.98421E-05 9.98421E-05 0.0742898 0.0194037 9.98421E-05
9.98158E-05 9.98158E-05 9.98158E-05 9.98158E-05 9.98158E-05 9.98158E-05 9.98158E-05 0.104316 9.98158E-05 9.98158E-05 0.102347 9.98158E-05 9.98158E-05 0.294387 9.98158E-05 0.0161759 9.98158E-05 9.98158E-05 9.98158E-05 9.98158E-05 9.98158E-05 9.98158E-05 9.98158E-05 0.0593375 0.42134 9.98158E-05 9.98158E-05
9.98069E-05 9.98069E-05 0.0223749 9.98069E-05 9.98069E-05 9.98069E-05 9.98069E-05 9.98069E-05 9.98069E-05 9.98069E-05 0.0482204 9.98069E-05 9.98069E-05 0.378655 9.98069E-05 9.98069E-05 9.98069E-05 9.98069E-05 9.98069E-05 9.98069E-05 0.543203 9.98069E-05 9.98069E-05 0.00535156 9.98069E-05 9.98069E-05 9.98069E-05
9.97895E-05 9.97895E-05 9.97895E-05 9.97895E-05 9.97895E-05 9.97895E-05 9.97895E-05 0.0581042 9.97895E-05 9.97895E-05 0.0508075 9.97895E-05 9.97895E-05 9.97895E-05 9.97895E-05 0.888693 9.97895E-05 9.97895E-05 9.97895E-05 9.97895E-05 9.97895E-05 9.97895E-05 9.97895E-05 9.97895E-05 9.97895E-05 9.97895E-05 9.97895E-05
9.97719E-05 9.97719E-05 9.97719E-05 9.97719E-05 9.97719E-05 9.97719E-05 9.97719E-05 9.97719E-05 9.97719E-05 9.97719E-05 9.97719E-05 9.97719E-05 9.97719E-05 0.997406 9.97719E-05 9.97719E-05 9.97719E-05 9.97719E-05 9.97719E-05 9.97719E-05 9.97719E-05 9.97719E-05 9.97719E-05 9.97719E-05 9.97719E-05 9.97719E-05 9.97719E-05
0.0441447 9.98508E-05 9.98508E-05 9.98508E-05 9.98508E-05 9.98508E-05 0.0473932 0.0080444 9.98508E-05 9.98508E-05 0.133446 9.98508E-05 9.98508E-05 0.0670559 9.98508E-05 0.510005 9.98508E-05 9.98508E-05 0.00640175 9.98508E-05 9.98508E-05 0.0860478 9.98508E-05 0.0125727 0.0831911 9.98508E-05 9.98508E-05
9.98248E-05 9.98248E-05 9.98248E-05 9.98248E-05 0.00658861 9.98248E-05 9.98248E-05 9.98248E-05 9.98248E-05 9.98248E-05 9.98248E-05 0.00170526 9.98248E-05 0.471539 0.035555 0.37775 9.98248E-05 9.98248E-05 0.010622 9.98248E-05 9.98248E-05 9.98248E-05 9.98248E-05 0.0942438 9.98248E-05 9.98248E-05 9.98248E-05
9.98596E-05 9.98596E-05 9.98596E-05 9.98596E-05 0.0796677 0.0313398 0.175779 0.0320037 0.00919874 9.98596E-05 0.22818 9.98596E-05 9.98596E-05 0.0155329 9.98596E-05 0.272741 9.98596E-05 9.98596E-05 0.0320597 9.98596E-05 9.98596E-05 0.0606223 9.98596E-05 9.98596E-05 9.98596E-05 9.98596E-05 0.061277
9.98335E-05 9.98335E-05 9.98335E-05 0.0247067 9.98335E-05 9.98335E-05 9.98335E-05 0.0739522 9.98335E-05 9.98335E-05 9.98335E-05 0.00273979 9.98335E-05 0.160512 9.98335E-05 9.98335E-05 9.98335E-05 9.98335E-05 0.00741539 9.98335E-05 0.531248 9.98335E-05 9.98335E-05 9.98335E-05 0.140943 9.98335E-05 0.0565867
9.97809E-05 9.97809E-05 9.97809E-05 9.97809E-05 9.97809E-05 0.00539726 9.97809E-05 9.97809E-05 9.97809E-05 9.97809E-05 9.97809E-05 9.97809E-05 9.97809E-05 9.97809E-05 9.97809E-05 9.97809E-05 9.97809E-05 9.97809E-05 9.97809E-05 9.97809E-05 0.992108 9.97809E-05 9.97809E-05 9.97809E-05 9.97809E-05 9.97809E-05 9.97809E-05
9.97983E-05 9.97983E-05 9.97983E-05 9.97983E-05 9.97983E-05 0.051683 9.97983E-05 9.97983E-05 9.97983E-05 9.97983E-05 9.97983E-05 0.00453898 9.97983E-05 0.904485 9.97983E-05 9.97983E-05 9.97983E-05 9.97983E-05 9.97983E-05 9.97983E-05 9.97983E-05 9.97983E-05 9.97983E-05 9.97983E-05 9.97983E-05 9.97983E-05 0.0369977
9.98072E-05 9.98072E-05 9.98072E-05 9.98072E-05 9.98072E-05 0.0259697 9.98072E-05 9.98072E-05 9.98072E-05 9.98072E-05 0.0833562 9.98072E-05 9.98072E-05 0.0207294 9.98072E-05 0.751055 0.116694 9.98072E-05 9.98072E-05 9.98072E-05 9.98072E-05 9.98072E-05 9.98072E-05 9.98072E-05 9.98072E-05 9.98072E-05 9.98072E-05
9.98073E-05 9.98073E-05 0.0450673 9.98073E-05 9.98073E-05 9.98073E-05 9.98073E-05 9.98073E-05 9.98073E-05 9.98073E-05 9.98073E-05 9.98073E-05 9.98073E-05 0.362919 9.98073E-05 9.98073E-05 9.98073E-05 9.98073E-05 9.98073E-05 9.98073E-05 0.473291 0.0960696 9.98073E-05 0.0204576 9.98073E-05 9.98073E-05 9.98073E-05
9.98246E-05 9.98246E-05 9.98246E-05 9.98246E-05 9.98246E-05 9.98246E-05 9.98246E-05 9.98246E-05 9.98246E-05 0.0187518 0.0478772 9.98246E-05 9.98246E-05 9.98246E-05 9.98246E-05 0.120504 9.98246E-05 9.98246E-05 0.0144366 0.0860429 0.698779 9.98246E-05 9.98246E-05 0.0116115 9.98246E-05 9.98246E-05 9.98246E-05
9.9807E-05 9.9807E-05 9.9807E-05 9.9807E-05 9.9807E-05 9.9807E-05 9.9807E-05 0.0767608 9.9807E-05 9.9807E-05 0.0502721 9.9807E-05 9.9807E-05 9.9807E-05 9.9807E-05 0.848389 9.9807E-05 9.9807E-05 0.00747244 9.9807E-05 9.9807E-05 9.9807E-05 9.9807E-05 9.9807E-05 0.0149096 9.9807E-05 9.9807E-05
9.9818E-05 9.9818E-05 9.9818E-05 9.9818E-05 0.0210565 9.9818E-05 9.9818E-05 0.0268544 9.9818E-05 9.9818E-05 9.9818E-05 9.9818E-05 0.0110134 0.0758897 9.9818E-05 0.859087 9.9818E-05 9.9818E-05 0.00400324 9.9818E-05 9.9818E-05 9.9818E-05 9.9818E-05 9.9818E-05 9.9818E-05 9.9818E-05 9.9818E-05
9.98244E-05 9.98244E-05 9.98244E-05 9.98244E-05 0.00875566 9.98244E-05 0.0168417 9.98244E-05 9.98244E-05 9.98244E-05 0.102312 9.98244E-05 0.0874424 9.98244E-05 9.98244E-05 9.98244E-05 9.98244E-05 0.714419 9.98244E-05 9.98244E-05 9.98244E-05 0.031022 9.98244E-05 9.98244E-05 9.98244E-05 0.0372103 9.98244E-05
9.98073E-05 9.98073E-05 9.98073E-05 9.98073E-05 9.98073E-05 9.98073E-05 0.00816986 0.0297441 0.018733 9.98073E-05 9.98073E-05 9.98073E-05 9.98073E-05 9.98073E-05 9.98073E-05 9.98073E-05 9.98073E-05 0.93074 9.98073E-05 0.010417 9.98073E-05 9.98073E-05 9.98073E-05 9.98073E-05 9.98073E-05 9.98073E-05 9.98073E-05
9.98071E-05 9.98071E-05 9.98071E-05 9.98071E-05 9.98071E-05 9.98071E-05 9.98071E-05 9.98071E-05 9.98071E-05 0.00216191 9.98071E-05 9.98071E-05 9.98071E-05 0.0130241 0.0726477 9.98071E-05 9.98071E-05 0.896374 0.0135964 9.98071E-05 9.98071E-05 9.98071E-05 9.98071E-05 9.98071E-05 9.98071E-05 9.98071E-05 9.98071E-05
9.98159E-05 9.98159E-05 9.98159E-05 9.98159E-05 0.0834 9.98159E-05 9.98159E-05 9.98159E-05 9.98159E-05 9.98159E-05 0.0432455 9.98159E-05 9.98159E-05 9.98159E-05 0.0736193 9.98159E-05 9.98159E-05 0.248936 9.98159E-05 9.98159E-05 9.98159E-05 0.214584 9.98159E-05 9.98159E-05 9.98159E-05 0.33412 9.98159E-05
9.9833E-05 9.9833E-05 0.0553825 9.9833E-05 0.0392559 9.9833E-05 9.9833E-05 9.9833E-05 9.9833E-05 9.9833E-05 0.0140862 0.042228 9.9833E-05 9.9833E-05 9.9833E-05 9.9833E-05 0.0199835 0.669791 9.9833E-05 9.9833E-05 9.9833E-05 9.9833E-05 9.9833E-05 0.0372322 0.120144 9.9833E-05 9.9833E-05
9.9798E-05 9.9798E-05 9.9798E-05 9.9798E-05 0.0200499 9.9798E-05 9.9798E-05 9.9798E-05 9.9798E-05 9.9798E-05 0.19399 9.9798E-05 9.9798E-05 9.9798E-05 9.9798E-05 9.9798E-05 9.9798E-05 0.647849 9.9798E-05 9.9798E-05 9.9798E-05 9.9798E-05 9.9798E-05 9.9798E-05 0.135816 9.9798E-05 9.9798E-05
9.97981E-05 9.97981E-05 9.97981E-05 9.97981E-05 9.97981E-05 9.97981E-05 9.97981E-05 9.97981E-05 9.97981E-05 9.97981E-05 0.0673924 9.97981E-05 9.97981E-05 9.97981E-05 9.97981E-05 9.97981E-05 9.97981E-05 0.493658 9.97981E-05 0.100078 9.97981E-05 9.97981E-05 9.97981E-05 9.97981E-05 9.97981E-05 0.336576 9.97981E-05
9.98244E-05 9.98244E-05 9.98244E-05 9.98244E-05 0.0194089 9.98244E-05 9.98244E-05 9.98244E-05 9.98244E-05 0.174068 0.0865807 9.98244E-05 9.98244E-05 9.98244E-05 0.0270873 9.98244E-05 9.98244E-05 0.504459 9.98244E-05 9.98244E-05 9.98244E-05 0.130574 9.98244E-05 9.98244E-05 9.98244E-05 0.0558254 9.98244E-05
9.98071E-05 9.98071E-05 9.98071E-05 9.98071E-05 9.98071E-05 9.98071E-05 9.98071E-05 9.98071E-05 0.0766859 0.00678602 9.98071E-05 9.98071E-05 9.98071E-05 9.98071E-05 0.00129957 9.98071E-05 9.98071E-05 0.874824 9.98071E-05 9.98071E-05 9.98071E-05 9.98071E-05 9.98071E-05 9.98071E-05 9.98071E-05 0.0382084 9.98071E-05
9.97895E-05 9.97895E-05 9.97895E-05 9.97895E-05 0.0188509 9.97895E-05 9.97895E-05 9.97895E-05 9.97895E-05 9.97895E-05 9.97895E-05 9.97895E-05 9.97895E-05 9.97895E-05 9.97895E-05 9.97895E-05 9.97895E-05 0.94933 0.0294246 9.97895E-05 9.97895E-05 9.97895E-05 9.97895E-05 9.97895E-05 9.97895E-05 9.97895E-05 9.97895E-05
9.98067E-05 9.98067E-05 9.98067E-05 9.98067E-05 0.0427175 9.98067E-05 9.98067E-05 9.98067E-05 9.98067E-05 9.98067E-05 0.225095 9.98067E-05 9.98067E-05 9.98067E-05 9.98067E-05 9.98067E-05 9.98067E-05 0.559101 0.135738 9.98067E-05 9.98067E-05 9.98067E-05 9.98067E-05 0.0351528 9.98067E-05 9.98067E-05 9.98067E-05
9.98595E-05 9.98595E-05 9.98595E-05 0.0501033 9.98595E-05 0.0759674 9.98595E-05 0.0304237 9.98595E-05 9.98595E-05 0.0917466 9.98595E-05 9.98595E-05 9.98595E-05 0.0188937 9.98595E-05 0.0482391 0.410344 0.0459863 9.98595E-05 9.98595E-05 9.98595E-05 9.98595E-05 0.0173464 0.166782 0.0425694 9.98595E-05
9.98245E-05 9.98245E-05 9.98245E-05 0.200407 0.142792 9.98245E-05 9.98245E-05 9.98245E-05 9.98245E-05 9.98245E-05 0.0329192 0.0509682 9.98245E-05 9.98245E-05 9.98245E-05 9.98245E-05 9.98245E-05 0.471604 9.98245E-05 9.98245E-05 9.98245E-05 0.0662494 9.98245E-05 0.0330628 9.98245E-05 9.98245E-05 9.98245E-05
9.98068E-05 9.98068E-05 9.98068E-05 9.98068E-05 9.98068E-05 9.98068E-05 9.98068E-05 9.98068E-05 9.98068E-05 9.98068E-05 0.187108 9.98068E-05 9.98068E-05 9.98068E-05 9.98068E-05 9.98068E-05 9.98068E-05 0.536962 9.98068E-05 9.98068E-05 9.98068E-05 9.98068E-05 9.98068E-05 0.0217465 0.203382 0.0486058 9.98068E-05
9.97986E-05 9.97986E-05 9.97986E-05 9.97986E-05 9.97986E-05 9.97986E-05 0.0486464 9.97986E-05 9.97986E-05 9.97986E-05 9.97986E-05 9.97986E-05 9.97986E-05 9.97986E-05 9.97986E-05 9.97986E-05 9.97986E-05 0.914807 9.97986E-05 9.97986E-05 9.97986E-05 0.0339395 9.97986E-05 9.97986E-05 9.97986E-05 9.97986E-05 0.000312231
9.97809E-05 9.97809E-05 9.97809E-05 9.97809E-05 0.0179625 9.97809E-05 9.97809E-05 9.97809E-05 9.97809E-05 9.97809E-05 9.97809E-05 9.97809E-05 9.97809E-05 9.97809E-05 9.97809E-05 9.97809E-05 9.97809E-05 0.979543 9.97809E-05 9.97809E-05 9.97809E-05 9.97809E-05 9.97809E-05 9.97809E-05 9.97809E-05 9.97809E-05 9.97809E-05
9.98067E-05 9.98067E-05 9.98067E-05 9.98067E-05 9.98067E-05 9.98067E-05 9.98067E-05 9.98067E-05 9.98067E-05 9.98067E-05 9.98067E-05 9.98067E-05 0.130819 9.98067E-05 9.98067E-05 9.98067E-05 9.98067E-05 0.632183 9.98067E-05 0.0674263 9.98067E-05 0.0611445 9.98067E-05 0.106232 9.98067E-05 9.98067E-05 9.98067E-05
9.98244E-05 9.98244E-05 9.98244E-05 0.0235653 0.0222287 9.98244E-05 9.98244E-05 0.0539674 9.98244E-05 9.98244E-05 9.98244E-05 9.98244E-05 9.98244E-05 9.98244E-05 9.98244E-05 9.98244E-05 9.98244E-05 0.59654 0.123718 9.98244E-05 9.98244E-05 9.98244E-05 9.98244E-05 0.0967011 0.0812825 9.98244E-05 9.98244E-05
9.9807E-05 9.9807E-05 9.9807E-05 9.9807E-05 9.9807E-05 9.9807E-05 9.9807E-05 0.0376374 9.9807E-05 0.0382724 9.9807E-05 9.9807E-05 9.9807E-05 9.9807E-05 9.9807E-05 9.9807E-05 0.00732274 0.882737 9.9807E-05 9.9807E-05 9.9807E-05 9.9807E-05 9.9807E-05 0.0318347 9.9807E-05 9.9807E-05 9.9807E-05
9.97978E-05 9.97978E-05 9.97978E-05 9.97978E-05 9.97978E-05 9.97978E-05 0.179913 9.97978E-05 9.97978E-05 9.97978E-05 0.183206 9.97978E-05 9.97978E-05 9.97978E-05 9.97978E-05 9.97978E-05 9.97978E-05 0.570771 9.97978E-05 9.97978E-05 9.97978E-05 9.97978E-05 9.97978E-05 9.97978E-05 9.97978E-05 9.97978E-05 0.0638138
9.97899E-05 9.97899E-05 9.97899E-05 9.97899E-05 9.97899E-05 9.97899E-05 9.97899E-05 9.97899E-05 9.97899E-05 9.97899E-05 9.97899E-05 9.97899E-05 9.97899E-05 0.00260633 0.0120282 9.97899E-05 9.97899E-05 0.982971 9.97899E-05 9.97899E-05 9.97899E-05 9.97899E-05 9.97899E-05 9.97899E-05 9.97899E-05 9.97899E-05 9.97899E-05
9.98156E-05 9.98156E-05 9.98156E-05 9.98156E-05 9.98156E-05 9.98156E-05 0.00893504 9.98156E-05 9.98156E-05 9.98156E-05 0.0483104 9.98156E-05 9.98156E-05 9.98156E-05 9.98156E-05 9.98156E-05 0.0239257 0.630854 9.98156E-05 9.98156E-05 9.98156E-05 0.0498664 9.98156E-05 9.98156E-05 0.236012 9.98156E-05 9.98156E-05
9.98248E-05 9.98248E-05 9.98248E-05 9.98248E-05 9.98248E-05 0.0504756 0.0108187 9.98248E-05 9.98248E-05 9.98248E-05 0.0110792 9.98248E-05 9.98248E-05 9.98248E-05 9.98248E-05 9.98248E-05 9.98248E-05 0.745786 9.98248E-05 9.98248E-05 9.98248E-05 0.100787 9.98248E-05 9.98248E-05 0.0259017 0.0531556 9.98248E-05
0.0127362 9.98421E-05 9.98421E-05 9.98421E-05 0.00873277 9.98421E-05 9.98421E-05 9.98421E-05 0.00445606 0.00403927 9.98421E-05 9.98421E-05 0.0311232 9.98421E-05 9.98421E-05 9.98421E-05 9.98421E-05 0.573981 0.0577658 9.98421E-05 9.98421E-05 0.133272 9.98421E-05 0.172096 9.98421E-05 9.98421E-05 9.98421E-05
9.97892E-05 9.97892E-05 9.97892E-05 0.0894509 9.97892E-05 9.97892E-05 9.97892E-05 9.97892E-05 9.97892E-05 9.97892E-05 9.97892E-05 9.97892E-05 9.97892E-05 9.97892E-05 9.97892E-05 9.97892E-05 9.97892E-05 0.821377 0.0867769 9.97892E-05 9.97892E-05 9.97892E-05 9.97892E-05 9.97892E-05 9.97892E-05 9.97892E-05 9.97892E-05
9.98072E-05 9.98072E-05 0.0191207 9.98072E-05 0.0415242 9.98072E-05 9.98072E-05 9.98072E-05 9.98072E-05 9.98072E-05 9.98072E-05 9.98072E-05 9.98072E-05 0.0653259 9.98072E-05 9.98072E-05 9.98072E-05 0.844922 9.98072E-05 9.98072E-05 9.98072E-05 9.98072E-05 9.98072E-05 9.98072E-05 9.98072E-05 0.0269115 9.98072E-05
9.97722E-05 9.97722E-05 9.97722E-05 9.97722E-05 9.97722E-05 9.97722E-05 9.97722E-05 9.97722E-05 9.97722E-05 9.97722E-05 9.97722E-05 9.97722E-05 9.97722E-05 9.97722E-05 9.97722E-05 9.97722E-05 9.97722E-05 0.997406 9.97722E-05 9.97722E-05 9.97722E-05 9.97722E-05 9.97722E-05 9.97722E-05 9.97722E-05 9.97722E-05 9.97722E-05
9.97722E-05 9.97722E-05 9.97722E-05 9.97722E-05 9.97722E-05 9.97722E-05 9.97722E-05 9.97722E-05 9.97722E-05 9.97722E-05 9.97722E-05 9.97722E-05 9.97722E-05 9.97722E-05 9.97722E-05 9.97722E-05 9.97722E-05 0.997406 9.97722E-05 9.97722E-05 9.97722E-05 9.97722E-05 9.97722E-05 9.97722E-05 9.97722E-05 9.97722E-05 9.97722E-05
9.97897E-05 9.97897E-05 9.97897E-05 9.97897E-05 9.97897E-05 9.97897E-05 9.97897E-05 9.97897E-05 9.97897E-05 0.108487 9.97897E-05 9.97897E-05 9.97897E-05 9.97897E-05 9.97897E-05 9.97897E-05 9.97897E-05 0.845598 9.97897E-05 9.97897E-05 0.0435204 9.97897E-05 9.97897E-05 9.97897E-05 9.97897E-05 9.97897E-05 9.97897E-05
9.98161E-05 9.98161E-05 9.98161E-05 9.98161E-05 0.0350296 9.98161E-05 0.0420893 9.98161E-05 9.98161E-05 9.98161E-05 0.0856594 9.98161E-05 9.98161E-05 0.0222405 9.98161E-05 9.98161E-05 9.98161E-05 0.714602 9.98161E-05 9.98161E-05 9.98161E-05 9.98161E-05 0.0982831 9.98161E-05 9.98161E-05 9.98161E-05 9.98161E-05
9.97895E-05 9.97895E-05 9.97895E-05 9.97895E-05 0.057833 9.97895E-05 9.97895E-05 9.97895E-05 9.97895E-05 9.97895E-05 0.157744 9.97895E-05 9.97895E-05 9.97895E-05 9.97895E-05 9.97895E-05 9.97895E-05 9.97895E-05 9.97895E-05 9.97895E-05 9.97895E-05 0.782028 9.97895E-05 9.97895E-05 9.97895E-05 9.97895E-05 9.97895E-05
9.97896E-05 0.670374 9.97896E-05 9.97896E-05 9.97896E-05 9.97896E-05 9.97896E-05 9.97896E-05 9.97896E-05 9.97896E-05 0.0101504 9.97896E-05 9.97896E-05 9.97896E-05 9.97896E-05 9.97896E-05 9.97896E-05 9.97896E-05 9.97896E-05 9.97896E-05 9.97896E-05 0.317081 9.97896E-05 9.97896E-05 9.97896E-05 9.97896E-05 9.97896E-05
9.98158E-05 9.98158E-05 9.98158E-05 0.00414784 9.98158E-05 9.98158E-05 9.98158E-05 9.98158E-05 9.98158E-05 9.98158E-05 0.0939137 0.019506 9.98158E-05 9.98158E-05 9.98158E-05 9.98158E-05 0.0376339 9.98158E-05 0.0178283 9.98158E-05 9.98158E-05 0.824874 9.98158E-05 9.98158E-05 9.98158E-05 9.98158E-05 9.98158E-05
9.98068E-05 9.98068E-05 9.98068E-05 9.98068E-05 0.0401025 9.98068E-05 9.98068E-05 9.98068E-05 9.98068E-05 0.0558678 0.154131 9.98068E-05 9.98068E-05 9.98068E-05 9.98068E-05 9.98068E-05 0.0414077 9.98068E-05 9.98068E-05 9.98068E-05 9.98068E-05 0.706295 9.98068E-05 9.98068E-05 9.98068E-05 9.98068E-05 9.98068E-05
9.97893E-05 9.97893E-05 9.97893E-05 9.97893E-05 0.0830077 9.97893E-05 9.97893E-05 9.97893E-05 9.97893E-05 9.97893E-05 9.97893E-05 9.97893E-05 9.97893E-05 9.97893E-05 0.084799 9.97893E-05 9.97893E-05 9.97893E-05 9.97893E-05 9.97893E-05 9.97893E-05 0.829798 9.97893E-05 9.97893E-05 9.97893E-05 9.97893E-05 9.97893E-05
9.98158E-05 9.98158E-05 9.98158E-05 9.98158E-05 0.122491 9.98158E-05 9.98158E-05 0.102718 9.98158E-05 9.98158E-05 0.198559 9.98158E-05 9.98158E-05 9.98158E-05 9.98158E-05 9.98158E-05 9.98158E-05 9.98158E-05 9.98158E-05 9.98158E-05 9.98158E-05 0.429813 0.100073 9.98158E-05 9.98158E-05 0.0442503 9.98158E-05
9.98071E-05 9.98071E-05 9.98071E-05 9.98071E-05 0.0978968 9.98071E-05 9.98071E-05 9.98071E-05 9.98071E-05 0.068235 0.0898318 9.98071E-05 9.98071E-05 9.98071E-05 9.98071E-05 9.98071E-05 9.98071E-05 9.98071E-05 9.98071E-05 9.98071E-05 9.98071E-05 0.671801 9.98071E-05 9.98071E-05 0.0700394 9.98071E-05 9.98071E-05
9.97982E-05 9.97982E-05 9.97982E-05 9.97982E-05 0.157615 9.97982E-05 9.97982E-05 9.97982E-05 9.97982E-05 0.00777539 0.00354338 9.97982E-05 9.97982E-05 9.97982E-05 9.97982E-05 9.97982E-05 9.97982E-05 9.97982E-05 9.97982E-05 9.97982E-05 9.97982E-05 0.828771 9.97982E-05 9.97982E-05 9.97982E-05 9.97982E-05 9.97982E-05
9.98068E-05 9.98068E-05 9.98068E-05 9.98068E-05 0.297924 9.98068E-05 0.136449 9.98068E-05 9.98068E-05 9.98068E-05 0.0242664 9.98068E-05 9.98068E-05 9.98068E-05 9.98068E-05 9.98068E-05 9.98068E-05 9.98068E-05 9.98068E-05 9.98068E-05 9.98068E-05 0.362672 9.98068E-05 9.98068E-05 9.98068E-05 0.176492 9.98068E-05
9.9807E-05 9.9807E-05 9.9807E-05 9.9807E-05 0.25118 9.9807E-05 9.9807E-05 0.0631272 9.9807E-05 9.9807E-05 0.22686 9.9807E-05 9.9807E-05 9.9807E-05 9.9807E-05 9.9807E-05 9.9807E-05 9.9807E-05 9.9807E-05 9.9807E-05 9.9807E-05 0.453523 9.9807E-05 9.9807E-05 0.00311358 9.9807E-05 9.9807E-05
9.97983E-05 0.409841 9.97983E-05 9.97983E-05 9.97983E-05 9.97983E-05 9.97983E-05 9.97983E-05 9.97983E-05 9.97983E-05 9.97983E-05 9.97983E-05 9.97983E-05 9.97983E-05 9.97983E-05 9.97983E-05 9.97983E-05 9.97983E-05 0.00949208 9.97983E-05 9.97983E-05 0.347505 9.97983E-05 9.97983E-05 9.97983E-05 0.230866 9.97983E-05
9.98245E-05 0.251632 9.98245E-05 0.00278014 9.98245E-05 9.98245E-05 9.98245E-05 9.98245E-05 9.98245E-05 9.98245E-05 0.0832807 9.98245E-05 9.98245E-05 9.98245E-05 9.98245E-05 0.0343816 9.98245E-05 9.98245E-05 0.0440756 9.98245E-05 9.98245E-05 0.518235 9.98245E-05 9.98245E-05 9.98245E-05 0.0636183 9.98245E-05
9.97985E-05 0.0935913 9.97985E-05 9.97985E-05 0.0202368 9.97985E-05 9.97985E-05 0.0106091 9.97985E-05 9.97985E-05 9.97985E-05 9.97985E-05 9.97985E-05 9.97985E-05 9.97985E-05 9.97985E-05 9.97985E-05 9.97985E-05 9.97985E-05 9.97985E-05 9.97985E-05 0.873267 9.97985E-05 9.97985E-05 9.97985E-05 9.97985E-05 9.97985E-05
9.98073E-05 9.98073E-05 9.98073E-05 9.98073E-05 0.159316 9.98073E-05 9.98073E-05 9.98073E-05 0.0263173 9.98073E-05 0.147858 9.98073E-05 9.98073E-05 9.98073E-05 9.98073E-05 9.98073E-05 9.98073E-05 9.98073E-05 9.98073E-05 9.98073E-05 9.98073E-05 0.529872 0.134441 9.98073E-05 9.98073E-05 9.98073E-05 9.98073E-05
9.98248E-05 9.98248E-05 9.98248E-05 0.0226319 0.0440997 9.98248E-05 9.98248E-05 9.98248E-05 9.98248E-05 0.113499 9.98248E-05 9.98248E-05 9.98248E-05 9.98248E-05 9.98248E-05 9.98248E-05 9.98248E-05 9.98248E-05 0.00314556 9.98248E-05 9.98248E-05 0.61357 0.151642 9.98248E-05 9.98248E-05 9.98248E-05 0.0494151
9.98246E-05 0.0547292 9.98246E-05 9.98246E-05 0.0645754 9.98246E-05 0.0761279 9.98246E-05 9.98246E-05 9.98246E-05 0.112696 9.98246E-05 0.0673281 9.98246E-05 9.98246E-05 9.98246E-05 9.98246E-05 9.98246E-05 0.0340921 9.98246E-05 9.98246E-05 0.588455 9.98246E-05 9.98246E-05 9.98246E-05 9.98246E-05 9.98246E-05
9.98157E-05 9.98157E-05 0.0248769 9.98157E-05 9.98157E-05 0.0194818 9.98157E-05 9.98157E-05 9.98157E-05 9.98157E-05 0.0812079 9.98157E-05 9.98157E-05 9.98157E-05 9.98157E-05 9.98157E-05 9.98157E-05 9.98157E-05 9.98157E-05 9.98157E-05 9.98157E-05 0.599704 0.0211673 9.98157E-05 9.98157E-05 0.251466 9.98157E-05
9.98161E-05 0.0661452 9.98161E-05 9.98161E-05 0.103928 9.98161E-05 9.98161E-05 9.98161E-05 9.98161E-05 9.98161E-05 9.98161E-05 0.0533189 9.98161E-05 9.98161E-05 0.0273368 9.98161E-05 9.98161E-05 9.98161E-05 9.98161E-05 9.98161E-05 9.98161E-05 0.678424 9.98161E-05 9.98161E-05 0.0687516 9.98161E-05 9.98161E-05
0.000139041 0.039459 9.98159E-05 9.98159E-05 0.00944419 9.98159E-05 9.98159E-05 9.98159E-05 9.98159E-05 9.98159E-05 9.98159E-05 0.0108776 9.98159E-05 9.98159E-05 9.98159E-05 9.98159E-05 9.98159E-05 9.98159E-05 0.0190695 9.98159E-05 9.98159E-05 0.918915 9.98159E-05 9.98159E-05 9.98159E-05 9.98159E-05 9.98159E-05
9.9842E-05 0.427424 0.0727633 9.9842E-05 0.0642374 0.0185371 0.0298558 0.0081477 9.9842E-05 9.9842E-05 0.0618166 9.9842E-05 9.9842E-05 9.9842E-05 9.9842E-05 9.9842E-05 9.9842E-05 9.9842E-05 0.000228649 9.9842E-05 9.9842E-05 0.315192 9.9842E-05 9.9842E-05 9.9842E-05 9.9842E-05 9.9842E-05
9.98334E-05 9.98334E-05 9.98334E-05 9.98334E-05 0.0518746 9.98334E-05 9.98334E-05 0.0327194 9.98334E-05 9.98334E-05 0.0369562 0.116945 9.98334E-05 9.98334E-05 9.98334E-05 9.98334E-05 9.98334E-05 9.98334E-05 0.0062403 9.98334E-05 9.98334E-05 0.564882 0.0828745 9.98334E-05 9.98334E-05 0.105611 9.98334E-05
9.97808E-05 9.97808E-05 9.97808E-05 9.97808E-05 9.97808E-05 9.97808E-05 9.97808E-05 9.97808E-05 9.97808E-05 9.97808E-05 0.0235451 9.97808E-05 9.97808E-05 9.97808E-05 9.97808E-05 9.97808E-05 9.97808E-05 9.97808E-05 9.97808E-05 9.97808E-05 9.97808E-05 0.97396 9.97808E-05 9.97808E-05 9.97808E-05 9.97808E-05 9.97808E-05
0.025676 9.98158E-05 0.0209247 9.98158E-05 0.163572 9.98158E-05 9.98158E-05 9.98158E-05 9.98158E-05 9.98158E-05 0.205618 9.98158E-05 9.98158E-05 9.98158E-05 9.98158E-05 9.98158E-05 9.98158E-05 9.98158E-05 9.98158E-05 9.98158E-05 9.98158E-05 0.458908 9.98158E-05 9.98158E-05 9.98158E-05 0.123205 9.98158E-05
9.97983E-05 0.280281 9.97983E-05 9.97983E-05 0.164393 9.97983E-05 9.97983E-05 9.97983E-05 9.97983E-05 9.97983E-05 9.97983E-05 9.97983E-05 9.97983E-05 9.97983E-05 9.97983E-05 9.97983E-05 0.0216922 9.97983E-05 9.97983E-05 9.97983E-05 9.97983E-05 0.531339 9.97983E-05 9.97983E-05 9.97983E-05 9.97983E-05 9.97983E-05
0.020052 9.98245E-05 0.00190845 9.98245E-05 0.175717 9.98245E-05 9.98245E-05 9.98245E-05 9.98245E-05 9.98245E-05 0.166794 9.98245E-05 9.98245E-05 9.98245E-05 9.98245E-05 9.98245E-05 9.98245E-05 9.98245E-05 9.98245E-05 9.98245E-05 9.98245E-05 0.455045 9.98245E-05 0.0413612 9.98245E-05 0.137126 9.98245E-05
9.98158E-05 0.471134 9.98158E-05 9.98158E-05 0.133598 9.98158E-05 9.98158E-05 9.98158E-05 9.98158E-05 9.98158E-05 0.118574 9.98158E-05 9.98158E-05 9.98158E-05 9.98158E-05 9.98158E-05 9.98158E-05 9.98158E-05 9.98158E-05 9.98158E-05 9.98158E-05 0.249907 9.98158E-05 9.98158E-05 0.018324 9.98158E-05 0.00636671
9.98247E-05 9.98247E-05 9.98247E-05 9.98247E-05 9.98247E-05 0.0219546 0.000796524 9.98247E-05 0.131183 9.98247E-05 0.0869589 9.98247E-05 9.98247E-05 9.98247E-05 0.00865544 9.98247E-05 9.98247E-05 9.98247E-05 9.98247E-05 9.98247E-05 9.98247E-05 0.113779 0.634676 9.98247E-05 9.98247E-05 9.98247E-05 9.98247E-05
9.97979E-05 9.97979E-05 9.97979E-05 9.97979E-05 0.097263 9.97979E-05 9.97979E-05 9.97979E-05 9.97979E-05 9.97979E-05 0.02715 9.97979E-05 9.97979E-05 9.97979E-05 9.97979E-05 9.97979E-05 9.97979E-05 9.97979E-05 9.97979E-05 9.97979E-05 9.97979E-05 0.81951 9.97979E-05 0.0537816 9.97979E-05 9.97979E-05 9.97979E-05
9.98071E-05 0.0883085 9.98071E-05 9.98071E-05 0.250497 9.98071E-05 9.98071E-05 9.98071E-05 9.98071E-05 9.98071E-05 0.154213 9.98071E-05 9.98071E-05 9.98071E-05 9.98071E-05 9.98071E-05 9.98071E-05 9.98071E-05 9.98071E-05 9.98071E-05 9.98071E-05 0.496869 9.98071E-05 9.98071E-05 9.98071E-05 0.0079159 9.98071E-05
9.98071E-05 9.98071E-05 0.0565601 9.98071E-05 9.98071E-05 9.98071E-05 9.98071E-05 9.98071E-05 9.98071E-05 9.98071E-05 0.139859 0.049804 9.98071E-05 9.98071E-05 9.98071E-05 9.98071E-05 9.98071E-05 9.98071E-05 9.98071E-05 9.98071E-05 9.98071E-05 0.599807 0.151774 9.98071E-05 9.98071E-05 9.98071E-05 9.98071E-05
9.98159E-05 0.128017 9.98159E-05 9.98159E-05 0.0138764 9.98159E-05 9.98159E-05 9.98159E-05 9.98159E-05 9.98159E-05 0.158176 9.98159E-05 9.98159E-05 9.98159E-05 9.98159E-05 9.98159E-05 9.98159E-05 9.98159E-05 0.0266994 9.98159E-05 9.98159E-05 0.650312 9.98159E-05 9.98159E-05 9.98159E-05 9.98159E-05 0.0208228
9.97983E-05 9.97983E-05 9.97983E-05 9.97983E-05 9.97983E-05 9.97983E-05 9.97983E-05 9.97983E-05 9.97983E-05 9.97983E-05 0.0033966 9.97983E-05 9.97983E-05 9.97983E-05 9.97983E-05 9.97983E-05 9.97983E-05 9.97983E-05 0.014156 9.97983E-05 9.97983E-05 0.882298 9.97983E-05 9.97983E-05 9.97983E-05 9.97983E-05 0.0978542
9.98069E-05 9.98069E-05 0.0859429 9.98069E-05 0.249416 9.98069E-05 9.98069E-05 9.98069E-05 9.98069E-05 9.98069E-05 0.116684 0.164433 9.98069E-05 9.98069E-05 9.98069E-05 9.98069E-05 9.98069E-05 9.98069E-05 9.98069E-05 9.98069E-05 9.98069E-05 0.381329 9.98069E-05 9.98069E-05 9.98069E-05 9.98069E-05 9.98069E-05
9.97894E-05 9.97894E-05 9.97894E-05 9.97894E-05 0.0290291 9.97894E-05 9.97894E-05 9.97894E-05 9.97894E-05 9.97894E-05 9.97894E-05 9.97894E-05 9.97894E-05 9.97894E-05 9.97894E-05 9.97894E-05 9.97894E-05 9.97894E-05 9.97894E-05 9.97894E-05 9.97894E-05 0.874637 9.97894E-05 9.97894E-05 0.0939385 9.97894E-05 9.97894E-05
9.97897E-05 0.15298 9.97897E-05 9.97897E-05 9.97897E-05 9.97897E-05 9.97897E-05 0.0424941 9.97897E-05 9.97897E-05 9.97897E-05 9.97897E-05 9.97897E-05 9.97897E-05 9.97897E-05 9.97897E-05 9.97897E-05 9.97897E-05 9.97897E-05 9.97897E-05 9.97897E-05 0.80213 9.97897E-05 9.97897E-05 9.97897E-05 9.97897E-05 9.97897E-05
9.98157E-05 0.131977 9.98157E-05 0.0271464 0.00562035 9.98157E-05 0.17639 0.108629 9.98157E-05 9.98157E-05 9.98157E-05 9.98157E-05 9.98157E-05 9.98157E-05 9.98157E-05 9.98157E-05 9.98157E-05 9.98157E-05 9.98157E-05 9.98157E-05 9.98157E-05 0.548141 9.98157E-05 9.98157E-05 9.98157E-05 9.98157E-05 9.98157E-05
9.98068E-05 9.98068E-05 9.98068E-05 0.093051 0.0796446 9.98068E-05 9.98068E-05 9.98068E-05 9.98068E-05 0.00872525 0.195455 9.98068E-05 9.98068E-05 9.98068E-05 9.98068E-05 9.98068E-05 9.98068E-05 9.98068E-05 9.98068E-05 9.98068E-05 9.98068E-05 0.620928 9.98068E-05 9.98068E-05 9.98068E-05 9.98068E-05 9.98068E-05
9.98244E-05 9.98244E-05 0.0412524 9.98244E-05 0.0149788 9.98244E-05 9.98244E-05 0.0556459 9.98244E-05 0.0263122 9.98244E-05 9.98244E-05 9.98244E-05 9.98244E-05 9.98244E-05 9.98244E-05 9.98244E-05 9.98244E-05 9.98244E-05 0.0650774 9.98244E-05 0.170418 0.624319 9.98244E-05 9.98244E-05 9.98244E-05 9.98244E-05
9.98072E-05 9.98072E-05 0.0190106 9.98072E-05 0.0301773 9.98072E-05 9.98072E-05 9.98072E-05 9.98072E-05 9.98072E-05 0.139237 9.98072E-05 9.98072E-05 9.98072E-05 9.98072E-05 9.98072E-05 9.98072E-05 9.98072E-05 9.98072E-05 9.98072E-05 9.98072E-05 0.439269 0.37011 9.98072E-05 9.98072E-05 9.98072E-05 9.98072E-05
9.97898E-05 9.97898E-05 9.97898E-05 9.97898E-05 9.97898E-05 9.97898E-05 9.97898E-05 9.97898E-05 9.97898E-05 9.97898E-05 9.97898E-05 0.0690496 9.97898E-05 9.97898E-05 9.97898E-05 9.97898E-05 9.97898E-05 9.97898E-05 9.97898E-05 9.97898E-05 9.97898E-05 0.512965 0.41559 9.97898E-05 9.97898E-05 9.97898E-05 9.97898E-05
9.98335E-05 0.291807 0.0366651 9.98335E-05 0.0518033 9.98335E-05 9.98335E-05 0.0104367 9.98335E-05 0.00817718 9.98335E-05 9.98335E-05 9.98335E-05 9.98335E-05 9.98335E-05 9.98335E-05 9.98335E-05 9.98335E-05 0.0267822 9.98335E-05 9.98335E-05 0.265742 0.30669 9.98335E-05 9.98335E-05 9.98335E-05 9.98335E-05
