9.99473E-05 0.0477858 0.0513181 0.32217 9.99473E-05 0.121048 0.457079 9.99473E-05 9.99473E-05 9.99473E-05 9.99473E-05
9.99386E-05 9.99386E-05 0.0469105 0.0484832 9.99386E-05 0.0916522 0.812255 9.99386E-05 9.99386E-05 9.99386E-05 9.99386E-05
9.99298E-05 0.042529 9.99298E-05 9.99298E-05 9.99298E-05 9.99298E-05 0.94063 9.99298E-05 0.0160418 9.99298E-05 9.99298E-05
0.0611602 9.99737E-05 0.0481958 0.150953 0.0525908 0.0164118 0.300898 0.0150996 9.99737E-05 9.99737E-05 0.354391
9.99298E-05 9.99298E-05 9.99298E-05 9.99298E-05 0.0459559 9.99298E-05 0.796987 9.99298E-05 9.99298E-05 9.99298E-05 0.156257
9.99561E-05 9.99561E-05 9.99561E-05 0.205612 0.103613 0.0278593 0.246795 0.160081 9.99561E-05 9.99561E-05 0.25554
9.99561E-05 0.0234584 0.12048 0.255387 9.99561E-05 0.175364 0.262514 9.99561E-05 9.99561E-05 9.99561E-05 0.162297
9.99649E-05 9.99649E-05 0.0126852 0.249083 9.99649E-05 9.99649E-05 0.189508 0.153287 0.0868098 0.0337276 0.274499
9.99385E-05 0.194583 9.99385E-05 9.99385E-05 9.99385E-05 0.255243 0.318668 0.230807 9.99385E-05 9.99385E-05 9.99385E-05
9.9921E-05 9.9921E-05 9.9921E-05 9.9921E-05 9.9921E-05 9.9921E-05 0.973178 9.9921E-05 9.9921E-05 0.0259224 9.9921E-05
0.0181061 9.99561E-05 0.16963 0.0466079 9.99561E-05 0.128795 0.597136 0.0392255 9.99561E-05 9.99561E-05 9.99561E-05
9.99386E-05 9.99386E-05 0.00407392 9.99386E-05 9.99386E-05 9.99386E-05 0.965106 9.99386E-05 9.99386E-05 0.0203275 0.00979282
9.99473E-05 9.99473E-05 9.99473E-05 0.110635 9.99473E-05 0.0286824 0.855073 0.00351734 9.99473E-05 9.99473E-05 0.00149237
9.99474E-05 9.99474E-05 0.0301651 9.99474E-05 0.150614 0.0627767 0.692296 9.99474E-05 0.0635485 9.99474E-05 9.99474E-05
9.99561E-05 0.0619673 9.99561E-05 0.156536 0.110369 0.12178 0.395712 0.153136 9.99561E-05 9.99561E-05 9.99561E-05
9.996E-05 9.996E-05 0.0684092 0.132704 9.996E-05 0.0588214 0.263762 0.205478 9.996E-05 0.0340839 0.236342
9.99561E-05 9.99561E-05 0.0559169 9.99561E-05 0.105643 0.159486 0.646575 0.00457258 0.027306 9.99561E-05 9.99561E-05
0.122642 9.99561E-05 9.99561E-05 0.320971 9.99561E-05 0.130598 0.228062 0.0217131 9.99561E-05 0.175514 9.99561E-05
0.0240507 9.99648E-05 0.0243566 0.30809 9.99648E-05 0.150397 0.325901 0.0881123 9.99648E-05 0.0786921 9.99648E-05
9.99122E-05 9.99122E-05 9.99122E-05 9.99122E-05 9.99122E-05 9.99122E-05 0.999001 9.99122E-05 9.99122E-05 9.99122E-05 9.99122E-05
0.0192636 9.99561E-05 0.0999488 9.99561E-05 9.99561E-05 0.0154758 0.516117 0.0201693 9.99561E-05 9.99561E-05 0.328525
9.99561E-05 9.99561E-05 0.0222068 0.41411 9.99561E-05 9.99561E-05 0.180067 0.183677 9.99561E-05 0.0148525 0.184587
9.99386E-05 9.99386E-05 0.107371 0.00527382 9.99386E-05 0.176763 0.709892 9.99386E-05 9.99386E-05 9.99386E-05 9.99386E-05
9.99473E-05 0.0898642 9.99473E-05 0.321359 9.99473E-05 0.219646 0.364682 9.99473E-05 0.00384944 9.99473E-05 9.99473E-05
0.128115 0.0923025 0.0033839 0.144854 0.110609 0.119293 0.320943 0.0656254 9.99824E-05 9.99824E-05 0.0146744
9.99297E-05 9.99297E-05 9.99297E-05 9.99297E-05 0.164466 9.99297E-05 0.739785 9.99297E-05 9.99297E-05 9.99297E-05 0.0949493
0.0146344 0.0123686 0.0195239 0.455989 0.161667 0.100188 0.0150757 0.0438107 0.102266 0.0743762 9.99912E-05
9.99298E-05 9.99298E-05 9.99298E-05 9.99298E-05 9.99298E-05 0.0620307 0.804658 9.99298E-05 9.99298E-05 9.99298E-05 0.132511
0.00344614 9.99473E-05 0.0433463 0.129421 9.99473E-05 0.157717 0.66547 9.99473E-05 9.99473E-05 9.99473E-05 9.99473E-05
9.99561E-05 0.00678141 0.00757831 9.99561E-05 0.0480382 0.0344054 0.842185 0.0605123 9.99561E-05 9.99561E-05 9.99561E-05
0.0535063 9.99561E-05 0.155172 0.0326445 9.99561E-05 9.99561E-05 0.671468 0.0346837 9.99561E-05 0.052025 9.99561E-05
9.99561E-05 9.99561E-05 0.0332863 0.111493 0.240411 0.0161574 0.443341 9.99561E-05 9.99561E-05 9.99561E-05 0.15481
9.99473E-05 9.99473E-05 0.148315 0.163865 9.99473E-05 0.0370986 0.549858 9.99473E-05 0.100264 9.99473E-05 9.99473E-05
9.99737E-05 9.99737E-05 0.0701993 0.0558001 0.211908 0.0745887 0.536841 9.99737E-05 0.0104787 0.0141566 0.025728
0.0334281 9.99386E-05 0.0374039 9.99386E-05 9.99386E-05 0.0415057 0.886963 9.99386E-05 9.99386E-05 9.99386E-05 9.99386E-05
0.00940504 0.0979679 0.0730168 0.0845529 9.99649E-05 0.015668 0.690781 0.0282086 9.99649E-05 9.99649E-05 9.99649E-05
9.99298E-05 9.99298E-05 0.00135594 9.99298E-05 9.99298E-05 9.99298E-05 0.934593 9.99298E-05 0.0632518 9.99298E-05 9.99298E-05
0.0140134 9.99385E-05 9.99385E-05 9.99385E-05 9.99385E-05 0.115998 0.70183 0.167459 9.99385E-05 9.99385E-05 9.99385E-05
9.99561E-05 9.99561E-05 0.0423064 9.99561E-05 0.0940657 0.178917 0.610706 0.0137842 9.99561E-05 9.99561E-05 0.0597208
9.99385E-05 9.99385E-05 9.99385E-05 9.99385E-05 0.177843 0.0426078 0.619914 9.99385E-05 0.158936 9.99385E-05 9.99385E-05
9.99561E-05 9.99561E-05 0.0278674 0.0414395 9.99561E-05 0.0118643 0.881717 0.0172888 9.99561E-05 9.99561E-05 0.0193231
9.99474E-05 0.00466811 9.99474E-05 0.273966 9.99474E-05 0.0604564 0.597197 0.0631132 9.99474E-05 9.99474E-05 9.99474E-05
9.99386E-05 9.99386E-05 9.99386E-05 0.0565574 0.0307646 9.99386E-05 0.864464 9.99386E-05 0.0475147 9.99386E-05 9.99386E-05
9.99561E-05 0.0834641 0.0599871 0.142872 9.99561E-05 0.212823 0.435 0.0653538 9.99561E-05 9.99561E-05 9.99561E-05
9.99473E-05 9.99473E-05 0.0194805 0.331006 9.99473E-05 0.192298 0.272985 9.99473E-05 9.99473E-05 9.99473E-05 0.183631
0.0394273 9.99385E-05 9.99385E-05 9.99385E-05 9.99385E-05 9.99385E-05 0.895754 0.00282671 9.99385E-05 9.99385E-05 0.061292
9.99385E-05 9.99385E-05 0.0162686 9.99385E-05 9.99385E-05 0.0155893 0.919178 9.99385E-05 9.99385E-05 0.0482645 9.99385E-05
9.99298E-05 9.99298E-05 9.99298E-05 9.99298E-05 9.99298E-05 0.00548808 0.960436 9.99298E-05 0.033277 9.99298E-05 9.99298E-05
9.99472E-05 9.99472E-05 0.0579817 0.217313 9.99472E-05 0.0374056 0.626974 9.99472E-05 9.99472E-05 9.99472E-05 0.0597258
0.0250188 9.99562E-05 0.0101184 9.99562E-05 9.99562E-05 9.99562E-05 0.846551 0.0328803 0.0532423 0.0316896 9.99562E-05
0.00148676 0.0475446 0.130492 0.0592622 0.0887139 0.215621 0.354879 0.0462502 9.99824E-05 9.99824E-05 0.0555506
0.0934119 0.0210261 9.99561E-05 0.0646285 9.99561E-05 9.99561E-05 0.658727 9.99561E-05 0.0668283 9.99561E-05 0.0948786
9.99473E-05 0.0142197 9.99473E-05 9.99473E-05 0.0159906 0.0245121 0.901371 9.99473E-05 9.99473E-05 0.0433074 9.99473E-05
0.0565143 9.99562E-05 9.99562E-05 9.99562E-05 0.0246563 9.99562E-05 0.627818 9.99562E-05 0.253237 0.0274614 0.00981348
9.99298E-05 9.99298E-05 9.99298E-05 9.99298E-05 9.99298E-05 0.0600896 0.818426 9.99298E-05 9.99298E-05 9.99298E-05 0.120685
0.103954 9.99474E-05 0.0500653 9.99474E-05 0.0915984 9.99474E-05 0.725505 9.99474E-05 0.0282778 9.99474E-05 9.99474E-05
9.99561E-05 9.99561E-05 0.00271773 9.99561E-05 9.99561E-05 0.0471998 0.769961 9.99561E-05 0.00416353 0.104178 0.0712805
9.99298E-05 9.99298E-05 0.0625552 9.99298E-05 9.99298E-05 0.0190747 0.917571 9.99298E-05 9.99298E-05 9.99298E-05 9.99298E-05
9.99386E-05 9.99386E-05 9.99386E-05 9.99386E-05 9.99386E-05 0.0243139 0.855682 0.0506275 9.99386E-05 9.99386E-05 0.0686769
9.99561E-05 9.99561E-05 0.0270592 0.518435 0.00309845 0.339627 9.99561E-05 0.0463746 9.99561E-05 0.0649056 9.99561E-05
9.99474E-05 0.0177813 9.99474E-05 0.747786 9.99474E-05 0.0836932 0.146361 9.99474E-05 0.00377904 9.99474E-05 9.99474E-05
9.99562E-05 9.99562E-05 9.99562E-05 0.45228 0.190801 0.0617534 0.0809683 9.99562E-05 0.0588032 0.154895 9.99562E-05
9.99474E-05 9.99474E-05 9.99474E-05 0.198653 0.202171 0.333028 9.99474E-05 0.242674 9.99474E-05 0.0228744 9.99474E-05
0.0781929 9.99561E-05 9.99561E-05 0.58377 9.99561E-05 0.170128 9.99561E-05 0.0840338 9.99561E-05 0.0733535 0.0100226
9.99473E-05 0.0477012 9.99473E-05 0.579289 9.99473E-05 0.315746 9.99473E-05 0.0458871 9.99473E-05 0.010777 9.99473E-05
9.99561E-05 9.99561E-05 0.106431 0.316824 9.99561E-05 0.540819 0.00828421 0.00538833 9.99561E-05 0.0217538 9.99561E-05
9.99473E-05 9.99473E-05 9.99473E-05 0.381572 0.00286054 0.355194 9.99473E-05 0.0884672 9.99473E-05 0.171307 9.99473E-05
9.99387E-05 0.0649732 9.99387E-05 0.716452 0.0484564 0.169419 9.99387E-05 9.99387E-05 9.99387E-05 9.99387E-05 9.99387E-05
9.99561E-05 9.99561E-05 0.0796352 0.535609 9.99561E-05 0.154466 0.209774 0.0134274 9.99561E-05 0.00658873 9.99561E-05
0.0273405 9.9956E-05 0.163419 0.316963 9.9956E-05 0.415949 9.9956E-05 0.046798 9.9956E-05 0.029031 9.9956E-05
9.99561E-05 9.99561E-05 0.10243 0.536546 9.99561E-05 0.17473 9.99561E-05 0.0381996 0.139204 9.99561E-05 0.00839084
9.99648E-05 9.99648E-05 0.152001 0.425169 9.99648E-05 0.173953 9.99648E-05 0.0741865 0.0707837 0.0137341 0.0897731
9.99297E-05 9.99297E-05 9.99297E-05 0.592397 9.99297E-05 0.386045 9.99297E-05 9.99297E-05 9.99297E-05 9.99297E-05 0.0207587
9.99562E-05 9.99562E-05 0.0270499 0.548833 0.175553 0.0667707 0.128705 9.99562E-05 0.0525881 9.99562E-05 9.99562E-05
9.9965E-05 9.9965E-05 0.0490729 0.551048 0.0662468 0.166942 0.0905567 0.0687472 9.9965E-05 0.00698571 9.9965E-05
9.99561E-05 0.0372601 9.99561E-05 0.433398 9.99561E-05 0.224953 9.99561E-05 0.0703058 9.99561E-05 0.183679 0.0499045
9.99385E-05 9.99385E-05 0.134803 0.731203 9.99385E-05 9.99385E-05 9.99385E-05 0.0646385 9.99385E-05 0.0686569 9.99385E-05
9.99473E-05 9.99473E-05 0.0120198 0.544545 9.99473E-05 0.207041 0.0877968 9.99473E-05 9.99473E-05 0.147998 9.99473E-05
0.000292904 9.99561E-05 0.0266437 0.419288 9.99561E-05 0.441838 9.99561E-05 9.99561E-05 0.0838631 0.0275746 9.99561E-05
9.99475E-05 9.99475E-05 9.99475E-05 0.493278 0.0926809 0.264855 0.117655 9.99475E-05 9.99475E-05 0.0309313 9.99475E-05
9.99385E-05 9.99385E-05 9.99385E-05 0.710003 9.99385E-05 0.2097 9.99385E-05 0.00434968 9.99385E-05 0.075247 9.99385E-05
9.99386E-05 9.99386E-05 9.99386E-05 0.622568 0.205735 0.13788 0.0331172 9.99386E-05 9.99386E-05 9.99386E-05 9.99386E-05
9.99824E-05 0.0815973 9.99824E-05 0.363344 0.0145253 0.184765 0.057847 0.0280546 0.0226841 0.143098 0.103885
9.99473E-05 9.99473E-05 0.194736 0.595467 0.0269105 0.0824941 0.0997927 9.99473E-05 9.99473E-05 9.99473E-05 9.99473E-05
0.0318704 9.99562E-05 0.00631201 0.532472 9.99562E-05 0.228173 0.174829 0.0258436 9.99562E-05 9.99562E-05 9.99562E-05
9.99386E-05 9.99386E-05 9.99386E-05 0.738244 9.99386E-05 0.052233 0.180467 9.99386E-05 9.99386E-05 0.0283563 9.99386E-05
0.058156 9.99562E-05 9.99562E-05 0.615321 9.99562E-05 0.260809 0.0397367 9.99562E-05 0.0184664 0.00701089 9.99562E-05
9.99475E-05 9.99475E-05 9.99475E-05 0.487252 9.99475E-05 0.0011916 0.129718 0.143043 9.99475E-05 0.238196 9.99475E-05
9.99474E-05 9.99474E-05 9.99474E-05 0.278623 0.110593 0.334021 0.156084 0.120079 9.99474E-05 9.99474E-05 9.99474E-05
9.99385E-05 9.99385E-05 9.99385E-05 9.99385E-05 0.765096 0.057496 9.99385E-05 0.174314 9.99385E-05 9.99385E-05 0.00239495
9.99211E-05 9.99211E-05 9.99211E-05 9.99211E-05 0.993652 9.99211E-05 9.99211E-05 0.00544834 9.99211E-05 9.99211E-05 9.99211E-05
9.9956E-05 9.9956E-05 0.0378823 0.0594063 0.723277 0.116843 9.9956E-05 0.0399776 9.9956E-05 0.022114 9.9956E-05
9.99384E-05 9.99384E-05 0.117691 9.99384E-05 0.678925 0.0870774 9.99384E-05 0.115607 9.99384E-05 9.99384E-05 9.99384E-05
9.99296E-05 0.152186 9.99296E-05 9.99296E-05 0.714549 9.99296E-05 9.99296E-05 0.132465 9.99296E-05 9.99296E-05 9.99296E-05
0.00658512 9.99385E-05 9.99385E-05 9.99385E-05 0.644882 0.190972 9.99385E-05 0.156861 9.99385E-05 9.99385E-05 9.99385E-05
9.99473E-05 9.99473E-05 0.0607868 9.99473E-05 0.757907 0.00686878 9.99473E-05 0.0908198 9.99473E-05 0.0830174 9.99473E-05
0.0720395 9.99385E-05 9.99385E-05 9.99385E-05 0.536042 0.0255515 9.99385E-05 0.365667 9.99385E-05 9.99385E-05 9.99385E-05
9.99472E-05 9.99472E-05 0.0608674 0.0709303 0.339007 0.179765 9.99472E-05 0.34883 9.99472E-05 9.99472E-05 9.99472E-05
0.00153896 9.99648E-05 0.0357949 9.99648E-05 0.476488 0.185977 9.99648E-05 0.222131 0.00121347 0.0764567 9.99648E-05
9.99386E-05 9.99386E-05 0.00138863 9.99386E-05 0.805634 0.10402 9.99386E-05 0.0882577 9.99386E-05 9.99386E-05 9.99386E-05
9.99298E-05 9.99298E-05 0.0490784 9.99298E-05 0.759897 0.190225 9.99298E-05 9.99298E-05 9.99298E-05 9.99298E-05 9.99298E-05
9.9921E-05 9.9921E-05 9.9921E-05 9.9921E-05 0.89485 9.9921E-05 9.9921E-05 0.10425 9.9921E-05 9.9921E-05 9.9921E-05
9.99298E-05 9.99298E-05 9.99298E-05 9.99298E-05 0.653513 0.18969 9.99298E-05 0.155998 9.99298E-05 9.99298E-05 9.99298E-05
0.0369648 9.99386E-05 9.99386E-05 9.99386E-05 0.708333 9.99386E-05 9.99386E-05 0.0393903 9.99386E-05 0.214612 9.99386E-05
9.99473E-05 9.99473E-05 0.0606211 9.99473E-05 0.61472 0.262561 9.99473E-05 0.0534381 0.00805925 9.99473E-05 9.99473E-05
0.0688075 9.99385E-05 9.99385E-05 9.99385E-05 0.525334 0.300292 9.99385E-05 0.104868 9.99385E-05 9.99385E-05 9.99385E-05
9.99561E-05 9.99561E-05 0.0313566 0.0728371 0.700353 9.99561E-05 9.99561E-05 0.112054 0.031537 9.99561E-05 0.0513626
9.99297E-05 9.99297E-05 0.0215501 9.99297E-05 0.844128 9.99297E-05 9.99297E-05 9.99297E-05 9.99297E-05 9.99297E-05 0.133522
0.12202 9.99473E-05 0.0085928 9.99473E-05 0.719676 0.0887689 9.99473E-05 0.0603432 9.99473E-05 9.99473E-05 9.99473E-05
9.99473E-05 9.99473E-05 9.99473E-05 9.99473E-05 0.693436 0.123154 9.99473E-05 0.107109 9.99473E-05 0.0140647 0.0616376
9.99385E-05 9.99385E-05 0.0388036 9.99385E-05 0.817162 9.99385E-05 9.99385E-05 0.13617 9.99385E-05 0.00716485 9.99385E-05
0.133142 9.99473E-05 0.00637844 9.99473E-05 0.207163 0.370484 9.99473E-05 0.282233 9.99473E-05 9.99473E-05 9.99473E-05
9.9921E-05 9.9921E-05 9.9921E-05 9.9921E-05 0.806482 9.9921E-05 9.9921E-05 0.192618 9.9921E-05 9.9921E-05 9.9921E-05
0.0210703 9.99561E-05 0.0596889 9.99561E-05 0.26235 0.415389 9.99561E-05 0.215808 9.99561E-05 9.99561E-05 0.0251952
9.99298E-05 9.99298E-05 9.99298E-05 9.99298E-05 0.626852 0.209752 9.99298E-05 0.162596 9.99298E-05 9.99298E-05 9.99298E-05
9.993E-05 0.0926094 9.993E-05 9.993E-05 0.90497 9.993E-05 0.00162158 9.993E-05 9.993E-05 9.993E-05 9.993E-05
0.0597706 9.99472E-05 9.99472E-05 9.99472E-05 0.608875 0.056283 9.99472E-05 0.173276 9.99472E-05 9.99472E-05 0.101196
9.99298E-05 9.99298E-05 9.99298E-05 9.99298E-05 0.499122 0.20484 9.99298E-05 0.295239 9.99298E-05 9.99298E-05 9.99298E-05
9.99473E-05 9.99473E-05 0.0967667 9.99473E-05 0.727899 0.0566528 9.99473E-05 0.00708167 9.99473E-05 9.99473E-05 0.111001
9.99385E-05 9.99385E-05 0.0590107 9.99385E-05 0.65758 0.227581 9.99385E-05 0.0551293 9.99385E-05 9.99385E-05 9.99385E-05
0.0324668 9.99385E-05 0.0787106 9.99385E-05 0.887093 9.99385E-05 9.99385E-05 9.99385E-05 0.00103043 9.99385E-05 9.99385E-05
0.214048 9.99561E-05 0.0112263 9.99561E-05 0.298811 0.163659 9.99561E-05 0.289553 9.99561E-05 0.022204 9.99561E-05
0.0891956 9.99384E-05 9.99384E-05 0.161119 0.62374 9.99384E-05 9.99384E-05 0.125245 9.99384E-05 9.99384E-05 9.99384E-05
9.99209E-05 9.99209E-05 9.99209E-05 9.99209E-05 0.934625 0.0644754 9.99209E-05 9.99209E-05 9.99209E-05 9.99209E-05 9.99209E-05
9.99385E-05 9.99385E-05 0.0425274 9.99385E-05 0.768919 9.99385E-05 9.99385E-05 0.119208 0.0686455 9.99385E-05 9.99385E-05
9.99473E-05 9.99473E-05 0.0967931 9.99473E-05 0.50386 0.231781 9.99473E-05 0.134204 9.99473E-05 0.0327625 9.99473E-05
9.99211E-05 9.99211E-05 9.99211E-05 9.99211E-05 0.963409 9.99211E-05 9.99211E-05 0.035692 9.99211E-05 9.99211E-05 9.99211E-05
0.0576882 9.99298E-05 9.99298E-05 9.99298E-05 0.908896 0.0326166 9.99298E-05 9.99298E-05 9.99298E-05 9.99298E-05 9.99298E-05
0.00623568 9.99387E-05 0.0153007 9.99387E-05 0.937046 9.99387E-05 9.99387E-05 0.0407184 9.99387E-05 9.99387E-05 9.99387E-05
0.00741738 9.99211E-05 9.99211E-05 9.99211E-05 0.991683 9.99211E-05 9.99211E-05 9.99211E-05 9.99211E-05 9.99211E-05 9.99211E-05
9.99384E-05 9.99384E-05 0.057448 9.99384E-05 0.374601 0.431413 9.99384E-05 0.135838 9.99384E-05 9.99384E-05 9.99384E-05
9.99385E-05 9.99385E-05 9.99385E-05 9.99385E-05 0.791028 9.99385E-05 9.99385E-05 0.169429 0.0117726 0.0270713 9.99385E-05
0.0419976 9.99474E-05 9.99474E-05 9.99474E-05 0.73483 0.0703596 0.017051 0.135162 9.99474E-05 9.99474E-05 9.99474E-05
9.99211E-05 9.99211E-05 9.99211E-05 9.99211E-05 0.997759 9.99211E-05 0.00134151 9.99211E-05 9.99211E-05 9.99211E-05 9.99211E-05
0.172109 9.99561E-05 9.99561E-05 0.0412794 0.353758 0.135949 9.99561E-05 0.263658 9.99561E-05 0.0327461 9.99561E-05
9.99561E-05 9.99561E-05 0.0249118 0.0752818 0.669964 0.0732733 9.99561E-05 0.130658 9.99561E-05 0.0254119 9.99561E-05
9.99474E-05 0.0880975 9.99474E-05 9.99474E-05 0.509097 0.0749288 9.99474E-05 0.202162 0.125115 9.99474E-05 9.99474E-05
0.113848 0.0143262 9.996E-05 0.0399641 0.350571 0.10718 9.996E-05 0.352564 9.996E-05 0.0211459 9.996E-05
9.99123E-05 9.99123E-05 9.99123E-05 9.99123E-05 0.999001 9.99123E-05 9.99123E-05 9.99123E-05 9.99123E-05 9.99123E-05 9.99123E-05
9.9956E-05 9.9956E-05 0.0294091 9.9956E-05 0.479506 0.178872 9.9956E-05 0.0394448 0.149607 9.9956E-05 0.122662
9.99299E-05 9.99299E-05 9.99299E-05 9.99299E-05 0.860134 0.0105016 9.99299E-05 0.128565 9.99299E-05 9.99299E-05 9.99299E-05
9.99386E-05 9.99386E-05 9.99386E-05 9.99386E-05 0.714193 0.144619 9.99386E-05 0.133156 9.99386E-05 0.00733153 9.99386E-05
9.99385E-05 9.99385E-05 9.99385E-05 9.99385E-05 0.642495 9.99385E-05 9.99385E-05 0.120457 0.162474 0.073875 9.99385E-05
0.0260358 9.9956E-05 0.0533707 9.9956E-05 0.801705 0.0453192 9.9956E-05 9.9956E-05 0.0266145 0.0464547 9.9956E-05
9.99297E-05 9.99297E-05 9.99297E-05 9.99297E-05 0.246398 0.440244 9.99297E-05 0.312558 9.99297E-05 9.99297E-05 9.99297E-05
0.0289596 0.034262 9.99472E-05 9.99472E-05 0.659904 0.0313218 9.99472E-05 0.244953 9.99472E-05 9.99472E-05 9.99472E-05
0.0274937 9.99567E-05 0.0734779 9.99567E-05 0.712572 9.99567E-05 9.99567E-05 0.136058 0.0484565 9.99567E-05 0.00144241
0.184445 9.99298E-05 9.99298E-05 9.99298E-05 0.739861 0.0748946 9.99298E-05 9.99298E-05 9.99298E-05 9.99298E-05 9.99298E-05
9.99297E-05 9.99297E-05 9.99297E-05 9.99297E-05 0.731496 0.0975719 9.99297E-05 0.170132 9.99297E-05 9.99297E-05 9.99297E-05
9.99119E-05 9.99119E-05 9.99119E-05 9.99119E-05 9.99119E-05 0.999001 9.99119E-05 9.99119E-05 9.99119E-05 9.99119E-05 9.99119E-05
9.9912E-05 9.9912E-05 9.9912E-05 9.9912E-05 9.9912E-05 9.9912E-05 9.9912E-05 0.999001 9.9912E-05 9.9912E-05 9.9912E-05
9.99119E-05 9.99119E-05 9.99119E-05 9.99119E-05 9.99119E-05 0.999001 9.99119E-05 9.99119E-05 9.99119E-05 9.99119E-05 9.99119E-05
9.99119E-05 9.99119E-05 9.99119E-05 9.99119E-05 9.99119E-05 9.99119E-05 9.99119E-05 0.999001 9.99119E-05 9.99119E-05 9.99119E-05
9.9912E-05 9.9912E-05 9.9912E-05 9.9912E-05 9.9912E-05 9.9912E-05 9.9912E-05 0.999001 9.9912E-05 9.9912E-05 9.9912E-05
9.9912E-05 9.9912E-05 9.9912E-05 9.9912E-05 9.9912E-05 9.9912E-05 9.9912E-05 0.999001 9.9912E-05 9.9912E-05 9.9912E-05
9.9912E-05 9.9912E-05 9.9912E-05 9.9912E-05 9.9912E-05 0.999001 9.9912E-05 9.9912E-05 9.9912E-05 9.9912E-05 9.9912E-05
9.9912E-05 9.9912E-05 9.9912E-05 9.9912E-05 9.9912E-05 9.9912E-05 9.9912E-05 0.999001 9.9912E-05 9.9912E-05 9.9912E-05
9.9912E-05 9.9912E-05 9.9912E-05 9.9912E-05 9.9912E-05 9.9912E-05 9.9912E-05 0.999001 9.9912E-05 9.9912E-05 9.9912E-05
9.99119E-05 9.99119E-05 9.99119E-05 9.99119E-05 9.99119E-05 0.999001 9.99119E-05 9.99119E-05 9.99119E-05 9.99119E-05 9.99119E-05
9.99119E-05 9.99119E-05 9.99119E-05 9.99119E-05 9.99119E-05 0.999001 9.99119E-05 9.99119E-05 9.99119E-05 9.99119E-05 9.99119E-05
9.99119E-05 9.99119E-05 9.99119E-05 9.99119E-05 9.99119E-05 0.999001 9.99119E-05 9.99119E-05 9.99119E-05 9.99119E-05 9.99119E-05
9.9912E-05 9.9912E-05 9.9912E-05 9.9912E-05 9.9912E-05 9.9912E-05 9.9912E-05 0.999001 9.9912E-05 9.9912E-05 9.9912E-05
9.9912E-05 9.9912E-05 9.9912E-05 9.9912E-05 9.9912E-05 9.9912E-05 9.9912E-05 0.999001 9.9912E-05 9.9912E-05 9.9912E-05
9.9912E-05 9.9912E-05 9.9912E-05 9.9912E-05 9.9912E-05 0.999001 9.9912E-05 9.9912E-05 9.9912E-05 9.9912E-05 9.9912E-05
9.9912E-05 9.9912E-05 9.9912E-05 9.9912E-05 9.9912E-05 0.999001 9.9912E-05 9.9912E-05 9.9912E-05 9.9912E-05 9.9912E-05
0.0659054 0.0537781 9.99736E-05 9.99736E-05 0.410651 0.190066 9.99736E-05 0.102806 0.121521 0.0156565 0.0393157
9.9912E-05 9.9912E-05 9.9912E-05 9.9912E-05 9.9912E-05 0.999001 9.9912E-05 9.9912E-05 9.9912E-05 9.9912E-05 9.9912E-05
9.99121E-05 9.99121E-05 9.99121E-05 9.99121E-05 9.99121E-05 9.99121E-05 9.99121E-05 0.999001 9.99121E-05 9.99121E-05 9.99121E-05
9.99119E-05 9.99119E-05 9.99119E-05 9.99119E-05 9.99119E-05 0.999001 9.99119E-05 9.99119E-05 9.99119E-05 9.99119E-05 9.99119E-05
9.9912E-05 9.9912E-05 9.9912E-05 9.9912E-05 9.9912E-05 0.999001 9.9912E-05 9.9912E-05 9.9912E-05 9.9912E-05 9.9912E-05
9.99119E-05 9.99119E-05 9.99119E-05 9.99119E-05 9.99119E-05 0.999001 9.99119E-05 9.99119E-05 9.99119E-05 9.99119E-05 9.99119E-05
9.9912E-05 9.9912E-05 9.9912E-05 9.9912E-05 9.9912E-05 9.9912E-05 9.9912E-05 0.999001 9.9912E-05 9.9912E-05 9.9912E-05
9.9912E-05 9.9912E-05 9.9912E-05 9.9912E-05 9.9912E-05 0.999001 9.9912E-05 9.9912E-05 9.9912E-05 9.9912E-05 9.9912E-05
9.9912E-05 9.9912E-05 9.9912E-05 9.9912E-05 9.9912E-05 9.9912E-05 9.9912E-05 0.999001 9.9912E-05 9.9912E-05 9.9912E-05
9.9912E-05 9.9912E-05 9.9912E-05 9.9912E-05 9.9912E-05 0.999001 9.9912E-05 9.9912E-05 9.9912E-05 9.9912E-05 9.9912E-05
9.99119E-05 9.99119E-05 9.99119E-05 9.99119E-05 9.99119E-05 0.999001 9.99119E-05 9.99119E-05 9.99119E-05 9.99119E-05 9.99119E-05
9.9912E-05 9.9912E-05 9.9912E-05 9.9912E-05 9.9912E-05 9.9912E-05 9.9912E-05 0.999001 9.9912E-05 9.9912E-05 9.9912E-05
9.99121E-05 9.99121E-05 9.99121E-05 9.99121E-05 9.99121E-05 9.99121E-05 9.99121E-05 0.999001 9.99121E-05 9.99121E-05 9.99121E-05
9.9912E-05 9.9912E-05 9.9912E-05 9.9912E-05 9.9912E-05 9.9912E-05 9.9912E-05 0.999001 9.9912E-05 9.9912E-05 9.9912E-05
9.99119E-05 9.99119E-05 9.99119E-05 9.99119E-05 9.99119E-05 0.999001 9.99119E-05 9.99119E-05 9.99119E-05 9.99119E-05 9.99119E-05
9.99119E-05 9.99119E-05 9.99119E-05 9.99119E-05 9.99119E-05 0.999001 9.99119E-05 9.99119E-05 9.99119E-05 9.99119E-05 9.99119E-05
9.99119E-05 9.99119E-05 9.99119E-05 9.99119E-05 9.99119E-05 0.999001 9.99119E-05 9.99119E-05 9.99119E-05 9.99119E-05 9.99119E-05
9.9912E-05 9.9912E-05 9.9912E-05 9.9912E-05 9.9912E-05 0.999001 9.9912E-05 9.9912E-05 9.9912E-05 9.9912E-05 9.9912E-05
9.9912E-05 9.9912E-05 9.9912E-05 9.9912E-05 9.9912E-05 0.999001 9.9912E-05 9.9912E-05 9.9912E-05 9.9912E-05 9.9912E-05
9.99119E-05 9.99119E-05 9.99119E-05 9.99119E-05 9.99119E-05 9.99119E-05 9.99119E-05 0.999001 9.99119E-05 9.99119E-05 9.99119E-05
9.9912E-05 9.9912E-05 9.9912E-05 9.9912E-05 9.9912E-05 9.9912E-05 9.9912E-05 0.999001 9.9912E-05 9.9912E-05 9.9912E-05
9.9912E-05 9.9912E-05 9.9912E-05 9.9912E-05 9.9912E-05 9.9912E-05 9.9912E-05 0.999001 9.9912E-05 9.9912E-05 9.9912E-05
9.9912E-05 9.9912E-05 9.9912E-05 9.9912E-05 9.9912E-05 0.999001 9.9912E-05 9.9912E-05 9.9912E-05 9.9912E-05 9.9912E-05
9.9912E-05 9.9912E-05 9.9912E-05 9.9912E-05 9.9912E-05 9.9912E-05 9.9912E-05 0.999001 9.9912E-05 9.9912E-05 9.9912E-05
9.9912E-05 9.9912E-05 9.9912E-05 9.9912E-05 9.9912E-05 9.9912E-05 9.9912E-05 0.999001 9.9912E-05 9.9912E-05 9.9912E-05
9.99119E-05 9.99119E-05 9.99119E-05 9.99119E-05 9.99119E-05 9.99119E-05 9.99119E-05 0.999001 9.99119E-05 9.99119E-05 9.99119E-05
9.9912E-05 9.9912E-05 9.9912E-05 9.9912E-05 9.9912E-05 9.9912E-05 9.9912E-05 0.999001 9.9912E-05 9.9912E-05 9.9912E-05
9.99119E-05 9.99119E-05 9.99119E-05 9.99119E-05 9.99119E-05 0.999001 9.99119E-05 9.99119E-05 9.99119E-05 9.99119E-05 9.99119E-05
9.9912E-05 9.9912E-05 9.9912E-05 9.9912E-05 9.9912E-05 9.9912E-05 9.9912E-05 0.999001 9.9912E-05 9.9912E-05 9.9912E-05
9.99121E-05 9.99121E-05 9.99121E-05 9.99121E-05 9.99121E-05 9.99121E-05 9.99121E-05 0.999001 9.99121E-05 9.99121E-05 9.99121E-05
0.0816677 0.139036 9.997E-05 9.997E-05 0.412591 0.152187 9.997E-05 0.0497241 0.0772979 0.00907008 0.0781258
9.99119E-05 9.99119E-05 9.99119E-05 9.99119E-05 9.99119E-05 0.999001 9.99119E-05 9.99119E-05 9.99119E-05 9.99119E-05 9.99119E-05
9.9912E-05 9.9912E-05 9.9912E-05 9.9912E-05 9.9912E-05 9.9912E-05 9.9912E-05 0.999001 9.9912E-05 9.9912E-05 9.9912E-05
9.9912E-05 9.9912E-05 9.9912E-05 9.9912E-05 9.9912E-05 9.9912E-05 9.9912E-05 0.999001 9.9912E-05 9.9912E-05 9.9912E-05
9.9912E-05 9.9912E-05 9.9912E-05 9.9912E-05 9.9912E-05 9.9912E-05 9.9912E-05 0.999001 9.9912E-05 9.9912E-05 9.9912E-05
9.9912E-05 9.9912E-05 9.9912E-05 9.9912E-05 9.9912E-05 9.9912E-05 9.9912E-05 0.999001 9.9912E-05 9.9912E-05 9.9912E-05
9.99119E-05 9.99119E-05 9.99119E-05 9.99119E-05 9.99119E-05 0.999001 9.99119E-05 9.99119E-05 9.99119E-05 9.99119E-05 9.99119E-05
9.9912E-05 9.9912E-05 9.9912E-05 9.9912E-05 9.9912E-05 9.9912E-05 9.9912E-05 0.999001 9.9912E-05 9.9912E-05 9.9912E-05
9.99119E-05 9.99119E-05 9.99119E-05 9.99119E-05 9.99119E-05 0.999001 9.99119E-05 9.99119E-05 9.99119E-05 9.99119E-05 9.99119E-05
9.9912E-05 9.9912E-05 9.9912E-05 9.9912E-05 9.9912E-05 9.9912E-05 9.9912E-05 0.999001 9.9912E-05 9.9912E-05 9.9912E-05
9.9912E-05 9.9912E-05 9.9912E-05 9.9912E-05 9.9912E-05 0.999001 9.9912E-05 9.9912E-05 9.9912E-05 9.9912E-05 9.9912E-05
9.99119E-05 9.99119E-05 9.99119E-05 9.99119E-05 9.99119E-05 9.99119E-05 9.99119E-05 0.999001 9.99119E-05 9.99119E-05 9.99119E-05
9.9912E-05 9.9912E-05 9.9912E-05 9.9912E-05 9.9912E-05 9.9912E-05 9.9912E-05 0.999001 9.9912E-05 9.9912E-05 9.9912E-05
9.9912E-05 9.9912E-05 9.9912E-05 9.9912E-05 9.9912E-05 9.9912E-05 9.9912E-05 0.999001 9.9912E-05 9.9912E-05 9.9912E-05
9.9912E-05 9.9912E-05 9.9912E-05 9.9912E-05 9.9912E-05 9.9912E-05 9.9912E-05 0.999001 9.9912E-05 9.9912E-05 9.9912E-05
9.9912E-05 9.9912E-05 9.9912E-05 9.9912E-05 9.9912E-05 9.9912E-05 9.9912E-05 0.999001 9.9912E-05 9.9912E-05 9.9912E-05
9.9912E-05 9.9912E-05 9.9912E-05 9.9912E-05 9.9912E-05 9.9912E-05 9.9912E-05 0.999001 9.9912E-05 9.9912E-05 9.9912E-05
9.99119E-05 9.99119E-05 9.99119E-05 9.99119E-05 9.99119E-05 0.999001 9.99119E-05 9.99119E-05 9.99119E-05 9.99119E-05 9.99119E-05
9.99119E-05 9.99119E-05 9.99119E-05 9.99119E-05 9.99119E-05 0.999001 9.99119E-05 9.99119E-05 9.99119E-05 9.99119E-05 9.99119E-05
9.99119E-05 9.99119E-05 9.99119E-05 9.99119E-05 9.99119E-05 0.999001 9.99119E-05 9.99119E-05 9.99119E-05 9.99119E-05 9.99119E-05
9.9912E-05 9.9912E-05 9.9912E-05 9.9912E-05 9.9912E-05 9.9912E-05 9.9912E-05 0.999001 9.9912E-05 9.9912E-05 9.9912E-05
9.9912E-05 9.9912E-05 9.9912E-05 9.9912E-05 9.9912E-05 0.999001 9.9912E-05 9.9912E-05 9.9912E-05 9.9912E-05 9.9912E-05
9.9912E-05 9.9912E-05 9.9912E-05 9.9912E-05 9.9912E-05 0.999001 9.9912E-05 9.9912E-05 9.9912E-05 9.9912E-05 9.9912E-05
9.9912E-05 9.9912E-05 9.9912E-05 9.9912E-05 9.9912E-05 0.999001 9.9912E-05 9.9912E-05 9.9912E-05 9.9912E-05 9.9912E-05
9.9912E-05 9.9912E-05 9.9912E-05 9.9912E-05 9.9912E-05 9.9912E-05 9.9912E-05 0.999001 9.9912E-05 9.9912E-05 9.9912E-05
9.9912E-05 9.9912E-05 9.9912E-05 9.9912E-05 9.9912E-05 9.9912E-05 9.9912E-05 0.999001 9.9912E-05 9.9912E-05 9.9912E-05
9.9912E-05 9.9912E-05 9.9912E-05 9.9912E-05 9.9912E-05 9.9912E-05 9.9912E-05 0.999001 9.9912E-05 9.9912E-05 9.9912E-05
9.9912E-05 9.9912E-05 9.9912E-05 9.9912E-05 9.9912E-05 0.999001 9.9912E-05 9.9912E-05 9.9912E-05 9.9912E-05 9.9912E-05
9.9912E-05 9.9912E-05 9.9912E-05 9.9912E-05 9.9912E-05 9.9912E-05 9.9912E-05 0.999001 9.9912E-05 9.9912E-05 9.9912E-05
9.9912E-05 9.9912E-05 9.9912E-05 9.9912E-05 9.9912E-05 9.9912E-05 9.9912E-05 0.999001 9.9912E-05 9.9912E-05 9.9912E-05
9.99119E-05 9.99119E-05 9.99119E-05 9.99119E-05 9.99119E-05 0.999001 9.99119E-05 9.99119E-05 9.99119E-05 9.99119E-05 9.99119E-05
9.9912E-05 9.9912E-05 9.9912E-05 9.9912E-05 9.9912E-05 9.9912E-05 9.9912E-05 0.999001 9.9912E-05 9.9912E-05 9.9912E-05
9.9912E-05 9.9912E-05 9.9912E-05 9.9912E-05 9.9912E-05 9.9912E-05 9.9912E-05 0.999001 9.9912E-05 9.9912E-05 9.9912E-05
9.9956E-05 9.9956E-05 0.0984772 9.9956E-05 0.249656 0.394675 9.9956E-05 0.0936759 0.0515477 0.111469 9.9956E-05
9.9912E-05 9.9912E-05 9.9912E-05 9.9912E-05 9.9912E-05 0.999001 9.9912E-05 9.9912E-05 9.9912E-05 9.9912E-05 9.9912E-05
9.9912E-05 9.9912E-05 9.9912E-05 9.9912E-05 9.9912E-05 9.9912E-05 9.9912E-05 0.999001 9.9912E-05 9.9912E-05 9.9912E-05
9.99473E-05 0.071414 0.0326261 9.99473E-05 0.498887 9.99473E-05 9.99473E-05 0.387761 0.00871195 9.99473E-05 9.99473E-05
0.0462179 0.0313365 9.99561E-05 9.99561E-05 0.488886 0.0951798 9.99561E-05 0.277949 9.99561E-05 9.99561E-05 0.0599311
0.0359877 0.0450799 9.99472E-05 9.99472E-05 0.477582 0.276074 9.99472E-05 0.164677 9.99472E-05 9.99472E-05 9.99472E-05
9.99472E-05 9.99472E-05 9.99472E-05 9.99472E-05 0.758092 0.119011 9.99472E-05 0.00741993 0.0712054 9.99472E-05 0.0436726
9.99296E-05 9.99296E-05 9.99296E-05 9.99296E-05 0.418087 0.323757 9.99296E-05 0.257357 9.99296E-05 9.99296E-05 9.99296E-05
9.993E-05 9.993E-05 9.993E-05 9.993E-05 0.833062 9.993E-05 0.00592112 0.160217 9.993E-05 9.993E-05 9.993E-05
0.040048 9.99561E-05 0.00768752 0.208334 0.314822 0.182551 9.99561E-05 0.246058 9.99561E-05 9.99561E-05 9.99561E-05
9.9956E-05 0.0495794 0.0696548 9.9956E-05 0.619273 0.0485399 9.9956E-05 0.194133 9.9956E-05 0.0183207 9.9956E-05
9.99211E-05 9.99211E-05 9.99211E-05 9.99211E-05 0.828977 9.99211E-05 9.99211E-05 0.170124 9.99211E-05 9.99211E-05 9.99211E-05
9.99385E-05 0.0592017 9.99385E-05 9.99385E-05 0.78889 0.0658027 9.99385E-05 9.99385E-05 9.99385E-05 9.99385E-05 0.0854057
9.99385E-05 9.99385E-05 0.115029 9.99385E-05 0.624026 0.206691 9.99385E-05 0.0535547 9.99385E-05 9.99385E-05 9.99385E-05
9.99209E-05 9.99209E-05 9.99209E-05 9.99209E-05 0.431004 9.99209E-05 9.99209E-05 0.568097 9.99209E-05 9.99209E-05 9.99209E-05
9.99561E-05 9.99561E-05 9.99561E-05 0.0511371 0.225961 0.346048 9.99561E-05 0.153007 0.153853 0.0694932 9.99561E-05
0.00127922 9.99472E-05 9.99472E-05 9.99472E-05 0.765329 0.0362001 9.99472E-05 0.063623 9.99472E-05 0.132969 9.99472E-05
9.99384E-05 9.99384E-05 0.053498 9.99384E-05 0.618283 0.220968 9.99384E-05 0.106552 9.99384E-05 9.99384E-05 9.99384E-05
9.99473E-05 9.99473E-05 0.0587407 0.0897278 0.44728 0.133436 9.99473E-05 0.270216 9.99473E-05 9.99473E-05 9.99473E-05
0.0123007 9.99386E-05 9.99386E-05 9.99386E-05 0.756853 0.0387527 9.99386E-05 0.191394 9.99386E-05 9.99386E-05 9.99386E-05
0.0274933 9.9956E-05 0.0801841 9.9956E-05 0.35361 0.400591 9.9956E-05 0.0501731 0.0874488 9.9956E-05 9.9956E-05
0.12522 9.99648E-05 9.99648E-05 0.000475712 0.585855 0.087583 9.99648E-05 0.178987 0.0167223 9.99648E-05 0.00475697
9.99472E-05 0.0409432 9.99472E-05 9.99472E-05 0.343139 0.156087 9.99472E-05 0.195897 9.99472E-05 9.99472E-05 0.263334
9.99384E-05 9.99384E-05 9.99384E-05 9.99384E-05 0.583676 0.160159 9.99384E-05 0.146032 9.99384E-05 9.99384E-05 0.109433
9.99297E-05 9.99297E-05 9.99297E-05 9.99297E-05 0.702292 9.99297E-05 9.99297E-05 0.251075 0.045833 9.99297E-05 9.99297E-05
0.0371125 9.99736E-05 0.0813452 9.99736E-05 0.518388 0.0327917 9.99736E-05 0.158615 0.136907 0.00625429 0.0282861
9.9956E-05 9.9956E-05 0.00468809 9.9956E-05 0.70959 0.0551782 9.9956E-05 0.179557 9.9956E-05 0.0496027 0.000884769
9.99384E-05 9.99384E-05 9.99384E-05 9.99384E-05 0.761045 0.0391436 9.99384E-05 0.0453282 9.99384E-05 0.153784 9.99384E-05
9.99211E-05 9.99211E-05 9.99211E-05 9.99211E-05 0.962795 9.99211E-05 9.99211E-05 0.0363062 9.99211E-05 9.99211E-05 9.99211E-05
9.9956E-05 0.107731 9.9956E-05 9.9956E-05 0.719498 0.0107638 9.9956E-05 0.082829 9.9956E-05 0.0354196 0.0432595
9.99473E-05 0.0525145 9.99473E-05 9.99473E-05 0.336095 0.24516 9.99473E-05 0.297663 9.99473E-05 0.0679679 9.99473E-05
9.99472E-05 9.99472E-05 9.99472E-05 9.99472E-05 0.801045 0.00878107 9.99472E-05 9.99472E-05 0.0338427 0.0908686 0.0648635
0.148538 9.99385E-05 9.99385E-05 9.99385E-05 0.574335 9.99385E-05 9.99385E-05 0.184154 9.99385E-05 0.0922733 9.99385E-05
9.99472E-05 9.99472E-05 0.0188379 9.99472E-05 0.311972 0.191581 9.99472E-05 0.385515 9.99472E-05 9.99472E-05 0.091495
9.99385E-05 9.99385E-05 0.00390355 9.99385E-05 0.597083 0.135345 9.99385E-05 0.262969 9.99385E-05 9.99385E-05 9.99385E-05
9.99384E-05 9.99384E-05 9.99384E-05 9.99384E-05 0.491619 0.236875 9.99384E-05 0.179337 9.99384E-05 9.99384E-05 0.0914689
9.99473E-05 9.99473E-05 0.0650948 9.99473E-05 0.49265 0.122994 9.99473E-05 0.220908 9.99473E-05 9.99473E-05 0.0977538
9.9956E-05 9.9956E-05 0.112333 9.9956E-05 0.495768 0.116057 9.9956E-05 0.138164 9.9956E-05 0.0866104 0.0505672
0.00852953 9.99473E-05 9.99473E-05 9.99473E-05 0.743031 0.199601 9.99473E-05 0.00514597 9.99473E-05 9.99473E-05 0.0430934
9.99122E-05 9.99122E-05 9.99122E-05 9.99122E-05 0.999001 9.99122E-05 9.99122E-05 9.99122E-05 9.99122E-05 9.99122E-05 9.99122E-05
9.99472E-05 9.99472E-05 0.136992 0.265082 0.356463 0.194288 9.99472E-05 9.99472E-05 0.0465757 9.99472E-05 9.99472E-05
0.0353136 9.99473E-05 0.0632951 9.99473E-05 0.769052 9.99473E-05 9.99473E-05 0.0514528 0.0802869 9.99473E-05 9.99473E-05
9.99385E-05 9.99385E-05 9.99385E-05 9.99385E-05 0.457006 0.0774352 9.99385E-05 0.19263 9.99385E-05 9.99385E-05 0.272229
0.0086417 9.99472E-05 9.99472E-05 9.99472E-05 0.669799 0.225921 9.99472E-05 0.0774572 9.99472E-05 0.0175818 9.99472E-05
9.99561E-05 0.11454 9.99561E-05 0.0171093 0.73065 0.0498046 9.99561E-05 0.0627509 9.99561E-05 9.99561E-05 0.0246456
9.99472E-05 0.0712531 9.99472E-05 9.99472E-05 0.511592 0.0704058 9.99472E-05 0.240821 9.99472E-05 9.99472E-05 0.105329
9.99385E-05 9.99385E-05 9.99385E-05 9.99385E-05 0.327489 0.0991223 9.99385E-05 0.567939 9.99385E-05 0.00475024 9.99385E-05
9.99385E-05 9.99385E-05 9.99385E-05 9.99385E-05 0.251551 0.377635 9.99385E-05 0.348952 9.99385E-05 0.0211628 9.99385E-05
0.0263114 9.9956E-05 0.000905897 9.9956E-05 0.709531 0.03374 9.9956E-05 0.184996 9.9956E-05 0.0440159 9.9956E-05
9.99122E-05 9.99122E-05 9.99122E-05 9.99122E-05 0.999001 9.99122E-05 9.99122E-05 9.99122E-05 9.99122E-05 9.99122E-05 9.99122E-05
0.0302882 9.99384E-05 0.0375586 9.99384E-05 0.712181 9.99384E-05 9.99384E-05 0.219273 9.99384E-05 9.99384E-05 9.99384E-05
9.99123E-05 9.99123E-05 9.99123E-05 9.99123E-05 0.999001 9.99123E-05 9.99123E-05 9.99123E-05 9.99123E-05 9.99123E-05 9.99123E-05
9.99649E-05 9.99649E-05 0.00328038 9.99649E-05 0.317081 0.394162 9.99649E-05 0.159662 0.106134 0.00706612 0.0122152
9.9921E-05 9.9921E-05 9.9921E-05 9.9921E-05 0.989934 9.9921E-05 9.9921E-05 9.9921E-05 9.9921E-05 0.00916637 9.9921E-05
9.99297E-05 9.99297E-05 0.101955 9.99297E-05 0.517748 0.379498 9.99297E-05 9.99297E-05 9.99297E-05 9.99297E-05 9.99297E-05
9.99472E-05 9.99472E-05 0.078871 0.0927034 0.332901 0.34843 9.99472E-05 9.99472E-05 9.99472E-05 9.99472E-05 0.146496
9.99297E-05 9.99297E-05 9.99297E-05 9.99297E-05 0.592208 0.21133 9.99297E-05 0.195662 9.99297E-05 9.99297E-05 9.99297E-05
9.99297E-05 9.99297E-05 9.99297E-05 9.99297E-05 0.77122 9.99297E-05 9.99297E-05 0.091713 9.99297E-05 9.99297E-05 0.136267
9.9921E-05 9.9921E-05 9.9921E-05 9.9921E-05 0.675954 9.9921E-05 9.9921E-05 0.323147 9.9921E-05 9.9921E-05 9.9921E-05
9.99299E-05 9.99299E-05 9.99299E-05 9.99299E-05 0.793498 0.193092 9.99299E-05 0.0126106 9.99299E-05 9.99299E-05 9.99299E-05
9.99298E-05 9.99298E-05 0.0287277 9.99298E-05 0.782396 9.99298E-05 9.99298E-05 0.188076 9.99298E-05 9.99298E-05 9.99298E-05
0.0261067 9.99385E-05 9.99385E-05 9.99385E-05 0.698346 0.0884869 9.99385E-05 0.186361 9.99385E-05 9.99385E-05 9.99385E-05
9.99386E-05 9.99386E-05 9.99386E-05 9.99386E-05 0.492315 0.25453 9.99386E-05 0.201609 9.99386E-05 0.0508461 9.99386E-05
9.99122E-05 9.99122E-05 9.99122E-05 9.99122E-05 0.999001 9.99122E-05 9.99122E-05 9.99122E-05 9.99122E-05 9.99122E-05 9.99122E-05
9.99211E-05 9.99211E-05 9.99211E-05 9.99211E-05 0.901847 9.99211E-05 9.99211E-05 0.0972541 9.99211E-05 9.99211E-05 9.99211E-05
0.00665049 0.00230291 9.99562E-05 9.99562E-05 0.898176 0.0208061 0.0692469 0.00231762 9.99562E-05 9.99562E-05 9.99562E-05
9.9956E-05 0.0325046 0.111662 9.9956E-05 0.640968 0.144697 9.9956E-05 0.0619387 9.9956E-05 0.00772947 9.9956E-05
0.157973 9.99472E-05 0.0213164 9.99472E-05 0.594434 9.99472E-05 9.99472E-05 0.201416 0.0242613 9.99472E-05 9.99472E-05
9.99297E-05 9.99297E-05 9.99297E-05 9.99297E-05 0.715647 9.99297E-05 9.99297E-05 0.252093 0.0314607 9.99297E-05 9.99297E-05
9.99211E-05 9.99211E-05 9.99211E-05 9.99211E-05 0.959372 9.99211E-05 9.99211E-05 0.0397283 9.99211E-05 9.99211E-05 9.99211E-05
9.99561E-05 9.99561E-05 0.00894294 0.0247379 0.406978 0.220168 9.99561E-05 0.291724 9.99561E-05 9.99561E-05 0.0469483
0.0368954 9.99472E-05 0.049999 9.99472E-05 0.627392 0.265999 9.99472E-05 0.0191143 9.99472E-05 9.99472E-05 9.99472E-05
0.026105 9.99387E-05 0.0430731 9.99387E-05 0.806526 0.123596 9.99387E-05 9.99387E-05 9.99387E-05 9.99387E-05 9.99387E-05
0.0648816 9.99473E-05 0.000259692 9.99473E-05 0.637665 0.294131 9.99473E-05 0.00246315 9.99473E-05 9.99473E-05 9.99473E-05
9.99299E-05 9.99299E-05 9.99299E-05 9.99299E-05 0.778816 0.096517 0.123868 9.99299E-05 9.99299E-05 9.99299E-05 9.99299E-05
9.99297E-05 9.99297E-05 9.99297E-05 9.99297E-05 0.499191 0.211536 9.99297E-05 0.288474 9.99297E-05 9.99297E-05 9.99297E-05
0.0416794 9.99561E-05 0.00757574 9.99561E-05 0.589372 0.107197 9.99561E-05 9.99561E-05 0.144244 0.109432 9.99561E-05
9.99211E-05 9.99211E-05 9.99211E-05 9.99211E-05 0.894661 0.104439 9.99211E-05 9.99211E-05 9.99211E-05 9.99211E-05 9.99211E-05
9.99297E-05 9.99297E-05 9.99297E-05 9.99297E-05 0.665203 0.170847 9.99297E-05 0.16315 9.99297E-05 9.99297E-05 9.99297E-05
9.99211E-05 9.99211E-05 9.99211E-05 9.99211E-05 0.900621 9.99211E-05 0.09848 9.99211E-05 9.99211E-05 9.99211E-05 9.99211E-05
9.99472E-05 9.99472E-05 0.0146787 9.99472E-05 0.756203 0.132489 9.99472E-05 9.99472E-05 9.99472E-05 0.0128688 0.08316
9.99299E-05 9.99299E-05 9.99299E-05 9.99299E-05 0.931634 0.0621515 9.99299E-05 0.00541459 9.99299E-05 9.99299E-05 9.99299E-05
9.99385E-05 9.99385E-05 0.0813971 0.0144115 0.528106 9.99385E-05 9.99385E-05 0.375386 9.99385E-05 9.99385E-05 9.99385E-05
9.99385E-05 0.120536 0.0205924 9.99385E-05 0.615954 9.99385E-05 9.99385E-05 0.242218 9.99385E-05 9.99385E-05 9.99385E-05
0.0413368 9.996E-05 0.0320628 9.996E-05 0.566132 0.00573101 9.996E-05 0.188794 9.996E-05 0.0624408 0.103103
9.99211E-05 9.99211E-05 9.99211E-05 9.99211E-05 0.9775 0.0216005 9.99211E-05 9.99211E-05 9.99211E-05 9.99211E-05 9.99211E-05
9.99386E-05 9.99386E-05 0.0624869 9.99386E-05 0.655565 0.0313731 9.99386E-05 0.249876 9.99386E-05 9.99386E-05 9.99386E-05
0.138044 0.0854327 0.00794776 9.995E-05 0.520439 0.122585 9.995E-05 0.125052 9.995E-05 9.995E-05 9.995E-05
9.9921E-05 9.9921E-05 9.9921E-05 9.9921E-05 0.892022 0.107079 9.9921E-05 9.9921E-05 9.9921E-05 9.9921E-05 9.9921E-05
9.99473E-05 0.0101723 9.99473E-05 9.99473E-05 0.591237 0.17819 9.99473E-05 0.0163052 9.99473E-05 0.203496 9.99473E-05
9.99297E-05 9.99297E-05 9.99297E-05 9.99297E-05 0.509023 0.144955 9.99297E-05 0.345223 9.99297E-05 9.99297E-05 9.99297E-05
0.0156674 9.99473E-05 9.99473E-05 9.99473E-05 0.549699 0.243254 9.99473E-05 0.146214 0.0445658 9.99473E-05 9.99473E-05
0.0822875 9.9956E-05 0.00891418 0.00190348 0.517842 0.218931 9.9956E-05 0.169622 9.9956E-05 9.9956E-05 9.9956E-05
0.201801 9.99561E-05 9.99561E-05 0.00810817 0.531629 0.202971 9.99561E-05 0.0457862 9.99561E-05 0.00920453 9.99561E-05
9.99384E-05 9.99384E-05 9.99384E-05 9.99384E-05 0.330382 0.535009 9.99384E-05 0.0387942 9.99384E-05 0.0951149 9.99384E-05
9.99386E-05 9.99386E-05 9.99386E-05 9.99386E-05 0.435534 0.120492 9.99386E-05 0.421599 9.99386E-05 9.99386E-05 0.0216761
0.110338 9.9956E-05 0.133819 0.0973789 0.480469 0.118052 9.9956E-05 0.0594436 9.9956E-05 9.9956E-05 9.9956E-05
9.9921E-05 9.9921E-05 9.9921E-05 9.9921E-05 0.744628 9.9921E-05 9.9921E-05 0.254473 9.9921E-05 9.9921E-05 9.9921E-05
9.99211E-05 9.99211E-05 9.99211E-05 9.99211E-05 0.914133 0.084968 9.99211E-05 9.99211E-05 9.99211E-05 9.99211E-05 9.99211E-05
9.99384E-05 9.99384E-05 9.99384E-05 9.99384E-05 0.514191 9.99384E-05 9.99384E-05 0.225665 9.99384E-05 0.0278357 0.231609
9.9956E-05 9.9956E-05 0.0854628 0.00131675 0.49705 0.317558 9.9956E-05 0.0196354 9.9956E-05 9.9956E-05 0.0784776
9.99386E-05 9.99386E-05 9.99386E-05 9.99386E-05 0.578582 0.323427 9.99386E-05 9.99386E-05 0.00556007 0.0917314 9.99386E-05
9.99385E-05 9.99385E-05 9.99385E-05 9.99385E-05 0.325571 0.51495 9.99385E-05 0.109879 9.99385E-05 9.99385E-05 0.0489012
0.0400121 0.00764725 0.0386122 0.0800542 0.449127 9.99824E-05 9.99824E-05 0.18289 0.0744026 0.0678087 0.0592453
