9.99385E-05 9.99385E-05 9.99385E-05 9.99385E-05 9.99385E-05 0.277749 0.157688 0.0471784 9.99385E-05 9.99385E-05 0.0562015 0.0716059 0.0389656 0.349912
9.99123E-05 0.0850321 9.99123E-05 9.99123E-05 9.99123E-05 9.99123E-05 0.0338458 9.99123E-05 9.99123E-05 9.99123E-05 0.141325 9.99123E-05 9.99123E-05 0.738798
9.99122E-05 9.99122E-05 9.99122E-05 0.0583601 9.99122E-05 9.99122E-05 0.0559535 0.0388835 9.99122E-05 9.99122E-05 9.99122E-05 9.99122E-05 9.99122E-05 0.845804
9.99474E-05 0.160178 9.99474E-05 0.061021 0.00977388 9.99474E-05 0.119898 0.0277875 0.369127 0.0357701 9.99474E-05 9.99474E-05 9.99474E-05 0.215845
9.99034E-05 9.99034E-05 9.99034E-05 9.99034E-05 9.99034E-05 9.99034E-05 9.99034E-05 9.99034E-05 0.227886 0.00910529 9.99034E-05 9.99034E-05 9.99034E-05 0.761909
0.0490843 0.150468 9.99473E-05 9.99473E-05 0.0873551 9.99473E-05 9.99473E-05 9.99473E-05 0.145384 0.1727 0.0681468 9.99473E-05 0.00358735 0.322674
0.10167 0.176606 9.99474E-05 9.99474E-05 9.99474E-05 0.127918 0.0355254 0.0193167 9.99474E-05 9.99474E-05 0.154398 0.125016 9.99474E-05 0.25895
0.0248037 0.0952959 0.0670858 9.99561E-05 9.99561E-05 0.247186 9.99561E-05 9.99561E-05 0.160723 0.171007 9.99561E-05 0.0104841 0.0391396 0.183774
9.9921E-05 9.9921E-05 9.9921E-05 9.9921E-05 9.9921E-05 9.9921E-05 0.22822 0.246017 9.9921E-05 0.244132 0.0203707 9.9921E-05 9.9921E-05 0.260361
9.99034E-05 9.99034E-05 9.99034E-05 9.99034E-05 9.99034E-05 9.99034E-05 0.0830327 9.99034E-05 9.99034E-05 9.99034E-05 9.99034E-05 9.99034E-05 0.0214013 0.894467
9.99298E-05 9.99298E-05 9.99298E-05 0.00572987 9.99298E-05 0.11956 0.164126 9.99298E-05 9.99298E-05 0.0405456 9.99298E-05 0.164778 9.99298E-05 0.504461
9.99298E-05 0.0444607 0.0225999 9.99298E-05 9.99298E-05 9.99298E-05 0.0123457 9.99298E-05 0.000568056 9.99298E-05 9.99298E-05 0.0234751 9.99298E-05 0.895751
9.99034E-05 9.99034E-05 9.99034E-05 9.99034E-05 9.99034E-05 0.185626 0.0646358 9.99034E-05 9.99034E-05 9.99034E-05 9.99034E-05 9.99034E-05 9.99034E-05 0.748639
9.99211E-05 9.99211E-05 0.11332 9.99211E-05 0.147666 9.99211E-05 0.0785462 9.99211E-05 9.99211E-05 9.99211E-05 9.99211E-05 0.0419485 9.99211E-05 0.61762
9.99386E-05 0.0627812 9.99386E-05 9.99386E-05 0.0338598 0.247375 0.150461 0.0394022 9.99386E-05 0.15714 9.99386E-05 9.99386E-05 9.99386E-05 0.308281
9.99297E-05 0.128423 0.15078 9.99297E-05 9.99297E-05 0.162384 0.131303 9.99297E-05 9.99297E-05 0.201475 9.99297E-05 9.99297E-05 9.99297E-05 0.224835
9.99386E-05 0.0654413 0.00893277 9.99386E-05 0.0411106 9.99386E-05 0.0701585 9.99386E-05 9.99386E-05 9.99386E-05 0.141797 0.0562944 9.99386E-05 0.615566
9.99386E-05 9.99386E-05 9.99386E-05 0.100399 9.99386E-05 0.326505 0.181068 0.0127298 9.99386E-05 0.0467997 9.99386E-05 9.99386E-05 0.175227 0.156572
9.99473E-05 0.0920076 9.99473E-05 0.0122479 9.99473E-05 0.150947 0.215535 9.99473E-05 9.99473E-05 0.15947 9.99473E-05 0.0148616 0.0202702 0.334061
9.99122E-05 9.99122E-05 9.99122E-05 0.0144028 9.99122E-05 9.99122E-05 0.0134532 9.99122E-05 9.99122E-05 0.0275801 9.99122E-05 9.99122E-05 9.99122E-05 0.943565
9.99473E-05 0.0916491 0.116055 9.99473E-05 9.99473E-05 9.99473E-05 0.0489065 0.0224549 0.0632475 0.11688 9.99473E-05 0.086186 9.99473E-05 0.454022
0.00258592 0.0530707 9.99298E-05 9.99298E-05 9.99298E-05 0.353013 9.99298E-05 9.99298E-05 0.198646 0.157648 9.99298E-05 9.99298E-05 9.99298E-05 0.234237
9.9921E-05 9.9921E-05 9.9921E-05 9.9921E-05 9.9921E-05 0.0625485 0.180727 9.9921E-05 9.9921E-05 9.9921E-05 0.0365899 0.0756338 9.9921E-05 0.643602
9.99209E-05 9.99209E-05 0.017997 9.99209E-05 9.99209E-05 0.400308 0.226435 0.0810173 9.99209E-05 9.99209E-05 9.99209E-05 9.99209E-05 9.99209E-05 0.273343
9.99473E-05 9.99473E-05 9.99473E-05 0.0988525 0.0536217 0.135093 0.29415 0.0500276 9.99473E-05 0.0898349 9.99473E-05 0.0435359 9.99473E-05 0.234285
9.99297E-05 0.089072 9.99297E-05 9.99297E-05 0.07039 0.0039756 0.181261 9.99297E-05 9.99297E-05 0.0365693 9.99297E-05 9.99297E-05 9.99297E-05 0.617933
9.99297E-05 9.99297E-05 0.0857237 9.99297E-05 0.153831 0.494282 0.141209 9.99297E-05 9.99297E-05 0.000451764 9.99297E-05 9.99297E-05 0.123703 9.99297E-05
9.99211E-05 0.127021 9.99211E-05 9.99211E-05 0.0602284 0.0528525 0.0908635 9.99211E-05 9.99211E-05 9.99211E-05 9.99211E-05 9.99211E-05 9.99211E-05 0.668135
9.9921E-05 9.9921E-05 9.9921E-05 0.00286956 9.9921E-05 0.176507 0.248005 0.0325113 9.9921E-05 9.9921E-05 9.9921E-05 9.9921E-05 9.9921E-05 0.539208
9.9921E-05 9.9921E-05 9.9921E-05 9.9921E-05 0.0483844 9.9921E-05 0.134725 9.9921E-05 9.9921E-05 0.05428 9.9921E-05 0.0378213 9.9921E-05 0.72389
9.99298E-05 9.99298E-05 9.99298E-05 0.0804244 9.99298E-05 0.107739 0.038026 9.99298E-05 9.99298E-05 0.0288892 9.99298E-05 0.0894433 9.99298E-05 0.654678
9.99386E-05 0.0943519 9.99386E-05 9.99386E-05 0.121239 0.053598 0.127957 9.99386E-05 9.99386E-05 0.0167392 9.99386E-05 0.0867784 9.99386E-05 0.498638
9.99209E-05 9.99209E-05 0.0618068 9.99209E-05 9.99209E-05 0.198199 0.132401 9.99209E-05 9.99209E-05 9.99209E-05 9.99209E-05 0.107257 9.99209E-05 0.499437
0.0415748 0.0121943 9.99473E-05 9.99473E-05 0.153863 0.135132 0.151348 9.99473E-05 9.99473E-05 9.99473E-05 9.99473E-05 0.00716573 0.0301867 0.467935
9.99386E-05 9.99386E-05 9.99386E-05 0.0530416 9.99386E-05 0.0153625 0.0373323 9.99386E-05 9.99386E-05 0.00508645 0.0719075 0.0461512 9.99386E-05 0.770419
9.99385E-05 0.159377 9.99385E-05 9.99385E-05 9.99385E-05 0.0792115 0.00405868 0.0649221 9.99385E-05 9.99385E-05 0.0132565 0.00583826 9.99385E-05 0.672636
0.0540675 0.0844796 9.9921E-05 9.9921E-05 9.9921E-05 9.9921E-05 9.9921E-05 9.9921E-05 9.9921E-05 9.9921E-05 0.0167668 0.0110974 9.9921E-05 0.832689
9.99298E-05 9.99298E-05 9.99298E-05 0.0595325 9.99298E-05 9.99298E-05 0.0610288 9.99298E-05 9.99298E-05 0.142008 0.0566651 0.00243696 9.99298E-05 0.677529
9.99298E-05 9.99298E-05 9.99298E-05 9.99298E-05 0.0642844 9.99298E-05 0.158516 9.99298E-05 0.123598 9.99298E-05 0.0890781 0.0482066 9.99298E-05 0.515518
0.0245012 9.99297E-05 0.142001 9.99297E-05 0.100855 0.0210789 0.15983 9.99297E-05 9.99297E-05 9.99297E-05 9.99297E-05 9.99297E-05 9.99297E-05 0.550934
9.99298E-05 0.0583738 9.99298E-05 9.99298E-05 9.99298E-05 0.0757845 0.0574774 9.99298E-05 9.99298E-05 0.0133202 9.99298E-05 0.0708082 9.99298E-05 0.723436
9.99122E-05 9.99122E-05 9.99122E-05 9.99122E-05 9.99122E-05 0.466086 0.0722933 0.00332894 9.99122E-05 9.99122E-05 9.99122E-05 9.99122E-05 9.99122E-05 0.457293
9.99122E-05 9.99122E-05 9.99122E-05 9.99122E-05 0.0584225 0.0886915 9.99122E-05 9.99122E-05 9.99122E-05 9.99122E-05 0.0565299 9.99122E-05 9.99122E-05 0.795357
9.99297E-05 9.99297E-05 9.99297E-05 9.99297E-05 9.99297E-05 0.215593 0.241878 0.0629268 9.99297E-05 0.0652879 9.99297E-05 0.0511936 9.99297E-05 0.36232
9.99211E-05 0.316068 9.99211E-05 9.99211E-05 9.99211E-05 0.213278 0.195166 9.99211E-05 0.0555642 9.99211E-05 9.99211E-05 9.99211E-05 9.99211E-05 0.219024
9.99122E-05 0.107279 9.99122E-05 9.99122E-05 9.99122E-05 9.99122E-05 0.0361171 9.99122E-05 9.99122E-05 0.0529417 9.99122E-05 9.99122E-05 9.99122E-05 0.802663
9.99297E-05 0.00777466 9.99297E-05 9.99297E-05 9.99297E-05 9.99297E-05 0.0922658 9.99297E-05 9.99297E-05 0.0261563 9.99297E-05 0.0304387 0.0383739 0.804191
9.98947E-05 9.98947E-05 9.98947E-05 9.98947E-05 9.98947E-05 9.98947E-05 0.0034919 9.98947E-05 9.98947E-05 9.98947E-05 9.98947E-05 9.98947E-05 9.98947E-05 0.995309
9.99297E-05 0.105563 9.99297E-05 9.99297E-05 9.99297E-05 0.107253 0.118002 9.99297E-05 0.0162481 9.99297E-05 9.99297E-05 0.0697743 9.99297E-05 0.58236
0.179643 9.99212E-05 9.99212E-05 9.99212E-05 9.99212E-05 9.99212E-05 9.99212E-05 9.99212E-05 0.00891066 0.0854427 9.99212E-05 0.0108087 9.99212E-05 0.714295
9.99561E-05 0.055626 0.0113763 9.99561E-05 0.0717754 0.0875294 0.264143 0.0368841 9.99561E-05 0.0659008 9.99561E-05 0.130601 9.99561E-05 0.275665
9.99473E-05 0.0593966 0.0408635 0.0121196 9.99473E-05 0.142472 9.99473E-05 0.0591881 0.085654 0.0215287 9.99473E-05 9.99473E-05 9.99473E-05 0.578178
9.9921E-05 9.9921E-05 9.9921E-05 9.9921E-05 9.9921E-05 0.0546982 0.01505 9.9921E-05 9.9921E-05 0.0314529 9.9921E-05 9.9921E-05 0.0557167 0.842183
0.0105771 9.99298E-05 0.1689 9.99298E-05 9.99298E-05 9.99298E-05 0.163204 9.99298E-05 0.114728 0.0151073 9.99298E-05 9.99298E-05 9.99298E-05 0.526684
9.99122E-05 9.99122E-05 0.0197533 9.99122E-05 9.99122E-05 9.99122E-05 0.109367 9.99122E-05 0.113149 9.99122E-05 9.99122E-05 9.99122E-05 9.99122E-05 0.756732
9.99386E-05 9.99386E-05 0.0722327 9.99386E-05 0.105558 0.0234088 9.99386E-05 9.99386E-05 0.0247095 9.99386E-05 9.99386E-05 0.0334929 0.032852 0.707047
9.9921E-05 0.0143942 9.9921E-05 9.9921E-05 9.9921E-05 9.9921E-05 9.9921E-05 9.9921E-05 9.9921E-05 0.0550328 0.111795 9.9921E-05 0.0696664 0.748213
9.99122E-05 0.0810618 9.99122E-05 9.99122E-05 9.99122E-05 9.99122E-05 0.105616 9.99122E-05 9.99122E-05 9.99122E-05 9.99122E-05 0.0521395 9.99122E-05 0.760183
0.077548 9.99473E-05 0.00158324 9.99473E-05 9.99473E-05 9.99473E-05 0.00224379 9.99473E-05 0.00681092 0.0110755 9.99473E-05 0.09602 0.0256087 0.77851
9.99298E-05 9.99298E-05 9.99298E-05 9.99298E-05 9.99298E-05 0.40651 0.251987 9.99298E-05 9.99298E-05 0.0376918 0.194904 0.0358601 0.072247 9.99298E-05
9.99299E-05 0.0898731 9.99299E-05 9.99299E-05 9.99299E-05 0.576918 0.0133755 0.0676214 9.99299E-05 9.99299E-05 0.0848245 9.99299E-05 9.99299E-05 0.166588
0.0185369 9.99298E-05 9.99298E-05 9.99298E-05 0.0229749 0.312524 9.99298E-05 9.99298E-05 9.99298E-05 9.99298E-05 0.249895 9.99298E-05 0.155556 0.239714
0.076103 9.99474E-05 9.99474E-05 9.99474E-05 0.16951 0.0571352 0.131366 9.99474E-05 9.99474E-05 0.0872556 0.396098 0.0733738 0.0085591 9.99474E-05
0.0270884 0.0358191 9.99649E-05 0.0904799 9.99649E-05 0.393146 0.029068 9.99649E-05 0.0293276 0.118904 0.105995 0.0735697 0.0962022 9.99649E-05
9.99297E-05 9.99297E-05 9.99297E-05 9.99297E-05 9.99297E-05 0.479673 0.240788 0.014754 9.99297E-05 0.040039 0.157804 0.0661423 9.99297E-05 9.99297E-05
0.00494087 0.11467 9.99297E-05 9.99297E-05 9.99297E-05 0.188266 0.188523 9.99297E-05 9.99297E-05 9.99297E-05 0.436442 0.0663584 9.99297E-05 9.99297E-05
0.0653746 9.99298E-05 9.99298E-05 9.99298E-05 9.99298E-05 0.123106 0.215409 9.99298E-05 9.99298E-05 0.048539 0.253112 9.99298E-05 0.29366 9.99298E-05
9.99211E-05 9.99211E-05 9.99211E-05 9.99211E-05 9.99211E-05 0.492426 0.0657763 0.0684238 9.99211E-05 9.99211E-05 0.325463 9.99211E-05 9.99211E-05 0.0470121
9.99561E-05 0.0770107 9.99561E-05 9.99561E-05 9.99561E-05 0.34901 0.135925 0.0702217 9.99561E-05 0.047267 0.0705089 0.0719439 0.00949986 0.168113
9.99297E-05 0.012773 9.99297E-05 9.99297E-05 9.99297E-05 0.284122 0.432726 9.99297E-05 9.99297E-05 0.0404949 9.99297E-05 0.188287 0.0407974 9.99297E-05
0.0470718 0.11474 0.0553687 9.99473E-05 9.99473E-05 0.378132 0.13626 9.99473E-05 9.99473E-05 9.99473E-05 0.169502 0.0803923 0.0179326 9.99473E-05
9.99473E-05 9.99473E-05 0.0436014 9.99473E-05 9.99473E-05 0.279989 0.140541 9.99473E-05 0.101547 0.151355 0.099656 0.104454 0.0782571 9.99473E-05
0.0597028 9.99122E-05 9.99122E-05 9.99122E-05 9.99122E-05 0.511217 0.276798 9.99122E-05 9.99122E-05 9.99122E-05 0.151283 9.99122E-05 9.99122E-05 9.99122E-05
9.99475E-05 9.99475E-05 0.0891729 9.99475E-05 0.0695334 0.450198 9.99475E-05 0.0855231 9.99475E-05 9.99475E-05 0.153566 0.0146778 0.0132478 0.123481
9.99386E-05 0.00562349 9.99386E-05 9.99386E-05 9.99386E-05 0.503278 0.143429 9.99386E-05 9.99386E-05 9.99386E-05 0.200747 0.039133 0.00645942 0.100629
0.160359 0.0185034 9.99386E-05 9.99386E-05 9.99386E-05 0.395162 0.141915 0.0135387 9.99386E-05 9.99386E-05 0.197708 9.99386E-05 0.072115 9.99386E-05
9.9921E-05 0.172387 9.9921E-05 9.9921E-05 9.9921E-05 0.651814 0.0208274 9.9921E-05 9.9921E-05 0.0648844 9.9921E-05 0.0891882 9.9921E-05 9.9921E-05
9.99473E-05 0.0107921 9.99473E-05 9.99473E-05 9.99473E-05 0.417123 0.170017 9.99473E-05 9.99473E-05 0.00152158 0.121455 0.0302045 0.151898 0.0963898
0.0290503 9.99473E-05 0.103093 9.99473E-05 9.99473E-05 0.295587 0.34538 0.00828427 9.99473E-05 9.99473E-05 0.102793 0.0158671 0.0993456 9.99473E-05
0.0876925 9.993E-05 9.993E-05 9.993E-05 0.0114473 0.331832 0.113358 9.993E-05 9.993E-05 9.993E-05 0.237377 9.993E-05 9.993E-05 0.217494
9.99209E-05 0.030143 9.99209E-05 9.99209E-05 9.99209E-05 0.644021 0.105933 9.99209E-05 9.99209E-05 9.99209E-05 0.198298 9.99209E-05 0.0207055 9.99209E-05
9.99298E-05 9.99298E-05 9.99298E-05 9.99298E-05 0.214191 0.462215 0.105653 9.99298E-05 9.99298E-05 9.99298E-05 0.172575 9.99298E-05 0.0360529 0.00851426
0.00803875 0.192334 9.99649E-05 9.99649E-05 9.99649E-05 0.312306 0.0566468 0.0921684 0.0141765 0.0864928 0.039972 9.99649E-05 0.150454 0.0470106
9.99298E-05 0.0472451 9.99298E-05 9.99298E-05 0.0921106 0.496972 0.140577 9.99298E-05 9.99298E-05 9.99298E-05 9.99298E-05 0.219434 9.99298E-05 0.00286297
9.99387E-05 9.99387E-05 9.99387E-05 0.0454001 0.0305739 0.207227 0.151537 9.99387E-05 9.99387E-05 0.0568081 0.236966 9.99387E-05 9.99387E-05 0.270787
0.0253106 9.99299E-05 9.99299E-05 9.99299E-05 9.99299E-05 0.578248 0.0344781 9.99299E-05 9.99299E-05 9.99299E-05 0.103887 9.99299E-05 0.0795246 0.177752
0.0731366 9.99387E-05 9.99387E-05 9.99387E-05 9.99387E-05 0.399577 0.0885217 0.0592873 9.99387E-05 9.99387E-05 0.271516 9.99387E-05 0.00798735 0.0992744
9.99211E-05 9.99211E-05 9.99211E-05 9.99211E-05 9.99211E-05 0.456736 0.148674 9.99211E-05 9.99211E-05 0.0425087 9.99211E-05 9.99211E-05 0.191818 0.159365
9.99387E-05 9.99387E-05 0.0287936 9.99387E-05 0.0995048 0.0889871 0.204455 9.99387E-05 9.99387E-05 0.122746 0.245362 9.99387E-05 9.99387E-05 0.209452
9.99122E-05 9.99122E-05 9.99122E-05 9.99122E-05 0.61406 9.99122E-05 0.177024 9.99122E-05 0.00416853 0.203748 9.99122E-05 9.99122E-05 9.99122E-05 9.99122E-05
9.99036E-05 9.99036E-05 9.99036E-05 9.99036E-05 0.933689 9.99036E-05 0.0584214 9.99036E-05 9.99036E-05 0.00679082 9.99036E-05 9.99036E-05 9.99036E-05 9.99036E-05
9.99208E-05 9.99208E-05 9.99208E-05 9.99208E-05 0.704081 0.0416017 0.106194 9.99208E-05 0.0865174 9.99208E-05 9.99208E-05 0.0607061 9.99208E-05 9.99208E-05
9.99208E-05 9.99208E-05 9.99208E-05 9.99208E-05 0.5074 9.99208E-05 0.250613 9.99208E-05 9.99208E-05 0.110288 9.99208E-05 0.0770178 0.0537823 9.99208E-05
0.0107876 9.99384E-05 9.99384E-05 0.0204772 0.523151 9.99384E-05 0.153779 9.99384E-05 9.99384E-05 0.210601 9.99384E-05 0.0176893 0.0628163 9.99384E-05
9.99209E-05 0.0694679 9.99209E-05 9.99209E-05 0.481499 9.99209E-05 0.190748 9.99209E-05 9.99209E-05 0.234781 0.0226047 9.99209E-05 9.99209E-05 9.99209E-05
9.99209E-05 9.99209E-05 9.99209E-05 9.99209E-05 0.604728 9.99209E-05 0.112974 9.99209E-05 9.99209E-05 0.166614 9.99209E-05 0.0557302 0.0590552 9.99209E-05
9.99209E-05 9.99209E-05 9.99209E-05 0.00264986 0.56753 9.99209E-05 0.113868 9.99209E-05 9.99209E-05 0.299218 9.99209E-05 9.99209E-05 0.015834 9.99209E-05
9.99473E-05 0.0016993 0.00083575 9.99473E-05 0.157914 0.111771 0.0400575 9.99473E-05 9.99473E-05 0.352157 0.294929 0.0400366 9.99473E-05 9.99473E-05
0.00330757 9.99297E-05 9.99297E-05 9.99297E-05 0.36482 9.99297E-05 0.2957 9.99297E-05 9.99297E-05 0.243748 9.99297E-05 0.0184162 0.0732096 9.99297E-05
9.9921E-05 9.9921E-05 9.9921E-05 9.9921E-05 0.64216 9.9921E-05 0.00468323 9.9921E-05 9.9921E-05 0.0175224 0.30327 0.031465 9.9921E-05 9.9921E-05
9.99122E-05 9.99122E-05 9.99122E-05 9.99122E-05 0.674671 9.99122E-05 0.12872 9.99122E-05 9.99122E-05 9.99122E-05 0.148421 0.047188 9.99122E-05 9.99122E-05
9.99297E-05 0.0250531 9.99297E-05 9.99297E-05 0.648598 9.99297E-05 9.99297E-05 9.99297E-05 0.047389 0.180093 9.99297E-05 0.0163661 0.0817004 9.99297E-05
9.99122E-05 9.99122E-05 9.99122E-05 9.99122E-05 0.527982 9.99122E-05 0.270136 0.0215912 9.99122E-05 0.179292 9.99122E-05 9.99122E-05 9.99122E-05 9.99122E-05
9.99297E-05 9.99297E-05 9.99297E-05 0.0073355 0.620234 9.99297E-05 0.0807333 9.99297E-05 9.99297E-05 0.0765711 9.99297E-05 0.0324528 0.181873 9.99297E-05
0.0764347 9.99385E-05 0.0095487 9.99385E-05 0.512507 9.99385E-05 0.186406 9.99385E-05 9.99385E-05 0.0501781 0.13441 0.0298164 9.99385E-05 9.99385E-05
9.99209E-05 9.99209E-05 9.99209E-05 0.128537 0.554499 9.99209E-05 0.117578 9.99209E-05 9.99209E-05 0.0355434 0.162942 9.99209E-05 9.99209E-05 9.99209E-05
0.0695347 9.99298E-05 9.99298E-05 9.99298E-05 0.560183 0.0112564 9.99298E-05 9.99298E-05 0.0695469 0.202158 9.99298E-05 0.0865224 9.99298E-05 9.99298E-05
9.99121E-05 9.99121E-05 9.99121E-05 9.99121E-05 0.691772 9.99121E-05 9.99121E-05 9.99121E-05 0.122416 0.105008 9.99121E-05 0.0798053 9.99121E-05 9.99121E-05
9.99298E-05 9.99298E-05 0.0682275 0.0370334 0.536245 9.99298E-05 0.166165 9.99298E-05 9.99298E-05 0.150155 9.99298E-05 0.0413748 9.99298E-05 9.99298E-05
9.99297E-05 0.0222039 9.99297E-05 9.99297E-05 0.569386 9.99297E-05 0.130111 9.99297E-05 0.0759294 0.0595321 0.142038 9.99297E-05 9.99297E-05 9.99297E-05
9.99209E-05 9.99209E-05 9.99209E-05 9.99209E-05 0.640454 9.99209E-05 0.177004 9.99209E-05 9.99209E-05 0.0545767 9.99209E-05 0.0124718 0.114594 9.99209E-05
9.99385E-05 0.050037 0.013833 0.0908399 0.25992 9.99385E-05 0.198404 9.99385E-05 9.99385E-05 0.276587 0.109679 9.99385E-05 9.99385E-05 9.99385E-05
9.99122E-05 9.99122E-05 9.99122E-05 9.99122E-05 0.675196 9.99122E-05 0.0915834 0.0570472 9.99122E-05 0.175174 9.99122E-05 9.99122E-05 9.99122E-05 9.99122E-05
9.99297E-05 9.99297E-05 9.99297E-05 0.0930189 0.244264 9.99297E-05 0.300744 9.99297E-05 0.0216077 0.306863 0.0327026 9.99297E-05 9.99297E-05 9.99297E-05
9.99211E-05 9.99211E-05 0.000437676 9.99211E-05 0.539531 9.99211E-05 0.18099 9.99211E-05 9.99211E-05 0.140376 0.137766 9.99211E-05 9.99211E-05 9.99211E-05
9.99123E-05 9.99123E-05 9.99123E-05 9.99123E-05 0.75603 9.99123E-05 0.0926292 0.0884186 9.99123E-05 9.99123E-05 9.99123E-05 9.99123E-05 9.99123E-05 0.0619234
9.99384E-05 0.0202682 0.0368504 0.00594785 0.513655 9.99384E-05 0.211703 9.99384E-05 0.0478291 0.163047 9.99384E-05 9.99384E-05 9.99384E-05 9.99384E-05
9.9921E-05 9.9921E-05 9.9921E-05 9.9921E-05 0.334002 0.0487764 0.257595 9.9921E-05 9.9921E-05 0.264086 0.0946413 9.9921E-05 9.9921E-05 9.9921E-05
9.9921E-05 9.9921E-05 9.9921E-05 0.0658026 0.588392 9.9921E-05 0.245595 9.9921E-05 9.9921E-05 0.0414784 9.9921E-05 0.057832 9.9921E-05 9.9921E-05
9.99298E-05 9.99298E-05 0.0490847 9.99298E-05 0.553071 9.99298E-05 0.263905 9.99298E-05 9.99298E-05 0.075957 0.00257636 0.0546071 9.99298E-05 9.99298E-05
9.99209E-05 9.99209E-05 0.0691058 0.00508285 0.731721 9.99209E-05 0.114993 9.99209E-05 9.99209E-05 9.99209E-05 9.99209E-05 0.0781982 9.99209E-05 9.99209E-05
9.99297E-05 9.99297E-05 9.99297E-05 0.195493 0.245835 9.99297E-05 0.151231 9.99297E-05 0.0814365 0.315545 9.99297E-05 0.00966147 9.99297E-05 9.99297E-05
9.99208E-05 9.99208E-05 9.99208E-05 0.0634954 0.520294 0.141272 0.19783 9.99208E-05 9.99208E-05 0.0762091 9.99208E-05 9.99208E-05 9.99208E-05 9.99208E-05
9.99121E-05 0.0135888 9.99121E-05 9.99121E-05 0.798105 9.99121E-05 0.148219 9.99121E-05 9.99121E-05 0.039088 9.99121E-05 9.99121E-05 9.99121E-05 9.99121E-05
0.0408725 0.0121533 0.056699 0.0175721 0.668915 0.0097851 9.99648E-05 0.00622866 9.99648E-05 0.144149 0.0265229 0.0167025 9.99648E-05 9.99648E-05
9.99208E-05 9.99208E-05 9.99208E-05 9.99208E-05 0.46419 9.99208E-05 0.270345 9.99208E-05 9.99208E-05 0.136064 9.99208E-05 0.0528102 0.0756914 9.99208E-05
9.98948E-05 9.98948E-05 9.98948E-05 9.98948E-05 0.966019 9.98948E-05 9.98948E-05 9.98948E-05 9.98948E-05 0.0327821 9.98948E-05 9.98948E-05 9.98948E-05 9.98948E-05
9.99298E-05 9.99298E-05 9.99298E-05 0.0502125 0.739385 9.99298E-05 0.110038 9.99298E-05 9.99298E-05 0.029286 9.99298E-05 0.0356353 0.0346445 9.99298E-05
9.99299E-05 0.00189704 0.00429344 9.99299E-05 0.946106 9.99299E-05 9.99299E-05 9.99299E-05 0.0199972 0.0213576 9.99299E-05 9.99299E-05 0.00554947 9.99299E-05
9.99036E-05 9.99036E-05 9.99036E-05 9.99036E-05 0.846188 9.99036E-05 9.99036E-05 9.99036E-05 9.99036E-05 0.129946 0.0227673 9.99036E-05 9.99036E-05 9.99036E-05
9.99297E-05 9.99297E-05 9.99297E-05 9.99297E-05 0.324195 9.99297E-05 0.396629 9.99297E-05 0.0224972 0.143849 0.10012 0.0119099 9.99297E-05 9.99297E-05
9.99385E-05 9.99385E-05 0.0507248 0.00188947 0.559541 0.133048 0.0416636 9.99385E-05 0.0268235 0.185609 9.99385E-05 9.99385E-05 9.99385E-05 9.99385E-05
9.99124E-05 9.99124E-05 9.99124E-05 9.99124E-05 0.73844 9.99124E-05 0.0465471 9.99124E-05 9.99124E-05 0.0958231 0.11819 9.99124E-05 9.99124E-05 9.99124E-05
9.98948E-05 9.98948E-05 9.98948E-05 9.98948E-05 0.948145 9.98948E-05 0.050656 9.98948E-05 9.98948E-05 9.98948E-05 9.98948E-05 9.98948E-05 9.98948E-05 9.98948E-05
0.0263725 9.9956E-05 9.9956E-05 0.0995792 0.195967 0.077866 0.0753083 9.9956E-05 9.9956E-05 0.291663 0.173692 0.0218497 0.0372019 9.9956E-05
9.99297E-05 9.99297E-05 9.99297E-05 9.99297E-05 0.485151 0.137327 0.172957 9.99297E-05 9.99297E-05 0.123338 9.99297E-05 0.0596889 0.0207387 9.99297E-05
9.99386E-05 9.99386E-05 9.99386E-05 9.99386E-05 0.39371 0.0624848 0.0650413 0.167169 9.99386E-05 0.170231 0.123265 9.99386E-05 0.0173985 9.99386E-05
9.99385E-05 9.99385E-05 9.99385E-05 0.0691325 0.244167 0.182341 0.196117 9.99385E-05 0.00405706 0.27173 9.99385E-05 0.0317557 9.99385E-05 9.99385E-05
9.98948E-05 9.98948E-05 9.98948E-05 9.98948E-05 0.986822 9.98948E-05 0.0119789 9.98948E-05 9.98948E-05 9.98948E-05 9.98948E-05 9.98948E-05 9.98948E-05 9.98948E-05
0.0747337 0.184411 9.99297E-05 9.99297E-05 0.38658 9.99297E-05 0.285445 9.99297E-05 9.99297E-05 0.0219929 9.99297E-05 0.0460382 9.99297E-05 9.99297E-05
9.99036E-05 9.99036E-05 9.99036E-05 9.99036E-05 0.838651 9.99036E-05 9.99036E-05 9.99036E-05 9.99036E-05 0.100298 0.0599529 9.99036E-05 9.99036E-05 9.99036E-05
9.9921E-05 9.9921E-05 9.9921E-05 9.9921E-05 0.651327 9.9921E-05 0.0619832 9.9921E-05 0.0890881 0.112713 9.9921E-05 0.0839892 9.9921E-05 9.9921E-05
0.0195295 9.99385E-05 0.115617 9.99385E-05 0.609838 9.99385E-05 0.0245303 9.99385E-05 9.99385E-05 0.154417 0.0628807 9.99385E-05 0.0124877 9.99385E-05
9.99296E-05 0.157514 9.99296E-05 9.99296E-05 0.655044 9.99296E-05 0.0560897 9.99296E-05 9.99296E-05 0.0111829 9.99296E-05 0.078137 0.0412332 9.99296E-05
9.99297E-05 0.0229387 0.0387888 9.99297E-05 0.227425 9.99297E-05 0.22338 9.99297E-05 9.99297E-05 0.264997 0.22167 9.99297E-05 9.99297E-05 9.99297E-05
9.99121E-05 9.99121E-05 9.99121E-05 9.99121E-05 0.628119 9.99121E-05 0.16975 9.99121E-05 9.99121E-05 0.197375 9.99121E-05 0.00375649 9.99121E-05 9.99121E-05
9.99384E-05 9.99384E-05 0.0777352 0.0289828 0.641982 9.99384E-05 0.0668223 0.00896588 9.99384E-05 0.0996131 9.99384E-05 0.0751992 9.99384E-05 9.99384E-05
9.99209E-05 9.99209E-05 0.0165883 0.183565 0.665657 9.99209E-05 0.123101 9.99209E-05 9.99209E-05 9.99209E-05 9.99209E-05 0.0101899 9.99209E-05 9.99209E-05
9.99122E-05 9.99122E-05 9.99122E-05 9.99122E-05 0.635813 9.99122E-05 0.0752912 9.99122E-05 9.99122E-05 0.182641 0.105256 9.99122E-05 9.99122E-05 9.99122E-05
9.98856E-05 9.98856E-05 9.98856E-05 9.98856E-05 9.98856E-05 9.98856E-05 0.998701 9.98856E-05 9.98856E-05 9.98856E-05 9.98856E-05 9.98856E-05 9.98856E-05 9.98856E-05
9.98856E-05 9.98856E-05 9.98856E-05 9.98856E-05 9.98856E-05 9.98856E-05 9.98856E-05 9.98856E-05 9.98856E-05 0.998701 9.98856E-05 9.98856E-05 9.98856E-05 9.98856E-05
9.98856E-05 9.98856E-05 9.98856E-05 9.98856E-05 9.98856E-05 9.98856E-05 0.998701 9.98856E-05 9.98856E-05 9.98856E-05 9.98856E-05 9.98856E-05 9.98856E-05 9.98856E-05
9.98856E-05 9.98856E-05 9.98856E-05 9.98856E-05 9.98856E-05 9.98856E-05 9.98856E-05 9.98856E-05 9.98856E-05 0.998701 9.98856E-05 9.98856E-05 9.98856E-05 9.98856E-05
9.98856E-05 9.98856E-05 9.98856E-05 9.98856E-05 9.98856E-05 9.98856E-05 9.98856E-05 9.98856E-05 9.98856E-05 0.998701 9.98856E-05 9.98856E-05 9.98856E-05 9.98856E-05
9.98856E-05 9.98856E-05 9.98856E-05 9.98856E-05 9.98856E-05 9.98856E-05 9.98856E-05 9.98856E-05 9.98856E-05 0.998701 9.98856E-05 9.98856E-05 9.98856E-05 9.98856E-05
9.98856E-05 9.98856E-05 9.98856E-05 9.98856E-05 9.98856E-05 9.98856E-05 0.998701 9.98856E-05 9.98856E-05 9.98856E-05 9.98856E-05 9.98856E-05 9.98856E-05 9.98856E-05
9.98856E-05 9.98856E-05 9.98856E-05 9.98856E-05 9.98856E-05 9.98856E-05 9.98856E-05 9.98856E-05 9.98856E-05 0.998701 9.98856E-05 9.98856E-05 9.98856E-05 9.98856E-05
9.98857E-05 9.98857E-05 9.98857E-05 9.98857E-05 9.98857E-05 9.98857E-05 9.98857E-05 9.98857E-05 9.98857E-05 0.998701 9.98857E-05 9.98857E-05 9.98857E-05 9.98857E-05
9.98856E-05 9.98856E-05 9.98856E-05 9.98856E-05 9.98856E-05 9.98856E-05 0.998701 9.98856E-05 9.98856E-05 9.98856E-05 9.98856E-05 9.98856E-05 9.98856E-05 9.98856E-05
9.98856E-05 9.98856E-05 9.98856E-05 9.98856E-05 9.98856E-05 9.98856E-05 0.998701 9.98856E-05 9.98856E-05 9.98856E-05 9.98856E-05 9.98856E-05 9.98856E-05 9.98856E-05
9.98857E-05 9.98857E-05 9.98857E-05 9.98857E-05 9.98857E-05 9.98857E-05 0.998701 9.98857E-05 9.98857E-05 9.98857E-05 9.98857E-05 9.98857E-05 9.98857E-05 9.98857E-05
9.98856E-05 9.98856E-05 9.98856E-05 9.98856E-05 9.98856E-05 9.98856E-05 9.98856E-05 9.98856E-05 9.98856E-05 0.998701 9.98856E-05 9.98856E-05 9.98856E-05 9.98856E-05
9.98857E-05 9.98857E-05 9.98857E-05 9.98857E-05 9.98857E-05 9.98857E-05 9.98857E-05 9.98857E-05 9.98857E-05 0.998701 9.98857E-05 9.98857E-05 9.98857E-05 9.98857E-05
9.98856E-05 9.98856E-05 9.98856E-05 9.98856E-05 9.98856E-05 9.98856E-05 0.998701 9.98856E-05 9.98856E-05 9.98856E-05 9.98856E-05 9.98856E-05 9.98856E-05 9.98856E-05
9.98856E-05 9.98856E-05 9.98856E-05 9.98856E-05 9.98856E-05 9.98856E-05 0.998701 9.98856E-05 9.98856E-05 9.98856E-05 9.98856E-05 9.98856E-05 9.98856E-05 9.98856E-05
0.124644 0.172368 9.99385E-05 0.0279805 0.305966 9.99385E-05 0.204078 0.0187917 9.99385E-05 0.145472 9.99385E-05 9.99385E-05 9.99385E-05 9.99385E-05
9.98857E-05 9.98857E-05 9.98857E-05 9.98857E-05 9.98857E-05 9.98857E-05 0.998701 9.98857E-05 9.98857E-05 9.98857E-05 9.98857E-05 9.98857E-05 9.98857E-05 9.98857E-05
9.98858E-05 9.98858E-05 9.98858E-05 9.98858E-05 9.98858E-05 9.98858E-05 9.98858E-05 9.98858E-05 9.98858E-05 0.998701 9.98858E-05 9.98858E-05 9.98858E-05 9.98858E-05
9.98855E-05 9.98855E-05 9.98855E-05 9.98855E-05 9.98855E-05 9.98855E-05 0.998701 9.98855E-05 9.98855E-05 9.98855E-05 9.98855E-05 9.98855E-05 9.98855E-05 9.98855E-05
9.98858E-05 9.98858E-05 9.98858E-05 9.98858E-05 9.98858E-05 9.98858E-05 0.998701 9.98858E-05 9.98858E-05 9.98858E-05 9.98858E-05 9.98858E-05 9.98858E-05 9.98858E-05
9.98857E-05 9.98857E-05 9.98857E-05 9.98857E-05 9.98857E-05 9.98857E-05 0.998701 9.98857E-05 9.98857E-05 9.98857E-05 9.98857E-05 9.98857E-05 9.98857E-05 9.98857E-05
9.98856E-05 9.98856E-05 9.98856E-05 9.98856E-05 9.98856E-05 9.98856E-05 9.98856E-05 9.98856E-05 9.98856E-05 0.998701 9.98856E-05 9.98856E-05 9.98856E-05 9.98856E-05
9.98857E-05 9.98857E-05 9.98857E-05 9.98857E-05 9.98857E-05 9.98857E-05 0.998701 9.98857E-05 9.98857E-05 9.98857E-05 9.98857E-05 9.98857E-05 9.98857E-05 9.98857E-05
9.98857E-05 9.98857E-05 9.98857E-05 9.98857E-05 9.98857E-05 9.98857E-05 9.98857E-05 9.98857E-05 9.98857E-05 0.998701 9.98857E-05 9.98857E-05 9.98857E-05 9.98857E-05
9.98857E-05 9.98857E-05 9.98857E-05 9.98857E-05 9.98857E-05 9.98857E-05 0.998701 9.98857E-05 9.98857E-05 9.98857E-05 9.98857E-05 9.98857E-05 9.98857E-05 9.98857E-05
9.98856E-05 9.98856E-05 9.98856E-05 9.98856E-05 9.98856E-05 9.98856E-05 0.998701 9.98856E-05 9.98856E-05 9.98856E-05 9.98856E-05 9.98856E-05 9.98856E-05 9.98856E-05
9.98857E-05 9.98857E-05 9.98857E-05 9.98857E-05 9.98857E-05 9.98857E-05 9.98857E-05 9.98857E-05 9.98857E-05 0.998701 9.98857E-05 9.98857E-05 9.98857E-05 9.98857E-05
9.98856E-05 9.98856E-05 9.98856E-05 9.98856E-05 9.98856E-05 9.98856E-05 9.98856E-05 9.98856E-05 9.98856E-05 0.998701 9.98856E-05 9.98856E-05 9.98856E-05 9.98856E-05
9.98856E-05 9.98856E-05 9.98856E-05 9.98856E-05 9.98856E-05 9.98856E-05 9.98856E-05 9.98856E-05 9.98856E-05 0.998701 9.98856E-05 9.98856E-05 9.98856E-05 9.98856E-05
9.98856E-05 9.98856E-05 9.98856E-05 9.98856E-05 9.98856E-05 9.98856E-05 0.998701 9.98856E-05 9.98856E-05 9.98856E-05 9.98856E-05 9.98856E-05 9.98856E-05 9.98856E-05
9.98856E-05 9.98856E-05 9.98856E-05 9.98856E-05 9.98856E-05 9.98856E-05 0.998701 9.98856E-05 9.98856E-05 9.98856E-05 9.98856E-05 9.98856E-05 9.98856E-05 9.98856E-05
9.98856E-05 9.98856E-05 9.98856E-05 9.98856E-05 9.98856E-05 9.98856E-05 0.998701 9.98856E-05 9.98856E-05 9.98856E-05 9.98856E-05 9.98856E-05 9.98856E-05 9.98856E-05
9.98856E-05 9.98856E-05 9.98856E-05 9.98856E-05 9.98856E-05 9.98856E-05 0.998701 9.98856E-05 9.98856E-05 9.98856E-05 9.98856E-05 9.98856E-05 9.98856E-05 9.98856E-05
9.98856E-05 9.98856E-05 9.98856E-05 9.98856E-05 9.98856E-05 9.98856E-05 0.998701 9.98856E-05 9.98856E-05 9.98856E-05 9.98856E-05 9.98856E-05 9.98856E-05 9.98856E-05
9.98856E-05 9.98856E-05 9.98856E-05 9.98856E-05 9.98856E-05 9.98856E-05 9.98856E-05 9.98856E-05 9.98856E-05 0.998701 9.98856E-05 9.98856E-05 9.98856E-05 9.98856E-05
9.98856E-05 9.98856E-05 9.98856E-05 9.98856E-05 9.98856E-05 9.98856E-05 9.98856E-05 9.98856E-05 9.98856E-05 0.998701 9.98856E-05 9.98856E-05 9.98856E-05 9.98856E-05
9.98857E-05 9.98857E-05 9.98857E-05 9.98857E-05 9.98857E-05 9.98857E-05 9.98857E-05 9.98857E-05 9.98857E-05 0.998701 9.98857E-05 9.98857E-05 9.98857E-05 9.98857E-05
9.98856E-05 9.98856E-05 9.98856E-05 9.98856E-05 9.98856E-05 9.98856E-05 0.998701 9.98856E-05 9.98856E-05 9.98856E-05 9.98856E-05 9.98856E-05 9.98856E-05 9.98856E-05
9.98856E-05 9.98856E-05 9.98856E-05 9.98856E-05 9.98856E-05 9.98856E-05 9.98856E-05 9.98856E-05 9.98856E-05 0.998701 9.98856E-05 9.98856E-05 9.98856E-05 9.98856E-05
9.98857E-05 9.98857E-05 9.98857E-05 9.98857E-05 9.98857E-05 9.98857E-05 9.98857E-05 9.98857E-05 9.98857E-05 0.998701 9.98857E-05 9.98857E-05 9.98857E-05 9.98857E-05
9.98856E-05 9.98856E-05 9.98856E-05 9.98856E-05 9.98856E-05 9.98856E-05 9.98856E-05 9.98856E-05 9.98856E-05 0.998701 9.98856E-05 9.98856E-05 9.98856E-05 9.98856E-05
9.98856E-05 9.98856E-05 9.98856E-05 9.98856E-05 9.98856E-05 9.98856E-05 9.98856E-05 9.98856E-05 9.98856E-05 0.998701 9.98856E-05 9.98856E-05 9.98856E-05 9.98856E-05
9.98856E-05 9.98856E-05 9.98856E-05 9.98856E-05 9.98856E-05 9.98856E-05 0.998701 9.98856E-05 9.98856E-05 9.98856E-05 9.98856E-05 9.98856E-05 9.98856E-05 9.98856E-05
9.98856E-05 9.98856E-05 9.98856E-05 9.98856E-05 9.98856E-05 9.98856E-05 9.98856E-05 9.98856E-05 9.98856E-05 0.998701 9.98856E-05 9.98856E-05 9.98856E-05 9.98856E-05
9.98856E-05 9.98856E-05 9.98856E-05 9.98856E-05 9.98856E-05 9.98856E-05 9.98856E-05 9.98856E-05 9.98856E-05 0.998701 9.98856E-05 9.98856E-05 9.98856E-05 9.98856E-05
0.123284 0.191849 9.99384E-05 0.0256862 0.309524 9.99384E-05 0.221662 0.0239617 9.99384E-05 0.103332 9.99384E-05 9.99384E-05 9.99384E-05 9.99384E-05
9.98856E-05 9.98856E-05 9.98856E-05 9.98856E-05 9.98856E-05 9.98856E-05 0.998701 9.98856E-05 9.98856E-05 9.98856E-05 9.98856E-05 9.98856E-05 9.98856E-05 9.98856E-05
9.98857E-05 9.98857E-05 9.98857E-05 9.98857E-05 9.98857E-05 9.98857E-05 9.98857E-05 9.98857E-05 9.98857E-05 0.998701 9.98857E-05 9.98857E-05 9.98857E-05 9.98857E-05
9.98856E-05 9.98856E-05 9.98856E-05 9.98856E-05 9.98856E-05 9.98856E-05 9.98856E-05 9.98856E-05 9.98856E-05 0.998701 9.98856E-05 9.98856E-05 9.98856E-05 9.98856E-05
9.98856E-05 9.98856E-05 9.98856E-05 9.98856E-05 9.98856E-05 9.98856E-05 9.98856E-05 9.98856E-05 9.98856E-05 0.998701 9.98856E-05 9.98856E-05 9.98856E-05 9.98856E-05
9.98857E-05 9.98857E-05 9.98857E-05 9.98857E-05 9.98857E-05 9.98857E-05 9.98857E-05 9.98857E-05 9.98857E-05 0.998701 9.98857E-05 9.98857E-05 9.98857E-05 9.98857E-05
9.98856E-05 9.98856E-05 9.98856E-05 9.98856E-05 9.98856E-05 9.98856E-05 0.998701 9.98856E-05 9.98856E-05 9.98856E-05 9.98856E-05 9.98856E-05 9.98856E-05 9.98856E-05
9.98856E-05 9.98856E-05 9.98856E-05 9.98856E-05 9.98856E-05 9.98856E-05 9.98856E-05 9.98856E-05 9.98856E-05 0.998701 9.98856E-05 9.98856E-05 9.98856E-05 9.98856E-05
9.98857E-05 9.98857E-05 9.98857E-05 9.98857E-05 9.98857E-05 9.98857E-05 0.998701 9.98857E-05 9.98857E-05 9.98857E-05 9.98857E-05 9.98857E-05 9.98857E-05 9.98857E-05
9.98857E-05 9.98857E-05 9.98857E-05 9.98857E-05 9.98857E-05 9.98857E-05 9.98857E-05 9.98857E-05 9.98857E-05 0.998701 9.98857E-05 9.98857E-05 9.98857E-05 9.98857E-05
9.98856E-05 9.98856E-05 9.98856E-05 9.98856E-05 9.98856E-05 9.98856E-05 0.998701 9.98856E-05 9.98856E-05 9.98856E-05 9.98856E-05 9.98856E-05 9.98856E-05 9.98856E-05
9.99033E-05 9.99033E-05 9.99033E-05 9.99033E-05 9.99033E-05 9.99033E-05 0.00909688 9.99033E-05 0.0238728 0.965931 9.99033E-05 9.99033E-05 9.99033E-05 9.99033E-05
9.98857E-05 9.98857E-05 9.98857E-05 9.98857E-05 9.98857E-05 9.98857E-05 9.98857E-05 9.98857E-05 9.98857E-05 0.998701 9.98857E-05 9.98857E-05 9.98857E-05 9.98857E-05
9.98856E-05 9.98856E-05 9.98856E-05 9.98856E-05 9.98856E-05 9.98856E-05 9.98856E-05 9.98856E-05 9.98856E-05 0.998701 9.98856E-05 9.98856E-05 9.98856E-05 9.98856E-05
9.98856E-05 9.98856E-05 9.98856E-05 9.98856E-05 9.98856E-05 9.98856E-05 9.98856E-05 9.98856E-05 9.98856E-05 0.998701 9.98856E-05 9.98856E-05 9.98856E-05 9.98856E-05
9.98857E-05 9.98857E-05 9.98857E-05 9.98857E-05 9.98857E-05 9.98857E-05 9.98857E-05 9.98857E-05 9.98857E-05 0.998701 9.98857E-05 9.98857E-05 9.98857E-05 9.98857E-05
9.98856E-05 9.98856E-05 9.98856E-05 9.98856E-05 9.98856E-05 9.98856E-05 9.98856E-05 9.98856E-05 9.98856E-05 0.998701 9.98856E-05 9.98856E-05 9.98856E-05 9.98856E-05
9.98856E-05 9.98856E-05 9.98856E-05 9.98856E-05 9.98856E-05 9.98856E-05 0.998701 9.98856E-05 9.98856E-05 9.98856E-05 9.98856E-05 9.98856E-05 9.98856E-05 9.98856E-05
9.98856E-05 9.98856E-05 9.98856E-05 9.98856E-05 9.98856E-05 9.98856E-05 0.998701 9.98856E-05 9.98856E-05 9.98856E-05 9.98856E-05 9.98856E-05 9.98856E-05 9.98856E-05
9.98856E-05 9.98856E-05 9.98856E-05 9.98856E-05 9.98856E-05 9.98856E-05 0.998701 9.98856E-05 9.98856E-05 9.98856E-05 9.98856E-05 9.98856E-05 9.98856E-05 9.98856E-05
9.98856E-05 9.98856E-05 9.98856E-05 9.98856E-05 9.98856E-05 9.98856E-05 9.98856E-05 9.98856E-05 9.98856E-05 0.998701 9.98856E-05 9.98856E-05 9.98856E-05 9.98856E-05
9.98856E-05 9.98856E-05 9.98856E-05 9.98856E-05 9.98856E-05 9.98856E-05 0.998701 9.98856E-05 9.98856E-05 9.98856E-05 9.98856E-05 9.98856E-05 9.98856E-05 9.98856E-05
9.98857E-05 9.98857E-05 9.98857E-05 9.98857E-05 9.98857E-05 9.98857E-05 0.998701 9.98857E-05 9.98857E-05 9.98857E-05 9.98857E-05 9.98857E-05 9.98857E-05 9.98857E-05
9.98857E-05 9.98857E-05 9.98857E-05 9.98857E-05 9.98857E-05 9.98857E-05 0.998701 9.98857E-05 9.98857E-05 9.98857E-05 9.98857E-05 9.98857E-05 9.98857E-05 9.98857E-05
9.98856E-05 9.98856E-05 9.98856E-05 9.98856E-05 9.98856E-05 9.98856E-05 9.98856E-05 9.98856E-05 9.98856E-05 0.998701 9.98856E-05 9.98856E-05 9.98856E-05 9.98856E-05
9.98856E-05 9.98856E-05 9.98856E-05 9.98856E-05 9.98856E-05 9.98856E-05 9.98856E-05 9.98856E-05 9.98856E-05 0.998701 9.98856E-05 9.98856E-05 9.98856E-05 9.98856E-05
9.98856E-05 9.98856E-05 9.98856E-05 9.98856E-05 9.98856E-05 9.98856E-05 9.98856E-05 9.98856E-05 9.98856E-05 0.998701 9.98856E-05 9.98856E-05 9.98856E-05 9.98856E-05
9.98857E-05 9.98857E-05 9.98857E-05 9.98857E-05 9.98857E-05 9.98857E-05 0.998701 9.98857E-05 9.98857E-05 9.98857E-05 9.98857E-05 9.98857E-05 9.98857E-05 9.98857E-05
9.98856E-05 9.98856E-05 9.98856E-05 9.98856E-05 9.98856E-05 9.98856E-05 9.98856E-05 9.98856E-05 9.98856E-05 0.998701 9.98856E-05 9.98856E-05 9.98856E-05 9.98856E-05
9.98856E-05 9.98856E-05 9.98856E-05 9.98856E-05 9.98856E-05 9.98856E-05 9.98856E-05 9.98856E-05 9.98856E-05 0.998701 9.98856E-05 9.98856E-05 9.98856E-05 9.98856E-05
9.98855E-05 9.98855E-05 9.98855E-05 9.98855E-05 9.98855E-05 9.98855E-05 0.998701 9.98855E-05 9.98855E-05 9.98855E-05 9.98855E-05 9.98855E-05 9.98855E-05 9.98855E-05
9.98856E-05 9.98856E-05 9.98856E-05 9.98856E-05 9.98856E-05 9.98856E-05 9.98856E-05 9.98856E-05 9.98856E-05 0.998701 9.98856E-05 9.98856E-05 9.98856E-05 9.98856E-05
9.98857E-05 9.98857E-05 9.98857E-05 9.98857E-05 9.98857E-05 9.98857E-05 9.98857E-05 9.98857E-05 9.98857E-05 0.998701 9.98857E-05 9.98857E-05 9.98857E-05 9.98857E-05
0.0381101 9.99385E-05 9.99385E-05 9.99385E-05 0.178298 9.99385E-05 0.339592 9.99385E-05 9.99385E-05 0.130727 0.0491651 0.223572 0.0398366 9.99385E-05
9.98856E-05 9.98856E-05 9.98856E-05 9.98856E-05 9.98856E-05 9.98856E-05 0.998701 9.98856E-05 9.98856E-05 9.98856E-05 9.98856E-05 9.98856E-05 9.98856E-05 9.98856E-05
9.98857E-05 9.98857E-05 9.98857E-05 9.98857E-05 9.98857E-05 9.98857E-05 9.98857E-05 9.98857E-05 9.98857E-05 0.998701 9.98857E-05 9.98857E-05 9.98857E-05 9.98857E-05
0.0111487 9.99298E-05 9.99298E-05 9.99298E-05 0.325158 9.99298E-05 9.99298E-05 0.115106 0.0320967 0.481585 9.99298E-05 0.0341058 9.99298E-05 9.99298E-05
0.00633651 0.0526495 9.99473E-05 0.0241734 0.418358 9.99473E-05 0.183878 0.0102054 9.99473E-05 0.286536 9.99473E-05 9.99473E-05 0.0172637 9.99473E-05
9.99121E-05 9.99121E-05 9.99121E-05 9.99121E-05 0.396672 9.99121E-05 0.388127 0.0394996 9.99121E-05 0.174702 9.99121E-05 9.99121E-05 9.99121E-05 9.99121E-05
0.00757592 9.99384E-05 0.0309091 0.0557945 0.625242 9.99384E-05 0.18043 0.0107544 9.99384E-05 9.99384E-05 9.99384E-05 9.99384E-05 0.0885953 9.99384E-05
9.99209E-05 9.99209E-05 9.99209E-05 0.0984954 0.154767 9.99209E-05 0.323047 9.99209E-05 9.99209E-05 0.254085 0.168707 9.99209E-05 9.99209E-05 9.99209E-05
9.99212E-05 9.99212E-05 9.99212E-05 9.99212E-05 0.823375 9.99212E-05 0.028525 9.99212E-05 9.99212E-05 0.0735105 0.021159 9.99212E-05 9.99212E-05 0.0525312
9.9921E-05 0.0514854 9.9921E-05 9.9921E-05 0.191943 0.241533 0.202025 9.9921E-05 9.9921E-05 0.312115 9.9921E-05 9.9921E-05 9.9921E-05 9.9921E-05
0.0397374 9.9956E-05 9.9956E-05 0.00314346 0.46331 9.9956E-05 0.0809925 0.0444569 0.00147033 0.247956 9.9956E-05 0.081305 0.0371295 9.9956E-05
9.99035E-05 9.99035E-05 9.99035E-05 9.99035E-05 0.711102 9.99035E-05 0.0527966 9.99035E-05 9.99035E-05 0.235003 9.99035E-05 9.99035E-05 9.99035E-05 9.99035E-05
9.99385E-05 0.0162747 0.0245342 9.99385E-05 0.602882 9.99385E-05 0.234711 0.0582123 0.0347872 0.0278993 9.99385E-05 9.99385E-05 9.99385E-05 9.99385E-05
9.9921E-05 9.9921E-05 9.9921E-05 9.9921E-05 0.588528 9.9921E-05 0.213923 9.9921E-05 9.9921E-05 0.0210811 9.9921E-05 0.154238 0.0213306 9.9921E-05
9.99122E-05 9.99122E-05 9.99122E-05 9.99122E-05 0.309686 0.0545157 0.0908731 9.99122E-05 9.99122E-05 0.543926 9.99122E-05 9.99122E-05 9.99122E-05 9.99122E-05
9.99297E-05 9.99297E-05 0.103735 9.99297E-05 0.192822 0.0897664 0.321064 9.99297E-05 9.99297E-05 0.262664 9.99297E-05 9.99297E-05 0.0291486 9.99297E-05
0.0430476 9.99208E-05 9.99208E-05 9.99208E-05 0.675281 9.99208E-05 0.100778 9.99208E-05 9.99208E-05 0.0654188 9.99208E-05 9.99208E-05 0.114575 9.99208E-05
9.99121E-05 9.99121E-05 9.99121E-05 9.99121E-05 0.45946 9.99121E-05 0.349982 9.99121E-05 9.99121E-05 0.141032 9.99121E-05 0.0485265 9.99121E-05 9.99121E-05
9.99385E-05 9.99385E-05 9.99385E-05 9.99385E-05 0.281223 0.0907741 0.117325 9.99385E-05 0.170619 0.24719 0.0807291 0.0114403 9.99385E-05 9.99385E-05
9.9921E-05 9.9921E-05 9.9921E-05 9.9921E-05 0.668454 9.9921E-05 0.0865884 0.0491472 9.9921E-05 0.193581 0.00133015 9.9921E-05 9.9921E-05 9.9921E-05
9.99473E-05 9.99473E-05 0.0892533 9.99473E-05 0.284674 9.99473E-05 0.396285 0.0221451 9.99473E-05 0.0648046 0.00258694 0.1086 0.0310514 9.99473E-05
0.021641 9.99385E-05 9.99385E-05 0.152758 0.39128 9.99385E-05 9.99385E-05 9.99385E-05 0.0153336 0.130821 0.218642 0.068826 9.99385E-05 9.99385E-05
0.014405 9.99209E-05 9.99209E-05 9.99209E-05 0.422166 9.99209E-05 0.288059 9.99209E-05 0.0862986 0.188172 9.99209E-05 9.99209E-05 9.99209E-05 9.99209E-05
9.99296E-05 9.99296E-05 9.99296E-05 0.0374255 0.431484 9.99296E-05 0.143833 9.99296E-05 0.133189 0.154522 0.0987478 9.99296E-05 9.99296E-05 9.99296E-05
9.99122E-05 9.99122E-05 9.99122E-05 9.99122E-05 0.531912 9.99122E-05 9.99122E-05 9.99122E-05 0.0583362 0.311296 9.99122E-05 0.097457 9.99122E-05 9.99122E-05
9.99385E-05 9.99385E-05 0.174355 0.0508534 0.385327 9.99385E-05 0.16305 9.99385E-05 9.99385E-05 0.159605 9.99385E-05 0.0435792 0.0225307 9.99385E-05
9.99208E-05 9.99208E-05 9.99208E-05 0.0200997 0.537472 9.99208E-05 0.194307 9.99208E-05 0.0913173 0.155904 9.99208E-05 9.99208E-05 9.99208E-05 9.99208E-05
0.0213561 9.99384E-05 9.99384E-05 0.0192575 0.621355 9.99384E-05 0.119203 0.00453237 0.0567293 9.99384E-05 9.99384E-05 9.99384E-05 0.156867 9.99384E-05
