9.99122E-05 9.99122E-05 0.0757307 9.99122E-05 0.0672085 9.99122E-05 0.0242352 0.27877 0.263699 9.99122E-05 0.242559 9.99122E-05 9.99122E-05 9.99122E-05 9.99122E-05 0.0467991 9.99122E-05
9.98947E-05 9.98947E-05 9.98947E-05 9.98947E-05 0.00449862 9.98947E-05 0.113082 0.715618 0.162211 0.00339095 9.98947E-05 9.98947E-05 9.98947E-05 9.98947E-05 9.98947E-05 9.98947E-05 9.98947E-05
9.99034E-05 9.99034E-05 0.0097935 0.00246502 9.99034E-05 9.99034E-05 9.99034E-05 0.909187 0.0166284 9.99034E-05 9.99034E-05 9.99034E-05 9.99034E-05 0.0333357 9.99034E-05 0.0274911 9.99034E-05
9.9921E-05 9.9921E-05 9.9921E-05 9.9921E-05 0.0982441 9.9921E-05 9.9921E-05 0.227765 9.9921E-05 9.9921E-05 0.056304 0.143794 9.9921E-05 0.116043 0.0509403 0.0507756 0.255234
9.99035E-05 9.99035E-05 9.99035E-05 0.0682204 9.99035E-05 9.99035E-05 0.0366908 0.799038 9.99035E-05 9.99035E-05 9.99035E-05 0.020092 9.99035E-05 0.0661779 9.99035E-05 9.99035E-05 0.00868225
9.99123E-05 9.99123E-05 9.99123E-05 0.135569 9.99123E-05 9.99123E-05 0.024732 0.161493 0.289708 9.99123E-05 9.99123E-05 0.123056 9.99123E-05 0.200219 9.99123E-05 9.99123E-05 0.0642234
9.99211E-05 9.99211E-05 0.020954 9.99211E-05 0.0762133 9.99211E-05 0.096191 0.252916 0.111303 9.99211E-05 0.103941 9.99211E-05 0.110692 9.99211E-05 9.99211E-05 9.99211E-05 0.22689
9.99211E-05 0.00962523 9.99211E-05 9.99211E-05 9.99211E-05 9.99211E-05 9.99211E-05 0.127643 0.0972971 9.99211E-05 0.229381 0.153571 9.99211E-05 0.0558478 0.186199 9.99211E-05 0.139537
9.98947E-05 9.98947E-05 0.106876 9.98947E-05 9.98947E-05 9.98947E-05 9.98947E-05 0.24443 9.98947E-05 9.98947E-05 9.98947E-05 0.225701 9.98947E-05 9.98947E-05 0.180654 0.241141 9.98947E-05
9.98771E-05 0.0227864 9.98771E-05 9.98771E-05 9.98771E-05 9.98771E-05 9.98771E-05 0.840815 9.98771E-05 9.98771E-05 9.98771E-05 9.98771E-05 9.98771E-05 9.98771E-05 9.98771E-05 0.135 9.98771E-05
9.99034E-05 9.99034E-05 9.99034E-05 9.99034E-05 0.141533 9.99034E-05 9.99034E-05 0.479931 0.117578 9.99034E-05 0.101994 0.0293318 9.99034E-05 9.99034E-05 9.99034E-05 0.128533 9.99034E-05
0.00355378 9.99122E-05 9.99122E-05 0.0656805 0.0305042 9.99122E-05 9.99122E-05 0.768777 9.99122E-05 0.000985391 9.99122E-05 9.99122E-05 9.99122E-05 9.99122E-05 9.99122E-05 0.0567949 0.072705
9.98858E-05 9.98858E-05 9.98858E-05 9.98858E-05 9.98858E-05 9.98858E-05 9.98858E-05 0.778462 9.98858E-05 9.98858E-05 0.133517 0.0439502 9.98858E-05 9.98858E-05 9.98858E-05 0.0427727 9.98858E-05
0.0628789 9.99298E-05 9.99298E-05 9.99298E-05 0.0131012 0.0272616 0.00879612 0.662751 9.99298E-05 9.99298E-05 0.0399695 9.99298E-05 0.00704153 0.11689 9.99298E-05 0.0605103 9.99298E-05
9.99122E-05 9.99122E-05 9.99122E-05 9.99122E-05 9.99122E-05 9.99122E-05 0.0320639 0.327393 0.0564655 9.99122E-05 0.0685792 0.146162 9.99122E-05 0.271106 9.99122E-05 0.0972307 9.99122E-05
0.178431 9.99209E-05 9.99209E-05 9.99209E-05 9.99209E-05 9.99209E-05 9.99209E-05 0.196846 0.185822 9.99209E-05 0.0334367 0.219067 9.99209E-05 0.0484511 9.99209E-05 0.0466998 0.090346
9.99123E-05 9.99123E-05 9.99123E-05 9.99123E-05 0.0524605 0.0728055 0.0639652 0.562092 9.99123E-05 9.99123E-05 0.0513377 9.99123E-05 9.99123E-05 9.99123E-05 0.152605 0.0437356 9.99123E-05
9.99211E-05 0.14248 9.99211E-05 9.99211E-05 9.99211E-05 9.99211E-05 9.99211E-05 0.113296 0.313806 0.101344 0.130243 0.0757676 9.99211E-05 9.99211E-05 0.00894094 0.113224 9.99211E-05
9.99121E-05 0.0321362 9.99121E-05 9.99121E-05 0.0183298 9.99121E-05 9.99121E-05 0.319125 9.99121E-05 9.99121E-05 0.237039 0.108743 9.99121E-05 9.99121E-05 9.99121E-05 0.174833 0.108795
9.98771E-05 9.98771E-05 9.98771E-05 9.98771E-05 9.98771E-05 9.98771E-05 9.98771E-05 0.899335 9.98771E-05 0.0500789 9.98771E-05 9.98771E-05 9.98771E-05 9.98771E-05 9.98771E-05 0.0491876 9.98771E-05
0.152324 9.99123E-05 9.99123E-05 9.99123E-05 0.0886228 9.99123E-05 9.99123E-05 0.429612 9.99123E-05 9.99123E-05 9.99123E-05 0.058204 9.99123E-05 0.0472563 0.215286 0.00769522 9.99123E-05
9.9921E-05 0.0232994 0.0102842 0.106253 9.9921E-05 9.9921E-05 9.9921E-05 0.21672 9.9921E-05 9.9921E-05 0.468866 0.0776425 0.0171534 0.0788827 9.9921E-05 9.9921E-05 9.9921E-05
9.98947E-05 9.98947E-05 9.98947E-05 9.98947E-05 0.0424392 9.98947E-05 9.98947E-05 0.493733 0.34827 9.98947E-05 9.98947E-05 9.98947E-05 9.98947E-05 0.0363161 9.98947E-05 0.0780424 9.98947E-05
0.0654634 9.98947E-05 0.132628 9.98947E-05 9.98947E-05 9.98947E-05 9.98947E-05 0.348761 9.98947E-05 9.98947E-05 0.231449 9.98947E-05 9.98947E-05 9.98947E-05 9.98947E-05 0.220499 9.98947E-05
9.9921E-05 9.9921E-05 0.021134 9.9921E-05 0.0236055 9.9921E-05 9.9921E-05 0.280646 9.9921E-05 0.090391 0.100703 0.0452796 9.9921E-05 0.186265 9.9921E-05 0.251076 9.9921E-05
9.98947E-05 9.98947E-05 9.98947E-05 9.98947E-05 9.98947E-05 9.98947E-05 9.98947E-05 0.65531 9.98947E-05 9.98947E-05 0.0959499 9.98947E-05 9.98947E-05 0.090867 0.0656198 0.0910544 9.98947E-05
0.0651901 0.062816 9.99034E-05 9.99034E-05 0.0193368 9.99034E-05 9.99034E-05 9.99034E-05 9.99034E-05 9.99034E-05 0.41229 9.99034E-05 9.99034E-05 0.391479 9.99034E-05 0.0477887 9.99034E-05
9.99035E-05 9.99035E-05 9.99035E-05 9.99035E-05 0.0114143 9.99035E-05 9.99035E-05 0.732695 9.99035E-05 9.99035E-05 0.0784104 9.99035E-05 9.99035E-05 0.0189551 9.99035E-05 0.0522874 0.105139
9.99212E-05 9.99212E-05 0.0505912 9.99212E-05 0.0764184 9.99212E-05 9.99212E-05 0.55503 0.0324267 0.0577809 0.0780915 9.99212E-05 9.99212E-05 0.114865 9.99212E-05 0.0338975 9.99212E-05
9.99211E-05 0.00775243 0.0182939 9.99211E-05 0.0696648 0.0738383 9.99211E-05 0.714019 9.99211E-05 9.99211E-05 0.0174829 0.0199433 9.99211E-05 9.99211E-05 9.99211E-05 0.0781065 9.99211E-05
9.9921E-05 9.9921E-05 9.9921E-05 9.9921E-05 0.0693877 9.9921E-05 9.9921E-05 0.612971 0.161227 0.0325909 0.0510737 0.0309917 9.9921E-05 9.9921E-05 9.9921E-05 0.0296472 0.0112119
9.99123E-05 9.99123E-05 9.99123E-05 9.99123E-05 0.0389446 9.99123E-05 9.99123E-05 0.474175 0.0668912 9.99123E-05 0.0435739 9.99123E-05 9.99123E-05 0.223104 0.0882779 0.0640349 9.99123E-05
0.0175139 9.99122E-05 9.99122E-05 9.99122E-05 0.0838942 9.99122E-05 9.99122E-05 0.476071 0.0926346 9.99122E-05 0.115207 9.99122E-05 9.99122E-05 0.0759455 9.99122E-05 0.137735 9.99122E-05
9.99298E-05 0.0200469 0.0184387 9.99298E-05 0.00102211 9.99298E-05 9.99298E-05 0.382499 9.99298E-05 9.99298E-05 0.17668 9.99298E-05 0.0065676 0.247359 9.99298E-05 0.107243 0.0393441
9.98948E-05 9.98948E-05 9.98948E-05 9.98948E-05 0.099356 9.98948E-05 0.125212 0.735769 9.98948E-05 0.0285531 9.98948E-05 9.98948E-05 9.98948E-05 9.98948E-05 9.98948E-05 0.00991067 9.98948E-05
9.99035E-05 9.99035E-05 9.99035E-05 9.99035E-05 9.99035E-05 9.99035E-05 9.99035E-05 0.604229 0.0702323 9.99035E-05 0.141166 0.00201739 9.99035E-05 9.99035E-05 0.133274 0.0479823 9.99035E-05
9.98947E-05 9.98947E-05 9.98947E-05 9.98947E-05 0.000233318 9.98947E-05 0.0129497 0.887228 9.98947E-05 9.98947E-05 9.98947E-05 9.98947E-05 0.0175918 9.98947E-05 9.98947E-05 9.98947E-05 0.0807983
9.98947E-05 9.98947E-05 9.98947E-05 9.98947E-05 9.98947E-05 9.98947E-05 0.133632 0.657367 9.98947E-05 0.0558182 9.98947E-05 0.115276 9.98947E-05 9.98947E-05 9.98947E-05 0.0367091 9.98947E-05
9.99123E-05 9.99123E-05 9.99123E-05 0.0995672 0.0175373 0.0813042 9.99123E-05 0.528773 9.99123E-05 9.99123E-05 0.0736438 0.0496796 9.99123E-05 9.99123E-05 9.99123E-05 0.148496 9.99123E-05
0.119938 9.99122E-05 9.99122E-05 9.99122E-05 0.0235506 9.99122E-05 9.99122E-05 0.572741 9.99122E-05 9.99122E-05 9.99122E-05 9.99122E-05 0.00758817 0.136731 9.99122E-05 0.138345 0.000107369
9.99035E-05 9.99035E-05 9.99035E-05 9.99035E-05 0.0984429 9.99035E-05 9.99035E-05 0.601533 9.99035E-05 9.99035E-05 0.191349 0.0224614 9.99035E-05 9.99035E-05 0.0298504 0.0552648 9.99035E-05
9.9886E-05 9.9886E-05 0.0277269 9.9886E-05 9.9886E-05 9.9886E-05 9.9886E-05 0.594928 9.9886E-05 9.9886E-05 0.275575 9.9886E-05 9.9886E-05 9.9886E-05 9.9886E-05 0.100471 9.9886E-05
9.99035E-05 9.99035E-05 9.99035E-05 0.0225684 9.99035E-05 0.0582616 0.00747496 0.82385 9.99035E-05 9.99035E-05 0.0747841 9.99035E-05 9.99035E-05 9.99035E-05 9.99035E-05 9.99035E-05 0.0119623
9.99122E-05 9.99122E-05 0.0911434 9.99122E-05 0.0232014 9.99122E-05 9.99122E-05 0.295293 0.169396 9.99122E-05 0.151295 0.116099 9.99122E-05 9.99122E-05 9.99122E-05 0.152573 9.99122E-05
9.99035E-05 9.99035E-05 0.0035237 0.0236865 9.99035E-05 9.99035E-05 9.99035E-05 0.243665 9.99035E-05 9.99035E-05 0.34561 9.99035E-05 9.99035E-05 9.99035E-05 9.99035E-05 0.184239 0.198177
9.99034E-05 9.99034E-05 9.99034E-05 9.99034E-05 9.99034E-05 9.99034E-05 9.99034E-05 0.760961 9.99034E-05 0.0612368 0.0648951 9.99034E-05 9.99034E-05 0.0105008 9.99034E-05 0.0607698 0.0405372
9.98947E-05 0.0393433 9.98947E-05 9.98947E-05 0.00884906 9.98947E-05 9.98947E-05 0.848266 9.98947E-05 9.98947E-05 9.98947E-05 0.0283398 9.98947E-05 9.98947E-05 9.98947E-05 0.0740032 9.98947E-05
0.0211647 9.99122E-05 9.99122E-05 0.0150526 9.99122E-05 9.99122E-05 9.99122E-05 0.866439 0.0651481 0.00155575 9.99122E-05 9.99122E-05 0.0153667 9.99122E-05 9.99122E-05 0.0142743 9.99122E-05
9.98946E-05 9.98946E-05 9.98946E-05 9.98946E-05 0.0308903 9.98946E-05 9.98946E-05 0.633576 0.0239988 9.98946E-05 0.183062 9.98946E-05 9.98946E-05 9.98946E-05 9.98946E-05 0.127274 9.98946E-05
9.99124E-05 0.00592181 9.99124E-05 0.0484366 0.0229916 9.99124E-05 9.99124E-05 0.713061 9.99124E-05 9.99124E-05 0.0280342 0.00853035 0.172025 9.99124E-05 9.99124E-05 9.99124E-05 9.99124E-05
0.000715952 9.99385E-05 0.0129708 9.99385E-05 0.113653 9.99385E-05 9.99385E-05 0.271057 0.0877445 9.99385E-05 0.0579693 0.0444472 9.99385E-05 0.153998 9.99385E-05 0.205114 0.0516314
0.0397278 9.9921E-05 0.0649158 9.9921E-05 9.9921E-05 9.9921E-05 9.9921E-05 0.590738 9.9921E-05 0.0648902 0.126648 0.0192798 9.9921E-05 0.0513202 9.9921E-05 9.9921E-05 0.0415805
9.98947E-05 0.0589154 9.98947E-05 9.98947E-05 9.98947E-05 9.98947E-05 0.0282816 0.888856 9.98947E-05 9.98947E-05 9.98947E-05 9.98947E-05 9.98947E-05 0.0135067 9.98947E-05 0.00924197 9.98947E-05
0.174552 0.0119825 9.99123E-05 0.0269284 9.99123E-05 9.99123E-05 9.99123E-05 0.664585 9.99123E-05 9.99123E-05 9.99123E-05 0.0118743 0.0447318 9.99123E-05 9.99123E-05 0.064347 9.99123E-05
9.98948E-05 9.98948E-05 0.0189619 0.0890447 9.98948E-05 9.98948E-05 9.98948E-05 0.737751 9.98948E-05 9.98948E-05 9.98948E-05 9.98948E-05 9.98948E-05 9.98948E-05 9.98948E-05 0.0996099 0.0534339
9.98948E-05 9.98948E-05 9.98948E-05 0.0791729 9.98948E-05 9.98948E-05 9.98948E-05 0.662476 0.0454765 0.127189 9.98948E-05 9.98948E-05 9.98948E-05 0.0844864 9.98948E-05 9.98948E-05 9.98948E-05
0.0181507 0.109535 9.99122E-05 9.99122E-05 9.99122E-05 9.99122E-05 0.0691422 0.698221 9.99122E-05 9.99122E-05 0.0376658 9.99122E-05 9.99122E-05 9.99122E-05 0.00263422 0.0636524 9.99122E-05
9.98772E-05 9.98772E-05 9.98772E-05 9.98772E-05 9.98772E-05 9.98772E-05 9.98772E-05 0.761293 9.98772E-05 9.98772E-05 9.98772E-05 9.98772E-05 9.98772E-05 9.98772E-05 9.98772E-05 0.0906371 0.146671
9.99034E-05 0.0107351 9.99034E-05 9.99034E-05 0.0763019 9.99034E-05 0.0164287 0.826101 9.99034E-05 9.99034E-05 9.99034E-05 9.99034E-05 0.0441899 9.99034E-05 9.99034E-05 0.0251442 9.99034E-05
9.99121E-05 0.0256535 9.99121E-05 9.99121E-05 0.0132043 9.99121E-05 9.99121E-05 9.99121E-05 0.741644 9.99121E-05 0.00677297 0.0627451 9.99121E-05 0.0159019 9.99121E-05 0.133079 9.99121E-05
0.00842717 9.98685E-05 9.98685E-05 9.98685E-05 9.98685E-05 9.98685E-05 9.98685E-05 9.98685E-05 0.990075 9.98685E-05 9.98685E-05 9.98685E-05 9.98685E-05 9.98685E-05 9.98685E-05 9.98685E-05 9.98685E-05
9.98772E-05 0.0203687 9.98772E-05 9.98772E-05 9.98772E-05 0.0143603 9.98772E-05 9.98772E-05 0.963873 9.98772E-05 9.98772E-05 9.98772E-05 9.98772E-05 9.98772E-05 9.98772E-05 9.98772E-05 9.98772E-05
9.99298E-05 0.0547095 9.99298E-05 9.99298E-05 0.0222747 9.99298E-05 0.234984 9.99298E-05 0.27216 9.99298E-05 9.99298E-05 0.101424 0.0320067 0.183597 9.99298E-05 0.0494817 0.0485635
9.99121E-05 9.99121E-05 9.99121E-05 0.0268397 9.99121E-05 9.99121E-05 9.99121E-05 9.99121E-05 0.672238 0.12095 0.0290341 0.0567734 0.0120919 9.99121E-05 9.99121E-05 0.0810734 9.99121E-05
0.00344364 9.99032E-05 0.0225501 9.99032E-05 9.99032E-05 9.99032E-05 9.99032E-05 9.99032E-05 0.708155 9.99032E-05 0.101929 0.0185539 9.99032E-05 9.99032E-05 9.99032E-05 0.144269 9.99032E-05
9.98857E-05 9.98857E-05 9.98857E-05 9.98857E-05 9.98857E-05 9.98857E-05 0.295698 9.98857E-05 0.534968 9.98857E-05 9.98857E-05 9.98857E-05 9.98857E-05 9.98857E-05 0.0337088 0.134327 9.98857E-05
9.99033E-05 0.096634 9.99033E-05 9.99033E-05 9.99033E-05 9.99033E-05 0.119943 9.99033E-05 0.569961 9.99033E-05 9.99033E-05 0.0549159 0.0401765 9.99033E-05 9.99033E-05 0.117271 9.99033E-05
9.98683E-05 9.98683E-05 9.98683E-05 9.98683E-05 9.98683E-05 9.98683E-05 0.0361757 9.98683E-05 0.962326 9.98683E-05 9.98683E-05 9.98683E-05 9.98683E-05 9.98683E-05 9.98683E-05 9.98683E-05 9.98683E-05
9.98683E-05 9.98683E-05 9.98683E-05 9.98683E-05 0.00949906 9.98683E-05 9.98683E-05 9.98683E-05 0.989003 9.98683E-05 9.98683E-05 9.98683E-05 9.98683E-05 9.98683E-05 9.98683E-05 9.98683E-05 9.98683E-05
9.98857E-05 9.98857E-05 9.98857E-05 9.98857E-05 0.142671 9.98857E-05 9.98857E-05 9.98857E-05 0.534838 9.98857E-05 9.98857E-05 0.0561635 9.98857E-05 9.98857E-05 9.98857E-05 0.265029 9.98857E-05
0.07577 9.99209E-05 9.99209E-05 9.99209E-05 0.0787986 9.99209E-05 0.0803994 9.99209E-05 0.430529 9.99209E-05 0.156189 9.99209E-05 0.0406067 9.99209E-05 9.99209E-05 0.0799349 0.056873
0.00152774 9.99033E-05 9.99033E-05 0.139713 0.14883 9.99033E-05 9.99033E-05 9.99033E-05 0.552297 9.99033E-05 9.99033E-05 0.141708 9.99033E-05 0.0148255 9.99033E-05 9.99033E-05 9.99033E-05
0.0207834 9.99121E-05 9.99121E-05 0.036869 9.99121E-05 9.99121E-05 0.0599433 9.99121E-05 0.518473 9.99121E-05 0.216183 9.99121E-05 0.00540951 9.99121E-05 9.99121E-05 0.141339 9.99121E-05
9.98862E-05 9.98862E-05 9.98862E-05 9.98862E-05 0.0122259 9.98862E-05 9.98862E-05 9.98862E-05 0.8522 9.98862E-05 9.98862E-05 9.98862E-05 0.116017 0.0182585 9.98862E-05 9.98862E-05 9.98862E-05
9.98773E-05 9.98773E-05 9.98773E-05 9.98773E-05 0.0598608 9.98773E-05 9.98773E-05 9.98773E-05 0.926015 9.98773E-05 9.98773E-05 0.0127262 9.98773E-05 9.98773E-05 9.98773E-05 9.98773E-05 9.98773E-05
9.98945E-05 0.0284792 9.98945E-05 9.98945E-05 9.98945E-05 9.98945E-05 9.98945E-05 9.98945E-05 0.782999 9.98945E-05 9.98945E-05 9.98945E-05 0.087259 0.0434645 0.0565991 9.98945E-05 9.98945E-05
9.99033E-05 0.0191087 9.99033E-05 9.99033E-05 0.0837633 9.99033E-05 9.99033E-05 9.99033E-05 0.6635 9.99033E-05 0.115314 0.0564975 9.99033E-05 9.99033E-05 9.99033E-05 9.99033E-05 0.0607178
9.98858E-05 0.0742318 9.98858E-05 9.98858E-05 0.00352123 9.98858E-05 9.98858E-05 9.98858E-05 0.859504 9.98858E-05 9.98858E-05 9.98858E-05 9.98858E-05 9.98858E-05 9.98858E-05 0.0614448 9.98858E-05
0.110794 9.98945E-05 9.98945E-05 9.98945E-05 0.0193946 9.98945E-05 9.98945E-05 9.98945E-05 0.649501 0.0125242 9.98945E-05 9.98945E-05 9.98945E-05 9.98945E-05 9.98945E-05 0.206587 9.98945E-05
9.98686E-05 9.98686E-05 9.98686E-05 9.98686E-05 9.98686E-05 0.0296268 9.98686E-05 9.98686E-05 0.968875 9.98686E-05 9.98686E-05 9.98686E-05 9.98686E-05 9.98686E-05 9.98686E-05 9.98686E-05 9.98686E-05
9.99033E-05 9.99033E-05 9.99033E-05 9.99033E-05 9.99033E-05 9.99033E-05 0.0550499 9.99033E-05 0.630783 9.99033E-05 0.202423 9.99033E-05 0.00316766 9.99033E-05 9.99033E-05 0.0567643 0.0507133
9.98861E-05 9.98861E-05 9.98861E-05 9.98861E-05 9.98861E-05 9.98861E-05 9.98861E-05 9.98861E-05 0.757182 9.98861E-05 0.0307421 9.98861E-05 9.98861E-05 0.198229 9.98861E-05 0.0125484 9.98861E-05
9.99122E-05 0.0730425 0.0228964 9.99122E-05 9.99122E-05 9.99122E-05 9.99122E-05 9.99122E-05 0.686934 9.99122E-05 9.99122E-05 0.0380823 0.00738629 0.0229747 9.99122E-05 9.99122E-05 0.147685
9.98682E-05 9.98682E-05 9.98682E-05 9.98682E-05 0.158695 9.98682E-05 9.98682E-05 9.98682E-05 0.839807 9.98682E-05 9.98682E-05 9.98682E-05 9.98682E-05 9.98682E-05 9.98682E-05 9.98682E-05 9.98682E-05
9.98685E-05 9.98685E-05 9.98685E-05 9.98685E-05 9.98685E-05 9.98685E-05 9.98685E-05 9.98685E-05 0.978794 9.98685E-05 9.98685E-05 0.0197076 9.98685E-05 9.98685E-05 9.98685E-05 9.98685E-05 9.98685E-05
9.98597E-05 9.98597E-05 9.98597E-05 9.98597E-05 9.98597E-05 9.98597E-05 9.98597E-05 9.98597E-05 0.998402 9.98597E-05 9.98597E-05 9.98597E-05 9.98597E-05 9.98597E-05 9.98597E-05 9.98597E-05 9.98597E-05
9.98684E-05 9.98684E-05 9.98684E-05 9.98684E-05 9.98684E-05 9.98684E-05 9.98684E-05 9.98684E-05 0.992747 9.98684E-05 9.98684E-05 0.00575481 9.98684E-05 9.98684E-05 9.98684E-05 9.98684E-05 9.98684E-05
9.98684E-05 0.138264 9.98684E-05 9.98684E-05 9.98684E-05 9.98684E-05 9.98684E-05 9.98684E-05 0.860238 9.98684E-05 9.98684E-05 9.98684E-05 9.98684E-05 9.98684E-05 9.98684E-05 9.98684E-05 9.98684E-05
9.98861E-05 9.98861E-05 9.98861E-05 9.98861E-05 9.98861E-05 0.154013 9.98861E-05 9.98861E-05 0.606663 9.98861E-05 9.98861E-05 0.150189 9.98861E-05 9.98861E-05 9.98861E-05 0.0878361 9.98861E-05
9.98771E-05 9.98771E-05 9.98771E-05 9.98771E-05 9.98771E-05 9.98771E-05 9.98771E-05 9.98771E-05 9.98771E-05 9.98771E-05 9.98771E-05 0.0795821 9.98771E-05 0.845048 9.98771E-05 0.0739715 9.98771E-05
9.98948E-05 9.98948E-05 9.98948E-05 9.98948E-05 9.98948E-05 0.424011 9.98948E-05 0.00899693 9.98948E-05 9.98948E-05 9.98948E-05 0.0991609 9.98948E-05 0.462765 9.98948E-05 0.00386729 9.98948E-05
9.98683E-05 9.98683E-05 9.98683E-05 9.98683E-05 9.98683E-05 9.98683E-05 9.98683E-05 9.98683E-05 9.98683E-05 9.98683E-05 9.98683E-05 9.98683E-05 9.98683E-05 0.902975 9.98683E-05 0.0955265 9.98683E-05
9.98945E-05 0.0194659 9.98945E-05 9.98945E-05 0.021584 9.98945E-05 9.98945E-05 9.98945E-05 9.98945E-05 9.98945E-05 9.98945E-05 0.0225268 9.98945E-05 0.804423 9.98945E-05 0.130801 9.98945E-05
9.98858E-05 9.98858E-05 0.0227902 9.98858E-05 9.98858E-05 9.98858E-05 9.98858E-05 9.98858E-05 9.98858E-05 9.98858E-05 9.98858E-05 0.0601036 0.00781597 0.907992 9.98858E-05 9.98858E-05 9.98858E-05
9.98947E-05 9.98947E-05 9.98947E-05 9.98947E-05 9.98947E-05 0.0167872 0.061845 9.98947E-05 9.98947E-05 9.98947E-05 9.98947E-05 0.130157 9.98947E-05 0.621888 9.98947E-05 0.168124 9.98947E-05
9.99035E-05 0.00695545 9.99035E-05 9.99035E-05 0.0129084 9.99035E-05 9.99035E-05 9.99035E-05 9.99035E-05 9.99035E-05 0.0275306 0.0908636 9.99035E-05 0.770948 9.99035E-05 0.0896948 9.99035E-05
9.98771E-05 9.98771E-05 9.98771E-05 9.98771E-05 9.98771E-05 9.98771E-05 9.98771E-05 9.98771E-05 9.98771E-05 9.98771E-05 9.98771E-05 0.220013 9.98771E-05 0.776939 9.98771E-05 0.0016497 9.98771E-05
9.99033E-05 9.99033E-05 9.99033E-05 9.99033E-05 0.0225451 9.99033E-05 0.169955 9.99033E-05 9.99033E-05 9.99033E-05 0.107581 0.288152 9.99033E-05 0.348053 9.99033E-05 0.0626151 9.99033E-05
9.9886E-05 9.9886E-05 9.9886E-05 0.00812485 9.9886E-05 9.9886E-05 9.9886E-05 9.9886E-05 9.9886E-05 9.9886E-05 9.9886E-05 0.233841 9.9886E-05 0.513666 9.9886E-05 0.24307 9.9886E-05
9.98947E-05 9.98947E-05 9.98947E-05 9.98947E-05 9.98947E-05 0.196557 0.30512 9.98947E-05 9.98947E-05 9.98947E-05 9.98947E-05 0.0259747 9.98947E-05 0.467708 9.98947E-05 0.00344224 9.98947E-05
9.98948E-05 9.98948E-05 9.98948E-05 9.98948E-05 0.0536254 0.0373948 0.0590636 9.98948E-05 9.98948E-05 9.98948E-05 9.98948E-05 9.98948E-05 9.98948E-05 0.784769 9.98948E-05 0.0639489 9.98948E-05
9.98774E-05 9.98774E-05 9.98774E-05 9.98774E-05 9.98774E-05 0.0037965 9.98774E-05 9.98774E-05 9.98774E-05 9.98774E-05 9.98774E-05 0.13331 9.98774E-05 0.861495 9.98774E-05 9.98774E-05 9.98774E-05
9.98948E-05 9.98948E-05 0.00233239 9.98948E-05 9.98948E-05 0.0490564 9.98948E-05 9.98948E-05 9.98948E-05 9.98948E-05 9.98948E-05 0.126567 9.98948E-05 0.660201 9.98948E-05 0.160645 9.98948E-05
0.0101496 0.134297 9.98947E-05 9.98947E-05 9.98947E-05 0.0987163 9.98947E-05 9.98947E-05 9.98947E-05 9.98947E-05 9.98947E-05 0.0914847 9.98947E-05 0.664153 9.98947E-05 9.98947E-05 9.98947E-05
9.98947E-05 9.98947E-05 9.98947E-05 9.98947E-05 0.0254413 9.98947E-05 0.106102 9.98947E-05 9.98947E-05 9.98947E-05 9.98947E-05 0.00894951 9.98947E-05 0.706402 9.98947E-05 0.151907 9.98947E-05
9.98859E-05 9.98859E-05 9.98859E-05 9.98859E-05 9.98859E-05 9.98859E-05 0.198661 9.98859E-05 9.98859E-05 9.98859E-05 9.98859E-05 0.0388666 9.98859E-05 0.703565 9.98859E-05 0.0576086 9.98859E-05
9.98948E-05 9.98948E-05 9.98948E-05 0.00711813 9.98948E-05 9.98948E-05 9.98948E-05 9.98948E-05 9.98948E-05 9.98948E-05 0.0641062 0.0827721 0.00393974 0.840865 9.98948E-05 9.98948E-05 9.98948E-05
9.9886E-05 9.9886E-05 9.9886E-05 9.9886E-05 9.9886E-05 0.00897183 9.9886E-05 9.9886E-05 9.9886E-05 0.0310103 9.9886E-05 9.9886E-05 9.9886E-05 0.94037 0.0183491 9.9886E-05 9.9886E-05
9.99122E-05 9.99122E-05 9.99122E-05 9.99122E-05 9.99122E-05 0.199239 9.99122E-05 9.99122E-05 0.0013164 0.0694894 9.99122E-05 0.106787 9.99122E-05 0.497996 0.0286788 0.0954944 9.99122E-05
9.98947E-05 9.98947E-05 9.98947E-05 0.0074082 9.98947E-05 9.98947E-05 0.129959 9.98947E-05 9.98947E-05 9.98947E-05 9.98947E-05 0.0179458 9.98947E-05 0.776222 9.98947E-05 0.0672666 9.98947E-05
9.98772E-05 0.0317109 9.98772E-05 9.98772E-05 9.98772E-05 9.98772E-05 9.98772E-05 9.98772E-05 9.98772E-05 9.98772E-05 9.98772E-05 0.022779 9.98772E-05 0.944112 9.98772E-05 9.98772E-05 9.98772E-05
9.98946E-05 9.98946E-05 9.98946E-05 9.98946E-05 9.98946E-05 9.98946E-05 0.0704771 9.98946E-05 9.98946E-05 0.0460668 9.98946E-05 0.224938 9.98946E-05 0.457669 9.98946E-05 0.19965 9.98946E-05
9.9886E-05 9.9886E-05 0.0165727 9.9886E-05 9.9886E-05 0.0849119 9.9886E-05 9.9886E-05 9.9886E-05 9.9886E-05 9.9886E-05 0.147414 9.9886E-05 0.749803 9.9886E-05 9.9886E-05 9.9886E-05
9.99122E-05 9.99122E-05 9.99122E-05 9.99122E-05 0.0135647 9.99122E-05 0.105295 9.99122E-05 9.99122E-05 0.0899763 9.99122E-05 0.218769 9.99122E-05 0.387256 0.00237748 0.181763 9.99122E-05
9.99035E-05 9.99035E-05 9.99035E-05 9.99035E-05 9.99035E-05 0.194326 0.0600708 9.99035E-05 0.0758367 9.99035E-05 9.99035E-05 0.128971 9.99035E-05 0.42032 9.99035E-05 0.119377 9.99035E-05
9.99034E-05 9.99034E-05 0.0574051 9.99034E-05 9.99034E-05 0.532375 9.99034E-05 9.99034E-05 9.99034E-05 9.99034E-05 9.99034E-05 9.99034E-05 0.0587042 0.285983 0.0455592 0.0188744 9.99034E-05
9.98858E-05 9.98858E-05 9.98858E-05 9.98858E-05 9.98858E-05 9.98858E-05 9.98858E-05 9.98858E-05 9.98858E-05 0.026846 9.98858E-05 0.159424 9.98858E-05 0.714451 9.98858E-05 0.097981 9.98858E-05
9.9886E-05 9.9886E-05 9.9886E-05 9.9886E-05 9.9886E-05 9.9886E-05 0.0238144 9.9886E-05 9.9886E-05 9.9886E-05 9.9886E-05 0.268388 9.9886E-05 0.500098 9.9886E-05 0.206401 9.9886E-05
9.98948E-05 9.98948E-05 9.98948E-05 9.98948E-05 0.0221116 0.0253543 9.98948E-05 9.98948E-05 9.98948E-05 0.0409972 9.98948E-05 9.98948E-05 9.98948E-05 0.793015 9.98948E-05 0.117323 9.98948E-05
0.00322179 9.98948E-05 9.98948E-05 9.98948E-05 0.0277618 9.98948E-05 9.98948E-05 9.98948E-05 9.98948E-05 9.98948E-05 9.98948E-05 0.00513194 9.98948E-05 0.772706 9.98948E-05 0.18998 9.98948E-05
0.0203059 9.98771E-05 9.98771E-05 9.98771E-05 9.98771E-05 9.98771E-05 9.98771E-05 9.98771E-05 9.98771E-05 0.00652991 9.98771E-05 9.98771E-05 9.98771E-05 0.971766 9.98771E-05 9.98771E-05 9.98771E-05
9.98946E-05 9.98946E-05 9.98946E-05 0.117388 9.98946E-05 9.98946E-05 9.98946E-05 9.98946E-05 9.98946E-05 0.114028 9.98946E-05 0.220183 9.98946E-05 0.363632 9.98946E-05 0.18357 9.98946E-05
9.98858E-05 9.98858E-05 9.98858E-05 9.98858E-05 9.98858E-05 9.98858E-05 9.98858E-05 9.98858E-05 9.98858E-05 9.98858E-05 0.128878 0.00771998 9.98858E-05 0.812858 9.98858E-05 0.0492452 9.98858E-05
9.98772E-05 9.98772E-05 9.98772E-05 9.98772E-05 9.98772E-05 9.98772E-05 9.98772E-05 9.98772E-05 9.98772E-05 9.98772E-05 9.98772E-05 0.00985688 9.98772E-05 0.975682 9.98772E-05 0.0130624 9.98772E-05
9.99122E-05 9.99122E-05 9.99122E-05 9.99122E-05 0.0181145 0.0768877 0.0123245 9.99122E-05 9.99122E-05 9.99122E-05 0.0300406 0.0613047 9.99122E-05 0.780482 9.99122E-05 9.99122E-05 0.0198464
9.98858E-05 0.0336699 9.98858E-05 9.98858E-05 9.98858E-05 9.98858E-05 9.98858E-05 9.98858E-05 9.98858E-05 9.98858E-05 9.98858E-05 0.0735685 9.98858E-05 0.61814 9.98858E-05 0.273323 9.98858E-05
9.98858E-05 9.98858E-05 9.98858E-05 0.0877543 9.98858E-05 0.508381 9.98858E-05 9.98858E-05 9.98858E-05 9.98858E-05 9.98858E-05 0.0629463 9.98858E-05 0.33962 9.98858E-05 9.98858E-05 9.98858E-05
9.9886E-05 9.9886E-05 9.9886E-05 9.9886E-05 9.9886E-05 0.224533 9.9886E-05 9.9886E-05 9.9886E-05 0.0482425 9.9886E-05 9.9886E-05 9.9886E-05 0.67689 9.9886E-05 0.0490357 9.9886E-05
9.98773E-05 9.98773E-05 9.98773E-05 9.98773E-05 9.98773E-05 0.186317 9.98773E-05 9.98773E-05 9.98773E-05 9.98773E-05 9.98773E-05 0.0104533 9.98773E-05 0.801832 9.98773E-05 9.98773E-05 9.98773E-05
9.99035E-05 0.0107474 9.99035E-05 9.99035E-05 9.99035E-05 0.338178 0.0144468 9.99035E-05 9.99035E-05 0.0424903 9.99035E-05 0.0561795 9.99035E-05 0.536859 9.99035E-05 9.99035E-05 9.99035E-05
9.98946E-05 9.98946E-05 9.98946E-05 9.98946E-05 0.0362198 9.98946E-05 0.0595857 9.98946E-05 9.98946E-05 9.98946E-05 9.98946E-05 0.0824683 9.98946E-05 0.428557 9.98946E-05 0.39197 9.98946E-05
9.98771E-05 9.98771E-05 9.98771E-05 0.0210482 9.98771E-05 9.98771E-05 9.98771E-05 9.98771E-05 9.98771E-05 9.98771E-05 9.98771E-05 0.146258 9.98771E-05 0.831296 9.98771E-05 9.98771E-05 9.98771E-05
9.98947E-05 9.98947E-05 9.98947E-05 9.98947E-05 9.98947E-05 0.589608 9.98947E-05 9.98947E-05 9.98947E-05 0.096617 9.98947E-05 0.125679 9.98947E-05 0.137145 9.98947E-05 0.0497526 9.98947E-05
9.98772E-05 9.98772E-05 9.98772E-05 9.98772E-05 9.98772E-05 0.418116 9.98772E-05 9.98772E-05 9.98772E-05 9.98772E-05 9.98772E-05 9.98772E-05 9.98772E-05 0.540577 9.98772E-05 0.0399089 9.98772E-05
9.99034E-05 9.99034E-05 9.99034E-05 9.99034E-05 9.99034E-05 9.99034E-05 0.133723 9.99034E-05 9.99034E-05 0.0973201 0.0112241 0.17498 9.99034E-05 0.545094 9.99034E-05 0.0365601 9.99034E-05
9.99034E-05 9.99034E-05 9.99034E-05 9.99034E-05 0.00903374 0.0170216 9.99034E-05 9.99034E-05 0.239059 9.99034E-05 9.99034E-05 0.0821376 9.99034E-05 0.531207 9.99034E-05 0.120442 9.99034E-05
9.99124E-05 9.99124E-05 0.112823 9.99124E-05 9.99124E-05 0.0271416 0.106891 9.99124E-05 9.99124E-05 9.99124E-05 0.0471478 0.148632 9.99124E-05 0.531653 9.99124E-05 0.024712 9.99124E-05
9.99035E-05 9.99035E-05 9.99035E-05 9.99035E-05 0.0387818 9.99035E-05 9.99035E-05 9.99035E-05 0.0656552 9.99035E-05 9.99035E-05 0.229352 9.99035E-05 0.38798 0.0961365 0.180995 9.99035E-05
0.0989959 9.9886E-05 9.9886E-05 9.9886E-05 9.9886E-05 0.326964 9.9886E-05 9.9886E-05 9.9886E-05 9.9886E-05 9.9886E-05 9.9886E-05 9.9886E-05 0.528432 9.9886E-05 0.0443098 9.9886E-05
9.98858E-05 9.98858E-05 9.98858E-05 9.98858E-05 0.0415556 9.98858E-05 9.98858E-05 9.98858E-05 9.98858E-05 9.98858E-05 9.98858E-05 9.98858E-05 9.98858E-05 0.745528 9.98858E-05 0.122694 0.0889242
9.98947E-05 9.98947E-05 9.98947E-05 0.00630194 9.98947E-05 0.522127 9.98947E-05 9.98947E-05 9.98947E-05 9.98947E-05 9.98947E-05 0.113128 9.98947E-05 0.326607 9.98947E-05 0.0306366 9.98947E-05
9.99036E-05 0.0388785 9.99036E-05 9.99036E-05 0.0898172 0.114115 9.99036E-05 9.99036E-05 9.99036E-05 9.99036E-05 9.99036E-05 0.0736817 9.99036E-05 0.569178 9.99036E-05 0.11323 9.99036E-05
0.0103313 9.98771E-05 9.98771E-05 9.98771E-05 9.98771E-05 9.98771E-05 9.98771E-05 9.98771E-05 9.98771E-05 9.98771E-05 9.98771E-05 0.0313362 9.98771E-05 0.956934 9.98771E-05 9.98771E-05 9.98771E-05
9.98858E-05 0.00455808 9.98858E-05 9.98858E-05 0.00750294 9.98858E-05 9.98858E-05 9.98858E-05 9.98858E-05 9.98858E-05 9.98858E-05 9.98858E-05 9.98858E-05 0.938644 9.98858E-05 9.98858E-05 0.0479966
9.98858E-05 9.98858E-05 9.98858E-05 9.98858E-05 9.98858E-05 9.98858E-05 0.160027 9.98858E-05 9.98858E-05 9.98858E-05 9.98858E-05 0.174827 9.98858E-05 0.561213 9.98858E-05 0.102635 9.98858E-05
9.98771E-05 9.98771E-05 9.98771E-05 9.98771E-05 9.98771E-05 9.98771E-05 9.98771E-05 9.98771E-05 9.98771E-05 9.98771E-05 9.98771E-05 0.154431 9.98771E-05 0.761915 9.98771E-05 0.0822559 9.98771E-05
9.98946E-05 9.98946E-05 9.98946E-05 0.00274478 0.0126314 9.98946E-05 9.98946E-05 9.98946E-05 9.98946E-05 9.98946E-05 9.98946E-05 0.0271922 0.00295421 0.953279 9.98946E-05 9.98946E-05 9.98946E-05
9.98948E-05 9.98948E-05 9.98948E-05 9.98948E-05 9.98948E-05 0.0399832 9.98948E-05 9.98948E-05 9.98948E-05 0.128081 9.98948E-05 9.98948E-05 0.0116092 0.793927 9.98948E-05 0.0252008 9.98948E-05
9.98947E-05 9.98947E-05 9.98947E-05 9.98947E-05 9.98947E-05 0.119396 0.0308391 9.98947E-05 9.98947E-05 9.98947E-05 9.98947E-05 0.221169 9.98947E-05 0.625321 9.98947E-05 0.00207509 9.98947E-05
9.98594E-05 9.98594E-05 9.98594E-05 9.98594E-05 9.98594E-05 9.98594E-05 9.98594E-05 9.98594E-05 9.98594E-05 9.98594E-05 9.98594E-05 9.98594E-05 9.98594E-05 9.98594E-05 9.98594E-05 0.998402 9.98594E-05
9.98592E-05 9.98592E-05 9.98592E-05 9.98592E-05 9.98592E-05 9.98592E-05 9.98592E-05 9.98592E-05 9.98592E-05 9.98592E-05 9.98592E-05 0.998402 9.98592E-05 9.98592E-05 9.98592E-05 9.98592E-05 9.98592E-05
9.98593E-05 9.98593E-05 9.98593E-05 9.98593E-05 9.98593E-05 9.98593E-05 9.98593E-05 9.98593E-05 9.98593E-05 9.98593E-05 9.98593E-05 9.98593E-05 9.98593E-05 9.98593E-05 9.98593E-05 0.998402 9.98593E-05
9.98594E-05 9.98594E-05 9.98594E-05 9.98594E-05 9.98594E-05 9.98594E-05 9.98594E-05 9.98594E-05 9.98594E-05 9.98594E-05 9.98594E-05 0.998402 9.98594E-05 9.98594E-05 9.98594E-05 9.98594E-05 9.98594E-05
9.98593E-05 9.98593E-05 9.98593E-05 9.98593E-05 9.98593E-05 9.98593E-05 9.98593E-05 9.98593E-05 9.98593E-05 9.98593E-05 9.98593E-05 0.998402 9.98593E-05 9.98593E-05 9.98593E-05 9.98593E-05 9.98593E-05
9.98594E-05 9.98594E-05 9.98594E-05 9.98594E-05 9.98594E-05 9.98594E-05 9.98594E-05 9.98594E-05 9.98594E-05 9.98594E-05 9.98594E-05 0.998402 9.98594E-05 9.98594E-05 9.98594E-05 9.98594E-05 9.98594E-05
9.98593E-05 9.98593E-05 9.98593E-05 9.98593E-05 9.98593E-05 9.98593E-05 9.98593E-05 9.98593E-05 9.98593E-05 9.98593E-05 9.98593E-05 9.98593E-05 9.98593E-05 9.98593E-05 9.98593E-05 0.998402 9.98593E-05
9.98593E-05 9.98593E-05 9.98593E-05 9.98593E-05 9.98593E-05 9.98593E-05 9.98593E-05 9.98593E-05 9.98593E-05 9.98593E-05 9.98593E-05 0.998402 9.98593E-05 9.98593E-05 9.98593E-05 9.98593E-05 9.98593E-05
9.98593E-05 9.98593E-05 9.98593E-05 9.98593E-05 9.98593E-05 9.98593E-05 9.98593E-05 9.98593E-05 9.98593E-05 9.98593E-05 9.98593E-05 0.998402 9.98593E-05 9.98593E-05 9.98593E-05 9.98593E-05 9.98593E-05
9.98593E-05 9.98593E-05 9.98593E-05 9.98593E-05 9.98593E-05 9.98593E-05 9.98593E-05 9.98593E-05 9.98593E-05 9.98593E-05 9.98593E-05 9.98593E-05 9.98593E-05 9.98593E-05 9.98593E-05 0.998402 9.98593E-05
9.98593E-05 9.98593E-05 9.98593E-05 9.98593E-05 9.98593E-05 9.98593E-05 9.98593E-05 9.98593E-05 9.98593E-05 9.98593E-05 9.98593E-05 9.98593E-05 9.98593E-05 9.98593E-05 9.98593E-05 0.998402 9.98593E-05
9.98594E-05 9.98594E-05 9.98594E-05 9.98594E-05 9.98594E-05 9.98594E-05 9.98594E-05 9.98594E-05 9.98594E-05 9.98594E-05 9.98594E-05 9.98594E-05 9.98594E-05 9.98594E-05 9.98594E-05 0.998402 9.98594E-05
9.98594E-05 9.98594E-05 9.98594E-05 9.98594E-05 9.98594E-05 9.98594E-05 9.98594E-05 9.98594E-05 9.98594E-05 9.98594E-05 9.98594E-05 0.998402 9.98594E-05 9.98594E-05 9.98594E-05 9.98594E-05 9.98594E-05
9.98594E-05 9.98594E-05 9.98594E-05 9.98594E-05 9.98594E-05 9.98594E-05 9.98594E-05 9.98594E-05 9.98594E-05 9.98594E-05 9.98594E-05 0.998402 9.98594E-05 9.98594E-05 9.98594E-05 9.98594E-05 9.98594E-05
9.98593E-05 9.98593E-05 9.98593E-05 9.98593E-05 9.98593E-05 9.98593E-05 9.98593E-05 9.98593E-05 9.98593E-05 9.98593E-05 9.98593E-05 9.98593E-05 9.98593E-05 9.98593E-05 9.98593E-05 0.998402 9.98593E-05
9.98593E-05 9.98593E-05 9.98593E-05 9.98593E-05 9.98593E-05 9.98593E-05 9.98593E-05 9.98593E-05 9.98593E-05 9.98593E-05 9.98593E-05 9.98593E-05 9.98593E-05 9.98593E-05 9.98593E-05 0.998402 9.98593E-05
9.99001E-05 9.99001E-05 0.0484685 9.99001E-05 9.99001E-05 9.99001E-05 9.99001E-05 9.99001E-05 9.99001E-05 0.00328148 9.99001E-05 0.038923 0.0716516 0.57707 9.99001E-05 0.0662625 0.193344
9.98594E-05 9.98594E-05 9.98594E-05 9.98594E-05 9.98594E-05 9.98594E-05 9.98594E-05 9.98594E-05 9.98594E-05 9.98594E-05 9.98594E-05 9.98594E-05 9.98594E-05 9.98594E-05 9.98594E-05 0.998402 9.98594E-05
9.98593E-05 9.98593E-05 9.98593E-05 9.98593E-05 9.98593E-05 9.98593E-05 9.98593E-05 9.98593E-05 9.98593E-05 9.98593E-05 9.98593E-05 0.998402 9.98593E-05 9.98593E-05 9.98593E-05 9.98593E-05 9.98593E-05
9.98592E-05 9.98592E-05 9.98592E-05 9.98592E-05 9.98592E-05 9.98592E-05 9.98592E-05 9.98592E-05 9.98592E-05 9.98592E-05 9.98592E-05 9.98592E-05 9.98592E-05 9.98592E-05 9.98592E-05 0.998402 9.98592E-05
9.98594E-05 9.98594E-05 9.98594E-05 9.98594E-05 9.98594E-05 9.98594E-05 9.98594E-05 9.98594E-05 9.98594E-05 9.98594E-05 9.98594E-05 9.98594E-05 9.98594E-05 9.98594E-05 9.98594E-05 0.998402 9.98594E-05
9.98593E-05 9.98593E-05 9.98593E-05 9.98593E-05 9.98593E-05 9.98593E-05 9.98593E-05 9.98593E-05 9.98593E-05 9.98593E-05 9.98593E-05 9.98593E-05 9.98593E-05 9.98593E-05 9.98593E-05 0.998402 9.98593E-05
9.98593E-05 9.98593E-05 9.98593E-05 9.98593E-05 9.98593E-05 9.98593E-05 9.98593E-05 9.98593E-05 9.98593E-05 9.98593E-05 9.98593E-05 0.998402 9.98593E-05 9.98593E-05 9.98593E-05 9.98593E-05 9.98593E-05
9.98594E-05 9.98594E-05 9.98594E-05 9.98594E-05 9.98594E-05 9.98594E-05 9.98594E-05 9.98594E-05 9.98594E-05 9.98594E-05 9.98594E-05 9.98594E-05 9.98594E-05 9.98594E-05 9.98594E-05 0.998402 9.98594E-05
9.98594E-05 9.98594E-05 9.98594E-05 9.98594E-05 9.98594E-05 9.98594E-05 9.98594E-05 9.98594E-05 9.98594E-05 9.98594E-05 9.98594E-05 0.998402 9.98594E-05 9.98594E-05 9.98594E-05 9.98594E-05 9.98594E-05
9.98593E-05 9.98593E-05 9.98593E-05 9.98593E-05 9.98593E-05 9.98593E-05 9.98593E-05 9.98593E-05 9.98593E-05 9.98593E-05 9.98593E-05 9.98593E-05 9.98593E-05 9.98593E-05 9.98593E-05 0.998402 9.98593E-05
9.98594E-05 9.98594E-05 9.98594E-05 9.98594E-05 9.98594E-05 9.98594E-05 9.98594E-05 9.98594E-05 9.98594E-05 9.98594E-05 9.98594E-05 9.98594E-05 9.98594E-05 9.98594E-05 9.98594E-05 0.998402 9.98594E-05
9.98594E-05 9.98594E-05 9.98594E-05 9.98594E-05 9.98594E-05 9.98594E-05 9.98594E-05 9.98594E-05 9.98594E-05 9.98594E-05 9.98594E-05 0.998402 9.98594E-05 9.98594E-05 9.98594E-05 9.98594E-05 9.98594E-05
9.98593E-05 9.98593E-05 9.98593E-05 9.98593E-05 9.98593E-05 9.98593E-05 9.98593E-05 9.98593E-05 9.98593E-05 9.98593E-05 9.98593E-05 0.998402 9.98593E-05 9.98593E-05 9.98593E-05 9.98593E-05 9.98593E-05
9.98594E-05 9.98594E-05 9.98594E-05 9.98594E-05 9.98594E-05 9.98594E-05 9.98594E-05 9.98594E-05 9.98594E-05 9.98594E-05 9.98594E-05 0.998402 9.98594E-05 9.98594E-05 9.98594E-05 9.98594E-05 9.98594E-05
9.98594E-05 9.98594E-05 9.98594E-05 9.98594E-05 9.98594E-05 9.98594E-05 9.98594E-05 9.98594E-05 9.98594E-05 9.98594E-05 9.98594E-05 9.98594E-05 9.98594E-05 9.98594E-05 9.98594E-05 0.998402 9.98594E-05
9.98594E-05 9.98594E-05 9.98594E-05 9.98594E-05 9.98594E-05 9.98594E-05 9.98594E-05 9.98594E-05 9.98594E-05 9.98594E-05 9.98594E-05 9.98594E-05 9.98594E-05 9.98594E-05 9.98594E-05 0.998402 9.98594E-05
9.98593E-05 9.98593E-05 9.98593E-05 9.98593E-05 9.98593E-05 9.98593E-05 9.98593E-05 9.98593E-05 9.98593E-05 9.98593E-05 9.98593E-05 9.98593E-05 9.98593E-05 9.98593E-05 9.98593E-05 0.998402 9.98593E-05
9.98593E-05 9.98593E-05 9.98593E-05 9.98593E-05 9.98593E-05 9.98593E-05 9.98593E-05 9.98593E-05 9.98593E-05 9.98593E-05 9.98593E-05 9.98593E-05 9.98593E-05 9.98593E-05 9.98593E-05 0.998402 9.98593E-05
9.98592E-05 9.98592E-05 9.98592E-05 9.98592E-05 9.98592E-05 9.98592E-05 9.98592E-05 9.98592E-05 9.98592E-05 9.98592E-05 9.98592E-05 9.98592E-05 9.98592E-05 9.98592E-05 9.98592E-05 0.998402 9.98592E-05
9.98593E-05 9.98593E-05 9.98593E-05 9.98593E-05 9.98593E-05 9.98593E-05 9.98593E-05 9.98593E-05 9.98593E-05 9.98593E-05 9.98593E-05 0.998402 9.98593E-05 9.98593E-05 9.98593E-05 9.98593E-05 9.98593E-05
9.98593E-05 9.98593E-05 9.98593E-05 9.98593E-05 9.98593E-05 9.98593E-05 9.98593E-05 9.98593E-05 9.98593E-05 9.98593E-05 9.98593E-05 0.998402 9.98593E-05 9.98593E-05 9.98593E-05 9.98593E-05 9.98593E-05
9.98593E-05 9.98593E-05 9.98593E-05 9.98593E-05 9.98593E-05 9.98593E-05 9.98593E-05 9.98593E-05 9.98593E-05 9.98593E-05 9.98593E-05 0.998402 9.98593E-05 9.98593E-05 9.98593E-05 9.98593E-05 9.98593E-05
9.98594E-05 9.98594E-05 9.98594E-05 9.98594E-05 9.98594E-05 9.98594E-05 9.98594E-05 9.98594E-05 9.98594E-05 9.98594E-05 9.98594E-05 9.98594E-05 9.98594E-05 9.98594E-05 9.98594E-05 0.998402 9.98594E-05
9.98594E-05 9.98594E-05 9.98594E-05 9.98594E-05 9.98594E-05 9.98594E-05 9.98594E-05 9.98594E-05 9.98594E-05 9.98594E-05 9.98594E-05 0.998402 9.98594E-05 9.98594E-05 9.98594E-05 9.98594E-05 9.98594E-05
9.98593E-05 9.98593E-05 9.98593E-05 9.98593E-05 9.98593E-05 9.98593E-05 9.98593E-05 9.98593E-05 9.98593E-05 9.98593E-05 9.98593E-05 0.998402 9.98593E-05 9.98593E-05 9.98593E-05 9.98593E-05 9.98593E-05
9.98593E-05 9.98593E-05 9.98593E-05 9.98593E-05 9.98593E-05 9.98593E-05 9.98593E-05 9.98593E-05 9.98593E-05 9.98593E-05 9.98593E-05 0.998402 9.98593E-05 9.98593E-05 9.98593E-05 9.98593E-05 9.98593E-05
9.98593E-05 9.98593E-05 9.98593E-05 9.98593E-05 9.98593E-05 9.98593E-05 9.98593E-05 9.98593E-05 9.98593E-05 9.98593E-05 9.98593E-05 0.998402 9.98593E-05 9.98593E-05 9.98593E-05 9.98593E-05 9.98593E-05
9.98592E-05 9.98592E-05 9.98592E-05 9.98592E-05 9.98592E-05 9.98592E-05 9.98592E-05 9.98592E-05 9.98592E-05 9.98592E-05 9.98592E-05 9.98592E-05 9.98592E-05 9.98592E-05 9.98592E-05 0.998402 9.98592E-05
9.98594E-05 9.98594E-05 9.98594E-05 9.98594E-05 9.98594E-05 9.98594E-05 9.98594E-05 9.98594E-05 9.98594E-05 9.98594E-05 9.98594E-05 0.998402 9.98594E-05 9.98594E-05 9.98594E-05 9.98594E-05 9.98594E-05
9.98593E-05 9.98593E-05 9.98593E-05 9.98593E-05 9.98593E-05 9.98593E-05 9.98593E-05 9.98593E-05 9.98593E-05 9.98593E-05 9.98593E-05 0.998402 9.98593E-05 9.98593E-05 9.98593E-05 9.98593E-05 9.98593E-05
9.99033E-05 9.99033E-05 0.0128126 9.99033E-05 9.99033E-05 9.99033E-05 9.99033E-05 9.99033E-05 9.99033E-05 0.0503448 9.99033E-05 0.0184704 9.99033E-05 0.612149 9.99033E-05 0.130408 0.174716
9.98593E-05 9.98593E-05 9.98593E-05 9.98593E-05 9.98593E-05 9.98593E-05 9.98593E-05 9.98593E-05 9.98593E-05 9.98593E-05 9.98593E-05 9.98593E-05 9.98593E-05 9.98593E-05 9.98593E-05 0.998402 9.98593E-05
9.98594E-05 9.98594E-05 9.98594E-05 9.98594E-05 9.98594E-05 9.98594E-05 9.98594E-05 9.98594E-05 9.98594E-05 9.98594E-05 9.98594E-05 0.998402 9.98594E-05 9.98594E-05 9.98594E-05 9.98594E-05 9.98594E-05
9.98593E-05 9.98593E-05 9.98593E-05 9.98593E-05 9.98593E-05 9.98593E-05 9.98593E-05 9.98593E-05 9.98593E-05 9.98593E-05 9.98593E-05 0.998402 9.98593E-05 9.98593E-05 9.98593E-05 9.98593E-05 9.98593E-05
9.98593E-05 9.98593E-05 9.98593E-05 9.98593E-05 9.98593E-05 9.98593E-05 9.98593E-05 9.98593E-05 9.98593E-05 9.98593E-05 9.98593E-05 0.998402 9.98593E-05 9.98593E-05 9.98593E-05 9.98593E-05 9.98593E-05
9.98594E-05 9.98594E-05 9.98594E-05 9.98594E-05 9.98594E-05 9.98594E-05 9.98594E-05 9.98594E-05 9.98594E-05 9.98594E-05 9.98594E-05 0.998402 9.98594E-05 9.98594E-05 9.98594E-05 9.98594E-05 9.98594E-05
9.98593E-05 9.98593E-05 9.98593E-05 9.98593E-05 9.98593E-05 9.98593E-05 9.98593E-05 9.98593E-05 9.98593E-05 9.98593E-05 9.98593E-05 9.98593E-05 9.98593E-05 9.98593E-05 9.98593E-05 0.998402 9.98593E-05
9.98594E-05 9.98594E-05 9.98594E-05 9.98594E-05 9.98594E-05 9.98594E-05 9.98594E-05 9.98594E-05 9.98594E-05 9.98594E-05 9.98594E-05 0.998402 9.98594E-05 9.98594E-05 9.98594E-05 9.98594E-05 9.98594E-05
9.98592E-05 9.98592E-05 9.98592E-05 9.98592E-05 9.98592E-05 9.98592E-05 9.98592E-05 9.98592E-05 9.98592E-05 9.98592E-05 9.98592E-05 9.98592E-05 9.98592E-05 9.98592E-05 9.98592E-05 0.998402 9.98592E-05
9.98593E-05 9.98593E-05 9.98593E-05 9.98593E-05 9.98593E-05 9.98593E-05 9.98593E-05 9.98593E-05 9.98593E-05 9.98593E-05 9.98593E-05 0.998402 9.98593E-05 9.98593E-05 9.98593E-05 9.98593E-05 9.98593E-05
9.98593E-05 9.98593E-05 9.98593E-05 9.98593E-05 9.98593E-05 9.98593E-05 9.98593E-05 9.98593E-05 9.98593E-05 9.98593E-05 9.98593E-05 9.98593E-05 9.98593E-05 9.98593E-05 9.98593E-05 0.998402 9.98593E-05
9.98593E-05 9.98593E-05 9.98593E-05 9.98593E-05 9.98593E-05 9.98593E-05 9.98593E-05 9.98593E-05 9.98593E-05 9.98593E-05 9.98593E-05 0.998402 9.98593E-05 9.98593E-05 9.98593E-05 9.98593E-05 9.98593E-05
