0.080191 9.99561E-05 9.99561E-05 9.99561E-05 0.505948 0.0203209 0.0850645 0.30374 9.99561E-05 0.00423587 9.99561E-05
0.00548314 9.99385E-05 9.99385E-05 9.99385E-05 0.817262 9.99385E-05 0.109759 0.066797 9.99385E-05 9.99385E-05 9.99385E-05
9.99297E-05 9.99297E-05 0.0443191 9.99297E-05 0.942852 9.99297E-05 9.99297E-05 9.99297E-05 9.99297E-05 9.99297E-05 0.0120297
0.0812511 0.0430594 0.0953575 0.0176629 0.316188 9.99736E-05 9.99736E-05 0.0393111 0.304437 0.102433 9.99736E-05
9.99298E-05 9.99298E-05 0.0829413 9.99298E-05 0.889262 9.99298E-05 9.99298E-05 9.99298E-05 9.99298E-05 0.0269972 9.99298E-05
9.99649E-05 0.156226 0.203704 0.0507756 0.295903 9.99649E-05 0.08946 0.166349 0.037182 9.99649E-05 9.99649E-05
0.125191 9.99561E-05 9.99561E-05 9.99561E-05 0.284546 9.99561E-05 0.14161 0.149194 0.273174 9.99561E-05 0.0257844
0.1053 0.0764644 0.133789 9.99649E-05 0.225814 0.0141275 9.99649E-05 0.260948 9.99649E-05 9.99649E-05 0.183157
9.99473E-05 0.463814 0.0383855 9.99473E-05 0.353042 9.99473E-05 9.99473E-05 9.99473E-05 0.054367 0.0897918 9.99473E-05
9.99211E-05 9.99211E-05 9.99211E-05 9.99211E-05 0.969107 0.0299938 9.99211E-05 9.99211E-05 9.99211E-05 9.99211E-05 9.99211E-05
0.145657 0.158053 9.99385E-05 9.99385E-05 0.533375 9.99385E-05 9.99385E-05 0.162215 9.99385E-05 9.99385E-05 9.99385E-05
0.0126894 9.99385E-05 9.99385E-05 9.99385E-05 0.960697 9.99385E-05 9.99385E-05 9.99385E-05 0.00762324 9.99385E-05 0.0182909
9.9921E-05 9.9921E-05 9.9921E-05 9.9921E-05 0.927413 9.9921E-05 9.9921E-05 0.0716873 9.9921E-05 9.9921E-05 9.9921E-05
0.00678569 0.0210608 9.99649E-05 0.190393 0.740667 9.99649E-05 0.00514858 9.99649E-05 9.99649E-05 0.00126483 0.0342803
9.99561E-05 0.197196 9.99561E-05 0.109481 0.348071 9.99561E-05 9.99561E-05 0.156284 0.150419 0.0380496 9.99561E-05
0.0126293 0.361283 9.99737E-05 9.99737E-05 0.28956 0.0371261 9.99737E-05 0.14304 0.0452016 0.0583169 0.0525433
0.0127753 9.99562E-05 9.99562E-05 0.0219152 0.665539 9.99562E-05 0.149657 9.99562E-05 0.145657 9.99562E-05 0.0039571
9.99473E-05 0.164607 9.99473E-05 9.99473E-05 0.158018 0.11978 9.99473E-05 0.391155 9.99473E-05 0.16584 9.99473E-05
0.0257108 0.226553 9.9956E-05 9.9956E-05 0.446607 0.0384948 9.9956E-05 0.115037 0.147098 9.9956E-05 9.9956E-05
9.9921E-05 9.9921E-05 9.9921E-05 9.9921E-05 0.9887 9.9921E-05 9.9921E-05 9.9921E-05 9.9921E-05 0.0104003 9.9921E-05
0.0496647 0.0860295 0.11161 9.99737E-05 0.492899 0.00317356 9.99737E-05 9.99737E-05 0.192312 0.0246475 0.0393638
0.0482417 0.178573 0.0869654 9.99649E-05 0.277719 0.0409757 9.99649E-05 0.201247 0.165878 9.99649E-05 9.99649E-05
0.0624931 0.0185304 9.99473E-05 9.99473E-05 0.697108 9.99473E-05 0.0459556 0.175313 9.99473E-05 9.99473E-05 9.99473E-05
9.99473E-05 0.158356 9.99473E-05 9.99473E-05 0.401729 9.99473E-05 9.99473E-05 0.200756 0.182305 9.99473E-05 0.0562551
0.0922519 0.327577 9.99649E-05 0.0239645 0.356545 9.99649E-05 9.99649E-05 0.0517486 0.02083 0.126683 9.99649E-05
9.99561E-05 0.0433046 0.10677 0.120818 0.7116 9.99561E-05 9.99561E-05 0.0166806 9.99561E-05 9.99561E-05 0.000326325
9.99648E-05 0.0764863 0.0229135 0.178884 9.99648E-05 0.125966 9.99648E-05 0.484439 9.99648E-05 0.0176977 0.0932144
9.9921E-05 9.9921E-05 9.9921E-05 9.9921E-05 0.889397 9.9921E-05 9.9921E-05 9.9921E-05 0.109703 9.9921E-05 9.9921E-05
0.0165199 0.053774 9.99474E-05 9.99474E-05 0.614489 9.99474E-05 9.99474E-05 0.217458 9.99474E-05 0.0971595 9.99474E-05
0.0352184 0.0475627 9.99473E-05 0.0404255 0.857878 9.99473E-05 0.0183157 9.99473E-05 9.99473E-05 9.99473E-05 9.99473E-05
0.103903 0.0253177 9.99561E-05 9.99561E-05 0.676995 0.000393099 9.99561E-05 0.183453 9.99561E-05 0.00943833 9.99561E-05
0.0648813 0.0364639 9.99561E-05 0.186682 0.605947 9.99561E-05 9.99561E-05 0.0482616 0.0572647 9.99561E-05 9.99561E-05
0.0796307 0.108532 9.99472E-05 9.99472E-05 0.516635 9.99472E-05 9.99472E-05 0.252617 9.99472E-05 9.99472E-05 0.041986
9.99561E-05 9.99561E-05 9.99561E-05 0.187655 0.567242 0.0456832 9.99561E-05 0.0879182 0.0526718 9.99561E-05 0.0583297
0.0334212 9.99386E-05 9.99386E-05 9.99386E-05 0.880476 9.99386E-05 0.0580012 9.99386E-05 9.99386E-05 0.0274023 9.99386E-05
9.99474E-05 0.0421092 9.99474E-05 9.99474E-05 0.68265 9.99474E-05 0.0484418 0.00672073 0.219478 9.99474E-05 9.99474E-05
0.0149611 9.99298E-05 9.99298E-05 9.99298E-05 0.93189 9.99298E-05 9.99298E-05 9.99298E-05 9.99298E-05 9.99298E-05 0.0523498
9.99299E-05 0.199709 9.99299E-05 9.99299E-05 0.731544 9.99299E-05 9.99299E-05 9.99299E-05 9.99299E-05 0.0679472 9.99299E-05
0.0148953 0.109265 0.0835221 0.0775804 0.637621 9.99561E-05 0.0766161 9.99561E-05 9.99561E-05 9.99561E-05 9.99561E-05
9.99386E-05 0.124924 9.99386E-05 0.11041 0.61463 9.99386E-05 9.99386E-05 9.99386E-05 9.99386E-05 9.99386E-05 0.149336
0.0174927 0.0354725 9.99386E-05 9.99386E-05 0.921921 9.99386E-05 9.99386E-05 9.99386E-05 0.024414 9.99386E-05 9.99386E-05
9.99299E-05 0.0834722 9.99299E-05 9.99299E-05 0.643521 9.99299E-05 9.99299E-05 0.272208 9.99299E-05 9.99299E-05 9.99299E-05
9.99298E-05 9.99298E-05 0.0792927 9.99298E-05 0.897804 9.99298E-05 0.0221036 9.99298E-05 9.99298E-05 9.99298E-05 9.99298E-05
0.0284484 0.275598 0.00611408 9.99561E-05 0.477669 9.99561E-05 0.00408101 0.20759 9.99561E-05 9.99561E-05 9.99561E-05
0.0539696 0.111647 0.073614 9.99649E-05 0.34968 9.99649E-05 9.99649E-05 0.191297 0.193369 0.0260246 9.99649E-05
9.99297E-05 9.99297E-05 0.0111978 9.99297E-05 0.94193 9.99297E-05 9.99297E-05 9.99297E-05 9.99297E-05 0.0460732 9.99297E-05
0.00577252 0.0390702 9.99385E-05 9.99385E-05 0.922408 0.0320501 9.99385E-05 9.99385E-05 9.99385E-05 9.99385E-05 9.99385E-05
9.99145E-05 9.99145E-05 9.99145E-05 9.99145E-05 0.999001 9.99145E-05 9.99145E-05 9.99145E-05 9.99145E-05 9.99145E-05 9.99145E-05
0.0229122 9.99473E-05 0.0401707 9.99473E-05 0.695861 9.99473E-05 9.99473E-05 0.235118 9.99473E-05 9.99473E-05 0.00533833
0.0415758 9.99475E-05 9.99475E-05 9.99475E-05 0.791748 9.99475E-05 0.0391076 9.99475E-05 9.99475E-05 0.0902648 0.0367042
0.152157 0.186976 9.99736E-05 0.0998236 0.292353 0.0132649 9.99736E-05 0.18702 9.99736E-05 0.0477636 0.020342
0.000458905 9.99474E-05 0.116713 9.99474E-05 0.715961 9.99474E-05 9.99474E-05 9.99474E-05 0.14124 0.0250272 9.99474E-05
9.99211E-05 9.99211E-05 9.99211E-05 9.99211E-05 0.924486 0.0746143 9.99211E-05 9.99211E-05 9.99211E-05 9.99211E-05 9.99211E-05
9.99474E-05 0.0830665 0.0183541 9.99474E-05 0.608281 0.0534386 9.99474E-05 9.99474E-05 9.99474E-05 9.99474E-05 0.23626
9.99474E-05 0.0805898 0.0408251 9.99474E-05 0.829544 9.99474E-05 9.99474E-05 9.99474E-05 0.0456189 0.00282228 9.99474E-05
9.99561E-05 9.99561E-05 0.0602865 0.208726 0.630449 9.99561E-05 9.99561E-05 0.032494 9.99561E-05 0.0615704 0.005974
9.99298E-05 9.99298E-05 9.99298E-05 9.99298E-05 0.778315 0.143167 0.0777185 9.99298E-05 9.99298E-05 9.99298E-05 9.99298E-05
0.048054 9.99298E-05 9.99298E-05 9.99298E-05 0.871984 9.99298E-05 9.99298E-05 9.99298E-05 0.0791626 9.99298E-05 9.99298E-05
0.034023 9.99385E-05 0.00233488 9.99385E-05 0.928526 9.99385E-05 0.034417 9.99385E-05 9.99385E-05 9.99385E-05 9.99385E-05
0.00249002 0.175512 9.99473E-05 9.99473E-05 9.99473E-05 0.0413405 0.0717256 0.708332 9.99473E-05 9.99473E-05 9.99473E-05
9.99299E-05 9.99299E-05 9.99299E-05 9.99299E-05 9.99299E-05 9.99299E-05 0.00428887 0.973717 0.0211951 9.99299E-05 9.99299E-05
9.99386E-05 9.99386E-05 9.99386E-05 9.99386E-05 0.0225051 0.104485 0.0722104 0.8001 9.99386E-05 9.99386E-05 9.99386E-05
9.99561E-05 0.218941 9.99561E-05 0.168041 9.99561E-05 0.00182337 0.363825 0.227513 9.99561E-05 0.0193575 9.99561E-05
9.99561E-05 0.108129 0.222969 9.99561E-05 9.99561E-05 0.0735635 9.99561E-05 0.580145 9.99561E-05 0.00795172 0.00674152
9.99296E-05 0.184788 9.99296E-05 9.99296E-05 9.99296E-05 0.0047142 9.99296E-05 0.809698 9.99296E-05 9.99296E-05 9.99296E-05
0.0642323 0.0449174 9.99561E-05 9.99561E-05 9.99561E-05 0.0203204 0.400162 0.451618 9.99561E-05 0.0182507 9.99561E-05
9.99385E-05 0.171726 9.99385E-05 9.99385E-05 9.99385E-05 0.126806 0.185325 0.515442 9.99385E-05 9.99385E-05 9.99385E-05
9.99211E-05 9.99211E-05 9.99211E-05 9.99211E-05 9.99211E-05 9.99211E-05 0.0813159 0.917785 9.99211E-05 9.99211E-05 9.99211E-05
0.081572 9.99298E-05 9.99298E-05 9.99298E-05 9.99298E-05 9.99298E-05 0.0262867 0.891342 9.99298E-05 9.99298E-05 9.99298E-05
0.0991015 0.256427 9.99472E-05 9.99472E-05 9.99472E-05 0.0523469 9.99472E-05 0.534348 9.99472E-05 0.0571771 9.99472E-05
0.0866115 0.071786 0.0359402 9.99736E-05 9.99736E-05 0.0074354 0.105493 0.51379 0.0847193 9.99736E-05 0.0939251
0.112753 0.220506 0.108406 9.99473E-05 9.99473E-05 9.99473E-05 9.99473E-05 0.483493 9.99473E-05 9.99473E-05 0.0742422
9.99385E-05 0.1114 9.99385E-05 9.99385E-05 9.99385E-05 9.99385E-05 0.0761536 0.718313 9.99385E-05 9.99385E-05 0.0934334
0.00490417 9.99474E-05 9.99474E-05 0.0651644 9.99474E-05 9.99474E-05 0.0156021 0.898531 9.99474E-05 9.99474E-05 0.0151986
0.0149318 0.0792521 9.99386E-05 9.99386E-05 9.99386E-05 9.99386E-05 0.0636841 0.841432 9.99386E-05 9.99386E-05 9.99386E-05
9.99472E-05 9.99472E-05 9.99472E-05 9.99472E-05 9.99472E-05 0.0712405 0.143752 0.61484 0.0818609 9.99472E-05 0.0877061
0.126993 0.00191005 9.99473E-05 9.99473E-05 9.99473E-05 0.0250481 9.99473E-05 0.603017 0.242432 9.99473E-05 9.99473E-05
0.0105364 0.0483214 9.99386E-05 9.99386E-05 9.99386E-05 0.120189 9.99386E-05 0.820253 9.99386E-05 9.99386E-05 9.99386E-05
0.047631 0.0918108 0.0197111 9.99736E-05 9.99736E-05 0.00674069 0.0143786 0.769545 9.99736E-05 0.0198725 0.0300106
9.99387E-05 9.99387E-05 0.0318668 9.99387E-05 9.99387E-05 9.99387E-05 0.127641 0.822968 9.99387E-05 9.99387E-05 0.0168247
9.99384E-05 9.99384E-05 9.99384E-05 9.99384E-05 9.99384E-05 0.0168631 0.00652926 0.93796 9.99384E-05 9.99384E-05 0.0379481
0.000292689 9.99561E-05 9.99561E-05 0.187148 9.99561E-05 0.0267687 0.0523992 0.717194 9.99561E-05 0.0156971 9.99561E-05
0.0131025 0.0641481 9.99561E-05 9.99561E-05 9.99561E-05 0.0940835 9.99561E-05 0.661487 0.135933 0.0307454 9.99561E-05
0.186298 0.036659 9.99297E-05 9.99297E-05 9.99297E-05 9.99297E-05 9.99297E-05 0.776243 9.99297E-05 9.99297E-05 9.99297E-05
9.99386E-05 0.0528938 9.99386E-05 9.99386E-05 0.0611581 9.99386E-05 0.188627 0.696622 9.99386E-05 9.99386E-05 9.99386E-05
9.99211E-05 9.99211E-05 9.99211E-05 9.99211E-05 9.99211E-05 0.00789859 9.99211E-05 0.991202 9.99211E-05 9.99211E-05 9.99211E-05
9.99211E-05 9.99211E-05 9.99211E-05 9.99211E-05 9.99211E-05 9.99211E-05 0.0359383 0.963162 9.99211E-05 9.99211E-05 9.99211E-05
9.99298E-05 0.0460175 9.99298E-05 9.99298E-05 9.99298E-05 0.159081 9.99298E-05 0.794102 9.99298E-05 9.99298E-05 9.99298E-05
9.99475E-05 0.297533 9.99475E-05 0.0801859 0.0966118 9.99475E-05 9.99475E-05 0.51426 9.99475E-05 0.0108094 9.99475E-05
9.99385E-05 0.3377 0.0815534 0.566492 9.99385E-05 9.99385E-05 9.99385E-05 9.99385E-05 9.99385E-05 0.0135548 9.99385E-05
9.99211E-05 0.0656669 9.99211E-05 0.933434 9.99211E-05 9.99211E-05 9.99211E-05 9.99211E-05 9.99211E-05 9.99211E-05 9.99211E-05
0.0986414 0.0694663 9.99472E-05 0.714672 9.99472E-05 0.100542 9.99472E-05 0.0160779 9.99472E-05 9.99472E-05 9.99472E-05
0.0836424 0.311701 9.99384E-05 0.590368 9.99384E-05 9.99384E-05 9.99384E-05 9.99384E-05 9.99384E-05 0.013589 9.99384E-05
9.99384E-05 0.271617 9.99384E-05 0.667444 9.99384E-05 0.0374793 9.99384E-05 9.99384E-05 9.99384E-05 0.0227607 9.99384E-05
9.99385E-05 0.388797 9.99385E-05 0.50016 9.99385E-05 9.99385E-05 0.0818722 9.99385E-05 0.0284708 9.99385E-05 9.99385E-05
0.0264867 0.287886 9.99472E-05 0.612759 9.99472E-05 0.0649104 9.99472E-05 0.00735794 9.99472E-05 9.99472E-05 9.99472E-05
0.0117095 0.354955 9.99384E-05 0.613796 9.99384E-05 0.0188403 9.99384E-05 9.99384E-05 9.99384E-05 9.99384E-05 9.99384E-05
0.0415789 0.522788 9.99385E-05 0.171317 9.99385E-05 9.99385E-05 0.263616 9.99385E-05 9.99385E-05 9.99385E-05 9.99385E-05
9.9956E-05 0.51745 0.0218828 0.365496 9.9956E-05 0.0472215 9.9956E-05 0.0316315 0.0158178 9.9956E-05 9.9956E-05
9.99298E-05 0.0653011 9.99298E-05 0.625697 9.99298E-05 9.99298E-05 0.308202 9.99298E-05 9.99298E-05 9.99298E-05 9.99298E-05
0.094652 0.0159979 9.99561E-05 0.606752 0.01135 9.99561E-05 0.191678 9.99561E-05 9.99561E-05 0.0790699 9.99561E-05
0.0230419 0.155951 9.99385E-05 0.805265 9.99385E-05 0.0150428 9.99385E-05 9.99385E-05 9.99385E-05 9.99385E-05 9.99385E-05
0.0274234 0.354131 9.99298E-05 0.617647 9.99298E-05 9.99298E-05 9.99298E-05 9.99298E-05 9.99298E-05 9.99298E-05 9.99298E-05
0.0201709 0.129845 9.99473E-05 0.663375 9.99473E-05 0.150363 9.99473E-05 9.99473E-05 9.99473E-05 9.99473E-05 0.0356467
0.0614036 0.222171 9.99561E-05 0.552371 9.99561E-05 9.99561E-05 0.101973 9.99561E-05 9.99561E-05 0.0219715 0.0396106
9.99473E-05 0.150292 9.99473E-05 0.396668 9.99473E-05 0.0765843 0.27074 9.99473E-05 9.99473E-05 0.105116 9.99473E-05
0.0314756 0.193907 0.158933 0.569825 9.99561E-05 9.99561E-05 9.99561E-05 0.0372067 9.99561E-05 9.99561E-05 0.00815314
0.0484685 0.0311707 0.0447753 0.83198 9.99473E-05 9.99473E-05 0.043006 9.99473E-05 9.99473E-05 9.99473E-05 9.99473E-05
9.99473E-05 0.166657 9.99473E-05 0.611409 9.99473E-05 9.99473E-05 9.99473E-05 9.99473E-05 0.0501301 0.162081 0.00912317
9.99385E-05 0.14537 0.0832915 0.624903 9.99385E-05 9.99385E-05 0.145736 9.99385E-05 9.99385E-05 9.99385E-05 9.99385E-05
0.0217205 0.179726 0.0173494 0.724857 9.99473E-05 0.055747 9.99473E-05 9.99473E-05 9.99473E-05 9.99473E-05 9.99473E-05
9.99473E-05 0.48672 0.103519 0.142093 9.99473E-05 9.99473E-05 0.143843 9.99473E-05 9.99473E-05 0.123225 9.99473E-05
9.9921E-05 0.296711 9.9921E-05 0.702389 9.9921E-05 9.9921E-05 9.9921E-05 9.9921E-05 9.9921E-05 9.9921E-05 9.9921E-05
9.99473E-05 0.483481 0.00923632 0.24406 9.99473E-05 9.99473E-05 0.109041 9.99473E-05 9.99473E-05 0.153583 9.99473E-05
9.99562E-05 0.285403 9.99562E-05 0.653779 9.99562E-05 0.0174704 0.0271485 0.014241 9.99562E-05 9.99562E-05 0.00145878
9.99474E-05 9.99474E-05 0.012043 0.845259 0.0509164 9.99474E-05 9.99474E-05 9.99474E-05 9.99474E-05 0.0682006 0.0229816
9.99384E-05 0.301449 0.0922614 0.578759 9.99384E-05 9.99384E-05 9.99384E-05 9.99384E-05 9.99384E-05 0.0268311 9.99384E-05
9.99386E-05 0.512889 9.99386E-05 0.418646 9.99386E-05 9.99386E-05 0.0366859 9.99386E-05 9.99386E-05 0.0310795 9.99386E-05
0.0622308 0.11434 0.0454736 0.673114 9.99473E-05 9.99473E-05 9.99473E-05 9.99473E-05 9.99473E-05 0.104243 9.99473E-05
0.0643105 0.2769 9.99473E-05 0.61679 9.99473E-05 9.99473E-05 0.0098664 9.99473E-05 9.99473E-05 9.99473E-05 0.0315332
0.114524 0.0205817 9.99385E-05 0.797671 9.99385E-05 9.99385E-05 9.99385E-05 9.99385E-05 9.99385E-05 9.99385E-05 0.0665232
0.00234862 0.52485 0.0720875 0.216435 9.99473E-05 9.99473E-05 9.99473E-05 9.99473E-05 9.99473E-05 0.183679 9.99473E-05
0.0295621 0.189518 9.99385E-05 0.54652 9.99385E-05 9.99385E-05 9.99385E-05 9.99385E-05 9.99385E-05 0.233701 9.99385E-05
9.99209E-05 0.120833 9.99209E-05 0.878268 9.99209E-05 9.99209E-05 9.99209E-05 9.99209E-05 9.99209E-05 9.99209E-05 9.99209E-05
0.0493968 0.0845207 9.99561E-05 0.730218 9.99561E-05 9.99561E-05 0.0595117 9.99561E-05 0.0699662 9.99561E-05 0.0058864
0.0432848 0.409698 9.99384E-05 0.455493 9.99384E-05 0.0908248 9.99384E-05 9.99384E-05 9.99384E-05 9.99384E-05 9.99384E-05
9.99211E-05 0.0948443 9.99211E-05 0.904256 9.99211E-05 9.99211E-05 9.99211E-05 9.99211E-05 9.99211E-05 9.99211E-05 9.99211E-05
9.99385E-05 0.0947128 9.99385E-05 0.865371 9.99385E-05 0.0198133 9.99385E-05 9.99385E-05 9.99385E-05 0.0194031 9.99385E-05
9.99299E-05 0.0581474 9.99299E-05 0.932575 9.99299E-05 9.99299E-05 9.99299E-05 9.99299E-05 9.99299E-05 0.00847823 9.99299E-05
9.99211E-05 9.99211E-05 9.99211E-05 0.914218 9.99211E-05 9.99211E-05 0.0848832 9.99211E-05 9.99211E-05 9.99211E-05 9.99211E-05
9.99473E-05 0.440719 0.049594 0.340808 9.99473E-05 9.99473E-05 0.158853 9.99473E-05 9.99473E-05 0.00942616 9.99473E-05
9.99297E-05 0.224906 0.11045 0.663845 9.99297E-05 9.99297E-05 9.99297E-05 9.99297E-05 9.99297E-05 9.99297E-05 9.99297E-05
9.99299E-05 0.197556 9.99299E-05 0.766552 9.99299E-05 9.99299E-05 9.99299E-05 9.99299E-05 9.99299E-05 0.035092 9.99299E-05
9.99211E-05 9.99211E-05 9.99211E-05 0.909609 0.0894915 9.99211E-05 9.99211E-05 9.99211E-05 9.99211E-05 9.99211E-05 9.99211E-05
9.99648E-05 0.258024 9.99648E-05 0.32654 9.99648E-05 0.108926 0.163258 0.0513562 9.99648E-05 0.0366494 0.0548464
0.0212417 0.230783 9.99473E-05 0.535829 9.99473E-05 0.0143395 9.99473E-05 0.197206 9.99473E-05 9.99473E-05 9.99473E-05
9.99474E-05 0.285023 9.99474E-05 0.473223 9.99474E-05 9.99474E-05 0.103403 9.99474E-05 9.99474E-05 0.0484346 0.0893172
0.0383838 0.548838 9.99473E-05 0.304201 9.99473E-05 9.99473E-05 9.99473E-05 0.0495878 9.99473E-05 0.0583898 9.99473E-05
9.99123E-05 9.99123E-05 9.99123E-05 0.999001 9.99123E-05 9.99123E-05 9.99123E-05 9.99123E-05 9.99123E-05 9.99123E-05 9.99123E-05
0.0295429 0.212899 9.99472E-05 0.492327 9.99472E-05 9.99472E-05 9.99472E-05 9.99472E-05 0.248083 9.99472E-05 0.0165488
9.99299E-05 0.105284 9.99299E-05 0.785076 9.99299E-05 9.99299E-05 0.10884 9.99299E-05 9.99299E-05 9.99299E-05 9.99299E-05
9.99474E-05 0.279175 0.0110352 0.687838 9.99474E-05 0.00578244 0.0155705 9.99474E-05 9.99474E-05 9.99474E-05 9.99474E-05
9.99385E-05 0.162333 9.99385E-05 0.583503 9.99385E-05 9.99385E-05 0.104378 9.99385E-05 9.99385E-05 9.99385E-05 0.149086
0.0196536 0.125458 9.99384E-05 0.677029 9.99384E-05 9.99384E-05 9.99384E-05 9.99384E-05 0.17716 9.99384E-05 9.99384E-05
9.99297E-05 0.468288 9.99297E-05 0.272773 9.99297E-05 9.99297E-05 0.25814 9.99297E-05 9.99297E-05 9.99297E-05 9.99297E-05
0.0296763 0.328438 9.99296E-05 0.641086 9.99296E-05 9.99296E-05 9.99296E-05 9.99296E-05 9.99296E-05 9.99296E-05 9.99296E-05
0.0627141 0.242923 9.99472E-05 0.651039 9.99472E-05 9.99472E-05 9.99472E-05 9.99472E-05 9.99472E-05 0.0088966 0.0338281
9.99385E-05 0.0366446 9.99385E-05 0.782588 9.99385E-05 9.99385E-05 9.99385E-05 9.99385E-05 9.99385E-05 0.178147 0.00192093
9.99298E-05 0.291308 9.99298E-05 0.668063 9.99298E-05 9.99298E-05 0.039829 9.99298E-05 9.99298E-05 9.99298E-05 9.99298E-05
9.99385E-05 0.784081 9.99385E-05 9.99385E-05 9.99385E-05 0.0392546 0.0104228 9.99385E-05 9.99385E-05 0.165542 9.99385E-05
9.9912E-05 0.999001 9.9912E-05 9.9912E-05 9.9912E-05 9.9912E-05 9.9912E-05 9.9912E-05 9.9912E-05 9.9912E-05 9.9912E-05
9.99297E-05 0.826935 9.99297E-05 9.99297E-05 9.99297E-05 9.99297E-05 9.99297E-05 0.036591 9.99297E-05 0.135674 9.99297E-05
9.9912E-05 0.999001 9.9912E-05 9.9912E-05 9.9912E-05 9.9912E-05 9.9912E-05 9.9912E-05 9.9912E-05 9.9912E-05 9.9912E-05
9.9912E-05 0.999001 9.9912E-05 9.9912E-05 9.9912E-05 9.9912E-05 9.9912E-05 9.9912E-05 9.9912E-05 9.9912E-05 9.9912E-05
9.9912E-05 0.999001 9.9912E-05 9.9912E-05 9.9912E-05 9.9912E-05 9.9912E-05 9.9912E-05 9.9912E-05 9.9912E-05 9.9912E-05
9.99297E-05 0.832468 9.99297E-05 9.99297E-05 9.99297E-05 9.99297E-05 9.99297E-05 0.0400706 9.99297E-05 0.126662 9.99297E-05
9.99121E-05 0.999001 9.99121E-05 9.99121E-05 9.99121E-05 9.99121E-05 9.99121E-05 9.99121E-05 9.99121E-05 9.99121E-05 9.99121E-05
9.9912E-05 0.999001 9.9912E-05 9.9912E-05 9.9912E-05 9.9912E-05 9.9912E-05 9.9912E-05 9.9912E-05 9.9912E-05 9.9912E-05
9.99297E-05 0.813723 9.99297E-05 9.99297E-05 9.99297E-05 0.127203 9.99297E-05 9.99297E-05 0.0582746 9.99297E-05 9.99297E-05
9.99297E-05 0.885208 9.99297E-05 9.99297E-05 9.99297E-05 9.99297E-05 9.99297E-05 0.0117748 9.99297E-05 0.102218 9.99297E-05
9.9921E-05 0.877304 9.9921E-05 9.9921E-05 9.9921E-05 9.9921E-05 9.9921E-05 9.9921E-05 9.9921E-05 0.121797 9.9921E-05
9.9912E-05 0.999001 9.9912E-05 9.9912E-05 9.9912E-05 9.9912E-05 9.9912E-05 9.9912E-05 9.9912E-05 9.9912E-05 9.9912E-05
9.9912E-05 0.999001 9.9912E-05 9.9912E-05 9.9912E-05 9.9912E-05 9.9912E-05 9.9912E-05 9.9912E-05 9.9912E-05 9.9912E-05
9.99297E-05 0.789788 9.99297E-05 9.99297E-05 9.99297E-05 9.99297E-05 9.99297E-05 0.0491577 9.99297E-05 0.160255 9.99297E-05
9.99297E-05 0.858353 9.99297E-05 9.99297E-05 9.99297E-05 9.99297E-05 9.99297E-05 0.0133292 9.99297E-05 0.127519 9.99297E-05
9.99385E-05 0.252014 9.99385E-05 0.32599 9.99385E-05 0.134995 9.99385E-05 9.99385E-05 0.286302 9.99385E-05 9.99385E-05
9.99385E-05 0.729642 9.99385E-05 9.99385E-05 9.99385E-05 9.99385E-05 0.0272238 0.0535272 9.99385E-05 0.188908 9.99385E-05
9.9912E-05 0.999001 9.9912E-05 9.9912E-05 9.9912E-05 9.9912E-05 9.9912E-05 9.9912E-05 9.9912E-05 9.9912E-05 9.9912E-05
9.99385E-05 0.79229 9.99385E-05 9.99385E-05 9.99385E-05 0.00153686 9.99385E-05 0.0778764 9.99385E-05 0.127597 9.99385E-05
9.99209E-05 0.900731 9.99209E-05 9.99209E-05 9.99209E-05 9.99209E-05 9.99209E-05 9.99209E-05 9.99209E-05 0.0983701 9.99209E-05
9.99385E-05 0.839326 9.99385E-05 0.00283336 9.99385E-05 9.99385E-05 9.99385E-05 0.00683378 9.99385E-05 0.150308 9.99385E-05
9.9912E-05 0.999001 9.9912E-05 9.9912E-05 9.9912E-05 9.9912E-05 9.9912E-05 9.9912E-05 9.9912E-05 9.9912E-05 9.9912E-05
9.99209E-05 0.842616 9.99209E-05 9.99209E-05 9.99209E-05 9.99209E-05 9.99209E-05 9.99209E-05 9.99209E-05 0.156484 9.99209E-05
9.99121E-05 0.999001 9.99121E-05 9.99121E-05 9.99121E-05 9.99121E-05 9.99121E-05 9.99121E-05 9.99121E-05 9.99121E-05 9.99121E-05
9.9921E-05 0.86277 9.9921E-05 9.9921E-05 9.9921E-05 9.9921E-05 9.9921E-05 9.9921E-05 9.9921E-05 0.136331 9.9921E-05
9.99297E-05 0.804233 9.99297E-05 9.99297E-05 9.99297E-05 9.99297E-05 9.99297E-05 0.0160825 9.99297E-05 0.178885 9.99297E-05
9.9912E-05 0.999001 9.9912E-05 9.9912E-05 9.9912E-05 9.9912E-05 9.9912E-05 9.9912E-05 9.9912E-05 9.9912E-05 9.9912E-05
9.9912E-05 0.999001 9.9912E-05 9.9912E-05 9.9912E-05 9.9912E-05 9.9912E-05 9.9912E-05 9.9912E-05 9.9912E-05 9.9912E-05
9.9912E-05 0.999001 9.9912E-05 9.9912E-05 9.9912E-05 9.9912E-05 9.9912E-05 9.9912E-05 9.9912E-05 9.9912E-05 9.9912E-05
9.99297E-05 0.753005 9.99297E-05 9.99297E-05 9.99297E-05 9.99297E-05 0.0400692 9.99297E-05 9.99297E-05 0.206126 9.99297E-05
9.99385E-05 0.782452 9.99385E-05 9.99385E-05 9.99385E-05 9.99385E-05 0.0160842 0.0353398 9.99385E-05 0.165425 9.99385E-05
9.99209E-05 0.856446 9.99209E-05 9.99209E-05 9.99209E-05 9.99209E-05 9.99209E-05 9.99209E-05 9.99209E-05 0.142655 9.99209E-05
9.99384E-05 0.79916 9.99384E-05 9.99384E-05 9.99384E-05 9.99384E-05 9.99384E-05 0.101727 9.99384E-05 0.0781273 0.0202857
9.99209E-05 0.905288 9.99209E-05 9.99209E-05 9.99209E-05 9.99209E-05 9.99209E-05 9.99209E-05 9.99209E-05 0.0938128 9.99209E-05
9.9912E-05 0.999001 9.9912E-05 9.9912E-05 9.9912E-05 9.9912E-05 9.9912E-05 9.9912E-05 9.9912E-05 9.9912E-05 9.9912E-05
9.9912E-05 0.999001 9.9912E-05 9.9912E-05 9.9912E-05 9.9912E-05 9.9912E-05 9.9912E-05 9.9912E-05 9.9912E-05 9.9912E-05
9.9912E-05 0.999001 9.9912E-05 9.9912E-05 9.9912E-05 9.9912E-05 9.9912E-05 9.9912E-05 9.9912E-05 9.9912E-05 9.9912E-05
9.99209E-05 0.904878 9.99209E-05 9.99209E-05 9.99209E-05 9.99209E-05 9.99209E-05 9.99209E-05 9.99209E-05 0.0942224 9.99209E-05
9.9912E-05 0.999001 9.9912E-05 9.9912E-05 9.9912E-05 9.9912E-05 9.9912E-05 9.9912E-05 9.9912E-05 9.9912E-05 9.9912E-05
9.99121E-05 0.999001 9.99121E-05 9.99121E-05 9.99121E-05 9.99121E-05 9.99121E-05 9.99121E-05 9.99121E-05 9.99121E-05 9.99121E-05
9.9912E-05 0.999001 9.9912E-05 9.9912E-05 9.9912E-05 9.9912E-05 9.9912E-05 9.9912E-05 9.9912E-05 9.9912E-05 9.9912E-05
9.9912E-05 0.999001 9.9912E-05 9.9912E-05 9.9912E-05 9.9912E-05 9.9912E-05 9.9912E-05 9.9912E-05 9.9912E-05 9.9912E-05
9.99209E-05 0.885762 9.99209E-05 9.99209E-05 9.99209E-05 9.99209E-05 9.99209E-05 9.99209E-05 9.99209E-05 0.113339 9.99209E-05
9.9912E-05 0.999001 9.9912E-05 9.9912E-05 9.9912E-05 9.9912E-05 9.9912E-05 9.9912E-05 9.9912E-05 9.9912E-05 9.9912E-05
9.9912E-05 0.999001 9.9912E-05 9.9912E-05 9.9912E-05 9.9912E-05 9.9912E-05 9.9912E-05 9.9912E-05 9.9912E-05 9.9912E-05
9.99472E-05 0.23952 9.99472E-05 0.354137 9.99472E-05 9.99472E-05 9.99472E-05 9.99472E-05 0.350817 0.00312978 0.051796
9.99297E-05 0.812865 9.99297E-05 9.99297E-05 9.99297E-05 9.99297E-05 0.0261521 9.99297E-05 9.99297E-05 0.160183 9.99297E-05
9.9912E-05 0.999001 9.9912E-05 9.9912E-05 9.9912E-05 9.9912E-05 9.9912E-05 9.9912E-05 9.9912E-05 9.9912E-05 9.9912E-05
9.9912E-05 0.999001 9.9912E-05 9.9912E-05 9.9912E-05 9.9912E-05 9.9912E-05 9.9912E-05 9.9912E-05 9.9912E-05 9.9912E-05
9.9912E-05 0.999001 9.9912E-05 9.9912E-05 9.9912E-05 9.9912E-05 9.9912E-05 9.9912E-05 9.9912E-05 9.9912E-05 9.9912E-05
9.9912E-05 0.999001 9.9912E-05 9.9912E-05 9.9912E-05 9.9912E-05 9.9912E-05 9.9912E-05 9.9912E-05 9.9912E-05 9.9912E-05
9.99209E-05 0.886657 9.99209E-05 9.99209E-05 9.99209E-05 9.99209E-05 9.99209E-05 9.99209E-05 9.99209E-05 0.112443 9.99209E-05
9.9912E-05 0.999001 9.9912E-05 9.9912E-05 9.9912E-05 9.9912E-05 9.9912E-05 9.9912E-05 9.9912E-05 9.9912E-05 9.9912E-05
9.99209E-05 0.862629 9.99209E-05 9.99209E-05 9.99209E-05 9.99209E-05 9.99209E-05 9.99209E-05 9.99209E-05 0.136471 9.99209E-05
9.9912E-05 0.999001 9.9912E-05 9.9912E-05 9.9912E-05 9.9912E-05 9.9912E-05 9.9912E-05 9.9912E-05 9.9912E-05 9.9912E-05
9.99209E-05 0.881813 9.99209E-05 9.99209E-05 9.99209E-05 9.99209E-05 9.99209E-05 9.99209E-05 9.99209E-05 0.117288 9.99209E-05
9.9912E-05 0.999001 9.9912E-05 9.9912E-05 9.9912E-05 9.9912E-05 9.9912E-05 9.9912E-05 9.9912E-05 9.9912E-05 9.9912E-05
9.9912E-05 0.999001 9.9912E-05 9.9912E-05 9.9912E-05 9.9912E-05 9.9912E-05 9.9912E-05 9.9912E-05 9.9912E-05 9.9912E-05
9.9912E-05 0.999001 9.9912E-05 9.9912E-05 9.9912E-05 9.9912E-05 9.9912E-05 9.9912E-05 9.9912E-05 9.9912E-05 9.9912E-05
9.9912E-05 0.999001 9.9912E-05 9.9912E-05 9.9912E-05 9.9912E-05 9.9912E-05 9.9912E-05 9.9912E-05 9.9912E-05 9.9912E-05
9.9912E-05 0.999001 9.9912E-05 9.9912E-05 9.9912E-05 9.9912E-05 9.9912E-05 9.9912E-05 9.9912E-05 9.9912E-05 9.9912E-05
9.9912E-05 0.999001 9.9912E-05 9.9912E-05 9.9912E-05 9.9912E-05 9.9912E-05 9.9912E-05 9.9912E-05 9.9912E-05 9.9912E-05
9.99209E-05 0.929693 9.99209E-05 9.99209E-05 9.99209E-05 9.99209E-05 9.99209E-05 9.99209E-05 9.99209E-05 0.0694081 9.99209E-05
9.99209E-05 0.870034 9.99209E-05 9.99209E-05 9.99209E-05 9.99209E-05 9.99209E-05 9.99209E-05 9.99209E-05 0.129067 9.99209E-05
9.99297E-05 0.810923 9.99297E-05 9.99297E-05 9.99297E-05 0.0319783 9.99297E-05 9.99297E-05 9.99297E-05 0.1563 9.99297E-05
9.9912E-05 0.999001 9.9912E-05 9.9912E-05 9.9912E-05 9.9912E-05 9.9912E-05 9.9912E-05 9.9912E-05 9.9912E-05 9.9912E-05
9.99297E-05 0.8561 9.99297E-05 9.99297E-05 9.99297E-05 9.99297E-05 9.99297E-05 0.0288241 9.99297E-05 0.114277 9.99297E-05
9.99209E-05 0.845596 9.99209E-05 9.99209E-05 9.99209E-05 9.99209E-05 9.99209E-05 9.99209E-05 9.99209E-05 0.153505 9.99209E-05
9.99297E-05 0.859382 9.99297E-05 9.99297E-05 9.99297E-05 9.99297E-05 9.99297E-05 0.0135888 9.99297E-05 0.12623 9.99297E-05
9.99121E-05 0.999001 9.99121E-05 9.99121E-05 9.99121E-05 9.99121E-05 9.99121E-05 9.99121E-05 9.99121E-05 9.99121E-05 9.99121E-05
9.9912E-05 0.999001 9.9912E-05 9.9912E-05 9.9912E-05 9.9912E-05 9.9912E-05 9.9912E-05 9.9912E-05 9.9912E-05 9.9912E-05
9.9912E-05 0.999001 9.9912E-05 9.9912E-05 9.9912E-05 9.9912E-05 9.9912E-05 9.9912E-05 9.9912E-05 9.9912E-05 9.9912E-05
9.99209E-05 0.897807 9.99209E-05 9.99209E-05 9.99209E-05 9.99209E-05 9.99209E-05 9.99209E-05 9.99209E-05 0.101293 9.99209E-05
9.9912E-05 0.999001 9.9912E-05 9.9912E-05 9.9912E-05 9.9912E-05 9.9912E-05 9.9912E-05 9.9912E-05 9.9912E-05 9.9912E-05
9.9912E-05 0.999001 9.9912E-05 9.9912E-05 9.9912E-05 9.9912E-05 9.9912E-05 9.9912E-05 9.9912E-05 9.9912E-05 9.9912E-05
9.99209E-05 0.819083 9.99209E-05 9.99209E-05 9.99209E-05 9.99209E-05 9.99209E-05 9.99209E-05 9.99209E-05 0.180018 9.99209E-05
9.99121E-05 0.999001 9.99121E-05 9.99121E-05 9.99121E-05 9.99121E-05 9.99121E-05 9.99121E-05 9.99121E-05 9.99121E-05 9.99121E-05
9.99121E-05 0.999001 9.99121E-05 9.99121E-05 9.99121E-05 9.99121E-05 9.99121E-05 9.99121E-05 9.99121E-05 9.99121E-05 9.99121E-05
0.0871736 0.433157 9.99648E-05 0.251344 9.99648E-05 0.123035 0.0174107 9.99648E-05 9.99648E-05 0.0279704 0.0595089
9.99209E-05 0.840663 9.99209E-05 9.99209E-05 9.99209E-05 9.99209E-05 9.99209E-05 9.99209E-05 9.99209E-05 0.158438 9.99209E-05
9.9912E-05 0.999001 9.9912E-05 9.9912E-05 9.9912E-05 9.9912E-05 9.9912E-05 9.9912E-05 9.9912E-05 9.9912E-05 9.9912E-05
0.0472427 0.506404 0.0590677 0.309206 9.99474E-05 9.99474E-05 9.99474E-05 9.99474E-05 9.99474E-05 9.99474E-05 0.0774805
9.99385E-05 0.451 9.99385E-05 0.400669 9.99385E-05 9.99385E-05 9.99385E-05 9.99385E-05 0.113806 0.033825 9.99385E-05
9.99385E-05 0.478261 9.99385E-05 0.37891 9.99385E-05 9.99385E-05 0.0383101 9.99385E-05 9.99385E-05 0.10382 9.99385E-05
9.9956E-05 0.0842338 9.9956E-05 0.645522 9.9956E-05 0.0454989 9.9956E-05 9.9956E-05 0.111158 0.0177576 0.0953298
9.99472E-05 0.477233 9.99472E-05 0.179208 9.99472E-05 9.99472E-05 0.194703 0.0530547 9.99472E-05 0.095203 9.99472E-05
9.993E-05 0.13506 9.993E-05 0.852714 9.993E-05 9.993E-05 0.0114264 9.993E-05 9.993E-05 9.993E-05 9.993E-05
9.99385E-05 0.533143 9.99385E-05 0.205948 9.99385E-05 9.99385E-05 9.99385E-05 0.18143 9.99385E-05 0.0787797 9.99385E-05
0.116458 0.311139 9.9956E-05 0.515906 9.9956E-05 0.00203974 9.9956E-05 9.9956E-05 9.9956E-05 0.05328 0.000677424
9.9921E-05 0.27235 9.9921E-05 0.726751 9.9921E-05 9.9921E-05 9.9921E-05 9.9921E-05 9.9921E-05 9.9921E-05 9.9921E-05
9.99385E-05 0.112336 0.0268886 0.718776 9.99385E-05 9.99385E-05 9.99385E-05 9.99385E-05 0.1413 9.99385E-05 9.99385E-05
0.10535 0.329604 9.99385E-05 0.559492 9.99385E-05 9.99385E-05 0.00485456 9.99385E-05 9.99385E-05 9.99385E-05 9.99385E-05
9.9921E-05 0.698065 9.9921E-05 0.301036 9.9921E-05 9.9921E-05 9.9921E-05 9.9921E-05 9.9921E-05 9.9921E-05 9.9921E-05
9.99561E-05 0.521751 9.99561E-05 0.195786 9.99561E-05 0.0579445 0.0671226 0.0182868 9.99561E-05 9.99561E-05 0.13861
9.99296E-05 0.173004 9.99296E-05 0.677115 9.99296E-05 0.149082 9.99296E-05 9.99296E-05 9.99296E-05 9.99296E-05 9.99296E-05
0.104502 0.370039 9.99384E-05 0.522892 9.99384E-05 9.99384E-05 9.99384E-05 9.99384E-05 9.99384E-05 0.00186749 9.99384E-05
0.0308516 0.405032 0.0675926 0.327967 9.99561E-05 9.99561E-05 0.0477689 0.120288 9.99561E-05 9.99561E-05 9.99561E-05
9.99385E-05 0.209525 9.99385E-05 0.694599 9.99385E-05 9.99385E-05 0.0739601 9.99385E-05 9.99385E-05 0.0212164 9.99385E-05
0.0760124 0.313975 9.99736E-05 0.407029 9.99736E-05 0.0327945 0.0579761 0.00596189 9.99736E-05 0.0134137 0.0925374
0.0409877 0.127361 9.9956E-05 0.397488 9.9956E-05 9.9956E-05 0.316019 0.0130916 9.9956E-05 0.104552 9.9956E-05
9.99297E-05 0.363136 0.124345 0.51172 9.99297E-05 9.99297E-05 9.99297E-05 9.99297E-05 9.99297E-05 9.99297E-05 9.99297E-05
9.99472E-05 0.243707 0.0834599 0.530116 9.99472E-05 9.99472E-05 0.102472 9.99472E-05 9.99472E-05 0.0396454 9.99472E-05
9.99473E-05 0.21036 0.1 0.644738 9.99473E-05 9.99473E-05 0.0366647 9.99473E-05 9.99473E-05 9.99473E-05 0.00763762
0.0263485 0.401901 9.99561E-05 0.378753 9.99561E-05 0.017106 9.99561E-05 9.99561E-05 9.99561E-05 0.0484527 0.12694
9.99296E-05 0.271707 0.114982 0.612512 9.99296E-05 9.99296E-05 9.99296E-05 9.99296E-05 9.99296E-05 9.99296E-05 9.99296E-05
9.99472E-05 0.11643 0.0716543 0.620818 9.99472E-05 0.158936 0.0315626 9.99472E-05 9.99472E-05 9.99472E-05 9.99472E-05
9.99211E-05 9.99211E-05 9.99211E-05 0.854192 9.99211E-05 9.99211E-05 0.144908 9.99211E-05 9.99211E-05 9.99211E-05 9.99211E-05
9.99472E-05 0.176002 0.131377 0.53341 9.99472E-05 9.99472E-05 0.129322 9.99472E-05 0.0292894 9.99472E-05 9.99472E-05
9.99385E-05 0.523693 9.99385E-05 0.330941 9.99385E-05 0.0421671 9.99385E-05 9.99385E-05 0.1025 9.99385E-05 9.99385E-05
9.99472E-05 0.0169559 0.00156606 0.737509 9.99472E-05 0.102231 9.99472E-05 9.99472E-05 9.99472E-05 0.141138 9.99472E-05
9.99385E-05 0.269994 9.99385E-05 0.531575 9.99385E-05 0.122271 9.99385E-05 9.99385E-05 9.99385E-05 0.0754594 9.99385E-05
0.0272133 0.551979 0.0989271 0.204487 9.99472E-05 9.99472E-05 0.116794 9.99472E-05 9.99472E-05 9.99472E-05 9.99472E-05
0.0465645 0.443039 9.99385E-05 0.489828 9.99385E-05 9.99385E-05 0.0198692 9.99385E-05 9.99385E-05 9.99385E-05 9.99385E-05
9.99385E-05 0.281415 0.0218358 0.369643 9.99385E-05 9.99385E-05 0.326407 9.99385E-05 9.99385E-05 9.99385E-05 9.99385E-05
9.99385E-05 0.393732 0.145738 0.433512 9.99385E-05 0.0263187 9.99385E-05 9.99385E-05 9.99385E-05 9.99385E-05 9.99385E-05
0.101937 0.281162 0.121175 0.423862 9.99472E-05 0.0712647 9.99472E-05 9.99472E-05 9.99472E-05 9.99472E-05 9.99472E-05
9.99297E-05 0.302089 9.99297E-05 0.655026 9.99297E-05 9.99297E-05 9.99297E-05 9.99297E-05 9.99297E-05 0.0420851 9.99297E-05
9.99122E-05 9.99122E-05 9.99122E-05 0.999001 9.99122E-05 9.99122E-05 9.99122E-05 9.99122E-05 9.99122E-05 9.99122E-05 9.99122E-05
0.0747767 0.143964 9.9956E-05 0.322474 9.9956E-05 9.9956E-05 0.0215791 0.350785 9.9956E-05 9.9956E-05 0.0859209
0.0630648 0.110586 9.99473E-05 0.70715 9.99473E-05 9.99473E-05 9.99473E-05 9.99473E-05 9.99473E-05 0.0175212 0.101079
9.99561E-05 0.316963 0.10927 0.392798 9.99561E-05 9.99561E-05 0.00277889 9.99561E-05 0.0835925 0.0940981 9.99561E-05
9.99472E-05 0.287561 0.03846 0.621005 9.99472E-05 0.0234761 9.99472E-05 9.99472E-05 9.99472E-05 0.0288976 9.99472E-05
9.99561E-05 0.127059 0.146791 0.62295 9.99561E-05 9.99561E-05 0.0164011 0.0673943 9.99561E-05 0.0189045 9.99561E-05
9.99473E-05 0.411029 0.136252 0.284432 9.99473E-05 9.99473E-05 9.99473E-05 0.00938041 0.158307 9.99473E-05 9.99473E-05
9.99473E-05 0.706737 0.010582 0.220244 9.99473E-05 0.00537168 0.0564657 9.99473E-05 9.99473E-05 9.99473E-05 9.99473E-05
0.0115552 0.660293 9.99472E-05 0.180362 9.99472E-05 0.0369813 0.110208 9.99472E-05 9.99472E-05 9.99472E-05 9.99472E-05
0.0156561 0.328175 0.105834 0.511674 9.99472E-05 0.0380606 9.99472E-05 9.99472E-05 9.99472E-05 9.99472E-05 9.99472E-05
9.99122E-05 9.99122E-05 9.99122E-05 0.999001 9.99122E-05 9.99122E-05 9.99122E-05 9.99122E-05 9.99122E-05 9.99122E-05 9.99122E-05
0.00068596 0.347379 0.0659662 0.556438 9.99561E-05 9.99561E-05 0.00412787 9.99561E-05 9.99561E-05 0.0249023 9.99561E-05
9.9921E-05 9.9921E-05 0.0476571 0.951444 9.9921E-05 9.9921E-05 9.9921E-05 9.9921E-05 9.9921E-05 9.9921E-05 9.9921E-05
9.99473E-05 0.311107 9.99473E-05 0.179439 9.99473E-05 9.99473E-05 0.223407 9.99473E-05 0.16607 9.99473E-05 0.119378
9.99299E-05 9.99299E-05 9.99299E-05 0.838578 9.99299E-05 0.0495734 0.111049 9.99299E-05 9.99299E-05 9.99299E-05 9.99299E-05
0.0461073 0.318922 9.99385E-05 0.614609 9.99385E-05 9.99385E-05 0.0196623 9.99385E-05 9.99385E-05 9.99385E-05 9.99385E-05
0.0318872 0.0631226 0.144411 0.310939 9.9956E-05 9.9956E-05 0.276679 0.172462 9.9956E-05 9.9956E-05 9.9956E-05
9.99297E-05 0.274075 9.99297E-05 0.468951 9.99297E-05 9.99297E-05 0.256175 9.99297E-05 9.99297E-05 9.99297E-05 9.99297E-05
9.9956E-05 0.106539 0.186743 0.627117 9.9956E-05 9.9956E-05 9.9956E-05 9.9956E-05 0.0263821 0.0181752 0.0345445
9.9921E-05 0.408396 9.9921E-05 0.590705 9.9921E-05 9.9921E-05 9.9921E-05 9.9921E-05 9.9921E-05 9.9921E-05 9.9921E-05
0.0234638 0.141985 9.99475E-05 0.755469 9.99475E-05 9.99475E-05 0.0768905 9.99475E-05 9.99475E-05 0.00159237 9.99475E-05
0.036299 0.234528 9.99385E-05 0.667907 9.99385E-05 9.99385E-05 0.0605657 9.99385E-05 9.99385E-05 9.99385E-05 9.99385E-05
9.9921E-05 0.533914 9.9921E-05 0.465187 9.9921E-05 9.9921E-05 9.9921E-05 9.9921E-05 9.9921E-05 9.9921E-05 9.9921E-05
9.99298E-05 0.428694 9.99298E-05 0.420374 9.99298E-05 9.99298E-05 0.150132 9.99298E-05 9.99298E-05 9.99298E-05 9.99298E-05
9.99122E-05 9.99122E-05 9.99122E-05 0.999001 9.99122E-05 9.99122E-05 9.99122E-05 9.99122E-05 9.99122E-05 9.99122E-05 9.99122E-05
9.99299E-05 0.0964834 9.99299E-05 0.883725 0.0189924 9.99299E-05 9.99299E-05 9.99299E-05 9.99299E-05 9.99299E-05 9.99299E-05
9.99474E-05 0.0858721 9.99474E-05 0.831586 0.0658587 0.0076921 9.99474E-05 9.99474E-05 0.00839095 9.99474E-05 9.99474E-05
0.0889948 0.291832 9.99297E-05 0.618373 9.99297E-05 9.99297E-05 9.99297E-05 9.99297E-05 9.99297E-05 9.99297E-05 9.99297E-05
0.0238694 0.309735 9.99384E-05 0.558007 9.99384E-05 9.99384E-05 9.99384E-05 9.99384E-05 9.99384E-05 0.107689 9.99384E-05
9.99298E-05 0.320938 9.99298E-05 0.628598 9.99298E-05 9.99298E-05 9.99298E-05 9.99298E-05 9.99298E-05 9.99298E-05 0.0496644
9.99211E-05 0.106041 9.99211E-05 0.893059 9.99211E-05 9.99211E-05 9.99211E-05 9.99211E-05 9.99211E-05 9.99211E-05 9.99211E-05
9.99561E-05 0.443508 0.000695942 0.407721 9.99561E-05 9.99561E-05 0.0647538 0.0539933 9.99561E-05 0.0288285 9.99561E-05
0.0943565 0.34879 9.9956E-05 0.507992 9.9956E-05 9.9956E-05 9.9956E-05 0.000111074 0.00274161 0.0455087 9.9956E-05
9.99211E-05 9.99211E-05 9.99211E-05 0.72557 9.99211E-05 9.99211E-05 0.273531 9.99211E-05 9.99211E-05 9.99211E-05 9.99211E-05
9.99385E-05 0.236895 9.99385E-05 0.392407 9.99385E-05 9.99385E-05 0.284306 9.99385E-05 9.99385E-05 0.0856913 9.99385E-05
9.99299E-05 9.99299E-05 9.99299E-05 0.747822 0.119811 9.99299E-05 0.131568 9.99299E-05 9.99299E-05 9.99299E-05 9.99299E-05
9.99209E-05 0.565516 9.99209E-05 0.433585 9.99209E-05 9.99209E-05 9.99209E-05 9.99209E-05 9.99209E-05 9.99209E-05 9.99209E-05
9.99386E-05 9.99386E-05 9.99386E-05 0.528844 9.99386E-05 0.112249 0.236495 9.99386E-05 9.99386E-05 9.99386E-05 0.121713
0.0288069 0.0313414 9.99386E-05 0.754755 9.99386E-05 9.99386E-05 0.184397 9.99386E-05 9.99386E-05 9.99386E-05 9.99386E-05
9.99297E-05 0.200481 9.99297E-05 0.569507 9.99297E-05 9.99297E-05 0.229213 9.99297E-05 9.99297E-05 9.99297E-05 9.99297E-05
9.99299E-05 9.99299E-05 9.99299E-05 0.815907 0.0380032 9.99299E-05 0.145291 9.99299E-05 9.99299E-05 9.99299E-05 9.99299E-05
0.0503653 0.0985219 0.030691 0.776572 9.99473E-05 9.99473E-05 9.99473E-05 9.99473E-05 9.99473E-05 0.0432501 9.99473E-05
9.99212E-05 9.99212E-05 9.99212E-05 0.742148 9.99212E-05 9.99212E-05 0.256953 9.99212E-05 9.99212E-05 9.99212E-05 9.99212E-05
0.0481993 0.484139 9.99473E-05 0.447936 9.99473E-05 9.99473E-05 0.016084 0.00304214 9.99473E-05 9.99473E-05 9.99473E-05
0.0460787 0.254089 0.0922005 0.572843 9.99473E-05 9.99473E-05 9.99473E-05 9.99473E-05 0.0341895 9.99473E-05 9.99473E-05
0.00521984 0.266381 0.153108 0.442553 9.9956E-05 0.0999008 9.9956E-05 9.9956E-05 9.9956E-05 9.9956E-05 0.0323379
9.99211E-05 9.99211E-05 9.99211E-05 0.857944 9.99211E-05 9.99211E-05 0.141156 9.99211E-05 9.99211E-05 9.99211E-05 9.99211E-05
0.0301682 0.303169 9.99298E-05 0.665864 9.99298E-05 9.99298E-05 9.99298E-05 9.99298E-05 9.99298E-05 9.99298E-05 9.99298E-05
9.99384E-05 0.123809 9.99384E-05 0.459512 9.99384E-05 9.99384E-05 0.205446 9.99384E-05 9.99384E-05 0.210534 9.99384E-05
9.99298E-05 0.0022557 9.99298E-05 0.78327 9.99298E-05 9.99298E-05 0.213675 9.99298E-05 9.99298E-05 9.99298E-05 9.99298E-05
0.047194 0.248095 9.99385E-05 0.565086 9.99385E-05 0.138926 9.99385E-05 9.99385E-05 9.99385E-05 9.99385E-05 9.99385E-05
0.0148544 0.59771 9.99385E-05 0.334643 9.99385E-05 0.0520929 9.99385E-05 9.99385E-05 9.99385E-05 9.99385E-05 9.99385E-05
0.0676225 0.282768 9.99473E-05 0.430662 9.99473E-05 9.99473E-05 9.99473E-05 9.99473E-05 0.155791 9.99473E-05 0.062557
9.99385E-05 0.423169 9.99385E-05 0.475228 9.99385E-05 9.99385E-05 9.99385E-05 9.99385E-05 9.99385E-05 0.0267267 0.0741768
9.99474E-05 0.166475 9.99474E-05 0.446091 9.99474E-05 9.99474E-05 0.12856 9.99474E-05 0.119674 0.138599 9.99474E-05
9.99384E-05 0.267511 9.99384E-05 0.295484 9.99384E-05 0.130436 0.305869 9.99384E-05 9.99384E-05 9.99384E-05 9.99384E-05
9.99474E-05 0.547221 9.99474E-05 0.232598 9.99474E-05 9.99474E-05 0.164293 0.0437887 0.0115002 9.99474E-05 9.99474E-05
0.109083 0.0346578 9.99648E-05 0.389483 9.99648E-05 9.99648E-05 0.237136 9.99648E-05 0.0741227 0.0400943 0.115023
9.99298E-05 0.186299 9.99298E-05 0.626742 9.99298E-05 9.99298E-05 0.186159 9.99298E-05 9.99298E-05 9.99298E-05 9.99298E-05
9.99298E-05 9.99298E-05 9.99298E-05 0.709345 9.99298E-05 0.0231097 0.266746 9.99298E-05 9.99298E-05 9.99298E-05 9.99298E-05
9.993E-05 0.348389 0.132408 0.440453 9.993E-05 9.993E-05 9.993E-05 9.993E-05 0.0780509 9.993E-05 9.993E-05
0.0829743 0.242655 0.0590639 0.450967 9.9956E-05 9.9956E-05 0.0685416 0.0952983 9.9956E-05 9.9956E-05 9.9956E-05
0.00125443 0.277871 9.99386E-05 0.570837 9.99386E-05 0.149338 9.99386E-05 9.99386E-05 9.99386E-05 9.99386E-05 9.99386E-05
9.99473E-05 0.478525 9.99473E-05 0.287819 9.99473E-05 9.99473E-05 9.99473E-05 0.151458 0.0593443 0.0222539 9.99473E-05
0.068413 0.220811 0.0879881 0.434526 9.99648E-05 0.0835219 9.99648E-05 9.99648E-05 9.99648E-05 0.030903 0.0734367
