0.158459 0.00554609 9.99034E-05 0.0534308 0.245715 9.99034E-05 9.99034E-05 0.362856 9.99034E-05 9.99034E-05 9.99034E-05 0.0369644 9.99034E-05 0.0703898 9.99034E-05 0.065539 9.99034E-05 9.99034E-05 9.99034E-05
9.98771E-05 0.0112414 9.98771E-05 0.0530164 0.109982 9.98771E-05 9.98771E-05 0.699312 9.98771E-05 9.98771E-05 9.98771E-05 0.125051 9.98771E-05 9.98771E-05 9.98771E-05 9.98771E-05 9.98771E-05 9.98771E-05 9.98771E-05
0.0115411 9.98772E-05 0.0134365 9.98772E-05 9.98772E-05 9.98772E-05 9.98772E-05 0.902472 9.98772E-05 9.98772E-05 9.98772E-05 9.98772E-05 9.98772E-05 9.98772E-05 9.98772E-05 0.0502788 9.98772E-05 0.0208737 9.98772E-05
0.181263 0.00143909 0.200115 0.128371 9.99123E-05 9.99123E-05 9.99123E-05 0.246511 9.99123E-05 9.99123E-05 0.198697 0.00498089 9.99123E-05 9.99123E-05 0.00869182 0.0289329 9.99123E-05 9.99123E-05 9.99123E-05
9.98684E-05 9.98684E-05 9.98684E-05 9.98684E-05 9.98684E-05 9.98684E-05 0.0431399 0.845422 9.98684E-05 9.98684E-05 9.98684E-05 0.0161893 9.98684E-05 9.98684E-05 9.98684E-05 9.98684E-05 0.0937506 9.98684E-05 9.98684E-05
9.99035E-05 9.99035E-05 0.212058 9.99035E-05 0.185585 9.99035E-05 0.168747 0.196902 9.99035E-05 9.99035E-05 9.99035E-05 0.0342227 9.99035E-05 9.99035E-05 0.15349 0.00795269 0.0399445 9.99035E-05 9.99035E-05
0.087892 0.0959202 9.99123E-05 9.99123E-05 0.0969979 0.0676411 0.0878534 0.285474 9.99123E-05 9.99123E-05 0.16305 0.103186 9.99123E-05 9.99123E-05 9.99123E-05 0.0109865 9.99123E-05 9.99123E-05 9.99123E-05
0.220436 9.99123E-05 0.0612135 9.99123E-05 9.99123E-05 0.0835285 0.084798 0.240757 9.99123E-05 9.99123E-05 0.00762258 9.99123E-05 9.99123E-05 0.076787 0.150159 9.99123E-05 0.0736984 9.99123E-05 9.99123E-05
0.00489215 9.99035E-05 0.018887 9.99035E-05 0.0435123 9.99035E-05 9.99035E-05 0.226357 9.99035E-05 9.99035E-05 9.99035E-05 9.99035E-05 9.99035E-05 9.99035E-05 0.244533 0.186626 9.99035E-05 0.269216 0.00487701
9.98507E-05 9.98507E-05 9.98507E-05 9.98507E-05 9.98507E-05 9.98507E-05 9.98507E-05 0.920443 9.98507E-05 9.98507E-05 9.98507E-05 9.98507E-05 9.98507E-05 9.98507E-05 9.98507E-05 0.0778593 9.98507E-05 9.98507E-05 9.98507E-05
0.0449106 0.137337 9.98859E-05 9.98859E-05 0.0669445 9.98859E-05 9.98859E-05 0.555068 9.98859E-05 9.98859E-05 9.98859E-05 9.98859E-05 9.98859E-05 9.98859E-05 0.0138487 0.180592 9.98859E-05 9.98859E-05 9.98859E-05
9.98684E-05 0.0127837 9.98684E-05 9.98684E-05 9.98684E-05 0.00918457 0.0268745 0.949659 9.98684E-05 9.98684E-05 9.98684E-05 9.98684E-05 9.98684E-05 9.98684E-05 9.98684E-05 9.98684E-05 9.98684E-05 9.98684E-05 9.98684E-05
0.0699665 9.98596E-05 9.98596E-05 9.98596E-05 9.98596E-05 9.98596E-05 9.98596E-05 0.803529 9.98596E-05 9.98596E-05 9.98596E-05 9.98596E-05 9.98596E-05 9.98596E-05 9.98596E-05 0.124906 9.98596E-05 9.98596E-05 9.98596E-05
0.022279 9.99123E-05 0.0306561 9.99123E-05 9.99123E-05 0.0256976 9.99123E-05 0.629132 0.0928556 9.99123E-05 9.99123E-05 9.99123E-05 9.99123E-05 0.0155171 0.0135726 0.0727093 9.99123E-05 9.99123E-05 0.0965814
0.0186997 9.99034E-05 0.12675 9.99034E-05 0.193668 9.99034E-05 9.99034E-05 0.270201 9.99034E-05 9.99034E-05 9.99034E-05 9.99034E-05 9.99034E-05 9.99034E-05 0.11018 0.129896 9.99034E-05 0.0534176 0.096088
0.0381164 9.99298E-05 0.0407435 0.0328851 0.123394 0.124963 0.0247401 0.226496 9.99298E-05 9.99298E-05 0.131645 0.0109626 9.99298E-05 9.99298E-05 0.177267 0.0679884 9.99298E-05 9.99298E-05 9.99298E-05
9.99035E-05 0.034575 9.99035E-05 0.00571456 9.99035E-05 9.99035E-05 9.99035E-05 0.594119 0.0951106 9.99035E-05 0.0465297 0.103584 9.99035E-05 0.0357083 9.99035E-05 0.0835591 9.99035E-05 9.99035E-05 9.99035E-05
0.0920056 0.0562611 9.98947E-05 9.98947E-05 0.204454 9.98947E-05 9.98947E-05 0.230825 9.98947E-05 0.0951867 9.98947E-05 9.98947E-05 0.156252 9.98947E-05 9.98947E-05 0.163817 9.98947E-05 9.98947E-05 9.98947E-05
0.0334972 0.0300479 9.9921E-05 0.00577234 9.9921E-05 9.9921E-05 0.14236 0.343834 9.9921E-05 9.9921E-05 9.9921E-05 9.9921E-05 0.00856299 0.0509018 0.197539 0.132676 9.9921E-05 9.9921E-05 0.05391
9.98596E-05 9.98596E-05 9.98596E-05 0.0605485 9.98596E-05 9.98596E-05 9.98596E-05 0.936922 9.98596E-05 9.98596E-05 9.98596E-05 9.98596E-05 9.98596E-05 9.98596E-05 9.98596E-05 0.000932071 9.98596E-05 9.98596E-05 9.98596E-05
9.9921E-05 0.0769803 9.9921E-05 9.9921E-05 9.9921E-05 0.0159831 9.9921E-05 0.516272 9.9921E-05 0.0108576 0.0790524 9.9921E-05 9.9921E-05 9.9921E-05 0.104627 0.0462676 0.0994889 0.0121991 0.0373727
0.330168 9.9886E-05 0.0553439 9.9886E-05 9.9886E-05 9.9886E-05 0.210848 0.281137 9.9886E-05 9.9886E-05 9.9886E-05 9.9886E-05 9.9886E-05 9.9886E-05 0.097878 9.9886E-05 0.0233268 9.9886E-05 9.9886E-05
9.98772E-05 0.0293641 9.98772E-05 9.98772E-05 0.169735 9.98772E-05 9.98772E-05 0.630995 9.98772E-05 9.98772E-05 9.98772E-05 9.98772E-05 0.0100868 9.98772E-05 9.98772E-05 0.158422 9.98772E-05 9.98772E-05 9.98772E-05
0.297451 9.98684E-05 9.98684E-05 9.98684E-05 9.98684E-05 9.98684E-05 9.98684E-05 0.395849 9.98684E-05 9.98684E-05 9.98684E-05 9.98684E-05 9.98684E-05 9.98684E-05 9.98684E-05 0.250058 9.98684E-05 0.0551443 9.98684E-05
0.0428965 0.0118816 0.108921 0.133605 9.99122E-05 9.99122E-05 9.99122E-05 0.250134 9.99122E-05 9.99122E-05 0.024649 9.99122E-05 9.99122E-05 9.99122E-05 0.0568311 0.239647 9.99122E-05 9.99122E-05 0.130435
0.0621025 9.98947E-05 0.0400007 9.98947E-05 9.98947E-05 9.98947E-05 9.98947E-05 0.678148 9.98947E-05 9.98947E-05 0.0623943 9.98947E-05 9.98947E-05 0.0071587 0.0251045 0.123892 9.98947E-05 9.98947E-05 9.98947E-05
0.368004 9.98946E-05 0.214632 9.98946E-05 0.0243339 0.0351288 9.98946E-05 0.0608325 9.98946E-05 9.98946E-05 9.98946E-05 9.98946E-05 0.136647 9.98946E-05 9.98946E-05 0.159223 9.98946E-05 9.98946E-05 9.98946E-05
0.075819 9.98684E-05 9.98684E-05 9.98684E-05 9.98684E-05 9.98684E-05 0.0987787 0.78259 9.98684E-05 9.98684E-05 9.98684E-05 9.98684E-05 9.98684E-05 9.98684E-05 9.98684E-05 0.0413138 9.98684E-05 9.98684E-05 9.98684E-05
9.98861E-05 9.98861E-05 0.0587577 0.0698247 0.0711478 9.98861E-05 9.98861E-05 0.590408 9.98861E-05 9.98861E-05 9.98861E-05 9.98861E-05 9.98861E-05 9.98861E-05 9.98861E-05 0.138497 9.98861E-05 0.0700659 9.98861E-05
9.99035E-05 9.99035E-05 0.0103954 9.99035E-05 9.99035E-05 9.99035E-05 0.0414727 0.722736 0.00168316 9.99035E-05 9.99035E-05 9.99035E-05 9.99035E-05 0.0236219 0.0690894 0.101233 9.99035E-05 0.0286701 9.99035E-05
9.98947E-05 0.125521 9.98947E-05 0.0125885 0.0323861 9.98947E-05 0.0249726 0.694614 9.98947E-05 9.98947E-05 9.98947E-05 9.98947E-05 9.98947E-05 9.98947E-05 0.0821925 9.98947E-05 9.98947E-05 9.98947E-05 0.0265266
9.99036E-05 0.0279122 0.256686 9.99036E-05 9.99036E-05 9.99036E-05 0.0843339 0.565498 9.99036E-05 9.99036E-05 9.99036E-05 9.99036E-05 9.99036E-05 9.99036E-05 0.0177932 0.0350112 0.00846274 9.99036E-05 0.00320404
0.0891438 0.170961 0.0379673 9.98859E-05 0.0142019 9.98859E-05 9.98859E-05 0.564805 9.98859E-05 9.98859E-05 9.98859E-05 9.98859E-05 9.98859E-05 9.98859E-05 9.98859E-05 0.121622 9.98859E-05 9.98859E-05 9.98859E-05
0.15746 0.0113519 0.188826 0.0327972 9.99035E-05 0.0262298 9.99035E-05 0.398299 9.99035E-05 9.99035E-05 0.0466062 9.99035E-05 9.99035E-05 9.99035E-05 9.99035E-05 0.137331 9.99035E-05 9.99035E-05 9.99035E-05
9.98772E-05 0.0201226 9.98772E-05 0.111136 9.98772E-05 9.98772E-05 9.98772E-05 0.818879 9.98772E-05 9.98772E-05 9.98772E-05 0.00749495 9.98772E-05 9.98772E-05 9.98772E-05 0.0409692 9.98772E-05 9.98772E-05 9.98772E-05
0.081923 0.0289085 9.99035E-05 9.99035E-05 9.99035E-05 9.99035E-05 9.99035E-05 0.682521 9.99035E-05 9.99035E-05 0.0946503 0.0166026 9.99035E-05 0.0020687 0.0133582 9.99035E-05 9.99035E-05 0.0788689 9.99035E-05
9.98685E-05 9.98685E-05 9.98685E-05 9.98685E-05 9.98685E-05 0.00367695 0.105472 0.883109 9.98685E-05 9.98685E-05 9.98685E-05 0.00624423 9.98685E-05 9.98685E-05 9.98685E-05 9.98685E-05 9.98685E-05 9.98685E-05 9.98685E-05
9.98861E-05 9.98861E-05 9.98861E-05 0.0422128 9.98861E-05 9.98861E-05 9.98861E-05 0.562943 0.0216494 9.98861E-05 9.98861E-05 0.0956333 9.98861E-05 9.98861E-05 0.105844 0.170419 9.98861E-05 9.98861E-05 9.98861E-05
0.0316345 0.0252251 0.0575313 9.99035E-05 9.99035E-05 9.99035E-05 9.99035E-05 0.523345 0.0363118 0.0168693 9.99035E-05 0.0822572 9.99035E-05 9.99035E-05 9.99035E-05 0.225727 9.99035E-05 9.99035E-05 9.99035E-05
9.98771E-05 9.98771E-05 0.123253 9.98771E-05 9.98771E-05 0.11985 0.0633924 0.537739 9.98771E-05 9.98771E-05 9.98771E-05 9.98771E-05 9.98771E-05 9.98771E-05 9.98771E-05 0.154367 9.98771E-05 9.98771E-05 9.98771E-05
0.130458 9.98684E-05 9.98684E-05 9.98684E-05 9.98684E-05 9.98684E-05 9.98684E-05 0.795685 9.98684E-05 9.98684E-05 9.98684E-05 9.98684E-05 9.98684E-05 9.98684E-05 0.00117685 0.0711821 9.98684E-05 9.98684E-05 9.98684E-05
0.231932 9.98685E-05 9.98685E-05 9.98685E-05 9.98685E-05 9.98685E-05 9.98685E-05 0.583996 9.98685E-05 9.98685E-05 9.98685E-05 9.98685E-05 9.98685E-05 9.98685E-05 0.0539951 0.128579 9.98685E-05 9.98685E-05 9.98685E-05
0.137075 9.98684E-05 9.98684E-05 9.98684E-05 9.98684E-05 9.98684E-05 0.0446988 0.683106 0.133621 9.98684E-05 9.98684E-05 9.98684E-05 9.98684E-05 9.98684E-05 9.98684E-05 9.98684E-05 9.98684E-05 9.98684E-05 9.98684E-05
0.0813684 0.0574939 0.0144362 9.99035E-05 0.206446 9.99035E-05 9.99035E-05 0.269305 9.99035E-05 9.99035E-05 9.99035E-05 9.99035E-05 9.99035E-05 9.99035E-05 0.0785563 0.204126 9.99035E-05 0.0871695 9.99035E-05
0.407896 9.98859E-05 9.98859E-05 9.98859E-05 9.98859E-05 9.98859E-05 0.0821997 0.212735 9.98859E-05 9.98859E-05 0.0694527 9.98859E-05 9.98859E-05 9.98859E-05 9.98859E-05 0.215787 0.0106302 9.98859E-05 9.98859E-05
9.98859E-05 9.98859E-05 9.98859E-05 9.98859E-05 9.98859E-05 9.98859E-05 9.98859E-05 0.849076 9.98859E-05 0.0122919 9.98859E-05 9.98859E-05 0.042516 9.98859E-05 0.000870412 0.0725319 0.021415 9.98859E-05 9.98859E-05
9.98859E-05 0.00507243 9.98859E-05 9.98859E-05 9.98859E-05 9.98859E-05 9.98859E-05 0.81346 9.98859E-05 9.98859E-05 0.0397026 9.98859E-05 0.0201676 9.98859E-05 0.0668245 0.0534745 9.98859E-05 9.98859E-05 9.98859E-05
9.98597E-05 9.98597E-05 9.98597E-05 9.98597E-05 9.98597E-05 9.98597E-05 9.98597E-05 0.954322 9.98597E-05 0.0291999 9.98597E-05 9.98597E-05 9.98597E-05 9.98597E-05 9.98597E-05 0.0148807 9.98597E-05 9.98597E-05 9.98597E-05
0.119201 0.0850221 9.9877E-05 9.9877E-05 0.0561923 9.9877E-05 9.9877E-05 0.607271 9.9877E-05 9.9877E-05 9.9877E-05 9.9877E-05 9.9877E-05 9.9877E-05 9.9877E-05 0.130915 9.9877E-05 9.9877E-05 9.9877E-05
0.0884387 0.0133249 9.9895E-05 9.9895E-05 9.9895E-05 0.026303 0.0957057 0.710292 9.9895E-05 9.9895E-05 9.9895E-05 9.9895E-05 0.0295343 9.9895E-05 0.0352029 9.9895E-05 9.9895E-05 9.9895E-05 9.9895E-05
0.0321885 0.0962549 0.17787 0.0231876 0.0354615 9.99298E-05 9.99298E-05 0.251969 9.99298E-05 9.99298E-05 0.0828651 9.99298E-05 0.0142847 0.0385348 0.0184509 0.228134 9.99298E-05 9.99298E-05 9.99298E-05
0.0924113 9.99035E-05 0.0613397 0.016126 9.99035E-05 0.00768911 9.99035E-05 0.596191 9.99035E-05 0.050377 0.164905 9.99035E-05 9.99035E-05 0.00986165 9.99035E-05 9.99035E-05 9.99035E-05 9.99035E-05 9.99035E-05
9.98684E-05 9.98684E-05 0.0578331 9.98684E-05 9.98684E-05 9.98684E-05 9.98684E-05 0.873054 9.98684E-05 9.98684E-05 9.98684E-05 9.98684E-05 0.0519498 9.98684E-05 9.98684E-05 0.0156654 9.98684E-05 9.98684E-05 9.98684E-05
9.99211E-05 9.99211E-05 0.000581456 0.0167488 0.00636466 0.212233 9.99211E-05 0.636107 9.99211E-05 9.99211E-05 9.99211E-05 9.99211E-05 0.00445384 9.99211E-05 0.0176854 0.0486045 0.0343995 9.99211E-05 0.0219224
9.98599E-05 9.98599E-05 9.98599E-05 9.98599E-05 9.98599E-05 9.98599E-05 9.98599E-05 0.789051 9.98599E-05 9.98599E-05 9.98599E-05 9.98599E-05 9.98599E-05 9.98599E-05 9.98599E-05 0.0795119 9.98599E-05 9.98599E-05 0.12984
9.98685E-05 9.98685E-05 0.214914 0.0653014 9.98685E-05 9.98685E-05 0.0361419 0.682145 9.98685E-05 9.98685E-05 9.98685E-05 9.98685E-05 9.98685E-05 9.98685E-05 9.98685E-05 9.98685E-05 9.98685E-05 9.98685E-05 9.98685E-05
0.0319144 0.0155566 9.99034E-05 9.99034E-05 9.99034E-05 9.99034E-05 0.0499909 0.784729 9.99034E-05 9.99034E-05 9.99034E-05 9.99034E-05 0.0424466 9.99034E-05 0.0152565 0.058344 0.000663437 9.99034E-05 9.99034E-05
9.98597E-05 9.98597E-05 9.98597E-05 9.98597E-05 9.98597E-05 9.98597E-05 9.98597E-05 0.810298 9.98597E-05 9.98597E-05 0.129453 9.98597E-05 9.98597E-05 9.98597E-05 9.98597E-05 0.0586513 9.98597E-05 9.98597E-05 9.98597E-05
9.99035E-05 0.0170761 9.99035E-05 9.99035E-05 9.99035E-05 0.0426968 9.99035E-05 0.835571 9.99035E-05 9.99035E-05 0.00655015 0.0149669 0.0387933 0.0307185 9.99035E-05 9.99035E-05 0.0125286 9.99035E-05 9.99035E-05
9.98946E-05 0.0362453 9.98946E-05 9.98946E-05 0.709063 9.98946E-05 9.98946E-05 9.98946E-05 9.98946E-05 9.98946E-05 9.98946E-05 0.00372576 0.0342792 9.98946E-05 0.100059 0.0644206 9.98946E-05 9.98946E-05 0.0510085
9.98509E-05 9.98509E-05 9.98509E-05 9.98509E-05 0.993208 9.98509E-05 9.98509E-05 9.98509E-05 9.98509E-05 9.98509E-05 0.00509478 9.98509E-05 9.98509E-05 9.98509E-05 9.98509E-05 9.98509E-05 9.98509E-05 9.98509E-05 9.98509E-05
9.98595E-05 9.98595E-05 9.98595E-05 9.98595E-05 0.940593 0.0227434 9.98595E-05 9.98595E-05 9.98595E-05 9.98595E-05 9.98595E-05 9.98595E-05 0.0350654 9.98595E-05 9.98595E-05 9.98595E-05 9.98595E-05 9.98595E-05 9.98595E-05
9.99035E-05 9.99035E-05 0.154385 9.99035E-05 0.351907 9.99035E-05 0.0127251 9.99035E-05 9.99035E-05 0.0263969 9.99035E-05 0.234123 0.0193987 9.99035E-05 0.148599 0.0513675 9.99035E-05 9.99035E-05 9.99035E-05
0.0801374 9.9912E-05 9.9912E-05 9.9912E-05 0.642415 0.0081513 0.00951377 9.9912E-05 9.9912E-05 0.0635138 9.9912E-05 9.9912E-05 0.0496438 9.9912E-05 0.0812419 0.0441212 0.0202632 9.9912E-05 9.9912E-05
0.0781026 9.98944E-05 9.98944E-05 9.98944E-05 0.65364 9.98944E-05 9.98944E-05 9.98944E-05 9.98944E-05 9.98944E-05 9.98944E-05 9.98944E-05 0.00872433 0.0154725 0.042927 0.195741 9.98944E-05 9.98944E-05 0.00419427
9.9877E-05 0.015878 9.9877E-05 9.9877E-05 0.537679 9.9877E-05 9.9877E-05 9.9877E-05 9.9877E-05 9.9877E-05 0.0541817 0.272314 9.9877E-05 9.9877E-05 9.9877E-05 0.118548 9.9877E-05 9.9877E-05 9.9877E-05
9.98945E-05 9.98945E-05 0.00754844 9.98945E-05 0.530141 9.98945E-05 0.0348091 9.98945E-05 9.98945E-05 9.98945E-05 9.98945E-05 0.131789 0.118171 9.98945E-05 0.0895261 0.086816 9.98945E-05 9.98945E-05 9.98945E-05
9.9842E-05 9.9842E-05 9.9842E-05 9.9842E-05 0.998203 9.9842E-05 9.9842E-05 9.9842E-05 9.9842E-05 9.9842E-05 9.9842E-05 9.9842E-05 9.9842E-05 9.9842E-05 9.9842E-05 9.9842E-05 9.9842E-05 9.9842E-05 9.9842E-05
9.98771E-05 0.0811158 9.98771E-05 9.98771E-05 0.7907 9.98771E-05 9.98771E-05 9.98771E-05 9.98771E-05 9.98771E-05 0.0637628 9.98771E-05 9.98771E-05 0.0140944 0.0489287 9.98771E-05 9.98771E-05 9.98771E-05 9.98771E-05
9.98769E-05 0.148721 9.98769E-05 9.98769E-05 0.485937 9.98769E-05 0.0329391 9.98769E-05 9.98769E-05 9.98769E-05 9.98769E-05 9.98769E-05 9.98769E-05 9.98769E-05 0.0518846 0.279119 9.98769E-05 9.98769E-05 9.98769E-05
0.115742 0.0432731 9.99209E-05 9.99209E-05 0.479771 0.0529404 0.00782939 9.99209E-05 9.99209E-05 9.99209E-05 9.99209E-05 0.0524926 0.00286564 0.0727783 9.99209E-05 0.0767386 9.99209E-05 9.99209E-05 0.0946698
9.99121E-05 0.0531188 0.0152348 9.99121E-05 0.535407 0.0530498 0.0368432 9.99121E-05 9.99121E-05 9.99121E-05 0.0470656 9.99121E-05 9.99121E-05 0.0929949 0.128064 9.99121E-05 0.0372228 9.99121E-05 9.99121E-05
0.0740377 9.98771E-05 9.98771E-05 9.98771E-05 0.528007 9.98771E-05 0.0297593 9.98771E-05 9.98771E-05 9.98771E-05 9.98771E-05 9.98771E-05 9.98771E-05 9.98771E-05 9.98771E-05 0.291201 0.0755963 9.98771E-05 9.98771E-05
9.98773E-05 9.98773E-05 0.0394381 9.98773E-05 0.866802 0.081995 9.98773E-05 9.98773E-05 9.98773E-05 9.98773E-05 9.98773E-05 9.98773E-05 9.98773E-05 0.00966575 9.98773E-05 9.98773E-05 9.98773E-05 0.000700731 9.98773E-05
9.98684E-05 0.00428038 9.98684E-05 9.98684E-05 0.944423 9.98684E-05 9.98684E-05 9.98684E-05 9.98684E-05 9.98684E-05 9.98684E-05 9.98684E-05 9.98684E-05 9.98684E-05 0.0370004 0.0127985 9.98684E-05 9.98684E-05 9.98684E-05
9.98945E-05 9.98945E-05 0.0739361 9.98945E-05 0.500742 0.0375258 0.214799 9.98945E-05 9.98945E-05 9.98945E-05 9.98945E-05 9.98945E-05 0.0979974 9.98945E-05 9.98945E-05 0.063601 0.0102001 9.98945E-05 9.98945E-05
0.206818 0.11716 9.98945E-05 9.98945E-05 0.455238 9.98945E-05 0.106498 9.98945E-05 9.98945E-05 9.98945E-05 0.00378869 9.98945E-05 9.98945E-05 0.0927082 0.0165909 9.98945E-05 9.98945E-05 9.98945E-05 9.98945E-05
9.98683E-05 0.0805581 9.98683E-05 9.98683E-05 0.806166 9.98683E-05 9.98683E-05 9.98683E-05 9.98683E-05 9.98683E-05 9.98683E-05 9.98683E-05 0.0647929 9.98683E-05 9.98683E-05 0.0469854 9.98683E-05 9.98683E-05 9.98683E-05
9.98769E-05 0.00279778 9.98769E-05 0.0499044 0.642374 0.0664778 9.98769E-05 9.98769E-05 9.98769E-05 9.98769E-05 9.98769E-05 9.98769E-05 9.98769E-05 9.98769E-05 9.98769E-05 0.237048 9.98769E-05 9.98769E-05 9.98769E-05
9.98599E-05 9.98599E-05 9.98599E-05 9.98599E-05 0.962353 9.98599E-05 9.98599E-05 9.98599E-05 0.0335781 9.98599E-05 9.98599E-05 9.98599E-05 9.98599E-05 9.98599E-05 9.98599E-05 9.98599E-05 0.00247084 9.98599E-05 9.98599E-05
0.20023 9.99297E-05 9.99297E-05 0.0651031 0.485623 9.99297E-05 0.0654377 9.99297E-05 9.99297E-05 0.00287042 0.0278279 0.0223303 0.012909 9.99297E-05 9.99297E-05 0.0309203 9.99297E-05 0.00447126 0.0814776
0.019555 9.99035E-05 0.209288 0.0187064 0.580239 9.99035E-05 9.99035E-05 9.99035E-05 9.99035E-05 9.99035E-05 9.99035E-05 0.0456755 0.0578237 9.99035E-05 9.99035E-05 0.0459675 9.99035E-05 9.99035E-05 0.0216462
9.99034E-05 0.00532743 0.00365667 9.99034E-05 0.653267 9.99034E-05 0.160074 9.99034E-05 9.99034E-05 9.99034E-05 9.99034E-05 9.99034E-05 0.0745535 9.99034E-05 0.0508779 0.0232634 9.99034E-05 0.0278813 9.99034E-05
9.98594E-05 0.125475 9.98594E-05 9.98594E-05 0.764851 9.98594E-05 9.98594E-05 9.98594E-05 9.98594E-05 9.98594E-05 9.98594E-05 9.98594E-05 9.98594E-05 0.108076 9.98594E-05 9.98594E-05 9.98594E-05 9.98594E-05 9.98594E-05
9.9886E-05 0.0255174 9.9886E-05 9.9886E-05 0.890448 9.9886E-05 0.0116635 9.9886E-05 9.9886E-05 0.0469558 9.9886E-05 9.9886E-05 9.9886E-05 9.9886E-05 0.0186094 0.00550692 9.9886E-05 9.9886E-05 9.9886E-05
9.98423E-05 9.98423E-05 9.98423E-05 9.98423E-05 0.998203 9.98423E-05 9.98423E-05 9.98423E-05 9.98423E-05 9.98423E-05 9.98423E-05 9.98423E-05 9.98423E-05 9.98423E-05 9.98423E-05 9.98423E-05 9.98423E-05 9.98423E-05 9.98423E-05
9.98421E-05 9.98421E-05 9.98421E-05 9.98421E-05 0.998203 9.98421E-05 9.98421E-05 9.98421E-05 9.98421E-05 9.98421E-05 9.98421E-05 9.98421E-05 9.98421E-05 9.98421E-05 9.98421E-05 9.98421E-05 9.98421E-05 9.98421E-05 9.98421E-05
9.98596E-05 9.98596E-05 9.98596E-05 9.98596E-05 0.871298 9.98596E-05 9.98596E-05 9.98596E-05 9.98596E-05 9.98596E-05 9.98596E-05 9.98596E-05 0.0895486 9.98596E-05 0.0375553 9.98596E-05 9.98596E-05 9.98596E-05 9.98596E-05
9.98685E-05 9.98685E-05 9.98685E-05 9.98685E-05 0.674881 9.98685E-05 9.98685E-05 9.98685E-05 0.104394 9.98685E-05 9.98685E-05 9.98685E-05 9.98685E-05 9.98685E-05 0.0693506 0.149876 9.98685E-05 9.98685E-05 9.98685E-05
9.98596E-05 9.98596E-05 0.80434 9.98596E-05 9.98596E-05 9.98596E-05 9.98596E-05 9.98596E-05 9.98596E-05 9.98596E-05 9.98596E-05 9.98596E-05 9.98596E-05 9.98596E-05 0.0423943 0.151668 9.98596E-05 9.98596E-05 9.98596E-05
9.98685E-05 9.98685E-05 0.417123 9.98685E-05 9.98685E-05 9.98685E-05 9.98685E-05 9.98685E-05 0.446894 9.98685E-05 9.98685E-05 9.98685E-05 9.98685E-05 9.98685E-05 0.0230945 0.111391 9.98685E-05 9.98685E-05 9.98685E-05
0.0402005 0.020079 0.792609 0.00231742 9.98946E-05 9.98946E-05 9.98946E-05 9.98946E-05 9.98946E-05 9.98946E-05 9.98946E-05 9.98946E-05 0.0178412 9.98946E-05 9.98946E-05 0.0853081 0.0404466 9.98946E-05 9.98946E-05
9.98682E-05 9.98682E-05 0.735135 9.98682E-05 9.98682E-05 9.98682E-05 9.98682E-05 9.98682E-05 9.98682E-05 9.98682E-05 9.98682E-05 9.98682E-05 0.065005 9.98682E-05 0.052788 0.145574 9.98682E-05 9.98682E-05 9.98682E-05
9.98594E-05 9.98594E-05 0.875452 9.98594E-05 9.98594E-05 9.98594E-05 9.98594E-05 9.98594E-05 9.98594E-05 9.98594E-05 9.98594E-05 9.98594E-05 9.98594E-05 9.98594E-05 0.109493 0.013457 9.98594E-05 9.98594E-05 9.98594E-05
9.98685E-05 9.98685E-05 0.55344 9.98685E-05 9.98685E-05 9.98685E-05 9.98685E-05 9.98685E-05 9.98685E-05 9.98685E-05 0.0577118 9.98685E-05 9.98685E-05 9.98685E-05 0.195598 0.191753 9.98685E-05 9.98685E-05 9.98685E-05
0.0508627 0.0272834 0.748595 9.98859E-05 9.98859E-05 9.98859E-05 9.98859E-05 9.98859E-05 9.98859E-05 9.98859E-05 9.98859E-05 9.98859E-05 9.98859E-05 0.00870208 0.0811075 0.0821504 9.98859E-05 9.98859E-05 9.98859E-05
9.98596E-05 9.98596E-05 0.772323 9.98596E-05 9.98596E-05 9.98596E-05 9.98596E-05 9.98596E-05 9.98596E-05 9.98596E-05 9.98596E-05 9.98596E-05 9.98596E-05 9.98596E-05 0.205042 0.0210381 9.98596E-05 9.98596E-05 9.98596E-05
9.98682E-05 9.98682E-05 0.401621 9.98682E-05 9.98682E-05 9.98682E-05 9.98682E-05 9.98682E-05 9.98682E-05 9.98682E-05 9.98682E-05 0.22652 9.98682E-05 9.98682E-05 0.342311 0.0280491 9.98682E-05 9.98682E-05 9.98682E-05
0.0548727 9.98858E-05 0.497555 9.98858E-05 9.98858E-05 9.98858E-05 9.98858E-05 9.98858E-05 9.98858E-05 9.98858E-05 0.0231931 9.98858E-05 9.98858E-05 0.0217551 0.146468 0.254857 9.98858E-05 9.98858E-05 9.98858E-05
9.98684E-05 9.98684E-05 0.52126 9.98684E-05 9.98684E-05 9.98684E-05 9.98684E-05 9.98684E-05 0.199578 9.98684E-05 9.98684E-05 0.260758 9.98684E-05 9.98684E-05 0.0169058 9.98684E-05 9.98684E-05 9.98684E-05 9.98684E-05
9.98772E-05 9.98772E-05 0.714944 9.98772E-05 9.98772E-05 9.98772E-05 9.98772E-05 9.98772E-05 0.0177482 0.0290898 9.98772E-05 0.185433 9.98772E-05 9.98772E-05 9.98772E-05 0.0513867 9.98772E-05 9.98772E-05 9.98772E-05
9.98598E-05 9.98598E-05 0.84538 9.98598E-05 9.98598E-05 9.98598E-05 9.98598E-05 9.98598E-05 0.0165069 9.98598E-05 9.98598E-05 9.98598E-05 9.98598E-05 9.98598E-05 0.136516 9.98598E-05 9.98598E-05 9.98598E-05 9.98598E-05
9.98773E-05 9.98773E-05 0.552481 9.98773E-05 9.98773E-05 9.98773E-05 9.98773E-05 9.98773E-05 0.0302925 9.98773E-05 9.98773E-05 9.98773E-05 9.98773E-05 9.98773E-05 0.133272 0.270582 9.98773E-05 0.0119742 9.98773E-05
9.98772E-05 9.98772E-05 0.70847 9.98772E-05 9.98772E-05 9.98772E-05 9.98772E-05 9.98772E-05 0.0560065 9.98772E-05 9.98772E-05 9.98772E-05 0.116894 0.0468171 0.0704141 9.98772E-05 9.98772E-05 9.98772E-05 9.98772E-05
9.98948E-05 0.00334239 0.684185 9.98948E-05 9.98948E-05 9.98948E-05 9.98948E-05 9.98948E-05 9.98948E-05 0.0402826 0.0113943 0.115029 9.98948E-05 9.98948E-05 0.00923611 0.135331 9.98948E-05 9.98948E-05 9.98948E-05
9.98859E-05 9.98859E-05 0.542845 9.98859E-05 9.98859E-05 9.98859E-05 9.98859E-05 9.98859E-05 0.0397728 0.150142 9.98859E-05 0.144427 9.98859E-05 9.98859E-05 0.0740736 0.0474409 9.98859E-05 9.98859E-05 9.98859E-05
0.118764 9.98774E-05 0.753752 9.98774E-05 9.98774E-05 9.98774E-05 9.98774E-05 9.98774E-05 9.98774E-05 9.98774E-05 0.0107936 9.98774E-05 9.98774E-05 9.98774E-05 0.107023 9.98774E-05 0.00826891 9.98774E-05 9.98774E-05
9.98684E-05 0.017557 0.939148 9.98684E-05 9.98684E-05 9.98684E-05 9.98684E-05 9.98684E-05 9.98684E-05 9.98684E-05 9.98684E-05 0.0255104 9.98684E-05 9.98684E-05 0.0162864 9.98684E-05 9.98684E-05 9.98684E-05 9.98684E-05
9.99298E-05 0.0221497 0.384862 9.99298E-05 0.0287329 0.0133911 9.99298E-05 9.99298E-05 0.192154 0.0181267 0.0110365 9.99298E-05 0.0379001 0.0218462 0.124688 0.144313 9.99298E-05 9.99298E-05 9.99298E-05
9.98859E-05 9.98859E-05 0.680067 9.98859E-05 9.98859E-05 9.98859E-05 9.98859E-05 9.98859E-05 9.98859E-05 9.98859E-05 0.0118539 0.0836683 9.98859E-05 9.98859E-05 0.048659 0.167332 0.00712109 9.98859E-05 9.98859E-05
9.98683E-05 0.028407 0.859212 9.98683E-05 9.98683E-05 9.98683E-05 9.98683E-05 9.98683E-05 9.98683E-05 9.98683E-05 9.98683E-05 9.98683E-05 0.0333261 9.98683E-05 9.98683E-05 0.0775568 9.98683E-05 9.98683E-05 9.98683E-05
9.98771E-05 9.98771E-05 0.44249 9.98771E-05 9.98771E-05 9.98771E-05 9.98771E-05 9.98771E-05 9.98771E-05 0.0655099 9.98771E-05 0.0157195 9.98771E-05 9.98771E-05 0.24954 0.225343 9.98771E-05 9.98771E-05 9.98771E-05
9.98773E-05 0.0251279 0.646144 9.98773E-05 9.98773E-05 9.98773E-05 9.98773E-05 9.98773E-05 0.0939011 9.98773E-05 9.98773E-05 9.98773E-05 9.98773E-05 9.98773E-05 0.221373 9.98773E-05 9.98773E-05 9.98773E-05 0.0120552
9.98771E-05 9.98771E-05 0.369279 9.98771E-05 9.98771E-05 9.98771E-05 9.98771E-05 9.98771E-05 9.98771E-05 0.0861767 9.98771E-05 0.0315111 9.98771E-05 9.98771E-05 0.268511 0.243124 9.98771E-05 9.98771E-05 9.98771E-05
9.98948E-05 9.98948E-05 0.378487 9.98948E-05 0.0549087 9.98948E-05 9.98948E-05 9.98948E-05 0.217018 9.98948E-05 9.98948E-05 0.055823 0.0154579 9.98948E-05 0.136557 0.140549 9.98948E-05 9.98948E-05 9.98948E-05
9.98772E-05 9.98772E-05 0.256623 0.0521896 9.98772E-05 9.98772E-05 9.98772E-05 9.98772E-05 0.482626 9.98772E-05 9.98772E-05 9.98772E-05 9.98772E-05 9.98772E-05 9.98772E-05 0.0682994 9.98772E-05 0.138863 9.98772E-05
9.98681E-05 9.98681E-05 0.844947 9.98681E-05 9.98681E-05 9.98681E-05 0.00835835 9.98681E-05 9.98681E-05 9.98681E-05 9.98681E-05 9.98681E-05 9.98681E-05 9.98681E-05 0.0723793 0.0728175 9.98681E-05 9.98681E-05 9.98681E-05
9.98684E-05 9.98684E-05 0.610104 9.98684E-05 9.98684E-05 9.98684E-05 9.98684E-05 9.98684E-05 9.98684E-05 9.98684E-05 9.98684E-05 0.0888677 9.98684E-05 9.98684E-05 0.168757 0.130774 9.98684E-05 9.98684E-05 9.98684E-05
9.9886E-05 0.049312 0.738626 9.9886E-05 9.9886E-05 9.9886E-05 9.9886E-05 9.9886E-05 9.9886E-05 0.054527 9.9886E-05 9.9886E-05 9.9886E-05 9.9886E-05 0.00616949 0.118804 0.0312627 9.9886E-05 9.9886E-05
9.98773E-05 0.0746207 0.725414 9.98773E-05 9.98773E-05 0.040153 9.98773E-05 9.98773E-05 9.98773E-05 9.98773E-05 9.98773E-05 9.98773E-05 9.98773E-05 9.98773E-05 0.00527879 0.153136 9.98773E-05 9.98773E-05 9.98773E-05
9.98684E-05 9.98684E-05 0.939115 9.98684E-05 9.98684E-05 0.011804 9.98684E-05 9.98684E-05 9.98684E-05 0.0199406 9.98684E-05 9.98684E-05 0.0276424 9.98684E-05 9.98684E-05 9.98684E-05 9.98684E-05 9.98684E-05 9.98684E-05
9.9877E-05 9.9877E-05 0.296274 9.9877E-05 9.9877E-05 9.9877E-05 9.9877E-05 9.9877E-05 9.9877E-05 0.174814 9.9877E-05 9.9877E-05 9.9877E-05 9.9877E-05 0.320167 0.158184 0.0491632 9.9877E-05 9.9877E-05
0.130382 9.98682E-05 0.807534 9.98682E-05 9.98682E-05 9.98682E-05 9.98682E-05 9.98682E-05 9.98682E-05 9.98682E-05 9.98682E-05 9.98682E-05 9.98682E-05 9.98682E-05 0.00713113 0.0534547 9.98682E-05 9.98682E-05 9.98682E-05
9.98509E-05 9.98509E-05 0.953322 9.98509E-05 9.98509E-05 9.98509E-05 9.98509E-05 9.98509E-05 9.98509E-05 9.98509E-05 9.98509E-05 9.98509E-05 9.98509E-05 9.98509E-05 9.98509E-05 0.044981 9.98509E-05 9.98509E-05 9.98509E-05
0.00560393 0.0336538 0.703912 9.98947E-05 9.98947E-05 9.98947E-05 9.98947E-05 9.98947E-05 0.0471328 9.98947E-05 0.0230768 0.1192 9.98947E-05 9.98947E-05 0.0662217 9.98947E-05 9.98947E-05 9.98947E-05 9.98947E-05
9.98858E-05 0.00929788 0.662056 9.98858E-05 9.98858E-05 9.98858E-05 9.98858E-05 9.98858E-05 9.98858E-05 9.98858E-05 9.98858E-05 9.98858E-05 0.0267577 0.0584712 0.0218267 0.220292 9.98858E-05 9.98858E-05 9.98858E-05
9.9877E-05 9.9877E-05 0.384537 9.9877E-05 9.9877E-05 9.9877E-05 9.9877E-05 9.9877E-05 0.501353 0.00931027 0.0120562 9.9877E-05 9.9877E-05 9.9877E-05 0.0913444 9.9877E-05 9.9877E-05 9.9877E-05 9.9877E-05
9.9886E-05 0.00189877 0.739329 9.9886E-05 9.9886E-05 9.9886E-05 9.9886E-05 9.9886E-05 0.11212 0.0165707 9.9886E-05 9.9886E-05 9.9886E-05 9.9886E-05 0.0374976 0.0912851 9.9886E-05 9.9886E-05 9.9886E-05
9.9851E-05 9.9851E-05 0.778463 9.9851E-05 9.9851E-05 9.9851E-05 9.9851E-05 9.9851E-05 0.21984 9.9851E-05 9.9851E-05 9.9851E-05 9.9851E-05 9.9851E-05 9.9851E-05 9.9851E-05 9.9851E-05 9.9851E-05 9.9851E-05
9.9886E-05 9.9886E-05 0.511806 9.9886E-05 9.9886E-05 9.9886E-05 9.9886E-05 9.9886E-05 0.376922 0.0379136 9.9886E-05 0.00730806 0.0409403 9.9886E-05 0.0238121 9.9886E-05 9.9886E-05 9.9886E-05 9.9886E-05
9.98683E-05 9.98683E-05 0.471014 9.98683E-05 9.98683E-05 9.98683E-05 9.98683E-05 9.98683E-05 9.98683E-05 9.98683E-05 9.98683E-05 0.153076 9.98683E-05 9.98683E-05 0.0802335 0.294179 9.98683E-05 9.98683E-05 9.98683E-05
9.98597E-05 9.98597E-05 0.834842 9.98597E-05 9.98597E-05 9.98597E-05 9.98597E-05 9.98597E-05 9.98597E-05 9.98597E-05 9.98597E-05 9.98597E-05 9.98597E-05 9.98597E-05 0.111252 9.98597E-05 9.98597E-05 9.98597E-05 0.0523082
9.98772E-05 9.98772E-05 0.109058 9.98772E-05 9.98772E-05 9.98772E-05 9.98772E-05 9.98772E-05 0.55926 0.161255 9.98772E-05 9.98772E-05 9.98772E-05 9.98772E-05 0.151755 0.0172743 9.98772E-05 9.98772E-05 9.98772E-05
9.98597E-05 9.98597E-05 0.524402 9.98597E-05 9.98597E-05 9.98597E-05 9.98597E-05 9.98597E-05 0.417655 9.98597E-05 9.98597E-05 9.98597E-05 9.98597E-05 9.98597E-05 9.98597E-05 0.0563452 9.98597E-05 9.98597E-05 9.98597E-05
0.0156589 9.98771E-05 0.53469 9.98771E-05 9.98771E-05 9.98771E-05 9.98771E-05 9.98771E-05 9.98771E-05 0.115892 9.98771E-05 0.148263 9.98771E-05 9.98771E-05 0.184098 9.98771E-05 9.98771E-05 9.98771E-05 9.98771E-05
9.9886E-05 9.9886E-05 0.499419 9.9886E-05 0.265658 9.9886E-05 9.9886E-05 9.9886E-05 0.0100135 0.0249596 9.9886E-05 9.9886E-05 9.9886E-05 9.9886E-05 0.111246 0.0874052 9.9886E-05 9.9886E-05 9.9886E-05
0.0356451 9.99124E-05 0.523114 9.99124E-05 9.99124E-05 0.00593345 9.99124E-05 9.99124E-05 0.0198021 9.99124E-05 9.99124E-05 0.0948682 9.99124E-05 0.0586504 0.157108 0.0259518 9.99124E-05 0.0779274 9.99124E-05
0.0775803 9.98685E-05 0.410049 9.98685E-05 9.98685E-05 9.98685E-05 9.98685E-05 9.98685E-05 9.98685E-05 9.98685E-05 9.98685E-05 9.98685E-05 9.98685E-05 9.98685E-05 0.311204 0.199668 9.98685E-05 9.98685E-05 9.98685E-05
9.98596E-05 9.98596E-05 0.52965 9.98596E-05 9.98596E-05 9.98596E-05 9.98596E-05 9.98596E-05 0.455758 9.98596E-05 9.98596E-05 9.98596E-05 9.98596E-05 9.98596E-05 9.98596E-05 0.0129939 9.98596E-05 9.98596E-05 9.98596E-05
9.98595E-05 9.98595E-05 0.70942 9.98595E-05 9.98595E-05 9.98595E-05 9.98595E-05 9.98595E-05 9.98595E-05 9.98595E-05 0.218113 9.98595E-05 9.98595E-05 9.98595E-05 9.98595E-05 0.0708691 9.98595E-05 9.98595E-05 9.98595E-05
9.98683E-05 9.98683E-05 0.305397 9.98683E-05 9.98683E-05 9.98683E-05 9.98683E-05 9.98683E-05 0.541909 9.98683E-05 9.98683E-05 9.98683E-05 9.98683E-05 9.98683E-05 0.138268 0.0129283 9.98683E-05 9.98683E-05 9.98683E-05
9.9886E-05 0.038934 0.581371 9.9886E-05 9.9886E-05 9.9886E-05 9.9886E-05 9.9886E-05 0.158059 9.9886E-05 9.9886E-05 9.9886E-05 9.9886E-05 0.0180181 0.10462 0.0977005 9.9886E-05 9.9886E-05 9.9886E-05
9.98684E-05 9.98684E-05 0.928902 9.98684E-05 9.98684E-05 0.0173298 9.98684E-05 9.98684E-05 9.98684E-05 9.98684E-05 9.98684E-05 9.98684E-05 0.0244543 9.98684E-05 0.0278156 9.98684E-05 9.98684E-05 9.98684E-05 9.98684E-05
9.9877E-05 9.9877E-05 0.845666 9.9877E-05 9.9877E-05 9.9877E-05 0.0305963 9.9877E-05 9.9877E-05 0.020446 0.0395207 9.9877E-05 0.0623731 9.9877E-05 9.9877E-05 9.9877E-05 9.9877E-05 9.9877E-05 9.9877E-05
9.98683E-05 9.98683E-05 0.45678 9.98683E-05 9.98683E-05 9.98683E-05 9.98683E-05 9.98683E-05 9.98683E-05 9.98683E-05 9.98683E-05 0.2503 9.98683E-05 9.98683E-05 0.169461 0.12196 9.98683E-05 9.98683E-05 9.98683E-05
9.98595E-05 9.98595E-05 0.769636 9.98595E-05 9.98595E-05 9.98595E-05 9.98595E-05 9.98595E-05 9.98595E-05 9.98595E-05 9.98595E-05 9.98595E-05 9.98595E-05 9.98595E-05 0.154856 0.0739102 9.98595E-05 9.98595E-05 9.98595E-05
9.98683E-05 0.0092992 0.915602 9.98683E-05 9.98683E-05 0.032576 9.98683E-05 9.98683E-05 9.98683E-05 9.98683E-05 9.98683E-05 9.98683E-05 9.98683E-05 9.98683E-05 9.98683E-05 0.0410245 9.98683E-05 9.98683E-05 9.98683E-05
9.98596E-05 9.98596E-05 0.791393 9.98596E-05 9.98596E-05 9.98596E-05 9.98596E-05 9.98596E-05 9.98596E-05 0.12835 9.98596E-05 9.98596E-05 9.98596E-05 9.98596E-05 9.98596E-05 0.0786594 9.98596E-05 9.98596E-05 9.98596E-05
9.98772E-05 0.0486658 0.594865 9.98772E-05 9.98772E-05 9.98772E-05 9.98772E-05 9.98772E-05 0.165216 9.98772E-05 9.98772E-05 0.0155455 9.98772E-05 9.98772E-05 0.17431 9.98772E-05 9.98772E-05 9.98772E-05 9.98772E-05
9.98418E-05 9.98418E-05 9.98418E-05 9.98418E-05 9.98418E-05 9.98418E-05 9.98418E-05 9.98418E-05 9.98418E-05 9.98418E-05 9.98418E-05 9.98418E-05 9.98418E-05 9.98418E-05 9.98418E-05 0.998203 9.98418E-05 9.98418E-05 9.98418E-05
9.98417E-05 9.98417E-05 9.98417E-05 9.98417E-05 9.98417E-05 9.98417E-05 9.98417E-05 9.98417E-05 9.98417E-05 9.98417E-05 9.98417E-05 9.98417E-05 9.98417E-05 9.98417E-05 0.998203 9.98417E-05 9.98417E-05 9.98417E-05 9.98417E-05
9.98417E-05 9.98417E-05 9.98417E-05 9.98417E-05 9.98417E-05 9.98417E-05 9.98417E-05 9.98417E-05 9.98417E-05 9.98417E-05 9.98417E-05 9.98417E-05 9.98417E-05 9.98417E-05 9.98417E-05 0.998203 9.98417E-05 9.98417E-05 9.98417E-05
9.98417E-05 9.98417E-05 9.98417E-05 9.98417E-05 9.98417E-05 9.98417E-05 9.98417E-05 9.98417E-05 9.98417E-05 9.98417E-05 9.98417E-05 9.98417E-05 9.98417E-05 9.98417E-05 0.998203 9.98417E-05 9.98417E-05 9.98417E-05 9.98417E-05
9.98417E-05 9.98417E-05 9.98417E-05 9.98417E-05 9.98417E-05 9.98417E-05 9.98417E-05 9.98417E-05 9.98417E-05 9.98417E-05 9.98417E-05 9.98417E-05 9.98417E-05 9.98417E-05 0.998203 9.98417E-05 9.98417E-05 9.98417E-05 9.98417E-05
9.98419E-05 9.98419E-05 9.98419E-05 9.98419E-05 9.98419E-05 9.98419E-05 9.98419E-05 9.98419E-05 9.98419E-05 9.98419E-05 9.98419E-05 9.98419E-05 9.98419E-05 9.98419E-05 0.998203 9.98419E-05 9.98419E-05 9.98419E-05 9.98419E-05
9.98417E-05 9.98417E-05 9.98417E-05 9.98417E-05 9.98417E-05 9.98417E-05 9.98417E-05 9.98417E-05 9.98417E-05 9.98417E-05 9.98417E-05 9.98417E-05 9.98417E-05 9.98417E-05 9.98417E-05 0.998203 9.98417E-05 9.98417E-05 9.98417E-05
9.98418E-05 9.98418E-05 9.98418E-05 9.98418E-05 9.98418E-05 9.98418E-05 9.98418E-05 9.98418E-05 9.98418E-05 9.98418E-05 9.98418E-05 9.98418E-05 9.98418E-05 9.98418E-05 0.998203 9.98418E-05 9.98418E-05 9.98418E-05 9.98418E-05
9.98418E-05 9.98418E-05 9.98418E-05 9.98418E-05 9.98418E-05 9.98418E-05 9.98418E-05 9.98418E-05 9.98418E-05 9.98418E-05 9.98418E-05 9.98418E-05 9.98418E-05 9.98418E-05 0.998203 9.98418E-05 9.98418E-05 9.98418E-05 9.98418E-05
9.98418E-05 9.98418E-05 9.98418E-05 9.98418E-05 9.98418E-05 9.98418E-05 9.98418E-05 9.98418E-05 9.98418E-05 9.98418E-05 9.98418E-05 9.98418E-05 9.98418E-05 9.98418E-05 9.98418E-05 0.998203 9.98418E-05 9.98418E-05 9.98418E-05
9.98417E-05 9.98417E-05 9.98417E-05 9.98417E-05 9.98417E-05 9.98417E-05 9.98417E-05 9.98417E-05 9.98417E-05 9.98417E-05 9.98417E-05 9.98417E-05 9.98417E-05 9.98417E-05 9.98417E-05 0.998203 9.98417E-05 9.98417E-05 9.98417E-05
9.98417E-05 9.98417E-05 9.98417E-05 9.98417E-05 9.98417E-05 9.98417E-05 9.98417E-05 9.98417E-05 9.98417E-05 9.98417E-05 9.98417E-05 9.98417E-05 9.98417E-05 9.98417E-05 9.98417E-05 0.998203 9.98417E-05 9.98417E-05 9.98417E-05
9.98417E-05 9.98417E-05 9.98417E-05 9.98417E-05 9.98417E-05 9.98417E-05 9.98417E-05 9.98417E-05 9.98417E-05 9.98417E-05 9.98417E-05 9.98417E-05 9.98417E-05 9.98417E-05 0.998203 9.98417E-05 9.98417E-05 9.98417E-05 9.98417E-05
9.98417E-05 9.98417E-05 9.98417E-05 9.98417E-05 9.98417E-05 9.98417E-05 9.98417E-05 9.98417E-05 9.98417E-05 9.98417E-05 9.98417E-05 9.98417E-05 9.98417E-05 9.98417E-05 0.998203 9.98417E-05 9.98417E-05 9.98417E-05 9.98417E-05
9.98419E-05 9.98419E-05 9.98419E-05 9.98419E-05 9.98419E-05 9.98419E-05 9.98419E-05 9.98419E-05 9.98419E-05 9.98419E-05 9.98419E-05 9.98419E-05 9.98419E-05 9.98419E-05 9.98419E-05 0.998203 9.98419E-05 9.98419E-05 9.98419E-05
9.98417E-05 9.98417E-05 9.98417E-05 9.98417E-05 9.98417E-05 9.98417E-05 9.98417E-05 9.98417E-05 9.98417E-05 9.98417E-05 9.98417E-05 9.98417E-05 9.98417E-05 9.98417E-05 9.98417E-05 0.998203 9.98417E-05 9.98417E-05 9.98417E-05
9.99034E-05 9.99034E-05 0.51161 0.0281316 9.99034E-05 9.99034E-05 0.216246 9.99034E-05 9.99034E-05 9.99034E-05 9.99034E-05 9.99034E-05 9.99034E-05 0.0176051 0.0240436 0.112874 9.99034E-05 0.0581733 0.0302172
9.98417E-05 9.98417E-05 9.98417E-05 9.98417E-05 9.98417E-05 9.98417E-05 9.98417E-05 9.98417E-05 9.98417E-05 9.98417E-05 9.98417E-05 9.98417E-05 9.98417E-05 9.98417E-05 9.98417E-05 0.998203 9.98417E-05 9.98417E-05 9.98417E-05
9.98419E-05 9.98419E-05 9.98419E-05 9.98419E-05 9.98419E-05 9.98419E-05 9.98419E-05 9.98419E-05 9.98419E-05 9.98419E-05 9.98419E-05 9.98419E-05 9.98419E-05 9.98419E-05 0.998203 9.98419E-05 9.98419E-05 9.98419E-05 9.98419E-05
9.98417E-05 9.98417E-05 9.98417E-05 9.98417E-05 9.98417E-05 9.98417E-05 9.98417E-05 9.98417E-05 9.98417E-05 9.98417E-05 9.98417E-05 9.98417E-05 9.98417E-05 9.98417E-05 9.98417E-05 0.998203 9.98417E-05 9.98417E-05 9.98417E-05
9.98417E-05 9.98417E-05 9.98417E-05 9.98417E-05 9.98417E-05 9.98417E-05 9.98417E-05 9.98417E-05 9.98417E-05 9.98417E-05 9.98417E-05 9.98417E-05 9.98417E-05 9.98417E-05 9.98417E-05 0.998203 9.98417E-05 9.98417E-05 9.98417E-05
9.98418E-05 9.98418E-05 9.98418E-05 9.98418E-05 9.98418E-05 9.98418E-05 9.98418E-05 9.98418E-05 9.98418E-05 9.98418E-05 9.98418E-05 9.98418E-05 9.98418E-05 9.98418E-05 9.98418E-05 0.998203 9.98418E-05 9.98418E-05 9.98418E-05
9.98417E-05 9.98417E-05 9.98417E-05 9.98417E-05 9.98417E-05 9.98417E-05 9.98417E-05 9.98417E-05 9.98417E-05 9.98417E-05 9.98417E-05 9.98417E-05 9.98417E-05 9.98417E-05 0.998203 9.98417E-05 9.98417E-05 9.98417E-05 9.98417E-05
9.98417E-05 9.98417E-05 9.98417E-05 9.98417E-05 9.98417E-05 9.98417E-05 9.98417E-05 9.98417E-05 9.98417E-05 9.98417E-05 9.98417E-05 9.98417E-05 9.98417E-05 9.98417E-05 9.98417E-05 0.998203 9.98417E-05 9.98417E-05 9.98417E-05
9.98417E-05 9.98417E-05 9.98417E-05 9.98417E-05 9.98417E-05 9.98417E-05 9.98417E-05 9.98417E-05 9.98417E-05 9.98417E-05 9.98417E-05 9.98417E-05 9.98417E-05 9.98417E-05 0.998203 9.98417E-05 9.98417E-05 9.98417E-05 9.98417E-05
9.98418E-05 9.98418E-05 9.98418E-05 9.98418E-05 9.98418E-05 9.98418E-05 9.98418E-05 9.98418E-05 9.98418E-05 9.98418E-05 9.98418E-05 9.98418E-05 9.98418E-05 9.98418E-05 9.98418E-05 0.998203 9.98418E-05 9.98418E-05 9.98418E-05
9.98417E-05 9.98417E-05 9.98417E-05 9.98417E-05 9.98417E-05 9.98417E-05 9.98417E-05 9.98417E-05 9.98417E-05 9.98417E-05 9.98417E-05 9.98417E-05 9.98417E-05 9.98417E-05 9.98417E-05 0.998203 9.98417E-05 9.98417E-05 9.98417E-05
9.98417E-05 9.98417E-05 9.98417E-05 9.98417E-05 9.98417E-05 9.98417E-05 9.98417E-05 9.98417E-05 9.98417E-05 9.98417E-05 9.98417E-05 9.98417E-05 9.98417E-05 9.98417E-05 0.998203 9.98417E-05 9.98417E-05 9.98417E-05 9.98417E-05
9.98418E-05 9.98418E-05 9.98418E-05 9.98418E-05 9.98418E-05 9.98418E-05 9.98418E-05 9.98418E-05 9.98418E-05 9.98418E-05 9.98418E-05 9.98418E-05 9.98418E-05 9.98418E-05 0.998203 9.98418E-05 9.98418E-05 9.98418E-05 9.98418E-05
9.98418E-05 9.98418E-05 9.98418E-05 9.98418E-05 9.98418E-05 9.98418E-05 9.98418E-05 9.98418E-05 9.98418E-05 9.98418E-05 9.98418E-05 9.98418E-05 9.98418E-05 9.98418E-05 0.998203 9.98418E-05 9.98418E-05 9.98418E-05 9.98418E-05
9.98418E-05 9.98418E-05 9.98418E-05 9.98418E-05 9.98418E-05 9.98418E-05 9.98418E-05 9.98418E-05 9.98418E-05 9.98418E-05 9.98418E-05 9.98418E-05 9.98418E-05 9.98418E-05 9.98418E-05 0.998203 9.98418E-05 9.98418E-05 9.98418E-05
9.98417E-05 9.98417E-05 9.98417E-05 9.98417E-05 9.98417E-05 9.98417E-05 9.98417E-05 9.98417E-05 9.98417E-05 9.98417E-05 9.98417E-05 9.98417E-05 9.98417E-05 9.98417E-05 9.98417E-05 0.998203 9.98417E-05 9.98417E-05 9.98417E-05
9.98416E-05 9.98416E-05 9.98416E-05 9.98416E-05 9.98416E-05 9.98416E-05 9.98416E-05 9.98416E-05 9.98416E-05 9.98416E-05 9.98416E-05 9.98416E-05 9.98416E-05 9.98416E-05 9.98416E-05 0.998203 9.98416E-05 9.98416E-05 9.98416E-05
9.98417E-05 9.98417E-05 9.98417E-05 9.98417E-05 9.98417E-05 9.98417E-05 9.98417E-05 9.98417E-05 9.98417E-05 9.98417E-05 9.98417E-05 9.98417E-05 9.98417E-05 9.98417E-05 9.98417E-05 0.998203 9.98417E-05 9.98417E-05 9.98417E-05
9.98417E-05 9.98417E-05 9.98417E-05 9.98417E-05 9.98417E-05 9.98417E-05 9.98417E-05 9.98417E-05 9.98417E-05 9.98417E-05 9.98417E-05 9.98417E-05 9.98417E-05 9.98417E-05 9.98417E-05 0.998203 9.98417E-05 9.98417E-05 9.98417E-05
9.98418E-05 9.98418E-05 9.98418E-05 9.98418E-05 9.98418E-05 9.98418E-05 9.98418E-05 9.98418E-05 9.98418E-05 9.98418E-05 9.98418E-05 9.98418E-05 9.98418E-05 9.98418E-05 0.998203 9.98418E-05 9.98418E-05 9.98418E-05 9.98418E-05
