0.0122747 9.99122E-05 9.99122E-05 9.99122E-05 0.247767 9.99122E-05 0.022485 0.0140428 9.99122E-05 9.99122E-05 9.99122E-05 0.0351518 0.119366 9.99122E-05 9.99122E-05 0.329768 0.114139 0.104007 9.99122E-05
0.129905 9.98772E-05 9.98772E-05 9.98772E-05 9.98772E-05 9.98772E-05 9.98772E-05 9.98772E-05 9.98772E-05 9.98772E-05 9.98772E-05 9.98772E-05 0.0174185 9.98772E-05 9.98772E-05 0.635806 9.98772E-05 0.200861 0.0146117
9.99034E-05 9.99034E-05 9.99034E-05 9.99034E-05 0.0353339 0.000874733 9.99034E-05 0.0801774 9.99034E-05 0.000152858 9.99034E-05 0.00589964 0.028506 9.99034E-05 9.99034E-05 0.838837 0.00911947 9.99034E-05 9.99034E-05
9.99123E-05 0.0290459 9.99123E-05 0.0550929 0.081984 9.99123E-05 9.99123E-05 9.99123E-05 9.99123E-05 0.196183 9.99123E-05 9.99123E-05 9.99123E-05 0.0164351 0.0355286 0.235366 0.0578115 9.99123E-05 0.291553
0.0659315 0.0124867 0.0611242 9.98859E-05 9.98859E-05 9.98859E-05 9.98859E-05 9.98859E-05 9.98859E-05 9.98859E-05 0.0123847 9.98859E-05 9.98859E-05 9.98859E-05 9.98859E-05 0.743272 9.98859E-05 9.98859E-05 0.103502
9.9886E-05 0.230645 0.258596 9.9886E-05 9.9886E-05 9.9886E-05 9.9886E-05 9.9886E-05 9.9886E-05 9.9886E-05 0.0023018 9.9886E-05 9.9886E-05 9.9886E-05 9.9886E-05 0.237445 0.00294955 0.266764 9.9886E-05
0.122984 9.99211E-05 9.99211E-05 9.99211E-05 0.153336 9.99211E-05 9.99211E-05 0.0538152 9.99211E-05 0.0481027 9.99211E-05 0.13458 0.114991 9.99211E-05 9.99211E-05 0.257102 0.013058 0.0788121 0.0223194
9.99036E-05 0.141102 0.177677 9.99036E-05 0.181337 9.99036E-05 0.100273 9.99036E-05 9.99036E-05 9.99036E-05 9.99036E-05 9.99036E-05 9.99036E-05 0.137676 9.99036E-05 0.17729 9.99036E-05 0.0632081 0.0203367
9.98859E-05 0.257088 9.98859E-05 9.98859E-05 0.0373149 9.98859E-05 9.98859E-05 0.172967 9.98859E-05 9.98859E-05 9.98859E-05 9.98859E-05 9.98859E-05 9.98859E-05 0.0187038 0.26299 0.249638 9.98859E-05 9.98859E-05
9.98595E-05 9.98595E-05 9.98595E-05 9.98595E-05 9.98595E-05 9.98595E-05 9.98595E-05 9.98595E-05 9.98595E-05 0.00160185 9.98595E-05 9.98595E-05 9.98595E-05 9.98595E-05 9.98595E-05 0.886988 0.109812 9.98595E-05 9.98595E-05
9.98859E-05 0.00702759 9.98859E-05 9.98859E-05 0.10413 9.98859E-05 9.98859E-05 9.98859E-05 9.98859E-05 9.98859E-05 9.98859E-05 9.98859E-05 0.142304 9.98859E-05 9.98859E-05 0.487451 0.194137 0.0636521 9.98859E-05
9.98771E-05 9.98771E-05 0.00279593 9.98771E-05 9.98771E-05 9.98771E-05 9.98771E-05 9.98771E-05 0.00747756 0.0293474 9.98771E-05 9.98771E-05 9.98771E-05 0.082045 9.98771E-05 0.876936 9.98771E-05 9.98771E-05 9.98771E-05
9.98595E-05 9.98595E-05 9.98595E-05 9.98595E-05 0.147292 9.98595E-05 9.98595E-05 9.98595E-05 9.98595E-05 9.98595E-05 9.98595E-05 9.98595E-05 9.98595E-05 9.98595E-05 9.98595E-05 0.758128 0.0929824 9.98595E-05 9.98595E-05
9.98773E-05 9.98773E-05 9.98773E-05 9.98773E-05 9.98773E-05 9.98773E-05 9.98773E-05 9.98773E-05 9.98773E-05 9.98773E-05 0.164969 9.98773E-05 0.0347842 9.98773E-05 0.11763 0.622367 0.0588514 9.98773E-05 9.98773E-05
9.98947E-05 0.145174 9.98947E-05 9.98947E-05 0.0647172 0.0249626 9.98947E-05 9.98947E-05 9.98947E-05 9.98947E-05 9.98947E-05 9.98947E-05 9.98947E-05 9.98947E-05 0.145946 0.265765 0.123488 0.228749 9.98947E-05
9.99122E-05 0.193053 0.00412096 9.99122E-05 0.0806753 9.99122E-05 0.0742015 9.99122E-05 9.99122E-05 0.0576646 9.99122E-05 9.99122E-05 9.99122E-05 0.147611 9.99122E-05 0.187321 0.0868279 0.167526 9.99122E-05
0.127298 9.99211E-05 9.99211E-05 9.99211E-05 9.99211E-05 0.0414435 0.0365664 9.99211E-05 9.99211E-05 0.00886332 0.0220635 0.0201047 0.026577 0.00190676 9.99211E-05 0.623671 0.0906063 9.99211E-05 9.99211E-05
9.99035E-05 0.013624 9.99035E-05 0.0857583 0.175665 9.99035E-05 9.99035E-05 9.99035E-05 0.157422 9.99035E-05 9.99035E-05 9.99035E-05 9.99035E-05 9.99035E-05 9.99035E-05 0.0794846 0.208466 0.271812 0.00666934
9.99034E-05 0.104907 0.109993 9.99034E-05 0.150106 0.0487568 9.99034E-05 0.014929 0.0474805 9.99034E-05 9.99034E-05 9.99034E-05 9.99034E-05 9.99034E-05 9.99034E-05 0.292121 0.230608 9.99034E-05 9.99034E-05
9.98596E-05 9.98596E-05 9.98596E-05 0.0311151 9.98596E-05 9.98596E-05 9.98596E-05 9.98596E-05 9.98596E-05 9.98596E-05 9.98596E-05 9.98596E-05 9.98596E-05 9.98596E-05 9.98596E-05 0.931922 0.0353648 9.98596E-05 9.98596E-05
9.9886E-05 0.0499579 9.9886E-05 9.9886E-05 9.9886E-05 9.9886E-05 9.9886E-05 9.9886E-05 9.9886E-05 9.9886E-05 9.9886E-05 9.9886E-05 0.0213404 0.147028 9.9886E-05 0.447716 0.112941 9.9886E-05 0.219718
9.98772E-05 0.142091 0.19385 9.98772E-05 0.4141 0.00737162 9.98772E-05 9.98772E-05 9.98772E-05 9.98772E-05 9.98772E-05 9.98772E-05 9.98772E-05 9.98772E-05 9.98772E-05 0.241189 9.98772E-05 9.98772E-05 9.98772E-05
9.98772E-05 0.0494266 9.98772E-05 9.98772E-05 9.98772E-05 9.98772E-05 9.98772E-05 9.98772E-05 9.98772E-05 9.98772E-05 9.98772E-05 9.98772E-05 0.097851 9.98772E-05 9.98772E-05 0.575403 0.0694029 0.206518 9.98772E-05
9.98858E-05 9.98858E-05 9.98858E-05 9.98858E-05 0.349179 9.98858E-05 9.98858E-05 0.0907533 9.98858E-05 9.98858E-05 9.98858E-05 9.98858E-05 9.98858E-05 0.0215689 9.98858E-05 0.289853 0.242008 0.00533873 9.98858E-05
9.98946E-05 0.0943974 9.98946E-05 0.119808 0.180634 0.084862 9.98946E-05 9.98946E-05 9.98946E-05 9.98946E-05 0.0555441 9.98946E-05 9.98946E-05 9.98946E-05 9.98946E-05 0.212324 0.251231 9.98946E-05 9.98946E-05
9.98859E-05 0.00712096 9.98859E-05 9.98859E-05 0.0974555 9.98859E-05 9.98859E-05 9.98859E-05 9.98859E-05 0.111154 0.0217691 9.98859E-05 9.98859E-05 9.98859E-05 9.98859E-05 0.626624 0.134578 9.98859E-05 9.98859E-05
9.98859E-05 9.98859E-05 9.98859E-05 9.98859E-05 0.496026 9.98859E-05 9.98859E-05 9.98859E-05 0.14133 9.98859E-05 0.149551 9.98859E-05 9.98859E-05 0.0561666 9.98859E-05 0.00802754 0.147601 9.98859E-05 9.98859E-05
0.0199434 9.98948E-05 9.98948E-05 9.98948E-05 0.157069 9.98948E-05 9.98948E-05 9.98948E-05 9.98948E-05 0.0978796 9.98948E-05 9.98948E-05 9.98948E-05 9.98948E-05 0.00127501 0.671523 0.0282707 9.98948E-05 0.0228405
9.98948E-05 9.98948E-05 9.98948E-05 9.98948E-05 0.109466 9.98948E-05 9.98948E-05 0.0185899 9.98948E-05 9.98948E-05 0.0114714 9.98948E-05 0.0470683 9.98948E-05 9.98948E-05 0.509728 0.229958 0.0725199 9.98948E-05
9.98859E-05 0.0684952 9.98859E-05 9.98859E-05 9.98859E-05 0.0154484 9.98859E-05 0.0594082 9.98859E-05 9.98859E-05 0.0776837 9.98859E-05 9.98859E-05 9.98859E-05 9.98859E-05 0.722949 0.054717 9.98859E-05 9.98859E-05
9.99122E-05 0.0169364 9.99122E-05 0.0433268 0.0654629 0.00572411 9.99122E-05 9.99122E-05 0.0327985 9.99122E-05 9.99122E-05 9.99122E-05 0.131082 9.99122E-05 9.99122E-05 0.619948 0.0294441 0.0542782 9.99122E-05
9.99123E-05 0.0043854 9.99123E-05 9.99123E-05 0.0981117 0.00514096 9.99123E-05 9.99123E-05 9.99123E-05 0.0133236 0.115156 9.99123E-05 0.0873278 9.99123E-05 9.99123E-05 0.497251 0.131183 9.99123E-05 0.0471208
9.98858E-05 9.98858E-05 9.98858E-05 9.98858E-05 0.137462 9.98858E-05 9.98858E-05 9.98858E-05 9.98858E-05 9.98858E-05 9.98858E-05 9.98858E-05 0.0891226 0.0452268 9.98858E-05 0.495864 0.162818 0.0682082 9.98858E-05
9.99001E-05 9.99001E-05 0.0330805 9.99001E-05 0.180245 9.99001E-05 9.99001E-05 0.00690428 0.0347251 9.99001E-05 0.0623224 0.0274723 0.00136589 9.99001E-05 9.99001E-05 0.496967 0.155918 9.99001E-05 9.99001E-05
0.0702308 9.98948E-05 9.98948E-05 0.0328331 9.98948E-05 0.0199146 9.98948E-05 9.98948E-05 9.98948E-05 9.98948E-05 9.98948E-05 9.98948E-05 0.0446429 9.98948E-05 9.98948E-05 0.759506 0.0276735 0.0440005 9.98948E-05
9.9886E-05 9.9886E-05 9.9886E-05 9.9886E-05 0.0291212 9.9886E-05 0.0418058 9.9886E-05 9.9886E-05 0.217627 9.9886E-05 9.9886E-05 9.9886E-05 9.9886E-05 9.9886E-05 0.608724 0.0768732 0.0245507 9.9886E-05
9.9886E-05 9.9886E-05 0.034308 9.9886E-05 9.9886E-05 9.9886E-05 9.9886E-05 9.9886E-05 9.9886E-05 0.0498369 9.9886E-05 0.067142 9.9886E-05 0.015693 9.9886E-05 0.816256 9.9886E-05 0.0154658 9.9886E-05
0.041095 0.157641 9.98772E-05 0.0615546 9.98772E-05 9.98772E-05 9.98772E-05 9.98772E-05 9.98772E-05 9.98772E-05 9.98772E-05 9.98772E-05 9.98772E-05 9.98772E-05 9.98772E-05 0.669628 0.0686834 9.98772E-05 9.98772E-05
0.1085 0.0126197 0.0708241 9.99035E-05 0.00410067 9.99035E-05 9.99035E-05 9.99035E-05 9.99035E-05 9.99035E-05 0.0620922 9.99035E-05 0.0306018 9.99035E-05 9.99035E-05 0.537991 0.172171 9.99035E-05 9.99035E-05
9.98771E-05 9.98771E-05 0.11545 9.98771E-05 9.98771E-05 9.98771E-05 9.98771E-05 9.98771E-05 9.98771E-05 9.98771E-05 0.0852399 9.98771E-05 9.98771E-05 0.103045 9.98771E-05 0.548164 0.146702 9.98771E-05 9.98771E-05
9.98859E-05 0.0015548 9.98859E-05 9.98859E-05 0.206035 9.98859E-05 9.98859E-05 9.98859E-05 9.98859E-05 0.0137093 9.98859E-05 9.98859E-05 0.0232901 9.98859E-05 9.98859E-05 0.70356 0.0505514 9.98859E-05 9.98859E-05
9.98772E-05 9.98772E-05 9.98772E-05 9.98772E-05 0.393168 9.98772E-05 9.98772E-05 0.0242836 9.98772E-05 0.00971763 9.98772E-05 9.98772E-05 9.98772E-05 9.98772E-05 9.98772E-05 0.481709 0.0897232 9.98772E-05 9.98772E-05
0.0293081 9.98859E-05 9.98859E-05 9.98859E-05 0.0786284 0.0226795 9.98859E-05 9.98859E-05 9.98859E-05 9.98859E-05 0.0056782 9.98859E-05 9.98859E-05 9.98859E-05 0.0525511 0.809856 9.98859E-05 9.98859E-05 9.98859E-05
9.98946E-05 0.0518227 9.98946E-05 9.98946E-05 0.0898349 9.98946E-05 9.98946E-05 0.0499048 9.98946E-05 9.98946E-05 9.98946E-05 9.98946E-05 0.0726351 9.98946E-05 9.98946E-05 0.373117 0.202788 0.158699 9.98946E-05
9.98772E-05 9.98772E-05 0.186469 9.98772E-05 0.33223 9.98772E-05 9.98772E-05 9.98772E-05 9.98772E-05 0.12736 9.98772E-05 9.98772E-05 9.98772E-05 9.98772E-05 9.98772E-05 0.20996 0.142582 9.98772E-05 9.98772E-05
0.0219964 0.0329447 9.99034E-05 0.0561427 0.013024 9.99034E-05 9.99034E-05 9.99034E-05 9.99034E-05 0.0131177 9.99034E-05 9.99034E-05 9.99034E-05 9.99034E-05 9.99034E-05 0.817672 0.02311 9.99034E-05 0.0208933
9.98859E-05 0.0213571 9.98859E-05 9.98859E-05 9.98859E-05 9.98859E-05 9.98859E-05 9.98859E-05 0.0351892 0.0575025 9.98859E-05 9.98859E-05 0.0171691 9.98859E-05 9.98859E-05 0.788427 0.0790562 9.98859E-05 9.98859E-05
9.98772E-05 9.98772E-05 9.98772E-05 9.98772E-05 9.98772E-05 0.00283128 0.00595976 9.98772E-05 9.98772E-05 9.98772E-05 9.98772E-05 9.98772E-05 9.98772E-05 9.98772E-05 9.98772E-05 0.904542 0.0379698 0.0472986 9.98772E-05
9.98946E-05 9.98946E-05 9.98946E-05 9.98946E-05 0.101523 9.98946E-05 9.98946E-05 9.98946E-05 9.98946E-05 0.0177427 9.98946E-05 9.98946E-05 0.0520106 9.98946E-05 9.98946E-05 0.553397 0.156938 0.0377099 0.0794801
9.98687E-05 9.98687E-05 0.176074 9.98687E-05 9.98687E-05 9.98687E-05 9.98687E-05 9.98687E-05 9.98687E-05 9.98687E-05 9.98687E-05 0.14257 0.010084 9.98687E-05 9.98687E-05 0.669775 9.98687E-05 9.98687E-05 9.98687E-05
9.9921E-05 0.0590846 9.9921E-05 9.9921E-05 0.0948071 9.9921E-05 9.9921E-05 0.0178592 9.9921E-05 0.0239603 0.0478036 9.9921E-05 0.107421 9.9921E-05 9.9921E-05 0.261391 0.247632 0.0583141 0.0808277
9.98859E-05 9.98859E-05 9.98859E-05 0.0447289 0.207153 9.98859E-05 9.98859E-05 0.12175 9.98859E-05 0.0493134 9.98859E-05 9.98859E-05 9.98859E-05 0.00901072 9.98859E-05 0.566746 9.98859E-05 9.98859E-05 9.98859E-05
9.98685E-05 0.047557 9.98685E-05 9.98685E-05 0.0709044 9.98685E-05 9.98685E-05 9.98685E-05 0.037571 9.98685E-05 9.98685E-05 9.98685E-05 9.98685E-05 9.98685E-05 9.98685E-05 0.84247 9.98685E-05 9.98685E-05 9.98685E-05
9.99211E-05 0.0557767 9.99211E-05 0.00308044 9.99211E-05 9.99211E-05 0.0177536 9.99211E-05 9.99211E-05 9.99211E-05 9.99211E-05 0.0299303 0.00671191 0.166669 0.0542121 0.530279 0.129897 0.00478986 9.99211E-05
9.98772E-05 9.98772E-05 0.0244925 9.98772E-05 9.98772E-05 0.115949 9.98772E-05 9.98772E-05 9.98772E-05 9.98772E-05 9.98772E-05 9.98772E-05 9.98772E-05 9.98772E-05 0.0379213 0.73183 0.0884082 9.98772E-05 9.98772E-05
9.99036E-05 9.99036E-05 0.0491389 9.99036E-05 9.99036E-05 9.99036E-05 0.00819874 9.99036E-05 0.0086455 9.99036E-05 0.045025 9.99036E-05 0.1086 9.99036E-05 0.0618638 0.639447 9.99036E-05 0.0779821 9.99036E-05
0.0503588 0.0209578 0.0224919 9.98946E-05 0.0671971 9.98946E-05 9.98946E-05 9.98946E-05 0.0854185 9.98946E-05 9.98946E-05 9.98946E-05 9.98946E-05 9.98946E-05 9.98946E-05 0.722773 0.0296042 9.98946E-05 9.98946E-05
9.9886E-05 9.9886E-05 9.9886E-05 9.9886E-05 9.9886E-05 0.0191914 9.9886E-05 9.9886E-05 0.0392563 0.0674948 9.9886E-05 9.9886E-05 0.048286 9.9886E-05 9.9886E-05 0.768204 0.056269 9.9886E-05 9.9886E-05
0.0263227 0.0109368 0.0258729 9.99034E-05 9.99034E-05 9.99034E-05 9.99034E-05 9.99034E-05 9.99034E-05 0.0541542 9.99034E-05 0.0353888 0.0634512 9.99034E-05 9.99034E-05 0.780456 0.00231908 9.99034E-05 9.99034E-05
0.0107609 0.0659311 9.99297E-05 0.00311706 0.00161772 0.020746 9.99297E-05 9.99297E-05 0.0145247 9.99297E-05 9.99297E-05 0.0341592 0.0337332 9.99297E-05 0.00168381 9.99297E-05 0.184878 0.628049 9.99297E-05
9.98772E-05 9.98772E-05 9.98772E-05 9.98772E-05 0.0124577 9.98772E-05 9.98772E-05 0.0181141 9.98772E-05 0.0624816 9.98772E-05 9.98772E-05 9.98772E-05 0.0106508 9.98772E-05 9.98772E-05 9.98772E-05 0.894897 9.98772E-05
9.98507E-05 9.98507E-05 9.98507E-05 9.98507E-05 9.98507E-05 9.98507E-05 9.98507E-05 9.98507E-05 0.0563746 9.98507E-05 9.98507E-05 9.98507E-05 9.98507E-05 9.98507E-05 9.98507E-05 9.98507E-05 9.98507E-05 0.941928 9.98507E-05
0.26467 0.102853 9.99034E-05 9.99034E-05 9.99034E-05 9.99034E-05 9.99034E-05 9.99034E-05 0.00832403 9.99034E-05 0.0996953 0.0487837 0.0540117 9.99034E-05 9.99034E-05 9.99034E-05 0.0898414 0.330721 9.99034E-05
9.9912E-05 0.114799 0.119469 0.0591587 0.0267789 9.9912E-05 9.9912E-05 9.9912E-05 0.0587493 9.9912E-05 9.9912E-05 0.00360148 0.0644254 9.9912E-05 9.9912E-05 9.9912E-05 9.9912E-05 0.44805 0.103969
9.99032E-05 0.0227671 9.99032E-05 9.99032E-05 0.0732864 9.99032E-05 0.0150952 0.0640343 9.99032E-05 9.99032E-05 9.99032E-05 9.99032E-05 0.0486941 9.99032E-05 0.00896479 9.99032E-05 0.195441 0.570618 9.99032E-05
0.295108 9.98769E-05 9.98769E-05 9.98769E-05 9.98769E-05 9.98769E-05 9.98769E-05 9.98769E-05 9.98769E-05 0.0456882 9.98769E-05 9.98769E-05 0.0336361 9.98769E-05 9.98769E-05 9.98769E-05 0.144482 0.479687 9.98769E-05
0.0790999 0.132169 9.9877E-05 9.9877E-05 9.9877E-05 9.9877E-05 9.9877E-05 9.9877E-05 0.203783 9.9877E-05 9.9877E-05 9.9877E-05 9.9877E-05 9.9877E-05 9.9877E-05 9.9877E-05 0.0911755 0.492374 9.9877E-05
0.0616938 9.98596E-05 9.98596E-05 9.98596E-05 0.0226522 9.98596E-05 9.98596E-05 9.98596E-05 9.98596E-05 9.98596E-05 9.98596E-05 9.98596E-05 9.98596E-05 9.98596E-05 9.98596E-05 9.98596E-05 9.98596E-05 0.914056 9.98596E-05
9.9877E-05 9.9877E-05 9.9877E-05 0.0388087 9.9877E-05 9.9877E-05 0.0399135 9.9877E-05 9.9877E-05 0.040809 9.9877E-05 9.9877E-05 0.0974284 9.9877E-05 9.9877E-05 9.9877E-05 9.9877E-05 0.781642 9.9877E-05
9.98857E-05 0.0294825 0.0180879 9.98857E-05 9.98857E-05 9.98857E-05 0.0297752 9.98857E-05 9.98857E-05 9.98857E-05 9.98857E-05 9.98857E-05 0.230691 9.98857E-05 9.98857E-05 9.98857E-05 0.359961 0.330705 9.98857E-05
0.121205 9.99209E-05 9.99209E-05 9.99209E-05 0.200265 0.01032 0.0629693 9.99209E-05 9.99209E-05 9.99209E-05 9.99209E-05 0.0564602 0.0327492 0.0814858 0.104129 9.99209E-05 0.0986026 0.230915 9.99209E-05
9.98946E-05 0.167408 9.98946E-05 0.0535391 9.98946E-05 9.98946E-05 0.0312507 9.98946E-05 9.98946E-05 9.98946E-05 9.98946E-05 9.98946E-05 0.0844669 0.0356616 9.98946E-05 9.98946E-05 9.98946E-05 0.412467 0.214008
0.0908617 9.98858E-05 0.0116688 9.98858E-05 0.175506 9.98858E-05 9.98858E-05 9.98858E-05 9.98858E-05 9.98858E-05 9.98858E-05 0.0529673 9.98858E-05 9.98858E-05 9.98858E-05 9.98858E-05 0.229414 0.438283 9.98858E-05
9.9851E-05 9.9851E-05 9.9851E-05 9.9851E-05 9.9851E-05 9.9851E-05 9.9851E-05 9.9851E-05 9.9851E-05 9.9851E-05 9.9851E-05 9.9851E-05 0.0229829 9.9851E-05 9.9851E-05 9.9851E-05 9.9851E-05 0.97532 9.9851E-05
9.98683E-05 0.0446089 9.98683E-05 9.98683E-05 9.98683E-05 9.98683E-05 9.98683E-05 9.98683E-05 9.98683E-05 0.0391537 9.98683E-05 9.98683E-05 0.0363551 9.98683E-05 9.98683E-05 9.98683E-05 9.98683E-05 0.878384 9.98683E-05
9.98857E-05 0.0999064 0.0390082 9.98857E-05 9.98857E-05 9.98857E-05 9.98857E-05 9.98857E-05 0.0261258 9.98857E-05 9.98857E-05 0.0775551 9.98857E-05 9.98857E-05 9.98857E-05 9.98857E-05 0.0271975 0.728909 9.98857E-05
9.98945E-05 0.0158348 0.0147343 9.98945E-05 0.14329 9.98945E-05 0.072993 9.98945E-05 9.98945E-05 0.0517505 9.98945E-05 9.98945E-05 0.102963 9.98945E-05 9.98945E-05 9.98945E-05 9.98945E-05 0.597236 9.98945E-05
9.98682E-05 9.98682E-05 9.98682E-05 9.98682E-05 9.98682E-05 9.98682E-05 9.98682E-05 9.98682E-05 0.103371 9.98682E-05 9.98682E-05 9.98682E-05 0.0398447 9.98682E-05 9.98682E-05 9.98682E-05 0.0643221 0.790965 9.98682E-05
9.98857E-05 9.98857E-05 9.98857E-05 0.0140042 9.98857E-05 9.98857E-05 0.0161121 9.98857E-05 9.98857E-05 9.98857E-05 9.98857E-05 9.98857E-05 0.0383601 0.121542 9.98857E-05 9.98857E-05 0.259223 0.549461 9.98857E-05
9.98423E-05 9.98423E-05 9.98423E-05 9.98423E-05 9.98423E-05 9.98423E-05 9.98423E-05 9.98423E-05 9.98423E-05 9.98423E-05 9.98423E-05 9.98423E-05 9.98423E-05 9.98423E-05 9.98423E-05 9.98423E-05 9.98423E-05 0.998203 9.98423E-05
0.0576192 0.00779409 9.99208E-05 9.99208E-05 0.333129 0.00271726 9.99208E-05 9.99208E-05 0.0190034 0.0124763 9.99208E-05 0.0175589 9.99208E-05 9.99208E-05 0.0346779 9.99208E-05 0.0411159 0.473009 9.99208E-05
0.00450923 9.98947E-05 9.98947E-05 0.0105494 0.130875 9.98947E-05 9.98947E-05 9.98947E-05 9.98947E-05 9.98947E-05 0.089169 9.98947E-05 9.98947E-05 9.98947E-05 0.0375606 9.98947E-05 0.0779873 0.648151 9.98947E-05
9.98858E-05 0.0450814 0.0486579 9.98858E-05 9.98858E-05 9.98858E-05 9.98858E-05 0.0759125 0.117378 9.98858E-05 9.98858E-05 9.98858E-05 9.98858E-05 9.98858E-05 9.98858E-05 9.98858E-05 9.98858E-05 0.547218 0.164453
9.98769E-05 9.98769E-05 9.98769E-05 9.98769E-05 0.0855025 9.98769E-05 0.124814 9.98769E-05 9.98769E-05 9.98769E-05 9.98769E-05 9.98769E-05 0.106566 9.98769E-05 9.98769E-05 9.98769E-05 0.00581645 0.675902 9.98769E-05
9.98598E-05 0.015086 9.98598E-05 0.0344767 9.98598E-05 9.98598E-05 9.98598E-05 9.98598E-05 9.98598E-05 9.98598E-05 9.98598E-05 9.98598E-05 9.98598E-05 9.98598E-05 9.98598E-05 9.98598E-05 9.98598E-05 0.94884 9.98598E-05
9.98508E-05 9.98508E-05 9.98508E-05 9.98508E-05 9.98508E-05 9.98508E-05 0.0258747 9.98508E-05 9.98508E-05 9.98508E-05 9.98508E-05 9.98508E-05 9.98508E-05 9.98508E-05 9.98508E-05 9.98508E-05 9.98508E-05 0.972428 9.98508E-05
9.98421E-05 9.98421E-05 9.98421E-05 9.98421E-05 9.98421E-05 9.98421E-05 9.98421E-05 9.98421E-05 9.98421E-05 9.98421E-05 9.98421E-05 9.98421E-05 9.98421E-05 9.98421E-05 9.98421E-05 9.98421E-05 9.98421E-05 0.998203 9.98421E-05
9.98684E-05 9.98684E-05 9.98684E-05 9.98684E-05 9.98684E-05 9.98684E-05 0.104847 9.98684E-05 0.0462237 9.98684E-05 9.98684E-05 9.98684E-05 9.98684E-05 9.98684E-05 9.98684E-05 9.98684E-05 0.0577531 0.789678 9.98684E-05
9.98686E-05 0.0959281 9.98686E-05 9.98686E-05 9.98686E-05 9.98686E-05 9.98686E-05 9.98686E-05 9.98686E-05 9.98686E-05 0.0273437 9.98686E-05 9.98686E-05 9.98686E-05 9.98686E-05 9.98686E-05 0.138664 0.736566 9.98686E-05
9.98596E-05 0.201903 9.98596E-05 9.98596E-05 9.98596E-05 9.98596E-05 9.98596E-05 9.98596E-05 9.98596E-05 9.98596E-05 0.563842 9.98596E-05 9.98596E-05 9.98596E-05 9.98596E-05 9.98596E-05 0.232657 9.98596E-05 9.98596E-05
9.98598E-05 0.0169936 9.98598E-05 9.98598E-05 9.98598E-05 9.98598E-05 9.98598E-05 9.98598E-05 9.98598E-05 9.98598E-05 0.913469 9.98598E-05 9.98598E-05 9.98598E-05 9.98598E-05 9.98598E-05 0.0679396 9.98598E-05 9.98598E-05
9.99121E-05 9.99121E-05 9.99121E-05 9.99121E-05 0.025446 0.012131 0.013113 9.99121E-05 0.00780177 9.99121E-05 0.662227 9.99121E-05 0.0340746 0.0421309 9.99121E-05 9.99121E-05 0.177343 9.99121E-05 0.0247343
9.9877E-05 0.100323 9.9877E-05 9.9877E-05 9.9877E-05 9.9877E-05 9.9877E-05 9.9877E-05 0.0700724 9.9877E-05 0.521582 9.9877E-05 0.0673941 9.9877E-05 9.9877E-05 9.9877E-05 0.23923 9.9877E-05 9.9877E-05
9.98856E-05 0.188242 9.98856E-05 9.98856E-05 9.98856E-05 9.98856E-05 0.0538947 0.0558874 9.98856E-05 9.98856E-05 0.591352 0.0256555 9.98856E-05 9.98856E-05 9.98856E-05 9.98856E-05 0.08367 9.98856E-05 9.98856E-05
0.0898137 0.138095 9.9877E-05 9.9877E-05 9.9877E-05 9.9877E-05 9.9877E-05 9.9877E-05 9.9877E-05 0.0829668 0.485106 9.9877E-05 9.9877E-05 9.9877E-05 9.9877E-05 9.9877E-05 0.20262 9.9877E-05 9.9877E-05
9.98946E-05 0.100133 0.0213744 9.98946E-05 0.0587741 9.98946E-05 9.98946E-05 9.98946E-05 0.0321235 9.98946E-05 0.542154 9.98946E-05 0.0552079 9.98946E-05 9.98946E-05 9.98946E-05 0.189034 9.98946E-05 9.98946E-05
9.98858E-05 0.304083 9.98858E-05 9.98858E-05 0.00907375 0.00659274 9.98858E-05 9.98858E-05 0.0146139 9.98858E-05 0.559953 9.98858E-05 9.98858E-05 9.98858E-05 9.98858E-05 9.98858E-05 0.104385 9.98858E-05 9.98858E-05
0.309581 0.391699 9.98945E-05 9.98945E-05 0.0768754 0.00817752 9.98945E-05 9.98945E-05 9.98945E-05 9.98945E-05 0.125149 9.98945E-05 0.000518672 9.98945E-05 9.98945E-05 9.98945E-05 0.0868007 9.98945E-05 9.98945E-05
9.98946E-05 0.209811 9.98946E-05 9.98946E-05 9.98946E-05 0.0804869 0.0534898 9.98946E-05 0.0105922 9.98946E-05 0.358299 9.98946E-05 0.00513422 9.98946E-05 9.98946E-05 9.98946E-05 0.280987 9.98946E-05 9.98946E-05
0.302694 0.0546241 9.98684E-05 9.98684E-05 9.98684E-05 9.98684E-05 9.98684E-05 9.98684E-05 9.98684E-05 9.98684E-05 0.59642 9.98684E-05 9.98684E-05 9.98684E-05 9.98684E-05 9.98684E-05 0.044764 9.98684E-05 9.98684E-05
0.158067 9.98684E-05 9.98684E-05 9.98684E-05 9.98684E-05 9.98684E-05 9.98684E-05 9.98684E-05 9.98684E-05 9.98684E-05 0.668733 9.98684E-05 0.048709 9.98684E-05 9.98684E-05 9.98684E-05 0.122993 9.98684E-05 9.98684E-05
9.98771E-05 0.192999 9.98771E-05 9.98771E-05 9.98771E-05 9.98771E-05 0.0427265 9.98771E-05 0.0256052 0.0650026 0.672268 9.98771E-05 9.98771E-05 9.98771E-05 9.98771E-05 9.98771E-05 9.98771E-05 9.98771E-05 9.98771E-05
9.98684E-05 0.184698 9.98684E-05 9.98684E-05 9.98684E-05 9.98684E-05 9.98684E-05 0.0252104 9.98684E-05 9.98684E-05 0.515617 9.98684E-05 9.98684E-05 9.98684E-05 9.98684E-05 9.98684E-05 0.272976 9.98684E-05 9.98684E-05
9.99121E-05 0.0878 0.0237432 0.00294923 9.99121E-05 0.0119523 0.0682264 9.99121E-05 0.128477 9.99121E-05 0.618532 9.99121E-05 0.0208608 9.99121E-05 9.99121E-05 9.99121E-05 0.0364598 9.99121E-05 9.99121E-05
0.0708006 0.0970218 9.98859E-05 9.98859E-05 9.98859E-05 9.98859E-05 9.98859E-05 9.98859E-05 9.98859E-05 0.127469 0.521326 0.0239071 9.98859E-05 9.98859E-05 9.98859E-05 9.98859E-05 0.158177 9.98859E-05 9.98859E-05
0.167364 0.0296677 9.98859E-05 0.118011 9.98859E-05 9.98859E-05 0.00557741 9.98859E-05 9.98859E-05 9.98859E-05 0.563051 9.98859E-05 9.98859E-05 9.98859E-05 9.98859E-05 9.98859E-05 0.115031 9.98859E-05 9.98859E-05
9.99035E-05 0.189128 9.99035E-05 9.99035E-05 0.0923844 9.99035E-05 0.00253486 9.99035E-05 9.99035E-05 9.99035E-05 0.550979 0.0622471 0.0155212 0.0611162 9.99035E-05 9.99035E-05 9.99035E-05 9.99035E-05 0.0249901
9.98858E-05 0.131605 9.98858E-05 9.98858E-05 0.025126 9.98858E-05 9.98858E-05 9.98858E-05 9.98858E-05 0.0162142 0.716206 9.98858E-05 0.0663022 9.98858E-05 9.98858E-05 9.98858E-05 9.98858E-05 9.98858E-05 0.0432481
9.99123E-05 0.130702 9.99123E-05 0.0584434 9.99123E-05 9.99123E-05 9.99123E-05 9.99123E-05 9.99123E-05 0.00162177 0.5462 9.99123E-05 0.0142563 0.00568711 0.0592426 9.99123E-05 0.129111 0.0537363 9.99123E-05
0.136644 0.0777961 0.0719736 9.98858E-05 9.98858E-05 9.98858E-05 9.98858E-05 9.98858E-05 9.98858E-05 0.0237966 0.543767 9.98858E-05 9.98858E-05 9.98858E-05 9.98858E-05 9.98858E-05 0.144724 9.98858E-05 9.98858E-05
9.98683E-05 0.0999963 9.98683E-05 9.98683E-05 9.98683E-05 9.98683E-05 0.0788501 9.98683E-05 9.98683E-05 9.98683E-05 0.665884 9.98683E-05 9.98683E-05 9.98683E-05 9.98683E-05 9.98683E-05 0.153772 9.98683E-05 9.98683E-05
0.0989337 0.299 0.0353218 0.0516143 9.98946E-05 9.98946E-05 9.98946E-05 9.98946E-05 9.98946E-05 9.98946E-05 0.216802 9.98946E-05 9.98946E-05 9.98946E-05 9.98946E-05 9.98946E-05 0.269956 9.98946E-05 0.0271739
9.98683E-05 0.112465 9.98683E-05 9.98683E-05 9.98683E-05 0.138262 9.98683E-05 9.98683E-05 9.98683E-05 9.98683E-05 0.71738 9.98683E-05 9.98683E-05 9.98683E-05 9.98683E-05 9.98683E-05 0.0303946 9.98683E-05 9.98683E-05
0.0230028 0.306929 9.98947E-05 0.0761444 9.98947E-05 9.98947E-05 9.98947E-05 9.98947E-05 9.98947E-05 9.98947E-05 0.221406 0.0142219 9.98947E-05 0.0700699 9.98947E-05 9.98947E-05 0.287028 9.98947E-05 9.98947E-05
0.0975702 0.150388 9.9886E-05 9.9886E-05 9.9886E-05 9.9886E-05 0.00111961 9.9886E-05 9.9886E-05 9.9886E-05 0.537301 9.9886E-05 9.9886E-05 9.9886E-05 9.9886E-05 9.9886E-05 0.162547 0.0497748 9.9886E-05
9.98773E-05 9.98773E-05 9.98773E-05 9.98773E-05 9.98773E-05 9.98773E-05 9.98773E-05 0.0968105 9.98773E-05 9.98773E-05 0.7485 9.98773E-05 9.98773E-05 9.98773E-05 9.98773E-05 0.0629172 0.0878255 0.00254817 9.98773E-05
9.99032E-05 0.159002 0.0930991 0.0136911 0.0232375 9.99032E-05 9.99032E-05 9.99032E-05 9.99032E-05 9.99032E-05 0.449523 9.99032E-05 9.99032E-05 9.99032E-05 0.0313118 9.99032E-05 0.188247 9.99032E-05 0.0407894
0.0581836 0.327128 9.98684E-05 9.98684E-05 9.98684E-05 9.98684E-05 9.98684E-05 9.98684E-05 9.98684E-05 9.98684E-05 0.363348 9.98684E-05 9.98684E-05 9.98684E-05 9.98684E-05 9.98684E-05 0.249841 9.98684E-05 9.98684E-05
9.98771E-05 0.0452882 9.98771E-05 0.102864 9.98771E-05 9.98771E-05 9.98771E-05 9.98771E-05 9.98771E-05 9.98771E-05 0.597545 9.98771E-05 0.0882169 9.98771E-05 9.98771E-05 9.98771E-05 0.164688 9.98771E-05 9.98771E-05
9.98772E-05 0.0839985 9.98772E-05 9.98772E-05 9.98772E-05 9.98772E-05 9.98772E-05 9.98772E-05 9.98772E-05 9.98772E-05 0.53545 9.98772E-05 0.0607877 0.0521994 9.98772E-05 9.98772E-05 0.266167 9.98772E-05 9.98772E-05
9.98682E-05 9.98682E-05 9.98682E-05 0.0209869 9.98682E-05 9.98682E-05 9.98682E-05 9.98682E-05 9.98682E-05 9.98682E-05 0.734995 9.98682E-05 9.98682E-05 0.151902 9.98682E-05 9.98682E-05 0.0906173 9.98682E-05 9.98682E-05
9.98938E-05 0.342291 9.98938E-05 0.195899 9.98938E-05 9.98938E-05 9.98938E-05 0.0284905 9.98938E-05 9.98938E-05 0.229822 9.98938E-05 0.0264274 9.98938E-05 9.98938E-05 9.98938E-05 0.175771 9.98938E-05 9.98938E-05
9.98945E-05 0.0613781 9.98945E-05 0.00398697 0.210064 0.0203104 9.98945E-05 9.98945E-05 9.98945E-05 9.98945E-05 0.507364 9.98945E-05 9.98945E-05 9.98945E-05 0.0328941 9.98945E-05 0.162803 9.98945E-05 9.98945E-05
9.98682E-05 0.0631571 9.98682E-05 9.98682E-05 9.98682E-05 9.98682E-05 9.98682E-05 9.98682E-05 9.98682E-05 0.0836996 0.758941 9.98682E-05 9.98682E-05 9.98682E-05 9.98682E-05 9.98682E-05 0.0927047 9.98682E-05 9.98682E-05
0.0218766 0.160499 9.99033E-05 0.0139329 0.0443872 9.99033E-05 0.0296597 9.99033E-05 9.99033E-05 9.99033E-05 0.643538 9.99033E-05 0.0307836 0.0542239 9.99033E-05 9.99033E-05 9.99033E-05 9.99033E-05 9.99033E-05
9.98857E-05 0.123108 9.98857E-05 9.98857E-05 9.98857E-05 9.98857E-05 0.072252 9.98857E-05 0.0255145 9.98857E-05 0.456584 9.98857E-05 0.0266722 9.98857E-05 9.98857E-05 9.98857E-05 0.29457 9.98857E-05 9.98857E-05
9.98685E-05 0.0648921 9.98685E-05 0.0619507 9.98685E-05 9.98685E-05 9.98685E-05 9.98685E-05 9.98685E-05 9.98685E-05 0.8682 9.98685E-05 9.98685E-05 9.98685E-05 9.98685E-05 9.98685E-05 9.98685E-05 9.98685E-05 0.00345933
9.98859E-05 0.0301779 9.98859E-05 9.98859E-05 9.98859E-05 9.98859E-05 0.0266566 9.98859E-05 0.0343708 9.98859E-05 0.741329 9.98859E-05 0.047821 9.98859E-05 9.98859E-05 9.98859E-05 0.118347 9.98859E-05 9.98859E-05
9.98773E-05 0.0458813 9.98773E-05 9.98773E-05 9.98773E-05 0.0118698 9.98773E-05 9.98773E-05 9.98773E-05 9.98773E-05 0.907898 9.98773E-05 0.0190798 9.98773E-05 9.98773E-05 9.98773E-05 0.013873 9.98773E-05 9.98773E-05
0.0599402 0.00839867 9.98686E-05 9.98686E-05 9.98686E-05 9.98686E-05 9.98686E-05 9.98686E-05 0.0177046 9.98686E-05 0.912458 9.98686E-05 9.98686E-05 9.98686E-05 9.98686E-05 9.98686E-05 9.98686E-05 9.98686E-05 9.98686E-05
0.112962 0.146644 9.98859E-05 9.98859E-05 9.98859E-05 9.98859E-05 9.98859E-05 9.98859E-05 9.98859E-05 9.98859E-05 0.26956 9.98859E-05 0.0497944 9.98859E-05 9.98859E-05 9.98859E-05 0.384671 9.98859E-05 0.0350704
9.9877E-05 0.167632 9.9877E-05 9.9877E-05 0.133044 9.9877E-05 9.9877E-05 9.9877E-05 9.9877E-05 9.9877E-05 0.514014 9.9877E-05 9.9877E-05 9.9877E-05 0.172496 9.9877E-05 0.0114156 9.9877E-05 9.9877E-05
0.00299581 0.116048 9.98773E-05 0.0238544 9.98773E-05 9.98773E-05 9.98773E-05 9.98773E-05 9.98773E-05 9.98773E-05 0.791867 9.98773E-05 9.98773E-05 9.98773E-05 9.98773E-05 9.98773E-05 0.0638369 9.98773E-05 9.98773E-05
9.9851E-05 9.9851E-05 9.9851E-05 9.9851E-05 9.9851E-05 9.9851E-05 9.9851E-05 9.9851E-05 9.9851E-05 9.9851E-05 0.921126 9.9851E-05 9.9851E-05 9.9851E-05 9.9851E-05 9.9851E-05 0.0771765 9.9851E-05 9.9851E-05
0.185832 0.260937 0.0392591 0.131841 0.0830304 9.99033E-05 9.99033E-05 9.99033E-05 0.0241705 9.99033E-05 0.231645 9.99033E-05 9.99033E-05 9.99033E-05 9.99033E-05 9.99033E-05 0.0421862 9.99033E-05 9.99033E-05
9.98946E-05 0.122553 9.98946E-05 9.98946E-05 0.0112629 9.98946E-05 0.0737366 9.98946E-05 9.98946E-05 9.98946E-05 0.412916 9.98946E-05 0.0219923 9.98946E-05 9.98946E-05 9.98946E-05 0.121939 0.234402 9.98946E-05
0.153996 0.173598 9.99035E-05 9.99035E-05 0.0829144 0.012829 0.0766655 0.0973602 9.99035E-05 9.99035E-05 0.393742 9.99035E-05 9.99035E-05 9.99035E-05 9.99035E-05 9.99035E-05 0.00779573 9.99035E-05 9.99035E-05
9.98858E-05 0.279677 9.98858E-05 0.0403269 0.167616 9.98858E-05 9.98858E-05 9.98858E-05 9.98858E-05 9.98858E-05 0.274773 9.98858E-05 0.0144196 9.98858E-05 9.98858E-05 9.98858E-05 0.221889 9.98858E-05 9.98858E-05
9.9851E-05 9.9851E-05 9.9851E-05 9.9851E-05 9.9851E-05 9.9851E-05 9.9851E-05 9.9851E-05 9.9851E-05 9.9851E-05 0.977882 9.9851E-05 9.9851E-05 9.9851E-05 9.9851E-05 9.9851E-05 0.0204205 9.9851E-05 9.9851E-05
9.99034E-05 0.0289417 9.99034E-05 9.99034E-05 9.99034E-05 0.00309648 9.99034E-05 9.99034E-05 9.99034E-05 0.197095 0.361518 0.10661 0.00927286 0.0292229 9.99034E-05 9.99034E-05 0.263145 9.99034E-05 9.99034E-05
0.0525568 0.0761524 9.98685E-05 9.98685E-05 9.98685E-05 9.98685E-05 9.98685E-05 9.98685E-05 9.98685E-05 9.98685E-05 0.770919 9.98685E-05 9.98685E-05 9.98685E-05 9.98685E-05 9.98685E-05 9.98685E-05 0.0988732 9.98685E-05
9.98947E-05 0.132556 9.98947E-05 9.98947E-05 9.98947E-05 9.98947E-05 0.0128645 9.98947E-05 9.98947E-05 0.0270815 0.683713 9.98947E-05 0.0627068 9.98947E-05 9.98947E-05 9.98947E-05 0.0778603 9.98947E-05 0.00201888
0.0393107 0.204616 9.98683E-05 9.98683E-05 9.98683E-05 9.98683E-05 9.98683E-05 9.98683E-05 9.98683E-05 9.98683E-05 0.587981 9.98683E-05 9.98683E-05 0.166594 9.98683E-05 9.98683E-05 9.98683E-05 9.98683E-05 9.98683E-05
9.99033E-05 0.00715614 9.99033E-05 9.99033E-05 0.0270662 9.99033E-05 0.0113527 9.99033E-05 0.0188476 0.192404 0.661137 9.99033E-05 0.0535739 9.99033E-05 9.99033E-05 9.99033E-05 0.0273638 9.99033E-05 9.99033E-05
0.215588 0.258153 9.98771E-05 9.98771E-05 9.98771E-05 0.0415247 9.98771E-05 9.98771E-05 9.98771E-05 9.98771E-05 0.259015 9.98771E-05 9.98771E-05 9.98771E-05 9.98771E-05 9.98771E-05 0.224321 9.98771E-05 9.98771E-05
9.98769E-05 0.195482 9.98769E-05 9.98769E-05 9.98769E-05 0.0104616 9.98769E-05 9.98769E-05 9.98769E-05 9.98769E-05 0.617111 9.98769E-05 0.00660627 9.98769E-05 9.98769E-05 9.98769E-05 0.168941 9.98769E-05 9.98769E-05
9.99033E-05 0.128043 0.0319257 0.00411101 0.0089043 9.99033E-05 9.99033E-05 9.99033E-05 9.99033E-05 9.99033E-05 0.619212 9.99033E-05 0.0561651 0.059132 9.99033E-05 9.99033E-05 0.0914072 9.99033E-05 9.99033E-05
9.98859E-05 9.98859E-05 9.98859E-05 0.191086 9.98859E-05 9.98859E-05 9.98859E-05 9.98859E-05 9.98859E-05 0.0283459 0.648512 9.98859E-05 0.00103841 0.0111499 9.98859E-05 9.98859E-05 0.118568 9.98859E-05 9.98859E-05
0.0883977 0.18959 9.98683E-05 9.98683E-05 9.98683E-05 9.98683E-05 9.98683E-05 9.98683E-05 9.98683E-05 9.98683E-05 0.634627 9.98683E-05 9.98683E-05 9.98683E-05 9.98683E-05 9.98683E-05 0.0858873 9.98683E-05 9.98683E-05
9.98417E-05 9.98417E-05 9.98417E-05 9.98417E-05 9.98417E-05 9.98417E-05 9.98417E-05 9.98417E-05 9.98417E-05 9.98417E-05 9.98417E-05 9.98417E-05 9.98417E-05 9.98417E-05 9.98417E-05 9.98417E-05 0.998203 9.98417E-05 9.98417E-05
9.98417E-05 0.998203 9.98417E-05 9.98417E-05 9.98417E-05 9.98417E-05 9.98417E-05 9.98417E-05 9.98417E-05 9.98417E-05 9.98417E-05 9.98417E-05 9.98417E-05 9.98417E-05 9.98417E-05 9.98417E-05 9.98417E-05 9.98417E-05 9.98417E-05
9.98416E-05 9.98416E-05 9.98416E-05 9.98416E-05 9.98416E-05 9.98416E-05 9.98416E-05 9.98416E-05 9.98416E-05 9.98416E-05 9.98416E-05 9.98416E-05 9.98416E-05 9.98416E-05 9.98416E-05 9.98416E-05 0.998203 9.98416E-05 9.98416E-05
9.98417E-05 0.998203 9.98417E-05 9.98417E-05 9.98417E-05 9.98417E-05 9.98417E-05 9.98417E-05 9.98417E-05 9.98417E-05 9.98417E-05 9.98417E-05 9.98417E-05 9.98417E-05 9.98417E-05 9.98417E-05 9.98417E-05 9.98417E-05 9.98417E-05
9.98417E-05 0.998203 9.98417E-05 9.98417E-05 9.98417E-05 9.98417E-05 9.98417E-05 9.98417E-05 9.98417E-05 9.98417E-05 9.98417E-05 9.98417E-05 9.98417E-05 9.98417E-05 9.98417E-05 9.98417E-05 9.98417E-05 9.98417E-05 9.98417E-05
9.98417E-05 0.998203 9.98417E-05 9.98417E-05 9.98417E-05 9.98417E-05 9.98417E-05 9.98417E-05 9.98417E-05 9.98417E-05 9.98417E-05 9.98417E-05 9.98417E-05 9.98417E-05 9.98417E-05 9.98417E-05 9.98417E-05 9.98417E-05 9.98417E-05
9.98417E-05 9.98417E-05 9.98417E-05 9.98417E-05 9.98417E-05 9.98417E-05 9.98417E-05 9.98417E-05 9.98417E-05 9.98417E-05 9.98417E-05 9.98417E-05 9.98417E-05 9.98417E-05 9.98417E-05 9.98417E-05 0.998203 9.98417E-05 9.98417E-05
9.98418E-05 0.998203 9.98418E-05 9.98418E-05 9.98418E-05 9.98418E-05 9.98418E-05 9.98418E-05 9.98418E-05 9.98418E-05 9.98418E-05 9.98418E-05 9.98418E-05 9.98418E-05 9.98418E-05 9.98418E-05 9.98418E-05 9.98418E-05 9.98418E-05
9.98418E-05 0.998203 9.98418E-05 9.98418E-05 9.98418E-05 9.98418E-05 9.98418E-05 9.98418E-05 9.98418E-05 9.98418E-05 9.98418E-05 9.98418E-05 9.98418E-05 9.98418E-05 9.98418E-05 9.98418E-05 9.98418E-05 9.98418E-05 9.98418E-05
9.98416E-05 9.98416E-05 9.98416E-05 9.98416E-05 9.98416E-05 9.98416E-05 9.98416E-05 9.98416E-05 9.98416E-05 9.98416E-05 9.98416E-05 9.98416E-05 9.98416E-05 9.98416E-05 9.98416E-05 9.98416E-05 0.998203 9.98416E-05 9.98416E-05
9.98417E-05 9.98417E-05 9.98417E-05 9.98417E-05 9.98417E-05 9.98417E-05 9.98417E-05 9.98417E-05 9.98417E-05 9.98417E-05 9.98417E-05 9.98417E-05 9.98417E-05 9.98417E-05 9.98417E-05 9.98417E-05 0.998203 9.98417E-05 9.98417E-05
9.98417E-05 9.98417E-05 9.98417E-05 9.98417E-05 9.98417E-05 9.98417E-05 9.98417E-05 9.98417E-05 9.98417E-05 9.98417E-05 9.98417E-05 9.98417E-05 9.98417E-05 9.98417E-05 9.98417E-05 9.98417E-05 0.998203 9.98417E-05 9.98417E-05
9.98417E-05 0.998203 9.98417E-05 9.98417E-05 9.98417E-05 9.98417E-05 9.98417E-05 9.98417E-05 9.98417E-05 9.98417E-05 9.98417E-05 9.98417E-05 9.98417E-05 9.98417E-05 9.98417E-05 9.98417E-05 9.98417E-05 9.98417E-05 9.98417E-05
9.98417E-05 0.998203 9.98417E-05 9.98417E-05 9.98417E-05 9.98417E-05 9.98417E-05 9.98417E-05 9.98417E-05 9.98417E-05 9.98417E-05 9.98417E-05 9.98417E-05 9.98417E-05 9.98417E-05 9.98417E-05 9.98417E-05 9.98417E-05 9.98417E-05
9.98418E-05 9.98418E-05 9.98418E-05 9.98418E-05 9.98418E-05 9.98418E-05 9.98418E-05 9.98418E-05 9.98418E-05 9.98418E-05 9.98418E-05 9.98418E-05 9.98418E-05 9.98418E-05 9.98418E-05 9.98418E-05 0.998203 9.98418E-05 9.98418E-05
9.98417E-05 9.98417E-05 9.98417E-05 9.98417E-05 9.98417E-05 9.98417E-05 9.98417E-05 9.98417E-05 9.98417E-05 9.98417E-05 9.98417E-05 9.98417E-05 9.98417E-05 9.98417E-05 9.98417E-05 9.98417E-05 0.998203 9.98417E-05 9.98417E-05
9.99033E-05 0.156607 0.170744 0.0144141 9.99033E-05 0.00300435 9.99033E-05 0.0644994 9.99033E-05 9.99033E-05 0.288983 0.0994686 9.99033E-05 9.99033E-05 9.99033E-05 9.99033E-05 0.201181 9.99033E-05 9.99033E-05
9.98417E-05 9.98417E-05 9.98417E-05 9.98417E-05 9.98417E-05 9.98417E-05 9.98417E-05 9.98417E-05 9.98417E-05 9.98417E-05 9.98417E-05 9.98417E-05 9.98417E-05 9.98417E-05 9.98417E-05 9.98417E-05 0.998203 9.98417E-05 9.98417E-05
9.98506E-05 0.986771 9.98506E-05 9.98506E-05 9.98506E-05 9.98506E-05 9.98506E-05 9.98506E-05 9.98506E-05 9.98506E-05 9.98506E-05 9.98506E-05 9.98506E-05 9.98506E-05 9.98506E-05 9.98506E-05 0.0115314 9.98506E-05 9.98506E-05
9.98416E-05 9.98416E-05 9.98416E-05 9.98416E-05 9.98416E-05 9.98416E-05 9.98416E-05 9.98416E-05 9.98416E-05 9.98416E-05 9.98416E-05 9.98416E-05 9.98416E-05 9.98416E-05 9.98416E-05 9.98416E-05 0.998203 9.98416E-05 9.98416E-05
9.98506E-05 0.00266613 9.98506E-05 9.98506E-05 9.98506E-05 9.98506E-05 9.98506E-05 9.98506E-05 9.98506E-05 9.98506E-05 9.98506E-05 9.98506E-05 9.98506E-05 9.98506E-05 9.98506E-05 9.98506E-05 0.995636 9.98506E-05 9.98506E-05
9.98418E-05 9.98418E-05 9.98418E-05 9.98418E-05 9.98418E-05 9.98418E-05 9.98418E-05 9.98418E-05 9.98418E-05 9.98418E-05 9.98418E-05 9.98418E-05 9.98418E-05 9.98418E-05 9.98418E-05 9.98418E-05 0.998203 9.98418E-05 9.98418E-05
9.98417E-05 0.998203 9.98417E-05 9.98417E-05 9.98417E-05 9.98417E-05 9.98417E-05 9.98417E-05 9.98417E-05 9.98417E-05 9.98417E-05 9.98417E-05 9.98417E-05 9.98417E-05 9.98417E-05 9.98417E-05 9.98417E-05 9.98417E-05 9.98417E-05
9.98418E-05 9.98418E-05 9.98418E-05 9.98418E-05 9.98418E-05 9.98418E-05 9.98418E-05 9.98418E-05 9.98418E-05 9.98418E-05 9.98418E-05 9.98418E-05 9.98418E-05 9.98418E-05 9.98418E-05 9.98418E-05 0.998203 9.98418E-05 9.98418E-05
9.98417E-05 0.998203 9.98417E-05 9.98417E-05 9.98417E-05 9.98417E-05 9.98417E-05 9.98417E-05 9.98417E-05 9.98417E-05 9.98417E-05 9.98417E-05 9.98417E-05 9.98417E-05 9.98417E-05 9.98417E-05 9.98417E-05 9.98417E-05 9.98417E-05
9.98418E-05 9.98418E-05 9.98418E-05 9.98418E-05 9.98418E-05 9.98418E-05 9.98418E-05 9.98418E-05 9.98418E-05 9.98418E-05 9.98418E-05 9.98418E-05 9.98418E-05 9.98418E-05 9.98418E-05 9.98418E-05 0.998203 9.98418E-05 9.98418E-05
9.98416E-05 9.98416E-05 9.98416E-05 9.98416E-05 9.98416E-05 9.98416E-05 9.98416E-05 9.98416E-05 9.98416E-05 9.98416E-05 9.98416E-05 9.98416E-05 9.98416E-05 9.98416E-05 9.98416E-05 9.98416E-05 0.998203 9.98416E-05 9.98416E-05
9.98418E-05 0.998203 9.98418E-05 9.98418E-05 9.98418E-05 9.98418E-05 9.98418E-05 9.98418E-05 9.98418E-05 9.98418E-05 9.98418E-05 9.98418E-05 9.98418E-05 9.98418E-05 9.98418E-05 9.98418E-05 9.98418E-05 9.98418E-05 9.98418E-05
9.98418E-05 0.998203 9.98418E-05 9.98418E-05 9.98418E-05 9.98418E-05 9.98418E-05 9.98418E-05 9.98418E-05 9.98418E-05 9.98418E-05 9.98418E-05 9.98418E-05 9.98418E-05 9.98418E-05 9.98418E-05 9.98418E-05 9.98418E-05 9.98418E-05
9.98417E-05 0.998203 9.98417E-05 9.98417E-05 9.98417E-05 9.98417E-05 9.98417E-05 9.98417E-05 9.98417E-05 9.98417E-05 9.98417E-05 9.98417E-05 9.98417E-05 9.98417E-05 9.98417E-05 9.98417E-05 9.98417E-05 9.98417E-05 9.98417E-05
9.98417E-05 9.98417E-05 9.98417E-05 9.98417E-05 9.98417E-05 9.98417E-05 9.98417E-05 9.98417E-05 9.98417E-05 9.98417E-05 9.98417E-05 9.98417E-05 9.98417E-05 9.98417E-05 9.98417E-05 9.98417E-05 0.998203 9.98417E-05 9.98417E-05
9.98417E-05 9.98417E-05 9.98417E-05 9.98417E-05 9.98417E-05 9.98417E-05 9.98417E-05 9.98417E-05 9.98417E-05 9.98417E-05 9.98417E-05 9.98417E-05 9.98417E-05 9.98417E-05 9.98417E-05 9.98417E-05 0.998203 9.98417E-05 9.98417E-05
9.98417E-05 9.98417E-05 9.98417E-05 9.98417E-05 9.98417E-05 9.98417E-05 9.98417E-05 9.98417E-05 9.98417E-05 9.98417E-05 9.98417E-05 9.98417E-05 9.98417E-05 9.98417E-05 9.98417E-05 9.98417E-05 0.998203 9.98417E-05 9.98417E-05
9.98416E-05 9.98416E-05 9.98416E-05 9.98416E-05 9.98416E-05 9.98416E-05 9.98416E-05 9.98416E-05 9.98416E-05 9.98416E-05 9.98416E-05 9.98416E-05 9.98416E-05 9.98416E-05 9.98416E-05 9.98416E-05 0.998203 9.98416E-05 9.98416E-05
9.98417E-05 9.98417E-05 9.98417E-05 9.98417E-05 9.98417E-05 9.98417E-05 9.98417E-05 9.98417E-05 9.98417E-05 9.98417E-05 9.98417E-05 9.98417E-05 9.98417E-05 9.98417E-05 9.98417E-05 9.98417E-05 0.998203 9.98417E-05 9.98417E-05
9.98417E-05 0.998203 9.98417E-05 9.98417E-05 9.98417E-05 9.98417E-05 9.98417E-05 9.98417E-05 9.98417E-05 9.98417E-05 9.98417E-05 9.98417E-05 9.98417E-05 9.98417E-05 9.98417E-05 9.98417E-05 9.98417E-05 9.98417E-05 9.98417E-05
9.98417E-05 0.998203 9.98417E-05 9.98417E-05 9.98417E-05 9.98417E-05 9.98417E-05 9.98417E-05 9.98417E-05 9.98417E-05 9.98417E-05 9.98417E-05 9.98417E-05 9.98417E-05 9.98417E-05 9.98417E-05 9.98417E-05 9.98417E-05 9.98417E-05
