9.9842E-05 0.0952492 9.9842E-05 0.067878 0.0764645 0.262316 9.9842E-05 9.9842E-05 9.9842E-05 0.196764 9.9842E-05 9.9842E-05 9.9842E-05 9.9842E-05 0.18404 9.9842E-05 9.9842E-05 9.9842E-05 9.9842E-05 0.0583774 9.9842E-05 0.0398952 0.0172187 9.9842E-05 9.9842E-05 9.9842E-05 9.9842E-05
9.97984E-05 9.97984E-05 9.97984E-05 0.0255574 9.97984E-05 0.909727 9.97984E-05 9.97984E-05 9.97984E-05 9.97984E-05 9.97984E-05 9.97984E-05 9.97984E-05 0.016155 9.97984E-05 9.97984E-05 9.97984E-05 9.97984E-05 9.97984E-05 0.0462654 9.97984E-05 9.97984E-05 9.97984E-05 9.97984E-05 9.97984E-05 9.97984E-05 9.97984E-05
9.97807E-05 9.97807E-05 0.98267 9.97807E-05 9.97807E-05 9.97807E-05 9.97807E-05 9.97807E-05 9.97807E-05 9.97807E-05 9.97807E-05 9.97807E-05 9.97807E-05 9.97807E-05 9.97807E-05 9.97807E-05 9.97807E-05 9.97807E-05 0.0148352 9.97807E-05 9.97807E-05 9.97807E-05 9.97807E-05 9.97807E-05 9.97807E-05 9.97807E-05 9.97807E-05
0.0916861 0.0534707 9.9842E-05 9.9842E-05 9.9842E-05 9.9842E-05 9.9842E-05 9.9842E-05 9.9842E-05 0.440141 9.9842E-05 0.00806948 0.0739765 9.9842E-05 9.9842E-05 9.9842E-05 9.9842E-05 9.9842E-05 9.9842E-05 9.9842E-05 9.9842E-05 0.0596402 0.0968418 9.9842E-05 0.134896 9.9842E-05 0.0394812
9.98071E-05 9.98071E-05 9.98071E-05 9.98071E-05 9.98071E-05 0.846984 9.98071E-05 9.98071E-05 9.98071E-05 9.98071E-05 9.98071E-05 9.98071E-05 0.0414542 9.98071E-05 9.98071E-05 0.0241477 9.98071E-05 9.98071E-05 0.0811224 9.98071E-05 0.0040956 9.98071E-05 9.98071E-05 9.98071E-05 9.98071E-05 9.98071E-05 9.98071E-05
0.15732 9.98246E-05 9.98246E-05 0.0333914 9.98246E-05 9.98246E-05 9.98246E-05 9.98246E-05 9.98246E-05 0.387752 9.98246E-05 9.98246E-05 9.98246E-05 9.98246E-05 0.0719808 0.0557299 9.98246E-05 0.107087 9.98246E-05 9.98246E-05 0.184742 9.98246E-05 9.98246E-05 9.98246E-05 9.98246E-05 9.98246E-05 9.98246E-05
9.98597E-05 0.125761 9.98597E-05 0.0790541 9.98597E-05 0.180124 9.98597E-05 9.98597E-05 9.98597E-05 0.0676755 9.98597E-05 9.98597E-05 9.98597E-05 0.11463 0.0790876 9.98597E-05 9.98597E-05 9.98597E-05 0.129709 0.00638023 9.98597E-05 0.0616374 9.98597E-05 9.98597E-05 0.0929671 9.98597E-05 0.0613755
9.98422E-05 0.124684 9.98422E-05 9.98422E-05 0.0813807 9.98422E-05 9.98422E-05 9.98422E-05 9.98422E-05 0.354638 0.0305214 9.98422E-05 0.0944648 9.98422E-05 9.98422E-05 0.111436 9.98422E-05 0.114947 9.98422E-05 9.98422E-05 9.98422E-05 9.98422E-05 0.0215251 0.0646054 9.98422E-05 9.98422E-05 9.98422E-05
9.98509E-05 9.98509E-05 0.092848 0.0151524 9.98509E-05 9.98509E-05 9.98509E-05 9.98509E-05 9.98509E-05 0.17506 9.98509E-05 0.0642734 0.0414505 9.98509E-05 9.98509E-05 0.00929938 9.98509E-05 0.20248 9.98509E-05 0.234727 9.98509E-05 0.133748 0.0292635 9.98509E-05 9.98509E-05 9.98509E-05 9.98509E-05
9.97894E-05 9.97894E-05 9.97894E-05 9.97894E-05 9.97894E-05 0.778027 9.97894E-05 9.97894E-05 9.97894E-05 0.175693 9.97894E-05 9.97894E-05 9.97894E-05 9.97894E-05 9.97894E-05 9.97894E-05 9.97894E-05 9.97894E-05 9.97894E-05 0.0438851 9.97894E-05 9.97894E-05 9.97894E-05 9.97894E-05 9.97894E-05 9.97894E-05 9.97894E-05
9.98071E-05 0.0627939 9.98071E-05 9.98071E-05 9.98071E-05 9.98071E-05 9.98071E-05 9.98071E-05 9.98071E-05 0.694695 9.98071E-05 9.98071E-05 9.98071E-05 0.0681229 0.0394209 9.98071E-05 9.98071E-05 9.98071E-05 9.98071E-05 0.132771 9.98071E-05 9.98071E-05 9.98071E-05 9.98071E-05 9.98071E-05 9.98071E-05 9.98071E-05
9.97719E-05 9.97719E-05 0.997406 9.97719E-05 9.97719E-05 9.97719E-05 9.97719E-05 9.97719E-05 9.97719E-05 9.97719E-05 9.97719E-05 9.97719E-05 9.97719E-05 9.97719E-05 9.97719E-05 9.97719E-05 9.97719E-05 9.97719E-05 9.97719E-05 9.97719E-05 9.97719E-05 9.97719E-05 9.97719E-05 9.97719E-05 9.97719E-05 9.97719E-05 9.97719E-05
9.9798E-05 0.0519539 9.9798E-05 9.9798E-05 9.9798E-05 0.683548 9.9798E-05 9.9798E-05 9.9798E-05 0.24246 9.9798E-05 9.9798E-05 9.9798E-05 9.9798E-05 9.9798E-05 9.9798E-05 9.9798E-05 9.9798E-05 9.9798E-05 0.0197425 9.9798E-05 9.9798E-05 9.9798E-05 9.9798E-05 9.9798E-05 9.9798E-05 9.9798E-05
9.97808E-05 9.97808E-05 9.97808E-05 9.97808E-05 9.97808E-05 9.97808E-05 9.97808E-05 9.97808E-05 9.97808E-05 9.97808E-05 9.97808E-05 9.97808E-05 9.97808E-05 9.97808E-05 9.97808E-05 0.0501797 9.97808E-05 9.97808E-05 0.947326 9.97808E-05 9.97808E-05 9.97808E-05 9.97808E-05 9.97808E-05 9.97808E-05 9.97808E-05 9.97808E-05
0.0515336 0.0144369 9.98421E-05 9.98421E-05 9.98421E-05 0.389139 0.0756028 9.98421E-05 9.98421E-05 9.98421E-05 9.98421E-05 0.0300199 9.98421E-05 9.98421E-05 0.120092 9.98421E-05 0.0617153 0.127366 9.98421E-05 0.128297 9.98421E-05 9.98421E-05 9.98421E-05 9.98421E-05 9.98421E-05 9.98421E-05 9.98421E-05
0.0516758 0.0602246 9.98596E-05 9.98596E-05 9.98596E-05 0.161929 9.98596E-05 9.98596E-05 9.98596E-05 0.118598 9.98596E-05 0.112421 9.98596E-05 9.98596E-05 0.0887159 9.98596E-05 9.98596E-05 0.157779 9.98596E-05 0.0758413 0.0367802 9.98596E-05 9.98596E-05 0.0842283 0.0502093 9.98596E-05 9.98596E-05
9.98422E-05 9.98422E-05 0.496601 0.0985414 0.0633976 9.98422E-05 9.98422E-05 9.98422E-05 9.98422E-05 0.129851 9.98422E-05 9.98422E-05 9.98422E-05 0.0348093 9.98422E-05 9.98422E-05 0.0890543 9.98422E-05 9.98422E-05 0.0291507 9.98422E-05 9.98422E-05 0.0311037 0.025694 9.98422E-05 9.98422E-05 9.98422E-05
9.98509E-05 0.200952 9.98509E-05 9.98509E-05 9.98509E-05 0.0223399 9.98509E-05 0.0895038 9.98509E-05 0.147729 9.98509E-05 9.98509E-05 0.0854199 9.98509E-05 0.135846 9.98509E-05 9.98509E-05 0.0526043 9.98509E-05 0.0912212 9.98509E-05 0.00731451 9.98509E-05 9.98509E-05 9.98509E-05 0.165372 9.98509E-05
9.98332E-05 0.176451 0.0601129 9.98332E-05 9.98332E-05 0.0283196 0.0418273 9.98332E-05 9.98332E-05 0.283697 9.98332E-05 9.98332E-05 9.98332E-05 9.98332E-05 9.98332E-05 9.98332E-05 9.98332E-05 0.195532 9.98332E-05 0.0712562 0.140906 9.98332E-05 9.98332E-05 9.98332E-05 9.98332E-05 9.98332E-05 9.98332E-05
9.97895E-05 9.97895E-05 0.024831 9.97895E-05 9.97895E-05 0.159914 9.97895E-05 9.97895E-05 9.97895E-05 0.81286 9.97895E-05 9.97895E-05 9.97895E-05 9.97895E-05 9.97895E-05 9.97895E-05 9.97895E-05 9.97895E-05 9.97895E-05 9.97895E-05 9.97895E-05 9.97895E-05 9.97895E-05 9.97895E-05 9.97895E-05 9.97895E-05 9.97895E-05
9.98069E-05 9.98069E-05 9.98069E-05 9.98069E-05 9.98069E-05 9.98069E-05 9.98069E-05 9.98069E-05 9.98069E-05 0.635777 9.98069E-05 9.98069E-05 9.98069E-05 0.0193854 9.98069E-05 9.98069E-05 9.98069E-05 0.0406687 9.98069E-05 9.98069E-05 9.98069E-05 9.98069E-05 0.20025 0.101724 9.98069E-05 9.98069E-05 9.98069E-05
0.0386803 0.345446 0.337849 9.98333E-05 9.98333E-05 9.98333E-05 0.0160424 9.98333E-05 9.98333E-05 9.98333E-05 9.98333E-05 9.98333E-05 9.98333E-05 9.98333E-05 9.98333E-05 0.0718409 9.98333E-05 0.102997 9.98333E-05 9.98333E-05 0.082597 9.98333E-05 9.98333E-05 9.98333E-05 9.98333E-05 0.002651 9.98333E-05
9.98159E-05 9.98159E-05 9.98159E-05 0.0381244 9.98159E-05 0.255386 9.98159E-05 9.98159E-05 9.98159E-05 0.46815 9.98159E-05 9.98159E-05 9.98159E-05 0.00341945 0.145137 9.98159E-05 9.98159E-05 9.98159E-05 9.98159E-05 0.0876862 9.98159E-05 9.98159E-05 9.98159E-05 9.98159E-05 9.98159E-05 9.98159E-05 9.98159E-05
9.9816E-05 0.177384 9.9816E-05 9.9816E-05 0.0945519 0.467174 9.9816E-05 9.9816E-05 9.9816E-05 9.9816E-05 9.9816E-05 9.9816E-05 9.9816E-05 9.9816E-05 9.9816E-05 9.9816E-05 9.9816E-05 0.00477851 9.9816E-05 0.208816 9.9816E-05 9.9816E-05 9.9816E-05 0.0451991 9.9816E-05 9.9816E-05 9.9816E-05
0.142029 0.0700307 0.142595 9.98508E-05 9.98508E-05 0.00149378 0.124235 0.0320326 9.98508E-05 0.0966243 9.98508E-05 9.98508E-05 9.98508E-05 9.98508E-05 9.98508E-05 9.98508E-05 9.98508E-05 0.0706428 0.0915726 0.227047 9.98508E-05 9.98508E-05 9.98508E-05 9.98508E-05 9.98508E-05 9.98508E-05 9.98508E-05
9.98159E-05 0.0518165 0.428904 9.98159E-05 9.98159E-05 9.98159E-05 9.98159E-05 9.98159E-05 9.98159E-05 0.373871 9.98159E-05 9.98159E-05 9.98159E-05 9.98159E-05 9.98159E-05 0.0403922 9.98159E-05 9.98159E-05 9.98159E-05 0.0852851 9.98159E-05 9.98159E-05 0.0176357 9.98159E-05 9.98159E-05 9.98159E-05 9.98159E-05
0.194183 0.399522 9.98244E-05 9.98244E-05 9.98244E-05 0.0498985 9.98244E-05 9.98244E-05 9.98244E-05 0.0641338 9.98244E-05 9.98244E-05 9.98244E-05 9.98244E-05 9.98244E-05 9.98244E-05 9.98244E-05 9.98244E-05 9.98244E-05 0.112352 9.98244E-05 9.98244E-05 9.98244E-05 0.0514945 9.98244E-05 0.12642 9.98244E-05
9.97986E-05 9.97986E-05 9.97986E-05 9.97986E-05 9.97986E-05 0.824505 9.97986E-05 9.97986E-05 0.0204369 9.97986E-05 9.97986E-05 9.97986E-05 9.97986E-05 9.97986E-05 9.97986E-05 9.97986E-05 9.97986E-05 9.97986E-05 9.97986E-05 0.0376068 9.97986E-05 9.97986E-05 9.97986E-05 9.97986E-05 0.115156 9.97986E-05 9.97986E-05
9.97808E-05 9.97808E-05 9.97808E-05 9.97808E-05 9.97808E-05 0.859895 9.97808E-05 9.97808E-05 9.97808E-05 9.97808E-05 9.97808E-05 9.97808E-05 9.97808E-05 9.97808E-05 9.97808E-05 9.97808E-05 9.97808E-05 9.97808E-05 9.97808E-05 0.13761 9.97808E-05 9.97808E-05 9.97808E-05 9.97808E-05 9.97808E-05 9.97808E-05 9.97808E-05
9.98071E-05 9.98071E-05 0.185531 9.98071E-05 9.98071E-05 0.506201 9.98071E-05 9.98071E-05 9.98071E-05 9.98071E-05 9.98071E-05 9.98071E-05 9.98071E-05 9.98071E-05 9.98071E-05 9.98071E-05 0.278149 9.98071E-05 9.98071E-05 9.98071E-05 0.0145434 0.0133798 9.98071E-05 9.98071E-05 9.98071E-05 9.98071E-05 9.98071E-05
9.98333E-05 9.98333E-05 9.98333E-05 9.98333E-05 9.98333E-05 0.659662 9.98333E-05 0.000208628 9.98333E-05 0.1549 9.98333E-05 9.98333E-05 9.98333E-05 0.0929502 0.0291312 9.98333E-05 9.98333E-05 0.000391075 9.98333E-05 0.0345764 0.0262843 9.98333E-05 9.98333E-05 9.98333E-05 9.98333E-05 9.98333E-05 9.98333E-05
9.98332E-05 0.0224952 9.98332E-05 9.98332E-05 9.98332E-05 9.98332E-05 0.0108254 9.98332E-05 0.144634 0.703154 0.0249503 9.98332E-05 9.98332E-05 9.98332E-05 9.98332E-05 9.98332E-05 9.98332E-05 9.98332E-05 9.98332E-05 0.0164487 0.00255656 9.98332E-05 0.073039 9.98332E-05 9.98332E-05 9.98332E-05 9.98332E-05
9.98331E-05 0.0593618 9.98331E-05 9.98331E-05 9.98331E-05 9.98331E-05 9.98331E-05 9.98331E-05 9.98331E-05 0.32564 9.98331E-05 9.98331E-05 9.98331E-05 0.0427438 0.0573854 9.98331E-05 9.98331E-05 9.98331E-05 0.39631 0.0885858 9.98331E-05 9.98331E-05 9.98331E-05 0.0277396 0.000337023 9.98331E-05 9.98331E-05
0.0640537 0.0494125 0.26078 9.98332E-05 9.98332E-05 9.98332E-05 9.98332E-05 9.98332E-05 9.98332E-05 9.98332E-05 9.98332E-05 9.98332E-05 9.98332E-05 9.98332E-05 9.98332E-05 9.98332E-05 9.98332E-05 9.98332E-05 0.459193 0.0856155 0.0149622 9.98332E-05 9.98332E-05 9.98332E-05 0.0429119 0.0211747 9.98332E-05
9.97809E-05 9.97809E-05 9.97809E-05 9.97809E-05 9.97809E-05 0.982083 9.97809E-05 9.97809E-05 9.97809E-05 9.97809E-05 9.97809E-05 9.97809E-05 9.97809E-05 0.0154225 9.97809E-05 9.97809E-05 9.97809E-05 9.97809E-05 9.97809E-05 9.97809E-05 9.97809E-05 9.97809E-05 9.97809E-05 9.97809E-05 9.97809E-05 9.97809E-05 9.97809E-05
9.98158E-05 0.0150768 0.202102 9.98158E-05 9.98158E-05 9.98158E-05 9.98158E-05 9.98158E-05 9.98158E-05 0.673969 9.98158E-05 9.98158E-05 9.98158E-05 9.98158E-05 9.98158E-05 9.98158E-05 9.98158E-05 9.98158E-05 9.98158E-05 9.98158E-05 9.98158E-05 0.0192322 0.079627 9.98158E-05 0.00789694 9.98158E-05 9.98158E-05
9.97983E-05 0.0178172 9.97983E-05 9.97983E-05 9.97983E-05 0.218817 9.97983E-05 9.97983E-05 9.97983E-05 0.672624 9.97983E-05 9.97983E-05 9.97983E-05 9.97983E-05 9.97983E-05 9.97983E-05 9.97983E-05 9.97983E-05 9.97983E-05 9.97983E-05 0.0884465 9.97983E-05 9.97983E-05 9.97983E-05 9.97983E-05 9.97983E-05 9.97983E-05
9.97895E-05 9.97895E-05 9.97895E-05 9.97895E-05 9.97895E-05 9.97895E-05 9.97895E-05 9.97895E-05 9.97895E-05 9.97895E-05 9.97895E-05 9.97895E-05 9.97895E-05 9.97895E-05 9.97895E-05 9.97895E-05 9.97895E-05 0.071465 0.862188 0.0639519 9.97895E-05 9.97895E-05 9.97895E-05 9.97895E-05 9.97895E-05 9.97895E-05 9.97895E-05
9.98247E-05 9.98247E-05 0.778739 0.112274 9.98247E-05 9.98247E-05 9.98247E-05 9.98247E-05 0.00190905 9.98247E-05 9.98247E-05 9.98247E-05 9.98247E-05 0.019837 9.98247E-05 9.98247E-05 9.98247E-05 0.000866536 9.98247E-05 0.0357817 0.048596 9.98247E-05 9.98247E-05 9.98247E-05 9.98247E-05 9.98247E-05 9.98247E-05
0.116485 9.98158E-05 0.483814 9.98158E-05 9.98158E-05 9.98158E-05 9.98158E-05 9.98158E-05 9.98158E-05 9.98158E-05 9.98158E-05 9.98158E-05 9.98158E-05 9.98158E-05 9.98158E-05 9.98158E-05 0.0372359 9.98158E-05 0.1487 0.104046 0.107622 9.98158E-05 9.98158E-05 9.98158E-05 9.98158E-05 9.98158E-05 9.98158E-05
9.9772E-05 9.9772E-05 0.997406 9.9772E-05 9.9772E-05 9.9772E-05 9.9772E-05 9.9772E-05 9.9772E-05 9.9772E-05 9.9772E-05 9.9772E-05 9.9772E-05 9.9772E-05 9.9772E-05 9.9772E-05 9.9772E-05 9.9772E-05 9.9772E-05 9.9772E-05 9.9772E-05 9.9772E-05 9.9772E-05 9.9772E-05 9.9772E-05 9.9772E-05 9.9772E-05
9.97985E-05 0.126333 9.97985E-05 9.97985E-05 9.97985E-05 0.831674 9.97985E-05 9.97985E-05 9.97985E-05 9.97985E-05 9.97985E-05 9.97985E-05 9.97985E-05 9.97985E-05 9.97985E-05 9.97985E-05 9.97985E-05 9.97985E-05 9.97985E-05 0.0280443 9.97985E-05 0.0116534 9.97985E-05 9.97985E-05 9.97985E-05 9.97985E-05 9.97985E-05
9.97896E-05 9.97896E-05 9.97896E-05 9.97896E-05 9.97896E-05 0.76299 9.97896E-05 9.97896E-05 9.97896E-05 9.97896E-05 9.97896E-05 9.97896E-05 9.97896E-05 9.97896E-05 9.97896E-05 9.97896E-05 0.0584304 9.97896E-05 0.176184 9.97896E-05 9.97896E-05 9.97896E-05 9.97896E-05 9.97896E-05 9.97896E-05 9.97896E-05 9.97896E-05
9.98509E-05 0.037247 0.341345 9.98509E-05 9.98509E-05 0.0463411 9.98509E-05 9.98509E-05 9.98509E-05 9.98509E-05 9.98509E-05 9.98509E-05 9.98509E-05 0.0915394 0.118418 9.98509E-05 9.98509E-05 0.111966 9.98509E-05 0.196337 9.98509E-05 0.0437011 9.98509E-05 9.98509E-05 0.0100673 0.00134074 9.98509E-05
9.98247E-05 0.369117 0.0315468 9.98247E-05 9.98247E-05 9.98247E-05 9.98247E-05 0.0306815 9.98247E-05 9.98247E-05 9.98247E-05 9.98247E-05 9.98247E-05 9.98247E-05 9.98247E-05 0.0977596 9.98247E-05 9.98247E-05 0.283152 0.0773575 9.98247E-05 9.98247E-05 9.98247E-05 9.98247E-05 0.108389 9.98247E-05 9.98247E-05
9.98156E-05 9.98156E-05 0.802086 9.98156E-05 9.98156E-05 9.98156E-05 9.98156E-05 0.0326228 9.98156E-05 9.98156E-05 9.98156E-05 9.98156E-05 0.00228432 9.98156E-05 9.98156E-05 9.98156E-05 9.98156E-05 9.98156E-05 0.118491 0.00624616 9.98156E-05 9.98156E-05 9.98156E-05 9.98156E-05 0.0361733 9.98156E-05 9.98156E-05
9.98069E-05 9.98069E-05 9.98069E-05 9.98069E-05 9.98069E-05 9.98069E-05 9.98069E-05 9.98069E-05 9.98069E-05 0.520611 9.98069E-05 9.98069E-05 9.98069E-05 9.98069E-05 9.98069E-05 9.98069E-05 9.98069E-05 9.98069E-05 0.396551 0.00787811 9.98069E-05 9.98069E-05 9.98069E-05 9.98069E-05 0.055657 0.0171063 9.98069E-05
9.97721E-05 9.97721E-05 0.997406 9.97721E-05 9.97721E-05 9.97721E-05 9.97721E-05 9.97721E-05 9.97721E-05 9.97721E-05 9.97721E-05 9.97721E-05 9.97721E-05 9.97721E-05 9.97721E-05 9.97721E-05 9.97721E-05 9.97721E-05 9.97721E-05 9.97721E-05 9.97721E-05 9.97721E-05 9.97721E-05 9.97721E-05 9.97721E-05 9.97721E-05 9.97721E-05
9.98157E-05 0.0380972 9.98157E-05 9.98157E-05 9.98157E-05 0.651985 9.98157E-05 9.98157E-05 9.98157E-05 0.121007 0.00930467 0.110513 9.98157E-05 9.98157E-05 9.98157E-05 9.98157E-05 9.98157E-05 9.98157E-05 9.98157E-05 0.0669962 9.98157E-05 9.98157E-05 9.98157E-05 9.98157E-05 9.98157E-05 9.98157E-05 9.98157E-05
9.97899E-05 9.97899E-05 9.97899E-05 9.97899E-05 9.97899E-05 9.97899E-05 9.97899E-05 9.97899E-05 9.97899E-05 9.97899E-05 9.97899E-05 9.97899E-05 9.97899E-05 9.97899E-05 9.97899E-05 9.97899E-05 9.97899E-05 9.97899E-05 0.89752 9.97899E-05 0.074926 9.97899E-05 9.97899E-05 9.97899E-05 9.97899E-05 9.97899E-05 0.0251588
0.026186 0.0318912 9.98507E-05 9.98507E-05 9.98507E-05 0.195838 9.98507E-05 9.98507E-05 9.98507E-05 0.27388 0.0903698 0.0587596 9.98507E-05 0.0858078 9.98507E-05 9.98507E-05 9.98507E-05 0.0129372 9.98507E-05 0.209858 9.98507E-05 9.98507E-05 9.98507E-05 0.0127751 9.98507E-05 9.98507E-05 9.98507E-05
9.98069E-05 0.115951 9.98069E-05 9.98069E-05 9.98069E-05 9.98069E-05 9.98069E-05 9.98069E-05 9.98069E-05 9.98069E-05 9.98069E-05 9.98069E-05 0.0390906 9.98069E-05 9.98069E-05 9.98069E-05 9.98069E-05 9.98069E-05 0.721495 9.98069E-05 9.98069E-05 0.00621243 9.98069E-05 9.98069E-05 0.115055 9.98069E-05 9.98069E-05
9.97808E-05 9.97808E-05 9.97808E-05 9.97808E-05 9.97808E-05 0.944206 9.97808E-05 9.97808E-05 9.97808E-05 9.97808E-05 9.97808E-05 9.97808E-05 9.97808E-05 9.97808E-05 9.97808E-05 9.97808E-05 9.97808E-05 9.97808E-05 9.97808E-05 9.97808E-05 9.97808E-05 9.97808E-05 9.97808E-05 9.97808E-05 9.97808E-05 0.0532997 9.97808E-05
9.97806E-05 9.97806E-05 9.97806E-05 9.97806E-05 9.97806E-05 9.97806E-05 9.97806E-05 9.97806E-05 9.97806E-05 9.97806E-05 9.97806E-05 9.97806E-05 9.97806E-05 9.97806E-05 9.97806E-05 9.97806E-05 9.97806E-05 9.97806E-05 0.960226 9.97806E-05 9.97806E-05 9.97806E-05 9.97806E-05 0.0372794 9.97806E-05 9.97806E-05 9.97806E-05
9.98074E-05 9.98074E-05 0.698141 9.98074E-05 9.98074E-05 0.15768 0.0936062 9.98074E-05 9.98074E-05 9.98074E-05 9.98074E-05 9.98074E-05 9.98074E-05 9.98074E-05 9.98074E-05 9.98074E-05 9.98074E-05 9.98074E-05 9.98074E-05 0.0266309 9.98074E-05 0.0217464 9.98074E-05 9.98074E-05 9.98074E-05 9.98074E-05 9.98074E-05
0.0653488 9.97985E-05 0.843615 9.97985E-05 9.97985E-05 9.97985E-05 9.97985E-05 0.0733041 9.97985E-05 9.97985E-05 9.97985E-05 9.97985E-05 9.97985E-05 9.97985E-05 9.97985E-05 9.97985E-05 9.97985E-05 9.97985E-05 9.97985E-05 9.97985E-05 0.0154368 9.97985E-05 9.97985E-05 9.97985E-05 9.97985E-05 9.97985E-05 9.97985E-05
9.97895E-05 0.043976 0.857998 9.97895E-05 9.97895E-05 9.97895E-05 9.97895E-05 9.97895E-05 9.97895E-05 9.97895E-05 9.97895E-05 9.97895E-05 9.97895E-05 9.97895E-05 9.97895E-05 9.97895E-05 9.97895E-05 9.97895E-05 9.97895E-05 9.97895E-05 9.97895E-05 9.97895E-05 9.97895E-05 9.97895E-05 9.97895E-05 0.0956315 9.97895E-05
9.97718E-05 9.97718E-05 9.97718E-05 9.97718E-05 9.97718E-05 9.97718E-05 9.97718E-05 9.97718E-05 9.97718E-05 0.997406 9.97718E-05 9.97718E-05 9.97718E-05 9.97718E-05 9.97718E-05 9.97718E-05 9.97718E-05 9.97718E-05 9.97718E-05 9.97718E-05 9.97718E-05 9.97718E-05 9.97718E-05 9.97718E-05 9.97718E-05 9.97718E-05 9.97718E-05
9.97807E-05 9.97807E-05 9.97807E-05 9.97807E-05 9.97807E-05 0.690608 9.97807E-05 9.97807E-05 9.97807E-05 9.97807E-05 9.97807E-05 9.97807E-05 9.97807E-05 9.97807E-05 9.97807E-05 9.97807E-05 9.97807E-05 9.97807E-05 0.306898 9.97807E-05 9.97807E-05 9.97807E-05 9.97807E-05 9.97807E-05 9.97807E-05 9.97807E-05 9.97807E-05
0.00644071 9.98332E-05 9.98332E-05 9.98332E-05 9.98332E-05 9.98332E-05 9.98332E-05 9.98332E-05 9.98332E-05 9.98332E-05 9.98332E-05 9.98332E-05 9.98332E-05 0.0553264 0.675681 9.98332E-05 9.98332E-05 0.0408345 9.98332E-05 0.146913 9.98332E-05 9.98332E-05 0.02358 9.98332E-05 9.98332E-05 0.044308 0.00501904
9.97897E-05 9.97897E-05 9.97897E-05 9.97897E-05 9.97897E-05 9.97897E-05 9.97897E-05 9.97897E-05 9.97897E-05 9.97897E-05 9.97897E-05 0.0152266 9.97897E-05 9.97897E-05 0.967808 9.97897E-05 9.97897E-05 9.97897E-05 9.97897E-05 9.97897E-05 9.97897E-05 0.0145707 9.97897E-05 9.97897E-05 9.97897E-05 9.97897E-05 9.97897E-05
9.97808E-05 9.97808E-05 9.97808E-05 9.97808E-05 9.97808E-05 9.97808E-05 9.97808E-05 9.97808E-05 9.97808E-05 9.97808E-05 9.97808E-05 9.97808E-05 9.97808E-05 9.97808E-05 0.964767 9.97808E-05 9.97808E-05 9.97808E-05 9.97808E-05 9.97808E-05 9.97808E-05 9.97808E-05 9.97808E-05 9.97808E-05 9.97808E-05 0.0327385 9.97808E-05
0.135399 9.98247E-05 9.98247E-05 0.335574 9.98247E-05 9.98247E-05 9.98247E-05 9.98247E-05 9.98247E-05 9.98247E-05 9.98247E-05 9.98247E-05 9.98247E-05 9.98247E-05 0.296411 9.98247E-05 9.98247E-05 0.10729 9.98247E-05 0.012863 9.98247E-05 9.98247E-05 9.98247E-05 9.98247E-05 9.98247E-05 0.0236529 0.0868133
9.98505E-05 0.033008 9.98505E-05 9.98505E-05 9.98505E-05 9.98505E-05 9.98505E-05 0.0255312 9.98505E-05 9.98505E-05 9.98505E-05 9.98505E-05 9.98505E-05 9.98505E-05 0.65632 0.0514565 9.98505E-05 0.0324157 9.98505E-05 0.065596 0.00846746 9.98505E-05 0.0366949 9.98505E-05 9.98505E-05 0.0585768 0.0302358
9.97979E-05 0.091052 9.97979E-05 9.97979E-05 9.97979E-05 9.97979E-05 9.97979E-05 9.97979E-05 9.97979E-05 9.97979E-05 9.97979E-05 9.97979E-05 9.97979E-05 9.97979E-05 0.680507 9.97979E-05 9.97979E-05 0.0516883 9.97979E-05 0.174458 9.97979E-05 9.97979E-05 9.97979E-05 9.97979E-05 9.97979E-05 9.97979E-05 9.97979E-05
9.98243E-05 9.98243E-05 9.98243E-05 0.337985 9.98243E-05 9.98243E-05 9.98243E-05 9.98243E-05 9.98243E-05 9.98243E-05 9.98243E-05 9.98243E-05 9.98243E-05 0.0632282 0.377514 9.98243E-05 9.98243E-05 0.0290095 9.98243E-05 0.0672343 9.98243E-05 9.98243E-05 0.112699 9.98243E-05 9.98243E-05 9.98243E-05 0.0103337
0.0502484 9.98067E-05 9.98067E-05 9.98067E-05 9.98067E-05 9.98067E-05 9.98067E-05 9.98067E-05 9.98067E-05 9.98067E-05 9.98067E-05 9.98067E-05 9.98067E-05 9.98067E-05 0.503476 9.98067E-05 9.98067E-05 0.0467434 9.98067E-05 0.173863 9.98067E-05 9.98067E-05 9.98067E-05 9.98067E-05 9.98067E-05 0.223473 9.98067E-05
9.9807E-05 0.00262705 9.9807E-05 9.9807E-05 0.00207181 9.9807E-05 9.9807E-05 9.9807E-05 9.9807E-05 9.9807E-05 9.9807E-05 9.9807E-05 9.9807E-05 9.9807E-05 0.957679 9.9807E-05 9.9807E-05 0.000289629 9.9807E-05 9.9807E-05 9.9807E-05 0.0351366 9.9807E-05 9.9807E-05 9.9807E-05 9.9807E-05 9.9807E-05
9.97982E-05 9.97982E-05 9.97982E-05 9.97982E-05 9.97982E-05 9.97982E-05 9.97982E-05 9.97982E-05 9.97982E-05 0.0151707 9.97982E-05 9.97982E-05 9.97982E-05 0.03753 0.933537 9.97982E-05 9.97982E-05 9.97982E-05 9.97982E-05 9.97982E-05 9.97982E-05 9.97982E-05 9.97982E-05 9.97982E-05 0.0114674 9.97982E-05 9.97982E-05
9.98066E-05 9.98066E-05 9.98066E-05 9.98066E-05 9.98066E-05 9.98066E-05 9.98066E-05 9.98066E-05 9.98066E-05 9.98066E-05 9.98066E-05 9.98066E-05 9.98066E-05 0.179727 0.490106 9.98066E-05 9.98066E-05 0.0573184 9.98066E-05 0.199513 0.0711397 9.98066E-05 9.98066E-05 9.98066E-05 9.98066E-05 9.98066E-05 9.98066E-05
9.98595E-05 0.0850977 9.98595E-05 0.0438813 0.00997652 9.98595E-05 0.123051 9.98595E-05 9.98595E-05 9.98595E-05 9.98595E-05 0.128727 9.98595E-05 0.00838097 0.454104 9.98595E-05 9.98595E-05 9.98595E-05 9.98595E-05 0.0591744 0.0292562 9.98595E-05 9.98595E-05 0.0131689 0.0435844 9.98595E-05 9.98595E-05
0.0388338 9.98332E-05 9.98332E-05 9.98332E-05 0.0904778 9.98332E-05 9.98332E-05 9.98332E-05 9.98332E-05 9.98332E-05 0.0837024 9.98332E-05 9.98332E-05 0.0976948 0.503962 9.98332E-05 9.98332E-05 0.152721 9.98332E-05 9.98332E-05 0.00408881 9.98332E-05 9.98332E-05 0.0266224 9.98332E-05 9.98332E-05 9.98332E-05
9.98068E-05 0.2493 9.98068E-05 0.0475049 9.98068E-05 9.98068E-05 9.98068E-05 9.98068E-05 9.98068E-05 9.98068E-05 9.98068E-05 9.98068E-05 9.98068E-05 9.98068E-05 0.467185 9.98068E-05 9.98068E-05 9.98068E-05 9.98068E-05 0.169417 0.0643967 9.98068E-05 9.98068E-05 9.98068E-05 9.98068E-05 9.98068E-05 9.98068E-05
9.97812E-05 9.97812E-05 9.97812E-05 9.97812E-05 9.97812E-05 9.97812E-05 9.97812E-05 9.97812E-05 9.97812E-05 9.97812E-05 9.97812E-05 9.97812E-05 9.97812E-05 9.97812E-05 0.961368 0.0361374 9.97812E-05 9.97812E-05 9.97812E-05 9.97812E-05 9.97812E-05 9.97812E-05 9.97812E-05 9.97812E-05 9.97812E-05 9.97812E-05 9.97812E-05
9.9807E-05 9.9807E-05 9.9807E-05 9.9807E-05 9.9807E-05 9.9807E-05 9.9807E-05 9.9807E-05 0.0479289 9.9807E-05 9.9807E-05 9.9807E-05 9.9807E-05 9.9807E-05 0.801985 9.9807E-05 9.9807E-05 0.0396111 9.9807E-05 0.0410607 9.9807E-05 9.9807E-05 0.0672182 9.9807E-05 9.9807E-05 9.9807E-05 9.9807E-05
0.038341 9.98417E-05 9.98417E-05 0.0141365 9.98417E-05 9.98417E-05 9.98417E-05 9.98417E-05 9.98417E-05 9.98417E-05 9.98417E-05 9.98417E-05 9.98417E-05 9.98417E-05 0.655454 9.98417E-05 9.98417E-05 0.00237078 9.98417E-05 0.00438441 0.0999096 9.98417E-05 0.102833 9.98417E-05 9.98417E-05 0.0355378 0.0452364
9.98244E-05 0.0492764 9.98244E-05 9.98244E-05 0.0345679 9.98244E-05 9.98244E-05 9.98244E-05 9.98244E-05 9.98244E-05 9.98244E-05 9.98244E-05 9.98244E-05 0.0763205 0.612912 9.98244E-05 9.98244E-05 0.0322316 9.98244E-05 9.98244E-05 0.103551 9.98244E-05 9.98244E-05 9.98244E-05 0.0891443 9.98244E-05 9.98244E-05
9.98158E-05 9.98158E-05 9.98158E-05 9.98158E-05 9.98158E-05 9.98158E-05 9.98158E-05 9.98158E-05 9.98158E-05 9.98158E-05 9.98158E-05 9.98158E-05 9.98158E-05 0.0538636 0.691467 9.98158E-05 9.98158E-05 0.025742 9.98158E-05 0.0415446 0.0674761 9.98158E-05 9.98158E-05 9.98158E-05 9.98158E-05 0.117811 9.98158E-05
9.97978E-05 9.97978E-05 9.97978E-05 9.97978E-05 9.97978E-05 9.97978E-05 9.97978E-05 9.97978E-05 9.97978E-05 9.97978E-05 9.97978E-05 0.125181 9.97978E-05 9.97978E-05 0.630238 9.97978E-05 9.97978E-05 9.97978E-05 9.97978E-05 0.192649 9.97978E-05 9.97978E-05 9.97978E-05 0.0496372 9.97978E-05 9.97978E-05 9.97978E-05
9.97812E-05 9.97812E-05 9.97812E-05 9.97812E-05 9.97812E-05 9.97812E-05 9.97812E-05 9.97812E-05 9.97812E-05 9.97812E-05 9.97812E-05 9.97812E-05 9.97812E-05 9.97812E-05 0.950535 9.97812E-05 9.97812E-05 9.97812E-05 0.04697 9.97812E-05 9.97812E-05 9.97812E-05 9.97812E-05 9.97812E-05 9.97812E-05 9.97812E-05 9.97812E-05
9.98243E-05 0.226886 9.98243E-05 0.0857146 9.98243E-05 9.98243E-05 9.98243E-05 9.98243E-05 9.98243E-05 9.98243E-05 9.98243E-05 9.98243E-05 9.98243E-05 9.98243E-05 0.629167 9.98243E-05 9.98243E-05 9.98243E-05 9.98243E-05 0.0218843 0.00509322 9.98243E-05 9.98243E-05 9.98243E-05 9.98243E-05 0.005511 0.0237473
0.293628 9.97898E-05 9.97898E-05 9.97898E-05 9.97898E-05 9.97898E-05 9.97898E-05 9.97898E-05 9.97898E-05 9.97898E-05 9.97898E-05 9.97898E-05 9.97898E-05 0.0479362 0.656041 9.97898E-05 9.97898E-05 9.97898E-05 9.97898E-05 9.97898E-05 9.97898E-05 9.97898E-05 9.97898E-05 9.97898E-05 9.97898E-05 9.97898E-05 9.97898E-05
0.0349768 9.98508E-05 9.98508E-05 9.98508E-05 9.98508E-05 9.98508E-05 9.98508E-05 9.98508E-05 9.98508E-05 0.0285994 9.98508E-05 9.98508E-05 0.0285572 0.0406949 0.59133 9.98508E-05 9.98508E-05 9.98508E-05 9.98508E-05 0.0239903 0.0796289 0.071791 9.98508E-05 9.98508E-05 9.98508E-05 0.0891616 0.00957194
9.98068E-05 9.98068E-05 9.98068E-05 9.98068E-05 0.132841 9.98068E-05 9.98068E-05 9.98068E-05 9.98068E-05 9.98068E-05 9.98068E-05 0.025259 9.98068E-05 0.0409929 0.769262 9.98068E-05 9.98068E-05 0.02945 9.98068E-05 9.98068E-05 9.98068E-05 9.98068E-05 9.98068E-05 9.98068E-05 9.98068E-05 9.98068E-05 9.98068E-05
9.97987E-05 9.97987E-05 0.0944855 9.97987E-05 9.97987E-05 9.97987E-05 9.97987E-05 0.0430004 9.97987E-05 9.97987E-05 9.97987E-05 9.97987E-05 9.97987E-05 9.97987E-05 0.824585 9.97987E-05 9.97987E-05 0.0356334 9.97987E-05 9.97987E-05 9.97987E-05 9.97987E-05 9.97987E-05 9.97987E-05 9.97987E-05 9.97987E-05 9.97987E-05
9.97721E-05 9.97721E-05 9.97721E-05 9.97721E-05 9.97721E-05 9.97721E-05 9.97721E-05 9.97721E-05 9.97721E-05 9.97721E-05 9.97721E-05 9.97721E-05 9.97721E-05 9.97721E-05 0.997406 9.97721E-05 9.97721E-05 9.97721E-05 9.97721E-05 9.97721E-05 9.97721E-05 9.97721E-05 9.97721E-05 9.97721E-05 9.97721E-05 9.97721E-05 9.97721E-05
9.97721E-05 9.97721E-05 9.97721E-05 9.97721E-05 9.97721E-05 9.97721E-05 9.97721E-05 9.97721E-05 9.97721E-05 9.97721E-05 9.97721E-05 9.97721E-05 9.97721E-05 9.97721E-05 0.997406 9.97721E-05 9.97721E-05 9.97721E-05 9.97721E-05 9.97721E-05 9.97721E-05 9.97721E-05 9.97721E-05 9.97721E-05 9.97721E-05 9.97721E-05 9.97721E-05
9.97897E-05 9.97897E-05 9.97897E-05 9.97897E-05 0.0179871 9.97897E-05 9.97897E-05 9.97897E-05 9.97897E-05 9.97897E-05 9.97897E-05 9.97897E-05 9.97897E-05 9.97897E-05 0.904671 9.97897E-05 9.97897E-05 9.97897E-05 9.97897E-05 9.97897E-05 9.97897E-05 9.97897E-05 9.97897E-05 9.97897E-05 9.97897E-05 0.0749469 9.97897E-05
9.97985E-05 9.97985E-05 9.97985E-05 9.97985E-05 9.97985E-05 9.97985E-05 9.97985E-05 9.97985E-05 9.97985E-05 9.97985E-05 9.97985E-05 9.97985E-05 9.97985E-05 9.97985E-05 0.648684 9.97985E-05 0.173662 0.0560051 9.97985E-05 0.119353 9.97985E-05 9.97985E-05 9.97985E-05 9.97985E-05 9.97985E-05 9.97985E-05 9.97985E-05
0.843102 9.97895E-05 9.97895E-05 9.97895E-05 9.97895E-05 9.97895E-05 9.97895E-05 9.97895E-05 9.97895E-05 9.97895E-05 9.97895E-05 9.97895E-05 9.97895E-05 9.97895E-05 9.97895E-05 9.97895E-05 9.97895E-05 0.0810069 9.97895E-05 0.0734963 9.97895E-05 9.97895E-05 9.97895E-05 9.97895E-05 9.97895E-05 9.97895E-05 9.97895E-05
0.317283 9.97808E-05 9.97808E-05 9.97808E-05 9.97808E-05 9.97808E-05 9.97808E-05 9.97808E-05 9.97808E-05 9.97808E-05 9.97808E-05 9.97808E-05 9.97808E-05 9.97808E-05 9.97808E-05 9.97808E-05 0.680222 9.97808E-05 9.97808E-05 9.97808E-05 9.97808E-05 9.97808E-05 9.97808E-05 9.97808E-05 9.97808E-05 9.97808E-05 9.97808E-05
0.823353 9.97982E-05 9.97982E-05 9.97982E-05 0.0597075 9.97982E-05 9.97982E-05 9.97982E-05 9.97982E-05 9.97982E-05 9.97982E-05 9.97982E-05 9.97982E-05 0.0141857 9.97982E-05 9.97982E-05 9.97982E-05 9.97982E-05 9.97982E-05 0.100459 9.97982E-05 9.97982E-05 9.97982E-05 9.97982E-05 9.97982E-05 9.97982E-05 9.97982E-05
0.793861 9.98068E-05 9.98068E-05 9.98068E-05 9.98068E-05 9.98068E-05 9.98068E-05 9.98068E-05 9.98068E-05 9.98068E-05 9.98068E-05 9.98068E-05 9.98068E-05 0.0119519 9.98068E-05 9.98068E-05 9.98068E-05 0.0233528 9.98068E-05 0.118518 9.98068E-05 9.98068E-05 9.98068E-05 9.98068E-05 9.98068E-05 0.0501209 9.98068E-05
0.947884 9.97893E-05 9.97893E-05 9.97893E-05 9.97893E-05 9.97893E-05 9.97893E-05 9.97893E-05 9.97893E-05 9.97893E-05 9.97893E-05 9.97893E-05 9.97893E-05 9.97893E-05 9.97893E-05 0.00749334 9.97893E-05 0.0422275 9.97893E-05 9.97893E-05 9.97893E-05 9.97893E-05 9.97893E-05 9.97893E-05 9.97893E-05 9.97893E-05 9.97893E-05
0.514722 9.98247E-05 9.98247E-05 0.0265692 9.98247E-05 9.98247E-05 9.98247E-05 9.98247E-05 0.0513475 9.98247E-05 9.98247E-05 9.98247E-05 9.98247E-05 9.98247E-05 9.98247E-05 9.98247E-05 9.98247E-05 0.157393 9.98247E-05 0.151499 9.98247E-05 9.98247E-05 9.98247E-05 9.98247E-05 0.04849 0.0479829 9.98247E-05
0.812566 0.0478645 9.9807E-05 9.9807E-05 9.9807E-05 9.9807E-05 9.9807E-05 9.9807E-05 9.9807E-05 9.9807E-05 9.9807E-05 9.9807E-05 9.9807E-05 0.0477051 9.9807E-05 9.9807E-05 9.9807E-05 0.0275483 9.9807E-05 0.0621204 9.9807E-05 9.9807E-05 9.9807E-05 9.9807E-05 9.9807E-05 9.9807E-05 9.9807E-05
0.834074 9.97806E-05 9.97806E-05 9.97806E-05 9.97806E-05 9.97806E-05 9.97806E-05 9.97806E-05 9.97806E-05 9.97806E-05 9.97806E-05 9.97806E-05 9.97806E-05 9.97806E-05 9.97806E-05 9.97806E-05 9.97806E-05 0.163431 9.97806E-05 9.97806E-05 9.97806E-05 9.97806E-05 9.97806E-05 9.97806E-05 9.97806E-05 9.97806E-05 9.97806E-05
0.393411 9.98157E-05 9.98157E-05 0.216754 0.0299921 9.98157E-05 9.98157E-05 9.98157E-05 9.98157E-05 9.98157E-05 9.98157E-05 9.98157E-05 9.98157E-05 0.0129394 9.98157E-05 9.98157E-05 9.98157E-05 0.334258 9.98157E-05 0.0105493 9.98157E-05 9.98157E-05 9.98157E-05 9.98157E-05 9.98157E-05 9.98157E-05 9.98157E-05
0.45985 9.98069E-05 9.98069E-05 9.98069E-05 9.98069E-05 9.98069E-05 0.0354437 9.98069E-05 9.98069E-05 9.98069E-05 9.98069E-05 9.98069E-05 9.98069E-05 9.98069E-05 9.98069E-05 9.98069E-05 9.98069E-05 0.147956 9.98069E-05 0.313594 9.98069E-05 9.98069E-05 9.98069E-05 9.98069E-05 0.0409602 9.98069E-05 9.98069E-05
0.301299 9.98158E-05 9.98158E-05 0.175144 9.98158E-05 9.98158E-05 9.98158E-05 9.98158E-05 0.456213 9.98158E-05 9.98158E-05 9.98158E-05 9.98158E-05 0.00538324 9.98158E-05 9.98158E-05 9.98158E-05 0.0318216 9.98158E-05 0.0280435 9.98158E-05 9.98158E-05 9.98158E-05 9.98158E-05 9.98158E-05 9.98158E-05 9.98158E-05
0.74108 9.98159E-05 9.98159E-05 0.192802 9.98159E-05 9.98159E-05 9.98159E-05 9.98159E-05 0.011482 9.98159E-05 9.98159E-05 9.98159E-05 9.98159E-05 0.0112964 9.98159E-05 9.98159E-05 0.0307211 9.98159E-05 9.98159E-05 0.0105225 9.98159E-05 9.98159E-05 9.98159E-05 9.98159E-05 9.98159E-05 9.98159E-05 9.98159E-05
0.802446 9.97897E-05 9.97897E-05 9.97897E-05 9.97897E-05 9.97897E-05 9.97897E-05 9.97897E-05 0.109006 9.97897E-05 9.97897E-05 9.97897E-05 9.97897E-05 9.97897E-05 9.97897E-05 9.97897E-05 9.97897E-05 0.086153 9.97897E-05 9.97897E-05 9.97897E-05 9.97897E-05 9.97897E-05 9.97897E-05 9.97897E-05 9.97897E-05 9.97897E-05
0.443191 9.98072E-05 9.98072E-05 9.98072E-05 9.98072E-05 9.98072E-05 9.98072E-05 9.98072E-05 0.190536 9.98072E-05 9.98072E-05 9.98072E-05 9.98072E-05 9.98072E-05 9.98072E-05 9.98072E-05 9.98072E-05 0.104972 9.98072E-05 0.252578 9.98072E-05 0.00652706 9.98072E-05 9.98072E-05 9.98072E-05 9.98072E-05 9.98072E-05
0.643754 9.98247E-05 9.98247E-05 9.98247E-05 9.98247E-05 9.98247E-05 0.0448753 0.0184797 0.0781208 9.98247E-05 9.98247E-05 9.98247E-05 9.98247E-05 9.98247E-05 9.98247E-05 9.98247E-05 9.98247E-05 0.07004 9.98247E-05 9.98247E-05 0.0576902 9.98247E-05 9.98247E-05 9.98247E-05 9.98247E-05 0.0850435 9.98247E-05
0.629806 9.98246E-05 9.98246E-05 0.0930468 9.98246E-05 9.98246E-05 9.98246E-05 9.98246E-05 9.98246E-05 9.98246E-05 9.98246E-05 9.98246E-05 9.98246E-05 0.00240657 9.98246E-05 0.00979724 0.0816834 9.98246E-05 9.98246E-05 0.115579 9.98246E-05 9.98246E-05 9.98246E-05 9.98246E-05 0.0656843 9.98246E-05 9.98246E-05
0.587037 9.98157E-05 9.98157E-05 0.208355 9.98157E-05 9.98157E-05 9.98157E-05 0.0712412 0.0261348 9.98157E-05 9.98157E-05 9.98157E-05 9.98157E-05 9.98157E-05 9.98157E-05 9.98157E-05 9.98157E-05 9.98157E-05 9.98157E-05 0.0921763 9.98157E-05 9.98157E-05 9.98157E-05 9.98157E-05 9.98157E-05 0.0129594 9.98157E-05
0.701307 0.0577728 9.98161E-05 9.98161E-05 9.98161E-05 9.98161E-05 9.98161E-05 9.98161E-05 9.98161E-05 9.98161E-05 9.98161E-05 9.98161E-05 9.98161E-05 9.98161E-05 9.98161E-05 0.0297716 9.98161E-05 0.0907919 0.0629879 9.98161E-05 9.98161E-05 9.98161E-05 9.98161E-05 9.98161E-05 0.0552731 9.98161E-05 9.98161E-05
0.876987 9.98072E-05 9.98072E-05 9.98072E-05 9.98072E-05 9.98072E-05 9.98072E-05 9.98072E-05 0.0536354 9.98072E-05 9.98072E-05 9.98072E-05 9.98072E-05 0.0473258 9.98072E-05 0.00085792 9.98072E-05 0.0189978 9.98072E-05 9.98072E-05 9.98072E-05 9.98072E-05 9.98072E-05 9.98072E-05 9.98072E-05 9.98072E-05 9.98072E-05
0.34356 9.98334E-05 9.98334E-05 9.98334E-05 9.98334E-05 9.98334E-05 9.98334E-05 0.0431324 9.98334E-05 9.98334E-05 9.98334E-05 9.98334E-05 9.98334E-05 0.00320075 9.98334E-05 9.98334E-05 0.412737 0.0634607 9.98334E-05 0.067896 9.98334E-05 9.98334E-05 0.045733 9.98334E-05 0.0183838 9.98334E-05 9.98334E-05
0.675961 9.98333E-05 9.98333E-05 0.0802204 9.98333E-05 9.98333E-05 9.98333E-05 9.98333E-05 0.0965427 9.98333E-05 9.98333E-05 9.98333E-05 9.98333E-05 9.98333E-05 9.98333E-05 0.0142984 9.98333E-05 0.0316403 9.98333E-05 0.0640462 0.00322492 9.98333E-05 9.98333E-05 9.98333E-05 0.032169 9.98333E-05 9.98333E-05
0.825934 9.97983E-05 9.97983E-05 9.97983E-05 0.0327927 9.97983E-05 9.97983E-05 9.97983E-05 9.97983E-05 9.97983E-05 9.97983E-05 9.97983E-05 9.97983E-05 9.97983E-05 9.97983E-05 9.97983E-05 9.97983E-05 0.0614484 9.97983E-05 0.0775292 9.97983E-05 9.97983E-05 9.97983E-05 9.97983E-05 9.97983E-05 9.97983E-05 9.97983E-05
0.615241 9.97983E-05 9.97983E-05 9.97983E-05 9.97983E-05 9.97983E-05 9.97983E-05 9.97983E-05 9.97983E-05 9.97983E-05 9.97983E-05 9.97983E-05 0.0552353 9.97983E-05 9.97983E-05 9.97983E-05 9.97983E-05 0.148222 9.97983E-05 0.179007 9.97983E-05 9.97983E-05 9.97983E-05 9.97983E-05 9.97983E-05 9.97983E-05 9.97983E-05
0.631086 9.98158E-05 9.98158E-05 9.98158E-05 9.98158E-05 9.98158E-05 0.0101102 9.98158E-05 0.191689 9.98158E-05 9.98158E-05 9.98158E-05 9.98158E-05 9.98158E-05 9.98158E-05 0.0100522 0.0112247 0.143742 9.98158E-05 9.98158E-05 9.98158E-05 9.98158E-05 9.98158E-05 9.98158E-05 9.98158E-05 9.98158E-05 9.98158E-05
0.379692 9.98246E-05 9.98246E-05 0.0620631 9.98246E-05 9.98246E-05 9.98246E-05 9.98246E-05 9.98246E-05 9.98246E-05 9.98246E-05 9.98246E-05 0.047681 9.98246E-05 9.98246E-05 0.0775021 9.98246E-05 0.255201 9.98246E-05 0.165063 0.0108011 9.98246E-05 9.98246E-05 9.98246E-05 9.98246E-05 9.98246E-05 9.98246E-05
0.274541 9.98247E-05 9.98247E-05 0.00372765 9.98247E-05 9.98247E-05 9.98247E-05 9.98247E-05 0.303966 9.98247E-05 9.98247E-05 9.98247E-05 9.98247E-05 9.98247E-05 0.124771 9.98247E-05 9.98247E-05 0.122016 9.98247E-05 0.154303 9.98247E-05 9.98247E-05 9.98247E-05 0.0146779 9.98247E-05 9.98247E-05 9.98247E-05
0.0742525 9.98071E-05 9.98071E-05 9.98071E-05 9.98071E-05 9.98071E-05 9.98071E-05 9.98071E-05 9.98071E-05 9.98071E-05 9.98071E-05 9.98071E-05 9.98071E-05 9.98071E-05 9.98071E-05 0.0890434 0.778632 9.98071E-05 9.98071E-05 9.98071E-05 9.98071E-05 0.0518246 9.98071E-05 9.98071E-05 9.98071E-05 9.98071E-05 0.00405185
0.811179 9.98066E-05 9.98066E-05 9.98066E-05 9.98066E-05 9.98066E-05 9.98066E-05 9.98066E-05 9.98066E-05 9.98066E-05 0.0134917 9.98066E-05 9.98066E-05 9.98066E-05 9.98066E-05 9.98066E-05 9.98066E-05 0.0544992 9.98066E-05 0.0987882 0.0198465 9.98066E-05 9.98066E-05 9.98066E-05 9.98066E-05 9.98066E-05 9.98066E-05
0.568508 9.97985E-05 9.97985E-05 9.97985E-05 9.97985E-05 9.97985E-05 9.97985E-05 9.97985E-05 9.97985E-05 9.97985E-05 9.97985E-05 9.97985E-05 9.97985E-05 9.97985E-05 9.97985E-05 9.97985E-05 0.0277159 0.198497 9.97985E-05 0.202984 9.97985E-05 9.97985E-05 9.97985E-05 9.97985E-05 9.97985E-05 9.97985E-05 9.97985E-05
0.759962 9.98072E-05 9.98072E-05 9.98072E-05 9.98072E-05 9.98072E-05 9.98072E-05 9.98072E-05 0.00104854 9.98072E-05 9.98072E-05 9.98072E-05 9.98072E-05 9.98072E-05 9.98072E-05 0.151058 0.0267006 9.98072E-05 9.98072E-05 0.059036 9.98072E-05 9.98072E-05 9.98072E-05 9.98072E-05 9.98072E-05 9.98072E-05 9.98072E-05
0.61629 9.9816E-05 9.9816E-05 9.9816E-05 9.9816E-05 9.9816E-05 9.9816E-05 9.9816E-05 0.030461 9.9816E-05 9.9816E-05 9.9816E-05 9.9816E-05 0.0460851 9.9816E-05 9.9816E-05 9.9816E-05 0.0833977 9.9816E-05 0.163613 9.9816E-05 9.9816E-05 9.9816E-05 0.0580574 9.9816E-05 9.9816E-05 9.9816E-05
0.907861 9.98071E-05 9.98071E-05 9.98071E-05 9.98071E-05 9.98071E-05 9.98071E-05 0.0313686 0.0022269 9.98071E-05 9.98071E-05 9.98071E-05 9.98071E-05 0.00647613 9.98071E-05 9.98071E-05 9.98071E-05 9.98071E-05 9.98071E-05 9.98071E-05 9.98071E-05 9.98071E-05 9.98071E-05 0.0498712 9.98071E-05 9.98071E-05 9.98071E-05
0.394769 9.98068E-05 9.98068E-05 9.98068E-05 9.98068E-05 9.98068E-05 9.98068E-05 0.060566 9.98068E-05 9.98068E-05 9.98068E-05 9.98068E-05 9.98068E-05 9.98068E-05 9.98068E-05 0.177443 9.98068E-05 0.234867 9.98068E-05 0.130159 9.98068E-05 9.98068E-05 9.98068E-05 9.98068E-05 9.98068E-05 9.98068E-05 9.98068E-05
0.870725 0.119157 9.97893E-05 9.97893E-05 9.97893E-05 9.97893E-05 9.97893E-05 0.00772302 9.97893E-05 9.97893E-05 9.97893E-05 9.97893E-05 9.97893E-05 9.97893E-05 9.97893E-05 9.97893E-05 9.97893E-05 9.97893E-05 9.97893E-05 9.97893E-05 9.97893E-05 9.97893E-05 9.97893E-05 9.97893E-05 9.97893E-05 9.97893E-05 9.97893E-05
0.917316 9.98071E-05 9.98071E-05 9.98071E-05 9.98071E-05 9.98071E-05 9.98071E-05 9.98071E-05 0.0374849 9.98071E-05 9.98071E-05 9.98071E-05 9.98071E-05 9.98071E-05 9.98071E-05 9.98071E-05 9.98071E-05 0.014946 9.98071E-05 0.0166389 9.98071E-05 9.98071E-05 9.98071E-05 9.98071E-05 0.011418 9.98071E-05 9.98071E-05
0.557375 0.00567072 9.98157E-05 9.98157E-05 9.98157E-05 9.98157E-05 9.98157E-05 9.98157E-05 0.296633 9.98157E-05 9.98157E-05 9.98157E-05 9.98157E-05 0.00630875 9.98157E-05 9.98157E-05 9.98157E-05 0.0499594 9.98157E-05 9.98157E-05 9.98157E-05 9.98157E-05 9.98157E-05 9.98157E-05 0.0819575 9.98157E-05 9.98157E-05
0.710087 9.9798E-05 9.9798E-05 9.9798E-05 0.0502069 9.9798E-05 9.9798E-05 9.9798E-05 9.9798E-05 9.9798E-05 9.9798E-05 9.9798E-05 9.9798E-05 9.9798E-05 9.9798E-05 9.9798E-05 9.9798E-05 0.0774136 9.9798E-05 0.159997 9.9798E-05 9.9798E-05 9.9798E-05 9.9798E-05 9.9798E-05 9.9798E-05 9.9798E-05
0.176172 9.97982E-05 9.97982E-05 9.97982E-05 9.97982E-05 9.97982E-05 9.97982E-05 9.97982E-05 0.752377 9.97982E-05 9.97982E-05 9.97982E-05 9.97982E-05 9.97982E-05 9.97982E-05 9.97982E-05 9.97982E-05 0.0676485 9.97982E-05 9.97982E-05 9.97982E-05 9.97982E-05 9.97982E-05 9.97982E-05 0.00150711 9.97982E-05 9.97982E-05
0.656374 9.98072E-05 9.98072E-05 9.98072E-05 9.98072E-05 9.98072E-05 9.98072E-05 9.98072E-05 0.0507037 9.98072E-05 9.98072E-05 9.98072E-05 9.98072E-05 9.98072E-05 9.98072E-05 9.98072E-05 0.219101 0.00368421 9.98072E-05 0.0679414 9.98072E-05 9.98072E-05 9.98072E-05 9.98072E-05 9.98072E-05 9.98072E-05 9.98072E-05
0.484049 9.97986E-05 9.97986E-05 9.97986E-05 9.97986E-05 9.97986E-05 9.97986E-05 9.97986E-05 0.395015 9.97986E-05 9.97986E-05 9.97986E-05 9.97986E-05 9.97986E-05 9.97986E-05 0.077466 9.97986E-05 9.97986E-05 9.97986E-05 9.97986E-05 9.97986E-05 9.97986E-05 9.97986E-05 9.97986E-05 0.0411746 9.97986E-05 9.97986E-05
