0.250715 9.9842E-05 9.9842E-05 0.0331973 0.395738 0.147981 9.9842E-05 9.9842E-05 9.9842E-05 9.9842E-05 9.9842E-05 0.00345984 9.9842E-05 9.9842E-05 9.9842E-05 9.9842E-05 0.0279168 0.0710193 9.9842E-05 0.0511791 9.9842E-05 9.9842E-05 9.9842E-05 9.9842E-05 9.9842E-05 0.0169977 9.9842E-05
0.0996974 0.255015 9.98246E-05 9.98246E-05 0.493281 9.98246E-05 9.98246E-05 9.98246E-05 9.98246E-05 9.98246E-05 9.98246E-05 0.0452757 0.065461 9.98246E-05 9.98246E-05 9.98246E-05 9.98246E-05 9.98246E-05 9.98246E-05 0.0217334 9.98246E-05 9.98246E-05 0.0175399 9.98246E-05 9.98246E-05 9.98246E-05 9.98246E-05
9.97806E-05 0.951456 9.97806E-05 9.97806E-05 9.97806E-05 9.97806E-05 9.97806E-05 9.97806E-05 9.97806E-05 9.97806E-05 9.97806E-05 9.97806E-05 9.97806E-05 9.97806E-05 0.0460495 9.97806E-05 9.97806E-05 9.97806E-05 9.97806E-05 9.97806E-05 9.97806E-05 9.97806E-05 9.97806E-05 9.97806E-05 9.97806E-05 9.97806E-05 9.97806E-05
9.98597E-05 9.98597E-05 0.0101659 9.98597E-05 0.281819 0.118909 9.98597E-05 9.98597E-05 9.98597E-05 0.0838165 0.0195471 0.00665783 9.98597E-05 9.98597E-05 9.98597E-05 9.98597E-05 9.98597E-05 0.0331445 9.98597E-05 0.0535027 9.98597E-05 0.0790979 0.0235805 9.98597E-05 9.98597E-05 0.288161 9.98597E-05
9.97983E-05 9.97983E-05 9.97983E-05 9.97983E-05 0.864828 9.97983E-05 9.97983E-05 9.97983E-05 9.97983E-05 9.97983E-05 0.0221399 9.97983E-05 9.97983E-05 9.97983E-05 9.97983E-05 9.97983E-05 9.97983E-05 9.97983E-05 9.97983E-05 9.97983E-05 9.97983E-05 0.0569805 9.97983E-05 9.97983E-05 0.0537566 9.97983E-05 9.97983E-05
0.19587 0.266331 0.129206 0.035757 0.0534028 9.98422E-05 9.98422E-05 9.98422E-05 9.98422E-05 9.98422E-05 0.157079 0.0149494 9.98422E-05 9.98422E-05 9.98422E-05 9.98422E-05 9.98422E-05 9.98422E-05 9.98422E-05 9.98422E-05 9.98422E-05 0.105659 9.98422E-05 9.98422E-05 0.0399491 9.98422E-05 9.98422E-05
0.10062 9.98598E-05 9.98598E-05 0.128085 0.227953 0.0845554 9.98598E-05 0.105105 9.98598E-05 0.00375448 0.041644 9.98598E-05 9.98598E-05 9.98598E-05 9.98598E-05 9.98598E-05 0.028855 9.98598E-05 0.0877067 0.130242 9.98598E-05 9.98598E-05 9.98598E-05 9.98598E-05 9.98598E-05 0.0598812 9.98598E-05
0.0747774 0.291892 0.134663 0.0678424 9.98684E-05 0.0884367 9.98684E-05 9.98684E-05 0.0277672 0.0674953 0.0885181 9.98684E-05 9.98684E-05 9.98684E-05 9.98684E-05 0.0751563 9.98684E-05 9.98684E-05 9.98684E-05 9.98684E-05 9.98684E-05 9.98684E-05 9.98684E-05 9.98684E-05 0.0599687 0.0160709 0.00591388
9.98422E-05 0.0883454 0.216097 0.0104493 0.198001 0.0215949 9.98422E-05 9.98422E-05 9.98422E-05 9.98422E-05 0.00935047 9.98422E-05 9.98422E-05 9.98422E-05 9.98422E-05 9.98422E-05 0.210639 0.211185 9.98422E-05 9.98422E-05 9.98422E-05 0.0325404 9.98422E-05 9.98422E-05 9.98422E-05 9.98422E-05 9.98422E-05
9.97896E-05 9.97896E-05 9.97896E-05 9.97896E-05 0.879145 9.97896E-05 9.97896E-05 9.97896E-05 0.0186064 9.97896E-05 9.97896E-05 9.97896E-05 9.97896E-05 9.97896E-05 9.97896E-05 9.97896E-05 9.97896E-05 0.0998536 9.97896E-05 9.97896E-05 9.97896E-05 9.97896E-05 9.97896E-05 9.97896E-05 9.97896E-05 9.97896E-05 9.97896E-05
9.98245E-05 9.98245E-05 0.0465903 9.98245E-05 0.578555 0.0469457 9.98245E-05 9.98245E-05 9.98245E-05 9.98245E-05 9.98245E-05 9.98245E-05 9.98245E-05 9.98245E-05 0.0323223 9.98245E-05 9.98245E-05 0.155393 9.98245E-05 0.101764 9.98245E-05 9.98245E-05 9.98245E-05 9.98245E-05 9.98245E-05 0.0364336 9.98245E-05
0.00437617 0.80045 0.0203933 9.98072E-05 0.115234 9.98072E-05 9.98072E-05 9.98072E-05 9.98072E-05 0.0573513 9.98072E-05 9.98072E-05 9.98072E-05 9.98072E-05 9.98072E-05 9.98072E-05 9.98072E-05 9.98072E-05 9.98072E-05 9.98072E-05 9.98072E-05 9.98072E-05 9.98072E-05 9.98072E-05 9.98072E-05 9.98072E-05 9.98072E-05
9.97895E-05 9.97895E-05 9.97895E-05 9.97895E-05 0.904875 0.0203896 9.97895E-05 9.97895E-05 9.97895E-05 9.97895E-05 9.97895E-05 9.97895E-05 9.97895E-05 9.97895E-05 9.97895E-05 9.97895E-05 9.97895E-05 0.0723403 9.97895E-05 9.97895E-05 9.97895E-05 9.97895E-05 9.97895E-05 9.97895E-05 9.97895E-05 9.97895E-05 9.97895E-05
9.98246E-05 0.837902 9.98246E-05 9.98246E-05 9.98246E-05 9.98246E-05 0.0383489 9.98246E-05 9.98246E-05 9.98246E-05 9.98246E-05 0.00960669 9.98246E-05 0.0715873 9.98246E-05 9.98246E-05 9.98246E-05 0.0211928 9.98246E-05 0.00274752 9.98246E-05 9.98246E-05 9.98246E-05 9.98246E-05 0.0166177 9.98246E-05 9.98246E-05
0.165988 9.98245E-05 0.108192 9.98245E-05 0.296317 9.98245E-05 0.0873215 9.98245E-05 9.98245E-05 9.98245E-05 9.98245E-05 9.98245E-05 9.98245E-05 9.98245E-05 9.98245E-05 9.98245E-05 9.98245E-05 0.11602 9.98245E-05 9.98245E-05 9.98245E-05 0.176615 9.98245E-05 0.0475505 9.98245E-05 9.98245E-05 9.98245E-05
0.210251 0.198467 0.163778 9.98332E-05 9.98332E-05 0.112626 9.98332E-05 9.98332E-05 9.98332E-05 9.98332E-05 9.98332E-05 9.98332E-05 9.98332E-05 9.98332E-05 9.98332E-05 0.134943 9.98332E-05 0.0571793 9.98332E-05 9.98332E-05 9.98332E-05 0.0379041 9.98332E-05 9.98332E-05 9.98332E-05 0.0829543 9.98332E-05
9.98334E-05 0.615419 9.98334E-05 9.98334E-05 0.0397506 0.00216248 9.98334E-05 9.98334E-05 9.98334E-05 9.98334E-05 9.98334E-05 0.106638 9.98334E-05 9.98334E-05 9.98334E-05 9.98334E-05 9.98334E-05 0.0209318 0.0814766 0.00939364 0.122332 9.98334E-05 9.98334E-05 9.98334E-05 9.98334E-05 9.98334E-05 9.98334E-05
0.319425 0.0283446 0.00553782 9.98422E-05 0.102755 0.187902 9.98422E-05 9.98422E-05 0.144652 9.98422E-05 9.98422E-05 9.98422E-05 9.98422E-05 9.98422E-05 9.98422E-05 0.00812539 9.98422E-05 0.0980036 9.98422E-05 9.98422E-05 9.98422E-05 9.98422E-05 0.103458 9.98422E-05 9.98422E-05 9.98422E-05 9.98422E-05
0.0146003 9.98245E-05 0.1249 9.98245E-05 0.290368 0.200701 9.98245E-05 9.98245E-05 9.98245E-05 9.98245E-05 0.154471 9.98245E-05 9.98245E-05 9.98245E-05 9.98245E-05 9.98245E-05 9.98245E-05 0.183494 9.98245E-05 9.98245E-05 9.98245E-05 9.98245E-05 9.98245E-05 0.0294694 9.98245E-05 9.98245E-05 9.98245E-05
9.97809E-05 9.97809E-05 9.97809E-05 9.97809E-05 0.993931 9.97809E-05 9.97809E-05 9.97809E-05 9.97809E-05 9.97809E-05 9.97809E-05 9.97809E-05 9.97809E-05 9.97809E-05 9.97809E-05 9.97809E-05 9.97809E-05 9.97809E-05 9.97809E-05 9.97809E-05 9.97809E-05 9.97809E-05 0.00357448 9.97809E-05 9.97809E-05 9.97809E-05 9.97809E-05
9.98159E-05 0.531531 0.0904787 9.98159E-05 9.98159E-05 9.98159E-05 9.98159E-05 9.98159E-05 9.98159E-05 0.224122 9.98159E-05 9.98159E-05 9.98159E-05 9.98159E-05 9.98159E-05 9.98159E-05 9.98159E-05 9.98159E-05 9.98159E-05 0.0284446 9.98159E-05 9.98159E-05 9.98159E-05 9.98159E-05 9.98159E-05 0.0816628 0.0416644
9.98334E-05 9.98334E-05 0.12671 0.0409419 0.300457 0.267481 9.98334E-05 9.98334E-05 9.98334E-05 0.00456349 0.131941 9.98334E-05 0.0635624 9.98334E-05 9.98334E-05 9.98334E-05 9.98334E-05 9.98334E-05 9.98334E-05 9.98334E-05 9.98334E-05 9.98334E-05 9.98334E-05 9.98334E-05 0.0624455 9.98334E-05 9.98334E-05
0.0809301 0.673509 9.98247E-05 0.0371136 9.98247E-05 9.98247E-05 9.98247E-05 9.98247E-05 0.0189585 9.98247E-05 9.98247E-05 9.98247E-05 9.98247E-05 9.98247E-05 9.98247E-05 9.98247E-05 9.98247E-05 0.063108 9.98247E-05 0.119905 9.98247E-05 9.98247E-05 9.98247E-05 9.98247E-05 9.98247E-05 0.00447862 9.98247E-05
0.0709665 0.191571 9.98245E-05 9.98245E-05 0.189704 0.308805 9.98245E-05 9.98245E-05 9.98245E-05 9.98245E-05 9.98245E-05 9.98245E-05 9.98245E-05 9.98245E-05 9.98245E-05 0.0011614 0.0619028 0.173893 9.98245E-05 9.98245E-05 9.98245E-05 9.98245E-05 9.98245E-05 9.98245E-05 9.98245E-05 9.98245E-05 9.98245E-05
9.98508E-05 0.229963 9.98508E-05 9.98508E-05 0.0409435 0.1023 0.0199886 9.98508E-05 9.98508E-05 9.98508E-05 9.98508E-05 9.98508E-05 9.98508E-05 9.98508E-05 0.196138 9.98508E-05 9.98508E-05 0.192623 9.98508E-05 0.000120003 9.98508E-05 9.98508E-05 0.0449662 0.0868798 9.98508E-05 0.0843806 9.98508E-05
0.0480329 0.305841 9.98245E-05 9.98245E-05 0.33297 0.0777931 9.98245E-05 9.98245E-05 9.98245E-05 9.98245E-05 9.98245E-05 9.98245E-05 0.0110262 9.98245E-05 9.98245E-05 9.98245E-05 9.98245E-05 0.0792954 9.98245E-05 9.98245E-05 9.98245E-05 9.98245E-05 9.98245E-05 9.98245E-05 9.98245E-05 0.143045 9.98245E-05
9.98421E-05 9.98421E-05 9.98421E-05 9.98421E-05 0.0133688 0.156126 9.98421E-05 9.98421E-05 0.105725 9.98421E-05 9.98421E-05 9.98421E-05 0.232324 9.98421E-05 0.286418 9.98421E-05 9.98421E-05 0.0150177 0.0657519 9.98421E-05 9.98421E-05 9.98421E-05 0.0441679 9.98421E-05 9.98421E-05 9.98421E-05 0.0793043
9.98247E-05 9.98247E-05 9.98247E-05 0.0130425 0.739942 0.00994869 9.98247E-05 9.98247E-05 9.98247E-05 9.98247E-05 0.0441985 9.98247E-05 9.98247E-05 9.98247E-05 0.106414 9.98247E-05 9.98247E-05 0.00714043 9.98247E-05 9.98247E-05 9.98247E-05 9.98247E-05 9.98247E-05 9.98247E-05 9.98247E-05 0.0773169 9.98247E-05
0.0063569 0.155679 9.98334E-05 9.98334E-05 0.426258 9.98334E-05 9.98334E-05 9.98334E-05 9.98334E-05 9.98334E-05 9.98334E-05 9.98334E-05 0.0886262 9.98334E-05 0.136631 9.98334E-05 0.0137918 0.162164 9.98334E-05 9.98334E-05 9.98334E-05 9.98334E-05 9.98334E-05 9.98334E-05 9.98334E-05 0.00859715 9.98334E-05
9.9807E-05 0.835223 0.000934443 0.024663 9.9807E-05 9.9807E-05 9.9807E-05 9.9807E-05 9.9807E-05 9.9807E-05 9.9807E-05 9.9807E-05 9.9807E-05 9.9807E-05 9.9807E-05 9.9807E-05 9.9807E-05 0.00659719 9.9807E-05 9.9807E-05 0.130387 9.9807E-05 9.9807E-05 9.9807E-05 9.9807E-05 9.9807E-05 9.9807E-05
0.00719742 9.98157E-05 0.0138041 9.98157E-05 0.780335 9.98157E-05 9.98157E-05 9.98157E-05 9.98157E-05 9.98157E-05 9.98157E-05 9.98157E-05 9.98157E-05 9.98157E-05 9.98157E-05 9.98157E-05 9.98157E-05 0.0308275 9.98157E-05 0.10568 9.98157E-05 9.98157E-05 9.98157E-05 0.0600597 9.98157E-05 9.98157E-05 9.98157E-05
9.98335E-05 9.98335E-05 0.0264445 9.98335E-05 0.551208 9.98335E-05 9.98335E-05 9.98335E-05 9.98335E-05 0.0804181 0.0618219 9.98335E-05 0.112127 9.98335E-05 9.98335E-05 9.98335E-05 9.98335E-05 0.130973 9.98335E-05 0.0110873 9.98335E-05 0.0240231 9.98335E-05 9.98335E-05 9.98335E-05 9.98335E-05 9.98335E-05
0.0756468 0.386715 9.98421E-05 9.98421E-05 0.150004 0.138546 9.98421E-05 9.98421E-05 9.98421E-05 9.98421E-05 9.98421E-05 9.98421E-05 9.98421E-05 9.98421E-05 0.0575968 9.98421E-05 9.98421E-05 0.064104 9.98421E-05 0.0517512 9.98421E-05 9.98421E-05 9.98421E-05 9.98421E-05 9.98421E-05 0.0307656 0.0430731
9.98508E-05 0.582405 9.98508E-05 9.98508E-05 9.98508E-05 0.100172 9.98508E-05 9.98508E-05 0.0383353 9.98508E-05 9.98508E-05 9.98508E-05 9.98508E-05 9.98508E-05 0.1145 9.98508E-05 0.0191522 0.0660278 0.0180711 0.0126673 9.98508E-05 9.98508E-05 9.98508E-05 9.98508E-05 9.98508E-05 0.0236956 0.0232772
9.98247E-05 0.0170132 9.98247E-05 9.98247E-05 0.853355 9.98247E-05 9.98247E-05 9.98247E-05 0.00526089 9.98247E-05 9.98247E-05 0.0772571 0.0149634 9.98247E-05 9.98247E-05 9.98247E-05 9.98247E-05 0.0132903 9.98247E-05 9.98247E-05 9.98247E-05 9.98247E-05 9.98247E-05 0.0168639 9.98247E-05 9.98247E-05 9.98247E-05
9.98158E-05 9.98158E-05 9.98158E-05 9.98158E-05 0.642241 0.0194458 9.98158E-05 9.98158E-05 9.98158E-05 9.98158E-05 9.98158E-05 9.98158E-05 0.0490933 9.98158E-05 9.98158E-05 9.98158E-05 9.98158E-05 0.0317477 9.98158E-05 0.0577865 9.98158E-05 9.98158E-05 9.98158E-05 9.98158E-05 9.98158E-05 0.19759 9.98158E-05
9.98073E-05 0.35883 9.98073E-05 0.0525279 0.507009 9.98073E-05 9.98073E-05 0.000431601 9.98073E-05 9.98073E-05 0.0790059 9.98073E-05 9.98073E-05 9.98073E-05 9.98073E-05 9.98073E-05 9.98073E-05 9.98073E-05 9.98073E-05 9.98073E-05 9.98073E-05 9.98073E-05 9.98073E-05 9.98073E-05 9.98073E-05 9.98073E-05 9.98073E-05
9.97896E-05 0.771975 0.0893168 9.97896E-05 9.97896E-05 9.97896E-05 9.97896E-05 9.97896E-05 9.97896E-05 9.97896E-05 9.97896E-05 0.136313 9.97896E-05 9.97896E-05 9.97896E-05 9.97896E-05 9.97896E-05 9.97896E-05 9.97896E-05 9.97896E-05 9.97896E-05 9.97896E-05 9.97896E-05 9.97896E-05 9.97896E-05 9.97896E-05 9.97896E-05
9.98247E-05 9.98247E-05 9.98247E-05 9.98247E-05 0.462717 9.98247E-05 9.98247E-05 9.98247E-05 9.98247E-05 0.0261598 9.98247E-05 0.0941041 9.98247E-05 9.98247E-05 9.98247E-05 9.98247E-05 9.98247E-05 0.0234565 9.98247E-05 0.0598975 0.174996 9.98247E-05 9.98247E-05 9.98247E-05 0.156672 9.98247E-05 9.98247E-05
9.98158E-05 0.650634 9.98158E-05 9.98158E-05 9.98158E-05 0.0220084 9.98158E-05 9.98158E-05 9.98158E-05 9.98158E-05 0.100946 9.98158E-05 9.98158E-05 9.98158E-05 0.00826011 9.98158E-05 9.98158E-05 0.125688 9.98158E-05 9.98158E-05 9.98158E-05 0.0903675 9.98158E-05 9.98158E-05 9.98158E-05 9.98158E-05 9.98158E-05
9.98246E-05 9.98246E-05 0.00689538 9.98246E-05 0.885098 0.0445879 9.98246E-05 9.98246E-05 9.98246E-05 9.98246E-05 0.00722386 9.98246E-05 0.0256019 9.98246E-05 9.98246E-05 9.98246E-05 9.98246E-05 0.0030353 9.98246E-05 0.0255614 9.98246E-05 9.98246E-05 9.98246E-05 9.98246E-05 9.98246E-05 9.98246E-05 9.98246E-05
9.97982E-05 9.97982E-05 9.97982E-05 0.140194 0.694711 0.126723 9.97982E-05 9.97982E-05 9.97982E-05 9.97982E-05 9.97982E-05 9.97982E-05 0.0360769 9.97982E-05 9.97982E-05 9.97982E-05 9.97982E-05 9.97982E-05 9.97982E-05 9.97982E-05 9.97982E-05 9.97982E-05 9.97982E-05 9.97982E-05 9.97982E-05 9.97982E-05 9.97982E-05
9.97895E-05 9.97895E-05 9.97895E-05 9.97895E-05 0.867569 9.97895E-05 9.97895E-05 9.97895E-05 9.97895E-05 9.97895E-05 9.97895E-05 9.97895E-05 0.0367145 9.97895E-05 9.97895E-05 9.97895E-05 9.97895E-05 9.97895E-05 9.97895E-05 9.97895E-05 0.0933211 9.97895E-05 9.97895E-05 9.97895E-05 9.97895E-05 9.97895E-05 9.97895E-05
0.152465 0.101947 0.0281171 0.0817653 0.239613 0.110113 9.98421E-05 9.98421E-05 9.98421E-05 9.98421E-05 9.98421E-05 9.98421E-05 9.98421E-05 9.98421E-05 9.98421E-05 9.98421E-05 0.109853 0.163707 9.98421E-05 0.0106225 9.98421E-05 9.98421E-05 9.98421E-05 9.98421E-05 9.98421E-05 9.98421E-05 9.98421E-05
9.98334E-05 0.31626 9.98334E-05 9.98334E-05 9.98334E-05 0.301756 9.98334E-05 9.98334E-05 9.98334E-05 9.98334E-05 0.0504078 9.98334E-05 9.98334E-05 9.98334E-05 9.98334E-05 9.98334E-05 0.00145367 0.140168 0.14777 9.98334E-05 9.98334E-05 9.98334E-05 0.018606 9.98334E-05 0.0216813 9.98334E-05 9.98334E-05
9.98332E-05 0.00418958 9.98332E-05 9.98332E-05 0.842093 9.98332E-05 9.98332E-05 9.98332E-05 9.98332E-05 0.012192 0.011576 9.98332E-05 9.98332E-05 9.98332E-05 9.98332E-05 9.98332E-05 9.98332E-05 0.047223 9.98332E-05 9.98332E-05 9.98332E-05 9.98332E-05 0.0539949 9.98332E-05 9.98332E-05 0.0259669 0.000868052
9.98159E-05 9.98159E-05 0.0451606 9.98159E-05 0.823449 9.98159E-05 9.98159E-05 9.98159E-05 0.00994674 9.98159E-05 9.98159E-05 0.0471392 9.98159E-05 9.98159E-05 9.98159E-05 9.98159E-05 9.98159E-05 0.0409964 9.98159E-05 9.98159E-05 9.98159E-05 9.98159E-05 9.98159E-05 9.98159E-05 9.98159E-05 0.031212 9.98159E-05
0.00670353 0.990549 9.97896E-05 9.97896E-05 9.97896E-05 9.97896E-05 9.97896E-05 9.97896E-05 9.97896E-05 9.97896E-05 9.97896E-05 9.97896E-05 9.97896E-05 9.97896E-05 9.97896E-05 0.000352424 9.97896E-05 9.97896E-05 9.97896E-05 9.97896E-05 9.97896E-05 9.97896E-05 9.97896E-05 9.97896E-05 9.97896E-05 9.97896E-05 9.97896E-05
9.98246E-05 0.0940452 9.98246E-05 9.98246E-05 0.608167 0.11891 9.98246E-05 9.98246E-05 9.98246E-05 9.98246E-05 0.0237084 9.98246E-05 9.98246E-05 9.98246E-05 9.98246E-05 9.98246E-05 9.98246E-05 0.119371 9.98246E-05 0.0286048 9.98246E-05 9.98246E-05 9.98246E-05 9.98246E-05 9.98246E-05 0.00519777 9.98246E-05
9.98249E-05 0.874646 0.0226741 9.98249E-05 9.98249E-05 0.0119534 0.0214574 0.0402206 9.98249E-05 9.98249E-05 0.0205629 9.98249E-05 9.98249E-05 9.98249E-05 9.98249E-05 9.98249E-05 9.98249E-05 9.98249E-05 9.98249E-05 0.00648889 9.98249E-05 9.98249E-05 9.98249E-05 9.98249E-05 9.98249E-05 9.98249E-05 9.98249E-05
9.98421E-05 0.121927 0.04685 9.98421E-05 0.116792 9.98421E-05 0.000588964 9.98421E-05 9.98421E-05 0.10477 9.98421E-05 9.98421E-05 0.219434 9.98421E-05 0.105626 9.98421E-05 9.98421E-05 0.138472 9.98421E-05 0.143743 9.98421E-05 9.98421E-05 9.98421E-05 9.98421E-05 9.98421E-05 9.98421E-05 9.98421E-05
9.98071E-05 0.557353 9.98071E-05 9.98071E-05 0.154599 0.132696 9.98071E-05 9.98071E-05 9.98071E-05 9.98071E-05 9.98071E-05 9.98071E-05 9.98071E-05 9.98071E-05 9.98071E-05 9.98071E-05 9.98071E-05 9.98071E-05 9.98071E-05 9.98071E-05 9.98071E-05 9.98071E-05 9.98071E-05 9.98071E-05 9.98071E-05 0.115859 0.0372982
9.97897E-05 9.97897E-05 9.97897E-05 9.97897E-05 0.953635 9.97897E-05 9.97897E-05 9.97897E-05 0.00851258 9.97897E-05 9.97897E-05 9.97897E-05 9.97897E-05 9.97897E-05 0.0354577 9.97897E-05 9.97897E-05 9.97897E-05 9.97897E-05 9.97897E-05 9.97897E-05 9.97897E-05 9.97897E-05 9.97897E-05 9.97897E-05 9.97897E-05 9.97897E-05
9.98246E-05 0.838288 9.98246E-05 9.98246E-05 9.98246E-05 9.98246E-05 0.0357569 0.0193547 9.98246E-05 9.98246E-05 9.98246E-05 9.98246E-05 9.98246E-05 9.98246E-05 9.98246E-05 0.042861 9.98246E-05 0.00332464 9.98246E-05 9.98246E-05 9.98246E-05 9.98246E-05 0.00617252 9.98246E-05 9.98246E-05 9.98246E-05 0.0522459
9.97987E-05 9.97987E-05 0.0272115 9.97987E-05 0.750847 9.97987E-05 9.97987E-05 9.97987E-05 9.97987E-05 9.97987E-05 9.97987E-05 9.97987E-05 9.97987E-05 9.97987E-05 9.97987E-05 9.97987E-05 9.97987E-05 0.120938 9.97987E-05 9.97987E-05 9.97987E-05 9.97987E-05 9.97987E-05 0.0987074 9.97987E-05 9.97987E-05 9.97987E-05
0.0142403 9.98336E-05 9.98336E-05 9.98336E-05 0.72724 9.98336E-05 9.98336E-05 9.98336E-05 9.98336E-05 9.98336E-05 0.0274558 9.98336E-05 9.98336E-05 9.98336E-05 9.98336E-05 0.0170805 9.98336E-05 9.98336E-05 9.98336E-05 0.0328018 9.98336E-05 0.147464 0.0259769 9.98336E-05 0.00584426 9.98336E-05 9.98336E-05
9.98246E-05 9.98246E-05 9.98246E-05 0.150455 0.677254 0.00934195 9.98246E-05 9.98246E-05 0.0831303 9.98246E-05 0.0494499 9.98246E-05 9.98246E-05 9.98246E-05 9.98246E-05 9.98246E-05 9.98246E-05 0.0181063 9.98246E-05 0.010266 9.98246E-05 9.98246E-05 9.98246E-05 9.98246E-05 9.98246E-05 9.98246E-05 9.98246E-05
9.97896E-05 0.863659 9.97896E-05 9.97896E-05 9.97896E-05 9.97896E-05 9.97896E-05 9.97896E-05 9.97896E-05 9.97896E-05 9.97896E-05 9.97896E-05 9.97896E-05 9.97896E-05 9.97896E-05 9.97896E-05 9.97896E-05 9.97896E-05 0.0841552 0.0497912 9.97896E-05 9.97896E-05 9.97896E-05 9.97896E-05 9.97896E-05 9.97896E-05 9.97896E-05
9.98334E-05 0.238388 9.98334E-05 9.98334E-05 0.66398 9.98334E-05 9.98334E-05 0.0338303 9.98334E-05 9.98334E-05 9.98334E-05 0.0131993 0.0147521 9.98334E-05 9.98334E-05 9.98334E-05 9.98334E-05 0.0180336 9.98334E-05 0.0137068 9.98334E-05 9.98334E-05 9.98334E-05 9.98334E-05 9.98334E-05 0.00221318 9.98334E-05
0.717539 9.98157E-05 0.0435076 9.98157E-05 9.98157E-05 9.98157E-05 9.98157E-05 9.98157E-05 9.98157E-05 9.98157E-05 9.98157E-05 0.0383016 9.98157E-05 9.98157E-05 0.0159224 9.98157E-05 9.98157E-05 0.153759 9.98157E-05 0.0288747 9.98157E-05 9.98157E-05 9.98157E-05 9.98157E-05 9.98157E-05 9.98157E-05 9.98157E-05
0.923672 9.97898E-05 9.97898E-05 9.97898E-05 9.97898E-05 9.97898E-05 9.97898E-05 9.97898E-05 9.97898E-05 9.97898E-05 9.97898E-05 9.97898E-05 9.97898E-05 9.97898E-05 9.97898E-05 0.00890903 9.97898E-05 9.97898E-05 9.97898E-05 9.97898E-05 9.97898E-05 9.97898E-05 9.97898E-05 9.97898E-05 9.97898E-05 0.0650245 9.97898E-05
0.963993 9.97808E-05 9.97808E-05 9.97808E-05 9.97808E-05 9.97808E-05 9.97808E-05 9.97808E-05 0.0335123 9.97808E-05 9.97808E-05 9.97808E-05 9.97808E-05 9.97808E-05 9.97808E-05 9.97808E-05 9.97808E-05 9.97808E-05 9.97808E-05 9.97808E-05 9.97808E-05 9.97808E-05 9.97808E-05 9.97808E-05 9.97808E-05 9.97808E-05 9.97808E-05
0.311875 9.98421E-05 0.136834 0.0135069 9.98421E-05 9.98421E-05 9.98421E-05 0.0222488 0.0162725 9.98421E-05 9.98421E-05 0.310871 9.98421E-05 9.98421E-05 0.132869 9.98421E-05 9.98421E-05 0.0504122 9.98421E-05 9.98421E-05 9.98421E-05 0.00331335 9.98421E-05 9.98421E-05 9.98421E-05 9.98421E-05 9.98421E-05
0.688426 9.9833E-05 0.076047 0.00742478 9.9833E-05 0.10787 9.9833E-05 9.9833E-05 0.0163753 9.9833E-05 0.0159953 9.9833E-05 9.9833E-05 9.9833E-05 9.9833E-05 9.9833E-05 9.9833E-05 0.00443336 9.9833E-05 9.9833E-05 9.9833E-05 9.9833E-05 0.0815311 9.9833E-05 9.9833E-05 9.9833E-05 9.9833E-05
0.631378 9.98068E-05 9.98068E-05 0.127458 9.98068E-05 0.0491102 9.98068E-05 9.98068E-05 9.98068E-05 9.98068E-05 9.98068E-05 9.98068E-05 9.98068E-05 9.98068E-05 0.0305253 9.98068E-05 9.98068E-05 0.159333 9.98068E-05 9.98068E-05 9.98068E-05 9.98068E-05 9.98068E-05 9.98068E-05 9.98068E-05 9.98068E-05 9.98068E-05
0.53218 9.98068E-05 9.98068E-05 0.287648 9.98068E-05 9.98068E-05 9.98068E-05 9.98068E-05 9.98068E-05 9.98068E-05 9.98068E-05 9.98068E-05 9.98068E-05 9.98068E-05 9.98068E-05 9.98068E-05 9.98068E-05 9.98068E-05 9.98068E-05 0.0187316 9.98068E-05 9.98068E-05 9.98068E-05 9.98068E-05 9.98068E-05 0.146579 0.0126654
0.540389 9.98331E-05 0.115176 0.102342 9.98331E-05 9.98331E-05 9.98331E-05 0.00557853 9.98331E-05 9.98331E-05 0.0494062 9.98331E-05 9.98331E-05 9.98331E-05 0.00100427 9.98331E-05 9.98331E-05 0.0758989 9.98331E-05 9.98331E-05 9.98331E-05 0.108308 9.98331E-05 9.98331E-05 9.98331E-05 9.98331E-05 9.98331E-05
0.997406 9.97721E-05 9.97721E-05 9.97721E-05 9.97721E-05 9.97721E-05 9.97721E-05 9.97721E-05 9.97721E-05 9.97721E-05 9.97721E-05 9.97721E-05 9.97721E-05 9.97721E-05 9.97721E-05 9.97721E-05 9.97721E-05 9.97721E-05 9.97721E-05 9.97721E-05 9.97721E-05 9.97721E-05 9.97721E-05 9.97721E-05 9.97721E-05 9.97721E-05 9.97721E-05
0.955095 9.97982E-05 9.97982E-05 9.97982E-05 9.97982E-05 9.97982E-05 9.97982E-05 9.97982E-05 9.97982E-05 9.97982E-05 0.00189002 9.97982E-05 9.97982E-05 9.97982E-05 9.97982E-05 9.97982E-05 9.97982E-05 9.97982E-05 9.97982E-05 0.0232417 9.97982E-05 9.97982E-05 9.97982E-05 9.97982E-05 9.97982E-05 0.0174784 9.97982E-05
0.519341 9.9798E-05 0.0280399 9.9798E-05 9.9798E-05 9.9798E-05 9.9798E-05 9.9798E-05 9.9798E-05 9.9798E-05 9.9798E-05 9.9798E-05 9.9798E-05 9.9798E-05 9.9798E-05 9.9798E-05 9.9798E-05 0.319595 9.9798E-05 0.13073 9.9798E-05 9.9798E-05 9.9798E-05 9.9798E-05 9.9798E-05 9.9798E-05 9.9798E-05
0.486594 9.98419E-05 9.98419E-05 0.12687 9.98419E-05 0.0912039 0.068391 9.98419E-05 0.0389138 9.98419E-05 0.0226601 9.98419E-05 9.98419E-05 9.98419E-05 9.98419E-05 9.98419E-05 9.98419E-05 0.0491537 9.98419E-05 0.0379563 9.98419E-05 9.98419E-05 9.98419E-05 9.98419E-05 9.98419E-05 9.98419E-05 0.0764598
0.516989 9.98243E-05 0.185715 9.98243E-05 9.98243E-05 0.0177613 9.98243E-05 9.98243E-05 9.98243E-05 0.0821858 9.98243E-05 9.98243E-05 9.98243E-05 9.98243E-05 9.98243E-05 9.98243E-05 0.0311251 9.98243E-05 9.98243E-05 0.0698345 9.98243E-05 9.98243E-05 9.98243E-05 9.98243E-05 9.98243E-05 9.98243E-05 0.0943925
0.455733 9.97981E-05 9.97981E-05 0.217607 9.97981E-05 0.135421 9.97981E-05 9.97981E-05 9.97981E-05 9.97981E-05 9.97981E-05 9.97981E-05 9.97981E-05 9.97981E-05 9.97981E-05 9.97981E-05 9.97981E-05 0.188944 9.97981E-05 9.97981E-05 9.97981E-05 9.97981E-05 9.97981E-05 9.97981E-05 9.97981E-05 9.97981E-05 9.97981E-05
0.89468 9.97987E-05 9.97987E-05 9.97987E-05 9.97987E-05 9.97987E-05 9.97987E-05 9.97987E-05 9.97987E-05 9.97987E-05 9.97987E-05 9.97987E-05 0.0678136 9.97987E-05 0.00912676 0.0260844 9.97987E-05 9.97987E-05 9.97987E-05 9.97987E-05 9.97987E-05 9.97987E-05 9.97987E-05 9.97987E-05 9.97987E-05 9.97987E-05 9.97987E-05
0.816763 9.97985E-05 0.0543276 9.97985E-05 9.97985E-05 9.97985E-05 9.97985E-05 9.97985E-05 9.97985E-05 9.97985E-05 9.97985E-05 0.00944335 9.97985E-05 9.97985E-05 9.97985E-05 9.97985E-05 9.97985E-05 9.97985E-05 9.97985E-05 9.97985E-05 9.97985E-05 9.97985E-05 9.97985E-05 9.97985E-05 9.97985E-05 0.117171 9.97985E-05
0.731386 9.98155E-05 9.98155E-05 9.98155E-05 9.98155E-05 9.98155E-05 9.98155E-05 0.0517933 0.0842826 9.98155E-05 0.0318672 9.98155E-05 9.98155E-05 9.98155E-05 0.072359 9.98155E-05 9.98155E-05 9.98155E-05 9.98155E-05 9.98155E-05 9.98155E-05 0.0262157 9.98155E-05 9.98155E-05 9.98155E-05 9.98155E-05 9.98155E-05
0.666702 9.98157E-05 0.0681829 9.98157E-05 9.98157E-05 0.0831466 9.98157E-05 9.98157E-05 9.98157E-05 9.98157E-05 0.0484595 9.98157E-05 9.98157E-05 9.98157E-05 9.98157E-05 9.98157E-05 9.98157E-05 9.98157E-05 9.98157E-05 0.104395 9.98157E-05 9.98157E-05 9.98157E-05 9.98157E-05 9.98157E-05 0.0270182 9.98157E-05
0.872073 9.98069E-05 9.98069E-05 9.98069E-05 9.98069E-05 9.98069E-05 9.98069E-05 9.98069E-05 0.0650036 9.98069E-05 0.00961327 9.98069E-05 9.98069E-05 9.98069E-05 9.98069E-05 9.98069E-05 9.98069E-05 0.0391136 9.98069E-05 0.012001 9.98069E-05 9.98069E-05 9.98069E-05 9.98069E-05 9.98069E-05 9.98069E-05 9.98069E-05
0.515706 9.97979E-05 9.97979E-05 9.97979E-05 9.97979E-05 9.97979E-05 9.97979E-05 9.97979E-05 9.97979E-05 9.97979E-05 9.97979E-05 9.97979E-05 0.189492 9.97979E-05 9.97979E-05 0.137358 9.97979E-05 0.155148 9.97979E-05 9.97979E-05 9.97979E-05 9.97979E-05 9.97979E-05 9.97979E-05 9.97979E-05 9.97979E-05 9.97979E-05
0.95751 9.97812E-05 9.97812E-05 9.97812E-05 9.97812E-05 9.97812E-05 9.97812E-05 9.97812E-05 9.97812E-05 9.97812E-05 9.97812E-05 9.97812E-05 9.97812E-05 0.0399953 9.97812E-05 9.97812E-05 9.97812E-05 9.97812E-05 9.97812E-05 9.97812E-05 9.97812E-05 9.97812E-05 9.97812E-05 9.97812E-05 9.97812E-05 9.97812E-05 9.97812E-05
0.563561 9.98067E-05 9.98067E-05 0.114417 9.98067E-05 0.267082 0.00224967 9.98067E-05 9.98067E-05 9.98067E-05 9.98067E-05 9.98067E-05 9.98067E-05 9.98067E-05 9.98067E-05 9.98067E-05 9.98067E-05 0.0504946 9.98067E-05 9.98067E-05 9.98067E-05 9.98067E-05 9.98067E-05 9.98067E-05 9.98067E-05 9.98067E-05 9.98067E-05
0.692198 9.98247E-05 9.98247E-05 9.98247E-05 9.98247E-05 0.0222265 0.0023078 9.98247E-05 9.98247E-05 9.98247E-05 9.98247E-05 0.0557419 9.98247E-05 9.98247E-05 0.175771 9.98247E-05 9.98247E-05 0.0209715 9.98247E-05 9.98247E-05 9.98247E-05 0.0287862 9.98247E-05 9.98247E-05 9.98247E-05 9.98247E-05 9.98247E-05
0.601782 9.98508E-05 0.0492328 9.98508E-05 9.98508E-05 9.98508E-05 9.98508E-05 0.0126693 0.0556435 0.0397206 0.155428 9.98508E-05 9.98508E-05 9.98508E-05 9.98508E-05 9.98508E-05 0.0143472 0.0304195 0.0080284 9.98508E-05 9.98508E-05 0.0310316 9.98508E-05 9.98508E-05 9.98508E-05 9.98508E-05 9.98508E-05
0.856001 9.98068E-05 9.98068E-05 9.98068E-05 9.98068E-05 9.98068E-05 0.0074799 9.98068E-05 9.98068E-05 9.98068E-05 0.00406039 9.98068E-05 9.98068E-05 9.98068E-05 9.98068E-05 9.98068E-05 9.98068E-05 0.0136445 9.98068E-05 0.116619 9.98068E-05 9.98068E-05 9.98068E-05 9.98068E-05 9.98068E-05 9.98068E-05 9.98068E-05
0.923747 9.97986E-05 0.0307494 9.97986E-05 9.97986E-05 9.97986E-05 9.97986E-05 9.97986E-05 9.97986E-05 9.97986E-05 9.97986E-05 0.0178786 0.0253297 9.97986E-05 9.97986E-05 9.97986E-05 9.97986E-05 9.97986E-05 9.97986E-05 9.97986E-05 9.97986E-05 9.97986E-05 9.97986E-05 9.97986E-05 9.97986E-05 9.97986E-05 9.97986E-05
0.997406 9.97724E-05 9.97724E-05 9.97724E-05 9.97724E-05 9.97724E-05 9.97724E-05 9.97724E-05 9.97724E-05 9.97724E-05 9.97724E-05 9.97724E-05 9.97724E-05 9.97724E-05 9.97724E-05 9.97724E-05 9.97724E-05 9.97724E-05 9.97724E-05 9.97724E-05 9.97724E-05 9.97724E-05 9.97724E-05 9.97724E-05 9.97724E-05 9.97724E-05 9.97724E-05
0.997406 9.97722E-05 9.97722E-05 9.97722E-05 9.97722E-05 9.97722E-05 9.97722E-05 9.97722E-05 9.97722E-05 9.97722E-05 9.97722E-05 9.97722E-05 9.97722E-05 9.97722E-05 9.97722E-05 9.97722E-05 9.97722E-05 9.97722E-05 9.97722E-05 9.97722E-05 9.97722E-05 9.97722E-05 9.97722E-05 9.97722E-05 9.97722E-05 9.97722E-05 9.97722E-05
0.775976 9.97984E-05 9.97984E-05 9.97984E-05 0.0182254 9.97984E-05 9.97984E-05 9.97984E-05 0.16651 9.97984E-05 9.97984E-05 9.97984E-05 9.97984E-05 9.97984E-05 9.97984E-05 9.97984E-05 9.97984E-05 0.0369929 9.97984E-05 9.97984E-05 9.97984E-05 9.97984E-05 9.97984E-05 9.97984E-05 9.97984E-05 9.97984E-05 9.97984E-05
0.48361 9.98073E-05 0.0355774 9.98073E-05 9.98073E-05 9.98073E-05 9.98073E-05 9.98073E-05 9.98073E-05 9.98073E-05 9.98073E-05 9.98073E-05 0.0921114 9.98073E-05 9.98073E-05 9.98073E-05 9.98073E-05 0.106413 9.98073E-05 9.98073E-05 0.280092 9.98073E-05 9.98073E-05 9.98073E-05 9.98073E-05 9.98073E-05 9.98073E-05
9.97983E-05 9.97983E-05 0.0693751 9.97983E-05 9.97983E-05 9.97983E-05 9.97983E-05 9.97983E-05 9.97983E-05 9.97983E-05 9.97983E-05 9.97983E-05 9.97983E-05 9.97983E-05 0.0491557 9.97983E-05 9.97983E-05 0.109373 9.97983E-05 9.97983E-05 9.97983E-05 0.769801 9.97983E-05 9.97983E-05 9.97983E-05 9.97983E-05 9.97983E-05
9.97895E-05 9.97895E-05 9.97895E-05 9.97895E-05 9.97895E-05 9.97895E-05 9.97895E-05 9.97895E-05 9.97895E-05 9.97895E-05 9.97895E-05 9.97895E-05 9.97895E-05 9.97895E-05 0.175061 9.97895E-05 9.97895E-05 9.97895E-05 9.97895E-05 9.97895E-05 0.668963 0.153581 9.97895E-05 9.97895E-05 9.97895E-05 9.97895E-05 9.97895E-05
9.98244E-05 9.98244E-05 9.98244E-05 9.98244E-05 9.98244E-05 9.98244E-05 9.98244E-05 9.98244E-05 0.0121819 9.98244E-05 9.98244E-05 9.98244E-05 9.98244E-05 9.98244E-05 0.685131 9.98244E-05 9.98244E-05 0.0228684 9.98244E-05 0.00543669 9.98244E-05 0.260176 9.98244E-05 0.00371182 0.00849767 9.98244E-05 9.98244E-05
9.98067E-05 9.98067E-05 0.00825325 9.98067E-05 9.98067E-05 9.98067E-05 9.98067E-05 9.98067E-05 9.98067E-05 9.98067E-05 9.98067E-05 9.98067E-05 9.98067E-05 9.98067E-05 0.445604 9.98067E-05 9.98067E-05 0.0963043 9.98067E-05 0.0461046 9.98067E-05 0.401538 9.98067E-05 9.98067E-05 9.98067E-05 9.98067E-05 9.98067E-05
9.98068E-05 9.98068E-05 0.0288591 9.98068E-05 9.98068E-05 9.98068E-05 9.98068E-05 9.98068E-05 9.98068E-05 9.98068E-05 9.98068E-05 9.98068E-05 9.98068E-05 9.98068E-05 0.0954983 9.98068E-05 9.98068E-05 9.98068E-05 9.98068E-05 9.98068E-05 9.98068E-05 0.817331 9.98068E-05 9.98068E-05 0.0434491 0.0126673 9.98068E-05
9.98071E-05 9.98071E-05 0.0960051 0.0888873 9.98071E-05 9.98071E-05 9.98071E-05 9.98071E-05 9.98071E-05 9.98071E-05 9.98071E-05 9.98071E-05 9.98071E-05 9.98071E-05 9.98071E-05 9.98071E-05 9.98071E-05 0.142066 9.98071E-05 9.98071E-05 9.98071E-05 0.665739 9.98071E-05 9.98071E-05 9.98071E-05 0.00510649 9.98071E-05
9.98156E-05 9.98156E-05 0.0651544 9.98156E-05 9.98156E-05 9.98156E-05 9.98156E-05 9.98156E-05 0.000949074 9.98156E-05 9.98156E-05 9.98156E-05 9.98156E-05 9.98156E-05 0.811773 9.98156E-05 9.98156E-05 0.0328834 9.98156E-05 0.044577 9.98156E-05 9.98156E-05 9.98156E-05 9.98156E-05 0.0425672 9.98156E-05 9.98156E-05
9.9807E-05 9.9807E-05 0.148329 9.9807E-05 9.9807E-05 9.9807E-05 9.9807E-05 9.9807E-05 0.00921311 9.9807E-05 9.9807E-05 9.9807E-05 9.9807E-05 9.9807E-05 0.778271 9.9807E-05 9.9807E-05 9.9807E-05 9.9807E-05 9.9807E-05 9.9807E-05 0.025278 0.0367135 9.9807E-05 9.9807E-05 9.9807E-05 9.9807E-05
9.98154E-05 9.98154E-05 0.363624 9.98154E-05 9.98154E-05 9.98154E-05 9.98154E-05 9.98154E-05 9.98154E-05 9.98154E-05 9.98154E-05 0.179801 9.98154E-05 9.98154E-05 0.411567 9.98154E-05 9.98154E-05 9.98154E-05 9.98154E-05 9.98154E-05 9.98154E-05 0.00212812 9.98154E-05 0.0129621 9.98154E-05 9.98154E-05 0.0278217
9.97982E-05 9.97982E-05 0.119565 9.97982E-05 9.97982E-05 9.97982E-05 9.97982E-05 9.97982E-05 9.97982E-05 9.97982E-05 9.97982E-05 9.97982E-05 9.97982E-05 9.97982E-05 0.393433 9.97982E-05 9.97982E-05 0.267512 9.97982E-05 9.97982E-05 9.97982E-05 0.217195 9.97982E-05 9.97982E-05 9.97982E-05 9.97982E-05 9.97982E-05
9.98246E-05 9.98246E-05 9.98246E-05 0.117286 9.98246E-05 9.98246E-05 9.98246E-05 9.98246E-05 9.98246E-05 9.98246E-05 9.98246E-05 0.165756 9.98246E-05 0.226381 0.252012 9.98246E-05 9.98246E-05 0.00737933 9.98246E-05 0.00492437 9.98246E-05 0.224265 9.98246E-05 9.98246E-05 9.98246E-05 9.98246E-05 9.98246E-05
9.98159E-05 9.98159E-05 9.98159E-05 9.98159E-05 9.98159E-05 9.98159E-05 9.98159E-05 9.98159E-05 9.98159E-05 9.98159E-05 9.98159E-05 0.169492 9.98159E-05 0.0125217 0.345709 9.98159E-05 9.98159E-05 0.0428656 9.98159E-05 9.98159E-05 0.00119368 0.426122 9.98159E-05 9.98159E-05 9.98159E-05 9.98159E-05 9.98159E-05
9.98072E-05 9.98072E-05 0.0172332 9.98072E-05 9.98072E-05 9.98072E-05 9.98072E-05 9.98072E-05 9.98072E-05 9.98072E-05 9.98072E-05 9.98072E-05 9.98072E-05 9.98072E-05 0.593039 9.98072E-05 9.98072E-05 9.98072E-05 0.0104153 9.98072E-05 9.98072E-05 0.376039 9.98072E-05 9.98072E-05 0.00107775 9.98072E-05 9.98072E-05
9.98247E-05 9.98247E-05 0.119858 9.98247E-05 9.98247E-05 9.98247E-05 9.98247E-05 9.98247E-05 9.98247E-05 9.98247E-05 9.98247E-05 9.98247E-05 9.98247E-05 0.102758 0.0955754 9.98247E-05 0.0470698 0.210936 9.98247E-05 0.00124135 9.98247E-05 0.420565 9.98247E-05 9.98247E-05 9.98247E-05 9.98247E-05 9.98247E-05
9.98246E-05 9.98246E-05 9.98246E-05 9.98246E-05 9.98246E-05 9.98246E-05 9.98246E-05 9.98246E-05 0.0578503 9.98246E-05 9.98246E-05 9.98246E-05 9.98246E-05 9.98246E-05 0.227003 9.98246E-05 9.98246E-05 9.98246E-05 0.0828187 9.98246E-05 0.0953249 0.45791 9.98246E-05 9.98246E-05 0.00495918 9.98246E-05 0.0721379
9.98072E-05 9.98072E-05 9.98072E-05 0.0292385 9.98072E-05 9.98072E-05 9.98072E-05 9.98072E-05 9.98072E-05 9.98072E-05 9.98072E-05 9.98072E-05 9.98072E-05 9.98072E-05 9.98072E-05 9.98072E-05 9.98072E-05 0.0436518 0.109503 9.98072E-05 0.0720244 0.743386 9.98072E-05 9.98072E-05 9.98072E-05 9.98072E-05 9.98072E-05
9.98331E-05 9.98331E-05 9.98331E-05 0.0765116 9.98331E-05 9.98331E-05 0.0524326 9.98331E-05 9.98331E-05 9.98331E-05 9.98331E-05 0.114458 9.98331E-05 0.13233 0.167411 9.98331E-05 9.98331E-05 0.0387398 9.98331E-05 9.98331E-05 9.98331E-05 0.39448 0.0217395 9.98331E-05 9.98331E-05 9.98331E-05 9.98331E-05
9.9816E-05 9.9816E-05 0.0837276 9.9816E-05 9.9816E-05 0.0255802 9.9816E-05 9.9816E-05 9.9816E-05 9.9816E-05 9.9816E-05 9.9816E-05 9.9816E-05 9.9816E-05 0.273462 9.9816E-05 9.9816E-05 9.9816E-05 0.17651 9.9816E-05 0.0651581 0.373466 9.9816E-05 9.9816E-05 9.9816E-05 9.9816E-05 9.9816E-05
9.98071E-05 9.98071E-05 9.98071E-05 0.0335975 9.98071E-05 9.98071E-05 9.98071E-05 9.98071E-05 9.98071E-05 9.98071E-05 9.98071E-05 9.98071E-05 9.98071E-05 0.0835792 0.125181 9.98071E-05 9.98071E-05 9.98071E-05 9.98071E-05 0.00931233 9.98071E-05 0.746134 9.98071E-05 9.98071E-05 9.98071E-05 9.98071E-05 9.98071E-05
9.98596E-05 9.98596E-05 0.025016 0.0818343 9.98596E-05 9.98596E-05 0.0548128 9.98596E-05 9.98596E-05 9.98596E-05 9.98596E-05 9.98596E-05 9.98596E-05 9.98596E-05 0.0996921 9.98596E-05 9.98596E-05 0.0766083 0.00236522 0.0242565 0.315941 0.210632 9.98596E-05 9.98596E-05 9.98596E-05 0.0274583 0.0797862
9.97984E-05 9.97984E-05 9.97984E-05 9.97984E-05 9.97984E-05 9.97984E-05 9.97984E-05 9.97984E-05 9.97984E-05 9.97984E-05 9.97984E-05 0.122079 9.97984E-05 9.97984E-05 9.97984E-05 9.97984E-05 9.97984E-05 0.00359001 0.0595358 9.97984E-05 9.97984E-05 0.8125 9.97984E-05 9.97984E-05 9.97984E-05 9.97984E-05 9.97984E-05
9.97982E-05 9.97982E-05 9.97982E-05 9.97982E-05 9.97982E-05 9.97982E-05 9.97982E-05 9.97982E-05 9.97982E-05 9.97982E-05 9.97982E-05 9.97982E-05 9.97982E-05 0.0410904 0.0323931 9.97982E-05 9.97982E-05 0.0896044 9.97982E-05 9.97982E-05 9.97982E-05 0.834617 9.97982E-05 9.97982E-05 9.97982E-05 9.97982E-05 9.97982E-05
9.98244E-05 9.98244E-05 0.193294 9.98244E-05 9.98244E-05 9.98244E-05 9.98244E-05 9.98244E-05 9.98244E-05 9.98244E-05 0.0056542 0.03907 9.98244E-05 9.98244E-05 9.98244E-05 0.0213878 9.98244E-05 0.189194 9.98244E-05 9.98244E-05 9.98244E-05 0.483255 0.0661477 9.98244E-05 9.98244E-05 9.98244E-05 9.98244E-05
9.98159E-05 9.98159E-05 0.136865 9.98159E-05 9.98159E-05 9.98159E-05 9.98159E-05 9.98159E-05 9.98159E-05 9.98159E-05 9.98159E-05 9.98159E-05 9.98159E-05 0.0928954 9.98159E-05 9.98159E-05 9.98159E-05 0.0281576 9.98159E-05 9.98159E-05 0.0685865 0.617555 9.98159E-05 0.0538443 9.98159E-05 9.98159E-05 9.98159E-05
9.98069E-05 9.98069E-05 0.162379 9.98069E-05 9.98069E-05 9.98069E-05 9.98069E-05 9.98069E-05 9.98069E-05 9.98069E-05 9.98069E-05 9.98069E-05 9.98069E-05 9.98069E-05 9.98069E-05 0.0184895 9.98069E-05 0.23764 9.98069E-05 9.98069E-05 9.98069E-05 0.546077 0.0332183 9.98069E-05 9.98069E-05 9.98069E-05 9.98069E-05
9.98072E-05 9.98072E-05 0.0337311 9.98072E-05 9.98072E-05 9.98072E-05 9.98072E-05 9.98072E-05 9.98072E-05 9.98072E-05 9.98072E-05 0.115902 9.98072E-05 0.136694 0.699195 9.98072E-05 9.98072E-05 0.0122821 9.98072E-05 9.98072E-05 9.98072E-05 9.98072E-05 9.98072E-05 9.98072E-05 9.98072E-05 9.98072E-05 9.98072E-05
9.9807E-05 9.9807E-05 9.9807E-05 9.9807E-05 9.9807E-05 9.9807E-05 0.0176648 9.9807E-05 9.9807E-05 9.9807E-05 9.9807E-05 9.9807E-05 9.9807E-05 9.9807E-05 9.9807E-05 9.9807E-05 0.0835836 9.9807E-05 9.9807E-05 9.9807E-05 0.780323 0.0821617 9.9807E-05 9.9807E-05 0.0340712 9.9807E-05 9.9807E-05
9.98067E-05 9.98067E-05 0.0680155 9.98067E-05 9.98067E-05 9.98067E-05 9.98067E-05 9.98067E-05 9.98067E-05 9.98067E-05 0.00150389 9.98067E-05 9.98067E-05 9.98067E-05 0.367619 9.98067E-05 9.98067E-05 0.0302071 9.98067E-05 9.98067E-05 9.98067E-05 0.530459 9.98067E-05 9.98067E-05 9.98067E-05 9.98067E-05 9.98067E-05
9.9807E-05 9.9807E-05 0.197581 0.172299 9.9807E-05 9.9807E-05 9.9807E-05 9.9807E-05 9.9807E-05 9.9807E-05 9.9807E-05 9.9807E-05 9.9807E-05 9.9807E-05 0.174824 9.9807E-05 9.9807E-05 0.104085 9.9807E-05 9.9807E-05 9.9807E-05 0.349016 9.9807E-05 9.9807E-05 9.9807E-05 9.9807E-05 9.9807E-05
9.98159E-05 9.98159E-05 9.98159E-05 9.98159E-05 9.98159E-05 9.98159E-05 9.98159E-05 9.98159E-05 9.98159E-05 9.98159E-05 9.98159E-05 9.98159E-05 9.98159E-05 9.98159E-05 0.0485843 9.98159E-05 9.98159E-05 0.0993012 9.98159E-05 0.000359847 0.0628793 0.677667 9.98159E-05 9.98159E-05 0.109112 9.98159E-05 9.98159E-05
9.97983E-05 9.97983E-05 9.97983E-05 0.0775568 9.97983E-05 9.97983E-05 9.97983E-05 9.97983E-05 9.97983E-05 9.97983E-05 9.97983E-05 9.97983E-05 9.97983E-05 9.97983E-05 0.773308 9.97983E-05 9.97983E-05 0.100232 9.97983E-05 9.97983E-05 9.97983E-05 9.97983E-05 9.97983E-05 9.97983E-05 9.97983E-05 9.97983E-05 0.0466078
9.97894E-05 9.97894E-05 9.97894E-05 9.97894E-05 9.97894E-05 9.97894E-05 9.97894E-05 9.97894E-05 9.97894E-05 9.97894E-05 9.97894E-05 9.97894E-05 9.97894E-05 9.97894E-05 0.461304 0.0711827 9.97894E-05 9.97894E-05 9.97894E-05 9.97894E-05 9.97894E-05 0.465119 9.97894E-05 9.97894E-05 9.97894E-05 9.97894E-05 9.97894E-05
9.98156E-05 9.98156E-05 0.246849 9.98156E-05 9.98156E-05 9.98156E-05 9.98156E-05 9.98156E-05 9.98156E-05 9.98156E-05 9.98156E-05 9.98156E-05 9.98156E-05 9.98156E-05 0.0159886 9.98156E-05 9.98156E-05 0.0865944 9.98156E-05 9.98156E-05 9.98156E-05 0.378208 0.125728 9.98156E-05 0.144535 9.98156E-05 9.98156E-05
9.98068E-05 9.98068E-05 9.98068E-05 9.98068E-05 9.98068E-05 0.0707169 0.013108 9.98068E-05 9.98068E-05 9.98068E-05 9.98068E-05 9.98068E-05 9.98068E-05 9.98068E-05 0.648709 9.98068E-05 9.98068E-05 0.00512638 9.98068E-05 9.98068E-05 9.98068E-05 0.260144 9.98068E-05 9.98068E-05 9.98068E-05 9.98068E-05 9.98068E-05
9.97894E-05 9.97894E-05 9.97894E-05 9.97894E-05 9.97894E-05 9.97894E-05 9.97894E-05 9.97894E-05 9.97894E-05 9.97894E-05 9.97894E-05 9.97894E-05 9.97894E-05 9.97894E-05 0.906651 9.97894E-05 9.97894E-05 0.0311421 9.97894E-05 9.97894E-05 9.97894E-05 0.059812 9.97894E-05 9.97894E-05 9.97894E-05 9.97894E-05 9.97894E-05
9.9842E-05 9.9842E-05 0.0301758 0.0169439 9.9842E-05 9.9842E-05 9.9842E-05 9.9842E-05 9.9842E-05 9.9842E-05 9.9842E-05 9.9842E-05 0.140419 0.0847903 0.189155 0.0482666 9.9842E-05 9.9842E-05 0.0474845 9.9842E-05 0.0236311 0.417337 9.9842E-05 9.9842E-05 9.9842E-05 9.9842E-05 9.9842E-05
9.9807E-05 9.9807E-05 0.0724528 9.9807E-05 9.9807E-05 9.9807E-05 9.9807E-05 9.9807E-05 0.113529 9.9807E-05 9.9807E-05 9.9807E-05 9.9807E-05 9.9807E-05 9.9807E-05 9.9807E-05 9.9807E-05 0.215044 9.9807E-05 9.9807E-05 9.9807E-05 0.586963 9.9807E-05 9.9807E-05 9.9807E-05 9.9807E-05 0.00981529
9.97983E-05 9.97983E-05 0.00600118 9.97983E-05 9.97983E-05 9.97983E-05 9.97983E-05 9.97983E-05 9.97983E-05 9.97983E-05 9.97983E-05 9.97983E-05 9.97983E-05 0.539778 9.97983E-05 9.97983E-05 9.97983E-05 9.97983E-05 9.97983E-05 9.97983E-05 0.0941626 0.357763 9.97983E-05 9.97983E-05 9.97983E-05 9.97983E-05 9.97983E-05
9.97898E-05 9.97898E-05 9.97898E-05 9.97898E-05 9.97898E-05 9.97898E-05 9.97898E-05 9.97898E-05 9.97898E-05 9.97898E-05 9.97898E-05 9.97898E-05 9.97898E-05 9.97898E-05 9.97898E-05 9.97898E-05 9.97898E-05 0.0754203 9.97898E-05 9.97898E-05 0.247686 0.674499 9.97898E-05 9.97898E-05 9.97898E-05 9.97898E-05 9.97898E-05
9.97985E-05 9.97985E-05 9.97985E-05 9.97985E-05 9.97985E-05 9.97985E-05 9.97985E-05 9.97985E-05 9.97985E-05 9.97985E-05 9.97985E-05 9.97985E-05 9.97985E-05 0.319775 0.453763 9.97985E-05 9.97985E-05 9.97985E-05 9.97985E-05 9.97985E-05 9.97985E-05 0.161264 9.97985E-05 9.97985E-05 0.0629028 9.97985E-05 9.97985E-05
