9.99297E-05 9.99297E-05 9.99297E-05 0.0833141 9.99297E-05 0.333391 9.99297E-05 9.99297E-05 9.99297E-05 0.0618841 0.44246 0.0781505 9.99297E-05
9.9921E-05 9.9921E-05 9.9921E-05 0.11801 9.9921E-05 0.0941893 9.9921E-05 9.9921E-05 9.9921E-05 9.9921E-05 0.766983 0.0199184 9.9921E-05
9.9921E-05 9.9921E-05 9.9921E-05 9.9921E-05 0.0647177 9.9921E-05 9.9921E-05 9.9921E-05 9.9921E-05 0.0043045 0.90423 0.0258483 9.9921E-05
9.99561E-05 0.141552 0.0151483 9.99561E-05 9.99561E-05 0.0220289 0.365888 0.00501864 9.99561E-05 0.0822598 0.322514 0.0450901 9.99561E-05
9.99123E-05 9.99123E-05 9.99123E-05 0.0892528 0.0200418 9.99123E-05 9.99123E-05 9.99123E-05 9.99123E-05 9.99123E-05 0.889706 9.99123E-05 9.99123E-05
9.99561E-05 0.245762 0.142545 0.0236869 0.144551 0.0812204 0.0470178 9.99561E-05 9.99561E-05 9.99561E-05 0.291111 0.023607 9.99561E-05
9.99385E-05 9.99385E-05 9.99385E-05 0.0492421 9.99385E-05 0.217066 0.271128 9.99385E-05 9.99385E-05 0.152567 0.291526 0.0177718 9.99385E-05
0.084543 9.99474E-05 0.130702 9.99474E-05 0.227668 0.355667 0.0265708 9.99474E-05 0.00641772 9.99474E-05 0.167831 9.99474E-05 9.99474E-05
9.99561E-05 0.0247139 0.228397 0.0719018 0.051341 9.99561E-05 0.0712085 0.0258603 9.99561E-05 9.99561E-05 0.275997 0.250081 9.99561E-05
9.99034E-05 9.99034E-05 9.99034E-05 9.99034E-05 9.99034E-05 9.99034E-05 9.99034E-05 9.99034E-05 9.99034E-05 9.99034E-05 0.91706 0.081841 9.99034E-05
9.9921E-05 9.9921E-05 9.9921E-05 9.9921E-05 9.9921E-05 0.16455 9.9921E-05 9.9921E-05 9.9921E-05 0.10142 0.515288 0.217843 9.9921E-05
0.0229315 9.9921E-05 9.9921E-05 9.9921E-05 9.9921E-05 9.9921E-05 0.000995134 9.9921E-05 9.9921E-05 0.00858867 0.966585 9.9921E-05 9.9921E-05
9.9921E-05 9.9921E-05 0.0104279 9.9921E-05 9.9921E-05 0.141039 9.9921E-05 9.9921E-05 9.9921E-05 9.9921E-05 0.770721 0.0769125 9.9921E-05
0.0234966 0.20327 9.99474E-05 9.99474E-05 0.00973178 0.011086 9.99474E-05 9.99474E-05 9.99474E-05 0.121009 0.62221 0.00859704 9.99474E-05
9.99473E-05 0.119536 0.136945 0.0165341 9.99473E-05 0.160424 0.0503159 9.99473E-05 9.99473E-05 9.99473E-05 0.379696 0.13595 9.99473E-05
0.0584641 0.0863521 0.21976 9.99561E-05 0.0948459 0.108764 0.0882881 9.99561E-05 9.99561E-05 9.99561E-05 0.280533 0.0624937 9.99561E-05
0.0326968 9.99473E-05 9.99473E-05 0.023679 9.99473E-05 9.99473E-05 0.0449034 9.99473E-05 9.99473E-05 0.0693714 0.517479 0.133206 0.178065
9.99386E-05 9.99386E-05 0.0634983 9.99386E-05 9.99386E-05 0.372139 9.99386E-05 0.183821 0.148312 9.99386E-05 0.152421 0.0791088 9.99386E-05
9.99385E-05 9.99385E-05 0.107027 9.99385E-05 9.99385E-05 0.15231 0.16081 9.99385E-05 0.0498039 9.99385E-05 0.352332 0.177018 9.99385E-05
9.99035E-05 9.99035E-05 9.99035E-05 9.99035E-05 9.99035E-05 9.99035E-05 9.99035E-05 0.013287 9.99035E-05 9.99035E-05 0.985614 9.99035E-05 9.99035E-05
0.0172923 9.99473E-05 0.0844591 9.99473E-05 0.0730393 9.99473E-05 0.165552 9.99473E-05 9.99473E-05 0.082906 0.51526 0.0608912 9.99473E-05
9.99561E-05 0.0133425 0.16458 0.0377093 0.145366 0.151889 0.0943168 9.99561E-05 0.0317253 9.99561E-05 0.360571 9.99561E-05 9.99561E-05
9.99474E-05 0.0977452 9.99474E-05 0.0963854 9.99474E-05 0.10565 9.99474E-05 9.99474E-05 0.0062376 0.0192822 0.589446 0.0846537 9.99474E-05
0.0554026 9.9921E-05 9.9921E-05 9.9921E-05 9.9921E-05 0.289385 9.9921E-05 9.9921E-05 9.9921E-05 9.9921E-05 0.317942 0.336372 9.9921E-05
9.99473E-05 0.199849 0.0897407 9.99473E-05 0.0148081 9.99473E-05 9.99473E-05 0.083598 9.99473E-05 0.0972566 0.303322 0.210826 9.99473E-05
0.0533617 0.0667392 0.0276411 9.99385E-05 9.99385E-05 9.99385E-05 9.99385E-05 9.99385E-05 9.99385E-05 0.0318577 0.722729 0.0969715 9.99385E-05
0.0968134 0.340013 9.99473E-05 9.99473E-05 9.99473E-05 0.310303 9.99473E-05 0.00296059 0.145798 9.99473E-05 0.00931815 0.0941942 9.99473E-05
9.99211E-05 0.021066 9.99211E-05 9.99211E-05 9.99211E-05 9.99211E-05 0.140532 9.99211E-05 9.99211E-05 9.99211E-05 0.786581 0.0509209 9.99211E-05
9.99298E-05 0.0191558 9.99298E-05 9.99298E-05 9.99298E-05 0.153153 9.99298E-05 0.0107225 9.99298E-05 9.99298E-05 0.601652 0.214517 9.99298E-05
9.99298E-05 9.99298E-05 0.0539346 9.99298E-05 9.99298E-05 9.99298E-05 9.99298E-05 9.99298E-05 9.99298E-05 0.00558746 0.811841 0.0915469 0.0362903
9.99385E-05 9.99385E-05 0.0246054 9.99385E-05 9.99385E-05 0.164053 9.99385E-05 0.0184599 9.99385E-05 0.066014 0.700682 0.025486 9.99385E-05
9.99386E-05 0.17916 9.99386E-05 9.99386E-05 9.99386E-05 0.0627869 0.0458055 9.99386E-05 9.99386E-05 0.0436729 0.568413 0.0994629 9.99386E-05
0.0461543 0.026106 9.99385E-05 9.99385E-05 9.99385E-05 0.132992 9.99385E-05 9.99385E-05 9.99385E-05 0.0894052 0.546715 0.157928 9.99385E-05
0.0238052 0.241545 9.99386E-05 9.99386E-05 9.99386E-05 9.99386E-05 0.0151972 9.99386E-05 0.0490905 9.99386E-05 0.552636 0.117027 9.99386E-05
9.99298E-05 9.99298E-05 9.99298E-05 0.0502351 9.99298E-05 9.99298E-05 9.99298E-05 0.041745 9.99298E-05 0.013681 0.862718 0.0308215 9.99298E-05
9.99473E-05 9.99473E-05 0.00290787 0.00373423 9.99473E-05 0.142929 0.140128 9.99473E-05 9.99473E-05 0.00682411 0.661879 0.0409982 9.99473E-05
0.126938 9.99036E-05 9.99036E-05 9.99036E-05 9.99036E-05 9.99036E-05 9.99036E-05 9.99036E-05 9.99036E-05 9.99036E-05 0.871963 9.99036E-05 9.99036E-05
9.99298E-05 9.99298E-05 0.165038 0.0504769 9.99298E-05 9.99298E-05 9.99298E-05 0.0346778 9.99298E-05 9.99298E-05 0.689084 0.0599243 9.99298E-05
9.99386E-05 9.99386E-05 9.99386E-05 0.0638452 0.0990036 9.99386E-05 9.99386E-05 9.99386E-05 9.99386E-05 0.0374755 0.582618 0.164211 0.0521464
0.0839352 0.181299 9.9921E-05 9.9921E-05 9.9921E-05 9.9921E-05 9.9921E-05 9.9921E-05 9.9921E-05 9.9921E-05 0.584507 0.14936 9.9921E-05
9.99211E-05 9.99211E-05 9.99211E-05 9.99211E-05 9.99211E-05 9.99211E-05 0.0828588 9.99211E-05 9.99211E-05 0.0895103 0.750904 0.0758271 9.99211E-05
9.99298E-05 9.99298E-05 0.0172938 9.99298E-05 0.0434982 0.235345 9.99298E-05 9.99298E-05 9.99298E-05 9.99298E-05 0.626543 0.0765208 9.99298E-05
9.9921E-05 9.9921E-05 9.9921E-05 0.0519166 0.0535405 9.9921E-05 9.9921E-05 9.9921E-05 9.9921E-05 9.9921E-05 0.893261 9.9921E-05 0.000382407
9.99298E-05 9.99298E-05 0.111079 9.99298E-05 9.99298E-05 0.24685 9.99298E-05 9.99298E-05 9.99298E-05 0.0402639 0.393269 0.207739 9.99298E-05
9.99297E-05 9.99297E-05 9.99297E-05 9.99297E-05 0.0787272 0.311402 0.168891 9.99297E-05 9.99297E-05 9.99297E-05 0.19775 0.242431 9.99297E-05
9.99122E-05 9.99122E-05 9.99122E-05 9.99122E-05 9.99122E-05 9.99122E-05 9.99122E-05 0.0502788 9.99122E-05 9.99122E-05 0.88664 0.062082 9.99122E-05
9.9921E-05 9.9921E-05 0.0357248 9.9921E-05 9.9921E-05 9.9921E-05 9.9921E-05 9.9921E-05 0.0516344 9.9921E-05 0.853524 0.0582177 9.9921E-05
0.0414557 9.99123E-05 9.99123E-05 9.99123E-05 9.99123E-05 9.99123E-05 9.99123E-05 9.99123E-05 9.99123E-05 9.99123E-05 0.924013 0.0335327 9.99123E-05
9.9921E-05 9.9921E-05 9.9921E-05 9.9921E-05 9.9921E-05 0.141105 9.9921E-05 9.9921E-05 9.9921E-05 0.127013 0.618803 0.112181 9.9921E-05
0.0777333 9.99212E-05 9.99212E-05 0.0282014 9.99212E-05 9.99212E-05 9.99212E-05 9.99212E-05 9.99212E-05 0.0624883 0.830678 9.99212E-05 9.99212E-05
9.99473E-05 0.171162 0.046969 9.99473E-05 9.99473E-05 0.023127 0.0774794 9.99473E-05 9.99473E-05 0.121906 0.347335 0.211422 9.99473E-05
0.0199746 9.99386E-05 0.0257295 9.99386E-05 0.0602729 9.99386E-05 0.13411 0.0483759 9.99386E-05 9.99386E-05 0.710837 9.99386E-05 9.99386E-05
9.99123E-05 0.00824352 9.99123E-05 9.99123E-05 9.99123E-05 9.99123E-05 9.99123E-05 9.99123E-05 0.0634816 9.99123E-05 0.927276 9.99123E-05 9.99123E-05
0.234012 9.99386E-05 0.0103612 9.99386E-05 0.025038 9.99386E-05 9.99386E-05 9.99386E-05 0.000690389 9.99386E-05 0.67672 0.0524787 9.99386E-05
9.99299E-05 9.99299E-05 9.99299E-05 9.99299E-05 0.00200178 9.99299E-05 0.0195019 0.0210645 9.99299E-05 9.99299E-05 0.806027 0.150606 9.99299E-05
0.0292884 0.131296 9.99298E-05 9.99298E-05 0.0609139 9.99298E-05 9.99298E-05 0.0141426 9.99298E-05 9.99298E-05 0.76356 9.99298E-05 9.99298E-05
0.0308068 9.99561E-05 0.00501166 0.0469554 0.0715216 9.99561E-05 0.0239898 9.99561E-05 0.114613 0.0167556 0.689846 9.99561E-05 9.99561E-05
9.99211E-05 9.99211E-05 9.99211E-05 9.99211E-05 9.99211E-05 9.99211E-05 0.0733124 9.99211E-05 9.99211E-05 0.03172 0.817366 0.0767027 9.99211E-05
9.99298E-05 9.99298E-05 0.00389656 0.0151005 9.99298E-05 9.99298E-05 9.99298E-05 9.99298E-05 9.99298E-05 0.033995 0.913429 0.0327796 9.99298E-05
9.99474E-05 0.0834323 0.00737083 0.121216 9.99474E-05 0.518809 9.99474E-05 9.99474E-05 0.0677058 0.0311805 9.99474E-05 0.169686 9.99474E-05
9.99299E-05 9.99299E-05 9.99299E-05 0.0151117 9.99299E-05 0.832968 0.0777425 0.0125527 9.99299E-05 9.99299E-05 0.0608257 9.99299E-05 9.99299E-05
9.99298E-05 9.99298E-05 9.99298E-05 0.110791 9.99298E-05 0.55141 9.99298E-05 9.99298E-05 0.132106 9.99298E-05 0.0611117 9.99298E-05 0.143782
9.99385E-05 0.277216 0.0873566 0.356912 9.99385E-05 0.202311 9.99385E-05 9.99385E-05 0.0462774 9.99385E-05 9.99385E-05 0.0292273 9.99385E-05
0.0120646 9.99385E-05 0.102632 9.99385E-05 9.99385E-05 0.613686 9.99385E-05 0.0778411 0.0744338 9.99385E-05 9.99385E-05 0.118643 9.99385E-05
9.99296E-05 0.0580318 9.99296E-05 0.0570232 9.99296E-05 0.627033 9.99296E-05 9.99296E-05 0.00571991 9.99296E-05 9.99296E-05 0.251392 9.99296E-05
9.99473E-05 9.99473E-05 0.00936834 0.424545 9.99473E-05 0.321043 0.0677721 9.99473E-05 0.00396083 0.0466575 9.99473E-05 0.126054 9.99473E-05
9.99385E-05 0.124814 0.0499271 0.216051 9.99385E-05 0.339556 9.99385E-05 9.99385E-05 0.159317 9.99385E-05 9.99385E-05 0.109634 9.99385E-05
9.99123E-05 9.99123E-05 9.99123E-05 0.189154 9.99123E-05 0.73667 9.99123E-05 9.99123E-05 9.99123E-05 9.99123E-05 9.99123E-05 9.99123E-05 0.0731771
9.99298E-05 9.99298E-05 9.99298E-05 0.104579 9.99298E-05 0.715336 9.99298E-05 9.99298E-05 9.99298E-05 0.0673458 0.0596928 0.0522475 9.99298E-05
9.99297E-05 9.99297E-05 0.0651116 9.99297E-05 9.99297E-05 0.374034 9.99297E-05 0.00398251 9.99297E-05 0.209344 9.99297E-05 0.346728 9.99297E-05
0.0730259 9.99385E-05 9.99385E-05 0.124963 0.147355 0.490044 9.99385E-05 9.99385E-05 9.99385E-05 0.0587628 9.99385E-05 0.105149 9.99385E-05
0.0523884 0.124675 0.17754 9.99473E-05 0.0930948 0.387986 9.99473E-05 9.99473E-05 9.99473E-05 0.108352 9.99473E-05 0.0553644 9.99473E-05
9.99209E-05 9.99209E-05 9.99209E-05 0.139474 0.0114768 0.607222 9.99209E-05 9.99209E-05 9.99209E-05 9.99209E-05 9.99209E-05 0.240928 9.99209E-05
0.0474087 0.125767 9.99387E-05 0.0476946 9.99387E-05 0.704945 9.99387E-05 9.99387E-05 9.99387E-05 0.0381873 9.99387E-05 9.99387E-05 0.0352978
9.99475E-05 9.99475E-05 9.99475E-05 0.133483 9.99475E-05 0.629962 0.0911027 9.99475E-05 0.0263644 0.0223003 9.99475E-05 0.0819339 0.0142535
0.0222529 0.217784 9.99473E-05 0.115966 9.99473E-05 0.388478 0.0602512 9.99473E-05 0.147189 9.99473E-05 9.99473E-05 0.0474803 9.99473E-05
9.99297E-05 9.99297E-05 0.0616397 9.99297E-05 9.99297E-05 0.75986 0.0186937 9.99297E-05 0.0249309 0.134076 9.99297E-05 9.99297E-05 9.99297E-05
9.99473E-05 9.99473E-05 0.00964061 0.053778 9.99473E-05 0.61657 9.99473E-05 9.99473E-05 0.130097 0.0217157 0.0257669 0.141832 9.99473E-05
0.0380788 0.0546319 9.99472E-05 0.0708319 9.99472E-05 0.468978 9.99472E-05 9.99472E-05 0.0257938 0.028382 9.99472E-05 0.312704 9.99472E-05
9.99212E-05 9.99212E-05 9.99212E-05 0.030101 9.99212E-05 0.670467 9.99212E-05 9.99212E-05 9.99212E-05 9.99212E-05 9.99212E-05 0.0641314 0.234402
9.99209E-05 9.99209E-05 9.99209E-05 0.0374591 9.99209E-05 0.873603 9.99209E-05 9.99209E-05 0.0181414 9.99209E-05 9.99209E-05 0.0698974 9.99209E-05
9.99298E-05 0.240483 9.99298E-05 0.103502 9.99298E-05 0.55132 9.99298E-05 9.99298E-05 9.99298E-05 9.99298E-05 0.049551 0.0543452 9.99298E-05
9.99386E-05 0.120843 0.00454339 9.99386E-05 9.99386E-05 0.495045 0.244192 9.99386E-05 0.0493134 9.99386E-05 9.99386E-05 0.0853637 9.99386E-05
9.9921E-05 9.9921E-05 9.9921E-05 9.9921E-05 9.9921E-05 0.673096 9.9921E-05 9.9921E-05 9.9921E-05 0.226329 0.00842898 0.0912466 9.9921E-05
9.99474E-05 9.99474E-05 0.0193313 0.193269 9.99474E-05 0.49318 9.99474E-05 9.99474E-05 9.99474E-05 0.0060521 0.126903 0.101747 0.0589178
9.99211E-05 9.99211E-05 9.99211E-05 0.0189037 9.99211E-05 0.853502 9.99211E-05 9.99211E-05 9.99211E-05 9.99211E-05 0.00209956 9.99211E-05 0.124595
9.99211E-05 9.99211E-05 9.99211E-05 0.18037 9.99211E-05 0.656399 9.99211E-05 9.99211E-05 9.99211E-05 9.99211E-05 9.99211E-05 0.117725 0.0446065
9.99299E-05 9.99299E-05 0.0327759 9.99299E-05 9.99299E-05 0.754648 9.99299E-05 9.99299E-05 0.157647 9.99299E-05 0.00436951 0.0497602 9.99299E-05
9.99562E-05 9.99562E-05 0.106955 0.045953 9.99562E-05 0.264665 9.99562E-05 0.0241012 9.99562E-05 0.0124208 0.0311607 0.261427 0.252818
9.99122E-05 0.863791 0.0748451 9.99122E-05 9.99122E-05 9.99122E-05 9.99122E-05 9.99122E-05 9.99122E-05 9.99122E-05 9.99122E-05 0.0603649 9.99122E-05
9.9921E-05 0.526195 0.0383623 9.9921E-05 9.9921E-05 9.9921E-05 9.9921E-05 9.9921E-05 9.9921E-05 9.9921E-05 9.9921E-05 0.0349769 0.399567
9.9921E-05 0.831035 9.9921E-05 9.9921E-05 0.0479286 9.9921E-05 9.9921E-05 9.9921E-05 9.9921E-05 0.0218699 9.9921E-05 0.0982677 9.9921E-05
9.99296E-05 0.819972 0.0119872 9.99296E-05 9.99296E-05 9.99296E-05 9.99296E-05 9.99296E-05 0.0724733 0.0636906 9.99296E-05 0.0310776 9.99296E-05
9.99121E-05 0.860959 0.0800431 9.99121E-05 9.99121E-05 9.99121E-05 9.99121E-05 9.99121E-05 0.0579992 9.99121E-05 9.99121E-05 9.99121E-05 9.99121E-05
9.9921E-05 0.631188 0.167691 0.0553209 9.9921E-05 9.9921E-05 9.9921E-05 9.9921E-05 9.9921E-05 9.9921E-05 9.9921E-05 0.144901 9.9921E-05
9.99298E-05 0.792322 0.0977317 9.99298E-05 9.99298E-05 9.99298E-05 9.99298E-05 9.99298E-05 0.00204839 0.0169197 9.99298E-05 0.0901787 9.99298E-05
9.99034E-05 0.768207 0.230694 9.99034E-05 9.99034E-05 9.99034E-05 9.99034E-05 9.99034E-05 9.99034E-05 9.99034E-05 9.99034E-05 9.99034E-05 9.99034E-05
9.99209E-05 0.323975 0.335135 0.253281 9.99209E-05 9.99209E-05 9.99209E-05 9.99209E-05 9.99209E-05 9.99209E-05 9.99209E-05 0.0867106 9.99209E-05
9.99123E-05 0.58626 0.135207 9.99123E-05 9.99123E-05 9.99123E-05 9.99123E-05 9.99123E-05 9.99123E-05 9.99123E-05 9.99123E-05 0.277533 9.99123E-05
9.9921E-05 0.484922 0.0221079 0.31912 9.9921E-05 9.9921E-05 9.9921E-05 9.9921E-05 9.9921E-05 9.9921E-05 9.9921E-05 9.9921E-05 0.172951
9.9921E-05 0.768398 9.9921E-05 0.152988 9.9921E-05 9.9921E-05 9.9921E-05 9.9921E-05 9.9921E-05 9.9921E-05 9.9921E-05 0.0252822 0.0524328
9.99123E-05 0.93015 0.0519088 9.99123E-05 9.99123E-05 9.99123E-05 9.99123E-05 9.99123E-05 9.99123E-05 9.99123E-05 9.99123E-05 9.99123E-05 0.0169423
9.99211E-05 0.684941 0.0890586 9.99211E-05 9.99211E-05 9.99211E-05 9.99211E-05 9.99211E-05 9.99211E-05 9.99211E-05 9.99211E-05 0.218483 0.00661816
9.99211E-05 0.723542 0.0638234 9.99211E-05 9.99211E-05 9.99211E-05 9.99211E-05 9.99211E-05 0.131296 9.99211E-05 9.99211E-05 9.99211E-05 0.0804384
0.00455588 0.714465 0.0132982 0.0771309 9.99386E-05 9.99386E-05 9.99386E-05 9.99386E-05 9.99386E-05 0.0546091 9.99386E-05 0.135241 9.99386E-05
9.99298E-05 0.671996 0.0128988 0.225124 9.99298E-05 9.99298E-05 9.99298E-05 0.00280436 9.99298E-05 9.99298E-05 9.99298E-05 0.0863772 9.99298E-05
0.0192776 0.749161 0.154549 9.99386E-05 0.0420336 0.000894592 9.99386E-05 9.99386E-05 9.99386E-05 0.0333845 9.99386E-05 9.99386E-05 9.99386E-05
9.99122E-05 0.952783 9.99122E-05 0.0404324 9.99122E-05 9.99122E-05 9.99122E-05 9.99122E-05 9.99122E-05 0.00578552 9.99122E-05 9.99122E-05 9.99122E-05
9.99298E-05 0.56715 0.105451 9.99298E-05 9.99298E-05 9.99298E-05 9.99298E-05 0.0927972 9.99298E-05 9.99298E-05 9.99298E-05 0.100053 0.133749
9.99122E-05 0.871437 9.99122E-05 0.0856473 9.99122E-05 9.99122E-05 9.99122E-05 9.99122E-05 9.99122E-05 9.99122E-05 9.99122E-05 0.0419169 9.99122E-05
9.99034E-05 0.902188 0.0967129 9.99034E-05 9.99034E-05 9.99034E-05 9.99034E-05 9.99034E-05 9.99034E-05 9.99034E-05 9.99034E-05 9.99034E-05 9.99034E-05
9.99297E-05 0.493542 0.220081 0.052181 9.99297E-05 9.99297E-05 9.99297E-05 0.0371094 9.99297E-05 9.99297E-05 9.99297E-05 0.196287 9.99297E-05
9.99211E-05 0.715341 0.150979 9.99211E-05 9.99211E-05 9.99211E-05 9.99211E-05 9.99211E-05 9.99211E-05 9.99211E-05 9.99211E-05 0.0266049 0.106176
9.99297E-05 0.458344 0.217361 0.0428282 9.99297E-05 9.99297E-05 9.99297E-05 0.0562582 9.99297E-05 9.99297E-05 9.99297E-05 0.22441 9.99297E-05
0.0634244 0.196862 0.192126 0.0819533 9.99473E-05 0.0120035 9.99473E-05 9.99473E-05 9.99473E-05 9.99473E-05 9.99473E-05 0.158513 0.294518
0.00398092 0.255047 9.99385E-05 9.99385E-05 0.00465915 9.99385E-05 9.99385E-05 0.079454 9.99385E-05 9.99385E-05 9.99385E-05 0.085731 0.570428
9.99121E-05 0.814857 0.0219629 9.99121E-05 9.99121E-05 9.99121E-05 9.99121E-05 9.99121E-05 9.99121E-05 9.99121E-05 9.99121E-05 0.162181 9.99121E-05
9.9921E-05 0.510056 0.270679 0.0401592 9.9921E-05 9.9921E-05 9.9921E-05 9.9921E-05 9.9921E-05 9.9921E-05 9.9921E-05 0.178207 9.9921E-05
9.99298E-05 0.845419 9.99298E-05 9.99298E-05 9.99298E-05 9.99298E-05 9.99298E-05 0.0279317 9.99298E-05 0.014486 9.99298E-05 0.110809 0.000554648
9.99211E-05 0.758662 0.0707847 0.0234295 9.99211E-05 9.99211E-05 9.99211E-05 9.99211E-05 9.99211E-05 9.99211E-05 9.99211E-05 0.146225 9.99211E-05
0.000689243 0.93293 9.9921E-05 9.9921E-05 9.9921E-05 9.9921E-05 9.9921E-05 0.0452586 9.9921E-05 0.0202226 9.9921E-05 9.9921E-05 9.9921E-05
9.99209E-05 0.463539 0.252326 9.99209E-05 9.99209E-05 9.99209E-05 9.99209E-05 0.123591 9.99209E-05 9.99209E-05 9.99209E-05 0.159644 9.99209E-05
9.99209E-05 0.914334 0.0149437 9.99209E-05 9.99209E-05 0.0325798 9.99209E-05 9.99209E-05 9.99209E-05 9.99209E-05 9.99209E-05 0.0372429 9.99209E-05
9.99035E-05 0.933311 9.99035E-05 9.99035E-05 9.99035E-05 9.99035E-05 9.99035E-05 9.99035E-05 9.99035E-05 9.99035E-05 9.99035E-05 0.0655904 9.99035E-05
9.99385E-05 0.757796 0.0420794 0.0282074 9.99385E-05 9.99385E-05 0.0416109 9.99385E-05 9.99385E-05 0.040818 9.99385E-05 9.99385E-05 0.0887888
9.99209E-05 0.710544 0.0951384 9.99209E-05 9.99209E-05 9.99209E-05 9.99209E-05 9.99209E-05 0.0170368 9.99209E-05 9.99209E-05 0.176381 9.99209E-05
9.99297E-05 0.408272 0.0941767 9.99297E-05 0.0100934 9.99297E-05 9.99297E-05 9.99297E-05 0.0155109 9.99297E-05 9.99297E-05 9.99297E-05 0.471148
9.99211E-05 0.737795 0.0368434 9.99211E-05 9.99211E-05 9.99211E-05 9.99211E-05 9.99211E-05 9.99211E-05 9.99211E-05 9.99211E-05 0.0335933 0.190869
9.99035E-05 0.752574 9.99035E-05 9.99035E-05 9.99035E-05 9.99035E-05 9.99035E-05 9.99035E-05 9.99035E-05 9.99035E-05 9.99035E-05 9.99035E-05 0.246327
9.9921E-05 0.580243 0.00566303 0.0335664 9.9921E-05 9.9921E-05 9.9921E-05 9.9921E-05 9.9921E-05 9.9921E-05 9.9921E-05 9.9921E-05 0.379628
9.99297E-05 0.455917 0.140997 0.106601 0.0211375 9.99297E-05 9.99297E-05 9.99297E-05 9.99297E-05 9.99297E-05 9.99297E-05 0.274547 9.99297E-05
9.99035E-05 0.837977 0.160924 9.99035E-05 9.99035E-05 9.99035E-05 9.99035E-05 9.99035E-05 9.99035E-05 9.99035E-05 9.99035E-05 9.99035E-05 9.99035E-05
9.99298E-05 0.19217 0.144637 9.99298E-05 9.99298E-05 9.99298E-05 9.99298E-05 0.0375067 9.99298E-05 9.99298E-05 9.99298E-05 0.109731 0.515155
9.9921E-05 0.45771 0.00597926 9.9921E-05 9.9921E-05 9.9921E-05 9.9921E-05 9.9921E-05 9.9921E-05 9.9921E-05 9.9921E-05 0.0831138 0.452297
9.99209E-05 0.582213 0.231989 0.102234 9.99209E-05 9.99209E-05 9.99209E-05 0.0826646 9.99209E-05 9.99209E-05 9.99209E-05 9.99209E-05 9.99209E-05
9.99473E-05 0.573383 0.139914 9.99473E-05 9.99473E-05 0.0973355 9.99473E-05 9.99473E-05 0.0175562 0.0308215 9.99473E-05 0.109047 0.031343
0.080516 0.598916 0.165186 0.104933 9.99298E-05 9.99298E-05 9.99298E-05 9.99298E-05 9.99298E-05 9.99298E-05 9.99298E-05 0.0496492 9.99298E-05
9.99298E-05 0.419389 0.282051 9.99298E-05 9.99298E-05 0.0802753 9.99298E-05 0.00477787 9.99298E-05 9.99298E-05 9.99298E-05 0.212708 9.99298E-05
9.99122E-05 0.567632 9.99122E-05 9.99122E-05 9.99122E-05 9.99122E-05 9.99122E-05 9.99122E-05 9.99122E-05 9.99122E-05 9.99122E-05 0.0135938 0.417775
9.99209E-05 0.708936 9.99209E-05 9.99209E-05 9.99209E-05 9.99209E-05 0.201171 0.0165913 9.99209E-05 9.99209E-05 9.99209E-05 0.0724025 9.99209E-05
9.9921E-05 0.302817 0.101453 9.9921E-05 9.9921E-05 9.9921E-05 9.9921E-05 9.9921E-05 9.9921E-05 0.0253236 9.9921E-05 9.9921E-05 0.569507
9.99474E-05 0.520892 0.0428501 9.99474E-05 0.045686 9.99474E-05 9.99474E-05 9.99474E-05 0.0128274 0.0832978 9.99474E-05 0.168048 0.1258
0.0157988 0.926186 0.0425069 0.0146089 9.99209E-05 9.99209E-05 9.99209E-05 9.99209E-05 9.99209E-05 9.99209E-05 9.99209E-05 9.99209E-05 9.99209E-05
9.99121E-05 0.961537 9.99121E-05 9.99121E-05 9.99121E-05 9.99121E-05 9.99121E-05 9.99121E-05 0.0149939 0.0224701 9.99121E-05 9.99121E-05 9.99121E-05
9.99297E-05 0.452228 0.119086 0.296676 9.99297E-05 9.99297E-05 9.99297E-05 0.00534429 9.99297E-05 9.99297E-05 9.99297E-05 0.125866 9.99297E-05
9.99121E-05 0.712086 0.218063 9.99121E-05 9.99121E-05 9.99121E-05 9.99121E-05 9.99121E-05 9.99121E-05 9.99121E-05 9.99121E-05 0.0688517 9.99121E-05
9.99122E-05 0.937593 9.99122E-05 9.99122E-05 9.99122E-05 9.99122E-05 9.99122E-05 9.99122E-05 9.99122E-05 0.0609234 9.99122E-05 0.000484502 9.99122E-05
0.0773503 0.719808 9.99386E-05 9.99386E-05 9.99386E-05 9.99386E-05 9.99386E-05 0.00430514 9.99386E-05 0.0125815 9.99386E-05 0.142883 0.0423718
9.99298E-05 0.531637 0.18821 0.0725327 9.99298E-05 9.99298E-05 9.99298E-05 9.99298E-05 9.99298E-05 9.99298E-05 9.99298E-05 0.0389506 0.167871
9.98945E-05 9.98945E-05 9.98945E-05 9.98945E-05 9.98945E-05 9.98945E-05 9.98945E-05 9.98945E-05 9.98945E-05 9.98945E-05 9.98945E-05 0.998801 9.98945E-05
9.98945E-05 9.98945E-05 0.998801 9.98945E-05 9.98945E-05 9.98945E-05 9.98945E-05 9.98945E-05 9.98945E-05 9.98945E-05 9.98945E-05 9.98945E-05 9.98945E-05
9.98944E-05 9.98944E-05 9.98944E-05 9.98944E-05 9.98944E-05 9.98944E-05 9.98944E-05 9.98944E-05 9.98944E-05 9.98944E-05 9.98944E-05 0.998801 9.98944E-05
9.98945E-05 9.98945E-05 0.998801 9.98945E-05 9.98945E-05 9.98945E-05 9.98945E-05 9.98945E-05 9.98945E-05 9.98945E-05 9.98945E-05 9.98945E-05 9.98945E-05
9.98944E-05 9.98944E-05 0.998801 9.98944E-05 9.98944E-05 9.98944E-05 9.98944E-05 9.98944E-05 9.98944E-05 9.98944E-05 9.98944E-05 9.98944E-05 9.98944E-05
9.98945E-05 9.98945E-05 0.998801 9.98945E-05 9.98945E-05 9.98945E-05 9.98945E-05 9.98945E-05 9.98945E-05 9.98945E-05 9.98945E-05 9.98945E-05 9.98945E-05
9.98944E-05 9.98944E-05 9.98944E-05 9.98944E-05 9.98944E-05 9.98944E-05 9.98944E-05 9.98944E-05 9.98944E-05 9.98944E-05 9.98944E-05 0.998801 9.98944E-05
9.98944E-05 9.98944E-05 0.998801 9.98944E-05 9.98944E-05 9.98944E-05 9.98944E-05 9.98944E-05 9.98944E-05 9.98944E-05 9.98944E-05 9.98944E-05 9.98944E-05
9.98944E-05 9.98944E-05 0.998801 9.98944E-05 9.98944E-05 9.98944E-05 9.98944E-05 9.98944E-05 9.98944E-05 9.98944E-05 9.98944E-05 9.98944E-05 9.98944E-05
9.98944E-05 9.98944E-05 9.98944E-05 9.98944E-05 9.98944E-05 9.98944E-05 9.98944E-05 9.98944E-05 9.98944E-05 9.98944E-05 9.98944E-05 0.998801 9.98944E-05
9.98945E-05 9.98945E-05 9.98945E-05 9.98945E-05 9.98945E-05 9.98945E-05 9.98945E-05 9.98945E-05 9.98945E-05 9.98945E-05 9.98945E-05 0.998801 9.98945E-05
9.98944E-05 9.98944E-05 9.98944E-05 9.98944E-05 9.98944E-05 9.98944E-05 9.98944E-05 9.98944E-05 9.98944E-05 9.98944E-05 9.98944E-05 0.998801 9.98944E-05
9.98945E-05 9.98945E-05 0.998801 9.98945E-05 9.98945E-05 9.98945E-05 9.98945E-05 9.98945E-05 9.98945E-05 9.98945E-05 9.98945E-05 9.98945E-05 9.98945E-05
9.98945E-05 9.98945E-05 0.998801 9.98945E-05 9.98945E-05 9.98945E-05 9.98945E-05 9.98945E-05 9.98945E-05 9.98945E-05 9.98945E-05 9.98945E-05 9.98945E-05
9.98945E-05 9.98945E-05 9.98945E-05 9.98945E-05 9.98945E-05 9.98945E-05 9.98945E-05 9.98945E-05 9.98945E-05 9.98945E-05 9.98945E-05 0.998801 9.98945E-05
9.98944E-05 9.98944E-05 9.98944E-05 9.98944E-05 9.98944E-05 9.98944E-05 9.98944E-05 9.98944E-05 9.98944E-05 9.98944E-05 9.98944E-05 0.998801 9.98944E-05
0.0397583 0.60869 0.0339909 9.99473E-05 9.99473E-05 9.99473E-05 0.218123 0.02558 9.99473E-05 0.00664362 9.99473E-05 0.0666142 9.99473E-05
9.98944E-05 9.98944E-05 9.98944E-05 9.98944E-05 9.98944E-05 9.98944E-05 9.98944E-05 9.98944E-05 9.98944E-05 9.98944E-05 9.98944E-05 0.998801 9.98944E-05
9.98945E-05 9.98945E-05 0.998801 9.98945E-05 9.98945E-05 9.98945E-05 9.98945E-05 9.98945E-05 9.98945E-05 9.98945E-05 9.98945E-05 9.98945E-05 9.98945E-05
9.98944E-05 9.98944E-05 9.98944E-05 9.98944E-05 9.98944E-05 9.98944E-05 9.98944E-05 9.98944E-05 9.98944E-05 9.98944E-05 9.98944E-05 0.998801 9.98944E-05
9.98945E-05 9.98945E-05 9.98945E-05 9.98945E-05 9.98945E-05 9.98945E-05 9.98945E-05 9.98945E-05 9.98945E-05 9.98945E-05 9.98945E-05 0.998801 9.98945E-05
9.98945E-05 9.98945E-05 9.98945E-05 9.98945E-05 9.98945E-05 9.98945E-05 9.98945E-05 9.98945E-05 9.98945E-05 9.98945E-05 9.98945E-05 0.998801 9.98945E-05
9.98944E-05 9.98944E-05 0.998801 9.98944E-05 9.98944E-05 9.98944E-05 9.98944E-05 9.98944E-05 9.98944E-05 9.98944E-05 9.98944E-05 9.98944E-05 9.98944E-05
9.98944E-05 9.98944E-05 9.98944E-05 9.98944E-05 9.98944E-05 9.98944E-05 9.98944E-05 9.98944E-05 9.98944E-05 9.98944E-05 9.98944E-05 0.998801 9.98944E-05
9.98945E-05 9.98945E-05 0.998801 9.98945E-05 9.98945E-05 9.98945E-05 9.98945E-05 9.98945E-05 9.98945E-05 9.98945E-05 9.98945E-05 9.98945E-05 9.98945E-05
9.98945E-05 9.98945E-05 9.98945E-05 9.98945E-05 9.98945E-05 9.98945E-05 9.98945E-05 9.98945E-05 9.98945E-05 9.98945E-05 9.98945E-05 0.998801 9.98945E-05
9.98944E-05 9.98944E-05 9.98944E-05 9.98944E-05 9.98944E-05 9.98944E-05 9.98944E-05 9.98944E-05 9.98944E-05 9.98944E-05 9.98944E-05 0.998801 9.98944E-05
9.98945E-05 9.98945E-05 0.998801 9.98945E-05 9.98945E-05 9.98945E-05 9.98945E-05 9.98945E-05 9.98945E-05 9.98945E-05 9.98945E-05 9.98945E-05 9.98945E-05
9.98944E-05 9.98944E-05 0.998801 9.98944E-05 9.98944E-05 9.98944E-05 9.98944E-05 9.98944E-05 9.98944E-05 9.98944E-05 9.98944E-05 9.98944E-05 9.98944E-05
9.98944E-05 9.98944E-05 0.998801 9.98944E-05 9.98944E-05 9.98944E-05 9.98944E-05 9.98944E-05 9.98944E-05 9.98944E-05 9.98944E-05 9.98944E-05 9.98944E-05
9.98945E-05 9.98945E-05 9.98945E-05 9.98945E-05 9.98945E-05 9.98945E-05 9.98945E-05 9.98945E-05 9.98945E-05 9.98945E-05 9.98945E-05 0.998801 9.98945E-05
9.98944E-05 9.98944E-05 9.98944E-05 9.98944E-05 9.98944E-05 9.98944E-05 9.98944E-05 9.98944E-05 9.98944E-05 9.98944E-05 9.98944E-05 0.998801 9.98944E-05
9.98944E-05 9.98944E-05 9.98944E-05 9.98944E-05 9.98944E-05 9.98944E-05 9.98944E-05 9.98944E-05 9.98944E-05 9.98944E-05 9.98944E-05 0.998801 9.98944E-05
9.98944E-05 9.98944E-05 9.98944E-05 9.98944E-05 9.98944E-05 9.98944E-05 9.98944E-05 9.98944E-05 9.98944E-05 9.98944E-05 9.98944E-05 0.998801 9.98944E-05
9.98944E-05 9.98944E-05 9.98944E-05 9.98944E-05 9.98944E-05 9.98944E-05 9.98944E-05 9.98944E-05 9.98944E-05 9.98944E-05 9.98944E-05 0.998801 9.98944E-05
9.98945E-05 9.98945E-05 0.998801 9.98945E-05 9.98945E-05 9.98945E-05 9.98945E-05 9.98945E-05 9.98945E-05 9.98945E-05 9.98945E-05 9.98945E-05 9.98945E-05
9.98944E-05 9.98944E-05 0.998801 9.98944E-05 9.98944E-05 9.98944E-05 9.98944E-05 9.98944E-05 9.98944E-05 9.98944E-05 9.98944E-05 9.98944E-05 9.98944E-05
9.98944E-05 9.98944E-05 0.998801 9.98944E-05 9.98944E-05 9.98944E-05 9.98944E-05 9.98944E-05 9.98944E-05 9.98944E-05 9.98944E-05 9.98944E-05 9.98944E-05
9.98945E-05 9.98945E-05 9.98945E-05 9.98945E-05 9.98945E-05 9.98945E-05 9.98945E-05 9.98945E-05 9.98945E-05 9.98945E-05 9.98945E-05 0.998801 9.98945E-05
9.98944E-05 9.98944E-05 0.998801 9.98944E-05 9.98944E-05 9.98944E-05 9.98944E-05 9.98944E-05 9.98944E-05 9.98944E-05 9.98944E-05 9.98944E-05 9.98944E-05
9.98945E-05 9.98945E-05 0.998801 9.98945E-05 9.98945E-05 9.98945E-05 9.98945E-05 9.98945E-05 9.98945E-05 9.98945E-05 9.98945E-05 9.98945E-05 9.98945E-05
9.98945E-05 9.98945E-05 0.998801 9.98945E-05 9.98945E-05 9.98945E-05 9.98945E-05 9.98945E-05 9.98945E-05 9.98945E-05 9.98945E-05 9.98945E-05 9.98945E-05
9.98945E-05 9.98945E-05 0.998801 9.98945E-05 9.98945E-05 9.98945E-05 9.98945E-05 9.98945E-05 9.98945E-05 9.98945E-05 9.98945E-05 9.98945E-05 9.98945E-05
9.98945E-05 9.98945E-05 9.98945E-05 9.98945E-05 9.98945E-05 9.98945E-05 9.98945E-05 9.98945E-05 9.98945E-05 9.98945E-05 9.98945E-05 0.998801 9.98945E-05
9.98945E-05 9.98945E-05 0.998801 9.98945E-05 9.98945E-05 9.98945E-05 9.98945E-05 9.98945E-05 9.98945E-05 9.98945E-05 9.98945E-05 9.98945E-05 9.98945E-05
9.98945E-05 9.98945E-05 0.998801 9.98945E-05 9.98945E-05 9.98945E-05 9.98945E-05 9.98945E-05 9.98945E-05 9.98945E-05 9.98945E-05 9.98945E-05 9.98945E-05
9.99297E-05 0.654128 0.0323252 9.99297E-05 9.99297E-05 9.99297E-05 0.153499 0.054083 9.99297E-05 9.99297E-05 9.99297E-05 0.105165 9.99297E-05
9.98944E-05 9.98944E-05 9.98944E-05 9.98944E-05 9.98944E-05 9.98944E-05 9.98944E-05 9.98944E-05 9.98944E-05 9.98944E-05 9.98944E-05 0.998801 9.98944E-05
9.98945E-05 9.98945E-05 0.998801 9.98945E-05 9.98945E-05 9.98945E-05 9.98945E-05 9.98945E-05 9.98945E-05 9.98945E-05 9.98945E-05 9.98945E-05 9.98945E-05
9.98945E-05 9.98945E-05 0.998801 9.98945E-05 9.98945E-05 9.98945E-05 9.98945E-05 9.98945E-05 9.98945E-05 9.98945E-05 9.98945E-05 9.98945E-05 9.98945E-05
9.98944E-05 9.98944E-05 0.998801 9.98944E-05 9.98944E-05 9.98944E-05 9.98944E-05 9.98944E-05 9.98944E-05 9.98944E-05 9.98944E-05 9.98944E-05 9.98944E-05
9.98944E-05 9.98944E-05 0.998801 9.98944E-05 9.98944E-05 9.98944E-05 9.98944E-05 9.98944E-05 9.98944E-05 9.98944E-05 9.98944E-05 9.98944E-05 9.98944E-05
9.98945E-05 9.98945E-05 9.98945E-05 9.98945E-05 9.98945E-05 9.98945E-05 9.98945E-05 9.98945E-05 9.98945E-05 9.98945E-05 9.98945E-05 0.998801 9.98945E-05
9.98944E-05 9.98944E-05 0.998801 9.98944E-05 9.98944E-05 9.98944E-05 9.98944E-05 9.98944E-05 9.98944E-05 9.98944E-05 9.98944E-05 9.98944E-05 9.98944E-05
9.98944E-05 9.98944E-05 9.98944E-05 9.98944E-05 9.98944E-05 9.98944E-05 9.98944E-05 9.98944E-05 9.98944E-05 9.98944E-05 9.98944E-05 0.998801 9.98944E-05
9.98945E-05 9.98945E-05 0.998801 9.98945E-05 9.98945E-05 9.98945E-05 9.98945E-05 9.98945E-05 9.98945E-05 9.98945E-05 9.98945E-05 9.98945E-05 9.98945E-05
9.98945E-05 9.98945E-05 9.98945E-05 9.98945E-05 9.98945E-05 9.98945E-05 9.98945E-05 9.98945E-05 9.98945E-05 9.98945E-05 9.98945E-05 0.998801 9.98945E-05
9.98944E-05 9.98944E-05 0.998801 9.98944E-05 9.98944E-05 9.98944E-05 9.98944E-05 9.98944E-05 9.98944E-05 9.98944E-05 9.98944E-05 9.98944E-05 9.98944E-05
9.98944E-05 9.98944E-05 0.998801 9.98944E-05 9.98944E-05 9.98944E-05 9.98944E-05 9.98944E-05 9.98944E-05 9.98944E-05 9.98944E-05 9.98944E-05 9.98944E-05
9.98945E-05 9.98945E-05 0.998801 9.98945E-05 9.98945E-05 9.98945E-05 9.98945E-05 9.98945E-05 9.98945E-05 9.98945E-05 9.98945E-05 9.98945E-05 9.98945E-05
9.98945E-05 9.98945E-05 0.998801 9.98945E-05 9.98945E-05 9.98945E-05 9.98945E-05 9.98945E-05 9.98945E-05 9.98945E-05 9.98945E-05 9.98945E-05 9.98945E-05
9.98945E-05 9.98945E-05 0.998801 9.98945E-05 9.98945E-05 9.98945E-05 9.98945E-05 9.98945E-05 9.98945E-05 9.98945E-05 9.98945E-05 9.98945E-05 9.98945E-05
9.98944E-05 9.98944E-05 0.998801 9.98944E-05 9.98944E-05 9.98944E-05 9.98944E-05 9.98944E-05 9.98944E-05 9.98944E-05 9.98944E-05 9.98944E-05 9.98944E-05
9.98944E-05 9.98944E-05 9.98944E-05 9.98944E-05 9.98944E-05 9.98944E-05 9.98944E-05 9.98944E-05 9.98944E-05 9.98944E-05 9.98944E-05 0.998801 9.98944E-05
9.98945E-05 9.98945E-05 9.98945E-05 9.98945E-05 9.98945E-05 9.98945E-05 9.98945E-05 9.98945E-05 9.98945E-05 9.98945E-05 9.98945E-05 0.998801 9.98945E-05
9.98944E-05 9.98944E-05 9.98944E-05 9.98944E-05 9.98944E-05 9.98944E-05 9.98944E-05 9.98944E-05 9.98944E-05 9.98944E-05 9.98944E-05 0.998801 9.98944E-05
9.98944E-05 9.98944E-05 0.998801 9.98944E-05 9.98944E-05 9.98944E-05 9.98944E-05 9.98944E-05 9.98944E-05 9.98944E-05 9.98944E-05 9.98944E-05 9.98944E-05
9.98944E-05 9.98944E-05 9.98944E-05 9.98944E-05 9.98944E-05 9.98944E-05 9.98944E-05 9.98944E-05 9.98944E-05 9.98944E-05 9.98944E-05 0.998801 9.98944E-05
9.98944E-05 9.98944E-05 9.98944E-05 9.98944E-05 9.98944E-05 9.98944E-05 9.98944E-05 9.98944E-05 9.98944E-05 9.98944E-05 9.98944E-05 0.998801 9.98944E-05
9.98944E-05 9.98944E-05 9.98944E-05 9.98944E-05 9.98944E-05 9.98944E-05 9.98944E-05 9.98944E-05 9.98944E-05 9.98944E-05 9.98944E-05 0.998801 9.98944E-05
9.98945E-05 9.98945E-05 0.998801 9.98945E-05 9.98945E-05 9.98945E-05 9.98945E-05 9.98945E-05 9.98945E-05 9.98945E-05 9.98945E-05 9.98945E-05 9.98945E-05
9.98944E-05 9.98944E-05 0.998801 9.98944E-05 9.98944E-05 9.98944E-05 9.98944E-05 9.98944E-05 9.98944E-05 9.98944E-05 9.98944E-05 9.98944E-05 9.98944E-05
9.98945E-05 9.98945E-05 0.998801 9.98945E-05 9.98945E-05 9.98945E-05 9.98945E-05 9.98945E-05 9.98945E-05 9.98945E-05 9.98945E-05 9.98945E-05 9.98945E-05
9.98944E-05 9.98944E-05 9.98944E-05 9.98944E-05 9.98944E-05 9.98944E-05 9.98944E-05 9.98944E-05 9.98944E-05 9.98944E-05 9.98944E-05 0.998801 9.98944E-05
9.98944E-05 9.98944E-05 0.998801 9.98944E-05 9.98944E-05 9.98944E-05 9.98944E-05 9.98944E-05 9.98944E-05 9.98944E-05 9.98944E-05 9.98944E-05 9.98944E-05
9.98945E-05 9.98945E-05 0.998801 9.98945E-05 9.98945E-05 9.98945E-05 9.98945E-05 9.98945E-05 9.98945E-05 9.98945E-05 9.98945E-05 9.98945E-05 9.98945E-05
9.98944E-05 9.98944E-05 9.98944E-05 9.98944E-05 9.98944E-05 9.98944E-05 9.98944E-05 9.98944E-05 9.98944E-05 9.98944E-05 9.98944E-05 0.998801 9.98944E-05
9.98945E-05 9.98945E-05 0.998801 9.98945E-05 9.98945E-05 9.98945E-05 9.98945E-05 9.98945E-05 9.98945E-05 9.98945E-05 9.98945E-05 9.98945E-05 9.98945E-05
9.98944E-05 9.98944E-05 0.998801 9.98944E-05 9.98944E-05 9.98944E-05 9.98944E-05 9.98944E-05 9.98944E-05 9.98944E-05 9.98944E-05 9.98944E-05 9.98944E-05
0.00362386 0.459047 0.0704911 0.00459084 9.99473E-05 9.99473E-05 9.99473E-05 9.99473E-05 0.0486 0.145353 9.99473E-05 0.267694 9.99473E-05
9.98944E-05 9.98944E-05 9.98944E-05 9.98944E-05 9.98944E-05 9.98944E-05 9.98944E-05 9.98944E-05 9.98944E-05 9.98944E-05 9.98944E-05 0.998801 9.98944E-05
9.98945E-05 9.98945E-05 0.998801 9.98945E-05 9.98945E-05 9.98945E-05 9.98945E-05 9.98945E-05 9.98945E-05 9.98945E-05 9.98945E-05 9.98945E-05 9.98945E-05
0.072846 0.506217 0.359687 9.99386E-05 9.99386E-05 9.99386E-05 9.99386E-05 9.99386E-05 0.00729228 0.0436768 9.99386E-05 0.00958191 9.99386E-05
9.9921E-05 0.610752 0.308158 9.9921E-05 9.9921E-05 9.9921E-05 0.0311555 9.9921E-05 9.9921E-05 9.9921E-05 9.9921E-05 0.0490353 9.9921E-05
9.99122E-05 0.625816 0.0696829 9.99122E-05 9.99122E-05 9.99122E-05 9.99122E-05 9.99122E-05 9.99122E-05 9.99122E-05 9.99122E-05 0.303502 9.99122E-05
9.99209E-05 0.889548 9.99209E-05 9.99209E-05 9.99209E-05 9.99209E-05 0.0374211 9.99209E-05 0.00249552 9.99209E-05 9.99209E-05 0.0696361 9.99209E-05
9.99209E-05 0.567224 0.199883 0.0549615 9.99209E-05 9.99209E-05 9.99209E-05 9.99209E-05 9.99209E-05 9.99209E-05 9.99209E-05 0.177032 9.99209E-05
0.00411874 0.462356 0.0919708 9.99474E-05 9.99474E-05 9.99474E-05 0.0318634 0.0152325 9.99474E-05 9.99474E-05 9.99474E-05 0.0315606 0.362299
9.99297E-05 0.481682 0.257222 9.99297E-05 9.99297E-05 0.0873698 0.0566723 9.99297E-05 9.99297E-05 9.99297E-05 9.99297E-05 0.116254 9.99297E-05
9.99209E-05 0.769821 0.133064 9.99209E-05 9.99209E-05 9.99209E-05 9.99209E-05 9.99209E-05 0.0495009 0.0467145 9.99209E-05 9.99209E-05 9.99209E-05
9.9921E-05 0.486781 0.194047 9.9921E-05 9.9921E-05 9.9921E-05 9.9921E-05 9.9921E-05 9.9921E-05 9.9921E-05 9.9921E-05 0.0286206 0.289652
9.9921E-05 0.90821 9.9921E-05 9.9921E-05 9.9921E-05 9.9921E-05 0.0202053 0.005174 9.9921E-05 9.9921E-05 9.9921E-05 0.065511 9.9921E-05
9.99298E-05 0.457075 0.123746 9.99298E-05 9.99298E-05 9.99298E-05 9.99298E-05 9.99298E-05 9.99298E-05 0.107341 9.99298E-05 0.180758 0.130281
9.99122E-05 0.439157 0.523966 9.99122E-05 9.99122E-05 9.99122E-05 9.99122E-05 9.99122E-05 9.99122E-05 9.99122E-05 9.99122E-05 0.0358777 9.99122E-05
0.0904127 0.446709 0.153559 0.0490257 9.99385E-05 9.99385E-05 9.99385E-05 9.99385E-05 0.00771461 9.99385E-05 9.99385E-05 0.25188 9.99385E-05
9.99121E-05 0.922114 9.99121E-05 9.99121E-05 9.99121E-05 9.99121E-05 9.99121E-05 0.00271268 0.074174 9.99121E-05 9.99121E-05 9.99121E-05 9.99121E-05
9.99209E-05 0.863264 0.0358268 9.99209E-05 9.99209E-05 9.99209E-05 9.99209E-05 9.99209E-05 9.99209E-05 0.00016682 9.99209E-05 0.0998433 9.99209E-05
9.99473E-05 0.464464 0.281598 0.0584144 0.0217177 0.0760766 9.99473E-05 9.99473E-05 9.99473E-05 0.013905 9.99473E-05 0.0832248 9.99473E-05
9.99298E-05 0.733936 0.160968 0.0366008 9.99298E-05 9.99298E-05 9.99298E-05 9.99298E-05 9.99298E-05 9.99298E-05 9.99298E-05 0.0117941 0.0559017
0.0122104 0.594214 0.0547343 9.99297E-05 9.99297E-05 9.99297E-05 9.99297E-05 9.99297E-05 9.99297E-05 0.0542384 9.99297E-05 0.283804 9.99297E-05
9.99384E-05 0.677952 0.123423 0.0835612 0.0111483 9.99384E-05 9.99384E-05 0.082807 9.99384E-05 0.0204084 9.99384E-05 9.99384E-05 9.99384E-05
9.99122E-05 0.754594 0.0755348 9.99122E-05 9.99122E-05 9.99122E-05 9.99122E-05 9.99122E-05 9.99122E-05 9.99122E-05 9.99122E-05 0.168872 9.99122E-05
9.99209E-05 0.89582 0.0576613 0.0398615 9.99209E-05 9.99209E-05 9.99209E-05 9.99209E-05 9.99209E-05 9.99209E-05 9.99209E-05 0.00575778 9.99209E-05
9.99122E-05 0.780736 0.216276 9.99122E-05 0.00198886 9.99122E-05 9.99122E-05 9.99122E-05 9.99122E-05 9.99122E-05 9.99122E-05 9.99122E-05 9.99122E-05
0.0941792 0.694686 0.0558466 9.99473E-05 9.99473E-05 9.99473E-05 9.99473E-05 0.0136486 0.0124098 0.0145522 9.99473E-05 0.114078 9.99473E-05
9.99208E-05 0.841616 0.0823219 9.99208E-05 0.0103975 9.99208E-05 9.99208E-05 9.99208E-05 9.99208E-05 9.99208E-05 9.99208E-05 0.0647657 9.99208E-05
9.99034E-05 0.919425 9.99034E-05 9.99034E-05 9.99034E-05 9.99034E-05 9.99034E-05 9.99034E-05 0.0794758 9.99034E-05 9.99034E-05 9.99034E-05 9.99034E-05
9.99209E-05 0.389648 0.0635976 0.0536659 9.99209E-05 9.99209E-05 9.99209E-05 9.99209E-05 9.99209E-05 9.99209E-05 9.99209E-05 9.99209E-05 0.492189
9.99121E-05 0.854326 9.99121E-05 9.99121E-05 0.0753811 9.99121E-05 9.99121E-05 9.99121E-05 9.99121E-05 9.99121E-05 9.99121E-05 0.0692938 9.99121E-05
9.99122E-05 0.582709 0.238862 9.99122E-05 9.99122E-05 9.99122E-05 9.99122E-05 9.99122E-05 9.99122E-05 9.99122E-05 9.99122E-05 0.17743 9.99122E-05
9.99209E-05 0.94647 9.99209E-05 9.99209E-05 9.99209E-05 9.99209E-05 9.99209E-05 0.010338 0.0375039 9.99209E-05 9.99209E-05 0.00478844 9.99209E-05
9.99297E-05 0.688545 0.144384 9.99297E-05 9.99297E-05 9.99297E-05 9.99297E-05 0.0399153 0.0940668 9.99297E-05 9.99297E-05 0.03229 9.99297E-05
9.99297E-05 0.511742 0.282642 0.07113 0.0680104 9.99297E-05 9.99297E-05 9.99297E-05 9.99297E-05 9.99297E-05 9.99297E-05 0.0656765 9.99297E-05
9.9921E-05 0.63529 0.281134 9.9921E-05 9.9921E-05 9.9921E-05 9.9921E-05 9.9921E-05 9.9921E-05 0.034119 9.9921E-05 0.0485582 9.9921E-05
9.99209E-05 0.6264 0.116556 0.2015 9.99209E-05 9.99209E-05 9.99209E-05 9.99209E-05 9.99209E-05 9.99209E-05 9.99209E-05 0.0546438 9.99209E-05
9.99209E-05 0.72946 0.106512 9.99209E-05 0.0150647 9.99209E-05 9.99209E-05 9.99209E-05 9.99209E-05 9.99209E-05 9.99209E-05 0.148065 9.99209E-05
9.99297E-05 0.621131 0.05393 9.99297E-05 0.141224 9.99297E-05 9.99297E-05 9.99297E-05 9.99297E-05 0.036895 9.99297E-05 0.14602 9.99297E-05
9.99034E-05 0.919643 9.99034E-05 9.99034E-05 9.99034E-05 9.99034E-05 9.99034E-05 9.99034E-05 9.99034E-05 9.99034E-05 9.99034E-05 0.0792584 9.99034E-05
9.99033E-05 0.503206 9.99033E-05 9.99033E-05 9.99033E-05 9.99033E-05 9.99033E-05 9.99033E-05 9.99033E-05 9.99033E-05 9.99033E-05 9.99033E-05 0.495695
0.0295146 0.627117 9.99296E-05 9.99296E-05 9.99296E-05 0.193541 9.99296E-05 9.99296E-05 9.99296E-05 0.0478141 9.99296E-05 0.101215 9.99296E-05
0.078471 0.840575 9.99298E-05 9.99298E-05 9.99298E-05 9.99298E-05 9.99298E-05 0.00794428 9.99298E-05 0.0532334 9.99298E-05 0.0189767 9.99298E-05
9.99297E-05 0.686295 0.140874 0.0191964 0.125725 9.99297E-05 9.99297E-05 9.99297E-05 9.99297E-05 9.99297E-05 9.99297E-05 0.0271102 9.99297E-05
9.99121E-05 0.81505 0.00978339 9.99121E-05 9.99121E-05 9.99121E-05 9.99121E-05 9.99121E-05 9.99121E-05 9.99121E-05 9.99121E-05 0.174168 9.99121E-05
9.99298E-05 0.901787 0.013474 0.00940996 0.0463513 9.99298E-05 9.99298E-05 9.99298E-05 9.99298E-05 9.99298E-05 9.99298E-05 0.0281779 9.99298E-05
9.99209E-05 0.690862 0.149988 9.99209E-05 9.99209E-05 9.99209E-05 0.0362618 9.99209E-05 9.99209E-05 9.99209E-05 9.99209E-05 0.12199 9.99209E-05
