9.99825E-05 0.00288185 0.178821 0.0185888 0.799509 9.99825E-05
9.9965E-05 9.9965E-05 0.0452652 9.9965E-05 0.954335 9.9965E-05
0.0448584 9.9965E-05 9.9965E-05 9.9965E-05 0.954742 9.9965E-05
0.125285 0.066642 0.0486099 0.056233 0.346868 0.356363
9.9965E-05 9.9965E-05 9.9965E-05 9.9965E-05 0.841603 0.157997
0.172892 0.229972 0.0523985 9.99912E-05 0.300159 0.244479
9.99737E-05 9.99737E-05 0.0810398 9.99737E-05 0.528611 0.39005
0.0638368 0.193182 0.0175923 9.99912E-05 0.220145 0.505144
9.99824E-05 0.301398 9.99824E-05 0.0930764 0.454956 0.15037
9.9965E-05 9.9965E-05 0.030736 9.9965E-05 0.968864 9.9965E-05
9.99825E-05 0.0207299 0.201802 0.0121751 0.765093 9.99825E-05
0.0236195 9.99825E-05 0.0166512 9.99825E-05 0.775113 0.184416
9.996E-05 9.996E-05 9.996E-05 9.996E-05 0.9995 9.996E-05
0.250762 9.99738E-05 0.0964283 9.99738E-05 0.65251 9.99738E-05
0.161758 0.151439 9.99912E-05 0.0779114 0.58911 0.0196816
0.0437153 0.156355 0.054427 9.99912E-05 0.426717 0.318685
0.134883 9.99825E-05 0.123938 9.99825E-05 0.571879 0.1691
9.999E-05 0.0109069 0.238359 0.156014 0.544075 0.0505441
9.99824E-05 0.102674 0.0714609 9.99824E-05 0.699672 0.125993
9.9965E-05 9.9965E-05 9.9965E-05 0.0302944 0.969306 9.9965E-05
9.999E-05 0.0331877 0.0351486 0.0420183 0.518823 0.370723
9.99825E-05 0.241419 0.0150202 9.99825E-05 0.30373 0.439631
9.9965E-05 9.9965E-05 0.0505324 9.9965E-05 0.949068 9.9965E-05
9.99649E-05 9.99649E-05 9.99649E-05 9.99649E-05 0.87009 0.12951
0.132698 0.0599092 0.0384012 0.038309 0.653042 0.0776405
0.0855872 9.99737E-05 9.99737E-05 9.99737E-05 0.772903 0.14121
0.299576 0.0154858 0.120228 9.99912E-05 0.347149 0.217461
9.9965E-05 9.9965E-05 9.9965E-05 9.9965E-05 0.911378 0.0882218
0.001765 9.99737E-05 9.99737E-05 0.0571884 0.940747 9.99737E-05
0.0770436 9.99825E-05 9.99825E-05 0.00135416 0.800857 0.120545
9.99737E-05 0.0148333 0.154134 9.99737E-05 0.830732 9.99737E-05
0.168932 9.99825E-05 0.0358472 9.99825E-05 0.63007 0.164951
0.0635182 9.99825E-05 0.112918 9.99825E-05 0.779845 0.0435186
0.240299 9.99825E-05 0.079963 9.99825E-05 0.613606 0.0659322
9.99738E-05 9.99738E-05 0.0718061 0.0118525 0.916041 9.99738E-05
9.99737E-05 9.99737E-05 0.150317 9.99737E-05 0.782183 0.0671995
9.99651E-05 9.99651E-05 9.99651E-05 9.99651E-05 0.794465 0.205135
0.0201619 0.172283 9.99825E-05 0.0479584 0.759397 9.99825E-05
0.0866237 9.99825E-05 9.99825E-05 0.0224395 0.854277 0.0364595
0.139356 9.99737E-05 9.99737E-05 9.99737E-05 0.590152 0.270192
9.99737E-05 9.99737E-05 0.0386124 9.99737E-05 0.864041 0.0970471
9.99738E-05 0.00782956 9.99738E-05 9.99738E-05 0.912512 0.0793588
0.0266114 9.99738E-05 9.99738E-05 9.99738E-05 0.774229 0.19886
9.99824E-05 0.115278 0.0966735 0.0770254 0.710823 9.99824E-05
9.99737E-05 9.99737E-05 9.99737E-05 0.0263732 0.660434 0.312893
9.99825E-05 9.99825E-05 0.0491028 0.0400576 0.824673 0.0859668
9.9965E-05 9.9965E-05 0.0980666 9.9965E-05 0.901534 9.9965E-05
9.99825E-05 9.99825E-05 0.0169915 0.012283 0.881399 0.0891264
9.99737E-05 9.99737E-05 0.0950822 9.99737E-05 0.82144 0.0831775
9.99738E-05 9.99738E-05 0.137954 9.99738E-05 0.707698 0.154048
9.99824E-05 0.0633928 0.140643 9.99824E-05 0.647973 0.147791
9.99737E-05 9.99737E-05 9.99737E-05 0.0693581 0.581348 0.348994
9.9965E-05 9.9965E-05 0.0831247 9.9965E-05 0.916475 9.9965E-05
9.99825E-05 9.99825E-05 0.119268 0.167192 0.614165 0.0991751
9.99738E-05 9.99738E-05 0.0492437 9.99738E-05 0.882809 0.0676473
0.164916 9.99913E-05 0.0365695 0.0232452 0.695298 0.0798709
9.99737E-05 9.99737E-05 0.130264 9.99737E-05 0.742448 0.126989
9.9965E-05 9.9965E-05 0.122491 9.9965E-05 0.877109 9.9965E-05
9.9965E-05 9.9965E-05 9.9965E-05 9.9965E-05 0.895498 0.104102
0.0753045 0.129883 0.166437 9.99824E-05 0.628176 9.99824E-05
9.99737E-05 9.99737E-05 0.107057 9.99737E-05 0.7325 0.160143
0.0602585 0.00732193 0.235414 9.99912E-05 0.66074 0.0361659
0.318828 0.27839 0.162183 9.99824E-05 0.240399 9.99824E-05
9.99824E-05 0.167314 0.131024 9.99824E-05 0.463564 0.237898
9.99824E-05 0.177462 0.188846 0.0347046 0.598788 9.99824E-05
9.99824E-05 0.14058 0.164636 9.99824E-05 0.677205 0.0173799
0.10303 0.213654 0.216966 9.99912E-05 0.434875 0.0313758
0.187493 0.0513975 0.0457017 9.99912E-05 0.645258 0.0700503
9.99737E-05 0.0694477 0.227775 9.99737E-05 0.702478 9.99737E-05
9.99824E-05 0.179057 0.256624 0.04263 0.521489 9.99824E-05
9.99824E-05 0.0851332 0.15446 9.99824E-05 0.46041 0.299797
0.151715 0.248154 0.167119 9.99912E-05 0.120707 0.312205
0.0365686 0.0615308 0.0405859 9.99912E-05 0.615591 0.245624
0.271772 9.99825E-05 0.0589342 9.99825E-05 0.549211 0.119883
0.0309088 0.0919642 0.129854 9.99825E-05 0.747073 9.99825E-05
0.161764 0.0362755 0.0155209 9.99912E-05 0.381511 0.404829
9.99824E-05 0.153683 0.313032 9.99824E-05 0.426339 0.106746
9.99737E-05 0.0444875 0.330228 9.99737E-05 0.624984 9.99737E-05
9.99824E-05 0.0683973 0.120032 9.99824E-05 0.686922 0.124449
0.190667 9.99825E-05 0.0140773 9.99825E-05 0.773188 0.0218677
0.092842 0.0317926 0.0220618 9.99912E-05 0.715203 0.138001
0.365902 0.0137613 0.164526 9.99825E-05 0.45561 9.99825E-05
0.0999902 0.0630613 0.107363 9.99912E-05 0.430775 0.298711
0.0416931 0.0361569 0.292382 9.99824E-05 0.629569 9.99824E-05
0.0393985 0.0678611 0.102187 9.99825E-05 0.790354 9.99825E-05
0.100715 0.00150677 0.0703325 9.99912E-05 0.6937 0.133647
9.99825E-05 0.0787032 0.0411228 9.99825E-05 0.769714 0.11026
9.99737E-05 0.0787546 0.226895 9.99737E-05 0.69405 9.99737E-05
0.224982 0.105929 9.99825E-05 9.99825E-05 0.629976 0.0389129
0.814734 0.184866 9.99649E-05 9.99649E-05 9.99649E-05 9.99649E-05
0.9995 9.996E-05 9.996E-05 9.996E-05 9.996E-05 9.996E-05
0.912677 9.99648E-05 0.0869236 9.99648E-05 9.99648E-05 9.99648E-05
0.73499 0.151756 0.110749 0.0023049 9.99824E-05 9.99824E-05
0.719075 0.0353973 0.161365 0.0103455 9.99912E-05 0.0737173
0.78884 0.21076 9.99649E-05 9.99649E-05 9.99649E-05 9.99649E-05
0.76996 0.0902712 0.139469 9.99736E-05 9.99736E-05 9.99736E-05
0.717484 0.282116 9.99648E-05 9.99648E-05 9.99648E-05 9.99648E-05
0.330292 0.413323 0.121643 9.99824E-05 0.134541 9.99824E-05
0.496369 0.259971 0.0444128 9.99824E-05 0.199047 9.99824E-05
0.934282 0.0653178 9.99649E-05 9.99649E-05 9.99649E-05 9.99649E-05
0.907132 0.0561635 0.0364045 9.99736E-05 9.99736E-05 9.99736E-05
0.88327 0.0919777 0.0244529 9.99737E-05 9.99737E-05 9.99737E-05
0.649215 0.255958 9.99737E-05 9.99737E-05 0.0945273 9.99737E-05
0.658011 0.105987 0.18963 9.99824E-05 9.99824E-05 0.0461715
0.655131 0.200178 0.0211895 9.99912E-05 0.0660023 0.0573996
0.791978 0.131043 0.0180807 0.0586982 9.99824E-05 9.99824E-05
0.733461 0.138135 9.99737E-05 9.99737E-05 9.99737E-05 0.128104
0.939366 0.0602346 9.99649E-05 9.99649E-05 9.99649E-05 9.99649E-05
0.713769 0.0667589 0.0162601 0.16056 0.0425517 9.99912E-05
0.700285 0.135932 9.99737E-05 9.99737E-05 9.99737E-05 0.163484
0.88458 0.0716699 0.0434503 9.99736E-05 9.99736E-05 9.99736E-05
0.53233 0.366029 9.99824E-05 0.011056 9.99824E-05 0.0903849
0.778699 0.220901 9.99649E-05 9.99649E-05 9.99649E-05 9.99649E-05
0.522033 0.32786 9.99736E-05 0.149807 9.99736E-05 9.99736E-05
0.770035 0.198828 9.99737E-05 9.99737E-05 0.0308376 9.99737E-05
0.968811 9.9965E-05 9.9965E-05 0.0307894 9.9965E-05 9.9965E-05
0.627308 0.206189 9.99736E-05 9.99736E-05 9.99736E-05 0.166203
0.643201 0.326629 9.99824E-05 0.00454691 0.0254233 9.99824E-05
0.781563 0.0534197 0.164717 9.99737E-05 9.99737E-05 9.99737E-05
0.799957 0.15042 9.99824E-05 9.99824E-05 0.034323 0.0150997
0.924147 9.99736E-05 0.0754527 0.000100774 9.99736E-05 9.99736E-05
0.333721 0.322799 0.0655182 0.277762 9.99824E-05 9.99824E-05
0.787885 0.14479 9.99736E-05 0.0670248 9.99736E-05 9.99736E-05
0.993107 9.99649E-05 9.99649E-05 0.00649297 9.99649E-05 9.99649E-05
0.777702 0.113913 0.0104117 0.0197865 9.99912E-05 0.078087
0.67805 0.197532 0.124118 9.99736E-05 9.99736E-05 9.99736E-05
0.9995 9.996E-05 9.996E-05 9.996E-05 9.996E-05 9.996E-05
0.957212 0.0252681 0.0172203 9.99737E-05 9.99737E-05 9.99737E-05
0.9995 9.996E-05 9.996E-05 9.996E-05 9.996E-05 9.996E-05
0.977319 0.0222816 9.99649E-05 9.99649E-05 9.99649E-05 9.99649E-05
0.493469 0.283725 9.99824E-05 9.99824E-05 0.178218 0.0443877
0.734079 0.209245 9.99736E-05 9.99736E-05 9.99736E-05 0.0563754
0.942253 0.0446421 9.99825E-05 0.00319821 0.00970699 9.99825E-05
0.9995 9.996E-05 9.996E-05 9.996E-05 9.996E-05 9.996E-05
0.488648 0.299111 0.00883511 0.178884 9.99912E-05 0.024421
0.750398 0.110211 0.136621 0.00256966 9.99824E-05 9.99824E-05
0.563109 0.224783 0.0266738 9.99912E-05 0.00946994 0.175864
0.401124 0.40526 0.0911083 0.0139762 0.0884312 9.99912E-05
0.9995 9.996E-05 9.996E-05 9.996E-05 9.996E-05 9.996E-05
0.682552 0.0136509 9.99912E-05 0.0885886 0.0239123 0.191196
0.902299 0.0973009 9.99649E-05 9.99649E-05 9.99649E-05 9.99649E-05
0.822337 0.177263 9.99649E-05 9.99649E-05 9.99649E-05 9.99649E-05
0.753248 0.158834 9.99736E-05 9.99736E-05 9.99736E-05 0.0876182
0.805262 0.00792756 0.110545 0.076066 9.99824E-05 9.99824E-05
0.537702 0.391758 9.99736E-05 0.0702408 9.99736E-05 9.99736E-05
0.836435 0.163165 9.99648E-05 9.99648E-05 9.99648E-05 9.99648E-05
0.811733 0.113407 9.99824E-05 0.0744219 9.99824E-05 0.00023863
0.886803 9.99649E-05 9.99649E-05 0.112797 9.99649E-05 9.99649E-05
0.746542 0.253058 9.99649E-05 9.99649E-05 9.99649E-05 9.99649E-05
9.99647E-05 9.99647E-05 9.99647E-05 0.0459768 0.953623 9.99647E-05
9.996E-05 0.9995 9.996E-05 9.996E-05 9.996E-05 9.996E-05
9.99735E-05 0.0011214 9.99735E-05 0.0511284 0.94745 9.99735E-05
9.996E-05 0.9995 9.996E-05 9.996E-05 9.996E-05 9.996E-05
9.996E-05 0.9995 9.996E-05 9.996E-05 9.996E-05 9.996E-05
9.996E-05 0.9995 9.996E-05 9.996E-05 9.996E-05 9.996E-05
9.99735E-05 0.00233251 9.99735E-05 0.0409051 0.956462 9.99735E-05
9.996E-05 0.9995 9.996E-05 9.996E-05 9.996E-05 9.996E-05
9.996E-05 0.9995 9.996E-05 9.996E-05 9.996E-05 9.996E-05
9.99647E-05 9.99647E-05 9.99647E-05 0.0788334 0.920767 9.99647E-05
9.99735E-05 0.0195408 9.99735E-05 0.0403485 0.939811 9.99735E-05
9.99647E-05 9.99647E-05 9.99647E-05 0.0914033 0.908197 9.99647E-05
9.996E-05 0.9995 9.996E-05 9.996E-05 9.996E-05 9.996E-05
9.996E-05 0.9995 9.996E-05 9.996E-05 9.996E-05 9.996E-05
9.99647E-05 9.99647E-05 9.99647E-05 0.087242 0.912358 9.99647E-05
9.996E-05 9.996E-05 9.996E-05 9.996E-05 0.9995 9.996E-05
0.528696 0.169029 9.99824E-05 0.185931 9.99824E-05 0.116145
9.99647E-05 9.99647E-05 9.99647E-05 0.0478718 0.951728 9.99647E-05
9.996E-05 0.9995 9.996E-05 9.996E-05 9.996E-05 9.996E-05
9.99647E-05 0.0129902 9.99647E-05 9.99647E-05 0.98661 9.99647E-05
9.99647E-05 0.0646927 9.99647E-05 9.99647E-05 0.934907 9.99647E-05
9.99735E-05 0.0564869 9.99735E-05 0.0652492 0.877964 9.99735E-05
9.996E-05 0.9995 9.996E-05 9.996E-05 9.996E-05 9.996E-05
9.99647E-05 0.0459239 9.99647E-05 9.99647E-05 0.953676 9.99647E-05
9.996E-05 0.9995 9.996E-05 9.996E-05 9.996E-05 9.996E-05
9.99735E-05 0.01162 9.99735E-05 0.000533464 0.987547 9.99735E-05
9.99735E-05 0.0134594 9.99735E-05 0.000678148 0.985563 9.99735E-05
9.996E-05 0.9995 9.996E-05 9.996E-05 9.996E-05 9.996E-05
9.996E-05 0.9995 9.996E-05 9.996E-05 9.996E-05 9.996E-05
9.996E-05 0.9995 9.996E-05 9.996E-05 9.996E-05 9.996E-05
0.00783942 0.0211201 0.0336231 0.0347627 0.902555 9.99912E-05
9.99735E-05 0.024912 9.99735E-05 0.0415935 0.933195 9.99735E-05
9.99735E-05 0.0241386 9.99735E-05 0.0540409 0.921521 9.99735E-05
9.996E-05 9.996E-05 9.996E-05 9.996E-05 0.9995 9.996E-05
9.99735E-05 0.0635961 9.99735E-05 0.0121827 0.923921 9.99735E-05
9.996E-05 0.9995 9.996E-05 9.996E-05 9.996E-05 9.996E-05
9.996E-05 0.9995 9.996E-05 9.996E-05 9.996E-05 9.996E-05
9.996E-05 0.9995 9.996E-05 9.996E-05 9.996E-05 9.996E-05
9.99735E-05 0.130798 9.99735E-05 0.0154293 0.853472 9.99735E-05
9.996E-05 0.9995 9.996E-05 9.996E-05 9.996E-05 9.996E-05
9.996E-05 0.9995 9.996E-05 9.996E-05 9.996E-05 9.996E-05
9.996E-05 0.9995 9.996E-05 9.996E-05 9.996E-05 9.996E-05
9.996E-05 0.9995 9.996E-05 9.996E-05 9.996E-05 9.996E-05
9.99647E-05 0.0391152 9.99647E-05 9.99647E-05 0.960485 9.99647E-05
9.996E-05 0.9995 9.996E-05 9.996E-05 9.996E-05 9.996E-05
9.996E-05 0.9995 9.996E-05 9.996E-05 9.996E-05 9.996E-05
0.483238 0.177801 9.99824E-05 0.116117 9.99824E-05 0.222645
9.99736E-05 0.0135753 9.99736E-05 0.0404496 0.945675 9.99736E-05
9.996E-05 0.9995 9.996E-05 9.996E-05 9.996E-05 9.996E-05
9.996E-05 0.9995 9.996E-05 9.996E-05 9.996E-05 9.996E-05
9.996E-05 0.9995 9.996E-05 9.996E-05 9.996E-05 9.996E-05
9.996E-05 0.9995 9.996E-05 9.996E-05 9.996E-05 9.996E-05
9.99647E-05 0.0414066 9.99647E-05 9.99647E-05 0.958194 9.99647E-05
9.996E-05 0.9995 9.996E-05 9.996E-05 9.996E-05 9.996E-05
9.99647E-05 0.0633209 9.99647E-05 9.99647E-05 0.936279 9.99647E-05
9.996E-05 0.9995 9.996E-05 9.996E-05 9.996E-05 9.996E-05
9.99735E-05 0.0208735 9.99735E-05 0.0291025 0.949724 9.99735E-05
9.996E-05 0.9995 9.996E-05 9.996E-05 9.996E-05 9.996E-05
9.996E-05 0.9995 9.996E-05 9.996E-05 9.996E-05 9.996E-05
9.996E-05 0.9995 9.996E-05 9.996E-05 9.996E-05 9.996E-05
9.996E-05 0.9995 9.996E-05 9.996E-05 9.996E-05 9.996E-05
9.996E-05 0.9995 9.996E-05 9.996E-05 9.996E-05 9.996E-05
9.996E-05 0.9995 9.996E-05 9.996E-05 9.996E-05 9.996E-05
9.99736E-05 0.000837291 9.99736E-05 0.0803522 0.918511 9.99736E-05
9.996E-05 9.996E-05 9.996E-05 9.996E-05 0.9995 9.996E-05
0.0308013 0.0153076 9.99824E-05 0.0821626 0.871529 9.99824E-05
9.996E-05 0.9995 9.996E-05 9.996E-05 9.996E-05 9.996E-05
9.99647E-05 0.0574895 9.99647E-05 9.99647E-05 0.942111 9.99647E-05
9.99647E-05 0.0475443 9.99647E-05 9.99647E-05 0.952056 9.99647E-05
9.99647E-05 0.042009 9.99647E-05 9.99647E-05 0.957591 9.99647E-05
9.996E-05 0.9995 9.996E-05 9.996E-05 9.996E-05 9.996E-05
9.996E-05 0.9995 9.996E-05 9.996E-05 9.996E-05 9.996E-05
9.996E-05 0.9995 9.996E-05 9.996E-05 9.996E-05 9.996E-05
9.99735E-05 0.12306 9.99735E-05 0.00197583 0.874664 9.99735E-05
9.996E-05 0.9995 9.996E-05 9.996E-05 9.996E-05 9.996E-05
9.996E-05 0.9995 9.996E-05 9.996E-05 9.996E-05 9.996E-05
9.99647E-05 0.0160547 9.99647E-05 9.99647E-05 0.983545 9.99647E-05
9.996E-05 0.9995 9.996E-05 9.996E-05 9.996E-05 9.996E-05
9.996E-05 0.9995 9.996E-05 9.996E-05 9.996E-05 9.996E-05
0.540519 0.119931 0.275497 0.0362798 0.0276731 9.99912E-05
9.99735E-05 0.00758223 9.99735E-05 0.0466114 0.945506 9.99735E-05
9.996E-05 0.9995 9.996E-05 9.996E-05 9.996E-05 9.996E-05
0.41554 0.488483 0.0956777 9.99737E-05 9.99737E-05 9.99737E-05
0.59984 0.272017 9.99824E-05 0.0445852 9.99824E-05 0.0833584
0.730409 0.0856652 9.99824E-05 0.0929947 9.99824E-05 0.0907307
0.829115 9.99824E-05 0.0118154 0.056532 9.99824E-05 0.102338
0.664866 0.320108 0.0147257 9.99736E-05 9.99736E-05 9.99736E-05
0.918337 0.0812634 9.9965E-05 9.9965E-05 9.9965E-05 9.9965E-05
0.447738 0.294955 9.99912E-05 0.0325639 0.142889 0.0817547
0.632644 0.18789 0.149432 0.0298343 9.99824E-05 9.99824E-05
0.806496 0.193104 9.99649E-05 9.99649E-05 9.99649E-05 9.99649E-05
0.836301 9.99736E-05 9.99736E-05 0.0678757 9.99736E-05 0.0955234
0.745978 0.117787 0.0612772 9.99824E-05 0.0747586 9.99824E-05
0.451419 0.548181 9.99648E-05 9.99648E-05 9.99648E-05 9.99648E-05
0.421886 0.246475 9.99824E-05 9.99824E-05 0.168145 0.163294
0.844334 0.0958104 0.0308464 0.028809 9.99824E-05 9.99824E-05
0.786949 0.163478 9.99824E-05 0.0231652 9.99824E-05 0.0262074
0.458523 0.357173 0.00227411 9.99912E-05 0.0553151 0.126614
0.78417 0.162985 9.99825E-05 0.0155352 9.99825E-05 0.0371099
0.544801 0.112613 0.0624394 0.0235295 0.238375 0.0182424
0.67614 0.216649 9.99736E-05 0.106911 9.99736E-05 9.99736E-05
0.67807 0.122181 9.99736E-05 9.99736E-05 9.99736E-05 0.199449
0.759448 0.186328 9.99736E-05 0.0539245 9.99736E-05 9.99736E-05
0.651184 0.276057 9.99736E-05 9.99736E-05 9.99736E-05 0.0724588
0.624036 0.163915 0.084793 0.0680286 9.99912E-05 0.0591279
0.729684 0.201431 0.0221871 0.0464987 9.99824E-05 9.99824E-05
0.833832 0.0871506 0.0495907 0.029227 9.99824E-05 9.99824E-05
0.9995 9.996E-05 9.996E-05 9.996E-05 9.996E-05 9.996E-05
0.785394 0.091012 9.99736E-05 9.99736E-05 9.99736E-05 0.123294
0.553835 0.34744 9.99912E-05 0.04385 0.02569 0.029085
0.819516 9.99824E-05 0.00856298 0.0538731 9.99824E-05 0.117848
0.688359 0.166388 0.0329179 0.101993 9.99912E-05 0.0102416
0.435192 0.483027 9.99824E-05 0.0350883 9.99824E-05 0.0464931
0.673328 0.326273 9.99649E-05 9.99649E-05 9.99649E-05 9.99649E-05
0.639493 0.332412 9.99736E-05 0.0277943 9.99736E-05 9.99736E-05
0.53325 0.26803 0.19316 9.99824E-05 9.99824E-05 0.00536064
0.615538 0.1738 0.103918 9.99912E-05 0.0159304 0.0907138
0.74758 0.11802 9.99736E-05 9.99736E-05 9.99736E-05 0.1341
0.9995 9.996E-05 9.996E-05 9.996E-05 9.996E-05 9.996E-05
0.579382 0.0343201 0.0440191 9.99912E-05 0.0880861 0.254093
0.82006 0.0638014 0.0662344 0.0497042 9.99824E-05 9.99824E-05
0.574916 0.247669 9.99824E-05 0.00257149 9.99824E-05 0.174644
0.755332 0.147435 9.99824E-05 0.0678352 9.99824E-05 0.0291981
0.820707 0.0760981 9.99824E-05 0.0436922 9.99824E-05 0.059303
0.628205 0.207807 9.99824E-05 0.0119024 9.99824E-05 0.151886
0.351258 0.607942 0.0398029 9.99824E-05 9.99824E-05 0.000797154
0.415164 0.441278 0.0578397 0.0156843 0.0699346 9.99912E-05
0.773531 0.193238 0.0329317 9.99736E-05 9.99736E-05 9.99736E-05
0.9995 9.996E-05 9.996E-05 9.996E-05 9.996E-05 9.996E-05
0.687542 0.259025 0.0531331 9.99736E-05 9.99736E-05 9.99736E-05
0.9995 9.996E-05 9.996E-05 9.996E-05 9.996E-05 9.996E-05
0.439067 0.309856 0.0225676 9.99912E-05 0.0548357 0.173573
0.9995 9.996E-05 9.996E-05 9.996E-05 9.996E-05 9.996E-05
0.924908 0.038769 0.0337524 9.99824E-05 0.00237108 9.99824E-05
0.565889 0.0586738 9.99824E-05 9.99824E-05 0.234567 0.140671
0.769118 0.230483 9.99648E-05 9.99648E-05 9.99648E-05 9.99648E-05
0.712151 0.0482162 9.99736E-05 9.99736E-05 9.99736E-05 0.239332
0.617047 0.336087 9.99737E-05 0.0465664 9.99737E-05 9.99737E-05
0.902123 0.0696949 9.99737E-05 9.99737E-05 0.027882 9.99737E-05
0.809601 0.189999 9.99649E-05 9.99649E-05 9.99649E-05 9.99649E-05
0.765948 0.187251 9.99736E-05 0.0465003 9.99736E-05 9.99736E-05
0.642312 0.277456 9.99736E-05 9.99736E-05 0.0799319 9.99736E-05
0.9995 9.996E-05 9.996E-05 9.996E-05 9.996E-05 9.996E-05
0.866143 0.133457 9.99649E-05 9.99649E-05 9.99649E-05 9.99649E-05
0.946096 9.99649E-05 9.99649E-05 9.99649E-05 0.0535044 9.99649E-05
0.873639 0.0919577 0.0341031 9.99736E-05 9.99736E-05 9.99736E-05
0.52663 0.21363 0.0470842 0.212456 9.99824E-05 9.99824E-05
0.715849 0.283751 9.99649E-05 9.99649E-05 9.99649E-05 9.99649E-05
0.988535 0.0110655 9.9965E-05 9.9965E-05 9.9965E-05 9.9965E-05
0.542959 0.302826 0.0253631 9.99912E-05 0.0472959 0.0814564
0.860824 0.0518341 0.0347512 0.0523904 9.99824E-05 9.99824E-05
0.966952 0.00944645 9.99737E-05 0.023302 9.99737E-05 9.99737E-05
0.618637 0.238366 0.00264622 0.044166 0.0960851 9.99912E-05
0.856229 9.9965E-05 9.9965E-05 9.9965E-05 0.143372 9.9965E-05
0.569423 0.430177 9.99648E-05 9.99648E-05 9.99648E-05 9.99648E-05
0.769521 9.99825E-05 0.00010597 0.0397023 9.99825E-05 0.190471
0.9995 9.996E-05 9.996E-05 9.996E-05 9.996E-05 9.996E-05
0.780923 0.218678 9.99649E-05 9.99649E-05 9.99649E-05 9.99649E-05
0.991572 0.00626943 9.99737E-05 9.99737E-05 0.00185853 9.99737E-05
0.983068 9.99648E-05 0.0165318 9.99648E-05 9.99648E-05 9.99648E-05
0.931848 0.0677519 9.99649E-05 9.99649E-05 9.99649E-05 9.99649E-05
0.585535 0.387039 0.027126 9.99736E-05 9.99736E-05 9.99736E-05
0.638969 0.195264 9.99824E-05 0.0250604 9.99824E-05 0.140507
0.48613 0.209472 0.121209 0.0668399 9.99912E-05 0.116249
0.9995 9.996E-05 9.996E-05 9.996E-05 9.996E-05 9.996E-05
0.772314 0.165378 0.0595299 9.99824E-05 9.99824E-05 0.00257787
0.587935 0.197633 9.99736E-05 0.214132 9.99736E-05 9.99736E-05
0.923417 0.0761831 9.99649E-05 9.99649E-05 9.99649E-05 9.99649E-05
0.745184 0.0829178 0.171598 9.99736E-05 9.99736E-05 9.99736E-05
0.595463 0.353565 0.0506724 9.99736E-05 9.99736E-05 9.99736E-05
0.643745 0.156977 9.99912E-05 0.0565577 0.0933576 0.0492631
0.689347 0.22825 9.99736E-05 0.0821032 9.99736E-05 9.99736E-05
0.502059 0.163678 0.0226869 0.145681 0.10046 0.0654341
0.626057 0.169845 0.0895289 9.99824E-05 0.114369 9.99824E-05
0.433551 0.384308 9.99737E-05 9.99737E-05 0.181841 9.99737E-05
0.614903 0.102777 0.0638914 0.218229 9.99824E-05 9.99824E-05
0.717289 0.282311 9.99649E-05 9.99649E-05 9.99649E-05 9.99649E-05
0.967963 0.0316372 9.99649E-05 9.99649E-05 9.99649E-05 9.99649E-05
0.555412 0.253917 9.99824E-05 0.0271595 9.99824E-05 0.163311
0.704824 0.100132 0.138691 9.99912E-05 0.0277749 0.028478
0.820973 9.99736E-05 0.054082 9.99736E-05 0.124645 9.99736E-05
0.482784 0.0740044 9.99912E-05 0.0302619 0.334295 0.0785545
0.477346 0.194379 0.129787 0.0250617 9.99912E-05 0.173326
0.729894 0.0805754 9.99736E-05 9.99736E-05 0.18923 9.99736E-05
0.598878 0.122383 0.146489 0.13205 9.99824E-05 9.99824E-05
0.903855 0.0957455 9.9965E-05 9.9965E-05 9.9965E-05 9.9965E-05
0.827945 0.151957 9.99737E-05 9.99737E-05 0.0197981 9.99737E-05
0.651693 0.195907 9.99737E-05 9.99737E-05 0.152099 9.99737E-05
0.644114 9.99824E-05 0.228012 0.00827876 0.119395 9.99824E-05
0.92207 0.0775306 9.9965E-05 9.9965E-05 9.9965E-05 9.9965E-05
0.9995 9.996E-05 9.996E-05 9.996E-05 9.996E-05 9.996E-05
0.84609 0.101885 0.00390885 0.0479162 9.99824E-05 9.99824E-05
0.8605 0.132594 9.99737E-05 0.0066059 9.99737E-05 9.99737E-05
0.9995 9.996E-05 9.996E-05 9.996E-05 9.996E-05 9.996E-05
0.801353 0.198247 9.99648E-05 9.99648E-05 9.99648E-05 9.99648E-05
0.750481 0.0662084 9.99912E-05 0.0511676 0.0756688 0.0563739
0.517997 9.99824E-05 0.0882323 0.18942 0.204151 9.99824E-05
0.641812 0.357788 9.99649E-05 9.99649E-05 9.99649E-05 9.99649E-05
0.727297 0.256322 9.99736E-05 0.0160816 9.99736E-05 9.99736E-05
0.69022 0.00423422 0.15788 0.0584985 0.0890677 9.99912E-05
0.975309 0.0172827 9.99737E-05 0.00710834 9.99737E-05 9.99737E-05
0.523924 0.00151322 9.99912E-05 0.0354242 0.22118 0.217859
0.832109 9.99824E-05 0.0900484 9.99824E-05 0.0087568 0.0688855
0.640521 0.247106 0.112073 9.99736E-05 9.99736E-05 9.99736E-05
0.526845 0.193195 9.99912E-05 0.00853222 0.191001 0.0803262
0.589724 0.224586 9.99736E-05 9.99736E-05 9.99736E-05 0.18539
0.855602 0.143999 9.99649E-05 9.99649E-05 9.99649E-05 9.99649E-05
0.663144 0.138378 0.198178 9.99736E-05 9.99736E-05 9.99736E-05
0.977142 9.99649E-05 9.99649E-05 0.0224581 9.99649E-05 9.99649E-05
0.906854 0.0927466 9.9965E-05 9.9965E-05 9.9965E-05 9.9965E-05
0.654704 0.237943 0.0484453 9.99824E-05 9.99824E-05 0.0587082
0.711193 0.140067 9.99824E-05 0.0431509 9.99824E-05 0.105389
0.141382 0.231733 9.99824E-05 9.99824E-05 0.425089 0.201595
0.147873 0.144155 9.99824E-05 9.99824E-05 0.464563 0.243209
0.114271 0.283822 0.108759 0.029933 0.260838 0.202376
0.26494 0.131904 0.0711837 9.99912E-05 0.320581 0.211291
0.218286 0.175801 0.17956 0.0853017 0.272603 0.068448
0.125153 0.113725 9.99825E-05 9.99825E-05 0.727978 0.0329442
0.0742153 0.222017 0.0598952 9.99912E-05 0.611449 0.0323239
0.109782 0.263271 0.0710426 0.0300694 0.395156 0.130679
0.277125 0.0887973 0.081413 9.99912E-05 0.462144 0.0904206
0.154178 0.312442 9.99824E-05 9.99824E-05 0.387768 0.145412
0.195347 0.147056 0.243312 9.99824E-05 0.414085 9.99824E-05
0.171818 9.99737E-05 9.99737E-05 0.149453 0.678429 9.99737E-05
0.113778 0.211068 9.99912E-05 0.0345853 0.470366 0.170102
0.0776318 0.103012 9.99825E-05 9.99825E-05 0.757328 0.0618279
0.204437 0.0338626 0.176894 9.99912E-05 0.542308 0.0423981
0.065286 0.25666 9.99824E-05 9.99824E-05 0.43274 0.245114
0.101225 0.172633 0.0601163 9.99912E-05 0.541738 0.124188
0.133147 0.0477344 0.0206152 0.00402823 0.616509 0.177966
9.99912E-05 0.212544 0.186852 0.106013 0.454937 0.0395543
9.99737E-05 0.289042 9.99737E-05 9.99737E-05 0.472873 0.237786
9.99737E-05 0.255812 0.104515 9.99737E-05 0.639374 9.99737E-05
0.0811882 0.151937 9.99824E-05 9.99824E-05 0.603563 0.163112
9.99824E-05 0.0787014 0.126401 0.0380065 0.756691 9.99824E-05
0.143261 0.43399 0.0443657 9.99912E-05 0.20676 0.171523
9.99824E-05 0.583615 0.0200282 0.0574002 0.338756 9.99824E-05
0.0838791 0.475441 9.99912E-05 0.038435 0.368284 0.0338604
9.99736E-05 0.435067 9.99736E-05 9.99736E-05 0.479189 0.0854446
9.99737E-05 0.407499 9.99737E-05 9.99737E-05 0.54296 0.0492418
0.0538312 0.472305 9.99824E-05 9.99824E-05 0.454205 0.0194592
0.230198 0.505141 0.0785646 9.99824E-05 0.185896 9.99824E-05
0.206228 0.293145 9.99824E-05 0.00454183 0.495885 9.99824E-05
0.183058 0.288371 9.99824E-05 9.99824E-05 0.378047 0.150324
9.99736E-05 0.568584 0.0536508 9.99736E-05 0.377465 9.99736E-05
0.186532 0.379232 0.0591022 0.0512208 0.2914 0.0325138
0.0535582 0.461573 9.99737E-05 9.99737E-05 0.484569 9.99737E-05
9.99824E-05 0.559479 0.063444 0.0603546 0.316522 9.99824E-05
0.190213 0.509573 9.99737E-05 9.99737E-05 0.299914 9.99737E-05
0.24142 0.402282 9.99737E-05 9.99737E-05 0.355998 9.99737E-05
0.272124 0.436652 9.99824E-05 9.99824E-05 0.262367 0.0286571
0.271316 0.395258 0.0775174 9.99824E-05 0.255709 9.99824E-05
0.204718 0.474979 9.99737E-05 9.99737E-05 0.320004 9.99737E-05
9.99649E-05 0.603407 9.99649E-05 9.99649E-05 0.396193 9.99649E-05
0.116228 0.40033 0.0828553 9.99825E-05 0.400386 9.99825E-05
0.039107 0.635668 0.0661407 9.99824E-05 0.258884 9.99824E-05
0.0903806 0.348928 0.00571258 9.99912E-05 0.524985 0.0298939
0.00796638 0.644043 9.99824E-05 0.0469598 0.300831 9.99824E-05
0.9995 9.996E-05 9.996E-05 9.996E-05 9.996E-05 9.996E-05
9.99737E-05 0.444937 9.99737E-05 9.99737E-05 0.519688 0.0350756
0.128565 0.465491 0.0113832 9.99824E-05 0.394361 9.99824E-05
0.0387287 0.253326 0.0751243 9.99912E-05 0.457026 0.175695
0.173475 0.379114 9.99736E-05 9.99736E-05 0.44711 9.99736E-05
0.114602 0.571072 9.99824E-05 9.99824E-05 0.281932 0.0321937
0.185723 0.412977 9.99737E-05 9.99737E-05 0.401 9.99737E-05
9.99737E-05 0.45231 9.99737E-05 9.99737E-05 0.485775 0.0616149
9.99736E-05 0.327861 9.99736E-05 0.0692373 0.602602 9.99736E-05
0.146116 0.381475 0.0749737 9.99825E-05 0.397235 9.99825E-05
0.00479268 0.497609 9.99824E-05 9.99824E-05 0.45355 0.0438483
9.99649E-05 0.499624 9.99649E-05 9.99649E-05 0.499976 9.99649E-05
0.200661 0.428433 9.99736E-05 9.99736E-05 0.370606 9.99736E-05
0.331865 0.420875 9.99824E-05 9.99824E-05 0.230015 0.0170448
0.125743 0.307355 0.0418767 9.99825E-05 0.524825 9.99825E-05
0.0550606 0.343289 9.99824E-05 9.99824E-05 0.509301 0.0921493
0.135501 0.462269 9.99737E-05 9.99737E-05 0.40193 9.99737E-05
0.00812095 0.428545 9.99737E-05 9.99737E-05 0.563034 9.99737E-05
0.123419 0.430349 9.99737E-05 9.99737E-05 0.445932 9.99737E-05
0.15624 0.467437 0.12142 9.99824E-05 0.254704 9.99824E-05
9.99736E-05 0.508936 0.048488 9.99736E-05 0.442276 9.99736E-05
9.99824E-05 0.000395922 0.0104591 9.99824E-05 0.43638 0.552565
9.99737E-05 0.171486 9.99737E-05 9.99737E-05 0.267379 0.560835
9.99912E-05 0.317359 0.343788 0.021248 0.0622838 0.255222
9.99824E-05 0.114515 0.0996582 9.99824E-05 0.319509 0.466118
9.99737E-05 0.235524 9.99737E-05 9.99737E-05 0.210072 0.554104
9.99824E-05 0.112941 0.0895785 9.99824E-05 0.393721 0.40356
9.99824E-05 0.143232 0.0740578 9.99824E-05 0.349522 0.432988
9.99824E-05 0.128589 0.0363688 9.99824E-05 0.393455 0.441387
0.011137 0.411974 0.0993813 9.99912E-05 0.133888 0.343519
9.99912E-05 0.0808822 0.486435 0.0347689 0.389639 0.00817443
9.99824E-05 0.161054 0.102494 9.99824E-05 0.326384 0.409868
9.99825E-05 0.258595 0.113701 9.99825E-05 0.207274 0.42023
0.0280988 0.0459349 0.196439 0.00520008 0.331983 0.392345
9.99824E-05 0.113972 0.0846808 9.99824E-05 0.380771 0.420376
9.99824E-05 0.137242 0.0529019 9.99824E-05 0.269229 0.540427
9.99824E-05 0.103112 0.0683953 9.99824E-05 0.325739 0.502554
9.99824E-05 0.112959 0.111693 9.99824E-05 0.388396 0.386752
9.99824E-05 0.223357 0.0249412 9.99824E-05 0.329292 0.422209
0.00371491 0.19398 0.250625 9.99912E-05 0.281793 0.269786
9.99824E-05 0.0339589 0.132786 9.99824E-05 0.453254 0.379801
9.996E-05 9.996E-05 0.9995 9.996E-05 9.996E-05 9.996E-05
9.996E-05 9.996E-05 0.9995 9.996E-05 9.996E-05 9.996E-05
9.996E-05 9.996E-05 0.9995 9.996E-05 9.996E-05 9.996E-05
9.996E-05 9.996E-05 0.9995 9.996E-05 9.996E-05 9.996E-05
9.996E-05 9.996E-05 0.9995 9.996E-05 9.996E-05 9.996E-05
9.996E-05 9.996E-05 0.9995 9.996E-05 9.996E-05 9.996E-05
9.996E-05 9.996E-05 0.9995 9.996E-05 9.996E-05 9.996E-05
9.996E-05 9.996E-05 0.9995 9.996E-05 9.996E-05 9.996E-05
9.996E-05 9.996E-05 0.9995 9.996E-05 9.996E-05 9.996E-05
9.996E-05 9.996E-05 0.9995 9.996E-05 9.996E-05 9.996E-05
9.996E-05 9.996E-05 0.9995 9.996E-05 9.996E-05 9.996E-05
9.996E-05 9.996E-05 0.9995 9.996E-05 9.996E-05 9.996E-05
9.996E-05 9.996E-05 0.9995 9.996E-05 9.996E-05 9.996E-05
9.996E-05 9.996E-05 0.9995 9.996E-05 9.996E-05 9.996E-05
9.996E-05 9.996E-05 0.9995 9.996E-05 9.996E-05 9.996E-05
9.996E-05 9.996E-05 0.9995 9.996E-05 9.996E-05 9.996E-05
9.996E-05 9.996E-05 0.9995 9.996E-05 9.996E-05 9.996E-05
9.996E-05 9.996E-05 0.9995 9.996E-05 9.996E-05 9.996E-05
9.996E-05 9.996E-05 0.9995 9.996E-05 9.996E-05 9.996E-05
9.996E-05 9.996E-05 0.9995 9.996E-05 9.996E-05 9.996E-05
9.996E-05 9.996E-05 0.9995 9.996E-05 9.996E-05 9.996E-05
9.996E-05 9.996E-05 0.9995 9.996E-05 9.996E-05 9.996E-05
9.996E-05 9.996E-05 0.9995 9.996E-05 9.996E-05 9.996E-05
9.996E-05 9.996E-05 0.9995 9.996E-05 9.996E-05 9.996E-05
9.996E-05 9.996E-05 0.9995 9.996E-05 9.996E-05 9.996E-05
9.996E-05 9.996E-05 0.9995 9.996E-05 9.996E-05 9.996E-05
9.996E-05 9.996E-05 0.9995 9.996E-05 9.996E-05 9.996E-05
9.996E-05 9.996E-05 0.9995 9.996E-05 9.996E-05 9.996E-05
9.996E-05 9.996E-05 0.9995 9.996E-05 9.996E-05 9.996E-05
9.996E-05 9.996E-05 0.9995 9.996E-05 9.996E-05 9.996E-05
9.996E-05 9.996E-05 0.9995 9.996E-05 9.996E-05 9.996E-05
9.996E-05 9.996E-05 0.9995 9.996E-05 9.996E-05 9.996E-05
9.996E-05 9.996E-05 0.9995 9.996E-05 9.996E-05 9.996E-05
9.996E-05 9.996E-05 0.9995 9.996E-05 9.996E-05 9.996E-05
9.996E-05 9.996E-05 0.9995 9.996E-05 9.996E-05 9.996E-05
9.996E-05 9.996E-05 0.9995 9.996E-05 9.996E-05 9.996E-05
9.996E-05 9.996E-05 0.9995 9.996E-05 9.996E-05 9.996E-05
9.996E-05 9.996E-05 0.9995 9.996E-05 9.996E-05 9.996E-05
9.996E-05 9.996E-05 0.9995 9.996E-05 9.996E-05 9.996E-05
9.996E-05 9.996E-05 0.9995 9.996E-05 9.996E-05 9.996E-05
9.996E-05 9.996E-05 0.9995 9.996E-05 9.996E-05 9.996E-05
9.996E-05 9.996E-05 0.9995 9.996E-05 9.996E-05 9.996E-05
9.996E-05 9.996E-05 0.9995 9.996E-05 9.996E-05 9.996E-05
9.996E-05 9.996E-05 0.9995 9.996E-05 9.996E-05 9.996E-05
9.996E-05 9.996E-05 0.9995 9.996E-05 9.996E-05 9.996E-05
9.996E-05 9.996E-05 0.9995 9.996E-05 9.996E-05 9.996E-05
9.996E-05 9.996E-05 0.9995 9.996E-05 9.996E-05 9.996E-05
9.996E-05 9.996E-05 0.9995 9.996E-05 9.996E-05 9.996E-05
9.996E-05 9.996E-05 0.9995 9.996E-05 9.996E-05 9.996E-05
9.996E-05 9.996E-05 0.9995 9.996E-05 9.996E-05 9.996E-05
9.996E-05 9.996E-05 0.9995 9.996E-05 9.996E-05 9.996E-05
9.996E-05 9.996E-05 0.9995 9.996E-05 9.996E-05 9.996E-05
9.996E-05 9.996E-05 0.9995 9.996E-05 9.996E-05 9.996E-05
9.996E-05 9.996E-05 0.9995 9.996E-05 9.996E-05 9.996E-05
9.996E-05 9.996E-05 0.9995 9.996E-05 9.996E-05 9.996E-05
9.996E-05 9.996E-05 0.9995 9.996E-05 9.996E-05 9.996E-05
9.996E-05 9.996E-05 0.9995 9.996E-05 9.996E-05 9.996E-05
9.996E-05 9.996E-05 0.9995 9.996E-05 9.996E-05 9.996E-05
9.996E-05 9.996E-05 0.9995 9.996E-05 9.996E-05 9.996E-05
9.996E-05 9.996E-05 0.9995 9.996E-05 9.996E-05 9.996E-05
9.996E-05 9.996E-05 0.9995 9.996E-05 9.996E-05 9.996E-05
9.996E-05 9.996E-05 0.9995 9.996E-05 9.996E-05 9.996E-05
9.996E-05 9.996E-05 0.9995 9.996E-05 9.996E-05 9.996E-05
9.996E-05 9.996E-05 0.9995 9.996E-05 9.996E-05 9.996E-05
9.996E-05 9.996E-05 0.9995 9.996E-05 9.996E-05 9.996E-05
9.996E-05 9.996E-05 0.9995 9.996E-05 9.996E-05 9.996E-05
9.996E-05 9.996E-05 0.9995 9.996E-05 9.996E-05 9.996E-05
9.99648E-05 9.99648E-05 0.98713 9.99648E-05 9.99648E-05 0.0124702
9.996E-05 9.996E-05 0.9995 9.996E-05 9.996E-05 9.996E-05
9.996E-05 9.996E-05 0.9995 9.996E-05 9.996E-05 9.996E-05
9.996E-05 9.996E-05 0.9995 9.996E-05 9.996E-05 9.996E-05
9.996E-05 9.996E-05 0.9995 9.996E-05 9.996E-05 9.996E-05
9.996E-05 9.996E-05 0.9995 9.996E-05 9.996E-05 9.996E-05
9.996E-05 9.996E-05 0.9995 9.996E-05 9.996E-05 9.996E-05
9.996E-05 9.996E-05 0.9995 9.996E-05 9.996E-05 9.996E-05
9.996E-05 9.996E-05 0.9995 9.996E-05 9.996E-05 9.996E-05
9.996E-05 9.996E-05 0.9995 9.996E-05 9.996E-05 9.996E-05
9.99648E-05 9.99648E-05 0.985375 9.99648E-05 9.99648E-05 0.0142255
9.996E-05 9.996E-05 0.9995 9.996E-05 9.996E-05 9.996E-05
9.996E-05 9.996E-05 0.9995 9.996E-05 9.996E-05 9.996E-05
9.996E-05 9.996E-05 0.9995 9.996E-05 9.996E-05 9.996E-05
9.996E-05 9.996E-05 0.9995 9.996E-05 9.996E-05 9.996E-05
9.99648E-05 9.99648E-05 0.976479 0.0231213 9.99648E-05 9.99648E-05
9.996E-05 9.996E-05 0.9995 9.996E-05 9.996E-05 9.996E-05
9.996E-05 9.996E-05 0.9995 9.996E-05 9.996E-05 9.996E-05
9.996E-05 9.996E-05 0.9995 9.996E-05 9.996E-05 9.996E-05
9.996E-05 9.996E-05 0.9995 9.996E-05 9.996E-05 9.996E-05
9.996E-05 9.996E-05 0.9995 9.996E-05 9.996E-05 9.996E-05
9.996E-05 9.996E-05 0.9995 9.996E-05 9.996E-05 9.996E-05
9.996E-05 9.996E-05 0.9995 9.996E-05 9.996E-05 9.996E-05
9.996E-05 9.996E-05 0.9995 9.996E-05 9.996E-05 9.996E-05
9.996E-05 9.996E-05 0.9995 9.996E-05 9.996E-05 9.996E-05
9.996E-05 9.996E-05 0.9995 9.996E-05 9.996E-05 9.996E-05
9.996E-05 9.996E-05 0.9995 9.996E-05 9.996E-05 9.996E-05
9.996E-05 9.996E-05 0.9995 9.996E-05 9.996E-05 9.996E-05
9.996E-05 9.996E-05 0.9995 9.996E-05 9.996E-05 9.996E-05
9.996E-05 9.996E-05 0.9995 9.996E-05 9.996E-05 9.996E-05
9.99736E-05 9.99736E-05 0.867451 0.0184424 9.99736E-05 0.113807
9.996E-05 9.996E-05 0.9995 9.996E-05 9.996E-05 9.996E-05
9.996E-05 9.996E-05 0.9995 9.996E-05 9.996E-05 9.996E-05
9.996E-05 9.996E-05 0.9995 9.996E-05 9.996E-05 9.996E-05
9.996E-05 9.996E-05 0.9995 9.996E-05 9.996E-05 9.996E-05
9.996E-05 9.996E-05 0.9995 9.996E-05 9.996E-05 9.996E-05
9.996E-05 9.996E-05 0.9995 9.996E-05 9.996E-05 9.996E-05
9.996E-05 9.996E-05 0.9995 9.996E-05 9.996E-05 9.996E-05
9.996E-05 9.996E-05 0.9995 9.996E-05 9.996E-05 9.996E-05
9.996E-05 9.996E-05 0.9995 9.996E-05 9.996E-05 9.996E-05
9.996E-05 9.996E-05 0.9995 9.996E-05 9.996E-05 9.996E-05
9.996E-05 9.996E-05 0.9995 9.996E-05 9.996E-05 9.996E-05
9.996E-05 9.996E-05 0.9995 9.996E-05 9.996E-05 9.996E-05
9.99648E-05 9.99648E-05 0.993652 9.99648E-05 9.99648E-05 0.00594817
9.99736E-05 9.99736E-05 0.975117 0.0199721 9.99736E-05 0.00461072
9.996E-05 9.996E-05 0.9995 9.996E-05 9.996E-05 9.996E-05
9.996E-05 9.996E-05 0.9995 9.996E-05 9.996E-05 9.996E-05
9.996E-05 9.996E-05 0.9995 9.996E-05 9.996E-05 9.996E-05
9.996E-05 9.996E-05 0.9995 9.996E-05 9.996E-05 9.996E-05
9.99649E-05 9.99649E-05 0.999485 0.000115068 9.99649E-05 9.99649E-05
9.996E-05 9.996E-05 0.9995 9.996E-05 9.996E-05 9.996E-05
9.99649E-05 9.99649E-05 0.994367 0.00523358 9.99649E-05 9.99649E-05
9.99649E-05 9.99649E-05 0.992682 9.99649E-05 9.99649E-05 0.0069178
9.996E-05 9.996E-05 0.9995 9.996E-05 9.996E-05 9.996E-05
9.996E-05 9.996E-05 0.9995 9.996E-05 9.996E-05 9.996E-05
9.996E-05 9.996E-05 0.9995 9.996E-05 9.996E-05 9.996E-05
9.996E-05 9.996E-05 0.9995 9.996E-05 9.996E-05 9.996E-05
9.996E-05 9.996E-05 0.9995 9.996E-05 9.996E-05 9.996E-05
9.996E-05 9.996E-05 0.9995 9.996E-05 9.996E-05 9.996E-05
9.996E-05 9.996E-05 0.9995 9.996E-05 9.996E-05 9.996E-05
9.996E-05 9.996E-05 0.9995 9.996E-05 9.996E-05 9.996E-05
9.996E-05 9.996E-05 0.9995 9.996E-05 9.996E-05 9.996E-05
9.996E-05 9.996E-05 0.9995 9.996E-05 9.996E-05 9.996E-05
9.99736E-05 9.99736E-05 0.540805 0.166516 9.99736E-05 0.292379
9.99736E-05 9.99736E-05 0.6092 0.0866887 9.99736E-05 0.303812
9.99737E-05 9.99737E-05 0.77787 0.218894 9.99737E-05 0.00293574
9.99737E-05 9.99737E-05 0.789676 0.158971 9.99737E-05 0.0510529
9.99736E-05 9.99736E-05 0.53408 0.175558 9.99736E-05 0.290062
9.99736E-05 9.99736E-05 0.537081 0.162682 9.99736E-05 0.299937
9.99736E-05 9.99736E-05 0.464993 0.183173 9.99736E-05 0.351534
9.99649E-05 9.99649E-05 0.76508 0.23452 9.99649E-05 9.99649E-05
9.99736E-05 9.99736E-05 0.516565 0.119956 9.99736E-05 0.363179
9.99736E-05 9.99736E-05 0.600399 0.153068 9.99736E-05 0.246233
9.99736E-05 9.99736E-05 0.546918 0.162548 9.99736E-05 0.290234
9.99737E-05 9.99737E-05 0.328508 0.00381413 9.99737E-05 0.667378
9.99648E-05 9.99648E-05 0.886276 0.113324 9.99648E-05 9.99648E-05
9.99736E-05 9.99736E-05 0.557322 0.401889 9.99736E-05 0.0404891
9.99648E-05 9.99648E-05 0.865586 0.134014 9.99648E-05 9.99648E-05
9.99648E-05 9.99648E-05 0.806554 0.193046 9.99648E-05 9.99648E-05
9.99649E-05 9.99649E-05 0.806744 0.192857 9.99649E-05 9.99649E-05
9.99736E-05 9.99736E-05 0.0612022 0.126392 9.99736E-05 0.812106
9.99736E-05 9.99736E-05 0.26096 0.125089 9.99736E-05 0.613651
9.99736E-05 0.010499 0.22685 9.99736E-05 9.99736E-05 0.762351
9.99736E-05 0.0316209 0.0943622 9.99736E-05 9.99736E-05 0.873717
9.99736E-05 9.99736E-05 0.221749 0.114537 9.99736E-05 0.663414
9.99649E-05 9.99649E-05 0.0838985 9.99649E-05 9.99649E-05 0.915702
9.99648E-05 9.99648E-05 9.99648E-05 0.029448 9.99648E-05 0.970152
9.99648E-05 9.99648E-05 0.121279 9.99648E-05 9.99648E-05 0.878321
9.99824E-05 0.0418623 0.110963 0.0507702 9.99824E-05 0.796205
9.99736E-05 9.99736E-05 0.31044 0.0939309 9.99736E-05 0.59533
9.99824E-05 0.0651575 0.0711794 0.210308 9.99824E-05 0.653155
9.99648E-05 0.0150054 9.99648E-05 9.99648E-05 9.99648E-05 0.984595
9.99737E-05 9.99737E-05 0.179673 0.363814 9.99737E-05 0.456213
9.99649E-05 9.99649E-05 9.99649E-05 0.418022 9.99649E-05 0.581579
9.99736E-05 9.99736E-05 0.108654 0.272905 9.99736E-05 0.618141
9.99825E-05 0.0979167 0.090662 0.187069 9.99825E-05 0.624152
9.99736E-05 9.99736E-05 0.150675 0.244996 9.99736E-05 0.60403
9.99824E-05 0.0302172 0.0232555 0.0701037 9.99824E-05 0.876224
9.99824E-05 0.0454595 0.354092 0.0288217 9.99824E-05 0.571427
9.99736E-05 9.99736E-05 0.0708106 0.541207 9.99736E-05 0.387682
9.99736E-05 9.99736E-05 0.107055 0.43032 9.99736E-05 0.462325
9.99736E-05 9.99736E-05 0.0272298 0.193477 9.99736E-05 0.778993
9.99736E-05 9.99736E-05 0.0734573 0.443683 9.99736E-05 0.48256
9.996E-05 9.996E-05 9.996E-05 9.996E-05 9.996E-05 0.9995
9.99736E-05 9.99736E-05 0.263737 0.158045 9.99736E-05 0.577919
9.99736E-05 9.99736E-05 0.263737 0.158045 9.99736E-05 0.577919
9.99649E-05 9.99649E-05 0.18215 9.99649E-05 9.99649E-05 0.81745
9.99736E-05 9.99736E-05 0.314068 0.0155724 9.99736E-05 0.67006
9.99736E-05 9.99736E-05 0.145548 0.123098 9.99736E-05 0.731054
9.99736E-05 9.99736E-05 0.122388 0.191722 9.99736E-05 0.68559
9.99736E-05 9.99736E-05 0.05537 0.0622554 9.99736E-05 0.882075
9.99824E-05 0.0102052 0.267948 0.144135 9.99824E-05 0.577512
9.99912E-05 0.0220857 0.22793 0.0379535 0.0399618 0.671969
9.99736E-05 9.99736E-05 0.0813793 0.149154 9.99736E-05 0.769167
9.99648E-05 9.99648E-05 9.99648E-05 0.307102 9.99648E-05 0.692498
9.99736E-05 9.99736E-05 0.0301586 0.203098 9.99736E-05 0.766444
9.99736E-05 9.99736E-05 0.0519461 0.169807 9.99736E-05 0.777947
9.99736E-05 9.99736E-05 0.132674 0.064282 9.99736E-05 0.802744
9.99649E-05 9.99649E-05 9.99649E-05 0.42433 9.99649E-05 0.57527
9.99736E-05 9.99736E-05 0.165218 0.0952063 9.99736E-05 0.739276
9.99648E-05 9.99648E-05 0.194685 9.99648E-05 9.99648E-05 0.804915
9.99648E-05 9.99648E-05 9.99648E-05 0.131004 9.99648E-05 0.868596
9.99648E-05 9.99648E-05 9.99648E-05 0.131004 9.99648E-05 0.868596
9.99736E-05 0.0127654 9.99736E-05 9.99736E-05 0.00527568 0.981659
9.99736E-05 9.99736E-05 0.0353793 0.0730429 9.99736E-05 0.891278
9.99736E-05 9.99736E-05 0.132674 0.064282 9.99736E-05 0.802744
9.99648E-05 9.99648E-05 9.99648E-05 0.15126 9.99648E-05 0.84834
9.99737E-05 9.99737E-05 0.29128 0.306882 9.99737E-05 0.401538
9.99736E-05 9.99736E-05 0.123851 0.054742 9.99736E-05 0.821107
9.99648E-05 9.99648E-05 9.99648E-05 0.130594 9.99648E-05 0.869007
0.0194797 0.0730265 0.115964 9.99824E-05 9.99824E-05 0.79133
9.99736E-05 0.0487852 0.102197 9.99736E-05 9.99736E-05 0.848718
9.99736E-05 9.99736E-05 0.229974 0.1295 9.99736E-05 0.640226
9.99736E-05 9.99736E-05 0.038705 0.0955082 9.99736E-05 0.865487
9.99736E-05 0.0449316 0.196778 9.99736E-05 9.99736E-05 0.75799
9.99736E-05 9.99736E-05 0.236305 0.309017 9.99736E-05 0.454378
9.99824E-05 0.0413247 9.99824E-05 0.112321 0.0135423 0.832612
9.99736E-05 9.99736E-05 0.00212886 0.158611 9.99736E-05 0.83896
9.99648E-05 9.99648E-05 9.99648E-05 0.127104 9.99648E-05 0.872496
9.99648E-05 9.99648E-05 9.99648E-05 0.131004 9.99648E-05 0.868596
9.99736E-05 9.99736E-05 0.143632 0.0444289 9.99736E-05 0.811639
