9.98508E-05 9.98508E-05 0.370535 9.98508E-05 9.98508E-05 9.98508E-05 9.98508E-05 0.0560555 9.98508E-05 9.98508E-05 9.98508E-05 9.98508E-05 9.98508E-05 9.98508E-05 9.98508E-05 0.357995 9.98508E-05 9.98508E-05 0.0183671 0.127417 0.00166665 9.98508E-05 9.98508E-05 0.0662657
9.98245E-05 9.98245E-05 0.800902 9.98245E-05 0.000838819 9.98245E-05 9.98245E-05 9.98245E-05 9.98245E-05 9.98245E-05 9.98245E-05 9.98245E-05 0.123376 9.98245E-05 9.98245E-05 9.98245E-05 9.98245E-05 9.98245E-05 9.98245E-05 9.98245E-05 0.0728867 9.98245E-05 9.98245E-05 9.98245E-05
9.98158E-05 9.98158E-05 9.98158E-05 9.98158E-05 9.98158E-05 0.0330926 9.98158E-05 9.98158E-05 9.98158E-05 9.98158E-05 9.98158E-05 0.939713 9.98158E-05 9.98158E-05 9.98158E-05 9.98158E-05 9.98158E-05 9.98158E-05 9.98158E-05 9.98158E-05 9.98158E-05 9.98158E-05 0.0250984 9.98158E-05
9.98684E-05 0.227305 9.98684E-05 9.98684E-05 9.98684E-05 9.98684E-05 0.0152583 0.0137565 9.98684E-05 9.98684E-05 0.0970986 0.326651 9.98684E-05 9.98684E-05 9.98684E-05 9.98684E-05 9.98684E-05 9.98684E-05 0.0215298 0.151563 9.98684E-05 0.0241769 9.98684E-05 0.121163
9.98158E-05 9.98158E-05 0.874868 9.98158E-05 0.0254006 0.0976349 9.98158E-05 9.98158E-05 9.98158E-05 9.98158E-05 9.98158E-05 9.98158E-05 9.98158E-05 9.98158E-05 9.98158E-05 9.98158E-05 9.98158E-05 9.98158E-05 9.98158E-05 9.98158E-05 9.98158E-05 9.98158E-05 9.98158E-05 9.98158E-05
9.98596E-05 0.00966634 9.98596E-05 9.98596E-05 9.98596E-05 0.191372 0.16447 9.98596E-05 9.98596E-05 9.98596E-05 0.0970373 0.365865 9.98596E-05 9.98596E-05 9.98596E-05 0.149455 9.98596E-05 9.98596E-05 9.98596E-05 0.0112678 9.98596E-05 9.98596E-05 9.98596E-05 0.0092687
9.98859E-05 0.162707 0.253421 9.98859E-05 9.98859E-05 9.98859E-05 9.98859E-05 0.00341628 9.98859E-05 9.98859E-05 9.98859E-05 0.00854903 9.98859E-05 0.0100341 9.98859E-05 0.124209 9.98859E-05 9.98859E-05 0.116226 0.215283 0.0240949 0.00373214 0.0770284 9.98859E-05
9.98773E-05 0.0547868 0.195761 0.00609688 0.0690388 0.0869705 0.134255 9.98773E-05 9.98773E-05 0.0913447 9.98773E-05 9.98773E-05 9.98773E-05 9.98773E-05 0.0173311 0.175251 9.98773E-05 9.98773E-05 9.98773E-05 0.167766 9.98773E-05 9.98773E-05 9.98773E-05 9.98773E-05
9.98508E-05 9.98508E-05 9.98508E-05 9.98508E-05 9.98508E-05 9.98508E-05 0.247217 0.242687 9.98508E-05 9.98508E-05 0.0104013 0.272528 9.98508E-05 9.98508E-05 9.98508E-05 9.98508E-05 9.98508E-05 9.98508E-05 9.98508E-05 9.98508E-05 0.0593759 0.0345633 0.13153 9.98508E-05
9.9807E-05 9.9807E-05 0.894686 9.9807E-05 9.9807E-05 9.9807E-05 9.9807E-05 0.103118 9.9807E-05 9.9807E-05 9.9807E-05 9.9807E-05 9.9807E-05 9.9807E-05 9.9807E-05 9.9807E-05 9.9807E-05 9.9807E-05 9.9807E-05 9.9807E-05 9.9807E-05 9.9807E-05 9.9807E-05 9.9807E-05
9.98421E-05 9.98421E-05 0.189614 9.98421E-05 9.98421E-05 9.98421E-05 9.98421E-05 0.0985425 9.98421E-05 9.98421E-05 9.98421E-05 0.344047 9.98421E-05 9.98421E-05 9.98421E-05 0.130567 9.98421E-05 9.98421E-05 0.134876 0.100557 9.98421E-05 9.98421E-05 9.98421E-05 9.98421E-05
9.97982E-05 9.97982E-05 9.97982E-05 9.97982E-05 9.97982E-05 9.97982E-05 9.97982E-05 9.97982E-05 9.97982E-05 9.97982E-05 9.97982E-05 0.997705 9.97982E-05 9.97982E-05 9.97982E-05 9.97982E-05 9.97982E-05 9.97982E-05 9.97982E-05 9.97982E-05 9.97982E-05 9.97982E-05 9.97982E-05 9.97982E-05
9.98246E-05 9.98246E-05 0.79313 9.98246E-05 9.98246E-05 9.98246E-05 9.98246E-05 0.109874 9.98246E-05 9.98246E-05 9.98246E-05 9.98246E-05 9.98246E-05 9.98246E-05 9.98246E-05 9.98246E-05 9.98246E-05 9.98246E-05 9.98246E-05 0.0873153 9.98246E-05 9.98246E-05 9.98246E-05 0.00768479
0.0318514 9.98685E-05 0.598274 0.0474763 9.98685E-05 0.0767904 9.98685E-05 0.00236287 9.98685E-05 9.98685E-05 0.133434 9.98685E-05 9.98685E-05 9.98685E-05 9.98685E-05 9.98685E-05 9.98685E-05 0.0515689 0.029734 0.0270101 9.98685E-05 9.98685E-05 9.98685E-05 9.98685E-05
0.0825503 9.98685E-05 0.329913 9.98685E-05 9.98685E-05 0.00447552 0.124961 0.112059 9.98685E-05 9.98685E-05 0.0670102 0.0134947 9.98685E-05 9.98685E-05 9.98685E-05 0.256776 9.98685E-05 9.98685E-05 9.98685E-05 0.00726316 9.98685E-05 9.98685E-05 9.98685E-05 9.98685E-05
9.98771E-05 0.111917 0.293743 9.98771E-05 0.0241686 9.98771E-05 0.211239 0.0524001 9.98771E-05 0.10364 0.0355297 9.98771E-05 9.98771E-05 9.98771E-05 9.98771E-05 0.0780685 9.98771E-05 9.98771E-05 9.98771E-05 0.0633284 9.98771E-05 9.98771E-05 9.98771E-05 0.0245677
9.98509E-05 9.98509E-05 9.98509E-05 9.98509E-05 9.98509E-05 9.98509E-05 9.98509E-05 0.0127189 9.98509E-05 9.98509E-05 9.98509E-05 0.519378 9.98509E-05 9.98509E-05 9.98509E-05 9.98509E-05 9.98509E-05 0.147246 0.0574007 0.0160754 0.0668048 0.17868 9.98509E-05 9.98509E-05
9.98596E-05 9.98596E-05 0.116834 9.98596E-05 0.0101594 9.98596E-05 0.0422091 0.0536983 9.98596E-05 9.98596E-05 9.98596E-05 9.98596E-05 9.98596E-05 9.98596E-05 0.131106 0.317735 0.124783 9.98596E-05 9.98596E-05 0.201877 9.98596E-05 9.98596E-05 9.98596E-05 9.98596E-05
0.0849471 0.0153131 9.98683E-05 9.98683E-05 9.98683E-05 9.98683E-05 0.0924661 0.174008 9.98683E-05 9.98683E-05 9.98683E-05 0.383608 9.98683E-05 9.98683E-05 0.0119629 0.00838038 9.98683E-05 9.98683E-05 9.98683E-05 0.217662 9.98683E-05 9.98683E-05 9.98683E-05 0.010154
9.98071E-05 9.98071E-05 0.985605 9.98071E-05 9.98071E-05 9.98071E-05 9.98071E-05 9.98071E-05 9.98071E-05 9.98071E-05 9.98071E-05 9.98071E-05 9.98071E-05 9.98071E-05 9.98071E-05 9.98071E-05 9.98071E-05 9.98071E-05 9.98071E-05 9.98071E-05 9.98071E-05 9.98071E-05 9.98071E-05 0.0121996
9.98509E-05 9.98509E-05 9.98509E-05 0.12456 0.0529566 9.98509E-05 0.107974 0.00398458 9.98509E-05 9.98509E-05 9.98509E-05 0.522964 9.98509E-05 9.98509E-05 9.98509E-05 9.98509E-05 9.98509E-05 9.98509E-05 0.0232303 9.98509E-05 9.98509E-05 0.162632 9.98509E-05 9.98509E-05
0.0137636 0.0699768 9.98685E-05 9.98685E-05 9.98685E-05 0.0344686 0.164597 9.98685E-05 0.103244 9.98685E-05 9.98685E-05 0.285489 9.98685E-05 9.98685E-05 0.0218875 9.98685E-05 9.98685E-05 9.98685E-05 9.98685E-05 0.293915 0.0111609 9.98685E-05 9.98685E-05 9.98685E-05
9.98598E-05 9.98598E-05 0.558711 0.0645539 9.98598E-05 9.98598E-05 9.98598E-05 0.0687263 0.104252 9.98598E-05 0.0293659 9.98598E-05 9.98598E-05 9.98598E-05 9.98598E-05 0.125152 0.0234406 9.98598E-05 9.98598E-05 9.98598E-05 0.0242009 9.98598E-05 9.98598E-05 9.98598E-05
9.98334E-05 9.98334E-05 0.299488 9.98334E-05 9.98334E-05 9.98334E-05 9.98334E-05 0.240367 9.98334E-05 9.98334E-05 9.98334E-05 9.98334E-05 9.98334E-05 9.98334E-05 9.98334E-05 0.150716 9.98334E-05 9.98334E-05 9.98334E-05 0.250294 9.98334E-05 9.98334E-05 0.0572383 9.98334E-05
0.0727553 9.98596E-05 9.98596E-05 9.98596E-05 9.98596E-05 9.98596E-05 0.0149457 0.226026 9.98596E-05 9.98596E-05 0.181914 0.328628 9.98596E-05 9.98596E-05 9.98596E-05 9.98596E-05 9.98596E-05 9.98596E-05 0.0137428 0.000527751 9.98596E-05 9.98596E-05 9.98596E-05 0.159863
9.98771E-05 9.98771E-05 9.98771E-05 9.98771E-05 9.98771E-05 0.00645487 0.0106486 0.080631 9.98771E-05 0.0129191 0.0366348 0.741205 9.98771E-05 0.00869824 9.98771E-05 9.98771E-05 9.98771E-05 9.98771E-05 0.0106493 0.0883454 9.98771E-05 0.00241498 9.98771E-05 9.98771E-05
9.98509E-05 9.98509E-05 9.98509E-05 9.98509E-05 9.98509E-05 9.98509E-05 9.98509E-05 0.0537317 0.247299 0.027208 0.302052 0.000699571 9.98509E-05 9.98509E-05 0.125427 9.98509E-05 9.98509E-05 9.98509E-05 9.98509E-05 0.241885 9.98509E-05 9.98509E-05 9.98509E-05 9.98509E-05
9.98334E-05 0.0118486 0.827163 0.102611 9.98334E-05 9.98334E-05 9.98334E-05 0.02815 9.98334E-05 9.98334E-05 9.98334E-05 9.98334E-05 9.98334E-05 9.98334E-05 9.98334E-05 9.98334E-05 9.98334E-05 9.98334E-05 9.98334E-05 0.0283312 9.98334E-05 9.98334E-05 9.98334E-05 9.98334E-05
9.98598E-05 9.98598E-05 0.409608 9.98598E-05 9.98598E-05 9.98598E-05 9.98598E-05 0.236189 0.0779797 9.98598E-05 9.98598E-05 0.136621 9.98598E-05 0.00138397 9.98598E-05 0.0586591 9.98598E-05 9.98598E-05 9.98598E-05 0.0126399 9.98598E-05 9.98598E-05 0.0653224 9.98598E-05
9.98332E-05 9.98332E-05 0.465306 9.98332E-05 9.98332E-05 9.98332E-05 0.0124547 0.0547288 9.98332E-05 9.98332E-05 9.98332E-05 0.218813 0.2468 9.98332E-05 9.98332E-05 9.98332E-05 9.98332E-05 9.98332E-05 9.98332E-05 9.98332E-05 9.98332E-05 9.98332E-05 9.98332E-05 9.98332E-05
0.0235682 9.98684E-05 0.64863 9.98684E-05 9.98684E-05 9.98684E-05 0.00906932 0.00923815 0.0365414 9.98684E-05 9.98684E-05 9.98684E-05 9.98684E-05 9.98684E-05 9.98684E-05 0.195097 9.98684E-05 9.98684E-05 0.0596798 0.0014257 9.98684E-05 9.98684E-05 9.98684E-05 0.0152524
9.9851E-05 9.9851E-05 9.9851E-05 9.9851E-05 9.9851E-05 9.9851E-05 9.9851E-05 0.0874594 9.9851E-05 9.9851E-05 0.184859 0.555504 9.9851E-05 9.9851E-05 9.9851E-05 0.0274767 9.9851E-05 9.9851E-05 0.0327582 0.0249659 9.9851E-05 0.08528 9.9851E-05 9.9851E-05
9.98684E-05 9.98684E-05 9.98684E-05 0.0219746 9.98684E-05 9.98684E-05 9.98684E-05 0.117377 9.98684E-05 9.98684E-05 0.0261265 0.580167 9.98684E-05 9.98684E-05 9.98684E-05 0.023884 0.00196972 9.98684E-05 0.058094 0.167875 9.98684E-05 9.98684E-05 9.98684E-05 0.0010348
9.98421E-05 9.98421E-05 9.98421E-05 0.0401878 9.98421E-05 9.98421E-05 9.98421E-05 0.0865895 9.98421E-05 9.98421E-05 0.194181 0.595437 9.98421E-05 9.98421E-05 9.98421E-05 9.98421E-05 9.98421E-05 9.98421E-05 0.0361098 0.0456977 9.98421E-05 9.98421E-05 9.98421E-05 9.98421E-05
9.98423E-05 9.98423E-05 0.701577 9.98423E-05 9.98423E-05 9.98423E-05 9.98423E-05 9.98423E-05 0.0297112 9.98423E-05 9.98423E-05 0.111922 9.98423E-05 9.98423E-05 9.98423E-05 9.98423E-05 9.98423E-05 9.98423E-05 0.00983932 9.98423E-05 0.0573525 9.98423E-05 9.98423E-05 0.0878011
9.98509E-05 0.00247126 9.98509E-05 9.98509E-05 9.98509E-05 9.98509E-05 9.98509E-05 0.0374282 0.0302639 9.98509E-05 9.98509E-05 0.683337 9.98509E-05 9.98509E-05 9.98509E-05 9.98509E-05 9.98509E-05 9.98509E-05 9.98509E-05 0.0970911 0.0283865 0.119324 9.98509E-05 9.98509E-05
9.9851E-05 9.9851E-05 0.732556 0.0210051 9.9851E-05 9.9851E-05 9.9851E-05 9.9851E-05 0.0321298 9.9851E-05 9.9851E-05 0.11839 0.0199036 0.0360044 9.9851E-05 9.9851E-05 9.9851E-05 9.9851E-05 0.0383143 9.9851E-05 9.9851E-05 9.9851E-05 9.9851E-05 9.9851E-05
9.98423E-05 9.98423E-05 0.198745 9.98423E-05 9.98423E-05 9.98423E-05 0.10655 0.163652 9.98423E-05 9.98423E-05 9.98423E-05 0.466949 9.98423E-05 9.98423E-05 9.98423E-05 9.98423E-05 9.98423E-05 9.98423E-05 9.98423E-05 0.00029529 9.98423E-05 9.98423E-05 9.98423E-05 0.0620114
9.98423E-05 9.98423E-05 9.98423E-05 0.0216147 9.98423E-05 9.98423E-05 9.98423E-05 0.115184 9.98423E-05 9.98423E-05 9.98423E-05 0.667506 9.98423E-05 9.98423E-05 9.98423E-05 9.98423E-05 9.98423E-05 0.0332181 9.98423E-05 9.98423E-05 0.083493 9.98423E-05 9.98423E-05 0.0771869
9.98245E-05 9.98245E-05 9.98245E-05 9.98245E-05 9.98245E-05 9.98245E-05 9.98245E-05 0.133904 9.98245E-05 0.0462207 0.145227 0.672651 9.98245E-05 9.98245E-05 9.98245E-05 9.98245E-05 9.98245E-05 9.98245E-05 9.98245E-05 9.98245E-05 9.98245E-05 9.98245E-05 9.98245E-05 9.98245E-05
9.98421E-05 0.0426232 9.98421E-05 9.98421E-05 9.98421E-05 9.98421E-05 9.98421E-05 0.0180179 0.0308953 9.98421E-05 9.98421E-05 0.853681 9.98421E-05 9.98421E-05 9.98421E-05 9.98421E-05 9.98421E-05 9.98421E-05 0.0110823 0.0419028 9.98421E-05 9.98421E-05 9.98421E-05 9.98421E-05
9.98598E-05 9.98598E-05 0.518409 9.98598E-05 9.98598E-05 9.98598E-05 9.98598E-05 0.0566764 0.158849 9.98598E-05 9.98598E-05 0.0457909 9.98598E-05 9.98598E-05 9.98598E-05 0.00346749 9.98598E-05 9.98598E-05 9.98598E-05 0.118873 0.0386736 9.98598E-05 0.0576636 9.98598E-05
9.98421E-05 9.98421E-05 0.816151 9.98421E-05 9.98421E-05 9.98421E-05 9.98421E-05 9.98421E-05 0.0958243 0.000112767 9.98421E-05 9.98421E-05 0.0240428 9.98421E-05 9.98421E-05 9.98421E-05 9.98421E-05 0.0380213 9.98421E-05 9.98421E-05 0.0240505 9.98421E-05 9.98421E-05 9.98421E-05
9.98421E-05 9.98421E-05 9.98421E-05 9.98421E-05 9.98421E-05 9.98421E-05 0.0910071 0.142342 9.98421E-05 9.98421E-05 9.98421E-05 0.429895 9.98421E-05 9.98421E-05 9.98421E-05 0.215066 9.98421E-05 9.98421E-05 9.98421E-05 0.0889403 9.98421E-05 9.98421E-05 0.0309518 9.98421E-05
9.98421E-05 0.107181 0.148291 9.98421E-05 9.98421E-05 0.123509 9.98421E-05 0.152903 9.98421E-05 9.98421E-05 9.98421E-05 0.0450616 9.98421E-05 9.98421E-05 9.98421E-05 9.98421E-05 9.98421E-05 9.98421E-05 9.98421E-05 0.421257 9.98421E-05 9.98421E-05 9.98421E-05 9.98421E-05
9.98156E-05 0.0347596 9.98156E-05 9.98156E-05 9.98156E-05 9.98156E-05 9.98156E-05 9.98156E-05 9.98156E-05 9.98156E-05 9.98156E-05 0.948305 9.98156E-05 9.98156E-05 9.98156E-05 9.98156E-05 0.0148393 9.98156E-05 9.98156E-05 9.98156E-05 9.98156E-05 9.98156E-05 9.98156E-05 9.98156E-05
9.98245E-05 9.98245E-05 0.879947 9.98245E-05 9.98245E-05 9.98245E-05 0.0376703 0.0399587 9.98245E-05 9.98245E-05 9.98245E-05 9.98245E-05 9.98245E-05 9.98245E-05 0.0404273 9.98245E-05 9.98245E-05 9.98245E-05 9.98245E-05 9.98245E-05 9.98245E-05 9.98245E-05 9.98245E-05 9.98245E-05
9.97983E-05 9.97983E-05 9.97983E-05 9.97983E-05 9.97983E-05 9.97983E-05 9.97983E-05 9.97983E-05 9.97983E-05 9.97983E-05 9.97983E-05 0.997705 9.97983E-05 9.97983E-05 9.97983E-05 9.97983E-05 9.97983E-05 9.97983E-05 9.97983E-05 9.97983E-05 9.97983E-05 9.97983E-05 9.97983E-05 9.97983E-05
9.98507E-05 9.98507E-05 0.61536 9.98507E-05 0.011331 9.98507E-05 9.98507E-05 0.127935 9.98507E-05 9.98507E-05 9.98507E-05 0.00940929 9.98507E-05 9.98507E-05 9.98507E-05 0.0537575 9.98507E-05 9.98507E-05 0.0266828 0.153827 9.98507E-05 9.98507E-05 9.98507E-05 9.98507E-05
9.98249E-05 9.98249E-05 0.809469 9.98249E-05 9.98249E-05 0.0628395 9.98249E-05 9.98249E-05 9.98249E-05 9.98249E-05 9.98249E-05 9.98249E-05 0.0161009 0.109594 9.98249E-05 9.98249E-05 9.98249E-05 9.98249E-05 9.98249E-05 9.98249E-05 9.98249E-05 9.98249E-05 9.98249E-05 9.98249E-05
9.98858E-05 0.0229569 0.315322 9.98858E-05 0.0442436 9.98858E-05 0.064886 0.140459 0.184774 0.0105126 0.0404734 9.98858E-05 9.98858E-05 9.98858E-05 9.98858E-05 9.98858E-05 9.98858E-05 9.98858E-05 0.107227 9.98858E-05 9.98858E-05 9.98858E-05 0.0204585 0.0473886
9.98509E-05 0.0275435 0.61624 0.0421809 9.98509E-05 9.98509E-05 9.98509E-05 9.98509E-05 9.98509E-05 9.98509E-05 9.98509E-05 9.98509E-05 9.98509E-05 9.98509E-05 9.98509E-05 9.98509E-05 0.0240119 9.98509E-05 9.98509E-05 0.186127 9.98509E-05 9.98509E-05 0.0642614 0.0379379
9.98159E-05 9.98159E-05 0.896027 9.98159E-05 9.98159E-05 9.98159E-05 9.98159E-05 9.98159E-05 9.98159E-05 9.98159E-05 9.98159E-05 9.98159E-05 9.98159E-05 9.98159E-05 0.0391779 0.0626987 9.98159E-05 9.98159E-05 9.98159E-05 9.98159E-05 9.98159E-05 9.98159E-05 9.98159E-05 9.98159E-05
9.98684E-05 9.98684E-05 9.98684E-05 0.0979442 9.98684E-05 0.0261893 9.98684E-05 0.00271921 9.98684E-05 0.0450957 9.98684E-05 0.62715 0.172876 0.011574 0.0115794 9.98684E-05 9.98684E-05 9.98684E-05 9.98684E-05 9.98684E-05 9.98684E-05 9.98684E-05 9.98684E-05 0.00337349
0.0911156 9.9816E-05 9.9816E-05 9.9816E-05 9.9816E-05 9.9816E-05 9.9816E-05 0.110154 9.9816E-05 9.9816E-05 9.9816E-05 0.796634 9.9816E-05 9.9816E-05 9.9816E-05 9.9816E-05 9.9816E-05 9.9816E-05 9.9816E-05 9.9816E-05 9.9816E-05 9.9816E-05 9.9816E-05 9.9816E-05
9.98247E-05 9.98247E-05 9.98247E-05 9.98247E-05 9.98247E-05 9.98247E-05 9.98247E-05 9.98247E-05 9.98247E-05 0.0340567 0.0645972 0.852855 9.98247E-05 9.98247E-05 9.98247E-05 9.98247E-05 9.98247E-05 9.98247E-05 9.98247E-05 9.98247E-05 9.98247E-05 9.98247E-05 9.98247E-05 0.0464947
9.98376E-05 9.98376E-05 9.98376E-05 0.00385504 9.98376E-05 9.98376E-05 9.98376E-05 9.98376E-05 9.98376E-05 9.98376E-05 9.98376E-05 0.708754 9.98376E-05 9.98376E-05 0.0570016 9.98376E-05 9.98376E-05 9.98376E-05 9.98376E-05 9.98376E-05 0.0352475 0.193245 9.98376E-05 9.98376E-05
9.98249E-05 0.0874121 0.801653 9.98249E-05 9.98249E-05 9.98249E-05 9.98249E-05 0.0276738 9.98249E-05 9.98249E-05 9.98249E-05 9.98249E-05 9.98249E-05 9.98249E-05 9.98249E-05 9.98249E-05 9.98249E-05 9.98249E-05 9.98249E-05 0.0812647 9.98249E-05 9.98249E-05 9.98249E-05 9.98249E-05
9.98333E-05 9.98333E-05 0.869746 9.98333E-05 9.98333E-05 9.98333E-05 9.98333E-05 0.0215319 0.064142 9.98333E-05 9.98333E-05 9.98333E-05 9.98333E-05 0.0319582 9.98333E-05 9.98333E-05 9.98333E-05 9.98333E-05 0.0107246 9.98333E-05 9.98333E-05 9.98333E-05 9.98333E-05 9.98333E-05
9.98333E-05 9.98333E-05 9.98333E-05 9.98333E-05 9.98333E-05 9.98333E-05 0.0108174 0.0824478 9.98333E-05 9.98333E-05 9.98333E-05 9.98333E-05 9.98333E-05 9.98333E-05 0.0219657 0.796505 9.98333E-05 9.98333E-05 9.98333E-05 9.98333E-05 9.98333E-05 0.0863677 9.98333E-05 9.98333E-05
9.98423E-05 0.0139318 9.98423E-05 9.98423E-05 9.98423E-05 9.98423E-05 9.98423E-05 9.98423E-05 0.0204994 9.98423E-05 9.98423E-05 9.98423E-05 0.141797 9.98423E-05 9.98423E-05 0.772517 9.98423E-05 9.98423E-05 9.98423E-05 9.98423E-05 9.98423E-05 9.98423E-05 0.0118262 0.0376315
9.98157E-05 9.98157E-05 9.98157E-05 9.98157E-05 9.98157E-05 9.98157E-05 9.98157E-05 9.98157E-05 9.98157E-05 9.98157E-05 9.98157E-05 9.98157E-05 0.34895 9.98157E-05 0.0272663 0.621688 9.98157E-05 9.98157E-05 9.98157E-05 9.98157E-05 9.98157E-05 9.98157E-05 9.98157E-05 9.98157E-05
9.98333E-05 9.98333E-05 9.98333E-05 9.98333E-05 9.98333E-05 9.98333E-05 0.0744152 9.98333E-05 9.98333E-05 9.98333E-05 0.252621 9.98333E-05 9.98333E-05 0.0602277 9.98333E-05 0.408017 9.98333E-05 9.98333E-05 9.98333E-05 9.98333E-05 0.202822 9.98333E-05 9.98333E-05 9.98333E-05
9.98418E-05 9.98418E-05 9.98418E-05 9.98418E-05 9.98418E-05 9.98418E-05 0.0909986 0.0431296 9.98418E-05 9.98418E-05 9.98418E-05 9.98418E-05 9.98418E-05 9.98418E-05 9.98418E-05 0.731703 0.0989166 9.98418E-05 9.98418E-05 0.0257634 9.98418E-05 9.98418E-05 9.98418E-05 0.00769156
9.98154E-05 9.98154E-05 9.98154E-05 9.98154E-05 9.98154E-05 9.98154E-05 9.98154E-05 0.180353 9.98154E-05 9.98154E-05 9.98154E-05 9.98154E-05 9.98154E-05 9.98154E-05 9.98154E-05 0.767627 9.98154E-05 9.98154E-05 9.98154E-05 0.049924 9.98154E-05 9.98154E-05 9.98154E-05 9.98154E-05
9.98507E-05 9.98507E-05 9.98507E-05 0.038989 9.98507E-05 9.98507E-05 9.98507E-05 0.0232832 0.00742981 9.98507E-05 9.98507E-05 9.98507E-05 9.98507E-05 9.98507E-05 9.98507E-05 0.583985 9.98507E-05 9.98507E-05 0.00646423 9.98507E-05 0.292783 0.0453686 9.98507E-05 9.98507E-05
9.98332E-05 9.98332E-05 9.98332E-05 9.98332E-05 9.98332E-05 9.98332E-05 0.0394996 0.0968025 9.98332E-05 9.98332E-05 9.98332E-05 9.98332E-05 9.98332E-05 9.98332E-05 0.0840564 0.673666 9.98332E-05 9.98332E-05 9.98332E-05 9.98332E-05 0.104078 9.98332E-05 9.98332E-05 9.98332E-05
9.98071E-05 9.98071E-05 9.98071E-05 9.98071E-05 9.98071E-05 9.98071E-05 9.98071E-05 9.98071E-05 9.98071E-05 9.98071E-05 9.98071E-05 9.98071E-05 0.0274153 9.98071E-05 9.98071E-05 0.970389 9.98071E-05 9.98071E-05 9.98071E-05 9.98071E-05 9.98071E-05 9.98071E-05 9.98071E-05 9.98071E-05
9.97984E-05 9.97984E-05 9.97984E-05 9.97984E-05 9.97984E-05 9.97984E-05 9.97984E-05 9.97984E-05 9.97984E-05 9.97984E-05 9.97984E-05 9.97984E-05 9.97984E-05 9.97984E-05 9.97984E-05 0.997705 9.97984E-05 9.97984E-05 9.97984E-05 9.97984E-05 9.97984E-05 9.97984E-05 9.97984E-05 9.97984E-05
9.9833E-05 0.0537051 9.9833E-05 9.9833E-05 9.9833E-05 9.9833E-05 9.9833E-05 0.192908 9.9833E-05 9.9833E-05 9.9833E-05 9.9833E-05 9.9833E-05 9.9833E-05 9.9833E-05 0.62531 0.0129313 9.9833E-05 0.113249 9.9833E-05 9.9833E-05 9.9833E-05 9.9833E-05 9.9833E-05
0.0734673 9.98594E-05 9.98594E-05 0.0827714 9.98594E-05 0.00723812 9.98594E-05 0.0434228 9.98594E-05 9.98594E-05 9.98594E-05 9.98594E-05 9.98594E-05 9.98594E-05 9.98594E-05 0.533709 9.98594E-05 9.98594E-05 0.0408881 0.125321 0.0915838 9.98594E-05 9.98594E-05 9.98594E-05
9.98331E-05 9.98331E-05 9.98331E-05 0.126708 0.0724311 9.98331E-05 0.162558 9.98331E-05 9.98331E-05 9.98331E-05 9.98331E-05 9.98331E-05 9.98331E-05 9.98331E-05 9.98331E-05 0.564492 9.98331E-05 9.98331E-05 0.0719145 9.98331E-05 9.98331E-05 9.98331E-05 9.98331E-05 9.98331E-05
9.98331E-05 9.98331E-05 9.98331E-05 9.98331E-05 9.98331E-05 9.98331E-05 9.98331E-05 0.161618 9.98331E-05 9.98331E-05 9.98331E-05 9.98331E-05 9.98331E-05 0.0102221 9.98331E-05 0.638686 9.98331E-05 9.98331E-05 9.98331E-05 0.156602 0.0309752 9.98331E-05 9.98331E-05 9.98331E-05
9.98163E-05 9.98163E-05 9.98163E-05 9.98163E-05 9.98163E-05 9.98163E-05 9.98163E-05 9.98163E-05 9.98163E-05 0.0776209 9.98163E-05 9.98163E-05 0.00200296 9.98163E-05 9.98163E-05 0.91828 9.98163E-05 9.98163E-05 9.98163E-05 9.98163E-05 9.98163E-05 9.98163E-05 9.98163E-05 9.98163E-05
9.97985E-05 9.97985E-05 9.97985E-05 9.97985E-05 9.97985E-05 9.97985E-05 9.97985E-05 9.97985E-05 9.97985E-05 9.97985E-05 9.97985E-05 9.97985E-05 9.97985E-05 9.97985E-05 9.97985E-05 0.997705 9.97985E-05 9.97985E-05 9.97985E-05 9.97985E-05 9.97985E-05 9.97985E-05 9.97985E-05 9.97985E-05
9.98331E-05 0.0149201 9.98331E-05 9.98331E-05 9.98331E-05 9.98331E-05 9.98331E-05 9.98331E-05 9.98331E-05 9.98331E-05 0.024816 9.98331E-05 9.98331E-05 0.104595 0.0290849 0.824687 9.98331E-05 9.98331E-05 9.98331E-05 9.98331E-05 9.98331E-05 9.98331E-05 9.98331E-05 9.98331E-05
9.98333E-05 0.0552786 9.98333E-05 9.98333E-05 9.98333E-05 9.98333E-05 0.0329306 9.98333E-05 9.98333E-05 9.98333E-05 9.98333E-05 9.98333E-05 9.98333E-05 9.98333E-05 9.98333E-05 0.754028 9.98333E-05 9.98333E-05 0.123842 0.0320234 9.98333E-05 9.98333E-05 9.98333E-05 9.98333E-05
9.98245E-05 9.98245E-05 9.98245E-05 9.98245E-05 9.98245E-05 9.98245E-05 9.98245E-05 0.0224102 9.98245E-05 9.98245E-05 9.98245E-05 9.98245E-05 9.98245E-05 9.98245E-05 0.0444753 0.91969 9.98245E-05 9.98245E-05 0.011428 9.98245E-05 9.98245E-05 9.98245E-05 9.98245E-05 9.98245E-05
9.98154E-05 9.98154E-05 9.98154E-05 9.98154E-05 9.98154E-05 9.98154E-05 9.98154E-05 0.236055 9.98154E-05 0.0205318 9.98154E-05 9.98154E-05 9.98154E-05 9.98154E-05 9.98154E-05 0.741317 9.98154E-05 9.98154E-05 9.98154E-05 9.98154E-05 9.98154E-05 9.98154E-05 9.98154E-05 9.98154E-05
9.9798E-05 9.9798E-05 9.9798E-05 9.9798E-05 9.9798E-05 9.9798E-05 9.9798E-05 9.9798E-05 9.9798E-05 9.9798E-05 9.9798E-05 9.9798E-05 0.997705 9.9798E-05 9.9798E-05 9.9798E-05 9.9798E-05 9.9798E-05 9.9798E-05 9.9798E-05 9.9798E-05 9.9798E-05 9.9798E-05 9.9798E-05
9.98156E-05 0.0462054 9.98156E-05 9.98156E-05 9.98156E-05 9.98156E-05 9.98156E-05 9.98156E-05 9.98156E-05 9.98156E-05 9.98156E-05 9.98156E-05 9.98156E-05 9.98156E-05 9.98156E-05 0.76469 9.98156E-05 9.98156E-05 9.98156E-05 0.187009 9.98156E-05 9.98156E-05 9.98156E-05 9.98156E-05
9.98248E-05 9.98248E-05 9.98248E-05 9.98248E-05 9.98248E-05 9.98248E-05 9.98248E-05 0.00266684 9.98248E-05 9.98248E-05 0.16431 9.98248E-05 9.98248E-05 9.98248E-05 9.98248E-05 0.827636 9.98248E-05 9.98248E-05 9.98248E-05 9.98248E-05 0.00339011 9.98248E-05 9.98248E-05 9.98248E-05
9.98508E-05 0.113538 9.98508E-05 9.98508E-05 0.0571963 9.98508E-05 0.0305977 9.98508E-05 9.98508E-05 9.98508E-05 9.98508E-05 9.98508E-05 9.98508E-05 0.00271236 0.0345053 0.723765 9.98508E-05 9.98508E-05 9.98508E-05 9.98508E-05 9.98508E-05 9.98508E-05 0.0359879 9.98508E-05
9.98244E-05 9.98244E-05 9.98244E-05 9.98244E-05 9.98244E-05 9.98244E-05 9.98244E-05 0.00249258 9.98244E-05 9.98244E-05 9.98244E-05 9.98244E-05 0.0169016 9.98244E-05 9.98244E-05 0.817744 9.98244E-05 9.98244E-05 0.160866 9.98244E-05 9.98244E-05 9.98244E-05 9.98244E-05 9.98244E-05
9.98155E-05 9.98155E-05 9.98155E-05 9.98155E-05 9.98155E-05 9.98155E-05 9.98155E-05 0.0225786 9.98155E-05 9.98155E-05 9.98155E-05 9.98155E-05 0.945079 9.98155E-05 9.98155E-05 9.98155E-05 9.98155E-05 9.98155E-05 9.98155E-05 9.98155E-05 0.0302466 9.98155E-05 9.98155E-05 9.98155E-05
9.97985E-05 9.97985E-05 9.97985E-05 9.97985E-05 9.97985E-05 9.97985E-05 9.97985E-05 9.97985E-05 9.97985E-05 9.97985E-05 9.97985E-05 9.97985E-05 9.97985E-05 9.97985E-05 9.97985E-05 0.997705 9.97985E-05 9.97985E-05 9.97985E-05 9.97985E-05 9.97985E-05 9.97985E-05 9.97985E-05 9.97985E-05
9.98158E-05 9.98158E-05 9.98158E-05 9.98158E-05 9.98158E-05 9.98158E-05 9.98158E-05 0.010711 9.98158E-05 9.98158E-05 9.98158E-05 9.98158E-05 0.303593 9.98158E-05 9.98158E-05 0.6836 9.98158E-05 9.98158E-05 9.98158E-05 9.98158E-05 9.98158E-05 9.98158E-05 9.98158E-05 9.98158E-05
9.98071E-05 9.98071E-05 9.98071E-05 9.98071E-05 9.98071E-05 9.98071E-05 9.98071E-05 9.98071E-05 9.98071E-05 9.98071E-05 9.98071E-05 9.98071E-05 9.98071E-05 9.98071E-05 0.0248182 0.972986 9.98071E-05 9.98071E-05 9.98071E-05 9.98071E-05 9.98071E-05 9.98071E-05 9.98071E-05 9.98071E-05
9.98333E-05 9.98333E-05 9.98333E-05 9.98333E-05 9.98333E-05 9.98333E-05 0.0532406 0.135366 0.0147598 9.98333E-05 9.98333E-05 9.98333E-05 0.777374 9.98333E-05 9.98333E-05 9.98333E-05 9.98333E-05 9.98333E-05 9.98333E-05 9.98333E-05 9.98333E-05 9.98333E-05 9.98333E-05 0.0173628
9.98159E-05 9.98159E-05 9.98159E-05 9.98159E-05 9.98159E-05 9.98159E-05 0.0974932 0.0898619 9.98159E-05 9.98159E-05 0.810549 9.98159E-05 9.98159E-05 9.98159E-05 9.98159E-05 9.98159E-05 9.98159E-05 9.98159E-05 9.98159E-05 9.98159E-05 9.98159E-05 9.98159E-05 9.98159E-05 9.98159E-05
9.98247E-05 9.98247E-05 9.98247E-05 9.98247E-05 9.98247E-05 9.98247E-05 0.0284713 0.0342413 9.98247E-05 9.98247E-05 0.486148 9.98247E-05 9.98247E-05 9.98247E-05 9.98247E-05 9.98247E-05 9.98247E-05 0.449143 9.98247E-05 9.98247E-05 9.98247E-05 9.98247E-05 9.98247E-05 9.98247E-05
9.98332E-05 9.98332E-05 9.98332E-05 9.98332E-05 9.98332E-05 0.0638017 9.98332E-05 0.0773602 9.98332E-05 9.98332E-05 0.848987 9.98332E-05 9.98332E-05 9.98332E-05 0.00251452 9.98332E-05 9.98332E-05 9.98332E-05 0.00544004 9.98332E-05 9.98332E-05 9.98332E-05 9.98332E-05 9.98332E-05
9.98242E-05 9.98242E-05 9.98242E-05 9.98242E-05 9.98242E-05 9.98242E-05 9.98242E-05 0.0702063 9.98242E-05 9.98242E-05 0.885273 9.98242E-05 9.98242E-05 9.98242E-05 0.0295394 9.98242E-05 9.98242E-05 9.98242E-05 0.0129849 9.98242E-05 9.98242E-05 9.98242E-05 9.98242E-05 9.98242E-05
9.98332E-05 9.98332E-05 9.98332E-05 9.98332E-05 9.98332E-05 0.0778534 0.0363899 9.98332E-05 9.98332E-05 9.98332E-05 0.824171 9.98332E-05 9.98332E-05 0.0220687 9.98332E-05 9.98332E-05 9.98332E-05 9.98332E-05 9.98332E-05 9.98332E-05 9.98332E-05 9.98332E-05 0.0376205 9.98332E-05
9.98422E-05 0.0565947 9.98422E-05 9.98422E-05 9.98422E-05 9.98422E-05 0.154782 0.115717 9.98422E-05 9.98422E-05 0.583857 9.98422E-05 9.98422E-05 9.98422E-05 9.98422E-05 9.98422E-05 9.98422E-05 9.98422E-05 9.98422E-05 9.98422E-05 0.0607357 0.026517 9.98422E-05 9.98422E-05
9.98334E-05 9.98334E-05 9.98334E-05 9.98334E-05 9.98334E-05 9.98334E-05 0.0807414 0.0701483 9.98334E-05 9.98334E-05 0.771627 9.98334E-05 9.98334E-05 9.98334E-05 9.98334E-05 9.98334E-05 9.98334E-05 9.98334E-05 0.0402564 0.0353299 9.98334E-05 9.98334E-05 9.98334E-05 9.98334E-05
9.98157E-05 9.98157E-05 9.98157E-05 9.98157E-05 9.98157E-05 9.98157E-05 0.177687 0.0273186 9.98157E-05 9.98157E-05 0.792898 9.98157E-05 9.98157E-05 9.98157E-05 9.98157E-05 9.98157E-05 9.98157E-05 9.98157E-05 9.98157E-05 9.98157E-05 9.98157E-05 9.98157E-05 9.98157E-05 9.98157E-05
9.98331E-05 9.98331E-05 9.98331E-05 9.98331E-05 9.98331E-05 9.98331E-05 0.325107 0.00667433 0.0673461 9.98331E-05 0.406638 9.98331E-05 9.98331E-05 9.98331E-05 9.98331E-05 9.98331E-05 9.98331E-05 9.98331E-05 9.98331E-05 9.98331E-05 0.192337 9.98331E-05 9.98331E-05 9.98331E-05
9.98158E-05 9.98158E-05 9.98158E-05 9.98158E-05 9.98158E-05 9.98158E-05 0.149264 0.315466 9.98158E-05 9.98158E-05 0.533174 9.98158E-05 9.98158E-05 9.98158E-05 9.98158E-05 9.98158E-05 9.98158E-05 9.98158E-05 9.98158E-05 9.98158E-05 9.98158E-05 9.98158E-05 9.98158E-05 9.98158E-05
9.9816E-05 9.9816E-05 9.9816E-05 9.9816E-05 9.9816E-05 9.9816E-05 9.9816E-05 9.9816E-05 9.9816E-05 9.9816E-05 0.51373 9.9816E-05 9.9816E-05 9.9816E-05 9.9816E-05 9.9816E-05 9.9816E-05 0.225025 9.9816E-05 9.9816E-05 0.259149 9.9816E-05 9.9816E-05 9.9816E-05
9.98333E-05 9.98333E-05 9.98333E-05 9.98333E-05 9.98333E-05 9.98333E-05 9.98333E-05 0.0438564 9.98333E-05 9.98333E-05 0.679883 9.98333E-05 9.98333E-05 9.98333E-05 9.98333E-05 9.98333E-05 9.98333E-05 0.0990284 0.00469065 9.98333E-05 0.170645 9.98333E-05 9.98333E-05 9.98333E-05
9.9816E-05 9.9816E-05 9.9816E-05 9.9816E-05 9.9816E-05 9.9816E-05 0.077289 9.9816E-05 9.9816E-05 9.9816E-05 0.890766 9.9816E-05 9.9816E-05 9.9816E-05 9.9816E-05 9.9816E-05 9.9816E-05 0.0298494 9.9816E-05 9.9816E-05 9.9816E-05 9.9816E-05 9.9816E-05 9.9816E-05
9.98248E-05 9.98248E-05 9.98248E-05 9.98248E-05 9.98248E-05 9.98248E-05 0.0921612 0.220644 9.98248E-05 9.98248E-05 0.637167 9.98248E-05 9.98248E-05 9.98248E-05 9.98248E-05 9.98248E-05 9.98248E-05 0.0480314 9.98248E-05 9.98248E-05 9.98248E-05 9.98248E-05 9.98248E-05 9.98248E-05
9.98335E-05 9.98335E-05 9.98335E-05 0.0375414 9.98335E-05 9.98335E-05 0.0611809 9.98335E-05 9.98335E-05 9.98335E-05 0.693874 9.98335E-05 9.98335E-05 9.98335E-05 0.122324 9.98335E-05 9.98335E-05 0.0831829 9.98335E-05 9.98335E-05 9.98335E-05 9.98335E-05 9.98335E-05 9.98335E-05
9.98684E-05 9.98684E-05 9.98684E-05 9.98684E-05 9.98684E-05 0.0413579 0.0120495 0.109678 0.0763928 9.98684E-05 0.684195 9.98684E-05 9.98684E-05 0.0134796 9.98684E-05 9.98684E-05 0.000101946 9.98684E-05 0.0260912 9.98684E-05 0.0351561 9.98684E-05 9.98684E-05 9.98684E-05
9.98334E-05 9.98334E-05 9.98334E-05 9.98334E-05 9.98334E-05 9.98334E-05 9.98334E-05 0.15235 9.98334E-05 9.98334E-05 0.577311 9.98334E-05 9.98334E-05 9.98334E-05 9.98334E-05 9.98334E-05 0.0234832 0.0289811 9.98334E-05 9.98334E-05 0.215978 9.98334E-05 9.98334E-05 9.98334E-05
9.9851E-05 0.0130207 9.9851E-05 9.9851E-05 0.00726065 9.9851E-05 0.116463 9.9851E-05 9.9851E-05 0.000260164 0.61259 9.9851E-05 9.9851E-05 9.9851E-05 9.9851E-05 9.9851E-05 9.9851E-05 0.0749302 9.9851E-05 0.173778 9.9851E-05 9.9851E-05 9.9851E-05 9.9851E-05
9.98158E-05 9.98158E-05 9.98158E-05 9.98158E-05 9.98158E-05 9.98158E-05 0.00205009 9.98158E-05 9.98158E-05 9.98158E-05 0.967997 9.98158E-05 9.98158E-05 9.98158E-05 9.98158E-05 9.98158E-05 9.98158E-05 9.98158E-05 0.0278565 9.98158E-05 9.98158E-05 9.98158E-05 9.98158E-05 9.98158E-05
0.00180354 9.98684E-05 9.98684E-05 9.98684E-05 9.98684E-05 9.98684E-05 0.108225 0.0813169 0.116634 9.98684E-05 0.359205 9.98684E-05 9.98684E-05 9.98684E-05 9.98684E-05 0.0241221 0.0286202 0.200688 9.98684E-05 9.98684E-05 9.98684E-05 0.0778881 9.98684E-05 9.98684E-05
9.98246E-05 0.0297969 9.98246E-05 9.98246E-05 9.98246E-05 9.98246E-05 9.98246E-05 0.0621307 9.98246E-05 9.98246E-05 0.760608 9.98246E-05 9.98246E-05 9.98246E-05 9.98246E-05 9.98246E-05 9.98246E-05 9.98246E-05 9.98246E-05 9.98246E-05 0.145468 9.98246E-05 9.98246E-05 9.98246E-05
9.98245E-05 9.98245E-05 9.98245E-05 9.98245E-05 9.98245E-05 9.98245E-05 0.0670251 0.032103 9.98245E-05 9.98245E-05 0.880646 9.98245E-05 9.98245E-05 9.98245E-05 9.98245E-05 9.98245E-05 9.98245E-05 9.98245E-05 0.0182293 9.98245E-05 9.98245E-05 9.98245E-05 9.98245E-05 9.98245E-05
9.98333E-05 9.98333E-05 9.98333E-05 9.98333E-05 9.98333E-05 9.98333E-05 0.213431 0.18743 9.98333E-05 9.98333E-05 0.450246 9.98333E-05 9.98333E-05 9.98333E-05 9.98333E-05 9.98333E-05 0.0560006 9.98333E-05 9.98333E-05 9.98333E-05 0.0909955 9.98333E-05 9.98333E-05 9.98333E-05
0.0408218 9.98334E-05 9.98334E-05 9.98334E-05 9.98334E-05 9.98334E-05 0.0904418 0.0357582 9.98334E-05 9.98334E-05 0.709698 9.98334E-05 9.98334E-05 9.98334E-05 9.98334E-05 9.98334E-05 9.98334E-05 0.121383 9.98334E-05 9.98334E-05 9.98334E-05 9.98334E-05 9.98334E-05 9.98334E-05
9.98333E-05 9.98333E-05 9.98333E-05 9.98333E-05 9.98333E-05 9.98333E-05 0.204706 0.180047 9.98333E-05 9.98333E-05 0.4037 9.98333E-05 9.98333E-05 9.98333E-05 9.98333E-05 9.98333E-05 0.0574818 9.98333E-05 9.98333E-05 9.98333E-05 0.152168 9.98333E-05 9.98333E-05 9.98333E-05
9.98596E-05 9.98596E-05 9.98596E-05 9.98596E-05 9.98596E-05 9.98596E-05 0.189407 0.107721 9.98596E-05 0.0342107 0.145108 9.98596E-05 9.98596E-05 9.98596E-05 9.98596E-05 0.152409 9.98596E-05 0.280341 9.98596E-05 0.00872941 0.0804766 9.98596E-05 9.98596E-05 9.98596E-05
9.98509E-05 9.98509E-05 9.98509E-05 9.98509E-05 9.98509E-05 0.0671977 9.98509E-05 0.0573933 9.98509E-05 9.98509E-05 0.0946819 9.98509E-05 9.98509E-05 0.016419 9.98509E-05 9.98509E-05 9.98509E-05 0.646228 9.98509E-05 9.98509E-05 9.98509E-05 9.98509E-05 0.0903929 0.0259898
9.98331E-05 0.0431258 9.98331E-05 0.0129354 9.98331E-05 9.98331E-05 0.0163826 0.084655 9.98331E-05 9.98331E-05 0.841004 9.98331E-05 9.98331E-05 9.98331E-05 9.98331E-05 9.98331E-05 9.98331E-05 9.98331E-05 9.98331E-05 9.98331E-05 9.98331E-05 9.98331E-05 9.98331E-05 9.98331E-05
9.98248E-05 9.98248E-05 9.98248E-05 9.98248E-05 9.98248E-05 9.98248E-05 0.261031 0.173636 9.98248E-05 9.98248E-05 0.506569 9.98248E-05 9.98248E-05 9.98248E-05 9.98248E-05 9.98248E-05 9.98248E-05 9.98248E-05 9.98248E-05 9.98248E-05 0.0567671 9.98248E-05 9.98248E-05 9.98248E-05
9.98334E-05 9.98334E-05 9.98334E-05 9.98334E-05 9.98334E-05 0.114411 9.98334E-05 0.103669 9.98334E-05 9.98334E-05 0.701694 9.98334E-05 9.98334E-05 9.98334E-05 9.98334E-05 9.98334E-05 0.0249661 0.0533636 9.98334E-05 9.98334E-05 9.98334E-05 9.98334E-05 9.98334E-05 9.98334E-05
9.98423E-05 9.98423E-05 9.98423E-05 0.00208475 9.98423E-05 9.98423E-05 0.0439343 0.19856 9.98423E-05 9.98423E-05 0.707928 9.98423E-05 9.98423E-05 9.98423E-05 9.98423E-05 9.98423E-05 9.98423E-05 9.98423E-05 0.0277516 9.98423E-05 0.017944 9.98423E-05 9.98423E-05 9.98423E-05
9.98157E-05 9.98157E-05 9.98157E-05 9.98157E-05 9.98157E-05 9.98157E-05 9.98157E-05 0.00629285 9.98157E-05 0.0536271 0.937984 9.98157E-05 9.98157E-05 9.98157E-05 9.98157E-05 9.98157E-05 9.98157E-05 9.98157E-05 9.98157E-05 9.98157E-05 9.98157E-05 9.98157E-05 9.98157E-05 9.98157E-05
9.98332E-05 9.98332E-05 9.98332E-05 9.98332E-05 9.98332E-05 0.0903758 0.240753 0.14926 9.98332E-05 9.98332E-05 0.424109 9.98332E-05 9.98332E-05 9.98332E-05 9.98332E-05 9.98332E-05 0.0936057 9.98332E-05 9.98332E-05 9.98332E-05 9.98332E-05 9.98332E-05 9.98332E-05 9.98332E-05
0.0253368 9.98243E-05 9.98243E-05 9.98243E-05 9.98243E-05 9.98243E-05 9.98243E-05 0.0260408 9.98243E-05 9.98243E-05 0.773007 9.98243E-05 9.98243E-05 9.98243E-05 9.98243E-05 9.98243E-05 9.98243E-05 9.98243E-05 9.98243E-05 0.173619 9.98243E-05 9.98243E-05 9.98243E-05 9.98243E-05
9.98159E-05 9.98159E-05 9.98159E-05 9.98159E-05 9.98159E-05 9.98159E-05 9.98159E-05 0.0717839 9.98159E-05 9.98159E-05 0.903627 9.98159E-05 9.98159E-05 9.98159E-05 9.98159E-05 9.98159E-05 9.98159E-05 0.0224931 9.98159E-05 9.98159E-05 9.98159E-05 9.98159E-05 9.98159E-05 9.98159E-05
9.98508E-05 0.010297 9.98508E-05 9.98508E-05 9.98508E-05 9.98508E-05 0.0305722 9.98508E-05 0.163494 0.0166196 0.619293 9.98508E-05 9.98508E-05 9.98508E-05 9.98508E-05 9.98508E-05 9.98508E-05 0.148708 0.00931884 9.98508E-05 9.98508E-05 9.98508E-05 9.98508E-05 9.98508E-05
9.98243E-05 9.98243E-05 9.98243E-05 9.98243E-05 9.98243E-05 9.98243E-05 0.087451 0.179209 9.98243E-05 9.98243E-05 0.705806 9.98243E-05 9.98243E-05 9.98243E-05 0.0255372 9.98243E-05 9.98243E-05 9.98243E-05 9.98243E-05 9.98243E-05 9.98243E-05 9.98243E-05 9.98243E-05 9.98243E-05
9.98245E-05 9.98245E-05 9.98245E-05 9.98245E-05 0.00433962 9.98245E-05 0.101853 9.98245E-05 9.98245E-05 9.98245E-05 0.334405 9.98245E-05 9.98245E-05 9.98245E-05 9.98245E-05 9.98245E-05 9.98245E-05 0.557406 9.98245E-05 9.98245E-05 9.98245E-05 9.98245E-05 9.98245E-05 9.98245E-05
9.98423E-05 9.98423E-05 9.98423E-05 9.98423E-05 9.98423E-05 9.98423E-05 9.98423E-05 0.0462562 9.98423E-05 9.98423E-05 0.691255 9.98423E-05 9.98423E-05 9.98423E-05 0.00920899 9.98423E-05 0.0222631 0.224326 0.00489327 9.98423E-05 9.98423E-05 9.98423E-05 9.98423E-05 9.98423E-05
9.98074E-05 9.98074E-05 9.98074E-05 9.98074E-05 9.98074E-05 9.98074E-05 9.98074E-05 9.98074E-05 9.98074E-05 9.98074E-05 0.698148 9.98074E-05 9.98074E-05 9.98074E-05 9.98074E-05 9.98074E-05 9.98074E-05 0.299656 9.98074E-05 9.98074E-05 9.98074E-05 9.98074E-05 9.98074E-05 9.98074E-05
9.9816E-05 9.9816E-05 9.9816E-05 9.9816E-05 9.9816E-05 9.9816E-05 9.9816E-05 9.9816E-05 9.9816E-05 9.9816E-05 0.518006 9.9816E-05 9.9816E-05 9.9816E-05 9.9816E-05 9.9816E-05 9.9816E-05 0.447894 9.9816E-05 9.9816E-05 0.0320041 9.9816E-05 9.9816E-05 9.9816E-05
9.98419E-05 9.98419E-05 9.98419E-05 9.98419E-05 0.0535525 9.98419E-05 0.126919 0.263063 9.98419E-05 9.98419E-05 0.433852 9.98419E-05 9.98419E-05 9.98419E-05 9.98419E-05 9.98419E-05 9.98419E-05 9.98419E-05 9.98419E-05 9.98419E-05 0.116965 9.98419E-05 9.98419E-05 0.00385092
0.0896818 9.98158E-05 9.98158E-05 9.98158E-05 9.98158E-05 9.98158E-05 0.103796 9.98158E-05 9.98158E-05 9.98158E-05 0.804426 9.98158E-05 9.98158E-05 9.98158E-05 9.98158E-05 9.98158E-05 9.98158E-05 9.98158E-05 9.98158E-05 9.98158E-05 9.98158E-05 9.98158E-05 9.98158E-05 9.98158E-05
9.98421E-05 9.98421E-05 9.98421E-05 9.98421E-05 9.98421E-05 9.98421E-05 0.107014 0.0669812 0.0192493 9.98421E-05 0.107582 9.98421E-05 9.98421E-05 9.98421E-05 9.98421E-05 9.98421E-05 0.0623595 0.635017 9.98421E-05 9.98421E-05 9.98421E-05 9.98421E-05 9.98421E-05 9.98421E-05
9.98247E-05 9.98247E-05 0.00191534 9.98247E-05 9.98247E-05 9.98247E-05 9.98247E-05 0.0436406 9.98247E-05 9.98247E-05 0.425557 9.98247E-05 9.98247E-05 9.98247E-05 9.98247E-05 9.98247E-05 9.98247E-05 0.52689 9.98247E-05 9.98247E-05 9.98247E-05 9.98247E-05 9.98247E-05 9.98247E-05
9.98508E-05 9.98508E-05 9.98508E-05 9.98508E-05 9.98508E-05 0.0483703 0.193788 9.98508E-05 9.98508E-05 9.98508E-05 0.448526 9.98508E-05 9.98508E-05 9.98508E-05 0.0072412 9.98508E-05 9.98508E-05 9.98508E-05 9.98508E-05 0.0328968 0.188447 9.98508E-05 9.98508E-05 0.0790334
9.98421E-05 9.98421E-05 9.98421E-05 9.98421E-05 9.98421E-05 9.98421E-05 0.131599 0.0508919 9.98421E-05 9.98421E-05 0.545071 9.98421E-05 9.98421E-05 9.98421E-05 0.0258325 0.203673 9.98421E-05 0.0411351 9.98421E-05 9.98421E-05 9.98421E-05 9.98421E-05 9.98421E-05 9.98421E-05
9.98685E-05 9.98685E-05 9.98685E-05 9.98685E-05 9.98685E-05 9.98685E-05 0.154614 0.0290147 0.029289 0.0383933 0.525338 9.98685E-05 9.98685E-05 9.98685E-05 9.98685E-05 9.98685E-05 9.98685E-05 0.0153361 9.98685E-05 0.000319444 0.0976764 9.98685E-05 0.108521 9.98685E-05
9.98421E-05 9.98421E-05 9.98421E-05 9.98421E-05 9.98421E-05 9.98421E-05 0.269226 0.210196 0.00436808 9.98421E-05 0.42841 9.98421E-05 9.98421E-05 9.98421E-05 9.98421E-05 0.0113201 9.98421E-05 9.98421E-05 9.98421E-05 0.0746827 9.98421E-05 9.98421E-05 9.98421E-05 9.98421E-05
9.98246E-05 9.98246E-05 9.98246E-05 9.98246E-05 9.98246E-05 9.98246E-05 0.0120347 0.0508074 9.98246E-05 9.98246E-05 0.396059 9.98246E-05 9.98246E-05 9.98246E-05 9.98246E-05 9.98246E-05 9.98246E-05 0.539102 9.98246E-05 9.98246E-05 9.98246E-05 9.98246E-05 9.98246E-05 9.98246E-05
9.98595E-05 0.13186 9.98595E-05 9.98595E-05 9.98595E-05 9.98595E-05 9.98595E-05 0.0579542 0.0170227 9.98595E-05 0.635235 9.98595E-05 9.98595E-05 0.0509123 9.98595E-05 9.98595E-05 9.98595E-05 9.98595E-05 9.98595E-05 0.0167962 9.98595E-05 0.0731923 9.98595E-05 0.0154301
9.98332E-05 9.98332E-05 9.98332E-05 9.98332E-05 9.98332E-05 0.0387811 0.0917815 9.98332E-05 9.98332E-05 9.98332E-05 0.230118 9.98332E-05 0.111601 9.98332E-05 9.98332E-05 9.98332E-05 9.98332E-05 0.525822 9.98332E-05 9.98332E-05 9.98332E-05 9.98332E-05 9.98332E-05 9.98332E-05
9.9851E-05 9.9851E-05 9.9851E-05 9.9851E-05 0.0109129 0.0202569 9.9851E-05 0.119441 9.9851E-05 9.9851E-05 0.597259 9.9851E-05 9.9851E-05 9.9851E-05 0.0232758 9.9851E-05 9.9851E-05 0.157261 0.0698959 9.9851E-05 9.9851E-05 9.9851E-05 9.9851E-05 9.9851E-05
9.98244E-05 9.98244E-05 9.98244E-05 9.98244E-05 9.98244E-05 9.98244E-05 0.0334129 9.98244E-05 9.98244E-05 0.0380981 0.878438 9.98244E-05 9.98244E-05 9.98244E-05 9.98244E-05 9.98244E-05 9.98244E-05 9.98244E-05 9.98244E-05 9.98244E-05 0.0480548 9.98244E-05 9.98244E-05 9.98244E-05
9.98331E-05 0.0799737 9.98331E-05 9.98331E-05 9.98331E-05 9.98331E-05 9.98331E-05 9.98331E-05 9.98331E-05 9.98331E-05 0.850326 9.98331E-05 9.98331E-05 0.00332595 0.0582554 9.98331E-05 9.98331E-05 9.98331E-05 9.98331E-05 0.00622184 9.98331E-05 9.98331E-05 9.98331E-05 9.98331E-05
9.98332E-05 9.98332E-05 9.98332E-05 9.98332E-05 9.98332E-05 9.98332E-05 0.159906 0.0883395 9.98332E-05 9.98332E-05 0.447698 9.98332E-05 9.98332E-05 9.98332E-05 9.98332E-05 9.98332E-05 9.98332E-05 9.98332E-05 9.98332E-05 9.98332E-05 0.279392 0.0227674 9.98332E-05 9.98332E-05
9.98156E-05 9.98156E-05 9.98156E-05 9.98156E-05 9.98156E-05 9.98156E-05 0.198018 0.0652553 9.98156E-05 9.98156E-05 0.734631 9.98156E-05 9.98156E-05 9.98156E-05 9.98156E-05 9.98156E-05 9.98156E-05 9.98156E-05 9.98156E-05 9.98156E-05 9.98156E-05 9.98156E-05 9.98156E-05 9.98156E-05
