9.98946E-05 9.98946E-05 9.98946E-05 9.98946E-05 0.0584417 0.159173 9.98946E-05 9.98946E-05 0.234766 9.98946E-05 0.0874786 9.98946E-05 9.98946E-05 9.98946E-05 9.98946E-05 0.382643 9.98946E-05 0.0762993
9.9886E-05 9.9886E-05 9.9886E-05 9.9886E-05 9.9886E-05 0.0764522 9.9886E-05 9.9886E-05 9.9886E-05 0.155249 0.0966564 0.0335763 9.9886E-05 9.9886E-05 9.9886E-05 0.636767 9.9886E-05 9.9886E-05
9.98684E-05 9.98684E-05 9.98684E-05 0.0309034 9.98684E-05 9.98684E-05 9.98684E-05 9.98684E-05 9.98684E-05 0.939839 9.98684E-05 9.98684E-05 9.98684E-05 9.98684E-05 9.98684E-05 9.98684E-05 9.98684E-05 0.0277596
0.0318013 0.316014 9.9921E-05 9.9921E-05 0.032663 9.9921E-05 0.00863587 9.9921E-05 0.232783 0.0250616 9.9921E-05 0.0720718 9.9921E-05 9.9921E-05 9.9921E-05 0.261915 9.9921E-05 0.018155
9.98596E-05 9.98596E-05 9.98596E-05 0.111887 9.98596E-05 9.98596E-05 9.98596E-05 9.98596E-05 9.98596E-05 9.98596E-05 9.98596E-05 9.98596E-05 9.98596E-05 9.98596E-05 9.98596E-05 0.886515 9.98596E-05 9.98596E-05
0.204575 0.0801976 9.99035E-05 0.13543 9.99035E-05 0.293336 9.99035E-05 9.99035E-05 9.99035E-05 0.267394 0.0113882 9.99035E-05 9.99035E-05 9.99035E-05 0.00658041 9.99035E-05 9.99035E-05 9.99035E-05
9.99298E-05 0.108943 9.99298E-05 9.99298E-05 0.113925 0.186762 9.99298E-05 9.99298E-05 0.137183 0.0915287 0.105931 9.99298E-05 0.0436614 0.00173632 9.99298E-05 0.128936 9.99298E-05 0.0805941
0.156053 0.0170669 9.99123E-05 0.103252 9.99123E-05 0.0970789 9.99123E-05 0.0918935 0.187528 9.99123E-05 9.99123E-05 9.99123E-05 9.99123E-05 9.99123E-05 9.99123E-05 0.255982 0.0901457 9.99123E-05
0.248871 9.99034E-05 9.99034E-05 9.99034E-05 9.99034E-05 9.99034E-05 9.99034E-05 9.99034E-05 0.0172039 0.153265 0.00418636 0.232763 9.99034E-05 9.99034E-05 9.99034E-05 0.156638 9.99034E-05 0.185975
9.98683E-05 9.98683E-05 9.98683E-05 9.98683E-05 9.98683E-05 9.98683E-05 9.98683E-05 9.98683E-05 9.98683E-05 0.308751 9.98683E-05 0.055905 9.98683E-05 9.98683E-05 9.98683E-05 0.633846 9.98683E-05 9.98683E-05
9.9886E-05 9.9886E-05 9.9886E-05 9.9886E-05 0.0739735 9.9886E-05 9.9886E-05 9.9886E-05 0.167616 0.303495 9.9886E-05 0.192601 9.9886E-05 9.9886E-05 9.9886E-05 0.261016 9.9886E-05 9.9886E-05
9.98508E-05 9.98508E-05 9.98508E-05 9.98508E-05 9.98508E-05 9.98508E-05 9.98508E-05 9.98508E-05 9.98508E-05 0.998303 9.98508E-05 9.98508E-05 9.98508E-05 9.98508E-05 9.98508E-05 9.98508E-05 9.98508E-05 9.98508E-05
9.98683E-05 9.98683E-05 9.98683E-05 9.98683E-05 9.98683E-05 9.98683E-05 9.98683E-05 9.98683E-05 0.112353 9.98683E-05 9.98683E-05 0.0593308 9.98683E-05 9.98683E-05 9.98683E-05 0.826818 9.98683E-05 9.98683E-05
9.98947E-05 9.98947E-05 0.0568673 9.98947E-05 0.0263863 9.98947E-05 9.98947E-05 9.98947E-05 0.0380885 9.98947E-05 9.98947E-05 0.0733465 9.98947E-05 9.98947E-05 0.148075 0.656038 9.98947E-05 9.98947E-05
0.149782 9.9921E-05 0.051902 9.9921E-05 9.9921E-05 0.291437 9.9921E-05 9.9921E-05 0.0267276 0.0579422 9.9921E-05 0.145301 9.9921E-05 9.9921E-05 0.0209087 0.241808 9.9921E-05 0.013293
0.172672 0.109963 9.99034E-05 9.99034E-05 9.99034E-05 0.174372 9.99034E-05 9.99034E-05 0.0653301 9.99034E-05 9.99034E-05 0.0838959 9.99034E-05 9.99034E-05 9.99034E-05 0.202483 0.190185 9.99034E-05
9.99298E-05 0.0280608 9.99298E-05 9.99298E-05 0.0466399 0.0995388 9.99298E-05 9.99298E-05 0.0535701 0.291749 0.129977 0.03038 9.99298E-05 9.99298E-05 0.0428662 0.256554 0.0198642 9.99298E-05
0.00566566 9.99123E-05 9.99123E-05 9.99123E-05 9.99123E-05 0.242399 0.0370854 0.234495 0.203744 0.0959559 9.99123E-05 0.115295 9.99123E-05 9.99123E-05 9.99123E-05 0.0643601 9.99123E-05 9.99123E-05
0.108163 0.0204038 0.0697169 9.99122E-05 0.019591 9.99122E-05 9.99122E-05 9.99122E-05 0.235954 0.352418 9.99122E-05 0.170063 9.99122E-05 9.99122E-05 9.99122E-05 0.022691 9.99122E-05 9.99122E-05
9.98595E-05 9.98595E-05 9.98595E-05 9.98595E-05 9.98595E-05 9.98595E-05 0.0968116 9.98595E-05 9.98595E-05 9.98595E-05 9.98595E-05 9.98595E-05 9.98595E-05 9.98595E-05 9.98595E-05 0.901591 9.98595E-05 9.98595E-05
0.136254 0.0686569 9.99123E-05 0.0363214 0.0248243 9.99123E-05 9.99123E-05 9.99123E-05 0.0358671 9.99123E-05 9.99123E-05 0.00271239 9.99123E-05 9.99123E-05 9.99123E-05 0.529633 0.164732 9.99123E-05
0.131963 0.0186349 0.035034 0.138909 9.99034E-05 9.99034E-05 9.99034E-05 9.99034E-05 0.312648 0.262314 9.99034E-05 9.99034E-05 9.99034E-05 0.0993986 9.99034E-05 9.99034E-05 9.99034E-05 9.99034E-05
0.00933688 9.98948E-05 9.98948E-05 9.98948E-05 0.0241085 0.0650559 9.98948E-05 9.98948E-05 9.98948E-05 9.98948E-05 9.98948E-05 0.0979166 9.98948E-05 0.066741 9.98948E-05 0.735642 9.98948E-05 9.98948E-05
9.98947E-05 9.98947E-05 9.98947E-05 9.98947E-05 9.98947E-05 0.0150545 9.98947E-05 9.98947E-05 0.290865 0.0286021 9.98947E-05 0.264189 9.98947E-05 9.98947E-05 9.98947E-05 0.35532 9.98947E-05 0.0447711
0.0488712 9.9921E-05 0.185096 9.9921E-05 0.0117474 9.9921E-05 0.0292404 9.9921E-05 0.0826445 0.125872 9.9921E-05 0.294261 9.9921E-05 9.9921E-05 0.024432 0.196936 9.9921E-05 9.9921E-05
0.002253 0.00573127 9.99122E-05 9.99122E-05 9.99122E-05 9.99122E-05 9.99122E-05 9.99122E-05 0.102186 0.0881129 9.99122E-05 0.091912 0.00148651 9.99122E-05 0.0310189 0.6763 9.99122E-05 9.99122E-05
9.98946E-05 9.98946E-05 9.98946E-05 9.98946E-05 9.98946E-05 9.98946E-05 9.98946E-05 0.130002 0.267377 9.98946E-05 9.98946E-05 0.054879 9.98946E-05 0.337483 0.124014 9.98946E-05 0.0850459 9.98946E-05
9.98859E-05 0.0377817 9.98859E-05 9.98859E-05 9.98859E-05 9.98859E-05 0.00655953 9.98859E-05 0.000713156 9.98859E-05 9.98859E-05 0.0853146 9.98859E-05 9.98859E-05 9.98859E-05 0.868332 9.98859E-05 9.98859E-05
9.98947E-05 9.98947E-05 9.98947E-05 9.98947E-05 0.0285151 9.98947E-05 9.98947E-05 9.98947E-05 0.0182608 0.588807 9.98947E-05 0.18375 9.98947E-05 0.110306 9.98947E-05 9.98947E-05 9.98947E-05 0.0691622
0.0499333 9.98859E-05 9.98859E-05 9.98859E-05 9.98859E-05 0.0503637 9.98859E-05 9.98859E-05 9.98859E-05 0.481827 9.98859E-05 0.0639898 9.98859E-05 9.98859E-05 9.98859E-05 0.352588 9.98859E-05 9.98859E-05
9.9921E-05 0.014319 9.9921E-05 9.9921E-05 0.101983 0.125809 0.0359097 0.0111191 0.0257265 0.166225 9.9921E-05 9.9921E-05 9.9921E-05 0.0876451 9.9921E-05 0.430364 9.9921E-05 9.9921E-05
9.99211E-05 9.99211E-05 9.99211E-05 9.99211E-05 0.0402642 0.0218712 9.99211E-05 9.99211E-05 0.0377042 9.99211E-05 9.99211E-05 0.0733423 0.0130861 0.0403358 0.109188 0.606605 0.056704 9.99211E-05
9.98946E-05 9.98946E-05 9.98946E-05 9.98946E-05 0.0771797 0.107049 0.0194131 9.98946E-05 0.119492 0.52467 9.98946E-05 0.150998 9.98946E-05 9.98946E-05 9.98946E-05 9.98946E-05 9.98946E-05 9.98946E-05
9.98976E-05 0.068668 9.98976E-05 9.98976E-05 9.98976E-05 9.98976E-05 9.98976E-05 9.98976E-05 0.148045 0.637204 9.98976E-05 0.0516501 0.0102738 9.98976E-05 0.08296 9.98976E-05 9.98976E-05 9.98976E-05
0.00202059 9.99035E-05 9.99035E-05 9.99035E-05 0.023061 9.99035E-05 0.0552733 9.99035E-05 9.99035E-05 0.573834 9.99035E-05 0.00223696 9.99035E-05 0.0975794 9.99035E-05 0.244896 9.99035E-05 9.99035E-05
0.0335682 0.145175 9.98947E-05 9.98947E-05 9.98947E-05 9.98947E-05 9.98947E-05 9.98947E-05 0.116561 0.373984 9.98947E-05 0.0437353 9.98947E-05 9.98947E-05 9.98947E-05 0.285777 9.98947E-05 9.98947E-05
9.98685E-05 0.0508663 9.98685E-05 9.98685E-05 9.98685E-05 9.98685E-05 9.98685E-05 9.98685E-05 9.98685E-05 9.98685E-05 9.98685E-05 9.98685E-05 0.0475049 9.98685E-05 9.98685E-05 0.900131 9.98685E-05 9.98685E-05
0.175315 9.98948E-05 9.98948E-05 9.98948E-05 9.98948E-05 9.98948E-05 0.0397772 9.98948E-05 0.0143465 0.70896 0.0583214 0.00208103 9.98948E-05 9.98948E-05 9.98948E-05 9.98948E-05 9.98948E-05 9.98948E-05
9.99035E-05 9.99035E-05 9.99035E-05 0.0584537 0.00504631 9.99035E-05 9.99035E-05 9.99035E-05 0.000128601 0.675076 0.123885 0.128436 9.99035E-05 9.99035E-05 0.00787607 9.99035E-05 9.99035E-05 9.99035E-05
9.98859E-05 9.98859E-05 9.98859E-05 9.98859E-05 9.98859E-05 9.98859E-05 9.98859E-05 9.98859E-05 0.0166865 0.613918 9.98859E-05 0.134063 9.98859E-05 9.98859E-05 0.0875831 9.98859E-05 0.146451 9.98859E-05
9.98858E-05 0.0290481 9.98858E-05 9.98858E-05 0.0181082 9.98858E-05 9.98858E-05 9.98858E-05 0.0058766 0.889194 9.98858E-05 9.98858E-05 9.98858E-05 0.0564751 9.98858E-05 9.98858E-05 9.98858E-05 9.98858E-05
9.98772E-05 9.98772E-05 9.98772E-05 9.98772E-05 9.98772E-05 9.98772E-05 9.98772E-05 9.98772E-05 0.0667715 0.68171 9.98772E-05 0.0225009 9.98772E-05 0.227619 9.98772E-05 9.98772E-05 9.98772E-05 9.98772E-05
9.98771E-05 9.98771E-05 9.98771E-05 9.98771E-05 9.98771E-05 9.98771E-05 9.98771E-05 9.98771E-05 0.0370043 9.98771E-05 0.00274595 9.98771E-05 9.98771E-05 0.132403 9.98771E-05 0.826449 9.98771E-05 9.98771E-05
0.071177 9.99035E-05 9.99035E-05 9.99035E-05 0.0252256 0.0413709 9.99035E-05 9.99035E-05 0.133661 0.476204 9.99035E-05 0.213564 9.99035E-05 9.99035E-05 9.99035E-05 9.99035E-05 9.99035E-05 0.0376982
9.98772E-05 0.248208 9.98772E-05 9.98772E-05 9.98772E-05 9.98772E-05 9.98772E-05 9.98772E-05 0.291446 0.283695 9.98772E-05 0.175253 9.98772E-05 9.98772E-05 9.98772E-05 9.98772E-05 9.98772E-05 9.98772E-05
9.98682E-05 0.0497323 9.98682E-05 9.98682E-05 9.98682E-05 9.98682E-05 0.00536943 9.98682E-05 9.98682E-05 0.9434 9.98682E-05 9.98682E-05 9.98682E-05 9.98682E-05 9.98682E-05 9.98682E-05 9.98682E-05 9.98682E-05
9.98683E-05 9.98683E-05 9.98683E-05 9.98683E-05 9.98683E-05 9.98683E-05 9.98683E-05 0.0242214 9.98683E-05 9.98683E-05 9.98683E-05 0.0440124 9.98683E-05 9.98683E-05 9.98683E-05 0.930268 9.98683E-05 9.98683E-05
9.98684E-05 9.98684E-05 9.98684E-05 9.98684E-05 9.98684E-05 9.98684E-05 0.0283417 9.98684E-05 9.98684E-05 0.957618 9.98684E-05 9.98684E-05 0.0125426 9.98684E-05 9.98684E-05 9.98684E-05 9.98684E-05 9.98684E-05
9.98946E-05 0.0266143 9.98946E-05 9.98946E-05 9.98946E-05 9.98946E-05 9.98946E-05 9.98946E-05 0.180979 0.0989556 9.98946E-05 0.130636 9.98946E-05 9.98946E-05 9.98946E-05 0.524908 0.0367081 9.98946E-05
0.02653 9.98774E-05 0.00891073 9.98774E-05 9.98774E-05 9.98774E-05 9.98774E-05 9.98774E-05 9.98774E-05 9.98774E-05 9.98774E-05 9.98774E-05 0.144632 9.98774E-05 9.98774E-05 0.818529 9.98774E-05 9.98774E-05
0.0642188 0.0189529 9.99297E-05 9.99297E-05 0.109488 0.0289152 9.99297E-05 9.99297E-05 9.99297E-05 9.99297E-05 9.99297E-05 0.20106 9.99297E-05 0.135931 0.0136444 0.344798 0.00334782 0.0788443
9.99123E-05 0.0478844 9.99123E-05 0.0226653 9.99123E-05 9.99123E-05 0.00404668 9.99123E-05 0.250258 0.520777 9.99123E-05 9.99123E-05 9.99123E-05 9.99123E-05 9.99123E-05 0.0831867 0.00990176 0.0602801
9.98684E-05 9.98684E-05 9.98684E-05 9.98684E-05 9.98684E-05 9.98684E-05 9.98684E-05 9.98684E-05 9.98684E-05 0.738015 0.024324 9.98684E-05 9.98684E-05 9.98684E-05 9.98684E-05 0.236163 9.98684E-05 9.98684E-05
0.00427968 9.99211E-05 9.99211E-05 9.99211E-05 9.99211E-05 9.99211E-05 0.0540581 0.00731564 0.00730092 0.688743 9.99211E-05 0.016685 0.0344103 9.99211E-05 9.99211E-05 0.00575006 0.180558 9.99211E-05
0.00173017 9.98949E-05 0.0805032 9.98949E-05 9.98949E-05 0.0130818 9.98949E-05 9.98949E-05 9.98949E-05 0.515898 9.98949E-05 0.0891447 9.98949E-05 9.98949E-05 9.98949E-05 0.298443 9.98949E-05 9.98949E-05
9.99122E-05 9.99122E-05 9.99122E-05 0.0688153 0.0148873 0.103377 0.00422484 9.99122E-05 9.99122E-05 0.67135 9.99122E-05 9.99122E-05 9.99122E-05 0.000980126 0.0697692 0.0655974 9.99122E-05 9.99122E-05
0.00136161 0.00380486 9.99035E-05 9.99035E-05 9.99035E-05 9.99035E-05 9.99035E-05 0.123781 0.0305269 0.440368 0.111788 9.99035E-05 9.99035E-05 9.99035E-05 9.99035E-05 0.28727 9.99035E-05 9.99035E-05
9.98683E-05 9.98683E-05 9.98683E-05 9.98683E-05 0.0219169 9.98683E-05 9.98683E-05 9.98683E-05 9.98683E-05 9.98683E-05 9.98683E-05 0.0145819 9.98683E-05 9.98683E-05 9.98683E-05 0.962003 9.98683E-05 9.98683E-05
9.99034E-05 9.99034E-05 9.99034E-05 9.99034E-05 0.00542427 9.99034E-05 9.99034E-05 9.99034E-05 9.99034E-05 0.460553 0.0201323 0.045996 0.0207721 0.0281459 9.99034E-05 0.417878 9.99034E-05 9.99034E-05
0.0339904 9.99034E-05 9.99034E-05 9.99034E-05 0.017161 0.690806 9.99034E-05 0.0908152 0.0227298 9.99034E-05 0.00295272 0.140446 9.99034E-05 9.99034E-05 9.99034E-05 9.99034E-05 9.99034E-05 9.99034E-05
9.98772E-05 0.0180029 9.98772E-05 9.98772E-05 9.98772E-05 0.906111 9.98772E-05 9.98772E-05 9.98772E-05 9.98772E-05 9.98772E-05 9.98772E-05 9.98772E-05 0.0712688 9.98772E-05 9.98772E-05 9.98772E-05 0.00321901
9.98596E-05 9.98596E-05 9.98596E-05 9.98596E-05 9.98596E-05 0.971045 9.98596E-05 9.98596E-05 9.98596E-05 9.98596E-05 9.98596E-05 9.98596E-05 0.0273575 9.98596E-05 9.98596E-05 9.98596E-05 9.98596E-05 9.98596E-05
0.14378 9.99122E-05 9.99122E-05 9.99122E-05 9.99122E-05 0.369061 9.99122E-05 0.00547853 9.99122E-05 9.99122E-05 0.294356 0.0688523 0.0561139 0.0349861 0.0263727 9.99122E-05 9.99122E-05 9.99122E-05
9.99032E-05 0.00117297 9.99032E-05 0.0729054 9.99032E-05 0.68282 0.0477128 9.99032E-05 0.126566 9.99032E-05 9.99032E-05 0.0228155 0.0449085 9.99032E-05 9.99032E-05 9.99032E-05 9.99032E-05 9.99032E-05
0.0206764 9.98858E-05 9.98858E-05 9.98858E-05 9.98858E-05 0.66651 9.98858E-05 9.98858E-05 0.0948747 9.98858E-05 9.98858E-05 0.199294 9.98858E-05 9.98858E-05 9.98858E-05 9.98858E-05 9.98858E-05 0.0173465
9.98858E-05 0.0511022 9.98858E-05 9.98858E-05 9.98858E-05 0.512305 9.98858E-05 9.98858E-05 9.98858E-05 9.98858E-05 0.267862 0.161716 9.98858E-05 0.00571633 9.98858E-05 9.98858E-05 9.98858E-05 9.98858E-05
0.0721318 9.98945E-05 9.98945E-05 9.98945E-05 9.98945E-05 0.596273 9.98945E-05 0.140239 9.98945E-05 9.98945E-05 0.0932 0.0732277 0.0237291 9.98945E-05 9.98945E-05 9.98945E-05 9.98945E-05 9.98945E-05
9.98561E-05 9.98561E-05 9.98561E-05 9.98561E-05 9.98561E-05 0.998302 9.98561E-05 9.98561E-05 9.98561E-05 9.98561E-05 9.98561E-05 9.98561E-05 9.98561E-05 9.98561E-05 9.98561E-05 9.98561E-05 9.98561E-05 9.98561E-05
9.98682E-05 0.00488834 9.98682E-05 9.98682E-05 0.0385895 0.955024 9.98682E-05 9.98682E-05 9.98682E-05 9.98682E-05 9.98682E-05 9.98682E-05 9.98682E-05 9.98682E-05 9.98682E-05 9.98682E-05 9.98682E-05 9.98682E-05
0.0459489 9.98769E-05 9.98769E-05 9.98769E-05 0.148359 0.514233 9.98769E-05 9.98769E-05 9.98769E-05 9.98769E-05 9.98769E-05 0.29006 9.98769E-05 9.98769E-05 9.98769E-05 9.98769E-05 9.98769E-05 9.98769E-05
9.99297E-05 0.0525185 0.0384895 9.99297E-05 0.0485277 0.48293 0.0498314 9.99297E-05 0.150195 9.99297E-05 0.0271177 0.121563 0.00896061 9.99297E-05 9.99297E-05 9.99297E-05 0.0190676 9.99297E-05
0.126732 9.98946E-05 9.98946E-05 0.0182122 0.0779333 0.559555 9.98946E-05 9.98946E-05 9.98946E-05 9.98946E-05 9.98946E-05 0.0388783 9.98946E-05 9.98946E-05 9.98946E-05 9.98946E-05 0.177491 9.98946E-05
9.98769E-05 9.98769E-05 9.98769E-05 9.98769E-05 9.98769E-05 0.465138 9.98769E-05 9.98769E-05 0.254075 9.98769E-05 0.0764423 0.202946 9.98769E-05 9.98769E-05 9.98769E-05 9.98769E-05 9.98769E-05 9.98769E-05
9.98686E-05 9.98686E-05 9.98686E-05 9.98686E-05 0.0400791 0.86781 9.98686E-05 9.98686E-05 9.98686E-05 9.98686E-05 9.98686E-05 9.98686E-05 9.98686E-05 0.0906128 9.98686E-05 9.98686E-05 9.98686E-05 9.98686E-05
9.98597E-05 9.98597E-05 9.98597E-05 9.98597E-05 9.98597E-05 0.931812 9.98597E-05 9.98597E-05 9.98597E-05 9.98597E-05 9.98597E-05 0.0665907 9.98597E-05 9.98597E-05 9.98597E-05 9.98597E-05 9.98597E-05 9.98597E-05
9.98945E-05 0.0864738 9.98945E-05 9.98945E-05 9.98945E-05 0.765416 9.98945E-05 0.031351 9.98945E-05 9.98945E-05 0.0201001 0.016422 0.0790379 9.98945E-05 9.98945E-05 9.98945E-05 9.98945E-05 9.98945E-05
0.0139454 0.204171 9.98858E-05 9.98858E-05 0.117842 0.605012 9.98858E-05 9.98858E-05 0.057731 9.98858E-05 9.98858E-05 9.98858E-05 9.98858E-05 9.98858E-05 9.98858E-05 9.98858E-05 9.98858E-05 9.98858E-05
9.98771E-05 9.98771E-05 9.98771E-05 9.98771E-05 0.0212886 0.885654 9.98771E-05 0.0585976 9.98771E-05 9.98771E-05 9.98771E-05 0.0330612 9.98771E-05 9.98771E-05 9.98771E-05 9.98771E-05 9.98771E-05 9.98771E-05
9.98945E-05 9.98945E-05 9.98945E-05 9.98945E-05 9.98945E-05 0.506444 0.0362273 0.0317199 9.98945E-05 9.98945E-05 9.98945E-05 0.131037 9.98945E-05 0.18154 9.98945E-05 9.98945E-05 0.111833 9.98945E-05
9.98511E-05 9.98511E-05 9.98511E-05 9.98511E-05 9.98511E-05 0.998303 9.98511E-05 9.98511E-05 9.98511E-05 9.98511E-05 9.98511E-05 9.98511E-05 9.98511E-05 9.98511E-05 9.98511E-05 9.98511E-05 9.98511E-05 9.98511E-05
0.0219803 9.98945E-05 9.98945E-05 9.98945E-05 9.98945E-05 0.689432 0.00607615 9.98945E-05 0.2529 9.98945E-05 0.0085706 0.0198428 9.98945E-05 9.98945E-05 9.98945E-05 9.98945E-05 9.98945E-05 9.98945E-05
9.9886E-05 9.9886E-05 0.0213018 9.9886E-05 9.9886E-05 0.762815 9.9886E-05 9.9886E-05 9.9886E-05 9.9886E-05 9.9886E-05 0.0725381 9.9886E-05 0.0441985 0.0978482 9.9886E-05 9.9886E-05 9.9886E-05
0.0403541 0.15729 9.98946E-05 9.98946E-05 0.00269913 0.72209 9.98946E-05 0.0719274 9.98946E-05 9.98946E-05 9.98946E-05 0.00444124 9.98946E-05 9.98946E-05 9.98946E-05 9.98946E-05 9.98946E-05 9.98946E-05
0.00314907 0.0300627 9.98945E-05 9.98945E-05 0.142698 0.760137 9.98945E-05 9.98945E-05 0.0106582 9.98945E-05 9.98945E-05 0.0520962 9.98945E-05 9.98945E-05 9.98945E-05 9.98945E-05 9.98945E-05 9.98945E-05
9.98598E-05 9.98598E-05 9.98598E-05 9.98598E-05 9.98598E-05 0.911676 9.98598E-05 9.98598E-05 9.98598E-05 9.98598E-05 0.0867262 9.98598E-05 9.98598E-05 9.98598E-05 9.98598E-05 9.98598E-05 9.98598E-05 9.98598E-05
9.98509E-05 9.98509E-05 9.98509E-05 9.98509E-05 9.98509E-05 0.998303 9.98509E-05 9.98509E-05 9.98509E-05 9.98509E-05 9.98509E-05 9.98509E-05 9.98509E-05 9.98509E-05 9.98509E-05 9.98509E-05 9.98509E-05 9.98509E-05
9.9851E-05 9.9851E-05 9.9851E-05 9.9851E-05 9.9851E-05 0.998303 9.9851E-05 9.9851E-05 9.9851E-05 9.9851E-05 9.9851E-05 9.9851E-05 9.9851E-05 9.9851E-05 9.9851E-05 9.9851E-05 9.9851E-05 9.9851E-05
9.98597E-05 9.98597E-05 9.98597E-05 9.98597E-05 9.98597E-05 0.88372 9.98597E-05 0.114682 9.98597E-05 9.98597E-05 9.98597E-05 9.98597E-05 9.98597E-05 9.98597E-05 9.98597E-05 9.98597E-05 9.98597E-05 9.98597E-05
0.0704621 9.98861E-05 9.98861E-05 9.98861E-05 9.98861E-05 0.635987 9.98861E-05 9.98861E-05 9.98861E-05 0.066642 9.98861E-05 0.11953 9.98861E-05 0.106081 9.98861E-05 9.98861E-05 9.98861E-05 9.98861E-05
0.199094 9.98771E-05 9.98771E-05 0.0196584 9.98771E-05 9.98771E-05 9.98771E-05 9.98771E-05 9.98771E-05 9.98771E-05 9.98771E-05 0.182491 9.98771E-05 9.98771E-05 0.597358 9.98771E-05 9.98771E-05 9.98771E-05
0.0855112 9.98773E-05 9.98773E-05 9.98773E-05 9.98773E-05 9.98773E-05 9.98773E-05 9.98773E-05 9.98773E-05 9.98773E-05 9.98773E-05 0.00873596 9.98773E-05 9.98773E-05 0.845359 0.0589952 9.98773E-05 9.98773E-05
9.98945E-05 9.98945E-05 0.0156736 0.0409525 0.0108917 9.98945E-05 9.98945E-05 9.98945E-05 0.0618466 9.98945E-05 9.98945E-05 0.168767 9.98945E-05 9.98945E-05 0.70067 9.98945E-05 9.98945E-05 9.98945E-05
0.13654 9.99033E-05 9.99033E-05 0.0381166 0.0126442 9.99033E-05 0.0214012 0.165769 9.99033E-05 9.99033E-05 9.99033E-05 0.229565 9.99033E-05 9.99033E-05 0.394865 9.99033E-05 9.99033E-05 9.99033E-05
0.231019 0.0208851 9.98945E-05 9.98945E-05 9.98945E-05 9.98945E-05 9.98945E-05 9.98945E-05 9.98945E-05 9.98945E-05 9.98945E-05 0.119485 0.0297309 9.98945E-05 0.56776 9.98945E-05 9.98945E-05 0.0299206
0.144266 0.0851893 9.98859E-05 9.98859E-05 9.98859E-05 9.98859E-05 9.98859E-05 9.98859E-05 9.98859E-05 9.98859E-05 0.0174271 0.216629 9.98859E-05 9.98859E-05 0.535191 9.98859E-05 9.98859E-05 9.98859E-05
0.132381 9.98999E-05 9.98999E-05 9.98999E-05 0.0385479 9.98999E-05 9.98999E-05 0.0430494 0.088487 9.98999E-05 9.98999E-05 0.143268 9.98999E-05 9.98999E-05 0.553068 9.98999E-05 9.98999E-05 9.98999E-05
0.330074 9.98858E-05 9.98858E-05 9.98858E-05 0.0437634 9.98858E-05 0.0678086 9.98858E-05 9.98858E-05 9.98858E-05 9.98858E-05 0.0679817 9.98858E-05 9.98858E-05 0.489074 9.98858E-05 9.98858E-05 9.98858E-05
0.347109 9.99033E-05 0.0186019 9.99033E-05 0.0239589 9.99033E-05 9.99033E-05 9.99033E-05 9.99033E-05 9.99033E-05 0.188978 0.0833253 9.99033E-05 0.197449 0.139478 9.99033E-05 9.99033E-05 9.99033E-05
0.249134 9.98946E-05 0.0774825 9.98946E-05 9.98946E-05 9.98946E-05 9.98946E-05 0.0149933 0.0132935 9.98946E-05 9.98946E-05 0.35188 9.98946E-05 9.98946E-05 0.292018 9.98946E-05 9.98946E-05 9.98946E-05
9.98772E-05 9.98772E-05 9.98772E-05 9.98772E-05 9.98772E-05 9.98772E-05 9.98772E-05 9.98772E-05 9.98772E-05 9.98772E-05 0.283555 0.0363564 9.98772E-05 9.98772E-05 0.622391 0.0562998 9.98772E-05 9.98772E-05
9.98858E-05 9.98858E-05 9.98858E-05 9.98858E-05 0.0428674 9.98858E-05 9.98858E-05 9.98858E-05 9.98858E-05 9.98858E-05 0.171827 0.0984784 9.98858E-05 9.98858E-05 0.660855 0.0246744 9.98858E-05 9.98858E-05
0.1528 9.98859E-05 9.98859E-05 9.98859E-05 0.00660208 9.98859E-05 9.98859E-05 0.0147621 0.0243081 9.98859E-05 9.98859E-05 9.98859E-05 9.98859E-05 9.98859E-05 0.800229 9.98859E-05 9.98859E-05 9.98859E-05
0.158692 9.98772E-05 9.98772E-05 9.98772E-05 9.98772E-05 9.98772E-05 9.98772E-05 9.98772E-05 9.98772E-05 9.98772E-05 9.98772E-05 0.209013 9.98772E-05 9.98772E-05 0.583045 9.98772E-05 9.98772E-05 0.0478521
0.141564 9.99034E-05 9.99034E-05 9.99034E-05 0.0257764 9.99034E-05 9.99034E-05 0.177451 9.99034E-05 9.99034E-05 0.00232494 9.99034E-05 9.99034E-05 0.0347439 0.596873 9.99034E-05 0.0201677 9.99034E-05
0.0162516 9.98947E-05 9.98947E-05 9.98947E-05 9.98947E-05 9.98947E-05 0.113957 9.98947E-05 9.98947E-05 9.98947E-05 0.0583601 0.184524 9.98947E-05 0.198181 0.427528 9.98947E-05 9.98947E-05 9.98947E-05
0.0993644 9.98858E-05 9.98858E-05 9.98858E-05 9.98858E-05 9.98858E-05 0.0926992 9.98858E-05 9.98858E-05 9.98858E-05 0.225424 0.12804 9.98858E-05 9.98858E-05 0.453173 9.98858E-05 9.98858E-05 9.98858E-05
0.193097 9.98859E-05 9.98859E-05 0.0299489 9.98859E-05 9.98859E-05 9.98859E-05 9.98859E-05 0.118542 9.98859E-05 9.98859E-05 9.98859E-05 0.0608524 9.98859E-05 0.596261 9.98859E-05 9.98859E-05 9.98859E-05
0.041252 9.98946E-05 9.98946E-05 0.0551931 0.0497918 9.98946E-05 9.98946E-05 9.98946E-05 0.042321 9.98946E-05 0.010669 9.98946E-05 9.98946E-05 9.98946E-05 0.799574 9.98946E-05 9.98946E-05 9.98946E-05
0.0906821 9.99035E-05 9.99035E-05 9.99035E-05 0.0205967 0.00377208 0.0667408 9.99035E-05 9.99035E-05 9.99035E-05 9.99035E-05 0.141213 9.99035E-05 0.179829 0.496067 9.99035E-05 9.99035E-05 9.99035E-05
0.0822752 0.0461721 9.98946E-05 9.98946E-05 9.98946E-05 9.98946E-05 9.98946E-05 0.0424139 9.98946E-05 9.98946E-05 0.13722 0.140154 9.98946E-05 9.98946E-05 0.550566 9.98946E-05 9.98946E-05 9.98946E-05
0.122783 9.99033E-05 9.99033E-05 9.99033E-05 0.0330815 9.99033E-05 9.99033E-05 0.0358701 9.99033E-05 9.99033E-05 9.99033E-05 0.147846 9.99033E-05 0.000451192 0.626626 9.99033E-05 0.0322437 9.99033E-05
0.281746 9.98947E-05 9.98947E-05 0.0261825 9.98947E-05 9.98947E-05 0.124935 9.98947E-05 9.98947E-05 9.98947E-05 0.123065 0.258565 9.98947E-05 9.98947E-05 0.184308 9.98947E-05 9.98947E-05 9.98947E-05
0.209669 9.98771E-05 0.0647907 9.98771E-05 9.98771E-05 9.98771E-05 9.98771E-05 9.98771E-05 9.98771E-05 9.98771E-05 9.98771E-05 0.0391333 9.98771E-05 9.98771E-05 0.685009 9.98771E-05 9.98771E-05 9.98771E-05
0.296285 9.99034E-05 9.99034E-05 9.99034E-05 0.0820465 9.99034E-05 0.0679054 9.99034E-05 9.99034E-05 9.99034E-05 0.132877 0.221464 9.99034E-05 9.99034E-05 0.193841 9.99034E-05 9.99034E-05 0.00448134
0.149457 9.98947E-05 9.98947E-05 9.98947E-05 9.98947E-05 0.10059 9.98947E-05 9.98947E-05 0.00759541 9.98947E-05 0.138066 0.109564 9.98947E-05 9.98947E-05 0.493529 9.98947E-05 9.98947E-05 9.98947E-05
9.98773E-05 9.98773E-05 9.98773E-05 9.98773E-05 9.98773E-05 9.98773E-05 9.98773E-05 9.98773E-05 9.98773E-05 0.0430875 9.98773E-05 0.0237928 9.98773E-05 9.98773E-05 0.800184 9.98773E-05 9.98773E-05 0.131537
0.176405 0.02029 9.99033E-05 0.0396519 9.99033E-05 9.99033E-05 0.0100307 9.99033E-05 9.99033E-05 9.99033E-05 9.99033E-05 0.209622 9.99033E-05 9.99033E-05 0.507599 9.99033E-05 0.0353026 9.99033E-05
0.345232 9.98772E-05 9.98772E-05 9.98772E-05 9.98772E-05 9.98772E-05 9.98772E-05 9.98772E-05 9.98772E-05 9.98772E-05 0.037393 0.233274 9.98772E-05 9.98772E-05 0.382702 9.98772E-05 9.98772E-05 9.98772E-05
0.0187385 9.98859E-05 9.98859E-05 0.0139562 9.98859E-05 9.98859E-05 0.125751 9.98859E-05 9.98859E-05 9.98859E-05 9.98859E-05 0.217496 9.98859E-05 9.98859E-05 0.62276 9.98859E-05 9.98859E-05 9.98859E-05
0.0729712 9.98947E-05 9.98947E-05 9.98947E-05 0.0390266 9.98947E-05 9.98947E-05 9.98947E-05 9.98947E-05 9.98947E-05 0.0654872 0.238321 9.98947E-05 9.98947E-05 0.521182 9.98947E-05 0.0618131 9.98947E-05
9.9877E-05 9.9877E-05 9.9877E-05 9.9877E-05 9.9877E-05 9.9877E-05 0.108406 9.9877E-05 9.9877E-05 9.9877E-05 9.9877E-05 0.0924938 9.9877E-05 9.9877E-05 0.664846 9.9877E-05 0.132856 9.9877E-05
0.337123 9.98858E-05 9.98858E-05 0.0385669 9.98858E-05 9.98858E-05 0.196414 9.98858E-05 9.98858E-05 9.98858E-05 9.98858E-05 0.204449 9.98858E-05 9.98858E-05 0.222149 9.98858E-05 9.98858E-05 9.98858E-05
0.0843834 9.99033E-05 0.00997785 9.99033E-05 9.99033E-05 9.99033E-05 0.0468835 9.99033E-05 0.209683 9.99033E-05 9.99033E-05 0.145669 9.99033E-05 0.0181798 0.484125 9.99033E-05 9.99033E-05 9.99033E-05
0.0369312 9.98683E-05 9.98683E-05 9.98683E-05 9.98683E-05 9.98683E-05 9.98683E-05 9.98683E-05 9.98683E-05 9.98683E-05 9.98683E-05 0.139801 9.98683E-05 9.98683E-05 0.82177 9.98683E-05 9.98683E-05 9.98683E-05
0.0381579 0.0462105 9.99121E-05 9.99121E-05 0.0535348 9.99121E-05 0.0029602 9.99121E-05 9.99121E-05 9.99121E-05 0.0268317 9.99121E-05 9.99121E-05 0.26059 0.534888 9.99121E-05 0.0358271 9.99121E-05
0.170391 9.98945E-05 9.98945E-05 9.98945E-05 0.0379627 9.98945E-05 9.98945E-05 0.0628762 9.98945E-05 9.98945E-05 9.98945E-05 0.305908 9.98945E-05 0.00225748 0.419405 9.98945E-05 9.98945E-05 9.98945E-05
0.0789361 9.98597E-05 9.98597E-05 9.98597E-05 9.98597E-05 9.98597E-05 9.98597E-05 9.98597E-05 9.98597E-05 9.98597E-05 9.98597E-05 9.98597E-05 9.98597E-05 9.98597E-05 0.919466 9.98597E-05 9.98597E-05 9.98597E-05
9.98772E-05 9.98772E-05 9.98772E-05 9.98772E-05 0.0353888 9.98772E-05 0.0506418 9.98772E-05 9.98772E-05 9.98772E-05 9.98772E-05 0.112129 9.98772E-05 9.98772E-05 0.800442 9.98772E-05 9.98772E-05 9.98772E-05
0.0522 9.98685E-05 9.98685E-05 0.0204424 9.98685E-05 9.98685E-05 9.98685E-05 9.98685E-05 9.98685E-05 9.98685E-05 9.98685E-05 9.98685E-05 9.98685E-05 9.98685E-05 0.92586 9.98685E-05 9.98685E-05 9.98685E-05
0.0182882 0.0112245 9.98774E-05 9.98774E-05 9.98774E-05 9.98774E-05 9.98774E-05 9.98774E-05 9.98774E-05 9.98774E-05 0.132654 9.98774E-05 9.98774E-05 9.98774E-05 0.836435 9.98774E-05 9.98774E-05 9.98774E-05
0.150476 9.98946E-05 9.98946E-05 0.107838 0.0220739 9.98946E-05 9.98946E-05 9.98946E-05 9.98946E-05 9.98946E-05 0.108441 0.348007 9.98946E-05 9.98946E-05 0.261965 9.98946E-05 9.98946E-05 9.98946E-05
0.188024 9.98945E-05 0.0605834 0.0256902 9.98945E-05 9.98945E-05 9.98945E-05 9.98945E-05 0.0350892 9.98945E-05 9.98945E-05 9.98945E-05 9.98945E-05 0.104809 0.584606 9.98945E-05 9.98945E-05 9.98945E-05
0.128943 9.98861E-05 9.98861E-05 9.98861E-05 9.98861E-05 9.98861E-05 0.0253565 9.98861E-05 9.98861E-05 0.00512558 9.98861E-05 0.0615363 9.98861E-05 9.98861E-05 0.77774 9.98861E-05 9.98861E-05 9.98861E-05
9.98773E-05 9.98773E-05 0.0316315 9.98773E-05 9.98773E-05 9.98773E-05 9.98773E-05 9.98773E-05 9.98773E-05 0.0468055 9.98773E-05 0.081593 9.98773E-05 9.98773E-05 0.838572 9.98773E-05 9.98773E-05 9.98773E-05
0.274578 9.99121E-05 9.99121E-05 9.99121E-05 0.0144566 9.99121E-05 0.125314 0.0365551 0.113754 9.99121E-05 0.258107 9.99121E-05 0.00237283 9.99121E-05 0.173863 9.99121E-05 9.99121E-05 9.99121E-05
0.146989 9.98946E-05 9.98946E-05 9.98946E-05 0.0367244 0.210448 9.98946E-05 0.0216474 9.98946E-05 9.98946E-05 9.98946E-05 0.102973 9.98946E-05 9.98946E-05 0.48002 9.98946E-05 9.98946E-05 9.98946E-05
0.171893 9.99123E-05 9.99123E-05 9.99123E-05 9.99123E-05 9.99123E-05 9.99123E-05 9.99123E-05 0.0454544 9.99123E-05 0.10906 0.0342632 9.99123E-05 0.080269 0.409796 9.99123E-05 0.0225712 0.125695
0.324773 9.98859E-05 9.98859E-05 9.98859E-05 9.98859E-05 9.98859E-05 0.0528474 9.98859E-05 0.106674 9.98859E-05 9.98859E-05 0.233862 9.98859E-05 9.98859E-05 0.280546 9.98859E-05 9.98859E-05 9.98859E-05
9.98684E-05 9.98684E-05 9.98684E-05 9.98684E-05 9.98684E-05 9.98684E-05 9.98684E-05 9.98684E-05 9.98684E-05 9.98684E-05 0.0688088 0.0339933 9.98684E-05 9.98684E-05 0.8957 9.98684E-05 9.98684E-05 9.98684E-05
0.0576331 0.212382 9.98946E-05 9.98946E-05 9.98946E-05 9.98946E-05 9.98946E-05 9.98946E-05 9.98946E-05 9.98946E-05 9.98946E-05 0.160898 0.110233 0.0977698 0.359885 9.98946E-05 9.98946E-05 9.98946E-05
0.115535 9.98774E-05 9.98774E-05 9.98774E-05 0.0113354 0.0876445 9.98774E-05 9.98774E-05 9.98774E-05 9.98774E-05 9.98774E-05 9.98774E-05 9.98774E-05 9.98774E-05 0.784087 9.98774E-05 9.98774E-05 9.98774E-05
0.124407 9.98947E-05 9.98947E-05 9.98947E-05 0.0389231 9.98947E-05 9.98947E-05 0.0235076 9.98947E-05 9.98947E-05 9.98947E-05 0.0675908 9.98947E-05 0.109893 0.63448 9.98947E-05 9.98947E-05 9.98947E-05
0.165083 9.99034E-05 9.99034E-05 9.99034E-05 9.99034E-05 9.99034E-05 9.99034E-05 0.0405807 0.0217513 9.99034E-05 0.0322945 0.0126375 9.99034E-05 9.99034E-05 0.586925 9.99034E-05 0.139629 9.99034E-05
0.0328549 0.174113 9.98945E-05 9.98945E-05 0.0990072 9.98945E-05 9.98945E-05 9.98945E-05 0.0631157 9.98945E-05 9.98945E-05 0.135409 9.98945E-05 9.98945E-05 0.494302 9.98945E-05 9.98945E-05 9.98945E-05
0.238165 9.98946E-05 0.0160753 9.98946E-05 9.98946E-05 9.98946E-05 0.0342213 9.98946E-05 9.98946E-05 9.98946E-05 0.295796 0.25251 9.98946E-05 9.98946E-05 0.162033 9.98946E-05 9.98946E-05 9.98946E-05
0.268127 9.9877E-05 0.0516052 9.9877E-05 9.9877E-05 9.9877E-05 9.9877E-05 9.9877E-05 9.9877E-05 9.9877E-05 9.9877E-05 0.217428 9.9877E-05 9.9877E-05 0.461442 9.9877E-05 9.9877E-05 9.9877E-05
0.0863386 9.9912E-05 9.9912E-05 9.9912E-05 0.0635099 9.9912E-05 0.0141199 9.9912E-05 0.0560165 9.9912E-05 0.0194092 0.110578 9.9912E-05 9.9912E-05 0.59632 9.9912E-05 0.0527088 9.9912E-05
9.98771E-05 9.98771E-05 9.98771E-05 9.98771E-05 0.044312 9.98771E-05 0.13233 9.98771E-05 9.98771E-05 9.98771E-05 9.98771E-05 0.140689 9.98771E-05 9.98771E-05 0.681271 9.98771E-05 9.98771E-05 9.98771E-05
0.166097 9.98859E-05 9.98859E-05 9.98859E-05 9.98859E-05 9.98859E-05 0.0220047 9.98859E-05 9.98859E-05 9.98859E-05 0.113482 0.00916822 9.98859E-05 9.98859E-05 0.687949 9.98859E-05 9.98859E-05 9.98859E-05
9.98506E-05 9.98506E-05 9.98506E-05 9.98506E-05 9.98506E-05 9.98506E-05 9.98506E-05 9.98506E-05 9.98506E-05 9.98506E-05 9.98506E-05 0.998303 9.98506E-05 9.98506E-05 9.98506E-05 9.98506E-05 9.98506E-05 9.98506E-05
0.998303 9.98506E-05 9.98506E-05 9.98506E-05 9.98506E-05 9.98506E-05 9.98506E-05 9.98506E-05 9.98506E-05 9.98506E-05 9.98506E-05 9.98506E-05 9.98506E-05 9.98506E-05 9.98506E-05 9.98506E-05 9.98506E-05 9.98506E-05
9.98505E-05 9.98505E-05 9.98505E-05 9.98505E-05 9.98505E-05 9.98505E-05 9.98505E-05 9.98505E-05 9.98505E-05 9.98505E-05 9.98505E-05 0.998303 9.98505E-05 9.98505E-05 9.98505E-05 9.98505E-05 9.98505E-05 9.98505E-05
0.998303 9.98506E-05 9.98506E-05 9.98506E-05 9.98506E-05 9.98506E-05 9.98506E-05 9.98506E-05 9.98506E-05 9.98506E-05 9.98506E-05 9.98506E-05 9.98506E-05 9.98506E-05 9.98506E-05 9.98506E-05 9.98506E-05 9.98506E-05
0.998303 9.98505E-05 9.98505E-05 9.98505E-05 9.98505E-05 9.98505E-05 9.98505E-05 9.98505E-05 9.98505E-05 9.98505E-05 9.98505E-05 9.98505E-05 9.98505E-05 9.98505E-05 9.98505E-05 9.98505E-05 9.98505E-05 9.98505E-05
0.998303 9.98506E-05 9.98506E-05 9.98506E-05 9.98506E-05 9.98506E-05 9.98506E-05 9.98506E-05 9.98506E-05 9.98506E-05 9.98506E-05 9.98506E-05 9.98506E-05 9.98506E-05 9.98506E-05 9.98506E-05 9.98506E-05 9.98506E-05
9.98505E-05 9.98505E-05 9.98505E-05 9.98505E-05 9.98505E-05 9.98505E-05 9.98505E-05 9.98505E-05 9.98505E-05 9.98505E-05 9.98505E-05 0.998303 9.98505E-05 9.98505E-05 9.98505E-05 9.98505E-05 9.98505E-05 9.98505E-05
0.998303 9.98504E-05 9.98504E-05 9.98504E-05 9.98504E-05 9.98504E-05 9.98504E-05 9.98504E-05 9.98504E-05 9.98504E-05 9.98504E-05 9.98504E-05 9.98504E-05 9.98504E-05 9.98504E-05 9.98504E-05 9.98504E-05 9.98504E-05
0.998303 9.98505E-05 9.98505E-05 9.98505E-05 9.98505E-05 9.98505E-05 9.98505E-05 9.98505E-05 9.98505E-05 9.98505E-05 9.98505E-05 9.98505E-05 9.98505E-05 9.98505E-05 9.98505E-05 9.98505E-05 9.98505E-05 9.98505E-05
9.98506E-05 9.98506E-05 9.98506E-05 9.98506E-05 9.98506E-05 9.98506E-05 9.98506E-05 9.98506E-05 9.98506E-05 9.98506E-05 9.98506E-05 0.998303 9.98506E-05 9.98506E-05 9.98506E-05 9.98506E-05 9.98506E-05 9.98506E-05
9.98505E-05 9.98505E-05 9.98505E-05 9.98505E-05 9.98505E-05 9.98505E-05 9.98505E-05 9.98505E-05 9.98505E-05 9.98505E-05 9.98505E-05 0.998303 9.98505E-05 9.98505E-05 9.98505E-05 9.98505E-05 9.98505E-05 9.98505E-05
9.98504E-05 9.98504E-05 9.98504E-05 9.98504E-05 9.98504E-05 9.98504E-05 9.98504E-05 9.98504E-05 9.98504E-05 9.98504E-05 9.98504E-05 0.998303 9.98504E-05 9.98504E-05 9.98504E-05 9.98504E-05 9.98504E-05 9.98504E-05
0.998303 9.98506E-05 9.98506E-05 9.98506E-05 9.98506E-05 9.98506E-05 9.98506E-05 9.98506E-05 9.98506E-05 9.98506E-05 9.98506E-05 9.98506E-05 9.98506E-05 9.98506E-05 9.98506E-05 9.98506E-05 9.98506E-05 9.98506E-05
0.998303 9.98505E-05 9.98505E-05 9.98505E-05 9.98505E-05 9.98505E-05 9.98505E-05 9.98505E-05 9.98505E-05 9.98505E-05 9.98505E-05 9.98505E-05 9.98505E-05 9.98505E-05 9.98505E-05 9.98505E-05 9.98505E-05 9.98505E-05
9.98506E-05 9.98506E-05 9.98506E-05 9.98506E-05 9.98506E-05 9.98506E-05 9.98506E-05 9.98506E-05 9.98506E-05 9.98506E-05 9.98506E-05 0.998303 9.98506E-05 9.98506E-05 9.98506E-05 9.98506E-05 9.98506E-05 9.98506E-05
9.98504E-05 9.98504E-05 9.98504E-05 9.98504E-05 9.98504E-05 9.98504E-05 9.98504E-05 9.98504E-05 9.98504E-05 9.98504E-05 9.98504E-05 0.998303 9.98504E-05 9.98504E-05 9.98504E-05 9.98504E-05 9.98504E-05 9.98504E-05
0.121123 0.101311 0.000410611 9.99209E-05 9.99209E-05 9.99209E-05 9.99209E-05 0.0209407 9.99209E-05 9.99209E-05 9.99209E-05 0.226553 0.150814 0.0170593 0.321742 9.99209E-05 9.99209E-05 0.0391465
9.98506E-05 9.98506E-05 9.98506E-05 9.98506E-05 9.98506E-05 9.98506E-05 9.98506E-05 9.98506E-05 9.98506E-05 9.98506E-05 9.98506E-05 0.998303 9.98506E-05 9.98506E-05 9.98506E-05 9.98506E-05 9.98506E-05 9.98506E-05
0.998303 9.98506E-05 9.98506E-05 9.98506E-05 9.98506E-05 9.98506E-05 9.98506E-05 9.98506E-05 9.98506E-05 9.98506E-05 9.98506E-05 9.98506E-05 9.98506E-05 9.98506E-05 9.98506E-05 9.98506E-05 9.98506E-05 9.98506E-05
9.98504E-05 9.98504E-05 9.98504E-05 9.98504E-05 9.98504E-05 9.98504E-05 9.98504E-05 9.98504E-05 9.98504E-05 9.98504E-05 9.98504E-05 0.998303 9.98504E-05 9.98504E-05 9.98504E-05 9.98504E-05 9.98504E-05 9.98504E-05
9.98505E-05 9.98505E-05 9.98505E-05 9.98505E-05 9.98505E-05 9.98505E-05 9.98505E-05 9.98505E-05 9.98505E-05 9.98505E-05 9.98505E-05 0.998303 9.98505E-05 9.98505E-05 9.98505E-05 9.98505E-05 9.98505E-05 9.98505E-05
9.98505E-05 9.98505E-05 9.98505E-05 9.98505E-05 9.98505E-05 9.98505E-05 9.98505E-05 9.98505E-05 9.98505E-05 9.98505E-05 9.98505E-05 0.998303 9.98505E-05 9.98505E-05 9.98505E-05 9.98505E-05 9.98505E-05 9.98505E-05
0.998303 9.98505E-05 9.98505E-05 9.98505E-05 9.98505E-05 9.98505E-05 9.98505E-05 9.98505E-05 9.98505E-05 9.98505E-05 9.98505E-05 9.98505E-05 9.98505E-05 9.98505E-05 9.98505E-05 9.98505E-05 9.98505E-05 9.98505E-05
9.98505E-05 9.98505E-05 9.98505E-05 9.98505E-05 9.98505E-05 9.98505E-05 9.98505E-05 9.98505E-05 9.98505E-05 9.98505E-05 9.98505E-05 0.998303 9.98505E-05 9.98505E-05 9.98505E-05 9.98505E-05 9.98505E-05 9.98505E-05
0.998303 9.98505E-05 9.98505E-05 9.98505E-05 9.98505E-05 9.98505E-05 9.98505E-05 9.98505E-05 9.98505E-05 9.98505E-05 9.98505E-05 9.98505E-05 9.98505E-05 9.98505E-05 9.98505E-05 9.98505E-05 9.98505E-05 9.98505E-05
9.98506E-05 9.98506E-05 9.98506E-05 9.98506E-05 9.98506E-05 9.98506E-05 9.98506E-05 9.98506E-05 9.98506E-05 9.98506E-05 9.98506E-05 0.998303 9.98506E-05 9.98506E-05 9.98506E-05 9.98506E-05 9.98506E-05 9.98506E-05
9.98505E-05 9.98505E-05 9.98505E-05 9.98505E-05 9.98505E-05 9.98505E-05 9.98505E-05 9.98505E-05 9.98505E-05 9.98505E-05 9.98505E-05 0.998303 9.98505E-05 9.98505E-05 9.98505E-05 9.98505E-05 9.98505E-05 9.98505E-05
0.998303 9.98506E-05 9.98506E-05 9.98506E-05 9.98506E-05 9.98506E-05 9.98506E-05 9.98506E-05 9.98506E-05 9.98506E-05 9.98506E-05 9.98506E-05 9.98506E-05 9.98506E-05 9.98506E-05 9.98506E-05 9.98506E-05 9.98506E-05
0.998303 9.98504E-05 9.98504E-05 9.98504E-05 9.98504E-05 9.98504E-05 9.98504E-05 9.98504E-05 9.98504E-05 9.98504E-05 9.98504E-05 9.98504E-05 9.98504E-05 9.98504E-05 9.98504E-05 9.98504E-05 9.98504E-05 9.98504E-05
0.998303 9.98506E-05 9.98506E-05 9.98506E-05 9.98506E-05 9.98506E-05 9.98506E-05 9.98506E-05 9.98506E-05 9.98506E-05 9.98506E-05 9.98506E-05 9.98506E-05 9.98506E-05 9.98506E-05 9.98506E-05 9.98506E-05 9.98506E-05
9.98594E-05 9.98594E-05 9.98594E-05 9.98594E-05 9.98594E-05 9.98594E-05 0.0377005 9.98594E-05 9.98594E-05 9.98594E-05 9.98594E-05 0.960702 9.98594E-05 9.98594E-05 9.98594E-05 9.98594E-05 9.98594E-05 9.98594E-05
9.98505E-05 9.98505E-05 9.98505E-05 9.98505E-05 9.98505E-05 9.98505E-05 9.98505E-05 9.98505E-05 9.98505E-05 9.98505E-05 9.98505E-05 0.998303 9.98505E-05 9.98505E-05 9.98505E-05 9.98505E-05 9.98505E-05 9.98505E-05
9.98505E-05 9.98505E-05 9.98505E-05 9.98505E-05 9.98505E-05 9.98505E-05 9.98505E-05 9.98505E-05 9.98505E-05 9.98505E-05 9.98505E-05 0.998303 9.98505E-05 9.98505E-05 9.98505E-05 9.98505E-05 9.98505E-05 9.98505E-05
9.98505E-05 9.98505E-05 9.98505E-05 9.98505E-05 9.98505E-05 9.98505E-05 9.98505E-05 9.98505E-05 9.98505E-05 9.98505E-05 9.98505E-05 0.998303 9.98505E-05 9.98505E-05 9.98505E-05 9.98505E-05 9.98505E-05 9.98505E-05
9.98505E-05 9.98505E-05 9.98505E-05 9.98505E-05 9.98505E-05 9.98505E-05 9.98505E-05 9.98505E-05 9.98505E-05 9.98505E-05 9.98505E-05 0.998303 9.98505E-05 9.98505E-05 9.98505E-05 9.98505E-05 9.98505E-05 9.98505E-05
0.998303 9.98505E-05 9.98505E-05 9.98505E-05 9.98505E-05 9.98505E-05 9.98505E-05 9.98505E-05 9.98505E-05 9.98505E-05 9.98505E-05 9.98505E-05 9.98505E-05 9.98505E-05 9.98505E-05 9.98505E-05 9.98505E-05 9.98505E-05
0.998303 9.98505E-05 9.98505E-05 9.98505E-05 9.98505E-05 9.98505E-05 9.98505E-05 9.98505E-05 9.98505E-05 9.98505E-05 9.98505E-05 9.98505E-05 9.98505E-05 9.98505E-05 9.98505E-05 9.98505E-05 9.98505E-05 9.98505E-05
0.998303 9.98505E-05 9.98505E-05 9.98505E-05 9.98505E-05 9.98505E-05 9.98505E-05 9.98505E-05 9.98505E-05 9.98505E-05 9.98505E-05 9.98505E-05 9.98505E-05 9.98505E-05 9.98505E-05 9.98505E-05 9.98505E-05 9.98505E-05
9.98505E-05 9.98505E-05 9.98505E-05 9.98505E-05 9.98505E-05 9.98505E-05 9.98505E-05 9.98505E-05 9.98505E-05 9.98505E-05 9.98505E-05 0.998303 9.98505E-05 9.98505E-05 9.98505E-05 9.98505E-05 9.98505E-05 9.98505E-05
0.998303 9.98504E-05 9.98504E-05 9.98504E-05 9.98504E-05 9.98504E-05 9.98504E-05 9.98504E-05 9.98504E-05 9.98504E-05 9.98504E-05 9.98504E-05 9.98504E-05 9.98504E-05 9.98504E-05 9.98504E-05 9.98504E-05 9.98504E-05
0.998303 9.98505E-05 9.98505E-05 9.98505E-05 9.98505E-05 9.98505E-05 9.98505E-05 9.98505E-05 9.98505E-05 9.98505E-05 9.98505E-05 9.98505E-05 9.98505E-05 9.98505E-05 9.98505E-05 9.98505E-05 9.98505E-05 9.98505E-05
0.998303 9.98505E-05 9.98505E-05 9.98505E-05 9.98505E-05 9.98505E-05 9.98505E-05 9.98505E-05 9.98505E-05 9.98505E-05 9.98505E-05 9.98505E-05 9.98505E-05 9.98505E-05 9.98505E-05 9.98505E-05 9.98505E-05 9.98505E-05
0.998303 9.98505E-05 9.98505E-05 9.98505E-05 9.98505E-05 9.98505E-05 9.98505E-05 9.98505E-05 9.98505E-05 9.98505E-05 9.98505E-05 9.98505E-05 9.98505E-05 9.98505E-05 9.98505E-05 9.98505E-05 9.98505E-05 9.98505E-05
9.98505E-05 9.98505E-05 9.98505E-05 9.98505E-05 9.98505E-05 9.98505E-05 9.98505E-05 9.98505E-05 9.98505E-05 9.98505E-05 9.98505E-05 0.998303 9.98505E-05 9.98505E-05 9.98505E-05 9.98505E-05 9.98505E-05 9.98505E-05
0.998303 9.98506E-05 9.98506E-05 9.98506E-05 9.98506E-05 9.98506E-05 9.98506E-05 9.98506E-05 9.98506E-05 9.98506E-05 9.98506E-05 9.98506E-05 9.98506E-05 9.98506E-05 9.98506E-05 9.98506E-05 9.98506E-05 9.98506E-05
0.998303 9.98505E-05 9.98505E-05 9.98505E-05 9.98505E-05 9.98505E-05 9.98505E-05 9.98505E-05 9.98505E-05 9.98505E-05 9.98505E-05 9.98505E-05 9.98505E-05 9.98505E-05 9.98505E-05 9.98505E-05 9.98505E-05 9.98505E-05
0.14152 0.138055 0.000159849 9.99209E-05 9.99209E-05 9.99209E-05 0.0328835 9.99209E-05 9.99209E-05 9.99209E-05 9.99209E-05 0.167044 0.0908648 0.0791236 0.283145 9.99209E-05 9.99209E-05 0.0663053
