9.98858E-05 0.386087 9.98858E-05 9.98858E-05 0.154808 9.98858E-05 9.98858E-05 9.98858E-05 9.98858E-05 9.98858E-05 0.0400336 0.0811509 9.98858E-05 9.98858E-05 0.210517 0.0675049 9.98858E-05 9.98858E-05 9.98858E-05 0.0586008
9.98771E-05 0.715446 9.98771E-05 9.98771E-05 9.98771E-05 9.98771E-05 9.98771E-05 9.98771E-05 9.98771E-05 9.98771E-05 0.0111308 0.0114138 9.98771E-05 9.98771E-05 0.131815 0.00392059 9.98771E-05 9.98771E-05 9.98771E-05 0.124876
9.98771E-05 0.803827 9.98771E-05 9.98771E-05 0.0461139 9.98771E-05 9.98771E-05 9.98771E-05 0.056185 9.98771E-05 0.00960069 9.98771E-05 9.98771E-05 0.0472025 9.98771E-05 9.98771E-05 0.0356724 9.98771E-05 9.98771E-05 9.98771E-05
9.99122E-05 0.253008 0.0868597 0.0807162 0.140885 9.99122E-05 9.99122E-05 9.99122E-05 0.0459052 9.99122E-05 0.0197023 0.133164 0.0288714 9.99122E-05 9.99122E-05 0.0104664 9.99122E-05 0.199422 9.99122E-05 9.99122E-05
9.98596E-05 0.816267 0.0737573 0.0691343 9.98596E-05 9.98596E-05 9.98596E-05 9.98596E-05 9.98596E-05 9.98596E-05 9.98596E-05 9.98596E-05 9.98596E-05 0.0392434 9.98596E-05 9.98596E-05 9.98596E-05 9.98596E-05 9.98596E-05 9.98596E-05
9.99211E-05 0.162356 0.164714 0.0513322 9.99211E-05 9.99211E-05 9.99211E-05 9.99211E-05 0.130694 9.99211E-05 0.00991337 0.0327899 0.126969 0.0308031 0.0624822 9.99211E-05 9.99211E-05 9.99211E-05 0.19396 0.033087
9.99386E-05 0.146627 0.0299182 0.0325105 0.121492 9.99386E-05 9.99386E-05 9.99386E-05 9.99386E-05 0.0268532 0.135166 9.99386E-05 0.0109053 9.99386E-05 0.147208 0.0586555 0.0349233 0.0744825 0.065909 0.11465
9.99124E-05 0.0699164 0.153171 0.0138899 0.190619 9.99124E-05 9.99124E-05 9.99124E-05 9.99124E-05 9.99124E-05 9.99124E-05 9.99124E-05 0.122305 0.0145671 0.0931035 9.99124E-05 0.0892507 0.0394872 0.212692 9.99124E-05
9.98947E-05 0.162274 0.192534 0.114287 0.0823344 9.98947E-05 9.98947E-05 9.98947E-05 9.98947E-05 0.105422 9.98947E-05 9.98947E-05 0.145968 0.000815378 9.98947E-05 0.195167 9.98947E-05 9.98947E-05 9.98947E-05 9.98947E-05
9.98508E-05 0.870168 9.98508E-05 9.98508E-05 9.98508E-05 9.98508E-05 9.98508E-05 9.98508E-05 9.98508E-05 0.0338423 9.98508E-05 9.98508E-05 9.98508E-05 9.98508E-05 9.98508E-05 0.0942918 9.98508E-05 9.98508E-05 9.98508E-05 9.98508E-05
9.9886E-05 0.480628 0.0566938 9.9886E-05 0.00245718 9.9886E-05 9.9886E-05 9.9886E-05 9.9886E-05 9.9886E-05 0.137888 9.9886E-05 0.085318 9.9886E-05 0.0214697 0.214247 9.9886E-05 9.9886E-05 9.9886E-05 9.9886E-05
0.0016113 0.811604 9.98947E-05 9.98947E-05 9.98947E-05 9.98947E-05 9.98947E-05 9.98947E-05 9.98947E-05 9.98947E-05 0.0316009 9.98947E-05 0.00312497 0.00423026 9.98947E-05 0.0764808 9.98947E-05 0.0288526 0.0412963 9.98947E-05
9.98508E-05 0.739944 9.98508E-05 9.98508E-05 0.200137 9.98508E-05 9.98508E-05 9.98508E-05 9.98508E-05 9.98508E-05 9.98508E-05 9.98508E-05 9.98508E-05 9.98508E-05 9.98508E-05 0.0582214 9.98508E-05 9.98508E-05 9.98508E-05 9.98508E-05
0.0219013 0.629255 9.99035E-05 9.99035E-05 0.0113247 9.99035E-05 9.99035E-05 0.0467342 0.0921647 9.99035E-05 0.0613588 9.99035E-05 9.99035E-05 0.0718272 9.99035E-05 0.0631339 0.00120108 9.99035E-05 9.99035E-05 9.99035E-05
9.98947E-05 0.314607 0.0907837 9.98947E-05 0.0731227 9.98947E-05 9.98947E-05 9.98947E-05 0.0350492 0.0296962 9.98947E-05 9.98947E-05 0.179215 9.98947E-05 0.154951 0.121376 9.98947E-05 9.98947E-05 9.98947E-05 9.98947E-05
0.146419 0.1802 0.144592 9.99034E-05 0.105935 9.99034E-05 9.99034E-05 9.99034E-05 9.99034E-05 9.99034E-05 9.99034E-05 0.0137516 0.148876 9.99034E-05 0.128592 0.0755414 9.99034E-05 0.0549941 9.99034E-05 9.99034E-05
0.0680971 0.548475 9.9886E-05 9.9886E-05 9.9886E-05 9.9886E-05 9.9886E-05 0.153611 9.9886E-05 9.9886E-05 0.0801504 9.9886E-05 9.9886E-05 9.9886E-05 9.9886E-05 0.0629086 0.0147218 9.9886E-05 9.9886E-05 0.0707375
9.98947E-05 0.116946 9.98947E-05 0.0540271 0.154597 0.146299 0.0993895 9.98947E-05 9.98947E-05 9.98947E-05 9.98947E-05 9.98947E-05 0.0300199 9.98947E-05 0.265893 0.13163 9.98947E-05 9.98947E-05 9.98947E-05 9.98947E-05
9.98683E-05 0.322216 9.98683E-05 9.98683E-05 0.18136 9.98683E-05 9.98683E-05 9.98683E-05 9.98683E-05 9.98683E-05 9.98683E-05 9.98683E-05 0.114243 9.98683E-05 9.98683E-05 0.180319 9.98683E-05 9.98683E-05 0.200364 9.98683E-05
9.98508E-05 0.855498 9.98508E-05 9.98508E-05 9.98508E-05 9.98508E-05 9.98508E-05 9.98508E-05 9.98508E-05 9.98508E-05 9.98508E-05 0.136157 9.98508E-05 9.98508E-05 9.98508E-05 9.98508E-05 9.98508E-05 0.00664822 9.98508E-05 9.98508E-05
0.0910081 0.416334 0.119021 0.327617 9.9886E-05 9.9886E-05 0.00145491 9.9886E-05 9.9886E-05 9.9886E-05 9.9886E-05 9.9886E-05 0.0353153 9.9886E-05 9.9886E-05 0.00795051 9.9886E-05 9.9886E-05 9.9886E-05 9.9886E-05
9.98773E-05 0.212849 9.98773E-05 9.98773E-05 0.364691 9.98773E-05 9.98773E-05 9.98773E-05 0.0599483 9.98773E-05 9.98773E-05 9.98773E-05 0.152967 0.125801 9.98773E-05 9.98773E-05 9.98773E-05 9.98773E-05 0.0823446 9.98773E-05
9.98684E-05 0.477475 0.0726662 9.98684E-05 9.98684E-05 9.98684E-05 9.98684E-05 9.98684E-05 9.98684E-05 9.98684E-05 0.0528708 9.98684E-05 9.98684E-05 9.98684E-05 0.260268 0.135223 9.98684E-05 9.98684E-05 9.98684E-05 9.98684E-05
0.0807259 0.318431 9.98771E-05 9.98771E-05 0.265637 9.98771E-05 9.98771E-05 9.98771E-05 0.100565 0.0460147 9.98771E-05 9.98771E-05 9.98771E-05 9.98771E-05 9.98771E-05 0.187229 9.98771E-05 9.98771E-05 9.98771E-05 9.98771E-05
9.98771E-05 0.274976 9.98771E-05 9.98771E-05 0.077991 9.98771E-05 9.98771E-05 9.98771E-05 0.150185 9.98771E-05 9.98771E-05 0.159471 0.0276146 9.98771E-05 9.98771E-05 0.308363 9.98771E-05 9.98771E-05 9.98771E-05 9.98771E-05
9.98772E-05 0.628569 9.98772E-05 9.98772E-05 0.0777907 9.98772E-05 9.98772E-05 9.98772E-05 0.102227 9.98772E-05 0.0308102 9.98772E-05 9.98772E-05 9.98772E-05 9.98772E-05 0.132808 9.98772E-05 0.0263969 9.98772E-05 9.98772E-05
0.0276843 9.98684E-05 9.98684E-05 9.98684E-05 0.361841 0.0930011 9.98684E-05 9.98684E-05 0.460993 9.98684E-05 9.98684E-05 9.98684E-05 9.98684E-05 9.98684E-05 9.98684E-05 0.0549828 9.98684E-05 9.98684E-05 9.98684E-05 9.98684E-05
9.98684E-05 0.663994 0.163768 9.98684E-05 0.0804332 9.98684E-05 9.98684E-05 9.98684E-05 9.98684E-05 9.98684E-05 9.98684E-05 9.98684E-05 9.98684E-05 9.98684E-05 9.98684E-05 0.0119634 9.98684E-05 9.98684E-05 0.0783437 9.98684E-05
9.98772E-05 0.510029 9.98772E-05 9.98772E-05 0.0740842 9.98772E-05 9.98772E-05 9.98772E-05 0.0571482 9.98772E-05 9.98772E-05 0.0220072 9.98772E-05 9.98772E-05 0.145303 0.190031 9.98772E-05 9.98772E-05 9.98772E-05 9.98772E-05
9.98948E-05 0.723539 9.98948E-05 9.98948E-05 9.98948E-05 9.98948E-05 9.98948E-05 0.0304084 0.0323423 0.0307311 9.98948E-05 9.98948E-05 0.0434075 9.98948E-05 9.98948E-05 0.044273 0.0555966 9.98948E-05 9.98948E-05 0.0385029
9.98946E-05 0.620118 9.98946E-05 9.98946E-05 0.0272719 9.98946E-05 0.0492321 9.98946E-05 9.98946E-05 9.98946E-05 0.084245 9.98946E-05 0.027128 9.98946E-05 0.108759 0.0300784 9.98946E-05 9.98946E-05 0.0519695 9.98946E-05
9.9886E-05 0.446368 0.272153 9.9886E-05 0.0658991 9.9886E-05 9.9886E-05 9.9886E-05 9.9886E-05 9.9886E-05 0.0371621 9.9886E-05 9.9886E-05 9.9886E-05 0.0288837 0.0980546 9.9886E-05 0.0501814 9.9886E-05 9.9886E-05
0.0837705 0.445358 9.99034E-05 9.99034E-05 0.181977 9.99034E-05 0.0101775 9.99034E-05 0.115214 9.99034E-05 0.0818687 9.99034E-05 9.99034E-05 9.99034E-05 0.00341589 0.0565476 9.99034E-05 0.020573 9.99034E-05 9.99034E-05
9.99035E-05 0.410016 0.0423388 9.99035E-05 0.194968 0.0252114 9.99035E-05 9.99035E-05 0.1718 9.99035E-05 0.0007393 9.99035E-05 9.99035E-05 9.99035E-05 9.99035E-05 0.124862 0.0175058 0.0114601 9.99035E-05 9.99035E-05
9.98772E-05 0.764494 9.98772E-05 9.98772E-05 0.00777202 9.98772E-05 9.98772E-05 9.98772E-05 9.98772E-05 9.98772E-05 0.0136467 0.0753645 9.98772E-05 9.98772E-05 9.98772E-05 0.0407412 9.98772E-05 9.98772E-05 9.98772E-05 0.0965833
9.98947E-05 0.620382 9.98947E-05 9.98947E-05 0.053675 9.98947E-05 9.98947E-05 9.98947E-05 9.98947E-05 9.98947E-05 9.98947E-05 0.0409418 0.020814 9.98947E-05 0.0461992 0.051238 9.98947E-05 0.151048 9.98947E-05 0.0145032
9.98684E-05 0.849501 9.98684E-05 9.98684E-05 9.98684E-05 9.98684E-05 9.98684E-05 9.98684E-05 9.98684E-05 9.98684E-05 0.00671118 9.98684E-05 9.98684E-05 9.98684E-05 9.98684E-05 9.98684E-05 0.0194925 9.98684E-05 0.118892 0.00390541
9.98772E-05 0.591755 9.98772E-05 9.98772E-05 9.98772E-05 9.98772E-05 9.98772E-05 0.00544775 9.98772E-05 9.98772E-05 9.98772E-05 0.0889081 0.14921 9.98772E-05 9.98772E-05 0.0567391 9.98772E-05 9.98772E-05 9.98772E-05 0.106543
0.0315763 0.534017 9.99036E-05 9.99036E-05 9.99036E-05 9.99036E-05 9.99036E-05 0.0430381 9.99036E-05 9.99036E-05 0.0736554 0.000852155 0.00312701 0.0725102 9.99036E-05 0.172106 9.99036E-05 9.99036E-05 9.99036E-05 0.0680191
0.0708044 0.545832 9.98859E-05 9.98859E-05 0.0114388 9.98859E-05 9.98859E-05 9.98859E-05 0.17373 9.98859E-05 9.98859E-05 9.98859E-05 9.98859E-05 9.98859E-05 9.98859E-05 0.136385 0.0158223 9.98859E-05 0.0446887 9.98859E-05
9.98773E-05 0.684719 9.98773E-05 0.00656104 0.172176 9.98773E-05 9.98773E-05 9.98773E-05 9.98773E-05 9.98773E-05 0.066464 9.98773E-05 9.98773E-05 9.98773E-05 9.98773E-05 0.0583219 9.98773E-05 9.98773E-05 0.0103592 9.98773E-05
9.98772E-05 0.515533 9.98772E-05 9.98772E-05 0.335139 9.98772E-05 9.98772E-05 9.98772E-05 9.98772E-05 0.0138811 9.98772E-05 9.98772E-05 0.0092417 9.98772E-05 0.0605373 0.0642701 9.98772E-05 9.98772E-05 9.98772E-05 9.98772E-05
9.98771E-05 0.632978 9.98771E-05 9.98771E-05 0.105775 9.98771E-05 9.98771E-05 0.129591 9.98771E-05 9.98771E-05 9.98771E-05 9.98771E-05 9.98771E-05 0.0114973 9.98771E-05 9.98771E-05 0.0412348 9.98771E-05 0.077525 9.98771E-05
9.98947E-05 0.309536 0.0827685 9.98947E-05 0.0971533 9.98947E-05 9.98947E-05 9.98947E-05 9.98947E-05 0.0256065 0.0278234 9.98947E-05 0.140594 9.98947E-05 0.144603 0.170716 9.98947E-05 9.98947E-05 9.98947E-05 9.98947E-05
9.98772E-05 0.209457 9.98772E-05 9.98772E-05 0.369362 9.98772E-05 9.98772E-05 9.98772E-05 9.98772E-05 9.98772E-05 9.98772E-05 9.98772E-05 9.98772E-05 0.154488 9.98772E-05 0.159806 9.98772E-05 0.0780193 0.0274697 9.98772E-05
9.98858E-05 0.783532 9.98858E-05 0.0319693 9.98858E-05 0.00916377 0.0963065 9.98858E-05 9.98858E-05 9.98858E-05 9.98858E-05 9.98858E-05 9.98858E-05 9.98858E-05 9.98858E-05 0.0378299 9.98858E-05 0.0353081 0.00459194 9.98858E-05
9.98771E-05 0.729134 0.0500135 9.98771E-05 9.98771E-05 9.98771E-05 9.98771E-05 9.98771E-05 9.98771E-05 9.98771E-05 0.0195641 9.98771E-05 0.00788773 9.98771E-05 9.98771E-05 0.109851 9.98771E-05 0.0821513 9.98771E-05 9.98771E-05
9.98421E-05 0.788417 9.98421E-05 9.98421E-05 9.98421E-05 9.98421E-05 9.98421E-05 9.98421E-05 9.98421E-05 9.98421E-05 9.98421E-05 9.98421E-05 9.98421E-05 9.98421E-05 0.209786 9.98421E-05 9.98421E-05 9.98421E-05 9.98421E-05 9.98421E-05
9.9877E-05 0.603453 9.9877E-05 9.9877E-05 0.168025 9.9877E-05 9.9877E-05 9.9877E-05 9.9877E-05 9.9877E-05 0.0399846 9.9877E-05 9.9877E-05 9.9877E-05 0.0330612 0.132576 9.9877E-05 9.9877E-05 0.0215022 9.9877E-05
9.98686E-05 0.676707 0.102069 9.98686E-05 9.98686E-05 9.98686E-05 9.98686E-05 9.98686E-05 9.98686E-05 9.98686E-05 0.00304922 9.98686E-05 9.98686E-05 9.98686E-05 9.98686E-05 9.98686E-05 0.0982567 9.98686E-05 0.11842 9.98686E-05
0.00726498 0.279164 0.198641 9.99122E-05 0.0621717 9.99122E-05 9.99122E-05 9.99122E-05 0.0363394 9.99122E-05 0.123056 9.99122E-05 0.0330989 9.99122E-05 0.0114103 0.201948 9.99122E-05 0.0459078 9.99122E-05 9.99122E-05
9.98772E-05 0.546309 9.98772E-05 0.0381468 0.217693 9.98772E-05 0.0700353 9.98772E-05 9.98772E-05 0.0556666 9.98772E-05 9.98772E-05 9.98772E-05 9.98772E-05 9.98772E-05 9.98772E-05 9.98772E-05 0.0707512 9.98772E-05 9.98772E-05
9.98598E-05 0.883331 9.98598E-05 9.98598E-05 9.98598E-05 0.0643837 9.98598E-05 9.98598E-05 0.0408437 9.98598E-05 9.98598E-05 9.98598E-05 9.98598E-05 9.98598E-05 9.98598E-05 9.98598E-05 9.98598E-05 9.98598E-05 9.98598E-05 0.0098441
0.174577 0.600521 0.0648441 9.99035E-05 9.99035E-05 0.00664325 0.00358265 9.99035E-05 9.99035E-05 9.99035E-05 9.99035E-05 0.00871062 9.99035E-05 0.026731 9.99035E-05 0.0817567 0.0315355 9.99035E-05 9.99035E-05 9.99035E-05
9.98773E-05 0.703321 9.98773E-05 9.98773E-05 9.98773E-05 9.98773E-05 9.98773E-05 9.98773E-05 9.98773E-05 0.0153813 9.98773E-05 9.98773E-05 0.00227405 0.0659142 9.98773E-05 0.121545 9.98773E-05 9.98773E-05 0.0901671 9.98773E-05
9.98598E-05 0.614982 9.98598E-05 9.98598E-05 9.98598E-05 9.98598E-05 9.98598E-05 9.98598E-05 0.126101 9.98598E-05 9.98598E-05 0.178283 9.98598E-05 9.98598E-05 0.0790372 9.98598E-05 9.98598E-05 9.98598E-05 9.98598E-05 9.98598E-05
9.98771E-05 0.710298 9.98771E-05 9.98771E-05 0.0966263 0.0587178 9.98771E-05 9.98771E-05 9.98771E-05 9.98771E-05 9.98771E-05 9.98771E-05 9.98771E-05 9.98771E-05 9.98771E-05 0.0311937 9.98771E-05 9.98771E-05 0.0878003 0.0139654
9.98773E-05 0.72805 0.00576365 9.98773E-05 0.00453796 9.98773E-05 9.98773E-05 9.98773E-05 9.98773E-05 9.98773E-05 0.0313876 9.98773E-05 9.98773E-05 9.98773E-05 9.98773E-05 0.0611986 9.98773E-05 0.167664 9.98773E-05 9.98773E-05
9.98771E-05 0.818018 9.98771E-05 9.98771E-05 9.98771E-05 9.98771E-05 9.98771E-05 9.98771E-05 9.98771E-05 9.98771E-05 0.0433307 9.98771E-05 0.0662329 0.0207782 9.98771E-05 9.98771E-05 0.0293495 0.0208927 9.98771E-05 9.98771E-05
9.98858E-05 9.98858E-05 9.98858E-05 9.98858E-05 0.0635238 0.0519146 9.98858E-05 9.98858E-05 9.98858E-05 9.98858E-05 0.0315042 9.98858E-05 0.0880604 9.98858E-05 0.624869 0.124683 9.98858E-05 9.98858E-05 9.98858E-05 0.0141466
0.00301337 9.98509E-05 9.98509E-05 9.98509E-05 9.98509E-05 9.98509E-05 9.98509E-05 9.98509E-05 9.98509E-05 9.98509E-05 9.98509E-05 9.98509E-05 9.98509E-05 9.98509E-05 0.979027 9.98509E-05 9.98509E-05 0.0162625 9.98509E-05 9.98509E-05
9.98421E-05 9.98421E-05 9.98421E-05 9.98421E-05 9.98421E-05 0.0571089 9.98421E-05 9.98421E-05 9.98421E-05 9.98421E-05 9.98421E-05 9.98421E-05 9.98421E-05 9.98421E-05 0.941094 9.98421E-05 9.98421E-05 9.98421E-05 9.98421E-05 9.98421E-05
9.98947E-05 9.98947E-05 9.98947E-05 9.98947E-05 9.98947E-05 0.00809396 9.98947E-05 9.98947E-05 0.154551 9.98947E-05 9.98947E-05 9.98947E-05 0.143419 9.98947E-05 0.372548 0.0103584 0.0643456 0.0245945 9.98947E-05 0.220891
9.9912E-05 9.9912E-05 9.9912E-05 9.9912E-05 0.0386508 0.0298027 0.0475943 9.9912E-05 9.9912E-05 9.9912E-05 9.9912E-05 0.012143 0.0956844 0.00648515 0.605131 0.0763516 0.049342 9.9912E-05 0.0378163 9.9912E-05
9.98769E-05 9.98769E-05 0.022802 9.98769E-05 0.0329437 9.98769E-05 9.98769E-05 9.98769E-05 9.98769E-05 9.98769E-05 9.98769E-05 9.98769E-05 0.00500046 9.98769E-05 0.622919 0.163801 9.98769E-05 9.98769E-05 9.98769E-05 0.151135
9.9877E-05 9.9877E-05 9.9877E-05 9.9877E-05 9.9877E-05 0.0459427 9.9877E-05 9.9877E-05 9.9877E-05 9.9877E-05 0.0556622 9.9877E-05 9.9877E-05 9.9877E-05 0.491302 0.0569623 9.9877E-05 0.0127706 9.9877E-05 0.335962
9.98945E-05 9.98945E-05 9.98945E-05 9.98945E-05 9.98945E-05 0.111046 9.98945E-05 9.98945E-05 0.0868447 9.98945E-05 9.98945E-05 9.98945E-05 0.123738 9.98945E-05 0.538716 0.0607422 0.0061964 9.98945E-05 0.0180373 0.0534803
9.98508E-05 9.98508E-05 9.98508E-05 9.98508E-05 9.98508E-05 9.98508E-05 9.98508E-05 9.98508E-05 9.98508E-05 9.98508E-05 9.98508E-05 9.98508E-05 9.98508E-05 9.98508E-05 0.966899 0.013781 9.98508E-05 9.98508E-05 9.98508E-05 0.0176228
9.9842E-05 9.9842E-05 9.9842E-05 9.9842E-05 9.9842E-05 9.9842E-05 9.9842E-05 9.9842E-05 9.9842E-05 9.9842E-05 0.141975 9.9842E-05 9.9842E-05 9.9842E-05 0.856228 9.9842E-05 9.9842E-05 9.9842E-05 9.9842E-05 9.9842E-05
9.98944E-05 9.98944E-05 9.98944E-05 9.98944E-05 9.98944E-05 0.036302 0.0354522 9.98944E-05 9.98944E-05 9.98944E-05 0.136871 0.00782597 0.077905 9.98944E-05 0.462941 0.230348 9.98944E-05 9.98944E-05 0.0111566 9.98944E-05
9.99209E-05 9.99209E-05 9.99209E-05 9.99209E-05 0.116753 0.025425 9.99209E-05 9.99209E-05 9.99209E-05 9.99209E-05 0.100266 0.037339 9.99209E-05 0.0491041 0.453988 0.0617384 0.0061726 0.0597601 0.0335555 0.054999
0.0330445 9.99033E-05 0.104708 0.104743 9.99033E-05 9.99033E-05 9.99033E-05 9.99033E-05 9.99033E-05 0.0579011 0.104387 9.99033E-05 0.0727221 0.00392401 0.492387 0.025085 9.99033E-05 9.99033E-05 9.99033E-05 9.99033E-05
9.98857E-05 9.98857E-05 0.0344855 9.98857E-05 0.134473 9.98857E-05 9.98857E-05 9.98857E-05 9.98857E-05 9.98857E-05 9.98857E-05 9.98857E-05 9.98857E-05 0.012984 0.458832 0.168997 9.98857E-05 9.98857E-05 0.0621653 0.126765
9.98599E-05 9.98599E-05 9.98599E-05 9.98599E-05 9.98599E-05 9.98599E-05 9.98599E-05 9.98599E-05 0.112892 9.98599E-05 0.0208822 9.98599E-05 9.98599E-05 9.98599E-05 0.856672 9.98599E-05 0.00795655 9.98599E-05 9.98599E-05 9.98599E-05
9.9851E-05 9.9851E-05 9.9851E-05 9.9851E-05 9.9851E-05 9.9851E-05 9.9851E-05 9.9851E-05 9.9851E-05 9.9851E-05 9.9851E-05 9.9851E-05 0.0601717 9.9851E-05 0.765631 9.9851E-05 9.9851E-05 0.1725 9.9851E-05 9.9851E-05
9.98769E-05 9.98769E-05 0.0991357 9.98769E-05 9.98769E-05 0.00811852 9.98769E-05 9.98769E-05 0.0240337 9.98769E-05 9.98769E-05 9.98769E-05 9.98769E-05 9.98769E-05 0.690266 9.98769E-05 0.104795 9.98769E-05 0.0722526 9.98769E-05
9.98769E-05 9.98769E-05 9.98769E-05 9.98769E-05 0.163455 9.98769E-05 9.98769E-05 9.98769E-05 9.98769E-05 9.98769E-05 0.151184 9.98769E-05 0.0359738 9.98769E-05 0.529744 9.98769E-05 9.98769E-05 0.0481638 0.0700807 9.98769E-05
9.98771E-05 9.98771E-05 9.98771E-05 9.98771E-05 9.98771E-05 0.0775365 9.98771E-05 9.98771E-05 9.98771E-05 9.98771E-05 0.0556461 9.98771E-05 9.98771E-05 9.98771E-05 0.698632 0.0611154 9.98771E-05 0.0257181 0.0799538 9.98771E-05
0.0974669 9.98593E-05 9.98593E-05 9.98593E-05 9.98593E-05 9.98593E-05 9.98593E-05 9.98593E-05 9.98593E-05 9.98593E-05 9.98593E-05 0.0605254 9.98593E-05 9.98593E-05 0.610206 0.230204 9.98593E-05 9.98593E-05 9.98593E-05 9.98593E-05
9.98599E-05 9.98599E-05 9.98599E-05 9.98599E-05 9.98599E-05 9.98599E-05 9.98599E-05 0.0146952 9.98599E-05 9.98599E-05 9.98599E-05 9.98599E-05 9.98599E-05 0.00795029 0.954151 9.98599E-05 0.0216053 9.98599E-05 9.98599E-05 9.98599E-05
9.98681E-05 9.98681E-05 0.0301721 9.98681E-05 0.281447 9.98681E-05 9.98681E-05 9.98681E-05 9.98681E-05 9.98681E-05 9.98681E-05 9.98681E-05 9.98681E-05 9.98681E-05 0.583797 0.0703629 9.98681E-05 9.98681E-05 0.0327231 9.98681E-05
9.9886E-05 9.9886E-05 0.107385 9.9886E-05 0.0448649 9.9886E-05 9.9886E-05 9.9886E-05 0.137507 9.9886E-05 9.9886E-05 0.0103868 9.9886E-05 9.9886E-05 0.618513 0.0304773 9.9886E-05 9.9886E-05 9.9886E-05 0.0495686
9.99034E-05 9.99034E-05 0.0334298 9.99034E-05 0.00477187 0.0350939 9.99034E-05 9.99034E-05 9.99034E-05 9.99034E-05 0.0569625 9.99034E-05 0.0352388 9.99034E-05 0.67074 0.0360468 9.99034E-05 0.00516124 0.121456 9.99034E-05
9.98419E-05 9.98419E-05 9.98419E-05 9.98419E-05 9.98419E-05 9.98419E-05 9.98419E-05 9.98419E-05 9.98419E-05 9.98419E-05 0.154298 9.98419E-05 9.98419E-05 9.98419E-05 0.843905 9.98419E-05 9.98419E-05 9.98419E-05 9.98419E-05 9.98419E-05
9.98423E-05 9.98423E-05 9.98423E-05 9.98423E-05 9.98423E-05 9.98423E-05 9.98423E-05 9.98423E-05 9.98423E-05 9.98423E-05 9.98423E-05 9.98423E-05 0.000954455 9.98423E-05 0.997248 9.98423E-05 9.98423E-05 9.98423E-05 9.98423E-05 9.98423E-05
9.98334E-05 9.98334E-05 9.98334E-05 9.98334E-05 9.98334E-05 9.98334E-05 9.98334E-05 9.98334E-05 9.98334E-05 9.98334E-05 9.98334E-05 9.98334E-05 9.98334E-05 9.98334E-05 0.998103 9.98334E-05 9.98334E-05 9.98334E-05 9.98334E-05 9.98334E-05
9.98334E-05 9.98334E-05 9.98334E-05 9.98334E-05 9.98334E-05 9.98334E-05 9.98334E-05 9.98334E-05 9.98334E-05 9.98334E-05 9.98334E-05 9.98334E-05 9.98334E-05 9.98334E-05 0.998103 9.98334E-05 9.98334E-05 9.98334E-05 9.98334E-05 9.98334E-05
9.98509E-05 9.98509E-05 9.98509E-05 9.98509E-05 9.98509E-05 0.173086 9.98509E-05 9.98509E-05 9.98509E-05 9.98509E-05 9.98509E-05 9.98509E-05 0.0188718 9.98509E-05 0.806344 9.98509E-05 9.98509E-05 9.98509E-05 9.98509E-05 9.98509E-05
0.0269101 9.9886E-05 9.9886E-05 9.9886E-05 9.9886E-05 9.9886E-05 9.9886E-05 0.10887 9.9886E-05 9.9886E-05 9.9886E-05 0.046708 0.090148 0.0120084 0.661803 0.0522533 9.9886E-05 9.9886E-05 9.9886E-05 9.9886E-05
9.98596E-05 9.98596E-05 0.17374 9.98596E-05 9.98596E-05 9.98596E-05 9.98596E-05 9.98596E-05 0.718588 9.98596E-05 9.98596E-05 9.98596E-05 0.0854107 9.98596E-05 9.98596E-05 0.0206631 9.98596E-05 9.98596E-05 9.98596E-05 9.98596E-05
9.98597E-05 9.98597E-05 9.98597E-05 9.98597E-05 9.98597E-05 9.98597E-05 9.98597E-05 0.374442 0.585816 9.98597E-05 9.98597E-05 9.98597E-05 0.0328089 9.98597E-05 9.98597E-05 0.00533526 9.98597E-05 9.98597E-05 9.98597E-05 9.98597E-05
9.98508E-05 9.98508E-05 9.98508E-05 9.98508E-05 9.98508E-05 9.98508E-05 9.98508E-05 9.98508E-05 0.932321 9.98508E-05 9.98508E-05 9.98508E-05 9.98508E-05 0.00308146 9.98508E-05 0.0628998 9.98508E-05 9.98508E-05 9.98508E-05 9.98508E-05
9.98769E-05 9.98769E-05 0.00573262 9.98769E-05 9.98769E-05 0.022432 9.98769E-05 9.98769E-05 0.782543 9.98769E-05 0.0214289 9.98769E-05 0.0642483 9.98769E-05 9.98769E-05 0.102217 9.98769E-05 9.98769E-05 9.98769E-05 9.98769E-05
9.98418E-05 9.98418E-05 9.98418E-05 9.98418E-05 9.98418E-05 9.98418E-05 9.98418E-05 9.98418E-05 0.94584 9.98418E-05 9.98418E-05 9.98418E-05 0.0523627 9.98418E-05 9.98418E-05 9.98418E-05 9.98418E-05 9.98418E-05 9.98418E-05 9.98418E-05
9.98595E-05 9.98595E-05 0.565692 9.98595E-05 9.98595E-05 9.98595E-05 9.98595E-05 9.98595E-05 0.149804 9.98595E-05 9.98595E-05 9.98595E-05 0.129843 9.98595E-05 9.98595E-05 0.153063 9.98595E-05 9.98595E-05 9.98595E-05 9.98595E-05
9.98859E-05 9.98859E-05 9.98859E-05 9.98859E-05 0.0314335 0.0369887 9.98859E-05 9.98859E-05 0.777907 9.98859E-05 0.0310508 9.98859E-05 0.0338446 0.0565354 9.98859E-05 0.0309416 9.98859E-05 9.98859E-05 9.98859E-05 9.98859E-05
9.98509E-05 9.98509E-05 0.065944 9.98509E-05 9.98509E-05 9.98509E-05 9.98509E-05 9.98509E-05 0.747433 9.98509E-05 9.98509E-05 9.98509E-05 0.184926 9.98509E-05 9.98509E-05 9.98509E-05 9.98509E-05 9.98509E-05 9.98509E-05 9.98509E-05
9.98595E-05 9.98595E-05 9.98595E-05 9.98595E-05 9.98595E-05 9.98595E-05 9.98595E-05 9.98595E-05 0.431639 9.98595E-05 0.00242319 9.98595E-05 0.281063 9.98595E-05 9.98595E-05 9.98595E-05 9.98595E-05 9.98595E-05 9.98595E-05 0.283277
9.98596E-05 9.98596E-05 9.98596E-05 9.98596E-05 9.98596E-05 9.98596E-05 9.98596E-05 9.98596E-05 0.622093 9.98596E-05 9.98596E-05 9.98596E-05 0.148597 9.98596E-05 9.98596E-05 0.195412 9.98596E-05 0.0322996 9.98596E-05 9.98596E-05
9.98684E-05 9.98684E-05 0.128736 9.98684E-05 9.98684E-05 9.98684E-05 9.98684E-05 0.234406 0.387751 9.98684E-05 9.98684E-05 9.98684E-05 0.0214571 9.98684E-05 9.98684E-05 9.98684E-05 9.98684E-05 9.98684E-05 9.98684E-05 0.226152
9.98684E-05 9.98684E-05 0.767435 9.98684E-05 9.98684E-05 9.98684E-05 9.98684E-05 0.0349539 0.130144 9.98684E-05 9.98684E-05 9.98684E-05 9.98684E-05 9.98684E-05 9.98684E-05 0.027235 9.98684E-05 9.98684E-05 9.98684E-05 0.0387338
9.9851E-05 9.9851E-05 9.9851E-05 9.9851E-05 9.9851E-05 9.9851E-05 9.9851E-05 9.9851E-05 0.946722 9.9851E-05 9.9851E-05 9.9851E-05 0.0396809 9.9851E-05 9.9851E-05 9.9851E-05 9.9851E-05 0.0119001 9.9851E-05 9.9851E-05
9.98772E-05 9.98772E-05 0.492317 9.98772E-05 9.98772E-05 9.98772E-05 9.98772E-05 0.011627 0.18976 0.0405151 9.98772E-05 9.98772E-05 0.130504 9.98772E-05 9.98772E-05 0.133878 9.98772E-05 9.98772E-05 9.98772E-05 9.98772E-05
9.98772E-05 9.98772E-05 0.00133635 9.98772E-05 9.98772E-05 0.110343 9.98772E-05 0.0687794 0.723312 9.98772E-05 9.98772E-05 9.98772E-05 0.0799101 0.0149204 9.98772E-05 9.98772E-05 9.98772E-05 9.98772E-05 9.98772E-05 9.98772E-05
9.9886E-05 9.9886E-05 9.9886E-05 9.9886E-05 9.9886E-05 0.0281685 9.9886E-05 9.9886E-05 0.692127 9.9886E-05 9.9886E-05 9.9886E-05 0.0953137 0.0374718 9.9886E-05 0.042209 9.9886E-05 0.0975463 9.9886E-05 0.00586531
9.98684E-05 9.98684E-05 0.326504 9.98684E-05 9.98684E-05 9.98684E-05 0.0357569 9.98684E-05 0.404269 9.98684E-05 9.98684E-05 9.98684E-05 9.98684E-05 9.98684E-05 9.98684E-05 0.073795 9.98684E-05 9.98684E-05 9.98684E-05 0.158178
9.9886E-05 9.9886E-05 0.341067 9.9886E-05 0.079056 9.9886E-05 9.9886E-05 0.00877059 0.459126 9.9886E-05 9.9886E-05 9.9886E-05 0.0440312 0.0550787 9.9886E-05 9.9886E-05 0.0115723 9.9886E-05 9.9886E-05 9.9886E-05
9.98334E-05 9.98334E-05 9.98334E-05 9.98334E-05 9.98334E-05 9.98334E-05 9.98334E-05 9.98334E-05 0.998103 9.98334E-05 9.98334E-05 9.98334E-05 9.98334E-05 9.98334E-05 9.98334E-05 9.98334E-05 9.98334E-05 9.98334E-05 9.98334E-05 9.98334E-05
0.00453411 9.99035E-05 9.99035E-05 9.99035E-05 9.99035E-05 9.99035E-05 0.0779363 0.159372 0.558901 9.99035E-05 0.000126117 9.99035E-05 0.0433344 9.99035E-05 0.0135765 0.0976552 9.99035E-05 0.0434653 9.99035E-05 9.99035E-05
9.98684E-05 9.98684E-05 9.98684E-05 9.98684E-05 9.98684E-05 9.98684E-05 9.98684E-05 9.98684E-05 0.792326 9.98684E-05 9.98684E-05 9.98684E-05 0.0148629 0.0279367 9.98684E-05 0.0725843 9.98684E-05 9.98684E-05 9.98684E-05 0.090792
9.98596E-05 9.98596E-05 9.98596E-05 9.98596E-05 9.98596E-05 0.0158957 9.98596E-05 9.98596E-05 0.884542 9.98596E-05 9.98596E-05 9.98596E-05 0.0293696 9.98596E-05 9.98596E-05 0.0685953 9.98596E-05 9.98596E-05 9.98596E-05 9.98596E-05
9.98682E-05 9.98682E-05 0.592598 0.00492048 9.98682E-05 9.98682E-05 0.0951324 9.98682E-05 9.98682E-05 9.98682E-05 9.98682E-05 9.98682E-05 0.100171 9.98682E-05 9.98682E-05 0.20568 9.98682E-05 9.98682E-05 9.98682E-05 9.98682E-05
9.98509E-05 9.98509E-05 9.98509E-05 9.98509E-05 9.98509E-05 9.98509E-05 9.98509E-05 0.0757528 0.765006 9.98509E-05 9.98509E-05 9.98509E-05 0.157544 9.98509E-05 9.98509E-05 9.98509E-05 9.98509E-05 9.98509E-05 9.98509E-05 9.98509E-05
9.98594E-05 9.98594E-05 0.58959 9.98594E-05 9.98594E-05 9.98594E-05 0.0593012 9.98594E-05 9.98594E-05 9.98594E-05 9.98594E-05 9.98594E-05 0.203823 9.98594E-05 9.98594E-05 0.145688 9.98594E-05 9.98594E-05 9.98594E-05 9.98594E-05
0.00359002 9.99035E-05 9.99035E-05 9.99035E-05 0.00443957 0.00629409 9.99035E-05 0.224858 0.427288 9.99035E-05 9.99035E-05 9.99035E-05 0.149503 9.99035E-05 0.00398869 0.0932154 9.99035E-05 9.99035E-05 9.99035E-05 0.0857245
9.98771E-05 9.98771E-05 9.98771E-05 9.98771E-05 9.98771E-05 9.98771E-05 9.98771E-05 0.551456 0.219779 0.109745 9.98771E-05 0.0340667 9.98771E-05 0.0357724 9.98771E-05 0.0477824 9.98771E-05 9.98771E-05 9.98771E-05 9.98771E-05
9.98593E-05 9.98593E-05 0.0334489 9.98593E-05 9.98593E-05 9.98593E-05 9.98593E-05 9.98593E-05 0.844585 9.98593E-05 9.98593E-05 9.98593E-05 0.0520922 9.98593E-05 9.98593E-05 0.0682764 9.98593E-05 9.98593E-05 9.98593E-05 9.98593E-05
9.9851E-05 9.9851E-05 9.9851E-05 9.9851E-05 9.9851E-05 9.9851E-05 9.9851E-05 9.9851E-05 0.599967 9.9851E-05 9.9851E-05 9.9851E-05 0.165206 9.9851E-05 9.9851E-05 0.23313 9.9851E-05 9.9851E-05 9.9851E-05 9.9851E-05
9.98684E-05 9.98684E-05 0.320787 9.98684E-05 9.98684E-05 9.98684E-05 0.0447608 9.98684E-05 0.518169 9.98684E-05 9.98684E-05 9.98684E-05 9.98684E-05 0.0525141 9.98684E-05 0.0622717 9.98684E-05 9.98684E-05 9.98684E-05 9.98684E-05
0.0343682 9.98685E-05 9.98685E-05 9.98685E-05 9.98685E-05 9.98685E-05 9.98685E-05 9.98685E-05 0.770424 9.98685E-05 0.0349284 9.98685E-05 9.98685E-05 9.98685E-05 9.98685E-05 0.151666 9.98685E-05 9.98685E-05 9.98685E-05 0.00711536
0.0398419 9.98508E-05 9.98508E-05 9.98508E-05 9.98508E-05 9.98508E-05 0.0297303 9.98508E-05 0.92873 9.98508E-05 9.98508E-05 9.98508E-05 9.98508E-05 9.98508E-05 9.98508E-05 9.98508E-05 9.98508E-05 9.98508E-05 9.98508E-05 9.98508E-05
9.9877E-05 9.9877E-05 0.0780763 9.9877E-05 9.9877E-05 9.9877E-05 0.13628 9.9877E-05 0.362379 9.9877E-05 9.9877E-05 9.9877E-05 0.278596 0.0767807 9.9877E-05 0.0664895 9.9877E-05 9.9877E-05 9.9877E-05 9.9877E-05
9.98594E-05 9.98594E-05 9.98594E-05 9.98594E-05 0.034121 9.98594E-05 0.0303217 9.98594E-05 0.878999 9.98594E-05 9.98594E-05 9.98594E-05 9.98594E-05 9.98594E-05 9.98594E-05 0.0549607 9.98594E-05 9.98594E-05 9.98594E-05 9.98594E-05
9.98421E-05 9.98421E-05 9.98421E-05 9.98421E-05 9.98421E-05 9.98421E-05 9.98421E-05 9.98421E-05 0.965359 9.98421E-05 9.98421E-05 9.98421E-05 9.98421E-05 9.98421E-05 9.98421E-05 0.0328437 9.98421E-05 9.98421E-05 9.98421E-05 9.98421E-05
9.98683E-05 9.98683E-05 9.98683E-05 9.98683E-05 9.98683E-05 9.98683E-05 9.98683E-05 0.117858 0.759073 9.98683E-05 9.98683E-05 9.98683E-05 0.023333 9.98683E-05 9.98683E-05 9.98683E-05 9.98683E-05 0.0890854 9.98683E-05 0.00915255
9.98595E-05 9.98595E-05 9.98595E-05 9.98595E-05 9.98595E-05 0.0404024 9.98595E-05 9.98595E-05 0.668468 9.98595E-05 9.98595E-05 9.98595E-05 0.0942052 9.98595E-05 9.98595E-05 0.195326 9.98595E-05 9.98595E-05 9.98595E-05 9.98595E-05
9.98595E-05 9.98595E-05 0.0100062 9.98595E-05 9.98595E-05 9.98595E-05 9.98595E-05 0.447686 0.52713 9.98595E-05 9.98595E-05 9.98595E-05 0.0135792 9.98595E-05 9.98595E-05 9.98595E-05 9.98595E-05 9.98595E-05 9.98595E-05 9.98595E-05
9.98684E-05 9.98684E-05 0.243742 9.98684E-05 9.98684E-05 9.98684E-05 9.98684E-05 0.184946 0.514042 9.98684E-05 9.98684E-05 9.98684E-05 0.00232582 9.98684E-05 9.98684E-05 0.0534455 9.98684E-05 9.98684E-05 9.98684E-05 9.98684E-05
9.98423E-05 9.98423E-05 9.98423E-05 9.98423E-05 9.98423E-05 9.98423E-05 9.98423E-05 0.182105 0.816098 9.98423E-05 9.98423E-05 9.98423E-05 9.98423E-05 9.98423E-05 9.98423E-05 9.98423E-05 9.98423E-05 9.98423E-05 9.98423E-05 9.98423E-05
9.9851E-05 9.9851E-05 9.9851E-05 9.9851E-05 9.9851E-05 9.9851E-05 9.9851E-05 0.372485 0.612699 9.9851E-05 9.9851E-05 9.9851E-05 9.9851E-05 9.9851E-05 9.9851E-05 9.9851E-05 9.9851E-05 9.9851E-05 9.9851E-05 0.013118
9.9877E-05 9.9877E-05 0.484648 9.9877E-05 9.9877E-05 9.9877E-05 9.9877E-05 9.9877E-05 0.0795429 9.9877E-05 0.0340148 9.9877E-05 0.0916518 9.9877E-05 9.9877E-05 0.303894 9.9877E-05 9.9877E-05 9.9877E-05 0.0048506
9.98685E-05 9.98685E-05 9.98685E-05 9.98685E-05 9.98685E-05 0.00226243 9.98685E-05 9.98685E-05 0.870611 9.98685E-05 9.98685E-05 9.98685E-05 0.104965 0.00652012 9.98685E-05 9.98685E-05 9.98685E-05 9.98685E-05 9.98685E-05 0.0141431
9.98684E-05 9.98684E-05 0.299045 9.98684E-05 9.98684E-05 9.98684E-05 0.0931897 0.429324 9.98684E-05 9.98684E-05 9.98684E-05 9.98684E-05 0.150083 9.98684E-05 9.98684E-05 0.0268597 9.98684E-05 9.98684E-05 9.98684E-05 9.98684E-05
9.98684E-05 0.037074 0.0141429 9.98684E-05 9.98684E-05 9.98684E-05 9.98684E-05 0.395478 0.503234 9.98684E-05 9.98684E-05 9.98684E-05 9.98684E-05 9.98684E-05 9.98684E-05 0.0485732 9.98684E-05 9.98684E-05 9.98684E-05 9.98684E-05
9.9877E-05 9.9877E-05 0.0701154 9.9877E-05 0.0361529 9.9877E-05 0.119851 9.9877E-05 0.463504 9.9877E-05 9.9877E-05 9.9877E-05 0.178786 9.9877E-05 9.9877E-05 9.9877E-05 9.9877E-05 9.9877E-05 9.9877E-05 0.130194
9.98597E-05 9.98597E-05 9.98597E-05 9.98597E-05 9.98597E-05 9.98597E-05 9.98597E-05 9.98597E-05 0.759096 9.98597E-05 9.98597E-05 9.98597E-05 0.0720156 9.98597E-05 0.131078 0.0362135 9.98597E-05 9.98597E-05 9.98597E-05 9.98597E-05
0.0516762 9.98949E-05 0.056831 9.98949E-05 9.98949E-05 9.98949E-05 0.00176527 9.98949E-05 0.583206 0.0845006 9.98949E-05 0.0146984 0.110254 9.98949E-05 9.98949E-05 9.98949E-05 9.98949E-05 9.98949E-05 9.98949E-05 0.0958702
9.9851E-05 9.9851E-05 9.9851E-05 9.9851E-05 9.9851E-05 9.9851E-05 9.9851E-05 9.9851E-05 0.540771 9.9851E-05 9.9851E-05 9.9851E-05 0.212315 9.9851E-05 9.9851E-05 0.245217 9.9851E-05 9.9851E-05 9.9851E-05 9.9851E-05
9.98684E-05 9.98684E-05 0.0546473 9.98684E-05 9.98684E-05 9.98684E-05 9.98684E-05 0.436595 0.466785 9.98684E-05 9.98684E-05 9.98684E-05 9.98684E-05 0.0158821 9.98684E-05 0.0245927 9.98684E-05 9.98684E-05 9.98684E-05 9.98684E-05
9.98595E-05 9.98595E-05 9.98595E-05 9.98595E-05 9.98595E-05 9.98595E-05 9.98595E-05 9.98595E-05 0.750222 9.98595E-05 9.98595E-05 9.98595E-05 9.98595E-05 9.98595E-05 9.98595E-05 0.0907302 0.0184921 0.138958 9.98595E-05 9.98595E-05
9.98772E-05 9.98772E-05 9.98772E-05 9.98772E-05 9.98772E-05 9.98772E-05 9.98772E-05 0.52654 0.307994 9.98772E-05 0.0121344 9.98772E-05 0.122943 0.0240177 9.98772E-05 0.0049731 9.98772E-05 9.98772E-05 9.98772E-05 9.98772E-05
9.98685E-05 9.98685E-05 9.98685E-05 9.98685E-05 9.98685E-05 9.98685E-05 9.98685E-05 0.132861 0.662127 9.98685E-05 0.0170653 9.98685E-05 0.121593 9.98685E-05 9.98685E-05 0.0648557 9.98685E-05 9.98685E-05 9.98685E-05 9.98685E-05
0.0702141 9.98509E-05 9.98509E-05 9.98509E-05 9.98509E-05 9.98509E-05 9.98509E-05 9.98509E-05 0.909823 9.98509E-05 9.98509E-05 9.98509E-05 0.0182654 9.98509E-05 9.98509E-05 9.98509E-05 9.98509E-05 9.98509E-05 9.98509E-05 9.98509E-05
9.98419E-05 9.98419E-05 9.98419E-05 9.98419E-05 9.98419E-05 9.98419E-05 9.98419E-05 9.98419E-05 0.936654 9.98419E-05 9.98419E-05 9.98419E-05 9.98419E-05 9.98419E-05 9.98419E-05 9.98419E-05 9.98419E-05 0.0615491 9.98419E-05 9.98419E-05
9.98683E-05 9.98683E-05 0.266724 9.98683E-05 9.98683E-05 9.98683E-05 9.98683E-05 9.98683E-05 0.228365 9.98683E-05 9.98683E-05 9.98683E-05 0.226811 9.98683E-05 9.98683E-05 0.122708 9.98683E-05 9.98683E-05 9.98683E-05 0.153894
9.98507E-05 9.98507E-05 9.98507E-05 9.98507E-05 9.98507E-05 9.98507E-05 9.98507E-05 9.98507E-05 0.858453 9.98507E-05 9.98507E-05 9.98507E-05 0.0829436 9.98507E-05 9.98507E-05 0.0569063 9.98507E-05 9.98507E-05 9.98507E-05 9.98507E-05
0.0155453 9.9842E-05 9.9842E-05 9.9842E-05 9.9842E-05 9.9842E-05 9.9842E-05 9.9842E-05 0.982658 9.9842E-05 9.9842E-05 9.9842E-05 9.9842E-05 9.9842E-05 9.9842E-05 9.9842E-05 9.9842E-05 9.9842E-05 9.9842E-05 9.9842E-05
9.98509E-05 9.98509E-05 9.98509E-05 9.98509E-05 9.98509E-05 9.98509E-05 0.144251 0.0105821 0.843469 9.98509E-05 9.98509E-05 9.98509E-05 9.98509E-05 9.98509E-05 9.98509E-05 9.98509E-05 9.98509E-05 9.98509E-05 9.98509E-05 9.98509E-05
9.98597E-05 9.98597E-05 9.98597E-05 9.98597E-05 9.98597E-05 9.98597E-05 9.98597E-05 0.0958005 0.650057 9.98597E-05 9.98597E-05 9.98597E-05 0.126094 9.98597E-05 9.98597E-05 9.98597E-05 9.98597E-05 9.98597E-05 9.98597E-05 0.12645
9.98331E-05 9.98331E-05 9.98331E-05 9.98331E-05 9.98331E-05 9.98331E-05 9.98331E-05 9.98331E-05 9.98331E-05 9.98331E-05 9.98331E-05 9.98331E-05 9.98331E-05 9.98331E-05 9.98331E-05 0.998103 9.98331E-05 9.98331E-05 9.98331E-05 9.98331E-05
9.9833E-05 9.9833E-05 9.9833E-05 9.9833E-05 9.9833E-05 9.9833E-05 9.9833E-05 9.9833E-05 9.9833E-05 9.9833E-05 9.9833E-05 9.9833E-05 0.998103 9.9833E-05 9.9833E-05 9.9833E-05 9.9833E-05 9.9833E-05 9.9833E-05 9.9833E-05
9.9833E-05 9.9833E-05 9.9833E-05 9.9833E-05 9.9833E-05 9.9833E-05 9.9833E-05 9.9833E-05 9.9833E-05 9.9833E-05 9.9833E-05 9.9833E-05 9.9833E-05 9.9833E-05 9.9833E-05 0.998103 9.9833E-05 9.9833E-05 9.9833E-05 9.9833E-05
9.98329E-05 9.98329E-05 9.98329E-05 9.98329E-05 9.98329E-05 9.98329E-05 9.98329E-05 9.98329E-05 9.98329E-05 9.98329E-05 9.98329E-05 9.98329E-05 0.998103 9.98329E-05 9.98329E-05 9.98329E-05 9.98329E-05 9.98329E-05 9.98329E-05 9.98329E-05
9.9833E-05 9.9833E-05 9.9833E-05 9.9833E-05 9.9833E-05 9.9833E-05 9.9833E-05 9.9833E-05 9.9833E-05 9.9833E-05 9.9833E-05 9.9833E-05 0.998103 9.9833E-05 9.9833E-05 9.9833E-05 9.9833E-05 9.9833E-05 9.9833E-05 9.9833E-05
9.9833E-05 9.9833E-05 9.9833E-05 9.9833E-05 9.9833E-05 9.9833E-05 9.9833E-05 9.9833E-05 9.9833E-05 9.9833E-05 9.9833E-05 9.9833E-05 0.998103 9.9833E-05 9.9833E-05 9.9833E-05 9.9833E-05 9.9833E-05 9.9833E-05 9.9833E-05
9.9833E-05 9.9833E-05 9.9833E-05 9.9833E-05 9.9833E-05 9.9833E-05 9.9833E-05 9.9833E-05 9.9833E-05 9.9833E-05 9.9833E-05 9.9833E-05 9.9833E-05 9.9833E-05 9.9833E-05 0.998103 9.9833E-05 9.9833E-05 9.9833E-05 9.9833E-05
9.9833E-05 9.9833E-05 9.9833E-05 9.9833E-05 9.9833E-05 9.9833E-05 9.9833E-05 9.9833E-05 9.9833E-05 9.9833E-05 9.9833E-05 9.9833E-05 0.998103 9.9833E-05 9.9833E-05 9.9833E-05 9.9833E-05 9.9833E-05 9.9833E-05 9.9833E-05
9.9833E-05 9.9833E-05 9.9833E-05 9.9833E-05 9.9833E-05 9.9833E-05 9.9833E-05 9.9833E-05 9.9833E-05 9.9833E-05 9.9833E-05 9.9833E-05 0.998103 9.9833E-05 9.9833E-05 9.9833E-05 9.9833E-05 9.9833E-05 9.9833E-05 9.9833E-05
9.98329E-05 9.98329E-05 9.98329E-05 9.98329E-05 9.98329E-05 9.98329E-05 9.98329E-05 9.98329E-05 9.98329E-05 9.98329E-05 9.98329E-05 9.98329E-05 9.98329E-05 9.98329E-05 9.98329E-05 0.998103 9.98329E-05 9.98329E-05 9.98329E-05 9.98329E-05
9.98329E-05 9.98329E-05 9.98329E-05 9.98329E-05 9.98329E-05 9.98329E-05 9.98329E-05 9.98329E-05 9.98329E-05 9.98329E-05 9.98329E-05 9.98329E-05 9.98329E-05 9.98329E-05 9.98329E-05 0.998103 9.98329E-05 9.98329E-05 9.98329E-05 9.98329E-05
9.98329E-05 9.98329E-05 9.98329E-05 9.98329E-05 9.98329E-05 9.98329E-05 9.98329E-05 9.98329E-05 9.98329E-05 9.98329E-05 9.98329E-05 9.98329E-05 9.98329E-05 9.98329E-05 9.98329E-05 0.998103 9.98329E-05 9.98329E-05 9.98329E-05 9.98329E-05
9.98329E-05 9.98329E-05 9.98329E-05 9.98329E-05 9.98329E-05 9.98329E-05 9.98329E-05 9.98329E-05 9.98329E-05 9.98329E-05 9.98329E-05 9.98329E-05 0.998103 9.98329E-05 9.98329E-05 9.98329E-05 9.98329E-05 9.98329E-05 9.98329E-05 9.98329E-05
9.9833E-05 9.9833E-05 9.9833E-05 9.9833E-05 9.9833E-05 9.9833E-05 9.9833E-05 9.9833E-05 9.9833E-05 9.9833E-05 9.9833E-05 9.9833E-05 0.998103 9.9833E-05 9.9833E-05 9.9833E-05 9.9833E-05 9.9833E-05 9.9833E-05 9.9833E-05
9.9833E-05 9.9833E-05 9.9833E-05 9.9833E-05 9.9833E-05 9.9833E-05 9.9833E-05 9.9833E-05 9.9833E-05 9.9833E-05 9.9833E-05 9.9833E-05 9.9833E-05 9.9833E-05 9.9833E-05 0.998103 9.9833E-05 9.9833E-05 9.9833E-05 9.9833E-05
9.98329E-05 9.98329E-05 9.98329E-05 9.98329E-05 9.98329E-05 9.98329E-05 9.98329E-05 9.98329E-05 9.98329E-05 9.98329E-05 9.98329E-05 9.98329E-05 9.98329E-05 9.98329E-05 9.98329E-05 0.998103 9.98329E-05 9.98329E-05 9.98329E-05 9.98329E-05
9.98858E-05 9.98858E-05 9.98858E-05 9.98858E-05 9.98858E-05 9.98858E-05 9.98858E-05 9.98858E-05 0.680871 0.0198494 9.98858E-05 0.0145187 0.0637181 9.98858E-05 9.98858E-05 0.0426837 0.0592443 9.98858E-05 0.117817 9.98858E-05
9.9833E-05 9.9833E-05 9.9833E-05 9.9833E-05 9.9833E-05 9.9833E-05 9.9833E-05 9.9833E-05 9.9833E-05 9.9833E-05 9.9833E-05 9.9833E-05 9.9833E-05 9.9833E-05 9.9833E-05 0.998103 9.9833E-05 9.9833E-05 9.9833E-05 9.9833E-05
9.9833E-05 9.9833E-05 9.9833E-05 9.9833E-05 9.9833E-05 9.9833E-05 9.9833E-05 9.9833E-05 9.9833E-05 9.9833E-05 9.9833E-05 9.9833E-05 0.998103 9.9833E-05 9.9833E-05 9.9833E-05 9.9833E-05 9.9833E-05 9.9833E-05 9.9833E-05
9.9833E-05 9.9833E-05 9.9833E-05 9.9833E-05 9.9833E-05 9.9833E-05 9.9833E-05 9.9833E-05 9.9833E-05 9.9833E-05 9.9833E-05 9.9833E-05 9.9833E-05 9.9833E-05 9.9833E-05 0.998103 9.9833E-05 9.9833E-05 9.9833E-05 9.9833E-05
9.98331E-05 9.98331E-05 9.98331E-05 9.98331E-05 9.98331E-05 9.98331E-05 9.98331E-05 9.98331E-05 9.98331E-05 9.98331E-05 9.98331E-05 9.98331E-05 9.98331E-05 9.98331E-05 9.98331E-05 0.998103 9.98331E-05 9.98331E-05 9.98331E-05 9.98331E-05
9.98329E-05 9.98329E-05 9.98329E-05 9.98329E-05 9.98329E-05 9.98329E-05 9.98329E-05 9.98329E-05 9.98329E-05 9.98329E-05 9.98329E-05 9.98329E-05 9.98329E-05 9.98329E-05 9.98329E-05 0.998103 9.98329E-05 9.98329E-05 9.98329E-05 9.98329E-05
9.9833E-05 9.9833E-05 9.9833E-05 9.9833E-05 9.9833E-05 9.9833E-05 9.9833E-05 9.9833E-05 9.9833E-05 9.9833E-05 9.9833E-05 9.9833E-05 0.998103 9.9833E-05 9.9833E-05 9.9833E-05 9.9833E-05 9.9833E-05 9.9833E-05 9.9833E-05
9.9833E-05 9.9833E-05 9.9833E-05 9.9833E-05 9.9833E-05 9.9833E-05 9.9833E-05 9.9833E-05 9.9833E-05 9.9833E-05 9.9833E-05 9.9833E-05 9.9833E-05 9.9833E-05 9.9833E-05 0.998103 9.9833E-05 9.9833E-05 9.9833E-05 9.9833E-05
9.9833E-05 9.9833E-05 9.9833E-05 9.9833E-05 9.9833E-05 9.9833E-05 9.9833E-05 9.9833E-05 9.9833E-05 9.9833E-05 9.9833E-05 9.9833E-05 0.998103 9.9833E-05 9.9833E-05 9.9833E-05 9.9833E-05 9.9833E-05 9.9833E-05 9.9833E-05
9.9833E-05 9.9833E-05 9.9833E-05 9.9833E-05 9.9833E-05 9.9833E-05 9.9833E-05 9.9833E-05 9.9833E-05 9.9833E-05 9.9833E-05 9.9833E-05 9.9833E-05 9.9833E-05 9.9833E-05 0.998103 9.9833E-05 9.9833E-05 9.9833E-05 9.9833E-05
9.98329E-05 9.98329E-05 9.98329E-05 9.98329E-05 9.98329E-05 9.98329E-05 9.98329E-05 9.98329E-05 9.98329E-05 9.98329E-05 9.98329E-05 9.98329E-05 9.98329E-05 9.98329E-05 9.98329E-05 0.998103 9.98329E-05 9.98329E-05 9.98329E-05 9.98329E-05
9.98329E-05 9.98329E-05 9.98329E-05 9.98329E-05 9.98329E-05 9.98329E-05 9.98329E-05 9.98329E-05 9.98329E-05 9.98329E-05 9.98329E-05 9.98329E-05 0.998103 9.98329E-05 9.98329E-05 9.98329E-05 9.98329E-05 9.98329E-05 9.98329E-05 9.98329E-05
9.9833E-05 9.9833E-05 9.9833E-05 9.9833E-05 9.9833E-05 9.9833E-05 9.9833E-05 9.9833E-05 9.9833E-05 9.9833E-05 9.9833E-05 9.9833E-05 0.998103 9.9833E-05 9.9833E-05 9.9833E-05 9.9833E-05 9.9833E-05 9.9833E-05 9.9833E-05
