9.99736E-05 9.99736E-05 0.0959838 0.0771604 0.0692735 0.481354 9.99736E-05 0.188909 0.0870195
9.99473E-05 9.99473E-05 0.162892 9.99473E-05 0.0678638 0.768645 9.99473E-05 9.99473E-05 9.99473E-05
9.99561E-05 9.99561E-05 9.99561E-05 0.0386289 9.99561E-05 0.903779 9.99561E-05 0.0323612 0.0247314
0.064924 0.316134 9.99824E-05 0.0873454 0.0863861 0.307974 0.0231713 0.113865 9.99824E-05
9.99473E-05 0.199605 0.00554602 9.99473E-05 9.99473E-05 0.794249 9.99473E-05 9.99473E-05 9.99473E-05
0.182037 0.284484 0.0927871 9.99824E-05 9.99824E-05 0.2881 0.0697968 0.00848883 0.0741062
9.99649E-05 0.324584 0.149567 0.164442 9.99649E-05 0.304116 9.99649E-05 0.0568914 9.99649E-05
0.281695 0.407787 9.99649E-05 0.0329769 9.99649E-05 0.249851 9.99649E-05 9.99649E-05 0.0272903
0.249657 0.0410956 9.99737E-05 0.0444006 0.0993678 0.279935 9.99737E-05 0.285245 9.99737E-05
9.99473E-05 9.99473E-05 9.99473E-05 9.99473E-05 0.0274887 0.877367 9.99473E-05 0.0945443 9.99473E-05
0.00717681 9.99649E-05 9.99649E-05 0.138102 0.0395238 0.515757 9.99649E-05 0.29904 9.99649E-05
0.014518 0.0774811 9.99649E-05 0.0292418 9.99649E-05 0.851148 9.99649E-05 0.0272113 9.99649E-05
0.0111964 9.99473E-05 9.99473E-05 9.99473E-05 9.99473E-05 0.822778 9.99473E-05 0.165426 9.99473E-05
9.99561E-05 9.99561E-05 9.99561E-05 0.0698518 9.99561E-05 0.659 0.155102 0.115547 9.99561E-05
0.188417 0.0501644 0.0462778 9.99824E-05 0.0192131 0.342459 0.0483535 0.304916 9.99824E-05
0.190255 0.294474 9.99714E-05 9.99714E-05 9.99714E-05 0.275608 9.99714E-05 0.207375 0.0318882
9.99737E-05 0.0419064 0.135787 0.0795857 9.99737E-05 0.62435 0.0595446 0.0585269 9.99737E-05
0.103583 9.99678E-05 9.99678E-05 9.99678E-05 0.127514 0.259852 9.99678E-05 0.278528 0.230124
0.200159 0.0875255 9.99736E-05 9.99736E-05 0.0410081 0.385347 9.99736E-05 0.203628 0.0820325
0.0331478 9.99473E-05 9.99473E-05 9.99473E-05 0.0142212 0.952031 9.99473E-05 9.99473E-05 9.99473E-05
0.118328 0.281532 9.99737E-05 0.0863712 0.0245491 0.416542 9.99737E-05 0.072378 9.99737E-05
0.227492 0.366766 0.0368763 9.99737E-05 9.99737E-05 0.326947 9.99737E-05 0.0100305 0.0315891
9.99561E-05 9.99561E-05 0.0504409 0.0671692 9.99561E-05 0.696294 9.99561E-05 0.185596 9.99561E-05
9.99473E-05 0.239508 9.99473E-05 9.99473E-05 9.99473E-05 0.435126 9.99473E-05 0.324766 9.99473E-05
0.0419156 0.0478996 9.99824E-05 0.092465 0.15666 0.249867 0.077806 0.333187 9.99824E-05
0.0249462 0.11807 9.99649E-05 9.99649E-05 9.99649E-05 0.68651 0.0240958 0.145979 9.99649E-05
0.0208268 0.131647 0.00780366 9.99912E-05 0.00570463 0.119831 0.230033 0.285247 0.198806
9.99561E-05 0.118413 9.99561E-05 9.99561E-05 9.99561E-05 0.753433 0.00926748 0.118387 9.99561E-05
9.99561E-05 9.99561E-05 9.99561E-05 0.00968838 0.035853 0.661729 9.99561E-05 0.29223 9.99561E-05
0.0775939 9.99649E-05 9.99649E-05 0.00984233 9.99649E-05 0.786519 0.0944727 0.0311717 9.99649E-05
0.0520063 9.99736E-05 9.99736E-05 0.104929 0.00029246 0.681594 9.99736E-05 0.0862731 0.0746056
0.0661816 0.0198665 9.99737E-05 0.0942249 9.99737E-05 0.518141 0.190241 0.111046 9.99737E-05
9.99561E-05 0.0213091 9.99561E-05 0.134106 9.99561E-05 0.612472 9.99561E-05 0.231613 9.99561E-05
9.99824E-05 0.00662045 9.99824E-05 0.0193714 0.0335816 0.416656 0.263737 0.225779 0.0340551
0.00104786 9.99737E-05 0.0906306 0.0380419 0.0583719 0.781796 9.99737E-05 0.0298118 9.99737E-05
0.0211089 0.068311 0.122465 0.0275926 0.0433651 0.716857 9.99737E-05 9.99737E-05 9.99737E-05
9.99649E-05 0.057607 0.0460159 0.00269266 0.0398383 0.853446 9.99649E-05 9.99649E-05 9.99649E-05
0.146205 9.99649E-05 9.99649E-05 0.0434582 0.137069 0.567694 9.99649E-05 0.105174 9.99649E-05
0.0126143 0.044274 0.0441434 0.0201248 9.99825E-05 0.543154 0.157694 0.177796 9.99825E-05
9.99649E-05 0.109104 9.99649E-05 0.0449054 9.99649E-05 0.570088 0.114495 0.161007 9.99649E-05
9.99561E-05 0.050728 9.99561E-05 0.0915197 9.99561E-05 0.729037 9.99561E-05 0.128216 9.99561E-05
0.0597472 9.99562E-05 0.14288 9.99562E-05 9.99562E-05 0.645255 9.99562E-05 0.151618 9.99562E-05
9.99473E-05 9.99473E-05 0.117424 9.99473E-05 9.99473E-05 0.826009 9.99473E-05 9.99473E-05 0.0559677
0.116045 0.02419 0.0296949 0.108482 0.00887153 0.43681 9.99825E-05 0.275707 9.99825E-05
9.99561E-05 0.33843 9.99561E-05 0.0153879 9.99561E-05 0.319246 9.99561E-05 0.326436 9.99561E-05
0.0185761 0.0143264 9.99648E-05 9.99648E-05 0.103507 0.820976 9.99648E-05 0.0422142 9.99648E-05
0.0722571 9.99649E-05 9.99649E-05 0.0853785 9.99649E-05 0.753556 9.99649E-05 0.0845426 0.00386609
9.99473E-05 9.99473E-05 9.99473E-05 0.0176217 9.99473E-05 0.963066 9.99473E-05 0.0187131 9.99473E-05
9.9956E-05 0.0743525 9.9956E-05 0.0293511 9.9956E-05 0.675618 9.9956E-05 0.220179 9.9956E-05
0.0115229 0.0986096 0.0289035 0.0210009 0.0340873 0.746664 9.99825E-05 9.99825E-05 0.0590113
0.0681916 0.115044 9.99912E-05 0.173905 0.0164825 0.357438 0.0419598 0.223399 0.00348033
0.0216498 0.286278 9.99649E-05 9.99649E-05 0.00926136 0.623331 9.99649E-05 0.0590799 9.99649E-05
0.0138833 9.99649E-05 0.0107001 9.99649E-05 9.99649E-05 0.869165 9.99649E-05 0.0243194 0.0815325
0.0094551 0.183848 9.99912E-05 0.0139037 0.0482567 0.595021 0.00818958 0.0675641 0.0736624
9.99561E-05 0.107484 9.99561E-05 9.99561E-05 0.028441 0.754912 9.99561E-05 0.108663 9.99561E-05
9.99649E-05 0.0385247 9.99649E-05 0.00861332 0.0916674 0.727846 0.132949 9.99649E-05 9.99649E-05
0.036919 0.00583834 0.0705099 0.0292363 9.99737E-05 0.735074 9.99737E-05 9.99737E-05 0.122122
9.99473E-05 9.99473E-05 9.99473E-05 0.0512072 9.99473E-05 0.8537 9.99473E-05 0.0944927 9.99473E-05
9.99737E-05 0.0322314 0.00269004 0.0635443 9.99737E-05 0.827377 9.99737E-05 0.0479668 0.0258905
0.0723914 0.0427158 0.238946 0.0535935 9.99824E-05 0.102615 9.99824E-05 0.304598 0.184941
9.99649E-05 0.268953 0.415162 0.00242371 9.99649E-05 0.273972 9.99649E-05 0.0390886 9.99649E-05
9.99737E-05 0.0356868 0.354268 0.048466 9.99737E-05 0.291659 9.99737E-05 0.0630019 0.206619
0.144575 9.99737E-05 0.395843 0.0137708 9.99737E-05 9.99737E-05 0.197551 0.158171 0.0897888
0.0670772 0.148823 0.176213 0.0891211 9.99824E-05 0.118981 9.99824E-05 0.315183 0.0844029
0.0911583 9.99649E-05 0.200496 0.124373 9.99649E-05 9.99649E-05 9.99649E-05 0.501177 0.0823952
0.00523007 9.99737E-05 0.481703 0.125066 0.00179679 9.99737E-05 9.99737E-05 0.344666 0.0412385
0.10832 0.00448441 0.359808 0.0184944 9.99737E-05 9.99737E-05 9.99737E-05 0.267722 0.24087
9.99561E-05 9.99561E-05 0.488614 9.99561E-05 9.99561E-05 0.202006 9.99561E-05 0.17881 0.13007
0.00382153 9.99737E-05 0.224882 0.211594 9.99737E-05 0.325609 9.99737E-05 0.17153 0.0622628
0.074645 9.99649E-05 0.08114 0.316218 9.99649E-05 9.99649E-05 9.99649E-05 0.493901 0.0336958
0.00304145 0.327385 0.225734 0.188504 0.0708175 0.0134622 9.99912E-05 0.158377 0.0125792
0.215171 0.29414 0.167413 0.16305 9.99737E-05 0.0145356 9.99737E-05 0.14539 9.99737E-05
0.0764797 0.304171 0.329345 9.99561E-05 9.99561E-05 9.99561E-05 9.99561E-05 0.289505 9.99561E-05
0.02112 0.100662 0.298912 0.0887765 9.99825E-05 0.26759 0.11874 0.104 9.99825E-05
9.99737E-05 0.0812185 0.280806 0.145577 9.99737E-05 0.216157 9.99737E-05 0.222481 0.0534603
9.99649E-05 0.312857 0.276621 9.99649E-05 9.99649E-05 9.99649E-05 0.0153091 0.24644 0.148373
0.146862 0.132176 0.115924 0.228733 9.99824E-05 0.144387 9.99824E-05 0.159345 0.0723727
0.0126447 0.0342012 0.14746 0.181107 9.99824E-05 0.2118 9.99824E-05 0.240129 0.172458
9.99649E-05 0.147717 0.255915 0.0709445 9.99649E-05 9.99649E-05 9.99649E-05 0.472465 0.0525579
9.99738E-05 0.147333 0.386784 0.0526517 9.99738E-05 0.218322 9.99738E-05 0.148579 0.0460303
0.0553285 0.0672188 0.313794 0.0438413 9.99824E-05 0.0939677 9.99824E-05 0.296735 0.128915
9.99825E-05 9.99825E-05 0.269991 0.0271908 0.0133979 0.178724 0.219487 0.205082 0.0859283
0.103231 0.127948 0.105913 0.0678045 9.99912E-05 0.151191 0.0308086 0.223534 0.18947
0.110058 0.019349 0.0881605 0.210681 9.99824E-05 0.274672 9.99824E-05 0.244989 0.0518909
0.0598295 9.99737E-05 0.327854 0.0715307 0.0247175 0.356406 9.99737E-05 0.159363 9.99737E-05
0.00667982 0.121444 0.208481 0.0714344 9.99912E-05 0.434869 0.0032557 0.14984 0.003896
9.99737E-05 0.101787 0.395126 9.99737E-05 0.00535739 0.195805 9.99737E-05 0.250936 0.0506894
0.0850967 9.99649E-05 0.127642 9.99649E-05 9.99649E-05 0.266958 9.99649E-05 0.263802 0.256101
0.112542 9.99737E-05 0.216759 9.99737E-05 0.0260441 0.284861 0.15026 0.209233 9.99737E-05
0.119096 9.9956E-05 9.9956E-05 0.000821221 9.9956E-05 9.9956E-05 0.64205 0.237533 9.9956E-05
0.0344533 9.99474E-05 9.99474E-05 9.99474E-05 9.99474E-05 9.99474E-05 0.926134 0.0388133 9.99474E-05
0.00845868 9.99648E-05 9.99648E-05 0.0617029 9.99648E-05 9.99648E-05 0.71545 0.204586 0.00940266
0.106255 9.99648E-05 9.99648E-05 0.0698636 9.99648E-05 9.99648E-05 0.554191 0.218729 0.0505609
0.156477 9.9956E-05 9.9956E-05 9.9956E-05 0.0775921 9.9956E-05 0.657356 0.108075 9.9956E-05
0.179701 9.99561E-05 9.99561E-05 9.99561E-05 0.0802777 9.99561E-05 0.494625 0.244896 9.99561E-05
0.121054 9.99648E-05 9.99648E-05 0.0620236 9.99648E-05 9.99648E-05 0.632424 0.160671 0.0234273
0.305984 9.99472E-05 9.99472E-05 9.99472E-05 9.99472E-05 9.99472E-05 0.586708 0.106708 9.99472E-05
0.399345 9.99648E-05 0.269424 0.0406196 9.99648E-05 9.99648E-05 0.176303 0.113909 9.99648E-05
0.276071 9.99473E-05 9.99473E-05 9.99473E-05 9.99473E-05 9.99473E-05 0.372029 0.3513 9.99473E-05
0.00520251 9.99561E-05 0.274461 0.0142813 9.99561E-05 9.99561E-05 0.705555 9.99561E-05 9.99561E-05
9.99649E-05 9.99649E-05 0.110501 0.0217219 0.0491332 9.99649E-05 0.704903 0.113341 9.99649E-05
0.17561 9.99473E-05 9.99473E-05 9.99473E-05 9.99473E-05 9.99473E-05 0.811713 9.99473E-05 0.0120765
0.227807 9.99649E-05 0.0420465 0.0174472 9.99649E-05 9.99649E-05 0.466178 0.246122 9.99649E-05
0.193775 9.99473E-05 9.99473E-05 9.99473E-05 9.99473E-05 9.99473E-05 0.662649 9.99473E-05 0.142976
0.0643691 9.99649E-05 0.0982218 0.0606541 9.99649E-05 9.99649E-05 0.568596 0.207759 9.99649E-05
0.0896139 9.99736E-05 0.14405 9.99736E-05 0.0935884 9.99736E-05 0.518344 0.143099 0.0110048
0.20585 0.10919 9.99561E-05 0.0594442 9.99561E-05 9.99561E-05 0.625016 9.99561E-05 9.99561E-05
0.0784869 0.00274642 9.99561E-05 0.0725666 9.99561E-05 9.99561E-05 0.8457 9.99561E-05 9.99561E-05
0.145822 9.99649E-05 9.99649E-05 0.0418042 0.0453171 9.99649E-05 0.576339 0.190318 9.99649E-05
0.0601058 0.111262 0.0481309 0.0639608 9.99736E-05 9.99736E-05 0.630124 0.0861168 9.99736E-05
0.152943 9.99649E-05 9.99649E-05 0.0931537 9.99649E-05 9.99649E-05 0.638875 0.0380702 0.0765588
0.242643 9.99648E-05 0.0702172 9.99648E-05 0.0995012 9.99648E-05 0.299032 0.288208 9.99648E-05
0.250098 9.99473E-05 9.99473E-05 9.99473E-05 9.99473E-05 9.99473E-05 0.740032 0.00927046 9.99473E-05
0.269517 0.0598197 9.99736E-05 0.00918163 0.134111 9.99736E-05 0.290603 0.236468 9.99736E-05
0.131202 9.99737E-05 0.15579 0.00397256 9.99737E-05 9.99737E-05 0.485554 0.146585 0.0765973
9.99562E-05 9.99562E-05 9.99562E-05 9.99562E-05 0.0433986 0.0516041 0.847382 0.0571156 9.99562E-05
0.157564 0.133494 9.9956E-05 9.9956E-05 9.9956E-05 9.9956E-05 0.534156 0.174287 9.9956E-05
0.216905 9.99561E-05 9.99561E-05 9.99561E-05 0.0739654 9.99561E-05 0.435997 0.272633 9.99561E-05
9.99561E-05 9.99561E-05 9.99561E-05 0.0570707 0.0274339 9.99561E-05 0.678022 0.236974 9.99561E-05
0.112439 0.141957 9.99561E-05 9.99561E-05 9.99561E-05 9.99561E-05 0.485393 0.259711 9.99561E-05
9.9956E-05 9.9956E-05 9.9956E-05 0.0378761 0.047563 9.9956E-05 0.814463 0.0995979 9.9956E-05
0.385657 9.99561E-05 9.99561E-05 9.99561E-05 0.186493 9.99561E-05 0.270063 0.157287 9.99561E-05
0.127644 9.99648E-05 9.99648E-05 0.0120715 0.04748 9.99648E-05 0.576087 0.236317 9.99648E-05
0.0546475 9.99473E-05 9.99473E-05 9.99473E-05 9.99473E-05 9.99473E-05 0.826137 0.118616 9.99473E-05
0.128531 0.0173479 0.0297333 0.055332 0.00377329 9.99736E-05 0.764983 9.99736E-05 9.99736E-05
0.159601 9.99648E-05 9.99648E-05 0.0398897 9.99648E-05 9.99648E-05 0.461407 0.302459 0.0362435
0.0976793 9.99386E-05 9.99386E-05 9.99386E-05 9.99386E-05 9.99386E-05 0.901621 9.99386E-05 9.99386E-05
9.99474E-05 9.99474E-05 9.99474E-05 9.99474E-05 9.99474E-05 9.99474E-05 0.812288 0.155807 0.0313053
0.000650981 9.99474E-05 9.99474E-05 9.99474E-05 0.00861204 9.99474E-05 0.990137 9.99474E-05 9.99474E-05
9.99474E-05 9.99474E-05 0.079083 9.99474E-05 0.00534208 9.99474E-05 0.914975 9.99474E-05 9.99474E-05
0.0814035 9.99648E-05 0.217376 0.047479 9.99648E-05 9.99648E-05 0.279399 0.373943 9.99648E-05
0.226132 0.0726701 9.99473E-05 9.99473E-05 9.99473E-05 9.99473E-05 0.700598 9.99473E-05 9.99473E-05
0.10788 9.99562E-05 9.99562E-05 9.99562E-05 9.99562E-05 0.0119802 0.846908 0.0327318 9.99562E-05
9.99386E-05 9.99386E-05 9.99386E-05 9.99386E-05 9.99386E-05 9.99386E-05 0.943749 0.0555512 9.99386E-05
0.267859 9.99824E-05 0.17479 0.0135389 0.166124 9.99824E-05 0.303363 0.0685505 0.00557452
0.237532 9.99649E-05 9.99649E-05 0.0942479 9.99649E-05 9.99649E-05 0.453136 0.173419 0.0412649
0.168627 0.173597 0.105671 9.99737E-05 9.99737E-05 9.99737E-05 0.397264 0.0507168 0.103824
0.319816 9.99737E-05 9.99737E-05 0.0203252 0.119358 9.99737E-05 0.285421 0.243118 0.0116621
9.993E-05 9.993E-05 9.993E-05 9.993E-05 9.993E-05 9.993E-05 0.999201 9.993E-05 9.993E-05
0.018172 0.24786 9.99649E-05 9.99649E-05 0.0321116 9.99649E-05 0.459462 0.241995 9.99649E-05
0.077631 9.99474E-05 0.0750353 9.99474E-05 9.99474E-05 9.99474E-05 0.846734 9.99474E-05 9.99474E-05
0.0974775 9.99649E-05 9.99649E-05 0.0195009 9.99649E-05 9.99649E-05 0.714587 0.158403 0.00963172
0.194374 0.0796357 9.99648E-05 9.99648E-05 9.99648E-05 9.99648E-05 0.683903 0.0314008 0.010286
0.0207226 9.99736E-05 9.99736E-05 0.0689981 0.00864849 9.99736E-05 0.740456 0.100576 0.0602989
0.300367 9.9956E-05 0.138733 9.9956E-05 9.9956E-05 9.9956E-05 0.269865 0.290536 9.9956E-05
0.202497 9.99472E-05 9.99472E-05 9.99472E-05 9.99472E-05 9.99472E-05 0.588762 0.208141 9.99472E-05
0.130515 0.021177 9.99736E-05 0.061997 0.025459 9.99736E-05 0.674814 0.0857379 9.99736E-05
9.99473E-05 9.99473E-05 9.99473E-05 9.99473E-05 0.153212 9.99473E-05 0.719942 0.126246 9.99473E-05
0.208337 9.99561E-05 0.0128166 9.99561E-05 9.99561E-05 9.99561E-05 0.767771 0.0105749 9.99561E-05
9.993E-05 9.993E-05 9.993E-05 9.993E-05 9.993E-05 9.993E-05 9.993E-05 0.999201 9.993E-05
0.999201 9.993E-05 9.993E-05 9.993E-05 9.993E-05 9.993E-05 9.993E-05 9.993E-05 9.993E-05
9.993E-05 9.993E-05 9.993E-05 9.993E-05 9.993E-05 9.993E-05 9.993E-05 0.999201 9.993E-05
0.999201 9.993E-05 9.993E-05 9.993E-05 9.993E-05 9.993E-05 9.993E-05 9.993E-05 9.993E-05
0.999201 9.993E-05 9.993E-05 9.993E-05 9.993E-05 9.993E-05 9.993E-05 9.993E-05 9.993E-05
0.999201 9.993E-05 9.993E-05 9.993E-05 9.993E-05 9.993E-05 9.993E-05 9.993E-05 9.993E-05
9.993E-05 9.993E-05 9.993E-05 9.993E-05 9.993E-05 9.993E-05 9.993E-05 0.999201 9.993E-05
0.999201 9.993E-05 9.993E-05 9.993E-05 9.993E-05 9.993E-05 9.993E-05 9.993E-05 9.993E-05
0.999201 9.993E-05 9.993E-05 9.993E-05 9.993E-05 9.993E-05 9.993E-05 9.993E-05 9.993E-05
9.993E-05 9.993E-05 9.993E-05 9.993E-05 9.993E-05 9.993E-05 9.993E-05 0.999201 9.993E-05
9.993E-05 9.993E-05 9.993E-05 9.993E-05 9.993E-05 9.993E-05 9.993E-05 0.999201 9.993E-05
9.993E-05 9.993E-05 9.993E-05 9.993E-05 9.993E-05 9.993E-05 9.993E-05 0.999201 9.993E-05
0.999201 9.993E-05 9.993E-05 9.993E-05 9.993E-05 9.993E-05 9.993E-05 9.993E-05 9.993E-05
0.999201 9.993E-05 9.993E-05 9.993E-05 9.993E-05 9.993E-05 9.993E-05 9.993E-05 9.993E-05
9.993E-05 9.993E-05 9.993E-05 9.993E-05 9.993E-05 9.993E-05 9.993E-05 0.999201 9.993E-05
9.993E-05 9.993E-05 9.993E-05 9.993E-05 9.993E-05 9.993E-05 9.993E-05 0.999201 9.993E-05
0.116551 0.217685 9.99736E-05 9.99736E-05 0.115756 9.99736E-05 0.333879 0.208181 0.00764786
9.993E-05 9.993E-05 9.993E-05 9.993E-05 9.993E-05 9.993E-05 9.993E-05 0.999201 9.993E-05
0.999201 9.993E-05 9.993E-05 9.993E-05 9.993E-05 9.993E-05 9.993E-05 9.993E-05 9.993E-05
9.993E-05 9.993E-05 9.993E-05 9.993E-05 9.993E-05 9.993E-05 9.993E-05 0.999201 9.993E-05
9.993E-05 9.993E-05 9.993E-05 9.993E-05 9.993E-05 9.993E-05 9.993E-05 0.999201 9.993E-05
9.993E-05 9.993E-05 9.993E-05 9.993E-05 9.993E-05 9.993E-05 9.993E-05 0.999201 9.993E-05
0.999201 9.993E-05 9.993E-05 9.993E-05 9.993E-05 9.993E-05 9.993E-05 9.993E-05 9.993E-05
9.993E-05 9.993E-05 9.993E-05 9.993E-05 9.993E-05 9.993E-05 9.993E-05 0.999201 9.993E-05
0.999201 9.993E-05 9.993E-05 9.993E-05 9.993E-05 9.993E-05 9.993E-05 9.993E-05 9.993E-05
9.993E-05 9.993E-05 9.993E-05 9.993E-05 9.993E-05 9.993E-05 9.993E-05 0.999201 9.993E-05
9.993E-05 9.993E-05 9.993E-05 9.993E-05 9.993E-05 9.993E-05 9.993E-05 0.999201 9.993E-05
0.999201 9.993E-05 9.993E-05 9.993E-05 9.993E-05 9.993E-05 9.993E-05 9.993E-05 9.993E-05
0.999201 9.993E-05 9.993E-05 9.993E-05 9.993E-05 9.993E-05 9.993E-05 9.993E-05 9.993E-05
0.999201 9.993E-05 9.993E-05 9.993E-05 9.993E-05 9.993E-05 9.993E-05 9.993E-05 9.993E-05
9.993E-05 9.993E-05 9.993E-05 9.993E-05 9.993E-05 9.993E-05 9.993E-05 0.999201 9.993E-05
9.993E-05 9.993E-05 9.993E-05 9.993E-05 9.993E-05 9.993E-05 9.993E-05 0.999201 9.993E-05
9.993E-05 9.993E-05 9.993E-05 9.993E-05 9.993E-05 9.993E-05 9.993E-05 0.999201 9.993E-05
9.993E-05 9.993E-05 9.993E-05 9.993E-05 9.993E-05 9.993E-05 9.993E-05 0.999201 9.993E-05
9.993E-05 9.993E-05 9.993E-05 9.993E-05 9.993E-05 9.993E-05 9.993E-05 0.999201 9.993E-05
0.999201 9.993E-05 9.993E-05 9.993E-05 9.993E-05 9.993E-05 9.993E-05 9.993E-05 9.993E-05
0.999201 9.993E-05 9.993E-05 9.993E-05 9.993E-05 9.993E-05 9.993E-05 9.993E-05 9.993E-05
0.999201 9.993E-05 9.993E-05 9.993E-05 9.993E-05 9.993E-05 9.993E-05 9.993E-05 9.993E-05
9.993E-05 9.993E-05 9.993E-05 9.993E-05 9.993E-05 9.993E-05 9.993E-05 0.999201 9.993E-05
0.999201 9.993E-05 9.993E-05 9.993E-05 9.993E-05 9.993E-05 9.993E-05 9.993E-05 9.993E-05
0.999201 9.993E-05 9.993E-05 9.993E-05 9.993E-05 9.993E-05 9.993E-05 9.993E-05 9.993E-05
0.999201 9.993E-05 9.993E-05 9.993E-05 9.993E-05 9.993E-05 9.993E-05 9.993E-05 9.993E-05
0.999201 9.993E-05 9.993E-05 9.993E-05 9.993E-05 9.993E-05 9.993E-05 9.993E-05 9.993E-05
9.993E-05 9.993E-05 9.993E-05 9.993E-05 9.993E-05 9.993E-05 9.993E-05 0.999201 9.993E-05
0.999201 9.993E-05 9.993E-05 9.993E-05 9.993E-05 9.993E-05 9.993E-05 9.993E-05 9.993E-05
0.999201 9.993E-05 9.993E-05 9.993E-05 9.993E-05 9.993E-05 9.993E-05 9.993E-05 9.993E-05
0.142488 0.187334 9.99736E-05 9.99736E-05 0.092823 9.99736E-05 0.378127 0.174224 0.0247045
9.993E-05 9.993E-05 9.993E-05 9.993E-05 9.993E-05 9.993E-05 9.993E-05 0.999201 9.993E-05
0.999201 9.993E-05 9.993E-05 9.993E-05 9.993E-05 9.993E-05 9.993E-05 9.993E-05 9.993E-05
0.999201 9.993E-05 9.993E-05 9.993E-05 9.993E-05 9.993E-05 9.993E-05 9.993E-05 9.993E-05
0.999201 9.993E-05 9.993E-05 9.993E-05 9.993E-05 9.993E-05 9.993E-05 9.993E-05 9.993E-05
0.999201 9.993E-05 9.993E-05 9.993E-05 9.993E-05 9.993E-05 9.993E-05 9.993E-05 9.993E-05
9.993E-05 9.993E-05 9.993E-05 9.993E-05 9.993E-05 9.993E-05 9.993E-05 0.999201 9.993E-05
0.999201 9.993E-05 9.993E-05 9.993E-05 9.993E-05 9.993E-05 9.993E-05 9.993E-05 9.993E-05
9.993E-05 9.993E-05 9.993E-05 9.993E-05 9.993E-05 9.993E-05 9.993E-05 0.999201 9.993E-05
0.999201 9.993E-05 9.993E-05 9.993E-05 9.993E-05 9.993E-05 9.993E-05 9.993E-05 9.993E-05
9.993E-05 9.993E-05 9.993E-05 9.993E-05 9.993E-05 9.993E-05 9.993E-05 0.999201 9.993E-05
0.999201 9.993E-05 9.993E-05 9.993E-05 9.993E-05 9.993E-05 9.993E-05 9.993E-05 9.993E-05
0.999201 9.993E-05 9.993E-05 9.993E-05 9.993E-05 9.993E-05 9.993E-05 9.993E-05 9.993E-05
0.999201 9.993E-05 9.993E-05 9.993E-05 9.993E-05 9.993E-05 9.993E-05 9.993E-05 9.993E-05
0.999201 9.993E-05 9.993E-05 9.993E-05 9.993E-05 9.993E-05 9.993E-05 9.993E-05 9.993E-05
0.999201 9.993E-05 9.993E-05 9.993E-05 9.993E-05 9.993E-05 9.993E-05 9.993E-05 9.993E-05
0.999201 9.993E-05 9.993E-05 9.993E-05 9.993E-05 9.993E-05 9.993E-05 9.993E-05 9.993E-05
9.993E-05 9.993E-05 9.993E-05 9.993E-05 9.993E-05 9.993E-05 9.993E-05 0.999201 9.993E-05
9.993E-05 9.993E-05 9.993E-05 9.993E-05 9.993E-05 9.993E-05 9.993E-05 0.999201 9.993E-05
9.993E-05 9.993E-05 9.993E-05 9.993E-05 9.993E-05 9.993E-05 9.993E-05 0.999201 9.993E-05
0.999201 9.993E-05 9.993E-05 9.993E-05 9.993E-05 9.993E-05 9.993E-05 9.993E-05 9.993E-05
9.993E-05 9.993E-05 9.993E-05 9.993E-05 9.993E-05 9.993E-05 9.993E-05 0.999201 9.993E-05
9.993E-05 9.993E-05 9.993E-05 9.993E-05 9.993E-05 9.993E-05 9.993E-05 0.999201 9.993E-05
9.993E-05 9.993E-05 9.993E-05 9.993E-05 9.993E-05 9.993E-05 9.993E-05 0.999201 9.993E-05
0.999201 9.993E-05 9.993E-05 9.993E-05 9.993E-05 9.993E-05 9.993E-05 9.993E-05 9.993E-05
0.999201 9.993E-05 9.993E-05 9.993E-05 9.993E-05 9.993E-05 9.993E-05 9.993E-05 9.993E-05
0.999201 9.993E-05 9.993E-05 9.993E-05 9.993E-05 9.993E-05 9.993E-05 9.993E-05 9.993E-05
9.993E-05 9.993E-05 9.993E-05 9.993E-05 9.993E-05 9.993E-05 9.993E-05 0.999201 9.993E-05
0.999201 9.993E-05 9.993E-05 9.993E-05 9.993E-05 9.993E-05 9.993E-05 9.993E-05 9.993E-05
0.999201 9.993E-05 9.993E-05 9.993E-05 9.993E-05 9.993E-05 9.993E-05 9.993E-05 9.993E-05
9.993E-05 9.993E-05 9.993E-05 9.993E-05 9.993E-05 9.993E-05 9.993E-05 0.999201 9.993E-05
0.999201 9.993E-05 9.993E-05 9.993E-05 9.993E-05 9.993E-05 9.993E-05 9.993E-05 9.993E-05
0.999201 9.993E-05 9.993E-05 9.993E-05 9.993E-05 9.993E-05 9.993E-05 9.993E-05 9.993E-05
0.119313 9.99736E-05 0.0212719 0.170235 9.99736E-05 9.99736E-05 0.254971 0.340329 0.0935801
9.993E-05 9.993E-05 9.993E-05 9.993E-05 9.993E-05 9.993E-05 9.993E-05 0.999201 9.993E-05
0.999201 9.993E-05 9.993E-05 9.993E-05 9.993E-05 9.993E-05 9.993E-05 9.993E-05 9.993E-05
0.434406 0.00274671 9.99824E-05 0.00418919 0.0365716 9.99824E-05 0.38113 0.0517895 0.0889663
0.238595 0.0749803 9.99649E-05 9.99649E-05 0.0412941 9.99649E-05 0.424249 0.220482 9.99649E-05
0.200943 9.99561E-05 9.99561E-05 9.99561E-05 0.0602554 9.99561E-05 0.369583 0.368718 9.99561E-05
9.99736E-05 0.00936693 9.99736E-05 0.0202345 0.0249933 9.99736E-05 0.687267 0.196278 0.0615603
0.284701 9.99472E-05 9.99472E-05 9.99472E-05 9.99472E-05 9.99472E-05 0.337325 0.377374 9.99472E-05
0.17512 9.9965E-05 0.0125253 9.9965E-05 9.9965E-05 0.0200333 0.784405 0.00751704 9.9965E-05
0.363595 0.157881 9.99561E-05 9.99561E-05 9.99561E-05 9.99561E-05 0.268196 0.209829 9.99561E-05
0.191121 9.99736E-05 9.99736E-05 0.0707832 0.0277223 9.99736E-05 0.552507 0.0809264 0.07664
0.203108 9.99473E-05 9.99473E-05 9.99473E-05 9.99473E-05 9.99473E-05 0.730039 0.0662532 9.99473E-05
9.9956E-05 0.14839 9.9956E-05 9.9956E-05 0.0100608 9.9956E-05 0.627317 0.213733 9.9956E-05
0.0272152 9.99648E-05 9.99648E-05 0.135721 9.99648E-05 9.99648E-05 0.624246 0.194748 0.0176695
0.556511 9.99473E-05 9.99473E-05 9.99473E-05 9.99473E-05 9.99473E-05 0.357734 0.085156 9.99473E-05
0.280117 0.0716561 0.00921062 9.99736E-05 9.99736E-05 9.99736E-05 0.185902 0.342908 0.109907
0.0637141 9.9956E-05 9.9956E-05 9.9956E-05 9.9956E-05 9.9956E-05 0.758453 0.0427409 0.134592
0.167637 9.9956E-05 9.9956E-05 0.0339409 9.9956E-05 9.9956E-05 0.524775 0.273147 9.9956E-05
0.301687 0.0108635 0.140782 0.0479812 9.99736E-05 9.99736E-05 0.259693 0.238694 9.99736E-05
0.185807 9.99561E-05 9.99561E-05 9.99561E-05 9.99561E-05 9.99561E-05 0.64948 0.119036 0.0451774
0.0461042 9.99736E-05 9.99736E-05 0.0898039 0.0692309 9.99736E-05 0.284606 0.376356 0.133599
0.102002 9.99824E-05 0.223354 0.0134193 0.0691412 9.99824E-05 0.523375 0.0200507 0.0484582
0.179656 0.0699598 9.9956E-05 9.9956E-05 9.9956E-05 9.9956E-05 0.489952 0.259932 9.9956E-05
0.155879 0.00702573 0.0162208 9.99736E-05 0.0576824 9.99736E-05 0.637647 0.125245 9.99736E-05
0.278177 0.023571 9.99561E-05 0.0180227 9.99561E-05 9.99561E-05 0.679729 9.99561E-05 9.99561E-05
0.262866 0.0674345 9.99824E-05 0.0546007 0.0237698 9.99824E-05 0.340788 0.187322 0.0630189
0.166646 9.99736E-05 9.99736E-05 0.0323493 0.0118054 9.99736E-05 0.66015 0.0962168 0.0325328
0.0630504 9.9956E-05 9.9956E-05 9.9956E-05 9.9956E-05 9.9956E-05 0.721028 0.0401837 0.175238
9.99386E-05 9.99386E-05 0.0572402 9.99386E-05 9.99386E-05 9.99386E-05 0.94206 9.99386E-05 9.99386E-05
0.157126 0.0423805 0.0118467 9.99736E-05 9.99736E-05 9.99736E-05 0.605293 0.141473 0.0415805
0.304124 9.99561E-05 9.99561E-05 9.99561E-05 9.99561E-05 9.99561E-05 0.321521 0.339954 0.0339004
9.99648E-05 0.0265204 9.99648E-05 9.99648E-05 0.133282 9.99648E-05 0.672627 0.160786 0.00638452
0.220274 9.9956E-05 9.9956E-05 9.9956E-05 0.143969 9.9956E-05 0.50995 9.9956E-05 0.125308
0.360067 0.0702953 0.0152119 0.0319824 9.99736E-05 9.99736E-05 0.315673 0.20647 9.99736E-05
0.274049 9.99649E-05 0.0438598 0.043595 9.99649E-05 9.99649E-05 0.524321 0.113775 9.99649E-05
0.217311 9.99648E-05 0.138271 9.99648E-05 0.0469436 9.99648E-05 0.437108 0.159967 9.99648E-05
0.228589 9.99648E-05 9.99648E-05 0.0424804 9.99648E-05 9.99648E-05 0.454824 0.227515 0.0461916
0.154938 9.99648E-05 9.99648E-05 0.101653 9.99648E-05 9.99648E-05 0.431487 0.26906 0.0424615
0.104184 0.0104766 9.99649E-05 9.99649E-05 0.0513836 9.99649E-05 0.628855 0.204701 9.99649E-05
9.993E-05 9.993E-05 9.993E-05 9.993E-05 9.993E-05 9.993E-05 0.999201 9.993E-05 9.993E-05
0.000808284 0.0830396 0.0606885 0.119438 9.99824E-05 9.99824E-05 0.412732 0.287093 0.0360002
0.0277868 0.034392 9.99736E-05 0.124466 0.0265165 9.99736E-05 0.702616 0.0839228 9.99736E-05
0.148609 0.162458 9.99648E-05 9.99648E-05 0.0364887 9.99648E-05 0.422776 0.229268 9.99648E-05
0.0807666 9.99736E-05 9.99736E-05 0.0271232 0.0409574 9.99736E-05 0.550614 0.264892 0.0353473
0.161408 0.141848 9.99736E-05 0.111559 9.99736E-05 9.99736E-05 0.495381 0.0428359 0.0466681
0.24469 0.0230617 9.99648E-05 9.99648E-05 0.0543284 9.99648E-05 0.423305 0.254214 9.99648E-05
0.573547 0.0320071 0.0386952 9.99737E-05 9.99737E-05 9.99737E-05 0.245283 0.0666641 0.0435038
0.357241 9.99648E-05 0.0466276 9.99648E-05 9.99648E-05 9.99648E-05 0.137253 0.391571 0.0669075
0.220246 0.101285 9.9956E-05 9.9956E-05 9.9956E-05 9.9956E-05 0.613796 9.9956E-05 0.0641739
9.993E-05 9.993E-05 9.993E-05 9.993E-05 9.993E-05 9.993E-05 0.999201 9.993E-05 9.993E-05
0.256362 9.99648E-05 9.99648E-05 0.0429468 0.0172667 9.99648E-05 0.588528 0.0944968 9.99648E-05
9.99473E-05 0.00470225 9.99473E-05 9.99473E-05 9.99473E-05 9.99473E-05 0.969619 0.0250792 9.99473E-05
0.149118 0.133821 0.249603 9.99736E-05 9.99736E-05 9.99736E-05 0.25204 0.197326 0.0177915
9.99385E-05 9.99385E-05 0.0934836 9.99385E-05 9.99385E-05 9.99385E-05 0.905817 9.99385E-05 9.99385E-05
0.0429833 0.00559819 9.99648E-05 0.0600456 9.99648E-05 9.99648E-05 0.612691 0.278282 9.99648E-05
9.99648E-05 0.0880455 0.262901 0.0732078 9.99648E-05 9.99648E-05 0.315725 0.259721 9.99648E-05
0.126877 9.9956E-05 0.190174 9.9956E-05 9.9956E-05 9.9956E-05 0.501986 0.180464 9.9956E-05
0.0624217 0.21974 9.99648E-05 9.99648E-05 0.012014 9.99648E-05 0.678261 0.0271642 9.99648E-05
0.346178 9.99473E-05 9.99473E-05 9.99473E-05 9.99473E-05 9.99473E-05 0.602637 0.0505853 9.99473E-05
9.99474E-05 9.99474E-05 0.0966993 9.99474E-05 9.99474E-05 9.99474E-05 0.736451 0.16625 9.99474E-05
0.20809 9.99473E-05 0.00524055 9.99473E-05 9.99473E-05 9.99473E-05 0.78607 9.99473E-05 9.99473E-05
0.253334 9.99473E-05 9.99473E-05 9.99473E-05 9.99473E-05 9.99473E-05 0.461385 0.284681 9.99473E-05
0.213981 9.99561E-05 0.0933814 9.99561E-05 9.99561E-05 9.99561E-05 0.440676 0.251462 9.99561E-05
9.993E-05 9.993E-05 9.993E-05 9.993E-05 9.993E-05 9.993E-05 0.999201 9.993E-05 9.993E-05
0.0846376 9.99386E-05 9.99386E-05 9.99386E-05 9.99386E-05 9.99386E-05 0.914663 9.99386E-05 9.99386E-05
0.038087 9.99737E-05 9.99737E-05 0.0101713 0.0255099 0.0820645 0.729353 0.114514 9.99737E-05
0.140571 9.9956E-05 9.9956E-05 0.0856695 9.9956E-05 9.9956E-05 0.561041 0.212219 9.9956E-05
0.199221 9.99648E-05 9.99648E-05 0.000501718 0.0970639 9.99648E-05 0.620248 0.0825649 9.99648E-05
0.316247 0.0357895 9.99473E-05 9.99473E-05 9.99473E-05 9.99473E-05 0.647364 9.99473E-05 9.99473E-05
0.0583466 9.99474E-05 9.99474E-05 9.99474E-05 9.99474E-05 9.99474E-05 0.914939 0.0261149 9.99474E-05
0.288465 9.99737E-05 0.0358412 9.99737E-05 0.0638569 9.99737E-05 0.330617 0.27055 0.0103704
0.0540395 9.99648E-05 9.99648E-05 0.0559658 0.010269 9.99648E-05 0.506505 0.372821 9.99648E-05
9.99474E-05 9.99474E-05 0.211577 9.99474E-05 9.99474E-05 9.99474E-05 0.760069 0.0277544 9.99474E-05
0.0224165 9.99649E-05 0.2344 9.99649E-05 0.0472525 9.99649E-05 0.480438 0.215093 9.99649E-05
9.99562E-05 9.99562E-05 0.0868379 9.99562E-05 9.99562E-05 0.0841789 0.770961 0.0575229 9.99562E-05
0.311374 9.99472E-05 9.99472E-05 9.99472E-05 9.99472E-05 9.99472E-05 0.406022 0.282004 9.99472E-05
9.99649E-05 0.0516159 0.307599 9.99649E-05 0.0647756 9.99649E-05 0.449738 9.99649E-05 0.125872
9.99473E-05 9.99473E-05 0.0413988 9.99473E-05 9.99473E-05 9.99473E-05 0.82038 0.137622 9.99473E-05
0.133427 9.99561E-05 0.225236 9.99561E-05 9.99561E-05 9.99561E-05 0.511538 0.129299 9.99561E-05
9.99474E-05 9.99474E-05 0.210333 9.99474E-05 9.99474E-05 0.081856 0.707211 9.99474E-05 9.99474E-05
9.9956E-05 9.9956E-05 9.9956E-05 0.0432915 9.9956E-05 9.9956E-05 0.741843 0.179539 0.0348272
9.99386E-05 9.99386E-05 0.246838 9.99386E-05 9.99386E-05 9.99386E-05 0.752463 9.99386E-05 9.99386E-05
0.416562 9.99648E-05 0.01895 0.057893 9.99648E-05 9.99648E-05 0.436726 0.0694687 9.99648E-05
0.25269 0.0878427 9.99648E-05 0.0531677 0.0273399 9.99648E-05 0.57856 9.99648E-05 9.99648E-05
0.259591 0.138328 9.99824E-05 0.0328236 0.00106147 9.99824E-05 0.422953 0.00303729 0.142006
9.99386E-05 9.99386E-05 0.174696 9.99386E-05 9.99386E-05 9.99386E-05 0.824605 9.99386E-05 9.99386E-05
0.244389 0.0453392 9.99649E-05 0.00162121 9.99649E-05 9.99649E-05 0.647325 0.0609251 9.99649E-05
0.16168 9.99561E-05 0.115952 9.99561E-05 0.20966 9.99561E-05 0.512209 9.99561E-05 9.99561E-05
9.99473E-05 9.99473E-05 0.123779 9.99473E-05 9.99473E-05 9.99473E-05 0.77459 0.101031 9.99473E-05
9.99648E-05 9.99648E-05 9.99648E-05 0.0138114 0.0285594 9.99648E-05 0.517008 0.294498 0.145724
0.443093 9.99648E-05 9.99648E-05 0.0661199 9.99648E-05 9.99648E-05 0.298087 0.185808 0.00649335
0.113952 0.123105 9.99649E-05 0.0248724 9.99649E-05 9.99649E-05 0.436163 0.301508 9.99649E-05
0.232838 9.99648E-05 9.99648E-05 0.0262902 0.0757088 9.99648E-05 0.455397 0.209366 9.99648E-05
0.0421499 9.99649E-05 0.139134 9.99649E-05 0.298752 9.99649E-05 0.392746 0.126818 9.99649E-05
0.075011 9.99736E-05 0.210987 0.015953 9.99736E-05 9.99736E-05 0.252939 0.322234 0.122576
0.388037 9.99649E-05 0.127902 9.99649E-05 9.99649E-05 0.00614746 0.375396 0.102118 9.99649E-05
0.0461427 9.99824E-05 0.276669 0.138035 0.146608 9.99824E-05 0.349276 0.0418597 0.00120938
0.173726 9.99473E-05 0.176143 9.99473E-05 9.99473E-05 9.99473E-05 0.649532 9.99473E-05 9.99473E-05
9.99386E-05 9.99386E-05 0.229525 9.99386E-05 9.99386E-05 9.99386E-05 0.769775 9.99386E-05 9.99386E-05
0.32854 0.275725 9.99473E-05 9.99473E-05 9.99473E-05 9.99473E-05 0.395136 9.99473E-05 9.99473E-05
0.100393 0.0286969 9.99648E-05 0.138156 9.99648E-05 9.99648E-05 0.370353 0.362002 9.99648E-05
9.99561E-05 9.99561E-05 9.99561E-05 0.00843825 9.99561E-05 9.99561E-05 0.476444 0.491591 0.0230275
0.182905 9.99649E-05 0.0413784 9.99649E-05 0.0392083 9.99649E-05 0.279083 0.457026 9.99649E-05
0.253198 0.150512 9.99736E-05 0.0577927 0.0512714 9.99736E-05 0.401424 9.99736E-05 0.0855023
0.118614 9.99561E-05 9.99561E-05 9.99561E-05 9.99561E-05 9.99561E-05 0.466336 0.369696 0.044854
0.0819054 9.99737E-05 0.0889815 9.99737E-05 0.256711 9.99737E-05 0.283194 0.20686 0.0820482
0.117706 9.99474E-05 0.18273 9.99474E-05 9.99474E-05 9.99474E-05 0.698965 9.99474E-05 9.99474E-05
0.11854 9.99737E-05 0.0967256 9.99737E-05 9.99737E-05 0.0295175 0.734273 0.000866563 0.0197772
0.196981 9.99561E-05 0.114996 9.99561E-05 9.99561E-05 9.99561E-05 0.515481 0.172043 9.99561E-05
9.9956E-05 9.9956E-05 0.255866 9.9956E-05 9.9956E-05 9.9956E-05 0.258636 0.273087 0.211911
0.00997422 9.99474E-05 0.128065 9.99474E-05 9.99474E-05 9.99474E-05 0.861361 9.99474E-05 9.99474E-05
9.99387E-05 9.99387E-05 0.101487 9.99387E-05 9.99387E-05 9.99387E-05 0.897813 9.99387E-05 9.99387E-05
0.103688 9.99736E-05 9.99736E-05 0.00400883 0.0797277 9.99736E-05 0.734412 0.0393076 0.0385564
0.100907 9.99649E-05 9.99649E-05 9.99649E-05 0.0208931 9.99649E-05 0.727634 0.129376 0.0207907
9.99473E-05 9.99473E-05 9.99473E-05 0.0244057 9.99473E-05 9.99473E-05 0.769543 0.205451 9.99473E-05
0.124761 9.99473E-05 9.99473E-05 9.99473E-05 9.99473E-05 9.99473E-05 0.53238 0.342259 9.99473E-05
0.0876296 0.154141 9.99561E-05 9.99561E-05 9.99561E-05 9.99561E-05 0.485292 0.272437 9.99561E-05
9.99561E-05 9.99561E-05 9.99561E-05 0.140308 0.090431 9.99561E-05 0.371529 0.397232 9.99561E-05
0.331454 9.99473E-05 0.103138 9.99473E-05 9.99473E-05 9.99473E-05 0.564809 9.99473E-05 9.99473E-05
0.189483 0.0162901 0.0181281 9.99736E-05 0.0143149 9.99736E-05 0.608254 0.15323 9.99736E-05
0.00242544 0.00372052 9.99824E-05 0.0132665 0.0281296 9.99824E-05 0.459981 0.39123 0.101048
0.0573466 0.0173635 9.99737E-05 0.000616146 0.0321846 9.99737E-05 0.886981 0.00520798 9.99737E-05
9.99648E-05 0.171009 0.152521 0.0292445 9.99648E-05 9.99648E-05 0.266322 0.380505 9.99648E-05
9.9956E-05 9.9956E-05 9.9956E-05 0.0188949 9.9956E-05 9.9956E-05 0.541796 0.307481 0.131328
0.241835 9.9956E-05 9.9956E-05 0.107038 9.9956E-05 9.9956E-05 0.458996 0.19163 9.9956E-05
0.0881729 9.99648E-05 0.307427 9.99648E-05 0.0264355 9.99648E-05 0.34343 0.234134 9.99648E-05
0.206843 0.156996 0.00513129 0.0364671 9.99737E-05 9.99737E-05 0.444677 0.149586 9.99737E-05
0.0642593 9.99473E-05 0.413552 9.99473E-05 9.99473E-05 9.99473E-05 0.521589 9.99473E-05 9.99473E-05
0.233523 9.99648E-05 9.99648E-05 0.105225 9.99648E-05 9.99648E-05 0.364896 0.268753 0.0272022
9.99473E-05 9.99473E-05 0.0118866 9.99473E-05 9.99473E-05 9.99473E-05 0.883392 0.104122 9.99473E-05
0.0187078 9.99474E-05 0.293418 9.99474E-05 9.99474E-05 9.99474E-05 0.687274 9.99474E-05 9.99474E-05
0.21347 0.157579 9.99736E-05 0.0806272 0.0566557 9.99736E-05 0.407535 0.0838335 9.99736E-05
0.113182 0.001505 0.148325 0.023836 0.0542714 9.99824E-05 0.473037 0.185644 9.99824E-05
0.182103 0.250938 0.313086 0.0850964 9.99649E-05 9.99649E-05 9.99649E-05 0.168376 9.99649E-05
0.0301419 0.194682 0.542474 0.0564208 9.99649E-05 9.99649E-05 9.99649E-05 0.175882 9.99649E-05
0.108061 0.311422 0.364672 0.0402271 9.99649E-05 9.99649E-05 9.99649E-05 0.175218 9.99649E-05
9.9965E-05 0.110868 0.525326 0.0621721 9.9965E-05 9.9965E-05 0.121836 0.179399 9.9965E-05
0.114498 0.128939 0.391364 0.0558695 0.0654882 9.99824E-05 9.99824E-05 0.117684 0.125958
9.99737E-05 0.0987069 0.441899 9.99737E-05 0.00137188 0.190184 0.0624696 0.205069 9.99737E-05
0.15961 9.99649E-05 0.185859 0.114123 9.99649E-05 9.99649E-05 9.99649E-05 0.534399 0.00560832
0.00109955 0.161422 0.595938 0.0928592 0.0320955 9.99737E-05 9.99737E-05 0.116286 9.99737E-05
9.99825E-05 0.0311405 0.565657 0.0940695 0.0645601 0.160931 0.0277495 9.99825E-05 0.0556927
0.114799 0.139093 0.527387 9.9956E-05 9.9956E-05 9.9956E-05 9.9956E-05 0.218221 9.9956E-05
0.0861489 0.221365 0.0767038 0.177219 9.99824E-05 9.99824E-05 0.0172513 0.415199 0.00591214
9.99825E-05 9.99825E-05 0.326751 0.00748761 0.217812 0.0455195 0.0826792 0.298504 0.0210477
0.107275 0.277887 0.296737 9.99737E-05 0.0119859 9.99737E-05 0.00368806 0.302126 9.99737E-05
9.99562E-05 9.99562E-05 0.559398 9.99562E-05 9.99562E-05 0.276962 0.0301839 0.132957 9.99562E-05
0.0519102 0.0426834 0.333606 0.148051 9.99825E-05 9.99825E-05 0.0656082 0.345338 0.0126029
0.192614 0.141618 0.377126 0.0368452 9.99649E-05 9.99649E-05 9.99649E-05 0.251397 9.99649E-05
0.011728 0.0905319 0.501618 0.133098 9.99649E-05 9.99649E-05 9.99649E-05 0.262624 9.99649E-05
9.99561E-05 0.137147 0.487885 9.99561E-05 0.0181725 9.99561E-05 9.99561E-05 0.356295 9.99561E-05
0.028589 0.0825809 0.400207 0.218429 0.0753052 9.99737E-05 9.99737E-05 0.194589 9.99737E-05
0.0990538 0.150663 0.495444 9.99561E-05 9.99561E-05 9.99561E-05 9.99561E-05 0.25434 9.99561E-05
0.0955611 9.99561E-05 0.350457 0.129948 9.99561E-05 9.99561E-05 9.99561E-05 0.423534 9.99561E-05
0.0255909 0.154026 0.369378 0.0650536 9.99824E-05 0.098956 0.00929131 0.277505 9.99824E-05
0.00680906 9.99825E-05 0.158015 0.148054 0.123699 0.0617564 9.99825E-05 0.456112 0.045355
0.0303651 9.99384E-05 0.968935 9.99384E-05 9.99384E-05 9.99384E-05 9.99384E-05 9.99384E-05 9.99384E-05
0.0556324 9.99472E-05 0.923211 9.99472E-05 0.0205567 9.99472E-05 9.99472E-05 9.99472E-05 9.99472E-05
0.133008 9.99472E-05 0.818082 9.99472E-05 9.99472E-05 9.99472E-05 9.99472E-05 0.0483096 9.99472E-05
0.0498394 0.0123198 0.777789 9.9956E-05 9.9956E-05 9.9956E-05 9.9956E-05 0.159552 9.9956E-05
9.993E-05 9.993E-05 0.999201 9.993E-05 9.993E-05 9.993E-05 9.993E-05 9.993E-05 9.993E-05
0.0591842 9.99385E-05 0.940116 9.99385E-05 9.99385E-05 9.99385E-05 9.99385E-05 9.99385E-05 9.99385E-05
0.0505862 9.99384E-05 0.948714 9.99384E-05 9.99384E-05 9.99384E-05 9.99384E-05 9.99384E-05 9.99384E-05
9.99473E-05 9.99473E-05 0.932305 9.99473E-05 0.0155854 9.99473E-05 9.99473E-05 0.0515104 9.99473E-05
0.113451 9.99561E-05 0.719935 9.99561E-05 9.99561E-05 9.99561E-05 9.99561E-05 0.134885 0.0312293
0.178158 9.9956E-05 0.750189 0.0127153 9.9956E-05 9.9956E-05 9.9956E-05 0.0584377 9.9956E-05
9.99472E-05 9.99472E-05 0.946546 9.99472E-05 0.0108894 9.99472E-05 9.99472E-05 9.99472E-05 0.0419649
9.993E-05 9.993E-05 0.999201 9.993E-05 9.993E-05 9.993E-05 9.993E-05 9.993E-05 9.993E-05
0.14676 9.9956E-05 0.72924 0.0310209 9.9956E-05 9.9956E-05 9.9956E-05 0.092479 9.9956E-05
0.00563208 9.99385E-05 0.993668 9.99385E-05 9.99385E-05 9.99385E-05 9.99385E-05 9.99385E-05 9.99385E-05
9.993E-05 9.993E-05 0.999201 9.993E-05 9.993E-05 9.993E-05 9.993E-05 9.993E-05 9.993E-05
0.047375 9.99385E-05 0.951925 9.99385E-05 9.99385E-05 9.99385E-05 9.99385E-05 9.99385E-05 9.99385E-05
0.0648411 9.99472E-05 0.832605 9.99472E-05 9.99472E-05 9.99472E-05 9.99472E-05 9.99472E-05 0.101954
0.0102961 9.99385E-05 0.989004 9.99385E-05 9.99385E-05 9.99385E-05 9.99385E-05 9.99385E-05 9.99385E-05
0.0515045 9.99472E-05 0.871253 9.99472E-05 9.99472E-05 9.99472E-05 9.99472E-05 0.0766425 9.99472E-05
0.011726 9.99473E-05 0.967161 0.0205135 9.99473E-05 9.99473E-05 9.99473E-05 9.99473E-05 9.99473E-05
0.27466 9.99472E-05 0.665455 9.99472E-05 9.99472E-05 9.99472E-05 9.99472E-05 0.0592854 9.99472E-05
9.99385E-05 9.99385E-05 0.998585 9.99385E-05 9.99385E-05 9.99385E-05 9.99385E-05 0.000714935 9.99385E-05
0.177876 9.99472E-05 0.667578 9.99472E-05 9.99472E-05 9.99472E-05 9.99472E-05 0.153946 9.99472E-05
9.99474E-05 9.99474E-05 9.99474E-05 9.99474E-05 0.0880887 9.99474E-05 0.863164 0.0481475 9.99474E-05
9.993E-05 9.993E-05 0.999201 9.993E-05 9.993E-05 9.993E-05 9.993E-05 9.993E-05 9.993E-05
9.993E-05 9.993E-05 0.999201 9.993E-05 9.993E-05 9.993E-05 9.993E-05 9.993E-05 9.993E-05
0.0541951 0.0584671 0.686887 0.0431508 0.0459774 9.99736E-05 9.99736E-05 0.111023 9.99736E-05
9.99385E-05 9.99385E-05 0.962075 9.99385E-05 9.99385E-05 9.99385E-05 9.99385E-05 0.0372254 9.99385E-05
0.256217 9.99472E-05 0.69418 9.99472E-05 9.99472E-05 9.99472E-05 9.99472E-05 0.0490031 9.99472E-05
9.993E-05 9.993E-05 0.999201 9.993E-05 9.993E-05 9.993E-05 9.993E-05 9.993E-05 9.993E-05
9.993E-05 9.993E-05 0.999201 9.993E-05 9.993E-05 9.993E-05 9.993E-05 9.993E-05 9.993E-05
9.99384E-05 9.99384E-05 0.849759 9.99384E-05 9.99384E-05 9.99384E-05 9.99384E-05 0.149541 9.99384E-05
9.993E-05 9.993E-05 0.999201 9.993E-05 9.993E-05 9.993E-05 9.993E-05 9.993E-05 9.993E-05
0.0151881 9.99472E-05 0.964149 9.99472E-05 9.99472E-05 9.99472E-05 9.99472E-05 0.0200635 9.99472E-05
0.066268 9.99472E-05 0.927372 9.99472E-05 9.99472E-05 9.99472E-05 9.99472E-05 9.99472E-05 0.00576081
9.99384E-05 9.99384E-05 0.918126 9.99384E-05 9.99384E-05 9.99384E-05 9.99384E-05 0.0811741 9.99384E-05
0.127017 9.99472E-05 0.832368 9.99472E-05 9.99472E-05 9.99472E-05 9.99472E-05 0.0400153 9.99472E-05
9.993E-05 9.993E-05 0.999201 9.993E-05 9.993E-05 9.993E-05 9.993E-05 9.993E-05 9.993E-05
0.0561259 0.0137186 0.875189 9.9956E-05 9.9956E-05 9.9956E-05 9.9956E-05 0.0544669 9.9956E-05
9.993E-05 9.993E-05 0.999201 9.993E-05 9.993E-05 9.993E-05 9.993E-05 9.993E-05 9.993E-05
9.993E-05 9.993E-05 0.999201 9.993E-05 9.993E-05 9.993E-05 9.993E-05 9.993E-05 9.993E-05
