0.0954178 0.114517 9.9882E-05 9.9882E-05 9.9882E-05 9.9882E-05 9.9882E-05 9.9882E-05 9.9882E-05 9.9882E-05 0.0146092 9.9882E-05 9.9882E-05 9.9882E-05 0.219842 9.9882E-05 0.138571 9.9882E-05 0.0263852 0.202228 0.187031 9.9882E-05
0.104094 9.98684E-05 9.98684E-05 9.98684E-05 9.98684E-05 9.98684E-05 9.98684E-05 9.98684E-05 9.98684E-05 9.98684E-05 0.0124909 9.98684E-05 9.98684E-05 0.0171656 0.217179 9.98684E-05 9.98684E-05 9.98684E-05 0.00738737 0.130592 0.509593 9.98684E-05
9.98333E-05 9.98333E-05 9.98333E-05 9.98333E-05 9.98333E-05 9.98333E-05 0.0555007 9.98333E-05 9.98333E-05 0.00957818 9.98333E-05 9.98333E-05 9.98333E-05 9.98333E-05 0.933024 9.98333E-05 9.98333E-05 9.98333E-05 9.98333E-05 9.98333E-05 9.98333E-05 9.98333E-05
9.98859E-05 9.98859E-05 9.98859E-05 0.0161932 9.98859E-05 9.98859E-05 9.98859E-05 0.0134514 0.0879031 9.98859E-05 0.0444265 9.98859E-05 9.98859E-05 0.0261902 9.98859E-05 0.302921 0.110703 9.98859E-05 0.0369294 9.98859E-05 0.359984 9.98859E-05
0.0474307 9.98509E-05 9.98509E-05 9.98509E-05 9.98509E-05 9.98509E-05 0.0546014 9.98509E-05 0.0339084 9.98509E-05 9.98509E-05 9.98509E-05 9.98509E-05 9.98509E-05 0.187201 9.98509E-05 9.98509E-05 9.98509E-05 9.98509E-05 9.98509E-05 0.675161 9.98509E-05
0.0246405 9.98684E-05 9.98684E-05 9.98684E-05 9.98684E-05 9.98684E-05 0.0905776 0.131573 0.209982 9.98684E-05 9.98684E-05 9.98684E-05 9.98684E-05 9.98684E-05 0.232191 0.0700493 9.98684E-05 9.98684E-05 9.98684E-05 0.239489 9.98684E-05 9.98684E-05
0.0960087 0.0329515 9.98771E-05 9.98771E-05 9.98771E-05 9.98771E-05 9.98771E-05 9.98771E-05 9.98771E-05 0.069482 0.0965776 9.98771E-05 9.98771E-05 9.98771E-05 9.98771E-05 0.128531 0.0907949 9.98771E-05 9.98771E-05 0.0829313 0.401325 9.98771E-05
9.98859E-05 9.98859E-05 9.98859E-05 0.00656077 9.98859E-05 9.98859E-05 0.129349 0.132845 0.0365341 9.98859E-05 9.98859E-05 0.0766285 0.0909899 9.98859E-05 9.98859E-05 0.0261281 0.151295 9.98859E-05 9.98859E-05 9.98859E-05 0.34837 9.98859E-05
9.98684E-05 0.109212 9.98684E-05 0.207232 9.98684E-05 9.98684E-05 9.98684E-05 0.182821 0.000896747 9.98684E-05 9.98684E-05 9.98684E-05 9.98684E-05 9.98684E-05 0.189236 9.98684E-05 9.98684E-05 9.98684E-05 0.215499 9.98684E-05 0.0936057 9.98684E-05
9.98332E-05 9.98332E-05 9.98332E-05 9.98332E-05 9.98332E-05 9.98332E-05 9.98332E-05 9.98332E-05 9.98332E-05 9.98332E-05 9.98332E-05 9.98332E-05 9.98332E-05 9.98332E-05 0.651433 9.98332E-05 9.98332E-05 9.98332E-05 0.0459481 9.98332E-05 0.300722 9.98332E-05
9.98772E-05 0.016407 9.98772E-05 9.98772E-05 0.00831242 9.98772E-05 9.98772E-05 9.98772E-05 9.98772E-05 9.98772E-05 0.14753 9.98772E-05 9.98772E-05 9.98772E-05 0.242545 9.98772E-05 0.0531705 9.98772E-05 0.147855 0.0825242 0.300258 9.98772E-05
9.98596E-05 9.98596E-05 9.98596E-05 9.98596E-05 9.98596E-05 9.98596E-05 9.98596E-05 9.98596E-05 0.0247647 9.98596E-05 0.010329 9.98596E-05 0.0164574 9.98596E-05 0.91522 0.0226665 9.98596E-05 9.98596E-05 9.98596E-05 0.008965 9.98596E-05 9.98596E-05
9.98508E-05 9.98508E-05 9.98508E-05 9.98508E-05 9.98508E-05 9.98508E-05 9.98508E-05 0.0165153 9.98508E-05 9.98508E-05 9.98508E-05 9.98508E-05 9.98508E-05 9.98508E-05 0.0145729 9.98508E-05 0.0458845 9.98508E-05 0.0816021 9.98508E-05 0.839728 9.98508E-05
9.9842E-05 9.9842E-05 0.0746786 9.9842E-05 9.9842E-05 0.0519024 9.9842E-05 9.9842E-05 9.9842E-05 9.9842E-05 9.9842E-05 9.9842E-05 9.9842E-05 9.9842E-05 9.9842E-05 9.9842E-05 9.9842E-05 9.9842E-05 0.06983 9.9842E-05 0.801792 9.9842E-05
9.98858E-05 0.0103521 9.98858E-05 9.98858E-05 9.98858E-05 0.0964787 9.98858E-05 0.113597 0.0887214 9.98858E-05 9.98858E-05 9.98858E-05 9.98858E-05 9.98858E-05 0.333862 9.98858E-05 0.040733 9.98858E-05 0.0460573 0.261897 9.98858E-05 0.00700283
9.98858E-05 9.98858E-05 9.98858E-05 0.0916263 9.98858E-05 9.98858E-05 9.98858E-05 0.133986 9.98858E-05 9.98858E-05 9.98858E-05 0.026268 0.140523 9.98858E-05 9.98858E-05 0.0315596 0.0892633 9.98858E-05 0.126152 0.12405 0.235273 9.98858E-05
0.0337187 9.98772E-05 9.98772E-05 0.0414825 9.98772E-05 9.98772E-05 9.98772E-05 9.98772E-05 9.98772E-05 9.98772E-05 0.0909304 0.00976747 9.98772E-05 9.98772E-05 0.560646 9.98772E-05 9.98772E-05 0.180913 0.0576101 9.98772E-05 9.98772E-05 0.023534
9.98771E-05 0.017924 9.98771E-05 9.98771E-05 0.176011 9.98771E-05 9.98771E-05 9.98771E-05 0.0521868 9.98771E-05 9.98771E-05 9.98771E-05 9.98771E-05 0.122166 9.98771E-05 9.98771E-05 0.12041 9.98771E-05 0.0463479 0.25166 0.211896 9.98771E-05
9.98859E-05 9.98859E-05 9.98859E-05 9.98859E-05 9.98859E-05 9.98859E-05 9.98859E-05 0.112005 9.98859E-05 9.98859E-05 0.0216482 0.0534793 9.98859E-05 9.98859E-05 0.34845 0.00399892 0.197613 9.98859E-05 0.181426 0.00456409 9.98859E-05 0.0755168
9.98158E-05 9.98158E-05 9.98158E-05 9.98158E-05 9.98158E-05 9.98158E-05 9.98158E-05 9.98158E-05 9.98158E-05 9.98158E-05 9.98158E-05 9.98158E-05 9.98158E-05 9.98158E-05 0.997904 9.98158E-05 9.98158E-05 9.98158E-05 9.98158E-05 9.98158E-05 9.98158E-05 9.98158E-05
9.98771E-05 9.98771E-05 9.98771E-05 0.241862 9.98771E-05 9.98771E-05 9.98771E-05 0.0879518 9.98771E-05 9.98771E-05 0.0466487 9.98771E-05 0.0660759 9.98771E-05 0.0171076 9.98771E-05 9.98771E-05 9.98771E-05 0.0292978 9.98771E-05 0.507516 0.0021418
9.98598E-05 9.98598E-05 9.98598E-05 9.98598E-05 9.98598E-05 9.98598E-05 0.156698 0.130268 0.0904061 9.98598E-05 9.98598E-05 9.98598E-05 9.98598E-05 9.98598E-05 0.241127 9.98598E-05 0.352411 9.98598E-05 9.98598E-05 9.98598E-05 9.98598E-05 0.0274924
9.98597E-05 9.98597E-05 9.98597E-05 9.98597E-05 9.98597E-05 9.98597E-05 9.98597E-05 9.98597E-05 0.0268255 9.98597E-05 0.0427527 9.98597E-05 9.98597E-05 9.98597E-05 0.569963 9.98597E-05 9.98597E-05 9.98597E-05 0.07906 0.260108 0.0196931 9.98597E-05
9.98508E-05 9.98508E-05 9.98508E-05 9.98508E-05 9.98508E-05 9.98508E-05 9.98508E-05 9.98508E-05 9.98508E-05 9.98508E-05 9.98508E-05 9.98508E-05 0.01875 9.98508E-05 0.150755 9.98508E-05 0.322852 9.98508E-05 0.253638 9.98508E-05 0.252308 9.98508E-05
9.99034E-05 0.0512446 9.99034E-05 9.99034E-05 9.99034E-05 0.102916 9.99034E-05 0.0165822 0.0666142 9.99034E-05 0.0667711 9.99034E-05 9.99034E-05 0.0176911 0.0406428 9.99034E-05 0.077865 9.99034E-05 0.244884 9.99034E-05 0.27464 0.0390501
9.98683E-05 9.98683E-05 9.98683E-05 9.98683E-05 9.98683E-05 9.98683E-05 9.98683E-05 0.0279989 0.0395968 9.98683E-05 0.000344056 9.98683E-05 0.00751497 9.98683E-05 0.680298 9.98683E-05 0.0923867 9.98683E-05 0.150363 9.98683E-05 9.98683E-05 9.98683E-05
9.98683E-05 0.000807504 9.98683E-05 9.98683E-05 0.158514 9.98683E-05 9.98683E-05 9.98683E-05 0.307928 9.98683E-05 9.98683E-05 9.98683E-05 0.0476532 9.98683E-05 0.0454718 9.98683E-05 0.354164 9.98683E-05 0.0839628 9.98683E-05 9.98683E-05 9.98683E-05
9.98509E-05 9.98509E-05 9.98509E-05 9.98509E-05 9.98509E-05 9.98509E-05 9.98509E-05 9.98509E-05 9.98509E-05 9.98509E-05 9.98509E-05 9.98509E-05 9.98509E-05 9.98509E-05 0.164023 0.0308645 0.079834 9.98509E-05 0.0260328 9.98509E-05 0.697548 9.98509E-05
9.98597E-05 9.98597E-05 9.98597E-05 9.98597E-05 9.98597E-05 9.98597E-05 9.98597E-05 9.98597E-05 0.0136978 9.98597E-05 9.98597E-05 9.98597E-05 9.98597E-05 0.0176629 0.579632 9.98597E-05 0.0970028 9.98597E-05 0.209129 0.0812778 9.98597E-05 9.98597E-05
9.98684E-05 9.98684E-05 9.98684E-05 9.98684E-05 9.98684E-05 9.98684E-05 9.98684E-05 0.0743432 0.0107902 0.0123671 9.98684E-05 0.0114841 9.98684E-05 9.98684E-05 0.757101 9.98684E-05 9.98684E-05 0.067101 0.0653158 9.98684E-05 9.98684E-05 9.98684E-05
9.98683E-05 9.98683E-05 9.98683E-05 9.98683E-05 9.98683E-05 9.98683E-05 9.98683E-05 0.00667323 9.98683E-05 9.98683E-05 0.090938 9.98683E-05 9.98683E-05 9.98683E-05 0.737963 9.98683E-05 0.0151805 9.98683E-05 0.00377411 0.0794602 9.98683E-05 0.0645132
9.9851E-05 9.9851E-05 9.9851E-05 9.9851E-05 9.9851E-05 9.9851E-05 9.9851E-05 9.9851E-05 0.155429 9.9851E-05 0.0721767 9.9851E-05 9.9851E-05 9.9851E-05 9.9851E-05 0.118996 9.9851E-05 9.9851E-05 0.0296798 9.9851E-05 0.622021 9.9851E-05
9.98594E-05 9.98594E-05 9.98594E-05 9.98594E-05 9.98594E-05 9.98594E-05 9.98594E-05 9.98594E-05 9.98594E-05 9.98594E-05 0.0404022 9.98594E-05 0.00697695 9.98594E-05 9.98594E-05 9.98594E-05 0.0950324 9.98594E-05 0.139335 0.0938955 0.622761 9.98594E-05
9.98947E-05 0.00491848 9.98947E-05 9.98947E-05 0.0294141 9.98947E-05 0.00766129 9.98947E-05 0.106974 0.0185612 9.98947E-05 9.98947E-05 9.98947E-05 9.98947E-05 0.287024 9.98947E-05 0.157311 0.022803 0.120271 9.98947E-05 0.243863 9.98947E-05
0.0803584 9.98511E-05 9.98511E-05 9.98511E-05 9.98511E-05 9.98511E-05 9.98511E-05 0.0516455 9.98511E-05 9.98511E-05 0.0387611 9.98511E-05 9.98511E-05 9.98511E-05 0.822393 9.98511E-05 0.00514431 9.98511E-05 9.98511E-05 9.98511E-05 9.98511E-05 9.98511E-05
0.0541038 0.00752704 9.98772E-05 0.0301856 9.98772E-05 9.98772E-05 9.98772E-05 0.0782724 9.98772E-05 9.98772E-05 9.98772E-05 9.98772E-05 9.98772E-05 0.0180446 0.690974 0.0548528 0.0646414 9.98772E-05 9.98772E-05 9.98772E-05 9.98772E-05 9.98772E-05
0.0120599 9.98423E-05 9.98423E-05 9.98423E-05 9.98423E-05 9.98423E-05 9.98423E-05 9.98423E-05 9.98423E-05 0.0381699 9.98423E-05 9.98423E-05 9.98423E-05 9.98423E-05 0.896526 0.0514473 9.98423E-05 9.98423E-05 9.98423E-05 9.98423E-05 9.98423E-05 9.98423E-05
0.0222754 9.98597E-05 9.98597E-05 9.98597E-05 9.98597E-05 9.98597E-05 9.98597E-05 0.141692 9.98597E-05 9.98597E-05 9.98597E-05 9.98597E-05 9.98597E-05 0.0364485 0.485871 9.98597E-05 9.98597E-05 9.98597E-05 0.0549651 9.98597E-05 0.25715 9.98597E-05
0.00838912 9.98948E-05 9.98948E-05 9.98948E-05 9.98948E-05 9.98948E-05 0.0132117 0.00496288 9.98948E-05 9.98948E-05 0.011262 9.98948E-05 0.0787747 0.0238667 0.545154 9.98948E-05 0.0304066 0.110203 0.17257 9.98948E-05 9.98948E-05 9.98948E-05
9.98596E-05 9.98596E-05 9.98596E-05 9.98596E-05 9.98596E-05 9.98596E-05 9.98596E-05 9.98596E-05 0.0888349 9.98596E-05 9.98596E-05 9.98596E-05 0.0875052 9.98596E-05 0.250113 9.98596E-05 9.98596E-05 0.0123963 0.176739 9.98596E-05 0.382814 9.98596E-05
9.98421E-05 9.98421E-05 9.98421E-05 9.98421E-05 9.98421E-05 9.98421E-05 9.98421E-05 9.98421E-05 9.98421E-05 9.98421E-05 9.98421E-05 9.98421E-05 9.98421E-05 9.98421E-05 0.909898 0.0135961 0.066713 9.98421E-05 0.00799561 9.98421E-05 9.98421E-05 9.98421E-05
0.0513544 0.0398597 9.98599E-05 9.98599E-05 9.98599E-05 9.98599E-05 9.98599E-05 9.98599E-05 9.98599E-05 9.98599E-05 9.98599E-05 9.98599E-05 9.98599E-05 9.98599E-05 0.607834 9.98599E-05 0.216533 9.98599E-05 0.0605473 9.98599E-05 0.022274 9.98599E-05
9.98421E-05 9.98421E-05 9.98421E-05 9.98421E-05 9.98421E-05 0.0599357 9.98421E-05 9.98421E-05 9.98421E-05 9.98421E-05 9.98421E-05 9.98421E-05 9.98421E-05 9.98421E-05 9.98421E-05 9.98421E-05 0.0134279 0.106045 9.98421E-05 9.98421E-05 0.818794 9.98421E-05
9.98685E-05 0.120153 9.98685E-05 9.98685E-05 9.98685E-05 9.98685E-05 9.98685E-05 0.0611082 9.98685E-05 9.98685E-05 0.0809784 9.98685E-05 9.98685E-05 9.98685E-05 0.370012 9.98685E-05 0.118147 9.98685E-05 0.167773 0.0803304 9.98685E-05 9.98685E-05
9.98597E-05 9.98597E-05 9.98597E-05 9.98597E-05 9.98597E-05 9.98597E-05 0.115821 9.98597E-05 9.98597E-05 9.98597E-05 9.98597E-05 9.98597E-05 9.98597E-05 9.98597E-05 0.144488 0.0280687 0.362171 9.98597E-05 0.183699 9.98597E-05 0.164155 9.98597E-05
9.98595E-05 9.98595E-05 9.98595E-05 9.98595E-05 9.98595E-05 9.98595E-05 9.98595E-05 9.98595E-05 9.98595E-05 9.98595E-05 9.98595E-05 9.98595E-05 9.98595E-05 0.0193593 0.883102 0.027282 0.0101757 9.98595E-05 0.00909798 9.98595E-05 0.0493854 9.98595E-05
9.98333E-05 9.98333E-05 9.98333E-05 9.98333E-05 0.0342771 9.98333E-05 9.98333E-05 9.98333E-05 9.98333E-05 9.98333E-05 9.98333E-05 9.98333E-05 9.98333E-05 9.98333E-05 9.98333E-05 9.98333E-05 9.98333E-05 9.98333E-05 0.0756763 9.98333E-05 0.88815 9.98333E-05
9.98335E-05 9.98335E-05 9.98335E-05 9.98335E-05 9.98335E-05 9.98335E-05 9.98335E-05 9.98335E-05 9.98335E-05 0.109506 9.98335E-05 9.98335E-05 0.00975476 9.98335E-05 0.878842 9.98335E-05 9.98335E-05 9.98335E-05 9.98335E-05 9.98335E-05 9.98335E-05 9.98335E-05
9.98595E-05 9.98595E-05 9.98595E-05 9.98595E-05 9.98595E-05 9.98595E-05 9.98595E-05 9.98595E-05 9.98595E-05 9.98595E-05 9.98595E-05 9.98595E-05 9.98595E-05 9.98595E-05 0.347801 0.025939 0.154784 9.98595E-05 0.121027 0.0207653 0.328086 9.98595E-05
0.00160135 9.9851E-05 9.9851E-05 9.9851E-05 0.00059179 9.9851E-05 9.9851E-05 0.0166361 9.9851E-05 0.123517 9.9851E-05 9.9851E-05 9.9851E-05 9.9851E-05 9.9851E-05 9.9851E-05 9.9851E-05 9.9851E-05 9.9851E-05 9.9851E-05 0.855956 9.9851E-05
9.98859E-05 0.0242657 9.98859E-05 9.98859E-05 9.98859E-05 9.98859E-05 9.98859E-05 0.0366798 0.164274 9.98859E-05 0.101346 9.98859E-05 9.98859E-05 9.98859E-05 9.98859E-05 0.0249825 0.0654593 9.98859E-05 0.201904 0.0443934 0.335396 9.98859E-05
9.98421E-05 0.0745278 9.98421E-05 9.98421E-05 9.98421E-05 9.98421E-05 9.98421E-05 9.98421E-05 9.98421E-05 9.98421E-05 9.98421E-05 9.98421E-05 9.98421E-05 9.98421E-05 9.98421E-05 0.0234046 0.179354 9.98421E-05 9.98421E-05 9.98421E-05 0.720916 9.98421E-05
9.98422E-05 0.0511338 9.98422E-05 9.98422E-05 9.98422E-05 0.0161082 9.98422E-05 9.98422E-05 9.98422E-05 9.98422E-05 9.98422E-05 9.98422E-05 9.98422E-05 9.98422E-05 0.864619 9.98422E-05 9.98422E-05 9.98422E-05 0.0663422 9.98422E-05 9.98422E-05 9.98422E-05
9.9851E-05 9.9851E-05 9.9851E-05 9.9851E-05 0.03709 9.9851E-05 0.0240704 9.9851E-05 9.9851E-05 9.9851E-05 9.9851E-05 9.9851E-05 0.0927696 9.9851E-05 9.9851E-05 9.9851E-05 9.9851E-05 9.9851E-05 0.0166424 9.9851E-05 0.82773 9.9851E-05
9.98598E-05 9.98598E-05 9.98598E-05 9.98598E-05 9.98598E-05 0.0527323 0.0038024 9.98598E-05 9.98598E-05 9.98598E-05 9.98598E-05 9.98598E-05 9.98598E-05 9.98598E-05 0.565538 9.98598E-05 9.98598E-05 9.98598E-05 0.0970232 9.98598E-05 0.221733 0.0575732
9.98684E-05 9.98684E-05 9.98684E-05 9.98684E-05 9.98684E-05 9.98684E-05 0.061165 9.98684E-05 0.152448 9.98684E-05 0.016991 9.98684E-05 9.98684E-05 0.0344501 0.474234 9.98684E-05 9.98684E-05 9.98684E-05 9.98684E-05 0.0232041 0.23601 9.98684E-05
0.039589 9.98507E-05 9.98507E-05 0.0273033 0.0850996 9.98507E-05 9.98507E-05 9.98507E-05 9.98507E-05 9.98507E-05 9.98507E-05 9.98507E-05 9.98507E-05 9.98507E-05 0.819802 9.98507E-05 0.0265084 9.98507E-05 9.98507E-05 9.98507E-05 9.98507E-05 9.98507E-05
9.98509E-05 9.98509E-05 9.98509E-05 9.98509E-05 9.98509E-05 9.98509E-05 9.98509E-05 9.98509E-05 9.98509E-05 9.98509E-05 0.0305606 9.98509E-05 9.98509E-05 9.98509E-05 0.674164 0.0987325 9.98509E-05 9.98509E-05 0.0586436 9.98509E-05 0.136202 9.98509E-05
0.00241491 9.98246E-05 9.98246E-05 9.98246E-05 9.98246E-05 9.98246E-05 9.98246E-05 9.98246E-05 9.98246E-05 9.98246E-05 9.98246E-05 9.98246E-05 9.98246E-05 9.98246E-05 9.98246E-05 9.98246E-05 9.98246E-05 9.98246E-05 9.98246E-05 9.98246E-05 0.995589 9.98246E-05
0.0178672 9.98683E-05 9.98683E-05 9.98683E-05 9.98683E-05 9.98683E-05 9.98683E-05 0.00566675 0.103715 9.98683E-05 0.0521758 9.98683E-05 9.98683E-05 9.98683E-05 9.98683E-05 9.98683E-05 9.98683E-05 9.98683E-05 0.134754 0.681231 9.98683E-05 0.00309172
9.98422E-05 0.0353237 9.98422E-05 9.98422E-05 9.98422E-05 0.0207759 9.98422E-05 9.98422E-05 9.98422E-05 9.98422E-05 9.98422E-05 9.98422E-05 0.00722489 9.98422E-05 9.98422E-05 9.98422E-05 9.98422E-05 9.98422E-05 9.98422E-05 0.934878 9.98422E-05 9.98422E-05
9.98333E-05 9.98333E-05 9.98333E-05 9.98333E-05 0.0496795 9.98333E-05 9.98333E-05 9.98333E-05 9.98333E-05 0.00616342 9.98333E-05 9.98333E-05 9.98333E-05 9.98333E-05 9.98333E-05 9.98333E-05 9.98333E-05 9.98333E-05 9.98333E-05 0.94226 9.98333E-05 9.98333E-05
0.257768 9.98684E-05 9.98684E-05 9.98684E-05 0.0249723 9.98684E-05 9.98684E-05 0.112313 0.199496 0.0752884 9.98684E-05 9.98684E-05 9.98684E-05 9.98684E-05 9.98684E-05 9.98684E-05 9.98684E-05 9.98684E-05 0.0190339 0.30963 9.98684E-05 9.98684E-05
9.98769E-05 9.98769E-05 9.98769E-05 9.98769E-05 0.00084536 0.0868841 0.0531741 0.0313194 9.98769E-05 9.98769E-05 0.00254341 9.98769E-05 9.98769E-05 9.98769E-05 9.98769E-05 9.98769E-05 0.0969444 9.98769E-05 0.0673207 0.65957 9.98769E-05 9.98769E-05
9.98506E-05 0.0836138 9.98506E-05 9.98506E-05 9.98506E-05 0.11528 9.98506E-05 0.0477058 9.98506E-05 9.98506E-05 9.98506E-05 9.98506E-05 9.98506E-05 9.98506E-05 9.98506E-05 9.98506E-05 9.98506E-05 9.98506E-05 0.154409 0.597294 9.98506E-05 9.98506E-05
0.247696 9.98594E-05 9.98594E-05 9.98594E-05 9.98594E-05 9.98594E-05 9.98594E-05 9.98594E-05 9.98594E-05 0.0226921 0.0133907 9.98594E-05 9.98594E-05 9.98594E-05 9.98594E-05 0.125652 9.98594E-05 9.98594E-05 0.0869458 0.502025 9.98594E-05 9.98594E-05
0.079925 9.98594E-05 9.98594E-05 9.98594E-05 0.140994 9.98594E-05 9.98594E-05 0.056193 0.0835018 9.98594E-05 9.98594E-05 9.98594E-05 9.98594E-05 9.98594E-05 9.98594E-05 9.98594E-05 9.98594E-05 9.98594E-05 0.0486076 0.589181 9.98594E-05 9.98594E-05
0.0184165 9.98334E-05 0.00692063 9.98334E-05 9.98334E-05 9.98334E-05 9.98334E-05 9.98334E-05 9.98334E-05 9.98334E-05 9.98334E-05 9.98334E-05 9.98334E-05 9.98334E-05 9.98334E-05 9.98334E-05 9.98334E-05 9.98334E-05 9.98334E-05 0.972766 9.98334E-05 9.98334E-05
9.9842E-05 9.9842E-05 9.9842E-05 9.9842E-05 9.9842E-05 9.9842E-05 9.9842E-05 9.9842E-05 9.9842E-05 9.9842E-05 9.9842E-05 0.127381 9.9842E-05 9.9842E-05 9.9842E-05 0.0185344 9.9842E-05 9.9842E-05 0.0173098 0.834978 9.9842E-05 9.9842E-05
9.98418E-05 9.98418E-05 9.98418E-05 9.98418E-05 9.98418E-05 9.98418E-05 9.98418E-05 0.0301332 9.98418E-05 9.98418E-05 0.138114 9.98418E-05 9.98418E-05 9.98418E-05 9.98418E-05 9.98418E-05 9.98418E-05 9.98418E-05 0.304932 0.525024 9.98418E-05 9.98418E-05
0.0671155 9.98858E-05 9.98858E-05 9.98858E-05 9.98858E-05 0.0933438 9.98858E-05 9.98858E-05 9.98858E-05 0.0767433 0.0252473 0.0495998 9.98858E-05 9.98858E-05 9.98858E-05 9.98858E-05 0.139755 9.98858E-05 0.0593243 0.460898 9.98858E-05 0.0266745
9.98682E-05 9.98682E-05 9.98682E-05 9.98682E-05 9.98682E-05 9.98682E-05 0.0228727 0.139527 0.0512161 9.98682E-05 0.121079 0.079159 0.133622 9.98682E-05 9.98682E-05 9.98682E-05 9.98682E-05 9.98682E-05 9.98682E-05 0.451027 9.98682E-05 9.98682E-05
9.98683E-05 0.014736 9.98683E-05 9.98683E-05 9.98683E-05 9.98683E-05 0.0920221 0.00671056 0.046843 9.98683E-05 9.98683E-05 9.98683E-05 9.98683E-05 9.98683E-05 9.98683E-05 9.98683E-05 0.191286 9.98683E-05 0.164071 0.482833 9.98683E-05 9.98683E-05
9.98423E-05 9.98423E-05 9.98423E-05 9.98423E-05 9.98423E-05 9.98423E-05 0.00554266 9.98423E-05 9.98423E-05 9.98423E-05 0.0342299 0.0236464 9.98423E-05 9.98423E-05 9.98423E-05 9.98423E-05 9.98423E-05 9.98423E-05 9.98423E-05 0.934784 9.98423E-05 9.98423E-05
9.98335E-05 9.98335E-05 9.98335E-05 9.98335E-05 9.98335E-05 9.98335E-05 9.98335E-05 0.0397834 9.98335E-05 9.98335E-05 9.98335E-05 9.98335E-05 9.98335E-05 9.98335E-05 9.98335E-05 9.98335E-05 9.98335E-05 9.98335E-05 0.0235798 0.93474 9.98335E-05 9.98335E-05
9.98505E-05 9.98505E-05 9.98505E-05 9.98505E-05 0.116824 9.98505E-05 9.98505E-05 9.98505E-05 0.110365 9.98505E-05 9.98505E-05 9.98505E-05 0.014401 9.98505E-05 9.98505E-05 0.0062847 9.98505E-05 9.98505E-05 9.98505E-05 0.750428 9.98505E-05 9.98505E-05
9.98507E-05 9.98507E-05 9.98507E-05 9.98507E-05 9.98507E-05 9.98507E-05 9.98507E-05 0.0419572 9.98507E-05 9.98507E-05 0.136076 9.98507E-05 9.98507E-05 9.98507E-05 9.98507E-05 0.124343 0.102886 9.98507E-05 9.98507E-05 0.59304 9.98507E-05 9.98507E-05
9.9842E-05 9.9842E-05 9.9842E-05 9.9842E-05 0.122011 9.9842E-05 9.9842E-05 9.9842E-05 9.9842E-05 9.9842E-05 0.0352002 9.9842E-05 9.9842E-05 9.9842E-05 9.9842E-05 9.9842E-05 9.9842E-05 9.9842E-05 0.00719426 0.833797 9.9842E-05 9.9842E-05
9.98592E-05 9.98592E-05 9.98592E-05 9.98592E-05 9.98592E-05 9.98592E-05 9.98592E-05 9.98592E-05 9.98592E-05 9.98592E-05 0.0109095 0.0148314 0.10351 0.00930795 9.98592E-05 9.98592E-05 9.98592E-05 9.98592E-05 0.179977 0.679866 9.98592E-05 9.98592E-05
9.98337E-05 9.98337E-05 9.98337E-05 9.98337E-05 9.98337E-05 9.98337E-05 0.0245664 9.98337E-05 9.98337E-05 9.98337E-05 9.98337E-05 9.98337E-05 9.98337E-05 9.98337E-05 9.98337E-05 9.98337E-05 9.98337E-05 0.0731549 9.98337E-05 0.900382 9.98337E-05 9.98337E-05
0.000409762 9.98593E-05 9.98593E-05 9.98593E-05 9.98593E-05 0.00842608 9.98593E-05 9.98593E-05 0.00415224 9.98593E-05 9.98593E-05 9.98593E-05 9.98593E-05 9.98593E-05 9.98593E-05 9.98593E-05 0.275121 9.98593E-05 0.0505615 0.659732 9.98593E-05 9.98593E-05
9.9851E-05 9.9851E-05 0.0398504 9.9851E-05 9.9851E-05 9.9851E-05 9.9851E-05 9.9851E-05 0.154584 9.9851E-05 9.9851E-05 9.9851E-05 9.9851E-05 0.0299403 9.9851E-05 9.9851E-05 9.9851E-05 9.9851E-05 0.0569892 0.716938 9.9851E-05 9.9851E-05
9.98771E-05 0.0400537 9.98771E-05 9.98771E-05 0.0899649 9.98771E-05 9.98771E-05 0.0486742 0.0460247 0.00836215 9.98771E-05 9.98771E-05 9.98771E-05 9.98771E-05 9.98771E-05 0.143225 9.98771E-05 9.98771E-05 0.00252962 0.619767 9.98771E-05 9.98771E-05
9.98331E-05 9.98331E-05 9.98331E-05 9.98331E-05 9.98331E-05 9.98331E-05 9.98331E-05 9.98331E-05 9.98331E-05 9.98331E-05 0.110921 0.131511 9.98331E-05 9.98331E-05 9.98331E-05 9.98331E-05 9.98331E-05 9.98331E-05 9.98331E-05 0.755671 9.98331E-05 9.98331E-05
0.028274 9.98423E-05 9.98423E-05 9.98423E-05 9.98423E-05 9.98423E-05 9.98423E-05 0.00448989 9.98423E-05 9.98423E-05 9.98423E-05 9.98423E-05 9.98423E-05 0.0093815 9.98423E-05 9.98423E-05 9.98423E-05 9.98423E-05 9.98423E-05 0.956057 9.98423E-05 9.98423E-05
9.98159E-05 9.98159E-05 9.98159E-05 9.98159E-05 9.98159E-05 9.98159E-05 9.98159E-05 9.98159E-05 9.98159E-05 9.98159E-05 9.98159E-05 9.98159E-05 9.98159E-05 9.98159E-05 9.98159E-05 9.98159E-05 9.98159E-05 9.98159E-05 9.98159E-05 0.997904 9.98159E-05 9.98159E-05
9.9816E-05 9.9816E-05 9.9816E-05 9.9816E-05 9.9816E-05 9.9816E-05 9.9816E-05 9.9816E-05 9.9816E-05 9.9816E-05 9.9816E-05 9.9816E-05 9.9816E-05 9.9816E-05 9.9816E-05 9.9816E-05 9.9816E-05 9.9816E-05 9.9816E-05 0.997904 9.9816E-05 9.9816E-05
9.98509E-05 9.98509E-05 9.98509E-05 9.98509E-05 0.0933649 9.98509E-05 9.98509E-05 0.0143829 9.98509E-05 9.98509E-05 9.98509E-05 0.0370085 9.98509E-05 9.98509E-05 9.98509E-05 9.98509E-05 9.98509E-05 9.98509E-05 0.00517151 0.848375 9.98509E-05 9.98509E-05
9.98421E-05 9.98421E-05 0.193046 9.98421E-05 9.98421E-05 9.98421E-05 9.98421E-05 0.0941428 9.98421E-05 9.98421E-05 9.98421E-05 9.98421E-05 9.98421E-05 9.98421E-05 9.98421E-05 9.98421E-05 9.98421E-05 9.98421E-05 0.120968 0.590046 9.98421E-05 9.98421E-05
9.98332E-05 9.98332E-05 9.98332E-05 9.98332E-05 9.98332E-05 9.98332E-05 9.98332E-05 0.088626 0.814475 9.98332E-05 9.98332E-05 9.98332E-05 9.98332E-05 9.98332E-05 9.98332E-05 9.98332E-05 9.98332E-05 9.98332E-05 0.0950021 9.98332E-05 9.98332E-05 9.98332E-05
9.98334E-05 9.98334E-05 0.596343 9.98334E-05 9.98334E-05 9.98334E-05 9.98334E-05 9.98334E-05 0.216213 9.98334E-05 9.98334E-05 9.98334E-05 9.98334E-05 9.98334E-05 9.98334E-05 9.98334E-05 9.98334E-05 0.185546 9.98334E-05 9.98334E-05 9.98334E-05 9.98334E-05
9.98333E-05 9.98333E-05 9.98333E-05 9.98333E-05 9.98333E-05 9.98333E-05 9.98333E-05 9.98333E-05 0.815663 9.98333E-05 9.98333E-05 9.98333E-05 9.98333E-05 9.98333E-05 9.98333E-05 9.98333E-05 9.98333E-05 9.98333E-05 0.111331 9.98333E-05 9.98333E-05 0.07111
9.98332E-05 9.98332E-05 9.98332E-05 9.98332E-05 9.98332E-05 9.98332E-05 9.98332E-05 0.0115901 0.802636 9.98332E-05 9.98332E-05 9.98332E-05 9.98332E-05 9.98332E-05 9.98332E-05 9.98332E-05 9.98332E-05 9.98332E-05 0.183877 9.98332E-05 9.98332E-05 9.98332E-05
9.98244E-05 9.98244E-05 9.98244E-05 9.98244E-05 9.98244E-05 9.98244E-05 9.98244E-05 0.0526207 0.945383 9.98244E-05 9.98244E-05 9.98244E-05 9.98244E-05 9.98244E-05 9.98244E-05 9.98244E-05 9.98244E-05 9.98244E-05 9.98244E-05 9.98244E-05 9.98244E-05 9.98244E-05
0.0794338 9.98596E-05 9.98596E-05 9.98596E-05 9.98596E-05 9.98596E-05 9.98596E-05 0.138403 0.625385 9.98596E-05 9.98596E-05 9.98596E-05 9.98596E-05 9.98596E-05 9.98596E-05 0.0424552 9.98596E-05 0.0225641 0.0901617 9.98596E-05 9.98596E-05 9.98596E-05
9.98595E-05 9.98595E-05 0.132919 9.98595E-05 9.98595E-05 9.98595E-05 9.98595E-05 0.0967324 0.485648 9.98595E-05 9.98595E-05 0.0464261 9.98595E-05 9.98595E-05 9.98595E-05 9.98595E-05 0.111056 9.98595E-05 0.125621 9.98595E-05 9.98595E-05 9.98595E-05
9.98245E-05 9.98245E-05 9.98245E-05 9.98245E-05 9.98245E-05 9.98245E-05 9.98245E-05 0.167922 0.830082 9.98245E-05 9.98245E-05 9.98245E-05 9.98245E-05 9.98245E-05 9.98245E-05 9.98245E-05 9.98245E-05 9.98245E-05 9.98245E-05 9.98245E-05 9.98245E-05 9.98245E-05
0.281159 9.98506E-05 9.98506E-05 9.98506E-05 9.98506E-05 9.98506E-05 9.98506E-05 0.228411 0.470301 9.98506E-05 9.98506E-05 0.0153801 9.98506E-05 9.98506E-05 9.98506E-05 9.98506E-05 0.00305164 9.98506E-05 9.98506E-05 9.98506E-05 9.98506E-05 9.98506E-05
9.98508E-05 9.98508E-05 9.98508E-05 9.98508E-05 9.98508E-05 9.98508E-05 9.98508E-05 0.173573 0.448559 9.98508E-05 9.98508E-05 0.000879079 9.98508E-05 9.98508E-05 9.98508E-05 9.98508E-05 0.0902736 9.98508E-05 0.285018 9.98508E-05 9.98508E-05 9.98508E-05
0.246248 9.98509E-05 0.0394609 9.98509E-05 9.98509E-05 9.98509E-05 9.98509E-05 0.07071 0.403544 9.98509E-05 9.98509E-05 9.98509E-05 9.98509E-05 9.98509E-05 9.98509E-05 9.98509E-05 9.98509E-05 0.238339 9.98509E-05 9.98509E-05 9.98509E-05 9.98509E-05
0.133098 9.98596E-05 9.98596E-05 9.98596E-05 9.98596E-05 9.98596E-05 9.98596E-05 9.98596E-05 0.603597 9.98596E-05 0.0255914 9.98596E-05 9.98596E-05 9.98596E-05 0.0216005 9.98596E-05 9.98596E-05 0.142532 0.0719834 9.98596E-05 9.98596E-05 9.98596E-05
9.98421E-05 9.98421E-05 0.323532 9.98421E-05 9.98421E-05 9.98421E-05 9.98421E-05 0.145657 0.517907 9.98421E-05 9.98421E-05 9.98421E-05 9.98421E-05 9.98421E-05 9.98421E-05 0.0111062 9.98421E-05 9.98421E-05 9.98421E-05 9.98421E-05 9.98421E-05 9.98421E-05
9.98422E-05 9.98422E-05 9.98422E-05 9.98422E-05 9.98422E-05 9.98422E-05 9.98422E-05 0.118096 0.569632 9.98422E-05 9.98422E-05 9.98422E-05 9.98422E-05 9.98422E-05 9.98422E-05 9.98422E-05 9.98422E-05 0.105849 0.204626 9.98422E-05 9.98422E-05 9.98422E-05
9.98773E-05 9.98773E-05 0.052833 9.98773E-05 0.0942271 9.98773E-05 9.98773E-05 0.0801458 0.689822 9.98773E-05 9.98773E-05 0.0241024 0.0209877 9.98773E-05 9.98773E-05 9.98773E-05 9.98773E-05 0.0162445 9.98773E-05 9.98773E-05 9.98773E-05 0.0202391
0.140967 9.98596E-05 9.98596E-05 9.98596E-05 9.98596E-05 9.98596E-05 9.98596E-05 0.0301862 0.720979 0.013959 9.98596E-05 0.0062676 9.98596E-05 9.98596E-05 9.98596E-05 9.98596E-05 9.98596E-05 9.98596E-05 0.0860441 9.98596E-05 9.98596E-05 9.98596E-05
0.156627 0.0357478 9.98683E-05 9.98683E-05 9.98683E-05 0.00126812 9.98683E-05 0.101533 0.446375 9.98683E-05 9.98683E-05 9.98683E-05 9.98683E-05 9.98683E-05 9.98683E-05 9.98683E-05 9.98683E-05 0.142907 0.114044 9.98683E-05 9.98683E-05 9.98683E-05
9.98599E-05 9.98599E-05 9.98599E-05 9.98599E-05 9.98599E-05 9.98599E-05 0.0157726 0.126371 0.782705 0.0190874 9.98599E-05 9.98599E-05 9.98599E-05 9.98599E-05 9.98599E-05 9.98599E-05 0.0465944 9.98599E-05 9.98599E-05 9.98599E-05 0.00787214 9.98599E-05
9.98421E-05 9.98421E-05 9.98421E-05 9.98421E-05 9.98421E-05 9.98421E-05 9.98421E-05 0.0419103 0.797822 9.98421E-05 0.0390609 9.98421E-05 9.98421E-05 9.98421E-05 9.98421E-05 9.98421E-05 9.98421E-05 0.11941 9.98421E-05 9.98421E-05 9.98421E-05 9.98421E-05
9.98683E-05 9.98683E-05 9.98683E-05 9.98683E-05 9.98683E-05 0.0266456 9.98683E-05 0.107784 0.376051 9.98683E-05 9.98683E-05 9.98683E-05 9.98683E-05 0.0890913 9.98683E-05 9.98683E-05 9.98683E-05 0.282022 0.062479 0.0544292 9.98683E-05 9.98683E-05
0.131058 9.98597E-05 9.98597E-05 9.98597E-05 0.0393478 9.98597E-05 9.98597E-05 0.0806589 0.598279 9.98597E-05 9.98597E-05 9.98597E-05 9.98597E-05 9.98597E-05 9.98597E-05 0.0787077 9.98597E-05 0.0703501 9.98597E-05 9.98597E-05 9.98597E-05 9.98597E-05
9.9842E-05 9.9842E-05 9.9842E-05 9.9842E-05 9.9842E-05 9.9842E-05 9.9842E-05 9.9842E-05 0.940568 9.9842E-05 9.9842E-05 0.0331634 9.9842E-05 9.9842E-05 9.9842E-05 9.9842E-05 9.9842E-05 0.00897722 0.0154945 9.9842E-05 9.9842E-05 9.9842E-05
0.0618375 9.98595E-05 9.98595E-05 0.0837604 9.98595E-05 9.98595E-05 9.98595E-05 0.244175 0.379688 9.98595E-05 9.98595E-05 9.98595E-05 9.98595E-05 0.0563426 9.98595E-05 9.98595E-05 9.98595E-05 9.98595E-05 0.172599 9.98595E-05 9.98595E-05 9.98595E-05
9.9842E-05 9.9842E-05 0.366931 9.9842E-05 9.9842E-05 9.9842E-05 9.9842E-05 0.104057 0.430046 9.9842E-05 9.9842E-05 9.9842E-05 9.9842E-05 9.9842E-05 9.9842E-05 9.9842E-05 9.9842E-05 9.9842E-05 9.9842E-05 9.9842E-05 9.9842E-05 0.0971696
9.98508E-05 9.98508E-05 9.98508E-05 0.0217056 9.98508E-05 9.98508E-05 9.98508E-05 0.169355 0.489295 9.98508E-05 9.98508E-05 9.98508E-05 9.98508E-05 0.0660572 9.98508E-05 9.98508E-05 9.98508E-05 9.98508E-05 0.25189 9.98508E-05 9.98508E-05 9.98508E-05
0.0539405 9.98946E-05 0.465034 9.98946E-05 9.98946E-05 9.98946E-05 0.0708721 0.16542 0.133738 9.98946E-05 9.98946E-05 0.0245227 0.00693933 9.98946E-05 9.98946E-05 9.98946E-05 0.0555629 9.98946E-05 0.0152993 0.0074727 9.98946E-05 9.98946E-05
9.98596E-05 0.010282 9.98596E-05 9.98596E-05 9.98596E-05 0.121544 9.98596E-05 9.98596E-05 0.0795866 0.000414732 9.98596E-05 9.98596E-05 9.98596E-05 0.00819302 9.98596E-05 9.98596E-05 9.98596E-05 0.778382 9.98596E-05 9.98596E-05 9.98596E-05 9.98596E-05
9.98331E-05 9.98331E-05 9.98331E-05 9.98331E-05 9.98331E-05 9.98331E-05 9.98331E-05 0.091015 0.840856 9.98331E-05 9.98331E-05 9.98331E-05 9.98331E-05 9.98331E-05 9.98331E-05 9.98331E-05 9.98331E-05 9.98331E-05 0.0662324 9.98331E-05 9.98331E-05 9.98331E-05
0.0445191 9.98509E-05 0.0534411 9.98509E-05 9.98509E-05 9.98509E-05 9.98509E-05 0.215734 0.492409 9.98509E-05 9.98509E-05 9.98509E-05 9.98509E-05 9.98509E-05 9.98509E-05 9.98509E-05 9.98509E-05 9.98509E-05 0.192199 9.98509E-05 9.98509E-05 9.98509E-05
9.98597E-05 9.98597E-05 9.98597E-05 9.98597E-05 9.98597E-05 9.98597E-05 0.0289866 9.98597E-05 0.729447 9.98597E-05 0.0225701 9.98597E-05 9.98597E-05 0.00586111 9.98597E-05 9.98597E-05 9.98597E-05 0.0889025 0.122635 9.98597E-05 9.98597E-05 9.98597E-05
9.98596E-05 9.98596E-05 0.2311 0.0222187 9.98596E-05 9.98596E-05 9.98596E-05 0.0317087 0.421809 9.98596E-05 9.98596E-05 9.98596E-05 0.0645696 9.98596E-05 9.98596E-05 9.98596E-05 9.98596E-05 9.98596E-05 0.226996 9.98596E-05 9.98596E-05 9.98596E-05
9.98508E-05 9.98508E-05 0.1579 9.98508E-05 9.98508E-05 9.98508E-05 9.98508E-05 9.98508E-05 0.713632 9.98508E-05 0.0809407 9.98508E-05 9.98508E-05 0.0416241 9.98508E-05 9.98508E-05 9.98508E-05 9.98508E-05 0.00420551 9.98508E-05 9.98508E-05 9.98508E-05
9.98507E-05 9.98507E-05 9.98507E-05 9.98507E-05 9.98507E-05 9.98507E-05 0.164448 0.230321 0.37609 9.98507E-05 9.98507E-05 9.98507E-05 9.98507E-05 0.0445698 9.98507E-05 9.98507E-05 9.98507E-05 9.98507E-05 0.182874 9.98507E-05 9.98507E-05 9.98507E-05
9.98594E-05 9.98594E-05 9.98594E-05 9.98594E-05 9.98594E-05 0.0187879 9.98594E-05 9.98594E-05 0.709771 9.98594E-05 9.98594E-05 9.98594E-05 9.98594E-05 0.0212251 9.98594E-05 9.98594E-05 0.115914 9.98594E-05 0.069885 9.98594E-05 9.98594E-05 0.0628185
9.98332E-05 9.98332E-05 0.158842 9.98332E-05 9.98332E-05 9.98332E-05 9.98332E-05 9.98332E-05 0.818131 9.98332E-05 9.98332E-05 9.98332E-05 9.98332E-05 9.98332E-05 9.98332E-05 9.98332E-05 9.98332E-05 9.98332E-05 0.0211301 9.98332E-05 9.98332E-05 9.98332E-05
9.98771E-05 9.98771E-05 9.98771E-05 9.98771E-05 9.98771E-05 9.98771E-05 9.98771E-05 0.033276 0.648669 9.98771E-05 0.0287185 0.0287777 9.98771E-05 0.0682684 9.98771E-05 0.0319658 9.98771E-05 0.126725 9.98771E-05 9.98771E-05 9.98771E-05 0.0322013
9.98419E-05 9.98419E-05 9.98419E-05 9.98419E-05 9.98419E-05 9.98419E-05 9.98419E-05 0.126465 0.61384 9.98419E-05 9.98419E-05 0.00813725 9.98419E-05 9.98419E-05 9.98419E-05 9.98419E-05 9.98419E-05 9.98419E-05 0.24976 9.98419E-05 9.98419E-05 9.98419E-05
9.9842E-05 9.9842E-05 0.146183 9.9842E-05 9.9842E-05 9.9842E-05 9.9842E-05 0.0796818 0.205705 9.9842E-05 9.9842E-05 9.9842E-05 9.9842E-05 9.9842E-05 9.9842E-05 9.9842E-05 9.9842E-05 0.566633 9.9842E-05 9.9842E-05 9.9842E-05 9.9842E-05
9.98509E-05 9.98509E-05 0.38836 9.98509E-05 9.98509E-05 9.98509E-05 9.98509E-05 9.98509E-05 0.525028 9.98509E-05 9.98509E-05 0.0081199 9.98509E-05 0.0216694 9.98509E-05 9.98509E-05 9.98509E-05 9.98509E-05 0.0551251 9.98509E-05 9.98509E-05 9.98509E-05
9.98421E-05 9.98421E-05 0.567233 9.98421E-05 9.98421E-05 9.98421E-05 0.047953 9.98421E-05 0.368263 9.98421E-05 9.98421E-05 0.0147533 9.98421E-05 9.98421E-05 9.98421E-05 9.98421E-05 9.98421E-05 9.98421E-05 9.98421E-05 9.98421E-05 9.98421E-05 9.98421E-05
9.98509E-05 9.98509E-05 0.392469 9.98509E-05 0.0641538 9.98509E-05 9.98509E-05 0.015356 0.338218 9.98509E-05 9.98509E-05 9.98509E-05 9.98509E-05 9.98509E-05 9.98509E-05 9.98509E-05 9.98509E-05 0.188106 9.98509E-05 9.98509E-05 9.98509E-05 9.98509E-05
0.0699604 9.98508E-05 9.98508E-05 9.98508E-05 9.98508E-05 9.98508E-05 0.038491 0.122791 0.492787 9.98508E-05 9.98508E-05 9.98508E-05 9.98508E-05 9.98508E-05 9.98508E-05 9.98508E-05 9.98508E-05 9.98508E-05 0.274273 9.98508E-05 9.98508E-05 9.98508E-05
9.98509E-05 9.98509E-05 9.98509E-05 9.98509E-05 9.98509E-05 0.135187 9.98509E-05 0.0360297 0.801914 9.98509E-05 9.98509E-05 0.00745054 9.98509E-05 9.98509E-05 9.98509E-05 9.98509E-05 9.98509E-05 9.98509E-05 9.98509E-05 9.98509E-05 9.98509E-05 0.0177217
9.98509E-05 9.98509E-05 9.98509E-05 9.98509E-05 9.98509E-05 9.98509E-05 9.98509E-05 0.0694355 0.100289 9.98509E-05 9.98509E-05 9.98509E-05 9.98509E-05 0.0150206 9.98509E-05 9.98509E-05 9.98509E-05 0.727529 0.0860284 9.98509E-05 9.98509E-05 9.98509E-05
9.98509E-05 9.98509E-05 0.255831 9.98509E-05 9.98509E-05 9.98509E-05 9.98509E-05 9.98509E-05 0.285171 9.98509E-05 9.98509E-05 9.98509E-05 9.98509E-05 9.98509E-05 9.98509E-05 9.98509E-05 9.98509E-05 0.415029 0.0366477 9.98509E-05 9.98509E-05 0.00562418
0.113759 9.98683E-05 9.98683E-05 9.98683E-05 0.0740674 9.98683E-05 9.98683E-05 0.158714 0.425475 9.98683E-05 9.98683E-05 9.98683E-05 9.98683E-05 0.0999742 9.98683E-05 9.98683E-05 0.100086 9.98683E-05 0.0264258 9.98683E-05 9.98683E-05 9.98683E-05
9.98685E-05 9.98685E-05 0.0567965 9.98685E-05 9.98685E-05 9.98685E-05 9.98685E-05 0.0616565 0.556047 0.0321357 9.98685E-05 9.98685E-05 9.98685E-05 0.000549908 9.98685E-05 9.98685E-05 9.98685E-05 9.98685E-05 0.158547 0.132769 9.98685E-05 9.98685E-05
0.0510018 0.101787 0.0113035 9.98861E-05 9.98861E-05 9.98861E-05 9.98861E-05 0.174384 0.448026 9.98861E-05 9.98861E-05 0.05244 9.98861E-05 9.98861E-05 9.98861E-05 9.98861E-05 0.040997 0.0725051 0.0462566 9.98861E-05 9.98861E-05 9.98861E-05
9.98422E-05 9.98422E-05 9.98422E-05 9.98422E-05 9.98422E-05 9.98422E-05 9.98422E-05 0.287261 0.436723 9.98422E-05 9.98422E-05 9.98422E-05 9.98422E-05 9.98422E-05 9.98422E-05 9.98422E-05 0.0336109 9.98422E-05 0.240608 9.98422E-05 9.98422E-05 9.98422E-05
9.98333E-05 9.98333E-05 0.567291 9.98333E-05 9.98333E-05 9.98333E-05 9.98333E-05 9.98333E-05 0.315958 9.98333E-05 9.98333E-05 9.98333E-05 9.98333E-05 9.98333E-05 9.98333E-05 9.98333E-05 9.98333E-05 0.114853 9.98333E-05 9.98333E-05 9.98333E-05 9.98333E-05
9.98419E-05 9.98419E-05 9.98419E-05 9.98419E-05 9.98419E-05 9.98419E-05 9.98419E-05 9.98419E-05 0.741347 0.0259355 9.98419E-05 9.98419E-05 9.98419E-05 9.98419E-05 9.98419E-05 0.114573 9.98419E-05 9.98419E-05 0.116348 9.98419E-05 9.98419E-05 9.98419E-05
9.98509E-05 9.98509E-05 9.98509E-05 9.98509E-05 9.98509E-05 9.98509E-05 0.0127513 0.0876178 0.247987 9.98509E-05 9.98509E-05 9.98509E-05 9.98509E-05 9.98509E-05 9.98509E-05 9.98509E-05 9.98509E-05 0.632399 0.017548 9.98509E-05 9.98509E-05 9.98509E-05
9.98597E-05 9.98597E-05 9.98597E-05 9.98597E-05 9.98597E-05 9.98597E-05 9.98597E-05 0.0677235 0.553218 9.98597E-05 0.0303602 0.0123739 9.98597E-05 9.98597E-05 9.98597E-05 9.98597E-05 9.98597E-05 0.182279 0.152447 9.98597E-05 9.98597E-05 9.98597E-05
9.9842E-05 9.9842E-05 9.9842E-05 9.9842E-05 0.0305338 9.9842E-05 9.9842E-05 0.0448633 0.814782 9.9842E-05 9.9842E-05 9.9842E-05 0.108024 9.9842E-05 9.9842E-05 9.9842E-05 9.9842E-05 9.9842E-05 9.9842E-05 9.9842E-05 9.9842E-05 9.9842E-05
9.9842E-05 9.9842E-05 9.9842E-05 9.9842E-05 0.0253036 9.9842E-05 9.9842E-05 9.9842E-05 0.842656 9.9842E-05 9.9842E-05 0.0426556 9.9842E-05 9.9842E-05 9.9842E-05 0.087588 9.9842E-05 9.9842E-05 9.9842E-05 9.9842E-05 9.9842E-05 9.9842E-05
0.165406 9.9842E-05 9.9842E-05 9.9842E-05 9.9842E-05 9.9842E-05 9.9842E-05 0.175476 0.533467 9.9842E-05 9.9842E-05 9.9842E-05 9.9842E-05 9.9842E-05 9.9842E-05 9.9842E-05 9.9842E-05 9.9842E-05 0.123854 9.9842E-05 9.9842E-05 9.9842E-05
9.98333E-05 9.98333E-05 9.98333E-05 9.98333E-05 9.98333E-05 9.98333E-05 9.98333E-05 0.148251 0.76448 9.98333E-05 9.98333E-05 9.98333E-05 9.98333E-05 9.98333E-05 9.98333E-05 9.98333E-05 9.98333E-05 9.98333E-05 0.0853717 9.98333E-05 9.98333E-05 9.98333E-05
9.98332E-05 9.98332E-05 9.98332E-05 9.98332E-05 9.98332E-05 9.98332E-05 9.98332E-05 9.98332E-05 0.888582 9.98332E-05 0.05346 9.98332E-05 9.98332E-05 9.98332E-05 9.98332E-05 9.98332E-05 9.98332E-05 9.98332E-05 0.0560613 9.98332E-05 9.98332E-05 9.98332E-05
9.98423E-05 9.98423E-05 0.0668875 9.98423E-05 9.98423E-05 9.98423E-05 9.98423E-05 9.98423E-05 0.774593 9.98423E-05 9.98423E-05 9.98423E-05 9.98423E-05 0.105441 9.98423E-05 9.98423E-05 9.98423E-05 9.98423E-05 0.0512808 9.98423E-05 9.98423E-05 9.98423E-05
0.12895 9.98596E-05 0.209758 9.98596E-05 9.98596E-05 9.98596E-05 9.98596E-05 0.118529 0.485483 9.98596E-05 9.98596E-05 9.98596E-05 9.98596E-05 9.98596E-05 9.98596E-05 9.98596E-05 9.98596E-05 0.00640699 0.0492754 9.98596E-05 9.98596E-05 9.98596E-05
9.98155E-05 9.98155E-05 9.98155E-05 9.98155E-05 9.98155E-05 9.98155E-05 9.98155E-05 9.98155E-05 9.98155E-05 9.98155E-05 9.98155E-05 9.98155E-05 9.98155E-05 9.98155E-05 9.98155E-05 9.98155E-05 9.98155E-05 9.98155E-05 0.997904 9.98155E-05 9.98155E-05 9.98155E-05
9.98155E-05 9.98155E-05 9.98155E-05 9.98155E-05 9.98155E-05 9.98155E-05 9.98155E-05 0.997904 9.98155E-05 9.98155E-05 9.98155E-05 9.98155E-05 9.98155E-05 9.98155E-05 9.98155E-05 9.98155E-05 9.98155E-05 9.98155E-05 9.98155E-05 9.98155E-05 9.98155E-05 9.98155E-05
9.98156E-05 9.98156E-05 9.98156E-05 9.98156E-05 9.98156E-05 9.98156E-05 9.98156E-05 9.98156E-05 9.98156E-05 9.98156E-05 9.98156E-05 9.98156E-05 9.98156E-05 9.98156E-05 9.98156E-05 9.98156E-05 9.98156E-05 9.98156E-05 0.997904 9.98156E-05 9.98156E-05 9.98156E-05
9.98154E-05 9.98154E-05 9.98154E-05 9.98154E-05 9.98154E-05 9.98154E-05 9.98154E-05 0.997904 9.98154E-05 9.98154E-05 9.98154E-05 9.98154E-05 9.98154E-05 9.98154E-05 9.98154E-05 9.98154E-05 9.98154E-05 9.98154E-05 9.98154E-05 9.98154E-05 9.98154E-05 9.98154E-05
9.98155E-05 9.98155E-05 9.98155E-05 9.98155E-05 9.98155E-05 9.98155E-05 9.98155E-05 0.997904 9.98155E-05 9.98155E-05 9.98155E-05 9.98155E-05 9.98155E-05 9.98155E-05 9.98155E-05 9.98155E-05 9.98155E-05 9.98155E-05 9.98155E-05 9.98155E-05 9.98155E-05 9.98155E-05
9.98155E-05 9.98155E-05 9.98155E-05 9.98155E-05 9.98155E-05 9.98155E-05 9.98155E-05 0.997904 9.98155E-05 9.98155E-05 9.98155E-05 9.98155E-05 9.98155E-05 9.98155E-05 9.98155E-05 9.98155E-05 9.98155E-05 9.98155E-05 9.98155E-05 9.98155E-05 9.98155E-05 9.98155E-05
9.98155E-05 9.98155E-05 9.98155E-05 9.98155E-05 9.98155E-05 9.98155E-05 9.98155E-05 9.98155E-05 9.98155E-05 9.98155E-05 9.98155E-05 9.98155E-05 9.98155E-05 9.98155E-05 9.98155E-05 9.98155E-05 9.98155E-05 9.98155E-05 0.997904 9.98155E-05 9.98155E-05 9.98155E-05
9.98155E-05 9.98155E-05 9.98155E-05 9.98155E-05 9.98155E-05 9.98155E-05 9.98155E-05 0.997904 9.98155E-05 9.98155E-05 9.98155E-05 9.98155E-05 9.98155E-05 9.98155E-05 9.98155E-05 9.98155E-05 9.98155E-05 9.98155E-05 9.98155E-05 9.98155E-05 9.98155E-05 9.98155E-05
9.98154E-05 9.98154E-05 9.98154E-05 9.98154E-05 9.98154E-05 9.98154E-05 9.98154E-05 0.997904 9.98154E-05 9.98154E-05 9.98154E-05 9.98154E-05 9.98154E-05 9.98154E-05 9.98154E-05 9.98154E-05 9.98154E-05 9.98154E-05 9.98154E-05 9.98154E-05 9.98154E-05 9.98154E-05
9.98154E-05 9.98154E-05 9.98154E-05 9.98154E-05 9.98154E-05 9.98154E-05 9.98154E-05 9.98154E-05 9.98154E-05 9.98154E-05 9.98154E-05 9.98154E-05 9.98154E-05 9.98154E-05 9.98154E-05 9.98154E-05 9.98154E-05 9.98154E-05 0.997904 9.98154E-05 9.98154E-05 9.98154E-05
9.98155E-05 9.98155E-05 9.98155E-05 9.98155E-05 9.98155E-05 9.98155E-05 9.98155E-05 9.98155E-05 9.98155E-05 9.98155E-05 9.98155E-05 9.98155E-05 9.98155E-05 9.98155E-05 9.98155E-05 9.98155E-05 9.98155E-05 9.98155E-05 0.997904 9.98155E-05 9.98155E-05 9.98155E-05
