9.99034E-05 9.99034E-05 9.99034E-05 0.0058745 0.0811825 9.99034E-05 9.99034E-05 9.99034E-05 0.00262147 9.99034E-05 9.99034E-05 9.99034E-05 0.0602366 9.99034E-05 0.279614 0.0202642 9.99034E-05 0.0913907 0.102954 0.342447 0.0123164
9.98684E-05 9.98684E-05 9.98684E-05 9.98684E-05 9.98684E-05 9.98684E-05 9.98684E-05 9.98684E-05 0.00155477 9.98684E-05 9.98684E-05 9.98684E-05 0.0185437 9.98684E-05 9.98684E-05 9.98684E-05 0.0298634 0.169554 0.115851 0.663136 9.98684E-05
0.0269864 9.98509E-05 9.98509E-05 0.0220275 9.98509E-05 9.98509E-05 9.98509E-05 9.98509E-05 9.98509E-05 9.98509E-05 9.98509E-05 9.98509E-05 9.98509E-05 0.0817806 9.98509E-05 9.98509E-05 9.98509E-05 9.98509E-05 9.98509E-05 0.867508 9.98509E-05
0.0874293 9.98947E-05 9.98947E-05 0.012793 0.0501875 0.0187814 9.98947E-05 9.98947E-05 9.98947E-05 9.98947E-05 9.98947E-05 0.0462876 0.074386 9.98947E-05 0.257838 9.98947E-05 9.98947E-05 9.98947E-05 9.98947E-05 0.228993 0.222106
9.98771E-05 9.98771E-05 9.98771E-05 9.98771E-05 9.98771E-05 0.090048 9.98771E-05 9.98771E-05 9.98771E-05 9.98771E-05 0.00150867 0.053734 9.98771E-05 0.0323782 9.98771E-05 9.98771E-05 0.023648 9.98771E-05 0.00274336 0.794542 9.98771E-05
0.159836 9.98684E-05 9.98684E-05 9.98684E-05 9.98684E-05 9.98684E-05 9.98684E-05 9.98684E-05 9.98684E-05 9.98684E-05 0.133547 9.98684E-05 9.98684E-05 0.0908469 9.98684E-05 9.98684E-05 0.146163 0.291431 9.98684E-05 0.176678 9.98684E-05
9.9886E-05 9.9886E-05 9.9886E-05 0.116972 9.9886E-05 9.9886E-05 0.0796513 0.0848819 9.9886E-05 9.9886E-05 9.9886E-05 9.9886E-05 0.16039 9.9886E-05 0.130595 9.9886E-05 9.9886E-05 0.220398 0.0416467 0.164167 9.9886E-05
9.99211E-05 0.0174027 9.99211E-05 9.99211E-05 9.99211E-05 0.0159113 9.99211E-05 0.00558599 9.99211E-05 0.0346087 0.152264 0.00402432 9.99211E-05 0.0975704 0.189173 0.19578 0.0355316 0.13359 9.99211E-05 0.117659 9.99211E-05
9.98772E-05 9.98772E-05 9.98772E-05 0.223981 0.255105 9.98772E-05 9.98772E-05 9.98772E-05 9.98772E-05 9.98772E-05 0.194552 0.0404349 9.98772E-05 0.0479601 9.98772E-05 9.98772E-05 9.98772E-05 9.98772E-05 0.0187113 0.217859 9.98772E-05
9.98333E-05 9.98333E-05 9.98333E-05 9.98333E-05 0.0850469 9.98333E-05 9.98333E-05 9.98333E-05 9.98333E-05 9.98333E-05 9.98333E-05 9.98333E-05 9.98333E-05 9.98333E-05 9.98333E-05 9.98333E-05 9.98333E-05 9.98333E-05 9.98333E-05 0.913056 9.98333E-05
9.98597E-05 9.98597E-05 9.98597E-05 9.98597E-05 0.157096 9.98597E-05 9.98597E-05 9.98597E-05 9.98597E-05 9.98597E-05 9.98597E-05 9.98597E-05 0.0955758 9.98597E-05 0.207632 9.98597E-05 9.98597E-05 0.0490608 9.98597E-05 0.489038 9.98597E-05
9.98684E-05 0.03721 9.98684E-05 9.98684E-05 9.98684E-05 9.98684E-05 9.98684E-05 9.98684E-05 0.0078253 9.98684E-05 9.98684E-05 9.98684E-05 0.0188618 9.98684E-05 9.98684E-05 9.98684E-05 0.00645445 0.0505395 9.98684E-05 0.877611 9.98684E-05
0.0260204 9.98771E-05 9.98771E-05 9.98771E-05 0.0926573 9.98771E-05 0.00914518 9.98771E-05 9.98771E-05 9.98771E-05 0.00212802 9.98771E-05 0.0154481 9.98771E-05 0.132705 9.98771E-05 9.98771E-05 9.98771E-05 9.98771E-05 0.720498 9.98771E-05
0.113992 0.0105085 0.0648368 9.9886E-05 0.0755563 9.9886E-05 9.9886E-05 9.9886E-05 9.9886E-05 9.9886E-05 9.9886E-05 9.9886E-05 0.0234188 0.0693253 0.0845214 9.9886E-05 9.9886E-05 9.9886E-05 9.9886E-05 0.556542 9.9886E-05
0.0957785 9.98773E-05 9.98773E-05 0.0308495 0.121024 9.98773E-05 9.98773E-05 9.98773E-05 9.98773E-05 9.98773E-05 0.181336 9.98773E-05 9.98773E-05 9.98773E-05 0.0119792 9.98773E-05 9.98773E-05 0.28592 9.98773E-05 0.271715 9.98773E-05
0.0306467 0.136958 9.99034E-05 9.99034E-05 0.116325 9.99034E-05 9.99034E-05 9.99034E-05 9.99034E-05 9.99034E-05 0.119146 0.00279518 9.99034E-05 9.99034E-05 0.136541 0.0990278 9.99034E-05 0.174066 9.99034E-05 0.14379 0.0396054
9.98947E-05 0.0367487 0.176615 9.98947E-05 0.0904878 9.98947E-05 9.98947E-05 9.98947E-05 9.98947E-05 9.98947E-05 9.98947E-05 9.98947E-05 0.0506173 9.98947E-05 0.142065 0.0245464 9.98947E-05 9.98947E-05 0.0111688 0.442613 0.0239381
0.0405356 9.98772E-05 9.98772E-05 9.98772E-05 0.108032 9.98772E-05 9.98772E-05 9.98772E-05 0.141716 0.102191 9.98772E-05 9.98772E-05 9.98772E-05 9.98772E-05 0.232928 9.98772E-05 9.98772E-05 0.268984 9.98772E-05 0.104215 9.98772E-05
9.98771E-05 9.98771E-05 9.98771E-05 9.98771E-05 0.175258 9.98771E-05 9.98771E-05 9.98771E-05 9.98771E-05 9.98771E-05 0.115231 9.98771E-05 9.98771E-05 9.98771E-05 0.221491 0.00411168 0.146682 0.0129631 9.98771E-05 0.322865 9.98771E-05
9.98595E-05 9.98595E-05 9.98595E-05 9.98595E-05 0.0369338 9.98595E-05 9.98595E-05 9.98595E-05 0.0849441 9.98595E-05 0.011321 9.98595E-05 9.98595E-05 9.98595E-05 9.98595E-05 9.98595E-05 0.0167629 9.98595E-05 9.98595E-05 0.848441 9.98595E-05
9.98859E-05 0.0916108 9.98859E-05 0.0126851 0.0335969 9.98859E-05 9.98859E-05 9.98859E-05 9.98859E-05 9.98859E-05 0.0847275 0.258745 0.0308604 9.98859E-05 0.0236333 9.98859E-05 9.98859E-05 9.98859E-05 9.98859E-05 0.462842 9.98859E-05
9.98685E-05 9.98685E-05 9.98685E-05 9.98685E-05 9.98685E-05 9.98685E-05 0.122479 9.98685E-05 9.98685E-05 9.98685E-05 0.130163 9.98685E-05 9.98685E-05 0.0604977 0.341695 9.98685E-05 0.137467 9.98685E-05 9.98685E-05 0.206201 9.98685E-05
0.096393 9.9886E-05 9.9886E-05 0.000627955 0.0968117 9.9886E-05 0.0296192 9.9886E-05 9.9886E-05 0.0104976 9.9886E-05 9.9886E-05 0.0296732 9.9886E-05 9.9886E-05 9.9886E-05 9.9886E-05 0.1327 9.9886E-05 0.602379 9.9886E-05
9.98596E-05 9.98596E-05 9.98596E-05 0.067197 0.226122 9.98596E-05 0.0117196 9.98596E-05 9.98596E-05 9.98596E-05 9.98596E-05 9.98596E-05 9.98596E-05 9.98596E-05 0.382891 9.98596E-05 9.98596E-05 9.98596E-05 9.98596E-05 0.310473 9.98596E-05
0.155294 9.98859E-05 9.98859E-05 0.0337912 0.19012 9.98859E-05 9.98859E-05 9.98859E-05 0.104674 9.98859E-05 0.108787 9.98859E-05 0.017047 9.98859E-05 0.160798 9.98859E-05 9.98859E-05 9.98859E-05 9.98859E-05 0.22819 9.98859E-05
0.13401 9.98772E-05 9.98772E-05 9.98772E-05 0.0502533 9.98772E-05 9.98772E-05 9.98772E-05 9.98772E-05 9.98772E-05 0.0277862 9.98772E-05 9.98772E-05 0.00216106 0.041231 9.98772E-05 9.98772E-05 9.98772E-05 9.98772E-05 0.659568 0.0835925
0.304612 0.022888 9.9875E-05 9.9875E-05 9.9875E-05 9.9875E-05 0.25963 9.9875E-05 0.042533 0.125175 9.9875E-05 9.9875E-05 9.9875E-05 9.9875E-05 0.243665 9.9875E-05 9.9875E-05 9.9875E-05 9.9875E-05 9.9875E-05 9.9875E-05
0.0470775 0.0292185 9.9886E-05 9.9886E-05 0.0313534 0.0404614 9.9886E-05 9.9886E-05 9.9886E-05 9.9886E-05 9.9886E-05 9.9886E-05 0.0111758 9.9886E-05 0.0973001 9.9886E-05 9.9886E-05 9.9886E-05 9.9886E-05 0.716888 0.0252266
9.98772E-05 9.98772E-05 9.98772E-05 0.097625 0.168333 9.98772E-05 0.111984 9.98772E-05 0.00923 9.98772E-05 9.98772E-05 9.98772E-05 0.00608871 9.98772E-05 0.0413543 9.98772E-05 9.98772E-05 9.98772E-05 9.98772E-05 0.563987 9.98772E-05
9.98684E-05 9.98684E-05 9.98684E-05 9.98684E-05 0.0658298 0.124162 9.98684E-05 9.98684E-05 9.98684E-05 9.98684E-05 0.0302987 9.98684E-05 0.00323973 9.98684E-05 9.98684E-05 9.98684E-05 9.98684E-05 0.0116803 9.98684E-05 0.763291 9.98684E-05
9.98859E-05 9.98859E-05 9.98859E-05 9.98859E-05 9.98859E-05 9.98859E-05 0.0847272 9.98859E-05 0.0201905 9.98859E-05 9.98859E-05 9.98859E-05 0.0875637 9.98859E-05 0.0159471 0.0414487 0.0644436 0.161681 9.98859E-05 0.5227 9.98859E-05
0.194671 9.98948E-05 9.98948E-05 9.98948E-05 0.0686002 0.0104278 9.98948E-05 9.98948E-05 9.98948E-05 9.98948E-05 9.98948E-05 0.0286721 0.0370931 9.98948E-05 0.0705408 9.98948E-05 0.0208468 0.0142515 9.98948E-05 0.553698 9.98948E-05
0.0603661 9.98772E-05 9.98772E-05 9.98772E-05 0.13792 9.98772E-05 9.98772E-05 9.98772E-05 0.00353415 9.98772E-05 9.98772E-05 9.98772E-05 0.153137 9.98772E-05 0.117648 9.98772E-05 9.98772E-05 0.0849966 9.98772E-05 0.441 9.98772E-05
0.0907657 9.98947E-05 9.98947E-05 9.98947E-05 0.0819766 0.0663253 9.98947E-05 0.00814353 9.98947E-05 0.0109055 9.98947E-05 9.98947E-05 9.98947E-05 0.00830099 0.171874 9.98947E-05 0.0849677 9.98947E-05 9.98947E-05 0.475542 9.98947E-05
9.98773E-05 9.98773E-05 9.98773E-05 9.98773E-05 9.98773E-05 9.98773E-05 0.118221 9.98773E-05 0.0270525 9.98773E-05 0.0358296 9.98773E-05 0.0549916 9.98773E-05 0.00984964 9.98773E-05 0.0121899 9.98773E-05 9.98773E-05 0.740467 9.98773E-05
9.98684E-05 9.98684E-05 9.98684E-05 9.98684E-05 0.0647163 9.98684E-05 9.98684E-05 9.98684E-05 9.98684E-05 9.98684E-05 0.0426398 0.00391349 9.98684E-05 9.98684E-05 0.1304 9.98684E-05 9.98684E-05 9.98684E-05 9.98684E-05 0.597882 0.15895
9.98685E-05 9.98685E-05 9.98685E-05 9.98685E-05 9.98685E-05 9.98685E-05 9.98685E-05 0.0508313 9.98685E-05 9.98685E-05 9.98685E-05 9.98685E-05 9.98685E-05 9.98685E-05 0.0330198 9.98685E-05 0.0623966 9.98685E-05 0.0174239 0.829815 0.00501585
9.98685E-05 9.98685E-05 9.98685E-05 9.98685E-05 0.071778 9.98685E-05 9.98685E-05 9.98685E-05 0.0799077 9.98685E-05 0.23368 9.98685E-05 0.00644713 9.98685E-05 0.0104037 9.98685E-05 9.98685E-05 9.98685E-05 9.98685E-05 0.596285 9.98685E-05
9.98773E-05 9.98773E-05 0.1025 9.98773E-05 0.153649 9.98773E-05 9.98773E-05 9.98773E-05 9.98773E-05 9.98773E-05 9.98773E-05 9.98773E-05 0.0501292 0.0466256 0.079927 9.98773E-05 9.98773E-05 9.98773E-05 0.0655722 0.500199 9.98773E-05
0.195254 0.0981498 9.98771E-05 9.98771E-05 0.127927 9.98771E-05 9.98771E-05 0.00808903 9.98771E-05 9.98771E-05 9.98771E-05 9.98771E-05 9.98771E-05 9.98771E-05 0.0181323 9.98771E-05 0.0252562 9.98771E-05 9.98771E-05 0.525793 9.98771E-05
9.98771E-05 9.98771E-05 9.98771E-05 9.98771E-05 0.0578441 9.98771E-05 0.0657351 9.98771E-05 0.00681315 9.98771E-05 9.98771E-05 9.98771E-05 0.0359718 9.98771E-05 0.00328998 9.98771E-05 0.0454213 9.98771E-05 9.98771E-05 0.783526 9.98771E-05
9.98597E-05 9.98597E-05 9.98597E-05 0.00605231 0.0239076 9.98597E-05 0.179369 9.98597E-05 9.98597E-05 9.98597E-05 9.98597E-05 9.98597E-05 9.98597E-05 9.98597E-05 0.170898 9.98597E-05 9.98597E-05 9.98597E-05 9.98597E-05 0.618175 9.98597E-05
9.98595E-05 9.98595E-05 0.0263858 9.98595E-05 9.98595E-05 9.98595E-05 0.1451 9.98595E-05 9.98595E-05 9.98595E-05 9.98595E-05 9.98595E-05 9.98595E-05 9.98595E-05 0.0355712 9.98595E-05 0.0290384 9.98595E-05 9.98595E-05 0.762307 9.98595E-05
9.98685E-05 9.98685E-05 9.98685E-05 0.11038 0.160237 9.98685E-05 9.98685E-05 9.98685E-05 9.98685E-05 9.98685E-05 0.0891348 9.98685E-05 9.98685E-05 9.98685E-05 0.145009 9.98685E-05 9.98685E-05 0.13544 9.98685E-05 0.358302 9.98685E-05
9.98684E-05 9.98684E-05 9.98684E-05 9.98684E-05 0.167956 9.98684E-05 9.98684E-05 9.98684E-05 9.98684E-05 9.98684E-05 9.98684E-05 9.98684E-05 9.98684E-05 0.0582447 0.44513 9.98684E-05 0.0715394 9.98684E-05 9.98684E-05 0.248126 0.00750583
9.98683E-05 9.98683E-05 9.98683E-05 9.98683E-05 0.0479576 9.98683E-05 9.98683E-05 9.98683E-05 0.046411 9.98683E-05 9.98683E-05 0.0274593 9.98683E-05 9.98683E-05 0.0267396 9.98683E-05 0.022334 9.98683E-05 9.98683E-05 0.8276 9.98683E-05
9.98684E-05 9.98684E-05 9.98684E-05 9.98684E-05 0.088393 9.98684E-05 9.98684E-05 9.98684E-05 9.98684E-05 0.0311421 0.0255125 9.98684E-05 0.0183639 9.98684E-05 9.98684E-05 9.98684E-05 9.98684E-05 9.98684E-05 9.98684E-05 0.792353 0.0427377
9.98509E-05 0.0208117 9.98509E-05 9.98509E-05 0.0710876 9.98509E-05 9.98509E-05 9.98509E-05 9.98509E-05 9.98509E-05 9.98509E-05 9.98509E-05 9.98509E-05 0.0458755 9.98509E-05 9.98509E-05 9.98509E-05 9.98509E-05 9.98509E-05 0.860528 9.98509E-05
9.9877E-05 0.00690437 9.9877E-05 9.9877E-05 0.145074 9.9877E-05 0.0234785 9.9877E-05 9.9877E-05 9.9877E-05 9.9877E-05 0.0190373 9.9877E-05 9.9877E-05 0.199505 9.9877E-05 0.0578611 9.9877E-05 9.9877E-05 0.546742 9.9877E-05
9.98687E-05 9.98687E-05 9.98687E-05 9.98687E-05 9.98687E-05 0.1268 9.98687E-05 0.103648 9.98687E-05 9.98687E-05 0.00309393 9.98687E-05 9.98687E-05 0.0161844 9.98687E-05 9.98687E-05 0.0702646 9.98687E-05 9.98687E-05 0.678511 9.98687E-05
0.116985 0.0186529 9.99209E-05 9.99209E-05 0.193752 0.0266471 0.101455 9.99209E-05 9.99209E-05 9.99209E-05 0.0321323 0.0441335 0.105833 9.99209E-05 0.0343085 9.99209E-05 9.99209E-05 0.0850264 9.99209E-05 0.225632 0.0145431
9.98684E-05 9.98684E-05 9.98684E-05 0.040129 9.98684E-05 9.98684E-05 9.98684E-05 9.98684E-05 0.00791692 9.98684E-05 9.98684E-05 9.98684E-05 9.98684E-05 0.0499601 0.231676 9.98684E-05 9.98684E-05 9.98684E-05 9.98684E-05 0.586524 0.0822957
0.0378614 9.98596E-05 9.98596E-05 9.98596E-05 9.98596E-05 9.98596E-05 9.98596E-05 9.98596E-05 9.98596E-05 0.0497537 9.98596E-05 9.98596E-05 9.98596E-05 9.98596E-05 0.00918424 9.98596E-05 9.98596E-05 9.98596E-05 0.0194905 0.882112 9.98596E-05
9.98773E-05 0.148804 9.98773E-05 9.98773E-05 0.0691345 0.0912105 9.98773E-05 0.00522961 9.98773E-05 9.98773E-05 9.98773E-05 9.98773E-05 9.98773E-05 0.0322314 9.98773E-05 9.98773E-05 9.98773E-05 0.0484805 9.98773E-05 0.603511 9.98773E-05
9.98773E-05 9.98773E-05 9.98773E-05 0.00925823 0.108415 9.98773E-05 9.98773E-05 9.98773E-05 9.98773E-05 9.98773E-05 9.98773E-05 9.98773E-05 9.98773E-05 0.0727838 9.98773E-05 9.98773E-05 0.0217955 0.0284541 9.98773E-05 0.738056 0.0198393
0.142879 9.98772E-05 9.98772E-05 9.98772E-05 9.98772E-05 9.98772E-05 9.98772E-05 9.98772E-05 0.0333419 9.98772E-05 9.98772E-05 9.98772E-05 0.0273255 0.0455374 9.98772E-05 9.98772E-05 0.0496713 0.0616053 9.98772E-05 0.638242 9.98772E-05
9.98685E-05 9.98685E-05 9.98685E-05 9.98685E-05 0.0709927 9.98685E-05 9.98685E-05 9.98685E-05 9.98685E-05 0.0185184 9.98685E-05 9.98685E-05 9.98685E-05 9.98685E-05 0.0587673 0.0360024 0.138385 9.98685E-05 9.98685E-05 0.675836 9.98685E-05
9.98596E-05 9.98596E-05 9.98596E-05 9.98596E-05 0.0666507 9.98596E-05 9.98596E-05 9.98596E-05 9.98596E-05 9.98596E-05 9.98596E-05 9.98596E-05 0.0170412 9.98596E-05 0.0497311 9.98596E-05 9.98596E-05 9.98596E-05 9.98596E-05 0.777351 0.0876287
9.98596E-05 9.98596E-05 9.98596E-05 9.98596E-05 0.0210512 9.98596E-05 0.0654415 0.0493732 9.98596E-05 9.98596E-05 9.98596E-05 9.98596E-05 0.098787 9.98596E-05 9.98596E-05 9.98596E-05 9.98596E-05 9.98596E-05 9.98596E-05 0.763749 9.98596E-05
9.98771E-05 9.98771E-05 9.98771E-05 9.98771E-05 0.152273 9.98771E-05 9.98771E-05 9.98771E-05 9.98771E-05 0.00758214 0.0319245 9.98771E-05 0.0192354 9.98771E-05 0.0289445 9.98771E-05 9.98771E-05 0.729343 0.0292993 9.98771E-05 9.98771E-05
9.98335E-05 9.98335E-05 9.98335E-05 9.98335E-05 9.98335E-05 9.98335E-05 0.0162228 9.98335E-05 9.98335E-05 9.98335E-05 9.98335E-05 9.98335E-05 9.98335E-05 9.98335E-05 9.98335E-05 9.98335E-05 9.98335E-05 0.98188 9.98335E-05 9.98335E-05 9.98335E-05
9.98333E-05 9.98333E-05 9.98333E-05 9.98333E-05 9.98333E-05 9.98333E-05 9.98333E-05 9.98333E-05 9.98333E-05 0.0352225 9.98333E-05 9.98333E-05 9.98333E-05 9.98333E-05 9.98333E-05 9.98333E-05 9.98333E-05 0.962881 9.98333E-05 9.98333E-05 9.98333E-05
0.0983566 9.98771E-05 9.98771E-05 9.98771E-05 0.0303976 0.108317 9.98771E-05 0.0326748 9.98771E-05 9.98771E-05 0.108006 9.98771E-05 9.98771E-05 9.98771E-05 9.98771E-05 9.98771E-05 9.98771E-05 0.354884 0.265965 9.98771E-05 9.98771E-05
9.98857E-05 9.98857E-05 9.98857E-05 9.98857E-05 0.0247279 9.98857E-05 9.98857E-05 0.0245915 0.0362763 0.056564 9.98857E-05 0.00127869 9.98857E-05 0.0427043 0.132465 9.98857E-05 9.98857E-05 0.680093 9.98857E-05 9.98857E-05 9.98857E-05
9.98594E-05 9.98594E-05 9.98594E-05 0.0209687 0.184992 9.98594E-05 9.98594E-05 9.98594E-05 9.98594E-05 9.98594E-05 0.0175945 9.98594E-05 9.98594E-05 9.98594E-05 0.0980806 9.98594E-05 9.98594E-05 0.676767 9.98594E-05 9.98594E-05 9.98594E-05
9.98506E-05 9.98506E-05 9.98506E-05 9.98506E-05 0.120563 9.98506E-05 9.98506E-05 9.98506E-05 9.98506E-05 9.98506E-05 9.98506E-05 9.98506E-05 0.01581 9.98506E-05 9.98506E-05 9.98506E-05 9.98506E-05 0.591978 0.269952 9.98506E-05 9.98506E-05
0.0430598 9.98682E-05 9.98682E-05 9.98682E-05 0.0578571 9.98682E-05 9.98682E-05 9.98682E-05 9.98682E-05 0.130073 0.0540942 9.98682E-05 9.98682E-05 9.98682E-05 9.98682E-05 9.98682E-05 9.98682E-05 0.632907 0.0805106 9.98682E-05 9.98682E-05
9.98246E-05 9.98246E-05 9.98246E-05 9.98246E-05 9.98246E-05 9.98246E-05 9.98246E-05 9.98246E-05 9.98246E-05 9.98246E-05 9.98246E-05 9.98246E-05 9.98246E-05 9.98246E-05 9.98246E-05 9.98246E-05 9.98246E-05 0.998004 9.98246E-05 9.98246E-05 9.98246E-05
9.98244E-05 9.98244E-05 9.98244E-05 9.98244E-05 9.98244E-05 9.98244E-05 9.98244E-05 9.98244E-05 9.98244E-05 9.98244E-05 9.98244E-05 9.98244E-05 9.98244E-05 9.98244E-05 9.98244E-05 9.98244E-05 9.98244E-05 0.998004 9.98244E-05 9.98244E-05 9.98244E-05
9.98681E-05 9.98681E-05 9.98681E-05 9.98681E-05 0.254205 9.98681E-05 9.98681E-05 9.98681E-05 9.98681E-05 0.00536614 0.0309661 9.98681E-05 0.114163 9.98681E-05 9.98681E-05 9.98681E-05 0.0403065 0.553495 9.98681E-05 9.98681E-05 9.98681E-05
9.99209E-05 0.0568407 9.99209E-05 9.99209E-05 0.106558 9.99209E-05 9.99209E-05 0.067356 9.99209E-05 9.99209E-05 9.99209E-05 0.00245579 0.0127979 0.0332787 0.12259 0.0191473 0.0387096 0.434479 0.0634809 9.99209E-05 0.0414068
0.0175551 9.98682E-05 9.98682E-05 9.98682E-05 9.98682E-05 9.98682E-05 9.98682E-05 9.98682E-05 9.98682E-05 9.98682E-05 0.114535 0.14609 0.050891 9.98682E-05 9.98682E-05 0.0868657 9.98682E-05 0.582565 9.98682E-05 9.98682E-05 9.98682E-05
9.98594E-05 9.98594E-05 9.98594E-05 9.98594E-05 0.198371 9.98594E-05 9.98594E-05 0.0135836 9.98594E-05 9.98594E-05 9.98594E-05 9.98594E-05 9.98594E-05 9.98594E-05 0.244056 9.98594E-05 9.98594E-05 0.49016 0.0522321 9.98594E-05 9.98594E-05
9.98512E-05 9.98512E-05 9.98512E-05 9.98512E-05 9.98512E-05 9.98512E-05 0.110989 0.0110996 9.98512E-05 9.98512E-05 9.98512E-05 9.98512E-05 9.98512E-05 0.00523715 9.98512E-05 9.98512E-05 9.98512E-05 0.870977 9.98512E-05 9.98512E-05 9.98512E-05
9.98422E-05 9.98422E-05 9.98422E-05 9.98422E-05 0.023213 9.98422E-05 9.98422E-05 9.98422E-05 9.98422E-05 9.98422E-05 0.0154444 9.98422E-05 9.98422E-05 9.98422E-05 9.98422E-05 9.98422E-05 9.98422E-05 0.959546 9.98422E-05 9.98422E-05 9.98422E-05
0.0670837 9.98593E-05 9.98593E-05 9.98593E-05 9.98593E-05 9.98593E-05 9.98593E-05 0.0357244 9.98593E-05 0.0115803 9.98593E-05 9.98593E-05 9.98593E-05 9.98593E-05 9.98593E-05 9.98593E-05 0.15438 0.729633 9.98593E-05 9.98593E-05 9.98593E-05
9.98771E-05 9.98771E-05 9.98771E-05 9.98771E-05 9.98771E-05 9.98771E-05 9.98771E-05 9.98771E-05 9.98771E-05 9.98771E-05 0.028108 9.98771E-05 0.0644124 9.98771E-05 0.0689939 0.039246 0.101215 0.649874 9.98771E-05 9.98771E-05 0.0467523
9.98508E-05 9.98508E-05 9.98508E-05 9.98508E-05 0.0263201 9.98508E-05 9.98508E-05 9.98508E-05 9.98508E-05 0.0711639 9.98508E-05 9.98508E-05 0.00902926 9.98508E-05 9.98508E-05 9.98508E-05 9.98508E-05 0.891789 9.98508E-05 9.98508E-05 9.98508E-05
9.98769E-05 0.11217 9.98769E-05 9.98769E-05 0.114263 9.98769E-05 0.107908 9.98769E-05 0.0231805 0.00903341 9.98769E-05 9.98769E-05 0.0371948 9.98769E-05 9.98769E-05 9.98769E-05 9.98769E-05 0.594853 9.98769E-05 9.98769E-05 9.98769E-05
9.98337E-05 9.98337E-05 0.0112901 9.98337E-05 9.98337E-05 9.98337E-05 9.98337E-05 9.98337E-05 9.98337E-05 9.98337E-05 9.98337E-05 9.98337E-05 9.98337E-05 9.98337E-05 9.98337E-05 9.98337E-05 9.98337E-05 0.986813 9.98337E-05 9.98337E-05 9.98337E-05
9.98593E-05 9.98593E-05 9.98593E-05 9.98593E-05 0.0145321 9.98593E-05 9.98593E-05 9.98593E-05 9.98593E-05 9.98593E-05 9.98593E-05 9.98593E-05 9.98593E-05 9.98593E-05 0.303462 9.98593E-05 0.00968087 0.649246 0.0214812 9.98593E-05 9.98593E-05
0.194007 9.98422E-05 9.98422E-05 9.98422E-05 9.98422E-05 9.98422E-05 9.98422E-05 9.98422E-05 9.98422E-05 9.98422E-05 9.98422E-05 9.98422E-05 9.98422E-05 9.98422E-05 9.98422E-05 9.98422E-05 9.98422E-05 0.772978 0.0312174 9.98422E-05 9.98422E-05
9.98683E-05 9.98683E-05 9.98683E-05 9.98683E-05 0.0183064 9.98683E-05 9.98683E-05 9.98683E-05 9.98683E-05 0.0700825 0.0356796 9.98683E-05 0.00334138 9.98683E-05 9.98683E-05 9.98683E-05 0.157668 0.713424 9.98683E-05 9.98683E-05 9.98683E-05
9.98682E-05 9.98682E-05 9.98682E-05 9.98682E-05 0.0232199 9.98682E-05 9.98682E-05 9.98682E-05 9.98682E-05 9.98682E-05 0.0440384 9.98682E-05 0.0637922 9.98682E-05 0.00767584 0.12171 9.98682E-05 0.738066 9.98682E-05 9.98682E-05 9.98682E-05
9.98423E-05 9.98423E-05 9.98423E-05 9.98423E-05 0.0193244 9.98423E-05 9.98423E-05 9.98423E-05 9.98423E-05 9.98423E-05 0.0121295 9.98423E-05 9.98423E-05 9.98423E-05 9.98423E-05 9.98423E-05 9.98423E-05 0.966749 9.98423E-05 9.98423E-05 9.98423E-05
9.98247E-05 9.98247E-05 9.98247E-05 9.98247E-05 9.98247E-05 9.98247E-05 9.98247E-05 9.98247E-05 9.98247E-05 9.98247E-05 9.98247E-05 9.98247E-05 9.98247E-05 9.98247E-05 9.98247E-05 9.98247E-05 9.98247E-05 0.998004 9.98247E-05 9.98247E-05 9.98247E-05
9.98247E-05 9.98247E-05 9.98247E-05 9.98247E-05 9.98247E-05 9.98247E-05 9.98247E-05 9.98247E-05 9.98247E-05 9.98247E-05 9.98247E-05 9.98247E-05 9.98247E-05 9.98247E-05 9.98247E-05 9.98247E-05 9.98247E-05 0.998004 9.98247E-05 9.98247E-05 9.98247E-05
9.98334E-05 9.98334E-05 9.98334E-05 9.98334E-05 9.98334E-05 9.98334E-05 9.98334E-05 9.98334E-05 9.98334E-05 0.0709011 9.98334E-05 9.98334E-05 9.98334E-05 9.98334E-05 9.98334E-05 9.98334E-05 9.98334E-05 0.927202 9.98334E-05 9.98334E-05 9.98334E-05
9.98598E-05 9.98598E-05 0.07249 9.98598E-05 0.159299 9.98598E-05 0.0810428 9.98598E-05 9.98598E-05 9.98598E-05 0.0221927 9.98598E-05 9.98598E-05 9.98598E-05 9.98598E-05 9.98598E-05 9.98598E-05 0.663378 9.98598E-05 9.98598E-05 9.98598E-05
0.838084 9.98423E-05 9.98423E-05 9.98423E-05 0.101729 9.98423E-05 9.98423E-05 9.98423E-05 9.98423E-05 9.98423E-05 0.0583901 9.98423E-05 9.98423E-05 9.98423E-05 9.98423E-05 9.98423E-05 9.98423E-05 9.98423E-05 9.98423E-05 9.98423E-05 9.98423E-05
0.658195 9.98335E-05 0.339908 9.98335E-05 9.98335E-05 9.98335E-05 9.98335E-05 9.98335E-05 9.98335E-05 9.98335E-05 9.98335E-05 9.98335E-05 9.98335E-05 9.98335E-05 9.98335E-05 9.98335E-05 9.98335E-05 9.98335E-05 9.98335E-05 9.98335E-05 9.98335E-05
0.734443 9.98683E-05 9.98683E-05 9.98683E-05 0.0674885 0.166532 9.98683E-05 9.98683E-05 9.98683E-05 0.00201503 9.98683E-05 9.98683E-05 0.0153045 9.98683E-05 9.98683E-05 0.0127195 9.98683E-05 9.98683E-05 9.98683E-05 9.98683E-05 9.98683E-05
0.704674 9.98681E-05 9.98681E-05 9.98681E-05 0.109182 0.016842 9.98681E-05 9.98681E-05 9.98681E-05 0.119577 0.0387191 9.98681E-05 0.00950839 9.98681E-05 9.98681E-05 9.98681E-05 9.98681E-05 9.98681E-05 9.98681E-05 9.98681E-05 9.98681E-05
0.96223 9.98507E-05 9.98507E-05 0.0100338 9.98507E-05 9.98507E-05 9.98507E-05 9.98507E-05 9.98507E-05 9.98507E-05 0.0257107 9.98507E-05 9.98507E-05 0.000328229 9.98507E-05 9.98507E-05 9.98507E-05 9.98507E-05 9.98507E-05 9.98507E-05 9.98507E-05
0.641847 9.98597E-05 9.98597E-05 9.98597E-05 0.171352 9.98597E-05 9.98597E-05 9.98597E-05 9.98597E-05 9.98597E-05 0.145068 9.98597E-05 9.98597E-05 9.98597E-05 9.98597E-05 9.98597E-05 9.98597E-05 9.98597E-05 0.00374255 9.98597E-05 0.0363923
0.830282 9.98684E-05 9.98684E-05 9.98684E-05 0.0546159 9.98684E-05 9.98684E-05 9.98684E-05 9.98684E-05 0.00355779 0.0434791 9.98684E-05 0.0417409 9.98684E-05 0.0248259 9.98684E-05 9.98684E-05 9.98684E-05 9.98684E-05 9.98684E-05 9.98684E-05
0.601583 9.98419E-05 9.98419E-05 9.98419E-05 9.98419E-05 0.20771 9.98419E-05 9.98419E-05 9.98419E-05 9.98419E-05 0.18891 9.98419E-05 9.98419E-05 9.98419E-05 9.98419E-05 9.98419E-05 9.98419E-05 9.98419E-05 9.98419E-05 9.98419E-05 9.98419E-05
0.428583 9.98682E-05 9.98682E-05 9.98682E-05 0.0128454 9.98682E-05 0.101136 9.98682E-05 9.98682E-05 9.98682E-05 0.268808 9.98682E-05 0.0279015 9.98682E-05 9.98682E-05 9.98682E-05 9.98682E-05 9.98682E-05 0.159228 9.98682E-05 9.98682E-05
0.526292 9.98507E-05 9.98507E-05 9.98507E-05 0.27161 9.98507E-05 9.98507E-05 9.98507E-05 9.98507E-05 9.98507E-05 0.183663 9.98507E-05 9.98507E-05 9.98507E-05 9.98507E-05 9.98507E-05 9.98507E-05 9.98507E-05 9.98507E-05 9.98507E-05 0.0167376
0.53578 9.98685E-05 0.171673 9.98685E-05 9.98685E-05 9.98685E-05 9.98685E-05 9.98685E-05 9.98685E-05 9.98685E-05 0.00767049 9.98685E-05 0.0210018 9.98685E-05 9.98685E-05 9.98685E-05 0.0172299 9.98685E-05 0.245146 9.98685E-05 9.98685E-05
0.416888 9.98596E-05 0.0252577 9.98596E-05 0.0313082 0.411218 9.98596E-05 9.98596E-05 9.98596E-05 9.98596E-05 9.98596E-05 9.98596E-05 9.98596E-05 9.98596E-05 9.98596E-05 9.98596E-05 9.98596E-05 9.98596E-05 0.11373 9.98596E-05 9.98596E-05
0.922018 9.98335E-05 9.98335E-05 9.98335E-05 9.98335E-05 9.98335E-05 9.98335E-05 9.98335E-05 9.98335E-05 9.98335E-05 0.0760847 9.98335E-05 9.98335E-05 9.98335E-05 9.98335E-05 9.98335E-05 9.98335E-05 9.98335E-05 9.98335E-05 9.98335E-05 9.98335E-05
0.313627 9.98511E-05 9.98511E-05 9.98511E-05 0.147782 0.407497 9.98511E-05 9.98511E-05 9.98511E-05 9.98511E-05 0.129397 9.98511E-05 9.98511E-05 9.98511E-05 9.98511E-05 9.98511E-05 9.98511E-05 9.98511E-05 9.98511E-05 9.98511E-05 9.98511E-05
0.758649 9.98685E-05 0.00823394 9.98685E-05 9.98685E-05 0.021631 9.98685E-05 9.98685E-05 9.98685E-05 0.0950712 0.0652626 9.98685E-05 9.98685E-05 9.98685E-05 9.98685E-05 0.049654 9.98685E-05 9.98685E-05 9.98685E-05 9.98685E-05 9.98685E-05
0.581116 9.98684E-05 9.98684E-05 9.98684E-05 0.15797 9.98684E-05 0.213445 9.98684E-05 9.98684E-05 9.98684E-05 9.98684E-05 9.98684E-05 0.00093216 0.00280173 9.98684E-05 9.98684E-05 9.98684E-05 9.98684E-05 9.98684E-05 9.98684E-05 0.042238
0.399986 9.98683E-05 9.98683E-05 9.98683E-05 0.0723561 0.237399 9.98683E-05 9.98683E-05 0.0441717 9.98683E-05 0.0399231 9.98683E-05 9.98683E-05 9.98683E-05 9.98683E-05 9.98683E-05 9.98683E-05 9.98683E-05 0.204666 9.98683E-05 9.98683E-05
0.496564 9.98685E-05 9.98685E-05 9.98685E-05 9.98685E-05 0.353892 9.98685E-05 0.00129566 9.98685E-05 9.98685E-05 0.0847908 9.98685E-05 9.98685E-05 0.0321764 0.0297827 9.98685E-05 9.98685E-05 9.98685E-05 9.98685E-05 9.98685E-05 9.98685E-05
0.987772 9.98334E-05 9.98334E-05 9.98334E-05 9.98334E-05 9.98334E-05 9.98334E-05 9.98334E-05 9.98334E-05 9.98334E-05 9.98334E-05 9.98334E-05 0.0103311 9.98334E-05 9.98334E-05 9.98334E-05 9.98334E-05 9.98334E-05 9.98334E-05 9.98334E-05 9.98334E-05
0.467169 9.98684E-05 0.128745 9.98684E-05 0.121688 9.98684E-05 0.121514 9.98684E-05 0.0838978 9.98684E-05 0.0754874 9.98684E-05 9.98684E-05 9.98684E-05 9.98684E-05 9.98684E-05 9.98684E-05 9.98684E-05 9.98684E-05 9.98684E-05 9.98684E-05
0.772395 9.98596E-05 9.98596E-05 9.98596E-05 0.0527186 9.98596E-05 9.98596E-05 9.98596E-05 9.98596E-05 9.98596E-05 0.0616638 9.98596E-05 9.98596E-05 9.98596E-05 9.98596E-05 9.98596E-05 9.98596E-05 9.98596E-05 0.0996701 9.98596E-05 0.011955
0.896386 9.98596E-05 9.98596E-05 9.98596E-05 0.00988232 9.98596E-05 9.98596E-05 9.98596E-05 9.98596E-05 0.00139195 0.0445832 9.98596E-05 9.98596E-05 9.98596E-05 9.98596E-05 0.0461586 9.98596E-05 9.98596E-05 9.98596E-05 9.98596E-05 9.98596E-05
0.159004 9.98858E-05 9.98858E-05 9.98858E-05 0.194776 0.230474 9.98858E-05 9.98858E-05 0.0636401 9.98858E-05 0.203873 0.00789265 9.98858E-05 9.98858E-05 9.98858E-05 9.98858E-05 0.0312051 9.98858E-05 0.107837 9.98858E-05 9.98858E-05
0.780554 9.9851E-05 0.0536764 9.9851E-05 9.9851E-05 9.9851E-05 9.9851E-05 9.9851E-05 9.9851E-05 9.9851E-05 0.140476 9.9851E-05 9.9851E-05 0.0235968 9.9851E-05 9.9851E-05 9.9851E-05 9.9851E-05 9.9851E-05 9.9851E-05 9.9851E-05
0.217606 9.98858E-05 9.98858E-05 9.98858E-05 0.154912 0.192134 9.98858E-05 9.98858E-05 0.0446724 9.98858E-05 0.222704 9.98858E-05 0.00743798 9.98858E-05 9.98858E-05 9.98858E-05 0.0607581 9.98858E-05 0.0984771 9.98858E-05 9.98858E-05
0.363631 0.010465 0.2057 9.98947E-05 0.0920537 9.98947E-05 9.98947E-05 9.98947E-05 9.98947E-05 9.98947E-05 0.154615 9.98947E-05 9.98947E-05 9.98947E-05 0.0512034 0.00478891 9.98947E-05 0.0178076 0.0985372 9.98947E-05 9.98947E-05
9.98596E-05 9.98596E-05 0.554539 0.0701878 0.0972176 0.243711 9.98596E-05 9.98596E-05 9.98596E-05 9.98596E-05 9.98596E-05 9.98596E-05 9.98596E-05 9.98596E-05 9.98596E-05 9.98596E-05 9.98596E-05 9.98596E-05 9.98596E-05 9.98596E-05 0.0327465
0.824694 9.98506E-05 9.98506E-05 9.98506E-05 0.100751 9.98506E-05 9.98506E-05 9.98506E-05 9.98506E-05 9.98506E-05 0.0199459 9.98506E-05 9.98506E-05 9.98506E-05 9.98506E-05 9.98506E-05 0.0529112 9.98506E-05 9.98506E-05 9.98506E-05 9.98506E-05
0.598116 9.98509E-05 9.98509E-05 9.98509E-05 0.154663 9.98509E-05 9.98509E-05 9.98509E-05 9.98509E-05 9.98509E-05 0.200171 9.98509E-05 9.98509E-05 9.98509E-05 9.98509E-05 9.98509E-05 9.98509E-05 9.98509E-05 0.0453534 9.98509E-05 9.98509E-05
0.392265 9.98597E-05 0.0530069 9.98597E-05 0.108547 0.360239 9.98597E-05 9.98597E-05 9.98597E-05 9.98597E-05 9.98597E-05 9.98597E-05 9.98597E-05 0.0843444 9.98597E-05 9.98597E-05 9.98597E-05 9.98597E-05 9.98597E-05 9.98597E-05 9.98597E-05
0.715762 0.00684867 9.98685E-05 9.98685E-05 0.168167 0.0690856 9.98685E-05 9.98685E-05 9.98685E-05 9.98685E-05 9.98685E-05 9.98685E-05 0.0237048 9.98685E-05 9.98685E-05 9.98685E-05 9.98685E-05 9.98685E-05 0.0149339 9.98685E-05 9.98685E-05
0.832148 0.104706 9.98421E-05 9.98421E-05 9.98421E-05 9.98421E-05 9.98421E-05 9.98421E-05 0.0613486 9.98421E-05 9.98421E-05 9.98421E-05 9.98421E-05 9.98421E-05 9.98421E-05 9.98421E-05 9.98421E-05 9.98421E-05 9.98421E-05 9.98421E-05 9.98421E-05
0.28207 9.98682E-05 9.98682E-05 9.98682E-05 0.118543 0.153304 9.98682E-05 9.98682E-05 0.165273 9.98682E-05 0.20665 9.98682E-05 9.98682E-05 0.0726628 9.98682E-05 9.98682E-05 9.98682E-05 9.98682E-05 9.98682E-05 9.98682E-05 9.98682E-05
0.832486 9.98595E-05 9.98595E-05 9.98595E-05 0.0236349 9.98595E-05 9.98595E-05 9.98595E-05 0.0089792 9.98595E-05 9.98595E-05 9.98595E-05 9.98595E-05 9.98595E-05 0.125779 9.98595E-05 0.00752375 9.98595E-05 9.98595E-05 9.98595E-05 9.98595E-05
0.911088 9.98335E-05 9.98335E-05 9.98335E-05 9.98335E-05 0.0870152 9.98335E-05 9.98335E-05 9.98335E-05 9.98335E-05 9.98335E-05 9.98335E-05 9.98335E-05 9.98335E-05 9.98335E-05 9.98335E-05 9.98335E-05 9.98335E-05 9.98335E-05 9.98335E-05 9.98335E-05
0.542244 9.98771E-05 0.103915 9.98771E-05 9.98771E-05 0.0227658 0.196474 9.98771E-05 9.98771E-05 9.98771E-05 9.98771E-05 9.98771E-05 0.0326099 9.98771E-05 9.98771E-05 9.98771E-05 9.98771E-05 9.98771E-05 0.0136898 9.98771E-05 0.0869028
0.704937 9.98595E-05 9.98595E-05 9.98595E-05 0.236194 9.98595E-05 9.98595E-05 9.98595E-05 9.98595E-05 9.98595E-05 0.0383755 9.98595E-05 9.98595E-05 0.00538328 9.98595E-05 0.0135117 9.98595E-05 9.98595E-05 9.98595E-05 9.98595E-05 9.98595E-05
0.38577 9.98596E-05 0.471372 9.98596E-05 9.98596E-05 9.98596E-05 9.98596E-05 9.98596E-05 9.98596E-05 9.98596E-05 0.099193 9.98596E-05 9.98596E-05 0.0342364 9.98596E-05 9.98596E-05 9.98596E-05 9.98596E-05 9.98596E-05 9.98596E-05 0.00783128
0.675705 9.98598E-05 0.187243 9.98598E-05 0.0714844 0.038032 9.98598E-05 9.98598E-05 9.98598E-05 0.0259376 9.98598E-05 9.98598E-05 9.98598E-05 9.98598E-05 9.98598E-05 9.98598E-05 9.98598E-05 9.98598E-05 9.98598E-05 9.98598E-05 9.98598E-05
0.791255 9.98511E-05 0.188108 9.98511E-05 9.98511E-05 0.00436775 9.98511E-05 9.98511E-05 9.98511E-05 9.98511E-05 9.98511E-05 9.98511E-05 9.98511E-05 0.0145721 9.98511E-05 9.98511E-05 9.98511E-05 9.98511E-05 9.98511E-05 9.98511E-05 9.98511E-05
0.606792 9.98597E-05 0.364904 9.98597E-05 9.98597E-05 9.98597E-05 9.98597E-05 9.98597E-05 9.98597E-05 0.00860812 9.98597E-05 9.98597E-05 9.98597E-05 9.98597E-05 9.98597E-05 9.98597E-05 9.98597E-05 9.98597E-05 0.012903 9.98597E-05 0.00519487
0.356746 9.98946E-05 9.98946E-05 9.98946E-05 0.226985 0.111593 9.98946E-05 9.98946E-05 9.98946E-05 9.98946E-05 0.0861701 0.0687312 0.024528 9.98946E-05 9.98946E-05 0.00960588 0.0170229 9.98946E-05 0.0974194 9.98946E-05 9.98946E-05
0.799881 0.0113965 9.98597E-05 9.98597E-05 9.98597E-05 9.98597E-05 0.0278211 9.98597E-05 9.98597E-05 9.98597E-05 0.11172 9.98597E-05 9.98597E-05 0.0475837 9.98597E-05 9.98597E-05 9.98597E-05 9.98597E-05 9.98597E-05 9.98597E-05 9.98597E-05
9.98595E-05 9.98595E-05 0.461005 9.98595E-05 0.0511122 0.290832 9.98595E-05 9.98595E-05 0.0355094 9.98595E-05 0.159943 9.98595E-05 9.98595E-05 9.98595E-05 9.98595E-05 9.98595E-05 9.98595E-05 9.98595E-05 9.98595E-05 9.98595E-05 9.98595E-05
0.61935 9.98422E-05 0.337119 9.98422E-05 0.0417339 9.98422E-05 9.98422E-05 9.98422E-05 9.98422E-05 9.98422E-05 9.98422E-05 9.98422E-05 9.98422E-05 9.98422E-05 9.98422E-05 9.98422E-05 9.98422E-05 9.98422E-05 9.98422E-05 9.98422E-05 9.98422E-05
0.303109 9.98858E-05 9.98858E-05 9.98858E-05 9.98858E-05 0.0409128 9.98858E-05 9.98858E-05 0.0550887 0.0119661 0.232002 9.98858E-05 9.98858E-05 0.00861295 0.103968 9.98858E-05 9.98858E-05 9.98858E-05 0.243042 9.98858E-05 9.98858E-05
0.43084 9.98685E-05 9.98685E-05 9.98685E-05 0.0476285 0.200349 9.98685E-05 9.98685E-05 9.98685E-05 0.0271271 0.0864192 9.98685E-05 9.98685E-05 9.98685E-05 9.98685E-05 9.98685E-05 9.98685E-05 0.206138 9.98685E-05 9.98685E-05 9.98685E-05
0.0126228 0.0328927 0.00743882 9.98861E-05 0.0676232 0.617399 9.98861E-05 9.98861E-05 9.98861E-05 9.98861E-05 0.13471 9.98861E-05 9.98861E-05 9.98861E-05 9.98861E-05 0.0610064 9.98861E-05 9.98861E-05 0.0650085 9.98861E-05 9.98861E-05
0.435699 9.9851E-05 9.9851E-05 9.9851E-05 0.280908 9.9851E-05 9.9851E-05 9.9851E-05 9.9851E-05 9.9851E-05 0.234484 9.9851E-05 9.9851E-05 9.9851E-05 0.0472109 9.9851E-05 9.9851E-05 9.9851E-05 9.9851E-05 9.9851E-05 9.9851E-05
0.519813 9.98508E-05 0.419038 9.98508E-05 0.0255043 9.98508E-05 9.98508E-05 9.98508E-05 0.033948 9.98508E-05 9.98508E-05 9.98508E-05 9.98508E-05 9.98508E-05 9.98508E-05 9.98508E-05 9.98508E-05 9.98508E-05 9.98508E-05 9.98508E-05 9.98508E-05
0.683684 9.98507E-05 9.98507E-05 9.98507E-05 0.111055 9.98507E-05 9.98507E-05 0.0403934 9.98507E-05 9.98507E-05 9.98507E-05 9.98507E-05 9.98507E-05 9.98507E-05 9.98507E-05 9.98507E-05 9.98507E-05 9.98507E-05 9.98507E-05 9.98507E-05 0.16317
0.292274 9.98684E-05 0.493945 9.98684E-05 0.00540871 9.98684E-05 9.98684E-05 9.98684E-05 9.98684E-05 9.98684E-05 0.137656 9.98684E-05 9.98684E-05 0.0582468 9.98684E-05 9.98684E-05 9.98684E-05 0.010971 9.98684E-05 9.98684E-05 9.98684E-05
0.578149 9.98861E-05 0.176062 9.98861E-05 0.0938068 0.00707475 0.0368415 9.98861E-05 9.98861E-05 9.98861E-05 0.0679868 9.98861E-05 0.0204336 9.98861E-05 9.98861E-05 0.0183471 9.98861E-05 9.98861E-05 9.98861E-05 9.98861E-05 9.98861E-05
0.932281 0.0556501 9.98421E-05 9.98421E-05 9.98421E-05 9.98421E-05 9.98421E-05 9.98421E-05 9.98421E-05 9.98421E-05 0.0102723 9.98421E-05 9.98421E-05 9.98421E-05 9.98421E-05 9.98421E-05 9.98421E-05 9.98421E-05 9.98421E-05 9.98421E-05 9.98421E-05
0.831293 9.98594E-05 9.98594E-05 9.98594E-05 9.98594E-05 9.98594E-05 9.98594E-05 9.98594E-05 9.98594E-05 0.0221964 9.98594E-05 9.98594E-05 0.0273797 9.98594E-05 0.0198972 9.98594E-05 9.98594E-05 9.98594E-05 9.98594E-05 9.98594E-05 0.0976358
0.465419 9.98596E-05 9.98596E-05 9.98596E-05 0.120296 9.98596E-05 9.98596E-05 9.98596E-05 9.98596E-05 9.98596E-05 0.178215 9.98596E-05 9.98596E-05 9.98596E-05 9.98596E-05 9.98596E-05 0.0103913 9.98596E-05 0.224082 9.98596E-05 9.98596E-05
0.734019 9.98507E-05 9.98507E-05 9.98507E-05 0.100659 9.98507E-05 9.98507E-05 9.98507E-05 9.98507E-05 9.98507E-05 0.161458 9.98507E-05 9.98507E-05 0.00216668 9.98507E-05 9.98507E-05 9.98507E-05 9.98507E-05 9.98507E-05 9.98507E-05 9.98507E-05
0.915477 0.0135903 9.98682E-05 9.98682E-05 9.98682E-05 0.0442715 9.98682E-05 9.98682E-05 0.0050812 9.98682E-05 9.98682E-05 9.98682E-05 0.00395826 0.0161232 9.98682E-05 9.98682E-05 9.98682E-05 9.98682E-05 9.98682E-05 9.98682E-05 9.98682E-05
0.869296 9.9851E-05 0.00858036 9.9851E-05 0.0277973 9.9851E-05 9.9851E-05 9.9851E-05 0.0926293 9.9851E-05 9.9851E-05 9.9851E-05 9.9851E-05 9.9851E-05 9.9851E-05 9.9851E-05 9.9851E-05 9.9851E-05 9.9851E-05 9.9851E-05 9.9851E-05
0.728734 9.98597E-05 0.12189 9.98597E-05 9.98597E-05 9.98597E-05 9.98597E-05 9.98597E-05 0.019815 9.98597E-05 0.0596005 9.98597E-05 9.98597E-05 9.98597E-05 9.98597E-05 9.98597E-05 9.98597E-05 9.98597E-05 0.0683624 9.98597E-05 9.98597E-05
9.98243E-05 9.98243E-05 9.98243E-05 9.98243E-05 0.998004 9.98243E-05 9.98243E-05 9.98243E-05 9.98243E-05 9.98243E-05 9.98243E-05 9.98243E-05 9.98243E-05 9.98243E-05 9.98243E-05 9.98243E-05 9.98243E-05 9.98243E-05 9.98243E-05 9.98243E-05 9.98243E-05
9.98243E-05 9.98243E-05 9.98243E-05 9.98243E-05 9.98243E-05 9.98243E-05 9.98243E-05 9.98243E-05 9.98243E-05 9.98243E-05 0.998004 9.98243E-05 9.98243E-05 9.98243E-05 9.98243E-05 9.98243E-05 9.98243E-05 9.98243E-05 9.98243E-05 9.98243E-05 9.98243E-05
9.98243E-05 9.98243E-05 9.98243E-05 9.98243E-05 0.998004 9.98243E-05 9.98243E-05 9.98243E-05 9.98243E-05 9.98243E-05 9.98243E-05 9.98243E-05 9.98243E-05 9.98243E-05 9.98243E-05 9.98243E-05 9.98243E-05 9.98243E-05 9.98243E-05 9.98243E-05 9.98243E-05
9.98243E-05 9.98243E-05 9.98243E-05 9.98243E-05 9.98243E-05 9.98243E-05 9.98243E-05 9.98243E-05 9.98243E-05 9.98243E-05 0.998004 9.98243E-05 9.98243E-05 9.98243E-05 9.98243E-05 9.98243E-05 9.98243E-05 9.98243E-05 9.98243E-05 9.98243E-05 9.98243E-05
9.98242E-05 9.98242E-05 9.98242E-05 9.98242E-05 9.98242E-05 9.98242E-05 9.98242E-05 9.98242E-05 9.98242E-05 9.98242E-05 0.998004 9.98242E-05 9.98242E-05 9.98242E-05 9.98242E-05 9.98242E-05 9.98242E-05 9.98242E-05 9.98242E-05 9.98242E-05 9.98242E-05
9.98242E-05 9.98242E-05 9.98242E-05 9.98242E-05 9.98242E-05 9.98242E-05 9.98242E-05 9.98242E-05 9.98242E-05 9.98242E-05 0.998004 9.98242E-05 9.98242E-05 9.98242E-05 9.98242E-05 9.98242E-05 9.98242E-05 9.98242E-05 9.98242E-05 9.98242E-05 9.98242E-05
9.98243E-05 9.98243E-05 9.98243E-05 9.98243E-05 0.998004 9.98243E-05 9.98243E-05 9.98243E-05 9.98243E-05 9.98243E-05 9.98243E-05 9.98243E-05 9.98243E-05 9.98243E-05 9.98243E-05 9.98243E-05 9.98243E-05 9.98243E-05 9.98243E-05 9.98243E-05 9.98243E-05
9.98242E-05 9.98242E-05 9.98242E-05 9.98242E-05 9.98242E-05 9.98242E-05 9.98242E-05 9.98242E-05 9.98242E-05 9.98242E-05 0.998004 9.98242E-05 9.98242E-05 9.98242E-05 9.98242E-05 9.98242E-05 9.98242E-05 9.98242E-05 9.98242E-05 9.98242E-05 9.98242E-05
9.98243E-05 9.98243E-05 9.98243E-05 9.98243E-05 9.98243E-05 9.98243E-05 9.98243E-05 9.98243E-05 9.98243E-05 9.98243E-05 0.998004 9.98243E-05 9.98243E-05 9.98243E-05 9.98243E-05 9.98243E-05 9.98243E-05 9.98243E-05 9.98243E-05 9.98243E-05 9.98243E-05
9.98242E-05 9.98242E-05 9.98242E-05 9.98242E-05 0.998004 9.98242E-05 9.98242E-05 9.98242E-05 9.98242E-05 9.98242E-05 9.98242E-05 9.98242E-05 9.98242E-05 9.98242E-05 9.98242E-05 9.98242E-05 9.98242E-05 9.98242E-05 9.98242E-05 9.98242E-05 9.98242E-05
9.98242E-05 9.98242E-05 9.98242E-05 9.98242E-05 0.998004 9.98242E-05 9.98242E-05 9.98242E-05 9.98242E-05 9.98242E-05 9.98242E-05 9.98242E-05 9.98242E-05 9.98242E-05 9.98242E-05 9.98242E-05 9.98242E-05 9.98242E-05 9.98242E-05 9.98242E-05 9.98242E-05
9.98241E-05 9.98241E-05 9.98241E-05 9.98241E-05 0.998004 9.98241E-05 9.98241E-05 9.98241E-05 9.98241E-05 9.98241E-05 9.98241E-05 9.98241E-05 9.98241E-05 9.98241E-05 9.98241E-05 9.98241E-05 9.98241E-05 9.98241E-05 9.98241E-05 9.98241E-05 9.98241E-05
9.98243E-05 9.98243E-05 9.98243E-05 9.98243E-05 9.98243E-05 9.98243E-05 9.98243E-05 9.98243E-05 9.98243E-05 9.98243E-05 0.998004 9.98243E-05 9.98243E-05 9.98243E-05 9.98243E-05 9.98243E-05 9.98243E-05 9.98243E-05 9.98243E-05 9.98243E-05 9.98243E-05
9.98242E-05 9.98242E-05 9.98242E-05 9.98242E-05 9.98242E-05 9.98242E-05 9.98242E-05 9.98242E-05 9.98242E-05 9.98242E-05 0.998004 9.98242E-05 9.98242E-05 9.98242E-05 9.98242E-05 9.98242E-05 9.98242E-05 9.98242E-05 9.98242E-05 9.98242E-05 9.98242E-05
9.98243E-05 9.98243E-05 9.98243E-05 9.98243E-05 0.998004 9.98243E-05 9.98243E-05 9.98243E-05 9.98243E-05 9.98243E-05 9.98243E-05 9.98243E-05 9.98243E-05 9.98243E-05 9.98243E-05 9.98243E-05 9.98243E-05 9.98243E-05 9.98243E-05 9.98243E-05 9.98243E-05
9.98241E-05 9.98241E-05 9.98241E-05 9.98241E-05 0.998004 9.98241E-05 9.98241E-05 9.98241E-05 9.98241E-05 9.98241E-05 9.98241E-05 9.98241E-05 9.98241E-05 9.98241E-05 9.98241E-05 9.98241E-05 9.98241E-05 9.98241E-05 9.98241E-05 9.98241E-05 9.98241E-05
0.573415 9.98682E-05 9.98682E-05 9.98682E-05 0.160703 9.98682E-05 9.98682E-05 0.0792575 9.98682E-05 0.0440184 0.0411926 9.98682E-05 9.98682E-05 9.98682E-05 9.98682E-05 9.98682E-05 0.0999162 9.98682E-05 9.98682E-05 9.98682E-05 9.98682E-05
9.98243E-05 9.98243E-05 9.98243E-05 9.98243E-05 0.998004 9.98243E-05 9.98243E-05 9.98243E-05 9.98243E-05 9.98243E-05 9.98243E-05 9.98243E-05 9.98243E-05 9.98243E-05 9.98243E-05 9.98243E-05 9.98243E-05 9.98243E-05 9.98243E-05 9.98243E-05 9.98243E-05
