9.99209E-05 0.0163803 0.0543939 9.99209E-05 9.99209E-05 0.128304 0.0717771 9.99209E-05 0.048967 9.99209E-05 0.0953208 9.99209E-05 0.328717 9.99209E-05 0.25524 9.99209E-05 9.99209E-05
9.99035E-05 9.99035E-05 0.130267 9.99035E-05 9.99035E-05 0.00458395 9.99035E-05 9.99035E-05 0.000186794 9.99035E-05 9.99035E-05 0.0193759 0.67881 9.99035E-05 0.165678 9.99035E-05 9.99035E-05
9.98859E-05 0.0612122 9.98859E-05 9.98859E-05 9.98859E-05 0.00793689 9.98859E-05 0.123787 9.98859E-05 9.98859E-05 9.98859E-05 9.98859E-05 0.805765 9.98859E-05 9.98859E-05 9.98859E-05 9.98859E-05
9.99473E-05 9.99473E-05 0.0114033 0.0684873 9.99473E-05 0.0575307 0.279653 0.140414 0.0572139 0.0234324 0.0766713 0.015298 0.264157 0.00513958 9.99473E-05 9.99473E-05 9.99473E-05
9.98948E-05 9.98948E-05 0.056439 0.0208343 9.98948E-05 9.98948E-05 9.98948E-05 9.98948E-05 9.98948E-05 0.0153698 9.98948E-05 9.98948E-05 0.845736 9.98948E-05 9.98948E-05 9.98948E-05 0.0604226
9.9921E-05 9.9921E-05 0.0100638 0.198462 9.9921E-05 9.9921E-05 9.9921E-05 0.13695 0.00517559 0.130009 9.9921E-05 9.9921E-05 0.187048 9.9921E-05 0.239007 9.9921E-05 0.0923859
9.99298E-05 0.0638405 0.0975226 0.0845097 9.99298E-05 0.0197895 0.085049 9.99298E-05 0.138098 9.99298E-05 0.14243 9.99298E-05 0.251027 9.99298E-05 0.116934 9.99298E-05 9.99298E-05
9.99386E-05 9.99386E-05 9.99386E-05 0.0209032 0.16001 9.99386E-05 9.99386E-05 0.0656243 0.130725 0.180031 0.0229148 9.99386E-05 0.18681 0.0582393 0.0684099 9.99386E-05 0.105632
9.99035E-05 0.151733 0.041959 9.99035E-05 9.99035E-05 0.318882 9.99035E-05 9.99035E-05 0.00366284 0.258041 9.99035E-05 9.99035E-05 0.224622 9.99035E-05 9.99035E-05 9.99035E-05 9.99035E-05
9.98684E-05 9.98684E-05 9.98684E-05 9.98684E-05 9.98684E-05 0.0906895 9.98684E-05 9.98684E-05 9.98684E-05 9.98684E-05 9.98684E-05 9.98684E-05 0.907813 9.98684E-05 9.98684E-05 9.98684E-05 9.98684E-05
9.99034E-05 9.99034E-05 9.99034E-05 9.99034E-05 9.99034E-05 0.181402 9.99034E-05 9.99034E-05 0.0582158 0.0107044 0.139066 9.99034E-05 0.526201 9.99034E-05 0.0833125 9.99034E-05 9.99034E-05
9.98946E-05 9.98946E-05 9.98946E-05 0.0210012 0.0260321 9.98946E-05 9.98946E-05 9.98946E-05 9.98946E-05 9.98946E-05 0.0231806 9.98946E-05 0.889918 9.98946E-05 0.0386693 9.98946E-05 9.98946E-05
9.98947E-05 9.98947E-05 9.98947E-05 9.98947E-05 9.98947E-05 0.0404074 9.98947E-05 9.98947E-05 0.14822 9.98947E-05 0.0337221 9.98947E-05 0.775836 9.98947E-05 9.98947E-05 9.98947E-05 0.000615921
0.093364 9.99035E-05 9.99035E-05 9.99035E-05 9.99035E-05 0.0618163 9.99035E-05 0.0842446 9.99035E-05 9.99035E-05 0.0451462 9.99035E-05 0.652971 9.99035E-05 9.99035E-05 0.0613592 9.99035E-05
0.0825243 9.99123E-05 9.99123E-05 9.99123E-05 9.99123E-05 0.143236 9.99123E-05 0.0958586 0.0510425 0.148401 9.99123E-05 9.99123E-05 0.295305 9.99123E-05 0.182634 9.99123E-05 9.99123E-05
9.99385E-05 9.99385E-05 9.99385E-05 0.00397782 0.138784 0.093761 0.0920316 0.034329 0.068073 0.183064 0.016637 9.99385E-05 0.204711 9.99385E-05 0.163932 9.99385E-05 9.99385E-05
9.99122E-05 9.99122E-05 0.12437 9.99122E-05 0.0608241 0.023729 0.0306459 9.99122E-05 9.99122E-05 9.99122E-05 0.0224408 9.99122E-05 0.617142 9.99122E-05 9.99122E-05 0.119848 9.99122E-05
9.99298E-05 0.00178833 9.99298E-05 0.0486926 9.99298E-05 0.110937 9.99298E-05 9.99298E-05 0.122619 0.0112407 9.99298E-05 0.175438 0.159131 0.199928 0.169427 9.99298E-05 9.99298E-05
9.98946E-05 9.98946E-05 9.98946E-05 0.140623 9.98946E-05 0.191552 9.98946E-05 9.98946E-05 0.271753 0.0637565 9.98946E-05 9.98946E-05 0.331116 9.98946E-05 9.98946E-05 9.98946E-05 9.98946E-05
9.98684E-05 9.98684E-05 9.98684E-05 9.98684E-05 9.98684E-05 9.98684E-05 9.98684E-05 9.98684E-05 9.98684E-05 9.98684E-05 9.98684E-05 0.0327659 0.965736 9.98684E-05 9.98684E-05 9.98684E-05 9.98684E-05
0.0699819 0.0264236 9.99473E-05 9.99473E-05 9.99473E-05 0.0621409 0.0722913 0.000331552 0.0198355 0.10385 0.079455 0.00441046 0.470238 9.99473E-05 9.99473E-05 9.99473E-05 0.0904421
9.99035E-05 9.99035E-05 9.99035E-05 0.158398 9.99035E-05 9.99035E-05 9.99035E-05 0.0452453 0.414745 0.130879 9.99035E-05 9.99035E-05 0.214197 9.99035E-05 9.99035E-05 9.99035E-05 0.0354365
9.98947E-05 9.98947E-05 9.98947E-05 9.98947E-05 9.98947E-05 0.108806 9.98947E-05 0.0304724 9.98947E-05 9.98947E-05 0.0179072 9.98947E-05 0.603431 9.98947E-05 0.238185 9.98947E-05 9.98947E-05
9.98947E-05 0.0537216 9.98947E-05 9.98947E-05 9.98947E-05 0.257157 9.98947E-05 9.98947E-05 0.305963 9.98947E-05 9.98947E-05 9.98947E-05 0.362479 9.98947E-05 0.0194802 9.98947E-05 9.98947E-05
0.107591 9.99122E-05 9.99122E-05 9.99122E-05 9.99122E-05 0.238112 9.99122E-05 0.162695 0.0582806 0.0414527 9.99122E-05 0.112903 0.277966 9.99122E-05 9.99122E-05 9.99122E-05 9.99122E-05
9.99034E-05 9.99034E-05 9.99034E-05 9.99034E-05 9.99034E-05 0.108321 0.0650338 0.0402438 0.0508375 0.0105926 9.99034E-05 9.99034E-05 0.723873 9.99034E-05 9.99034E-05 9.99034E-05 9.99034E-05
9.99122E-05 9.99122E-05 9.99122E-05 9.99122E-05 0.0790072 0.111273 9.99122E-05 0.30273 0.311545 0.0202261 9.99122E-05 9.99122E-05 0.0390244 0.135195 9.99122E-05 9.99122E-05 9.99122E-05
9.98947E-05 9.98947E-05 9.98947E-05 0.0188361 9.98947E-05 0.0351934 0.15911 9.98947E-05 0.0569045 9.98947E-05 9.98947E-05 9.98947E-05 0.728758 9.98947E-05 9.98947E-05 9.98947E-05 9.98947E-05
9.98947E-05 9.98947E-05 9.98947E-05 9.98947E-05 9.98947E-05 0.168488 9.98947E-05 0.0422053 0.0738689 9.98947E-05 9.98947E-05 9.98947E-05 0.544924 9.98947E-05 0.169314 9.98947E-05 9.98947E-05
9.98947E-05 9.98947E-05 9.98947E-05 0.00218279 9.98947E-05 0.0782097 9.98947E-05 0.033776 9.98947E-05 0.0553906 9.98947E-05 9.98947E-05 0.829242 9.98947E-05 9.98947E-05 9.98947E-05 9.98947E-05
9.99122E-05 9.99122E-05 9.99122E-05 0.050874 9.99122E-05 0.074796 9.99122E-05 9.99122E-05 0.0665743 9.99122E-05 0.0978297 0.0209819 0.610456 9.99122E-05 0.0774892 9.99122E-05 9.99122E-05
9.99211E-05 9.99211E-05 9.99211E-05 0.0434516 9.99211E-05 0.0494735 0.00403765 0.27672 0.00833883 0.0219381 0.0477012 9.99211E-05 0.547439 9.99211E-05 9.99211E-05 9.99211E-05 9.99211E-05
9.99122E-05 9.99122E-05 9.99122E-05 9.99122E-05 9.99122E-05 0.107045 9.99122E-05 0.0769869 0.105719 0.00820332 0.134898 9.99122E-05 0.504271 9.99122E-05 0.0618778 9.99122E-05 9.99122E-05
9.99035E-05 9.99035E-05 9.99035E-05 9.99035E-05 9.99035E-05 0.16902 0.0328764 0.208029 0.157111 9.99035E-05 9.99035E-05 9.99035E-05 0.404942 0.0269225 9.99035E-05 9.99035E-05 9.99035E-05
0.0147043 9.99035E-05 9.99035E-05 0.00372918 9.99035E-05 9.99035E-05 9.99035E-05 9.99035E-05 9.99035E-05 9.99035E-05 0.0869028 0.0151802 0.843354 0.0350304 9.99035E-05 9.99035E-05 9.99035E-05
9.98947E-05 9.98947E-05 9.98947E-05 9.98947E-05 9.98947E-05 9.98947E-05 0.189585 9.98947E-05 0.0624357 0.00894621 9.98947E-05 9.98947E-05 0.704993 9.98947E-05 0.032842 9.98947E-05 9.98947E-05
9.98948E-05 9.98948E-05 0.00869299 0.0402058 0.0965125 9.98948E-05 9.98948E-05 9.98948E-05 9.98948E-05 9.98948E-05 0.0251728 9.98948E-05 0.828217 9.98948E-05 9.98948E-05 9.98948E-05 9.98948E-05
9.99036E-05 9.99036E-05 9.99036E-05 9.99036E-05 9.99036E-05 0.177309 0.0656699 9.99036E-05 9.99036E-05 0.181975 9.99036E-05 0.032809 0.521592 9.99036E-05 9.99036E-05 0.0195461 9.99036E-05
9.99298E-05 9.99298E-05 0.0953873 9.99298E-05 9.99298E-05 0.159319 9.99298E-05 0.0138729 0.0331129 0.00447303 0.0230996 9.99298E-05 0.560587 9.99298E-05 9.99298E-05 0.0170685 0.0922805
9.99034E-05 9.99034E-05 9.99034E-05 0.0486857 0.0948636 0.180154 9.99034E-05 0.200917 0.0246909 9.99034E-05 9.99034E-05 9.99034E-05 0.44959 9.99034E-05 9.99034E-05 9.99034E-05 9.99034E-05
9.99034E-05 9.99034E-05 9.99034E-05 0.0345687 9.99034E-05 0.055882 9.99034E-05 9.99034E-05 0.0923288 0.0260749 0.0203873 9.99034E-05 0.769659 9.99034E-05 9.99034E-05 9.99034E-05 9.99034E-05
9.99036E-05 0.0131671 9.99036E-05 9.99036E-05 9.99036E-05 0.0621646 9.99036E-05 9.99036E-05 0.231842 0.00165459 9.99036E-05 9.99036E-05 0.661191 9.99036E-05 0.0288814 9.99036E-05 9.99036E-05
9.99123E-05 0.0678511 0.0510468 0.00892723 0.0119041 9.99123E-05 9.99123E-05 9.99123E-05 0.0522361 9.99123E-05 9.99123E-05 9.99123E-05 0.767825 9.99123E-05 9.99123E-05 0.03921 9.99123E-05
9.99122E-05 0.0350609 9.99122E-05 9.99122E-05 9.99122E-05 0.203215 9.99122E-05 9.99122E-05 0.0472372 0.120049 0.0215322 9.99122E-05 0.384822 9.99122E-05 0.187084 9.99122E-05 9.99122E-05
9.99035E-05 9.99035E-05 9.99035E-05 0.0369911 9.99035E-05 0.29362 0.0815815 9.99035E-05 0.348774 9.99035E-05 9.99035E-05 0.014232 0.223702 9.99035E-05 9.99035E-05 9.99035E-05 9.99035E-05
9.98946E-05 9.98946E-05 9.98946E-05 0.0260356 9.98946E-05 0.0578692 9.98946E-05 9.98946E-05 0.0776554 9.98946E-05 9.98946E-05 0.0647462 0.772495 9.98946E-05 9.98946E-05 9.98946E-05 9.98946E-05
9.99122E-05 9.99122E-05 9.99122E-05 9.99122E-05 9.99122E-05 0.0754471 0.0480133 0.0517963 9.99122E-05 0.00448921 0.025971 9.99122E-05 0.761057 0.032227 9.99122E-05 9.99122E-05 9.99122E-05
9.98771E-05 9.98771E-05 9.98771E-05 9.98771E-05 0.00123453 0.0221375 9.98771E-05 9.98771E-05 9.98771E-05 9.98771E-05 9.98771E-05 9.98771E-05 0.97523 9.98771E-05 9.98771E-05 9.98771E-05 9.98771E-05
9.99034E-05 9.99034E-05 9.99034E-05 0.0313277 9.99034E-05 0.129188 9.99034E-05 9.99034E-05 0.122721 9.99034E-05 0.0272932 9.99034E-05 0.640708 9.99034E-05 0.0476631 9.99034E-05 9.99034E-05
9.99125E-05 9.99125E-05 9.99125E-05 0.0770046 0.0632295 9.99125E-05 9.99125E-05 9.99125E-05 9.99125E-05 0.0291431 0.0363088 0.00731478 0.748513 0.0374873 9.99125E-05 9.99125E-05 9.99125E-05
9.99298E-05 0.0356103 9.99298E-05 9.99298E-05 9.99298E-05 0.207478 0.0243786 0.183989 0.0692056 0.0376431 0.112791 9.99298E-05 0.287943 9.99298E-05 0.0401619 9.99298E-05 9.99298E-05
9.98947E-05 0.0907303 9.98947E-05 9.98947E-05 9.98947E-05 9.98947E-05 0.100132 9.98947E-05 0.219054 9.98947E-05 9.98947E-05 9.98947E-05 0.560366 9.98947E-05 9.98947E-05 9.98947E-05 0.0285192
9.98948E-05 9.98948E-05 0.0094561 9.98948E-05 9.98948E-05 9.98948E-05 9.98948E-05 0.0078218 9.98948E-05 0.0472721 9.98948E-05 9.98948E-05 0.867806 0.066445 9.98948E-05 9.98948E-05 9.98948E-05
0.0132234 9.99124E-05 9.99124E-05 9.99124E-05 0.236043 0.0442569 9.99124E-05 0.0270211 9.99124E-05 9.99124E-05 9.99124E-05 0.0145581 0.653971 0.00992693 9.99124E-05 9.99124E-05 9.99124E-05
0.138645 9.9886E-05 9.9886E-05 9.9886E-05 9.9886E-05 0.0611702 9.9886E-05 9.9886E-05 9.9886E-05 0.00931217 9.9886E-05 9.9886E-05 0.789574 9.9886E-05 9.9886E-05 9.9886E-05 9.9886E-05
9.98948E-05 9.98948E-05 9.98948E-05 0.0997247 9.98948E-05 9.98948E-05 9.98948E-05 0.0802544 0.013692 9.98948E-05 9.98948E-05 0.080573 0.724557 9.98948E-05 9.98948E-05 9.98948E-05 9.98948E-05
9.99035E-05 9.99035E-05 0.0227902 9.99035E-05 9.99035E-05 0.0628457 0.0266451 9.99035E-05 9.99035E-05 9.99035E-05 0.0663843 9.99035E-05 0.711524 0.108712 9.99035E-05 9.99035E-05 9.99035E-05
9.98861E-05 9.98861E-05 9.98861E-05 9.98861E-05 9.98861E-05 0.0412747 0.201129 9.98861E-05 9.98861E-05 9.98861E-05 0.00191539 9.98861E-05 0.754383 9.98861E-05 9.98861E-05 9.98861E-05 9.98861E-05
9.99122E-05 9.99122E-05 0.0112374 9.99122E-05 9.99122E-05 0.0313625 0.011413 9.99122E-05 0.00199307 0.00440385 0.0320395 9.99122E-05 0.906552 9.99122E-05 9.99122E-05 9.99122E-05 9.99122E-05
9.98858E-05 9.98858E-05 0.0336269 9.98858E-05 9.98858E-05 0.163687 9.98858E-05 9.98858E-05 9.98858E-05 0.0567196 9.98858E-05 9.98858E-05 9.98858E-05 9.98858E-05 0.744668 9.98858E-05 9.98858E-05
9.98597E-05 9.98597E-05 9.98597E-05 9.98597E-05 9.98597E-05 9.98597E-05 9.98597E-05 9.98597E-05 9.98597E-05 9.98597E-05 9.98597E-05 9.98597E-05 9.98597E-05 9.98597E-05 0.998402 9.98597E-05 9.98597E-05
9.98859E-05 9.98859E-05 9.98859E-05 9.98859E-05 0.0299215 9.98859E-05 9.98859E-05 9.98859E-05 9.98859E-05 9.98859E-05 9.98859E-05 9.98859E-05 9.98859E-05 0.0191431 0.886831 0.0628061 9.98859E-05
9.99035E-05 9.99035E-05 0.271688 9.99035E-05 9.99035E-05 0.0316911 9.99035E-05 0.223216 9.99035E-05 0.131569 9.99035E-05 9.99035E-05 9.99035E-05 0.00982805 0.330908 9.99035E-05 9.99035E-05
9.99033E-05 9.99033E-05 9.99033E-05 0.0603478 9.99033E-05 0.0462753 9.99033E-05 9.99033E-05 0.0318213 0.0700427 9.99033E-05 0.123057 9.99033E-05 9.99033E-05 0.667357 9.99033E-05 9.99033E-05
0.0188437 9.9912E-05 9.9912E-05 9.9912E-05 9.9912E-05 0.198236 9.9912E-05 0.0376823 0.153528 0.015148 0.012302 9.9912E-05 9.9912E-05 9.9912E-05 0.56326 9.9912E-05 9.9912E-05
9.98945E-05 9.98945E-05 0.33718 0.0488438 9.98945E-05 0.0914399 9.98945E-05 9.98945E-05 9.98945E-05 9.98945E-05 9.98945E-05 0.0429678 9.98945E-05 9.98945E-05 0.47837 9.98945E-05 9.98945E-05
9.99122E-05 9.99122E-05 0.0171548 0.136702 9.99122E-05 0.177246 9.99122E-05 0.0599772 9.99122E-05 0.0271652 9.99122E-05 9.99122E-05 9.99122E-05 0.119952 0.460804 9.99122E-05 9.99122E-05
9.98684E-05 9.98684E-05 9.98684E-05 9.98684E-05 9.98684E-05 0.0850927 9.98684E-05 9.98684E-05 9.98684E-05 9.98684E-05 9.98684E-05 9.98684E-05 9.98684E-05 9.98684E-05 0.913409 9.98684E-05 9.98684E-05
9.98858E-05 9.98858E-05 9.98858E-05 0.0137206 9.98858E-05 9.98858E-05 0.0247839 9.98858E-05 9.98858E-05 9.98858E-05 0.00945667 9.98858E-05 9.98858E-05 9.98858E-05 0.95074 9.98858E-05 9.98858E-05
9.98945E-05 9.98945E-05 9.98945E-05 0.0159864 9.98945E-05 0.341924 9.98945E-05 9.98945E-05 9.98945E-05 0.0351666 0.137788 9.98945E-05 9.98945E-05 9.98945E-05 0.467935 9.98945E-05 9.98945E-05
0.103436 9.99297E-05 0.101246 9.99297E-05 0.0182854 0.0236582 9.99297E-05 9.99297E-05 0.0864239 0.00383556 0.0380431 9.99297E-05 9.99297E-05 9.99297E-05 0.504261 9.99297E-05 0.120011
9.99121E-05 9.99121E-05 9.99121E-05 9.99121E-05 0.0374017 0.0143848 9.99121E-05 0.022932 9.99121E-05 0.116392 0.0911331 9.99121E-05 9.99121E-05 9.99121E-05 0.599526 9.99121E-05 0.117231
9.98946E-05 9.98946E-05 0.128816 0.0624596 9.98946E-05 0.288204 9.98946E-05 9.98946E-05 0.119534 9.98946E-05 9.98946E-05 9.98946E-05 9.98946E-05 9.98946E-05 0.399788 9.98946E-05 9.98946E-05
9.98685E-05 9.98685E-05 9.98685E-05 9.98685E-05 0.0388348 9.98685E-05 9.98685E-05 9.98685E-05 9.98685E-05 9.98685E-05 9.98685E-05 9.98685E-05 9.98685E-05 9.98685E-05 0.959667 9.98685E-05 9.98685E-05
9.98859E-05 9.98859E-05 9.98859E-05 9.98859E-05 9.98859E-05 0.0411439 9.98859E-05 9.98859E-05 9.98859E-05 0.055133 0.0152876 9.98859E-05 9.98859E-05 9.98859E-05 0.887137 9.98859E-05 9.98859E-05
9.99032E-05 9.99032E-05 9.99032E-05 0.110353 0.0701242 9.99032E-05 9.99032E-05 0.0273459 9.99032E-05 0.00896257 9.99032E-05 9.99032E-05 9.99032E-05 0.0416063 0.740509 9.99032E-05 9.99032E-05
9.99033E-05 9.99033E-05 9.99033E-05 0.131818 9.99033E-05 9.99033E-05 0.0479161 9.99033E-05 0.0373271 0.034729 0.0886137 9.99033E-05 9.99033E-05 9.99033E-05 0.658497 9.99033E-05 9.99033E-05
9.98945E-05 9.98945E-05 9.98945E-05 0.0193784 9.98945E-05 0.0526601 9.98945E-05 9.98945E-05 9.98945E-05 9.98945E-05 0.0270369 9.98945E-05 9.98945E-05 0.0532928 0.846433 9.98945E-05 9.98945E-05
9.99033E-05 9.99033E-05 9.99033E-05 9.99033E-05 0.109374 0.163875 9.99033E-05 0.038607 9.99033E-05 9.99033E-05 0.0225192 0.0314207 9.99033E-05 9.99033E-05 0.633105 9.99033E-05 9.99033E-05
9.98773E-05 9.98773E-05 9.98773E-05 9.98773E-05 9.98773E-05 0.000988978 9.98773E-05 9.98773E-05 9.98773E-05 9.98773E-05 9.98773E-05 9.98773E-05 9.98773E-05 9.98773E-05 0.945516 0.0520963 9.98773E-05
0.0299416 9.99121E-05 9.99121E-05 9.99121E-05 9.99121E-05 0.0259445 9.99121E-05 0.026258 0.221225 9.99121E-05 9.99121E-05 0.0143058 9.99121E-05 0.0385947 0.642731 9.99121E-05 9.99121E-05
9.98947E-05 9.98947E-05 0.0649394 9.98947E-05 9.98947E-05 0.0490141 9.98947E-05 0.0905013 0.0214248 9.98947E-05 9.98947E-05 9.98947E-05 9.98947E-05 9.98947E-05 0.772922 9.98947E-05 9.98947E-05
9.99034E-05 0.0196231 9.99034E-05 0.170751 9.99034E-05 0.0151947 9.99034E-05 9.99034E-05 9.99034E-05 0.0415017 9.99034E-05 9.99034E-05 9.99034E-05 0.063303 0.688528 9.99034E-05 9.99034E-05
9.9877E-05 9.9877E-05 9.9877E-05 9.9877E-05 9.9877E-05 0.063285 9.9877E-05 9.9877E-05 9.9877E-05 9.9877E-05 0.212146 9.9877E-05 9.9877E-05 9.9877E-05 0.72317 9.9877E-05 9.9877E-05
9.98685E-05 9.98685E-05 9.98685E-05 9.98685E-05 9.98685E-05 9.98685E-05 9.98685E-05 9.98685E-05 9.98685E-05 0.0222338 9.98685E-05 9.98685E-05 9.98685E-05 9.98685E-05 0.976268 9.98685E-05 9.98685E-05
9.98773E-05 0.0194511 9.98773E-05 9.98773E-05 9.98773E-05 9.98773E-05 9.98773E-05 9.98773E-05 9.98773E-05 9.98773E-05 9.98773E-05 9.98773E-05 9.98773E-05 0.0347802 0.94437 9.98773E-05 9.98773E-05
9.98684E-05 9.98684E-05 9.98684E-05 9.98684E-05 9.98684E-05 0.0194692 9.98684E-05 9.98684E-05 9.98684E-05 9.98684E-05 9.98684E-05 9.98684E-05 9.98684E-05 9.98684E-05 0.979033 9.98684E-05 9.98684E-05
9.98772E-05 9.98772E-05 9.98772E-05 9.98772E-05 9.98772E-05 9.98772E-05 9.98772E-05 9.98772E-05 9.98772E-05 0.0186735 9.98772E-05 9.98772E-05 9.98772E-05 0.06854 0.911388 9.98772E-05 9.98772E-05
9.98948E-05 9.98948E-05 0.0033574 9.98948E-05 9.98948E-05 0.0702871 9.98948E-05 9.98948E-05 9.98948E-05 0.145764 9.98948E-05 9.98948E-05 9.98948E-05 9.98948E-05 0.700886 0.0785072 9.98948E-05
9.98771E-05 9.98771E-05 9.98771E-05 9.98771E-05 9.98771E-05 0.118776 9.98771E-05 0.764465 9.98771E-05 0.115361 9.98771E-05 9.98771E-05 9.98771E-05 9.98771E-05 9.98771E-05 9.98771E-05 9.98771E-05
9.98859E-05 9.98859E-05 9.98859E-05 9.98859E-05 9.98859E-05 0.0470557 9.98859E-05 0.475597 9.98859E-05 0.0379334 9.98859E-05 9.98859E-05 9.98859E-05 9.98859E-05 9.98859E-05 0.438115 9.98859E-05
9.98683E-05 9.98683E-05 9.98683E-05 9.98683E-05 9.98683E-05 0.103174 9.98683E-05 0.895328 9.98683E-05 9.98683E-05 9.98683E-05 9.98683E-05 9.98683E-05 9.98683E-05 9.98683E-05 9.98683E-05 9.98683E-05
9.98769E-05 9.98769E-05 9.98769E-05 9.98769E-05 9.98769E-05 0.119559 9.98769E-05 0.839749 9.98769E-05 0.0392942 9.98769E-05 9.98769E-05 9.98769E-05 9.98769E-05 9.98769E-05 9.98769E-05 9.98769E-05
9.98946E-05 0.00769788 9.98946E-05 9.98946E-05 0.0234332 9.98946E-05 9.98946E-05 0.88669 9.98946E-05 0.051459 9.98946E-05 9.98946E-05 9.98946E-05 0.0295216 9.98946E-05 9.98946E-05 9.98946E-05
9.98947E-05 9.98947E-05 0.0361601 9.98947E-05 9.98947E-05 0.179934 0.0569836 0.616558 9.98947E-05 0.109165 9.98947E-05 9.98947E-05 9.98947E-05 9.98947E-05 9.98947E-05 9.98947E-05 9.98947E-05
9.99004E-05 9.99004E-05 9.99004E-05 9.99004E-05 9.99004E-05 0.136194 9.99004E-05 0.73238 0.0495669 0.0769617 9.99004E-05 9.99004E-05 9.99004E-05 0.00369814 9.99004E-05 9.99004E-05 9.99004E-05
9.9877E-05 9.9877E-05 9.9877E-05 9.9877E-05 9.9877E-05 0.0183955 9.9877E-05 0.770214 9.9877E-05 0.209993 9.9877E-05 9.9877E-05 9.9877E-05 9.9877E-05 9.9877E-05 9.9877E-05 9.9877E-05
9.98945E-05 9.98945E-05 0.224725 9.98945E-05 9.98945E-05 9.98945E-05 9.98945E-05 0.412622 0.0598111 0.278246 0.0233975 9.98945E-05 9.98945E-05 9.98945E-05 9.98945E-05 9.98945E-05 9.98945E-05
9.98859E-05 9.98859E-05 9.98859E-05 9.98859E-05 9.98859E-05 0.251544 0.00147373 0.534609 9.98859E-05 0.211075 9.98859E-05 9.98859E-05 9.98859E-05 9.98859E-05 9.98859E-05 9.98859E-05 9.98859E-05
9.98859E-05 9.98859E-05 0.191115 9.98859E-05 9.98859E-05 9.98859E-05 9.98859E-05 0.550462 9.98859E-05 0.00668719 9.98859E-05 9.98859E-05 9.98859E-05 9.98859E-05 9.98859E-05 0.250437 9.98859E-05
9.98948E-05 9.98948E-05 0.110623 9.98948E-05 9.98948E-05 9.98948E-05 9.98948E-05 0.806244 9.98948E-05 9.98948E-05 0.00137844 9.98948E-05 0.0297311 9.98948E-05 9.98948E-05 0.0508252 9.98948E-05
9.98685E-05 9.98685E-05 9.98685E-05 9.98685E-05 9.98685E-05 9.98685E-05 9.98685E-05 0.939282 9.98685E-05 0.0592202 9.98685E-05 9.98685E-05 9.98685E-05 9.98685E-05 9.98685E-05 9.98685E-05 9.98685E-05
9.9886E-05 9.9886E-05 9.9886E-05 9.9886E-05 9.9886E-05 0.206544 9.9886E-05 0.671341 9.9886E-05 0.106289 9.9886E-05 9.9886E-05 9.9886E-05 9.9886E-05 9.9886E-05 0.0145276 9.9886E-05
9.99123E-05 9.99123E-05 0.0178511 0.0356944 9.99123E-05 0.103813 9.99123E-05 0.587872 9.99123E-05 0.0529194 9.99123E-05 9.99123E-05 9.99123E-05 0.112174 9.99123E-05 0.0886771 9.99123E-05
9.99035E-05 9.99035E-05 0.0743582 9.99035E-05 0.00397004 0.164376 9.99035E-05 0.708334 9.99035E-05 0.00941377 0.0384485 9.99035E-05 9.99035E-05 9.99035E-05 9.99035E-05 9.99035E-05 9.99035E-05
9.98859E-05 9.98859E-05 0.227931 9.98859E-05 9.98859E-05 0.15433 9.98859E-05 0.589858 9.98859E-05 9.98859E-05 9.98859E-05 9.98859E-05 9.98859E-05 0.0265821 9.98859E-05 9.98859E-05 9.98859E-05
9.99036E-05 9.99036E-05 9.99036E-05 9.99036E-05 9.99036E-05 9.99036E-05 0.0552223 0.651837 0.0847574 0.131571 0.0310391 9.99036E-05 9.99036E-05 9.99036E-05 9.99036E-05 0.0444738 9.99036E-05
9.98772E-05 9.98772E-05 0.0273877 9.98772E-05 9.98772E-05 9.98772E-05 9.98772E-05 0.926942 9.98772E-05 9.98772E-05 0.0442716 9.98772E-05 9.98772E-05 9.98772E-05 9.98772E-05 9.98772E-05 9.98772E-05
0.0980896 9.99035E-05 9.99035E-05 9.99035E-05 9.99035E-05 0.0897253 9.99035E-05 0.40531 9.99035E-05 0.0851254 9.99035E-05 0.142661 9.99035E-05 9.99035E-05 9.99035E-05 0.17799 9.99035E-05
9.98947E-05 9.98947E-05 0.1609 9.98947E-05 9.98947E-05 0.0740373 9.98947E-05 0.733297 9.98947E-05 0.0227946 9.98947E-05 9.98947E-05 9.98947E-05 9.98947E-05 9.98947E-05 9.98947E-05 0.00777186
9.98772E-05 9.98772E-05 9.98772E-05 9.98772E-05 9.98772E-05 0.0315212 9.98772E-05 0.911658 9.98772E-05 9.98772E-05 0.0554229 9.98772E-05 9.98772E-05 9.98772E-05 9.98772E-05 9.98772E-05 9.98772E-05
9.98947E-05 9.98947E-05 0.0628927 9.98947E-05 9.98947E-05 0.209025 9.98947E-05 0.4524 9.98947E-05 0.22814 9.98947E-05 0.0463446 9.98947E-05 9.98947E-05 9.98947E-05 9.98947E-05 9.98947E-05
0.0668119 0.0146199 9.98948E-05 9.98948E-05 9.98948E-05 9.98948E-05 9.98948E-05 0.650977 9.98948E-05 0.198642 9.98948E-05 9.98948E-05 9.98948E-05 9.98948E-05 9.98948E-05 0.0677506 9.98948E-05
9.98946E-05 9.98946E-05 0.0639175 9.98946E-05 9.98946E-05 0.208394 9.98946E-05 0.453092 9.98946E-05 0.227633 9.98946E-05 0.0457644 9.98946E-05 9.98946E-05 9.98946E-05 9.98946E-05 9.98946E-05
9.99036E-05 9.99036E-05 0.111125 9.99036E-05 9.99036E-05 0.162464 9.99036E-05 0.297371 9.99036E-05 0.185976 9.99036E-05 9.99036E-05 9.99036E-05 9.99036E-05 0.045401 0.196564 9.99036E-05
0.0205595 0.135557 9.99035E-05 9.99035E-05 9.99035E-05 0.0461619 9.99035E-05 0.197826 9.99035E-05 9.99035E-05 9.99035E-05 0.00524658 9.99035E-05 9.99035E-05 9.99035E-05 0.59355 9.99035E-05
9.98857E-05 9.98857E-05 9.98857E-05 0.0887321 9.98857E-05 0.0998756 9.98857E-05 0.779061 9.98857E-05 0.0310333 9.98857E-05 9.98857E-05 9.98857E-05 9.98857E-05 9.98857E-05 9.98857E-05 9.98857E-05
9.9886E-05 9.9886E-05 0.0209576 9.9886E-05 9.9886E-05 0.159529 9.9886E-05 0.568433 9.9886E-05 0.249782 9.9886E-05 9.9886E-05 9.9886E-05 9.9886E-05 9.9886E-05 9.9886E-05 9.9886E-05
9.9886E-05 9.9886E-05 9.9886E-05 9.9886E-05 9.9886E-05 0.0944882 9.9886E-05 0.864824 9.9886E-05 9.9886E-05 0.00294007 0.0364489 9.9886E-05 9.9886E-05 9.9886E-05 9.9886E-05 9.9886E-05
9.9886E-05 9.9886E-05 9.9886E-05 9.9886E-05 9.9886E-05 0.187052 9.9886E-05 0.769134 9.9886E-05 0.0216496 0.0208658 9.9886E-05 9.9886E-05 9.9886E-05 9.9886E-05 9.9886E-05 9.9886E-05
9.98771E-05 9.98771E-05 9.98771E-05 9.98771E-05 9.98771E-05 0.0405959 9.98771E-05 0.908851 9.98771E-05 9.98771E-05 9.98771E-05 0.0491546 9.98771E-05 9.98771E-05 9.98771E-05 9.98771E-05 9.98771E-05
9.98945E-05 9.98945E-05 9.98945E-05 9.98945E-05 9.98945E-05 0.144861 9.98945E-05 0.401557 9.98945E-05 0.245964 9.98945E-05 0.164632 9.98945E-05 9.98945E-05 9.98945E-05 9.98945E-05 0.0417867
9.98858E-05 9.98858E-05 9.98858E-05 9.98858E-05 9.98858E-05 0.0349156 9.98858E-05 0.808215 0.127804 0.0277677 9.98858E-05 9.98858E-05 9.98858E-05 9.98858E-05 9.98858E-05 9.98858E-05 9.98858E-05
9.98684E-05 9.98684E-05 9.98684E-05 9.98684E-05 9.98684E-05 0.00535566 9.98684E-05 0.993146 9.98684E-05 9.98684E-05 9.98684E-05 9.98684E-05 9.98684E-05 9.98684E-05 9.98684E-05 9.98684E-05 9.98684E-05
9.99122E-05 9.99122E-05 9.99122E-05 9.99122E-05 0.0243644 9.99122E-05 0.0159237 0.798745 0.0421519 0.0719845 0.0224959 9.99122E-05 9.99122E-05 9.99122E-05 9.99122E-05 0.0233355 9.99122E-05
9.98945E-05 9.98945E-05 9.98945E-05 9.98945E-05 9.98945E-05 0.234924 9.98945E-05 0.636135 9.98945E-05 0.089356 0.0139724 9.98945E-05 9.98945E-05 0.0244138 9.98945E-05 9.98945E-05 9.98945E-05
9.98858E-05 9.98858E-05 9.98858E-05 9.98858E-05 9.98858E-05 9.98858E-05 0.00638102 0.346278 9.98858E-05 0.0809146 9.98858E-05 9.98858E-05 9.98858E-05 9.98858E-05 9.98858E-05 0.565128 9.98858E-05
9.98948E-05 9.98948E-05 9.98948E-05 9.98948E-05 9.98948E-05 0.0151548 9.98948E-05 0.8018 9.98948E-05 0.0532216 9.98948E-05 0.026008 9.98948E-05 9.98948E-05 9.98948E-05 0.102617 9.98948E-05
9.98686E-05 9.98686E-05 9.98686E-05 9.98686E-05 9.98686E-05 9.98686E-05 9.98686E-05 0.770535 9.98686E-05 9.98686E-05 9.98686E-05 9.98686E-05 9.98686E-05 9.98686E-05 9.98686E-05 0.227967 9.98686E-05
9.99035E-05 9.99035E-05 0.0425314 9.99035E-05 9.99035E-05 9.99035E-05 9.99035E-05 0.356411 9.99035E-05 0.0197186 0.027119 0.0974476 9.99035E-05 9.99035E-05 9.99035E-05 0.455674 9.99035E-05
9.98859E-05 9.98859E-05 0.093664 9.98859E-05 9.98859E-05 0.316764 9.98859E-05 0.473314 9.98859E-05 0.114959 9.98859E-05 9.98859E-05 9.98859E-05 9.98859E-05 9.98859E-05 9.98859E-05 9.98859E-05
0.0836056 9.98772E-05 9.98772E-05 9.98772E-05 9.98772E-05 9.98772E-05 9.98772E-05 0.841361 9.98772E-05 0.0736355 9.98772E-05 9.98772E-05 9.98772E-05 9.98772E-05 9.98772E-05 9.98772E-05 9.98772E-05
9.98946E-05 9.98946E-05 9.98946E-05 9.98946E-05 9.98946E-05 0.0849424 9.98946E-05 0.182933 9.98946E-05 0.099434 9.98946E-05 0.0690755 9.98946E-05 9.98946E-05 9.98946E-05 0.562416 9.98946E-05
9.9886E-05 9.9886E-05 9.9886E-05 9.9886E-05 9.9886E-05 0.0424752 9.9886E-05 0.462272 9.9886E-05 0.0155403 9.9886E-05 9.9886E-05 9.9886E-05 9.9886E-05 9.9886E-05 0.478414 9.9886E-05
9.98946E-05 9.98946E-05 0.134237 9.98946E-05 9.98946E-05 9.98946E-05 9.98946E-05 0.528938 0.0231589 0.205055 9.98946E-05 0.107413 9.98946E-05 9.98946E-05 9.98946E-05 9.98946E-05 9.98946E-05
9.98859E-05 9.98859E-05 9.98859E-05 9.98859E-05 9.98859E-05 0.100601 9.98859E-05 0.58317 9.98859E-05 0.0947266 9.98859E-05 9.98859E-05 9.98859E-05 9.98859E-05 0.220203 9.98859E-05 9.98859E-05
9.98949E-05 0.141593 0.199726 9.98949E-05 0.0353621 9.98949E-05 9.98949E-05 0.516913 9.98949E-05 0.105207 9.98949E-05 9.98949E-05 9.98949E-05 9.98949E-05 9.98949E-05 9.98949E-05 9.98949E-05
9.98947E-05 9.98947E-05 9.98947E-05 9.98947E-05 9.98947E-05 0.18363 9.98947E-05 0.42449 0.0257515 0.317415 9.98947E-05 9.98947E-05 9.98947E-05 9.98947E-05 0.0475156 9.98947E-05 9.98947E-05
9.98684E-05 9.98684E-05 9.98684E-05 9.98684E-05 9.98684E-05 9.98684E-05 9.98684E-05 0.578128 9.98684E-05 9.98684E-05 9.98684E-05 9.98684E-05 9.98684E-05 9.98684E-05 9.98684E-05 0.420374 9.98684E-05
9.9877E-05 9.9877E-05 9.9877E-05 9.9877E-05 9.9877E-05 0.101222 0.167619 0.72976 9.9877E-05 9.9877E-05 9.9877E-05 9.9877E-05 9.9877E-05 9.9877E-05 9.9877E-05 9.9877E-05 9.9877E-05
0.0494799 9.99035E-05 9.99035E-05 9.99035E-05 9.99035E-05 9.99035E-05 9.99035E-05 0.218449 9.99035E-05 0.106976 9.99035E-05 9.99035E-05 9.99035E-05 9.99035E-05 0.0921712 0.511392 0.0204321
9.98948E-05 9.98948E-05 9.98948E-05 9.98948E-05 9.98948E-05 0.0818934 9.98948E-05 0.721689 9.98948E-05 0.0690562 0.0318362 9.98948E-05 9.98948E-05 9.98948E-05 9.98948E-05 0.0943268 9.98948E-05
9.98859E-05 9.98859E-05 0.0964161 9.98859E-05 9.98859E-05 9.98859E-05 9.98859E-05 0.808713 9.98859E-05 0.0843282 9.98859E-05 9.98859E-05 9.98859E-05 0.00924465 9.98859E-05 9.98859E-05 9.98859E-05
9.98858E-05 9.98858E-05 9.98858E-05 9.98858E-05 9.98858E-05 9.98858E-05 0.0374068 0.905495 9.98858E-05 9.98858E-05 0.0528446 0.00295551 9.98858E-05 9.98858E-05 9.98858E-05 9.98858E-05 9.98858E-05
0.0189037 9.98945E-05 0.165325 9.98945E-05 9.98945E-05 0.17775 9.98945E-05 0.532715 9.98945E-05 0.104108 9.98945E-05 9.98945E-05 9.98945E-05 9.98945E-05 9.98945E-05 9.98945E-05 9.98945E-05
9.9877E-05 9.9877E-05 9.9877E-05 9.9877E-05 9.9877E-05 0.0821224 9.9877E-05 0.7467 9.9877E-05 0.169779 9.9877E-05 9.9877E-05 9.9877E-05 9.9877E-05 9.9877E-05 9.9877E-05 9.9877E-05
9.98858E-05 9.98858E-05 9.98858E-05 9.98858E-05 0.0538416 9.98858E-05 9.98858E-05 0.857262 9.98858E-05 0.0395353 0.0480624 9.98858E-05 9.98858E-05 9.98858E-05 9.98858E-05 9.98858E-05 9.98858E-05
9.98772E-05 9.98772E-05 9.98772E-05 9.98772E-05 9.98772E-05 0.0402758 9.98772E-05 0.863312 9.98772E-05 9.98772E-05 9.98772E-05 0.0950139 9.98772E-05 9.98772E-05 9.98772E-05 9.98772E-05 9.98772E-05
9.98859E-05 9.98859E-05 0.0181552 9.98859E-05 9.98859E-05 9.98859E-05 9.98859E-05 0.734613 9.98859E-05 0.145365 9.98859E-05 9.98859E-05 9.98859E-05 9.98859E-05 9.98859E-05 0.100568 9.98859E-05
9.98593E-05 9.98593E-05 9.98593E-05 9.98593E-05 9.98593E-05 0.998402 9.98593E-05 9.98593E-05 9.98593E-05 9.98593E-05 9.98593E-05 9.98593E-05 9.98593E-05 9.98593E-05 9.98593E-05 9.98593E-05 9.98593E-05
9.98594E-05 9.98594E-05 9.98594E-05 9.98594E-05 9.98594E-05 9.98594E-05 9.98594E-05 9.98594E-05 9.98594E-05 0.998402 9.98594E-05 9.98594E-05 9.98594E-05 9.98594E-05 9.98594E-05 9.98594E-05 9.98594E-05
9.98682E-05 9.98682E-05 9.98682E-05 9.98682E-05 9.98682E-05 0.991497 9.98682E-05 9.98682E-05 9.98682E-05 9.98682E-05 9.98682E-05 9.98682E-05 9.98682E-05 0.00700521 9.98682E-05 9.98682E-05 9.98682E-05
9.98682E-05 9.98682E-05 9.98682E-05 9.98682E-05 9.98682E-05 9.98682E-05 0.00587671 9.98682E-05 9.98682E-05 0.992625 9.98682E-05 9.98682E-05 9.98682E-05 9.98682E-05 9.98682E-05 9.98682E-05 9.98682E-05
9.98593E-05 9.98593E-05 9.98593E-05 9.98593E-05 9.98593E-05 9.98593E-05 9.98593E-05 9.98593E-05 9.98593E-05 0.998402 9.98593E-05 9.98593E-05 9.98593E-05 9.98593E-05 9.98593E-05 9.98593E-05 9.98593E-05
9.98593E-05 9.98593E-05 9.98593E-05 9.98593E-05 9.98593E-05 9.98593E-05 9.98593E-05 9.98593E-05 9.98593E-05 0.998402 9.98593E-05 9.98593E-05 9.98593E-05 9.98593E-05 9.98593E-05 9.98593E-05 9.98593E-05
9.98594E-05 9.98594E-05 9.98594E-05 9.98594E-05 9.98594E-05 0.998402 9.98594E-05 9.98594E-05 9.98594E-05 9.98594E-05 9.98594E-05 9.98594E-05 9.98594E-05 9.98594E-05 9.98594E-05 9.98594E-05 9.98594E-05
9.98593E-05 9.98593E-05 9.98593E-05 9.98593E-05 9.98593E-05 9.98593E-05 9.98593E-05 9.98593E-05 9.98593E-05 0.998402 9.98593E-05 9.98593E-05 9.98593E-05 9.98593E-05 9.98593E-05 9.98593E-05 9.98593E-05
9.98592E-05 9.98592E-05 9.98592E-05 9.98592E-05 9.98592E-05 9.98592E-05 9.98592E-05 9.98592E-05 9.98592E-05 0.998402 9.98592E-05 9.98592E-05 9.98592E-05 9.98592E-05 9.98592E-05 9.98592E-05 9.98592E-05
9.98593E-05 9.98593E-05 9.98593E-05 9.98593E-05 9.98593E-05 0.998402 9.98593E-05 9.98593E-05 9.98593E-05 9.98593E-05 9.98593E-05 9.98593E-05 9.98593E-05 9.98593E-05 9.98593E-05 9.98593E-05 9.98593E-05
9.98592E-05 9.98592E-05 9.98592E-05 9.98592E-05 9.98592E-05 0.998402 9.98592E-05 9.98592E-05 9.98592E-05 9.98592E-05 9.98592E-05 9.98592E-05 9.98592E-05 9.98592E-05 9.98592E-05 9.98592E-05 9.98592E-05
9.98593E-05 9.98593E-05 9.98593E-05 9.98593E-05 9.98593E-05 0.998402 9.98593E-05 9.98593E-05 9.98593E-05 9.98593E-05 9.98593E-05 9.98593E-05 9.98593E-05 9.98593E-05 9.98593E-05 9.98593E-05 9.98593E-05
9.98593E-05 9.98593E-05 9.98593E-05 9.98593E-05 9.98593E-05 9.98593E-05 9.98593E-05 9.98593E-05 9.98593E-05 0.998402 9.98593E-05 9.98593E-05 9.98593E-05 9.98593E-05 9.98593E-05 9.98593E-05 9.98593E-05
9.98593E-05 9.98593E-05 9.98593E-05 9.98593E-05 9.98593E-05 9.98593E-05 9.98593E-05 9.98593E-05 9.98593E-05 0.998402 9.98593E-05 9.98593E-05 9.98593E-05 9.98593E-05 9.98593E-05 9.98593E-05 9.98593E-05
9.98593E-05 9.98593E-05 9.98593E-05 9.98593E-05 9.98593E-05 0.998402 9.98593E-05 9.98593E-05 9.98593E-05 9.98593E-05 9.98593E-05 9.98593E-05 9.98593E-05 9.98593E-05 9.98593E-05 9.98593E-05 9.98593E-05
9.98593E-05 9.98593E-05 9.98593E-05 9.98593E-05 9.98593E-05 0.998402 9.98593E-05 9.98593E-05 9.98593E-05 9.98593E-05 9.98593E-05 9.98593E-05 9.98593E-05 9.98593E-05 9.98593E-05 9.98593E-05 9.98593E-05
0.0773909 9.99121E-05 0.0238684 0.165516 9.99121E-05 0.0682207 9.99121E-05 0.601779 9.99121E-05 0.0561552 9.99121E-05 0.00607038 9.99121E-05 9.99121E-05 9.99121E-05 9.99121E-05 9.99121E-05
9.98593E-05 9.98593E-05 9.98593E-05 9.98593E-05 9.98593E-05 0.998402 9.98593E-05 9.98593E-05 9.98593E-05 9.98593E-05 9.98593E-05 9.98593E-05 9.98593E-05 9.98593E-05 9.98593E-05 9.98593E-05 9.98593E-05
9.98594E-05 9.98594E-05 9.98594E-05 9.98594E-05 9.98594E-05 9.98594E-05 9.98594E-05 9.98594E-05 9.98594E-05 0.998402 9.98594E-05 9.98594E-05 9.98594E-05 9.98594E-05 9.98594E-05 9.98594E-05 9.98594E-05
9.98593E-05 9.98593E-05 9.98593E-05 9.98593E-05 9.98593E-05 0.998402 9.98593E-05 9.98593E-05 9.98593E-05 9.98593E-05 9.98593E-05 9.98593E-05 9.98593E-05 9.98593E-05 9.98593E-05 9.98593E-05 9.98593E-05
9.98593E-05 9.98593E-05 9.98593E-05 9.98593E-05 9.98593E-05 0.998402 9.98593E-05 9.98593E-05 9.98593E-05 9.98593E-05 9.98593E-05 9.98593E-05 9.98593E-05 9.98593E-05 9.98593E-05 9.98593E-05 9.98593E-05
9.98594E-05 9.98594E-05 9.98594E-05 9.98594E-05 9.98594E-05 0.998402 9.98594E-05 9.98594E-05 9.98594E-05 9.98594E-05 9.98594E-05 9.98594E-05 9.98594E-05 9.98594E-05 9.98594E-05 9.98594E-05 9.98594E-05
9.98593E-05 9.98593E-05 9.98593E-05 9.98593E-05 9.98593E-05 9.98593E-05 9.98593E-05 9.98593E-05 9.98593E-05 0.998402 9.98593E-05 9.98593E-05 9.98593E-05 9.98593E-05 9.98593E-05 9.98593E-05 9.98593E-05
9.98592E-05 9.98592E-05 9.98592E-05 9.98592E-05 9.98592E-05 0.998402 9.98592E-05 9.98592E-05 9.98592E-05 9.98592E-05 9.98592E-05 9.98592E-05 9.98592E-05 9.98592E-05 9.98592E-05 9.98592E-05 9.98592E-05
9.98594E-05 9.98594E-05 9.98594E-05 9.98594E-05 9.98594E-05 9.98594E-05 9.98594E-05 9.98594E-05 9.98594E-05 0.998402 9.98594E-05 9.98594E-05 9.98594E-05 9.98594E-05 9.98594E-05 9.98594E-05 9.98594E-05
9.98593E-05 9.98593E-05 9.98593E-05 9.98593E-05 9.98593E-05 0.998402 9.98593E-05 9.98593E-05 9.98593E-05 9.98593E-05 9.98593E-05 9.98593E-05 9.98593E-05 9.98593E-05 9.98593E-05 9.98593E-05 9.98593E-05
9.98593E-05 9.98593E-05 9.98593E-05 9.98593E-05 9.98593E-05 0.998402 9.98593E-05 9.98593E-05 9.98593E-05 9.98593E-05 9.98593E-05 9.98593E-05 9.98593E-05 9.98593E-05 9.98593E-05 9.98593E-05 9.98593E-05
9.98593E-05 9.98593E-05 9.98593E-05 9.98593E-05 9.98593E-05 9.98593E-05 9.98593E-05 9.98593E-05 9.98593E-05 0.998402 9.98593E-05 9.98593E-05 9.98593E-05 9.98593E-05 9.98593E-05 9.98593E-05 9.98593E-05
9.98594E-05 9.98594E-05 9.98594E-05 9.98594E-05 9.98594E-05 9.98594E-05 9.98594E-05 9.98594E-05 9.98594E-05 0.998402 9.98594E-05 9.98594E-05 9.98594E-05 9.98594E-05 9.98594E-05 9.98594E-05 9.98594E-05
9.98594E-05 9.98594E-05 9.98594E-05 9.98594E-05 9.98594E-05 9.98594E-05 9.98594E-05 9.98594E-05 9.98594E-05 0.998402 9.98594E-05 9.98594E-05 9.98594E-05 9.98594E-05 9.98594E-05 9.98594E-05 9.98594E-05
9.98594E-05 9.98594E-05 9.98594E-05 9.98594E-05 9.98594E-05 0.998402 9.98594E-05 9.98594E-05 9.98594E-05 9.98594E-05 9.98594E-05 9.98594E-05 9.98594E-05 9.98594E-05 9.98594E-05 9.98594E-05 9.98594E-05
9.98594E-05 9.98594E-05 9.98594E-05 9.98594E-05 9.98594E-05 0.998402 9.98594E-05 9.98594E-05 9.98594E-05 9.98594E-05 9.98594E-05 9.98594E-05 9.98594E-05 9.98594E-05 9.98594E-05 9.98594E-05 9.98594E-05
9.98593E-05 9.98593E-05 9.98593E-05 9.98593E-05 9.98593E-05 0.998402 9.98593E-05 9.98593E-05 9.98593E-05 9.98593E-05 9.98593E-05 9.98593E-05 9.98593E-05 9.98593E-05 9.98593E-05 9.98593E-05 9.98593E-05
9.98593E-05 9.98593E-05 9.98593E-05 9.98593E-05 9.98593E-05 0.998402 9.98593E-05 9.98593E-05 9.98593E-05 9.98593E-05 9.98593E-05 9.98593E-05 9.98593E-05 9.98593E-05 9.98593E-05 9.98593E-05 9.98593E-05
9.98593E-05 9.98593E-05 9.98593E-05 9.98593E-05 9.98593E-05 0.998402 9.98593E-05 9.98593E-05 9.98593E-05 9.98593E-05 9.98593E-05 9.98593E-05 9.98593E-05 9.98593E-05 9.98593E-05 9.98593E-05 9.98593E-05
9.98593E-05 9.98593E-05 9.98593E-05 9.98593E-05 9.98593E-05 9.98593E-05 9.98593E-05 9.98593E-05 9.98593E-05 0.998402 9.98593E-05 9.98593E-05 9.98593E-05 9.98593E-05 9.98593E-05 9.98593E-05 9.98593E-05
9.98594E-05 9.98594E-05 9.98594E-05 9.98594E-05 9.98594E-05 9.98594E-05 9.98594E-05 9.98594E-05 9.98594E-05 0.998402 9.98594E-05 9.98594E-05 9.98594E-05 9.98594E-05 9.98594E-05 9.98594E-05 9.98594E-05
9.98593E-05 9.98593E-05 9.98593E-05 9.98593E-05 9.98593E-05 9.98593E-05 9.98593E-05 9.98593E-05 9.98593E-05 0.998402 9.98593E-05 9.98593E-05 9.98593E-05 9.98593E-05 9.98593E-05 9.98593E-05 9.98593E-05
9.98593E-05 9.98593E-05 9.98593E-05 9.98593E-05 9.98593E-05 0.998402 9.98593E-05 9.98593E-05 9.98593E-05 9.98593E-05 9.98593E-05 9.98593E-05 9.98593E-05 9.98593E-05 9.98593E-05 9.98593E-05 9.98593E-05
9.98593E-05 9.98593E-05 9.98593E-05 9.98593E-05 9.98593E-05 9.98593E-05 9.98593E-05 9.98593E-05 9.98593E-05 0.998402 9.98593E-05 9.98593E-05 9.98593E-05 9.98593E-05 9.98593E-05 9.98593E-05 9.98593E-05
9.98593E-05 9.98593E-05 9.98593E-05 9.98593E-05 9.98593E-05 9.98593E-05 9.98593E-05 9.98593E-05 9.98593E-05 0.998402 9.98593E-05 9.98593E-05 9.98593E-05 9.98593E-05 9.98593E-05 9.98593E-05 9.98593E-05
9.98682E-05 9.98682E-05 9.98682E-05 9.98682E-05 9.98682E-05 9.98682E-05 9.98682E-05 9.98682E-05 9.98682E-05 0.980383 0.0181193 9.98682E-05 9.98682E-05 9.98682E-05 9.98682E-05 9.98682E-05 9.98682E-05
9.98593E-05 9.98593E-05 9.98593E-05 9.98593E-05 9.98593E-05 9.98593E-05 9.98593E-05 9.98593E-05 9.98593E-05 0.998402 9.98593E-05 9.98593E-05 9.98593E-05 9.98593E-05 9.98593E-05 9.98593E-05 9.98593E-05
9.98592E-05 9.98592E-05 9.98592E-05 9.98592E-05 9.98592E-05 0.998402 9.98592E-05 9.98592E-05 9.98592E-05 9.98592E-05 9.98592E-05 9.98592E-05 9.98592E-05 9.98592E-05 9.98592E-05 9.98592E-05 9.98592E-05
9.98594E-05 9.98594E-05 9.98594E-05 9.98594E-05 9.98594E-05 9.98594E-05 9.98594E-05 9.98594E-05 9.98594E-05 0.998402 9.98594E-05 9.98594E-05 9.98594E-05 9.98594E-05 9.98594E-05 9.98594E-05 9.98594E-05
9.98593E-05 9.98593E-05 9.98593E-05 9.98593E-05 9.98593E-05 9.98593E-05 9.98593E-05 9.98593E-05 9.98593E-05 0.998402 9.98593E-05 9.98593E-05 9.98593E-05 9.98593E-05 9.98593E-05 9.98593E-05 9.98593E-05
0.0471799 0.0701367 9.99121E-05 0.209244 0.00126397 0.110137 9.99121E-05 0.558468 9.99121E-05 0.00257172 9.99121E-05 9.99121E-05 9.99121E-05 9.99121E-05 9.99121E-05 9.99121E-05 9.99121E-05
9.98594E-05 9.98594E-05 9.98594E-05 9.98594E-05 9.98594E-05 0.998402 9.98594E-05 9.98594E-05 9.98594E-05 9.98594E-05 9.98594E-05 9.98594E-05 9.98594E-05 9.98594E-05 9.98594E-05 9.98594E-05 9.98594E-05
9.98593E-05 9.98593E-05 9.98593E-05 9.98593E-05 9.98593E-05 9.98593E-05 9.98593E-05 9.98593E-05 9.98593E-05 0.998402 9.98593E-05 9.98593E-05 9.98593E-05 9.98593E-05 9.98593E-05 9.98593E-05 9.98593E-05
9.98593E-05 9.98593E-05 9.98593E-05 9.98593E-05 9.98593E-05 9.98593E-05 9.98593E-05 9.98593E-05 9.98593E-05 0.998402 9.98593E-05 9.98593E-05 9.98593E-05 9.98593E-05 9.98593E-05 9.98593E-05 9.98593E-05
9.98593E-05 9.98593E-05 9.98593E-05 9.98593E-05 9.98593E-05 9.98593E-05 9.98593E-05 9.98593E-05 9.98593E-05 0.998402 9.98593E-05 9.98593E-05 9.98593E-05 9.98593E-05 9.98593E-05 9.98593E-05 9.98593E-05
9.98593E-05 9.98593E-05 9.98593E-05 9.98593E-05 9.98593E-05 9.98593E-05 9.98593E-05 9.98593E-05 9.98593E-05 0.998402 9.98593E-05 9.98593E-05 9.98593E-05 9.98593E-05 9.98593E-05 9.98593E-05 9.98593E-05
9.98593E-05 9.98593E-05 9.98593E-05 9.98593E-05 9.98593E-05 0.998402 9.98593E-05 9.98593E-05 9.98593E-05 9.98593E-05 9.98593E-05 9.98593E-05 9.98593E-05 9.98593E-05 9.98593E-05 9.98593E-05 9.98593E-05
9.98593E-05 9.98593E-05 9.98593E-05 9.98593E-05 9.98593E-05 9.98593E-05 9.98593E-05 9.98593E-05 9.98593E-05 0.998402 9.98593E-05 9.98593E-05 9.98593E-05 9.98593E-05 9.98593E-05 9.98593E-05 9.98593E-05
9.98592E-05 9.98592E-05 9.98592E-05 9.98592E-05 9.98592E-05 0.998402 9.98592E-05 9.98592E-05 9.98592E-05 9.98592E-05 9.98592E-05 9.98592E-05 9.98592E-05 9.98592E-05 9.98592E-05 9.98592E-05 9.98592E-05
9.98594E-05 9.98594E-05 9.98594E-05 9.98594E-05 9.98594E-05 9.98594E-05 9.98594E-05 9.98594E-05 9.98594E-05 0.998402 9.98594E-05 9.98594E-05 9.98594E-05 9.98594E-05 9.98594E-05 9.98594E-05 9.98594E-05
9.98595E-05 9.98595E-05 9.98595E-05 9.98595E-05 9.98595E-05 0.998402 9.98595E-05 9.98595E-05 9.98595E-05 9.98595E-05 9.98595E-05 9.98595E-05 9.98595E-05 9.98595E-05 9.98595E-05 9.98595E-05 9.98595E-05
9.98593E-05 9.98593E-05 9.98593E-05 9.98593E-05 9.98593E-05 9.98593E-05 9.98593E-05 9.98593E-05 9.98593E-05 0.998402 9.98593E-05 9.98593E-05 9.98593E-05 9.98593E-05 9.98593E-05 9.98593E-05 9.98593E-05
