9.98683E-05 9.98683E-05 9.98683E-05 9.98683E-05 9.98683E-05 0.0711339 0.0493015 9.98683E-05 9.98683E-05 9.98683E-05 9.98683E-05 0.0458872 9.98683E-05 0.0495086 9.98683E-05 0.397278 0.25203 9.98683E-05 9.98683E-05 9.98683E-05 0.133362 9.98683E-05
0.0126197 9.98684E-05 0.0157814 9.98684E-05 9.98684E-05 0.0227435 0.0577867 0.352772 9.98684E-05 9.98684E-05 9.98684E-05 9.98684E-05 9.98684E-05 9.98684E-05 9.98684E-05 0.471105 0.0656934 9.98684E-05 9.98684E-05 9.98684E-05 9.98684E-05 9.98684E-05
9.98334E-05 9.98334E-05 9.98334E-05 9.98334E-05 9.98334E-05 0.0163816 9.98334E-05 0.952043 9.98334E-05 9.98334E-05 9.98334E-05 9.98334E-05 9.98334E-05 9.98334E-05 9.98334E-05 9.98334E-05 0.0296781 9.98334E-05 9.98334E-05 9.98334E-05 9.98334E-05 9.98334E-05
9.98596E-05 9.98596E-05 0.0729967 9.98596E-05 0.249522 9.98596E-05 9.98596E-05 9.98596E-05 9.98596E-05 9.98596E-05 0.116694 9.98596E-05 9.98596E-05 0.0621914 9.98596E-05 0.323369 9.98596E-05 9.98596E-05 9.98596E-05 9.98596E-05 0.173629 9.98596E-05
9.98421E-05 9.98421E-05 9.98421E-05 9.98421E-05 9.98421E-05 9.98421E-05 9.98421E-05 0.848923 0.00944834 9.98421E-05 9.98421E-05 9.98421E-05 9.98421E-05 9.98421E-05 0.0752015 9.98421E-05 9.98421E-05 0.06463 9.98421E-05 9.98421E-05 9.98421E-05 9.98421E-05
9.98859E-05 9.98859E-05 9.98859E-05 9.98859E-05 9.98859E-05 9.98859E-05 0.0588612 0.188575 0.0799455 0.0145863 0.102909 9.98859E-05 9.98859E-05 9.98859E-05 0.0766632 9.98859E-05 0.242601 0.155818 9.98859E-05 9.98859E-05 0.0787416 9.98859E-05
0.0850138 9.98948E-05 9.98948E-05 9.98948E-05 0.112373 9.98948E-05 0.13346 0.270966 9.98948E-05 0.0891211 9.98948E-05 0.0249546 9.98948E-05 0.0754782 9.98948E-05 9.98948E-05 0.0435384 0.0381007 9.98948E-05 9.98948E-05 0.125796 9.98948E-05
9.99035E-05 9.99035E-05 9.99035E-05 9.99035E-05 9.99035E-05 9.99035E-05 9.99035E-05 0.0597965 0.136472 0.000552571 0.0565479 9.99035E-05 0.0930864 9.99035E-05 0.12263 0.133469 0.0339956 0.0934922 9.99035E-05 0.0274465 0.241413 9.99035E-05
9.98684E-05 9.98684E-05 9.98684E-05 0.00118907 9.98684E-05 0.314269 0.0051754 9.98684E-05 0.226202 9.98684E-05 0.0171474 0.172106 9.98684E-05 9.98684E-05 9.98684E-05 0.262414 9.98684E-05 9.98684E-05 9.98684E-05 9.98684E-05 9.98684E-05 9.98684E-05
9.98334E-05 9.98334E-05 9.98334E-05 9.98334E-05 0.0733113 9.98334E-05 9.98334E-05 0.915868 9.98334E-05 9.98334E-05 9.98334E-05 0.00892369 9.98334E-05 9.98334E-05 9.98334E-05 9.98334E-05 9.98334E-05 9.98334E-05 9.98334E-05 9.98334E-05 9.98334E-05 9.98334E-05
9.98509E-05 9.98509E-05 9.98509E-05 9.98509E-05 9.98509E-05 0.13518 9.98509E-05 9.98509E-05 0.0176414 9.98509E-05 9.98509E-05 9.98509E-05 9.98509E-05 0.144951 9.98509E-05 0.642078 9.98509E-05 9.98509E-05 9.98509E-05 9.98509E-05 0.0584531 9.98509E-05
9.98684E-05 9.98684E-05 0.0167486 9.98684E-05 9.98684E-05 0.014069 9.98684E-05 0.8922 9.98684E-05 9.98684E-05 9.98684E-05 9.98684E-05 0.0279151 0.00448894 9.98684E-05 9.98684E-05 0.00388709 0.0391928 9.98684E-05 9.98684E-05 9.98684E-05 9.98684E-05
9.98421E-05 9.98421E-05 9.98421E-05 9.98421E-05 9.98421E-05 0.0944043 9.98421E-05 0.296263 9.98421E-05 9.98421E-05 9.98421E-05 9.98421E-05 9.98421E-05 9.98421E-05 9.98421E-05 0.479602 9.98421E-05 9.98421E-05 9.98421E-05 9.98421E-05 0.127934 9.98421E-05
9.98948E-05 0.0323145 9.98948E-05 0.0274923 9.98948E-05 0.0365987 9.98948E-05 0.545054 9.98948E-05 0.021535 9.98948E-05 9.98948E-05 0.0782081 0.0725607 9.98948E-05 0.0589137 0.0129324 9.98948E-05 0.113192 9.98948E-05 9.98948E-05 9.98948E-05
9.98772E-05 0.0865881 9.98772E-05 0.0530389 9.98772E-05 0.0844012 9.98772E-05 9.98772E-05 0.136744 9.98772E-05 0.0742188 9.98772E-05 9.98772E-05 9.98772E-05 9.98772E-05 0.344419 0.174157 9.98772E-05 0.0450343 9.98772E-05 9.98772E-05 9.98772E-05
9.98858E-05 9.98858E-05 9.98858E-05 9.98858E-05 9.98858E-05 0.140581 9.98858E-05 0.0197901 0.0326758 9.98858E-05 0.0305162 9.98858E-05 0.148196 9.98858E-05 9.98858E-05 0.181912 0.238121 0.064496 9.98858E-05 9.98858E-05 0.142413 9.98858E-05
9.98859E-05 0.0310334 9.98859E-05 9.98859E-05 0.0619798 0.0844508 0.0728577 0.602616 9.98859E-05 9.98859E-05 9.98859E-05 9.98859E-05 9.98859E-05 0.0508133 9.98859E-05 9.98859E-05 9.98859E-05 9.98859E-05 0.0231927 9.98859E-05 0.008831 0.0629266
9.98773E-05 9.98773E-05 0.0666953 9.98773E-05 9.98773E-05 0.181437 9.98773E-05 0.0763009 0.0060446 9.98773E-05 9.98773E-05 9.98773E-05 9.98773E-05 9.98773E-05 9.98773E-05 0.0946367 0.277767 9.98773E-05 9.98773E-05 0.201914 0.0938055 9.98773E-05
9.98507E-05 9.98507E-05 9.98507E-05 9.98507E-05 9.98507E-05 0.136781 9.98507E-05 9.98507E-05 0.0966573 9.98507E-05 9.98507E-05 9.98507E-05 9.98507E-05 9.98507E-05 9.98507E-05 0.411563 9.98507E-05 0.191177 9.98507E-05 9.98507E-05 0.162124 9.98507E-05
9.98246E-05 9.98246E-05 9.98246E-05 9.98246E-05 9.98246E-05 9.98246E-05 9.98246E-05 0.133918 9.98246E-05 9.98246E-05 9.98246E-05 9.98246E-05 9.98246E-05 9.98246E-05 9.98246E-05 0.864086 9.98246E-05 9.98246E-05 9.98246E-05 9.98246E-05 9.98246E-05 9.98246E-05
9.98947E-05 9.98947E-05 0.0467854 0.0225746 9.98947E-05 9.98947E-05 9.98947E-05 9.98947E-05 0.0981594 9.98947E-05 9.98947E-05 0.0571281 0.162353 0.0175076 0.0251724 0.537195 9.98947E-05 9.98947E-05 9.98947E-05 0.00512945 0.0267955 9.98947E-05
0.0206382 0.00424801 9.9886E-05 9.9886E-05 9.9886E-05 9.9886E-05 0.0260489 0.311334 0.108307 9.9886E-05 0.00448487 9.9886E-05 9.9886E-05 9.9886E-05 0.0218763 9.9886E-05 9.9886E-05 0.129265 9.9886E-05 9.9886E-05 0.372499 9.9886E-05
9.98596E-05 9.98596E-05 9.98596E-05 9.98596E-05 9.98596E-05 0.0729845 0.000629495 9.98596E-05 9.98596E-05 9.98596E-05 0.0345975 9.98596E-05 9.98596E-05 0.0117956 9.98596E-05 0.738693 0.139703 9.98596E-05 9.98596E-05 9.98596E-05 9.98596E-05 9.98596E-05
9.98597E-05 9.98597E-05 9.98597E-05 9.98597E-05 9.98597E-05 0.211693 9.98597E-05 0.0166878 9.98597E-05 9.98597E-05 9.98597E-05 0.0404216 9.98597E-05 9.98597E-05 9.98597E-05 0.339573 0.024475 9.98597E-05 9.98597E-05 9.98597E-05 0.365552 9.98597E-05
9.98771E-05 0.115054 9.98771E-05 9.98771E-05 9.98771E-05 0.254644 9.98771E-05 9.98771E-05 0.017516 9.98771E-05 0.177284 0.0178453 0.0175462 9.98771E-05 9.98771E-05 0.285858 9.98771E-05 9.98771E-05 9.98771E-05 9.98771E-05 0.112854 9.98771E-05
9.98596E-05 9.98596E-05 9.98596E-05 9.98596E-05 0.0440131 0.114022 9.98596E-05 0.727719 0.00903148 9.98596E-05 0.00505437 9.98596E-05 9.98596E-05 9.98596E-05 9.98596E-05 9.98596E-05 9.98596E-05 9.98596E-05 9.98596E-05 9.98596E-05 0.0985627 9.98596E-05
0.211092 9.98683E-05 9.98683E-05 9.98683E-05 9.98683E-05 0.0358386 9.98683E-05 9.98683E-05 9.98683E-05 9.98683E-05 0.207057 9.98683E-05 0.0554895 9.98683E-05 9.98683E-05 0.0535453 9.98683E-05 9.98683E-05 9.98683E-05 0.124886 0.310594 9.98683E-05
9.98509E-05 9.98509E-05 9.98509E-05 9.98509E-05 0.0334262 9.98509E-05 9.98509E-05 9.98509E-05 9.98509E-05 9.98509E-05 9.98509E-05 9.98509E-05 9.98509E-05 9.98509E-05 9.98509E-05 0.910098 9.98509E-05 0.0487068 9.98509E-05 9.98509E-05 0.00557086 0.000501054
9.98422E-05 9.98422E-05 9.98422E-05 9.98422E-05 9.98422E-05 0.124977 9.98422E-05 9.98422E-05 9.98422E-05 9.98422E-05 0.0141654 9.98422E-05 9.98422E-05 9.98422E-05 9.98422E-05 0.756052 9.98422E-05 9.98422E-05 9.98422E-05 9.98422E-05 0.103009 9.98422E-05
9.98332E-05 9.98332E-05 9.98332E-05 9.98332E-05 9.98332E-05 0.00252076 9.98332E-05 9.98332E-05 9.98332E-05 9.98332E-05 9.98332E-05 9.98332E-05 9.98332E-05 9.98332E-05 9.98332E-05 0.763324 9.98332E-05 9.98332E-05 0.232259 9.98332E-05 9.98332E-05 9.98332E-05
0.0313103 0.0204506 9.98771E-05 9.98771E-05 9.98771E-05 9.98771E-05 9.98771E-05 9.98771E-05 0.0276216 9.98771E-05 9.98771E-05 9.98771E-05 9.98771E-05 0.101889 9.98771E-05 0.696475 0.0763725 0.00345345 9.98771E-05 0.0410288 9.98771E-05 9.98771E-05
9.98685E-05 9.98685E-05 9.98685E-05 9.98685E-05 9.98685E-05 0.0436482 9.98685E-05 9.98685E-05 9.98685E-05 9.98685E-05 0.163668 9.98685E-05 9.98685E-05 0.0275864 9.98685E-05 0.6331 9.98685E-05 0.0456775 9.98685E-05 9.98685E-05 0.0353262 0.0494961
9.98683E-05 9.98683E-05 9.98683E-05 9.98683E-05 9.98683E-05 0.134676 9.98683E-05 0.568761 9.98683E-05 9.98683E-05 0.0295635 9.98683E-05 0.0248758 0.0829054 9.98683E-05 9.98683E-05 0.0280549 9.98683E-05 9.98683E-05 9.98683E-05 0.129666 9.98683E-05
9.98684E-05 9.98684E-05 9.98684E-05 9.98684E-05 0.0134931 0.0771214 9.98684E-05 0.587176 9.98684E-05 0.00843763 0.139583 9.98684E-05 9.98684E-05 9.98684E-05 9.98684E-05 9.98684E-05 9.98684E-05 9.98684E-05 9.98684E-05 0.00224831 0.170443 9.98684E-05
9.98597E-05 9.98597E-05 0.0374303 9.98597E-05 9.98597E-05 0.00673725 0.0182953 9.98597E-05 0.00632418 9.98597E-05 9.98597E-05 9.98597E-05 9.98597E-05 0.00284663 9.98597E-05 0.926769 9.98597E-05 9.98597E-05 9.98597E-05 9.98597E-05 9.98597E-05 9.98597E-05
0.0980473 9.98771E-05 9.98771E-05 9.98771E-05 0.13173 0.0100889 9.98771E-05 0.630094 0.0136906 9.98771E-05 9.98771E-05 0.0125387 9.98771E-05 9.98771E-05 9.98771E-05 9.98771E-05 0.0423124 9.98771E-05 9.98771E-05 9.98771E-05 0.0601003 9.98771E-05
9.98335E-05 9.98335E-05 9.98335E-05 9.98335E-05 9.98335E-05 9.98335E-05 9.98335E-05 9.98335E-05 9.98335E-05 0.0414795 9.98335E-05 9.98335E-05 9.98335E-05 9.98335E-05 9.98335E-05 0.945885 9.98335E-05 0.0107383 9.98335E-05 9.98335E-05 9.98335E-05 9.98335E-05
9.98511E-05 9.98511E-05 0.041573 9.98511E-05 0.00651773 0.14324 9.98511E-05 0.685685 0.121286 9.98511E-05 9.98511E-05 9.98511E-05 9.98511E-05 9.98511E-05 9.98511E-05 9.98511E-05 9.98511E-05 9.98511E-05 9.98511E-05 9.98511E-05 9.98511E-05 9.98511E-05
9.98773E-05 9.98773E-05 9.98773E-05 9.98773E-05 9.98773E-05 0.208991 0.0978726 0.575288 0.0093761 9.98773E-05 9.98773E-05 9.98773E-05 9.98773E-05 0.0266785 0.0353838 9.98773E-05 9.98773E-05 9.98773E-05 0.0405809 9.98773E-05 0.00443065 9.98773E-05
9.98771E-05 9.98771E-05 9.98771E-05 9.98771E-05 9.98771E-05 0.115685 9.98771E-05 0.239267 9.98771E-05 0.0387402 0.153168 9.98771E-05 0.0771911 9.98771E-05 9.98771E-05 0.307989 9.98771E-05 9.98771E-05 0.0347112 9.98771E-05 0.03185 9.98771E-05
9.98508E-05 9.98508E-05 9.98508E-05 9.98508E-05 9.98508E-05 0.0432553 9.98508E-05 0.894878 9.98508E-05 9.98508E-05 9.98508E-05 9.98508E-05 9.98508E-05 0.00361175 9.98508E-05 9.98508E-05 9.98508E-05 0.00982447 9.98508E-05 9.98508E-05 0.0467334 9.98508E-05
0.173014 9.98598E-05 9.98598E-05 9.98598E-05 9.98598E-05 0.0460518 9.98598E-05 0.57923 0.00626469 9.98598E-05 9.98598E-05 9.98598E-05 9.98598E-05 9.98598E-05 9.98598E-05 0.0597032 9.98598E-05 9.98598E-05 9.98598E-05 9.98598E-05 0.134139 9.98598E-05
0.144084 9.98334E-05 9.98334E-05 9.98334E-05 9.98334E-05 9.98334E-05 9.98334E-05 0.828965 9.98334E-05 9.98334E-05 9.98334E-05 9.98334E-05 9.98334E-05 9.98334E-05 9.98334E-05 9.98334E-05 9.98334E-05 9.98334E-05 0.0250541 9.98334E-05 9.98334E-05 9.98334E-05
9.98685E-05 9.98685E-05 9.98685E-05 9.98685E-05 9.98685E-05 0.182097 9.98685E-05 0.274202 0.0997087 9.98685E-05 9.98685E-05 9.98685E-05 9.98685E-05 0.0259278 9.98685E-05 0.136504 0.16501 9.98685E-05 9.98685E-05 9.98685E-05 0.115053 9.98685E-05
9.98597E-05 9.98597E-05 9.98597E-05 9.98597E-05 0.0754202 0.133776 9.98597E-05 0.26201 9.98597E-05 9.98597E-05 9.98597E-05 9.98597E-05 9.98597E-05 9.98597E-05 0.0113451 9.98597E-05 9.98597E-05 0.0699914 9.98597E-05 9.98597E-05 0.44586 9.98597E-05
9.98596E-05 9.98596E-05 0.00391257 9.98596E-05 0.000698737 0.0515221 9.98596E-05 0.862588 9.98596E-05 9.98596E-05 9.98596E-05 9.98596E-05 9.98596E-05 9.98596E-05 9.98596E-05 9.98596E-05 9.98596E-05 0.0580107 9.98596E-05 9.98596E-05 0.02167 9.98596E-05
9.98422E-05 9.98422E-05 9.98422E-05 9.98422E-05 9.98422E-05 0.0762731 9.98422E-05 0.683064 9.98422E-05 9.98422E-05 9.98422E-05 9.98422E-05 9.98422E-05 0.0762627 9.98422E-05 0.162603 9.98422E-05 9.98422E-05 9.98422E-05 9.98422E-05 9.98422E-05 9.98422E-05
9.98246E-05 9.98246E-05 9.98246E-05 9.98246E-05 9.98246E-05 0.0129355 9.98246E-05 0.985068 9.98246E-05 9.98246E-05 9.98246E-05 9.98246E-05 9.98246E-05 9.98246E-05 9.98246E-05 9.98246E-05 9.98246E-05 9.98246E-05 9.98246E-05 9.98246E-05 9.98246E-05 9.98246E-05
9.98595E-05 9.98595E-05 9.98595E-05 9.98595E-05 9.98595E-05 0.103215 9.98595E-05 9.98595E-05 9.98595E-05 9.98595E-05 9.98595E-05 9.98595E-05 0.0105593 0.00817174 9.98595E-05 0.71028 9.98595E-05 0.00112537 9.98595E-05 9.98595E-05 0.165051 9.98595E-05
9.98424E-05 9.98424E-05 9.98424E-05 9.98424E-05 9.98424E-05 9.98424E-05 9.98424E-05 0.621823 9.98424E-05 0.111252 9.98424E-05 9.98424E-05 9.98424E-05 9.98424E-05 9.98424E-05 0.203338 9.98424E-05 0.0617899 9.98424E-05 9.98424E-05 9.98424E-05 9.98424E-05
0.0602603 9.9877E-05 9.9877E-05 9.9877E-05 0.0368672 0.154066 9.9877E-05 9.9877E-05 0.0292759 9.9877E-05 0.147377 0.0242366 9.9877E-05 0.0914505 9.9877E-05 0.455068 9.9877E-05 9.9877E-05 9.9877E-05 9.9877E-05 9.9877E-05 9.9877E-05
9.98597E-05 9.98597E-05 0.00997847 9.98597E-05 0.0788016 9.98597E-05 9.98597E-05 0.704915 9.98597E-05 9.98597E-05 9.98597E-05 0.0116829 9.98597E-05 9.98597E-05 0.0256217 9.98597E-05 9.98597E-05 9.98597E-05 9.98597E-05 9.98597E-05 0.167403 9.98597E-05
9.98333E-05 0.0122734 9.98333E-05 9.98333E-05 9.98333E-05 0.00120335 9.98333E-05 0.984626 9.98333E-05 9.98333E-05 9.98333E-05 9.98333E-05 9.98333E-05 9.98333E-05 9.98333E-05 9.98333E-05 9.98333E-05 9.98333E-05 9.98333E-05 9.98333E-05 9.98333E-05 9.98333E-05
9.98685E-05 9.98685E-05 0.0118127 9.98685E-05 9.98685E-05 0.0135381 9.98685E-05 0.654218 9.98685E-05 0.0250811 9.98685E-05 9.98685E-05 0.173845 9.98685E-05 0.0992498 9.98685E-05 9.98685E-05 9.98685E-05 0.0207574 9.98685E-05 9.98685E-05 9.98685E-05
9.98424E-05 0.111601 9.98424E-05 9.98424E-05 9.98424E-05 0.0300334 9.98424E-05 9.98424E-05 9.98424E-05 9.98424E-05 9.98424E-05 9.98424E-05 9.98424E-05 9.98424E-05 9.98424E-05 0.850681 9.98424E-05 0.00588727 9.98424E-05 9.98424E-05 9.98424E-05 9.98424E-05
9.9851E-05 9.9851E-05 0.0223048 9.9851E-05 9.9851E-05 9.9851E-05 9.9851E-05 0.746133 9.9851E-05 9.9851E-05 0.10782 9.9851E-05 9.9851E-05 0.0164254 9.9851E-05 9.9851E-05 9.9851E-05 0.105619 9.9851E-05 9.9851E-05 9.9851E-05 9.9851E-05
9.98507E-05 9.98507E-05 9.98507E-05 9.98507E-05 9.98507E-05 0.115319 0.00221526 0.742119 9.98507E-05 9.98507E-05 9.98507E-05 9.98507E-05 9.98507E-05 9.98507E-05 9.98507E-05 9.98507E-05 9.98507E-05 0.125682 9.98507E-05 0.0129668 9.98507E-05 9.98507E-05
9.98334E-05 9.98334E-05 9.98334E-05 9.98334E-05 0.128217 9.98334E-05 9.98334E-05 9.98334E-05 9.98334E-05 9.98334E-05 9.98334E-05 9.98334E-05 9.98334E-05 9.98334E-05 9.98334E-05 0.863089 9.98334E-05 9.98334E-05 9.98334E-05 9.98334E-05 0.00679724 9.98334E-05
9.98421E-05 9.98421E-05 9.98421E-05 9.98421E-05 9.98421E-05 9.98421E-05 9.98421E-05 9.98421E-05 9.98421E-05 0.0257599 9.98421E-05 9.98421E-05 9.98421E-05 9.98421E-05 0.0154376 0.949542 9.98421E-05 9.98421E-05 9.98421E-05 9.98421E-05 0.00746379 9.98421E-05
9.98596E-05 9.98596E-05 9.98596E-05 9.98596E-05 9.98596E-05 0.132416 9.98596E-05 9.98596E-05 0.0151571 9.98596E-05 0.0623877 9.98596E-05 9.98596E-05 0.010526 9.98596E-05 9.98596E-05 0.686765 9.98596E-05 9.98596E-05 0.0911504 9.98596E-05 9.98596E-05
9.98336E-05 9.98336E-05 9.98336E-05 9.98336E-05 0.0223445 9.98336E-05 9.98336E-05 9.98336E-05 9.98336E-05 9.98336E-05 9.98336E-05 9.98336E-05 0.0491858 9.98336E-05 9.98336E-05 9.98336E-05 0.926573 9.98336E-05 9.98336E-05 9.98336E-05 9.98336E-05 9.98336E-05
9.9842E-05 9.9842E-05 9.9842E-05 9.9842E-05 9.9842E-05 9.9842E-05 9.9842E-05 9.9842E-05 9.9842E-05 0.0113229 9.9842E-05 9.9842E-05 9.9842E-05 0.0386899 9.9842E-05 9.9842E-05 0.892216 9.9842E-05 9.9842E-05 0.0559744 9.9842E-05 9.9842E-05
9.98596E-05 9.98596E-05 9.98596E-05 9.98596E-05 9.98596E-05 0.0259134 0.270012 9.98596E-05 0.0960108 0.0331763 0.268477 9.98596E-05 9.98596E-05 9.98596E-05 9.98596E-05 9.98596E-05 0.304813 9.98596E-05 9.98596E-05 9.98596E-05 9.98596E-05 9.98596E-05
9.98857E-05 9.98857E-05 0.0673013 9.98857E-05 9.98857E-05 0.0538766 9.98857E-05 9.98857E-05 0.0751295 0.0331495 9.98857E-05 9.98857E-05 9.98857E-05 9.98857E-05 0.0144196 9.98857E-05 0.656018 0.0099945 9.98857E-05 0.0284027 0.0604097 9.98857E-05
9.98417E-05 9.98417E-05 9.98417E-05 9.98417E-05 9.98417E-05 0.231984 9.98417E-05 9.98417E-05 9.98417E-05 9.98417E-05 0.0593499 9.98417E-05 9.98417E-05 9.98417E-05 9.98417E-05 9.98417E-05 0.65083 9.98417E-05 9.98417E-05 9.98417E-05 0.0560392 9.98417E-05
9.98507E-05 9.98507E-05 9.98507E-05 9.98507E-05 0.0389191 0.117098 0.283957 9.98507E-05 9.98507E-05 9.98507E-05 9.98507E-05 9.98507E-05 9.98507E-05 0.0585177 9.98507E-05 9.98507E-05 0.49981 9.98507E-05 9.98507E-05 9.98507E-05 9.98507E-05 9.98507E-05
9.98769E-05 9.98769E-05 9.98769E-05 9.98769E-05 9.98769E-05 0.0587496 0.0744592 9.98769E-05 0.057303 0.0471357 0.0131984 9.98769E-05 9.98769E-05 9.98769E-05 9.98769E-05 9.98769E-05 0.527085 0.0488065 9.98769E-05 0.171864 9.98769E-05 9.98769E-05
0.0288421 9.98333E-05 9.98333E-05 9.98333E-05 9.98333E-05 9.98333E-05 9.98333E-05 9.98333E-05 9.98333E-05 9.98333E-05 9.98333E-05 9.98333E-05 9.98333E-05 9.98333E-05 9.98333E-05 9.98333E-05 0.959704 9.98333E-05 9.98333E-05 9.98333E-05 9.98333E-05 0.0095572
9.98245E-05 9.98245E-05 9.98245E-05 9.98245E-05 9.98245E-05 9.98245E-05 9.98245E-05 9.98245E-05 9.98245E-05 9.98245E-05 9.98245E-05 9.98245E-05 9.98245E-05 0.0565842 9.98245E-05 9.98245E-05 0.941419 9.98245E-05 9.98245E-05 9.98245E-05 9.98245E-05 9.98245E-05
9.98506E-05 9.98506E-05 9.98506E-05 9.98506E-05 9.98506E-05 0.298492 9.98506E-05 9.98506E-05 0.0671867 9.98506E-05 9.98506E-05 9.98506E-05 9.98506E-05 0.118889 9.98506E-05 9.98506E-05 0.505392 0.00834255 9.98506E-05 9.98506E-05 9.98506E-05 9.98506E-05
9.98945E-05 0.0293888 9.98945E-05 0.0789784 9.98945E-05 0.0694306 0.0370585 9.98945E-05 9.98945E-05 0.0180896 9.98945E-05 9.98945E-05 0.00916754 0.0566799 9.98945E-05 9.98945E-05 0.524949 0.0227756 9.98945E-05 9.98945E-05 0.152284 9.98945E-05
9.98595E-05 9.98595E-05 9.98595E-05 9.98595E-05 9.98595E-05 9.98595E-05 9.98595E-05 9.98595E-05 0.149972 9.98595E-05 0.0696979 9.98595E-05 0.0628773 0.1067 0.0686438 9.98595E-05 0.540511 9.98595E-05 9.98595E-05 9.98595E-05 9.98595E-05 9.98595E-05
9.98594E-05 9.98594E-05 9.98594E-05 9.98594E-05 9.98594E-05 0.176649 0.0679121 9.98594E-05 0.00669931 9.98594E-05 9.98594E-05 9.98594E-05 9.98594E-05 9.98594E-05 9.98594E-05 9.98594E-05 0.527499 0.0113668 9.98594E-05 9.98594E-05 0.208276 9.98594E-05
9.98336E-05 9.98336E-05 9.98336E-05 9.98336E-05 9.98336E-05 9.98336E-05 9.98336E-05 9.98336E-05 9.98336E-05 9.98336E-05 9.98336E-05 9.98336E-05 0.0566013 0.0207158 9.98336E-05 9.98336E-05 0.920786 9.98336E-05 9.98336E-05 9.98336E-05 9.98336E-05 9.98336E-05
0.0114435 9.98597E-05 9.98597E-05 9.98597E-05 0.0546797 0.0709384 9.98597E-05 9.98597E-05 9.98597E-05 9.98597E-05 9.98597E-05 9.98597E-05 9.98597E-05 0.0327445 9.98597E-05 9.98597E-05 0.816044 9.98597E-05 9.98597E-05 9.98597E-05 9.98597E-05 0.0125521
9.98506E-05 9.98506E-05 9.98506E-05 9.98506E-05 9.98506E-05 9.98506E-05 9.98506E-05 9.98506E-05 9.98506E-05 0.0478036 0.0304932 9.98506E-05 9.98506E-05 9.98506E-05 9.98506E-05 9.98506E-05 0.702247 0.158425 9.98506E-05 0.059334 9.98506E-05 9.98506E-05
9.98595E-05 9.98595E-05 9.98595E-05 9.98595E-05 9.98595E-05 9.98595E-05 9.98595E-05 9.98595E-05 0.0277786 9.98595E-05 9.98595E-05 9.98595E-05 9.98595E-05 0.153278 9.98595E-05 9.98595E-05 0.659824 0.0620395 9.98595E-05 0.00997156 0.0855102 9.98595E-05
9.98595E-05 9.98595E-05 9.98595E-05 9.98595E-05 9.98595E-05 0.0509313 9.98595E-05 9.98595E-05 0.013845 9.98595E-05 9.98595E-05 9.98595E-05 9.98595E-05 9.98595E-05 9.98595E-05 9.98595E-05 0.829201 0.0146676 9.98595E-05 0.0872529 0.00250396 9.98595E-05
0.126114 9.98418E-05 9.98418E-05 9.98418E-05 9.98418E-05 0.197436 9.98418E-05 9.98418E-05 9.98418E-05 9.98418E-05 9.98418E-05 9.98418E-05 0.0649642 9.98418E-05 9.98418E-05 9.98418E-05 0.609689 9.98418E-05 9.98418E-05 9.98418E-05 9.98418E-05 9.98418E-05
9.98251E-05 9.98251E-05 9.98251E-05 9.98251E-05 9.98251E-05 9.98251E-05 9.98251E-05 9.98251E-05 9.98251E-05 9.98251E-05 9.98251E-05 9.98251E-05 9.98251E-05 9.98251E-05 9.98251E-05 9.98251E-05 0.994383 9.98251E-05 0.00362006 9.98251E-05 9.98251E-05 9.98251E-05
0.0282447 9.98594E-05 9.98594E-05 0.00273481 9.98594E-05 0.104448 9.98594E-05 9.98594E-05 9.98594E-05 9.98594E-05 9.98594E-05 9.98594E-05 9.98594E-05 9.98594E-05 9.98594E-05 9.98594E-05 0.604717 0.0392052 9.98594E-05 9.98594E-05 0.219052 9.98594E-05
9.98422E-05 9.98422E-05 9.98422E-05 0.0237966 9.98422E-05 9.98422E-05 9.98422E-05 9.98422E-05 9.98422E-05 9.98422E-05 0.191703 9.98422E-05 9.98422E-05 9.98422E-05 9.98422E-05 9.98422E-05 0.728098 9.98422E-05 9.98422E-05 9.98422E-05 0.0546051 9.98422E-05
9.98683E-05 9.98683E-05 9.98683E-05 9.98683E-05 9.98683E-05 9.98683E-05 9.98683E-05 9.98683E-05 0.0323155 0.0475496 0.0295138 0.041372 9.98683E-05 0.0526788 9.98683E-05 9.98683E-05 0.652896 0.142176 9.98683E-05 9.98683E-05 9.98683E-05 9.98683E-05
9.98418E-05 9.98418E-05 9.98418E-05 0.0121991 9.98418E-05 9.98418E-05 9.98418E-05 9.98418E-05 9.98418E-05 9.98418E-05 9.98418E-05 9.98418E-05 9.98418E-05 0.171154 9.98418E-05 9.98418E-05 0.784057 9.98418E-05 9.98418E-05 9.98418E-05 0.0307924 9.98418E-05
9.9851E-05 9.9851E-05 0.00970372 9.9851E-05 9.9851E-05 9.9851E-05 0.0221331 9.9851E-05 0.0464646 9.9851E-05 9.9851E-05 9.9851E-05 9.9851E-05 9.9851E-05 9.9851E-05 0.0164438 0.903557 9.9851E-05 9.9851E-05 9.9851E-05 9.9851E-05 9.9851E-05
9.98161E-05 9.98161E-05 9.98161E-05 9.98161E-05 9.98161E-05 9.98161E-05 9.98161E-05 9.98161E-05 9.98161E-05 9.98161E-05 9.98161E-05 9.98161E-05 9.98161E-05 9.98161E-05 9.98161E-05 9.98161E-05 0.997904 9.98161E-05 9.98161E-05 9.98161E-05 9.98161E-05 9.98161E-05
9.98158E-05 9.98158E-05 9.98158E-05 9.98158E-05 9.98158E-05 9.98158E-05 9.98158E-05 9.98158E-05 9.98158E-05 9.98158E-05 9.98158E-05 9.98158E-05 9.98158E-05 9.98158E-05 9.98158E-05 9.98158E-05 0.997904 9.98158E-05 9.98158E-05 9.98158E-05 9.98158E-05 9.98158E-05
9.98247E-05 9.98247E-05 9.98247E-05 9.98247E-05 9.98247E-05 9.98247E-05 9.98247E-05 9.98247E-05 9.98247E-05 9.98247E-05 9.98247E-05 9.98247E-05 9.98247E-05 9.98247E-05 9.98247E-05 9.98247E-05 0.880254 9.98247E-05 9.98247E-05 0.117749 9.98247E-05 9.98247E-05
0.0218424 9.98509E-05 9.98509E-05 9.98509E-05 9.98509E-05 0.0949746 9.98509E-05 9.98509E-05 0.00305776 9.98509E-05 9.98509E-05 9.98509E-05 9.98509E-05 9.98509E-05 9.98509E-05 9.98509E-05 0.568441 9.98509E-05 0.309987 9.98509E-05 9.98509E-05 9.98509E-05
9.98421E-05 9.98421E-05 9.98421E-05 9.98421E-05 9.98421E-05 0.0713101 9.98421E-05 9.98421E-05 0.172587 9.98421E-05 0.738759 9.98421E-05 9.98421E-05 9.98421E-05 9.98421E-05 9.98421E-05 9.98421E-05 9.98421E-05 0.0155462 9.98421E-05 9.98421E-05 9.98421E-05
9.98246E-05 9.98246E-05 9.98246E-05 9.98246E-05 9.98246E-05 9.98246E-05 9.98246E-05 9.98246E-05 9.98246E-05 9.98246E-05 0.190285 9.98246E-05 9.98246E-05 9.98246E-05 9.98246E-05 9.98246E-05 9.98246E-05 9.98246E-05 0.807718 9.98246E-05 9.98246E-05 9.98246E-05
9.98422E-05 9.98422E-05 9.98422E-05 9.98422E-05 0.0083458 0.100915 9.98422E-05 9.98422E-05 9.98422E-05 9.98422E-05 0.828737 9.98422E-05 0.0602048 9.98422E-05 9.98422E-05 9.98422E-05 9.98422E-05 9.98422E-05 9.98422E-05 9.98422E-05 9.98422E-05 9.98422E-05
9.98331E-05 9.98331E-05 9.98331E-05 9.98331E-05 9.98331E-05 0.104252 9.98331E-05 9.98331E-05 0.00764572 9.98331E-05 0.886205 9.98331E-05 9.98331E-05 9.98331E-05 9.98331E-05 9.98331E-05 9.98331E-05 9.98331E-05 9.98331E-05 9.98331E-05 9.98331E-05 9.98331E-05
9.98243E-05 9.98243E-05 9.98243E-05 9.98243E-05 9.98243E-05 9.98243E-05 9.98243E-05 9.98243E-05 0.0555414 9.98243E-05 0.942462 9.98243E-05 9.98243E-05 9.98243E-05 9.98243E-05 9.98243E-05 9.98243E-05 9.98243E-05 9.98243E-05 9.98243E-05 9.98243E-05 9.98243E-05
9.98684E-05 9.98684E-05 9.98684E-05 9.98684E-05 0.013809 0.156167 0.0695497 9.98684E-05 0.129674 9.98684E-05 0.596168 9.98684E-05 9.98684E-05 9.98684E-05 9.98684E-05 9.98684E-05 9.98684E-05 9.98684E-05 0.011746 9.98684E-05 9.98684E-05 0.0213873
9.98597E-05 9.98597E-05 9.98597E-05 9.98597E-05 9.98597E-05 0.084735 9.98597E-05 9.98597E-05 0.127886 9.98597E-05 0.703303 9.98597E-05 9.98597E-05 9.98597E-05 9.98597E-05 9.98597E-05 9.98597E-05 9.98597E-05 9.98597E-05 0.0450143 0.0369027 0.000561513
9.98244E-05 9.98244E-05 9.98244E-05 9.98244E-05 9.98244E-05 9.98244E-05 9.98244E-05 9.98244E-05 0.251153 9.98244E-05 0.746851 9.98244E-05 9.98244E-05 9.98244E-05 9.98244E-05 9.98244E-05 9.98244E-05 9.98244E-05 9.98244E-05 9.98244E-05 9.98244E-05 9.98244E-05
0.100082 0.0506557 9.98595E-05 9.98595E-05 9.98595E-05 0.0307625 0.112324 9.98595E-05 0.294856 9.98595E-05 0.409722 9.98595E-05 9.98595E-05 9.98595E-05 9.98595E-05 9.98595E-05 9.98595E-05 9.98595E-05 9.98595E-05 9.98595E-05 9.98595E-05 9.98595E-05
9.98333E-05 9.98333E-05 9.98333E-05 9.98333E-05 9.98333E-05 0.254944 9.98333E-05 9.98333E-05 0.20205 9.98333E-05 0.54111 9.98333E-05 9.98333E-05 9.98333E-05 9.98333E-05 9.98333E-05 9.98333E-05 9.98333E-05 9.98333E-05 9.98333E-05 9.98333E-05 9.98333E-05
9.98508E-05 9.98508E-05 9.98508E-05 9.98508E-05 9.98508E-05 9.98508E-05 0.226286 9.98508E-05 9.98508E-05 9.98508E-05 0.271812 9.98508E-05 9.98508E-05 0.0563263 9.98508E-05 9.98508E-05 9.98508E-05 0.0255505 9.98508E-05 9.98508E-05 9.98508E-05 0.418328
9.98509E-05 9.98509E-05 9.98509E-05 9.98509E-05 9.98509E-05 0.0339024 0.126533 9.98509E-05 9.98509E-05 9.98509E-05 0.688893 9.98509E-05 9.98509E-05 0.00164308 9.98509E-05 9.98509E-05 9.98509E-05 9.98509E-05 9.98509E-05 9.98509E-05 9.98509E-05 0.147331
9.98335E-05 9.98335E-05 9.98335E-05 9.98335E-05 9.98335E-05 9.98335E-05 9.98335E-05 9.98335E-05 0.11515 9.98335E-05 0.828774 9.98335E-05 9.98335E-05 9.98335E-05 9.98335E-05 9.98335E-05 9.98335E-05 9.98335E-05 9.98335E-05 9.98335E-05 9.98335E-05 0.0541793
9.98509E-05 9.98509E-05 9.98509E-05 9.98509E-05 9.98509E-05 0.262694 9.98509E-05 9.98509E-05 0.110372 9.98509E-05 0.423707 0.0113431 9.98509E-05 9.98509E-05 9.98509E-05 9.98509E-05 9.98509E-05 9.98509E-05 9.98509E-05 9.98509E-05 9.98509E-05 0.190186
0.0303372 9.98596E-05 9.98596E-05 9.98596E-05 9.98596E-05 9.98596E-05 9.98596E-05 9.98596E-05 0.0786359 9.98596E-05 0.622458 9.98596E-05 9.98596E-05 0.0272218 9.98596E-05 9.98596E-05 9.98596E-05 9.98596E-05 9.98596E-05 0.121202 9.98596E-05 0.118547
0.0255442 9.98771E-05 0.00878126 9.98771E-05 0.00584458 0.186637 9.98771E-05 9.98771E-05 0.0582111 9.98771E-05 0.608452 9.98771E-05 9.98771E-05 0.00548003 9.98771E-05 9.98771E-05 9.98771E-05 9.98771E-05 0.0996521 9.98771E-05 9.98771E-05 9.98771E-05
9.98596E-05 9.98596E-05 0.0206142 9.98596E-05 9.98596E-05 0.095308 0.215425 9.98596E-05 0.0117536 9.98596E-05 0.581899 9.98596E-05 9.98596E-05 9.98596E-05 9.98596E-05 9.98596E-05 9.98596E-05 9.98596E-05 9.98596E-05 9.98596E-05 9.98596E-05 0.0734016
9.98598E-05 9.98598E-05 9.98598E-05 9.98598E-05 9.98598E-05 9.98598E-05 9.98598E-05 9.98598E-05 0.101568 0.0387408 0.683763 9.98598E-05 9.98598E-05 9.98598E-05 0.00122651 9.98598E-05 9.98598E-05 9.98598E-05 0.0931913 9.98598E-05 0.0799121 9.98598E-05
9.98333E-05 9.98333E-05 9.98333E-05 9.98333E-05 9.98333E-05 9.98333E-05 9.98333E-05 9.98333E-05 9.98333E-05 9.98333E-05 0.90863 9.98333E-05 9.98333E-05 0.00505784 9.98333E-05 9.98333E-05 9.98333E-05 9.98333E-05 9.98333E-05 9.98333E-05 9.98333E-05 0.0844157
0.0513229 9.98771E-05 0.058992 0.00870804 0.00221946 0.107552 9.98771E-05 9.98771E-05 0.0735843 9.98771E-05 0.4157 9.98771E-05 9.98771E-05 9.98771E-05 9.98771E-05 9.98771E-05 9.98771E-05 9.98771E-05 0.280523 9.98771E-05 9.98771E-05 9.98771E-05
9.98596E-05 9.98596E-05 9.98596E-05 9.98596E-05 0.0214986 0.0757959 0.127703 9.98596E-05 0.0138243 9.98596E-05 0.639051 9.98596E-05 9.98596E-05 9.98596E-05 9.98596E-05 9.98596E-05 9.98596E-05 9.98596E-05 9.98596E-05 9.98596E-05 9.98596E-05 0.12053
9.98334E-05 9.98334E-05 9.98334E-05 9.98334E-05 9.98334E-05 9.98334E-05 9.98334E-05 9.98334E-05 0.0155576 9.98334E-05 0.907177 9.98334E-05 9.98334E-05 9.98334E-05 9.98334E-05 9.98334E-05 9.98334E-05 9.98334E-05 9.98334E-05 0.0753681 9.98334E-05 9.98334E-05
9.98508E-05 9.98508E-05 0.0421274 9.98508E-05 9.98508E-05 0.193613 0.0817161 9.98508E-05 0.20707 9.98508E-05 0.473776 9.98508E-05 9.98508E-05 9.98508E-05 9.98508E-05 9.98508E-05 9.98508E-05 9.98508E-05 9.98508E-05 9.98508E-05 9.98508E-05 9.98508E-05
9.98422E-05 0.0994997 9.98422E-05 9.98422E-05 9.98422E-05 9.98422E-05 9.98422E-05 9.98422E-05 0.20613 9.98422E-05 0.541704 9.98422E-05 9.98422E-05 9.98422E-05 9.98422E-05 9.98422E-05 9.98422E-05 9.98422E-05 9.98422E-05 9.98422E-05 9.98422E-05 0.150869
9.98508E-05 9.98508E-05 0.0559291 9.98508E-05 9.98508E-05 0.21722 0.0331981 9.98508E-05 0.231099 9.98508E-05 0.460856 9.98508E-05 9.98508E-05 9.98508E-05 9.98508E-05 9.98508E-05 9.98508E-05 9.98508E-05 9.98508E-05 9.98508E-05 9.98508E-05 9.98508E-05
9.98772E-05 9.98772E-05 9.98772E-05 9.98772E-05 9.98772E-05 0.053215 0.0857863 9.98772E-05 0.211906 9.98772E-05 0.286676 9.98772E-05 0.0323776 9.98772E-05 9.98772E-05 9.98772E-05 0.0463675 9.98772E-05 9.98772E-05 0.00957927 9.98772E-05 0.272694
9.98509E-05 9.98509E-05 9.98509E-05 0.00313265 9.98509E-05 0.0262366 9.98509E-05 9.98509E-05 9.98509E-05 9.98509E-05 0.120037 0.0627045 9.98509E-05 9.98509E-05 9.98509E-05 9.98509E-05 9.98509E-05 9.98509E-05 0.786192 9.98509E-05 9.98509E-05 9.98509E-05
9.98419E-05 9.98419E-05 9.98419E-05 9.98419E-05 9.98419E-05 0.0646502 9.98419E-05 9.98419E-05 0.0731246 9.98419E-05 0.815684 9.98419E-05 9.98419E-05 9.98419E-05 9.98419E-05 9.98419E-05 9.98419E-05 0.0447437 9.98419E-05 9.98419E-05 9.98419E-05 9.98419E-05
9.98509E-05 9.98509E-05 9.98509E-05 9.98509E-05 9.98509E-05 0.160826 0.0328664 9.98509E-05 0.250433 9.98509E-05 0.540475 9.98509E-05 9.98509E-05 9.98509E-05 9.98509E-05 9.98509E-05 9.98509E-05 9.98509E-05 0.0137024 9.98509E-05 9.98509E-05 9.98509E-05
9.98598E-05 9.98598E-05 0.00353976 9.98598E-05 9.98598E-05 0.0829492 9.98598E-05 9.98598E-05 9.98598E-05 9.98598E-05 0.82039 9.98598E-05 9.98598E-05 0.0311088 0.0220324 9.98598E-05 9.98598E-05 9.98598E-05 0.0383815 9.98598E-05 9.98598E-05 9.98598E-05
9.98598E-05 9.98598E-05 9.98598E-05 9.98598E-05 9.98598E-05 0.189492 9.98598E-05 9.98598E-05 0.0299837 9.98598E-05 0.711111 9.98598E-05 0.0494619 0.00649581 9.98598E-05 9.98598E-05 9.98598E-05 9.98598E-05 9.98598E-05 9.98598E-05 9.98598E-05 0.0118571
9.98333E-05 9.98333E-05 9.98333E-05 9.98333E-05 9.98333E-05 0.00256682 9.98333E-05 9.98333E-05 9.98333E-05 9.98333E-05 0.963933 9.98333E-05 0.0316029 9.98333E-05 9.98333E-05 9.98333E-05 9.98333E-05 9.98333E-05 9.98333E-05 9.98333E-05 9.98333E-05 9.98333E-05
9.98507E-05 9.98507E-05 0.160267 9.98507E-05 9.98507E-05 0.134559 9.98507E-05 9.98507E-05 0.280078 9.98507E-05 0.413546 9.98507E-05 9.98507E-05 9.98507E-05 0.009854 9.98507E-05 9.98507E-05 9.98507E-05 9.98507E-05 9.98507E-05 9.98507E-05 9.98507E-05
9.98419E-05 9.98419E-05 9.98419E-05 9.98419E-05 9.98419E-05 0.0269382 9.98419E-05 9.98419E-05 0.00289414 9.98419E-05 0.860768 9.98419E-05 9.98419E-05 9.98419E-05 9.98419E-05 9.98419E-05 9.98419E-05 9.98419E-05 9.98419E-05 9.98419E-05 0.107602 9.98419E-05
9.98333E-05 9.98333E-05 9.98333E-05 9.98333E-05 9.98333E-05 0.0737637 9.98333E-05 9.98333E-05 9.98333E-05 9.98333E-05 0.857992 9.98333E-05 9.98333E-05 9.98333E-05 9.98333E-05 9.98333E-05 9.98333E-05 9.98333E-05 9.98333E-05 9.98333E-05 9.98333E-05 0.0663476
0.146613 9.98683E-05 0.0301609 9.98683E-05 0.0113448 9.98683E-05 9.98683E-05 9.98683E-05 9.98683E-05 9.98683E-05 0.659681 9.98683E-05 9.98683E-05 0.00843645 9.98683E-05 9.98683E-05 9.98683E-05 9.98683E-05 9.98683E-05 0.0260467 9.98683E-05 0.116219
9.98332E-05 9.98332E-05 9.98332E-05 9.98332E-05 9.98332E-05 0.255509 9.98332E-05 9.98332E-05 0.0579827 9.98332E-05 0.684611 9.98332E-05 9.98332E-05 9.98332E-05 9.98332E-05 9.98332E-05 9.98332E-05 9.98332E-05 9.98332E-05 9.98332E-05 9.98332E-05 9.98332E-05
9.98507E-05 9.98507E-05 9.98507E-05 9.98507E-05 0.0175005 0.00874772 9.98507E-05 9.98507E-05 0.067645 9.98507E-05 0.285014 9.98507E-05 9.98507E-05 9.98507E-05 9.98507E-05 9.98507E-05 9.98507E-05 9.98507E-05 9.98507E-05 9.98507E-05 9.98507E-05 0.619396
9.98686E-05 9.98686E-05 0.0384849 9.98686E-05 9.98686E-05 0.0419945 9.98686E-05 9.98686E-05 0.000540824 9.98686E-05 0.717348 9.98686E-05 9.98686E-05 9.98686E-05 9.98686E-05 9.98686E-05 9.98686E-05 9.98686E-05 0.0114185 0.0106874 9.98686E-05 0.178028
9.98336E-05 9.98336E-05 9.98336E-05 9.98336E-05 9.98336E-05 9.98336E-05 9.98336E-05 9.98336E-05 0.0116259 9.98336E-05 0.53972 9.98336E-05 9.98336E-05 9.98336E-05 9.98336E-05 9.98336E-05 9.98336E-05 9.98336E-05 9.98336E-05 9.98336E-05 9.98336E-05 0.446757
9.98335E-05 9.98335E-05 0.0248419 9.98335E-05 9.98335E-05 9.98335E-05 9.98335E-05 9.98335E-05 9.98335E-05 9.98335E-05 0.345373 9.98335E-05 9.98335E-05 9.98335E-05 9.98335E-05 9.98335E-05 9.98335E-05 9.98335E-05 9.98335E-05 9.98335E-05 9.98335E-05 0.627888
0.000430493 9.98595E-05 9.98595E-05 9.98595E-05 9.98595E-05 0.268231 0.156531 9.98595E-05 0.0624762 9.98595E-05 0.497337 9.98595E-05 9.98595E-05 0.0133968 9.98595E-05 9.98595E-05 9.98595E-05 9.98595E-05 9.98595E-05 9.98595E-05 9.98595E-05 9.98595E-05
0.0540003 9.98508E-05 9.98508E-05 0.0704111 9.98508E-05 9.98508E-05 9.98508E-05 9.98508E-05 0.142944 9.98508E-05 0.726062 9.98508E-05 9.98508E-05 9.98508E-05 9.98508E-05 9.98508E-05 9.98508E-05 9.98508E-05 9.98508E-05 9.98508E-05 9.98508E-05 0.00488525
9.98421E-05 9.98421E-05 0.100103 9.98421E-05 9.98421E-05 9.98421E-05 9.98421E-05 9.98421E-05 0.0948684 9.98421E-05 9.98421E-05 9.98421E-05 9.98421E-05 9.98421E-05 9.98421E-05 9.98421E-05 9.98421E-05 9.98421E-05 0.773346 9.98421E-05 9.98421E-05 0.0298852
9.98597E-05 0.0574182 9.98597E-05 9.98597E-05 9.98597E-05 0.0151605 0.00374741 9.98597E-05 9.98597E-05 9.98597E-05 0.269731 9.98597E-05 9.98597E-05 9.98597E-05 9.98597E-05 9.98597E-05 9.98597E-05 9.98597E-05 0.125221 9.98597E-05 9.98597E-05 0.527124
9.98507E-05 9.98507E-05 0.101948 9.98507E-05 9.98507E-05 9.98507E-05 0.146497 9.98507E-05 0.175103 9.98507E-05 0.538356 9.98507E-05 9.98507E-05 9.98507E-05 9.98507E-05 9.98507E-05 9.98507E-05 9.98507E-05 9.98507E-05 9.98507E-05 0.036399 9.98507E-05
9.98422E-05 9.98422E-05 9.98422E-05 9.98422E-05 9.98422E-05 0.0519917 9.98422E-05 9.98422E-05 0.0752238 9.98422E-05 0.666098 9.98422E-05 9.98422E-05 9.98422E-05 9.98422E-05 9.98422E-05 0.20489 9.98422E-05 9.98422E-05 9.98422E-05 9.98422E-05 9.98422E-05
0.0302697 9.98598E-05 9.98598E-05 9.98598E-05 9.98598E-05 9.98598E-05 9.98598E-05 9.98598E-05 0.175815 9.98598E-05 0.521089 0.0383547 0.129886 9.98598E-05 9.98598E-05 9.98598E-05 9.98598E-05 9.98598E-05 9.98598E-05 9.98598E-05 9.98598E-05 0.102988
9.98597E-05 9.98597E-05 0.0488605 9.98597E-05 9.98597E-05 0.144166 9.98597E-05 9.98597E-05 0.279741 9.98597E-05 0.451303 9.98597E-05 9.98597E-05 0.021355 9.98597E-05 9.98597E-05 9.98597E-05 9.98597E-05 9.98597E-05 9.98597E-05 0.0529774 9.98597E-05
9.98334E-05 9.98334E-05 9.98334E-05 9.98334E-05 9.98334E-05 0.0249224 9.98334E-05 9.98334E-05 9.98334E-05 9.98334E-05 0.41879 9.98334E-05 9.98334E-05 9.98334E-05 9.98334E-05 9.98334E-05 9.98334E-05 9.98334E-05 9.98334E-05 9.98334E-05 9.98334E-05 0.55439
9.9842E-05 9.9842E-05 9.9842E-05 9.9842E-05 0.163393 0.0918043 9.9842E-05 9.9842E-05 9.9842E-05 0.0132915 0.729714 9.9842E-05 9.9842E-05 9.9842E-05 9.9842E-05 9.9842E-05 9.9842E-05 9.9842E-05 9.9842E-05 9.9842E-05 9.9842E-05 9.9842E-05
9.98508E-05 9.98508E-05 9.98508E-05 9.98508E-05 9.98508E-05 9.98508E-05 0.0101169 9.98508E-05 0.125523 9.98508E-05 0.0416593 9.98508E-05 9.98508E-05 0.0238776 9.98508E-05 9.98508E-05 9.98508E-05 9.98508E-05 0.797126 9.98508E-05 9.98508E-05 9.98508E-05
9.98511E-05 9.98511E-05 9.98511E-05 9.98511E-05 9.98511E-05 0.167791 9.98511E-05 9.98511E-05 0.0733198 9.98511E-05 0.516124 9.98511E-05 9.98511E-05 9.98511E-05 9.98511E-05 9.98511E-05 9.98511E-05 9.98511E-05 0.00168271 9.98511E-05 9.98511E-05 0.239385
9.9842E-05 9.9842E-05 9.9842E-05 9.9842E-05 9.9842E-05 9.9842E-05 0.0845816 9.9842E-05 0.0132097 9.9842E-05 0.865258 9.9842E-05 0.0351531 9.9842E-05 9.9842E-05 9.9842E-05 9.9842E-05 9.9842E-05 9.9842E-05 9.9842E-05 9.9842E-05 9.9842E-05
9.9842E-05 9.9842E-05 9.9842E-05 9.9842E-05 0.100853 9.9842E-05 9.9842E-05 9.9842E-05 9.9842E-05 9.9842E-05 0.888556 9.9842E-05 9.9842E-05 9.9842E-05 9.9842E-05 9.9842E-05 9.9842E-05 9.9842E-05 9.9842E-05 0.00506553 0.0037276 9.9842E-05
9.98419E-05 9.98419E-05 9.98419E-05 9.98419E-05 9.98419E-05 0.0883588 0.262943 9.98419E-05 0.207764 9.98419E-05 0.439138 9.98419E-05 9.98419E-05 9.98419E-05 9.98419E-05 9.98419E-05 9.98419E-05 9.98419E-05 9.98419E-05 9.98419E-05 9.98419E-05 9.98419E-05
9.98332E-05 9.98332E-05 9.98332E-05 9.98332E-05 9.98332E-05 0.0510329 9.98332E-05 9.98332E-05 0.159141 9.98332E-05 0.78793 9.98332E-05 9.98332E-05 9.98332E-05 9.98332E-05 9.98332E-05 9.98332E-05 9.98332E-05 9.98332E-05 9.98332E-05 9.98332E-05 9.98332E-05
9.98245E-05 9.98245E-05 9.98245E-05 9.98245E-05 9.98245E-05 9.98245E-05 9.98245E-05 9.98245E-05 0.00306618 9.98245E-05 0.994937 9.98245E-05 9.98245E-05 9.98245E-05 9.98245E-05 9.98245E-05 9.98245E-05 9.98245E-05 9.98245E-05 9.98245E-05 9.98245E-05 9.98245E-05
9.98422E-05 9.98422E-05 0.0940832 9.98422E-05 9.98422E-05 0.00693477 9.98422E-05 9.98422E-05 9.98422E-05 9.98422E-05 0.768556 9.98422E-05 9.98422E-05 9.98422E-05 9.98422E-05 9.98422E-05 9.98422E-05 9.98422E-05 9.98422E-05 9.98422E-05 9.98422E-05 0.128629
9.98509E-05 9.98509E-05 9.98509E-05 9.98509E-05 9.98509E-05 0.0516528 0.0591759 9.98509E-05 0.121858 9.98509E-05 0.548266 9.98509E-05 9.98509E-05 9.98509E-05 9.98509E-05 9.98509E-05 9.98509E-05 9.98509E-05 9.98509E-05 9.98509E-05 9.98509E-05 0.21735
9.98155E-05 9.98155E-05 9.98155E-05 9.98155E-05 9.98155E-05 0.997904 9.98155E-05 9.98155E-05 9.98155E-05 9.98155E-05 9.98155E-05 9.98155E-05 9.98155E-05 9.98155E-05 9.98155E-05 9.98155E-05 9.98155E-05 9.98155E-05 9.98155E-05 9.98155E-05 9.98155E-05 9.98155E-05
9.98153E-05 9.98153E-05 9.98153E-05 9.98153E-05 9.98153E-05 9.98153E-05 9.98153E-05 9.98153E-05 0.997904 9.98153E-05 9.98153E-05 9.98153E-05 9.98153E-05 9.98153E-05 9.98153E-05 9.98153E-05 9.98153E-05 9.98153E-05 9.98153E-05 9.98153E-05 9.98153E-05 9.98153E-05
9.98155E-05 9.98155E-05 9.98155E-05 9.98155E-05 9.98155E-05 0.997904 9.98155E-05 9.98155E-05 9.98155E-05 9.98155E-05 9.98155E-05 9.98155E-05 9.98155E-05 9.98155E-05 9.98155E-05 9.98155E-05 9.98155E-05 9.98155E-05 9.98155E-05 9.98155E-05 9.98155E-05 9.98155E-05
9.98154E-05 9.98154E-05 9.98154E-05 9.98154E-05 9.98154E-05 9.98154E-05 9.98154E-05 9.98154E-05 0.997904 9.98154E-05 9.98154E-05 9.98154E-05 9.98154E-05 9.98154E-05 9.98154E-05 9.98154E-05 9.98154E-05 9.98154E-05 9.98154E-05 9.98154E-05 9.98154E-05 9.98154E-05
9.98155E-05 9.98155E-05 9.98155E-05 9.98155E-05 9.98155E-05 9.98155E-05 9.98155E-05 9.98155E-05 0.997904 9.98155E-05 9.98155E-05 9.98155E-05 9.98155E-05 9.98155E-05 9.98155E-05 9.98155E-05 9.98155E-05 9.98155E-05 9.98155E-05 9.98155E-05 9.98155E-05 9.98155E-05
9.98155E-05 9.98155E-05 9.98155E-05 9.98155E-05 9.98155E-05 9.98155E-05 9.98155E-05 9.98155E-05 0.997904 9.98155E-05 9.98155E-05 9.98155E-05 9.98155E-05 9.98155E-05 9.98155E-05 9.98155E-05 9.98155E-05 9.98155E-05 9.98155E-05 9.98155E-05 9.98155E-05 9.98155E-05
9.98154E-05 9.98154E-05 9.98154E-05 9.98154E-05 9.98154E-05 0.997904 9.98154E-05 9.98154E-05 9.98154E-05 9.98154E-05 9.98154E-05 9.98154E-05 9.98154E-05 9.98154E-05 9.98154E-05 9.98154E-05 9.98154E-05 9.98154E-05 9.98154E-05 9.98154E-05 9.98154E-05 9.98154E-05
9.98154E-05 9.98154E-05 9.98154E-05 9.98154E-05 9.98154E-05 9.98154E-05 9.98154E-05 9.98154E-05 0.997904 9.98154E-05 9.98154E-05 9.98154E-05 9.98154E-05 9.98154E-05 9.98154E-05 9.98154E-05 9.98154E-05 9.98154E-05 9.98154E-05 9.98154E-05 9.98154E-05 9.98154E-05
9.98155E-05 9.98155E-05 9.98155E-05 9.98155E-05 9.98155E-05 9.98155E-05 9.98155E-05 9.98155E-05 0.997904 9.98155E-05 9.98155E-05 9.98155E-05 9.98155E-05 9.98155E-05 9.98155E-05 9.98155E-05 9.98155E-05 9.98155E-05 9.98155E-05 9.98155E-05 9.98155E-05 9.98155E-05
9.98155E-05 9.98155E-05 9.98155E-05 9.98155E-05 9.98155E-05 0.997904 9.98155E-05 9.98155E-05 9.98155E-05 9.98155E-05 9.98155E-05 9.98155E-05 9.98155E-05 9.98155E-05 9.98155E-05 9.98155E-05 9.98155E-05 9.98155E-05 9.98155E-05 9.98155E-05 9.98155E-05 9.98155E-05
