9.98507E-05 0.0900514 0.0532116 9.98507E-05 9.98507E-05 0.157916 9.98507E-05 9.98507E-05 9.98507E-05 9.98507E-05 9.98507E-05 9.98507E-05 0.174558 9.98507E-05 0.262124 9.98507E-05 0.104909 9.98507E-05 0.0550657 0.0375686 9.98507E-05 9.98507E-05 9.98507E-05 0.0628977 9.98507E-05 9.98507E-05
9.98246E-05 9.98246E-05 9.98246E-05 9.98246E-05 9.98246E-05 0.583451 9.98246E-05 9.98246E-05 9.98246E-05 9.98246E-05 9.98246E-05 9.98246E-05 0.100951 9.98246E-05 0.205723 9.98246E-05 0.0384452 9.98246E-05 9.98246E-05 9.98246E-05 9.98246E-05 0.00863739 9.98246E-05 0.0607961 9.98246E-05 9.98246E-05
9.9807E-05 9.9807E-05 9.9807E-05 9.9807E-05 9.9807E-05 9.9807E-05 0.0256698 9.9807E-05 9.9807E-05 9.9807E-05 9.9807E-05 9.9807E-05 0.88995 9.9807E-05 9.9807E-05 9.9807E-05 9.9807E-05 9.9807E-05 0.0150286 9.9807E-05 9.9807E-05 9.9807E-05 9.9807E-05 9.9807E-05 9.9807E-05 0.067156
9.98508E-05 0.0659476 9.98508E-05 9.98508E-05 9.98508E-05 0.368567 9.98508E-05 9.98508E-05 0.0201472 0.2062 9.98508E-05 9.98508E-05 9.98508E-05 9.98508E-05 9.98508E-05 9.98508E-05 0.041298 9.98508E-05 0.0694946 0.104456 9.98508E-05 9.98508E-05 0.018875 9.98508E-05 9.98508E-05 0.103317
9.98421E-05 9.98421E-05 9.98421E-05 0.0210006 9.98421E-05 0.842855 0.0109808 9.98421E-05 9.98421E-05 9.98421E-05 0.0217718 9.98421E-05 0.0412746 9.98421E-05 9.98421E-05 9.98421E-05 9.98421E-05 9.98421E-05 9.98421E-05 9.98421E-05 0.0097338 9.98421E-05 0.022045 0.0285414 9.98421E-05 9.98421E-05
9.9851E-05 9.9851E-05 9.9851E-05 0.135313 9.9851E-05 0.123478 0.0487197 9.9851E-05 9.9851E-05 9.9851E-05 0.15979 9.9851E-05 0.0734091 9.9851E-05 0.208355 9.9851E-05 9.9851E-05 9.9851E-05 0.0317182 0.0316725 9.9851E-05 9.9851E-05 0.185847 9.9851E-05 9.9851E-05 9.9851E-05
9.98685E-05 0.150293 9.98685E-05 9.98685E-05 0.063555 0.313644 9.98685E-05 9.98685E-05 9.98685E-05 0.0688689 9.98685E-05 9.98685E-05 9.98685E-05 9.98685E-05 0.131536 9.98685E-05 0.0014367 0.0581424 0.107014 9.98685E-05 0.0326735 0.0398977 9.98685E-05 0.0314414 9.98685E-05 9.98685E-05
9.98597E-05 0.143432 0.0634923 0.0399243 9.98597E-05 0.315946 0.0730997 0.00477136 9.98597E-05 9.98597E-05 9.98597E-05 0.103011 9.98597E-05 9.98597E-05 0.0603629 9.98597E-05 9.98597E-05 9.98597E-05 9.98597E-05 0.0511442 9.98597E-05 9.98597E-05 0.143218 9.98597E-05 9.98597E-05 9.98597E-05
9.9842E-05 0.0605614 9.9842E-05 9.9842E-05 9.9842E-05 9.9842E-05 9.9842E-05 9.9842E-05 9.9842E-05 9.9842E-05 0.0936445 9.9842E-05 0.241316 9.9842E-05 9.9842E-05 9.9842E-05 0.187454 0.123107 9.9842E-05 0.0793 0.00334699 9.9842E-05 0.209472 9.9842E-05 9.9842E-05 9.9842E-05
9.97983E-05 9.97983E-05 9.97983E-05 9.97983E-05 9.97983E-05 0.242043 9.97983E-05 9.97983E-05 9.97983E-05 9.97983E-05 9.97983E-05 9.97983E-05 0.703247 9.97983E-05 9.97983E-05 9.97983E-05 0.0524146 9.97983E-05 9.97983E-05 9.97983E-05 9.97983E-05 9.97983E-05 9.97983E-05 9.97983E-05 9.97983E-05 9.97983E-05
9.98333E-05 0.0619365 9.98333E-05 9.98333E-05 9.98333E-05 0.330007 9.98333E-05 9.98333E-05 0.021774 9.98333E-05 9.98333E-05 9.98333E-05 0.236905 9.98333E-05 0.0810217 9.98333E-05 0.15615 9.98333E-05 0.110308 9.98333E-05 9.98333E-05 9.98333E-05 9.98333E-05 9.98333E-05 9.98333E-05 9.98333E-05
9.97983E-05 9.97983E-05 9.97983E-05 9.97983E-05 9.97983E-05 9.97983E-05 9.97983E-05 9.97983E-05 9.97983E-05 9.97983E-05 9.97983E-05 0.0195118 0.916063 9.97983E-05 9.97983E-05 0.0621299 9.97983E-05 9.97983E-05 9.97983E-05 9.97983E-05 9.97983E-05 9.97983E-05 9.97983E-05 9.97983E-05 9.97983E-05 9.97983E-05
9.98159E-05 0.0422324 9.98159E-05 9.98159E-05 9.98159E-05 0.755282 9.98159E-05 9.98159E-05 9.98159E-05 9.98159E-05 9.98159E-05 9.98159E-05 0.111604 9.98159E-05 9.98159E-05 9.98159E-05 0.0609875 9.98159E-05 9.98159E-05 9.98159E-05 9.98159E-05 0.0277982 9.98159E-05 9.98159E-05 9.98159E-05 9.98159E-05
9.98334E-05 9.98334E-05 9.98334E-05 9.98334E-05 9.98334E-05 0.863143 0.0258641 9.98334E-05 9.98334E-05 9.98334E-05 9.98334E-05 9.98334E-05 9.98334E-05 0.0277192 9.98334E-05 9.98334E-05 0.0238567 9.98334E-05 0.0147782 9.98334E-05 9.98334E-05 9.98334E-05 9.98334E-05 9.98334E-05 0.0297759 0.0129657
9.98597E-05 0.00332654 9.98597E-05 9.98597E-05 9.98597E-05 9.98597E-05 9.98597E-05 9.98597E-05 9.98597E-05 9.98597E-05 0.0460162 9.98597E-05 0.385946 9.98597E-05 0.108946 9.98597E-05 0.111114 0.0285425 9.98597E-05 9.98597E-05 9.98597E-05 0.0184528 0.145948 9.98597E-05 0.111032 0.0390779
9.9842E-05 0.0584815 9.9842E-05 9.9842E-05 9.9842E-05 0.287066 9.9842E-05 9.9842E-05 9.9842E-05 0.079821 0.0387036 0.205895 9.9842E-05 9.9842E-05 0.091333 9.9842E-05 0.0725281 9.9842E-05 9.9842E-05 9.9842E-05 9.9842E-05 9.9842E-05 0.164375 9.9842E-05 9.9842E-05 9.9842E-05
0.0291427 9.98335E-05 9.98335E-05 9.98335E-05 9.98335E-05 9.98335E-05 9.98335E-05 9.98335E-05 9.98335E-05 9.98335E-05 9.98335E-05 9.98335E-05 0.526523 0.160934 9.98335E-05 9.98335E-05 0.0547293 9.98335E-05 9.98335E-05 0.0875865 0.107617 9.98335E-05 9.98335E-05 0.0315708 9.98335E-05 9.98335E-05
9.98509E-05 0.163906 9.98509E-05 0.0127759 9.98509E-05 0.238398 9.98509E-05 0.151054 0.140394 9.98509E-05 9.98509E-05 9.98509E-05 9.98509E-05 9.98509E-05 0.173184 9.98509E-05 0.100341 9.98509E-05 9.98509E-05 9.98509E-05 0.0089665 9.98509E-05 0.00928245 9.98509E-05 9.98509E-05 9.98509E-05
0.0464691 0.176897 0.00650625 0.135748 9.98331E-05 9.98331E-05 9.98331E-05 9.98331E-05 9.98331E-05 9.98331E-05 9.98331E-05 9.98331E-05 0.365157 9.98331E-05 9.98331E-05 9.98331E-05 0.177711 9.98331E-05 9.98331E-05 9.98331E-05 9.98331E-05 9.98331E-05 0.0896139 9.98331E-05 9.98331E-05 9.98331E-05
9.98072E-05 9.98072E-05 9.98072E-05 9.98072E-05 9.98072E-05 9.98072E-05 9.98072E-05 9.98072E-05 0.011904 9.98072E-05 0.0172405 9.98072E-05 0.963619 9.98072E-05 9.98072E-05 9.98072E-05 0.00504048 9.98072E-05 9.98072E-05 9.98072E-05 9.98072E-05 9.98072E-05 9.98072E-05 9.98072E-05 9.98072E-05 9.98072E-05
9.98509E-05 9.98509E-05 9.98509E-05 9.98509E-05 9.98509E-05 0.162239 9.98509E-05 9.98509E-05 9.98509E-05 9.98509E-05 9.98509E-05 0.0480745 0.303964 9.98509E-05 9.98509E-05 9.98509E-05 0.0110347 9.98509E-05 0.0307328 0.199275 0.129403 9.98509E-05 0.0701841 9.98509E-05 9.98509E-05 0.0433956
9.98422E-05 0.311223 9.98422E-05 0.136078 9.98422E-05 9.98422E-05 0.0362917 9.98422E-05 9.98422E-05 9.98422E-05 9.98422E-05 9.98422E-05 0.272259 9.98422E-05 9.98422E-05 0.0180943 9.98422E-05 9.98422E-05 9.98422E-05 9.98422E-05 9.98422E-05 0.0896263 0.134329 9.98422E-05 9.98422E-05 0.000301549
9.9816E-05 9.9816E-05 9.9816E-05 9.9816E-05 9.9816E-05 0.128016 9.9816E-05 9.9816E-05 9.9816E-05 9.9816E-05 9.9816E-05 9.9816E-05 0.574414 9.9816E-05 0.14998 9.9816E-05 0.0383084 9.9816E-05 0.107186 9.9816E-05 9.9816E-05 9.9816E-05 9.9816E-05 9.9816E-05 9.9816E-05 9.9816E-05
9.98245E-05 0.279726 9.98245E-05 9.98245E-05 9.98245E-05 0.205805 9.98245E-05 9.98245E-05 9.98245E-05 9.98245E-05 9.98245E-05 9.98245E-05 0.197538 9.98245E-05 0.0245595 9.98245E-05 0.247581 0.0427943 9.98245E-05 9.98245E-05 9.98245E-05 9.98245E-05 9.98245E-05 9.98245E-05 9.98245E-05 9.98245E-05
0.102929 0.0432504 9.98507E-05 9.98507E-05 9.98507E-05 0.343296 9.98507E-05 9.98507E-05 0.047697 9.98507E-05 9.98507E-05 9.98507E-05 9.98507E-05 9.98507E-05 9.98507E-05 9.98507E-05 0.239125 9.98507E-05 0.00143832 9.98507E-05 9.98507E-05 9.98507E-05 0.027157 9.98507E-05 0.0171595 0.17625
9.98159E-05 9.98159E-05 9.98159E-05 9.98159E-05 9.98159E-05 0.0628822 9.98159E-05 9.98159E-05 9.98159E-05 9.98159E-05 0.138711 9.98159E-05 0.669014 9.98159E-05 9.98159E-05 9.98159E-05 0.0327283 9.98159E-05 9.98159E-05 0.0945682 9.98159E-05 9.98159E-05 9.98159E-05 9.98159E-05 9.98159E-05 9.98159E-05
9.98419E-05 0.0783435 9.98419E-05 9.98419E-05 9.98419E-05 9.98419E-05 9.98419E-05 0.127021 9.98419E-05 0.0289329 9.98419E-05 0.0548467 0.0299852 9.98419E-05 9.98419E-05 9.98419E-05 0.0731683 9.98419E-05 9.98419E-05 9.98419E-05 9.98419E-05 0.351982 9.98419E-05 9.98419E-05 9.98419E-05 0.253923
9.98334E-05 0.022223 9.98334E-05 0.036388 9.98334E-05 0.183694 9.98334E-05 9.98334E-05 9.98334E-05 0.109338 9.98334E-05 9.98334E-05 0.61083 9.98334E-05 9.98334E-05 9.98334E-05 0.0170611 9.98334E-05 9.98334E-05 9.98334E-05 9.98334E-05 9.98334E-05 9.98334E-05 9.98334E-05 0.0185691 9.98334E-05
9.98333E-05 0.0344259 9.98333E-05 9.98333E-05 9.98333E-05 0.164897 9.98333E-05 9.98333E-05 9.98333E-05 9.98333E-05 9.98333E-05 9.98333E-05 0.459346 9.98333E-05 0.0247125 9.98333E-05 0.133418 9.98333E-05 9.98333E-05 9.98333E-05 9.98333E-05 0.0241968 9.98333E-05 9.98333E-05 9.98333E-05 0.157107
9.98159E-05 9.98159E-05 9.98159E-05 9.98159E-05 9.98159E-05 9.98159E-05 9.98159E-05 9.98159E-05 9.98159E-05 9.98159E-05 0.0885089 9.98159E-05 0.865354 9.98159E-05 0.0021471 9.98159E-05 0.0244067 9.98159E-05 9.98159E-05 9.98159E-05 9.98159E-05 9.98159E-05 0.0174869 9.98159E-05 9.98159E-05 9.98159E-05
0.0826189 0.0757283 9.98508E-05 9.98508E-05 9.98508E-05 9.98508E-05 9.98508E-05 0.0284103 9.98508E-05 9.98508E-05 9.98508E-05 9.98508E-05 0.657577 9.98508E-05 0.0102646 9.98508E-05 0.0235266 9.98508E-05 0.0560376 9.98508E-05 9.98508E-05 0.0609105 9.98508E-05 9.98508E-05 0.0032284 9.98508E-05
9.98159E-05 9.98159E-05 9.98159E-05 9.98159E-05 9.98159E-05 0.681004 9.98159E-05 9.98159E-05 9.98159E-05 9.98159E-05 9.98159E-05 9.98159E-05 9.98159E-05 9.98159E-05 9.98159E-05 9.98159E-05 0.0507458 9.98159E-05 0.0167924 0.102373 9.98159E-05 9.98159E-05 9.98159E-05 9.98159E-05 9.98159E-05 0.146988
9.98155E-05 0.0644728 9.98155E-05 9.98155E-05 9.98155E-05 0.662913 9.98155E-05 9.98155E-05 9.98155E-05 9.98155E-05 9.98155E-05 9.98155E-05 9.98155E-05 9.98155E-05 9.98155E-05 9.98155E-05 0.0720789 9.98155E-05 0.0980514 9.98155E-05 9.98155E-05 9.98155E-05 9.98155E-05 9.98155E-05 9.98155E-05 0.100388
9.98334E-05 0.130808 9.98334E-05 9.98334E-05 9.98334E-05 9.98334E-05 9.98334E-05 0.0267262 9.98334E-05 0.0361469 9.98334E-05 9.98334E-05 0.445065 9.98334E-05 9.98334E-05 9.98334E-05 0.139022 9.98334E-05 0.00168985 9.98334E-05 9.98334E-05 9.98334E-05 9.98334E-05 9.98334E-05 9.98334E-05 0.218645
0.00883555 9.98072E-05 9.98072E-05 0.0277136 9.98072E-05 9.98072E-05 9.98072E-05 9.98072E-05 9.98072E-05 9.98072E-05 9.98072E-05 9.98072E-05 0.902939 9.98072E-05 9.98072E-05 9.98072E-05 9.98072E-05 9.98072E-05 0.0583158 9.98072E-05 9.98072E-05 9.98072E-05 9.98072E-05 9.98072E-05 9.98072E-05 9.98072E-05
9.98159E-05 0.0167927 9.98159E-05 9.98159E-05 9.98159E-05 9.98159E-05 9.98159E-05 9.98159E-05 9.98159E-05 0.0713494 9.98159E-05 9.98159E-05 0.739434 9.98159E-05 9.98159E-05 9.98159E-05 9.98159E-05 9.98159E-05 9.98159E-05 0.0755355 9.98159E-05 0.0947928 9.98159E-05 9.98159E-05 9.98159E-05 9.98159E-05
9.98073E-05 9.98073E-05 9.98073E-05 0.115154 0.0272983 9.98073E-05 9.98073E-05 9.98073E-05 9.98073E-05 9.98073E-05 9.98073E-05 9.98073E-05 0.853285 9.98073E-05 9.98073E-05 9.98073E-05 9.98073E-05 9.98073E-05 0.00206692 9.98073E-05 9.98073E-05 9.98073E-05 9.98073E-05 9.98073E-05 9.98073E-05 9.98073E-05
9.98686E-05 0.00516706 9.98686E-05 9.98686E-05 9.98686E-05 0.136423 9.98686E-05 9.98686E-05 0.0481397 9.98686E-05 0.0199183 9.98686E-05 0.40931 0.0108858 9.98686E-05 9.98686E-05 0.0935477 0.00166579 0.0104042 9.98686E-05 9.98686E-05 9.98686E-05 0.210575 0.0524653 9.98686E-05 9.98686E-05
9.98421E-05 9.98421E-05 9.98421E-05 9.98421E-05 9.98421E-05 9.98421E-05 0.06558 9.98421E-05 9.98421E-05 9.98421E-05 0.0445983 9.98421E-05 0.60075 0.0377597 9.98421E-05 9.98421E-05 0.143646 9.98421E-05 0.0141137 9.98421E-05 9.98421E-05 9.98421E-05 0.00059503 0.09116 9.98421E-05 9.98421E-05
0.0124767 9.98333E-05 9.98333E-05 0.048861 9.98333E-05 0.399692 9.98333E-05 9.98333E-05 9.98333E-05 9.98333E-05 9.98333E-05 0.0580037 0.107581 9.98333E-05 9.98333E-05 9.98333E-05 0.22535 9.98333E-05 9.98333E-05 9.98333E-05 9.98333E-05 9.98333E-05 9.98333E-05 9.98333E-05 9.98333E-05 0.146138
9.98157E-05 9.98157E-05 9.98157E-05 0.0322708 9.98157E-05 9.98157E-05 9.98157E-05 9.98157E-05 9.98157E-05 9.98157E-05 9.98157E-05 9.98157E-05 0.86105 9.98157E-05 9.98157E-05 9.98157E-05 9.98157E-05 9.98157E-05 0.0297082 9.98157E-05 9.98157E-05 0.0525964 0.0222786 9.98157E-05 9.98157E-05 9.98157E-05
9.98161E-05 0.1508 9.98161E-05 9.98161E-05 9.98161E-05 0.0523651 9.98161E-05 9.98161E-05 9.98161E-05 9.98161E-05 9.98161E-05 9.98161E-05 0.612377 9.98161E-05 9.98161E-05 9.98161E-05 0.0156311 9.98161E-05 9.98161E-05 9.98161E-05 9.98161E-05 0.166731 9.98161E-05 9.98161E-05 9.98161E-05 9.98161E-05
9.98246E-05 9.98246E-05 9.98246E-05 0.0357522 9.98246E-05 0.764136 9.98246E-05 9.98246E-05 9.98246E-05 9.98246E-05 9.98246E-05 9.98246E-05 0.00532884 0.0397632 9.98246E-05 9.98246E-05 9.98246E-05 9.98246E-05 9.98246E-05 9.98246E-05 0.063267 0.0897564 9.98246E-05 9.98246E-05 9.98246E-05 9.98246E-05
9.98246E-05 0.0839634 9.98246E-05 9.98246E-05 9.98246E-05 9.98246E-05 9.98246E-05 9.98246E-05 9.98246E-05 9.98246E-05 9.98246E-05 9.98246E-05 0.382688 9.98246E-05 0.188642 9.98246E-05 0.222564 0.0416007 9.98246E-05 9.98246E-05 9.98246E-05 9.98246E-05 0.078545 9.98246E-05 9.98246E-05 9.98246E-05
9.98248E-05 0.294761 9.98248E-05 0.00757584 9.98248E-05 9.98248E-05 0.0499471 9.98248E-05 9.98248E-05 0.0703808 9.98248E-05 9.98248E-05 0.257187 9.98248E-05 9.98248E-05 9.98248E-05 0.318152 9.98248E-05 9.98248E-05 9.98248E-05 9.98248E-05 9.98248E-05 9.98248E-05 9.98248E-05 9.98248E-05 9.98248E-05
9.98507E-05 0.026185 9.98507E-05 0.0782703 9.98507E-05 9.98507E-05 9.98507E-05 0.0045806 0.0285707 9.98507E-05 0.00860964 9.98507E-05 0.782585 9.98507E-05 9.98507E-05 9.98507E-05 0.0233601 9.98507E-05 9.98507E-05 9.98507E-05 9.98507E-05 0.0267016 9.98507E-05 0.0194396 9.98507E-05 9.98507E-05
9.98069E-05 9.98069E-05 9.98069E-05 9.98069E-05 9.98069E-05 0.910139 9.98069E-05 0.0512545 9.98069E-05 9.98069E-05 9.98069E-05 9.98069E-05 9.98069E-05 9.98069E-05 9.98069E-05 9.98069E-05 0.0312414 9.98069E-05 0.00516968 9.98069E-05 9.98069E-05 9.98069E-05 9.98069E-05 9.98069E-05 9.98069E-05 9.98069E-05
9.97896E-05 9.97896E-05 9.97896E-05 9.97896E-05 9.97896E-05 9.97896E-05 0.00399932 9.97896E-05 9.97896E-05 9.97896E-05 9.97896E-05 9.97896E-05 0.993606 9.97896E-05 9.97896E-05 9.97896E-05 9.97896E-05 9.97896E-05 9.97896E-05 9.97896E-05 9.97896E-05 9.97896E-05 9.97896E-05 9.97896E-05 9.97896E-05 9.97896E-05
9.98332E-05 0.110299 9.98332E-05 0.00653639 9.98332E-05 0.536711 9.98332E-05 9.98332E-05 9.98332E-05 9.98332E-05 9.98332E-05 9.98332E-05 0.185424 9.98332E-05 9.98332E-05 0.0248579 0.127674 9.98332E-05 0.00660085 9.98332E-05 9.98332E-05 9.98332E-05 9.98332E-05 9.98332E-05 9.98332E-05 9.98332E-05
9.98161E-05 9.98161E-05 9.98161E-05 0.0675591 0.0250892 0.904697 9.98161E-05 0.000148654 9.98161E-05 9.98161E-05 9.98161E-05 9.98161E-05 9.98161E-05 9.98161E-05 9.98161E-05 9.98161E-05 9.98161E-05 9.98161E-05 9.98161E-05 9.98161E-05 9.98161E-05 9.98161E-05 0.000410005 9.98161E-05 9.98161E-05 9.98161E-05
9.98597E-05 9.98597E-05 9.98597E-05 9.98597E-05 9.98597E-05 0.23985 9.98597E-05 9.98597E-05 9.98597E-05 0.00441841 9.98597E-05 9.98597E-05 0.0762947 9.98597E-05 9.98597E-05 0.116579 0.166795 0.00978095 0.0702697 9.98597E-05 9.98597E-05 0.15186 0.0680886 9.98597E-05 9.98597E-05 0.0944664
9.98157E-05 0.155211 9.98157E-05 9.98157E-05 9.98157E-05 0.679532 9.98157E-05 9.98157E-05 9.98157E-05 0.116211 9.98157E-05 9.98157E-05 9.98157E-05 9.98157E-05 9.98157E-05 9.98157E-05 9.98157E-05 0.0439416 9.98157E-05 9.98157E-05 0.00300913 9.98157E-05 9.98157E-05 9.98157E-05 9.98157E-05 9.98157E-05
9.97985E-05 9.97985E-05 9.97985E-05 9.97985E-05 9.97985E-05 9.97985E-05 9.97985E-05 0.062731 9.97985E-05 9.97985E-05 9.97985E-05 9.97985E-05 0.914622 9.97985E-05 9.97985E-05 9.97985E-05 9.97985E-05 9.97985E-05 9.97985E-05 9.97985E-05 9.97985E-05 9.97985E-05 9.97985E-05 9.97985E-05 9.97985E-05 0.0203521
0.000900857 9.98247E-05 9.98247E-05 9.98247E-05 9.98247E-05 0.759617 0.0497209 0.0181141 9.98247E-05 9.98247E-05 9.98247E-05 0.165999 9.98247E-05 9.98247E-05 9.98247E-05 9.98247E-05 0.00365163 9.98247E-05 9.98247E-05 9.98247E-05 9.98247E-05 9.98247E-05 9.98247E-05 9.98247E-05 9.98247E-05 9.98247E-05
0.0770402 9.98161E-05 9.98161E-05 9.98161E-05 9.98161E-05 9.98161E-05 0.00389799 9.98161E-05 9.98161E-05 9.98161E-05 9.98161E-05 9.98161E-05 0.818013 9.98161E-05 9.98161E-05 9.98161E-05 0.0740914 9.98161E-05 9.98161E-05 9.98161E-05 9.98161E-05 9.98161E-05 9.98161E-05 9.98161E-05 0.0248608 9.98161E-05
9.98248E-05 9.98248E-05 9.98248E-05 0.0835813 9.98248E-05 0.406218 9.98248E-05 9.98248E-05 0.0414841 9.98248E-05 9.98248E-05 9.98248E-05 0.342847 9.98248E-05 9.98248E-05 9.98248E-05 9.98248E-05 9.98248E-05 9.98248E-05 9.98248E-05 0.0284017 9.98248E-05 9.98248E-05 9.98248E-05 9.98248E-05 0.0954715
9.98157E-05 9.98157E-05 9.98157E-05 0.00722283 9.98157E-05 9.98157E-05 9.98157E-05 0.0935405 9.98157E-05 9.98157E-05 9.98157E-05 9.98157E-05 0.713118 9.98157E-05 9.98157E-05 9.98157E-05 9.98157E-05 9.98157E-05 9.98157E-05 0.174604 9.98157E-05 9.98157E-05 9.98157E-05 0.00941881 9.98157E-05 9.98157E-05
9.98072E-05 0.00295834 9.98072E-05 9.98072E-05 9.98072E-05 9.98072E-05 9.98072E-05 9.98072E-05 9.98072E-05 0.151872 9.98072E-05 9.98072E-05 0.824165 9.98072E-05 9.98072E-05 9.98072E-05 0.0188089 9.98072E-05 9.98072E-05 9.98072E-05 9.98072E-05 9.98072E-05 9.98072E-05 9.98072E-05 9.98072E-05 9.98072E-05
9.97983E-05 9.97983E-05 9.97983E-05 9.97983E-05 9.97983E-05 0.965858 9.97983E-05 9.97983E-05 9.97983E-05 9.97983E-05 9.97983E-05 9.97983E-05 0.0272621 9.97983E-05 9.97983E-05 9.97983E-05 0.00458476 9.97983E-05 9.97983E-05 9.97983E-05 9.97983E-05 9.97983E-05 9.97983E-05 9.97983E-05 9.97983E-05 9.97983E-05
9.98245E-05 9.98245E-05 9.98245E-05 9.98245E-05 9.98245E-05 9.98245E-05 9.98245E-05 9.98245E-05 9.98245E-05 9.98245E-05 9.98245E-05 9.98245E-05 9.98245E-05 9.98245E-05 0.766034 9.98245E-05 0.15105 9.98245E-05 9.98245E-05 0.00115498 9.98245E-05 9.98245E-05 0.0356161 0.0375548 9.98245E-05 0.0065937
9.97985E-05 9.97985E-05 9.97985E-05 9.97985E-05 9.97985E-05 9.97985E-05 9.97985E-05 9.97985E-05 9.97985E-05 9.97985E-05 9.97985E-05 9.97985E-05 9.97985E-05 9.97985E-05 0.950705 9.97985E-05 9.97985E-05 0.0198828 9.97985E-05 9.97985E-05 9.97985E-05 9.97985E-05 9.97985E-05 9.97985E-05 0.0271167 9.97985E-05
9.97983E-05 9.97983E-05 9.97983E-05 9.97983E-05 9.97983E-05 9.97983E-05 9.97983E-05 0.026306 9.97983E-05 9.97983E-05 9.97983E-05 9.97983E-05 9.97983E-05 0.0247395 0.946659 9.97983E-05 9.97983E-05 9.97983E-05 9.97983E-05 9.97983E-05 9.97983E-05 9.97983E-05 9.97983E-05 9.97983E-05 9.97983E-05 9.97983E-05
9.98368E-05 9.98368E-05 9.98368E-05 9.98368E-05 0.0164747 9.98368E-05 9.98368E-05 0.0441938 9.98368E-05 9.98368E-05 9.98368E-05 9.98368E-05 9.98368E-05 9.98368E-05 0.314495 9.98368E-05 0.00667192 9.98368E-05 9.98368E-05 9.98368E-05 9.98368E-05 9.98368E-05 0.14381 0.258875 9.98368E-05 0.213583
9.98419E-05 0.130857 9.98419E-05 9.98419E-05 9.98419E-05 9.98419E-05 0.0478511 9.98419E-05 0.00224658 9.98419E-05 9.98419E-05 9.98419E-05 9.98419E-05 9.98419E-05 0.673517 9.98419E-05 0.0585608 9.98419E-05 9.98419E-05 0.0056381 0.0293321 9.98419E-05 0.0502008 9.98419E-05 9.98419E-05 9.98419E-05
9.98154E-05 0.121745 9.98154E-05 9.98154E-05 9.98154E-05 9.98154E-05 9.98154E-05 9.98154E-05 9.98154E-05 9.98154E-05 9.98154E-05 9.98154E-05 9.98154E-05 9.98154E-05 0.551661 9.98154E-05 0.170395 9.98154E-05 9.98154E-05 9.98154E-05 9.98154E-05 9.98154E-05 9.98154E-05 9.98154E-05 0.0294793 0.124624
9.98069E-05 9.98069E-05 9.98069E-05 9.98069E-05 9.98069E-05 9.98069E-05 9.98069E-05 9.98069E-05 9.98069E-05 9.98069E-05 9.98069E-05 9.98069E-05 9.98069E-05 9.98069E-05 0.576611 9.98069E-05 0.144237 9.98069E-05 9.98069E-05 0.0177578 9.98069E-05 9.98069E-05 9.98069E-05 0.259198 9.98069E-05 9.98069E-05
9.98244E-05 9.98244E-05 9.98244E-05 9.98244E-05 9.98244E-05 9.98244E-05 9.98244E-05 0.172214 9.98244E-05 9.98244E-05 9.98244E-05 9.98244E-05 9.98244E-05 9.98244E-05 0.531643 9.98244E-05 0.0890156 9.98244E-05 9.98244E-05 9.98244E-05 9.98244E-05 9.98244E-05 0.0455104 0.0386147 9.98244E-05 0.121005
9.9807E-05 9.9807E-05 9.9807E-05 9.9807E-05 9.9807E-05 9.9807E-05 9.9807E-05 9.9807E-05 9.9807E-05 9.9807E-05 9.9807E-05 9.9807E-05 9.9807E-05 9.9807E-05 0.884195 9.9807E-05 9.9807E-05 0.0319853 9.9807E-05 9.9807E-05 9.9807E-05 0.0578635 9.9807E-05 0.0237603 9.9807E-05 9.9807E-05
9.97981E-05 9.97981E-05 9.97981E-05 9.97981E-05 9.97981E-05 9.97981E-05 9.97981E-05 9.97981E-05 9.97981E-05 0.00822662 9.97981E-05 9.97981E-05 9.97981E-05 9.97981E-05 0.980397 9.97981E-05 9.97981E-05 9.97981E-05 0.00908059 9.97981E-05 9.97981E-05 9.97981E-05 9.97981E-05 9.97981E-05 9.97981E-05 9.97981E-05
9.98243E-05 9.98243E-05 0.00922694 0.0360774 9.98243E-05 9.98243E-05 9.98243E-05 9.98243E-05 9.98243E-05 9.98243E-05 9.98243E-05 9.98243E-05 9.98243E-05 9.98243E-05 0.4633 9.98243E-05 0.262453 9.98243E-05 0.151778 9.98243E-05 9.98243E-05 9.98243E-05 0.0751686 9.98243E-05 9.98243E-05 9.98243E-05
0.0681546 0.094106 0.00638464 0.0467047 0.0664182 9.98683E-05 0.0454327 9.98683E-05 9.98683E-05 9.98683E-05 9.98683E-05 0.0623286 9.98683E-05 9.98683E-05 0.413078 9.98683E-05 9.98683E-05 9.98683E-05 0.0391782 9.98683E-05 9.98683E-05 9.98683E-05 9.98683E-05 0.133183 0.0235331 9.98683E-05
9.98332E-05 9.98332E-05 0.00552804 9.98332E-05 9.98332E-05 9.98332E-05 0.0737898 9.98332E-05 9.98332E-05 9.98332E-05 0.189956 9.98332E-05 9.98332E-05 9.98332E-05 0.509686 0.0910074 9.98332E-05 9.98332E-05 0.0390823 9.98332E-05 9.98332E-05 9.98332E-05 0.0890534 9.98332E-05 9.98332E-05 9.98332E-05
9.98157E-05 0.181789 9.98157E-05 0.0460609 9.98157E-05 9.98157E-05 9.98157E-05 9.98157E-05 9.98157E-05 9.98157E-05 9.98157E-05 9.98157E-05 9.98157E-05 9.98157E-05 0.401901 9.98157E-05 0.187114 9.98157E-05 9.98157E-05 9.98157E-05 9.98157E-05 9.98157E-05 9.98157E-05 0.18104 9.98157E-05 9.98157E-05
9.98161E-05 9.98161E-05 9.98161E-05 9.98161E-05 9.98161E-05 9.98161E-05 9.98161E-05 9.98161E-05 9.98161E-05 9.98161E-05 9.98161E-05 0.00405326 9.98161E-05 9.98161E-05 0.874055 9.98161E-05 9.98161E-05 0.00919273 9.98161E-05 9.98161E-05 9.98161E-05 0.055383 9.98161E-05 9.98161E-05 9.98161E-05 0.0552203
9.98072E-05 9.98072E-05 9.98072E-05 9.98072E-05 9.98072E-05 9.98072E-05 9.98072E-05 9.98072E-05 9.98072E-05 9.98072E-05 9.98072E-05 9.98072E-05 9.98072E-05 9.98072E-05 0.849508 9.98072E-05 0.0429083 9.98072E-05 0.0145045 9.98072E-05 9.98072E-05 9.98072E-05 0.0908831 9.98072E-05 9.98072E-05 9.98072E-05
9.98331E-05 9.98331E-05 9.98331E-05 0.135385 0.0176013 9.98331E-05 0.0115001 9.98331E-05 9.98331E-05 9.98331E-05 9.98331E-05 9.98331E-05 9.98331E-05 9.98331E-05 0.724038 9.98331E-05 9.98331E-05 9.98331E-05 9.98331E-05 0.0703349 9.98331E-05 9.98331E-05 0.0161125 9.98331E-05 9.98331E-05 0.0231312
9.98243E-05 0.103454 0.0675294 0.0448101 9.98243E-05 9.98243E-05 9.98243E-05 9.98243E-05 9.98243E-05 9.98243E-05 9.98243E-05 9.98243E-05 9.98243E-05 9.98243E-05 0.686056 9.98243E-05 9.98243E-05 9.98243E-05 0.0770336 9.98243E-05 9.98243E-05 9.98243E-05 0.0191212 9.98243E-05 9.98243E-05 9.98243E-05
0.00788742 9.98157E-05 9.98157E-05 0.0300178 9.98157E-05 9.98157E-05 9.98157E-05 0.0852592 9.98157E-05 9.98157E-05 9.98157E-05 9.98157E-05 9.98157E-05 9.98157E-05 0.848003 9.98157E-05 0.0267362 9.98157E-05 9.98157E-05 9.98157E-05 9.98157E-05 9.98157E-05 9.98157E-05 9.98157E-05 9.98157E-05 9.98157E-05
9.98418E-05 9.98418E-05 0.000211289 9.98418E-05 9.98418E-05 9.98418E-05 0.0367804 0.0219935 0.0353187 9.98418E-05 9.98418E-05 9.98418E-05 9.98418E-05 9.98418E-05 0.592945 9.98418E-05 0.145407 0.104034 0.0615134 9.98418E-05 9.98418E-05 9.98418E-05 9.98418E-05 9.98418E-05 9.98418E-05 9.98418E-05
9.97899E-05 9.97899E-05 9.97899E-05 9.97899E-05 9.97899E-05 9.97899E-05 9.97899E-05 9.97899E-05 9.97899E-05 9.97899E-05 9.97899E-05 9.97899E-05 9.97899E-05 0.0383717 0.959233 9.97899E-05 9.97899E-05 9.97899E-05 9.97899E-05 9.97899E-05 9.97899E-05 9.97899E-05 9.97899E-05 9.97899E-05 9.97899E-05 9.97899E-05
9.98067E-05 0.255856 9.98067E-05 9.98067E-05 9.98067E-05 9.98067E-05 9.98067E-05 9.98067E-05 9.98067E-05 9.98067E-05 0.0271285 9.98067E-05 9.98067E-05 9.98067E-05 0.664711 9.98067E-05 0.0501093 9.98067E-05 9.98067E-05 9.98067E-05 9.98067E-05 9.98067E-05 9.98067E-05 9.98067E-05 9.98067E-05 9.98067E-05
9.98335E-05 0.0338628 9.98335E-05 9.98335E-05 9.98335E-05 9.98335E-05 9.98335E-05 9.98335E-05 9.98335E-05 9.98335E-05 9.98335E-05 9.98335E-05 0.0388768 9.98335E-05 0.609592 9.98335E-05 0.0410483 9.98335E-05 9.98335E-05 9.98335E-05 9.98335E-05 9.98335E-05 9.98335E-05 0.0951299 0.0158644 0.163729
9.98332E-05 9.98332E-05 9.98332E-05 0.127552 9.98332E-05 9.98332E-05 9.98332E-05 0.0578547 9.98332E-05 9.98332E-05 0.0521147 9.98332E-05 9.98332E-05 9.98332E-05 0.6908 9.98332E-05 0.000921825 0.0450379 9.98332E-05 9.98332E-05 9.98332E-05 9.98332E-05 0.0238224 9.98332E-05 9.98332E-05 9.98332E-05
9.98067E-05 9.98067E-05 0.00434164 9.98067E-05 9.98067E-05 9.98067E-05 9.98067E-05 9.98067E-05 9.98067E-05 9.98067E-05 9.98067E-05 9.98067E-05 9.98067E-05 9.98067E-05 0.809783 9.98067E-05 0.0182382 9.98067E-05 0.165441 9.98067E-05 9.98067E-05 9.98067E-05 9.98067E-05 9.98067E-05 9.98067E-05 9.98067E-05
9.97986E-05 9.97986E-05 9.97986E-05 9.97986E-05 9.97986E-05 9.97986E-05 9.97986E-05 9.97986E-05 0.00750943 9.97986E-05 9.97986E-05 9.97986E-05 0.00236914 9.97986E-05 0.987826 9.97986E-05 9.97986E-05 9.97986E-05 9.97986E-05 9.97986E-05 9.97986E-05 9.97986E-05 9.97986E-05 9.97986E-05 9.97986E-05 9.97986E-05
9.98073E-05 0.0443823 9.98073E-05 9.98073E-05 9.98073E-05 9.98073E-05 9.98073E-05 9.98073E-05 9.98073E-05 9.98073E-05 9.98073E-05 9.98073E-05 9.98073E-05 9.98073E-05 0.909941 9.98073E-05 9.98073E-05 0.0338131 9.98073E-05 0.00966824 9.98073E-05 9.98073E-05 9.98073E-05 9.98073E-05 9.98073E-05 9.98073E-05
9.9781E-05 9.9781E-05 9.9781E-05 9.9781E-05 9.9781E-05 9.9781E-05 9.9781E-05 9.9781E-05 9.9781E-05 9.9781E-05 9.9781E-05 9.9781E-05 9.9781E-05 9.9781E-05 0.997505 9.9781E-05 9.9781E-05 9.9781E-05 9.9781E-05 9.9781E-05 9.9781E-05 9.9781E-05 9.9781E-05 9.9781E-05 9.9781E-05 9.9781E-05
9.97908E-05 9.97908E-05 9.97908E-05 9.97908E-05 9.97908E-05 9.97908E-05 9.97908E-05 0.0518895 9.97908E-05 9.97908E-05 9.97908E-05 9.97908E-05 9.97908E-05 9.97908E-05 0.945715 9.97908E-05 9.97908E-05 9.97908E-05 9.97908E-05 9.97908E-05 9.97908E-05 9.97908E-05 9.97908E-05 9.97908E-05 9.97908E-05 9.97908E-05
9.98159E-05 9.98159E-05 9.98159E-05 9.98159E-05 9.98159E-05 9.98159E-05 9.98159E-05 9.98159E-05 9.98159E-05 9.98159E-05 9.98159E-05 9.98159E-05 9.98159E-05 0.0798039 0.624779 9.98159E-05 0.0403213 9.98159E-05 9.98159E-05 9.98159E-05 9.98159E-05 0.130194 0.122807 9.98159E-05 9.98159E-05 9.98159E-05
9.9807E-05 9.9807E-05 9.9807E-05 9.9807E-05 9.9807E-05 9.9807E-05 9.9807E-05 9.9807E-05 9.9807E-05 9.9807E-05 0.483127 9.9807E-05 9.9807E-05 9.9807E-05 9.9807E-05 9.9807E-05 0.0976549 9.9807E-05 9.9807E-05 9.9807E-05 9.9807E-05 9.9807E-05 0.0860119 9.9807E-05 9.9807E-05 0.331011
9.98071E-05 9.98071E-05 9.98071E-05 9.98071E-05 9.98071E-05 0.00238227 9.98071E-05 9.98071E-05 9.98071E-05 9.98071E-05 9.98071E-05 9.98071E-05 9.98071E-05 0.364966 9.98071E-05 9.98071E-05 9.98071E-05 9.98071E-05 9.98071E-05 9.98071E-05 9.98071E-05 9.98071E-05 0.00195139 9.98071E-05 9.98071E-05 0.628504
9.98333E-05 0.00755703 9.98333E-05 9.98333E-05 9.98333E-05 9.98333E-05 0.0337386 0.00348841 9.98333E-05 9.98333E-05 0.0635371 9.98333E-05 9.98333E-05 9.98333E-05 9.98333E-05 0.101372 0.0619422 9.98333E-05 9.98333E-05 9.98333E-05 9.98333E-05 9.98333E-05 9.98333E-05 9.98333E-05 9.98333E-05 0.726468
9.98155E-05 9.98155E-05 9.98155E-05 9.98155E-05 9.98155E-05 9.98155E-05 9.98155E-05 0.014505 9.98155E-05 9.98155E-05 0.303493 9.98155E-05 9.98155E-05 9.98155E-05 9.98155E-05 9.98155E-05 0.0937873 9.98155E-05 9.98155E-05 9.98155E-05 9.98155E-05 9.98155E-05 0.00980228 9.98155E-05 9.98155E-05 0.576316
9.98156E-05 9.98156E-05 0.0188737 9.98156E-05 9.98156E-05 9.98156E-05 0.0569706 9.98156E-05 9.98156E-05 9.98156E-05 0.456793 9.98156E-05 9.98156E-05 9.98156E-05 9.98156E-05 9.98156E-05 9.98156E-05 9.98156E-05 9.98156E-05 9.98156E-05 9.98156E-05 9.98156E-05 0.0231751 9.98156E-05 9.98156E-05 0.442091
9.98246E-05 9.98246E-05 9.98246E-05 9.98246E-05 9.98246E-05 9.98246E-05 9.98246E-05 9.98246E-05 9.98246E-05 0.0822999 0.542877 9.98246E-05 9.98246E-05 9.98246E-05 9.98246E-05 9.98246E-05 0.218977 9.98246E-05 9.98246E-05 9.98246E-05 9.98246E-05 9.98246E-05 0.068686 0.0495217 9.98246E-05 0.0356414
9.97983E-05 9.97983E-05 9.97983E-05 9.97983E-05 9.97983E-05 9.97983E-05 9.97983E-05 0.0451937 9.97983E-05 9.97983E-05 9.97983E-05 9.97983E-05 9.97983E-05 9.97983E-05 9.97983E-05 9.97983E-05 9.97983E-05 9.97983E-05 9.97983E-05 9.97983E-05 9.97983E-05 9.97983E-05 0.0222578 9.97983E-05 9.97983E-05 0.930253
9.9798E-05 9.9798E-05 9.9798E-05 9.9798E-05 9.9798E-05 9.9798E-05 9.9798E-05 9.9798E-05 9.9798E-05 9.9798E-05 0.0566423 9.9798E-05 9.9798E-05 9.9798E-05 9.9798E-05 9.9798E-05 9.9798E-05 9.9798E-05 9.9798E-05 9.9798E-05 9.9798E-05 9.9798E-05 0.179416 9.9798E-05 9.9798E-05 0.761647
0.0213584 9.98242E-05 9.98242E-05 9.98242E-05 9.98242E-05 9.98242E-05 9.98242E-05 9.98242E-05 9.98242E-05 9.98242E-05 9.98242E-05 9.98242E-05 9.98242E-05 9.98242E-05 9.98242E-05 9.98242E-05 9.98242E-05 9.98242E-05 0.00634281 9.98242E-05 9.98242E-05 0.0970711 0.267828 0.222076 9.98242E-05 0.383327
9.98069E-05 9.98069E-05 9.98069E-05 9.98069E-05 9.98069E-05 9.98069E-05 9.98069E-05 9.98069E-05 9.98069E-05 0.00303341 9.98069E-05 9.98069E-05 9.98069E-05 9.98069E-05 9.98069E-05 9.98069E-05 0.216239 9.98069E-05 9.98069E-05 9.98069E-05 9.98069E-05 9.98069E-05 0.191655 9.98069E-05 9.98069E-05 0.586877
9.9816E-05 9.9816E-05 9.9816E-05 9.9816E-05 9.9816E-05 9.9816E-05 9.9816E-05 9.9816E-05 9.9816E-05 9.9816E-05 0.57294 9.9816E-05 9.9816E-05 0.198343 9.9816E-05 9.9816E-05 9.9816E-05 9.9816E-05 0.0230108 9.9816E-05 9.9816E-05 9.9816E-05 9.9816E-05 0.192921 9.9816E-05 0.0106898
9.98334E-05 9.98334E-05 9.98334E-05 9.98334E-05 9.98334E-05 9.98334E-05 9.98334E-05 9.98334E-05 0.00519358 9.98334E-05 0.792261 9.98334E-05 0.00983359 0.0758256 9.98334E-05 9.98334E-05 0.041312 9.98334E-05 0.0248895 9.98334E-05 9.98334E-05 9.98334E-05 9.98334E-05 0.0487879 9.98334E-05 9.98334E-05
9.97809E-05 9.97809E-05 9.97809E-05 9.97809E-05 9.97809E-05 9.97809E-05 9.97809E-05 9.97809E-05 9.97809E-05 9.97809E-05 9.97809E-05 9.97809E-05 9.97809E-05 9.97809E-05 9.97809E-05 9.97809E-05 9.97809E-05 9.97809E-05 9.97809E-05 9.97809E-05 9.97809E-05 9.97809E-05 9.97809E-05 9.97809E-05 9.97809E-05 0.997505
9.9816E-05 9.9816E-05 9.9816E-05 9.9816E-05 9.9816E-05 9.9816E-05 9.9816E-05 9.9816E-05 9.9816E-05 9.9816E-05 0.621536 9.9816E-05 9.9816E-05 0.0121664 9.9816E-05 9.9816E-05 0.210604 9.9816E-05 9.9816E-05 9.9816E-05 9.9816E-05 9.9816E-05 0.0934129 9.9816E-05 9.9816E-05 0.0601839
9.98159E-05 9.98159E-05 0.0956286 9.98159E-05 9.98159E-05 9.98159E-05 9.98159E-05 0.0998022 9.98159E-05 9.98159E-05 0.310811 0.0254916 9.98159E-05 9.98159E-05 9.98159E-05 9.98159E-05 9.98159E-05 9.98159E-05 9.98159E-05 9.98159E-05 9.98159E-05 9.98159E-05 9.98159E-05 9.98159E-05 9.98159E-05 0.46617
9.98333E-05 9.98333E-05 9.98333E-05 9.98333E-05 9.98333E-05 9.98333E-05 0.0258739 9.98333E-05 9.98333E-05 9.98333E-05 0.327867 9.98333E-05 9.98333E-05 9.98333E-05 9.98333E-05 9.98333E-05 0.128908 9.98333E-05 0.027939 9.98333E-05 9.98333E-05 0.0887695 9.98333E-05 0.0419096 9.98333E-05 0.356836
9.98333E-05 9.98333E-05 9.98333E-05 9.98333E-05 9.98333E-05 9.98333E-05 9.98333E-05 9.98333E-05 0.0110619 9.98333E-05 0.192787 9.98333E-05 9.98333E-05 9.98333E-05 9.98333E-05 9.98333E-05 0.124794 9.98333E-05 9.98333E-05 9.98333E-05 9.98333E-05 9.98333E-05 0.00654635 0.19291 0.0241537 0.445851
9.9851E-05 0.0548537 0.0168791 9.9851E-05 0.00741159 0.057121 0.0563509 9.9851E-05 9.9851E-05 0.0231604 0.395892 9.9851E-05 9.9851E-05 9.9851E-05 9.9851E-05 9.9851E-05 9.9851E-05 9.9851E-05 9.9851E-05 9.9851E-05 9.9851E-05 9.9851E-05 0.100581 9.9851E-05 9.9851E-05 0.286054
9.98071E-05 9.98071E-05 9.98071E-05 9.98071E-05 9.98071E-05 9.98071E-05 9.98071E-05 9.98071E-05 9.98071E-05 9.98071E-05 0.627436 9.98071E-05 9.98071E-05 9.98071E-05 9.98071E-05 9.98071E-05 9.98071E-05 9.98071E-05 0.000754984 9.98071E-05 0.0110045 9.98071E-05 9.98071E-05 9.98071E-05 9.98071E-05 0.358609
9.98684E-05 9.98684E-05 0.00962781 9.98684E-05 9.98684E-05 9.98684E-05 9.98684E-05 9.98684E-05 0.0681721 0.0182733 0.153247 9.98684E-05 9.98684E-05 0.156282 9.98684E-05 9.98684E-05 0.0453158 9.98684E-05 0.0367561 0.0148543 9.98684E-05 0.0889331 0.114658 9.98684E-05 9.98684E-05 0.292384
9.98159E-05 9.98159E-05 9.98159E-05 9.98159E-05 9.98159E-05 9.98159E-05 9.98159E-05 9.98159E-05 9.98159E-05 9.98159E-05 0.631797 0.0510867 9.98159E-05 9.98159E-05 9.98159E-05 9.98159E-05 0.0685129 9.98159E-05 9.98159E-05 9.98159E-05 9.98159E-05 9.98159E-05 9.98159E-05 0.145464 9.98159E-05 0.101043
9.97983E-05 9.97983E-05 9.97983E-05 9.97983E-05 9.97983E-05 9.97983E-05 9.97983E-05 9.97983E-05 9.97983E-05 9.97983E-05 0.77494 9.97983E-05 9.97983E-05 9.97983E-05 9.97983E-05 9.97983E-05 9.97983E-05 9.97983E-05 0.0504464 9.97983E-05 9.97983E-05 9.97983E-05 9.97983E-05 9.97983E-05 9.97983E-05 0.172318
9.98246E-05 9.98246E-05 9.98246E-05 9.98246E-05 9.98246E-05 9.98246E-05 0.00591499 9.98246E-05 0.00894477 9.98246E-05 0.594591 9.98246E-05 9.98246E-05 9.98246E-05 9.98246E-05 9.98246E-05 0.190957 9.98246E-05 9.98246E-05 9.98246E-05 9.98246E-05 9.98246E-05 0.183051 0.014545 9.98246E-05 9.98246E-05
0.0365178 9.98334E-05 9.98334E-05 9.98334E-05 9.98334E-05 9.98334E-05 0.0623205 9.98334E-05 9.98334E-05 9.98334E-05 0.253544 9.98334E-05 9.98334E-05 0.0796042 9.98334E-05 9.98334E-05 0.0130863 9.98334E-05 9.98334E-05 9.98334E-05 9.98334E-05 9.98334E-05 0.144657 9.98334E-05 9.98334E-05 0.408373
9.98157E-05 9.98157E-05 9.98157E-05 9.98157E-05 9.98157E-05 9.98157E-05 9.98157E-05 9.98157E-05 0.0673112 9.98157E-05 0.565793 9.98157E-05 9.98157E-05 9.98157E-05 9.98157E-05 9.98157E-05 0.190187 9.98157E-05 9.98157E-05 9.98157E-05 9.98157E-05 9.98157E-05 0.133214 0.0413989 9.98157E-05 9.98157E-05
9.98247E-05 9.98247E-05 9.98247E-05 9.98247E-05 9.98247E-05 9.98247E-05 9.98247E-05 9.98247E-05 9.98247E-05 9.98247E-05 9.98247E-05 9.98247E-05 9.98247E-05 0.154725 0.0231588 9.98247E-05 0.0749904 9.98247E-05 9.98247E-05 9.98247E-05 9.98247E-05 9.98247E-05 0.0814656 0.0767989 9.98247E-05 0.586864
9.98246E-05 9.98246E-05 9.98246E-05 9.98246E-05 9.98246E-05 9.98246E-05 0.0440288 9.98246E-05 9.98246E-05 9.98246E-05 0.321161 9.98246E-05 9.98246E-05 0.525488 9.98246E-05 9.98246E-05 0.0134946 0.0886417 9.98246E-05 9.98246E-05 9.98246E-05 9.98246E-05 9.98246E-05 9.98246E-05 0.00518948 9.98246E-05
9.98329E-05 9.98329E-05 9.98329E-05 0.0350762 9.98329E-05 9.98329E-05 9.98329E-05 9.98329E-05 0.0183962 9.98329E-05 0.0652964 9.98329E-05 9.98329E-05 9.98329E-05 9.98329E-05 9.98329E-05 0.0676267 9.98329E-05 9.98329E-05 9.98329E-05 9.98329E-05 9.98329E-05 0.00937602 9.98329E-05 0.0326709 0.769661
9.9816E-05 9.9816E-05 9.9816E-05 9.9816E-05 9.9816E-05 9.9816E-05 9.9816E-05 9.9816E-05 9.9816E-05 9.9816E-05 0.326159 9.9816E-05 9.9816E-05 9.9816E-05 9.9816E-05 9.9816E-05 0.192822 9.9816E-05 9.9816E-05 9.9816E-05 9.9816E-05 9.9816E-05 0.219247 0.017747 9.9816E-05 0.241929
9.98247E-05 9.98247E-05 9.98247E-05 9.98247E-05 9.98247E-05 9.98247E-05 0.142605 9.98247E-05 9.98247E-05 9.98247E-05 0.564624 9.98247E-05 9.98247E-05 0.017093 9.98247E-05 9.98247E-05 0.0863375 9.98247E-05 0.0289404 9.98247E-05 9.98247E-05 9.98247E-05 9.98247E-05 9.98247E-05 9.98247E-05 0.158403
9.97984E-05 9.97984E-05 9.97984E-05 9.97984E-05 9.97984E-05 9.97984E-05 9.97984E-05 9.97984E-05 9.97984E-05 9.97984E-05 9.97984E-05 9.97984E-05 9.97984E-05 9.97984E-05 9.97984E-05 9.97984E-05 0.0925131 9.97984E-05 0.0403505 9.97984E-05 9.97984E-05 9.97984E-05 9.97984E-05 9.97984E-05 9.97984E-05 0.864841
9.97982E-05 9.97982E-05 9.97982E-05 9.97982E-05 9.97982E-05 9.97982E-05 9.97982E-05 9.97982E-05 0.0258362 9.97982E-05 9.97982E-05 0.0464497 9.97982E-05 9.97982E-05 9.97982E-05 9.97982E-05 9.97982E-05 9.97982E-05 9.97982E-05 9.97982E-05 9.97982E-05 9.97982E-05 9.97982E-05 9.97982E-05 9.97982E-05 0.925419
9.98243E-05 9.98243E-05 9.98243E-05 9.98243E-05 9.98243E-05 9.98243E-05 0.1144 9.98243E-05 0.0945973 9.98243E-05 0.077681 9.98243E-05 9.98243E-05 9.98243E-05 9.98243E-05 9.98243E-05 0.0566444 9.98243E-05 9.98243E-05 9.98243E-05 9.98243E-05 9.98243E-05 0.285528 9.98243E-05 9.98243E-05 0.369152
9.98155E-05 0.0827044 9.98155E-05 9.98155E-05 9.98155E-05 9.98155E-05 9.98155E-05 9.98155E-05 9.98155E-05 9.98155E-05 0.0426316 9.98155E-05 9.98155E-05 9.98155E-05 9.98155E-05 9.98155E-05 0.00551263 9.98155E-05 9.98155E-05 9.98155E-05 9.98155E-05 9.98155E-05 9.98155E-05 9.98155E-05 0.0196047 0.847451
9.97808E-05 9.97808E-05 9.97808E-05 9.97808E-05 9.97808E-05 9.97808E-05 9.97808E-05 9.97808E-05 9.97808E-05 9.97808E-05 9.97808E-05 9.97808E-05 9.97808E-05 9.97808E-05 9.97808E-05 9.97808E-05 9.97808E-05 9.97808E-05 9.97808E-05 9.97808E-05 9.97808E-05 9.97808E-05 9.97808E-05 9.97808E-05 9.97808E-05 0.997505
9.98245E-05 9.98245E-05 9.98245E-05 9.98245E-05 9.98245E-05 9.98245E-05 9.98245E-05 9.98245E-05 9.98245E-05 0.0526078 0.182821 9.98245E-05 9.98245E-05 0.00977604 9.98245E-05 9.98245E-05 9.98245E-05 9.98245E-05 9.98245E-05 9.98245E-05 9.98245E-05 0.128858 0.0716327 9.98245E-05 9.98245E-05 0.552308
9.98243E-05 9.98243E-05 0.0333145 9.98243E-05 9.98243E-05 9.98243E-05 9.98243E-05 0.0377841 9.98243E-05 9.98243E-05 9.98243E-05 9.98243E-05 9.98243E-05 9.98243E-05 9.98243E-05 9.98243E-05 0.160957 9.98243E-05 0.00459545 9.98243E-05 9.98243E-05 9.98243E-05 0.0647951 9.98243E-05 9.98243E-05 0.696558
9.98244E-05 9.98244E-05 9.98244E-05 9.98244E-05 9.98244E-05 9.98244E-05 9.98244E-05 0.00472626 9.98244E-05 9.98244E-05 0.3583 9.98244E-05 9.98244E-05 0.529995 9.98244E-05 9.98244E-05 9.98244E-05 9.98244E-05 0.00545522 9.98244E-05 9.98244E-05 9.98244E-05 0.0583468 9.98244E-05 9.98244E-05 0.0411801
9.9816E-05 9.9816E-05 9.9816E-05 9.9816E-05 9.9816E-05 9.9816E-05 9.9816E-05 9.9816E-05 9.9816E-05 9.9816E-05 0.612096 9.9816E-05 9.9816E-05 0.142847 9.9816E-05 9.9816E-05 0.117053 9.9816E-05 0.0581964 9.9816E-05 9.9816E-05 9.9816E-05 9.9816E-05 9.9816E-05 9.9816E-05 0.0677116
9.97987E-05 9.97987E-05 9.97987E-05 9.97987E-05 9.97987E-05 9.97987E-05 0.071921 9.97987E-05 9.97987E-05 9.97987E-05 9.97987E-05 9.97987E-05 9.97987E-05 0.189196 9.97987E-05 9.97987E-05 9.97987E-05 9.97987E-05 9.97987E-05 9.97987E-05 9.97987E-05 9.97987E-05 9.97987E-05 9.97987E-05 9.97987E-05 0.736588
9.9851E-05 9.9851E-05 9.9851E-05 9.9851E-05 9.9851E-05 9.9851E-05 0.00288894 0.0126383 0.061742 9.9851E-05 0.178526 9.9851E-05 9.9851E-05 0.423195 9.9851E-05 9.9851E-05 9.9851E-05 9.9851E-05 0.0114077 9.9851E-05 9.9851E-05 9.9851E-05 0.0357059 0.0131219 9.9851E-05 0.259078
9.98157E-05 9.98157E-05 9.98157E-05 9.98157E-05 9.98157E-05 9.98157E-05 9.98157E-05 9.98157E-05 9.98157E-05 9.98157E-05 0.544568 9.98157E-05 9.98157E-05 9.98157E-05 9.98157E-05 0.0419389 0.244025 9.98157E-05 9.98157E-05 9.98157E-05 9.98157E-05 9.98157E-05 0.0952051 0.072167 9.98157E-05 9.98157E-05
9.98158E-05 9.98158E-05 9.98158E-05 9.98158E-05 9.98158E-05 9.98158E-05 9.98158E-05 9.98158E-05 9.98158E-05 9.98158E-05 0.482053 9.98158E-05 9.98158E-05 9.98158E-05 9.98158E-05 9.98158E-05 9.98158E-05 9.98158E-05 9.98158E-05 9.98158E-05 9.98158E-05 0.0712793 0.07221 9.98158E-05 0.134997 0.237364
9.98158E-05 9.98158E-05 9.98158E-05 9.98158E-05 9.98158E-05 9.98158E-05 9.98158E-05 9.98158E-05 0.0469939 9.98158E-05 0.32117 9.98158E-05 9.98158E-05 0.49136 9.98158E-05 9.98158E-05 0.0682944 9.98158E-05 9.98158E-05 9.98158E-05 9.98158E-05 9.98158E-05 0.0700851 9.98158E-05 9.98158E-05 9.98158E-05
9.97984E-05 9.97984E-05 9.97984E-05 9.97984E-05 9.97984E-05 9.97984E-05 9.97984E-05 9.97984E-05 9.97984E-05 9.97984E-05 9.97984E-05 9.97984E-05 9.97984E-05 0.384009 9.97984E-05 9.97984E-05 9.97984E-05 9.97984E-05 9.97984E-05 9.97984E-05 9.97984E-05 9.97984E-05 0.00339627 9.97984E-05 9.97984E-05 0.610299
9.98331E-05 9.98331E-05 9.98331E-05 9.98331E-05 9.98331E-05 9.98331E-05 0.0864993 0.0348555 0.058483 9.98331E-05 0.0559384 9.98331E-05 9.98331E-05 9.98331E-05 9.98331E-05 9.98331E-05 9.98331E-05 9.98331E-05 9.98331E-05 9.98331E-05 9.98331E-05 9.98331E-05 0.215784 0.137657 9.98331E-05 0.408886
