0.000682392 0.048997 0.0373889 9.99648E-05 0.55531 0.108879 9.99648E-05 0.24362 0.00472301 9.99648E-05 9.99648E-05
0.0151924 0.0130784 9.99385E-05 9.99385E-05 0.8056 9.99385E-05 9.99385E-05 0.16543 9.99385E-05 9.99385E-05 9.99385E-05
9.99385E-05 9.99385E-05 9.99385E-05 0.0137244 0.967264 0.00566823 9.99385E-05 9.99385E-05 0.0126437 9.99385E-05 9.99385E-05
0.0564976 0.069492 9.99561E-05 0.120749 0.358922 9.99561E-05 0.0070198 9.99561E-05 9.99561E-05 9.99561E-05 0.386821
9.9921E-05 9.9921E-05 9.9921E-05 9.9921E-05 0.892897 9.9921E-05 9.9921E-05 9.9921E-05 9.9921E-05 9.9921E-05 0.106203
0.0412038 9.99561E-05 9.99561E-05 0.130091 0.356062 9.99561E-05 0.111391 0.0957943 9.99561E-05 9.99561E-05 0.264958
9.99561E-05 0.142093 9.99561E-05 9.99561E-05 0.416899 0.104619 9.99561E-05 0.0936666 0.0984435 9.99561E-05 0.14378
9.99737E-05 0.0264196 0.0496008 9.99737E-05 0.245768 9.99737E-05 0.178972 0.0711287 0.0354349 0.055146 0.337229
0.043274 9.99561E-05 9.99561E-05 0.153168 0.309406 0.199511 0.272073 0.0220681 9.99561E-05 9.99561E-05 9.99561E-05
9.9921E-05 9.9921E-05 0.0549402 9.9921E-05 0.944161 9.9921E-05 9.9921E-05 9.9921E-05 9.9921E-05 9.9921E-05 9.9921E-05
0.0200962 0.152075 9.99561E-05 0.0378118 0.629379 9.99561E-05 0.0981957 0.0619433 9.99561E-05 9.99561E-05 9.99561E-05
9.9921E-05 9.9921E-05 9.9921E-05 9.9921E-05 0.977439 9.9921E-05 9.9921E-05 9.9921E-05 9.9921E-05 0.0216616 9.9921E-05
9.99297E-05 9.99297E-05 9.99297E-05 0.0401142 0.928099 9.99297E-05 0.0309875 9.99297E-05 9.99297E-05 9.99297E-05 9.99297E-05
9.99649E-05 0.0681123 9.99649E-05 0.140116 0.713712 0.0175128 9.99649E-05 0.00575669 0.0130062 0.0413837 9.99649E-05
9.99473E-05 9.99473E-05 9.99473E-05 0.249209 0.387266 0.075908 0.149463 0.137553 9.99473E-05 9.99473E-05 9.99473E-05
9.99561E-05 9.99561E-05 0.000506606 0.109376 0.365962 9.99561E-05 0.221991 9.99561E-05 9.99561E-05 0.188881 0.112784
9.99561E-05 0.0937993 9.99561E-05 0.185997 0.557824 0.0301112 9.99561E-05 0.065245 9.99561E-05 0.0665231 9.99561E-05
0.207901 0.0239746 0.174614 9.99649E-05 0.393283 0.0166948 0.136691 9.99649E-05 9.99649E-05 9.99649E-05 0.046442
0.0263612 9.9956E-05 9.9956E-05 9.9956E-05 0.458494 0.0193376 0.204367 0.0146043 9.9956E-05 9.9956E-05 0.276336
0.0528299 9.9921E-05 9.9921E-05 9.9921E-05 0.946271 9.9921E-05 9.9921E-05 9.9921E-05 9.9921E-05 9.9921E-05 9.9921E-05
0.00523901 0.064554 9.99561E-05 9.99561E-05 0.567482 9.99561E-05 0.0962623 9.99561E-05 9.99561E-05 0.109866 0.156097
9.99737E-05 0.033912 0.0569823 0.034127 0.388711 9.99737E-05 0.187976 0.0273616 0.00715868 9.99737E-05 0.263471
9.99562E-05 0.038128 0.0341987 0.144412 0.635836 9.99562E-05 0.0300946 0.116831 9.99562E-05 9.99562E-05 9.99562E-05
9.99385E-05 9.99385E-05 9.99385E-05 0.303221 0.555875 0.0543272 9.99385E-05 9.99385E-05 9.99385E-05 0.0858771 9.99385E-05
0.0910328 0.0307173 9.99561E-05 0.372637 0.325896 0.0538801 0.125337 9.99561E-05 9.99561E-05 9.99561E-05 9.99561E-05
9.99298E-05 9.99298E-05 9.99298E-05 0.208476 0.747138 9.99298E-05 9.99298E-05 9.99298E-05 9.99298E-05 9.99298E-05 0.0435864
9.99736E-05 0.0154892 0.151964 0.36933 0.146041 9.99736E-05 0.0167069 0.136207 9.99736E-05 0.129317 0.0346454
9.99298E-05 9.99298E-05 9.99298E-05 0.0554056 0.839604 9.99298E-05 9.99298E-05 9.99298E-05 9.99298E-05 9.99298E-05 0.104191
0.00137639 9.99385E-05 9.99385E-05 0.221829 0.733491 0.0426037 9.99385E-05 9.99385E-05 9.99385E-05 9.99385E-05 9.99385E-05
9.99211E-05 9.99211E-05 9.99211E-05 0.200828 0.798273 9.99211E-05 9.99211E-05 9.99211E-05 9.99211E-05 9.99211E-05 9.99211E-05
0.0522817 0.0962154 9.99385E-05 9.99385E-05 0.809081 9.99385E-05 0.041722 9.99385E-05 9.99385E-05 9.99385E-05 9.99385E-05
9.99386E-05 0.0269884 9.99386E-05 0.268436 0.519473 9.99386E-05 9.99386E-05 9.99386E-05 9.99386E-05 9.99386E-05 0.184403
9.99473E-05 0.0987569 9.99473E-05 0.13904 0.65474 9.99473E-05 0.0286543 9.99473E-05 9.99473E-05 0.0782088 9.99473E-05
9.99649E-05 0.0380202 0.0388493 0.280065 0.516512 0.0217129 9.99649E-05 9.99649E-05 0.0650157 9.99649E-05 0.0394257
0.0550095 0.0419462 9.99386E-05 9.99386E-05 0.875219 9.99386E-05 0.0271261 9.99386E-05 9.99386E-05 9.99386E-05 9.99386E-05
0.0120216 0.013806 9.99649E-05 9.99649E-05 0.792268 0.103826 0.0252368 0.0409962 9.99649E-05 9.99649E-05 0.0114456
0.0154729 9.99298E-05 9.99298E-05 9.99298E-05 0.852579 9.99298E-05 9.99298E-05 9.99298E-05 0.131149 9.99298E-05 9.99298E-05
0.104477 0.0374716 9.99561E-05 0.0541222 0.61073 9.99561E-05 0.12016 0.0725395 9.99561E-05 9.99561E-05 9.99561E-05
9.99649E-05 0.0283064 9.99649E-05 0.212599 0.605726 9.99649E-05 0.0134139 0.102661 9.99649E-05 0.00558713 0.0313065
9.99385E-05 0.0462995 9.99385E-05 0.27563 0.572883 9.99385E-05 9.99385E-05 9.99385E-05 9.99385E-05 0.104488 9.99385E-05
9.99298E-05 0.036593 9.99298E-05 9.99298E-05 0.930208 9.99298E-05 0.0323994 9.99298E-05 9.99298E-05 9.99298E-05 9.99298E-05
9.99474E-05 9.99474E-05 9.99474E-05 0.0220045 0.743687 0.0734503 0.0362393 0.124019 9.99474E-05 9.99474E-05 9.99474E-05
9.9921E-05 9.9921E-05 9.9921E-05 9.9921E-05 0.910276 9.9921E-05 9.9921E-05 0.0888251 9.9921E-05 9.9921E-05 9.9921E-05
9.99561E-05 0.0756912 9.99561E-05 0.0445484 0.497812 0.0948586 0.150625 0.135966 9.99561E-05 9.99561E-05 9.99561E-05
0.0216178 0.0373345 9.99561E-05 9.99561E-05 0.438633 0.0574558 0.0224534 9.99561E-05 9.99561E-05 9.99561E-05 0.422006
0.0516224 9.99385E-05 0.0323405 9.99385E-05 0.865181 9.99385E-05 9.99385E-05 9.99385E-05 9.99385E-05 9.99385E-05 0.0501566
0.0110814 0.0483418 0.0823927 9.99473E-05 0.80205 9.99473E-05 0.0555343 9.99473E-05 9.99473E-05 9.99473E-05 9.99473E-05
9.99123E-05 9.99123E-05 9.99123E-05 9.99123E-05 0.999001 9.99123E-05 9.99123E-05 9.99123E-05 9.99123E-05 9.99123E-05 9.99123E-05
9.99385E-05 0.081406 9.99385E-05 0.0882004 0.774487 9.99385E-05 9.99385E-05 9.99385E-05 9.99385E-05 0.0552067 9.99385E-05
9.99387E-05 9.99387E-05 0.0759069 9.99387E-05 0.770438 9.99387E-05 0.0269398 9.99387E-05 0.126016 9.99387E-05 9.99387E-05
0.00782891 0.132957 9.99561E-05 0.277742 0.4249 9.99561E-05 0.0704932 9.99561E-05 9.99561E-05 9.99561E-05 0.0855794
0.0374666 9.99473E-05 9.99473E-05 9.99473E-05 0.663645 0.0814103 0.026006 9.99473E-05 9.99473E-05 9.99473E-05 0.190872
9.99299E-05 9.99299E-05 0.109157 0.0142964 0.875748 9.99299E-05 9.99299E-05 9.99299E-05 9.99299E-05 9.99299E-05 9.99299E-05
9.99299E-05 9.99299E-05 0.0563771 9.99299E-05 0.640831 9.99299E-05 9.99299E-05 9.99299E-05 9.99299E-05 0.301992 9.99299E-05
0.0134618 9.99474E-05 9.99474E-05 9.99474E-05 0.85809 0.0276648 9.99474E-05 9.99474E-05 9.99474E-05 0.0376105 0.0625728
0.0668488 0.0847852 9.99561E-05 0.0424727 0.758453 9.99561E-05 9.99561E-05 9.99561E-05 9.99561E-05 0.0376998 0.00924099
9.99561E-05 9.99561E-05 0.103735 9.99561E-05 0.826373 9.99561E-05 0.00094215 0.0229964 9.99561E-05 0.0236171 0.0218367
9.99298E-05 0.102613 9.99298E-05 9.99298E-05 0.842092 9.99298E-05 9.99298E-05 9.99298E-05 9.99298E-05 9.99298E-05 0.0544963
9.99474E-05 0.0119773 0.0482808 9.99474E-05 0.926151 9.99474E-05 9.99474E-05 9.99474E-05 0.000450079 9.99474E-05 0.0125409
9.99649E-05 0.0746555 0.106646 0.306304 0.0983075 9.99649E-05 0.0356842 0.31239 0.0656129 9.99649E-05 9.99649E-05
9.99474E-05 0.00220829 9.99474E-05 9.99474E-05 0.332617 0.0905553 9.99474E-05 0.439674 9.99474E-05 0.134346 9.99474E-05
9.99561E-05 0.0208826 0.165329 0.000143843 0.311975 9.99561E-05 9.99561E-05 0.388528 0.112642 9.99561E-05 9.99561E-05
9.99474E-05 9.99474E-05 0.0309414 0.31915 9.99474E-05 9.99474E-05 0.109168 0.469628 0.0705121 9.99474E-05 9.99474E-05
0.0416532 0.0107298 0.0986051 0.126258 0.150696 9.99824E-05 0.0870948 0.227273 0.108832 9.99824E-05 0.148658
9.99473E-05 0.0903089 9.99473E-05 0.416927 9.99473E-05 0.078811 0.0574176 0.355936 9.99473E-05 9.99473E-05 9.99473E-05
0.03383 0.0959435 0.0489991 0.105245 0.0233625 0.0175837 0.0270787 0.613087 0.034671 9.99824E-05 9.99824E-05
9.99385E-05 9.99385E-05 0.304172 0.355346 9.99385E-05 9.99385E-05 0.0439226 0.29586 9.99385E-05 9.99385E-05 9.99385E-05
9.99561E-05 9.99561E-05 0.086666 0.162232 0.197142 0.116624 9.99561E-05 0.433746 0.00309062 9.99561E-05 9.99561E-05
9.99649E-05 0.136092 0.0213455 0.0967644 0.348072 9.99649E-05 0.033903 0.352484 9.99649E-05 9.99649E-05 0.0109394
0.069014 0.221721 0.0904748 0.306211 9.99561E-05 9.99561E-05 0.0830323 0.229047 9.99561E-05 9.99561E-05 9.99561E-05
9.99737E-05 0.114459 0.0145688 9.99737E-05 0.073136 9.99737E-05 0.012113 0.426301 0.154943 0.0525987 0.151581
0.0175798 0.209847 9.99737E-05 0.176842 9.99737E-05 9.99737E-05 0.131624 0.230912 0.0311727 0.0507151 0.151008
9.99648E-05 9.99648E-05 9.99648E-05 0.143445 0.102994 0.0276096 0.0181114 0.454721 0.0799923 9.99648E-05 0.172726
9.9965E-05 0.0611339 9.9965E-05 0.231997 0.281663 0.0253586 9.9965E-05 0.302691 0.0470288 0.049728 9.9965E-05
9.99649E-05 0.0356329 0.0746189 0.254863 0.292934 9.99649E-05 0.0640456 0.269877 9.99649E-05 9.99649E-05 0.00762843
9.99737E-05 0.0162938 0.0987882 0.142074 9.99737E-05 0.0219668 9.99737E-05 0.402492 0.109475 0.00124751 0.207363
9.99561E-05 0.213575 0.111324 9.99561E-05 0.196426 9.99561E-05 0.133257 0.242522 9.99561E-05 9.99561E-05 0.102395
9.99649E-05 0.0980597 0.221465 0.229432 0.231164 9.99649E-05 0.00120413 0.20381 0.0144662 9.99649E-05 9.99649E-05
0.0241143 0.0338201 0.041296 0.464279 9.99648E-05 9.99648E-05 9.99648E-05 0.308998 0.0152906 0.111802 9.99648E-05
9.99388E-05 9.99388E-05 9.99388E-05 0.131951 0.374498 9.99388E-05 9.99388E-05 0.371529 0.121323 9.99388E-05 9.99388E-05
9.99649E-05 9.99649E-05 0.0543051 0.22134 0.106707 9.99649E-05 0.033288 0.450684 0.110506 0.0227703 9.99649E-05
9.99562E-05 0.0572586 0.0754592 0.386629 0.211881 9.99562E-05 9.99562E-05 0.240512 0.0277605 9.99562E-05 9.99562E-05
9.99824E-05 0.0690415 0.128412 0.299582 0.145716 0.0610237 0.022326 0.104032 0.0836378 9.99824E-05 0.0860284
9.99561E-05 0.154653 9.99561E-05 0.29965 0.263721 9.99561E-05 0.0859207 0.110783 9.99561E-05 9.99561E-05 0.0847733
0.0817964 0.0123279 9.99561E-05 0.118142 0.379524 9.99561E-05 0.0227141 0.384996 9.99561E-05 9.99561E-05 9.99561E-05
9.99474E-05 9.99474E-05 0.0671241 0.149305 0.391854 9.99474E-05 9.99474E-05 0.336193 0.0549249 9.99474E-05 9.99474E-05
9.99562E-05 9.99562E-05 0.0366186 0.0856507 0.23533 0.0546175 9.99562E-05 0.544159 0.0431246 9.99562E-05 9.99562E-05
9.99474E-05 9.99474E-05 0.246855 0.142437 0.376766 9.99474E-05 0.0581284 0.175215 9.99474E-05 9.99474E-05 9.99474E-05
9.99474E-05 9.99474E-05 9.99474E-05 0.301689 0.260568 9.99474E-05 0.101681 0.295201 9.99474E-05 0.0402614 9.99474E-05
9.99209E-05 9.99209E-05 9.99209E-05 0.883094 9.99209E-05 9.99209E-05 0.116006 9.99209E-05 9.99209E-05 9.99209E-05 9.99209E-05
9.99212E-05 9.99212E-05 9.99212E-05 0.984366 9.99212E-05 9.99212E-05 0.0147352 9.99212E-05 9.99212E-05 9.99212E-05 9.99212E-05
9.99385E-05 0.00531435 0.056553 0.933 9.99385E-05 9.99385E-05 0.00443257 9.99385E-05 9.99385E-05 9.99385E-05 9.99385E-05
0.002598 0.0383064 0.0100047 0.865638 9.9956E-05 9.9956E-05 0.0583057 9.9956E-05 9.9956E-05 9.9956E-05 0.0246471
9.99385E-05 9.99385E-05 9.99385E-05 0.811772 9.99385E-05 0.0167274 0.152419 9.99385E-05 0.0183823 9.99385E-05 9.99385E-05
9.9921E-05 9.9921E-05 9.9921E-05 0.797372 9.9921E-05 9.9921E-05 0.201728 9.9921E-05 9.9921E-05 9.9921E-05 9.9921E-05
9.99386E-05 0.0405056 0.078164 0.763178 9.99386E-05 9.99386E-05 0.117452 9.99386E-05 9.99386E-05 9.99386E-05 9.99386E-05
9.99385E-05 0.0107269 0.0241756 0.675081 9.99385E-05 9.99385E-05 0.289317 9.99385E-05 9.99385E-05 9.99385E-05 9.99385E-05
9.99385E-05 0.0162761 9.99385E-05 0.346328 9.99385E-05 9.99385E-05 0.381677 0.255019 9.99385E-05 9.99385E-05 9.99385E-05
9.99297E-05 9.99297E-05 0.00293992 0.779029 9.99297E-05 9.99297E-05 0.217231 9.99297E-05 9.99297E-05 9.99297E-05 9.99297E-05
9.99299E-05 9.99299E-05 9.99299E-05 0.721511 9.99299E-05 9.99299E-05 0.048976 0.228713 9.99299E-05 9.99299E-05 9.99299E-05
9.99386E-05 0.0315837 9.99386E-05 0.806636 9.99386E-05 9.99386E-05 9.99386E-05 0.146662 0.014419 9.99386E-05 9.99386E-05
9.99211E-05 9.99211E-05 9.99211E-05 0.837287 9.99211E-05 9.99211E-05 0.161814 9.99211E-05 9.99211E-05 9.99211E-05 9.99211E-05
9.99211E-05 9.99211E-05 9.99211E-05 0.874307 9.99211E-05 9.99211E-05 0.124794 9.99211E-05 9.99211E-05 9.99211E-05 9.99211E-05
0.00335115 0.0536307 0.0800746 0.675734 9.99561E-05 9.99561E-05 0.134552 9.99561E-05 9.99561E-05 0.0521577 9.99561E-05
9.99473E-05 0.0366859 9.99473E-05 0.813364 9.99473E-05 9.99473E-05 0.0347503 0.113762 0.000837673 9.99473E-05 9.99473E-05
0.0443927 9.99385E-05 0.036246 0.703107 9.99385E-05 9.99385E-05 9.99385E-05 0.215555 9.99385E-05 9.99385E-05 9.99385E-05
9.99299E-05 9.99299E-05 9.99299E-05 0.748918 9.99299E-05 9.99299E-05 0.15883 9.99299E-05 0.0914525 9.99299E-05 9.99299E-05
9.99298E-05 0.0602697 9.99298E-05 0.899276 9.99298E-05 9.99298E-05 0.0396546 9.99298E-05 9.99298E-05 9.99298E-05 9.99298E-05
0.0746273 9.99358E-05 9.99358E-05 0.830872 9.99358E-05 9.99358E-05 0.0937011 9.99358E-05 9.99358E-05 9.99358E-05 9.99358E-05
9.99474E-05 9.99474E-05 0.063758 0.791775 9.99474E-05 9.99474E-05 0.0470104 0.00300667 9.99474E-05 9.99474E-05 0.0938498
9.99385E-05 0.04594 0.0047043 0.794352 9.99385E-05 9.99385E-05 0.154304 9.99385E-05 9.99385E-05 9.99385E-05 9.99385E-05
0.0887795 9.99385E-05 9.99385E-05 0.583578 9.99385E-05 9.99385E-05 0.260557 9.99385E-05 9.99385E-05 9.99385E-05 0.0663859
9.99211E-05 9.99211E-05 9.99211E-05 0.784465 9.99211E-05 9.99211E-05 0.214636 9.99211E-05 9.99211E-05 9.99211E-05 9.99211E-05
0.086282 9.99473E-05 9.99473E-05 0.549997 9.99473E-05 9.99473E-05 0.253013 0.0539906 9.99473E-05 9.99473E-05 0.056118
9.99299E-05 9.99299E-05 9.99299E-05 0.74999 9.99299E-05 9.99299E-05 0.127693 0.121517 9.99299E-05 9.99299E-05 9.99299E-05
9.99388E-05 9.99388E-05 9.99388E-05 0.940416 0.0112692 0.0347953 9.99388E-05 9.99388E-05 0.0128199 9.99388E-05 9.99388E-05
9.99296E-05 9.99296E-05 9.99296E-05 0.794059 9.99296E-05 9.99296E-05 0.0994159 9.99296E-05 9.99296E-05 9.99296E-05 0.105726
9.9921E-05 9.9921E-05 9.9921E-05 0.706887 9.9921E-05 9.9921E-05 0.292214 9.9921E-05 9.9921E-05 9.9921E-05 9.9921E-05
0.00575072 0.0563365 9.99386E-05 0.876214 9.99386E-05 9.99386E-05 0.0609994 9.99386E-05 9.99386E-05 9.99386E-05 9.99386E-05
9.99386E-05 0.0739178 9.99386E-05 0.836321 9.99386E-05 9.99386E-05 0.0559296 9.99386E-05 9.99386E-05 0.033132 9.99386E-05
9.99385E-05 0.0353732 9.99385E-05 0.870093 9.99385E-05 9.99385E-05 0.00360884 9.99385E-05 9.99385E-05 0.0902251 9.99385E-05
0.143434 0.0268474 0.0297252 0.456614 9.9956E-05 9.9956E-05 0.278258 9.9956E-05 0.0646224 9.9956E-05 9.9956E-05
0.0634886 0.0347214 9.99385E-05 0.837091 9.99385E-05 9.99385E-05 0.0639997 9.99385E-05 9.99385E-05 9.99385E-05 9.99385E-05
9.9921E-05 9.9921E-05 9.9921E-05 0.94658 9.9921E-05 9.9921E-05 0.0525203 9.9921E-05 9.9921E-05 9.9921E-05 9.9921E-05
9.99473E-05 0.054284 9.99473E-05 0.743128 9.99473E-05 9.99473E-05 0.119673 0.0525372 9.99473E-05 0.0297785 9.99473E-05
9.99384E-05 0.0528824 0.0735993 0.720449 9.99384E-05 9.99384E-05 0.15237 9.99384E-05 9.99384E-05 9.99384E-05 9.99384E-05
9.99212E-05 9.99212E-05 9.99212E-05 0.921126 9.99212E-05 9.99212E-05 0.077975 9.99212E-05 9.99212E-05 9.99212E-05 9.99212E-05
9.99211E-05 9.99211E-05 9.99211E-05 0.979452 9.99211E-05 9.99211E-05 0.0196491 9.99211E-05 9.99211E-05 9.99211E-05 9.99211E-05
9.99387E-05 0.0388193 9.99387E-05 0.929277 9.99387E-05 9.99387E-05 0.0153739 9.99387E-05 9.99387E-05 9.99387E-05 0.0158304
9.993E-05 9.993E-05 9.993E-05 0.950878 9.993E-05 9.993E-05 0.014449 0.0338737 9.993E-05 9.993E-05 9.993E-05
0.00614122 9.99385E-05 9.99385E-05 0.803322 9.99385E-05 9.99385E-05 0.0912107 0.098627 9.99385E-05 9.99385E-05 9.99385E-05
9.99386E-05 9.99386E-05 0.0590658 0.734317 9.99386E-05 9.99386E-05 0.198946 9.99386E-05 0.00697148 9.99386E-05 9.99386E-05
0.000615864 9.993E-05 9.993E-05 0.922521 9.993E-05 9.993E-05 0.0760639 9.993E-05 9.993E-05 9.993E-05 9.993E-05
9.99125E-05 9.99125E-05 9.99125E-05 0.999001 9.99125E-05 9.99125E-05 9.99125E-05 9.99125E-05 9.99125E-05 9.99125E-05 9.99125E-05
0.14423 0.00901238 0.0252239 0.421373 9.99649E-05 9.99649E-05 0.202684 0.196895 0.000182005 9.99649E-05 9.99649E-05
9.99386E-05 0.06944 0.0356819 0.749668 9.99386E-05 9.99386E-05 0.144511 9.99386E-05 9.99386E-05 9.99386E-05 9.99386E-05
9.99387E-05 9.99387E-05 9.99387E-05 0.696882 9.99387E-05 0.152405 0.135474 0.0145394 9.99387E-05 9.99387E-05 9.99387E-05
0.0213459 0.0177742 9.99386E-05 0.656981 9.99386E-05 9.99386E-05 0.303199 9.99386E-05 9.99386E-05 9.99386E-05 9.99386E-05
9.99125E-05 9.99125E-05 9.99125E-05 0.999001 9.99125E-05 9.99125E-05 9.99125E-05 9.99125E-05 9.99125E-05 9.99125E-05 9.99125E-05
9.99473E-05 0.0151303 9.99473E-05 0.781714 9.99473E-05 9.99473E-05 0.0318993 9.99473E-05 0.07777 9.99473E-05 0.0928862
9.993E-05 9.993E-05 9.993E-05 0.876921 9.993E-05 9.993E-05 0.0539194 0.0683598 9.993E-05 9.993E-05 9.993E-05
9.99299E-05 0.0140802 9.99299E-05 0.879566 9.99299E-05 9.99299E-05 0.105554 9.99299E-05 9.99299E-05 9.99299E-05 9.99299E-05
9.99385E-05 9.99385E-05 0.0185132 0.683705 9.99385E-05 9.99385E-05 0.16653 9.99385E-05 9.99385E-05 0.130552 9.99385E-05
9.99385E-05 0.0719121 9.99385E-05 0.85364 9.99385E-05 9.99385E-05 0.0524435 9.99385E-05 0.0213049 9.99385E-05 9.99385E-05
9.99297E-05 9.99297E-05 9.99297E-05 0.640695 9.99297E-05 9.99297E-05 0.233391 0.125114 9.99297E-05 9.99297E-05 9.99297E-05
9.9921E-05 9.9921E-05 9.9921E-05 0.853282 9.9921E-05 9.9921E-05 0.145819 9.9921E-05 9.9921E-05 9.9921E-05 9.9921E-05
9.99385E-05 0.0797694 9.99385E-05 0.728341 9.99385E-05 9.99385E-05 0.119022 9.99385E-05 9.99385E-05 0.0721682 9.99385E-05
0.103477 9.9921E-05 9.9921E-05 0.895624 9.9921E-05 9.9921E-05 9.9921E-05 9.9921E-05 9.9921E-05 9.9921E-05 9.9921E-05
9.99211E-05 9.99211E-05 9.99211E-05 0.842238 9.99211E-05 9.99211E-05 0.156863 9.99211E-05 9.99211E-05 9.99211E-05 9.99211E-05
0.0974198 9.99296E-05 0.00537572 0.896405 9.99296E-05 9.99296E-05 9.99296E-05 9.99296E-05 9.99296E-05 9.99296E-05 9.99296E-05
9.9912E-05 9.9912E-05 9.9912E-05 9.9912E-05 9.9912E-05 9.9912E-05 0.999001 9.9912E-05 9.9912E-05 9.9912E-05 9.9912E-05
9.9912E-05 9.9912E-05 9.9912E-05 0.999001 9.9912E-05 9.9912E-05 9.9912E-05 9.9912E-05 9.9912E-05 9.9912E-05 9.9912E-05
9.9912E-05 9.9912E-05 9.9912E-05 9.9912E-05 9.9912E-05 9.9912E-05 0.999001 9.9912E-05 9.9912E-05 9.9912E-05 9.9912E-05
9.9912E-05 9.9912E-05 9.9912E-05 9.9912E-05 9.9912E-05 9.9912E-05 0.999001 9.9912E-05 9.9912E-05 9.9912E-05 9.9912E-05
9.9912E-05 9.9912E-05 9.9912E-05 9.9912E-05 9.9912E-05 9.9912E-05 0.999001 9.9912E-05 9.9912E-05 9.9912E-05 9.9912E-05
9.99208E-05 9.99208E-05 9.99208E-05 0.947947 9.99208E-05 0.0511537 9.99208E-05 9.99208E-05 9.99208E-05 9.99208E-05 9.99208E-05
9.9912E-05 9.9912E-05 9.9912E-05 9.9912E-05 9.9912E-05 9.9912E-05 0.999001 9.9912E-05 9.9912E-05 9.9912E-05 9.9912E-05
9.9912E-05 9.9912E-05 9.9912E-05 9.9912E-05 9.9912E-05 9.9912E-05 0.999001 9.9912E-05 9.9912E-05 9.9912E-05 9.9912E-05
0.00742106 9.99384E-05 9.99384E-05 0.958584 9.99384E-05 0.0311216 9.99384E-05 9.99384E-05 0.00217358 9.99384E-05 9.99384E-05
9.99208E-05 9.99208E-05 9.99208E-05 0.991208 9.99208E-05 9.99208E-05 0.00789288 9.99208E-05 9.99208E-05 9.99208E-05 9.99208E-05
9.9912E-05 9.9912E-05 9.9912E-05 0.999001 9.9912E-05 9.9912E-05 9.9912E-05 9.9912E-05 9.9912E-05 9.9912E-05 9.9912E-05
9.9912E-05 9.9912E-05 9.9912E-05 9.9912E-05 9.9912E-05 9.9912E-05 0.999001 9.9912E-05 9.9912E-05 9.9912E-05 9.9912E-05
9.9912E-05 9.9912E-05 9.9912E-05 9.9912E-05 9.9912E-05 9.9912E-05 0.999001 9.9912E-05 9.9912E-05 9.9912E-05 9.9912E-05
0.0738894 9.99296E-05 9.99296E-05 0.924598 9.99296E-05 9.99296E-05 9.99296E-05 0.000713241 9.99296E-05 9.99296E-05 9.99296E-05
9.99208E-05 9.99208E-05 9.99208E-05 0.985015 9.99208E-05 0.0140854 9.99208E-05 9.99208E-05 9.99208E-05 9.99208E-05 9.99208E-05
0.109037 9.99648E-05 0.0679604 0.514705 9.99648E-05 0.0274903 0.139386 9.99648E-05 0.0745783 9.99648E-05 0.0664426
9.9912E-05 9.9912E-05 9.9912E-05 0.999001 9.9912E-05 9.9912E-05 9.9912E-05 9.9912E-05 9.9912E-05 9.9912E-05 9.9912E-05
9.99121E-05 9.99121E-05 9.99121E-05 9.99121E-05 9.99121E-05 9.99121E-05 0.999001 9.99121E-05 9.99121E-05 9.99121E-05 9.99121E-05
9.9912E-05 9.9912E-05 9.9912E-05 0.999001 9.9912E-05 9.9912E-05 9.9912E-05 9.9912E-05 9.9912E-05 9.9912E-05 9.9912E-05
0.00337425 9.99384E-05 9.99384E-05 0.916861 9.99384E-05 0.0103544 0.0687106 9.99384E-05 9.99384E-05 9.99384E-05 9.99384E-05
9.99208E-05 9.99208E-05 9.99208E-05 0.995665 9.99208E-05 9.99208E-05 9.99208E-05 0.00343561 9.99208E-05 9.99208E-05 9.99208E-05
9.9912E-05 9.9912E-05 9.9912E-05 9.9912E-05 9.9912E-05 9.9912E-05 0.999001 9.9912E-05 9.9912E-05 9.9912E-05 9.9912E-05
9.99208E-05 9.99208E-05 9.99208E-05 0.991208 9.99208E-05 9.99208E-05 0.00789288 9.99208E-05 9.99208E-05 9.99208E-05 9.99208E-05
9.9912E-05 9.9912E-05 9.9912E-05 9.9912E-05 9.9912E-05 9.9912E-05 0.999001 9.9912E-05 9.9912E-05 9.9912E-05 9.9912E-05
9.99208E-05 9.99208E-05 9.99208E-05 0.998312 9.99208E-05 0.000789007 9.99208E-05 9.99208E-05 9.99208E-05 9.99208E-05 9.99208E-05
9.99208E-05 9.99208E-05 9.99208E-05 0.988079 9.99208E-05 0.011022 9.99208E-05 9.99208E-05 9.99208E-05 9.99208E-05 9.99208E-05
9.9912E-05 9.9912E-05 9.9912E-05 9.9912E-05 9.9912E-05 9.9912E-05 0.999001 9.9912E-05 9.9912E-05 9.9912E-05 9.9912E-05
9.9912E-05 9.9912E-05 9.9912E-05 9.9912E-05 9.9912E-05 9.9912E-05 0.999001 9.9912E-05 9.9912E-05 9.9912E-05 9.9912E-05
9.99121E-05 9.99121E-05 9.99121E-05 9.99121E-05 9.99121E-05 9.99121E-05 0.999001 9.99121E-05 9.99121E-05 9.99121E-05 9.99121E-05
0.0193715 9.99208E-05 9.99208E-05 0.979729 9.99208E-05 9.99208E-05 9.99208E-05 9.99208E-05 9.99208E-05 9.99208E-05 9.99208E-05
0.0308986 9.99472E-05 0.017827 0.868106 9.99472E-05 9.99472E-05 9.99472E-05 0.0174375 9.99472E-05 9.99472E-05 0.0651315
0.00914412 9.99296E-05 9.99296E-05 0.957847 9.99296E-05 0.0322094 9.99296E-05 9.99296E-05 9.99296E-05 9.99296E-05 9.99296E-05
9.9912E-05 9.9912E-05 9.9912E-05 0.999001 9.9912E-05 9.9912E-05 9.9912E-05 9.9912E-05 9.9912E-05 9.9912E-05 9.9912E-05
9.99208E-05 9.99208E-05 9.99208E-05 0.997033 9.99208E-05 9.99208E-05 0.00206787 9.99208E-05 9.99208E-05 9.99208E-05 9.99208E-05
9.9912E-05 9.9912E-05 9.9912E-05 9.9912E-05 9.9912E-05 9.9912E-05 0.999001 9.9912E-05 9.9912E-05 9.9912E-05 9.9912E-05
9.9912E-05 9.9912E-05 9.9912E-05 9.9912E-05 9.9912E-05 9.9912E-05 0.999001 9.9912E-05 9.9912E-05 9.9912E-05 9.9912E-05
9.99121E-05 9.99121E-05 9.99121E-05 9.99121E-05 9.99121E-05 9.99121E-05 0.999001 9.99121E-05 9.99121E-05 9.99121E-05 9.99121E-05
0.00212389 9.99272E-05 9.99272E-05 0.996977 9.99272E-05 9.99272E-05 9.99272E-05 9.99272E-05 9.99272E-05 9.99272E-05 9.99272E-05
9.9912E-05 9.9912E-05 9.9912E-05 9.9912E-05 9.9912E-05 9.9912E-05 0.999001 9.9912E-05 9.9912E-05 9.9912E-05 9.9912E-05
9.9912E-05 9.9912E-05 9.9912E-05 9.9912E-05 9.9912E-05 9.9912E-05 0.999001 9.9912E-05 9.9912E-05 9.9912E-05 9.9912E-05
9.9912E-05 9.9912E-05 9.9912E-05 9.9912E-05 9.9912E-05 9.9912E-05 0.999001 9.9912E-05 9.9912E-05 9.9912E-05 9.9912E-05
9.9912E-05 9.9912E-05 9.9912E-05 9.9912E-05 9.9912E-05 9.9912E-05 0.999001 9.9912E-05 9.9912E-05 9.9912E-05 9.9912E-05
9.99208E-05 9.99208E-05 9.99208E-05 0.998977 9.99208E-05 0.00012328 9.99208E-05 9.99208E-05 9.99208E-05 9.99208E-05 9.99208E-05
9.99121E-05 9.99121E-05 9.99121E-05 9.99121E-05 9.99121E-05 9.99121E-05 0.999001 9.99121E-05 9.99121E-05 9.99121E-05 9.99121E-05
9.9912E-05 9.9912E-05 9.9912E-05 9.9912E-05 9.9912E-05 9.9912E-05 0.999001 9.9912E-05 9.9912E-05 9.9912E-05 9.9912E-05
0.0386399 9.99648E-05 9.99648E-05 0.572727 9.99648E-05 0.0614468 0.122418 9.99648E-05 0.0772458 0.0807522 0.0463706
0.00466566 9.99296E-05 9.99296E-05 0.974871 9.99296E-05 9.99296E-05 9.99296E-05 9.99296E-05 9.99296E-05 9.99296E-05 0.0196641
9.99121E-05 9.99121E-05 9.99121E-05 9.99121E-05 9.99121E-05 9.99121E-05 0.999001 9.99121E-05 9.99121E-05 9.99121E-05 9.99121E-05
9.9912E-05 9.9912E-05 9.9912E-05 9.9912E-05 9.9912E-05 9.9912E-05 0.999001 9.9912E-05 9.9912E-05 9.9912E-05 9.9912E-05
9.9912E-05 9.9912E-05 9.9912E-05 9.9912E-05 9.9912E-05 9.9912E-05 0.999001 9.9912E-05 9.9912E-05 9.9912E-05 9.9912E-05
9.9912E-05 9.9912E-05 9.9912E-05 9.9912E-05 9.9912E-05 9.9912E-05 0.999001 9.9912E-05 9.9912E-05 9.9912E-05 9.9912E-05
9.9912E-05 9.9912E-05 9.9912E-05 0.999001 9.9912E-05 9.9912E-05 9.9912E-05 9.9912E-05 9.9912E-05 9.9912E-05 9.9912E-05
9.9912E-05 9.9912E-05 9.9912E-05 9.9912E-05 9.9912E-05 9.9912E-05 0.999001 9.9912E-05 9.9912E-05 9.9912E-05 9.9912E-05
0.0127402 9.99296E-05 9.99296E-05 0.969993 9.99296E-05 0.0164678 9.99296E-05 9.99296E-05 9.99296E-05 9.99296E-05 9.99296E-05
9.9912E-05 9.9912E-05 9.9912E-05 9.9912E-05 9.9912E-05 9.9912E-05 0.999001 9.9912E-05 9.9912E-05 9.9912E-05 9.9912E-05
9.99208E-05 9.99208E-05 9.99208E-05 0.950596 9.99208E-05 0.048505 9.99208E-05 9.99208E-05 9.99208E-05 9.99208E-05 9.99208E-05
9.9912E-05 9.9912E-05 9.9912E-05 9.9912E-05 9.9912E-05 9.9912E-05 0.999001 9.9912E-05 9.9912E-05 9.9912E-05 9.9912E-05
9.9912E-05 9.9912E-05 9.9912E-05 9.9912E-05 9.9912E-05 9.9912E-05 0.999001 9.9912E-05 9.9912E-05 9.9912E-05 9.9912E-05
9.9912E-05 9.9912E-05 9.9912E-05 9.9912E-05 9.9912E-05 9.9912E-05 0.999001 9.9912E-05 9.9912E-05 9.9912E-05 9.9912E-05
9.9912E-05 9.9912E-05 9.9912E-05 9.9912E-05 9.9912E-05 9.9912E-05 0.999001 9.9912E-05 9.9912E-05 9.9912E-05 9.9912E-05
9.9912E-05 9.9912E-05 9.9912E-05 9.9912E-05 9.9912E-05 9.9912E-05 0.999001 9.9912E-05 9.9912E-05 9.9912E-05 9.9912E-05
9.9912E-05 9.9912E-05 9.9912E-05 9.9912E-05 9.9912E-05 9.9912E-05 0.999001 9.9912E-05 9.9912E-05 9.9912E-05 9.9912E-05
0.0233936 9.99296E-05 9.99296E-05 0.934722 9.99296E-05 0.0410846 9.99296E-05 9.99296E-05 9.99296E-05 9.99296E-05 9.99296E-05
9.99208E-05 9.99208E-05 9.99208E-05 0.977931 9.99208E-05 0.0211698 9.99208E-05 9.99208E-05 9.99208E-05 9.99208E-05 9.99208E-05
0.0156276 9.99208E-05 9.99208E-05 0.983473 9.99208E-05 9.99208E-05 9.99208E-05 9.99208E-05 9.99208E-05 9.99208E-05 9.99208E-05
9.9912E-05 9.9912E-05 9.9912E-05 9.9912E-05 9.9912E-05 9.9912E-05 0.999001 9.9912E-05 9.9912E-05 9.9912E-05 9.9912E-05
9.99208E-05 9.99208E-05 9.99208E-05 0.938373 9.99208E-05 0.0607281 9.99208E-05 9.99208E-05 9.99208E-05 9.99208E-05 9.99208E-05
9.99208E-05 9.99208E-05 9.99208E-05 0.918319 9.99208E-05 9.99208E-05 0.0807819 9.99208E-05 9.99208E-05 9.99208E-05 9.99208E-05
0.0153253 9.99296E-05 9.99296E-05 0.975918 9.99296E-05 9.99296E-05 0.00795721 9.99296E-05 9.99296E-05 9.99296E-05 9.99296E-05
9.9912E-05 9.9912E-05 9.9912E-05 9.9912E-05 9.9912E-05 9.9912E-05 0.999001 9.9912E-05 9.9912E-05 9.9912E-05 9.9912E-05
9.9912E-05 9.9912E-05 9.9912E-05 9.9912E-05 9.9912E-05 9.9912E-05 0.999001 9.9912E-05 9.9912E-05 9.9912E-05 9.9912E-05
9.99119E-05 9.99119E-05 9.99119E-05 9.99119E-05 9.99119E-05 9.99119E-05 0.999001 9.99119E-05 9.99119E-05 9.99119E-05 9.99119E-05
0.00986319 9.99296E-05 9.99296E-05 0.954936 9.99296E-05 0.0344016 9.99296E-05 9.99296E-05 9.99296E-05 9.99296E-05 9.99296E-05
9.9912E-05 9.9912E-05 9.9912E-05 9.9912E-05 9.9912E-05 9.9912E-05 0.999001 9.9912E-05 9.9912E-05 9.9912E-05 9.9912E-05
9.9912E-05 9.9912E-05 9.9912E-05 9.9912E-05 9.9912E-05 9.9912E-05 0.999001 9.9912E-05 9.9912E-05 9.9912E-05 9.9912E-05
9.9912E-05 9.9912E-05 9.9912E-05 0.999001 9.9912E-05 9.9912E-05 9.9912E-05 9.9912E-05 9.9912E-05 9.9912E-05 9.9912E-05
9.9912E-05 9.9912E-05 9.9912E-05 9.9912E-05 9.9912E-05 9.9912E-05 0.999001 9.9912E-05 9.9912E-05 9.9912E-05 9.9912E-05
9.9912E-05 9.9912E-05 9.9912E-05 9.9912E-05 9.9912E-05 9.9912E-05 0.999001 9.9912E-05 9.9912E-05 9.9912E-05 9.9912E-05
0.00668851 0.169763 0.0367855 0.642006 9.9956E-05 9.9956E-05 0.112894 9.9956E-05 9.9956E-05 0.031363 9.9956E-05
9.99208E-05 9.99208E-05 9.99208E-05 0.986854 9.99208E-05 0.0122468 9.99208E-05 9.99208E-05 9.99208E-05 9.99208E-05 9.99208E-05
9.9912E-05 9.9912E-05 9.9912E-05 9.9912E-05 9.9912E-05 9.9912E-05 0.999001 9.9912E-05 9.9912E-05 9.9912E-05 9.9912E-05
9.99386E-05 0.0305586 9.99386E-05 0.497325 9.99386E-05 0.0379539 0.433463 9.99386E-05 9.99386E-05 9.99386E-05 9.99386E-05
0.022271 9.99473E-05 9.99473E-05 0.686592 9.99473E-05 0.0153201 0.215012 9.99473E-05 9.99473E-05 9.99473E-05 0.0602048
9.99297E-05 9.99297E-05 9.99297E-05 0.72152 9.99297E-05 0.045663 0.232018 9.99297E-05 9.99297E-05 9.99297E-05 9.99297E-05
9.99296E-05 9.99296E-05 0.0413972 0.913073 9.99296E-05 9.99296E-05 9.99296E-05 9.99296E-05 9.99296E-05 0.0447304 9.99296E-05
9.99209E-05 9.99209E-05 9.99209E-05 0.754873 9.99209E-05 9.99209E-05 0.244228 9.99209E-05 9.99209E-05 9.99209E-05 9.99209E-05
9.99213E-05 9.99213E-05 9.99213E-05 0.876775 9.99213E-05 9.99213E-05 0.122326 9.99213E-05 9.99213E-05 9.99213E-05 9.99213E-05
0.0841849 0.0175077 9.99483E-05 0.536724 9.99483E-05 0.059281 0.301703 9.99483E-05 9.99483E-05 9.99483E-05 9.99483E-05
9.99561E-05 0.0831446 0.0532197 0.756739 9.99561E-05 0.011934 0.0859359 9.99561E-05 0.00852713 9.99561E-05 9.99561E-05
9.99212E-05 9.99212E-05 9.99212E-05 0.774626 9.99212E-05 9.99212E-05 0.224474 9.99212E-05 9.99212E-05 9.99212E-05 9.99212E-05
9.99385E-05 9.99385E-05 0.0464985 0.906049 9.99385E-05 0.0402717 9.99385E-05 9.99385E-05 9.99385E-05 9.99385E-05 0.00648117
9.99298E-05 0.0552672 9.99298E-05 0.856996 9.99298E-05 9.99298E-05 0.0869373 9.99298E-05 9.99298E-05 9.99298E-05 9.99298E-05
9.99298E-05 9.99298E-05 9.99298E-05 0.273873 9.99298E-05 9.99298E-05 0.650301 9.99298E-05 9.99298E-05 9.99298E-05 0.0750269
9.99473E-05 9.99473E-05 0.032147 0.621404 9.99473E-05 9.99473E-05 0.243448 0.00259209 9.99473E-05 0.0998089 9.99473E-05
9.99297E-05 9.99297E-05 0.0729912 0.864104 9.99297E-05 9.99297E-05 0.0621051 9.99297E-05 9.99297E-05 9.99297E-05 9.99297E-05
9.99297E-05 0.0574554 9.99297E-05 0.785506 9.99297E-05 9.99297E-05 0.156239 9.99297E-05 9.99297E-05 9.99297E-05 9.99297E-05
9.99473E-05 0.0321813 9.99473E-05 0.543253 9.99473E-05 9.99473E-05 0.295435 0.102276 9.99473E-05 9.99473E-05 0.0262542
9.99299E-05 9.99299E-05 9.99299E-05 0.785017 9.99299E-05 0.0292381 0.184945 9.99299E-05 9.99299E-05 9.99299E-05 9.99299E-05
9.99648E-05 0.0732313 0.00539032 0.794259 9.99648E-05 0.00400413 0.0450907 0.0108385 9.99648E-05 0.0667858 9.99648E-05
0.0477448 0.0139311 9.9956E-05 0.498229 9.9956E-05 9.9956E-05 0.136146 0.270683 0.0327669 9.9956E-05 9.9956E-05
9.99385E-05 9.99385E-05 9.99385E-05 0.776034 9.99385E-05 0.0133529 0.140632 9.99385E-05 9.99385E-05 9.99385E-05 0.0692818
9.99297E-05 9.99297E-05 9.99297E-05 0.779708 9.99297E-05 9.99297E-05 0.143804 9.99297E-05 9.99297E-05 9.99297E-05 0.0756885
9.99386E-05 9.99386E-05 9.99386E-05 0.603563 9.99386E-05 9.99386E-05 0.289588 0.00977322 9.99386E-05 0.0963757 9.99386E-05
9.99473E-05 0.0261584 0.0223564 0.651395 9.99473E-05 9.99473E-05 0.13718 9.99473E-05 9.99473E-05 0.162311 9.99473E-05
9.99385E-05 9.99385E-05 0.0857323 0.768484 9.99385E-05 9.99385E-05 0.144697 9.99385E-05 9.99385E-05 9.99385E-05 0.000386922
9.99385E-05 9.99385E-05 0.0609025 0.854023 9.99385E-05 9.99385E-05 0.0594384 9.99385E-05 0.0249361 9.99385E-05 9.99385E-05
9.993E-05 9.993E-05 9.993E-05 0.870691 9.993E-05 9.993E-05 0.0531036 0.0754057 9.993E-05 9.993E-05 9.993E-05
9.99473E-05 9.99473E-05 9.99473E-05 0.76965 9.99473E-05 0.0375438 0.0486639 0.00507909 9.99473E-05 9.99473E-05 0.138463
9.99297E-05 9.99297E-05 9.99297E-05 0.649882 9.99297E-05 0.10046 0.248859 9.99297E-05 9.99297E-05 9.99297E-05 9.99297E-05
9.99385E-05 9.99385E-05 0.0886363 0.736346 9.99385E-05 9.99385E-05 9.99385E-05 9.99385E-05 9.99385E-05 0.0835313 0.0907869
0.02911 9.99385E-05 0.133191 0.652734 9.99385E-05 9.99385E-05 0.184265 9.99385E-05 9.99385E-05 9.99385E-05 9.99385E-05
9.99473E-05 0.0172747 9.99473E-05 0.422128 9.99473E-05 9.99473E-05 0.36395 0.0373278 9.99473E-05 9.99473E-05 0.15872
9.99386E-05 0.0155782 9.99386E-05 0.727823 9.99386E-05 9.99386E-05 0.24757 0.0083299 9.99386E-05 9.99386E-05 9.99386E-05
9.99384E-05 9.99384E-05 9.99384E-05 0.496865 9.99384E-05 9.99384E-05 0.207471 0.200086 9.99384E-05 9.99384E-05 0.0948786
9.99392E-05 9.99392E-05 0.0255271 0.719741 9.99392E-05 9.99392E-05 0.196182 9.99392E-05 9.99392E-05 9.99392E-05 0.0578494
9.99385E-05 0.160593 0.0163019 0.684225 9.99385E-05 9.99385E-05 0.138181 9.99385E-05 9.99385E-05 9.99385E-05 9.99385E-05
9.9921E-05 9.9921E-05 9.9921E-05 0.991202 9.9921E-05 9.9921E-05 0.00789865 9.9921E-05 9.9921E-05 9.9921E-05 9.9921E-05
9.99124E-05 9.99124E-05 9.99124E-05 0.999001 9.99124E-05 9.99124E-05 9.99124E-05 9.99124E-05 9.99124E-05 9.99124E-05 9.99124E-05
9.99472E-05 0.136922 0.0489653 0.666833 9.99472E-05 9.99472E-05 9.99472E-05 0.0571083 0.0895714 9.99472E-05 9.99472E-05
0.00591704 0.0871213 9.99473E-05 0.802453 9.99473E-05 9.99473E-05 0.00992942 9.99473E-05 9.99473E-05 0.0939801 9.99473E-05
9.99297E-05 9.99297E-05 9.99297E-05 0.507191 9.99297E-05 9.99297E-05 0.177586 9.99297E-05 9.99297E-05 9.99297E-05 0.314424
0.0183745 9.99384E-05 0.0355697 0.884608 9.99384E-05 9.99384E-05 0.060748 9.99384E-05 9.99384E-05 9.99384E-05 9.99384E-05
0.00860353 0.00303955 9.99561E-05 0.824104 9.99561E-05 0.0832862 0.0417993 9.99561E-05 9.99561E-05 0.0386674 9.99561E-05
9.99385E-05 9.99385E-05 9.99385E-05 0.615373 9.99385E-05 0.0686186 0.261666 9.99385E-05 9.99385E-05 9.99385E-05 0.0536426
9.99385E-05 9.99385E-05 0.00803828 0.375154 9.99385E-05 9.99385E-05 0.502766 0.113342 9.99385E-05 9.99385E-05 9.99385E-05
9.993E-05 9.993E-05 0.0438695 0.427364 9.993E-05 9.993E-05 0.393262 0.134805 9.993E-05 9.993E-05 9.993E-05
0.0192807 0.0515705 0.049034 0.735834 9.99472E-05 9.99472E-05 0.143681 9.99472E-05 9.99472E-05 9.99472E-05 9.99472E-05
9.99123E-05 9.99123E-05 9.99123E-05 0.999001 9.99123E-05 9.99123E-05 9.99123E-05 9.99123E-05 9.99123E-05 9.99123E-05 9.99123E-05
9.99297E-05 0.0525153 9.99297E-05 0.709961 9.99297E-05 9.99297E-05 0.236724 9.99297E-05 9.99297E-05 9.99297E-05 9.99297E-05
9.99125E-05 9.99125E-05 9.99125E-05 0.999001 9.99125E-05 9.99125E-05 9.99125E-05 9.99125E-05 9.99125E-05 9.99125E-05 9.99125E-05
9.99473E-05 9.99473E-05 9.99473E-05 0.475097 9.99473E-05 9.99473E-05 0.252821 0.13951 0.0211574 0.110816 9.99473E-05
9.99212E-05 9.99212E-05 9.99212E-05 0.886427 9.99212E-05 9.99212E-05 9.99212E-05 0.112674 9.99212E-05 9.99212E-05 9.99212E-05
9.9921E-05 0.0323022 9.9921E-05 0.966798 9.9921E-05 9.9921E-05 9.9921E-05 9.9921E-05 9.9921E-05 9.9921E-05 9.9921E-05
9.99296E-05 9.99296E-05 9.99296E-05 0.573233 9.99296E-05 9.99296E-05 9.99296E-05 0.238931 9.99296E-05 9.99296E-05 0.187037
9.99297E-05 9.99297E-05 9.99297E-05 0.628569 9.99297E-05 9.99297E-05 0.171809 0.198822 9.99297E-05 9.99297E-05 9.99297E-05
9.99297E-05 9.99297E-05 9.99297E-05 0.772963 9.99297E-05 9.99297E-05 0.0195144 9.99297E-05 9.99297E-05 9.99297E-05 0.206723
9.9921E-05 9.9921E-05 9.9921E-05 0.625493 9.9921E-05 9.9921E-05 0.373608 9.9921E-05 9.9921E-05 9.9921E-05 9.9921E-05
9.993E-05 0.00119354 9.993E-05 0.894304 9.993E-05 9.993E-05 9.993E-05 0.103703 9.993E-05 9.993E-05 9.993E-05
9.99298E-05 9.99298E-05 9.99298E-05 0.775727 9.99298E-05 9.99298E-05 0.218962 0.00451153 9.99298E-05 9.99298E-05 9.99298E-05
9.9921E-05 9.9921E-05 9.9921E-05 0.846991 9.9921E-05 9.9921E-05 0.15211 9.9921E-05 9.9921E-05 9.9921E-05 9.9921E-05
9.99386E-05 9.99386E-05 0.000896628 0.690197 9.99386E-05 9.99386E-05 0.225418 0.0827889 9.99386E-05 9.99386E-05 9.99386E-05
9.99124E-05 9.99124E-05 9.99124E-05 0.999001 9.99124E-05 9.99124E-05 9.99124E-05 9.99124E-05 9.99124E-05 9.99124E-05 9.99124E-05
9.99212E-05 9.99212E-05 9.99212E-05 0.920686 9.99212E-05 9.99212E-05 0.0784149 9.99212E-05 9.99212E-05 9.99212E-05 9.99212E-05
9.99212E-05 9.99212E-05 9.99212E-05 0.907297 0.0918035 9.99212E-05 9.99212E-05 9.99212E-05 9.99212E-05 9.99212E-05 9.99212E-05
9.99298E-05 0.0269556 9.99298E-05 0.8498 9.99298E-05 9.99298E-05 0.122445 9.99298E-05 9.99298E-05 9.99298E-05 9.99298E-05
0.0744052 0.0060822 9.99385E-05 0.728108 9.99385E-05 9.99385E-05 0.190705 9.99385E-05 9.99385E-05 9.99385E-05 9.99385E-05
9.99299E-05 9.99299E-05 9.99299E-05 0.718681 9.99299E-05 9.99299E-05 0.238605 9.99299E-05 9.99299E-05 0.0419143 9.99299E-05
9.99212E-05 9.99212E-05 9.99212E-05 0.986963 9.99212E-05 9.99212E-05 0.012138 9.99212E-05 9.99212E-05 9.99212E-05 9.99212E-05
0.0498236 9.99561E-05 9.99561E-05 0.552621 9.99561E-05 9.99561E-05 0.310017 0.0406603 9.99561E-05 0.00485126 0.0415279
0.0363489 0.00366497 9.99297E-05 0.959187 9.99297E-05 9.99297E-05 9.99297E-05 9.99297E-05 9.99297E-05 9.99297E-05 9.99297E-05
9.99212E-05 9.99212E-05 9.99212E-05 0.784843 9.99212E-05 9.99212E-05 9.99212E-05 0.214257 9.99212E-05 9.99212E-05 9.99212E-05
9.99298E-05 9.99298E-05 9.99298E-05 0.710864 9.99298E-05 9.99298E-05 0.0251717 0.263164 9.99298E-05 9.99298E-05 9.99298E-05
9.993E-05 9.993E-05 9.993E-05 0.837038 0.110241 9.993E-05 9.993E-05 0.0519209 9.993E-05 9.993E-05 9.993E-05
9.99209E-05 9.99209E-05 9.99209E-05 0.736947 9.99209E-05 9.99209E-05 0.262153 9.99209E-05 9.99209E-05 9.99209E-05 9.99209E-05
9.99474E-05 9.99474E-05 0.0672344 0.577227 9.99474E-05 9.99474E-05 9.99474E-05 0.234085 0.00379113 0.117062 9.99474E-05
9.99124E-05 9.99124E-05 9.99124E-05 0.999001 9.99124E-05 9.99124E-05 9.99124E-05 9.99124E-05 9.99124E-05 9.99124E-05 9.99124E-05
9.99298E-05 9.99298E-05 9.99298E-05 0.622096 9.99298E-05 9.99298E-05 0.148572 0.228533 9.99298E-05 9.99298E-05 9.99298E-05
9.993E-05 9.993E-05 9.993E-05 0.696265 0.0204103 9.993E-05 9.993E-05 0.282525 9.993E-05 9.993E-05 9.993E-05
9.9921E-05 9.9921E-05 9.9921E-05 0.936735 9.9921E-05 9.9921E-05 9.9921E-05 0.0623658 9.9921E-05 9.9921E-05 9.9921E-05
9.993E-05 9.993E-05 9.993E-05 0.723252 9.993E-05 9.993E-05 0.0163428 0.259605 9.993E-05 9.993E-05 9.993E-05
9.99298E-05 0.0640263 9.99298E-05 0.558567 9.99298E-05 9.99298E-05 0.376607 9.99298E-05 9.99298E-05 9.99298E-05 9.99298E-05
0.0124358 0.027683 9.99561E-05 0.713882 9.99561E-05 0.0256839 0.161464 9.99561E-05 9.99561E-05 9.99561E-05 0.0583511
0.0423112 0.0536871 0.0515988 0.537892 9.99561E-05 9.99561E-05 0.207546 9.99561E-05 9.99561E-05 9.99561E-05 0.106465
9.99212E-05 9.99212E-05 9.99212E-05 0.868441 9.99212E-05 9.99212E-05 9.99212E-05 0.13066 9.99212E-05 9.99212E-05 9.99212E-05
9.99299E-05 0.0239771 9.99299E-05 0.722222 9.99299E-05 9.99299E-05 0.253002 9.99299E-05 9.99299E-05 9.99299E-05 9.99299E-05
0.139229 9.99473E-05 9.99473E-05 0.441631 9.99473E-05 0.0394358 0.151817 0.227287 9.99473E-05 9.99473E-05 9.99473E-05
9.99299E-05 9.99299E-05 9.99299E-05 0.757737 9.99299E-05 9.99299E-05 0.0240235 0.21744 9.99299E-05 9.99299E-05 9.99299E-05
0.0127745 0.0663218 0.0887238 0.787798 9.99561E-05 0.0265779 0.0173038 9.99561E-05 9.99561E-05 9.99561E-05 9.99561E-05
9.99297E-05 9.99297E-05 0.0140943 0.643738 9.99297E-05 9.99297E-05 0.341369 9.99297E-05 9.99297E-05 9.99297E-05 9.99297E-05
9.99385E-05 0.00371374 9.99385E-05 0.882455 9.99385E-05 9.99385E-05 0.0636807 9.99385E-05 0.0494505 9.99385E-05 9.99385E-05
0.0325626 0.00340113 9.99385E-05 0.800405 9.99385E-05 9.99385E-05 0.162931 9.99385E-05 9.99385E-05 9.99385E-05 9.99385E-05
0.174398 9.99386E-05 9.99386E-05 0.634158 9.99386E-05 9.99386E-05 0.0566407 0.134103 9.99386E-05 9.99386E-05 9.99386E-05
9.99296E-05 9.99296E-05 0.0994371 0.668241 9.99296E-05 9.99296E-05 9.99296E-05 0.231523 9.99296E-05 9.99296E-05 9.99296E-05
9.99298E-05 9.99298E-05 9.99298E-05 0.565304 9.99298E-05 9.99298E-05 0.350748 0.0831482 9.99298E-05 9.99298E-05 9.99298E-05
0.0768948 0.110675 9.9956E-05 0.485088 9.9956E-05 9.9956E-05 0.0160506 0.238041 0.0727504 9.9956E-05 9.9956E-05
9.99299E-05 9.99299E-05 9.99299E-05 0.627158 9.99299E-05 9.99299E-05 0.205395 0.166648 9.99299E-05 9.99299E-05 9.99299E-05
9.99387E-05 9.99387E-05 0.00689233 0.758552 9.99387E-05 9.99387E-05 9.99387E-05 0.121656 9.99387E-05 9.99387E-05 0.1122
9.99297E-05 9.99297E-05 9.99297E-05 0.509988 9.99297E-05 9.99297E-05 0.288654 9.99297E-05 9.99297E-05 9.99297E-05 0.200558
9.99472E-05 0.0855786 9.99472E-05 0.785882 9.99472E-05 9.99472E-05 0.0449519 0.0193109 9.99472E-05 9.99472E-05 0.0636766
9.99298E-05 0.0156626 0.0571641 0.926374 9.99298E-05 9.99298E-05 9.99298E-05 9.99298E-05 9.99298E-05 9.99298E-05 9.99298E-05
9.99385E-05 9.99385E-05 9.99385E-05 0.716766 9.99385E-05 9.99385E-05 0.154816 0.116012 9.99385E-05 9.99385E-05 0.0117059
