0.470798 9.9842E-05 9.9842E-05 9.9842E-05 9.9842E-05 9.9842E-05 9.9842E-05 0.203369 0.00727562 9.9842E-05 9.9842E-05 9.9842E-05 9.9842E-05 0.0539827 0.0621059 9.9842E-05 9.9842E-05 9.9842E-05 0.0401255 0.142587 9.9842E-05 9.9842E-05 9.9842E-05 9.9842E-05 0.0179597 9.9842E-05
0.769595 9.9807E-05 9.9807E-05 9.9807E-05 9.9807E-05 9.9807E-05 9.9807E-05 0.168373 9.9807E-05 9.9807E-05 9.9807E-05 9.9807E-05 9.9807E-05 0.0505275 9.9807E-05 9.9807E-05 9.9807E-05 9.9807E-05 0.00930846 9.9807E-05 9.9807E-05 9.9807E-05 9.9807E-05 9.9807E-05 9.9807E-05 9.9807E-05
9.97895E-05 9.97895E-05 9.97895E-05 9.97895E-05 9.97895E-05 9.97895E-05 9.97895E-05 9.97895E-05 9.97895E-05 9.97895E-05 0.978012 9.97895E-05 9.97895E-05 9.97895E-05 9.97895E-05 9.97895E-05 9.97895E-05 9.97895E-05 9.97895E-05 9.97895E-05 9.97895E-05 9.97895E-05 0.0195926 9.97895E-05 9.97895E-05 9.97895E-05
9.98509E-05 9.98509E-05 9.98509E-05 0.190352 9.98509E-05 0.0161885 9.98509E-05 9.98509E-05 0.0750579 9.98509E-05 0.32281 9.98509E-05 9.98509E-05 9.98509E-05 9.98509E-05 9.98509E-05 0.0122214 0.0921495 9.98509E-05 0.126171 9.98509E-05 9.98509E-05 0.15418 9.98509E-05 0.00917279 9.98509E-05
0.826723 9.98159E-05 9.98159E-05 9.98159E-05 0.110306 0.00328218 9.98159E-05 9.98159E-05 9.98159E-05 9.98159E-05 9.98159E-05 9.98159E-05 9.98159E-05 9.98159E-05 9.98159E-05 9.98159E-05 0.0342697 9.98159E-05 9.98159E-05 9.98159E-05 9.98159E-05 9.98159E-05 9.98159E-05 9.98159E-05 9.98159E-05 0.0233225
9.98246E-05 9.98246E-05 9.98246E-05 9.98246E-05 0.233383 0.117003 9.98246E-05 0.111125 9.98246E-05 9.98246E-05 0.357765 9.98246E-05 9.98246E-05 9.98246E-05 9.98246E-05 9.98246E-05 9.98246E-05 9.98246E-05 9.98246E-05 9.98246E-05 9.98246E-05 0.11928 9.98246E-05 9.98246E-05 9.98246E-05 0.0594489
0.227712 9.98509E-05 9.98509E-05 0.0582568 9.98509E-05 0.0885367 9.98509E-05 0.071971 0.12712 9.98509E-05 0.0522477 9.98509E-05 9.98509E-05 0.0705357 9.98509E-05 9.98509E-05 9.98509E-05 9.98509E-05 9.98509E-05 0.211939 9.98509E-05 9.98509E-05 9.98509E-05 9.98509E-05 0.0899836 9.98509E-05
0.171546 9.98685E-05 9.98685E-05 9.98685E-05 0.0259999 0.0706486 9.98685E-05 0.101504 9.98685E-05 0.0889706 0.0392239 9.98685E-05 9.98685E-05 9.98685E-05 0.0581518 9.98685E-05 0.0786725 9.98685E-05 9.98685E-05 0.176597 9.98685E-05 0.131687 9.98685E-05 9.98685E-05 9.98685E-05 0.0555003
9.9842E-05 9.9842E-05 9.9842E-05 9.9842E-05 0.0980502 9.9842E-05 9.9842E-05 9.9842E-05 9.9842E-05 9.9842E-05 0.292376 0.000555148 9.9842E-05 0.214914 9.9842E-05 9.9842E-05 0.0449552 9.9842E-05 9.9842E-05 0.00125947 9.9842E-05 0.201528 9.9842E-05 9.9842E-05 0.144566 9.9842E-05
0.901822 9.97895E-05 9.97895E-05 9.97895E-05 9.97895E-05 9.97895E-05 9.97895E-05 9.97895E-05 9.97895E-05 9.97895E-05 9.97895E-05 9.97895E-05 9.97895E-05 0.0957827 9.97895E-05 9.97895E-05 9.97895E-05 9.97895E-05 9.97895E-05 9.97895E-05 9.97895E-05 9.97895E-05 9.97895E-05 9.97895E-05 9.97895E-05 9.97895E-05
0.277786 9.98333E-05 9.98333E-05 9.98333E-05 9.98333E-05 9.98333E-05 9.98333E-05 0.0721898 0.115318 9.98333E-05 0.305296 9.98333E-05 9.98333E-05 0.152156 9.98333E-05 9.98333E-05 9.98333E-05 9.98333E-05 9.98333E-05 0.0722354 9.98333E-05 9.98333E-05 0.00312147 9.98333E-05 9.98333E-05 9.98333E-05
9.97807E-05 9.97807E-05 9.97807E-05 9.97807E-05 9.97807E-05 9.97807E-05 9.97807E-05 9.97807E-05 9.97807E-05 9.97807E-05 0.997505 9.97807E-05 9.97807E-05 9.97807E-05 9.97807E-05 9.97807E-05 9.97807E-05 9.97807E-05 9.97807E-05 9.97807E-05 9.97807E-05 9.97807E-05 9.97807E-05 9.97807E-05 9.97807E-05 9.97807E-05
0.826295 0.00357353 9.98158E-05 9.98158E-05 9.98158E-05 9.98158E-05 9.98158E-05 9.98158E-05 9.98158E-05 9.98158E-05 9.98158E-05 9.98158E-05 9.98158E-05 0.0852528 9.98158E-05 9.98158E-05 9.98158E-05 9.98158E-05 9.98158E-05 0.0798931 9.98158E-05 0.00288974 9.98158E-05 9.98158E-05 9.98158E-05 9.98158E-05
0.599609 9.98334E-05 0.179652 9.98334E-05 9.98334E-05 9.98334E-05 9.98334E-05 9.98334E-05 0.0348991 9.98334E-05 9.98334E-05 0.092514 9.98334E-05 0.035636 9.98334E-05 9.98334E-05 9.98334E-05 9.98334E-05 9.98334E-05 0.0556035 9.98334E-05 9.98334E-05 0.000188875 9.98334E-05 9.98334E-05 9.98334E-05
0.164459 0.0219205 9.98684E-05 9.98684E-05 0.100577 9.98684E-05 9.98684E-05 0.164914 9.98684E-05 9.98684E-05 0.207163 0.0384319 9.98684E-05 0.109955 9.98684E-05 0.0304512 9.98684E-05 9.98684E-05 9.98684E-05 0.0225798 9.98684E-05 0.122257 0.0157921 9.98684E-05 9.98684E-05 9.98684E-05
0.234655 9.98403E-05 9.98403E-05 0.0284305 0.0917608 9.98403E-05 9.98403E-05 0.155977 9.98403E-05 0.148892 9.98403E-05 9.98403E-05 9.98403E-05 0.06652 0.0113789 9.98403E-05 0.0281505 9.98403E-05 9.98403E-05 0.0905187 9.98403E-05 0.142119 9.98403E-05 9.98403E-05 9.98403E-05 9.98403E-05
9.98422E-05 0.0446693 9.98422E-05 0.0260937 9.98422E-05 9.98422E-05 9.98422E-05 9.98422E-05 0.0356755 9.98422E-05 0.553487 9.98422E-05 9.98422E-05 0.0445623 0.0637954 0.215936 0.0139832 9.98422E-05 9.98422E-05 9.98422E-05 9.98422E-05 9.98422E-05 9.98422E-05 9.98422E-05 9.98422E-05 9.98422E-05
0.108909 9.98422E-05 9.98422E-05 9.98422E-05 9.98422E-05 9.98422E-05 9.98422E-05 0.217349 9.98422E-05 9.98422E-05 9.98422E-05 9.98422E-05 0.125539 0.0468403 9.98422E-05 9.98422E-05 0.00950527 0.153387 9.98422E-05 0.255451 9.98422E-05 0.0812226 9.98422E-05 9.98422E-05 9.98422E-05 9.98422E-05
0.0316049 0.0563183 9.98419E-05 9.98419E-05 9.98419E-05 0.115028 9.98419E-05 9.98419E-05 9.98419E-05 9.98419E-05 0.357173 9.98419E-05 9.98419E-05 0.172604 0.00686265 9.98419E-05 9.98419E-05 9.98419E-05 9.98419E-05 0.169843 9.98419E-05 0.088768 9.98419E-05 9.98419E-05 9.98419E-05 9.98419E-05
0.985864 9.97896E-05 9.97896E-05 9.97896E-05 9.97896E-05 9.97896E-05 9.97896E-05 9.97896E-05 9.97896E-05 9.97896E-05 9.97896E-05 9.97896E-05 9.97896E-05 9.97896E-05 9.97896E-05 9.97896E-05 9.97896E-05 0.0117408 9.97896E-05 9.97896E-05 9.97896E-05 9.97896E-05 9.97896E-05 9.97896E-05 9.97896E-05 9.97896E-05
9.98508E-05 9.98508E-05 9.98508E-05 9.98508E-05 9.98508E-05 0.0221403 9.98508E-05 9.98508E-05 0.0381646 0.0559461 0.550457 0.00210594 9.98508E-05 0.0205429 9.98508E-05 9.98508E-05 0.24946 9.98508E-05 9.98508E-05 9.98508E-05 9.98508E-05 0.0462217 0.013264 9.98508E-05 9.98508E-05 9.98508E-05
9.9851E-05 0.00366632 9.9851E-05 9.9851E-05 0.0309657 0.118002 9.9851E-05 9.9851E-05 9.9851E-05 9.9851E-05 0.309153 9.9851E-05 0.0334516 9.9851E-05 9.9851E-05 9.9851E-05 9.9851E-05 9.9851E-05 0.00945873 0.269847 9.9851E-05 0.120656 9.9851E-05 9.9851E-05 9.9851E-05 0.103101
0.588722 9.98159E-05 9.98159E-05 9.98159E-05 0.128722 9.98159E-05 9.98159E-05 0.203507 0.0324636 9.98159E-05 9.98159E-05 9.98159E-05 9.98159E-05 0.0444893 9.98159E-05 9.98159E-05 9.98159E-05 9.98159E-05 9.98159E-05 9.98159E-05 9.98159E-05 9.98159E-05 9.98159E-05 9.98159E-05 9.98159E-05 9.98159E-05
0.246701 9.98246E-05 9.98246E-05 9.98246E-05 9.98246E-05 9.98246E-05 9.98246E-05 0.0505341 9.98246E-05 9.98246E-05 0.147482 9.98246E-05 9.98246E-05 0.23572 9.98246E-05 9.98246E-05 9.98246E-05 9.98246E-05 9.98246E-05 0.26304 9.98246E-05 9.98246E-05 9.98246E-05 9.98246E-05 0.0545274 9.98246E-05
9.98508E-05 0.102619 9.98508E-05 9.98508E-05 9.98508E-05 9.98508E-05 9.98508E-05 9.98508E-05 0.00656933 9.98508E-05 0.315509 0.0257391 9.98508E-05 0.231957 9.98508E-05 9.98508E-05 9.98508E-05 0.0363794 9.98508E-05 0.0323812 9.98508E-05 0.00514943 0.241999 9.98508E-05 9.98508E-05 9.98508E-05
9.98421E-05 9.98421E-05 9.98421E-05 0.0722397 0.0146818 9.98421E-05 9.98421E-05 9.98421E-05 0.0359394 9.98421E-05 0.767884 9.98421E-05 9.98421E-05 0.0559142 0.0341887 9.98421E-05 9.98421E-05 9.98421E-05 9.98421E-05 0.0169938 9.98421E-05 0.000361212 9.98421E-05 9.98421E-05 9.98421E-05 9.98421E-05
0.00654289 9.98333E-05 9.98333E-05 9.98333E-05 9.98333E-05 9.98333E-05 9.98333E-05 9.98333E-05 9.98333E-05 0.0343703 9.98333E-05 9.98333E-05 0.127969 0.0351247 9.98333E-05 9.98333E-05 9.98333E-05 9.98333E-05 9.98333E-05 0.221001 9.98333E-05 9.98333E-05 0.307826 0.26527 9.98333E-05 9.98333E-05
0.825916 9.98334E-05 9.98334E-05 0.084753 9.98334E-05 0.0166715 0.00632722 9.98334E-05 9.98334E-05 9.98334E-05 9.98334E-05 0.00930729 9.98334E-05 0.0274507 9.98334E-05 9.98334E-05 9.98334E-05 9.98334E-05 9.98334E-05 0.027677 9.98334E-05 9.98334E-05 9.98334E-05 9.98334E-05 9.98334E-05 9.98334E-05
0.506016 9.98422E-05 9.98422E-05 9.98422E-05 9.98422E-05 9.98422E-05 9.98422E-05 0.0139261 9.98422E-05 9.98422E-05 0.0704403 9.98422E-05 9.98422E-05 0.220469 9.98422E-05 9.98422E-05 9.98422E-05 0.00196745 9.98422E-05 9.98422E-05 9.98422E-05 9.98422E-05 0.109971 0.0378758 0.0375366 9.98422E-05
0.641659 9.98334E-05 0.173988 9.98334E-05 9.98334E-05 0.0274779 9.98334E-05 9.98334E-05 0.0085985 9.98334E-05 0.0721321 9.98334E-05 9.98334E-05 0.0468559 9.98334E-05 9.98334E-05 9.98334E-05 9.98334E-05 9.98334E-05 9.98334E-05 9.98334E-05 9.98334E-05 9.98334E-05 9.98334E-05 0.0273922 9.98334E-05
0.72313 0.0547929 9.98421E-05 9.98421E-05 9.98421E-05 9.98421E-05 9.98421E-05 0.0621291 0.105155 9.98421E-05 9.98421E-05 9.98421E-05 9.98421E-05 0.0181624 9.98421E-05 9.98421E-05 9.98421E-05 9.98421E-05 9.98421E-05 0.00027058 9.98421E-05 0.00273688 9.98421E-05 0.0318255 9.98421E-05 9.98421E-05
9.9851E-05 9.9851E-05 9.9851E-05 9.9851E-05 0.121314 0.0420224 9.9851E-05 9.9851E-05 0.0506235 9.9851E-05 0.591514 9.9851E-05 9.9851E-05 0.0386971 9.9851E-05 0.0492735 9.9851E-05 9.9851E-05 9.9851E-05 0.0423735 9.9851E-05 9.9851E-05 0.0552222 0.00726244 9.9851E-05 9.9851E-05
9.98245E-05 9.98245E-05 9.98245E-05 9.98245E-05 9.98245E-05 9.98245E-05 9.98245E-05 0.0119792 0.102408 9.98245E-05 0.60943 9.98245E-05 9.98245E-05 0.08758 9.98245E-05 9.98245E-05 9.98245E-05 9.98245E-05 9.98245E-05 0.114305 9.98245E-05 9.98245E-05 0.0723018 9.98245E-05 9.98245E-05 9.98245E-05
9.98421E-05 9.98421E-05 9.98421E-05 9.98421E-05 9.98421E-05 0.0177121 0.150992 9.98421E-05 9.98421E-05 0.0827096 0.568661 9.98421E-05 0.0369453 0.0696721 9.98421E-05 9.98421E-05 9.98421E-05 9.98421E-05 9.98421E-05 9.98421E-05 9.98421E-05 9.98421E-05 0.0682328 9.98421E-05 0.00327712 9.98421E-05
0.84057 0.0134621 9.98423E-05 9.98423E-05 9.98423E-05 9.98423E-05 9.98423E-05 9.98423E-05 0.0406934 9.98423E-05 9.98423E-05 9.98423E-05 9.98423E-05 0.0102085 9.98423E-05 9.98423E-05 9.98423E-05 0.0142705 0.0567741 9.98423E-05 9.98423E-05 0.00463813 9.98423E-05 0.0175864 9.98423E-05 9.98423E-05
9.98159E-05 9.98159E-05 9.98159E-05 0.143647 9.98159E-05 9.98159E-05 9.98159E-05 9.98159E-05 9.98159E-05 9.98159E-05 0.697163 9.98159E-05 9.98159E-05 9.98159E-05 9.98159E-05 9.98159E-05 9.98159E-05 9.98159E-05 9.98159E-05 0.0593428 9.98159E-05 9.98159E-05 9.98159E-05 0.093658 0.00409319 9.98159E-05
0.883835 9.98073E-05 9.98073E-05 9.98073E-05 9.98073E-05 0.102043 9.98073E-05 9.98073E-05 9.98073E-05 9.98073E-05 0.0111535 9.98073E-05 9.98073E-05 9.98073E-05 9.98073E-05 9.98073E-05 9.98073E-05 9.98073E-05 0.000772636 9.98073E-05 9.98073E-05 9.98073E-05 9.98073E-05 9.98073E-05 9.98073E-05 9.98073E-05
0.230698 9.98336E-05 9.98336E-05 0.0584301 9.98336E-05 9.98336E-05 0.00713499 9.98336E-05 9.98336E-05 9.98336E-05 0.439344 9.98336E-05 9.98336E-05 0.049909 9.98336E-05 9.98336E-05 9.98336E-05 0.0306564 9.98336E-05 9.98336E-05 9.98336E-05 0.18193 9.98336E-05 9.98336E-05 9.98336E-05 9.98336E-05
9.98159E-05 9.98159E-05 9.98159E-05 9.98159E-05 9.98159E-05 9.98159E-05 0.0778698 9.98159E-05 9.98159E-05 9.98159E-05 0.648889 9.98159E-05 9.98159E-05 0.119 9.98159E-05 9.98159E-05 9.98159E-05 9.98159E-05 0.103563 9.98159E-05 9.98159E-05 9.98159E-05 9.98159E-05 9.98159E-05 9.98159E-05 0.0485823
9.98244E-05 9.98244E-05 0.129501 9.98244E-05 9.98244E-05 0.0241082 9.98244E-05 9.98244E-05 9.98244E-05 0.0521945 0.597705 9.98244E-05 9.98244E-05 0.122352 9.98244E-05 9.98244E-05 9.98244E-05 9.98244E-05 9.98244E-05 9.98244E-05 9.98244E-05 9.98244E-05 0.0721424 9.98244E-05 9.98244E-05 9.98244E-05
9.98334E-05 9.98334E-05 9.98334E-05 0.0123078 9.98334E-05 0.0366456 9.98334E-05 9.98334E-05 0.0230829 9.98334E-05 0.804026 9.98334E-05 9.98334E-05 0.0233711 9.98334E-05 9.98334E-05 9.98334E-05 9.98334E-05 9.98334E-05 0.0401498 9.98334E-05 9.98334E-05 9.98334E-05 0.05852 9.98334E-05 9.98334E-05
0.561105 9.98509E-05 9.98509E-05 9.98509E-05 0.0313468 9.98509E-05 9.98509E-05 0.0164426 9.98509E-05 9.98509E-05 0.0520243 9.98509E-05 9.98509E-05 0.0666598 9.98509E-05 9.98509E-05 9.98509E-05 9.98509E-05 9.98509E-05 0.119825 9.98509E-05 0.000940148 9.98509E-05 0.14 0.00995905 9.98509E-05
0.827692 9.98157E-05 0.0928769 9.98157E-05 9.98157E-05 0.00995645 9.98157E-05 9.98157E-05 9.98157E-05 9.98157E-05 9.98157E-05 0.0155789 9.98157E-05 9.98157E-05 9.98157E-05 9.98157E-05 9.98157E-05 9.98157E-05 9.98157E-05 9.98157E-05 9.98157E-05 9.98157E-05 9.98157E-05 0.0517991 9.98157E-05 9.98157E-05
9.98421E-05 9.98421E-05 9.98421E-05 9.98421E-05 9.98421E-05 9.98421E-05 9.98421E-05 0.166455 0.00603492 9.98421E-05 0.439822 9.98421E-05 9.98421E-05 0.145338 9.98421E-05 9.98421E-05 9.98421E-05 9.98421E-05 0.00429803 0.112866 9.98421E-05 0.0851572 9.98421E-05 9.98421E-05 0.038231 9.98421E-05
0.135466 9.98333E-05 9.98333E-05 0.0575999 9.98333E-05 0.0906638 9.98333E-05 9.98333E-05 9.98333E-05 9.98333E-05 0.0782899 9.98333E-05 9.98333E-05 0.174526 9.98333E-05 9.98333E-05 9.98333E-05 9.98333E-05 9.98333E-05 0.439918 9.98333E-05 9.98333E-05 9.98333E-05 9.98333E-05 9.98333E-05 0.0216398
9.97981E-05 9.97981E-05 9.97981E-05 9.97981E-05 9.97981E-05 0.0338781 9.97981E-05 9.97981E-05 9.97981E-05 9.97981E-05 0.922854 9.97981E-05 9.97981E-05 9.97981E-05 9.97981E-05 9.97981E-05 9.97981E-05 0.040973 9.97981E-05 9.97981E-05 9.97981E-05 9.97981E-05 9.97981E-05 9.97981E-05 9.97981E-05 9.97981E-05
0.880482 9.97983E-05 9.97983E-05 9.97983E-05 9.97983E-05 9.97983E-05 9.97983E-05 9.97983E-05 9.97983E-05 9.97983E-05 9.97983E-05 9.97983E-05 9.97983E-05 0.0976787 0.0195444 9.97983E-05 9.97983E-05 9.97983E-05 9.97983E-05 9.97983E-05 9.97983E-05 9.97983E-05 9.97983E-05 9.97983E-05 9.97983E-05 9.97983E-05
9.97807E-05 9.97807E-05 9.97807E-05 9.97807E-05 9.97807E-05 9.97807E-05 9.97807E-05 9.97807E-05 9.97807E-05 9.97807E-05 0.997505 9.97807E-05 9.97807E-05 9.97807E-05 9.97807E-05 9.97807E-05 9.97807E-05 9.97807E-05 9.97807E-05 9.97807E-05 9.97807E-05 9.97807E-05 9.97807E-05 9.97807E-05 9.97807E-05 9.97807E-05
0.634918 9.98245E-05 9.98245E-05 9.98245E-05 9.98245E-05 0.0611273 9.98245E-05 0.0414927 0.0588765 9.98245E-05 9.98245E-05 9.98245E-05 9.98245E-05 0.116236 9.98245E-05 9.98245E-05 9.98245E-05 9.98245E-05 9.98245E-05 0.0853536 9.98245E-05 9.98245E-05 9.98245E-05 9.98245E-05 9.98245E-05 9.98245E-05
0.815286 9.98162E-05 9.98162E-05 9.98162E-05 9.98162E-05 0.0481592 9.98162E-05 9.98162E-05 9.98162E-05 9.98162E-05 9.98162E-05 9.98162E-05 9.98162E-05 9.98162E-05 9.98162E-05 9.98162E-05 9.98162E-05 9.98162E-05 9.98162E-05 9.98162E-05 0.120698 0.00437585 9.98162E-05 9.98162E-05 9.98162E-05 0.00938521
0.348486 9.98683E-05 9.98683E-05 9.98683E-05 9.98683E-05 0.0300773 9.98683E-05 9.98683E-05 0.0843504 9.98683E-05 9.98683E-05 0.0265717 9.98683E-05 0.113804 9.98683E-05 9.98683E-05 9.98683E-05 0.0136269 9.98683E-05 9.98683E-05 9.98683E-05 0.0555727 0.0361339 0.205041 0.00780186 0.0770365
0.424234 9.98335E-05 9.98335E-05 0.0645353 9.98335E-05 9.98335E-05 9.98335E-05 9.98335E-05 9.98335E-05 0.046883 0.191638 0.122637 9.98335E-05 9.98335E-05 9.98335E-05 9.98335E-05 9.98335E-05 9.98335E-05 9.98335E-05 0.132637 9.98335E-05 9.98335E-05 9.98335E-05 9.98335E-05 0.0155385 9.98335E-05
0.877769 9.98073E-05 9.98073E-05 9.98073E-05 9.98073E-05 9.98073E-05 9.98073E-05 9.98073E-05 9.98073E-05 9.98073E-05 9.98073E-05 0.0416051 0.0654855 0.0129449 9.98073E-05 9.98073E-05 9.98073E-05 9.98073E-05 9.98073E-05 9.98073E-05 9.98073E-05 9.98073E-05 9.98073E-05 9.98073E-05 9.98073E-05 9.98073E-05
9.98247E-05 9.98247E-05 0.109539 9.98247E-05 9.98247E-05 9.98247E-05 9.98247E-05 9.98247E-05 9.98247E-05 0.144062 0.66899 9.98247E-05 0.0265466 9.98247E-05 9.98247E-05 9.98247E-05 9.98247E-05 9.98247E-05 9.98247E-05 9.98247E-05 0.0470322 9.98247E-05 9.98247E-05 9.98247E-05 9.98247E-05 0.00183323
9.98073E-05 0.0855703 9.98073E-05 9.98073E-05 9.98073E-05 9.98073E-05 9.98073E-05 9.98073E-05 9.98073E-05 9.98073E-05 0.819426 0.0164457 9.98073E-05 0.0763619 9.98073E-05 9.98073E-05 9.98073E-05 9.98073E-05 9.98073E-05 9.98073E-05 9.98073E-05 9.98073E-05 9.98073E-05 9.98073E-05 9.98073E-05 9.98073E-05
9.9851E-05 9.9851E-05 9.9851E-05 9.9851E-05 0.0237493 0.0426229 9.9851E-05 0.0025265 9.9851E-05 9.9851E-05 0.827465 9.9851E-05 0.0203485 9.9851E-05 9.9851E-05 9.9851E-05 9.9851E-05 0.0186118 9.9851E-05 9.9851E-05 0.0028973 9.9851E-05 0.0553888 9.9851E-05 9.9851E-05 0.00469236
9.98335E-05 9.98335E-05 9.98335E-05 9.98335E-05 9.98335E-05 0.119091 9.98335E-05 9.98335E-05 0.0049529 0.0421721 0.71838 9.98335E-05 0.0978596 9.98335E-05 9.98335E-05 9.98335E-05 0.00186531 9.98335E-05 0.0137813 9.98335E-05 9.98335E-05 9.98335E-05 9.98335E-05 9.98335E-05 9.98335E-05 9.98335E-05
0.848677 9.97986E-05 9.97986E-05 0.101453 9.97986E-05 9.97986E-05 9.97986E-05 9.97986E-05 9.97986E-05 9.97986E-05 9.97986E-05 9.97986E-05 9.97986E-05 0.0475754 9.97986E-05 9.97986E-05 9.97986E-05 9.97986E-05 9.97986E-05 9.97986E-05 9.97986E-05 9.97986E-05 9.97986E-05 9.97986E-05 9.97986E-05 9.97986E-05
0.903995 9.98158E-05 9.98158E-05 9.98158E-05 9.98158E-05 9.98158E-05 9.98158E-05 9.98158E-05 0.00592718 9.98158E-05 9.98158E-05 9.98158E-05 9.98158E-05 0.017728 9.98158E-05 9.98158E-05 9.98158E-05 9.98158E-05 9.98158E-05 9.98158E-05 0.0347498 9.98158E-05 9.98158E-05 0.0355042 9.98158E-05 9.98158E-05
9.98333E-05 9.98333E-05 9.98333E-05 9.98333E-05 9.98333E-05 9.98333E-05 9.98333E-05 0.679735 0.0441857 9.98333E-05 9.98333E-05 9.98333E-05 0.036977 0.122325 9.98333E-05 9.98333E-05 9.98333E-05 9.98333E-05 0.00958535 9.98333E-05 9.98333E-05 0.0282172 0.0770778 9.98333E-05 9.98333E-05 9.98333E-05
9.979E-05 9.979E-05 9.979E-05 9.979E-05 9.979E-05 9.979E-05 9.979E-05 0.927299 9.979E-05 9.979E-05 9.979E-05 9.979E-05 9.979E-05 9.979E-05 9.979E-05 9.979E-05 9.979E-05 9.979E-05 9.979E-05 9.979E-05 9.979E-05 9.979E-05 9.979E-05 9.979E-05 0.0703062 9.979E-05
9.97895E-05 9.97895E-05 9.97895E-05 9.97895E-05 9.97895E-05 9.97895E-05 9.97895E-05 0.961934 9.97895E-05 9.97895E-05 9.97895E-05 9.97895E-05 0.0356711 9.97895E-05 9.97895E-05 9.97895E-05 9.97895E-05 9.97895E-05 9.97895E-05 9.97895E-05 9.97895E-05 9.97895E-05 9.97895E-05 9.97895E-05 9.97895E-05 9.97895E-05
9.98333E-05 9.98333E-05 9.98333E-05 9.98333E-05 9.98333E-05 9.98333E-05 9.98333E-05 0.335321 9.98333E-05 9.98333E-05 9.98333E-05 9.98333E-05 0.0157838 9.98333E-05 9.98333E-05 9.98333E-05 9.98333E-05 9.98333E-05 0.249374 9.98333E-05 0.0365076 0.093529 0.214649 0.0529397 9.98333E-05 9.98333E-05
9.98331E-05 9.98331E-05 9.98331E-05 9.98331E-05 9.98331E-05 0.0346892 9.98331E-05 0.655753 9.98331E-05 9.98331E-05 9.98331E-05 9.98331E-05 0.0551762 0.0620937 9.98331E-05 9.98331E-05 9.98331E-05 0.070728 9.98331E-05 0.0373229 9.98331E-05 0.0823406 9.98331E-05 9.98331E-05 9.98331E-05 9.98331E-05
9.98154E-05 9.98154E-05 9.98154E-05 9.98154E-05 9.98154E-05 9.98154E-05 9.98154E-05 0.559408 9.98154E-05 9.98154E-05 9.98154E-05 9.98154E-05 9.98154E-05 0.242108 0.0583352 9.98154E-05 9.98154E-05 9.98154E-05 9.98154E-05 0.0861491 9.98154E-05 9.98154E-05 0.0519045 9.98154E-05 9.98154E-05 9.98154E-05
9.98419E-05 9.98419E-05 9.98419E-05 0.0882136 9.98419E-05 9.98419E-05 9.98419E-05 0.52119 0.0144934 9.98419E-05 9.98419E-05 9.98419E-05 9.98419E-05 0.0508734 0.00177968 9.98419E-05 9.98419E-05 9.98419E-05 0.269668 9.98419E-05 9.98419E-05 0.0221572 9.98419E-05 0.0298281 9.98419E-05 9.98419E-05
9.98243E-05 9.98243E-05 9.98243E-05 9.98243E-05 9.98243E-05 9.98243E-05 9.98243E-05 0.574726 9.98243E-05 9.98243E-05 9.98243E-05 9.98243E-05 0.143946 0.0554029 9.98243E-05 9.98243E-05 9.98243E-05 9.98243E-05 0.0870885 9.98243E-05 9.98243E-05 0.0592633 0.0775769 9.98243E-05 9.98243E-05 9.98243E-05
9.97895E-05 9.97895E-05 9.97895E-05 9.97895E-05 9.97895E-05 9.97895E-05 9.97895E-05 0.949363 9.97895E-05 9.97895E-05 9.97895E-05 9.97895E-05 9.97895E-05 9.97895E-05 9.97895E-05 9.97895E-05 9.97895E-05 9.97895E-05 9.97895E-05 9.97895E-05 9.97895E-05 9.97895E-05 9.97895E-05 0.0482417 9.97895E-05 9.97895E-05
9.97983E-05 9.97983E-05 9.97983E-05 9.97983E-05 9.97983E-05 9.97983E-05 9.97983E-05 0.941532 0.0542534 9.97983E-05 9.97983E-05 9.97983E-05 9.97983E-05 9.97983E-05 9.97983E-05 9.97983E-05 9.97983E-05 9.97983E-05 9.97983E-05 9.97983E-05 9.97983E-05 0.00191899 9.97983E-05 9.97983E-05 9.97983E-05 9.97983E-05
9.98155E-05 9.98155E-05 9.98155E-05 9.98155E-05 9.98155E-05 0.03119 9.98155E-05 0.562914 0.152403 9.98155E-05 9.98155E-05 9.98155E-05 9.98155E-05 0.230442 9.98155E-05 9.98155E-05 9.98155E-05 9.98155E-05 9.98155E-05 9.98155E-05 9.98155E-05 0.0209546 9.98155E-05 9.98155E-05 9.98155E-05 9.98155E-05
9.98682E-05 9.98682E-05 9.98682E-05 9.98682E-05 9.98682E-05 0.0719446 9.98682E-05 0.440392 0.0447808 0.0449647 9.98682E-05 9.98682E-05 9.98682E-05 0.108564 0.0874479 9.98682E-05 9.98682E-05 0.0143265 0.0299307 0.0911779 0.0133593 9.98682E-05 9.98682E-05 9.98682E-05 9.98682E-05 0.051613
9.98245E-05 9.98245E-05 9.98245E-05 9.98245E-05 0.00885527 9.98245E-05 9.98245E-05 0.633631 9.98245E-05 0.0925489 9.98245E-05 9.98245E-05 9.98245E-05 9.98245E-05 0.065703 9.98245E-05 9.98245E-05 9.98245E-05 9.98245E-05 9.98245E-05 9.98245E-05 0.098364 9.98245E-05 9.98245E-05 9.98245E-05 0.0989016
9.98243E-05 9.98243E-05 9.98243E-05 9.98243E-05 9.98243E-05 0.00260769 9.98243E-05 0.581635 9.98243E-05 9.98243E-05 9.98243E-05 9.98243E-05 9.98243E-05 0.173574 9.98243E-05 9.98243E-05 9.98243E-05 9.98243E-05 0.0716897 0.162914 9.98243E-05 9.98243E-05 9.98243E-05 9.98243E-05 9.98243E-05 0.00558349
9.97812E-05 9.97812E-05 9.97812E-05 9.97812E-05 9.97812E-05 9.97812E-05 9.97812E-05 0.997505 9.97812E-05 9.97812E-05 9.97812E-05 9.97812E-05 9.97812E-05 9.97812E-05 9.97812E-05 9.97812E-05 9.97812E-05 9.97812E-05 9.97812E-05 9.97812E-05 9.97812E-05 9.97812E-05 9.97812E-05 9.97812E-05 9.97812E-05 9.97812E-05
9.98072E-05 9.98072E-05 9.98072E-05 0.0561525 9.98072E-05 9.98072E-05 9.98072E-05 0.916788 9.98072E-05 9.98072E-05 9.98072E-05 9.98072E-05 9.98072E-05 0.0202491 9.98072E-05 9.98072E-05 9.98072E-05 9.98072E-05 9.98072E-05 9.98072E-05 9.98072E-05 0.00461469 9.98072E-05 9.98072E-05 9.98072E-05 9.98072E-05
9.98242E-05 9.98242E-05 9.98242E-05 9.98242E-05 0.065418 0.136279 9.98242E-05 0.597049 9.98242E-05 9.98242E-05 9.98242E-05 9.98242E-05 0.0483069 9.98242E-05 9.98242E-05 9.98242E-05 9.98242E-05 9.98242E-05 9.98242E-05 9.98242E-05 0.0934904 9.98242E-05 0.0574595 9.98242E-05 9.98242E-05 9.98242E-05
9.98332E-05 9.98332E-05 9.98332E-05 0.00925376 9.98332E-05 0.0505665 9.98332E-05 0.635685 0.0427453 9.98332E-05 9.98332E-05 9.98332E-05 9.98332E-05 9.98332E-05 0.136836 9.98332E-05 9.98332E-05 9.98332E-05 9.98332E-05 0.0939488 9.98332E-05 0.0290679 9.98332E-05 9.98332E-05 9.98332E-05 9.98332E-05
9.98157E-05 9.98157E-05 9.98157E-05 9.98157E-05 9.98157E-05 0.0396174 9.98157E-05 0.796774 0.0337062 9.98157E-05 9.98157E-05 9.98157E-05 0.0934439 0.0343623 9.98157E-05 9.98157E-05 9.98157E-05 9.98157E-05 9.98157E-05 9.98157E-05 9.98157E-05 9.98157E-05 9.98157E-05 9.98157E-05 9.98157E-05 9.98157E-05
9.98329E-05 0.0317879 9.98329E-05 9.98329E-05 9.98329E-05 9.98329E-05 9.98329E-05 0.550325 0.0109094 9.98329E-05 9.98329E-05 9.98329E-05 9.98329E-05 0.181321 0.0461226 9.98329E-05 9.98329E-05 0.0255971 9.98329E-05 9.98329E-05 9.98329E-05 9.98329E-05 9.98329E-05 0.152041 9.98329E-05 9.98329E-05
9.979E-05 9.979E-05 0.0301282 9.979E-05 9.979E-05 9.979E-05 9.979E-05 0.967477 9.979E-05 9.979E-05 9.979E-05 9.979E-05 9.979E-05 9.979E-05 9.979E-05 9.979E-05 9.979E-05 9.979E-05 9.979E-05 9.979E-05 9.979E-05 9.979E-05 9.979E-05 9.979E-05 9.979E-05 9.979E-05
9.98156E-05 9.98156E-05 9.98156E-05 9.98156E-05 9.98156E-05 0.0475604 9.98156E-05 0.686931 9.98156E-05 9.98156E-05 9.98156E-05 0.00103104 9.98156E-05 0.0432475 9.98156E-05 9.98156E-05 9.98156E-05 9.98156E-05 9.98156E-05 0.219134 9.98156E-05 9.98156E-05 9.98156E-05 9.98156E-05 9.98156E-05 9.98156E-05
9.98422E-05 9.98422E-05 9.98422E-05 9.98422E-05 9.98422E-05 9.98422E-05 0.0313836 0.689142 9.98422E-05 9.98422E-05 9.98422E-05 0.0102365 9.98422E-05 0.00883468 9.98422E-05 9.98422E-05 9.98422E-05 9.98422E-05 0.0269978 0.0084509 9.98422E-05 9.98422E-05 0.165869 0.0572882 9.98422E-05 9.98422E-05
9.98332E-05 9.98332E-05 9.98332E-05 9.98332E-05 0.0614163 0.14215 9.98332E-05 0.652159 9.98332E-05 9.98332E-05 9.98332E-05 9.98332E-05 0.0676969 0.00640282 9.98332E-05 9.98332E-05 9.98332E-05 9.98332E-05 9.98332E-05 9.98332E-05 9.98332E-05 0.0291206 9.98332E-05 9.98332E-05 0.0391575 9.98332E-05
9.9798E-05 9.9798E-05 9.9798E-05 9.9798E-05 9.9798E-05 9.9798E-05 9.9798E-05 0.772424 0.10745 9.9798E-05 9.9798E-05 9.9798E-05 9.9798E-05 9.9798E-05 0.117831 9.9798E-05 9.9798E-05 9.9798E-05 9.9798E-05 9.9798E-05 9.9798E-05 9.9798E-05 9.9798E-05 9.9798E-05 9.9798E-05 9.9798E-05
9.98248E-05 9.98248E-05 9.98248E-05 9.98248E-05 9.98248E-05 9.98248E-05 9.98248E-05 0.849152 9.98248E-05 9.98248E-05 9.98248E-05 9.98248E-05 9.98248E-05 0.01521 9.98248E-05 0.03462 9.98248E-05 0.0757388 0.0115976 9.98248E-05 9.98248E-05 0.0116848 9.98248E-05 9.98248E-05 9.98248E-05 9.98248E-05
9.9781E-05 9.9781E-05 9.9781E-05 9.9781E-05 9.9781E-05 9.9781E-05 9.9781E-05 0.997505 9.9781E-05 9.9781E-05 9.9781E-05 9.9781E-05 9.9781E-05 9.9781E-05 9.9781E-05 9.9781E-05 9.9781E-05 9.9781E-05 9.9781E-05 9.9781E-05 9.9781E-05 9.9781E-05 9.9781E-05 9.9781E-05 9.9781E-05 9.9781E-05
9.97809E-05 9.97809E-05 9.97809E-05 9.97809E-05 9.97809E-05 9.97809E-05 9.97809E-05 0.997505 9.97809E-05 9.97809E-05 9.97809E-05 9.97809E-05 9.97809E-05 9.97809E-05 9.97809E-05 9.97809E-05 9.97809E-05 9.97809E-05 9.97809E-05 9.97809E-05 9.97809E-05 9.97809E-05 9.97809E-05 9.97809E-05 9.97809E-05 9.97809E-05
9.97983E-05 9.97983E-05 9.97983E-05 9.97983E-05 9.97983E-05 9.97983E-05 9.97983E-05 0.925599 9.97983E-05 9.97983E-05 9.97983E-05 9.97983E-05 0.0631897 9.97983E-05 0.00891624 9.97983E-05 9.97983E-05 9.97983E-05 9.97983E-05 9.97983E-05 9.97983E-05 9.97983E-05 9.97983E-05 9.97983E-05 9.97983E-05 9.97983E-05
9.9816E-05 9.9816E-05 0.378198 9.9816E-05 9.9816E-05 9.9816E-05 9.9816E-05 0.461357 9.9816E-05 9.9816E-05 9.9816E-05 9.9816E-05 9.9816E-05 0.0714849 9.9816E-05 9.9816E-05 9.9816E-05 9.9816E-05 9.9816E-05 9.9816E-05 9.9816E-05 0.00765249 9.9816E-05 0.0792116 9.9816E-05 9.9816E-05
9.98071E-05 9.98071E-05 9.98071E-05 9.98071E-05 0.299477 9.98071E-05 9.98071E-05 9.98071E-05 9.98071E-05 9.98071E-05 9.98071E-05 9.98071E-05 9.98071E-05 0.0643732 9.98071E-05 9.98071E-05 9.98071E-05 9.98071E-05 9.98071E-05 9.98071E-05 9.98071E-05 0.0656101 0.568344 9.98071E-05 9.98071E-05 9.98071E-05
9.97894E-05 9.97894E-05 0.808906 9.97894E-05 9.97894E-05 9.97894E-05 9.97894E-05 9.97894E-05 9.97894E-05 9.97894E-05 9.97894E-05 9.97894E-05 9.97894E-05 9.97894E-05 9.97894E-05 9.97894E-05 9.97894E-05 9.97894E-05 9.97894E-05 9.97894E-05 9.97894E-05 9.97894E-05 0.188699 9.97894E-05 9.97894E-05 9.97894E-05
9.98244E-05 0.0127726 9.98244E-05 9.98244E-05 0.176947 9.98244E-05 9.98244E-05 9.98244E-05 9.98244E-05 9.98244E-05 9.98244E-05 9.98244E-05 0.0324746 0.0455793 9.98244E-05 9.98244E-05 9.98244E-05 9.98244E-05 9.98244E-05 9.98244E-05 9.98244E-05 9.98244E-05 0.647522 9.98244E-05 9.98244E-05 0.0827086
9.98068E-05 9.98068E-05 9.98068E-05 9.98068E-05 0.101846 9.98068E-05 9.98068E-05 9.98068E-05 0.0974553 9.98068E-05 9.98068E-05 9.98068E-05 9.98068E-05 9.98068E-05 9.98068E-05 9.98068E-05 9.98068E-05 9.98068E-05 9.98068E-05 9.98068E-05 9.98068E-05 9.98068E-05 0.735157 9.98068E-05 9.98068E-05 0.0633463
9.98069E-05 9.98069E-05 9.98069E-05 9.98069E-05 0.157668 9.98069E-05 9.98069E-05 9.98069E-05 9.98069E-05 9.98069E-05 9.98069E-05 9.98069E-05 9.98069E-05 9.98069E-05 0.0118487 9.98069E-05 9.98069E-05 9.98069E-05 9.98069E-05 9.98069E-05 9.98069E-05 0.0499614 0.778326 9.98069E-05 9.98069E-05 9.98069E-05
9.98247E-05 9.98247E-05 9.98247E-05 0.122832 0.576015 9.98247E-05 9.98247E-05 9.98247E-05 9.98247E-05 9.98247E-05 9.98247E-05 9.98247E-05 9.98247E-05 0.109282 9.98247E-05 0.0238146 9.98247E-05 9.98247E-05 9.98247E-05 9.98247E-05 9.98247E-05 0.118243 0.0478163 9.98247E-05 9.98247E-05 9.98247E-05
9.98069E-05 9.98069E-05 9.98069E-05 9.98069E-05 9.98069E-05 9.98069E-05 0.0568831 9.98069E-05 9.98069E-05 9.98069E-05 9.98069E-05 9.98069E-05 9.98069E-05 9.98069E-05 0.00925566 9.98069E-05 9.98069E-05 9.98069E-05 9.98069E-05 9.98069E-05 9.98069E-05 0.0347938 0.896872 9.98069E-05 9.98069E-05 9.98069E-05
9.97894E-05 9.97894E-05 9.97894E-05 9.97894E-05 9.97894E-05 9.97894E-05 9.97894E-05 9.97894E-05 9.97894E-05 9.97894E-05 9.97894E-05 9.97894E-05 9.97894E-05 9.97894E-05 9.97894E-05 9.97894E-05 9.97894E-05 9.97894E-05 9.97894E-05 9.97894E-05 9.97894E-05 0.171612 0.825993 9.97894E-05 9.97894E-05 9.97894E-05
9.98244E-05 0.036134 9.98244E-05 9.98244E-05 9.98244E-05 9.98244E-05 9.98244E-05 9.98244E-05 9.98244E-05 9.98244E-05 9.98244E-05 9.98244E-05 9.98244E-05 0.0445638 9.98244E-05 9.98244E-05 9.98244E-05 9.98244E-05 0.249515 9.98244E-05 9.98244E-05 0.296135 0.346245 0.0254113 9.98244E-05 9.98244E-05
9.97983E-05 9.97983E-05 9.97983E-05 9.97983E-05 9.97983E-05 9.97983E-05 9.97983E-05 9.97983E-05 9.97983E-05 9.97983E-05 9.97983E-05 9.97983E-05 9.97983E-05 0.285991 9.97983E-05 9.97983E-05 9.97983E-05 9.97983E-05 9.97983E-05 9.97983E-05 9.97983E-05 0.174823 0.536891 9.97983E-05 9.97983E-05 9.97983E-05
9.98157E-05 9.98157E-05 9.98157E-05 9.98157E-05 0.288864 9.98157E-05 9.98157E-05 9.98157E-05 0.0236319 9.98157E-05 9.98157E-05 9.98157E-05 9.98157E-05 9.98157E-05 9.98157E-05 0.478432 9.98157E-05 9.98157E-05 0.179985 9.98157E-05 9.98157E-05 0.026992 9.98157E-05 9.98157E-05 9.98157E-05 9.98157E-05
9.98334E-05 9.98334E-05 9.98334E-05 9.98334E-05 0.458387 9.98334E-05 0.093923 9.98334E-05 0.0557242 9.98334E-05 9.98334E-05 9.98334E-05 9.98334E-05 0.0402298 9.98334E-05 0.135117 9.98334E-05 9.98334E-05 0.0876475 9.98334E-05 9.98334E-05 9.98334E-05 0.127075 9.98334E-05 9.98334E-05 9.98334E-05
9.97985E-05 9.97985E-05 9.97985E-05 0.0150005 9.97985E-05 9.97985E-05 9.97985E-05 9.97985E-05 9.97985E-05 9.97985E-05 9.97985E-05 9.97985E-05 9.97985E-05 9.97985E-05 9.97985E-05 0.0832106 9.97985E-05 9.97985E-05 9.97985E-05 9.97985E-05 9.97985E-05 9.97985E-05 0.899494 9.97985E-05 9.97985E-05 9.97985E-05
9.98247E-05 9.98247E-05 9.98247E-05 9.98247E-05 0.253637 9.98247E-05 0.164871 9.98247E-05 9.98247E-05 9.98247E-05 9.98247E-05 9.98247E-05 9.98247E-05 0.2355 9.98247E-05 0.0606627 9.98247E-05 9.98247E-05 9.98247E-05 9.98247E-05 9.98247E-05 0.0849343 0.198399 9.98247E-05 9.98247E-05 9.98247E-05
9.98422E-05 9.98422E-05 9.98422E-05 9.98422E-05 0.285439 9.98422E-05 0.186133 9.98422E-05 9.98422E-05 0.0228365 9.98422E-05 9.98422E-05 0.102514 9.98422E-05 0.0290643 0.0134319 9.98422E-05 9.98422E-05 9.98422E-05 9.98422E-05 9.98422E-05 0.0436641 0.31512 9.98422E-05 9.98422E-05 9.98422E-05
9.98421E-05 9.98421E-05 0.150607 0.0416253 0.319699 9.98421E-05 9.98421E-05 9.98421E-05 0.0182227 9.98421E-05 9.98421E-05 9.98421E-05 9.98421E-05 0.1035 9.98421E-05 9.98421E-05 9.98421E-05 9.98421E-05 9.98421E-05 9.98421E-05 0.00878701 9.98421E-05 0.30576 0.0500025 9.98421E-05 9.98421E-05
9.98508E-05 9.98508E-05 9.98508E-05 9.98508E-05 0.140158 9.98508E-05 0.058669 9.98508E-05 9.98508E-05 9.98508E-05 9.98508E-05 0.000319093 9.98508E-05 0.0310135 9.98508E-05 0.00451116 9.98508E-05 0.0484806 0.261225 9.98508E-05 9.98508E-05 0.0255612 0.428365 9.98508E-05 9.98508E-05 9.98508E-05
9.98422E-05 0.0140035 0.104694 9.98422E-05 0.255569 9.98422E-05 9.98422E-05 9.98422E-05 9.98422E-05 0.00824689 9.98422E-05 9.98422E-05 9.98422E-05 9.98422E-05 9.98422E-05 9.98422E-05 9.98422E-05 9.98422E-05 9.98422E-05 0.114137 9.98422E-05 0.140876 0.323431 9.98422E-05 9.98422E-05 0.0372453
9.97982E-05 9.97982E-05 9.97982E-05 9.97982E-05 0.425113 9.97982E-05 0.0634123 9.97982E-05 9.97982E-05 9.97982E-05 9.97982E-05 9.97982E-05 9.97982E-05 9.97982E-05 9.97982E-05 9.97982E-05 9.97982E-05 9.97982E-05 9.97982E-05 9.97982E-05 9.97982E-05 9.97982E-05 0.509179 9.97982E-05 9.97982E-05 9.97982E-05
9.98684E-05 9.98684E-05 0.0269717 0.00737587 0.121099 9.98684E-05 0.168612 9.98684E-05 9.98684E-05 9.98684E-05 9.98684E-05 0.0266459 9.98684E-05 0.0367544 9.98684E-05 0.0299934 9.98684E-05 0.0859423 9.98684E-05 9.98684E-05 9.98684E-05 0.0939441 0.350514 0.0506491 9.98684E-05 9.98684E-05
9.98421E-05 9.98421E-05 9.98421E-05 0.0148567 0.615426 9.98421E-05 0.0144273 9.98421E-05 9.98421E-05 9.98421E-05 9.98421E-05 9.98421E-05 9.98421E-05 0.112939 9.98421E-05 0.0767953 9.98421E-05 9.98421E-05 0.0989927 9.98421E-05 9.98421E-05 0.0179547 0.0468101 9.98421E-05 9.98421E-05 9.98421E-05
9.98245E-05 9.98245E-05 9.98245E-05 9.98245E-05 0.334841 9.98245E-05 0.0161607 9.98245E-05 9.98245E-05 9.98245E-05 9.98245E-05 9.98245E-05 0.000720825 9.98245E-05 0.0564464 9.98245E-05 9.98245E-05 9.98245E-05 9.98245E-05 9.98245E-05 9.98245E-05 0.0260971 0.563738 9.98245E-05 9.98245E-05 9.98245E-05
9.98245E-05 9.98245E-05 9.98245E-05 9.98245E-05 0.551423 9.98245E-05 9.98245E-05 9.98245E-05 9.98245E-05 0.0245823 9.98245E-05 9.98245E-05 9.98245E-05 0.20482 9.98245E-05 9.98245E-05 9.98245E-05 0.0142814 0.0153587 9.98245E-05 9.98245E-05 0.187538 9.98245E-05 9.98245E-05 9.98245E-05 9.98245E-05
9.98245E-05 0.0591166 0.0302133 9.98245E-05 0.153042 9.98245E-05 9.98245E-05 9.98245E-05 9.98245E-05 9.98245E-05 9.98245E-05 9.98245E-05 9.98245E-05 9.98245E-05 9.98245E-05 0.199931 9.98245E-05 9.98245E-05 9.98245E-05 9.98245E-05 9.98245E-05 0.061786 0.493915 9.98245E-05 9.98245E-05 9.98245E-05
9.98158E-05 9.98158E-05 9.98158E-05 9.98158E-05 0.516252 9.98158E-05 9.98158E-05 9.98158E-05 9.98158E-05 9.98158E-05 9.98158E-05 9.98158E-05 9.98158E-05 0.245035 9.98158E-05 9.98158E-05 0.00881497 0.0533505 9.98158E-05 9.98158E-05 9.98158E-05 0.174452 9.98158E-05 9.98158E-05 9.98158E-05 9.98158E-05
9.9851E-05 9.9851E-05 0.0282624 9.9851E-05 9.9851E-05 9.9851E-05 9.9851E-05 0.0191968 9.9851E-05 0.00283818 9.9851E-05 9.9851E-05 9.9851E-05 0.150328 0.0120039 0.230245 9.9851E-05 9.9851E-05 0.0842169 9.9851E-05 9.9851E-05 0.145358 0.325854 9.9851E-05 9.9851E-05 9.9851E-05
9.9807E-05 9.9807E-05 0.228109 9.9807E-05 0.0247069 9.9807E-05 0.628337 9.9807E-05 9.9807E-05 9.9807E-05 9.9807E-05 9.9807E-05 9.9807E-05 9.9807E-05 9.9807E-05 9.9807E-05 9.9807E-05 9.9807E-05 9.9807E-05 9.9807E-05 9.9807E-05 9.9807E-05 9.9807E-05 9.9807E-05 0.116651 9.9807E-05
9.98067E-05 9.98067E-05 9.98067E-05 9.98067E-05 9.98067E-05 0.0531479 9.98067E-05 9.98067E-05 9.98067E-05 9.98067E-05 9.98067E-05 9.98067E-05 9.98067E-05 0.0607735 9.98067E-05 9.98067E-05 9.98067E-05 9.98067E-05 9.98067E-05 9.98067E-05 9.98067E-05 0.00691241 0.87697 9.98067E-05 9.98067E-05 9.98067E-05
9.9816E-05 9.9816E-05 9.9816E-05 9.9816E-05 0.302984 9.9816E-05 9.9816E-05 9.9816E-05 9.9816E-05 9.9816E-05 9.9816E-05 9.9816E-05 9.9816E-05 0.148691 9.9816E-05 9.9816E-05 9.9816E-05 9.9816E-05 0.0279566 9.9816E-05 9.9816E-05 0.229541 0.288731 9.9816E-05 9.9816E-05 9.9816E-05
9.98334E-05 9.98334E-05 9.98334E-05 9.98334E-05 0.426319 9.98334E-05 0.228138 9.98334E-05 0.0274957 9.98334E-05 9.98334E-05 9.98334E-05 9.98334E-05 0.0973002 9.98334E-05 9.98334E-05 9.98334E-05 0.0402841 9.98334E-05 9.98334E-05 9.98334E-05 9.98334E-05 0.162484 9.98334E-05 9.98334E-05 0.016082
9.98159E-05 9.98159E-05 9.98159E-05 9.98159E-05 9.98159E-05 9.98159E-05 9.98159E-05 9.98159E-05 0.0119625 0.00922526 9.98159E-05 9.98159E-05 9.98159E-05 0.128738 9.98159E-05 0.083646 9.98159E-05 9.98159E-05 9.98159E-05 9.98159E-05 9.98159E-05 9.98159E-05 0.764332 9.98159E-05 9.98159E-05 9.98159E-05
9.97983E-05 9.97983E-05 9.97983E-05 9.97983E-05 9.97983E-05 9.97983E-05 9.97983E-05 9.97983E-05 9.97983E-05 0.0573309 9.97983E-05 9.97983E-05 9.97983E-05 9.97983E-05 9.97983E-05 9.97983E-05 9.97983E-05 0.0132939 9.97983E-05 9.97983E-05 9.97983E-05 9.97983E-05 0.92708 9.97983E-05 9.97983E-05 9.97983E-05
9.98332E-05 9.98332E-05 9.98332E-05 9.98332E-05 0.07882 9.98332E-05 9.98332E-05 9.98332E-05 0.00883247 9.98332E-05 9.98332E-05 9.98332E-05 9.98332E-05 0.112337 9.98332E-05 9.98332E-05 9.98332E-05 0.118751 9.98332E-05 9.98332E-05 9.98332E-05 0.271953 0.299617 9.98332E-05 9.98332E-05 0.107793
9.97981E-05 9.97981E-05 9.97981E-05 9.97981E-05 9.97981E-05 9.97981E-05 9.97981E-05 9.97981E-05 9.97981E-05 9.97981E-05 9.97981E-05 0.0421708 9.97981E-05 9.97981E-05 9.97981E-05 9.97981E-05 9.97981E-05 9.97981E-05 9.97981E-05 0.0526411 9.97981E-05 9.97981E-05 0.902893 9.97981E-05 9.97981E-05 9.97981E-05
9.97809E-05 9.97809E-05 9.97809E-05 9.97809E-05 9.97809E-05 9.97809E-05 9.97809E-05 9.97809E-05 9.97809E-05 9.97809E-05 9.97809E-05 9.97809E-05 9.97809E-05 9.97809E-05 9.97809E-05 9.97809E-05 9.97809E-05 9.97809E-05 9.97809E-05 9.97809E-05 9.97809E-05 9.97809E-05 0.997505 9.97809E-05 9.97809E-05 9.97809E-05
9.98419E-05 9.98419E-05 9.98419E-05 0.0348442 0.329933 9.98419E-05 9.98419E-05 9.98419E-05 0.0118304 0.00509509 9.98419E-05 9.98419E-05 9.98419E-05 9.98419E-05 0.0213845 0.200644 9.98419E-05 9.98419E-05 9.98419E-05 9.98419E-05 9.98419E-05 9.98419E-05 0.26724 0.127232 9.98419E-05 9.98419E-05
9.98156E-05 9.98156E-05 9.98156E-05 9.98156E-05 0.00149838 9.98156E-05 9.98156E-05 9.98156E-05 9.98156E-05 9.98156E-05 9.98156E-05 9.98156E-05 9.98156E-05 0.190333 0.0289847 9.98156E-05 9.98156E-05 9.98156E-05 9.98156E-05 9.98156E-05 9.98156E-05 0.0510452 0.726043 9.98156E-05 9.98156E-05 9.98156E-05
9.98158E-05 9.98158E-05 9.98158E-05 0.0233616 0.231951 9.98158E-05 0.209301 9.98158E-05 9.98158E-05 9.98158E-05 9.98158E-05 9.98158E-05 9.98158E-05 9.98158E-05 9.98158E-05 0.477235 9.98158E-05 9.98158E-05 9.98158E-05 9.98158E-05 9.98158E-05 0.0560544 9.98158E-05 9.98158E-05 9.98158E-05 9.98158E-05
9.98334E-05 9.98334E-05 0.00307855 9.98334E-05 0.443536 9.98334E-05 0.494541 9.98334E-05 0.0245888 9.98334E-05 9.98334E-05 9.98334E-05 0.0142734 0.00903326 0.00905232 9.98334E-05 9.98334E-05 9.98334E-05 9.98334E-05 9.98334E-05 9.98334E-05 9.98334E-05 9.98334E-05 9.98334E-05 9.98334E-05 9.98334E-05
9.97895E-05 9.97895E-05 9.97895E-05 9.97895E-05 9.97895E-05 9.97895E-05 0.662808 9.97895E-05 9.97895E-05 9.97895E-05 9.97895E-05 9.97895E-05 9.97895E-05 9.97895E-05 9.97895E-05 9.97895E-05 9.97895E-05 9.97895E-05 9.97895E-05 9.97895E-05 9.97895E-05 9.97895E-05 0.334797 9.97895E-05 9.97895E-05 9.97895E-05
9.9807E-05 9.9807E-05 9.9807E-05 9.9807E-05 0.0559419 9.9807E-05 9.9807E-05 9.9807E-05 9.9807E-05 9.9807E-05 9.9807E-05 9.9807E-05 9.9807E-05 9.9807E-05 9.9807E-05 0.760444 9.9807E-05 0.0497556 9.9807E-05 9.9807E-05 9.9807E-05 9.9807E-05 0.131663 9.9807E-05 9.9807E-05 9.9807E-05
9.98244E-05 9.98244E-05 9.98244E-05 9.98244E-05 0.226985 9.98244E-05 9.98244E-05 9.98244E-05 9.98244E-05 9.98244E-05 9.98244E-05 9.98244E-05 9.98244E-05 0.298257 9.98244E-05 9.98244E-05 9.98244E-05 9.98244E-05 0.0851303 9.98244E-05 9.98244E-05 0.0860915 0.29484 9.98244E-05 9.98244E-05 0.00670015
9.98159E-05 9.98159E-05 9.98159E-05 9.98159E-05 0.375537 9.98159E-05 9.98159E-05 9.98159E-05 9.98159E-05 9.98159E-05 9.98159E-05 0.107396 9.98159E-05 9.98159E-05 9.98159E-05 9.98159E-05 9.98159E-05 9.98159E-05 9.98159E-05 9.98159E-05 9.98159E-05 0.107265 0.394838 0.0128675 9.98159E-05 9.98159E-05
9.98334E-05 9.98334E-05 0.245976 9.98334E-05 0.0232044 9.98334E-05 9.98334E-05 9.98334E-05 9.98334E-05 9.98334E-05 9.98334E-05 9.98334E-05 9.98334E-05 0.0616394 9.98334E-05 0.505376 9.98334E-05 0.0146232 9.98334E-05 9.98334E-05 9.98334E-05 0.142076 9.98334E-05 9.98334E-05 9.98334E-05 0.00520723
9.97896E-05 9.97896E-05 9.97896E-05 9.97896E-05 9.97896E-05 9.97896E-05 9.97896E-05 9.97896E-05 9.97896E-05 9.97896E-05 9.97896E-05 9.97896E-05 9.97896E-05 9.97896E-05 9.97896E-05 0.65324 9.97896E-05 9.97896E-05 9.97896E-05 9.97896E-05 9.97896E-05 9.97896E-05 0.344365 9.97896E-05 9.97896E-05 9.97896E-05
9.98595E-05 9.98595E-05 9.98595E-05 9.98595E-05 0.151885 9.98595E-05 9.98595E-05 9.98595E-05 9.98595E-05 0.0129687 9.98595E-05 0.00211596 0.0242064 9.98595E-05 9.98595E-05 9.98595E-05 9.98595E-05 0.0426375 0.125871 0.0470578 0.0520583 0.144755 0.394847 9.98595E-05 9.98595E-05 9.98595E-05
