0.827363 9.99649E-05 9.99649E-05 9.99649E-05 9.99649E-05 0.172237
0.894538 9.99737E-05 9.99737E-05 0.0168595 9.99737E-05 0.0883025
0.867597 0.098349 9.99737E-05 9.99737E-05 0.0337539 9.99737E-05
0.390725 0.368833 0.0331585 0.0728514 0.0704791 0.0639527
0.800451 0.19915 9.9965E-05 9.9965E-05 9.9965E-05 9.9965E-05
0.349311 0.275197 0.201646 9.99912E-05 0.150662 0.0230837
0.486575 0.419776 9.99737E-05 9.99737E-05 9.99737E-05 0.0933498
0.259259 0.472241 0.221156 9.99825E-05 9.99825E-05 0.0471449
0.550061 9.99737E-05 0.277459 0.17218 9.99737E-05 9.99737E-05
0.9995 9.996E-05 9.996E-05 9.996E-05 9.996E-05 9.996E-05
0.785126 9.99737E-05 9.99737E-05 0.0151047 9.99737E-05 0.199469
0.784878 0.214722 9.9965E-05 9.9965E-05 9.9965E-05 9.9965E-05
0.999233 0.000367075 9.9965E-05 9.9965E-05 9.9965E-05 9.9965E-05
0.725301 9.99738E-05 9.99738E-05 9.99738E-05 0.206357 0.0680424
0.539138 0.0875853 0.135755 0.0369644 0.200457 9.99912E-05
0.459598 0.339348 0.200754 9.99737E-05 9.99737E-05 9.99737E-05
0.795839 0.0739209 9.99825E-05 9.99825E-05 0.0679439 0.0620966
0.553065 9.99825E-05 0.0594964 0.161132 9.99825E-05 0.226107
0.606619 0.0526772 0.191138 0.0737476 9.99912E-05 0.0757183
0.968211 9.9965E-05 9.9965E-05 0.0313887 9.9965E-05 9.9965E-05
0.554557 0.310784 0.0723885 9.99825E-05 9.99825E-05 0.0620704
0.392424 0.378326 0.201444 9.99912E-05 0.0118809 0.0158251
0.947359 9.9965E-05 9.9965E-05 9.9965E-05 9.9965E-05 0.0522413
0.822864 0.176737 9.99649E-05 9.99649E-05 9.99649E-05 9.99649E-05
0.549373 0.1382 0.0305839 0.157813 0.123931 9.99912E-05
0.801978 0.190676 9.99737E-05 9.99737E-05 9.99737E-05 0.00704568
0.325311 0.262062 0.0175153 0.0322334 0.276835 0.0860435
0.849156 0.127999 9.99738E-05 9.99738E-05 0.0225443 9.99738E-05
0.93161 9.99737E-05 9.99737E-05 0.00708511 9.99737E-05 0.061005
0.888146 9.9965E-05 9.9965E-05 9.9965E-05 0.111454 9.9965E-05
0.817328 9.9965E-05 9.9965E-05 9.9965E-05 9.9965E-05 0.182272
0.568734 0.181107 9.99825E-05 9.99825E-05 0.222351 0.0276074
0.762752 0.0718114 9.99825E-05 9.99825E-05 0.0443485 0.120888
0.5471 0.197712 9.99825E-05 9.99825E-05 0.20856 0.0464278
0.957834 9.9965E-05 9.9965E-05 9.9965E-05 9.9965E-05 0.0417657
0.797904 0.152462 9.99737E-05 9.99737E-05 9.99737E-05 0.049334
0.85432 0.129426 9.99738E-05 9.99738E-05 9.99738E-05 0.015954
0.807642 9.99737E-05 0.146165 0.0458929 9.99737E-05 9.99737E-05
0.607055 0.184518 0.0508073 9.99825E-05 0.157419 9.99825E-05
0.621879 0.153783 9.99737E-05 9.99737E-05 0.224038 9.99737E-05
0.816045 0.183555 9.9965E-05 9.9965E-05 9.9965E-05 9.9965E-05
0.93138 0.0493255 0.0189949 9.99737E-05 9.99737E-05 9.99737E-05
0.803097 0.0829725 9.99738E-05 9.99738E-05 0.113631 9.99738E-05
0.752028 0.0429911 0.0397915 9.99912E-05 0.029422 0.135668
0.604774 0.272205 9.99737E-05 0.122721 9.99737E-05 9.99737E-05
0.920918 0.0278157 9.99737E-05 0.0509661 9.99737E-05 9.99737E-05
0.910131 9.9965E-05 9.9965E-05 9.9965E-05 9.9965E-05 0.089469
0.911213 0.0635638 9.99738E-05 9.99738E-05 9.99738E-05 0.0249228
0.896777 0.0685944 9.99737E-05 9.99737E-05 9.99737E-05 0.0343285
0.775953 0.103287 9.99738E-05 9.99738E-05 9.99738E-05 0.12046
0.458528 0.147532 0.00618792 9.99912E-05 0.275559 0.112093
0.628512 0.349309 9.99737E-05 0.0218794 9.99737E-05 9.99737E-05
0.987685 0.0119151 9.9965E-05 9.9965E-05 9.9965E-05 9.9965E-05
0.628984 0.223919 9.99825E-05 0.0385043 9.99825E-05 0.108393
0.865604 0.124553 9.99737E-05 9.99737E-05 9.99737E-05 0.00954317
0.640724 0.136059 9.99825E-05 0.0210382 0.201979 9.99825E-05
0.75519 0.0977593 9.99737E-05 9.99737E-05 9.99737E-05 0.146751
0.864075 9.9965E-05 9.9965E-05 9.9965E-05 9.9965E-05 0.135525
0.922273 0.0282696 9.99737E-05 9.99737E-05 9.99737E-05 0.0491575
0.664882 9.99824E-05 0.119408 9.99824E-05 0.0555215 0.159989
0.654475 0.32544 9.99737E-05 9.99737E-05 9.99737E-05 0.0197843
0.652228 0.0421313 0.0234815 9.99912E-05 0.0647998 0.217259
0.26022 9.99825E-05 0.310194 9.99825E-05 0.287291 0.142095
0.504264 0.171038 0.159475 0.0343186 9.99912E-05 0.130805
0.629334 9.99736E-05 0.192823 9.99736E-05 9.99736E-05 0.177543
0.538591 0.0864087 0.175024 9.99824E-05 9.99824E-05 0.199776
0.406607 0.0965347 0.214451 9.99912E-05 0.132768 0.149539
0.636532 0.0457164 0.0539712 9.99912E-05 0.0624125 0.201268
0.704775 0.0620494 0.0515759 9.99825E-05 9.99825E-05 0.181399
0.596791 9.99824E-05 0.126628 0.0361761 9.99824E-05 0.240205
0.415425 0.301805 0.104753 9.99824E-05 9.99824E-05 0.177817
0.181573 0.252702 0.288922 9.99912E-05 0.0268144 0.249889
0.677932 0.22223 0.0995379 9.99736E-05 9.99736E-05 9.99736E-05
0.64678 0.0678927 0.00295977 9.99912E-05 0.212669 0.0695988
0.637615 0.0478421 0.137957 9.99912E-05 0.0863099 0.0901762
0.442572 0.21261 0.0557743 9.99912E-05 0.13296 0.155984
0.427769 0.099338 0.148683 9.99824E-05 9.99824E-05 0.32401
0.686647 0.00768748 0.0165347 9.99824E-05 9.99824E-05 0.288931
0.585432 0.107879 0.0536695 9.99912E-05 0.0145058 0.238414
0.761066 0.119925 9.99825E-05 9.99825E-05 0.0929072 0.0259018
0.641466 0.036847 0.104637 9.99824E-05 9.99824E-05 0.21685
0.584343 9.99825E-05 0.0262088 9.99825E-05 0.307173 0.0820747
0.358064 0.31986 0.0799993 9.99912E-05 0.092904 0.149074
0.736281 0.0364454 0.00731198 9.99824E-05 9.99824E-05 0.219762
0.783232 0.0101569 0.131755 0.0104944 0.0103182 0.0540435
0.710451 0.213174 9.99825E-05 9.99825E-05 0.0159789 0.060196
0.823737 0.102474 0.0361541 9.99825E-05 9.99825E-05 0.0374352
0.7331 0.0305014 9.99737E-05 9.99737E-05 9.99737E-05 0.236099
0.675805 0.00246143 0.12768 9.99825E-05 0.193854 9.99825E-05
9.99648E-05 9.99648E-05 0.151606 9.99648E-05 0.847994 9.99648E-05
9.996E-05 9.996E-05 9.996E-05 9.996E-05 0.9995 9.996E-05
9.99648E-05 9.99648E-05 9.99648E-05 9.99648E-05 0.89077 0.10883
9.99824E-05 9.99824E-05 0.110924 0.0464375 0.792782 0.0496563
9.99824E-05 9.99824E-05 0.153477 0.0312902 0.80534 0.00969266
9.99649E-05 9.99649E-05 0.239901 9.99649E-05 0.7597 9.99649E-05
9.99736E-05 9.99736E-05 0.12272 9.99736E-05 0.815693 0.0612873
9.99736E-05 9.99736E-05 0.266141 0.0148506 0.718708 9.99736E-05
0.0445516 0.00499592 0.547206 9.99912E-05 0.374858 0.0282881
0.092509 9.99736E-05 0.266751 9.99736E-05 0.64044 9.99736E-05
0.0541377 9.99737E-05 0.087323 9.99737E-05 0.858239 9.99737E-05
9.99737E-05 9.99737E-05 0.0248777 0.00296641 0.971856 9.99737E-05
9.99649E-05 9.99649E-05 0.108053 9.99649E-05 0.891547 9.99649E-05
0.0934705 9.99824E-05 0.199672 9.99824E-05 0.686921 0.0197367
9.99912E-05 0.118528 0.0108449 0.00412036 0.762459 0.103948
9.99912E-05 0.064486 0.090952 0.0277782 0.767709 0.0489746
9.99824E-05 9.99824E-05 0.0693367 0.0476562 0.867725 0.0150821
9.99737E-05 0.0701934 0.26484 9.99737E-05 0.664667 9.99737E-05
9.99649E-05 9.99649E-05 0.0370658 9.99649E-05 0.962534 9.99649E-05
9.99737E-05 9.99737E-05 0.142382 0.0983064 0.759012 9.99737E-05
9.99736E-05 0.050896 0.135348 9.99736E-05 0.813456 9.99736E-05
9.99736E-05 9.99736E-05 0.0492948 9.99736E-05 0.93019 0.0202157
9.99736E-05 9.99736E-05 0.366918 0.137772 0.49501 9.99736E-05
9.99649E-05 9.99649E-05 0.18739 9.99649E-05 0.81221 9.99649E-05
0.0143867 0.00371103 0.316234 0.152756 0.512813 9.99912E-05
0.0207178 9.99737E-05 0.160257 9.99737E-05 0.818726 9.99737E-05
9.9965E-05 9.9965E-05 9.9965E-05 0.0536398 0.94596 9.9965E-05
9.99736E-05 9.99736E-05 0.155865 0.0628188 0.781017 9.99736E-05
9.99736E-05 9.99736E-05 0.374221 0.00132791 0.624151 9.99736E-05
9.99824E-05 9.99824E-05 0.0250383 0.0599772 0.860629 0.0541551
0.0191137 0.0285629 0.100563 0.0374367 0.814224 9.99912E-05
9.99736E-05 9.99736E-05 9.99736E-05 0.0522452 0.931812 0.0156433
9.99824E-05 9.99824E-05 0.330589 0.253606 0.410297 0.00530717
9.99736E-05 9.99736E-05 0.106675 0.0661941 0.826831 9.99736E-05
9.996E-05 9.996E-05 9.996E-05 9.996E-05 0.9995 9.996E-05
9.99824E-05 0.0835086 0.0894711 0.00806706 0.818753 9.99824E-05
9.99736E-05 9.99736E-05 0.197616 9.99736E-05 0.665013 0.137071
9.99649E-05 9.99649E-05 0.0450275 9.99649E-05 0.954573 9.99649E-05
9.99649E-05 9.99649E-05 0.065136 9.99649E-05 0.934464 9.99649E-05
9.996E-05 9.996E-05 9.996E-05 9.996E-05 0.9995 9.996E-05
9.9965E-05 9.9965E-05 9.9965E-05 0.0337257 0.965874 9.9965E-05
0.155173 9.99824E-05 0.237272 0.0110006 0.596355 9.99824E-05
9.99736E-05 0.0466102 0.192148 9.99736E-05 0.760942 9.99736E-05
9.99649E-05 9.99649E-05 0.0876 9.99649E-05 0.912 9.99649E-05
9.996E-05 9.996E-05 9.996E-05 9.996E-05 0.9995 9.996E-05
9.99824E-05 9.99824E-05 0.3844 0.193014 0.401782 0.020604
9.99737E-05 9.99737E-05 0.0274807 9.99737E-05 0.893042 0.0791773
9.99912E-05 0.0987539 0.231183 0.0316221 0.590097 0.048244
0.144008 9.99912E-05 0.37067 0.0757464 0.391852 0.0176243
9.996E-05 9.996E-05 9.996E-05 9.996E-05 0.9995 9.996E-05
9.99824E-05 0.242315 0.0124021 0.0219565 0.723126 9.99824E-05
9.99649E-05 9.99649E-05 0.0897454 9.99649E-05 0.909855 9.99649E-05
9.99737E-05 9.99737E-05 0.105571 9.99737E-05 0.867384 0.0267449
9.99736E-05 0.0448862 0.15317 9.99736E-05 0.801644 9.99736E-05
9.99736E-05 9.99736E-05 9.99736E-05 0.030076 0.864544 0.10508
0.0646255 9.99824E-05 0.341862 0.0115414 0.581771 9.99824E-05
9.99648E-05 9.99648E-05 0.189069 9.99648E-05 0.810532 9.99648E-05
9.99912E-05 0.016558 0.0971448 0.022377 0.83661 0.0272098
9.99649E-05 9.99649E-05 9.99649E-05 0.175083 0.824517 9.99649E-05
9.99649E-05 9.99649E-05 0.218325 9.99649E-05 0.781275 9.99649E-05
0.838069 9.99735E-05 0.0619983 0.0996326 9.99735E-05 9.99735E-05
9.996E-05 9.996E-05 0.9995 9.996E-05 9.996E-05 9.996E-05
0.958931 9.99735E-05 0.031633 0.00913558 9.99735E-05 9.99735E-05
9.996E-05 9.996E-05 0.9995 9.996E-05 9.996E-05 9.996E-05
9.996E-05 9.996E-05 0.9995 9.996E-05 9.996E-05 9.996E-05
9.996E-05 9.996E-05 0.9995 9.996E-05 9.996E-05 9.996E-05
0.905862 9.99735E-05 0.0549566 0.0388813 9.99735E-05 9.99735E-05
9.996E-05 9.996E-05 0.9995 9.996E-05 9.996E-05 9.996E-05
9.996E-05 9.996E-05 0.9995 9.996E-05 9.996E-05 9.996E-05
0.895071 9.99735E-05 0.0671234 0.0375053 9.99735E-05 9.99735E-05
0.889879 9.99736E-05 0.0771816 0.0326396 9.99736E-05 9.99736E-05
0.978459 9.99647E-05 9.99647E-05 0.021141 9.99647E-05 9.99647E-05
9.996E-05 9.996E-05 0.9995 9.996E-05 9.996E-05 9.996E-05
9.996E-05 9.996E-05 0.9995 9.996E-05 9.996E-05 9.996E-05
0.768989 9.99735E-05 0.0657485 0.164962 9.99735E-05 9.99735E-05
0.954401 9.99647E-05 0.0451993 9.99647E-05 9.99647E-05 9.99647E-05
9.99824E-05 0.223123 0.144968 0.0924608 0.539248 9.99824E-05
0.756104 9.99736E-05 0.070478 0.173118 9.99736E-05 9.99736E-05
9.996E-05 9.996E-05 0.9995 9.996E-05 9.996E-05 9.996E-05
0.921544 9.99647E-05 9.99647E-05 0.0780566 9.99647E-05 9.99647E-05
0.88238 9.99647E-05 0.11722 9.99647E-05 9.99647E-05 9.99647E-05
0.935949 9.99735E-05 0.0459364 0.0178145 9.99735E-05 9.99735E-05
9.996E-05 9.996E-05 0.9995 9.996E-05 9.996E-05 9.996E-05
0.911488 9.99647E-05 0.0881117 9.99647E-05 9.99647E-05 9.99647E-05
9.996E-05 9.996E-05 0.9995 9.996E-05 9.996E-05 9.996E-05
0.864154 9.99735E-05 0.0845364 0.0510096 9.99735E-05 9.99735E-05
0.978459 9.99647E-05 9.99647E-05 0.021141 9.99647E-05 9.99647E-05
9.996E-05 9.996E-05 0.9995 9.996E-05 9.996E-05 9.996E-05
9.996E-05 9.996E-05 0.9995 9.996E-05 9.996E-05 9.996E-05
9.996E-05 9.996E-05 0.9995 9.996E-05 9.996E-05 9.996E-05
0.907641 9.99735E-05 0.0194411 0.0726182 9.99735E-05 9.99735E-05
0.946229 9.99647E-05 9.99647E-05 0.0533711 9.99647E-05 9.99647E-05
0.917334 9.99735E-05 0.0524425 0.0299236 9.99735E-05 9.99735E-05
0.890761 9.99647E-05 0.108839 9.99647E-05 9.99647E-05 9.99647E-05
0.857244 9.99647E-05 0.142356 9.99647E-05 9.99647E-05 9.99647E-05
9.996E-05 9.996E-05 0.9995 9.996E-05 9.996E-05 9.996E-05
9.996E-05 9.996E-05 0.9995 9.996E-05 9.996E-05 9.996E-05
9.996E-05 9.996E-05 0.9995 9.996E-05 9.996E-05 9.996E-05
0.868825 9.99735E-05 0.102663 0.0282129 9.99735E-05 9.99735E-05
9.996E-05 9.996E-05 0.9995 9.996E-05 9.996E-05 9.996E-05
9.996E-05 9.996E-05 0.9995 9.996E-05 9.996E-05 9.996E-05
9.996E-05 9.996E-05 0.9995 9.996E-05 9.996E-05 9.996E-05
9.996E-05 9.996E-05 0.9995 9.996E-05 9.996E-05 9.996E-05
0.942021 9.99647E-05 0.0575794 9.99647E-05 9.99647E-05 9.99647E-05
9.996E-05 9.996E-05 0.9995 9.996E-05 9.996E-05 9.996E-05
9.996E-05 9.996E-05 0.9995 9.996E-05 9.996E-05 9.996E-05
9.99824E-05 0.228947 0.112268 0.0903012 0.568285 9.99824E-05
0.910626 9.99735E-05 0.0168445 0.0722291 9.99735E-05 9.99735E-05
9.996E-05 9.996E-05 0.9995 9.996E-05 9.996E-05 9.996E-05
9.996E-05 9.996E-05 0.9995 9.996E-05 9.996E-05 9.996E-05
9.996E-05 9.996E-05 0.9995 9.996E-05 9.996E-05 9.996E-05
9.996E-05 9.996E-05 0.9995 9.996E-05 9.996E-05 9.996E-05
0.882513 9.99824E-05 0.0466165 0.0524957 9.99824E-05 0.0181744
9.996E-05 9.996E-05 0.9995 9.996E-05 9.996E-05 9.996E-05
0.976588 9.99735E-05 0.0219768 0.00113521 9.99735E-05 9.99735E-05
9.996E-05 9.996E-05 0.9995 9.996E-05 9.996E-05 9.996E-05
0.978572 9.99735E-05 0.020702 0.000425928 9.99735E-05 9.99735E-05
9.996E-05 9.996E-05 0.9995 9.996E-05 9.996E-05 9.996E-05
9.996E-05 9.996E-05 0.9995 9.996E-05 9.996E-05 9.996E-05
9.996E-05 9.996E-05 0.9995 9.996E-05 9.996E-05 9.996E-05
9.996E-05 9.996E-05 0.9995 9.996E-05 9.996E-05 9.996E-05
9.996E-05 9.996E-05 0.9995 9.996E-05 9.996E-05 9.996E-05
9.996E-05 9.996E-05 0.9995 9.996E-05 9.996E-05 9.996E-05
0.952594 9.99735E-05 0.0369327 0.0101729 9.99735E-05 9.99735E-05
0.942568 9.99736E-05 0.0146079 0.042524 9.99736E-05 9.99736E-05
0.937331 9.99735E-05 0.00183555 0.0605334 9.99735E-05 9.99735E-05
9.996E-05 9.996E-05 0.9995 9.996E-05 9.996E-05 9.996E-05
0.885376 9.99736E-05 0.0166665 0.0976572 9.99736E-05 9.99736E-05
0.942799 9.99735E-05 0.0221177 0.0347831 9.99735E-05 9.99735E-05
0.881276 9.99647E-05 0.118324 9.99647E-05 9.99647E-05 9.99647E-05
9.996E-05 9.996E-05 0.9995 9.996E-05 9.996E-05 9.996E-05
9.996E-05 9.996E-05 0.9995 9.996E-05 9.996E-05 9.996E-05
9.996E-05 9.996E-05 0.9995 9.996E-05 9.996E-05 9.996E-05
0.978028 9.99735E-05 0.0191006 0.00257152 9.99735E-05 9.99735E-05
9.996E-05 9.996E-05 0.9995 9.996E-05 9.996E-05 9.996E-05
9.996E-05 9.996E-05 0.9995 9.996E-05 9.996E-05 9.996E-05
0.929409 9.99735E-05 0.0514229 0.0188684 9.99735E-05 9.99735E-05
9.996E-05 9.996E-05 0.9995 9.996E-05 9.996E-05 9.996E-05
9.996E-05 9.996E-05 0.9995 9.996E-05 9.996E-05 9.996E-05
0.0042298 0.0265012 0.190895 0.122944 0.460005 0.195426
0.963485 9.99647E-05 0.0361152 9.99647E-05 9.99647E-05 9.99647E-05
9.996E-05 9.996E-05 0.9995 9.996E-05 9.996E-05 9.996E-05
9.99824E-05 0.00431014 0.431558 9.99824E-05 0.485254 0.0786781
9.99824E-05 0.104421 0.336852 0.0370366 0.52149 9.99824E-05
9.99736E-05 9.99736E-05 0.273498 0.0202857 0.705917 9.99736E-05
9.99736E-05 0.0992197 9.99736E-05 0.0563991 0.844081 9.99736E-05
0.049943 9.99824E-05 0.395514 0.0240701 0.530273 9.99824E-05
9.9965E-05 9.9965E-05 0.0616192 9.9965E-05 0.937981 9.9965E-05
0.126478 0.0802204 0.353877 0.0301895 0.409135 9.99912E-05
9.99824E-05 9.99824E-05 0.138757 0.0991677 0.672051 0.0898244
9.99649E-05 9.99649E-05 0.213435 9.99649E-05 0.786165 9.99649E-05
9.99736E-05 0.282131 0.0205514 9.99736E-05 0.697017 9.99736E-05
9.99737E-05 9.99737E-05 0.0919718 9.99737E-05 0.850224 0.0575043
9.99648E-05 9.99648E-05 0.492011 9.99648E-05 0.507589 9.99648E-05
0.0668121 0.213934 0.235441 9.99824E-05 0.483613 9.99824E-05
9.99824E-05 9.99824E-05 0.0897281 0.0590135 0.835322 0.0157365
9.99824E-05 9.99824E-05 0.163752 0.0246783 0.806235 0.00513507
0.057117 0.0810882 0.370654 9.99912E-05 0.483147 0.00789382
9.99737E-05 9.99737E-05 0.142896 0.0727228 0.784082 9.99737E-05
0.111449 0.0264627 0.130176 0.0863701 0.522309 0.123234
9.99824E-05 9.99824E-05 0.167981 0.0989723 0.725615 0.0072318
9.99736E-05 0.0905715 0.190139 9.99736E-05 0.718989 9.99736E-05
9.99824E-05 9.99824E-05 0.161036 0.0589003 0.763301 0.0165633
9.99736E-05 0.0539122 0.248945 9.99736E-05 0.696843 9.99736E-05
9.99912E-05 0.0480298 0.17395 0.050466 0.636871 0.0905835
9.99736E-05 9.99736E-05 0.178692 9.99736E-05 0.814709 0.00629906
9.99824E-05 9.99824E-05 0.071587 0.0108387 0.830133 0.0872415
9.996E-05 9.996E-05 9.996E-05 9.996E-05 0.9995 9.996E-05
9.99824E-05 0.0832361 0.0739658 0.0324756 0.810123 9.99824E-05
0.0692404 0.0153315 0.324777 0.0549934 0.535557 9.99912E-05
9.99824E-05 0.0535763 9.99824E-05 0.0133554 0.777263 0.155606
9.99824E-05 9.99824E-05 0.173427 0.0950214 0.662041 0.0693102
9.99736E-05 0.173832 0.415408 9.99736E-05 0.41046 9.99736E-05
9.99824E-05 0.0270298 0.2885 9.99824E-05 0.639807 0.044463
9.99824E-05 0.011343 0.310137 0.0516748 0.626646 9.99824E-05
9.99912E-05 0.0529515 0.24256 0.0236757 0.606789 0.0739233
9.99824E-05 0.142419 0.094872 9.99824E-05 0.654707 0.107802
9.99824E-05 0.10657 0.0598222 0.0338072 0.7996 9.99824E-05
9.996E-05 9.996E-05 9.996E-05 9.996E-05 0.9995 9.996E-05
0.0472254 0.0899937 0.00634364 9.99912E-05 0.698666 0.157671
9.99824E-05 9.99824E-05 0.0173891 0.0943269 0.851053 0.0370315
9.99824E-05 0.220675 0.226721 0.019007 0.533397 9.99824E-05
9.99736E-05 9.99736E-05 0.131229 0.0470059 0.821465 9.99736E-05
9.99824E-05 0.0993241 0.0824688 0.0453128 0.772694 9.99824E-05
9.99824E-05 0.109976 0.228775 0.027308 0.633741 9.99824E-05
9.99736E-05 9.99736E-05 0.513281 9.99736E-05 0.459005 0.0274134
0.0724408 9.99824E-05 0.462489 9.99824E-05 0.42962 0.0352504
9.99824E-05 9.99824E-05 0.19044 0.000313341 0.792232 0.0168144
9.996E-05 9.996E-05 9.996E-05 9.996E-05 0.9995 9.996E-05
9.99736E-05 9.99736E-05 0.235786 0.0542534 0.709661 9.99736E-05
9.99649E-05 9.99649E-05 0.00483345 9.99649E-05 0.994767 9.99649E-05
0.0451188 0.216033 0.312741 9.99824E-05 0.425907 9.99824E-05
9.996E-05 9.996E-05 9.996E-05 9.996E-05 0.9995 9.996E-05
0.076173 9.99824E-05 0.00217113 9.99824E-05 0.873681 0.0477753
0.18399 0.159739 0.0477615 9.99824E-05 0.60831 9.99824E-05
9.99648E-05 9.99648E-05 0.257668 9.99648E-05 0.741932 9.99648E-05
9.99736E-05 0.320263 0.0618649 9.99736E-05 0.617573 9.99736E-05
9.99649E-05 9.99649E-05 0.344978 9.99649E-05 0.654622 9.99649E-05
0.0780138 9.9965E-05 9.9965E-05 9.9965E-05 0.921586 9.9965E-05
9.99649E-05 9.99649E-05 0.23916 9.99649E-05 0.760441 9.99649E-05
9.99737E-05 9.99737E-05 0.207194 0.0688482 0.723657 9.99737E-05
0.0494447 9.99824E-05 0.291378 9.99824E-05 0.591005 0.0679725
9.996E-05 9.996E-05 9.996E-05 9.996E-05 0.9995 9.996E-05
9.99649E-05 9.99649E-05 0.105245 9.99649E-05 0.894356 9.99649E-05
0.0355966 9.9965E-05 9.9965E-05 9.9965E-05 0.964004 9.9965E-05
9.99736E-05 9.99736E-05 0.110695 9.99736E-05 0.856672 0.0323334
9.99736E-05 9.99736E-05 0.1789 0.0761773 0.744623 9.99736E-05
9.99824E-05 0.0795681 0.212414 9.99824E-05 0.684272 0.0235467
9.9965E-05 9.9965E-05 0.00101094 9.9965E-05 0.998589 9.9965E-05
9.99824E-05 9.99824E-05 0.292169 0.0306762 0.640096 0.036859
0.00389848 9.99912E-05 0.0281455 0.0886691 0.852457 0.0267295
9.99649E-05 9.99649E-05 0.0264479 9.99649E-05 0.973152 9.99649E-05
0.099215 9.99824E-05 0.127727 0.0329986 0.739859 9.99824E-05
0.106809 9.99737E-05 9.99737E-05 0.00497299 0.887919 9.99737E-05
0.0191894 9.99736E-05 0.314546 9.99736E-05 0.665965 9.99736E-05
9.99824E-05 0.02309 9.99824E-05 0.0358467 0.745492 0.195371
9.99649E-05 9.99649E-05 0.127659 9.99649E-05 0.871941 9.99649E-05
9.99649E-05 9.99649E-05 0.233135 9.99649E-05 0.766465 9.99649E-05
0.0166679 9.9965E-05 9.9965E-05 9.9965E-05 0.982932 9.9965E-05
9.99648E-05 0.126384 9.99648E-05 9.99648E-05 0.873216 9.99648E-05
9.9965E-05 9.9965E-05 0.0113746 9.9965E-05 0.988225 9.9965E-05
9.99648E-05 9.99648E-05 0.401508 9.99648E-05 0.598092 9.99648E-05
9.99824E-05 0.068795 0.222152 0.0158339 0.693019 9.99824E-05
9.99912E-05 0.010588 0.284777 0.0624492 0.5411 0.100986
9.996E-05 9.996E-05 9.996E-05 9.996E-05 0.9995 9.996E-05
9.99649E-05 9.99649E-05 0.243601 9.99649E-05 0.755999 9.99649E-05
9.99736E-05 9.99736E-05 0.227167 0.161369 0.611164 9.99736E-05
9.99649E-05 9.99649E-05 0.0134356 9.99649E-05 0.986165 9.99649E-05
9.99736E-05 9.99736E-05 0.038782 9.99736E-05 0.769863 0.191055
9.99736E-05 9.99736E-05 0.367028 9.99736E-05 0.561354 0.0713181
0.121135 0.0120395 0.184292 9.99912E-05 0.655058 0.0273743
9.99736E-05 9.99736E-05 0.213635 0.0791642 0.706901 9.99736E-05
0.121616 0.00398422 0.112868 0.164045 0.57522 0.0222657
0.13407 9.99824E-05 0.181354 9.99824E-05 0.581935 0.102441
0.160071 9.99737E-05 0.347375 9.99737E-05 0.492254 9.99737E-05
9.99824E-05 9.99824E-05 0.108036 0.113126 0.63765 0.140988
9.99649E-05 9.99649E-05 0.239408 9.99649E-05 0.760192 9.99649E-05
9.996E-05 9.996E-05 9.996E-05 9.996E-05 0.9995 9.996E-05
9.99824E-05 0.152883 0.398229 0.0426264 0.406062 9.99824E-05
9.99824E-05 0.113598 0.138162 9.99824E-05 0.68163 0.0664097
0.102006 9.99736E-05 9.99736E-05 9.99736E-05 0.857906 0.0397882
0.362621 0.0690078 0.143739 9.99824E-05 0.424432 9.99824E-05
9.99912E-05 0.212931 0.158246 0.037966 0.455732 0.135025
0.205948 0.00587608 0.109645 9.99912E-05 0.665022 0.0134095
9.99824E-05 9.99824E-05 0.0900929 0.178114 0.617491 0.114102
9.99649E-05 9.99649E-05 0.114309 9.99649E-05 0.885291 9.99649E-05
9.9965E-05 9.9965E-05 0.066703 9.9965E-05 0.932897 9.9965E-05
0.0541062 9.99737E-05 0.202021 9.99737E-05 0.743573 9.99737E-05
0.134279 9.99824E-05 9.99824E-05 0.00908631 0.652174 0.204261
9.9965E-05 9.9965E-05 0.054229 9.9965E-05 0.945371 9.9965E-05
9.996E-05 9.996E-05 9.996E-05 9.996E-05 0.9995 9.996E-05
9.99824E-05 9.99824E-05 0.0895453 0.0881727 0.803842 0.0182398
9.99736E-05 9.99736E-05 0.0843768 0.00174601 0.913577 9.99736E-05
9.996E-05 9.996E-05 9.996E-05 9.996E-05 0.9995 9.996E-05
0.0364045 9.99736E-05 0.146289 9.99736E-05 0.817007 9.99736E-05
0.0572404 0.137252 0.0458062 0.0641267 0.695475 9.99912E-05
0.174922 9.99824E-05 9.99824E-05 0.162145 0.603772 0.0589613
9.99649E-05 9.99649E-05 0.338286 9.99649E-05 0.661314 9.99649E-05
9.99736E-05 9.99736E-05 0.190504 0.0582933 0.750903 9.99736E-05
0.123355 9.99912E-05 0.0705205 0.0717843 0.669953 0.0642873
9.996E-05 9.996E-05 9.996E-05 9.996E-05 0.9995 9.996E-05
0.164003 0.349044 0.0204666 0.0430261 0.423361 9.99912E-05
9.99648E-05 9.99648E-05 9.99648E-05 9.99648E-05 0.866297 0.133303
9.99824E-05 9.99824E-05 0.238438 0.0442929 0.628143 0.0889267
0.102117 9.99824E-05 0.190177 0.0868282 0.620679 9.99824E-05
9.99737E-05 0.219457 0.166321 9.99737E-05 0.613922 9.99737E-05
9.99649E-05 9.99649E-05 0.128102 9.99649E-05 0.871498 9.99649E-05
9.99736E-05 9.99736E-05 0.208733 9.99736E-05 0.646301 0.144666
9.996E-05 9.996E-05 9.996E-05 9.996E-05 0.9995 9.996E-05
9.9965E-05 9.9965E-05 0.0709506 9.9965E-05 0.92865 9.9965E-05
9.99912E-05 0.10515 0.204228 0.0743964 0.557154 0.0589713
9.99824E-05 0.0393718 0.182663 0.125187 0.652579 9.99824E-05
0.276701 0.224679 0.310469 9.99824E-05 0.187951 9.99824E-05
0.330034 0.270882 0.226762 0.00320934 0.13856 0.0305528
0.39673 0.268839 0.202247 9.99912E-05 0.123961 0.00812275
0.339872 0.211927 0.0876961 9.99912E-05 0.358537 0.00186829
0.189944 0.213642 0.153851 0.0223361 0.235061 0.185167
0.709074 0.0506631 0.08201 9.99825E-05 0.158053 9.99825E-05
0.537369 0.0161466 0.260027 9.99912E-05 0.0765538 0.109804
0.36275 0.200406 0.297699 9.99912E-05 0.126976 0.0120691
0.526187 0.0561172 0.0559071 9.99912E-05 0.280543 0.0811465
0.376987 0.171735 0.291497 9.99824E-05 0.159581 9.99824E-05
0.421856 0.0787971 0.122763 0.0240993 0.178129 0.174356
0.64948 9.99737E-05 9.99737E-05 0.146164 0.204056 9.99737E-05
0.390733 0.214037 0.262812 9.99824E-05 0.132218 9.99824E-05
0.742157 0.0259992 0.0580095 9.99825E-05 0.173635 9.99825E-05
0.534845 0.0449188 0.0666976 9.99912E-05 0.221117 0.132322
0.39169 0.258502 0.254186 9.99824E-05 0.0954212 9.99824E-05
0.527789 0.100915 0.150852 9.99912E-05 0.157359 0.062984
0.626363 0.125878 0.0108808 0.075498 0.16128 9.99912E-05
0.460103 0.218464 0.200137 0.000544764 0.00223857 0.118514
0.538414 0.230884 0.230401 9.99737E-05 9.99737E-05 9.99737E-05
0.651377 9.99824E-05 0.175144 9.99824E-05 0.0459278 0.127351
0.522861 0.16194 0.0999232 9.99824E-05 0.215077 9.99824E-05
0.548297 9.99912E-05 0.0716206 0.0942092 0.0973414 0.188432
0.236059 0.029063 0.47519 9.99912E-05 0.174091 0.0854977
0.36532 9.99824E-05 0.544449 0.0812487 9.99824E-05 0.00878234
0.313461 9.99824E-05 0.561706 9.99824E-05 0.0712552 0.0533775
0.413758 0.0977601 0.488182 9.99736E-05 9.99736E-05 9.99736E-05
0.485769 9.99737E-05 0.432794 9.99737E-05 0.0811372 9.99737E-05
0.420405 0.114708 0.460748 9.99824E-05 0.00393868 9.99824E-05
0.180986 9.99824E-05 0.510196 9.99824E-05 0.207045 0.101573
0.385477 9.99824E-05 0.258054 0.0253461 0.330923 9.99824E-05
0.37838 0.0846177 0.379241 9.99824E-05 0.157562 9.99824E-05
0.405429 9.99736E-05 0.547177 9.99736E-05 9.99736E-05 0.0470936
0.331157 0.0188596 0.407221 0.0148684 0.151319 0.0765757
0.43856 0.0430861 0.447045 9.99824E-05 0.0711092 9.99824E-05
0.359917 9.99736E-05 0.555793 9.99736E-05 9.99736E-05 0.0839906
0.277686 9.99737E-05 0.394005 9.99737E-05 0.328009 9.99737E-05
0.419083 9.99737E-05 0.374539 9.99737E-05 0.206079 9.99737E-05
0.267265 0.115434 0.369178 9.99824E-05 0.247922 9.99824E-05
0.211521 9.99824E-05 0.362644 9.99824E-05 0.349485 0.0761493
0.299838 9.99737E-05 0.422372 9.99737E-05 0.27749 9.99737E-05
0.52479 9.99649E-05 0.47481 9.99649E-05 9.99649E-05 9.99649E-05
0.485065 9.99824E-05 0.31745 9.99824E-05 0.100496 0.0967892
0.35824 9.99824E-05 0.537522 9.99824E-05 0.0407199 0.0633174
0.580333 9.99737E-05 0.374008 9.99737E-05 0.0453593 9.99737E-05
0.229325 0.11023 0.645191 0.00123992 0.0139134 9.99912E-05
9.99649E-05 9.99649E-05 9.99649E-05 0.0205826 0.979017 9.99649E-05
0.469291 0.0626051 0.430017 9.99825E-05 9.99825E-05 0.0378865
0.429962 9.99824E-05 0.395954 9.99824E-05 0.0887692 0.0851149
0.466123 0.104733 0.25907 9.99912E-05 0.112519 0.0574549
0.469003 9.997E-05 0.387802 9.997E-05 0.142895 9.997E-05
0.265428 0.0491839 0.574537 9.99824E-05 0.110651 9.99824E-05
0.400667 9.99737E-05 0.375798 9.99737E-05 0.223235 9.99737E-05
0.382999 0.00283771 0.35186 9.99912E-05 0.160789 0.101415
0.608783 0.0579151 0.303057 0.0300455 9.99824E-05 9.99824E-05
0.3946 9.99825E-05 0.479372 9.99825E-05 0.0538804 0.0719481
0.606338 9.99648E-05 0.393262 9.99648E-05 9.99648E-05 9.99648E-05
0.342526 9.99737E-05 0.575317 9.99737E-05 9.99737E-05 0.081857
0.358756 9.99736E-05 0.367721 9.99736E-05 0.273223 9.99736E-05
0.292411 0.0644644 0.489725 9.99824E-05 0.153199 9.99824E-05
0.516273 0.0150556 0.290522 9.99912E-05 0.123453 0.0545963
0.377521 0.135842 0.4037 9.99912E-05 0.0563954 0.0264404
0.390623 9.99737E-05 0.434474 9.99737E-05 0.174603 9.99737E-05
0.579718 9.99737E-05 0.381069 9.99737E-05 0.0389127 9.99737E-05
0.473585 9.99737E-05 0.373261 9.99737E-05 0.152853 9.99737E-05
0.296278 9.99824E-05 0.369367 9.99824E-05 0.268825 0.0653305
0.448113 9.99736E-05 0.52332 9.99736E-05 9.99736E-05 0.0282675
0.344252 0.42867 0.052909 0.00562354 9.99912E-05 0.168446
0.211502 0.584896 0.203302 9.99737E-05 9.99737E-05 9.99737E-05
0.0508929 0.366869 0.284326 9.99825E-05 9.99825E-05 0.297713
0.296434 0.442417 0.120571 9.99824E-05 9.99824E-05 0.140379
0.348529 0.316734 0.198142 9.99824E-05 9.99824E-05 0.136394
0.345123 0.303056 0.158311 9.99824E-05 9.99824E-05 0.19331
0.30266 0.439335 0.190951 9.99824E-05 9.99824E-05 0.0668541
0.379904 0.502471 0.0773569 9.99824E-05 9.99824E-05 0.0400676
0.0459719 0.249269 0.551881 9.99824E-05 9.99824E-05 0.152678
0.378394 9.99825E-05 0.0960391 0.0451611 9.99825E-05 0.480206
0.282274 0.490062 0.207599 9.99824E-05 9.99824E-05 0.0198648
0.0493781 0.535898 0.293551 0.0380712 9.99912E-05 0.0830021
0.356937 0.378413 0.0924759 0.00158847 9.99912E-05 0.170486
0.290898 0.428605 0.169428 0.0449456 9.99912E-05 0.066023
0.213862 0.59532 0.114383 9.99824E-05 9.99824E-05 0.0762356
0.402305 0.542044 0.0553511 9.99736E-05 9.99736E-05 9.99736E-05
0.42071 0.358333 0.128056 9.99824E-05 9.99824E-05 0.0927012
0.179911 0.55961 0.235487 9.99824E-05 9.99824E-05 0.0247913
0.280237 0.244241 0.175395 9.99912E-05 0.00892505 0.291102
0.391374 0.296777 0.0970515 9.99824E-05 9.99824E-05 0.214598
9.996E-05 9.996E-05 9.996E-05 9.996E-05 9.996E-05 0.9995
9.996E-05 9.996E-05 9.996E-05 9.996E-05 9.996E-05 0.9995
9.996E-05 9.996E-05 9.996E-05 9.996E-05 9.996E-05 0.9995
9.996E-05 9.996E-05 9.996E-05 9.996E-05 9.996E-05 0.9995
9.996E-05 9.996E-05 9.996E-05 9.996E-05 9.996E-05 0.9995
9.996E-05 9.996E-05 9.996E-05 9.996E-05 9.996E-05 0.9995
9.996E-05 9.996E-05 9.996E-05 9.996E-05 9.996E-05 0.9995
9.996E-05 9.996E-05 9.996E-05 9.996E-05 9.996E-05 0.9995
9.996E-05 9.996E-05 9.996E-05 9.996E-05 9.996E-05 0.9995
9.996E-05 9.996E-05 9.996E-05 9.996E-05 9.996E-05 0.9995
9.996E-05 9.996E-05 9.996E-05 9.996E-05 9.996E-05 0.9995
9.996E-05 9.996E-05 9.996E-05 9.996E-05 9.996E-05 0.9995
9.996E-05 9.996E-05 9.996E-05 9.996E-05 9.996E-05 0.9995
9.996E-05 9.996E-05 9.996E-05 9.996E-05 9.996E-05 0.9995
9.996E-05 9.996E-05 9.996E-05 9.996E-05 9.996E-05 0.9995
9.996E-05 9.996E-05 9.996E-05 9.996E-05 9.996E-05 0.9995
9.996E-05 9.996E-05 9.996E-05 9.996E-05 9.996E-05 0.9995
9.996E-05 9.996E-05 9.996E-05 9.996E-05 9.996E-05 0.9995
9.996E-05 9.996E-05 9.996E-05 9.996E-05 9.996E-05 0.9995
9.996E-05 9.996E-05 9.996E-05 9.996E-05 9.996E-05 0.9995
9.996E-05 9.996E-05 9.996E-05 9.996E-05 9.996E-05 0.9995
9.996E-05 9.996E-05 9.996E-05 9.996E-05 9.996E-05 0.9995
9.996E-05 9.996E-05 9.996E-05 9.996E-05 9.996E-05 0.9995
9.996E-05 9.996E-05 9.996E-05 9.996E-05 9.996E-05 0.9995
9.996E-05 9.996E-05 9.996E-05 9.996E-05 9.996E-05 0.9995
9.996E-05 9.996E-05 9.996E-05 9.996E-05 9.996E-05 0.9995
9.996E-05 9.996E-05 9.996E-05 9.996E-05 9.996E-05 0.9995
9.996E-05 9.996E-05 9.996E-05 9.996E-05 9.996E-05 0.9995
9.996E-05 9.996E-05 9.996E-05 9.996E-05 9.996E-05 0.9995
9.996E-05 9.996E-05 9.996E-05 9.996E-05 9.996E-05 0.9995
9.996E-05 9.996E-05 9.996E-05 9.996E-05 9.996E-05 0.9995
9.996E-05 9.996E-05 9.996E-05 9.996E-05 9.996E-05 0.9995
9.996E-05 9.996E-05 9.996E-05 9.996E-05 9.996E-05 0.9995
9.996E-05 9.996E-05 9.996E-05 9.996E-05 9.996E-05 0.9995
9.996E-05 9.996E-05 9.996E-05 9.996E-05 9.996E-05 0.9995
9.996E-05 9.996E-05 9.996E-05 9.996E-05 9.996E-05 0.9995
9.996E-05 9.996E-05 9.996E-05 9.996E-05 9.996E-05 0.9995
9.996E-05 9.996E-05 9.996E-05 9.996E-05 9.996E-05 0.9995
9.996E-05 9.996E-05 9.996E-05 9.996E-05 9.996E-05 0.9995
9.996E-05 9.996E-05 9.996E-05 9.996E-05 9.996E-05 0.9995
9.996E-05 9.996E-05 9.996E-05 9.996E-05 9.996E-05 0.9995
9.996E-05 9.996E-05 9.996E-05 9.996E-05 9.996E-05 0.9995
9.996E-05 9.996E-05 9.996E-05 9.996E-05 9.996E-05 0.9995
9.996E-05 9.996E-05 9.996E-05 9.996E-05 9.996E-05 0.9995
9.996E-05 9.996E-05 9.996E-05 9.996E-05 9.996E-05 0.9995
9.996E-05 9.996E-05 9.996E-05 9.996E-05 9.996E-05 0.9995
9.996E-05 9.996E-05 9.996E-05 9.996E-05 9.996E-05 0.9995
9.996E-05 9.996E-05 9.996E-05 9.996E-05 9.996E-05 0.9995
9.996E-05 9.996E-05 9.996E-05 9.996E-05 9.996E-05 0.9995
9.996E-05 9.996E-05 9.996E-05 9.996E-05 9.996E-05 0.9995
9.996E-05 9.996E-05 9.996E-05 9.996E-05 9.996E-05 0.9995
9.996E-05 9.996E-05 9.996E-05 9.996E-05 9.996E-05 0.9995
9.996E-05 9.996E-05 9.996E-05 9.996E-05 9.996E-05 0.9995
9.996E-05 9.996E-05 9.996E-05 9.996E-05 9.996E-05 0.9995
9.996E-05 9.996E-05 9.996E-05 9.996E-05 9.996E-05 0.9995
9.996E-05 9.996E-05 9.996E-05 9.996E-05 9.996E-05 0.9995
9.996E-05 9.996E-05 9.996E-05 9.996E-05 9.996E-05 0.9995
9.996E-05 9.996E-05 9.996E-05 9.996E-05 9.996E-05 0.9995
9.996E-05 9.996E-05 9.996E-05 9.996E-05 9.996E-05 0.9995
9.996E-05 9.996E-05 9.996E-05 9.996E-05 9.996E-05 0.9995
9.996E-05 9.996E-05 9.996E-05 9.996E-05 9.996E-05 0.9995
9.996E-05 9.996E-05 9.996E-05 9.996E-05 9.996E-05 0.9995
9.996E-05 9.996E-05 9.996E-05 9.996E-05 9.996E-05 0.9995
9.99648E-05 0.0568086 9.99648E-05 9.99648E-05 9.99648E-05 0.942792
9.996E-05 9.996E-05 9.996E-05 9.996E-05 9.996E-05 0.9995
9.996E-05 9.996E-05 9.996E-05 9.996E-05 9.996E-05 0.9995
9.996E-05 9.996E-05 9.996E-05 9.996E-05 9.996E-05 0.9995
9.99648E-05 0.00794212 9.99648E-05 9.99648E-05 9.99648E-05 0.991658
9.996E-05 9.996E-05 9.996E-05 9.996E-05 9.996E-05 0.9995
9.996E-05 9.996E-05 9.996E-05 9.996E-05 9.996E-05 0.9995
9.996E-05 9.996E-05 9.996E-05 9.996E-05 9.996E-05 0.9995
9.996E-05 9.996E-05 9.996E-05 9.996E-05 9.996E-05 0.9995
9.996E-05 9.996E-05 9.996E-05 9.996E-05 9.996E-05 0.9995
9.996E-05 9.996E-05 9.996E-05 9.996E-05 9.996E-05 0.9995
9.996E-05 9.996E-05 9.996E-05 9.996E-05 9.996E-05 0.9995
9.996E-05 9.996E-05 9.996E-05 9.996E-05 9.996E-05 0.9995
9.996E-05 9.996E-05 9.996E-05 9.996E-05 9.996E-05 0.9995
9.99649E-05 0.0215405 9.99649E-05 9.99649E-05 9.99649E-05 0.97806
9.996E-05 9.996E-05 9.996E-05 9.996E-05 9.996E-05 0.9995
9.996E-05 9.996E-05 9.996E-05 9.996E-05 9.996E-05 0.9995
9.996E-05 9.996E-05 9.996E-05 9.996E-05 9.996E-05 0.9995
9.996E-05 9.996E-05 9.996E-05 9.996E-05 9.996E-05 0.9995
9.996E-05 9.996E-05 9.996E-05 9.996E-05 9.996E-05 0.9995
9.996E-05 9.996E-05 9.996E-05 9.996E-05 9.996E-05 0.9995
9.996E-05 9.996E-05 9.996E-05 9.996E-05 9.996E-05 0.9995
9.996E-05 9.996E-05 9.996E-05 9.996E-05 9.996E-05 0.9995
9.996E-05 9.996E-05 9.996E-05 9.996E-05 9.996E-05 0.9995
9.996E-05 9.996E-05 9.996E-05 9.996E-05 9.996E-05 0.9995
9.996E-05 9.996E-05 9.996E-05 9.996E-05 9.996E-05 0.9995
9.99736E-05 0.0533313 9.99736E-05 0.0281992 9.99736E-05 0.91817
9.996E-05 9.996E-05 9.996E-05 9.996E-05 9.996E-05 0.9995
9.99648E-05 0.020831 9.99648E-05 9.99648E-05 9.99648E-05 0.978769
9.996E-05 9.996E-05 9.996E-05 9.996E-05 9.996E-05 0.9995
9.996E-05 9.996E-05 9.996E-05 9.996E-05 9.996E-05 0.9995
9.996E-05 9.996E-05 9.996E-05 9.996E-05 9.996E-05 0.9995
9.996E-05 9.996E-05 9.996E-05 9.996E-05 9.996E-05 0.9995
9.996E-05 9.996E-05 9.996E-05 9.996E-05 9.996E-05 0.9995
9.99736E-05 0.0694482 9.99736E-05 0.0185216 9.99736E-05 0.91173
9.996E-05 9.996E-05 9.996E-05 9.996E-05 9.996E-05 0.9995
9.99648E-05 9.99648E-05 9.99648E-05 0.0095439 9.99648E-05 0.990056
9.99648E-05 9.99648E-05 9.99648E-05 0.00995933 9.99648E-05 0.989641
9.996E-05 9.996E-05 9.996E-05 9.996E-05 9.996E-05 0.9995
9.996E-05 9.996E-05 9.996E-05 9.996E-05 9.996E-05 0.9995
9.996E-05 9.996E-05 9.996E-05 9.996E-05 9.996E-05 0.9995
9.99648E-05 0.000269846 9.99648E-05 9.99648E-05 9.99648E-05 0.99933
9.996E-05 9.996E-05 9.996E-05 9.996E-05 9.996E-05 0.9995
9.996E-05 9.996E-05 9.996E-05 9.996E-05 9.996E-05 0.9995
9.996E-05 9.996E-05 9.996E-05 9.996E-05 9.996E-05 0.9995
9.996E-05 9.996E-05 9.996E-05 9.996E-05 9.996E-05 0.9995
9.996E-05 9.996E-05 9.996E-05 9.996E-05 9.996E-05 0.9995
9.996E-05 9.996E-05 9.996E-05 9.996E-05 9.996E-05 0.9995
9.996E-05 9.996E-05 9.996E-05 9.996E-05 9.996E-05 0.9995
9.996E-05 9.996E-05 9.996E-05 9.996E-05 9.996E-05 0.9995
9.996E-05 9.996E-05 9.996E-05 9.996E-05 9.996E-05 0.9995
9.996E-05 9.996E-05 9.996E-05 9.996E-05 9.996E-05 0.9995
9.996E-05 9.996E-05 9.996E-05 9.996E-05 9.996E-05 0.9995
9.99649E-05 9.99649E-05 9.99649E-05 0.041446 9.99649E-05 0.958154
9.996E-05 9.996E-05 9.996E-05 9.996E-05 9.996E-05 0.9995
9.996E-05 9.996E-05 9.996E-05 9.996E-05 9.996E-05 0.9995
9.99648E-05 0.0233166 9.99648E-05 9.99648E-05 9.99648E-05 0.976284
9.996E-05 9.996E-05 9.996E-05 9.996E-05 9.996E-05 0.9995
9.996E-05 9.996E-05 9.996E-05 9.996E-05 9.996E-05 0.9995
9.99736E-05 9.99736E-05 0.00693639 0.0365126 9.99736E-05 0.956251
9.996E-05 9.996E-05 9.996E-05 9.996E-05 9.996E-05 0.9995
9.996E-05 9.996E-05 9.996E-05 9.996E-05 9.996E-05 0.9995
9.996E-05 9.996E-05 9.996E-05 9.996E-05 9.996E-05 0.9995
9.996E-05 9.996E-05 9.996E-05 9.996E-05 9.996E-05 0.9995
9.99649E-05 0.014704 9.99649E-05 9.99649E-05 9.99649E-05 0.984896
9.996E-05 9.996E-05 9.996E-05 9.996E-05 9.996E-05 0.9995
9.996E-05 9.996E-05 9.996E-05 9.996E-05 9.996E-05 0.9995
9.99736E-05 0.340479 9.99736E-05 0.207598 9.99736E-05 0.451623
9.99736E-05 0.291163 9.99736E-05 0.0932497 9.99736E-05 0.615287
9.99649E-05 9.99649E-05 9.99649E-05 0.16447 9.99649E-05 0.83513
9.99736E-05 0.110959 9.99736E-05 0.133715 9.99736E-05 0.755026
9.99736E-05 0.276072 9.99736E-05 0.174959 9.99736E-05 0.548669
9.99736E-05 0.230306 9.99736E-05 0.237526 9.99736E-05 0.531868
9.99736E-05 0.273339 9.99736E-05 0.163308 9.99736E-05 0.563053
9.99649E-05 9.99649E-05 9.99649E-05 0.2968 9.99649E-05 0.7028
9.99736E-05 0.279317 9.99736E-05 0.230167 9.99736E-05 0.490215
9.99824E-05 0.337158 0.0553219 0.131474 9.99824E-05 0.475846
9.99736E-05 0.374786 9.99736E-05 0.127567 9.99736E-05 0.497347
9.99649E-05 0.480447 9.99649E-05 9.99649E-05 9.99649E-05 0.519154
9.99648E-05 9.99648E-05 9.99648E-05 0.115158 9.99648E-05 0.884442
9.99649E-05 9.99649E-05 9.99649E-05 0.18453 9.99649E-05 0.81507
9.99648E-05 9.99648E-05 9.99648E-05 0.13007 9.99648E-05 0.86953
9.99649E-05 9.99649E-05 9.99649E-05 0.127918 9.99649E-05 0.871682
9.99648E-05 9.99648E-05 9.99648E-05 0.2171 9.99648E-05 0.782501
9.99736E-05 0.763921 9.99736E-05 0.028857 9.99736E-05 0.206923
9.99736E-05 0.545531 9.99736E-05 0.148227 9.99736E-05 0.305943
9.99737E-05 0.739634 0.0162634 9.99737E-05 9.99737E-05 0.243803
9.99736E-05 0.897959 0.0197907 9.99736E-05 9.99736E-05 0.0819508
9.99736E-05 0.666317 9.99736E-05 0.145251 9.99736E-05 0.188132
9.99648E-05 0.85621 9.99648E-05 9.99648E-05 9.99648E-05 0.14339
9.996E-05 0.9995 9.996E-05 9.996E-05 9.996E-05 9.996E-05
9.996E-05 0.9995 9.996E-05 9.996E-05 9.996E-05 9.996E-05
9.99824E-05 0.778568 0.0726375 0.06684 9.99824E-05 0.0817543
9.99824E-05 0.660508 0.0178145 0.0423703 9.99824E-05 0.279107
9.99824E-05 0.572146 0.106469 0.310331 9.99824E-05 0.0108545
9.99736E-05 0.928271 0.0326612 9.99736E-05 9.99736E-05 0.038768
9.99824E-05 0.532207 9.99824E-05 0.297946 0.0142237 0.155424
9.99737E-05 0.556264 9.99737E-05 0.37086 9.99737E-05 0.0725764
9.99824E-05 0.585764 0.0234365 0.28783 9.99824E-05 0.10277
9.99825E-05 0.697742 0.00479801 0.25273 9.99825E-05 0.0445299
9.99736E-05 0.522176 9.99736E-05 0.377548 9.99736E-05 0.0999752
9.99824E-05 0.800298 0.0490454 0.102263 9.99824E-05 0.0481937
9.99824E-05 0.51199 0.0866969 0.0431368 9.99824E-05 0.357977
9.99736E-05 0.416634 9.99736E-05 0.417461 9.99736E-05 0.165605
9.99736E-05 0.377653 9.99736E-05 0.461793 9.99736E-05 0.160254
9.99736E-05 0.752666 9.99736E-05 0.244464 9.99736E-05 0.00257015
9.99736E-05 0.333329 9.99736E-05 0.58503 9.99736E-05 0.0813413
9.99649E-05 0.969985 9.99649E-05 9.99649E-05 0.0296156 9.99649E-05
9.99736E-05 0.578793 9.99736E-05 0.159932 9.99736E-05 0.260975
9.99736E-05 0.578793 9.99736E-05 0.159932 9.99736E-05 0.260975
9.99649E-05 0.73101 9.99649E-05 9.99649E-05 9.99649E-05 0.26859
9.99649E-05 0.676708 9.99649E-05 9.99649E-05 9.99649E-05 0.322892
9.99736E-05 0.777844 9.99736E-05 0.131023 9.99736E-05 0.0908332
9.99736E-05 0.780037 9.99736E-05 0.169682 9.99736E-05 0.0499803
9.99736E-05 0.869109 9.99736E-05 0.0668726 9.99736E-05 0.0637189
9.99824E-05 0.658673 0.0187561 0.167139 9.99824E-05 0.155232
9.99824E-05 0.554227 0.010824 0.153026 9.99824E-05 0.281723
9.99736E-05 0.845301 9.99736E-05 0.0853584 9.99736E-05 0.0690403
9.99736E-05 0.740355 9.99736E-05 0.23948 9.99736E-05 0.019865
9.99736E-05 0.819087 9.99736E-05 0.147211 9.99736E-05 0.0334028
9.99736E-05 0.79148 9.99736E-05 0.131595 9.99736E-05 0.0766253
0.00435677 0.717103 9.99824E-05 0.202193 9.99824E-05 0.0761477
9.99649E-05 0.55443 9.99649E-05 0.44517 9.99649E-05 9.99649E-05
9.99736E-05 0.766975 9.99736E-05 0.105631 9.99736E-05 0.127094
9.99736E-05 0.73809 0.0736404 9.99736E-05 9.99736E-05 0.187969
9.99736E-05 0.888287 9.99736E-05 0.0732752 9.99736E-05 0.0381383
9.99648E-05 0.858355 9.99648E-05 0.141245 9.99648E-05 9.99648E-05
9.996E-05 0.9995 9.996E-05 9.996E-05 9.996E-05 9.996E-05
9.99648E-05 0.856681 9.99648E-05 0.142919 9.99648E-05 9.99648E-05
9.99736E-05 0.834602 9.99736E-05 0.0545183 9.99736E-05 0.11058
9.99648E-05 0.852463 9.99648E-05 0.147137 9.99648E-05 9.99648E-05
9.99737E-05 0.394561 9.99737E-05 0.281078 9.99737E-05 0.324061
9.99736E-05 0.764213 9.99736E-05 0.0550313 9.99736E-05 0.180455
9.99648E-05 0.869144 9.99648E-05 0.130456 9.99648E-05 9.99648E-05
9.99824E-05 0.802092 0.0231414 9.99824E-05 0.0145064 0.160061
9.99736E-05 0.766595 0.0452699 9.99736E-05 9.99736E-05 0.187835
9.997E-05 0.708451 9.997E-05 0.12432 9.997E-05 0.166929
9.99736E-05 0.801954 9.99736E-05 0.142963 9.99736E-05 0.0547835
9.99736E-05 0.838418 0.0561404 9.99736E-05 9.99736E-05 0.105142
9.99736E-05 0.471426 9.99736E-05 0.293949 9.99736E-05 0.234325
9.99648E-05 0.798344 9.99648E-05 0.201256 9.99648E-05 9.99648E-05
9.99824E-05 0.863034 0.0190808 0.0285516 9.99824E-05 0.0891336
0.00495353 0.793993 0.0137411 0.162884 9.99912E-05 0.0243279
9.99648E-05 0.929004 9.99648E-05 0.0705961 9.99648E-05 9.99648E-05
