9.98069E-05 9.98069E-05 9.98069E-05 9.98069E-05 9.98069E-05 0.158223 9.98069E-05 9.98069E-05 9.98069E-05 0.0547377 9.98069E-05 9.98069E-05 9.98069E-05 9.98069E-05 0.00116453 9.98069E-05 9.98069E-05 9.98069E-05 9.98069E-05 9.98069E-05 9.98069E-05 0.423925 0.0462342 0.0505393 0.26298 9.98069E-05 9.98069E-05 9.98069E-05 9.98069E-05
9.9816E-05 0.0388806 0.102381 9.9816E-05 9.9816E-05 9.9816E-05 9.9816E-05 9.9816E-05 0.412956 9.9816E-05 9.9816E-05 9.9816E-05 9.9816E-05 0.138329 9.9816E-05 9.9816E-05 9.9816E-05 9.9816E-05 9.9816E-05 0.00646385 9.9816E-05 0.216998 0.000485109 0.0814112 9.9816E-05 9.9816E-05 9.9816E-05 9.9816E-05 9.9816E-05
9.97807E-05 9.97807E-05 9.97807E-05 9.97807E-05 9.97807E-05 9.97807E-05 9.97807E-05 9.97807E-05 0.928298 0.0278244 9.97807E-05 9.97807E-05 9.97807E-05 0.000107566 9.97807E-05 9.97807E-05 9.97807E-05 9.97807E-05 9.97807E-05 9.97807E-05 9.97807E-05 9.97807E-05 9.97807E-05 9.97807E-05 9.97807E-05 9.97807E-05 0.0412751 9.97807E-05 9.97807E-05
9.98597E-05 9.98597E-05 9.98597E-05 0.0308067 9.98597E-05 0.127601 9.98597E-05 0.128113 0.0917525 0.0644026 0.250211 0.0149734 0.015592 0.0444794 9.98597E-05 9.98597E-05 9.98597E-05 9.98597E-05 9.98597E-05 9.98597E-05 0.0843249 0.0215642 9.98597E-05 0.0454511 0.0791307 9.98597E-05 9.98597E-05 9.98597E-05 9.98597E-05
0.0364545 9.97984E-05 9.97984E-05 9.97984E-05 9.97984E-05 9.97984E-05 9.97984E-05 0.0389153 0.806507 9.97984E-05 9.97984E-05 0.0264878 9.97984E-05 9.97984E-05 9.97984E-05 9.97984E-05 9.97984E-05 0.00192124 9.97984E-05 9.97984E-05 9.97984E-05 0.0874186 9.97984E-05 9.97984E-05 9.97984E-05 9.97984E-05 9.97984E-05 9.97984E-05 9.97984E-05
0.127815 9.98247E-05 9.98247E-05 0.00724539 9.98247E-05 9.98247E-05 9.98247E-05 0.216645 0.109343 9.98247E-05 9.98247E-05 9.98247E-05 0.114643 9.98247E-05 9.98247E-05 9.98247E-05 9.98247E-05 9.98247E-05 9.98247E-05 0.115069 9.98247E-05 0.122328 9.98247E-05 9.98247E-05 0.156426 9.98247E-05 0.0284891 9.98247E-05 9.98247E-05
0.0478051 9.98248E-05 0.0866547 0.0411062 9.98248E-05 0.127509 9.98248E-05 9.98248E-05 0.241208 0.0217435 9.98248E-05 9.98248E-05 9.98248E-05 0.139036 9.98248E-05 9.98248E-05 9.98248E-05 0.0697728 9.98248E-05 9.98248E-05 9.98248E-05 9.98248E-05 9.98248E-05 9.98248E-05 0.223167 9.98248E-05 9.98248E-05 9.98248E-05 9.98248E-05
0.0331308 9.98335E-05 9.98335E-05 9.98335E-05 9.98335E-05 0.152187 9.98335E-05 9.98335E-05 9.98335E-05 9.98335E-05 9.98335E-05 0.0211831 0.110408 9.98335E-05 0.122335 9.98335E-05 9.98335E-05 9.98335E-05 9.98335E-05 0.0871668 9.98335E-05 0.15391 0.0219403 9.98335E-05 0.211336 9.98335E-05 9.98335E-05 9.98335E-05 0.0845059
9.97983E-05 9.97983E-05 0.0164954 9.97983E-05 9.97983E-05 9.97983E-05 9.97983E-05 9.97983E-05 9.97983E-05 0.268822 9.97983E-05 0.108597 0.177462 9.97983E-05 9.97983E-05 9.97983E-05 9.97983E-05 9.97983E-05 0.0931623 9.97983E-05 9.97983E-05 0.333166 9.97983E-05 9.97983E-05 9.97983E-05 9.97983E-05 9.97983E-05 9.97983E-05 9.97983E-05
0.00333551 9.97983E-05 9.97983E-05 9.97983E-05 9.97983E-05 9.97983E-05 0.0312554 9.97983E-05 0.453508 0.056439 9.97983E-05 9.97983E-05 9.97983E-05 9.97983E-05 9.97983E-05 9.97983E-05 9.97983E-05 9.97983E-05 9.97983E-05 9.97983E-05 9.97983E-05 0.450552 9.97983E-05 9.97983E-05 9.97983E-05 0.00261439 9.97983E-05 9.97983E-05 9.97983E-05
9.9807E-05 9.9807E-05 9.9807E-05 9.9807E-05 9.9807E-05 0.0346643 9.9807E-05 9.9807E-05 9.9807E-05 0.174694 9.9807E-05 9.9807E-05 0.000682101 0.130697 9.9807E-05 9.9807E-05 9.9807E-05 9.9807E-05 9.9807E-05 9.9807E-05 0.00217188 0.51727 9.9807E-05 9.9807E-05 0.137625 9.9807E-05 9.9807E-05 9.9807E-05 9.9807E-05
0.00607427 9.97808E-05 9.97808E-05 9.97808E-05 9.97808E-05 9.97808E-05 9.97808E-05 9.97808E-05 0.956665 9.97808E-05 0.0241864 9.97808E-05 9.97808E-05 0.0105799 9.97808E-05 9.97808E-05 9.97808E-05 9.97808E-05 9.97808E-05 9.97808E-05 9.97808E-05 9.97808E-05 9.97808E-05 9.97808E-05 9.97808E-05 9.97808E-05 9.97808E-05 9.97808E-05 9.97808E-05
9.97657E-05 9.97657E-05 9.97657E-05 9.97657E-05 9.97657E-05 0.143153 9.97657E-05 9.97657E-05 9.97657E-05 9.97657E-05 9.97657E-05 9.97657E-05 9.97657E-05 9.97657E-05 9.97657E-05 9.97657E-05 9.97657E-05 9.97657E-05 9.97657E-05 9.97657E-05 9.97657E-05 0.854153 9.97657E-05 9.97657E-05 9.97657E-05 9.97657E-05 9.97657E-05 9.97657E-05 9.97657E-05
9.98246E-05 9.98246E-05 9.98246E-05 9.98246E-05 0.0108982 0.0508565 9.98246E-05 9.98246E-05 0.535302 0.00519314 9.98246E-05 9.98246E-05 9.98246E-05 0.0615648 9.98246E-05 9.98246E-05 0.0427154 9.98246E-05 9.98246E-05 9.98246E-05 0.10256 0.0492398 9.98246E-05 9.98246E-05 9.98246E-05 9.98246E-05 9.98246E-05 0.139673 9.98246E-05
9.98334E-05 9.98334E-05 9.98334E-05 9.98334E-05 9.98334E-05 9.98334E-05 9.98334E-05 0.00540225 9.98334E-05 0.163639 9.98334E-05 9.98334E-05 0.145892 9.98334E-05 0.0611735 0.0853264 0.0998148 0.00538333 9.98334E-05 9.98334E-05 9.98334E-05 0.256526 9.98334E-05 0.0683938 0.106552 9.98334E-05 9.98334E-05 9.98334E-05 9.98334E-05
9.98246E-05 9.98246E-05 9.98246E-05 9.98246E-05 9.98246E-05 0.0625437 9.98246E-05 0.0509941 9.98246E-05 0.101927 0.0351745 9.98246E-05 0.157655 9.98246E-05 9.98246E-05 9.98246E-05 9.98246E-05 9.98246E-05 9.98246E-05 9.98246E-05 9.98246E-05 0.250214 9.98246E-05 0.0370248 0.168171 9.98246E-05 9.98246E-05 9.98246E-05 0.134299
9.98335E-05 9.98335E-05 0.0552768 9.98335E-05 0.0173829 0.0365499 9.98335E-05 9.98335E-05 0.507758 0.0669964 9.98335E-05 9.98335E-05 9.98335E-05 0.0308744 9.98335E-05 0.180822 9.98335E-05 0.0424315 9.98335E-05 9.98335E-05 9.98335E-05 0.0271419 0.0328689 9.98335E-05 9.98335E-05 9.98335E-05 9.98335E-05 9.98335E-05 9.98335E-05
9.98335E-05 9.98335E-05 9.98335E-05 9.98335E-05 9.98335E-05 0.0958083 0.0528788 9.98335E-05 9.98335E-05 0.113018 0.00818586 0.0922561 0.0171277 9.98335E-05 9.98335E-05 9.98335E-05 9.98335E-05 9.98335E-05 0.029022 9.98335E-05 9.98335E-05 0.0600907 9.98335E-05 9.98335E-05 0.370021 0.159695 9.98335E-05 9.98335E-05 9.98335E-05
0.144517 9.97981E-05 9.97981E-05 9.97981E-05 0.050878 0.1395 9.97981E-05 9.97981E-05 9.97981E-05 0.180013 9.97981E-05 9.97981E-05 0.0574206 9.97981E-05 9.97981E-05 9.97981E-05 9.97981E-05 9.97981E-05 9.97981E-05 9.97981E-05 9.97981E-05 0.425376 9.97981E-05 9.97981E-05 9.97981E-05 9.97981E-05 9.97981E-05 9.97981E-05 9.97981E-05
9.97544E-05 9.97544E-05 9.97544E-05 9.97544E-05 9.97544E-05 9.97544E-05 9.97544E-05 9.97544E-05 9.97544E-05 9.97544E-05 9.97544E-05 9.97544E-05 9.97544E-05 9.97544E-05 9.97544E-05 9.97544E-05 9.97544E-05 9.97544E-05 9.97544E-05 9.97544E-05 9.97544E-05 0.997207 9.97544E-05 9.97544E-05 9.97544E-05 9.97544E-05 9.97544E-05 9.97544E-05 9.97544E-05
9.98157E-05 9.98157E-05 9.98157E-05 9.98157E-05 0.000306631 9.98157E-05 9.98157E-05 9.98157E-05 9.98157E-05 9.98157E-05 0.0406813 0.2547 0.0840853 0.0315087 9.98157E-05 9.98157E-05 9.98157E-05 9.98157E-05 9.98157E-05 9.98157E-05 0.0802461 0.42275 9.98157E-05 9.98157E-05 9.98157E-05 9.98157E-05 9.98157E-05 9.98157E-05 0.0836258
0.142414 9.98072E-05 9.98072E-05 9.98072E-05 9.98072E-05 0.408689 9.98072E-05 0.047847 0.240288 9.98072E-05 9.98072E-05 9.98072E-05 0.105327 9.98072E-05 0.00357735 9.98072E-05 9.98072E-05 9.98072E-05 9.98072E-05 0.0496615 9.98072E-05 9.98072E-05 9.98072E-05 9.98072E-05 9.98072E-05 9.98072E-05 9.98072E-05 9.98072E-05 9.98072E-05
9.97894E-05 9.97894E-05 9.97894E-05 9.97894E-05 9.97894E-05 9.97894E-05 9.97894E-05 0.0675132 9.97894E-05 0.0510318 9.97894E-05 9.97894E-05 9.97894E-05 9.97894E-05 9.97894E-05 9.97894E-05 9.97894E-05 9.97894E-05 0.0061558 9.97894E-05 9.97894E-05 0.715157 9.97894E-05 9.97894E-05 0.157748 9.97894E-05 9.97894E-05 9.97894E-05 9.97894E-05
9.98071E-05 9.98071E-05 9.98071E-05 9.98071E-05 9.98071E-05 0.266872 9.98071E-05 9.98071E-05 0.110503 0.240967 9.98071E-05 9.98071E-05 9.98071E-05 9.98071E-05 9.98071E-05 9.98071E-05 9.98071E-05 9.98071E-05 0.0276203 9.98071E-05 9.98071E-05 0.208979 9.98071E-05 9.98071E-05 0.0634525 9.98071E-05 9.98071E-05 9.98071E-05 0.0794107
9.98246E-05 9.98246E-05 9.98246E-05 9.98246E-05 0.0892413 9.98246E-05 9.98246E-05 0.061904 0.231308 0.245025 0.0546549 9.98246E-05 0.0812006 9.98246E-05 9.98246E-05 9.98246E-05 9.98246E-05 9.98246E-05 9.98246E-05 9.98246E-05 0.0823642 0.0366509 9.98246E-05 0.115655 9.98246E-05 9.98246E-05 9.98246E-05 9.98246E-05 9.98246E-05
9.98071E-05 9.98071E-05 9.98071E-05 9.98071E-05 9.98071E-05 0.0397581 9.98071E-05 9.98071E-05 0.634526 0.104869 0.103094 9.98071E-05 0.00103793 9.98071E-05 9.98071E-05 9.98071E-05 9.98071E-05 9.98071E-05 9.98071E-05 9.98071E-05 0.0303839 0.0841352 9.98071E-05 9.98071E-05 9.98071E-05 9.98071E-05 9.98071E-05 9.98071E-05 9.98071E-05
9.98245E-05 0.217752 9.98245E-05 9.98245E-05 9.98245E-05 0.231262 0.110644 0.0467072 9.98245E-05 0.0425364 9.98245E-05 9.98245E-05 9.98245E-05 9.98245E-05 9.98245E-05 9.98245E-05 9.98245E-05 9.98245E-05 9.98245E-05 9.98245E-05 0.232973 0.0394428 9.98245E-05 0.0383064 9.98245E-05 9.98245E-05 9.98245E-05 9.98245E-05 0.0383787
0.0101308 9.97897E-05 9.97897E-05 9.97897E-05 9.97897E-05 0.0445365 9.97897E-05 9.97897E-05 9.97897E-05 9.97897E-05 0.0994864 9.97897E-05 9.97897E-05 9.97897E-05 9.97897E-05 9.97897E-05 9.97897E-05 9.97897E-05 9.97897E-05 9.97897E-05 0.0208782 0.822573 9.97897E-05 9.97897E-05 9.97897E-05 9.97897E-05 9.97897E-05 9.97897E-05 9.97897E-05
9.9816E-05 0.0313336 9.9816E-05 9.9816E-05 9.9816E-05 0.0276982 9.9816E-05 9.9816E-05 9.9816E-05 0.212938 9.9816E-05 9.9816E-05 9.9816E-05 0.0118981 9.9816E-05 9.9816E-05 9.9816E-05 9.9816E-05 0.0093777 9.9816E-05 0.0739353 0.603752 9.9816E-05 0.026971 9.9816E-05 9.9816E-05 9.9816E-05 9.9816E-05 9.9816E-05
9.98422E-05 0.00760613 9.98422E-05 0.0631978 9.98422E-05 9.98422E-05 9.98422E-05 0.00441936 0.438664 0.00356245 9.98422E-05 9.98422E-05 9.98422E-05 0.00441008 9.98422E-05 0.0843053 9.98422E-05 9.98422E-05 0.0370265 9.98422E-05 9.98422E-05 0.280893 0.0533137 9.98422E-05 9.98422E-05 9.98422E-05 9.98422E-05 0.020804 9.98422E-05
9.97982E-05 9.97982E-05 9.97982E-05 9.97982E-05 0.0867566 0.0406874 9.97982E-05 9.97982E-05 9.97982E-05 9.97982E-05 9.97982E-05 9.97982E-05 0.0204758 0.0695272 9.97982E-05 9.97982E-05 9.97982E-05 9.97982E-05 9.97982E-05 9.97982E-05 9.97982E-05 0.63925 9.97982E-05 9.97982E-05 9.97982E-05 9.97982E-05 0.141007 9.97982E-05 9.97982E-05
0.0691391 9.98422E-05 9.98422E-05 9.98422E-05 0.0349681 0.0250867 9.98422E-05 0.0146842 9.98422E-05 0.069736 0.0364517 0.0782248 9.98422E-05 0.00595763 9.98422E-05 9.98422E-05 9.98422E-05 9.98422E-05 9.98422E-05 9.98422E-05 0.063853 0.5918 9.98422E-05 9.98422E-05 0.00830201 9.98422E-05 9.98422E-05 9.98422E-05 9.98422E-05
9.98245E-05 9.98245E-05 9.98245E-05 9.98245E-05 9.98245E-05 0.139273 9.98245E-05 9.98245E-05 0.408569 0.112895 0.0541112 9.98245E-05 9.98245E-05 0.076445 9.98245E-05 9.98245E-05 9.98245E-05 9.98245E-05 9.98245E-05 9.98245E-05 0.0612233 9.98245E-05 9.98245E-05 9.98245E-05 0.0742308 9.98245E-05 0.0622635 9.98245E-05 0.00899275
9.98158E-05 9.98158E-05 9.98158E-05 9.98158E-05 9.98158E-05 9.98158E-05 0.0221674 0.164246 0.573315 0.134179 0.0175123 9.98158E-05 9.98158E-05 0.0351361 9.98158E-05 9.98158E-05 9.98158E-05 9.98158E-05 9.98158E-05 9.98158E-05 9.98158E-05 9.98158E-05 9.98158E-05 9.98158E-05 0.00402482 9.98158E-05 9.98158E-05 0.0473235 9.98158E-05
9.97896E-05 9.97896E-05 0.0591029 9.97896E-05 9.97896E-05 9.97896E-05 9.97896E-05 9.97896E-05 9.97896E-05 9.97896E-05 9.97896E-05 9.97896E-05 9.97896E-05 0.00420879 9.97896E-05 9.97896E-05 9.97896E-05 9.97896E-05 9.97896E-05 9.97896E-05 9.97896E-05 0.770367 9.97896E-05 0.0976195 9.97896E-05 9.97896E-05 0.0663064 9.97896E-05 9.97896E-05
9.98247E-05 9.98247E-05 0.0406722 9.98247E-05 9.98247E-05 0.130958 9.98247E-05 9.98247E-05 9.98247E-05 0.0442201 0.081706 9.98247E-05 9.98247E-05 9.98247E-05 9.98247E-05 9.98247E-05 9.98247E-05 0.0161445 0.00531379 9.98247E-05 9.98247E-05 0.657739 9.98247E-05 9.98247E-05 9.98247E-05 0.00111698 0.0201331 9.98247E-05 9.98247E-05
0.0777596 9.97722E-05 9.97722E-05 0.0238238 9.97722E-05 9.97722E-05 9.97722E-05 9.97722E-05 9.97722E-05 9.97722E-05 9.97722E-05 9.97722E-05 9.97722E-05 9.97722E-05 9.97722E-05 9.97722E-05 9.97722E-05 9.97722E-05 9.97722E-05 9.97722E-05 9.97722E-05 0.895823 9.97722E-05 9.97722E-05 9.97722E-05 9.97722E-05 9.97722E-05 9.97722E-05 9.97722E-05
9.97985E-05 9.97985E-05 0.0287546 9.97985E-05 9.97985E-05 9.97985E-05 9.97985E-05 9.97985E-05 0.668974 0.0735674 0.0843938 9.97985E-05 0.128726 9.97985E-05 9.97985E-05 9.97985E-05 9.97985E-05 9.97985E-05 9.97985E-05 9.97985E-05 9.97985E-05 9.97985E-05 9.97985E-05 0.0132887 9.97985E-05 9.97985E-05 9.97985E-05 9.97985E-05 9.97985E-05
9.98072E-05 9.98072E-05 0.0375848 9.98072E-05 9.98072E-05 0.0312826 9.98072E-05 9.98072E-05 0.605166 0.143797 9.98072E-05 9.98072E-05 9.98072E-05 0.0101063 9.98072E-05 0.085528 9.98072E-05 9.98072E-05 9.98072E-05 0.08434 9.98072E-05 9.98072E-05 9.98072E-05 9.98072E-05 9.98072E-05 9.98072E-05 9.98072E-05 9.98072E-05 9.98072E-05
0.0374705 9.97982E-05 9.97982E-05 0.0110555 9.97982E-05 9.97982E-05 9.97982E-05 0.0889725 0.627134 0.151159 9.97982E-05 9.97982E-05 9.97982E-05 9.97982E-05 9.97982E-05 9.97982E-05 9.97982E-05 9.97982E-05 9.97982E-05 9.97982E-05 9.97982E-05 9.97982E-05 9.97982E-05 9.97982E-05 9.97982E-05 9.97982E-05 9.97982E-05 9.97982E-05 0.0819137
9.97808E-05 0.00240358 9.97808E-05 9.97808E-05 9.97808E-05 0.0752977 9.97808E-05 9.97808E-05 0.879631 0.0401727 9.97808E-05 9.97808E-05 9.97808E-05 9.97808E-05 9.97808E-05 9.97808E-05 9.97808E-05 9.97808E-05 9.97808E-05 9.97808E-05 9.97808E-05 9.97808E-05 9.97808E-05 9.97808E-05 9.97808E-05 9.97808E-05 9.97808E-05 9.97808E-05 9.97808E-05
9.9781E-05 0.143417 9.9781E-05 9.9781E-05 9.9781E-05 0.151765 9.9781E-05 9.9781E-05 0.660117 0.0422065 9.9781E-05 9.9781E-05 9.9781E-05 9.9781E-05 9.9781E-05 9.9781E-05 9.9781E-05 9.9781E-05 9.9781E-05 9.9781E-05 9.9781E-05 9.9781E-05 9.9781E-05 9.9781E-05 9.9781E-05 9.9781E-05 9.9781E-05 9.9781E-05 9.9781E-05
0.0565096 0.11677 9.98159E-05 9.98159E-05 9.98159E-05 0.0389108 9.98159E-05 9.98159E-05 0.644466 9.98159E-05 9.98159E-05 9.98159E-05 9.98159E-05 9.98159E-05 9.98159E-05 9.98159E-05 0.00243996 9.98159E-05 9.98159E-05 9.98159E-05 9.98159E-05 0.123658 9.98159E-05 0.0133205 9.98159E-05 9.98159E-05 9.98159E-05 9.98159E-05 0.00182917
9.98158E-05 9.98158E-05 9.98158E-05 9.98158E-05 9.98158E-05 0.133661 9.98158E-05 9.98158E-05 0.365056 0.175093 9.98158E-05 9.98158E-05 0.0903688 0.022108 9.98158E-05 9.98158E-05 9.98158E-05 9.98158E-05 0.0339803 9.98158E-05 9.98158E-05 9.98158E-05 9.98158E-05 9.98158E-05 0.0127448 9.98158E-05 0.164892 9.98158E-05 9.98158E-05
0.0342014 9.97984E-05 9.97984E-05 9.97984E-05 9.97984E-05 0.404841 9.97984E-05 9.97984E-05 0.238674 0.163958 9.97984E-05 9.97984E-05 9.97984E-05 9.97984E-05 9.97984E-05 9.97984E-05 9.97984E-05 0.141409 9.97984E-05 9.97984E-05 9.97984E-05 0.0146211 9.97984E-05 9.97984E-05 9.97984E-05 9.97984E-05 9.97984E-05 9.97984E-05 9.97984E-05
0.00704002 9.97893E-05 9.97893E-05 9.97893E-05 9.97893E-05 9.97893E-05 9.97893E-05 9.97893E-05 0.922145 0.0253293 9.97893E-05 9.97893E-05 9.97893E-05 9.97893E-05 9.97893E-05 9.97893E-05 9.97893E-05 0.0158596 9.97893E-05 9.97893E-05 9.97893E-05 9.97893E-05 9.97893E-05 9.97893E-05 9.97893E-05 0.0272316 9.97893E-05 9.97893E-05 9.97893E-05
9.97895E-05 9.97895E-05 9.97895E-05 9.97895E-05 9.97895E-05 9.97895E-05 0.0301815 9.97895E-05 0.183763 0.0734018 0.0767313 9.97895E-05 9.97895E-05 9.97895E-05 9.97895E-05 9.97895E-05 9.97895E-05 9.97895E-05 9.97895E-05 9.97895E-05 9.97895E-05 0.633527 9.97895E-05 9.97895E-05 9.97895E-05 9.97895E-05 9.97895E-05 9.97895E-05 9.97895E-05
9.97809E-05 9.97809E-05 9.97809E-05 0.0132723 9.97809E-05 9.97809E-05 9.97809E-05 9.97809E-05 0.939358 0.0293345 9.97809E-05 9.97809E-05 9.97809E-05 9.97809E-05 9.97809E-05 9.97809E-05 9.97809E-05 0.0155405 9.97809E-05 9.97809E-05 9.97809E-05 9.97809E-05 9.97809E-05 9.97809E-05 9.97809E-05 9.97809E-05 9.97809E-05 9.97809E-05 9.97809E-05
9.97894E-05 9.97894E-05 9.97894E-05 9.97894E-05 9.97894E-05 0.137633 9.97894E-05 9.97894E-05 9.97894E-05 0.0424089 9.97894E-05 9.97894E-05 9.97894E-05 9.97894E-05 9.97894E-05 9.97894E-05 9.97894E-05 9.97894E-05 9.97894E-05 9.97894E-05 9.97894E-05 0.689383 9.97894E-05 9.97894E-05 9.97894E-05 9.97894E-05 0.0425381 9.97894E-05 0.0856422
9.98425E-05 9.98425E-05 9.98425E-05 0.0730412 0.0347765 9.98425E-05 0.0401982 0.0693242 0.0360478 9.98425E-05 9.98425E-05 9.98425E-05 0.000529125 0.0177171 9.98425E-05 9.98425E-05 0.0114777 9.98425E-05 9.98425E-05 0.0132142 9.98425E-05 0.700564 9.98425E-05 9.98425E-05 9.98425E-05 0.00131302 9.98425E-05 9.98425E-05 9.98425E-05
0.000783757 0.120186 9.98333E-05 9.98333E-05 9.98333E-05 9.98333E-05 9.98333E-05 0.00529187 9.98333E-05 0.166491 9.98333E-05 9.98333E-05 0.0955541 0.121967 9.98333E-05 9.98333E-05 0.0110165 9.98333E-05 9.98333E-05 0.00383067 9.98333E-05 0.363102 9.98333E-05 0.10988 9.98333E-05 9.98333E-05 9.98333E-05 9.98333E-05 9.98333E-05
9.98073E-05 9.98073E-05 9.98073E-05 9.98073E-05 9.98073E-05 0.105217 9.98073E-05 0.019858 0.618151 9.98073E-05 0.170502 9.98073E-05 9.98073E-05 9.98073E-05 9.98073E-05 9.98073E-05 9.98073E-05 9.98073E-05 0.0569134 0.018402 9.98073E-05 9.98073E-05 9.98073E-05 9.98073E-05 9.98073E-05 0.00875965 9.98073E-05 9.98073E-05 9.98073E-05
9.97722E-05 9.97722E-05 9.97722E-05 9.97722E-05 9.97722E-05 9.97722E-05 0.0762415 9.97722E-05 0.857291 9.97722E-05 9.97722E-05 9.97722E-05 9.97722E-05 9.97722E-05 0.0638733 9.97722E-05 9.97722E-05 9.97722E-05 9.97722E-05 9.97722E-05 9.97722E-05 9.97722E-05 9.97722E-05 9.97722E-05 9.97722E-05 9.97722E-05 9.97722E-05 9.97722E-05 9.97722E-05
9.98161E-05 9.98161E-05 9.98161E-05 0.205403 9.98161E-05 9.98161E-05 9.98161E-05 9.98161E-05 0.581335 0.0480008 9.98161E-05 0.07202 9.98161E-05 9.98161E-05 9.98161E-05 9.98161E-05 9.98161E-05 9.98161E-05 0.0118782 9.98161E-05 9.98161E-05 9.98161E-05 9.98161E-05 0.0408449 9.98161E-05 9.98161E-05 0.0323231 9.98161E-05 0.00609864
9.97984E-05 9.97984E-05 9.97984E-05 9.97984E-05 0.105688 9.97984E-05 9.97984E-05 9.97984E-05 0.204288 0.0570847 9.97984E-05 9.97984E-05 9.97984E-05 9.97984E-05 9.97984E-05 9.97984E-05 0.0181072 9.97984E-05 9.97984E-05 0.0274662 9.97984E-05 0.58507 9.97984E-05 9.97984E-05 9.97984E-05 9.97984E-05 9.97984E-05 9.97984E-05 9.97984E-05
0.0295837 9.97984E-05 9.97984E-05 9.97984E-05 9.97984E-05 9.97984E-05 9.97984E-05 0.0485915 0.69269 9.97984E-05 9.97984E-05 9.97984E-05 9.97984E-05 0.00127062 9.97984E-05 9.97984E-05 9.97984E-05 9.97984E-05 9.97984E-05 9.97984E-05 9.97984E-05 9.97984E-05 9.97984E-05 0.0733839 9.97984E-05 9.97984E-05 0.152185 9.97984E-05 9.97984E-05
0.032982 9.9807E-05 0.00724889 9.9807E-05 9.9807E-05 0.0530813 0.10157 9.9807E-05 0.790705 0.00524171 9.9807E-05 9.9807E-05 9.9807E-05 0.00697544 9.9807E-05 9.9807E-05 9.9807E-05 9.9807E-05 9.9807E-05 9.9807E-05 9.9807E-05 9.9807E-05 9.9807E-05 9.9807E-05 9.9807E-05 9.9807E-05 9.9807E-05 9.9807E-05 9.9807E-05
9.97898E-05 9.97898E-05 9.97898E-05 9.97898E-05 9.97898E-05 9.97898E-05 9.97898E-05 9.97898E-05 9.97898E-05 0.0189665 0.0626489 9.97898E-05 9.97898E-05 0.0243069 9.97898E-05 9.97898E-05 9.97898E-05 0.0432383 9.97898E-05 9.97898E-05 9.97898E-05 0.848444 9.97898E-05 9.97898E-05 9.97898E-05 9.97898E-05 9.97898E-05 9.97898E-05 9.97898E-05
9.97894E-05 9.97894E-05 0.00943116 0.0209124 9.97894E-05 9.97894E-05 9.97894E-05 9.97894E-05 0.124515 9.97894E-05 9.97894E-05 9.97894E-05 9.97894E-05 9.97894E-05 0.0290617 9.97894E-05 9.97894E-05 9.97894E-05 9.97894E-05 9.97894E-05 9.97894E-05 0.813685 9.97894E-05 9.97894E-05 9.97894E-05 9.97894E-05 9.97894E-05 9.97894E-05 9.97894E-05
9.97894E-05 9.97894E-05 9.97894E-05 9.97894E-05 9.97894E-05 9.97894E-05 9.97894E-05 9.97894E-05 9.97894E-05 0.108213 9.97894E-05 9.97894E-05 0.000419767 9.97894E-05 9.97894E-05 9.97894E-05 0.000746563 9.97894E-05 9.97894E-05 9.97894E-05 0.187019 9.97894E-05 9.97894E-05 9.97894E-05 0.701206 9.97894E-05 9.97894E-05 9.97894E-05 9.97894E-05
9.97545E-05 9.97545E-05 9.97545E-05 9.97545E-05 9.97545E-05 9.97545E-05 9.97545E-05 9.97545E-05 9.97545E-05 9.97545E-05 9.97545E-05 9.97545E-05 9.97545E-05 9.97545E-05 9.97545E-05 9.97545E-05 9.97545E-05 9.97545E-05 9.97545E-05 9.97545E-05 9.97545E-05 9.97545E-05 9.97545E-05 9.97545E-05 9.97545E-05 9.97545E-05 0.997207 9.97545E-05 9.97545E-05
9.97633E-05 9.97633E-05 9.97633E-05 9.97633E-05 9.97633E-05 9.97633E-05 9.97633E-05 9.97633E-05 9.97633E-05 9.97633E-05 9.97633E-05 9.97633E-05 9.97633E-05 9.97633E-05 9.97633E-05 9.97633E-05 9.97633E-05 9.97633E-05 9.97633E-05 9.97633E-05 9.97633E-05 9.97633E-05 9.97633E-05 9.97633E-05 0.79005 9.97633E-05 0.207256 9.97633E-05 9.97633E-05
9.97982E-05 9.97982E-05 0.196073 0.0463697 9.97982E-05 9.97982E-05 9.97982E-05 9.97982E-05 9.97982E-05 0.0332849 9.97982E-05 9.97982E-05 0.128301 9.97982E-05 9.97982E-05 9.97982E-05 9.97982E-05 9.97982E-05 9.97982E-05 9.97982E-05 0.127421 9.97982E-05 9.97982E-05 9.97982E-05 0.466255 9.97982E-05 9.97982E-05 9.97982E-05 9.97982E-05
0.0365359 9.98067E-05 9.98067E-05 0.0241202 9.98067E-05 0.0365945 9.98067E-05 9.98067E-05 9.98067E-05 0.0619686 9.98067E-05 9.98067E-05 0.0258145 9.98067E-05 9.98067E-05 9.98067E-05 9.98067E-05 9.98067E-05 9.98067E-05 9.98067E-05 9.98067E-05 9.98067E-05 9.98067E-05 9.98067E-05 0.739859 0.0729117 9.98067E-05 9.98067E-05 9.98067E-05
9.97892E-05 9.97892E-05 9.97892E-05 9.97892E-05 9.97892E-05 0.0140651 9.97892E-05 9.97892E-05 9.97892E-05 0.0894457 9.97892E-05 9.97892E-05 9.97892E-05 9.97892E-05 9.97892E-05 9.97892E-05 0.00730671 9.97892E-05 0.0167568 9.97892E-05 9.97892E-05 9.97892E-05 9.97892E-05 9.97892E-05 0.870031 9.97892E-05 9.97892E-05 9.97892E-05 9.97892E-05
9.97981E-05 9.97981E-05 0.205084 9.97981E-05 9.97981E-05 9.97981E-05 9.97981E-05 9.97981E-05 9.97981E-05 0.139427 9.97981E-05 0.000965665 0.000507766 9.97981E-05 9.97981E-05 9.97981E-05 9.97981E-05 9.97981E-05 9.97981E-05 9.97981E-05 9.97981E-05 9.97981E-05 9.97981E-05 9.97981E-05 0.637197 0.0145233 9.97981E-05 9.97981E-05 9.97981E-05
9.97893E-05 9.97893E-05 9.97893E-05 0.00437071 9.97893E-05 9.97893E-05 0.0561328 9.97893E-05 9.97893E-05 0.0712394 9.97893E-05 9.97893E-05 0.0388085 9.97893E-05 9.97893E-05 9.97893E-05 9.97893E-05 9.97893E-05 9.97893E-05 9.97893E-05 9.97893E-05 9.97893E-05 9.97893E-05 9.97893E-05 0.827054 9.97893E-05 9.97893E-05 9.97893E-05 9.97893E-05
9.97722E-05 0.0046345 9.97722E-05 9.97722E-05 9.97722E-05 9.97722E-05 9.97722E-05 9.97722E-05 9.97722E-05 9.97722E-05 9.97722E-05 9.97722E-05 9.97722E-05 9.97722E-05 9.97722E-05 0.00392202 9.97722E-05 9.97722E-05 9.97722E-05 9.97722E-05 9.97722E-05 9.97722E-05 9.97722E-05 9.97722E-05 0.988849 9.97722E-05 9.97722E-05 9.97722E-05 9.97722E-05
9.97717E-05 9.97717E-05 9.97717E-05 9.97717E-05 9.97717E-05 9.97717E-05 9.97717E-05 9.97717E-05 9.97717E-05 9.97717E-05 0.011256 9.97717E-05 9.97717E-05 0.0470956 9.97717E-05 9.97717E-05 9.97717E-05 9.97717E-05 9.97717E-05 9.97717E-05 9.97717E-05 9.97717E-05 9.97717E-05 9.97717E-05 9.97717E-05 9.97717E-05 0.939054 9.97717E-05 9.97717E-05
9.97891E-05 9.97891E-05 9.97891E-05 9.97891E-05 9.97891E-05 9.97891E-05 9.97891E-05 9.97891E-05 9.97891E-05 0.227562 9.97891E-05 9.97891E-05 0.0121198 0.148471 9.97891E-05 9.97891E-05 9.97891E-05 0.0308526 9.97891E-05 9.97891E-05 9.97891E-05 9.97891E-05 9.97891E-05 9.97891E-05 0.5786 9.97891E-05 9.97891E-05 9.97891E-05 9.97891E-05
9.97981E-05 9.97981E-05 9.97981E-05 9.97981E-05 9.97981E-05 0.0972136 9.97981E-05 9.97981E-05 9.97981E-05 9.97981E-05 9.97981E-05 9.97981E-05 9.97981E-05 0.0157626 9.97981E-05 9.97981E-05 0.0406894 9.97981E-05 9.97981E-05 9.97981E-05 9.97981E-05 9.97981E-05 0.0205697 0.0952548 0.728215 9.97981E-05 9.97981E-05 9.97981E-05 9.97981E-05
9.98068E-05 9.98068E-05 9.98068E-05 9.98068E-05 9.98068E-05 9.98068E-05 9.98068E-05 0.0643347 9.98068E-05 9.98068E-05 9.98068E-05 9.98068E-05 0.130397 9.98068E-05 9.98068E-05 9.98068E-05 9.98068E-05 9.98068E-05 9.98068E-05 0.0402114 9.98068E-05 9.98068E-05 0.117686 0.108616 0.49856 9.98068E-05 9.98068E-05 9.98068E-05 0.0379988
0.00358374 9.97893E-05 0.019997 9.97893E-05 9.97893E-05 0.154445 9.97893E-05 9.97893E-05 9.97893E-05 0.172549 9.97893E-05 9.97893E-05 9.97893E-05 9.97893E-05 9.97893E-05 9.97893E-05 9.97893E-05 9.97893E-05 9.97893E-05 9.97893E-05 9.97893E-05 9.97893E-05 9.97893E-05 9.97893E-05 0.64703 9.97893E-05 9.97893E-05 9.97893E-05 9.97893E-05
9.97639E-05 0.0217937 9.97639E-05 9.97639E-05 9.97639E-05 9.97639E-05 9.97639E-05 9.97639E-05 9.97639E-05 9.97639E-05 9.97639E-05 9.97639E-05 9.97639E-05 9.97639E-05 9.97639E-05 9.97639E-05 9.97639E-05 9.97639E-05 9.97639E-05 9.97639E-05 9.97639E-05 9.97639E-05 9.97639E-05 9.97639E-05 0.975513 9.97639E-05 9.97639E-05 9.97639E-05 9.97639E-05
9.97722E-05 9.97722E-05 9.97722E-05 9.97722E-05 9.97722E-05 9.97722E-05 9.97722E-05 9.97722E-05 9.97722E-05 9.97722E-05 9.97722E-05 9.97722E-05 0.0487103 9.97722E-05 9.97722E-05 9.97722E-05 9.97722E-05 9.97722E-05 9.97722E-05 9.97722E-05 9.97722E-05 9.97722E-05 9.97722E-05 9.97722E-05 0.296672 9.97722E-05 0.652023 9.97722E-05 9.97722E-05
0.101769 9.97716E-05 9.97716E-05 9.97716E-05 9.97716E-05 9.97716E-05 9.97716E-05 9.97716E-05 9.97716E-05 9.97716E-05 9.97716E-05 9.97716E-05 9.97716E-05 9.97716E-05 0.0829882 9.97716E-05 9.97716E-05 9.97716E-05 9.97716E-05 9.97716E-05 9.97716E-05 9.97716E-05 9.97716E-05 9.97716E-05 0.812648 9.97716E-05 9.97716E-05 9.97716E-05 9.97716E-05
9.97981E-05 9.97981E-05 9.97981E-05 9.97981E-05 9.97981E-05 0.106973 9.97981E-05 9.97981E-05 9.97981E-05 9.97981E-05 0.12962 9.97981E-05 0.0163862 0.0693735 9.97981E-05 9.97981E-05 9.97981E-05 9.97981E-05 9.97981E-05 9.97981E-05 9.97981E-05 9.97981E-05 0.032401 9.97981E-05 0.642951 9.97981E-05 9.97981E-05 9.97981E-05 9.97981E-05
9.97809E-05 9.97809E-05 9.97809E-05 9.97809E-05 9.97809E-05 9.97809E-05 0.0415306 9.97809E-05 9.97809E-05 9.97809E-05 9.97809E-05 9.97809E-05 0.0307714 9.97809E-05 9.97809E-05 9.97809E-05 9.97809E-05 9.97809E-05 9.97809E-05 9.97809E-05 9.97809E-05 9.97809E-05 9.97809E-05 9.97809E-05 0.873303 9.97809E-05 0.0519001 9.97809E-05 9.97809E-05
9.97891E-05 0.0642737 9.97891E-05 9.97891E-05 9.97891E-05 9.97891E-05 9.97891E-05 9.97891E-05 9.97891E-05 0.163043 9.97891E-05 9.97891E-05 9.97891E-05 9.97891E-05 9.97891E-05 9.97891E-05 9.97891E-05 9.97891E-05 9.97891E-05 9.97891E-05 9.97891E-05 9.97891E-05 9.97891E-05 0.0271259 0.739391 9.97891E-05 9.97891E-05 9.97891E-05 0.00377178
9.97724E-05 9.97724E-05 9.97724E-05 0.0287781 9.97724E-05 9.97724E-05 9.97724E-05 9.97724E-05 9.97724E-05 0.015156 9.97724E-05 9.97724E-05 9.97724E-05 9.97724E-05 9.97724E-05 9.97724E-05 9.97724E-05 9.97724E-05 9.97724E-05 9.97724E-05 9.97724E-05 9.97724E-05 9.97724E-05 9.97724E-05 9.97724E-05 9.97724E-05 0.953472 9.97724E-05 9.97724E-05
9.97717E-05 9.97717E-05 9.97717E-05 9.97717E-05 9.97717E-05 0.152006 9.97717E-05 9.97717E-05 9.97717E-05 0.0313579 9.97717E-05 9.97717E-05 9.97717E-05 9.97717E-05 9.97717E-05 9.97717E-05 9.97717E-05 9.97717E-05 9.97717E-05 9.97717E-05 9.97717E-05 9.97717E-05 9.97717E-05 9.97717E-05 0.814042 9.97717E-05 9.97717E-05 9.97717E-05 9.97717E-05
9.97985E-05 0.0299319 0.01793 9.97985E-05 9.97985E-05 9.97985E-05 9.97985E-05 9.97985E-05 9.97985E-05 9.97985E-05 9.97985E-05 9.97985E-05 9.97985E-05 9.97985E-05 9.97985E-05 9.97985E-05 9.97985E-05 9.97985E-05 9.97985E-05 9.97985E-05 0.0462135 9.97985E-05 9.97985E-05 0.0250833 0.809118 9.97985E-05 9.97985E-05 0.0694274 9.97985E-05
0.141957 9.98069E-05 9.98069E-05 9.98069E-05 9.98069E-05 9.98069E-05 0.0424138 9.98069E-05 9.98069E-05 0.0730745 9.98069E-05 9.98069E-05 9.98069E-05 9.98069E-05 0.0748071 9.98069E-05 9.98069E-05 9.98069E-05 0.00404564 9.98069E-05 9.98069E-05 9.98069E-05 9.98069E-05 9.98069E-05 0.299079 9.98069E-05 0.362428 9.98069E-05 9.98069E-05
9.97803E-05 9.97803E-05 9.97803E-05 9.97803E-05 9.97803E-05 0.0408211 9.97803E-05 9.97803E-05 9.97803E-05 9.97803E-05 9.97803E-05 9.97803E-05 9.97803E-05 0.0942594 9.97803E-05 9.97803E-05 9.97803E-05 9.97803E-05 9.97803E-05 9.97803E-05 9.97803E-05 9.97803E-05 0.0525313 9.97803E-05 9.97803E-05 9.97803E-05 0.809894 9.97803E-05 9.97803E-05
9.97722E-05 9.97722E-05 9.97722E-05 9.97722E-05 9.97722E-05 9.97722E-05 9.97722E-05 9.97722E-05 9.97722E-05 9.97722E-05 9.97722E-05 9.97722E-05 9.97722E-05 9.97722E-05 9.97722E-05 9.97722E-05 9.97722E-05 9.97722E-05 9.97722E-05 9.97722E-05 0.015392 9.97722E-05 9.97722E-05 9.97722E-05 9.97722E-05 0.0316545 0.950359 9.97722E-05 9.97722E-05
9.97548E-05 9.97548E-05 9.97548E-05 9.97548E-05 9.97548E-05 9.97548E-05 9.97548E-05 9.97548E-05 9.97548E-05 9.97548E-05 9.97548E-05 9.97548E-05 9.97548E-05 9.97548E-05 9.97548E-05 9.97548E-05 9.97548E-05 9.97548E-05 9.97548E-05 9.97548E-05 9.97548E-05 9.97548E-05 9.97548E-05 9.97548E-05 0.997207 9.97548E-05 9.97548E-05 9.97548E-05 9.97548E-05
9.97544E-05 9.97544E-05 9.97544E-05 9.97544E-05 9.97544E-05 9.97544E-05 9.97544E-05 9.97544E-05 9.97544E-05 9.97544E-05 9.97544E-05 9.97544E-05 9.97544E-05 9.97544E-05 9.97544E-05 9.97544E-05 9.97544E-05 9.97544E-05 9.97544E-05 9.97544E-05 9.97544E-05 9.97544E-05 9.97544E-05 9.97544E-05 9.97544E-05 9.97544E-05 0.997207 9.97544E-05 9.97544E-05
9.97722E-05 9.97722E-05 9.97722E-05 9.97722E-05 9.97722E-05 9.97722E-05 0.0378552 9.97722E-05 9.97722E-05 9.97722E-05 9.97722E-05 9.97722E-05 9.97722E-05 9.97722E-05 9.97722E-05 9.97722E-05 9.97722E-05 9.97722E-05 9.97722E-05 9.97722E-05 9.97722E-05 9.97722E-05 9.97722E-05 9.97722E-05 0.74691 9.97722E-05 0.21264 9.97722E-05 9.97722E-05
9.97983E-05 0.154579 9.97983E-05 9.97983E-05 9.97983E-05 9.97983E-05 9.97983E-05 9.97983E-05 9.97983E-05 0.0998514 9.97983E-05 9.97983E-05 0.0744899 9.97983E-05 9.97983E-05 9.97983E-05 9.97983E-05 9.97983E-05 9.97983E-05 9.97983E-05 9.97983E-05 9.97983E-05 9.97983E-05 9.97983E-05 0.00377433 9.97983E-05 0.508453 0.156556 9.97983E-05
9.97722E-05 9.97722E-05 9.97722E-05 9.97722E-05 9.97722E-05 9.97722E-05 9.97722E-05 0.82512 9.97722E-05 0.0919039 9.97722E-05 9.97722E-05 0.0803822 9.97722E-05 9.97722E-05 9.97722E-05 9.97722E-05 9.97722E-05 9.97722E-05 9.97722E-05 9.97722E-05 9.97722E-05 9.97722E-05 9.97722E-05 9.97722E-05 9.97722E-05 9.97722E-05 9.97722E-05 9.97722E-05
9.97898E-05 9.97898E-05 9.97898E-05 9.97898E-05 9.97898E-05 9.97898E-05 9.97898E-05 0.235905 9.97898E-05 0.0759166 9.97898E-05 9.97898E-05 0.0299762 9.97898E-05 9.97898E-05 0.42926 9.97898E-05 9.97898E-05 9.97898E-05 9.97898E-05 0.226547 9.97898E-05 9.97898E-05 9.97898E-05 9.97898E-05 9.97898E-05 9.97898E-05 9.97898E-05 9.97898E-05
9.97805E-05 9.97805E-05 9.97805E-05 9.97805E-05 9.97805E-05 9.97805E-05 9.97805E-05 0.292239 9.97805E-05 0.0782992 9.97805E-05 9.97805E-05 9.97805E-05 9.97805E-05 9.97805E-05 9.97805E-05 9.97805E-05 9.97805E-05 9.97805E-05 0.0592886 0.567679 9.97805E-05 9.97805E-05 9.97805E-05 9.97805E-05 9.97805E-05 9.97805E-05 9.97805E-05 9.97805E-05
9.97979E-05 9.97979E-05 9.97979E-05 9.97979E-05 9.97979E-05 9.97979E-05 0.00590288 0.465179 9.97979E-05 0.115819 9.97979E-05 9.97979E-05 0.0105863 0.0434666 9.97979E-05 9.97979E-05 9.97979E-05 9.97979E-05 9.97979E-05 9.97979E-05 0.356751 9.97979E-05 9.97979E-05 9.97979E-05 9.97979E-05 9.97979E-05 9.97979E-05 9.97979E-05 9.97979E-05
9.97805E-05 9.97805E-05 9.97805E-05 9.97805E-05 9.97805E-05 9.97805E-05 9.97805E-05 0.759487 9.97805E-05 9.97805E-05 9.97805E-05 9.97805E-05 0.0764947 9.97805E-05 9.97805E-05 9.97805E-05 9.97805E-05 9.97805E-05 9.97805E-05 9.97805E-05 0.0943905 9.97805E-05 0.067133 9.97805E-05 9.97805E-05 9.97805E-05 9.97805E-05 9.97805E-05 9.97805E-05
9.97984E-05 9.97984E-05 0.0605861 9.97984E-05 9.97984E-05 9.97984E-05 9.97984E-05 0.645067 9.97984E-05 0.141931 9.97984E-05 9.97984E-05 0.115177 9.97984E-05 9.97984E-05 0.00708116 9.97984E-05 0.027862 9.97984E-05 9.97984E-05 9.97984E-05 9.97984E-05 9.97984E-05 9.97984E-05 9.97984E-05 9.97984E-05 9.97984E-05 9.97984E-05 9.97984E-05
9.97894E-05 9.97894E-05 9.97894E-05 9.97894E-05 9.97894E-05 9.97894E-05 0.0592388 9.97894E-05 9.97894E-05 9.97894E-05 9.97894E-05 9.97894E-05 0.019379 0.0139327 9.97894E-05 9.97894E-05 9.97894E-05 9.97894E-05 9.97894E-05 0.0855837 0.819471 9.97894E-05 9.97894E-05 9.97894E-05 9.97894E-05 9.97894E-05 9.97894E-05 9.97894E-05 9.97894E-05
9.97806E-05 9.97806E-05 9.97806E-05 9.97806E-05 9.97806E-05 9.97806E-05 9.97806E-05 0.290896 9.97806E-05 0.0381054 9.97806E-05 9.97806E-05 0.137717 9.97806E-05 9.97806E-05 9.97806E-05 9.97806E-05 9.97806E-05 9.97806E-05 9.97806E-05 0.530787 9.97806E-05 9.97806E-05 9.97806E-05 9.97806E-05 9.97806E-05 9.97806E-05 9.97806E-05 9.97806E-05
9.97805E-05 9.97805E-05 0.151155 0.00964621 0.00288744 9.97805E-05 9.97805E-05 9.97805E-05 9.97805E-05 0.0140275 9.97805E-05 9.97805E-05 0.287768 9.97805E-05 9.97805E-05 9.97805E-05 9.97805E-05 9.97805E-05 9.97805E-05 9.97805E-05 0.498078 9.97805E-05 0.0342418 9.97805E-05 9.97805E-05 9.97805E-05 9.97805E-05 9.97805E-05 9.97805E-05
9.98067E-05 9.98067E-05 9.98067E-05 9.98067E-05 0.0288366 9.98067E-05 9.98067E-05 9.98067E-05 9.98067E-05 0.101926 9.98067E-05 9.98067E-05 0.132604 9.98067E-05 9.98067E-05 9.98067E-05 0.00411084 0.0539288 9.98067E-05 9.98067E-05 0.627581 9.98067E-05 0.0488173 9.98067E-05 9.98067E-05 9.98067E-05 9.98067E-05 9.98067E-05 9.98067E-05
9.97808E-05 9.97808E-05 0.228903 9.97808E-05 9.97808E-05 9.97808E-05 9.97808E-05 0.136071 9.97808E-05 9.97808E-05 9.97808E-05 9.97808E-05 9.97808E-05 9.97808E-05 9.97808E-05 0.333195 9.97808E-05 9.97808E-05 9.97808E-05 9.97808E-05 0.299336 9.97808E-05 9.97808E-05 9.97808E-05 9.97808E-05 9.97808E-05 9.97808E-05 9.97808E-05 9.97808E-05
9.9781E-05 9.9781E-05 0.0991096 9.9781E-05 9.9781E-05 9.9781E-05 9.9781E-05 0.738515 9.9781E-05 9.9781E-05 9.9781E-05 9.9781E-05 9.9781E-05 9.9781E-05 9.9781E-05 0.111521 9.9781E-05 9.9781E-05 9.9781E-05 9.9781E-05 9.9781E-05 9.9781E-05 9.9781E-05 9.9781E-05 9.9781E-05 0.0483603 9.9781E-05 9.9781E-05 9.9781E-05
9.97721E-05 9.97721E-05 9.97721E-05 9.97721E-05 9.97721E-05 9.97721E-05 9.97721E-05 0.142024 9.97721E-05 9.97721E-05 9.97721E-05 9.97721E-05 0.0104857 9.97721E-05 9.97721E-05 9.97721E-05 9.97721E-05 9.97721E-05 9.97721E-05 9.97721E-05 0.844897 9.97721E-05 9.97721E-05 9.97721E-05 9.97721E-05 9.97721E-05 9.97721E-05 9.97721E-05 9.97721E-05
9.97896E-05 9.97896E-05 9.97896E-05 9.97896E-05 9.97896E-05 9.97896E-05 9.97896E-05 0.38957 9.97896E-05 0.144364 9.97896E-05 9.97896E-05 0.116051 9.97896E-05 9.97896E-05 9.97896E-05 9.97896E-05 9.97896E-05 9.97896E-05 9.97896E-05 0.214117 9.97896E-05 9.97896E-05 9.97896E-05 9.97896E-05 9.97896E-05 9.97896E-05 0.133504 9.97896E-05
9.98246E-05 9.98246E-05 9.98246E-05 9.98246E-05 0.00873071 9.98246E-05 0.0468859 0.28649 9.98246E-05 9.98246E-05 9.98246E-05 9.98246E-05 0.0992227 9.98246E-05 9.98246E-05 9.98246E-05 0.0374655 0.0272525 9.98246E-05 9.98246E-05 0.360981 9.98246E-05 0.0480061 9.98246E-05 9.98246E-05 9.98246E-05 9.98246E-05 0.082969 9.98246E-05
9.98334E-05 0.0381636 0.038414 9.98334E-05 9.98334E-05 9.98334E-05 9.98334E-05 0.433749 9.98334E-05 0.0922516 9.98334E-05 9.98334E-05 0.0149871 0.0107716 0.0480723 0.035089 9.98334E-05 0.0798026 9.98334E-05 9.98334E-05 0.206802 9.98334E-05 9.98334E-05 9.98334E-05 9.98334E-05 9.98334E-05 9.98334E-05 9.98334E-05 9.98334E-05
9.97895E-05 9.97895E-05 0.214631 9.97895E-05 9.97895E-05 9.97895E-05 9.97895E-05 0.466776 9.97895E-05 0.0668377 9.97895E-05 9.97895E-05 9.97895E-05 9.97895E-05 9.97895E-05 9.97895E-05 9.97895E-05 9.97895E-05 9.97895E-05 9.97895E-05 0.232162 9.97895E-05 9.97895E-05 9.97895E-05 9.97895E-05 0.0171982 9.97895E-05 9.97895E-05 9.97895E-05
9.97987E-05 9.97987E-05 9.97987E-05 9.97987E-05 9.97987E-05 9.97987E-05 9.97987E-05 0.464721 9.97987E-05 9.97987E-05 9.97987E-05 9.97987E-05 0.0571344 0.0219699 9.97987E-05 0.0158874 9.97987E-05 0.161854 9.97987E-05 9.97987E-05 0.276138 9.97987E-05 9.97987E-05 9.97987E-05 9.97987E-05 9.97987E-05 9.97987E-05 9.97987E-05 9.97987E-05
9.97983E-05 9.97983E-05 9.97983E-05 9.97983E-05 9.97983E-05 0.0169783 9.97983E-05 0.716064 9.97983E-05 9.97983E-05 0.0192443 9.97983E-05 9.97983E-05 0.0517772 9.97983E-05 0.00488511 9.97983E-05 9.97983E-05 9.97983E-05 9.97983E-05 0.188756 9.97983E-05 9.97983E-05 9.97983E-05 9.97983E-05 9.97983E-05 9.97983E-05 9.97983E-05 9.97983E-05
9.98159E-05 9.98159E-05 9.98159E-05 9.98159E-05 9.98159E-05 9.98159E-05 9.98159E-05 0.431253 9.98159E-05 0.0900888 9.98159E-05 9.98159E-05 0.074145 9.98159E-05 9.98159E-05 0.270364 0.00689274 0.0263441 9.98159E-05 9.98159E-05 9.98159E-05 9.98159E-05 9.98159E-05 9.98159E-05 0.0353608 0.0634548 9.98159E-05 9.98159E-05 9.98159E-05
9.97895E-05 9.97895E-05 0.115619 9.97895E-05 9.97895E-05 9.97895E-05 9.97895E-05 0.658387 9.97895E-05 0.0584141 9.97895E-05 9.97895E-05 9.97895E-05 9.97895E-05 9.97895E-05 9.97895E-05 9.97895E-05 0.0594913 9.97895E-05 9.97895E-05 9.97895E-05 9.97895E-05 9.97895E-05 9.97895E-05 9.97895E-05 9.97895E-05 9.97895E-05 0.105694 9.97895E-05
9.97721E-05 9.97721E-05 9.97721E-05 9.97721E-05 9.97721E-05 9.97721E-05 9.97721E-05 0.985186 9.97721E-05 9.97721E-05 9.97721E-05 9.97721E-05 0.0059957 9.97721E-05 9.97721E-05 9.97721E-05 9.97721E-05 9.97721E-05 9.97721E-05 9.97721E-05 9.97721E-05 9.97721E-05 0.00622424 9.97721E-05 9.97721E-05 9.97721E-05 9.97721E-05 9.97721E-05 9.97721E-05
9.97982E-05 9.97982E-05 0.0538531 9.97982E-05 9.97982E-05 9.97982E-05 9.97982E-05 0.52671 9.97982E-05 0.185905 9.97982E-05 0.00749485 0.185763 9.97982E-05 9.97982E-05 9.97982E-05 9.97982E-05 9.97982E-05 9.97982E-05 9.97982E-05 9.97982E-05 9.97982E-05 9.97982E-05 9.97982E-05 9.97982E-05 0.03798 9.97982E-05 9.97982E-05 9.97982E-05
9.98159E-05 9.98159E-05 9.98159E-05 9.98159E-05 0.0783289 9.98159E-05 9.98159E-05 0.451024 9.98159E-05 0.0295138 9.98159E-05 9.98159E-05 0.0913685 9.98159E-05 9.98159E-05 0.08761 9.98159E-05 9.98159E-05 9.98159E-05 0.0141513 0.100346 9.98159E-05 9.98159E-05 9.98159E-05 9.98159E-05 9.98159E-05 9.98159E-05 0.145561 9.98159E-05
9.9807E-05 9.9807E-05 0.00132005 9.9807E-05 9.9807E-05 9.9807E-05 9.9807E-05 0.462981 9.9807E-05 0.191018 0.0477058 0.0778083 0.192014 9.9807E-05 9.9807E-05 9.9807E-05 9.9807E-05 9.9807E-05 0.0249573 9.9807E-05 9.9807E-05 9.9807E-05 9.9807E-05 9.9807E-05 9.9807E-05 9.9807E-05 9.9807E-05 9.9807E-05 9.9807E-05
9.98246E-05 9.98246E-05 0.0315463 9.98246E-05 9.98246E-05 9.98246E-05 0.0144368 9.98246E-05 9.98246E-05 0.0681352 9.98246E-05 9.98246E-05 0.0789881 9.98246E-05 9.98246E-05 0.109923 9.98246E-05 9.98246E-05 9.98246E-05 9.98246E-05 0.662209 9.98246E-05 0.0199779 0.00246903 9.98246E-05 9.98246E-05 9.98246E-05 9.98246E-05 0.0103188
9.97984E-05 9.97984E-05 9.97984E-05 0.00520252 9.97984E-05 9.97984E-05 9.97984E-05 0.107487 9.97984E-05 0.0299818 9.97984E-05 9.97984E-05 9.97984E-05 9.97984E-05 9.97984E-05 9.97984E-05 9.97984E-05 9.97984E-05 0.0987132 9.97984E-05 9.97984E-05 9.97984E-05 9.97984E-05 0.00382962 9.97984E-05 9.97984E-05 9.97984E-05 0.75249 9.97984E-05
0.00800383 9.97978E-05 9.97978E-05 9.97978E-05 9.97978E-05 9.97978E-05 9.97978E-05 0.617487 9.97978E-05 0.0854789 0.0436349 9.97978E-05 0.011454 9.97978E-05 9.97978E-05 9.97978E-05 9.97978E-05 9.97978E-05 9.97978E-05 9.97978E-05 0.231646 9.97978E-05 9.97978E-05 9.97978E-05 9.97978E-05 9.97978E-05 9.97978E-05 9.97978E-05 9.97978E-05
9.97898E-05 9.97898E-05 0.0439613 9.97898E-05 9.97898E-05 9.97898E-05 9.97898E-05 0.652015 9.97898E-05 0.115436 9.97898E-05 9.97898E-05 0.177829 9.97898E-05 9.97898E-05 9.97898E-05 9.97898E-05 9.97898E-05 9.97898E-05 9.97898E-05 0.00836417 9.97898E-05 9.97898E-05 9.97898E-05 9.97898E-05 9.97898E-05 9.97898E-05 9.97898E-05 9.97898E-05
9.97984E-05 9.97984E-05 9.97984E-05 9.97984E-05 9.97984E-05 9.97984E-05 9.97984E-05 0.462335 9.97984E-05 0.0890733 9.97984E-05 9.97984E-05 9.97984E-05 0.0103874 9.97984E-05 9.97984E-05 9.97984E-05 9.97984E-05 9.97984E-05 0.0142707 9.97984E-05 9.97984E-05 9.97984E-05 9.97984E-05 9.97984E-05 0.117731 9.97984E-05 0.303907 9.97984E-05
9.97895E-05 9.97895E-05 9.97895E-05 9.97895E-05 9.97895E-05 9.97895E-05 9.97895E-05 0.0277116 9.97895E-05 0.129576 9.97895E-05 0.0364059 9.97895E-05 9.97895E-05 9.97895E-05 9.97895E-05 9.97895E-05 9.97895E-05 9.97895E-05 9.97895E-05 0.802353 9.97895E-05 9.97895E-05 9.97895E-05 9.97895E-05 9.97895E-05 9.97895E-05 9.97895E-05 0.00155925
