0.0597917 9.98947E-05 9.98947E-05 0.0534636 9.98947E-05 0.0169595 0.191354 9.98947E-05 0.0570796 0.336974 9.98947E-05 9.98947E-05 9.98947E-05 9.98947E-05 0.257206 9.98947E-05 0.0164769 9.98947E-05 0.00949573 9.98947E-05 9.98947E-05
9.98596E-05 0.0125204 9.98596E-05 0.140891 0.0635151 9.98596E-05 9.98596E-05 9.98596E-05 9.98596E-05 0.695689 9.98596E-05 9.98596E-05 9.98596E-05 9.98596E-05 0.0857864 9.98596E-05 9.98596E-05 9.98596E-05 9.98596E-05 9.98596E-05 9.98596E-05
0.07013 9.98597E-05 9.98597E-05 9.98597E-05 9.98597E-05 9.98597E-05 9.98597E-05 9.98597E-05 9.98597E-05 0.849814 9.98597E-05 0.0327763 9.98597E-05 9.98597E-05 9.98597E-05 9.98597E-05 9.98597E-05 9.98597E-05 0.0307191 9.98597E-05 0.0149628
0.00304281 9.98947E-05 9.98947E-05 9.98947E-05 0.382075 9.98947E-05 0.107719 9.98947E-05 9.98947E-05 0.264148 0.0047046 0.125267 9.98947E-05 0.0684893 9.98947E-05 0.0328303 0.0105261 9.98947E-05 9.98947E-05 9.98947E-05 9.98947E-05
9.98596E-05 9.98596E-05 9.98596E-05 0.0674696 9.98596E-05 9.98596E-05 9.98596E-05 9.98596E-05 9.98596E-05 0.807045 0.0166465 9.98596E-05 9.98596E-05 0.0562157 9.98596E-05 9.98596E-05 9.98596E-05 9.98596E-05 9.98596E-05 9.98596E-05 0.0510251
9.98947E-05 9.98947E-05 9.98947E-05 0.00893867 9.98947E-05 0.0465204 0.00716681 9.98947E-05 9.98947E-05 0.205715 0.126074 0.153807 9.98947E-05 9.98947E-05 0.230994 0.128957 9.98947E-05 9.98947E-05 9.98947E-05 9.98947E-05 0.0906272
0.000801972 0.0718857 0.0832069 0.0563078 0.211454 9.99123E-05 0.0948551 9.99123E-05 9.99123E-05 0.248686 9.99123E-05 9.99123E-05 9.99123E-05 9.99123E-05 0.125071 0.00781839 0.0909045 9.99123E-05 9.99123E-05 9.99123E-05 0.00800988
9.99035E-05 9.99035E-05 9.99035E-05 9.99035E-05 9.99035E-05 0.146451 0.184098 9.99035E-05 0.0602951 0.189198 0.135891 9.99035E-05 9.99035E-05 0.111931 0.0661284 0.00501584 9.99035E-05 0.0705729 9.99035E-05 9.99035E-05 0.0293194
0.204328 9.98947E-05 9.98947E-05 0.022041 9.98947E-05 0.0266351 0.0653306 9.98947E-05 9.98947E-05 0.218015 0.236353 0.0138104 9.98947E-05 0.0807838 9.98947E-05 9.98947E-05 9.98947E-05 9.98947E-05 0.131504 9.98947E-05 9.98947E-05
0.0568455 9.98332E-05 9.98332E-05 9.98332E-05 9.98332E-05 9.98332E-05 9.98332E-05 9.98332E-05 9.98332E-05 0.941258 9.98332E-05 9.98332E-05 9.98332E-05 9.98332E-05 9.98332E-05 9.98332E-05 9.98332E-05 9.98332E-05 9.98332E-05 9.98332E-05 9.98332E-05
0.166126 9.98683E-05 9.98683E-05 9.98683E-05 9.98683E-05 9.98683E-05 0.0900139 9.98683E-05 9.98683E-05 0.525949 0.00620469 9.98683E-05 9.98683E-05 9.98683E-05 0.0842255 9.98683E-05 0.125983 9.98683E-05 9.98683E-05 9.98683E-05 9.98683E-05
9.98595E-05 9.98595E-05 9.98595E-05 9.98595E-05 9.98595E-05 9.98595E-05 9.98595E-05 9.98595E-05 9.98595E-05 0.916347 9.98595E-05 9.98595E-05 9.98595E-05 9.98595E-05 0.0359002 0.00911028 0.019888 0.0171567 9.98595E-05 9.98595E-05 9.98595E-05
0.123543 9.98508E-05 9.98508E-05 9.98508E-05 9.98508E-05 9.98508E-05 0.0691542 9.98508E-05 9.98508E-05 0.796112 9.98508E-05 9.98508E-05 9.98508E-05 9.98508E-05 9.98508E-05 9.98508E-05 9.98508E-05 9.98508E-05 9.98508E-05 0.00949333 9.98508E-05
0.0791575 9.98772E-05 9.98772E-05 9.98772E-05 9.98772E-05 9.98772E-05 0.0895557 0.117215 9.98772E-05 0.586509 9.98772E-05 0.00112257 9.98772E-05 9.98772E-05 9.98772E-05 9.98772E-05 9.98772E-05 0.0383221 9.98772E-05 9.98772E-05 0.0867204
0.192185 9.98859E-05 9.98859E-05 9.98859E-05 9.98859E-05 0.0579802 0.00617944 9.98859E-05 9.98859E-05 0.25467 0.161473 0.0183743 9.98859E-05 9.98859E-05 0.248859 0.0589806 9.98859E-05 9.98859E-05 9.98859E-05 9.98859E-05 9.98859E-05
0.061931 9.9886E-05 9.9886E-05 9.9886E-05 0.13246 9.9886E-05 0.0967111 9.9886E-05 9.9886E-05 0.166734 0.151481 9.9886E-05 9.9886E-05 9.9886E-05 0.207171 0.114512 9.9886E-05 0.0677018 9.9886E-05 9.9886E-05 9.9886E-05
0.0273861 9.9886E-05 9.9886E-05 0.167253 0.0355397 9.9886E-05 0.0279747 0.0911399 0.0481421 0.577025 9.9886E-05 9.9886E-05 9.9886E-05 9.9886E-05 9.9886E-05 9.9886E-05 0.0242403 9.9886E-05 9.9886E-05 9.9886E-05 9.9886E-05
0.122073 9.98683E-05 9.98683E-05 9.98683E-05 9.98683E-05 9.98683E-05 0.146688 9.98683E-05 9.98683E-05 0.157765 9.98683E-05 9.98683E-05 0.123669 9.98683E-05 0.313177 9.98683E-05 9.98683E-05 9.98683E-05 9.98683E-05 0.13513 9.98683E-05
0.163082 9.98771E-05 9.98771E-05 9.98771E-05 9.98771E-05 9.98771E-05 0.147076 9.98771E-05 0.0533589 0.366267 0.134392 9.98771E-05 9.98771E-05 9.98771E-05 9.98771E-05 0.124374 9.98771E-05 9.98771E-05 9.98771E-05 0.0100505 9.98771E-05
0.000440108 0.00561987 9.98595E-05 9.98595E-05 9.98595E-05 9.98595E-05 9.98595E-05 9.98595E-05 9.98595E-05 0.931956 0.00313693 9.98595E-05 0.0572489 9.98595E-05 9.98595E-05 9.98595E-05 9.98595E-05 9.98595E-05 9.98595E-05 9.98595E-05 9.98595E-05
9.9886E-05 9.9886E-05 9.9886E-05 9.9886E-05 9.9886E-05 9.9886E-05 9.9886E-05 9.9886E-05 9.9886E-05 0.491039 0.0618973 0.0744519 9.9886E-05 0.217174 9.9886E-05 9.9886E-05 0.0340848 0.0511548 0.0662204 0.00267986 9.9886E-05
9.99028E-05 0.0600007 9.99028E-05 9.99028E-05 9.99028E-05 0.0323904 0.296653 9.99028E-05 9.99028E-05 0.256618 0.0981051 0.0143197 9.99028E-05 0.0191722 9.99028E-05 0.14757 9.99028E-05 9.99028E-05 9.99028E-05 9.99028E-05 0.0739721
0.0923099 9.98597E-05 9.98597E-05 9.98597E-05 9.98597E-05 9.98597E-05 9.98597E-05 9.98597E-05 9.98597E-05 0.603703 9.98597E-05 0.0112627 9.98597E-05 9.98597E-05 0.243308 9.98597E-05 0.0478181 9.98597E-05 9.98597E-05 9.98597E-05 9.98597E-05
0.199602 9.98772E-05 9.98772E-05 9.98772E-05 9.98772E-05 9.98772E-05 0.322991 9.98772E-05 0.000713209 0.380601 9.98772E-05 9.98772E-05 9.98772E-05 9.98772E-05 0.0126257 9.98772E-05 9.98772E-05 0.000575515 0.0814938 9.98772E-05 9.98772E-05
0.248788 9.9886E-05 9.9886E-05 9.9886E-05 0.0922351 9.9886E-05 0.0835933 9.9886E-05 9.9886E-05 0.19916 0.0717782 0.134522 0.0491728 9.9886E-05 9.9886E-05 9.9886E-05 0.119451 9.9886E-05 9.9886E-05 9.9886E-05 9.9886E-05
0.10214 9.98771E-05 9.98771E-05 9.98771E-05 0.0601681 9.98771E-05 0.0921423 9.98771E-05 9.98771E-05 0.681464 0.00622887 0.0474015 9.98771E-05 9.98771E-05 9.98771E-05 9.98771E-05 9.98771E-05 9.98771E-05 9.98771E-05 9.98771E-05 0.0090565
0.0905571 0.313338 9.98683E-05 9.98683E-05 9.98683E-05 9.98683E-05 0.243153 9.98683E-05 9.98683E-05 9.98683E-05 9.98683E-05 0.146683 9.98683E-05 9.98683E-05 9.98683E-05 9.98683E-05 9.98683E-05 0.0540276 9.98683E-05 0.150744 9.98683E-05
0.0258738 0.0210256 9.98684E-05 9.98684E-05 0.084991 9.98684E-05 0.0576574 9.98684E-05 9.98684E-05 0.750062 9.98684E-05 9.98684E-05 9.98684E-05 9.98684E-05 9.98684E-05 0.0588924 9.98684E-05 9.98684E-05 9.98684E-05 9.98684E-05 9.98684E-05
0.133568 0.0377333 9.98772E-05 9.98772E-05 9.98772E-05 9.98772E-05 0.0221588 9.98772E-05 9.98772E-05 0.564144 9.98772E-05 0.0992957 9.98772E-05 9.98772E-05 0.0824297 9.98772E-05 9.98772E-05 9.98772E-05 0.0592717 9.98772E-05 9.98772E-05
0.0812056 0.0807701 9.98685E-05 9.98685E-05 9.98685E-05 9.98685E-05 9.98685E-05 0.0241146 0.0506017 0.68458 0.0772301 9.98685E-05 9.98685E-05 9.98685E-05 9.98685E-05 9.98685E-05 9.98685E-05 9.98685E-05 9.98685E-05 9.98685E-05 9.98685E-05
9.98859E-05 0.0559884 0.0091638 9.98859E-05 9.98859E-05 9.98859E-05 9.98859E-05 9.98859E-05 9.98859E-05 0.662741 0.0361317 9.98859E-05 0.0534773 9.98859E-05 0.0301239 0.0617375 0.0893382 9.98859E-05 9.98859E-05 9.98859E-05 9.98859E-05
9.9851E-05 9.9851E-05 9.9851E-05 9.9851E-05 9.9851E-05 9.9851E-05 9.9851E-05 9.9851E-05 9.9851E-05 0.513515 9.9851E-05 0.317523 9.9851E-05 0.0593884 9.9851E-05 0.107877 9.9851E-05 9.9851E-05 9.9851E-05 9.9851E-05 9.9851E-05
0.131214 9.98683E-05 9.98683E-05 9.98683E-05 9.98683E-05 9.98683E-05 0.122489 9.98683E-05 9.98683E-05 0.522837 9.98683E-05 0.0105676 9.98683E-05 9.98683E-05 0.0812385 9.98683E-05 0.130156 9.98683E-05 9.98683E-05 9.98683E-05 9.98683E-05
0.134563 0.0022414 0.0487904 9.98947E-05 0.0546187 9.98947E-05 0.149002 9.98947E-05 9.98947E-05 0.362529 9.98947E-05 0.215423 9.98947E-05 9.98947E-05 9.98947E-05 9.98947E-05 9.98947E-05 9.98947E-05 9.98947E-05 0.000500729 0.0311323
0.0197949 0.0272619 9.98684E-05 9.98684E-05 9.98684E-05 9.98684E-05 9.98684E-05 9.98684E-05 9.98684E-05 0.786143 9.98684E-05 9.98684E-05 0.0741098 9.98684E-05 9.98684E-05 0.0229504 0.0682422 9.98684E-05 9.98684E-05 9.98684E-05 9.98684E-05
9.98859E-05 0.0356474 9.98859E-05 0.0159744 0.131649 9.98859E-05 0.0980855 9.98859E-05 9.98859E-05 0.662469 0.0147658 9.98859E-05 9.98859E-05 9.98859E-05 0.0146487 9.98859E-05 9.98859E-05 9.98859E-05 0.0254618 9.98859E-05 9.98859E-05
9.98598E-05 9.98598E-05 0.0491225 9.98598E-05 9.98598E-05 0.00517184 9.98598E-05 9.98598E-05 9.98598E-05 0.853928 9.98598E-05 9.98598E-05 9.98598E-05 9.98598E-05 9.98598E-05 0.0679328 0.0222469 9.98598E-05 9.98598E-05 9.98598E-05 9.98598E-05
0.0807093 9.98686E-05 9.98686E-05 0.198575 9.98686E-05 9.98686E-05 9.98686E-05 0.0260385 9.98686E-05 0.535104 0.0789095 9.98686E-05 0.0791659 9.98686E-05 9.98686E-05 9.98686E-05 9.98686E-05 9.98686E-05 9.98686E-05 9.98686E-05 9.98686E-05
0.189214 9.98772E-05 9.98772E-05 0.0900858 9.98772E-05 9.98772E-05 0.0250056 0.0514898 9.98772E-05 0.533044 9.98772E-05 9.98772E-05 9.98772E-05 9.98772E-05 9.98772E-05 9.98772E-05 0.00442206 9.98772E-05 9.98772E-05 9.98772E-05 0.105341
0.202247 9.98771E-05 0.0412553 9.98771E-05 9.98771E-05 9.98771E-05 0.0467513 9.98771E-05 9.98771E-05 0.558473 9.98771E-05 0.0944699 9.98771E-05 9.98771E-05 9.98771E-05 0.0448633 0.0105428 9.98771E-05 9.98771E-05 9.98771E-05 9.98771E-05
0.0333068 0.0981556 9.98597E-05 9.98597E-05 9.98597E-05 9.98597E-05 0.0655072 9.98597E-05 9.98597E-05 0.779289 9.98597E-05 9.98597E-05 9.98597E-05 9.98597E-05 9.98597E-05 9.98597E-05 9.98597E-05 0.0221432 9.98597E-05 9.98597E-05 9.98597E-05
0.127737 0.112615 9.98599E-05 9.98599E-05 9.98599E-05 9.98599E-05 0.141556 9.98599E-05 9.98599E-05 0.537314 0.0791801 9.98599E-05 9.98599E-05 9.98599E-05 9.98599E-05 9.98599E-05 9.98599E-05 9.98599E-05 9.98599E-05 9.98599E-05 9.98599E-05
9.98684E-05 0.180572 9.98684E-05 9.98684E-05 9.98684E-05 9.98684E-05 0.00410993 0.0786332 9.98684E-05 0.668715 9.98684E-05 9.98684E-05 9.98684E-05 9.98684E-05 9.98684E-05 0.0529621 0.0135099 9.98684E-05 9.98684E-05 9.98684E-05 9.98684E-05
0.158161 9.9886E-05 9.9886E-05 0.0695557 9.9886E-05 9.9886E-05 0.0815229 9.9886E-05 9.9886E-05 0.286889 0.0940997 9.9886E-05 9.9886E-05 9.9886E-05 0.118027 9.9886E-05 0.0767042 9.9886E-05 0.113742 9.9886E-05 9.9886E-05
0.235473 9.98597E-05 9.98597E-05 9.98597E-05 0.112278 9.98597E-05 0.421213 9.98597E-05 9.98597E-05 0.180269 9.98597E-05 9.98597E-05 9.98597E-05 9.98597E-05 9.98597E-05 9.98597E-05 9.98597E-05 9.98597E-05 9.98597E-05 9.98597E-05 0.0491678
0.016946 9.98859E-05 9.98859E-05 9.98859E-05 0.0275568 9.98859E-05 0.0389115 9.98859E-05 0.00573306 0.825034 0.0173844 9.98859E-05 0.0181333 9.98859E-05 9.98859E-05 9.98859E-05 9.98859E-05 9.98859E-05 9.98859E-05 0.049002 9.98859E-05
0.104028 9.98684E-05 9.98684E-05 9.98684E-05 0.0655764 9.98684E-05 9.98684E-05 9.98684E-05 9.98684E-05 0.779292 0.0421733 9.98684E-05 9.98684E-05 9.98684E-05 9.98684E-05 9.98684E-05 0.00199218 9.98684E-05 9.98684E-05 0.00544052 9.98684E-05
9.98246E-05 9.98246E-05 9.98246E-05 9.98246E-05 9.98246E-05 9.98246E-05 9.98246E-05 9.98246E-05 9.98246E-05 0.998004 9.98246E-05 9.98246E-05 9.98246E-05 9.98246E-05 9.98246E-05 9.98246E-05 9.98246E-05 9.98246E-05 9.98246E-05 9.98246E-05 9.98246E-05
0.100325 9.98858E-05 9.98858E-05 9.98858E-05 9.98858E-05 9.98858E-05 0.137045 9.98858E-05 9.98858E-05 0.59664 9.98858E-05 0.0153091 9.98858E-05 0.0502812 0.060462 9.98858E-05 0.00169652 0.0369435 9.98858E-05 9.98858E-05 9.98858E-05
9.98688E-05 9.98688E-05 0.151574 0.0542107 9.98688E-05 9.98688E-05 9.98688E-05 9.98688E-05 9.98688E-05 0.692857 0.0139909 9.98688E-05 9.98688E-05 9.98688E-05 9.98688E-05 0.0263766 9.98688E-05 9.98688E-05 9.98688E-05 9.98688E-05 0.0594934
0.109898 0.093948 9.99122E-05 9.99122E-05 9.99122E-05 9.99122E-05 0.00987235 9.99122E-05 9.99122E-05 0.232875 0.00984787 0.248501 9.99122E-05 0.075726 0.0479766 9.99122E-05 0.0448528 0.00767394 0.117829 9.99122E-05 9.99122E-05
9.98685E-05 9.98685E-05 9.98685E-05 9.98685E-05 0.110864 9.98685E-05 0.218071 9.98685E-05 9.98685E-05 0.562176 9.98685E-05 0.00100116 9.98685E-05 9.98685E-05 9.98685E-05 9.98685E-05 9.98685E-05 0.0325552 9.98685E-05 9.98685E-05 0.0738351
0.00432275 9.98509E-05 9.98509E-05 9.98509E-05 9.98509E-05 9.98509E-05 0.072438 9.98509E-05 9.98509E-05 0.872426 9.98509E-05 9.98509E-05 9.98509E-05 9.98509E-05 9.98509E-05 9.98509E-05 9.98509E-05 9.98509E-05 9.98509E-05 0.0491162 9.98509E-05
0.134044 9.99036E-05 0.0345583 0.00418422 9.99036E-05 9.99036E-05 0.0231948 9.99036E-05 0.00492289 0.618911 0.0121608 9.99036E-05 9.99036E-05 9.99036E-05 9.99036E-05 9.99036E-05 9.99036E-05 0.130087 9.99036E-05 0.00691654 0.029921
0.0388182 9.98599E-05 9.98599E-05 9.98599E-05 9.98599E-05 9.98599E-05 9.98599E-05 9.98599E-05 9.98599E-05 0.802966 9.98599E-05 9.98599E-05 9.98599E-05 9.98599E-05 0.0338812 0.0884326 9.98599E-05 9.98599E-05 9.98599E-05 9.98599E-05 0.0343045
9.98861E-05 0.00640695 9.98861E-05 9.98861E-05 9.98861E-05 9.98861E-05 9.98861E-05 9.98861E-05 9.98861E-05 0.689286 9.98861E-05 0.0988031 0.129991 9.98861E-05 0.0101298 0.055385 0.000392907 9.98861E-05 9.98861E-05 9.98861E-05 0.00830675
0.0307988 9.98946E-05 9.98946E-05 9.98946E-05 9.98946E-05 9.98946E-05 0.0907514 9.98946E-05 0.0204242 0.741232 0.0598049 9.98946E-05 9.98946E-05 9.98946E-05 9.98946E-05 0.00240399 0.00107112 0.022026 9.98946E-05 0.0302887 9.98946E-05
0.0532063 9.98509E-05 9.98509E-05 9.98509E-05 0.141521 9.98509E-05 0.015412 9.98509E-05 9.98509E-05 0.788163 9.98509E-05 9.98509E-05 9.98509E-05 9.98509E-05 9.98509E-05 9.98509E-05 9.98509E-05 9.98509E-05 9.98509E-05 9.98509E-05 9.98509E-05
0.00429496 0.0116424 0.0170302 9.98771E-05 0.0304117 0.0460385 9.98771E-05 9.98771E-05 9.98771E-05 0.854885 0.0342993 9.98771E-05 9.98771E-05 9.98771E-05 9.98771E-05 9.98771E-05 9.98771E-05 9.98771E-05 9.98771E-05 9.98771E-05 9.98771E-05
0.135539 9.98859E-05 9.98859E-05 0.0607269 9.98859E-05 0.0647909 9.98859E-05 9.98859E-05 9.98859E-05 9.98859E-05 0.0258694 0.0303456 9.98859E-05 9.98859E-05 0.641228 9.98859E-05 0.0310068 9.98859E-05 9.98859E-05 0.00919512 9.98859E-05
9.98247E-05 9.98247E-05 9.98247E-05 9.98247E-05 9.98247E-05 9.98247E-05 9.98247E-05 9.98247E-05 9.98247E-05 9.98247E-05 9.98247E-05 9.98247E-05 9.98247E-05 9.98247E-05 0.998004 9.98247E-05 9.98247E-05 9.98247E-05 9.98247E-05 9.98247E-05 9.98247E-05
9.98509E-05 9.98509E-05 0.0514703 9.98509E-05 9.98509E-05 9.98509E-05 9.98509E-05 0.0149006 9.98509E-05 9.98509E-05 9.98509E-05 9.98509E-05 9.98509E-05 9.98509E-05 0.91292 9.98509E-05 9.98509E-05 9.98509E-05 9.98509E-05 0.0190114 9.98509E-05
0.0459596 9.98772E-05 0.0572516 0.237731 9.98772E-05 9.98772E-05 9.98772E-05 9.98772E-05 9.98772E-05 9.98772E-05 0.143136 0.149916 9.98772E-05 9.98772E-05 0.36205 9.98772E-05 9.98772E-05 9.98772E-05 9.98772E-05 0.00255852 9.98772E-05
0.0209185 9.98857E-05 0.0162302 9.98857E-05 9.98857E-05 9.98857E-05 0.108396 9.98857E-05 9.98857E-05 9.98857E-05 0.0648701 9.98857E-05 0.0564061 9.98857E-05 0.699388 9.98857E-05 9.98857E-05 9.98857E-05 9.98857E-05 0.024415 0.00807689
0.179344 9.98505E-05 9.98505E-05 9.98505E-05 9.98505E-05 9.98505E-05 0.0911891 9.98505E-05 9.98505E-05 9.98505E-05 0.0311777 9.98505E-05 9.98505E-05 9.98505E-05 0.696592 9.98505E-05 9.98505E-05 9.98505E-05 9.98505E-05 9.98505E-05 9.98505E-05
0.124489 9.98594E-05 9.98594E-05 0.251905 0.0289325 9.98594E-05 9.98594E-05 9.98594E-05 9.98594E-05 9.98594E-05 9.98594E-05 9.98594E-05 9.98594E-05 9.98594E-05 0.592962 9.98594E-05 0.000114308 9.98594E-05 9.98594E-05 9.98594E-05 9.98594E-05
0.06635 9.98769E-05 0.0192375 0.126749 9.98769E-05 9.98769E-05 9.98769E-05 9.98769E-05 9.98769E-05 9.98769E-05 0.0870018 0.000261456 9.98769E-05 9.98769E-05 0.596791 9.98769E-05 9.98769E-05 9.98769E-05 9.98769E-05 0.102211 9.98769E-05
9.98421E-05 0.00639212 9.98421E-05 0.00299875 9.98421E-05 9.98421E-05 9.98421E-05 9.98421E-05 9.98421E-05 9.98421E-05 9.98421E-05 9.98421E-05 9.98421E-05 9.98421E-05 0.988812 9.98421E-05 9.98421E-05 9.98421E-05 9.98421E-05 9.98421E-05 9.98421E-05
9.98596E-05 9.98596E-05 9.98596E-05 9.98596E-05 0.0547035 9.98596E-05 9.98596E-05 9.98596E-05 0.0112994 9.98596E-05 0.0301298 9.98596E-05 9.98596E-05 9.98596E-05 0.842087 9.98596E-05 0.0601822 9.98596E-05 9.98596E-05 9.98596E-05 9.98596E-05
0.241319 9.98594E-05 9.98594E-05 9.98594E-05 9.98594E-05 9.98594E-05 9.98594E-05 9.98594E-05 9.98594E-05 9.98594E-05 0.0316361 9.98594E-05 0.0446831 9.98594E-05 0.517603 9.98594E-05 0.163162 9.98594E-05 9.98594E-05 9.98594E-05 9.98594E-05
0.0363635 9.99034E-05 0.042019 0.0504667 9.99034E-05 9.99034E-05 0.156566 9.99034E-05 0.077779 9.99034E-05 9.99034E-05 9.99034E-05 0.0453021 9.99034E-05 0.473994 9.99034E-05 0.0552605 0.0244335 9.99034E-05 9.99034E-05 0.0367159
9.98774E-05 9.98774E-05 9.98774E-05 9.98774E-05 0.03005 9.98774E-05 9.98774E-05 9.98774E-05 0.0829475 9.98774E-05 0.122965 9.98774E-05 9.98774E-05 0.0396224 0.572754 9.98774E-05 0.0447116 0.105551 9.98774E-05 9.98774E-05 9.98774E-05
0.240531 9.98594E-05 9.98594E-05 0.01827 9.98594E-05 9.98594E-05 0.188459 9.98594E-05 9.98594E-05 9.98594E-05 9.98594E-05 9.98594E-05 9.98594E-05 9.98594E-05 0.524518 9.98594E-05 9.98594E-05 9.98594E-05 9.98594E-05 9.98594E-05 0.0266244
9.98511E-05 9.98511E-05 9.98511E-05 9.98511E-05 9.98511E-05 9.98511E-05 9.98511E-05 9.98511E-05 9.98511E-05 9.98511E-05 9.98511E-05 0.0523519 9.98511E-05 9.98511E-05 0.917733 9.98511E-05 9.98511E-05 0.0169287 9.98511E-05 9.98511E-05 0.011289
0.011774 9.98422E-05 9.98422E-05 9.98422E-05 9.98422E-05 9.98422E-05 9.98422E-05 9.98422E-05 9.98422E-05 9.98422E-05 0.0351153 9.98422E-05 9.98422E-05 9.98422E-05 0.951314 9.98422E-05 9.98422E-05 9.98422E-05 9.98422E-05 9.98422E-05 9.98422E-05
0.0331265 9.98594E-05 9.98594E-05 9.98594E-05 9.98594E-05 0.262329 9.98594E-05 9.98594E-05 9.98594E-05 9.98594E-05 9.98594E-05 0.0719365 9.98594E-05 9.98594E-05 0.590208 0.0408031 9.98594E-05 9.98594E-05 9.98594E-05 9.98594E-05 9.98594E-05
9.98683E-05 9.98683E-05 9.98683E-05 9.98683E-05 0.0237764 9.98683E-05 0.205636 9.98683E-05 0.0937446 9.98683E-05 9.98683E-05 9.98683E-05 9.98683E-05 9.98683E-05 0.500536 0.0762597 0.0985489 9.98683E-05 9.98683E-05 9.98683E-05 9.98683E-05
0.0360965 9.98507E-05 9.98507E-05 9.98507E-05 9.98507E-05 9.98507E-05 9.98507E-05 9.98507E-05 9.98507E-05 9.98507E-05 9.98507E-05 9.98507E-05 9.98507E-05 9.98507E-05 0.863784 9.98507E-05 0.0233704 9.98507E-05 9.98507E-05 0.0750516 9.98507E-05
0.191533 0.147468 9.98593E-05 9.98593E-05 9.98593E-05 9.98593E-05 9.98593E-05 9.98593E-05 9.98593E-05 9.98593E-05 9.98593E-05 9.98593E-05 9.98593E-05 9.98593E-05 0.578322 9.98593E-05 0.0476383 0.033441 9.98593E-05 9.98593E-05 9.98593E-05
9.98337E-05 9.98337E-05 9.98337E-05 9.98337E-05 9.98337E-05 9.98337E-05 9.98337E-05 0.019652 9.98337E-05 9.98337E-05 9.98337E-05 9.98337E-05 9.98337E-05 9.98337E-05 0.978451 9.98337E-05 9.98337E-05 9.98337E-05 9.98337E-05 9.98337E-05 9.98337E-05
0.0391201 9.98594E-05 9.98594E-05 9.98594E-05 9.98594E-05 9.98594E-05 0.303354 9.98594E-05 9.98594E-05 9.98594E-05 9.98594E-05 9.98594E-05 0.00740452 9.98594E-05 0.608341 0.0401821 9.98594E-05 9.98594E-05 9.98594E-05 9.98594E-05 9.98594E-05
9.9851E-05 9.9851E-05 9.9851E-05 0.0865334 9.9851E-05 9.9851E-05 0.061489 9.9851E-05 9.9851E-05 9.9851E-05 9.9851E-05 0.257716 9.9851E-05 9.9851E-05 0.592565 9.9851E-05 9.9851E-05 9.9851E-05 9.9851E-05 9.9851E-05 9.9851E-05
0.0252938 9.98771E-05 0.0704586 9.98771E-05 9.98771E-05 0.12372 9.98771E-05 9.98771E-05 9.98771E-05 9.98771E-05 0.0193156 9.98771E-05 9.98771E-05 0.00989404 0.67511 0.0748093 9.98771E-05 9.98771E-05 9.98771E-05 9.98771E-05 9.98771E-05
9.98419E-05 9.98419E-05 9.98419E-05 9.98419E-05 9.98419E-05 9.98419E-05 9.98419E-05 9.98419E-05 0.0817667 9.98419E-05 9.98419E-05 9.98419E-05 9.98419E-05 9.98419E-05 0.81829 9.98419E-05 0.0981459 9.98419E-05 9.98419E-05 9.98419E-05 9.98419E-05
0.0179883 9.98597E-05 9.98597E-05 0.0142283 9.98597E-05 9.98597E-05 9.98597E-05 9.98597E-05 9.98597E-05 9.98597E-05 0.0145464 9.98597E-05 0.00555613 9.98597E-05 0.946083 9.98597E-05 9.98597E-05 9.98597E-05 9.98597E-05 9.98597E-05 9.98597E-05
9.98247E-05 9.98247E-05 9.98247E-05 9.98247E-05 9.98247E-05 9.98247E-05 9.98247E-05 9.98247E-05 9.98247E-05 9.98247E-05 9.98247E-05 9.98247E-05 9.98247E-05 9.98247E-05 0.998004 9.98247E-05 9.98247E-05 9.98247E-05 9.98247E-05 9.98247E-05 9.98247E-05
9.98246E-05 9.98246E-05 9.98246E-05 9.98246E-05 9.98246E-05 9.98246E-05 9.98246E-05 9.98246E-05 9.98246E-05 9.98246E-05 9.98246E-05 9.98246E-05 9.98246E-05 9.98246E-05 0.998004 9.98246E-05 9.98246E-05 9.98246E-05 9.98246E-05 9.98246E-05 9.98246E-05
9.98334E-05 9.98334E-05 9.98334E-05 9.98334E-05 9.98334E-05 9.98334E-05 9.98334E-05 9.98334E-05 9.98334E-05 9.98334E-05 9.98334E-05 9.98334E-05 9.98334E-05 9.98334E-05 0.923697 9.98334E-05 9.98334E-05 9.98334E-05 9.98334E-05 0.0744065 9.98334E-05
0.187557 0.0187005 9.98598E-05 9.98598E-05 9.98598E-05 9.98598E-05 9.98598E-05 0.178181 9.98598E-05 9.98598E-05 0.0469103 9.98598E-05 9.98598E-05 9.98598E-05 0.567054 9.98598E-05 9.98598E-05 9.98598E-05 9.98598E-05 9.98598E-05 9.98598E-05
0.14512 9.98421E-05 9.98421E-05 9.98421E-05 9.98421E-05 9.98421E-05 9.98421E-05 9.98421E-05 9.98421E-05 9.98421E-05 0.0444155 0.808667 9.98421E-05 9.98421E-05 9.98421E-05 9.98421E-05 9.98421E-05 9.98421E-05 9.98421E-05 9.98421E-05 9.98421E-05
0.0481309 9.98509E-05 9.98509E-05 9.98509E-05 9.98509E-05 9.98509E-05 9.98509E-05 0.42766 9.98509E-05 9.98509E-05 0.0405725 0.481939 9.98509E-05 9.98509E-05 9.98509E-05 9.98509E-05 9.98509E-05 9.98509E-05 9.98509E-05 9.98509E-05 9.98509E-05
0.0685891 9.98682E-05 9.98682E-05 9.98682E-05 9.98682E-05 9.98682E-05 0.0641673 9.98682E-05 0.00829352 9.98682E-05 0.0291269 0.801702 9.98682E-05 9.98682E-05 9.98682E-05 9.98682E-05 9.98682E-05 9.98682E-05 9.98682E-05 0.0266231 9.98682E-05
0.142576 9.98506E-05 9.98506E-05 9.98506E-05 9.98506E-05 9.98506E-05 9.98506E-05 9.98506E-05 9.98506E-05 9.98506E-05 0.0542969 0.776515 9.98506E-05 9.98506E-05 9.98506E-05 9.98506E-05 9.98506E-05 9.98506E-05 9.98506E-05 0.0249151 9.98506E-05
0.0122814 9.98594E-05 9.98594E-05 9.98594E-05 9.98594E-05 9.98594E-05 9.98594E-05 9.98594E-05 0.0391962 9.98594E-05 0.12037 0.770163 9.98594E-05 9.98594E-05 9.98594E-05 9.98594E-05 9.98594E-05 9.98594E-05 9.98594E-05 9.98594E-05 0.0563911
0.156053 9.98596E-05 9.98596E-05 0.0205895 0.041996 9.98596E-05 9.98596E-05 9.98596E-05 9.98596E-05 9.98596E-05 0.160764 0.619 9.98596E-05 9.98596E-05 9.98596E-05 9.98596E-05 9.98596E-05 9.98596E-05 9.98596E-05 9.98596E-05 9.98596E-05
0.0537325 9.98771E-05 9.98771E-05 9.98771E-05 9.98771E-05 9.98771E-05 0.0865768 9.98771E-05 0.0385244 9.98771E-05 0.130863 0.641358 9.98771E-05 9.98771E-05 9.98771E-05 9.98771E-05 9.98771E-05 9.98771E-05 9.98771E-05 0.04543 0.00211725
0.0323342 9.9842E-05 9.9842E-05 9.9842E-05 9.9842E-05 9.9842E-05 9.9842E-05 9.9842E-05 9.9842E-05 9.9842E-05 0.186062 0.779806 9.9842E-05 9.9842E-05 9.9842E-05 9.9842E-05 9.9842E-05 9.9842E-05 9.9842E-05 9.9842E-05 9.9842E-05
9.98594E-05 0.0319711 9.98594E-05 0.254786 9.98594E-05 9.98594E-05 9.98594E-05 9.98594E-05 0.0242134 9.98594E-05 0.323032 0.364399 9.98594E-05 9.98594E-05 9.98594E-05 9.98594E-05 9.98594E-05 9.98594E-05 9.98594E-05 9.98594E-05 9.98594E-05
0.233683 9.98684E-05 9.98684E-05 9.98684E-05 0.0413124 9.98684E-05 0.0328093 9.98684E-05 0.0692737 9.98684E-05 0.143059 0.478365 9.98684E-05 9.98684E-05 9.98684E-05 9.98684E-05 9.98684E-05 9.98684E-05 9.98684E-05 9.98684E-05 9.98684E-05
9.98509E-05 9.98509E-05 9.98509E-05 0.261187 9.98509E-05 9.98509E-05 9.98509E-05 0.187932 9.98509E-05 9.98509E-05 0.00708226 0.542101 9.98509E-05 9.98509E-05 9.98509E-05 9.98509E-05 9.98509E-05 9.98509E-05 9.98509E-05 9.98509E-05 9.98509E-05
0.0519195 9.98422E-05 9.98422E-05 0.153738 9.98422E-05 9.98422E-05 9.98422E-05 9.98422E-05 9.98422E-05 9.98422E-05 9.98422E-05 0.792545 9.98422E-05 9.98422E-05 9.98422E-05 9.98422E-05 9.98422E-05 9.98422E-05 9.98422E-05 9.98422E-05 9.98422E-05
9.98598E-05 9.98598E-05 9.98598E-05 9.98598E-05 9.98598E-05 9.98598E-05 9.98598E-05 0.044368 9.98598E-05 9.98598E-05 0.147789 0.798861 9.98598E-05 9.98598E-05 9.98598E-05 9.98598E-05 0.00706549 9.98598E-05 9.98598E-05 0.000318541 9.98598E-05
0.25642 9.98598E-05 9.98598E-05 9.98598E-05 9.98598E-05 9.98598E-05 9.98598E-05 0.035349 9.98598E-05 9.98598E-05 0.132283 0.564203 9.98598E-05 9.98598E-05 9.98598E-05 9.98598E-05 9.98598E-05 9.98598E-05 0.010147 9.98598E-05 9.98598E-05
9.98772E-05 9.98772E-05 9.98772E-05 0.0372902 9.98772E-05 9.98772E-05 9.98772E-05 0.0627676 0.0330734 9.98772E-05 0.0959816 0.664398 9.98772E-05 9.98772E-05 9.98772E-05 9.98772E-05 9.98772E-05 0.00774398 9.98772E-05 0.0973466 9.98772E-05
0.120876 0.118397 9.98772E-05 0.0671587 9.98772E-05 0.00841345 9.98772E-05 9.98772E-05 9.98772E-05 9.98772E-05 0.00505157 0.652321 9.98772E-05 9.98772E-05 9.98772E-05 9.98772E-05 9.98772E-05 0.026384 9.98772E-05 9.98772E-05 9.98772E-05
0.0878569 9.98683E-05 9.98683E-05 0.21115 9.98683E-05 9.98683E-05 9.98683E-05 0.0281081 9.98683E-05 9.98683E-05 0.085091 0.509558 0.0767385 9.98683E-05 9.98683E-05 9.98683E-05 9.98683E-05 9.98683E-05 9.98683E-05 9.98683E-05 9.98683E-05
9.98686E-05 9.98686E-05 0.0150538 9.98686E-05 9.98686E-05 9.98686E-05 0.0825354 0.0140389 9.98686E-05 9.98686E-05 0.110693 0.719328 9.98686E-05 9.98686E-05 9.98686E-05 9.98686E-05 9.98686E-05 9.98686E-05 9.98686E-05 9.98686E-05 0.0568525
9.9851E-05 9.9851E-05 9.9851E-05 0.0217554 9.9851E-05 9.9851E-05 9.9851E-05 9.9851E-05 9.9851E-05 9.9851E-05 0.0289062 0.937571 9.9851E-05 9.9851E-05 9.9851E-05 9.9851E-05 0.0100701 9.9851E-05 9.9851E-05 9.9851E-05 9.9851E-05
0.113221 0.140633 9.98859E-05 9.98859E-05 9.98859E-05 9.98859E-05 9.98859E-05 0.197094 9.98859E-05 9.98859E-05 0.114673 0.333312 0.0253172 9.98859E-05 9.98859E-05 9.98859E-05 0.0280383 0.0464136 9.98859E-05 9.98859E-05 9.98859E-05
0.079083 9.98596E-05 9.98596E-05 0.102327 9.98596E-05 9.98596E-05 9.98596E-05 9.98596E-05 9.98596E-05 9.98596E-05 0.0296438 0.759576 9.98596E-05 9.98596E-05 9.98596E-05 9.98596E-05 9.98596E-05 9.98596E-05 9.98596E-05 9.98596E-05 0.0277721
0.0904253 9.98596E-05 9.98596E-05 9.98596E-05 9.98596E-05 9.98596E-05 9.98596E-05 9.98596E-05 9.98596E-05 9.98596E-05 0.0138943 0.859367 9.98596E-05 9.98596E-05 9.98596E-05 9.98596E-05 0.0185874 9.98596E-05 9.98596E-05 0.0161285 9.98596E-05
0.207852 9.98683E-05 9.98683E-05 0.0310924 9.98683E-05 9.98683E-05 9.98683E-05 9.98683E-05 9.98683E-05 9.98683E-05 0.231241 0.41638 0.082986 0.0289496 9.98683E-05 9.98683E-05 9.98683E-05 9.98683E-05 9.98683E-05 9.98683E-05 9.98683E-05
9.98509E-05 9.98509E-05 9.98509E-05 9.98509E-05 9.98509E-05 9.98509E-05 9.98509E-05 0.107342 9.98509E-05 9.98509E-05 0.177428 0.69286 9.98509E-05 9.98509E-05 9.98509E-05 9.98509E-05 9.98509E-05 9.98509E-05 9.98509E-05 9.98509E-05 0.020673
0.281537 9.98683E-05 9.98683E-05 0.0270123 9.98683E-05 9.98683E-05 9.98683E-05 9.98683E-05 9.98683E-05 9.98683E-05 0.245166 0.335114 0.0992972 0.0103755 9.98683E-05 9.98683E-05 9.98683E-05 9.98683E-05 9.98683E-05 9.98683E-05 9.98683E-05
0.126401 9.98684E-05 9.98684E-05 0.073785 9.98684E-05 9.98684E-05 9.98684E-05 0.211615 9.98684E-05 9.98684E-05 0.127171 0.384366 9.98684E-05 9.98684E-05 0.0751634 9.98684E-05 9.98684E-05 9.98684E-05 9.98684E-05 9.98684E-05 9.98684E-05
0.105233 9.98947E-05 9.98947E-05 9.98947E-05 0.0199648 0.0274807 9.98947E-05 0.518956 9.98947E-05 0.0122791 9.98947E-05 0.123357 0.025559 9.98947E-05 9.98947E-05 9.98947E-05 9.98947E-05 9.98947E-05 0.105803 9.98947E-05 0.0601689
0.0673945 9.98417E-05 9.98417E-05 9.98417E-05 9.98417E-05 9.98417E-05 9.98417E-05 9.98417E-05 9.98417E-05 9.98417E-05 0.0588814 0.871927 9.98417E-05 9.98417E-05 9.98417E-05 9.98417E-05 9.98417E-05 9.98417E-05 9.98417E-05 9.98417E-05 9.98417E-05
0.146586 9.98509E-05 9.98509E-05 0.0885841 9.98509E-05 9.98509E-05 9.98509E-05 9.98509E-05 9.98509E-05 9.98509E-05 0.161784 0.601349 9.98509E-05 9.98509E-05 9.98509E-05 9.98509E-05 9.98509E-05 9.98509E-05 9.98509E-05 9.98509E-05 9.98509E-05
0.0233967 9.98598E-05 9.98598E-05 9.98598E-05 9.98598E-05 9.98598E-05 9.98598E-05 9.98598E-05 9.98598E-05 9.98598E-05 9.98598E-05 0.780535 0.0236001 9.98598E-05 9.98598E-05 9.98598E-05 0.0141489 9.98598E-05 9.98598E-05 9.98598E-05 0.156722
0.159046 9.9851E-05 9.9851E-05 9.9851E-05 9.9851E-05 9.9851E-05 9.9851E-05 9.9851E-05 9.9851E-05 9.9851E-05 0.0104479 0.763496 9.9851E-05 9.9851E-05 9.9851E-05 9.9851E-05 9.9851E-05 0.0653133 9.9851E-05 9.9851E-05 9.9851E-05
9.98334E-05 9.98334E-05 9.98334E-05 9.98334E-05 9.98334E-05 9.98334E-05 9.98334E-05 9.98334E-05 9.98334E-05 9.98334E-05 9.98334E-05 0.940571 9.98334E-05 9.98334E-05 9.98334E-05 9.98334E-05 9.98334E-05 0.0575321 9.98334E-05 9.98334E-05 9.98334E-05
0.164338 9.98682E-05 9.98682E-05 9.98682E-05 9.98682E-05 9.98682E-05 9.98682E-05 9.98682E-05 9.98682E-05 9.98682E-05 0.264605 0.319091 0.148034 9.98682E-05 9.98682E-05 9.98682E-05 9.98682E-05 9.98682E-05 0.0132979 9.98682E-05 0.0891362
0.0335483 9.98419E-05 9.98419E-05 9.98419E-05 9.98419E-05 9.98419E-05 0.124574 9.98419E-05 9.98419E-05 9.98419E-05 9.98419E-05 0.840081 9.98419E-05 9.98419E-05 9.98419E-05 9.98419E-05 9.98419E-05 9.98419E-05 9.98419E-05 9.98419E-05 9.98419E-05
0.0673025 9.98508E-05 9.98508E-05 9.98508E-05 9.98508E-05 9.98508E-05 9.98508E-05 0.0449552 9.98508E-05 9.98508E-05 0.0171966 0.868848 9.98508E-05 9.98508E-05 9.98508E-05 9.98508E-05 9.98508E-05 9.98508E-05 9.98508E-05 9.98508E-05 9.98508E-05
9.98859E-05 0.158962 0.0144058 0.038115 9.98859E-05 9.98859E-05 9.98859E-05 0.0396978 9.98859E-05 9.98859E-05 0.045653 0.673318 9.98859E-05 9.98859E-05 9.98859E-05 0.0128203 9.98859E-05 9.98859E-05 9.98859E-05 0.0157298 9.98859E-05
0.213237 9.98682E-05 9.98682E-05 9.98682E-05 9.98682E-05 9.98682E-05 9.98682E-05 9.98682E-05 0.087259 9.98682E-05 0.0257276 0.654063 9.98682E-05 9.98682E-05 9.98682E-05 9.98682E-05 0.00585168 9.98682E-05 9.98682E-05 0.0123637 9.98682E-05
9.98596E-05 9.98596E-05 9.98596E-05 9.98596E-05 9.98596E-05 0.00987628 9.98596E-05 0.523674 9.98596E-05 9.98596E-05 0.0934957 0.361917 0.00943991 9.98596E-05 9.98596E-05 9.98596E-05 9.98596E-05 9.98596E-05 9.98596E-05 9.98596E-05 9.98596E-05
0.0448312 9.98597E-05 9.98597E-05 9.98597E-05 9.98597E-05 9.98597E-05 9.98597E-05 0.0989165 9.98597E-05 9.98597E-05 0.00441204 0.816024 0.0342182 9.98597E-05 9.98597E-05 9.98597E-05 9.98597E-05 9.98597E-05 9.98597E-05 9.98597E-05 9.98597E-05
9.98424E-05 9.98424E-05 9.98424E-05 9.98424E-05 9.98424E-05 9.98424E-05 9.98424E-05 0.22674 0.0181299 9.98424E-05 9.98424E-05 0.753333 9.98424E-05 9.98424E-05 9.98424E-05 9.98424E-05 9.98424E-05 9.98424E-05 9.98424E-05 9.98424E-05 9.98424E-05
9.98685E-05 9.98685E-05 9.98685E-05 9.98685E-05 9.98685E-05 9.98685E-05 9.98685E-05 0.367944 9.98685E-05 9.98685E-05 0.0126038 0.554089 0.0228209 9.98685E-05 9.98685E-05 9.98685E-05 0.00170714 9.98685E-05 9.98685E-05 0.0393374 9.98685E-05
0.311012 9.98508E-05 9.98508E-05 0.121759 9.98508E-05 9.98508E-05 9.98508E-05 9.98508E-05 9.98508E-05 9.98508E-05 0.137745 0.427786 9.98508E-05 9.98508E-05 9.98508E-05 9.98508E-05 9.98508E-05 9.98508E-05 9.98508E-05 9.98508E-05 9.98508E-05
9.98478E-05 0.0800754 9.98478E-05 9.98478E-05 9.98478E-05 9.98478E-05 9.98478E-05 9.98478E-05 9.98478E-05 9.98478E-05 0.153257 0.76487 9.98478E-05 9.98478E-05 9.98478E-05 9.98478E-05 9.98478E-05 9.98478E-05 9.98478E-05 9.98478E-05 9.98478E-05
0.119469 9.98597E-05 9.98597E-05 9.98597E-05 9.98597E-05 9.98597E-05 9.98597E-05 0.553186 9.98597E-05 9.98597E-05 0.14871 0.0597159 0.117321 9.98597E-05 9.98597E-05 9.98597E-05 9.98597E-05 9.98597E-05 9.98597E-05 9.98597E-05 9.98597E-05
0.0598063 9.98421E-05 9.98421E-05 9.98421E-05 9.98421E-05 9.98421E-05 9.98421E-05 0.426986 9.98421E-05 9.98421E-05 9.98421E-05 0.51141 9.98421E-05 9.98421E-05 9.98421E-05 9.98421E-05 9.98421E-05 9.98421E-05 9.98421E-05 9.98421E-05 9.98421E-05
9.98602E-05 9.98602E-05 9.98602E-05 0.151454 9.98602E-05 9.98602E-05 0.0314655 9.98602E-05 9.98602E-05 9.98602E-05 0.177226 0.521932 0.0922243 9.98602E-05 9.98602E-05 9.98602E-05 9.98602E-05 9.98602E-05 9.98602E-05 0.0118336 0.0124668
0.0768957 9.98597E-05 9.98597E-05 9.98597E-05 9.98597E-05 9.98597E-05 9.98597E-05 0.02138 9.98597E-05 9.98597E-05 0.164117 0.53557 9.98597E-05 9.98597E-05 0.200439 9.98597E-05 9.98597E-05 9.98597E-05 9.98597E-05 9.98597E-05 9.98597E-05
0.0151958 0.0308639 9.98948E-05 0.0812446 9.98948E-05 9.98948E-05 0.0388392 0.00491063 0.0523017 9.98948E-05 0.150004 0.540176 9.98948E-05 9.98948E-05 9.98948E-05 9.98948E-05 9.98948E-05 9.98948E-05 0.0852658 9.98948E-05 9.98948E-05
0.223046 0.0455538 9.98772E-05 9.98772E-05 9.98772E-05 9.98772E-05 0.0912429 9.98772E-05 9.98772E-05 9.98772E-05 0.281739 0.35358 0.00276819 9.98772E-05 0.000671401 9.98772E-05 9.98772E-05 9.98772E-05 9.98772E-05 9.98772E-05 9.98772E-05
0.0594332 9.98421E-05 9.98421E-05 9.98421E-05 9.98421E-05 9.98421E-05 9.98421E-05 0.441475 9.98421E-05 9.98421E-05 9.98421E-05 0.497295 9.98421E-05 9.98421E-05 9.98421E-05 9.98421E-05 9.98421E-05 9.98421E-05 9.98421E-05 9.98421E-05 9.98421E-05
0.0917643 9.98507E-05 0.0216494 9.98507E-05 0.169533 9.98507E-05 9.98507E-05 9.98507E-05 9.98507E-05 9.98507E-05 9.98507E-05 0.715356 9.98507E-05 9.98507E-05 9.98507E-05 9.98507E-05 9.98507E-05 9.98507E-05 9.98507E-05 9.98507E-05 9.98507E-05
0.00579029 9.98596E-05 9.98596E-05 9.98596E-05 9.98596E-05 9.98596E-05 9.98596E-05 0.565856 9.98596E-05 9.98596E-05 0.124039 0.269907 9.98596E-05 9.98596E-05 9.98596E-05 9.98596E-05 9.98596E-05 9.98596E-05 9.98596E-05 9.98596E-05 0.0328091
0.0732331 0.00568536 9.98686E-05 9.98686E-05 9.98686E-05 9.98686E-05 9.98686E-05 0.139151 0.055831 9.98686E-05 0.0972336 0.627368 9.98686E-05 9.98686E-05 9.98686E-05 9.98686E-05 9.98686E-05 9.98686E-05 9.98686E-05 9.98686E-05 9.98686E-05
9.98596E-05 9.98596E-05 9.98596E-05 9.98596E-05 9.98596E-05 0.0502929 9.98596E-05 9.98596E-05 9.98596E-05 9.98596E-05 0.010028 0.884806 9.98596E-05 9.98596E-05 9.98596E-05 9.98596E-05 9.98596E-05 0.0252681 9.98596E-05 0.0280072 9.98596E-05
9.98508E-05 9.98508E-05 9.98508E-05 9.98508E-05 0.0729088 9.98508E-05 9.98508E-05 9.98508E-05 9.98508E-05 9.98508E-05 9.98508E-05 0.827274 9.98508E-05 9.98508E-05 9.98508E-05 0.0278589 9.98508E-05 9.98508E-05 9.98508E-05 0.0702604 9.98508E-05
0.0952517 9.98507E-05 9.98507E-05 0.186441 9.98507E-05 9.98507E-05 9.98507E-05 9.98507E-05 9.98507E-05 9.98507E-05 0.160324 0.556286 9.98507E-05 9.98507E-05 9.98507E-05 9.98507E-05 9.98507E-05 9.98507E-05 9.98507E-05 9.98507E-05 9.98507E-05
0.0728941 9.98419E-05 9.98419E-05 9.98419E-05 9.98419E-05 9.98419E-05 9.98419E-05 9.98419E-05 9.98419E-05 9.98419E-05 0.158443 0.766866 9.98419E-05 9.98419E-05 9.98419E-05 9.98419E-05 9.98419E-05 9.98419E-05 9.98419E-05 9.98419E-05 9.98419E-05
0.0270946 9.98507E-05 9.98507E-05 9.98507E-05 9.98507E-05 9.98507E-05 9.98507E-05 9.98507E-05 9.98507E-05 9.98507E-05 9.98507E-05 0.909823 9.98507E-05 9.98507E-05 9.98507E-05 9.98507E-05 0.0342971 0.0270875 9.98507E-05 9.98507E-05 9.98507E-05
0.0845401 9.98596E-05 9.98596E-05 9.98596E-05 0.00853844 9.98596E-05 9.98596E-05 9.98596E-05 9.98596E-05 9.98596E-05 9.98596E-05 0.751229 0.134279 9.98596E-05 9.98596E-05 9.98596E-05 0.0198159 9.98596E-05 9.98596E-05 9.98596E-05 9.98596E-05
0.0111141 9.98596E-05 9.98596E-05 0.0851687 9.98596E-05 9.98596E-05 9.98596E-05 0.0924501 9.98596E-05 9.98596E-05 0.109137 0.700532 9.98596E-05 9.98596E-05 9.98596E-05 9.98596E-05 9.98596E-05 9.98596E-05 9.98596E-05 9.98596E-05 9.98596E-05
0.998004 9.98242E-05 9.98242E-05 9.98242E-05 9.98242E-05 9.98242E-05 9.98242E-05 9.98242E-05 9.98242E-05 9.98242E-05 9.98242E-05 9.98242E-05 9.98242E-05 9.98242E-05 9.98242E-05 9.98242E-05 9.98242E-05 9.98242E-05 9.98242E-05 9.98242E-05 9.98242E-05
9.98104E-05 9.98104E-05 9.98104E-05 9.98104E-05 9.98104E-05 9.98104E-05 9.98104E-05 9.98104E-05 9.98104E-05 9.98104E-05 0.998004 9.98104E-05 9.98104E-05 9.98104E-05 9.98104E-05 9.98104E-05 9.98104E-05 9.98104E-05 9.98104E-05 9.98104E-05 9.98104E-05
0.998004 9.98242E-05 9.98242E-05 9.98242E-05 9.98242E-05 9.98242E-05 9.98242E-05 9.98242E-05 9.98242E-05 9.98242E-05 9.98242E-05 9.98242E-05 9.98242E-05 9.98242E-05 9.98242E-05 9.98242E-05 9.98242E-05 9.98242E-05 9.98242E-05 9.98242E-05 9.98242E-05
9.98242E-05 9.98242E-05 9.98242E-05 9.98242E-05 9.98242E-05 9.98242E-05 9.98242E-05 9.98242E-05 9.98242E-05 9.98242E-05 0.998004 9.98242E-05 9.98242E-05 9.98242E-05 9.98242E-05 9.98242E-05 9.98242E-05 9.98242E-05 9.98242E-05 9.98242E-05 9.98242E-05
9.98241E-05 9.98241E-05 9.98241E-05 9.98241E-05 9.98241E-05 9.98241E-05 9.98241E-05 9.98241E-05 9.98241E-05 9.98241E-05 0.998004 9.98241E-05 9.98241E-05 9.98241E-05 9.98241E-05 9.98241E-05 9.98241E-05 9.98241E-05 9.98241E-05 9.98241E-05 9.98241E-05
9.98243E-05 9.98243E-05 9.98243E-05 9.98243E-05 9.98243E-05 9.98243E-05 9.98243E-05 9.98243E-05 9.98243E-05 9.98243E-05 0.998004 9.98243E-05 9.98243E-05 9.98243E-05 9.98243E-05 9.98243E-05 9.98243E-05 9.98243E-05 9.98243E-05 9.98243E-05 9.98243E-05
0.998004 9.98241E-05 9.98241E-05 9.98241E-05 9.98241E-05 9.98241E-05 9.98241E-05 9.98241E-05 9.98241E-05 9.98241E-05 9.98241E-05 9.98241E-05 9.98241E-05 9.98241E-05 9.98241E-05 9.98241E-05 9.98241E-05 9.98241E-05 9.98241E-05 9.98241E-05 9.98241E-05
9.98242E-05 9.98242E-05 9.98242E-05 9.98242E-05 9.98242E-05 9.98242E-05 9.98242E-05 9.98242E-05 9.98242E-05 9.98242E-05 0.998004 9.98242E-05 9.98242E-05 9.98242E-05 9.98242E-05 9.98242E-05 9.98242E-05 9.98242E-05 9.98242E-05 9.98242E-05 9.98242E-05
9.98242E-05 9.98242E-05 9.98242E-05 9.98242E-05 9.98242E-05 9.98242E-05 9.98242E-05 9.98242E-05 9.98242E-05 9.98242E-05 0.998004 9.98242E-05 9.98242E-05 9.98242E-05 9.98242E-05 9.98242E-05 9.98242E-05 9.98242E-05 9.98242E-05 9.98242E-05 9.98242E-05
0.998004 9.98243E-05 9.98243E-05 9.98243E-05 9.98243E-05 9.98243E-05 9.98243E-05 9.98243E-05 9.98243E-05 9.98243E-05 9.98243E-05 9.98243E-05 9.98243E-05 9.98243E-05 9.98243E-05 9.98243E-05 9.98243E-05 9.98243E-05 9.98243E-05 9.98243E-05 9.98243E-05
0.998004 9.98242E-05 9.98242E-05 9.98242E-05 9.98242E-05 9.98242E-05 9.98242E-05 9.98242E-05 9.98242E-05 9.98242E-05 9.98242E-05 9.98242E-05 9.98242E-05 9.98242E-05 9.98242E-05 9.98242E-05 9.98242E-05 9.98242E-05 9.98242E-05 9.98242E-05 9.98242E-05
0.998004 9.98242E-05 9.98242E-05 9.98242E-05 9.98242E-05 9.98242E-05 9.98242E-05 9.98242E-05 9.98242E-05 9.98242E-05 9.98242E-05 9.98242E-05 9.98242E-05 9.98242E-05 9.98242E-05 9.98242E-05 9.98242E-05 9.98242E-05 9.98242E-05 9.98242E-05 9.98242E-05
9.98242E-05 9.98242E-05 9.98242E-05 9.98242E-05 9.98242E-05 9.98242E-05 9.98242E-05 9.98242E-05 9.98242E-05 9.98242E-05 0.998004 9.98242E-05 9.98242E-05 9.98242E-05 9.98242E-05 9.98242E-05 9.98242E-05 9.98242E-05 9.98242E-05 9.98242E-05 9.98242E-05
9.98242E-05 9.98242E-05 9.98242E-05 9.98242E-05 9.98242E-05 9.98242E-05 9.98242E-05 9.98242E-05 9.98242E-05 9.98242E-05 0.998004 9.98242E-05 9.98242E-05 9.98242E-05 9.98242E-05 9.98242E-05 9.98242E-05 9.98242E-05 9.98242E-05 9.98242E-05 9.98242E-05
0.984838 9.98331E-05 9.98331E-05 9.98331E-05 9.98331E-05 9.98331E-05 9.98331E-05 9.98331E-05 9.98331E-05 9.98331E-05 9.98331E-05 9.98331E-05 0.0132654 9.98331E-05 9.98331E-05 9.98331E-05 9.98331E-05 9.98331E-05 9.98331E-05 9.98331E-05 9.98331E-05
0.998004 9.98242E-05 9.98242E-05 9.98242E-05 9.98242E-05 9.98242E-05 9.98242E-05 9.98242E-05 9.98242E-05 9.98242E-05 9.98242E-05 9.98242E-05 9.98242E-05 9.98242E-05 9.98242E-05 9.98242E-05 9.98242E-05 9.98242E-05 9.98242E-05 9.98242E-05 9.98242E-05
0.0553023 0.0372502 0.0517975 9.98945E-05 0.0131883 0.0121208 9.98945E-05 9.98945E-05 9.98945E-05 9.98945E-05 0.0250377 0.553665 9.98945E-05 9.98945E-05 9.98945E-05 0.136592 9.98945E-05 9.98945E-05 0.113848 9.98945E-05 9.98945E-05
0.998004 9.98242E-05 9.98242E-05 9.98242E-05 9.98242E-05 9.98242E-05 9.98242E-05 9.98242E-05 9.98242E-05 9.98242E-05 9.98242E-05 9.98242E-05 9.98242E-05 9.98242E-05 9.98242E-05 9.98242E-05 9.98242E-05 9.98242E-05 9.98242E-05 9.98242E-05 9.98242E-05
