0.237973 0.00671701 9.99912E-05 0.753414 0.00179621
0.0086894 9.99737E-05 9.99737E-05 0.991011 9.99737E-05
9.99738E-05 0.0612906 9.99738E-05 0.93841 9.99738E-05
0.263395 0.158802 0.253774 0.323929 9.99912E-05
9.99738E-05 0.24666 9.99738E-05 0.75304 9.99738E-05
9.99825E-05 0.265838 0.462478 0.271484 9.99825E-05
0.0771018 0.426447 9.99825E-05 0.496251 9.99825E-05
0.0942292 0.374961 0.274267 0.256443 9.99912E-05
9.999E-05 0.0850732 0.310454 0.562853 0.0415199
9.997E-05 9.997E-05 9.997E-05 0.9996 9.997E-05
0.171523 9.99737E-05 9.99737E-05 0.828177 9.99737E-05
0.0514928 0.00186327 9.99825E-05 0.946444 9.99825E-05
9.997E-05 9.997E-05 9.997E-05 0.9996 9.997E-05
0.0722659 0.0124891 0.036602 0.878543 9.99912E-05
9.99737E-05 9.99737E-05 0.386117 0.613583 9.99737E-05
9.99824E-05 0.334055 0.356592 0.309153 9.99824E-05
0.0770592 0.145121 0.0407864 0.736933 9.99912E-05
0.194249 0.0214794 0.0462302 0.620544 0.117498
0.13998 0.0903027 0.0583881 0.709957 0.00137237
9.99738E-05 9.99738E-05 9.99738E-05 0.934439 0.0652609
0.0350705 0.274766 0.103933 0.586131 9.99912E-05
9.99825E-05 0.38593 0.337329 0.276542 9.99825E-05
0.0892893 9.99737E-05 9.99737E-05 0.910411 9.99737E-05
0.029383 0.106164 9.99825E-05 0.864253 9.99825E-05
9.99912E-05 0.0371606 0.0993724 0.720258 0.143109
0.00349955 0.122493 9.99825E-05 0.873808 9.99825E-05
0.108696 0.185519 0.298655 0.3849 0.0222303
0.0422363 0.0723072 9.99825E-05 0.885257 9.99825E-05
0.0999729 9.99825E-05 9.99825E-05 0.87992 0.0199076
0.0189125 9.99825E-05 0.0716865 0.909201 9.99825E-05
0.179171 9.99737E-05 9.99737E-05 0.820529 9.99737E-05
0.0221706 0.126178 0.172976 0.678576 9.99912E-05
0.115119 0.0597804 9.99825E-05 0.824901 9.99825E-05
0.0944859 0.0957035 0.144095 0.665616 9.99912E-05
0.0799831 9.99738E-05 9.99738E-05 0.919717 9.99738E-05
0.0401628 0.129661 9.99825E-05 0.829976 9.99825E-05
9.99738E-05 0.161733 9.99738E-05 0.837967 9.99738E-05
9.99825E-05 9.99825E-05 0.160686 0.784788 0.054326
9.99825E-05 0.134818 0.0951767 0.769806 9.99825E-05
0.00942728 0.232878 0.0571931 0.700402 9.99912E-05
0.127794 9.99737E-05 9.99737E-05 0.871906 9.99737E-05
9.99737E-05 0.0218087 9.99737E-05 0.977891 9.99737E-05
9.99738E-05 0.163124 9.99738E-05 0.836576 9.99738E-05
0.0973506 9.99825E-05 0.054652 0.847797 9.99825E-05
9.99737E-05 0.320072 9.99737E-05 0.679628 9.99737E-05
9.99825E-05 0.0728288 9.99825E-05 0.888421 0.03855
0.0769001 9.99738E-05 9.99738E-05 0.9228 9.99738E-05
9.99738E-05 0.0364852 9.99738E-05 0.963215 9.99738E-05
0.046317 0.0309642 9.99825E-05 0.922519 9.99825E-05
0.0856481 0.149333 9.99825E-05 0.764819 9.99825E-05
0.112046 0.117939 0.118196 0.651719 9.99912E-05
9.99825E-05 0.331418 9.99825E-05 0.623566 0.0448155
0.0133157 9.99738E-05 9.99738E-05 0.986384 9.99738E-05
0.0483899 0.241198 9.99825E-05 0.710212 9.99825E-05
9.99738E-05 0.173103 9.99738E-05 0.826598 9.99738E-05
0.0497357 0.155619 0.0461909 0.709691 0.0387627
0.0630527 0.0984876 9.99825E-05 0.83826 9.99825E-05
0.0530606 9.99738E-05 9.99738E-05 0.946639 9.99738E-05
0.068371 0.0416321 9.99825E-05 0.889797 9.99825E-05
0.129038 9.99824E-05 0.228998 0.641764 9.99824E-05
0.0261982 0.27491 9.99825E-05 0.698692 9.99825E-05
0.216009 0.0144664 0.192279 0.577146 9.99912E-05
0.255886 9.99824E-05 0.644804 0.0991103 9.99824E-05
0.113082 0.22257 0.103067 0.549036 0.0122442
0.119342 9.99824E-05 0.293355 0.587103 9.99824E-05
0.0775099 9.99824E-05 0.331258 0.591032 9.99824E-05
0.211493 9.99824E-05 0.442726 0.345581 9.99824E-05
0.102742 9.99825E-05 0.299115 0.597943 9.99825E-05
0.162847 9.99912E-05 0.0499741 0.761055 0.0260241
0.276627 9.99824E-05 0.165895 0.557279 9.99824E-05
0.155668 0.319869 0.0869736 0.437389 9.99912E-05
0.19534 0.188982 0.44161 0.173968 9.99912E-05
9.99824E-05 0.227589 0.243904 0.528307 9.99824E-05
0.0861277 0.165139 0.263693 0.48494 9.99913E-05
0.0991346 9.99825E-05 0.203021 0.697644 9.99825E-05
0.0426397 0.347379 0.24148 0.368402 9.99912E-05
0.266924 0.161719 0.22303 0.348228 9.99912E-05
0.243916 9.99825E-05 0.0843424 0.671541 9.99825E-05
0.138052 0.165149 0.0991615 0.580374 0.0172629
0.0365662 0.0689686 0.124922 0.769443 9.99913E-05
0.058823 0.146517 0.218863 0.575697 9.99912E-05
0.0839642 9.99912E-05 0.296219 0.588351 0.0313657
0.114489 0.289125 0.250173 0.346113 9.99912E-05
0.230325 9.99824E-05 0.0877123 0.681763 9.99824E-05
0.0362536 9.99825E-05 0.189859 0.773687 9.99825E-05
0.0645742 0.0521637 0.0743979 0.808764 9.99912E-05
0.0325484 0.102012 0.117116 0.748224 9.99912E-05
0.19783 0.069652 0.0533985 0.67902 9.99912E-05
9.99825E-05 0.022469 0.349542 0.627789 9.99825E-05
9.99737E-05 0.0457716 0.953929 9.99737E-05 9.99737E-05
9.99737E-05 9.99737E-05 0.94537 0.0543296 9.99737E-05
0.149237 0.00244042 0.823003 9.99912E-05 0.0252192
0.140536 9.99736E-05 0.859164 9.99736E-05 9.99736E-05
0.0880388 9.99824E-05 0.748195 9.99824E-05 0.163567
9.99737E-05 9.99737E-05 0.98983 0.00987026 9.99737E-05
0.191931 9.99737E-05 0.807769 9.99737E-05 9.99737E-05
0.0149204 9.99824E-05 0.983503 9.99824E-05 0.00137662
0.0698877 9.99736E-05 0.929812 9.99736E-05 9.99736E-05
0.0611248 0.00119581 0.785585 0.151994 9.99912E-05
9.997E-05 9.997E-05 0.9996 9.997E-05 9.997E-05
0.0732802 9.99825E-05 0.922716 0.00380419 9.99825E-05
0.091756 9.99737E-05 0.907944 9.99737E-05 9.99737E-05
9.99737E-05 9.99737E-05 0.825631 0.174069 9.99737E-05
0.186527 9.99825E-05 0.780674 9.99825E-05 0.0325989
0.0251506 9.99912E-05 0.871437 0.0356527 0.0676595
9.99737E-05 9.99737E-05 0.907343 9.99737E-05 0.0923576
9.99825E-05 0.166853 0.808217 9.99825E-05 0.0247298
9.99737E-05 9.99737E-05 0.966457 9.99737E-05 0.033243
0.037224 9.99825E-05 0.871406 9.99825E-05 0.09117
9.99737E-05 0.0461981 0.953502 9.99737E-05 9.99737E-05
0.137324 9.99737E-05 0.862376 9.99737E-05 9.99737E-05
9.99736E-05 9.99736E-05 0.879371 9.99736E-05 0.120329
9.99737E-05 9.99737E-05 0.970968 9.99737E-05 0.0287321
9.99736E-05 9.99736E-05 0.87974 9.99736E-05 0.11996
9.99737E-05 9.99737E-05 0.944828 0.0548726 9.99737E-05
9.99912E-05 0.0506643 0.784904 0.115487 0.0488448
9.99824E-05 0.00954516 0.826388 9.99824E-05 0.163867
9.99737E-05 9.99737E-05 0.931851 9.99737E-05 0.0678494
0.0769896 9.99825E-05 0.816921 9.99825E-05 0.105889
9.99825E-05 0.125284 0.800836 0.0736802 9.99825E-05
0.0278765 9.99824E-05 0.8387 9.99824E-05 0.133223
0.0131888 9.99824E-05 0.735814 9.99824E-05 0.250797
9.99736E-05 9.99736E-05 0.896994 9.99736E-05 0.102706
9.99737E-05 9.99737E-05 0.959203 9.99737E-05 0.0404973
0.045891 9.99824E-05 0.922559 9.99824E-05 0.0313497
0.129901 9.99824E-05 0.82121 0.0486892 9.99824E-05
9.99737E-05 9.99737E-05 0.995807 9.99737E-05 0.00389265
9.99737E-05 9.99737E-05 0.909822 9.99737E-05 0.0898778
9.99737E-05 9.99737E-05 0.962246 9.99737E-05 0.0374538
9.99737E-05 9.99737E-05 0.953991 9.99737E-05 0.0457092
9.99824E-05 9.99824E-05 0.782632 0.176032 0.0411363
0.00056857 0.0708947 0.928337 9.99824E-05 9.99824E-05
9.99738E-05 9.99738E-05 0.894434 9.99738E-05 0.105266
9.99737E-05 9.99737E-05 0.943533 0.0561676 9.99737E-05
0.0273763 9.99824E-05 0.898704 9.99824E-05 0.0737192
0.036778 9.99824E-05 0.778287 0.184735 9.99824E-05
0.0448786 0.0411532 0.892209 0.0207178 0.00104109
0.0664732 9.99912E-05 0.693581 0.148433 0.0914134
9.99737E-05 9.99737E-05 0.986668 9.99737E-05 0.0130316
9.99824E-05 0.226194 0.63999 9.99824E-05 0.133616
9.997E-05 9.997E-05 0.9996 9.997E-05 9.997E-05
0.0877606 9.99737E-05 0.91194 9.99737E-05 9.99737E-05
9.99824E-05 0.0738974 0.925022 9.99824E-05 0.000881002
0.122526 9.99824E-05 0.820087 9.99824E-05 0.0571867
9.99824E-05 9.99824E-05 0.977885 0.00793939 0.0139759
9.99736E-05 9.99736E-05 0.954021 9.99736E-05 0.045679
0.00657721 0.0108155 0.891517 9.99912E-05 0.0909901
9.99737E-05 9.99737E-05 0.796036 9.99737E-05 0.203664
9.997E-05 9.997E-05 0.9996 9.997E-05 9.997E-05
9.99735E-05 9.99735E-05 9.99735E-05 0.941177 0.0585232
9.997E-05 9.997E-05 0.9996 9.997E-05 9.997E-05
9.997E-05 9.997E-05 9.997E-05 0.9996 9.997E-05
9.997E-05 9.997E-05 0.9996 9.997E-05 9.997E-05
9.997E-05 9.997E-05 0.9996 9.997E-05 9.997E-05
9.997E-05 9.997E-05 0.9996 9.997E-05 9.997E-05
9.997E-05 9.997E-05 9.997E-05 0.9996 9.997E-05
9.997E-05 9.997E-05 0.9996 9.997E-05 9.997E-05
9.997E-05 9.997E-05 0.9996 9.997E-05 9.997E-05
9.99735E-05 9.99735E-05 9.99735E-05 0.967695 0.0320048
9.99735E-05 9.99735E-05 9.99735E-05 0.997 0.00270056
9.99735E-05 9.99735E-05 9.99735E-05 0.987606 0.0120942
9.997E-05 9.997E-05 0.9996 9.997E-05 9.997E-05
9.997E-05 9.997E-05 0.9996 9.997E-05 9.997E-05
9.99735E-05 9.99735E-05 9.99735E-05 0.980677 0.0190226
9.997E-05 9.997E-05 9.997E-05 0.9996 9.997E-05
9.99824E-05 0.25531 0.595046 9.99824E-05 0.149445
9.99735E-05 9.99735E-05 9.99735E-05 0.931704 0.0679956
9.997E-05 9.997E-05 0.9996 9.997E-05 9.997E-05
9.99735E-05 9.99735E-05 9.99735E-05 0.968849 0.0308506
9.997E-05 9.997E-05 9.997E-05 0.9996 9.997E-05
9.99736E-05 9.99736E-05 9.99736E-05 0.96609 0.0336099
9.997E-05 9.997E-05 0.9996 9.997E-05 9.997E-05
9.997E-05 9.997E-05 9.997E-05 0.9996 9.997E-05
9.997E-05 9.997E-05 0.9996 9.997E-05 9.997E-05
9.997E-05 9.997E-05 9.997E-05 0.9996 9.997E-05
9.997E-05 9.997E-05 9.997E-05 0.9996 9.997E-05
9.997E-05 9.997E-05 0.9996 9.997E-05 9.997E-05
9.997E-05 9.997E-05 0.9996 9.997E-05 9.997E-05
9.997E-05 9.997E-05 0.9996 9.997E-05 9.997E-05
9.99735E-05 9.99735E-05 9.99735E-05 0.964767 0.0349326
9.99735E-05 9.99735E-05 9.99735E-05 0.924426 0.0752738
9.997E-05 9.997E-05 9.997E-05 0.9996 9.997E-05
9.997E-05 9.997E-05 9.997E-05 0.9996 9.997E-05
9.997E-05 9.997E-05 9.997E-05 0.9996 9.997E-05
9.997E-05 9.997E-05 0.9996 9.997E-05 9.997E-05
9.997E-05 9.997E-05 0.9996 9.997E-05 9.997E-05
9.997E-05 9.997E-05 0.9996 9.997E-05 9.997E-05
9.99735E-05 9.99735E-05 9.99735E-05 0.986825 0.0128752
9.997E-05 9.997E-05 0.9996 9.997E-05 9.997E-05
9.997E-05 9.997E-05 0.9996 9.997E-05 9.997E-05
9.997E-05 9.997E-05 0.9996 9.997E-05 9.997E-05
9.997E-05 9.997E-05 0.9996 9.997E-05 9.997E-05
9.997E-05 9.997E-05 9.997E-05 0.9996 9.997E-05
9.997E-05 9.997E-05 0.9996 9.997E-05 9.997E-05
9.997E-05 9.997E-05 0.9996 9.997E-05 9.997E-05
0.0222267 0.105782 0.698379 9.99912E-05 0.173513
9.997E-05 9.997E-05 9.997E-05 0.9996 9.997E-05
9.997E-05 9.997E-05 0.9996 9.997E-05 9.997E-05
9.997E-05 9.997E-05 0.9996 9.997E-05 9.997E-05
9.997E-05 9.997E-05 0.9996 9.997E-05 9.997E-05
0.00163416 9.99736E-05 0.998066 9.99736E-05 9.99736E-05
9.997E-05 9.997E-05 9.997E-05 0.9996 9.997E-05
9.997E-05 9.997E-05 0.9996 9.997E-05 9.997E-05
9.997E-05 9.997E-05 9.997E-05 0.9996 9.997E-05
9.997E-05 9.997E-05 0.9996 9.997E-05 9.997E-05
9.99735E-05 9.99735E-05 9.99735E-05 0.977299 0.0224015
9.997E-05 9.997E-05 0.9996 9.997E-05 9.997E-05
9.997E-05 9.997E-05 0.9996 9.997E-05 9.997E-05
9.997E-05 9.997E-05 0.9996 9.997E-05 9.997E-05
9.997E-05 9.997E-05 0.9996 9.997E-05 9.997E-05
9.997E-05 9.997E-05 0.9996 9.997E-05 9.997E-05
9.997E-05 9.997E-05 0.9996 9.997E-05 9.997E-05
9.99824E-05 9.99824E-05 0.0121781 0.970272 0.0173494
9.99735E-05 9.99735E-05 9.99735E-05 0.935826 0.0638738
9.99735E-05 9.99735E-05 9.99735E-05 0.9784 0.0213001
9.997E-05 9.997E-05 0.9996 9.997E-05 9.997E-05
9.99735E-05 9.99735E-05 9.99735E-05 0.989557 0.0101435
9.997E-05 9.997E-05 9.997E-05 0.9996 9.997E-05
9.99735E-05 9.99735E-05 9.99735E-05 0.955711 0.0439891
9.997E-05 9.997E-05 0.9996 9.997E-05 9.997E-05
9.997E-05 9.997E-05 0.9996 9.997E-05 9.997E-05
9.997E-05 9.997E-05 0.9996 9.997E-05 9.997E-05
9.997E-05 9.997E-05 9.997E-05 0.9996 9.997E-05
9.997E-05 9.997E-05 0.9996 9.997E-05 9.997E-05
9.997E-05 9.997E-05 0.9996 9.997E-05 9.997E-05
9.997E-05 9.997E-05 9.997E-05 0.9996 9.997E-05
9.997E-05 9.997E-05 0.9996 9.997E-05 9.997E-05
9.997E-05 9.997E-05 0.9996 9.997E-05 9.997E-05
0.262018 9.99912E-05 0.629286 0.0778103 0.0307855
9.997E-05 9.997E-05 9.997E-05 0.9996 9.997E-05
9.997E-05 9.997E-05 0.9996 9.997E-05 9.997E-05
0.0756542 9.99737E-05 0.924046 9.99737E-05 9.99737E-05
9.99824E-05 0.134461 0.727853 9.99824E-05 0.137486
9.99736E-05 9.99736E-05 0.900873 9.99736E-05 0.098827
0.0400529 0.0798138 0.750802 9.99912E-05 0.129231
9.99736E-05 9.99736E-05 0.965523 9.99736E-05 0.0341773
9.997E-05 9.997E-05 0.9996 9.997E-05 9.997E-05
9.99912E-05 0.0331541 0.899268 0.0229383 0.0445395
0.177277 9.99824E-05 0.753337 9.99824E-05 0.0691856
9.997E-05 9.997E-05 0.9996 9.997E-05 9.997E-05
9.99912E-05 0.0433864 0.758955 0.0605663 0.136992
0.132547 9.99824E-05 0.749995 0.117258 9.99824E-05
9.997E-05 9.997E-05 0.9996 9.997E-05 9.997E-05
0.0117106 0.135154 0.749183 0.103853 9.99912E-05
0.0702014 9.99824E-05 0.805699 9.99824E-05 0.1239
9.99736E-05 9.99736E-05 0.970986 9.99736E-05 0.028714
9.99736E-05 0.0675345 0.932166 9.99736E-05 9.99736E-05
9.99737E-05 9.99737E-05 0.965498 9.99737E-05 0.0342026
0.131145 9.99912E-05 0.634988 0.148581 0.0851862
9.99736E-05 9.99736E-05 0.904068 9.99736E-05 0.0956318
9.99824E-05 0.0744109 0.89574 9.99824E-05 0.0296493
9.99736E-05 9.99736E-05 0.91209 9.99736E-05 0.08761
9.99737E-05 0.0572858 0.942414 9.99737E-05 9.99737E-05
0.086969 9.99912E-05 0.697358 0.0505402 0.165033
0.0847032 9.99824E-05 0.875389 9.99824E-05 0.039708
0.0666913 9.99824E-05 0.838443 9.99824E-05 0.0946658
9.997E-05 9.997E-05 0.9996 9.997E-05 9.997E-05
0.00994142 0.0272598 0.804414 9.99912E-05 0.158285
9.99824E-05 9.99824E-05 0.88228 0.0205575 0.0969625
0.00730739 0.1002 0.718285 9.99912E-05 0.174108
0.106372 9.99824E-05 0.765631 9.99824E-05 0.127797
9.99736E-05 0.0488866 0.950814 9.99736E-05 9.99736E-05
9.997E-05 9.997E-05 0.9996 9.997E-05 9.997E-05
9.99736E-05 9.99736E-05 0.993493 9.99736E-05 0.00620717
0.156484 0.0781787 0.765137 9.99824E-05 9.99824E-05
0.146948 9.99736E-05 0.852752 9.99736E-05 9.99736E-05
9.99736E-05 9.99736E-05 0.945191 9.99736E-05 0.0545095
9.997E-05 9.997E-05 0.9996 9.997E-05 9.997E-05
0.119959 0.170378 0.630395 0.0541891 0.0250785
0.0850186 9.99824E-05 0.803735 9.99824E-05 0.111046
9.99736E-05 9.99736E-05 0.841942 9.99736E-05 0.157758
0.0243251 0.0172571 0.861243 9.99912E-05 0.097075
9.99737E-05 9.99737E-05 0.8526 9.99737E-05 0.1471
9.99824E-05 0.112206 0.855782 9.99824E-05 0.0318118
0.0510478 0.00458948 0.944163 9.99824E-05 9.99824E-05
0.000452301 9.99736E-05 0.999248 9.99736E-05 9.99736E-05
0.0554022 9.99824E-05 0.877528 9.99824E-05 0.0668695
9.997E-05 9.997E-05 0.9996 9.997E-05 9.997E-05
0.00273525 9.99824E-05 0.926375 9.99824E-05 0.0706901
9.997E-05 9.997E-05 0.9996 9.997E-05 9.997E-05
0.0162573 0.215979 0.767564 9.99824E-05 9.99824E-05
9.997E-05 9.997E-05 0.9996 9.997E-05 9.997E-05
0.0517233 9.99824E-05 0.79334 0.154737 9.99824E-05
0.00893363 0.196853 0.668524 0.125589 9.99912E-05
9.997E-05 9.997E-05 0.9996 9.997E-05 9.997E-05
9.99824E-05 0.196194 0.730637 9.99824E-05 0.0729685
9.997E-05 9.997E-05 0.9996 9.997E-05 9.997E-05
0.0166773 9.99825E-05 0.881404 0.101719 9.99825E-05
9.997E-05 9.997E-05 0.9996 9.997E-05 9.997E-05
9.99737E-05 9.99737E-05 0.932198 9.99737E-05 0.067502
9.99737E-05 9.99737E-05 0.941667 0.0580332 9.99737E-05
9.997E-05 9.997E-05 0.9996 9.997E-05 9.997E-05
9.997E-05 9.997E-05 0.9996 9.997E-05 9.997E-05
9.99825E-05 9.99825E-05 0.739114 0.203291 0.0573951
0.111144 9.99824E-05 0.822969 9.99824E-05 0.0656875
9.99736E-05 9.99736E-05 0.906633 9.99736E-05 0.093067
9.99737E-05 9.99737E-05 0.936808 9.99737E-05 0.062892
9.997E-05 9.997E-05 0.9996 9.997E-05 9.997E-05
9.99737E-05 9.99737E-05 0.912785 9.99737E-05 0.0869148
9.99912E-05 0.0645582 0.697788 0.128643 0.108911
9.99737E-05 9.99737E-05 0.910298 9.99737E-05 0.0894017
9.99824E-05 9.99824E-05 0.762458 0.167268 0.0700749
9.99738E-05 9.99738E-05 0.688342 0.311358 9.99738E-05
9.99736E-05 9.99736E-05 0.994167 0.0055329 9.99736E-05
0.18677 0.114397 0.620856 9.99912E-05 0.0778766
9.99737E-05 9.99737E-05 0.949891 0.049809 9.99737E-05
9.997E-05 9.997E-05 0.9996 9.997E-05 9.997E-05
9.99737E-05 9.99737E-05 0.946146 0.0535543 9.99737E-05
0.0322448 9.99912E-05 0.899696 0.00805807 0.0599011
9.997E-05 9.997E-05 0.9996 9.997E-05 9.997E-05
0.0240036 9.99736E-05 0.975696 9.99736E-05 9.99736E-05
9.99824E-05 0.0575508 0.886671 9.99824E-05 0.0555784
0.0909568 0.105604 0.776693 9.99912E-05 0.026646
9.99737E-05 9.99737E-05 0.962226 0.037474 9.99737E-05
9.997E-05 9.997E-05 0.9996 9.997E-05 9.997E-05
0.11355 9.99824E-05 0.76474 9.99824E-05 0.12151
9.997E-05 9.997E-05 0.9996 9.997E-05 9.997E-05
0.134879 9.99824E-05 0.798574 9.99824E-05 0.0663469
0.0100179 9.99824E-05 0.984575 9.99824E-05 0.00520692
9.99912E-05 0.0140419 0.813171 0.0926381 0.0800492
0.0480024 9.99824E-05 0.88558 9.99824E-05 0.066218
9.99825E-05 9.99825E-05 0.58363 0.183512 0.232659
0.0149496 9.99824E-05 0.705633 0.279217 9.99824E-05
9.99737E-05 9.99737E-05 0.928951 0.0707491 9.99737E-05
0.109756 9.99824E-05 0.717236 9.99824E-05 0.172807
9.997E-05 9.997E-05 0.9996 9.997E-05 9.997E-05
9.99737E-05 9.99737E-05 0.972357 0.0273427 9.99737E-05
9.99824E-05 0.105158 0.81531 9.99824E-05 0.0793317
0.0196641 0.101823 0.71407 0.164343 9.99912E-05
0.0489009 9.99824E-05 0.689712 0.261187 9.99824E-05
9.99824E-05 9.99824E-05 0.619277 0.358136 0.0223871
0.177335 0.219182 0.603283 9.99824E-05 9.99824E-05
9.99824E-05 9.99824E-05 0.710046 0.278342 0.0114121
0.125849 9.99824E-05 0.690186 9.99824E-05 0.183765
9.99738E-05 9.99738E-05 0.99779 9.99738E-05 0.00191056
9.99737E-05 9.99737E-05 0.90912 0.09058 9.99737E-05
9.99737E-05 9.99737E-05 0.910042 0.0896584 9.99737E-05
0.124165 9.99912E-05 0.637339 0.139985 0.0984121
9.997E-05 9.997E-05 0.9996 9.997E-05 9.997E-05
9.99738E-05 9.99738E-05 0.930092 0.0696081 9.99738E-05
0.0515065 9.99824E-05 0.759465 9.99824E-05 0.188828
0.031178 9.99824E-05 0.867165 9.99824E-05 0.101458
9.99825E-05 9.99825E-05 0.846048 0.100185 0.0535667
9.99824E-05 9.99824E-05 0.942231 0.0558029 0.00176633
9.99912E-05 0.0913521 0.665305 0.197131 0.0461125
0.0761456 9.99912E-05 0.427323 0.281805 0.214627
9.997E-05 9.997E-05 0.9996 9.997E-05 9.997E-05
9.99736E-05 9.99736E-05 0.963256 9.99736E-05 0.036444
0.0900851 9.99912E-05 0.671999 0.12652 0.111296
9.99737E-05 9.99737E-05 0.888412 9.99737E-05 0.111288
9.99912E-05 0.181807 0.539631 0.214861 0.0636013
0.170513 9.99824E-05 0.748932 0.0803556 9.99824E-05
0.103395 9.99824E-05 0.867848 9.99824E-05 0.0285578
9.99912E-05 0.0684738 0.80651 0.107349 0.0175677
0.0859801 0.103518 0.810302 9.99824E-05 9.99824E-05
9.997E-05 9.997E-05 0.9996 9.997E-05 9.997E-05
0.189933 9.99824E-05 0.805171 0.00469594 9.99824E-05
9.99737E-05 9.99737E-05 0.932911 9.99737E-05 0.0667892
9.997E-05 9.997E-05 0.9996 9.997E-05 9.997E-05
0.0544232 0.0400178 0.905359 9.99824E-05 9.99824E-05
9.99736E-05 9.99736E-05 0.892373 9.99736E-05 0.107327
0.0413281 0.213982 0.485556 0.259034 9.99912E-05
0.0780378 0.122536 0.508933 0.290394 9.99912E-05
9.99912E-05 0.307796 0.553944 0.131106 0.00705403
0.109857 0.247948 0.427217 0.214879 9.99912E-05
0.149806 0.126584 0.510349 0.20615 0.0071105
9.99825E-05 0.00707722 0.321639 0.671084 9.99825E-05
0.0520128 9.99824E-05 0.447123 0.500664 9.99824E-05
9.99825E-05 0.36763 0.337725 0.294445 9.99825E-05
0.108412 0.215581 0.445897 0.23001 9.99913E-05
9.99824E-05 0.125134 0.669046 0.20562 9.99824E-05
0.204426 0.040022 0.233023 0.460999 0.0615309
9.99825E-05 9.99825E-05 0.111025 0.703066 0.185708
9.99824E-05 0.176429 0.481895 0.341475 9.99824E-05
9.99737E-05 9.99737E-05 0.30757 0.69213 9.99737E-05
0.122597 9.99824E-05 0.315102 0.5621 9.99824E-05
0.00355375 0.194727 0.506808 0.294811 9.99912E-05
0.0403639 0.0937861 0.444242 0.421508 9.99912E-05
9.99912E-05 0.141237 0.315393 0.540129 0.00314096
0.219373 0.077595 0.336204 0.311084 0.055745
9.99824E-05 0.147934 0.420401 0.431465 9.99824E-05
0.107244 0.0745574 0.310997 0.507102 9.99912E-05
9.99825E-05 0.201618 0.286443 0.511739 9.99825E-05
0.130905 9.99912E-05 0.266679 0.56977 0.0325462
0.0860584 9.99736E-05 0.913642 9.99736E-05 9.99736E-05
9.99824E-05 9.99824E-05 0.891346 0.0728414 0.0356131
0.051538 9.99737E-05 0.948162 9.99737E-05 9.99737E-05
9.99824E-05 0.19749 0.651137 0.151172 9.99824E-05
9.99824E-05 0.0766892 0.791372 0.131739 9.99824E-05
9.99824E-05 0.0024659 0.811878 0.185456 9.99824E-05
0.0452073 9.99736E-05 0.954493 9.99736E-05 9.99736E-05
9.99737E-05 9.99737E-05 0.771356 0.228344 9.99737E-05
0.000655489 0.0370537 0.832108 0.130082 9.99912E-05
0.0857662 9.99824E-05 0.746874 0.167159 9.99824E-05
0.0206596 0.0580921 0.861029 0.0427075 0.0175121
9.99737E-05 9.99737E-05 0.922462 0.077238 9.99737E-05
0.0956131 9.99824E-05 0.800803 0.103384 9.99824E-05
9.997E-05 9.997E-05 0.9996 9.997E-05 9.997E-05
9.99737E-05 9.99737E-05 0.883609 0.116091 9.99737E-05
9.99737E-05 0.123026 0.876674 9.99737E-05 9.99737E-05
0.0689065 9.99736E-05 0.930794 9.99736E-05 9.99736E-05
9.99737E-05 9.99737E-05 0.998708 0.00099183 9.99737E-05
9.99737E-05 9.99737E-05 0.819136 0.180564 9.99737E-05
0.0557686 9.99825E-05 0.874037 0.0699947 9.99825E-05
0.00370714 9.99824E-05 0.990195 9.99824E-05 0.00589802
0.0316059 9.99825E-05 0.788366 0.179828 9.99825E-05
9.99824E-05 0.00647481 0.94979 0.0435357 9.99824E-05
9.99825E-05 9.99825E-05 0.892065 0.014264 0.0934708
9.99825E-05 0.0810281 0.780826 0.137946 9.99825E-05
0.00390036 9.99824E-05 0.972751 0.0231482 9.99824E-05
0.0359236 0.111092 0.619424 0.23346 9.99912E-05
9.99737E-05 9.99737E-05 0.868184 0.131516 9.99737E-05
9.99824E-05 0.00524798 0.986577 0.0079747 9.99824E-05
9.99737E-05 9.99737E-05 0.991247 0.00845358 9.99737E-05
9.99824E-05 0.0783813 0.778817 0.142602 9.99824E-05
9.99824E-05 0.115901 0.520754 0.363145 9.99824E-05
0.0288277 9.99825E-05 0.875132 0.0958406 9.99825E-05
9.99824E-05 0.160726 0.664678 0.174397 9.99824E-05
9.99737E-05 9.99737E-05 0.918464 0.0812357 9.99737E-05
9.99736E-05 9.99736E-05 0.934865 0.0648355 9.99736E-05
9.997E-05 9.997E-05 0.9996 9.997E-05 9.997E-05
0.0871461 9.99824E-05 0.74272 0.169934 9.99824E-05
9.99824E-05 0.0711613 0.726703 0.201936 9.99824E-05
9.99737E-05 9.99737E-05 0.906386 0.0933138 9.99737E-05
9.99737E-05 9.99737E-05 0.673082 0.326618 9.99737E-05
9.99825E-05 0.000888316 0.842599 0.156313 9.99825E-05
0.0240114 9.99824E-05 0.876955 0.0988333 9.99824E-05
0.00542697 9.99824E-05 0.764995 0.229378 9.99824E-05
0.159413 0.436734 9.99824E-05 0.403653 9.99824E-05
9.99824E-05 0.592366 0.194178 0.213257 9.99824E-05
0.271194 0.391143 0.283995 0.0535678 9.99912E-05
0.105956 0.537429 0.0767034 0.279811 9.99912E-05
9.99824E-05 0.449146 0.237303 0.313351 9.99824E-05
0.144375 0.363995 0.0625252 0.429004 9.99912E-05
0.088243 0.381878 0.154059 0.37572 9.99912E-05
0.160229 0.321987 0.132726 0.384958 9.99912E-05
0.103436 0.362778 0.533586 9.99824E-05 9.99824E-05
0.489101 0.0505632 0.0959005 0.321556 0.0428798
0.125753 0.399358 0.243401 0.231388 9.99912E-05
0.145776 0.47165 0.254342 0.128132 9.99912E-05
0.164287 0.350326 0.125917 0.35937 9.99912E-05
0.262783 0.373421 0.0969014 0.266795 9.99912E-05
0.0637719 0.593198 0.00918149 0.333749 9.99912E-05
0.0456816 0.392689 0.161074 0.400456 9.99912E-05
0.0918476 0.377214 0.0684881 0.46235 9.99912E-05
0.043217 0.478566 0.31877 0.159347 9.99912E-05
0.242369 0.312704 0.220289 0.224538 9.99912E-05
0.0500634 0.437428 0.0759066 0.436502 9.99912E-05
0.9996 9.997E-05 9.997E-05 9.997E-05 9.997E-05
0.9996 9.997E-05 9.997E-05 9.997E-05 9.997E-05
0.9996 9.997E-05 9.997E-05 9.997E-05 9.997E-05
0.9996 9.997E-05 9.997E-05 9.997E-05 9.997E-05
0.9996 9.997E-05 9.997E-05 9.997E-05 9.997E-05
0.9996 9.997E-05 9.997E-05 9.997E-05 9.997E-05
0.9996 9.997E-05 9.997E-05 9.997E-05 9.997E-05
0.9996 9.997E-05 9.997E-05 9.997E-05 9.997E-05
0.9996 9.997E-05 9.997E-05 9.997E-05 9.997E-05
0.9996 9.997E-05 9.997E-05 9.997E-05 9.997E-05
0.9996 9.997E-05 9.997E-05 9.997E-05 9.997E-05
0.9996 9.997E-05 9.997E-05 9.997E-05 9.997E-05
0.9996 9.997E-05 9.997E-05 9.997E-05 9.997E-05
0.9996 9.997E-05 9.997E-05 9.997E-05 9.997E-05
0.9996 9.997E-05 9.997E-05 9.997E-05 9.997E-05
0.9996 9.997E-05 9.997E-05 9.997E-05 9.997E-05
0.9996 9.997E-05 9.997E-05 9.997E-05 9.997E-05
0.9996 9.997E-05 9.997E-05 9.997E-05 9.997E-05
0.9996 9.997E-05 9.997E-05 9.997E-05 9.997E-05
0.9996 9.997E-05 9.997E-05 9.997E-05 9.997E-05
0.9996 9.997E-05 9.997E-05 9.997E-05 9.997E-05
0.9996 9.997E-05 9.997E-05 9.997E-05 9.997E-05
0.9996 9.997E-05 9.997E-05 9.997E-05 9.997E-05
0.9996 9.997E-05 9.997E-05 9.997E-05 9.997E-05
0.9996 9.997E-05 9.997E-05 9.997E-05 9.997E-05
0.9996 9.997E-05 9.997E-05 9.997E-05 9.997E-05
0.9996 9.997E-05 9.997E-05 9.997E-05 9.997E-05
0.9996 9.997E-05 9.997E-05 9.997E-05 9.997E-05
0.9996 9.997E-05 9.997E-05 9.997E-05 9.997E-05
0.9996 9.997E-05 9.997E-05 9.997E-05 9.997E-05
0.9996 9.997E-05 9.997E-05 9.997E-05 9.997E-05
0.9996 9.997E-05 9.997E-05 9.997E-05 9.997E-05
0.9996 9.997E-05 9.997E-05 9.997E-05 9.997E-05
0.9996 9.997E-05 9.997E-05 9.997E-05 9.997E-05
0.9996 9.997E-05 9.997E-05 9.997E-05 9.997E-05
0.9996 9.997E-05 9.997E-05 9.997E-05 9.997E-05
0.9996 9.997E-05 9.997E-05 9.997E-05 9.997E-05
0.9996 9.997E-05 9.997E-05 9.997E-05 9.997E-05
0.9996 9.997E-05 9.997E-05 9.997E-05 9.997E-05
0.9996 9.997E-05 9.997E-05 9.997E-05 9.997E-05
0.9996 9.997E-05 9.997E-05 9.997E-05 9.997E-05
0.9996 9.997E-05 9.997E-05 9.997E-05 9.997E-05
0.9996 9.997E-05 9.997E-05 9.997E-05 9.997E-05
0.9996 9.997E-05 9.997E-05 9.997E-05 9.997E-05
0.9996 9.997E-05 9.997E-05 9.997E-05 9.997E-05
0.9996 9.997E-05 9.997E-05 9.997E-05 9.997E-05
0.9996 9.997E-05 9.997E-05 9.997E-05 9.997E-05
0.9996 9.997E-05 9.997E-05 9.997E-05 9.997E-05
0.9996 9.997E-05 9.997E-05 9.997E-05 9.997E-05
0.9996 9.997E-05 9.997E-05 9.997E-05 9.997E-05
0.9996 9.997E-05 9.997E-05 9.997E-05 9.997E-05
0.9996 9.997E-05 9.997E-05 9.997E-05 9.997E-05
0.9996 9.997E-05 9.997E-05 9.997E-05 9.997E-05
0.9996 9.997E-05 9.997E-05 9.997E-05 9.997E-05
0.9996 9.997E-05 9.997E-05 9.997E-05 9.997E-05
0.9996 9.997E-05 9.997E-05 9.997E-05 9.997E-05
0.9996 9.997E-05 9.997E-05 9.997E-05 9.997E-05
0.9996 9.997E-05 9.997E-05 9.997E-05 9.997E-05
0.9996 9.997E-05 9.997E-05 9.997E-05 9.997E-05
0.9996 9.997E-05 9.997E-05 9.997E-05 9.997E-05
0.9996 9.997E-05 9.997E-05 9.997E-05 9.997E-05
0.9996 9.997E-05 9.997E-05 9.997E-05 9.997E-05
0.9996 9.997E-05 9.997E-05 9.997E-05 9.997E-05
0.9996 9.997E-05 9.997E-05 9.997E-05 9.997E-05
0.9996 9.997E-05 9.997E-05 9.997E-05 9.997E-05
0.9996 9.997E-05 9.997E-05 9.997E-05 9.997E-05
0.9996 9.997E-05 9.997E-05 9.997E-05 9.997E-05
0.9996 9.997E-05 9.997E-05 9.997E-05 9.997E-05
0.970737 0.0289626 9.99736E-05 9.99736E-05 9.99736E-05
0.9996 9.997E-05 9.997E-05 9.997E-05 9.997E-05
0.9996 9.997E-05 9.997E-05 9.997E-05 9.997E-05
0.9996 9.997E-05 9.997E-05 9.997E-05 9.997E-05
0.9996 9.997E-05 9.997E-05 9.997E-05 9.997E-05
0.973451 9.99736E-05 9.99736E-05 9.99736E-05 0.0262495
0.9996 9.997E-05 9.997E-05 9.997E-05 9.997E-05
0.944383 0.026343 9.99824E-05 9.99824E-05 0.0290739
0.944925 0.0547754 9.99736E-05 9.99736E-05 9.99736E-05
0.9996 9.997E-05 9.997E-05 9.997E-05 9.997E-05
0.9996 9.997E-05 9.997E-05 9.997E-05 9.997E-05
0.9996 9.997E-05 9.997E-05 9.997E-05 9.997E-05
0.9996 9.997E-05 9.997E-05 9.997E-05 9.997E-05
0.9996 9.997E-05 9.997E-05 9.997E-05 9.997E-05
0.9996 9.997E-05 9.997E-05 9.997E-05 9.997E-05
0.9996 9.997E-05 9.997E-05 9.997E-05 9.997E-05
0.9996 9.997E-05 9.997E-05 9.997E-05 9.997E-05
0.9996 9.997E-05 9.997E-05 9.997E-05 9.997E-05
0.9996 9.997E-05 9.997E-05 9.997E-05 9.997E-05
0.9996 9.997E-05 9.997E-05 9.997E-05 9.997E-05
0.980634 0.0190657 9.99736E-05 9.99736E-05 9.99736E-05
0.9996 9.997E-05 9.997E-05 9.997E-05 9.997E-05
0.9996 9.997E-05 9.997E-05 9.997E-05 9.997E-05
0.9996 9.997E-05 9.997E-05 9.997E-05 9.997E-05
0.999124 0.000576001 9.99736E-05 9.99736E-05 9.99736E-05
0.9996 9.997E-05 9.997E-05 9.997E-05 9.997E-05
0.9996 9.997E-05 9.997E-05 9.997E-05 9.997E-05
0.9996 9.997E-05 9.997E-05 9.997E-05 9.997E-05
0.9996 9.997E-05 9.997E-05 9.997E-05 9.997E-05
0.895939 0.00263287 9.99824E-05 9.99824E-05 0.101228
0.9996 9.997E-05 9.997E-05 9.997E-05 9.997E-05
0.987598 9.99736E-05 9.99736E-05 9.99736E-05 0.0121017
0.9996 9.997E-05 9.997E-05 9.997E-05 9.997E-05
0.9996 9.997E-05 9.997E-05 9.997E-05 9.997E-05
0.9996 9.997E-05 9.997E-05 9.997E-05 9.997E-05
0.99584 0.00385981 9.99736E-05 9.99736E-05 9.99736E-05
0.983851 0.0158493 9.99736E-05 9.99736E-05 9.99736E-05
0.9996 9.997E-05 9.997E-05 9.997E-05 9.997E-05
0.9996 9.997E-05 9.997E-05 9.997E-05 9.997E-05
0.9996 9.997E-05 9.997E-05 9.997E-05 9.997E-05
0.9996 9.997E-05 9.997E-05 9.997E-05 9.997E-05
0.9996 9.997E-05 9.997E-05 9.997E-05 9.997E-05
0.9996 9.997E-05 9.997E-05 9.997E-05 9.997E-05
0.9996 9.997E-05 9.997E-05 9.997E-05 9.997E-05
0.9996 9.997E-05 9.997E-05 9.997E-05 9.997E-05
0.9996 9.997E-05 9.997E-05 9.997E-05 9.997E-05
0.9996 9.997E-05 9.997E-05 9.997E-05 9.997E-05
0.996258 9.99736E-05 9.99736E-05 9.99736E-05 0.00344232
0.9996 9.997E-05 9.997E-05 9.997E-05 9.997E-05
0.9996 9.997E-05 9.997E-05 9.997E-05 9.997E-05
0.9996 9.997E-05 9.997E-05 9.997E-05 9.997E-05
0.9996 9.997E-05 9.997E-05 9.997E-05 9.997E-05
0.9996 9.997E-05 9.997E-05 9.997E-05 9.997E-05
0.9996 9.997E-05 9.997E-05 9.997E-05 9.997E-05
0.9996 9.997E-05 9.997E-05 9.997E-05 9.997E-05
0.9996 9.997E-05 9.997E-05 9.997E-05 9.997E-05
0.9996 9.997E-05 9.997E-05 9.997E-05 9.997E-05
0.9996 9.997E-05 9.997E-05 9.997E-05 9.997E-05
0.9996 9.997E-05 9.997E-05 9.997E-05 9.997E-05
0.9996 9.997E-05 9.997E-05 9.997E-05 9.997E-05
0.940067 0.0374179 9.99824E-05 9.99824E-05 0.0223149
0.9996 9.997E-05 9.997E-05 9.997E-05 9.997E-05
0.484331 0.337022 9.99824E-05 9.99824E-05 0.178447
0.58357 0.300519 9.99824E-05 9.99824E-05 0.11571
0.809131 0.00898475 9.99824E-05 9.99824E-05 0.181684
0.74986 0.116344 9.99824E-05 9.99824E-05 0.133596
0.554521 0.266805 9.99824E-05 9.99824E-05 0.178474
0.491924 0.250217 0.00940288 9.99912E-05 0.248356
0.596546 0.260692 9.99824E-05 9.99824E-05 0.142562
0.639646 9.99737E-05 9.99737E-05 9.99737E-05 0.360054
0.497164 0.382202 9.99824E-05 9.99824E-05 0.120435
0.5576 0.269539 9.99824E-05 9.99824E-05 0.172661
0.544476 0.282264 9.99824E-05 9.99824E-05 0.17306
0.556362 0.443338 9.99737E-05 9.99737E-05 9.99737E-05
0.820562 9.99736E-05 9.99736E-05 9.99736E-05 0.179139
0.752223 9.99736E-05 9.99736E-05 9.99736E-05 0.247477
0.83357 9.99736E-05 9.99736E-05 9.99736E-05 0.16613
0.871286 9.99736E-05 9.99736E-05 9.99736E-05 0.128414
0.864086 9.99736E-05 9.99736E-05 9.99736E-05 0.135614
0.165266 0.743835 9.99824E-05 9.99824E-05 0.0906996
0.372844 0.467114 9.99824E-05 9.99824E-05 0.159842
0.225238 0.774462 9.99736E-05 9.99736E-05 9.99736E-05
0.121394 0.878306 9.99736E-05 9.99736E-05 9.99736E-05
0.188317 0.621133 0.0360748 9.99912E-05 0.154375
0.102327 0.897373 9.99736E-05 9.99736E-05 9.99736E-05
0.0692152 0.849332 9.99824E-05 9.99824E-05 0.0812525
9.997E-05 0.9996 9.997E-05 9.997E-05 9.997E-05
0.0513112 0.871073 0.00825781 9.99912E-05 0.0692576
0.300725 0.666663 9.99824E-05 9.99824E-05 0.0324116
9.99824E-05 0.671463 0.0945617 9.99824E-05 0.233776
9.99736E-05 0.93358 9.99736E-05 0.0661201 9.99736E-05
0.188283 0.526618 0.00353177 9.99912E-05 0.281467
0.0939089 0.513926 9.99824E-05 9.99824E-05 0.391965
0.112597 0.590091 9.99824E-05 9.99824E-05 0.297113
0.066011 0.64973 0.0897492 9.99912E-05 0.19441
0.1143 0.61689 9.99824E-05 9.99824E-05 0.26861
0.0484112 0.94973 9.99824E-05 9.99824E-05 0.00165856
0.335876 0.561103 0.0288065 9.99912E-05 0.0741143
0.0892134 0.492435 9.99824E-05 9.99824E-05 0.418151
0.102605 0.41578 9.99824E-05 9.99824E-05 0.481415
0.0019662 0.772855 9.99824E-05 9.99824E-05 0.224978
0.0785981 0.512061 9.99824E-05 9.99824E-05 0.409141
9.997E-05 0.9996 9.997E-05 9.997E-05 9.997E-05
0.229756 0.534256 9.99824E-05 9.99824E-05 0.235788
0.323719 0.535469 9.99824E-05 9.99824E-05 0.140613
0.27892 0.72078 9.99737E-05 9.99737E-05 9.99737E-05
0.34936 0.629476 9.99824E-05 9.99824E-05 0.0209639
0.144175 0.739686 9.99824E-05 9.99824E-05 0.115939
0.0446964 0.763475 9.99824E-05 9.99824E-05 0.191629
0.0172091 0.931075 9.99824E-05 9.99824E-05 0.0515159
0.256193 0.38642 0.00265998 0.0265289 0.328198
0.263614 0.573355 0.0126936 9.99912E-05 0.150237
0.081424 0.751279 9.99824E-05 9.99824E-05 0.167097
9.99736E-05 0.733605 9.99736E-05 9.99736E-05 0.266095
0.0322653 0.813904 9.99824E-05 9.99824E-05 0.15363
0.0223838 0.750044 9.99824E-05 9.99824E-05 0.227373
0.146997 0.780382 9.99824E-05 9.99824E-05 0.0724215
9.99736E-05 0.523855 9.99736E-05 9.99736E-05 0.475845
0.147553 0.734903 9.99824E-05 9.99824E-05 0.117345
0.142459 0.776207 0.0811333 9.99824E-05 9.99824E-05
9.99736E-05 0.871818 9.99736E-05 9.99736E-05 0.127882
0.110791 0.747243 9.99824E-05 9.99824E-05 0.141765
9.997E-05 0.9996 9.997E-05 9.997E-05 9.997E-05
9.99736E-05 0.857687 9.99736E-05 9.99736E-05 0.142013
0.146997 0.780382 9.99824E-05 9.99824E-05 0.0724215
0.0448344 0.789833 0.0135068 9.99912E-05 0.151726
0.338266 0.358831 9.99825E-05 9.99825E-05 0.302703
0.112782 0.840716 9.99824E-05 9.99824E-05 0.0463016
9.99736E-05 0.848919 9.99736E-05 9.99736E-05 0.150781
0.125593 0.816926 0.0572808 9.99824E-05 9.99824E-05
0.225713 0.707585 0.0665023 9.99824E-05 9.99824E-05
0.158965 0.687503 9.99824E-05 9.99824E-05 0.153333
0.0147074 0.835372 9.99824E-05 9.99824E-05 0.149721
0.219946 0.737917 0.0419378 9.99824E-05 9.99824E-05
0.225447 0.481054 9.99824E-05 9.99824E-05 0.293299
0.0688826 0.821969 9.99824E-05 9.99824E-05 0.108949
0.0605083 0.783728 9.99824E-05 9.99824E-05 0.155563
0.0372094 0.767281 9.99824E-05 9.99824E-05 0.19531
0.0507493 0.874966 9.99824E-05 9.99824E-05 0.0740851
0.201145 0.68402 9.99824E-05 9.99824E-05 0.114636
0.168729 0.74587 9.99824E-05 9.99824E-05 0.0852008
9.99736E-05 0.430401 9.99736E-05 9.99736E-05 0.569299
9.99736E-05 0.848901 9.99736E-05 9.99736E-05 0.150799
0.122729 0.817294 0.0597774 9.99824E-05 9.99824E-05
0.155244 0.766624 9.99824E-05 9.99824E-05 0.0779318
0.0864553 0.825179 9.99824E-05 9.99824E-05 0.0881655
0.101378 0.745286 9.99824E-05 9.99824E-05 0.153136
9.99736E-05 0.803886 9.99736E-05 9.99736E-05 0.195814
0.0797622 0.748449 9.99824E-05 9.99824E-05 0.171588
9.99736E-05 0.780249 9.99736E-05 9.99736E-05 0.219452
0.192993 0.791378 0.0154298 9.99824E-05 9.99824E-05
0.10389 0.767294 9.99824E-05 9.99824E-05 0.128616
0.0281738 0.699233 0.121222 9.99912E-05 0.151271
9.997E-05 0.9996 9.997E-05 9.997E-05 9.997E-05
0.18475 0.727908 9.99824E-05 9.99824E-05 0.0871418
0.0338489 0.81758 9.99824E-05 9.99824E-05 0.148371
0.137498 0.694615 9.99824E-05 9.99824E-05 0.167687
0.226383 0.557264 9.99824E-05 9.99824E-05 0.216153
0.174199 0.712083 9.99824E-05 9.99824E-05 0.113518
0.0377978 0.783033 9.99912E-05 0.117427 0.0616422
0.0901638 0.909536 9.99736E-05 9.99736E-05 9.99736E-05
0.0955373 0.859588 9.99824E-05 9.99824E-05 0.0446747
0.0399644 0.795642 9.99824E-05 9.99824E-05 0.164194
0.111694 0.703957 9.99824E-05 9.99824E-05 0.184149
0.125289 0.872492 9.99824E-05 9.99824E-05 0.00201889
0.357038 0.565933 9.99824E-05 9.99824E-05 0.0768287
0.117213 0.882487 9.99736E-05 9.99736E-05 9.99736E-05
0.0113559 0.744649 0.139025 9.99912E-05 0.10487
0.108455 0.891246 9.99736E-05 9.99736E-05 9.99736E-05
0.102342 0.868061 9.99824E-05 9.99824E-05 0.0293972
9.99736E-05 0.814997 9.99736E-05 9.99736E-05 0.184703
0.0702961 0.826202 9.99824E-05 9.99824E-05 0.103301
0.0843217 0.915378 9.99737E-05 9.99737E-05 9.99737E-05
0.0797353 0.569464 9.99824E-05 9.99824E-05 0.3506
0.39469 0.29848 9.99824E-05 9.99824E-05 0.30663
0.074742 0.924608 9.99824E-05 9.99824E-05 0.000450392
0.29639 0.498104 9.99824E-05 9.99824E-05 0.205305
0.217844 0.639779 9.99824E-05 9.99824E-05 0.142177
0.222136 0.753634 9.99824E-05 9.99824E-05 0.0240304
0.16228 0.779717 9.99824E-05 9.99824E-05 0.0578028
9.99736E-05 0.750524 9.99736E-05 9.99736E-05 0.249176
0.258415 0.563681 0.0023484 9.99912E-05 0.175456
0.167991 0.669776 0.00234638 9.99912E-05 0.159787
0.256739 0.682658 9.99824E-05 9.99824E-05 0.0604034
9.99736E-05 0.934272 9.99736E-05 9.99736E-05 0.0654277
0.240181 0.578878 9.99824E-05 9.99824E-05 0.180741
9.99825E-05 0.886787 0.0708274 9.99825E-05 0.0421852
0.10044 0.757483 9.99824E-05 9.99824E-05 0.141877
0.142796 0.791962 9.99824E-05 9.99824E-05 0.065042
0.100236 0.899464 9.99736E-05 9.99736E-05 9.99736E-05
0.183243 0.713699 9.99824E-05 9.99824E-05 0.102858
0.0758285 0.884319 9.99824E-05 9.99824E-05 0.0396521
0.390324 0.573494 9.99824E-05 9.99824E-05 0.0359818
0.0810939 0.762136 9.99824E-05 9.99824E-05 0.15657
0.0263909 0.875773 9.99824E-05 9.99824E-05 0.0976365
0.163647 0.799758 0.0363955 9.99824E-05 9.99824E-05
0.0625025 0.842254 9.99824E-05 9.99824E-05 0.0950438
0.128917 0.870783 9.99737E-05 9.99737E-05 9.99737E-05
0.144628 0.663087 9.99824E-05 9.99824E-05 0.192085
0.0582709 0.78685 9.99824E-05 9.99824E-05 0.154679
0.405145 0.594555 9.99737E-05 9.99737E-05 9.99737E-05
0.090086 0.862044 9.99824E-05 9.99824E-05 0.0476696
0.367 0.277809 9.99824E-05 9.99824E-05 0.354991
0.138966 0.794032 9.99824E-05 9.99824E-05 0.0668025
0.000673297 0.880628 9.99824E-05 9.99824E-05 0.118499
9.99737E-05 0.849572 9.99737E-05 9.99737E-05 0.150128
0.152728 0.735912 9.99824E-05 9.99824E-05 0.11116
0.309053 0.690647 9.99736E-05 9.99736E-05 9.99736E-05
0.185381 0.638294 9.99824E-05 9.99824E-05 0.176125
0.0157894 0.867184 9.99824E-05 9.99824E-05 0.116827
0.130899 0.763818 9.99824E-05 9.99824E-05 0.105083
0.179533 0.553162 9.99824E-05 9.99824E-05 0.267106
0.0168803 0.90496 9.99824E-05 9.99824E-05 0.07796
0.0028891 0.877729 9.99824E-05 9.99824E-05 0.119181
0.146401 0.646597 0.111405 9.99912E-05 0.0954973
0.20117 0.546749 0.0230772 9.99912E-05 0.228904
0.0900604 0.700623 9.99824E-05 9.99824E-05 0.209117
0.157605 0.820345 9.99824E-05 9.99824E-05 0.02185
9.99736E-05 0.811946 9.99736E-05 9.99736E-05 0.187754
0.215856 0.731836 0.0468873 0.0053213 9.99912E-05
0.112651 0.777044 9.99824E-05 9.99824E-05 0.110104
9.99736E-05 0.611622 9.99736E-05 9.99736E-05 0.388078
0.151956 0.215837 9.99824E-05 9.99824E-05 0.632007
0.555119 0.264443 9.99824E-05 9.99824E-05 0.180239
0.333864 0.360919 9.99824E-05 9.99824E-05 0.305016
0.0626738 0.291633 9.99824E-05 9.99824E-05 0.645493
0.309888 0.378796 9.99912E-05 0.0496477 0.261569
0.364856 0.634844 9.99736E-05 9.99736E-05 9.99736E-05
0.177192 0.668531 9.99824E-05 9.99824E-05 0.154077
0.414858 0.316459 9.99824E-05 9.99824E-05 0.268482
0.0367502 0.682319 9.99824E-05 9.99824E-05 0.280731
0.219553 0.435105 9.99824E-05 9.99824E-05 0.345142
0.285524 0.508241 9.99824E-05 9.99824E-05 0.206035
0.457817 0.492389 9.99824E-05 9.99824E-05 0.0495935
0.155092 0.447561 9.99824E-05 9.99824E-05 0.397147
0.0334774 0.461454 9.99824E-05 9.99824E-05 0.504869
0.191008 0.399841 9.99824E-05 9.99824E-05 0.408951
0.189933 0.686155 9.99824E-05 9.99824E-05 0.123712
0.209995 0.597714 9.99824E-05 9.99824E-05 0.192092
0.560961 0.194659 9.99824E-05 9.99824E-05 0.24418
9.99736E-05 0.695744 9.99736E-05 9.99736E-05 0.303956
0.0178352 0.672767 9.99824E-05 9.99824E-05 0.309198
0.345482 0.337489 9.99824E-05 9.99824E-05 0.316828
0.142742 0.4894 9.99824E-05 9.99824E-05 0.367657
0.351898 0.462309 9.99824E-05 9.99824E-05 0.185593
0.452826 0.113779 9.99824E-05 9.99824E-05 0.433194
0.320393 0.494379 9.99824E-05 9.99824E-05 0.185028
0.776621 9.99737E-05 9.99737E-05 9.99737E-05 0.223079
0.130432 0.544874 9.99824E-05 9.99824E-05 0.324494
0.652996 9.99737E-05 9.99737E-05 9.99737E-05 0.346704
0.0522421 0.701513 9.99824E-05 9.99824E-05 0.246045
0.052125 0.947575 9.99737E-05 9.99737E-05 9.99737E-05
0.0739712 0.667593 9.99824E-05 9.99824E-05 0.258235
0.188395 0.697881 9.99824E-05 9.99824E-05 0.113524
9.99736E-05 0.869708 9.99736E-05 9.99736E-05 0.129992
0.0846941 0.825335 9.99824E-05 9.99824E-05 0.0897711
9.99824E-05 0.788912 0.141407 9.99824E-05 0.0694818
0.165951 0.665729 9.99824E-05 9.99824E-05 0.16812
0.195644 0.521216 9.99824E-05 9.99824E-05 0.28294
0.374282 0.513614 9.99824E-05 9.99824E-05 0.111905
0.160261 0.747583 9.99824E-05 9.99824E-05 0.0919557
0.0701641 0.86983 9.99824E-05 9.99824E-05 0.059806
0.0210953 0.83111 9.99824E-05 9.99824E-05 0.147595
9.99736E-05 0.963645 9.99736E-05 9.99736E-05 0.0360547
0.0191948 0.910394 9.99824E-05 9.99824E-05 0.0702109
0.0526521 0.751987 9.99824E-05 9.99824E-05 0.195161
9.99737E-05 0.84584 9.99737E-05 9.99737E-05 0.15386
0.0469245 0.677907 0.0482671 9.99912E-05 0.226801
0.395266 0.412451 9.99825E-05 9.99825E-05 0.192083
0.00649109 0.83083 9.99824E-05 9.99824E-05 0.162479
9.99824E-05 0.861074 0.0680236 9.99824E-05 0.070702
0.228564 0.761758 9.99824E-05 9.99824E-05 0.0094786
9.99824E-05 0.813576 0.0468901 9.99824E-05 0.139334
9.99736E-05 0.734426 9.99736E-05 9.99736E-05 0.265274
