0.0133355 0.0934411 9.9921E-05 9.9921E-05 0.0749276 9.9921E-05 9.9921E-05 9.9921E-05 0.245807 0.430959 0.0510726 9.9921E-05 9.9921E-05 9.9921E-05 0.0895584 9.9921E-05
0.00326198 0.0154729 0.057847 9.9921E-05 0.132619 9.9921E-05 0.00842015 9.9921E-05 9.9921E-05 0.737491 0.043988 9.9921E-05 9.9921E-05 9.9921E-05 9.9921E-05 9.9921E-05
0.0111551 9.98946E-05 9.98946E-05 9.98946E-05 9.98946E-05 0.0490019 0.0910235 9.98946E-05 9.98946E-05 0.847621 9.98946E-05 9.98946E-05 9.98946E-05 9.98946E-05 9.98946E-05 9.98946E-05
9.99298E-05 0.098315 0.0123889 9.99298E-05 9.99298E-05 9.99298E-05 0.0301802 9.99298E-05 9.99298E-05 0.310024 9.99298E-05 0.102135 9.99298E-05 0.0733632 0.0376421 0.335153
9.98771E-05 9.98771E-05 9.98771E-05 9.98771E-05 9.98771E-05 9.98771E-05 9.98771E-05 9.98771E-05 9.98771E-05 0.84312 9.98771E-05 0.155482 9.98771E-05 9.98771E-05 9.98771E-05 9.98771E-05
9.99473E-05 0.0285104 9.99473E-05 9.99473E-05 0.0912717 0.0658412 0.119673 9.99473E-05 0.133784 0.282169 0.00398884 9.99473E-05 9.99473E-05 0.135397 0.0162408 0.122524
0.100215 0.154895 9.99211E-05 9.99211E-05 0.141434 9.99211E-05 9.99211E-05 0.0164387 0.122199 0.252461 9.99211E-05 9.99211E-05 9.99211E-05 9.99211E-05 9.99211E-05 0.211458
9.99561E-05 0.0303314 9.99561E-05 0.022472 9.99561E-05 0.00746941 0.0739636 0.0606894 0.161946 0.202364 0.122714 0.116243 9.99561E-05 0.141813 9.99561E-05 0.0594951
0.151546 9.99123E-05 0.095853 9.99123E-05 9.99123E-05 9.99123E-05 0.00573034 9.99123E-05 9.99123E-05 0.243367 9.99123E-05 9.99123E-05 9.99123E-05 0.259879 0.242625 9.99123E-05
9.98947E-05 9.98947E-05 9.98947E-05 0.040992 9.98947E-05 9.98947E-05 9.98947E-05 9.98947E-05 9.98947E-05 0.798416 9.98947E-05 9.98947E-05 9.98947E-05 9.98947E-05 0.147994 0.0113993
0.00897415 0.0715626 9.9921E-05 9.9921E-05 9.9921E-05 9.9921E-05 9.9921E-05 0.0441161 0.130901 0.518469 9.9921E-05 9.9921E-05 9.9921E-05 0.0290001 0.196077 9.9921E-05
9.99122E-05 0.0325143 9.99122E-05 9.99122E-05 9.99122E-05 9.99122E-05 9.99122E-05 0.0124372 9.99122E-05 0.887646 9.99122E-05 0.010639 9.99122E-05 9.99122E-05 0.0122559 0.0435089
9.98948E-05 9.98948E-05 9.98948E-05 9.98948E-05 9.98948E-05 9.98948E-05 9.98948E-05 9.98948E-05 0.0555106 0.782038 9.98948E-05 9.98948E-05 9.98948E-05 0.0711227 0.0901295 9.98948E-05
9.99211E-05 0.0221484 9.99211E-05 9.99211E-05 0.0612692 0.0488705 0.0715824 9.99211E-05 9.99211E-05 0.607319 9.99211E-05 9.99211E-05 0.0570545 9.99211E-05 0.130857 9.99211E-05
0.0785888 9.9921E-05 9.9921E-05 9.9921E-05 9.9921E-05 0.0105752 0.301906 9.9921E-05 0.11175 0.262565 9.9921E-05 9.9921E-05 9.9921E-05 0.1532 0.0805166 9.9921E-05
9.99385E-05 9.99385E-05 9.99385E-05 9.99385E-05 9.99385E-05 0.00958727 0.0223303 0.0865876 0.174015 0.234561 0.0304449 9.99385E-05 9.99385E-05 0.195107 0.103644 0.143023
9.99298E-05 0.0441472 9.99298E-05 9.99298E-05 0.160155 9.99298E-05 9.99298E-05 0.0099792 9.99298E-05 0.577402 0.0452683 9.99298E-05 0.0942026 9.99298E-05 0.0548141 0.0132325
0.0554008 9.99298E-05 0.0921679 0.187698 9.99298E-05 9.99298E-05 0.0358006 9.99298E-05 0.219396 0.225138 9.99298E-05 9.99298E-05 9.99298E-05 0.0321371 0.151463 9.99298E-05
9.99297E-05 0.0327255 0.00258881 9.99297E-05 9.99297E-05 9.99297E-05 9.99297E-05 9.99297E-05 0.227728 0.235175 0.0409666 9.99297E-05 9.99297E-05 0.155817 0.201063 0.103136
9.98859E-05 9.98859E-05 0.0498809 9.98859E-05 9.98859E-05 9.98859E-05 9.98859E-05 9.98859E-05 9.98859E-05 0.948184 9.98859E-05 9.98859E-05 9.98859E-05 0.00063611 9.98859E-05 9.98859E-05
0.028258 0.0633248 0.00133481 9.9921E-05 9.9921E-05 9.9921E-05 9.9921E-05 9.9921E-05 9.9921E-05 0.486541 9.9921E-05 0.305662 9.9921E-05 0.105344 9.9921E-05 0.00863517
9.99298E-05 9.99298E-05 9.99298E-05 0.0214889 9.99298E-05 0.0874934 0.0708075 9.99298E-05 0.272356 0.249513 9.99298E-05 0.0604775 9.99298E-05 0.162934 9.99298E-05 0.0741304
9.99211E-05 0.146374 9.99211E-05 0.009188 0.0323012 9.99211E-05 0.0172646 9.99211E-05 9.99211E-05 0.553863 0.0735766 9.99211E-05 9.99211E-05 9.99211E-05 0.166533 9.99211E-05
0.128873 9.98946E-05 9.98946E-05 9.98946E-05 9.98946E-05 9.98946E-05 9.98946E-05 9.98946E-05 0.318783 0.367678 9.98946E-05 9.98946E-05 9.98946E-05 9.98946E-05 0.183468 9.98946E-05
0.0185029 0.0480108 0.125076 9.99385E-05 9.99385E-05 9.99385E-05 0.108754 9.99385E-05 0.101678 0.271897 9.99385E-05 9.99385E-05 9.99385E-05 0.0949141 0.215712 0.0147548
9.9921E-05 0.010529 9.9921E-05 9.9921E-05 9.9921E-05 9.9921E-05 0.147885 9.9921E-05 0.123153 0.545574 9.9921E-05 9.9921E-05 9.9921E-05 0.0245599 0.0887192 0.0586805
9.9921E-05 9.9921E-05 0.0101891 0.151572 9.9921E-05 9.9921E-05 0.36822 0.0684757 0.315803 0.00635859 9.9921E-05 9.9921E-05 9.9921E-05 9.9921E-05 0.0784827 9.9921E-05
9.99123E-05 9.99123E-05 9.99123E-05 9.99123E-05 0.0429609 9.99123E-05 0.0823869 9.99123E-05 0.0493134 0.675034 9.99123E-05 9.99123E-05 9.99123E-05 9.99123E-05 0.00423208 0.145073
0.0363985 9.99035E-05 9.99035E-05 9.99035E-05 9.99035E-05 9.99035E-05 0.035873 9.99035E-05 0.128743 0.585851 9.99035E-05 9.99035E-05 9.99035E-05 9.99035E-05 0.212036 9.99035E-05
0.0489866 0.0149582 9.99123E-05 9.99123E-05 9.99123E-05 9.99123E-05 9.99123E-05 9.99123E-05 9.99123E-05 0.74202 9.99123E-05 9.99123E-05 0.042596 0.03814 0.1123 9.99123E-05
9.99298E-05 0.125298 0.00326431 0.0136626 9.99298E-05 9.99298E-05 9.99298E-05 9.99298E-05 0.076318 0.664428 9.99298E-05 9.99298E-05 9.99298E-05 0.035762 0.0596011 0.0208664
9.99123E-05 9.99123E-05 9.99123E-05 9.99123E-05 9.99123E-05 9.99123E-05 0.134098 9.99123E-05 0.00527769 0.453322 9.99123E-05 0.116405 9.99123E-05 9.99123E-05 0.141269 0.148628
9.99121E-05 0.0935083 9.99121E-05 9.99121E-05 9.99121E-05 9.99121E-05 0.0725516 0.0467482 0.179119 0.504162 9.99121E-05 9.99121E-05 9.99121E-05 9.99121E-05 0.102911 9.99121E-05
0.0492071 0.0720628 9.99298E-05 0.0574039 9.99298E-05 9.99298E-05 0.165781 9.99298E-05 0.0852188 0.411855 9.99298E-05 9.99298E-05 9.99298E-05 9.99298E-05 0.0992561 0.0584159
9.99298E-05 0.00743384 0.00332194 0.0194701 0.0621149 9.99298E-05 9.99298E-05 9.99298E-05 0.0194259 0.842184 9.99298E-05 9.99298E-05 9.99298E-05 0.0097802 0.0354696 9.99298E-05
9.9921E-05 0.0249009 0.0331977 9.9921E-05 9.9921E-05 9.9921E-05 9.9921E-05 9.9921E-05 0.0816149 0.61189 9.9921E-05 9.9921E-05 9.9921E-05 0.0478602 0.0654922 0.134145
9.99035E-05 0.0164994 9.99035E-05 9.99035E-05 0.0429791 9.99035E-05 9.99035E-05 0.0468872 9.99035E-05 0.834051 9.99035E-05 9.99035E-05 9.99035E-05 9.99035E-05 9.99035E-05 0.0584841
9.99035E-05 9.99035E-05 0.0484923 9.99035E-05 0.0509244 9.99035E-05 9.99035E-05 9.99035E-05 9.99035E-05 0.643656 9.99035E-05 9.99035E-05 9.99035E-05 0.168763 0.0870655 9.99035E-05
9.99211E-05 9.99211E-05 9.99211E-05 9.99211E-05 0.120728 0.193054 9.99211E-05 9.99211E-05 9.99211E-05 0.491021 9.99211E-05 9.99211E-05 0.0310667 0.035634 0.0982769 0.0293197
9.98947E-05 9.98947E-05 9.98947E-05 9.98947E-05 9.98947E-05 9.98947E-05 0.174696 0.16343 9.98947E-05 0.533804 9.98947E-05 9.98947E-05 9.98947E-05 9.98947E-05 0.126872 9.98947E-05
9.99298E-05 0.00416982 9.99298E-05 9.99298E-05 9.99298E-05 9.99298E-05 9.99298E-05 0.0850535 0.053365 0.757108 9.99298E-05 0.00236399 9.99298E-05 0.0272019 0.019025 0.0509131
9.99035E-05 9.99035E-05 9.99035E-05 9.99035E-05 9.99035E-05 9.99035E-05 0.0647893 9.99035E-05 0.294026 0.564483 9.99035E-05 9.99035E-05 9.99035E-05 0.0259682 0.0496345 9.99035E-05
0.00196711 9.99298E-05 9.99298E-05 0.00352802 0.0729371 0.0191095 0.0253543 9.99298E-05 0.000103698 0.872549 9.99298E-05 9.99298E-05 0.00365205 9.99298E-05 9.99298E-05 9.99298E-05
0.104406 0.0319132 9.99298E-05 9.99298E-05 0.00836718 9.99298E-05 9.99298E-05 9.99298E-05 0.110118 0.397733 9.99298E-05 0.0146901 9.99298E-05 0.0734393 0.258533 9.99298E-05
0.0189253 0.00810647 9.9921E-05 9.9921E-05 9.9921E-05 0.123634 9.9921E-05 9.9921E-05 0.245829 0.217114 9.9921E-05 9.9921E-05 9.9921E-05 9.9921E-05 0.207217 0.178274
9.99033E-05 9.99033E-05 0.0635144 9.99033E-05 9.99033E-05 9.99033E-05 9.99033E-05 9.99033E-05 9.99033E-05 0.792151 9.99033E-05 0.0510872 9.99033E-05 9.99033E-05 0.0668351 0.025313
9.99034E-05 0.00655712 9.99034E-05 0.0606326 9.99034E-05 9.99034E-05 9.99034E-05 9.99034E-05 9.99034E-05 0.791466 9.99034E-05 9.99034E-05 9.99034E-05 0.0404328 0.0998122 9.99034E-05
9.99123E-05 9.99123E-05 0.0154375 0.0406567 9.99123E-05 9.99123E-05 9.99123E-05 0.012107 9.99123E-05 0.869329 9.99123E-05 0.0216968 9.99123E-05 9.99123E-05 0.0397743 9.99123E-05
9.99034E-05 0.0405059 9.99034E-05 9.99034E-05 9.99034E-05 9.99034E-05 9.99034E-05 9.99034E-05 0.149044 0.633864 9.99034E-05 0.0462255 9.99034E-05 9.99034E-05 0.129261 9.99034E-05
9.99299E-05 0.0429309 0.0352667 0.0219234 9.99299E-05 0.0289309 9.99299E-05 0.051538 0.0394775 0.736991 9.99299E-05 9.99299E-05 9.99299E-05 0.0421423 9.99299E-05 9.99299E-05
9.99297E-05 0.12793 9.99297E-05 9.99297E-05 9.99297E-05 9.99297E-05 0.183038 9.99297E-05 0.0223579 0.28846 9.99297E-05 0.120512 9.99297E-05 0.0281675 0.217162 0.0115728
0.0469172 9.99473E-05 0.0327812 9.99473E-05 9.99473E-05 0.0467989 0.00685704 0.0237424 0.0927386 0.652242 9.99473E-05 0.0435878 9.99473E-05 9.99473E-05 0.00916186 0.0445736
0.0215915 9.98947E-05 9.98947E-05 0.0643356 9.98947E-05 9.98947E-05 9.98947E-05 9.98947E-05 9.98947E-05 0.89328 9.98947E-05 9.98947E-05 9.98947E-05 9.98947E-05 0.0195946 9.98947E-05
9.99123E-05 9.99123E-05 9.99123E-05 9.99123E-05 9.99123E-05 9.99123E-05 9.99123E-05 0.237805 9.99123E-05 0.600911 0.0538972 9.99123E-05 0.0154883 0.0510978 0.0398017 9.99123E-05
0.000193798 9.99035E-05 9.99035E-05 9.99035E-05 9.99035E-05 0.0603761 9.99035E-05 9.99035E-05 9.99035E-05 0.756885 9.99035E-05 9.99035E-05 9.99035E-05 9.99035E-05 0.0840628 0.097383
9.98948E-05 9.98948E-05 9.98948E-05 9.98948E-05 9.98948E-05 0.0156 0.169307 9.98948E-05 9.98948E-05 0.615759 9.98948E-05 0.198135 9.98948E-05 9.98948E-05 9.98948E-05 9.98948E-05
9.99123E-05 9.99123E-05 9.99123E-05 0.125333 0.0722016 9.99123E-05 9.99123E-05 9.99123E-05 9.99123E-05 0.641953 9.99123E-05 0.0109087 9.99123E-05 0.0951946 9.99123E-05 0.0534096
9.98947E-05 0.068 9.98947E-05 9.98947E-05 9.98947E-05 9.98947E-05 9.98947E-05 9.98947E-05 9.98947E-05 0.768689 9.98947E-05 9.98947E-05 9.98947E-05 9.98947E-05 0.10295 0.0591626
0.00579864 0.0351249 9.99298E-05 9.99298E-05 0.0249349 9.99298E-05 9.99298E-05 9.99298E-05 9.99298E-05 0.853674 0.0255072 0.0144434 9.99298E-05 0.00762964 0.032088 9.99298E-05
9.99298E-05 0.0121385 9.99298E-05 0.0474868 0.227322 9.99298E-05 0.000309954 9.99298E-05 0.396827 0.0186034 9.99298E-05 9.99298E-05 9.99298E-05 0.0465475 0.249965 9.99298E-05
0.0450401 9.99036E-05 9.99036E-05 9.99036E-05 0.124764 9.99036E-05 9.99036E-05 9.99036E-05 0.587708 0.176817 9.99036E-05 9.99036E-05 9.99036E-05 9.99036E-05 9.99036E-05 0.0645718
9.99298E-05 0.0393355 9.99298E-05 0.197633 0.145346 0.0154545 9.99298E-05 9.99298E-05 0.263558 0.104922 9.99298E-05 9.99298E-05 0.199098 9.99298E-05 0.0338543 9.99298E-05
9.99124E-05 9.99124E-05 9.99124E-05 0.0649071 0.394725 9.99124E-05 0.261156 9.99124E-05 0.0800144 9.99124E-05 9.99124E-05 9.99124E-05 9.99124E-05 0.0975001 0.100698 9.99124E-05
9.99385E-05 0.0498252 0.0646699 0.0922752 0.0621697 9.99385E-05 0.0295439 0.0763102 0.469291 9.99385E-05 9.99385E-05 9.99385E-05 9.99385E-05 0.0724244 0.0827913 9.99385E-05
0.0163129 9.9921E-05 9.9921E-05 9.9921E-05 0.10213 9.9921E-05 0.0585831 9.9921E-05 0.408123 9.9921E-05 0.145356 9.9921E-05 9.9921E-05 0.0512379 0.217357 9.9921E-05
9.9921E-05 0.128064 9.9921E-05 9.9921E-05 0.331845 9.9921E-05 9.9921E-05 9.9921E-05 0.233526 9.9921E-05 0.0218232 9.9921E-05 9.9921E-05 0.0600394 0.105538 0.118266
9.99209E-05 0.0211983 9.99209E-05 0.120092 0.201097 9.99209E-05 0.195683 9.99209E-05 0.217007 9.99209E-05 9.99209E-05 9.99209E-05 9.99209E-05 0.0707218 0.173302 9.99209E-05
0.0873294 9.99123E-05 9.99123E-05 0.0370548 0.153038 9.99123E-05 9.99123E-05 9.99123E-05 0.584413 9.99123E-05 0.0406108 9.99123E-05 0.0965551 9.99123E-05 9.99123E-05 9.99123E-05
9.99211E-05 0.118223 9.99211E-05 9.99211E-05 0.116093 9.99211E-05 9.99211E-05 9.99211E-05 0.403618 0.183481 9.99211E-05 9.99211E-05 9.99211E-05 0.0448062 0.0744646 0.0584149
9.99385E-05 0.123009 0.000463368 0.0297031 0.0165761 9.99385E-05 9.99385E-05 9.99385E-05 0.292657 9.99385E-05 0.0597528 9.99385E-05 9.99385E-05 0.0660288 0.35997 0.0511408
9.9921E-05 0.0735959 9.9921E-05 9.9921E-05 0.228041 9.9921E-05 9.9921E-05 0.120886 0.356878 9.9921E-05 0.0913376 9.9921E-05 9.9921E-05 9.9921E-05 0.104914 0.0234489
9.99385E-05 0.0328341 9.99385E-05 9.99385E-05 0.0722205 9.99385E-05 0.00996226 0.00629293 0.405437 9.99385E-05 0.173686 0.115519 9.99385E-05 0.177054 0.0062955 9.99385E-05
9.99034E-05 9.99034E-05 9.99034E-05 9.99034E-05 0.184601 9.99034E-05 0.00625344 9.99034E-05 0.50795 9.99034E-05 9.99034E-05 0.0415057 9.99034E-05 9.99034E-05 0.258591 9.99034E-05
0.111279 9.99387E-05 9.99387E-05 9.99387E-05 0.14 0.0544355 0.144672 9.99387E-05 0.325649 0.145715 0.00339234 9.99387E-05 0.0187971 9.99387E-05 0.0553603 9.99387E-05
9.99299E-05 9.99299E-05 9.99299E-05 0.0553493 0.160234 9.99299E-05 9.99299E-05 9.99299E-05 0.408986 0.0473664 9.99299E-05 9.99299E-05 0.111656 0.063515 0.0648635 0.0872306
9.99122E-05 9.99122E-05 9.99122E-05 0.184267 0.093575 9.99122E-05 0.227807 9.99122E-05 0.307707 9.99122E-05 9.99122E-05 9.99122E-05 9.99122E-05 9.99122E-05 0.123551 0.0620944
9.99122E-05 0.0854809 9.99122E-05 9.99122E-05 0.0179438 9.99122E-05 9.99122E-05 9.99122E-05 0.592948 9.99122E-05 0.127946 9.99122E-05 9.99122E-05 0.0770907 9.99122E-05 0.0975911
9.99298E-05 0.0310153 9.99298E-05 0.153407 0.0948933 9.99298E-05 9.99298E-05 9.99298E-05 0.436188 0.0964905 9.99298E-05 9.99298E-05 9.99298E-05 0.00379907 0.164548 0.0188601
9.99297E-05 0.0645812 9.99297E-05 0.0366392 0.199279 9.99297E-05 0.0384221 0.0605711 0.236209 9.99297E-05 0.0901519 9.99297E-05 9.99297E-05 9.99297E-05 0.273348 9.99297E-05
9.99386E-05 0.00382453 9.99386E-05 0.00457847 0.161505 0.0222666 9.99386E-05 0.052764 0.384186 0.103356 9.99386E-05 9.99386E-05 0.2316 9.99386E-05 0.03522 9.99386E-05
9.99033E-05 9.99033E-05 9.99033E-05 0.027813 0.135133 9.99033E-05 0.0174522 9.99033E-05 0.707772 9.99033E-05 9.99033E-05 9.99033E-05 9.99033E-05 9.99033E-05 0.110731 9.99033E-05
9.99045E-05 9.99045E-05 9.99045E-05 9.99045E-05 0.143996 9.99045E-05 0.265414 9.99045E-05 0.437117 0.060186 9.99045E-05 9.99045E-05 9.99045E-05 9.99045E-05 0.0921879 9.99045E-05
9.99298E-05 0.0340589 9.99298E-05 0.172797 9.99298E-05 9.99298E-05 0.152175 9.99298E-05 0.253519 0.0269498 9.99298E-05 9.99298E-05 9.99298E-05 0.0822824 0.13658 0.140838
9.99122E-05 0.0655767 9.99122E-05 9.99122E-05 9.99122E-05 9.99122E-05 0.105788 9.99122E-05 0.43318 0.055697 0.208431 9.99122E-05 9.99122E-05 9.99122E-05 0.130328 9.99122E-05
9.99211E-05 0.0160925 9.99211E-05 9.99211E-05 0.223449 9.99211E-05 9.99211E-05 9.99211E-05 0.322341 0.240761 9.99211E-05 9.99211E-05 0.0473912 0.0271239 0.121942 9.99211E-05
9.99036E-05 9.99036E-05 9.99036E-05 9.99036E-05 0.0636822 9.99036E-05 9.99036E-05 9.99036E-05 0.544027 0.178816 0.0711863 9.99036E-05 0.14119 9.99036E-05 9.99036E-05 9.99036E-05
9.99125E-05 9.99125E-05 9.99125E-05 0.0962912 0.186801 9.99125E-05 9.99125E-05 9.99125E-05 0.413249 0.0347098 9.99125E-05 9.99125E-05 0.0885102 9.99125E-05 0.17944 9.99125E-05
9.99123E-05 9.99123E-05 9.99123E-05 0.169388 9.99123E-05 9.99123E-05 0.0270562 9.99123E-05 0.428383 0.181372 0.0338738 9.99123E-05 9.99123E-05 9.99123E-05 0.158927 9.99123E-05
9.99211E-05 9.99211E-05 9.99211E-05 9.99211E-05 0.0334172 9.99211E-05 9.99211E-05 0.0397276 0.0810732 0.205589 9.99211E-05 9.99211E-05 0.227486 0.137567 0.274241 9.99211E-05
9.98859E-05 9.98859E-05 9.98859E-05 9.98859E-05 9.98859E-05 9.98859E-05 0.809139 9.98859E-05 9.98859E-05 9.98859E-05 9.98859E-05 9.98859E-05 9.98859E-05 0.0843001 0.105262 9.98859E-05
9.98947E-05 9.98947E-05 9.98947E-05 9.98947E-05 9.98947E-05 9.98947E-05 0.614893 9.98947E-05 9.98947E-05 9.98947E-05 9.98947E-05 9.98947E-05 0.366685 0.00864301 0.00857985 9.98947E-05
9.98859E-05 9.98859E-05 9.98859E-05 9.98859E-05 9.98859E-05 0.0239311 0.882046 9.98859E-05 9.98859E-05 9.98859E-05 9.98859E-05 9.98859E-05 9.98859E-05 9.98859E-05 0.0927243 9.98859E-05
9.98945E-05 9.98945E-05 9.98945E-05 0.0172696 9.98945E-05 9.98945E-05 0.822357 9.98945E-05 9.98945E-05 9.98945E-05 9.98945E-05 9.98945E-05 9.98945E-05 0.0305147 0.12866 9.98945E-05
9.98945E-05 9.98945E-05 9.98945E-05 9.98945E-05 9.98945E-05 0.0701058 0.888141 9.98945E-05 9.98945E-05 9.98945E-05 0.0223552 9.98945E-05 9.98945E-05 0.0181992 9.98945E-05 9.98945E-05
9.98947E-05 9.98947E-05 9.98947E-05 9.98947E-05 0.0198515 9.98947E-05 0.654939 9.98947E-05 9.98947E-05 9.98947E-05 9.98947E-05 9.98947E-05 9.98947E-05 0.152866 0.171145 9.98947E-05
9.98947E-05 9.98947E-05 9.98947E-05 9.98947E-05 9.98947E-05 9.98947E-05 0.723837 9.98947E-05 9.98947E-05 9.98947E-05 0.0437965 9.98947E-05 9.98947E-05 0.145064 0.0861047 9.98947E-05
9.98858E-05 9.98858E-05 9.98858E-05 9.98858E-05 9.98858E-05 9.98858E-05 0.790703 9.98858E-05 9.98858E-05 9.98858E-05 9.98858E-05 9.98858E-05 9.98858E-05 0.167686 0.0403122 9.98858E-05
9.98945E-05 9.98945E-05 9.98945E-05 9.98945E-05 0.22244 9.98945E-05 0.372807 9.98945E-05 9.98945E-05 9.98945E-05 9.98945E-05 9.98945E-05 9.98945E-05 0.392379 0.0111754 9.98945E-05
9.98859E-05 9.98859E-05 9.98859E-05 9.98859E-05 9.98859E-05 9.98859E-05 0.512572 9.98859E-05 9.98859E-05 9.98859E-05 9.98859E-05 9.98859E-05 9.98859E-05 0.179931 0.306198 9.98859E-05
9.98947E-05 0.0295026 9.98947E-05 9.98947E-05 0.286232 9.98947E-05 0.544196 9.98947E-05 9.98947E-05 9.98947E-05 9.98947E-05 9.98947E-05 0.138871 9.98947E-05 9.98947E-05 9.98947E-05
9.9886E-05 9.9886E-05 9.9886E-05 9.9886E-05 0.150704 9.9886E-05 0.814351 9.9886E-05 9.9886E-05 9.9886E-05 9.9886E-05 9.9886E-05 9.9886E-05 9.9886E-05 0.033647 9.9886E-05
9.9886E-05 0.000642509 9.9886E-05 9.9886E-05 9.9886E-05 9.9886E-05 0.9257 9.9886E-05 9.9886E-05 9.9886E-05 9.9886E-05 9.9886E-05 9.9886E-05 0.0723589 9.9886E-05 9.9886E-05
0.0369838 9.99124E-05 9.99124E-05 9.99124E-05 0.0274993 9.99124E-05 0.55504 9.99124E-05 9.99124E-05 9.99124E-05 9.99124E-05 9.99124E-05 0.0102578 0.123129 0.246091 9.99124E-05
9.99035E-05 0.0023003 9.99035E-05 0.111706 9.99035E-05 9.99035E-05 0.834976 0.00611303 9.99035E-05 9.99035E-05 0.0438059 9.99035E-05 9.99035E-05 9.99035E-05 9.99035E-05 9.99035E-05
9.98948E-05 9.98948E-05 9.98948E-05 9.98948E-05 0.0888159 9.98948E-05 0.780248 9.98948E-05 9.98948E-05 9.98948E-05 9.98948E-05 9.98948E-05 9.98948E-05 9.98948E-05 0.111228 0.0185097
9.99209E-05 0.0023882 0.00531882 0.0729935 0.147579 9.99209E-05 0.708285 9.99209E-05 9.99209E-05 9.99209E-05 9.99209E-05 9.99209E-05 9.99209E-05 0.00455848 0.0579783 9.99209E-05
9.99298E-05 0.00997073 9.99298E-05 9.99298E-05 9.99298E-05 0.0405215 0.754825 0.005749 0.0190077 0.0282108 0.00168333 9.99298E-05 9.99298E-05 0.139232 9.99298E-05 9.99298E-05
9.98773E-05 9.98773E-05 9.98773E-05 9.98773E-05 9.98773E-05 0.00974233 0.988859 9.98773E-05 9.98773E-05 9.98773E-05 9.98773E-05 9.98773E-05 9.98773E-05 9.98773E-05 9.98773E-05 9.98773E-05
9.99123E-05 0.0299615 9.99123E-05 9.99123E-05 9.99123E-05 9.99123E-05 0.450444 9.99123E-05 9.99123E-05 9.99123E-05 9.99123E-05 9.99123E-05 0.120575 0.109333 0.113609 0.175079
9.99122E-05 9.99122E-05 9.99122E-05 9.99122E-05 0.0448265 0.0698904 0.714626 9.99122E-05 9.99122E-05 9.99122E-05 9.99122E-05 9.99122E-05 9.99122E-05 0.00748865 0.151529 0.0106407
9.98946E-05 0.0700601 9.98946E-05 9.98946E-05 9.98946E-05 9.98946E-05 0.859648 9.98946E-05 9.98946E-05 9.98946E-05 9.98946E-05 9.98946E-05 9.98946E-05 0.0595792 0.00951416 9.98946E-05
9.99034E-05 9.99034E-05 0.0776265 9.99034E-05 9.99034E-05 9.99034E-05 0.389793 9.99034E-05 9.99034E-05 9.99034E-05 9.99034E-05 0.00661947 9.99034E-05 0.262941 0.261921 9.99034E-05
9.98947E-05 9.98947E-05 9.98947E-05 9.98947E-05 9.98947E-05 0.019339 0.766543 9.98947E-05 9.98947E-05 9.98947E-05 9.98947E-05 9.98947E-05 0.0701331 0.142786 9.98947E-05 9.98947E-05
9.98946E-05 9.98946E-05 0.0441781 9.98946E-05 9.98946E-05 9.98946E-05 0.444371 9.98946E-05 9.98946E-05 9.98946E-05 9.98946E-05 9.98946E-05 9.98946E-05 0.209454 0.300799 9.98946E-05
9.99035E-05 9.99035E-05 9.99035E-05 9.99035E-05 0.065345 9.99035E-05 0.490306 9.99035E-05 9.99035E-05 9.99035E-05 9.99035E-05 9.99035E-05 0.205495 0.107816 0.129939 9.99035E-05
0.125859 9.99122E-05 0.00852381 9.99122E-05 9.99122E-05 0.0598939 0.234386 9.99122E-05 9.99122E-05 9.99122E-05 9.99122E-05 9.99122E-05 0.522946 9.99122E-05 0.0473932 9.99122E-05
9.98857E-05 9.98857E-05 9.98857E-05 9.98857E-05 9.98857E-05 9.98857E-05 0.853789 9.98857E-05 9.98857E-05 9.98857E-05 9.98857E-05 9.98857E-05 9.98857E-05 0.0978945 0.047018 9.98857E-05
9.98947E-05 9.98947E-05 9.98947E-05 9.98947E-05 0.0257622 9.98947E-05 0.538729 9.98947E-05 9.98947E-05 9.98947E-05 9.98947E-05 9.98947E-05 9.98947E-05 0.233804 0.200507 9.98947E-05
9.9886E-05 9.9886E-05 9.9886E-05 9.9886E-05 9.9886E-05 0.122445 0.775678 9.9886E-05 9.9886E-05 9.9886E-05 9.9886E-05 9.9886E-05 9.9886E-05 9.9886E-05 0.100579 9.9886E-05
9.9886E-05 9.9886E-05 9.9886E-05 9.9886E-05 9.9886E-05 9.9886E-05 0.791894 9.9886E-05 9.9886E-05 9.9886E-05 9.9886E-05 9.9886E-05 9.9886E-05 0.0154022 0.191405 9.9886E-05
9.98859E-05 9.98859E-05 9.98859E-05 0.0273238 9.98859E-05 9.98859E-05 0.964305 0.00707307 9.98859E-05 9.98859E-05 9.98859E-05 9.98859E-05 9.98859E-05 9.98859E-05 9.98859E-05 9.98859E-05
9.99033E-05 9.99033E-05 0.118933 9.99033E-05 9.99033E-05 0.15443 0.386911 9.99033E-05 9.99033E-05 9.99033E-05 9.99033E-05 9.99033E-05 9.99033E-05 0.255336 0.0832906 9.99033E-05
9.98945E-05 9.98945E-05 9.98945E-05 9.98945E-05 9.98945E-05 9.98945E-05 0.875855 9.98945E-05 0.0504548 9.98945E-05 9.98945E-05 9.98945E-05 9.98945E-05 0.0125902 0.0599011 9.98945E-05
9.98947E-05 9.98947E-05 9.98947E-05 9.98947E-05 9.98947E-05 9.98947E-05 0.909302 9.98947E-05 9.98947E-05 9.98947E-05 9.98947E-05 9.98947E-05 0.0067361 0.0031931 0.07957 9.98947E-05
0.0473141 0.00176062 9.99122E-05 9.99122E-05 9.99122E-05 9.99122E-05 0.812884 0.0405156 9.99122E-05 9.99122E-05 9.99122E-05 9.99122E-05 0.0264106 0.0701156 9.99122E-05 9.99122E-05
9.99033E-05 9.99033E-05 9.99033E-05 0.00888692 9.99033E-05 9.99033E-05 0.659115 9.99033E-05 9.99033E-05 9.99033E-05 0.0507169 9.99033E-05 9.99033E-05 0.104528 0.175655 9.99033E-05
9.98858E-05 9.98858E-05 9.98858E-05 9.98858E-05 9.98858E-05 9.98858E-05 0.548161 9.98858E-05 9.98858E-05 9.98858E-05 9.98858E-05 9.98858E-05 0.397036 0.0535035 9.98858E-05 9.98858E-05
9.9886E-05 9.9886E-05 9.9886E-05 9.9886E-05 9.9886E-05 9.9886E-05 0.798803 9.9886E-05 9.9886E-05 9.9886E-05 9.9886E-05 9.9886E-05 0.137881 9.9886E-05 0.0620176 9.9886E-05
9.9886E-05 9.9886E-05 9.9886E-05 9.9886E-05 9.9886E-05 0.00116376 0.784896 9.9886E-05 9.9886E-05 9.9886E-05 9.9886E-05 9.9886E-05 0.212641 9.9886E-05 9.9886E-05 9.9886E-05
9.99035E-05 9.99035E-05 0.0435219 0.00186971 0.0440742 9.99035E-05 0.598463 9.99035E-05 9.99035E-05 9.99035E-05 9.99035E-05 9.99035E-05 0.310972 9.99035E-05 9.99035E-05 9.99035E-05
9.98946E-05 9.98946E-05 9.98946E-05 9.98946E-05 0.102448 9.98946E-05 0.499931 9.98946E-05 9.98946E-05 9.98946E-05 9.98946E-05 9.98946E-05 9.98946E-05 0.11144 0.284982 9.98946E-05
9.98859E-05 9.98859E-05 9.98859E-05 9.98859E-05 9.98859E-05 0.0304744 0.84493 9.98859E-05 9.98859E-05 9.98859E-05 9.98859E-05 9.98859E-05 9.98859E-05 0.123297 9.98859E-05 9.98859E-05
9.99034E-05 9.99034E-05 0.0652997 9.99034E-05 9.99034E-05 9.99034E-05 0.250795 9.99034E-05 9.99034E-05 9.99034E-05 9.99034E-05 9.99034E-05 0.492921 0.127173 0.062712 9.99034E-05
9.9886E-05 9.9886E-05 9.9886E-05 9.9886E-05 9.9886E-05 9.9886E-05 0.637896 9.9886E-05 9.9886E-05 9.9886E-05 9.9886E-05 9.9886E-05 0.280154 9.9886E-05 0.0806511 9.9886E-05
9.99297E-05 9.99297E-05 0.177765 0.0778046 0.0342749 0.00972008 0.445666 9.99297E-05 9.99297E-05 9.99297E-05 0.0217934 9.99297E-05 9.99297E-05 0.167271 0.0649065 9.99297E-05
9.99123E-05 9.99123E-05 9.99123E-05 9.99123E-05 9.99123E-05 9.99123E-05 0.737205 9.99123E-05 0.0290827 9.99123E-05 0.0535879 9.99123E-05 0.0326598 0.0518183 0.0946468 9.99123E-05
0.0432001 9.99212E-05 9.99212E-05 9.99212E-05 0.125211 9.99212E-05 0.551714 0.0479967 9.99212E-05 9.99212E-05 0.09525 9.99212E-05 9.99212E-05 0.130973 0.00475628 9.99212E-05
9.9921E-05 0.0123552 0.0536339 9.9921E-05 9.9921E-05 0.0540738 0.356799 9.9921E-05 0.0462797 9.9921E-05 9.9921E-05 9.9921E-05 9.9921E-05 0.25889 0.217069 9.9921E-05
9.98946E-05 9.98946E-05 9.98946E-05 9.98946E-05 9.98946E-05 0.00221596 0.579179 9.98946E-05 9.98946E-05 9.98946E-05 9.98946E-05 9.98946E-05 0.389669 9.98946E-05 0.0277381 9.98946E-05
9.98859E-05 9.98859E-05 9.98859E-05 9.98859E-05 9.98859E-05 9.98859E-05 0.692329 9.98859E-05 9.98859E-05 9.98859E-05 9.98859E-05 9.98859E-05 9.98859E-05 9.98859E-05 0.0762916 0.230081
9.99034E-05 9.99034E-05 9.99034E-05 9.99034E-05 9.99034E-05 0.101696 0.221826 9.99034E-05 9.99034E-05 9.99034E-05 9.99034E-05 9.99034E-05 0.542707 0.127322 0.00535028 9.99034E-05
9.99035E-05 0.0170607 9.99035E-05 9.99035E-05 9.99035E-05 9.99035E-05 0.665209 9.99035E-05 9.99035E-05 9.99035E-05 9.99035E-05 9.99035E-05 0.11857 0.0542512 0.14381 9.99035E-05
9.98946E-05 9.98946E-05 9.98946E-05 0.00186824 9.98946E-05 9.98946E-05 0.984698 0.00994925 9.98946E-05 9.98946E-05 9.98946E-05 9.98946E-05 9.98946E-05 0.00228586 9.98946E-05 9.98946E-05
9.98858E-05 0.0325411 9.98858E-05 9.98858E-05 9.98858E-05 9.98858E-05 0.939258 9.98858E-05 9.98858E-05 9.98858E-05 9.98858E-05 9.98858E-05 9.98858E-05 9.98858E-05 9.98858E-05 0.0269019
9.98946E-05 9.98946E-05 9.98946E-05 9.98946E-05 0.102993 9.98946E-05 0.504602 9.98946E-05 9.98946E-05 9.98946E-05 9.98946E-05 9.98946E-05 9.98946E-05 0.164426 0.22678 9.98946E-05
9.98858E-05 9.98858E-05 9.98858E-05 9.98858E-05 9.98858E-05 9.98858E-05 0.744508 9.98858E-05 9.98858E-05 9.98858E-05 9.98858E-05 9.98858E-05 9.98858E-05 0.157063 0.0971302 9.98858E-05
9.98858E-05 9.98858E-05 9.98858E-05 9.98858E-05 9.98858E-05 0.0368791 0.95102 9.98858E-05 9.98858E-05 9.98858E-05 9.98858E-05 9.98858E-05 9.98858E-05 0.0108026 9.98858E-05 9.98858E-05
9.98859E-05 9.98859E-05 0.0989354 9.98859E-05 9.98859E-05 9.98859E-05 0.840868 9.98859E-05 9.98859E-05 9.98859E-05 9.98859E-05 9.98859E-05 9.98859E-05 9.98859E-05 0.0588985 9.98859E-05
9.98947E-05 9.98947E-05 9.98947E-05 9.98947E-05 9.98947E-05 9.98947E-05 0.674437 9.98947E-05 9.98947E-05 9.98947E-05 9.98947E-05 9.98947E-05 0.153197 0.170969 0.000199309 9.98947E-05
9.98682E-05 9.98682E-05 9.98682E-05 9.98682E-05 9.98682E-05 9.98682E-05 9.98682E-05 9.98682E-05 9.98682E-05 9.98682E-05 9.98682E-05 9.98682E-05 9.98682E-05 9.98682E-05 0.998502 9.98682E-05
9.98682E-05 9.98682E-05 9.98682E-05 9.98682E-05 9.98682E-05 9.98682E-05 9.98682E-05 9.98682E-05 9.98682E-05 9.98682E-05 9.98682E-05 9.98682E-05 9.98682E-05 0.998502 9.98682E-05 9.98682E-05
9.9868E-05 9.9868E-05 9.9868E-05 9.9868E-05 9.9868E-05 9.9868E-05 9.9868E-05 9.9868E-05 9.9868E-05 9.9868E-05 9.9868E-05 9.9868E-05 9.9868E-05 9.9868E-05 0.998502 9.9868E-05
9.9868E-05 9.9868E-05 9.9868E-05 9.9868E-05 9.9868E-05 9.9868E-05 9.9868E-05 9.9868E-05 9.9868E-05 9.9868E-05 9.9868E-05 9.9868E-05 9.9868E-05 0.998502 9.9868E-05 9.9868E-05
9.98681E-05 9.98681E-05 9.98681E-05 9.98681E-05 9.98681E-05 9.98681E-05 9.98681E-05 9.98681E-05 9.98681E-05 9.98681E-05 9.98681E-05 9.98681E-05 9.98681E-05 0.998502 9.98681E-05 9.98681E-05
9.98682E-05 9.98682E-05 9.98682E-05 9.98682E-05 9.98682E-05 9.98682E-05 9.98682E-05 9.98682E-05 9.98682E-05 9.98682E-05 9.98682E-05 9.98682E-05 9.98682E-05 0.998502 9.98682E-05 9.98682E-05
9.98681E-05 9.98681E-05 9.98681E-05 9.98681E-05 9.98681E-05 9.98681E-05 9.98681E-05 9.98681E-05 9.98681E-05 9.98681E-05 9.98681E-05 9.98681E-05 9.98681E-05 9.98681E-05 0.998502 9.98681E-05
9.98681E-05 9.98681E-05 9.98681E-05 9.98681E-05 9.98681E-05 9.98681E-05 9.98681E-05 9.98681E-05 9.98681E-05 9.98681E-05 9.98681E-05 9.98681E-05 9.98681E-05 0.998502 9.98681E-05 9.98681E-05
9.98681E-05 9.98681E-05 9.98681E-05 9.98681E-05 9.98681E-05 9.98681E-05 9.98681E-05 9.98681E-05 9.98681E-05 9.98681E-05 9.98681E-05 9.98681E-05 9.98681E-05 0.998502 9.98681E-05 9.98681E-05
9.9868E-05 9.9868E-05 9.9868E-05 9.9868E-05 9.9868E-05 9.9868E-05 9.9868E-05 9.9868E-05 9.9868E-05 9.9868E-05 9.9868E-05 9.9868E-05 9.9868E-05 9.9868E-05 0.998502 9.9868E-05
9.98681E-05 9.98681E-05 9.98681E-05 9.98681E-05 9.98681E-05 9.98681E-05 9.98681E-05 9.98681E-05 9.98681E-05 9.98681E-05 9.98681E-05 9.98681E-05 9.98681E-05 9.98681E-05 0.998502 9.98681E-05
9.9868E-05 9.9868E-05 9.9868E-05 9.9868E-05 9.9868E-05 9.9868E-05 9.9868E-05 9.9868E-05 9.9868E-05 9.9868E-05 9.9868E-05 9.9868E-05 9.9868E-05 9.9868E-05 0.998502 9.9868E-05
9.98681E-05 9.98681E-05 9.98681E-05 9.98681E-05 9.98681E-05 9.98681E-05 9.98681E-05 9.98681E-05 9.98681E-05 9.98681E-05 9.98681E-05 9.98681E-05 9.98681E-05 0.998502 9.98681E-05 9.98681E-05
9.98681E-05 9.98681E-05 9.98681E-05 9.98681E-05 9.98681E-05 9.98681E-05 9.98681E-05 9.98681E-05 9.98681E-05 9.98681E-05 9.98681E-05 9.98681E-05 9.98681E-05 0.998502 9.98681E-05 9.98681E-05
9.98857E-05 9.98857E-05 0.0115071 9.98857E-05 9.98857E-05 9.98857E-05 9.98857E-05 9.98857E-05 9.98857E-05 9.98857E-05 0.00939171 9.98857E-05 9.98857E-05 9.98857E-05 0.977803 9.98857E-05
9.98681E-05 9.98681E-05 9.98681E-05 9.98681E-05 9.98681E-05 9.98681E-05 9.98681E-05 9.98681E-05 9.98681E-05 9.98681E-05 9.98681E-05 9.98681E-05 9.98681E-05 9.98681E-05 0.998502 9.98681E-05
0.0206934 9.99297E-05 0.0669514 9.99297E-05 0.00526527 9.99297E-05 0.586333 0.00575654 9.99297E-05 9.99297E-05 9.99297E-05 9.99297E-05 9.99297E-05 0.0401644 0.143932 0.130104
9.98945E-05 9.98945E-05 0.0618462 9.98945E-05 9.98945E-05 9.98945E-05 9.98945E-05 9.98945E-05 9.98945E-05 9.98945E-05 9.98945E-05 0.047163 9.98945E-05 0.00664399 0.883148 9.98945E-05
9.98681E-05 9.98681E-05 9.98681E-05 9.98681E-05 9.98681E-05 9.98681E-05 9.98681E-05 9.98681E-05 9.98681E-05 9.98681E-05 9.98681E-05 9.98681E-05 9.98681E-05 0.998502 9.98681E-05 9.98681E-05
9.98681E-05 9.98681E-05 9.98681E-05 9.98681E-05 9.98681E-05 9.98681E-05 9.98681E-05 9.98681E-05 9.98681E-05 9.98681E-05 9.98681E-05 9.98681E-05 9.98681E-05 9.98681E-05 0.998502 9.98681E-05
9.98681E-05 9.98681E-05 9.98681E-05 9.98681E-05 9.98681E-05 9.98681E-05 9.98681E-05 9.98681E-05 9.98681E-05 9.98681E-05 9.98681E-05 9.98681E-05 9.98681E-05 9.98681E-05 0.998502 9.98681E-05
9.98681E-05 9.98681E-05 9.98681E-05 9.98681E-05 9.98681E-05 9.98681E-05 9.98681E-05 9.98681E-05 9.98681E-05 9.98681E-05 9.98681E-05 9.98681E-05 9.98681E-05 9.98681E-05 0.998502 9.98681E-05
9.9868E-05 9.9868E-05 9.9868E-05 9.9868E-05 9.9868E-05 9.9868E-05 9.9868E-05 9.9868E-05 9.9868E-05 9.9868E-05 9.9868E-05 9.9868E-05 9.9868E-05 0.998502 9.9868E-05 9.9868E-05
9.98681E-05 9.98681E-05 9.98681E-05 9.98681E-05 9.98681E-05 9.98681E-05 9.98681E-05 9.98681E-05 9.98681E-05 9.98681E-05 9.98681E-05 9.98681E-05 9.98681E-05 9.98681E-05 0.998502 9.98681E-05
9.98681E-05 9.98681E-05 9.98681E-05 9.98681E-05 9.98681E-05 9.98681E-05 9.98681E-05 9.98681E-05 9.98681E-05 9.98681E-05 9.98681E-05 9.98681E-05 9.98681E-05 0.998502 9.98681E-05 9.98681E-05
9.98681E-05 9.98681E-05 9.98681E-05 9.98681E-05 9.98681E-05 9.98681E-05 9.98681E-05 9.98681E-05 9.98681E-05 9.98681E-05 9.98681E-05 9.98681E-05 9.98681E-05 9.98681E-05 0.998502 9.98681E-05
9.98681E-05 9.98681E-05 9.98681E-05 9.98681E-05 9.98681E-05 9.98681E-05 9.98681E-05 9.98681E-05 9.98681E-05 9.98681E-05 9.98681E-05 9.98681E-05 9.98681E-05 9.98681E-05 0.998502 9.98681E-05
9.98681E-05 9.98681E-05 9.98681E-05 9.98681E-05 9.98681E-05 9.98681E-05 9.98681E-05 9.98681E-05 9.98681E-05 9.98681E-05 9.98681E-05 9.98681E-05 9.98681E-05 0.998502 9.98681E-05 9.98681E-05
9.98681E-05 9.98681E-05 9.98681E-05 9.98681E-05 9.98681E-05 9.98681E-05 9.98681E-05 9.98681E-05 9.98681E-05 9.98681E-05 9.98681E-05 9.98681E-05 9.98681E-05 0.998502 9.98681E-05 9.98681E-05
9.98681E-05 9.98681E-05 9.98681E-05 9.98681E-05 9.98681E-05 9.98681E-05 9.98681E-05 9.98681E-05 9.98681E-05 9.98681E-05 9.98681E-05 9.98681E-05 9.98681E-05 0.998502 9.98681E-05 9.98681E-05
9.98681E-05 9.98681E-05 9.98681E-05 9.98681E-05 9.98681E-05 9.98681E-05 9.98681E-05 9.98681E-05 9.98681E-05 9.98681E-05 9.98681E-05 9.98681E-05 9.98681E-05 9.98681E-05 0.998502 9.98681E-05
9.98682E-05 9.98682E-05 9.98682E-05 9.98682E-05 9.98682E-05 9.98682E-05 9.98682E-05 9.98682E-05 9.98682E-05 9.98682E-05 9.98682E-05 9.98682E-05 9.98682E-05 9.98682E-05 0.998502 9.98682E-05
9.98681E-05 9.98681E-05 9.98681E-05 9.98681E-05 9.98681E-05 9.98681E-05 9.98681E-05 9.98681E-05 9.98681E-05 9.98681E-05 9.98681E-05 9.98681E-05 9.98681E-05 9.98681E-05 0.998502 9.98681E-05
9.98681E-05 9.98681E-05 9.98681E-05 9.98681E-05 9.98681E-05 9.98681E-05 9.98681E-05 9.98681E-05 9.98681E-05 9.98681E-05 9.98681E-05 9.98681E-05 9.98681E-05 9.98681E-05 0.998502 9.98681E-05
9.98681E-05 9.98681E-05 9.98681E-05 9.98681E-05 9.98681E-05 9.98681E-05 9.98681E-05 9.98681E-05 9.98681E-05 9.98681E-05 9.98681E-05 9.98681E-05 9.98681E-05 9.98681E-05 0.998502 9.98681E-05
9.98682E-05 9.98682E-05 9.98682E-05 9.98682E-05 9.98682E-05 9.98682E-05 9.98682E-05 9.98682E-05 9.98682E-05 9.98682E-05 9.98682E-05 9.98682E-05 9.98682E-05 0.998502 9.98682E-05 9.98682E-05
9.98682E-05 9.98682E-05 9.98682E-05 9.98682E-05 9.98682E-05 9.98682E-05 9.98682E-05 9.98682E-05 9.98682E-05 9.98682E-05 9.98682E-05 9.98682E-05 9.98682E-05 0.998502 9.98682E-05 9.98682E-05
9.98681E-05 9.98681E-05 9.98681E-05 9.98681E-05 9.98681E-05 9.98681E-05 9.98681E-05 9.98681E-05 9.98681E-05 9.98681E-05 9.98681E-05 9.98681E-05 9.98681E-05 0.998502 9.98681E-05 9.98681E-05
9.9868E-05 9.9868E-05 9.9868E-05 9.9868E-05 9.9868E-05 9.9868E-05 9.9868E-05 9.9868E-05 9.9868E-05 9.9868E-05 9.9868E-05 9.9868E-05 9.9868E-05 9.9868E-05 0.998502 9.9868E-05
9.98681E-05 9.98681E-05 9.98681E-05 9.98681E-05 9.98681E-05 9.98681E-05 9.98681E-05 9.98681E-05 9.98681E-05 9.98681E-05 9.98681E-05 9.98681E-05 9.98681E-05 0.998502 9.98681E-05 9.98681E-05
9.98681E-05 9.98681E-05 9.98681E-05 9.98681E-05 9.98681E-05 9.98681E-05 9.98681E-05 9.98681E-05 9.98681E-05 9.98681E-05 9.98681E-05 9.98681E-05 9.98681E-05 0.998502 9.98681E-05 9.98681E-05
9.98681E-05 9.98681E-05 9.98681E-05 9.98681E-05 9.98681E-05 9.98681E-05 9.98681E-05 9.98681E-05 9.98681E-05 9.98681E-05 9.98681E-05 9.98681E-05 9.98681E-05 0.998502 9.98681E-05 9.98681E-05
9.98681E-05 9.98681E-05 9.98681E-05 9.98681E-05 9.98681E-05 9.98681E-05 9.98681E-05 9.98681E-05 9.98681E-05 9.98681E-05 9.98681E-05 9.98681E-05 9.98681E-05 0.998502 9.98681E-05 9.98681E-05
9.9868E-05 9.9868E-05 9.9868E-05 9.9868E-05 9.9868E-05 9.9868E-05 9.9868E-05 9.9868E-05 9.9868E-05 9.9868E-05 9.9868E-05 9.9868E-05 9.9868E-05 9.9868E-05 0.998502 9.9868E-05
9.98681E-05 9.98681E-05 9.98681E-05 9.98681E-05 9.98681E-05 9.98681E-05 9.98681E-05 9.98681E-05 9.98681E-05 9.98681E-05 9.98681E-05 9.98681E-05 9.98681E-05 0.998502 9.98681E-05 9.98681E-05
9.98681E-05 9.98681E-05 9.98681E-05 9.98681E-05 9.98681E-05 9.98681E-05 9.98681E-05 9.98681E-05 9.98681E-05 9.98681E-05 9.98681E-05 9.98681E-05 9.98681E-05 0.998502 9.98681E-05 9.98681E-05
0.0523795 9.99209E-05 0.0112177 9.99209E-05 9.99209E-05 9.99209E-05 0.624806 0.00477893 9.99209E-05 9.99209E-05 9.99209E-05 9.99209E-05 9.99209E-05 0.00894432 0.110867 0.186108
9.98681E-05 9.98681E-05 9.98681E-05 9.98681E-05 9.98681E-05 9.98681E-05 9.98681E-05 9.98681E-05 9.98681E-05 9.98681E-05 9.98681E-05 9.98681E-05 9.98681E-05 9.98681E-05 0.998502 9.98681E-05
9.98681E-05 9.98681E-05 9.98681E-05 9.98681E-05 9.98681E-05 9.98681E-05 9.98681E-05 9.98681E-05 9.98681E-05 9.98681E-05 9.98681E-05 9.98681E-05 9.98681E-05 0.998502 9.98681E-05 9.98681E-05
9.98681E-05 9.98681E-05 9.98681E-05 9.98681E-05 9.98681E-05 9.98681E-05 9.98681E-05 9.98681E-05 9.98681E-05 9.98681E-05 9.98681E-05 9.98681E-05 9.98681E-05 0.998502 9.98681E-05 9.98681E-05
9.98681E-05 9.98681E-05 9.98681E-05 9.98681E-05 9.98681E-05 9.98681E-05 9.98681E-05 9.98681E-05 9.98681E-05 9.98681E-05 9.98681E-05 9.98681E-05 9.98681E-05 0.998502 9.98681E-05 9.98681E-05
9.9868E-05 9.9868E-05 9.9868E-05 9.9868E-05 9.9868E-05 9.9868E-05 9.9868E-05 9.9868E-05 9.9868E-05 9.9868E-05 9.9868E-05 9.9868E-05 9.9868E-05 0.998502 9.9868E-05 9.9868E-05
9.9877E-05 9.9877E-05 9.9877E-05 0.0484526 9.9877E-05 9.9877E-05 9.9877E-05 9.9877E-05 9.9877E-05 9.9877E-05 9.9877E-05 9.9877E-05 9.9877E-05 9.9877E-05 0.950149 9.9877E-05
9.98681E-05 9.98681E-05 9.98681E-05 9.98681E-05 9.98681E-05 9.98681E-05 9.98681E-05 9.98681E-05 9.98681E-05 9.98681E-05 9.98681E-05 9.98681E-05 9.98681E-05 0.998502 9.98681E-05 9.98681E-05
9.9868E-05 9.9868E-05 9.9868E-05 9.9868E-05 9.9868E-05 9.9868E-05 9.9868E-05 9.9868E-05 9.9868E-05 9.9868E-05 9.9868E-05 9.9868E-05 9.9868E-05 9.9868E-05 0.998502 9.9868E-05
9.98681E-05 9.98681E-05 9.98681E-05 9.98681E-05 9.98681E-05 9.98681E-05 9.98681E-05 9.98681E-05 9.98681E-05 9.98681E-05 9.98681E-05 9.98681E-05 9.98681E-05 0.998502 9.98681E-05 9.98681E-05
9.9868E-05 9.9868E-05 9.9868E-05 9.9868E-05 9.9868E-05 9.9868E-05 9.9868E-05 9.9868E-05 9.9868E-05 9.9868E-05 9.9868E-05 9.9868E-05 9.9868E-05 9.9868E-05 0.998502 9.9868E-05
9.98681E-05 9.98681E-05 9.98681E-05 9.98681E-05 9.98681E-05 9.98681E-05 9.98681E-05 9.98681E-05 9.98681E-05 9.98681E-05 9.98681E-05 9.98681E-05 9.98681E-05 0.998502 9.98681E-05 9.98681E-05
9.9868E-05 9.9868E-05 9.9868E-05 9.9868E-05 9.9868E-05 9.9868E-05 9.9868E-05 9.9868E-05 9.9868E-05 9.9868E-05 9.9868E-05 9.9868E-05 9.9868E-05 0.998502 9.9868E-05 9.9868E-05
9.98681E-05 9.98681E-05 9.98681E-05 9.98681E-05 9.98681E-05 9.98681E-05 9.98681E-05 9.98681E-05 9.98681E-05 9.98681E-05 9.98681E-05 9.98681E-05 9.98681E-05 0.998502 9.98681E-05 9.98681E-05
9.9868E-05 9.9868E-05 9.9868E-05 9.9868E-05 9.9868E-05 9.9868E-05 9.9868E-05 9.9868E-05 9.9868E-05 9.9868E-05 9.9868E-05 9.9868E-05 9.9868E-05 0.998502 9.9868E-05 9.9868E-05
9.98681E-05 9.98681E-05 9.98681E-05 9.98681E-05 9.98681E-05 9.98681E-05 9.98681E-05 9.98681E-05 9.98681E-05 9.98681E-05 9.98681E-05 9.98681E-05 9.98681E-05 0.998502 9.98681E-05 9.98681E-05
9.98681E-05 9.98681E-05 9.98681E-05 9.98681E-05 9.98681E-05 9.98681E-05 9.98681E-05 9.98681E-05 9.98681E-05 9.98681E-05 9.98681E-05 9.98681E-05 9.98681E-05 0.998502 9.98681E-05 9.98681E-05
9.9868E-05 9.9868E-05 9.9868E-05 9.9868E-05 9.9868E-05 9.9868E-05 9.9868E-05 9.9868E-05 9.9868E-05 9.9868E-05 9.9868E-05 9.9868E-05 9.9868E-05 9.9868E-05 0.998502 9.9868E-05
9.98681E-05 9.98681E-05 9.98681E-05 9.98681E-05 9.98681E-05 9.98681E-05 9.98681E-05 9.98681E-05 9.98681E-05 9.98681E-05 9.98681E-05 9.98681E-05 9.98681E-05 9.98681E-05 0.998502 9.98681E-05
9.98681E-05 9.98681E-05 9.98681E-05 9.98681E-05 9.98681E-05 9.98681E-05 9.98681E-05 9.98681E-05 9.98681E-05 9.98681E-05 9.98681E-05 9.98681E-05 9.98681E-05 9.98681E-05 0.998502 9.98681E-05
9.9868E-05 9.9868E-05 9.9868E-05 9.9868E-05 9.9868E-05 9.9868E-05 9.9868E-05 9.9868E-05 9.9868E-05 9.9868E-05 9.9868E-05 9.9868E-05 9.9868E-05 0.998502 9.9868E-05 9.9868E-05
9.98681E-05 9.98681E-05 9.98681E-05 9.98681E-05 9.98681E-05 9.98681E-05 9.98681E-05 9.98681E-05 9.98681E-05 9.98681E-05 9.98681E-05 9.98681E-05 9.98681E-05 9.98681E-05 0.998502 9.98681E-05
9.98681E-05 9.98681E-05 9.98681E-05 9.98681E-05 9.98681E-05 9.98681E-05 9.98681E-05 9.98681E-05 9.98681E-05 9.98681E-05 9.98681E-05 9.98681E-05 9.98681E-05 9.98681E-05 0.998502 9.98681E-05
9.9868E-05 9.9868E-05 9.9868E-05 9.9868E-05 9.9868E-05 9.9868E-05 9.9868E-05 9.9868E-05 9.9868E-05 9.9868E-05 9.9868E-05 9.9868E-05 9.9868E-05 9.9868E-05 0.998502 9.9868E-05
9.9868E-05 9.9868E-05 9.9868E-05 9.9868E-05 9.9868E-05 9.9868E-05 9.9868E-05 9.9868E-05 9.9868E-05 9.9868E-05 9.9868E-05 9.9868E-05 9.9868E-05 0.998502 9.9868E-05 9.9868E-05
9.98681E-05 9.98681E-05 9.98681E-05 9.98681E-05 9.98681E-05 9.98681E-05 9.98681E-05 9.98681E-05 9.98681E-05 9.98681E-05 9.98681E-05 9.98681E-05 9.98681E-05 0.998502 9.98681E-05 9.98681E-05
9.98681E-05 9.98681E-05 9.98681E-05 9.98681E-05 9.98681E-05 9.98681E-05 9.98681E-05 9.98681E-05 9.98681E-05 9.98681E-05 9.98681E-05 9.98681E-05 9.98681E-05 0.998502 9.98681E-05 9.98681E-05
9.9868E-05 9.9868E-05 9.9868E-05 9.9868E-05 9.9868E-05 9.9868E-05 9.9868E-05 9.9868E-05 9.9868E-05 9.9868E-05 9.9868E-05 9.9868E-05 9.9868E-05 9.9868E-05 0.998502 9.9868E-05
