9.99737E-05 9.99737E-05 0.183287 0.816413 9.99737E-05
9.99737E-05 9.99737E-05 0.0289623 0.970738 9.99737E-05
9.99738E-05 9.99738E-05 0.0923352 0.907365 9.99738E-05
0.284797 0.0868852 0.124896 0.42138 0.0820419
0.270235 9.99738E-05 9.99738E-05 0.729465 9.99738E-05
0.319154 0.00341106 0.0163239 0.332584 0.328527
0.365751 9.99825E-05 0.0815331 0.552516 9.99825E-05
0.427742 9.99912E-05 0.0861702 0.198952 0.287037
9.99824E-05 0.0780418 9.99824E-05 0.581187 0.340571
9.99737E-05 9.99737E-05 0.0157596 0.983941 9.99737E-05
9.99737E-05 9.99737E-05 0.143738 0.855962 9.99737E-05
0.130201 9.99737E-05 9.99737E-05 0.869499 9.99737E-05
0.00390768 9.99737E-05 9.99737E-05 0.995792 9.99737E-05
0.0345277 9.99913E-05 0.145113 0.801161 0.0190984
0.0307694 9.99825E-05 9.99825E-05 0.664768 0.304262
0.285701 9.99912E-05 0.0371073 0.574888 0.102204
0.0738172 9.99912E-05 0.0800616 0.827849 0.0181725
0.000857736 0.102491 0.242843 0.653708 9.99912E-05
0.111033 9.99824E-05 0.09331 0.795457 9.99824E-05
9.99738E-05 0.029564 9.99738E-05 0.970136 9.99738E-05
0.210708 0.0629279 0.1018 0.562845 0.0617193
0.311808 9.99825E-05 9.99825E-05 0.388616 0.299376
9.99737E-05 9.99737E-05 0.0646221 0.935078 9.99737E-05
0.102248 9.99737E-05 9.99737E-05 0.897452 9.99737E-05
0.197245 0.0742293 9.99912E-05 0.700189 0.028237
0.128157 9.99737E-05 9.99737E-05 0.871543 9.99737E-05
0.186715 9.99912E-05 0.135341 0.404317 0.273527
0.0824607 9.99738E-05 9.99738E-05 0.917239 9.99738E-05
9.997E-05 9.997E-05 9.997E-05 0.9996 9.997E-05
9.99825E-05 9.99825E-05 0.0713988 0.866813 0.0615882
9.99737E-05 9.99737E-05 0.184453 0.815247 9.99737E-05
0.122966 9.99912E-05 0.0122389 0.737504 0.127192
0.014456 9.99825E-05 0.125345 0.859999 9.99825E-05
0.0860878 9.99825E-05 0.075659 0.838053 9.99825E-05
9.99738E-05 9.99738E-05 0.0773637 0.922336 9.99738E-05
0.120733 9.99825E-05 0.0388478 0.84022 9.99825E-05
0.201168 9.99825E-05 0.042177 0.756455 9.99825E-05
9.99912E-05 0.044712 0.000233082 0.807729 0.147226
0.109907 9.99825E-05 9.99825E-05 0.795375 0.0945186
0.182965 9.99912E-05 0.00372974 0.755992 0.057214
0.0198991 9.99825E-05 0.0202429 0.959658 9.99825E-05
0.000718199 9.99912E-05 0.0442526 0.939867 0.0150622
0.0644 9.99738E-05 9.99738E-05 0.9353 9.99738E-05
9.99825E-05 9.99825E-05 0.0891375 0.837207 0.0734555
0.324537 9.99737E-05 9.99737E-05 0.675163 9.99737E-05
0.0743958 0.0266622 9.99825E-05 0.898742 9.99825E-05
9.99737E-05 9.99737E-05 0.116127 0.883573 9.99737E-05
9.99738E-05 9.99738E-05 0.0253351 0.974365 9.99738E-05
0.110005 9.99825E-05 0.0335579 0.856238 9.99825E-05
0.102315 9.99825E-05 0.14887 0.748616 9.99825E-05
0.0729721 9.99912E-05 0.133778 0.648834 0.144315
0.374225 9.99738E-05 9.99738E-05 0.625475 9.99738E-05
9.997E-05 9.997E-05 9.997E-05 0.9996 9.997E-05
0.230116 0.0590917 0.0911118 0.61958 9.99913E-05
0.0653309 9.99738E-05 9.99738E-05 0.934369 9.99738E-05
0.13119 0.0481317 0.054563 0.738379 0.0277364
0.150255 9.99737E-05 9.99737E-05 0.849446 9.99737E-05
0.00578577 9.99825E-05 0.0976141 0.8964 9.99825E-05
0.00215994 9.99825E-05 0.0678309 0.929809 9.99825E-05
9.99824E-05 9.99824E-05 0.224024 0.50321 0.272566
0.268782 9.99825E-05 0.0224688 0.708549 9.99825E-05
0.0723974 9.99912E-05 0.267687 0.562531 0.0972852
9.99824E-05 9.99824E-05 0.108393 0.146041 0.745365
0.207958 0.0128479 0.132456 0.504112 0.142626
9.99824E-05 9.99824E-05 0.117565 0.553756 0.328479
9.99824E-05 9.99824E-05 0.139278 0.571387 0.289135
0.114489 9.99912E-05 0.270786 0.256711 0.357915
9.99825E-05 9.99825E-05 0.0941618 0.634081 0.271557
9.99825E-05 9.99825E-05 0.184678 0.70775 0.107372
9.99824E-05 9.99824E-05 0.27347 0.552329 0.174001
0.424245 9.99824E-05 0.0757804 0.499774 9.99824E-05
0.182279 9.99912E-05 0.278121 0.0764087 0.463091
0.196095 9.99824E-05 9.99824E-05 0.67186 0.131845
0.157927 9.99912E-05 0.121699 0.535013 0.185261
9.99825E-05 9.99825E-05 0.119158 0.613654 0.266988
0.30876 9.99912E-05 0.0711214 0.383298 0.236721
0.0848132 9.99912E-05 0.318174 0.409215 0.187697
9.99825E-05 9.99825E-05 0.30949 0.58305 0.107261
0.123489 9.99912E-05 0.124928 0.608322 0.143161
0.0453021 9.99913E-05 0.0964279 0.80018 0.05799
0.233325 9.99824E-05 9.99824E-05 0.641407 0.125068
9.99825E-05 9.99825E-05 0.105207 0.561743 0.33285
0.393086 0.0182219 0.0837702 0.308423 0.196499
9.99824E-05 9.99824E-05 0.294733 0.598176 0.106891
0.0091206 9.99912E-05 0.0198276 0.732791 0.23816
0.0857268 9.99913E-05 0.106412 0.681551 0.12621
0.121572 9.99912E-05 0.00415474 0.821887 0.0522861
0.142131 9.99912E-05 0.170026 0.61935 0.0683931
9.99825E-05 9.99825E-05 0.104479 0.567244 0.328078
9.99824E-05 0.0563313 0.0162992 9.99824E-05 0.92717
9.99737E-05 9.99737E-05 9.99737E-05 0.0448261 0.954874
0.0448073 9.99824E-05 0.119709 9.99824E-05 0.835284
9.99824E-05 0.027727 0.0931837 9.99824E-05 0.878889
9.99824E-05 0.0947463 0.0415016 9.99824E-05 0.863552
9.99737E-05 0.00622722 9.99737E-05 9.99737E-05 0.993473
9.99737E-05 9.99737E-05 0.162477 9.99737E-05 0.837223
9.99736E-05 0.00560658 9.99736E-05 9.99736E-05 0.994093
9.99736E-05 9.99736E-05 0.0233233 9.99736E-05 0.976377
9.99824E-05 9.99824E-05 0.00439556 0.149592 0.845813
9.997E-05 9.997E-05 9.997E-05 9.997E-05 0.9996
9.99737E-05 0.0323222 9.99737E-05 9.99737E-05 0.967378
9.997E-05 9.997E-05 9.997E-05 9.997E-05 0.9996
9.99737E-05 9.99737E-05 9.99737E-05 0.182853 0.816847
9.99824E-05 0.0304194 0.171628 9.99824E-05 0.797753
0.00342521 0.0984136 0.0600419 0.0308847 0.807235
9.99737E-05 0.0801523 9.99737E-05 9.99737E-05 0.919548
0.130463 9.99737E-05 9.99737E-05 9.99737E-05 0.869238
9.99737E-05 0.0380668 9.99737E-05 9.99737E-05 0.961633
9.99825E-05 0.16489 0.000946274 9.99825E-05 0.833964
0.0537639 9.99737E-05 9.99737E-05 9.99737E-05 0.945936
9.99824E-05 0.00262613 0.134016 9.99824E-05 0.863158
9.99736E-05 0.122409 9.99736E-05 9.99736E-05 0.877291
9.99737E-05 0.0234442 9.99737E-05 9.99737E-05 0.976256
9.99736E-05 0.168301 9.99736E-05 9.99736E-05 0.831399
9.997E-05 9.997E-05 9.997E-05 9.997E-05 0.9996
9.99825E-05 0.0941376 9.99825E-05 0.159504 0.746158
0.0466091 0.1047 9.99824E-05 9.99824E-05 0.848491
9.99737E-05 0.0176687 9.99737E-05 9.99737E-05 0.982031
9.99825E-05 0.0871749 0.0358729 9.99825E-05 0.876752
9.99824E-05 0.0513172 9.99824E-05 0.108646 0.839837
9.99824E-05 0.113888 0.0599778 9.99824E-05 0.825934
9.99824E-05 0.26689 0.0294538 9.99824E-05 0.703456
0.00150817 0.0923151 0.0295843 9.99912E-05 0.876492
9.99824E-05 9.99824E-05 0.0085006 0.0430494 0.94825
9.99824E-05 0.0570733 0.0631542 9.99824E-05 0.879573
9.99912E-05 0.00308975 0.114863 0.0142421 0.867705
9.99737E-05 0.00484384 9.99737E-05 9.99737E-05 0.994856
9.99825E-05 0.109673 0.113857 9.99825E-05 0.77627
9.997E-05 9.997E-05 9.997E-05 9.997E-05 0.9996
9.99737E-05 0.00990902 9.99737E-05 9.99737E-05 0.989791
9.99824E-05 0.031419 9.99824E-05 0.215474 0.752907
0.0184689 9.99824E-05 0.0611737 9.99824E-05 0.920157
9.99825E-05 0.0831204 9.99825E-05 0.0131988 0.903481
9.99737E-05 9.99737E-05 9.99737E-05 0.0539895 0.945711
9.99824E-05 0.131022 0.0364132 9.99824E-05 0.832365
9.99825E-05 0.0292428 0.0223549 9.99825E-05 0.948202
0.10162 0.0322204 0.0194172 9.99912E-05 0.846643
9.99912E-05 0.045545 0.0308389 0.0932092 0.830307
9.997E-05 9.997E-05 9.997E-05 9.997E-05 0.9996
0.202281 0.0959705 9.99912E-05 0.178151 0.523498
9.997E-05 9.997E-05 9.997E-05 9.997E-05 0.9996
9.99825E-05 0.0149852 0.0495843 9.99825E-05 0.935231
0.108887 9.99737E-05 9.99737E-05 9.99737E-05 0.890813
9.99824E-05 0.0831672 0.102133 9.99824E-05 0.8145
9.99736E-05 0.0301917 9.99736E-05 9.99736E-05 0.969508
9.99736E-05 0.0125681 9.99736E-05 9.99736E-05 0.987132
0.00930386 0.0843874 9.99824E-05 9.99824E-05 0.906109
9.99737E-05 0.19629 9.99737E-05 9.99737E-05 0.80341
9.997E-05 9.997E-05 9.997E-05 9.997E-05 0.9996
9.99735E-05 0.0200814 9.99735E-05 0.979619 9.99735E-05
9.997E-05 9.997E-05 9.997E-05 9.997E-05 0.9996
9.99735E-05 9.99735E-05 9.99735E-05 0.999037 0.000663391
9.997E-05 9.997E-05 9.997E-05 9.997E-05 0.9996
9.997E-05 9.997E-05 9.997E-05 9.997E-05 0.9996
9.997E-05 9.997E-05 9.997E-05 9.997E-05 0.9996
9.99736E-05 0.010991 9.99736E-05 0.988709 9.99736E-05
9.997E-05 9.997E-05 9.997E-05 9.997E-05 0.9996
9.997E-05 9.997E-05 9.997E-05 9.997E-05 0.9996
9.997E-05 9.997E-05 9.997E-05 0.9996 9.997E-05
9.997E-05 9.997E-05 9.997E-05 0.9996 9.997E-05
9.997E-05 9.997E-05 9.997E-05 0.9996 9.997E-05
9.997E-05 9.997E-05 9.997E-05 9.997E-05 0.9996
9.997E-05 9.997E-05 9.997E-05 9.997E-05 0.9996
9.99735E-05 0.0391882 9.99735E-05 0.960512 9.99735E-05
9.997E-05 9.997E-05 9.997E-05 0.9996 9.997E-05
0.196182 0.147046 9.99824E-05 9.99824E-05 0.656572
9.99824E-05 0.0621878 9.99824E-05 0.873274 0.0643381
9.997E-05 9.997E-05 9.997E-05 9.997E-05 0.9996
9.997E-05 9.997E-05 9.997E-05 0.9996 9.997E-05
9.997E-05 9.997E-05 9.997E-05 0.9996 9.997E-05
9.997E-05 9.997E-05 9.997E-05 0.9996 9.997E-05
9.997E-05 9.997E-05 9.997E-05 9.997E-05 0.9996
9.997E-05 9.997E-05 9.997E-05 0.9996 9.997E-05
9.997E-05 9.997E-05 9.997E-05 9.997E-05 0.9996
9.997E-05 9.997E-05 9.997E-05 0.9996 9.997E-05
9.997E-05 9.997E-05 9.997E-05 0.9996 9.997E-05
9.997E-05 9.997E-05 9.997E-05 9.997E-05 0.9996
9.997E-05 9.997E-05 9.997E-05 9.997E-05 0.9996
9.997E-05 9.997E-05 9.997E-05 9.997E-05 0.9996
9.99824E-05 0.0442902 9.99824E-05 0.885151 0.0703588
9.99735E-05 0.00406797 9.99735E-05 0.995632 9.99735E-05
9.997E-05 9.997E-05 9.997E-05 0.9996 9.997E-05
9.997E-05 9.997E-05 9.997E-05 0.9996 9.997E-05
9.99735E-05 0.0115832 9.99735E-05 0.988117 9.99735E-05
9.997E-05 9.997E-05 9.997E-05 9.997E-05 0.9996
9.997E-05 9.997E-05 9.997E-05 9.997E-05 0.9996
9.997E-05 9.997E-05 9.997E-05 9.997E-05 0.9996
9.997E-05 9.997E-05 9.997E-05 0.9996 9.997E-05
9.997E-05 9.997E-05 9.997E-05 9.997E-05 0.9996
9.997E-05 9.997E-05 9.997E-05 9.997E-05 0.9996
9.997E-05 9.997E-05 9.997E-05 9.997E-05 0.9996
9.997E-05 9.997E-05 9.997E-05 9.997E-05 0.9996
9.997E-05 9.997E-05 9.997E-05 0.9996 9.997E-05
9.997E-05 9.997E-05 9.997E-05 9.997E-05 0.9996
9.997E-05 9.997E-05 9.997E-05 9.997E-05 0.9996
0.123075 0.209845 9.99824E-05 9.99824E-05 0.66688
9.99735E-05 0.0969996 9.99735E-05 0.902701 9.99735E-05
9.997E-05 9.997E-05 9.997E-05 9.997E-05 0.9996
9.997E-05 9.997E-05 9.997E-05 9.997E-05 0.9996
9.997E-05 9.997E-05 9.997E-05 9.997E-05 0.9996
9.997E-05 9.997E-05 9.997E-05 9.997E-05 0.9996
9.99735E-05 0.0456627 9.99735E-05 0.954037 9.99735E-05
9.997E-05 9.997E-05 9.997E-05 9.997E-05 0.9996
9.997E-05 9.997E-05 9.997E-05 0.9996 9.997E-05
9.997E-05 9.997E-05 9.997E-05 9.997E-05 0.9996
9.997E-05 9.997E-05 9.997E-05 0.9996 9.997E-05
9.997E-05 9.997E-05 9.997E-05 9.997E-05 0.9996
9.997E-05 9.997E-05 9.997E-05 9.997E-05 0.9996
9.997E-05 9.997E-05 9.997E-05 9.997E-05 0.9996
9.997E-05 9.997E-05 9.997E-05 9.997E-05 0.9996
9.997E-05 9.997E-05 9.997E-05 9.997E-05 0.9996
9.997E-05 9.997E-05 9.997E-05 9.997E-05 0.9996
9.997E-05 9.997E-05 9.997E-05 0.9996 9.997E-05
9.99736E-05 0.0402629 9.99736E-05 0.959437 9.99736E-05
9.99735E-05 9.99735E-05 9.99735E-05 0.976699 0.0230012
9.997E-05 9.997E-05 9.997E-05 9.997E-05 0.9996
9.997E-05 9.997E-05 9.997E-05 0.9996 9.997E-05
9.997E-05 9.997E-05 9.997E-05 0.9996 9.997E-05
9.997E-05 9.997E-05 9.997E-05 0.9996 9.997E-05
9.997E-05 9.997E-05 9.997E-05 9.997E-05 0.9996
9.997E-05 9.997E-05 9.997E-05 9.997E-05 0.9996
9.997E-05 9.997E-05 9.997E-05 9.997E-05 0.9996
9.99735E-05 0.0412315 9.99735E-05 0.958469 9.99735E-05
9.997E-05 9.997E-05 9.997E-05 9.997E-05 0.9996
9.997E-05 9.997E-05 9.997E-05 9.997E-05 0.9996
9.997E-05 9.997E-05 9.997E-05 0.9996 9.997E-05
9.997E-05 9.997E-05 9.997E-05 9.997E-05 0.9996
9.997E-05 9.997E-05 9.997E-05 9.997E-05 0.9996
9.99912E-05 0.0230649 0.273321 0.0916294 0.611885
9.997E-05 9.997E-05 9.997E-05 0.9996 9.997E-05
9.997E-05 9.997E-05 9.997E-05 9.997E-05 0.9996
9.99737E-05 9.99737E-05 0.0231301 9.99737E-05 0.97657
0.066129 0.0739093 9.99824E-05 9.99824E-05 0.859762
9.99824E-05 0.110197 9.99824E-05 0.174463 0.715139
0.0878226 0.146275 9.99824E-05 9.99824E-05 0.765702
9.99824E-05 0.0113377 9.99824E-05 0.0892118 0.89925
9.99738E-05 9.99738E-05 9.99738E-05 0.0222433 0.977457
0.0416894 0.106933 9.99912E-05 0.187312 0.663965
9.99824E-05 0.036711 0.200886 9.99824E-05 0.762203
9.997E-05 9.997E-05 9.997E-05 9.997E-05 0.9996
0.129688 0.0539216 9.99912E-05 0.0396498 0.776641
9.99912E-05 0.0079078 0.119544 0.082757 0.789692
9.997E-05 9.997E-05 9.997E-05 9.997E-05 0.9996
0.122571 9.99912E-05 0.00685897 0.217972 0.652499
9.99824E-05 0.0107216 0.0840951 9.99824E-05 0.904983
9.99736E-05 9.99736E-05 0.0322088 9.99736E-05 0.967491
0.03339 9.99736E-05 9.99736E-05 9.99736E-05 0.96631
9.99737E-05 0.0912604 9.99737E-05 9.99737E-05 0.90844
0.0521699 0.0659695 0.0838565 0.151235 0.646769
9.99824E-05 0.106388 0.00795956 9.99824E-05 0.885452
0.0243964 0.0882643 9.99824E-05 9.99824E-05 0.887139
9.99736E-05 0.0856246 9.99736E-05 9.99736E-05 0.914076
0.0584807 9.99737E-05 9.99737E-05 9.99737E-05 0.941219
0.0724549 0.122395 0.113301 9.99912E-05 0.691749
9.99824E-05 0.00403993 0.0476849 9.99824E-05 0.948075
9.99736E-05 0.139733 9.99736E-05 9.99736E-05 0.859967
9.997E-05 9.997E-05 9.997E-05 9.997E-05 0.9996
0.065451 0.0514 9.99824E-05 9.99824E-05 0.882949
0.000129963 0.0504148 9.99912E-05 0.037169 0.912186
0.0639463 0.172359 0.01932 9.99912E-05 0.744275
9.99824E-05 0.171809 0.0970951 9.99824E-05 0.730896
0.0639075 0.0443226 9.99824E-05 9.99824E-05 0.89157
9.99737E-05 9.99737E-05 0.0109465 9.99737E-05 0.988754
9.99736E-05 0.039787 9.99736E-05 9.99736E-05 0.959913
9.99736E-05 9.99736E-05 0.118801 9.99736E-05 0.880899
9.99736E-05 9.99736E-05 0.193992 9.99736E-05 0.805708
9.99824E-05 0.0604371 9.99824E-05 0.00195583 0.937407
9.997E-05 9.997E-05 9.997E-05 9.997E-05 0.9996
0.0766048 0.0117755 0.159544 0.132328 0.619748
9.99824E-05 0.119855 0.0790519 9.99824E-05 0.800893
0.242894 9.99736E-05 9.99736E-05 9.99736E-05 0.756806
9.99824E-05 0.146297 9.99824E-05 0.00406859 0.849434
0.117795 0.0959107 9.99825E-05 9.99825E-05 0.786095
0.0959978 0.0552641 9.99824E-05 9.99824E-05 0.848538
0.0380314 9.99824E-05 0.0344259 9.99824E-05 0.927343
9.99824E-05 9.99824E-05 0.103045 0.00377147 0.892984
9.99824E-05 0.0305105 0.0281114 9.99824E-05 0.941178
9.997E-05 9.997E-05 9.997E-05 9.997E-05 0.9996
9.99824E-05 0.0481883 0.00810133 9.99824E-05 0.94351
9.997E-05 9.997E-05 9.997E-05 9.997E-05 0.9996
0.356876 9.99736E-05 9.99736E-05 9.99736E-05 0.642825
9.997E-05 9.997E-05 9.997E-05 9.997E-05 0.9996
9.99912E-05 0.0107804 0.13589 0.181139 0.672091
0.269917 9.99824E-05 9.99824E-05 0.124023 0.60586
9.997E-05 9.997E-05 9.997E-05 9.997E-05 0.9996
0.20356 0.0346185 9.99824E-05 9.99824E-05 0.761621
9.997E-05 9.997E-05 9.997E-05 9.997E-05 0.9996
9.99825E-05 9.99825E-05 0.00219049 0.170082 0.827528
9.997E-05 9.997E-05 9.997E-05 9.997E-05 0.9996
9.99824E-05 0.112617 9.99824E-05 0.0355511 0.851632
9.99737E-05 9.99737E-05 0.0430338 9.99737E-05 0.956666
9.997E-05 9.997E-05 9.997E-05 9.997E-05 0.9996
9.997E-05 9.997E-05 9.997E-05 9.997E-05 0.9996
9.99825E-05 0.0230329 9.99825E-05 0.258912 0.717855
9.99824E-05 0.018837 0.0375445 9.99824E-05 0.943418
9.99736E-05 0.108675 9.99736E-05 9.99736E-05 0.891025
9.99824E-05 0.00501908 0.0280615 9.99824E-05 0.966719
9.997E-05 9.997E-05 9.997E-05 9.997E-05 0.9996
9.99824E-05 0.0813159 0.0123262 9.99824E-05 0.906158
9.99824E-05 0.111068 9.99824E-05 0.0924368 0.796296
9.99825E-05 0.0570201 9.99825E-05 0.0522193 0.890561
9.99824E-05 0.0635392 9.99824E-05 0.10641 0.829851
9.99738E-05 9.99738E-05 9.99738E-05 0.321334 0.678366
9.997E-05 9.997E-05 9.997E-05 9.997E-05 0.9996
9.99825E-05 0.0855379 0.178724 9.99825E-05 0.735538
9.99737E-05 9.99737E-05 0.0368067 9.99737E-05 0.962893
9.997E-05 9.997E-05 9.997E-05 9.997E-05 0.9996
9.99738E-05 9.99738E-05 9.99738E-05 0.116904 0.882796
9.99912E-05 0.0515347 0.0632201 0.050277 0.834868
9.997E-05 9.997E-05 9.997E-05 9.997E-05 0.9996
9.997E-05 9.997E-05 9.997E-05 9.997E-05 0.9996
0.114315 0.0100712 9.99824E-05 9.99824E-05 0.875414
0.0274068 0.0844648 0.0998455 9.99912E-05 0.788183
9.99738E-05 9.99738E-05 9.99738E-05 0.148824 0.850876
9.99737E-05 9.99737E-05 0.0373637 9.99737E-05 0.962336
9.99736E-05 0.170534 9.99736E-05 9.99736E-05 0.829167
9.99737E-05 0.0264608 9.99737E-05 9.99737E-05 0.973239
9.99824E-05 0.0549245 0.143093 9.99824E-05 0.801783
9.997E-05 9.997E-05 9.997E-05 9.997E-05 0.9996
0.0288492 0.074974 9.99912E-05 0.114744 0.781333
0.00675313 0.110171 9.99824E-05 9.99824E-05 0.882876
9.99912E-05 0.197046 0.0294442 0.233451 0.539959
0.0560421 0.0616617 0.0432363 0.0824399 0.75662
9.99737E-05 9.99737E-05 9.99737E-05 0.156092 0.843608
9.99824E-05 0.165363 0.189713 9.99824E-05 0.644725
9.997E-05 9.997E-05 9.997E-05 9.997E-05 0.9996
9.99737E-05 9.99737E-05 9.99737E-05 0.0294594 0.970241
0.139193 9.99736E-05 9.99736E-05 9.99736E-05 0.860507
0.06017 9.99912E-05 0.0592494 0.0876159 0.792865
9.99824E-05 9.99824E-05 0.13175 0.159775 0.708275
0.0605094 0.0462288 9.99912E-05 0.34399 0.549172
0.0976517 0.128549 0.136086 9.99912E-05 0.637613
9.99736E-05 9.99736E-05 9.99736E-05 0.325774 0.673926
9.99824E-05 0.148708 0.0779348 9.99824E-05 0.773157
9.99737E-05 9.99737E-05 9.99737E-05 0.013764 0.985936
9.99738E-05 9.99738E-05 9.99738E-05 0.0235533 0.976147
9.99737E-05 0.0443364 9.99737E-05 9.99737E-05 0.955364
9.99912E-05 0.0509996 0.207076 0.0953615 0.646463
9.997E-05 9.997E-05 9.997E-05 9.997E-05 0.9996
9.99737E-05 9.99737E-05 9.99737E-05 0.13135 0.86835
9.99737E-05 0.0920539 9.99737E-05 9.99737E-05 0.907646
9.99737E-05 0.0512732 9.99737E-05 9.99737E-05 0.948427
9.99737E-05 9.99737E-05 9.99737E-05 0.155753 0.843947
0.0013999 0.0569904 0.0399576 9.99912E-05 0.901552
0.0804154 0.0573068 9.99912E-05 0.218026 0.644152
9.99912E-05 0.235958 0.136567 0.204581 0.422794
9.997E-05 9.997E-05 9.997E-05 9.997E-05 0.9996
9.99736E-05 0.0135572 9.99736E-05 9.99736E-05 0.986143
9.99912E-05 0.0157995 0.200722 0.0501601 0.733219
9.99737E-05 0.0831092 9.99737E-05 9.99737E-05 0.916591
0.190801 0.0797702 9.99912E-05 0.189937 0.539392
9.99824E-05 9.99824E-05 0.156513 0.0979695 0.745318
9.99824E-05 0.0372436 0.112096 9.99824E-05 0.85046
0.12255 0.0515102 9.99912E-05 0.121627 0.704213
0.15404 0.00470527 0.003697 9.99912E-05 0.837458
9.997E-05 9.997E-05 9.997E-05 9.997E-05 0.9996
9.99736E-05 9.99736E-05 0.195666 9.99736E-05 0.804034
9.99737E-05 0.0582189 9.99737E-05 9.99737E-05 0.941481
9.99738E-05 9.99738E-05 9.99738E-05 0.0485257 0.951174
0.000701829 0.0981232 0.000784044 9.99912E-05 0.900291
0.0165313 0.100932 9.99824E-05 9.99824E-05 0.882337
0.151599 9.99824E-05 9.99824E-05 0.342484 0.505717
0.196974 9.99824E-05 9.99824E-05 0.308034 0.494792
0.313488 9.99824E-05 9.99824E-05 0.226351 0.459962
0.181908 0.017195 0.0244407 0.324236 0.452221
0.143783 0.0026747 0.14649 0.213742 0.49331
0.0550705 9.99825E-05 9.99825E-05 0.556604 0.388125
9.99824E-05 9.99824E-05 0.0339717 0.540957 0.424871
0.206556 9.99912E-05 0.0290857 0.227385 0.536874
0.0569949 9.99913E-05 0.0892435 0.445851 0.40781
0.228599 9.99824E-05 9.99824E-05 0.231942 0.539259
0.0437256 0.011326 0.298415 0.30523 0.341303
9.99824E-05 0.141362 9.99824E-05 0.663482 0.194956
0.196686 9.99824E-05 9.99824E-05 0.314883 0.488231
9.99737E-05 9.99737E-05 9.99737E-05 0.692297 0.307403
9.99824E-05 9.99824E-05 0.154365 0.506726 0.338709
0.332971 9.99824E-05 9.99824E-05 0.242531 0.424298
0.0979 9.99912E-05 0.0655061 0.443012 0.393482
0.12873 0.00499501 9.99912E-05 0.534228 0.331947
0.0575855 0.0740689 0.202384 0.32705 0.338911
0.182168 9.99824E-05 9.99824E-05 0.511631 0.306002
9.99824E-05 9.99824E-05 0.0826183 0.554413 0.362769
0.12868 9.99912E-05 0.0217488 0.452718 0.396754
9.99912E-05 0.0352356 0.11238 0.636013 0.216271
0.0449644 9.99824E-05 0.0237505 9.99824E-05 0.931085
9.99912E-05 0.104635 0.0149705 0.0431706 0.837124
9.99736E-05 9.99736E-05 9.99736E-05 0.123457 0.876243
0.0738155 9.99824E-05 9.99824E-05 0.191927 0.734058
0.0323533 9.99912E-05 0.0254899 0.0713278 0.870729
9.99737E-05 9.99737E-05 9.99737E-05 0.138248 0.861452
9.99737E-05 9.99737E-05 0.126898 9.99737E-05 0.872802
9.99825E-05 0.0866096 9.99825E-05 0.359596 0.553595
9.99736E-05 9.99736E-05 9.99736E-05 0.214452 0.785248
9.99824E-05 9.99824E-05 0.135598 0.088962 0.77524
9.99824E-05 0.00477384 0.135246 9.99824E-05 0.85978
9.99737E-05 9.99737E-05 9.99737E-05 0.126414 0.873286
9.99824E-05 9.99824E-05 0.0958853 0.25397 0.649945
9.997E-05 9.997E-05 9.997E-05 9.997E-05 0.9996
9.99737E-05 9.99737E-05 9.99737E-05 0.129492 0.870209
0.0628123 9.99824E-05 9.99824E-05 0.0204815 0.916506
9.99736E-05 9.99736E-05 0.0271187 9.99736E-05 0.972581
9.99737E-05 9.99737E-05 9.99737E-05 0.0244056 0.975295
0.0351752 9.99824E-05 9.99824E-05 0.148899 0.815726
9.99825E-05 9.99825E-05 0.0610837 0.0492961 0.88942
9.99736E-05 9.99736E-05 9.99736E-05 0.0180513 0.981649
9.99737E-05 9.99737E-05 9.99737E-05 0.216462 0.783238
0.0186081 0.00660684 9.99912E-05 0.110887 0.863798
9.99737E-05 0.146784 9.99737E-05 9.99737E-05 0.852916
0.0682242 9.99825E-05 0.0506504 9.99825E-05 0.880925
9.997E-05 9.997E-05 9.997E-05 9.997E-05 0.9996
0.104875 9.99824E-05 9.99824E-05 0.334677 0.560248
9.99737E-05 9.99737E-05 9.99737E-05 0.092264 0.907436
0.0339999 9.99824E-05 9.99824E-05 0.061055 0.904745
9.99737E-05 9.99737E-05 9.99737E-05 0.102639 0.897061
9.99825E-05 9.99825E-05 0.0194559 0.137921 0.842423
0.0842782 0.0278847 9.99912E-05 0.417422 0.470315
9.99737E-05 9.99737E-05 9.99737E-05 0.124671 0.875029
0.00156625 9.99824E-05 9.99824E-05 0.197911 0.800322
9.99737E-05 9.99737E-05 9.99737E-05 0.0873754 0.912325
0.0294514 9.99824E-05 9.99824E-05 0.0965084 0.87384
0.0298146 9.99736E-05 9.99736E-05 9.99736E-05 0.969885
0.00426079 9.99912E-05 0.00795701 0.31913 0.668552
0.00287757 9.99824E-05 9.99824E-05 0.21446 0.782463
9.99737E-05 9.99737E-05 9.99737E-05 0.112908 0.886792
9.99825E-05 9.99825E-05 0.0168165 0.104931 0.878052
9.99737E-05 9.99737E-05 9.99737E-05 0.132592 0.867108
0.00689532 9.99912E-05 0.0248272 0.101538 0.866639
9.99824E-05 9.99824E-05 0.0214254 0.188888 0.789487
0.399802 9.99912E-05 0.104556 0.478075 0.0174674
0.701458 9.99912E-05 0.0481955 0.136431 0.113816
0.411075 9.99912E-05 0.193402 0.0987653 0.296658
0.33224 9.99912E-05 0.0651858 0.347277 0.255198
0.372994 9.99912E-05 0.0954138 0.361363 0.170129
0.321111 9.99912E-05 0.194801 0.443924 0.0400641
0.456243 9.99912E-05 0.042912 0.269833 0.230913
0.379411 9.99912E-05 0.0699483 0.457378 0.0931631
0.520846 9.99824E-05 0.0530474 9.99824E-05 0.425906
9.99912E-05 0.0809731 0.321618 0.425261 0.172048
0.214005 9.99912E-05 0.176903 0.342858 0.266135
0.427116 9.99912E-05 0.175009 0.199389 0.198385
0.541367 9.99912E-05 0.0524871 0.362998 0.0430471
0.371545 9.99912E-05 0.157719 0.407121 0.0635146
0.584839 9.99824E-05 0.0603978 0.354564 9.99824E-05
0.52254 9.99824E-05 9.99824E-05 0.456522 0.0207383
0.447428 9.99912E-05 0.0666372 0.424102 0.0617331
0.441504 9.99912E-05 0.0557663 0.193793 0.308836
0.303549 9.99912E-05 0.199915 0.285158 0.211277
0.353144 9.99824E-05 0.177017 0.469639 9.99824E-05
9.997E-05 9.997E-05 0.9996 9.997E-05 9.997E-05
9.997E-05 9.997E-05 0.9996 9.997E-05 9.997E-05
9.997E-05 9.997E-05 0.9996 9.997E-05 9.997E-05
9.997E-05 9.997E-05 0.9996 9.997E-05 9.997E-05
9.997E-05 9.997E-05 0.9996 9.997E-05 9.997E-05
9.997E-05 9.997E-05 0.9996 9.997E-05 9.997E-05
9.997E-05 9.997E-05 0.9996 9.997E-05 9.997E-05
9.997E-05 9.997E-05 0.9996 9.997E-05 9.997E-05
9.997E-05 9.997E-05 0.9996 9.997E-05 9.997E-05
9.997E-05 9.997E-05 0.9996 9.997E-05 9.997E-05
9.997E-05 9.997E-05 0.9996 9.997E-05 9.997E-05
9.997E-05 9.997E-05 0.9996 9.997E-05 9.997E-05
9.997E-05 9.997E-05 0.9996 9.997E-05 9.997E-05
9.997E-05 9.997E-05 0.9996 9.997E-05 9.997E-05
9.997E-05 9.997E-05 0.9996 9.997E-05 9.997E-05
9.997E-05 9.997E-05 0.9996 9.997E-05 9.997E-05
9.997E-05 9.997E-05 0.9996 9.997E-05 9.997E-05
9.997E-05 9.997E-05 0.9996 9.997E-05 9.997E-05
9.997E-05 9.997E-05 0.9996 9.997E-05 9.997E-05
9.997E-05 9.997E-05 0.9996 9.997E-05 9.997E-05
9.997E-05 9.997E-05 0.9996 9.997E-05 9.997E-05
9.997E-05 9.997E-05 0.9996 9.997E-05 9.997E-05
9.997E-05 9.997E-05 0.9996 9.997E-05 9.997E-05
9.997E-05 9.997E-05 0.9996 9.997E-05 9.997E-05
9.997E-05 9.997E-05 0.9996 9.997E-05 9.997E-05
9.997E-05 9.997E-05 0.9996 9.997E-05 9.997E-05
9.997E-05 9.997E-05 0.9996 9.997E-05 9.997E-05
9.997E-05 9.997E-05 0.9996 9.997E-05 9.997E-05
9.997E-05 9.997E-05 0.9996 9.997E-05 9.997E-05
9.997E-05 9.997E-05 0.9996 9.997E-05 9.997E-05
9.997E-05 9.997E-05 0.9996 9.997E-05 9.997E-05
9.997E-05 9.997E-05 0.9996 9.997E-05 9.997E-05
9.997E-05 9.997E-05 0.9996 9.997E-05 9.997E-05
9.997E-05 9.997E-05 0.9996 9.997E-05 9.997E-05
9.997E-05 9.997E-05 0.9996 9.997E-05 9.997E-05
9.997E-05 9.997E-05 0.9996 9.997E-05 9.997E-05
9.997E-05 9.997E-05 0.9996 9.997E-05 9.997E-05
9.997E-05 9.997E-05 0.9996 9.997E-05 9.997E-05
9.997E-05 9.997E-05 0.9996 9.997E-05 9.997E-05
9.997E-05 9.997E-05 0.9996 9.997E-05 9.997E-05
9.997E-05 9.997E-05 0.9996 9.997E-05 9.997E-05
9.997E-05 9.997E-05 0.9996 9.997E-05 9.997E-05
9.997E-05 9.997E-05 0.9996 9.997E-05 9.997E-05
9.997E-05 9.997E-05 0.9996 9.997E-05 9.997E-05
9.997E-05 9.997E-05 0.9996 9.997E-05 9.997E-05
9.997E-05 9.997E-05 0.9996 9.997E-05 9.997E-05
9.997E-05 9.997E-05 0.9996 9.997E-05 9.997E-05
9.997E-05 9.997E-05 0.9996 9.997E-05 9.997E-05
9.997E-05 9.997E-05 0.9996 9.997E-05 9.997E-05
9.997E-05 9.997E-05 0.9996 9.997E-05 9.997E-05
9.997E-05 9.997E-05 0.9996 9.997E-05 9.997E-05
9.997E-05 9.997E-05 0.9996 9.997E-05 9.997E-05
9.997E-05 9.997E-05 0.9996 9.997E-05 9.997E-05
9.997E-05 9.997E-05 0.9996 9.997E-05 9.997E-05
9.997E-05 9.997E-05 0.9996 9.997E-05 9.997E-05
9.997E-05 9.997E-05 0.9996 9.997E-05 9.997E-05
9.997E-05 9.997E-05 0.9996 9.997E-05 9.997E-05
9.997E-05 9.997E-05 0.9996 9.997E-05 9.997E-05
9.997E-05 9.997E-05 0.9996 9.997E-05 9.997E-05
9.997E-05 9.997E-05 0.9996 9.997E-05 9.997E-05
9.997E-05 9.997E-05 0.9996 9.997E-05 9.997E-05
9.997E-05 9.997E-05 0.9996 9.997E-05 9.997E-05
9.997E-05 9.997E-05 0.9996 9.997E-05 9.997E-05
9.997E-05 9.997E-05 0.9996 9.997E-05 9.997E-05
0.11963 9.99736E-05 0.88007 9.99736E-05 9.99736E-05
9.997E-05 9.997E-05 0.9996 9.997E-05 9.997E-05
9.997E-05 9.997E-05 0.9996 9.997E-05 9.997E-05
0.0421751 9.99736E-05 0.957525 9.99736E-05 9.99736E-05
9.997E-05 9.997E-05 0.9996 9.997E-05 9.997E-05
9.997E-05 9.997E-05 0.9996 9.997E-05 9.997E-05
9.997E-05 9.997E-05 0.9996 9.997E-05 9.997E-05
9.997E-05 9.997E-05 0.9996 9.997E-05 9.997E-05
0.0353062 9.99736E-05 0.964394 9.99736E-05 9.99736E-05
0.0285371 9.99736E-05 0.971163 9.99736E-05 9.99736E-05
9.997E-05 9.997E-05 0.9996 9.997E-05 9.997E-05
9.997E-05 9.997E-05 0.9996 9.997E-05 9.997E-05
9.997E-05 9.997E-05 0.9996 9.997E-05 9.997E-05
0.0191742 9.99736E-05 0.980526 9.99736E-05 9.99736E-05
0.0159531 9.99736E-05 0.983747 9.99736E-05 9.99736E-05
9.997E-05 9.997E-05 0.9996 9.997E-05 9.997E-05
9.997E-05 9.997E-05 0.9996 9.997E-05 9.997E-05
9.997E-05 9.997E-05 0.9996 9.997E-05 9.997E-05
9.997E-05 9.997E-05 0.9996 9.997E-05 9.997E-05
9.997E-05 9.997E-05 0.9996 9.997E-05 9.997E-05
9.997E-05 9.997E-05 0.9996 9.997E-05 9.997E-05
9.997E-05 9.997E-05 0.9996 9.997E-05 9.997E-05
9.997E-05 9.997E-05 0.9996 9.997E-05 9.997E-05
9.997E-05 9.997E-05 0.9996 9.997E-05 9.997E-05
9.997E-05 9.997E-05 0.9996 9.997E-05 9.997E-05
9.997E-05 9.997E-05 0.9996 9.997E-05 9.997E-05
9.997E-05 9.997E-05 0.9996 9.997E-05 9.997E-05
0.0523315 9.99736E-05 0.947369 9.99736E-05 9.99736E-05
9.997E-05 9.997E-05 0.9996 9.997E-05 9.997E-05
9.997E-05 9.997E-05 0.9996 9.997E-05 9.997E-05
9.997E-05 9.997E-05 0.9996 9.997E-05 9.997E-05
9.997E-05 9.997E-05 0.9996 9.997E-05 9.997E-05
0.0177136 9.99736E-05 0.981986 9.99736E-05 9.99736E-05
0.114069 0.0767254 0.809006 9.99824E-05 9.99824E-05
9.997E-05 9.997E-05 0.9996 9.997E-05 9.997E-05
9.997E-05 9.997E-05 0.9996 9.997E-05 9.997E-05
9.99736E-05 0.0344648 0.965235 9.99736E-05 9.99736E-05
9.997E-05 9.997E-05 0.9996 9.997E-05 9.997E-05
9.997E-05 9.997E-05 0.9996 9.997E-05 9.997E-05
0.00865199 9.99736E-05 0.991048 9.99736E-05 9.99736E-05
0.0581368 9.99736E-05 0.941563 9.99736E-05 9.99736E-05
9.997E-05 9.997E-05 0.9996 9.997E-05 9.997E-05
9.997E-05 9.997E-05 0.9996 9.997E-05 9.997E-05
9.997E-05 9.997E-05 0.9996 9.997E-05 9.997E-05
9.997E-05 9.997E-05 0.9996 9.997E-05 9.997E-05
9.997E-05 9.997E-05 0.9996 9.997E-05 9.997E-05
9.997E-05 9.997E-05 0.9996 9.997E-05 9.997E-05
9.997E-05 9.997E-05 0.9996 9.997E-05 9.997E-05
9.997E-05 9.997E-05 0.9996 9.997E-05 9.997E-05
9.997E-05 9.997E-05 0.9996 9.997E-05 9.997E-05
9.997E-05 9.997E-05 0.9996 9.997E-05 9.997E-05
9.997E-05 9.997E-05 0.9996 9.997E-05 9.997E-05
9.997E-05 9.997E-05 0.9996 9.997E-05 9.997E-05
9.997E-05 9.997E-05 0.9996 9.997E-05 9.997E-05
9.997E-05 9.997E-05 0.9996 9.997E-05 9.997E-05
9.997E-05 9.997E-05 0.9996 9.997E-05 9.997E-05
9.997E-05 9.997E-05 0.9996 9.997E-05 9.997E-05
9.997E-05 9.997E-05 0.9996 9.997E-05 9.997E-05
0.00807456 9.99736E-05 0.991626 9.99736E-05 9.99736E-05
9.997E-05 9.997E-05 0.9996 9.997E-05 9.997E-05
9.99736E-05 0.0171265 0.982574 9.99736E-05 9.99736E-05
9.997E-05 9.997E-05 0.9996 9.997E-05 9.997E-05
9.997E-05 9.997E-05 0.9996 9.997E-05 9.997E-05
9.997E-05 9.997E-05 0.9996 9.997E-05 9.997E-05
9.997E-05 9.997E-05 0.9996 9.997E-05 9.997E-05
9.997E-05 9.997E-05 0.9996 9.997E-05 9.997E-05
0.315505 0.114482 0.569813 9.99824E-05 9.99824E-05
0.401843 9.99736E-05 0.597857 9.99736E-05 9.99736E-05
9.99737E-05 0.103723 0.895977 9.99737E-05 9.99737E-05
0.10475 0.107014 0.788035 9.99824E-05 9.99824E-05
0.274135 0.179127 0.546538 9.99824E-05 9.99824E-05
0.531769 0.0576142 0.410417 9.99824E-05 9.99824E-05
0.179329 0.192798 0.627672 9.99824E-05 9.99824E-05
9.99737E-05 0.358272 0.641428 9.99737E-05 9.99737E-05
0.269362 0.10316 0.627278 9.99824E-05 9.99824E-05
0.272334 0.175862 0.551604 9.99824E-05 9.99824E-05
0.272121 0.171207 0.556472 9.99824E-05 9.99824E-05
0.472511 0.00484196 0.522447 9.99825E-05 9.99825E-05
9.99736E-05 0.174819 0.824881 9.99736E-05 9.99736E-05
9.99736E-05 0.25643 0.74327 9.99736E-05 9.99736E-05
9.99736E-05 0.133823 0.865877 9.99736E-05 9.99736E-05
9.99736E-05 0.105696 0.894004 9.99736E-05 9.99736E-05
9.99736E-05 0.193036 0.806664 9.99736E-05 9.99736E-05
0.705443 0.0573264 0.23703 9.99824E-05 9.99824E-05
0.483615 0.158288 0.357897 9.99824E-05 9.99824E-05
0.769524 9.99736E-05 0.230176 9.99736E-05 9.99736E-05
0.878934 9.99736E-05 0.120766 9.99736E-05 9.99736E-05
0.654003 0.13074 0.215057 9.99824E-05 9.99824E-05
0.830209 9.99737E-05 0.169491 9.99737E-05 9.99737E-05
0.960592 0.0391078 9.99736E-05 9.99736E-05 9.99736E-05
0.9996 9.997E-05 9.997E-05 9.997E-05 9.997E-05
0.830881 0.104266 0.000501944 9.99912E-05 0.0642514
0.681312 0.0624073 0.256081 9.99824E-05 9.99824E-05
0.687937 0.229445 0.0824184 9.99824E-05 9.99824E-05
0.86437 9.99824E-05 0.105583 9.99824E-05 0.029847
0.515144 0.287814 0.184482 9.99912E-05 0.0124601
0.535877 0.37612 0.0878027 9.99824E-05 9.99824E-05
0.600867 0.285262 0.11367 9.99824E-05 9.99824E-05
0.76412 0.23558 9.99737E-05 9.99737E-05 9.99737E-05
0.547155 0.272486 0.180159 9.99824E-05 9.99824E-05
0.883347 0.0719649 0.0444879 9.99824E-05 9.99824E-05
0.585022 0.0392228 0.375555 9.99824E-05 9.99824E-05
0.403562 0.407892 0.188346 9.99824E-05 9.99824E-05
0.37236 0.489609 0.137831 9.99824E-05 9.99824E-05
0.774862 0.224413 0.000525103 9.99824E-05 9.99824E-05
0.421678 0.46695 0.111172 9.99824E-05 9.99824E-05
0.930629 9.99737E-05 0.0690715 9.99737E-05 9.99737E-05
0.648928 0.186771 0.1641 9.99824E-05 9.99824E-05
0.568707 0.104486 0.326606 9.99824E-05 9.99824E-05
0.712879 9.99737E-05 0.286821 9.99737E-05 9.99737E-05
0.536087 0.0985053 0.365208 9.99824E-05 9.99824E-05
0.687589 0.192598 0.119613 9.99824E-05 9.99824E-05
0.831131 0.168569 9.99736E-05 9.99736E-05 9.99736E-05
0.883957 0.0654383 0.0504046 9.99824E-05 9.99824E-05
0.476337 0.126332 0.395852 0.00137794 9.99912E-05
0.568994 0.0962291 0.212715 0.0697473 0.0523147
0.876356 0.123344 9.99736E-05 9.99736E-05 9.99736E-05
0.684714 0.314986 9.99736E-05 9.99736E-05 9.99736E-05
0.902218 0.0974818 9.99736E-05 9.99736E-05 9.99736E-05
0.856849 0.142851 9.99736E-05 9.99736E-05 9.99736E-05
0.698485 0.170939 0.130376 9.99824E-05 9.99824E-05
0.540167 0.441452 0.0181818 9.99824E-05 9.99824E-05
0.704165 0.0518926 0.243743 9.99824E-05 9.99824E-05
0.840913 9.99824E-05 0.103874 9.99824E-05 0.0550129
0.849549 0.120805 0.0294469 9.99824E-05 9.99824E-05
0.810468 0.154119 0.0352131 9.99824E-05 9.99824E-05
0.97475 9.99824E-05 0.0239107 9.99824E-05 0.00113917
0.847094 0.111074 0.0416326 9.99824E-05 9.99824E-05
0.759787 0.112705 0.127308 9.99824E-05 9.99824E-05
0.834232 0.165468 9.99736E-05 9.99736E-05 9.99736E-05
0.36139 0.32768 0.31073 9.99825E-05 9.99825E-05
0.680601 0.116143 0.203055 9.99824E-05 9.99824E-05
0.832536 0.13524 9.99912E-05 0.0282923 0.00383132
0.844884 9.99824E-05 0.110473 9.99824E-05 0.0444433
0.807637 9.99912E-05 0.138289 0.00203344 0.05194
0.823642 0.0378789 0.138279 9.99824E-05 9.99824E-05
0.828629 0.10819 0.0629802 9.99824E-05 9.99824E-05
0.868257 9.99824E-05 0.0941369 9.99824E-05 0.0374061
0.469765 0.324893 0.187491 9.99912E-05 0.0177512
0.828919 0.157099 0.0137817 9.99824E-05 9.99824E-05
0.812478 0.187222 9.99736E-05 9.99736E-05 9.99736E-05
0.844651 0.137847 0.0173019 9.99824E-05 9.99824E-05
0.824863 0.158575 0.0163627 9.99824E-05 9.99824E-05
0.756579 0.103189 0.140032 9.99824E-05 9.99824E-05
0.701142 0.150655 0.148003 9.99824E-05 9.99824E-05
0.524878 0.467946 0.00697518 9.99824E-05 9.99824E-05
0.752935 0.217591 0.029274 9.99824E-05 9.99824E-05
0.848086 9.99824E-05 0.107664 9.99824E-05 0.0440502
0.679841 0.0628622 0.257097 9.99824E-05 9.99824E-05
0.870054 0.078838 0.050908 9.99824E-05 9.99824E-05
0.767006 0.0742308 0.158563 9.99824E-05 9.99824E-05
0.776581 0.223119 9.99736E-05 9.99736E-05 9.99736E-05
0.836911 0.144229 0.0186603 9.99824E-05 9.99824E-05
0.856903 0.142797 9.99736E-05 9.99736E-05 9.99736E-05
0.858456 9.99736E-05 0.141244 9.99736E-05 9.99736E-05
0.776007 0.197938 0.0258553 9.99824E-05 9.99824E-05
0.837452 0.14962 0.0127273 9.99824E-05 9.99824E-05
0.9996 9.997E-05 9.997E-05 9.997E-05 9.997E-05
0.655944 0.0890141 0.254842 9.99824E-05 9.99824E-05
0.806701 0.0851217 0.107978 9.99824E-05 9.99824E-05
0.742992 0.158888 0.0979199 9.99824E-05 9.99824E-05
0.598166 0.14487 0.256763 9.99824E-05 9.99824E-05
0.582196 0.152317 0.265287 9.99824E-05 9.99824E-05
0.709893 0.0849943 0.0460695 0.158943 9.99912E-05
0.922736 9.99736E-05 0.0769638 9.99736E-05 9.99736E-05
0.653527 0.0472532 0.29902 9.99824E-05 9.99824E-05
0.857087 0.142613 9.99736E-05 9.99736E-05 9.99736E-05
0.69902 0.197664 0.103116 9.99824E-05 9.99824E-05
0.860749 9.99736E-05 0.138951 9.99736E-05 9.99736E-05
0.538115 0.10883 0.352855 9.99824E-05 9.99824E-05
0.918887 9.99737E-05 0.0808135 9.99737E-05 9.99737E-05
0.871699 9.99824E-05 0.0778539 9.99824E-05 0.0502467
0.885652 9.99736E-05 0.114049 9.99736E-05 9.99736E-05
0.690691 0.0649045 0.244205 9.99824E-05 9.99824E-05
0.863707 0.132804 0.00328925 9.99824E-05 9.99824E-05
0.77696 0.22274 9.99736E-05 9.99736E-05 9.99736E-05
0.955897 9.99737E-05 0.0438035 9.99737E-05 9.99737E-05
0.40816 0.435477 0.156163 9.99824E-05 9.99824E-05
0.399019 0.281291 0.31949 9.99824E-05 9.99824E-05
0.623084 0.235961 0.140755 9.99824E-05 9.99824E-05
0.539973 0.191519 0.268308 9.99824E-05 9.99824E-05
0.526202 0.204911 0.268687 9.99824E-05 9.99824E-05
0.671829 0.0908781 0.237092 9.99824E-05 9.99824E-05
0.836112 0.0676199 0.096068 9.99824E-05 9.99824E-05
0.660443 0.317199 0.0221576 9.99824E-05 9.99824E-05
0.562284 0.217115 0.197505 9.99912E-05 0.022996
0.767622 0.131428 0.100751 9.99824E-05 9.99824E-05
0.601607 0.0415743 0.356619 9.99824E-05 9.99824E-05
0.911266 0.0884336 9.99736E-05 9.99736E-05 9.99736E-05
0.660471 0.142844 0.196485 9.99824E-05 9.99824E-05
0.950291 0.00472596 0.000164186 9.99912E-05 0.0447188
0.798113 0.0912642 0.110423 9.99824E-05 9.99824E-05
0.799484 0.141921 0.0583956 9.99824E-05 9.99824E-05
0.821454 9.99737E-05 0.178246 9.99737E-05 9.99737E-05
0.821478 0.0166131 0.161709 9.99824E-05 9.99824E-05
0.791049 0.019105 0.189646 9.99824E-05 9.99824E-05
0.65131 9.99736E-05 0.34839 9.99736E-05 9.99736E-05
0.87346 0.114803 0.011537 9.99824E-05 9.99824E-05
0.86394 0.13576 9.99736E-05 9.99736E-05 9.99736E-05
0.905238 9.99736E-05 0.0944623 9.99736E-05 9.99736E-05
0.747575 0.0946868 0.157539 9.99824E-05 9.99824E-05
0.831701 9.99737E-05 0.168 9.99737E-05 9.99737E-05
0.758635 0.169804 0.0713619 9.99824E-05 9.99824E-05
0.749704 0.140008 0.110088 9.99824E-05 9.99824E-05
0.504605 9.99737E-05 0.495095 9.99737E-05 9.99737E-05
0.781581 0.0955947 0.122624 9.99824E-05 9.99824E-05
0.362329 0.374003 0.263468 9.99824E-05 9.99824E-05
0.749425 0.0830509 0.167325 9.99824E-05 9.99824E-05
0.875814 0.123886 9.99736E-05 9.99736E-05 9.99736E-05
0.871699 0.128001 9.99737E-05 9.99737E-05 9.99737E-05
0.780637 0.0819937 0.137169 9.99824E-05 9.99824E-05
0.470747 0.0354993 0.397395 9.99912E-05 0.0962579
0.628431 0.172696 0.198674 9.99824E-05 9.99824E-05
0.841897 0.157803 9.99736E-05 9.99736E-05 9.99736E-05
0.706022 0.206455 0.0873225 9.99824E-05 9.99824E-05
0.547421 0.291851 0.160528 9.99824E-05 9.99824E-05
0.738165 0.0906235 0.171012 9.99824E-05 9.99824E-05
0.882617 0.117083 9.99736E-05 9.99736E-05 9.99736E-05
0.848314 0.13656 0.0149261 9.99824E-05 9.99824E-05
0.528767 0.200562 0.27047 9.99824E-05 9.99824E-05
0.810246 0.142083 0.0474714 9.99824E-05 9.99824E-05
0.971278 9.99736E-05 0.0284221 9.99736E-05 9.99736E-05
0.832493 0.145894 9.99824E-05 9.99824E-05 0.0214128
0.812879 0.0219589 0.164962 9.99824E-05 9.99824E-05
0.83204 0.0936029 0.0665433 0.0077137 9.99912E-05
0.560024 0.439676 9.99736E-05 9.99736E-05 9.99736E-05
0.265769 0.634971 0.0990599 9.99824E-05 9.99824E-05
0.412451 0.0425187 0.524624 9.99912E-05 0.0203063
0.491933 0.273163 0.234704 9.99824E-05 9.99824E-05
0.208765 0.70984 0.0811953 9.99824E-05 9.99824E-05
0.362165 0.34624 0.291395 9.99824E-05 9.99824E-05
0.591476 9.99736E-05 0.408224 9.99736E-05 9.99736E-05
0.564064 0.155219 0.280517 9.99824E-05 9.99824E-05
0.308415 0.112205 0.57918 9.99824E-05 9.99824E-05
0.524793 0.323416 0.15159 9.99824E-05 9.99824E-05
0.469981 0.276021 0.253798 9.99824E-05 9.99824E-05
0.457127 0.289218 0.253455 9.99824E-05 9.99824E-05
0.499714 0.0399846 0.460102 9.99824E-05 9.99824E-05
0.425815 0.340482 0.233503 9.99824E-05 9.99824E-05
0.346029 0.653671 9.99736E-05 9.99736E-05 9.99736E-05
0.45151 0.212806 0.335484 9.99824E-05 9.99824E-05
0.618479 0.145785 0.235536 9.99824E-05 9.99824E-05
0.549722 0.163654 0.286424 9.99824E-05 9.99824E-05
0.188575 0.244598 0.566627 9.99824E-05 9.99824E-05
0.488698 0.412718 0.0983845 9.99824E-05 9.99824E-05
0.661238 0.2785 0.0600625 9.99824E-05 9.99824E-05
0.45214 0.239965 0.307696 9.99824E-05 9.99824E-05
0.402765 0.381962 0.215073 9.99824E-05 9.99824E-05
0.411607 0.244479 0.343714 9.99824E-05 9.99824E-05
0.137188 0.307811 0.554801 9.99824E-05 9.99824E-05
0.424891 0.314291 0.260618 9.99824E-05 9.99824E-05
9.99736E-05 0.222032 0.777668 9.99736E-05 9.99736E-05
0.492826 0.332377 0.174596 9.99824E-05 9.99824E-05
9.99736E-05 0.287967 0.711733 9.99736E-05 9.99736E-05
0.779146 0.148878 0.0717762 9.99824E-05 9.99824E-05
0.9996 9.997E-05 9.997E-05 9.997E-05 9.997E-05
0.66837 0.263378 0.0680516 9.99824E-05 9.99824E-05
0.750171 0.124059 0.125571 9.99824E-05 9.99824E-05
0.804689 0.195012 9.99736E-05 9.99736E-05 9.99736E-05
0.896928 0.0619072 0.0409646 9.99824E-05 9.99824E-05
0.690238 0.0135699 0.149487 9.99912E-05 0.146605
0.609083 0.21287 0.177847 9.99824E-05 9.99824E-05
0.639337 0.23587 0.124593 9.99824E-05 9.99824E-05
0.626279 0.134978 0.238543 9.99824E-05 9.99824E-05
0.746249 0.090484 0.163067 9.99824E-05 9.99824E-05
0.918432 0.0271195 0.054248 9.99824E-05 9.99824E-05
0.851666 0.140155 0.00797815 9.99824E-05 9.99824E-05
0.974198 0.0255019 9.99736E-05 9.99736E-05 9.99736E-05
0.989593 0.0101066 9.99736E-05 9.99736E-05 9.99736E-05
0.816457 0.164704 0.0186388 9.99824E-05 9.99824E-05
0.813262 0.186438 9.99737E-05 9.99737E-05 9.99737E-05
0.782886 0.216814 9.99736E-05 9.99736E-05 9.99736E-05
0.442285 0.0884019 0.469113 9.99824E-05 9.99824E-05
0.829098 0.134035 0.0366665 9.99824E-05 9.99824E-05
0.772767 0.147661 9.99824E-05 9.99824E-05 0.0793724
0.733254 0.0624809 0.204065 9.99824E-05 9.99824E-05
0.903753 0.0307242 0.0185557 9.99912E-05 0.0468673
0.804055 0.195645 9.99736E-05 9.99736E-05 9.99736E-05
