9.98157E-05 9.98157E-05 9.98157E-05 9.98157E-05 0.0234125 9.98157E-05 0.154954 0.00453788 9.98157E-05 9.98157E-05 9.98157E-05 0.341074 0.0147019 9.98157E-05 9.98157E-05 9.98157E-05 9.98157E-05 0.0521965 9.98157E-05 9.98157E-05 9.98157E-05 0.27507 9.98157E-05 0.0549006 9.98157E-05 0.0770562 9.98157E-05 9.98157E-05 9.98157E-05 9.98157E-05
9.97809E-05 9.97809E-05 0.0316873 9.97809E-05 0.52698 9.97809E-05 9.97809E-05 0.125817 9.97809E-05 9.97809E-05 9.97809E-05 0.114676 9.97809E-05 9.97809E-05 9.97809E-05 9.97809E-05 9.97809E-05 9.97809E-05 9.97809E-05 9.97809E-05 9.97809E-05 0.198345 9.97809E-05 9.97809E-05 9.97809E-05 9.97809E-05 9.97809E-05 9.97809E-05 9.97809E-05 9.97809E-05
9.97896E-05 0.0093495 9.97896E-05 9.97896E-05 0.910638 9.97896E-05 9.97896E-05 9.97896E-05 9.97896E-05 9.97896E-05 9.97896E-05 9.97896E-05 9.97896E-05 9.97896E-05 9.97896E-05 9.97896E-05 9.97896E-05 9.97896E-05 0.0240961 9.97896E-05 9.97896E-05 9.97896E-05 0.00124331 9.97896E-05 9.97896E-05 0.0186855 0.0335928 9.97896E-05 9.97896E-05 9.97896E-05
9.98246E-05 9.98246E-05 9.98246E-05 9.98246E-05 9.98246E-05 9.98246E-05 0.0378422 9.98246E-05 9.98246E-05 0.0974188 0.00755168 9.98246E-05 0.067412 0.0613728 9.98246E-05 9.98246E-05 9.98246E-05 9.98246E-05 9.98246E-05 9.98246E-05 9.98246E-05 0.274957 0.126633 9.98246E-05 0.00239847 0.0129985 9.98246E-05 9.98246E-05 9.98246E-05 0.309419
9.97809E-05 9.97809E-05 9.97809E-05 9.97809E-05 9.97809E-05 9.97809E-05 9.97809E-05 9.97809E-05 0.0183523 9.97809E-05 9.97809E-05 9.97809E-05 9.97809E-05 0.0430769 9.97809E-05 9.97809E-05 9.97809E-05 9.97809E-05 9.97809E-05 0.0679584 9.97809E-05 0.865437 9.97809E-05 9.97809E-05 9.97809E-05 9.97809E-05 0.0026806 9.97809E-05 9.97809E-05 9.97809E-05
9.98073E-05 0.00666924 9.98073E-05 9.98073E-05 9.98073E-05 9.98073E-05 9.98073E-05 0.0388946 9.98073E-05 0.215588 9.98073E-05 0.193572 9.98073E-05 0.199444 9.98073E-05 9.98073E-05 9.98073E-05 9.98073E-05 9.98073E-05 0.0172436 9.98073E-05 0.236707 9.98073E-05 9.98073E-05 9.98073E-05 9.98073E-05 9.98073E-05 9.98073E-05 0.0896855 9.98073E-05
9.98422E-05 9.98422E-05 9.98422E-05 9.98422E-05 9.98422E-05 9.98422E-05 0.0786911 0.0566691 9.98422E-05 9.98422E-05 9.98422E-05 0.206953 0.0553008 0.0561756 0.044455 9.98422E-05 9.98422E-05 0.118345 0.0974375 9.98422E-05 9.98422E-05 0.247744 0.0124255 9.98422E-05 9.98422E-05 0.0065325 9.98422E-05 0.0174734 9.98422E-05 9.98422E-05
9.98247E-05 0.145336 9.98247E-05 9.98247E-05 0.0407488 9.98247E-05 0.16025 9.98247E-05 9.98247E-05 9.98247E-05 9.98247E-05 0.265824 9.98247E-05 0.0242099 9.98247E-05 9.98247E-05 9.98247E-05 9.98247E-05 9.98247E-05 0.0530244 9.98247E-05 0.100573 9.98247E-05 9.98247E-05 0.06905 9.98247E-05 9.98247E-05 9.98247E-05 0.121091 0.0178966
9.97896E-05 9.97896E-05 9.97896E-05 9.97896E-05 9.97896E-05 9.97896E-05 9.97896E-05 9.97896E-05 9.97896E-05 9.97896E-05 9.97896E-05 9.97896E-05 0.138425 9.97896E-05 9.97896E-05 9.97896E-05 9.97896E-05 9.97896E-05 9.97896E-05 9.97896E-05 9.97896E-05 0.31596 9.97896E-05 9.97896E-05 9.97896E-05 0.210133 9.97896E-05 0.0519251 0.218972 0.0621902
9.97543E-05 9.97543E-05 9.97543E-05 9.97543E-05 9.97543E-05 9.97543E-05 9.97543E-05 9.97543E-05 9.97543E-05 9.97543E-05 9.97543E-05 9.97543E-05 9.97543E-05 9.97543E-05 9.97543E-05 9.97543E-05 9.97543E-05 9.97543E-05 9.97543E-05 9.97543E-05 9.97543E-05 0.974516 9.97543E-05 9.97543E-05 9.97543E-05 0.0226907 9.97543E-05 9.97543E-05 9.97543E-05 9.97543E-05
9.97808E-05 9.97808E-05 9.97808E-05 9.97808E-05 9.97808E-05 9.97808E-05 9.97808E-05 9.97808E-05 9.97808E-05 9.97808E-05 9.97808E-05 0.183306 9.97808E-05 9.97808E-05 9.97808E-05 9.97808E-05 9.97808E-05 0.129166 9.97808E-05 9.97808E-05 9.97808E-05 0.563889 9.97808E-05 9.97808E-05 9.97808E-05 0.0851935 9.97808E-05 9.97808E-05 0.0359515 9.97808E-05
9.9772E-05 9.9772E-05 9.9772E-05 9.9772E-05 0.929021 0.0336466 9.9772E-05 9.9772E-05 9.9772E-05 9.9772E-05 9.9772E-05 0.0197546 9.9772E-05 0.0149836 9.9772E-05 9.9772E-05 9.9772E-05 9.9772E-05 9.9772E-05 9.9772E-05 9.9772E-05 9.9772E-05 9.9772E-05 9.9772E-05 9.9772E-05 9.9772E-05 9.9772E-05 9.9772E-05 9.9772E-05 9.9772E-05
9.9772E-05 9.9772E-05 9.9772E-05 9.9772E-05 9.9772E-05 9.9772E-05 0.0650418 9.9772E-05 9.9772E-05 9.9772E-05 9.9772E-05 9.9772E-05 9.9772E-05 9.9772E-05 0.0679482 9.9772E-05 9.9772E-05 9.9772E-05 9.9772E-05 9.9772E-05 9.9772E-05 0.846913 9.9772E-05 9.9772E-05 9.9772E-05 0.017503 9.9772E-05 9.9772E-05 9.9772E-05 9.9772E-05
9.97984E-05 0.04937 9.97984E-05 9.97984E-05 0.633828 9.97984E-05 0.0218205 9.97984E-05 0.0496715 9.97984E-05 9.97984E-05 9.97984E-05 9.97984E-05 9.97984E-05 9.97984E-05 9.97984E-05 9.97984E-05 0.0192098 9.97984E-05 9.97984E-05 0.205784 9.97984E-05 9.97984E-05 9.97984E-05 9.97984E-05 0.0180214 9.97984E-05 9.97984E-05 9.97984E-05 9.97984E-05
9.97983E-05 0.005451 0.213376 9.97983E-05 9.97983E-05 9.97983E-05 9.97983E-05 9.97983E-05 0.130972 9.97983E-05 9.97983E-05 9.97983E-05 9.97983E-05 9.97983E-05 9.97983E-05 9.97983E-05 9.97983E-05 9.97983E-05 9.97983E-05 9.97983E-05 9.97983E-05 0.305663 9.97983E-05 9.97983E-05 9.97983E-05 0.0785546 9.97983E-05 0.119642 0.144047 9.97983E-05
9.98158E-05 9.98158E-05 0.0066477 0.0301717 9.98158E-05 9.98158E-05 0.232824 9.98158E-05 9.98158E-05 9.98158E-05 9.98158E-05 0.240375 9.98158E-05 9.98158E-05 9.98158E-05 9.98158E-05 9.98158E-05 9.98158E-05 9.98158E-05 9.98158E-05 9.98158E-05 0.173131 9.98158E-05 9.98158E-05 0.0823368 0.0673588 9.98158E-05 0.0103484 0.15471 9.98158E-05
9.97984E-05 9.97984E-05 9.97984E-05 0.0391524 9.97984E-05 9.97984E-05 9.97984E-05 0.0824094 9.97984E-05 9.97984E-05 9.97984E-05 9.97984E-05 9.97984E-05 9.97984E-05 9.97984E-05 0.172087 9.97984E-05 0.0223691 9.97984E-05 9.97984E-05 9.97984E-05 0.587635 9.97984E-05 0.0456431 9.97984E-05 0.0484083 9.97984E-05 9.97984E-05 9.97984E-05 9.97984E-05
9.97896E-05 9.97896E-05 9.97896E-05 9.97896E-05 9.97896E-05 9.97896E-05 0.0560534 9.97896E-05 9.97896E-05 9.97896E-05 0.0813622 0.595524 9.97896E-05 9.97896E-05 9.97896E-05 9.97896E-05 9.97896E-05 9.97896E-05 9.97896E-05 9.97896E-05 9.97896E-05 0.0495509 9.97896E-05 9.97896E-05 9.97896E-05 0.119615 0.0954993 9.97896E-05 9.97896E-05 9.97896E-05
9.9807E-05 9.9807E-05 9.9807E-05 0.0121413 0.110491 9.9807E-05 0.140118 9.9807E-05 9.9807E-05 9.9807E-05 9.9807E-05 9.9807E-05 9.9807E-05 0.184284 9.9807E-05 9.9807E-05 9.9807E-05 9.9807E-05 9.9807E-05 9.9807E-05 9.9807E-05 0.234014 9.9807E-05 0.0282368 9.9807E-05 0.171724 9.9807E-05 9.9807E-05 0.116795 9.9807E-05
9.97545E-05 9.97545E-05 9.97545E-05 9.97545E-05 9.97545E-05 9.97545E-05 9.97545E-05 9.97545E-05 9.97545E-05 9.97545E-05 0.0242485 9.97545E-05 9.97545E-05 9.97545E-05 9.97545E-05 9.97545E-05 9.97545E-05 9.97545E-05 9.97545E-05 9.97545E-05 9.97545E-05 0.972958 9.97545E-05 9.97545E-05 9.97545E-05 9.97545E-05 9.97545E-05 9.97545E-05 9.97545E-05 9.97545E-05
9.98071E-05 9.98071E-05 9.98071E-05 9.98071E-05 0.283179 0.0849421 9.98071E-05 9.98071E-05 9.98071E-05 9.98071E-05 9.98071E-05 0.000506351 9.98071E-05 9.98071E-05 9.98071E-05 9.98071E-05 9.98071E-05 0.109461 9.98071E-05 9.98071E-05 9.98071E-05 0.183156 9.98071E-05 9.98071E-05 9.98071E-05 0.0507455 9.98071E-05 9.98071E-05 0.117455 0.168359
9.98159E-05 9.98159E-05 9.98159E-05 0.0060709 9.98159E-05 9.98159E-05 0.30082 9.98159E-05 9.98159E-05 9.98159E-05 9.98159E-05 9.98159E-05 9.98159E-05 0.0922337 0.0344672 9.98159E-05 9.98159E-05 9.98159E-05 9.98159E-05 0.0875559 0.0276197 0.305708 9.98159E-05 9.98159E-05 9.98159E-05 9.98159E-05 9.98159E-05 0.0338881 0.10954 9.98159E-05
9.97721E-05 9.97721E-05 9.97721E-05 9.97721E-05 0.685242 9.97721E-05 9.97721E-05 9.97721E-05 9.97721E-05 9.97721E-05 9.97721E-05 0.248543 9.97721E-05 9.97721E-05 9.97721E-05 9.97721E-05 9.97721E-05 0.0318165 9.97721E-05 9.97721E-05 9.97721E-05 9.97721E-05 9.97721E-05 9.97721E-05 9.97721E-05 0.0318047 9.97721E-05 9.97721E-05 9.97721E-05 9.97721E-05
9.97807E-05 9.97807E-05 9.97807E-05 9.97807E-05 9.97807E-05 9.97807E-05 0.301185 9.97807E-05 9.97807E-05 9.97807E-05 9.97807E-05 0.0943345 0.12467 9.97807E-05 9.97807E-05 9.97807E-05 9.97807E-05 9.97807E-05 9.97807E-05 9.97807E-05 9.97807E-05 0.299944 9.97807E-05 9.97807E-05 9.97807E-05 0.177372 9.97807E-05 9.97807E-05 9.97807E-05 9.97807E-05
9.98333E-05 9.98333E-05 9.98333E-05 0.0773892 0.193553 9.98333E-05 0.238644 9.98333E-05 9.98333E-05 0.0665971 0.019607 0.00396548 9.98333E-05 9.98333E-05 9.98333E-05 9.98333E-05 0.127874 9.98333E-05 9.98333E-05 9.98333E-05 0.0315008 0.0157273 9.98333E-05 9.98333E-05 9.98333E-05 0.19331 9.98333E-05 9.98333E-05 0.029935 9.98333E-05
9.97896E-05 9.97896E-05 9.97896E-05 9.97896E-05 9.97896E-05 9.97896E-05 9.97896E-05 9.97896E-05 9.97896E-05 0.114814 9.97896E-05 9.97896E-05 9.97896E-05 9.97896E-05 9.97896E-05 9.97896E-05 0.0371111 0.0178194 9.97896E-05 9.97896E-05 9.97896E-05 0.699498 0.0132525 9.97896E-05 9.97896E-05 0.11511 9.97896E-05 9.97896E-05 9.97896E-05 9.97896E-05
9.97982E-05 9.97982E-05 9.97982E-05 9.97982E-05 9.97982E-05 9.97982E-05 0.254587 9.97982E-05 9.97982E-05 0.237081 9.97982E-05 9.97982E-05 9.97982E-05 9.97982E-05 0.258623 9.97982E-05 9.97982E-05 9.97982E-05 9.97982E-05 9.97982E-05 9.97982E-05 0.0513624 9.97982E-05 9.97982E-05 0.0252966 0.0434812 0.127273 9.97982E-05 9.97982E-05 9.97982E-05
9.97986E-05 9.97986E-05 9.97986E-05 9.97986E-05 0.584111 9.97986E-05 0.10094 0.0272429 9.97986E-05 9.97986E-05 9.97986E-05 9.97986E-05 9.97986E-05 0.00366294 9.97986E-05 9.97986E-05 0.0654407 9.97986E-05 9.97986E-05 9.97986E-05 9.97986E-05 0.147048 0.0692587 9.97986E-05 9.97986E-05 9.97986E-05 9.97986E-05 9.97986E-05 9.97986E-05 9.97986E-05
9.97984E-05 9.97984E-05 9.97984E-05 9.97984E-05 0.593089 9.97984E-05 0.0287818 9.97984E-05 9.97984E-05 9.97984E-05 9.97984E-05 0.0308003 9.97984E-05 9.97984E-05 0.122728 9.97984E-05 9.97984E-05 0.0233756 9.97984E-05 9.97984E-05 0.0308143 9.97984E-05 9.97984E-05 9.97984E-05 9.97984E-05 0.168115 9.97984E-05 9.97984E-05 9.97984E-05 9.97984E-05
9.97808E-05 9.97808E-05 9.97808E-05 9.97808E-05 0.825203 9.97808E-05 9.97808E-05 9.97808E-05 9.97808E-05 9.97808E-05 9.97808E-05 9.97808E-05 9.97808E-05 0.0156677 9.97808E-05 9.97808E-05 0.104668 9.97808E-05 9.97808E-05 9.97808E-05 9.97808E-05 9.97808E-05 9.97808E-05 9.97808E-05 9.97808E-05 0.0165195 9.97808E-05 9.97808E-05 0.035447 9.97808E-05
9.98245E-05 9.98245E-05 0.142335 0.0367427 0.0675181 9.98245E-05 9.98245E-05 9.98245E-05 9.98245E-05 9.98245E-05 9.98245E-05 0.0200919 9.98245E-05 0.0169806 0.00406848 9.98245E-05 9.98245E-05 0.0943969 9.98245E-05 9.98245E-05 9.98245E-05 0.586639 9.98245E-05 9.98245E-05 9.98245E-05 0.0267911 9.98245E-05 9.98245E-05 0.00244004 9.98245E-05
0.049793 9.98247E-05 9.98247E-05 0.0328754 9.98247E-05 9.98247E-05 0.0196369 9.98247E-05 9.98247E-05 0.184928 9.98247E-05 9.98247E-05 9.98247E-05 0.026789 0.00240973 9.98247E-05 9.98247E-05 0.0441709 0.0031162 9.98247E-05 9.98247E-05 0.594179 9.98247E-05 9.98247E-05 9.98247E-05 0.0401055 9.98247E-05 9.98247E-05 9.98247E-05 9.98247E-05
0.17676 9.97981E-05 9.97981E-05 9.97981E-05 9.97981E-05 0.0333499 0.142892 9.97981E-05 9.97981E-05 9.97981E-05 9.97981E-05 9.97981E-05 9.97981E-05 9.97981E-05 9.97981E-05 9.97981E-05 9.97981E-05 0.0921564 9.97981E-05 9.97981E-05 9.97981E-05 0.467755 0.00416048 9.97981E-05 9.97981E-05 0.0806305 9.97981E-05 9.97981E-05 9.97981E-05 9.97981E-05
9.97894E-05 9.97894E-05 9.97894E-05 9.97894E-05 0.627869 0.0636308 0.126392 9.97894E-05 9.97894E-05 9.97894E-05 9.97894E-05 9.97894E-05 9.97894E-05 9.97894E-05 9.97894E-05 9.97894E-05 0.0707453 9.97894E-05 9.97894E-05 9.97894E-05 9.97894E-05 9.97894E-05 9.97894E-05 9.97894E-05 9.97894E-05 0.10299 0.00597781 9.97894E-05 9.97894E-05 9.97894E-05
9.97723E-05 9.97723E-05 9.97723E-05 0.0338193 0.845051 9.97723E-05 9.97723E-05 0.0463768 9.97723E-05 9.97723E-05 0.0721589 9.97723E-05 9.97723E-05 9.97723E-05 9.97723E-05 9.97723E-05 9.97723E-05 9.97723E-05 9.97723E-05 9.97723E-05 9.97723E-05 9.97723E-05 9.97723E-05 9.97723E-05 9.97723E-05 9.97723E-05 9.97723E-05 9.97723E-05 9.97723E-05 9.97723E-05
9.97984E-05 9.97984E-05 0.00563116 9.97984E-05 9.97984E-05 9.97984E-05 0.0402404 9.97984E-05 9.97984E-05 9.97984E-05 9.97984E-05 9.97984E-05 0.0241597 9.97984E-05 0.0993272 9.97984E-05 9.97984E-05 9.97984E-05 9.97984E-05 9.97984E-05 9.97984E-05 0.704278 0.11074 9.97984E-05 9.97984E-05 9.97984E-05 9.97984E-05 9.97984E-05 9.97984E-05 0.0133281
9.9781E-05 9.9781E-05 0.109401 9.9781E-05 0.65017 9.9781E-05 9.9781E-05 9.9781E-05 9.9781E-05 9.9781E-05 9.9781E-05 9.9781E-05 9.9781E-05 0.0772846 9.9781E-05 9.9781E-05 9.9781E-05 9.9781E-05 0.0222662 9.9781E-05 9.9781E-05 0.138384 9.9781E-05 9.9781E-05 9.9781E-05 9.9781E-05 9.9781E-05 9.9781E-05 9.9781E-05 9.9781E-05
9.97809E-05 9.97809E-05 9.97809E-05 9.97809E-05 0.745645 9.97809E-05 9.97809E-05 0.0274233 9.97809E-05 9.97809E-05 0.014377 9.97809E-05 9.97809E-05 9.97809E-05 9.97809E-05 9.97809E-05 9.97809E-05 9.97809E-05 9.97809E-05 9.97809E-05 9.97809E-05 9.97809E-05 9.97809E-05 9.97809E-05 9.97809E-05 0.0327598 9.97809E-05 9.97809E-05 0.177301 9.97809E-05
9.97984E-05 9.97984E-05 9.97984E-05 9.97984E-05 0.621724 0.0177687 9.97984E-05 0.136117 9.97984E-05 9.97984E-05 9.97984E-05 9.97984E-05 9.97984E-05 9.97984E-05 9.97984E-05 0.0617191 9.97984E-05 0.0014941 9.97984E-05 0.0582153 9.97984E-05 9.97984E-05 9.97984E-05 9.97984E-05 9.97984E-05 0.100666 9.97984E-05 9.97984E-05 9.97984E-05 9.97984E-05
9.97983E-05 9.97983E-05 9.97983E-05 9.97983E-05 0.607358 0.01137 0.0108556 9.97983E-05 9.97983E-05 0.188298 9.97983E-05 9.97983E-05 9.97983E-05 0.0505028 9.97983E-05 9.97983E-05 9.97983E-05 9.97983E-05 9.97983E-05 9.97983E-05 9.97983E-05 9.97983E-05 9.97983E-05 9.97983E-05 0.0877208 0.0415992 9.97983E-05 9.97983E-05 9.97983E-05 9.97983E-05
9.97896E-05 9.97896E-05 9.97896E-05 9.97896E-05 9.97896E-05 9.97896E-05 0.0579317 9.97896E-05 9.97896E-05 9.97896E-05 9.97896E-05 9.97896E-05 9.97896E-05 0.0072575 9.97896E-05 9.97896E-05 9.97896E-05 0.0182829 9.97896E-05 9.97896E-05 9.97896E-05 0.872137 9.97896E-05 9.97896E-05 9.97896E-05 0.0354962 9.97896E-05 9.97896E-05 0.00650012 9.97896E-05
9.97896E-05 9.97896E-05 9.97896E-05 9.97896E-05 9.97896E-05 9.97896E-05 0.144381 9.97896E-05 9.97896E-05 9.97896E-05 9.97896E-05 0.0165203 9.97896E-05 9.97896E-05 0.127184 9.97896E-05 9.97896E-05 9.97896E-05 9.97896E-05 9.97896E-05 9.97896E-05 0.577013 9.97896E-05 9.97896E-05 9.97896E-05 0.0331578 9.97896E-05 0.0993486 9.97896E-05 9.97896E-05
0.236753 9.9772E-05 9.9772E-05 9.9772E-05 9.9772E-05 9.9772E-05 9.9772E-05 9.9772E-05 9.9772E-05 9.9772E-05 9.9772E-05 9.9772E-05 9.9772E-05 9.9772E-05 0.039584 0.0056632 9.9772E-05 9.9772E-05 9.9772E-05 9.9772E-05 9.9772E-05 0.715406 9.9772E-05 9.9772E-05 9.9772E-05 9.9772E-05 9.9772E-05 9.9772E-05 9.9772E-05 9.9772E-05
9.97982E-05 9.97982E-05 9.97982E-05 9.97982E-05 0.435925 9.97982E-05 0.113907 9.97982E-05 9.97982E-05 9.97982E-05 9.97982E-05 0.171235 0.0321248 9.97982E-05 9.97982E-05 9.97982E-05 9.97982E-05 0.0203353 9.97982E-05 9.97982E-05 9.97982E-05 9.97982E-05 9.97982E-05 9.97982E-05 9.97982E-05 0.182095 9.97982E-05 9.97982E-05 0.0420832 9.97982E-05
9.97897E-05 9.97897E-05 9.97897E-05 9.97897E-05 0.17358 9.97897E-05 0.422385 9.97897E-05 9.97897E-05 9.97897E-05 9.97897E-05 9.97897E-05 9.97897E-05 0.0944462 9.97897E-05 9.97897E-05 9.97897E-05 9.97897E-05 9.97897E-05 9.97897E-05 9.97897E-05 0.0517863 0.113145 9.97897E-05 9.97897E-05 0.142263 9.97897E-05 9.97897E-05 9.97897E-05 9.97897E-05
9.9772E-05 9.9772E-05 9.9772E-05 9.9772E-05 9.9772E-05 9.9772E-05 9.9772E-05 9.9772E-05 9.9772E-05 9.9772E-05 9.9772E-05 9.9772E-05 9.9772E-05 0.0401183 9.9772E-05 9.9772E-05 9.9772E-05 9.9772E-05 9.9772E-05 9.9772E-05 9.9772E-05 0.890899 0.064321 9.9772E-05 9.9772E-05 0.00206804 9.9772E-05 9.9772E-05 9.9772E-05 9.9772E-05
9.97633E-05 9.97633E-05 9.97633E-05 9.97633E-05 9.97633E-05 9.97633E-05 9.97633E-05 9.97633E-05 9.97633E-05 9.97633E-05 9.97633E-05 9.97633E-05 9.97633E-05 9.97633E-05 9.97633E-05 9.97633E-05 9.97633E-05 9.97633E-05 9.97633E-05 9.97633E-05 9.97633E-05 0.943859 0.0317913 9.97633E-05 9.97633E-05 0.021656 9.97633E-05 9.97633E-05 9.97633E-05 9.97633E-05
9.97458E-05 9.97458E-05 9.97458E-05 9.97458E-05 0.997107 9.97458E-05 9.97458E-05 9.97458E-05 9.97458E-05 9.97458E-05 9.97458E-05 9.97458E-05 9.97458E-05 9.97458E-05 9.97458E-05 9.97458E-05 9.97458E-05 9.97458E-05 9.97458E-05 9.97458E-05 9.97458E-05 9.97458E-05 9.97458E-05 9.97458E-05 9.97458E-05 9.97458E-05 9.97458E-05 9.97458E-05 9.97458E-05 9.97458E-05
9.97808E-05 9.97808E-05 9.97808E-05 9.97808E-05 0.493445 9.97808E-05 0.209046 9.97808E-05 9.97808E-05 9.97808E-05 9.97808E-05 9.97808E-05 9.97808E-05 0.0635039 9.97808E-05 9.97808E-05 9.97808E-05 9.97808E-05 9.97808E-05 9.97808E-05 9.97808E-05 0.165475 9.97808E-05 9.97808E-05 9.97808E-05 0.0660358 9.97808E-05 9.97808E-05 9.97808E-05 9.97808E-05
9.98076E-05 0.0204781 0.0772344 9.98076E-05 0.0269313 9.98076E-05 0.00367687 9.98076E-05 9.98076E-05 9.98076E-05 9.98076E-05 9.98076E-05 9.98076E-05 0.0220277 9.98076E-05 9.98076E-05 0.032819 9.98076E-05 0.137551 9.98076E-05 9.98076E-05 0.677086 9.98076E-05 9.98076E-05 9.98076E-05 9.98076E-05 9.98076E-05 9.98076E-05 9.98076E-05 9.98076E-05
9.98333E-05 9.98333E-05 9.98333E-05 9.98333E-05 0.302231 9.98333E-05 0.159536 9.98333E-05 9.98333E-05 0.144058 9.98333E-05 0.100638 9.98333E-05 9.98333E-05 0.0238654 9.98333E-05 0.00516179 0.0292646 9.98333E-05 9.98333E-05 9.98333E-05 9.98333E-05 9.98333E-05 0.0171673 0.0503972 0.117509 9.98333E-05 9.98333E-05 0.0482742 9.98333E-05
9.97808E-05 9.97808E-05 9.97808E-05 9.97808E-05 9.97808E-05 0.0827365 0.13163 9.97808E-05 9.97808E-05 9.97808E-05 0.022331 9.97808E-05 0.0869259 9.97808E-05 9.97808E-05 9.97808E-05 9.97808E-05 9.97808E-05 9.97808E-05 9.97808E-05 9.97808E-05 0.673883 9.97808E-05 9.97808E-05 9.97808E-05 9.97808E-05 9.97808E-05 9.97808E-05 9.97808E-05 9.97808E-05
9.97809E-05 9.97809E-05 9.97809E-05 0.0247692 0.0627951 9.97809E-05 9.97809E-05 9.97809E-05 9.97809E-05 9.97809E-05 9.97809E-05 9.97809E-05 9.97809E-05 9.97809E-05 9.97809E-05 9.97809E-05 9.97809E-05 9.97809E-05 9.97809E-05 9.97809E-05 9.97809E-05 0.793932 9.97809E-05 9.97809E-05 9.97809E-05 9.97809E-05 0.0494183 0.0665912 9.97809E-05 9.97809E-05
9.98246E-05 9.98246E-05 9.98246E-05 9.98246E-05 0.657608 0.0978575 0.0278994 9.98246E-05 0.0600761 9.98246E-05 9.98246E-05 9.98246E-05 9.98246E-05 9.98246E-05 9.98246E-05 9.98246E-05 9.98246E-05 9.98246E-05 0.0333062 9.98246E-05 0.0101787 9.98246E-05 9.98246E-05 9.98246E-05 0.0209471 0.0692188 9.98246E-05 9.98246E-05 0.0200809 0.000830348
9.97809E-05 9.97809E-05 9.97809E-05 0.10274 0.759393 9.97809E-05 9.97809E-05 9.97809E-05 0.0365737 9.97809E-05 9.97809E-05 9.97809E-05 9.97809E-05 9.97809E-05 9.97809E-05 9.97809E-05 9.97809E-05 9.97809E-05 9.97809E-05 0.0441837 9.97809E-05 9.97809E-05 9.97809E-05 9.97809E-05 9.97809E-05 0.0546145 9.97809E-05 9.97809E-05 9.97809E-05 9.97809E-05
0.231826 9.9772E-05 9.9772E-05 9.9772E-05 9.9772E-05 9.9772E-05 9.9772E-05 9.9772E-05 9.9772E-05 0.0959392 9.9772E-05 9.9772E-05 9.9772E-05 0.0555119 9.9772E-05 9.9772E-05 9.9772E-05 9.9772E-05 9.9772E-05 9.9772E-05 9.9772E-05 0.614129 9.9772E-05 9.9772E-05 9.9772E-05 9.9772E-05 9.9772E-05 9.9772E-05 9.9772E-05 9.9772E-05
9.97807E-05 9.97807E-05 9.97807E-05 9.97807E-05 9.97807E-05 9.97807E-05 9.97807E-05 9.97807E-05 9.97807E-05 9.97807E-05 9.97807E-05 9.97807E-05 9.97807E-05 0.0339577 9.97807E-05 9.97807E-05 9.97807E-05 9.97807E-05 9.97807E-05 9.97807E-05 9.97807E-05 0.841604 9.97807E-05 9.97807E-05 9.97807E-05 0.00989725 0.0425539 0.0694923 9.97807E-05 9.97807E-05
9.9781E-05 9.9781E-05 9.9781E-05 9.9781E-05 0.0098851 9.9781E-05 9.9781E-05 9.9781E-05 9.9781E-05 9.9781E-05 9.9781E-05 9.9781E-05 9.9781E-05 9.9781E-05 9.9781E-05 9.9781E-05 9.9781E-05 0.0205597 9.9781E-05 9.9781E-05 9.9781E-05 0.815505 0.094546 9.9781E-05 9.9781E-05 0.0570098 9.9781E-05 9.9781E-05 9.9781E-05 9.9781E-05
9.97807E-05 0.0581582 9.97807E-05 9.97807E-05 0.845137 9.97807E-05 9.97807E-05 0.0309631 9.97807E-05 9.97807E-05 9.97807E-05 9.97807E-05 9.97807E-05 9.97807E-05 0.0434138 9.97807E-05 9.97807E-05 9.97807E-05 9.97807E-05 9.97807E-05 9.97807E-05 0.0198339 9.97807E-05 9.97807E-05 9.97807E-05 9.97807E-05 9.97807E-05 9.97807E-05 9.97807E-05 9.97807E-05
9.97895E-05 9.97895E-05 9.97895E-05 9.97895E-05 9.97895E-05 9.97895E-05 9.97895E-05 0.0258875 0.00344955 9.97895E-05 9.97895E-05 0.795466 9.97895E-05 9.97895E-05 9.97895E-05 9.97895E-05 9.97895E-05 0.00894243 9.97895E-05 9.97895E-05 9.97895E-05 9.97895E-05 9.97895E-05 9.97895E-05 9.97895E-05 0.127735 9.97895E-05 9.97895E-05 0.0361243 9.97895E-05
9.97455E-05 9.97455E-05 0.997107 9.97455E-05 9.97455E-05 9.97455E-05 9.97455E-05 9.97455E-05 9.97455E-05 9.97455E-05 9.97455E-05 9.97455E-05 9.97455E-05 9.97455E-05 9.97455E-05 9.97455E-05 9.97455E-05 9.97455E-05 9.97455E-05 9.97455E-05 9.97455E-05 9.97455E-05 9.97455E-05 9.97455E-05 9.97455E-05 9.97455E-05 9.97455E-05 9.97455E-05 9.97455E-05 9.97455E-05
0.086685 9.97718E-05 0.626507 9.97718E-05 9.97718E-05 9.97718E-05 9.97718E-05 9.97718E-05 9.97718E-05 9.97718E-05 9.97718E-05 0.206758 9.97718E-05 9.97718E-05 9.97718E-05 9.97718E-05 9.97718E-05 9.97718E-05 9.97718E-05 9.97718E-05 9.97718E-05 9.97718E-05 9.97718E-05 9.97718E-05 9.97718E-05 9.97718E-05 0.077456 9.97718E-05 9.97718E-05 9.97718E-05
9.97808E-05 9.97808E-05 9.97808E-05 9.97808E-05 9.97808E-05 9.97808E-05 9.97808E-05 0.198147 9.97808E-05 0.233755 9.97808E-05 0.504149 9.97808E-05 9.97808E-05 9.97808E-05 9.97808E-05 9.97808E-05 9.97808E-05 0.0194397 9.97808E-05 9.97808E-05 9.97808E-05 9.97808E-05 9.97808E-05 9.97808E-05 9.97808E-05 9.97808E-05 9.97808E-05 0.0420154 9.97808E-05
9.98068E-05 9.98068E-05 9.98068E-05 0.0155942 9.98068E-05 9.98068E-05 0.0550674 9.98068E-05 9.98068E-05 9.98068E-05 0.0385432 0.619528 9.98068E-05 0.0863473 9.98068E-05 9.98068E-05 9.98068E-05 0.0229911 9.98068E-05 0.0767864 9.98068E-05 9.98068E-05 9.98068E-05 9.98068E-05 9.98068E-05 9.98068E-05 9.98068E-05 9.98068E-05 0.0829472 9.98068E-05
9.97803E-05 9.97803E-05 9.97803E-05 9.97803E-05 9.97803E-05 9.97803E-05 9.97803E-05 9.97803E-05 0.0152834 9.97803E-05 9.97803E-05 0.866797 9.97803E-05 9.97803E-05 9.97803E-05 9.97803E-05 9.97803E-05 0.0262179 9.97803E-05 9.97803E-05 9.97803E-05 9.97803E-05 9.97803E-05 9.97803E-05 9.97803E-05 0.0792145 9.97803E-05 9.97803E-05 0.00999305 9.97803E-05
9.97892E-05 9.97892E-05 9.97892E-05 9.97892E-05 9.97892E-05 9.97892E-05 9.97892E-05 0.170171 9.97892E-05 9.97892E-05 9.97892E-05 0.623158 9.97892E-05 9.97892E-05 0.023247 9.97892E-05 9.97892E-05 9.97892E-05 9.97892E-05 9.97892E-05 9.97892E-05 9.97892E-05 9.97892E-05 9.97892E-05 9.97892E-05 0.0840372 9.97892E-05 0.0665743 9.97892E-05 0.0304177
9.97892E-05 9.97892E-05 9.97892E-05 9.97892E-05 9.97892E-05 9.97892E-05 9.97892E-05 9.97892E-05 9.97892E-05 9.97892E-05 9.97892E-05 0.738685 9.97892E-05 9.97892E-05 9.97892E-05 9.97892E-05 9.97892E-05 9.97892E-05 0.000530387 9.97892E-05 9.97892E-05 9.97892E-05 9.97892E-05 9.97892E-05 9.97892E-05 0.00443446 0.118075 0.118198 0.0176825 9.97892E-05
0.336146 9.97543E-05 9.97543E-05 9.97543E-05 9.97543E-05 9.97543E-05 9.97543E-05 9.97543E-05 9.97543E-05 9.97543E-05 9.97543E-05 0.66106 9.97543E-05 9.97543E-05 9.97543E-05 9.97543E-05 9.97543E-05 9.97543E-05 9.97543E-05 9.97543E-05 9.97543E-05 9.97543E-05 9.97543E-05 9.97543E-05 9.97543E-05 9.97543E-05 9.97543E-05 9.97543E-05 9.97543E-05 9.97543E-05
9.9772E-05 9.9772E-05 0.0517555 9.9772E-05 9.9772E-05 9.9772E-05 9.9772E-05 9.9772E-05 9.9772E-05 9.9772E-05 9.9772E-05 0.869694 9.9772E-05 9.9772E-05 9.9772E-05 9.9772E-05 9.9772E-05 0.0508517 9.9772E-05 9.9772E-05 9.9772E-05 9.9772E-05 9.9772E-05 9.9772E-05 9.9772E-05 9.9772E-05 9.9772E-05 9.9772E-05 0.0251047 9.9772E-05
9.97893E-05 9.97893E-05 9.97893E-05 9.97893E-05 9.97893E-05 9.97893E-05 9.97893E-05 9.97893E-05 9.97893E-05 9.97893E-05 9.97893E-05 0.467574 9.97893E-05 9.97893E-05 9.97893E-05 9.97893E-05 9.97893E-05 0.181256 9.97893E-05 9.97893E-05 9.97893E-05 9.97893E-05 0.0164168 0.00876141 9.97893E-05 0.282057 9.97893E-05 9.97893E-05 0.0415393 9.97893E-05
9.98419E-05 9.98419E-05 9.98419E-05 0.0177055 9.98419E-05 0.0891287 0.15162 0.0831508 0.0497093 9.98419E-05 9.98419E-05 0.370014 9.98419E-05 0.0257594 9.98419E-05 9.98419E-05 9.98419E-05 0.0334097 0.000119866 9.98419E-05 9.98419E-05 9.98419E-05 9.98419E-05 0.0404418 9.98419E-05 0.126512 9.98419E-05 9.98419E-05 0.0106323 9.98419E-05
9.98332E-05 9.98332E-05 9.98332E-05 9.98332E-05 9.98332E-05 0.140891 9.98332E-05 0.025868 9.98332E-05 0.00609313 0.00941729 0.627902 9.98332E-05 9.98332E-05 9.98332E-05 9.98332E-05 9.98332E-05 0.00422439 9.98332E-05 0.0475077 9.98332E-05 9.98332E-05 9.98332E-05 0.0421499 0.0119135 9.98332E-05 9.98332E-05 9.98332E-05 0.0714074 0.010728
9.97806E-05 9.97806E-05 9.97806E-05 9.97806E-05 9.97806E-05 9.97806E-05 0.0864014 9.97806E-05 9.97806E-05 9.97806E-05 9.97806E-05 0.606831 9.97806E-05 0.0526854 9.97806E-05 9.97806E-05 9.97806E-05 9.97806E-05 9.97806E-05 9.97806E-05 9.97806E-05 9.97806E-05 9.97806E-05 9.97806E-05 9.97806E-05 0.157417 9.97806E-05 0.0941711 9.97806E-05 9.97806E-05
0.252482 9.97637E-05 9.97637E-05 9.97637E-05 9.97637E-05 9.97637E-05 9.97637E-05 9.97637E-05 9.97637E-05 9.97637E-05 9.97637E-05 0.70049 9.97637E-05 9.97637E-05 9.97637E-05 9.97637E-05 9.97637E-05 9.97637E-05 9.97637E-05 9.97637E-05 9.97637E-05 9.97637E-05 9.97637E-05 9.97637E-05 0.0443345 9.97637E-05 9.97637E-05 9.97637E-05 9.97637E-05 9.97637E-05
9.97809E-05 9.97809E-05 0.0866427 9.97809E-05 9.97809E-05 9.97809E-05 9.97809E-05 9.97809E-05 9.97809E-05 9.97809E-05 9.97809E-05 0.882285 9.97809E-05 9.97809E-05 9.97809E-05 0.0246083 9.97809E-05 0.00371358 9.97809E-05 9.97809E-05 9.97809E-05 9.97809E-05 9.97809E-05 9.97809E-05 9.97809E-05 9.97809E-05 9.97809E-05 9.97809E-05 0.000256153 9.97809E-05
9.97718E-05 0.107624 9.97718E-05 9.97718E-05 9.97718E-05 9.97718E-05 9.97718E-05 9.97718E-05 9.97718E-05 9.97718E-05 9.97718E-05 0.784094 9.97718E-05 0.0566291 9.97718E-05 9.97718E-05 9.97718E-05 9.97718E-05 9.97718E-05 9.97718E-05 9.97718E-05 9.97718E-05 9.97718E-05 9.97718E-05 9.97718E-05 9.97718E-05 9.97718E-05 0.0490585 9.97718E-05 9.97718E-05
9.97894E-05 9.97894E-05 9.97894E-05 9.97894E-05 9.97894E-05 9.97894E-05 0.00473835 9.97894E-05 9.97894E-05 9.97894E-05 9.97894E-05 0.837881 9.97894E-05 0.0223424 9.97894E-05 9.97894E-05 9.97894E-05 0.0540601 9.97894E-05 9.97894E-05 9.97894E-05 9.97894E-05 0.0716452 0.00693767 9.97894E-05 9.97894E-05 9.97894E-05 9.97894E-05 9.97894E-05 9.97894E-05
9.97633E-05 9.97633E-05 9.97633E-05 9.97633E-05 9.97633E-05 9.97633E-05 9.97633E-05 9.97633E-05 9.97633E-05 9.97633E-05 9.97633E-05 0.930687 9.97633E-05 9.97633E-05 9.97633E-05 9.97633E-05 9.97633E-05 9.97633E-05 9.97633E-05 9.97633E-05 9.97633E-05 9.97633E-05 9.97633E-05 9.97633E-05 9.97633E-05 0.0110799 0.0555396 9.97633E-05 9.97633E-05 9.97633E-05
9.97716E-05 9.97716E-05 9.97716E-05 9.97716E-05 9.97716E-05 9.97716E-05 9.97716E-05 9.97716E-05 9.97716E-05 9.97716E-05 9.97716E-05 0.63904 9.97716E-05 9.97716E-05 0.0194005 9.97716E-05 9.97716E-05 9.97716E-05 9.97716E-05 9.97716E-05 9.97716E-05 9.97716E-05 9.97716E-05 9.97716E-05 0.15101 0.187956 9.97716E-05 9.97716E-05 9.97716E-05 9.97716E-05
0.907866 9.9763E-05 0.0752613 9.9763E-05 9.9763E-05 9.9763E-05 9.9763E-05 9.9763E-05 9.9763E-05 9.9763E-05 9.9763E-05 0.0141787 9.9763E-05 9.9763E-05 9.9763E-05 9.9763E-05 9.9763E-05 9.9763E-05 9.9763E-05 9.9763E-05 9.9763E-05 9.9763E-05 9.9763E-05 9.9763E-05 9.9763E-05 9.9763E-05 9.9763E-05 9.9763E-05 9.9763E-05 9.9763E-05
9.97805E-05 9.97805E-05 9.97805E-05 9.97805E-05 9.97805E-05 9.97805E-05 0.187055 9.97805E-05 9.97805E-05 9.97805E-05 9.97805E-05 0.649277 9.97805E-05 9.97805E-05 9.97805E-05 9.97805E-05 9.97805E-05 9.97805E-05 0.0235537 9.97805E-05 9.97805E-05 9.97805E-05 9.97805E-05 9.97805E-05 9.97805E-05 0.0679079 9.97805E-05 0.0697117 9.97805E-05 9.97805E-05
9.97809E-05 9.97809E-05 9.97809E-05 9.97809E-05 9.97809E-05 9.97809E-05 9.97809E-05 0.0282442 0.00745112 0.140347 9.97809E-05 0.81389 9.97809E-05 9.97809E-05 9.97809E-05 9.97809E-05 9.97809E-05 9.97809E-05 9.97809E-05 9.97809E-05 9.97809E-05 9.97809E-05 9.97809E-05 9.97809E-05 9.97809E-05 0.00757265 9.97809E-05 9.97809E-05 9.97809E-05 9.97809E-05
9.98069E-05 0.0654679 0.200462 9.98069E-05 9.98069E-05 9.98069E-05 9.98069E-05 9.98069E-05 9.98069E-05 9.98069E-05 9.98069E-05 0.448251 0.0243035 0.145909 9.98069E-05 9.98069E-05 9.98069E-05 9.98069E-05 9.98069E-05 9.98069E-05 9.98069E-05 9.98069E-05 9.98069E-05 9.98069E-05 9.98069E-05 9.98069E-05 0.0538728 0.00349817 0.0560405 9.98069E-05
9.97717E-05 9.97717E-05 0.0837672 9.97717E-05 9.97717E-05 9.97717E-05 9.97717E-05 9.97717E-05 9.97717E-05 9.97717E-05 9.97717E-05 0.68416 9.97717E-05 9.97717E-05 9.97717E-05 9.97717E-05 9.97717E-05 0.112741 9.97717E-05 9.97717E-05 9.97717E-05 9.97717E-05 9.97717E-05 0.116738 9.97717E-05 9.97717E-05 9.97717E-05 9.97717E-05 9.97717E-05 9.97717E-05
9.97633E-05 9.97633E-05 0.962498 9.97633E-05 9.97633E-05 9.97633E-05 9.97633E-05 9.97633E-05 9.97633E-05 9.97633E-05 9.97633E-05 9.97633E-05 9.97633E-05 9.97633E-05 9.97633E-05 9.97633E-05 9.97633E-05 9.97633E-05 9.97633E-05 9.97633E-05 9.97633E-05 9.97633E-05 9.97633E-05 9.97633E-05 9.97633E-05 0.0274653 9.97633E-05 9.97633E-05 0.00734318 9.97633E-05
0.033923 9.97548E-05 9.97548E-05 9.97548E-05 9.97548E-05 9.97548E-05 9.97548E-05 9.97548E-05 9.97548E-05 9.97548E-05 9.97548E-05 0.963284 9.97548E-05 9.97548E-05 9.97548E-05 9.97548E-05 9.97548E-05 9.97548E-05 9.97548E-05 9.97548E-05 9.97548E-05 9.97548E-05 9.97548E-05 9.97548E-05 9.97548E-05 9.97548E-05 9.97548E-05 9.97548E-05 9.97548E-05 9.97548E-05
9.97454E-05 9.97454E-05 0.997107 9.97454E-05 9.97454E-05 9.97454E-05 9.97454E-05 9.97454E-05 9.97454E-05 9.97454E-05 9.97454E-05 9.97454E-05 9.97454E-05 9.97454E-05 9.97454E-05 9.97454E-05 9.97454E-05 9.97454E-05 9.97454E-05 9.97454E-05 9.97454E-05 9.97454E-05 9.97454E-05 9.97454E-05 9.97454E-05 9.97454E-05 9.97454E-05 9.97454E-05 9.97454E-05 9.97454E-05
9.97546E-05 9.97546E-05 9.97546E-05 9.97546E-05 9.97546E-05 9.97546E-05 9.97546E-05 9.97546E-05 9.97546E-05 9.97546E-05 9.97546E-05 0.947509 9.97546E-05 9.97546E-05 9.97546E-05 9.97546E-05 9.97546E-05 9.97546E-05 9.97546E-05 9.97546E-05 9.97546E-05 9.97546E-05 9.97546E-05 9.97546E-05 9.97546E-05 9.97546E-05 0.0496978 9.97546E-05 9.97546E-05 9.97546E-05
0.918868 9.97627E-05 9.97627E-05 9.97627E-05 9.97627E-05 9.97627E-05 9.97627E-05 9.97627E-05 9.97627E-05 9.97627E-05 9.97627E-05 9.97627E-05 9.97627E-05 9.97627E-05 9.97627E-05 9.97627E-05 9.97627E-05 9.97627E-05 9.97627E-05 9.97627E-05 9.97627E-05 9.97627E-05 9.97627E-05 9.97627E-05 9.97627E-05 0.0551334 9.97627E-05 9.97627E-05 0.0233051 9.97627E-05
9.97633E-05 9.97633E-05 9.97633E-05 9.97633E-05 9.97633E-05 9.97633E-05 9.97633E-05 9.97633E-05 9.97633E-05 0.81718 9.97633E-05 9.97633E-05 9.97633E-05 9.97633E-05 9.97633E-05 9.97633E-05 9.97633E-05 9.97633E-05 9.97633E-05 9.97633E-05 9.97633E-05 9.97633E-05 9.97633E-05 9.97633E-05 9.97633E-05 0.0883312 9.97633E-05 9.97633E-05 0.0917949 9.97633E-05
9.97453E-05 9.97453E-05 9.97453E-05 9.97453E-05 9.97453E-05 9.97453E-05 9.97453E-05 9.97453E-05 9.97453E-05 9.97453E-05 9.97453E-05 9.97453E-05 9.97453E-05 9.97453E-05 9.97453E-05 9.97453E-05 9.97453E-05 9.97453E-05 9.97453E-05 9.97453E-05 0.997107 9.97453E-05 9.97453E-05 9.97453E-05 9.97453E-05 9.97453E-05 9.97453E-05 9.97453E-05 9.97453E-05 9.97453E-05
9.97806E-05 9.97806E-05 9.97806E-05 9.97806E-05 9.97806E-05 9.97806E-05 9.97806E-05 9.97806E-05 9.97806E-05 0.700992 9.97806E-05 9.97806E-05 9.97806E-05 9.97806E-05 9.97806E-05 9.97806E-05 0.250164 9.97806E-05 9.97806E-05 0.0394068 9.97806E-05 9.97806E-05 9.97806E-05 9.97806E-05 9.97806E-05 0.00216505 9.97806E-05 0.00477822 9.97806E-05 9.97806E-05
9.97893E-05 9.97893E-05 9.97893E-05 9.97893E-05 9.97893E-05 9.97893E-05 9.97893E-05 9.97893E-05 9.97893E-05 0.595208 9.97893E-05 9.97893E-05 9.97893E-05 9.97893E-05 9.97893E-05 9.97893E-05 0.184411 0.0126276 9.97893E-05 9.97893E-05 9.97893E-05 9.97893E-05 9.97893E-05 9.97893E-05 9.97893E-05 0.0969398 0.0153326 0.0930858 9.97893E-05 9.97893E-05
9.97717E-05 9.97717E-05 9.97717E-05 9.97717E-05 9.97717E-05 9.97717E-05 9.97717E-05 9.97717E-05 9.97717E-05 0.83721 9.97717E-05 9.97717E-05 0.0563075 9.97717E-05 9.97717E-05 9.97717E-05 9.97717E-05 9.97717E-05 9.97717E-05 9.97717E-05 9.97717E-05 9.97717E-05 9.97717E-05 0.00372954 9.97717E-05 9.97717E-05 9.97717E-05 9.97717E-05 0.100159 9.97717E-05
9.97895E-05 9.97895E-05 9.97895E-05 9.97895E-05 9.97895E-05 9.97895E-05 9.97895E-05 9.97895E-05 9.97895E-05 0.493442 9.97895E-05 9.97895E-05 9.97895E-05 9.97895E-05 9.97895E-05 0.0324417 9.97895E-05 9.97895E-05 9.97895E-05 9.97895E-05 9.97895E-05 9.97895E-05 0.0585345 9.97895E-05 9.97895E-05 0.0650254 9.97895E-05 0.209166 0.138995 9.97895E-05
9.98071E-05 9.98071E-05 9.98071E-05 9.98071E-05 9.98071E-05 9.98071E-05 0.00483596 9.98071E-05 9.98071E-05 0.508656 9.98071E-05 9.98071E-05 9.98071E-05 9.98071E-05 9.98071E-05 9.98071E-05 0.208237 9.98071E-05 9.98071E-05 0.0533964 9.98071E-05 9.98071E-05 9.98071E-05 9.98071E-05 0.00836031 0.0475258 0.0528669 9.98071E-05 0.113926 9.98071E-05
9.97718E-05 9.97718E-05 9.97718E-05 9.97718E-05 9.97718E-05 9.97718E-05 9.97718E-05 9.97718E-05 9.97718E-05 0.381899 9.97718E-05 9.97718E-05 9.97718E-05 9.97718E-05 9.97718E-05 9.97718E-05 0.39292 9.97718E-05 9.97718E-05 9.97718E-05 9.97718E-05 9.97718E-05 9.97718E-05 9.97718E-05 9.97718E-05 9.97718E-05 9.97718E-05 0.0396419 0.182945 9.97718E-05
9.98156E-05 9.98156E-05 9.98156E-05 9.98156E-05 9.98156E-05 9.98156E-05 0.00717207 0.183773 9.98156E-05 0.194526 9.98156E-05 9.98156E-05 9.98156E-05 9.98156E-05 0.0898919 9.98156E-05 0.110363 0.0359664 9.98156E-05 9.98156E-05 9.98156E-05 9.98156E-05 9.98156E-05 0.0517413 9.98156E-05 9.98156E-05 9.98156E-05 0.0797598 0.24471 9.98156E-05
9.97807E-05 9.97807E-05 9.97807E-05 0.0705339 9.97807E-05 9.97807E-05 9.97807E-05 9.97807E-05 9.97807E-05 0.54296 9.97807E-05 9.97807E-05 9.97807E-05 9.97807E-05 9.97807E-05 9.97807E-05 9.97807E-05 9.97807E-05 9.97807E-05 9.97807E-05 9.97807E-05 9.97807E-05 9.97807E-05 0.041095 9.97807E-05 0.197615 9.97807E-05 9.97807E-05 0.145301 9.97807E-05
9.97808E-05 9.97808E-05 9.97808E-05 9.97808E-05 9.97808E-05 9.97808E-05 9.97808E-05 0.195428 9.97808E-05 0.300491 9.97808E-05 9.97808E-05 9.97808E-05 9.97808E-05 9.97808E-05 0.226063 0.186402 9.97808E-05 9.97808E-05 9.97808E-05 9.97808E-05 9.97808E-05 9.97808E-05 9.97808E-05 9.97808E-05 9.97808E-05 9.97808E-05 0.0891209 9.97808E-05 9.97808E-05
9.97894E-05 9.97894E-05 9.97894E-05 9.97894E-05 9.97894E-05 9.97894E-05 9.97894E-05 0.0997167 9.97894E-05 0.0698965 9.97894E-05 9.97894E-05 9.97894E-05 9.97894E-05 9.97894E-05 0.0441777 0.731398 0.0189094 9.97894E-05 9.97894E-05 9.97894E-05 9.97894E-05 9.97894E-05 9.97894E-05 9.97894E-05 0.0335067 9.97894E-05 9.97894E-05 9.97894E-05 9.97894E-05
9.97634E-05 9.97634E-05 9.97634E-05 9.97634E-05 9.97634E-05 9.97634E-05 9.97634E-05 9.97634E-05 9.97634E-05 0.83821 9.97634E-05 9.97634E-05 9.97634E-05 9.97634E-05 9.97634E-05 9.97634E-05 9.97634E-05 9.97634E-05 9.97634E-05 9.97634E-05 0.0497613 9.97634E-05 9.97634E-05 9.97634E-05 9.97634E-05 9.97634E-05 9.97634E-05 9.97634E-05 0.109335 9.97634E-05
9.97809E-05 9.97809E-05 9.97809E-05 9.97809E-05 9.97809E-05 9.97809E-05 9.97809E-05 9.97809E-05 9.97809E-05 0.232513 9.97809E-05 9.97809E-05 9.97809E-05 9.97809E-05 9.97809E-05 0.000843758 0.462715 9.97809E-05 9.97809E-05 9.97809E-05 9.97809E-05 9.97809E-05 9.97809E-05 9.97809E-05 9.97809E-05 0.189699 9.97809E-05 9.97809E-05 0.111735 9.97809E-05
9.97982E-05 9.97982E-05 9.97982E-05 9.97982E-05 9.97982E-05 0.00548394 9.97982E-05 9.97982E-05 9.97982E-05 0.506793 9.97982E-05 9.97982E-05 9.97982E-05 9.97982E-05 9.97982E-05 0.0366204 0.246365 9.97982E-05 9.97982E-05 9.97982E-05 9.97982E-05 9.97982E-05 9.97982E-05 0.0568219 9.97982E-05 9.97982E-05 0.107324 9.97982E-05 0.0382962 9.97982E-05
9.97808E-05 0.0433916 9.97808E-05 9.97808E-05 9.97808E-05 9.97808E-05 9.97808E-05 9.97808E-05 9.97808E-05 0.598598 9.97808E-05 9.97808E-05 9.97808E-05 9.97808E-05 0.107181 9.97808E-05 9.97808E-05 9.97808E-05 9.97808E-05 9.97808E-05 9.97808E-05 9.97808E-05 9.97808E-05 9.97808E-05 9.97808E-05 0.0658351 9.97808E-05 0.1825 9.97808E-05 9.97808E-05
9.97895E-05 9.97895E-05 9.97895E-05 9.97895E-05 9.97895E-05 9.97895E-05 9.97895E-05 0.209471 9.97895E-05 0.582139 0.0424166 9.97895E-05 9.97895E-05 9.97895E-05 9.97895E-05 0.0451977 0.065026 9.97895E-05 9.97895E-05 9.97895E-05 9.97895E-05 9.97895E-05 9.97895E-05 9.97895E-05 9.97895E-05 0.0533548 9.97895E-05 9.97895E-05 9.97895E-05 9.97895E-05
9.98072E-05 9.98072E-05 9.98072E-05 0.0129549 9.98072E-05 9.98072E-05 0.043993 9.98072E-05 9.98072E-05 0.381114 9.98072E-05 9.98072E-05 9.98072E-05 9.98072E-05 9.98072E-05 9.98072E-05 0.343491 0.0468739 0.020023 0.027293 9.98072E-05 9.98072E-05 9.98072E-05 9.98072E-05 9.98072E-05 9.98072E-05 9.98072E-05 9.98072E-05 0.122061 9.98072E-05
9.97722E-05 9.97722E-05 9.97722E-05 9.97722E-05 9.97722E-05 9.97722E-05 9.97722E-05 9.97722E-05 9.97722E-05 0.871573 9.97722E-05 9.97722E-05 9.97722E-05 9.97722E-05 9.97722E-05 0.00266551 9.97722E-05 0.0331384 9.97722E-05 9.97722E-05 9.97722E-05 9.97722E-05 9.97722E-05 9.97722E-05 9.97722E-05 9.97722E-05 9.97722E-05 0.0900286 9.97722E-05 9.97722E-05
9.98159E-05 9.98159E-05 9.98159E-05 9.98159E-05 9.98159E-05 0.0661622 9.98159E-05 9.98159E-05 0.0118211 0.397062 0.00550338 0.0892235 9.98159E-05 9.98159E-05 0.0685254 0.194744 9.98159E-05 9.98159E-05 9.98159E-05 9.98159E-05 9.98159E-05 9.98159E-05 9.98159E-05 9.98159E-05 9.98159E-05 0.0727871 9.98159E-05 9.98159E-05 0.0920752 9.98159E-05
9.97634E-05 9.97634E-05 9.97634E-05 9.97634E-05 9.97634E-05 9.97634E-05 9.97634E-05 0.16721 9.97634E-05 0.810108 9.97634E-05 9.97634E-05 9.97634E-05 9.97634E-05 9.97634E-05 9.97634E-05 9.97634E-05 9.97634E-05 9.97634E-05 9.97634E-05 9.97634E-05 9.97634E-05 9.97634E-05 9.97634E-05 9.97634E-05 0.0199889 9.97634E-05 9.97634E-05 9.97634E-05 9.97634E-05
9.97633E-05 9.97633E-05 9.97633E-05 9.97633E-05 9.97633E-05 9.97633E-05 9.97633E-05 9.97633E-05 9.97633E-05 0.945864 9.97633E-05 9.97633E-05 9.97633E-05 9.97633E-05 9.97633E-05 9.97633E-05 9.97633E-05 9.97633E-05 9.97633E-05 9.97633E-05 9.97633E-05 9.97633E-05 9.97633E-05 0.0417657 9.97633E-05 0.00967711 9.97633E-05 9.97633E-05 9.97633E-05 9.97633E-05
9.97981E-05 9.97981E-05 9.97981E-05 9.97981E-05 9.97981E-05 9.97981E-05 9.97981E-05 0.0242925 9.97981E-05 0.387019 9.97981E-05 9.97981E-05 9.97981E-05 9.97981E-05 9.97981E-05 9.97981E-05 0.0519843 9.97981E-05 9.97981E-05 9.97981E-05 9.97981E-05 9.97981E-05 9.97981E-05 9.97981E-05 9.97981E-05 0.170395 9.97981E-05 0.0272417 0.240449 0.0963229
9.9772E-05 9.9772E-05 9.9772E-05 0.0606746 9.9772E-05 9.9772E-05 9.9772E-05 9.9772E-05 9.9772E-05 0.680014 9.9772E-05 9.9772E-05 9.9772E-05 9.9772E-05 9.9772E-05 9.9772E-05 9.9772E-05 9.9772E-05 9.9772E-05 9.9772E-05 0.212093 9.9772E-05 9.9772E-05 9.9772E-05 9.9772E-05 9.9772E-05 9.9772E-05 9.9772E-05 0.0446244 9.9772E-05
9.9807E-05 9.9807E-05 9.9807E-05 9.9807E-05 9.9807E-05 9.9807E-05 9.9807E-05 0.0484578 9.9807E-05 0.34576 0.0367473 9.9807E-05 9.9807E-05 9.9807E-05 9.9807E-05 9.9807E-05 0.103486 9.9807E-05 9.9807E-05 9.9807E-05 9.9807E-05 9.9807E-05 9.9807E-05 9.9807E-05 0.0062252 0.243829 9.9807E-05 9.9807E-05 0.199423 0.013876
9.98069E-05 9.98069E-05 9.98069E-05 9.98069E-05 9.98069E-05 9.98069E-05 9.98069E-05 0.0522986 9.98069E-05 9.98069E-05 9.98069E-05 0.0461162 9.98069E-05 9.98069E-05 9.98069E-05 9.98069E-05 0.0838795 9.98069E-05 9.98069E-05 9.98069E-05 0.560041 9.98069E-05 9.98069E-05 0.00913738 9.98069E-05 0.113608 9.98069E-05 0.0299072 0.102816 9.98069E-05
9.97896E-05 9.97896E-05 9.97896E-05 9.97896E-05 0.00573384 9.97896E-05 9.97896E-05 9.97896E-05 0.00220855 9.97896E-05 9.97896E-05 9.97896E-05 0.122237 9.97896E-05 9.97896E-05 0.623584 0.135631 9.97896E-05 9.97896E-05 9.97896E-05 9.97896E-05 9.97896E-05 9.97896E-05 9.97896E-05 9.97896E-05 0.108211 9.97896E-05 9.97896E-05 9.97896E-05 9.97896E-05
