0.190999 9.99824E-05 0.0304437 0.227151 9.99824E-05 0.551207
0.0220794 9.99824E-05 0.0144421 0.0737917 9.99824E-05 0.889487
9.996E-05 9.996E-05 9.996E-05 9.996E-05 9.996E-05 0.9995
0.054423 0.071279 0.0922308 0.127153 0.320777 0.334137
9.99736E-05 0.0312478 9.99736E-05 9.99736E-05 0.118306 0.850146
0.0282828 0.0543092 9.99912E-05 0.305524 0.301407 0.310377
0.0733145 9.99824E-05 9.99824E-05 0.21551 0.335088 0.375887
0.0870595 9.998E-05 9.998E-05 0.239287 0.413951 0.259502
9.99737E-05 9.99737E-05 0.127308 0.640279 9.99737E-05 0.232113
9.99649E-05 9.99649E-05 0.0057995 9.99649E-05 9.99649E-05 0.993801
0.142221 9.99824E-05 0.0334519 0.23146 9.99824E-05 0.592667
0.0467351 9.99824E-05 0.0454262 9.99824E-05 0.0467218 0.860917
0.0186875 0.0121229 9.99912E-05 0.0937017 0.0268022 0.848586
0.173307 0.155451 9.99825E-05 9.99825E-05 0.0474822 0.62356
9.99912E-05 0.0799014 0.109412 0.365822 0.00994447 0.43482
9.99736E-05 9.99736E-05 9.99736E-05 0.367757 0.293343 0.338601
0.0842308 0.0692393 9.99912E-05 0.144541 0.0596502 0.642239
0.187672 9.99824E-05 0.161287 0.285214 9.99824E-05 0.365627
0.045807 9.99824E-05 9.99824E-05 0.342239 0.153409 0.458346
9.99649E-05 9.99649E-05 0.019105 9.99649E-05 9.99649E-05 0.980495
0.0587084 9.99912E-05 0.0778905 0.1307 0.168695 0.563906
9.99737E-05 9.99737E-05 9.99737E-05 0.335117 0.344489 0.320093
0.0881218 9.99737E-05 9.99737E-05 0.199994 9.99737E-05 0.711584
0.00211347 9.99824E-05 9.99824E-05 0.301113 0.180776 0.515798
9.999E-05 0.164439 0.101301 0.320905 0.0946661 0.318589
9.99824E-05 0.0173956 9.99824E-05 0.0573178 0.142669 0.782417
0.157377 0.198247 9.99912E-05 0.211337 0.26916 0.16378
9.99824E-05 0.022672 9.99824E-05 0.00678262 0.100486 0.86986
9.99824E-05 0.0422662 0.06742 0.117777 9.99824E-05 0.772337
0.0730973 0.0497439 9.99824E-05 0.0710795 9.99824E-05 0.805879
0.155372 9.99824E-05 0.0568644 0.105503 9.99824E-05 0.682061
0.11831 0.243873 0.00959216 9.99912E-05 0.03404 0.594085
0.133933 0.0447604 0.00726131 0.097736 9.99912E-05 0.716209
0.0651729 0.250042 9.99824E-05 9.99824E-05 0.100479 0.584105
0.0394415 9.99824E-05 0.0664848 0.0637942 9.99824E-05 0.83008
0.0382663 9.99912E-05 0.00464252 0.134432 0.079878 0.742682
0.0277666 9.99825E-05 0.0320492 9.99825E-05 0.0373589 0.902625
9.99737E-05 9.99737E-05 0.0816756 0.301363 9.99737E-05 0.616661
9.99912E-05 0.134651 0.0282453 0.141947 0.0722769 0.62278
9.99824E-05 0.253166 9.99824E-05 0.00756179 0.150395 0.588677
0.00260452 9.99824E-05 9.99824E-05 0.125703 0.0542385 0.817254
0.0413251 9.99824E-05 9.99824E-05 0.225647 0.0112902 0.721538
9.99737E-05 0.113049 9.99737E-05 9.99737E-05 0.041472 0.845179
0.0884585 9.99737E-05 9.99737E-05 0.436754 9.99737E-05 0.474488
9.99824E-05 9.99824E-05 0.0422667 0.213724 0.332464 0.411345
9.99736E-05 9.99736E-05 0.103854 0.0157811 9.99736E-05 0.880065
0.0499484 9.99737E-05 9.99737E-05 0.140208 9.99737E-05 0.809544
0.0219889 9.99649E-05 9.99649E-05 9.99649E-05 9.99649E-05 0.977611
0.0429733 0.0404449 9.99912E-05 0.0414824 0.141401 0.733598
0.164198 9.99825E-05 0.0226525 9.99825E-05 0.0413871 0.771562
0.132444 0.116891 0.0323201 0.281462 0.0692391 0.367645
9.99737E-05 9.99737E-05 0.0367186 9.99737E-05 0.271882 0.691099
9.99649E-05 9.99649E-05 9.99649E-05 0.0204285 9.99649E-05 0.979172
0.263763 9.99825E-05 0.0301166 9.99825E-05 0.112998 0.592923
9.99824E-05 9.99824E-05 0.0230644 0.027901 0.0824736 0.866361
0.00984205 0.15428 0.07915 9.99824E-05 9.99824E-05 0.756528
0.062631 9.99824E-05 9.99824E-05 0.103174 0.0706204 0.763375
0.0932502 9.99649E-05 9.99649E-05 9.99649E-05 9.99649E-05 0.90635
9.99736E-05 9.99736E-05 9.99736E-05 0.0337866 0.0711568 0.894757
0.258314 0.0578484 9.99824E-05 0.537247 9.99824E-05 0.14639
0.0108706 9.99825E-05 9.99825E-05 0.262542 0.266361 0.460026
0.288352 9.99825E-05 9.99825E-05 0.264717 0.108131 0.338599
0.0996449 0.241786 0.00884999 0.649519 9.99824E-05 9.99824E-05
0.123946 9.99912E-05 0.0558544 0.488368 0.178828 0.152904
0.201229 9.99736E-05 9.99736E-05 0.732281 9.99736E-05 0.0661896
0.198627 9.99824E-05 0.0222924 0.669149 9.99824E-05 0.109731
0.247622 0.0204897 9.99912E-05 0.645277 0.00740621 0.0791059
0.134982 0.124756 9.99825E-05 0.407722 9.99825E-05 0.332339
0.150697 9.99737E-05 9.99737E-05 0.430986 9.99737E-05 0.418018
0.300005 9.99736E-05 0.0354443 0.664251 9.99736E-05 9.99736E-05
0.168771 9.99824E-05 9.99824E-05 0.427525 0.291535 0.111969
0.208567 0.0920063 0.0249346 0.382253 0.29214 9.99912E-05
9.99736E-05 9.99736E-05 9.99736E-05 0.621807 0.221659 0.156234
0.102412 0.206939 9.99912E-05 0.237733 0.118142 0.334673
0.189648 0.0696213 9.99912E-05 0.459421 0.0185629 0.262647
0.0655117 9.99824E-05 9.99824E-05 0.444639 0.399498 0.090152
0.405676 9.99824E-05 9.99824E-05 0.37558 0.047374 0.17117
0.244556 9.99737E-05 9.99737E-05 0.434871 9.99737E-05 0.320273
0.136293 9.99912E-05 0.0369795 0.607453 0.162191 0.0569836
0.0478348 0.0345924 9.99912E-05 0.340517 0.0937574 0.483198
9.99737E-05 9.99737E-05 9.99737E-05 0.509661 0.280302 0.209737
0.0856035 0.293051 9.99912E-05 0.316081 0.0487918 0.256374
0.135562 0.116431 0.0449285 0.198838 0.308518 0.195722
0.315224 9.99736E-05 9.99736E-05 0.337807 9.99736E-05 0.346668
0.0509154 9.99825E-05 0.0111737 0.485017 9.99825E-05 0.452694
0.0635695 0.0408261 9.99912E-05 0.272935 0.0422741 0.580296
0.0196623 9.99912E-05 0.0110028 0.462877 0.118704 0.387654
0.18076 9.99825E-05 9.99825E-05 0.449829 0.0243475 0.344863
0.0416241 0.148523 9.99912E-05 0.501351 0.0129446 0.295456
0.0154531 0.661105 9.99736E-05 0.323142 9.99736E-05 9.99736E-05
9.996E-05 0.9995 9.996E-05 9.996E-05 9.996E-05 9.996E-05
0.0657097 0.776326 9.99824E-05 0.12081 0.0369546 9.99824E-05
0.0494571 0.711459 0.00254301 0.236341 9.99824E-05 9.99824E-05
0.0967893 0.768671 0.0317066 0.102633 9.99824E-05 9.99824E-05
9.99649E-05 0.591086 9.99649E-05 0.408514 9.99649E-05 9.99649E-05
0.037697 0.694348 9.99824E-05 0.178174 0.0895803 9.99824E-05
0.119531 0.576006 9.99736E-05 0.304163 9.99736E-05 9.99736E-05
0.0158377 0.283706 9.99736E-05 0.700156 9.99736E-05 9.99736E-05
0.0484331 0.447941 9.99736E-05 0.503326 9.99736E-05 9.99736E-05
9.99649E-05 0.882657 9.99649E-05 0.116943 9.99649E-05 9.99649E-05
9.99736E-05 0.839145 0.00933387 0.151221 9.99736E-05 9.99736E-05
0.00336095 0.974129 9.99737E-05 0.0222104 9.99737E-05 9.99737E-05
9.99649E-05 0.585699 9.99649E-05 0.413901 9.99649E-05 9.99649E-05
0.185725 0.72462 9.99736E-05 0.0893549 9.99736E-05 9.99736E-05
0.0395224 0.640408 0.0786989 0.241171 9.99824E-05 9.99824E-05
9.99736E-05 0.643833 0.0473685 0.308499 9.99736E-05 9.99736E-05
0.0444894 0.755856 9.99825E-05 0.0886091 0.110846 9.99825E-05
0.0122115 0.972242 9.99736E-05 0.0152464 9.99736E-05 9.99736E-05
0.00902948 0.649172 0.126813 0.214785 9.99824E-05 9.99824E-05
9.99736E-05 0.695991 9.99736E-05 0.278924 0.0247847 9.99736E-05
0.137248 0.862352 9.99649E-05 9.99649E-05 9.99649E-05 9.99649E-05
9.99736E-05 0.34493 0.0745935 0.580176 9.99736E-05 9.99736E-05
9.99649E-05 0.855858 9.99649E-05 0.143743 9.99649E-05 9.99649E-05
9.99736E-05 0.290485 0.114656 0.594559 9.99736E-05 9.99736E-05
9.99649E-05 0.580633 9.99649E-05 0.418967 9.99649E-05 9.99649E-05
9.99737E-05 0.873612 0.106092 9.99737E-05 9.99737E-05 0.0199961
9.99824E-05 0.717706 0.062982 0.151158 0.0679543 9.99824E-05
9.99649E-05 0.42055 9.99649E-05 0.57905 9.99649E-05 9.99649E-05
0.0580881 0.823256 0.0562053 0.0622511 9.99824E-05 9.99824E-05
9.99737E-05 0.671912 0.0121129 0.315675 9.99737E-05 9.99737E-05
0.02459 0.917187 0.0579234 9.99736E-05 9.99736E-05 9.99736E-05
9.99736E-05 0.33393 0.219376 0.446394 9.99736E-05 9.99736E-05
0.0402064 0.723571 0.0455794 0.17723 0.0133124 9.99912E-05
9.99648E-05 0.917975 9.99648E-05 0.081625 9.99648E-05 9.99648E-05
0.0603767 0.799311 9.99824E-05 0.0886085 0.0515036 9.99824E-05
0.0930938 0.572953 9.99736E-05 0.333654 9.99736E-05 9.99736E-05
9.996E-05 0.9995 9.996E-05 9.996E-05 9.996E-05 9.996E-05
0.0491996 0.924892 0.0256084 9.99737E-05 9.99737E-05 9.99737E-05
9.996E-05 0.9995 9.996E-05 9.996E-05 9.996E-05 9.996E-05
9.996E-05 0.9995 9.996E-05 9.996E-05 9.996E-05 9.996E-05
0.0104273 0.384456 0.0669801 0.537937 9.99824E-05 9.99824E-05
9.99736E-05 0.707353 9.99736E-05 0.240641 0.051707 9.99736E-05
9.99825E-05 0.770255 0.0066207 0.199472 9.99825E-05 0.0234523
9.996E-05 0.9995 9.996E-05 9.996E-05 9.996E-05 9.996E-05
0.0266028 0.337985 0.124811 0.510401 9.99824E-05 9.99824E-05
0.0758788 0.645835 9.99737E-05 0.277986 9.99737E-05 9.99737E-05
0.0298653 0.602322 9.99825E-05 0.222896 0.144717 9.99825E-05
0.0194465 0.33942 0.0393448 0.601589 9.99824E-05 9.99824E-05
9.996E-05 0.9995 9.996E-05 9.996E-05 9.996E-05 9.996E-05
9.99824E-05 0.622123 0.0308427 0.125756 0.221078 9.99824E-05
9.99649E-05 0.813803 9.99649E-05 0.185797 9.99649E-05 9.99649E-05
0.00228232 0.790639 9.99737E-05 0.206779 9.99737E-05 9.99737E-05
9.99736E-05 0.684764 9.99736E-05 0.269281 0.0456548 9.99736E-05
0.133162 0.866438 9.99648E-05 9.99648E-05 9.99648E-05 9.99648E-05
9.99648E-05 0.251337 9.99648E-05 0.748263 9.99648E-05 9.99648E-05
9.99648E-05 0.725494 9.99648E-05 0.274106 9.99648E-05 9.99648E-05
9.99824E-05 0.815832 0.0303269 0.108023 0.045619 9.99824E-05
9.99649E-05 0.848387 0.151214 9.99649E-05 9.99649E-05 9.99649E-05
9.99649E-05 0.797489 9.99649E-05 0.202111 9.99649E-05 9.99649E-05
9.99648E-05 9.99648E-05 0.114834 0.884766 9.99648E-05 9.99648E-05
9.996E-05 9.996E-05 9.996E-05 0.9995 9.996E-05 9.996E-05
9.99648E-05 9.99648E-05 0.0529271 0.946673 9.99648E-05 9.99648E-05
9.996E-05 9.996E-05 9.996E-05 0.9995 9.996E-05 9.996E-05
9.996E-05 9.996E-05 9.996E-05 0.9995 9.996E-05 9.996E-05
9.996E-05 9.996E-05 9.996E-05 0.9995 9.996E-05 9.996E-05
9.99648E-05 9.99648E-05 0.153342 0.846259 9.99648E-05 9.99648E-05
9.996E-05 9.996E-05 9.996E-05 0.9995 9.996E-05 9.996E-05
9.996E-05 9.996E-05 9.996E-05 0.9995 9.996E-05 9.996E-05
9.99648E-05 9.99648E-05 0.0736026 0.925998 9.99648E-05 9.99648E-05
9.99648E-05 9.99648E-05 0.0675953 0.932005 9.99648E-05 9.99648E-05
9.99648E-05 9.99648E-05 0.14306 0.85654 9.99648E-05 9.99648E-05
9.996E-05 9.996E-05 9.996E-05 0.9995 9.996E-05 9.996E-05
9.996E-05 9.996E-05 9.996E-05 0.9995 9.996E-05 9.996E-05
9.99648E-05 9.99648E-05 0.158344 0.841256 9.99648E-05 9.99648E-05
9.99648E-05 9.99648E-05 0.0576372 0.941963 9.99648E-05 9.99648E-05
0.0128739 0.349275 0.165858 0.391521 0.0803715 9.99912E-05
9.99648E-05 9.99648E-05 0.112832 0.886768 9.99648E-05 9.99648E-05
9.996E-05 9.996E-05 9.996E-05 0.9995 9.996E-05 9.996E-05
9.99648E-05 9.99648E-05 0.070952 0.928648 9.99648E-05 9.99648E-05
9.99648E-05 9.99648E-05 0.131934 0.867666 9.99648E-05 9.99648E-05
9.99648E-05 9.99648E-05 0.0725318 0.927068 9.99648E-05 9.99648E-05
9.996E-05 9.996E-05 9.996E-05 0.9995 9.996E-05 9.996E-05
9.99648E-05 9.99648E-05 0.122927 0.876673 9.99648E-05 9.99648E-05
9.996E-05 9.996E-05 9.996E-05 0.9995 9.996E-05 9.996E-05
9.99648E-05 9.99648E-05 0.13381 0.86579 9.99648E-05 9.99648E-05
9.99648E-05 9.99648E-05 0.130219 0.869381 9.99648E-05 9.99648E-05
9.996E-05 9.996E-05 9.996E-05 0.9995 9.996E-05 9.996E-05
9.996E-05 9.996E-05 9.996E-05 0.9995 9.996E-05 9.996E-05
9.996E-05 9.996E-05 9.996E-05 0.9995 9.996E-05 9.996E-05
9.99648E-05 9.99648E-05 0.12789 0.87171 9.99648E-05 9.99648E-05
9.99648E-05 9.99648E-05 0.101311 0.898289 9.99648E-05 9.99648E-05
9.99648E-05 9.99648E-05 0.0877446 0.911856 9.99648E-05 9.99648E-05
9.99648E-05 9.99648E-05 0.0656811 0.933919 9.99648E-05 9.99648E-05
9.99648E-05 9.99648E-05 0.0718302 0.92777 9.99648E-05 9.99648E-05
9.996E-05 9.996E-05 9.996E-05 0.9995 9.996E-05 9.996E-05
9.996E-05 9.996E-05 9.996E-05 0.9995 9.996E-05 9.996E-05
9.996E-05 9.996E-05 9.996E-05 0.9995 9.996E-05 9.996E-05
9.99648E-05 9.99648E-05 0.058937 0.940663 9.99648E-05 9.99648E-05
9.996E-05 9.996E-05 9.996E-05 0.9995 9.996E-05 9.996E-05
9.996E-05 9.996E-05 9.996E-05 0.9995 9.996E-05 9.996E-05
9.996E-05 9.996E-05 9.996E-05 0.9995 9.996E-05 9.996E-05
9.996E-05 9.996E-05 9.996E-05 0.9995 9.996E-05 9.996E-05
9.99648E-05 9.99648E-05 0.077643 0.921957 9.99648E-05 9.99648E-05
9.996E-05 9.996E-05 9.996E-05 0.9995 9.996E-05 9.996E-05
9.996E-05 9.996E-05 9.996E-05 0.9995 9.996E-05 9.996E-05
9.99824E-05 0.359561 0.0438939 0.300887 0.295459 9.99824E-05
9.99648E-05 9.99648E-05 0.140025 0.859575 9.99648E-05 9.99648E-05
9.996E-05 9.996E-05 9.996E-05 0.9995 9.996E-05 9.996E-05
9.996E-05 9.996E-05 9.996E-05 0.9995 9.996E-05 9.996E-05
9.996E-05 9.996E-05 9.996E-05 0.9995 9.996E-05 9.996E-05
9.996E-05 9.996E-05 9.996E-05 0.9995 9.996E-05 9.996E-05
9.99648E-05 9.99648E-05 0.113214 0.886386 9.99648E-05 9.99648E-05
9.996E-05 9.996E-05 9.996E-05 0.9995 9.996E-05 9.996E-05
9.99648E-05 9.99648E-05 0.070952 0.928648 9.99648E-05 9.99648E-05
9.996E-05 9.996E-05 9.996E-05 0.9995 9.996E-05 9.996E-05
9.99648E-05 9.99648E-05 0.0733089 0.926291 9.99648E-05 9.99648E-05
9.996E-05 9.996E-05 9.996E-05 0.9995 9.996E-05 9.996E-05
9.996E-05 9.996E-05 9.996E-05 0.9995 9.996E-05 9.996E-05
9.996E-05 9.996E-05 9.996E-05 0.9995 9.996E-05 9.996E-05
9.996E-05 9.996E-05 9.996E-05 0.9995 9.996E-05 9.996E-05
9.996E-05 9.996E-05 9.996E-05 0.9995 9.996E-05 9.996E-05
9.996E-05 9.996E-05 9.996E-05 0.9995 9.996E-05 9.996E-05
9.99648E-05 9.99648E-05 0.0577272 0.941873 9.99648E-05 9.99648E-05
9.99648E-05 9.99648E-05 0.178847 0.820753 9.99648E-05 9.99648E-05
9.99648E-05 9.99648E-05 0.161201 0.838399 9.99648E-05 9.99648E-05
9.996E-05 9.996E-05 9.996E-05 0.9995 9.996E-05 9.996E-05
9.99648E-05 9.99648E-05 0.0687847 0.930815 9.99648E-05 9.99648E-05
9.99648E-05 9.99648E-05 0.0714353 0.928165 9.99648E-05 9.99648E-05
9.99648E-05 9.99648E-05 0.058937 0.940663 9.99648E-05 9.99648E-05
9.996E-05 9.996E-05 9.996E-05 0.9995 9.996E-05 9.996E-05
9.996E-05 9.996E-05 9.996E-05 0.9995 9.996E-05 9.996E-05
9.996E-05 9.996E-05 9.996E-05 0.9995 9.996E-05 9.996E-05
9.99648E-05 9.99648E-05 0.146591 0.853009 9.99648E-05 9.99648E-05
9.996E-05 9.996E-05 9.996E-05 0.9995 9.996E-05 9.996E-05
9.996E-05 9.996E-05 9.996E-05 0.9995 9.996E-05 9.996E-05
9.99648E-05 9.99648E-05 0.107736 0.891864 9.99648E-05 9.99648E-05
9.996E-05 9.996E-05 9.996E-05 0.9995 9.996E-05 9.996E-05
9.996E-05 9.996E-05 9.996E-05 0.9995 9.996E-05 9.996E-05
0.269294 0.297404 0.00858069 0.424522 9.99824E-05 9.99824E-05
9.99648E-05 9.99648E-05 0.0733089 0.926291 9.99648E-05 9.99648E-05
9.996E-05 9.996E-05 9.996E-05 0.9995 9.996E-05 9.996E-05
0.0740117 0.456211 9.99737E-05 0.469477 9.99737E-05 9.99737E-05
9.99824E-05 0.521835 0.0206099 0.375107 0.0822485 9.99824E-05
9.99736E-05 0.567363 0.0628319 0.369505 9.99736E-05 9.99736E-05
9.99736E-05 0.832254 0.079636 9.99736E-05 0.0878097 9.99736E-05
9.99736E-05 0.39127 0.0110691 0.597361 9.99736E-05 9.99736E-05
9.99737E-05 0.893717 9.99737E-05 0.0769056 9.99737E-05 0.029078
0.00495603 0.253212 9.99824E-05 0.580485 0.161146 9.99824E-05
0.184893 0.636044 9.99736E-05 0.178763 9.99736E-05 9.99736E-05
9.99649E-05 0.885122 9.99649E-05 0.114478 9.99649E-05 9.99649E-05
9.99736E-05 0.808343 9.99736E-05 0.0146678 0.176689 9.99736E-05
0.0973389 0.706885 9.99736E-05 0.195476 9.99736E-05 9.99736E-05
9.99649E-05 0.307179 9.99649E-05 0.692421 9.99649E-05 9.99649E-05
0.0191958 0.349659 9.99824E-05 0.478699 0.152246 9.99824E-05
0.0574782 0.876725 0.032413 0.0331836 9.99824E-05 9.99824E-05
9.99648E-05 0.637227 9.99648E-05 0.362373 9.99648E-05 9.99648E-05
9.99736E-05 0.34102 9.99736E-05 0.644135 0.0145456 9.99736E-05
9.99649E-05 0.780407 9.99649E-05 0.219193 9.99649E-05 9.99649E-05
0.176543 0.339089 0.0822236 0.401945 9.99824E-05 9.99824E-05
0.0653038 0.537381 0.0241198 0.372995 9.99824E-05 9.99824E-05
9.99736E-05 0.640216 9.99736E-05 0.283154 0.076331 9.99736E-05
9.99736E-05 0.661601 0.0507452 0.287354 9.99736E-05 9.99736E-05
9.99736E-05 0.650094 9.99736E-05 0.232418 0.117188 9.99736E-05
0.0915464 0.606732 0.0790686 0.14981 0.072743 9.99912E-05
0.119739 0.570871 9.99736E-05 0.309089 9.99736E-05 9.99736E-05
0.114971 0.798251 9.99736E-05 0.0864784 9.99736E-05 9.99736E-05
9.996E-05 0.9995 9.996E-05 9.996E-05 9.996E-05 9.996E-05
9.99824E-05 0.699996 0.00603531 0.198779 0.0949894 9.99824E-05
9.99824E-05 0.377496 0.0134936 0.590878 0.0179327 9.99824E-05
0.00979164 0.809821 0.0784841 9.99824E-05 0.101703 9.99824E-05
0.0730171 0.636495 0.111192 0.179097 9.99824E-05 9.99824E-05
9.99824E-05 0.334498 0.0336258 0.559914 0.0717619 9.99824E-05
9.99649E-05 0.596917 9.99649E-05 0.402683 9.99649E-05 9.99649E-05
9.99736E-05 0.455224 0.0172477 0.527229 9.99736E-05 9.99736E-05
0.0810808 0.523191 9.99736E-05 0.395429 9.99736E-05 9.99736E-05
0.222109 0.567638 9.99736E-05 0.209953 9.99736E-05 9.99736E-05
9.99824E-05 0.769015 0.0457427 0.170951 0.0140912 9.99824E-05
9.996E-05 0.9995 9.996E-05 9.996E-05 9.996E-05 9.996E-05
0.159128 0.525195 9.99824E-05 0.234608 0.0808695 9.99824E-05
0.153591 0.75133 0.00830876 9.99824E-05 0.0865702 9.99824E-05
9.99824E-05 0.441461 0.0129889 0.335581 0.209769 9.99824E-05
0.060081 0.556095 0.0531058 0.330518 9.99824E-05 9.99824E-05
9.99824E-05 0.721178 0.10319 0.1318 0.0436322 9.99824E-05
9.99824E-05 0.5272 0.0186671 0.381559 0.0723739 9.99824E-05
9.99649E-05 0.226089 9.99649E-05 0.773512 9.99649E-05 9.99649E-05
0.0172629 0.205455 9.99736E-05 0.776982 9.99736E-05 9.99736E-05
0.0221529 0.739172 9.99736E-05 0.238375 9.99736E-05 9.99736E-05
9.996E-05 0.9995 9.996E-05 9.996E-05 9.996E-05 9.996E-05
0.0386978 0.729869 0.0235045 0.207729 9.99824E-05 9.99824E-05
9.996E-05 0.9995 9.996E-05 9.996E-05 9.996E-05 9.996E-05
0.051355 0.305543 0.0495718 0.42442 0.16901 9.99912E-05
9.996E-05 0.9995 9.996E-05 9.996E-05 9.996E-05 9.996E-05
0.0735327 0.717414 9.99736E-05 0.208754 9.99736E-05 9.99736E-05
0.0470429 0.423176 9.99824E-05 0.322991 0.20659 9.99824E-05
0.00809742 0.509853 9.99736E-05 0.48175 9.99736E-05 9.99736E-05
9.99648E-05 0.785916 9.99648E-05 9.99648E-05 0.213684 9.99648E-05
9.99648E-05 0.698368 9.99648E-05 0.301232 9.99648E-05 9.99648E-05
9.9965E-05 0.776137 9.9965E-05 0.223464 9.9965E-05 9.9965E-05
9.99649E-05 0.783039 9.99649E-05 0.216561 9.99649E-05 9.99649E-05
9.99648E-05 0.679584 9.99648E-05 0.320016 9.99648E-05 9.99648E-05
9.99737E-05 0.570934 9.99737E-05 0.389531 0.0392349 9.99737E-05
9.996E-05 0.9995 9.996E-05 9.996E-05 9.996E-05 9.996E-05
9.996E-05 0.9995 9.996E-05 9.996E-05 9.996E-05 9.996E-05
9.99649E-05 0.927902 9.99649E-05 9.99649E-05 9.99649E-05 0.071698
0.116204 0.764298 9.99736E-05 0.119199 9.99736E-05 9.99736E-05
9.99736E-05 0.712305 0.0647082 0.222687 9.99736E-05 9.99736E-05
9.99824E-05 0.727646 0.0078553 0.234353 0.0299457 9.99824E-05
9.996E-05 0.9995 9.996E-05 9.996E-05 9.996E-05 9.996E-05
0.0112949 0.510971 0.0458054 0.431728 9.99824E-05 9.99824E-05
9.99736E-05 0.623468 0.0780676 0.298165 9.99736E-05 9.99736E-05
9.99737E-05 0.771802 0.00768189 0.220216 9.99737E-05 9.99737E-05
9.99737E-05 0.539275 0.040415 0.42001 9.99737E-05 9.99737E-05
9.9965E-05 0.831353 9.9965E-05 9.9965E-05 9.9965E-05 0.168247
9.99648E-05 0.490832 9.99648E-05 0.508768 9.99648E-05 9.99648E-05
0.135247 0.680219 0.0433602 0.0541565 0.0869171 9.99912E-05
9.99649E-05 0.920514 9.99649E-05 0.0790862 9.99649E-05 9.99649E-05
9.99649E-05 0.635621 9.99649E-05 0.363979 9.99649E-05 9.99649E-05
9.99649E-05 0.919782 9.99649E-05 9.99649E-05 9.99649E-05 0.079818
0.0816363 0.869529 9.99736E-05 0.0485344 9.99736E-05 9.99736E-05
9.9965E-05 0.940424 9.9965E-05 0.0591764 9.9965E-05 9.9965E-05
9.99648E-05 0.494519 9.99648E-05 0.505081 9.99648E-05 9.99648E-05
9.99824E-05 0.726002 0.0348029 0.14935 0.0896454 9.99824E-05
0.0838647 0.532707 0.110124 0.253258 0.0199465 9.99912E-05
9.996E-05 0.9995 9.996E-05 9.996E-05 9.996E-05 9.996E-05
9.99649E-05 0.647287 9.99649E-05 0.352314 9.99649E-05 9.99649E-05
9.99736E-05 0.5719 0.16819 0.25961 9.99736E-05 9.99736E-05
9.99737E-05 0.874542 0.0225451 0.102613 9.99737E-05 9.99737E-05
0.125584 0.738224 0.00120778 0.134784 9.99824E-05 9.99824E-05
0.00266821 0.461527 9.99736E-05 0.535505 9.99736E-05 9.99736E-05
9.99824E-05 0.535801 0.0435592 0.386349 0.0340902 9.99824E-05
0.020579 0.476957 0.126919 0.366144 0.00930117 9.99912E-05
0.0275412 0.406691 0.186356 0.282371 0.0395802 0.0574598
0.0100987 0.447465 0.0307472 0.404484 0.107105 9.99912E-05
9.99649E-05 0.366632 9.99649E-05 0.632968 9.99649E-05 9.99649E-05
0.234863 0.490292 0.106871 0.167774 9.99824E-05 9.99824E-05
9.99649E-05 0.619587 9.99649E-05 0.380013 9.99649E-05 9.99649E-05
9.99737E-05 0.927559 9.99737E-05 0.0635854 9.99737E-05 0.00855559
9.99736E-05 0.549677 9.99736E-05 0.288975 0.161049 9.99736E-05
0.0582255 0.523002 9.99824E-05 0.405266 0.013306 9.99824E-05
0.0834796 0.585188 9.99737E-05 0.331032 9.99737E-05 9.99737E-05
9.99824E-05 0.3154 0.0828213 0.57664 0.0249389 9.99824E-05
0.160735 0.481603 0.0344101 0.14194 0.181212 9.99912E-05
0.00711886 0.531459 9.99736E-05 0.461122 9.99736E-05 9.99736E-05
0.127932 0.447475 0.143788 0.280606 9.99824E-05 9.99824E-05
9.9965E-05 0.928805 9.9965E-05 0.0707955 9.9965E-05 9.9965E-05
9.99737E-05 0.824245 9.99737E-05 0.170639 9.99737E-05 0.00481565
9.99649E-05 0.688053 9.99649E-05 0.311547 9.99649E-05 9.99649E-05
0.201945 0.473633 0.0316008 0.292621 9.99824E-05 9.99824E-05
9.996E-05 0.9995 9.996E-05 9.996E-05 9.996E-05 9.996E-05
9.996E-05 0.9995 9.996E-05 9.996E-05 9.996E-05 9.996E-05
0.0683983 0.888946 0.038009 0.00444714 9.99824E-05 9.99824E-05
0.000640459 0.789912 0.0251541 0.184094 9.99824E-05 9.99824E-05
9.99649E-05 0.985296 0.014304 9.99649E-05 9.99649E-05 9.99649E-05
9.99736E-05 0.618253 0.0184639 0.362983 9.99736E-05 9.99736E-05
9.99824E-05 0.657697 0.0481356 0.192378 0.10159 9.99824E-05
0.106415 0.401783 0.252482 0.218304 0.0209156 9.99912E-05
9.99648E-05 0.664968 9.99648E-05 0.334633 9.99648E-05 9.99648E-05
9.99736E-05 0.62642 0.0195236 0.353756 9.99736E-05 9.99736E-05
0.143572 0.546104 0.0490501 0.261074 9.99824E-05 9.99824E-05
0.00331265 0.900168 0.0539278 9.99824E-05 0.042392 9.99824E-05
9.99824E-05 0.384751 0.0934885 0.245331 0.27623 9.99824E-05
0.126276 0.735039 9.99736E-05 0.138386 9.99736E-05 9.99736E-05
0.179799 0.451899 0.0108972 0.357204 9.99824E-05 9.99824E-05
9.99824E-05 0.393958 0.1256 0.444348 0.0358945 9.99824E-05
9.99737E-05 0.598959 9.99737E-05 0.254913 0.145828 9.99737E-05
9.99649E-05 0.684124 9.99649E-05 0.315476 9.99649E-05 9.99649E-05
0.17543 0.471366 9.99736E-05 0.352904 9.99736E-05 9.99736E-05
9.996E-05 0.9995 9.996E-05 9.996E-05 9.996E-05 9.996E-05
9.99737E-05 0.819025 0.0119823 0.168693 9.99737E-05 9.99737E-05
0.0251705 0.52358 0.0337053 0.368641 0.0488034 9.99912E-05
9.99736E-05 0.507371 0.11054 0.381789 9.99736E-05 9.99736E-05
9.99824E-05 0.02325 9.99824E-05 0.680187 0.23831 0.0580534
9.99825E-05 0.0882921 9.99825E-05 0.633039 0.268508 0.00996111
0.00120408 0.0810716 0.0426955 0.706677 0.168252 9.99912E-05
0.0636699 0.354475 9.99912E-05 0.468782 0.110801 0.0021713
0.143159 0.18401 0.00135039 0.490794 0.180586 9.99912E-05
9.99825E-05 0.100506 9.99825E-05 0.563182 0.0586901 0.277422
0.109786 0.0526015 0.00875682 0.743901 0.0659057 0.0190491
0.0225261 0.061457 9.99825E-05 0.670885 0.244932 9.99825E-05
0.0970193 0.160638 9.99912E-05 0.432192 0.0362354 0.273815
9.99649E-05 9.99649E-05 9.99649E-05 0.751609 0.247991 9.99649E-05
0.249004 0.197737 0.0867018 0.408196 0.0582601 9.99912E-05
9.99824E-05 0.122778 0.273579 0.399717 9.99824E-05 0.203727
9.99737E-05 0.110934 9.99737E-05 0.646197 0.242569 9.99737E-05
0.00606081 0.0361572 9.99825E-05 0.48471 9.99825E-05 0.472872
0.180509 0.15274 0.017258 0.52769 0.00474938 0.117054
9.99736E-05 9.99736E-05 9.99736E-05 0.596853 0.361304 0.0415428
0.0602092 0.0505183 9.99912E-05 0.604039 0.15531 0.129824
9.99912E-05 0.0138914 0.0247187 0.652013 0.195326 0.113951
0.17825 9.99825E-05 0.0389874 0.65285 0.129713 9.99825E-05
9.99737E-05 9.99737E-05 9.99737E-05 0.775671 0.188104 0.0359246
0.107799 9.99737E-05 9.99737E-05 0.770501 9.99737E-05 0.1214
0.0415569 0.123879 9.99912E-05 0.520221 0.141418 0.172825
0.116115 0.0255894 0.0706993 0.684928 9.99912E-05 0.102568
0.044311 0.00938418 9.99737E-05 0.946005 9.99737E-05 9.99737E-05
0.0379011 9.99737E-05 0.119588 0.842211 9.99737E-05 9.99737E-05
9.996E-05 9.996E-05 9.996E-05 0.9995 9.996E-05 9.996E-05
9.99649E-05 9.99649E-05 0.00521679 0.994383 9.99649E-05 9.99649E-05
9.99649E-05 9.99649E-05 9.99649E-05 0.941496 0.0581045 9.99649E-05
9.996E-05 9.996E-05 9.996E-05 0.9995 9.996E-05 9.996E-05
0.117649 9.99649E-05 9.99649E-05 0.881951 9.99649E-05 9.99649E-05
9.99825E-05 0.0710943 0.0943939 0.763671 9.99825E-05 0.0706413
9.99825E-05 0.0446855 9.99825E-05 0.908 0.0132835 0.0338306
0.0504417 9.99649E-05 9.99649E-05 0.949158 9.99649E-05 9.99649E-05
0.0151433 9.99824E-05 0.0886897 0.836103 0.0598644 9.99824E-05
9.996E-05 9.996E-05 9.996E-05 0.9995 9.996E-05 9.996E-05
0.0617975 9.99648E-05 9.99648E-05 0.937803 9.99648E-05 9.99648E-05
9.99649E-05 0.144981 9.99649E-05 0.854619 9.99649E-05 9.99649E-05
9.9965E-05 0.0114587 9.9965E-05 0.988141 9.9965E-05 9.9965E-05
9.99737E-05 0.152942 9.99737E-05 0.82321 0.0235483 9.99737E-05
0.0573833 0.0332429 9.99737E-05 0.909074 9.99737E-05 9.99737E-05
9.996E-05 9.996E-05 9.996E-05 0.9995 9.996E-05 9.996E-05
9.996E-05 9.996E-05 9.996E-05 0.9995 9.996E-05 9.996E-05
0.0357215 9.99649E-05 9.99649E-05 0.963879 9.99649E-05 9.99649E-05
9.996E-05 9.996E-05 9.996E-05 0.9995 9.996E-05 9.996E-05
9.996E-05 9.996E-05 9.996E-05 0.9995 9.996E-05 9.996E-05
9.99648E-05 9.99648E-05 0.00638085 0.993219 9.99648E-05 9.99648E-05
9.99649E-05 0.969784 0.0298157 9.99649E-05 9.99649E-05 9.99649E-05
0.0122189 9.99737E-05 9.99737E-05 0.953953 0.0335278 9.99737E-05
9.996E-05 9.996E-05 9.996E-05 0.9995 9.996E-05 9.996E-05
9.99736E-05 9.99736E-05 0.0208754 0.905519 0.073306 9.99736E-05
9.99649E-05 0.0515575 9.99649E-05 0.948043 9.99649E-05 9.99649E-05
9.996E-05 9.996E-05 9.996E-05 0.9995 9.996E-05 9.996E-05
9.996E-05 9.996E-05 9.996E-05 0.9995 9.996E-05 9.996E-05
0.0202541 9.9965E-05 9.9965E-05 0.979346 9.9965E-05 9.9965E-05
9.99737E-05 9.99737E-05 0.0423798 0.874187 0.0831329 9.99737E-05
0.0886365 9.99649E-05 9.99649E-05 0.910964 9.99649E-05 9.99649E-05
9.996E-05 9.996E-05 9.996E-05 0.9995 9.996E-05 9.996E-05
9.996E-05 9.996E-05 9.996E-05 0.9995 9.996E-05 9.996E-05
9.99649E-05 0.0315299 9.99649E-05 0.96807 9.99649E-05 9.99649E-05
9.99649E-05 0.00255001 9.99649E-05 0.99705 9.99649E-05 9.99649E-05
9.99737E-05 0.00284249 9.99737E-05 0.984604 0.0122537 9.99737E-05
9.99649E-05 9.99649E-05 9.99649E-05 0.908369 0.0912311 9.99649E-05
9.9965E-05 0.0197715 9.9965E-05 0.979829 9.9965E-05 9.9965E-05
0.042809 9.9965E-05 9.9965E-05 0.956791 9.9965E-05 9.9965E-05
9.99737E-05 0.0446195 9.99737E-05 0.950797 9.99737E-05 0.0042839
0.0481798 0.0901376 0.0044926 0.85699 9.99824E-05 9.99824E-05
0.0263376 9.99649E-05 9.99649E-05 0.973263 9.99649E-05 9.99649E-05
0.123049 9.99912E-05 0.0147965 0.305387 0.408125 0.148543
9.99737E-05 9.99737E-05 9.99737E-05 0.344168 0.62912 0.0264122
0.303778 9.99737E-05 9.99737E-05 0.393695 0.302227 9.99737E-05
0.0978396 0.00979941 9.99912E-05 0.401203 0.398125 0.0929327
0.0807311 9.99824E-05 9.99824E-05 0.456609 0.412325 0.0501353
0.192618 9.99825E-05 9.99825E-05 0.423556 0.30703 0.0765959
0.11371 9.99824E-05 9.99824E-05 0.407697 0.398257 0.0801358
0.0989069 9.99824E-05 9.99824E-05 0.357213 0.469688 0.0739928
0.122779 9.99737E-05 9.99737E-05 0.552131 0.32479 9.99737E-05
0.412992 9.99912E-05 0.0411484 0.44815 0.00278877 0.0948205
0.146711 9.99824E-05 9.99824E-05 0.523822 0.327962 0.00130519
0.268055 9.99737E-05 9.99737E-05 0.451354 0.280292 9.99737E-05
0.0829928 9.99912E-05 0.043001 0.285358 0.485627 0.102921
0.153227 9.99824E-05 9.99824E-05 0.353311 0.339977 0.153285
0.0535855 9.99824E-05 9.99824E-05 0.340262 0.562039 0.0439135
0.0261811 9.99824E-05 9.99824E-05 0.415693 0.537241 0.0206844
0.100499 9.99824E-05 9.99824E-05 0.396155 0.442819 0.0603277
0.0737981 9.99824E-05 9.99824E-05 0.474351 0.436599 0.0150517
0.214245 9.99824E-05 9.99824E-05 0.450536 0.313017 0.0220016
0.220091 9.99824E-05 9.99824E-05 0.357567 0.276192 0.14595
0.9995 9.996E-05 9.996E-05 9.996E-05 9.996E-05 9.996E-05
0.9995 9.996E-05 9.996E-05 9.996E-05 9.996E-05 9.996E-05
0.9995 9.996E-05 9.996E-05 9.996E-05 9.996E-05 9.996E-05
0.9995 9.996E-05 9.996E-05 9.996E-05 9.996E-05 9.996E-05
0.9995 9.996E-05 9.996E-05 9.996E-05 9.996E-05 9.996E-05
0.9995 9.996E-05 9.996E-05 9.996E-05 9.996E-05 9.996E-05
0.9995 9.996E-05 9.996E-05 9.996E-05 9.996E-05 9.996E-05
0.9995 9.996E-05 9.996E-05 9.996E-05 9.996E-05 9.996E-05
0.9995 9.996E-05 9.996E-05 9.996E-05 9.996E-05 9.996E-05
0.9995 9.996E-05 9.996E-05 9.996E-05 9.996E-05 9.996E-05
0.9995 9.996E-05 9.996E-05 9.996E-05 9.996E-05 9.996E-05
0.9995 9.996E-05 9.996E-05 9.996E-05 9.996E-05 9.996E-05
0.9995 9.996E-05 9.996E-05 9.996E-05 9.996E-05 9.996E-05
0.9995 9.996E-05 9.996E-05 9.996E-05 9.996E-05 9.996E-05
0.9995 9.996E-05 9.996E-05 9.996E-05 9.996E-05 9.996E-05
0.9995 9.996E-05 9.996E-05 9.996E-05 9.996E-05 9.996E-05
0.9995 9.996E-05 9.996E-05 9.996E-05 9.996E-05 9.996E-05
0.9995 9.996E-05 9.996E-05 9.996E-05 9.996E-05 9.996E-05
0.9995 9.996E-05 9.996E-05 9.996E-05 9.996E-05 9.996E-05
0.9995 9.996E-05 9.996E-05 9.996E-05 9.996E-05 9.996E-05
0.9995 9.996E-05 9.996E-05 9.996E-05 9.996E-05 9.996E-05
0.9995 9.996E-05 9.996E-05 9.996E-05 9.996E-05 9.996E-05
0.9995 9.996E-05 9.996E-05 9.996E-05 9.996E-05 9.996E-05
0.9995 9.996E-05 9.996E-05 9.996E-05 9.996E-05 9.996E-05
0.9995 9.996E-05 9.996E-05 9.996E-05 9.996E-05 9.996E-05
0.9995 9.996E-05 9.996E-05 9.996E-05 9.996E-05 9.996E-05
0.9995 9.996E-05 9.996E-05 9.996E-05 9.996E-05 9.996E-05
0.9995 9.996E-05 9.996E-05 9.996E-05 9.996E-05 9.996E-05
0.9995 9.996E-05 9.996E-05 9.996E-05 9.996E-05 9.996E-05
0.9995 9.996E-05 9.996E-05 9.996E-05 9.996E-05 9.996E-05
0.9995 9.996E-05 9.996E-05 9.996E-05 9.996E-05 9.996E-05
0.9995 9.996E-05 9.996E-05 9.996E-05 9.996E-05 9.996E-05
0.9995 9.996E-05 9.996E-05 9.996E-05 9.996E-05 9.996E-05
0.9995 9.996E-05 9.996E-05 9.996E-05 9.996E-05 9.996E-05
0.9995 9.996E-05 9.996E-05 9.996E-05 9.996E-05 9.996E-05
0.9995 9.996E-05 9.996E-05 9.996E-05 9.996E-05 9.996E-05
0.9995 9.996E-05 9.996E-05 9.996E-05 9.996E-05 9.996E-05
0.9995 9.996E-05 9.996E-05 9.996E-05 9.996E-05 9.996E-05
0.9995 9.996E-05 9.996E-05 9.996E-05 9.996E-05 9.996E-05
0.9995 9.996E-05 9.996E-05 9.996E-05 9.996E-05 9.996E-05
0.9995 9.996E-05 9.996E-05 9.996E-05 9.996E-05 9.996E-05
0.9995 9.996E-05 9.996E-05 9.996E-05 9.996E-05 9.996E-05
0.9995 9.996E-05 9.996E-05 9.996E-05 9.996E-05 9.996E-05
0.9995 9.996E-05 9.996E-05 9.996E-05 9.996E-05 9.996E-05
0.9995 9.996E-05 9.996E-05 9.996E-05 9.996E-05 9.996E-05
0.9995 9.996E-05 9.996E-05 9.996E-05 9.996E-05 9.996E-05
0.9995 9.996E-05 9.996E-05 9.996E-05 9.996E-05 9.996E-05
0.9995 9.996E-05 9.996E-05 9.996E-05 9.996E-05 9.996E-05
0.9995 9.996E-05 9.996E-05 9.996E-05 9.996E-05 9.996E-05
0.9995 9.996E-05 9.996E-05 9.996E-05 9.996E-05 9.996E-05
0.9995 9.996E-05 9.996E-05 9.996E-05 9.996E-05 9.996E-05
0.9995 9.996E-05 9.996E-05 9.996E-05 9.996E-05 9.996E-05
0.9995 9.996E-05 9.996E-05 9.996E-05 9.996E-05 9.996E-05
0.9995 9.996E-05 9.996E-05 9.996E-05 9.996E-05 9.996E-05
0.9995 9.996E-05 9.996E-05 9.996E-05 9.996E-05 9.996E-05
0.9995 9.996E-05 9.996E-05 9.996E-05 9.996E-05 9.996E-05
0.9995 9.996E-05 9.996E-05 9.996E-05 9.996E-05 9.996E-05
0.9995 9.996E-05 9.996E-05 9.996E-05 9.996E-05 9.996E-05
0.9995 9.996E-05 9.996E-05 9.996E-05 9.996E-05 9.996E-05
0.9995 9.996E-05 9.996E-05 9.996E-05 9.996E-05 9.996E-05
0.9995 9.996E-05 9.996E-05 9.996E-05 9.996E-05 9.996E-05
0.9995 9.996E-05 9.996E-05 9.996E-05 9.996E-05 9.996E-05
0.9995 9.996E-05 9.996E-05 9.996E-05 9.996E-05 9.996E-05
0.9995 9.996E-05 9.996E-05 9.996E-05 9.996E-05 9.996E-05
0.900699 9.99648E-05 9.99648E-05 9.99648E-05 0.0989008 9.99648E-05
0.981954 9.99648E-05 9.99648E-05 9.99648E-05 0.0176458 9.99648E-05
0.9995 9.996E-05 9.996E-05 9.996E-05 9.996E-05 9.996E-05
0.947479 9.99648E-05 9.99648E-05 9.99648E-05 0.0521207 9.99648E-05
0.9995 9.996E-05 9.996E-05 9.996E-05 9.996E-05 9.996E-05
0.9995 9.996E-05 9.996E-05 9.996E-05 9.996E-05 9.996E-05
0.9995 9.996E-05 9.996E-05 9.996E-05 9.996E-05 9.996E-05
0.9995 9.996E-05 9.996E-05 9.996E-05 9.996E-05 9.996E-05
0.998074 9.99648E-05 9.99648E-05 9.99648E-05 0.0015259 9.99648E-05
0.9995 9.996E-05 9.996E-05 9.996E-05 9.996E-05 9.996E-05
0.9995 9.996E-05 9.996E-05 9.996E-05 9.996E-05 9.996E-05
0.9995 9.996E-05 9.996E-05 9.996E-05 9.996E-05 9.996E-05
0.9995 9.996E-05 9.996E-05 9.996E-05 9.996E-05 9.996E-05
0.973516 9.99648E-05 0.0260838 9.99648E-05 9.99648E-05 9.99648E-05
0.98097 9.99648E-05 9.99648E-05 9.99648E-05 0.0186298 9.99648E-05
0.9995 9.996E-05 9.996E-05 9.996E-05 9.996E-05 9.996E-05
0.9995 9.996E-05 9.996E-05 9.996E-05 9.996E-05 9.996E-05
0.9995 9.996E-05 9.996E-05 9.996E-05 9.996E-05 9.996E-05
0.9995 9.996E-05 9.996E-05 9.996E-05 9.996E-05 9.996E-05
0.9995 9.996E-05 9.996E-05 9.996E-05 9.996E-05 9.996E-05
0.9995 9.996E-05 9.996E-05 9.996E-05 9.996E-05 9.996E-05
0.993967 9.99648E-05 9.99648E-05 9.99648E-05 0.00563338 9.99648E-05
0.9995 9.996E-05 9.996E-05 9.996E-05 9.996E-05 9.996E-05
0.9995 9.996E-05 9.996E-05 9.996E-05 9.996E-05 9.996E-05
0.9995 9.996E-05 9.996E-05 9.996E-05 9.996E-05 9.996E-05
0.9995 9.996E-05 9.996E-05 9.996E-05 9.996E-05 9.996E-05
0.9995 9.996E-05 9.996E-05 9.996E-05 9.996E-05 9.996E-05
0.9995 9.996E-05 9.996E-05 9.996E-05 9.996E-05 9.996E-05
0.9995 9.996E-05 9.996E-05 9.996E-05 9.996E-05 9.996E-05
0.9995 9.996E-05 9.996E-05 9.996E-05 9.996E-05 9.996E-05
0.9995 9.996E-05 9.996E-05 9.996E-05 9.996E-05 9.996E-05
0.9995 9.996E-05 9.996E-05 9.996E-05 9.996E-05 9.996E-05
0.976139 9.99648E-05 9.99648E-05 9.99648E-05 0.0234615 9.99648E-05
0.831155 9.99737E-05 0.101413 9.99737E-05 0.067132 9.99737E-05
0.9995 9.996E-05 9.996E-05 9.996E-05 9.996E-05 9.996E-05
0.981273 9.99648E-05 9.99648E-05 9.99648E-05 0.0183272 9.99648E-05
0.9995 9.996E-05 9.996E-05 9.996E-05 9.996E-05 9.996E-05
0.9995 9.996E-05 9.996E-05 9.996E-05 9.996E-05 9.996E-05
0.9995 9.996E-05 9.996E-05 9.996E-05 9.996E-05 9.996E-05
0.9995 9.996E-05 9.996E-05 9.996E-05 9.996E-05 9.996E-05
0.935007 9.99648E-05 9.99648E-05 9.99648E-05 0.0645929 9.99648E-05
0.9995 9.996E-05 9.996E-05 9.996E-05 9.996E-05 9.996E-05
0.9995 9.996E-05 9.996E-05 9.996E-05 9.996E-05 9.996E-05
0.9995 9.996E-05 9.996E-05 9.996E-05 9.996E-05 9.996E-05
0.9995 9.996E-05 9.996E-05 9.996E-05 9.996E-05 9.996E-05
0.9995 9.996E-05 9.996E-05 9.996E-05 9.996E-05 9.996E-05
0.9995 9.996E-05 9.996E-05 9.996E-05 9.996E-05 9.996E-05
0.9995 9.996E-05 9.996E-05 9.996E-05 9.996E-05 9.996E-05
0.9995 9.996E-05 9.996E-05 9.996E-05 9.996E-05 9.996E-05
0.996402 9.99649E-05 9.99649E-05 0.00319809 9.99649E-05 9.99649E-05
0.9995 9.996E-05 9.996E-05 9.996E-05 9.996E-05 9.996E-05
0.974984 9.99649E-05 9.99649E-05 0.0246159 9.99649E-05 9.99649E-05
0.994745 9.99649E-05 9.99649E-05 0.00485548 9.99649E-05 9.99649E-05
0.9995 9.996E-05 9.996E-05 9.996E-05 9.996E-05 9.996E-05
0.9995 9.996E-05 9.996E-05 9.996E-05 9.996E-05 9.996E-05
0.9995 9.996E-05 9.996E-05 9.996E-05 9.996E-05 9.996E-05
0.99201 9.99648E-05 0.00759064 9.99648E-05 9.99648E-05 9.99648E-05
0.9995 9.996E-05 9.996E-05 9.996E-05 9.996E-05 9.996E-05
0.945867 9.99649E-05 9.99649E-05 9.99649E-05 0.053733 9.99649E-05
0.9995 9.996E-05 9.996E-05 9.996E-05 9.996E-05 9.996E-05
0.9995 9.996E-05 9.996E-05 9.996E-05 9.996E-05 9.996E-05
0.97233 9.99648E-05 0.02727 9.99648E-05 9.99648E-05 9.99648E-05
0.9995 9.996E-05 9.996E-05 9.996E-05 9.996E-05 9.996E-05
0.9995 9.996E-05 9.996E-05 9.996E-05 9.996E-05 9.996E-05
0.9995 9.996E-05 9.996E-05 9.996E-05 9.996E-05 9.996E-05
0.9995 9.996E-05 9.996E-05 9.996E-05 9.996E-05 9.996E-05
0.555502 9.99736E-05 0.176111 9.99736E-05 0.268087 9.99736E-05
0.637584 9.99648E-05 9.99648E-05 9.99648E-05 0.362016 9.99648E-05
0.734601 9.99649E-05 0.264999 9.99649E-05 9.99649E-05 9.99649E-05
0.780682 9.99736E-05 0.102224 9.99736E-05 0.116794 9.99736E-05
0.549881 9.99736E-05 0.16959 9.99736E-05 0.280228 9.99736E-05
0.525484 9.99736E-05 0.0585455 9.99736E-05 0.415671 9.99736E-05
0.571748 9.99737E-05 0.142956 9.99737E-05 0.284995 9.99737E-05
0.684611 9.99737E-05 0.285045 9.99737E-05 0.0300448 9.99737E-05
0.613787 9.99736E-05 0.0875391 9.99736E-05 0.298374 9.99736E-05
0.550696 9.99736E-05 0.168228 9.99736E-05 0.280776 9.99736E-05
0.538447 9.99736E-05 0.148025 9.99736E-05 0.313228 9.99736E-05
0.506936 9.99649E-05 9.99649E-05 9.99649E-05 0.492664 9.99649E-05
0.788042 9.99648E-05 0.211558 9.99648E-05 9.99648E-05 9.99648E-05
0.861475 9.99649E-05 0.138125 9.99649E-05 9.99649E-05 9.99649E-05
0.866921 9.99649E-05 0.13268 9.99649E-05 9.99649E-05 9.99649E-05
0.851506 9.99737E-05 0.0903779 9.99737E-05 0.0578159 9.99737E-05
0.808671 9.99649E-05 0.190929 9.99649E-05 9.99649E-05 9.99649E-05
0.190518 9.99736E-05 0.0746223 9.99736E-05 0.73456 9.99736E-05
0.349392 9.99736E-05 0.166244 9.99736E-05 0.484064 9.99736E-05
0.216806 9.99649E-05 9.99649E-05 9.99649E-05 0.782794 9.99649E-05
0.0964126 9.99736E-05 9.99736E-05 0.0385145 0.864773 9.99736E-05
0.224452 9.99736E-05 0.123244 9.99736E-05 0.652004 9.99736E-05
0.156708 9.99649E-05 9.99649E-05 9.99649E-05 0.842892 9.99649E-05
9.99649E-05 9.99649E-05 0.0963091 9.99649E-05 0.903291 9.99649E-05
9.996E-05 9.996E-05 9.996E-05 9.996E-05 0.9995 9.996E-05
9.99736E-05 9.99736E-05 0.100038 0.0444757 0.855186 9.99736E-05
0.268728 9.99736E-05 0.0479291 9.99736E-05 0.683043 9.99736E-05
0.0413349 0.0156366 0.251841 9.99824E-05 0.690987 9.99824E-05
0.117272 9.99736E-05 9.99736E-05 0.0769452 0.805483 9.99736E-05
0.177305 0.112377 0.267843 9.99824E-05 0.442275 9.99824E-05
0.0923262 9.99737E-05 0.377881 9.99737E-05 0.529493 9.99737E-05
0.135856 0.00234191 0.282937 9.99824E-05 0.578665 9.99824E-05
9.9965E-05 9.9965E-05 0.227129 9.9965E-05 0.772471 9.9965E-05
0.169238 9.99736E-05 0.258552 9.99736E-05 0.571911 9.99736E-05
9.99736E-05 9.99736E-05 0.0653335 0.0465313 0.887835 9.99736E-05
0.390043 9.99824E-05 0.0396878 0.0183673 0.551702 9.99824E-05
0.119561 9.99736E-05 0.467191 9.99736E-05 0.412948 9.99736E-05
0.130956 9.99736E-05 0.48414 9.99736E-05 0.384604 9.99736E-05
0.0584328 9.99736E-05 0.274594 9.99736E-05 0.666673 9.99736E-05
0.103634 9.99736E-05 0.471331 9.99736E-05 0.424735 9.99736E-05
9.99649E-05 9.99649E-05 0.0275035 9.99649E-05 0.972097 9.99649E-05
0.159333 9.99736E-05 0.19215 9.99736E-05 0.648217 9.99736E-05
0.255568 9.99736E-05 0.153729 9.99736E-05 0.590403 9.99736E-05
0.288753 9.99649E-05 9.99649E-05 9.99649E-05 0.710847 9.99649E-05
0.294022 9.99736E-05 0.0599222 9.99736E-05 0.645756 9.99736E-05
0.0962748 9.99736E-05 0.143564 9.99736E-05 0.759862 9.99736E-05
9.99649E-05 9.99649E-05 0.123422 9.99649E-05 0.876178 9.99649E-05
0.0494502 9.99824E-05 0.0809034 0.00394636 0.8655 9.99824E-05
0.391745 9.99824E-05 0.127619 0.0417886 0.438648 9.99824E-05
0.200683 9.99824E-05 0.134563 0.0183714 0.646183 9.99824E-05
9.99648E-05 9.99648E-05 0.12846 9.99648E-05 0.87114 9.99648E-05
9.99648E-05 9.99648E-05 0.300806 9.99648E-05 0.698794 9.99648E-05
0.0120858 9.99736E-05 0.1863 9.99736E-05 0.801315 9.99736E-05
0.029359 9.99736E-05 0.251489 9.99736E-05 0.718852 9.99736E-05
0.117479 9.99736E-05 0.171887 9.99736E-05 0.710334 9.99736E-05
0.107113 9.99736E-05 0.445976 9.99736E-05 0.446611 9.99736E-05
0.123273 9.99736E-05 0.147044 9.99736E-05 0.729383 9.99736E-05
0.164835 9.99737E-05 9.99737E-05 0.0273126 0.807553 9.99737E-05
0.0461471 9.99736E-05 0.112179 9.99736E-05 0.841374 9.99736E-05
0.0276172 9.99736E-05 0.154034 9.99736E-05 0.818048 9.99736E-05
0.0362039 9.99736E-05 9.99736E-05 0.0737457 0.889751 9.99736E-05
9.99648E-05 9.99648E-05 0.145168 9.99648E-05 0.854432 9.99648E-05
0.104802 9.99736E-05 0.110888 9.99736E-05 0.784011 9.99736E-05
9.99648E-05 9.99648E-05 0.150591 9.99648E-05 0.849009 9.99648E-05
0.306033 9.99737E-05 0.416649 9.99737E-05 0.277018 9.99737E-05
0.109809 9.99736E-05 0.140879 9.99736E-05 0.749012 9.99736E-05
9.99648E-05 9.99648E-05 0.111077 9.99648E-05 0.888523 9.99648E-05
0.093972 9.99736E-05 9.99736E-05 0.0882378 0.81749 9.99736E-05
0.13821 9.99736E-05 9.99736E-05 0.122454 0.739036 9.99736E-05
0.224944 9.99736E-05 0.0612082 9.99736E-05 0.713548 9.99736E-05
0.0862447 9.99736E-05 0.174734 9.99736E-05 0.738722 9.99736E-05
0.101356 9.99736E-05 9.99736E-05 0.0941453 0.804199 9.99736E-05
0.294141 9.99736E-05 0.325897 9.99736E-05 0.379662 9.99736E-05
0.0062456 9.99736E-05 0.154579 9.99736E-05 0.838876 9.99736E-05
