0.171889 0.0140268 0.497266 9.99736E-05 0.0351476 0.0335569 9.99736E-05 9.99736E-05 0.115685 0.132128
0.0447945 0.00353784 0.737585 9.99561E-05 9.99561E-05 9.99561E-05 9.99561E-05 9.99561E-05 0.0819111 0.131672
0.0801613 9.99473E-05 0.804163 0.0832225 9.99473E-05 9.99473E-05 9.99473E-05 0.0318539 9.99473E-05 9.99473E-05
0.0262787 0.140718 0.266743 0.364464 0.0594031 0.00927541 0.0748201 9.99824E-05 0.0580974 9.99824E-05
9.99385E-05 9.99385E-05 0.782633 0.182774 0.0338928 9.99385E-05 9.99385E-05 9.99385E-05 9.99385E-05 9.99385E-05
0.0184705 9.99649E-05 0.288936 0.325779 0.175991 9.99649E-05 0.0836029 9.99649E-05 9.99649E-05 0.10682
0.197293 9.99668E-05 0.28723 0.319281 9.99668E-05 9.99668E-05 9.99668E-05 0.0532711 0.076795 0.0657305
9.99737E-05 9.99737E-05 0.263786 0.15972 0.239534 0.0549212 9.99737E-05 0.203095 0.0605444 0.0180996
0.274761 0.134243 0.233663 0.0215955 0.295811 9.99649E-05 9.99649E-05 9.99649E-05 0.0395257 9.99649E-05
0.121314 9.99385E-05 0.858803 9.99385E-05 9.99385E-05 0.0191839 9.99385E-05 9.99385E-05 9.99385E-05 9.99385E-05
0.273722 9.99473E-05 0.498471 9.99473E-05 0.0304236 9.99473E-05 9.99473E-05 9.99473E-05 0.196784 9.99473E-05
9.99473E-05 0.0405752 0.842471 0.09698 0.019374 9.99473E-05 9.99473E-05 9.99473E-05 9.99473E-05 9.99473E-05
0.136902 9.99297E-05 0.862299 9.99297E-05 9.99297E-05 9.99297E-05 9.99297E-05 9.99297E-05 9.99297E-05 9.99297E-05
0.122165 9.99561E-05 0.634967 9.99561E-05 9.99561E-05 9.99561E-05 0.140132 0.0386959 0.0635398 9.99561E-05
0.246915 0.0870477 0.347572 0.176269 0.0899127 0.014002 0.0379817 9.99737E-05 9.99737E-05 9.99737E-05
0.207024 9.99649E-05 0.262427 0.0904157 0.319204 9.99649E-05 9.99649E-05 0.104811 9.99649E-05 0.0157177
0.0724582 9.99737E-05 0.595934 0.0908783 9.99737E-05 9.99737E-05 0.0423115 0.00644346 0.0533661 0.138308
0.288685 0.215136 0.228143 9.99561E-05 0.0569389 0.210597 9.99561E-05 9.99561E-05 9.99561E-05 9.99561E-05
0.213345 0.0181053 0.370833 0.125128 0.135495 0.0450981 9.99824E-05 0.0584155 0.0333792 9.99824E-05
9.99385E-05 0.0480711 0.9398 9.99385E-05 0.011429 9.99385E-05 9.99385E-05 9.99385E-05 9.99385E-05 9.99385E-05
0.0828139 0.0162874 0.426324 0.282068 0.107108 9.99649E-05 9.99649E-05 9.99649E-05 0.0849981 9.99649E-05
9.99649E-05 9.99649E-05 0.309717 0.375734 0.212164 0.0435349 9.99649E-05 9.99649E-05 0.0393152 0.0191355
0.0983382 9.99473E-05 0.648721 9.99473E-05 9.99473E-05 9.99473E-05 9.99473E-05 9.99473E-05 0.10645 0.145891
0.395466 9.99385E-05 0.482713 9.99385E-05 9.99385E-05 9.99385E-05 9.99385E-05 0.121122 9.99385E-05 9.99385E-05
0.354767 0.16003 0.219414 0.0322749 0.124912 9.99824E-05 0.00496272 0.0141634 0.0892754 9.99824E-05
0.128738 9.99561E-05 0.626787 0.103485 9.99561E-05 9.99561E-05 0.139247 9.99561E-05 0.0012435 9.99561E-05
0.185825 9.99912E-05 0.0476187 0.0832854 0.0448081 0.151831 0.24585 0.126545 0.0206933 0.0934443
0.100234 9.99473E-05 0.778846 0.118118 9.99473E-05 9.99473E-05 9.99473E-05 9.99473E-05 0.0022022 9.99473E-05
0.262744 0.060685 0.607029 9.99561E-05 0.0312068 9.99561E-05 9.99561E-05 9.99561E-05 0.0378358 9.99561E-05
0.108719 9.99649E-05 0.747181 9.99649E-05 0.0351364 0.00321828 0.0510429 9.99649E-05 0.0543025 9.99649E-05
0.12166 9.99561E-05 0.666101 9.99561E-05 0.0168635 0.0299556 9.99561E-05 9.99561E-05 0.16492 9.99561E-05
0.120573 9.99561E-05 0.529112 0.107805 9.99561E-05 9.99561E-05 0.174437 9.99561E-05 0.0675729 9.99561E-05
0.277952 9.99473E-05 0.494894 9.99473E-05 9.99473E-05 9.99473E-05 9.99473E-05 0.0875452 0.139009 9.99473E-05
0.205689 9.99649E-05 0.456517 0.0678858 9.99649E-05 0.0936664 0.161885 0.0139575 9.99649E-05 9.99649E-05
0.00762149 0.0371929 0.784257 9.99649E-05 0.0135796 9.99649E-05 9.99649E-05 9.99649E-05 0.0995191 0.05743
0.108466 0.0297337 0.602493 0.0844806 0.0299102 9.99737E-05 9.99737E-05 9.99737E-05 0.088727 0.0558894
9.99385E-05 9.99385E-05 0.869086 9.99385E-05 9.99385E-05 9.99385E-05 9.99385E-05 0.0854781 0.044736 9.99385E-05
0.0828002 0.0923761 0.621679 9.99649E-05 0.125786 9.99649E-05 0.0764364 9.99649E-05 0.000521859 9.99649E-05
0.186117 9.99737E-05 0.518988 0.0618351 0.0573098 9.99737E-05 0.0929674 9.99737E-05 0.0350924 0.0473903
0.201379 9.99561E-05 0.534555 9.99561E-05 9.99561E-05 9.99561E-05 0.142545 0.0893529 0.0316686 9.99561E-05
0.0978185 9.99561E-05 0.800136 0.0359968 0.0261111 9.99561E-05 9.99561E-05 9.99561E-05 0.0394378 9.99561E-05
0.209757 9.99561E-05 0.658854 0.0427919 0.0679492 9.99561E-05 9.99561E-05 9.99561E-05 0.0201474 9.99561E-05
9.99385E-05 9.99385E-05 0.82872 0.107825 9.99385E-05 9.99385E-05 9.99385E-05 9.99385E-05 9.99385E-05 0.0627547
0.288891 9.99737E-05 0.425163 0.0241474 0.131945 0.00171224 9.99737E-05 9.99737E-05 0.0888692 0.0389716
0.363379 9.99474E-05 0.313701 0.319899 9.99474E-05 9.99474E-05 9.99474E-05 9.99474E-05 0.00242163 9.99474E-05
0.0440024 0.0566831 0.851483 0.0472319 9.99472E-05 9.99472E-05 9.99472E-05 9.99472E-05 9.99472E-05 9.99472E-05
0.0984354 9.99561E-05 0.799193 9.99561E-05 0.0283967 0.0423906 9.99561E-05 9.99561E-05 0.0310841 9.99561E-05
0.078614 9.99385E-05 0.868468 9.99385E-05 9.99385E-05 9.99385E-05 9.99385E-05 0.0522187 9.99385E-05 9.99385E-05
0.208556 9.99473E-05 0.645424 0.105105 9.99473E-05 9.99473E-05 9.99473E-05 9.99473E-05 0.0403161 9.99473E-05
9.99737E-05 0.0285403 0.7187 0.0195892 0.0112286 9.99737E-05 9.99737E-05 0.126 0.0465251 0.0491167
0.270931 0.0678508 0.256541 0.0189854 0.0500916 0.00162069 0.138517 0.0304481 0.164914 9.99912E-05
9.99474E-05 0.0877735 0.624447 0.280198 0.00698254 9.99474E-05 9.99474E-05 9.99474E-05 9.99474E-05 9.99474E-05
0.0323072 9.99473E-05 0.858875 9.99473E-05 0.0197786 0.0884393 9.99473E-05 9.99473E-05 9.99473E-05 9.99473E-05
0.0497549 9.99562E-05 0.579857 0.140603 0.0108127 9.99562E-05 9.99562E-05 0.218473 9.99562E-05 9.99562E-05
0.144843 0.0129687 0.721898 0.0253751 0.0219594 0.0725559 9.99649E-05 9.99649E-05 9.99649E-05 9.99649E-05
9.99561E-05 0.082827 0.603596 0.0184549 9.99561E-05 9.99561E-05 0.207712 9.99561E-05 0.08691 9.99561E-05
0.0457761 9.99473E-05 0.678887 0.160986 9.99473E-05 0.113751 9.99473E-05 9.99473E-05 9.99473E-05 9.99473E-05
0.0617663 9.99474E-05 0.790024 9.99474E-05 9.99474E-05 9.99474E-05 9.99474E-05 0.0107288 0.136881 9.99474E-05
0.0484231 9.99824E-05 0.797053 0.00471705 0.0355291 0.00669047 9.99824E-05 0.0389579 0.0381901 0.0302389
0.330811 9.99649E-05 0.0814355 9.99649E-05 0.052597 0.104929 9.99649E-05 9.99649E-05 0.0776995 0.352128
0.0896844 9.99562E-05 0.336428 0.108059 9.99562E-05 9.99562E-05 9.99562E-05 0.101144 9.99562E-05 0.364184
0.033032 9.99825E-05 0.291553 9.99825E-05 0.0148043 0.152687 0.0524858 0.0414789 0.0167425 0.397017
0.079132 0.0353146 9.99737E-05 9.99737E-05 0.16991 0.0800083 0.130141 0.0237116 9.99737E-05 0.481482
0.191726 9.99737E-05 0.0861864 0.259808 0.180944 0.0977195 9.99737E-05 9.99737E-05 0.0304837 0.152833
0.461403 9.99561E-05 9.99561E-05 9.99561E-05 0.0863314 0.104173 9.99561E-05 9.99561E-05 0.0650102 0.282582
0.275415 9.99561E-05 9.99561E-05 0.0301544 9.99561E-05 0.0348183 9.99561E-05 9.99561E-05 0.116164 0.542948
0.26234 9.99649E-05 9.99649E-05 9.99649E-05 0.101566 0.163259 9.99649E-05 0.0415825 0.0357964 0.395056
0.15384 9.99649E-05 0.224118 9.99649E-05 9.99649E-05 0.135946 0.00323016 0.035055 9.99649E-05 0.447412
0.147671 9.99737E-05 0.287655 0.0232588 0.0814169 0.0493504 9.99737E-05 9.99737E-05 0.154294 0.256054
0.484652 9.99561E-05 9.99561E-05 9.99561E-05 0.141063 0.0401554 9.99561E-05 9.99561E-05 0.220407 0.113222
0.231242 9.99737E-05 0.0126957 0.267936 9.99737E-05 0.00729798 9.99737E-05 0.0764509 0.115031 0.289046
0.153076 9.99824E-05 9.99824E-05 0.197007 0.16041 0.00179259 0.0497993 0.0927016 0.159202 0.185811
0.417434 9.99473E-05 9.99473E-05 0.121963 9.99473E-05 9.99473E-05 9.99473E-05 0.143389 9.99473E-05 0.316615
0.088475 9.99737E-05 0.285361 9.99737E-05 0.0114757 9.99737E-05 0.0771838 0.176452 0.0884571 0.272295
0.213796 9.99737E-05 0.227318 0.0211953 0.0488676 0.039707 9.99737E-05 9.99737E-05 0.089225 0.359591
0.155957 9.99649E-05 9.99649E-05 0.260131 9.99649E-05 0.130899 0.0100198 0.0669101 9.99649E-05 0.375683
0.193941 9.99737E-05 0.0907999 0.208536 0.127411 0.0465919 9.99737E-05 9.99737E-05 0.290656 0.0417643
0.271745 9.99737E-05 0.159462 0.0137824 0.0356739 0.178824 9.99737E-05 9.99737E-05 0.0943546 0.245858
0.464735 9.99561E-05 9.99561E-05 9.99561E-05 9.99561E-05 0.0367395 9.99561E-05 0.145548 0.0664835 0.285994
0.175824 9.99737E-05 0.270535 9.99737E-05 9.99737E-05 0.0144011 0.0179421 0.0786745 0.0345159 0.407808
0.2387 9.99824E-05 0.0511241 9.99824E-05 0.020034 0.0896026 0.0335456 0.187962 0.0339549 0.344876
0.213435 9.99737E-05 0.16805 9.99737E-05 9.99737E-05 0.101508 0.203589 0.0479242 0.0134492 0.251745
0.227331 9.99737E-05 0.144214 0.273767 0.0805888 0.149343 9.99737E-05 0.0166044 9.99737E-05 0.107851
0.258113 9.99736E-05 0.239362 0.0915082 0.0687222 9.99736E-05 0.0137821 9.99736E-05 0.273996 0.0542162
0.166802 0.0176353 0.278789 9.99737E-05 0.0447935 9.99737E-05 0.00546628 9.99737E-05 0.0892099 0.397004
0.148353 9.99562E-05 0.388086 9.99562E-05 9.99562E-05 0.124359 9.99562E-05 0.0204987 9.99562E-05 0.318204
0.227086 9.99562E-05 0.228239 0.129656 0.0254337 9.99562E-05 9.99562E-05 9.99562E-05 9.99562E-05 0.389086
0.228443 9.99649E-05 0.268543 0.0505297 0.00579584 0.295343 9.99649E-05 9.99649E-05 9.99649E-05 0.150946
0.241864 0.0163814 0.245431 9.99737E-05 0.220014 0.0193044 9.99737E-05 9.99737E-05 0.0347323 0.221973
0.208669 9.99473E-05 9.99473E-05 0.0177811 0.168378 9.99473E-05 0.604572 9.99473E-05 9.99473E-05 9.99473E-05
0.0305537 9.99386E-05 9.99386E-05 9.99386E-05 0.0234585 9.99386E-05 0.945288 9.99386E-05 9.99386E-05 9.99386E-05
0.159975 9.99561E-05 9.99561E-05 9.99561E-05 0.0187534 9.99561E-05 0.685275 0.0919649 0.0435318 9.99561E-05
0.193758 9.99472E-05 9.99472E-05 9.99472E-05 0.128321 9.99472E-05 0.600252 9.99472E-05 0.0770691 9.99472E-05
0.0670018 0.0196539 9.99648E-05 9.99648E-05 0.166103 0.00337736 0.6698 0.0736646 9.99648E-05 9.99648E-05
0.192264 0.034109 9.99473E-05 9.99473E-05 0.220437 9.99473E-05 0.55259 9.99473E-05 9.99473E-05 9.99473E-05
0.153546 9.99561E-05 9.99561E-05 9.99561E-05 0.191992 0.0751025 0.53281 9.99561E-05 0.04605 9.99561E-05
0.0994474 0.00968041 9.9956E-05 9.9956E-05 0.25695 0.00675847 0.626664 9.9956E-05 9.9956E-05 9.9956E-05
0.0557529 9.9956E-05 9.9956E-05 9.9956E-05 0.429807 9.9956E-05 0.150648 9.9956E-05 0.052332 0.310961
0.377853 9.99561E-05 9.99561E-05 0.0113323 0.225167 0.00426762 0.38088 9.99561E-05 9.99561E-05 9.99561E-05
0.0247638 9.99561E-05 9.99561E-05 9.99561E-05 0.00156029 9.99561E-05 0.690987 9.99561E-05 0.0508966 0.231293
0.134594 0.0327911 9.99561E-05 9.99561E-05 9.99561E-05 9.99561E-05 0.614745 9.99561E-05 0.0662905 0.15108
9.99385E-05 9.99385E-05 9.99385E-05 9.99385E-05 0.167176 9.99385E-05 0.753047 9.99385E-05 0.0790776 9.99385E-05
0.209088 9.99473E-05 9.99473E-05 9.99473E-05 0.149306 9.99473E-05 0.622546 9.99473E-05 0.0184603 9.99473E-05
9.99561E-05 9.99561E-05 9.99561E-05 9.99561E-05 0.11207 0.149876 0.677349 0.0417537 0.0184504 9.99561E-05
0.209436 0.0547393 9.99736E-05 9.99736E-05 0.057773 9.99736E-05 0.537307 0.00537785 0.0585478 0.0765186
0.128261 0.074621 9.99648E-05 9.99648E-05 0.110848 0.0501065 0.438288 9.99648E-05 9.99648E-05 0.197475
0.0763341 9.99649E-05 0.00540343 9.99649E-05 0.172559 9.99649E-05 0.589545 0.053617 0.102142 9.99649E-05
9.99385E-05 9.99385E-05 9.99385E-05 9.99385E-05 0.0930339 9.99385E-05 0.865154 9.99385E-05 0.0411122 9.99385E-05
0.109104 0.135843 9.99561E-05 9.99561E-05 0.104604 9.99561E-05 0.628077 9.99561E-05 0.0218726 9.99561E-05
0.0532178 9.99561E-05 9.99561E-05 0.139079 0.0736539 9.99561E-05 0.599209 9.99561E-05 9.99561E-05 0.13434
0.0879899 9.9956E-05 9.9956E-05 9.9956E-05 0.105999 0.0102566 0.734806 9.9956E-05 0.0604485 9.9956E-05
0.361862 0.040592 9.99649E-05 0.109246 0.227199 9.99649E-05 0.208801 9.99649E-05 9.99649E-05 0.0518997
0.0653765 0.0218939 9.99561E-05 9.99561E-05 0.180947 9.99561E-05 0.680223 9.99561E-05 0.0510599 9.99561E-05
0.358039 0.028962 9.99561E-05 9.99561E-05 0.206364 9.99561E-05 0.325946 9.99561E-05 0.0801896 9.99561E-05
0.13937 9.99649E-05 9.99649E-05 9.99649E-05 0.151024 0.0322634 0.621384 0.00420585 9.99649E-05 0.0513527
0.0402451 0.124177 0.0253652 0.0168327 9.99562E-05 9.99562E-05 0.79288 9.99562E-05 9.99562E-05 9.99562E-05
0.148247 0.00961711 9.9956E-05 0.110064 0.172318 9.9956E-05 0.559254 9.9956E-05 9.9956E-05 9.9956E-05
0.232021 9.99473E-05 9.99473E-05 9.99473E-05 0.294009 9.99473E-05 0.431891 9.99473E-05 9.99473E-05 0.0414788
0.15821 0.0579211 9.99561E-05 9.99561E-05 0.0147213 9.99561E-05 0.706658 9.99561E-05 0.0619902 9.99561E-05
0.246533 9.99473E-05 9.99473E-05 9.99473E-05 0.0762094 9.99473E-05 0.574885 9.99473E-05 0.101772 9.99473E-05
0.076426 0.0458278 9.9956E-05 9.9956E-05 9.9956E-05 9.9956E-05 0.812469 0.0386151 0.0261623 9.9956E-05
0.176859 0.206433 9.9956E-05 9.9956E-05 0.349703 9.9956E-05 0.2467 9.9956E-05 0.0198056 9.9956E-05
0.224609 0.0632196 9.9956E-05 9.9956E-05 0.127286 9.9956E-05 0.583117 9.9956E-05 0.00126937 9.9956E-05
0.118092 9.99385E-05 9.99385E-05 9.99385E-05 0.0055203 9.99385E-05 0.875688 9.99385E-05 9.99385E-05 9.99385E-05
9.99648E-05 0.0863228 9.99648E-05 9.99648E-05 0.107166 9.99648E-05 0.686809 0.0183693 0.0446786 0.0562541
0.268608 9.9956E-05 9.9956E-05 9.9956E-05 0.16484 0.0465888 0.473953 9.9956E-05 0.0455104 9.9956E-05
9.99298E-05 9.99298E-05 9.99298E-05 9.99298E-05 0.0638888 9.99298E-05 0.935312 9.99298E-05 9.99298E-05 9.99298E-05
0.0403105 0.0261857 9.99561E-05 9.99561E-05 0.035517 0.0112747 0.886212 9.99561E-05 9.99561E-05 9.99561E-05
0.0127951 9.99386E-05 9.99386E-05 9.99386E-05 0.0626818 9.99386E-05 0.923823 9.99386E-05 9.99386E-05 9.99386E-05
9.99386E-05 9.99386E-05 9.99386E-05 9.99386E-05 0.0305506 9.99386E-05 0.926691 9.99386E-05 9.99386E-05 0.0420593
0.399087 9.9956E-05 9.9956E-05 9.9956E-05 0.151076 9.9956E-05 0.341675 9.9956E-05 0.0205949 0.0870678
0.00434812 0.0246073 9.99736E-05 0.016936 0.23025 0.0363318 0.667342 9.99736E-05 0.0198848 9.99736E-05
0.0441747 0.0582801 9.99561E-05 9.99561E-05 0.162277 9.99561E-05 0.724856 9.99561E-05 9.99561E-05 0.00991276
0.0450509 9.99386E-05 0.063175 9.99386E-05 9.99386E-05 9.99386E-05 0.891075 9.99386E-05 9.99386E-05 9.99386E-05
0.124198 0.122951 9.99824E-05 9.99824E-05 0.208073 0.0439168 0.27754 0.0171761 0.0553507 0.150594
0.209734 9.99561E-05 9.99561E-05 9.99561E-05 0.106391 0.0614402 0.560714 9.99561E-05 0.0612207 9.99561E-05
0.0809024 9.99649E-05 9.99649E-05 9.99649E-05 0.19579 0.0174834 0.472631 0.123256 9.99649E-05 0.109537
0.320084 0.0657954 9.99561E-05 9.99561E-05 0.275332 9.99561E-05 0.272281 9.99561E-05 0.0660073 9.99561E-05
0.00845133 9.99298E-05 9.99298E-05 9.99298E-05 9.99298E-05 9.99298E-05 0.990749 9.99298E-05 9.99298E-05 9.99298E-05
0.263763 0.00798857 9.99736E-05 0.146253 0.0362623 9.99736E-05 0.450058 0.0661484 0.0292272 9.99736E-05
9.99387E-05 9.99387E-05 9.99387E-05 9.99387E-05 0.0763608 9.99387E-05 0.838238 9.99387E-05 9.99387E-05 0.084702
0.13604 9.99474E-05 9.99474E-05 9.99474E-05 0.135465 9.99474E-05 0.707234 9.99474E-05 0.0206616 9.99474E-05
9.99473E-05 9.99473E-05 9.99473E-05 9.99473E-05 0.244965 9.99473E-05 0.609196 0.14029 9.99473E-05 0.00494902
0.100921 0.0485721 9.99824E-05 0.0440434 0.052157 0.000584514 0.683214 0.0295355 0.0407723 9.99824E-05
0.370155 0.0145081 9.9956E-05 9.9956E-05 0.237745 9.9956E-05 0.301601 9.9956E-05 9.9956E-05 0.0754921
0.159465 9.99472E-05 9.99472E-05 9.99472E-05 0.14904 9.99472E-05 0.622562 9.99472E-05 0.0683324 9.99472E-05
0.061842 9.9956E-05 9.9956E-05 9.9956E-05 0.159377 9.9956E-05 0.664195 0.0642484 0.0498371 9.9956E-05
0.0409985 0.167376 9.99385E-05 9.99385E-05 9.99385E-05 9.99385E-05 0.790926 9.99385E-05 9.99385E-05 9.99385E-05
0.0566033 9.99473E-05 9.99473E-05 9.99473E-05 0.212507 9.99473E-05 0.721868 9.99473E-05 9.99473E-05 0.00842118
0.999101 9.99207E-05 9.99207E-05 9.99207E-05 9.99207E-05 9.99207E-05 9.99207E-05 9.99207E-05 9.99207E-05 9.99207E-05
9.99208E-05 9.99208E-05 9.99208E-05 9.99208E-05 0.999101 9.99208E-05 9.99208E-05 9.99208E-05 9.99208E-05 9.99208E-05
0.999101 9.99208E-05 9.99208E-05 9.99208E-05 9.99208E-05 9.99208E-05 9.99208E-05 9.99208E-05 9.99208E-05 9.99208E-05
9.99208E-05 9.99208E-05 9.99208E-05 9.99208E-05 0.999101 9.99208E-05 9.99208E-05 9.99208E-05 9.99208E-05 9.99208E-05
9.99208E-05 9.99208E-05 9.99208E-05 9.99208E-05 0.999101 9.99208E-05 9.99208E-05 9.99208E-05 9.99208E-05 9.99208E-05
9.99208E-05 9.99208E-05 9.99208E-05 9.99208E-05 0.999101 9.99208E-05 9.99208E-05 9.99208E-05 9.99208E-05 9.99208E-05
0.999101 9.99208E-05 9.99208E-05 9.99208E-05 9.99208E-05 9.99208E-05 9.99208E-05 9.99208E-05 9.99208E-05 9.99208E-05
9.99208E-05 9.99208E-05 9.99208E-05 9.99208E-05 0.999101 9.99208E-05 9.99208E-05 9.99208E-05 9.99208E-05 9.99208E-05
9.99208E-05 9.99208E-05 9.99208E-05 9.99208E-05 0.999101 9.99208E-05 9.99208E-05 9.99208E-05 9.99208E-05 9.99208E-05
0.991779 9.99296E-05 9.99296E-05 9.99296E-05 9.99296E-05 0.00742198 9.99296E-05 9.99296E-05 9.99296E-05 9.99296E-05
0.999101 9.99208E-05 9.99208E-05 9.99208E-05 9.99208E-05 9.99208E-05 9.99208E-05 9.99208E-05 9.99208E-05 9.99208E-05
0.999101 9.99208E-05 9.99208E-05 9.99208E-05 9.99208E-05 9.99208E-05 9.99208E-05 9.99208E-05 9.99208E-05 9.99208E-05
9.99208E-05 9.99208E-05 9.99208E-05 9.99208E-05 0.999101 9.99208E-05 9.99208E-05 9.99208E-05 9.99208E-05 9.99208E-05
9.99208E-05 9.99208E-05 9.99208E-05 9.99208E-05 0.999101 9.99208E-05 9.99208E-05 9.99208E-05 9.99208E-05 9.99208E-05
0.999101 9.99208E-05 9.99208E-05 9.99208E-05 9.99208E-05 9.99208E-05 9.99208E-05 9.99208E-05 9.99208E-05 9.99208E-05
0.999101 9.99207E-05 9.99207E-05 9.99207E-05 9.99207E-05 9.99207E-05 9.99207E-05 9.99207E-05 9.99207E-05 9.99207E-05
0.162699 0.0217902 9.99736E-05 0.226576 0.109417 0.0295742 0.337254 0.112389 9.99736E-05 9.99736E-05
0.999101 9.99208E-05 9.99208E-05 9.99208E-05 9.99208E-05 9.99208E-05 9.99208E-05 9.99208E-05 9.99208E-05 9.99208E-05
9.99208E-05 9.99208E-05 9.99208E-05 9.99208E-05 0.999101 9.99208E-05 9.99208E-05 9.99208E-05 9.99208E-05 9.99208E-05
0.999101 9.99207E-05 9.99207E-05 9.99207E-05 9.99207E-05 9.99207E-05 9.99207E-05 9.99207E-05 9.99207E-05 9.99207E-05
0.999101 9.99208E-05 9.99208E-05 9.99208E-05 9.99208E-05 9.99208E-05 9.99208E-05 9.99208E-05 9.99208E-05 9.99208E-05
0.999101 9.99208E-05 9.99208E-05 9.99208E-05 9.99208E-05 9.99208E-05 9.99208E-05 9.99208E-05 9.99208E-05 9.99208E-05
9.99208E-05 9.99208E-05 9.99208E-05 9.99208E-05 0.999101 9.99208E-05 9.99208E-05 9.99208E-05 9.99208E-05 9.99208E-05
0.999101 9.99208E-05 9.99208E-05 9.99208E-05 9.99208E-05 9.99208E-05 9.99208E-05 9.99208E-05 9.99208E-05 9.99208E-05
9.99208E-05 9.99208E-05 9.99208E-05 9.99208E-05 0.999101 9.99208E-05 9.99208E-05 9.99208E-05 9.99208E-05 9.99208E-05
0.999101 9.99208E-05 9.99208E-05 9.99208E-05 9.99208E-05 9.99208E-05 9.99208E-05 9.99208E-05 9.99208E-05 9.99208E-05
0.999101 9.99207E-05 9.99207E-05 9.99207E-05 9.99207E-05 9.99207E-05 9.99207E-05 9.99207E-05 9.99207E-05 9.99207E-05
9.99208E-05 9.99208E-05 9.99208E-05 9.99208E-05 0.999101 9.99208E-05 9.99208E-05 9.99208E-05 9.99208E-05 9.99208E-05
9.99208E-05 9.99208E-05 9.99208E-05 9.99208E-05 0.999101 9.99208E-05 9.99208E-05 9.99208E-05 9.99208E-05 9.99208E-05
9.99209E-05 9.99209E-05 9.99209E-05 9.99209E-05 0.999101 9.99209E-05 9.99209E-05 9.99209E-05 9.99209E-05 9.99209E-05
0.999101 9.99208E-05 9.99208E-05 9.99208E-05 9.99208E-05 9.99208E-05 9.99208E-05 9.99208E-05 9.99208E-05 9.99208E-05
0.999101 9.99207E-05 9.99207E-05 9.99207E-05 9.99207E-05 9.99207E-05 9.99207E-05 9.99207E-05 9.99207E-05 9.99207E-05
0.999101 9.99208E-05 9.99208E-05 9.99208E-05 9.99208E-05 9.99208E-05 9.99208E-05 9.99208E-05 9.99208E-05 9.99208E-05
0.999101 9.99208E-05 9.99208E-05 9.99208E-05 9.99208E-05 9.99208E-05 9.99208E-05 9.99208E-05 9.99208E-05 9.99208E-05
0.999101 9.99208E-05 9.99208E-05 9.99208E-05 9.99208E-05 9.99208E-05 9.99208E-05 9.99208E-05 9.99208E-05 9.99208E-05
9.99208E-05 9.99208E-05 9.99208E-05 9.99208E-05 0.999101 9.99208E-05 9.99208E-05 9.99208E-05 9.99208E-05 9.99208E-05
9.99208E-05 9.99208E-05 9.99208E-05 9.99208E-05 0.999101 9.99208E-05 9.99208E-05 9.99208E-05 9.99208E-05 9.99208E-05
9.99208E-05 9.99208E-05 9.99208E-05 9.99208E-05 0.999101 9.99208E-05 9.99208E-05 9.99208E-05 9.99208E-05 9.99208E-05
0.999101 9.99208E-05 9.99208E-05 9.99208E-05 9.99208E-05 9.99208E-05 9.99208E-05 9.99208E-05 9.99208E-05 9.99208E-05
9.99208E-05 9.99208E-05 9.99208E-05 9.99208E-05 0.999101 9.99208E-05 9.99208E-05 9.99208E-05 9.99208E-05 9.99208E-05
9.99208E-05 9.99208E-05 9.99208E-05 9.99208E-05 0.999101 9.99208E-05 9.99208E-05 9.99208E-05 9.99208E-05 9.99208E-05
9.99208E-05 9.99208E-05 9.99208E-05 9.99208E-05 0.999101 9.99208E-05 9.99208E-05 9.99208E-05 9.99208E-05 9.99208E-05
9.99208E-05 9.99208E-05 9.99208E-05 9.99208E-05 0.999101 9.99208E-05 9.99208E-05 9.99208E-05 9.99208E-05 9.99208E-05
0.999101 9.99207E-05 9.99207E-05 9.99207E-05 9.99207E-05 9.99207E-05 9.99207E-05 9.99207E-05 9.99207E-05 9.99207E-05
9.99208E-05 9.99208E-05 9.99208E-05 9.99208E-05 0.999101 9.99208E-05 9.99208E-05 9.99208E-05 9.99208E-05 9.99208E-05
9.99208E-05 9.99208E-05 9.99208E-05 9.99208E-05 0.999101 9.99208E-05 9.99208E-05 9.99208E-05 9.99208E-05 9.99208E-05
0.184755 0.0860999 9.99824E-05 0.136902 0.125342 0.00654148 0.360328 0.0957613 9.99824E-05 0.00406991
0.999101 9.99208E-05 9.99208E-05 9.99208E-05 9.99208E-05 9.99208E-05 9.99208E-05 9.99208E-05 9.99208E-05 9.99208E-05
9.99209E-05 9.99209E-05 9.99209E-05 9.99209E-05 0.999101 9.99209E-05 9.99209E-05 9.99209E-05 9.99209E-05 9.99209E-05
9.99207E-05 9.99207E-05 9.99207E-05 9.99207E-05 0.999101 9.99207E-05 9.99207E-05 9.99207E-05 9.99207E-05 9.99207E-05
9.99208E-05 9.99208E-05 9.99208E-05 9.99208E-05 0.999101 9.99208E-05 9.99208E-05 9.99208E-05 9.99208E-05 9.99208E-05
9.99208E-05 9.99208E-05 9.99208E-05 9.99208E-05 0.999101 9.99208E-05 9.99208E-05 9.99208E-05 9.99208E-05 9.99208E-05
0.999101 9.99207E-05 9.99207E-05 9.99207E-05 9.99207E-05 9.99207E-05 9.99207E-05 9.99207E-05 9.99207E-05 9.99207E-05
9.99208E-05 9.99208E-05 9.99208E-05 9.99208E-05 0.999101 9.99208E-05 9.99208E-05 9.99208E-05 9.99208E-05 9.99208E-05
0.999101 9.99208E-05 9.99208E-05 9.99208E-05 9.99208E-05 9.99208E-05 9.99208E-05 9.99208E-05 9.99208E-05 9.99208E-05
9.99208E-05 9.99208E-05 9.99208E-05 9.99208E-05 0.999101 9.99208E-05 9.99208E-05 9.99208E-05 9.99208E-05 9.99208E-05
0.999101 9.99207E-05 9.99207E-05 9.99207E-05 9.99207E-05 9.99207E-05 9.99207E-05 9.99207E-05 9.99207E-05 9.99207E-05
9.99207E-05 9.99207E-05 9.99207E-05 9.99207E-05 0.999101 9.99207E-05 9.99207E-05 9.99207E-05 9.99207E-05 9.99207E-05
9.99209E-05 9.99209E-05 9.99209E-05 9.99209E-05 0.999101 9.99209E-05 9.99209E-05 9.99209E-05 9.99209E-05 9.99209E-05
9.99208E-05 9.99208E-05 9.99208E-05 9.99208E-05 0.999101 9.99208E-05 9.99208E-05 9.99208E-05 9.99208E-05 9.99208E-05
9.99208E-05 9.99208E-05 9.99208E-05 9.99208E-05 0.999101 9.99208E-05 9.99208E-05 9.99208E-05 9.99208E-05 9.99208E-05
9.99208E-05 9.99208E-05 9.99208E-05 9.99208E-05 0.999101 9.99208E-05 9.99208E-05 9.99208E-05 9.99208E-05 9.99208E-05
9.99208E-05 9.99208E-05 9.99208E-05 9.99208E-05 0.999101 9.99208E-05 9.99208E-05 9.99208E-05 9.99208E-05 9.99208E-05
0.999101 9.99208E-05 9.99208E-05 9.99208E-05 9.99208E-05 9.99208E-05 9.99208E-05 9.99208E-05 9.99208E-05 9.99208E-05
0.999101 9.99207E-05 9.99207E-05 9.99207E-05 9.99207E-05 9.99207E-05 9.99207E-05 9.99207E-05 9.99207E-05 9.99207E-05
0.999101 9.99208E-05 9.99208E-05 9.99208E-05 9.99208E-05 9.99208E-05 9.99208E-05 9.99208E-05 9.99208E-05 9.99208E-05
9.99208E-05 9.99208E-05 9.99208E-05 9.99208E-05 0.999101 9.99208E-05 9.99208E-05 9.99208E-05 9.99208E-05 9.99208E-05
0.999101 9.99208E-05 9.99208E-05 9.99208E-05 9.99208E-05 9.99208E-05 9.99208E-05 9.99208E-05 9.99208E-05 9.99208E-05
0.999101 9.99208E-05 9.99208E-05 9.99208E-05 9.99208E-05 9.99208E-05 9.99208E-05 9.99208E-05 9.99208E-05 9.99208E-05
0.999101 9.99208E-05 9.99208E-05 9.99208E-05 9.99208E-05 9.99208E-05 9.99208E-05 9.99208E-05 9.99208E-05 9.99208E-05
9.99208E-05 9.99208E-05 9.99208E-05 9.99208E-05 0.999101 9.99208E-05 9.99208E-05 9.99208E-05 9.99208E-05 9.99208E-05
9.99207E-05 9.99207E-05 9.99207E-05 9.99207E-05 0.999101 9.99207E-05 9.99207E-05 9.99207E-05 9.99207E-05 9.99207E-05
9.99208E-05 9.99208E-05 9.99208E-05 9.99208E-05 0.999101 9.99208E-05 9.99208E-05 9.99208E-05 9.99208E-05 9.99208E-05
0.999101 9.99207E-05 9.99207E-05 9.99207E-05 9.99207E-05 9.99207E-05 9.99207E-05 9.99207E-05 9.99207E-05 9.99207E-05
9.99207E-05 9.99207E-05 9.99207E-05 9.99207E-05 0.999101 9.99207E-05 9.99207E-05 9.99207E-05 9.99207E-05 9.99207E-05
9.99208E-05 9.99208E-05 9.99208E-05 9.99208E-05 0.999101 9.99208E-05 9.99208E-05 9.99208E-05 9.99208E-05 9.99208E-05
0.999101 9.99207E-05 9.99207E-05 9.99207E-05 9.99207E-05 9.99207E-05 9.99207E-05 9.99207E-05 9.99207E-05 9.99207E-05
9.99208E-05 9.99208E-05 9.99208E-05 9.99208E-05 0.999101 9.99208E-05 9.99208E-05 9.99208E-05 9.99208E-05 9.99208E-05
9.99208E-05 9.99208E-05 9.99208E-05 9.99208E-05 0.999101 9.99208E-05 9.99208E-05 9.99208E-05 9.99208E-05 9.99208E-05
0.327473 0.00630785 9.99824E-05 9.99824E-05 0.183463 0.10591 0.209786 0.0330513 0.0975538 0.0362554
0.999101 9.99207E-05 9.99207E-05 9.99207E-05 9.99207E-05 9.99207E-05 9.99207E-05 9.99207E-05 9.99207E-05 9.99207E-05
9.99207E-05 9.99207E-05 9.99207E-05 9.99207E-05 0.999101 9.99207E-05 9.99207E-05 9.99207E-05 9.99207E-05 9.99207E-05
0.0682703 0.00552469 9.99649E-05 9.99649E-05 0.480334 9.99649E-05 0.2985 0.103593 0.0433784 9.99649E-05
0.197317 0.0430508 9.99561E-05 0.0777475 0.285135 9.99561E-05 0.39625 9.99561E-05 9.99561E-05 9.99561E-05
0.390383 0.0582909 9.99473E-05 9.99473E-05 0.187233 9.99473E-05 0.363493 9.99473E-05 9.99473E-05 9.99473E-05
0.227064 0.0348523 9.9956E-05 9.9956E-05 9.9956E-05 0.0532243 0.5993 0.0850603 9.9956E-05 9.9956E-05
0.283849 0.0904335 9.9956E-05 9.9956E-05 0.272437 9.9956E-05 0.230466 9.9956E-05 9.9956E-05 0.122315
9.99474E-05 9.99474E-05 0.0333605 9.99474E-05 0.131419 9.99474E-05 0.785589 9.99474E-05 9.99474E-05 0.0490317
0.315036 0.000582201 9.99649E-05 0.0448583 0.33202 9.99649E-05 0.271775 9.99649E-05 0.0353288 9.99649E-05
0.116001 0.0424022 9.99648E-05 9.99648E-05 0.184468 0.0352694 0.530008 9.99648E-05 0.0914508 9.99648E-05
0.0599196 9.99386E-05 9.99386E-05 9.99386E-05 0.163844 9.99386E-05 0.775537 9.99386E-05 9.99386E-05 9.99386E-05
0.19229 0.0355935 9.99561E-05 0.091226 9.99561E-05 9.99561E-05 0.67714 0.0032516 9.99561E-05 9.99561E-05
0.264818 9.99473E-05 9.99473E-05 9.99473E-05 0.105324 9.99473E-05 0.533699 9.99473E-05 0.0955601 9.99473E-05
0.0587119 9.99385E-05 9.99385E-05 9.99385E-05 0.581896 9.99385E-05 0.358692 9.99385E-05 9.99385E-05 9.99385E-05
0.305499 9.996E-05 9.996E-05 9.996E-05 0.273313 0.0445275 0.240108 0.104508 9.996E-05 0.0316451
0.0462072 0.0132717 9.9956E-05 9.9956E-05 0.0593693 0.131505 0.749147 9.9956E-05 9.9956E-05 9.9956E-05
0.265236 9.99472E-05 9.99472E-05 9.99472E-05 0.150563 9.99472E-05 0.525884 9.99472E-05 0.0577171 9.99472E-05
0.203771 9.99649E-05 9.99649E-05 0.0856977 0.297425 9.99649E-05 0.329191 9.99649E-05 0.050099 0.0334169
0.0640539 0.0270365 9.99561E-05 9.99561E-05 0.0910384 9.99561E-05 0.751131 9.99561E-05 9.99561E-05 0.0662407
0.319399 9.99736E-05 9.99736E-05 9.99736E-05 0.110751 0.0326887 0.234662 0.108205 0.100412 0.0935811
0.00137341 0.131303 9.99648E-05 9.99648E-05 0.0967435 9.99648E-05 0.462741 9.99648E-05 0.062852 0.244587
0.265707 9.99472E-05 9.99472E-05 0.087178 0.166712 9.99472E-05 0.479803 9.99472E-05 9.99472E-05 9.99472E-05
0.118653 0.0300372 9.99648E-05 0.0950385 0.154697 9.99648E-05 0.584248 9.99648E-05 9.99648E-05 0.0169265
9.99561E-05 9.99561E-05 9.99561E-05 9.99561E-05 0.229164 9.99561E-05 0.644858 0.0646134 0.0294533 0.0314108
0.236774 0.042247 9.99736E-05 9.99736E-05 0.208207 0.0150091 0.354191 0.110941 0.0323318 9.99736E-05
0.10185 9.99648E-05 9.99648E-05 0.00725722 0.189746 0.0380017 0.614631 9.99648E-05 0.0481144 9.99648E-05
0.0220115 0.0293172 9.9956E-05 9.9956E-05 0.0440773 0.210835 0.693259 9.9956E-05 9.9956E-05 9.9956E-05
9.99299E-05 9.99299E-05 9.99299E-05 9.99299E-05 9.99299E-05 9.99299E-05 0.945372 9.99299E-05 9.99299E-05 0.0538281
0.161597 9.9956E-05 9.9956E-05 0.183215 0.0306614 0.00315574 0.620871 9.9956E-05 9.9956E-05 9.9956E-05
0.329361 0.0056249 9.99561E-05 9.99561E-05 0.26285 0.0635643 0.338099 9.99561E-05 9.99561E-05 9.99561E-05
0.0972707 0.0543905 9.9956E-05 9.9956E-05 9.9956E-05 0.0703784 0.721401 0.0560598 9.9956E-05 9.9956E-05
0.102624 0.0779862 9.9956E-05 9.9956E-05 0.183934 0.115972 0.518984 9.9956E-05 9.9956E-05 9.9956E-05
0.148369 9.99648E-05 9.99648E-05 0.085416 0.406194 9.99648E-05 0.27195 9.99648E-05 0.0314624 0.0562086
0.145036 9.99473E-05 9.99473E-05 9.99473E-05 0.299992 9.99473E-05 0.534818 9.99473E-05 0.0195541 9.99473E-05
0.189751 9.9956E-05 9.9956E-05 0.0242351 0.169684 9.9956E-05 0.451964 9.9956E-05 9.9956E-05 0.163866
0.215595 9.99648E-05 9.99648E-05 0.0414737 0.222752 0.035345 0.453259 9.99648E-05 0.0311759 9.99648E-05
0.187762 9.99648E-05 9.99648E-05 9.99648E-05 0.102186 0.114485 0.426656 0.0184958 0.150015 9.99648E-05
0.239719 9.99385E-05 9.99385E-05 9.99385E-05 0.0724839 9.99385E-05 0.687098 9.99385E-05 9.99385E-05 9.99385E-05
9.9921E-05 9.9921E-05 9.9921E-05 9.9921E-05 9.9921E-05 9.9921E-05 0.999101 9.9921E-05 9.9921E-05 9.9921E-05
0.341748 9.9956E-05 9.9956E-05 9.9956E-05 9.9956E-05 9.9956E-05 0.357973 0.095446 0.139478 0.0648557
0.0476958 0.0432617 9.99648E-05 9.99648E-05 0.0287619 9.99648E-05 0.700095 0.0918002 0.0879861 9.99648E-05
0.0925185 0.0472531 9.99561E-05 0.216789 0.21365 9.99561E-05 0.42929 9.99561E-05 9.99561E-05 9.99561E-05
0.257302 9.99472E-05 9.99472E-05 9.99472E-05 0.104564 9.99472E-05 0.590463 0.0470722 9.99472E-05 9.99472E-05
0.109137 0.0368354 9.99649E-05 0.116716 0.0795428 9.99649E-05 0.626392 9.99649E-05 9.99649E-05 0.0309775
0.19803 9.99473E-05 9.99473E-05 0.19944 0.251019 9.99473E-05 0.350911 9.99473E-05 9.99473E-05 9.99473E-05
0.12994 9.99561E-05 9.99561E-05 0.00746069 0.535287 0.03168 0.295132 9.99561E-05 9.99561E-05 9.99561E-05
0.302352 9.99648E-05 9.99648E-05 9.99648E-05 0.388839 0.0200044 0.205198 9.99648E-05 0.00643914 0.076768
0.12252 9.99472E-05 9.99472E-05 9.99472E-05 0.202133 0.119412 0.555335 9.99472E-05 9.99472E-05 9.99472E-05
9.9921E-05 9.9921E-05 9.9921E-05 9.9921E-05 9.9921E-05 9.9921E-05 0.999101 9.9921E-05 9.9921E-05 9.9921E-05
0.0287386 0.0336568 9.9956E-05 9.9956E-05 0.22539 9.9956E-05 0.666203 9.9956E-05 0.0455118 9.9956E-05
9.99386E-05 9.99386E-05 9.99386E-05 0.0295107 0.00139135 9.99386E-05 0.968398 9.99386E-05 9.99386E-05 9.99386E-05
0.21631 0.0890818 9.99649E-05 9.99649E-05 0.124248 9.99649E-05 0.244358 0.147574 9.99649E-05 0.178029
9.99474E-05 9.99474E-05 9.99474E-05 9.99474E-05 0.01012 0.0119392 0.889893 9.99474E-05 9.99474E-05 0.0874481
0.336685 9.99473E-05 9.99473E-05 9.99473E-05 9.99473E-05 9.99473E-05 0.561429 9.99473E-05 0.0375045 0.0637824
0.241277 9.995E-05 9.995E-05 0.140797 9.995E-05 9.995E-05 0.298576 9.995E-05 0.0513298 0.26752
0.100256 9.99473E-05 9.99473E-05 9.99473E-05 0.170633 9.99473E-05 0.492864 9.99473E-05 9.99473E-05 0.235647
0.0503857 0.0286935 9.99648E-05 0.24463 0.0465419 9.99648E-05 0.592548 0.036801 9.99648E-05 9.99648E-05
0.0324892 0.0334638 9.99561E-05 9.99561E-05 0.346268 9.99561E-05 0.585528 0.00175131 9.99561E-05 9.99561E-05
0.185621 9.99387E-05 9.99387E-05 9.99387E-05 9.99387E-05 9.99387E-05 0.729719 9.99387E-05 9.99387E-05 0.0839603
9.99385E-05 9.99385E-05 9.99385E-05 9.99385E-05 0.180881 9.99385E-05 0.800978 9.99385E-05 0.0174421 9.99385E-05
0.261172 0.00911149 9.99473E-05 9.99473E-05 0.220331 9.99473E-05 0.508786 9.99473E-05 9.99473E-05 9.99473E-05
0.209857 9.99561E-05 9.99561E-05 9.99561E-05 0.235951 0.011124 0.452896 9.99561E-05 9.99561E-05 0.089672
9.99209E-05 9.99209E-05 9.99209E-05 9.99209E-05 9.99209E-05 9.99209E-05 0.999101 9.99209E-05 9.99209E-05 9.99209E-05
9.99386E-05 9.99386E-05 0.0339102 9.99386E-05 0.0833155 9.99386E-05 0.882075 9.99386E-05 9.99386E-05 9.99386E-05
0.150719 9.99387E-05 0.0755663 9.99387E-05 9.99387E-05 9.99387E-05 0.773015 9.99387E-05 9.99387E-05 9.99387E-05
0.191123 9.99473E-05 9.99473E-05 9.99473E-05 0.117266 9.99473E-05 0.613876 9.99473E-05 0.0771351 9.99473E-05
0.0971752 0.116136 9.9956E-05 9.9956E-05 0.217766 9.9956E-05 0.557507 9.9956E-05 0.0109161 9.9956E-05
0.00316028 9.99473E-05 9.99473E-05 9.99473E-05 0.294404 9.99473E-05 0.696373 0.00546267 9.99473E-05 9.99473E-05
0.0934734 9.99298E-05 9.99298E-05 9.99298E-05 9.99298E-05 9.99298E-05 0.905727 9.99298E-05 9.99298E-05 9.99298E-05
0.2285 9.99649E-05 9.99649E-05 0.025108 0.262292 9.99649E-05 0.467262 9.99649E-05 0.0094078 0.0070292
0.35152 9.9956E-05 9.9956E-05 0.0137513 0.0779907 9.9956E-05 0.465669 9.9956E-05 0.0905683 9.9956E-05
0.00277137 9.99386E-05 9.99386E-05 9.99386E-05 9.99386E-05 9.99386E-05 0.773917 9.99386E-05 9.99386E-05 0.222612
0.223909 0.0707273 9.99561E-05 9.99561E-05 0.0630678 9.99561E-05 0.369957 9.99561E-05 9.99561E-05 0.271839
0.110919 9.99474E-05 0.101603 9.99474E-05 9.99474E-05 9.99474E-05 0.668677 9.99474E-05 9.99474E-05 0.118201
0.287832 9.99385E-05 9.99385E-05 9.99385E-05 0.295745 9.99385E-05 0.415723 9.99385E-05 9.99385E-05 9.99385E-05
9.99561E-05 0.00512149 9.99561E-05 9.99561E-05 9.99561E-05 0.0761662 0.562462 0.140503 9.99561E-05 0.215248
0.104654 9.99298E-05 9.99298E-05 9.99298E-05 9.99298E-05 9.99298E-05 0.894547 9.99298E-05 9.99298E-05 9.99298E-05
0.0731158 9.99473E-05 9.99473E-05 9.99473E-05 0.148331 9.99473E-05 0.584423 9.99473E-05 9.99473E-05 0.19353
9.99386E-05 9.99386E-05 0.0487742 9.99386E-05 9.99386E-05 9.99386E-05 0.827826 9.99386E-05 9.99386E-05 0.1227
0.191984 9.99385E-05 9.99385E-05 9.99385E-05 9.99385E-05 9.99385E-05 0.743935 9.99385E-05 0.063381 9.99385E-05
9.99299E-05 9.99299E-05 9.99299E-05 9.99299E-05 9.99299E-05 9.99299E-05 0.781953 9.99299E-05 9.99299E-05 0.217247
0.0439502 9.99561E-05 9.99561E-05 9.99561E-05 0.407788 9.99561E-05 0.488838 9.99561E-05 0.0482059 0.0107182
0.0831679 0.0870767 9.99649E-05 0.00426092 0.183455 9.99649E-05 0.577393 9.99649E-05 0.0642466 9.99649E-05
0.0489728 0.0551053 9.99736E-05 0.108397 0.209606 0.0489747 0.47856 9.99736E-05 0.0500834 9.99736E-05
9.99299E-05 9.99299E-05 9.99299E-05 9.99299E-05 9.99299E-05 9.99299E-05 0.878358 9.99299E-05 9.99299E-05 0.120843
9.99474E-05 9.99474E-05 9.99474E-05 9.99474E-05 0.29293 9.99474E-05 0.685458 9.99474E-05 0.0180497 0.0029618
0.0174947 0.261613 9.99561E-05 9.99561E-05 0.0932259 9.99561E-05 0.439032 9.99561E-05 9.99561E-05 0.188135
0.0493963 9.99473E-05 9.99473E-05 9.99473E-05 0.000953959 9.99473E-05 0.819252 9.99473E-05 9.99473E-05 0.129799
0.280393 9.99472E-05 9.99472E-05 9.99472E-05 9.99472E-05 0.153587 0.556458 9.99472E-05 0.0089632 9.99472E-05
0.269608 9.99472E-05 9.99472E-05 9.99472E-05 0.351356 0.0857146 0.292722 9.99472E-05 9.99472E-05 9.99472E-05
0.282348 9.99561E-05 9.99561E-05 9.99561E-05 0.127269 9.99561E-05 0.461041 0.118742 0.0101011 9.99561E-05
0.237874 0.0133765 9.9956E-05 9.9956E-05 0.223182 9.9956E-05 0.471843 0.0532247 9.9956E-05 9.9956E-05
0.156944 0.196795 9.99561E-05 9.99561E-05 0.0755681 9.99561E-05 0.443295 9.99561E-05 9.99561E-05 0.126899
0.304696 9.9956E-05 9.9956E-05 9.9956E-05 0.0464515 0.10343 0.280756 9.9956E-05 9.9956E-05 0.264166
0.235601 9.99561E-05 9.99561E-05 0.0337059 0.354892 9.99561E-05 0.267681 9.99561E-05 9.99561E-05 0.10762
0.0232512 0.126326 9.99736E-05 9.99736E-05 0.0288631 9.99736E-05 0.403531 0.0186972 0.136359 0.262674
9.99386E-05 9.99386E-05 9.99386E-05 9.99386E-05 0.18923 9.99386E-05 0.725563 9.99386E-05 9.99386E-05 0.0845066
0.0388041 9.99473E-05 9.99473E-05 9.99473E-05 9.99473E-05 0.00600595 0.739533 9.99473E-05 9.99473E-05 0.215057
9.99385E-05 9.99385E-05 9.99385E-05 0.365217 0.272886 9.99385E-05 0.361198 9.99385E-05 9.99385E-05 9.99385E-05
0.309026 9.9956E-05 9.9956E-05 0.0910681 0.0549899 9.9956E-05 0.412211 9.9956E-05 0.132205 9.9956E-05
0.465864 9.99386E-05 9.99386E-05 9.99386E-05 9.99386E-05 9.99386E-05 0.481754 9.99386E-05 0.0516824 9.99386E-05
0.482559 9.99561E-05 9.99561E-05 0.122902 0.138382 9.99561E-05 0.250864 9.99561E-05 9.99561E-05 0.0047926
9.99736E-05 0.0721984 9.99736E-05 0.0714825 0.279197 0.0919 0.374918 0.051093 0.0589116 9.99736E-05
0.438397 9.99385E-05 9.99385E-05 9.99385E-05 0.0811267 9.99385E-05 0.479777 9.99385E-05 9.99385E-05 9.99385E-05
0.06937 0.141865 9.99824E-05 9.99824E-05 0.097476 0.108458 0.388674 0.0347659 0.016245 0.142946
9.99387E-05 9.99387E-05 9.99387E-05 9.99387E-05 0.108701 9.99387E-05 0.68858 9.99387E-05 9.99387E-05 0.202019
0.023992 9.99562E-05 0.0211986 9.99562E-05 0.0963346 9.99562E-05 0.676287 9.99562E-05 9.99562E-05 0.181688
0.198766 9.99562E-05 9.99562E-05 9.99562E-05 0.21403 9.99562E-05 0.549472 9.99562E-05 0.00487099 0.0323616
0.213226 9.9956E-05 9.9956E-05 9.9956E-05 9.9956E-05 0.186765 0.264962 0.0668396 9.9956E-05 0.267707
9.99386E-05 9.99386E-05 9.99386E-05 9.99386E-05 0.0125954 9.99386E-05 0.892256 9.99386E-05 9.99386E-05 0.0944488
9.99474E-05 9.99474E-05 0.00979676 9.99474E-05 0.0131734 9.99474E-05 0.876465 9.99474E-05 9.99474E-05 0.0999653
0.010475 0.143942 9.99649E-05 0.00226309 0.0966893 9.99649E-05 0.714775 9.99649E-05 0.0314555 9.99649E-05
0.230548 9.99473E-05 9.99473E-05 9.99473E-05 0.0676939 0.0341447 0.667013 9.99473E-05 9.99473E-05 9.99473E-05
0.256776 9.99385E-05 9.99385E-05 9.99385E-05 9.99385E-05 9.99385E-05 0.732511 9.99385E-05 0.0100134 9.99385E-05
0.24326 9.99473E-05 9.99473E-05 0.12419 0.0940014 9.99473E-05 0.537949 9.99473E-05 9.99473E-05 9.99473E-05
0.270506 9.99473E-05 9.99473E-05 0.113385 0.0891902 9.99473E-05 0.526319 9.99473E-05 9.99473E-05 9.99473E-05
0.436104 0.170275 9.99561E-05 9.99561E-05 9.99561E-05 9.99561E-05 0.272876 9.99561E-05 0.0572394 0.0630055
9.99384E-05 9.99384E-05 9.99384E-05 9.99384E-05 0.31053 9.99384E-05 0.554865 9.99384E-05 9.99384E-05 0.133906
0.172394 9.9956E-05 9.9956E-05 0.0768413 0.165745 9.9956E-05 0.512447 9.9956E-05 9.9956E-05 0.0720726
0.325268 0.0428403 9.99648E-05 9.99648E-05 0.00910052 0.0784098 0.480361 9.99648E-05 0.0636212 9.99648E-05
0.0231808 0.0645718 9.99561E-05 9.99561E-05 0.0341441 9.99561E-05 0.836806 9.99561E-05 0.0407973 9.99561E-05
0.397205 0.00283819 9.99736E-05 0.0737573 9.99736E-05 9.99736E-05 0.233224 0.0949623 0.0403321 0.157382
0.236238 9.9956E-05 9.9956E-05 0.114991 9.9956E-05 0.131367 0.50165 9.9956E-05 0.0152537 9.9956E-05
0.157433 9.99472E-05 9.99472E-05 9.99472E-05 0.264804 9.99472E-05 0.342892 9.99472E-05 0.234271 9.99472E-05
0.19784 0.0134071 9.99648E-05 0.026151 0.0489107 9.99648E-05 0.335853 9.99648E-05 9.99648E-05 0.377439
0.122323 9.99561E-05 9.99561E-05 0.187907 0.170856 9.99561E-05 0.48504 9.99561E-05 0.0333742 9.99561E-05
9.99385E-05 9.99385E-05 9.99385E-05 9.99385E-05 0.0866691 9.99385E-05 0.599263 9.99385E-05 9.99385E-05 0.313368
0.221156 9.9956E-05 9.9956E-05 9.9956E-05 0.194518 0.0551579 0.412677 9.9956E-05 0.115991 9.9956E-05
0.100199 0.0194178 9.99561E-05 9.99561E-05 9.99561E-05 9.99561E-05 0.83502 9.99561E-05 0.0185274 0.0263362
9.99475E-05 9.99475E-05 9.99475E-05 9.99475E-05 0.0823713 0.0237653 0.723158 9.99475E-05 9.99475E-05 0.170106
0.14 0.0227058 9.99824E-05 0.0181939 0.234466 9.99824E-05 0.416379 0.0515662 0.10402 0.0124703
0.161676 0.0531009 9.99736E-05 0.0114818 0.14309 9.99736E-05 0.446618 9.99736E-05 0.00636697 0.177367
0.196723 9.99561E-05 9.99561E-05 0.225059 0.142107 9.99561E-05 9.99561E-05 9.99561E-05 0.048741 0.38687
0.149844 9.99561E-05 9.99561E-05 0.190947 0.087077 9.99561E-05 9.99561E-05 9.99561E-05 0.050781 0.520851
0.245364 9.99561E-05 9.99561E-05 0.168918 0.158782 9.99561E-05 9.99561E-05 9.99561E-05 0.0230213 0.403415
0.165651 9.9965E-05 9.9965E-05 9.9965E-05 9.9965E-05 0.00281793 0.0450284 0.143839 0.0855978 0.556666
0.137323 0.0127818 9.99824E-05 9.99824E-05 0.0539105 0.161677 0.067917 0.108264 0.0229811 0.434946
0.235555 9.9965E-05 0.206815 0.0657668 0.0613313 9.9965E-05 0.00961958 9.9965E-05 9.9965E-05 0.420513
0.469818 9.99649E-05 9.99649E-05 0.114544 0.176102 9.99649E-05 0.0486361 9.99649E-05 0.00042904 0.190071
