9.98946E-05 0.211948 9.98946E-05 0.0468644 9.98946E-05 0.400561 0.179138 0.034938 9.98946E-05 9.98946E-05 9.98946E-05 9.98946E-05 0.0654205 9.98946E-05 0.0599313 9.98946E-05 9.98946E-05 9.98946E-05 9.98946E-05
9.98947E-05 9.98947E-05 9.98947E-05 0.00922947 9.98947E-05 0.712744 0.103646 9.98947E-05 9.98947E-05 9.98947E-05 9.98947E-05 0.0806269 0.0829787 0.00775482 0.00182066 9.98947E-05 9.98947E-05 9.98947E-05 9.98947E-05
9.98683E-05 0.0325409 9.98683E-05 9.98683E-05 9.98683E-05 0.843543 9.98683E-05 9.98683E-05 9.98683E-05 0.045123 9.98683E-05 9.98683E-05 9.98683E-05 9.98683E-05 0.0772952 9.98683E-05 9.98683E-05 9.98683E-05 9.98683E-05
9.9921E-05 0.214109 0.234738 0.0261856 9.9921E-05 0.201856 9.9921E-05 0.0200013 9.9921E-05 9.9921E-05 0.00368915 9.9921E-05 9.9921E-05 0.117411 9.9921E-05 0.102675 9.9921E-05 0.0564066 0.0220285
9.98859E-05 9.98859E-05 9.98859E-05 9.98859E-05 9.98859E-05 0.813602 9.98859E-05 9.98859E-05 9.98859E-05 0.0720367 0.0293183 0.0141365 9.98859E-05 9.98859E-05 9.98859E-05 9.98859E-05 9.98859E-05 0.0538777 0.0157298
9.98947E-05 9.98947E-05 9.98947E-05 9.98947E-05 9.98947E-05 0.166929 0.324634 0.0042067 9.98947E-05 0.0800506 0.149011 9.98947E-05 9.98947E-05 9.98947E-05 9.98947E-05 0.141031 9.98947E-05 9.98947E-05 0.13294
9.99123E-05 0.195634 0.144093 0.0850124 9.99123E-05 0.274219 0.162483 0.0698818 9.99123E-05 9.99123E-05 0.0251296 9.99123E-05 0.00500774 9.99123E-05 0.0375399 9.99123E-05 9.99123E-05 9.99123E-05 9.99123E-05
9.99201E-05 0.2103 9.99201E-05 0.0195193 9.99201E-05 0.146328 0.114273 9.99201E-05 0.0586383 0.0196592 0.0310863 9.99201E-05 9.99201E-05 9.99201E-05 9.99201E-05 0.0562792 0.161437 0.0582998 0.123382
9.9886E-05 9.9886E-05 9.9886E-05 0.0541305 9.9886E-05 0.260768 0.0452239 0.159074 9.9886E-05 9.9886E-05 9.9886E-05 9.9886E-05 9.9886E-05 9.9886E-05 0.246359 9.9886E-05 9.9886E-05 9.9886E-05 0.233146
9.98596E-05 9.98596E-05 9.98596E-05 9.98596E-05 9.98596E-05 0.904911 9.98596E-05 9.98596E-05 0.00542848 9.98596E-05 9.98596E-05 9.98596E-05 9.98596E-05 9.98596E-05 0.088063 9.98596E-05 9.98596E-05 9.98596E-05 9.98596E-05
9.98859E-05 0.0859097 9.98859E-05 0.123967 9.98859E-05 0.441783 0.133201 9.98859E-05 9.98859E-05 9.98859E-05 9.98859E-05 9.98859E-05 9.98859E-05 9.98859E-05 0.196282 9.98859E-05 9.98859E-05 9.98859E-05 0.0175588
9.98771E-05 9.98771E-05 9.98771E-05 0.0214479 9.98771E-05 0.874668 0.0468102 9.98771E-05 9.98771E-05 9.98771E-05 0.0212589 9.98771E-05 9.98771E-05 9.98771E-05 9.98771E-05 9.98771E-05 0.0344168 9.98771E-05 9.98771E-05
9.98596E-05 0.0924061 9.98596E-05 9.98596E-05 9.98596E-05 0.841652 9.98596E-05 9.98596E-05 9.98596E-05 9.98596E-05 9.98596E-05 9.98596E-05 9.98596E-05 9.98596E-05 0.0643445 9.98596E-05 9.98596E-05 9.98596E-05 9.98596E-05
0.0479651 9.9886E-05 9.9886E-05 9.9886E-05 9.9886E-05 0.654338 9.9886E-05 9.9886E-05 9.9886E-05 0.0287981 9.9886E-05 9.9886E-05 0.00559978 9.9886E-05 0.0844693 0.177531 9.9886E-05 9.9886E-05 9.9886E-05
0.0972507 9.99034E-05 9.99034E-05 9.99034E-05 9.99034E-05 0.319736 0.154624 0.0106843 9.99034E-05 9.99034E-05 0.0148332 9.99034E-05 9.99034E-05 9.99034E-05 0.130668 0.152333 9.99034E-05 9.99034E-05 0.118772
0.0511404 0.10897 0.00883301 9.99034E-05 9.99034E-05 0.22204 0.241995 9.99034E-05 9.99034E-05 9.99034E-05 9.99034E-05 9.99034E-05 9.99034E-05 9.99034E-05 0.124005 9.99034E-05 0.0680955 9.99034E-05 0.173822
9.99035E-05 0.0120917 0.0615762 0.050987 0.132462 0.570335 9.99035E-05 9.99035E-05 9.99035E-05 0.00471902 9.99035E-05 9.99035E-05 0.0979051 9.99035E-05 0.0688249 9.99035E-05 9.99035E-05 9.99035E-05 9.99035E-05
9.98947E-05 0.197118 9.98947E-05 9.98947E-05 9.98947E-05 0.0853173 0.322467 9.98947E-05 0.143605 9.98947E-05 9.98947E-05 9.98947E-05 9.98947E-05 0.0978244 0.129257 9.98947E-05 9.98947E-05 9.98947E-05 0.023213
0.00864065 0.217598 9.99034E-05 0.00875142 9.99034E-05 0.330653 9.99034E-05 9.99034E-05 0.00587703 9.99034E-05 0.18117 9.99034E-05 9.99034E-05 9.99034E-05 0.150169 9.99034E-05 9.99034E-05 9.99034E-05 0.0960422
9.98509E-05 9.98509E-05 9.98509E-05 9.98509E-05 9.98509E-05 0.939527 9.98509E-05 9.98509E-05 9.98509E-05 9.98509E-05 9.98509E-05 9.98509E-05 9.98509E-05 0.0587753 9.98509E-05 9.98509E-05 9.98509E-05 9.98509E-05 9.98509E-05
0.0686628 0.027169 9.9921E-05 0.0161896 9.9921E-05 0.437712 9.9921E-05 0.0332108 9.9921E-05 9.9921E-05 9.9921E-05 9.9921E-05 9.9921E-05 0.0130019 0.0366442 0.000350362 9.9921E-05 0.305733 0.0604267
9.9886E-05 0.339894 9.9886E-05 9.9886E-05 9.9886E-05 0.237697 9.9886E-05 9.9886E-05 9.9886E-05 0.0835813 0.0924495 0.0952126 9.9886E-05 9.9886E-05 9.9886E-05 9.9886E-05 9.9886E-05 9.9886E-05 0.149868
9.98947E-05 9.98947E-05 9.98947E-05 0.0837557 9.98947E-05 0.570531 0.149581 9.98947E-05 9.98947E-05 9.98947E-05 9.98947E-05 0.0822508 0.0609181 9.98947E-05 0.0119688 0.039796 9.98947E-05 9.98947E-05 9.98947E-05
9.98771E-05 0.310132 9.98771E-05 9.98771E-05 9.98771E-05 0.356769 0.0396594 0.0494794 9.98771E-05 9.98771E-05 9.98771E-05 9.98771E-05 9.98771E-05 9.98771E-05 0.242562 9.98771E-05 9.98771E-05 9.98771E-05 9.98771E-05
0.0901626 0.0442632 9.99123E-05 0.0957067 9.99123E-05 0.226333 9.99123E-05 0.0137503 9.99123E-05 9.99123E-05 9.99123E-05 9.99123E-05 9.99123E-05 0.060751 0.236478 0.134332 9.99123E-05 9.99123E-05 0.0972243
9.9886E-05 0.0306143 0.0907553 9.9886E-05 9.9886E-05 0.602918 0.0199046 9.9886E-05 9.9886E-05 9.9886E-05 9.9886E-05 9.9886E-05 9.9886E-05 9.9886E-05 0.0793645 0.175145 9.9886E-05 9.9886E-05 9.9886E-05
9.98947E-05 0.220048 0.00121479 9.98947E-05 9.98947E-05 9.98947E-05 9.98947E-05 9.98947E-05 0.129992 9.98947E-05 9.98947E-05 0.288952 9.98947E-05 9.98947E-05 0.00468574 0.322807 0.0311011 9.98947E-05 9.98947E-05
9.9886E-05 0.0910165 0.0543862 9.9886E-05 9.9886E-05 0.775063 9.9886E-05 9.9886E-05 9.9886E-05 9.9886E-05 0.0304451 9.9886E-05 0.0145198 9.9886E-05 0.0332704 9.9886E-05 9.9886E-05 9.9886E-05 9.9886E-05
9.98947E-05 0.060896 0.0131478 9.98947E-05 9.98947E-05 0.539816 9.98947E-05 0.0494983 9.98947E-05 9.98947E-05 9.98947E-05 0.169682 9.98947E-05 9.98947E-05 0.133413 0.0323485 9.98947E-05 9.98947E-05 9.98947E-05
9.98948E-05 9.98948E-05 9.98948E-05 0.00563467 0.0228015 0.722938 0.0580784 9.98948E-05 0.0434346 9.98948E-05 9.98948E-05 9.98948E-05 9.98948E-05 9.98948E-05 0.0806819 9.98948E-05 9.98948E-05 9.98948E-05 0.0652319
0.00251552 0.021157 9.99122E-05 0.104032 9.99122E-05 0.621049 0.0645527 9.99122E-05 9.99122E-05 9.99122E-05 0.0536188 0.0851325 9.99122E-05 9.99122E-05 0.0254831 9.99122E-05 9.99122E-05 9.99122E-05 0.0214606
9.99123E-05 0.0464406 0.00074081 0.0510315 9.99123E-05 0.543484 0.00947112 9.99123E-05 9.99123E-05 9.99123E-05 0.0296272 9.99123E-05 9.99123E-05 9.99123E-05 0.075002 0.217182 9.99123E-05 0.0260216 9.99123E-05
9.98946E-05 0.1303 9.98946E-05 0.0842203 9.98946E-05 0.426607 0.152864 9.98946E-05 9.98946E-05 9.98946E-05 9.98946E-05 9.98946E-05 9.98946E-05 9.98946E-05 0.154489 0.0132176 0.0371039 9.98946E-05 9.98946E-05
9.99122E-05 0.149756 0.0214571 9.99122E-05 9.99122E-05 0.480167 9.99122E-05 0.0112099 0.0177264 9.99122E-05 0.00292952 9.99122E-05 9.99122E-05 9.99122E-05 0.137994 0.147074 0.030687 9.99122E-05 9.99122E-05
9.98773E-05 9.98773E-05 9.98773E-05 0.081377 9.98773E-05 0.827314 9.98773E-05 9.98773E-05 0.0394153 9.98773E-05 0.0324136 9.98773E-05 0.0180821 9.98773E-05 9.98773E-05 9.98773E-05 9.98773E-05 9.98773E-05 9.98773E-05
9.99036E-05 9.99036E-05 0.236269 0.113403 9.99036E-05 0.52529 0.0189616 0.0258551 9.99036E-05 9.99036E-05 9.99036E-05 0.0112441 0.0087536 9.99036E-05 9.99036E-05 9.99036E-05 9.99036E-05 9.99036E-05 0.0591252
9.98685E-05 9.98685E-05 9.98685E-05 0.0251438 9.98685E-05 0.869209 9.98685E-05 9.98685E-05 9.98685E-05 9.98685E-05 0.0686388 9.98685E-05 9.98685E-05 9.98685E-05 9.98685E-05 9.98685E-05 0.0355104 9.98685E-05 9.98685E-05
9.98773E-05 9.98773E-05 9.98773E-05 9.98773E-05 9.98773E-05 0.658629 9.98773E-05 9.98773E-05 9.98773E-05 9.98773E-05 9.98773E-05 9.98773E-05 0.0947007 0.0375928 0.0486101 9.98773E-05 9.98773E-05 9.98773E-05 0.159069
9.99035E-05 0.0302005 9.99035E-05 0.0134233 0.0645314 0.525001 9.99035E-05 9.99035E-05 9.99035E-05 0.0789991 0.0316869 9.99035E-05 0.0654153 9.99035E-05 0.189643 9.99035E-05 9.99035E-05 9.99035E-05 9.99035E-05
9.98684E-05 9.98684E-05 9.98684E-05 9.98684E-05 9.98684E-05 0.552567 9.98684E-05 9.98684E-05 9.98684E-05 9.98684E-05 9.98684E-05 9.98684E-05 9.98684E-05 9.98684E-05 0.179751 0.166655 0.0995288 9.98684E-05 9.98684E-05
9.98859E-05 0.0575942 9.98859E-05 0.00308961 9.98859E-05 0.788234 9.98859E-05 9.98859E-05 9.98859E-05 9.98859E-05 0.0230846 0.079396 9.98859E-05 9.98859E-05 0.0473028 9.98859E-05 9.98859E-05 9.98859E-05 9.98859E-05
9.98685E-05 0.170241 9.98685E-05 9.98685E-05 9.98685E-05 0.58302 9.98685E-05 9.98685E-05 9.98685E-05 9.98685E-05 9.98685E-05 0.166567 9.98685E-05 9.98685E-05 0.078674 9.98685E-05 9.98685E-05 9.98685E-05 9.98685E-05
9.98685E-05 0.0200033 9.98685E-05 9.98685E-05 0.045577 0.748904 9.98685E-05 9.98685E-05 9.98685E-05 9.98685E-05 9.98685E-05 0.184017 9.98685E-05 9.98685E-05 9.98685E-05 9.98685E-05 9.98685E-05 9.98685E-05 9.98685E-05
9.99035E-05 0.0972706 9.99035E-05 0.0225179 9.99035E-05 0.343155 0.182265 0.0285328 9.99035E-05 9.99035E-05 9.99035E-05 9.99035E-05 0.00085231 9.99035E-05 0.177856 9.99035E-05 9.99035E-05 9.99035E-05 0.14645
9.9886E-05 0.407205 0.0412268 9.9886E-05 9.9886E-05 0.208995 9.9886E-05 9.9886E-05 9.9886E-05 0.0251624 0.104743 9.9886E-05 9.9886E-05 9.9886E-05 0.211369 9.9886E-05 9.9886E-05 9.9886E-05 9.9886E-05
9.98771E-05 9.98771E-05 9.98771E-05 9.98771E-05 9.98771E-05 0.862836 9.98771E-05 9.98771E-05 9.98771E-05 9.98771E-05 0.0302375 9.98771E-05 9.98771E-05 0.0453281 0.033598 9.98771E-05 9.98771E-05 0.0266019 9.98771E-05
9.98859E-05 9.98859E-05 0.0529852 0.00625439 9.98859E-05 0.819552 9.98859E-05 9.98859E-05 0.0237252 9.98859E-05 9.98859E-05 9.98859E-05 9.98859E-05 9.98859E-05 0.0707237 9.98859E-05 9.98859E-05 9.98859E-05 0.0254611
9.98771E-05 9.98771E-05 9.98771E-05 9.98771E-05 9.98771E-05 0.891178 9.98771E-05 9.98771E-05 9.98771E-05 0.00485538 9.98771E-05 9.98771E-05 9.98771E-05 0.0233151 0.0568112 9.98771E-05 0.0224418 9.98771E-05 9.98771E-05
9.98946E-05 0.159804 9.98946E-05 0.00287872 9.98946E-05 0.607857 0.0348882 9.98946E-05 9.98946E-05 9.98946E-05 0.0341705 9.98946E-05 9.98946E-05 9.98946E-05 0.134776 9.98946E-05 9.98946E-05 0.0244266 9.98946E-05
9.98862E-05 9.98862E-05 9.98862E-05 9.98862E-05 9.98862E-05 0.732713 9.98862E-05 9.98862E-05 0.0438167 0.0688449 0.0979648 9.98862E-05 0.0329754 9.98862E-05 9.98862E-05 9.98862E-05 0.0223862 9.98862E-05 9.98862E-05
0.0102094 9.99122E-05 9.99122E-05 0.147779 9.99122E-05 0.205947 0.00279932 0.0454274 9.99122E-05 9.99122E-05 9.99122E-05 0.180957 9.99122E-05 0.0136 0.217376 0.174906 9.99122E-05 9.99122E-05 9.99122E-05
9.9886E-05 0.207962 0.0996919 9.9886E-05 9.9886E-05 0.607664 9.9886E-05 0.0503764 9.9886E-05 0.0216159 9.9886E-05 9.9886E-05 9.9886E-05 0.0113908 9.9886E-05 9.9886E-05 9.9886E-05 9.9886E-05 9.9886E-05
0.0426344 9.98685E-05 9.98685E-05 9.98685E-05 9.98685E-05 0.85105 9.98685E-05 9.98685E-05 0.0971615 9.98685E-05 9.98685E-05 9.98685E-05 0.00765586 9.98685E-05 9.98685E-05 9.98685E-05 9.98685E-05 9.98685E-05 9.98685E-05
9.99124E-05 0.0316665 9.99124E-05 9.99124E-05 9.99124E-05 0.569437 0.0142138 9.99124E-05 9.99124E-05 0.0330039 9.99124E-05 9.99124E-05 9.99124E-05 0.00811863 0.0576406 0.0705472 0.187007 9.99124E-05 0.0273666
0.15317 9.98685E-05 9.98685E-05 9.98685E-05 9.98685E-05 0.714795 9.98685E-05 9.98685E-05 9.98685E-05 0.0048128 9.98685E-05 9.98685E-05 9.98685E-05 9.98685E-05 0.125724 9.98685E-05 9.98685E-05 9.98685E-05 9.98685E-05
9.98948E-05 9.98948E-05 9.98948E-05 9.98948E-05 9.98948E-05 0.56504 0.0290011 9.98948E-05 9.98948E-05 0.0137163 0.0130386 9.98948E-05 9.98948E-05 0.0951596 9.98948E-05 0.229918 0.0529275 9.98948E-05 9.98948E-05
9.98946E-05 0.0444304 9.98946E-05 0.0165557 9.98946E-05 0.714664 9.98946E-05 9.98946E-05 0.0123919 9.98946E-05 0.116359 9.98946E-05 0.066817 9.98946E-05 0.0275836 9.98946E-05 9.98946E-05 9.98946E-05 9.98946E-05
9.98684E-05 9.98684E-05 0.179959 0.0144982 9.98684E-05 0.773275 9.98684E-05 9.98684E-05 9.98684E-05 9.98684E-05 9.98684E-05 9.98684E-05 9.98684E-05 9.98684E-05 0.0307695 9.98684E-05 9.98684E-05 9.98684E-05 9.98684E-05
9.98947E-05 0.0128426 0.0148059 0.0227063 9.98947E-05 0.794485 9.98947E-05 9.98947E-05 9.98947E-05 9.98947E-05 9.98947E-05 0.111358 9.98947E-05 9.98947E-05 0.00378369 9.98947E-05 9.98947E-05 9.98947E-05 0.0388193
9.98859E-05 9.98859E-05 9.98859E-05 0.0182842 9.98859E-05 9.98859E-05 0.75243 9.98859E-05 9.98859E-05 9.98859E-05 9.98859E-05 9.98859E-05 0.0215842 9.98859E-05 0.139169 0.0240519 9.98859E-05 9.98859E-05 0.0431829
9.98422E-05 9.98422E-05 9.98422E-05 9.98422E-05 9.98422E-05 9.98422E-05 0.998203 9.98422E-05 9.98422E-05 9.98422E-05 9.98422E-05 9.98422E-05 9.98422E-05 9.98422E-05 9.98422E-05 9.98422E-05 9.98422E-05 9.98422E-05 9.98422E-05
9.98421E-05 9.98421E-05 9.98421E-05 9.98421E-05 9.98421E-05 9.98421E-05 0.998203 9.98421E-05 9.98421E-05 9.98421E-05 9.98421E-05 9.98421E-05 9.98421E-05 9.98421E-05 9.98421E-05 9.98421E-05 9.98421E-05 9.98421E-05 9.98421E-05
9.99035E-05 9.99035E-05 9.99035E-05 0.0567314 9.99035E-05 9.99035E-05 0.24099 9.99035E-05 0.0173709 9.99035E-05 9.99035E-05 0.0284356 0.362348 9.99035E-05 0.0123455 0.158483 9.99035E-05 9.99035E-05 0.122197
9.99121E-05 0.0539603 9.99121E-05 9.99121E-05 9.99121E-05 9.99121E-05 0.676867 9.99121E-05 0.0264725 0.0618523 0.0171995 9.99121E-05 9.99121E-05 0.0846819 0.0179403 9.99121E-05 0.000856991 9.99121E-05 0.0591705
9.98682E-05 9.98682E-05 9.98682E-05 9.98682E-05 9.98682E-05 9.98682E-05 0.655942 9.98682E-05 9.98682E-05 9.98682E-05 9.98682E-05 9.98682E-05 9.98682E-05 9.98682E-05 0.209721 0.0543582 9.98682E-05 9.98682E-05 0.0784813
9.9877E-05 9.9877E-05 0.040617 0.040982 9.9877E-05 9.9877E-05 0.531606 9.9877E-05 9.9877E-05 9.9877E-05 9.9877E-05 9.9877E-05 0.281377 9.9877E-05 0.10402 9.9877E-05 9.9877E-05 9.9877E-05 9.9877E-05
9.98945E-05 9.98945E-05 9.98945E-05 9.98945E-05 9.98945E-05 9.98945E-05 0.610667 9.98945E-05 0.0532743 9.98945E-05 0.0270011 9.98945E-05 0.0987001 9.98945E-05 0.0635925 0.0827296 9.98945E-05 9.98945E-05 0.0628367
9.98509E-05 9.98509E-05 9.98509E-05 9.98509E-05 9.98509E-05 9.98509E-05 0.986254 0.012049 9.98509E-05 9.98509E-05 9.98509E-05 9.98509E-05 9.98509E-05 9.98509E-05 9.98509E-05 9.98509E-05 9.98509E-05 9.98509E-05 9.98509E-05
9.98419E-05 9.98419E-05 9.98419E-05 9.98419E-05 9.98419E-05 9.98419E-05 0.998203 9.98419E-05 9.98419E-05 9.98419E-05 9.98419E-05 9.98419E-05 9.98419E-05 9.98419E-05 9.98419E-05 9.98419E-05 9.98419E-05 9.98419E-05 9.98419E-05
9.98769E-05 9.98769E-05 9.98769E-05 0.120427 9.98769E-05 9.98769E-05 0.488578 9.98769E-05 9.98769E-05 9.98769E-05 0.0768626 9.98769E-05 9.98769E-05 9.98769E-05 0.268953 9.98769E-05 9.98769E-05 9.98769E-05 0.0437809
0.134228 0.180531 9.99033E-05 0.0727087 9.99033E-05 9.99033E-05 0.388141 9.99033E-05 9.99033E-05 9.99033E-05 0.0381125 9.99033E-05 0.0919118 9.99033E-05 0.0925303 9.99033E-05 0.000738696 9.99033E-05 9.99033E-05
9.98945E-05 9.98945E-05 9.98945E-05 0.10619 9.98945E-05 9.98945E-05 0.573577 9.98945E-05 9.98945E-05 9.98945E-05 0.00488876 9.98945E-05 9.98945E-05 9.98945E-05 9.98945E-05 0.04361 0.0521402 0.0848544 0.133541
9.98946E-05 0.15449 9.98946E-05 9.98946E-05 9.98946E-05 9.98946E-05 0.458319 9.98946E-05 9.98946E-05 9.98946E-05 0.0510543 9.98946E-05 0.0951868 9.98946E-05 0.219485 9.98946E-05 0.0160662 0.00420078 9.98946E-05
9.98774E-05 9.98774E-05 9.98774E-05 0.000847005 9.98774E-05 9.98774E-05 0.958311 9.98774E-05 9.98774E-05 0.0284791 9.98774E-05 0.00909382 9.98774E-05 9.98774E-05 9.98774E-05 9.98774E-05 0.00187058 9.98774E-05 9.98774E-05
9.98598E-05 9.98598E-05 9.98598E-05 9.98598E-05 9.98598E-05 9.98598E-05 0.932543 9.98598E-05 9.98598E-05 9.98598E-05 9.98598E-05 9.98598E-05 9.98598E-05 9.98598E-05 0.0272101 9.98598E-05 9.98598E-05 9.98598E-05 0.0386493
9.98857E-05 9.98857E-05 9.98857E-05 9.98857E-05 9.98857E-05 9.98857E-05 0.578731 9.98857E-05 9.98857E-05 0.0104391 0.147142 9.98857E-05 9.98857E-05 9.98857E-05 0.0782593 0.166085 0.0180449 9.98857E-05 9.98857E-05
9.98858E-05 0.197882 9.98858E-05 0.112123 9.98858E-05 9.98858E-05 0.482843 9.98858E-05 0.0235016 9.98858E-05 0.154302 9.98858E-05 9.98858E-05 9.98858E-05 9.98858E-05 9.98858E-05 9.98858E-05 9.98858E-05 0.0280505
9.98858E-05 9.98858E-05 9.98858E-05 0.0234164 9.98858E-05 9.98858E-05 0.818106 9.98858E-05 0.0624743 9.98858E-05 0.0315992 9.98858E-05 9.98858E-05 9.98858E-05 0.0603267 9.98858E-05 9.98858E-05 9.98858E-05 0.00277939
9.98681E-05 9.98681E-05 9.98681E-05 9.98681E-05 9.98681E-05 9.98681E-05 0.586785 9.98681E-05 9.98681E-05 9.98681E-05 9.98681E-05 0.181675 9.98681E-05 9.98681E-05 0.190026 9.98681E-05 0.0400159 9.98681E-05 9.98681E-05
9.98598E-05 9.98598E-05 9.98598E-05 9.98598E-05 0.0345944 9.98598E-05 0.962392 9.98598E-05 9.98598E-05 9.98598E-05 9.98598E-05 9.98598E-05 9.98598E-05 9.98598E-05 0.00141591 9.98598E-05 9.98598E-05 9.98598E-05 9.98598E-05
9.98944E-05 0.241726 9.98944E-05 9.98944E-05 9.98944E-05 9.98944E-05 0.618954 9.98944E-05 9.98944E-05 9.98944E-05 0.0351482 0.0561917 0.0200712 9.98944E-05 0.0255263 0.0011833 9.98944E-05 9.98944E-05 9.98944E-05
0.0649739 9.9886E-05 9.9886E-05 9.9886E-05 9.9886E-05 9.9886E-05 0.602906 9.9886E-05 0.029552 9.9886E-05 9.9886E-05 0.0309897 9.9886E-05 9.9886E-05 0.0882729 0.182007 9.9886E-05 9.9886E-05 9.9886E-05
9.99034E-05 9.99034E-05 9.99034E-05 0.0461007 9.99034E-05 9.99034E-05 0.729217 0.0265531 0.0190036 9.99034E-05 0.131514 9.99034E-05 9.99034E-05 0.0117067 9.99034E-05 9.99034E-05 9.99034E-05 0.0034162 0.0313894
9.98594E-05 9.98594E-05 9.98594E-05 0.175081 9.98594E-05 9.98594E-05 0.79138 9.98594E-05 9.98594E-05 9.98594E-05 9.98594E-05 9.98594E-05 9.98594E-05 9.98594E-05 0.0319417 9.98594E-05 9.98594E-05 9.98594E-05 9.98594E-05
9.98861E-05 9.98861E-05 9.98861E-05 0.00816598 9.98861E-05 9.98861E-05 0.858005 9.98861E-05 9.98861E-05 9.98861E-05 9.98861E-05 9.98861E-05 0.065513 0.00296831 0.0535103 9.98861E-05 9.98861E-05 9.98861E-05 0.010539
9.98509E-05 0.00878086 9.98509E-05 9.98509E-05 9.98509E-05 9.98509E-05 0.989522 9.98509E-05 9.98509E-05 9.98509E-05 9.98509E-05 9.98509E-05 9.98509E-05 9.98509E-05 9.98509E-05 9.98509E-05 9.98509E-05 9.98509E-05 9.98509E-05
9.98422E-05 9.98422E-05 9.98422E-05 9.98422E-05 9.98422E-05 9.98422E-05 0.998203 9.98422E-05 9.98422E-05 9.98422E-05 9.98422E-05 9.98422E-05 9.98422E-05 9.98422E-05 9.98422E-05 9.98422E-05 9.98422E-05 9.98422E-05 9.98422E-05
9.98597E-05 9.98597E-05 9.98597E-05 9.98597E-05 9.98597E-05 9.98597E-05 0.874848 9.98597E-05 0.109705 9.98597E-05 9.98597E-05 9.98597E-05 9.98597E-05 9.98597E-05 0.0138493 9.98597E-05 9.98597E-05 9.98597E-05 9.98597E-05
9.98686E-05 9.98686E-05 9.98686E-05 9.98686E-05 0.135311 9.98686E-05 0.573409 9.98686E-05 9.98686E-05 9.98686E-05 9.98686E-05 9.98686E-05 9.98686E-05 9.98686E-05 0.119743 9.98686E-05 9.98686E-05 9.98686E-05 0.17004
9.98597E-05 9.98597E-05 9.98597E-05 9.98597E-05 9.98597E-05 9.98597E-05 9.98597E-05 9.98597E-05 9.98597E-05 9.98597E-05 9.98597E-05 9.98597E-05 9.98597E-05 9.98597E-05 0.179736 0.72382 9.98597E-05 9.98597E-05 0.094846
9.98685E-05 9.98685E-05 9.98685E-05 9.98685E-05 0.421453 9.98685E-05 9.98685E-05 9.98685E-05 9.98685E-05 9.98685E-05 9.98685E-05 9.98685E-05 9.98685E-05 9.98685E-05 0.0311751 0.521022 9.98685E-05 9.98685E-05 0.0248521
9.98771E-05 9.98771E-05 9.98771E-05 0.0443602 9.98771E-05 9.98771E-05 9.98771E-05 9.98771E-05 0.0469706 0.032011 9.98771E-05 9.98771E-05 9.98771E-05 9.98771E-05 0.0787331 0.796527 9.98771E-05 9.98771E-05 9.98771E-05
9.98594E-05 9.98594E-05 9.98594E-05 9.98594E-05 9.98594E-05 9.98594E-05 9.98594E-05 9.98594E-05 9.98594E-05 9.98594E-05 9.98594E-05 9.98594E-05 9.98594E-05 9.98594E-05 0.123476 0.842285 9.98594E-05 9.98594E-05 0.0326415
9.98506E-05 9.98506E-05 9.98506E-05 9.98506E-05 9.98506E-05 9.98506E-05 9.98506E-05 9.98506E-05 9.98506E-05 9.98506E-05 9.98506E-05 9.98506E-05 9.98506E-05 9.98506E-05 9.98506E-05 0.94517 9.98506E-05 9.98506E-05 0.0531321
9.98772E-05 9.98772E-05 0.0128497 9.98772E-05 9.98772E-05 9.98772E-05 9.98772E-05 9.98772E-05 9.98772E-05 9.98772E-05 9.98772E-05 9.98772E-05 0.05389 9.98772E-05 0.15675 0.63755 9.98772E-05 9.98772E-05 0.137563
9.98771E-05 0.0277424 9.98771E-05 9.98771E-05 9.98771E-05 9.98771E-05 9.98771E-05 9.98771E-05 0.0209551 9.98771E-05 9.98771E-05 9.98771E-05 9.98771E-05 9.98771E-05 0.0901287 0.757287 9.98771E-05 9.98771E-05 0.102488
9.98596E-05 9.98596E-05 9.98596E-05 9.98596E-05 9.98596E-05 9.98596E-05 9.98596E-05 9.98596E-05 9.98596E-05 9.98596E-05 9.98596E-05 9.98596E-05 9.98596E-05 9.98596E-05 0.00446508 0.844881 9.98596E-05 9.98596E-05 0.149056
9.98682E-05 9.98682E-05 9.98682E-05 9.98682E-05 9.98682E-05 9.98682E-05 9.98682E-05 9.98682E-05 9.98682E-05 9.98682E-05 9.98682E-05 0.18263 0.157898 9.98682E-05 9.98682E-05 0.294829 9.98682E-05 9.98682E-05 0.363144
9.98683E-05 9.98683E-05 0.0371438 9.98683E-05 9.98683E-05 9.98683E-05 9.98683E-05 9.98683E-05 9.98683E-05 9.98683E-05 9.98683E-05 9.98683E-05 9.98683E-05 9.98683E-05 0.207033 0.514579 9.98683E-05 9.98683E-05 0.239746
9.98597E-05 9.98597E-05 9.98597E-05 9.98597E-05 0.163272 9.98597E-05 9.98597E-05 9.98597E-05 9.98597E-05 9.98597E-05 9.98597E-05 9.98597E-05 0.216502 9.98597E-05 9.98597E-05 0.618628 9.98597E-05 9.98597E-05 9.98597E-05
9.98947E-05 9.98947E-05 9.98947E-05 0.0386053 0.0671785 0.0217834 9.98947E-05 9.98947E-05 9.98947E-05 9.98947E-05 9.98947E-05 9.98947E-05 0.16129 0.00712258 0.0781872 0.624634 9.98947E-05 9.98947E-05 9.98947E-05
9.98597E-05 9.98597E-05 9.98597E-05 9.98597E-05 0.0277049 9.98597E-05 9.98597E-05 9.98597E-05 9.98597E-05 9.98597E-05 9.98597E-05 9.98597E-05 9.98597E-05 9.98597E-05 9.98597E-05 0.855943 9.98597E-05 9.98597E-05 0.114754
9.98598E-05 9.98598E-05 9.98598E-05 9.98598E-05 9.98598E-05 9.98598E-05 9.98598E-05 9.98598E-05 9.98598E-05 9.98598E-05 9.98598E-05 9.98598E-05 9.98598E-05 9.98598E-05 0.155226 0.734662 9.98598E-05 9.98598E-05 0.108515
9.98947E-05 9.98947E-05 9.98947E-05 0.00623655 0.0587085 9.98947E-05 9.98947E-05 9.98947E-05 0.143119 0.00145941 9.98947E-05 9.98947E-05 9.98947E-05 9.98947E-05 9.98947E-05 0.692063 0.00996366 9.98947E-05 0.0872505
9.98947E-05 9.98947E-05 0.0230787 0.00393442 9.98947E-05 9.98947E-05 9.98947E-05 9.98947E-05 9.98947E-05 9.98947E-05 9.98947E-05 0.145123 0.0454616 9.98947E-05 0.117394 0.654308 9.98947E-05 9.98947E-05 0.00950234
0.0527289 9.99034E-05 9.99034E-05 9.99034E-05 0.0422124 9.99034E-05 9.99034E-05 9.99034E-05 0.0330261 9.99034E-05 9.99034E-05 9.99034E-05 0.209759 0.0444042 0.103696 0.481637 9.99034E-05 9.99034E-05 0.0314372
9.98773E-05 0.0859434 0.0172403 9.98773E-05 9.98773E-05 9.98773E-05 9.98773E-05 9.98773E-05 9.98773E-05 0.052689 9.98773E-05 9.98773E-05 9.98773E-05 9.98773E-05 9.98773E-05 0.752036 9.98773E-05 9.98773E-05 0.0906929
9.98422E-05 9.98422E-05 9.98422E-05 9.98422E-05 9.98422E-05 9.98422E-05 9.98422E-05 9.98422E-05 9.98422E-05 9.98422E-05 9.98422E-05 9.98422E-05 9.98422E-05 9.98422E-05 9.98422E-05 0.998203 9.98422E-05 9.98422E-05 9.98422E-05
9.98947E-05 9.98947E-05 0.0370022 9.98947E-05 0.206579 9.98947E-05 9.98947E-05 9.98947E-05 9.98947E-05 9.98947E-05 9.98947E-05 0.0686871 9.98947E-05 0.128035 0.0799788 0.387779 9.98947E-05 9.98947E-05 0.0907407
9.98859E-05 9.98859E-05 0.00714634 9.98859E-05 9.98859E-05 9.98859E-05 9.98859E-05 9.98859E-05 9.98859E-05 0.0052322 9.98859E-05 9.98859E-05 0.143738 9.98859E-05 0.0629478 0.772401 9.98859E-05 9.98859E-05 0.0072357
9.98596E-05 9.98596E-05 9.98596E-05 9.98596E-05 9.98596E-05 9.98596E-05 9.98596E-05 9.98596E-05 9.98596E-05 9.98596E-05 9.98596E-05 9.98596E-05 9.98596E-05 9.98596E-05 0.0179663 0.907649 9.98596E-05 9.98596E-05 0.0727869
9.98947E-05 9.98947E-05 9.98947E-05 9.98947E-05 9.98947E-05 9.98947E-05 9.98947E-05 9.98947E-05 9.98947E-05 0.0417711 0.0372756 9.98947E-05 0.0697974 0.0558105 0.152706 0.342388 9.98947E-05 9.98947E-05 0.299053
0.0456938 9.98859E-05 9.98859E-05 9.98859E-05 0.0597664 9.98859E-05 9.98859E-05 9.98859E-05 9.98859E-05 0.023518 9.98859E-05 9.98859E-05 9.98859E-05 9.98859E-05 0.0196732 0.711144 9.98859E-05 9.98859E-05 0.138906
9.98859E-05 9.98859E-05 9.98859E-05 9.98859E-05 9.98859E-05 9.98859E-05 9.98859E-05 9.98859E-05 9.98859E-05 9.98859E-05 0.00636458 9.98859E-05 0.0748122 0.0499993 0.216231 0.48237 9.98859E-05 9.98859E-05 0.168925
9.98947E-05 0.0241914 9.98947E-05 9.98947E-05 0.26983 9.98947E-05 0.0554965 9.98947E-05 9.98947E-05 9.98947E-05 9.98947E-05 9.98947E-05 0.0211045 9.98947E-05 0.128639 0.331251 9.98947E-05 9.98947E-05 0.16829
9.98772E-05 9.98772E-05 9.98772E-05 9.98772E-05 0.490967 9.98772E-05 9.98772E-05 0.15004 9.98772E-05 0.085746 9.98772E-05 9.98772E-05 9.98772E-05 9.98772E-05 0.0448792 0.22697 9.98772E-05 9.98772E-05 9.98772E-05
9.98681E-05 9.98681E-05 9.98681E-05 9.98681E-05 9.98681E-05 9.98681E-05 9.98681E-05 9.98681E-05 9.98681E-05 9.98681E-05 0.0302646 9.98681E-05 9.98681E-05 9.98681E-05 0.0174219 0.858658 9.98681E-05 9.98681E-05 0.0921578
9.98685E-05 9.98685E-05 9.98685E-05 9.98685E-05 9.98685E-05 9.98685E-05 9.98685E-05 9.98685E-05 9.98685E-05 9.98685E-05 9.98685E-05 9.98685E-05 0.015908 9.98685E-05 0.15387 0.588514 9.98685E-05 9.98685E-05 0.24021
9.98685E-05 9.98685E-05 9.98685E-05 9.98685E-05 0.0420566 9.98685E-05 9.98685E-05 9.98685E-05 9.98685E-05 0.125949 9.98685E-05 9.98685E-05 9.98685E-05 9.98685E-05 0.0906876 0.739808 9.98685E-05 9.98685E-05 9.98685E-05
9.98686E-05 9.98686E-05 9.98686E-05 0.0456682 9.98686E-05 9.98686E-05 9.98686E-05 9.98686E-05 9.98686E-05 9.98686E-05 9.98686E-05 9.98686E-05 9.98686E-05 9.98686E-05 0.165454 0.744461 9.98686E-05 9.98686E-05 0.0429192
9.98508E-05 9.98508E-05 9.98508E-05 0.0365825 9.98508E-05 9.98508E-05 9.98508E-05 9.98508E-05 9.98508E-05 9.98508E-05 9.98508E-05 9.98508E-05 9.98508E-05 9.98508E-05 9.98508E-05 0.96172 9.98508E-05 9.98508E-05 9.98508E-05
9.98771E-05 9.98771E-05 9.98771E-05 9.98771E-05 9.98771E-05 9.98771E-05 9.98771E-05 9.98771E-05 9.98771E-05 0.111397 9.98771E-05 9.98771E-05 9.98771E-05 0.158129 0.112911 0.339228 9.98771E-05 9.98771E-05 0.276937
9.98684E-05 0.0756226 9.98684E-05 9.98684E-05 9.98684E-05 9.98684E-05 9.98684E-05 9.98684E-05 9.98684E-05 9.98684E-05 9.98684E-05 9.98684E-05 9.98684E-05 0.0980475 0.0711344 0.753698 9.98684E-05 9.98684E-05 9.98684E-05
9.98597E-05 9.98597E-05 9.98597E-05 9.98597E-05 0.00248885 9.98597E-05 9.98597E-05 9.98597E-05 9.98597E-05 9.98597E-05 9.98597E-05 9.98597E-05 9.98597E-05 9.98597E-05 0.014109 0.981804 9.98597E-05 9.98597E-05 9.98597E-05
9.98947E-05 9.98947E-05 0.0123055 0.00377491 0.035965 9.98947E-05 9.98947E-05 9.98947E-05 9.98947E-05 9.98947E-05 9.98947E-05 0.190774 9.98947E-05 0.0323396 9.98947E-05 0.680735 9.98947E-05 9.98947E-05 0.0429063
9.98682E-05 9.98682E-05 9.98682E-05 9.98682E-05 9.98682E-05 9.98682E-05 9.98682E-05 9.98682E-05 0.0210839 9.98682E-05 9.98682E-05 9.98682E-05 9.98682E-05 9.98682E-05 0.137451 0.638012 9.98682E-05 9.98682E-05 0.201955
9.98771E-05 9.98771E-05 0.00220524 9.98771E-05 0.516857 9.98771E-05 9.98771E-05 9.98771E-05 9.98771E-05 0.00394459 9.98771E-05 9.98771E-05 9.98771E-05 9.98771E-05 9.98771E-05 0.382025 9.98771E-05 9.98771E-05 0.0935698
9.98684E-05 9.98684E-05 9.98684E-05 9.98684E-05 0.210787 9.98684E-05 9.98684E-05 9.98684E-05 9.98684E-05 9.98684E-05 9.98684E-05 9.98684E-05 9.98684E-05 9.98684E-05 0.0769371 0.70653 9.98684E-05 9.98684E-05 0.00424785
9.98598E-05 9.98598E-05 9.98598E-05 9.98598E-05 0.229397 9.98598E-05 9.98598E-05 9.98598E-05 9.98598E-05 0.0261544 9.98598E-05 9.98598E-05 9.98598E-05 9.98598E-05 9.98598E-05 0.742851 9.98598E-05 9.98598E-05 9.98598E-05
9.98773E-05 9.98773E-05 9.98773E-05 9.98773E-05 0.387314 9.98773E-05 9.98773E-05 9.98773E-05 9.98773E-05 9.98773E-05 9.98773E-05 9.98773E-05 0.0323284 0.0182522 9.98773E-05 0.557939 9.98773E-05 9.98773E-05 0.00276818
9.98859E-05 9.98859E-05 9.98859E-05 0.00463737 9.98859E-05 9.98859E-05 9.98859E-05 9.98859E-05 9.98859E-05 9.98859E-05 0.0335951 9.98859E-05 0.126753 9.98859E-05 0.279842 0.470614 9.98859E-05 9.98859E-05 0.0832601
0.070271 9.98596E-05 9.98596E-05 9.98596E-05 9.98596E-05 9.98596E-05 9.98596E-05 9.98596E-05 9.98596E-05 9.98596E-05 9.98596E-05 9.98596E-05 9.98596E-05 9.98596E-05 9.98596E-05 0.819977 9.98596E-05 9.98596E-05 0.108155
9.98771E-05 9.98771E-05 9.98771E-05 9.98771E-05 0.537565 9.98771E-05 9.98771E-05 9.98771E-05 9.98771E-05 9.98771E-05 9.98771E-05 9.98771E-05 9.98771E-05 0.0789318 0.0855538 0.145232 9.98771E-05 9.98771E-05 0.15132
9.98772E-05 9.98772E-05 9.98772E-05 0.0383971 0.456386 0.0352414 9.98772E-05 9.98772E-05 9.98772E-05 9.98772E-05 9.98772E-05 9.98772E-05 9.98772E-05 9.98772E-05 0.033376 0.435201 9.98772E-05 9.98772E-05 9.98772E-05
9.98946E-05 0.116732 9.98946E-05 9.98946E-05 9.98946E-05 9.98946E-05 9.98946E-05 9.98946E-05 0.0261457 0.0819453 9.98946E-05 9.98946E-05 0.0677748 0.0615215 9.98946E-05 0.495881 9.98946E-05 9.98946E-05 0.148801
9.98859E-05 9.98859E-05 9.98859E-05 9.98859E-05 0.0181766 9.98859E-05 0.201836 9.98859E-05 9.98859E-05 9.98859E-05 9.98859E-05 0.0259584 9.98859E-05 9.98859E-05 0.0730909 0.619456 9.98859E-05 9.98859E-05 0.060183
9.99036E-05 0.0527148 9.99036E-05 9.99036E-05 0.0362285 9.99036E-05 9.99036E-05 0.0955539 9.99036E-05 9.99036E-05 9.99036E-05 9.99036E-05 0.100152 9.99036E-05 0.0162465 0.539369 0.0132776 9.99036E-05 0.145359
9.98685E-05 0.017424 9.98685E-05 9.98685E-05 9.98685E-05 9.98685E-05 9.98685E-05 9.98685E-05 9.98685E-05 9.98685E-05 9.98685E-05 9.98685E-05 9.98685E-05 9.98685E-05 0.186216 0.485022 9.98685E-05 9.98685E-05 0.309841
9.98596E-05 9.98596E-05 9.98596E-05 9.98596E-05 0.430401 9.98596E-05 9.98596E-05 9.98596E-05 9.98596E-05 9.98596E-05 9.98596E-05 9.98596E-05 9.98596E-05 9.98596E-05 0.0200669 0.547934 9.98596E-05 9.98596E-05 9.98596E-05
9.98595E-05 9.98595E-05 0.170183 9.98595E-05 9.98595E-05 9.98595E-05 9.98595E-05 9.98595E-05 9.98595E-05 9.98595E-05 9.98595E-05 9.98595E-05 9.98595E-05 9.98595E-05 0.108539 0.71968 9.98595E-05 9.98595E-05 9.98595E-05
9.98859E-05 9.98859E-05 9.98859E-05 9.98859E-05 0.49355 9.98859E-05 9.98859E-05 9.98859E-05 9.98859E-05 0.0610952 9.98859E-05 9.98859E-05 0.053853 9.98859E-05 0.031193 0.246693 9.98859E-05 9.98859E-05 0.112318
9.98685E-05 9.98685E-05 9.98685E-05 9.98685E-05 0.169761 9.98685E-05 9.98685E-05 9.98685E-05 9.98685E-05 9.98685E-05 9.98685E-05 9.98685E-05 9.98685E-05 9.98685E-05 0.143193 0.544813 9.98685E-05 9.98685E-05 0.140736
9.98683E-05 9.98683E-05 9.98683E-05 9.98683E-05 9.98683E-05 9.98683E-05 9.98683E-05 9.98683E-05 9.98683E-05 9.98683E-05 9.98683E-05 9.98683E-05 0.0987559 9.98683E-05 9.98683E-05 0.835082 0.0621545 9.98683E-05 0.00250947
9.98507E-05 9.98507E-05 0.114833 9.98507E-05 9.98507E-05 9.98507E-05 9.98507E-05 9.98507E-05 9.98507E-05 9.98507E-05 9.98507E-05 9.98507E-05 9.98507E-05 9.98507E-05 9.98507E-05 0.88347 9.98507E-05 9.98507E-05 9.98507E-05
9.98682E-05 9.98682E-05 9.98682E-05 9.98682E-05 9.98682E-05 9.98682E-05 9.98682E-05 9.98682E-05 9.98682E-05 9.98682E-05 9.98682E-05 9.98682E-05 0.120428 9.98682E-05 0.175388 0.522407 9.98682E-05 9.98682E-05 0.180279
9.98595E-05 9.98595E-05 9.98595E-05 9.98595E-05 9.98595E-05 9.98595E-05 9.98595E-05 9.98595E-05 9.98595E-05 9.98595E-05 9.98595E-05 9.98595E-05 9.98595E-05 9.98595E-05 0.0639415 0.792484 9.98595E-05 9.98595E-05 0.141977
9.98595E-05 9.98595E-05 9.98595E-05 9.98595E-05 9.98595E-05 9.98595E-05 9.98595E-05 9.98595E-05 9.98595E-05 9.98595E-05 9.98595E-05 9.98595E-05 9.98595E-05 9.98595E-05 9.98595E-05 0.955655 0.0276454 9.98595E-05 0.015102
9.98509E-05 9.98509E-05 9.98509E-05 9.98509E-05 9.98509E-05 9.98509E-05 9.98509E-05 9.98509E-05 9.98509E-05 9.98509E-05 9.98509E-05 9.98509E-05 9.98509E-05 0.128517 9.98509E-05 0.869786 9.98509E-05 9.98509E-05 9.98509E-05
9.98772E-05 9.98772E-05 9.98772E-05 9.98772E-05 0.0949362 9.98772E-05 9.98772E-05 9.98772E-05 9.98772E-05 9.98772E-05 9.98772E-05 9.98772E-05 0.0410391 9.98772E-05 0.0238711 0.665834 9.98772E-05 9.98772E-05 0.172921
9.98418E-05 9.98418E-05 9.98418E-05 9.98418E-05 9.98418E-05 9.98418E-05 9.98418E-05 9.98418E-05 9.98418E-05 9.98418E-05 9.98418E-05 9.98418E-05 9.98418E-05 9.98418E-05 0.998203 9.98418E-05 9.98418E-05 9.98418E-05 9.98418E-05
9.98418E-05 9.98418E-05 9.98418E-05 9.98418E-05 9.98418E-05 9.98418E-05 9.98418E-05 9.98418E-05 9.98418E-05 9.98418E-05 9.98418E-05 9.98418E-05 9.98418E-05 9.98418E-05 9.98418E-05 9.98418E-05 9.98418E-05 9.98418E-05 0.998203
9.98419E-05 9.98419E-05 9.98419E-05 9.98419E-05 9.98419E-05 9.98419E-05 9.98419E-05 9.98419E-05 9.98419E-05 9.98419E-05 9.98419E-05 9.98419E-05 9.98419E-05 9.98419E-05 0.998203 9.98419E-05 9.98419E-05 9.98419E-05 9.98419E-05
9.98418E-05 9.98418E-05 9.98418E-05 9.98418E-05 9.98418E-05 9.98418E-05 9.98418E-05 9.98418E-05 9.98418E-05 9.98418E-05 9.98418E-05 9.98418E-05 9.98418E-05 9.98418E-05 9.98418E-05 9.98418E-05 9.98418E-05 9.98418E-05 0.998203
9.98417E-05 9.98417E-05 9.98417E-05 9.98417E-05 9.98417E-05 9.98417E-05 9.98417E-05 9.98417E-05 9.98417E-05 9.98417E-05 9.98417E-05 9.98417E-05 9.98417E-05 9.98417E-05 9.98417E-05 9.98417E-05 9.98417E-05 9.98417E-05 0.998203
9.98418E-05 9.98418E-05 9.98418E-05 9.98418E-05 9.98418E-05 9.98418E-05 9.98418E-05 9.98418E-05 9.98418E-05 9.98418E-05 9.98418E-05 9.98418E-05 9.98418E-05 9.98418E-05 9.98418E-05 9.98418E-05 9.98418E-05 9.98418E-05 0.998203
9.98417E-05 9.98417E-05 9.98417E-05 9.98417E-05 9.98417E-05 9.98417E-05 9.98417E-05 9.98417E-05 9.98417E-05 9.98417E-05 9.98417E-05 9.98417E-05 9.98417E-05 9.98417E-05 0.998203 9.98417E-05 9.98417E-05 9.98417E-05 9.98417E-05
9.98417E-05 9.98417E-05 9.98417E-05 9.98417E-05 9.98417E-05 9.98417E-05 9.98417E-05 9.98417E-05 9.98417E-05 9.98417E-05 9.98417E-05 9.98417E-05 9.98417E-05 9.98417E-05 9.98417E-05 9.98417E-05 9.98417E-05 9.98417E-05 0.998203
9.98418E-05 9.98418E-05 9.98418E-05 9.98418E-05 9.98418E-05 9.98418E-05 9.98418E-05 9.98418E-05 9.98418E-05 9.98418E-05 9.98418E-05 9.98418E-05 9.98418E-05 9.98418E-05 9.98418E-05 9.98418E-05 9.98418E-05 9.98418E-05 0.998203
9.98418E-05 9.98418E-05 9.98418E-05 9.98418E-05 9.98418E-05 9.98418E-05 9.98418E-05 9.98418E-05 9.98418E-05 9.98418E-05 9.98418E-05 9.98418E-05 9.98418E-05 9.98418E-05 0.998203 9.98418E-05 9.98418E-05 9.98418E-05 9.98418E-05
9.98418E-05 9.98418E-05 9.98418E-05 9.98418E-05 9.98418E-05 9.98418E-05 9.98418E-05 9.98418E-05 9.98418E-05 9.98418E-05 9.98418E-05 9.98418E-05 9.98418E-05 9.98418E-05 0.998203 9.98418E-05 9.98418E-05 9.98418E-05 9.98418E-05
9.98417E-05 9.98417E-05 9.98417E-05 9.98417E-05 9.98417E-05 9.98417E-05 9.98417E-05 9.98417E-05 9.98417E-05 9.98417E-05 9.98417E-05 9.98417E-05 9.98417E-05 9.98417E-05 0.998203 9.98417E-05 9.98417E-05 9.98417E-05 9.98417E-05
9.98417E-05 9.98417E-05 9.98417E-05 9.98417E-05 9.98417E-05 9.98417E-05 9.98417E-05 9.98417E-05 9.98417E-05 9.98417E-05 9.98417E-05 9.98417E-05 9.98417E-05 9.98417E-05 9.98417E-05 9.98417E-05 9.98417E-05 9.98417E-05 0.998203
9.98417E-05 9.98417E-05 9.98417E-05 9.98417E-05 9.98417E-05 9.98417E-05 9.98417E-05 9.98417E-05 9.98417E-05 9.98417E-05 9.98417E-05 9.98417E-05 9.98417E-05 9.98417E-05 9.98417E-05 9.98417E-05 9.98417E-05 9.98417E-05 0.998203
9.98417E-05 9.98417E-05 9.98417E-05 9.98417E-05 9.98417E-05 9.98417E-05 9.98417E-05 9.98417E-05 9.98417E-05 9.98417E-05 9.98417E-05 9.98417E-05 9.98417E-05 9.98417E-05 0.998203 9.98417E-05 9.98417E-05 9.98417E-05 9.98417E-05
9.98417E-05 9.98417E-05 9.98417E-05 9.98417E-05 9.98417E-05 9.98417E-05 9.98417E-05 9.98417E-05 9.98417E-05 9.98417E-05 9.98417E-05 9.98417E-05 9.98417E-05 9.98417E-05 0.998203 9.98417E-05 9.98417E-05 9.98417E-05 9.98417E-05
0.0282435 9.98946E-05 0.00123563 9.98946E-05 9.98946E-05 9.98946E-05 9.98946E-05 0.0890922 9.98946E-05 9.98946E-05 0.189757 9.98946E-05 9.98946E-05 9.98946E-05 0.0664766 0.578433 9.98946E-05 9.98946E-05 0.0455638
9.98418E-05 9.98418E-05 9.98418E-05 9.98418E-05 9.98418E-05 9.98418E-05 9.98418E-05 9.98418E-05 9.98418E-05 9.98418E-05 9.98418E-05 9.98418E-05 9.98418E-05 9.98418E-05 0.998203 9.98418E-05 9.98418E-05 9.98418E-05 9.98418E-05
9.98418E-05 9.98418E-05 9.98418E-05 9.98418E-05 9.98418E-05 9.98418E-05 9.98418E-05 9.98418E-05 9.98418E-05 9.98418E-05 9.98418E-05 9.98418E-05 9.98418E-05 9.98418E-05 9.98418E-05 9.98418E-05 9.98418E-05 9.98418E-05 0.998203
9.98418E-05 9.98418E-05 9.98418E-05 9.98418E-05 9.98418E-05 9.98418E-05 9.98418E-05 9.98418E-05 9.98418E-05 9.98418E-05 9.98418E-05 9.98418E-05 9.98418E-05 9.98418E-05 0.998203 9.98418E-05 9.98418E-05 9.98418E-05 9.98418E-05
9.98418E-05 9.98418E-05 9.98418E-05 9.98418E-05 9.98418E-05 9.98418E-05 9.98418E-05 9.98418E-05 9.98418E-05 9.98418E-05 9.98418E-05 9.98418E-05 9.98418E-05 9.98418E-05 0.998203 9.98418E-05 9.98418E-05 9.98418E-05 9.98418E-05
9.98419E-05 9.98419E-05 9.98419E-05 9.98419E-05 9.98419E-05 9.98419E-05 9.98419E-05 9.98419E-05 9.98419E-05 9.98419E-05 9.98419E-05 9.98419E-05 9.98419E-05 9.98419E-05 0.998203 9.98419E-05 9.98419E-05 9.98419E-05 9.98419E-05
9.98418E-05 9.98418E-05 9.98418E-05 9.98418E-05 9.98418E-05 9.98418E-05 9.98418E-05 9.98418E-05 9.98418E-05 9.98418E-05 9.98418E-05 9.98418E-05 9.98418E-05 9.98418E-05 9.98418E-05 9.98418E-05 9.98418E-05 9.98418E-05 0.998203
9.98418E-05 9.98418E-05 9.98418E-05 9.98418E-05 9.98418E-05 9.98418E-05 9.98418E-05 9.98418E-05 9.98418E-05 9.98418E-05 9.98418E-05 9.98418E-05 9.98418E-05 9.98418E-05 0.998203 9.98418E-05 9.98418E-05 9.98418E-05 9.98418E-05
9.98418E-05 9.98418E-05 9.98418E-05 9.98418E-05 9.98418E-05 9.98418E-05 9.98418E-05 9.98418E-05 9.98418E-05 9.98418E-05 9.98418E-05 9.98418E-05 9.98418E-05 9.98418E-05 9.98418E-05 9.98418E-05 9.98418E-05 9.98418E-05 0.998203
9.98418E-05 9.98418E-05 9.98418E-05 9.98418E-05 9.98418E-05 9.98418E-05 9.98418E-05 9.98418E-05 9.98418E-05 9.98418E-05 9.98418E-05 9.98418E-05 9.98418E-05 9.98418E-05 0.998203 9.98418E-05 9.98418E-05 9.98418E-05 9.98418E-05
9.98417E-05 9.98417E-05 9.98417E-05 9.98417E-05 9.98417E-05 9.98417E-05 9.98417E-05 9.98417E-05 9.98417E-05 9.98417E-05 9.98417E-05 9.98417E-05 9.98417E-05 9.98417E-05 0.998203 9.98417E-05 9.98417E-05 9.98417E-05 9.98417E-05
9.98417E-05 9.98417E-05 9.98417E-05 9.98417E-05 9.98417E-05 9.98417E-05 9.98417E-05 9.98417E-05 9.98417E-05 9.98417E-05 9.98417E-05 9.98417E-05 9.98417E-05 9.98417E-05 9.98417E-05 9.98417E-05 9.98417E-05 9.98417E-05 0.998203
9.98418E-05 9.98418E-05 9.98418E-05 9.98418E-05 9.98418E-05 9.98418E-05 9.98418E-05 9.98418E-05 9.98418E-05 9.98418E-05 9.98418E-05 9.98418E-05 9.98418E-05 9.98418E-05 9.98418E-05 9.98418E-05 9.98418E-05 9.98418E-05 0.998203
9.98419E-05 9.98419E-05 9.98419E-05 9.98419E-05 9.98419E-05 9.98419E-05 9.98419E-05 9.98419E-05 9.98419E-05 9.98419E-05 9.98419E-05 9.98419E-05 9.98419E-05 9.98419E-05 9.98419E-05 9.98419E-05 9.98419E-05 9.98419E-05 0.998203
9.98419E-05 9.98419E-05 9.98419E-05 9.98419E-05 9.98419E-05 9.98419E-05 9.98419E-05 9.98419E-05 9.98419E-05 9.98419E-05 9.98419E-05 9.98419E-05 9.98419E-05 9.98419E-05 0.998203 9.98419E-05 9.98419E-05 9.98419E-05 9.98419E-05
9.98417E-05 9.98417E-05 9.98417E-05 9.98417E-05 9.98417E-05 9.98417E-05 9.98417E-05 9.98417E-05 9.98417E-05 9.98417E-05 9.98417E-05 9.98417E-05 9.98417E-05 9.98417E-05 0.998203 9.98417E-05 9.98417E-05 9.98417E-05 9.98417E-05
9.98418E-05 9.98418E-05 9.98418E-05 9.98418E-05 9.98418E-05 9.98418E-05 9.98418E-05 9.98418E-05 9.98418E-05 9.98418E-05 9.98418E-05 9.98418E-05 9.98418E-05 9.98418E-05 0.998203 9.98418E-05 9.98418E-05 9.98418E-05 9.98418E-05
9.98418E-05 9.98418E-05 9.98418E-05 9.98418E-05 9.98418E-05 9.98418E-05 9.98418E-05 9.98418E-05 9.98418E-05 9.98418E-05 9.98418E-05 9.98418E-05 9.98418E-05 9.98418E-05 0.998203 9.98418E-05 9.98418E-05 9.98418E-05 9.98418E-05
9.98417E-05 9.98417E-05 9.98417E-05 9.98417E-05 9.98417E-05 9.98417E-05 9.98417E-05 9.98417E-05 9.98417E-05 9.98417E-05 9.98417E-05 9.98417E-05 9.98417E-05 9.98417E-05 0.998203 9.98417E-05 9.98417E-05 9.98417E-05 9.98417E-05
9.98418E-05 9.98418E-05 9.98418E-05 9.98418E-05 9.98418E-05 9.98418E-05 9.98418E-05 9.98418E-05 9.98418E-05 9.98418E-05 9.98418E-05 9.98418E-05 9.98418E-05 9.98418E-05 9.98418E-05 9.98418E-05 9.98418E-05 9.98418E-05 0.998203
