0.0483777 9.98859E-05 9.98859E-05 9.98859E-05 9.98859E-05 9.98859E-05 9.98859E-05 0.0334956 0.489652 9.98859E-05 0.057919 0.113102 9.98859E-05 0.233057 9.98859E-05 9.98859E-05 9.98859E-05 0.0230981 9.98859E-05 9.98859E-05
9.98596E-05 9.98596E-05 9.98596E-05 9.98596E-05 9.98596E-05 9.98596E-05 9.98596E-05 9.98596E-05 0.650675 9.98596E-05 0.00540838 9.98596E-05 9.98596E-05 9.98596E-05 9.98596E-05 9.98596E-05 9.98596E-05 0.0424121 0.299907 9.98596E-05
9.98332E-05 0.998103 9.98332E-05 9.98332E-05 9.98332E-05 9.98332E-05 9.98332E-05 9.98332E-05 9.98332E-05 9.98332E-05 9.98332E-05 9.98332E-05 9.98332E-05 9.98332E-05 9.98332E-05 9.98332E-05 9.98332E-05 9.98332E-05 9.98332E-05 9.98332E-05
9.98683E-05 9.98683E-05 0.232821 0.0332823 9.98683E-05 0.696125 9.98683E-05 9.98683E-05 9.98683E-05 9.98683E-05 0.0253101 0.010964 9.98683E-05 9.98683E-05 9.98683E-05 9.98683E-05 9.98683E-05 9.98683E-05 9.98683E-05 9.98683E-05
9.98597E-05 9.98597E-05 9.98597E-05 9.98597E-05 0.0389305 9.98597E-05 9.98597E-05 9.98597E-05 0.788665 9.98597E-05 9.98597E-05 9.98597E-05 0.0596405 9.98597E-05 9.98597E-05 9.98597E-05 9.98597E-05 9.98597E-05 0.111166 9.98597E-05
9.98596E-05 9.98596E-05 9.98596E-05 9.98596E-05 9.98596E-05 0.680028 0.143384 9.98596E-05 9.98596E-05 9.98596E-05 9.98596E-05 9.98596E-05 0.0887691 9.98596E-05 9.98596E-05 0.0862207 9.98596E-05 9.98596E-05 9.98596E-05 9.98596E-05
0.00466284 9.99123E-05 0.0996508 9.99123E-05 9.99123E-05 0.153028 9.99123E-05 0.029721 0.251853 9.99123E-05 0.105231 0.0734025 9.99123E-05 0.0966871 0.104924 9.99123E-05 9.99123E-05 0.0798406 9.99123E-05 9.99123E-05
9.98947E-05 9.98947E-05 0.0104421 9.98947E-05 0.0908843 0.480346 0.104782 9.98947E-05 9.98947E-05 9.98947E-05 9.98947E-05 0.125548 9.98947E-05 9.98947E-05 0.0192965 0.079523 9.98947E-05 9.98947E-05 9.98947E-05 0.0879795
0.133742 9.98858E-05 9.98858E-05 0.0134318 0.0169647 0.443214 0.195865 0.141979 9.98858E-05 9.98858E-05 9.98858E-05 0.053505 9.98858E-05 9.98858E-05 9.98858E-05 9.98858E-05 9.98858E-05 9.98858E-05 9.98858E-05 9.98858E-05
9.98334E-05 9.98334E-05 9.98334E-05 9.98334E-05 9.98334E-05 9.98334E-05 9.98334E-05 9.98334E-05 0.998103 9.98334E-05 9.98334E-05 9.98334E-05 9.98334E-05 9.98334E-05 9.98334E-05 9.98334E-05 9.98334E-05 9.98334E-05 9.98334E-05 9.98334E-05
0.105204 9.98684E-05 9.98684E-05 9.98684E-05 9.98684E-05 0.700809 0.0458236 9.98684E-05 9.98684E-05 9.98684E-05 0.10859 0.0380749 9.98684E-05 9.98684E-05 9.98684E-05 9.98684E-05 9.98684E-05 9.98684E-05 9.98684E-05 9.98684E-05
9.98421E-05 0.494605 9.98421E-05 9.98421E-05 9.98421E-05 0.503597 9.98421E-05 9.98421E-05 9.98421E-05 9.98421E-05 9.98421E-05 9.98421E-05 9.98421E-05 9.98421E-05 9.98421E-05 9.98421E-05 9.98421E-05 9.98421E-05 9.98421E-05 9.98421E-05
0.00875767 9.98421E-05 9.98421E-05 9.98421E-05 9.98421E-05 9.98421E-05 9.98421E-05 9.98421E-05 0.989445 9.98421E-05 9.98421E-05 9.98421E-05 9.98421E-05 9.98421E-05 9.98421E-05 9.98421E-05 9.98421E-05 9.98421E-05 9.98421E-05 9.98421E-05
0.0326102 9.98684E-05 9.98684E-05 9.98684E-05 9.98684E-05 9.98684E-05 9.98684E-05 9.98684E-05 9.98684E-05 0.000375767 0.0163804 9.98684E-05 9.98684E-05 9.98684E-05 9.98684E-05 9.98684E-05 9.98684E-05 9.98684E-05 0.943713 0.00542274
0.134776 9.98771E-05 9.98771E-05 9.98771E-05 9.98771E-05 0.477225 0.12682 9.98771E-05 0.0218972 9.98771E-05 9.98771E-05 9.98771E-05 9.98771E-05 0.0959474 9.98771E-05 0.141936 9.98771E-05 9.98771E-05 9.98771E-05 9.98771E-05
0.067236 9.99034E-05 0.0165745 9.99034E-05 9.99034E-05 0.330502 0.139101 9.99034E-05 9.99034E-05 9.99034E-05 9.99034E-05 0.0340734 9.99034E-05 0.134087 9.99034E-05 0.0386004 9.99034E-05 9.99034E-05 0.0378336 0.200893
0.034667 0.535606 0.0819147 9.98859E-05 9.98859E-05 0.0796384 9.98859E-05 9.98859E-05 9.98859E-05 0.165112 0.0431681 9.98859E-05 9.98859E-05 9.98859E-05 9.98859E-05 9.98859E-05 9.98859E-05 0.0585959 9.98859E-05 9.98859E-05
0.174197 9.99035E-05 9.99035E-05 0.0272063 9.99035E-05 0.366895 0.0553858 0.0315273 0.058296 9.99035E-05 9.99035E-05 0.0532847 9.99035E-05 0.0306453 9.99035E-05 9.99035E-05 0.201464 9.99035E-05 9.99035E-05 9.99035E-05
0.16259 9.98682E-05 9.98682E-05 9.98682E-05 9.98682E-05 0.594961 0.0164212 9.98682E-05 9.98682E-05 9.98682E-05 9.98682E-05 0.143499 0.0810305 9.98682E-05 9.98682E-05 9.98682E-05 9.98682E-05 9.98682E-05 9.98682E-05 9.98682E-05
9.98421E-05 0.619366 9.98421E-05 9.98421E-05 9.98421E-05 9.98421E-05 9.98421E-05 9.98421E-05 0.378837 9.98421E-05 9.98421E-05 9.98421E-05 9.98421E-05 9.98421E-05 9.98421E-05 9.98421E-05 9.98421E-05 9.98421E-05 9.98421E-05 9.98421E-05
9.98771E-05 9.98771E-05 0.0329143 0.00460946 9.98771E-05 0.694693 0.0557611 9.98771E-05 9.98771E-05 9.98771E-05 0.0744103 9.98771E-05 9.98771E-05 9.98771E-05 9.98771E-05 9.98771E-05 9.98771E-05 9.98771E-05 9.98771E-05 0.136213
9.98684E-05 9.98684E-05 9.98684E-05 9.98684E-05 0.0214607 0.512805 0.114167 9.98684E-05 9.98684E-05 9.98684E-05 9.98684E-05 0.255313 0.094756 9.98684E-05 9.98684E-05 9.98684E-05 9.98684E-05 9.98684E-05 9.98684E-05 9.98684E-05
0.0954837 0.337073 9.98772E-05 9.98772E-05 9.98772E-05 9.98772E-05 9.98772E-05 9.98772E-05 0.335186 9.98772E-05 0.0193866 9.98772E-05 9.98772E-05 0.173885 9.98772E-05 9.98772E-05 9.98772E-05 9.98772E-05 0.037588 9.98772E-05
0.2379 9.98684E-05 9.98684E-05 9.98684E-05 9.98684E-05 9.98684E-05 9.98684E-05 0.0675132 0.397219 9.98684E-05 9.98684E-05 0.252509 9.98684E-05 9.98684E-05 9.98684E-05 9.98684E-05 9.98684E-05 9.98684E-05 9.98684E-05 0.0433609
0.256632 9.98857E-05 9.98857E-05 9.98857E-05 9.98857E-05 0.486028 0.0495939 9.98857E-05 9.98857E-05 9.98857E-05 0.0529373 0.0639846 9.98857E-05 9.98857E-05 9.98857E-05 0.0158975 9.98857E-05 9.98857E-05 0.0736281 9.98857E-05
0.0609285 0.780263 9.98684E-05 9.98684E-05 9.98684E-05 9.98684E-05 9.98684E-05 9.98684E-05 9.98684E-05 9.98684E-05 9.98684E-05 0.0336782 9.98684E-05 9.98684E-05 9.98684E-05 0.0706129 9.98684E-05 9.98684E-05 0.053019 9.98684E-05
0.0310519 0.0445623 0.110822 0.0169804 9.99035E-05 9.99035E-05 9.99035E-05 9.99035E-05 0.0016315 9.99035E-05 9.99035E-05 0.351321 9.99035E-05 9.99035E-05 9.99035E-05 0.372257 0.0414896 9.99035E-05 9.99035E-05 0.0287857
0.028573 9.9851E-05 0.0619782 9.9851E-05 9.9851E-05 9.9851E-05 9.9851E-05 9.9851E-05 0.907751 9.9851E-05 9.9851E-05 9.9851E-05 9.9851E-05 9.9851E-05 9.9851E-05 9.9851E-05 9.9851E-05 9.9851E-05 9.9851E-05 9.9851E-05
0.232099 9.98773E-05 9.98773E-05 9.98773E-05 9.98773E-05 9.98773E-05 9.98773E-05 0.00423059 0.664161 9.98773E-05 9.98773E-05 0.00666129 9.98773E-05 0.0385521 9.98773E-05 0.0528981 9.98773E-05 9.98773E-05 9.98773E-05 9.98773E-05
0.0313871 0.382958 9.98773E-05 9.98773E-05 9.98773E-05 9.98773E-05 0.0160332 9.98773E-05 9.98773E-05 0.0435679 9.98773E-05 9.98773E-05 0.0763897 9.98773E-05 9.98773E-05 9.98773E-05 9.98773E-05 9.98773E-05 0.448265 9.98773E-05
9.98684E-05 9.98684E-05 9.98684E-05 0.00305555 9.98684E-05 9.98684E-05 0.0106325 9.98684E-05 0.865007 9.98684E-05 0.0969852 9.98684E-05 9.98684E-05 0.0228216 9.98684E-05 9.98684E-05 9.98684E-05 9.98684E-05 9.98684E-05 9.98684E-05
9.98421E-05 9.98421E-05 9.98421E-05 9.98421E-05 9.98421E-05 0.976711 9.98421E-05 9.98421E-05 9.98421E-05 9.98421E-05 0.0214914 9.98421E-05 9.98421E-05 9.98421E-05 9.98421E-05 9.98421E-05 9.98421E-05 9.98421E-05 9.98421E-05 9.98421E-05
0.160368 9.98507E-05 9.98507E-05 9.98507E-05 9.98507E-05 0.822499 9.98507E-05 9.98507E-05 9.98507E-05 9.98507E-05 0.0154359 9.98507E-05 9.98507E-05 9.98507E-05 9.98507E-05 9.98507E-05 9.98507E-05 9.98507E-05 9.98507E-05 9.98507E-05
0.0932509 9.98858E-05 9.98858E-05 9.98858E-05 9.98858E-05 9.98858E-05 9.98858E-05 0.00787133 9.98858E-05 9.98858E-05 9.98858E-05 9.98858E-05 0.00773865 9.98858E-05 9.98858E-05 0.131362 0.0126957 9.98858E-05 0.731689 0.0140939
9.98509E-05 9.98509E-05 9.98509E-05 0.0114564 9.98509E-05 9.98509E-05 9.98509E-05 9.98509E-05 0.983981 9.98509E-05 0.00286496 9.98509E-05 9.98509E-05 9.98509E-05 9.98509E-05 9.98509E-05 9.98509E-05 9.98509E-05 9.98509E-05 9.98509E-05
9.98684E-05 0.806978 0.144669 9.98684E-05 9.98684E-05 9.98684E-05 0.000603129 0.0336569 9.98684E-05 9.98684E-05 9.98684E-05 0.0125948 9.98684E-05 9.98684E-05 9.98684E-05 9.98684E-05 9.98684E-05 9.98684E-05 9.98684E-05 9.98684E-05
9.98422E-05 0.924465 9.98422E-05 9.98422E-05 9.98422E-05 9.98422E-05 9.98422E-05 9.98422E-05 9.98422E-05 9.98422E-05 9.98422E-05 9.98422E-05 0.0737379 9.98422E-05 9.98422E-05 9.98422E-05 9.98422E-05 9.98422E-05 9.98422E-05 9.98422E-05
0.0121426 0.204209 9.98684E-05 9.98684E-05 9.98684E-05 9.98684E-05 0.118683 9.98684E-05 9.98684E-05 9.98684E-05 9.98684E-05 9.98684E-05 9.98684E-05 9.98684E-05 9.98684E-05 9.98684E-05 9.98684E-05 0.00863457 0.654833 9.98684E-05
0.180966 0.668976 9.98772E-05 0.0124563 9.98772E-05 9.98772E-05 9.98772E-05 9.98772E-05 9.98772E-05 0.0781133 9.98772E-05 0.0439944 9.98772E-05 9.98772E-05 9.98772E-05 9.98772E-05 9.98772E-05 0.0140955 9.98772E-05 9.98772E-05
0.0446299 9.98596E-05 9.98596E-05 9.98596E-05 9.98596E-05 0.678213 9.98596E-05 9.98596E-05 9.98596E-05 9.98596E-05 9.98596E-05 9.98596E-05 0.00869424 9.98596E-05 9.98596E-05 9.98596E-05 9.98596E-05 9.98596E-05 0.266865 9.98596E-05
0.00609789 0.862199 9.98595E-05 9.98595E-05 9.98595E-05 9.98595E-05 9.98595E-05 9.98595E-05 9.98595E-05 9.98595E-05 9.98595E-05 0.0712975 0.0588076 9.98595E-05 9.98595E-05 9.98595E-05 9.98595E-05 9.98595E-05 9.98595E-05 9.98595E-05
0.00998155 9.98686E-05 9.98686E-05 9.98686E-05 9.98686E-05 9.98686E-05 0.0434012 0.0385165 0.81473 9.98686E-05 9.98686E-05 0.0918723 9.98686E-05 9.98686E-05 9.98686E-05 9.98686E-05 9.98686E-05 9.98686E-05 9.98686E-05 9.98686E-05
9.98508E-05 9.98508E-05 9.98508E-05 9.98508E-05 9.98508E-05 9.98508E-05 9.98508E-05 9.98508E-05 0.959975 0.0319548 9.98508E-05 9.98508E-05 0.00637232 9.98508E-05 9.98508E-05 9.98508E-05 9.98508E-05 9.98508E-05 9.98508E-05 9.98508E-05
0.0952713 0.0267476 9.99034E-05 9.99034E-05 9.99034E-05 0.235144 0.137 0.0169662 0.265927 9.99034E-05 0.0570669 0.133887 9.99034E-05 9.99034E-05 9.99034E-05 9.99034E-05 9.99034E-05 0.0308916 9.99034E-05 9.99034E-05
0.126131 9.98772E-05 0.113988 9.98772E-05 9.98772E-05 0.121952 9.98772E-05 9.98772E-05 9.98772E-05 9.98772E-05 9.98772E-05 0.326773 0.0507615 9.98772E-05 9.98772E-05 9.98772E-05 9.98772E-05 9.98772E-05 0.258996 9.98772E-05
9.98684E-05 0.408519 0.00868008 0.0449237 9.98684E-05 0.507543 9.98684E-05 9.98684E-05 0.0288365 9.98684E-05 9.98684E-05 9.98684E-05 9.98684E-05 9.98684E-05 9.98684E-05 9.98684E-05 9.98684E-05 9.98684E-05 9.98684E-05 9.98684E-05
0.0159349 9.98597E-05 0.0112455 9.98597E-05 9.98597E-05 9.98597E-05 9.98597E-05 9.98597E-05 0.623172 9.98597E-05 9.98597E-05 9.98597E-05 9.98597E-05 9.98597E-05 9.98597E-05 9.98597E-05 9.98597E-05 9.98597E-05 0.34805 9.98597E-05
9.98422E-05 0.925946 9.98422E-05 9.98422E-05 9.98422E-05 9.98422E-05 9.98422E-05 9.98422E-05 9.98422E-05 9.98422E-05 9.98422E-05 9.98422E-05 9.98422E-05 9.98422E-05 9.98422E-05 9.98422E-05 9.98422E-05 9.98422E-05 0.0722573 9.98422E-05
0.0537718 9.98682E-05 9.98682E-05 9.98682E-05 9.98682E-05 0.267201 9.98682E-05 9.98682E-05 0.507824 9.98682E-05 0.0248159 0.14489 9.98682E-05 9.98682E-05 9.98682E-05 9.98682E-05 9.98682E-05 9.98682E-05 9.98682E-05 9.98682E-05
9.98335E-05 9.98335E-05 9.98335E-05 9.98335E-05 9.98335E-05 9.98335E-05 9.98335E-05 9.98335E-05 9.98335E-05 9.98335E-05 9.98335E-05 9.98335E-05 9.98335E-05 9.98335E-05 9.98335E-05 9.98335E-05 9.98335E-05 9.98335E-05 0.998103 9.98335E-05
0.169156 9.99121E-05 0.0322488 9.99121E-05 9.99121E-05 0.241014 0.0435218 0.022359 0.211654 9.99121E-05 0.112208 0.036266 9.99121E-05 9.99121E-05 9.99121E-05 0.12105 9.99121E-05 9.99121E-05 9.99121E-05 0.00952248
9.98508E-05 9.98508E-05 0.132202 9.98508E-05 9.98508E-05 9.98508E-05 9.98508E-05 9.98508E-05 9.98508E-05 9.98508E-05 9.98508E-05 0.17451 9.98508E-05 9.98508E-05 9.98508E-05 9.98508E-05 9.98508E-05 9.98508E-05 0.691591 9.98508E-05
9.98421E-05 9.98421E-05 9.98421E-05 9.98421E-05 9.98421E-05 9.98421E-05 9.98421E-05 9.98421E-05 0.955535 9.98421E-05 9.98421E-05 9.98421E-05 9.98421E-05 9.98421E-05 9.98421E-05 9.98421E-05 0.0426674 9.98421E-05 9.98421E-05 9.98421E-05
9.98331E-05 9.98331E-05 9.98331E-05 9.98331E-05 9.98331E-05 9.98331E-05 9.98331E-05 9.98331E-05 9.98331E-05 9.98331E-05 9.98331E-05 9.98331E-05 9.98331E-05 9.98331E-05 9.98331E-05 9.98331E-05 9.98331E-05 9.98331E-05 0.998103 9.98331E-05
0.0238392 0.0925668 9.98598E-05 9.98598E-05 9.98598E-05 0.593345 9.98598E-05 9.98598E-05 0.288651 9.98598E-05 9.98598E-05 9.98598E-05 9.98598E-05 9.98598E-05 9.98598E-05 9.98598E-05 9.98598E-05 9.98598E-05 9.98598E-05 9.98598E-05
9.98334E-05 9.98334E-05 9.98334E-05 9.98334E-05 9.98334E-05 0.998103 9.98334E-05 9.98334E-05 9.98334E-05 9.98334E-05 9.98334E-05 9.98334E-05 9.98334E-05 9.98334E-05 9.98334E-05 9.98334E-05 9.98334E-05 9.98334E-05 9.98334E-05 9.98334E-05
0.0182574 0.85379 9.98772E-05 9.98772E-05 9.98772E-05 9.98772E-05 9.98772E-05 9.98772E-05 9.98772E-05 9.98772E-05 0.0292592 9.98772E-05 0.00492915 9.98772E-05 9.98772E-05 9.98772E-05 0.0809588 9.98772E-05 9.98772E-05 0.0114073
0.00813584 0.904836 0.0484459 9.98597E-05 9.98597E-05 9.98597E-05 9.98597E-05 9.98597E-05 9.98597E-05 9.98597E-05 0.0369846 9.98597E-05 9.98597E-05 9.98597E-05 9.98597E-05 9.98597E-05 9.98597E-05 9.98597E-05 9.98597E-05 9.98597E-05
9.98684E-05 9.98684E-05 0.00590214 9.98684E-05 0.00106759 9.98684E-05 9.98684E-05 9.98684E-05 0.936378 9.98684E-05 0.0293323 9.98684E-05 9.98684E-05 9.98684E-05 9.98684E-05 9.98684E-05 9.98684E-05 9.98684E-05 0.0258216 9.98684E-05
0.106067 9.9877E-05 9.9877E-05 9.9877E-05 9.9877E-05 9.9877E-05 0.0318223 9.9877E-05 9.9877E-05 9.9877E-05 0.0425313 0.0280639 9.9877E-05 0.755954 9.9877E-05 9.9877E-05 0.0341631 9.9877E-05 9.9877E-05 9.9877E-05
9.98511E-05 9.98511E-05 0.0526633 9.98511E-05 9.98511E-05 9.98511E-05 9.98511E-05 0.0186454 9.98511E-05 9.98511E-05 9.98511E-05 9.98511E-05 9.98511E-05 0.926994 9.98511E-05 9.98511E-05 9.98511E-05 9.98511E-05 9.98511E-05 9.98511E-05
9.98596E-05 9.98596E-05 9.98596E-05 9.98596E-05 9.98596E-05 9.98596E-05 9.98596E-05 9.98596E-05 9.98596E-05 0.0198526 9.98596E-05 9.98596E-05 9.98596E-05 0.880681 0.0405732 9.98596E-05 0.0572958 9.98596E-05 9.98596E-05 9.98596E-05
0.02618 9.98771E-05 9.98771E-05 9.98771E-05 9.98771E-05 9.98771E-05 0.110707 9.98771E-05 9.98771E-05 9.98771E-05 9.98771E-05 9.98771E-05 9.98771E-05 0.379057 0.0435382 0.183501 9.98771E-05 0.255619 9.98771E-05 9.98771E-05
0.0369678 9.99033E-05 9.99033E-05 0.0591875 9.99033E-05 0.00027177 0.0743839 9.99033E-05 9.99033E-05 9.99033E-05 9.99033E-05 0.0461096 0.0327176 0.692587 0.0411166 9.99033E-05 0.0155591 9.99033E-05 9.99033E-05 9.99033E-05
0.107449 9.98945E-05 0.0170442 0.0457797 9.98945E-05 9.98945E-05 0.0511409 0.028863 9.98945E-05 9.98945E-05 9.98945E-05 0.0373424 9.98945E-05 0.707519 9.98945E-05 9.98945E-05 0.00366328 9.98945E-05 9.98945E-05 9.98945E-05
0.0705746 9.98683E-05 0.131812 9.98683E-05 9.98683E-05 9.98683E-05 9.98683E-05 9.98683E-05 9.98683E-05 9.98683E-05 0.00484513 9.98683E-05 9.98683E-05 0.579712 9.98683E-05 9.98683E-05 9.98683E-05 0.211558 9.98683E-05 9.98683E-05
0.0819389 9.98769E-05 9.98769E-05 9.98769E-05 9.98769E-05 9.98769E-05 0.0646472 9.98769E-05 9.98769E-05 9.98769E-05 9.98769E-05 9.98769E-05 9.98769E-05 0.65878 9.98769E-05 0.0102904 0.128092 0.0548527 9.98769E-05 9.98769E-05
9.98509E-05 9.98509E-05 9.98509E-05 9.98509E-05 9.98509E-05 9.98509E-05 9.98509E-05 0.0847639 9.98509E-05 9.98509E-05 9.98509E-05 9.98509E-05 9.98509E-05 0.908108 9.98509E-05 9.98509E-05 9.98509E-05 0.00543056 9.98509E-05 9.98509E-05
0.00208757 9.98595E-05 9.98595E-05 9.98595E-05 9.98595E-05 9.98595E-05 0.018592 9.98595E-05 9.98595E-05 9.98595E-05 0.0602449 9.98595E-05 9.98595E-05 0.917478 9.98595E-05 9.98595E-05 9.98595E-05 9.98595E-05 9.98595E-05 9.98595E-05
0.183583 9.98681E-05 9.98681E-05 0.0201574 9.98681E-05 9.98681E-05 0.0504578 9.98681E-05 9.98681E-05 9.98681E-05 0.182478 9.98681E-05 9.98681E-05 0.561826 9.98681E-05 9.98681E-05 9.98681E-05 9.98681E-05 9.98681E-05 9.98681E-05
0.105274 9.99034E-05 0.0130412 9.99034E-05 9.99034E-05 9.99034E-05 9.99034E-05 9.99034E-05 9.99034E-05 9.99034E-05 0.0796332 0.181407 0.0635897 0.440506 0.0300002 9.99034E-05 9.99034E-05 0.00682301 9.99034E-05 0.078626
9.98857E-05 9.98857E-05 9.98857E-05 9.98857E-05 0.181411 9.98857E-05 0.15351 9.98857E-05 9.98857E-05 9.98857E-05 0.054431 9.98857E-05 0.0167387 0.437627 9.98857E-05 0.0892622 9.98857E-05 9.98857E-05 9.98857E-05 0.0657212
0.150978 9.98683E-05 9.98683E-05 9.98683E-05 0.0988395 9.98683E-05 9.98683E-05 9.98683E-05 9.98683E-05 9.98683E-05 9.98683E-05 0.128319 9.98683E-05 0.585158 9.98683E-05 9.98683E-05 9.98683E-05 0.035207 9.98683E-05 9.98683E-05
9.98511E-05 9.98511E-05 9.98511E-05 9.98511E-05 9.98511E-05 9.98511E-05 9.98511E-05 9.98511E-05 9.98511E-05 9.98511E-05 9.98511E-05 9.98511E-05 9.98511E-05 0.94801 9.98511E-05 0.00832537 9.98511E-05 9.98511E-05 9.98511E-05 0.0419669
0.00745281 9.98597E-05 9.98597E-05 9.98597E-05 9.98597E-05 9.98597E-05 0.012642 9.98597E-05 9.98597E-05 9.98597E-05 0.000236362 9.98597E-05 9.98597E-05 0.978071 9.98597E-05 9.98597E-05 9.98597E-05 9.98597E-05 9.98597E-05 9.98597E-05
9.98681E-05 9.98681E-05 9.98681E-05 9.98681E-05 9.98681E-05 9.98681E-05 9.98681E-05 9.98681E-05 9.98681E-05 9.98681E-05 9.98681E-05 9.98681E-05 0.161929 0.740049 0.0683883 0.0212817 0.00685472 9.98681E-05 9.98681E-05 9.98681E-05
9.9877E-05 9.9877E-05 0.0309214 9.9877E-05 9.9877E-05 9.9877E-05 0.0448934 9.9877E-05 9.9877E-05 9.9877E-05 0.126402 0.110876 0.0677154 0.617793 9.9877E-05 9.9877E-05 9.9877E-05 9.9877E-05 9.9877E-05 9.9877E-05
0.0307603 9.98595E-05 9.98595E-05 9.98595E-05 9.98595E-05 9.98595E-05 9.98595E-05 9.98595E-05 9.98595E-05 9.98595E-05 0.104938 9.98595E-05 9.98595E-05 0.855987 9.98595E-05 9.98595E-05 0.00671673 9.98595E-05 9.98595E-05 9.98595E-05
0.198507 9.98593E-05 9.98593E-05 9.98593E-05 9.98593E-05 9.98593E-05 9.98593E-05 9.98593E-05 9.98593E-05 9.98593E-05 0.0487461 9.98593E-05 9.98593E-05 0.71329 9.98593E-05 9.98593E-05 9.98593E-05 9.98593E-05 9.98593E-05 0.0378589
9.98512E-05 9.98512E-05 9.98512E-05 9.98512E-05 9.98512E-05 9.98512E-05 9.98512E-05 9.98512E-05 9.98512E-05 0.000591254 9.98512E-05 9.98512E-05 9.98512E-05 0.993692 0.00401921 9.98512E-05 9.98512E-05 9.98512E-05 9.98512E-05 9.98512E-05
0.0461813 9.98594E-05 9.98594E-05 9.98594E-05 9.98594E-05 9.98594E-05 9.98594E-05 9.98594E-05 9.98594E-05 9.98594E-05 9.98594E-05 0.243838 0.00693709 0.701445 9.98594E-05 9.98594E-05 9.98594E-05 9.98594E-05 9.98594E-05 9.98594E-05
9.98685E-05 9.98685E-05 9.98685E-05 9.98685E-05 9.98685E-05 9.98685E-05 9.98685E-05 9.98685E-05 9.98685E-05 9.98685E-05 9.98685E-05 0.0123304 9.98685E-05 0.728714 9.98685E-05 0.198835 0.0204567 0.0381663 9.98685E-05 9.98685E-05
9.98859E-05 9.98859E-05 9.98859E-05 9.98859E-05 9.98859E-05 0.0385936 0.0351049 0.0283969 9.98859E-05 9.98859E-05 9.98859E-05 9.98859E-05 0.155261 0.683333 0.002574 9.98859E-05 0.0554377 9.98859E-05 9.98859E-05 9.98859E-05
9.98419E-05 9.98419E-05 9.98419E-05 9.98419E-05 9.98419E-05 9.98419E-05 9.98419E-05 9.98419E-05 9.98419E-05 9.98419E-05 0.150062 9.98419E-05 9.98419E-05 0.848141 9.98419E-05 9.98419E-05 9.98419E-05 9.98419E-05 9.98419E-05 9.98419E-05
9.98598E-05 0.0522813 9.98598E-05 9.98598E-05 9.98598E-05 9.98598E-05 0.0544518 9.98598E-05 9.98598E-05 9.98598E-05 9.98598E-05 9.98598E-05 9.98598E-05 0.873442 9.98598E-05 9.98598E-05 9.98598E-05 0.0182274 9.98598E-05 9.98598E-05
9.98511E-05 9.98511E-05 9.98511E-05 9.98511E-05 9.98511E-05 9.98511E-05 9.98511E-05 0.000347883 9.98511E-05 9.98511E-05 9.98511E-05 9.98511E-05 9.98511E-05 0.944147 9.98511E-05 9.98511E-05 0.0538075 9.98511E-05 9.98511E-05 9.98511E-05
9.98422E-05 9.98422E-05 9.98422E-05 0.0215676 9.98422E-05 9.98422E-05 9.98422E-05 9.98422E-05 9.98422E-05 9.98422E-05 9.98422E-05 9.98422E-05 9.98422E-05 0.976635 9.98422E-05 9.98422E-05 9.98422E-05 9.98422E-05 9.98422E-05 9.98422E-05
9.98421E-05 9.98421E-05 9.98421E-05 9.98421E-05 9.98421E-05 9.98421E-05 9.98421E-05 9.98421E-05 9.98421E-05 9.98421E-05 9.98421E-05 9.98421E-05 9.98421E-05 0.902783 9.98421E-05 9.98421E-05 0.0954198 9.98421E-05 9.98421E-05 9.98421E-05
0.142616 9.98598E-05 9.98598E-05 9.98598E-05 9.98598E-05 9.98598E-05 0.0893479 9.98598E-05 9.98598E-05 0.144823 9.98598E-05 9.98598E-05 9.98598E-05 0.621615 9.98598E-05 9.98598E-05 9.98598E-05 9.98598E-05 9.98598E-05 9.98598E-05
0.123695 9.98508E-05 9.98508E-05 9.98508E-05 9.98508E-05 9.98508E-05 0.111541 9.98508E-05 9.98508E-05 9.98508E-05 9.98508E-05 9.98508E-05 9.98508E-05 9.98508E-05 9.98508E-05 0.763066 9.98508E-05 9.98508E-05 9.98508E-05 9.98508E-05
0.0418165 9.98597E-05 9.98597E-05 9.98597E-05 9.98597E-05 9.98597E-05 0.00413716 9.98597E-05 9.98597E-05 0.379133 9.98597E-05 9.98597E-05 9.98597E-05 9.98597E-05 9.98597E-05 0.573315 9.98597E-05 9.98597E-05 9.98597E-05 9.98597E-05
0.0821355 9.98508E-05 9.98508E-05 9.98508E-05 9.98508E-05 9.98508E-05 9.98508E-05 9.98508E-05 9.98508E-05 9.98508E-05 0.0186585 9.98508E-05 9.98508E-05 9.98508E-05 9.98508E-05 0.897509 9.98508E-05 9.98508E-05 9.98508E-05 9.98508E-05
0.0996757 9.98682E-05 9.98682E-05 9.98682E-05 9.98682E-05 9.98682E-05 0.0651889 9.98682E-05 9.98682E-05 9.98682E-05 0.01296 9.98682E-05 9.98682E-05 9.98682E-05 9.98682E-05 0.806868 0.013809 9.98682E-05 9.98682E-05 9.98682E-05
9.98682E-05 9.98682E-05 9.98682E-05 9.98682E-05 0.00494097 9.98682E-05 0.0128752 0.0701414 9.98682E-05 9.98682E-05 9.98682E-05 9.98682E-05 9.98682E-05 9.98682E-05 9.98682E-05 0.899731 0.0108134 9.98682E-05 9.98682E-05 9.98682E-05
0.070614 9.98771E-05 0.0118458 9.98771E-05 9.98771E-05 9.98771E-05 0.127322 9.98771E-05 9.98771E-05 0.00859517 9.98771E-05 9.98771E-05 9.98771E-05 9.98771E-05 9.98771E-05 0.74393 9.98771E-05 0.0362954 9.98771E-05 9.98771E-05
0.0825287 9.98684E-05 9.98684E-05 9.98684E-05 9.98684E-05 9.98684E-05 0.0807816 9.98684E-05 9.98684E-05 9.98684E-05 0.0368584 9.98684E-05 9.98684E-05 9.98684E-05 9.98684E-05 0.7587 0.0396333 9.98684E-05 9.98684E-05 9.98684E-05
9.9842E-05 9.9842E-05 9.9842E-05 9.9842E-05 9.9842E-05 9.9842E-05 0.177011 9.9842E-05 9.9842E-05 9.9842E-05 9.9842E-05 9.9842E-05 9.9842E-05 9.9842E-05 9.9842E-05 0.821192 9.9842E-05 9.9842E-05 9.9842E-05 9.9842E-05
0.0768072 9.98857E-05 0.000603255 9.98857E-05 9.98857E-05 9.98857E-05 0.258772 9.98857E-05 9.98857E-05 9.98857E-05 0.039309 0.014549 9.98857E-05 9.98857E-05 9.98857E-05 0.364247 9.98857E-05 0.244414 9.98857E-05 9.98857E-05
0.339287 9.98683E-05 0.0378206 9.98683E-05 9.98683E-05 9.98683E-05 0.174258 9.98683E-05 9.98683E-05 9.98683E-05 9.98683E-05 0.00342623 9.98683E-05 9.98683E-05 9.98683E-05 0.44371 9.98683E-05 9.98683E-05 9.98683E-05 9.98683E-05
9.98597E-05 9.98597E-05 9.98597E-05 9.98597E-05 9.98597E-05 9.98597E-05 0.00407596 9.98597E-05 9.98597E-05 0.243148 9.98597E-05 9.98597E-05 9.98597E-05 9.98597E-05 9.98597E-05 0.509036 9.98597E-05 0.242143 9.98597E-05 9.98597E-05
9.98596E-05 9.98596E-05 9.98596E-05 9.98596E-05 9.98596E-05 9.98596E-05 9.98596E-05 9.98596E-05 9.98596E-05 0.0453653 0.0636774 9.98596E-05 9.98596E-05 9.98596E-05 9.98596E-05 0.747731 9.98596E-05 0.141628 9.98596E-05 9.98596E-05
9.98511E-05 9.98511E-05 0.0245625 9.98511E-05 9.98511E-05 9.98511E-05 0.0798051 9.98511E-05 9.98511E-05 9.98511E-05 9.98511E-05 9.98511E-05 9.98511E-05 9.98511E-05 9.98511E-05 0.893935 9.98511E-05 9.98511E-05 9.98511E-05 9.98511E-05
0.173593 9.9851E-05 9.9851E-05 9.9851E-05 9.9851E-05 9.9851E-05 0.116929 9.9851E-05 9.9851E-05 9.9851E-05 9.9851E-05 9.9851E-05 9.9851E-05 9.9851E-05 9.9851E-05 0.70778 9.9851E-05 9.9851E-05 9.9851E-05 9.9851E-05
9.98772E-05 9.98772E-05 9.98772E-05 9.98772E-05 9.98772E-05 9.98772E-05 0.0525431 9.98772E-05 9.98772E-05 0.0869668 0.0508487 9.98772E-05 9.98772E-05 9.98772E-05 9.98772E-05 0.635524 0.144618 9.98772E-05 9.98772E-05 0.0281009
0.126622 9.98947E-05 0.0531717 0.011518 9.98947E-05 9.98947E-05 0.0416894 9.98947E-05 9.98947E-05 9.98947E-05 0.0251443 9.98947E-05 9.98947E-05 9.98947E-05 0.000601752 0.626392 9.98947E-05 0.113662 9.98947E-05 9.98947E-05
0.0560846 9.98683E-05 9.98683E-05 9.98683E-05 9.98683E-05 9.98683E-05 0.0196136 9.98683E-05 9.98683E-05 0.00404606 9.98683E-05 9.98683E-05 9.98683E-05 9.98683E-05 9.98683E-05 0.716279 9.98683E-05 0.202479 9.98683E-05 9.98683E-05
9.98686E-05 9.98686E-05 9.98686E-05 9.98686E-05 9.98686E-05 0.00822332 0.136982 9.98686E-05 9.98686E-05 9.98686E-05 9.98686E-05 0.0665021 9.98686E-05 9.98686E-05 0.0368265 0.749968 9.98686E-05 9.98686E-05 9.98686E-05 9.98686E-05
9.9851E-05 9.9851E-05 9.9851E-05 9.9851E-05 9.9851E-05 9.9851E-05 0.00161388 9.9851E-05 9.9851E-05 0.00862711 9.9851E-05 9.9851E-05 9.9851E-05 9.9851E-05 9.9851E-05 0.988062 9.9851E-05 9.9851E-05 9.9851E-05 9.9851E-05
0.172008 9.98772E-05 9.98772E-05 0.105683 9.98772E-05 9.98772E-05 0.0590011 9.98772E-05 9.98772E-05 0.175201 9.98772E-05 9.98772E-05 9.98772E-05 9.98772E-05 9.98772E-05 0.47099 9.98772E-05 9.98772E-05 9.98772E-05 0.0157178
0.0453342 9.9886E-05 9.9886E-05 9.9886E-05 0.0846024 9.9886E-05 0.0536803 9.9886E-05 9.9886E-05 0.0240807 9.9886E-05 9.9886E-05 0.038806 9.9886E-05 9.9886E-05 0.688699 9.9886E-05 0.063499 9.9886E-05 9.9886E-05
9.98508E-05 9.98508E-05 9.98508E-05 9.98508E-05 9.98508E-05 9.98508E-05 0.0274078 9.98508E-05 9.98508E-05 9.98508E-05 9.98508E-05 9.98508E-05 9.98508E-05 9.98508E-05 9.98508E-05 0.968106 0.00278918 9.98508E-05 9.98508E-05 9.98508E-05
0.103272 9.98683E-05 9.98683E-05 9.98683E-05 9.98683E-05 9.98683E-05 0.245732 9.98683E-05 9.98683E-05 9.98683E-05 9.98683E-05 9.98683E-05 0.0743395 9.98683E-05 9.98683E-05 0.542694 9.98683E-05 0.0324657 9.98683E-05 9.98683E-05
0.00754718 9.98685E-05 9.98685E-05 9.98685E-05 0.00513071 9.98685E-05 0.163588 9.98685E-05 9.98685E-05 0.131843 9.98685E-05 9.98685E-05 9.98685E-05 9.98685E-05 9.98685E-05 0.690393 9.98685E-05 9.98685E-05 9.98685E-05 9.98685E-05
0.133571 9.98771E-05 9.98771E-05 0.166029 9.98771E-05 9.98771E-05 0.195083 9.98771E-05 9.98771E-05 9.98771E-05 0.0117855 9.98771E-05 9.98771E-05 9.98771E-05 9.98771E-05 0.471023 9.98771E-05 0.0211102 9.98771E-05 9.98771E-05
0.160768 9.98772E-05 9.98772E-05 9.98772E-05 9.98772E-05 9.98772E-05 0.150819 9.98772E-05 9.98772E-05 0.240057 9.98772E-05 9.98772E-05 9.98772E-05 0.0421775 9.98772E-05 0.400778 9.98772E-05 0.0040028 9.98772E-05 9.98772E-05
0.101043 9.98859E-05 9.98859E-05 0.0284531 9.98859E-05 9.98859E-05 9.98859E-05 0.098513 9.98859E-05 0.6299 9.98859E-05 9.98859E-05 9.98859E-05 0.0174083 0.014466 0.108918 9.98859E-05 9.98859E-05 9.98859E-05 9.98859E-05
0.0565638 9.98857E-05 9.98857E-05 0.00554112 0.0384355 9.98857E-05 0.0746362 9.98857E-05 9.98857E-05 9.98857E-05 9.98857E-05 9.98857E-05 0.0246064 9.98857E-05 9.98857E-05 0.796973 9.98857E-05 9.98857E-05 9.98857E-05 0.00194561
0.180833 9.98597E-05 9.98597E-05 9.98597E-05 9.98597E-05 9.98597E-05 0.211532 9.98597E-05 9.98597E-05 9.98597E-05 9.98597E-05 9.98597E-05 9.98597E-05 9.98597E-05 9.98597E-05 0.588481 9.98597E-05 0.0175566 9.98597E-05 9.98597E-05
0.095157 9.98828E-05 9.98828E-05 0.0127187 0.052958 9.98828E-05 9.98828E-05 9.98828E-05 9.98828E-05 0.0584996 0.0526216 9.98828E-05 9.98828E-05 9.98828E-05 9.98828E-05 0.726647 9.98828E-05 9.98828E-05 9.98828E-05 9.98828E-05
0.186028 9.98685E-05 9.98685E-05 9.98685E-05 9.98685E-05 9.98685E-05 0.0232182 9.98685E-05 9.98685E-05 9.98685E-05 0.014283 9.98685E-05 9.98685E-05 9.98685E-05 9.98685E-05 0.766259 9.98685E-05 9.98685E-05 9.98685E-05 0.00871426
9.98509E-05 9.98509E-05 9.98509E-05 9.98509E-05 9.98509E-05 9.98509E-05 9.98509E-05 9.98509E-05 9.98509E-05 9.98509E-05 0.00383689 9.98509E-05 9.98509E-05 9.98509E-05 9.98509E-05 0.929338 9.98509E-05 9.98509E-05 9.98509E-05 0.0651276
0.154173 9.98683E-05 9.98683E-05 0.144563 0.11325 9.98683E-05 0.302611 9.98683E-05 9.98683E-05 9.98683E-05 9.98683E-05 9.98683E-05 9.98683E-05 9.98683E-05 9.98683E-05 0.283905 9.98683E-05 9.98683E-05 9.98683E-05 9.98683E-05
0.0676894 9.98594E-05 9.98594E-05 9.98594E-05 9.98594E-05 9.98594E-05 0.0145755 9.98594E-05 9.98594E-05 9.98594E-05 9.98594E-05 0.138857 9.98594E-05 9.98594E-05 9.98594E-05 0.777281 9.98594E-05 9.98594E-05 9.98594E-05 9.98594E-05
9.98422E-05 9.98422E-05 0.0461644 9.98422E-05 9.98422E-05 9.98422E-05 9.98422E-05 9.98422E-05 9.98422E-05 9.98422E-05 9.98422E-05 9.98422E-05 9.98422E-05 9.98422E-05 9.98422E-05 0.952038 9.98422E-05 9.98422E-05 9.98422E-05 9.98422E-05
9.98684E-05 9.98684E-05 0.0612855 9.98684E-05 9.98684E-05 9.98684E-05 0.116744 9.98684E-05 9.98684E-05 0.0670835 0.0666674 9.98684E-05 9.98684E-05 9.98684E-05 9.98684E-05 0.686722 9.98684E-05 9.98684E-05 9.98684E-05 9.98684E-05
0.205706 9.98595E-05 9.98595E-05 9.98595E-05 9.98595E-05 9.98595E-05 0.0671998 9.98595E-05 9.98595E-05 9.98595E-05 9.98595E-05 9.98595E-05 9.98595E-05 9.98595E-05 9.98595E-05 0.695303 0.0301937 9.98595E-05 9.98595E-05 9.98595E-05
9.98507E-05 9.98507E-05 0.0470983 9.98507E-05 9.98507E-05 9.98507E-05 9.98507E-05 9.98507E-05 9.98507E-05 0.548808 9.98507E-05 9.98507E-05 9.98507E-05 9.98507E-05 9.98507E-05 0.402396 9.98507E-05 9.98507E-05 9.98507E-05 9.98507E-05
0.0325038 9.98773E-05 9.98773E-05 9.98773E-05 9.98773E-05 9.98773E-05 0.019721 9.98773E-05 9.98773E-05 0.224996 0.0381158 9.98773E-05 9.98773E-05 9.98773E-05 9.98773E-05 0.650545 0.0327203 9.98773E-05 9.98773E-05 9.98773E-05
9.98423E-05 9.98423E-05 9.98423E-05 9.98423E-05 9.98423E-05 9.98423E-05 9.98423E-05 9.98423E-05 9.98423E-05 0.207966 9.98423E-05 9.98423E-05 9.98423E-05 9.98423E-05 9.98423E-05 0.790237 9.98423E-05 9.98423E-05 9.98423E-05 9.98423E-05
9.98597E-05 9.98597E-05 9.98597E-05 0.0315486 9.98597E-05 9.98597E-05 9.98597E-05 9.98597E-05 9.98597E-05 0.390602 9.98597E-05 9.98597E-05 9.98597E-05 9.98597E-05 9.98597E-05 0.518747 9.98597E-05 0.0575042 9.98597E-05 9.98597E-05
0.310418 9.98595E-05 9.98595E-05 9.98595E-05 9.98595E-05 9.98595E-05 0.109182 9.98595E-05 9.98595E-05 9.98595E-05 9.98595E-05 9.98595E-05 9.98595E-05 9.98595E-05 9.98595E-05 0.498015 9.98595E-05 0.0807873 9.98595E-05 9.98595E-05
9.98684E-05 9.98684E-05 9.98684E-05 0.0119923 9.98684E-05 9.98684E-05 0.175104 9.98684E-05 9.98684E-05 9.98684E-05 9.98684E-05 0.0758763 9.98684E-05 9.98684E-05 9.98684E-05 0.700136 9.98684E-05 9.98684E-05 9.98684E-05 0.0353936
0.0741975 9.98771E-05 9.98771E-05 0.0414894 9.98771E-05 9.98771E-05 0.0556144 9.98771E-05 9.98771E-05 0.517766 9.98771E-05 9.98771E-05 9.98771E-05 9.98771E-05 9.98771E-05 0.217944 9.98771E-05 9.98771E-05 0.0915897 9.98771E-05
0.0837796 9.98509E-05 9.98509E-05 9.98509E-05 9.98509E-05 9.98509E-05 9.98509E-05 9.98509E-05 9.98509E-05 0.353765 9.98509E-05 9.98509E-05 9.98509E-05 9.98509E-05 9.98509E-05 0.560758 9.98509E-05 9.98509E-05 9.98509E-05 9.98509E-05
0.0595607 9.98683E-05 9.98683E-05 0.123128 9.98683E-05 9.98683E-05 0.161473 9.98683E-05 9.98683E-05 9.98683E-05 9.98683E-05 9.98683E-05 9.98683E-05 9.98683E-05 9.98683E-05 0.443916 9.98683E-05 0.210423 9.98683E-05 9.98683E-05
0.0369612 9.98684E-05 9.98684E-05 9.98684E-05 9.98684E-05 9.98684E-05 0.0760446 9.98684E-05 9.98684E-05 9.98684E-05 0.017033 9.98684E-05 9.98684E-05 0.197137 9.98684E-05 0.671326 9.98684E-05 9.98684E-05 9.98684E-05 9.98684E-05
0.0385015 9.98861E-05 9.98861E-05 9.98861E-05 9.98861E-05 9.98861E-05 0.136088 0.113816 9.98861E-05 9.98861E-05 9.98861E-05 0.0263391 9.98861E-05 9.98861E-05 9.98861E-05 0.535869 9.98861E-05 0.131134 9.98861E-05 0.0169533
0.171075 9.98772E-05 9.98772E-05 9.98772E-05 9.98772E-05 9.98772E-05 0.23677 9.98772E-05 9.98772E-05 9.98772E-05 9.98772E-05 0.0548023 9.98772E-05 0.0595668 9.98772E-05 0.41158 9.98772E-05 9.98772E-05 9.98772E-05 0.0648071
0.00667903 9.98509E-05 9.98509E-05 9.98509E-05 9.98509E-05 9.98509E-05 9.98509E-05 9.98509E-05 9.98509E-05 0.468352 9.98509E-05 9.98509E-05 9.98509E-05 9.98509E-05 9.98509E-05 0.523272 9.98509E-05 9.98509E-05 9.98509E-05 9.98509E-05
0.115931 9.98683E-05 0.09861 0.0304902 9.98683E-05 9.98683E-05 9.98683E-05 9.98683E-05 9.98683E-05 9.98683E-05 9.98683E-05 9.98683E-05 9.98683E-05 9.98683E-05 0.0334761 0.719995 9.98683E-05 9.98683E-05 9.98683E-05 9.98683E-05
9.98509E-05 9.98509E-05 9.98509E-05 9.98509E-05 9.98509E-05 9.98509E-05 0.13827 9.98509E-05 9.98509E-05 0.561685 9.98509E-05 9.98509E-05 9.98509E-05 9.98509E-05 9.98509E-05 0.298347 9.98509E-05 9.98509E-05 9.98509E-05 9.98509E-05
0.135909 9.98597E-05 9.98597E-05 9.98597E-05 9.98597E-05 9.98597E-05 0.115501 9.98597E-05 9.98597E-05 0.212421 9.98597E-05 9.98597E-05 9.98597E-05 9.98597E-05 9.98597E-05 0.534571 9.98597E-05 9.98597E-05 9.98597E-05 9.98597E-05
9.98508E-05 9.98508E-05 9.98508E-05 9.98508E-05 9.98508E-05 9.98508E-05 0.0365951 9.98508E-05 9.98508E-05 9.98508E-05 9.98508E-05 9.98508E-05 9.98508E-05 9.98508E-05 9.98508E-05 0.945926 9.98508E-05 9.98508E-05 9.98508E-05 0.0157814
9.98506E-05 9.98506E-05 0.101365 9.98506E-05 9.98506E-05 9.98506E-05 9.98506E-05 9.98506E-05 9.98506E-05 9.98506E-05 0.0202311 9.98506E-05 9.98506E-05 9.98506E-05 9.98506E-05 0.876707 9.98506E-05 9.98506E-05 9.98506E-05 9.98506E-05
0.142569 9.98771E-05 9.98771E-05 9.98771E-05 9.98771E-05 9.98771E-05 0.228664 9.98771E-05 9.98771E-05 9.98771E-05 0.0137324 9.98771E-05 9.98771E-05 9.98771E-05 9.98771E-05 0.561182 9.98771E-05 0.0476662 9.98771E-05 0.00478805
0.087686 9.98507E-05 9.98507E-05 9.98507E-05 9.98507E-05 9.98507E-05 0.101243 9.98507E-05 9.98507E-05 9.98507E-05 9.98507E-05 9.98507E-05 9.98507E-05 9.98507E-05 9.98507E-05 0.809373 9.98507E-05 9.98507E-05 9.98507E-05 9.98507E-05
0.0298042 9.98508E-05 9.98508E-05 9.98508E-05 9.98508E-05 9.98508E-05 9.98508E-05 9.98508E-05 9.98508E-05 9.98508E-05 0.00602619 9.98508E-05 9.98508E-05 9.98508E-05 9.98508E-05 0.962472 9.98508E-05 9.98508E-05 9.98508E-05 9.98508E-05
0.0333994 9.98597E-05 9.98597E-05 0.0823686 9.98597E-05 9.98597E-05 9.98597E-05 9.98597E-05 9.98597E-05 0.0262191 9.98597E-05 9.98597E-05 9.98597E-05 9.98597E-05 9.98597E-05 0.856415 9.98597E-05 9.98597E-05 9.98597E-05 9.98597E-05
0.0393625 9.98684E-05 9.98684E-05 9.98684E-05 9.98684E-05 9.98684E-05 0.186467 9.98684E-05 9.98684E-05 0.160098 9.98684E-05 9.98684E-05 9.98684E-05 9.98684E-05 9.98684E-05 0.534865 9.98684E-05 0.077709 9.98684E-05 9.98684E-05
0.998103 9.9833E-05 9.9833E-05 9.9833E-05 9.9833E-05 9.9833E-05 9.9833E-05 9.9833E-05 9.9833E-05 9.9833E-05 9.9833E-05 9.9833E-05 9.9833E-05 9.9833E-05 9.9833E-05 9.9833E-05 9.9833E-05 9.9833E-05 9.9833E-05 9.9833E-05
9.9833E-05 9.9833E-05 9.9833E-05 9.9833E-05 9.9833E-05 9.9833E-05 0.998103 9.9833E-05 9.9833E-05 9.9833E-05 9.9833E-05 9.9833E-05 9.9833E-05 9.9833E-05 9.9833E-05 9.9833E-05 9.9833E-05 9.9833E-05 9.9833E-05 9.9833E-05
0.998103 9.9833E-05 9.9833E-05 9.9833E-05 9.9833E-05 9.9833E-05 9.9833E-05 9.9833E-05 9.9833E-05 9.9833E-05 9.9833E-05 9.9833E-05 9.9833E-05 9.9833E-05 9.9833E-05 9.9833E-05 9.9833E-05 9.9833E-05 9.9833E-05 9.9833E-05
9.9833E-05 9.9833E-05 9.9833E-05 9.9833E-05 9.9833E-05 9.9833E-05 0.998103 9.9833E-05 9.9833E-05 9.9833E-05 9.9833E-05 9.9833E-05 9.9833E-05 9.9833E-05 9.9833E-05 9.9833E-05 9.9833E-05 9.9833E-05 9.9833E-05 9.9833E-05
9.9833E-05 9.9833E-05 9.9833E-05 9.9833E-05 9.9833E-05 9.9833E-05 0.998103 9.9833E-05 9.9833E-05 9.9833E-05 9.9833E-05 9.9833E-05 9.9833E-05 9.9833E-05 9.9833E-05 9.9833E-05 9.9833E-05 9.9833E-05 9.9833E-05 9.9833E-05
9.9833E-05 9.9833E-05 9.9833E-05 9.9833E-05 9.9833E-05 9.9833E-05 0.998103 9.9833E-05 9.9833E-05 9.9833E-05 9.9833E-05 9.9833E-05 9.9833E-05 9.9833E-05 9.9833E-05 9.9833E-05 9.9833E-05 9.9833E-05 9.9833E-05 9.9833E-05
0.998103 9.9833E-05 9.9833E-05 9.9833E-05 9.9833E-05 9.9833E-05 9.9833E-05 9.9833E-05 9.9833E-05 9.9833E-05 9.9833E-05 9.9833E-05 9.9833E-05 9.9833E-05 9.9833E-05 9.9833E-05 9.9833E-05 9.9833E-05 9.9833E-05 9.9833E-05
9.9833E-05 9.9833E-05 9.9833E-05 9.9833E-05 9.9833E-05 9.9833E-05 0.998103 9.9833E-05 9.9833E-05 9.9833E-05 9.9833E-05 9.9833E-05 9.9833E-05 9.9833E-05 9.9833E-05 9.9833E-05 9.9833E-05 9.9833E-05 9.9833E-05 9.9833E-05
9.98329E-05 9.98329E-05 9.98329E-05 9.98329E-05 9.98329E-05 9.98329E-05 0.998103 9.98329E-05 9.98329E-05 9.98329E-05 9.98329E-05 9.98329E-05 9.98329E-05 9.98329E-05 9.98329E-05 9.98329E-05 9.98329E-05 9.98329E-05 9.98329E-05 9.98329E-05
0.998103 9.98331E-05 9.98331E-05 9.98331E-05 9.98331E-05 9.98331E-05 9.98331E-05 9.98331E-05 9.98331E-05 9.98331E-05 9.98331E-05 9.98331E-05 9.98331E-05 9.98331E-05 9.98331E-05 9.98331E-05 9.98331E-05 9.98331E-05 9.98331E-05 9.98331E-05
0.998103 9.98331E-05 9.98331E-05 9.98331E-05 9.98331E-05 9.98331E-05 9.98331E-05 9.98331E-05 9.98331E-05 9.98331E-05 9.98331E-05 9.98331E-05 9.98331E-05 9.98331E-05 9.98331E-05 9.98331E-05 9.98331E-05 9.98331E-05 9.98331E-05 9.98331E-05
0.998103 9.98329E-05 9.98329E-05 9.98329E-05 9.98329E-05 9.98329E-05 9.98329E-05 9.98329E-05 9.98329E-05 9.98329E-05 9.98329E-05 9.98329E-05 9.98329E-05 9.98329E-05 9.98329E-05 9.98329E-05 9.98329E-05 9.98329E-05 9.98329E-05 9.98329E-05
9.98331E-05 9.98331E-05 9.98331E-05 9.98331E-05 9.98331E-05 9.98331E-05 0.998103 9.98331E-05 9.98331E-05 9.98331E-05 9.98331E-05 9.98331E-05 9.98331E-05 9.98331E-05 9.98331E-05 9.98331E-05 9.98331E-05 9.98331E-05 9.98331E-05 9.98331E-05
9.9833E-05 9.9833E-05 9.9833E-05 9.9833E-05 9.9833E-05 9.9833E-05 0.998103 9.9833E-05 9.9833E-05 9.9833E-05 9.9833E-05 9.9833E-05 9.9833E-05 9.9833E-05 9.9833E-05 9.9833E-05 9.9833E-05 9.9833E-05 9.9833E-05 9.9833E-05
0.998103 9.9833E-05 9.9833E-05 9.9833E-05 9.9833E-05 9.9833E-05 9.9833E-05 9.9833E-05 9.9833E-05 9.9833E-05 9.9833E-05 9.9833E-05 9.9833E-05 9.9833E-05 9.9833E-05 9.9833E-05 9.9833E-05 9.9833E-05 9.9833E-05 9.9833E-05
0.998103 9.9833E-05 9.9833E-05 9.9833E-05 9.9833E-05 9.9833E-05 9.9833E-05 9.9833E-05 9.9833E-05 9.9833E-05 9.9833E-05 9.9833E-05 9.9833E-05 9.9833E-05 9.9833E-05 9.9833E-05 9.9833E-05 9.9833E-05 9.9833E-05 9.9833E-05
0.104518 9.9877E-05 9.9877E-05 9.9877E-05 9.9877E-05 9.9877E-05 0.0603821 0.0414286 9.9877E-05 9.9877E-05 9.9877E-05 9.9877E-05 0.165262 9.9877E-05 0.0516552 0.575356 9.9877E-05 9.9877E-05 9.9877E-05 9.9877E-05
0.998103 9.9833E-05 9.9833E-05 9.9833E-05 9.9833E-05 9.9833E-05 9.9833E-05 9.9833E-05 9.9833E-05 9.9833E-05 9.9833E-05 9.9833E-05 9.9833E-05 9.9833E-05 9.9833E-05 9.9833E-05 9.9833E-05 9.9833E-05 9.9833E-05 9.9833E-05
9.98331E-05 9.98331E-05 9.98331E-05 9.98331E-05 9.98331E-05 9.98331E-05 0.998103 9.98331E-05 9.98331E-05 9.98331E-05 9.98331E-05 9.98331E-05 9.98331E-05 9.98331E-05 9.98331E-05 9.98331E-05 9.98331E-05 9.98331E-05 9.98331E-05 9.98331E-05
0.998103 9.98329E-05 9.98329E-05 9.98329E-05 9.98329E-05 9.98329E-05 9.98329E-05 9.98329E-05 9.98329E-05 9.98329E-05 9.98329E-05 9.98329E-05 9.98329E-05 9.98329E-05 9.98329E-05 9.98329E-05 9.98329E-05 9.98329E-05 9.98329E-05 9.98329E-05
0.998103 9.9833E-05 9.9833E-05 9.9833E-05 9.9833E-05 9.9833E-05 9.9833E-05 9.9833E-05 9.9833E-05 9.9833E-05 9.9833E-05 9.9833E-05 9.9833E-05 9.9833E-05 9.9833E-05 9.9833E-05 9.9833E-05 9.9833E-05 9.9833E-05 9.9833E-05
0.998103 9.9833E-05 9.9833E-05 9.9833E-05 9.9833E-05 9.9833E-05 9.9833E-05 9.9833E-05 9.9833E-05 9.9833E-05 9.9833E-05 9.9833E-05 9.9833E-05 9.9833E-05 9.9833E-05 9.9833E-05 9.9833E-05 9.9833E-05 9.9833E-05 9.9833E-05
9.9833E-05 9.9833E-05 9.9833E-05 9.9833E-05 9.9833E-05 9.9833E-05 0.998103 9.9833E-05 9.9833E-05 9.9833E-05 9.9833E-05 9.9833E-05 9.9833E-05 9.9833E-05 9.9833E-05 9.9833E-05 9.9833E-05 9.9833E-05 9.9833E-05 9.9833E-05
0.998103 9.98329E-05 9.98329E-05 9.98329E-05 9.98329E-05 9.98329E-05 9.98329E-05 9.98329E-05 9.98329E-05 9.98329E-05 9.98329E-05 9.98329E-05 9.98329E-05 9.98329E-05 9.98329E-05 9.98329E-05 9.98329E-05 9.98329E-05 9.98329E-05 9.98329E-05
9.98329E-05 9.98329E-05 9.98329E-05 9.98329E-05 9.98329E-05 9.98329E-05 0.998103 9.98329E-05 9.98329E-05 9.98329E-05 9.98329E-05 9.98329E-05 9.98329E-05 9.98329E-05 9.98329E-05 9.98329E-05 9.98329E-05 9.98329E-05 9.98329E-05 9.98329E-05
0.998103 9.9833E-05 9.9833E-05 9.9833E-05 9.9833E-05 9.9833E-05 9.9833E-05 9.9833E-05 9.9833E-05 9.9833E-05 9.9833E-05 9.9833E-05 9.9833E-05 9.9833E-05 9.9833E-05 9.9833E-05 9.9833E-05 9.9833E-05 9.9833E-05 9.9833E-05
0.998103 9.98329E-05 9.98329E-05 9.98329E-05 9.98329E-05 9.98329E-05 9.98329E-05 9.98329E-05 9.98329E-05 9.98329E-05 9.98329E-05 9.98329E-05 9.98329E-05 9.98329E-05 9.98329E-05 9.98329E-05 9.98329E-05 9.98329E-05 9.98329E-05 9.98329E-05
