9.98946E-05 0.0642897 9.98946E-05 9.98946E-05 9.98946E-05 0.482219 9.98946E-05 0.164295 9.98946E-05 9.98946E-05 9.98946E-05 9.98946E-05 9.98946E-05 9.98946E-05 9.98946E-05 0.0758668 0.0853032 0.126828
9.98946E-05 0.0090249 9.98946E-05 9.98946E-05 9.98946E-05 0.73766 9.98946E-05 0.15689 0.00191531 9.98946E-05 9.98946E-05 0.0359894 9.98946E-05 9.98946E-05 9.98946E-05 9.98946E-05 9.98946E-05 0.0573215
9.98771E-05 9.98771E-05 9.98771E-05 9.98771E-05 9.98771E-05 0.82538 0.0945972 9.98771E-05 9.98771E-05 9.98771E-05 9.98771E-05 9.98771E-05 9.98771E-05 9.98771E-05 9.98771E-05 0.0408946 9.98771E-05 0.0377299
9.98948E-05 0.0970981 9.98948E-05 9.98948E-05 0.213482 0.281404 9.98948E-05 9.98948E-05 9.98948E-05 0.328922 9.98948E-05 0.0509411 9.98948E-05 9.98948E-05 9.98948E-05 9.98948E-05 9.98948E-05 0.026954
9.98859E-05 9.98859E-05 9.98859E-05 9.98859E-05 0.0269513 0.837846 0.0647253 0.00104967 9.98859E-05 9.98859E-05 9.98859E-05 0.0681288 9.98859E-05 9.98859E-05 9.98859E-05 9.98859E-05 9.98859E-05 9.98859E-05
9.99035E-05 9.99035E-05 0.16174 9.99035E-05 0.110939 0.286272 0.173499 0.166642 9.99035E-05 0.0369616 0.0628474 9.99035E-05 9.99035E-05 9.99035E-05 9.99035E-05 9.99035E-05 9.99035E-05 9.99035E-05
0.0948834 0.148129 9.99035E-05 9.99035E-05 9.99035E-05 0.300937 9.99035E-05 0.074854 9.99035E-05 0.223268 9.99035E-05 9.99035E-05 9.99035E-05 9.99035E-05 9.99035E-05 0.0465597 9.99035E-05 0.11027
0.0287405 9.99386E-05 0.184268 0.0433464 0.0494576 0.264305 0.0701293 0.0253091 9.99386E-05 0.125226 9.99386E-05 0.0874576 9.99386E-05 0.04099 9.99386E-05 9.99386E-05 0.0800705 9.99386E-05
9.99034E-05 9.99034E-05 0.25237 9.99034E-05 0.01173 0.230818 0.00772686 9.99034E-05 9.99034E-05 9.99034E-05 9.99034E-05 0.0426192 9.99034E-05 9.99034E-05 9.99034E-05 0.182393 9.99034E-05 0.271244
9.98683E-05 9.98683E-05 9.98683E-05 9.98683E-05 9.98683E-05 0.830275 9.98683E-05 9.98683E-05 9.98683E-05 9.98683E-05 9.98683E-05 9.98683E-05 9.98683E-05 9.98683E-05 9.98683E-05 0.0572221 9.98683E-05 0.111005
9.98772E-05 0.131574 9.98772E-05 9.98772E-05 9.98772E-05 0.519774 9.98772E-05 9.98772E-05 9.98772E-05 9.98772E-05 9.98772E-05 9.98772E-05 0.0098741 9.98772E-05 9.98772E-05 9.98772E-05 9.98772E-05 0.33738
9.98771E-05 0.00640809 0.0355396 9.98771E-05 9.98771E-05 0.888487 9.98771E-05 9.98771E-05 9.98771E-05 9.98771E-05 9.98771E-05 9.98771E-05 9.98771E-05 0.068167 9.98771E-05 9.98771E-05 9.98771E-05 9.98771E-05
9.98946E-05 9.98946E-05 0.0270545 0.0305097 9.98946E-05 0.755466 9.98946E-05 9.98946E-05 9.98946E-05 0.0517013 0.015109 9.98946E-05 9.98946E-05 9.98946E-05 9.98946E-05 9.98946E-05 9.98946E-05 0.118961
9.98947E-05 0.0959572 9.98947E-05 9.98947E-05 0.13299 0.628686 0.0419433 9.98947E-05 9.98947E-05 9.98947E-05 9.98947E-05 9.98947E-05 9.98947E-05 0.0410645 9.98947E-05 9.98947E-05 9.98947E-05 0.0581599
9.99123E-05 9.99123E-05 0.135561 9.99123E-05 0.140191 0.344081 9.99123E-05 0.0471567 9.99123E-05 9.99123E-05 0.026374 9.99123E-05 9.99123E-05 9.99123E-05 0.014925 0.0919649 9.99123E-05 0.198747
9.9921E-05 9.9921E-05 0.266336 0.0905971 0.0163612 0.279332 9.9921E-05 9.9921E-05 9.9921E-05 0.0955883 9.9921E-05 0.134898 9.9921E-05 0.0251716 9.9921E-05 9.9921E-05 0.0372151 0.0536015
9.9921E-05 0.0711458 9.9921E-05 9.9921E-05 9.9921E-05 0.420127 9.9921E-05 9.9921E-05 9.9921E-05 0.00199066 0.0636352 0.0103096 9.9921E-05 9.9921E-05 0.202744 0.0411839 0.0659924 0.121972
9.99122E-05 9.99122E-05 0.10338 9.99122E-05 9.99122E-05 0.274205 9.99122E-05 9.99122E-05 0.100748 9.99122E-05 0.000122853 0.111591 0.195899 9.99122E-05 9.99122E-05 0.0297914 9.99122E-05 0.183264
9.99122E-05 0.0288818 0.132893 9.99122E-05 9.99122E-05 0.34116 9.99122E-05 9.99122E-05 9.99122E-05 0.168675 0.0394807 9.99122E-05 0.0134559 9.99122E-05 9.99122E-05 9.99122E-05 0.018529 0.255925
9.98684E-05 9.98684E-05 0.0129923 9.98684E-05 9.98684E-05 0.930685 9.98684E-05 9.98684E-05 0.0548248 9.98684E-05 9.98684E-05 9.98684E-05 9.98684E-05 9.98684E-05 9.98684E-05 9.98684E-05 9.98684E-05 9.98684E-05
9.99035E-05 0.0245492 0.0773252 9.99035E-05 0.0675137 0.439243 9.99035E-05 9.99035E-05 9.99035E-05 9.99035E-05 9.99035E-05 0.159574 9.99035E-05 0.152141 9.99035E-05 9.99035E-05 9.99035E-05 0.078554
9.99035E-05 9.99035E-05 0.184614 9.99035E-05 9.99035E-05 0.330577 0.0268513 0.00226693 9.99035E-05 0.257717 0.0733783 9.99035E-05 0.123496 9.99035E-05 9.99035E-05 9.99035E-05 9.99035E-05 9.99035E-05
9.99035E-05 0.0331798 9.99035E-05 9.99035E-05 0.117258 0.559431 9.99035E-05 0.124134 9.99035E-05 9.99035E-05 9.99035E-05 9.99035E-05 0.0175866 9.99035E-05 9.99035E-05 0.0326232 9.99035E-05 0.114689
9.99122E-05 9.99122E-05 9.99122E-05 0.0423449 0.0310406 0.392381 9.99122E-05 9.99122E-05 9.99122E-05 9.99122E-05 0.00363299 9.99122E-05 9.99122E-05 0.0423416 9.99122E-05 0.0902213 0.0385876 0.358451
9.9921E-05 0.0277789 0.0118869 9.9921E-05 0.229562 0.262342 9.9921E-05 9.9921E-05 0.110207 9.9921E-05 0.0589621 9.9921E-05 9.9921E-05 0.0389459 9.9921E-05 0.0136557 9.9921E-05 0.245761
9.98859E-05 9.98859E-05 0.0341088 9.98859E-05 0.0960139 0.650545 9.98859E-05 9.98859E-05 9.98859E-05 0.0950048 9.98859E-05 9.98859E-05 9.98859E-05 9.98859E-05 9.98859E-05 9.98859E-05 9.98859E-05 0.123029
9.9921E-05 0.0473418 9.9921E-05 0.0305682 0.40612 0.0839146 9.9921E-05 0.0557029 9.9921E-05 9.9921E-05 9.9921E-05 9.9921E-05 0.110331 0.0545428 9.9921E-05 9.9921E-05 0.0544705 0.156109
9.98772E-05 9.98772E-05 9.98772E-05 9.98772E-05 0.0167182 0.702097 9.98772E-05 9.98772E-05 9.98772E-05 0.199129 9.98772E-05 9.98772E-05 9.98772E-05 9.98772E-05 9.98772E-05 9.98772E-05 9.98772E-05 0.0806576
9.9886E-05 0.0235046 9.9886E-05 9.9886E-05 0.0793618 0.60049 9.9886E-05 9.9886E-05 9.9886E-05 9.9886E-05 9.9886E-05 9.9886E-05 9.9886E-05 9.9886E-05 9.9886E-05 0.0549787 9.9886E-05 0.240366
9.99122E-05 0.0386571 0.0547143 0.00299543 9.99122E-05 0.728221 9.99122E-05 9.99122E-05 9.99122E-05 9.99122E-05 9.99122E-05 9.99122E-05 9.99122E-05 9.99122E-05 0.0374027 0.0514281 0.00397866 0.0816037
9.98859E-05 0.0827251 0.0165 9.98859E-05 9.98859E-05 0.676396 9.98859E-05 9.98859E-05 9.98859E-05 9.98859E-05 0.0888351 9.98859E-05 9.98859E-05 9.98859E-05 9.98859E-05 9.98859E-05 9.98859E-05 0.134245
9.99035E-05 0.0393702 9.99035E-05 9.99035E-05 0.200068 0.539115 9.99035E-05 9.99035E-05 9.99035E-05 0.0783683 9.99035E-05 0.0174633 9.99035E-05 9.99035E-05 9.99035E-05 9.99035E-05 0.00172635 0.12279
9.99034E-05 0.119276 0.0165769 9.99034E-05 0.0561201 0.568213 9.99034E-05 9.99034E-05 9.99034E-05 9.99034E-05 0.0238452 9.99034E-05 9.99034E-05 0.0359039 9.99034E-05 9.99034E-05 9.99034E-05 0.178966
9.98947E-05 9.98947E-05 9.98947E-05 9.98947E-05 0.23571 0.470084 9.98947E-05 9.98947E-05 9.98947E-05 9.98947E-05 9.98947E-05 9.98947E-05 0.0342774 0.116672 9.98947E-05 0.0127941 9.98947E-05 0.129264
9.9886E-05 0.0391751 0.0508182 9.9886E-05 9.9886E-05 0.774328 9.9886E-05 0.104766 0.0296139 9.9886E-05 9.9886E-05 9.9886E-05 9.9886E-05 9.9886E-05 9.9886E-05 9.9886E-05 9.9886E-05 9.9886E-05
9.99123E-05 0.00889946 0.0716863 9.99123E-05 9.99123E-05 0.674438 9.99123E-05 0.0321091 9.99123E-05 0.0874561 9.99123E-05 9.99123E-05 9.99123E-05 9.99123E-05 9.99123E-05 0.0805543 0.0104859 0.033372
0.00725234 0.0145115 9.9886E-05 9.9886E-05 9.9886E-05 0.831119 9.9886E-05 0.0486428 9.9886E-05 0.0971761 9.9886E-05 9.9886E-05 9.9886E-05 9.9886E-05 9.9886E-05 9.9886E-05 9.9886E-05 9.9886E-05
0.0123935 9.98948E-05 0.158837 9.98948E-05 9.98948E-05 0.597021 9.98948E-05 9.98948E-05 0.0339247 9.98948E-05 9.98948E-05 9.98948E-05 9.98948E-05 0.0302079 9.98948E-05 9.98948E-05 9.98948E-05 0.166417
9.9921E-05 0.0677326 0.0186357 9.9921E-05 0.0193341 0.535102 0.0491121 0.03603 9.9921E-05 9.9921E-05 9.9921E-05 9.9921E-05 9.9921E-05 0.0136489 0.073331 9.9921E-05 9.9921E-05 0.186174
0.0279802 9.98946E-05 9.98946E-05 0.0284784 0.170117 0.552225 9.98946E-05 9.98946E-05 9.98946E-05 9.98946E-05 9.98946E-05 9.98946E-05 9.98946E-05 0.0688972 9.98946E-05 9.98946E-05 9.98946E-05 0.151104
9.98773E-05 0.0737168 9.98773E-05 9.98773E-05 9.98773E-05 0.697862 9.98773E-05 9.98773E-05 9.98773E-05 0.15794 9.98773E-05 9.98773E-05 9.98773E-05 9.98773E-05 9.98773E-05 9.98773E-05 9.98773E-05 0.069083
9.99035E-05 9.99035E-05 0.0954852 9.99035E-05 9.99035E-05 0.640645 9.99035E-05 0.0249171 9.99035E-05 0.0454381 9.99035E-05 9.99035E-05 0.022557 9.99035E-05 9.99035E-05 0.0685277 9.99035E-05 0.10133
9.98859E-05 9.98859E-05 9.98859E-05 0.0211657 9.98859E-05 0.901488 9.98859E-05 0.0491759 9.98859E-05 0.0211925 9.98859E-05 9.98859E-05 0.00567902 9.98859E-05 9.98859E-05 9.98859E-05 9.98859E-05 9.98859E-05
9.98947E-05 0.0627249 0.124089 9.98947E-05 9.98947E-05 0.420162 9.98947E-05 0.0692611 9.98947E-05 9.98947E-05 9.98947E-05 9.98947E-05 9.98947E-05 9.98947E-05 9.98947E-05 0.086373 9.98947E-05 0.236192
9.98859E-05 0.00564338 9.98859E-05 9.98859E-05 9.98859E-05 0.252193 0.101069 9.98859E-05 9.98859E-05 0.294924 9.98859E-05 9.98859E-05 9.98859E-05 9.98859E-05 9.98859E-05 9.98859E-05 9.98859E-05 0.344872
9.98858E-05 9.98858E-05 9.98858E-05 9.98858E-05 9.98858E-05 0.845634 9.98858E-05 9.98858E-05 0.0493474 0.0324567 9.98858E-05 0.0244106 9.98858E-05 9.98858E-05 9.98858E-05 9.98858E-05 9.98858E-05 0.046853
9.98859E-05 9.98859E-05 0.0631205 9.98859E-05 9.98859E-05 0.793817 9.98859E-05 9.98859E-05 9.98859E-05 0.0225012 9.98859E-05 9.98859E-05 0.0684526 9.98859E-05 9.98859E-05 9.98859E-05 9.98859E-05 0.0508102
0.0210648 9.99122E-05 9.99122E-05 0.016521 9.99122E-05 0.921152 0.00222209 9.99122E-05 0.00110496 9.99122E-05 0.00386416 9.99122E-05 9.99122E-05 9.99122E-05 9.99122E-05 9.99122E-05 0.00246823 0.0306034
9.98858E-05 0.047245 9.98858E-05 9.98858E-05 9.98858E-05 0.651291 9.98858E-05 9.98858E-05 9.98858E-05 0.029982 9.98858E-05 0.0888144 9.98858E-05 9.98858E-05 9.98858E-05 9.98858E-05 9.98858E-05 0.181369
0.136125 9.98861E-05 0.0304751 9.98861E-05 9.98861E-05 0.741928 0.0773701 9.98861E-05 9.98861E-05 9.98861E-05 9.98861E-05 9.98861E-05 0.0128031 9.98861E-05 9.98861E-05 9.98861E-05 9.98861E-05 9.98861E-05
9.99209E-05 0.125847 0.0887194 0.0198821 0.0976635 0.305641 9.99209E-05 9.99209E-05 9.99209E-05 0.0402603 9.99209E-05 0.0847479 9.99209E-05 9.99209E-05 9.99209E-05 0.0376493 9.99209E-05 0.198691
9.99298E-05 0.0472699 0.033754 9.99298E-05 0.0236745 0.601568 0.0106439 9.99298E-05 0.00727937 0.0544626 9.99298E-05 0.00621577 9.99298E-05 0.119176 9.99298E-05 0.0951565 9.99298E-05 9.99298E-05
9.98772E-05 9.98772E-05 9.98772E-05 9.98772E-05 9.98772E-05 0.852355 9.98772E-05 9.98772E-05 9.98772E-05 9.98772E-05 0.0298949 9.98772E-05 0.115302 9.98772E-05 9.98772E-05 9.98772E-05 9.98772E-05 0.00105024
0.0244779 9.99298E-05 0.0162876 0.0306273 0.00559984 0.619397 0.0691963 9.99298E-05 0.00395101 9.99298E-05 9.99298E-05 9.99298E-05 0.0112903 0.147492 9.99298E-05 9.99298E-05 9.99298E-05 0.0708812
9.98773E-05 9.98773E-05 9.98773E-05 9.98773E-05 9.98773E-05 0.699684 0.0132049 9.98773E-05 9.98773E-05 9.98773E-05 0.142094 9.98773E-05 9.98773E-05 9.98773E-05 9.98773E-05 9.98773E-05 9.98773E-05 0.14362
9.98772E-05 0.0370482 9.98772E-05 9.98772E-05 0.173898 0.729637 9.98772E-05 9.98772E-05 0.0580186 9.98772E-05 9.98772E-05 9.98772E-05 9.98772E-05 9.98772E-05 9.98772E-05 9.98772E-05 9.98772E-05 9.98772E-05
9.9886E-05 9.9886E-05 0.0678026 9.9886E-05 9.9886E-05 0.619258 9.9886E-05 0.0884995 9.9886E-05 0.0678989 9.9886E-05 9.9886E-05 0.155243 9.9886E-05 9.9886E-05 9.9886E-05 9.9886E-05 9.9886E-05
9.98861E-05 0.0142414 9.98861E-05 9.98861E-05 9.98861E-05 0.749084 9.98861E-05 9.98861E-05 9.98861E-05 0.140711 9.98861E-05 9.98861E-05 9.98861E-05 9.98861E-05 9.98861E-05 9.98861E-05 0.0106282 0.0840368
0.0492057 0.0293901 0.0161067 9.99034E-05 9.99034E-05 0.835503 9.99034E-05 0.0145403 9.99034E-05 9.99034E-05 9.99034E-05 0.0027382 9.99034E-05 9.99034E-05 9.99034E-05 9.99034E-05 9.99034E-05 0.0514167
0.006833 0.0620933 0.0331767 9.99298E-05 0.133817 0.0821528 9.99298E-05 0.316471 9.99298E-05 9.99298E-05 0.00610478 9.99298E-05 0.0723652 9.99298E-05 9.99298E-05 9.99298E-05 0.0201598 0.266026
9.9895E-05 9.9895E-05 9.9895E-05 0.0592472 9.9895E-05 0.283113 9.9895E-05 0.309282 9.9895E-05 0.142867 9.9895E-05 9.9895E-05 9.9895E-05 9.9895E-05 9.9895E-05 0.116269 9.9895E-05 0.0880226
0.0430625 0.0324935 9.99035E-05 0.00674485 9.99035E-05 0.307412 9.99035E-05 0.350649 9.99035E-05 9.99035E-05 9.99035E-05 9.99035E-05 0.182943 9.99035E-05 0.0755966 9.99035E-05 9.99035E-05 9.99035E-05
0.0679999 9.99035E-05 0.0900799 9.99035E-05 0.291408 9.99035E-05 9.99035E-05 0.449149 9.99035E-05 9.99035E-05 0.00354202 9.99035E-05 0.0426934 9.99035E-05 9.99035E-05 9.99035E-05 9.99035E-05 0.0540295
0.117975 0.0523895 0.107239 9.99209E-05 9.99209E-05 0.107887 9.99209E-05 0.210893 0.0505902 0.0583424 9.99209E-05 9.99209E-05 0.0229146 9.99209E-05 9.99209E-05 9.99209E-05 9.99209E-05 0.270869
9.99034E-05 9.99034E-05 0.0103221 9.99034E-05 0.215875 9.99034E-05 9.99034E-05 0.294708 9.99034E-05 9.99034E-05 0.0179138 9.99034E-05 9.99034E-05 9.99034E-05 9.99034E-05 0.0538452 0.103134 0.303103
9.98946E-05 0.0304667 9.98946E-05 9.98946E-05 9.98946E-05 9.98946E-05 9.98946E-05 0.581642 9.98946E-05 0.122017 9.98946E-05 9.98946E-05 9.98946E-05 0.0636636 9.98946E-05 9.98946E-05 0.0601507 0.140862
0.0413945 9.98947E-05 0.108556 9.98947E-05 0.141669 9.98947E-05 9.98947E-05 0.359218 9.98947E-05 9.98947E-05 9.98947E-05 9.98947E-05 0.201325 9.98947E-05 9.98947E-05 9.98947E-05 9.98947E-05 0.146639
0.0411323 9.99211E-05 9.99211E-05 9.99211E-05 0.0734959 0.14695 9.99211E-05 0.452395 9.99211E-05 9.99211E-05 9.99211E-05 9.99211E-05 0.00853016 9.99211E-05 0.0328661 0.0852212 0.0508814 0.107629
9.99036E-05 0.0642853 0.0941099 9.99036E-05 9.99036E-05 0.256472 9.99036E-05 0.360138 9.99036E-05 0.0776041 9.99036E-05 9.99036E-05 9.99036E-05 9.99036E-05 9.99036E-05 9.99036E-05 0.08922 0.0570715
9.9921E-05 0.19504 0.0959731 9.9921E-05 0.0618017 9.9921E-05 9.9921E-05 0.0733383 0.0136259 0.0731669 9.9921E-05 9.9921E-05 0.00989554 9.9921E-05 9.9921E-05 9.9921E-05 0.0336613 0.442598
0.00069187 0.058997 9.9921E-05 9.9921E-05 9.9921E-05 0.0340508 0.00835647 0.290195 9.9921E-05 0.088672 9.9921E-05 9.9921E-05 9.9921E-05 0.19915 9.9921E-05 9.9921E-05 0.149552 0.169435
9.99122E-05 0.134287 0.138933 9.99122E-05 0.168247 9.99122E-05 9.99122E-05 0.139309 9.99122E-05 9.99122E-05 9.99122E-05 0.0561218 9.99122E-05 0.150811 9.99122E-05 9.99122E-05 0.138614 0.0726784
0.0831555 9.99122E-05 0.0244752 9.99122E-05 0.0546302 0.00459406 9.99122E-05 0.377577 9.99122E-05 9.99122E-05 0.0538698 0.068507 9.99122E-05 9.99122E-05 9.99122E-05 9.99122E-05 9.99122E-05 0.332193
9.99124E-05 0.0205575 9.99124E-05 0.0841206 0.215553 0.261196 9.99124E-05 0.259149 9.99124E-05 9.99124E-05 9.99124E-05 9.99124E-05 9.99124E-05 9.99124E-05 9.99124E-05 0.0517527 0.0924286 0.0142441
9.99037E-05 0.0456142 0.0270671 9.99037E-05 9.99037E-05 0.192912 9.99037E-05 0.342541 9.99037E-05 0.19005 9.99037E-05 9.99037E-05 0.0278282 9.99037E-05 9.99037E-05 9.99037E-05 9.99037E-05 0.172889
0.116304 9.98947E-05 9.98947E-05 9.98947E-05 0.212917 9.98947E-05 9.98947E-05 0.325486 9.98947E-05 0.0787453 9.98947E-05 9.98947E-05 0.175207 9.98947E-05 9.98947E-05 9.98947E-05 9.98947E-05 0.0901423
9.99123E-05 0.192503 0.135532 9.99123E-05 0.0150557 0.0650904 9.99123E-05 0.23898 9.99123E-05 0.25191 9.99123E-05 9.99123E-05 9.99123E-05 9.99123E-05 9.99123E-05 9.99123E-05 0.0828937 0.017036
9.99036E-05 0.0381776 0.00558826 9.99036E-05 9.99036E-05 0.168967 9.99036E-05 0.295466 9.99036E-05 0.100935 9.99036E-05 9.99036E-05 0.197176 9.99036E-05 9.99036E-05 9.99036E-05 9.99036E-05 0.192591
0.00138647 0.0222292 9.99034E-05 0.161082 0.0886172 9.99034E-05 9.99034E-05 0.289164 9.99034E-05 9.99034E-05 9.99034E-05 9.99034E-05 9.99034E-05 9.99034E-05 9.99034E-05 9.99034E-05 0.0786948 0.357728
0.106727 9.99038E-05 9.99038E-05 0.00645751 9.99038E-05 0.256908 0.0636403 0.271332 9.99038E-05 9.99038E-05 9.99038E-05 9.99038E-05 9.99038E-05 9.99038E-05 0.157826 9.99038E-05 9.99038E-05 0.13601
0.126193 9.9921E-05 9.9921E-05 9.9921E-05 0.0438567 0.144247 9.9921E-05 0.304074 9.9921E-05 0.148774 0.0436141 9.9921E-05 0.00674949 9.9921E-05 9.9921E-05 9.9921E-05 0.00607231 0.175521
9.99123E-05 0.00101057 9.99123E-05 9.99123E-05 0.308941 0.20635 9.99123E-05 0.264234 9.99123E-05 9.99123E-05 0.0418494 9.99123E-05 0.016784 9.99123E-05 9.99123E-05 9.99123E-05 0.0378241 0.122007
0.0550114 0.0195476 0.0714257 9.99385E-05 0.140691 0.159201 9.99385E-05 0.101479 9.99385E-05 0.150614 9.99385E-05 0.00892947 0.124008 9.99385E-05 9.99385E-05 0.0538865 9.99385E-05 0.114507
9.99122E-05 0.139775 0.0830513 9.99122E-05 0.0660112 0.254835 9.99122E-05 0.0950977 9.99122E-05 0.028821 9.99122E-05 9.99122E-05 9.99122E-05 9.99122E-05 9.99122E-05 9.99122E-05 0.200645 0.130765
9.99211E-05 0.0741662 0.0188126 9.99211E-05 0.0506255 0.285727 0.0213345 0.352489 0.0435955 9.99211E-05 9.99211E-05 9.99211E-05 9.99211E-05 9.99211E-05 0.0218206 9.99211E-05 9.99211E-05 0.13053
0.036555 9.99036E-05 9.99036E-05 9.99036E-05 9.99036E-05 0.308366 9.99036E-05 0.335895 9.99036E-05 9.99036E-05 9.99036E-05 9.99036E-05 9.99036E-05 9.99036E-05 0.0606011 0.0573853 0.135151 0.0649478
0.034989 9.98949E-05 9.98949E-05 9.98949E-05 9.98949E-05 0.175753 9.98949E-05 0.443384 9.98949E-05 0.0613359 9.98949E-05 9.98949E-05 9.98949E-05 9.98949E-05 9.98949E-05 0.0849061 9.98949E-05 0.198433
9.99124E-05 9.99124E-05 0.0714177 9.99124E-05 0.00895017 0.265713 9.99124E-05 0.164839 9.99124E-05 0.116006 9.99124E-05 9.99124E-05 0.205668 9.99124E-05 9.99124E-05 9.99124E-05 0.0436212 0.122786
9.98948E-05 9.98948E-05 0.130959 9.98948E-05 9.98948E-05 0.13778 9.98948E-05 0.158714 9.98948E-05 9.98948E-05 9.98948E-05 9.98948E-05 9.98948E-05 0.0650726 0.205814 9.98948E-05 9.98948E-05 0.300462
9.98684E-05 9.98684E-05 0.0973211 9.98684E-05 0.81652 9.98684E-05 9.98684E-05 9.98684E-05 9.98684E-05 9.98684E-05 9.98684E-05 9.98684E-05 9.98684E-05 9.98684E-05 9.98684E-05 9.98684E-05 9.98684E-05 0.0846609
9.98772E-05 9.98772E-05 0.0322954 9.98772E-05 0.551796 9.98772E-05 9.98772E-05 9.98772E-05 9.98772E-05 9.98772E-05 9.98772E-05 9.98772E-05 9.98772E-05 9.98772E-05 0.384129 9.98772E-05 9.98772E-05 0.0303806
9.9877E-05 9.9877E-05 9.9877E-05 9.9877E-05 0.847972 9.9877E-05 0.0267022 9.9877E-05 9.9877E-05 9.9877E-05 0.00997206 9.9877E-05 9.9877E-05 9.9877E-05 9.9877E-05 9.9877E-05 9.9877E-05 0.113956
9.98769E-05 0.0703969 9.98769E-05 9.98769E-05 0.83863 9.98769E-05 9.98769E-05 9.98769E-05 9.98769E-05 9.98769E-05 9.98769E-05 9.98769E-05 0.0229677 9.98769E-05 9.98769E-05 9.98769E-05 9.98769E-05 0.0666069
9.98858E-05 9.98858E-05 0.0455725 9.98858E-05 0.910061 9.98858E-05 0.0237414 9.98858E-05 9.98858E-05 9.98858E-05 9.98858E-05 9.98858E-05 9.98858E-05 9.98858E-05 9.98858E-05 0.0186235 0.000703376 9.98858E-05
9.98772E-05 9.98772E-05 0.173453 9.98772E-05 0.672827 9.98772E-05 9.98772E-05 9.98772E-05 9.98772E-05 0.0162591 9.98772E-05 9.98772E-05 9.98772E-05 9.98772E-05 9.98772E-05 9.98772E-05 9.98772E-05 0.136063
9.98772E-05 9.98772E-05 0.0890263 9.98772E-05 0.785181 9.98772E-05 9.98772E-05 9.98772E-05 9.98772E-05 9.98772E-05 9.98772E-05 9.98772E-05 9.98772E-05 9.98772E-05 9.98772E-05 9.98772E-05 0.0426822 0.0817127
9.98683E-05 9.98683E-05 0.175281 9.98683E-05 0.809968 9.98683E-05 9.98683E-05 9.98683E-05 9.98683E-05 9.98683E-05 9.98683E-05 9.98683E-05 9.98683E-05 9.98683E-05 9.98683E-05 9.98683E-05 9.98683E-05 0.0132527
9.9877E-05 9.9877E-05 0.337461 9.9877E-05 0.30909 9.9877E-05 9.9877E-05 0.321246 9.9877E-05 9.9877E-05 9.9877E-05 9.9877E-05 9.9877E-05 9.9877E-05 9.9877E-05 9.9877E-05 9.9877E-05 0.0308048
9.98858E-05 9.98858E-05 0.160093 9.98858E-05 0.537144 9.98858E-05 9.98858E-05 9.98858E-05 9.98858E-05 9.98858E-05 0.00340048 9.98858E-05 9.98858E-05 9.98858E-05 9.98858E-05 9.98858E-05 0.00852598 0.289538
9.98772E-05 9.98772E-05 0.0126506 9.98772E-05 0.519562 9.98772E-05 9.98772E-05 0.295332 9.98772E-05 9.98772E-05 9.98772E-05 9.98772E-05 9.98772E-05 9.98772E-05 0.171057 9.98772E-05 9.98772E-05 9.98772E-05
9.98859E-05 0.00321338 9.98859E-05 9.98859E-05 0.752508 9.98859E-05 9.98859E-05 0.147802 9.98859E-05 9.98859E-05 9.98859E-05 9.98859E-05 9.98859E-05 9.98859E-05 0.063517 9.98859E-05 9.98859E-05 0.0316603
9.98685E-05 9.98685E-05 0.0686745 9.98685E-05 0.925181 9.98685E-05 9.98685E-05 9.98685E-05 9.98685E-05 9.98685E-05 9.98685E-05 9.98685E-05 9.98685E-05 9.98685E-05 0.00464685 9.98685E-05 9.98685E-05 9.98685E-05
9.98773E-05 9.98773E-05 0.100467 9.98773E-05 0.646976 9.98773E-05 9.98773E-05 9.98773E-05 9.98773E-05 9.98773E-05 9.98773E-05 9.98773E-05 9.98773E-05 9.98773E-05 0.0142023 9.98773E-05 9.98773E-05 0.236957
9.98948E-05 9.98948E-05 0.0594168 9.98948E-05 0.712337 9.98948E-05 9.98948E-05 9.98948E-05 9.98948E-05 9.98948E-05 9.98948E-05 9.98948E-05 0.0979316 0.0443187 0.0617856 9.98948E-05 0.023012 9.98948E-05
9.9886E-05 0.0673354 0.0204084 9.9886E-05 0.673393 9.9886E-05 9.9886E-05 0.103461 9.9886E-05 9.9886E-05 9.9886E-05 9.9886E-05 9.9886E-05 9.9886E-05 9.9886E-05 9.9886E-05 9.9886E-05 0.134103
9.98947E-05 9.98947E-05 0.0862547 9.98947E-05 0.664006 9.98947E-05 9.98947E-05 0.135979 0.00706956 9.98947E-05 9.98947E-05 9.98947E-05 9.98947E-05 9.98947E-05 9.98947E-05 0.00561514 9.98947E-05 0.0998771
9.98861E-05 9.98861E-05 0.171521 9.98861E-05 0.694377 0.00468625 0.116612 9.98861E-05 9.98861E-05 9.98861E-05 9.98861E-05 9.98861E-05 9.98861E-05 9.98861E-05 0.011506 9.98861E-05 9.98861E-05 9.98861E-05
9.98771E-05 0.0190207 9.98771E-05 9.98771E-05 0.96827 9.98771E-05 0.00464367 0.0066677 9.98771E-05 9.98771E-05 9.98771E-05 9.98771E-05 9.98771E-05 9.98771E-05 9.98771E-05 9.98771E-05 9.98771E-05 9.98771E-05
9.99035E-05 9.99035E-05 0.104635 9.99035E-05 0.545626 9.99035E-05 9.99035E-05 9.99035E-05 0.0866772 9.99035E-05 9.99035E-05 9.99035E-05 9.99035E-05 0.00248201 0.146389 0.0212121 9.99035E-05 0.0918795
9.98859E-05 9.98859E-05 0.00397613 9.98859E-05 0.859225 9.98859E-05 0.0509705 0.0468637 9.98859E-05 9.98859E-05 9.98859E-05 9.98859E-05 9.98859E-05 9.98859E-05 9.98859E-05 9.98859E-05 9.98859E-05 0.0376665
9.98771E-05 0.037615 0.0344775 9.98771E-05 0.925922 9.98771E-05 9.98771E-05 9.98771E-05 9.98771E-05 9.98771E-05 9.98771E-05 9.98771E-05 9.98771E-05 9.98771E-05 9.98771E-05 9.98771E-05 9.98771E-05 0.000586888
9.98772E-05 9.98772E-05 0.23886 9.98772E-05 0.47377 9.98772E-05 9.98772E-05 9.98772E-05 0.0968898 9.98772E-05 9.98772E-05 9.98772E-05 9.98772E-05 9.98772E-05 9.98772E-05 9.98772E-05 9.98772E-05 0.189081
9.98947E-05 9.98947E-05 0.0741733 9.98947E-05 0.707351 9.98947E-05 0.0124768 9.98947E-05 9.98947E-05 9.98947E-05 0.0434126 9.98947E-05 9.98947E-05 9.98947E-05 0.108585 9.98947E-05 9.98947E-05 0.0528022
9.98771E-05 9.98771E-05 0.240604 9.98771E-05 0.504453 9.98771E-05 9.98771E-05 9.98771E-05 0.049708 9.98771E-05 9.98771E-05 9.98771E-05 9.98771E-05 9.98771E-05 9.98771E-05 9.98771E-05 9.98771E-05 0.203837
9.98948E-05 9.98948E-05 0.12203 0.0520794 0.247661 9.98948E-05 9.98948E-05 0.0890708 9.98948E-05 9.98948E-05 9.98948E-05 9.98948E-05 9.98948E-05 9.98948E-05 0.252431 9.98948E-05 9.98948E-05 0.23553
0.00629001 9.98946E-05 9.98946E-05 9.98946E-05 0.186187 9.98946E-05 0.0852786 9.98946E-05 9.98946E-05 9.98946E-05 9.98946E-05 9.98946E-05 9.98946E-05 9.98946E-05 0.572099 0.110532 9.98946E-05 0.0384155
9.98682E-05 9.98682E-05 0.0230695 9.98682E-05 0.847891 9.98682E-05 9.98682E-05 9.98682E-05 9.98682E-05 9.98682E-05 9.98682E-05 9.98682E-05 9.98682E-05 9.98682E-05 9.98682E-05 9.98682E-05 9.98682E-05 0.127542
9.98772E-05 9.98772E-05 0.271985 9.98772E-05 0.534727 9.98772E-05 9.98772E-05 0.0136584 9.98772E-05 9.98772E-05 9.98772E-05 9.98772E-05 9.98772E-05 9.98772E-05 9.98772E-05 9.98772E-05 9.98772E-05 0.178231
9.98773E-05 9.98773E-05 9.98773E-05 9.98773E-05 0.778981 9.98773E-05 0.119314 9.98773E-05 9.98773E-05 9.98773E-05 9.98773E-05 9.98773E-05 9.98773E-05 9.98773E-05 0.000161374 9.98773E-05 9.98773E-05 0.100145
9.98772E-05 0.0228166 9.98772E-05 9.98772E-05 0.733947 9.98772E-05 9.98772E-05 9.98772E-05 9.98772E-05 9.98772E-05 9.98772E-05 9.98772E-05 9.98772E-05 0.0423521 9.98772E-05 9.98772E-05 9.98772E-05 0.199486
9.98683E-05 9.98683E-05 9.98683E-05 0.057662 0.917585 9.98683E-05 9.98683E-05 9.98683E-05 0.0232553 9.98683E-05 9.98683E-05 9.98683E-05 9.98683E-05 9.98683E-05 9.98683E-05 9.98683E-05 9.98683E-05 9.98683E-05
9.98858E-05 9.98858E-05 0.281843 9.98858E-05 0.36215 9.98858E-05 0.12427 9.98858E-05 0.120259 9.98858E-05 9.98858E-05 9.98858E-05 9.98858E-05 9.98858E-05 9.98858E-05 9.98858E-05 9.98858E-05 0.110179
9.98682E-05 9.98682E-05 9.98682E-05 9.98682E-05 0.84112 9.98682E-05 9.98682E-05 9.98682E-05 9.98682E-05 9.98682E-05 0.113445 9.98682E-05 9.98682E-05 9.98682E-05 9.98682E-05 9.98682E-05 9.98682E-05 0.0439373
9.98596E-05 9.98596E-05 9.98596E-05 9.98596E-05 0.966325 9.98596E-05 9.98596E-05 9.98596E-05 9.98596E-05 9.98596E-05 9.98596E-05 9.98596E-05 9.98596E-05 9.98596E-05 9.98596E-05 9.98596E-05 9.98596E-05 0.0320768
9.9921E-05 0.0199081 0.0388472 0.0429481 0.725924 9.9921E-05 9.9921E-05 0.0289592 9.9921E-05 0.00134222 9.9921E-05 9.9921E-05 9.9921E-05 0.025095 0.105039 9.9921E-05 0.0110376 9.9921E-05
9.9877E-05 9.9877E-05 0.123427 9.9877E-05 0.631758 9.9877E-05 9.9877E-05 9.9877E-05 9.9877E-05 9.9877E-05 9.9877E-05 9.9877E-05 9.9877E-05 9.9877E-05 9.9877E-05 9.9877E-05 0.0336904 0.209727
9.98859E-05 9.98859E-05 0.0879826 9.98859E-05 0.399337 9.98859E-05 9.98859E-05 9.98859E-05 9.98859E-05 9.98859E-05 9.98859E-05 9.98859E-05 9.98859E-05 0.0129934 0.470467 9.98859E-05 0.0279213 9.98859E-05
9.98948E-05 0.0188375 9.98948E-05 9.98948E-05 0.739817 9.98948E-05 9.98948E-05 9.98948E-05 9.98948E-05 9.98948E-05 9.98948E-05 9.98948E-05 0.00848717 9.98948E-05 0.177667 9.98948E-05 0.00323745 0.0507546
9.98686E-05 0.0169617 9.98686E-05 9.98686E-05 0.727566 9.98686E-05 9.98686E-05 9.98686E-05 9.98686E-05 9.98686E-05 9.98686E-05 9.98686E-05 9.98686E-05 9.98686E-05 0.253974 9.98686E-05 9.98686E-05 9.98686E-05
9.98684E-05 9.98684E-05 9.98684E-05 9.98684E-05 0.568998 9.98684E-05 9.98684E-05 9.98684E-05 0.0140985 9.98684E-05 9.98684E-05 9.98684E-05 9.98684E-05 9.98684E-05 0.415405 9.98684E-05 9.98684E-05 9.98684E-05
9.98858E-05 9.98858E-05 0.114577 9.98858E-05 0.48236 9.98858E-05 9.98858E-05 0.0644512 9.98858E-05 9.98858E-05 9.98858E-05 0.0252784 9.98858E-05 9.98858E-05 9.98858E-05 9.98858E-05 9.98858E-05 0.312035
9.98772E-05 9.98772E-05 0.141518 0.00988555 0.813142 9.98772E-05 9.98772E-05 9.98772E-05 9.98772E-05 9.98772E-05 0.0340571 9.98772E-05 9.98772E-05 9.98772E-05 9.98772E-05 9.98772E-05 9.98772E-05 9.98772E-05
9.99034E-05 0.000365511 0.177585 9.99034E-05 0.0864703 9.99034E-05 0.0542163 9.99034E-05 0.00080442 9.99034E-05 9.99034E-05 9.99034E-05 9.99034E-05 9.99034E-05 0.565082 9.99034E-05 9.99034E-05 0.114378
9.98684E-05 9.98684E-05 9.98684E-05 9.98684E-05 0.510542 9.98684E-05 9.98684E-05 9.98684E-05 9.98684E-05 9.98684E-05 9.98684E-05 9.98684E-05 9.98684E-05 9.98684E-05 0.456313 9.98684E-05 9.98684E-05 0.0316469
0.0163242 0.0097932 0.226256 9.99122E-05 0.43389 9.99122E-05 0.087991 0.156614 0.00721627 9.99122E-05 9.99122E-05 9.99122E-05 0.0609162 9.99122E-05 9.99122E-05 9.99122E-05 9.99122E-05 9.99122E-05
9.98948E-05 9.98948E-05 0.123335 9.98948E-05 0.720285 9.98948E-05 9.98948E-05 9.98948E-05 9.98948E-05 9.98948E-05 9.98948E-05 9.98948E-05 0.0232904 9.98948E-05 0.0161178 9.98948E-05 0.0236936 0.0920794
9.99123E-05 9.99123E-05 0.170591 0.0207321 0.555223 9.99123E-05 9.99123E-05 0.0644104 9.99123E-05 9.99123E-05 9.99123E-05 9.99123E-05 9.99123E-05 9.99123E-05 0.0100978 0.100441 0.0499836 0.0275223
9.98859E-05 0.0175772 0.290607 9.98859E-05 0.429811 9.98859E-05 9.98859E-05 9.98859E-05 0.00866496 9.98859E-05 9.98859E-05 9.98859E-05 9.98859E-05 9.98859E-05 9.98859E-05 9.98859E-05 9.98859E-05 0.252042
9.98772E-05 9.98772E-05 9.98772E-05 0.0238162 0.526773 9.98772E-05 9.98772E-05 9.98772E-05 9.98772E-05 9.98772E-05 9.98772E-05 9.98772E-05 9.98772E-05 9.98772E-05 0.421291 9.98772E-05 9.98772E-05 0.0267207
0.0531463 9.9877E-05 9.9877E-05 9.9877E-05 0.685771 9.9877E-05 9.9877E-05 9.9877E-05 9.9877E-05 0.168584 9.9877E-05 9.9877E-05 9.9877E-05 9.9877E-05 9.9877E-05 9.9877E-05 9.9877E-05 0.0911006
9.98859E-05 0.0023534 0.123096 9.98859E-05 0.326159 9.98859E-05 0.0330083 9.98859E-05 9.98859E-05 9.98859E-05 9.98859E-05 9.98859E-05 9.98859E-05 9.98859E-05 0.514085 9.98859E-05 9.98859E-05 9.98859E-05
9.99123E-05 0.0975977 0.0125607 9.99123E-05 0.488787 9.99123E-05 0.0758559 9.99123E-05 9.99123E-05 9.99123E-05 9.99123E-05 9.99123E-05 0.0370978 9.99123E-05 0.120223 9.99123E-05 0.0486659 0.118213
9.98683E-05 9.98683E-05 0.0542437 0.00516929 0.939089 9.98683E-05 9.98683E-05 9.98683E-05 9.98683E-05 9.98683E-05 9.98683E-05 9.98683E-05 9.98683E-05 9.98683E-05 9.98683E-05 9.98683E-05 9.98683E-05 9.98683E-05
0.0113488 9.9877E-05 9.9877E-05 9.9877E-05 0.911328 9.9877E-05 9.9877E-05 9.9877E-05 9.9877E-05 9.9877E-05 9.9877E-05 9.9877E-05 0.0492698 9.9877E-05 9.9877E-05 9.9877E-05 0.0266554 9.9877E-05
9.98858E-05 9.98858E-05 0.113438 0.0173062 0.516563 9.98858E-05 9.98858E-05 0.239648 9.98858E-05 9.98858E-05 9.98858E-05 9.98858E-05 9.98858E-05 9.98858E-05 9.98858E-05 9.98858E-05 9.98858E-05 0.111747
9.98682E-05 9.98682E-05 0.160067 9.98682E-05 0.763045 9.98682E-05 9.98682E-05 9.98682E-05 9.98682E-05 9.98682E-05 9.98682E-05 9.98682E-05 9.98682E-05 9.98682E-05 9.98682E-05 9.98682E-05 9.98682E-05 0.0753899
9.98683E-05 0.0219768 9.98683E-05 0.120956 0.855569 9.98683E-05 9.98683E-05 9.98683E-05 9.98683E-05 9.98683E-05 9.98683E-05 9.98683E-05 9.98683E-05 9.98683E-05 9.98683E-05 9.98683E-05 9.98683E-05 9.98683E-05
0.00651588 9.99035E-05 9.99035E-05 9.99035E-05 0.771166 9.99035E-05 9.99035E-05 9.99035E-05 0.0655486 0.0207544 9.99035E-05 9.99035E-05 9.99035E-05 0.0263007 0.023523 9.99035E-05 9.99035E-05 0.0850927
9.98685E-05 9.98685E-05 0.173609 9.98685E-05 0.695333 9.98685E-05 9.98685E-05 9.98685E-05 9.98685E-05 9.98685E-05 9.98685E-05 9.98685E-05 9.98685E-05 9.98685E-05 0.12956 9.98685E-05 9.98685E-05 9.98685E-05
9.98505E-05 9.98505E-05 9.98505E-05 9.98505E-05 9.98505E-05 9.98505E-05 9.98505E-05 9.98505E-05 9.98505E-05 9.98505E-05 9.98505E-05 9.98505E-05 9.98505E-05 9.98505E-05 9.98505E-05 9.98505E-05 9.98505E-05 0.998303
9.98504E-05 9.98504E-05 0.998303 9.98504E-05 9.98504E-05 9.98504E-05 9.98504E-05 9.98504E-05 9.98504E-05 9.98504E-05 9.98504E-05 9.98504E-05 9.98504E-05 9.98504E-05 9.98504E-05 9.98504E-05 9.98504E-05 9.98504E-05
9.98505E-05 9.98505E-05 9.98505E-05 9.98505E-05 9.98505E-05 9.98505E-05 9.98505E-05 9.98505E-05 9.98505E-05 9.98505E-05 9.98505E-05 9.98505E-05 9.98505E-05 9.98505E-05 9.98505E-05 9.98505E-05 9.98505E-05 0.998303
9.98505E-05 9.98505E-05 0.998303 9.98505E-05 9.98505E-05 9.98505E-05 9.98505E-05 9.98505E-05 9.98505E-05 9.98505E-05 9.98505E-05 9.98505E-05 9.98505E-05 9.98505E-05 9.98505E-05 9.98505E-05 9.98505E-05 9.98505E-05
9.98505E-05 9.98505E-05 0.998303 9.98505E-05 9.98505E-05 9.98505E-05 9.98505E-05 9.98505E-05 9.98505E-05 9.98505E-05 9.98505E-05 9.98505E-05 9.98505E-05 9.98505E-05 9.98505E-05 9.98505E-05 9.98505E-05 9.98505E-05
9.98505E-05 9.98505E-05 0.998303 9.98505E-05 9.98505E-05 9.98505E-05 9.98505E-05 9.98505E-05 9.98505E-05 9.98505E-05 9.98505E-05 9.98505E-05 9.98505E-05 9.98505E-05 9.98505E-05 9.98505E-05 9.98505E-05 9.98505E-05
9.98505E-05 9.98505E-05 9.98505E-05 9.98505E-05 9.98505E-05 9.98505E-05 9.98505E-05 9.98505E-05 9.98505E-05 9.98505E-05 9.98505E-05 9.98505E-05 9.98505E-05 9.98505E-05 9.98505E-05 9.98505E-05 9.98505E-05 0.998303
9.98506E-05 9.98506E-05 0.998303 9.98506E-05 9.98506E-05 9.98506E-05 9.98506E-05 9.98506E-05 9.98506E-05 9.98506E-05 9.98506E-05 9.98506E-05 9.98506E-05 9.98506E-05 9.98506E-05 9.98506E-05 9.98506E-05 9.98506E-05
9.98507E-05 9.98507E-05 0.998303 9.98507E-05 9.98507E-05 9.98507E-05 9.98507E-05 9.98507E-05 9.98507E-05 9.98507E-05 9.98507E-05 9.98507E-05 9.98507E-05 9.98507E-05 9.98507E-05 9.98507E-05 9.98507E-05 9.98507E-05
9.98504E-05 9.98504E-05 9.98504E-05 9.98504E-05 9.98504E-05 9.98504E-05 9.98504E-05 9.98504E-05 9.98504E-05 9.98504E-05 9.98504E-05 9.98504E-05 9.98504E-05 9.98504E-05 9.98504E-05 9.98504E-05 9.98504E-05 0.998303
9.98505E-05 9.98505E-05 9.98505E-05 9.98505E-05 9.98505E-05 9.98505E-05 9.98505E-05 9.98505E-05 9.98505E-05 9.98505E-05 9.98505E-05 9.98505E-05 9.98505E-05 9.98505E-05 9.98505E-05 9.98505E-05 9.98505E-05 0.998303
9.98504E-05 9.98504E-05 9.98504E-05 9.98504E-05 9.98504E-05 9.98504E-05 9.98504E-05 9.98504E-05 9.98504E-05 9.98504E-05 9.98504E-05 9.98504E-05 9.98504E-05 9.98504E-05 9.98504E-05 9.98504E-05 9.98504E-05 0.998303
9.98506E-05 9.98506E-05 0.998303 9.98506E-05 9.98506E-05 9.98506E-05 9.98506E-05 9.98506E-05 9.98506E-05 9.98506E-05 9.98506E-05 9.98506E-05 9.98506E-05 9.98506E-05 9.98506E-05 9.98506E-05 9.98506E-05 9.98506E-05
9.98505E-05 9.98505E-05 0.998303 9.98505E-05 9.98505E-05 9.98505E-05 9.98505E-05 9.98505E-05 9.98505E-05 9.98505E-05 9.98505E-05 9.98505E-05 9.98505E-05 9.98505E-05 9.98505E-05 9.98505E-05 9.98505E-05 9.98505E-05
9.98505E-05 9.98505E-05 9.98505E-05 9.98505E-05 9.98505E-05 9.98505E-05 9.98505E-05 9.98505E-05 9.98505E-05 9.98505E-05 9.98505E-05 9.98505E-05 9.98505E-05 9.98505E-05 9.98505E-05 9.98505E-05 9.98505E-05 0.998303
9.98505E-05 9.98505E-05 9.98505E-05 9.98505E-05 9.98505E-05 9.98505E-05 9.98505E-05 9.98505E-05 9.98505E-05 9.98505E-05 9.98505E-05 9.98505E-05 9.98505E-05 9.98505E-05 9.98505E-05 9.98505E-05 9.98505E-05 0.998303
0.0830622 9.99033E-05 0.0462046 9.99033E-05 0.603943 9.99033E-05 9.99033E-05 9.99033E-05 0.0237844 0.100995 9.99033E-05 9.99033E-05 9.99033E-05 9.99033E-05 9.99033E-05 0.0940252 9.99033E-05 0.0468868
9.98505E-05 9.98505E-05 9.98505E-05 9.98505E-05 9.98505E-05 9.98505E-05 9.98505E-05 9.98505E-05 9.98505E-05 9.98505E-05 9.98505E-05 9.98505E-05 9.98505E-05 9.98505E-05 9.98505E-05 9.98505E-05 9.98505E-05 0.998303
9.98506E-05 9.98506E-05 0.998303 9.98506E-05 9.98506E-05 9.98506E-05 9.98506E-05 9.98506E-05 9.98506E-05 9.98506E-05 9.98506E-05 9.98506E-05 9.98506E-05 9.98506E-05 9.98506E-05 9.98506E-05 9.98506E-05 9.98506E-05
9.98505E-05 9.98505E-05 9.98505E-05 9.98505E-05 9.98505E-05 9.98505E-05 9.98505E-05 9.98505E-05 9.98505E-05 9.98505E-05 9.98505E-05 9.98505E-05 9.98505E-05 9.98505E-05 9.98505E-05 9.98505E-05 9.98505E-05 0.998303
9.98505E-05 9.98505E-05 9.98505E-05 9.98505E-05 9.98505E-05 9.98505E-05 9.98505E-05 9.98505E-05 9.98505E-05 9.98505E-05 9.98505E-05 9.98505E-05 9.98505E-05 9.98505E-05 9.98505E-05 9.98505E-05 9.98505E-05 0.998303
9.98505E-05 9.98505E-05 9.98505E-05 9.98505E-05 9.98505E-05 9.98505E-05 9.98505E-05 9.98505E-05 9.98505E-05 9.98505E-05 9.98505E-05 9.98505E-05 9.98505E-05 9.98505E-05 9.98505E-05 9.98505E-05 9.98505E-05 0.998303
9.98505E-05 9.98505E-05 0.998303 9.98505E-05 9.98505E-05 9.98505E-05 9.98505E-05 9.98505E-05 9.98505E-05 9.98505E-05 9.98505E-05 9.98505E-05 9.98505E-05 9.98505E-05 9.98505E-05 9.98505E-05 9.98505E-05 9.98505E-05
9.98504E-05 9.98504E-05 9.98504E-05 9.98504E-05 9.98504E-05 9.98504E-05 9.98504E-05 9.98504E-05 9.98504E-05 9.98504E-05 9.98504E-05 9.98504E-05 9.98504E-05 9.98504E-05 9.98504E-05 9.98504E-05 9.98504E-05 0.998303
9.98506E-05 9.98506E-05 0.998303 9.98506E-05 9.98506E-05 9.98506E-05 9.98506E-05 9.98506E-05 9.98506E-05 9.98506E-05 9.98506E-05 9.98506E-05 9.98506E-05 9.98506E-05 9.98506E-05 9.98506E-05 9.98506E-05 9.98506E-05
9.98505E-05 9.98505E-05 9.98505E-05 9.98505E-05 9.98505E-05 9.98505E-05 9.98505E-05 9.98505E-05 9.98505E-05 9.98505E-05 9.98505E-05 9.98505E-05 9.98505E-05 9.98505E-05 9.98505E-05 9.98505E-05 9.98505E-05 0.998303
9.98504E-05 9.98504E-05 9.98504E-05 9.98504E-05 9.98504E-05 9.98504E-05 9.98504E-05 9.98504E-05 9.98504E-05 9.98504E-05 9.98504E-05 9.98504E-05 9.98504E-05 9.98504E-05 9.98504E-05 9.98504E-05 9.98504E-05 0.998303
9.98505E-05 9.98505E-05 0.998303 9.98505E-05 9.98505E-05 9.98505E-05 9.98505E-05 9.98505E-05 9.98505E-05 9.98505E-05 9.98505E-05 9.98505E-05 9.98505E-05 9.98505E-05 9.98505E-05 9.98505E-05 9.98505E-05 9.98505E-05
9.98506E-05 9.98506E-05 0.998303 9.98506E-05 9.98506E-05 9.98506E-05 9.98506E-05 9.98506E-05 9.98506E-05 9.98506E-05 9.98506E-05 9.98506E-05 9.98506E-05 9.98506E-05 9.98506E-05 9.98506E-05 9.98506E-05 9.98506E-05
9.98506E-05 9.98506E-05 0.998303 9.98506E-05 9.98506E-05 9.98506E-05 9.98506E-05 9.98506E-05 9.98506E-05 9.98506E-05 9.98506E-05 9.98506E-05 9.98506E-05 9.98506E-05 9.98506E-05 9.98506E-05 9.98506E-05 9.98506E-05
9.98506E-05 9.98506E-05 9.98506E-05 9.98506E-05 9.98506E-05 9.98506E-05 9.98506E-05 9.98506E-05 9.98506E-05 9.98506E-05 9.98506E-05 9.98506E-05 9.98506E-05 9.98506E-05 9.98506E-05 9.98506E-05 9.98506E-05 0.998303
9.98504E-05 9.98504E-05 9.98504E-05 9.98504E-05 9.98504E-05 9.98504E-05 9.98504E-05 9.98504E-05 9.98504E-05 9.98504E-05 9.98504E-05 9.98504E-05 9.98504E-05 9.98504E-05 9.98504E-05 9.98504E-05 9.98504E-05 0.998303
9.98505E-05 9.98505E-05 9.98505E-05 9.98505E-05 9.98505E-05 9.98505E-05 9.98505E-05 9.98505E-05 9.98505E-05 9.98505E-05 9.98505E-05 9.98505E-05 9.98505E-05 9.98505E-05 9.98505E-05 9.98505E-05 9.98505E-05 0.998303
9.98504E-05 9.98504E-05 9.98504E-05 9.98504E-05 9.98504E-05 9.98504E-05 9.98504E-05 9.98504E-05 9.98504E-05 9.98504E-05 9.98504E-05 9.98504E-05 9.98504E-05 9.98504E-05 9.98504E-05 9.98504E-05 9.98504E-05 0.998303
9.98505E-05 9.98505E-05 9.98505E-05 9.98505E-05 9.98505E-05 9.98505E-05 9.98505E-05 9.98505E-05 9.98505E-05 9.98505E-05 9.98505E-05 9.98505E-05 9.98505E-05 9.98505E-05 9.98505E-05 9.98505E-05 9.98505E-05 0.998303
9.98505E-05 9.98505E-05 0.998303 9.98505E-05 9.98505E-05 9.98505E-05 9.98505E-05 9.98505E-05 9.98505E-05 9.98505E-05 9.98505E-05 9.98505E-05 9.98505E-05 9.98505E-05 9.98505E-05 9.98505E-05 9.98505E-05 9.98505E-05
9.98505E-05 9.98505E-05 0.998303 9.98505E-05 9.98505E-05 9.98505E-05 9.98505E-05 9.98505E-05 9.98505E-05 9.98505E-05 9.98505E-05 9.98505E-05 9.98505E-05 9.98505E-05 9.98505E-05 9.98505E-05 9.98505E-05 9.98505E-05
9.98505E-05 9.98505E-05 0.998303 9.98505E-05 9.98505E-05 9.98505E-05 9.98505E-05 9.98505E-05 9.98505E-05 9.98505E-05 9.98505E-05 9.98505E-05 9.98505E-05 9.98505E-05 9.98505E-05 9.98505E-05 9.98505E-05 9.98505E-05
9.98505E-05 9.98505E-05 9.98505E-05 9.98505E-05 9.98505E-05 9.98505E-05 9.98505E-05 9.98505E-05 9.98505E-05 9.98505E-05 9.98505E-05 9.98505E-05 9.98505E-05 9.98505E-05 9.98505E-05 9.98505E-05 9.98505E-05 0.998303
9.98504E-05 9.98504E-05 0.998303 9.98504E-05 9.98504E-05 9.98504E-05 9.98504E-05 9.98504E-05 9.98504E-05 9.98504E-05 9.98504E-05 9.98504E-05 9.98504E-05 9.98504E-05 9.98504E-05 9.98504E-05 9.98504E-05 9.98504E-05
9.98506E-05 9.98506E-05 0.998303 9.98506E-05 9.98506E-05 9.98506E-05 9.98506E-05 9.98506E-05 9.98506E-05 9.98506E-05 9.98506E-05 9.98506E-05 9.98506E-05 9.98506E-05 9.98506E-05 9.98506E-05 9.98506E-05 9.98506E-05
9.98505E-05 9.98505E-05 0.998303 9.98505E-05 9.98505E-05 9.98505E-05 9.98505E-05 9.98505E-05 9.98505E-05 9.98505E-05 9.98505E-05 9.98505E-05 9.98505E-05 9.98505E-05 9.98505E-05 9.98505E-05 9.98505E-05 9.98505E-05
9.98506E-05 9.98506E-05 0.998303 9.98506E-05 9.98506E-05 9.98506E-05 9.98506E-05 9.98506E-05 9.98506E-05 9.98506E-05 9.98506E-05 9.98506E-05 9.98506E-05 9.98506E-05 9.98506E-05 9.98506E-05 9.98506E-05 9.98506E-05
9.98505E-05 9.98505E-05 9.98505E-05 9.98505E-05 9.98505E-05 9.98505E-05 9.98505E-05 9.98505E-05 9.98505E-05 9.98505E-05 9.98505E-05 9.98505E-05 9.98505E-05 9.98505E-05 9.98505E-05 9.98505E-05 9.98505E-05 0.998303
9.98506E-05 9.98506E-05 0.998303 9.98506E-05 9.98506E-05 9.98506E-05 9.98506E-05 9.98506E-05 9.98506E-05 9.98506E-05 9.98506E-05 9.98506E-05 9.98506E-05 9.98506E-05 9.98506E-05 9.98506E-05 9.98506E-05 9.98506E-05
9.98505E-05 9.98505E-05 0.998303 9.98505E-05 9.98505E-05 9.98505E-05 9.98505E-05 9.98505E-05 9.98505E-05 9.98505E-05 9.98505E-05 9.98505E-05 9.98505E-05 9.98505E-05 9.98505E-05 9.98505E-05 9.98505E-05 9.98505E-05
0.0589731 9.98946E-05 0.0274412 9.98946E-05 0.596517 9.98946E-05 9.98946E-05 9.98946E-05 0.0872273 9.98946E-05 9.98946E-05 9.98946E-05 9.98946E-05 9.98946E-05 9.98946E-05 0.149426 9.98946E-05 0.0792166
9.98505E-05 9.98505E-05 9.98505E-05 9.98505E-05 9.98505E-05 9.98505E-05 9.98505E-05 9.98505E-05 9.98505E-05 9.98505E-05 9.98505E-05 9.98505E-05 9.98505E-05 9.98505E-05 9.98505E-05 9.98505E-05 9.98505E-05 0.998303
