0.0775838 0.0515691 9.99385E-05 9.99385E-05 9.99385E-05 0.0872846 9.99385E-05 9.99385E-05 9.99385E-05 0.372707 0.328975 9.99385E-05 0.0811801
9.99385E-05 0.0135891 9.99385E-05 9.99385E-05 9.99385E-05 0.145891 9.99385E-05 9.99385E-05 9.99385E-05 0.821255 0.00143234 0.00118279 0.0159494
0.0811012 9.9921E-05 9.9921E-05 0.0324164 0.0137706 9.9921E-05 9.9921E-05 9.9921E-05 9.9921E-05 0.871813 9.9921E-05 9.9921E-05 9.9921E-05
9.994E-05 0.0920116 0.3675 0.112797 0.0131588 9.994E-05 9.994E-05 9.994E-05 9.994E-05 0.308245 0.0737481 9.994E-05 0.0319391
9.99035E-05 9.99035E-05 0.109768 9.99035E-05 9.99035E-05 9.99035E-05 9.99035E-05 9.99035E-05 9.99035E-05 0.889133 9.99035E-05 9.99035E-05 9.99035E-05
9.99561E-05 9.99561E-05 0.292171 0.185977 0.18127 0.0342299 9.99561E-05 9.99561E-05 9.99561E-05 0.247702 0.028674 0.0185914 0.0108858
0.0461172 0.151593 0.168086 9.99561E-05 9.99561E-05 0.216855 9.99561E-05 9.99561E-05 0.00141137 0.167158 0.21486 9.99561E-05 0.0334194
9.993E-05 9.993E-05 0.281327 0.0512884 0.145397 9.993E-05 9.993E-05 9.993E-05 0.126232 0.126069 0.268988 9.993E-05 9.993E-05
0.182267 9.99561E-05 0.04096 0.164318 0.155018 0.0334056 9.99561E-05 9.99561E-05 9.99561E-05 0.197814 9.99561E-05 0.0566479 0.16907
9.99034E-05 9.99034E-05 9.99034E-05 9.99034E-05 9.99034E-05 9.99034E-05 9.99034E-05 9.99034E-05 9.99034E-05 0.909399 9.99034E-05 9.99034E-05 0.089502
9.99473E-05 0.11018 9.99473E-05 0.0238242 0.103576 9.99473E-05 9.99473E-05 9.99473E-05 9.99473E-05 0.59963 0.0024265 0.0219412 0.137822
0.0242751 0.019386 0.0481566 9.99385E-05 0.0103698 9.99385E-05 9.99385E-05 9.99385E-05 9.99385E-05 0.886956 9.99385E-05 9.99385E-05 0.0101572
9.99386E-05 9.99386E-05 0.0350447 9.99386E-05 9.99386E-05 9.99386E-05 9.99386E-05 0.00897617 0.00522109 0.817473 0.0599975 9.99386E-05 0.072588
9.99386E-05 0.0314557 9.99386E-05 0.172235 9.99386E-05 9.99386E-05 0.0142621 9.99386E-05 0.0283681 0.687439 9.99386E-05 9.99386E-05 0.06554
0.047054 9.99386E-05 9.99386E-05 0.11071 0.144301 9.99386E-05 9.99386E-05 9.99386E-05 9.99386E-05 0.362321 0.198155 9.99386E-05 0.136759
9.994E-05 9.994E-05 0.150121 0.0280664 0.191567 9.994E-05 9.994E-05 9.994E-05 0.0510767 0.268678 0.182999 9.994E-05 0.126892
9.99386E-05 0.0565008 9.99386E-05 9.99386E-05 9.99386E-05 0.0874847 0.140472 9.99386E-05 0.0421189 0.594251 9.99386E-05 9.99386E-05 0.0784726
9.99386E-05 9.99386E-05 9.99386E-05 9.99386E-05 0.0596882 9.99386E-05 9.99386E-05 0.0971851 9.99386E-05 0.179784 0.319218 0.170189 0.173236
9.99385E-05 9.99385E-05 0.0668894 9.99385E-05 0.140715 9.99385E-05 9.99385E-05 0.078604 9.99385E-05 0.361172 0.167245 9.99385E-05 0.184675
9.99034E-05 9.99034E-05 9.99034E-05 9.99034E-05 9.99034E-05 9.99034E-05 9.99034E-05 9.99034E-05 9.99034E-05 0.898823 9.99034E-05 0.100079 9.99034E-05
0.00206811 0.0721487 0.249703 9.99474E-05 0.0948435 9.99474E-05 9.99474E-05 9.99474E-05 9.99474E-05 0.526696 9.99474E-05 0.00575946 0.0481815
9.99211E-05 9.99211E-05 0.335975 9.99211E-05 0.261378 9.99211E-05 9.99211E-05 9.99211E-05 9.99211E-05 0.282886 0.118862 9.99211E-05 9.99211E-05
9.99298E-05 0.0958317 9.99298E-05 0.04559 9.99298E-05 9.99298E-05 9.99298E-05 9.99298E-05 9.99298E-05 0.647794 0.0960573 9.99298E-05 0.113928
0.0494276 9.99473E-05 9.99473E-05 0.0522493 9.99473E-05 9.99473E-05 9.99473E-05 9.99473E-05 0.074868 0.363673 0.163333 0.0708462 0.225004
0.00814098 0.0230991 9.99473E-05 0.171711 0.0698514 9.99473E-05 9.99473E-05 9.99473E-05 9.99473E-05 0.330854 9.99473E-05 0.0687735 0.326971
9.99386E-05 9.99386E-05 0.027885 0.0833628 0.0138486 9.99386E-05 9.99386E-05 9.99386E-05 9.99386E-05 0.702282 0.0276984 9.99386E-05 0.144224
9.99561E-05 0.0204683 9.99561E-05 0.349017 9.99561E-05 9.99561E-05 9.99561E-05 0.0891519 0.0278116 0.0257403 0.353595 0.0382517 0.0954653
9.9921E-05 9.9921E-05 0.120092 0.0609027 9.9921E-05 9.9921E-05 9.9921E-05 9.9921E-05 9.9921E-05 0.784 9.9921E-05 9.9921E-05 0.0341058
9.99298E-05 9.99298E-05 9.99298E-05 0.0328348 9.99298E-05 9.99298E-05 9.99298E-05 9.99298E-05 9.99298E-05 0.548104 0.185236 0.0334928 0.199533
9.99298E-05 9.99298E-05 9.99298E-05 9.99298E-05 0.0416612 9.99298E-05 0.0133771 9.99298E-05 0.0166199 0.827402 9.99298E-05 9.99298E-05 0.10014
9.99385E-05 0.0871939 9.99385E-05 9.99385E-05 0.0217419 9.99385E-05 9.99385E-05 9.99385E-05 9.99385E-05 0.676067 0.124729 0.0541275 0.0354412
9.99386E-05 0.0512697 0.0126468 0.193554 9.99386E-05 9.99386E-05 9.99386E-05 9.99386E-05 9.99386E-05 0.508836 0.104271 9.99386E-05 0.128723
9.99561E-05 0.0389046 9.99561E-05 0.132295 0.0694943 9.99561E-05 9.99561E-05 9.99561E-05 0.0485436 0.416237 0.118039 0.0616861 0.114301
9.99473E-05 0.0101015 9.99473E-05 0.218565 9.99473E-05 9.99473E-05 9.99473E-05 0.0245556 0.0418667 0.484867 0.0923239 9.99473E-05 0.127121
9.99386E-05 0.00190192 9.99386E-05 9.99386E-05 0.0344236 0.10397 9.99386E-05 9.99386E-05 9.99386E-05 0.792459 0.0174142 9.99386E-05 0.0491319
0.072683 0.0238473 9.99473E-05 9.99473E-05 0.0388179 0.026834 9.99473E-05 9.99473E-05 9.99473E-05 0.699378 0.131135 9.99473E-05 0.0067045
9.9921E-05 0.0120156 9.9921E-05 9.9921E-05 9.9921E-05 0.0163513 9.9921E-05 9.9921E-05 0.0679551 0.902779 9.9921E-05 9.9921E-05 9.9921E-05
9.99473E-05 0.0161278 9.99473E-05 9.99473E-05 0.130033 0.0842026 0.00344634 9.99473E-05 9.99473E-05 0.680473 9.99473E-05 0.0786321 0.00648521
9.99474E-05 0.0695268 0.0737113 9.99474E-05 0.00825501 0.0846474 0.0300361 9.99474E-05 9.99474E-05 0.567243 9.99474E-05 9.99474E-05 0.16598
9.9921E-05 9.9921E-05 9.9921E-05 0.157237 9.9921E-05 9.9921E-05 9.9921E-05 9.9921E-05 0.127159 0.57948 9.9921E-05 9.9921E-05 0.135225
9.99474E-05 0.0512419 0.0292123 9.99474E-05 9.99474E-05 9.99474E-05 9.99474E-05 9.99474E-05 0.00364061 0.784535 0.024112 0.00792081 0.0987376
0.0876461 9.9921E-05 9.9921E-05 9.9921E-05 9.9921E-05 9.9921E-05 9.9921E-05 9.9921E-05 9.9921E-05 0.529872 0.3064 9.9921E-05 0.0751825
9.99298E-05 9.99298E-05 0.108726 9.99298E-05 9.99298E-05 0.0316179 0.118276 0.0532504 9.99298E-05 0.68733 9.99298E-05 9.99298E-05 9.99298E-05
0.0169678 0.0462211 9.99473E-05 9.99473E-05 0.111094 0.00331479 9.99473E-05 9.99473E-05 9.99473E-05 0.414899 0.195356 9.99473E-05 0.211547
9.99298E-05 0.0527398 0.278992 9.99298E-05 9.99298E-05 9.99298E-05 9.99298E-05 9.99298E-05 9.99298E-05 0.264806 0.252507 9.99298E-05 0.150155
9.99297E-05 9.99297E-05 0.0542843 9.99297E-05 9.99297E-05 9.99297E-05 9.99297E-05 0.000287268 9.99297E-05 0.840866 9.99297E-05 0.087102 0.0166606
9.99298E-05 0.0465324 9.99298E-05 9.99298E-05 0.0416729 9.99298E-05 9.99298E-05 0.0195595 9.99298E-05 0.786794 9.99298E-05 9.99298E-05 0.104642
9.99123E-05 9.99123E-05 9.99123E-05 9.99123E-05 9.99123E-05 9.99123E-05 9.99123E-05 9.99123E-05 0.0172293 0.928166 9.99123E-05 9.99123E-05 0.0536055
9.99297E-05 0.0259033 0.0411705 9.99297E-05 9.99297E-05 9.99297E-05 9.99297E-05 9.99297E-05 9.99297E-05 0.654187 0.159933 9.99297E-05 0.118006
9.99299E-05 0.0347492 0.0240608 9.99299E-05 0.0324598 9.99299E-05 9.99299E-05 9.99299E-05 0.109721 0.79821 9.99299E-05 9.99299E-05 9.99299E-05
9.99429E-05 0.131861 0.0719308 0.204276 0.043453 9.99429E-05 9.99429E-05 9.99429E-05 9.99429E-05 0.315974 9.99429E-05 9.99429E-05 0.231806
0.046281 9.99386E-05 0.0727177 9.99386E-05 0.0307344 9.99386E-05 9.99386E-05 9.99386E-05 9.99386E-05 0.656113 0.0791574 0.114297 9.99386E-05
9.99122E-05 9.99122E-05 9.99122E-05 9.99122E-05 9.99122E-05 9.99122E-05 9.99122E-05 0.0396378 9.99122E-05 0.946408 9.99122E-05 9.99122E-05 0.0129554
9.99386E-05 9.99386E-05 9.99386E-05 0.0233465 9.99386E-05 9.99386E-05 9.99386E-05 0.00299394 0.211895 0.667559 9.99386E-05 0.0184216 0.075085
0.0460588 9.99299E-05 0.132459 9.99299E-05 9.99299E-05 9.99299E-05 9.99299E-05 9.99299E-05 9.99299E-05 0.721574 9.99299E-05 0.00737634 0.0917325
9.99299E-05 0.0664702 9.99299E-05 0.159632 9.99299E-05 9.99299E-05 9.99299E-05 9.99299E-05 0.0805185 0.633046 9.99299E-05 0.0595335 9.99299E-05
9.99385E-05 9.99385E-05 0.0640215 9.99385E-05 0.0197603 0.0180733 9.99385E-05 0.0486468 9.99385E-05 0.812021 9.99385E-05 9.99385E-05 0.0367776
9.99211E-05 0.0950122 9.99211E-05 9.99211E-05 9.99211E-05 9.99211E-05 9.99211E-05 9.99211E-05 9.99211E-05 0.830405 9.99211E-05 0.00972396 0.0639599
9.99298E-05 0.0381382 0.0654868 9.99298E-05 0.00524809 9.99298E-05 9.99298E-05 9.99298E-05 0.0216919 0.868636 9.99298E-05 9.99298E-05 9.99298E-05
9.99386E-05 0.00853035 9.99386E-05 9.99386E-05 0.0454187 0.117196 9.99386E-05 0.0116464 9.99386E-05 9.99386E-05 0.587515 9.99386E-05 0.228994
0.0845704 9.99299E-05 9.99299E-05 9.99299E-05 9.99299E-05 0.135238 9.99299E-05 0.0175499 9.99299E-05 0.0438174 0.718025 9.99299E-05 9.99299E-05
9.99386E-05 9.99386E-05 9.99386E-05 9.99386E-05 9.99386E-05 0.0976548 0.198188 0.124773 9.99386E-05 0.0383914 0.52291 9.99386E-05 0.0173833
0.0378169 9.99561E-05 9.99561E-05 0.17462 0.101765 0.406507 9.99561E-05 0.0275776 0.069984 9.99561E-05 0.0948236 9.99561E-05 0.0864069
9.99473E-05 9.99473E-05 9.99473E-05 9.99473E-05 0.0938262 0.0403969 9.99473E-05 0.0894413 0.00702773 9.99473E-05 0.547185 0.0819643 0.139559
0.00382016 9.99296E-05 9.99296E-05 0.0581213 9.99296E-05 0.0712447 9.99296E-05 9.99296E-05 9.99296E-05 9.99296E-05 0.608372 9.99296E-05 0.257643
9.99297E-05 0.0655908 9.99297E-05 9.99297E-05 9.99297E-05 0.42869 9.99297E-05 0.0161907 9.99297E-05 9.99297E-05 0.330773 9.99297E-05 0.157956
0.0408554 9.99473E-05 9.99473E-05 0.0810222 0.040269 0.240013 9.99473E-05 0.136613 9.99473E-05 9.99473E-05 0.284079 9.99473E-05 0.176549
0.00100338 9.99386E-05 9.99386E-05 9.99386E-05 9.99386E-05 0.163965 0.0840066 0.0369507 9.99386E-05 9.99386E-05 0.673643 9.99386E-05 0.0397317
9.99386E-05 0.0796634 9.99386E-05 9.99386E-05 9.99386E-05 0.102291 9.99386E-05 0.0334539 9.99386E-05 0.0332343 0.669714 9.99386E-05 0.0809431
9.99385E-05 0.135792 9.99385E-05 9.99385E-05 0.0939995 9.99385E-05 9.99385E-05 0.0756348 9.99385E-05 9.99385E-05 0.332681 0.0494187 0.311774
9.99385E-05 0.0662166 9.99385E-05 9.99385E-05 9.99385E-05 0.1849 9.99385E-05 0.0195546 0.115638 9.99385E-05 0.519859 9.99385E-05 0.0931323
9.99648E-05 0.129557 0.147388 0.186006 0.099738 0.0107209 9.99648E-05 0.00174537 0.0621264 9.99648E-05 0.282233 9.99648E-05 0.0800852
0.013475 9.99561E-05 0.032012 0.0287036 0.0194772 0.123817 9.99561E-05 9.99561E-05 0.0388531 9.99561E-05 0.488549 9.99561E-05 0.254613
0.0259241 0.075489 9.99475E-05 0.183706 9.99475E-05 0.109815 9.99475E-05 9.99475E-05 0.0160733 0.049364 0.539029 9.99475E-05 9.99475E-05
9.99474E-05 0.0561101 0.0220122 9.99474E-05 0.00937975 0.12809 0.10219 0.0785734 9.99474E-05 9.99474E-05 0.603045 9.99474E-05 9.99474E-05
9.99386E-05 9.99386E-05 9.99386E-05 0.153167 9.99386E-05 0.0867931 9.99386E-05 0.0955231 0.106984 9.99386E-05 0.501787 9.99386E-05 0.0550455
9.99297E-05 0.139608 0.0055677 9.99297E-05 0.0423567 9.99297E-05 9.99297E-05 0.0630367 9.99297E-05 9.99297E-05 0.748632 9.99297E-05 9.99297E-05
9.99298E-05 0.0232948 9.99298E-05 9.99298E-05 9.99298E-05 9.99298E-05 9.99298E-05 0.152673 9.99298E-05 0.0452992 0.595555 9.99298E-05 0.182378
9.99473E-05 9.99473E-05 9.99473E-05 0.0695565 9.99473E-05 0.0448456 9.99473E-05 0.0447772 0.117376 9.99473E-05 0.401317 0.00961678 0.311911
9.99387E-05 9.99387E-05 9.99387E-05 9.99387E-05 9.99387E-05 0.0528841 0.203658 9.99387E-05 0.0534944 0.0134775 0.572073 9.99387E-05 0.103714
9.99297E-05 9.99297E-05 9.99297E-05 0.0497336 9.99297E-05 0.0338546 9.99297E-05 0.00345266 9.99297E-05 9.99297E-05 0.793177 9.99297E-05 0.118983
9.99298E-05 9.99298E-05 9.99298E-05 0.268939 9.99298E-05 0.114389 9.99298E-05 9.99298E-05 9.99298E-05 0.0631726 0.484065 9.99298E-05 0.0686347
0.0177054 9.99561E-05 0.0884935 0.0863313 0.10093 0.0279437 9.99561E-05 0.152205 9.99561E-05 9.99561E-05 0.485144 9.99561E-05 0.040747
9.99385E-05 0.176656 9.99385E-05 9.99385E-05 0.0012926 9.99385E-05 0.000725133 9.99385E-05 9.99385E-05 0.00192226 0.703413 9.99385E-05 0.115292
9.99386E-05 0.0575301 9.99386E-05 9.99386E-05 9.99386E-05 0.111652 0.0844705 9.99386E-05 9.99386E-05 0.161257 0.517507 9.99386E-05 0.0668844
9.99211E-05 9.99211E-05 9.99211E-05 9.99211E-05 9.99211E-05 9.99211E-05 0.102986 0.0398623 9.99211E-05 0.0213631 0.83489 9.99211E-05 9.99211E-05
0.00114923 9.99299E-05 9.99299E-05 9.99299E-05 9.99299E-05 0.0820915 0.0664953 9.99299E-05 9.99299E-05 9.99299E-05 0.740772 9.99299E-05 0.108693
9.99387E-05 9.99387E-05 9.99387E-05 0.00921042 0.0707555 0.0450541 9.99387E-05 0.15748 9.99387E-05 9.99387E-05 0.63529 9.99387E-05 0.0815113
9.99561E-05 9.99561E-05 9.99561E-05 9.99561E-05 0.109921 0.0168353 0.195392 9.99561E-05 0.0316442 0.114618 0.274841 0.109954 0.146294
9.99122E-05 9.99122E-05 9.99122E-05 0.820338 0.124251 9.99122E-05 9.99122E-05 9.99122E-05 9.99122E-05 9.99122E-05 9.99122E-05 9.99122E-05 0.0544119
9.99211E-05 9.99211E-05 9.99211E-05 0.608501 0.00392364 9.99211E-05 0.349277 9.99211E-05 9.99211E-05 9.99211E-05 9.99211E-05 9.99211E-05 0.0373997
9.99034E-05 9.99034E-05 9.99034E-05 0.90565 9.99034E-05 9.99034E-05 9.99034E-05 9.99034E-05 9.99034E-05 9.99034E-05 9.99034E-05 9.99034E-05 0.0932507
9.99209E-05 0.0367001 9.99209E-05 0.783573 0.0677577 9.99209E-05 9.99209E-05 9.99209E-05 9.99209E-05 9.99209E-05 9.99209E-05 9.99209E-05 0.111069
9.99033E-05 9.99033E-05 9.99033E-05 0.918781 0.0801197 9.99033E-05 9.99033E-05 9.99033E-05 9.99033E-05 9.99033E-05 9.99033E-05 9.99033E-05 9.99033E-05
9.9921E-05 9.9921E-05 9.9921E-05 0.650927 0.163649 0.00445911 9.9921E-05 9.9921E-05 9.9921E-05 9.9921E-05 9.9921E-05 9.9921E-05 0.180066
9.9921E-05 9.9921E-05 9.9921E-05 0.777163 0.0793299 9.9921E-05 9.9921E-05 9.9921E-05 9.9921E-05 9.9921E-05 0.0666939 9.9921E-05 0.0759139
9.99034E-05 9.99034E-05 9.99034E-05 0.761066 0.237835 9.99034E-05 9.99034E-05 9.99034E-05 9.99034E-05 9.99034E-05 9.99034E-05 9.99034E-05 9.99034E-05
9.99209E-05 9.99209E-05 9.99209E-05 0.403822 0.340703 0.227731 9.99209E-05 9.99209E-05 9.99209E-05 9.99209E-05 9.99209E-05 9.99209E-05 0.0268446
9.99122E-05 9.99122E-05 9.99122E-05 0.500991 0.254258 9.99122E-05 9.99122E-05 9.99122E-05 9.99122E-05 9.99122E-05 9.99122E-05 9.99122E-05 0.243751
9.9921E-05 9.9921E-05 9.9921E-05 0.552513 0.0340284 0.25924 0.153319 9.9921E-05 9.9921E-05 9.9921E-05 9.9921E-05 9.9921E-05 9.9921E-05
9.99298E-05 0.00190644 9.99298E-05 0.768524 9.99298E-05 0.163282 0.00946984 9.99298E-05 9.99298E-05 9.99298E-05 9.99298E-05 9.99298E-05 0.0560185
9.99035E-05 9.99035E-05 9.99035E-05 0.93314 0.0657613 9.99035E-05 9.99035E-05 9.99035E-05 9.99035E-05 9.99035E-05 9.99035E-05 9.99035E-05 9.99035E-05
0.0235053 9.99211E-05 9.99211E-05 0.694313 0.103106 9.99211E-05 9.99211E-05 9.99211E-05 9.99211E-05 9.99211E-05 9.99211E-05 9.99211E-05 0.178177
9.99649E-05 0.00791657 9.99649E-05 0.606702 0.055803 0.0186066 0.0686275 0.134067 0.0682542 9.99649E-05 9.99649E-05 0.0105146 0.029108
9.99386E-05 0.0860689 9.99386E-05 0.647079 0.098646 9.99386E-05 9.99386E-05 0.00670778 0.0151097 9.99386E-05 9.99386E-05 9.99386E-05 0.145689
9.99298E-05 9.99298E-05 9.99298E-05 0.618703 0.00860287 0.211116 9.99298E-05 9.99298E-05 9.99298E-05 9.99298E-05 9.99298E-05 0.0843526 0.076426
0.0144922 0.0460298 0.0964456 0.72468 0.0498612 9.99562E-05 9.99562E-05 9.99562E-05 0.0277355 0.0248516 0.0154039 9.99562E-05 9.99562E-05
9.99035E-05 9.99035E-05 9.99035E-05 0.996156 0.00274468 9.99035E-05 9.99035E-05 9.99035E-05 9.99035E-05 9.99035E-05 9.99035E-05 9.99035E-05 9.99035E-05
9.99298E-05 9.99298E-05 9.99298E-05 0.546474 0.110244 9.99298E-05 0.142329 9.99298E-05 9.99298E-05 9.99298E-05 9.99298E-05 0.0997289 0.100424
9.99298E-05 9.99298E-05 0.00272026 0.776196 0.0470111 0.0728708 9.99298E-05 9.99298E-05 9.99298E-05 9.99298E-05 9.99298E-05 9.99298E-05 0.100402
9.99122E-05 9.99122E-05 9.99122E-05 0.952236 0.0396455 9.99122E-05 9.99122E-05 9.99122E-05 9.99122E-05 9.99122E-05 9.99122E-05 9.99122E-05 0.00711946
9.99298E-05 9.99298E-05 9.99298E-05 0.404721 0.151417 0.0827024 9.99298E-05 9.99298E-05 9.99298E-05 9.99298E-05 9.99298E-05 0.110956 0.249404
9.9921E-05 9.9921E-05 9.9921E-05 0.747524 0.190375 9.9921E-05 0.0584182 9.9921E-05 9.9921E-05 9.9921E-05 9.9921E-05 9.9921E-05 0.0027837
9.99297E-05 9.99297E-05 9.99297E-05 0.391078 0.227208 0.0805114 9.99297E-05 9.99297E-05 9.99297E-05 9.99297E-05 9.99297E-05 0.100495 0.199907
9.99298E-05 9.99298E-05 9.99298E-05 0.352042 0.157366 0.0877883 0.261429 9.99298E-05 9.99298E-05 9.99298E-05 9.99298E-05 9.99298E-05 0.140575
0.112536 9.99297E-05 9.99297E-05 0.32248 9.99297E-05 9.99297E-05 0.499171 9.99297E-05 9.99297E-05 9.99297E-05 9.99297E-05 0.0157174 0.0492964
9.99121E-05 9.99121E-05 9.99121E-05 0.838392 0.0791927 9.99121E-05 9.99121E-05 9.99121E-05 9.99121E-05 9.99121E-05 9.99121E-05 9.99121E-05 0.0814161
9.99123E-05 9.99123E-05 9.99123E-05 0.563705 0.231581 9.99123E-05 9.99123E-05 9.99123E-05 9.99123E-05 9.99123E-05 9.99123E-05 9.99123E-05 0.203715
9.99298E-05 0.0153499 9.99298E-05 0.861446 0.00300096 9.99298E-05 9.99298E-05 9.99298E-05 9.99298E-05 9.99298E-05 9.99298E-05 0.0354277 0.0839757
9.99211E-05 0.00981265 9.99211E-05 0.775306 0.0301919 9.99211E-05 9.99211E-05 9.99211E-05 9.99211E-05 9.99211E-05 9.99211E-05 9.99211E-05 0.18379
9.9921E-05 0.0123263 9.9921E-05 0.914973 9.9921E-05 9.9921E-05 9.9921E-05 9.9921E-05 0.021249 9.9921E-05 9.9921E-05 0.0505519 9.9921E-05
9.99297E-05 0.00181514 9.99297E-05 0.459296 0.258022 9.99297E-05 9.99297E-05 9.99297E-05 9.99297E-05 9.99297E-05 9.99297E-05 0.178926 0.101141
9.99121E-05 9.99121E-05 9.99121E-05 0.862357 9.99121E-05 9.99121E-05 9.99121E-05 9.99121E-05 9.99121E-05 9.99121E-05 9.99121E-05 0.0434865 0.0931575
9.99035E-05 9.99035E-05 9.99035E-05 0.933836 9.99035E-05 9.99035E-05 9.99035E-05 9.99035E-05 9.99035E-05 9.99035E-05 9.99035E-05 9.99035E-05 0.0650649
9.99298E-05 9.99298E-05 9.99298E-05 0.795267 0.0520067 0.0155999 0.0465156 9.99298E-05 0.0898115 9.99298E-05 9.99298E-05 9.99298E-05 9.99298E-05
9.99209E-05 9.99209E-05 9.99209E-05 0.569462 0.147753 9.99209E-05 9.99209E-05 0.104095 9.99209E-05 9.99209E-05 9.99209E-05 9.99209E-05 0.17779
9.99209E-05 9.99209E-05 0.00878272 0.49188 0.0888617 9.99209E-05 0.409577 9.99209E-05 9.99209E-05 9.99209E-05 9.99209E-05 9.99209E-05 9.99209E-05
9.99211E-05 9.99211E-05 9.99211E-05 0.820525 0.0337698 9.99211E-05 0.127086 9.99211E-05 9.99211E-05 9.99211E-05 9.99211E-05 9.99211E-05 0.0177204
9.99123E-05 9.99123E-05 9.99123E-05 0.794842 0.0354423 9.99123E-05 0.168716 9.99123E-05 9.99123E-05 9.99123E-05 9.99123E-05 9.99123E-05 9.99123E-05
9.99123E-05 9.99123E-05 9.99123E-05 0.662314 9.99123E-05 0.0395578 0.297129 9.99123E-05 9.99123E-05 9.99123E-05 9.99123E-05 9.99123E-05 9.99123E-05
9.99385E-05 0.0230458 0.0318362 0.467356 0.10856 0.0505908 9.99385E-05 9.99385E-05 9.99385E-05 9.99385E-05 9.99385E-05 9.99385E-05 0.317913
9.99035E-05 9.99035E-05 9.99035E-05 0.885547 0.113354 9.99035E-05 9.99035E-05 9.99035E-05 9.99035E-05 9.99035E-05 9.99035E-05 9.99035E-05 9.99035E-05
9.99298E-05 9.99298E-05 9.99298E-05 0.399141 0.1509 9.99298E-05 0.341238 9.99298E-05 9.99298E-05 9.99298E-05 9.99298E-05 0.0654778 0.0424438
9.9921E-05 9.9921E-05 9.9921E-05 0.553813 9.9921E-05 9.9921E-05 0.359071 9.9921E-05 9.9921E-05 0.0187632 9.9921E-05 9.9921E-05 0.0674538
9.99297E-05 9.99297E-05 9.99297E-05 0.551871 0.195882 0.1325 9.99297E-05 0.00223104 9.99297E-05 9.99297E-05 9.99297E-05 0.116717 9.99297E-05
9.99473E-05 0.0201053 9.99473E-05 0.573374 0.145365 9.99473E-05 0.0434492 0.0197496 9.99473E-05 9.99473E-05 0.0677491 9.99473E-05 0.129608
0.0244907 9.99387E-05 9.99387E-05 0.583575 0.186184 0.0840695 9.99387E-05 9.99387E-05 0.0452233 9.99387E-05 9.99387E-05 9.99387E-05 0.0757576
9.9921E-05 9.9921E-05 9.9921E-05 0.464014 0.255532 9.9921E-05 9.9921E-05 9.9921E-05 9.9921E-05 9.9921E-05 0.051745 9.9921E-05 0.227809
9.99122E-05 9.99122E-05 9.99122E-05 0.542881 9.99122E-05 9.99122E-05 0.402377 9.99122E-05 9.99122E-05 9.99122E-05 9.99122E-05 9.99122E-05 0.0537427
9.99385E-05 0.00671506 0.0202202 0.750526 9.99385E-05 9.99385E-05 9.99385E-05 9.99385E-05 0.0603649 9.99385E-05 9.99385E-05 0.00917103 0.152304
9.9921E-05 9.9921E-05 9.9921E-05 0.356908 0.136527 9.9921E-05 0.488204 9.9921E-05 9.9921E-05 9.9921E-05 9.9921E-05 9.9921E-05 0.0174625
9.99298E-05 0.00578716 9.99298E-05 0.612904 0.124031 9.99298E-05 0.156999 9.99298E-05 9.99298E-05 9.99298E-05 9.99298E-05 9.99298E-05 0.0994791
9.9921E-05 9.9921E-05 9.9921E-05 0.893004 0.0300012 9.9921E-05 9.9921E-05 0.0487743 0.0273213 9.9921E-05 9.9921E-05 9.9921E-05 9.9921E-05
9.99121E-05 0.0386263 9.99121E-05 0.918368 9.99121E-05 9.99121E-05 9.99121E-05 0.0420065 9.99121E-05 9.99121E-05 9.99121E-05 9.99121E-05 9.99121E-05
9.99209E-05 9.99209E-05 9.99209E-05 0.480935 0.239099 0.14781 9.99209E-05 9.99209E-05 9.99209E-05 9.99209E-05 9.99209E-05 9.99209E-05 0.131257
9.99121E-05 9.99121E-05 9.99121E-05 0.807068 0.108099 9.99121E-05 9.99121E-05 9.99121E-05 9.99121E-05 9.99121E-05 9.99121E-05 9.99121E-05 0.0838341
0.0242525 9.99385E-05 0.00468383 0.917773 0.00390502 9.99385E-05 9.99385E-05 9.99385E-05 9.99385E-05 9.99385E-05 9.99385E-05 0.0348661 0.0138196
9.99035E-05 9.99035E-05 9.99035E-05 0.874205 9.99035E-05 9.99035E-05 9.99035E-05 9.99035E-05 9.99035E-05 9.99035E-05 9.99035E-05 0.124696 9.99035E-05
9.9921E-05 9.9921E-05 9.9921E-05 0.656585 0.217605 0.0527441 0.0721665 9.9921E-05 9.9921E-05 9.9921E-05 9.9921E-05 9.9921E-05 9.9921E-05
9.98945E-05 9.98945E-05 9.98945E-05 9.98945E-05 9.98945E-05 9.98945E-05 9.98945E-05 9.98945E-05 9.98945E-05 9.98945E-05 9.98945E-05 9.98945E-05 0.998801
9.98945E-05 9.98945E-05 9.98945E-05 9.98945E-05 0.998801 9.98945E-05 9.98945E-05 9.98945E-05 9.98945E-05 9.98945E-05 9.98945E-05 9.98945E-05 9.98945E-05
9.98944E-05 9.98944E-05 9.98944E-05 9.98944E-05 9.98944E-05 9.98944E-05 9.98944E-05 9.98944E-05 9.98944E-05 9.98944E-05 9.98944E-05 9.98944E-05 0.998801
9.98944E-05 9.98944E-05 9.98944E-05 9.98944E-05 0.998801 9.98944E-05 9.98944E-05 9.98944E-05 9.98944E-05 9.98944E-05 9.98944E-05 9.98944E-05 9.98944E-05
9.98945E-05 9.98945E-05 9.98945E-05 9.98945E-05 0.998801 9.98945E-05 9.98945E-05 9.98945E-05 9.98945E-05 9.98945E-05 9.98945E-05 9.98945E-05 9.98945E-05
9.98945E-05 9.98945E-05 9.98945E-05 9.98945E-05 0.998801 9.98945E-05 9.98945E-05 9.98945E-05 9.98945E-05 9.98945E-05 9.98945E-05 9.98945E-05 9.98945E-05
9.98945E-05 9.98945E-05 9.98945E-05 9.98945E-05 9.98945E-05 9.98945E-05 9.98945E-05 9.98945E-05 9.98945E-05 9.98945E-05 9.98945E-05 9.98945E-05 0.998801
9.98944E-05 9.98944E-05 9.98944E-05 9.98944E-05 0.998801 9.98944E-05 9.98944E-05 9.98944E-05 9.98944E-05 9.98944E-05 9.98944E-05 9.98944E-05 9.98944E-05
9.98944E-05 9.98944E-05 9.98944E-05 9.98944E-05 0.998801 9.98944E-05 9.98944E-05 9.98944E-05 9.98944E-05 9.98944E-05 9.98944E-05 9.98944E-05 9.98944E-05
9.98944E-05 9.98944E-05 9.98944E-05 9.98944E-05 9.98944E-05 9.98944E-05 9.98944E-05 9.98944E-05 9.98944E-05 9.98944E-05 9.98944E-05 9.98944E-05 0.998801
9.98944E-05 9.98944E-05 9.98944E-05 9.98944E-05 9.98944E-05 9.98944E-05 9.98944E-05 9.98944E-05 9.98944E-05 9.98944E-05 9.98944E-05 9.98944E-05 0.998801
9.98944E-05 9.98944E-05 9.98944E-05 9.98944E-05 9.98944E-05 9.98944E-05 9.98944E-05 9.98944E-05 9.98944E-05 9.98944E-05 9.98944E-05 9.98944E-05 0.998801
9.98944E-05 9.98944E-05 9.98944E-05 9.98944E-05 0.998801 9.98944E-05 9.98944E-05 9.98944E-05 9.98944E-05 9.98944E-05 9.98944E-05 9.98944E-05 9.98944E-05
9.98945E-05 9.98945E-05 9.98945E-05 9.98945E-05 0.998801 9.98945E-05 9.98945E-05 9.98945E-05 9.98945E-05 9.98945E-05 9.98945E-05 9.98945E-05 9.98945E-05
9.98945E-05 9.98945E-05 9.98945E-05 9.98945E-05 9.98945E-05 9.98945E-05 9.98945E-05 9.98945E-05 9.98945E-05 9.98945E-05 9.98945E-05 9.98945E-05 0.998801
9.98944E-05 9.98944E-05 9.98944E-05 9.98944E-05 9.98944E-05 9.98944E-05 9.98944E-05 9.98944E-05 9.98944E-05 9.98944E-05 9.98944E-05 9.98944E-05 0.998801
0.059435 9.99473E-05 0.00306489 0.642635 0.0500989 9.99473E-05 9.99473E-05 9.99473E-05 0.0732234 9.99473E-05 9.99473E-05 0.0413814 0.129562
9.98944E-05 9.98944E-05 9.98944E-05 9.98944E-05 9.98944E-05 9.98944E-05 9.98944E-05 9.98944E-05 9.98944E-05 9.98944E-05 9.98944E-05 9.98944E-05 0.998801
9.98944E-05 9.98944E-05 9.98944E-05 9.98944E-05 0.998801 9.98944E-05 9.98944E-05 9.98944E-05 9.98944E-05 9.98944E-05 9.98944E-05 9.98944E-05 9.98944E-05
9.98944E-05 9.98944E-05 9.98944E-05 9.98944E-05 9.98944E-05 9.98944E-05 9.98944E-05 9.98944E-05 9.98944E-05 9.98944E-05 9.98944E-05 9.98944E-05 0.998801
9.98944E-05 9.98944E-05 9.98944E-05 9.98944E-05 9.98944E-05 9.98944E-05 9.98944E-05 9.98944E-05 9.98944E-05 9.98944E-05 9.98944E-05 9.98944E-05 0.998801
9.98944E-05 9.98944E-05 9.98944E-05 9.98944E-05 9.98944E-05 9.98944E-05 9.98944E-05 9.98944E-05 9.98944E-05 9.98944E-05 9.98944E-05 9.98944E-05 0.998801
9.98945E-05 9.98945E-05 9.98945E-05 9.98945E-05 0.998801 9.98945E-05 9.98945E-05 9.98945E-05 9.98945E-05 9.98945E-05 9.98945E-05 9.98945E-05 9.98945E-05
9.98944E-05 9.98944E-05 9.98944E-05 9.98944E-05 9.98944E-05 9.98944E-05 9.98944E-05 9.98944E-05 9.98944E-05 9.98944E-05 9.98944E-05 9.98944E-05 0.998801
9.98944E-05 9.98944E-05 9.98944E-05 9.98944E-05 0.998801 9.98944E-05 9.98944E-05 9.98944E-05 9.98944E-05 9.98944E-05 9.98944E-05 9.98944E-05 9.98944E-05
9.98944E-05 9.98944E-05 9.98944E-05 9.98944E-05 9.98944E-05 9.98944E-05 9.98944E-05 9.98944E-05 9.98944E-05 9.98944E-05 9.98944E-05 9.98944E-05 0.998801
9.98944E-05 9.98944E-05 9.98944E-05 9.98944E-05 9.98944E-05 9.98944E-05 9.98944E-05 9.98944E-05 9.98944E-05 9.98944E-05 9.98944E-05 9.98944E-05 0.998801
9.98944E-05 9.98944E-05 9.98944E-05 9.98944E-05 0.998801 9.98944E-05 9.98944E-05 9.98944E-05 9.98944E-05 9.98944E-05 9.98944E-05 9.98944E-05 9.98944E-05
9.98945E-05 9.98945E-05 9.98945E-05 9.98945E-05 0.998801 9.98945E-05 9.98945E-05 9.98945E-05 9.98945E-05 9.98945E-05 9.98945E-05 9.98945E-05 9.98945E-05
9.98944E-05 9.98944E-05 9.98944E-05 9.98944E-05 0.998801 9.98944E-05 9.98944E-05 9.98944E-05 9.98944E-05 9.98944E-05 9.98944E-05 9.98944E-05 9.98944E-05
9.98945E-05 9.98945E-05 9.98945E-05 9.98945E-05 9.98945E-05 9.98945E-05 9.98945E-05 9.98945E-05 9.98945E-05 9.98945E-05 9.98945E-05 9.98945E-05 0.998801
9.98945E-05 9.98945E-05 9.98945E-05 9.98945E-05 9.98945E-05 9.98945E-05 9.98945E-05 9.98945E-05 9.98945E-05 9.98945E-05 9.98945E-05 9.98945E-05 0.998801
9.98945E-05 9.98945E-05 9.98945E-05 9.98945E-05 9.98945E-05 9.98945E-05 9.98945E-05 9.98945E-05 9.98945E-05 9.98945E-05 9.98945E-05 9.98945E-05 0.998801
9.98944E-05 9.98944E-05 9.98944E-05 9.98944E-05 9.98944E-05 9.98944E-05 9.98944E-05 9.98944E-05 9.98944E-05 9.98944E-05 9.98944E-05 9.98944E-05 0.998801
9.98944E-05 9.98944E-05 9.98944E-05 9.98944E-05 9.98944E-05 9.98944E-05 9.98944E-05 9.98944E-05 9.98944E-05 9.98944E-05 9.98944E-05 9.98944E-05 0.998801
9.98945E-05 9.98945E-05 9.98945E-05 9.98945E-05 0.998801 9.98945E-05 9.98945E-05 9.98945E-05 9.98945E-05 9.98945E-05 9.98945E-05 9.98945E-05 9.98945E-05
9.98944E-05 9.98944E-05 9.98944E-05 9.98944E-05 0.998801 9.98944E-05 9.98944E-05 9.98944E-05 9.98944E-05 9.98944E-05 9.98944E-05 9.98944E-05 9.98944E-05
9.98945E-05 9.98945E-05 9.98945E-05 9.98945E-05 0.998801 9.98945E-05 9.98945E-05 9.98945E-05 9.98945E-05 9.98945E-05 9.98945E-05 9.98945E-05 9.98945E-05
9.98944E-05 9.98944E-05 9.98944E-05 9.98944E-05 9.98944E-05 9.98944E-05 9.98944E-05 9.98944E-05 9.98944E-05 9.98944E-05 9.98944E-05 9.98944E-05 0.998801
9.98944E-05 9.98944E-05 9.98944E-05 9.98944E-05 0.998801 9.98944E-05 9.98944E-05 9.98944E-05 9.98944E-05 9.98944E-05 9.98944E-05 9.98944E-05 9.98944E-05
9.98945E-05 9.98945E-05 9.98945E-05 9.98945E-05 0.998801 9.98945E-05 9.98945E-05 9.98945E-05 9.98945E-05 9.98945E-05 9.98945E-05 9.98945E-05 9.98945E-05
9.98945E-05 9.98945E-05 9.98945E-05 9.98945E-05 0.998801 9.98945E-05 9.98945E-05 9.98945E-05 9.98945E-05 9.98945E-05 9.98945E-05 9.98945E-05 9.98945E-05
9.98945E-05 9.98945E-05 9.98945E-05 9.98945E-05 0.998801 9.98945E-05 9.98945E-05 9.98945E-05 9.98945E-05 9.98945E-05 9.98945E-05 9.98945E-05 9.98945E-05
9.98945E-05 9.98945E-05 9.98945E-05 9.98945E-05 9.98945E-05 9.98945E-05 9.98945E-05 9.98945E-05 9.98945E-05 9.98945E-05 9.98945E-05 9.98945E-05 0.998801
9.98945E-05 9.98945E-05 9.98945E-05 9.98945E-05 0.998801 9.98945E-05 9.98945E-05 9.98945E-05 9.98945E-05 9.98945E-05 9.98945E-05 9.98945E-05 9.98945E-05
9.98944E-05 9.98944E-05 9.98944E-05 9.98944E-05 0.998801 9.98944E-05 9.98944E-05 9.98944E-05 9.98944E-05 9.98944E-05 9.98944E-05 9.98944E-05 9.98944E-05
9.99385E-05 9.99385E-05 9.99385E-05 0.568298 0.0263792 9.99385E-05 9.99385E-05 0.063432 0.137799 9.99385E-05 9.99385E-05 0.0400422 0.16335
9.98944E-05 9.98944E-05 9.98944E-05 9.98944E-05 9.98944E-05 9.98944E-05 9.98944E-05 9.98944E-05 9.98944E-05 9.98944E-05 9.98944E-05 9.98944E-05 0.998801
9.98944E-05 9.98944E-05 9.98944E-05 9.98944E-05 0.998801 9.98944E-05 9.98944E-05 9.98944E-05 9.98944E-05 9.98944E-05 9.98944E-05 9.98944E-05 9.98944E-05
9.98945E-05 9.98945E-05 9.98945E-05 9.98945E-05 0.998801 9.98945E-05 9.98945E-05 9.98945E-05 9.98945E-05 9.98945E-05 9.98945E-05 9.98945E-05 9.98945E-05
9.98945E-05 9.98945E-05 9.98945E-05 9.98945E-05 0.998801 9.98945E-05 9.98945E-05 9.98945E-05 9.98945E-05 9.98945E-05 9.98945E-05 9.98945E-05 9.98945E-05
9.98945E-05 9.98945E-05 9.98945E-05 9.98945E-05 0.998801 9.98945E-05 9.98945E-05 9.98945E-05 9.98945E-05 9.98945E-05 9.98945E-05 9.98945E-05 9.98945E-05
9.98944E-05 9.98944E-05 9.98944E-05 9.98944E-05 9.98944E-05 9.98944E-05 9.98944E-05 9.98944E-05 9.98944E-05 9.98944E-05 9.98944E-05 9.98944E-05 0.998801
9.98945E-05 9.98945E-05 9.98945E-05 9.98945E-05 0.998801 9.98945E-05 9.98945E-05 9.98945E-05 9.98945E-05 9.98945E-05 9.98945E-05 9.98945E-05 9.98945E-05
9.98944E-05 9.98944E-05 9.98944E-05 9.98944E-05 9.98944E-05 9.98944E-05 9.98944E-05 9.98944E-05 9.98944E-05 9.98944E-05 9.98944E-05 9.98944E-05 0.998801
9.98945E-05 9.98945E-05 9.98945E-05 9.98945E-05 0.998801 9.98945E-05 9.98945E-05 9.98945E-05 9.98945E-05 9.98945E-05 9.98945E-05 9.98945E-05 9.98945E-05
9.98944E-05 9.98944E-05 9.98944E-05 9.98944E-05 9.98944E-05 9.98944E-05 9.98944E-05 9.98944E-05 9.98944E-05 9.98944E-05 9.98944E-05 9.98944E-05 0.998801
9.98946E-05 9.98946E-05 9.98946E-05 9.98946E-05 0.998801 9.98946E-05 9.98946E-05 9.98946E-05 9.98946E-05 9.98946E-05 9.98946E-05 9.98946E-05 9.98946E-05
9.98944E-05 9.98944E-05 9.98944E-05 9.98944E-05 0.998801 9.98944E-05 9.98944E-05 9.98944E-05 9.98944E-05 9.98944E-05 9.98944E-05 9.98944E-05 9.98944E-05
9.98944E-05 9.98944E-05 9.98944E-05 9.98944E-05 0.998801 9.98944E-05 9.98944E-05 9.98944E-05 9.98944E-05 9.98944E-05 9.98944E-05 9.98944E-05 9.98944E-05
9.98945E-05 9.98945E-05 9.98945E-05 9.98945E-05 0.998801 9.98945E-05 9.98945E-05 9.98945E-05 9.98945E-05 9.98945E-05 9.98945E-05 9.98945E-05 9.98945E-05
9.98945E-05 9.98945E-05 9.98945E-05 9.98945E-05 0.998801 9.98945E-05 9.98945E-05 9.98945E-05 9.98945E-05 9.98945E-05 9.98945E-05 9.98945E-05 9.98945E-05
9.98945E-05 9.98945E-05 9.98945E-05 9.98945E-05 0.998801 9.98945E-05 9.98945E-05 9.98945E-05 9.98945E-05 9.98945E-05 9.98945E-05 9.98945E-05 9.98945E-05
9.98944E-05 9.98944E-05 9.98944E-05 9.98944E-05 9.98944E-05 9.98944E-05 9.98944E-05 9.98944E-05 9.98944E-05 9.98944E-05 9.98944E-05 9.98944E-05 0.998801
9.98944E-05 9.98944E-05 9.98944E-05 9.98944E-05 9.98944E-05 9.98944E-05 9.98944E-05 9.98944E-05 9.98944E-05 9.98944E-05 9.98944E-05 9.98944E-05 0.998801
9.98944E-05 9.98944E-05 9.98944E-05 9.98944E-05 9.98944E-05 9.98944E-05 9.98944E-05 9.98944E-05 9.98944E-05 9.98944E-05 9.98944E-05 9.98944E-05 0.998801
9.98944E-05 9.98944E-05 9.98944E-05 9.98944E-05 0.998801 9.98944E-05 9.98944E-05 9.98944E-05 9.98944E-05 9.98944E-05 9.98944E-05 9.98944E-05 9.98944E-05
9.98944E-05 9.98944E-05 9.98944E-05 9.98944E-05 9.98944E-05 9.98944E-05 9.98944E-05 9.98944E-05 9.98944E-05 9.98944E-05 9.98944E-05 9.98944E-05 0.998801
9.98944E-05 9.98944E-05 9.98944E-05 9.98944E-05 9.98944E-05 9.98944E-05 9.98944E-05 9.98944E-05 9.98944E-05 9.98944E-05 9.98944E-05 9.98944E-05 0.998801
9.98945E-05 9.98945E-05 9.98945E-05 9.98945E-05 9.98945E-05 9.98945E-05 9.98945E-05 9.98945E-05 9.98945E-05 9.98945E-05 9.98945E-05 9.98945E-05 0.998801
9.98945E-05 9.98945E-05 9.98945E-05 9.98945E-05 0.998801 9.98945E-05 9.98945E-05 9.98945E-05 9.98945E-05 9.98945E-05 9.98945E-05 9.98945E-05 9.98945E-05
9.98945E-05 9.98945E-05 9.98945E-05 9.98945E-05 0.998801 9.98945E-05 9.98945E-05 9.98945E-05 9.98945E-05 9.98945E-05 9.98945E-05 9.98945E-05 9.98945E-05
9.98944E-05 9.98944E-05 9.98944E-05 9.98944E-05 0.998801 9.98944E-05 9.98944E-05 9.98944E-05 9.98944E-05 9.98944E-05 9.98944E-05 9.98944E-05 9.98944E-05
9.98945E-05 9.98945E-05 9.98945E-05 9.98945E-05 9.98945E-05 9.98945E-05 9.98945E-05 9.98945E-05 9.98945E-05 9.98945E-05 9.98945E-05 9.98945E-05 0.998801
9.98945E-05 9.98945E-05 9.98945E-05 9.98945E-05 0.998801 9.98945E-05 9.98945E-05 9.98945E-05 9.98945E-05 9.98945E-05 9.98945E-05 9.98945E-05 9.98945E-05
9.98944E-05 9.98944E-05 9.98944E-05 9.98944E-05 0.998801 9.98944E-05 9.98944E-05 9.98944E-05 9.98944E-05 9.98944E-05 9.98944E-05 9.98944E-05 9.98944E-05
9.98945E-05 9.98945E-05 9.98945E-05 9.98945E-05 9.98945E-05 9.98945E-05 9.98945E-05 9.98945E-05 9.98945E-05 9.98945E-05 9.98945E-05 9.98945E-05 0.998801
9.98945E-05 9.98945E-05 9.98945E-05 9.98945E-05 0.998801 9.98945E-05 9.98945E-05 9.98945E-05 9.98945E-05 9.98945E-05 9.98945E-05 9.98945E-05 9.98945E-05
9.98944E-05 9.98944E-05 9.98944E-05 9.98944E-05 0.998801 9.98944E-05 9.98944E-05 9.98944E-05 9.98944E-05 9.98944E-05 9.98944E-05 9.98944E-05 9.98944E-05
9.995E-05 0.100003 9.995E-05 0.378544 0.018935 0.0525235 9.995E-05 0.00119497 0.0683002 9.995E-05 9.995E-05 0.0539967 0.326003
9.98945E-05 9.98945E-05 9.98945E-05 9.98945E-05 9.98945E-05 9.98945E-05 9.98945E-05 9.98945E-05 9.98945E-05 9.98945E-05 9.98945E-05 9.98945E-05 0.998801
9.98945E-05 9.98945E-05 9.98945E-05 9.98945E-05 0.998801 9.98945E-05 9.98945E-05 9.98945E-05 9.98945E-05 9.98945E-05 9.98945E-05 9.98945E-05 9.98945E-05
0.0392941 9.99123E-05 9.99123E-05 0.578006 0.381701 9.99123E-05 9.99123E-05 9.99123E-05 9.99123E-05 9.99123E-05 9.99123E-05 9.99123E-05 9.99123E-05
0.0515376 9.99298E-05 9.99298E-05 0.579735 0.183237 9.99298E-05 9.99298E-05 9.99298E-05 9.99298E-05 9.99298E-05 9.99298E-05 0.0551693 0.129521
0.00495568 9.99209E-05 9.99209E-05 0.634068 0.0773765 9.99209E-05 9.99209E-05 9.99209E-05 9.99209E-05 9.99209E-05 9.99209E-05 9.99209E-05 0.282701
0.0109424 9.99208E-05 9.99208E-05 0.922738 9.99208E-05 9.99208E-05 9.99208E-05 0.0436446 9.99208E-05 9.99208E-05 9.99208E-05 0.0217753 9.99208E-05
9.99297E-05 9.99297E-05 9.99297E-05 0.479666 0.215038 0.100957 9.99297E-05 9.99297E-05 9.99297E-05 9.99297E-05 9.99297E-05 0.00319017 0.200351
9.99123E-05 9.99123E-05 9.99123E-05 0.548817 0.0779895 9.99123E-05 0.372194 9.99123E-05 9.99123E-05 9.99123E-05 9.99123E-05 9.99123E-05 9.99123E-05
9.99385E-05 0.0460036 9.99385E-05 0.373305 0.248135 9.99385E-05 9.99385E-05 9.99385E-05 9.99385E-05 9.99385E-05 0.211135 0.00335272 0.117369
0.0181073 0.0551936 9.99385E-05 0.810375 0.0694637 9.99385E-05 9.99385E-05 0.0333451 9.99385E-05 9.99385E-05 9.99385E-05 9.99385E-05 0.0128155
9.99122E-05 9.99122E-05 9.99122E-05 0.553613 0.216544 9.99122E-05 0.228843 9.99122E-05 9.99122E-05 9.99122E-05 9.99122E-05 9.99122E-05 9.99122E-05
0.0422277 9.99122E-05 9.99122E-05 0.861678 9.99122E-05 9.99122E-05 9.99122E-05 9.99122E-05 9.99122E-05 9.99122E-05 9.99122E-05 9.99122E-05 0.0950953
9.99297E-05 0.0598524 9.99297E-05 0.480837 0.0830308 9.99297E-05 0.114308 9.99297E-05 9.99297E-05 9.99297E-05 9.99297E-05 9.99297E-05 0.261173
9.99122E-05 9.99122E-05 9.99122E-05 0.531165 0.425304 9.99122E-05 9.99122E-05 9.99122E-05 9.99122E-05 9.99122E-05 9.99122E-05 9.99122E-05 0.0425314
9.99385E-05 9.99385E-05 9.99385E-05 0.358917 0.167965 9.99385E-05 9.99385E-05 0.058381 0.0618344 9.99385E-05 0.0882787 9.99385E-05 0.263924
9.99034E-05 9.99034E-05 9.99034E-05 0.887217 9.99034E-05 9.99034E-05 9.99034E-05 0.111685 9.99034E-05 9.99034E-05 9.99034E-05 9.99034E-05 9.99034E-05
9.99209E-05 0.0211616 9.99209E-05 0.776971 0.0579316 9.99209E-05 9.99209E-05 9.99209E-05 9.99209E-05 9.99209E-05 9.99209E-05 9.99209E-05 0.143036
9.99385E-05 0.006662 9.99385E-05 0.474163 0.281664 0.0899545 9.99385E-05 9.99385E-05 9.99385E-05 9.99385E-05 0.0513188 9.99385E-05 0.0955384
0.0580987 9.99474E-05 9.99474E-05 0.545045 0.186483 0.0684535 0.0575005 9.99474E-05 9.99474E-05 9.99474E-05 9.99474E-05 0.00697996 0.0768397
9.99385E-05 0.0593724 9.99385E-05 0.585372 0.00367643 9.99385E-05 9.99385E-05 0.00834223 0.0150588 9.99385E-05 9.99385E-05 9.99385E-05 0.327478
9.99297E-05 0.00233277 9.99297E-05 0.756475 0.0377799 0.162922 9.99297E-05 9.99297E-05 9.99297E-05 9.99297E-05 9.99297E-05 0.0396912 9.99297E-05
0.0447805 9.99209E-05 9.99209E-05 0.707104 0.10091 9.99209E-05 9.99209E-05 9.99209E-05 9.99209E-05 9.99209E-05 9.99209E-05 9.99209E-05 0.146306
9.9921E-05 9.9921E-05 9.9921E-05 0.775327 0.0903508 9.9921E-05 9.9921E-05 9.9921E-05 9.9921E-05 9.9921E-05 9.9921E-05 0.029524 0.103899
9.99121E-05 9.99121E-05 9.99121E-05 0.858453 0.129676 9.99121E-05 9.99121E-05 9.99121E-05 0.0108716 9.99121E-05 9.99121E-05 9.99121E-05 9.99121E-05
9.99297E-05 9.99297E-05 9.99297E-05 0.561094 0.111868 9.99297E-05 9.99297E-05 0.0663177 9.99297E-05 9.99297E-05 9.99297E-05 0.0913065 0.168614
9.99209E-05 9.99209E-05 9.99209E-05 0.720047 0.198886 0.00775998 9.99209E-05 9.99209E-05 9.99209E-05 9.99209E-05 9.99209E-05 9.99209E-05 0.0724069
0.0944257 9.99121E-05 9.99121E-05 0.857413 9.99121E-05 9.99121E-05 9.99121E-05 0.0471618 9.99121E-05 9.99121E-05 9.99121E-05 9.99121E-05 9.99121E-05
9.9921E-05 9.9921E-05 9.9921E-05 0.445343 0.0442128 0.0145399 0.495005 9.9921E-05 9.9921E-05 9.9921E-05 9.9921E-05 9.9921E-05 9.9921E-05
0.0166367 9.99209E-05 9.99209E-05 0.922178 0.00490145 9.99209E-05 9.99209E-05 9.99209E-05 9.99209E-05 9.99209E-05 9.99209E-05 9.99209E-05 0.0553848
0.152254 9.99297E-05 9.99297E-05 0.458315 0.265065 9.99297E-05 9.99297E-05 0.0341078 9.99297E-05 9.99297E-05 9.99297E-05 9.99297E-05 0.0894586
9.99033E-05 9.99033E-05 9.99033E-05 0.979342 9.99033E-05 9.99033E-05 9.99033E-05 0.019559 9.99033E-05 9.99033E-05 9.99033E-05 9.99033E-05 9.99033E-05
9.9921E-05 9.9921E-05 9.9921E-05 0.608444 0.187518 9.9921E-05 9.9921E-05 0.174965 9.9921E-05 9.9921E-05 9.9921E-05 0.0281738 9.9921E-05
9.99297E-05 0.0182892 9.99297E-05 0.459468 0.310588 0.075988 9.99297E-05 9.99297E-05 9.99297E-05 9.99297E-05 9.99297E-05 9.99297E-05 0.134867
9.9921E-05 9.9921E-05 9.9921E-05 0.650351 0.211007 0.0993744 9.9921E-05 9.9921E-05 9.9921E-05 9.9921E-05 9.9921E-05 9.9921E-05 0.0383677
9.99209E-05 9.99209E-05 9.99209E-05 0.593983 0.136599 0.190527 9.99209E-05 9.99209E-05 9.99209E-05 9.99209E-05 9.99209E-05 9.99209E-05 0.0779913
9.9921E-05 9.9921E-05 9.9921E-05 0.688895 0.157614 9.9921E-05 9.9921E-05 0.0144231 9.9921E-05 9.9921E-05 9.9921E-05 9.9921E-05 0.138169
9.99297E-05 0.0236043 9.99297E-05 0.643398 0.107121 9.99297E-05 9.99297E-05 0.091905 9.99297E-05 9.99297E-05 9.99297E-05 9.99297E-05 0.133172
9.99034E-05 9.99034E-05 9.99034E-05 0.911177 9.99034E-05 9.99034E-05 9.99034E-05 9.99034E-05 9.99034E-05 9.99034E-05 9.99034E-05 9.99034E-05 0.0877243
9.99033E-05 9.99033E-05 9.99033E-05 0.563189 9.99033E-05 9.99033E-05 0.435712 9.99033E-05 9.99033E-05 9.99033E-05 9.99033E-05 9.99033E-05 9.99033E-05
9.99297E-05 0.0841634 9.99297E-05 0.640411 9.99297E-05 9.99297E-05 9.99297E-05 9.99297E-05 0.0153535 9.99297E-05 0.159723 9.99297E-05 0.0995496
9.9921E-05 0.0448023 9.9921E-05 0.908414 9.9921E-05 9.9921E-05 9.9921E-05 9.9921E-05 0.0413638 9.9921E-05 9.9921E-05 0.0045205 9.9921E-05
9.99209E-05 9.99209E-05 0.157496 0.657337 0.178828 9.99209E-05 9.99209E-05 9.99209E-05 9.99209E-05 9.99209E-05 9.99209E-05 9.99209E-05 0.0054397
9.99034E-05 9.99034E-05 9.99034E-05 0.784779 9.99034E-05 9.99034E-05 9.99034E-05 9.99034E-05 9.99034E-05 9.99034E-05 9.99034E-05 9.99034E-05 0.214122
0.0674967 9.99298E-05 9.99298E-05 0.879919 0.017896 0.009624 9.99298E-05 9.99298E-05 9.99298E-05 9.99298E-05 9.99298E-05 9.99298E-05 0.0242653
0.0730119 9.99297E-05 0.0980497 0.654739 0.142079 9.99297E-05 9.99297E-05 9.99297E-05 9.99297E-05 9.99297E-05 9.99297E-05 9.99297E-05 0.0313211
9.99122E-05 9.99122E-05 9.99122E-05 0.48341 0.437273 0.0783185 9.99122E-05 9.99122E-05 9.99122E-05 9.99122E-05 9.99122E-05 9.99122E-05 9.99122E-05
