0.0397652 0.529877 0.0477698 0.222362 0.121043 9.99824E-05 0.038983 9.99824E-05
9.99561E-05 0.833598 9.99561E-05 0.15653 0.00937207 9.99561E-05 9.99561E-05 9.99561E-05
9.99473E-05 0.968219 9.99473E-05 9.99473E-05 0.0311813 9.99473E-05 9.99473E-05 9.99473E-05
0.0521795 0.329779 9.99737E-05 9.99737E-05 0.135768 9.99737E-05 0.195882 0.286092
9.99473E-05 0.837064 9.99473E-05 9.99473E-05 9.99473E-05 9.99473E-05 9.99473E-05 0.162336
9.999E-05 0.301275 0.0330404 0.209 0.0619604 0.00902739 0.116532 0.269065
9.99649E-05 0.325795 9.99649E-05 0.243737 0.11843 9.99649E-05 9.99649E-05 0.311639
9.99825E-05 0.226661 0.00905604 0.0798816 0.0566011 9.99825E-05 0.197837 0.429763
0.163231 0.290073 9.99561E-05 9.99561E-05 9.99561E-05 9.99561E-05 0.546196 9.99561E-05
9.99473E-05 0.986115 0.0132854 9.99473E-05 9.99473E-05 9.99473E-05 9.99473E-05 9.99473E-05
0.0127678 0.625422 9.99649E-05 9.99649E-05 0.151688 9.99649E-05 0.209722 9.99649E-05
0.0400847 0.864265 9.99649E-05 9.99649E-05 9.99649E-05 9.99649E-05 0.00617116 0.0890796
9.99561E-05 0.853864 9.99561E-05 9.99561E-05 9.99561E-05 9.99561E-05 0.104048 0.0415883
9.99737E-05 0.610101 0.0326518 9.99737E-05 0.0515801 0.203905 9.99737E-05 0.101462
0.0304047 0.445157 9.99737E-05 9.99737E-05 9.99737E-05 0.101561 0.398548 0.0240293
9.99824E-05 0.36486 0.0141762 0.00571437 0.0230146 9.99824E-05 0.259678 0.332357
9.99824E-05 0.634236 9.99824E-05 0.113515 0.0713002 0.0405247 0.0611397 0.0790841
0.134916 0.37681 0.216232 9.99649E-05 9.99649E-05 9.99649E-05 0.271643 9.99649E-05
0.048729 0.507948 0.0313831 9.99736E-05 0.0716864 9.99736E-05 0.339953 9.99736E-05
0.0284303 0.97097 9.99473E-05 9.99473E-05 9.99473E-05 9.99473E-05 9.99473E-05 9.99473E-05
0.102914 0.548451 0.00643576 9.99824E-05 0.0490507 9.99824E-05 0.107325 0.185624
9.99649E-05 0.34881 9.99649E-05 0.0486021 9.99649E-05 9.99649E-05 0.322317 0.279872
9.99737E-05 0.718936 0.0285766 0.162917 0.0437654 9.99737E-05 0.045505 9.99737E-05
9.99737E-05 0.536659 0.0565275 9.99737E-05 0.0124676 9.99737E-05 0.271784 0.122262
0.187177 0.314087 9.99736E-05 9.99736E-05 9.99736E-05 0.066726 0.369181 0.0625289
9.99561E-05 0.794043 9.99561E-05 9.99561E-05 9.99561E-05 9.99561E-05 0.131609 0.0738483
9.999E-05 0.143548 0.143018 0.044401 0.00169651 0.236706 0.202939 0.227592
9.99649E-05 0.850841 0.00392497 9.99649E-05 0.0125603 9.99649E-05 9.99649E-05 0.132273
0.0597193 0.785803 9.99561E-05 9.99561E-05 9.99561E-05 9.99561E-05 0.153978 9.99561E-05
0.0403261 0.795606 9.99649E-05 9.99649E-05 9.99649E-05 0.127842 0.0358264 9.99649E-05
9.99649E-05 0.639842 0.0673069 9.99649E-05 0.172965 9.99649E-05 0.119485 9.99649E-05
9.99737E-05 0.591029 9.99737E-05 9.99737E-05 0.110033 0.169078 0.0582285 0.0713319
0.00220224 0.643216 9.99736E-05 9.99736E-05 0.125538 9.99736E-05 0.167888 0.0608556
9.99824E-05 0.601361 0.0599571 9.99824E-05 0.0224311 0.173736 0.042177 0.100137
0.0551676 0.83787 9.99737E-05 0.0062866 0.0403617 9.99737E-05 0.0600141 9.99737E-05
0.00780982 0.722254 0.00813359 0.0716641 0.020573 9.99912E-05 0.0843046 0.0851605
9.99649E-05 0.895783 9.99649E-05 0.0859033 0.00258236 9.99649E-05 9.99649E-05 0.0153318
0.058303 0.685074 9.99649E-05 9.99649E-05 0.0188784 9.99649E-05 0.237345 9.99649E-05
0.0265587 0.6034 9.99912E-05 0.0705094 0.034838 0.0897742 0.114568 0.0602512
9.99737E-05 0.580051 9.99737E-05 9.99737E-05 0.00803568 0.158238 0.10115 0.152225
9.99649E-05 0.820827 9.99649E-05 9.99649E-05 0.0276053 9.99649E-05 0.128723 0.0224454
0.00410534 0.729602 0.0214205 0.047382 0.00271959 9.99912E-05 0.171673 0.0229978
0.0072109 0.83923 9.99737E-05 0.0557951 9.99737E-05 0.0697745 9.99737E-05 0.0276895
0.00189592 0.528735 0.00777613 0.0288722 0.0806212 9.99824E-05 0.351899 9.99824E-05
0.0243071 0.453983 9.99737E-05 9.99737E-05 0.0169745 9.99737E-05 0.171117 0.333318
0.107667 0.828163 9.99561E-05 9.99561E-05 9.99561E-05 9.99561E-05 0.0636703 9.99561E-05
9.99561E-05 0.868661 9.99561E-05 9.99561E-05 0.0432438 9.99561E-05 0.0875953 9.99561E-05
0.00350178 0.959884 9.99561E-05 9.99561E-05 9.99561E-05 9.99561E-05 9.99561E-05 0.0361146
9.99648E-05 0.732891 9.99648E-05 9.99648E-05 0.0385874 9.99648E-05 0.0422338 0.185888
0.00789499 0.797374 0.0147094 9.99825E-05 0.0116718 9.99825E-05 0.00463263 0.163517
0.01789 0.395209 9.99824E-05 9.99824E-05 0.123974 0.0873745 0.268456 0.106897
0.0558784 0.717969 9.99649E-05 9.99649E-05 9.99649E-05 9.99649E-05 0.00183122 0.223921
9.99561E-05 0.97556 0.00385072 9.99561E-05 9.99561E-05 9.99561E-05 0.0200895 9.99561E-05
0.0706147 0.608962 0.0793054 9.99825E-05 0.0379698 9.99825E-05 0.0117386 0.19121
0.0121211 0.853814 9.996E-05 9.996E-05 9.996E-05 9.996E-05 0.0608401 0.0728252
0.074553 0.751512 9.99737E-05 9.99737E-05 0.0276376 0.130444 9.99737E-05 0.0155541
9.99649E-05 0.753005 0.0865161 9.99649E-05 9.99649E-05 9.99649E-05 0.0998512 0.060228
9.99561E-05 0.877716 0.0144533 9.99561E-05 0.107331 9.99561E-05 9.99561E-05 9.99561E-05
9.99561E-05 0.899913 9.99561E-05 9.99561E-05 9.99561E-05 9.99561E-05 0.0424115 0.0571753
9.99737E-05 0.135281 0.131458 0.376115 0.0810322 9.99737E-05 0.275813 9.99737E-05
9.9965E-05 0.3377 0.0864631 0.314622 9.9965E-05 9.9965E-05 9.9965E-05 0.260816
9.99737E-05 0.303249 0.225264 0.382832 0.0522033 9.99737E-05 9.99737E-05 0.0361521
0.0111261 9.99737E-05 0.107316 0.497839 9.99737E-05 0.139162 0.244257 9.99737E-05
0.119119 0.111796 0.0861284 0.230721 9.99824E-05 9.99824E-05 0.270524 0.181512
9.99736E-05 0.0411846 0.140013 0.288463 0.0718435 9.99736E-05 0.458196 9.99736E-05
0.00269869 9.99737E-05 0.0988871 0.620701 0.14562 9.99737E-05 0.131794 9.99737E-05
9.99736E-05 9.99736E-05 0.266682 0.401361 0.0153277 9.99736E-05 0.254564 0.0617646
9.99737E-05 0.268718 0.118536 0.535397 9.99737E-05 0.0459959 0.0310522 9.99737E-05
9.99737E-05 0.35943 0.0243929 0.302032 0.159362 9.99737E-05 0.154483 9.99737E-05
0.0452512 9.99737E-05 0.0596702 0.189754 0.207811 9.99737E-05 0.497213 9.99737E-05
9.99824E-05 0.0698763 0.0340537 0.34966 0.114654 9.99824E-05 0.115471 0.316085
9.99912E-05 0.0167754 0.0486656 0.317771 0.15941 0.0215965 0.206553 0.229128
9.99649E-05 0.0960347 9.99649E-05 0.35221 9.99649E-05 9.99649E-05 0.353193 0.198163
9.99825E-05 0.311343 0.00537315 0.379129 0.0942318 9.99825E-05 0.0618319 0.147891
9.99825E-05 0.191159 0.0773809 0.334252 0.109894 9.99825E-05 0.221997 0.0651176
9.99649E-05 9.99649E-05 0.227522 0.450187 9.99649E-05 9.99649E-05 0.0836105 0.238281
9.99824E-05 0.159761 0.102125 0.172783 0.229707 9.99824E-05 0.229644 0.10578
9.99824E-05 0.24223 0.22101 0.238988 0.0622554 9.99824E-05 0.19826 0.0370571
0.053123 0.0178735 0.0716803 0.408281 0.0522065 9.99912E-05 0.249134 0.147602
9.99737E-05 0.39065 0.0893724 0.450805 9.99737E-05 9.99737E-05 0.0117945 0.0570787
0.00607687 0.135733 9.99737E-05 0.331228 9.99737E-05 9.99737E-05 0.239123 0.28754
9.99824E-05 0.2377 9.99824E-05 0.273494 0.0657835 0.254816 0.0971631 0.070843
9.99824E-05 0.221306 0.0914613 0.161478 0.0399212 9.99824E-05 0.200715 0.284918
9.99736E-05 0.328353 9.99736E-05 0.0421352 0.292261 9.99736E-05 0.285781 0.0511709
0.0237206 0.356226 9.997E-05 0.362013 0.0775341 9.997E-05 0.180206 9.997E-05
9.99649E-05 0.454433 0.133381 0.369781 9.99649E-05 9.99649E-05 9.99649E-05 0.0420056
0.0229935 0.290699 0.0511604 0.493222 9.998E-05 9.998E-05 0.0760937 0.0656322
9.99737E-05 0.334687 0.253599 0.127247 9.99737E-05 9.99737E-05 0.265362 0.018805
0.103561 0.264402 9.99737E-05 0.291113 9.99737E-05 0.156374 0.18425 9.99737E-05
9.99648E-05 9.99648E-05 0.00405692 9.99648E-05 9.99648E-05 0.594246 0.368019 0.0332781
9.99474E-05 9.99474E-05 9.99474E-05 9.99474E-05 9.99474E-05 0.941538 0.0578627 9.99474E-05
9.99561E-05 9.99561E-05 9.99561E-05 9.99561E-05 9.99561E-05 0.653963 0.232368 0.11317
0.00793392 9.99736E-05 0.0335635 9.99736E-05 0.0305758 0.580813 0.346814 9.99736E-05
0.0459511 9.99736E-05 0.0942862 9.99736E-05 9.99736E-05 0.575294 0.265512 0.0186569
9.99561E-05 9.99561E-05 9.99561E-05 0.00156381 9.99561E-05 0.563235 0.434701 9.99561E-05
9.99648E-05 9.99648E-05 0.0195984 9.99648E-05 0.0802582 0.597099 0.302645 9.99648E-05
9.99473E-05 9.99473E-05 9.99473E-05 9.99473E-05 9.99473E-05 0.513973 0.485428 9.99473E-05
9.99648E-05 9.99648E-05 9.99648E-05 0.193924 0.0543207 0.202319 0.549037 9.99648E-05
9.99561E-05 9.99561E-05 0.0193584 9.99561E-05 9.99561E-05 0.353634 0.626508 9.99561E-05
9.99649E-05 9.99649E-05 9.99649E-05 0.253562 0.0751608 0.65591 0.0149671 9.99649E-05
0.00121427 9.99736E-05 9.99736E-05 0.166312 0.0444325 0.727821 0.0599203 9.99736E-05
9.99561E-05 9.99561E-05 0.0411027 9.99561E-05 9.99561E-05 0.844534 0.113864 9.99561E-05
9.99649E-05 9.99649E-05 9.99649E-05 0.0497586 0.0359096 0.50964 0.404291 9.99649E-05
0.00342266 9.99824E-05 0.126432 9.99824E-05 0.0573661 0.634919 0.160233 0.0174271
0.0770141 9.99912E-05 0.0128791 0.0148895 0.0357856 0.549276 0.289626 0.0204292
0.0636405 9.99649E-05 9.99649E-05 0.205382 9.99649E-05 0.537923 0.192654 9.99649E-05
9.99649E-05 9.99649E-05 9.99649E-05 9.99649E-05 0.0444675 0.633197 0.219154 0.102782
9.99561E-05 9.99561E-05 9.99561E-05 9.99561E-05 0.0702246 0.865867 0.0634086 9.99561E-05
0.116167 9.99649E-05 9.99649E-05 9.99649E-05 0.00431653 0.588014 0.291103 9.99649E-05
9.99649E-05 9.99649E-05 9.99649E-05 0.107128 9.99649E-05 0.60539 0.229576 0.0575054
9.99648E-05 9.99648E-05 0.0994663 9.99648E-05 0.0728969 0.705777 0.12146 9.99648E-05
0.113239 9.99649E-05 9.99649E-05 0.0746163 9.99649E-05 0.281864 0.529881 9.99649E-05
9.99473E-05 9.99473E-05 9.99473E-05 9.99473E-05 9.99473E-05 0.738052 0.261348 9.99473E-05
0.132223 9.99648E-05 9.99648E-05 9.99648E-05 9.99648E-05 0.274168 0.59186 0.00134851
9.99649E-05 9.99649E-05 0.0324485 0.163059 9.99649E-05 0.511266 0.292826 9.99649E-05
0.10928 0.0466297 9.99562E-05 9.99562E-05 9.99562E-05 0.843591 9.99562E-05 9.99562E-05
9.9956E-05 9.9956E-05 9.9956E-05 9.9956E-05 9.9956E-05 0.520262 0.337525 0.141713
0.0150824 9.99561E-05 9.99561E-05 9.99561E-05 9.99561E-05 0.368611 0.615806 9.99561E-05
0.0533003 9.99649E-05 9.99649E-05 9.99649E-05 0.0758008 0.707315 0.163184 9.99649E-05
9.99649E-05 9.99649E-05 9.99649E-05 0.0342055 0.0740677 0.570713 0.320614 9.99649E-05
0.0741906 9.99648E-05 9.99648E-05 9.99648E-05 0.0355776 0.790963 0.0988686 9.99648E-05
0.239523 9.99648E-05 9.99648E-05 9.99648E-05 0.048648 0.194058 0.517371 9.99648E-05
0.0472165 9.99736E-05 9.99736E-05 9.99736E-05 0.0564782 0.58227 0.27898 0.0347553
9.99473E-05 9.99473E-05 9.99473E-05 9.99473E-05 9.99473E-05 0.831982 0.167419 9.99473E-05
0.0749449 9.99824E-05 0.0506544 0.0331388 0.0405817 0.704373 0.0961075 9.99824E-05
9.99648E-05 9.99648E-05 0.0497782 9.99648E-05 0.044095 0.450409 0.455318 9.99648E-05
9.99473E-05 9.99473E-05 9.99473E-05 9.99473E-05 9.99473E-05 0.953134 0.0462666 9.99473E-05
0.0122627 9.99737E-05 0.0433837 9.99737E-05 0.059279 0.765358 0.119416 9.99737E-05
9.99474E-05 9.99474E-05 9.99474E-05 9.99474E-05 9.99474E-05 0.99651 0.00289016 9.99474E-05
0.00639739 9.99562E-05 9.99562E-05 0.052951 9.99562E-05 0.940152 9.99562E-05 9.99562E-05
0.0323372 9.99736E-05 9.99736E-05 0.142614 0.0492913 0.315882 0.459576 9.99736E-05
9.99561E-05 9.99561E-05 0.0749782 9.99561E-05 9.99561E-05 0.619928 0.304594 9.99561E-05
0.0509896 0.0199911 9.99737E-05 0.0201259 9.99737E-05 0.756234 0.152359 9.99737E-05
9.99562E-05 9.99562E-05 9.99562E-05 0.00863718 9.99562E-05 0.980527 0.0103359 9.99562E-05
0.133996 9.99824E-05 0.00687869 0.154094 0.0220525 0.279998 0.402781 9.99824E-05
0.00578666 9.99737E-05 0.0239556 9.99737E-05 0.028309 0.616111 0.325538 9.99737E-05
0.0202245 9.99824E-05 0.069374 0.0475865 9.99824E-05 0.527761 0.249045 0.0858097
0.120901 9.996E-05 9.996E-05 9.996E-05 0.04725 0.234987 0.596462 9.996E-05
9.994E-05 9.994E-05 9.994E-05 9.994E-05 9.994E-05 0.9993 9.994E-05 9.994E-05
0.0463228 9.99736E-05 9.99736E-05 9.99736E-05 0.0207886 0.46658 0.253009 0.212999
9.99561E-05 9.99561E-05 9.99561E-05 0.0585949 9.99561E-05 0.834228 0.106677 9.99561E-05
9.99561E-05 9.99561E-05 0.0310467 9.99561E-05 9.99561E-05 0.668066 0.300387 9.99561E-05
9.99736E-05 9.99736E-05 0.052804 0.00126761 9.99736E-05 0.602781 0.197139 0.145709
0.023899 9.99736E-05 0.0550421 9.99736E-05 0.0722251 0.736728 0.111806 9.99736E-05
9.9956E-05 9.9956E-05 9.9956E-05 0.24453 9.9956E-05 0.224339 0.530631 9.9956E-05
9.9956E-05 9.9956E-05 9.9956E-05 9.9956E-05 0.037044 0.54922 0.413236 9.9956E-05
0.023197 9.99736E-05 9.99736E-05 9.99736E-05 0.0572724 0.651603 0.260962 0.00666599
0.162924 9.99561E-05 9.99561E-05 9.99561E-05 9.99561E-05 0.74269 0.0938857 9.99561E-05
9.99473E-05 9.99473E-05 9.99473E-05 9.99473E-05 9.99473E-05 0.733523 0.265878 9.99473E-05
0.136926 9.99473E-05 9.99473E-05 9.99473E-05 9.99473E-05 9.99473E-05 0.862474 9.99473E-05
9.994E-05 9.994E-05 9.994E-05 9.994E-05 9.994E-05 9.994E-05 0.9993 9.994E-05
0.0259701 9.9956E-05 0.042151 9.9956E-05 9.9956E-05 9.9956E-05 0.931379 9.9956E-05
9.994E-05 9.994E-05 9.994E-05 9.994E-05 9.994E-05 9.994E-05 0.9993 9.994E-05
9.994E-05 9.994E-05 9.994E-05 9.994E-05 9.994E-05 9.994E-05 0.9993 9.994E-05
9.994E-05 9.994E-05 9.994E-05 9.994E-05 9.994E-05 9.994E-05 0.9993 9.994E-05
0.119002 9.99473E-05 9.99473E-05 9.99473E-05 9.99473E-05 9.99473E-05 0.880398 9.99473E-05
9.994E-05 9.994E-05 9.994E-05 9.994E-05 9.994E-05 9.994E-05 0.9993 9.994E-05
9.994E-05 9.994E-05 9.994E-05 9.994E-05 9.994E-05 9.994E-05 0.9993 9.994E-05
0.08227 9.99473E-05 9.99473E-05 9.99473E-05 9.99473E-05 9.99473E-05 0.91713 9.99473E-05
0.0421151 9.99472E-05 9.99472E-05 9.99472E-05 9.99472E-05 9.99472E-05 0.957285 9.99472E-05
0.0684651 9.99473E-05 9.99473E-05 9.99473E-05 9.99473E-05 9.99473E-05 0.930935 9.99473E-05
9.994E-05 9.994E-05 9.994E-05 9.994E-05 9.994E-05 9.994E-05 0.9993 9.994E-05
9.994E-05 9.994E-05 9.994E-05 9.994E-05 9.994E-05 9.994E-05 0.9993 9.994E-05
0.169563 9.99473E-05 9.99473E-05 9.99473E-05 9.99473E-05 9.99473E-05 0.829837 9.99473E-05
0.0528662 9.99473E-05 9.99473E-05 9.99473E-05 9.99473E-05 9.99473E-05 0.946534 9.99473E-05
0.126617 9.99736E-05 0.0375174 9.99736E-05 9.99736E-05 0.3185 0.332126 0.18494
0.169316 9.99472E-05 9.99472E-05 9.99472E-05 9.99472E-05 9.99472E-05 0.830084 9.99472E-05
9.994E-05 9.994E-05 9.994E-05 9.994E-05 9.994E-05 9.994E-05 0.9993 9.994E-05
0.0714386 9.99473E-05 9.99473E-05 9.99473E-05 9.99473E-05 9.99473E-05 0.927962 9.99473E-05
0.115217 9.99473E-05 9.99473E-05 9.99473E-05 9.99473E-05 9.99473E-05 0.884184 9.99473E-05
0.110852 9.99472E-05 9.99472E-05 9.99472E-05 9.99472E-05 9.99472E-05 0.888549 9.99472E-05
9.994E-05 9.994E-05 9.994E-05 9.994E-05 9.994E-05 9.994E-05 0.9993 9.994E-05
0.0654821 9.99473E-05 9.99473E-05 9.99473E-05 9.99473E-05 9.99473E-05 0.933918 9.99473E-05
9.994E-05 9.994E-05 9.994E-05 9.994E-05 9.994E-05 9.994E-05 0.9993 9.994E-05
0.0933117 9.99473E-05 9.99473E-05 9.99473E-05 9.99473E-05 9.99473E-05 0.906089 9.99473E-05
0.067963 9.99473E-05 9.99473E-05 9.99473E-05 9.99473E-05 9.99473E-05 0.931437 9.99473E-05
9.994E-05 9.994E-05 9.994E-05 9.994E-05 9.994E-05 9.994E-05 0.9993 9.994E-05
9.994E-05 9.994E-05 9.994E-05 9.994E-05 9.994E-05 9.994E-05 0.9993 9.994E-05
9.994E-05 9.994E-05 9.994E-05 9.994E-05 9.994E-05 9.994E-05 0.9993 9.994E-05
0.128371 9.99648E-05 0.0431437 0.0184125 9.99648E-05 9.99648E-05 0.809672 9.99648E-05
0.111022 9.99648E-05 0.0148789 0.0230114 9.99648E-05 9.99648E-05 0.850688 9.99648E-05
0.0900771 9.99472E-05 9.99472E-05 9.99472E-05 9.99472E-05 9.99472E-05 0.909323 9.99472E-05
0.0485295 9.99473E-05 9.99473E-05 9.99473E-05 9.99473E-05 9.99473E-05 0.950871 9.99473E-05
0.0545324 9.99472E-05 9.99472E-05 9.99472E-05 9.99472E-05 9.99472E-05 0.944868 9.99472E-05
9.994E-05 9.994E-05 9.994E-05 9.994E-05 9.994E-05 9.994E-05 0.9993 9.994E-05
9.994E-05 9.994E-05 9.994E-05 9.994E-05 9.994E-05 9.994E-05 0.9993 9.994E-05
9.994E-05 9.994E-05 9.994E-05 9.994E-05 9.994E-05 9.994E-05 0.9993 9.994E-05
0.0920243 9.99473E-05 9.99473E-05 9.99473E-05 9.99473E-05 9.99473E-05 0.907376 9.99473E-05
9.994E-05 9.994E-05 9.994E-05 9.994E-05 9.994E-05 9.994E-05 0.9993 9.994E-05
9.994E-05 9.994E-05 9.994E-05 9.994E-05 9.994E-05 9.994E-05 0.9993 9.994E-05
9.994E-05 9.994E-05 9.994E-05 9.994E-05 9.994E-05 9.994E-05 0.9993 9.994E-05
9.994E-05 9.994E-05 9.994E-05 9.994E-05 9.994E-05 9.994E-05 0.9993 9.994E-05
0.0883108 9.99473E-05 9.99473E-05 9.99473E-05 9.99473E-05 9.99473E-05 0.911089 9.99473E-05
9.994E-05 9.994E-05 9.994E-05 9.994E-05 9.994E-05 9.994E-05 0.9993 9.994E-05
9.994E-05 9.994E-05 9.994E-05 9.994E-05 9.994E-05 9.994E-05 0.9993 9.994E-05
0.0415263 9.99824E-05 0.0340294 0.0514373 9.99824E-05 0.297793 0.278791 0.296223
0.140381 9.99472E-05 9.99472E-05 9.99472E-05 9.99472E-05 9.99472E-05 0.859019 9.99472E-05
9.994E-05 9.994E-05 9.994E-05 9.994E-05 9.994E-05 9.994E-05 0.9993 9.994E-05
9.994E-05 9.994E-05 9.994E-05 9.994E-05 9.994E-05 9.994E-05 0.9993 9.994E-05
9.994E-05 9.994E-05 9.994E-05 9.994E-05 9.994E-05 9.994E-05 0.9993 9.994E-05
9.994E-05 9.994E-05 9.994E-05 9.994E-05 9.994E-05 9.994E-05 0.9993 9.994E-05
0.128223 9.99473E-05 9.99473E-05 9.99473E-05 9.99473E-05 9.99473E-05 0.871177 9.99473E-05
9.994E-05 9.994E-05 9.994E-05 9.994E-05 9.994E-05 9.994E-05 0.9993 9.994E-05
0.106742 9.99473E-05 9.99473E-05 9.99473E-05 9.99473E-05 9.99473E-05 0.892658 9.99473E-05
9.994E-05 9.994E-05 9.994E-05 9.994E-05 9.994E-05 9.994E-05 0.9993 9.994E-05
0.0737938 9.99473E-05 9.99473E-05 9.99473E-05 9.99473E-05 9.99473E-05 0.925607 9.99473E-05
9.994E-05 9.994E-05 9.994E-05 9.994E-05 9.994E-05 9.994E-05 0.9993 9.994E-05
9.994E-05 9.994E-05 9.994E-05 9.994E-05 9.994E-05 9.994E-05 0.9993 9.994E-05
9.994E-05 9.994E-05 9.994E-05 9.994E-05 9.994E-05 9.994E-05 0.9993 9.994E-05
9.994E-05 9.994E-05 9.994E-05 9.994E-05 9.994E-05 9.994E-05 0.9993 9.994E-05
9.994E-05 9.994E-05 9.994E-05 9.994E-05 9.994E-05 9.994E-05 0.9993 9.994E-05
9.994E-05 9.994E-05 9.994E-05 9.994E-05 9.994E-05 9.994E-05 0.9993 9.994E-05
0.0623281 9.99472E-05 9.99472E-05 9.99472E-05 9.99472E-05 9.99472E-05 0.937072 9.99472E-05
0.136957 9.99473E-05 9.99473E-05 9.99473E-05 9.99473E-05 9.99473E-05 0.862443 9.99473E-05
0.0950943 9.9956E-05 0.0841678 9.9956E-05 9.9956E-05 9.9956E-05 0.820238 9.9956E-05
9.994E-05 9.994E-05 9.994E-05 9.994E-05 9.994E-05 9.994E-05 0.9993 9.994E-05
0.0802741 9.99473E-05 9.99473E-05 9.99473E-05 9.99473E-05 9.99473E-05 0.919126 9.99473E-05
0.034658 9.99472E-05 9.99472E-05 9.99472E-05 9.99472E-05 9.99472E-05 0.964742 9.99472E-05
0.0846067 9.99473E-05 9.99473E-05 9.99473E-05 9.99473E-05 9.99473E-05 0.914794 9.99473E-05
9.994E-05 9.994E-05 9.994E-05 9.994E-05 9.994E-05 9.994E-05 0.9993 9.994E-05
9.994E-05 9.994E-05 9.994E-05 9.994E-05 9.994E-05 9.994E-05 0.9993 9.994E-05
9.994E-05 9.994E-05 9.994E-05 9.994E-05 9.994E-05 9.994E-05 0.9993 9.994E-05
0.148561 9.99473E-05 9.99473E-05 9.99473E-05 9.99473E-05 9.99473E-05 0.850839 9.99473E-05
9.994E-05 9.994E-05 9.994E-05 9.994E-05 9.994E-05 9.994E-05 0.9993 9.994E-05
9.994E-05 9.994E-05 9.994E-05 9.994E-05 9.994E-05 9.994E-05 0.9993 9.994E-05
0.0720872 9.99473E-05 9.99473E-05 9.99473E-05 9.99473E-05 9.99473E-05 0.927313 9.99473E-05
9.994E-05 9.994E-05 9.994E-05 9.994E-05 9.994E-05 9.994E-05 0.9993 9.994E-05
9.994E-05 9.994E-05 9.994E-05 9.994E-05 9.994E-05 9.994E-05 0.9993 9.994E-05
0.0282649 9.99824E-05 0.132997 0.0185722 0.184932 0.235436 0.399599 9.99824E-05
0.105027 9.99473E-05 9.99473E-05 9.99473E-05 9.99473E-05 9.99473E-05 0.894373 9.99473E-05
9.994E-05 9.994E-05 9.994E-05 9.994E-05 9.994E-05 9.994E-05 0.9993 9.994E-05
9.99561E-05 9.99561E-05 9.99561E-05 9.99561E-05 0.0422945 0.31573 0.641475 9.99561E-05
0.0475193 9.99649E-05 9.99649E-05 9.99649E-05 9.99649E-05 0.399539 0.47525 0.0772921
0.108699 9.995E-05 9.995E-05 9.995E-05 9.995E-05 0.401028 0.489773 9.995E-05
0.0387887 9.99648E-05 0.138309 9.99648E-05 9.99648E-05 0.708454 0.114048 9.99648E-05
0.0311434 9.9956E-05 9.9956E-05 9.9956E-05 9.9956E-05 0.337242 0.631114 9.9956E-05
9.99562E-05 0.0293047 9.99562E-05 9.99562E-05 9.99562E-05 0.806002 0.164194 9.99562E-05
0.0114368 9.99737E-05 9.99737E-05 9.99737E-05 0.10416 0.149503 0.633936 0.100664
0.0532718 9.99737E-05 0.0879557 9.99737E-05 0.10011 0.491296 0.267067 9.99737E-05
9.99474E-05 9.99474E-05 9.99474E-05 9.99474E-05 9.99474E-05 0.695356 0.304044 9.99474E-05
0.0218947 9.99736E-05 0.0148606 9.99736E-05 9.99736E-05 0.690207 0.142753 0.129984
9.99649E-05 9.99649E-05 0.0224524 9.99649E-05 0.0473725 0.621506 0.308269 9.99649E-05
9.99473E-05 9.99473E-05 9.99473E-05 9.99473E-05 9.99473E-05 0.307293 0.692107 9.99473E-05
9.99736E-05 9.99736E-05 0.131383 0.0807502 9.99736E-05 0.272052 0.432154 0.0833616
0.00862894 9.99648E-05 0.138552 9.99648E-05 9.99648E-05 0.744954 0.107465 9.99648E-05
9.9956E-05 9.9956E-05 9.9956E-05 9.9956E-05 0.0643898 0.50815 0.426961 9.9956E-05
9.99736E-05 9.99736E-05 9.99736E-05 0.0776577 0.0127994 0.283931 0.560198 0.0651136
0.0462979 9.99561E-05 9.99561E-05 9.99561E-05 9.99561E-05 0.686209 0.266994 9.99561E-05
0.0540088 9.99824E-05 0.0530848 0.00863013 0.0883893 0.322524 0.473163 9.99824E-05
0.0944749 9.99736E-05 9.99736E-05 0.226242 0.0540078 0.476077 0.148898 9.99736E-05
9.9956E-05 9.9956E-05 9.9956E-05 9.9956E-05 9.9956E-05 0.507314 0.383729 0.108458
0.0596631 9.99736E-05 9.99736E-05 0.0390568 9.99736E-05 0.571993 0.31454 0.0144479
9.99561E-05 9.99561E-05 9.99561E-05 9.99561E-05 9.99561E-05 0.582317 0.312311 0.104873
0.0537082 9.997E-05 9.997E-05 9.997E-05 0.0902461 0.414028 0.382844 0.058874
9.99736E-05 9.99736E-05 0.0260464 9.99736E-05 0.0352106 0.505127 0.406818 0.026498
9.9956E-05 9.9956E-05 0.159535 9.9956E-05 9.9956E-05 0.659734 0.180231 9.9956E-05
9.99473E-05 9.99473E-05 9.99473E-05 0.0434843 9.99473E-05 0.955916 9.99473E-05 9.99473E-05
0.019891 9.99736E-05 0.00662178 9.99736E-05 9.99736E-05 0.602116 0.281152 0.08992
0.0138669 9.99649E-05 0.0473613 9.99649E-05 9.99649E-05 0.312843 0.625529 9.99649E-05
0.0816042 9.99736E-05 0.0893284 9.99736E-05 9.99736E-05 0.735176 0.00912238 0.084469
0.115085 9.997E-05 0.0778845 9.997E-05 0.0467499 0.47766 0.282321 9.997E-05
9.99736E-05 9.99736E-05 9.99736E-05 0.0693194 0.0347002 0.250925 0.504355 0.140401
9.99561E-05 9.99561E-05 9.99561E-05 9.99561E-05 0.00944497 0.535385 0.45467 9.99561E-05
0.0219101 9.99736E-05 0.0219798 0.224554 9.99736E-05 0.385369 0.345887 9.99736E-05
9.99648E-05 9.99648E-05 0.0235801 9.99648E-05 0.0665168 0.452506 0.456997 9.99648E-05
9.99736E-05 9.99736E-05 0.0604352 9.99736E-05 0.186982 0.446909 0.300967 0.00440635
0.0440699 9.99561E-05 9.99561E-05 9.99561E-05 9.99561E-05 0.592226 0.363205 9.99561E-05
9.994E-05 9.994E-05 9.994E-05 9.994E-05 9.994E-05 0.9993 9.994E-05 9.994E-05
9.99824E-05 9.99824E-05 0.0472709 0.0356974 0.104953 0.456883 0.289972 0.0650239
0.0961859 9.99736E-05 9.99736E-05 9.99736E-05 0.105651 0.680998 0.100781 0.0160844
9.99648E-05 9.99648E-05 9.99648E-05 0.0107472 9.99648E-05 0.333467 0.320263 0.335123
0.0890168 9.99648E-05 0.0150015 9.99648E-05 9.99648E-05 0.446802 0.44878 9.99648E-05
0.101666 9.99824E-05 9.99824E-05 0.0373721 0.0184679 0.658495 0.12418 0.0596179
0.0154565 9.99648E-05 9.99648E-05 9.99648E-05 9.99648E-05 0.405875 0.458136 0.120133
9.99649E-05 9.99649E-05 0.0585405 0.0322779 9.99649E-05 0.175756 0.733025 9.99649E-05
9.99736E-05 9.99736E-05 0.0261516 0.0418447 0.0269748 0.173273 0.731455 9.99736E-05
0.00911673 9.99736E-05 0.0214227 9.99736E-05 0.0244952 0.590067 0.354598 9.99736E-05
9.994E-05 9.994E-05 9.994E-05 9.994E-05 9.994E-05 0.9993 9.994E-05 9.994E-05
0.0203497 9.99648E-05 9.99648E-05 9.99648E-05 0.0617991 0.577521 0.339931 9.99648E-05
9.994E-05 9.994E-05 9.994E-05 9.994E-05 9.994E-05 0.9993 9.994E-05 9.994E-05
9.99736E-05 9.99736E-05 0.0410484 0.222311 9.99736E-05 0.196389 0.217477 0.322475
9.99473E-05 9.99473E-05 9.99473E-05 0.0974773 9.99473E-05 0.901923 9.99473E-05 9.99473E-05
9.99649E-05 9.99649E-05 9.99649E-05 0.0845286 0.0563568 0.637027 0.221688 9.99649E-05
9.99736E-05 9.99736E-05 9.99736E-05 0.237086 0.120443 0.376125 0.135365 0.130682
9.99736E-05 9.99736E-05 9.99736E-05 0.213662 0.0607065 0.386994 0.301442 0.0368954
0.00280749 9.99648E-05 9.99648E-05 9.99648E-05 9.99648E-05 0.667567 0.0831388 0.246087
9.99473E-05 9.99473E-05 9.99473E-05 9.99473E-05 9.99473E-05 0.597321 0.402079 9.99473E-05
9.99562E-05 9.99562E-05 9.99562E-05 0.201293 9.99562E-05 0.701437 0.0967701 9.99562E-05
9.99473E-05 9.99473E-05 9.99473E-05 9.99473E-05 9.99473E-05 0.722423 0.276977 9.99473E-05
0.109935 9.99736E-05 0.00452503 9.99736E-05 0.0157055 0.500408 0.369127 9.99736E-05
9.99649E-05 9.99649E-05 9.99649E-05 0.117384 0.0162046 0.503911 0.362101 9.99649E-05
9.99473E-05 9.99473E-05 9.99473E-05 9.99473E-05 9.99473E-05 0.97579 0.0236107 9.99473E-05
9.99474E-05 9.99474E-05 9.99474E-05 9.99474E-05 9.99474E-05 0.913096 0.0863042 9.99474E-05
0.00311358 0.0588538 9.99649E-05 9.99649E-05 9.99649E-05 0.794976 0.142656 9.99649E-05
9.99649E-05 9.99649E-05 0.011924 9.99649E-05 0.0943646 0.648673 0.244639 9.99649E-05
0.0445643 9.99648E-05 9.99648E-05 9.99648E-05 0.0379249 0.585085 0.332026 9.99648E-05
9.99561E-05 9.99561E-05 9.99561E-05 9.99561E-05 9.99561E-05 0.589193 0.35294 0.0573672
9.99474E-05 9.99474E-05 9.99474E-05 9.99474E-05 9.99474E-05 0.926151 0.0732491 9.99474E-05
0.0521756 9.99824E-05 9.99824E-05 0.0462613 0.0267938 0.440214 0.419469 0.0148866
0.104933 9.99648E-05 9.99648E-05 9.99648E-05 0.0148935 0.506324 0.37345 9.99648E-05
0.0508861 9.99649E-05 9.99649E-05 0.288533 0.0169775 0.643203 9.99649E-05 9.99649E-05
0.0457276 9.99649E-05 9.99649E-05 0.262315 9.99649E-05 0.485956 0.205602 9.99649E-05
9.99562E-05 0.0970126 9.99562E-05 0.127011 9.99562E-05 0.775477 9.99562E-05 9.99562E-05
9.99473E-05 9.99473E-05 9.99473E-05 9.99473E-05 9.99473E-05 0.446539 0.552861 9.99473E-05
0.0205775 9.99649E-05 0.175964 0.293228 9.99649E-05 0.509831 9.99649E-05 9.99649E-05
9.99561E-05 9.99561E-05 9.99561E-05 0.130894 9.99561E-05 0.811606 0.0570002 9.99561E-05
9.99561E-05 9.99561E-05 9.99561E-05 0.255312 9.99561E-05 0.539879 0.20431 9.99561E-05
9.99474E-05 9.99474E-05 9.99474E-05 0.171216 9.99474E-05 0.828185 9.99474E-05 9.99474E-05
0.00338831 9.99736E-05 0.0630374 9.99736E-05 0.0544658 0.763509 0.115299 9.99736E-05
9.99474E-05 9.99474E-05 9.99474E-05 0.225896 9.99474E-05 0.773504 9.99474E-05 9.99474E-05
9.99649E-05 9.99649E-05 9.99649E-05 0.0407089 0.0174609 0.446603 0.494827 9.99649E-05
9.99648E-05 9.99648E-05 9.99648E-05 9.99648E-05 0.056834 0.569769 0.284387 0.0886101
0.0498551 9.99824E-05 0.0486992 9.99824E-05 0.0607674 0.438631 0.340848 0.0609999
9.99474E-05 9.99474E-05 9.99474E-05 0.0332267 9.99474E-05 0.966174 9.99474E-05 9.99474E-05
9.99649E-05 9.99649E-05 9.99649E-05 0.0305987 0.0249932 0.543952 0.400057 9.99649E-05
0.17408 9.99648E-05 9.99648E-05 0.225149 9.99648E-05 0.481105 0.119265 9.99648E-05
9.99649E-05 9.99649E-05 9.99649E-05 0.143969 0.020846 0.795996 0.03879 9.99649E-05
0.00721795 9.99736E-05 0.148646 9.99736E-05 0.00262213 0.581459 0.259755 9.99736E-05
9.9956E-05 9.9956E-05 9.9956E-05 9.9956E-05 0.0348082 0.30337 0.661323 9.9956E-05
0.0269074 9.99824E-05 0.000979531 9.99824E-05 0.0614263 0.412832 0.467352 0.0303023
0.056774 9.99648E-05 9.99648E-05 9.99648E-05 0.00610273 0.45913 0.477594 9.99648E-05
0.240545 0.00199955 0.0056261 0.186037 0.00154575 0.386239 0.111412 0.066596
0.0130311 9.99736E-05 0.157506 0.225078 9.99736E-05 0.380336 0.223749 9.99736E-05
9.99561E-05 9.99561E-05 9.99561E-05 0.122166 9.99561E-05 0.252314 0.62502 9.99561E-05
0.138703 9.99736E-05 9.99736E-05 0.257706 0.151139 0.422419 0.0297335 9.99736E-05
9.99561E-05 9.99561E-05 9.99561E-05 0.158647 9.99561E-05 0.611369 0.229484 9.99561E-05
9.99474E-05 9.99474E-05 9.99474E-05 0.235506 9.99474E-05 0.763894 9.99474E-05 9.99474E-05
9.9956E-05 9.9956E-05 9.9956E-05 9.9956E-05 9.9956E-05 0.367174 0.375227 0.257099
9.99736E-05 9.99736E-05 9.99736E-05 0.0483819 0.120341 0.44268 0.341469 0.0468279
9.99561E-05 9.99561E-05 0.0855355 9.99561E-05 9.99561E-05 0.552064 0.3619 9.99561E-05
0.0278607 9.99736E-05 9.99736E-05 0.0312988 9.99736E-05 0.286947 0.537639 0.115955
0.0291687 9.99824E-05 0.068232 9.99824E-05 0.0775489 0.394455 0.207873 0.222522
9.99561E-05 9.99561E-05 0.0310987 9.99561E-05 9.99561E-05 0.451131 0.51727 9.99561E-05
0.1497 9.99824E-05 0.0623443 0.20771 0.0456354 0.307882 0.226528 9.99824E-05
9.99562E-05 9.99562E-05 9.99562E-05 0.144532 9.99562E-05 0.771252 0.0837159 9.99562E-05
9.99562E-05 9.99562E-05 9.99562E-05 0.136245 9.99562E-05 0.733713 0.129542 9.99562E-05
0.0606327 9.99649E-05 9.99649E-05 0.0385847 9.99649E-05 0.50932 0.391062 9.99649E-05
0.0403425 9.99736E-05 0.208468 0.296046 9.99736E-05 0.370376 0.0844672 9.99736E-05
9.99474E-05 9.99474E-05 9.99474E-05 0.127834 9.99474E-05 0.871566 9.99474E-05 9.99474E-05
9.99562E-05 0.0195 9.99562E-05 0.128721 9.99562E-05 0.851279 9.99562E-05 9.99562E-05
0.0412006 9.99649E-05 9.99649E-05 9.99649E-05 0.0244108 0.71487 0.219119 9.99649E-05
0.0205046 9.99649E-05 0.0379598 9.99649E-05 9.99649E-05 0.681767 0.259369 9.99649E-05
9.99561E-05 9.99561E-05 9.99561E-05 9.99561E-05 0.0351939 0.84849 0.115816 9.99561E-05
0.00690146 9.99648E-05 0.105129 9.99648E-05 9.99648E-05 0.519598 0.367972 9.99648E-05
0.0755244 9.996E-05 9.996E-05 9.996E-05 9.996E-05 0.468611 0.339297 0.116168
0.233087 9.99912E-05 0.0675578 0.082552 0.0536053 0.321056 0.18355 0.0584914
9.9956E-05 9.9956E-05 9.9956E-05 0.196794 9.9956E-05 0.520202 0.282504 9.9956E-05
0.014852 9.99648E-05 9.99648E-05 0.0517258 9.99648E-05 0.604458 0.328565 9.99648E-05
9.99648E-05 9.99648E-05 0.185226 9.99648E-05 0.0588972 0.438398 0.317079 9.99648E-05
0.063586 9.99737E-05 9.99737E-05 9.99737E-05 0.0243143 0.795429 0.0978856 0.0184849
0.132153 9.99824E-05 9.99824E-05 0.298497 0.0534061 0.259162 0.0933565 0.163226
9.99648E-05 9.99648E-05 0.139917 9.99648E-05 0.00897712 0.616423 0.234283 9.99648E-05
9.995E-05 9.995E-05 9.995E-05 9.995E-05 0.143141 0.400087 0.456271 9.995E-05
0.0595078 9.99648E-05 9.99648E-05 0.315075 9.99648E-05 0.354883 0.270134 9.99648E-05
9.99649E-05 9.99649E-05 9.99649E-05 9.99649E-05 0.0393463 0.513248 0.298944 0.148062
9.99473E-05 9.99473E-05 9.99473E-05 0.444164 9.99473E-05 0.555237 9.99473E-05 9.99473E-05
9.99648E-05 9.99648E-05 0.0530683 9.99648E-05 0.126954 0.356499 0.463078 9.99648E-05
0.0169394 9.99649E-05 9.99649E-05 0.0706077 9.99649E-05 0.909108 0.00294508 9.99649E-05
0.0336096 9.99737E-05 0.00692069 0.209555 9.99737E-05 0.656091 0.093524 9.99737E-05
0.0250597 9.99736E-05 9.99736E-05 9.99736E-05 0.0601315 0.406623 0.389311 0.118574
0.0567669 9.99824E-05 9.99824E-05 0.13107 0.00966394 0.407379 0.322024 0.0728961
9.99649E-05 9.99649E-05 9.99649E-05 0.453692 0.0708104 9.99649E-05 0.274839 0.200259
9.99649E-05 9.99649E-05 9.99649E-05 0.618064 0.0371116 9.99649E-05 0.212736 0.131689
9.99649E-05 9.99649E-05 9.99649E-05 0.446042 0.0315995 9.99649E-05 0.233485 0.288474
0.135733 9.99825E-05 9.99825E-05 0.570902 0.0220366 0.1481 0.0657429 0.0572851
0.0423546 9.99912E-05 0.111815 0.425972 0.0475519 0.0696512 0.181163 0.121392
0.0111117 0.1898 9.99825E-05 0.584929 9.99825E-05 0.0292766 0.124785 0.0598973
9.99736E-05 0.034477 9.99736E-05 0.217501 0.0816382 9.99736E-05 0.582051 0.0840332
0.0291672 9.99825E-05 0.0500384 0.601453 0.0102109 9.99825E-05 0.141167 0.167763
9.99825E-05 0.178262 0.00840065 0.677658 0.0709426 0.0173297 9.99825E-05 0.0472076
9.99648E-05 9.99648E-05 9.99648E-05 0.584316 0.0119074 9.99648E-05 0.190051 0.213325
9.99824E-05 9.99824E-05 0.0510562 0.277602 0.14654 0.0375707 0.242436 0.244596
0.220485 0.117934 9.99737E-05 0.541312 9.99737E-05 0.0809965 0.0389719 9.99737E-05
9.99737E-05 9.99737E-05 0.00733557 0.369512 0.0177331 9.99737E-05 0.385617 0.219502
9.99562E-05 0.3418 9.99562E-05 0.654429 9.99562E-05 9.99562E-05 0.00327159 9.99562E-05
0.00777077 0.0469953 9.99912E-05 0.421203 0.178992 0.072958 0.254973 0.0170089
9.99649E-05 9.99649E-05 9.99649E-05 0.336274 0.0935325 9.99649E-05 0.271081 0.298712
9.99649E-05 9.99649E-05 9.99649E-05 0.593247 0.152268 9.99649E-05 0.200295 0.0537902
0.0447439 0.022392 9.99737E-05 0.665096 9.99737E-05 9.99737E-05 0.0780753 0.189392
0.0579092 9.99737E-05 9.99737E-05 0.493619 0.16978 9.99737E-05 0.195897 0.0824941
9.99561E-05 9.99561E-05 9.99561E-05 0.509063 9.99561E-05 9.99561E-05 0.292261 0.198176
9.99649E-05 0.0711021 9.99649E-05 0.388159 0.131322 9.99649E-05 0.409017 9.99649E-05
9.99824E-05 0.118247 9.99824E-05 0.431818 0.109185 0.0481921 0.211831 0.080527
0.134985 0.0853424 0.0585788 0.278079 0.0394412 9.99825E-05 0.403373 9.99825E-05
9.994E-05 9.994E-05 9.994E-05 0.9993 9.994E-05 9.994E-05 9.994E-05 9.994E-05
0.08387 9.99648E-05 0.0422689 0.8165 9.99648E-05 9.99648E-05 0.0569609 9.99648E-05
9.99472E-05 9.99472E-05 9.99472E-05 0.815414 9.99472E-05 9.99472E-05 0.183987 9.99472E-05
9.99472E-05 9.99472E-05 9.99472E-05 0.856303 9.99472E-05 9.99472E-05 0.143098 9.99472E-05
9.994E-05 9.994E-05 9.994E-05 0.9993 9.994E-05 9.994E-05 9.994E-05 9.994E-05
9.99472E-05 9.99472E-05 9.99472E-05 0.930759 9.99472E-05 9.99472E-05 0.0686417 9.99472E-05
9.99472E-05 9.99472E-05 0.0132453 0.986155 9.99472E-05 9.99472E-05 9.99472E-05 9.99472E-05
0.105715 9.99473E-05 9.99473E-05 0.893685 9.99473E-05 9.99473E-05 9.99473E-05 9.99473E-05
9.99473E-05 9.99473E-05 9.99473E-05 0.78602 9.99473E-05 9.99473E-05 0.21338 9.99473E-05
9.9956E-05 9.9956E-05 9.9956E-05 0.687454 0.112272 9.9956E-05 0.199775 9.9956E-05
9.99472E-05 9.99472E-05 0.017748 0.981652 9.99472E-05 9.99472E-05 9.99472E-05 9.99472E-05
9.994E-05 9.994E-05 9.994E-05 0.9993 9.994E-05 9.994E-05 9.994E-05 9.994E-05
9.9956E-05 9.9956E-05 9.9956E-05 0.707227 0.0372807 9.9956E-05 0.254993 9.9956E-05
9.994E-05 9.994E-05 9.994E-05 0.9993 9.994E-05 9.994E-05 9.994E-05 9.994E-05
9.994E-05 9.994E-05 9.994E-05 0.9993 9.994E-05 9.994E-05 9.994E-05 9.994E-05
9.99561E-05 9.99561E-05 9.99561E-05 0.906696 9.99561E-05 0.0300052 0.0627995 9.99561E-05
9.99472E-05 9.99472E-05 0.00177958 0.997621 9.99472E-05 9.99472E-05 9.99472E-05 9.99472E-05
9.994E-05 9.994E-05 9.994E-05 0.9993 9.994E-05 9.994E-05 9.994E-05 9.994E-05
9.99472E-05 9.99472E-05 9.99472E-05 0.961217 9.99472E-05 9.99472E-05 0.0381833 9.99472E-05
9.994E-05 9.994E-05 9.994E-05 0.9993 9.994E-05 9.994E-05 9.994E-05 9.994E-05
9.99472E-05 9.99472E-05 9.99472E-05 0.615181 9.99472E-05 9.99472E-05 0.384219 9.99472E-05
9.994E-05 9.994E-05 9.994E-05 0.9993 9.994E-05 9.994E-05 9.994E-05 9.994E-05
9.99472E-05 9.99472E-05 9.99472E-05 0.652213 9.99472E-05 9.99472E-05 0.347187 9.99472E-05
0.0492925 9.99649E-05 9.99649E-05 0.0303777 9.99649E-05 0.882263 0.0376666 9.99649E-05
9.994E-05 9.994E-05 9.994E-05 0.9993 9.994E-05 9.994E-05 9.994E-05 9.994E-05
9.994E-05 9.994E-05 9.994E-05 0.9993 9.994E-05 9.994E-05 9.994E-05 9.994E-05
0.0333487 9.99736E-05 9.99736E-05 0.726698 0.0240535 9.99736E-05 0.191854 0.0237453
9.994E-05 9.994E-05 9.994E-05 0.9993 9.994E-05 9.994E-05 9.994E-05 9.994E-05
9.99472E-05 9.99472E-05 9.99472E-05 0.66388 9.99472E-05 9.99472E-05 0.335521 9.99472E-05
9.994E-05 9.994E-05 9.994E-05 0.9993 9.994E-05 9.994E-05 9.994E-05 9.994E-05
9.994E-05 9.994E-05 9.994E-05 0.9993 9.994E-05 9.994E-05 9.994E-05 9.994E-05
0.0194331 9.99472E-05 9.99472E-05 0.979967 9.99472E-05 9.99472E-05 9.99472E-05 9.99472E-05
9.99473E-05 9.99473E-05 0.0443782 0.955022 9.99473E-05 9.99473E-05 9.99473E-05 9.99473E-05
9.99472E-05 9.99472E-05 9.99472E-05 0.917265 9.99472E-05 9.99472E-05 0.0821354 9.99472E-05
9.994E-05 9.994E-05 9.994E-05 0.9993 9.994E-05 9.994E-05 9.994E-05 9.994E-05
9.99472E-05 9.99472E-05 9.99472E-05 0.977272 9.99472E-05 9.99472E-05 0.0221286 9.99472E-05
9.99472E-05 9.99472E-05 9.99472E-05 0.844931 9.99472E-05 9.99472E-05 0.154469 9.99472E-05
9.994E-05 9.994E-05 9.994E-05 0.9993 9.994E-05 9.994E-05 9.994E-05 9.994E-05
9.9956E-05 9.9956E-05 9.9956E-05 0.881022 9.9956E-05 9.9956E-05 0.0795241 0.0389543
9.994E-05 9.994E-05 9.994E-05 0.9993 9.994E-05 9.994E-05 9.994E-05 9.994E-05
9.994E-05 9.994E-05 9.994E-05 0.9993 9.994E-05 9.994E-05 9.994E-05 9.994E-05
9.994E-05 9.994E-05 9.994E-05 0.9993 9.994E-05 9.994E-05 9.994E-05 9.994E-05
0.0271353 9.99648E-05 0.0655201 0.575904 9.99648E-05 9.99648E-05 0.33104 9.99648E-05
9.99472E-05 9.99472E-05 9.99472E-05 0.949916 9.99472E-05 9.99472E-05 0.0494848 9.99472E-05
9.99824E-05 0.17494 0.0743292 0.082034 0.095389 9.99824E-05 0.208567 0.364541
9.99737E-05 0.0415607 9.99737E-05 0.0157067 0.0948688 9.99737E-05 0.324195 0.523369
9.99649E-05 9.99649E-05 9.99649E-05 0.0368364 0.193948 9.99649E-05 0.354186 0.41463
9.99737E-05 0.101085 9.99737E-05 0.0392644 0.133214 9.99737E-05 0.320709 0.405427
9.99737E-05 0.0764997 9.99737E-05 0.0504763 0.12871 9.99737E-05 0.339931 0.404083
9.99824E-05 0.0785269 0.0882196 0.0991265 0.115336 9.99824E-05 0.306455 0.312137
9.99649E-05 0.0677433 9.99649E-05 9.99649E-05 0.0827216 9.99649E-05 0.352999 0.496136
9.99737E-05 0.089094 9.99737E-05 0.016736 0.0830235 9.99737E-05 0.388158 0.422688
9.99561E-05 9.99561E-05 9.99561E-05 9.99561E-05 0.0932536 9.99561E-05 0.48488 0.421366
0.0423131 0.112229 0.160553 0.0850997 0.235262 9.99912E-05 0.334337 0.0301061
9.99824E-05 0.00402337 0.0580103 0.190662 0.167339 9.99824E-05 0.288516 0.291249
9.99649E-05 9.99649E-05 9.99649E-05 0.123976 0.124612 9.99649E-05 0.227441 0.523571
9.99649E-05 0.108368 9.99649E-05 9.99649E-05 0.131323 9.99649E-05 0.264878 0.495031
9.99737E-05 0.117343 9.99737E-05 0.0113162 0.197433 9.99737E-05 0.300754 0.372855
9.99824E-05 0.0580514 0.00491695 0.0704257 0.0660317 9.99824E-05 0.240513 0.559861
9.99737E-05 0.0586961 9.99737E-05 0.0673756 0.041497 9.99737E-05 0.239138 0.592994
9.99824E-05 0.0577085 0.0271443 0.0899218 0.124507 9.99824E-05 0.296534 0.403985
9.99737E-05 0.023428 9.99737E-05 0.0783502 0.0674104 9.99737E-05 0.369136 0.461376
9.99825E-05 0.0248473 0.00384611 0.0184575 0.210068 9.99825E-05 0.373329 0.369253
9.99736E-05 0.147932 0.0373154 9.99736E-05 0.163398 9.99736E-05 0.319856 0.331199
9.994E-05 9.994E-05 9.994E-05 9.994E-05 0.9993 9.994E-05 9.994E-05 9.994E-05
9.994E-05 9.994E-05 9.994E-05 9.994E-05 0.9993 9.994E-05 9.994E-05 9.994E-05
9.994E-05 9.994E-05 9.994E-05 9.994E-05 0.9993 9.994E-05 9.994E-05 9.994E-05
9.994E-05 9.994E-05 9.994E-05 9.994E-05 0.9993 9.994E-05 9.994E-05 9.994E-05
9.994E-05 9.994E-05 9.994E-05 9.994E-05 0.9993 9.994E-05 9.994E-05 9.994E-05
9.994E-05 9.994E-05 9.994E-05 9.994E-05 0.9993 9.994E-05 9.994E-05 9.994E-05
9.994E-05 9.994E-05 9.994E-05 9.994E-05 0.9993 9.994E-05 9.994E-05 9.994E-05
9.994E-05 9.994E-05 9.994E-05 9.994E-05 0.9993 9.994E-05 9.994E-05 9.994E-05
9.994E-05 9.994E-05 9.994E-05 9.994E-05 0.9993 9.994E-05 9.994E-05 9.994E-05
9.994E-05 9.994E-05 9.994E-05 9.994E-05 0.9993 9.994E-05 9.994E-05 9.994E-05
9.994E-05 9.994E-05 9.994E-05 9.994E-05 0.9993 9.994E-05 9.994E-05 9.994E-05
9.994E-05 9.994E-05 9.994E-05 9.994E-05 0.9993 9.994E-05 9.994E-05 9.994E-05
9.99472E-05 9.99472E-05 0.00943538 9.99472E-05 0.989965 9.99472E-05 9.99472E-05 9.99472E-05
9.994E-05 9.994E-05 9.994E-05 9.994E-05 0.9993 9.994E-05 9.994E-05 9.994E-05
9.994E-05 9.994E-05 9.994E-05 9.994E-05 0.9993 9.994E-05 9.994E-05 9.994E-05
9.994E-05 9.994E-05 9.994E-05 9.994E-05 0.9993 9.994E-05 9.994E-05 9.994E-05
9.994E-05 9.994E-05 9.994E-05 9.994E-05 0.9993 9.994E-05 9.994E-05 9.994E-05
9.994E-05 9.994E-05 9.994E-05 9.994E-05 0.9993 9.994E-05 9.994E-05 9.994E-05
9.994E-05 9.994E-05 9.994E-05 9.994E-05 0.9993 9.994E-05 9.994E-05 9.994E-05
9.994E-05 9.994E-05 9.994E-05 9.994E-05 0.9993 9.994E-05 9.994E-05 9.994E-05
9.994E-05 9.994E-05 9.994E-05 9.994E-05 0.9993 9.994E-05 9.994E-05 9.994E-05
9.994E-05 9.994E-05 9.994E-05 9.994E-05 0.9993 9.994E-05 9.994E-05 9.994E-05
9.994E-05 9.994E-05 9.994E-05 9.994E-05 0.9993 9.994E-05 9.994E-05 9.994E-05
9.994E-05 9.994E-05 9.994E-05 9.994E-05 0.9993 9.994E-05 9.994E-05 9.994E-05
9.994E-05 9.994E-05 9.994E-05 9.994E-05 0.9993 9.994E-05 9.994E-05 9.994E-05
9.994E-05 9.994E-05 9.994E-05 9.994E-05 0.9993 9.994E-05 9.994E-05 9.994E-05
9.994E-05 9.994E-05 9.994E-05 9.994E-05 0.9993 9.994E-05 9.994E-05 9.994E-05
9.994E-05 9.994E-05 9.994E-05 9.994E-05 0.9993 9.994E-05 9.994E-05 9.994E-05
9.994E-05 9.994E-05 9.994E-05 9.994E-05 0.9993 9.994E-05 9.994E-05 9.994E-05
9.994E-05 9.994E-05 9.994E-05 9.994E-05 0.9993 9.994E-05 9.994E-05 9.994E-05
9.994E-05 9.994E-05 9.994E-05 9.994E-05 0.9993 9.994E-05 9.994E-05 9.994E-05
