9.98245E-05 9.98245E-05 0.0939583 9.98245E-05 0.0116494 9.98245E-05 9.98245E-05 9.98245E-05 9.98245E-05 0.0677808 9.98245E-05 9.98245E-05 9.98245E-05 9.98245E-05 9.98245E-05 9.98245E-05 9.98245E-05 9.98245E-05 0.300412 9.98245E-05 0.0681587 9.98245E-05 0.0932944 0.36275 9.98245E-05 9.98245E-05 9.98245E-05
9.98071E-05 9.98071E-05 9.98071E-05 9.98071E-05 9.98071E-05 0.456022 9.98071E-05 9.98071E-05 0.190764 9.98071E-05 9.98071E-05 9.98071E-05 9.98071E-05 9.98071E-05 9.98071E-05 9.98071E-05 9.98071E-05 9.98071E-05 0.0518825 9.98071E-05 0.0284922 9.98071E-05 9.98071E-05 0.270643 9.98071E-05 9.98071E-05 9.98071E-05
9.97982E-05 9.97982E-05 9.97982E-05 9.97982E-05 9.97982E-05 0.904784 9.97982E-05 9.97982E-05 9.97982E-05 9.97982E-05 9.97982E-05 9.97982E-05 9.97982E-05 9.97982E-05 9.97982E-05 9.97982E-05 9.97982E-05 9.97982E-05 9.97982E-05 9.97982E-05 9.97982E-05 9.97982E-05 0.0196113 0.0436616 9.97982E-05 0.029648 9.97982E-05
9.98247E-05 9.98247E-05 0.177003 9.98247E-05 0.0618413 9.98247E-05 9.98247E-05 9.98247E-05 9.98247E-05 9.98247E-05 0.0015501 9.98247E-05 9.98247E-05 9.98247E-05 9.98247E-05 0.244653 9.98247E-05 9.98247E-05 9.98247E-05 9.98247E-05 9.98247E-05 9.98247E-05 0.106068 0.278301 9.98247E-05 0.128587 9.98247E-05
9.97896E-05 0.0514667 9.97896E-05 9.97896E-05 9.97896E-05 9.97896E-05 9.97896E-05 9.97896E-05 9.97896E-05 9.97896E-05 9.97896E-05 9.97896E-05 0.0644519 9.97896E-05 9.97896E-05 9.97896E-05 9.97896E-05 9.97896E-05 9.97896E-05 9.97896E-05 9.97896E-05 9.97896E-05 9.97896E-05 0.881686 9.97896E-05 9.97896E-05 9.97896E-05
9.98335E-05 9.98335E-05 9.98335E-05 9.98335E-05 9.98335E-05 0.103945 0.13854 9.98335E-05 9.98335E-05 9.98335E-05 0.0986952 9.98335E-05 0.109211 9.98335E-05 9.98335E-05 9.98335E-05 9.98335E-05 9.98335E-05 0.256472 9.98335E-05 0.030041 9.98335E-05 9.98335E-05 0.0531521 9.98335E-05 0.208046 9.98335E-05
9.98686E-05 0.00522145 9.98686E-05 0.133923 0.106815 9.98686E-05 0.0460657 0.0220606 9.98686E-05 9.98686E-05 9.98686E-05 9.98686E-05 9.98686E-05 9.98686E-05 9.98686E-05 0.0622013 0.0646886 9.98686E-05 0.107481 9.98686E-05 0.040162 9.98686E-05 0.0191595 0.312083 9.98686E-05 9.98686E-05 0.0786404
0.0492005 0.0689975 9.98773E-05 9.98773E-05 0.000256713 0.162203 0.0993215 9.98773E-05 9.98773E-05 9.98773E-05 0.102191 9.98773E-05 0.0676344 9.98773E-05 9.98773E-05 0.00590845 9.98773E-05 0.031127 0.086697 0.0356175 9.98773E-05 9.98773E-05 0.243498 9.98773E-05 9.98773E-05 0.0459493 9.98773E-05
9.98422E-05 9.98422E-05 9.98422E-05 9.98422E-05 9.98422E-05 9.98422E-05 9.98422E-05 9.98422E-05 9.98422E-05 0.157073 0.212348 9.98422E-05 0.0162609 9.98422E-05 9.98422E-05 9.98422E-05 0.0231666 9.98422E-05 9.98422E-05 9.98422E-05 0.0399114 9.98422E-05 0.0245986 0.296455 9.98422E-05 0.0515791 0.176811
9.97719E-05 9.97719E-05 9.97719E-05 9.97719E-05 9.97719E-05 9.97719E-05 9.97719E-05 9.97719E-05 9.97719E-05 9.97719E-05 9.97719E-05 9.97719E-05 9.97719E-05 9.97719E-05 9.97719E-05 9.97719E-05 9.97719E-05 9.97719E-05 9.97719E-05 9.97719E-05 9.97719E-05 9.97719E-05 9.97719E-05 0.997406 9.97719E-05 9.97719E-05 9.97719E-05
9.9807E-05 9.9807E-05 9.9807E-05 9.9807E-05 0.127971 9.9807E-05 9.9807E-05 9.9807E-05 9.9807E-05 0.159861 9.9807E-05 9.9807E-05 9.9807E-05 9.9807E-05 9.9807E-05 9.9807E-05 9.9807E-05 9.9807E-05 0.114696 9.9807E-05 9.9807E-05 9.9807E-05 0.0150033 0.580273 9.9807E-05 9.9807E-05 9.9807E-05
9.97895E-05 9.97895E-05 9.97895E-05 9.97895E-05 9.97895E-05 0.9293 0.0408685 9.97895E-05 9.97895E-05 9.97895E-05 9.97895E-05 9.97895E-05 9.97895E-05 9.97895E-05 9.97895E-05 9.97895E-05 9.97895E-05 0.0274361 9.97895E-05 9.97895E-05 9.97895E-05 9.97895E-05 9.97895E-05 9.97895E-05 9.97895E-05 9.97895E-05 9.97895E-05
9.97983E-05 9.97983E-05 9.97983E-05 9.97983E-05 9.97983E-05 9.97983E-05 9.97983E-05 9.97983E-05 0.0809712 0.0350784 9.97983E-05 9.97983E-05 9.97983E-05 9.97983E-05 9.97983E-05 9.97983E-05 9.97983E-05 9.97983E-05 9.97983E-05 9.97983E-05 9.97983E-05 9.97983E-05 0.0231796 0.858475 9.97983E-05 9.97983E-05 9.97983E-05
9.98158E-05 9.98158E-05 9.98158E-05 9.98158E-05 0.0186304 0.561149 9.98158E-05 9.98158E-05 9.98158E-05 9.98158E-05 9.98158E-05 0.0527727 9.98158E-05 9.98158E-05 9.98158E-05 9.98158E-05 9.98158E-05 0.0142465 9.98158E-05 9.98158E-05 9.98158E-05 9.98158E-05 0.082103 9.98158E-05 0.269003 9.98158E-05 9.98158E-05
9.98508E-05 9.98508E-05 0.0209138 9.98508E-05 9.98508E-05 9.98508E-05 9.98508E-05 0.0603747 9.98508E-05 0.0630992 0.0740759 0.0212297 0.0177827 9.98508E-05 9.98508E-05 9.98508E-05 0.0546065 9.98508E-05 0.211776 9.98508E-05 9.98508E-05 9.98508E-05 9.98508E-05 0.342136 9.98508E-05 0.132309 9.98508E-05
0.086927 9.98507E-05 0.0393062 9.98507E-05 9.98507E-05 9.98507E-05 0.013324 9.98507E-05 9.98507E-05 0.0591733 0.162299 9.98507E-05 9.98507E-05 9.98507E-05 9.98507E-05 0.108048 9.98507E-05 0.0621064 0.194526 9.98507E-05 9.98507E-05 9.98507E-05 0.0937098 0.178883 9.98507E-05 9.98507E-05 9.98507E-05
9.9851E-05 9.9851E-05 0.0298856 9.9851E-05 0.0245764 0.0790076 9.9851E-05 0.0879915 9.9851E-05 0.00101274 9.9851E-05 9.9851E-05 9.9851E-05 0.100216 9.9851E-05 0.0346635 9.9851E-05 9.9851E-05 9.9851E-05 9.9851E-05 0.0568363 9.9851E-05 0.037293 0.54682 9.9851E-05 9.9851E-05 9.9851E-05
9.98203E-05 0.105133 9.98203E-05 9.98203E-05 9.98203E-05 9.98203E-05 0.0153041 9.98203E-05 9.98203E-05 0.085185 0.0283834 9.98203E-05 9.98203E-05 9.98203E-05 0.0622689 9.98203E-05 9.98203E-05 9.98203E-05 0.291499 0.0807346 9.98203E-05 9.98203E-05 0.225852 0.103843 9.98203E-05 9.98203E-05 9.98203E-05
9.98157E-05 9.98157E-05 9.98157E-05 9.98157E-05 9.98157E-05 9.98157E-05 0.191206 9.98157E-05 9.98157E-05 0.18617 0.118362 0.00136328 9.98157E-05 9.98157E-05 9.98157E-05 9.98157E-05 9.98157E-05 9.98157E-05 9.98157E-05 9.98157E-05 9.98157E-05 9.98157E-05 0.161058 0.339745 9.98157E-05 9.98157E-05 9.98157E-05
9.97809E-05 9.97809E-05 0.0328382 9.97809E-05 9.97809E-05 9.97809E-05 9.97809E-05 9.97809E-05 9.97809E-05 9.97809E-05 9.97809E-05 9.97809E-05 9.97809E-05 9.97809E-05 9.97809E-05 9.97809E-05 9.97809E-05 9.97809E-05 9.97809E-05 9.97809E-05 9.97809E-05 9.97809E-05 9.97809E-05 0.964667 9.97809E-05 9.97809E-05 9.97809E-05
9.98422E-05 0.10486 9.98422E-05 9.98422E-05 0.0104131 0.169772 9.98422E-05 9.98422E-05 9.98422E-05 0.0234203 0.142813 9.98422E-05 9.98422E-05 9.98422E-05 9.98422E-05 9.98422E-05 9.98422E-05 0.163377 9.98422E-05 9.98422E-05 9.98422E-05 9.98422E-05 0.00355981 0.368028 9.98422E-05 9.98422E-05 0.0119595
9.98511E-05 9.98511E-05 9.98511E-05 0.00843975 9.98511E-05 9.98511E-05 0.071644 9.98511E-05 9.98511E-05 9.98511E-05 0.113742 0.0310674 0.0531498 9.98511E-05 9.98511E-05 9.98511E-05 0.0705596 9.98511E-05 9.98511E-05 0.0120412 9.98511E-05 9.98511E-05 0.280611 0.290262 9.98511E-05 0.066786 9.98511E-05
9.97983E-05 9.97983E-05 9.97983E-05 9.97983E-05 0.0470558 0.753466 9.97983E-05 9.97983E-05 9.97983E-05 0.0479251 9.97983E-05 9.97983E-05 9.97983E-05 9.97983E-05 9.97983E-05 9.97983E-05 9.97983E-05 9.97983E-05 0.149258 9.97983E-05 9.97983E-05 9.97983E-05 9.97983E-05 9.97983E-05 9.97983E-05 9.97983E-05 9.97983E-05
9.9807E-05 9.9807E-05 9.9807E-05 9.9807E-05 9.9807E-05 9.9807E-05 9.9807E-05 9.9807E-05 9.9807E-05 0.210809 9.9807E-05 9.9807E-05 9.9807E-05 9.9807E-05 9.9807E-05 9.9807E-05 9.9807E-05 0.0232426 9.9807E-05 9.9807E-05 9.9807E-05 9.9807E-05 0.29195 0.390214 9.9807E-05 9.9807E-05 0.0815889
9.98509E-05 9.98509E-05 0.112185 9.98509E-05 0.00679647 0.0667114 9.98509E-05 9.98509E-05 9.98509E-05 0.235464 0.0131268 0.113353 9.98509E-05 9.98509E-05 9.98509E-05 0.0759062 9.98509E-05 9.98509E-05 9.98509E-05 9.98509E-05 9.98509E-05 9.98509E-05 0.0159487 0.228306 9.98509E-05 0.130505 9.98509E-05
9.98072E-05 9.98072E-05 9.98072E-05 9.98072E-05 9.98072E-05 9.98072E-05 9.98072E-05 9.98072E-05 9.98072E-05 0.0806382 9.98072E-05 9.98072E-05 9.98072E-05 0.0209756 9.98072E-05 0.110094 9.98072E-05 9.98072E-05 9.98072E-05 9.98072E-05 9.98072E-05 9.98072E-05 9.98072E-05 0.699725 9.98072E-05 0.0863706 9.98072E-05
9.98104E-05 0.0331191 9.98104E-05 9.98104E-05 9.98104E-05 9.98104E-05 9.98104E-05 0.0268018 9.98104E-05 0.053731 9.98104E-05 9.98104E-05 9.98104E-05 9.98104E-05 9.98104E-05 9.98104E-05 0.277539 9.98104E-05 9.98104E-05 0.0717218 9.98104E-05 9.98104E-05 0.22547 0.0128192 9.98104E-05 0.296902 9.98104E-05
9.98335E-05 9.98335E-05 9.98335E-05 9.98335E-05 9.98335E-05 0.0536295 9.98335E-05 9.98335E-05 9.98335E-05 0.0190379 9.98335E-05 0.0275216 9.98335E-05 9.98335E-05 9.98335E-05 0.0966574 9.98335E-05 0.0143226 9.98335E-05 9.98335E-05 9.98335E-05 0.0621158 0.00367901 0.721139 9.98335E-05 9.98335E-05 9.98335E-05
9.98071E-05 9.98071E-05 9.98071E-05 9.98071E-05 9.98071E-05 0.531376 9.98071E-05 9.98071E-05 0.127173 0.133437 9.98071E-05 9.98071E-05 9.98071E-05 9.98071E-05 9.98071E-05 9.98071E-05 9.98071E-05 9.98071E-05 9.98071E-05 9.98071E-05 9.98071E-05 9.98071E-05 0.0540931 0.151725 9.98071E-05 9.98071E-05 9.98071E-05
9.9807E-05 9.9807E-05 9.9807E-05 9.9807E-05 9.9807E-05 0.79735 0.0387853 9.9807E-05 9.9807E-05 9.9807E-05 0.0657629 9.9807E-05 9.9807E-05 9.9807E-05 9.9807E-05 9.9807E-05 0.0237784 9.9807E-05 9.9807E-05 9.9807E-05 9.9807E-05 0.0721273 9.9807E-05 9.9807E-05 9.9807E-05 9.9807E-05 9.9807E-05
9.98158E-05 9.98158E-05 0.0310077 9.98158E-05 0.0941316 9.98158E-05 0.026549 9.98158E-05 9.98158E-05 9.98158E-05 9.98158E-05 9.98158E-05 9.98158E-05 9.98158E-05 9.98158E-05 9.98158E-05 0.168589 9.98158E-05 0.0242205 9.98158E-05 9.98158E-05 9.98158E-05 9.98158E-05 0.653406 9.98158E-05 9.98158E-05 9.98158E-05
9.98335E-05 9.98335E-05 9.98335E-05 9.98335E-05 0.0460644 9.98335E-05 0.0103304 9.98335E-05 0.101896 0.0956825 9.98335E-05 9.98335E-05 9.98335E-05 0.0439642 9.98335E-05 0.059134 9.98335E-05 9.98335E-05 9.98335E-05 9.98335E-05 9.98335E-05 9.98335E-05 9.98335E-05 0.523222 9.98335E-05 0.117809 9.98335E-05
0.00296613 9.98684E-05 9.98684E-05 0.00621491 0.0540669 0.34577 9.98684E-05 9.98684E-05 0.00376184 0.0987434 9.98684E-05 9.98684E-05 9.98684E-05 9.98684E-05 9.98684E-05 0.0102387 9.98684E-05 0.0014213 0.0763962 9.98684E-05 9.98684E-05 9.98684E-05 0.17138 0.141145 9.98684E-05 0.0863983 9.98684E-05
9.98245E-05 9.98245E-05 9.98245E-05 9.98245E-05 9.98245E-05 0.438401 0.065335 0.00506193 9.98245E-05 0.0617694 9.98245E-05 9.98245E-05 9.98245E-05 9.98245E-05 9.98245E-05 9.98245E-05 9.98245E-05 9.98245E-05 9.98245E-05 9.98245E-05 9.98245E-05 0.28275 0.123855 9.98245E-05 9.98245E-05 9.98245E-05 0.0208316
9.97985E-05 9.97985E-05 0.0552459 9.97985E-05 9.97985E-05 0.832721 9.97985E-05 9.97985E-05 9.97985E-05 9.97985E-05 9.97985E-05 9.97985E-05 9.97985E-05 9.97985E-05 9.97985E-05 9.97985E-05 9.97985E-05 9.97985E-05 9.97985E-05 9.97985E-05 0.0393178 9.97985E-05 9.97985E-05 0.0704198 9.97985E-05 9.97985E-05 9.97985E-05
9.98071E-05 9.98071E-05 9.98071E-05 9.98071E-05 9.98071E-05 9.98071E-05 9.98071E-05 9.98071E-05 0.0997041 9.98071E-05 0.0134477 9.98071E-05 9.98071E-05 9.98071E-05 9.98071E-05 0.133831 9.98071E-05 9.98071E-05 9.98071E-05 9.98071E-05 9.98071E-05 9.98071E-05 9.98071E-05 0.726929 9.98071E-05 9.98071E-05 0.023893
9.97986E-05 9.97986E-05 9.97986E-05 0.0285557 9.97986E-05 0.175913 0.106859 9.97986E-05 9.97986E-05 9.97986E-05 9.97986E-05 9.97986E-05 9.97986E-05 9.97986E-05 9.97986E-05 9.97986E-05 9.97986E-05 9.97986E-05 9.97986E-05 9.97986E-05 9.97986E-05 9.97986E-05 9.97986E-05 0.686378 9.97986E-05 9.97986E-05 9.97986E-05
9.98071E-05 9.98071E-05 0.0205889 9.98071E-05 9.98071E-05 0.783394 9.98071E-05 9.98071E-05 9.98071E-05 0.040901 0.103744 9.98071E-05 9.98071E-05 9.98071E-05 9.98071E-05 0.0491761 9.98071E-05 9.98071E-05 9.98071E-05 9.98071E-05 9.98071E-05 9.98071E-05 9.98071E-05 9.98071E-05 9.98071E-05 9.98071E-05 9.98071E-05
9.98247E-05 9.98247E-05 9.98247E-05 9.98247E-05 0.0469668 0.588284 0.00441554 9.98247E-05 9.98247E-05 0.150611 9.98247E-05 9.98247E-05 0.0398003 0.166677 9.98247E-05 9.98247E-05 9.98247E-05 0.00124883 9.98247E-05 9.98247E-05 9.98247E-05 9.98247E-05 9.98247E-05 9.98247E-05 9.98247E-05 9.98247E-05 9.98247E-05
0.0502276 9.98333E-05 9.98333E-05 9.98333E-05 9.98333E-05 0.51407 0.0504817 9.98333E-05 9.98333E-05 0.112648 9.98333E-05 9.98333E-05 9.98333E-05 9.98333E-05 9.98333E-05 9.98333E-05 9.98333E-05 0.0200402 9.98333E-05 9.98333E-05 9.98333E-05 0.0801354 0.0791609 9.98333E-05 9.98333E-05 0.0913391 9.98333E-05
9.97896E-05 9.97896E-05 9.97896E-05 9.97896E-05 9.97896E-05 9.97896E-05 9.97896E-05 9.97896E-05 9.97896E-05 0.0245639 9.97896E-05 9.97896E-05 9.97896E-05 9.97896E-05 9.97896E-05 9.97896E-05 0.0590142 9.97896E-05 9.97896E-05 9.97896E-05 9.97896E-05 9.97896E-05 9.97896E-05 0.914027 9.97896E-05 9.97896E-05 9.97896E-05
9.98073E-05 9.98073E-05 9.98073E-05 9.98073E-05 9.98073E-05 9.98073E-05 9.98073E-05 9.98073E-05 9.98073E-05 0.0767827 9.98073E-05 9.98073E-05 9.98073E-05 9.98073E-05 9.98073E-05 9.98073E-05 0.165822 9.98073E-05 9.98073E-05 9.98073E-05 9.98073E-05 9.98073E-05 0.0921583 0.63298 9.98073E-05 9.98073E-05 0.0300608
9.97894E-05 9.97894E-05 9.97894E-05 9.97894E-05 9.97894E-05 9.97894E-05 9.97894E-05 9.97894E-05 0.105221 9.97894E-05 9.97894E-05 9.97894E-05 9.97894E-05 9.97894E-05 9.97894E-05 9.97894E-05 9.97894E-05 9.97894E-05 9.97894E-05 9.97894E-05 9.97894E-05 9.97894E-05 9.97894E-05 0.73491 0.157473 9.97894E-05 9.97894E-05
9.98247E-05 9.98247E-05 9.98247E-05 9.98247E-05 0.021444 0.455441 9.98247E-05 9.98247E-05 9.98247E-05 0.180499 0.0655817 9.98247E-05 9.98247E-05 9.98247E-05 9.98247E-05 9.98247E-05 9.98247E-05 9.98247E-05 0.17187 9.98247E-05 9.98247E-05 9.98247E-05 0.102586 9.98247E-05 9.98247E-05 9.98247E-05 0.0005824
9.9807E-05 9.9807E-05 9.9807E-05 9.9807E-05 9.9807E-05 0.313138 9.9807E-05 0.163318 9.9807E-05 0.143827 9.9807E-05 9.9807E-05 0.0157851 9.9807E-05 9.9807E-05 9.9807E-05 9.9807E-05 9.9807E-05 9.9807E-05 9.9807E-05 9.9807E-05 9.9807E-05 0.361736 9.9807E-05 9.9807E-05 9.9807E-05 9.9807E-05
9.9807E-05 9.9807E-05 9.9807E-05 9.9807E-05 9.9807E-05 9.9807E-05 9.9807E-05 9.9807E-05 9.9807E-05 9.9807E-05 9.9807E-05 9.9807E-05 9.9807E-05 9.9807E-05 0.101885 9.9807E-05 0.00753561 0.00138785 9.9807E-05 9.9807E-05 9.9807E-05 9.9807E-05 9.9807E-05 0.883484 9.9807E-05 0.00351155 9.9807E-05
9.98157E-05 9.98157E-05 9.98157E-05 9.98157E-05 0.010959 9.98157E-05 9.98157E-05 9.98157E-05 9.98157E-05 0.0608298 0.0174312 9.98157E-05 9.98157E-05 9.98157E-05 9.98157E-05 0.0117391 9.98157E-05 9.98157E-05 9.98157E-05 0.0243821 9.98157E-05 9.98157E-05 9.98157E-05 0.872563 9.98157E-05 9.98157E-05 9.98157E-05
9.97719E-05 9.97719E-05 9.97719E-05 9.97719E-05 9.97719E-05 0.997406 9.97719E-05 9.97719E-05 9.97719E-05 9.97719E-05 9.97719E-05 9.97719E-05 9.97719E-05 9.97719E-05 9.97719E-05 9.97719E-05 9.97719E-05 9.97719E-05 9.97719E-05 9.97719E-05 9.97719E-05 9.97719E-05 9.97719E-05 9.97719E-05 9.97719E-05 9.97719E-05 9.97719E-05
9.98332E-05 0.013227 9.98332E-05 9.98332E-05 0.0222899 0.258888 9.98332E-05 9.98332E-05 9.98332E-05 0.112261 9.98332E-05 9.98332E-05 9.98332E-05 9.98332E-05 9.98332E-05 9.98332E-05 0.00622909 0.00367451 9.98332E-05 9.98332E-05 9.98332E-05 9.98332E-05 0.126664 0.454869 9.98332E-05 9.98332E-05 9.98332E-05
9.98162E-05 9.98162E-05 9.98162E-05 0.0743479 9.98162E-05 0.780773 0.102561 9.98162E-05 9.98162E-05 9.98162E-05 9.98162E-05 9.98162E-05 0.0189011 9.98162E-05 9.98162E-05 9.98162E-05 9.98162E-05 9.98162E-05 9.98162E-05 9.98162E-05 0.000391373 9.98162E-05 0.0209295 9.98162E-05 9.98162E-05 9.98162E-05 9.98162E-05
9.98683E-05 0.0245437 0.0437829 9.98683E-05 0.0793104 0.278707 9.98683E-05 9.98683E-05 9.98683E-05 0.138957 0.0115366 9.98683E-05 9.98683E-05 9.98683E-05 9.98683E-05 0.00214419 0.219193 9.98683E-05 0.00476458 9.98683E-05 9.98683E-05 9.98683E-05 9.98683E-05 0.0403654 9.98683E-05 0.154104 0.00109349
9.98422E-05 9.98422E-05 9.98422E-05 9.98422E-05 9.98422E-05 9.98422E-05 9.98422E-05 9.98422E-05 9.98422E-05 9.98422E-05 0.0151815 9.98422E-05 0.043721 9.98422E-05 0.00778899 0.0582348 9.98422E-05 0.0509979 9.98422E-05 9.98422E-05 9.98422E-05 0.0323757 0.146704 0.610376 9.98422E-05 9.98422E-05 0.0328235
9.98159E-05 9.98159E-05 9.98159E-05 0.000632595 9.98159E-05 9.98159E-05 9.98159E-05 9.98159E-05 9.98159E-05 0.0516974 9.98159E-05 0.0226908 9.98159E-05 9.98159E-05 9.98159E-05 9.98159E-05 9.98159E-05 9.98159E-05 9.98159E-05 0.0419635 0.00962321 9.98159E-05 9.98159E-05 0.871296 9.98159E-05 9.98159E-05 9.98159E-05
0.0996702 9.98072E-05 9.98072E-05 0.00962989 9.98072E-05 0.849501 9.98072E-05 9.98072E-05 9.98072E-05 9.98072E-05 9.98072E-05 9.98072E-05 0.0331252 9.98072E-05 9.98072E-05 9.98072E-05 9.98072E-05 9.98072E-05 9.98072E-05 0.00587762 9.98072E-05 9.98072E-05 9.98072E-05 9.98072E-05 9.98072E-05 9.98072E-05 9.98072E-05
9.97898E-05 9.97898E-05 9.97898E-05 9.97898E-05 9.97898E-05 0.799586 9.97898E-05 9.97898E-05 9.97898E-05 0.0306147 9.97898E-05 0.167404 9.97898E-05 9.97898E-05 9.97898E-05 9.97898E-05 9.97898E-05 9.97898E-05 9.97898E-05 9.97898E-05 9.97898E-05 9.97898E-05 9.97898E-05 9.97898E-05 9.97898E-05 9.97898E-05 9.97898E-05
0.0105073 9.98335E-05 0.0980575 9.98335E-05 9.98335E-05 0.219007 0.0338398 9.98335E-05 9.98335E-05 9.98335E-05 9.98335E-05 9.98335E-05 0.0145924 9.98335E-05 9.98335E-05 9.98335E-05 9.98335E-05 9.98335E-05 0.0547307 9.98335E-05 9.98335E-05 9.98335E-05 9.98335E-05 0.463932 9.98335E-05 0.103437 9.98335E-05
9.98244E-05 9.98244E-05 9.98244E-05 9.98244E-05 9.98244E-05 9.98244E-05 0.0753707 9.98244E-05 9.98244E-05 0.0204062 9.98244E-05 9.98244E-05 9.98244E-05 9.98244E-05 9.98244E-05 9.98244E-05 9.98244E-05 0.00484685 9.98244E-05 0.030143 0.0213693 9.98244E-05 0.0097963 0.836071 9.98244E-05 9.98244E-05 9.98244E-05
9.98072E-05 9.98072E-05 9.98072E-05 9.98072E-05 0.0190131 9.98072E-05 9.98072E-05 0.0683652 9.98072E-05 0.0261511 9.98072E-05 9.98072E-05 9.98072E-05 9.98072E-05 9.98072E-05 0.0238821 9.98072E-05 9.98072E-05 9.98072E-05 9.98072E-05 9.98072E-05 9.98072E-05 9.98072E-05 0.860393 9.98072E-05 9.98072E-05 9.98072E-05
9.98071E-05 0.0114848 9.98071E-05 9.98071E-05 9.98071E-05 0.934607 9.98071E-05 9.98071E-05 9.98071E-05 9.98071E-05 9.98071E-05 9.98071E-05 9.98071E-05 9.98071E-05 9.98071E-05 0.019873 0.000201712 9.98071E-05 9.98071E-05 0.0316379 9.98071E-05 9.98071E-05 9.98071E-05 9.98071E-05 9.98071E-05 9.98071E-05 9.98071E-05
9.98157E-05 9.98157E-05 9.98157E-05 9.98157E-05 9.98157E-05 9.98157E-05 9.98157E-05 9.98157E-05 9.98157E-05 0.128591 0.0619969 9.98157E-05 9.98157E-05 9.98157E-05 9.98157E-05 9.98157E-05 9.98157E-05 9.98157E-05 0.740096 0.0123674 9.98157E-05 9.98157E-05 0.0188715 9.98157E-05 9.98157E-05 0.0359808 9.98157E-05
9.97898E-05 9.97898E-05 9.97898E-05 9.97898E-05 9.97898E-05 9.97898E-05 9.97898E-05 9.97898E-05 0.049096 9.97898E-05 9.97898E-05 9.97898E-05 9.97898E-05 9.97898E-05 9.97898E-05 0.0343861 9.97898E-05 9.97898E-05 0.914123 9.97898E-05 9.97898E-05 9.97898E-05 9.97898E-05 9.97898E-05 9.97898E-05 9.97898E-05 9.97898E-05
0.00667867 9.97985E-05 9.97985E-05 9.97985E-05 0.0201586 9.97985E-05 9.97985E-05 9.97985E-05 9.97985E-05 9.97985E-05 9.97985E-05 9.97985E-05 9.97985E-05 9.97985E-05 9.97985E-05 9.97985E-05 9.97985E-05 9.97985E-05 0.964827 0.00604078 9.97985E-05 9.97985E-05 9.97985E-05 9.97985E-05 9.97985E-05 9.97985E-05 9.97985E-05
9.98245E-05 9.98245E-05 9.98245E-05 0.0677309 9.98245E-05 9.98245E-05 9.98245E-05 9.98245E-05 9.98245E-05 0.0107965 0.152242 9.98245E-05 9.98245E-05 9.98245E-05 9.98245E-05 9.98245E-05 9.98245E-05 9.98245E-05 0.414006 0.00996495 0.164608 9.98245E-05 9.98245E-05 9.98245E-05 9.98245E-05 0.178655 9.98245E-05
9.98242E-05 9.98242E-05 9.98242E-05 0.0421421 9.98242E-05 9.98242E-05 0.0309029 9.98242E-05 9.98242E-05 9.98242E-05 0.0814095 9.98242E-05 0.0582638 9.98242E-05 0.0127642 9.98242E-05 9.98242E-05 9.98242E-05 0.697184 9.98242E-05 9.98242E-05 9.98242E-05 0.0753371 9.98242E-05 9.98242E-05 9.98242E-05 9.98242E-05
9.98154E-05 9.98154E-05 9.98154E-05 9.98154E-05 9.98154E-05 9.98154E-05 9.98154E-05 9.98154E-05 9.98154E-05 0.152104 0.0556578 9.98154E-05 9.98154E-05 9.98154E-05 9.98154E-05 9.98154E-05 9.98154E-05 9.98154E-05 0.653428 9.98154E-05 9.98154E-05 9.98154E-05 0.119232 9.98154E-05 9.98154E-05 0.006817 0.0106654
9.9807E-05 9.9807E-05 9.9807E-05 9.9807E-05 0.0427095 9.9807E-05 9.9807E-05 9.9807E-05 9.9807E-05 0.0371906 9.9807E-05 9.9807E-05 9.9807E-05 9.9807E-05 9.9807E-05 0.120431 9.9807E-05 9.9807E-05 0.477426 9.9807E-05 0.320047 9.9807E-05 9.9807E-05 9.9807E-05 9.9807E-05 9.9807E-05 9.9807E-05
9.98331E-05 9.98331E-05 9.98331E-05 9.98331E-05 9.98331E-05 9.98331E-05 0.0145826 9.98331E-05 9.98331E-05 0.0305656 0.0471185 9.98331E-05 9.98331E-05 9.98331E-05 9.98331E-05 9.98331E-05 0.0384719 9.98331E-05 0.65975 0.137919 0.0490522 9.98331E-05 9.98331E-05 9.98331E-05 9.98331E-05 0.0206438 9.98331E-05
9.97809E-05 9.97809E-05 9.97809E-05 9.97809E-05 9.97809E-05 9.97809E-05 9.97809E-05 9.97809E-05 0.106995 9.97809E-05 9.97809E-05 9.97809E-05 9.97809E-05 9.97809E-05 9.97809E-05 9.97809E-05 9.97809E-05 9.97809E-05 0.890511 9.97809E-05 9.97809E-05 9.97809E-05 9.97809E-05 9.97809E-05 9.97809E-05 9.97809E-05 9.97809E-05
9.97807E-05 9.97807E-05 9.97807E-05 9.97807E-05 0.0431536 9.97807E-05 9.97807E-05 9.97807E-05 9.97807E-05 9.97807E-05 9.97807E-05 9.97807E-05 9.97807E-05 9.97807E-05 9.97807E-05 9.97807E-05 9.97807E-05 9.97807E-05 0.954352 9.97807E-05 9.97807E-05 9.97807E-05 9.97807E-05 9.97807E-05 9.97807E-05 9.97807E-05 9.97807E-05
9.98156E-05 9.98156E-05 0.074549 9.98156E-05 0.0975283 9.98156E-05 0.0113485 9.98156E-05 9.98156E-05 0.303277 0.0200142 9.98156E-05 9.98156E-05 9.98156E-05 9.98156E-05 9.98156E-05 9.98156E-05 9.98156E-05 0.491187 9.98156E-05 9.98156E-05 9.98156E-05 9.98156E-05 9.98156E-05 9.98156E-05 9.98156E-05 9.98156E-05
9.98244E-05 9.98244E-05 9.98244E-05 9.98244E-05 0.0494521 9.98244E-05 9.98244E-05 9.98244E-05 9.98244E-05 0.049943 9.98244E-05 0.0944695 9.98244E-05 9.98244E-05 9.98244E-05 9.98244E-05 9.98244E-05 0.0790657 0.51662 9.98244E-05 0.052405 9.98244E-05 0.156048 9.98244E-05 9.98244E-05 9.98244E-05 9.98244E-05
9.98155E-05 0.0658568 9.98155E-05 9.98155E-05 0.0632422 9.98155E-05 9.98155E-05 9.98155E-05 9.98155E-05 9.98155E-05 0.107879 9.98155E-05 9.98155E-05 9.98155E-05 9.98155E-05 9.98155E-05 9.98155E-05 0.173135 0.529185 9.98155E-05 9.98155E-05 9.98155E-05 9.98155E-05 9.98155E-05 9.98155E-05 0.0586053 9.98155E-05
9.98156E-05 0.0319777 9.98156E-05 0.00873932 9.98156E-05 9.98156E-05 9.98156E-05 9.98156E-05 9.98156E-05 0.181289 9.98156E-05 9.98156E-05 9.98156E-05 9.98156E-05 9.98156E-05 9.98156E-05 9.98156E-05 9.98156E-05 0.59834 9.98156E-05 0.0267839 9.98156E-05 0.150774 9.98156E-05 9.98156E-05 9.98156E-05 9.98156E-05
0.0577147 9.97986E-05 9.97986E-05 9.97986E-05 9.97986E-05 9.97986E-05 9.97986E-05 9.97986E-05 0.10972 9.97986E-05 9.97986E-05 9.97986E-05 9.97986E-05 9.97986E-05 9.97986E-05 9.97986E-05 9.97986E-05 9.97986E-05 0.805073 9.97986E-05 9.97986E-05 9.97986E-05 9.97986E-05 9.97986E-05 9.97986E-05 0.0251963 9.97986E-05
9.9816E-05 9.9816E-05 9.9816E-05 9.9816E-05 0.0038687 9.9816E-05 9.9816E-05 9.9816E-05 9.9816E-05 0.0280923 0.0112625 9.9816E-05 9.9816E-05 9.9816E-05 9.9816E-05 0.0938996 0.0386956 9.9816E-05 0.822085 9.9816E-05 9.9816E-05 9.9816E-05 9.9816E-05 9.9816E-05 9.9816E-05 9.9816E-05 9.9816E-05
9.98067E-05 9.98067E-05 9.98067E-05 0.0425793 9.98067E-05 9.98067E-05 0.123642 9.98067E-05 9.98067E-05 9.98067E-05 9.98067E-05 9.98067E-05 9.98067E-05 9.98067E-05 9.98067E-05 9.98067E-05 9.98067E-05 9.98067E-05 0.773258 0.00668811 9.98067E-05 9.98067E-05 9.98067E-05 9.98067E-05 9.98067E-05 0.0516375 9.98067E-05
9.98156E-05 9.98156E-05 9.98156E-05 9.98156E-05 0.104888 9.98156E-05 0.0591552 9.98156E-05 9.98156E-05 9.98156E-05 0.0284975 9.98156E-05 9.98156E-05 9.98156E-05 9.98156E-05 0.0412221 9.98156E-05 9.98156E-05 0.643542 9.98156E-05 9.98156E-05 9.98156E-05 0.120599 9.98156E-05 9.98156E-05 9.98156E-05 9.98156E-05
9.97981E-05 9.97981E-05 9.97981E-05 9.97981E-05 0.0060892 9.97981E-05 9.97981E-05 9.97981E-05 9.97981E-05 0.0181039 9.97981E-05 9.97981E-05 9.97981E-05 9.97981E-05 9.97981E-05 9.97981E-05 9.97981E-05 9.97981E-05 0.908034 0.0654775 9.97981E-05 9.97981E-05 9.97981E-05 9.97981E-05 9.97981E-05 9.97981E-05 9.97981E-05
0.0650357 9.97979E-05 9.97979E-05 9.97979E-05 9.97979E-05 9.97979E-05 9.97979E-05 9.97979E-05 9.97979E-05 0.193775 9.97979E-05 9.97979E-05 9.97979E-05 9.97979E-05 9.97979E-05 9.97979E-05 0.240884 9.97979E-05 0.498011 9.97979E-05 9.97979E-05 9.97979E-05 9.97979E-05 9.97979E-05 9.97979E-05 9.97979E-05 9.97979E-05
9.979E-05 9.979E-05 9.979E-05 0.0021858 9.979E-05 0.0444438 9.979E-05 9.979E-05 9.979E-05 9.979E-05 9.979E-05 9.979E-05 9.979E-05 9.979E-05 9.979E-05 9.979E-05 9.979E-05 9.979E-05 0.950975 9.979E-05 9.979E-05 9.979E-05 9.979E-05 9.979E-05 9.979E-05 9.979E-05 9.979E-05
9.98156E-05 9.98156E-05 9.98156E-05 9.98156E-05 9.98156E-05 9.98156E-05 0.0170386 9.98156E-05 9.98156E-05 0.0100498 9.98156E-05 9.98156E-05 9.98156E-05 9.98156E-05 9.98156E-05 9.98156E-05 0.0240222 9.98156E-05 0.629468 9.98156E-05 9.98156E-05 9.98156E-05 0.279651 9.98156E-05 9.98156E-05 0.0376746 9.98156E-05
9.98072E-05 9.98072E-05 9.98072E-05 9.98072E-05 9.98072E-05 9.98072E-05 9.98072E-05 9.98072E-05 9.98072E-05 0.0349516 9.98072E-05 9.98072E-05 9.98072E-05 9.98072E-05 9.98072E-05 9.98072E-05 9.98072E-05 9.98072E-05 0.622455 9.98072E-05 0.103871 9.98072E-05 0.097432 9.98072E-05 0.139095 9.98072E-05 9.98072E-05
9.9807E-05 9.9807E-05 9.9807E-05 9.9807E-05 9.9807E-05 9.9807E-05 0.136218 9.9807E-05 9.9807E-05 9.9807E-05 0.0238666 9.9807E-05 9.9807E-05 9.9807E-05 9.9807E-05 9.9807E-05 9.9807E-05 9.9807E-05 0.772131 0.0012186 9.9807E-05 9.9807E-05 9.9807E-05 9.9807E-05 9.9807E-05 9.9807E-05 0.0643703
9.97892E-05 9.97892E-05 9.97892E-05 9.97892E-05 0.155027 9.97892E-05 9.97892E-05 9.97892E-05 9.97892E-05 9.97892E-05 9.97892E-05 9.97892E-05 9.97892E-05 9.97892E-05 9.97892E-05 0.00311587 9.97892E-05 9.97892E-05 0.839462 9.97892E-05 9.97892E-05 9.97892E-05 9.97892E-05 9.97892E-05 9.97892E-05 9.97892E-05 9.97892E-05
9.97811E-05 9.97811E-05 9.97811E-05 9.97811E-05 9.97811E-05 9.97811E-05 9.97811E-05 9.97811E-05 9.97811E-05 9.97811E-05 9.97811E-05 9.97811E-05 9.97811E-05 9.97811E-05 9.97811E-05 9.97811E-05 9.97811E-05 9.97811E-05 0.994184 9.97811E-05 0.00332121 9.97811E-05 9.97811E-05 9.97811E-05 9.97811E-05 9.97811E-05 9.97811E-05
9.97722E-05 9.97722E-05 9.97722E-05 9.97722E-05 9.97722E-05 9.97722E-05 9.97722E-05 9.97722E-05 9.97722E-05 9.97722E-05 9.97722E-05 9.97722E-05 9.97722E-05 9.97722E-05 9.97722E-05 9.97722E-05 9.97722E-05 9.97722E-05 0.997406 9.97722E-05 9.97722E-05 9.97722E-05 9.97722E-05 9.97722E-05 9.97722E-05 9.97722E-05 9.97722E-05
9.97722E-05 9.97722E-05 9.97722E-05 9.97722E-05 9.97722E-05 9.97722E-05 9.97722E-05 9.97722E-05 9.97722E-05 9.97722E-05 9.97722E-05 9.97722E-05 9.97722E-05 9.97722E-05 9.97722E-05 9.97722E-05 9.97722E-05 9.97722E-05 0.997406 9.97722E-05 9.97722E-05 9.97722E-05 9.97722E-05 9.97722E-05 9.97722E-05 9.97722E-05 9.97722E-05
9.97896E-05 9.97896E-05 9.97896E-05 9.97896E-05 9.97896E-05 9.97896E-05 9.97896E-05 9.97896E-05 9.97896E-05 0.0552228 9.97896E-05 9.97896E-05 9.97896E-05 9.97896E-05 9.97896E-05 9.97896E-05 9.97896E-05 9.97896E-05 0.855564 0.0868178 9.97896E-05 9.97896E-05 9.97896E-05 9.97896E-05 9.97896E-05 9.97896E-05 9.97896E-05
9.98071E-05 9.98071E-05 9.98071E-05 9.98071E-05 9.98071E-05 9.98071E-05 9.98071E-05 9.98071E-05 0.455626 0.0530217 0.0243926 9.98071E-05 9.98071E-05 9.98071E-05 9.98071E-05 9.98071E-05 9.98071E-05 9.98071E-05 0.324723 9.98071E-05 9.98071E-05 9.98071E-05 9.98071E-05 9.98071E-05 0.140041 9.98071E-05 9.98071E-05
9.97898E-05 9.97898E-05 9.97898E-05 9.97898E-05 9.97898E-05 9.97898E-05 9.97898E-05 9.97898E-05 9.97898E-05 0.0667864 0.135894 9.97898E-05 9.97898E-05 9.97898E-05 9.97898E-05 9.97898E-05 9.97898E-05 9.97898E-05 9.97898E-05 9.97898E-05 9.97898E-05 9.97898E-05 9.97898E-05 9.97898E-05 9.97898E-05 0.794924 9.97898E-05
9.97983E-05 9.97983E-05 9.97983E-05 9.97983E-05 9.97983E-05 9.97983E-05 9.97983E-05 9.97983E-05 9.97983E-05 0.0190981 0.000916846 9.97983E-05 9.97983E-05 9.97983E-05 9.97983E-05 9.97983E-05 9.97983E-05 9.97983E-05 9.97983E-05 9.97983E-05 9.97983E-05 0.961657 9.97983E-05 9.97983E-05 9.97983E-05 0.0160324 9.97983E-05
9.97895E-05 9.97895E-05 9.97895E-05 9.97895E-05 9.97895E-05 9.97895E-05 9.97895E-05 9.97895E-05 9.97895E-05 0.0336106 9.97895E-05 9.97895E-05 0.0125678 9.97895E-05 9.97895E-05 9.97895E-05 9.97895E-05 9.97895E-05 9.97895E-05 9.97895E-05 9.97895E-05 9.97895E-05 9.97895E-05 9.97895E-05 9.97895E-05 0.951427 9.97895E-05
9.97893E-05 9.97893E-05 9.97893E-05 9.97893E-05 0.0581334 9.97893E-05 9.97893E-05 9.97893E-05 9.97893E-05 0.150243 9.97893E-05 9.97893E-05 9.97893E-05 9.97893E-05 9.97893E-05 9.97893E-05 9.97893E-05 9.97893E-05 9.97893E-05 9.97893E-05 9.97893E-05 9.97893E-05 9.97893E-05 9.97893E-05 9.97893E-05 0.789229 9.97893E-05
9.97981E-05 9.97981E-05 9.97981E-05 9.97981E-05 9.97981E-05 9.97981E-05 9.97981E-05 9.97981E-05 9.97981E-05 9.97981E-05 0.0213749 9.97981E-05 0.0668516 9.97981E-05 9.97981E-05 9.97981E-05 9.97981E-05 9.97981E-05 9.97981E-05 9.97981E-05 9.97981E-05 9.97981E-05 9.97981E-05 9.97981E-05 9.97981E-05 0.883226 0.0262526
9.98157E-05 9.98157E-05 9.98157E-05 9.98157E-05 9.98157E-05 9.98157E-05 9.98157E-05 9.98157E-05 9.98157E-05 0.105803 0.12029 9.98157E-05 9.98157E-05 9.98157E-05 9.98157E-05 0.0432397 9.98157E-05 9.98157E-05 9.98157E-05 9.98157E-05 0.0579064 9.98157E-05 9.98157E-05 9.98157E-05 0.087424 0.583241 9.98157E-05
0.00755587 9.98157E-05 9.98157E-05 9.98157E-05 9.98157E-05 9.98157E-05 9.98157E-05 9.98157E-05 9.98157E-05 0.0439009 0.0714927 9.98157E-05 9.98157E-05 9.98157E-05 9.98157E-05 9.98157E-05 9.98157E-05 9.98157E-05 9.98157E-05 9.98157E-05 9.98157E-05 9.98157E-05 0.0585376 9.98157E-05 0.149893 0.666524 9.98157E-05
9.97806E-05 9.97806E-05 9.97806E-05 9.97806E-05 9.97806E-05 9.97806E-05 9.97806E-05 9.97806E-05 9.97806E-05 9.97806E-05 0.168279 9.97806E-05 9.97806E-05 9.97806E-05 9.97806E-05 9.97806E-05 9.97806E-05 9.97806E-05 9.97806E-05 9.97806E-05 9.97806E-05 9.97806E-05 9.97806E-05 9.97806E-05 9.97806E-05 0.829226 9.97806E-05
9.98069E-05 9.98069E-05 9.98069E-05 9.98069E-05 9.98069E-05 9.98069E-05 9.98069E-05 9.98069E-05 9.98069E-05 0.0405282 0.301002 9.98069E-05 9.98069E-05 9.98069E-05 9.98069E-05 9.98069E-05 0.154991 9.98069E-05 9.98069E-05 9.98069E-05 0.133519 9.98069E-05 9.98069E-05 9.98069E-05 9.98069E-05 0.367764 9.98069E-05
9.97984E-05 9.97984E-05 9.97984E-05 9.97984E-05 9.97984E-05 9.97984E-05 9.97984E-05 9.97984E-05 9.97984E-05 0.231706 0.157448 9.97984E-05 9.97984E-05 9.97984E-05 9.97984E-05 0.0354035 9.97984E-05 9.97984E-05 9.97984E-05 9.97984E-05 9.97984E-05 9.97984E-05 9.97984E-05 9.97984E-05 9.97984E-05 0.573147 9.97984E-05
9.9807E-05 9.9807E-05 9.9807E-05 9.9807E-05 0.00474572 9.9807E-05 9.9807E-05 9.9807E-05 9.9807E-05 0.0497122 9.9807E-05 9.9807E-05 9.9807E-05 0.608836 9.9807E-05 9.9807E-05 9.9807E-05 9.9807E-05 9.9807E-05 9.9807E-05 0.112445 9.9807E-05 9.9807E-05 9.9807E-05 9.9807E-05 0.222065 9.9807E-05
9.97984E-05 9.97984E-05 9.97984E-05 9.97984E-05 9.97984E-05 9.97984E-05 9.97984E-05 9.97984E-05 9.97984E-05 0.0113239 9.97984E-05 9.97984E-05 9.97984E-05 0.214083 9.97984E-05 9.97984E-05 9.97984E-05 9.97984E-05 9.97984E-05 9.97984E-05 0.0556785 9.97984E-05 9.97984E-05 9.97984E-05 9.97984E-05 0.716619 9.97984E-05
9.97896E-05 9.97896E-05 9.97896E-05 9.97896E-05 9.97896E-05 9.97896E-05 9.97896E-05 9.97896E-05 9.97896E-05 9.97896E-05 0.0480497 9.97896E-05 9.97896E-05 9.97896E-05 9.97896E-05 9.97896E-05 9.97896E-05 9.97896E-05 9.97896E-05 9.97896E-05 9.97896E-05 9.97896E-05 9.97896E-05 9.97896E-05 0.230916 0.718639 9.97896E-05
9.98071E-05 9.98071E-05 9.98071E-05 9.98071E-05 9.98071E-05 9.98071E-05 9.98071E-05 9.98071E-05 9.98071E-05 0.107446 0.154425 9.98071E-05 9.98071E-05 9.98071E-05 9.98071E-05 9.98071E-05 9.98071E-05 9.98071E-05 9.98071E-05 9.98071E-05 9.98071E-05 9.98071E-05 9.98071E-05 9.98071E-05 0.20558 0.505791 0.0245634
9.98159E-05 9.98159E-05 9.98159E-05 9.98159E-05 0.0254131 9.98159E-05 9.98159E-05 9.98159E-05 9.98159E-05 9.98159E-05 0.0708413 9.98159E-05 9.98159E-05 9.98159E-05 9.98159E-05 9.98159E-05 9.98159E-05 0.0678887 9.98159E-05 0.119745 9.98159E-05 9.98159E-05 9.98159E-05 9.98159E-05 0.180228 0.533787 9.98159E-05
9.98421E-05 9.98421E-05 9.98421E-05 9.98421E-05 0.0112253 9.98421E-05 9.98421E-05 0.0712351 9.98421E-05 0.0598518 0.0275334 9.98421E-05 0.0395088 0.0344686 9.98421E-05 9.98421E-05 0.134181 9.98421E-05 9.98421E-05 9.98421E-05 0.0655959 9.98421E-05 9.98421E-05 9.98421E-05 9.98421E-05 0.554603 9.98421E-05
9.98071E-05 9.98071E-05 9.98071E-05 9.98071E-05 9.98071E-05 9.98071E-05 9.98071E-05 9.98071E-05 9.98071E-05 0.0715205 9.98071E-05 9.98071E-05 9.98071E-05 0.0964105 0.0238529 9.98071E-05 9.98071E-05 9.98071E-05 9.98071E-05 9.98071E-05 0.237084 9.98071E-05 9.98071E-05 9.98071E-05 9.98071E-05 0.568936 9.98071E-05
9.97985E-05 9.97985E-05 9.97985E-05 9.97985E-05 9.97985E-05 9.97985E-05 9.97985E-05 0.180998 9.97985E-05 9.97985E-05 0.0868779 9.97985E-05 9.97985E-05 9.97985E-05 9.97985E-05 9.97985E-05 9.97985E-05 9.97985E-05 9.97985E-05 9.97985E-05 9.97985E-05 9.97985E-05 9.97985E-05 9.97985E-05 0.0820794 0.647749 9.97985E-05
9.97808E-05 9.97808E-05 9.97808E-05 9.97808E-05 9.97808E-05 9.97808E-05 9.97808E-05 9.97808E-05 9.97808E-05 9.97808E-05 9.97808E-05 9.97808E-05 9.97808E-05 0.170668 9.97808E-05 9.97808E-05 9.97808E-05 9.97808E-05 9.97808E-05 9.97808E-05 9.97808E-05 9.97808E-05 9.97808E-05 9.97808E-05 9.97808E-05 0.826838 9.97808E-05
9.98421E-05 9.98421E-05 9.98421E-05 9.98421E-05 9.98421E-05 9.98421E-05 9.98421E-05 9.98421E-05 9.98421E-05 0.0443814 0.0851312 9.98421E-05 9.98421E-05 0.143705 0.0841867 0.00925806 0.114949 0.000439013 9.98421E-05 9.98421E-05 9.98421E-05 0.148041 9.98421E-05 9.98421E-05 9.98421E-05 0.368112 9.98421E-05
9.98158E-05 9.98158E-05 9.98158E-05 9.98158E-05 9.98158E-05 9.98158E-05 9.98158E-05 0.0353197 9.98158E-05 0.0573258 0.0175255 9.98158E-05 9.98158E-05 9.98158E-05 9.98158E-05 9.98158E-05 9.98158E-05 9.98158E-05 9.98158E-05 9.98158E-05 0.172137 9.98158E-05 9.98158E-05 9.98158E-05 0.119343 0.596253 9.98158E-05
9.98158E-05 9.98158E-05 9.98158E-05 9.98158E-05 0.00902263 9.98158E-05 9.98158E-05 9.98158E-05 9.98158E-05 0.0207631 0.0372182 9.98158E-05 9.98158E-05 9.98158E-05 9.98158E-05 9.98158E-05 9.98158E-05 9.98158E-05 9.98158E-05 0.0784774 9.98158E-05 0.0370869 9.98158E-05 9.98158E-05 9.98158E-05 0.815336 9.98158E-05
9.9807E-05 9.9807E-05 9.9807E-05 9.9807E-05 9.9807E-05 9.9807E-05 9.9807E-05 9.9807E-05 9.9807E-05 0.192589 0.208445 9.9807E-05 9.9807E-05 9.9807E-05 0.0560774 9.9807E-05 9.9807E-05 9.9807E-05 9.9807E-05 9.9807E-05 0.0406183 9.9807E-05 9.9807E-05 9.9807E-05 9.9807E-05 0.500074 9.9807E-05
9.98158E-05 9.98158E-05 9.98158E-05 9.98158E-05 9.98158E-05 9.98158E-05 9.98158E-05 9.98158E-05 9.98158E-05 0.0179305 0.142538 9.98158E-05 0.0652122 0.0911761 9.98158E-05 9.98158E-05 9.98158E-05 9.98158E-05 9.98158E-05 9.98158E-05 9.98158E-05 0.247303 9.98158E-05 9.98158E-05 9.98158E-05 0.433744 9.98158E-05
0.00969011 0.0483426 9.98245E-05 9.98245E-05 9.98245E-05 9.98245E-05 9.98245E-05 9.98245E-05 9.98245E-05 0.11795 0.122195 9.98245E-05 9.98245E-05 9.98245E-05 0.105424 9.98245E-05 9.98245E-05 9.98245E-05 9.98245E-05 9.98245E-05 0.0770618 9.98245E-05 9.98245E-05 9.98245E-05 9.98245E-05 0.51734 9.98245E-05
0.0281026 9.9851E-05 9.9851E-05 9.9851E-05 9.9851E-05 9.9851E-05 9.9851E-05 9.9851E-05 9.9851E-05 0.0667261 0.100079 9.9851E-05 9.9851E-05 0.103461 9.9851E-05 0.0157542 9.9851E-05 9.9851E-05 0.0363386 9.9851E-05 0.0904328 0.0176418 9.9851E-05 9.9851E-05 0.123231 0.416535 9.9851E-05
9.98071E-05 9.98071E-05 0.000757256 0.0779347 9.98071E-05 9.98071E-05 9.98071E-05 9.98071E-05 9.98071E-05 9.98071E-05 9.98071E-05 9.98071E-05 9.98071E-05 9.98071E-05 9.98071E-05 9.98071E-05 9.98071E-05 9.98071E-05 9.98071E-05 9.98071E-05 9.98071E-05 0.0818699 9.98071E-05 9.98071E-05 0.772125 9.98071E-05 0.0651176
9.9798E-05 9.9798E-05 9.9798E-05 9.9798E-05 9.9798E-05 9.9798E-05 9.9798E-05 9.9798E-05 9.9798E-05 0.13642 0.0626779 9.9798E-05 9.9798E-05 9.9798E-05 0.0244976 9.9798E-05 9.9798E-05 9.9798E-05 9.9798E-05 9.9798E-05 9.9798E-05 9.9798E-05 9.9798E-05 9.9798E-05 9.9798E-05 0.774109 9.9798E-05
9.98072E-05 9.98072E-05 9.98072E-05 9.98072E-05 9.98072E-05 9.98072E-05 9.98072E-05 9.98072E-05 9.98072E-05 0.171173 0.22075 9.98072E-05 9.98072E-05 9.98072E-05 9.98072E-05 9.98072E-05 9.98072E-05 9.98072E-05 9.98072E-05 9.98072E-05 0.052536 0.045732 9.98072E-05 9.98072E-05 9.98072E-05 0.507613 9.98072E-05
9.98158E-05 9.98158E-05 9.98158E-05 9.98158E-05 9.98158E-05 9.98158E-05 9.98158E-05 9.98158E-05 9.98158E-05 0.0216149 9.98158E-05 9.98158E-05 0.135687 9.98158E-05 0.0325316 9.98158E-05 9.98158E-05 9.98158E-05 9.98158E-05 9.98158E-05 9.98158E-05 0.111993 9.98158E-05 9.98158E-05 0.17678 0.519298 9.98158E-05
9.98073E-05 9.98073E-05 9.98073E-05 9.98073E-05 0.018857 9.98073E-05 9.98073E-05 9.98073E-05 9.98073E-05 0.132421 9.98073E-05 9.98073E-05 9.98073E-05 0.060516 9.98073E-05 9.98073E-05 9.98073E-05 0.0515351 9.98073E-05 9.98073E-05 9.98073E-05 9.98073E-05 9.98073E-05 9.98073E-05 9.98073E-05 0.734476 9.98073E-05
0.0920652 9.97981E-05 9.97981E-05 9.97981E-05 0.00667881 9.97981E-05 9.97981E-05 9.97981E-05 9.97981E-05 9.97981E-05 9.97981E-05 9.97981E-05 9.97981E-05 9.97981E-05 9.97981E-05 9.97981E-05 9.97981E-05 9.97981E-05 9.97981E-05 9.97981E-05 9.97981E-05 9.97981E-05 9.97981E-05 9.97981E-05 0.105878 0.793082 9.97981E-05
9.97805E-05 9.97805E-05 9.97805E-05 9.97805E-05 9.97805E-05 9.97805E-05 9.97805E-05 9.97805E-05 9.97805E-05 0.0703715 0.182168 9.97805E-05 0.140883 9.97805E-05 0.134062 9.97805E-05 9.97805E-05 9.97805E-05 9.97805E-05 9.97805E-05 9.97805E-05 9.97805E-05 9.97805E-05 9.97805E-05 9.97805E-05 0.47032 9.97805E-05
9.98068E-05 9.98068E-05 9.98068E-05 9.98068E-05 9.98068E-05 9.98068E-05 9.98068E-05 9.98068E-05 9.98068E-05 0.125851 0.0236561 0.079533 9.98068E-05 9.98068E-05 9.98068E-05 9.98068E-05 9.98068E-05 9.98068E-05 9.98068E-05 9.98068E-05 9.98068E-05 9.98068E-05 0.0315967 9.98068E-05 9.98068E-05 0.737168 9.98068E-05
9.97896E-05 9.97896E-05 9.97896E-05 9.97896E-05 9.97896E-05 9.97896E-05 9.97896E-05 9.97896E-05 9.97896E-05 0.0304255 9.97896E-05 9.97896E-05 9.97896E-05 9.97896E-05 9.97896E-05 9.97896E-05 9.97896E-05 9.97896E-05 9.97896E-05 9.97896E-05 9.97896E-05 0.122119 9.97896E-05 9.97896E-05 9.97896E-05 0.84506 9.97896E-05
9.98068E-05 9.98068E-05 9.98068E-05 9.98068E-05 9.98068E-05 9.98068E-05 9.98068E-05 0.0610906 9.98068E-05 9.98068E-05 0.0255667 9.98068E-05 9.98068E-05 0.319626 9.98068E-05 9.98068E-05 0.133912 9.98068E-05 9.98068E-05 9.98068E-05 9.98068E-05 9.98068E-05 9.98068E-05 9.98068E-05 9.98068E-05 0.457609 9.98068E-05
9.97981E-05 9.97981E-05 9.97981E-05 9.97981E-05 9.97981E-05 9.97981E-05 9.97981E-05 9.97981E-05 9.97981E-05 0.208465 0.0609542 9.97981E-05 9.97981E-05 9.97981E-05 9.97981E-05 9.97981E-05 9.97981E-05 9.97981E-05 9.97981E-05 0.00933302 9.97981E-05 9.97981E-05 9.97981E-05 9.97981E-05 9.97981E-05 0.718952 9.97981E-05
9.98069E-05 0.0295277 9.98069E-05 9.98069E-05 9.98069E-05 9.98069E-05 9.98069E-05 0.00637644 9.98069E-05 9.98069E-05 0.00488963 9.98069E-05 9.98069E-05 9.98069E-05 9.98069E-05 9.98069E-05 9.98069E-05 9.98069E-05 9.98069E-05 9.98069E-05 9.98069E-05 9.98069E-05 9.98069E-05 9.98069E-05 0.824231 0.13278 9.98069E-05
9.98159E-05 9.98159E-05 9.98159E-05 9.98159E-05 9.98159E-05 9.98159E-05 9.98159E-05 9.98159E-05 9.98159E-05 0.0561668 9.98159E-05 9.98159E-05 9.98159E-05 0.0564567 0.00100898 9.98159E-05 9.98159E-05 9.98159E-05 9.98159E-05 9.98159E-05 9.98159E-05 0.0917812 9.98159E-05 9.98159E-05 0.224053 0.568437 9.98159E-05
9.97808E-05 9.97808E-05 9.97808E-05 9.97808E-05 9.97808E-05 9.97808E-05 9.97808E-05 9.97808E-05 9.97808E-05 9.97808E-05 9.97808E-05 9.97808E-05 9.97808E-05 9.97808E-05 9.97808E-05 9.97808E-05 9.97808E-05 9.97808E-05 9.97808E-05 9.97808E-05 9.97808E-05 0.904169 9.97808E-05 9.97808E-05 9.97808E-05 0.0933363 9.97808E-05
