0.0778297 0.471105 9.99649E-05 9.99649E-05 9.99649E-05 0.313863 9.99649E-05 0.136803
9.99649E-05 0.794437 9.99649E-05 9.99649E-05 9.99649E-05 0.160174 0.0116224 0.0333667
9.99824E-05 0.895208 0.0550546 0.00151428 9.99824E-05 0.0110457 0.0235948 0.0133826
9.999E-05 0.297111 0.322991 0.0855098 0.0390563 0.0907197 0.0881223 0.0763899
9.99561E-05 0.817627 0.173915 9.99561E-05 0.00795786 9.99561E-05 9.99561E-05 9.99561E-05
0.0125002 0.26316 0.25533 0.173824 0.210389 0.0760166 0.00646367 0.00231553
9.99649E-05 0.327969 0.320201 9.99649E-05 9.99649E-05 0.182114 9.99649E-05 0.169316
0.0299015 0.224407 0.479169 9.99825E-05 0.204356 0.0117967 9.99825E-05 0.0501696
9.99824E-05 0.270591 0.0820723 0.0282815 0.259206 0.261333 0.0983156 9.99824E-05
0.0126171 0.986783 9.99473E-05 9.99473E-05 9.99473E-05 9.99473E-05 9.99473E-05 9.99473E-05
0.0454701 0.536323 9.99649E-05 9.99649E-05 9.99649E-05 0.285582 9.99649E-05 0.132225
9.99561E-05 0.85589 0.1249 9.99561E-05 9.99561E-05 9.99561E-05 0.0187105 9.99561E-05
9.99473E-05 0.869851 9.99473E-05 9.99473E-05 9.99473E-05 0.129549 9.99473E-05 9.99473E-05
9.99737E-05 0.602063 0.00587622 0.259485 9.99737E-05 0.0384759 9.99737E-05 0.0938004
9.99824E-05 0.351231 0.161957 0.171216 0.0685089 0.2014 0.0454878 9.99824E-05
0.0071829 0.273602 0.36457 9.99824E-05 0.229946 0.114637 9.99824E-05 0.00986234
9.99824E-05 0.674259 0.140111 0.00242482 0.00430289 0.0974108 9.99824E-05 0.0812914
0.153851 0.253289 0.0999892 9.99912E-05 0.0877111 0.271108 0.108136 0.0258154
9.99824E-05 0.355678 0.0897342 9.99824E-05 0.175208 0.259434 0.0972498 0.0224959
9.99473E-05 0.895942 9.99473E-05 9.99473E-05 9.99473E-05 9.99473E-05 0.103458 9.99473E-05
9.99737E-05 0.489125 0.296209 9.99737E-05 0.119889 0.0509184 9.99737E-05 0.0435585
0.0295944 0.34588 0.318137 0.057355 0.193115 0.0108789 9.99912E-05 0.0449397
0.00210175 0.676389 9.99737E-05 9.99737E-05 0.0092678 0.211863 9.99737E-05 0.100078
9.99561E-05 0.380374 0.233336 9.99561E-05 9.99561E-05 0.38579 9.99561E-05 9.99561E-05
9.99824E-05 0.284887 9.99824E-05 0.0927096 0.100189 0.281036 0.184917 0.0560621
9.99736E-05 0.693949 0.0985125 0.110357 0.0195324 0.0773492 9.99736E-05 9.99736E-05
0.0834277 0.0253459 0.238613 0.286695 0.0595902 0.2766 9.99912E-05 0.0296286
9.99737E-05 0.763332 0.0982634 9.99737E-05 9.99737E-05 0.0120523 0.0167975 0.109255
9.99649E-05 0.666823 9.99649E-05 0.024353 9.99649E-05 0.257619 0.0508047 9.99649E-05
9.99824E-05 0.716717 9.99824E-05 0.0343967 0.0892485 0.0896956 0.0487699 0.020972
0.0225566 0.68034 9.99824E-05 9.99824E-05 0.02838 0.0999782 0.0407974 0.127748
9.99737E-05 0.536271 0.135754 0.214998 9.99737E-05 0.0572035 9.99737E-05 0.0554727
9.99824E-05 0.566389 0.00968559 0.0143954 9.99824E-05 0.230048 0.0556011 0.123681
0.0364066 0.471769 0.0328721 0.179907 9.99912E-05 0.22238 0.0427282 0.0138362
9.99737E-05 0.775842 9.99737E-05 9.99737E-05 0.0115227 0.0463159 0.00881102 0.157208
9.99824E-05 0.764547 0.0747012 9.99824E-05 0.0335392 0.0699137 0.0276751 0.0294243
9.99474E-05 0.840108 0.159292 9.99474E-05 9.99474E-05 9.99474E-05 9.99474E-05 9.99474E-05
9.99649E-05 0.667711 9.99649E-05 9.99649E-05 0.137072 0.137834 0.0569845 9.99649E-05
9.99737E-05 0.507795 0.0746111 0.142459 9.99737E-05 0.237875 9.99737E-05 0.0369601
9.99736E-05 0.464724 0.250947 0.149024 9.99736E-05 0.119771 9.99736E-05 0.0152341
9.99824E-05 0.827522 0.0606406 9.99824E-05 0.0152315 0.0717282 0.00838659 0.016291
9.99561E-05 0.70049 9.99561E-05 9.99561E-05 0.0666756 0.232335 9.99561E-05 9.99561E-05
9.99561E-05 0.902336 0.0884516 9.99561E-05 9.99561E-05 9.99561E-05 0.00871266 9.99561E-05
9.99737E-05 0.458129 0.00671439 9.99737E-05 0.0909387 0.377536 9.99737E-05 0.0663811
9.99824E-05 0.308666 0.210191 9.99824E-05 0.0270695 0.367232 0.0191235 0.0675179
0.00770985 0.852597 9.99561E-05 9.99561E-05 9.99561E-05 9.99561E-05 0.139193 9.99561E-05
0.0914244 0.825097 9.99649E-05 9.99649E-05 0.072166 9.99649E-05 0.0109131 9.99649E-05
9.99561E-05 0.897619 9.99561E-05 9.99561E-05 9.99561E-05 0.0676912 0.0341896 9.99561E-05
9.99648E-05 0.703454 0.0685418 9.99648E-05 9.99648E-05 0.156688 9.99648E-05 0.0709158
0.028305 0.700525 0.194083 9.99825E-05 9.99825E-05 0.0378128 0.0227741 0.0163006
0.033001 0.274692 0.0415996 0.154442 0.0384668 0.279712 9.99912E-05 0.177987
9.99649E-05 0.641685 0.218615 9.99649E-05 0.0713713 9.99649E-05 0.0679293 9.99649E-05
0.0669566 0.813205 9.99561E-05 9.99561E-05 9.99561E-05 0.119339 9.99561E-05 9.99561E-05
0.0311571 0.646716 0.258367 9.99737E-05 0.0381668 9.99737E-05 0.0252941 9.99737E-05
0.0179276 0.74897 0.0870904 9.99737E-05 9.99737E-05 0.11156 0.0341524 9.99737E-05
9.99649E-05 0.66288 0.118315 0.113098 9.99649E-05 9.99649E-05 0.105307 9.99649E-05
0.0243931 0.711895 0.0861522 9.99736E-05 0.0186605 0.158599 9.99736E-05 9.99736E-05
9.99649E-05 0.841323 0.0270872 9.99649E-05 9.99649E-05 0.0462168 9.99649E-05 0.084973
0.00330149 0.883547 0.0109258 9.99736E-05 9.99736E-05 0.0422317 9.99736E-05 0.0596941
0.092729 0.123688 9.99737E-05 9.99737E-05 0.0404474 0.660662 9.99737E-05 0.0821737
9.9965E-05 0.338765 0.20651 9.9965E-05 9.9965E-05 0.409838 9.9965E-05 0.0444874
0.177872 0.362671 9.99737E-05 0.0631358 9.99737E-05 0.276839 9.99737E-05 0.119183
0.0955234 9.99825E-05 9.99825E-05 0.239902 0.142154 0.452354 0.0413375 0.0285291
0.019081 0.103439 0.278322 9.99824E-05 0.131345 0.402145 9.99824E-05 0.0654681
0.0685997 9.99737E-05 9.99737E-05 0.0264497 0.137362 0.650938 9.99737E-05 0.116351
0.040662 0.00401906 0.0219759 9.99825E-05 0.0791579 0.73026 9.99825E-05 0.123725
0.269603 9.99649E-05 9.99649E-05 0.0269961 0.0979226 0.605078 9.99649E-05 9.99649E-05
0.116536 0.229059 9.99649E-05 0.132229 9.99649E-05 0.521776 9.99649E-05 9.99649E-05
9.99649E-05 0.255589 0.239333 9.99649E-05 9.99649E-05 0.416803 9.99649E-05 0.0878756
0.0179339 9.99736E-05 9.99736E-05 9.99736E-05 0.055747 0.655866 0.0797855 0.190367
0.0599187 0.0455723 0.28824 9.99824E-05 0.0307487 0.506394 9.99824E-05 0.068927
9.99824E-05 0.0234582 0.294664 0.063404 0.166064 0.282681 9.99824E-05 0.169529
9.99649E-05 0.0195343 0.228628 9.99649E-05 0.0214776 0.72996 9.99649E-05 9.99649E-05
9.99737E-05 0.256251 0.152471 0.21971 9.99737E-05 0.328828 9.99737E-05 0.0424396
0.0262589 0.195806 9.99825E-05 0.0661373 0.000608673 0.601722 9.99825E-05 0.109268
0.155216 9.99649E-05 0.275309 0.0799504 9.99649E-05 0.489124 9.99649E-05 9.99649E-05
0.0729274 0.13021 0.138336 9.99824E-05 0.138235 0.300157 9.99824E-05 0.219936
0.184768 0.187405 9.99737E-05 9.99737E-05 0.0443324 0.495519 9.99737E-05 0.0876753
0.0727427 9.99737E-05 0.112517 0.0229009 9.99737E-05 0.674579 9.99737E-05 0.116961
0.0516733 0.406243 0.0778331 0.0368441 9.99825E-05 0.385666 9.99825E-05 0.0415405
9.99824E-05 0.117513 0.209633 0.0818431 0.037405 0.533687 9.99824E-05 0.0197183
0.0835127 0.201647 9.99737E-05 0.260398 9.99737E-05 0.392585 9.99737E-05 0.0615575
0.141034 0.168343 0.234284 0.0661224 0.112123 0.258361 9.99912E-05 0.0196321
0.0589042 0.215271 0.0471002 0.106184 0.00277024 0.295363 0.000636533 0.27377
9.99737E-05 0.362005 9.99737E-05 0.0928412 0.0640528 0.420418 9.99737E-05 0.0603824
0.117749 0.428628 9.99649E-05 0.146262 9.99649E-05 0.306961 9.99649E-05 9.99649E-05
9.9965E-05 0.267174 0.0932315 9.9965E-05 0.0590371 0.580158 9.9965E-05 9.9965E-05
0.281689 0.300525 9.99649E-05 9.99649E-05 0.0618125 0.355574 9.99649E-05 9.99649E-05
9.99737E-05 0.281731 9.99737E-05 0.144226 0.101325 0.455856 9.99737E-05 0.0165627
9.99561E-05 9.99561E-05 9.99561E-05 0.794437 0.144112 0.0609513 9.99561E-05 9.99561E-05
9.99474E-05 0.0148136 9.99474E-05 0.984587 9.99474E-05 9.99474E-05 9.99474E-05 9.99474E-05
0.0117694 9.99736E-05 0.0570916 0.824376 9.99736E-05 0.0777115 9.99736E-05 0.0287511
0.0523791 9.99736E-05 9.99736E-05 0.709114 0.119246 0.0783008 9.99736E-05 0.0406604
0.128256 9.99736E-05 9.99736E-05 0.669079 0.136655 9.99736E-05 0.0286195 0.0370907
9.99648E-05 9.99648E-05 9.99648E-05 0.654857 0.18938 0.153269 0.00209364 9.99648E-05
0.0449415 9.99736E-05 9.99736E-05 0.719384 0.102731 0.0827716 9.99736E-05 0.0498721
0.0261991 9.99648E-05 9.99648E-05 0.683133 0.273091 0.0171766 9.99648E-05 9.99648E-05
9.99648E-05 9.99648E-05 9.99648E-05 0.295152 0.425828 0.252526 9.99648E-05 0.0260938
0.0185839 9.99736E-05 0.00794508 0.51879 0.256214 0.198168 9.99736E-05 9.99736E-05
9.99561E-05 9.99561E-05 9.99561E-05 0.78642 0.041821 0.171259 9.99561E-05 9.99561E-05
9.99561E-05 9.99561E-05 9.99561E-05 0.808436 9.99561E-05 0.166206 9.99561E-05 0.024858
9.99473E-05 9.99473E-05 9.99473E-05 0.898693 0.100707 9.99473E-05 9.99473E-05 9.99473E-05
9.99649E-05 9.99649E-05 9.99649E-05 0.53655 0.148247 0.301298 9.99649E-05 0.0135053
0.123592 9.99649E-05 9.99649E-05 0.757008 0.0561652 9.99649E-05 0.0628344 9.99649E-05
9.99736E-05 9.99736E-05 0.0240324 0.605691 0.094721 0.223369 9.99736E-05 0.0518861
9.99648E-05 9.99648E-05 9.99648E-05 0.62894 0.0756805 0.257402 0.037578 9.99648E-05
9.99649E-05 9.99649E-05 0.0517511 0.810048 0.122264 9.99649E-05 9.99649E-05 0.0155369
9.99561E-05 9.99561E-05 9.99561E-05 0.894611 0.0284911 9.99561E-05 9.99561E-05 0.0763982
0.00141157 9.99824E-05 9.99824E-05 0.663659 0.144575 0.0842788 0.0721971 0.0336785
9.99649E-05 9.99649E-05 0.0213197 0.789688 0.0688958 0.119696 9.99649E-05 9.99649E-05
0.0104171 9.99648E-05 9.99648E-05 0.852249 0.0887286 9.99648E-05 9.99648E-05 0.0482051
9.99648E-05 9.99648E-05 9.99648E-05 0.329297 0.271062 0.298001 0.101241 9.99648E-05
9.99561E-05 9.99561E-05 9.99561E-05 0.796759 0.174632 9.99561E-05 0.0281093 9.99561E-05
9.99736E-05 9.99736E-05 0.0140987 0.417722 0.195687 0.25093 0.121263 9.99736E-05
9.99561E-05 9.99561E-05 9.99561E-05 0.576079 0.21463 0.208791 9.99561E-05 9.99561E-05
9.99562E-05 0.0470062 9.99562E-05 0.913072 9.99562E-05 9.99562E-05 0.0394217 9.99562E-05
9.99736E-05 9.99736E-05 0.0568846 0.67123 0.176716 0.0304477 0.0644222 9.99736E-05
9.99561E-05 9.99561E-05 9.99561E-05 0.447493 0.256858 0.29515 9.99561E-05 9.99561E-05
9.99649E-05 9.99649E-05 9.99649E-05 0.793722 9.99649E-05 0.06633 0.0555844 0.0839636
9.99649E-05 9.99649E-05 9.99649E-05 0.664517 0.0499282 0.24485 9.99649E-05 0.0403044
0.0291812 9.99736E-05 9.99736E-05 0.867996 0.00655819 9.99736E-05 0.0434624 0.0525019
9.9956E-05 9.9956E-05 9.9956E-05 0.469599 0.241611 9.9956E-05 0.28829 9.9956E-05
9.99648E-05 9.99648E-05 9.99648E-05 0.561212 0.109197 0.163501 0.16569 9.99648E-05
9.99561E-05 9.99561E-05 9.99561E-05 0.969005 0.0231554 9.99561E-05 0.00734015 9.99561E-05
9.99736E-05 9.99736E-05 0.00365263 0.835538 0.105033 9.99736E-05 0.00366505 0.0518111
0.0238578 9.99736E-05 9.99736E-05 0.561078 0.133268 0.194274 9.99736E-05 0.0872229
9.99474E-05 9.99474E-05 9.99474E-05 0.960478 0.038922 9.99474E-05 9.99474E-05 9.99474E-05
0.000849654 9.99649E-05 9.99649E-05 0.960489 0.0249216 9.99649E-05 0.0133396 9.99649E-05
9.994E-05 9.994E-05 9.994E-05 0.9993 9.994E-05 9.994E-05 9.994E-05 9.994E-05
9.99474E-05 9.99474E-05 9.99474E-05 0.898258 9.99474E-05 9.99474E-05 0.101142 9.99474E-05
9.99648E-05 9.99648E-05 9.99648E-05 0.497943 0.0962121 0.355037 9.99648E-05 0.0504077
9.99561E-05 9.99561E-05 0.0599079 0.73389 0.205703 9.99561E-05 9.99561E-05 9.99561E-05
9.99649E-05 0.0106991 9.99649E-05 0.915227 0.0725008 9.99649E-05 0.00117333 9.99649E-05
9.99474E-05 9.99474E-05 9.99474E-05 0.953671 0.0457288 9.99474E-05 9.99474E-05 9.99474E-05
0.00673553 9.99824E-05 9.99824E-05 0.325136 0.205736 0.216943 0.232857 0.0123919
0.0826545 9.99737E-05 9.99737E-05 0.512545 0.0849199 0.232304 9.99737E-05 0.087277
0.101745 9.99825E-05 0.11643 0.461229 0.140972 0.153673 0.0257511 9.99825E-05
9.99737E-05 9.99737E-05 9.99737E-05 0.32013 0.250085 0.279143 0.0696054 0.0807363
9.994E-05 9.994E-05 9.994E-05 0.9993 9.994E-05 9.994E-05 9.994E-05 9.994E-05
9.99824E-05 9.99824E-05 0.220807 0.578717 0.00319933 0.163251 0.021962 0.0118647
9.99474E-05 9.99474E-05 9.99474E-05 0.933287 0.0661132 9.99474E-05 9.99474E-05 9.99474E-05
9.99649E-05 9.99649E-05 9.99649E-05 0.679835 0.180546 0.131417 9.99649E-05 0.00780246
0.0607727 9.99736E-05 0.0626054 0.757772 0.112137 9.99736E-05 0.00641292 9.99736E-05
0.0817594 9.99648E-05 9.99648E-05 0.866575 0.0392128 9.99648E-05 9.99648E-05 0.0120532
9.995E-05 9.995E-05 9.995E-05 0.327504 0.245809 0.426187 9.995E-05 9.995E-05
9.99472E-05 9.99472E-05 9.99472E-05 0.785867 0.213533 9.99472E-05 9.99472E-05 9.99472E-05
9.99736E-05 9.99736E-05 0.11903 0.734013 0.0736518 0.0413133 0.0316918 9.99736E-05
9.99473E-05 9.99473E-05 9.99473E-05 0.841772 9.99473E-05 9.99473E-05 0.157628 9.99473E-05
9.99561E-05 9.99561E-05 9.99561E-05 0.707433 0.171921 0.120146 9.99561E-05 9.99561E-05
9.99472E-05 9.99472E-05 9.99472E-05 9.99472E-05 9.99472E-05 0.979337 0.0200638 9.99472E-05
9.994E-05 9.994E-05 9.994E-05 9.994E-05 0.9993 9.994E-05 9.994E-05 9.994E-05
9.994E-05 9.994E-05 9.994E-05 9.994E-05 9.994E-05 0.9993 9.994E-05 9.994E-05
9.994E-05 9.994E-05 9.994E-05 9.994E-05 0.9993 9.994E-05 9.994E-05 9.994E-05
9.994E-05 9.994E-05 9.994E-05 9.994E-05 0.9993 9.994E-05 9.994E-05 9.994E-05
9.994E-05 9.994E-05 9.994E-05 9.994E-05 0.9993 9.994E-05 9.994E-05 9.994E-05
9.994E-05 9.994E-05 9.994E-05 9.994E-05 9.994E-05 0.9993 9.994E-05 9.994E-05
9.994E-05 9.994E-05 9.994E-05 9.994E-05 0.9993 9.994E-05 9.994E-05 9.994E-05
9.994E-05 9.994E-05 9.994E-05 9.994E-05 0.9993 9.994E-05 9.994E-05 9.994E-05
9.994E-05 9.994E-05 9.994E-05 9.994E-05 9.994E-05 0.9993 9.994E-05 9.994E-05
9.99472E-05 9.99472E-05 9.99472E-05 9.99472E-05 9.99472E-05 0.986393 0.0130077 9.99472E-05
9.994E-05 9.994E-05 9.994E-05 9.994E-05 9.994E-05 0.9993 9.994E-05 9.994E-05
9.994E-05 9.994E-05 9.994E-05 9.994E-05 0.9993 9.994E-05 9.994E-05 9.994E-05
9.994E-05 9.994E-05 9.994E-05 9.994E-05 0.9993 9.994E-05 9.994E-05 9.994E-05
9.994E-05 9.994E-05 9.994E-05 9.994E-05 9.994E-05 0.9993 9.994E-05 9.994E-05
9.994E-05 9.994E-05 9.994E-05 9.994E-05 9.994E-05 0.9993 9.994E-05 9.994E-05
0.0633875 9.99824E-05 0.121665 0.448167 0.123315 0.153518 0.0897476 9.99824E-05
9.994E-05 9.994E-05 9.994E-05 9.994E-05 9.994E-05 0.9993 9.994E-05 9.994E-05
9.994E-05 9.994E-05 9.994E-05 9.994E-05 0.9993 9.994E-05 9.994E-05 9.994E-05
9.994E-05 9.994E-05 9.994E-05 9.994E-05 9.994E-05 0.9993 9.994E-05 9.994E-05
9.994E-05 9.994E-05 9.994E-05 9.994E-05 9.994E-05 0.9993 9.994E-05 9.994E-05
9.994E-05 9.994E-05 9.994E-05 9.994E-05 9.994E-05 0.9993 9.994E-05 9.994E-05
9.994E-05 9.994E-05 9.994E-05 9.994E-05 0.9993 9.994E-05 9.994E-05 9.994E-05
9.994E-05 9.994E-05 9.994E-05 9.994E-05 9.994E-05 0.9993 9.994E-05 9.994E-05
9.994E-05 9.994E-05 9.994E-05 9.994E-05 0.9993 9.994E-05 9.994E-05 9.994E-05
9.994E-05 9.994E-05 9.994E-05 9.994E-05 9.994E-05 0.9993 9.994E-05 9.994E-05
9.994E-05 9.994E-05 9.994E-05 9.994E-05 9.994E-05 0.9993 9.994E-05 9.994E-05
9.994E-05 9.994E-05 9.994E-05 9.994E-05 0.9993 9.994E-05 9.994E-05 9.994E-05
9.994E-05 9.994E-05 9.994E-05 9.994E-05 0.9993 9.994E-05 9.994E-05 9.994E-05
9.994E-05 9.994E-05 9.994E-05 9.994E-05 0.9993 9.994E-05 9.994E-05 9.994E-05
9.99472E-05 9.99472E-05 9.99472E-05 9.99472E-05 9.99472E-05 0.985997 0.0134033 9.99472E-05
9.994E-05 9.994E-05 9.994E-05 9.994E-05 9.994E-05 0.9993 9.994E-05 9.994E-05
9.994E-05 9.994E-05 9.994E-05 9.994E-05 9.994E-05 0.9993 9.994E-05 9.994E-05
9.994E-05 9.994E-05 9.994E-05 9.994E-05 9.994E-05 0.9993 9.994E-05 9.994E-05
9.994E-05 9.994E-05 9.994E-05 9.994E-05 9.994E-05 0.9993 9.994E-05 9.994E-05
9.994E-05 9.994E-05 9.994E-05 9.994E-05 0.9993 9.994E-05 9.994E-05 9.994E-05
9.994E-05 9.994E-05 9.994E-05 9.994E-05 0.9993 9.994E-05 9.994E-05 9.994E-05
9.994E-05 9.994E-05 9.994E-05 9.994E-05 0.9993 9.994E-05 9.994E-05 9.994E-05
9.994E-05 9.994E-05 9.994E-05 9.994E-05 9.994E-05 0.9993 9.994E-05 9.994E-05
9.994E-05 9.994E-05 9.994E-05 9.994E-05 0.9993 9.994E-05 9.994E-05 9.994E-05
9.994E-05 9.994E-05 9.994E-05 9.994E-05 0.9993 9.994E-05 9.994E-05 9.994E-05
9.994E-05 9.994E-05 9.994E-05 9.994E-05 0.9993 9.994E-05 9.994E-05 9.994E-05
9.994E-05 9.994E-05 9.994E-05 9.994E-05 0.9993 9.994E-05 9.994E-05 9.994E-05
9.994E-05 9.994E-05 9.994E-05 9.994E-05 9.994E-05 0.9993 9.994E-05 9.994E-05
9.994E-05 9.994E-05 9.994E-05 9.994E-05 0.9993 9.994E-05 9.994E-05 9.994E-05
9.994E-05 9.994E-05 9.994E-05 9.994E-05 0.9993 9.994E-05 9.994E-05 9.994E-05
0.111377 9.99824E-05 0.191725 0.364889 0.0383814 0.201406 0.092023 9.99824E-05
9.994E-05 9.994E-05 9.994E-05 9.994E-05 9.994E-05 0.9993 9.994E-05 9.994E-05
9.994E-05 9.994E-05 9.994E-05 9.994E-05 0.9993 9.994E-05 9.994E-05 9.994E-05
9.994E-05 9.994E-05 9.994E-05 9.994E-05 0.9993 9.994E-05 9.994E-05 9.994E-05
9.994E-05 9.994E-05 9.994E-05 9.994E-05 0.9993 9.994E-05 9.994E-05 9.994E-05
9.994E-05 9.994E-05 9.994E-05 9.994E-05 0.9993 9.994E-05 9.994E-05 9.994E-05
9.994E-05 9.994E-05 9.994E-05 9.994E-05 9.994E-05 0.9993 9.994E-05 9.994E-05
9.994E-05 9.994E-05 9.994E-05 9.994E-05 0.9993 9.994E-05 9.994E-05 9.994E-05
9.994E-05 9.994E-05 9.994E-05 9.994E-05 9.994E-05 0.9993 9.994E-05 9.994E-05
9.994E-05 9.994E-05 9.994E-05 9.994E-05 0.9993 9.994E-05 9.994E-05 9.994E-05
9.994E-05 9.994E-05 9.994E-05 9.994E-05 9.994E-05 0.9993 9.994E-05 9.994E-05
9.994E-05 9.994E-05 9.994E-05 9.994E-05 0.9993 9.994E-05 9.994E-05 9.994E-05
9.994E-05 9.994E-05 9.994E-05 9.994E-05 0.9993 9.994E-05 9.994E-05 9.994E-05
9.994E-05 9.994E-05 9.994E-05 9.994E-05 0.9993 9.994E-05 9.994E-05 9.994E-05
9.994E-05 9.994E-05 9.994E-05 9.994E-05 0.9993 9.994E-05 9.994E-05 9.994E-05
9.994E-05 9.994E-05 9.994E-05 9.994E-05 0.9993 9.994E-05 9.994E-05 9.994E-05
9.994E-05 9.994E-05 9.994E-05 9.994E-05 0.9993 9.994E-05 9.994E-05 9.994E-05
9.994E-05 9.994E-05 9.994E-05 9.994E-05 9.994E-05 0.9993 9.994E-05 9.994E-05
9.994E-05 9.994E-05 9.994E-05 9.994E-05 9.994E-05 0.9993 9.994E-05 9.994E-05
9.99472E-05 9.99472E-05 9.99472E-05 9.99472E-05 9.99472E-05 0.988726 0.0106744 9.99472E-05
9.994E-05 9.994E-05 9.994E-05 9.994E-05 0.9993 9.994E-05 9.994E-05 9.994E-05
9.994E-05 9.994E-05 9.994E-05 9.994E-05 9.994E-05 0.9993 9.994E-05 9.994E-05
9.994E-05 9.994E-05 9.994E-05 9.994E-05 9.994E-05 0.9993 9.994E-05 9.994E-05
9.994E-05 9.994E-05 9.994E-05 9.994E-05 9.994E-05 0.9993 9.994E-05 9.994E-05
9.994E-05 9.994E-05 9.994E-05 9.994E-05 0.9993 9.994E-05 9.994E-05 9.994E-05
9.994E-05 9.994E-05 9.994E-05 9.994E-05 0.9993 9.994E-05 9.994E-05 9.994E-05
9.994E-05 9.994E-05 9.994E-05 9.994E-05 0.9993 9.994E-05 9.994E-05 9.994E-05
9.994E-05 9.994E-05 9.994E-05 9.994E-05 9.994E-05 0.9993 9.994E-05 9.994E-05
9.994E-05 9.994E-05 9.994E-05 9.994E-05 0.9993 9.994E-05 9.994E-05 9.994E-05
9.994E-05 9.994E-05 9.994E-05 9.994E-05 0.9993 9.994E-05 9.994E-05 9.994E-05
9.994E-05 9.994E-05 9.994E-05 9.994E-05 9.994E-05 0.9993 9.994E-05 9.994E-05
9.994E-05 9.994E-05 9.994E-05 9.994E-05 0.9993 9.994E-05 9.994E-05 9.994E-05
9.994E-05 9.994E-05 9.994E-05 9.994E-05 0.9993 9.994E-05 9.994E-05 9.994E-05
0.0550596 9.99824E-05 9.99824E-05 0.261239 0.107086 0.412425 0.042838 0.121152
9.994E-05 9.994E-05 9.994E-05 9.994E-05 9.994E-05 0.9993 9.994E-05 9.994E-05
9.994E-05 9.994E-05 9.994E-05 9.994E-05 0.9993 9.994E-05 9.994E-05 9.994E-05
0.0487508 9.99737E-05 9.99737E-05 0.474752 0.420096 9.99737E-05 0.00573526 0.0503662
9.99736E-05 9.99736E-05 0.0721412 0.536352 0.276816 0.0513751 0.063016 9.99736E-05
9.99649E-05 9.99649E-05 9.99649E-05 0.436534 0.166323 0.375453 0.0212894 9.99649E-05
0.0737426 9.99736E-05 0.00408499 0.776524 9.99736E-05 0.0832216 0.0621274 9.99736E-05
9.9956E-05 9.9956E-05 9.9956E-05 0.340957 0.273913 0.38463 9.9956E-05 9.9956E-05
9.99475E-05 9.99475E-05 9.99475E-05 0.890317 0.109084 9.99475E-05 9.99475E-05 9.99475E-05
9.99736E-05 9.99736E-05 9.99736E-05 0.400299 0.285567 0.207301 0.0675854 0.0389469
9.99648E-05 9.99648E-05 9.99648E-05 0.601254 0.220036 9.99648E-05 0.0919002 0.08641
9.99474E-05 9.99474E-05 9.99474E-05 0.82127 0.17813 9.99474E-05 9.99474E-05 9.99474E-05
9.99473E-05 9.99473E-05 0.243011 0.75639 9.99473E-05 9.99473E-05 9.99473E-05 9.99473E-05
9.99649E-05 9.99649E-05 9.99649E-05 0.626053 0.0453446 0.271582 9.99649E-05 0.0566202
9.99561E-05 9.99561E-05 9.99561E-05 0.44217 0.506655 0.0506748 9.99561E-05 9.99561E-05
0.0713619 9.99736E-05 0.116487 0.278297 0.262911 0.270643 9.99736E-05 9.99736E-05
0.170968 9.99648E-05 9.99648E-05 0.714594 0.112914 0.00112492 9.99648E-05 9.99648E-05
9.99648E-05 9.99648E-05 9.99648E-05 0.493594 0.139269 0.267253 9.99648E-05 0.0994838
9.99736E-05 9.99736E-05 0.0484046 0.301548 0.294069 0.277103 9.99736E-05 0.0785756
9.99561E-05 9.99561E-05 9.99561E-05 0.777221 0.182111 0.0401683 9.99561E-05 9.99561E-05
0.0238549 9.99824E-05 9.99824E-05 0.434212 0.032659 0.374896 0.0715878 0.0625904
9.99824E-05 9.99824E-05 0.0865805 0.533482 0.128604 0.12786 0.0795625 0.0437105
0.0124719 9.99824E-05 0.107328 0.598738 0.142679 0.134444 0.00413985 9.99824E-05
9.99736E-05 9.99736E-05 0.0643143 0.688828 0.0879217 0.0380727 0.120564 9.99736E-05
9.99561E-05 9.99561E-05 0.257091 0.510613 0.231797 9.99561E-05 9.99561E-05 9.99561E-05
0.041939 9.99912E-05 0.0788885 0.510535 0.20522 0.0615377 0.0820392 0.0197405
0.0436667 9.99824E-05 9.99824E-05 0.696146 0.160725 0.0462556 0.0286817 0.0243255
0.132553 9.9956E-05 9.9956E-05 0.805401 0.0615461 9.9956E-05 9.9956E-05 9.9956E-05
9.994E-05 9.994E-05 9.994E-05 0.9993 9.994E-05 9.994E-05 9.994E-05 9.994E-05
0.0484972 9.99824E-05 0.144596 0.552615 0.0631915 0.152616 0.0382839 9.99824E-05
0.00132233 9.99736E-05 9.99736E-05 0.375177 0.281437 0.30894 0.0328231 9.99736E-05
0.0687072 9.99648E-05 0.0272444 0.851142 9.99648E-05 9.99648E-05 0.0525061 9.99648E-05
0.118925 9.99648E-05 9.99648E-05 0.618221 0.174266 9.99648E-05 0.0881884 9.99648E-05
9.99736E-05 9.99736E-05 0.0919386 0.304203 0.415901 0.155707 9.99736E-05 0.0319499
9.99649E-05 9.99649E-05 9.99649E-05 0.706477 0.230916 0.051152 9.99649E-05 0.0110553
0.0313583 9.99824E-05 0.00937828 0.528213 0.209405 0.213801 0.00764468 9.99824E-05
9.99736E-05 9.99736E-05 0.0251093 0.568091 0.215795 0.131916 9.99736E-05 0.0587887
0.0627398 9.99736E-05 9.99736E-05 0.602137 0.0785833 0.167838 9.99736E-05 0.0884014
9.99561E-05 9.99561E-05 9.99561E-05 0.821566 0.0364224 0.141512 9.99561E-05 9.99561E-05
9.994E-05 9.994E-05 9.994E-05 0.9993 9.994E-05 9.994E-05 9.994E-05 9.994E-05
9.99648E-05 9.99648E-05 0.100843 0.47978 9.99648E-05 0.367836 9.99648E-05 0.0511405
0.0363745 9.99736E-05 9.99736E-05 0.736015 9.99736E-05 0.0455219 0.0460433 0.135746
9.99648E-05 9.99648E-05 0.229696 0.506282 0.196346 9.99648E-05 9.99648E-05 0.0672757
0.0164874 9.99736E-05 9.99736E-05 0.640922 0.0503076 0.216098 0.0758846 9.99736E-05
9.99824E-05 9.99824E-05 0.161141 0.632073 0.0128261 0.152637 0.0318652 0.00925744
9.99736E-05 9.99736E-05 0.0940089 0.518731 0.237683 0.107555 0.0417223 9.99736E-05
9.99736E-05 9.99736E-05 0.0121743 0.345308 0.462938 0.151593 9.99736E-05 0.0276865
0.0248614 9.99648E-05 9.99648E-05 0.253071 0.334983 0.386684 9.99648E-05 9.99648E-05
0.0659582 9.99736E-05 9.99736E-05 0.706753 0.174251 0.0151193 9.99736E-05 0.0376191
9.994E-05 9.994E-05 9.994E-05 0.9993 9.994E-05 9.994E-05 9.994E-05 9.994E-05
9.99648E-05 9.99648E-05 9.99648E-05 0.738676 0.185148 9.99648E-05 0.0564233 0.0193522
9.994E-05 9.994E-05 9.994E-05 0.9993 9.994E-05 9.994E-05 9.994E-05 9.994E-05
9.99736E-05 9.99736E-05 0.142362 0.257977 0.253775 0.318116 9.99736E-05 0.0274705
9.994E-05 9.994E-05 9.994E-05 0.9993 9.994E-05 9.994E-05 9.994E-05 9.994E-05
9.99561E-05 9.99561E-05 9.99561E-05 0.551595 9.99561E-05 0.395697 9.99561E-05 0.0522085
9.99648E-05 9.99648E-05 0.0799776 0.460419 9.99648E-05 0.420241 9.99648E-05 0.0389621
9.99561E-05 9.99561E-05 9.99561E-05 0.558686 0.179103 0.261712 9.99561E-05 9.99561E-05
9.99648E-05 9.99648E-05 0.237183 0.663942 0.0967625 9.99648E-05 9.99648E-05 0.00171188
9.99561E-05 9.99561E-05 9.99561E-05 0.666838 0.259937 0.0727252 9.99561E-05 9.99561E-05
9.99562E-05 9.99562E-05 9.99562E-05 0.772414 0.0274815 0.199605 9.99562E-05 9.99562E-05
9.99561E-05 9.99561E-05 9.99561E-05 0.756471 0.215487 9.99561E-05 9.99561E-05 0.0275421
9.99649E-05 9.99649E-05 9.99649E-05 0.741094 0.183406 0.0478561 0.0272438 9.99649E-05
9.99561E-05 9.99561E-05 9.99561E-05 0.517965 0.225111 0.256424 9.99561E-05 9.99561E-05
9.994E-05 9.994E-05 9.994E-05 0.9993 9.994E-05 9.994E-05 9.994E-05 9.994E-05
9.99562E-05 0.0222503 9.99562E-05 0.916202 0.0610476 9.99562E-05 9.99562E-05 9.99562E-05
9.99649E-05 0.0473528 9.99649E-05 0.898518 9.99649E-05 0.0342602 0.0194696 9.99649E-05
0.0239831 9.99736E-05 9.99736E-05 0.637128 0.0429587 0.189091 9.99736E-05 0.106539
9.99648E-05 9.99648E-05 9.99648E-05 0.726805 0.163646 0.0351263 0.0740223 9.99648E-05
9.99473E-05 9.99473E-05 9.99473E-05 0.733803 0.265598 9.99473E-05 9.99473E-05 9.99473E-05
9.99474E-05 9.99474E-05 9.99474E-05 0.983384 0.0160159 9.99474E-05 9.99474E-05 9.99474E-05
9.99649E-05 9.99649E-05 9.99649E-05 0.340647 0.282187 0.29615 0.0806162 9.99649E-05
9.99736E-05 9.99736E-05 9.99736E-05 0.660972 0.0152853 0.197082 0.0444151 0.0819459
9.99562E-05 9.99562E-05 9.99562E-05 0.840036 9.99562E-05 0.154737 0.0047271 9.99562E-05
9.99649E-05 9.99649E-05 9.99649E-05 0.410156 0.102908 0.459513 0.0270233 9.99649E-05
9.99562E-05 0.0765184 9.99562E-05 0.827252 9.99562E-05 0.0957301 9.99562E-05 9.99562E-05
9.9956E-05 9.9956E-05 9.9956E-05 0.541552 0.278491 0.179457 9.9956E-05 9.9956E-05
0.156058 9.99737E-05 0.0937162 0.562155 9.99737E-05 0.169952 0.0178195 9.99737E-05
9.99474E-05 9.99474E-05 9.99474E-05 0.930335 9.99474E-05 0.0690649 9.99474E-05 9.99474E-05
9.99561E-05 9.99561E-05 9.99561E-05 0.623656 0.128975 0.246869 9.99561E-05 9.99561E-05
9.99562E-05 0.031446 9.99562E-05 0.942106 9.99562E-05 0.0259481 9.99562E-05 9.99562E-05
0.0112746 9.99648E-05 9.99648E-05 0.85492 9.99648E-05 0.131395 9.99648E-05 0.00201097
0.0373702 9.9965E-05 9.9965E-05 0.864287 0.0461635 0.0517795 9.9965E-05 9.9965E-05
9.99824E-05 9.99824E-05 0.0535368 0.574522 0.243504 0.0929823 0.00425429 0.0310004
9.99736E-05 9.99736E-05 0.125085 0.578972 0.23863 9.99736E-05 0.00666644 0.0503463
0.0474962 9.99824E-05 0.107239 0.424786 0.220011 9.99824E-05 0.156875 0.0433928
9.99474E-05 0.00761015 9.99474E-05 0.99179 9.99474E-05 9.99474E-05 9.99474E-05 9.99474E-05
9.99824E-05 9.99824E-05 0.0153235 0.671593 0.229992 0.0392426 0.027463 0.0161862
9.99561E-05 9.99561E-05 9.99561E-05 0.520435 0.224544 9.99561E-05 0.254521 9.99561E-05
9.99649E-05 9.99649E-05 9.99649E-05 0.843988 0.023194 0.0949853 9.99649E-05 0.0374329
0.169752 9.99736E-05 9.99736E-05 0.605652 0.0311586 0.179815 0.0133219 9.99736E-05
0.0717182 9.99736E-05 9.99736E-05 0.402404 0.399952 0.102573 9.99736E-05 0.0230529
9.99649E-05 9.99649E-05 0.0693642 0.505698 0.129215 0.295323 9.99649E-05 9.99649E-05
9.99736E-05 9.99736E-05 0.020159 0.588086 0.250075 0.0696714 0.0717088 9.99736E-05
9.99737E-05 9.99737E-05 9.99737E-05 0.520775 0.122915 0.173693 0.165946 0.0163713
0.0883816 9.99648E-05 9.99648E-05 0.350327 0.0485585 0.512333 9.99648E-05 9.99648E-05
9.99737E-05 9.99737E-05 0.0262945 0.334828 0.33928 0.269715 0.0295829 9.99737E-05
9.99736E-05 9.99736E-05 9.99736E-05 0.485687 0.0709391 0.170112 0.130528 0.142434
9.99561E-05 9.99561E-05 9.99561E-05 0.721939 0.274193 0.00336874 9.99561E-05 9.99561E-05
9.99561E-05 9.99561E-05 9.99561E-05 0.88142 0.00184942 0.11623 9.99561E-05 9.99561E-05
9.9956E-05 9.9956E-05 0.168336 0.524073 0.307091 9.9956E-05 9.9956E-05 9.9956E-05
9.99736E-05 9.99736E-05 0.00170721 0.50574 0.0373084 0.34374 9.99736E-05 0.111205
0.0202765 9.99561E-05 9.99561E-05 0.536865 9.99561E-05 0.442359 9.99561E-05 9.99561E-05
0.0357567 9.99824E-05 0.0552176 0.350667 0.0898994 0.431531 0.0367284 9.99824E-05
0.114184 9.99824E-05 0.180401 0.419985 0.139925 9.99824E-05 0.0740777 0.0712276
0.047597 9.99824E-05 0.035477 0.603235 0.0187224 0.289346 9.99824E-05 0.00542225
0.104584 9.99824E-05 9.99824E-05 0.464476 0.0533081 0.212276 0.106654 0.0585024
9.99474E-05 9.99474E-05 9.99474E-05 0.874551 0.124849 9.99474E-05 9.99474E-05 9.99474E-05
9.9965E-05 0.0373082 9.9965E-05 0.714102 0.178323 0.0698666 9.9965E-05 9.9965E-05
9.99561E-05 9.99561E-05 9.99561E-05 0.588356 0.140434 0.27071 9.99561E-05 9.99561E-05
0.230545 9.99648E-05 9.99648E-05 0.314171 9.99648E-05 0.409318 0.0455662 9.99648E-05
9.99474E-05 9.99474E-05 9.99474E-05 0.894212 0.105189 9.99474E-05 9.99474E-05 9.99474E-05
9.994E-05 9.994E-05 9.994E-05 0.9993 9.994E-05 9.994E-05 9.994E-05 9.994E-05
0.0226346 9.99649E-05 9.99649E-05 0.826002 0.0862537 9.99649E-05 0.0647094 9.99649E-05
0.0293155 9.99649E-05 9.99649E-05 0.831238 0.0832303 9.99649E-05 0.0558166 9.99649E-05
9.99561E-05 9.99561E-05 9.99561E-05 0.913869 9.99561E-05 0.0541036 9.99561E-05 0.0315274
9.9956E-05 9.9956E-05 9.9956E-05 0.660648 0.0936928 0.24516 9.9956E-05 9.9956E-05
9.99736E-05 9.99736E-05 0.0959906 0.645731 0.0681444 0.187716 0.00211849 9.99736E-05
9.99736E-05 9.99736E-05 0.0245041 0.315054 9.99736E-05 0.367216 0.227199 0.0657271
9.99473E-05 9.99473E-05 9.99473E-05 0.616181 0.383219 9.99473E-05 9.99473E-05 9.99473E-05
9.99648E-05 9.99648E-05 9.99648E-05 0.674671 0.134949 0.145437 0.0445435 9.99648E-05
0.130116 9.99736E-05 9.99736E-05 0.52352 9.99736E-05 0.338084 0.000473935 0.00750553
0.0042753 9.99649E-05 9.99649E-05 0.886825 0.0722823 9.99649E-05 0.0362175 9.99649E-05
9.99736E-05 9.99736E-05 0.133862 0.282033 9.99736E-05 0.513122 0.0259024 0.0447808
0.124031 9.9956E-05 9.9956E-05 0.698804 9.9956E-05 0.176666 9.9956E-05 9.9956E-05
9.99648E-05 9.99648E-05 9.99648E-05 0.600797 0.220129 0.0741698 9.99648E-05 0.104505
9.99736E-05 9.99736E-05 0.0110403 0.42902 0.098144 0.443149 0.018347 9.99736E-05
9.99736E-05 9.99736E-05 0.218991 0.544142 0.117565 0.0719834 9.99736E-05 0.0470181
9.99562E-05 9.99562E-05 9.99562E-05 0.677259 0.221692 0.100549 9.99562E-05 9.99562E-05
0.120893 9.99736E-05 9.99736E-05 0.480505 0.142369 0.194406 9.99736E-05 0.0615281
9.99474E-05 9.99474E-05 9.99474E-05 0.963774 9.99474E-05 0.0356258 9.99474E-05 9.99474E-05
9.99562E-05 9.99562E-05 9.99562E-05 0.816372 0.102166 0.0809622 9.99562E-05 9.99562E-05
9.99824E-05 9.99824E-05 0.0346223 0.533824 0.189233 0.128135 0.0110691 0.102916
9.99648E-05 9.99648E-05 9.99648E-05 0.385604 0.270981 0.292146 0.0508691 9.99648E-05
9.99737E-05 9.99737E-05 0.172081 0.0372192 0.17585 0.555557 9.99737E-05 0.058993
9.99737E-05 9.99737E-05 0.206637 0.0417536 0.0831643 0.619052 9.99737E-05 0.0490932
9.99737E-05 9.99737E-05 0.24552 0.0130774 0.222739 0.478394 9.99737E-05 0.0399698
9.9965E-05 9.9965E-05 0.146723 0.296388 9.9965E-05 0.48682 9.9965E-05 0.0696692
0.127421 9.99912E-05 0.136757 0.186088 0.0713577 0.397312 0.0111164 0.0698486
9.99737E-05 0.235003 0.0404606 0.101422 0.0628672 0.559947 9.99737E-05 9.99737E-05
9.99561E-05 9.99561E-05 9.99561E-05 9.99561E-05 0.185785 0.755564 9.99561E-05 0.0581516
9.99737E-05 9.99737E-05 0.279887 0.0143179 0.0832767 0.563516 9.99737E-05 0.0587029
9.99825E-05 0.331271 0.135903 0.137443 0.0431837 0.295846 9.99825E-05 0.0561529
9.99649E-05 9.99649E-05 0.190726 9.99649E-05 0.159449 0.614214 9.99649E-05 0.0352109
9.99824E-05 9.99824E-05 0.145786 0.11474 0.0885725 0.509078 0.00241227 0.13921
9.99737E-05 0.0803644 9.99737E-05 0.111042 9.99737E-05 0.653757 0.141151 0.0133867
9.99649E-05 9.99649E-05 0.244646 0.0595916 0.157801 0.537561 9.99649E-05 9.99649E-05
9.99737E-05 0.329435 0.0562398 0.0354666 0.0178663 0.560692 9.99737E-05 9.99737E-05
0.0498836 0.00945229 0.00804022 0.160987 0.00123096 0.599559 9.99912E-05 0.170746
9.99737E-05 9.99737E-05 0.200278 0.0221182 0.272227 0.452182 9.99737E-05 0.0528949
9.99649E-05 9.99649E-05 9.99649E-05 0.222312 0.0298622 0.521776 9.99649E-05 0.22565
9.99649E-05 9.99649E-05 0.226991 0.0650449 9.99649E-05 0.693822 9.99649E-05 0.0137424
9.99649E-05 9.99649E-05 0.115499 9.99649E-05 0.0682068 0.541985 9.99649E-05 0.273909
9.99649E-05 9.99649E-05 0.112419 9.99649E-05 0.195507 0.643966 9.99649E-05 0.0477089
9.99561E-05 9.99561E-05 9.99561E-05 9.99561E-05 0.113627 0.755576 9.99561E-05 0.130296
9.99825E-05 0.147316 0.2001 0.0831758 0.0300835 0.461022 9.99825E-05 0.0781026
0.0252092 0.0748818 9.99912E-05 0.0244619 0.0273648 0.672207 0.059882 0.115894
0.150679 9.99649E-05 9.99649E-05 0.0522668 0.203063 0.593591 9.99649E-05 9.99649E-05
0.0138719 9.99561E-05 9.99561E-05 9.99561E-05 0.299482 0.686147 9.99561E-05 9.99561E-05
9.99473E-05 9.99473E-05 9.99473E-05 9.99473E-05 0.275935 0.723466 9.99473E-05 9.99473E-05
9.99473E-05 9.99473E-05 9.99473E-05 9.99473E-05 0.227563 0.771837 9.99473E-05 9.99473E-05
9.99474E-05 9.99474E-05 9.99474E-05 9.99474E-05 0.106519 0.892881 9.99474E-05 9.99474E-05
9.99474E-05 9.99474E-05 9.99474E-05 9.99474E-05 0.231686 0.767714 9.99474E-05 9.99474E-05
0.109794 9.99649E-05 9.99649E-05 9.99649E-05 0.273863 0.604638 9.99649E-05 0.0113054
9.99562E-05 9.99562E-05 9.99562E-05 0.106488 0.134776 0.758236 9.99562E-05 9.99562E-05
0.0156619 9.99737E-05 0.0133743 0.171767 0.155514 0.643382 9.99737E-05 9.99737E-05
9.9956E-05 9.9956E-05 9.9956E-05 9.9956E-05 0.355543 0.584119 9.9956E-05 0.059838
0.0134377 9.99561E-05 9.99561E-05 9.99561E-05 0.122178 0.863885 9.99561E-05 9.99561E-05
9.99649E-05 9.99649E-05 0.0263733 9.99649E-05 0.183884 0.783038 9.99649E-05 0.0063042
9.9956E-05 9.9956E-05 9.9956E-05 9.9956E-05 0.337081 0.655 9.9956E-05 0.0074191
9.99649E-05 9.99649E-05 9.99649E-05 0.16387 0.273821 0.548857 9.99649E-05 0.0130519
9.99562E-05 9.99562E-05 9.99562E-05 0.144924 0.117286 0.73729 9.99562E-05 9.99562E-05
9.99649E-05 9.99649E-05 0.0475027 0.14066 0.228342 0.583095 9.99649E-05 9.99649E-05
0.0478917 9.99649E-05 9.99649E-05 0.081999 0.236821 0.632889 9.99649E-05 9.99649E-05
9.99561E-05 9.99561E-05 9.99561E-05 0.0198708 0.230792 0.748838 9.99561E-05 9.99561E-05
9.99474E-05 9.99474E-05 9.99474E-05 9.99474E-05 0.284552 0.714849 9.99474E-05 9.99474E-05
9.99561E-05 9.99561E-05 9.99561E-05 9.99561E-05 0.178373 0.786791 9.99561E-05 0.0343366
9.99473E-05 9.99473E-05 9.99473E-05 9.99473E-05 0.406723 0.592677 9.99473E-05 9.99473E-05
0.0497089 9.99649E-05 9.99649E-05 0.0532549 9.99649E-05 0.88396 9.99649E-05 0.0126763
9.99472E-05 9.99472E-05 9.99472E-05 9.99472E-05 0.338806 0.660594 9.99472E-05 9.99472E-05
9.99562E-05 9.99562E-05 9.99562E-05 0.924407 9.99562E-05 0.0109215 0.0641721 9.99562E-05
0.0105739 9.99649E-05 0.0362252 9.99649E-05 0.200419 0.752382 9.99649E-05 9.99649E-05
0.0272562 9.99562E-05 9.99562E-05 9.99562E-05 0.212839 0.759405 9.99562E-05 9.99562E-05
9.99561E-05 9.99561E-05 0.0696081 9.99561E-05 9.99561E-05 0.822752 9.99561E-05 0.10714
9.99473E-05 9.99473E-05 9.99473E-05 9.99473E-05 0.147591 0.851809 9.99473E-05 9.99473E-05
9.99472E-05 9.99472E-05 9.99472E-05 9.99472E-05 0.326214 0.673186 9.99472E-05 9.99472E-05
9.99561E-05 9.99561E-05 9.99561E-05 0.134918 0.172349 0.692233 9.99561E-05 9.99561E-05
9.99562E-05 9.99562E-05 9.99562E-05 9.99562E-05 0.166579 0.768783 9.99562E-05 0.0641385
9.99561E-05 9.99561E-05 0.00375991 9.99561E-05 0.1167 0.87904 9.99561E-05 9.99561E-05
9.99474E-05 9.99474E-05 9.99474E-05 9.99474E-05 0.227623 0.771777 9.99474E-05 9.99474E-05
9.99473E-05 9.99473E-05 9.99473E-05 9.99473E-05 0.278737 0.720663 9.99473E-05 9.99473E-05
0.0363015 9.99561E-05 9.99561E-05 9.99561E-05 0.304164 0.659035 9.99561E-05 9.99561E-05
9.99473E-05 9.99473E-05 9.99473E-05 9.99473E-05 0.203199 0.796201 9.99473E-05 9.99473E-05
9.99473E-05 9.99473E-05 9.99473E-05 9.99473E-05 0.314485 0.684915 9.99473E-05 9.99473E-05
0.0221365 9.99649E-05 9.99649E-05 9.99649E-05 0.0693606 0.870276 9.99649E-05 0.0378273
9.99561E-05 9.99561E-05 0.0402991 9.99561E-05 0.212555 0.746646 9.99561E-05 9.99561E-05
9.99562E-05 9.99562E-05 9.99562E-05 0.0661758 0.233593 0.699731 9.99562E-05 9.99562E-05
9.99475E-05 9.99475E-05 9.99475E-05 9.99475E-05 0.115614 0.883786 9.99475E-05 9.99475E-05
9.99474E-05 9.99474E-05 9.99474E-05 9.99474E-05 0.23543 0.76397 9.99474E-05 9.99474E-05
0.0282304 9.99561E-05 9.99561E-05 9.99561E-05 0.255125 0.716144 9.99561E-05 9.99561E-05
9.99561E-05 9.99561E-05 9.99561E-05 9.99561E-05 0.220889 0.75098 9.99561E-05 0.0276317
9.99737E-05 0.0745034 0.427345 9.99737E-05 0.0245095 0.337517 9.99737E-05 0.135825
9.99737E-05 0.0510124 0.539482 9.99737E-05 0.181532 0.193341 9.99737E-05 0.034332
9.99825E-05 0.00246859 0.4766 9.99825E-05 0.269088 0.072653 0.0143997 0.164591
9.99737E-05 0.0400795 0.545177 9.99737E-05 0.0891213 0.253148 9.99737E-05 0.0721745
9.99737E-05 0.0224119 0.379711 9.99737E-05 0.0987519 0.314946 9.99737E-05 0.183879
0.0175504 0.0351332 0.362392 9.99825E-05 0.111014 0.304273 9.99825E-05 0.169436
9.99737E-05 0.00449428 0.437752 9.99737E-05 0.12343 0.3027 9.99737E-05 0.131324
9.99649E-05 9.99649E-05 0.449452 9.99649E-05 0.0305874 0.447722 9.99649E-05 0.0718386
9.99649E-05 0.0190596 0.418319 9.99649E-05 0.496411 9.99649E-05 9.99649E-05 0.06581
0.160193 0.0521928 9.99825E-05 9.99825E-05 0.0904515 0.356118 0.0952966 0.245548
9.99649E-05 9.99649E-05 0.40617 9.99649E-05 0.100908 0.328814 9.99649E-05 0.163707
9.99649E-05 9.99649E-05 0.55824 9.99649E-05 0.174619 0.111638 9.99649E-05 0.155102
9.99825E-05 0.0157512 0.361082 9.99825E-05 0.0392274 0.34012 0.0268697 0.216749
9.99737E-05 0.0310341 0.500934 9.99737E-05 0.0883305 0.219055 9.99737E-05 0.160347
0.00463604 0.0241677 0.555357 9.99824E-05 0.113687 0.230784 9.99824E-05 0.0711682
0.0569224 9.99737E-05 0.442386 9.99737E-05 0.0170608 0.402577 9.99737E-05 0.080754
9.99737E-05 0.0040171 0.42183 9.99737E-05 0.0887147 0.412224 9.99737E-05 0.0729136
9.99737E-05 0.0291196 0.420834 9.99737E-05 0.263436 0.208558 9.99737E-05 0.0777522
9.99649E-05 9.99649E-05 0.28457 9.99649E-05 0.132625 0.303204 9.99649E-05 0.279201
9.99736E-05 0.057419 0.310211 9.99736E-05 0.0188388 0.405696 9.99736E-05 0.207535
9.994E-05 9.994E-05 9.994E-05 9.994E-05 9.994E-05 9.994E-05 9.994E-05 0.9993
9.994E-05 9.994E-05 9.994E-05 9.994E-05 9.994E-05 9.994E-05 9.994E-05 0.9993
9.994E-05 9.994E-05 9.994E-05 9.994E-05 9.994E-05 9.994E-05 9.994E-05 0.9993
9.994E-05 9.994E-05 9.994E-05 9.994E-05 9.994E-05 9.994E-05 9.994E-05 0.9993
9.994E-05 9.994E-05 9.994E-05 9.994E-05 9.994E-05 9.994E-05 9.994E-05 0.9993
9.994E-05 9.994E-05 9.994E-05 9.994E-05 9.994E-05 9.994E-05 9.994E-05 0.9993
9.994E-05 9.994E-05 9.994E-05 9.994E-05 9.994E-05 9.994E-05 9.994E-05 0.9993
9.994E-05 9.994E-05 9.994E-05 9.994E-05 9.994E-05 9.994E-05 9.994E-05 0.9993
9.994E-05 9.994E-05 9.994E-05 9.994E-05 9.994E-05 9.994E-05 9.994E-05 0.9993
9.994E-05 9.994E-05 9.994E-05 9.994E-05 9.994E-05 9.994E-05 9.994E-05 0.9993
9.994E-05 9.994E-05 9.994E-05 9.994E-05 9.994E-05 9.994E-05 9.994E-05 0.9993
9.994E-05 9.994E-05 9.994E-05 9.994E-05 9.994E-05 9.994E-05 9.994E-05 0.9993
9.994E-05 9.994E-05 9.994E-05 9.994E-05 9.994E-05 9.994E-05 9.994E-05 0.9993
9.994E-05 9.994E-05 9.994E-05 9.994E-05 9.994E-05 9.994E-05 9.994E-05 0.9993
9.994E-05 9.994E-05 9.994E-05 9.994E-05 9.994E-05 9.994E-05 9.994E-05 0.9993
9.994E-05 9.994E-05 9.994E-05 9.994E-05 9.994E-05 9.994E-05 9.994E-05 0.9993
9.994E-05 9.994E-05 9.994E-05 9.994E-05 9.994E-05 9.994E-05 9.994E-05 0.9993
9.994E-05 9.994E-05 9.994E-05 9.994E-05 9.994E-05 9.994E-05 9.994E-05 0.9993
9.994E-05 9.994E-05 9.994E-05 9.994E-05 9.994E-05 9.994E-05 9.994E-05 0.9993
9.994E-05 9.994E-05 9.994E-05 9.994E-05 9.994E-05 9.994E-05 9.994E-05 0.9993
9.994E-05 9.994E-05 9.994E-05 9.994E-05 9.994E-05 9.994E-05 9.994E-05 0.9993
9.994E-05 9.994E-05 9.994E-05 9.994E-05 9.994E-05 9.994E-05 9.994E-05 0.9993
9.994E-05 9.994E-05 9.994E-05 9.994E-05 9.994E-05 9.994E-05 9.994E-05 0.9993
9.994E-05 9.994E-05 9.994E-05 9.994E-05 9.994E-05 9.994E-05 9.994E-05 0.9993
9.994E-05 9.994E-05 9.994E-05 9.994E-05 9.994E-05 9.994E-05 9.994E-05 0.9993
9.994E-05 9.994E-05 9.994E-05 9.994E-05 9.994E-05 9.994E-05 9.994E-05 0.9993
9.994E-05 9.994E-05 9.994E-05 9.994E-05 9.994E-05 9.994E-05 9.994E-05 0.9993
9.994E-05 9.994E-05 9.994E-05 9.994E-05 9.994E-05 9.994E-05 9.994E-05 0.9993
9.994E-05 9.994E-05 9.994E-05 9.994E-05 9.994E-05 9.994E-05 9.994E-05 0.9993
9.994E-05 9.994E-05 9.994E-05 9.994E-05 9.994E-05 9.994E-05 9.994E-05 0.9993
9.994E-05 9.994E-05 9.994E-05 9.994E-05 9.994E-05 9.994E-05 9.994E-05 0.9993
9.994E-05 9.994E-05 9.994E-05 9.994E-05 9.994E-05 9.994E-05 9.994E-05 0.9993
9.994E-05 9.994E-05 9.994E-05 9.994E-05 9.994E-05 9.994E-05 9.994E-05 0.9993
9.994E-05 9.994E-05 9.994E-05 9.994E-05 9.994E-05 9.994E-05 9.994E-05 0.9993
9.994E-05 9.994E-05 9.994E-05 9.994E-05 9.994E-05 9.994E-05 9.994E-05 0.9993
