9.9921E-05 9.9921E-05 9.9921E-05 9.9921E-05 0.146287 0.00619648 0.00183846 0.2465 0.0947938 9.9921E-05 0.0719728 9.9921E-05 9.9921E-05 0.358103 0.073409 9.9921E-05 9.9921E-05
0.0251608 9.99122E-05 9.99122E-05 9.99122E-05 9.99122E-05 0.00914008 9.99122E-05 0.0240125 0.137586 9.99122E-05 0.00695535 9.99122E-05 9.99122E-05 0.793558 9.99122E-05 9.99122E-05 0.00258829
9.98946E-05 0.0394433 9.98946E-05 9.98946E-05 9.98946E-05 9.98946E-05 9.98946E-05 9.98946E-05 9.98946E-05 9.98946E-05 0.0326611 9.98946E-05 0.0400359 0.884855 0.00180626 9.98946E-05 9.98946E-05
0.0842036 0.104106 9.9921E-05 9.9921E-05 0.137073 0.0509274 9.9921E-05 9.9921E-05 9.9921E-05 9.9921E-05 0.044759 0.270892 9.9921E-05 0.279111 9.9921E-05 9.9921E-05 0.0280281
0.0700225 9.98859E-05 9.98859E-05 9.98859E-05 9.98859E-05 9.98859E-05 9.98859E-05 9.98859E-05 0.0228687 9.98859E-05 9.98859E-05 9.98859E-05 0.0414683 0.864342 9.98859E-05 9.98859E-05 9.98859E-05
0.0169455 0.255557 0.0701311 9.99122E-05 9.99122E-05 9.99122E-05 9.99122E-05 0.208166 9.99122E-05 9.99122E-05 9.99122E-05 0.03291 0.124676 0.290616 9.99122E-05 9.99122E-05 9.99122E-05
9.9921E-05 9.9921E-05 9.9921E-05 9.9921E-05 0.144473 0.096484 9.9921E-05 0.0751055 0.0837839 9.9921E-05 0.00210726 0.223017 9.9921E-05 0.279504 0.0946263 9.9921E-05 9.9921E-05
0.161349 0.118992 0.149796 9.99387E-05 0.170557 0.0534845 9.99387E-05 0.142769 9.99387E-05 0.099546 9.99387E-05 0.0194995 0.00123439 0.0820728 9.99387E-05 9.99387E-05 9.99387E-05
0.0186422 9.9921E-05 0.25616 9.9921E-05 0.0319417 9.9921E-05 9.9921E-05 9.9921E-05 0.0013136 9.9921E-05 0.221508 9.9921E-05 0.0206803 0.272002 0.176853 9.9921E-05 9.9921E-05
9.98683E-05 9.98683E-05 9.98683E-05 9.98683E-05 9.98683E-05 9.98683E-05 9.98683E-05 9.98683E-05 9.98683E-05 9.98683E-05 0.116698 9.98683E-05 9.98683E-05 0.881804 9.98683E-05 9.98683E-05 9.98683E-05
9.99035E-05 9.99035E-05 0.00858334 9.99035E-05 0.115241 0.127541 9.99035E-05 0.103539 9.99035E-05 9.99035E-05 0.174233 9.99035E-05 9.99035E-05 0.469764 9.99035E-05 9.99035E-05 9.99035E-05
9.98771E-05 9.98771E-05 9.98771E-05 9.98771E-05 9.98771E-05 9.98771E-05 9.98771E-05 9.98771E-05 9.98771E-05 0.0234783 9.98771E-05 0.0288091 9.98771E-05 0.946314 9.98771E-05 9.98771E-05 9.98771E-05
9.98771E-05 9.98771E-05 9.98771E-05 9.98771E-05 0.106491 9.98771E-05 9.98771E-05 9.98771E-05 9.98771E-05 9.98771E-05 0.105367 9.98771E-05 9.98771E-05 0.786743 9.98771E-05 9.98771E-05 9.98771E-05
9.99121E-05 9.99121E-05 9.99121E-05 9.99121E-05 0.040626 0.0285898 9.99121E-05 9.99121E-05 9.99121E-05 0.000726134 9.99121E-05 9.99121E-05 0.133502 0.574576 9.99121E-05 0.220882 9.99121E-05
9.99123E-05 0.0965365 0.140555 9.99123E-05 0.0537825 9.99123E-05 9.99123E-05 0.2114 9.99123E-05 9.99123E-05 0.126448 9.99123E-05 9.99123E-05 0.278828 0.0914514 9.99123E-05 9.99123E-05
0.0102107 9.9921E-05 0.186078 9.9921E-05 0.0918193 9.9921E-05 9.9921E-05 0.161909 9.9921E-05 0.0930389 0.10236 0.126027 9.9921E-05 0.227658 9.9921E-05 9.9921E-05 9.9921E-05
9.99211E-05 9.99211E-05 9.99211E-05 9.99211E-05 9.99211E-05 0.0465215 0.0050738 9.99211E-05 0.0116715 0.0789141 0.0993549 9.99211E-05 9.99211E-05 0.458163 0.0230866 0.276316 9.99211E-05
0.0289316 9.99298E-05 0.0533064 9.99298E-05 0.21995 9.99298E-05 0.198249 0.17961 9.99298E-05 9.99298E-05 0.0852979 9.99298E-05 9.99298E-05 0.0920883 0.0754201 9.99298E-05 0.0663472
0.00464296 9.99297E-05 0.149487 9.99297E-05 0.164099 9.99297E-05 0.00115673 9.99297E-05 9.99297E-05 9.99297E-05 0.114645 0.152065 9.99297E-05 0.30915 0.0308234 9.99297E-05 0.0731307
9.98595E-05 9.98595E-05 9.98595E-05 9.98595E-05 9.98595E-05 9.98595E-05 9.98595E-05 9.98595E-05 9.98595E-05 9.98595E-05 9.98595E-05 9.98595E-05 9.98595E-05 0.998402 9.98595E-05 9.98595E-05 9.98595E-05
0.163173 9.99298E-05 0.0774921 9.99298E-05 9.99298E-05 0.0780512 9.99298E-05 9.99298E-05 9.99298E-05 0.0454242 0.0203573 0.044569 9.99298E-05 0.51172 0.0405177 9.99298E-05 0.0178955
9.99122E-05 0.0200554 0.138499 9.99122E-05 0.419441 9.99122E-05 9.99122E-05 9.99122E-05 0.00281306 9.99122E-05 9.99122E-05 0.0858062 0.0840055 0.248381 9.99122E-05 9.99122E-05 9.99122E-05
9.99124E-05 0.0417917 0.0359331 9.99124E-05 9.99124E-05 0.0475702 9.99124E-05 0.216328 0.0521988 9.99124E-05 0.0747267 9.99124E-05 9.99124E-05 0.530453 9.99124E-05 9.99124E-05 9.99124E-05
9.99122E-05 0.00344296 9.99122E-05 9.99122E-05 0.275386 9.99122E-05 9.99122E-05 0.0349278 9.99122E-05 0.00603694 0.276852 9.99122E-05 9.99122E-05 0.369438 0.0329172 9.99122E-05 9.99122E-05
9.99035E-05 0.116525 0.14349 9.99035E-05 0.0789072 9.99035E-05 9.99035E-05 9.99035E-05 9.99035E-05 9.99035E-05 0.199588 9.99035E-05 9.99035E-05 0.264382 9.99035E-05 9.99035E-05 0.196009
9.99035E-05 0.073229 9.99035E-05 9.99035E-05 0.0306358 9.99035E-05 9.99035E-05 9.99035E-05 9.99035E-05 9.99035E-05 0.160203 0.0527763 0.0275841 0.654472 9.99035E-05 9.99035E-05 9.99035E-05
9.99035E-05 0.344214 9.99035E-05 9.99035E-05 0.405519 9.99035E-05 0.107738 9.99035E-05 9.99035E-05 0.0296087 0.0820521 9.99035E-05 9.99035E-05 0.0297691 9.99035E-05 9.99035E-05 9.99035E-05
9.98948E-05 9.98948E-05 9.98948E-05 9.98948E-05 0.0682318 9.98948E-05 9.98948E-05 9.98948E-05 9.98948E-05 9.98948E-05 0.0883929 0.0485194 9.98948E-05 0.704656 9.98948E-05 0.0890015 9.98948E-05
9.98948E-05 0.0925201 9.98948E-05 9.98948E-05 0.0895484 9.98948E-05 9.98948E-05 0.062119 9.98948E-05 9.98948E-05 0.173825 9.98948E-05 9.98948E-05 0.580789 9.98948E-05 9.98948E-05 9.98948E-05
9.98947E-05 9.98947E-05 0.0313181 0.152107 9.98947E-05 9.98947E-05 0.00765713 9.98947E-05 9.98947E-05 9.98947E-05 0.0581943 9.98947E-05 9.98947E-05 0.749525 9.98947E-05 9.98947E-05 9.98947E-05
9.99122E-05 9.99122E-05 0.0181874 9.99122E-05 0.0382622 0.0870115 9.99122E-05 0.101625 9.99122E-05 9.99122E-05 0.0491813 9.99122E-05 9.99122E-05 0.676959 9.99122E-05 9.99122E-05 0.0277741
0.0396085 9.99123E-05 9.99123E-05 9.99123E-05 0.0603164 0.0433927 9.99123E-05 9.99123E-05 9.99123E-05 9.99123E-05 0.105425 0.0538255 9.99123E-05 0.418373 9.99123E-05 0.27806 9.99123E-05
9.99209E-05 0.0474862 0.00107087 9.99209E-05 0.123749 0.0810214 9.99209E-05 0.080268 9.99209E-05 0.0428745 0.106319 9.99209E-05 9.99209E-05 0.516312 9.99209E-05 9.99209E-05 9.99209E-05
9.9921E-05 0.138897 9.9921E-05 9.9921E-05 0.174728 9.9921E-05 0.0930842 9.9921E-05 9.9921E-05 9.9921E-05 0.0721323 0.0364691 0.0106737 0.459296 0.0138202 9.9921E-05 9.9921E-05
9.98947E-05 9.98947E-05 0.0735728 9.98947E-05 9.98947E-05 0.0360722 9.98947E-05 9.98947E-05 9.98947E-05 9.98947E-05 0.0343483 9.98947E-05 9.98947E-05 0.811922 9.98947E-05 9.98947E-05 0.0428862
9.99123E-05 9.99123E-05 0.00647823 9.99123E-05 0.0464423 9.99123E-05 9.99123E-05 0.0986554 0.0107404 9.99123E-05 9.99123E-05 0.128722 9.99123E-05 0.685993 0.0219695 9.99123E-05 9.99123E-05
9.98947E-05 9.98947E-05 9.98947E-05 9.98947E-05 0.0705952 9.98947E-05 9.98947E-05 0.0148546 9.98947E-05 9.98947E-05 9.98947E-05 0.116257 9.98947E-05 0.771077 9.98947E-05 9.98947E-05 0.0260175
9.99123E-05 9.99123E-05 0.142475 0.0407668 9.99123E-05 0.0767019 9.99123E-05 9.99123E-05 9.99123E-05 9.99123E-05 0.0812247 9.99123E-05 9.99123E-05 0.604789 0.0170279 9.99123E-05 0.0360156
9.99211E-05 9.99211E-05 0.0234574 0.140156 0.0354038 0.0279214 9.99211E-05 9.99211E-05 0.124998 9.99211E-05 0.084315 9.99211E-05 0.0292489 0.5336 9.99211E-05 9.99211E-05 9.99211E-05
9.99123E-05 0.145911 9.99123E-05 9.99123E-05 0.018946 0.0252509 9.99123E-05 9.99123E-05 9.99123E-05 0.117406 0.110894 9.99123E-05 9.99123E-05 0.565259 9.99123E-05 9.99123E-05 0.0153335
9.98859E-05 9.98859E-05 9.98859E-05 9.98859E-05 0.0902212 9.98859E-05 9.98859E-05 9.98859E-05 9.98859E-05 9.98859E-05 0.051264 0.0215067 9.98859E-05 0.83571 9.98859E-05 9.98859E-05 9.98859E-05
9.99036E-05 9.99036E-05 9.99036E-05 9.99036E-05 0.245596 9.99036E-05 9.99036E-05 0.0131795 0.0518938 9.99036E-05 0.0559323 9.99036E-05 9.99036E-05 0.574914 0.0573854 9.99036E-05 9.99036E-05
9.98947E-05 9.98947E-05 9.98947E-05 0.114186 0.0612804 9.98947E-05 9.98947E-05 9.98947E-05 9.98947E-05 9.98947E-05 9.98947E-05 0.0363809 0.010974 0.77598 9.98947E-05 9.98947E-05 9.98947E-05
9.9921E-05 9.9921E-05 0.136493 9.9921E-05 0.120487 0.0377573 9.9921E-05 0.162015 0.00728197 9.9921E-05 0.141423 9.9921E-05 9.9921E-05 0.312023 0.081621 9.9921E-05 9.9921E-05
9.99035E-05 9.99035E-05 9.99035E-05 9.99035E-05 0.456387 9.99035E-05 9.99035E-05 9.99035E-05 9.99035E-05 9.99035E-05 0.0547518 0.107291 0.0887444 0.218568 9.99035E-05 9.99035E-05 0.0731583
0.0630657 9.98858E-05 9.98858E-05 9.98858E-05 9.98858E-05 9.98858E-05 9.98858E-05 9.98858E-05 9.98858E-05 9.98858E-05 0.0545695 9.98858E-05 9.98858E-05 0.818533 9.98858E-05 9.98858E-05 0.0625331
9.99035E-05 9.99035E-05 0.035478 9.99035E-05 9.99035E-05 0.0459 0.054744 9.99035E-05 9.99035E-05 9.99035E-05 0.101925 0.0262818 9.99035E-05 0.734572 9.99035E-05 9.99035E-05 9.99035E-05
9.98685E-05 9.98685E-05 9.98685E-05 9.98685E-05 9.98685E-05 9.98685E-05 9.98685E-05 9.98685E-05 9.98685E-05 9.98685E-05 0.07325 9.98685E-05 9.98685E-05 0.925252 9.98685E-05 9.98685E-05 9.98685E-05
0.111698 9.98858E-05 9.98858E-05 9.98858E-05 0.111312 9.98858E-05 9.98858E-05 9.98858E-05 9.98858E-05 9.98858E-05 0.108342 9.98858E-05 9.98858E-05 0.667349 9.98858E-05 9.98858E-05 9.98858E-05
9.99212E-05 9.99212E-05 0.00631597 9.99212E-05 0.0489589 0.0016332 0.0150557 9.99212E-05 0.0660096 0.0762052 9.99212E-05 9.99212E-05 0.116903 0.668019 9.99212E-05 9.99212E-05 9.99212E-05
0.096857 0.114327 0.024864 9.99297E-05 0.0902945 0.125224 9.99297E-05 0.0230444 9.99297E-05 9.99297E-05 0.173813 0.0316664 9.99297E-05 0.319111 9.99297E-05 9.99297E-05 9.99297E-05
0.0128028 9.99123E-05 9.99123E-05 9.99123E-05 0.282965 9.99123E-05 9.99123E-05 9.99123E-05 9.99123E-05 9.99123E-05 9.99123E-05 0.0206924 0.0178104 0.529961 0.108751 9.99123E-05 0.0260182
9.99035E-05 0.00389814 0.00492528 9.99035E-05 9.99035E-05 9.99035E-05 0.0697428 9.99035E-05 0.109423 9.99035E-05 0.00198472 9.99035E-05 9.99035E-05 0.808928 9.99035E-05 9.99035E-05 9.99035E-05
9.98949E-05 9.98949E-05 9.98949E-05 9.98949E-05 9.98949E-05 0.0593178 9.98949E-05 9.98949E-05 9.98949E-05 0.195877 0.0473982 9.98949E-05 0.0396105 0.656598 9.98949E-05 9.98949E-05 9.98949E-05
9.99035E-05 9.99035E-05 9.99035E-05 9.99035E-05 9.99035E-05 9.99035E-05 9.99035E-05 9.99035E-05 9.99035E-05 0.00417781 0.109318 0.045994 0.0359826 0.771592 0.0318371 9.99035E-05 9.99035E-05
9.98948E-05 0.196173 9.98948E-05 9.98948E-05 0.0676665 9.98948E-05 9.98948E-05 9.98948E-05 9.98948E-05 9.98948E-05 9.98948E-05 9.98948E-05 0.0190496 0.660496 9.98948E-05 9.98948E-05 0.055416
9.99034E-05 9.99034E-05 9.99034E-05 9.99034E-05 0.089253 0.0317267 0.0741696 9.99034E-05 0.0383097 9.99034E-05 0.0348855 9.99034E-05 9.99034E-05 0.730557 9.99034E-05 9.99034E-05 9.99034E-05
9.98773E-05 9.98773E-05 9.98773E-05 9.98773E-05 9.98773E-05 0.0359828 9.98773E-05 9.98773E-05 9.98773E-05 9.98773E-05 9.98773E-05 0.176496 9.98773E-05 0.786123 9.98773E-05 9.98773E-05 9.98773E-05
0.0294666 9.98948E-05 9.98948E-05 9.98948E-05 9.98948E-05 9.98948E-05 0.0372091 9.98948E-05 9.98948E-05 0.00257782 9.98948E-05 0.0685428 9.98948E-05 0.861005 9.98948E-05 9.98948E-05 9.98948E-05
9.99122E-05 0.0201736 0.0439556 9.99122E-05 9.99122E-05 0.0422034 0.0380478 0.681226 9.99122E-05 9.99122E-05 0.133007 9.99122E-05 9.99122E-05 9.99122E-05 9.99122E-05 9.99122E-05 0.0403873
9.98685E-05 9.98685E-05 9.98685E-05 9.98685E-05 9.98685E-05 9.98685E-05 9.98685E-05 0.984282 9.98685E-05 9.98685E-05 9.98685E-05 0.0142197 9.98685E-05 9.98685E-05 9.98685E-05 9.98685E-05 9.98685E-05
9.98683E-05 9.98683E-05 9.98683E-05 9.98683E-05 9.98683E-05 9.98683E-05 0.0181956 0.980306 9.98683E-05 9.98683E-05 9.98683E-05 9.98683E-05 9.98683E-05 9.98683E-05 9.98683E-05 9.98683E-05 9.98683E-05
9.99035E-05 0.167178 0.120146 9.99035E-05 9.99035E-05 9.99035E-05 0.0106481 0.395081 0.26931 9.99035E-05 0.0365376 9.99035E-05 9.99035E-05 9.99035E-05 9.99035E-05 9.99035E-05 9.99035E-05
9.99296E-05 9.99296E-05 0.0397356 9.99296E-05 0.100701 0.00854655 0.0822826 0.57171 9.99296E-05 0.0632827 0.073317 9.99296E-05 0.00793865 9.99296E-05 9.99296E-05 9.99296E-05 0.0516865
9.98856E-05 9.98856E-05 0.0510507 9.98856E-05 0.094286 9.98856E-05 9.98856E-05 0.652459 9.98856E-05 9.98856E-05 0.200905 9.98856E-05 9.98856E-05 9.98856E-05 9.98856E-05 9.98856E-05 9.98856E-05
9.99209E-05 9.99209E-05 0.0141029 9.99209E-05 9.99209E-05 0.0284899 0.0184627 0.434619 0.278228 9.99209E-05 0.106929 0.0976209 9.99209E-05 9.99209E-05 9.99209E-05 9.99209E-05 0.0206488
9.98945E-05 0.0880842 0.0222569 9.98945E-05 9.98945E-05 9.98945E-05 0.225961 0.517345 9.98945E-05 9.98945E-05 0.145154 9.98945E-05 9.98945E-05 9.98945E-05 9.98945E-05 9.98945E-05 9.98945E-05
9.98685E-05 9.98685E-05 0.047144 9.98685E-05 9.98685E-05 9.98685E-05 9.98685E-05 0.951358 9.98685E-05 9.98685E-05 9.98685E-05 9.98685E-05 9.98685E-05 9.98685E-05 9.98685E-05 9.98685E-05 9.98685E-05
9.98682E-05 9.98682E-05 9.98682E-05 9.98682E-05 9.98682E-05 0.0541369 9.98682E-05 0.944365 9.98682E-05 9.98682E-05 9.98682E-05 9.98682E-05 9.98682E-05 9.98682E-05 9.98682E-05 9.98682E-05 9.98682E-05
9.98944E-05 9.98944E-05 0.0801149 9.98944E-05 9.98944E-05 0.170836 9.98944E-05 0.511069 9.98944E-05 9.98944E-05 0.228555 9.98944E-05 9.98944E-05 9.98944E-05 9.98944E-05 9.98944E-05 0.00822682
9.99209E-05 9.99209E-05 9.99209E-05 9.99209E-05 0.12273 0.0639609 9.99209E-05 0.499474 0.0558119 0.0967767 0.0654501 0.0583749 0.0365217 9.99209E-05 9.99209E-05 9.99209E-05 9.99209E-05
0.111138 0.0505992 0.100618 9.99034E-05 9.99034E-05 0.196375 9.99034E-05 0.527558 9.99034E-05 0.0126125 9.99034E-05 9.99034E-05 9.99034E-05 9.99034E-05 9.99034E-05 9.99034E-05 9.99034E-05
0.0586877 9.99033E-05 9.99033E-05 9.99033E-05 0.174374 9.99033E-05 9.99033E-05 0.444358 0.126004 9.99033E-05 0.175951 9.99033E-05 0.0195265 9.99033E-05 9.99033E-05 9.99033E-05 9.99033E-05
9.98799E-05 0.0306199 9.98799E-05 9.98799E-05 9.98799E-05 9.98799E-05 9.98799E-05 0.933254 9.98799E-05 9.98799E-05 9.98799E-05 9.98799E-05 0.034728 9.98799E-05 9.98799E-05 9.98799E-05 9.98799E-05
9.98859E-05 9.98859E-05 0.0512526 9.98859E-05 9.98859E-05 0.0259279 9.98859E-05 0.86332 9.98859E-05 9.98859E-05 0.0582011 9.98859E-05 9.98859E-05 9.98859E-05 9.98859E-05 9.98859E-05 9.98859E-05
9.9912E-05 0.0510307 0.0439902 9.9912E-05 9.9912E-05 9.9912E-05 0.0505932 0.680667 9.9912E-05 0.0622228 0.00237775 0.10812 9.9912E-05 9.9912E-05 9.9912E-05 9.9912E-05 9.9912E-05
9.98946E-05 9.98946E-05 0.0357512 9.98946E-05 0.069763 0.101674 9.98946E-05 0.613858 9.98946E-05 9.98946E-05 9.98946E-05 0.177755 9.98946E-05 9.98946E-05 9.98946E-05 9.98946E-05 9.98946E-05
9.99034E-05 9.99034E-05 0.0229373 9.99034E-05 9.99034E-05 0.0290748 0.0786392 0.75504 9.99034E-05 9.99034E-05 0.084992 0.0282182 9.99034E-05 9.99034E-05 9.99034E-05 9.99034E-05 9.99034E-05
9.98857E-05 9.98857E-05 9.98857E-05 9.98857E-05 9.98857E-05 0.0264988 9.98857E-05 0.61763 9.98857E-05 0.0977749 0.256798 9.98857E-05 9.98857E-05 9.98857E-05 9.98857E-05 9.98857E-05 9.98857E-05
9.98686E-05 9.98686E-05 9.98686E-05 0.0624871 9.98686E-05 9.98686E-05 9.98686E-05 0.936015 9.98686E-05 9.98686E-05 9.98686E-05 9.98686E-05 9.98686E-05 9.98686E-05 9.98686E-05 9.98686E-05 9.98686E-05
9.98945E-05 0.0257414 9.98945E-05 9.98945E-05 0.230172 9.98945E-05 9.98945E-05 0.693345 0.046071 9.98945E-05 0.00347153 9.98945E-05 9.98945E-05 9.98945E-05 9.98945E-05 9.98945E-05 9.98945E-05
9.98947E-05 0.190397 9.98947E-05 9.98947E-05 0.00515285 9.98947E-05 9.98947E-05 0.733234 0.0378871 9.98947E-05 0.03213 9.98947E-05 9.98947E-05 9.98947E-05 9.98947E-05 9.98947E-05 9.98947E-05
0.0745141 0.026336 9.99298E-05 9.99298E-05 9.99298E-05 0.0236199 0.0385743 0.632011 9.99298E-05 0.0386961 0.040222 9.99298E-05 0.0252728 9.99298E-05 0.0999537 9.99298E-05 9.99298E-05
0.0383895 9.9877E-05 9.9877E-05 9.9877E-05 9.9877E-05 0.144891 9.9877E-05 0.815321 9.9877E-05 9.9877E-05 9.9877E-05 9.9877E-05 9.9877E-05 9.9877E-05 9.9877E-05 9.9877E-05 9.9877E-05
9.98948E-05 9.98948E-05 0.0200182 0.0120669 9.98948E-05 9.98948E-05 9.98948E-05 0.955015 0.000619823 9.98948E-05 0.011081 9.98948E-05 9.98948E-05 9.98948E-05 9.98948E-05 9.98948E-05 9.98948E-05
9.98596E-05 9.98596E-05 9.98596E-05 9.98596E-05 9.98596E-05 9.98596E-05 9.98596E-05 0.998402 9.98596E-05 9.98596E-05 9.98596E-05 9.98596E-05 9.98596E-05 9.98596E-05 9.98596E-05 9.98596E-05 9.98596E-05
9.98597E-05 9.98597E-05 9.98597E-05 9.98597E-05 9.98597E-05 9.98597E-05 9.98597E-05 0.998402 9.98597E-05 9.98597E-05 9.98597E-05 9.98597E-05 9.98597E-05 9.98597E-05 9.98597E-05 9.98597E-05 9.98597E-05
9.9886E-05 9.9886E-05 0.00851861 9.9886E-05 9.9886E-05 9.9886E-05 0.0794479 0.879882 9.9886E-05 9.9886E-05 0.0308525 9.9886E-05 9.9886E-05 9.9886E-05 9.9886E-05 9.9886E-05 9.9886E-05
9.98861E-05 9.98861E-05 0.103607 0.0942366 9.98861E-05 9.98861E-05 9.98861E-05 0.716041 9.98861E-05 9.98861E-05 0.0848166 9.98861E-05 9.98861E-05 9.98861E-05 9.98861E-05 9.98861E-05 9.98861E-05
9.98771E-05 0.84737 0.0774366 9.98771E-05 9.98771E-05 9.98771E-05 9.98771E-05 9.98771E-05 9.98771E-05 9.98771E-05 0.0737956 9.98771E-05 9.98771E-05 9.98771E-05 9.98771E-05 9.98771E-05 9.98771E-05
9.9886E-05 0.441301 0.0202766 0.531693 9.9886E-05 9.9886E-05 9.9886E-05 9.9886E-05 9.9886E-05 9.9886E-05 0.00543132 9.9886E-05 9.9886E-05 9.9886E-05 9.9886E-05 9.9886E-05 9.9886E-05
9.98858E-05 0.905326 9.98858E-05 9.98858E-05 9.98858E-05 0.00142287 9.98858E-05 9.98858E-05 9.98858E-05 9.98858E-05 0.0834662 9.98858E-05 0.00848685 9.98858E-05 9.98858E-05 9.98858E-05 9.98858E-05
9.98858E-05 0.758142 9.98858E-05 9.98858E-05 9.98858E-05 0.0219975 9.98858E-05 9.98858E-05 9.98858E-05 9.98858E-05 0.207836 9.98858E-05 0.0107259 9.98858E-05 9.98858E-05 9.98858E-05 9.98858E-05
9.98682E-05 0.912345 0.0861567 9.98682E-05 9.98682E-05 9.98682E-05 9.98682E-05 9.98682E-05 9.98682E-05 9.98682E-05 9.98682E-05 9.98682E-05 9.98682E-05 9.98682E-05 9.98682E-05 9.98682E-05 9.98682E-05
9.98947E-05 0.594403 0.187795 9.98947E-05 9.98947E-05 9.98947E-05 9.98947E-05 9.98947E-05 0.00362894 9.98947E-05 0.192854 9.98947E-05 9.98947E-05 9.98947E-05 9.98947E-05 0.0201207 9.98947E-05
9.99035E-05 0.746958 0.0826839 9.99035E-05 0.0666251 0.0252962 0.0196595 9.99035E-05 9.99035E-05 9.99035E-05 0.0576781 9.99035E-05 9.99035E-05 9.99035E-05 9.99035E-05 9.99035E-05 9.99035E-05
9.98683E-05 0.782335 0.216167 9.98683E-05 9.98683E-05 9.98683E-05 9.98683E-05 9.98683E-05 9.98683E-05 9.98683E-05 9.98683E-05 9.98683E-05 9.98683E-05 9.98683E-05 9.98683E-05 9.98683E-05 9.98683E-05
9.98858E-05 0.4252 0.338764 9.98858E-05 9.98858E-05 9.98858E-05 9.98858E-05 9.98858E-05 0.218316 9.98858E-05 0.016421 9.98858E-05 9.98858E-05 9.98858E-05 9.98858E-05 9.98858E-05 9.98858E-05
9.98859E-05 0.494895 0.153803 9.98859E-05 9.98859E-05 9.98859E-05 9.98859E-05 9.98859E-05 9.98859E-05 9.98859E-05 0.32778 0.0222231 9.98859E-05 9.98859E-05 9.98859E-05 9.98859E-05 9.98859E-05
9.98858E-05 0.2271 0.0313737 9.98858E-05 9.98858E-05 9.98858E-05 9.98858E-05 9.98858E-05 0.110189 9.98858E-05 9.98858E-05 9.98858E-05 9.98858E-05 9.98858E-05 9.98858E-05 0.630039 9.98858E-05
9.9886E-05 0.658733 9.9886E-05 9.9886E-05 9.9886E-05 9.9886E-05 9.9886E-05 9.9886E-05 0.239036 9.9886E-05 0.0457912 9.9886E-05 9.9886E-05 9.9886E-05 9.9886E-05 0.0551413 9.9886E-05
9.98772E-05 0.76756 0.0882936 9.98772E-05 9.98772E-05 9.98772E-05 9.98772E-05 9.98772E-05 9.98772E-05 9.98772E-05 9.98772E-05 9.98772E-05 9.98772E-05 9.98772E-05 9.98772E-05 0.142748 9.98772E-05
9.98858E-05 0.267637 0.0959497 9.98858E-05 9.98858E-05 9.98858E-05 9.98858E-05 9.98858E-05 9.98858E-05 9.98858E-05 0.221451 9.98858E-05 9.98858E-05 9.98858E-05 9.98858E-05 0.413664 9.98858E-05
9.9921E-05 0.72029 0.0773202 0.0748519 9.9921E-05 0.026132 0.0751845 9.9921E-05 9.9921E-05 9.9921E-05 9.9921E-05 9.9921E-05 0.00998344 9.9921E-05 9.9921E-05 0.0104663 0.00487241
9.99123E-05 0.653479 0.0611795 0.0340737 9.99123E-05 0.0159238 9.99123E-05 9.99123E-05 0.0795779 9.99123E-05 0.135289 9.99123E-05 0.019477 9.99123E-05 9.99123E-05 9.99123E-05 9.99123E-05
9.99034E-05 0.49103 9.99034E-05 9.99034E-05 9.99034E-05 9.99034E-05 0.00981068 9.99034E-05 0.241269 9.99034E-05 0.117268 9.99034E-05 9.99034E-05 9.99034E-05 9.99034E-05 0.0421978 0.0973248
9.98861E-05 0.833927 0.0753941 9.98861E-05 0.0650098 9.98861E-05 9.98861E-05 9.98861E-05 9.98861E-05 9.98861E-05 9.98861E-05 9.98861E-05 0.0243709 9.98861E-05 9.98861E-05 9.98861E-05 9.98861E-05
9.98947E-05 0.927221 0.00147476 0.0251964 9.98947E-05 0.0199887 9.98947E-05 9.98947E-05 9.98947E-05 9.98947E-05 9.98947E-05 9.98947E-05 0.0249201 9.98947E-05 9.98947E-05 9.98947E-05 9.98947E-05
9.99123E-05 0.432803 0.0743759 0.299146 9.99123E-05 0.00583698 9.99123E-05 9.99123E-05 9.99123E-05 9.99123E-05 0.0818415 9.99123E-05 9.99123E-05 9.99123E-05 0.053013 9.99123E-05 0.0519843
9.99122E-05 0.725864 0.012515 0.0497522 9.99122E-05 9.99122E-05 9.99122E-05 9.99122E-05 0.10886 9.99122E-05 0.0540894 0.0465483 0.00137269 9.99122E-05 9.99122E-05 9.99122E-05 9.99122E-05
9.98771E-05 0.900714 0.0845645 9.98771E-05 9.98771E-05 9.98771E-05 9.98771E-05 9.98771E-05 9.98771E-05 9.98771E-05 0.0133228 9.98771E-05 9.98771E-05 9.98771E-05 9.98771E-05 9.98771E-05 9.98771E-05
0.0475534 0.451821 0.211476 9.99034E-05 9.99034E-05 9.99034E-05 9.99034E-05 9.99034E-05 0.047154 9.99034E-05 0.173368 9.99034E-05 9.99034E-05 9.99034E-05 9.99034E-05 9.99034E-05 0.0675284
9.98859E-05 0.635814 0.125421 9.98859E-05 9.98859E-05 9.98859E-05 9.98859E-05 9.98859E-05 9.98859E-05 9.98859E-05 9.98859E-05 9.98859E-05 0.0159906 9.98859E-05 9.98859E-05 0.221476 9.98859E-05
9.99034E-05 0.39094 0.257686 9.99034E-05 9.99034E-05 0.0132401 9.99034E-05 9.99034E-05 0.0727733 9.99034E-05 0.175829 9.99034E-05 0.088432 9.99034E-05 9.99034E-05 9.99034E-05 9.99034E-05
0.0484104 0.206455 0.163089 9.99035E-05 9.99035E-05 9.99035E-05 9.99035E-05 0.0186038 9.99035E-05 9.99035E-05 0.107084 9.99035E-05 9.99035E-05 9.99035E-05 9.99035E-05 0.45526 9.99035E-05
9.98947E-05 0.0905692 9.98947E-05 0.703808 9.98947E-05 9.98947E-05 9.98947E-05 9.98947E-05 9.98947E-05 9.98947E-05 0.0167017 9.98947E-05 0.112272 9.98947E-05 0.0754499 9.98947E-05 9.98947E-05
0.0126182 0.848828 0.0396809 9.98945E-05 9.98945E-05 9.98945E-05 9.98945E-05 9.98945E-05 9.98945E-05 9.98945E-05 0.0961566 0.00151768 9.98945E-05 9.98945E-05 9.98945E-05 9.98945E-05 9.98945E-05
9.98861E-05 0.540131 0.237704 9.98861E-05 9.98861E-05 9.98861E-05 9.98861E-05 9.98861E-05 0.00113643 9.98861E-05 0.21973 9.98861E-05 9.98861E-05 9.98861E-05 9.98861E-05 9.98861E-05 9.98861E-05
9.98947E-05 0.690765 9.98947E-05 0.0807282 9.98947E-05 9.98947E-05 9.98947E-05 9.98947E-05 9.98947E-05 9.98947E-05 0.106643 9.98947E-05 0.10138 9.98947E-05 9.98947E-05 9.98947E-05 0.0192846
0.0465719 0.417615 0.0573977 9.99035E-05 9.99035E-05 0.0566278 9.99035E-05 9.99035E-05 9.99035E-05 9.99035E-05 0.128883 9.99035E-05 9.99035E-05 9.99035E-05 9.99035E-05 0.291806 9.99035E-05
9.98684E-05 0.944055 9.98684E-05 9.98684E-05 9.98684E-05 9.98684E-05 9.98684E-05 9.98684E-05 9.98684E-05 0.0544473 9.98684E-05 9.98684E-05 9.98684E-05 9.98684E-05 9.98684E-05 9.98684E-05 9.98684E-05
9.99033E-05 0.358597 0.251931 9.99033E-05 9.99033E-05 0.00263787 9.99033E-05 9.99033E-05 9.99033E-05 9.99033E-05 0.14259 9.99033E-05 0.140369 9.99033E-05 9.99033E-05 9.99033E-05 0.102776
9.98858E-05 0.867007 0.0526364 9.98858E-05 0.0752972 9.98858E-05 9.98858E-05 9.98858E-05 9.98858E-05 9.98858E-05 9.98858E-05 9.98858E-05 9.98858E-05 9.98858E-05 9.98858E-05 9.98858E-05 0.00376056
9.98947E-05 0.827324 0.0109934 9.98947E-05 9.98947E-05 9.98947E-05 9.98947E-05 9.98947E-05 9.98947E-05 9.98947E-05 0.0469087 0.00904153 9.98947E-05 9.98947E-05 9.98947E-05 0.104533 9.98947E-05
9.99034E-05 0.745375 0.0501976 0.0524628 9.99034E-05 0.00443444 9.99034E-05 9.99034E-05 9.99034E-05 9.99034E-05 9.99034E-05 0.0434937 9.99034E-05 9.99034E-05 9.99034E-05 0.102937 9.99034E-05
9.98857E-05 0.660172 0.0946688 9.98857E-05 9.98857E-05 9.98857E-05 0.0648403 9.98857E-05 9.98857E-05 9.98857E-05 0.179021 9.98857E-05 9.98857E-05 9.98857E-05 9.98857E-05 9.98857E-05 9.98857E-05
9.9877E-05 0.306801 0.0697245 0.622076 9.9877E-05 9.9877E-05 9.9877E-05 9.9877E-05 9.9877E-05 9.9877E-05 9.9877E-05 9.9877E-05 9.9877E-05 9.9877E-05 9.9877E-05 9.9877E-05 9.9877E-05
9.98948E-05 0.659518 9.98948E-05 0.278641 9.98948E-05 9.98948E-05 0.0103836 9.98948E-05 9.98948E-05 9.98948E-05 0.0289291 9.98948E-05 9.98948E-05 9.98948E-05 9.98948E-05 9.98948E-05 0.0213295
9.98861E-05 0.537386 9.98861E-05 0.0242413 9.98861E-05 9.98861E-05 9.98861E-05 9.98861E-05 9.98861E-05 9.98861E-05 9.98861E-05 9.98861E-05 0.0700764 9.98861E-05 9.98861E-05 0.366998 9.98861E-05
9.98684E-05 0.349658 9.98684E-05 9.98684E-05 9.98684E-05 9.98684E-05 9.98684E-05 9.98684E-05 9.98684E-05 9.98684E-05 9.98684E-05 9.98684E-05 9.98684E-05 9.98684E-05 9.98684E-05 0.648844 9.98684E-05
9.98859E-05 0.505215 0.0882202 9.98859E-05 9.98859E-05 9.98859E-05 9.98859E-05 9.98859E-05 0.111659 9.98859E-05 0.293607 9.98859E-05 9.98859E-05 9.98859E-05 9.98859E-05 9.98859E-05 9.98859E-05
9.98771E-05 0.834161 0.128643 9.98771E-05 9.98771E-05 9.98771E-05 9.98771E-05 9.98771E-05 9.98771E-05 9.98771E-05 9.98771E-05 9.98771E-05 0.0357976 9.98771E-05 9.98771E-05 9.98771E-05 9.98771E-05
0.0314449 0.00815166 0.0863783 0.628403 9.99122E-05 9.99122E-05 9.99122E-05 9.99122E-05 9.99122E-05 9.99122E-05 0.0775737 9.99122E-05 9.99122E-05 9.99122E-05 9.99122E-05 0.0563643 0.110685
9.98771E-05 0.250468 9.98771E-05 0.0477961 9.98771E-05 9.98771E-05 9.98771E-05 9.98771E-05 9.98771E-05 9.98771E-05 9.98771E-05 9.98771E-05 9.98771E-05 9.98771E-05 9.98771E-05 0.700337 9.98771E-05
9.99034E-05 0.553062 0.131135 9.99034E-05 9.99034E-05 9.99034E-05 0.00948831 9.99034E-05 0.204251 9.99034E-05 9.99034E-05 9.99034E-05 0.00566485 9.99034E-05 9.99034E-05 9.99034E-05 0.0953001
9.99122E-05 0.515637 0.127542 0.0313614 9.99122E-05 0.0115745 9.99122E-05 0.239848 9.99122E-05 9.99122E-05 0.0451412 9.99122E-05 9.99122E-05 9.99122E-05 9.99122E-05 0.0278967 9.99122E-05
9.99124E-05 0.387213 0.149202 9.99124E-05 0.0217312 9.99124E-05 9.99124E-05 9.99124E-05 9.99124E-05 9.99124E-05 0.0638644 9.99124E-05 0.00798128 9.99124E-05 0.186641 0.182368 9.99124E-05
9.98948E-05 0.507141 0.221379 9.98948E-05 0.0180146 9.98948E-05 9.98948E-05 0.0113867 9.98948E-05 9.98948E-05 0.240879 9.98948E-05 9.98948E-05 9.98948E-05 9.98948E-05 9.98948E-05 9.98948E-05
9.98859E-05 0.375019 9.98859E-05 0.2341 9.98859E-05 9.98859E-05 9.98859E-05 9.98859E-05 9.98859E-05 9.98859E-05 9.98859E-05 9.98859E-05 0.0381274 9.98859E-05 9.98859E-05 0.351455 9.98859E-05
9.98771E-05 0.777862 9.98771E-05 9.98771E-05 9.98771E-05 9.98771E-05 9.98771E-05 9.98771E-05 9.98771E-05 9.98771E-05 0.139039 0.0817007 9.98771E-05 9.98771E-05 9.98771E-05 9.98771E-05 9.98771E-05
9.98946E-05 0.207546 0.0802071 0.620844 9.98946E-05 9.98946E-05 9.98946E-05 9.98946E-05 9.98946E-05 9.98946E-05 0.0163178 9.98946E-05 0.0738866 9.98946E-05 9.98946E-05 9.98946E-05 9.98946E-05
9.98948E-05 0.523154 0.0631522 0.195259 9.98948E-05 0.00317875 9.98948E-05 9.98948E-05 9.98948E-05 9.98948E-05 0.214058 9.98948E-05 9.98948E-05 9.98948E-05 9.98948E-05 9.98948E-05 9.98948E-05
9.98772E-05 0.868423 0.089409 9.98772E-05 9.98772E-05 9.98772E-05 9.98772E-05 9.98772E-05 9.98772E-05 0.0407701 9.98772E-05 9.98772E-05 9.98772E-05 9.98772E-05 9.98772E-05 9.98772E-05 9.98772E-05
9.98683E-05 0.967977 9.98683E-05 9.98683E-05 9.98683E-05 9.98683E-05 9.98683E-05 9.98683E-05 9.98683E-05 9.98683E-05 9.98683E-05 0.0305252 9.98683E-05 9.98683E-05 9.98683E-05 9.98683E-05 9.98683E-05
9.98858E-05 0.561246 0.17935 9.98858E-05 9.98858E-05 9.98858E-05 9.98858E-05 9.98858E-05 0.153534 9.98858E-05 0.104572 9.98858E-05 9.98858E-05 9.98858E-05 9.98858E-05 9.98858E-05 9.98858E-05
9.98771E-05 0.784798 0.116328 9.98771E-05 9.98771E-05 9.98771E-05 9.98771E-05 9.98771E-05 9.98771E-05 9.98771E-05 0.0974751 9.98771E-05 9.98771E-05 9.98771E-05 9.98771E-05 9.98771E-05 9.98771E-05
9.98946E-05 0.872326 0.0342446 9.98946E-05 9.98946E-05 0.00553233 9.98946E-05 9.98946E-05 9.98946E-05 0.0755348 9.98946E-05 0.0111638 9.98946E-05 9.98946E-05 9.98946E-05 9.98946E-05 9.98946E-05
9.98859E-05 0.777368 9.98859E-05 0.0896092 9.98859E-05 9.98859E-05 9.98859E-05 9.98859E-05 9.98859E-05 9.98859E-05 0.0436226 9.98859E-05 9.98859E-05 9.98859E-05 9.98859E-05 9.98859E-05 0.0881019
9.98947E-05 0.521427 0.201669 0.118376 9.98947E-05 9.98947E-05 9.98947E-05 9.98947E-05 9.98947E-05 9.98947E-05 0.0526492 9.98947E-05 9.98947E-05 9.98947E-05 9.98947E-05 0.10468 9.98947E-05
9.98593E-05 9.98593E-05 9.98593E-05 9.98593E-05 9.98593E-05 9.98593E-05 9.98593E-05 9.98593E-05 9.98593E-05 9.98593E-05 0.998402 9.98593E-05 9.98593E-05 9.98593E-05 9.98593E-05 9.98593E-05 9.98593E-05
9.98593E-05 9.98593E-05 0.998402 9.98593E-05 9.98593E-05 9.98593E-05 9.98593E-05 9.98593E-05 9.98593E-05 9.98593E-05 9.98593E-05 9.98593E-05 9.98593E-05 9.98593E-05 9.98593E-05 9.98593E-05 9.98593E-05
9.98594E-05 9.98594E-05 9.98594E-05 9.98594E-05 9.98594E-05 9.98594E-05 9.98594E-05 9.98594E-05 9.98594E-05 9.98594E-05 0.998402 9.98594E-05 9.98594E-05 9.98594E-05 9.98594E-05 9.98594E-05 9.98594E-05
9.98592E-05 9.98592E-05 0.998402 9.98592E-05 9.98592E-05 9.98592E-05 9.98592E-05 9.98592E-05 9.98592E-05 9.98592E-05 9.98592E-05 9.98592E-05 9.98592E-05 9.98592E-05 9.98592E-05 9.98592E-05 9.98592E-05
9.98593E-05 9.98593E-05 0.998402 9.98593E-05 9.98593E-05 9.98593E-05 9.98593E-05 9.98593E-05 9.98593E-05 9.98593E-05 9.98593E-05 9.98593E-05 9.98593E-05 9.98593E-05 9.98593E-05 9.98593E-05 9.98593E-05
9.98593E-05 9.98593E-05 0.998402 9.98593E-05 9.98593E-05 9.98593E-05 9.98593E-05 9.98593E-05 9.98593E-05 9.98593E-05 9.98593E-05 9.98593E-05 9.98593E-05 9.98593E-05 9.98593E-05 9.98593E-05 9.98593E-05
9.98593E-05 9.98593E-05 9.98593E-05 9.98593E-05 9.98593E-05 9.98593E-05 9.98593E-05 9.98593E-05 9.98593E-05 9.98593E-05 0.998402 9.98593E-05 9.98593E-05 9.98593E-05 9.98593E-05 9.98593E-05 9.98593E-05
9.98593E-05 9.98593E-05 0.998402 9.98593E-05 9.98593E-05 9.98593E-05 9.98593E-05 9.98593E-05 9.98593E-05 9.98593E-05 9.98593E-05 9.98593E-05 9.98593E-05 9.98593E-05 9.98593E-05 9.98593E-05 9.98593E-05
9.98592E-05 9.98592E-05 0.998402 9.98592E-05 9.98592E-05 9.98592E-05 9.98592E-05 9.98592E-05 9.98592E-05 9.98592E-05 9.98592E-05 9.98592E-05 9.98592E-05 9.98592E-05 9.98592E-05 9.98592E-05 9.98592E-05
9.98593E-05 9.98593E-05 9.98593E-05 9.98593E-05 9.98593E-05 9.98593E-05 9.98593E-05 9.98593E-05 9.98593E-05 9.98593E-05 0.998402 9.98593E-05 9.98593E-05 9.98593E-05 9.98593E-05 9.98593E-05 9.98593E-05
9.98594E-05 9.98594E-05 9.98594E-05 9.98594E-05 9.98594E-05 9.98594E-05 9.98594E-05 9.98594E-05 9.98594E-05 9.98594E-05 0.998402 9.98594E-05 9.98594E-05 9.98594E-05 9.98594E-05 9.98594E-05 9.98594E-05
9.98592E-05 9.98592E-05 9.98592E-05 9.98592E-05 9.98592E-05 9.98592E-05 9.98592E-05 9.98592E-05 9.98592E-05 9.98592E-05 0.998402 9.98592E-05 9.98592E-05 9.98592E-05 9.98592E-05 9.98592E-05 9.98592E-05
9.98594E-05 9.98594E-05 0.998402 9.98594E-05 9.98594E-05 9.98594E-05 9.98594E-05 9.98594E-05 9.98594E-05 9.98594E-05 9.98594E-05 9.98594E-05 9.98594E-05 9.98594E-05 9.98594E-05 9.98594E-05 9.98594E-05
9.98593E-05 9.98593E-05 0.998402 9.98593E-05 9.98593E-05 9.98593E-05 9.98593E-05 9.98593E-05 9.98593E-05 9.98593E-05 9.98593E-05 9.98593E-05 9.98593E-05 9.98593E-05 9.98593E-05 9.98593E-05 9.98593E-05
9.98594E-05 9.98594E-05 9.98594E-05 9.98594E-05 9.98594E-05 9.98594E-05 9.98594E-05 9.98594E-05 9.98594E-05 9.98594E-05 0.998402 9.98594E-05 9.98594E-05 9.98594E-05 9.98594E-05 9.98594E-05 9.98594E-05
9.98593E-05 9.98593E-05 9.98593E-05 9.98593E-05 9.98593E-05 9.98593E-05 9.98593E-05 9.98593E-05 9.98593E-05 9.98593E-05 0.998402 9.98593E-05 9.98593E-05 9.98593E-05 9.98593E-05 9.98593E-05 9.98593E-05
9.99034E-05 0.468894 0.100036 9.99034E-05 9.99034E-05 9.99034E-05 0.00211453 9.99034E-05 9.99034E-05 9.99034E-05 0.159955 0.205773 9.99034E-05 9.99034E-05 9.99034E-05 9.99034E-05 0.0621286
9.98593E-05 9.98593E-05 9.98593E-05 9.98593E-05 9.98593E-05 9.98593E-05 9.98593E-05 9.98593E-05 9.98593E-05 9.98593E-05 0.998402 9.98593E-05 9.98593E-05 9.98593E-05 9.98593E-05 9.98593E-05 9.98593E-05
9.98593E-05 9.98593E-05 0.998402 9.98593E-05 9.98593E-05 9.98593E-05 9.98593E-05 9.98593E-05 9.98593E-05 9.98593E-05 9.98593E-05 9.98593E-05 9.98593E-05 9.98593E-05 9.98593E-05 9.98593E-05 9.98593E-05
9.98592E-05 9.98592E-05 9.98592E-05 9.98592E-05 9.98592E-05 9.98592E-05 9.98592E-05 9.98592E-05 9.98592E-05 9.98592E-05 0.998402 9.98592E-05 9.98592E-05 9.98592E-05 9.98592E-05 9.98592E-05 9.98592E-05
9.98594E-05 9.98594E-05 9.98594E-05 9.98594E-05 9.98594E-05 9.98594E-05 9.98594E-05 9.98594E-05 9.98594E-05 9.98594E-05 0.998402 9.98594E-05 9.98594E-05 9.98594E-05 9.98594E-05 9.98594E-05 9.98594E-05
9.98593E-05 9.98593E-05 9.98593E-05 9.98593E-05 9.98593E-05 9.98593E-05 9.98593E-05 9.98593E-05 9.98593E-05 9.98593E-05 0.998402 9.98593E-05 9.98593E-05 9.98593E-05 9.98593E-05 9.98593E-05 9.98593E-05
9.98593E-05 9.98593E-05 0.998402 9.98593E-05 9.98593E-05 9.98593E-05 9.98593E-05 9.98593E-05 9.98593E-05 9.98593E-05 9.98593E-05 9.98593E-05 9.98593E-05 9.98593E-05 9.98593E-05 9.98593E-05 9.98593E-05
9.98594E-05 9.98594E-05 9.98594E-05 9.98594E-05 9.98594E-05 9.98594E-05 9.98594E-05 9.98594E-05 9.98594E-05 9.98594E-05 0.998402 9.98594E-05 9.98594E-05 9.98594E-05 9.98594E-05 9.98594E-05 9.98594E-05
9.98593E-05 9.98593E-05 0.998402 9.98593E-05 9.98593E-05 9.98593E-05 9.98593E-05 9.98593E-05 9.98593E-05 9.98593E-05 9.98593E-05 9.98593E-05 9.98593E-05 9.98593E-05 9.98593E-05 9.98593E-05 9.98593E-05
9.98594E-05 9.98594E-05 9.98594E-05 9.98594E-05 9.98594E-05 9.98594E-05 9.98594E-05 9.98594E-05 9.98594E-05 9.98594E-05 0.998402 9.98594E-05 9.98594E-05 9.98594E-05 9.98594E-05 9.98594E-05 9.98594E-05
9.98592E-05 9.98592E-05 9.98592E-05 9.98592E-05 9.98592E-05 9.98592E-05 9.98592E-05 9.98592E-05 9.98592E-05 9.98592E-05 0.998402 9.98592E-05 9.98592E-05 9.98592E-05 9.98592E-05 9.98592E-05 9.98592E-05
9.98594E-05 9.98594E-05 0.998402 9.98594E-05 9.98594E-05 9.98594E-05 9.98594E-05 9.98594E-05 9.98594E-05 9.98594E-05 9.98594E-05 9.98594E-05 9.98594E-05 9.98594E-05 9.98594E-05 9.98594E-05 9.98594E-05
9.98593E-05 9.98593E-05 0.998402 9.98593E-05 9.98593E-05 9.98593E-05 9.98593E-05 9.98593E-05 9.98593E-05 9.98593E-05 9.98593E-05 9.98593E-05 9.98593E-05 9.98593E-05 9.98593E-05 9.98593E-05 9.98593E-05
9.98593E-05 9.98593E-05 0.998402 9.98593E-05 9.98593E-05 9.98593E-05 9.98593E-05 9.98593E-05 9.98593E-05 9.98593E-05 9.98593E-05 9.98593E-05 9.98593E-05 9.98593E-05 9.98593E-05 9.98593E-05 9.98593E-05
9.98593E-05 9.98593E-05 9.98593E-05 9.98593E-05 9.98593E-05 9.98593E-05 9.98593E-05 9.98593E-05 9.98593E-05 9.98593E-05 0.998402 9.98593E-05 9.98593E-05 9.98593E-05 9.98593E-05 9.98593E-05 9.98593E-05
9.98594E-05 9.98594E-05 9.98594E-05 9.98594E-05 9.98594E-05 9.98594E-05 9.98594E-05 9.98594E-05 9.98594E-05 9.98594E-05 0.998402 9.98594E-05 9.98594E-05 9.98594E-05 9.98594E-05 9.98594E-05 9.98594E-05
9.98593E-05 9.98593E-05 9.98593E-05 9.98593E-05 9.98593E-05 9.98593E-05 9.98593E-05 9.98593E-05 9.98593E-05 9.98593E-05 0.998402 9.98593E-05 9.98593E-05 9.98593E-05 9.98593E-05 9.98593E-05 9.98593E-05
9.98592E-05 9.98592E-05 9.98592E-05 9.98592E-05 9.98592E-05 9.98592E-05 9.98592E-05 9.98592E-05 9.98592E-05 9.98592E-05 0.998402 9.98592E-05 9.98592E-05 9.98592E-05 9.98592E-05 9.98592E-05 9.98592E-05
9.98593E-05 9.98593E-05 9.98593E-05 9.98593E-05 9.98593E-05 9.98593E-05 9.98593E-05 9.98593E-05 9.98593E-05 9.98593E-05 0.998402 9.98593E-05 9.98593E-05 9.98593E-05 9.98593E-05 9.98593E-05 9.98593E-05
9.98593E-05 9.98593E-05 0.998402 9.98593E-05 9.98593E-05 9.98593E-05 9.98593E-05 9.98593E-05 9.98593E-05 9.98593E-05 9.98593E-05 9.98593E-05 9.98593E-05 9.98593E-05 9.98593E-05 9.98593E-05 9.98593E-05
9.98593E-05 9.98593E-05 0.998402 9.98593E-05 9.98593E-05 9.98593E-05 9.98593E-05 9.98593E-05 9.98593E-05 9.98593E-05 9.98593E-05 9.98593E-05 9.98593E-05 9.98593E-05 9.98593E-05 9.98593E-05 9.98593E-05
9.98594E-05 9.98594E-05 0.998402 9.98594E-05 9.98594E-05 9.98594E-05 9.98594E-05 9.98594E-05 9.98594E-05 9.98594E-05 9.98594E-05 9.98594E-05 9.98594E-05 9.98594E-05 9.98594E-05 9.98594E-05 9.98594E-05
9.98592E-05 9.98592E-05 9.98592E-05 9.98592E-05 9.98592E-05 9.98592E-05 9.98592E-05 9.98592E-05 9.98592E-05 9.98592E-05 0.998402 9.98592E-05 9.98592E-05 9.98592E-05 9.98592E-05 9.98592E-05 9.98592E-05
9.98593E-05 9.98593E-05 0.998402 9.98593E-05 9.98593E-05 9.98593E-05 9.98593E-05 9.98593E-05 9.98593E-05 9.98593E-05 9.98593E-05 9.98593E-05 9.98593E-05 9.98593E-05 9.98593E-05 9.98593E-05 9.98593E-05
9.98593E-05 9.98593E-05 0.998402 9.98593E-05 9.98593E-05 9.98593E-05 9.98593E-05 9.98593E-05 9.98593E-05 9.98593E-05 9.98593E-05 9.98593E-05 9.98593E-05 9.98593E-05 9.98593E-05 9.98593E-05 9.98593E-05
9.98593E-05 9.98593E-05 0.998402 9.98593E-05 9.98593E-05 9.98593E-05 9.98593E-05 9.98593E-05 9.98593E-05 9.98593E-05 9.98593E-05 9.98593E-05 9.98593E-05 9.98593E-05 9.98593E-05 9.98593E-05 9.98593E-05
9.98593E-05 9.98593E-05 0.998402 9.98593E-05 9.98593E-05 9.98593E-05 9.98593E-05 9.98593E-05 9.98593E-05 9.98593E-05 9.98593E-05 9.98593E-05 9.98593E-05 9.98593E-05 9.98593E-05 9.98593E-05 9.98593E-05
9.98592E-05 9.98592E-05 9.98592E-05 9.98592E-05 9.98592E-05 9.98592E-05 9.98592E-05 9.98592E-05 9.98592E-05 9.98592E-05 0.998402 9.98592E-05 9.98592E-05 9.98592E-05 9.98592E-05 9.98592E-05 9.98592E-05
9.98595E-05 9.98595E-05 0.998402 9.98595E-05 9.98595E-05 9.98595E-05 9.98595E-05 9.98595E-05 9.98595E-05 9.98595E-05 9.98595E-05 9.98595E-05 9.98595E-05 9.98595E-05 9.98595E-05 9.98595E-05 9.98595E-05
9.98594E-05 9.98594E-05 0.998402 9.98594E-05 9.98594E-05 9.98594E-05 9.98594E-05 9.98594E-05 9.98594E-05 9.98594E-05 9.98594E-05 9.98594E-05 9.98594E-05 9.98594E-05 9.98594E-05 9.98594E-05 9.98594E-05
9.99121E-05 0.481743 0.068182 9.99121E-05 9.99121E-05 9.99121E-05 9.99121E-05 9.99121E-05 9.99121E-05 0.0785437 0.179519 0.138938 0.0134508 9.99121E-05 0.0386248 9.99121E-05 9.99121E-05
9.98594E-05 9.98594E-05 9.98594E-05 9.98594E-05 9.98594E-05 9.98594E-05 9.98594E-05 9.98594E-05 9.98594E-05 9.98594E-05 0.998402 9.98594E-05 9.98594E-05 9.98594E-05 9.98594E-05 9.98594E-05 9.98594E-05
9.98595E-05 9.98595E-05 0.998402 9.98595E-05 9.98595E-05 9.98595E-05 9.98595E-05 9.98595E-05 9.98595E-05 9.98595E-05 9.98595E-05 9.98595E-05 9.98595E-05 9.98595E-05 9.98595E-05 9.98595E-05 9.98595E-05
9.98593E-05 9.98593E-05 0.998402 9.98593E-05 9.98593E-05 9.98593E-05 9.98593E-05 9.98593E-05 9.98593E-05 9.98593E-05 9.98593E-05 9.98593E-05 9.98593E-05 9.98593E-05 9.98593E-05 9.98593E-05 9.98593E-05
9.98593E-05 9.98593E-05 0.998402 9.98593E-05 9.98593E-05 9.98593E-05 9.98593E-05 9.98593E-05 9.98593E-05 9.98593E-05 9.98593E-05 9.98593E-05 9.98593E-05 9.98593E-05 9.98593E-05 9.98593E-05 9.98593E-05
9.98593E-05 9.98593E-05 0.998402 9.98593E-05 9.98593E-05 9.98593E-05 9.98593E-05 9.98593E-05 9.98593E-05 9.98593E-05 9.98593E-05 9.98593E-05 9.98593E-05 9.98593E-05 9.98593E-05 9.98593E-05 9.98593E-05
9.98592E-05 9.98592E-05 9.98592E-05 9.98592E-05 9.98592E-05 9.98592E-05 9.98592E-05 9.98592E-05 9.98592E-05 9.98592E-05 0.998402 9.98592E-05 9.98592E-05 9.98592E-05 9.98592E-05 9.98592E-05 9.98592E-05
9.98593E-05 9.98593E-05 0.998402 9.98593E-05 9.98593E-05 9.98593E-05 9.98593E-05 9.98593E-05 9.98593E-05 9.98593E-05 9.98593E-05 9.98593E-05 9.98593E-05 9.98593E-05 9.98593E-05 9.98593E-05 9.98593E-05
9.98593E-05 9.98593E-05 9.98593E-05 9.98593E-05 9.98593E-05 9.98593E-05 9.98593E-05 9.98593E-05 9.98593E-05 9.98593E-05 0.998402 9.98593E-05 9.98593E-05 9.98593E-05 9.98593E-05 9.98593E-05 9.98593E-05
9.98593E-05 9.98593E-05 0.998402 9.98593E-05 9.98593E-05 9.98593E-05 9.98593E-05 9.98593E-05 9.98593E-05 9.98593E-05 9.98593E-05 9.98593E-05 9.98593E-05 9.98593E-05 9.98593E-05 9.98593E-05 9.98593E-05
9.98593E-05 9.98593E-05 9.98593E-05 9.98593E-05 9.98593E-05 9.98593E-05 9.98593E-05 9.98593E-05 9.98593E-05 9.98593E-05 0.998402 9.98593E-05 9.98593E-05 9.98593E-05 9.98593E-05 9.98593E-05 9.98593E-05
9.98593E-05 9.98593E-05 0.998402 9.98593E-05 9.98593E-05 9.98593E-05 9.98593E-05 9.98593E-05 9.98593E-05 9.98593E-05 9.98593E-05 9.98593E-05 9.98593E-05 9.98593E-05 9.98593E-05 9.98593E-05 9.98593E-05
