0.315703 0.274642 0.085434 0.00604159 0.19398 0.0792491 9.99561E-05 9.99561E-05 9.99561E-05 9.99561E-05 0.00344033 9.99561E-05 0.0296585 0.0113525
0.145359 0.708674 0.111816 9.99298E-05 9.99298E-05 0.0140155 9.99298E-05 9.99298E-05 9.99298E-05 9.99298E-05 9.99298E-05 9.99298E-05 0.00642491 0.0129113
0.0143872 0.848653 9.99122E-05 9.99122E-05 9.99122E-05 0.081745 9.99122E-05 9.99122E-05 9.99122E-05 9.99122E-05 9.99122E-05 9.99122E-05 0.0542155 9.99122E-05
9.99473E-05 0.257458 9.99473E-05 9.99473E-05 0.109744 0.115001 9.99473E-05 0.344622 0.0307272 9.99473E-05 9.99473E-05 0.076102 0.0652896 0.000457173
9.9921E-05 0.771238 0.0539198 9.9921E-05 0.0427386 9.9921E-05 9.9921E-05 9.9921E-05 0.129924 0.00128074 9.9921E-05 9.9921E-05 9.9921E-05 9.9921E-05
0.319075 0.139547 0.08871 9.99385E-05 0.0365687 9.99385E-05 9.99385E-05 0.113576 0.18199 9.99385E-05 9.99385E-05 0.119834 9.99385E-05 9.99385E-05
0.0799402 0.216026 0.123943 0.109283 0.126866 0.105537 9.99474E-05 0.163391 9.99474E-05 9.99474E-05 9.99474E-05 9.99474E-05 0.0744126 9.99474E-05
9.99474E-05 0.181297 9.99474E-05 9.99474E-05 0.270848 0.00811718 9.99474E-05 0.0830051 0.143095 0.094269 0.0523297 0.16644 9.99474E-05 9.99474E-05
9.99386E-05 0.232473 0.00688474 0.0811735 0.0353094 9.99386E-05 9.99386E-05 9.99386E-05 9.99386E-05 9.99386E-05 9.99386E-05 0.280772 0.304567 0.0581204
9.99034E-05 0.825014 9.99034E-05 0.0167022 9.99034E-05 9.99034E-05 9.99034E-05 0.157185 9.99034E-05 9.99034E-05 9.99034E-05 9.99034E-05 9.99034E-05 9.99034E-05
9.9921E-05 0.44941 9.9921E-05 9.9921E-05 0.177917 0.144545 9.9921E-05 9.9921E-05 9.9921E-05 9.9921E-05 9.9921E-05 0.0133321 0.213897 9.9921E-05
9.99385E-05 0.756439 9.99385E-05 9.99385E-05 9.99385E-05 0.00623923 9.99385E-05 0.0597069 0.0462595 0.0536615 9.99385E-05 9.99385E-05 0.0552021 0.0217925
9.99034E-05 0.679223 9.99034E-05 9.99034E-05 0.246977 9.99034E-05 9.99034E-05 9.99034E-05 9.99034E-05 9.99034E-05 9.99034E-05 9.99034E-05 0.072702 9.99034E-05
9.99299E-05 0.541006 0.0880358 9.99299E-05 9.99299E-05 0.125088 0.0370954 9.99299E-05 9.99299E-05 0.0737263 9.99299E-05 9.99299E-05 0.134249 9.99299E-05
0.225471 0.258712 9.99474E-05 0.0369283 0.112447 9.99474E-05 0.055488 0.0535705 9.99474E-05 9.99474E-05 9.99474E-05 0.121481 0.135303 9.99474E-05
0.100054 0.257277 9.99385E-05 9.99385E-05 0.0886327 9.99385E-05 9.99385E-05 0.0117823 9.99385E-05 0.245419 9.99385E-05 0.171457 0.124678 9.99385E-05
9.99473E-05 0.560651 0.119875 9.99473E-05 0.0146585 0.0689459 0.0261675 0.0940417 9.99473E-05 0.014823 9.99473E-05 9.99473E-05 0.100238 9.99473E-05
0.179492 0.119477 9.99386E-05 0.0134596 0.266705 9.99386E-05 9.99386E-05 9.99386E-05 9.99386E-05 9.99386E-05 0.182802 9.99386E-05 0.121642 0.115722
9.99473E-05 0.308401 9.99473E-05 0.0104564 0.230016 0.0477742 9.99473E-05 0.0562931 9.99473E-05 9.99473E-05 9.99473E-05 0.0955647 0.234788 0.0161067
9.98947E-05 0.934525 9.98947E-05 9.98947E-05 9.98947E-05 9.98947E-05 9.98947E-05 9.98947E-05 9.98947E-05 9.98947E-05 9.98947E-05 9.98947E-05 9.98947E-05 0.0642765
9.99561E-05 0.413468 9.99561E-05 0.0954373 0.09031 0.118304 9.99561E-05 9.99561E-05 0.0496483 0.0448182 0.00204144 0.112806 9.99561E-05 0.0726673
9.99298E-05 0.240316 0.00892246 9.99298E-05 0.457229 9.99298E-05 9.99298E-05 0.0524526 0.111785 9.99298E-05 9.99298E-05 0.128495 9.99298E-05 9.99298E-05
0.296645 0.492999 0.010866 9.9921E-05 9.9921E-05 0.067344 9.9921E-05 9.9921E-05 9.9921E-05 9.9921E-05 9.9921E-05 9.9921E-05 0.131246 9.9921E-05
0.0581543 0.253882 9.9921E-05 0.0571684 0.360247 9.9921E-05 9.9921E-05 9.9921E-05 9.9921E-05 9.9921E-05 9.9921E-05 9.9921E-05 0.269649 9.9921E-05
9.99473E-05 0.209105 9.99473E-05 0.0592137 0.222181 9.99473E-05 0.00946484 0.0479943 9.99473E-05 9.99473E-05 9.99473E-05 0.10437 0.308415 0.0386562
9.9921E-05 0.674799 9.9921E-05 9.9921E-05 0.162785 9.9921E-05 9.9921E-05 0.00498329 0.0401407 9.9921E-05 9.9921E-05 9.9921E-05 0.116394 9.9921E-05
9.99298E-05 0.0205665 9.99298E-05 9.99298E-05 0.562305 9.99298E-05 0.112418 9.99298E-05 9.99298E-05 0.0302166 0.161889 9.99298E-05 0.111806 9.99298E-05
9.99122E-05 0.717719 9.99122E-05 9.99122E-05 0.132157 9.99122E-05 9.99122E-05 0.104443 9.99122E-05 9.99122E-05 9.99122E-05 9.99122E-05 0.044682 9.99122E-05
0.128852 0.54726 9.9921E-05 0.00911854 0.114529 9.9921E-05 9.9921E-05 9.9921E-05 9.9921E-05 9.9921E-05 9.9921E-05 9.9921E-05 0.199341 9.9921E-05
0.0323973 0.703604 9.99473E-05 0.00294541 9.99473E-05 0.0202067 9.99473E-05 9.99473E-05 9.99473E-05 0.0449311 0.0356628 0.007421 0.152232 9.99473E-05
0.193766 0.472799 9.99385E-05 9.99385E-05 0.092158 0.18275 9.99385E-05 0.0295384 9.99385E-05 9.99385E-05 9.99385E-05 0.0175149 0.0107748 9.99385E-05
0.00993667 0.48408 9.99386E-05 9.99386E-05 0.0952597 0.0532222 0.156386 0.104913 9.99386E-05 9.99386E-05 9.99386E-05 9.99386E-05 0.0955024 9.99386E-05
0.0405693 0.463891 9.99297E-05 9.99297E-05 0.174755 0.101152 9.99297E-05 9.99297E-05 9.99297E-05 0.0315362 9.99297E-05 9.99297E-05 0.187297 9.99297E-05
9.99385E-05 0.479477 9.99385E-05 9.99385E-05 0.22365 0.0125172 0.0902741 9.99385E-05 9.99385E-05 0.00366294 0.0509755 9.99385E-05 0.138743 9.99385E-05
9.99386E-05 0.766063 0.0268402 9.99386E-05 0.00237272 0.053501 9.99386E-05 9.99386E-05 9.99386E-05 9.99386E-05 9.99386E-05 0.0283648 0.0593927 0.0627655
0.0493812 0.607288 0.003919 0.0384502 0.163472 9.99561E-05 9.99561E-05 0.0826381 9.99561E-05 9.99561E-05 0.0171464 0.0131355 0.0240699 9.99561E-05
9.99123E-05 0.846362 0.00839843 9.99123E-05 9.99123E-05 0.0424081 9.99123E-05 9.99123E-05 9.99123E-05 0.101833 9.99123E-05 9.99123E-05 9.99123E-05 9.99123E-05
9.99298E-05 0.588444 0.0282965 9.99298E-05 0.0716984 9.99298E-05 9.99298E-05 9.99298E-05 9.99298E-05 9.99298E-05 9.99298E-05 0.130078 0.110192 0.0704912
9.99386E-05 0.563585 0.00524529 9.99386E-05 0.013125 9.99386E-05 0.0950859 9.99386E-05 0.0948298 9.99386E-05 9.99386E-05 9.99386E-05 0.208824 0.0186062
9.99297E-05 0.478718 9.99297E-05 9.99297E-05 0.0579181 0.00640482 0.123042 9.99297E-05 9.99297E-05 0.159041 9.99297E-05 9.99297E-05 0.174077 9.99297E-05
9.99035E-05 0.707761 9.99035E-05 9.99035E-05 0.226641 9.99035E-05 9.99035E-05 9.99035E-05 9.99035E-05 9.99035E-05 9.99035E-05 9.99035E-05 0.0644998 9.99035E-05
9.99298E-05 0.536997 0.00875673 0.0573398 0.294529 9.99298E-05 9.99298E-05 9.99298E-05 9.99298E-05 9.99298E-05 9.99298E-05 0.0201725 0.0814054 9.99298E-05
9.9921E-05 0.741087 0.065593 9.9921E-05 0.123509 9.9921E-05 0.0318919 9.9921E-05 0.03702 9.9921E-05 9.9921E-05 9.9921E-05 9.9921E-05 9.9921E-05
0.119539 0.364982 9.99385E-05 0.00694323 0.129095 0.0494888 9.99385E-05 9.99385E-05 9.99385E-05 9.99385E-05 9.99385E-05 0.113598 0.215654 9.99385E-05
9.9921E-05 0.210543 9.9921E-05 9.9921E-05 0.43892 9.9921E-05 9.9921E-05 0.0725578 0.154851 9.9921E-05 9.9921E-05 9.9921E-05 0.122229 9.9921E-05
9.9921E-05 0.736381 9.9921E-05 9.9921E-05 0.0966749 9.9921E-05 9.9921E-05 9.9921E-05 9.9921E-05 9.9921E-05 0.0139347 9.9921E-05 0.0909372 0.0611727
9.99297E-05 0.776455 9.99297E-05 9.99297E-05 9.99297E-05 0.0728324 9.99297E-05 0.0496619 9.99297E-05 9.99297E-05 0.0388848 0.0265371 0.0348293 9.99297E-05
9.99122E-05 0.904939 9.99122E-05 9.99122E-05 9.99122E-05 9.99122E-05 9.99122E-05 9.99122E-05 0.0194111 0.0602958 9.99122E-05 9.99122E-05 0.0143551 9.99122E-05
0.0351754 0.540165 9.99297E-05 9.99297E-05 0.229781 0.0385481 9.99297E-05 0.0117973 9.99297E-05 9.99297E-05 9.99297E-05 9.99297E-05 0.143733 9.99297E-05
9.99562E-05 0.71958 0.00646806 0.0262831 0.0616548 0.0198975 9.99562E-05 9.99562E-05 9.99562E-05 0.121388 0.0149143 0.0180848 0.0112299 9.99562E-05
0.0338879 0.282444 9.99561E-05 0.0114812 0.119451 0.116261 0.0530127 0.0886077 9.99561E-05 9.99561E-05 9.99561E-05 0.0543874 0.239968 9.99561E-05
9.99386E-05 0.572437 9.99386E-05 0.0424117 0.228811 9.99386E-05 9.99386E-05 0.0180135 0.0971222 9.99386E-05 9.99386E-05 0.0350907 9.99386E-05 0.00541383
9.99122E-05 0.875548 9.99122E-05 9.99122E-05 0.0504755 9.99122E-05 9.99122E-05 9.99122E-05 9.99122E-05 9.99122E-05 0.0216458 9.99122E-05 0.0513315 9.99122E-05
9.99474E-05 0.566964 9.99474E-05 9.99474E-05 0.0081815 0.0724578 9.99474E-05 9.99474E-05 9.99474E-05 0.258063 0.000623748 0.0231644 0.0584634 0.0114818
9.99036E-05 0.772828 9.99036E-05 9.99036E-05 9.99036E-05 9.99036E-05 9.99036E-05 0.0983226 9.99036E-05 9.99036E-05 9.99036E-05 9.99036E-05 0.127751 9.99036E-05
0.0479023 0.681159 9.99473E-05 9.99473E-05 0.0245116 0.0155752 0.070627 9.99473E-05 0.0819777 0.00592912 9.99473E-05 9.99473E-05 9.99473E-05 0.071718
9.99298E-05 0.656528 0.0163073 9.99298E-05 0.0244958 9.99298E-05 9.99298E-05 0.0326863 9.99298E-05 9.99298E-05 0.108886 9.99298E-05 0.160297 9.99298E-05
9.9921E-05 0.72567 9.9921E-05 9.9921E-05 0.0553066 0.0546632 9.9921E-05 0.147052 9.9921E-05 9.9921E-05 9.9921E-05 9.9921E-05 0.0164093 9.9921E-05
9.99297E-05 0.790184 9.99297E-05 9.99297E-05 0.0668067 0.0254302 9.99297E-05 9.99297E-05 0.0394469 9.99297E-05 9.99297E-05 0.0111781 0.0661543 9.99297E-05
0.651798 9.9921E-05 9.9921E-05 9.9921E-05 9.9921E-05 9.9921E-05 9.9921E-05 9.9921E-05 9.9921E-05 9.9921E-05 0.138606 0.0296612 0.12761 0.0514255
0.934263 9.98948E-05 9.98948E-05 9.98948E-05 9.98948E-05 9.98948E-05 9.98948E-05 0.064538 9.98948E-05 9.98948E-05 9.98948E-05 9.98948E-05 9.98948E-05 9.98948E-05
0.890687 9.99034E-05 9.99034E-05 9.99034E-05 9.99034E-05 0.0340529 9.99034E-05 9.99034E-05 9.99034E-05 9.99034E-05 0.0741615 9.99034E-05 9.99034E-05 9.99034E-05
0.335196 9.99385E-05 0.328406 9.99385E-05 9.99385E-05 0.0129799 0.0331849 9.99385E-05 9.99385E-05 9.99385E-05 0.0466025 0.150701 0.0922305 9.99385E-05
0.590108 9.9956E-05 9.9956E-05 9.9956E-05 0.042934 9.9956E-05 9.9956E-05 0.0428076 0.0323336 0.015245 0.0499105 0.0878893 0.0721342 0.0661385
0.549352 9.99296E-05 9.99296E-05 0.0158445 0.122664 9.99296E-05 9.99296E-05 9.99296E-05 9.99296E-05 9.99296E-05 0.00190879 0.080318 0.229114 9.99296E-05
0.499271 9.99209E-05 0.279413 9.99209E-05 9.99209E-05 0.0620183 9.99209E-05 0.0409818 9.99209E-05 9.99209E-05 9.99209E-05 9.99209E-05 0.117416 9.99209E-05
0.465688 9.99384E-05 0.0951811 9.99384E-05 9.99384E-05 0.00510361 9.99384E-05 9.99384E-05 9.99384E-05 0.0413113 0.223737 0.0806257 0.0876537 9.99384E-05
0.980774 9.98946E-05 0.0180273 9.98946E-05 9.98946E-05 9.98946E-05 9.98946E-05 9.98946E-05 9.98946E-05 9.98946E-05 9.98946E-05 9.98946E-05 9.98946E-05 9.98946E-05
0.950461 9.99033E-05 9.99033E-05 9.99033E-05 9.99033E-05 0.0354217 9.99033E-05 9.99033E-05 9.99033E-05 9.99033E-05 9.99033E-05 0.0130187 9.99033E-05 9.99033E-05
0.478599 9.9912E-05 9.9912E-05 9.9912E-05 9.9912E-05 0.194961 9.9912E-05 9.9912E-05 9.9912E-05 9.9912E-05 9.9912E-05 0.0470275 0.278414 9.9912E-05
0.408281 9.99473E-05 0.0525432 9.99473E-05 0.119657 0.0267109 9.99473E-05 0.0995505 0.0306946 0.148265 9.99473E-05 9.99473E-05 0.113698 9.99473E-05
0.476054 9.99385E-05 9.99385E-05 0.0522288 9.99385E-05 0.0702328 9.99385E-05 9.99385E-05 0.140668 0.141263 9.99385E-05 0.10079 0.0180647 9.99385E-05
0.491494 9.99208E-05 0.0568627 9.99208E-05 0.204687 9.99208E-05 9.99208E-05 9.99208E-05 0.0109156 9.99208E-05 9.99208E-05 9.99208E-05 0.235141 9.99208E-05
0.969565 9.99036E-05 9.99036E-05 9.99036E-05 9.99036E-05 0.00868343 9.99036E-05 9.99036E-05 9.99036E-05 0.0206531 9.99036E-05 9.99036E-05 9.99036E-05 9.99036E-05
0.813551 9.9921E-05 9.9921E-05 9.9921E-05 9.9921E-05 0.0644091 9.9921E-05 0.0703335 9.9921E-05 9.9921E-05 9.9921E-05 0.0333581 0.0174494 9.9921E-05
0.617009 9.99297E-05 0.0751126 9.99297E-05 9.99297E-05 9.99297E-05 9.99297E-05 0.021481 9.99297E-05 0.0697206 0.198431 9.99297E-05 0.0174468 9.99297E-05
0.599107 9.99297E-05 9.99297E-05 9.99297E-05 0.0928913 0.171797 9.99297E-05 0.0594955 9.99297E-05 9.99297E-05 0.0299304 0.0459785 9.99297E-05 9.99297E-05
0.821546 9.99209E-05 9.99209E-05 9.99209E-05 9.99209E-05 0.03164 9.99209E-05 0.00285357 9.99209E-05 9.99209E-05 0.068892 9.99209E-05 0.0741694 9.99209E-05
0.647824 9.99208E-05 9.99208E-05 9.99208E-05 9.99208E-05 0.0139528 9.99208E-05 9.99208E-05 9.99208E-05 0.0866608 9.99208E-05 9.99208E-05 0.24945 0.00121261
0.998701 9.98862E-05 9.98862E-05 9.98862E-05 9.98862E-05 9.98862E-05 9.98862E-05 9.98862E-05 9.98862E-05 9.98862E-05 9.98862E-05 9.98862E-05 9.98862E-05 9.98862E-05
0.60819 9.99033E-05 9.99033E-05 9.99033E-05 0.319183 9.99033E-05 9.99033E-05 9.99033E-05 9.99033E-05 9.99033E-05 9.99033E-05 9.99033E-05 0.0715283 9.99033E-05
0.705123 9.99298E-05 9.99298E-05 9.99298E-05 0.121711 9.99298E-05 0.104205 9.99298E-05 9.99298E-05 9.99298E-05 9.99298E-05 0.0182552 0.0134104 0.0364962
0.63726 9.99385E-05 9.99385E-05 0.0238168 9.99385E-05 0.0517969 9.99385E-05 0.0345342 9.99385E-05 0.0829046 9.99385E-05 0.0582964 9.99385E-05 0.110692
0.789275 9.99033E-05 9.99033E-05 9.99033E-05 9.99033E-05 0.190595 9.99033E-05 9.99033E-05 9.99033E-05 9.99033E-05 9.99033E-05 9.99033E-05 0.0190316 9.99033E-05
0.900297 9.99123E-05 0.0515477 9.99123E-05 9.99123E-05 9.99123E-05 9.99123E-05 9.99123E-05 9.99123E-05 9.99123E-05 9.99123E-05 0.03808 9.99123E-05 0.00907662
0.998701 9.9886E-05 9.9886E-05 9.9886E-05 9.9886E-05 9.9886E-05 9.9886E-05 9.9886E-05 9.9886E-05 9.9886E-05 9.9886E-05 9.9886E-05 9.9886E-05 9.9886E-05
0.998701 9.98859E-05 9.98859E-05 9.98859E-05 9.98859E-05 9.98859E-05 9.98859E-05 9.98859E-05 9.98859E-05 9.98859E-05 9.98859E-05 9.98859E-05 9.98859E-05 9.98859E-05
0.873441 9.99122E-05 9.99122E-05 9.99122E-05 9.99122E-05 9.99122E-05 9.99122E-05 9.99122E-05 9.99122E-05 9.99122E-05 0.0862929 0.0207061 0.0185609 9.99122E-05
0.677983 9.99211E-05 0.0291101 9.99211E-05 9.99211E-05 9.99211E-05 0.0987799 9.99211E-05 9.99211E-05 9.99211E-05 9.99211E-05 0.0331791 0.160049 9.99211E-05
9.9921E-05 9.9921E-05 9.9921E-05 9.9921E-05 9.9921E-05 9.9921E-05 0.511155 9.9921E-05 0.0998314 9.9921E-05 9.9921E-05 0.240289 0.127549 0.0202759
9.99123E-05 0.00625468 9.99123E-05 9.99123E-05 9.99123E-05 9.99123E-05 0.914496 9.99123E-05 9.99123E-05 9.99123E-05 9.99123E-05 0.0312205 0.0470299 9.99123E-05
9.99385E-05 9.99385E-05 9.99385E-05 9.99385E-05 0.0867495 0.00419747 0.632675 0.0138797 9.99385E-05 0.0190872 0.058533 9.99385E-05 0.184178 9.99385E-05
9.99385E-05 9.99385E-05 9.99385E-05 9.99385E-05 9.99385E-05 0.0349346 0.499598 9.99385E-05 0.00619582 9.99385E-05 0.0089966 0.110259 0.301067 0.0382486
9.99472E-05 9.99472E-05 9.99472E-05 0.00983953 9.99472E-05 0.0461541 0.5979 9.99472E-05 9.99472E-05 0.00768037 0.0263042 0.175788 0.0752986 0.0604356
9.9921E-05 9.9921E-05 0.0516676 9.9921E-05 9.9921E-05 9.9921E-05 0.506031 0.025756 9.9921E-05 9.9921E-05 9.9921E-05 0.187413 0.228234 9.9921E-05
9.99385E-05 9.99385E-05 9.99385E-05 9.99385E-05 0.0991049 0.0502936 0.527391 9.99385E-05 0.0531213 9.99385E-05 0.00522628 0.120146 0.144017 9.99385E-05
9.99209E-05 9.99209E-05 9.99209E-05 9.99209E-05 9.99209E-05 0.0229295 0.47245 9.99209E-05 9.99209E-05 9.99209E-05 0.0655813 0.325531 0.112608 9.99209E-05
9.99297E-05 9.99297E-05 0.249047 9.99297E-05 0.086779 0.0283534 0.142061 9.99297E-05 9.99297E-05 9.99297E-05 9.99297E-05 0.404036 0.0889243 9.99297E-05
9.99209E-05 9.99209E-05 9.99209E-05 9.99209E-05 0.0501308 9.99209E-05 0.328952 9.99209E-05 9.99209E-05 9.99209E-05 0.00323604 0.273785 0.342998 9.99209E-05
9.99122E-05 9.99122E-05 0.282411 9.99122E-05 9.99122E-05 0.0548096 0.616162 9.99122E-05 9.99122E-05 9.99122E-05 9.99122E-05 0.0456181 9.99122E-05 9.99122E-05
9.99209E-05 9.99209E-05 0.172625 9.99209E-05 9.99209E-05 0.0487891 0.653218 9.99209E-05 9.99209E-05 9.99209E-05 9.99209E-05 9.99209E-05 0.115738 0.00873029
9.99123E-05 9.99123E-05 9.99123E-05 9.99123E-05 9.99123E-05 9.99123E-05 0.820544 9.99123E-05 9.99123E-05 0.00458769 0.0331436 0.140726 9.99123E-05 9.99123E-05
9.99298E-05 9.99298E-05 0.0460578 0.0643737 9.99298E-05 0.0106507 0.468271 9.99298E-05 9.99298E-05 9.99298E-05 9.99298E-05 0.159552 0.250295 9.99298E-05
9.99473E-05 9.99473E-05 0.0160486 9.99473E-05 9.99473E-05 0.0408946 0.592219 0.00447074 9.99473E-05 9.99473E-05 0.147068 0.134471 0.0290394 0.0351883
9.99297E-05 9.99297E-05 9.99297E-05 9.99297E-05 9.99297E-05 0.0344594 0.487093 9.99297E-05 9.99297E-05 0.0401424 9.99297E-05 0.126843 0.271709 0.0389536
9.99209E-05 9.99209E-05 0.228945 9.99209E-05 9.99209E-05 9.99209E-05 0.499549 9.99209E-05 9.99209E-05 9.99209E-05 9.99209E-05 0.0553985 0.155874 0.059334
9.99298E-05 9.99298E-05 9.99298E-05 9.99298E-05 0.201018 0.0482463 0.556075 9.99298E-05 0.00668462 0.0348658 9.99298E-05 0.15231 9.99298E-05 9.99298E-05
9.99297E-05 9.99297E-05 0.00580506 9.99297E-05 0.053082 0.052735 0.77896 9.99297E-05 0.0365765 9.99297E-05 9.99297E-05 0.0720418 9.99297E-05 9.99297E-05
0.0816879 9.99473E-05 9.99473E-05 0.00294437 9.99473E-05 0.00292014 0.478307 9.99473E-05 9.99473E-05 9.99473E-05 0.00714031 0.109148 0.230153 0.0870988
9.9921E-05 9.9921E-05 0.153946 9.9921E-05 9.9921E-05 9.9921E-05 0.546673 9.9921E-05 9.9921E-05 9.9921E-05 0.0539069 0.111801 0.132774 9.9921E-05
9.99297E-05 9.99297E-05 9.99297E-05 9.99297E-05 9.99297E-05 0.0862733 0.656655 9.99297E-05 9.99297E-05 9.99297E-05 0.0950431 0.087246 0.0646477 0.0093354
9.99297E-05 9.99297E-05 0.0937032 9.99297E-05 9.99297E-05 9.99297E-05 0.234468 9.99297E-05 0.0120226 9.99297E-05 9.99297E-05 0.281685 0.285807 0.0915143
9.99298E-05 9.99298E-05 9.99298E-05 0.011247 9.99298E-05 0.0220729 0.670437 9.99298E-05 0.0126717 9.99298E-05 9.99298E-05 0.241612 0.0411603 9.99298E-05
9.99385E-05 9.99385E-05 0.0405506 0.0171168 9.99385E-05 9.99385E-05 0.215568 9.99385E-05 0.0284441 9.99385E-05 9.99385E-05 0.302448 0.30846 0.0867135
0.0335812 9.99386E-05 0.162635 0.0374104 9.99386E-05 9.99386E-05 0.460288 9.99386E-05 9.99386E-05 9.99386E-05 0.00451361 0.162785 0.138087 9.99386E-05
9.99211E-05 0.0351152 9.99211E-05 0.0630075 9.99211E-05 9.99211E-05 0.777074 9.99211E-05 9.99211E-05 9.99211E-05 9.99211E-05 9.99211E-05 0.0756552 0.0482487
9.99384E-05 9.99384E-05 9.99384E-05 9.99384E-05 0.0313201 9.99384E-05 0.500802 0.0373815 0.0347943 9.99384E-05 9.99384E-05 0.164826 0.210002 0.0201739
9.99123E-05 9.99123E-05 9.99123E-05 9.99123E-05 9.99123E-05 9.99123E-05 0.361512 9.99123E-05 9.99123E-05 9.99123E-05 9.99123E-05 0.361276 0.267234 0.00897843
9.99298E-05 9.99298E-05 9.99298E-05 9.99298E-05 9.99298E-05 0.0202814 0.649483 9.99298E-05 0.147677 9.99298E-05 9.99298E-05 0.0147272 0.133717 0.0333155
9.9921E-05 9.9921E-05 9.9921E-05 9.9921E-05 9.9921E-05 0.0758691 0.502438 9.9921E-05 9.9921E-05 0.027927 9.9921E-05 0.0998761 0.29299 9.9921E-05
9.99209E-05 9.99209E-05 9.99209E-05 9.99209E-05 9.99209E-05 0.0376749 0.745672 9.99209E-05 9.99209E-05 0.0573952 9.99209E-05 9.99209E-05 0.113663 0.0446951
9.99209E-05 9.99209E-05 9.99209E-05 9.99209E-05 9.99209E-05 9.99209E-05 0.188255 9.99209E-05 0.0741484 9.99209E-05 9.99209E-05 0.345884 0.209476 0.181337
9.99297E-05 9.99297E-05 9.99297E-05 9.99297E-05 0.261559 0.0551282 0.488782 9.99297E-05 9.99297E-05 9.99297E-05 9.99297E-05 0.0921414 0.0899295 0.0116609
9.99121E-05 9.99121E-05 9.99121E-05 9.99121E-05 0.0028579 9.99121E-05 0.745471 9.99121E-05 9.99121E-05 9.99121E-05 9.99121E-05 0.0708045 0.179868 9.99121E-05
9.99473E-05 9.99473E-05 0.0239026 0.0623144 0.0833161 0.0438049 0.608431 9.99473E-05 9.99473E-05 9.99473E-05 0.0313972 0.0808148 9.99473E-05 0.065419
9.99209E-05 9.99209E-05 9.99209E-05 9.99209E-05 9.99209E-05 0.043877 0.406078 9.99209E-05 9.99209E-05 9.99209E-05 0.0536922 0.165113 0.33034 9.99209E-05
9.99034E-05 9.99034E-05 9.99034E-05 9.99034E-05 9.99034E-05 9.99034E-05 0.908722 9.99034E-05 9.99034E-05 9.99034E-05 9.99034E-05 0.0754472 0.0147316 9.99034E-05
9.9921E-05 9.9921E-05 9.9921E-05 9.9921E-05 9.9921E-05 0.0729043 0.736074 9.9921E-05 9.9921E-05 9.9921E-05 0.067201 0.0381687 0.0847531 9.9921E-05
9.98948E-05 9.98948E-05 9.98948E-05 9.98948E-05 9.98948E-05 9.98948E-05 0.973865 9.98948E-05 9.98948E-05 9.98948E-05 9.98948E-05 0.0249362 9.98948E-05 9.98948E-05
9.99036E-05 9.99036E-05 0.0468749 9.99036E-05 9.99036E-05 9.99036E-05 0.93408 9.99036E-05 9.99036E-05 9.99036E-05 9.99036E-05 9.99036E-05 9.99036E-05 0.0179458
9.99297E-05 9.99297E-05 0.118819 9.99297E-05 9.99297E-05 0.0684263 0.271937 9.99297E-05 0.000910987 9.99297E-05 9.99297E-05 0.14604 0.393068 9.99297E-05
9.99209E-05 9.99209E-05 9.99209E-05 9.99209E-05 0.0797747 9.99209E-05 0.551305 9.99209E-05 0.069247 9.99209E-05 9.99209E-05 0.263674 0.0350996 9.99209E-05
9.99212E-05 9.99212E-05 0.00982199 9.99212E-05 9.99212E-05 9.99212E-05 0.737283 9.99212E-05 9.99212E-05 9.99212E-05 9.99212E-05 0.0948758 0.102817 0.054302
9.98948E-05 9.98948E-05 9.98948E-05 9.98948E-05 9.98948E-05 9.98948E-05 0.902778 9.98948E-05 9.98948E-05 9.98948E-05 9.98948E-05 9.98948E-05 0.0960236 9.98948E-05
9.99473E-05 9.99473E-05 0.182088 9.99473E-05 0.0893514 0.0185127 0.267149 9.99473E-05 9.99473E-05 9.99473E-05 0.0077938 0.238555 0.050261 0.14569
0.179056 9.99385E-05 9.99385E-05 9.99385E-05 9.99385E-05 0.0181342 0.509931 9.99385E-05 9.99385E-05 9.99385E-05 0.000324697 0.138293 0.137418 0.0161438
9.99298E-05 9.99298E-05 0.0724319 0.0867121 0.0142462 9.99298E-05 0.44199 9.99298E-05 9.99298E-05 0.119594 9.99298E-05 0.264226 9.99298E-05 9.99298E-05
9.99298E-05 9.99298E-05 9.99298E-05 9.99298E-05 0.142419 0.0105875 0.245683 9.99298E-05 9.99298E-05 9.99298E-05 9.99298E-05 0.343834 0.214106 0.0425706
9.99035E-05 9.99035E-05 0.0159334 9.99035E-05 9.99035E-05 9.99035E-05 0.950995 9.99035E-05 9.99035E-05 9.99035E-05 9.99035E-05 9.99035E-05 0.0319727 9.99035E-05
9.99297E-05 9.99297E-05 9.99297E-05 9.99297E-05 0.100495 0.00494267 0.440053 0.217068 9.99297E-05 9.99297E-05 9.99297E-05 0.00621785 0.230424 9.99297E-05
0.00259976 9.99298E-05 0.148162 9.99298E-05 9.99298E-05 0.0132392 0.700743 9.99298E-05 9.99298E-05 9.99298E-05 9.99298E-05 0.12809 0.00636594 9.99298E-05
9.99123E-05 9.99123E-05 9.99123E-05 9.99123E-05 9.99123E-05 0.0351422 0.661382 9.99123E-05 9.99123E-05 9.99123E-05 9.99123E-05 0.158962 0.143515 9.99123E-05
9.99297E-05 9.99297E-05 0.0510836 0.0441514 0.104555 9.99297E-05 0.486688 9.99297E-05 9.99297E-05 0.105465 9.99297E-05 0.207258 9.99297E-05 9.99297E-05
9.99384E-05 9.99384E-05 9.99384E-05 9.99384E-05 0.0688935 0.0469792 0.66505 0.11481 9.99384E-05 9.99384E-05 0.0260589 0.0178342 0.0596746 9.99384E-05
9.99209E-05 9.99209E-05 0.326622 9.99209E-05 9.99209E-05 9.99209E-05 0.159054 0.00682427 9.99209E-05 9.99209E-05 9.99209E-05 0.331094 0.175506 9.99209E-05
9.99121E-05 9.99121E-05 9.99121E-05 9.99121E-05 9.99121E-05 0.00686799 0.529075 9.99121E-05 9.99121E-05 9.99121E-05 9.99121E-05 0.269929 0.19313 9.99121E-05
9.99384E-05 9.99384E-05 9.99384E-05 0.0426175 0.0786381 9.99384E-05 0.587732 9.99384E-05 9.99384E-05 0.0254685 9.99384E-05 0.147875 0.115668 0.00130132
9.99122E-05 9.99122E-05 9.99122E-05 9.99122E-05 9.99122E-05 9.99122E-05 0.698404 9.99122E-05 9.99122E-05 9.99122E-05 9.99122E-05 0.0621138 0.067949 0.170534
9.99122E-05 9.99122E-05 0.0267032 9.99122E-05 9.99122E-05 9.99122E-05 0.682988 9.99122E-05 9.99122E-05 9.99122E-05 9.99122E-05 0.149143 0.140167 9.99122E-05
9.98856E-05 9.98856E-05 9.98856E-05 9.98856E-05 9.98856E-05 9.98856E-05 9.98856E-05 9.98856E-05 9.98856E-05 9.98856E-05 9.98856E-05 9.98856E-05 0.998701 9.98856E-05
9.98856E-05 9.98856E-05 9.98856E-05 9.98856E-05 9.98856E-05 9.98856E-05 9.98856E-05 9.98856E-05 9.98856E-05 9.98856E-05 9.98856E-05 0.998701 9.98856E-05 9.98856E-05
9.98857E-05 9.98857E-05 9.98857E-05 9.98857E-05 9.98857E-05 9.98857E-05 9.98857E-05 9.98857E-05 9.98857E-05 9.98857E-05 9.98857E-05 9.98857E-05 0.998701 9.98857E-05
9.98856E-05 9.98856E-05 9.98856E-05 9.98856E-05 9.98856E-05 9.98856E-05 9.98856E-05 9.98856E-05 9.98856E-05 9.98856E-05 9.98856E-05 0.998701 9.98856E-05 9.98856E-05
9.98857E-05 9.98857E-05 9.98857E-05 9.98857E-05 9.98857E-05 9.98857E-05 9.98857E-05 9.98857E-05 9.98857E-05 9.98857E-05 9.98857E-05 0.998701 9.98857E-05 9.98857E-05
9.98857E-05 9.98857E-05 9.98857E-05 9.98857E-05 9.98857E-05 9.98857E-05 9.98857E-05 9.98857E-05 9.98857E-05 9.98857E-05 9.98857E-05 0.998701 9.98857E-05 9.98857E-05
9.98857E-05 9.98857E-05 9.98857E-05 9.98857E-05 9.98857E-05 9.98857E-05 9.98857E-05 9.98857E-05 9.98857E-05 9.98857E-05 9.98857E-05 9.98857E-05 0.998701 9.98857E-05
9.98856E-05 9.98856E-05 9.98856E-05 9.98856E-05 9.98856E-05 9.98856E-05 9.98856E-05 9.98856E-05 9.98856E-05 9.98856E-05 9.98856E-05 0.998701 9.98856E-05 9.98856E-05
9.98856E-05 9.98856E-05 9.98856E-05 9.98856E-05 9.98856E-05 9.98856E-05 9.98856E-05 9.98856E-05 9.98856E-05 9.98856E-05 9.98856E-05 0.998701 9.98856E-05 9.98856E-05
9.98855E-05 9.98855E-05 9.98855E-05 9.98855E-05 9.98855E-05 9.98855E-05 9.98855E-05 9.98855E-05 9.98855E-05 9.98855E-05 9.98855E-05 9.98855E-05 0.998701 9.98855E-05
9.98856E-05 9.98856E-05 9.98856E-05 9.98856E-05 9.98856E-05 9.98856E-05 9.98856E-05 9.98856E-05 9.98856E-05 9.98856E-05 9.98856E-05 9.98856E-05 0.998701 9.98856E-05
9.98856E-05 9.98856E-05 9.98856E-05 9.98856E-05 9.98856E-05 9.98856E-05 9.98856E-05 9.98856E-05 9.98856E-05 9.98856E-05 9.98856E-05 9.98856E-05 0.998701 9.98856E-05
9.98856E-05 9.98856E-05 9.98856E-05 9.98856E-05 9.98856E-05 9.98856E-05 9.98856E-05 9.98856E-05 9.98856E-05 9.98856E-05 9.98856E-05 0.998701 9.98856E-05 9.98856E-05
9.98858E-05 9.98858E-05 9.98858E-05 9.98858E-05 9.98858E-05 9.98858E-05 9.98858E-05 9.98858E-05 9.98858E-05 9.98858E-05 9.98858E-05 0.998701 9.98858E-05 9.98858E-05
9.98856E-05 9.98856E-05 9.98856E-05 9.98856E-05 9.98856E-05 9.98856E-05 9.98856E-05 9.98856E-05 9.98856E-05 9.98856E-05 9.98856E-05 9.98856E-05 0.998701 9.98856E-05
9.98856E-05 9.98856E-05 9.98856E-05 9.98856E-05 9.98856E-05 9.98856E-05 9.98856E-05 9.98856E-05 9.98856E-05 9.98856E-05 9.98856E-05 9.98856E-05 0.998701 9.98856E-05
9.99385E-05 9.99385E-05 9.99385E-05 0.0676138 9.99385E-05 9.99385E-05 0.281011 0.218349 9.99385E-05 0.0258707 9.99385E-05 0.148512 0.208478 0.0494666
9.98857E-05 9.98857E-05 9.98857E-05 9.98857E-05 9.98857E-05 9.98857E-05 9.98857E-05 9.98857E-05 9.98857E-05 9.98857E-05 9.98857E-05 9.98857E-05 0.998701 9.98857E-05
9.98857E-05 9.98857E-05 9.98857E-05 9.98857E-05 9.98857E-05 9.98857E-05 9.98857E-05 9.98857E-05 9.98857E-05 9.98857E-05 9.98857E-05 0.998701 9.98857E-05 9.98857E-05
9.98857E-05 9.98857E-05 9.98857E-05 9.98857E-05 9.98857E-05 9.98857E-05 9.98857E-05 9.98857E-05 9.98857E-05 9.98857E-05 9.98857E-05 9.98857E-05 0.998701 9.98857E-05
9.98856E-05 9.98856E-05 9.98856E-05 9.98856E-05 9.98856E-05 9.98856E-05 9.98856E-05 9.98856E-05 9.98856E-05 9.98856E-05 9.98856E-05 9.98856E-05 0.998701 9.98856E-05
9.98856E-05 9.98856E-05 9.98856E-05 9.98856E-05 9.98856E-05 9.98856E-05 9.98856E-05 9.98856E-05 9.98856E-05 9.98856E-05 9.98856E-05 9.98856E-05 0.998701 9.98856E-05
9.98856E-05 9.98856E-05 9.98856E-05 9.98856E-05 9.98856E-05 9.98856E-05 9.98856E-05 9.98856E-05 9.98856E-05 9.98856E-05 9.98856E-05 0.998701 9.98856E-05 9.98856E-05
9.98856E-05 9.98856E-05 9.98856E-05 9.98856E-05 9.98856E-05 9.98856E-05 9.98856E-05 9.98856E-05 9.98856E-05 9.98856E-05 9.98856E-05 9.98856E-05 0.998701 9.98856E-05
9.98856E-05 9.98856E-05 9.98856E-05 9.98856E-05 9.98856E-05 9.98856E-05 9.98856E-05 9.98856E-05 9.98856E-05 9.98856E-05 9.98856E-05 0.998701 9.98856E-05 9.98856E-05
9.98857E-05 9.98857E-05 9.98857E-05 9.98857E-05 9.98857E-05 9.98857E-05 9.98857E-05 9.98857E-05 9.98857E-05 9.98857E-05 9.98857E-05 9.98857E-05 0.998701 9.98857E-05
9.98857E-05 9.98857E-05 9.98857E-05 9.98857E-05 9.98857E-05 9.98857E-05 9.98857E-05 9.98857E-05 9.98857E-05 9.98857E-05 9.98857E-05 9.98857E-05 0.998701 9.98857E-05
9.98856E-05 9.98856E-05 9.98856E-05 9.98856E-05 9.98856E-05 9.98856E-05 9.98856E-05 9.98856E-05 9.98856E-05 9.98856E-05 9.98856E-05 0.998701 9.98856E-05 9.98856E-05
9.98857E-05 9.98857E-05 9.98857E-05 9.98857E-05 9.98857E-05 9.98857E-05 9.98857E-05 9.98857E-05 9.98857E-05 9.98857E-05 9.98857E-05 0.998701 9.98857E-05 9.98857E-05
9.98857E-05 9.98857E-05 9.98857E-05 9.98857E-05 9.98857E-05 9.98857E-05 9.98857E-05 9.98857E-05 9.98857E-05 9.98857E-05 9.98857E-05 0.998701 9.98857E-05 9.98857E-05
9.98856E-05 9.98856E-05 9.98856E-05 9.98856E-05 9.98856E-05 9.98856E-05 9.98856E-05 9.98856E-05 9.98856E-05 9.98856E-05 9.98856E-05 9.98856E-05 0.998701 9.98856E-05
9.98857E-05 9.98857E-05 9.98857E-05 9.98857E-05 9.98857E-05 9.98857E-05 9.98857E-05 9.98857E-05 9.98857E-05 9.98857E-05 9.98857E-05 9.98857E-05 0.998701 9.98857E-05
9.98855E-05 9.98855E-05 9.98855E-05 9.98855E-05 9.98855E-05 9.98855E-05 9.98855E-05 9.98855E-05 9.98855E-05 9.98855E-05 9.98855E-05 9.98855E-05 0.998701 9.98855E-05
9.98856E-05 9.98856E-05 9.98856E-05 9.98856E-05 9.98856E-05 9.98856E-05 9.98856E-05 9.98856E-05 9.98856E-05 9.98856E-05 9.98856E-05 9.98856E-05 0.998701 9.98856E-05
9.98856E-05 9.98856E-05 9.98856E-05 9.98856E-05 9.98856E-05 9.98856E-05 9.98856E-05 9.98856E-05 9.98856E-05 9.98856E-05 9.98856E-05 9.98856E-05 0.998701 9.98856E-05
9.98858E-05 9.98858E-05 9.98858E-05 9.98858E-05 9.98858E-05 9.98858E-05 9.98858E-05 9.98858E-05 9.98858E-05 9.98858E-05 9.98858E-05 0.998701 9.98858E-05 9.98858E-05
9.98856E-05 9.98856E-05 9.98856E-05 9.98856E-05 9.98856E-05 9.98856E-05 9.98856E-05 9.98856E-05 9.98856E-05 9.98856E-05 9.98856E-05 0.998701 9.98856E-05 9.98856E-05
9.98856E-05 9.98856E-05 9.98856E-05 9.98856E-05 9.98856E-05 9.98856E-05 9.98856E-05 9.98856E-05 9.98856E-05 9.98856E-05 9.98856E-05 0.998701 9.98856E-05 9.98856E-05
9.98857E-05 9.98857E-05 9.98857E-05 9.98857E-05 9.98857E-05 9.98857E-05 9.98857E-05 9.98857E-05 9.98857E-05 9.98857E-05 9.98857E-05 9.98857E-05 0.998701 9.98857E-05
9.98856E-05 9.98856E-05 9.98856E-05 9.98856E-05 9.98856E-05 9.98856E-05 9.98856E-05 9.98856E-05 9.98856E-05 9.98856E-05 9.98856E-05 0.998701 9.98856E-05 9.98856E-05
9.98856E-05 9.98856E-05 9.98856E-05 9.98856E-05 9.98856E-05 9.98856E-05 9.98856E-05 9.98856E-05 9.98856E-05 9.98856E-05 9.98856E-05 0.998701 9.98856E-05 9.98856E-05
9.98857E-05 9.98857E-05 9.98857E-05 9.98857E-05 9.98857E-05 9.98857E-05 9.98857E-05 9.98857E-05 9.98857E-05 9.98857E-05 9.98857E-05 0.998701 9.98857E-05 9.98857E-05
9.98856E-05 9.98856E-05 9.98856E-05 9.98856E-05 9.98856E-05 9.98856E-05 9.98856E-05 9.98856E-05 9.98856E-05 9.98856E-05 9.98856E-05 0.998701 9.98856E-05 9.98856E-05
9.98856E-05 9.98856E-05 9.98856E-05 9.98856E-05 9.98856E-05 9.98856E-05 9.98856E-05 9.98856E-05 9.98856E-05 9.98856E-05 9.98856E-05 9.98856E-05 0.998701 9.98856E-05
9.98857E-05 9.98857E-05 9.98857E-05 9.98857E-05 9.98857E-05 9.98857E-05 9.98857E-05 9.98857E-05 9.98857E-05 9.98857E-05 9.98857E-05 0.998701 9.98857E-05 9.98857E-05
9.98856E-05 9.98856E-05 9.98856E-05 9.98856E-05 9.98856E-05 9.98856E-05 9.98856E-05 9.98856E-05 9.98856E-05 9.98856E-05 9.98856E-05 0.998701 9.98856E-05 9.98856E-05
9.99473E-05 9.99473E-05 0.0296038 0.120975 9.99473E-05 9.99473E-05 0.243578 0.203642 9.99473E-05 0.00619144 9.99473E-05 0.144525 0.200951 0.0499351
9.98857E-05 9.98857E-05 9.98857E-05 9.98857E-05 9.98857E-05 9.98857E-05 9.98857E-05 9.98857E-05 9.98857E-05 9.98857E-05 9.98857E-05 9.98857E-05 0.998701 9.98857E-05
9.98857E-05 9.98857E-05 9.98857E-05 9.98857E-05 9.98857E-05 9.98857E-05 9.98857E-05 9.98857E-05 9.98857E-05 9.98857E-05 9.98857E-05 0.998701 9.98857E-05 9.98857E-05
9.98856E-05 9.98856E-05 9.98856E-05 9.98856E-05 9.98856E-05 9.98856E-05 9.98856E-05 9.98856E-05 9.98856E-05 9.98856E-05 9.98856E-05 0.998701 9.98856E-05 9.98856E-05
9.98856E-05 9.98856E-05 9.98856E-05 9.98856E-05 9.98856E-05 9.98856E-05 9.98856E-05 9.98856E-05 9.98856E-05 9.98856E-05 9.98856E-05 0.998701 9.98856E-05 9.98856E-05
9.98856E-05 9.98856E-05 9.98856E-05 9.98856E-05 9.98856E-05 9.98856E-05 9.98856E-05 9.98856E-05 9.98856E-05 9.98856E-05 9.98856E-05 0.998701 9.98856E-05 9.98856E-05
9.98856E-05 9.98856E-05 9.98856E-05 9.98856E-05 9.98856E-05 9.98856E-05 9.98856E-05 9.98856E-05 9.98856E-05 9.98856E-05 9.98856E-05 9.98856E-05 0.998701 9.98856E-05
9.98857E-05 9.98857E-05 9.98857E-05 9.98857E-05 9.98857E-05 9.98857E-05 9.98857E-05 9.98857E-05 9.98857E-05 9.98857E-05 9.98857E-05 0.998701 9.98857E-05 9.98857E-05
9.98856E-05 9.98856E-05 9.98856E-05 9.98856E-05 9.98856E-05 9.98856E-05 9.98856E-05 9.98856E-05 9.98856E-05 9.98856E-05 9.98856E-05 9.98856E-05 0.998701 9.98856E-05
9.98857E-05 9.98857E-05 9.98857E-05 9.98857E-05 9.98857E-05 9.98857E-05 9.98857E-05 9.98857E-05 9.98857E-05 9.98857E-05 9.98857E-05 0.998701 9.98857E-05 9.98857E-05
9.98856E-05 9.98856E-05 9.98856E-05 9.98856E-05 9.98856E-05 9.98856E-05 9.98856E-05 9.98856E-05 9.98856E-05 9.98856E-05 9.98856E-05 9.98856E-05 0.998701 9.98856E-05
9.98857E-05 9.98857E-05 9.98857E-05 9.98857E-05 9.98857E-05 9.98857E-05 9.98857E-05 9.98857E-05 9.98857E-05 9.98857E-05 9.98857E-05 0.998701 9.98857E-05 9.98857E-05
9.98857E-05 9.98857E-05 9.98857E-05 9.98857E-05 9.98857E-05 9.98857E-05 9.98857E-05 9.98857E-05 9.98857E-05 9.98857E-05 9.98857E-05 0.998701 9.98857E-05 9.98857E-05
9.98856E-05 9.98856E-05 9.98856E-05 9.98856E-05 9.98856E-05 9.98856E-05 9.98856E-05 9.98856E-05 9.98856E-05 9.98856E-05 9.98856E-05 0.998701 9.98856E-05 9.98856E-05
9.98856E-05 9.98856E-05 9.98856E-05 9.98856E-05 9.98856E-05 9.98856E-05 9.98856E-05 9.98856E-05 9.98856E-05 9.98856E-05 9.98856E-05 0.998701 9.98856E-05 9.98856E-05
9.98856E-05 9.98856E-05 9.98856E-05 9.98856E-05 9.98856E-05 9.98856E-05 9.98856E-05 9.98856E-05 9.98856E-05 9.98856E-05 9.98856E-05 0.998701 9.98856E-05 9.98856E-05
9.98857E-05 9.98857E-05 9.98857E-05 9.98857E-05 9.98857E-05 9.98857E-05 9.98857E-05 9.98857E-05 9.98857E-05 9.98857E-05 9.98857E-05 0.998701 9.98857E-05 9.98857E-05
9.98856E-05 9.98856E-05 9.98856E-05 9.98856E-05 9.98856E-05 9.98856E-05 9.98856E-05 9.98856E-05 9.98856E-05 9.98856E-05 9.98856E-05 9.98856E-05 0.998701 9.98856E-05
9.98857E-05 9.98857E-05 9.98857E-05 9.98857E-05 9.98857E-05 9.98857E-05 9.98857E-05 9.98857E-05 9.98857E-05 9.98857E-05 9.98857E-05 9.98857E-05 0.998701 9.98857E-05
9.98856E-05 9.98856E-05 9.98856E-05 9.98856E-05 9.98856E-05 9.98856E-05 9.98856E-05 9.98856E-05 9.98856E-05 9.98856E-05 9.98856E-05 9.98856E-05 0.998701 9.98856E-05
9.98856E-05 9.98856E-05 9.98856E-05 9.98856E-05 9.98856E-05 9.98856E-05 9.98856E-05 9.98856E-05 9.98856E-05 9.98856E-05 9.98856E-05 0.998701 9.98856E-05 9.98856E-05
9.98856E-05 9.98856E-05 9.98856E-05 9.98856E-05 9.98856E-05 9.98856E-05 9.98856E-05 9.98856E-05 9.98856E-05 9.98856E-05 9.98856E-05 9.98856E-05 0.998701 9.98856E-05
9.98857E-05 9.98857E-05 9.98857E-05 9.98857E-05 9.98857E-05 9.98857E-05 9.98857E-05 9.98857E-05 9.98857E-05 9.98857E-05 9.98857E-05 9.98857E-05 0.998701 9.98857E-05
9.98856E-05 9.98856E-05 9.98856E-05 9.98856E-05 9.98856E-05 9.98856E-05 9.98856E-05 9.98856E-05 9.98856E-05 9.98856E-05 9.98856E-05 9.98856E-05 0.998701 9.98856E-05
9.98856E-05 9.98856E-05 9.98856E-05 9.98856E-05 9.98856E-05 9.98856E-05 9.98856E-05 9.98856E-05 9.98856E-05 9.98856E-05 9.98856E-05 0.998701 9.98856E-05 9.98856E-05
9.98856E-05 9.98856E-05 9.98856E-05 9.98856E-05 9.98856E-05 9.98856E-05 9.98856E-05 9.98856E-05 9.98856E-05 9.98856E-05 9.98856E-05 0.998701 9.98856E-05 9.98856E-05
9.98856E-05 9.98856E-05 9.98856E-05 9.98856E-05 9.98856E-05 9.98856E-05 9.98856E-05 9.98856E-05 9.98856E-05 9.98856E-05 9.98856E-05 0.998701 9.98856E-05 9.98856E-05
9.98856E-05 9.98856E-05 9.98856E-05 9.98856E-05 9.98856E-05 9.98856E-05 9.98856E-05 9.98856E-05 9.98856E-05 9.98856E-05 9.98856E-05 9.98856E-05 0.998701 9.98856E-05
9.98857E-05 9.98857E-05 9.98857E-05 9.98857E-05 9.98857E-05 9.98857E-05 9.98857E-05 9.98857E-05 9.98857E-05 9.98857E-05 9.98857E-05 0.998701 9.98857E-05 9.98857E-05
9.98856E-05 9.98856E-05 9.98856E-05 9.98856E-05 9.98856E-05 9.98856E-05 9.98856E-05 9.98856E-05 9.98856E-05 9.98856E-05 9.98856E-05 0.998701 9.98856E-05 9.98856E-05
9.98855E-05 9.98855E-05 9.98855E-05 9.98855E-05 9.98855E-05 9.98855E-05 9.98855E-05 9.98855E-05 9.98855E-05 9.98855E-05 9.98855E-05 9.98855E-05 0.998701 9.98855E-05
9.98857E-05 9.98857E-05 9.98857E-05 9.98857E-05 9.98857E-05 9.98857E-05 9.98857E-05 9.98857E-05 9.98857E-05 9.98857E-05 9.98857E-05 0.998701 9.98857E-05 9.98857E-05
9.98856E-05 9.98856E-05 9.98856E-05 9.98856E-05 9.98856E-05 9.98856E-05 9.98856E-05 9.98856E-05 9.98856E-05 9.98856E-05 9.98856E-05 0.998701 9.98856E-05 9.98856E-05
9.99384E-05 9.99384E-05 0.0247604 9.99384E-05 9.99384E-05 0.173128 0.196189 9.99384E-05 9.99384E-05 0.0306719 0.0836903 0.122558 0.368302 9.99384E-05
9.98856E-05 9.98856E-05 9.98856E-05 9.98856E-05 9.98856E-05 9.98856E-05 9.98856E-05 9.98856E-05 9.98856E-05 9.98856E-05 9.98856E-05 9.98856E-05 0.998701 9.98856E-05
9.98856E-05 9.98856E-05 9.98856E-05 9.98856E-05 9.98856E-05 9.98856E-05 9.98856E-05 9.98856E-05 9.98856E-05 9.98856E-05 9.98856E-05 0.998701 9.98856E-05 9.98856E-05
9.9921E-05 9.9921E-05 9.9921E-05 0.108754 9.9921E-05 0.0355646 0.345003 9.9921E-05 9.9921E-05 9.9921E-05 9.9921E-05 0.467176 0.0426024 9.9921E-05
9.99297E-05 9.99297E-05 9.99297E-05 0.00714813 9.99297E-05 9.99297E-05 0.366416 0.0756254 9.99297E-05 9.99297E-05 9.99297E-05 0.340652 0.169978 0.0393813
9.99121E-05 9.99121E-05 9.99121E-05 0.080162 9.99121E-05 9.99121E-05 0.352779 9.99121E-05 9.99121E-05 9.99121E-05 9.99121E-05 0.144656 0.421404 9.99121E-05
9.99384E-05 9.99384E-05 9.99384E-05 9.99384E-05 9.99384E-05 9.99384E-05 0.613878 0.0888044 9.99384E-05 0.00353486 0.0610218 0.0347974 0.150299 0.0469653
9.99209E-05 9.99209E-05 0.0336111 0.0361713 9.99209E-05 9.99209E-05 0.273472 9.99209E-05 9.99209E-05 9.99209E-05 9.99209E-05 0.292871 0.362975 9.99209E-05
0.15483 9.99036E-05 9.99036E-05 9.99036E-05 9.99036E-05 9.99036E-05 0.718543 9.99036E-05 9.99036E-05 9.99036E-05 9.99036E-05 0.125528 9.99036E-05 9.99036E-05
9.9921E-05 9.9921E-05 9.9921E-05 9.9921E-05 0.290682 9.9921E-05 0.065015 0.143284 9.9921E-05 9.9921E-05 9.9921E-05 0.278701 0.221419 9.9921E-05
9.99298E-05 9.99298E-05 9.99298E-05 0.135689 9.99298E-05 0.0772901 0.462248 9.99298E-05 9.99298E-05 9.99298E-05 0.0482585 0.142581 0.133134 9.99298E-05
9.99035E-05 9.99035E-05 9.99035E-05 9.99035E-05 9.99035E-05 9.99035E-05 0.715576 9.99035E-05 9.99035E-05 9.99035E-05 9.99035E-05 0.191305 0.09202 9.99035E-05
9.99473E-05 9.99473E-05 9.99473E-05 0.0416087 0.00675748 9.99473E-05 0.62967 0.0140839 0.0591724 0.0405294 9.99473E-05 9.99473E-05 0.163392 0.0441864
9.99298E-05 9.99298E-05 9.99298E-05 9.99298E-05 9.99298E-05 0.0146444 0.541219 0.0908663 9.99298E-05 9.99298E-05 0.0093165 0.147988 0.195167 9.99298E-05
9.99121E-05 9.99121E-05 9.99121E-05 9.99121E-05 0.0547338 9.99121E-05 0.343294 9.99121E-05 9.99121E-05 9.99121E-05 9.99121E-05 0.574121 0.0268518 9.99121E-05
0.0313563 9.99473E-05 0.0221363 9.99473E-05 0.122334 9.99473E-05 0.194532 9.99473E-05 9.99473E-05 0.0537691 0.118368 0.170326 0.286579 9.99473E-05
9.99296E-05 9.99296E-05 9.99296E-05 0.0199133 9.99296E-05 9.99296E-05 0.677051 9.99296E-05 9.99296E-05 9.99296E-05 0.121544 0.0681326 0.107559 0.00500005
9.99121E-05 9.99121E-05 9.99121E-05 9.99121E-05 9.99121E-05 0.0676064 0.475671 9.99121E-05 9.99121E-05 9.99121E-05 9.99121E-05 0.162273 0.293451 9.99121E-05
9.99385E-05 9.99385E-05 0.0562471 9.99385E-05 0.181085 0.0214698 0.28881 9.99385E-05 0.012648 9.99385E-05 9.99385E-05 0.298925 0.140116 9.99385E-05
9.9921E-05 9.9921E-05 9.9921E-05 0.0718384 9.9921E-05 9.9921E-05 0.637294 9.9921E-05 9.9921E-05 9.9921E-05 9.9921E-05 0.176917 0.100967 0.0120848
9.99473E-05 9.99473E-05 9.99473E-05 0.0283656 0.0508525 0.105618 0.245991 9.99473E-05 9.99473E-05 0.0243925 0.017884 0.0899387 0.436358 9.99473E-05
9.99385E-05 9.99385E-05 0.275168 9.99385E-05 0.0321485 0.0835798 0.409268 9.99385E-05 0.0152363 9.99385E-05 9.99385E-05 0.105201 9.99385E-05 0.0786988
9.99209E-05 9.99209E-05 9.99209E-05 0.0739728 9.99209E-05 9.99209E-05 0.459195 9.99209E-05 0.0550392 9.99209E-05 9.99209E-05 0.207806 0.203088 9.99209E-05
9.99296E-05 9.99296E-05 0.0598744 9.99296E-05 9.99296E-05 9.99296E-05 0.560544 9.99296E-05 0.0940703 9.99296E-05 9.99296E-05 0.138343 0.114255 0.0321135
9.99297E-05 9.99297E-05 0.0394502 9.99297E-05 0.0285209 9.99297E-05 0.54038 9.99297E-05 0.0747192 0.0678474 9.99297E-05 0.248282 9.99297E-05 9.99297E-05
9.99385E-05 9.99385E-05 9.99385E-05 9.99385E-05 9.99385E-05 0.0138005 0.39108 9.99385E-05 9.99385E-05 0.106314 0.00870814 0.250284 0.186298 0.0428157
9.99384E-05 9.99384E-05 0.0350755 9.99384E-05 9.99384E-05 0.0117944 0.43039 9.99384E-05 0.171967 9.99384E-05 0.0501258 0.209557 0.0903906 9.99384E-05
