0.0665244 9.99385E-05 9.99385E-05 0.389977 0.238134 9.99385E-05 9.99385E-05 0.0392418 0.130787 9.99385E-05 9.99385E-05 9.99385E-05 0.114706 0.019931
9.99209E-05 9.99209E-05 9.99209E-05 0.69446 0.162245 0.0556202 9.99209E-05 0.0661562 9.99209E-05 9.99209E-05 9.99209E-05 9.99209E-05 0.0206188 9.99209E-05
0.0337244 0.0035163 9.99034E-05 0.96166 9.99034E-05 9.99034E-05 9.99034E-05 9.99034E-05 9.99034E-05 9.99034E-05 9.99034E-05 9.99034E-05 9.99034E-05 9.99034E-05
0.048984 9.99649E-05 9.99649E-05 0.303274 0.0344706 0.0467273 0.133738 0.00940454 0.113266 9.99649E-05 0.0201397 9.99649E-05 0.0549809 0.234615
9.99034E-05 9.99034E-05 9.99034E-05 0.872088 9.99034E-05 9.99034E-05 0.125602 0.0012112 9.99034E-05 9.99034E-05 9.99034E-05 9.99034E-05 9.99034E-05 9.99034E-05
0.0648763 0.023355 9.99561E-05 0.231092 0.241183 9.99561E-05 0.185545 0.0905625 0.0195992 9.99561E-05 0.127571 9.99561E-05 0.0157158 9.99561E-05
9.99474E-05 0.116047 9.99474E-05 0.225954 0.0331926 9.99474E-05 0.0772719 0.13265 0.103397 9.99474E-05 9.99474E-05 9.99474E-05 0.140915 0.169973
9.99473E-05 0.0583877 0.0192584 0.215313 0.0568662 9.99473E-05 0.228155 9.99473E-05 0.234442 0.0480996 0.138877 9.99473E-05 9.99473E-05 9.99473E-05
0.243397 9.99298E-05 9.99298E-05 0.275427 9.99298E-05 0.00532575 0.0439136 9.99298E-05 9.99298E-05 9.99298E-05 0.234638 9.99298E-05 9.99298E-05 0.1965
0.0861666 9.99122E-05 0.0193991 0.832523 9.99122E-05 9.99122E-05 9.99122E-05 9.99122E-05 9.99122E-05 9.99122E-05 9.99122E-05 9.99122E-05 9.99122E-05 0.0609122
0.168428 9.99385E-05 9.99385E-05 0.524341 0.0641114 9.99385E-05 9.99385E-05 9.99385E-05 0.0857641 9.99385E-05 0.0577391 9.99385E-05 0.0538856 0.0450305
9.9921E-05 9.9921E-05 9.9921E-05 0.930912 9.9921E-05 0.0110255 0.029742 9.9921E-05 9.9921E-05 0.0101694 9.9921E-05 9.9921E-05 0.0172522 9.9921E-05
0.0585392 9.99122E-05 9.99122E-05 0.820061 9.99122E-05 9.99122E-05 9.99122E-05 9.99122E-05 0.105459 9.99122E-05 0.014942 9.99122E-05 9.99122E-05 9.99122E-05
0.0975178 9.99386E-05 9.99386E-05 0.669952 9.99386E-05 9.99386E-05 9.99386E-05 0.0107114 0.000579867 0.0133869 9.99386E-05 0.16559 0.0415619 9.99386E-05
0.159207 9.99298E-05 0.0613841 0.295249 0.180132 9.99298E-05 9.99298E-05 9.99298E-05 0.063708 9.99298E-05 0.239519 9.99298E-05 9.99298E-05 9.99298E-05
0.0794502 9.99473E-05 0.00482923 0.178667 0.22076 9.99473E-05 9.99473E-05 9.99473E-05 0.10275 0.150589 0.177006 9.99473E-05 9.99473E-05 0.0853497
0.0363446 9.99299E-05 0.00782745 0.651358 9.99299E-05 9.99299E-05 9.99299E-05 0.181583 9.99299E-05 9.99299E-05 9.99299E-05 0.0175838 0.104504 9.99299E-05
0.120125 9.99386E-05 0.184478 0.120892 0.275158 0.135988 9.99386E-05 9.99386E-05 0.1459 9.99386E-05 0.0167602 9.99386E-05 9.99386E-05 9.99386E-05
0.203076 9.99561E-05 0.0598917 0.28792 0.00466775 0.0149804 0.0259959 9.99561E-05 0.252861 9.99561E-05 0.136928 9.99561E-05 0.0131797 9.99561E-05
9.98947E-05 9.98947E-05 9.98947E-05 0.984188 9.98947E-05 0.0146133 9.98947E-05 9.98947E-05 9.98947E-05 9.98947E-05 9.98947E-05 9.98947E-05 9.98947E-05 9.98947E-05
9.99298E-05 9.99298E-05 9.99298E-05 0.515348 9.99298E-05 9.99298E-05 0.0856697 9.99298E-05 9.99298E-05 0.144395 0.113875 9.99298E-05 0.0711176 0.0687947
9.99273E-05 9.99273E-05 9.99273E-05 0.26535 9.99273E-05 9.99273E-05 0.206588 0.00663191 0.368075 9.99273E-05 0.152456 9.99273E-05 9.99273E-05 9.99273E-05
0.130609 9.99123E-05 9.99123E-05 0.529839 0.23608 9.99123E-05 9.99123E-05 9.99123E-05 9.99123E-05 9.99123E-05 9.99123E-05 9.99123E-05 0.102473 9.99123E-05
0.241918 9.9921E-05 9.9921E-05 0.360799 9.9921E-05 9.9921E-05 9.9921E-05 9.9921E-05 0.270237 0.0462352 9.9921E-05 9.9921E-05 9.9921E-05 0.079912
0.253751 9.99385E-05 9.99385E-05 0.282826 9.99385E-05 0.125408 9.99385E-05 9.99385E-05 0.188728 9.99385E-05 0.0578269 9.99385E-05 0.0338026 0.0569595
0.10086 9.99297E-05 9.99297E-05 0.573461 0.0756855 9.99297E-05 0.0257401 9.99297E-05 0.192785 9.99297E-05 9.99297E-05 9.99297E-05 9.99297E-05 0.0306685
0.117436 9.99385E-05 0.214942 0.0107554 9.99385E-05 9.99385E-05 9.99385E-05 9.99385E-05 0.430445 0.0486404 0.01957 0.157511 9.99385E-05 9.99385E-05
0.0270916 9.9921E-05 9.9921E-05 0.68773 9.9921E-05 9.9921E-05 9.9921E-05 9.9921E-05 0.178762 9.9921E-05 9.9921E-05 0.0242148 9.9921E-05 0.0813022
0.20176 9.9921E-05 9.9921E-05 0.548515 0.105423 9.9921E-05 9.9921E-05 9.9921E-05 0.0689148 9.9921E-05 9.9921E-05 9.9921E-05 9.9921E-05 0.0744879
0.0490984 9.99386E-05 9.99386E-05 0.743455 0.124817 9.99386E-05 9.99386E-05 0.0125279 9.99386E-05 9.99386E-05 0.0213122 0.0454209 0.00266933 9.99386E-05
0.0818993 9.99345E-05 9.99345E-05 0.663623 0.0474946 9.99345E-05 9.99345E-05 9.99345E-05 0.0250471 9.99345E-05 0.0653241 9.99345E-05 0.115812 9.99345E-05
0.144283 9.99473E-05 9.99473E-05 0.472592 0.125891 9.99473E-05 0.022794 9.99473E-05 0.0545913 9.99473E-05 0.0829325 0.0565327 0.0397836 9.99473E-05
0.162796 9.99297E-05 9.99297E-05 0.511322 0.0539343 9.99297E-05 9.99297E-05 9.99297E-05 0.152881 0.0313292 9.99297E-05 9.99297E-05 0.0869388 9.99297E-05
0.140949 0.00589097 0.0626007 0.437801 9.99457E-05 9.99457E-05 9.99457E-05 9.99457E-05 0.221968 9.99457E-05 9.99457E-05 0.102689 0.0274008 9.99457E-05
0.0250602 9.99435E-05 0.0168492 0.863053 9.99435E-05 0.00190143 9.99435E-05 0.0773646 0.00958863 9.99435E-05 9.99435E-05 9.99435E-05 0.00548318 9.99435E-05
0.0247734 9.99473E-05 9.99473E-05 0.614719 0.0302959 0.0102189 9.99473E-05 9.99473E-05 0.106691 9.99473E-05 0.0545459 9.99473E-05 0.00666682 0.15149
9.99036E-05 0.00767859 9.99036E-05 0.87008 9.99036E-05 9.99036E-05 9.99036E-05 9.99036E-05 9.99036E-05 9.99036E-05 9.99036E-05 9.99036E-05 0.121142 9.99036E-05
0.0508867 9.9921E-05 9.9921E-05 0.664949 9.9921E-05 0.0637471 9.9921E-05 0.0970816 9.9921E-05 9.9921E-05 0.122436 9.9921E-05 9.9921E-05 9.9921E-05
0.0826772 9.99561E-05 9.99561E-05 0.527859 9.99561E-05 0.0607927 0.0511836 0.0866266 0.0131985 9.99561E-05 0.0630448 0.0301371 0.0839808 9.99561E-05
0.194127 9.9921E-05 9.9921E-05 0.576715 9.9921E-05 9.9921E-05 9.9921E-05 9.9921E-05 0.0814117 0.11426 9.9921E-05 0.0325867 9.9921E-05 9.9921E-05
0.0140266 9.9921E-05 9.9921E-05 0.794601 9.9921E-05 9.9921E-05 9.9921E-05 9.9921E-05 0.150068 9.9921E-05 0.0175738 9.9921E-05 0.0228313 9.9921E-05
0.0434179 9.99123E-05 9.99123E-05 0.611302 9.99123E-05 9.99123E-05 9.99123E-05 0.0968553 0.247426 9.99123E-05 9.99123E-05 9.99123E-05 9.99123E-05 9.99123E-05
9.9921E-05 0.00309153 9.9921E-05 0.892062 9.9921E-05 9.9921E-05 9.9921E-05 0.0536769 0.0379289 9.9921E-05 9.9921E-05 0.0123417 9.9921E-05 9.9921E-05
0.226931 9.99385E-05 9.99385E-05 0.384942 0.099191 9.99385E-05 9.99385E-05 9.99385E-05 0.129636 9.99385E-05 0.0675713 9.99385E-05 0.0577822 0.0332461
0.145082 9.99211E-05 9.99211E-05 0.192565 9.99211E-05 9.99211E-05 0.129787 9.99211E-05 0.30972 9.99211E-05 9.99211E-05 9.99211E-05 9.99211E-05 0.221947
0.0594654 9.99121E-05 9.99121E-05 0.835455 9.99121E-05 0.0624614 0.0416186 9.99121E-05 9.99121E-05 9.99121E-05 9.99121E-05 9.99121E-05 9.99121E-05 9.99121E-05
0.0881647 9.99122E-05 0.0419026 0.847482 9.99122E-05 9.99122E-05 9.99122E-05 9.99122E-05 9.99122E-05 9.99122E-05 0.0214518 9.99122E-05 9.99122E-05 9.99122E-05
0.0548027 0.0169267 9.9921E-05 0.892561 0.0263158 9.9921E-05 9.9921E-05 9.9921E-05 9.9921E-05 0.00849453 9.9921E-05 9.9921E-05 9.9921E-05 9.9921E-05
0.124606 9.99122E-05 9.99122E-05 0.660733 9.99122E-05 9.99122E-05 9.99122E-05 9.99122E-05 0.175087 9.99122E-05 9.99122E-05 9.99122E-05 0.0385746 9.99122E-05
9.99474E-05 0.0643423 0.00438104 0.782014 9.99474E-05 0.0310707 9.99474E-05 9.99474E-05 0.0225187 0.0143518 0.0371367 9.99474E-05 0.0435854 9.99474E-05
0.246132 9.99649E-05 9.99649E-05 0.310974 0.000131538 9.99649E-05 0.00799051 9.99649E-05 0.0841541 0.0161338 0.0557743 0.0464205 0.147831 0.0840587
9.9921E-05 9.9921E-05 9.9921E-05 0.620245 9.9921E-05 0.0282437 0.0242036 9.9921E-05 0.206494 9.9921E-05 9.9921E-05 9.9921E-05 9.9921E-05 0.119914
0.0184072 9.99035E-05 0.0521081 0.928386 9.99035E-05 9.99035E-05 9.99035E-05 9.99035E-05 9.99035E-05 9.99035E-05 9.99035E-05 9.99035E-05 9.99035E-05 9.99035E-05
0.0330162 0.0409094 0.0299844 0.562195 0.117597 0.00204991 9.99386E-05 9.99386E-05 9.99386E-05 0.213548 9.99386E-05 9.99386E-05 9.99386E-05 9.99386E-05
0.11809 9.99123E-05 9.99123E-05 0.798556 9.99123E-05 9.99123E-05 0.0340815 9.99123E-05 9.99123E-05 9.99123E-05 9.99123E-05 9.99123E-05 9.99123E-05 0.0482736
9.99386E-05 9.99386E-05 9.99386E-05 0.647577 0.0888479 0.0345875 0.00582178 9.99386E-05 9.99386E-05 0.0943426 9.99386E-05 0.0940863 0.0340376 9.99386E-05
0.0084841 9.99473E-05 0.073707 0.68609 9.99473E-05 9.99473E-05 0.0691479 0.0398944 0.0542554 0.024347 0.0434744 9.99473E-05 9.99473E-05 9.99473E-05
0.0932269 9.99123E-05 9.99123E-05 0.813067 9.99123E-05 9.99123E-05 9.99123E-05 9.99123E-05 9.99123E-05 9.99123E-05 9.99123E-05 9.99123E-05 0.0458384 0.0468682
0.0327167 0.0403737 9.99298E-05 0.87765 9.99298E-05 9.99298E-05 9.99298E-05 0.0112479 9.99298E-05 9.99298E-05 0.0100826 9.99298E-05 0.0271294 9.99298E-05
0.151409 9.99209E-05 9.99209E-05 9.99209E-05 0.683588 9.99209E-05 9.99209E-05 0.105119 0.0207258 9.99209E-05 0.0382584 9.99209E-05 9.99209E-05 9.99209E-05
9.99036E-05 9.99036E-05 9.99036E-05 9.99036E-05 0.926618 9.99036E-05 9.99036E-05 9.99036E-05 9.99036E-05 0.0118298 9.99036E-05 9.99036E-05 9.99036E-05 0.060453
9.98947E-05 9.98947E-05 0.0927731 9.98947E-05 0.906028 9.98947E-05 9.98947E-05 9.98947E-05 9.98947E-05 9.98947E-05 9.98947E-05 9.98947E-05 9.98947E-05 9.98947E-05
0.0369223 0.0726051 0.0276416 9.99386E-05 0.349465 9.99386E-05 9.99386E-05 0.33719 9.99386E-05 9.99386E-05 0.16831 9.99386E-05 0.00716617 9.99386E-05
9.99296E-05 9.99296E-05 0.0144554 9.99296E-05 0.638157 0.057957 0.120501 9.99296E-05 0.040098 9.99296E-05 0.128032 9.99296E-05 9.99296E-05 9.99296E-05
0.197391 9.9912E-05 9.9912E-05 9.9912E-05 0.62733 9.9912E-05 9.9912E-05 9.9912E-05 0.089171 9.9912E-05 0.0851096 9.9912E-05 9.9912E-05 9.9912E-05
0.100099 9.99209E-05 9.99209E-05 9.99209E-05 0.55421 9.99209E-05 9.99209E-05 0.223701 9.99209E-05 9.99209E-05 9.99209E-05 9.99209E-05 0.0922472 0.028843
0.116873 0.0524123 0.0804636 9.99296E-05 0.545827 9.99296E-05 9.99296E-05 0.111195 9.99296E-05 9.99296E-05 0.0924293 9.99296E-05 9.99296E-05 9.99296E-05
9.98947E-05 9.98947E-05 9.98947E-05 9.98947E-05 0.982048 9.98947E-05 9.98947E-05 0.0167529 9.98947E-05 9.98947E-05 9.98947E-05 9.98947E-05 9.98947E-05 9.98947E-05
9.98946E-05 9.98946E-05 9.98946E-05 9.98946E-05 0.95311 9.98946E-05 9.98946E-05 9.98946E-05 9.98946E-05 9.98946E-05 9.98946E-05 9.98946E-05 0.0456917 9.98946E-05
0.332187 9.99208E-05 9.99208E-05 9.99208E-05 0.490103 0.00635622 9.99208E-05 9.99208E-05 9.99208E-05 9.99208E-05 0.0297823 9.99208E-05 0.140673 9.99208E-05
0.0421905 0.0216952 0.0069215 9.99561E-05 0.382079 9.99561E-05 9.99561E-05 0.177768 0.131264 0.0790558 9.99561E-05 9.99561E-05 0.0827177 0.0758085
9.99209E-05 9.99209E-05 9.99209E-05 9.99209E-05 0.460573 9.99209E-05 0.165032 9.99209E-05 9.99209E-05 0.0549774 0.20554 9.99209E-05 0.112979 9.99209E-05
0.260399 9.99209E-05 9.99209E-05 9.99209E-05 0.457894 9.99209E-05 0.023491 0.0604592 0.196857 9.99209E-05 9.99209E-05 9.99209E-05 9.99209E-05 9.99209E-05
9.99036E-05 9.99036E-05 9.99036E-05 9.99036E-05 0.970358 9.99036E-05 9.99036E-05 9.99036E-05 9.99036E-05 0.0258931 9.99036E-05 9.99036E-05 0.00265005 9.99036E-05
9.99035E-05 9.99035E-05 9.99035E-05 9.99035E-05 0.850739 9.99035E-05 9.99035E-05 9.99035E-05 9.99035E-05 9.99035E-05 0.0634588 9.99035E-05 9.99035E-05 0.0847035
0.0276624 0.0845169 0.11321 9.9912E-05 0.773612 9.9912E-05 9.9912E-05 9.9912E-05 9.9912E-05 9.9912E-05 9.9912E-05 9.9912E-05 9.9912E-05 9.9912E-05
9.99297E-05 9.99297E-05 0.0244078 9.99297E-05 0.632536 9.99297E-05 9.99297E-05 9.99297E-05 0.0846159 9.99297E-05 0.0625201 9.99297E-05 0.0993568 0.0957641
0.0742635 9.99121E-05 0.099436 9.99121E-05 0.787839 9.99121E-05 9.99121E-05 9.99121E-05 9.99121E-05 9.99121E-05 9.99121E-05 9.99121E-05 0.0374622 9.99121E-05
0.24264 9.99208E-05 9.99208E-05 9.99208E-05 0.593812 0.0150721 9.99208E-05 9.99208E-05 9.99208E-05 0.114935 9.99208E-05 9.99208E-05 0.0326417 9.99208E-05
9.98949E-05 0.00135792 9.98949E-05 9.98949E-05 0.997443 9.98949E-05 9.98949E-05 9.98949E-05 9.98949E-05 9.98949E-05 9.98949E-05 9.98949E-05 9.98949E-05 9.98949E-05
0.067233 9.99032E-05 9.99032E-05 9.99032E-05 0.633525 9.99032E-05 9.99032E-05 9.99032E-05 0.298143 9.99032E-05 9.99032E-05 9.99032E-05 9.99032E-05 9.99032E-05
0.0459106 9.99298E-05 0.0604997 9.99298E-05 0.692958 9.99298E-05 9.99298E-05 0.072692 0.0730063 9.99298E-05 9.99298E-05 0.0541336 9.99298E-05 9.99298E-05
0.0417172 0.0309245 0.0920288 9.99385E-05 0.587834 9.99385E-05 0.161781 9.99385E-05 9.99385E-05 9.99385E-05 0.0536022 9.99385E-05 9.99385E-05 0.0314129
9.98945E-05 9.98945E-05 9.98945E-05 9.98945E-05 0.825272 9.98945E-05 9.98945E-05 9.98945E-05 9.98945E-05 9.98945E-05 9.98945E-05 9.98945E-05 0.17353 9.98945E-05
0.000157486 9.99035E-05 9.99035E-05 9.99035E-05 0.983185 9.99035E-05 9.99035E-05 9.99035E-05 9.99035E-05 9.99035E-05 0.0155585 9.99035E-05 9.99035E-05 9.99035E-05
9.9886E-05 9.9886E-05 9.9886E-05 9.9886E-05 0.998701 9.9886E-05 9.9886E-05 9.9886E-05 9.9886E-05 9.9886E-05 9.9886E-05 9.9886E-05 9.9886E-05 9.9886E-05
9.9886E-05 9.9886E-05 9.9886E-05 9.9886E-05 0.998701 9.9886E-05 9.9886E-05 9.9886E-05 9.9886E-05 9.9886E-05 9.9886E-05 9.9886E-05 9.9886E-05 9.9886E-05
0.0477803 9.99122E-05 0.186378 9.99122E-05 0.756649 9.99122E-05 9.99122E-05 9.99122E-05 0.00819367 9.99122E-05 9.99122E-05 9.99122E-05 9.99122E-05 9.99122E-05
0.159434 9.99212E-05 9.99212E-05 9.99212E-05 0.702795 0.00496607 9.99212E-05 9.99212E-05 9.99212E-05 9.99212E-05 0.0969902 0.0349157 9.99212E-05 9.99212E-05
0.220657 9.99121E-05 9.99121E-05 9.99121E-05 9.99121E-05 9.99121E-05 0.00845863 9.99121E-05 9.99121E-05 9.99121E-05 0.17431 0.595575 9.99121E-05 9.99121E-05
0.0316475 9.99123E-05 9.99123E-05 9.99123E-05 0.0276933 9.99123E-05 9.99123E-05 9.99123E-05 9.99123E-05 9.99123E-05 0.0267821 0.912878 9.99123E-05 9.99123E-05
0.193592 9.99297E-05 0.0143746 9.99297E-05 9.99297E-05 9.99297E-05 0.0345739 9.99297E-05 0.110615 9.99297E-05 9.99297E-05 0.613278 0.0327672 9.99297E-05
0.311516 9.99384E-05 0.0146494 9.99384E-05 9.99384E-05 0.008461 0.0303981 9.99384E-05 9.99384E-05 9.99384E-05 0.104617 0.485026 0.0446319 9.99384E-05
0.106981 0.0028296 0.0429829 9.99384E-05 9.99384E-05 0.04741 9.99384E-05 9.99384E-05 9.99384E-05 9.99384E-05 0.200816 0.596305 0.00197621 9.99384E-05
0.228825 9.9921E-05 9.9921E-05 9.9921E-05 9.9921E-05 0.0200445 9.9921E-05 0.0359335 9.9921E-05 9.9921E-05 0.206422 0.507877 9.9921E-05 9.9921E-05
0.147412 9.99385E-05 0.00455959 9.99385E-05 9.99385E-05 9.99385E-05 9.99385E-05 9.99385E-05 0.0858273 0.0113616 0.1324 0.526204 0.0915351 9.99385E-05
0.142202 9.99297E-05 0.0311645 9.99297E-05 9.99297E-05 0.015121 9.99297E-05 9.99297E-05 0.0142465 9.99297E-05 0.272954 0.523512 9.99297E-05 9.99297E-05
0.0961634 9.99209E-05 9.99209E-05 9.99209E-05 9.99209E-05 9.99209E-05 9.99209E-05 0.253524 9.99209E-05 0.0328982 0.443758 0.172757 9.99209E-05 9.99209E-05
0.328545 9.99121E-05 9.99121E-05 9.99121E-05 9.99121E-05 9.99121E-05 9.99121E-05 9.99121E-05 0.07879 9.99121E-05 0.242259 0.349407 9.99121E-05 9.99121E-05
0.00938506 9.9921E-05 9.9921E-05 9.9921E-05 9.9921E-05 9.9921E-05 9.9921E-05 0.320528 9.9921E-05 9.9921E-05 0.0227207 0.607811 0.0386562 9.9921E-05
0.124586 9.99122E-05 9.99122E-05 9.99122E-05 9.99122E-05 9.99122E-05 9.99122E-05 0.16223 9.99122E-05 9.99122E-05 9.99122E-05 0.654438 0.0577468 9.99122E-05
9.99122E-05 9.99122E-05 0.0453475 9.99122E-05 9.99122E-05 9.99122E-05 9.99122E-05 9.99122E-05 9.99122E-05 9.99122E-05 0.147233 0.761581 0.0448397 9.99122E-05
0.284089 0.0283822 9.99298E-05 9.99298E-05 9.99298E-05 9.99298E-05 9.99298E-05 9.99298E-05 9.99298E-05 9.99298E-05 0.190677 0.45471 0.0342419 0.00710014
9.99298E-05 9.99298E-05 0.111937 9.99298E-05 9.99298E-05 0.0263347 9.99298E-05 9.99298E-05 9.99298E-05 0.122415 0.0918715 0.637074 0.00956827 9.99298E-05
0.165819 0.0109307 9.99473E-05 9.99473E-05 9.99473E-05 0.0509473 9.99473E-05 0.0852851 9.99473E-05 9.99473E-05 0.0367243 0.539893 0.0514966 0.0583043
0.16118 9.99297E-05 0.0268781 9.99297E-05 9.99297E-05 0.0497507 9.99297E-05 0.233382 9.99297E-05 9.99297E-05 0.0222644 0.505745 9.99297E-05 9.99297E-05
9.9921E-05 0.0768289 9.9921E-05 9.9921E-05 9.9921E-05 9.9921E-05 9.9921E-05 9.9921E-05 0.169534 9.9921E-05 0.183826 0.555443 0.0134687 9.9921E-05
9.99297E-05 9.99297E-05 9.99297E-05 9.99297E-05 9.99297E-05 9.99297E-05 0.0260797 0.0204192 0.0175665 9.99297E-05 0.0619824 0.802686 0.0704668 9.99297E-05
0.204695 9.99386E-05 9.99386E-05 9.99386E-05 0.000982012 0.0802026 9.99386E-05 9.99386E-05 9.99386E-05 0.0165583 0.162024 0.532203 0.00263483 9.99386E-05
0.189608 9.99209E-05 9.99209E-05 9.99209E-05 9.99209E-05 9.99209E-05 0.0744549 0.0576665 9.99209E-05 9.99209E-05 0.100436 0.576935 9.99209E-05 9.99209E-05
0.111613 9.99121E-05 9.99121E-05 9.99121E-05 9.99121E-05 9.99121E-05 9.99121E-05 9.99121E-05 9.99121E-05 9.99121E-05 0.0903362 0.65761 0.139442 9.99121E-05
0.337296 9.99385E-05 9.99385E-05 9.99385E-05 9.99385E-05 0.0493261 0.0117952 0.0758431 9.99385E-05 0.0208687 0.25378 0.25039 9.99385E-05 9.99385E-05
0.0458717 9.99035E-05 9.99035E-05 9.99035E-05 9.99035E-05 9.99035E-05 9.99035E-05 9.99035E-05 9.99035E-05 9.99035E-05 0.247805 0.705225 9.99035E-05 9.99035E-05
0.335825 9.99209E-05 9.99209E-05 9.99209E-05 9.99209E-05 0.0778769 0.065732 9.99209E-05 9.99209E-05 9.99209E-05 0.252099 0.267568 9.99209E-05 9.99209E-05
0.198034 9.99298E-05 9.99298E-05 9.99298E-05 0.000669853 9.99298E-05 9.99298E-05 0.120031 9.99298E-05 0.0135221 0.103291 0.563652 9.99298E-05 9.99298E-05
0.068153 0.0623959 9.99211E-05 0.0719244 9.99211E-05 0.0459518 9.99211E-05 9.99211E-05 9.99211E-05 9.99211E-05 9.99211E-05 0.750676 9.99211E-05 9.99211E-05
0.148823 9.99384E-05 9.99384E-05 9.99384E-05 9.99384E-05 0.015641 0.0992671 9.99384E-05 0.0310134 0.0143939 0.184063 0.506099 9.99384E-05 9.99384E-05
0.227774 9.99122E-05 9.99122E-05 9.99122E-05 9.99122E-05 9.99122E-05 9.99122E-05 0.0560307 9.99122E-05 9.99122E-05 0.323927 0.391269 9.99122E-05 9.99122E-05
0.169479 9.9921E-05 9.9921E-05 9.9921E-05 9.9921E-05 0.100486 9.9921E-05 9.9921E-05 9.9921E-05 9.9921E-05 0.0240799 0.649845 0.0552112 9.9921E-05
0.250727 9.9921E-05 9.9921E-05 9.9921E-05 9.9921E-05 9.9921E-05 9.9921E-05 9.9921E-05 0.0113687 0.134429 0.0780327 0.524543 9.9921E-05 9.9921E-05
0.0954585 9.99385E-05 0.0311331 9.99385E-05 9.99385E-05 0.0241156 9.99385E-05 9.99385E-05 9.99385E-05 0.0832534 0.0124809 0.734426 0.0184333 9.99385E-05
0.214626 9.99209E-05 9.99209E-05 9.99209E-05 9.99209E-05 0.206668 9.99209E-05 9.99209E-05 9.99209E-05 9.99209E-05 0.370541 0.187429 0.019837 9.99209E-05
0.14955 9.99208E-05 9.99208E-05 9.99208E-05 9.99208E-05 0.0189679 9.99208E-05 9.99208E-05 0.256677 9.99208E-05 0.0793208 0.494585 9.99208E-05 9.99208E-05
0.187571 9.99121E-05 9.99121E-05 9.99121E-05 9.99121E-05 9.99121E-05 9.99121E-05 9.99121E-05 0.021063 9.99121E-05 0.0647305 0.725636 9.99121E-05 9.99121E-05
9.99297E-05 9.99297E-05 9.99297E-05 9.99297E-05 9.99297E-05 9.99297E-05 9.99297E-05 9.99297E-05 0.0544379 0.0612739 0.0865481 0.708348 0.0531361 0.0354562
0.269089 9.99209E-05 0.108994 9.99209E-05 9.99209E-05 9.99209E-05 9.99209E-05 9.99209E-05 9.99209E-05 9.99209E-05 0.185911 0.36307 0.0720369 9.99209E-05
0.00548118 9.99035E-05 9.99035E-05 9.99035E-05 9.99035E-05 9.99035E-05 9.99035E-05 9.99035E-05 9.99035E-05 9.99035E-05 0.0771265 0.916293 9.99035E-05 9.99035E-05
0.154518 9.99123E-05 9.99123E-05 9.99123E-05 9.99123E-05 0.0436242 9.99123E-05 9.99123E-05 9.99123E-05 9.99123E-05 0.00824109 0.792618 9.99123E-05 9.99123E-05
9.98948E-05 9.98948E-05 9.98948E-05 9.98948E-05 9.98948E-05 9.98948E-05 9.98948E-05 9.98948E-05 9.98948E-05 9.98948E-05 0.0424854 0.956316 9.98948E-05 9.98948E-05
9.99211E-05 9.99211E-05 0.0351077 9.99211E-05 9.99211E-05 0.0266565 9.99211E-05 0.0287529 9.99211E-05 9.99211E-05 0.0301171 0.878466 9.99211E-05 9.99211E-05
0.401737 9.99297E-05 9.99297E-05 9.99297E-05 9.99297E-05 9.99297E-05 0.0543762 0.071838 9.99297E-05 9.99297E-05 0.167798 0.285824 0.0176276 9.99297E-05
9.99121E-05 9.99121E-05 9.99121E-05 9.99121E-05 9.99121E-05 9.99121E-05 0.0935518 9.99121E-05 0.146872 9.99121E-05 0.182187 0.57639 9.99121E-05 9.99121E-05
0.0541273 9.99211E-05 9.99211E-05 0.0138993 9.99211E-05 0.0209495 9.99211E-05 9.99211E-05 9.99211E-05 9.99211E-05 0.107965 0.80216 9.99211E-05 9.99211E-05
0.12213 9.98947E-05 9.98947E-05 9.98947E-05 9.98947E-05 9.98947E-05 9.98947E-05 9.98947E-05 9.98947E-05 9.98947E-05 9.98947E-05 0.876671 9.98947E-05 9.98947E-05
0.0657334 9.99385E-05 0.106432 9.99385E-05 9.99385E-05 0.185758 9.99385E-05 0.145642 0.063242 9.99385E-05 0.239309 0.193184 9.99385E-05 9.99385E-05
0.145189 9.99297E-05 0.015584 9.99297E-05 0.257344 9.99297E-05 9.99297E-05 9.99297E-05 9.99297E-05 9.99297E-05 0.0858737 0.458208 0.0370017 9.99297E-05
0.0632455 9.99386E-05 0.0377582 9.99386E-05 9.99386E-05 9.99386E-05 9.99386E-05 0.134748 0.0705189 0.0999345 0.183209 0.409887 9.99386E-05 9.99386E-05
0.286049 9.99298E-05 9.99298E-05 9.99298E-05 9.99298E-05 0.0669085 9.99298E-05 9.99298E-05 0.0905894 9.99298E-05 0.313537 0.187113 0.0550039 9.99298E-05
0.0468748 9.98947E-05 9.98947E-05 9.98947E-05 9.98947E-05 9.98947E-05 9.98947E-05 9.98947E-05 9.98947E-05 9.98947E-05 9.98947E-05 0.951926 9.98947E-05 9.98947E-05
0.210912 0.0169345 9.99473E-05 9.99473E-05 9.99473E-05 0.0102454 9.99473E-05 9.99473E-05 0.0286443 9.99473E-05 0.0510188 0.40327 0.0568343 0.221541
9.99123E-05 9.99123E-05 9.99123E-05 9.99123E-05 0.0303059 9.99123E-05 9.99123E-05 0.0391925 9.99123E-05 9.99123E-05 0.114054 0.815448 9.99123E-05 9.99123E-05
0.237881 9.99211E-05 0.0469933 9.99211E-05 9.99211E-05 9.99211E-05 9.99211E-05 9.99211E-05 9.99211E-05 9.99211E-05 0.0769522 0.625797 0.0114774 9.99211E-05
0.0540541 0.0309923 0.0474174 9.9956E-05 9.9956E-05 9.9956E-05 0.00944943 0.0427888 0.0152967 0.0461779 0.121739 0.631584 9.9956E-05 9.9956E-05
0.0819844 0.0178437 0.0214054 9.9956E-05 9.9956E-05 0.0222575 9.9956E-05 9.9956E-05 0.088012 9.9956E-05 0.0317537 0.645304 0.0512576 0.0396823
0.289716 9.99122E-05 9.99122E-05 9.99122E-05 9.99122E-05 9.99122E-05 9.99122E-05 0.161062 9.99122E-05 9.99122E-05 0.239179 0.309044 9.99122E-05 9.99122E-05
0.189955 9.99033E-05 9.99033E-05 9.99033E-05 9.99033E-05 9.99033E-05 9.99033E-05 9.99033E-05 9.99033E-05 9.99033E-05 0.228563 0.580383 9.99033E-05 9.99033E-05
0.0841669 9.99297E-05 9.99297E-05 9.99297E-05 9.99297E-05 0.0664587 9.99297E-05 9.99297E-05 9.99297E-05 0.0459595 0.11585 0.639843 0.0469229 9.99297E-05
0.139868 0.00649366 9.99297E-05 9.99297E-05 9.99297E-05 0.136063 9.99297E-05 9.99297E-05 9.99297E-05 0.00935186 9.99297E-05 0.701021 0.00640259 9.99297E-05
0.0965162 9.99034E-05 9.99034E-05 9.99034E-05 9.99034E-05 9.99034E-05 9.99034E-05 9.99034E-05 9.99034E-05 9.99034E-05 0.226333 0.676052 9.99034E-05 9.99034E-05
0.998701 9.98857E-05 9.98857E-05 9.98857E-05 9.98857E-05 9.98857E-05 9.98857E-05 9.98857E-05 9.98857E-05 9.98857E-05 9.98857E-05 9.98857E-05 9.98857E-05 9.98857E-05
9.98856E-05 9.98856E-05 9.98856E-05 9.98856E-05 9.98856E-05 9.98856E-05 9.98856E-05 9.98856E-05 9.98856E-05 9.98856E-05 0.998701 9.98856E-05 9.98856E-05 9.98856E-05
0.998701 9.98856E-05 9.98856E-05 9.98856E-05 9.98856E-05 9.98856E-05 9.98856E-05 9.98856E-05 9.98856E-05 9.98856E-05 9.98856E-05 9.98856E-05 9.98856E-05 9.98856E-05
9.98856E-05 9.98856E-05 9.98856E-05 9.98856E-05 9.98856E-05 9.98856E-05 9.98856E-05 9.98856E-05 9.98856E-05 9.98856E-05 0.998701 9.98856E-05 9.98856E-05 9.98856E-05
9.98856E-05 9.98856E-05 9.98856E-05 9.98856E-05 9.98856E-05 9.98856E-05 9.98856E-05 9.98856E-05 9.98856E-05 9.98856E-05 0.998701 9.98856E-05 9.98856E-05 9.98856E-05
9.98857E-05 9.98857E-05 9.98857E-05 9.98857E-05 9.98857E-05 9.98857E-05 9.98857E-05 9.98857E-05 9.98857E-05 9.98857E-05 0.998701 9.98857E-05 9.98857E-05 9.98857E-05
0.998701 9.98856E-05 9.98856E-05 9.98856E-05 9.98856E-05 9.98856E-05 9.98856E-05 9.98856E-05 9.98856E-05 9.98856E-05 9.98856E-05 9.98856E-05 9.98856E-05 9.98856E-05
9.98856E-05 9.98856E-05 9.98856E-05 9.98856E-05 9.98856E-05 9.98856E-05 9.98856E-05 9.98856E-05 9.98856E-05 9.98856E-05 0.998701 9.98856E-05 9.98856E-05 9.98856E-05
9.98856E-05 9.98856E-05 9.98856E-05 9.98856E-05 9.98856E-05 9.98856E-05 9.98856E-05 9.98856E-05 9.98856E-05 9.98856E-05 0.998701 9.98856E-05 9.98856E-05 9.98856E-05
0.998701 9.98857E-05 9.98857E-05 9.98857E-05 9.98857E-05 9.98857E-05 9.98857E-05 9.98857E-05 9.98857E-05 9.98857E-05 9.98857E-05 9.98857E-05 9.98857E-05 9.98857E-05
0.998701 9.98856E-05 9.98856E-05 9.98856E-05 9.98856E-05 9.98856E-05 9.98856E-05 9.98856E-05 9.98856E-05 9.98856E-05 9.98856E-05 9.98856E-05 9.98856E-05 9.98856E-05
0.998701 9.98856E-05 9.98856E-05 9.98856E-05 9.98856E-05 9.98856E-05 9.98856E-05 9.98856E-05 9.98856E-05 9.98856E-05 9.98856E-05 9.98856E-05 9.98856E-05 9.98856E-05
9.98856E-05 9.98856E-05 9.98856E-05 9.98856E-05 9.98856E-05 9.98856E-05 9.98856E-05 9.98856E-05 9.98856E-05 9.98856E-05 0.998701 9.98856E-05 9.98856E-05 9.98856E-05
9.98857E-05 9.98857E-05 9.98857E-05 9.98857E-05 9.98857E-05 9.98857E-05 9.98857E-05 9.98857E-05 9.98857E-05 9.98857E-05 0.998701 9.98857E-05 9.98857E-05 9.98857E-05
0.998701 9.98857E-05 9.98857E-05 9.98857E-05 9.98857E-05 9.98857E-05 9.98857E-05 9.98857E-05 9.98857E-05 9.98857E-05 9.98857E-05 9.98857E-05 9.98857E-05 9.98857E-05
0.998701 9.98856E-05 9.98856E-05 9.98856E-05 9.98856E-05 9.98856E-05 9.98856E-05 9.98856E-05 9.98856E-05 9.98856E-05 9.98856E-05 9.98856E-05 9.98856E-05 9.98856E-05
0.215536 0.107116 9.99385E-05 9.99385E-05 9.99385E-05 0.033673 9.99385E-05 0.0557341 9.99385E-05 9.99385E-05 0.163822 0.265251 9.99385E-05 0.158169
0.998701 9.98857E-05 9.98857E-05 9.98857E-05 9.98857E-05 9.98857E-05 9.98857E-05 9.98857E-05 9.98857E-05 9.98857E-05 9.98857E-05 9.98857E-05 9.98857E-05 9.98857E-05
9.98856E-05 9.98856E-05 9.98856E-05 9.98856E-05 9.98856E-05 9.98856E-05 9.98856E-05 9.98856E-05 9.98856E-05 9.98856E-05 0.998701 9.98856E-05 9.98856E-05 9.98856E-05
0.998701 9.98857E-05 9.98857E-05 9.98857E-05 9.98857E-05 9.98857E-05 9.98857E-05 9.98857E-05 9.98857E-05 9.98857E-05 9.98857E-05 9.98857E-05 9.98857E-05 9.98857E-05
0.998701 9.98857E-05 9.98857E-05 9.98857E-05 9.98857E-05 9.98857E-05 9.98857E-05 9.98857E-05 9.98857E-05 9.98857E-05 9.98857E-05 9.98857E-05 9.98857E-05 9.98857E-05
0.998701 9.98856E-05 9.98856E-05 9.98856E-05 9.98856E-05 9.98856E-05 9.98856E-05 9.98856E-05 9.98856E-05 9.98856E-05 9.98856E-05 9.98856E-05 9.98856E-05 9.98856E-05
9.98857E-05 9.98857E-05 9.98857E-05 9.98857E-05 9.98857E-05 9.98857E-05 9.98857E-05 9.98857E-05 9.98857E-05 9.98857E-05 0.998701 9.98857E-05 9.98857E-05 9.98857E-05
0.998701 9.98856E-05 9.98856E-05 9.98856E-05 9.98856E-05 9.98856E-05 9.98856E-05 9.98856E-05 9.98856E-05 9.98856E-05 9.98856E-05 9.98856E-05 9.98856E-05 9.98856E-05
9.98857E-05 9.98857E-05 9.98857E-05 9.98857E-05 9.98857E-05 9.98857E-05 9.98857E-05 9.98857E-05 9.98857E-05 9.98857E-05 0.998701 9.98857E-05 9.98857E-05 9.98857E-05
0.998701 9.98857E-05 9.98857E-05 9.98857E-05 9.98857E-05 9.98857E-05 9.98857E-05 9.98857E-05 9.98857E-05 9.98857E-05 9.98857E-05 9.98857E-05 9.98857E-05 9.98857E-05
0.998701 9.98856E-05 9.98856E-05 9.98856E-05 9.98856E-05 9.98856E-05 9.98856E-05 9.98856E-05 9.98856E-05 9.98856E-05 9.98856E-05 9.98856E-05 9.98856E-05 9.98856E-05
9.98857E-05 9.98857E-05 9.98857E-05 9.98857E-05 9.98857E-05 9.98857E-05 9.98857E-05 9.98857E-05 9.98857E-05 9.98857E-05 0.998701 9.98857E-05 9.98857E-05 9.98857E-05
9.98856E-05 9.98856E-05 9.98856E-05 9.98856E-05 9.98856E-05 9.98856E-05 9.98856E-05 9.98856E-05 9.98856E-05 9.98856E-05 0.998701 9.98856E-05 9.98856E-05 9.98856E-05
9.98857E-05 9.98857E-05 9.98857E-05 9.98857E-05 9.98857E-05 9.98857E-05 9.98857E-05 9.98857E-05 9.98857E-05 9.98857E-05 0.998701 9.98857E-05 9.98857E-05 9.98857E-05
0.998701 9.98856E-05 9.98856E-05 9.98856E-05 9.98856E-05 9.98856E-05 9.98856E-05 9.98856E-05 9.98856E-05 9.98856E-05 9.98856E-05 9.98856E-05 9.98856E-05 9.98856E-05
0.998701 9.98856E-05 9.98856E-05 9.98856E-05 9.98856E-05 9.98856E-05 9.98856E-05 9.98856E-05 9.98856E-05 9.98856E-05 9.98856E-05 9.98856E-05 9.98856E-05 9.98856E-05
0.998701 9.98856E-05 9.98856E-05 9.98856E-05 9.98856E-05 9.98856E-05 9.98856E-05 9.98856E-05 9.98856E-05 9.98856E-05 9.98856E-05 9.98856E-05 9.98856E-05 9.98856E-05
0.998701 9.98857E-05 9.98857E-05 9.98857E-05 9.98857E-05 9.98857E-05 9.98857E-05 9.98857E-05 9.98857E-05 9.98857E-05 9.98857E-05 9.98857E-05 9.98857E-05 9.98857E-05
0.998701 9.98857E-05 9.98857E-05 9.98857E-05 9.98857E-05 9.98857E-05 9.98857E-05 9.98857E-05 9.98857E-05 9.98857E-05 9.98857E-05 9.98857E-05 9.98857E-05 9.98857E-05
9.98857E-05 9.98857E-05 9.98857E-05 9.98857E-05 9.98857E-05 9.98857E-05 9.98857E-05 9.98857E-05 9.98857E-05 9.98857E-05 0.998701 9.98857E-05 9.98857E-05 9.98857E-05
9.98858E-05 9.98858E-05 9.98858E-05 9.98858E-05 9.98858E-05 9.98858E-05 9.98858E-05 9.98858E-05 9.98858E-05 9.98858E-05 0.998701 9.98858E-05 9.98858E-05 9.98858E-05
9.98856E-05 9.98856E-05 9.98856E-05 9.98856E-05 9.98856E-05 9.98856E-05 9.98856E-05 9.98856E-05 9.98856E-05 9.98856E-05 0.998701 9.98856E-05 9.98856E-05 9.98856E-05
0.998701 9.98856E-05 9.98856E-05 9.98856E-05 9.98856E-05 9.98856E-05 9.98856E-05 9.98856E-05 9.98856E-05 9.98856E-05 9.98856E-05 9.98856E-05 9.98856E-05 9.98856E-05
9.98856E-05 9.98856E-05 9.98856E-05 9.98856E-05 9.98856E-05 9.98856E-05 9.98856E-05 9.98856E-05 9.98856E-05 9.98856E-05 0.998701 9.98856E-05 9.98856E-05 9.98856E-05
9.98857E-05 9.98857E-05 9.98857E-05 9.98857E-05 9.98857E-05 9.98857E-05 9.98857E-05 9.98857E-05 9.98857E-05 9.98857E-05 0.998701 9.98857E-05 9.98857E-05 9.98857E-05
9.98856E-05 9.98856E-05 9.98856E-05 9.98856E-05 9.98856E-05 9.98856E-05 9.98856E-05 9.98856E-05 9.98856E-05 9.98856E-05 0.998701 9.98856E-05 9.98856E-05 9.98856E-05
9.98856E-05 9.98856E-05 9.98856E-05 9.98856E-05 9.98856E-05 9.98856E-05 9.98856E-05 9.98856E-05 9.98856E-05 9.98856E-05 0.998701 9.98856E-05 9.98856E-05 9.98856E-05
0.998701 9.98856E-05 9.98856E-05 9.98856E-05 9.98856E-05 9.98856E-05 9.98856E-05 9.98856E-05 9.98856E-05 9.98856E-05 9.98856E-05 9.98856E-05 9.98856E-05 9.98856E-05
9.98856E-05 9.98856E-05 9.98856E-05 9.98856E-05 9.98856E-05 9.98856E-05 9.98856E-05 9.98856E-05 9.98856E-05 9.98856E-05 0.998701 9.98856E-05 9.98856E-05 9.98856E-05
9.98856E-05 9.98856E-05 9.98856E-05 9.98856E-05 9.98856E-05 9.98856E-05 9.98856E-05 9.98856E-05 9.98856E-05 9.98856E-05 0.998701 9.98856E-05 9.98856E-05 9.98856E-05
0.225016 0.138789 9.99297E-05 9.99297E-05 9.99297E-05 0.0670794 9.99297E-05 9.99297E-05 9.99297E-05 9.99297E-05 0.110838 0.3224 9.99297E-05 0.135079
0.998701 9.98856E-05 9.98856E-05 9.98856E-05 9.98856E-05 9.98856E-05 9.98856E-05 9.98856E-05 9.98856E-05 9.98856E-05 9.98856E-05 9.98856E-05 9.98856E-05 9.98856E-05
9.98857E-05 9.98857E-05 9.98857E-05 9.98857E-05 9.98857E-05 9.98857E-05 9.98857E-05 9.98857E-05 9.98857E-05 9.98857E-05 0.998701 9.98857E-05 9.98857E-05 9.98857E-05
9.98856E-05 9.98856E-05 9.98856E-05 9.98856E-05 9.98856E-05 9.98856E-05 9.98856E-05 9.98856E-05 9.98856E-05 9.98856E-05 0.998701 9.98856E-05 9.98856E-05 9.98856E-05
9.98856E-05 9.98856E-05 9.98856E-05 9.98856E-05 9.98856E-05 9.98856E-05 9.98856E-05 9.98856E-05 9.98856E-05 9.98856E-05 0.998701 9.98856E-05 9.98856E-05 9.98856E-05
9.98856E-05 9.98856E-05 9.98856E-05 9.98856E-05 9.98856E-05 9.98856E-05 9.98856E-05 9.98856E-05 9.98856E-05 9.98856E-05 0.998701 9.98856E-05 9.98856E-05 9.98856E-05
0.998701 9.98856E-05 9.98856E-05 9.98856E-05 9.98856E-05 9.98856E-05 9.98856E-05 9.98856E-05 9.98856E-05 9.98856E-05 9.98856E-05 9.98856E-05 9.98856E-05 9.98856E-05
9.98856E-05 9.98856E-05 9.98856E-05 9.98856E-05 9.98856E-05 9.98856E-05 9.98856E-05 9.98856E-05 9.98856E-05 9.98856E-05 0.998701 9.98856E-05 9.98856E-05 9.98856E-05
0.998701 9.98855E-05 9.98855E-05 9.98855E-05 9.98855E-05 9.98855E-05 9.98855E-05 9.98855E-05 9.98855E-05 9.98855E-05 9.98855E-05 9.98855E-05 9.98855E-05 9.98855E-05
9.98856E-05 9.98856E-05 9.98856E-05 9.98856E-05 9.98856E-05 9.98856E-05 9.98856E-05 9.98856E-05 9.98856E-05 9.98856E-05 0.998701 9.98856E-05 9.98856E-05 9.98856E-05
0.998701 9.98856E-05 9.98856E-05 9.98856E-05 9.98856E-05 9.98856E-05 9.98856E-05 9.98856E-05 9.98856E-05 9.98856E-05 9.98856E-05 9.98856E-05 9.98856E-05 9.98856E-05
9.98856E-05 9.98856E-05 9.98856E-05 9.98856E-05 9.98856E-05 9.98856E-05 9.98856E-05 9.98856E-05 9.98856E-05 9.98856E-05 0.998701 9.98856E-05 9.98856E-05 9.98856E-05
9.98856E-05 9.98856E-05 9.98856E-05 9.98856E-05 9.98856E-05 9.98856E-05 9.98856E-05 9.98856E-05 9.98856E-05 9.98856E-05 0.998701 9.98856E-05 9.98856E-05 9.98856E-05
9.98856E-05 9.98856E-05 9.98856E-05 9.98856E-05 9.98856E-05 9.98856E-05 9.98856E-05 9.98856E-05 9.98856E-05 9.98856E-05 0.998701 9.98856E-05 9.98856E-05 9.98856E-05
9.98856E-05 9.98856E-05 9.98856E-05 9.98856E-05 9.98856E-05 9.98856E-05 9.98856E-05 9.98856E-05 9.98856E-05 9.98856E-05 0.998701 9.98856E-05 9.98856E-05 9.98856E-05
9.98856E-05 9.98856E-05 9.98856E-05 9.98856E-05 9.98856E-05 9.98856E-05 9.98856E-05 9.98856E-05 9.98856E-05 9.98856E-05 0.998701 9.98856E-05 9.98856E-05 9.98856E-05
9.98857E-05 9.98857E-05 9.98857E-05 9.98857E-05 9.98857E-05 9.98857E-05 9.98857E-05 9.98857E-05 9.98857E-05 9.98857E-05 0.998701 9.98857E-05 9.98857E-05 9.98857E-05
0.998701 9.98856E-05 9.98856E-05 9.98856E-05 9.98856E-05 9.98856E-05 9.98856E-05 9.98856E-05 9.98856E-05 9.98856E-05 9.98856E-05 9.98856E-05 9.98856E-05 9.98856E-05
0.998701 9.98856E-05 9.98856E-05 9.98856E-05 9.98856E-05 9.98856E-05 9.98856E-05 9.98856E-05 9.98856E-05 9.98856E-05 9.98856E-05 9.98856E-05 9.98856E-05 9.98856E-05
0.998701 9.98856E-05 9.98856E-05 9.98856E-05 9.98856E-05 9.98856E-05 9.98856E-05 9.98856E-05 9.98856E-05 9.98856E-05 9.98856E-05 9.98856E-05 9.98856E-05 9.98856E-05
9.98856E-05 9.98856E-05 9.98856E-05 9.98856E-05 9.98856E-05 9.98856E-05 9.98856E-05 9.98856E-05 9.98856E-05 9.98856E-05 0.998701 9.98856E-05 9.98856E-05 9.98856E-05
0.998701 9.98856E-05 9.98856E-05 9.98856E-05 9.98856E-05 9.98856E-05 9.98856E-05 9.98856E-05 9.98856E-05 9.98856E-05 9.98856E-05 9.98856E-05 9.98856E-05 9.98856E-05
0.998701 9.98856E-05 9.98856E-05 9.98856E-05 9.98856E-05 9.98856E-05 9.98856E-05 9.98856E-05 9.98856E-05 9.98856E-05 9.98856E-05 9.98856E-05 9.98856E-05 9.98856E-05
0.998701 9.98856E-05 9.98856E-05 9.98856E-05 9.98856E-05 9.98856E-05 9.98856E-05 9.98856E-05 9.98856E-05 9.98856E-05 9.98856E-05 9.98856E-05 9.98856E-05 9.98856E-05
9.98857E-05 9.98857E-05 9.98857E-05 9.98857E-05 9.98857E-05 9.98857E-05 9.98857E-05 9.98857E-05 9.98857E-05 9.98857E-05 0.998701 9.98857E-05 9.98857E-05 9.98857E-05
9.98856E-05 9.98856E-05 9.98856E-05 9.98856E-05 9.98856E-05 9.98856E-05 9.98856E-05 9.98856E-05 9.98856E-05 9.98856E-05 0.998701 9.98856E-05 9.98856E-05 9.98856E-05
9.98856E-05 9.98856E-05 9.98856E-05 9.98856E-05 9.98856E-05 9.98856E-05 9.98856E-05 9.98856E-05 9.98856E-05 9.98856E-05 0.998701 9.98856E-05 9.98856E-05 9.98856E-05
0.998701 9.98856E-05 9.98856E-05 9.98856E-05 9.98856E-05 9.98856E-05 9.98856E-05 9.98856E-05 9.98856E-05 9.98856E-05 9.98856E-05 9.98856E-05 9.98856E-05 9.98856E-05
9.98856E-05 9.98856E-05 9.98856E-05 9.98856E-05 9.98856E-05 9.98856E-05 9.98856E-05 9.98856E-05 9.98856E-05 9.98856E-05 0.998701 9.98856E-05 9.98856E-05 9.98856E-05
9.98857E-05 9.98857E-05 9.98857E-05 9.98857E-05 9.98857E-05 9.98857E-05 9.98857E-05 9.98857E-05 9.98857E-05 9.98857E-05 0.998701 9.98857E-05 9.98857E-05 9.98857E-05
0.998701 9.98856E-05 9.98856E-05 9.98856E-05 9.98856E-05 9.98856E-05 9.98856E-05 9.98856E-05 9.98856E-05 9.98856E-05 9.98856E-05 9.98856E-05 9.98856E-05 9.98856E-05
9.98857E-05 9.98857E-05 9.98857E-05 9.98857E-05 9.98857E-05 9.98857E-05 9.98857E-05 9.98857E-05 9.98857E-05 9.98857E-05 0.998701 9.98857E-05 9.98857E-05 9.98857E-05
9.98856E-05 9.98856E-05 9.98856E-05 9.98856E-05 9.98856E-05 9.98856E-05 9.98856E-05 9.98856E-05 9.98856E-05 9.98856E-05 0.998701 9.98856E-05 9.98856E-05 9.98856E-05
0.317674 0.138848 0.0277351 9.9956E-05 0.0114914 0.0204059 9.9956E-05 0.00467085 9.9956E-05 9.9956E-05 0.191808 0.156075 0.130792 9.9956E-05
0.998701 9.98856E-05 9.98856E-05 9.98856E-05 9.98856E-05 9.98856E-05 9.98856E-05 9.98856E-05 9.98856E-05 9.98856E-05 9.98856E-05 9.98856E-05 9.98856E-05 9.98856E-05
9.98856E-05 9.98856E-05 9.98856E-05 9.98856E-05 9.98856E-05 9.98856E-05 9.98856E-05 9.98856E-05 9.98856E-05 9.98856E-05 0.998701 9.98856E-05 9.98856E-05 9.98856E-05
0.132192 0.0342306 0.00494449 9.99473E-05 9.99473E-05 9.99473E-05 0.00499186 9.99473E-05 9.99473E-05 0.0492619 0.400354 0.301206 0.072219 9.99473E-05
0.182306 9.9921E-05 9.9921E-05 9.9921E-05 9.9921E-05 0.0458353 9.9921E-05 9.9921E-05 9.9921E-05 9.9921E-05 0.357817 0.334925 9.9921E-05 0.0782171
0.362467 9.99209E-05 9.99209E-05 9.99209E-05 9.99209E-05 0.0330826 9.99209E-05 0.0375681 9.99209E-05 9.99209E-05 0.220623 0.34536 9.99209E-05 9.99209E-05
0.179719 9.99384E-05 0.0603567 9.99384E-05 9.99384E-05 0.018767 9.99384E-05 9.99384E-05 0.014075 0.0550162 9.99384E-05 0.551621 9.99384E-05 0.119746
0.293694 9.99297E-05 9.99297E-05 9.99297E-05 9.99297E-05 0.0127662 9.99297E-05 0.021376 0.0912739 9.99297E-05 0.351338 0.228753 9.99297E-05 9.99297E-05
9.99124E-05 9.99124E-05 9.99124E-05 9.99124E-05 0.183138 9.99124E-05 0.00141742 9.99124E-05 9.99124E-05 9.99124E-05 0.0930349 0.721411 9.99124E-05 9.99124E-05
0.196469 9.99385E-05 9.99385E-05 9.99385E-05 0.0362339 9.99385E-05 9.99385E-05 9.99385E-05 0.281235 9.99385E-05 0.31129 0.120255 0.0306982 0.0231193
0.172268 9.99209E-05 0.095554 9.99209E-05 9.99209E-05 9.99209E-05 9.99209E-05 9.99209E-05 9.99209E-05 9.99209E-05 0.140665 0.49181 0.0988035 9.99209E-05
0.080946 9.99035E-05 9.99035E-05 9.99035E-05 9.99035E-05 9.99035E-05 9.99035E-05 9.99035E-05 9.99035E-05 9.99035E-05 0.25004 0.667915 9.99035E-05 9.99035E-05
0.107761 9.9956E-05 0.0222269 9.9956E-05 9.9956E-05 0.00169471 0.0268845 9.9956E-05 0.110944 0.112321 0.026656 0.567225 9.9956E-05 0.0237873
0.250367 9.99122E-05 9.99122E-05 9.99122E-05 9.99122E-05 9.99122E-05 9.99122E-05 9.99122E-05 9.99122E-05 9.99122E-05 0.0856199 0.57429 0.0887238 9.99122E-05
0.0692384 9.99121E-05 9.99121E-05 9.99121E-05 9.99121E-05 9.99121E-05 9.99121E-05 9.99121E-05 0.0825124 9.99121E-05 0.515811 0.331439 9.99121E-05 9.99121E-05
0.244716 9.99385E-05 0.0849548 9.99385E-05 0.0411712 9.99385E-05 9.99385E-05 9.99385E-05 0.0165093 0.176222 0.200793 0.234934 9.99385E-05 9.99385E-05
0.114232 0.0499095 0.11514 9.99296E-05 9.99296E-05 0.0107242 9.99296E-05 9.99296E-05 9.99296E-05 9.99296E-05 0.0862517 0.622943 9.99296E-05 9.99296E-05
0.341416 9.99121E-05 9.99121E-05 9.99121E-05 9.99121E-05 9.99121E-05 9.99121E-05 9.99121E-05 9.99121E-05 9.99121E-05 0.142249 0.414516 0.10082 9.99121E-05
0.114247 9.99385E-05 9.99385E-05 9.99385E-05 9.99385E-05 9.99385E-05 0.047705 0.144721 0.144766 9.99385E-05 0.250725 0.256766 0.04037 9.99385E-05
0.125404 9.99122E-05 9.99122E-05 9.99122E-05 9.99122E-05 0.0269743 9.99122E-05 9.99122E-05 9.99122E-05 9.99122E-05 0.188561 0.658061 9.99122E-05 9.99122E-05
0.370941 9.99298E-05 9.99298E-05 9.99298E-05 9.99298E-05 9.99298E-05 9.99298E-05 9.99298E-05 0.065117 0.108069 0.0433327 0.269189 0.142552 9.99298E-05
9.99472E-05 0.057261 9.99472E-05 9.99472E-05 9.99472E-05 0.0783755 0.0265152 0.172189 0.0718044 9.99472E-05 0.0975812 0.466945 0.0287292 9.99472E-05
0.278068 0.0480324 9.99209E-05 9.99209E-05 9.99209E-05 9.99209E-05 0.0833407 9.99209E-05 9.99209E-05 9.99209E-05 0.197327 0.392332 9.99209E-05 9.99209E-05
0.140503 9.99385E-05 9.99385E-05 9.99385E-05 9.99385E-05 0.137891 0.00613519 0.0777747 9.99385E-05 9.99385E-05 0.112964 0.515939 0.00809312 9.99385E-05
9.99121E-05 9.99121E-05 9.99121E-05 9.99121E-05 9.99121E-05 9.99121E-05 0.0665255 9.99121E-05 0.12195 9.99121E-05 0.23355 0.576976 9.99121E-05 9.99121E-05
0.249411 9.99385E-05 0.0190602 9.99385E-05 9.99385E-05 0.0296198 9.99385E-05 9.99385E-05 9.99385E-05 0.118583 0.214783 0.331739 0.0361044 9.99385E-05
0.122249 9.99296E-05 0.0552067 9.99296E-05 9.99296E-05 0.0143105 0.0636286 9.99296E-05 9.99296E-05 9.99296E-05 0.165511 0.578294 9.99296E-05 9.99296E-05
