0.337208 9.99824E-05 0.153928 9.99824E-05 0.508665
0.195489 0.0146308 0.0271781 9.99912E-05 0.762602
9.99824E-05 0.0905757 9.99824E-05 0.00670934 0.902515
0.0143875 0.342735 0.130462 0.240913 0.271502
9.99824E-05 0.104628 9.99824E-05 0.0126208 0.882551
0.0168026 0.209256 9.99912E-05 0.474423 0.299418
0.265035 0.275281 0.151937 9.99912E-05 0.307647
0.00674574 0.271297 0.166481 0.269667 0.285808
0.442412 0.0924095 9.99912E-05 0.281714 0.183364
0.173082 9.99736E-05 9.99736E-05 9.99736E-05 0.826619
0.318633 0.127015 0.0758047 9.99912E-05 0.478447
9.99824E-05 0.0956008 0.0166801 9.99824E-05 0.887519
0.059495 9.99824E-05 9.99824E-05 0.0689454 0.87136
0.026187 9.99912E-05 0.0593909 0.213987 0.700335
0.325838 0.0613715 9.99912E-05 0.333731 0.27896
0.211944 0.258987 0.0340737 0.226766 0.268229
0.22805 0.035689 0.0685345 0.00835113 0.659376
0.328643 0.20891 0.188011 0.00914795 0.265288
0.421013 0.148794 0.115584 0.0325709 0.282038
9.99737E-05 0.0128482 9.99737E-05 9.99737E-05 0.986852
0.0156962 0.331516 0.0912467 0.105214 0.456327
0.113362 0.186212 0.0970429 0.286284 0.317098
0.211143 9.99825E-05 0.198803 9.99825E-05 0.589854
0.403224 0.156271 0.0184909 9.99912E-05 0.421914
0.187365 0.311523 9.99912E-05 0.201404 0.299608
0.226549 0.083022 0.017882 0.0666299 0.605917
0.348038 0.27028 0.0993124 0.174712 0.107657
0.346149 0.0189484 9.99824E-05 9.99824E-05 0.634703
0.296077 0.011255 0.0879548 9.99912E-05 0.604613
0.0794267 9.99912E-05 0.0205291 0.105379 0.794566
0.133897 9.99824E-05 0.204618 9.99824E-05 0.661286
0.192998 0.076961 9.99912E-05 0.21526 0.514681
0.168408 0.0598449 0.127669 0.0611416 0.582936
0.226893 0.190833 0.0413027 0.0761894 0.464782
0.129671 9.99824E-05 0.0399058 9.99824E-05 0.830223
0.163116 0.1203 0.0802069 9.99912E-05 0.636277
0.0394801 0.0820187 0.00710883 9.99912E-05 0.871292
0.10463 0.040925 9.99912E-05 0.22517 0.629174
0.169276 0.149541 9.99912E-05 0.173276 0.507807
0.118722 0.149561 9.99912E-05 0.138592 0.593025
0.0409144 0.166468 9.99824E-05 9.99824E-05 0.792417
0.33371 0.00383922 0.00595362 9.99912E-05 0.656397
9.99824E-05 9.99824E-05 0.00823598 0.0662631 0.925301
0.459948 9.99912E-05 0.116128 0.0165156 0.407309
0.34388 0.310511 0.0892842 9.99912E-05 0.256224
0.0394271 0.144212 9.99824E-05 9.99824E-05 0.816161
0.111797 9.99824E-05 0.0840297 9.99824E-05 0.803973
9.99737E-05 9.99737E-05 0.0238474 9.99737E-05 0.975853
0.177515 0.0208252 0.0849679 9.99912E-05 0.716592
0.0277994 0.0895322 0.108382 0.0166132 0.757673
0.393113 0.135142 0.079715 0.158182 0.233849
9.99824E-05 0.294153 9.99824E-05 0.0452062 0.660441
0.0733309 9.99824E-05 0.0035041 9.99824E-05 0.922965
0.000512813 0.20614 0.0561062 0.122596 0.614645
0.107165 0.0834646 0.0349553 9.99912E-05 0.774316
9.99912E-05 0.230404 0.00339852 0.0575354 0.708562
0.165989 0.0205673 0.135172 9.99912E-05 0.678172
0.0722441 9.99824E-05 0.125281 9.99824E-05 0.802275
0.0932451 9.99824E-05 0.0671692 9.99824E-05 0.839386
0.716891 9.99912E-05 0.169587 0.044534 0.0688878
0.437941 0.197565 0.0261135 9.99912E-05 0.338281
0.382467 9.99825E-05 0.289457 9.99825E-05 0.327876
0.552044 9.99825E-05 0.119006 0.32875 9.99825E-05
0.431857 0.198638 0.16172 0.144317 0.0634682
0.807956 9.99737E-05 0.191744 9.99737E-05 9.99737E-05
0.84532 9.99737E-05 0.15438 9.99737E-05 9.99737E-05
0.644196 9.99824E-05 0.206959 0.148645 9.99824E-05
0.605071 9.99912E-05 0.175967 0.0208004 0.198062
0.491261 9.99825E-05 0.219734 9.99825E-05 0.288805
0.675418 9.99824E-05 0.247774 0.0766085 9.99824E-05
0.591833 0.19115 0.216817 9.99824E-05 9.99824E-05
0.287184 0.150324 0.27434 0.288052 9.99912E-05
0.846277 0.125242 0.0058211 9.99912E-05 0.0225599
0.488219 9.99912E-05 0.125652 0.116351 0.269678
0.54042 9.99912E-05 0.129562 0.123788 0.206129
0.594278 0.147028 0.188987 0.0696074 9.99912E-05
0.458787 0.00027625 0.395095 0.0477927 0.0980489
0.539986 9.99824E-05 0.290312 9.99824E-05 0.169502
0.735523 0.125355 0.138922 9.99824E-05 9.99824E-05
0.441392 0.0285646 0.0833979 0.0813506 0.365295
0.714569 0.104227 0.107984 9.99912E-05 0.0731196
0.557902 9.99912E-05 0.111399 0.151594 0.179005
0.360559 0.0625216 0.313284 0.171462 0.0921731
0.425891 9.99912E-05 0.268266 0.0874706 0.218272
0.520755 9.99912E-05 0.0545109 0.0868302 0.337804
0.426378 9.99912E-05 0.155324 0.0174673 0.400731
0.691815 9.99825E-05 0.0800367 9.99825E-05 0.227949
0.440796 0.0350248 0.228782 9.99912E-05 0.295297
0.503931 9.99825E-05 9.99825E-05 0.240374 0.255495
0.104322 9.99736E-05 9.99736E-05 0.895378 9.99736E-05
9.99737E-05 9.99737E-05 9.99737E-05 0.868989 0.130711
0.231394 9.99824E-05 0.102189 0.666216 9.99824E-05
0.051025 9.99824E-05 0.142951 0.805824 9.99824E-05
9.99824E-05 0.152897 0.0436987 0.803204 9.99824E-05
0.218264 9.99736E-05 9.99736E-05 0.781436 9.99736E-05
0.0489028 9.99824E-05 0.168945 0.781952 9.99824E-05
9.99737E-05 9.99737E-05 0.0469842 0.952716 9.99737E-05
0.20468 9.99736E-05 9.99736E-05 0.79502 9.99736E-05
0.324433 9.99736E-05 9.99736E-05 0.675267 9.99736E-05
0.319004 9.99825E-05 9.99825E-05 0.664195 0.016601
0.260189 9.99912E-05 0.0294076 0.696341 0.0139625
9.99737E-05 9.99737E-05 0.099333 0.900367 9.99737E-05
0.345879 9.99825E-05 0.0134159 0.640505 9.99825E-05
9.99825E-05 0.190753 0.112468 0.696579 9.99825E-05
0.241942 0.142996 0.000671565 0.614291 9.99912E-05
0.311626 9.99824E-05 0.0521734 0.636001 9.99824E-05
9.99912E-05 0.077891 0.0382262 0.826847 0.0569354
9.99825E-05 0.0476868 0.0175069 0.934606 9.99825E-05
0.0657971 0.114929 0.0263758 0.792798 9.99912E-05
0.170953 0.130639 9.99824E-05 0.698208 9.99824E-05
9.99736E-05 9.99736E-05 0.0959305 0.90377 9.99736E-05
0.31446 0.0625058 9.99824E-05 0.622834 9.99824E-05
9.997E-05 9.997E-05 9.997E-05 0.9996 9.997E-05
0.284689 0.119953 9.99824E-05 0.595158 9.99824E-05
0.378715 9.99737E-05 9.99737E-05 0.620985 9.99737E-05
0.0583981 0.123488 9.99912E-05 0.614714 0.203299
9.99736E-05 0.129777 9.99736E-05 0.869923 9.99736E-05
0.242744 9.99736E-05 9.99736E-05 0.756956 9.99736E-05
0.140274 9.99824E-05 0.101351 0.758175 9.99824E-05
0.333378 0.0106381 9.99824E-05 0.655784 9.99824E-05
9.99824E-05 0.0773222 0.0826222 0.839856 9.99824E-05
9.99736E-05 0.266933 9.99736E-05 0.732767 9.99736E-05
0.182194 0.0608168 9.99824E-05 0.756789 9.99824E-05
0.108689 9.99736E-05 9.99736E-05 0.891011 9.99736E-05
9.99824E-05 0.0591473 0.0400804 0.900572 9.99824E-05
0.214522 9.99824E-05 0.101986 0.683292 9.99824E-05
9.99737E-05 9.99737E-05 9.99737E-05 0.988943 0.0107572
9.99737E-05 9.99737E-05 0.0610712 0.938629 9.99737E-05
9.99825E-05 0.0234424 0.0142599 0.962098 9.99825E-05
9.99738E-05 9.99738E-05 0.0852961 0.914404 9.99738E-05
0.408784 9.99736E-05 9.99736E-05 0.590916 9.99736E-05
0.00882648 0.0688366 9.99824E-05 0.922137 9.99824E-05
9.99737E-05 9.99737E-05 9.99737E-05 0.875069 0.124631
0.0800462 9.99825E-05 9.99825E-05 0.795244 0.12451
0.158272 0.230505 0.0968288 0.514295 9.99912E-05
0.213484 9.99825E-05 0.0961103 0.690206 9.99825E-05
0.20109 9.99825E-05 0.0741254 0.724585 9.99825E-05
0.293163 9.99824E-05 0.0523917 0.654245 9.99824E-05
0.0944951 9.99825E-05 9.99825E-05 0.840074 0.0652306
0.159698 0.327372 9.99824E-05 0.51273 9.99824E-05
0.0143729 9.99825E-05 9.99825E-05 0.938124 0.047303
0.137025 9.99825E-05 0.0524078 0.810368 9.99825E-05
0.00293143 0.139302 9.99824E-05 0.857566 9.99824E-05
0.0610387 0.0289787 0.155497 0.754386 9.99912E-05
0.44422 9.99736E-05 9.99736E-05 0.55548 9.99736E-05
9.997E-05 9.997E-05 9.997E-05 0.9996 9.997E-05
0.00497038 0.150698 9.99824E-05 0.844131 9.99824E-05
0.0575674 0.178701 9.99824E-05 0.763532 9.99824E-05
9.997E-05 9.997E-05 9.997E-05 0.9996 9.997E-05
0.9996 9.997E-05 9.997E-05 9.997E-05 9.997E-05
9.997E-05 9.997E-05 9.997E-05 0.9996 9.997E-05
0.9996 9.997E-05 9.997E-05 9.997E-05 9.997E-05
9.997E-05 9.997E-05 9.997E-05 0.9996 9.997E-05
9.997E-05 9.997E-05 9.997E-05 0.9996 9.997E-05
9.997E-05 9.997E-05 9.997E-05 0.9996 9.997E-05
0.9996 9.997E-05 9.997E-05 9.997E-05 9.997E-05
9.997E-05 9.997E-05 9.997E-05 0.9996 9.997E-05
9.997E-05 9.997E-05 9.997E-05 0.9996 9.997E-05
0.9996 9.997E-05 9.997E-05 9.997E-05 9.997E-05
0.9996 9.997E-05 9.997E-05 9.997E-05 9.997E-05
0.9996 9.997E-05 9.997E-05 9.997E-05 9.997E-05
9.997E-05 9.997E-05 9.997E-05 0.9996 9.997E-05
9.997E-05 9.997E-05 9.997E-05 0.9996 9.997E-05
0.9996 9.997E-05 9.997E-05 9.997E-05 9.997E-05
0.9996 9.997E-05 9.997E-05 9.997E-05 9.997E-05
0.172087 0.314217 9.99824E-05 0.513496 9.99824E-05
0.976724 0.0229762 9.99736E-05 9.99736E-05 9.99736E-05
9.997E-05 9.997E-05 9.997E-05 0.9996 9.997E-05
0.9996 9.997E-05 9.997E-05 9.997E-05 9.997E-05
0.9996 9.997E-05 9.997E-05 9.997E-05 9.997E-05
0.9996 9.997E-05 9.997E-05 9.997E-05 9.997E-05
9.997E-05 9.997E-05 9.997E-05 0.9996 9.997E-05
0.9996 9.997E-05 9.997E-05 9.997E-05 9.997E-05
9.997E-05 9.997E-05 9.997E-05 0.9996 9.997E-05
0.9996 9.997E-05 9.997E-05 9.997E-05 9.997E-05
0.9996 9.997E-05 9.997E-05 9.997E-05 9.997E-05
9.997E-05 9.997E-05 9.997E-05 0.9996 9.997E-05
9.997E-05 9.997E-05 9.997E-05 0.9996 9.997E-05
9.997E-05 9.997E-05 9.997E-05 0.9996 9.997E-05
0.9996 9.997E-05 9.997E-05 9.997E-05 9.997E-05
0.9996 9.997E-05 9.997E-05 9.997E-05 9.997E-05
0.9996 9.997E-05 9.997E-05 9.997E-05 9.997E-05
0.9996 9.997E-05 9.997E-05 9.997E-05 9.997E-05
0.9996 9.997E-05 9.997E-05 9.997E-05 9.997E-05
9.997E-05 9.997E-05 9.997E-05 0.9996 9.997E-05
9.997E-05 9.997E-05 9.997E-05 0.9996 9.997E-05
9.997E-05 9.997E-05 9.997E-05 0.9996 9.997E-05
0.9996 9.997E-05 9.997E-05 9.997E-05 9.997E-05
9.997E-05 9.997E-05 9.997E-05 0.9996 9.997E-05
9.997E-05 9.997E-05 9.997E-05 0.9996 9.997E-05
9.997E-05 9.997E-05 9.997E-05 0.9996 9.997E-05
9.997E-05 9.997E-05 9.997E-05 0.9996 9.997E-05
0.9996 9.997E-05 9.997E-05 9.997E-05 9.997E-05
9.997E-05 9.997E-05 9.997E-05 0.9996 9.997E-05
9.997E-05 9.997E-05 9.997E-05 0.9996 9.997E-05
0.164892 0.312699 9.99824E-05 0.522209 9.99824E-05
0.9996 9.997E-05 9.997E-05 9.997E-05 9.997E-05
9.997E-05 9.997E-05 9.997E-05 0.9996 9.997E-05
9.997E-05 9.997E-05 9.997E-05 0.9996 9.997E-05
9.997E-05 9.997E-05 9.997E-05 0.9996 9.997E-05
9.997E-05 9.997E-05 9.997E-05 0.9996 9.997E-05
0.9996 9.997E-05 9.997E-05 9.997E-05 9.997E-05
9.997E-05 9.997E-05 9.997E-05 0.9996 9.997E-05
0.9996 9.997E-05 9.997E-05 9.997E-05 9.997E-05
9.997E-05 9.997E-05 9.997E-05 0.9996 9.997E-05
0.9996 9.997E-05 9.997E-05 9.997E-05 9.997E-05
9.997E-05 9.997E-05 9.997E-05 0.9996 9.997E-05
9.997E-05 9.997E-05 9.997E-05 0.9996 9.997E-05
9.997E-05 9.997E-05 9.997E-05 0.9996 9.997E-05
9.997E-05 9.997E-05 9.997E-05 0.9996 9.997E-05
9.997E-05 9.997E-05 9.997E-05 0.9996 9.997E-05
9.997E-05 9.997E-05 9.997E-05 0.9996 9.997E-05
0.9996 9.997E-05 9.997E-05 9.997E-05 9.997E-05
0.9996 9.997E-05 9.997E-05 9.997E-05 9.997E-05
0.9996 9.997E-05 9.997E-05 9.997E-05 9.997E-05
9.997E-05 9.997E-05 9.997E-05 0.9996 9.997E-05
0.9996 9.997E-05 9.997E-05 9.997E-05 9.997E-05
0.9996 9.997E-05 9.997E-05 9.997E-05 9.997E-05
0.9996 9.997E-05 9.997E-05 9.997E-05 9.997E-05
9.997E-05 9.997E-05 9.997E-05 0.9996 9.997E-05
9.997E-05 9.997E-05 9.997E-05 0.9996 9.997E-05
9.997E-05 9.997E-05 9.997E-05 0.9996 9.997E-05
0.9996 9.997E-05 9.997E-05 9.997E-05 9.997E-05
9.997E-05 9.997E-05 9.997E-05 0.9996 9.997E-05
9.997E-05 9.997E-05 9.997E-05 0.9996 9.997E-05
0.9996 9.997E-05 9.997E-05 9.997E-05 9.997E-05
9.997E-05 9.997E-05 9.997E-05 0.9996 9.997E-05
9.997E-05 9.997E-05 9.997E-05 0.9996 9.997E-05
0.292796 0.0623249 0.282641 0.362138 9.99912E-05
0.9996 9.997E-05 9.997E-05 9.997E-05 9.997E-05
9.997E-05 9.997E-05 9.997E-05 0.9996 9.997E-05
9.99737E-05 9.99737E-05 0.229367 0.770334 9.99737E-05
0.0441591 0.188855 9.99824E-05 0.766786 9.99824E-05
0.342204 9.99736E-05 9.99736E-05 0.657496 9.99736E-05
0.00551152 0.249629 9.99824E-05 0.744659 9.99824E-05
0.371556 9.99736E-05 9.99736E-05 0.628145 9.99736E-05
9.99737E-05 9.99737E-05 9.99737E-05 0.896528 0.103172
0.296785 0.0726188 9.99824E-05 0.630396 9.99824E-05
0.0299831 0.0612602 0.152574 0.756083 9.99912E-05
9.997E-05 9.997E-05 9.997E-05 0.9996 9.997E-05
0.119055 0.265981 9.99824E-05 0.614764 9.99824E-05
0.253389 9.99824E-05 0.0586585 0.687753 9.99824E-05
0.0218809 9.99736E-05 9.99736E-05 0.977819 9.99736E-05
0.387819 0.155099 9.99824E-05 0.456882 9.99824E-05
9.99824E-05 0.147 0.0561171 0.796683 9.99824E-05
0.368798 9.99736E-05 9.99736E-05 0.630903 9.99736E-05
0.331739 0.0550666 9.99824E-05 0.612994 9.99824E-05
0.184691 0.0252629 9.99824E-05 0.789847 9.99824E-05
0.454495 0.0058747 0.168337 0.371193 9.99912E-05
0.0896864 0.125945 0.0419443 0.742324 9.99912E-05
0.209025 0.0837081 9.99824E-05 0.707067 9.99824E-05
0.152184 0.160202 9.99824E-05 0.687414 9.99824E-05
9.99736E-05 0.120379 9.99736E-05 0.879321 9.99736E-05
9.99824E-05 0.17487 0.0711153 0.753815 9.99824E-05
0.0480024 9.99824E-05 0.0568304 0.894967 9.99824E-05
9.99824E-05 0.130837 0.0924016 0.776561 9.99824E-05
9.997E-05 9.997E-05 9.997E-05 0.9996 9.997E-05
0.192066 0.118607 9.99824E-05 0.689127 9.99824E-05
0.292881 0.137829 9.99824E-05 0.56909 9.99824E-05
0.00335063 0.387778 9.99824E-05 0.608671 9.99824E-05
9.99824E-05 0.0685907 0.119039 0.81217 9.99824E-05
0.114172 0.0850557 9.99824E-05 0.800572 9.99824E-05
0.0960558 9.99824E-05 0.0327809 0.870963 9.99824E-05
0.270965 9.99736E-05 9.99736E-05 0.728735 9.99736E-05
0.168106 0.0707386 0.0887454 0.67231 9.99912E-05
0.193787 0.00601265 0.212537 0.587564 9.99912E-05
0.261783 0.189609 9.99824E-05 0.548407 9.99824E-05
9.99737E-05 9.99737E-05 9.99737E-05 0.938148 0.0615523
0.397126 0.109091 0.122401 0.371282 9.99912E-05
0.0437873 0.124849 0.0826262 0.748638 9.99912E-05
0.119055 0.162983 9.99824E-05 0.717762 9.99824E-05
0.196558 0.0541538 9.99824E-05 0.749088 9.99824E-05
0.148925 0.180107 9.99825E-05 0.670768 9.99825E-05
0.119254 0.133891 9.99824E-05 0.746656 9.99824E-05
9.99736E-05 9.99736E-05 0.0156007 0.984099 9.99736E-05
0.384944 9.99736E-05 9.99736E-05 0.614756 9.99736E-05
0.0480024 9.99824E-05 0.0568304 0.894967 9.99824E-05
9.997E-05 9.997E-05 9.997E-05 0.9996 9.997E-05
9.99797E-05 0.0911302 9.99797E-05 0.90857 9.99797E-05
9.99737E-05 9.99737E-05 0.0258263 0.973874 9.99737E-05
0.317575 0.0931269 0.0635694 0.525629 9.99912E-05
0.169176 9.99825E-05 9.99825E-05 0.830348 0.000275861
0.466005 9.99824E-05 0.0446777 0.489117 9.99824E-05
0.60137 0.0241016 0.0562265 0.318202 9.99912E-05
0.249419 9.99736E-05 9.99736E-05 0.750281 9.99736E-05
9.99736E-05 0.320945 9.99736E-05 0.678755 9.99736E-05
9.997E-05 9.997E-05 9.997E-05 0.9996 9.997E-05
0.335478 9.99737E-05 9.99737E-05 0.664222 9.99737E-05
9.997E-05 9.997E-05 9.997E-05 0.9996 9.997E-05
0.0647379 0.0487311 9.99825E-05 0.886331 9.99825E-05
0.364288 9.99824E-05 0.064139 0.571373 9.99824E-05
9.997E-05 9.997E-05 9.997E-05 0.9996 9.997E-05
9.99737E-05 9.99737E-05 9.99737E-05 0.886453 0.113248
0.077474 9.99825E-05 9.99825E-05 0.705601 0.216725
0.152267 9.99824E-05 0.0557206 0.791812 9.99824E-05
9.99824E-05 0.121179 0.0236868 0.854935 9.99824E-05
9.99737E-05 0.0353897 9.99737E-05 0.96431 9.99737E-05
9.99737E-05 9.99737E-05 9.99737E-05 0.991038 0.00866237
0.316066 9.99737E-05 9.99737E-05 0.683634 9.99737E-05
0.32008 0.0129836 0.0369567 0.629879 9.99912E-05
0.357506 9.99737E-05 9.99737E-05 0.642194 9.99737E-05
0.500119 9.99737E-05 9.99737E-05 0.499581 9.99737E-05
0.231025 9.99825E-05 9.99825E-05 0.572948 0.195827
0.196822 9.99736E-05 9.99736E-05 0.802878 9.99736E-05
0.307929 0.0845743 0.207684 0.399712 9.99912E-05
0.249826 9.99825E-05 9.99825E-05 0.742396 0.00757819
0.259557 9.99737E-05 9.99737E-05 0.740143 9.99737E-05
0.0949817 9.99825E-05 9.99825E-05 0.696619 0.208199
0.183936 0.200314 9.99824E-05 0.61555 9.99824E-05
0.361499 9.99738E-05 9.99738E-05 0.638201 9.99738E-05
0.00829904 9.99824E-05 0.0342787 0.957222 9.99824E-05
9.99736E-05 0.124004 9.99736E-05 0.875696 9.99736E-05
0.0341768 0.127224 0.106278 0.732221 9.99912E-05
0.0371784 9.99825E-05 9.99825E-05 0.82977 0.132852
0.0446147 0.0462782 9.99825E-05 0.908907 9.99825E-05
0.0588103 0.170295 9.99824E-05 0.770694 9.99824E-05
0.234358 9.99737E-05 9.99737E-05 0.765342 9.99737E-05
0.166531 0.0100633 0.14077 0.682536 9.99912E-05
0.101966 9.99824E-05 0.00371486 0.894119 9.99824E-05
0.31257 0.0552273 9.99824E-05 0.632002 9.99824E-05
0.225583 0.0579119 9.99824E-05 0.716305 9.99824E-05
0.323209 0.206059 0.0125572 0.458075 9.99912E-05
0.562527 9.99824E-05 0.0593098 0.377963 9.99824E-05
0.252906 9.99737E-05 9.99737E-05 0.746794 9.99737E-05
0.257367 0.0749013 0.172273 0.495358 9.99912E-05
0.00825472 9.99737E-05 9.99737E-05 0.991445 9.99737E-05
0.198441 9.99825E-05 9.99825E-05 0.71473 0.0866291
9.99736E-05 0.196383 9.99736E-05 0.803317 9.99736E-05
0.419614 9.99824E-05 0.0748262 0.505359 9.99824E-05
0.415173 9.99825E-05 0.113516 0.471111 9.99825E-05
0.619178 9.99736E-05 9.99736E-05 0.380522 9.99736E-05
9.99824E-05 0.240206 0.154612 0.604982 9.99824E-05
0.505739 9.99824E-05 0.0308929 0.463168 9.99824E-05
0.298177 0.168913 0.122237 0.410572 9.99912E-05
0.0366844 9.99825E-05 9.99825E-05 0.852688 0.110427
0.103165 9.99825E-05 9.99825E-05 0.761795 0.13484
0.330807 9.99737E-05 9.99737E-05 0.668893 9.99737E-05
0.532786 9.99824E-05 0.207134 0.25988 9.99824E-05
9.997E-05 9.997E-05 9.997E-05 0.9996 9.997E-05
0.140594 9.99825E-05 9.99825E-05 0.762216 0.0969907
9.99737E-05 9.99737E-05 0.16159 0.83811 9.99737E-05
0.0547142 9.99825E-05 0.0350725 0.910013 9.99825E-05
0.274291 0.01137 9.99912E-05 0.702243 0.0119956
0.298138 9.99736E-05 9.99736E-05 0.701562 9.99736E-05
0.153156 0.160581 9.99824E-05 0.686063 9.99824E-05
0.559188 0.157977 0.0570263 0.225709 9.99912E-05
0.0232014 9.99737E-05 9.99737E-05 0.976499 9.99737E-05
0.16799 0.0694502 9.99824E-05 0.76236 9.99824E-05
0.463819 0.0220697 0.0985108 0.415501 9.99912E-05
9.99825E-05 0.091913 0.0296113 0.878276 9.99825E-05
0.566167 0.269551 0.0657521 0.0984305 9.99912E-05
0.251681 9.99824E-05 0.162391 0.585729 9.99824E-05
0.0282891 9.99824E-05 0.133007 0.838504 9.99824E-05
0.519457 9.99736E-05 9.99736E-05 0.480243 9.99736E-05
0.144848 0.238847 9.99825E-05 0.616105 9.99825E-05
0.187632 9.99825E-05 9.99825E-05 0.752134 0.0600343
0.121934 9.99824E-05 0.152629 0.725238 9.99824E-05
0.237396 9.99825E-05 0.0376298 0.724774 9.99825E-05
0.0967506 9.99825E-05 9.99825E-05 0.815968 0.0870817
0.176232 0.105234 0.197154 0.521281 9.99912E-05
0.332515 0.154727 9.99824E-05 0.512559 9.99824E-05
0.680257 0.0928489 9.99824E-05 0.226694 9.99824E-05
0.829089 0.133976 0.0367359 9.99824E-05 9.99824E-05
0.613464 0.280392 9.99824E-05 0.105944 9.99824E-05
0.658745 9.99825E-05 0.163845 0.17721 9.99825E-05
0.505327 0.134881 0.160618 0.199073 9.99912E-05
0.700182 0.0165404 9.99912E-05 0.0672306 0.215947
0.77427 9.99824E-05 0.0828727 0.142657 9.99824E-05
0.689774 0.177086 0.00975259 0.123287 9.99912E-05
0.583798 0.0200051 0.118878 0.0399624 0.237357
0.841947 0.0571794 9.99824E-05 0.100674 9.99824E-05
0.630154 0.0754502 0.173736 0.12056 9.99912E-05
0.857061 0.0250037 0.0880761 9.99912E-05 0.0297595
0.647453 0.164634 9.99824E-05 0.187713 9.99824E-05
0.766753 9.99825E-05 9.99825E-05 0.0286177 0.204429
0.701373 0.0262546 0.164034 0.0926236 0.0157152
0.591434 0.164983 0.0663759 0.177106 9.99912E-05
0.803455 0.000504638 0.0813806 0.114559 9.99912E-05
0.805299 0.194401 9.99737E-05 9.99737E-05 9.99737E-05
0.735479 0.094555 0.169766 9.99825E-05 9.99825E-05
0.770534 0.184332 9.99825E-05 0.0449339 9.99825E-05
0.78485 9.99912E-05 0.129938 0.0765749 0.00853676
0.665631 0.0967807 9.99912E-05 0.148879 0.0886087
0.72396 0.132206 0.098054 9.99912E-05 0.0456797
0.793598 9.99824E-05 0.0234539 0.182748 9.99824E-05
0.950011 9.99736E-05 9.99736E-05 0.0496888 9.99736E-05
0.792837 9.99736E-05 9.99736E-05 0.206863 9.99736E-05
0.9996 9.997E-05 9.997E-05 9.997E-05 9.997E-05
0.9996 9.997E-05 9.997E-05 9.997E-05 9.997E-05
0.885594 9.99737E-05 9.99737E-05 0.114106 9.99737E-05
0.760327 9.99824E-05 0.00744388 0.232029 9.99824E-05
0.728177 9.99737E-05 9.99737E-05 0.271524 9.99737E-05
0.813709 0.00944419 9.99824E-05 0.176647 9.99824E-05
0.848686 9.99736E-05 9.99736E-05 0.151014 9.99736E-05
0.9996 9.997E-05 9.997E-05 9.997E-05 9.997E-05
0.960631 9.99737E-05 9.99737E-05 0.0390694 9.99737E-05
0.815199 9.99824E-05 0.00718203 0.177419 9.99824E-05
0.643007 9.99737E-05 9.99737E-05 0.356693 9.99737E-05
0.976939 9.99737E-05 9.99737E-05 0.0227613 9.99737E-05
0.776367 9.99737E-05 9.99737E-05 0.223333 9.99737E-05
0.802455 9.99824E-05 0.0155006 0.181844 9.99824E-05
0.870189 9.99737E-05 9.99737E-05 0.129511 9.99737E-05
0.936216 9.99737E-05 9.99737E-05 0.0634844 9.99737E-05
0.9996 9.997E-05 9.997E-05 9.997E-05 9.997E-05
0.705939 9.99736E-05 9.99736E-05 0.293761 9.99736E-05
0.9996 9.997E-05 9.997E-05 9.997E-05 9.997E-05
0.774015 9.99736E-05 9.99736E-05 0.225686 9.99736E-05
0.221258 0.0571233 9.99825E-05 0.721419 9.99825E-05
0.941277 9.99825E-05 0.0152025 0.0433203 9.99825E-05
0.901344 9.99737E-05 9.99737E-05 0.0983557 9.99737E-05
0.933992 0.00417406 0.061634 9.99824E-05 9.99824E-05
0.9996 9.997E-05 9.997E-05 9.997E-05 9.997E-05
0.741588 9.99736E-05 9.99736E-05 0.258112 9.99736E-05
0.889189 9.99737E-05 9.99737E-05 0.110511 9.99737E-05
0.934656 9.99825E-05 0.0426128 0.0225313 9.99825E-05
0.9996 9.997E-05 9.997E-05 9.997E-05 9.997E-05
0.86597 9.99737E-05 9.99737E-05 0.13373 9.99737E-05
0.9996 9.997E-05 9.997E-05 9.997E-05 9.997E-05
0.941083 9.99737E-05 9.99737E-05 0.0586175 9.99737E-05
0.955606 9.99736E-05 9.99736E-05 0.0440939 9.99736E-05
0.771922 9.99736E-05 9.99736E-05 0.227778 9.99736E-05
0.971688 9.99737E-05 0.0280119 9.99737E-05 9.99737E-05
0.9996 9.997E-05 9.997E-05 9.997E-05 9.997E-05
0.889686 9.99737E-05 9.99737E-05 0.110014 9.99737E-05
0.9996 9.997E-05 9.997E-05 9.997E-05 9.997E-05
0.922768 9.99737E-05 9.99737E-05 0.0769316 9.99737E-05
0.714661 9.99736E-05 9.99736E-05 0.285039 9.99736E-05
0.919775 9.99824E-05 0.00591959 0.0741057 9.99824E-05
0.397924 0.381208 0.192707 9.99912E-05 0.0280609
0.298968 0.519457 9.99912E-05 0.169115 0.0123605
0.201888 0.29452 0.345386 0.158107 9.99912E-05
0.354806 0.368711 0.166083 0.0618778 0.0485227
0.508849 0.214592 0.190607 0.085851 9.99912E-05
0.535191 0.189391 0.27417 9.99912E-05 0.00114805
0.464949 0.317336 0.163962 0.0266129 0.0271394
0.557928 0.369208 0.0726639 9.99825E-05 9.99825E-05
0.157627 0.209627 0.186539 0.446106 9.99912E-05
0.424677 0.052644 0.495041 9.99912E-05 0.0275385
0.54528 0.363869 0.0804637 0.0102872 9.99912E-05
0.335584 0.326531 0.221745 0.116039 9.99912E-05
0.402761 0.314011 0.20183 0.0611775 0.0202207
0.474593 0.255 0.231282 9.99912E-05 0.0390255
0.390257 0.442472 0.161187 9.99912E-05 0.00598465
0.577447 0.2908 0.131553 9.99824E-05 9.99824E-05
0.562438 0.163193 0.252133 0.0221366 9.99912E-05
0.332154 0.420192 0.0974023 0.150152 9.99912E-05
0.409835 0.119372 0.329958 0.140735 9.99912E-05
0.48881 0.171206 0.305761 0.000573716 0.0336492
9.997E-05 9.997E-05 0.9996 9.997E-05 9.997E-05
9.997E-05 9.997E-05 0.9996 9.997E-05 9.997E-05
9.997E-05 9.997E-05 0.9996 9.997E-05 9.997E-05
9.997E-05 9.997E-05 0.9996 9.997E-05 9.997E-05
9.997E-05 9.997E-05 0.9996 9.997E-05 9.997E-05
9.997E-05 9.997E-05 0.9996 9.997E-05 9.997E-05
9.997E-05 9.997E-05 0.9996 9.997E-05 9.997E-05
9.997E-05 9.997E-05 0.9996 9.997E-05 9.997E-05
9.997E-05 9.997E-05 0.9996 9.997E-05 9.997E-05
9.997E-05 9.997E-05 0.9996 9.997E-05 9.997E-05
9.997E-05 9.997E-05 0.9996 9.997E-05 9.997E-05
9.997E-05 9.997E-05 0.9996 9.997E-05 9.997E-05
9.997E-05 9.997E-05 0.9996 9.997E-05 9.997E-05
9.997E-05 9.997E-05 0.9996 9.997E-05 9.997E-05
9.997E-05 9.997E-05 0.9996 9.997E-05 9.997E-05
9.997E-05 9.997E-05 0.9996 9.997E-05 9.997E-05
9.997E-05 9.997E-05 0.9996 9.997E-05 9.997E-05
9.997E-05 9.997E-05 0.9996 9.997E-05 9.997E-05
9.997E-05 9.997E-05 0.9996 9.997E-05 9.997E-05
9.997E-05 9.997E-05 0.9996 9.997E-05 9.997E-05
9.997E-05 9.997E-05 0.9996 9.997E-05 9.997E-05
9.997E-05 9.997E-05 0.9996 9.997E-05 9.997E-05
9.997E-05 9.997E-05 0.9996 9.997E-05 9.997E-05
9.997E-05 9.997E-05 0.9996 9.997E-05 9.997E-05
9.997E-05 9.997E-05 0.9996 9.997E-05 9.997E-05
9.997E-05 9.997E-05 0.9996 9.997E-05 9.997E-05
9.997E-05 9.997E-05 0.9996 9.997E-05 9.997E-05
9.997E-05 9.997E-05 0.9996 9.997E-05 9.997E-05
9.997E-05 9.997E-05 0.9996 9.997E-05 9.997E-05
9.997E-05 9.997E-05 0.9996 9.997E-05 9.997E-05
9.997E-05 9.997E-05 0.9996 9.997E-05 9.997E-05
9.997E-05 9.997E-05 0.9996 9.997E-05 9.997E-05
9.997E-05 9.997E-05 0.9996 9.997E-05 9.997E-05
9.997E-05 9.997E-05 0.9996 9.997E-05 9.997E-05
9.997E-05 9.997E-05 0.9996 9.997E-05 9.997E-05
9.997E-05 9.997E-05 0.9996 9.997E-05 9.997E-05
9.997E-05 9.997E-05 0.9996 9.997E-05 9.997E-05
9.997E-05 9.997E-05 0.9996 9.997E-05 9.997E-05
9.997E-05 9.997E-05 0.9996 9.997E-05 9.997E-05
9.997E-05 9.997E-05 0.9996 9.997E-05 9.997E-05
9.997E-05 9.997E-05 0.9996 9.997E-05 9.997E-05
9.997E-05 9.997E-05 0.9996 9.997E-05 9.997E-05
9.997E-05 9.997E-05 0.9996 9.997E-05 9.997E-05
9.997E-05 9.997E-05 0.9996 9.997E-05 9.997E-05
9.997E-05 9.997E-05 0.9996 9.997E-05 9.997E-05
9.997E-05 9.997E-05 0.9996 9.997E-05 9.997E-05
9.997E-05 9.997E-05 0.9996 9.997E-05 9.997E-05
9.997E-05 9.997E-05 0.9996 9.997E-05 9.997E-05
9.997E-05 9.997E-05 0.9996 9.997E-05 9.997E-05
9.997E-05 9.997E-05 0.9996 9.997E-05 9.997E-05
9.997E-05 9.997E-05 0.9996 9.997E-05 9.997E-05
9.997E-05 9.997E-05 0.9996 9.997E-05 9.997E-05
9.997E-05 9.997E-05 0.9996 9.997E-05 9.997E-05
9.997E-05 9.997E-05 0.9996 9.997E-05 9.997E-05
9.997E-05 9.997E-05 0.9996 9.997E-05 9.997E-05
9.997E-05 9.997E-05 0.9996 9.997E-05 9.997E-05
9.997E-05 9.997E-05 0.9996 9.997E-05 9.997E-05
9.997E-05 9.997E-05 0.9996 9.997E-05 9.997E-05
9.997E-05 9.997E-05 0.9996 9.997E-05 9.997E-05
9.997E-05 9.997E-05 0.9996 9.997E-05 9.997E-05
9.997E-05 9.997E-05 0.9996 9.997E-05 9.997E-05
9.997E-05 9.997E-05 0.9996 9.997E-05 9.997E-05
9.997E-05 9.997E-05 0.9996 9.997E-05 9.997E-05
9.997E-05 9.997E-05 0.9996 9.997E-05 9.997E-05
9.997E-05 9.997E-05 0.9996 9.997E-05 9.997E-05
9.997E-05 9.997E-05 0.9996 9.997E-05 9.997E-05
9.997E-05 9.997E-05 0.9996 9.997E-05 9.997E-05
9.997E-05 9.997E-05 0.9996 9.997E-05 9.997E-05
9.997E-05 9.997E-05 0.9996 9.997E-05 9.997E-05
9.99736E-05 0.0101086 0.989591 9.99736E-05 9.99736E-05
9.997E-05 9.997E-05 0.9996 9.997E-05 9.997E-05
9.997E-05 9.997E-05 0.9996 9.997E-05 9.997E-05
9.99736E-05 0.00953243 0.990168 9.99736E-05 9.99736E-05
9.997E-05 9.997E-05 0.9996 9.997E-05 9.997E-05
9.997E-05 9.997E-05 0.9996 9.997E-05 9.997E-05
9.997E-05 9.997E-05 0.9996 9.997E-05 9.997E-05
9.997E-05 9.997E-05 0.9996 9.997E-05 9.997E-05
9.997E-05 9.997E-05 0.9996 9.997E-05 9.997E-05
9.997E-05 9.997E-05 0.9996 9.997E-05 9.997E-05
9.997E-05 9.997E-05 0.9996 9.997E-05 9.997E-05
9.997E-05 9.997E-05 0.9996 9.997E-05 9.997E-05
9.997E-05 9.997E-05 0.9996 9.997E-05 9.997E-05
9.997E-05 9.997E-05 0.9996 9.997E-05 9.997E-05
9.997E-05 9.997E-05 0.9996 9.997E-05 9.997E-05
9.997E-05 9.997E-05 0.9996 9.997E-05 9.997E-05
9.997E-05 9.997E-05 0.9996 9.997E-05 9.997E-05
9.997E-05 9.997E-05 0.9996 9.997E-05 9.997E-05
9.997E-05 9.997E-05 0.9996 9.997E-05 9.997E-05
9.997E-05 9.997E-05 0.9996 9.997E-05 9.997E-05
9.99736E-05 0.0616614 0.938039 9.99736E-05 9.99736E-05
9.997E-05 9.997E-05 0.9996 9.997E-05 9.997E-05
9.997E-05 9.997E-05 0.9996 9.997E-05 9.997E-05
9.997E-05 9.997E-05 0.9996 9.997E-05 9.997E-05
9.997E-05 9.997E-05 0.9996 9.997E-05 9.997E-05
9.997E-05 9.997E-05 0.9996 9.997E-05 9.997E-05
9.997E-05 9.997E-05 0.9996 9.997E-05 9.997E-05
9.997E-05 9.997E-05 0.9996 9.997E-05 9.997E-05
9.99736E-05 0.0911247 0.908575 9.99736E-05 9.99736E-05
9.997E-05 9.997E-05 0.9996 9.997E-05 9.997E-05
9.99736E-05 0.0237993 0.975901 9.99736E-05 9.99736E-05
9.99736E-05 0.0148044 0.984896 9.99736E-05 9.99736E-05
9.997E-05 9.997E-05 0.9996 9.997E-05 9.997E-05
9.997E-05 9.997E-05 0.9996 9.997E-05 9.997E-05
9.997E-05 9.997E-05 0.9996 9.997E-05 9.997E-05
9.99736E-05 0.0100376 0.989662 9.99736E-05 9.99736E-05
9.997E-05 9.997E-05 0.9996 9.997E-05 9.997E-05
9.997E-05 9.997E-05 0.9996 9.997E-05 9.997E-05
9.997E-05 9.997E-05 0.9996 9.997E-05 9.997E-05
9.997E-05 9.997E-05 0.9996 9.997E-05 9.997E-05
9.997E-05 9.997E-05 0.9996 9.997E-05 9.997E-05
9.997E-05 9.997E-05 0.9996 9.997E-05 9.997E-05
9.997E-05 9.997E-05 0.9996 9.997E-05 9.997E-05
9.997E-05 9.997E-05 0.9996 9.997E-05 9.997E-05
9.997E-05 9.997E-05 0.9996 9.997E-05 9.997E-05
9.997E-05 9.997E-05 0.9996 9.997E-05 9.997E-05
9.997E-05 9.997E-05 0.9996 9.997E-05 9.997E-05
9.997E-05 9.997E-05 0.9996 9.997E-05 9.997E-05
9.997E-05 9.997E-05 0.9996 9.997E-05 9.997E-05
9.997E-05 9.997E-05 0.9996 9.997E-05 9.997E-05
9.99736E-05 0.00433379 0.995366 9.99736E-05 9.99736E-05
9.997E-05 9.997E-05 0.9996 9.997E-05 9.997E-05
9.997E-05 9.997E-05 0.9996 9.997E-05 9.997E-05
0.0253726 0.0688237 0.905604 9.99824E-05 9.99824E-05
9.997E-05 9.997E-05 0.9996 9.997E-05 9.997E-05
9.997E-05 9.997E-05 0.9996 9.997E-05 9.997E-05
9.997E-05 9.997E-05 0.9996 9.997E-05 9.997E-05
9.997E-05 9.997E-05 0.9996 9.997E-05 9.997E-05
9.997E-05 9.997E-05 0.9996 9.997E-05 9.997E-05
9.99736E-05 0.0261967 0.973503 9.99736E-05 9.99736E-05
9.997E-05 9.997E-05 0.9996 9.997E-05 9.997E-05
9.99736E-05 0.52347 0.47623 9.99736E-05 9.99736E-05
9.99736E-05 0.390776 0.608924 9.99736E-05 9.99736E-05
9.99737E-05 0.252713 0.746987 9.99737E-05 9.99737E-05
9.99736E-05 0.275065 0.724635 9.99736E-05 9.99736E-05
9.99736E-05 0.468821 0.530879 9.99736E-05 9.99736E-05
9.99736E-05 0.468821 0.530879 9.99736E-05 9.99736E-05
9.99736E-05 0.475423 0.524277 9.99736E-05 9.99736E-05
9.99736E-05 0.329964 0.669737 9.99736E-05 9.99736E-05
9.99736E-05 0.520909 0.478791 9.99736E-05 9.99736E-05
9.99736E-05 0.561737 0.437963 9.99736E-05 9.99736E-05
9.99737E-05 0.519445 0.480255 9.99737E-05 9.99737E-05
9.99737E-05 0.434772 0.564928 9.99737E-05 9.99737E-05
9.99736E-05 0.0902711 0.909429 9.99736E-05 9.99736E-05
9.99736E-05 0.36742 0.63228 9.99736E-05 9.99736E-05
9.99736E-05 0.192997 0.806704 9.99736E-05 9.99736E-05
9.99736E-05 0.100214 0.899486 9.99736E-05 9.99736E-05
9.99737E-05 0.242163 0.757537 9.99737E-05 9.99737E-05
9.99736E-05 0.792221 0.207479 9.99736E-05 9.99736E-05
9.99736E-05 0.639312 0.360388 9.99736E-05 9.99736E-05
9.99824E-05 0.579194 0.328727 0.0918798 9.99824E-05
9.99824E-05 0.853822 0.145843 0.000135482 9.99824E-05
9.99737E-05 0.752595 0.247105 9.99737E-05 9.99737E-05
9.99737E-05 0.75284 0.24686 9.99737E-05 9.99737E-05
9.99737E-05 0.89272 0.10698 9.99737E-05 9.99737E-05
0.0431576 0.956543 9.99736E-05 9.99736E-05 9.99736E-05
9.99824E-05 0.853176 0.0770858 0.0695381 9.99824E-05
9.99824E-05 0.602402 0.351847 0.0455511 9.99824E-05
9.99736E-05 0.870935 9.99736E-05 0.128765 9.99736E-05
0.0367659 0.831338 0.0772743 0.0545221 9.99912E-05
9.99736E-05 0.89351 0.10619 9.99736E-05 9.99736E-05
9.99737E-05 0.954672 0.045028 9.99737E-05 9.99737E-05
9.99736E-05 0.879452 0.120248 9.99736E-05 9.99736E-05
9.99825E-05 0.954253 0.0141751 0.0313716 9.99825E-05
9.99736E-05 0.883259 0.116441 9.99736E-05 9.99736E-05
9.99824E-05 0.901665 0.0795063 0.0186292 9.99824E-05
9.99824E-05 0.55258 0.393012 0.0542085 9.99824E-05
9.99736E-05 0.87765 0.12205 9.99736E-05 9.99736E-05
9.99736E-05 0.862686 0.137014 9.99736E-05 9.99736E-05
9.99736E-05 0.978191 0.0215092 9.99736E-05 9.99736E-05
9.99736E-05 0.9211 0.0785997 9.99736E-05 9.99736E-05
0.0352204 0.923245 0.0413348 9.99824E-05 9.99824E-05
9.99736E-05 0.752027 0.247673 9.99736E-05 9.99736E-05
9.99736E-05 0.697521 0.302179 9.99736E-05 9.99736E-05
9.99737E-05 0.656618 0.343082 9.99737E-05 9.99737E-05
9.99737E-05 0.611141 0.388559 9.99737E-05 9.99737E-05
9.99736E-05 0.848057 0.151643 9.99736E-05 9.99736E-05
9.99737E-05 0.968045 0.0316553 9.99737E-05 9.99737E-05
9.99736E-05 0.907644 0.0920565 9.99736E-05 9.99736E-05
0.0676038 0.647495 0.284702 9.99824E-05 9.99824E-05
0.0677213 0.658258 0.273821 9.99824E-05 9.99824E-05
9.99736E-05 0.832477 0.167223 9.99736E-05 9.99736E-05
9.99736E-05 0.936687 0.0630129 9.99736E-05 9.99736E-05
9.99737E-05 0.870196 0.129504 9.99737E-05 9.99737E-05
9.99736E-05 0.937361 0.0623395 9.99736E-05 9.99736E-05
9.99736E-05 0.855722 0.143978 9.99736E-05 9.99736E-05
9.99736E-05 0.983306 0.0163943 9.99736E-05 9.99736E-05
9.99736E-05 0.845847 0.153853 9.99736E-05 9.99736E-05
0.17497 0.617499 0.195791 0.0116396 9.99912E-05
0.0296565 0.970044 9.99736E-05 9.99736E-05 9.99736E-05
9.99736E-05 0.951234 0.0484657 9.99736E-05 9.99736E-05
0.0954171 0.821641 0.0827419 9.99824E-05 9.99824E-05
0.0135283 0.986172 9.99736E-05 9.99736E-05 9.99736E-05
9.99736E-05 0.758639 0.241061 9.99736E-05 9.99736E-05
9.997E-05 0.9996 9.997E-05 9.997E-05 9.997E-05
9.99737E-05 0.70022 0.29948 9.99737E-05 9.99737E-05
9.99736E-05 0.858474 0.141226 9.99736E-05 9.99736E-05
9.99736E-05 0.982122 0.0175783 9.99736E-05 9.99736E-05
0.0433262 0.603743 0.273244 0.0795861 9.99912E-05
0.111303 0.68955 0.198947 9.99824E-05 9.99824E-05
9.99736E-05 0.867596 0.132104 9.99736E-05 9.99736E-05
9.99736E-05 0.750535 0.249165 9.99736E-05 9.99736E-05
0.172761 0.550855 0.231874 0.04441 9.99912E-05
9.99736E-05 0.785797 0.213903 9.99736E-05 9.99736E-05
9.99736E-05 0.992181 0.00751924 9.99736E-05 9.99736E-05
9.99736E-05 0.898161 0.101539 9.99736E-05 9.99736E-05
0.0440722 0.915354 0.0403739 9.99824E-05 9.99824E-05
0.0304656 0.969235 9.99736E-05 9.99736E-05 9.99736E-05
9.99736E-05 0.841272 0.158428 9.99736E-05 9.99736E-05
9.99736E-05 0.857563 0.142137 9.99736E-05 9.99736E-05
9.99736E-05 0.987829 0.0118711 9.99736E-05 9.99736E-05
0.0255719 0.941298 0.0329305 9.99824E-05 9.99824E-05
0.177176 0.582266 0.180175 0.0602831 9.99912E-05
9.99736E-05 0.692657 0.307043 9.99736E-05 9.99736E-05
9.99736E-05 0.904937 0.0947626 9.99736E-05 9.99736E-05
9.99736E-05 0.853604 0.146096 9.99736E-05 9.99736E-05
0.000193856 0.999506 9.99736E-05 9.99736E-05 9.99736E-05
9.99736E-05 0.971844 0.0278563 9.99736E-05 9.99736E-05
0.0535454 0.946155 9.99736E-05 9.99736E-05 9.99736E-05
0.0977133 0.518272 0.292594 0.0913211 9.99912E-05
9.99736E-05 0.95477 0.0449296 9.99736E-05 9.99736E-05
9.99737E-05 0.90805 0.0916499 9.99737E-05 9.99737E-05
0.0293884 0.970312 9.99737E-05 9.99737E-05 9.99737E-05
9.99736E-05 0.777347 0.222353 9.99736E-05 9.99736E-05
9.99736E-05 0.79671 0.20299 9.99736E-05 9.99736E-05
9.99737E-05 0.863514 0.136186 9.99737E-05 9.99737E-05
9.99736E-05 0.713121 0.286579 9.99736E-05 9.99736E-05
9.99736E-05 0.808783 0.190917 9.99736E-05 9.99736E-05
0.154196 0.804564 0.0410402 9.99824E-05 9.99824E-05
9.99824E-05 0.607771 0.297284 0.0947448 9.99824E-05
9.99737E-05 0.879558 0.120142 9.99737E-05 9.99737E-05
9.99736E-05 0.993921 0.00577935 9.99736E-05 9.99736E-05
9.99824E-05 0.821135 0.144115 0.0345498 9.99824E-05
9.99824E-05 0.762457 0.198474 0.0388696 9.99824E-05
9.99736E-05 0.602995 0.396705 9.99736E-05 9.99736E-05
0.0103422 0.776289 0.191988 0.0212809 9.99912E-05
9.99824E-05 0.855111 0.059409 0.0852797 9.99824E-05
0.0103422 0.776289 0.191988 0.0212809 9.99912E-05
9.99824E-05 0.877078 0.0816577 0.0410646 9.99824E-05
9.99737E-05 0.994362 0.0053385 9.99737E-05 9.99737E-05
9.99736E-05 0.911204 0.0884964 9.99736E-05 9.99736E-05
9.99824E-05 0.808231 0.122238 0.0693316 9.99824E-05
9.99737E-05 0.9341 0.0655999 9.99737E-05 9.99737E-05
9.99736E-05 0.63913 0.36057 9.99736E-05 9.99736E-05
9.99736E-05 0.773713 0.225987 9.99736E-05 9.99736E-05
9.99824E-05 0.707586 0.258175 0.0340391 9.99824E-05
9.99736E-05 0.77761 0.22209 9.99736E-05 9.99736E-05
9.99736E-05 0.824833 0.174867 9.99736E-05 9.99736E-05
9.99737E-05 0.893683 0.106017 9.99737E-05 9.99737E-05
9.99736E-05 0.946948 0.0527519 9.99736E-05 9.99736E-05
9.99736E-05 0.705317 0.294383 9.99736E-05 9.99736E-05
0.0562753 0.829062 0.10422 0.0103434 9.99912E-05
9.99737E-05 0.7081 0.2916 9.99737E-05 9.99737E-05
9.997E-05 0.9996 9.997E-05 9.997E-05 9.997E-05
9.99736E-05 0.816885 0.182815 9.99736E-05 9.99736E-05
9.99737E-05 0.960403 9.99737E-05 0.0392972 9.99737E-05
9.99736E-05 0.869196 0.130504 9.99736E-05 9.99736E-05
9.99736E-05 0.882985 0.116715 9.99736E-05 9.99736E-05
9.99737E-05 0.823506 0.176195 9.99737E-05 9.99737E-05
9.99737E-05 0.89101 0.10869 9.99737E-05 9.99737E-05
9.99737E-05 0.8948 0.104901 9.99737E-05 9.99737E-05
0.000716542 0.717611 0.281473 9.99824E-05 9.99824E-05
9.99824E-05 0.963076 0.016735 0.019989 9.99824E-05
9.99737E-05 0.991033 0.00866736 9.99737E-05 9.99737E-05
0.00239101 0.814902 0.180493 0.0021141 9.99912E-05
9.99824E-05 0.88379 0.0978256 0.0181842 9.99824E-05
9.99737E-05 0.804521 0.195179 9.99737E-05 9.99737E-05
9.99736E-05 0.710693 0.289007 9.99736E-05 9.99736E-05
9.99736E-05 0.942757 0.0569428 9.99736E-05 9.99736E-05
0.000137933 0.529309 0.470353 9.99825E-05 9.99825E-05
9.99737E-05 0.908011 0.0916887 9.99737E-05 9.99737E-05
9.99736E-05 0.814809 0.184891 9.99736E-05 9.99736E-05
9.99736E-05 0.980217 0.0194827 9.99736E-05 9.99736E-05
9.99824E-05 0.946931 0.0248542 0.0280146 9.99824E-05
0.132462 0.867238 9.99736E-05 9.99736E-05 9.99736E-05
9.99736E-05 0.828935 0.170765 9.99736E-05 9.99736E-05
9.99736E-05 0.738383 0.261317 9.99736E-05 9.99736E-05
0.069219 0.764003 0.166579 9.99824E-05 9.99824E-05
9.99736E-05 0.946128 0.0535724 9.99736E-05 9.99736E-05
9.99736E-05 0.92742 0.0722799 9.99736E-05 9.99736E-05
9.99736E-05 0.883972 0.115728 9.99736E-05 9.99736E-05
9.99736E-05 0.906571 0.0931287 9.99736E-05 9.99736E-05
9.99736E-05 0.955046 0.0446542 9.99736E-05 9.99736E-05
9.99824E-05 0.985486 0.00770026 0.00661424 9.99824E-05
9.99737E-05 0.725375 0.274325 9.99737E-05 9.99737E-05
9.99736E-05 0.920331 0.0793695 9.99736E-05 9.99736E-05
9.99824E-05 0.880614 0.097123 0.0220634 9.99824E-05
9.99736E-05 0.928388 9.99736E-05 0.0713122 9.99736E-05
9.99736E-05 0.74677 0.25293 9.99736E-05 9.99736E-05
9.99736E-05 0.779788 0.219912 9.99736E-05 9.99736E-05
9.997E-05 0.9996 9.997E-05 9.997E-05 9.997E-05
9.997E-05 0.9996 9.997E-05 9.997E-05 9.997E-05
9.99824E-05 0.5119 0.48505 0.00285015 9.99824E-05
9.99736E-05 0.791174 0.208526 9.99736E-05 9.99736E-05
9.99736E-05 0.9288 0.0709001 9.99736E-05 9.99736E-05
9.99736E-05 0.568032 0.431668 9.99736E-05 9.99736E-05
9.99736E-05 0.521955 0.477745 9.99736E-05 9.99736E-05
9.99736E-05 0.729511 0.270189 9.99736E-05 9.99736E-05
9.99737E-05 0.462845 0.536855 9.99737E-05 9.99737E-05
9.99736E-05 0.854002 0.145698 9.99736E-05 9.99736E-05
9.99736E-05 0.791238 0.208462 9.99736E-05 9.99736E-05
9.99736E-05 0.725131 0.274569 9.99736E-05 9.99736E-05
9.99736E-05 0.497794 0.501906 9.99736E-05 9.99736E-05
9.99736E-05 0.847644 0.152056 9.99736E-05 9.99736E-05
9.997E-05 0.9996 9.997E-05 9.997E-05 9.997E-05
9.99736E-05 0.824548 0.175152 9.99736E-05 9.99736E-05
9.99736E-05 0.699547 0.300153 9.99736E-05 9.99736E-05
9.99736E-05 0.760753 0.238947 9.99736E-05 9.99736E-05
9.99736E-05 0.477344 0.522356 9.99736E-05 9.99736E-05
9.99736E-05 0.880019 0.119681 9.99736E-05 9.99736E-05
9.99736E-05 0.980279 0.0194208 9.99736E-05 9.99736E-05
9.99736E-05 0.604008 0.395692 9.99736E-05 9.99736E-05
9.99736E-05 0.770358 0.229342 9.99736E-05 9.99736E-05
9.99736E-05 0.771299 0.228401 9.99736E-05 9.99736E-05
9.99736E-05 0.551375 0.448325 9.99736E-05 9.99736E-05
9.99736E-05 0.695348 0.304352 9.99736E-05 9.99736E-05
9.99736E-05 0.251571 0.748129 9.99736E-05 9.99736E-05
9.99736E-05 0.788898 0.210802 9.99736E-05 9.99736E-05
9.99736E-05 0.398053 0.601647 9.99736E-05 9.99736E-05
9.99736E-05 0.93623 0.0634697 9.99736E-05 9.99736E-05
9.99737E-05 0.923765 9.99737E-05 0.0759354 9.99737E-05
9.99736E-05 0.93623 0.0634697 9.99736E-05 9.99736E-05
0.076271 0.718989 0.20454 9.99824E-05 9.99824E-05
9.997E-05 0.9996 9.997E-05 9.997E-05 9.997E-05
0.0657317 0.800582 0.133487 9.99824E-05 9.99824E-05
9.99824E-05 0.776289 0.109869 0.113642 9.99824E-05
9.99736E-05 0.893971 0.105729 9.99736E-05 9.99736E-05
9.99736E-05 0.783411 0.216289 9.99736E-05 9.99736E-05
9.99736E-05 0.702477 0.297223 9.99736E-05 9.99736E-05
9.99736E-05 0.866994 0.132706 9.99736E-05 9.99736E-05
9.99824E-05 0.909795 0.0643984 0.0256065 9.99824E-05
9.99736E-05 0.940183 0.0595174 9.99736E-05 9.99736E-05
9.997E-05 0.9996 9.997E-05 9.997E-05 9.997E-05
9.99737E-05 0.836365 0.163335 9.99737E-05 9.99737E-05
9.99736E-05 0.84378 0.15592 9.99736E-05 9.99736E-05
9.997E-05 0.9996 9.997E-05 9.997E-05 9.997E-05
9.997E-05 0.9996 9.997E-05 9.997E-05 9.997E-05
9.99737E-05 0.645465 0.354235 9.99737E-05 9.99737E-05
9.99736E-05 0.937814 0.0618865 9.99736E-05 9.99736E-05
9.99736E-05 0.932905 9.99736E-05 0.0667949 9.99736E-05
9.99736E-05 0.688814 0.310886 9.99736E-05 9.99736E-05
9.99737E-05 0.917612 9.99737E-05 0.0820883 9.99737E-05
