9.98683E-05 9.98683E-05 9.98683E-05 9.98683E-05 9.98683E-05 0.00285897 0.0162102 0.411736 9.98683E-05 9.98683E-05 9.98683E-05 9.98683E-05 0.287505 0.13266 9.98683E-05 0.0130021 0.0596768 9.98683E-05 0.0748527 9.98683E-05 9.98683E-05 9.98683E-05 9.98683E-05
9.98508E-05 9.98508E-05 9.98508E-05 9.98508E-05 9.98508E-05 0.00425039 9.98508E-05 0.21664 9.98508E-05 0.575208 9.98508E-05 9.98508E-05 0.0782275 9.98508E-05 9.98508E-05 0.114596 9.98508E-05 0.00938013 9.98508E-05 9.98508E-05 9.98508E-05 9.98508E-05 9.98508E-05
9.98158E-05 9.98158E-05 9.98158E-05 9.98158E-05 9.98158E-05 9.98158E-05 9.98158E-05 9.98158E-05 9.98158E-05 0.943409 0.0544948 9.98158E-05 9.98158E-05 9.98158E-05 9.98158E-05 9.98158E-05 9.98158E-05 9.98158E-05 9.98158E-05 9.98158E-05 9.98158E-05 9.98158E-05 9.98158E-05
9.98859E-05 9.98859E-05 0.0382666 9.98859E-05 0.231705 0.0341607 9.98859E-05 0.389079 0.00431159 9.98859E-05 9.98859E-05 9.98859E-05 9.98859E-05 0.0805849 9.98859E-05 9.98859E-05 0.0155835 0.0896284 9.98859E-05 0.00846461 9.98859E-05 0.106917 9.98859E-05
9.98333E-05 9.98333E-05 9.98333E-05 9.98333E-05 9.98333E-05 9.98333E-05 9.98333E-05 0.907137 9.98333E-05 9.98333E-05 0.0556947 9.98333E-05 9.98333E-05 9.98333E-05 9.98333E-05 0.0117132 9.98333E-05 9.98333E-05 9.98333E-05 0.0235581 9.98333E-05 9.98333E-05 9.98333E-05
9.98684E-05 9.98684E-05 9.98684E-05 9.98684E-05 9.98684E-05 9.98684E-05 9.98684E-05 0.209716 0.1452 0.0630062 0.0940721 9.98684E-05 0.101029 9.98684E-05 9.98684E-05 0.0570293 9.98684E-05 9.98684E-05 9.98684E-05 0.157006 9.98684E-05 0.171443 9.98684E-05
9.9886E-05 9.9886E-05 9.9886E-05 9.9886E-05 0.0204709 0.119702 0.149191 0.162311 9.9886E-05 0.096502 9.9886E-05 9.9886E-05 0.122158 0.187279 0.0196879 9.9886E-05 0.0492328 9.9886E-05 9.9886E-05 0.0721659 9.9886E-05 9.9886E-05 9.9886E-05
0.108644 9.98772E-05 9.98772E-05 9.98772E-05 9.98772E-05 9.98772E-05 9.98772E-05 0.304429 0.155799 9.98772E-05 0.0500184 9.98772E-05 0.0346279 0.15402 9.98772E-05 9.98772E-05 9.98772E-05 0.0587864 0.0623593 0.069918 9.98772E-05 9.98772E-05 9.98772E-05
9.98683E-05 0.00262963 0.00381821 9.98683E-05 9.98683E-05 9.98683E-05 0.142396 9.98683E-05 0.255532 0.295615 9.98683E-05 9.98683E-05 9.98683E-05 9.98683E-05 9.98683E-05 0.00471912 0.249799 9.98683E-05 9.98683E-05 9.98683E-05 9.98683E-05 0.0439936 9.98683E-05
9.98157E-05 9.98157E-05 9.98157E-05 9.98157E-05 9.98157E-05 9.98157E-05 9.98157E-05 0.91142 9.98157E-05 9.98157E-05 9.98157E-05 9.98157E-05 9.98157E-05 9.98157E-05 9.98157E-05 9.98157E-05 0.0864841 9.98157E-05 9.98157E-05 9.98157E-05 9.98157E-05 9.98157E-05 9.98157E-05
9.98421E-05 9.98421E-05 9.98421E-05 9.98421E-05 9.98421E-05 0.118708 9.98421E-05 0.576639 9.98421E-05 9.98421E-05 9.98421E-05 9.98421E-05 0.125053 0.0589102 9.98421E-05 9.98421E-05 0.118893 9.98421E-05 9.98421E-05 9.98421E-05 9.98421E-05 9.98421E-05 9.98421E-05
0.0196476 9.98246E-05 9.98246E-05 9.98246E-05 9.98246E-05 9.98246E-05 9.98246E-05 9.98246E-05 9.98246E-05 0.977291 9.98246E-05 9.98246E-05 9.98246E-05 9.98246E-05 9.98246E-05 9.98246E-05 9.98246E-05 9.98246E-05 9.98246E-05 0.00106444 9.98246E-05 9.98246E-05 9.98246E-05
9.98333E-05 9.98333E-05 9.98333E-05 9.98333E-05 9.98333E-05 9.98333E-05 9.98333E-05 0.609842 9.98333E-05 0.192255 9.98333E-05 9.98333E-05 9.98333E-05 0.0902665 9.98333E-05 9.98333E-05 0.10574 9.98333E-05 9.98333E-05 9.98333E-05 9.98333E-05 9.98333E-05 9.98333E-05
0.00164438 9.98509E-05 9.98509E-05 9.98509E-05 9.98509E-05 0.0739027 9.98509E-05 0.63799 9.98509E-05 9.98509E-05 0.0760155 0.19616 9.98509E-05 0.0125903 9.98509E-05 9.98509E-05 9.98509E-05 9.98509E-05 9.98509E-05 9.98509E-05 9.98509E-05 9.98509E-05 9.98509E-05
9.98684E-05 0.0649354 9.98684E-05 9.98684E-05 9.98684E-05 9.98684E-05 9.98684E-05 9.98684E-05 0.145307 0.393506 9.98684E-05 9.98684E-05 0.142101 0.00950603 9.98684E-05 9.98684E-05 0.120904 9.98684E-05 9.98684E-05 9.98684E-05 0.0172723 0.10497 9.98684E-05
0.16047 9.98771E-05 0.027699 9.98771E-05 0.0502669 9.98771E-05 9.98771E-05 0.323368 0.187013 9.98771E-05 9.98771E-05 9.98771E-05 0.0759808 0.0856697 9.98771E-05 9.98771E-05 0.0763128 9.98771E-05 0.0118214 9.98771E-05 9.98771E-05 9.98771E-05 9.98771E-05
9.98685E-05 9.98685E-05 9.98685E-05 9.98685E-05 0.0170148 0.0356617 9.98685E-05 0.53015 9.98685E-05 9.98685E-05 9.98685E-05 9.98685E-05 9.98685E-05 9.98685E-05 9.98685E-05 0.0485015 0.0562887 9.98685E-05 0.0559923 9.98685E-05 0.0578627 9.98685E-05 0.19703
9.98596E-05 9.98596E-05 0.143284 0.155496 9.98596E-05 9.98596E-05 9.98596E-05 0.188995 0.0541931 9.98596E-05 9.98596E-05 9.98596E-05 0.195491 0.191474 9.98596E-05 9.98596E-05 0.0694688 9.98596E-05 9.98596E-05 9.98596E-05 9.98596E-05 9.98596E-05 9.98596E-05
9.98683E-05 9.98683E-05 9.98683E-05 9.98683E-05 9.98683E-05 0.0414308 9.98683E-05 0.134071 0.0781847 0.210663 9.98683E-05 9.98683E-05 9.98683E-05 0.164784 9.98683E-05 9.98683E-05 0.209815 9.98683E-05 9.98683E-05 0.11661 0.0429426 9.98683E-05 9.98683E-05
9.98159E-05 9.98159E-05 0.00179447 9.98159E-05 9.98159E-05 9.98159E-05 9.98159E-05 9.98159E-05 9.98159E-05 0.996109 9.98159E-05 9.98159E-05 9.98159E-05 9.98159E-05 9.98159E-05 9.98159E-05 9.98159E-05 9.98159E-05 9.98159E-05 9.98159E-05 9.98159E-05 9.98159E-05 9.98159E-05
0.0655763 0.016265 9.98685E-05 9.98685E-05 9.98685E-05 0.0329427 9.98685E-05 0.485407 0.0947693 0.0171628 9.98685E-05 9.98685E-05 9.98685E-05 9.98685E-05 9.98685E-05 9.98685E-05 0.0853965 0.200983 9.98685E-05 9.98685E-05 9.98685E-05 9.98685E-05 9.98685E-05
9.98509E-05 9.98509E-05 9.98509E-05 9.98509E-05 9.98509E-05 9.98509E-05 9.98509E-05 0.368843 0.091218 9.98509E-05 0.0529845 9.98509E-05 9.98509E-05 0.339426 9.98509E-05 9.98509E-05 9.98509E-05 9.98509E-05 9.98509E-05 0.122713 0.0231182 9.98509E-05 9.98509E-05
9.98509E-05 9.98509E-05 9.98509E-05 0.0283965 9.98509E-05 0.0301688 9.98509E-05 9.98509E-05 9.98509E-05 0.601166 9.98509E-05 9.98509E-05 0.166151 9.98509E-05 9.98509E-05 9.98509E-05 0.0345228 9.98509E-05 9.98509E-05 9.98509E-05 9.98509E-05 0.137897 9.98509E-05
9.98421E-05 9.98421E-05 9.98421E-05 9.98421E-05 9.98421E-05 9.98421E-05 0.0755665 0.326749 9.98421E-05 9.98421E-05 9.98421E-05 9.98421E-05 0.111688 0.21885 9.98421E-05 9.98421E-05 0.265349 9.98421E-05 9.98421E-05 9.98421E-05 9.98421E-05 9.98421E-05 9.98421E-05
9.98771E-05 0.0348163 0.0880986 9.98771E-05 0.00767539 0.0283869 9.98771E-05 0.349751 0.0088793 9.98771E-05 9.98771E-05 9.98771E-05 9.98771E-05 9.98771E-05 9.98771E-05 9.98771E-05 0.240203 9.98771E-05 9.98771E-05 9.98771E-05 0.0617059 0.179085 9.98771E-05
9.98332E-05 9.98332E-05 9.98332E-05 9.98332E-05 0.105162 9.98332E-05 9.98332E-05 0.782145 0.0180433 9.98332E-05 9.98332E-05 9.98332E-05 9.98332E-05 9.98332E-05 9.98332E-05 9.98332E-05 0.0927534 9.98332E-05 9.98332E-05 9.98332E-05 9.98332E-05 9.98332E-05 9.98332E-05
0.167599 9.98647E-05 9.98647E-05 0.10539 9.98647E-05 9.98647E-05 0.00617388 9.98647E-05 9.98647E-05 0.0587863 9.98647E-05 9.98647E-05 9.98647E-05 0.293649 9.98647E-05 9.98647E-05 0.0751123 9.98647E-05 9.98647E-05 9.98647E-05 9.98647E-05 0.291692 9.98647E-05
9.98423E-05 9.98423E-05 9.98423E-05 9.98423E-05 0.0603207 9.98423E-05 9.98423E-05 9.98423E-05 9.98423E-05 0.798832 9.98423E-05 9.98423E-05 9.98423E-05 0.112095 9.98423E-05 9.98423E-05 0.0152393 9.98423E-05 9.98423E-05 0.0117159 9.98423E-05 9.98423E-05 9.98423E-05
9.98597E-05 9.98597E-05 0.00202515 9.98597E-05 9.98597E-05 9.98597E-05 0.00455156 9.98597E-05 9.98597E-05 0.646646 9.98597E-05 0.0273579 0.0371494 0.0886041 9.98597E-05 9.98597E-05 0.192068 9.98597E-05 9.98597E-05 9.98597E-05 9.98597E-05 9.98597E-05 9.98597E-05
9.98421E-05 9.98421E-05 9.98421E-05 9.98421E-05 9.98421E-05 9.98421E-05 9.98421E-05 9.98421E-05 0.0421544 0.882817 9.98421E-05 0.0202521 9.98421E-05 9.98421E-05 9.98421E-05 9.98421E-05 0.0500934 9.98421E-05 9.98421E-05 0.00288651 9.98421E-05 9.98421E-05 9.98421E-05
9.98596E-05 9.98596E-05 9.98596E-05 9.98596E-05 9.98596E-05 0.100652 9.98596E-05 9.98596E-05 9.98596E-05 0.745158 9.98596E-05 9.98596E-05 0.0165068 0.0492936 9.98596E-05 9.98596E-05 0.0346035 9.98596E-05 9.98596E-05 0.00832412 0.0438638 9.98596E-05 9.98596E-05
9.98422E-05 9.98422E-05 9.98422E-05 9.98422E-05 9.98422E-05 0.0460871 9.98422E-05 0.658836 9.98422E-05 9.98422E-05 9.98422E-05 9.98422E-05 9.98422E-05 9.98422E-05 9.98422E-05 9.98422E-05 0.115217 9.98422E-05 9.98422E-05 0.0291579 9.98422E-05 0.148905 9.98422E-05
0.0435576 9.98507E-05 9.98507E-05 9.98507E-05 9.98507E-05 0.0724842 9.98507E-05 0.59042 9.98507E-05 9.98507E-05 9.98507E-05 9.98507E-05 0.0600128 0.0886524 9.98507E-05 9.98507E-05 0.143176 9.98507E-05 9.98507E-05 9.98507E-05 9.98507E-05 9.98507E-05 9.98507E-05
0.0328141 9.98773E-05 9.98773E-05 0.103119 9.98773E-05 9.98773E-05 0.0026253 9.98773E-05 9.98773E-05 0.559886 9.98773E-05 0.00473749 9.98773E-05 0.0121062 9.98773E-05 9.98773E-05 0.0983664 9.98773E-05 9.98773E-05 0.00442363 9.98773E-05 0.180524 9.98773E-05
9.98248E-05 9.98248E-05 9.98248E-05 9.98248E-05 9.98248E-05 0.00901102 9.98248E-05 9.98248E-05 9.98248E-05 0.931176 9.98248E-05 9.98248E-05 9.98248E-05 9.98248E-05 9.98248E-05 0.0578166 9.98248E-05 9.98248E-05 9.98248E-05 9.98248E-05 9.98248E-05 9.98248E-05 9.98248E-05
9.98597E-05 9.98597E-05 9.98597E-05 9.98597E-05 0.16428 9.98597E-05 9.98597E-05 0.162219 9.98597E-05 0.520392 9.98597E-05 9.98597E-05 9.98597E-05 0.0557173 9.98597E-05 0.0241614 0.0487507 9.98597E-05 0.0228811 9.98597E-05 9.98597E-05 9.98597E-05 9.98597E-05
9.98334E-05 9.98334E-05 9.98334E-05 9.98334E-05 9.98334E-05 0.013902 9.98334E-05 9.98334E-05 9.98334E-05 0.902626 9.98334E-05 9.98334E-05 9.98334E-05 9.98334E-05 0.023344 9.98334E-05 9.98334E-05 9.98334E-05 9.98334E-05 0.058231 9.98334E-05 9.98334E-05 9.98334E-05
9.98422E-05 9.98422E-05 0.0429227 9.98422E-05 9.98422E-05 9.98422E-05 9.98422E-05 9.98422E-05 0.141974 0.706622 9.98422E-05 9.98422E-05 9.98422E-05 9.98422E-05 9.98422E-05 0.0498263 0.0568581 9.98422E-05 9.98422E-05 9.98422E-05 9.98422E-05 9.98422E-05 9.98422E-05
9.98422E-05 9.98422E-05 9.98422E-05 9.98422E-05 9.98422E-05 9.98422E-05 9.98422E-05 9.98422E-05 9.98422E-05 0.639348 0.0749025 9.98422E-05 9.98422E-05 9.98422E-05 9.98422E-05 0.00338896 0.17988 9.98422E-05 9.98422E-05 9.98422E-05 9.98422E-05 9.98422E-05 0.100684
0.101468 9.98419E-05 9.98419E-05 9.98419E-05 9.98419E-05 9.98419E-05 9.98419E-05 0.600908 9.98419E-05 9.98419E-05 9.98419E-05 0.130375 9.98419E-05 9.98419E-05 9.98419E-05 9.98419E-05 0.139038 9.98419E-05 9.98419E-05 0.0264125 9.98419E-05 9.98419E-05 9.98419E-05
9.98421E-05 9.98421E-05 9.98421E-05 9.98421E-05 9.98421E-05 0.0262615 9.98421E-05 0.821135 9.98421E-05 9.98421E-05 9.98421E-05 9.98421E-05 9.98421E-05 0.0469172 9.98421E-05 9.98421E-05 0.0684575 9.98421E-05 9.98421E-05 0.0354319 9.98421E-05 9.98421E-05 9.98421E-05
9.98423E-05 9.98423E-05 9.98423E-05 9.98423E-05 9.98423E-05 9.98423E-05 0.0967038 0.691403 0.00394272 9.98423E-05 9.98423E-05 9.98423E-05 9.98423E-05 0.0984411 9.98423E-05 9.98423E-05 0.107712 9.98423E-05 9.98423E-05 9.98423E-05 9.98423E-05 9.98423E-05 9.98423E-05
9.98334E-05 9.98334E-05 9.98334E-05 9.98334E-05 9.98334E-05 9.98334E-05 9.98334E-05 0.946261 9.98334E-05 9.98334E-05 9.98334E-05 0.0216088 9.98334E-05 9.98334E-05 9.98334E-05 0.0276902 9.98334E-05 9.98334E-05 9.98334E-05 0.00254266 9.98334E-05 9.98334E-05 9.98334E-05
9.98596E-05 9.98596E-05 9.98596E-05 9.98596E-05 9.98596E-05 0.0161719 0.057622 9.98596E-05 0.0989906 0.417674 9.98596E-05 9.98596E-05 0.144164 0.100608 9.98596E-05 9.98596E-05 0.163172 9.98596E-05 9.98596E-05 9.98596E-05 9.98596E-05 9.98596E-05 9.98596E-05
9.98596E-05 9.98596E-05 9.98596E-05 9.98596E-05 0.0702222 9.98596E-05 9.98596E-05 0.0333851 9.98596E-05 0.168451 0.0889136 9.98596E-05 9.98596E-05 0.428479 9.98596E-05 9.98596E-05 0.15722 9.98596E-05 9.98596E-05 0.0517317 9.98596E-05 9.98596E-05 9.98596E-05
9.98683E-05 9.98683E-05 0.0486002 9.98683E-05 0.00127103 9.98683E-05 9.98683E-05 0.530648 9.98683E-05 0.369553 9.98683E-05 9.98683E-05 9.98683E-05 0.00326075 9.98683E-05 9.98683E-05 0.0105492 0.0176452 9.98683E-05 0.0169747 9.98683E-05 9.98683E-05 9.98683E-05
9.9842E-05 9.9842E-05 9.9842E-05 0.0148184 9.9842E-05 0.00118084 9.9842E-05 0.901742 0.012404 9.9842E-05 9.9842E-05 9.9842E-05 9.9842E-05 9.9842E-05 9.9842E-05 9.9842E-05 0.0680578 9.9842E-05 9.9842E-05 9.9842E-05 9.9842E-05 9.9842E-05 9.9842E-05
9.98159E-05 9.98159E-05 9.98159E-05 9.98159E-05 9.98159E-05 9.98159E-05 9.98159E-05 9.98159E-05 9.98159E-05 0.99405 9.98159E-05 9.98159E-05 9.98159E-05 9.98159E-05 9.98159E-05 9.98159E-05 9.98159E-05 9.98159E-05 0.00385431 9.98159E-05 9.98159E-05 9.98159E-05 9.98159E-05
9.9842E-05 9.9842E-05 9.9842E-05 9.9842E-05 9.9842E-05 0.0643387 9.9842E-05 0.10649 9.9842E-05 0.539116 9.9842E-05 9.9842E-05 9.9842E-05 0.187695 9.9842E-05 9.9842E-05 0.100563 9.9842E-05 9.9842E-05 9.9842E-05 9.9842E-05 9.9842E-05 9.9842E-05
9.98512E-05 9.98512E-05 9.98512E-05 9.98512E-05 9.98512E-05 9.98512E-05 9.98512E-05 0.787032 9.98512E-05 0.0256889 0.0123889 9.98512E-05 9.98512E-05 9.98512E-05 0.104428 0.0293297 9.98512E-05 9.98512E-05 9.98512E-05 0.0394353 9.98512E-05 9.98512E-05 9.98512E-05
9.98946E-05 0.0035178 9.98946E-05 9.98946E-05 0.0115149 0.0988772 0.0309482 9.98946E-05 0.115563 0.351931 9.98946E-05 9.98946E-05 0.0579096 0.058279 9.98946E-05 9.98946E-05 0.136274 0.0715983 9.98946E-05 9.98946E-05 9.98946E-05 0.0623893 9.98946E-05
9.9842E-05 9.9842E-05 0.013837 9.9842E-05 0.0683927 9.9842E-05 0.0891757 0.704473 9.9842E-05 9.9842E-05 9.9842E-05 9.9842E-05 9.9842E-05 0.122324 9.9842E-05 9.9842E-05 9.9842E-05 9.9842E-05 9.9842E-05 9.9842E-05 9.9842E-05 9.9842E-05 9.9842E-05
9.98248E-05 0.0351949 9.98248E-05 0.0558574 9.98248E-05 9.98248E-05 9.98248E-05 9.98248E-05 9.98248E-05 0.906951 9.98248E-05 9.98248E-05 9.98248E-05 9.98248E-05 9.98248E-05 9.98248E-05 9.98248E-05 9.98248E-05 9.98248E-05 9.98248E-05 9.98248E-05 9.98248E-05 9.98248E-05
0.157606 0.00399436 9.98773E-05 0.00474679 9.98773E-05 9.98773E-05 9.98773E-05 0.284279 9.98773E-05 0.36554 0.0508723 0.0725572 9.98773E-05 9.98773E-05 0.0351039 9.98773E-05 0.0239031 9.98773E-05 9.98773E-05 9.98773E-05 9.98773E-05 9.98773E-05 9.98773E-05
9.98336E-05 0.0259287 9.98336E-05 9.98336E-05 9.98336E-05 9.98336E-05 9.98336E-05 9.98336E-05 9.98336E-05 0.803072 9.98336E-05 9.98336E-05 9.98336E-05 9.98336E-05 9.98336E-05 9.98336E-05 0.0871276 9.98336E-05 9.98336E-05 9.98336E-05 0.0819748 9.98336E-05 9.98336E-05
0.0511957 9.98597E-05 0.0296151 9.98597E-05 9.98597E-05 9.98597E-05 9.98597E-05 0.792493 9.98597E-05 0.00196846 9.98597E-05 9.98597E-05 0.0338118 9.98597E-05 9.98597E-05 9.98597E-05 9.98597E-05 9.98597E-05 9.98597E-05 0.0127016 9.98597E-05 0.0766167 9.98597E-05
9.98422E-05 9.98422E-05 9.98422E-05 0.0628362 9.98422E-05 0.0643594 9.98422E-05 0.749849 9.98422E-05 9.98422E-05 9.98422E-05 9.98422E-05 9.98422E-05 9.98422E-05 9.98422E-05 0.0125611 9.98422E-05 9.98422E-05 9.98422E-05 0.108598 9.98422E-05 9.98422E-05 9.98422E-05
9.98423E-05 9.98423E-05 9.98423E-05 9.98423E-05 0.119116 0.00302284 9.98423E-05 0.661 9.98423E-05 0.155804 9.98423E-05 9.98423E-05 9.98423E-05 9.98423E-05 9.98423E-05 9.98423E-05 0.0592606 9.98423E-05 9.98423E-05 9.98423E-05 9.98423E-05 9.98423E-05 9.98423E-05
9.98333E-05 9.98333E-05 9.98333E-05 9.98333E-05 9.98333E-05 0.0144416 9.98333E-05 9.98333E-05 9.98333E-05 0.943813 9.98333E-05 9.98333E-05 9.98333E-05 0.00532399 0.0345245 9.98333E-05 9.98333E-05 9.98333E-05 9.98333E-05 9.98333E-05 9.98333E-05 9.98333E-05 9.98333E-05
9.98771E-05 0.0038847 9.98771E-05 0.0443886 9.98771E-05 0.0502488 9.98771E-05 9.98771E-05 0.0483807 9.98771E-05 9.98771E-05 9.98771E-05 0.71055 9.98771E-05 9.98771E-05 0.000446182 0.136755 9.98771E-05 9.98771E-05 9.98771E-05 0.00363409 0.000313332 9.98771E-05
0.0593843 0.0103288 9.98336E-05 9.98336E-05 9.98336E-05 9.98336E-05 0.012518 9.98336E-05 9.98336E-05 9.98336E-05 9.98336E-05 9.98336E-05 0.915872 9.98336E-05 9.98336E-05 9.98336E-05 9.98336E-05 9.98336E-05 9.98336E-05 9.98336E-05 9.98336E-05 9.98336E-05 9.98336E-05
9.98158E-05 9.98158E-05 9.98158E-05 0.0532566 9.98158E-05 9.98158E-05 9.98158E-05 9.98158E-05 9.98158E-05 9.98158E-05 9.98158E-05 9.98158E-05 0.944647 9.98158E-05 9.98158E-05 9.98158E-05 9.98158E-05 9.98158E-05 9.98158E-05 9.98158E-05 9.98158E-05 9.98158E-05 9.98158E-05
9.98595E-05 9.98595E-05 9.98595E-05 0.0108459 9.98595E-05 9.98595E-05 9.98595E-05 9.98595E-05 0.101879 9.98595E-05 9.98595E-05 9.98595E-05 0.368687 9.98595E-05 0.036558 0.249345 9.98595E-05 9.98595E-05 9.98595E-05 9.98595E-05 0.00956752 0.221519 9.98595E-05
9.98593E-05 9.98593E-05 0.0150918 9.98593E-05 9.98593E-05 0.002207 9.98593E-05 9.98593E-05 0.0481969 9.98593E-05 9.98593E-05 9.98593E-05 0.647953 0.0888764 0.124786 9.98593E-05 0.071291 9.98593E-05 9.98593E-05 9.98593E-05 9.98593E-05 9.98593E-05 9.98593E-05
9.98505E-05 9.98505E-05 9.98505E-05 9.98505E-05 9.98505E-05 9.98505E-05 9.98505E-05 9.98505E-05 0.00875653 9.98505E-05 9.98505E-05 9.98505E-05 0.596257 0.0999857 9.98505E-05 9.98505E-05 0.202731 9.98505E-05 0.0244492 9.98505E-05 9.98505E-05 0.0661229 9.98505E-05
9.98418E-05 9.98418E-05 9.98418E-05 9.98418E-05 0.0660642 0.00429743 9.98418E-05 9.98418E-05 9.98418E-05 9.98418E-05 9.98418E-05 9.98418E-05 0.620447 9.98418E-05 9.98418E-05 0.228974 0.0784205 9.98418E-05 9.98418E-05 9.98418E-05 9.98418E-05 9.98418E-05 9.98418E-05
9.98506E-05 9.98506E-05 9.98506E-05 0.153198 9.98506E-05 9.98506E-05 9.98506E-05 9.98506E-05 0.0722904 9.98506E-05 9.98506E-05 9.98506E-05 0.56639 9.98506E-05 9.98506E-05 0.069959 0.0587696 9.98506E-05 9.98506E-05 9.98506E-05 9.98506E-05 0.0776949 9.98506E-05
9.9807E-05 9.9807E-05 9.9807E-05 9.9807E-05 9.9807E-05 9.9807E-05 9.9807E-05 9.9807E-05 9.9807E-05 9.9807E-05 9.9807E-05 9.9807E-05 0.997804 9.9807E-05 9.9807E-05 9.9807E-05 9.9807E-05 9.9807E-05 9.9807E-05 9.9807E-05 9.9807E-05 9.9807E-05 9.9807E-05
9.98158E-05 9.98158E-05 9.98158E-05 9.98158E-05 9.98158E-05 0.056159 9.98158E-05 9.98158E-05 9.98158E-05 9.98158E-05 9.98158E-05 9.98158E-05 0.941745 9.98158E-05 9.98158E-05 9.98158E-05 9.98158E-05 9.98158E-05 9.98158E-05 9.98158E-05 9.98158E-05 9.98158E-05 9.98158E-05
9.98418E-05 9.98418E-05 9.98418E-05 9.98418E-05 9.98418E-05 0.155711 9.98418E-05 9.98418E-05 0.0252169 9.98418E-05 9.98418E-05 9.98418E-05 0.551831 9.98418E-05 9.98418E-05 9.98418E-05 0.232446 9.98418E-05 9.98418E-05 0.0329983 9.98418E-05 9.98418E-05 9.98418E-05
0.0900257 9.98858E-05 9.98858E-05 9.98858E-05 9.98858E-05 0.0395708 9.98858E-05 9.98858E-05 9.98858E-05 9.98858E-05 0.0258756 9.98858E-05 0.413931 0.0999899 0.00527569 0.0837547 0.0608994 9.98858E-05 0.112121 0.067258 9.98858E-05 9.98858E-05 9.98858E-05
0.0530492 9.98593E-05 9.98593E-05 9.98593E-05 9.98593E-05 0.0431239 9.98593E-05 9.98593E-05 0.130233 9.98593E-05 9.98593E-05 9.98593E-05 0.500232 9.98593E-05 9.98593E-05 9.98593E-05 9.98593E-05 0.099945 0.123435 9.98593E-05 9.98593E-05 0.0483844 9.98593E-05
9.98419E-05 9.98419E-05 9.98419E-05 9.98419E-05 9.98419E-05 9.98419E-05 9.98419E-05 9.98419E-05 9.98419E-05 9.98419E-05 9.98419E-05 9.98419E-05 0.569284 0.142317 9.98419E-05 0.0885062 0.176129 9.98419E-05 9.98419E-05 0.0219666 9.98419E-05 9.98419E-05 9.98419E-05
0.0156113 9.98248E-05 9.98248E-05 9.98248E-05 9.98248E-05 9.98248E-05 9.98248E-05 9.98248E-05 9.98248E-05 9.98248E-05 0.0502579 9.98248E-05 0.932134 9.98248E-05 9.98248E-05 9.98248E-05 9.98248E-05 9.98248E-05 9.98248E-05 9.98248E-05 9.98248E-05 9.98248E-05 9.98248E-05
9.98334E-05 9.98334E-05 9.98334E-05 9.98334E-05 0.0541131 9.98334E-05 9.98334E-05 9.98334E-05 0.00979392 9.98334E-05 9.98334E-05 9.98334E-05 0.921796 9.98334E-05 9.98334E-05 9.98334E-05 0.0124005 9.98334E-05 9.98334E-05 9.98334E-05 9.98334E-05 9.98334E-05 9.98334E-05
9.98417E-05 9.98417E-05 9.98417E-05 0.0512771 9.98417E-05 9.98417E-05 9.98417E-05 9.98417E-05 9.98417E-05 9.98417E-05 9.98417E-05 9.98417E-05 0.570218 9.98417E-05 0.09237 9.98417E-05 9.98417E-05 9.98417E-05 9.98417E-05 0.152546 9.98417E-05 0.131793 9.98417E-05
9.98508E-05 9.98508E-05 9.98508E-05 9.98508E-05 9.98508E-05 0.062557 9.98508E-05 9.98508E-05 0.0323906 9.98508E-05 9.98508E-05 9.98508E-05 0.654819 0.0727938 9.98508E-05 9.98508E-05 9.98508E-05 9.98508E-05 0.110832 0.0649104 9.98508E-05 9.98508E-05 9.98508E-05
9.98333E-05 9.98333E-05 9.98333E-05 0.103727 9.98333E-05 9.98333E-05 9.98333E-05 9.98333E-05 9.98333E-05 9.98333E-05 9.98333E-05 9.98333E-05 0.826649 9.98333E-05 9.98333E-05 9.98333E-05 0.0384634 9.98333E-05 9.98333E-05 0.029263 9.98333E-05 9.98333E-05 9.98333E-05
0.0427912 9.98505E-05 9.98505E-05 9.98505E-05 9.98505E-05 9.98505E-05 9.98505E-05 9.98505E-05 9.98505E-05 9.98505E-05 0.0186431 9.98505E-05 0.663813 9.98505E-05 9.98505E-05 9.98505E-05 0.192235 0.0190231 9.98505E-05 9.98505E-05 9.98505E-05 0.0617972 9.98505E-05
9.98163E-05 9.98163E-05 9.98163E-05 9.98163E-05 9.98163E-05 9.98163E-05 9.98163E-05 9.98163E-05 9.98163E-05 9.98163E-05 9.98163E-05 0.00264216 0.995262 9.98163E-05 9.98163E-05 9.98163E-05 9.98163E-05 9.98163E-05 9.98163E-05 9.98163E-05 9.98163E-05 9.98163E-05 9.98163E-05
9.9833E-05 9.9833E-05 9.9833E-05 9.9833E-05 9.9833E-05 9.9833E-05 9.9833E-05 9.9833E-05 9.9833E-05 9.9833E-05 9.9833E-05 9.9833E-05 0.662813 0.28325 9.9833E-05 9.9833E-05 0.0175146 9.9833E-05 9.9833E-05 0.0345256 9.9833E-05 9.9833E-05 9.9833E-05
9.98597E-05 0.00238577 9.98597E-05 9.98597E-05 9.98597E-05 0.0147475 9.98597E-05 9.98597E-05 9.98597E-05 9.98597E-05 9.98597E-05 0.0244627 0.704129 0.0108095 9.98597E-05 9.98597E-05 0.0237038 9.98597E-05 9.98597E-05 9.98597E-05 9.98597E-05 0.218164 9.98597E-05
9.98507E-05 9.98507E-05 9.98507E-05 0.0220706 9.98507E-05 9.98507E-05 0.0771929 9.98507E-05 0.0489363 9.98507E-05 9.98507E-05 9.98507E-05 0.629043 9.98507E-05 0.0358506 9.98507E-05 9.98507E-05 9.98507E-05 9.98507E-05 0.185209 9.98507E-05 9.98507E-05 9.98507E-05
9.98243E-05 9.98243E-05 9.98243E-05 9.98243E-05 9.98243E-05 0.0948181 9.98243E-05 9.98243E-05 9.98243E-05 9.98243E-05 9.98243E-05 9.98243E-05 0.801673 9.98243E-05 9.98243E-05 9.98243E-05 9.98243E-05 9.98243E-05 0.101512 9.98243E-05 9.98243E-05 9.98243E-05 9.98243E-05
9.98685E-05 9.98685E-05 0.0276206 9.98685E-05 9.98685E-05 0.00285072 9.98685E-05 9.98685E-05 0.0294511 0.0387405 0.0195946 9.98685E-05 0.828229 9.98685E-05 9.98685E-05 0.0195463 0.0324693 9.98685E-05 9.98685E-05 9.98685E-05 9.98685E-05 9.98685E-05 9.98685E-05
9.98072E-05 9.98072E-05 9.98072E-05 9.98072E-05 9.98072E-05 9.98072E-05 9.98072E-05 9.98072E-05 9.98072E-05 9.98072E-05 9.98072E-05 9.98072E-05 0.997804 9.98072E-05 9.98072E-05 9.98072E-05 9.98072E-05 9.98072E-05 9.98072E-05 9.98072E-05 9.98072E-05 9.98072E-05 9.98072E-05
9.98159E-05 9.98159E-05 9.98159E-05 9.98159E-05 9.98159E-05 9.98159E-05 9.98159E-05 9.98159E-05 9.98159E-05 9.98159E-05 9.98159E-05 9.98159E-05 0.982581 9.98159E-05 9.98159E-05 9.98159E-05 0.0153234 9.98159E-05 9.98159E-05 9.98159E-05 9.98159E-05 9.98159E-05 9.98159E-05
9.98158E-05 9.98158E-05 9.98158E-05 0.131194 9.98158E-05 9.98158E-05 9.98158E-05 9.98158E-05 9.98158E-05 9.98158E-05 9.98158E-05 9.98158E-05 0.86671 9.98158E-05 9.98158E-05 9.98158E-05 9.98158E-05 9.98158E-05 9.98158E-05 9.98158E-05 9.98158E-05 9.98158E-05 9.98158E-05
9.98334E-05 9.98334E-05 9.98334E-05 9.98334E-05 9.98334E-05 9.98334E-05 9.98334E-05 9.98334E-05 0.0290174 9.98334E-05 9.98334E-05 0.388211 0.455596 9.98334E-05 9.98334E-05 9.98334E-05 0.125278 9.98334E-05 9.98334E-05 9.98334E-05 9.98334E-05 9.98334E-05 9.98334E-05
9.98335E-05 9.98335E-05 9.98335E-05 9.98335E-05 9.98335E-05 9.98335E-05 9.98335E-05 9.98335E-05 0.0728284 9.98335E-05 9.98335E-05 0.00281323 9.98335E-05 9.98335E-05 9.98335E-05 9.98335E-05 0.155654 9.98335E-05 9.98335E-05 9.98335E-05 9.98335E-05 0.766808 9.98335E-05
9.98157E-05 9.98157E-05 9.98157E-05 9.98157E-05 9.98157E-05 9.98157E-05 9.98157E-05 9.98157E-05 9.98157E-05 9.98157E-05 9.98157E-05 0.922647 9.98157E-05 9.98157E-05 9.98157E-05 9.98157E-05 9.98157E-05 9.98157E-05 9.98157E-05 9.98157E-05 9.98157E-05 0.0752565 9.98157E-05
9.98332E-05 9.98332E-05 9.98332E-05 9.98332E-05 9.98332E-05 9.98332E-05 9.98332E-05 9.98332E-05 9.98332E-05 9.98332E-05 0.0199059 9.98332E-05 9.98332E-05 9.98332E-05 9.98332E-05 9.98332E-05 0.109815 9.98332E-05 9.98332E-05 9.98332E-05 0.016564 0.851818 9.98332E-05
9.98331E-05 9.98331E-05 9.98331E-05 0.0707897 9.98331E-05 0.0832159 9.98331E-05 9.98331E-05 9.98331E-05 9.98331E-05 9.98331E-05 9.98331E-05 9.98331E-05 9.98331E-05 9.98331E-05 9.98331E-05 0.0299484 9.98331E-05 9.98331E-05 9.98331E-05 9.98331E-05 0.814149 9.98331E-05
9.98419E-05 9.98419E-05 9.98419E-05 9.98419E-05 9.98419E-05 9.98419E-05 0.0106723 9.98419E-05 0.0447754 9.98419E-05 0.0266212 9.98419E-05 9.98419E-05 9.98419E-05 9.98419E-05 9.98419E-05 9.98419E-05 9.98419E-05 0.0130903 9.98419E-05 9.98419E-05 0.903044 9.98419E-05
9.98508E-05 9.98508E-05 9.98508E-05 9.98508E-05 0.124078 9.98508E-05 9.98508E-05 9.98508E-05 0.158483 9.98508E-05 9.98508E-05 0.0423767 9.98508E-05 9.98508E-05 9.98508E-05 0.0243949 0.120193 9.98508E-05 9.98508E-05 9.98508E-05 9.98508E-05 0.528778 9.98508E-05
9.98508E-05 9.98508E-05 9.98508E-05 9.98508E-05 9.98508E-05 9.98508E-05 9.98508E-05 9.98508E-05 0.0853497 9.98508E-05 9.98508E-05 0.0655736 9.98508E-05 0.0368318 9.98508E-05 9.98508E-05 0.0727323 9.98508E-05 0.0251201 9.98508E-05 9.98508E-05 0.712695 9.98508E-05
9.98245E-05 9.98245E-05 9.98245E-05 9.98245E-05 9.98245E-05 9.98245E-05 9.98245E-05 9.98245E-05 0.168898 9.98245E-05 9.98245E-05 9.98245E-05 9.98245E-05 9.98245E-05 9.98245E-05 9.98245E-05 0.0178541 9.98245E-05 9.98245E-05 9.98245E-05 9.98245E-05 0.811252 9.98245E-05
9.98595E-05 9.98595E-05 9.98595E-05 9.98595E-05 9.98595E-05 9.98595E-05 9.98595E-05 9.98595E-05 0.344173 9.98595E-05 9.98595E-05 9.98595E-05 9.98595E-05 9.98595E-05 9.98595E-05 0.268983 0.0561162 0.00569106 0.00350496 9.98595E-05 0.0232346 0.2967 9.98595E-05
9.98333E-05 9.98333E-05 9.98333E-05 9.98333E-05 9.98333E-05 9.98333E-05 9.98333E-05 9.98333E-05 0.1357 9.98333E-05 9.98333E-05 9.98333E-05 9.98333E-05 9.98333E-05 9.98333E-05 9.98333E-05 0.261165 9.98333E-05 9.98333E-05 9.98333E-05 0.0169954 0.584243 9.98333E-05
9.98334E-05 9.98334E-05 9.98334E-05 9.98334E-05 9.98334E-05 9.98334E-05 9.98334E-05 9.98334E-05 0.00295749 9.98334E-05 9.98334E-05 9.98334E-05 9.98334E-05 9.98334E-05 9.98334E-05 0.260079 9.98334E-05 9.98334E-05 9.98334E-05 9.98334E-05 9.98334E-05 0.343012 0.392054
9.9842E-05 9.9842E-05 9.9842E-05 9.9842E-05 9.9842E-05 0.0055526 9.9842E-05 9.9842E-05 9.9842E-05 9.9842E-05 9.9842E-05 9.9842E-05 9.9842E-05 9.9842E-05 9.9842E-05 0.103256 0.0447657 9.9842E-05 9.9842E-05 9.9842E-05 9.9842E-05 0.609603 0.235026
9.98247E-05 9.98247E-05 9.98247E-05 9.98247E-05 9.98247E-05 9.98247E-05 9.98247E-05 9.98247E-05 0.0569164 9.98247E-05 9.98247E-05 0.163586 9.98247E-05 9.98247E-05 9.98247E-05 9.98247E-05 9.98247E-05 9.98247E-05 9.98247E-05 9.98247E-05 9.98247E-05 0.777501 9.98247E-05
9.98335E-05 9.98335E-05 9.98335E-05 9.98335E-05 9.98335E-05 9.98335E-05 9.98335E-05 9.98335E-05 0.0861477 9.98335E-05 9.98335E-05 9.98335E-05 9.98335E-05 9.98335E-05 9.98335E-05 9.98335E-05 0.224348 9.98335E-05 9.98335E-05 9.98335E-05 9.98335E-05 0.554316 0.133292
0.0332012 9.98597E-05 9.98597E-05 0.10643 9.98597E-05 9.98597E-05 9.98597E-05 9.98597E-05 0.06269 9.98597E-05 9.98597E-05 0.0452602 9.98597E-05 9.98597E-05 9.98597E-05 9.98597E-05 9.98597E-05 9.98597E-05 0.0209076 9.98597E-05 9.98597E-05 0.6245 0.105413
9.98596E-05 9.98596E-05 9.98596E-05 9.98596E-05 0.0980176 0.000872057 9.98596E-05 9.98596E-05 9.98596E-05 9.98596E-05 0.042729 0.124881 9.98596E-05 9.98596E-05 9.98596E-05 0.0609419 0.0850512 9.98596E-05 9.98596E-05 9.98596E-05 9.98596E-05 0.58591 9.98596E-05
9.98508E-05 9.98508E-05 0.0535302 9.98508E-05 9.98508E-05 9.98508E-05 9.98508E-05 9.98508E-05 0.0509787 9.98508E-05 9.98508E-05 9.98508E-05 9.98508E-05 9.98508E-05 9.98508E-05 0.231672 0.0579617 9.98508E-05 9.98508E-05 9.98508E-05 9.98508E-05 0.507791 0.0963692
9.9851E-05 9.9851E-05 9.9851E-05 9.9851E-05 0.0478943 9.9851E-05 9.9851E-05 9.9851E-05 0.138797 9.9851E-05 9.9851E-05 9.9851E-05 9.9851E-05 0.11341 0.0144795 9.9851E-05 9.9851E-05 9.9851E-05 9.9851E-05 9.9851E-05 9.9851E-05 0.631504 0.0522179
9.98333E-05 9.98333E-05 0.00273449 9.98333E-05 9.98333E-05 0.0507622 9.98333E-05 9.98333E-05 9.98333E-05 9.98333E-05 9.98333E-05 9.98333E-05 9.98333E-05 9.98333E-05 9.98333E-05 9.98333E-05 9.98333E-05 9.98333E-05 9.98333E-05 9.98333E-05 9.98333E-05 0.860923 0.0836834
9.98597E-05 0.0129635 0.0696138 9.98597E-05 9.98597E-05 0.0451862 9.98597E-05 9.98597E-05 0.0784038 9.98597E-05 9.98597E-05 9.98597E-05 9.98597E-05 9.98597E-05 9.98597E-05 9.98597E-05 0.0764438 9.98597E-05 9.98597E-05 9.98597E-05 9.98597E-05 0.463956 0.251835
9.98421E-05 9.98421E-05 9.98421E-05 9.98421E-05 9.98421E-05 9.98421E-05 9.98421E-05 9.98421E-05 9.98421E-05 9.98421E-05 0.0440163 9.98421E-05 9.98421E-05 9.98421E-05 9.98421E-05 0.0830161 0.0395104 9.98421E-05 9.98421E-05 9.98421E-05 9.98421E-05 0.80105 0.0306098
9.98333E-05 9.98333E-05 9.98333E-05 9.98333E-05 9.98333E-05 9.98333E-05 9.98333E-05 9.98333E-05 0.0318422 9.98333E-05 9.98333E-05 9.98333E-05 9.98333E-05 9.98333E-05 9.98333E-05 9.98333E-05 0.00356597 9.98333E-05 9.98333E-05 9.98333E-05 9.98333E-05 0.958345 0.00435035
9.98421E-05 9.98421E-05 0.0417007 9.98421E-05 9.98421E-05 9.98421E-05 9.98421E-05 9.98421E-05 0.229246 9.98421E-05 9.98421E-05 9.98421E-05 9.98421E-05 9.98421E-05 9.98421E-05 0.0575817 0.194874 9.98421E-05 9.98421E-05 9.98421E-05 9.98421E-05 0.4748 9.98421E-05
9.9842E-05 9.9842E-05 9.9842E-05 9.9842E-05 9.9842E-05 9.9842E-05 9.9842E-05 9.9842E-05 0.0452199 9.9842E-05 9.9842E-05 0.275536 9.9842E-05 9.9842E-05 9.9842E-05 9.9842E-05 0.00822967 9.9842E-05 9.9842E-05 9.9842E-05 0.0748547 0.594362 9.9842E-05
9.98421E-05 9.98421E-05 0.0366744 9.98421E-05 9.98421E-05 9.98421E-05 9.98421E-05 9.98421E-05 0.224443 9.98421E-05 9.98421E-05 9.98421E-05 9.98421E-05 9.98421E-05 9.98421E-05 0.0577055 0.193433 9.98421E-05 9.98421E-05 9.98421E-05 9.98421E-05 0.485947 9.98421E-05
9.98597E-05 9.98597E-05 9.98597E-05 9.98597E-05 9.98597E-05 9.98597E-05 9.98597E-05 9.98597E-05 0.125673 9.98597E-05 9.98597E-05 0.331135 0.158469 9.98597E-05 9.98597E-05 0.0707141 0.121257 9.98597E-05 9.98597E-05 9.98597E-05 9.98597E-05 0.178491 0.0126639
9.98596E-05 0.00522437 9.98596E-05 9.98596E-05 9.98596E-05 9.98596E-05 0.117466 9.98596E-05 9.98596E-05 9.98596E-05 0.0510881 0.352337 9.98596E-05 9.98596E-05 9.98596E-05 9.98596E-05 0.0215987 9.98596E-05 9.98596E-05 9.98596E-05 9.98596E-05 0.0343409 0.416347
9.98331E-05 9.98331E-05 9.98331E-05 9.98331E-05 9.98331E-05 9.98331E-05 9.98331E-05 9.98331E-05 0.0180254 9.98331E-05 9.98331E-05 9.98331E-05 9.98331E-05 9.98331E-05 9.98331E-05 9.98331E-05 0.0533081 9.98331E-05 9.98331E-05 0.0439754 9.98331E-05 0.882794 9.98331E-05
9.98422E-05 9.98422E-05 9.98422E-05 9.98422E-05 9.98422E-05 9.98422E-05 9.98422E-05 9.98422E-05 0.262077 9.98422E-05 9.98422E-05 0.00747088 9.98422E-05 9.98422E-05 9.98422E-05 0.0383942 0.174638 9.98422E-05 9.98422E-05 9.98422E-05 9.98422E-05 0.515623 9.98422E-05
9.98421E-05 9.98421E-05 0.000260809 9.98421E-05 9.98421E-05 9.98421E-05 9.98421E-05 9.98421E-05 9.98421E-05 9.98421E-05 0.12346 0.158255 9.98421E-05 9.98421E-05 9.98421E-05 9.98421E-05 0.08947 9.98421E-05 9.98421E-05 9.98421E-05 9.98421E-05 0.626758 9.98421E-05
0.0123293 9.9851E-05 9.9851E-05 9.9851E-05 9.9851E-05 0.0267384 9.9851E-05 9.9851E-05 0.0348122 9.9851E-05 9.9851E-05 9.9851E-05 9.9851E-05 9.9851E-05 9.9851E-05 9.9851E-05 0.187323 9.9851E-05 9.9851E-05 9.9851E-05 9.9851E-05 0.722544 0.0145553
0.0251569 9.98247E-05 9.98247E-05 9.98247E-05 9.98247E-05 9.98247E-05 9.98247E-05 9.98247E-05 9.98247E-05 9.98247E-05 9.98247E-05 0.0118021 9.98247E-05 9.98247E-05 9.98247E-05 9.98247E-05 9.98247E-05 9.98247E-05 9.98247E-05 9.98247E-05 9.98247E-05 0.961044 9.98247E-05
9.98419E-05 9.98419E-05 0.114834 9.98419E-05 9.98419E-05 9.98419E-05 9.98419E-05 9.98419E-05 0.283185 9.98419E-05 0.126232 9.98419E-05 9.98419E-05 9.98419E-05 9.98419E-05 9.98419E-05 0.105872 9.98419E-05 9.98419E-05 9.98419E-05 9.98419E-05 0.368079 9.98419E-05
9.98243E-05 9.98243E-05 9.98243E-05 9.98243E-05 9.98243E-05 9.98243E-05 9.98243E-05 9.98243E-05 9.98243E-05 9.98243E-05 9.98243E-05 9.98243E-05 9.98243E-05 0.126873 9.98243E-05 9.98243E-05 0.0536375 9.98243E-05 9.98243E-05 9.98243E-05 9.98243E-05 0.817493 9.98243E-05
9.98334E-05 9.98334E-05 9.98334E-05 9.98334E-05 0.0224398 9.98334E-05 9.98334E-05 9.98334E-05 9.98334E-05 9.98334E-05 9.98334E-05 0.08867 9.98334E-05 9.98334E-05 9.98334E-05 9.98334E-05 0.0443279 9.98334E-05 9.98334E-05 9.98334E-05 9.98334E-05 0.842665 9.98334E-05
9.98508E-05 9.98508E-05 9.98508E-05 9.98508E-05 0.0633425 0.0192675 9.98508E-05 9.98508E-05 0.0232466 9.98508E-05 9.98508E-05 9.98508E-05 9.98508E-05 0.0491116 9.98508E-05 9.98508E-05 9.98508E-05 9.98508E-05 9.98508E-05 9.98508E-05 9.98508E-05 0.605781 0.237553
9.98331E-05 9.98331E-05 9.98331E-05 9.98331E-05 9.98331E-05 9.98331E-05 9.98331E-05 9.98331E-05 0.0785497 9.98331E-05 9.98331E-05 9.98331E-05 9.98331E-05 9.98331E-05 9.98331E-05 9.98331E-05 0.166723 9.98331E-05 0.0370153 9.98331E-05 9.98331E-05 0.715815 9.98331E-05
9.98421E-05 9.98421E-05 9.98421E-05 0.0189326 9.98421E-05 9.98421E-05 9.98421E-05 9.98421E-05 0.0860702 9.98421E-05 9.98421E-05 0.118187 9.98421E-05 9.98421E-05 9.98421E-05 9.98421E-05 9.98421E-05 9.98421E-05 9.98421E-05 9.98421E-05 9.98421E-05 0.206276 0.568738
9.98509E-05 9.98509E-05 0.0158408 9.98509E-05 9.98509E-05 0.00177237 9.98509E-05 9.98509E-05 9.98509E-05 9.98509E-05 9.98509E-05 0.379168 9.98509E-05 9.98509E-05 9.98509E-05 9.98509E-05 0.0300184 9.98509E-05 0.00751692 9.98509E-05 9.98509E-05 0.563986 9.98509E-05
9.98158E-05 9.98158E-05 9.98158E-05 9.98158E-05 9.98158E-05 9.98158E-05 9.98158E-05 9.98158E-05 9.98158E-05 9.98158E-05 9.98158E-05 0.623909 9.98158E-05 9.98158E-05 9.98158E-05 9.98158E-05 9.98158E-05 9.98158E-05 9.98158E-05 9.98158E-05 9.98158E-05 0.373995 9.98158E-05
9.98159E-05 9.98159E-05 9.98159E-05 9.98159E-05 9.98159E-05 9.98159E-05 9.98159E-05 9.98159E-05 9.98159E-05 9.98159E-05 9.98159E-05 9.98159E-05 9.98159E-05 9.98159E-05 9.98159E-05 9.98159E-05 9.98159E-05 9.98159E-05 9.98159E-05 9.98159E-05 9.98159E-05 0.352563 0.645341
9.98419E-05 9.98419E-05 9.98419E-05 9.98419E-05 9.98419E-05 9.98419E-05 9.98419E-05 9.98419E-05 0.133266 9.98419E-05 9.98419E-05 9.98419E-05 9.98419E-05 9.98419E-05 9.98419E-05 0.109629 0.265679 0.0525327 9.98419E-05 9.98419E-05 9.98419E-05 0.437096 9.98419E-05
9.98334E-05 0.0962081 9.98334E-05 9.98334E-05 9.98334E-05 9.98334E-05 9.98334E-05 9.98334E-05 0.134111 9.98334E-05 9.98334E-05 9.98334E-05 9.98334E-05 0.00569196 9.98334E-05 9.98334E-05 9.98334E-05 9.98334E-05 9.98334E-05 9.98334E-05 9.98334E-05 0.762092 9.98334E-05
9.98421E-05 9.98421E-05 9.98421E-05 9.98421E-05 9.98421E-05 9.98421E-05 9.98421E-05 9.98421E-05 0.156768 9.98421E-05 0.0457015 0.209033 9.98421E-05 9.98421E-05 9.98421E-05 9.98421E-05 0.0561019 9.98421E-05 9.98421E-05 9.98421E-05 9.98421E-05 9.98421E-05 0.530598
9.98246E-05 9.98246E-05 9.98246E-05 9.98246E-05 9.98246E-05 9.98246E-05 9.98246E-05 9.98246E-05 9.98246E-05 9.98246E-05 9.98246E-05 9.98246E-05 9.98246E-05 9.98246E-05 9.98246E-05 9.98246E-05 0.0823805 9.98246E-05 9.98246E-05 9.98246E-05 9.98246E-05 0.202685 0.712938
9.98595E-05 9.98595E-05 0.065954 0.00642415 9.98595E-05 9.98595E-05 9.98595E-05 9.98595E-05 0.215481 9.98595E-05 0.0191885 9.98595E-05 9.98595E-05 0.0423515 9.98595E-05 0.0754001 9.98595E-05 9.98595E-05 9.98595E-05 9.98595E-05 9.98595E-05 0.573603 9.98595E-05
9.98684E-05 9.98684E-05 9.98684E-05 0.0336131 9.98684E-05 9.98684E-05 9.98684E-05 9.98684E-05 0.143429 9.98684E-05 9.98684E-05 0.00198384 0.1393 9.98684E-05 9.98684E-05 9.98684E-05 0.0413715 9.98684E-05 0.0121505 9.98684E-05 0.000186921 0.626467 9.98684E-05
0.0205563 9.98772E-05 9.98772E-05 9.98772E-05 9.98772E-05 9.98772E-05 0.0762628 9.98772E-05 0.155305 9.98772E-05 9.98772E-05 9.98772E-05 9.98772E-05 0.00173184 9.98772E-05 0.0853975 0.0319446 9.98772E-05 0.0586336 9.98772E-05 9.98772E-05 0.480273 0.088497
9.9851E-05 9.9851E-05 9.9851E-05 9.9851E-05 9.9851E-05 0.0378487 9.9851E-05 9.9851E-05 0.318369 9.9851E-05 0.0011545 9.9851E-05 9.9851E-05 0.0301873 9.9851E-05 9.9851E-05 0.195303 9.9851E-05 9.9851E-05 9.9851E-05 9.9851E-05 0.415441 9.9851E-05
9.98333E-05 9.98333E-05 9.98333E-05 9.98333E-05 9.98333E-05 9.98333E-05 9.98333E-05 9.98333E-05 9.98333E-05 9.98333E-05 9.98333E-05 0.526642 9.98333E-05 9.98333E-05 9.98333E-05 9.98333E-05 0.0227773 9.98333E-05 9.98333E-05 9.98333E-05 9.98333E-05 0.225716 0.222968
9.98332E-05 9.98332E-05 9.98332E-05 9.98332E-05 0.249213 9.98332E-05 9.98332E-05 9.98332E-05 9.98332E-05 9.98332E-05 9.98332E-05 9.98332E-05 9.98332E-05 9.98332E-05 0.00814603 9.98332E-05 0.0487725 9.98332E-05 9.98332E-05 9.98332E-05 9.98332E-05 0.691971 9.98332E-05
9.98419E-05 9.98419E-05 9.98419E-05 9.98419E-05 9.98419E-05 0.015819 9.98419E-05 9.98419E-05 0.0279544 9.98419E-05 0.0173858 0.911082 9.98419E-05 9.98419E-05 9.98419E-05 9.98419E-05 9.98419E-05 9.98419E-05 9.98419E-05 9.98419E-05 9.98419E-05 0.025962 9.98419E-05
9.98772E-05 9.98772E-05 9.98772E-05 0.00658159 9.98772E-05 0.0692487 9.98772E-05 9.98772E-05 0.0149501 9.98772E-05 0.0097218 0.133959 9.98772E-05 9.98772E-05 9.98772E-05 9.98772E-05 0.153317 9.98772E-05 0.0337454 9.98772E-05 9.98772E-05 0.482037 0.0950405
0.0117954 9.98333E-05 9.98333E-05 9.98333E-05 9.98333E-05 9.98333E-05 9.98333E-05 9.98333E-05 0.0486834 9.98333E-05 9.98333E-05 9.98333E-05 9.98333E-05 9.98333E-05 9.98333E-05 0.0649107 9.98333E-05 9.98333E-05 9.98333E-05 9.98333E-05 9.98333E-05 0.872714 9.98333E-05
9.98332E-05 9.98332E-05 9.98332E-05 9.98332E-05 0.0261049 9.98332E-05 9.98332E-05 9.98332E-05 9.98332E-05 9.98332E-05 9.98332E-05 9.98332E-05 9.98332E-05 9.98332E-05 9.98332E-05 9.98332E-05 9.98332E-05 9.98332E-05 0.1049 0.0213943 9.98332E-05 0.845704 9.98332E-05
9.98332E-05 9.98332E-05 9.98332E-05 9.98332E-05 9.98332E-05 9.98332E-05 9.98332E-05 9.98332E-05 0.149165 9.98332E-05 9.98332E-05 9.98332E-05 9.98332E-05 9.98332E-05 9.98332E-05 0.214998 0.147364 9.98332E-05 9.98332E-05 9.98332E-05 9.98332E-05 0.486576 9.98332E-05
9.98332E-05 9.98332E-05 9.98332E-05 9.98332E-05 9.98332E-05 9.98332E-05 9.98332E-05 9.98332E-05 0.126247 9.98332E-05 9.98332E-05 9.98332E-05 9.98332E-05 9.98332E-05 9.98332E-05 9.98332E-05 0.132945 9.98332E-05 9.98332E-05 9.98332E-05 0.0137182 0.725193 9.98332E-05
0.0785846 9.98333E-05 9.98333E-05 9.98333E-05 9.98333E-05 0.0632927 9.98333E-05 9.98333E-05 9.98333E-05 9.98333E-05 0.0325198 9.98333E-05 9.98333E-05 9.98333E-05 9.98333E-05 9.98333E-05 9.98333E-05 9.98333E-05 9.98333E-05 9.98333E-05 9.98333E-05 0.823706 9.98333E-05
9.98422E-05 9.98422E-05 0.0471614 9.98422E-05 0.0908911 9.98422E-05 9.98422E-05 9.98422E-05 9.98422E-05 9.98422E-05 9.98422E-05 9.98422E-05 9.98422E-05 9.98422E-05 9.98422E-05 9.98422E-05 0.0919565 9.98422E-05 9.98422E-05 9.98422E-05 9.98422E-05 0.689349 0.078845
9.98508E-05 9.98508E-05 9.98508E-05 9.98508E-05 9.98508E-05 9.98508E-05 9.98508E-05 9.98508E-05 0.178322 9.98508E-05 9.98508E-05 0.176984 9.98508E-05 9.98508E-05 9.98508E-05 0.0649788 0.0285808 9.98508E-05 9.98508E-05 9.98508E-05 9.98508E-05 0.439469 0.109968
9.98068E-05 9.98068E-05 9.98068E-05 9.98068E-05 9.98068E-05 9.98068E-05 9.98068E-05 9.98068E-05 9.98068E-05 9.98068E-05 9.98068E-05 9.98068E-05 9.98068E-05 9.98068E-05 9.98068E-05 9.98068E-05 0.997804 9.98068E-05 9.98068E-05 9.98068E-05 9.98068E-05 9.98068E-05 9.98068E-05
9.98066E-05 9.98066E-05 9.98066E-05 9.98066E-05 9.98066E-05 9.98066E-05 9.98066E-05 9.98066E-05 0.997804 9.98066E-05 9.98066E-05 9.98066E-05 9.98066E-05 9.98066E-05 9.98066E-05 9.98066E-05 9.98066E-05 9.98066E-05 9.98066E-05 9.98066E-05 9.98066E-05 9.98066E-05 9.98066E-05
9.98066E-05 9.98066E-05 9.98066E-05 9.98066E-05 9.98066E-05 9.98066E-05 9.98066E-05 9.98066E-05 9.98066E-05 9.98066E-05 9.98066E-05 9.98066E-05 9.98066E-05 9.98066E-05 9.98066E-05 9.98066E-05 0.997804 9.98066E-05 9.98066E-05 9.98066E-05 9.98066E-05 9.98066E-05 9.98066E-05
