0.0558749 0.0544611 0.663286 9.99912E-05 0.10523 0.121048
9.99737E-05 9.99737E-05 0.920364 9.99737E-05 0.0649772 0.0143587
9.996E-05 9.996E-05 0.9995 9.996E-05 9.996E-05 9.996E-05
0.0576325 9.99912E-05 0.341895 0.375094 0.144116 0.0811617
0.0129916 9.99737E-05 0.939389 0.0473199 9.99737E-05 9.99737E-05
0.206966 0.0793414 0.371666 0.1997 0.142227 9.99912E-05
9.99824E-05 9.99824E-05 0.466362 0.216857 0.165419 0.151161
0.223792 0.110977 0.414031 0.184404 9.99912E-05 0.0666965
0.269861 9.99824E-05 0.319281 0.27525 0.135408 9.99824E-05
0.00405848 0.0189915 0.957085 9.99824E-05 0.019665 9.99824E-05
0.0515528 9.99824E-05 0.702509 9.99824E-05 0.0769617 0.168776
9.99649E-05 9.99649E-05 0.974993 0.0246067 9.99649E-05 9.99649E-05
9.99824E-05 9.99824E-05 0.89657 0.02439 0.0410244 0.0378153
9.99737E-05 9.99737E-05 0.655626 9.99737E-05 0.26144 0.0826343
0.192018 9.99737E-05 0.409061 9.99737E-05 0.398621 9.99737E-05
0.196991 0.0450082 0.330331 0.330998 0.0965722 9.99912E-05
9.99825E-05 0.0215088 0.662389 9.99825E-05 0.298454 0.0174482
0.0550798 0.188046 0.343877 0.253985 0.158912 9.99912E-05
0.190663 0.0181075 0.56098 0.11659 0.101016 0.0126436
0.00619886 9.99649E-05 0.993401 9.99649E-05 9.99649E-05 9.99649E-05
0.102949 9.99824E-05 0.587387 0.240748 9.99824E-05 0.0687158
0.25413 0.0272814 0.397027 0.166194 0.134774 0.0205939
9.99736E-05 9.99736E-05 0.720533 9.99736E-05 0.206933 0.0722338
9.99824E-05 0.0321094 0.616348 0.0642106 0.287132 9.99824E-05
0.0704776 9.99912E-05 0.319149 0.201533 0.375636 0.0331044
0.0315883 0.0115813 0.791228 0.0373497 0.128091 0.000160845
0.0819682 0.170368 0.165997 0.0708397 0.509571 0.00125659
9.99824E-05 9.99824E-05 0.84147 0.0056401 0.101087 0.0516031
9.99824E-05 9.99824E-05 0.688064 0.000795327 0.303353 0.00758764
0.0157153 9.99737E-05 0.857427 9.99737E-05 0.126558 9.99737E-05
0.0867574 0.0473292 0.738634 0.0800675 9.99912E-05 0.0471118
9.99824E-05 9.99824E-05 0.629921 0.0109941 0.273434 0.0854516
9.99824E-05 9.99824E-05 0.628102 0.00651124 0.214653 0.150533
9.999E-05 0.0399156 0.533349 0.0832515 0.305256 0.0381282
9.99825E-05 0.010206 0.863281 0.0291133 9.99825E-05 0.0972
9.99824E-05 9.99824E-05 0.725239 0.109153 0.146667 0.0187402
9.99649E-05 9.99649E-05 0.941996 9.99649E-05 9.99649E-05 0.0576043
0.16952 9.99737E-05 0.768522 9.99737E-05 0.0616582 9.99737E-05
0.0206924 9.99825E-05 0.544235 0.0891644 0.345708 9.99825E-05
9.99824E-05 9.99824E-05 0.515598 0.0549869 0.412481 0.0167349
0.0126462 9.99737E-05 0.918815 0.0682389 9.99737E-05 9.99737E-05
0.11813 0.0055512 0.797086 9.99824E-05 0.0790331 9.99824E-05
9.99649E-05 9.99649E-05 0.971731 9.99649E-05 0.0278693 9.99649E-05
0.107466 0.0208381 0.556628 9.99912E-05 0.226422 0.088546
0.0431513 9.99912E-05 0.534553 0.26891 0.115234 0.0380516
9.99648E-05 9.99648E-05 0.940802 0.0587983 9.99648E-05 9.99648E-05
9.99649E-05 9.99649E-05 0.950746 9.99649E-05 9.99649E-05 0.0488543
9.99737E-05 0.0433043 0.946162 9.99737E-05 9.99737E-05 0.0102343
9.99824E-05 9.99824E-05 0.767987 0.0247509 0.113692 0.0933697
0.0236626 0.0113521 0.825024 0.106091 9.99912E-05 0.0337698
0.0852239 0.00265838 0.311599 0.129187 0.421314 0.0500173
0.0273261 9.99825E-05 0.70808 0.24279 0.0216033 9.99825E-05
9.99649E-05 0.0535279 0.946072 9.99649E-05 9.99649E-05 9.99649E-05
9.99912E-05 0.0573389 0.655432 0.164814 0.018094 0.104222
9.99649E-05 9.99649E-05 0.91918 0.0804201 9.99649E-05 9.99649E-05
9.99825E-05 9.99825E-05 0.807168 0.100452 0.074097 0.0180827
0.0238381 0.0831723 0.849608 0.0431815 9.99824E-05 9.99824E-05
9.99649E-05 9.99649E-05 0.955417 9.99649E-05 9.99649E-05 0.0441827
0.0313707 9.99736E-05 0.929068 9.99736E-05 9.99736E-05 0.0392613
0.0931761 0.173965 0.196252 9.99912E-05 0.525845 0.0106613
0.0629028 0.0319818 0.521961 0.146346 0.192122 0.0446861
0.0503732 0.134594 0.47149 9.99912E-05 0.25933 0.0841123
0.213999 0.0633654 9.99737E-05 9.99737E-05 0.722336 9.99737E-05
0.194583 0.130624 0.279609 0.206045 0.175612 0.0135277
0.15061 0.124308 0.123426 9.99912E-05 0.540674 0.0608823
0.0973929 0.0469429 0.128413 9.99912E-05 0.648767 0.0783838
0.116385 0.286765 9.99824E-05 9.99824E-05 0.581286 0.0153631
0.0119426 0.171626 0.286868 9.99912E-05 0.528214 0.00124978
0.126761 9.99824E-05 0.392964 9.99824E-05 0.326011 0.154064
0.126849 0.0446765 0.0133299 9.99912E-05 0.534742 0.280302
0.110863 0.10049 0.198276 0.230904 0.241949 0.117517
0.269914 0.0333199 0.0504434 0.214334 0.262306 0.169683
0.0961107 0.0377698 0.188811 0.10561 0.571599 9.99912E-05
9.99825E-05 0.0758432 0.348605 9.99825E-05 0.467062 0.10829
0.112999 0.0239737 0.357834 9.99912E-05 0.421709 0.0833843
0.0197757 0.229973 0.0449711 0.130882 0.574298 9.99912E-05
0.196002 0.143246 0.231536 0.129367 0.111531 0.188318
0.0755053 0.19615 0.35432 9.99912E-05 0.315995 0.0579295
9.99912E-05 0.101944 0.00492463 0.0889903 0.753283 0.0507577
9.99825E-05 0.0866471 0.417237 9.99825E-05 0.466673 0.0292426
0.0864602 0.132403 0.273555 0.0397098 0.467772 9.99912E-05
9.99737E-05 0.0885106 0.271642 9.99737E-05 0.639547 9.99737E-05
0.0795446 0.129865 0.220693 0.125185 0.339777 0.104935
0.0557343 9.99824E-05 0.35362 9.99824E-05 0.308727 0.281719
0.14563 9.99912E-05 0.470596 0.0177313 0.307372 0.0585709
0.030276 0.124066 0.560578 9.99825E-05 0.28488 9.99825E-05
0.0758406 0.0810931 0.406805 0.028337 0.407824 9.99912E-05
0.158406 0.274757 0.458495 9.99825E-05 0.108143 9.99825E-05
0.1296 9.99737E-05 0.325354 9.99737E-05 0.544746 9.99737E-05
0.165664 9.99649E-05 9.99649E-05 9.99649E-05 0.833936 9.99649E-05
0.0363579 9.9965E-05 9.9965E-05 9.9965E-05 0.963242 9.9965E-05
0.0441655 9.99736E-05 9.99736E-05 9.99736E-05 0.902183 0.0533516
0.105227 0.106679 9.99824E-05 9.99824E-05 0.729192 0.0587018
0.17773 0.0329146 9.99824E-05 9.99824E-05 0.778641 0.0105146
0.196659 9.99649E-05 9.99649E-05 9.99649E-05 0.802941 9.99649E-05
0.142538 0.00353596 9.99824E-05 9.99824E-05 0.77626 0.0774665
0.244547 9.99736E-05 9.99736E-05 0.0222254 0.732928 9.99736E-05
0.422505 9.99736E-05 9.99736E-05 9.99736E-05 0.54065 0.0365447
0.26378 9.99648E-05 9.99648E-05 9.99648E-05 0.73582 9.99648E-05
0.107647 9.99737E-05 9.99737E-05 9.99737E-05 0.863276 0.0287779
9.99649E-05 9.99649E-05 9.99649E-05 9.99649E-05 0.944567 0.0550334
0.11233 9.99737E-05 9.99737E-05 9.99737E-05 0.846965 0.0404051
0.20271 9.99649E-05 9.99649E-05 9.99649E-05 0.79689 9.99649E-05
0.0914828 0.141294 9.99824E-05 9.99824E-05 0.723944 0.0430794
0.111713 9.99824E-05 9.99824E-05 0.00201209 0.80413 0.0819446
0.0580824 9.99648E-05 9.99648E-05 9.99648E-05 0.941518 9.99648E-05
0.143787 9.99825E-05 9.99825E-05 0.123434 0.694569 0.0380098
0.0996157 9.99736E-05 9.99736E-05 9.99736E-05 0.813996 0.0860888
0.0821034 9.99825E-05 9.99825E-05 0.022367 0.875141 0.0201886
0.0696086 9.99649E-05 9.99649E-05 9.99649E-05 0.929992 9.99649E-05
0.118354 9.99737E-05 9.99737E-05 9.99737E-05 0.806534 0.0748118
0.257268 9.99736E-05 9.99736E-05 0.143911 0.598521 9.99736E-05
0.269388 9.99649E-05 9.99649E-05 9.99649E-05 0.730212 9.99649E-05
0.283994 9.99736E-05 9.99736E-05 0.0687503 0.646956 9.99736E-05
0.175158 0.00370272 9.99737E-05 9.99737E-05 0.820839 9.99737E-05
9.99737E-05 0.0204674 9.99737E-05 0.0394609 0.939772 9.99737E-05
0.141639 9.99736E-05 9.99736E-05 0.0754157 0.782646 9.99736E-05
0.301064 9.99649E-05 9.99649E-05 9.99649E-05 0.698536 9.99649E-05
0.013455 9.99737E-05 9.99737E-05 9.99737E-05 0.949556 0.0366891
0.0480073 9.99737E-05 9.99737E-05 9.99737E-05 0.911248 0.0404448
9.99824E-05 0.00238813 9.99824E-05 0.0466765 0.85605 0.094685
0.32801 9.99824E-05 9.99824E-05 0.190017 0.454492 0.0272812
0.128415 9.99736E-05 9.99736E-05 0.0502197 0.821066 9.99736E-05
0.00431831 9.99649E-05 9.99649E-05 9.99649E-05 0.995282 9.99649E-05
0.0687303 9.99737E-05 9.99737E-05 9.99737E-05 0.828201 0.102769
0.190187 0.0384174 9.99824E-05 9.99824E-05 0.698611 0.0725851
0.0979893 9.9965E-05 9.9965E-05 9.9965E-05 0.901611 9.9965E-05
0.00496234 9.99649E-05 9.99649E-05 9.99649E-05 0.994638 9.99649E-05
9.996E-05 9.996E-05 9.996E-05 9.996E-05 0.9995 9.996E-05
0.102862 0.0496382 9.99825E-05 9.99825E-05 0.791622 0.0556784
0.144862 9.99648E-05 9.99648E-05 9.99648E-05 0.854738 9.99648E-05
0.236943 9.99824E-05 9.99824E-05 0.00543733 0.753742 0.00367768
0.180789 9.99718E-05 9.99718E-05 9.99718E-05 0.818811 9.99718E-05
9.996E-05 9.996E-05 9.996E-05 9.996E-05 0.9995 9.996E-05
0.265962 0.00164842 9.99912E-05 0.120308 0.579204 0.0327775
0.147747 9.99737E-05 9.99737E-05 9.99737E-05 0.748065 0.103888
0.119319 0.0244351 9.99912E-05 0.165282 0.661697 0.0291666
0.295041 9.99824E-05 9.99824E-05 0.0337353 0.60362 0.0674035
9.996E-05 9.996E-05 9.996E-05 9.996E-05 0.9995 9.996E-05
9.99736E-05 9.99736E-05 9.99736E-05 0.181808 0.792856 0.0250359
0.097047 9.99737E-05 9.99737E-05 9.99737E-05 0.892404 0.0102494
0.13441 9.99737E-05 9.99737E-05 9.99737E-05 0.77662 0.0886699
0.142667 0.0486445 9.99824E-05 0.0887098 0.719779 9.99824E-05
9.99824E-05 0.00471318 9.99824E-05 0.0676811 0.876602 0.0508036
0.330073 9.99648E-05 9.99648E-05 9.99648E-05 0.669527 9.99648E-05
0.195617 9.99648E-05 9.99648E-05 9.99648E-05 0.803983 9.99648E-05
0.0936776 9.99736E-05 9.99736E-05 9.99736E-05 0.79087 0.115152
9.99649E-05 9.99649E-05 9.99649E-05 0.101119 0.898481 9.99649E-05
0.190267 9.99649E-05 9.99649E-05 9.99649E-05 0.809333 9.99649E-05
9.99647E-05 9.99647E-05 9.99647E-05 0.0205076 0.979093 9.99647E-05
0.9995 9.996E-05 9.996E-05 9.996E-05 9.996E-05 9.996E-05
9.996E-05 9.996E-05 9.996E-05 9.996E-05 0.9995 9.996E-05
0.9995 9.996E-05 9.996E-05 9.996E-05 9.996E-05 9.996E-05
0.9995 9.996E-05 9.996E-05 9.996E-05 9.996E-05 9.996E-05
0.9995 9.996E-05 9.996E-05 9.996E-05 9.996E-05 9.996E-05
9.996E-05 9.996E-05 9.996E-05 9.996E-05 0.9995 9.996E-05
0.9995 9.996E-05 9.996E-05 9.996E-05 9.996E-05 9.996E-05
0.9995 9.996E-05 9.996E-05 9.996E-05 9.996E-05 9.996E-05
9.99736E-05 0.0285395 9.99736E-05 0.0504465 0.920714 9.99736E-05
0.00256557 9.99648E-05 9.99648E-05 9.99648E-05 0.997035 9.99648E-05
9.996E-05 9.996E-05 9.996E-05 9.996E-05 0.9995 9.996E-05
0.9995 9.996E-05 9.996E-05 9.996E-05 9.996E-05 9.996E-05
0.9995 9.996E-05 9.996E-05 9.996E-05 9.996E-05 9.996E-05
9.99648E-05 9.99648E-05 9.99648E-05 0.0243501 0.97525 9.99648E-05
0.0323388 9.99648E-05 9.99648E-05 9.99648E-05 0.967261 9.99648E-05
0.106594 0.0345757 9.99824E-05 0.229203 0.629428 9.99824E-05
9.996E-05 9.996E-05 9.996E-05 9.996E-05 0.9995 9.996E-05
0.9995 9.996E-05 9.996E-05 9.996E-05 9.996E-05 9.996E-05
9.996E-05 9.996E-05 9.996E-05 9.996E-05 0.9995 9.996E-05
0.00810398 0.0246871 9.99736E-05 9.99736E-05 0.966909 9.99736E-05
9.996E-05 9.996E-05 9.996E-05 9.996E-05 0.9995 9.996E-05
0.9995 9.996E-05 9.996E-05 9.996E-05 9.996E-05 9.996E-05
0.0305424 0.00186577 9.99736E-05 9.99736E-05 0.967292 9.99736E-05
0.9995 9.996E-05 9.996E-05 9.996E-05 9.996E-05 9.996E-05
9.996E-05 9.996E-05 9.996E-05 9.996E-05 0.9995 9.996E-05
9.996E-05 9.996E-05 9.996E-05 9.996E-05 0.9995 9.996E-05
0.9995 9.996E-05 9.996E-05 9.996E-05 9.996E-05 9.996E-05
0.9995 9.996E-05 9.996E-05 9.996E-05 9.996E-05 9.996E-05
0.9995 9.996E-05 9.996E-05 9.996E-05 9.996E-05 9.996E-05
9.99736E-05 0.00918885 9.99736E-05 0.000145936 0.990365 9.99736E-05
9.996E-05 9.996E-05 9.996E-05 9.996E-05 0.9995 9.996E-05
9.996E-05 9.996E-05 9.996E-05 9.996E-05 0.9995 9.996E-05
9.99648E-05 9.99648E-05 9.99648E-05 0.0178217 0.981778 9.99648E-05
0.00469202 9.99736E-05 9.99736E-05 0.0136593 0.981349 9.99736E-05
0.9995 9.996E-05 9.996E-05 9.996E-05 9.996E-05 9.996E-05
0.9995 9.996E-05 9.996E-05 9.996E-05 9.996E-05 9.996E-05
0.9995 9.996E-05 9.996E-05 9.996E-05 9.996E-05 9.996E-05
0.0558813 9.99648E-05 9.99648E-05 9.99648E-05 0.943719 9.99648E-05
0.9995 9.996E-05 9.996E-05 9.996E-05 9.996E-05 9.996E-05
0.9995 9.996E-05 9.996E-05 9.996E-05 9.996E-05 9.996E-05
0.9995 9.996E-05 9.996E-05 9.996E-05 9.996E-05 9.996E-05
0.9995 9.996E-05 9.996E-05 9.996E-05 9.996E-05 9.996E-05
9.996E-05 9.996E-05 9.996E-05 9.996E-05 0.9995 9.996E-05
0.9995 9.996E-05 9.996E-05 9.996E-05 9.996E-05 9.996E-05
0.9995 9.996E-05 9.996E-05 9.996E-05 9.996E-05 9.996E-05
0.0592311 0.0415408 9.99824E-05 0.254874 0.644154 9.99824E-05
9.99736E-05 0.0254999 9.99736E-05 0.0272065 0.946994 9.99736E-05
0.9995 9.996E-05 9.996E-05 9.996E-05 9.996E-05 9.996E-05
0.9995 9.996E-05 9.996E-05 9.996E-05 9.996E-05 9.996E-05
0.9995 9.996E-05 9.996E-05 9.996E-05 9.996E-05 9.996E-05
0.9995 9.996E-05 9.996E-05 9.996E-05 9.996E-05 9.996E-05
0.0535712 9.99648E-05 9.99648E-05 9.99648E-05 0.946029 9.99648E-05
0.9995 9.996E-05 9.996E-05 9.996E-05 9.996E-05 9.996E-05
9.996E-05 9.996E-05 9.996E-05 9.996E-05 0.9995 9.996E-05
0.9995 9.996E-05 9.996E-05 9.996E-05 9.996E-05 9.996E-05
0.0346139 9.99648E-05 9.99648E-05 9.99648E-05 0.964986 9.99648E-05
0.9995 9.996E-05 9.996E-05 9.996E-05 9.996E-05 9.996E-05
0.9995 9.996E-05 9.996E-05 9.996E-05 9.996E-05 9.996E-05
0.9995 9.996E-05 9.996E-05 9.996E-05 9.996E-05 9.996E-05
0.9995 9.996E-05 9.996E-05 9.996E-05 9.996E-05 9.996E-05
0.9995 9.996E-05 9.996E-05 9.996E-05 9.996E-05 9.996E-05
0.9995 9.996E-05 9.996E-05 9.996E-05 9.996E-05 9.996E-05
9.99736E-05 0.0171727 9.99736E-05 0.0134738 0.969054 9.99736E-05
9.996E-05 9.996E-05 9.996E-05 9.996E-05 0.9995 9.996E-05
9.99648E-05 0.0282667 9.99648E-05 9.99648E-05 0.971333 9.99648E-05
0.9995 9.996E-05 9.996E-05 9.996E-05 9.996E-05 9.996E-05
0.00815313 9.99648E-05 9.99648E-05 9.99648E-05 0.991447 9.99648E-05
9.996E-05 9.996E-05 9.996E-05 9.996E-05 0.9995 9.996E-05
0.0520758 9.99648E-05 9.99648E-05 9.99648E-05 0.947524 9.99648E-05
0.9995 9.996E-05 9.996E-05 9.996E-05 9.996E-05 9.996E-05
0.9995 9.996E-05 9.996E-05 9.996E-05 9.996E-05 9.996E-05
0.9995 9.996E-05 9.996E-05 9.996E-05 9.996E-05 9.996E-05
9.99648E-05 9.99648E-05 9.99648E-05 0.0165713 0.983029 9.99648E-05
0.9995 9.996E-05 9.996E-05 9.996E-05 9.996E-05 9.996E-05
0.9995 9.996E-05 9.996E-05 9.996E-05 9.996E-05 9.996E-05
9.996E-05 9.996E-05 9.996E-05 9.996E-05 0.9995 9.996E-05
0.9995 9.996E-05 9.996E-05 9.996E-05 9.996E-05 9.996E-05
0.9995 9.996E-05 9.996E-05 9.996E-05 9.996E-05 9.996E-05
0.126203 0.0523128 9.99824E-05 9.99824E-05 0.676021 0.145263
9.996E-05 9.996E-05 9.996E-05 9.996E-05 0.9995 9.996E-05
0.9995 9.996E-05 9.996E-05 9.996E-05 9.996E-05 9.996E-05
0.388803 0.0691672 9.99824E-05 9.99824E-05 0.517974 0.0238552
0.244018 9.99736E-05 9.99736E-05 0.123274 0.632409 9.99736E-05
0.138216 9.99648E-05 9.99648E-05 9.99648E-05 0.861384 9.99648E-05
9.99736E-05 0.101483 9.99736E-05 0.0595854 0.838632 9.99736E-05
0.292845 9.99648E-05 9.99648E-05 9.99648E-05 0.706755 9.99648E-05
0.112047 9.99737E-05 0.0301963 9.99737E-05 0.857457 9.99737E-05
0.32253 9.99824E-05 9.99824E-05 0.0369002 0.609598 0.030772
0.236151 0.0777047 9.99912E-05 0.0444864 0.524853 0.116705
0.210829 9.99649E-05 9.99649E-05 9.99649E-05 0.788771 9.99649E-05
9.99649E-05 9.99649E-05 9.99649E-05 0.109923 0.889677 9.99649E-05
0.0815434 9.997E-05 9.997E-05 9.997E-05 0.867528 0.0506288
0.577225 9.99648E-05 9.99648E-05 9.99648E-05 0.422375 9.99648E-05
0.241242 0.0573863 9.99824E-05 0.0449186 0.656253 9.99824E-05
0.0475064 0.100516 9.99736E-05 9.99736E-05 0.851678 9.99736E-05
0.165408 9.99736E-05 9.99736E-05 9.99736E-05 0.812402 0.0218906
0.407307 9.99737E-05 9.99737E-05 9.99737E-05 0.563465 0.0289274
0.207902 9.99649E-05 9.99649E-05 9.99649E-05 0.791698 9.99649E-05
0.0383414 9.99736E-05 9.99736E-05 9.99736E-05 0.817673 0.143686
0.164375 9.99824E-05 9.99824E-05 0.0671423 0.712563 0.0557206
0.071704 9.99736E-05 9.99736E-05 0.0686039 0.859392 9.99736E-05
0.149794 9.99736E-05 9.99736E-05 0.044475 0.805431 9.99736E-05
0.275675 9.99737E-05 9.99737E-05 9.99737E-05 0.637128 0.0868975
0.197525 0.0424953 9.99912E-05 0.089929 0.617031 0.0529195
0.185674 9.99736E-05 9.99736E-05 0.095103 0.718923 9.99736E-05
0.0666095 0.0928206 9.99736E-05 9.99736E-05 0.84027 9.99736E-05
0.0601216 9.996E-05 9.996E-05 9.996E-05 0.939479 9.996E-05
0.0794757 0.00659365 9.99824E-05 0.0543322 0.859399 9.99824E-05
0.27182 0.0106429 9.99736E-05 9.99736E-05 0.717238 9.99736E-05
9.99736E-05 0.0860198 9.99736E-05 0.0592707 0.85441 9.99736E-05
0.14354 0.134614 9.99912E-05 0.102412 0.595314 0.0240214
0.407954 9.99824E-05 9.99824E-05 0.0254985 0.463128 0.103219
0.242851 9.997E-05 9.997E-05 9.997E-05 0.750743 0.00610571
0.258857 9.99648E-05 9.99648E-05 9.99648E-05 0.740743 9.99648E-05
0.262454 0.0453682 9.99824E-05 9.99824E-05 0.629 0.0629773
0.0868212 0.0335153 9.99824E-05 9.99824E-05 0.768633 0.110831
0.0480065 9.99736E-05 9.99736E-05 0.0811101 0.870583 9.99736E-05
9.996E-05 9.996E-05 9.996E-05 9.996E-05 0.9995 9.996E-05
9.99824E-05 0.0778267 9.99824E-05 0.0346874 0.773079 0.114207
0.0729759 9.99824E-05 9.99824E-05 0.0441829 0.851002 0.0316392
0.222314 9.99736E-05 9.99736E-05 0.191161 0.586225 9.99736E-05
0.0756253 9.99648E-05 9.99648E-05 9.99648E-05 0.923975 9.99648E-05
0.0874808 9.99737E-05 9.99737E-05 0.091006 0.821213 9.99737E-05
0.246278 9.99736E-05 9.99736E-05 0.100172 0.65325 9.99736E-05
0.544945 0.0314236 9.99824E-05 9.99824E-05 0.4142 0.00923148
0.375195 0.0133894 9.99736E-05 9.99736E-05 0.611115 9.99736E-05
0.166938 0.00475286 9.99824E-05 9.99824E-05 0.77632 0.0517888
0.000128009 9.99649E-05 9.99649E-05 9.99649E-05 0.999472 9.99649E-05
0.171807 9.99824E-05 9.99824E-05 0.0396649 0.657953 0.130375
9.996E-05 9.996E-05 9.996E-05 9.996E-05 0.9995 9.996E-05
0.21195 0.0646057 9.99736E-05 9.99736E-05 0.723144 9.99736E-05
9.9965E-05 9.9965E-05 9.9965E-05 9.9965E-05 0.99822 0.00138017
9.99648E-05 9.99648E-05 9.99648E-05 9.99648E-05 0.972775 0.0268254
9.99648E-05 9.99648E-05 9.99648E-05 9.99648E-05 0.915115 0.0844849
0.271159 9.99648E-05 9.99648E-05 9.99648E-05 0.728441 9.99648E-05
0.103834 9.99737E-05 9.99737E-05 0.250227 0.645639 9.99737E-05
0.317258 9.99649E-05 9.99649E-05 9.99649E-05 0.682342 9.99649E-05
9.996E-05 9.996E-05 9.996E-05 9.996E-05 0.9995 9.996E-05
0.271771 9.99649E-05 9.99649E-05 9.99649E-05 0.727829 9.99649E-05
0.182112 9.99736E-05 9.99736E-05 0.0626255 0.754963 9.99736E-05
0.233633 9.99649E-05 9.99649E-05 9.99649E-05 0.765968 9.99649E-05
9.996E-05 9.996E-05 9.996E-05 9.996E-05 0.9995 9.996E-05
0.111026 9.9965E-05 9.9965E-05 9.9965E-05 0.888574 9.9965E-05
9.99738E-05 9.99738E-05 0.0030394 9.99738E-05 0.990439 0.00622152
0.0711098 9.997E-05 9.997E-05 9.997E-05 0.833446 0.0951448
0.176901 9.99824E-05 9.99824E-05 0.0213947 0.778879 0.0226253
0.271614 9.99649E-05 9.99649E-05 9.99649E-05 0.727986 9.99649E-05
0.0784825 9.9965E-05 9.9965E-05 9.9965E-05 0.921118 9.9965E-05
0.274395 9.99649E-05 9.99649E-05 9.99649E-05 0.725205 9.99649E-05
0.0109512 9.99736E-05 9.99736E-05 9.99736E-05 0.9372 0.0515492
9.996E-05 9.996E-05 9.996E-05 9.996E-05 0.9995 9.996E-05
0.0406477 9.99649E-05 9.99649E-05 9.99649E-05 0.958952 9.99649E-05
9.9965E-05 9.9965E-05 0.127013 9.9965E-05 0.872587 9.9965E-05
0.345447 9.99648E-05 9.99648E-05 9.99648E-05 0.654153 9.99648E-05
9.99737E-05 0.147279 9.99737E-05 0.0415006 0.810921 9.99737E-05
9.996E-05 9.996E-05 9.996E-05 9.996E-05 0.9995 9.996E-05
0.186373 9.99649E-05 9.99649E-05 9.99649E-05 0.813227 9.99649E-05
9.9965E-05 9.9965E-05 0.0339754 9.9965E-05 0.965625 9.9965E-05
9.99824E-05 0.0278425 9.99824E-05 0.0286857 0.886569 0.0567029
0.0925109 9.9965E-05 9.9965E-05 9.9965E-05 0.907089 9.9965E-05
0.363361 9.99736E-05 9.99736E-05 9.99736E-05 0.586489 0.0498505
0.223822 9.99824E-05 9.99824E-05 0.149585 0.506838 0.119555
0.227081 0.107002 9.99912E-05 0.0917342 0.52471 0.0493721
9.996E-05 9.996E-05 9.996E-05 9.996E-05 0.9995 9.996E-05
0.209025 9.99649E-05 9.99649E-05 9.99649E-05 0.790575 9.99649E-05
0.146638 9.99736E-05 9.99736E-05 0.149066 0.703996 9.99736E-05
0.0148689 9.99649E-05 9.99649E-05 9.99649E-05 0.984731 9.99649E-05
0.00573339 0.116116 9.99824E-05 9.99824E-05 0.865525 0.0124256
0.403945 0.0553352 9.99736E-05 9.99736E-05 0.54042 9.99736E-05
0.14894 9.99736E-05 9.99736E-05 9.99736E-05 0.813492 0.0372681
0.176749 9.99824E-05 9.99824E-05 0.016572 0.776881 0.0295979
0.0783369 0.0239779 9.99912E-05 0.147593 0.725943 0.0240498
0.0679003 0.16633 9.99736E-05 9.99736E-05 0.765469 9.99736E-05
0.352215 9.99737E-05 0.0186614 9.99737E-05 0.628823 9.99737E-05
0.105462 9.99824E-05 9.99824E-05 0.0868422 0.623164 0.184332
0.244305 9.99649E-05 9.99649E-05 9.99649E-05 0.755296 9.99649E-05
0.0110206 9.9965E-05 9.9965E-05 9.9965E-05 0.98858 9.9965E-05
0.37256 9.99824E-05 9.99824E-05 0.0946201 0.513434 0.0191852
0.0706111 9.99824E-05 9.99824E-05 0.0201964 0.761166 0.147827
9.99737E-05 0.0367871 9.99737E-05 9.99737E-05 0.951014 0.0118989
0.120051 9.99649E-05 9.99649E-05 9.99649E-05 0.879549 9.99649E-05
0.255541 0.0198779 9.99912E-05 0.268696 0.314065 0.14172
0.142724 0.0362055 9.99824E-05 0.0413304 0.77954 9.99824E-05
0.158148 0.0704718 9.99912E-05 0.10618 0.619382 0.0457176
0.133186 9.9965E-05 9.9965E-05 9.9965E-05 0.866414 9.9965E-05
0.118079 9.9965E-05 9.9965E-05 9.9965E-05 0.881521 9.9965E-05
0.157343 9.99649E-05 9.99649E-05 9.99649E-05 0.842257 9.99649E-05
0.0144783 0.187936 9.99824E-05 9.99824E-05 0.765285 0.0321008
0.0493411 9.9965E-05 9.9965E-05 9.9965E-05 0.950259 9.9965E-05
9.996E-05 9.996E-05 9.996E-05 9.996E-05 0.9995 9.996E-05
0.113078 0.0041726 9.99912E-05 0.0868751 0.764758 0.0310155
0.119908 0.00328309 9.99737E-05 9.99737E-05 0.876509 9.99737E-05
9.996E-05 9.996E-05 9.996E-05 9.996E-05 0.9995 9.996E-05
0.102559 9.99648E-05 9.99648E-05 9.99648E-05 0.897041 9.99648E-05
0.0714784 9.99736E-05 9.99736E-05 0.0729598 0.855262 9.99736E-05
9.99824E-05 0.0193234 9.99824E-05 0.102919 0.786621 0.0909364
0.430783 9.99649E-05 9.99649E-05 9.99649E-05 0.568817 9.99649E-05
0.187902 9.99736E-05 9.99736E-05 0.00359312 0.808205 9.99736E-05
9.99736E-05 0.0791156 9.99736E-05 9.99736E-05 0.894186 0.0263985
0.0748024 9.99649E-05 9.99649E-05 9.99649E-05 0.924798 9.99649E-05
9.99736E-05 9.99736E-05 9.99736E-05 0.176716 0.778489 0.0444947
9.99736E-05 0.09479 9.99736E-05 9.99736E-05 0.896365 0.00854465
0.208738 9.99736E-05 9.99736E-05 9.99736E-05 0.698524 0.0924378
0.116281 9.99736E-05 9.99736E-05 0.11826 0.765159 9.99736E-05
0.215957 9.99824E-05 9.99824E-05 0.114395 0.622982 0.0464655
0.19439 9.99649E-05 9.99649E-05 9.99649E-05 0.80521 9.99649E-05
0.150493 9.99824E-05 9.99824E-05 0.00721203 0.771739 0.0703557
9.996E-05 9.996E-05 9.996E-05 9.996E-05 0.9995 9.996E-05
0.108334 9.9965E-05 9.9965E-05 9.9965E-05 0.891266 9.9965E-05
0.206773 9.99824E-05 9.99824E-05 0.0823258 0.613584 0.0971167
0.0980003 9.99736E-05 9.99736E-05 0.0264246 0.875275 9.99736E-05
0.231841 9.99912E-05 0.0258437 0.0780181 0.537688 0.126509
0.144352 9.99824E-05 0.0120053 9.99824E-05 0.727178 0.116265
0.255907 9.99824E-05 9.99824E-05 0.249576 0.4931 0.00121689
0.0528366 0.0220607 9.99912E-05 0.0699955 0.818053 0.0369546
0.128434 0.13144 9.99912E-05 0.0912862 0.598806 0.0499334
0.0752433 9.99737E-05 0.330424 9.99737E-05 0.594032 9.99737E-05
0.260676 9.99824E-05 0.0182745 9.99824E-05 0.648071 0.0727783
0.192842 9.99912E-05 0.00910199 0.0986495 0.623851 0.0754555
0.0531841 0.040529 0.396278 9.99912E-05 0.45917 0.0507393
0.239093 9.99824E-05 9.99824E-05 0.120613 0.612715 0.0273795
0.0814239 0.0225713 9.99912E-05 0.161942 0.56924 0.164724
9.99737E-05 9.99737E-05 0.153398 0.087615 0.758687 9.99737E-05
0.15595 9.99824E-05 9.99824E-05 0.202805 0.639438 0.0016074
0.0913534 9.99737E-05 0.445482 9.99737E-05 0.462865 9.99737E-05
0.00833531 0.0119819 0.0907767 9.99912E-05 0.771548 0.117258
0.206987 9.99912E-05 0.114152 0.010466 0.508078 0.160217
0.0975797 9.99824E-05 0.121786 9.99824E-05 0.597444 0.182991
0.0162148 0.0271407 0.0875925 0.230883 0.638069 9.99912E-05
0.140751 9.99824E-05 9.99824E-05 0.172502 0.516823 0.169724
0.249305 9.99825E-05 0.0955332 0.167815 0.487146 9.99825E-05
0.168943 9.99824E-05 0.108567 9.99824E-05 0.608761 0.113529
0.0872025 9.99912E-05 0.226725 0.0107672 0.588144 0.0870609
0.0260394 0.0175734 0.146216 0.0119804 0.670015 0.128176
0.378682 0.101076 9.99737E-05 9.99737E-05 0.519942 9.99737E-05
0.393696 0.0732853 9.99736E-05 9.99736E-05 0.532719 9.99736E-05
0.418239 9.99736E-05 9.99736E-05 9.99736E-05 0.579344 0.00211722
0.316536 9.99736E-05 9.99736E-05 0.0269129 0.656251 9.99736E-05
0.274927 0.0280843 9.99737E-05 9.99737E-05 0.696689 9.99737E-05
0.419299 9.99737E-05 9.99737E-05 0.00529767 0.575103 9.99737E-05
0.316935 0.119243 9.99736E-05 9.99736E-05 0.563521 9.99736E-05
0.205526 9.99737E-05 0.0272524 9.99737E-05 0.766921 9.99737E-05
0.255615 0.0544422 9.99824E-05 9.99824E-05 0.670247 0.0194957
0.461905 9.997E-05 9.997E-05 9.997E-05 0.469748 0.0680474
0.236739 0.0728042 9.99736E-05 9.99736E-05 0.690157 9.99736E-05
0.292404 9.99824E-05 0.029351 0.0991497 0.578896 9.99824E-05
0.506863 9.997E-05 9.997E-05 9.997E-05 0.388498 0.104339
0.307106 9.99649E-05 9.99649E-05 9.99649E-05 0.692495 9.99649E-05
0.167221 9.99649E-05 9.99649E-05 9.99649E-05 0.83238 9.99649E-05
0.306675 9.99649E-05 9.99649E-05 9.99649E-05 0.692925 9.99649E-05
0.268727 0.0527104 9.99737E-05 9.99737E-05 0.678263 9.99737E-05
0.312725 9.99649E-05 9.99649E-05 9.99649E-05 0.686876 9.99649E-05
0.433246 9.99649E-05 9.99649E-05 9.99649E-05 0.566354 9.99649E-05
0.292118 0.0637421 9.99737E-05 9.99737E-05 0.64384 9.99737E-05
0.489074 9.99648E-05 9.99648E-05 9.99648E-05 0.510526 9.99648E-05
0.237503 0.00458175 9.99737E-05 9.99737E-05 0.757615 9.99737E-05
0.461836 9.99648E-05 9.99648E-05 9.99648E-05 0.537764 9.99648E-05
9.996E-05 9.996E-05 9.996E-05 9.996E-05 0.9995 9.996E-05
0.365098 0.0545989 0.0507371 0.0254791 0.4808 0.0232876
0.343615 9.99649E-05 9.99649E-05 9.99649E-05 0.655985 9.99649E-05
0.169038 9.99736E-05 9.99736E-05 9.99736E-05 0.717279 0.113383
0.231497 9.99649E-05 9.99649E-05 9.99649E-05 0.768103 9.99649E-05
0.478036 9.99648E-05 9.99648E-05 9.99648E-05 0.521564 9.99648E-05
0.275213 9.99649E-05 9.99649E-05 9.99649E-05 0.724387 9.99649E-05
0.314825 9.99737E-05 9.99737E-05 9.99737E-05 0.553807 0.131068
0.230444 9.99737E-05 9.99737E-05 0.0701241 0.699132 9.99737E-05
0.304727 0.0260033 9.99737E-05 9.99737E-05 0.66897 9.99737E-05
0.322737 9.99824E-05 0.00783303 0.0298249 0.639405 9.99824E-05
0.431771 0.0430267 9.99737E-05 9.99737E-05 0.524902 9.99737E-05
0.212464 9.99649E-05 9.99649E-05 9.99649E-05 0.787136 9.99649E-05
0.401847 9.99649E-05 9.99649E-05 9.99649E-05 0.597753 9.99649E-05
0.134647 0.0682706 9.99825E-05 9.99825E-05 0.754163 0.0427195
0.340455 9.99737E-05 9.99737E-05 9.99737E-05 0.610213 0.0490322
0.255049 9.99649E-05 9.99649E-05 9.99649E-05 0.744551 9.99649E-05
0.245978 9.9965E-05 9.9965E-05 9.9965E-05 0.753622 9.9965E-05
0.249731 0.0244844 0.034764 9.99825E-05 0.690821 9.99825E-05
0.261562 0.0628098 9.99736E-05 9.99736E-05 0.675328 9.99736E-05
0.361562 9.99736E-05 9.99736E-05 9.99736E-05 0.540623 0.0975147
0.146157 0.0293591 0.28198 0.356304 0.0372902 0.14891
0.236475 9.99824E-05 0.201662 0.526258 9.99824E-05 0.035406
0.325861 0.0752879 0.0868105 0.279132 9.99912E-05 0.232808
0.176063 9.99912E-05 0.225653 0.361775 0.0712093 0.165199
0.215359 9.99912E-05 0.18993 0.326046 0.16255 0.106015
0.23971 0.147244 0.234456 0.178598 0.0592179 0.140775
0.224837 9.99912E-05 0.211269 0.328869 0.0683238 0.166602
0.132928 0.0845319 0.143169 0.241945 0.291685 0.105742
0.511174 9.99824E-05 0.0820297 0.276986 9.99824E-05 0.129611
0.176252 0.274626 0.246714 0.0100007 0.054899 0.237507
0.135528 0.0600261 0.0381599 0.53792 0.132972 0.0953938
0.295989 0.032123 0.160367 0.32601 9.99912E-05 0.185411
0.137759 0.0374784 0.201672 0.334615 0.164469 0.124007
0.171086 0.0151686 0.182858 0.205545 0.1716 0.253742
0.208949 0.0586842 0.206189 0.396608 9.99912E-05 0.12947
0.127907 0.0787608 0.159476 0.269129 0.273372 0.0913555
0.190396 0.00855084 0.185303 0.232287 0.21798 0.165484
0.331406 0.0201117 0.124573 0.283285 0.149935 0.0906904
0.190324 0.0210378 0.0897219 0.15569 0.197173 0.346054
0.149119 0.0426434 0.172747 0.134926 0.193191 0.307374
9.996E-05 9.996E-05 9.996E-05 9.996E-05 9.996E-05 0.9995
9.996E-05 9.996E-05 9.996E-05 9.996E-05 9.996E-05 0.9995
9.996E-05 9.996E-05 9.996E-05 9.996E-05 9.996E-05 0.9995
9.996E-05 9.996E-05 9.996E-05 9.996E-05 9.996E-05 0.9995
9.996E-05 9.996E-05 9.996E-05 9.996E-05 9.996E-05 0.9995
9.996E-05 9.996E-05 9.996E-05 9.996E-05 9.996E-05 0.9995
9.996E-05 9.996E-05 9.996E-05 9.996E-05 9.996E-05 0.9995
9.996E-05 9.996E-05 9.996E-05 9.996E-05 9.996E-05 0.9995
9.996E-05 9.996E-05 9.996E-05 9.996E-05 9.996E-05 0.9995
9.996E-05 9.996E-05 9.996E-05 9.996E-05 9.996E-05 0.9995
9.996E-05 9.996E-05 9.996E-05 9.996E-05 9.996E-05 0.9995
9.996E-05 9.996E-05 9.996E-05 9.996E-05 9.996E-05 0.9995
9.996E-05 9.996E-05 9.996E-05 9.996E-05 9.996E-05 0.9995
9.996E-05 9.996E-05 9.996E-05 9.996E-05 9.996E-05 0.9995
9.996E-05 9.996E-05 9.996E-05 9.996E-05 9.996E-05 0.9995
9.996E-05 9.996E-05 9.996E-05 9.996E-05 9.996E-05 0.9995
9.996E-05 9.996E-05 9.996E-05 9.996E-05 9.996E-05 0.9995
9.996E-05 9.996E-05 9.996E-05 9.996E-05 9.996E-05 0.9995
9.996E-05 9.996E-05 9.996E-05 9.996E-05 9.996E-05 0.9995
9.996E-05 9.996E-05 9.996E-05 9.996E-05 9.996E-05 0.9995
9.996E-05 9.996E-05 9.996E-05 9.996E-05 9.996E-05 0.9995
9.996E-05 9.996E-05 9.996E-05 9.996E-05 9.996E-05 0.9995
9.996E-05 9.996E-05 9.996E-05 9.996E-05 9.996E-05 0.9995
9.996E-05 9.996E-05 9.996E-05 9.996E-05 9.996E-05 0.9995
9.996E-05 9.996E-05 9.996E-05 9.996E-05 9.996E-05 0.9995
9.996E-05 9.996E-05 9.996E-05 9.996E-05 9.996E-05 0.9995
9.996E-05 9.996E-05 9.996E-05 9.996E-05 9.996E-05 0.9995
9.996E-05 9.996E-05 9.996E-05 9.996E-05 9.996E-05 0.9995
9.996E-05 9.996E-05 9.996E-05 9.996E-05 9.996E-05 0.9995
9.996E-05 9.996E-05 9.996E-05 9.996E-05 9.996E-05 0.9995
9.996E-05 9.996E-05 9.996E-05 9.996E-05 9.996E-05 0.9995
9.996E-05 9.996E-05 9.996E-05 9.996E-05 9.996E-05 0.9995
9.996E-05 9.996E-05 9.996E-05 9.996E-05 9.996E-05 0.9995
9.996E-05 9.996E-05 9.996E-05 9.996E-05 9.996E-05 0.9995
9.996E-05 9.996E-05 9.996E-05 9.996E-05 9.996E-05 0.9995
9.996E-05 9.996E-05 9.996E-05 9.996E-05 9.996E-05 0.9995
9.996E-05 9.996E-05 9.996E-05 9.996E-05 9.996E-05 0.9995
9.996E-05 9.996E-05 9.996E-05 9.996E-05 9.996E-05 0.9995
9.996E-05 9.996E-05 9.996E-05 9.996E-05 9.996E-05 0.9995
9.996E-05 9.996E-05 9.996E-05 9.996E-05 9.996E-05 0.9995
9.996E-05 9.996E-05 9.996E-05 9.996E-05 9.996E-05 0.9995
9.996E-05 9.996E-05 9.996E-05 9.996E-05 9.996E-05 0.9995
9.996E-05 9.996E-05 9.996E-05 9.996E-05 9.996E-05 0.9995
9.996E-05 9.996E-05 9.996E-05 9.996E-05 9.996E-05 0.9995
9.996E-05 9.996E-05 9.996E-05 9.996E-05 9.996E-05 0.9995
9.996E-05 9.996E-05 9.996E-05 9.996E-05 9.996E-05 0.9995
9.996E-05 9.996E-05 9.996E-05 9.996E-05 9.996E-05 0.9995
9.996E-05 9.996E-05 9.996E-05 9.996E-05 9.996E-05 0.9995
9.996E-05 9.996E-05 9.996E-05 9.996E-05 9.996E-05 0.9995
9.996E-05 9.996E-05 9.996E-05 9.996E-05 9.996E-05 0.9995
9.996E-05 9.996E-05 9.996E-05 9.996E-05 9.996E-05 0.9995
9.996E-05 9.996E-05 9.996E-05 9.996E-05 9.996E-05 0.9995
9.996E-05 9.996E-05 9.996E-05 9.996E-05 9.996E-05 0.9995
9.996E-05 9.996E-05 9.996E-05 9.996E-05 9.996E-05 0.9995
9.996E-05 9.996E-05 9.996E-05 9.996E-05 9.996E-05 0.9995
9.996E-05 9.996E-05 9.996E-05 9.996E-05 9.996E-05 0.9995
9.996E-05 9.996E-05 9.996E-05 9.996E-05 9.996E-05 0.9995
9.996E-05 9.996E-05 9.996E-05 9.996E-05 9.996E-05 0.9995
9.996E-05 9.996E-05 9.996E-05 9.996E-05 9.996E-05 0.9995
9.996E-05 9.996E-05 9.996E-05 9.996E-05 9.996E-05 0.9995
9.996E-05 9.996E-05 9.996E-05 9.996E-05 9.996E-05 0.9995
9.996E-05 9.996E-05 9.996E-05 9.996E-05 9.996E-05 0.9995
9.996E-05 9.996E-05 9.996E-05 9.996E-05 9.996E-05 0.9995
9.996E-05 0.9995 9.996E-05 9.996E-05 9.996E-05 9.996E-05
9.996E-05 0.9995 9.996E-05 9.996E-05 9.996E-05 9.996E-05
9.996E-05 0.9995 9.996E-05 9.996E-05 9.996E-05 9.996E-05
9.996E-05 0.9995 9.996E-05 9.996E-05 9.996E-05 9.996E-05
9.996E-05 0.9995 9.996E-05 9.996E-05 9.996E-05 9.996E-05
9.996E-05 0.9995 9.996E-05 9.996E-05 9.996E-05 9.996E-05
9.996E-05 0.9995 9.996E-05 9.996E-05 9.996E-05 9.996E-05
9.996E-05 0.9995 9.996E-05 9.996E-05 9.996E-05 9.996E-05
9.996E-05 0.9995 9.996E-05 9.996E-05 9.996E-05 9.996E-05
9.996E-05 0.9995 9.996E-05 9.996E-05 9.996E-05 9.996E-05
9.996E-05 0.9995 9.996E-05 9.996E-05 9.996E-05 9.996E-05
9.996E-05 0.9995 9.996E-05 9.996E-05 9.996E-05 9.996E-05
9.996E-05 0.9995 9.996E-05 9.996E-05 9.996E-05 9.996E-05
9.996E-05 0.9995 9.996E-05 9.996E-05 9.996E-05 9.996E-05
9.996E-05 0.9995 9.996E-05 9.996E-05 9.996E-05 9.996E-05
9.996E-05 0.9995 9.996E-05 9.996E-05 9.996E-05 9.996E-05
9.996E-05 0.9995 9.996E-05 9.996E-05 9.996E-05 9.996E-05
9.996E-05 0.9995 9.996E-05 9.996E-05 9.996E-05 9.996E-05
9.996E-05 0.9995 9.996E-05 9.996E-05 9.996E-05 9.996E-05
9.996E-05 0.9995 9.996E-05 9.996E-05 9.996E-05 9.996E-05
9.99648E-05 0.995627 9.99648E-05 9.99648E-05 9.99648E-05 0.00397348
9.996E-05 0.9995 9.996E-05 9.996E-05 9.996E-05 9.996E-05
9.996E-05 0.9995 9.996E-05 9.996E-05 9.996E-05 9.996E-05
9.996E-05 0.9995 9.996E-05 9.996E-05 9.996E-05 9.996E-05
9.996E-05 0.9995 9.996E-05 9.996E-05 9.996E-05 9.996E-05
9.996E-05 0.9995 9.996E-05 9.996E-05 9.996E-05 9.996E-05
9.996E-05 0.9995 9.996E-05 9.996E-05 9.996E-05 9.996E-05
9.996E-05 0.9995 9.996E-05 9.996E-05 9.996E-05 9.996E-05
9.996E-05 0.9995 9.996E-05 9.996E-05 9.996E-05 9.996E-05
9.996E-05 0.9995 9.996E-05 9.996E-05 9.996E-05 9.996E-05
9.996E-05 0.9995 9.996E-05 9.996E-05 9.996E-05 9.996E-05
9.996E-05 0.9995 9.996E-05 9.996E-05 9.996E-05 9.996E-05
9.996E-05 0.9995 9.996E-05 9.996E-05 9.996E-05 9.996E-05
9.996E-05 0.9995 9.996E-05 9.996E-05 9.996E-05 9.996E-05
9.996E-05 0.9995 9.996E-05 9.996E-05 9.996E-05 9.996E-05
9.996E-05 0.9995 9.996E-05 9.996E-05 9.996E-05 9.996E-05
9.996E-05 0.9995 9.996E-05 9.996E-05 9.996E-05 9.996E-05
9.996E-05 0.9995 9.996E-05 9.996E-05 9.996E-05 9.996E-05
9.996E-05 0.9995 9.996E-05 9.996E-05 9.996E-05 9.996E-05
9.996E-05 0.9995 9.996E-05 9.996E-05 9.996E-05 9.996E-05
9.996E-05 0.9995 9.996E-05 9.996E-05 9.996E-05 9.996E-05
9.996E-05 0.9995 9.996E-05 9.996E-05 9.996E-05 9.996E-05
9.996E-05 0.9995 9.996E-05 9.996E-05 9.996E-05 9.996E-05
9.99648E-05 0.563804 9.99648E-05 9.99648E-05 9.99648E-05 0.435796
9.996E-05 0.9995 9.996E-05 9.996E-05 9.996E-05 9.996E-05
9.996E-05 0.9995 9.996E-05 9.996E-05 9.996E-05 9.996E-05
9.996E-05 0.9995 9.996E-05 9.996E-05 9.996E-05 9.996E-05
9.996E-05 0.9995 9.996E-05 9.996E-05 9.996E-05 9.996E-05
9.996E-05 0.9995 9.996E-05 9.996E-05 9.996E-05 9.996E-05
9.996E-05 0.9995 9.996E-05 9.996E-05 9.996E-05 9.996E-05
9.99648E-05 0.692325 9.99648E-05 9.99648E-05 9.99648E-05 0.307275
9.996E-05 0.9995 9.996E-05 9.996E-05 9.996E-05 9.996E-05
9.99648E-05 0.698376 9.99648E-05 9.99648E-05 9.99648E-05 0.301224
9.99648E-05 0.711994 9.99648E-05 9.99648E-05 9.99648E-05 0.287606
9.99648E-05 0.69355 9.99648E-05 9.99648E-05 9.99648E-05 0.30605
9.99648E-05 0.738436 9.99648E-05 9.99648E-05 9.99648E-05 0.261165
9.997E-05 0.717249 9.997E-05 0.0439706 9.997E-05 0.238481
9.99648E-05 0.693501 9.99648E-05 9.99648E-05 9.99648E-05 0.3061
9.99648E-05 0.587055 9.99648E-05 9.99648E-05 9.99648E-05 0.412545
9.99648E-05 0.703708 9.99648E-05 9.99648E-05 9.99648E-05 0.295892
9.99648E-05 0.69334 9.99648E-05 9.99648E-05 9.99648E-05 0.30626
9.99648E-05 0.593615 9.99648E-05 9.99648E-05 9.99648E-05 0.405985
9.99648E-05 0.690945 9.99648E-05 9.99648E-05 9.99648E-05 0.308655
9.99649E-05 0.654387 9.99649E-05 9.99649E-05 9.99649E-05 0.345214
0.0361876 0.709351 9.99824E-05 9.99824E-05 0.00440668 0.249855
9.99648E-05 0.650831 9.99648E-05 9.99648E-05 9.99648E-05 0.348769
9.99648E-05 0.640078 9.99648E-05 9.99648E-05 9.99648E-05 0.359523
9.99736E-05 0.312137 9.99736E-05 0.444159 9.99736E-05 0.243404
0.00796617 0.275966 9.99824E-05 0.35948 9.99824E-05 0.356388
9.99736E-05 0.445691 9.99736E-05 0.175399 9.99736E-05 0.37861
9.99736E-05 0.352804 9.99736E-05 0.240041 9.99736E-05 0.406856
9.99736E-05 0.295999 9.99736E-05 0.465621 9.99736E-05 0.23808
9.99736E-05 0.305202 9.99736E-05 0.449485 9.99736E-05 0.245013
9.99736E-05 0.306964 9.99736E-05 0.436495 9.99736E-05 0.256241
9.99736E-05 0.281906 9.99736E-05 0.451762 9.99736E-05 0.266032
9.99736E-05 0.229738 9.99736E-05 0.520098 9.99736E-05 0.249864
9.99736E-05 0.311043 9.99736E-05 0.440884 9.99736E-05 0.247773
0.00473736 0.26458 9.99824E-05 0.529683 9.99824E-05 0.200799
9.99737E-05 0.448477 9.99737E-05 0.286545 9.99737E-05 0.264678
9.99736E-05 0.452127 9.99736E-05 0.119253 9.99736E-05 0.42832
9.99736E-05 0.372104 9.99736E-05 0.26294 9.99736E-05 0.364656
9.99736E-05 0.449268 9.99736E-05 0.129123 9.99736E-05 0.421309
9.99736E-05 0.505096 9.99736E-05 0.0899762 9.99736E-05 0.404628
9.99736E-05 0.452781 9.99736E-05 0.116893 9.99736E-05 0.430026
9.997E-05 0.232726 9.997E-05 0.697099 9.997E-05 0.0698757
9.99736E-05 0.152404 9.99736E-05 0.611432 9.99736E-05 0.235865
0.113241 0.123426 9.99824E-05 0.520005 9.99824E-05 0.243129
0.0861234 0.182821 9.99824E-05 0.692184 9.99824E-05 0.0386718
9.99824E-05 0.15996 9.99824E-05 0.695051 0.00152387 0.143265
0.0695107 0.31634 9.99824E-05 0.567298 9.99824E-05 0.0466511
9.99649E-05 0.193639 9.99649E-05 0.805962 9.99649E-05 9.99649E-05
0.00835734 0.137572 9.99736E-05 0.853771 9.99736E-05 9.99736E-05
0.0879823 9.99736E-05 9.99736E-05 0.797265 9.99736E-05 0.114453
0.00445423 0.129996 9.99824E-05 0.665692 9.99824E-05 0.199658
0.0963089 9.99736E-05 9.99736E-05 0.823563 9.99736E-05 0.079828
0.10156 9.99736E-05 9.99736E-05 0.814272 9.99736E-05 0.0838687
9.99649E-05 9.99649E-05 9.99649E-05 0.699274 9.99649E-05 0.300326
9.99649E-05 9.99649E-05 9.99649E-05 0.838456 9.99649E-05 0.161144
0.0374731 0.0527486 9.99824E-05 0.846608 9.99824E-05 0.0629699
0.107637 0.150256 9.99737E-05 0.741807 9.99737E-05 9.99737E-05
9.99648E-05 9.99648E-05 9.99648E-05 0.830093 9.99648E-05 0.169507
0.0919064 9.99736E-05 9.99736E-05 0.795067 9.99736E-05 0.112726
0.0926973 0.245959 9.99824E-05 0.474417 9.99824E-05 0.186727
9.99648E-05 0.202815 9.99648E-05 0.796786 9.99648E-05 9.99648E-05
9.99648E-05 0.143314 9.99648E-05 0.856286 9.99648E-05 9.99648E-05
9.99736E-05 0.0946918 9.99736E-05 0.806038 9.99736E-05 0.0989701
9.99736E-05 0.163967 9.99736E-05 0.81098 9.99736E-05 0.024753
9.99824E-05 0.138116 9.99824E-05 0.689024 0.101945 0.0707151
0.00430701 0.235169 9.99824E-05 0.656151 9.99824E-05 0.104174
0.00307031 0.243466 9.99824E-05 0.572731 9.99824E-05 0.180533
0.0454272 0.169381 9.99824E-05 0.584856 9.99824E-05 0.200136
0.0325259 0.262221 9.99824E-05 0.573982 9.99824E-05 0.131071
0.0238986 0.0512354 9.99824E-05 0.762294 9.99824E-05 0.162372
9.99649E-05 9.99649E-05 9.99649E-05 0.917278 9.99649E-05 0.0823225
0.0120749 0.208688 9.99736E-05 0.778937 9.99736E-05 9.99736E-05
0.0122228 9.99736E-05 9.99736E-05 0.72724 9.99736E-05 0.260237
0.0359907 9.99736E-05 9.99736E-05 0.65615 9.99736E-05 0.30756
9.99736E-05 0.114277 9.99736E-05 0.812946 9.99736E-05 0.0724773
9.99648E-05 9.99648E-05 9.99648E-05 0.878907 9.99648E-05 0.120693
9.99736E-05 0.141066 9.99736E-05 0.770666 9.99736E-05 0.0879679
9.99736E-05 0.100897 9.99736E-05 0.852562 9.99736E-05 0.0462408
0.0131631 0.230805 9.99824E-05 0.736055 9.99824E-05 0.019777
9.99648E-05 0.21076 9.99648E-05 0.78884 9.99648E-05 9.99648E-05
9.99736E-05 0.301301 9.99736E-05 0.625777 9.99736E-05 0.0726216
0.100336 0.246831 9.99912E-05 0.536214 0.0594865 0.0570326
0.0194468 0.114916 9.99736E-05 0.865337 9.99736E-05 9.99736E-05
0.0259392 0.0425652 9.99736E-05 0.931196 9.99736E-05 9.99736E-05
0.100411 0.0448857 9.99912E-05 0.746577 0.0529354 0.0550914
9.99736E-05 0.222101 9.99736E-05 0.715471 9.99736E-05 0.0621288
9.99648E-05 0.271078 9.99648E-05 0.728522 9.99648E-05 9.99648E-05
0.02359 0.110999 9.99736E-05 0.865111 9.99736E-05 9.99736E-05
9.99737E-05 0.22293 9.99737E-05 0.667837 9.99737E-05 0.108933
9.99648E-05 0.270388 9.99648E-05 0.729212 9.99648E-05 9.99648E-05
0.0226105 0.0622452 9.99736E-05 0.914844 9.99736E-05 9.99736E-05
0.0901651 0.258038 9.99912E-05 0.486354 0.104065 0.0612778
0.121125 0.171041 9.99912E-05 0.567554 0.0466504 0.0935286
0.0198277 0.266155 9.99824E-05 0.652683 9.99824E-05 0.0611342
9.99648E-05 0.266272 9.99648E-05 0.733328 9.99648E-05 9.99648E-05
0.101145 0.263827 9.99912E-05 0.492587 0.0775643 0.0647767
9.99736E-05 0.0374554 9.99736E-05 0.739945 9.99736E-05 0.2223
0.0478654 0.105997 9.99736E-05 0.845837 9.99736E-05 9.99736E-05
0.0208499 0.0672472 9.99824E-05 0.910857 9.99824E-05 0.000846295
0.014049 0.113372 9.99736E-05 0.87228 9.99736E-05 9.99736E-05
0.0399078 0.0716259 9.99824E-05 0.789979 9.99824E-05 0.0982872
