9.99034E-05 0.231313 9.99034E-05 9.99034E-05 0.149023 9.99034E-05 0.0107824 9.99034E-05 9.99034E-05 0.0641444 9.99034E-05 9.99034E-05 9.99034E-05 0.3624 0.029345 9.99034E-05 9.99034E-05 0.0590131 0.0928799
9.98772E-05 0.160469 9.98772E-05 9.98772E-05 0.0287217 9.98772E-05 9.98772E-05 9.98772E-05 9.98772E-05 0.0187503 9.98772E-05 9.98772E-05 9.98772E-05 0.717068 0.0735926 9.98772E-05 9.98772E-05 9.98772E-05 9.98772E-05
0.0661628 9.98683E-05 9.98683E-05 9.98683E-05 9.98683E-05 9.98683E-05 9.98683E-05 9.98683E-05 9.98683E-05 9.98683E-05 9.98683E-05 9.98683E-05 0.0157118 0.879449 9.98683E-05 9.98683E-05 9.98683E-05 0.0371779 9.98683E-05
0.151105 9.98948E-05 9.98948E-05 9.98948E-05 0.15722 9.98948E-05 9.98948E-05 9.98948E-05 9.98948E-05 9.98948E-05 9.98948E-05 0.00377587 9.98948E-05 0.251698 9.98948E-05 0.358714 9.98948E-05 0.0218181 0.0544701
9.98772E-05 9.98772E-05 9.98772E-05 0.0453718 9.98772E-05 9.98772E-05 9.98772E-05 0.000494106 9.98772E-05 9.98772E-05 9.98772E-05 9.98772E-05 9.98772E-05 0.818951 0.00833027 0.125454 9.98772E-05 9.98772E-05 9.98772E-05
0.190808 0.278704 9.99035E-05 0.12464 9.99035E-05 9.99035E-05 9.99035E-05 0.119042 9.99035E-05 9.99035E-05 9.99035E-05 9.99035E-05 9.99035E-05 0.14602 0.0357543 0.0545493 0.0493842 9.99035E-05 9.99035E-05
9.99035E-05 0.0979428 9.99035E-05 9.99035E-05 0.115625 9.99035E-05 0.0782232 9.99035E-05 9.99035E-05 9.99035E-05 9.99035E-05 9.99035E-05 0.00624228 0.300324 0.111926 0.17628 9.99035E-05 9.99035E-05 0.112338
0.0640471 0.0422465 9.99123E-05 0.130484 0.256294 9.99123E-05 9.99123E-05 0.0966793 0.103223 0.0913076 9.99123E-05 9.99123E-05 9.99123E-05 0.135572 9.99123E-05 0.0791472 9.99123E-05 9.99123E-05 9.99123E-05
0.00476463 0.0528401 0.0893381 9.98947E-05 9.98947E-05 9.98947E-05 9.98947E-05 0.207286 9.98947E-05 9.98947E-05 9.98947E-05 9.98947E-05 0.151784 0.238631 9.98947E-05 9.98947E-05 9.98947E-05 0.254157 9.98947E-05
9.98507E-05 9.98507E-05 9.98507E-05 9.98507E-05 9.98507E-05 9.98507E-05 9.98507E-05 9.98507E-05 9.98507E-05 9.98507E-05 9.98507E-05 9.98507E-05 9.98507E-05 0.963155 9.98507E-05 9.98507E-05 9.98507E-05 0.035148 9.98507E-05
9.98859E-05 0.103446 9.98859E-05 9.98859E-05 0.0520202 9.98859E-05 9.98859E-05 0.0108578 9.98859E-05 9.98859E-05 9.98859E-05 9.98859E-05 9.98859E-05 0.512136 9.98859E-05 9.98859E-05 9.98859E-05 0.175116 0.145126
9.98859E-05 9.98859E-05 9.98859E-05 0.0385323 9.98859E-05 9.98859E-05 9.98859E-05 9.98859E-05 0.0573611 9.98859E-05 9.98859E-05 0.0105297 9.98859E-05 0.88928 9.98859E-05 9.98859E-05 0.00175327 0.0012456 9.98859E-05
9.98597E-05 9.98597E-05 9.98597E-05 9.98597E-05 0.0811734 9.98597E-05 9.98597E-05 9.98597E-05 9.98597E-05 9.98597E-05 9.98597E-05 9.98597E-05 9.98597E-05 0.802592 9.98597E-05 9.98597E-05 9.98597E-05 0.114637 9.98597E-05
0.112142 9.99123E-05 0.0586206 9.99123E-05 0.0475514 9.99123E-05 0.00818487 0.000741773 9.99123E-05 9.99123E-05 0.0981236 9.99123E-05 9.99123E-05 0.56506 9.99123E-05 9.99123E-05 9.99123E-05 0.0454486 0.0631287
0.184356 0.149552 0.0262816 9.9921E-05 0.077927 0.00947941 9.9921E-05 0.0417369 9.9921E-05 9.9921E-05 9.9921E-05 0.0254295 9.9921E-05 0.283435 9.9921E-05 0.0956008 9.9921E-05 0.105302 9.9921E-05
9.99122E-05 0.211169 9.99122E-05 9.99122E-05 0.0652049 9.99122E-05 9.99122E-05 0.17199 0.133634 0.00584264 9.99122E-05 9.99122E-05 9.99122E-05 0.192045 9.99122E-05 0.102706 0.0274711 0.0889382 9.99122E-05
9.99123E-05 9.99123E-05 9.99123E-05 9.99123E-05 0.0267394 9.99123E-05 9.99123E-05 9.99123E-05 0.0272783 0.0731623 0.0428709 9.99123E-05 9.99123E-05 0.649259 0.0558237 0.0544978 9.99123E-05 0.0303945 0.0389753
9.98947E-05 0.302699 9.98947E-05 9.98947E-05 0.253198 0.133801 9.98947E-05 0.0509963 9.98947E-05 9.98947E-05 9.98947E-05 0.0975208 9.98947E-05 0.0676376 9.98947E-05 9.98947E-05 9.98947E-05 0.0929483 9.98947E-05
9.98946E-05 9.98946E-05 9.98946E-05 9.98946E-05 0.286496 9.98946E-05 9.98946E-05 0.0989188 9.98946E-05 0.0499664 9.98946E-05 9.98946E-05 9.98946E-05 0.312061 9.98946E-05 0.023503 0.0713844 0.156472 9.98946E-05
9.98597E-05 9.98597E-05 9.98597E-05 9.98597E-05 9.98597E-05 9.98597E-05 9.98597E-05 9.98597E-05 9.98597E-05 9.98597E-05 9.98597E-05 0.0551829 9.98597E-05 0.923729 9.98597E-05 9.98597E-05 9.98597E-05 9.98597E-05 0.01949
0.0117241 9.9921E-05 0.0450035 9.9921E-05 0.0154803 9.9921E-05 9.9921E-05 0.110336 0.149872 9.9921E-05 9.9921E-05 9.9921E-05 9.9921E-05 0.512033 9.9921E-05 0.0344233 0.0504811 0.0575606 0.0121869
0.00751287 9.99035E-05 9.99035E-05 0.147995 0.414164 9.99035E-05 9.99035E-05 0.119076 9.99035E-05 9.99035E-05 9.99035E-05 9.99035E-05 9.99035E-05 0.257665 0.00218157 0.0402087 0.0100979 9.99035E-05 9.99035E-05
0.0614831 0.225367 9.98772E-05 9.98772E-05 9.98772E-05 9.98772E-05 9.98772E-05 9.98772E-05 9.98772E-05 9.98772E-05 9.98772E-05 9.98772E-05 9.98772E-05 0.599857 9.98772E-05 9.98772E-05 9.98772E-05 0.0811397 0.0307551
9.98771E-05 9.98771E-05 9.98771E-05 9.98771E-05 0.346769 9.98771E-05 9.98771E-05 9.98771E-05 9.98771E-05 0.0131955 9.98771E-05 9.98771E-05 0.0724958 0.346179 9.98771E-05 9.98771E-05 9.98771E-05 0.219962 9.98771E-05
0.172017 9.99034E-05 0.0487512 9.99034E-05 0.105641 9.99034E-05 9.99034E-05 0.0443212 9.99034E-05 9.99034E-05 9.99034E-05 0.0738663 9.99034E-05 0.276616 9.99034E-05 9.99034E-05 9.99034E-05 0.253564 0.0241251
0.0855725 9.98859E-05 9.98859E-05 9.98859E-05 0.0818612 9.98859E-05 9.98859E-05 0.00633879 9.98859E-05 9.98859E-05 9.98859E-05 9.98859E-05 9.98859E-05 0.676231 9.98859E-05 0.0241063 9.98859E-05 0.124591 9.98859E-05
0.345423 9.98859E-05 0.0259747 9.98859E-05 0.356429 0.0318891 9.98859E-05 9.98859E-05 9.98859E-05 9.98859E-05 9.98859E-05 9.98859E-05 9.98859E-05 9.98859E-05 9.98859E-05 9.98859E-05 9.98859E-05 0.14713 0.0918557
9.98772E-05 9.98772E-05 9.98772E-05 9.98772E-05 0.0712025 9.98772E-05 9.98772E-05 9.98772E-05 9.98772E-05 9.98772E-05 9.98772E-05 9.98772E-05 9.98772E-05 0.750571 9.98772E-05 0.117502 9.98772E-05 0.0478562 0.0114701
0.0296211 0.108755 9.9886E-05 9.9886E-05 0.0646883 9.9886E-05 9.9886E-05 9.9886E-05 9.9886E-05 9.9886E-05 9.9886E-05 9.9886E-05 0.00160392 0.614408 9.9886E-05 9.9886E-05 9.9886E-05 0.179625 9.9886E-05
9.99122E-05 9.99122E-05 9.99122E-05 9.99122E-05 9.99122E-05 9.99122E-05 0.0130584 0.0906567 9.99122E-05 9.99122E-05 0.0495798 0.00715781 0.0335872 0.663123 9.99122E-05 9.99122E-05 0.012122 0.103686 0.0260293
9.99034E-05 0.0906673 9.99034E-05 9.99034E-05 0.100679 9.99034E-05 9.99034E-05 0.0142839 9.99034E-05 9.99034E-05 9.99034E-05 0.0664632 9.99034E-05 0.613296 9.99034E-05 9.99034E-05 0.0214523 0.0111954 0.0808641
0.155183 0.0755139 9.98948E-05 9.98948E-05 0.0686694 9.98948E-05 9.98948E-05 9.98948E-05 9.98948E-05 9.98948E-05 9.98948E-05 9.98948E-05 9.98948E-05 0.496689 9.98948E-05 0.106937 9.98948E-05 0.0554983 0.0403097
0.0625707 0.165571 9.98947E-05 9.98947E-05 0.150481 9.98947E-05 9.98947E-05 9.98947E-05 0.0266739 9.98947E-05 9.98947E-05 9.98947E-05 9.98947E-05 0.417882 9.98947E-05 9.98947E-05 9.98947E-05 0.108975 0.066646
0.228033 9.98948E-05 9.98948E-05 9.98948E-05 0.140746 0.00281446 0.0190348 9.98948E-05 9.98948E-05 9.98948E-05 9.98948E-05 9.98948E-05 9.98948E-05 0.432029 9.98948E-05 9.98948E-05 9.98948E-05 0.120969 0.0551754
9.98686E-05 9.98686E-05 9.98686E-05 9.98686E-05 9.98686E-05 9.98686E-05 9.98686E-05 9.98686E-05 9.98686E-05 9.98686E-05 9.98686E-05 0.0532103 9.98686E-05 0.803179 0.057331 9.98686E-05 9.98686E-05 9.98686E-05 0.084782
9.98947E-05 0.0703178 9.98947E-05 9.98947E-05 0.0760026 9.98947E-05 9.98947E-05 0.0168595 9.98947E-05 9.98947E-05 9.98947E-05 9.98947E-05 0.0381837 0.6936 9.98947E-05 0.0903775 9.98947E-05 0.0134601 9.98947E-05
9.98598E-05 9.98598E-05 9.98598E-05 9.98598E-05 9.98598E-05 9.98598E-05 9.98598E-05 9.98598E-05 9.98598E-05 9.98598E-05 9.98598E-05 9.98598E-05 9.98598E-05 0.833985 0.0184687 0.145949 9.98598E-05 9.98598E-05 9.98598E-05
9.9886E-05 9.9886E-05 9.9886E-05 9.9886E-05 9.9886E-05 9.9886E-05 9.9886E-05 0.116138 9.9886E-05 9.9886E-05 0.00374487 0.0742117 9.9886E-05 0.690602 0.0429846 9.9886E-05 9.9886E-05 0.0710206 9.9886E-05
9.98948E-05 9.98948E-05 9.98948E-05 0.112013 0.0158191 9.98948E-05 9.98948E-05 9.98948E-05 9.98948E-05 9.98948E-05 0.0895229 9.98948E-05 9.98948E-05 0.523436 0.0481125 9.98948E-05 9.98948E-05 0.192579 0.0173194
0.114328 9.98859E-05 9.98859E-05 9.98859E-05 0.0965596 9.98859E-05 0.00721598 9.98859E-05 0.150663 9.98859E-05 9.98859E-05 9.98859E-05 9.98859E-05 0.48835 9.98859E-05 9.98859E-05 9.98859E-05 0.141585 9.98859E-05
9.98684E-05 9.98684E-05 9.98684E-05 9.98684E-05 0.127386 9.98684E-05 9.98684E-05 9.98684E-05 9.98684E-05 9.98684E-05 9.98684E-05 9.98684E-05 9.98684E-05 0.805387 9.98684E-05 9.98684E-05 9.98684E-05 0.0595748 0.00615391
9.98685E-05 9.98685E-05 9.98685E-05 9.98685E-05 0.279103 9.98685E-05 9.98685E-05 9.98685E-05 9.98685E-05 9.98685E-05 9.98685E-05 9.98685E-05 0.0046651 0.634361 9.98685E-05 9.98685E-05 9.98685E-05 0.0803725 9.98685E-05
9.98859E-05 0.0178944 0.0302627 9.98859E-05 0.0197596 9.98859E-05 9.98859E-05 9.98859E-05 9.98859E-05 9.98859E-05 0.0138458 9.98859E-05 9.98859E-05 0.883084 9.98859E-05 0.0338552 9.98859E-05 9.98859E-05 9.98859E-05
9.9886E-05 0.177806 9.9886E-05 9.9886E-05 0.0981976 9.9886E-05 9.9886E-05 0.150049 9.9886E-05 9.9886E-05 9.9886E-05 9.9886E-05 9.9886E-05 0.378355 9.9886E-05 9.9886E-05 9.9886E-05 0.152421 0.0418721
9.98685E-05 9.98685E-05 9.98685E-05 9.98685E-05 0.427855 9.98685E-05 9.98685E-05 9.98685E-05 9.98685E-05 9.98685E-05 9.98685E-05 9.98685E-05 9.98685E-05 0.243008 9.98685E-05 0.10057 9.98685E-05 0.227069 9.98685E-05
9.98683E-05 9.98683E-05 9.98683E-05 9.98683E-05 9.98683E-05 9.98683E-05 9.98683E-05 9.98683E-05 9.98683E-05 9.98683E-05 9.98683E-05 0.0914265 9.98683E-05 0.845016 9.98683E-05 9.98683E-05 0.0460609 0.0159987 9.98683E-05
9.98684E-05 9.98684E-05 9.98684E-05 9.98684E-05 9.98684E-05 0.0777738 9.98684E-05 0.0642191 9.98684E-05 9.98684E-05 9.98684E-05 9.98684E-05 9.98684E-05 0.816896 9.98684E-05 9.98684E-05 9.98684E-05 0.0396128 9.98684E-05
9.98771E-05 0.0670539 9.98771E-05 9.98771E-05 9.98771E-05 9.98771E-05 9.98771E-05 9.98771E-05 0.00500344 0.0123092 9.98771E-05 9.98771E-05 9.98771E-05 0.904921 9.98771E-05 9.98771E-05 9.98771E-05 0.00931427 9.98771E-05
9.98859E-05 0.053658 9.98859E-05 9.98859E-05 0.138292 9.98859E-05 9.98859E-05 9.98859E-05 9.98859E-05 0.0193629 9.98859E-05 9.98859E-05 9.98859E-05 0.619585 9.98859E-05 9.98859E-05 9.98859E-05 0.156118 0.0116844
9.99124E-05 9.99124E-05 9.99124E-05 0.00800342 0.00670185 0.00881672 0.157096 0.000740517 9.99124E-05 9.99124E-05 9.99124E-05 9.99124E-05 9.99124E-05 0.759555 0.0387497 9.99124E-05 0.0178329 9.99124E-05 0.00150504
0.23287 0.0280699 0.0192473 0.00603667 0.043037 9.99297E-05 9.99297E-05 0.0174508 9.99297E-05 9.99297E-05 9.99297E-05 0.00277649 0.0183774 0.295995 9.99297E-05 9.99297E-05 9.99297E-05 0.180681 0.154658
9.9886E-05 9.9886E-05 9.9886E-05 0.0448373 0.233503 9.9886E-05 9.9886E-05 9.9886E-05 9.9886E-05 9.9886E-05 9.9886E-05 0.0376088 0.0422971 0.600961 9.9886E-05 0.0394946 9.9886E-05 9.9886E-05 9.9886E-05
9.9886E-05 9.9886E-05 9.9886E-05 9.9886E-05 0.0307286 0.0353227 9.9886E-05 0.00587064 9.9886E-05 9.9886E-05 9.9886E-05 9.9886E-05 9.9886E-05 0.861001 0.0447915 9.9886E-05 9.9886E-05 0.0209874 9.9886E-05
9.99036E-05 9.99036E-05 9.99036E-05 0.0673188 0.044641 0.00871918 0.00913207 0.0249184 0.181505 9.99036E-05 9.99036E-05 9.99036E-05 9.99036E-05 0.65233 9.99036E-05 9.99036E-05 9.99036E-05 0.0103372 9.99036E-05
9.98861E-05 9.98861E-05 0.107065 9.98861E-05 9.98861E-05 9.98861E-05 9.98861E-05 0.0157665 9.98861E-05 9.98861E-05 9.98861E-05 9.98861E-05 0.0214323 0.755586 9.98861E-05 9.98861E-05 9.98861E-05 0.0829459 0.0159064
0.0919942 9.98948E-05 9.98948E-05 0.0650013 9.98948E-05 0.00585922 9.98948E-05 9.98948E-05 0.0550779 9.98948E-05 9.98948E-05 0.116736 9.98948E-05 0.651235 9.98948E-05 9.98948E-05 0.0128974 9.98948E-05 9.98948E-05
9.98946E-05 9.98946E-05 9.98946E-05 9.98946E-05 0.0734496 0.0586034 9.98946E-05 9.98946E-05 9.98946E-05 9.98946E-05 9.98946E-05 9.98946E-05 9.98946E-05 0.752959 0.0452594 0.00896214 0.0269129 0.0326549 9.98946E-05
9.98685E-05 9.98685E-05 9.98685E-05 9.98685E-05 9.98685E-05 9.98685E-05 9.98685E-05 9.98685E-05 9.98685E-05 9.98685E-05 9.98685E-05 9.98685E-05 9.98685E-05 0.810382 9.98685E-05 0.0980092 9.98685E-05 0.0554678 0.0346433
9.98859E-05 9.98859E-05 9.98859E-05 9.98859E-05 9.98859E-05 9.98859E-05 0.0350156 0.0107992 9.98859E-05 9.98859E-05 9.98859E-05 9.98859E-05 9.98859E-05 0.921375 0.00114565 9.98859E-05 9.98859E-05 0.0134691 0.0168967
9.98858E-05 0.693109 0.0243463 9.98858E-05 9.98858E-05 0.0367975 9.98858E-05 0.0250665 9.98858E-05 9.98858E-05 9.98858E-05 9.98858E-05 9.98858E-05 9.98858E-05 0.0409242 9.98858E-05 9.98858E-05 0.178458 9.98858E-05
9.98423E-05 0.998203 9.98423E-05 9.98423E-05 9.98423E-05 9.98423E-05 9.98423E-05 9.98423E-05 9.98423E-05 9.98423E-05 9.98423E-05 9.98423E-05 9.98423E-05 9.98423E-05 9.98423E-05 9.98423E-05 9.98423E-05 9.98423E-05 9.98423E-05
9.98596E-05 0.96532 9.98596E-05 9.98596E-05 9.98596E-05 0.0279682 9.98596E-05 9.98596E-05 9.98596E-05 9.98596E-05 0.005114 9.98596E-05 9.98596E-05 9.98596E-05 9.98596E-05 9.98596E-05 9.98596E-05 9.98596E-05 9.98596E-05
0.199194 0.353855 9.98946E-05 9.98946E-05 9.98946E-05 0.0343375 0.0677137 0.0916327 9.98946E-05 9.98946E-05 9.98946E-05 9.98946E-05 9.98946E-05 9.98946E-05 0.242104 9.98946E-05 9.98946E-05 0.00996465 9.98946E-05
9.99032E-05 0.650275 9.99032E-05 0.0830008 0.0686417 0.0119726 0.0642947 0.0980968 9.99032E-05 9.99032E-05 9.99032E-05 0.0134298 9.99032E-05 9.99032E-05 9.99032E-05 9.99032E-05 9.99032E-05 0.00918958 9.99032E-05
9.98769E-05 0.605372 9.98769E-05 9.98769E-05 0.107503 9.98769E-05 9.98769E-05 0.0730068 9.98769E-05 0.0630159 9.98769E-05 9.98769E-05 9.98769E-05 9.98769E-05 9.98769E-05 9.98769E-05 9.98769E-05 0.149704 9.98769E-05
9.9877E-05 0.534076 9.9877E-05 9.9877E-05 9.9877E-05 9.9877E-05 9.9877E-05 9.9877E-05 9.9877E-05 9.9877E-05 9.9877E-05 9.9877E-05 9.9877E-05 9.9877E-05 0.268722 0.0325469 9.9877E-05 0.105355 0.057902
9.98857E-05 0.602462 9.98857E-05 9.98857E-05 9.98857E-05 0.182491 0.0116215 0.0657365 9.98857E-05 9.98857E-05 9.98857E-05 9.98857E-05 9.98857E-05 9.98857E-05 0.0908313 9.98857E-05 9.98857E-05 0.0455588 9.98857E-05
9.9842E-05 0.998203 9.9842E-05 9.9842E-05 9.9842E-05 9.9842E-05 9.9842E-05 9.9842E-05 9.9842E-05 9.9842E-05 9.9842E-05 9.9842E-05 9.9842E-05 9.9842E-05 9.9842E-05 9.9842E-05 9.9842E-05 9.9842E-05 9.9842E-05
9.98683E-05 0.918594 9.98683E-05 9.98683E-05 9.98683E-05 9.98683E-05 9.98683E-05 9.98683E-05 9.98683E-05 0.0671324 9.98683E-05 9.98683E-05 9.98683E-05 9.98683E-05 9.98683E-05 0.00465844 9.98683E-05 9.98683E-05 0.00811738
9.98769E-05 0.469665 9.98769E-05 9.98769E-05 9.98769E-05 9.98769E-05 9.98769E-05 0.0388191 9.98769E-05 9.98769E-05 9.98769E-05 0.0184857 9.98769E-05 9.98769E-05 9.98769E-05 9.98769E-05 9.98769E-05 0.329909 0.141723
9.99209E-05 0.476695 0.0863241 9.99209E-05 0.151693 9.99209E-05 0.0185698 9.99209E-05 0.0124126 0.0688729 9.99209E-05 9.99209E-05 9.99209E-05 9.99209E-05 0.0625962 0.0387573 9.99209E-05 0.0463433 0.0368365
0.0452194 0.4455 9.98945E-05 0.0896204 9.98945E-05 9.98945E-05 9.98945E-05 0.144725 0.112311 0.105274 9.98945E-05 9.98945E-05 9.98945E-05 9.98945E-05 9.98945E-05 9.98945E-05 9.98945E-05 9.98945E-05 0.0561516
9.98858E-05 0.529802 9.98858E-05 0.00904632 0.168994 9.98858E-05 0.0352578 9.98858E-05 9.98858E-05 9.98858E-05 9.98858E-05 9.98858E-05 9.98858E-05 9.98858E-05 0.0522877 9.98858E-05 9.98858E-05 0.203314 9.98858E-05
0.0333762 0.945192 9.98597E-05 9.98597E-05 9.98597E-05 9.98597E-05 9.98597E-05 9.98597E-05 0.0198344 9.98597E-05 9.98597E-05 9.98597E-05 9.98597E-05 9.98597E-05 9.98597E-05 9.98597E-05 9.98597E-05 9.98597E-05 9.98597E-05
9.98948E-05 0.837235 9.98948E-05 9.98948E-05 0.0253084 9.98948E-05 9.98948E-05 0.0300732 9.98948E-05 0.028301 9.98948E-05 9.98948E-05 9.98948E-05 9.98948E-05 9.98948E-05 0.00272246 9.98948E-05 0.0401134 0.035048
0.0564442 0.749679 9.98857E-05 9.98857E-05 9.98857E-05 0.0795528 0.0829546 9.98857E-05 9.98857E-05 9.98857E-05 9.98857E-05 9.98857E-05 9.98857E-05 9.98857E-05 9.98857E-05 0.00907021 9.98857E-05 0.021001 9.98857E-05
9.98946E-05 0.580988 9.98946E-05 9.98946E-05 0.0974382 9.98946E-05 9.98946E-05 0.0455959 9.98946E-05 0.0759324 9.98946E-05 9.98946E-05 9.98946E-05 9.98946E-05 9.98946E-05 0.0446925 0.0167162 9.98946E-05 0.137439
9.98771E-05 0.858807 9.98771E-05 9.98771E-05 9.98771E-05 0.0944193 9.98771E-05 0.00608346 9.98771E-05 9.98771E-05 9.98771E-05 9.98771E-05 9.98771E-05 9.98771E-05 9.98771E-05 9.98771E-05 9.98771E-05 0.0373578 0.00193377
9.98944E-05 0.602578 9.98944E-05 9.98944E-05 9.98944E-05 0.00509995 9.98944E-05 9.98944E-05 0.084233 0.047607 9.98944E-05 0.041119 9.98944E-05 9.98944E-05 9.98944E-05 9.98944E-05 9.98944E-05 0.186518 0.0316457
9.98423E-05 0.998203 9.98423E-05 9.98423E-05 9.98423E-05 9.98423E-05 9.98423E-05 9.98423E-05 9.98423E-05 9.98423E-05 9.98423E-05 9.98423E-05 9.98423E-05 9.98423E-05 9.98423E-05 9.98423E-05 9.98423E-05 9.98423E-05 9.98423E-05
0.0142275 0.598856 0.0142231 9.98945E-05 0.31607 9.98945E-05 9.98945E-05 9.98945E-05 9.98945E-05 9.98945E-05 9.98945E-05 9.98945E-05 9.98945E-05 9.98945E-05 0.0132499 0.0168878 9.98945E-05 0.0252874 9.98945E-05
0.204371 0.741252 9.98772E-05 9.98772E-05 0.0406402 9.98772E-05 9.98772E-05 9.98772E-05 9.98772E-05 9.98772E-05 9.98772E-05 9.98772E-05 9.98772E-05 9.98772E-05 0.000267795 9.98772E-05 9.98772E-05 0.0120706 9.98772E-05
9.98859E-05 0.718295 9.98859E-05 9.98859E-05 9.98859E-05 0.0449608 9.98859E-05 0.023845 9.98859E-05 9.98859E-05 9.98859E-05 9.98859E-05 0.0221185 9.98859E-05 9.98859E-05 0.0688211 0.120661 9.98859E-05 9.98859E-05
9.98681E-05 0.705421 0.0211364 9.98681E-05 9.98681E-05 9.98681E-05 9.98681E-05 9.98681E-05 9.98681E-05 0.203395 9.98681E-05 9.98681E-05 9.98681E-05 9.98681E-05 9.98681E-05 9.98681E-05 9.98681E-05 9.98681E-05 0.0685499
9.98686E-05 0.958064 9.98686E-05 9.98686E-05 9.98686E-05 9.98686E-05 9.98686E-05 0.0245235 9.98686E-05 9.98686E-05 9.98686E-05 9.98686E-05 9.98686E-05 9.98686E-05 0.00508515 9.98686E-05 9.98686E-05 9.98686E-05 0.0108289
9.98422E-05 0.998203 9.98422E-05 9.98422E-05 9.98422E-05 9.98422E-05 9.98422E-05 9.98422E-05 9.98422E-05 9.98422E-05 9.98422E-05 9.98422E-05 9.98422E-05 9.98422E-05 9.98422E-05 9.98422E-05 9.98422E-05 9.98422E-05 9.98422E-05
9.98421E-05 0.998203 9.98421E-05 9.98421E-05 9.98421E-05 9.98421E-05 9.98421E-05 9.98421E-05 9.98421E-05 9.98421E-05 9.98421E-05 9.98421E-05 9.98421E-05 9.98421E-05 9.98421E-05 9.98421E-05 9.98421E-05 9.98421E-05 9.98421E-05
9.98771E-05 0.832956 9.98771E-05 9.98771E-05 9.98771E-05 0.0938538 9.98771E-05 0.0168007 9.98771E-05 0.0438931 9.98771E-05 9.98771E-05 9.98771E-05 9.98771E-05 9.98771E-05 9.98771E-05 9.98771E-05 0.0110981 9.98771E-05
9.98686E-05 0.681122 9.98686E-05 9.98686E-05 9.98686E-05 9.98686E-05 9.98686E-05 0.117343 9.98686E-05 9.98686E-05 0.11277 9.98686E-05 9.98686E-05 9.98686E-05 9.98686E-05 9.98686E-05 9.98686E-05 0.0872672 9.98686E-05
0.802005 9.98596E-05 9.98596E-05 9.98596E-05 9.98596E-05 9.98596E-05 9.98596E-05 0.099277 9.98596E-05 9.98596E-05 9.98596E-05 9.98596E-05 9.98596E-05 9.98596E-05 9.98596E-05 9.98596E-05 9.98596E-05 0.0971208 9.98596E-05
0.526179 9.98685E-05 9.98685E-05 9.98685E-05 9.98685E-05 9.98685E-05 9.98685E-05 0.0107811 9.98685E-05 9.98685E-05 0.418888 9.98685E-05 9.98685E-05 9.98685E-05 9.98685E-05 9.98685E-05 9.98685E-05 0.0426538 9.98685E-05
0.888781 9.98595E-05 9.98595E-05 9.98595E-05 9.98595E-05 9.98595E-05 9.98595E-05 9.98595E-05 9.98595E-05 9.98595E-05 9.98595E-05 9.98595E-05 9.98595E-05 9.98595E-05 9.98595E-05 9.98595E-05 0.0192678 0.090353 9.98595E-05
0.775852 9.9877E-05 9.9877E-05 9.9877E-05 9.9877E-05 0.0295489 9.9877E-05 0.00803272 9.9877E-05 9.9877E-05 9.9877E-05 9.9877E-05 9.9877E-05 9.9877E-05 9.9877E-05 9.9877E-05 9.9877E-05 0.146616 0.0385517
0.858373 9.9877E-05 9.9877E-05 9.9877E-05 9.9877E-05 9.9877E-05 0.0312364 0.0415843 9.9877E-05 9.9877E-05 9.9877E-05 9.9877E-05 0.0375724 9.9877E-05 9.9877E-05 9.9877E-05 0.0298355 9.9877E-05 9.9877E-05
0.704155 9.98685E-05 9.98685E-05 9.98685E-05 9.98685E-05 9.98685E-05 9.98685E-05 0.122892 9.98685E-05 9.98685E-05 9.98685E-05 9.98685E-05 9.98685E-05 9.98685E-05 0.0539487 9.98685E-05 9.98685E-05 0.117507 9.98685E-05
0.779107 9.98859E-05 9.98859E-05 9.98859E-05 0.0256746 9.98859E-05 9.98859E-05 0.0578572 9.98859E-05 0.0372197 9.98859E-05 9.98859E-05 9.98859E-05 9.98859E-05 9.98859E-05 9.98859E-05 9.98859E-05 0.0922358 0.00660712
0.814437 9.98508E-05 9.98508E-05 9.98508E-05 9.98508E-05 9.98508E-05 9.98508E-05 0.183866 9.98508E-05 9.98508E-05 9.98508E-05 9.98508E-05 9.98508E-05 9.98508E-05 9.98508E-05 9.98508E-05 9.98508E-05 9.98508E-05 9.98508E-05
0.408371 9.9877E-05 9.9877E-05 9.9877E-05 9.9877E-05 9.9877E-05 9.9877E-05 0.333111 9.9877E-05 9.9877E-05 9.9877E-05 9.9877E-05 9.9877E-05 9.9877E-05 0.228845 9.9877E-05 0.00141069 0.0268636 9.9877E-05
0.576694 9.98683E-05 9.98683E-05 9.98683E-05 9.98683E-05 9.98683E-05 9.98683E-05 0.207653 9.98683E-05 0.0170298 9.98683E-05 9.98683E-05 9.98683E-05 9.98683E-05 9.98683E-05 9.98683E-05 9.98683E-05 0.197126 9.98683E-05
0.443742 9.98684E-05 9.98684E-05 9.98684E-05 9.98684E-05 9.98684E-05 9.98684E-05 9.98684E-05 9.98684E-05 9.98684E-05 0.214532 9.98684E-05 9.98684E-05 9.98684E-05 0.318073 9.98684E-05 9.98684E-05 9.98684E-05 0.0221546
0.74429 9.98947E-05 9.98947E-05 9.98947E-05 9.98947E-05 9.98947E-05 9.98947E-05 9.98947E-05 9.98947E-05 9.98947E-05 0.0384332 0.00169214 9.98947E-05 0.000218876 0.151501 9.98947E-05 9.98947E-05 0.0276781 0.0349878
0.935825 9.9851E-05 9.9851E-05 9.9851E-05 9.9851E-05 9.9851E-05 9.9851E-05 0.0624771 9.9851E-05 9.9851E-05 9.9851E-05 9.9851E-05 9.9851E-05 9.9851E-05 9.9851E-05 9.9851E-05 9.9851E-05 9.9851E-05 9.9851E-05
0.661722 9.98773E-05 9.98773E-05 9.98773E-05 9.98773E-05 9.98773E-05 9.98773E-05 0.200017 9.98773E-05 9.98773E-05 0.00104998 9.98773E-05 9.98773E-05 9.98773E-05 9.98773E-05 9.98773E-05 0.0476471 0.0881663 9.98773E-05
0.716991 9.9886E-05 9.9886E-05 9.9886E-05 9.9886E-05 0.0882218 9.9886E-05 0.0478015 9.9886E-05 9.9886E-05 0.0233674 9.9886E-05 9.9886E-05 9.9886E-05 0.00728825 9.9886E-05 0.115032 9.9886E-05 9.9886E-05
0.650025 9.98947E-05 9.98947E-05 9.98947E-05 9.98947E-05 9.98947E-05 0.00676065 0.0454599 9.98947E-05 9.98947E-05 9.98947E-05 9.98947E-05 9.98947E-05 9.98947E-05 0.147885 0.00772833 9.98947E-05 0.110571 0.0303717
0.64746 9.98684E-05 9.98684E-05 9.98684E-05 9.98684E-05 9.98684E-05 9.98684E-05 9.98684E-05 9.98684E-05 9.98684E-05 9.98684E-05 0.0156582 9.98684E-05 9.98684E-05 0.247106 9.98684E-05 9.98684E-05 0.0882776 9.98684E-05
0.744906 9.98773E-05 9.98773E-05 9.98773E-05 0.048612 9.98773E-05 0.00865147 0.104065 9.98773E-05 9.98773E-05 9.98773E-05 9.98773E-05 9.98773E-05 9.98773E-05 9.98773E-05 9.98773E-05 0.0923666 9.98773E-05 9.98773E-05
0.993866 9.98509E-05 9.98509E-05 9.98509E-05 9.98509E-05 9.98509E-05 9.98509E-05 9.98509E-05 9.98509E-05 9.98509E-05 9.98509E-05 9.98509E-05 9.98509E-05 9.98509E-05 9.98509E-05 9.98509E-05 9.98509E-05 9.98509E-05 0.00443688
0.373907 9.98947E-05 0.0446089 9.98947E-05 9.98947E-05 9.98947E-05 9.98947E-05 0.132514 9.98947E-05 9.98947E-05 0.181585 0.113035 9.98947E-05 9.98947E-05 9.98947E-05 9.98947E-05 9.98947E-05 0.0964622 0.0566885
0.759295 9.98685E-05 9.98685E-05 9.98685E-05 9.98685E-05 9.98685E-05 9.98685E-05 0.0175738 9.98685E-05 9.98685E-05 9.98685E-05 9.98685E-05 9.98685E-05 9.98685E-05 0.147924 9.98685E-05 9.98685E-05 0.0737092 9.98685E-05
0.901055 9.98683E-05 9.98683E-05 9.98683E-05 9.98683E-05 9.98683E-05 9.98683E-05 0.0686059 9.98683E-05 0.0179388 9.98683E-05 9.98683E-05 9.98683E-05 9.98683E-05 9.98683E-05 9.98683E-05 9.98683E-05 9.98683E-05 0.0109025
0.475765 9.98771E-05 9.98771E-05 9.98771E-05 9.98771E-05 9.98771E-05 9.98771E-05 0.204061 9.98771E-05 9.98771E-05 9.98771E-05 0.044324 9.98771E-05 9.98771E-05 0.0667046 9.98771E-05 9.98771E-05 0.207747 9.98771E-05
0.697859 9.98684E-05 9.98684E-05 9.98684E-05 9.98684E-05 9.98684E-05 9.98684E-05 0.152501 9.98684E-05 9.98684E-05 0.109862 9.98684E-05 9.98684E-05 9.98684E-05 9.98684E-05 9.98684E-05 9.98684E-05 0.03828 9.98684E-05
0.417873 9.98859E-05 9.98859E-05 0.022788 9.98859E-05 9.98859E-05 9.98859E-05 0.131904 9.98859E-05 9.98859E-05 9.98859E-05 0.0764258 9.98859E-05 9.98859E-05 0.103274 9.98859E-05 9.98859E-05 0.246437 9.98859E-05
0.460687 0.0229012 9.98948E-05 9.98948E-05 9.98948E-05 9.98948E-05 9.98948E-05 0.129327 0.0276187 9.98948E-05 0.161016 9.98948E-05 9.98948E-05 9.98948E-05 0.0324299 9.98948E-05 9.98948E-05 0.164821 9.98948E-05
0.284675 9.98947E-05 0.0454368 9.98947E-05 9.98947E-05 9.98947E-05 9.98947E-05 9.98947E-05 9.98947E-05 9.98947E-05 0.499377 0.00153904 0.108298 9.98947E-05 9.98947E-05 9.98947E-05 0.0282834 0.0311919 9.98947E-05
0.71733 9.98681E-05 9.98681E-05 9.98681E-05 9.98681E-05 9.98681E-05 9.98681E-05 0.124826 9.98681E-05 9.98681E-05 9.98681E-05 0.0203767 9.98681E-05 9.98681E-05 9.98681E-05 9.98681E-05 9.98681E-05 0.135969 9.98681E-05
0.568068 9.98685E-05 9.98685E-05 9.98685E-05 9.98685E-05 9.98685E-05 9.98685E-05 0.206319 9.98685E-05 9.98685E-05 9.98685E-05 9.98685E-05 9.98685E-05 9.98685E-05 0.0313831 9.98685E-05 9.98685E-05 0.192731 9.98685E-05
0.824118 9.98773E-05 9.98773E-05 9.98773E-05 9.98773E-05 9.98773E-05 9.98773E-05 9.98773E-05 9.98773E-05 9.98773E-05 0.0145424 0.0350544 9.98773E-05 9.98773E-05 9.98773E-05 9.98773E-05 9.98773E-05 0.105658 0.0192298
0.775873 9.98773E-05 9.98773E-05 9.98773E-05 9.98773E-05 9.98773E-05 9.98773E-05 0.00136965 0.0259218 9.98773E-05 9.98773E-05 9.98773E-05 9.98773E-05 9.98773E-05 9.98773E-05 9.98773E-05 9.98773E-05 0.152964 0.042473
0.910903 9.98596E-05 9.98596E-05 9.98596E-05 9.98596E-05 9.98596E-05 9.98596E-05 9.98596E-05 0.0720855 9.98596E-05 9.98596E-05 9.98596E-05 9.98596E-05 9.98596E-05 9.98596E-05 9.98596E-05 9.98596E-05 9.98596E-05 0.015414
0.478933 9.98858E-05 9.98858E-05 0.0347628 9.98858E-05 9.98858E-05 9.98858E-05 0.214346 0.0098191 9.98858E-05 9.98858E-05 0.174196 9.98858E-05 9.98858E-05 9.98858E-05 9.98858E-05 9.98858E-05 0.0866454 9.98858E-05
0.668689 9.98857E-05 0.00220388 9.98857E-05 0.0816382 9.98857E-05 9.98857E-05 0.0326376 9.98857E-05 9.98857E-05 9.98857E-05 0.0496963 9.98857E-05 9.98857E-05 9.98857E-05 9.98857E-05 9.98857E-05 0.163837 9.98857E-05
0.967161 9.98509E-05 9.98509E-05 9.98509E-05 9.98509E-05 9.98509E-05 9.98509E-05 9.98509E-05 9.98509E-05 9.98509E-05 9.98509E-05 9.98509E-05 9.98509E-05 9.98509E-05 9.98509E-05 9.98509E-05 9.98509E-05 0.0311412 9.98509E-05
0.676426 9.98771E-05 9.98771E-05 9.98771E-05 9.98771E-05 9.98771E-05 9.98771E-05 0.103182 9.98771E-05 9.98771E-05 0.0994297 9.98771E-05 9.98771E-05 9.98771E-05 0.0638992 9.98771E-05 0.0556648 9.98771E-05 9.98771E-05
0.672413 9.98683E-05 9.98683E-05 9.98683E-05 9.98683E-05 9.98683E-05 9.98683E-05 0.0660705 9.98683E-05 0.0233468 9.98683E-05 9.98683E-05 9.98683E-05 9.98683E-05 9.98683E-05 9.98683E-05 9.98683E-05 0.236672 9.98683E-05
0.481998 9.98946E-05 9.98946E-05 0.00146598 9.98946E-05 0.00278903 9.98946E-05 0.0541885 9.98946E-05 9.98946E-05 0.436177 9.98946E-05 9.98946E-05 9.98946E-05 9.98946E-05 0.00512323 9.98946E-05 0.0170599 9.98946E-05
0.700919 9.98684E-05 9.98684E-05 9.98684E-05 9.98684E-05 9.98684E-05 9.98684E-05 0.000372804 9.98684E-05 9.98684E-05 0.217405 9.98684E-05 9.98684E-05 9.98684E-05 9.98684E-05 9.98684E-05 9.98684E-05 0.079806 9.98684E-05
0.795446 9.98511E-05 9.98511E-05 9.98511E-05 9.98511E-05 9.98511E-05 9.98511E-05 9.98511E-05 9.98511E-05 9.98511E-05 0.202857 9.98511E-05 9.98511E-05 9.98511E-05 9.98511E-05 9.98511E-05 9.98511E-05 9.98511E-05 9.98511E-05
0.47908 9.98772E-05 9.98772E-05 9.98772E-05 9.98772E-05 9.98772E-05 9.98772E-05 0.0295436 0.0147998 9.98772E-05 0.390097 0.0850806 9.98772E-05 9.98772E-05 9.98772E-05 9.98772E-05 9.98772E-05 9.98772E-05 9.98772E-05
0.51245 9.9877E-05 9.9877E-05 9.9877E-05 9.9877E-05 9.9877E-05 9.9877E-05 0.0744494 9.9877E-05 9.9877E-05 9.9877E-05 9.9877E-05 9.9877E-05 9.9877E-05 0.0702199 9.9877E-05 0.0602632 0.281219 9.9877E-05
0.789713 9.98596E-05 0.0856286 9.98596E-05 9.98596E-05 9.98596E-05 9.98596E-05 0.123061 9.98596E-05 9.98596E-05 9.98596E-05 9.98596E-05 9.98596E-05 9.98596E-05 9.98596E-05 9.98596E-05 9.98596E-05 9.98596E-05 9.98596E-05
0.237218 9.98771E-05 9.98771E-05 9.98771E-05 9.98771E-05 9.98771E-05 9.98771E-05 0.106342 9.98771E-05 9.98771E-05 0.522241 0.0618127 9.98771E-05 9.98771E-05 9.98771E-05 9.98771E-05 9.98771E-05 0.0709875 9.98771E-05
0.633895 9.98684E-05 9.98684E-05 9.98684E-05 9.98684E-05 9.98684E-05 9.98684E-05 9.98684E-05 9.98684E-05 9.98684E-05 0.320585 9.98684E-05 9.98684E-05 9.98684E-05 0.0376441 9.98684E-05 9.98684E-05 0.00637786 9.98684E-05
0.518535 9.98858E-05 9.98858E-05 9.98858E-05 9.98858E-05 9.98858E-05 0.00664041 0.142066 9.98858E-05 9.98858E-05 9.98858E-05 0.15045 9.98858E-05 9.98858E-05 0.16677 9.98858E-05 9.98858E-05 9.98858E-05 0.0142407
0.451379 0.200239 9.9886E-05 9.9886E-05 9.9886E-05 9.9886E-05 9.9886E-05 0.144606 9.9886E-05 0.0258329 0.0219709 9.9886E-05 9.9886E-05 9.9886E-05 9.9886E-05 9.9886E-05 9.9886E-05 0.154674 9.9886E-05
0.533129 9.99036E-05 9.99036E-05 9.99036E-05 0.0775602 9.99036E-05 9.99036E-05 0.120335 0.00616978 0.0833335 9.99036E-05 9.99036E-05 0.113965 9.99036E-05 0.0476188 9.99036E-05 9.99036E-05 0.0167896 9.99036E-05
0.444768 9.98859E-05 9.98859E-05 9.98859E-05 0.0763691 0.00601794 9.98859E-05 0.264394 9.98859E-05 9.98859E-05 9.98859E-05 9.98859E-05 9.98859E-05 9.98859E-05 9.98859E-05 9.98859E-05 9.98859E-05 0.168786 0.0383667
0.613093 9.98684E-05 0.000969746 9.98684E-05 9.98684E-05 9.98684E-05 9.98684E-05 9.98684E-05 9.98684E-05 9.98684E-05 0.373129 9.98684E-05 9.98684E-05 9.98684E-05 9.98684E-05 9.98684E-05 9.98684E-05 0.0113097 9.98684E-05
0.69266 9.98682E-05 9.98682E-05 9.98682E-05 9.98682E-05 9.98682E-05 0.0208742 9.98682E-05 9.98682E-05 9.98682E-05 9.98682E-05 9.98682E-05 9.98682E-05 9.98682E-05 9.98682E-05 0.158926 9.98682E-05 0.126041 9.98682E-05
0.31077 0.00710481 9.98771E-05 9.98771E-05 9.98771E-05 9.98771E-05 9.98771E-05 0.131571 9.98771E-05 9.98771E-05 0.535879 9.98771E-05 9.98771E-05 9.98771E-05 9.98771E-05 9.98771E-05 9.98771E-05 0.0132768 9.98771E-05
0.629718 9.98773E-05 9.98773E-05 9.98773E-05 9.98773E-05 9.98773E-05 9.98773E-05 0.119338 9.98773E-05 9.98773E-05 0.108567 9.98773E-05 9.98773E-05 9.98773E-05 9.98773E-05 9.98773E-05 9.98773E-05 0.132478 0.00849977
0.926367 9.98595E-05 9.98595E-05 9.98595E-05 9.98595E-05 9.98595E-05 9.98595E-05 0.0280224 0.0440125 9.98595E-05 9.98595E-05 9.98595E-05 9.98595E-05 9.98595E-05 9.98595E-05 9.98595E-05 9.98595E-05 9.98595E-05 9.98595E-05
0.883239 9.98682E-05 9.98682E-05 9.98682E-05 9.98682E-05 0.0142675 9.98682E-05 9.98682E-05 9.98682E-05 9.98682E-05 9.98682E-05 9.98682E-05 9.98682E-05 9.98682E-05 9.98682E-05 0.0754547 9.98682E-05 9.98682E-05 0.0255406
0.461123 9.98682E-05 9.98682E-05 9.98682E-05 9.98682E-05 9.98682E-05 9.98682E-05 0.177971 9.98682E-05 9.98682E-05 9.98682E-05 9.98682E-05 9.98682E-05 9.98682E-05 0.184779 9.98682E-05 9.98682E-05 0.174628 9.98682E-05
0.756441 9.98594E-05 9.98594E-05 9.98594E-05 9.98594E-05 9.98594E-05 9.98594E-05 0.158461 9.98594E-05 9.98594E-05 9.98594E-05 9.98594E-05 9.98594E-05 9.98594E-05 9.98594E-05 9.98594E-05 9.98594E-05 0.0834997 9.98594E-05
0.890597 9.9877E-05 9.9877E-05 9.9877E-05 9.9877E-05 9.9877E-05 9.9877E-05 0.0528388 0.0100683 9.9877E-05 9.9877E-05 9.9877E-05 9.9877E-05 9.9877E-05 9.9877E-05 9.9877E-05 0.0349296 9.9877E-05 0.0101676
0.807452 9.98684E-05 9.98684E-05 9.98684E-05 9.98684E-05 9.98684E-05 9.98684E-05 9.98684E-05 9.98684E-05 9.98684E-05 0.0204915 0.115186 9.98684E-05 9.98684E-05 9.98684E-05 9.98684E-05 9.98684E-05 0.0553728 9.98684E-05
0.67167 9.98772E-05 9.98772E-05 9.98772E-05 9.98772E-05 9.98772E-05 9.98772E-05 0.107375 9.98772E-05 9.98772E-05 0.0207072 9.98772E-05 9.98772E-05 9.98772E-05 0.164887 9.98772E-05 9.98772E-05 0.0339622 9.98772E-05
9.98419E-05 9.98419E-05 9.98419E-05 9.98419E-05 9.98419E-05 9.98419E-05 9.98419E-05 9.98419E-05 9.98419E-05 9.98419E-05 9.98419E-05 9.98419E-05 9.98419E-05 9.98419E-05 9.98419E-05 9.98419E-05 9.98419E-05 0.998203 9.98419E-05
9.98418E-05 9.98418E-05 9.98418E-05 9.98418E-05 9.98418E-05 9.98418E-05 9.98418E-05 0.998203 9.98418E-05 9.98418E-05 9.98418E-05 9.98418E-05 9.98418E-05 9.98418E-05 9.98418E-05 9.98418E-05 9.98418E-05 9.98418E-05 9.98418E-05
9.98417E-05 9.98417E-05 9.98417E-05 9.98417E-05 9.98417E-05 9.98417E-05 9.98417E-05 9.98417E-05 9.98417E-05 9.98417E-05 9.98417E-05 9.98417E-05 9.98417E-05 9.98417E-05 9.98417E-05 9.98417E-05 9.98417E-05 0.998203 9.98417E-05
9.98417E-05 9.98417E-05 9.98417E-05 9.98417E-05 9.98417E-05 9.98417E-05 9.98417E-05 0.998203 9.98417E-05 9.98417E-05 9.98417E-05 9.98417E-05 9.98417E-05 9.98417E-05 9.98417E-05 9.98417E-05 9.98417E-05 9.98417E-05 9.98417E-05
9.98418E-05 9.98418E-05 9.98418E-05 9.98418E-05 9.98418E-05 9.98418E-05 9.98418E-05 0.998203 9.98418E-05 9.98418E-05 9.98418E-05 9.98418E-05 9.98418E-05 9.98418E-05 9.98418E-05 9.98418E-05 9.98418E-05 9.98418E-05 9.98418E-05
9.98418E-05 9.98418E-05 9.98418E-05 9.98418E-05 9.98418E-05 9.98418E-05 9.98418E-05 0.998203 9.98418E-05 9.98418E-05 9.98418E-05 9.98418E-05 9.98418E-05 9.98418E-05 9.98418E-05 9.98418E-05 9.98418E-05 9.98418E-05 9.98418E-05
9.98418E-05 9.98418E-05 9.98418E-05 9.98418E-05 9.98418E-05 9.98418E-05 9.98418E-05 9.98418E-05 9.98418E-05 9.98418E-05 9.98418E-05 9.98418E-05 9.98418E-05 9.98418E-05 9.98418E-05 9.98418E-05 9.98418E-05 0.998203 9.98418E-05
9.98417E-05 9.98417E-05 9.98417E-05 9.98417E-05 9.98417E-05 9.98417E-05 9.98417E-05 0.998203 9.98417E-05 9.98417E-05 9.98417E-05 9.98417E-05 9.98417E-05 9.98417E-05 9.98417E-05 9.98417E-05 9.98417E-05 9.98417E-05 9.98417E-05
9.98417E-05 9.98417E-05 9.98417E-05 9.98417E-05 9.98417E-05 9.98417E-05 9.98417E-05 0.998203 9.98417E-05 9.98417E-05 9.98417E-05 9.98417E-05 9.98417E-05 9.98417E-05 9.98417E-05 9.98417E-05 9.98417E-05 9.98417E-05 9.98417E-05
9.98418E-05 9.98418E-05 9.98418E-05 9.98418E-05 9.98418E-05 9.98418E-05 9.98418E-05 9.98418E-05 9.98418E-05 9.98418E-05 9.98418E-05 9.98418E-05 9.98418E-05 9.98418E-05 9.98418E-05 9.98418E-05 9.98418E-05 0.998203 9.98418E-05
9.98418E-05 9.98418E-05 9.98418E-05 9.98418E-05 9.98418E-05 9.98418E-05 9.98418E-05 9.98418E-05 9.98418E-05 9.98418E-05 9.98418E-05 9.98418E-05 9.98418E-05 9.98418E-05 9.98418E-05 9.98418E-05 9.98418E-05 0.998203 9.98418E-05
9.98417E-05 9.98417E-05 9.98417E-05 9.98417E-05 9.98417E-05 9.98417E-05 9.98417E-05 9.98417E-05 9.98417E-05 9.98417E-05 9.98417E-05 9.98417E-05 9.98417E-05 9.98417E-05 9.98417E-05 9.98417E-05 9.98417E-05 0.998203 9.98417E-05
9.98417E-05 9.98417E-05 9.98417E-05 9.98417E-05 9.98417E-05 9.98417E-05 9.98417E-05 0.998203 9.98417E-05 9.98417E-05 9.98417E-05 9.98417E-05 9.98417E-05 9.98417E-05 9.98417E-05 9.98417E-05 9.98417E-05 9.98417E-05 9.98417E-05
9.98417E-05 9.98417E-05 9.98417E-05 9.98417E-05 9.98417E-05 9.98417E-05 9.98417E-05 0.998203 9.98417E-05 9.98417E-05 9.98417E-05 9.98417E-05 9.98417E-05 9.98417E-05 9.98417E-05 9.98417E-05 9.98417E-05 9.98417E-05 9.98417E-05
9.98417E-05 9.98417E-05 9.98417E-05 9.98417E-05 9.98417E-05 9.98417E-05 9.98417E-05 9.98417E-05 9.98417E-05 9.98417E-05 9.98417E-05 9.98417E-05 9.98417E-05 9.98417E-05 9.98417E-05 9.98417E-05 9.98417E-05 0.998203 9.98417E-05
9.98418E-05 9.98418E-05 9.98418E-05 9.98418E-05 9.98418E-05 9.98418E-05 9.98418E-05 9.98418E-05 9.98418E-05 9.98418E-05 9.98418E-05 9.98418E-05 9.98418E-05 9.98418E-05 9.98418E-05 9.98418E-05 9.98418E-05 0.998203 9.98418E-05
0.573463 9.98857E-05 9.98857E-05 9.98857E-05 9.98857E-05 9.98857E-05 0.087119 0.0482741 9.98857E-05 9.98857E-05 9.98857E-05 9.98857E-05 0.0800774 9.98857E-05 9.98857E-05 0.1373 9.98857E-05 0.0724684 9.98857E-05
9.98506E-05 9.98506E-05 9.98506E-05 9.98506E-05 9.98506E-05 9.98506E-05 9.98506E-05 9.98506E-05 9.98506E-05 0.00476409 9.98506E-05 9.98506E-05 9.98506E-05 9.98506E-05 9.98506E-05 9.98506E-05 9.98506E-05 0.993538 9.98506E-05
9.98419E-05 9.98419E-05 9.98419E-05 9.98419E-05 9.98419E-05 9.98419E-05 9.98419E-05 0.998203 9.98419E-05 9.98419E-05 9.98419E-05 9.98419E-05 9.98419E-05 9.98419E-05 9.98419E-05 9.98419E-05 9.98419E-05 9.98419E-05 9.98419E-05
9.98417E-05 9.98417E-05 9.98417E-05 9.98417E-05 9.98417E-05 9.98417E-05 9.98417E-05 9.98417E-05 9.98417E-05 9.98417E-05 9.98417E-05 9.98417E-05 9.98417E-05 9.98417E-05 9.98417E-05 9.98417E-05 9.98417E-05 0.998203 9.98417E-05
9.98419E-05 9.98419E-05 9.98419E-05 9.98419E-05 9.98419E-05 9.98419E-05 9.98419E-05 9.98419E-05 9.98419E-05 9.98419E-05 9.98419E-05 9.98419E-05 9.98419E-05 9.98419E-05 9.98419E-05 9.98419E-05 9.98419E-05 0.998203 9.98419E-05
9.98418E-05 9.98418E-05 9.98418E-05 9.98418E-05 9.98418E-05 9.98418E-05 9.98418E-05 9.98418E-05 9.98418E-05 9.98418E-05 9.98418E-05 9.98418E-05 9.98418E-05 9.98418E-05 9.98418E-05 9.98418E-05 9.98418E-05 0.998203 9.98418E-05
9.98417E-05 9.98417E-05 9.98417E-05 9.98417E-05 9.98417E-05 9.98417E-05 9.98417E-05 0.998203 9.98417E-05 9.98417E-05 9.98417E-05 9.98417E-05 9.98417E-05 9.98417E-05 9.98417E-05 9.98417E-05 9.98417E-05 9.98417E-05 9.98417E-05
9.98417E-05 9.98417E-05 9.98417E-05 9.98417E-05 9.98417E-05 9.98417E-05 9.98417E-05 9.98417E-05 9.98417E-05 9.98417E-05 9.98417E-05 9.98417E-05 9.98417E-05 9.98417E-05 9.98417E-05 9.98417E-05 9.98417E-05 0.998203 9.98417E-05
9.98418E-05 9.98418E-05 9.98418E-05 9.98418E-05 9.98418E-05 9.98418E-05 9.98418E-05 0.998203 9.98418E-05 9.98418E-05 9.98418E-05 9.98418E-05 9.98418E-05 9.98418E-05 9.98418E-05 9.98418E-05 9.98418E-05 9.98418E-05 9.98418E-05
9.98418E-05 9.98418E-05 9.98418E-05 9.98418E-05 9.98418E-05 9.98418E-05 9.98418E-05 9.98418E-05 9.98418E-05 9.98418E-05 9.98418E-05 9.98418E-05 9.98418E-05 9.98418E-05 9.98418E-05 9.98418E-05 9.98418E-05 0.998203 9.98418E-05
9.98416E-05 9.98416E-05 9.98416E-05 9.98416E-05 9.98416E-05 9.98416E-05 9.98416E-05 9.98416E-05 9.98416E-05 9.98416E-05 9.98416E-05 9.98416E-05 9.98416E-05 9.98416E-05 9.98416E-05 9.98416E-05 9.98416E-05 0.998203 9.98416E-05
9.98418E-05 9.98418E-05 9.98418E-05 9.98418E-05 9.98418E-05 9.98418E-05 9.98418E-05 0.998203 9.98418E-05 9.98418E-05 9.98418E-05 9.98418E-05 9.98418E-05 9.98418E-05 9.98418E-05 9.98418E-05 9.98418E-05 9.98418E-05 9.98418E-05
9.98418E-05 9.98418E-05 9.98418E-05 9.98418E-05 9.98418E-05 9.98418E-05 9.98418E-05 0.998203 9.98418E-05 9.98418E-05 9.98418E-05 9.98418E-05 9.98418E-05 9.98418E-05 9.98418E-05 9.98418E-05 9.98418E-05 9.98418E-05 9.98418E-05
9.98418E-05 9.98418E-05 9.98418E-05 9.98418E-05 9.98418E-05 9.98418E-05 9.98418E-05 0.998203 9.98418E-05 9.98418E-05 9.98418E-05 9.98418E-05 9.98418E-05 9.98418E-05 9.98418E-05 9.98418E-05 9.98418E-05 9.98418E-05 9.98418E-05
9.98594E-05 9.98594E-05 9.98594E-05 9.98594E-05 9.98594E-05 9.98594E-05 9.98594E-05 9.98594E-05 9.98594E-05 9.98594E-05 9.98594E-05 0.0267557 9.98594E-05 9.98594E-05 9.98594E-05 9.98594E-05 0.00378469 0.967862 9.98594E-05
9.98418E-05 9.98418E-05 9.98418E-05 9.98418E-05 9.98418E-05 9.98418E-05 9.98418E-05 9.98418E-05 9.98418E-05 9.98418E-05 9.98418E-05 9.98418E-05 9.98418E-05 9.98418E-05 9.98418E-05 9.98418E-05 9.98418E-05 0.998203 9.98418E-05
9.98417E-05 9.98417E-05 9.98417E-05 9.98417E-05 9.98417E-05 9.98417E-05 9.98417E-05 9.98417E-05 9.98417E-05 9.98417E-05 9.98417E-05 9.98417E-05 9.98417E-05 9.98417E-05 9.98417E-05 9.98417E-05 9.98417E-05 0.998203 9.98417E-05
9.98417E-05 9.98417E-05 9.98417E-05 9.98417E-05 9.98417E-05 9.98417E-05 9.98417E-05 9.98417E-05 9.98417E-05 9.98417E-05 9.98417E-05 9.98417E-05 9.98417E-05 9.98417E-05 9.98417E-05 9.98417E-05 9.98417E-05 0.998203 9.98417E-05
9.98417E-05 9.98417E-05 9.98417E-05 9.98417E-05 9.98417E-05 9.98417E-05 9.98417E-05 9.98417E-05 9.98417E-05 9.98417E-05 9.98417E-05 9.98417E-05 9.98417E-05 9.98417E-05 9.98417E-05 9.98417E-05 9.98417E-05 0.998203 9.98417E-05
9.98418E-05 9.98418E-05 9.98418E-05 9.98418E-05 9.98418E-05 9.98418E-05 9.98418E-05 0.998203 9.98418E-05 9.98418E-05 9.98418E-05 9.98418E-05 9.98418E-05 9.98418E-05 9.98418E-05 9.98418E-05 9.98418E-05 9.98418E-05 9.98418E-05
