9.99649E-05 0.0280722 0.079524 0.155794 0.45808 9.99649E-05 0.222944 0.0551857 9.99649E-05 9.99649E-05
0.0150104 9.99649E-05 9.99649E-05 0.10969 0.679759 0.00195035 0.0960159 0.0971744 9.99649E-05 9.99649E-05
9.99473E-05 9.99473E-05 9.99473E-05 0.000976645 0.886878 9.99473E-05 0.0819823 9.99473E-05 9.99473E-05 0.0295634
0.0871677 0.0397308 0.0561123 0.102099 0.2414 0.325175 0.105943 9.99824E-05 0.0421731 9.99824E-05
9.99298E-05 9.99298E-05 9.99298E-05 9.99298E-05 0.840275 0.158926 9.99298E-05 9.99298E-05 9.99298E-05 9.99298E-05
9.99737E-05 0.172822 9.99737E-05 0.0423265 0.258709 0.318208 0.0237453 0.0687832 0.115105 9.99737E-05
9.99649E-05 9.99649E-05 9.99649E-05 0.14209 0.320296 0.24213 0.0761235 0.151876 9.99649E-05 0.0670841
9.99737E-05 0.214204 0.0290365 0.0404984 0.240043 0.358467 9.99737E-05 0.00857574 9.99737E-05 0.108875
0.0494094 0.261402 9.99561E-05 9.99561E-05 0.273743 0.106199 0.308746 9.99561E-05 9.99561E-05 9.99561E-05
9.99385E-05 9.99385E-05 0.00342974 9.99385E-05 0.834194 9.99385E-05 0.161677 9.99385E-05 9.99385E-05 9.99385E-05
9.99473E-05 0.0362063 9.99473E-05 0.181666 0.491008 9.99473E-05 0.29052 9.99473E-05 9.99473E-05 9.99473E-05
9.99473E-05 9.99473E-05 9.99473E-05 0.0283392 0.871183 0.0957624 9.99473E-05 9.99473E-05 9.99473E-05 0.00411551
9.99473E-05 0.00881822 9.99473E-05 9.99473E-05 0.750014 0.0608486 0.179719 9.99473E-05 9.99473E-05 9.99473E-05
9.99561E-05 9.99561E-05 9.99561E-05 0.094884 0.577981 9.99561E-05 0.0852076 9.99561E-05 0.158942 0.0824864
0.00405231 0.155671 9.99649E-05 9.99649E-05 0.319472 0.15765 0.303341 9.99649E-05 0.059414 9.99649E-05
9.99649E-05 0.243454 9.99649E-05 0.0011939 0.254839 0.228467 0.166084 9.99649E-05 9.99649E-05 0.105563
9.99737E-05 9.99737E-05 9.99737E-05 0.0689206 0.56425 0.0302111 0.0908565 0.118065 0.0881182 0.039279
0.121675 0.0148824 0.254388 9.99649E-05 0.211625 0.128816 0.268214 9.99649E-05 9.99649E-05 9.99649E-05
9.99648E-05 0.108286 0.115722 0.0282913 0.368249 0.0879695 0.291082 9.99648E-05 9.99648E-05 9.99648E-05
0.0411936 9.99297E-05 9.99297E-05 9.99297E-05 0.958007 9.99297E-05 9.99297E-05 9.99297E-05 9.99297E-05 9.99297E-05
0.0207344 0.116216 9.99649E-05 0.086233 0.358665 0.332258 0.0854929 9.99649E-05 9.99649E-05 9.99649E-05
9.99649E-05 0.160507 9.99649E-05 0.0155735 0.253641 0.401402 0.0671464 0.101331 9.99649E-05 9.99649E-05
0.00952947 9.99649E-05 0.0259377 0.0930018 0.669489 9.99649E-05 0.195022 0.00661996 9.99649E-05 9.99649E-05
9.99561E-05 9.99561E-05 9.99561E-05 0.022175 0.36397 0.0572922 0.368471 9.99561E-05 9.99561E-05 0.187593
0.144149 0.121396 9.99736E-05 0.0653251 0.2674 0.0466898 0.325122 9.99736E-05 0.0296186 9.99736E-05
9.99473E-05 0.0316825 9.99473E-05 9.99473E-05 0.677699 0.11131 0.178708 9.99473E-05 9.99473E-05 9.99473E-05
9.999E-05 0.0407756 0.129953 0.0313493 0.09448 0.0704799 0.28109 0.0407062 0.191294 0.119773
9.99473E-05 9.99473E-05 9.99473E-05 0.00785206 0.743772 0.150388 0.0973886 9.99473E-05 9.99473E-05 9.99473E-05
0.0749894 9.99474E-05 9.99474E-05 0.0513798 0.555891 9.99474E-05 0.31714 9.99474E-05 9.99474E-05 9.99474E-05
0.0149265 0.0279731 0.00126487 0.0487774 0.727658 9.99824E-05 0.080172 9.99824E-05 0.0761182 0.0229097
0.033586 0.0849613 0.0538842 0.125029 0.622978 9.99649E-05 0.0791617 9.99649E-05 9.99649E-05 9.99649E-05
9.99649E-05 0.029739 9.99649E-05 0.0814048 0.538824 0.161296 0.161061 9.99649E-05 0.0272754 9.99649E-05
9.99649E-05 0.00326212 9.99649E-05 0.110902 0.462081 9.99649E-05 0.293861 9.99649E-05 0.0604488 0.0690456
9.99649E-05 9.99649E-05 0.0442577 0.0380118 0.421429 9.99649E-05 0.25941 9.99649E-05 0.231517 0.00497388
0.0420033 9.99561E-05 9.99561E-05 0.0521291 0.698763 9.99561E-05 0.089355 0.117249 9.99561E-05 9.99561E-05
0.038827 0.047156 9.99737E-05 0.0479878 0.680031 0.083926 0.0855881 0.0161838 9.99737E-05 9.99737E-05
0.0194335 9.99649E-05 9.99649E-05 0.0135776 0.834665 0.0827337 9.99649E-05 0.0025721 9.99649E-05 0.0466183
0.0447518 0.13167 9.99561E-05 9.99561E-05 0.640105 9.99561E-05 0.132738 0.0502354 9.99561E-05 9.99561E-05
9.99737E-05 0.00907562 9.99737E-05 0.0326406 0.530162 0.104074 0.185386 0.0455937 0.0927678 9.99737E-05
9.99473E-05 9.99473E-05 9.99473E-05 9.99473E-05 0.549283 9.99473E-05 0.20386 9.99473E-05 0.0784124 0.167845
9.99561E-05 0.0255638 9.99561E-05 0.0387303 0.779456 0.0446696 0.11108 9.99561E-05 9.99561E-05 9.99561E-05
9.99386E-05 0.126991 9.99386E-05 9.99386E-05 0.687671 9.99386E-05 0.184638 9.99386E-05 9.99386E-05 9.99386E-05
9.99385E-05 9.99385E-05 9.99385E-05 9.99385E-05 0.811948 0.129816 9.99385E-05 0.0575362 9.99385E-05 9.99385E-05
9.99737E-05 0.137798 0.00942599 0.0808893 0.431698 0.0141039 0.30676 0.0190247 9.99737E-05 9.99737E-05
9.99473E-05 9.99473E-05 9.99473E-05 0.00341757 0.28894 0.328501 0.378542 9.99473E-05 9.99473E-05 9.99473E-05
0.0451199 9.99561E-05 0.0186758 9.99561E-05 0.810757 0.056284 0.0686635 9.99561E-05 9.99561E-05 9.99561E-05
9.99561E-05 0.0487527 0.0389668 0.0282663 0.79188 9.99561E-05 0.0916343 9.99561E-05 9.99561E-05 9.99561E-05
9.99473E-05 9.99473E-05 9.99473E-05 0.0212747 0.90783 9.99473E-05 0.0589286 9.99473E-05 9.99473E-05 0.0113668
9.99473E-05 9.99473E-05 9.99473E-05 0.0631331 0.655368 0.0720207 0.208879 9.99473E-05 9.99473E-05 9.99473E-05
0.0495308 0.048977 0.0585489 0.0546066 0.700368 9.99737E-05 0.0102651 9.99737E-05 9.99737E-05 0.0774038
9.99561E-05 0.129496 9.99561E-05 0.137787 0.273802 0.143054 0.315361 9.99561E-05 9.99561E-05 9.99561E-05
0.0139099 0.0290148 9.99649E-05 0.0032925 0.579088 0.293783 9.99649E-05 9.99649E-05 9.99649E-05 0.0805115
9.99473E-05 0.0593972 0.071471 9.99473E-05 0.837842 9.99473E-05 0.0306901 9.99473E-05 9.99473E-05 9.99473E-05
0.0573173 0.0291153 0.0104196 9.99649E-05 0.581256 9.99649E-05 0.0453084 9.99649E-05 9.99649E-05 0.276183
0.0564644 9.99473E-05 9.99473E-05 9.99473E-05 0.658092 0.215105 0.0697384 9.99473E-05 9.99473E-05 9.99473E-05
0.110941 9.99561E-05 9.99561E-05 0.0762243 0.705638 9.99561E-05 9.99561E-05 9.99561E-05 0.0994634 0.00723325
9.99736E-05 0.00324834 0.103802 0.0379133 0.697168 9.99736E-05 0.0406062 0.0436318 9.99736E-05 0.0733305
9.99473E-05 9.99473E-05 9.99473E-05 0.0755212 0.739477 0.0382684 0.146134 9.99473E-05 9.99473E-05 9.99473E-05
9.99561E-05 0.0560589 9.99561E-05 0.0296557 0.858668 0.0200076 0.0351102 9.99561E-05 9.99561E-05 9.99561E-05
9.99806E-05 0.0751703 0.0330301 0.117534 0.105759 0.014635 0.305811 0.295694 0.0521663 9.99806E-05
9.9965E-05 9.9965E-05 0.040699 9.9965E-05 0.351314 0.0684502 0.167527 0.298303 9.9965E-05 0.0733074
9.99649E-05 9.99649E-05 0.15441 0.0226552 0.285613 9.99649E-05 9.99649E-05 0.392156 0.0598116 0.0849538
9.99737E-05 0.160307 0.0914169 0.054338 9.99737E-05 9.99737E-05 0.177516 0.39343 0.0625133 0.0601795
0.0411209 0.08179 0.0308495 9.99824E-05 0.0531853 0.209425 0.306229 0.156478 9.99824E-05 0.120722
0.0375474 0.0715462 0.127825 0.0198679 9.99737E-05 9.99737E-05 0.441464 0.238731 9.99737E-05 0.0627187
0.0203187 0.0344875 0.0562359 0.0489881 9.99737E-05 0.0606987 0.287373 0.491598 9.99737E-05 9.99737E-05
9.99824E-05 0.0859495 0.234892 0.0225447 9.99824E-05 0.00503397 0.239836 0.331934 0.0342347 0.0453752
9.99737E-05 9.99737E-05 0.115964 0.00312005 0.14304 9.99737E-05 0.133464 0.433172 0.153827 0.0171124
9.99737E-05 0.0131826 0.0164095 0.163386 0.298237 0.0939694 0.221882 0.192634 9.99737E-05 9.99737E-05
0.0012433 0.0929319 0.0646233 0.246359 9.99737E-05 0.0224595 0.508751 0.0633317 9.99737E-05 9.99737E-05
9.99824E-05 0.0374718 0.0209176 0.133234 0.0223613 0.17792 0.21211 0.230798 9.99824E-05 0.164987
0.0122054 0.20457 0.0816702 0.0640886 9.99912E-05 0.252356 0.149569 0.052168 0.0700873 0.113187
9.99649E-05 0.00784351 9.99649E-05 9.99649E-05 0.00795105 0.165779 0.447055 0.299223 9.99649E-05 0.071749
9.9965E-05 9.9965E-05 9.9965E-05 0.0821245 0.239026 9.9965E-05 0.188962 0.19798 0.144106 0.147401
9.99825E-05 0.138674 0.121759 0.0872265 0.274407 0.0178543 0.130125 0.221522 0.00823119 9.99825E-05
9.99649E-05 9.99649E-05 0.122046 9.99649E-05 9.99649E-05 0.164226 0.193139 0.288421 0.0395088 0.192259
9.99825E-05 0.18865 0.115692 0.176243 0.118778 0.116941 0.183528 0.055998 9.99825E-05 0.0439694
9.99737E-05 0.0423555 0.204947 0.029156 0.189649 0.168096 0.195821 0.169675 9.99737E-05 9.99737E-05
9.99561E-05 9.99561E-05 0.00503857 0.0605125 9.99561E-05 9.99561E-05 0.490943 0.243118 9.99561E-05 0.199888
9.99738E-05 9.99738E-05 0.0170537 0.0429354 0.238181 9.99738E-05 0.269704 0.214006 0.0636763 0.154143
9.99824E-05 0.03092 0.0603264 0.00115907 0.0840428 0.0519351 0.365489 0.351958 9.99824E-05 0.0539691
9.99737E-05 9.99737E-05 0.047493 0.0448719 0.146502 9.99737E-05 0.232572 0.27246 0.224743 0.0310574
9.99825E-05 0.0307703 0.130723 0.0303746 0.117136 0.30012 0.282021 0.0865443 9.99825E-05 0.0221105
9.99736E-05 0.0862535 9.99736E-05 0.239127 0.278345 0.050019 0.283486 0.0135627 0.0489061 9.99736E-05
0.0587392 0.0387419 9.99825E-05 0.0292411 0.370707 0.00010006 0.164762 0.289854 0.0476542 9.99825E-05
9.99649E-05 9.99649E-05 0.0960434 9.99649E-05 0.432739 9.99649E-05 0.119489 0.275208 0.00650994 0.0696113
9.9965E-05 9.9965E-05 0.0337441 9.9965E-05 0.234447 0.0282304 0.261519 0.370187 9.9965E-05 0.0714719
9.99737E-05 0.104423 0.195008 0.00368502 0.293286 0.0548989 0.219771 0.128628 9.99737E-05 9.99737E-05
9.99649E-05 0.109948 9.99649E-05 9.99649E-05 0.275807 9.99649E-05 0.242242 0.231844 0.115658 0.0241015
9.99473E-05 0.175354 9.99473E-05 0.0231511 9.99473E-05 9.99473E-05 0.199504 9.99473E-05 0.601391 9.99473E-05
9.99386E-05 0.0836476 9.99386E-05 9.99386E-05 9.99386E-05 9.99386E-05 0.0381288 9.99386E-05 0.877524 9.99386E-05
9.99648E-05 9.99648E-05 0.0477289 0.00456244 9.99648E-05 0.00930674 0.275541 9.99648E-05 0.645471 0.0169901
0.00589187 0.120183 0.029717 0.0839502 9.99648E-05 9.99648E-05 0.234743 9.99648E-05 0.525115 9.99648E-05
9.9956E-05 0.220371 0.0306625 0.0845774 9.9956E-05 9.9956E-05 0.0733759 9.9956E-05 0.590513 9.9956E-05
9.99385E-05 0.209164 9.99385E-05 9.99385E-05 9.99385E-05 9.99385E-05 0.237942 9.99385E-05 0.552195 9.99385E-05
9.99561E-05 0.129858 0.0693554 0.111597 9.99561E-05 9.99561E-05 0.172209 9.99561E-05 0.51648 9.99561E-05
9.99385E-05 0.306139 9.99385E-05 9.99385E-05 9.99385E-05 9.99385E-05 0.129002 9.99385E-05 0.56416 9.99385E-05
9.9956E-05 0.371306 0.0268943 9.9956E-05 9.9956E-05 9.9956E-05 0.144554 0.249325 0.207422 9.9956E-05
0.0189138 0.238237 0.0913914 9.9956E-05 9.9956E-05 9.9956E-05 0.262693 9.9956E-05 0.388265 9.9956E-05
9.99385E-05 0.0901282 9.99385E-05 9.99385E-05 9.99385E-05 9.99385E-05 9.99385E-05 0.244991 0.664181 9.99385E-05
0.0289955 0.0252379 9.99649E-05 0.00847955 9.99649E-05 9.99649E-05 0.0612003 0.102379 0.773308 9.99649E-05
9.99473E-05 0.15136 0.0316366 0.00485937 9.99473E-05 9.99473E-05 9.99473E-05 9.99473E-05 0.811544 9.99473E-05
9.99473E-05 0.191209 9.99473E-05 0.0316787 9.99473E-05 9.99473E-05 0.225688 9.99473E-05 0.550825 9.99473E-05
0.00709906 0.150493 0.114953 0.0405255 9.99737E-05 9.99737E-05 0.0131191 9.99737E-05 0.591918 0.081592
9.99649E-05 0.145488 9.99649E-05 0.0721869 9.99649E-05 9.99649E-05 0.101251 0.156639 0.480908 0.0431266
0.0499608 0.0770161 9.99561E-05 9.99561E-05 9.99561E-05 9.99561E-05 0.203676 0.129493 0.539355 9.99561E-05
9.99561E-05 0.191158 9.99561E-05 0.0630237 9.99561E-05 0.024814 9.99561E-05 9.99561E-05 0.648257 0.0722484
0.0177911 0.0648658 9.9956E-05 0.11309 9.9956E-05 0.0363477 9.9956E-05 9.9956E-05 0.767406 9.9956E-05
0.0833316 0.100965 9.99561E-05 0.000524815 9.99561E-05 9.99561E-05 0.209083 9.99561E-05 0.605596 9.99561E-05
9.99561E-05 0.0984182 9.99561E-05 9.99561E-05 9.99561E-05 0.0350146 0.159001 0.114707 0.59236 9.99561E-05
9.9956E-05 0.0959863 0.0332838 0.0562954 9.9956E-05 9.9956E-05 0.0707346 9.9956E-05 0.7432 9.9956E-05
0.0954558 0.308829 9.99648E-05 9.99648E-05 9.99648E-05 0.00226712 0.294158 0.0254276 0.273462 9.99648E-05
0.0154387 0.185726 9.99561E-05 0.0528466 9.99561E-05 9.99561E-05 0.0774869 9.99561E-05 0.668002 9.99561E-05
0.0446336 0.313411 9.99648E-05 0.00362956 9.99648E-05 0.14134 0.304853 9.99648E-05 0.191733 9.99648E-05
9.99561E-05 0.229461 9.99561E-05 9.99561E-05 9.99561E-05 9.99561E-05 0.151426 0.128482 0.427817 0.0623134
0.0692857 9.99474E-05 9.99474E-05 9.99474E-05 0.0242061 9.99474E-05 0.0202673 9.99474E-05 0.885641 9.99474E-05
9.99472E-05 0.131939 9.99472E-05 9.99472E-05 9.99472E-05 0.129484 0.261125 9.99472E-05 0.476853 9.99472E-05
0.00906268 0.281922 9.99473E-05 9.99473E-05 9.99473E-05 9.99473E-05 0.208572 9.99473E-05 0.499843 9.99473E-05
0.0533085 9.99561E-05 0.0601708 0.0478054 9.99561E-05 9.99561E-05 0.138777 9.99561E-05 0.699439 9.99561E-05
9.99561E-05 0.064542 9.99561E-05 0.0836954 9.99561E-05 9.99561E-05 0.250943 9.99561E-05 0.582353 0.017966
9.99473E-05 9.99473E-05 9.99473E-05 0.0779067 9.99473E-05 9.99473E-05 0.186321 9.99473E-05 0.723419 0.0117543
0.25211 0.399011 9.9956E-05 0.0279555 9.9956E-05 9.9956E-05 0.150038 9.9956E-05 0.170385 9.9956E-05
0.0492619 0.0815372 9.99736E-05 0.0822332 9.99736E-05 0.0172894 0.189359 9.99736E-05 0.544703 0.0353162
0.00996405 0.0353837 9.99473E-05 9.99473E-05 9.99473E-05 9.99473E-05 0.158065 9.99473E-05 0.795988 9.99473E-05
9.9956E-05 0.0825266 9.9956E-05 0.0691915 9.9956E-05 9.9956E-05 9.9956E-05 0.0547174 0.726257 0.0668075
9.9956E-05 0.1395 0.0307037 0.120092 9.9956E-05 9.9956E-05 0.300211 9.9956E-05 0.408994 9.9956E-05
9.99298E-05 0.106762 9.99298E-05 9.99298E-05 9.99298E-05 9.99298E-05 9.99298E-05 9.99298E-05 0.892438 9.99298E-05
0.0603773 0.032709 9.99473E-05 9.99473E-05 9.99473E-05 9.99473E-05 0.0938918 9.99473E-05 0.812422 9.99473E-05
9.99299E-05 0.00217454 9.99299E-05 9.99299E-05 9.99299E-05 9.99299E-05 9.99299E-05 9.99299E-05 0.997026 9.99299E-05
9.99299E-05 9.99299E-05 0.0242027 9.99299E-05 9.99299E-05 9.99299E-05 9.99299E-05 9.99299E-05 0.974998 9.99299E-05
9.99648E-05 0.209395 9.99648E-05 0.0747072 9.99648E-05 0.0501831 0.372604 0.0129272 0.279783 9.99648E-05
9.99473E-05 0.226299 9.99473E-05 9.99473E-05 9.99473E-05 0.123482 0.0297872 9.99473E-05 0.619832 9.99473E-05
0.0178296 0.136137 9.99474E-05 9.99474E-05 9.99474E-05 9.99474E-05 0.0116789 9.99474E-05 0.833755 9.99474E-05
9.99386E-05 9.99386E-05 9.99386E-05 9.99386E-05 0.00581627 9.99386E-05 0.0365299 9.99386E-05 0.956954 9.99386E-05
0.160451 0.268592 0.0040673 0.0209023 9.99736E-05 9.99736E-05 0.0673487 0.187054 0.291284 9.99736E-05
9.99561E-05 0.200093 0.00559724 0.0371811 9.99561E-05 9.99561E-05 0.20377 9.99561E-05 0.552858 9.99561E-05
9.99649E-05 0.146971 0.0259551 9.99649E-05 9.99649E-05 9.99649E-05 0.0565125 0.171677 0.466199 0.132285
0.0491429 0.280348 9.99737E-05 0.0162841 9.99737E-05 0.0183326 0.325397 9.99737E-05 0.305542 0.00465285
9.9921E-05 9.9921E-05 9.9921E-05 9.9921E-05 9.9921E-05 9.9921E-05 9.9921E-05 9.9921E-05 0.999101 9.9921E-05
9.99648E-05 0.0351185 9.99648E-05 0.0338911 9.99648E-05 0.151825 0.282328 9.99648E-05 0.434273 0.0621643
9.99474E-05 0.0625787 9.99474E-05 9.99474E-05 9.99474E-05 9.99474E-05 0.0532792 0.0672472 0.816295 9.99474E-05
9.99561E-05 0.121561 0.0503164 0.0237229 9.99561E-05 9.99561E-05 0.143792 9.99561E-05 0.660108 9.99561E-05
9.9956E-05 0.109459 9.9956E-05 9.9956E-05 9.9956E-05 0.0233309 0.0324514 9.9956E-05 0.699908 0.13435
0.0414038 0.0188438 0.0603904 0.111588 9.99736E-05 9.99736E-05 0.0487809 9.99736E-05 0.676685 0.0420085
9.99472E-05 0.25145 9.99472E-05 9.99472E-05 9.99472E-05 9.99472E-05 0.322052 0.142436 0.283462 9.99472E-05
9.99472E-05 0.213472 9.99472E-05 0.0138667 9.99472E-05 9.99472E-05 0.169593 9.99472E-05 0.602468 9.99472E-05
0.00742904 0.0746271 9.99824E-05 0.0731489 9.99824E-05 0.0227209 0.134228 0.0109915 0.629738 0.0469163
0.0676267 9.99648E-05 0.0313997 0.0179618 9.99648E-05 9.99648E-05 0.120233 9.99648E-05 0.742722 0.0196576
9.99385E-05 0.219544 9.99385E-05 9.99385E-05 9.99385E-05 9.99385E-05 0.0600174 9.99385E-05 0.719739 9.99385E-05
9.99208E-05 9.99208E-05 9.99208E-05 9.99208E-05 9.99208E-05 9.99208E-05 0.999101 9.99208E-05 9.99208E-05 9.99208E-05
9.99208E-05 0.999101 9.99208E-05 9.99208E-05 9.99208E-05 9.99208E-05 9.99208E-05 9.99208E-05 9.99208E-05 9.99208E-05
9.99207E-05 9.99207E-05 9.99207E-05 9.99207E-05 9.99207E-05 9.99207E-05 0.999101 9.99207E-05 9.99207E-05 9.99207E-05
9.99208E-05 0.999101 9.99208E-05 9.99208E-05 9.99208E-05 9.99208E-05 9.99208E-05 9.99208E-05 9.99208E-05 9.99208E-05
9.99207E-05 0.999101 9.99207E-05 9.99207E-05 9.99207E-05 9.99207E-05 9.99207E-05 9.99207E-05 9.99207E-05 9.99207E-05
9.99208E-05 0.999101 9.99208E-05 9.99208E-05 9.99208E-05 9.99208E-05 9.99208E-05 9.99208E-05 9.99208E-05 9.99208E-05
9.99207E-05 9.99207E-05 9.99207E-05 9.99207E-05 9.99207E-05 9.99207E-05 0.999101 9.99207E-05 9.99207E-05 9.99207E-05
9.99208E-05 0.999101 9.99208E-05 9.99208E-05 9.99208E-05 9.99208E-05 9.99208E-05 9.99208E-05 9.99208E-05 9.99208E-05
9.99208E-05 0.999101 9.99208E-05 9.99208E-05 9.99208E-05 9.99208E-05 9.99208E-05 9.99208E-05 9.99208E-05 9.99208E-05
9.99207E-05 9.99207E-05 9.99207E-05 9.99207E-05 9.99207E-05 9.99207E-05 0.999101 9.99207E-05 9.99207E-05 9.99207E-05
9.99208E-05 9.99208E-05 9.99208E-05 9.99208E-05 9.99208E-05 9.99208E-05 0.999101 9.99208E-05 9.99208E-05 9.99208E-05
9.99207E-05 9.99207E-05 9.99207E-05 9.99207E-05 9.99207E-05 9.99207E-05 0.999101 9.99207E-05 9.99207E-05 9.99207E-05
9.99208E-05 0.999101 9.99208E-05 9.99208E-05 9.99208E-05 9.99208E-05 9.99208E-05 9.99208E-05 9.99208E-05 9.99208E-05
9.99208E-05 0.999101 9.99208E-05 9.99208E-05 9.99208E-05 9.99208E-05 9.99208E-05 9.99208E-05 9.99208E-05 9.99208E-05
9.99207E-05 9.99207E-05 9.99207E-05 9.99207E-05 9.99207E-05 9.99207E-05 0.999101 9.99207E-05 9.99207E-05 9.99207E-05
9.99207E-05 9.99207E-05 9.99207E-05 9.99207E-05 9.99207E-05 9.99207E-05 0.999101 9.99207E-05 9.99207E-05 9.99207E-05
0.151257 0.130923 9.996E-05 9.996E-05 9.996E-05 0.131445 0.183164 9.996E-05 0.328885 0.0739271
9.99208E-05 9.99208E-05 9.99208E-05 9.99208E-05 9.99208E-05 9.99208E-05 0.999101 9.99208E-05 9.99208E-05 9.99208E-05
9.99208E-05 0.999101 9.99208E-05 9.99208E-05 9.99208E-05 9.99208E-05 9.99208E-05 9.99208E-05 9.99208E-05 9.99208E-05
9.99207E-05 9.99207E-05 9.99207E-05 9.99207E-05 9.99207E-05 9.99207E-05 0.999101 9.99207E-05 9.99207E-05 9.99207E-05
9.99207E-05 9.99207E-05 9.99207E-05 9.99207E-05 9.99207E-05 9.99207E-05 0.999101 9.99207E-05 9.99207E-05 9.99207E-05
9.99207E-05 9.99207E-05 9.99207E-05 9.99207E-05 9.99207E-05 9.99207E-05 0.999101 9.99207E-05 9.99207E-05 9.99207E-05
9.99208E-05 0.999101 9.99208E-05 9.99208E-05 9.99208E-05 9.99208E-05 9.99208E-05 9.99208E-05 9.99208E-05 9.99208E-05
9.99208E-05 9.99208E-05 9.99208E-05 9.99208E-05 9.99208E-05 9.99208E-05 0.999101 9.99208E-05 9.99208E-05 9.99208E-05
9.99208E-05 0.999101 9.99208E-05 9.99208E-05 9.99208E-05 9.99208E-05 9.99208E-05 9.99208E-05 9.99208E-05 9.99208E-05
9.99208E-05 9.99208E-05 9.99208E-05 9.99208E-05 9.99208E-05 9.99208E-05 0.999101 9.99208E-05 9.99208E-05 9.99208E-05
9.99207E-05 9.99207E-05 9.99207E-05 9.99207E-05 9.99207E-05 9.99207E-05 0.999101 9.99207E-05 9.99207E-05 9.99207E-05
9.99208E-05 0.999101 9.99208E-05 9.99208E-05 9.99208E-05 9.99208E-05 9.99208E-05 9.99208E-05 9.99208E-05 9.99208E-05
9.99208E-05 0.999101 9.99208E-05 9.99208E-05 9.99208E-05 9.99208E-05 9.99208E-05 9.99208E-05 9.99208E-05 9.99208E-05
9.99208E-05 0.999101 9.99208E-05 9.99208E-05 9.99208E-05 9.99208E-05 9.99208E-05 9.99208E-05 9.99208E-05 9.99208E-05
9.99208E-05 9.99208E-05 9.99208E-05 9.99208E-05 9.99208E-05 9.99208E-05 0.999101 9.99208E-05 9.99208E-05 9.99208E-05
0.000907417 9.99296E-05 9.99296E-05 9.99296E-05 9.99296E-05 9.99296E-05 0.998293 9.99296E-05 9.99296E-05 9.99296E-05
9.99207E-05 9.99207E-05 9.99207E-05 9.99207E-05 9.99207E-05 9.99207E-05 0.999101 9.99207E-05 9.99207E-05 9.99207E-05
9.99207E-05 9.99207E-05 9.99207E-05 9.99207E-05 9.99207E-05 9.99207E-05 0.999101 9.99207E-05 9.99207E-05 9.99207E-05
9.99207E-05 9.99207E-05 9.99207E-05 9.99207E-05 9.99207E-05 9.99207E-05 0.999101 9.99207E-05 9.99207E-05 9.99207E-05
9.99209E-05 0.999101 9.99209E-05 9.99209E-05 9.99209E-05 9.99209E-05 9.99209E-05 9.99209E-05 9.99209E-05 9.99209E-05
9.99208E-05 0.999101 9.99208E-05 9.99208E-05 9.99208E-05 9.99208E-05 9.99208E-05 9.99208E-05 9.99208E-05 9.99208E-05
9.99208E-05 0.999101 9.99208E-05 9.99208E-05 9.99208E-05 9.99208E-05 9.99208E-05 9.99208E-05 9.99208E-05 9.99208E-05
9.99207E-05 9.99207E-05 9.99207E-05 9.99207E-05 9.99207E-05 9.99207E-05 0.999101 9.99207E-05 9.99207E-05 9.99207E-05
9.99208E-05 0.999101 9.99208E-05 9.99208E-05 9.99208E-05 9.99208E-05 9.99208E-05 9.99208E-05 9.99208E-05 9.99208E-05
9.99208E-05 0.999101 9.99208E-05 9.99208E-05 9.99208E-05 9.99208E-05 9.99208E-05 9.99208E-05 9.99208E-05 9.99208E-05
9.99208E-05 0.999101 9.99208E-05 9.99208E-05 9.99208E-05 9.99208E-05 9.99208E-05 9.99208E-05 9.99208E-05 9.99208E-05
9.99208E-05 0.999101 9.99208E-05 9.99208E-05 9.99208E-05 9.99208E-05 9.99208E-05 9.99208E-05 9.99208E-05 9.99208E-05
9.99207E-05 9.99207E-05 9.99207E-05 9.99207E-05 9.99207E-05 9.99207E-05 0.999101 9.99207E-05 9.99207E-05 9.99207E-05
9.99208E-05 0.999101 9.99208E-05 9.99208E-05 9.99208E-05 9.99208E-05 9.99208E-05 9.99208E-05 9.99208E-05 9.99208E-05
9.99208E-05 0.999101 9.99208E-05 9.99208E-05 9.99208E-05 9.99208E-05 9.99208E-05 9.99208E-05 9.99208E-05 9.99208E-05
0.0694739 0.0959145 0.0103192 0.0152149 9.99824E-05 0.0637447 0.247628 9.99824E-05 0.403733 0.0937716
9.99208E-05 9.99208E-05 9.99208E-05 9.99208E-05 9.99208E-05 9.99208E-05 0.999101 9.99208E-05 9.99208E-05 9.99208E-05
9.99208E-05 0.999101 9.99208E-05 9.99208E-05 9.99208E-05 9.99208E-05 9.99208E-05 9.99208E-05 9.99208E-05 9.99208E-05
9.99208E-05 0.999101 9.99208E-05 9.99208E-05 9.99208E-05 9.99208E-05 9.99208E-05 9.99208E-05 9.99208E-05 9.99208E-05
9.99207E-05 0.999101 9.99207E-05 9.99207E-05 9.99207E-05 9.99207E-05 9.99207E-05 9.99207E-05 9.99207E-05 9.99207E-05
9.99208E-05 0.999101 9.99208E-05 9.99208E-05 9.99208E-05 9.99208E-05 9.99208E-05 9.99208E-05 9.99208E-05 9.99208E-05
9.99207E-05 9.99207E-05 9.99207E-05 9.99207E-05 9.99207E-05 9.99207E-05 0.999101 9.99207E-05 9.99207E-05 9.99207E-05
9.99208E-05 0.999101 9.99208E-05 9.99208E-05 9.99208E-05 9.99208E-05 9.99208E-05 9.99208E-05 9.99208E-05 9.99208E-05
9.99208E-05 9.99208E-05 9.99208E-05 9.99208E-05 9.99208E-05 9.99208E-05 0.999101 9.99208E-05 9.99208E-05 9.99208E-05
9.99208E-05 0.999101 9.99208E-05 9.99208E-05 9.99208E-05 9.99208E-05 9.99208E-05 9.99208E-05 9.99208E-05 9.99208E-05
9.99207E-05 9.99207E-05 9.99207E-05 9.99207E-05 9.99207E-05 9.99207E-05 0.999101 9.99207E-05 9.99207E-05 9.99207E-05
9.99208E-05 0.999101 9.99208E-05 9.99208E-05 9.99208E-05 9.99208E-05 9.99208E-05 9.99208E-05 9.99208E-05 9.99208E-05
9.99208E-05 0.999101 9.99208E-05 9.99208E-05 9.99208E-05 9.99208E-05 9.99208E-05 9.99208E-05 9.99208E-05 9.99208E-05
9.99207E-05 0.999101 9.99207E-05 9.99207E-05 9.99207E-05 9.99207E-05 9.99207E-05 9.99207E-05 9.99207E-05 9.99207E-05
9.99209E-05 0.999101 9.99209E-05 9.99209E-05 9.99209E-05 9.99209E-05 9.99209E-05 9.99209E-05 9.99209E-05 9.99209E-05
9.99208E-05 0.999101 9.99208E-05 9.99208E-05 9.99208E-05 9.99208E-05 9.99208E-05 9.99208E-05 9.99208E-05 9.99208E-05
9.99208E-05 0.999101 9.99208E-05 9.99208E-05 9.99208E-05 9.99208E-05 9.99208E-05 9.99208E-05 9.99208E-05 9.99208E-05
9.99207E-05 9.99207E-05 9.99207E-05 9.99207E-05 9.99207E-05 9.99207E-05 0.999101 9.99207E-05 9.99207E-05 9.99207E-05
9.99208E-05 9.99208E-05 9.99208E-05 9.99208E-05 9.99208E-05 9.99208E-05 0.999101 9.99208E-05 9.99208E-05 9.99208E-05
9.99208E-05 9.99208E-05 9.99208E-05 9.99208E-05 9.99208E-05 9.99208E-05 0.999101 9.99208E-05 9.99208E-05 9.99208E-05
9.99208E-05 0.999101 9.99208E-05 9.99208E-05 9.99208E-05 9.99208E-05 9.99208E-05 9.99208E-05 9.99208E-05 9.99208E-05
9.99207E-05 9.99207E-05 9.99207E-05 9.99207E-05 9.99207E-05 9.99207E-05 0.999101 9.99207E-05 9.99207E-05 9.99207E-05
9.99207E-05 9.99207E-05 9.99207E-05 9.99207E-05 9.99207E-05 9.99207E-05 0.999101 9.99207E-05 9.99207E-05 9.99207E-05
9.99207E-05 9.99207E-05 9.99207E-05 9.99207E-05 9.99207E-05 9.99207E-05 0.999101 9.99207E-05 9.99207E-05 9.99207E-05
9.99208E-05 0.999101 9.99208E-05 9.99208E-05 9.99208E-05 9.99208E-05 9.99208E-05 9.99208E-05 9.99208E-05 9.99208E-05
9.99208E-05 0.999101 9.99208E-05 9.99208E-05 9.99208E-05 9.99208E-05 9.99208E-05 9.99208E-05 9.99208E-05 9.99208E-05
9.99208E-05 0.999101 9.99208E-05 9.99208E-05 9.99208E-05 9.99208E-05 9.99208E-05 9.99208E-05 9.99208E-05 9.99208E-05
9.99207E-05 9.99207E-05 9.99207E-05 9.99207E-05 9.99207E-05 9.99207E-05 0.999101 9.99207E-05 9.99207E-05 9.99207E-05
9.99208E-05 0.999101 9.99208E-05 9.99208E-05 9.99208E-05 9.99208E-05 9.99208E-05 9.99208E-05 9.99208E-05 9.99208E-05
9.99208E-05 0.999101 9.99208E-05 9.99208E-05 9.99208E-05 9.99208E-05 9.99208E-05 9.99208E-05 9.99208E-05 9.99208E-05
9.99207E-05 9.99207E-05 9.99207E-05 9.99207E-05 9.99207E-05 9.99207E-05 0.999101 9.99207E-05 9.99207E-05 9.99207E-05
9.99208E-05 0.999101 9.99208E-05 9.99208E-05 9.99208E-05 9.99208E-05 9.99208E-05 9.99208E-05 9.99208E-05 9.99208E-05
9.99208E-05 0.999101 9.99208E-05 9.99208E-05 9.99208E-05 9.99208E-05 9.99208E-05 9.99208E-05 9.99208E-05 9.99208E-05
0.023103 0.177191 0.0572049 0.0668319 9.99824E-05 9.99824E-05 0.1817 0.10618 0.281165 0.106425
9.99207E-05 9.99207E-05 9.99207E-05 9.99207E-05 9.99207E-05 9.99207E-05 0.999101 9.99207E-05 9.99207E-05 9.99207E-05
9.99207E-05 0.999101 9.99207E-05 9.99207E-05 9.99207E-05 9.99207E-05 9.99207E-05 9.99207E-05 9.99207E-05 9.99207E-05
9.99649E-05 0.439913 0.00743425 0.0573348 9.99649E-05 9.99649E-05 0.0452111 9.99649E-05 0.356371 0.0933357
0.060067 0.345995 0.000392293 9.99649E-05 9.99649E-05 0.0798817 0.184601 9.99649E-05 0.328663 9.99649E-05
0.0254333 0.161672 9.99473E-05 9.99473E-05 9.99473E-05 9.99473E-05 0.403163 9.99473E-05 0.409132 9.99473E-05
9.99472E-05 9.99472E-05 0.0782979 9.99472E-05 9.99472E-05 9.99472E-05 0.248142 9.99472E-05 0.617019 0.0559409
0.000704019 0.307967 9.9956E-05 9.9956E-05 9.9956E-05 9.9956E-05 0.286237 0.018533 0.386059 9.9956E-05
9.993E-05 0.126096 9.993E-05 9.993E-05 9.993E-05 9.993E-05 9.993E-05 9.993E-05 0.873105 9.993E-05
0.0751513 0.356541 9.99649E-05 0.00954081 9.99649E-05 0.00519803 0.333038 9.99649E-05 0.220131 9.99649E-05
0.0314229 0.199612 0.177726 0.00789727 9.99648E-05 9.99648E-05 0.12566 9.99648E-05 0.457282 9.99648E-05
9.99385E-05 0.19968 9.99385E-05 9.99385E-05 9.99385E-05 9.99385E-05 0.113035 9.99385E-05 0.686585 9.99385E-05
0.104934 0.0527006 9.9956E-05 9.9956E-05 9.9956E-05 0.11591 0.141255 9.9956E-05 0.584701 9.9956E-05
9.99473E-05 0.0882866 9.99473E-05 0.0772602 9.99473E-05 9.99473E-05 0.246942 9.99473E-05 0.586911 9.99473E-05
9.99385E-05 0.626234 9.99385E-05 9.99385E-05 9.99385E-05 9.99385E-05 0.0297822 9.99385E-05 0.343284 9.99385E-05
9.99648E-05 0.287293 0.0133667 9.99648E-05 9.99648E-05 9.99648E-05 0.311517 0.0228477 0.236965 0.127611
0.0278545 0.0817525 0.111393 9.9956E-05 9.9956E-05 9.9956E-05 0.0742585 9.9956E-05 0.704242 9.9956E-05
0.00482697 0.17916 9.99736E-05 0.0335838 9.99736E-05 0.016534 0.25795 9.99736E-05 0.488135 0.0195109
9.99649E-05 0.275617 9.99649E-05 0.123533 9.99649E-05 0.107387 0.198125 0.0692993 0.225639 9.99649E-05
0.0749133 0.166285 0.0106411 9.99561E-05 9.99561E-05 9.99561E-05 0.138847 9.99561E-05 0.608814 9.99561E-05
9.99648E-05 0.0762909 0.0131509 0.0949722 9.99648E-05 9.99648E-05 0.440182 9.99648E-05 0.300425 0.0745791
0.107826 0.143863 9.9956E-05 0.0475564 9.9956E-05 9.9956E-05 9.9956E-05 0.227023 0.473232 9.9956E-05
9.9956E-05 0.155106 9.9956E-05 9.9956E-05 9.9956E-05 0.106521 0.319528 9.9956E-05 0.407768 0.0105773
9.99472E-05 0.132467 9.99472E-05 9.99472E-05 9.99472E-05 0.148872 0.167479 9.99472E-05 0.550582 9.99472E-05
0.0259037 0.248069 9.99649E-05 0.0552888 9.99649E-05 0.00440853 9.99649E-05 9.99649E-05 0.604894 0.0610368
0.0463044 0.216269 0.0181789 0.0260409 9.99736E-05 9.99736E-05 0.170507 9.99736E-05 0.420084 0.102316
9.9956E-05 0.239647 0.0184322 0.0185729 9.9956E-05 9.9956E-05 0.128018 9.9956E-05 0.594831 9.9956E-05
0.0407288 0.092416 0.10403 9.9956E-05 9.9956E-05 9.9956E-05 0.0121007 9.9956E-05 0.750224 9.9956E-05
9.99386E-05 0.0467836 9.99386E-05 9.99386E-05 9.99386E-05 9.99386E-05 9.99386E-05 0.041112 0.911405 9.99386E-05
0.0536311 0.105411 9.9956E-05 9.9956E-05 9.9956E-05 0.1201 0.152064 9.9956E-05 0.568293 9.9956E-05
9.99473E-05 0.299523 0.0432435 9.99473E-05 9.99473E-05 9.99473E-05 0.335821 9.99473E-05 0.320813 9.99473E-05
0.0521025 9.99648E-05 0.0713663 9.99648E-05 9.99648E-05 0.0531871 0.136679 9.99648E-05 0.673177 0.0130878
0.0985154 0.202876 0.130571 9.9956E-05 9.9956E-05 9.9956E-05 0.0798981 9.9956E-05 0.487639 9.9956E-05
9.99561E-05 0.345985 9.99561E-05 9.99561E-05 9.99561E-05 0.220688 0.117794 0.0607812 0.254252 9.99561E-05
9.99386E-05 0.231874 9.99386E-05 9.99386E-05 9.99386E-05 9.99386E-05 0.276411 9.99386E-05 0.491015 9.99386E-05
0.0380756 0.2022 0.134121 9.99648E-05 9.99648E-05 9.99648E-05 0.132552 0.153203 0.339449 9.99648E-05
9.99473E-05 0.203192 9.99473E-05 9.99473E-05 9.99473E-05 0.206183 0.331395 9.99473E-05 0.25863 9.99473E-05
9.99736E-05 0.152006 0.0229962 0.0747853 9.99736E-05 0.0662626 0.272723 9.99736E-05 0.397662 0.0132647
0.0133895 0.0681973 9.99473E-05 9.99473E-05 9.99473E-05 9.99473E-05 0.344385 9.99473E-05 0.573428 9.99473E-05
9.9921E-05 9.9921E-05 9.9921E-05 9.9921E-05 9.9921E-05 9.9921E-05 9.9921E-05 9.9921E-05 0.999101 9.9921E-05
9.9956E-05 0.0103304 9.9956E-05 0.118865 9.9956E-05 9.9956E-05 0.307121 9.9956E-05 0.43045 0.132734
0.0502163 0.00695069 9.99649E-05 0.122079 9.99649E-05 9.99649E-05 0.0565449 9.99649E-05 0.655046 0.108764
0.00630822 0.263205 9.9956E-05 9.9956E-05 9.9956E-05 0.239452 0.149149 9.9956E-05 0.341387 9.9956E-05
9.99472E-05 0.121244 0.00878353 9.99472E-05 9.99472E-05 9.99472E-05 0.328242 9.99472E-05 0.541131 9.99472E-05
0.0236384 0.0814312 9.99649E-05 9.99649E-05 9.99649E-05 0.124355 0.142856 0.0127023 0.614616 9.99649E-05
0.0467069 0.209865 9.9956E-05 9.9956E-05 9.9956E-05 0.200587 0.174182 9.9956E-05 0.368159 9.9956E-05
9.99473E-05 0.590379 0.0181483 9.99473E-05 9.99473E-05 9.99473E-05 0.110438 9.99473E-05 0.280435 9.99473E-05
9.9956E-05 0.380254 0.0241456 9.9956E-05 9.9956E-05 9.9956E-05 0.399269 0.00721989 0.188612 9.9956E-05
9.99648E-05 0.184207 0.0461055 0.045397 9.99648E-05 0.0398297 0.140195 9.99648E-05 0.543866 9.99648E-05
9.99209E-05 9.99209E-05 9.99209E-05 9.99209E-05 9.99209E-05 9.99209E-05 9.99209E-05 9.99209E-05 0.999101 9.99209E-05
0.0295414 0.23918 9.9956E-05 0.0522702 9.9956E-05 9.9956E-05 0.0564683 9.9956E-05 0.622041 9.9956E-05
9.9921E-05 9.9921E-05 9.9921E-05 9.9921E-05 9.9921E-05 9.9921E-05 9.9921E-05 9.9921E-05 0.999101 9.9921E-05
9.99736E-05 0.223018 9.99736E-05 0.0483968 9.99736E-05 0.112202 0.2178 0.110521 0.256843 0.0309188
9.99298E-05 9.99298E-05 9.99298E-05 9.99298E-05 9.99298E-05 9.99298E-05 9.99298E-05 0.0840108 0.91519 9.99298E-05
9.99473E-05 9.99473E-05 9.99473E-05 0.066378 9.99473E-05 9.99473E-05 0.440426 0.00155273 0.491043 9.99473E-05
9.9956E-05 9.9956E-05 9.9956E-05 0.092953 9.9956E-05 0.124972 0.266846 0.245401 0.269328 9.9956E-05
9.99472E-05 0.204404 9.99472E-05 9.99472E-05 9.99472E-05 9.99472E-05 0.128494 0.236679 0.429823 9.99472E-05
0.00455727 0.12085 9.9956E-05 9.9956E-05 9.9956E-05 0.193737 0.0190043 9.9956E-05 0.661352 9.9956E-05
9.99385E-05 0.343698 9.99385E-05 9.99385E-05 9.99385E-05 9.99385E-05 0.0756574 9.99385E-05 0.579945 9.99385E-05
9.99474E-05 9.99474E-05 9.99474E-05 0.0131153 9.99474E-05 9.99474E-05 0.145967 0.114121 0.726197 9.99474E-05
9.99473E-05 0.218139 9.99473E-05 0.0272866 9.99473E-05 9.99473E-05 0.0759649 9.99473E-05 0.678009 9.99473E-05
9.99561E-05 0.237207 9.99561E-05 0.0149493 9.99561E-05 9.99561E-05 0.289735 9.99561E-05 0.442637 0.0149716
9.99473E-05 0.234052 9.99473E-05 9.99473E-05 9.99473E-05 9.99473E-05 0.189639 0.11215 0.463559 9.99473E-05
9.99473E-05 0.0464463 9.99473E-05 0.0220299 9.99473E-05 9.99473E-05 0.0250813 9.99473E-05 0.905843 9.99473E-05
9.99298E-05 0.115477 9.99298E-05 9.99298E-05 9.99298E-05 9.99298E-05 9.99298E-05 9.99298E-05 0.883724 9.99298E-05
9.99387E-05 9.99387E-05 9.99387E-05 9.99387E-05 0.0546511 9.99387E-05 0.188038 9.99387E-05 0.756611 9.99387E-05
9.99473E-05 0.154416 9.99473E-05 0.100091 9.99473E-05 9.99473E-05 0.16088 9.99473E-05 0.584013 9.99473E-05
0.0995268 0.176779 9.9956E-05 0.0136812 9.9956E-05 9.9956E-05 0.119371 9.9956E-05 0.590142 9.9956E-05
9.99473E-05 0.257246 9.99473E-05 9.99473E-05 9.99473E-05 0.0020435 9.99473E-05 9.99473E-05 0.700189 0.0399225
9.99386E-05 0.0989957 9.99386E-05 9.99386E-05 9.99386E-05 9.99386E-05 0.00933355 9.99386E-05 0.890971 9.99386E-05
0.0104177 0.26594 9.99649E-05 0.0579107 9.99649E-05 9.99649E-05 0.20287 0.0651521 0.397309 9.99649E-05
0.00304216 0.0498409 9.9956E-05 0.0641502 9.9956E-05 9.9956E-05 0.402094 9.9956E-05 0.480373 9.9956E-05
0.0181129 9.99474E-05 9.99474E-05 9.99474E-05 9.99474E-05 9.99474E-05 0.0311533 0.193246 0.756888 9.99474E-05
0.00487754 0.0292636 9.99561E-05 9.99561E-05 9.99561E-05 9.99561E-05 0.284413 0.260292 0.420655 9.99561E-05
9.99474E-05 9.99474E-05 9.99474E-05 9.99474E-05 0.100605 9.99474E-05 0.0639979 0.118581 0.716216 9.99474E-05
0.061968 0.262654 9.99473E-05 9.99473E-05 9.99473E-05 9.99473E-05 0.319787 9.99473E-05 0.354991 9.99473E-05
0.0285973 9.99561E-05 0.0569188 9.99561E-05 9.99561E-05 9.99561E-05 9.99561E-05 0.204924 0.530273 0.178787
9.99386E-05 9.99386E-05 9.99386E-05 9.99386E-05 9.99386E-05 9.99386E-05 0.0806124 0.0198205 0.898868 9.99386E-05
9.99473E-05 0.136494 9.99473E-05 9.99473E-05 9.99473E-05 9.99473E-05 0.085953 0.214098 0.562855 9.99473E-05
9.99386E-05 9.99386E-05 9.99386E-05 9.99386E-05 0.0272579 9.99386E-05 9.99386E-05 0.13508 0.836962 9.99386E-05
9.9956E-05 9.9956E-05 0.00258377 0.0205813 9.9956E-05 0.0339673 0.232054 9.9956E-05 0.710314 9.9956E-05
9.99299E-05 9.99299E-05 9.99299E-05 9.99299E-05 9.99299E-05 9.99299E-05 9.99299E-05 0.250809 0.748391 9.99299E-05
9.99561E-05 0.401309 9.99561E-05 0.0857451 9.99561E-05 9.99561E-05 0.0549666 0.0155425 0.441937 9.99561E-05
9.9956E-05 0.195136 9.9956E-05 0.00638076 9.9956E-05 0.192487 0.053305 9.9956E-05 0.552191 9.9956E-05
0.0622222 0.139791 0.0128307 0.0389139 9.99824E-05 0.104967 0.128545 9.99824E-05 0.472847 0.0396835
9.99298E-05 9.99298E-05 9.99298E-05 9.99298E-05 9.99298E-05 9.99298E-05 9.99298E-05 0.105817 0.893384 9.99298E-05
0.0224793 0.271526 0.0155671 0.0188034 9.99737E-05 0.0126048 9.99737E-05 9.99737E-05 0.650865 0.00785472
0.234533 0.160267 9.99473E-05 9.99473E-05 9.99473E-05 9.99473E-05 9.99473E-05 0.142309 0.462291 9.99473E-05
9.99561E-05 0.00723811 9.99561E-05 0.00652099 9.99561E-05 9.99561E-05 0.0661957 0.186546 0.733 9.99561E-05
9.9956E-05 0.0542948 0.166398 0.0224609 9.9956E-05 9.9956E-05 0.242836 9.9956E-05 0.513511 9.9956E-05
9.99473E-05 0.386568 9.99473E-05 0.0393628 9.99473E-05 9.99473E-05 0.246607 9.99473E-05 0.326863 9.99473E-05
0.0622975 0.0474352 9.99649E-05 0.0656278 9.99649E-05 9.99649E-05 0.322863 9.99649E-05 0.461763 0.0396134
0.101895 0.187881 9.9956E-05 0.0247635 9.9956E-05 9.9956E-05 0.331875 9.9956E-05 0.353086 9.9956E-05
0.187667 0.034157 0.0269253 9.99737E-05 9.99737E-05 0.0360461 0.15698 0.152137 0.405787 9.99737E-05
9.9956E-05 0.0896935 0.0818505 9.9956E-05 9.9956E-05 9.9956E-05 0.280659 0.212046 0.335251 9.9956E-05
9.99649E-05 0.310042 9.99649E-05 9.99649E-05 0.0263483 0.0016679 0.236032 0.147824 0.277686 9.99649E-05
0.119476 0.0202202 9.99736E-05 0.134794 9.99736E-05 9.99736E-05 0.0391078 0.27545 0.392439 0.0182128
9.99386E-05 0.218497 9.99386E-05 9.99386E-05 9.99386E-05 9.99386E-05 9.99386E-05 0.128568 0.652236 9.99386E-05
9.99386E-05 9.99386E-05 0.0507913 9.99386E-05 9.99386E-05 9.99386E-05 9.99386E-05 0.210029 0.73848 9.99386E-05
9.99473E-05 0.370629 9.99473E-05 9.99473E-05 9.99473E-05 0.186581 0.0322194 9.99473E-05 0.409971 9.99473E-05
9.9956E-05 0.118688 9.9956E-05 0.144463 9.9956E-05 0.0401016 0.333065 9.9956E-05 0.363183 9.9956E-05
9.99473E-05 9.99473E-05 0.0164766 0.0418309 9.99473E-05 9.99473E-05 0.562486 9.99473E-05 0.378606 9.99473E-05
9.99561E-05 0.187117 9.99561E-05 9.99561E-05 9.99561E-05 0.0455636 0.484256 0.0245057 0.258059 9.99561E-05
0.0604933 0.243613 0.0730481 0.0675821 9.99736E-05 0.128536 9.99736E-05 9.99736E-05 0.37489 0.051537
0.0179486 0.0458282 0.0314534 9.99561E-05 9.99561E-05 9.99561E-05 0.38452 9.99561E-05 0.51975 9.99561E-05
0.0847201 0.142297 0.0735467 0.123377 9.99824E-05 9.99824E-05 0.148625 0.135845 0.287286 0.00410341
0.0211425 0.0162517 0.00464777 9.99649E-05 9.99649E-05 9.99649E-05 0.0713244 0.120237 0.765997 9.99649E-05
9.99387E-05 0.154031 9.99387E-05 9.99387E-05 9.99387E-05 9.99387E-05 9.99387E-05 0.124088 0.721182 9.99387E-05
9.99473E-05 0.177375 9.99473E-05 9.99473E-05 9.99473E-05 9.99473E-05 0.233162 0.0721422 0.516721 9.99473E-05
9.9956E-05 9.9956E-05 0.164943 9.9956E-05 9.9956E-05 9.9956E-05 0.249524 0.168634 0.386243 0.0301572
9.99299E-05 9.99299E-05 9.99299E-05 9.99299E-05 9.99299E-05 9.99299E-05 9.99299E-05 0.162992 0.836209 9.99299E-05
9.99299E-05 9.99299E-05 9.99299E-05 9.99299E-05 9.99299E-05 9.99299E-05 9.99299E-05 0.0756769 0.923524 9.99299E-05
0.0755169 0.0949449 0.0346191 9.99561E-05 9.99561E-05 9.99561E-05 0.0270463 9.99561E-05 0.767373 9.99561E-05
9.99473E-05 0.0916172 0.062424 9.99473E-05 9.99473E-05 9.99473E-05 0.138501 9.99473E-05 0.706858 9.99473E-05
9.99385E-05 9.99385E-05 9.99385E-05 0.0215704 9.99385E-05 9.99385E-05 0.200394 9.99385E-05 0.777336 9.99385E-05
9.99473E-05 0.0365532 9.99473E-05 9.99473E-05 9.99473E-05 0.187952 0.280208 9.99473E-05 0.494687 9.99473E-05
9.99473E-05 0.0828261 9.99473E-05 9.99473E-05 9.99473E-05 0.1405 0.307859 9.99473E-05 0.468215 9.99473E-05
0.12153 9.99648E-05 9.99648E-05 0.0994891 9.99648E-05 9.99648E-05 0.42329 0.0306833 0.318923 0.0056845
9.99473E-05 0.361817 9.99473E-05 0.00672281 9.99473E-05 9.99473E-05 9.99473E-05 0.0977101 0.533151 9.99473E-05
9.99472E-05 0.208299 9.99472E-05 9.99472E-05 9.99472E-05 0.049518 0.16209 9.99472E-05 0.579494 9.99472E-05
0.0223119 0.0410206 0.0634622 0.0548294 9.99736E-05 9.99736E-05 0.301395 0.0125032 0.504178 9.99736E-05
0.0247054 0.0202818 9.99561E-05 0.015192 9.99561E-05 9.99561E-05 0.017349 9.99561E-05 0.921972 9.99561E-05
0.0489479 9.99648E-05 9.99648E-05 9.99648E-05 9.99648E-05 0.0965114 0.418642 0.142339 0.159469 0.133691
9.9956E-05 0.0311128 0.127243 0.0368566 9.9956E-05 9.9956E-05 0.337257 9.9956E-05 0.46703 9.9956E-05
0.0137878 0.329675 9.9956E-05 0.0850111 9.9956E-05 9.9956E-05 0.169142 9.9956E-05 0.401885 9.9956E-05
0.0200844 0.10389 9.99648E-05 9.99648E-05 9.99648E-05 0.0747723 0.197518 0.249931 0.353405 9.99648E-05
9.99561E-05 0.213719 9.99561E-05 0.0423265 9.99561E-05 0.162895 0.108131 9.99561E-05 0.472428 9.99561E-05
9.99386E-05 0.0360911 9.99386E-05 9.99386E-05 9.99386E-05 9.99386E-05 9.99386E-05 0.383126 0.580083 9.99386E-05
9.9956E-05 0.210891 0.026254 0.09494 9.9956E-05 9.9956E-05 0.254535 9.9956E-05 0.41288 9.9956E-05
9.99474E-05 9.99474E-05 0.00197717 9.99474E-05 9.99474E-05 9.99474E-05 0.116496 0.021331 0.859596 9.99474E-05
9.99475E-05 0.0975849 9.99475E-05 9.99475E-05 0.00159701 9.99475E-05 9.99475E-05 0.204311 0.695908 9.99475E-05
9.99648E-05 0.242646 9.99648E-05 0.118228 9.99648E-05 0.0161575 0.168887 9.99648E-05 0.392532 0.0611504
0.0502809 0.122442 9.99736E-05 0.0233775 9.99736E-05 0.00253815 0.215527 0.135714 0.44982 9.99736E-05
9.99561E-05 0.104138 9.99561E-05 0.0498666 9.99561E-05 0.220223 0.301208 0.324065 9.99561E-05 9.99561E-05
9.99561E-05 0.0478089 9.99561E-05 0.0701302 9.99561E-05 0.174834 0.331226 0.375501 9.99561E-05 9.99561E-05
9.99649E-05 0.0782621 9.99649E-05 0.105477 9.99649E-05 0.175581 0.251191 0.355146 9.99649E-05 0.0339435
9.99737E-05 0.0199735 9.99737E-05 0.0185256 9.99737E-05 0.0156454 0.183056 0.571729 0.0996531 0.0911176
0.0234811 0.118695 0.0755873 0.0579105 9.99825E-05 9.99825E-05 0.184898 0.353168 0.0431271 0.142933
0.000843145 9.99562E-05 9.99562E-05 9.99562E-05 0.115631 0.122877 0.261055 0.499094 9.99562E-05 9.99562E-05
9.99737E-05 0.146832 9.99737E-05 0.0629385 0.0163771 0.100767 0.571881 0.0776742 0.0232296 9.99737E-05
9.99562E-05 0.116406 9.99562E-05 0.0583867 9.99562E-05 9.99562E-05 0.112427 0.496168 9.99562E-05 0.216113
