9.9956E-05 0.058967 9.9956E-05 9.9956E-05 0.18262 0.00288379 9.9956E-05 0.121286 0.11125 0.0295237 0.433665 0.000326758 0.0589772 9.9956E-05
9.99297E-05 9.99297E-05 9.99297E-05 9.99297E-05 0.082342 9.99297E-05 9.99297E-05 0.159784 9.99297E-05 9.99297E-05 0.694078 0.0318722 0.0297829 0.00134185
9.99132E-05 9.99132E-05 9.99132E-05 9.99132E-05 9.99132E-05 9.99132E-05 0.0091109 9.99132E-05 9.99132E-05 9.99132E-05 0.892788 0.0878369 0.0092656 9.99132E-05
9.99473E-05 0.40898 9.99473E-05 9.99473E-05 0.0656806 0.0296863 0.0019797 9.99473E-05 9.99473E-05 9.99473E-05 0.292694 0.0589617 0.065513 0.0759051
9.99035E-05 9.99035E-05 9.99035E-05 0.0262717 9.99035E-05 9.99035E-05 0.170268 9.99035E-05 9.99035E-05 9.99035E-05 0.802361 9.99035E-05 9.99035E-05 9.99035E-05
0.0181903 9.99737E-05 9.99737E-05 0.101944 0.0976917 0.192606 0.174603 0.0942989 9.99737E-05 0.00226493 0.224866 0.0103227 0.00531728 0.0775951
9.99474E-05 0.048327 0.010284 0.123458 0.140754 9.99474E-05 9.99474E-05 0.181868 0.0701912 9.99474E-05 0.293521 9.99474E-05 9.99474E-05 0.130996
9.99474E-05 0.078572 9.99474E-05 0.139348 0.125292 0.139816 0.18384 9.99474E-05 9.99474E-05 0.0431807 0.260504 9.99474E-05 9.99474E-05 0.0288472
9.99298E-05 9.99298E-05 9.99298E-05 9.99298E-05 9.99298E-05 0.270159 0.0794112 0.0500719 0.120799 9.99298E-05 0.254223 9.99298E-05 0.224536 9.99298E-05
9.98946E-05 9.98946E-05 9.98946E-05 9.98946E-05 9.98946E-05 9.98946E-05 9.98946E-05 9.98946E-05 9.98946E-05 9.98946E-05 0.923996 9.98946E-05 0.0748054 9.98946E-05
9.9921E-05 9.9921E-05 9.9921E-05 9.9921E-05 0.0915939 0.0146744 9.9921E-05 9.9921E-05 9.9921E-05 9.9921E-05 0.541263 9.9921E-05 0.202877 0.148693
9.99122E-05 9.99122E-05 0.0406632 9.99122E-05 9.99122E-05 9.99122E-05 0.0218375 9.99122E-05 9.99122E-05 9.99122E-05 0.907595 9.99122E-05 9.99122E-05 0.0289055
9.99122E-05 9.99122E-05 9.99122E-05 0.0437425 9.99122E-05 0.0100495 9.99122E-05 9.99122E-05 9.99122E-05 9.99122E-05 0.865797 9.99122E-05 0.0794119 9.99122E-05
0.121267 9.99211E-05 0.087188 9.99211E-05 9.99211E-05 9.99211E-05 9.99211E-05 9.99211E-05 9.99211E-05 9.99211E-05 0.660665 9.99211E-05 0.0492224 0.0807582
0.0479112 9.99386E-05 9.99386E-05 0.0326683 0.177552 0.173127 9.99386E-05 9.99386E-05 0.0388089 9.99386E-05 0.356109 9.99386E-05 0.173125 9.99386E-05
9.99385E-05 0.191254 0.0945379 0.0150742 0.135026 0.208479 9.99385E-05 9.99385E-05 9.99385E-05 9.99385E-05 0.227807 9.99385E-05 0.127122 9.99385E-05
0.0301873 0.0172293 0.0182516 9.99561E-05 9.99561E-05 9.99561E-05 9.99561E-05 0.195585 0.031146 0.025463 0.614179 9.99561E-05 0.0353948 0.0320641
9.99561E-05 0.0857699 9.99561E-05 9.99561E-05 0.236814 0.0267443 0.0151778 9.99561E-05 0.0438067 0.114538 0.145574 0.11001 0.221065 9.99561E-05
9.99209E-05 9.99209E-05 9.99209E-05 0.115474 0.13742 0.196159 9.99209E-05 9.99209E-05 9.99209E-05 9.99209E-05 0.328536 9.99209E-05 0.221512 9.99209E-05
9.99034E-05 9.99034E-05 9.99034E-05 9.99034E-05 9.99034E-05 9.99034E-05 9.99034E-05 9.99034E-05 9.99034E-05 9.99034E-05 0.889758 0.0877279 0.021415 9.99034E-05
9.9921E-05 0.360454 9.9921E-05 9.9921E-05 9.9921E-05 9.9921E-05 0.0966589 9.9921E-05 9.9921E-05 9.9921E-05 0.452398 9.9921E-05 0.07757 0.0120199
9.9921E-05 9.9921E-05 9.9921E-05 0.175288 0.177634 0.203531 0.175605 9.9921E-05 9.9921E-05 9.9921E-05 0.267043 9.9921E-05 9.9921E-05 9.9921E-05
9.99298E-05 9.99298E-05 9.99298E-05 9.99298E-05 0.0748307 9.99298E-05 9.99298E-05 0.0875099 9.99298E-05 0.0368276 0.615502 9.99298E-05 0.0860345 0.0984961
9.99297E-05 0.028261 0.0151667 9.99297E-05 0.282858 9.99297E-05 9.99297E-05 9.99297E-05 0.0954327 9.99297E-05 0.325311 9.99297E-05 0.25217 9.99297E-05
0.0305001 0.0302672 9.99561E-05 9.99561E-05 0.000775653 0.0861848 9.99561E-05 9.99561E-05 0.0230573 9.99561E-05 0.284665 0.0915321 0.386493 0.0660249
0.0133918 0.159115 9.9921E-05 9.9921E-05 9.9921E-05 0.0139561 9.9921E-05 9.9921E-05 9.9921E-05 9.9921E-05 0.673134 9.9921E-05 0.139504 9.9921E-05
0.0830264 0.143743 9.99561E-05 9.99561E-05 0.407092 0.037293 0.0317345 0.0114052 9.99561E-05 0.0745253 0.0164779 9.99561E-05 0.194203 9.99561E-05
9.99386E-05 0.103541 9.99386E-05 0.0101312 9.99386E-05 0.00984013 9.99386E-05 0.00294172 9.99386E-05 9.99386E-05 0.790815 9.99386E-05 0.0803657 0.00166607
9.9921E-05 9.9921E-05 9.9921E-05 9.9921E-05 0.19358 9.9921E-05 9.9921E-05 9.9921E-05 0.0234625 9.9921E-05 0.567445 0.00112279 0.213491 9.9921E-05
0.0266393 9.99298E-05 9.99298E-05 9.99298E-05 9.99298E-05 0.0270059 9.99298E-05 0.0369126 9.99298E-05 9.99298E-05 0.813722 9.99298E-05 0.0619896 0.032931
9.99385E-05 9.99385E-05 9.99385E-05 0.0326913 0.18833 0.0147204 9.99385E-05 9.99385E-05 9.99385E-05 9.99385E-05 0.623947 0.0170174 0.0296732 0.0929207
0.133744 0.102466 9.99474E-05 0.0190381 0.0204428 0.0384654 9.99474E-05 9.99474E-05 9.99474E-05 9.99474E-05 0.504426 9.99474E-05 0.0768445 0.103974
9.99385E-05 0.0261003 0.0628105 9.99385E-05 0.166941 0.00494075 9.99385E-05 9.99385E-05 9.99385E-05 9.99385E-05 0.503371 9.99385E-05 0.128334 0.106803
0.123192 0.00296837 0.0422443 0.0708687 0.0745884 9.99561E-05 9.99561E-05 9.99561E-05 9.99561E-05 0.0287496 0.499742 9.99561E-05 0.127755 0.0293916
9.99211E-05 9.99211E-05 9.99211E-05 9.99211E-05 9.99211E-05 9.99211E-05 9.99211E-05 0.0300665 9.99211E-05 9.99211E-05 0.812672 0.0181405 0.0407677 0.097454
9.99123E-05 0.239035 9.99123E-05 9.99123E-05 9.99123E-05 9.99123E-05 9.99123E-05 0.0815308 9.99123E-05 9.99123E-05 0.667754 9.99123E-05 9.99123E-05 0.0106809
9.99035E-05 9.99035E-05 0.0426468 0.0866766 9.99035E-05 9.99035E-05 9.99035E-05 9.99035E-05 9.99035E-05 9.99035E-05 0.869578 9.99035E-05 9.99035E-05 9.99035E-05
9.99298E-05 0.0334699 9.99298E-05 9.99298E-05 9.99298E-05 0.156483 9.99298E-05 0.0442817 9.99298E-05 9.99298E-05 0.634742 0.0525195 0.0777045 9.99298E-05
0.100514 9.99386E-05 9.99386E-05 9.99386E-05 9.99386E-05 0.0109512 0.045951 0.10822 9.99386E-05 9.99386E-05 0.526876 9.99386E-05 0.18872 0.0180674
0.115799 9.99122E-05 0.183896 9.99122E-05 9.99122E-05 9.99122E-05 9.99122E-05 9.99122E-05 9.99122E-05 9.99122E-05 0.548299 9.99122E-05 0.151007 9.99122E-05
9.99298E-05 9.99298E-05 9.99298E-05 0.0625068 0.0293423 0.0112777 9.99298E-05 9.99298E-05 9.99298E-05 9.99298E-05 0.783458 9.99298E-05 0.0906502 0.021966
9.99211E-05 9.99211E-05 9.99211E-05 9.99211E-05 0.372536 0.0160359 9.99211E-05 9.99211E-05 0.0417178 9.99211E-05 0.504042 9.99211E-05 0.0647693 9.99211E-05
0.0526213 9.9921E-05 9.9921E-05 9.9921E-05 0.0245262 9.9921E-05 9.9921E-05 0.0364388 9.9921E-05 9.9921E-05 0.848768 9.9921E-05 9.9921E-05 0.0367469
9.99298E-05 9.99298E-05 9.99298E-05 9.99298E-05 0.225589 0.078972 9.99298E-05 9.99298E-05 0.0827646 9.99298E-05 0.348677 9.99298E-05 0.206258 0.0569402
9.9921E-05 9.9921E-05 9.9921E-05 0.266236 0.193984 9.9921E-05 0.0219483 9.9921E-05 9.9921E-05 9.9921E-05 0.286158 9.9921E-05 0.230774 9.9921E-05
9.99385E-05 9.99385E-05 9.99385E-05 0.0127106 9.99385E-05 0.0403768 0.0115786 9.99385E-05 9.99385E-05 0.0725739 0.767419 0.0942247 0.000416863 9.99385E-05
9.99298E-05 0.0384062 9.99298E-05 9.99298E-05 9.99298E-05 0.0686163 9.99298E-05 9.99298E-05 9.99298E-05 0.0188775 0.799616 9.99298E-05 0.0589818 0.014703
9.9921E-05 9.9921E-05 0.0151595 9.9921E-05 9.9921E-05 9.9921E-05 9.9921E-05 9.9921E-05 9.9921E-05 0.0110852 0.886562 0.030338 0.0559557 9.9921E-05
9.99297E-05 9.99297E-05 0.00572167 0.0384278 0.168602 9.99297E-05 9.99297E-05 9.99297E-05 9.99297E-05 9.99297E-05 0.601515 9.99297E-05 0.115084 0.0698503
9.99299E-05 9.99299E-05 0.0403442 0.100502 9.99299E-05 0.00986831 0.0610405 0.0288258 9.99299E-05 9.99299E-05 0.758619 9.99299E-05 9.99299E-05 9.99299E-05
0.0222847 0.0812582 9.99385E-05 9.99385E-05 0.0642904 0.108133 9.99385E-05 9.99385E-05 9.99385E-05 9.99385E-05 0.327022 9.99385E-05 0.226029 0.170282
9.99386E-05 0.113909 0.00704586 9.99386E-05 9.99386E-05 0.0256922 0.0789274 9.99386E-05 0.0888356 9.99386E-05 0.664119 0.0207719 9.99386E-05 9.99386E-05
9.99035E-05 9.99035E-05 9.99035E-05 9.99035E-05 9.99035E-05 9.99035E-05 9.99035E-05 9.99035E-05 9.99035E-05 0.0549774 0.912021 9.99035E-05 0.0319025 9.99035E-05
9.99299E-05 9.99299E-05 0.229724 9.99299E-05 9.99299E-05 0.0638766 0.0418331 9.99299E-05 9.99299E-05 9.99299E-05 0.587815 0.00810264 0.0678491 9.99299E-05
9.99124E-05 9.99124E-05 9.99124E-05 0.114629 9.99124E-05 9.99124E-05 9.99124E-05 9.99124E-05 0.0283401 9.99124E-05 0.751251 9.99124E-05 0.104782 9.99124E-05
0.115519 9.99386E-05 9.99386E-05 9.99386E-05 0.0113799 9.99386E-05 0.0680555 9.99386E-05 9.99386E-05 0.0261421 0.666863 0.0211431 9.99386E-05 0.0901981
9.99386E-05 0.0975221 9.99386E-05 9.99386E-05 9.99386E-05 9.99386E-05 0.00710778 0.0136762 9.99386E-05 0.0627236 0.767626 9.99386E-05 0.0417929 0.00885132
9.99123E-05 0.091902 9.99123E-05 9.99123E-05 9.99123E-05 9.99123E-05 9.99123E-05 9.99123E-05 9.99123E-05 9.99123E-05 0.802372 9.99123E-05 0.0690655 0.0356615
9.99386E-05 0.020463 9.99386E-05 9.99386E-05 9.99386E-05 9.99386E-05 0.0228168 0.00940262 9.99386E-05 0.0219912 0.899204 9.99386E-05 0.0180131 0.00740954
9.99298E-05 9.99298E-05 9.99298E-05 9.99298E-05 0.580583 0.0312141 9.99298E-05 0.12065 9.99298E-05 0.0537522 9.99298E-05 9.99298E-05 0.19645 0.0165502
9.99037E-05 0.0853956 9.99037E-05 9.99037E-05 0.89769 9.99037E-05 9.99037E-05 0.0158159 9.99037E-05 9.99037E-05 9.99037E-05 9.99037E-05 9.99037E-05 9.99037E-05
9.99123E-05 9.99123E-05 9.99123E-05 9.99123E-05 0.637911 9.99123E-05 9.99123E-05 0.113795 9.99123E-05 0.138399 0.108896 9.99123E-05 9.99123E-05 9.99123E-05
0.128145 9.99386E-05 9.99386E-05 9.99386E-05 0.148127 0.147355 9.99386E-05 0.396084 9.99386E-05 0.0626428 9.99386E-05 9.99386E-05 0.112058 0.00488891
9.99472E-05 0.0734322 0.00225435 9.99472E-05 0.551915 0.111918 9.99472E-05 0.0399915 9.99472E-05 0.0869285 9.99472E-05 0.0805794 0.0523817 9.99472E-05
9.99384E-05 9.99384E-05 9.99384E-05 9.99384E-05 0.577476 0.0754047 9.99384E-05 0.0147219 0.0418332 0.00243788 9.99384E-05 9.99384E-05 0.22817 0.0592575
9.9921E-05 0.21087 9.9921E-05 9.9921E-05 0.218111 9.9921E-05 9.9921E-05 0.368221 9.9921E-05 9.9921E-05 9.9921E-05 9.9921E-05 0.18367 0.0182278
9.99209E-05 9.99209E-05 9.99209E-05 9.99209E-05 0.258165 0.116949 9.99209E-05 0.29269 9.99209E-05 0.222047 9.99209E-05 9.99209E-05 0.109249 9.99209E-05
9.99123E-05 9.99123E-05 9.99123E-05 9.99123E-05 0.791214 9.99123E-05 9.99123E-05 0.143249 0.00133391 9.99123E-05 9.99123E-05 9.99123E-05 0.0632039 9.99123E-05
9.99298E-05 0.0201088 9.99298E-05 9.99298E-05 0.642278 0.0092313 9.99298E-05 0.115883 9.99298E-05 9.99298E-05 0.0674711 9.99298E-05 9.99298E-05 0.144228
9.99297E-05 9.99297E-05 9.99297E-05 0.00635757 0.390985 0.0646661 9.99297E-05 9.99297E-05 9.99297E-05 0.00776926 9.99297E-05 9.99297E-05 0.355118 0.174305
9.99561E-05 0.0758765 0.101172 0.000756545 0.536881 0.0148741 9.99561E-05 0.134863 9.99561E-05 0.0094631 9.99561E-05 9.99561E-05 0.0642545 0.0613591
9.9956E-05 9.9956E-05 9.9956E-05 0.0441371 0.344606 0.0871167 0.0867998 0.150493 9.9956E-05 0.0705749 9.9956E-05 0.0601528 0.0998085 0.0558115
9.99209E-05 9.99209E-05 0.013053 0.00479825 0.664749 9.99209E-05 9.99209E-05 0.0439614 9.99209E-05 9.99209E-05 9.99209E-05 9.99209E-05 0.272539 9.99209E-05
0.113434 9.99387E-05 0.0389189 0.00206215 0.717051 9.99387E-05 9.99387E-05 0.0299657 0.0895745 9.99387E-05 0.00829408 9.99387E-05 9.99387E-05 9.99387E-05
0.0705557 0.0894976 9.99298E-05 9.99298E-05 0.671887 9.99298E-05 9.99298E-05 0.0350094 9.99298E-05 9.99298E-05 9.99298E-05 9.99298E-05 0.12143 0.0108207
9.99297E-05 9.99297E-05 0.0458928 0.132611 0.569481 9.99297E-05 9.99297E-05 0.0526709 9.99297E-05 0.0635902 9.99297E-05 9.99297E-05 0.134954 9.99297E-05
9.99122E-05 0.179346 9.99122E-05 9.99122E-05 0.641983 0.0585538 9.99122E-05 9.99122E-05 9.99122E-05 9.99122E-05 9.99122E-05 9.99122E-05 9.99122E-05 0.119119
9.99386E-05 9.99386E-05 9.99386E-05 9.99386E-05 0.516059 0.0232526 9.99386E-05 0.0071921 9.99386E-05 0.132349 0.08897 9.99386E-05 0.142845 0.0886322
9.99384E-05 9.99384E-05 0.0916312 9.99384E-05 0.52385 9.99384E-05 9.99384E-05 0.0112415 9.99384E-05 0.0205986 9.99384E-05 0.00266745 0.327165 0.0221474
9.99125E-05 9.99125E-05 9.99125E-05 9.99125E-05 0.743315 9.99125E-05 9.99125E-05 0.124235 9.99125E-05 9.99125E-05 0.0720211 9.99125E-05 0.0594295 9.99125E-05
9.99121E-05 9.99121E-05 9.99121E-05 9.99121E-05 0.84959 9.99121E-05 9.99121E-05 0.0399452 9.99121E-05 0.0115739 9.99121E-05 9.99121E-05 0.0978919 9.99121E-05
0.289217 0.0335277 9.99386E-05 9.99386E-05 0.481919 9.99386E-05 9.99386E-05 0.0906342 9.99386E-05 0.0094295 9.99386E-05 9.99386E-05 0.041433 0.0531404
0.027129 9.99386E-05 9.99386E-05 0.203536 0.550122 0.024839 9.99386E-05 9.99386E-05 0.0669316 0.0948498 9.99386E-05 9.99386E-05 0.0318923 9.99386E-05
9.99209E-05 9.99209E-05 9.99209E-05 9.99209E-05 0.581502 0.0768838 9.99209E-05 9.99209E-05 9.99209E-05 9.99209E-05 0.0129507 9.99209E-05 0.108603 0.21916
9.99299E-05 9.99299E-05 9.99299E-05 9.99299E-05 0.557589 0.0464998 9.99299E-05 0.179105 9.99299E-05 9.99299E-05 0.138724 0.0538493 0.023433 9.99299E-05
9.99036E-05 9.99036E-05 9.99036E-05 9.99036E-05 0.860957 9.99036E-05 9.99036E-05 9.99036E-05 9.99036E-05 0.059417 0.0785269 9.99036E-05 9.99036E-05 9.99036E-05
9.99125E-05 0.016015 9.99125E-05 9.99125E-05 0.794952 9.99125E-05 9.99125E-05 0.075616 9.99125E-05 9.99125E-05 9.99125E-05 9.99125E-05 0.112418 9.99125E-05
0.00617082 0.0388048 9.99386E-05 9.99386E-05 0.646709 0.0142476 9.99386E-05 9.99386E-05 9.99386E-05 0.161632 0.0475658 9.99386E-05 0.08417 9.99386E-05
0.0982064 9.99474E-05 0.0171169 9.99474E-05 0.497549 0.0295645 0.0692636 0.0518095 9.99474E-05 9.99474E-05 0.119692 9.99474E-05 0.116199 9.99474E-05
0.591196 9.99121E-05 9.99121E-05 9.99121E-05 9.99121E-05 0.190439 9.99121E-05 9.99121E-05 9.99121E-05 9.99121E-05 9.99121E-05 9.99121E-05 0.195031 0.0223351
0.898367 9.99036E-05 9.99036E-05 9.99036E-05 9.99036E-05 0.0868136 9.99036E-05 9.99036E-05 9.99036E-05 9.99036E-05 9.99036E-05 9.99036E-05 0.0137201 9.99036E-05
0.591014 9.99384E-05 9.99384E-05 9.99384E-05 0.0344076 0.0313316 0.11053 9.99384E-05 9.99384E-05 0.0206292 9.99384E-05 9.99384E-05 0.170681 0.0407071
0.47012 9.99296E-05 9.99296E-05 9.99296E-05 9.99296E-05 0.081211 9.99296E-05 9.99296E-05 9.99296E-05 0.0733334 9.99296E-05 0.00146828 0.277934 0.095134
0.529721 9.99472E-05 0.00758211 9.99472E-05 9.99472E-05 0.237155 9.99472E-05 9.99472E-05 0.109619 0.0371443 9.99472E-05 0.016638 0.0414956 0.0200454
0.448967 0.023246 9.99122E-05 9.99122E-05 9.99122E-05 0.291434 9.99122E-05 9.99122E-05 9.99122E-05 9.99122E-05 9.99122E-05 9.99122E-05 0.235354 9.99122E-05
0.548662 9.9921E-05 9.9921E-05 9.9921E-05 9.9921E-05 0.13509 9.9921E-05 9.9921E-05 9.9921E-05 0.0806334 9.9921E-05 9.9921E-05 0.209688 0.0250272
0.585863 0.0185779 9.99297E-05 9.99297E-05 9.99297E-05 0.279097 9.99297E-05 9.99297E-05 9.99297E-05 0.0233682 9.99297E-05 0.0176501 0.0746442 9.99297E-05
0.167657 9.99209E-05 9.99209E-05 9.99209E-05 9.99209E-05 0.467404 9.99209E-05 0.243504 9.99209E-05 9.99209E-05 9.99209E-05 9.99209E-05 0.0810149 0.0395213
0.321087 0.0703577 9.99209E-05 9.99209E-05 9.99209E-05 0.266047 9.99209E-05 9.99209E-05 9.99209E-05 0.0238421 9.99209E-05 9.99209E-05 0.317767 9.99209E-05
0.675868 9.9921E-05 9.9921E-05 9.9921E-05 9.9921E-05 0.053753 9.9921E-05 0.236676 9.9921E-05 9.9921E-05 9.9921E-05 9.9921E-05 0.0276141 0.00518898
0.577513 9.99122E-05 9.99122E-05 9.99122E-05 9.99122E-05 9.99122E-05 9.99122E-05 0.194784 9.99122E-05 9.99122E-05 9.99122E-05 9.99122E-05 0.120591 0.106113
0.776954 9.99035E-05 9.99035E-05 9.99035E-05 9.99035E-05 0.194846 9.99035E-05 9.99035E-05 9.99035E-05 9.99035E-05 9.99035E-05 9.99035E-05 9.99035E-05 0.0271019
0.531246 9.99123E-05 9.99123E-05 9.99123E-05 9.99123E-05 0.182179 9.99123E-05 9.99123E-05 0.0215885 9.99123E-05 9.99123E-05 9.99123E-05 0.263987 9.99123E-05
0.564709 9.99385E-05 0.0240504 0.0500271 9.99385E-05 0.117939 9.99385E-05 9.99385E-05 9.99385E-05 0.142019 9.99385E-05 0.0821651 9.99385E-05 0.0183918
0.44776 9.99385E-05 0.0728481 9.99385E-05 9.99385E-05 0.0374695 9.99385E-05 0.152541 9.99385E-05 9.99385E-05 9.99385E-05 0.036391 0.158594 0.0936962
0.489458 9.99209E-05 9.99209E-05 9.99209E-05 9.99209E-05 0.0629921 9.99209E-05 0.227395 9.99209E-05 9.99209E-05 9.99209E-05 0.0610518 0.158204 9.99209E-05
0.640283 9.99298E-05 0.0557968 0.0186045 9.99298E-05 0.178331 0.0739069 9.99298E-05 9.99298E-05 9.99298E-05 9.99298E-05 9.99298E-05 9.99298E-05 0.0322783
0.778482 9.99209E-05 9.99209E-05 9.99209E-05 9.99209E-05 0.077021 0.0418168 0.0374407 9.99209E-05 9.99209E-05 9.99209E-05 9.99209E-05 9.99209E-05 0.06434
0.551373 0.0247715 9.9921E-05 9.9921E-05 9.9921E-05 0.161634 9.9921E-05 9.9921E-05 9.9921E-05 9.9921E-05 9.9921E-05 0.175643 0.0856793 9.9921E-05
0.582714 9.99297E-05 9.99297E-05 0.0587171 9.99297E-05 0.0727144 0.0399261 0.107454 9.99297E-05 9.99297E-05 9.99297E-05 9.99297E-05 0.137675 9.99297E-05
0.652088 9.99209E-05 9.99209E-05 9.99209E-05 9.99209E-05 0.120492 9.99209E-05 9.99209E-05 9.99209E-05 0.0752623 9.99209E-05 9.99209E-05 0.0772395 0.0740187
0.264786 0.0691857 9.99473E-05 9.99473E-05 9.99473E-05 0.217194 9.99473E-05 0.0901016 0.0145591 9.99473E-05 9.99473E-05 0.0563906 0.276109 0.0110748
0.683006 9.9921E-05 9.9921E-05 9.9921E-05 9.9921E-05 0.219586 0.00218204 9.9921E-05 9.9921E-05 9.9921E-05 9.9921E-05 9.9921E-05 0.0828433 0.0114833
0.201652 9.99298E-05 9.99298E-05 9.99298E-05 9.99298E-05 0.249879 9.99298E-05 0.159686 9.99298E-05 9.99298E-05 9.99298E-05 0.0974323 0.239943 0.0506087
0.488054 9.9921E-05 9.9921E-05 9.9921E-05 0.0398209 0.167192 9.9921E-05 0.134546 9.9921E-05 9.9921E-05 9.9921E-05 9.9921E-05 0.169488 9.9921E-05
0.808963 9.99036E-05 9.99036E-05 9.99036E-05 9.99036E-05 9.99036E-05 9.99036E-05 9.99036E-05 0.166093 9.99036E-05 9.99036E-05 9.99036E-05 0.0238458 9.99036E-05
0.37712 0.124189 9.99296E-05 9.99296E-05 9.99296E-05 0.228647 0.140739 9.99296E-05 9.99296E-05 9.99296E-05 9.99296E-05 9.99296E-05 0.105418 0.0230884
0.367866 9.99034E-05 9.99034E-05 9.99034E-05 9.99034E-05 0.336345 9.99034E-05 9.99034E-05 9.99034E-05 9.99034E-05 9.99034E-05 9.99034E-05 0.29469 9.99034E-05
0.661444 9.99297E-05 9.99297E-05 9.99297E-05 9.99297E-05 0.0238801 0.0206619 9.99297E-05 9.99297E-05 9.99297E-05 9.99297E-05 0.07079 0.173134 0.0492914
0.522304 9.99298E-05 0.020881 9.99298E-05 9.99298E-05 0.0895015 9.99298E-05 0.0270339 9.99298E-05 9.99298E-05 9.99298E-05 9.99298E-05 0.268171 0.0713097
0.660606 0.116857 0.0589696 9.99472E-05 9.99472E-05 0.0381802 9.99472E-05 9.99472E-05 9.99472E-05 0.00454907 9.99472E-05 0.0016101 0.106279 0.0123483
0.165538 9.99297E-05 9.99297E-05 9.99297E-05 9.99297E-05 0.353166 0.0480057 9.99297E-05 9.99297E-05 9.99297E-05 9.99297E-05 0.163817 0.208334 0.06034
0.525248 9.99385E-05 9.99385E-05 9.99385E-05 0.0717484 0.124817 9.99385E-05 9.99385E-05 9.99385E-05 0.0146504 9.99385E-05 0.0762216 0.170744 0.0158714
0.798034 9.99034E-05 9.99034E-05 9.99034E-05 9.99034E-05 0.0179272 9.99034E-05 9.99034E-05 9.99034E-05 9.99034E-05 9.99034E-05 9.99034E-05 0.18294 9.99034E-05
0.609781 9.99297E-05 0.014466 0.0525436 9.99297E-05 0.139197 9.99297E-05 0.13323 9.99297E-05 9.99297E-05 9.99297E-05 9.99297E-05 9.99297E-05 0.0499822
0.443258 9.99209E-05 9.99209E-05 9.99209E-05 9.99209E-05 0.18707 9.99209E-05 9.99209E-05 9.99209E-05 0.0576492 9.99209E-05 9.99209E-05 0.262043 0.04908
0.939494 9.98947E-05 9.98947E-05 9.98947E-05 9.98947E-05 0.0593071 9.98947E-05 9.98947E-05 9.98947E-05 9.98947E-05 9.98947E-05 9.98947E-05 9.98947E-05 9.98947E-05
0.832741 9.99298E-05 9.99298E-05 9.99298E-05 9.99298E-05 0.0370126 9.99298E-05 9.99298E-05 9.99298E-05 0.00476578 9.99298E-05 0.0123718 0.110671 0.00163776
0.90874 9.99035E-05 9.99035E-05 9.99035E-05 9.99035E-05 0.0406131 0.0495483 9.99035E-05 9.99035E-05 9.99035E-05 9.99035E-05 9.99035E-05 9.99035E-05 9.99035E-05
0.872564 0.126238 9.98948E-05 9.98948E-05 9.98948E-05 9.98948E-05 9.98948E-05 9.98948E-05 9.98948E-05 9.98948E-05 9.98948E-05 9.98948E-05 9.98948E-05 9.98948E-05
0.251568 0.0530807 9.99385E-05 9.99385E-05 9.99385E-05 0.196418 0.051614 0.1652 9.99385E-05 9.99385E-05 9.99385E-05 9.99385E-05 0.275808 0.00561115
0.627899 9.99209E-05 9.99209E-05 9.99209E-05 9.99209E-05 0.225845 0.13817 9.99209E-05 9.99209E-05 9.99209E-05 9.99209E-05 9.99209E-05 0.0056259 0.00156082
0.784132 9.99124E-05 9.99124E-05 9.99124E-05 9.99124E-05 0.163044 9.99124E-05 9.99124E-05 9.99124E-05 9.99124E-05 9.99124E-05 0.0318192 0.0200061 9.99124E-05
0.86045 9.99123E-05 9.99123E-05 9.99123E-05 9.99123E-05 9.99123E-05 9.99123E-05 9.99123E-05 0.0430935 9.99123E-05 0.0913133 9.99123E-05 9.99123E-05 0.0041438
0.244291 9.99561E-05 0.0018521 9.99561E-05 0.00617177 0.331948 9.99561E-05 0.16536 9.99561E-05 0.0204727 9.99561E-05 0.159735 0.0595713 0.0100972
0.55593 9.99298E-05 9.99298E-05 9.99298E-05 0.0871228 0.123141 9.99298E-05 9.99298E-05 9.99298E-05 0.027758 9.99298E-05 9.99298E-05 0.174962 0.0302869
0.393768 9.99298E-05 0.0676375 9.99298E-05 9.99298E-05 0.169041 9.99298E-05 0.113179 0.151614 9.99298E-05 9.99298E-05 9.99298E-05 0.103961 9.99298E-05
0.281932 9.99298E-05 9.99298E-05 9.99298E-05 0.0808544 0.302503 9.99298E-05 9.99298E-05 0.0236664 9.99298E-05 9.99298E-05 9.99298E-05 0.305473 0.00477113
0.918888 9.99036E-05 9.99036E-05 9.99036E-05 9.99036E-05 9.99036E-05 9.99036E-05 9.99036E-05 0.0204448 9.99036E-05 9.99036E-05 9.99036E-05 0.0595681 9.99036E-05
0.322571 0.293244 0.00837181 9.99297E-05 9.99297E-05 0.0674049 9.99297E-05 9.99297E-05 9.99297E-05 9.99297E-05 9.99297E-05 9.99297E-05 0.269438 0.0381708
0.780793 9.99124E-05 9.99124E-05 9.99124E-05 9.99124E-05 0.0863962 9.99124E-05 0.100588 9.99124E-05 9.99124E-05 9.99124E-05 9.99124E-05 0.0312231 9.99124E-05
0.660425 9.99123E-05 9.99123E-05 9.99123E-05 9.99123E-05 0.12667 9.99123E-05 9.99123E-05 9.99123E-05 9.99123E-05 9.99123E-05 9.99123E-05 0.178408 0.0334977
0.543526 9.99385E-05 0.158085 0.00520331 9.99385E-05 0.174741 9.99385E-05 0.0947314 9.99385E-05 0.00673061 9.99385E-05 9.99385E-05 0.0162836 9.99385E-05
0.528514 0.131381 9.99297E-05 9.99297E-05 9.99297E-05 0.0958954 9.99297E-05 9.99297E-05 9.99297E-05 0.0851792 9.99297E-05 9.99297E-05 0.123843 0.0343882
0.21064 0.0271823 9.99209E-05 9.99209E-05 9.99209E-05 0.281695 9.99209E-05 0.25739 9.99209E-05 9.99209E-05 9.99209E-05 9.99209E-05 0.222194 9.99209E-05
0.480734 9.99121E-05 9.99121E-05 9.99121E-05 9.99121E-05 0.138994 9.99121E-05 9.99121E-05 9.99121E-05 9.99121E-05 9.99121E-05 9.99121E-05 0.280504 0.0987685
0.581329 9.99385E-05 0.06657 9.99385E-05 9.99385E-05 0.122427 0.0301093 9.99385E-05 9.99385E-05 9.99385E-05 9.99385E-05 0.0413814 0.08425 0.0732339
0.564328 0.0323928 9.9921E-05 9.9921E-05 9.9921E-05 0.0773012 9.9921E-05 9.9921E-05 9.9921E-05 9.9921E-05 9.9921E-05 0.198215 0.126864 9.9921E-05
0.698923 9.99122E-05 9.99122E-05 9.99122E-05 9.99122E-05 0.216148 9.99122E-05 0.0254976 9.99122E-05 9.99122E-05 9.99122E-05 9.99122E-05 0.0584326 9.99122E-05
9.98857E-05 9.98857E-05 9.98857E-05 9.98857E-05 9.98857E-05 9.98857E-05 9.98857E-05 9.98857E-05 9.98857E-05 9.98857E-05 9.98857E-05 9.98857E-05 0.998701 9.98857E-05
9.98857E-05 9.98857E-05 9.98857E-05 9.98857E-05 9.98857E-05 0.998701 9.98857E-05 9.98857E-05 9.98857E-05 9.98857E-05 9.98857E-05 9.98857E-05 9.98857E-05 9.98857E-05
9.98856E-05 9.98856E-05 9.98856E-05 9.98856E-05 9.98856E-05 9.98856E-05 9.98856E-05 9.98856E-05 9.98856E-05 9.98856E-05 9.98856E-05 9.98856E-05 0.998701 9.98856E-05
9.98856E-05 9.98856E-05 9.98856E-05 9.98856E-05 9.98856E-05 0.998701 9.98856E-05 9.98856E-05 9.98856E-05 9.98856E-05 9.98856E-05 9.98856E-05 9.98856E-05 9.98856E-05
9.98857E-05 9.98857E-05 9.98857E-05 9.98857E-05 9.98857E-05 0.998701 9.98857E-05 9.98857E-05 9.98857E-05 9.98857E-05 9.98857E-05 9.98857E-05 9.98857E-05 9.98857E-05
9.98857E-05 9.98857E-05 9.98857E-05 9.98857E-05 9.98857E-05 0.998701 9.98857E-05 9.98857E-05 9.98857E-05 9.98857E-05 9.98857E-05 9.98857E-05 9.98857E-05 9.98857E-05
9.98856E-05 9.98856E-05 9.98856E-05 9.98856E-05 9.98856E-05 9.98856E-05 9.98856E-05 9.98856E-05 9.98856E-05 9.98856E-05 9.98856E-05 9.98856E-05 0.998701 9.98856E-05
9.98856E-05 9.98856E-05 9.98856E-05 9.98856E-05 9.98856E-05 0.998701 9.98856E-05 9.98856E-05 9.98856E-05 9.98856E-05 9.98856E-05 9.98856E-05 9.98856E-05 9.98856E-05
9.98857E-05 9.98857E-05 9.98857E-05 9.98857E-05 9.98857E-05 0.998701 9.98857E-05 9.98857E-05 9.98857E-05 9.98857E-05 9.98857E-05 9.98857E-05 9.98857E-05 9.98857E-05
9.98857E-05 9.98857E-05 9.98857E-05 9.98857E-05 9.98857E-05 9.98857E-05 9.98857E-05 9.98857E-05 9.98857E-05 9.98857E-05 9.98857E-05 9.98857E-05 0.998701 9.98857E-05
9.98858E-05 9.98858E-05 9.98858E-05 9.98858E-05 9.98858E-05 9.98858E-05 9.98858E-05 9.98858E-05 9.98858E-05 9.98858E-05 9.98858E-05 9.98858E-05 0.998701 9.98858E-05
9.98856E-05 9.98856E-05 9.98856E-05 9.98856E-05 9.98856E-05 9.98856E-05 9.98856E-05 9.98856E-05 9.98856E-05 9.98856E-05 9.98856E-05 9.98856E-05 0.998701 9.98856E-05
9.98856E-05 9.98856E-05 9.98856E-05 9.98856E-05 9.98856E-05 0.998701 9.98856E-05 9.98856E-05 9.98856E-05 9.98856E-05 9.98856E-05 9.98856E-05 9.98856E-05 9.98856E-05
9.98856E-05 9.98856E-05 9.98856E-05 9.98856E-05 9.98856E-05 0.998701 9.98856E-05 9.98856E-05 9.98856E-05 9.98856E-05 9.98856E-05 9.98856E-05 9.98856E-05 9.98856E-05
9.98857E-05 9.98857E-05 9.98857E-05 9.98857E-05 9.98857E-05 9.98857E-05 9.98857E-05 9.98857E-05 9.98857E-05 9.98857E-05 9.98857E-05 9.98857E-05 0.998701 9.98857E-05
9.98856E-05 9.98856E-05 9.98856E-05 9.98856E-05 9.98856E-05 9.98856E-05 9.98856E-05 9.98856E-05 9.98856E-05 9.98856E-05 9.98856E-05 9.98856E-05 0.998701 9.98856E-05
0.307301 9.99385E-05 0.0040619 0.192373 9.99385E-05 0.181041 9.99385E-05 9.99385E-05 0.0674978 9.99385E-05 9.99385E-05 0.0429353 0.20409 9.99385E-05
9.98856E-05 9.98856E-05 9.98856E-05 9.98856E-05 9.98856E-05 9.98856E-05 9.98856E-05 9.98856E-05 9.98856E-05 9.98856E-05 9.98856E-05 9.98856E-05 0.998701 9.98856E-05
9.98857E-05 9.98857E-05 9.98857E-05 9.98857E-05 9.98857E-05 0.998701 9.98857E-05 9.98857E-05 9.98857E-05 9.98857E-05 9.98857E-05 9.98857E-05 9.98857E-05 9.98857E-05
9.98856E-05 9.98856E-05 9.98856E-05 9.98856E-05 9.98856E-05 9.98856E-05 9.98856E-05 9.98856E-05 9.98856E-05 9.98856E-05 9.98856E-05 9.98856E-05 0.998701 9.98856E-05
9.98857E-05 9.98857E-05 9.98857E-05 9.98857E-05 9.98857E-05 9.98857E-05 9.98857E-05 9.98857E-05 9.98857E-05 9.98857E-05 9.98857E-05 9.98857E-05 0.998701 9.98857E-05
9.98856E-05 9.98856E-05 9.98856E-05 9.98856E-05 9.98856E-05 9.98856E-05 9.98856E-05 9.98856E-05 9.98856E-05 9.98856E-05 9.98856E-05 9.98856E-05 0.998701 9.98856E-05
9.98856E-05 9.98856E-05 9.98856E-05 9.98856E-05 9.98856E-05 0.998701 9.98856E-05 9.98856E-05 9.98856E-05 9.98856E-05 9.98856E-05 9.98856E-05 9.98856E-05 9.98856E-05
9.98856E-05 9.98856E-05 9.98856E-05 9.98856E-05 9.98856E-05 9.98856E-05 9.98856E-05 9.98856E-05 9.98856E-05 9.98856E-05 9.98856E-05 9.98856E-05 0.998701 9.98856E-05
9.98856E-05 9.98856E-05 9.98856E-05 9.98856E-05 9.98856E-05 0.998701 9.98856E-05 9.98856E-05 9.98856E-05 9.98856E-05 9.98856E-05 9.98856E-05 9.98856E-05 9.98856E-05
9.98857E-05 9.98857E-05 9.98857E-05 9.98857E-05 9.98857E-05 9.98857E-05 9.98857E-05 9.98857E-05 9.98857E-05 9.98857E-05 9.98857E-05 9.98857E-05 0.998701 9.98857E-05
9.98856E-05 9.98856E-05 9.98856E-05 9.98856E-05 9.98856E-05 9.98856E-05 9.98856E-05 9.98856E-05 9.98856E-05 9.98856E-05 9.98856E-05 9.98856E-05 0.998701 9.98856E-05
9.98856E-05 9.98856E-05 9.98856E-05 9.98856E-05 9.98856E-05 0.998701 9.98856E-05 9.98856E-05 9.98856E-05 9.98856E-05 9.98856E-05 9.98856E-05 9.98856E-05 9.98856E-05
9.98856E-05 9.98856E-05 9.98856E-05 9.98856E-05 9.98856E-05 0.998701 9.98856E-05 9.98856E-05 9.98856E-05 9.98856E-05 9.98856E-05 9.98856E-05 9.98856E-05 9.98856E-05
9.98856E-05 9.98856E-05 9.98856E-05 9.98856E-05 9.98856E-05 0.998701 9.98856E-05 9.98856E-05 9.98856E-05 9.98856E-05 9.98856E-05 9.98856E-05 9.98856E-05 9.98856E-05
9.98856E-05 9.98856E-05 9.98856E-05 9.98856E-05 9.98856E-05 9.98856E-05 9.98856E-05 9.98856E-05 9.98856E-05 9.98856E-05 9.98856E-05 9.98856E-05 0.998701 9.98856E-05
9.98856E-05 9.98856E-05 9.98856E-05 9.98856E-05 9.98856E-05 9.98856E-05 9.98856E-05 9.98856E-05 9.98856E-05 9.98856E-05 9.98856E-05 9.98856E-05 0.998701 9.98856E-05
9.98856E-05 9.98856E-05 9.98856E-05 9.98856E-05 9.98856E-05 9.98856E-05 9.98856E-05 9.98856E-05 9.98856E-05 9.98856E-05 9.98856E-05 9.98856E-05 0.998701 9.98856E-05
9.98856E-05 9.98856E-05 9.98856E-05 9.98856E-05 9.98856E-05 9.98856E-05 9.98856E-05 9.98856E-05 9.98856E-05 9.98856E-05 9.98856E-05 9.98856E-05 0.998701 9.98856E-05
9.98856E-05 9.98856E-05 9.98856E-05 9.98856E-05 9.98856E-05 9.98856E-05 9.98856E-05 9.98856E-05 9.98856E-05 9.98856E-05 9.98856E-05 9.98856E-05 0.998701 9.98856E-05
9.98856E-05 9.98856E-05 9.98856E-05 9.98856E-05 9.98856E-05 0.998701 9.98856E-05 9.98856E-05 9.98856E-05 9.98856E-05 9.98856E-05 9.98856E-05 9.98856E-05 9.98856E-05
9.98857E-05 9.98857E-05 9.98857E-05 9.98857E-05 9.98857E-05 0.998701 9.98857E-05 9.98857E-05 9.98857E-05 9.98857E-05 9.98857E-05 9.98857E-05 9.98857E-05 9.98857E-05
9.98856E-05 9.98856E-05 9.98856E-05 9.98856E-05 9.98856E-05 0.998701 9.98856E-05 9.98856E-05 9.98856E-05 9.98856E-05 9.98856E-05 9.98856E-05 9.98856E-05 9.98856E-05
9.98857E-05 9.98857E-05 9.98857E-05 9.98857E-05 9.98857E-05 9.98857E-05 9.98857E-05 9.98857E-05 9.98857E-05 9.98857E-05 9.98857E-05 9.98857E-05 0.998701 9.98857E-05
9.98856E-05 9.98856E-05 9.98856E-05 9.98856E-05 9.98856E-05 0.998701 9.98856E-05 9.98856E-05 9.98856E-05 9.98856E-05 9.98856E-05 9.98856E-05 9.98856E-05 9.98856E-05
9.98856E-05 9.98856E-05 9.98856E-05 9.98856E-05 9.98856E-05 0.998701 9.98856E-05 9.98856E-05 9.98856E-05 9.98856E-05 9.98856E-05 9.98856E-05 9.98856E-05 9.98856E-05
9.98857E-05 9.98857E-05 9.98857E-05 9.98857E-05 9.98857E-05 0.998701 9.98857E-05 9.98857E-05 9.98857E-05 9.98857E-05 9.98857E-05 9.98857E-05 9.98857E-05 9.98857E-05
9.98856E-05 9.98856E-05 9.98856E-05 9.98856E-05 9.98856E-05 0.998701 9.98856E-05 9.98856E-05 9.98856E-05 9.98856E-05 9.98856E-05 9.98856E-05 9.98856E-05 9.98856E-05
9.98856E-05 9.98856E-05 9.98856E-05 9.98856E-05 9.98856E-05 9.98856E-05 9.98856E-05 9.98856E-05 9.98856E-05 9.98856E-05 9.98856E-05 9.98856E-05 0.998701 9.98856E-05
9.98856E-05 9.98856E-05 9.98856E-05 9.98856E-05 9.98856E-05 0.998701 9.98856E-05 9.98856E-05 9.98856E-05 9.98856E-05 9.98856E-05 9.98856E-05 9.98856E-05 9.98856E-05
9.98856E-05 9.98856E-05 9.98856E-05 9.98856E-05 9.98856E-05 0.998701 9.98856E-05 9.98856E-05 9.98856E-05 9.98856E-05 9.98856E-05 9.98856E-05 9.98856E-05 9.98856E-05
0.319142 9.99472E-05 9.99472E-05 0.215071 9.99472E-05 0.143871 9.99472E-05 0.00479059 9.99472E-05 0.0236144 9.99472E-05 0.00795038 0.232248 0.0527117
9.98856E-05 9.98856E-05 9.98856E-05 9.98856E-05 9.98856E-05 9.98856E-05 9.98856E-05 9.98856E-05 9.98856E-05 9.98856E-05 9.98856E-05 9.98856E-05 0.998701 9.98856E-05
9.98856E-05 9.98856E-05 9.98856E-05 9.98856E-05 9.98856E-05 0.998701 9.98856E-05 9.98856E-05 9.98856E-05 9.98856E-05 9.98856E-05 9.98856E-05 9.98856E-05 9.98856E-05
9.98856E-05 9.98856E-05 9.98856E-05 9.98856E-05 9.98856E-05 0.998701 9.98856E-05 9.98856E-05 9.98856E-05 9.98856E-05 9.98856E-05 9.98856E-05 9.98856E-05 9.98856E-05
9.98856E-05 9.98856E-05 9.98856E-05 9.98856E-05 9.98856E-05 0.998701 9.98856E-05 9.98856E-05 9.98856E-05 9.98856E-05 9.98856E-05 9.98856E-05 9.98856E-05 9.98856E-05
9.98856E-05 9.98856E-05 9.98856E-05 9.98856E-05 9.98856E-05 0.998701 9.98856E-05 9.98856E-05 9.98856E-05 9.98856E-05 9.98856E-05 9.98856E-05 9.98856E-05 9.98856E-05
9.98856E-05 9.98856E-05 9.98856E-05 9.98856E-05 9.98856E-05 9.98856E-05 9.98856E-05 9.98856E-05 9.98856E-05 9.98856E-05 9.98856E-05 9.98856E-05 0.998701 9.98856E-05
9.98857E-05 9.98857E-05 9.98857E-05 9.98857E-05 9.98857E-05 0.998701 9.98857E-05 9.98857E-05 9.98857E-05 9.98857E-05 9.98857E-05 9.98857E-05 9.98857E-05 9.98857E-05
9.98856E-05 9.98856E-05 9.98856E-05 9.98856E-05 9.98856E-05 9.98856E-05 9.98856E-05 9.98856E-05 9.98856E-05 9.98856E-05 9.98856E-05 9.98856E-05 0.998701 9.98856E-05
9.98856E-05 9.98856E-05 9.98856E-05 9.98856E-05 9.98856E-05 0.998701 9.98856E-05 9.98856E-05 9.98856E-05 9.98856E-05 9.98856E-05 9.98856E-05 9.98856E-05 9.98856E-05
9.98857E-05 9.98857E-05 9.98857E-05 9.98857E-05 9.98857E-05 9.98857E-05 9.98857E-05 9.98857E-05 9.98857E-05 9.98857E-05 9.98857E-05 9.98857E-05 0.998701 9.98857E-05
9.98856E-05 9.98856E-05 9.98856E-05 9.98856E-05 9.98856E-05 0.998701 9.98856E-05 9.98856E-05 9.98856E-05 9.98856E-05 9.98856E-05 9.98856E-05 9.98856E-05 9.98856E-05
9.98856E-05 9.98856E-05 9.98856E-05 9.98856E-05 9.98856E-05 0.998701 9.98856E-05 9.98856E-05 9.98856E-05 9.98856E-05 9.98856E-05 9.98856E-05 9.98856E-05 9.98856E-05
9.98857E-05 9.98857E-05 9.98857E-05 9.98857E-05 9.98857E-05 0.998701 9.98857E-05 9.98857E-05 9.98857E-05 9.98857E-05 9.98857E-05 9.98857E-05 9.98857E-05 9.98857E-05
9.98856E-05 9.98856E-05 9.98856E-05 9.98856E-05 9.98856E-05 0.998701 9.98856E-05 9.98856E-05 9.98856E-05 9.98856E-05 9.98856E-05 9.98856E-05 9.98856E-05 9.98856E-05
9.98857E-05 9.98857E-05 9.98857E-05 9.98857E-05 9.98857E-05 0.998701 9.98857E-05 9.98857E-05 9.98857E-05 9.98857E-05 9.98857E-05 9.98857E-05 9.98857E-05 9.98857E-05
9.98856E-05 9.98856E-05 9.98856E-05 9.98856E-05 9.98856E-05 0.998701 9.98856E-05 9.98856E-05 9.98856E-05 9.98856E-05 9.98856E-05 9.98856E-05 9.98856E-05 9.98856E-05
9.98856E-05 9.98856E-05 9.98856E-05 9.98856E-05 9.98856E-05 9.98856E-05 9.98856E-05 9.98856E-05 9.98856E-05 9.98856E-05 9.98856E-05 9.98856E-05 0.998701 9.98856E-05
9.98856E-05 9.98856E-05 9.98856E-05 9.98856E-05 9.98856E-05 9.98856E-05 9.98856E-05 9.98856E-05 9.98856E-05 9.98856E-05 9.98856E-05 9.98856E-05 0.998701 9.98856E-05
9.98856E-05 9.98856E-05 9.98856E-05 9.98856E-05 9.98856E-05 9.98856E-05 9.98856E-05 9.98856E-05 9.98856E-05 9.98856E-05 9.98856E-05 9.98856E-05 0.998701 9.98856E-05
9.98856E-05 9.98856E-05 9.98856E-05 9.98856E-05 9.98856E-05 0.998701 9.98856E-05 9.98856E-05 9.98856E-05 9.98856E-05 9.98856E-05 9.98856E-05 9.98856E-05 9.98856E-05
9.98857E-05 9.98857E-05 9.98857E-05 9.98857E-05 9.98857E-05 9.98857E-05 9.98857E-05 9.98857E-05 9.98857E-05 9.98857E-05 9.98857E-05 9.98857E-05 0.998701 9.98857E-05
9.98856E-05 9.98856E-05 9.98856E-05 9.98856E-05 9.98856E-05 9.98856E-05 9.98856E-05 9.98856E-05 9.98856E-05 9.98856E-05 9.98856E-05 9.98856E-05 0.998701 9.98856E-05
9.98856E-05 9.98856E-05 9.98856E-05 9.98856E-05 9.98856E-05 9.98856E-05 9.98856E-05 9.98856E-05 9.98856E-05 9.98856E-05 9.98856E-05 9.98856E-05 0.998701 9.98856E-05
9.98856E-05 9.98856E-05 9.98856E-05 9.98856E-05 9.98856E-05 0.998701 9.98856E-05 9.98856E-05 9.98856E-05 9.98856E-05 9.98856E-05 9.98856E-05 9.98856E-05 9.98856E-05
9.98857E-05 9.98857E-05 9.98857E-05 9.98857E-05 9.98857E-05 0.998701 9.98857E-05 9.98857E-05 9.98857E-05 9.98857E-05 9.98857E-05 9.98857E-05 9.98857E-05 9.98857E-05
9.98856E-05 9.98856E-05 9.98856E-05 9.98856E-05 9.98856E-05 0.998701 9.98856E-05 9.98856E-05 9.98856E-05 9.98856E-05 9.98856E-05 9.98856E-05 9.98856E-05 9.98856E-05
9.98855E-05 9.98855E-05 9.98855E-05 9.98855E-05 9.98855E-05 9.98855E-05 9.98855E-05 9.98855E-05 9.98855E-05 9.98855E-05 9.98855E-05 9.98855E-05 0.998701 9.98855E-05
9.98856E-05 9.98856E-05 9.98856E-05 9.98856E-05 9.98856E-05 0.998701 9.98856E-05 9.98856E-05 9.98856E-05 9.98856E-05 9.98856E-05 9.98856E-05 9.98856E-05 9.98856E-05
9.98856E-05 9.98856E-05 9.98856E-05 9.98856E-05 9.98856E-05 0.998701 9.98856E-05 9.98856E-05 9.98856E-05 9.98856E-05 9.98856E-05 9.98856E-05 9.98856E-05 9.98856E-05
9.98856E-05 9.98856E-05 9.98856E-05 9.98856E-05 9.98856E-05 9.98856E-05 9.98856E-05 9.98856E-05 9.98856E-05 9.98856E-05 9.98856E-05 9.98856E-05 0.998701 9.98856E-05
9.98856E-05 9.98856E-05 9.98856E-05 9.98856E-05 9.98856E-05 0.998701 9.98856E-05 9.98856E-05 9.98856E-05 9.98856E-05 9.98856E-05 9.98856E-05 9.98856E-05 9.98856E-05
9.98856E-05 9.98856E-05 9.98856E-05 9.98856E-05 9.98856E-05 0.998701 9.98856E-05 9.98856E-05 9.98856E-05 9.98856E-05 9.98856E-05 9.98856E-05 9.98856E-05 9.98856E-05
0.172336 9.99384E-05 0.0682898 9.99384E-05 9.99384E-05 0.105338 9.99384E-05 0.0612255 9.99384E-05 0.0834965 9.99384E-05 9.99384E-05 0.325114 0.1835
9.98856E-05 9.98856E-05 9.98856E-05 9.98856E-05 9.98856E-05 9.98856E-05 9.98856E-05 9.98856E-05 9.98856E-05 9.98856E-05 9.98856E-05 9.98856E-05 0.998701 9.98856E-05
9.98857E-05 9.98857E-05 9.98857E-05 9.98857E-05 9.98857E-05 0.998701 9.98857E-05 9.98857E-05 9.98857E-05 9.98857E-05 9.98857E-05 9.98857E-05 9.98857E-05 9.98857E-05
0.277294 9.99298E-05 9.99298E-05 9.99298E-05 9.99298E-05 0.45243 9.99298E-05 9.99298E-05 0.138446 0.0190419 9.99298E-05 9.99298E-05 0.0979007 0.0140881
0.345166 9.9921E-05 9.9921E-05 0.0576058 9.9921E-05 0.334848 9.9921E-05 9.9921E-05 9.9921E-05 9.9921E-05 9.9921E-05 0.0506483 0.210833 9.9921E-05
0.396401 9.99209E-05 9.99209E-05 9.99209E-05 9.99209E-05 0.176896 9.99209E-05 0.0217516 0.0397492 9.99209E-05 9.99209E-05 9.99209E-05 0.364302 9.99209E-05
0.589729 0.13286 0.0317798 0.0287079 9.99472E-05 0.0105921 9.99472E-05 9.99472E-05 9.99472E-05 0.0500687 9.99472E-05 0.0248836 0.13078 9.99472E-05
0.254381 9.99121E-05 9.99121E-05 9.99121E-05 9.99121E-05 0.274072 9.99121E-05 0.11572 9.99121E-05 9.99121E-05 9.99121E-05 9.99121E-05 0.354827 9.99121E-05
0.796923 9.99212E-05 9.99212E-05 9.99212E-05 9.99212E-05 0.112977 9.99212E-05 0.0327812 0.0298211 9.99212E-05 9.99212E-05 9.99212E-05 0.026598 9.99212E-05
0.173642 0.151143 9.99209E-05 9.99209E-05 0.14911 0.327634 9.99209E-05 9.99209E-05 9.99209E-05 9.99209E-05 9.99209E-05 9.99209E-05 0.197572 9.99209E-05
0.496256 9.99385E-05 9.99385E-05 9.99385E-05 9.99385E-05 0.204838 9.99385E-05 9.99385E-05 0.0526881 0.0465903 9.99385E-05 0.0179685 0.0925216 0.0884378
0.728819 9.99035E-05 9.99035E-05 9.99035E-05 9.99035E-05 0.223073 9.99035E-05 9.99035E-05 9.99035E-05 9.99035E-05 9.99035E-05 9.99035E-05 0.0470089 9.99035E-05
0.508217 0.00592286 0.0328254 9.99385E-05 0.0463689 0.0531252 0.129926 9.99385E-05 9.99385E-05 9.99385E-05 9.99385E-05 9.99385E-05 0.222916 9.99385E-05
0.579014 9.99122E-05 9.99122E-05 9.99122E-05 9.99122E-05 0.0938858 9.99122E-05 9.99122E-05 9.99122E-05 9.99122E-05 9.99122E-05 9.99122E-05 0.235933 0.0901672
0.249845 9.99121E-05 9.99121E-05 9.99121E-05 0.0665101 0.613867 9.99121E-05 9.99121E-05 9.99121E-05 9.99121E-05 9.99121E-05 9.99121E-05 0.0687782 9.99121E-05
0.123975 9.99385E-05 0.128543 9.99385E-05 0.11357 0.266022 9.99385E-05 0.0133236 9.99385E-05 0.055227 9.99385E-05 9.99385E-05 0.29864 9.99385E-05
0.649848 9.99384E-05 9.99384E-05 9.99384E-05 9.99384E-05 0.0823229 0.00638557 9.99384E-05 0.0288151 0.11938 9.99384E-05 0.00807321 0.104475 9.99384E-05
0.447792 9.99209E-05 9.99209E-05 9.99209E-05 9.99209E-05 0.186328 9.99209E-05 9.99209E-05 9.99209E-05 9.99209E-05 9.99209E-05 0.0183102 0.284467 0.0622034
0.288656 9.99385E-05 9.99385E-05 9.99385E-05 0.11169 0.314704 0.0199921 0.0999389 9.99385E-05 9.99385E-05 9.99385E-05 9.99385E-05 0.162928 0.00139149
0.60026 9.9921E-05 9.9921E-05 9.9921E-05 9.9921E-05 0.184121 9.9921E-05 0.0483441 0.104521 9.9921E-05 9.9921E-05 9.9921E-05 0.0618548 9.9921E-05
0.307422 9.99385E-05 0.0661866 9.99385E-05 9.99385E-05 0.0980489 9.99385E-05 0.0294401 0.01364 9.99385E-05 9.99385E-05 9.99385E-05 0.389776 0.0947861
0.405532 9.99384E-05 9.99384E-05 0.0127242 9.99384E-05 0.133442 0.0404012 0.264374 9.99384E-05 9.99384E-05 9.99384E-05 0.108096 9.99384E-05 0.0347311
0.385626 9.99209E-05 9.99209E-05 9.99209E-05 9.99209E-05 0.244531 0.0439163 9.99209E-05 9.99209E-05 0.0301098 9.99209E-05 9.99209E-05 0.294918 9.99209E-05
0.4169 9.99384E-05 9.99384E-05 9.99384E-05 9.99384E-05 0.160887 0.127918 0.00619111 9.99384E-05 9.99384E-05 9.99384E-05 0.0105771 0.27024 0.00658735
0.574745 9.9921E-05 0.00241246 9.9921E-05 9.9921E-05 0.272705 0.134912 0.0143264 9.9921E-05 9.9921E-05 9.9921E-05 9.9921E-05 9.9921E-05 9.9921E-05
0.31356 9.99385E-05 0.133377 9.99385E-05 9.99385E-05 0.21652 9.99385E-05 9.99385E-05 9.99385E-05 0.030468 9.99385E-05 0.0634247 0.196236 0.0457146
0.556894 9.99208E-05 9.99208E-05 9.99208E-05 9.99208E-05 0.183636 0.102469 9.99208E-05 9.99208E-05 0.0125652 9.99208E-05 9.99208E-05 0.143536 9.99208E-05
