9.98334E-05 0.173966 0.316156 9.98334E-05 9.98334E-05 9.98334E-05 9.98334E-05 9.98334E-05 0.0387588 0.326651 9.98334E-05 9.98334E-05 9.98334E-05 0.0736768 9.98334E-05 9.98334E-05 9.98334E-05 9.98334E-05 9.98334E-05 0.068895 9.98334E-05 9.98334E-05 9.98334E-05 9.98334E-05 9.98334E-05
9.98245E-05 9.98245E-05 0.439491 9.98245E-05 9.98245E-05 9.98245E-05 0.228892 9.98245E-05 9.98245E-05 9.98245E-05 9.98245E-05 9.98245E-05 9.98245E-05 9.98245E-05 9.98245E-05 9.98245E-05 9.98245E-05 0.258221 9.98245E-05 0.0316788 9.98245E-05 9.98245E-05 9.98245E-05 0.0397205 9.98245E-05
9.98246E-05 0.0180839 9.98246E-05 0.00271881 9.98246E-05 9.98246E-05 9.98246E-05 9.98246E-05 9.98246E-05 9.98246E-05 9.98246E-05 9.98246E-05 9.98246E-05 9.98246E-05 9.98246E-05 9.98246E-05 9.98246E-05 0.915608 9.98246E-05 9.98246E-05 0.0104177 9.98246E-05 0.0511747 9.98246E-05 9.98246E-05
0.258367 0.0661977 0.211832 9.98684E-05 9.98684E-05 9.98684E-05 9.98684E-05 9.98684E-05 9.98684E-05 0.109288 9.98684E-05 0.0263895 9.98684E-05 0.128293 9.98684E-05 0.00306514 9.98684E-05 9.98684E-05 9.98684E-05 0.0284072 0.0828552 9.98684E-05 9.98684E-05 9.98684E-05 0.0838071
9.98334E-05 9.98334E-05 0.72733 9.98334E-05 9.98334E-05 9.98334E-05 9.98334E-05 0.0174778 9.98334E-05 9.98334E-05 9.98334E-05 9.98334E-05 9.98334E-05 9.98334E-05 9.98334E-05 9.98334E-05 9.98334E-05 0.0435177 0.0818843 9.98334E-05 9.98334E-05 9.98334E-05 0.0261434 0.10175 9.98334E-05
9.98203E-05 9.98203E-05 0.0441426 9.98203E-05 9.98203E-05 9.98203E-05 9.98203E-05 9.98203E-05 9.98203E-05 0.348782 9.98203E-05 9.98203E-05 9.98203E-05 9.98203E-05 9.98203E-05 9.98203E-05 9.98203E-05 0.178037 0.0901145 9.98203E-05 0.167718 9.98203E-05 0.0529096 9.98203E-05 0.116499
0.12085 0.0791607 0.272966 9.98685E-05 0.0890542 9.98685E-05 9.98685E-05 0.00143951 0.0329586 0.191297 9.98685E-05 9.98685E-05 9.98685E-05 0.0669736 9.98685E-05 9.98685E-05 9.98685E-05 9.98685E-05 0.0856497 9.98685E-05 9.98685E-05 9.98685E-05 9.98685E-05 0.0581522 9.98685E-05
9.98685E-05 0.112724 0.229996 0.0604764 9.98685E-05 9.98685E-05 9.98685E-05 9.98685E-05 9.98685E-05 0.190478 9.98685E-05 0.0971508 0.0262588 9.98685E-05 0.0292638 9.98685E-05 9.98685E-05 9.98685E-05 0.109386 9.98685E-05 0.0359795 9.98685E-05 9.98685E-05 9.98685E-05 0.106787
9.98509E-05 0.0231428 9.98509E-05 9.98509E-05 9.98509E-05 9.98509E-05 9.98509E-05 9.98509E-05 0.163266 0.00214273 9.98509E-05 9.98509E-05 9.98509E-05 9.98509E-05 9.98509E-05 9.98509E-05 9.98509E-05 0.283684 9.98509E-05 0.21545 0.0185805 9.98509E-05 0.0117714 9.98509E-05 0.280265
9.97982E-05 9.97982E-05 9.97982E-05 9.97982E-05 9.97982E-05 9.97982E-05 9.97982E-05 9.97982E-05 9.97982E-05 9.97982E-05 9.97982E-05 9.97982E-05 9.97982E-05 9.97982E-05 9.97982E-05 9.97982E-05 9.97982E-05 0.958411 9.97982E-05 0.0392932 9.97982E-05 9.97982E-05 9.97982E-05 9.97982E-05 9.97982E-05
9.98334E-05 0.0690469 0.0434899 9.98334E-05 9.98334E-05 9.98334E-05 9.98334E-05 9.98334E-05 9.98334E-05 0.297254 9.98334E-05 9.98334E-05 9.98334E-05 0.101542 9.98334E-05 9.98334E-05 9.98334E-05 0.431625 9.98334E-05 0.0551455 9.98334E-05 9.98334E-05 9.98334E-05 9.98334E-05 9.98334E-05
9.98159E-05 9.98159E-05 9.98159E-05 9.98159E-05 9.98159E-05 9.98159E-05 9.98159E-05 9.98159E-05 9.98159E-05 9.98159E-05 9.98159E-05 9.98159E-05 9.98159E-05 0.0134877 9.98159E-05 9.98159E-05 9.98159E-05 0.858345 0.0687556 0.0573154 9.98159E-05 9.98159E-05 9.98159E-05 9.98159E-05 9.98159E-05
9.98245E-05 0.0665736 0.300705 9.98245E-05 9.98245E-05 9.98245E-05 9.98245E-05 9.98245E-05 9.98245E-05 9.98245E-05 9.98245E-05 9.98245E-05 9.98245E-05 9.98245E-05 9.98245E-05 9.98245E-05 9.98245E-05 0.552108 0.033678 0.0449387 9.98245E-05 9.98245E-05 9.98245E-05 9.98245E-05 9.98245E-05
9.98332E-05 9.98332E-05 0.834068 9.98332E-05 9.98332E-05 0.0410199 9.98332E-05 9.98332E-05 9.98332E-05 9.98332E-05 9.98332E-05 9.98332E-05 0.0193239 9.98332E-05 0.0313171 9.98332E-05 9.98332E-05 9.98332E-05 9.98332E-05 0.030878 9.98332E-05 9.98332E-05 0.0414964 9.98332E-05 9.98332E-05
9.9842E-05 9.9842E-05 9.9842E-05 9.9842E-05 9.9842E-05 9.9842E-05 9.9842E-05 9.9842E-05 9.9842E-05 0.169374 0.0679243 9.9842E-05 9.9842E-05 9.9842E-05 9.9842E-05 9.9842E-05 0.0642277 0.375781 9.9842E-05 0.0655255 0.118914 9.9842E-05 9.9842E-05 9.9842E-05 0.136456
0.0907005 0.0432107 0.273955 0.0735456 9.9877E-05 9.9877E-05 9.9877E-05 9.9877E-05 9.9877E-05 0.232162 9.9877E-05 0.0356035 0.00113735 9.9877E-05 0.025212 9.9877E-05 9.9877E-05 0.00253803 9.9877E-05 0.0482812 9.9877E-05 9.9877E-05 9.9877E-05 9.9877E-05 0.172255
9.98596E-05 0.130612 0.598311 9.98596E-05 9.98596E-05 9.98596E-05 9.98596E-05 9.98596E-05 9.98596E-05 9.98596E-05 0.0874753 0.0169517 0.0275901 0.0360702 9.98596E-05 9.98596E-05 0.0302642 9.98596E-05 9.98596E-05 0.0670089 9.98596E-05 9.98596E-05 9.98596E-05 0.00411862 9.98596E-05
9.98421E-05 0.0694595 0.0735735 9.98421E-05 9.98421E-05 9.98421E-05 9.98421E-05 9.98421E-05 9.98421E-05 0.570529 9.98421E-05 0.105195 9.98421E-05 9.98421E-05 9.98421E-05 0.0846395 9.98421E-05 9.98421E-05 9.98421E-05 0.0365703 9.98421E-05 0.0582356 9.98421E-05 9.98421E-05 9.98421E-05
9.9842E-05 0.175127 9.9842E-05 9.9842E-05 9.9842E-05 9.9842E-05 9.9842E-05 9.9842E-05 9.9842E-05 9.9842E-05 9.9842E-05 9.9842E-05 0.076531 9.9842E-05 9.9842E-05 9.9842E-05 0.0187411 0.33516 0.127777 0.1876 9.9842E-05 9.9842E-05 9.9842E-05 9.9842E-05 0.0772657
9.98071E-05 9.98071E-05 0.139642 9.98071E-05 9.98071E-05 9.98071E-05 9.98071E-05 9.98071E-05 9.98071E-05 9.98071E-05 9.98071E-05 9.98071E-05 9.98071E-05 9.98071E-05 9.98071E-05 9.98071E-05 9.98071E-05 0.810358 9.98071E-05 9.98071E-05 9.98071E-05 0.0478045 9.98071E-05 9.98071E-05 9.98071E-05
9.98597E-05 9.98597E-05 0.471911 9.98597E-05 9.98597E-05 9.98597E-05 9.98597E-05 9.98597E-05 9.98597E-05 9.98597E-05 9.98597E-05 0.012647 9.98597E-05 0.084284 0.155476 9.98597E-05 0.0858543 9.98597E-05 9.98597E-05 0.0716646 0.010723 0.0629754 9.98597E-05 9.98597E-05 0.0428669
9.98509E-05 0.306491 9.98509E-05 9.98509E-05 9.98509E-05 9.98509E-05 9.98509E-05 0.110935 9.98509E-05 9.98509E-05 9.98509E-05 9.98509E-05 9.98509E-05 9.98509E-05 9.98509E-05 9.98509E-05 0.0806454 0.236197 0.000112822 9.98509E-05 0.0751628 9.98509E-05 0.109286 9.98509E-05 0.0794732
9.98159E-05 9.98159E-05 0.536957 9.98159E-05 9.98159E-05 9.98159E-05 9.98159E-05 9.98159E-05 9.98159E-05 0.370309 9.98159E-05 9.98159E-05 9.98159E-05 0.0034424 9.98159E-05 9.98159E-05 9.98159E-05 9.98159E-05 9.98159E-05 0.0871956 9.98159E-05 9.98159E-05 9.98159E-05 9.98159E-05 9.98159E-05
9.98509E-05 0.179782 0.281955 0.0583877 9.98509E-05 9.98509E-05 9.98509E-05 9.98509E-05 0.0960558 0.0958583 9.98509E-05 9.98509E-05 0.0200226 9.98509E-05 9.98509E-05 9.98509E-05 9.98509E-05 0.0815999 9.98509E-05 0.184641 9.98509E-05 9.98509E-05 9.98509E-05 9.98509E-05 9.98509E-05
9.9842E-05 0.0563711 0.352898 9.9842E-05 9.9842E-05 9.9842E-05 9.9842E-05 9.9842E-05 9.9842E-05 9.9842E-05 9.9842E-05 9.9842E-05 9.9842E-05 9.9842E-05 9.9842E-05 9.9842E-05 0.126927 9.9842E-05 9.9842E-05 0.242792 0.168718 0.0325857 9.9842E-05 9.9842E-05 0.0179119
0.0600494 0.0540484 0.444687 9.98421E-05 9.98421E-05 9.98421E-05 9.98421E-05 9.98421E-05 9.98421E-05 0.0199122 9.98421E-05 9.98421E-05 9.98421E-05 9.98421E-05 9.98421E-05 9.98421E-05 9.98421E-05 0.270193 9.98421E-05 0.084944 0.0643689 9.98421E-05 9.98421E-05 9.98421E-05 9.98421E-05
9.98595E-05 0.273167 9.98595E-05 0.027826 9.98595E-05 9.98595E-05 9.98595E-05 0.324463 9.98595E-05 9.98595E-05 9.98595E-05 9.98595E-05 9.98595E-05 0.00505346 0.00389858 0.0727563 9.98595E-05 0.00094353 9.98595E-05 9.98595E-05 0.274325 0.0159701 9.98595E-05 9.98595E-05 9.98595E-05
0.0947048 0.0723973 9.98335E-05 9.98335E-05 9.98335E-05 9.98335E-05 9.98335E-05 9.98335E-05 9.98335E-05 9.98335E-05 9.98335E-05 9.98335E-05 9.98335E-05 9.98335E-05 9.98335E-05 9.98335E-05 9.98335E-05 0.759615 0.0358092 0.02363 0.0119466 9.98335E-05 9.98335E-05 9.98335E-05 9.98335E-05
9.98511E-05 9.98511E-05 9.98511E-05 9.98511E-05 9.98511E-05 0.0401779 9.98511E-05 0.102447 0.0622414 0.00481509 9.98511E-05 9.98511E-05 9.98511E-05 0.0507305 9.98511E-05 9.98511E-05 9.98511E-05 0.668032 9.98511E-05 0.036046 0.0338133 9.98511E-05 9.98511E-05 9.98511E-05 9.98511E-05
9.98246E-05 9.98246E-05 9.98246E-05 9.98246E-05 9.98246E-05 0.108386 0.108204 9.98246E-05 9.98246E-05 9.98246E-05 9.98246E-05 9.98246E-05 9.98246E-05 9.98246E-05 9.98246E-05 9.98246E-05 9.98246E-05 0.726517 9.98246E-05 0.0399119 9.98246E-05 9.98246E-05 9.98246E-05 9.98246E-05 0.0149843
9.98157E-05 9.98157E-05 9.98157E-05 9.98157E-05 9.98157E-05 9.98157E-05 9.98157E-05 9.98157E-05 9.98157E-05 0.0906477 9.98157E-05 9.98157E-05 9.98157E-05 0.103404 9.98157E-05 9.98157E-05 0.00254055 0.801312 9.98157E-05 9.98157E-05 9.98157E-05 9.98157E-05 9.98157E-05 9.98157E-05 9.98157E-05
9.9851E-05 0.0212261 0.4536 9.9851E-05 9.9851E-05 9.9851E-05 9.9851E-05 9.9851E-05 9.9851E-05 0.1912 9.9851E-05 0.0395415 9.9851E-05 0.0442482 9.9851E-05 9.9851E-05 9.9851E-05 9.9851E-05 0.0435771 0.043529 0.16138 9.9851E-05 9.9851E-05 9.9851E-05 9.9851E-05
9.98508E-05 0.0792305 0.364693 9.98508E-05 9.98508E-05 9.98508E-05 9.98508E-05 9.98508E-05 9.98508E-05 0.273586 9.98508E-05 9.98508E-05 9.98508E-05 0.0697197 0.00985983 9.98508E-05 9.98508E-05 0.0797483 9.98508E-05 0.103098 0.018367 9.98508E-05 9.98508E-05 9.98508E-05 9.98508E-05
9.9842E-05 0.208568 0.149003 9.9842E-05 9.9842E-05 0.162605 9.9842E-05 9.9842E-05 9.9842E-05 9.9842E-05 9.9842E-05 9.9842E-05 9.9842E-05 9.9842E-05 0.0890028 9.9842E-05 9.9842E-05 0.25683 9.9842E-05 0.0816881 0.0505049 9.9842E-05 9.9842E-05 9.9842E-05 9.9842E-05
9.98422E-05 9.98422E-05 9.98422E-05 9.98422E-05 9.98422E-05 9.98422E-05 9.98422E-05 9.98422E-05 9.98422E-05 9.98422E-05 9.98422E-05 9.98422E-05 9.98422E-05 0.0166474 9.98422E-05 9.98422E-05 9.98422E-05 0.873457 0.0288726 0.00957773 9.98422E-05 0.00666894 9.98422E-05 0.0617221 0.00125709
0.185325 0.00996145 9.98336E-05 9.98336E-05 9.98336E-05 9.98336E-05 9.98336E-05 9.98336E-05 9.98336E-05 0.0745661 9.98336E-05 9.98336E-05 0.0212064 9.98336E-05 9.98336E-05 9.98336E-05 9.98336E-05 0.610755 9.98336E-05 0.0962891 9.98336E-05 9.98336E-05 9.98336E-05 9.98336E-05 9.98336E-05
9.98335E-05 9.98335E-05 0.372304 9.98335E-05 9.98335E-05 9.98335E-05 0.0327823 9.98335E-05 9.98335E-05 9.98335E-05 9.98335E-05 9.98335E-05 9.98335E-05 0.0372733 9.98335E-05 9.98335E-05 9.98335E-05 0.464107 0.0898862 9.98335E-05 9.98335E-05 9.98335E-05 9.98335E-05 0.00175008 9.98335E-05
9.98421E-05 9.98421E-05 0.639252 9.98421E-05 9.98421E-05 9.98421E-05 0.0176205 9.98421E-05 9.98421E-05 9.98421E-05 9.98421E-05 9.98421E-05 9.98421E-05 9.98421E-05 9.98421E-05 9.98421E-05 9.98421E-05 0.0699637 9.98421E-05 0.0755051 9.98421E-05 0.0209845 9.98421E-05 0.00854157 0.166335
9.98509E-05 0.0377155 9.98509E-05 9.98509E-05 9.98509E-05 9.98509E-05 9.98509E-05 9.98509E-05 9.98509E-05 9.98509E-05 0.120568 9.98509E-05 9.98509E-05 9.98509E-05 0.0246977 9.98509E-05 9.98509E-05 0.587469 9.98509E-05 0.0952055 9.98509E-05 0.0299483 0.0672694 9.98509E-05 0.0354291
9.98682E-05 0.0215863 0.577676 0.0170845 0.0120242 0.0848919 9.98682E-05 9.98682E-05 9.98682E-05 9.98682E-05 9.98682E-05 9.98682E-05 9.98682E-05 9.98682E-05 0.0362271 9.98682E-05 0.000932534 9.98682E-05 0.0863205 0.147889 0.0138702 9.98682E-05 9.98682E-05 9.98682E-05 9.98682E-05
0.0917489 0.0277472 9.98245E-05 0.00593974 9.98245E-05 9.98245E-05 9.98245E-05 9.98245E-05 9.98245E-05 9.98245E-05 9.98245E-05 9.98245E-05 9.98245E-05 9.98245E-05 9.98245E-05 9.98245E-05 9.98245E-05 0.845596 9.98245E-05 9.98245E-05 9.98245E-05 9.98245E-05 9.98245E-05 9.98245E-05 0.0269718
9.98159E-05 0.122208 9.98159E-05 9.98159E-05 9.98159E-05 9.98159E-05 9.98159E-05 0.189702 9.98159E-05 9.98159E-05 9.98159E-05 9.98159E-05 9.98159E-05 9.98159E-05 9.98159E-05 9.98159E-05 9.98159E-05 0.657469 9.98159E-05 0.0285247 9.98159E-05 9.98159E-05 9.98159E-05 9.98159E-05 9.98159E-05
9.98245E-05 9.98245E-05 0.760814 9.98245E-05 9.98245E-05 0.0345139 0.0314965 0.118657 9.98245E-05 9.98245E-05 9.98245E-05 9.98245E-05 9.98245E-05 9.98245E-05 9.98245E-05 9.98245E-05 9.98245E-05 0.0525218 9.98245E-05 9.98245E-05 9.98245E-05 9.98245E-05 9.98245E-05 9.98245E-05 9.98245E-05
9.98403E-05 0.129019 9.98403E-05 9.98403E-05 9.98403E-05 9.98403E-05 0.0761295 9.98403E-05 0.0608248 0.0270159 9.98403E-05 9.98403E-05 9.98403E-05 0.0122749 9.98403E-05 9.98403E-05 9.98403E-05 0.36612 9.98403E-05 0.184284 9.98403E-05 9.98403E-05 9.98403E-05 0.0119677 0.130767
0.114313 0.320809 0.142968 9.98421E-05 9.98421E-05 9.98421E-05 9.98421E-05 9.98421E-05 9.98421E-05 9.98421E-05 9.98421E-05 9.98421E-05 9.98421E-05 9.98421E-05 9.98421E-05 9.98421E-05 9.98421E-05 0.0807697 0.0258865 0.226633 9.98421E-05 9.98421E-05 0.0868247 9.98421E-05 9.98421E-05
0.00297916 0.0224295 9.9842E-05 9.9842E-05 9.9842E-05 9.9842E-05 9.9842E-05 0.0113738 9.9842E-05 9.9842E-05 9.9842E-05 0.0607241 9.9842E-05 9.9842E-05 9.9842E-05 9.9842E-05 9.9842E-05 0.820224 9.9842E-05 0.0278766 9.9842E-05 0.0525956 9.9842E-05 9.9842E-05 9.9842E-05
0.00414526 9.98244E-05 0.908285 9.98244E-05 9.98244E-05 9.98244E-05 9.98244E-05 9.98244E-05 9.98244E-05 9.98244E-05 9.98244E-05 9.98244E-05 9.98244E-05 9.98244E-05 9.98244E-05 0.0191782 9.98244E-05 9.98244E-05 9.98244E-05 0.0511626 9.98244E-05 9.98244E-05 9.98244E-05 9.98244E-05 0.0152328
9.98071E-05 9.98071E-05 9.98071E-05 9.98071E-05 0.0432277 9.98071E-05 0.11448 9.98071E-05 9.98071E-05 9.98071E-05 9.98071E-05 9.98071E-05 9.98071E-05 9.98071E-05 9.98071E-05 9.98071E-05 9.98071E-05 0.840097 9.98071E-05 9.98071E-05 9.98071E-05 9.98071E-05 9.98071E-05 9.98071E-05 9.98071E-05
9.9842E-05 0.126987 0.186094 9.9842E-05 9.9842E-05 9.9842E-05 9.9842E-05 9.9842E-05 9.9842E-05 0.0726102 9.9842E-05 9.9842E-05 9.9842E-05 9.9842E-05 0.0500092 9.9842E-05 9.9842E-05 0.463168 0.0116884 0.0876462 9.9842E-05 9.9842E-05 9.9842E-05 9.9842E-05 9.9842E-05
9.9816E-05 9.9816E-05 0.846273 9.9816E-05 0.0767483 9.9816E-05 9.9816E-05 9.9816E-05 9.9816E-05 9.9816E-05 9.9816E-05 9.9816E-05 9.9816E-05 9.9816E-05 9.9816E-05 9.9816E-05 9.9816E-05 9.9816E-05 0.0735953 9.9816E-05 9.9816E-05 9.9816E-05 0.00128708 9.9816E-05 9.9816E-05
0.0482785 0.0397728 0.186297 0.0213062 9.98946E-05 9.98946E-05 9.98946E-05 0.0476281 0.0132464 0.124258 9.98946E-05 0.0633947 9.98946E-05 0.105822 9.98946E-05 9.98946E-05 9.98946E-05 0.112514 9.98946E-05 0.156071 0.0559929 9.98946E-05 9.98946E-05 9.98946E-05 0.0242202
0.0118208 0.114595 0.663181 9.98684E-05 9.98684E-05 9.98684E-05 9.98684E-05 0.0230751 0.0106376 9.98684E-05 9.98684E-05 9.98684E-05 9.98684E-05 9.98684E-05 0.0497028 9.98684E-05 9.98684E-05 9.98684E-05 9.98684E-05 9.98684E-05 0.0218558 0.038914 0.0284877 9.98684E-05 0.0362316
9.97984E-05 9.97984E-05 9.97984E-05 9.97984E-05 9.97984E-05 9.97984E-05 9.97984E-05 9.97984E-05 9.97984E-05 9.97984E-05 9.97984E-05 9.97984E-05 9.97984E-05 9.97984E-05 9.97984E-05 0.0260684 9.97984E-05 0.971636 9.97984E-05 9.97984E-05 9.97984E-05 9.97984E-05 9.97984E-05 9.97984E-05 9.97984E-05
9.98421E-05 9.98421E-05 0.801489 0.0359536 0.00429398 9.98421E-05 9.98421E-05 9.98421E-05 9.98421E-05 9.98421E-05 9.98421E-05 9.98421E-05 9.98421E-05 9.98421E-05 0.0782043 0.0285721 9.98421E-05 9.98421E-05 9.98421E-05 0.0215723 9.98421E-05 9.98421E-05 0.028118 9.98421E-05 9.98421E-05
9.98162E-05 9.98162E-05 9.98162E-05 9.98162E-05 9.98162E-05 9.98162E-05 9.98162E-05 9.98162E-05 9.98162E-05 9.98162E-05 9.98162E-05 9.98162E-05 9.98162E-05 9.98162E-05 9.98162E-05 9.98162E-05 0.128561 0.791251 9.98162E-05 0.0693237 9.98162E-05 9.98162E-05 0.00876789 9.98162E-05 9.98162E-05
9.98336E-05 9.98336E-05 9.98336E-05 9.98336E-05 9.98336E-05 0.00577042 9.98336E-05 9.98336E-05 9.98336E-05 9.98336E-05 9.98336E-05 0.0251021 9.98336E-05 9.98336E-05 9.98336E-05 9.98336E-05 9.98336E-05 0.76258 9.98336E-05 9.98336E-05 0.159306 0.0177297 0.0276147 9.98336E-05 9.98336E-05
9.98104E-05 0.0687928 9.98104E-05 9.98104E-05 9.98104E-05 9.98104E-05 9.98104E-05 9.98104E-05 9.98104E-05 9.98104E-05 9.98104E-05 9.98104E-05 9.98104E-05 9.98104E-05 9.98104E-05 0.0758537 9.98104E-05 0.757328 0.0447523 0.00496333 9.98104E-05 9.98104E-05 9.98104E-05 0.0464135 9.98104E-05
0.175592 9.9816E-05 0.434425 9.9816E-05 9.9816E-05 9.9816E-05 9.9816E-05 9.9816E-05 9.9816E-05 9.9816E-05 9.9816E-05 9.9816E-05 9.9816E-05 9.9816E-05 9.9816E-05 9.9816E-05 9.9816E-05 0.355386 9.9816E-05 0.0325004 9.9816E-05 9.9816E-05 9.9816E-05 9.9816E-05 9.9816E-05
9.98245E-05 9.98245E-05 0.631532 9.98245E-05 0.0375793 9.98245E-05 9.98245E-05 0.103638 9.98245E-05 9.98245E-05 9.98245E-05 9.98245E-05 9.98245E-05 0.0056501 9.98245E-05 9.98245E-05 9.98245E-05 0.219604 9.98245E-05 9.98245E-05 9.98245E-05 9.98245E-05 9.98245E-05 9.98245E-05 9.98245E-05
9.9807E-05 9.9807E-05 9.9807E-05 9.9807E-05 9.9807E-05 9.9807E-05 9.9807E-05 9.9807E-05 9.9807E-05 0.873681 9.9807E-05 9.9807E-05 9.9807E-05 9.9807E-05 9.9807E-05 9.9807E-05 9.9807E-05 9.9807E-05 9.9807E-05 0.0952105 9.9807E-05 9.9807E-05 9.9807E-05 9.9807E-05 0.0289123
0.0468478 9.98071E-05 9.98071E-05 9.98071E-05 9.98071E-05 9.98071E-05 0.910575 9.98071E-05 9.98071E-05 9.98071E-05 9.98071E-05 9.98071E-05 9.98071E-05 9.98071E-05 0.0403812 9.98071E-05 9.98071E-05 9.98071E-05 9.98071E-05 9.98071E-05 9.98071E-05 9.98071E-05 9.98071E-05 9.98071E-05 9.98071E-05
9.9798E-05 9.9798E-05 9.9798E-05 9.9798E-05 9.9798E-05 9.9798E-05 0.929998 9.9798E-05 9.9798E-05 9.9798E-05 9.9798E-05 9.9798E-05 9.9798E-05 9.9798E-05 9.9798E-05 0.0677065 9.9798E-05 9.9798E-05 9.9798E-05 9.9798E-05 9.9798E-05 9.9798E-05 9.9798E-05 9.9798E-05 9.9798E-05
9.98334E-05 9.98334E-05 9.98334E-05 9.98334E-05 0.083673 9.98334E-05 9.98334E-05 9.98334E-05 9.98334E-05 0.451255 9.98334E-05 9.98334E-05 9.98334E-05 9.98334E-05 9.98334E-05 9.98334E-05 9.98334E-05 9.98334E-05 9.98334E-05 0.0377619 0.145461 9.98334E-05 9.98334E-05 0.228559 0.0513933
9.98104E-05 0.024864 9.98104E-05 9.98104E-05 0.0194685 9.98104E-05 9.98104E-05 9.98104E-05 9.98104E-05 0.856437 9.98104E-05 9.98104E-05 9.98104E-05 9.98104E-05 9.98104E-05 9.98104E-05 9.98104E-05 9.98104E-05 9.98104E-05 9.98104E-05 9.98104E-05 0.036321 0.040074 9.98104E-05 0.0209389
9.98067E-05 0.0233221 9.98067E-05 9.98067E-05 9.98067E-05 9.98067E-05 9.98067E-05 9.98067E-05 9.98067E-05 0.900443 9.98067E-05 9.98067E-05 9.98067E-05 9.98067E-05 9.98067E-05 9.98067E-05 9.98067E-05 9.98067E-05 9.98067E-05 0.0740387 9.98067E-05 9.98067E-05 9.98067E-05 9.98067E-05 9.98067E-05
9.98156E-05 9.98156E-05 9.98156E-05 9.98156E-05 9.98156E-05 9.98156E-05 9.98156E-05 9.98156E-05 9.98156E-05 0.662597 9.98156E-05 9.98156E-05 9.98156E-05 9.98156E-05 0.000622921 9.98156E-05 9.98156E-05 9.98156E-05 9.98156E-05 0.0768221 9.98156E-05 9.98156E-05 9.98156E-05 0.257862 9.98156E-05
9.98419E-05 9.98419E-05 9.98419E-05 9.98419E-05 0.00943166 9.98419E-05 9.98419E-05 9.98419E-05 9.98419E-05 0.831584 9.98419E-05 9.98419E-05 9.98419E-05 9.98419E-05 9.98419E-05 0.0571923 9.98419E-05 9.98419E-05 0.00940269 0.031171 9.98419E-05 9.98419E-05 9.98419E-05 0.0491676 0.0102533
9.9807E-05 9.9807E-05 9.9807E-05 9.9807E-05 9.9807E-05 9.9807E-05 0.620061 9.9807E-05 9.9807E-05 0.350419 9.9807E-05 9.9807E-05 9.9807E-05 9.9807E-05 9.9807E-05 9.9807E-05 9.9807E-05 9.9807E-05 9.9807E-05 9.9807E-05 9.9807E-05 9.9807E-05 9.9807E-05 0.0273244 9.9807E-05
9.97895E-05 9.97895E-05 9.97895E-05 9.97895E-05 9.97895E-05 9.97895E-05 9.97895E-05 9.97895E-05 9.97895E-05 0.997605 9.97895E-05 9.97895E-05 9.97895E-05 9.97895E-05 9.97895E-05 9.97895E-05 9.97895E-05 9.97895E-05 9.97895E-05 9.97895E-05 9.97895E-05 9.97895E-05 9.97895E-05 9.97895E-05 9.97895E-05
9.98154E-05 9.98154E-05 9.98154E-05 9.98154E-05 9.98154E-05 9.98154E-05 9.98154E-05 9.98154E-05 9.98154E-05 0.67207 9.98154E-05 9.98154E-05 9.98154E-05 0.0998688 9.98154E-05 9.98154E-05 9.98154E-05 9.98154E-05 9.98154E-05 0.208264 9.98154E-05 9.98154E-05 9.98154E-05 9.98154E-05 0.0177006
9.98682E-05 0.104857 9.98682E-05 9.98682E-05 0.0407146 9.98682E-05 9.98682E-05 9.98682E-05 9.98682E-05 0.58608 9.98682E-05 9.98682E-05 0.0118795 0.0270872 0.0807946 9.98682E-05 0.0355869 9.98682E-05 9.98682E-05 0.0317579 9.98682E-05 9.98682E-05 0.0307178 0.0490266 9.98682E-05
9.98004E-05 9.98004E-05 9.98004E-05 9.98004E-05 9.98004E-05 9.98004E-05 9.98004E-05 9.98004E-05 9.98004E-05 0.630859 9.98004E-05 0.0862698 9.98004E-05 0.0645115 0.110332 9.98004E-05 9.98004E-05 9.98004E-05 9.98004E-05 9.98004E-05 9.98004E-05 9.98004E-05 9.98004E-05 9.98004E-05 0.106032
9.9842E-05 0.158812 9.9842E-05 9.9842E-05 9.9842E-05 9.9842E-05 9.9842E-05 9.9842E-05 9.9842E-05 0.628318 9.9842E-05 9.9842E-05 9.9842E-05 9.9842E-05 9.9842E-05 9.9842E-05 0.0200047 9.9842E-05 9.9842E-05 0.131136 0.0036359 9.9842E-05 0.0223802 0.0339164 9.9842E-05
9.98422E-05 9.98422E-05 9.98422E-05 0.0232407 9.98422E-05 9.98422E-05 0.664739 0.0390669 9.98422E-05 0.106972 9.98422E-05 9.98422E-05 0.00606008 9.98422E-05 9.98422E-05 9.98422E-05 9.98422E-05 9.98422E-05 9.98422E-05 9.98422E-05 0.156004 9.98422E-05 0.00211946 9.98422E-05 9.98422E-05
9.979E-05 9.979E-05 9.979E-05 9.979E-05 9.979E-05 9.979E-05 9.979E-05 9.979E-05 9.979E-05 0.997605 9.979E-05 9.979E-05 9.979E-05 9.979E-05 9.979E-05 9.979E-05 9.979E-05 9.979E-05 9.979E-05 9.979E-05 9.979E-05 9.979E-05 9.979E-05 9.979E-05 9.979E-05
9.97805E-05 9.97805E-05 9.97805E-05 9.97805E-05 0.0220582 9.97805E-05 9.97805E-05 9.97805E-05 9.97805E-05 0.915302 9.97805E-05 9.97805E-05 9.97805E-05 9.97805E-05 9.97805E-05 9.97805E-05 9.97805E-05 9.97805E-05 0.0604449 9.97805E-05 9.97805E-05 9.97805E-05 9.97805E-05 9.97805E-05 9.97805E-05
9.98243E-05 0.00178517 9.98243E-05 9.98243E-05 9.98243E-05 9.98243E-05 9.98243E-05 9.98243E-05 9.98243E-05 0.819979 9.98243E-05 9.98243E-05 0.127548 9.98243E-05 9.98243E-05 9.98243E-05 9.98243E-05 9.98243E-05 0.0251969 9.98243E-05 9.98243E-05 9.98243E-05 9.98243E-05 9.98243E-05 0.0234939
9.97983E-05 9.97983E-05 9.97983E-05 9.97983E-05 9.97983E-05 9.97983E-05 9.97983E-05 9.97983E-05 9.97983E-05 0.967863 9.97983E-05 9.97983E-05 9.97983E-05 9.97983E-05 9.97983E-05 0.0298416 9.97983E-05 9.97983E-05 9.97983E-05 9.97983E-05 9.97983E-05 9.97983E-05 9.97983E-05 9.97983E-05 9.97983E-05
9.98155E-05 9.98155E-05 9.98155E-05 0.117701 9.98155E-05 9.98155E-05 9.98155E-05 0.0239041 9.98155E-05 0.727878 9.98155E-05 9.98155E-05 9.98155E-05 9.98155E-05 9.98155E-05 9.98155E-05 9.98155E-05 9.98155E-05 9.98155E-05 0.128421 9.98155E-05 9.98155E-05 9.98155E-05 9.98155E-05 9.98155E-05
9.97896E-05 9.97896E-05 9.97896E-05 9.97896E-05 9.97896E-05 9.97896E-05 0.997605 9.97896E-05 9.97896E-05 9.97896E-05 9.97896E-05 9.97896E-05 9.97896E-05 9.97896E-05 9.97896E-05 9.97896E-05 9.97896E-05 9.97896E-05 9.97896E-05 9.97896E-05 9.97896E-05 9.97896E-05 9.97896E-05 9.97896E-05 9.97896E-05
9.98244E-05 0.0760431 9.98244E-05 9.98244E-05 9.98244E-05 9.98244E-05 9.98244E-05 9.98244E-05 9.98244E-05 0.76245 9.98244E-05 9.98244E-05 9.98244E-05 9.98244E-05 9.98244E-05 9.98244E-05 9.98244E-05 9.98244E-05 0.0182634 0.0737361 9.98244E-05 9.98244E-05 9.98244E-05 0.0675113 9.98244E-05
9.97986E-05 9.97986E-05 9.97986E-05 9.97986E-05 9.97986E-05 0.101911 9.97986E-05 9.97986E-05 9.97986E-05 0.895794 9.97986E-05 9.97986E-05 9.97986E-05 9.97986E-05 9.97986E-05 9.97986E-05 9.97986E-05 9.97986E-05 9.97986E-05 9.97986E-05 9.97986E-05 9.97986E-05 9.97986E-05 9.97986E-05 9.97986E-05
9.98334E-05 9.98334E-05 9.98334E-05 9.98334E-05 9.98334E-05 9.98334E-05 9.98334E-05 9.98334E-05 0.0315706 0.75923 9.98334E-05 9.98334E-05 9.98334E-05 9.98334E-05 9.98334E-05 0.012434 9.98334E-05 9.98334E-05 0.159196 9.98334E-05 0.00357845 9.98334E-05 9.98334E-05 9.98334E-05 0.0320944
9.9798E-05 9.9798E-05 9.9798E-05 9.9798E-05 9.9798E-05 9.9798E-05 9.9798E-05 9.9798E-05 9.9798E-05 0.937624 9.9798E-05 9.9798E-05 9.9798E-05 0.0600805 9.9798E-05 9.9798E-05 9.9798E-05 9.9798E-05 9.9798E-05 9.9798E-05 9.9798E-05 9.9798E-05 9.9798E-05 9.9798E-05 9.9798E-05
9.98158E-05 9.98158E-05 9.98158E-05 9.98158E-05 9.98158E-05 9.98158E-05 0.735542 9.98158E-05 9.98158E-05 0.219068 9.98158E-05 9.98158E-05 9.98158E-05 9.98158E-05 9.98158E-05 9.98158E-05 9.98158E-05 9.98158E-05 9.98158E-05 0.0279568 9.98158E-05 9.98158E-05 9.98158E-05 9.98158E-05 0.0153372
9.97986E-05 9.97986E-05 9.97986E-05 9.97986E-05 9.97986E-05 9.97986E-05 0.261189 9.97986E-05 9.97986E-05 0.736516 9.97986E-05 9.97986E-05 9.97986E-05 9.97986E-05 9.97986E-05 9.97986E-05 9.97986E-05 9.97986E-05 9.97986E-05 9.97986E-05 9.97986E-05 9.97986E-05 9.97986E-05 9.97986E-05 9.97986E-05
9.98069E-05 9.98069E-05 9.98069E-05 9.98069E-05 9.98069E-05 9.98069E-05 0.930034 9.98069E-05 9.98069E-05 9.98069E-05 9.98069E-05 9.98069E-05 9.98069E-05 9.98069E-05 9.98069E-05 9.98069E-05 9.98069E-05 9.98069E-05 0.00618165 0.0615882 9.98069E-05 9.98069E-05 9.98069E-05 9.98069E-05 9.98069E-05
9.97985E-05 9.97985E-05 9.97985E-05 9.97985E-05 9.97985E-05 9.97985E-05 9.97985E-05 9.97985E-05 9.97985E-05 0.959692 9.97985E-05 9.97985E-05 9.97985E-05 9.97985E-05 9.97985E-05 0.0380125 9.97985E-05 9.97985E-05 9.97985E-05 9.97985E-05 9.97985E-05 9.97985E-05 9.97985E-05 9.97985E-05 9.97985E-05
9.98246E-05 9.98246E-05 9.98246E-05 9.98246E-05 9.98246E-05 0.0635857 0.761566 0.013071 9.98246E-05 9.98246E-05 9.98246E-05 9.98246E-05 9.98246E-05 9.98246E-05 9.98246E-05 9.98246E-05 9.98246E-05 9.98246E-05 9.98246E-05 0.0745519 9.98246E-05 9.98246E-05 9.98246E-05 9.98246E-05 0.0852287
9.98072E-05 9.98072E-05 9.98072E-05 9.98072E-05 9.98072E-05 9.98072E-05 9.98072E-05 9.98072E-05 9.98072E-05 9.98072E-05 9.98072E-05 9.98072E-05 9.98072E-05 9.98072E-05 9.98072E-05 9.98072E-05 9.98072E-05 9.98072E-05 9.98072E-05 0.0546353 0.878503 9.98072E-05 9.98072E-05 9.98072E-05 0.0646663
9.98248E-05 9.98248E-05 0.0153346 9.98248E-05 9.98248E-05 0.41716 9.98248E-05 9.98248E-05 9.98248E-05 9.98248E-05 0.246324 9.98248E-05 9.98248E-05 9.98248E-05 9.98248E-05 9.98248E-05 9.98248E-05 9.98248E-05 9.98248E-05 9.98248E-05 0.258529 9.98248E-05 9.98248E-05 9.98248E-05 0.0606551
9.98158E-05 9.98158E-05 9.98158E-05 9.98158E-05 9.98158E-05 9.98158E-05 9.98158E-05 9.98158E-05 9.98158E-05 9.98158E-05 9.98158E-05 9.98158E-05 9.98158E-05 0.00101943 9.98158E-05 9.98158E-05 9.98158E-05 9.98158E-05 9.98158E-05 0.0388028 0.909812 9.98158E-05 0.0482692 9.98158E-05 9.98158E-05
9.98244E-05 9.98244E-05 9.98244E-05 9.98244E-05 9.98244E-05 9.98244E-05 9.98244E-05 9.98244E-05 9.98244E-05 9.98244E-05 9.98244E-05 9.98244E-05 9.98244E-05 0.00124435 9.98244E-05 0.0197751 9.98244E-05 9.98244E-05 9.98244E-05 0.136322 0.785035 9.98244E-05 9.98244E-05 9.98244E-05 0.0556268
9.98331E-05 9.98331E-05 9.98331E-05 9.98331E-05 9.98331E-05 9.98331E-05 9.98331E-05 9.98331E-05 0.0177406 9.98331E-05 9.98331E-05 9.98331E-05 0.0853442 9.98331E-05 9.98331E-05 9.98331E-05 9.98331E-05 9.98331E-05 9.98331E-05 9.98331E-05 0.820077 0.00667265 0.00156046 9.98331E-05 0.0667077
0.00234848 9.98104E-05 9.98104E-05 9.98104E-05 9.98104E-05 0.195111 9.98104E-05 9.98104E-05 9.98104E-05 9.98104E-05 9.98104E-05 9.98104E-05 9.98104E-05 9.98104E-05 9.98104E-05 9.98104E-05 9.98104E-05 9.98104E-05 9.98104E-05 0.206516 0.40382 9.98104E-05 9.98104E-05 0.0490466 0.141261
9.98333E-05 0.0899562 9.98333E-05 9.98333E-05 9.98333E-05 0.213664 9.98333E-05 9.98333E-05 9.98333E-05 9.98333E-05 9.98333E-05 9.98333E-05 9.98333E-05 0.00744382 9.98333E-05 9.98333E-05 9.98333E-05 9.98333E-05 9.98333E-05 0.0558629 0.561046 9.98333E-05 9.98333E-05 9.98333E-05 0.0701302
9.97982E-05 9.97982E-05 9.97982E-05 9.97982E-05 9.97982E-05 9.97982E-05 9.97982E-05 9.97982E-05 9.97982E-05 9.97982E-05 9.97982E-05 9.97982E-05 9.97982E-05 9.97982E-05 9.97982E-05 9.97982E-05 9.97982E-05 9.97982E-05 9.97982E-05 9.97982E-05 0.79274 9.97982E-05 9.97982E-05 9.97982E-05 0.204964
9.98507E-05 9.98507E-05 9.98507E-05 9.98507E-05 9.98507E-05 9.98507E-05 9.98507E-05 0.147249 9.98507E-05 9.98507E-05 9.98507E-05 9.98507E-05 0.0299262 0.0512765 9.98507E-05 9.98507E-05 0.0376378 9.98507E-05 9.98507E-05 0.0154953 0.300579 9.98507E-05 9.98507E-05 0.119393 0.296745
9.9807E-05 9.9807E-05 9.9807E-05 9.9807E-05 9.9807E-05 9.9807E-05 9.9807E-05 9.9807E-05 9.9807E-05 9.9807E-05 9.9807E-05 9.9807E-05 9.9807E-05 9.9807E-05 9.9807E-05 9.9807E-05 9.9807E-05 9.9807E-05 9.9807E-05 0.248854 0.597568 9.9807E-05 9.9807E-05 9.9807E-05 0.151382
9.98333E-05 9.98333E-05 9.98333E-05 9.98333E-05 9.98333E-05 9.98333E-05 9.98333E-05 9.98333E-05 9.98333E-05 9.98333E-05 0.415245 9.98333E-05 9.98333E-05 0.00426266 9.98333E-05 9.98333E-05 9.98333E-05 9.98333E-05 9.98333E-05 0.00345177 0.316718 9.98333E-05 9.98333E-05 0.224586 0.0338391
9.98247E-05 9.98247E-05 9.98247E-05 9.98247E-05 9.98247E-05 9.98247E-05 9.98247E-05 9.98247E-05 9.98247E-05 9.98247E-05 0.168574 9.98247E-05 9.98247E-05 0.0528596 9.98247E-05 9.98247E-05 9.98247E-05 9.98247E-05 9.98247E-05 0.0550485 0.694003 9.98247E-05 9.98247E-05 0.0275184 9.98247E-05
0.0111174 9.98335E-05 9.98335E-05 9.98335E-05 9.98335E-05 0.203911 9.98335E-05 9.98335E-05 9.98335E-05 9.98335E-05 9.98335E-05 9.98335E-05 0.00019164 9.98335E-05 9.98335E-05 9.98335E-05 9.98335E-05 9.98335E-05 9.98335E-05 9.98335E-05 0.697874 9.98335E-05 0.0109295 9.98335E-05 0.0740797
9.98247E-05 9.98247E-05 9.98247E-05 9.98247E-05 9.98247E-05 0.174328 9.98247E-05 9.98247E-05 0.0527605 9.98247E-05 9.98247E-05 9.98247E-05 9.98247E-05 9.98247E-05 9.98247E-05 9.98247E-05 9.98247E-05 9.98247E-05 9.98247E-05 0.183247 0.524535 9.98247E-05 9.98247E-05 9.98247E-05 0.0631328
9.98403E-05 9.98403E-05 9.98403E-05 9.98403E-05 9.98403E-05 0.311753 9.98403E-05 0.0205262 9.98403E-05 9.98403E-05 9.98403E-05 9.98403E-05 0.0119594 9.98403E-05 0.0230086 0.0957876 0.0350262 9.98403E-05 9.98403E-05 9.98403E-05 0.393382 9.98403E-05 9.98403E-05 0.00708179 0.0998781
0.0241941 9.98508E-05 9.98508E-05 9.98508E-05 9.98508E-05 9.98508E-05 9.98508E-05 0.172821 9.98508E-05 9.98508E-05 0.0568711 9.98508E-05 9.98508E-05 9.98508E-05 9.98508E-05 9.98508E-05 9.98508E-05 9.98508E-05 9.98508E-05 0.112218 0.583512 9.98508E-05 0.000143665 0.0288874 0.0196555
9.98332E-05 9.98332E-05 9.98332E-05 9.98332E-05 9.98332E-05 9.98332E-05 9.98332E-05 9.98332E-05 9.98332E-05 9.98332E-05 0.105246 9.98332E-05 9.98332E-05 9.98332E-05 9.98332E-05 9.98332E-05 9.98332E-05 9.98332E-05 9.98332E-05 0.0338675 0.606209 0.0472573 9.98332E-05 0.165886 0.0396382
9.98423E-05 0.019692 9.98423E-05 9.98423E-05 0.00573104 9.98423E-05 9.98423E-05 0.0166794 9.98423E-05 9.98423E-05 0.0698198 9.98423E-05 9.98423E-05 9.98423E-05 9.98423E-05 9.98423E-05 9.98423E-05 9.98423E-05 9.98423E-05 9.98423E-05 0.77182 9.98423E-05 0.0449993 9.98423E-05 0.0694613
9.97985E-05 9.97985E-05 9.97985E-05 9.97985E-05 9.97985E-05 9.97985E-05 9.97985E-05 9.97985E-05 9.97985E-05 9.97985E-05 0.0748058 9.97985E-05 9.97985E-05 9.97985E-05 9.97985E-05 9.97985E-05 9.97985E-05 9.97985E-05 9.97985E-05 9.97985E-05 0.922899 9.97985E-05 9.97985E-05 9.97985E-05 9.97985E-05
0.0169148 9.98421E-05 9.98421E-05 9.98421E-05 9.98421E-05 9.98421E-05 9.98421E-05 0.0813315 9.98421E-05 9.98421E-05 0.2685 9.98421E-05 9.98421E-05 9.98421E-05 9.98421E-05 9.98421E-05 9.98421E-05 9.98421E-05 9.98421E-05 0.0909223 0.415069 0.082604 9.98421E-05 9.98421E-05 0.0428615
0.00303031 9.9842E-05 9.9842E-05 9.9842E-05 9.9842E-05 0.145215 9.9842E-05 9.9842E-05 9.9842E-05 9.9842E-05 9.9842E-05 9.9842E-05 9.9842E-05 9.9842E-05 9.9842E-05 9.9842E-05 9.9842E-05 9.9842E-05 9.9842E-05 0.0465519 0.61831 9.9842E-05 0.0160367 0.164622 0.00443696
9.98071E-05 9.98071E-05 9.98071E-05 9.98071E-05 9.98071E-05 9.98071E-05 9.98071E-05 9.98071E-05 9.98071E-05 9.98071E-05 9.98071E-05 9.98071E-05 9.98071E-05 9.98071E-05 9.98071E-05 0.0194096 9.98071E-05 9.98071E-05 9.98071E-05 9.98071E-05 0.958457 9.98071E-05 9.98071E-05 9.98071E-05 0.0199372
9.98334E-05 9.98334E-05 9.98334E-05 9.98334E-05 9.98334E-05 9.98334E-05 9.98334E-05 9.98334E-05 9.98334E-05 9.98334E-05 9.98334E-05 9.98334E-05 9.98334E-05 9.98334E-05 9.98334E-05 9.98334E-05 9.98334E-05 9.98334E-05 0.00849706 0.172389 0.426412 9.98334E-05 0.0982799 0.0796895 0.212835
9.98334E-05 9.98334E-05 9.98334E-05 9.98334E-05 9.98334E-05 0.0747473 9.98334E-05 9.98334E-05 9.98334E-05 9.98334E-05 0.145677 9.98334E-05 9.98334E-05 9.98334E-05 9.98334E-05 9.98334E-05 0.0245537 9.98334E-05 9.98334E-05 9.98334E-05 0.554608 9.98334E-05 0.0523213 9.98334E-05 0.146196
9.98246E-05 9.98246E-05 9.98246E-05 9.98246E-05 9.98246E-05 9.98246E-05 9.98246E-05 9.98246E-05 9.98246E-05 9.98246E-05 9.98246E-05 9.98246E-05 9.98246E-05 9.98246E-05 9.98246E-05 9.98246E-05 9.98246E-05 9.98246E-05 9.98246E-05 0.206707 0.382948 0.0944338 9.98246E-05 0.0893943 0.224521
9.98423E-05 9.98423E-05 9.98423E-05 9.98423E-05 9.98423E-05 0.00782309 9.98423E-05 9.98423E-05 9.98423E-05 0.222476 0.248514 9.98423E-05 9.98423E-05 9.98423E-05 9.98423E-05 9.98423E-05 9.98423E-05 9.98423E-05 9.98423E-05 0.0792919 0.305062 9.98423E-05 9.98423E-05 0.0375796 0.0974562
9.98159E-05 9.98159E-05 9.98159E-05 9.98159E-05 0.00596523 0.836125 9.98159E-05 9.98159E-05 0.0815908 9.98159E-05 9.98159E-05 9.98159E-05 9.98159E-05 9.98159E-05 9.98159E-05 9.98159E-05 9.98159E-05 9.98159E-05 9.98159E-05 9.98159E-05 9.98159E-05 9.98159E-05 0.0742231 9.98159E-05 9.98159E-05
9.98244E-05 9.98244E-05 9.98244E-05 9.98244E-05 9.98244E-05 9.98244E-05 9.98244E-05 9.98244E-05 9.98244E-05 9.98244E-05 9.98244E-05 9.98244E-05 9.98244E-05 0.016837 9.98244E-05 9.98244E-05 9.98244E-05 9.98244E-05 9.98244E-05 0.0847342 0.758467 0.0122961 9.98244E-05 9.98244E-05 0.125669
9.98247E-05 9.98247E-05 9.98247E-05 9.98247E-05 9.98247E-05 9.98247E-05 9.98247E-05 9.98247E-05 9.98247E-05 9.98247E-05 0.0239382 9.98247E-05 9.98247E-05 9.98247E-05 9.98247E-05 9.98247E-05 9.98247E-05 9.98247E-05 9.98247E-05 0.14121 0.492615 9.98247E-05 9.98247E-05 0.0654799 0.27476
9.98246E-05 9.98246E-05 9.98246E-05 9.98246E-05 9.98246E-05 0.270392 9.98246E-05 9.98246E-05 9.98246E-05 9.98246E-05 9.98246E-05 9.98246E-05 9.98246E-05 9.98246E-05 9.98246E-05 9.98246E-05 9.98246E-05 9.98246E-05 9.98246E-05 0.134126 0.470029 0.000527447 0.12293 9.98246E-05 9.98246E-05
9.98422E-05 9.98422E-05 9.98422E-05 9.98422E-05 9.98422E-05 9.98422E-05 9.98422E-05 9.98422E-05 9.98422E-05 9.98422E-05 0.00644551 9.98422E-05 9.98422E-05 0.0350902 0.0573194 9.98422E-05 9.98422E-05 9.98422E-05 9.98422E-05 0.14987 0.689834 9.98422E-05 9.98422E-05 0.0225722 0.0370717
9.9807E-05 9.9807E-05 9.9807E-05 0.0433619 9.9807E-05 0.0831274 9.9807E-05 9.9807E-05 9.9807E-05 9.9807E-05 9.9807E-05 9.9807E-05 9.9807E-05 9.9807E-05 9.9807E-05 9.9807E-05 9.9807E-05 9.9807E-05 9.9807E-05 9.9807E-05 0.871315 9.9807E-05 9.9807E-05 9.9807E-05 9.9807E-05
9.98004E-05 9.98004E-05 9.98004E-05 9.98004E-05 9.98004E-05 9.98004E-05 9.98004E-05 9.98004E-05 9.98004E-05 9.98004E-05 9.98004E-05 9.98004E-05 9.98004E-05 9.98004E-05 9.98004E-05 9.98004E-05 9.98004E-05 9.98004E-05 9.98004E-05 0.130279 0.382597 0.119513 0.130383 9.98004E-05 0.235232
9.98156E-05 0.115827 9.98156E-05 9.98156E-05 9.98156E-05 9.98156E-05 9.98156E-05 9.98156E-05 9.98156E-05 9.98156E-05 9.98156E-05 9.98156E-05 9.98156E-05 9.98156E-05 9.98156E-05 9.98156E-05 9.98156E-05 9.98156E-05 9.98156E-05 0.0289458 0.841192 9.98156E-05 9.98156E-05 9.98156E-05 0.0119391
9.98072E-05 9.98072E-05 9.98072E-05 9.98072E-05 9.98072E-05 0.074858 9.98072E-05 9.98072E-05 9.98072E-05 9.98072E-05 9.98072E-05 9.98072E-05 9.98072E-05 9.98072E-05 9.98072E-05 9.98072E-05 9.98072E-05 9.98072E-05 9.98072E-05 0.0676312 0.855315 9.98072E-05 9.98072E-05 9.98072E-05 9.98072E-05
0.0122364 9.98244E-05 9.98244E-05 9.98244E-05 9.98244E-05 9.98244E-05 9.98244E-05 0.16147 9.98244E-05 9.98244E-05 0.246364 9.98244E-05 9.98244E-05 9.98244E-05 9.98244E-05 9.98244E-05 9.98244E-05 9.98244E-05 9.98244E-05 9.98244E-05 0.545483 9.98244E-05 9.98244E-05 9.98244E-05 0.0324507
9.98244E-05 9.98244E-05 9.98244E-05 9.98244E-05 9.98244E-05 9.98244E-05 9.98244E-05 9.98244E-05 9.98244E-05 9.98244E-05 9.98244E-05 9.98244E-05 0.0304108 9.98244E-05 9.98244E-05 0.0297308 9.98244E-05 9.98244E-05 9.98244E-05 0.24432 0.616494 9.98244E-05 9.98244E-05 9.98244E-05 0.0770478
0.0749671 9.98246E-05 9.98246E-05 9.98246E-05 9.98246E-05 0.633415 9.98246E-05 9.98246E-05 9.98246E-05 9.98246E-05 0.149341 0.130722 9.98246E-05 9.98246E-05 9.98246E-05 9.98246E-05 9.98246E-05 9.98246E-05 9.98246E-05 9.98246E-05 9.98246E-05 9.98246E-05 9.98246E-05 9.98246E-05 0.00955766
9.98159E-05 9.98159E-05 9.98159E-05 9.98159E-05 9.98159E-05 0.5621 9.98159E-05 9.98159E-05 9.98159E-05 9.98159E-05 9.98159E-05 9.98159E-05 9.98159E-05 9.98159E-05 9.98159E-05 9.98159E-05 9.98159E-05 9.98159E-05 9.98159E-05 0.0691315 0.349781 0.016891 9.98159E-05 9.98159E-05 9.98159E-05
9.9807E-05 9.9807E-05 9.9807E-05 9.9807E-05 9.9807E-05 0.709807 9.9807E-05 9.9807E-05 9.9807E-05 9.9807E-05 9.9807E-05 0.000324028 9.9807E-05 9.9807E-05 9.9807E-05 9.9807E-05 9.9807E-05 9.9807E-05 9.9807E-05 9.9807E-05 0.287673 9.9807E-05 9.9807E-05 9.9807E-05 9.9807E-05
9.98071E-05 9.98071E-05 9.98071E-05 9.98071E-05 9.98071E-05 9.98071E-05 9.98071E-05 9.98071E-05 9.98071E-05 9.98071E-05 0.593911 9.98071E-05 9.98071E-05 9.98071E-05 9.98071E-05 0.0337892 9.98071E-05 9.98071E-05 9.98071E-05 9.98071E-05 0.370104 9.98071E-05 9.98071E-05 9.98071E-05 9.98071E-05
9.98332E-05 9.98332E-05 9.98332E-05 9.98332E-05 9.98332E-05 9.98332E-05 9.98332E-05 9.98332E-05 9.98332E-05 9.98332E-05 9.98332E-05 0.0162562 9.98332E-05 0.0382607 9.98332E-05 9.98332E-05 9.98332E-05 9.98332E-05 9.98332E-05 0.314291 0.457113 9.98332E-05 9.98332E-05 0.10935 0.0628323
9.98246E-05 0.00808555 9.98246E-05 9.98246E-05 9.98246E-05 9.98246E-05 9.98246E-05 9.98246E-05 9.98246E-05 9.98246E-05 9.98246E-05 9.98246E-05 9.98246E-05 9.98246E-05 9.98246E-05 9.98246E-05 0.0133581 9.98246E-05 9.98246E-05 9.98246E-05 0.82421 9.98246E-05 0.0102066 9.98246E-05 0.142143
9.98004E-05 9.98004E-05 9.98004E-05 9.98004E-05 9.98004E-05 9.98004E-05 9.98004E-05 9.98004E-05 9.98004E-05 9.98004E-05 0.781793 9.98004E-05 9.98004E-05 9.98004E-05 9.98004E-05 9.98004E-05 9.98004E-05 9.98004E-05 9.98004E-05 0.0266097 0.00366228 0.0834156 9.98004E-05 9.98004E-05 0.102523
9.98071E-05 9.98071E-05 9.98071E-05 9.98071E-05 9.98071E-05 9.98071E-05 9.98071E-05 9.98071E-05 9.98071E-05 9.98071E-05 0.588247 9.98071E-05 9.98071E-05 9.98071E-05 9.98071E-05 9.98071E-05 9.98071E-05 9.98071E-05 9.98071E-05 0.0156043 0.393953 9.98071E-05 9.98071E-05 9.98071E-05 9.98071E-05
9.98245E-05 0.0346827 9.98245E-05 9.98245E-05 9.98245E-05 9.98245E-05 9.98245E-05 9.98245E-05 9.98245E-05 9.98245E-05 9.98245E-05 9.98245E-05 9.98245E-05 9.98245E-05 9.98245E-05 9.98245E-05 9.98245E-05 9.98245E-05 9.98245E-05 9.98245E-05 0.549225 0.0513118 9.98245E-05 0.146496 0.216288
9.98332E-05 9.98332E-05 9.98332E-05 9.98332E-05 9.98332E-05 9.98332E-05 9.98332E-05 0.0021726 9.98332E-05 0.278981 0.0663522 9.98332E-05 9.98332E-05 9.98332E-05 9.98332E-05 9.98332E-05 9.98332E-05 9.98332E-05 9.98332E-05 0.10173 0.473922 9.98332E-05 9.98332E-05 9.98332E-05 0.0749453
9.98512E-05 0.0156906 9.98512E-05 0.0762643 9.98512E-05 0.0559018 9.98512E-05 9.98512E-05 0.046213 9.98512E-05 9.98512E-05 9.98512E-05 9.98512E-05 9.98512E-05 9.98512E-05 9.98512E-05 9.98512E-05 9.98512E-05 9.98512E-05 0.122368 0.442014 9.98512E-05 9.98512E-05 0.0974295 0.142422
9.98334E-05 0.00653963 9.98334E-05 9.98334E-05 9.98334E-05 9.98334E-05 9.98334E-05 9.98334E-05 9.98334E-05 0.0758446 9.98334E-05 9.98334E-05 9.98334E-05 0.0466463 9.98334E-05 9.98334E-05 9.98334E-05 9.98334E-05 9.98334E-05 0.207575 0.436258 9.98334E-05 9.98334E-05 9.98334E-05 0.225239
9.98334E-05 9.98334E-05 9.98334E-05 0.0290642 9.98334E-05 0.453658 9.98334E-05 9.98334E-05 9.98334E-05 9.98334E-05 0.147764 9.98334E-05 9.98334E-05 9.98334E-05 9.98334E-05 9.98334E-05 9.98334E-05 9.98334E-05 9.98334E-05 0.047519 0.315908 9.98334E-05 9.98334E-05 0.00419064 9.98334E-05
0.140033 9.98157E-05 9.98157E-05 9.98157E-05 0.0149005 9.98157E-05 9.98157E-05 9.98157E-05 9.98157E-05 9.98157E-05 9.98157E-05 9.98157E-05 9.98157E-05 9.98157E-05 9.98157E-05 9.98157E-05 9.98157E-05 9.98157E-05 9.98157E-05 0.0718703 0.7711 9.98157E-05 9.98157E-05 9.98157E-05 9.98157E-05
