9.99121E-05 0.174583 0.187634 9.99121E-05 0.0416585 9.99121E-05 0.0453704 0.0617549 0.409828 9.99121E-05 9.99121E-05 9.99121E-05 9.99121E-05 9.99121E-05 0.0781721 9.99121E-05 9.99121E-05
9.98947E-05 9.98947E-05 0.145488 9.98947E-05 9.98947E-05 9.98947E-05 0.101663 9.98947E-05 0.695804 0.0502882 9.98947E-05 9.98947E-05 9.98947E-05 9.98947E-05 0.00555793 9.98947E-05 9.98947E-05
9.99034E-05 0.0663201 0.0695823 9.99034E-05 9.99034E-05 9.99034E-05 9.99034E-05 9.99034E-05 0.790635 9.99034E-05 0.0164032 9.99034E-05 9.99034E-05 9.99034E-05 0.0253941 0.0305661 9.99034E-05
0.115379 0.191016 9.99298E-05 0.0366049 9.99298E-05 0.0159754 9.99298E-05 0.0120149 0.225398 0.121036 9.99298E-05 9.99298E-05 9.99298E-05 0.068855 9.99298E-05 0.212921 9.99298E-05
0.0166022 9.98947E-05 9.98947E-05 0.0265991 9.98947E-05 9.98947E-05 9.98947E-05 9.98947E-05 0.803975 0.0498506 0.101774 9.98947E-05 9.98947E-05 9.98947E-05 9.98947E-05 9.98947E-05 9.98947E-05
9.99211E-05 9.99211E-05 0.219517 0.118958 0.0164771 0.0954865 0.0175774 9.99211E-05 0.209759 9.99211E-05 0.15928 9.99211E-05 9.99211E-05 0.162045 9.99211E-05 9.99211E-05 9.99211E-05
9.99298E-05 0.167898 0.0340829 9.99298E-05 0.11337 9.99298E-05 0.06597 0.0542902 0.244667 0.0295678 9.99298E-05 9.99298E-05 9.99298E-05 9.99298E-05 0.0585305 0.230824 9.99298E-05
9.99299E-05 0.168861 0.0784259 0.130384 9.99299E-05 9.99299E-05 9.99299E-05 0.0761723 0.154727 0.0747878 9.99299E-05 0.256278 9.99299E-05 0.0464895 9.99299E-05 9.99299E-05 0.0130757
0.00872791 0.0332571 9.99122E-05 0.248486 0.229768 9.99122E-05 9.99122E-05 9.99122E-05 0.250128 0.0328076 9.99122E-05 9.99122E-05 9.99122E-05 9.99122E-05 0.195827 9.99122E-05 9.99122E-05
9.98771E-05 9.98771E-05 9.98771E-05 9.98771E-05 9.98771E-05 9.98771E-05 9.98771E-05 9.98771E-05 0.900071 9.98771E-05 9.98771E-05 9.98771E-05 9.98771E-05 9.98771E-05 0.0611246 9.98771E-05 0.0374063
9.99034E-05 0.107504 0.1125 0.0455529 9.99034E-05 9.99034E-05 9.99034E-05 0.142509 0.432242 9.99034E-05 9.99034E-05 9.99034E-05 9.99034E-05 9.99034E-05 0.158593 9.99034E-05 9.99034E-05
0.0214762 9.99035E-05 0.0248896 9.99035E-05 9.99035E-05 0.0778536 9.99035E-05 9.99035E-05 0.854214 9.99035E-05 0.0110216 0.00944586 9.99035E-05 9.99035E-05 9.99035E-05 9.99035E-05 9.99035E-05
9.98772E-05 0.0896687 9.98772E-05 9.98772E-05 9.98772E-05 9.98772E-05 9.98772E-05 9.98772E-05 0.802741 9.98772E-05 9.98772E-05 9.98772E-05 9.98772E-05 9.98772E-05 0.106192 9.98772E-05 9.98772E-05
9.99123E-05 0.0291789 9.99123E-05 9.99123E-05 9.99123E-05 9.99123E-05 9.99123E-05 0.0289083 0.666694 9.99123E-05 9.99123E-05 0.0606292 0.011287 0.131892 0.0704117 9.99123E-05 9.99123E-05
9.99298E-05 9.99298E-05 0.200092 0.0855382 0.055299 0.121868 9.99298E-05 9.99298E-05 0.286028 9.99298E-05 9.99298E-05 9.99298E-05 0.013697 0.0744337 0.161127 9.99298E-05 0.00111742
0.0134084 0.0264609 0.105954 0.153981 9.99473E-05 9.99473E-05 9.99473E-05 9.99473E-05 0.234141 0.0217184 9.99473E-05 0.0481795 9.99473E-05 0.178424 0.154192 0.0481783 0.0147626
9.99122E-05 9.99122E-05 9.99122E-05 9.99122E-05 9.99122E-05 9.99122E-05 0.0729826 0.0346612 0.562049 0.114099 9.99122E-05 9.99122E-05 0.135428 9.99122E-05 0.0624633 0.0173183 9.99122E-05
0.139311 0.111177 0.169913 0.0709297 0.0499167 9.99298E-05 9.99298E-05 9.99298E-05 0.149369 0.0485123 9.99298E-05 9.99298E-05 9.99298E-05 9.99298E-05 0.133156 9.99298E-05 0.126917
9.99034E-05 0.203893 9.99034E-05 0.0716512 9.99034E-05 0.200544 9.99034E-05 0.0477617 0.313946 9.99034E-05 9.99034E-05 9.99034E-05 9.99034E-05 9.99034E-05 0.161105 9.99034E-05 9.99034E-05
0.0667627 9.98684E-05 9.98684E-05 9.98684E-05 9.98684E-05 9.98684E-05 9.98684E-05 9.98684E-05 0.931739 9.98684E-05 9.98684E-05 9.98684E-05 9.98684E-05 9.98684E-05 9.98684E-05 9.98684E-05 9.98684E-05
0.0259357 9.99385E-05 9.99385E-05 0.0702148 0.0267555 0.0274376 9.99385E-05 0.0261512 0.433744 0.313341 9.99385E-05 0.0260459 9.99385E-05 9.99385E-05 0.0407437 9.99385E-05 0.00893078
9.9921E-05 0.403264 9.9921E-05 0.131434 9.9921E-05 0.0776003 0.0157408 9.9921E-05 0.289248 9.9921E-05 0.0376289 9.9921E-05 9.9921E-05 0.034815 9.9921E-05 9.9921E-05 0.00936882
9.99036E-05 9.99036E-05 0.163399 9.99036E-05 9.99036E-05 9.99036E-05 0.0270004 0.101143 0.589078 9.99036E-05 9.99036E-05 9.99036E-05 9.99036E-05 0.0673715 0.0509089 9.99036E-05 9.99036E-05
9.99035E-05 0.253402 0.0116053 9.99035E-05 0.110358 9.99035E-05 9.99035E-05 9.99035E-05 0.315361 9.99035E-05 9.99035E-05 0.00824423 9.99035E-05 9.99035E-05 0.299931 9.99035E-05 9.99035E-05
0.137466 0.0601441 9.9921E-05 9.9921E-05 9.9921E-05 0.00492209 9.9921E-05 0.0728299 0.199581 9.9921E-05 9.9921E-05 9.9921E-05 9.9921E-05 0.191325 0.24323 0.0896035 9.9921E-05
9.99035E-05 0.00318109 9.99035E-05 9.99035E-05 9.99035E-05 9.99035E-05 9.99035E-05 9.99035E-05 0.629302 0.0125656 9.99035E-05 9.99035E-05 9.99035E-05 0.189358 0.120995 0.0434986 9.99035E-05
9.99122E-05 0.386175 9.99122E-05 9.99122E-05 9.99122E-05 9.99122E-05 0.00721729 9.99122E-05 9.99122E-05 9.99122E-05 9.99122E-05 0.0324892 9.99122E-05 0.386859 0.0500799 0.00458957 0.131591
9.98947E-05 0.107068 9.98947E-05 9.98947E-05 9.98947E-05 0.0180313 9.98947E-05 9.98947E-05 0.769046 9.98947E-05 9.98947E-05 9.98947E-05 9.98947E-05 9.98947E-05 0.0367269 0.0679289 9.98947E-05
9.99123E-05 0.145915 0.0425165 9.99123E-05 0.0502359 9.99123E-05 9.99123E-05 9.99123E-05 0.540431 9.99123E-05 9.99123E-05 9.99123E-05 9.99123E-05 0.0243165 0.162109 0.033477 9.99123E-05
9.99035E-05 9.99035E-05 9.99035E-05 0.0541791 9.99035E-05 9.99035E-05 9.99035E-05 9.99035E-05 0.765743 9.99035E-05 9.99035E-05 9.99035E-05 0.0158098 0.033375 0.0932105 9.99035E-05 0.0365836
9.99122E-05 0.0641839 0.0953644 0.0182144 9.99122E-05 0.0863862 9.99122E-05 0.0882435 0.604364 9.99122E-05 9.99122E-05 9.99122E-05 9.99122E-05 9.99122E-05 0.0422448 9.99122E-05 9.99122E-05
9.99123E-05 0.0499513 9.99123E-05 9.99123E-05 9.99123E-05 0.0739507 9.99123E-05 0.0347844 0.542177 0.0107966 9.99123E-05 9.99123E-05 9.99123E-05 0.222977 0.0643644 9.99123E-05 9.99123E-05
9.99034E-05 0.19547 0.0707035 9.99034E-05 9.99034E-05 9.99034E-05 9.99034E-05 0.0545711 0.409416 9.99034E-05 9.99034E-05 0.0317788 9.99034E-05 9.99034E-05 0.236962 9.99034E-05 9.99034E-05
9.99123E-05 0.122276 9.99123E-05 9.99123E-05 9.99123E-05 9.99123E-05 9.99123E-05 9.99123E-05 0.452192 9.99123E-05 9.99123E-05 0.0827449 0.0132015 0.144005 0.134053 9.99123E-05 0.0505285
0.0580842 9.99035E-05 9.99035E-05 0.00107787 9.99035E-05 0.0590042 0.0350688 9.99035E-05 0.792879 9.99035E-05 9.99035E-05 9.99035E-05 9.99035E-05 9.99035E-05 9.99035E-05 9.99035E-05 0.0527871
9.99123E-05 9.99123E-05 0.0216301 0.0641505 0.0275023 9.99123E-05 0.024327 0.0532532 0.52154 9.99123E-05 9.99123E-05 9.99123E-05 9.99123E-05 9.99123E-05 9.99123E-05 0.286598 9.99123E-05
9.98948E-05 9.98948E-05 9.98948E-05 9.98948E-05 9.98948E-05 0.0417733 9.98948E-05 0.0234415 0.874126 9.98948E-05 9.98948E-05 0.0463641 9.98948E-05 9.98948E-05 9.98948E-05 0.0130968 9.98948E-05
0.0883856 9.99035E-05 9.99035E-05 0.139326 9.99035E-05 9.99035E-05 0.00150906 9.99035E-05 0.670981 9.99035E-05 9.99035E-05 9.99035E-05 9.99035E-05 0.0482647 0.0504337 9.99035E-05 9.99035E-05
9.99211E-05 0.0264968 9.99211E-05 9.99211E-05 9.99211E-05 9.99211E-05 0.0640425 0.0110587 0.520515 9.99211E-05 0.117872 9.99211E-05 0.0657908 0.00538447 0.187941 9.99211E-05 9.99211E-05
9.98859E-05 9.98859E-05 9.98859E-05 9.98859E-05 9.98859E-05 9.98859E-05 9.98859E-05 9.98859E-05 0.527991 9.98859E-05 9.98859E-05 0.161935 9.98859E-05 0.127991 0.180784 9.98859E-05 9.98859E-05
9.98947E-05 0.125007 9.98947E-05 9.98947E-05 9.98947E-05 0.0146958 9.98947E-05 0.00444686 0.79039 9.98947E-05 9.98947E-05 9.98947E-05 9.98947E-05 9.98947E-05 0.0642615 9.98947E-05 9.98947E-05
9.98773E-05 0.306195 9.98773E-05 9.98773E-05 9.98773E-05 9.98773E-05 9.98773E-05 9.98773E-05 0.583136 9.98773E-05 9.98773E-05 9.98773E-05 9.98773E-05 9.98773E-05 0.10927 9.98773E-05 9.98773E-05
9.99123E-05 0.055918 9.99123E-05 9.99123E-05 9.99123E-05 0.0106579 0.023243 9.99123E-05 0.817631 9.99123E-05 0.017635 0.0400126 0.0339032 9.99123E-05 9.99123E-05 9.99123E-05 9.99123E-05
9.99122E-05 0.0694409 0.170896 0.115323 0.0461724 9.99122E-05 9.99122E-05 0.0404827 0.364196 9.99122E-05 9.99122E-05 9.99122E-05 9.99122E-05 9.99122E-05 0.192489 9.99122E-05 9.99122E-05
0.0238829 0.351576 9.99123E-05 9.99123E-05 9.99123E-05 0.057364 9.99123E-05 9.99123E-05 0.254309 9.99123E-05 0.0543611 9.99123E-05 9.99123E-05 9.99123E-05 0.193823 0.0636843 9.99123E-05
0.0560514 0.00154118 9.99034E-05 9.99034E-05 9.99034E-05 9.99034E-05 9.99034E-05 9.99034E-05 0.86166 0.0281837 9.99034E-05 9.99034E-05 9.99034E-05 9.99034E-05 0.0364452 0.0150198 9.99034E-05
9.99034E-05 9.99034E-05 9.99034E-05 0.0279993 9.99034E-05 9.99034E-05 9.99034E-05 0.01374 0.802252 9.99034E-05 9.99034E-05 9.99034E-05 9.99034E-05 9.99034E-05 0.0828795 0.0383004 0.0337299
9.9886E-05 9.9886E-05 0.0245742 9.9886E-05 9.9886E-05 9.9886E-05 9.9886E-05 0.0779556 0.893756 9.9886E-05 9.9886E-05 9.9886E-05 9.9886E-05 9.9886E-05 0.00241518 9.9886E-05 9.9886E-05
9.99122E-05 0.177092 0.0313322 9.99122E-05 9.99122E-05 0.0126234 9.99122E-05 0.0169969 0.609649 9.99122E-05 9.99122E-05 9.99122E-05 9.99122E-05 9.99122E-05 0.141773 0.00953397 9.99122E-05
9.99212E-05 0.0347931 9.99212E-05 9.99212E-05 9.99212E-05 0.103103 0.0266333 0.0176958 0.733849 9.99212E-05 0.0202654 0.0569819 9.99212E-05 9.99212E-05 0.00577889 9.99212E-05 9.99212E-05
9.99297E-05 0.0633305 0.0582584 0.0394814 0.0198317 9.99297E-05 9.99297E-05 0.170543 0.251315 9.99297E-05 9.99297E-05 9.99297E-05 9.99297E-05 0.162764 0.213104 0.0205713 9.99297E-05
0.00287089 0.194765 9.98948E-05 9.98948E-05 0.062884 9.98948E-05 9.98948E-05 9.98948E-05 0.609526 9.98948E-05 9.98948E-05 9.98948E-05 9.98948E-05 9.98948E-05 9.98948E-05 0.128755 9.98948E-05
9.98773E-05 9.98773E-05 9.98773E-05 9.98773E-05 9.98773E-05 9.98773E-05 9.98773E-05 9.98773E-05 0.836392 9.98773E-05 9.98773E-05 9.98773E-05 9.98773E-05 9.98773E-05 0.0812521 9.98773E-05 0.0809576
9.99124E-05 9.99124E-05 0.0681092 0.03052 9.99124E-05 9.99124E-05 9.99124E-05 9.99124E-05 0.54477 9.99124E-05 0.056932 0.213069 9.99124E-05 9.99124E-05 0.0572723 9.99124E-05 0.0283286
9.98948E-05 9.98948E-05 9.98948E-05 9.98948E-05 0.0319658 0.0866499 9.98948E-05 9.98948E-05 0.742716 9.98948E-05 0.0215706 9.98948E-05 9.98948E-05 9.98948E-05 0.115899 9.98948E-05 9.98948E-05
0.0811956 0.00766924 0.0978271 9.99123E-05 9.99123E-05 9.99123E-05 9.99123E-05 9.99123E-05 0.537528 9.99123E-05 0.0217266 0.0143917 9.99123E-05 0.238663 9.99123E-05 9.99123E-05 9.99123E-05
9.99034E-05 0.0826725 9.99034E-05 9.99034E-05 9.99034E-05 0.033654 0.0475962 9.99034E-05 0.728122 9.99034E-05 9.99034E-05 9.99034E-05 9.99034E-05 9.99034E-05 0.0328498 9.99034E-05 0.074006
9.9886E-05 9.9886E-05 9.9886E-05 9.9886E-05 9.9886E-05 9.9886E-05 9.9886E-05 0.0759485 0.750711 9.9886E-05 9.9886E-05 9.9886E-05 9.9886E-05 9.9886E-05 0.0370661 0.134976 9.9886E-05
9.99122E-05 0.0496849 9.99122E-05 0.0287464 9.99122E-05 9.99122E-05 0.00755038 0.0239583 0.831248 9.99122E-05 9.99122E-05 9.99122E-05 9.99122E-05 9.99122E-05 0.0297045 0.0281084 9.99122E-05
9.99121E-05 9.99121E-05 0.748713 0.0557083 9.99121E-05 9.99121E-05 0.0238687 0.0230574 9.99121E-05 9.99121E-05 9.99121E-05 9.99121E-05 9.99121E-05 0.000315156 0.137653 9.99121E-05 0.00968527
9.98597E-05 9.98597E-05 0.998402 9.98597E-05 9.98597E-05 9.98597E-05 9.98597E-05 9.98597E-05 9.98597E-05 9.98597E-05 9.98597E-05 9.98597E-05 9.98597E-05 9.98597E-05 9.98597E-05 9.98597E-05 9.98597E-05
9.98596E-05 9.98596E-05 0.998402 9.98596E-05 9.98596E-05 9.98596E-05 9.98596E-05 9.98596E-05 9.98596E-05 9.98596E-05 9.98596E-05 9.98596E-05 9.98596E-05 9.98596E-05 9.98596E-05 9.98596E-05 9.98596E-05
0.0445024 9.99035E-05 0.320914 0.152618 9.99035E-05 9.99035E-05 0.309114 9.99035E-05 9.99035E-05 9.99035E-05 9.99035E-05 9.99035E-05 9.99035E-05 0.143576 9.99035E-05 9.99035E-05 0.0281779
0.0486553 9.99121E-05 0.65145 0.100105 9.99121E-05 9.99121E-05 9.99121E-05 0.016706 9.99121E-05 9.99121E-05 0.157474 0.0232551 9.99121E-05 9.99121E-05 9.99121E-05 9.99121E-05 0.00135576
9.98945E-05 0.000476908 0.707835 0.0661329 0.0226518 9.98945E-05 9.98945E-05 9.98945E-05 9.98945E-05 9.98945E-05 9.98945E-05 9.98945E-05 9.98945E-05 9.98945E-05 0.201704 9.98945E-05 9.98945E-05
9.98945E-05 9.98945E-05 0.548442 9.98945E-05 9.98945E-05 9.98945E-05 0.29228 0.0252028 9.98945E-05 9.98945E-05 9.98945E-05 9.98945E-05 9.98945E-05 9.98945E-05 0.126934 0.00594198 9.98945E-05
9.99121E-05 9.99121E-05 0.544572 0.130371 9.99121E-05 9.99121E-05 0.0794737 0.00264461 9.99121E-05 9.99121E-05 9.99121E-05 9.99121E-05 9.99121E-05 0.0518788 0.0630419 9.99121E-05 0.127018
9.98684E-05 9.98684E-05 0.97425 9.98684E-05 0.0242517 9.98684E-05 9.98684E-05 9.98684E-05 9.98684E-05 9.98684E-05 9.98684E-05 9.98684E-05 9.98684E-05 9.98684E-05 9.98684E-05 9.98684E-05 9.98684E-05
9.98682E-05 9.98682E-05 0.944806 9.98682E-05 9.98682E-05 9.98682E-05 9.98682E-05 0.0536957 9.98682E-05 9.98682E-05 9.98682E-05 9.98682E-05 9.98682E-05 9.98682E-05 9.98682E-05 9.98682E-05 9.98682E-05
0.0279322 9.99121E-05 0.494525 0.0925293 9.99121E-05 0.0033968 9.99121E-05 0.116003 9.99121E-05 9.99121E-05 9.99121E-05 9.99121E-05 9.99121E-05 9.99121E-05 0.250978 9.99121E-05 0.0136363
9.99209E-05 0.173528 0.358151 9.99209E-05 9.99209E-05 0.12289 0.119134 0.0725835 9.99209E-05 9.99209E-05 0.00766568 0.0494382 9.99209E-05 9.99209E-05 0.0957107 9.99209E-05 9.99209E-05
0.039549 9.99121E-05 0.525699 0.196742 9.99121E-05 9.99121E-05 9.99121E-05 0.0927207 9.99121E-05 9.99121E-05 0.0457817 0.0753616 9.99121E-05 0.0231476 9.99121E-05 9.99121E-05 9.99121E-05
9.99033E-05 0.157845 0.464199 9.99033E-05 9.99033E-05 0.031721 0.112246 9.99033E-05 9.99033E-05 9.99033E-05 0.0632079 9.99033E-05 9.99033E-05 9.99033E-05 0.169682 9.99033E-05 9.99033E-05
9.98861E-05 9.98861E-05 0.943882 9.98861E-05 0.0467297 9.98861E-05 9.98861E-05 0.00728477 9.98861E-05 9.98861E-05 9.98861E-05 0.000805027 9.98861E-05 9.98861E-05 9.98861E-05 9.98861E-05 9.98861E-05
9.98861E-05 9.98861E-05 0.863283 0.0726762 9.98861E-05 9.98861E-05 0.00295531 9.98861E-05 9.98861E-05 9.98861E-05 9.98861E-05 9.98861E-05 9.98861E-05 9.98861E-05 0.0597868 9.98861E-05 9.98861E-05
9.99033E-05 9.99033E-05 0.586894 9.99033E-05 9.99033E-05 0.175873 0.010234 9.99033E-05 9.99033E-05 9.99033E-05 9.99033E-05 0.0573922 9.99033E-05 0.160485 9.99033E-05 9.99033E-05 0.00802251
9.99034E-05 0.160335 0.46503 0.0613505 9.99034E-05 0.186103 9.99034E-05 0.105595 9.99034E-05 9.99034E-05 9.99034E-05 9.99034E-05 9.99034E-05 9.99034E-05 9.99034E-05 9.99034E-05 0.0204875
9.99034E-05 9.99034E-05 0.77137 0.00985382 9.99034E-05 0.0477769 9.99034E-05 0.0224792 9.99034E-05 9.99034E-05 9.99034E-05 9.99034E-05 9.99034E-05 9.99034E-05 0.0712461 9.99034E-05 0.0761749
9.98857E-05 9.98857E-05 0.673314 9.98857E-05 9.98857E-05 9.98857E-05 9.98857E-05 0.00843668 9.98857E-05 9.98857E-05 9.98857E-05 0.0716384 9.98857E-05 9.98857E-05 0.245313 9.98857E-05 9.98857E-05
9.98861E-05 9.98861E-05 0.895942 9.98861E-05 9.98861E-05 9.98861E-05 9.98861E-05 9.98861E-05 9.98861E-05 9.98861E-05 0.0184435 9.98861E-05 0.0647078 9.98861E-05 0.0196085 9.98861E-05 9.98861E-05
9.99032E-05 0.241917 0.626691 9.99032E-05 9.99032E-05 9.99032E-05 9.99032E-05 9.99032E-05 9.99032E-05 9.99032E-05 9.99032E-05 0.0314837 9.99032E-05 0.0368619 0.0547819 9.99032E-05 0.00716573
9.98947E-05 0.0453455 0.671727 9.98947E-05 9.98947E-05 9.98947E-05 0.0429217 9.98947E-05 9.98947E-05 9.98947E-05 9.98947E-05 9.98947E-05 9.98947E-05 0.209198 0.0296084 9.98947E-05 9.98947E-05
9.99034E-05 9.99034E-05 0.69064 0.0498973 0.0430481 0.12835 9.99034E-05 9.99034E-05 9.99034E-05 9.99034E-05 9.99034E-05 9.99034E-05 9.99034E-05 9.99034E-05 0.0204488 9.99034E-05 0.0665165
9.98858E-05 9.98858E-05 0.722963 9.98858E-05 9.98858E-05 9.98858E-05 9.98858E-05 0.187444 9.98858E-05 0.035143 9.98858E-05 9.98858E-05 9.98858E-05 9.98858E-05 0.0531511 9.98858E-05 9.98858E-05
9.98861E-05 9.98861E-05 0.93964 0.0375517 9.98861E-05 9.98861E-05 0.0206782 9.98861E-05 9.98861E-05 9.98861E-05 9.98861E-05 9.98861E-05 9.98861E-05 9.98861E-05 0.000831331 9.98861E-05 9.98861E-05
9.98597E-05 9.98597E-05 0.998402 9.98597E-05 9.98597E-05 9.98597E-05 9.98597E-05 9.98597E-05 9.98597E-05 9.98597E-05 9.98597E-05 9.98597E-05 9.98597E-05 9.98597E-05 9.98597E-05 9.98597E-05 9.98597E-05
9.98597E-05 9.98597E-05 0.998402 9.98597E-05 9.98597E-05 9.98597E-05 9.98597E-05 9.98597E-05 9.98597E-05 9.98597E-05 9.98597E-05 9.98597E-05 9.98597E-05 9.98597E-05 9.98597E-05 9.98597E-05 9.98597E-05
9.98859E-05 9.98859E-05 0.856331 9.98859E-05 9.98859E-05 9.98859E-05 9.98859E-05 9.98859E-05 9.98859E-05 9.98859E-05 0.00991967 9.98859E-05 9.98859E-05 9.98859E-05 0.0464541 9.98859E-05 0.0859963
9.98861E-05 9.98861E-05 0.552414 0.168157 9.98861E-05 9.98861E-05 9.98861E-05 9.98861E-05 9.98861E-05 9.98861E-05 9.98861E-05 9.98861E-05 0.106387 9.98861E-05 0.171743 9.98861E-05 9.98861E-05
9.98771E-05 9.98771E-05 9.98771E-05 0.118774 9.98771E-05 9.98771E-05 9.98771E-05 9.98771E-05 9.98771E-05 9.98771E-05 9.98771E-05 9.98771E-05 9.98771E-05 0.769241 0.110586 9.98771E-05 9.98771E-05
9.98772E-05 9.98772E-05 9.98772E-05 9.98772E-05 9.98772E-05 9.98772E-05 9.98772E-05 9.98772E-05 9.98772E-05 9.98772E-05 9.98772E-05 9.98772E-05 0.414283 0.531986 0.0523336 9.98772E-05 9.98772E-05
9.98947E-05 9.98947E-05 9.98947E-05 9.98947E-05 9.98947E-05 9.98947E-05 9.98947E-05 0.00938557 9.98947E-05 9.98947E-05 0.0197827 9.98947E-05 9.98947E-05 0.865418 0.0783728 9.98947E-05 0.0258419
9.98769E-05 9.98769E-05 9.98769E-05 0.105077 9.98769E-05 9.98769E-05 9.98769E-05 9.98769E-05 9.98769E-05 9.98769E-05 9.98769E-05 9.98769E-05 9.98769E-05 0.840683 0.0528413 9.98769E-05 9.98769E-05
9.9877E-05 9.9877E-05 9.9877E-05 0.0522275 9.9877E-05 9.9877E-05 9.9877E-05 9.9877E-05 9.9877E-05 9.9877E-05 9.9877E-05 9.9877E-05 9.9877E-05 0.940489 0.00588486 9.9877E-05 9.9877E-05
9.98947E-05 9.98947E-05 9.98947E-05 0.149953 9.98947E-05 9.98947E-05 0.0517196 9.98947E-05 9.98947E-05 9.98947E-05 9.98947E-05 9.98947E-05 9.98947E-05 0.620204 0.139198 0.0377272 9.98947E-05
9.98946E-05 0.0691971 9.98946E-05 0.140103 9.98946E-05 9.98946E-05 9.98946E-05 9.98946E-05 9.98946E-05 9.98946E-05 9.98946E-05 9.98946E-05 9.98946E-05 0.686394 0.0525379 9.98946E-05 0.0505695
9.98683E-05 9.98683E-05 9.98683E-05 0.210642 9.98683E-05 9.98683E-05 9.98683E-05 9.98683E-05 9.98683E-05 9.98683E-05 9.98683E-05 9.98683E-05 9.98683E-05 0.78786 9.98683E-05 9.98683E-05 9.98683E-05
9.99033E-05 0.00803672 9.99033E-05 0.363697 9.99033E-05 9.99033E-05 0.234829 0.00415629 9.99033E-05 9.99033E-05 9.99033E-05 9.99033E-05 9.99033E-05 0.35059 0.0375914 9.99033E-05 9.99033E-05
9.98946E-05 9.98946E-05 9.98946E-05 0.195394 9.98946E-05 9.98946E-05 9.98946E-05 9.98946E-05 9.98946E-05 9.98946E-05 9.98946E-05 9.98946E-05 9.98946E-05 0.505879 0.229873 0.0240091 0.0436465
9.9886E-05 9.9886E-05 9.9886E-05 9.9886E-05 9.9886E-05 9.9886E-05 0.210512 9.9886E-05 9.9886E-05 9.9886E-05 9.9886E-05 9.9886E-05 0.123253 0.658859 0.0060771 9.9886E-05 9.9886E-05
0.0481007 9.99122E-05 9.99122E-05 9.99122E-05 9.99122E-05 9.99122E-05 0.144158 0.0718874 0.0109173 9.99122E-05 9.99122E-05 9.99122E-05 0.0724828 0.616009 0.0354454 9.99122E-05 9.99122E-05
9.9886E-05 9.9886E-05 9.9886E-05 0.156281 9.9886E-05 9.9886E-05 9.9886E-05 0.00888422 9.9886E-05 9.9886E-05 9.9886E-05 9.9886E-05 0.0287345 0.804802 9.9886E-05 9.9886E-05 9.9886E-05
9.9886E-05 9.9886E-05 9.9886E-05 0.110579 9.9886E-05 9.9886E-05 9.9886E-05 9.9886E-05 9.9886E-05 9.9886E-05 9.9886E-05 9.9886E-05 0.00248009 0.722287 0.163355 9.9886E-05 9.9886E-05
9.98859E-05 9.98859E-05 9.98859E-05 0.0835154 9.98859E-05 9.98859E-05 9.98859E-05 9.98859E-05 9.98859E-05 9.98859E-05 9.98859E-05 9.98859E-05 0.057712 0.708168 9.98859E-05 9.98859E-05 0.149306
9.99035E-05 9.99035E-05 9.99035E-05 0.0099451 9.99035E-05 9.99035E-05 0.0622743 0.00955485 9.99035E-05 9.99035E-05 9.99035E-05 9.99035E-05 9.99035E-05 0.712111 0.151528 0.0534873 9.99035E-05
0.0320762 9.99122E-05 9.99122E-05 0.0644722 9.99122E-05 9.99122E-05 0.263739 9.99122E-05 9.99122E-05 9.99122E-05 9.99122E-05 9.99122E-05 0.0707731 0.396757 0.0714224 9.99122E-05 0.0997608
9.98948E-05 0.112269 9.98948E-05 0.0949823 9.98948E-05 9.98948E-05 9.98948E-05 9.98948E-05 0.00711216 9.98948E-05 9.98948E-05 9.98948E-05 9.98948E-05 0.739514 9.98948E-05 0.0449236 9.98948E-05
9.98772E-05 9.98772E-05 9.98772E-05 0.0181307 9.98772E-05 9.98772E-05 9.98772E-05 9.98772E-05 9.98772E-05 9.98772E-05 9.98772E-05 9.98772E-05 0.00277037 0.977701 9.98772E-05 9.98772E-05 9.98772E-05
0.0982809 9.99122E-05 9.99122E-05 0.109055 9.99122E-05 9.99122E-05 9.99122E-05 0.00338917 9.99122E-05 9.99122E-05 9.99122E-05 9.99122E-05 0.198889 0.466684 0.116233 0.00646882 9.99122E-05
9.99035E-05 9.99035E-05 9.99035E-05 0.00405548 9.99035E-05 9.99035E-05 0.102205 9.99035E-05 9.99035E-05 9.99035E-05 0.0456484 9.99035E-05 9.99035E-05 0.745769 0.0512029 0.05002 9.99035E-05
9.98772E-05 9.98772E-05 9.98772E-05 0.0409867 9.98772E-05 9.98772E-05 9.98772E-05 9.98772E-05 9.98772E-05 9.98772E-05 9.98772E-05 9.98772E-05 9.98772E-05 0.903165 9.98772E-05 9.98772E-05 0.0544496
9.98947E-05 9.98947E-05 9.98947E-05 0.240372 9.98947E-05 9.98947E-05 0.0471872 9.98947E-05 9.98947E-05 0.108672 9.98947E-05 9.98947E-05 9.98947E-05 0.465753 0.136816 9.98947E-05 9.98947E-05
9.9886E-05 9.9886E-05 9.9886E-05 0.176918 9.9886E-05 9.9886E-05 9.9886E-05 9.9886E-05 9.9886E-05 9.9886E-05 0.0168753 9.9886E-05 0.0238599 0.781048 9.9886E-05 9.9886E-05 9.9886E-05
9.98947E-05 9.98947E-05 9.98947E-05 0.138998 9.98947E-05 9.98947E-05 0.0217724 0.0392795 9.98947E-05 9.98947E-05 9.98947E-05 9.98947E-05 9.98947E-05 0.540115 0.258637 9.98947E-05 9.98947E-05
9.99123E-05 0.0142042 0.0216634 0.10532 9.99123E-05 9.99123E-05 0.00823449 9.99123E-05 9.99123E-05 9.99123E-05 9.99123E-05 9.99123E-05 0.276559 0.360727 0.212293 9.99123E-05 9.99123E-05
0.0496235 9.99035E-05 9.99035E-05 9.99035E-05 0.125269 9.99035E-05 9.99035E-05 9.99035E-05 9.99035E-05 9.99035E-05 0.0706379 9.99035E-05 0.524934 0.183614 0.0448231 9.99035E-05 9.99035E-05
9.98769E-05 9.98769E-05 9.98769E-05 0.083966 9.98769E-05 9.98769E-05 9.98769E-05 9.98769E-05 9.98769E-05 9.98769E-05 9.98769E-05 9.98769E-05 9.98769E-05 0.87582 0.038816 9.98769E-05 9.98769E-05
9.9886E-05 9.9886E-05 9.9886E-05 0.251237 9.9886E-05 9.9886E-05 0.0271653 9.9886E-05 9.9886E-05 9.9886E-05 9.9886E-05 9.9886E-05 9.9886E-05 0.555946 0.164353 9.9886E-05 9.9886E-05
0.0393941 9.99035E-05 9.99035E-05 9.99035E-05 9.99035E-05 9.99035E-05 9.99035E-05 0.00855816 9.99035E-05 9.99035E-05 0.0270519 9.99035E-05 0.011187 0.814369 0.098341 9.99035E-05 9.99035E-05
9.9886E-05 9.9886E-05 9.9886E-05 0.0369624 9.9886E-05 9.9886E-05 9.9886E-05 0.0180361 9.9886E-05 9.9886E-05 9.9886E-05 9.9886E-05 9.9886E-05 0.763841 0.179862 9.9886E-05 9.9886E-05
9.98683E-05 9.98683E-05 9.98683E-05 9.98683E-05 9.98683E-05 9.98683E-05 9.98683E-05 9.98683E-05 9.98683E-05 9.98683E-05 9.98683E-05 0.00684932 9.98683E-05 0.991653 9.98683E-05 9.98683E-05 9.98683E-05
0.143172 9.98946E-05 9.98946E-05 0.265299 9.98946E-05 9.98946E-05 9.98946E-05 9.98946E-05 9.98946E-05 9.98946E-05 0.1146 9.98946E-05 9.98946E-05 0.383663 0.092067 9.98946E-05 9.98946E-05
0.03618 0.121098 9.99034E-05 0.0293106 9.99034E-05 0.0820441 9.99034E-05 0.0212915 9.99034E-05 9.99034E-05 9.99034E-05 9.99034E-05 9.99034E-05 0.708977 9.99034E-05 9.99034E-05 9.99034E-05
9.98685E-05 9.98685E-05 9.98685E-05 9.98685E-05 9.98685E-05 9.98685E-05 9.98685E-05 9.98685E-05 9.98685E-05 9.98685E-05 9.98685E-05 9.98685E-05 9.98685E-05 0.926154 0.0723477 9.98685E-05 9.98685E-05
9.99211E-05 0.0167661 9.99211E-05 0.0546121 9.99211E-05 9.99211E-05 0.0748974 9.99211E-05 9.99211E-05 9.99211E-05 9.99211E-05 0.0197628 0.0397692 0.734425 9.99211E-05 0.0458408 0.0130269
9.98858E-05 9.98858E-05 9.98858E-05 0.122835 9.98858E-05 9.98858E-05 9.98858E-05 9.98858E-05 9.98858E-05 9.98858E-05 9.98858E-05 9.98858E-05 9.98858E-05 0.659211 0.172577 9.98858E-05 0.0440777
9.98858E-05 9.98858E-05 9.98858E-05 0.09659 9.98858E-05 9.98858E-05 9.98858E-05 9.98858E-05 9.98858E-05 9.98858E-05 0.00986158 9.98858E-05 0.510481 0.381769 9.98858E-05 9.98858E-05 9.98858E-05
9.9886E-05 9.9886E-05 9.9886E-05 0.00803999 9.9886E-05 9.9886E-05 9.9886E-05 9.9886E-05 9.9886E-05 9.9886E-05 9.9886E-05 9.9886E-05 0.191643 0.752462 0.0465568 9.9886E-05 9.9886E-05
9.98773E-05 9.98773E-05 9.98773E-05 0.014044 9.98773E-05 9.98773E-05 9.98773E-05 9.98773E-05 9.98773E-05 9.98773E-05 9.98773E-05 9.98773E-05 0.214874 0.769684 9.98773E-05 9.98773E-05 9.98773E-05
0.0179967 9.98947E-05 9.98947E-05 0.0123155 9.98947E-05 9.98947E-05 0.0163982 9.98947E-05 9.98947E-05 9.98947E-05 9.98947E-05 9.98947E-05 0.396605 0.555486 9.98947E-05 9.98947E-05 9.98947E-05
9.98858E-05 9.98858E-05 9.98858E-05 0.0924777 9.98858E-05 9.98858E-05 0.119611 9.98858E-05 9.98858E-05 9.98858E-05 9.98858E-05 9.98858E-05 9.98858E-05 0.475209 0.311404 9.98858E-05 9.98858E-05
9.98771E-05 9.98771E-05 9.98771E-05 0.191011 9.98771E-05 9.98771E-05 9.98771E-05 9.98771E-05 9.98771E-05 9.98771E-05 0.0431644 9.98771E-05 9.98771E-05 0.764427 9.98771E-05 9.98771E-05 9.98771E-05
0.147025 9.99034E-05 9.99034E-05 0.184454 9.99034E-05 9.99034E-05 9.99034E-05 9.99034E-05 9.99034E-05 0.0292997 9.99034E-05 9.99034E-05 0.54556 0.0333039 0.0592586 9.99034E-05 9.99034E-05
9.98859E-05 9.98859E-05 9.98859E-05 9.98859E-05 9.98859E-05 9.98859E-05 9.98859E-05 9.98859E-05 0.0259227 9.98859E-05 9.98859E-05 9.98859E-05 0.470625 0.454249 0.0479045 9.98859E-05 9.98859E-05
0.0234737 0.132219 9.99297E-05 0.169492 9.99297E-05 9.99297E-05 0.0780894 0.0181035 9.99297E-05 9.99297E-05 9.99297E-05 0.0292191 9.99297E-05 0.463003 0.0109633 9.99297E-05 0.0746372
9.98947E-05 9.98947E-05 0.216193 0.0805279 9.98947E-05 9.98947E-05 9.98947E-05 9.98947E-05 9.98947E-05 9.98947E-05 9.98947E-05 9.98947E-05 0.00329246 0.618148 0.0806396 9.98947E-05 9.98947E-05
9.99212E-05 0.026602 9.99212E-05 0.144813 0.11118 9.99212E-05 0.131993 9.99212E-05 9.99212E-05 9.99212E-05 9.99212E-05 0.00751584 0.0282643 0.542164 0.00656854 9.99212E-05 9.99212E-05
9.9921E-05 0.0193579 0.00177931 0.223622 0.0289739 9.9921E-05 9.9921E-05 0.00419915 9.9921E-05 9.9921E-05 9.9921E-05 9.9921E-05 9.9921E-05 0.428422 0.258607 9.9921E-05 0.0341398
9.98771E-05 9.98771E-05 9.98771E-05 9.98771E-05 9.98771E-05 9.98771E-05 9.98771E-05 9.98771E-05 9.98771E-05 9.98771E-05 9.98771E-05 9.98771E-05 0.44506 0.50173 0.0518118 9.98771E-05 9.98771E-05
0.00815577 9.98858E-05 9.98858E-05 9.98858E-05 9.98858E-05 9.98858E-05 9.98858E-05 9.98858E-05 9.98858E-05 9.98858E-05 9.98858E-05 9.98858E-05 9.98858E-05 0.722847 0.100931 0.166768 9.98858E-05
9.98859E-05 9.98859E-05 9.98859E-05 0.132392 9.98859E-05 9.98859E-05 0.0390424 9.98859E-05 9.98859E-05 9.98859E-05 9.98859E-05 9.98859E-05 0.487992 0.339275 9.98859E-05 9.98859E-05 9.98859E-05
9.9886E-05 9.9886E-05 9.9886E-05 0.127629 9.9886E-05 9.9886E-05 9.9886E-05 9.9886E-05 9.9886E-05 9.9886E-05 9.9886E-05 9.9886E-05 0.178138 0.566833 0.126102 9.9886E-05 9.9886E-05
9.98858E-05 9.98858E-05 9.98858E-05 0.0357516 9.98858E-05 9.98858E-05 0.0516705 9.98858E-05 9.98858E-05 9.98858E-05 9.98858E-05 0.0575335 9.98858E-05 0.853746 9.98858E-05 9.98858E-05 9.98858E-05
9.98682E-05 9.98682E-05 9.98682E-05 9.98682E-05 9.98682E-05 9.98682E-05 9.98682E-05 9.98682E-05 9.98682E-05 9.98682E-05 9.98682E-05 9.98682E-05 9.98682E-05 0.924328 9.98682E-05 0.074174 9.98682E-05
9.98946E-05 9.98946E-05 9.98946E-05 0.206518 9.98946E-05 9.98946E-05 0.137054 9.98946E-05 9.98946E-05 0.0397999 9.98946E-05 9.98946E-05 9.98946E-05 0.464767 0.150663 9.98946E-05 9.98946E-05
9.98771E-05 9.98771E-05 9.98771E-05 0.0824878 9.98771E-05 9.98771E-05 9.98771E-05 9.98771E-05 9.98771E-05 9.98771E-05 9.98771E-05 9.98771E-05 9.98771E-05 0.847739 0.0683751 9.98771E-05 9.98771E-05
9.9877E-05 9.9877E-05 9.9877E-05 0.0763021 9.9877E-05 9.9877E-05 9.9877E-05 0.0019478 9.9877E-05 9.9877E-05 9.9877E-05 9.9877E-05 9.9877E-05 0.920352 9.9877E-05 9.9877E-05 9.9877E-05
0.116067 9.98684E-05 9.98684E-05 9.98684E-05 9.98684E-05 9.98684E-05 9.98684E-05 9.98684E-05 9.98684E-05 9.98684E-05 9.98684E-05 9.98684E-05 9.98684E-05 0.882435 9.98684E-05 9.98684E-05 9.98684E-05
9.9886E-05 9.9886E-05 9.9886E-05 0.154297 9.9886E-05 9.9886E-05 0.0440504 9.9886E-05 9.9886E-05 9.9886E-05 9.9886E-05 9.9886E-05 0.0809456 0.719408 9.9886E-05 9.9886E-05 9.9886E-05
9.98593E-05 9.98593E-05 9.98593E-05 9.98593E-05 9.98593E-05 9.98593E-05 9.98593E-05 9.98593E-05 9.98593E-05 9.98593E-05 9.98593E-05 9.98593E-05 9.98593E-05 9.98593E-05 0.998402 9.98593E-05 9.98593E-05
9.98594E-05 9.98594E-05 9.98594E-05 0.998402 9.98594E-05 9.98594E-05 9.98594E-05 9.98594E-05 9.98594E-05 9.98594E-05 9.98594E-05 9.98594E-05 9.98594E-05 9.98594E-05 9.98594E-05 9.98594E-05 9.98594E-05
9.98594E-05 9.98594E-05 9.98594E-05 9.98594E-05 9.98594E-05 9.98594E-05 9.98594E-05 9.98594E-05 9.98594E-05 9.98594E-05 9.98594E-05 9.98594E-05 9.98594E-05 9.98594E-05 0.998402 9.98594E-05 9.98594E-05
9.98593E-05 9.98593E-05 9.98593E-05 0.998402 9.98593E-05 9.98593E-05 9.98593E-05 9.98593E-05 9.98593E-05 9.98593E-05 9.98593E-05 9.98593E-05 9.98593E-05 9.98593E-05 9.98593E-05 9.98593E-05 9.98593E-05
9.98593E-05 9.98593E-05 9.98593E-05 0.998402 9.98593E-05 9.98593E-05 9.98593E-05 9.98593E-05 9.98593E-05 9.98593E-05 9.98593E-05 9.98593E-05 9.98593E-05 9.98593E-05 9.98593E-05 9.98593E-05 9.98593E-05
9.98593E-05 9.98593E-05 9.98593E-05 0.998402 9.98593E-05 9.98593E-05 9.98593E-05 9.98593E-05 9.98593E-05 9.98593E-05 9.98593E-05 9.98593E-05 9.98593E-05 9.98593E-05 9.98593E-05 9.98593E-05 9.98593E-05
9.98593E-05 9.98593E-05 9.98593E-05 9.98593E-05 9.98593E-05 9.98593E-05 9.98593E-05 9.98593E-05 9.98593E-05 9.98593E-05 9.98593E-05 9.98593E-05 9.98593E-05 9.98593E-05 0.998402 9.98593E-05 9.98593E-05
9.98594E-05 9.98594E-05 9.98594E-05 0.998402 9.98594E-05 9.98594E-05 9.98594E-05 9.98594E-05 9.98594E-05 9.98594E-05 9.98594E-05 9.98594E-05 9.98594E-05 9.98594E-05 9.98594E-05 9.98594E-05 9.98594E-05
9.98593E-05 9.98593E-05 9.98593E-05 0.998402 9.98593E-05 9.98593E-05 9.98593E-05 9.98593E-05 9.98593E-05 9.98593E-05 9.98593E-05 9.98593E-05 9.98593E-05 9.98593E-05 9.98593E-05 9.98593E-05 9.98593E-05
9.98593E-05 9.98593E-05 9.98593E-05 9.98593E-05 9.98593E-05 9.98593E-05 9.98593E-05 9.98593E-05 9.98593E-05 9.98593E-05 9.98593E-05 9.98593E-05 9.98593E-05 9.98593E-05 0.998402 9.98593E-05 9.98593E-05
9.98593E-05 9.98593E-05 9.98593E-05 9.98593E-05 9.98593E-05 9.98593E-05 9.98593E-05 9.98593E-05 9.98593E-05 9.98593E-05 9.98593E-05 9.98593E-05 9.98593E-05 9.98593E-05 0.998402 9.98593E-05 9.98593E-05
9.98593E-05 9.98593E-05 9.98593E-05 9.98593E-05 9.98593E-05 9.98593E-05 9.98593E-05 9.98593E-05 9.98593E-05 9.98593E-05 9.98593E-05 9.98593E-05 9.98593E-05 9.98593E-05 0.998402 9.98593E-05 9.98593E-05
9.98594E-05 9.98594E-05 9.98594E-05 0.998402 9.98594E-05 9.98594E-05 9.98594E-05 9.98594E-05 9.98594E-05 9.98594E-05 9.98594E-05 9.98594E-05 9.98594E-05 9.98594E-05 9.98594E-05 9.98594E-05 9.98594E-05
9.98593E-05 9.98593E-05 9.98593E-05 0.998402 9.98593E-05 9.98593E-05 9.98593E-05 9.98593E-05 9.98593E-05 9.98593E-05 9.98593E-05 9.98593E-05 9.98593E-05 9.98593E-05 9.98593E-05 9.98593E-05 9.98593E-05
9.98593E-05 9.98593E-05 9.98593E-05 9.98593E-05 9.98593E-05 9.98593E-05 9.98593E-05 9.98593E-05 9.98593E-05 9.98593E-05 9.98593E-05 9.98593E-05 9.98593E-05 9.98593E-05 0.998402 9.98593E-05 9.98593E-05
9.98593E-05 9.98593E-05 9.98593E-05 9.98593E-05 9.98593E-05 9.98593E-05 9.98593E-05 9.98593E-05 9.98593E-05 9.98593E-05 9.98593E-05 9.98593E-05 9.98593E-05 9.98593E-05 0.998402 9.98593E-05 9.98593E-05
9.99122E-05 9.99122E-05 9.99122E-05 0.0136746 0.0942497 0.256572 9.99122E-05 9.99122E-05 9.99122E-05 9.99122E-05 9.99122E-05 0.0052307 9.99122E-05 0.549669 0.0658844 0.0137206 9.99122E-05
9.98593E-05 9.98593E-05 9.98593E-05 9.98593E-05 9.98593E-05 9.98593E-05 9.98593E-05 9.98593E-05 9.98593E-05 9.98593E-05 9.98593E-05 9.98593E-05 9.98593E-05 9.98593E-05 0.998402 9.98593E-05 9.98593E-05
9.98593E-05 9.98593E-05 9.98593E-05 0.998402 9.98593E-05 9.98593E-05 9.98593E-05 9.98593E-05 9.98593E-05 9.98593E-05 9.98593E-05 9.98593E-05 9.98593E-05 9.98593E-05 9.98593E-05 9.98593E-05 9.98593E-05
9.98593E-05 9.98593E-05 9.98593E-05 9.98593E-05 9.98593E-05 9.98593E-05 9.98593E-05 9.98593E-05 9.98593E-05 9.98593E-05 9.98593E-05 9.98593E-05 9.98593E-05 9.98593E-05 0.998402 9.98593E-05 9.98593E-05
9.98594E-05 9.98594E-05 9.98594E-05 9.98594E-05 9.98594E-05 9.98594E-05 9.98594E-05 9.98594E-05 9.98594E-05 9.98594E-05 9.98594E-05 9.98594E-05 9.98594E-05 9.98594E-05 0.998402 9.98594E-05 9.98594E-05
9.98594E-05 9.98594E-05 9.98594E-05 9.98594E-05 9.98594E-05 9.98594E-05 9.98594E-05 9.98594E-05 9.98594E-05 9.98594E-05 9.98594E-05 9.98594E-05 9.98594E-05 9.98594E-05 0.998402 9.98594E-05 9.98594E-05
9.98593E-05 9.98593E-05 9.98593E-05 0.998402 9.98593E-05 9.98593E-05 9.98593E-05 9.98593E-05 9.98593E-05 9.98593E-05 9.98593E-05 9.98593E-05 9.98593E-05 9.98593E-05 9.98593E-05 9.98593E-05 9.98593E-05
9.98593E-05 9.98593E-05 9.98593E-05 9.98593E-05 9.98593E-05 9.98593E-05 9.98593E-05 9.98593E-05 9.98593E-05 9.98593E-05 9.98593E-05 9.98593E-05 9.98593E-05 9.98593E-05 0.998402 9.98593E-05 9.98593E-05
9.98594E-05 9.98594E-05 9.98594E-05 0.998402 9.98594E-05 9.98594E-05 9.98594E-05 9.98594E-05 9.98594E-05 9.98594E-05 9.98594E-05 9.98594E-05 9.98594E-05 9.98594E-05 9.98594E-05 9.98594E-05 9.98594E-05
9.98594E-05 9.98594E-05 9.98594E-05 9.98594E-05 9.98594E-05 9.98594E-05 9.98594E-05 9.98594E-05 9.98594E-05 9.98594E-05 9.98594E-05 9.98594E-05 9.98594E-05 9.98594E-05 0.998402 9.98594E-05 9.98594E-05
9.98593E-05 9.98593E-05 9.98593E-05 9.98593E-05 9.98593E-05 9.98593E-05 9.98593E-05 9.98593E-05 9.98593E-05 9.98593E-05 9.98593E-05 9.98593E-05 9.98593E-05 9.98593E-05 0.998402 9.98593E-05 9.98593E-05
9.98592E-05 9.98592E-05 9.98592E-05 0.998402 9.98592E-05 9.98592E-05 9.98592E-05 9.98592E-05 9.98592E-05 9.98592E-05 9.98592E-05 9.98592E-05 9.98592E-05 9.98592E-05 9.98592E-05 9.98592E-05 9.98592E-05
9.98593E-05 9.98593E-05 9.98593E-05 0.998402 9.98593E-05 9.98593E-05 9.98593E-05 9.98593E-05 9.98593E-05 9.98593E-05 9.98593E-05 9.98593E-05 9.98593E-05 9.98593E-05 9.98593E-05 9.98593E-05 9.98593E-05
9.98594E-05 9.98594E-05 9.98594E-05 0.998402 9.98594E-05 9.98594E-05 9.98594E-05 9.98594E-05 9.98594E-05 9.98594E-05 9.98594E-05 9.98594E-05 9.98594E-05 9.98594E-05 9.98594E-05 9.98594E-05 9.98594E-05
9.98593E-05 9.98593E-05 9.98593E-05 9.98593E-05 9.98593E-05 9.98593E-05 9.98593E-05 9.98593E-05 9.98593E-05 9.98593E-05 9.98593E-05 9.98593E-05 9.98593E-05 9.98593E-05 0.998402 9.98593E-05 9.98593E-05
9.98593E-05 9.98593E-05 9.98593E-05 9.98593E-05 9.98593E-05 9.98593E-05 9.98593E-05 9.98593E-05 9.98593E-05 9.98593E-05 9.98593E-05 9.98593E-05 9.98593E-05 9.98593E-05 0.998402 9.98593E-05 9.98593E-05
9.98593E-05 9.98593E-05 9.98593E-05 9.98593E-05 9.98593E-05 9.98593E-05 9.98593E-05 9.98593E-05 9.98593E-05 9.98593E-05 9.98593E-05 9.98593E-05 9.98593E-05 9.98593E-05 0.998402 9.98593E-05 9.98593E-05
9.98594E-05 9.98594E-05 9.98594E-05 9.98594E-05 9.98594E-05 9.98594E-05 9.98594E-05 9.98594E-05 9.98594E-05 9.98594E-05 9.98594E-05 9.98594E-05 9.98594E-05 9.98594E-05 0.998402 9.98594E-05 9.98594E-05
9.98593E-05 9.98593E-05 9.98593E-05 9.98593E-05 9.98593E-05 9.98593E-05 9.98593E-05 9.98593E-05 9.98593E-05 9.98593E-05 9.98593E-05 9.98593E-05 9.98593E-05 9.98593E-05 0.998402 9.98593E-05 9.98593E-05
9.98594E-05 9.98594E-05 9.98594E-05 0.998402 9.98594E-05 9.98594E-05 9.98594E-05 9.98594E-05 9.98594E-05 9.98594E-05 9.98594E-05 9.98594E-05 9.98594E-05 9.98594E-05 9.98594E-05 9.98594E-05 9.98594E-05
9.98593E-05 9.98593E-05 9.98593E-05 0.998402 9.98593E-05 9.98593E-05 9.98593E-05 9.98593E-05 9.98593E-05 9.98593E-05 9.98593E-05 9.98593E-05 9.98593E-05 9.98593E-05 9.98593E-05 9.98593E-05 9.98593E-05
9.98593E-05 9.98593E-05 9.98593E-05 0.998402 9.98593E-05 9.98593E-05 9.98593E-05 9.98593E-05 9.98593E-05 9.98593E-05 9.98593E-05 9.98593E-05 9.98593E-05 9.98593E-05 9.98593E-05 9.98593E-05 9.98593E-05
9.98593E-05 9.98593E-05 9.98593E-05 9.98593E-05 9.98593E-05 9.98593E-05 9.98593E-05 9.98593E-05 9.98593E-05 9.98593E-05 9.98593E-05 9.98593E-05 9.98593E-05 9.98593E-05 0.998402 9.98593E-05 9.98593E-05
9.98594E-05 9.98594E-05 9.98594E-05 0.998402 9.98594E-05 9.98594E-05 9.98594E-05 9.98594E-05 9.98594E-05 9.98594E-05 9.98594E-05 9.98594E-05 9.98594E-05 9.98594E-05 9.98594E-05 9.98594E-05 9.98594E-05
9.98593E-05 9.98593E-05 9.98593E-05 0.998402 9.98593E-05 9.98593E-05 9.98593E-05 9.98593E-05 9.98593E-05 9.98593E-05 9.98593E-05 9.98593E-05 9.98593E-05 9.98593E-05 9.98593E-05 9.98593E-05 9.98593E-05
9.98593E-05 9.98593E-05 9.98593E-05 0.998402 9.98593E-05 9.98593E-05 9.98593E-05 9.98593E-05 9.98593E-05 9.98593E-05 9.98593E-05 9.98593E-05 9.98593E-05 9.98593E-05 9.98593E-05 9.98593E-05 9.98593E-05
9.98594E-05 9.98594E-05 9.98594E-05 0.998402 9.98594E-05 9.98594E-05 9.98594E-05 9.98594E-05 9.98594E-05 9.98594E-05 9.98594E-05 9.98594E-05 9.98594E-05 9.98594E-05 9.98594E-05 9.98594E-05 9.98594E-05
9.98592E-05 9.98592E-05 9.98592E-05 9.98592E-05 9.98592E-05 9.98592E-05 9.98592E-05 9.98592E-05 9.98592E-05 9.98592E-05 9.98592E-05 9.98592E-05 9.98592E-05 9.98592E-05 0.998402 9.98592E-05 9.98592E-05
9.98593E-05 9.98593E-05 9.98593E-05 0.998402 9.98593E-05 9.98593E-05 9.98593E-05 9.98593E-05 9.98593E-05 9.98593E-05 9.98593E-05 9.98593E-05 9.98593E-05 9.98593E-05 9.98593E-05 9.98593E-05 9.98593E-05
9.98592E-05 9.98592E-05 9.98592E-05 0.998402 9.98592E-05 9.98592E-05 9.98592E-05 9.98592E-05 9.98592E-05 9.98592E-05 9.98592E-05 9.98592E-05 9.98592E-05 9.98592E-05 9.98592E-05 9.98592E-05 9.98592E-05
9.98946E-05 9.98946E-05 9.98946E-05 0.0331097 0.0716605 0.152255 9.98946E-05 9.98946E-05 9.98946E-05 9.98946E-05 9.98946E-05 9.98946E-05 9.98946E-05 0.649582 0.0921943 9.98946E-05 9.98946E-05
9.98593E-05 9.98593E-05 9.98593E-05 9.98593E-05 9.98593E-05 9.98593E-05 9.98593E-05 9.98593E-05 9.98593E-05 9.98593E-05 9.98593E-05 9.98593E-05 9.98593E-05 9.98593E-05 0.998402 9.98593E-05 9.98593E-05
9.98594E-05 9.98594E-05 9.98594E-05 0.998402 9.98594E-05 9.98594E-05 9.98594E-05 9.98594E-05 9.98594E-05 9.98594E-05 9.98594E-05 9.98594E-05 9.98594E-05 9.98594E-05 9.98594E-05 9.98594E-05 9.98594E-05
9.98593E-05 9.98593E-05 9.98593E-05 0.998402 9.98593E-05 9.98593E-05 9.98593E-05 9.98593E-05 9.98593E-05 9.98593E-05 9.98593E-05 9.98593E-05 9.98593E-05 9.98593E-05 9.98593E-05 9.98593E-05 9.98593E-05
9.98593E-05 9.98593E-05 9.98593E-05 0.998402 9.98593E-05 9.98593E-05 9.98593E-05 9.98593E-05 9.98593E-05 9.98593E-05 9.98593E-05 9.98593E-05 9.98593E-05 9.98593E-05 9.98593E-05 9.98593E-05 9.98593E-05
9.98594E-05 9.98594E-05 9.98594E-05 0.998402 9.98594E-05 9.98594E-05 9.98594E-05 9.98594E-05 9.98594E-05 9.98594E-05 9.98594E-05 9.98594E-05 9.98594E-05 9.98594E-05 9.98594E-05 9.98594E-05 9.98594E-05
9.98592E-05 9.98592E-05 9.98592E-05 9.98592E-05 9.98592E-05 9.98592E-05 9.98592E-05 9.98592E-05 9.98592E-05 9.98592E-05 9.98592E-05 9.98592E-05 9.98592E-05 9.98592E-05 0.998402 9.98592E-05 9.98592E-05
9.98592E-05 9.98592E-05 9.98592E-05 0.998402 9.98592E-05 9.98592E-05 9.98592E-05 9.98592E-05 9.98592E-05 9.98592E-05 9.98592E-05 9.98592E-05 9.98592E-05 9.98592E-05 9.98592E-05 9.98592E-05 9.98592E-05
9.98593E-05 9.98593E-05 9.98593E-05 9.98593E-05 9.98593E-05 9.98593E-05 9.98593E-05 9.98593E-05 9.98593E-05 9.98593E-05 9.98593E-05 9.98593E-05 9.98593E-05 9.98593E-05 0.998402 9.98593E-05 9.98593E-05
9.98592E-05 9.98592E-05 9.98592E-05 0.998402 9.98592E-05 9.98592E-05 9.98592E-05 9.98592E-05 9.98592E-05 9.98592E-05 9.98592E-05 9.98592E-05 9.98592E-05 9.98592E-05 9.98592E-05 9.98592E-05 9.98592E-05
9.98592E-05 9.98592E-05 9.98592E-05 9.98592E-05 9.98592E-05 9.98592E-05 9.98592E-05 9.98592E-05 9.98592E-05 9.98592E-05 9.98592E-05 9.98592E-05 9.98592E-05 9.98592E-05 0.998402 9.98592E-05 9.98592E-05
9.98594E-05 9.98594E-05 9.98594E-05 0.998402 9.98594E-05 9.98594E-05 9.98594E-05 9.98594E-05 9.98594E-05 9.98594E-05 9.98594E-05 9.98594E-05 9.98594E-05 9.98594E-05 9.98594E-05 9.98594E-05 9.98594E-05
