0.00555318 9.99473E-05 9.99473E-05 0.11227 9.99473E-05 0.516187 0.141479 0.0762623 9.99473E-05 9.99473E-05 0.147649 9.99473E-05
9.9921E-05 9.9921E-05 9.9921E-05 9.9921E-05 9.9921E-05 0.821177 9.9921E-05 9.9921E-05 9.9921E-05 9.9921E-05 0.153922 0.0240017
9.99297E-05 0.0680884 9.99297E-05 9.99297E-05 9.99297E-05 0.914061 0.00791201 9.99297E-05 9.99297E-05 0.00913879 9.99297E-05 9.99297E-05
9.995E-05 0.167687 9.995E-05 0.0836295 9.995E-05 0.259359 0.0610197 0.386713 0.0273251 9.995E-05 9.995E-05 0.0137672
9.99122E-05 9.99122E-05 0.183132 9.99122E-05 9.99122E-05 0.815869 9.99122E-05 9.99122E-05 9.99122E-05 9.99122E-05 9.99122E-05 9.99122E-05
9.99561E-05 0.322593 0.0492987 0.0223734 9.99561E-05 0.269198 0.0032924 0.14812 0.184625 9.99561E-05 9.99561E-05 9.99561E-05
9.99474E-05 9.99474E-05 9.99474E-05 0.0949158 9.99474E-05 0.275852 0.148887 0.242447 9.99474E-05 0.133382 0.103916 9.99474E-05
0.0269829 0.061071 0.158637 0.0274478 9.99649E-05 0.297199 9.99649E-05 0.142802 0.183062 0.102398 9.99649E-05 9.99649E-05
9.99649E-05 0.0926854 0.131053 9.99649E-05 9.99649E-05 0.253715 0.159658 0.00428035 0.224631 0.0143594 9.99649E-05 0.119218
0.0100672 9.9921E-05 9.9921E-05 9.9921E-05 9.9921E-05 0.922755 0.0662782 9.9921E-05 9.9921E-05 9.9921E-05 9.9921E-05 9.9921E-05
9.99298E-05 9.99298E-05 9.99298E-05 0.153848 9.99298E-05 0.569958 0.201811 9.99298E-05 0.0735833 9.99298E-05 9.99298E-05 9.99298E-05
9.99385E-05 9.99385E-05 9.99385E-05 0.0450463 9.99385E-05 0.922201 9.99385E-05 0.00551544 9.99385E-05 0.0214961 9.99385E-05 0.00504134
9.99298E-05 9.99298E-05 0.0211274 9.99298E-05 9.99298E-05 0.824307 0.0978798 9.99298E-05 0.0558868 9.99298E-05 9.99298E-05 9.99298E-05
9.99474E-05 0.1256 9.99474E-05 0.0686685 0.0217317 0.670813 0.0513762 9.99474E-05 9.99474E-05 0.0612107 9.99474E-05 9.99474E-05
9.99473E-05 0.18034 9.99473E-05 9.99473E-05 9.99473E-05 0.390795 0.123595 0.125155 0.119226 9.99473E-05 0.0602898 9.99473E-05
9.99561E-05 0.00535939 0.0565934 9.99561E-05 9.99561E-05 0.294305 0.183702 0.200322 0.176312 0.0829067 9.99561E-05 9.99561E-05
9.99561E-05 9.99561E-05 9.99561E-05 0.0451094 0.143527 0.560957 0.111591 0.00246448 9.99561E-05 0.0139285 0.121923 9.99561E-05
0.188293 0.0740307 9.99561E-05 0.0277123 9.99561E-05 0.318822 0.21587 9.99561E-05 0.0800706 9.99561E-05 9.99561E-05 0.0947016
9.99473E-05 9.99473E-05 9.99473E-05 0.00657558 9.99473E-05 0.446025 0.222143 0.147123 0.14682 9.99473E-05 9.99473E-05 0.0307141
9.99122E-05 9.99122E-05 9.99122E-05 9.99122E-05 9.99122E-05 0.934533 9.99122E-05 9.99122E-05 9.99122E-05 9.99122E-05 9.99122E-05 0.0644675
9.99561E-05 9.99561E-05 0.0901276 0.060025 9.99561E-05 0.507188 0.0398876 0.161177 0.102758 0.0383366 9.99561E-05 9.99561E-05
0.0271701 0.216921 0.142957 0.0212139 9.99561E-05 0.30908 9.99561E-05 0.139168 0.142989 9.99561E-05 9.99561E-05 9.99561E-05
0.0483402 0.0647847 9.99386E-05 0.0434838 9.99386E-05 0.623886 0.218805 9.99386E-05 9.99386E-05 9.99386E-05 9.99386E-05 9.99386E-05
9.99385E-05 0.0344371 9.99385E-05 9.99385E-05 9.99385E-05 0.478255 0.333656 0.090776 9.99385E-05 0.0621759 9.99385E-05 9.99385E-05
9.99473E-05 0.208549 9.99473E-05 0.0635867 9.99473E-05 0.265233 0.259537 9.99473E-05 0.0489589 9.99473E-05 9.99473E-05 0.153536
9.99395E-05 0.0559889 0.0984762 9.99395E-05 9.99395E-05 0.689179 0.0734822 9.99395E-05 0.0821744 9.99395E-05 9.99395E-05 9.99395E-05
0.137844 0.441631 9.99561E-05 9.99561E-05 9.99561E-05 0.116917 0.158957 0.00138641 9.99561E-05 0.11846 0.024304 9.99561E-05
9.99298E-05 9.99298E-05 9.99298E-05 0.00177174 9.99298E-05 0.727427 0.158724 0.111278 9.99298E-05 9.99298E-05 9.99298E-05 9.99298E-05
9.99386E-05 0.0774884 9.99386E-05 0.0195257 9.99386E-05 0.629432 0.244637 9.99386E-05 9.99386E-05 9.99386E-05 9.99386E-05 0.0282177
9.99386E-05 0.0642473 9.99386E-05 9.99386E-05 0.0159805 0.827323 0.051753 9.99386E-05 0.0399967 9.99386E-05 9.99386E-05 9.99386E-05
0.0621311 9.99561E-05 9.99561E-05 0.00330939 9.99561E-05 0.661034 9.99561E-05 0.0595997 0.0992101 9.99561E-05 0.0253591 0.0888565
9.99386E-05 0.219364 9.99386E-05 0.0669125 9.99386E-05 0.578533 0.0876617 0.0468294 9.99386E-05 9.99386E-05 9.99386E-05 9.99386E-05
9.99385E-05 0.0788724 9.99385E-05 0.11222 9.99385E-05 0.523175 0.147231 9.99385E-05 9.99385E-05 0.137802 9.99385E-05 9.99385E-05
0.0257062 0.258454 9.99473E-05 0.00811707 9.99473E-05 0.506694 0.145335 9.99473E-05 9.99473E-05 0.0550938 9.99473E-05 9.99473E-05
9.99386E-05 9.99386E-05 9.99386E-05 0.0582329 9.99386E-05 0.79376 0.000608214 9.99386E-05 9.99386E-05 9.99386E-05 0.0689703 0.0777294
9.99561E-05 9.99561E-05 9.99561E-05 0.0222799 9.99561E-05 0.723393 0.0233382 0.119122 0.00397141 9.99561E-05 0.0364641 0.0709323
9.99386E-05 9.99386E-05 9.99386E-05 0.0658283 9.99386E-05 0.841973 9.99386E-05 0.0138267 9.99386E-05 0.0530103 0.0246617 9.99386E-05
9.99386E-05 9.99386E-05 9.99386E-05 9.99386E-05 0.0158587 0.672705 0.0935362 9.99386E-05 0.134537 9.99386E-05 9.99386E-05 0.0826635
9.99649E-05 0.0637276 0.0651872 0.0155597 0.0452664 0.527949 0.184329 9.99649E-05 0.0523248 9.99649E-05 0.0452567 9.99649E-05
9.99297E-05 0.19915 9.99297E-05 9.99297E-05 9.99297E-05 0.458249 0.155818 9.99297E-05 9.99297E-05 0.185983 9.99297E-05 9.99297E-05
9.99386E-05 9.99386E-05 9.99386E-05 0.00824229 9.99386E-05 0.835113 0.0769949 9.99386E-05 0.0181624 0.0607883 9.99386E-05 9.99386E-05
9.99386E-05 0.0903908 9.99386E-05 9.99386E-05 9.99386E-05 0.697318 0.144814 9.99386E-05 0.0506483 9.99386E-05 0.0161296 9.99386E-05
9.99298E-05 9.99298E-05 0.0291977 9.99298E-05 0.0897444 0.876594 9.99298E-05 9.99298E-05 9.99298E-05 9.99298E-05 0.00366403 9.99298E-05
9.99473E-05 9.99473E-05 9.99473E-05 0.0755273 9.99473E-05 0.494718 0.243991 0.0230018 0.132209 9.99473E-05 0.0299539 9.99473E-05
9.99385E-05 9.99385E-05 0.0151337 0.0223718 9.99385E-05 0.386565 0.23966 0.33557 9.99385E-05 9.99385E-05 9.99385E-05 9.99385E-05
9.99472E-05 9.99472E-05 0.0854647 9.99472E-05 9.99472E-05 0.808952 0.0136401 9.99472E-05 0.0329022 9.99472E-05 0.0170242 0.0414174
0.0215321 9.99385E-05 9.99385E-05 0.0155507 9.99385E-05 0.871232 0.0669209 9.99385E-05 0.0240647 9.99385E-05 9.99385E-05 9.99385E-05
9.9921E-05 9.9921E-05 9.9921E-05 9.9921E-05 9.9921E-05 0.973921 0.0111194 9.9921E-05 9.9921E-05 0.01406 9.9921E-05 9.9921E-05
9.99385E-05 0.0238541 0.150304 0.0302827 9.99385E-05 0.648008 0.146852 9.99385E-05 9.99385E-05 9.99385E-05 9.99385E-05 9.99385E-05
9.99474E-05 9.99474E-05 0.0466135 0.0248938 9.99474E-05 0.776783 9.99474E-05 9.99474E-05 0.0384482 0.0896658 9.99474E-05 0.0229965
9.99648E-05 0.152253 0.0213069 0.079534 9.99648E-05 0.310156 0.246825 0.120966 0.0652826 9.99648E-05 9.99648E-05 0.00327635
9.99474E-05 0.137752 0.156104 9.99474E-05 9.99474E-05 0.553058 9.99474E-05 0.0121164 0.0500277 9.99474E-05 9.99474E-05 0.0903428
0.065602 9.99123E-05 9.99123E-05 9.99123E-05 9.99123E-05 0.933399 9.99123E-05 9.99123E-05 9.99123E-05 9.99123E-05 9.99123E-05 9.99123E-05
0.00454369 9.99474E-05 0.129546 9.99474E-05 9.99474E-05 0.638255 0.0164633 9.99474E-05 0.00296216 0.207631 9.99474E-05 9.99474E-05
9.99299E-05 9.99299E-05 9.99299E-05 9.99299E-05 9.99299E-05 0.784355 0.0982771 0.0859443 0.0306243 9.99299E-05 9.99299E-05 9.99299E-05
9.99299E-05 0.204063 0.00743672 9.99299E-05 9.99299E-05 0.719929 9.99299E-05 9.99299E-05 9.99299E-05 9.99299E-05 9.99299E-05 0.0677713
0.0603374 9.99386E-05 0.0478053 9.99386E-05 9.99386E-05 0.749783 0.139806 9.99386E-05 9.99386E-05 0.00156873 9.99386E-05 9.99386E-05
9.99298E-05 9.99298E-05 9.99298E-05 0.0411984 9.99298E-05 0.843658 0.0801437 0.0342002 9.99298E-05 9.99298E-05 9.99298E-05 9.99298E-05
9.99385E-05 9.99385E-05 9.99385E-05 0.0142675 9.99385E-05 0.911679 0.0547237 9.99385E-05 0.0108448 9.99385E-05 0.00778518 9.99385E-05
0.136804 0.156513 9.99386E-05 9.99386E-05 9.99386E-05 0.202372 0.238106 9.99386E-05 9.99386E-05 9.99386E-05 0.265506 9.99386E-05
9.99387E-05 9.99387E-05 9.99387E-05 9.99387E-05 9.99387E-05 0.397802 0.0526379 0.251955 9.99387E-05 0.0138029 0.283102 9.99387E-05
0.0480973 9.99561E-05 9.99561E-05 0.136731 0.0407471 0.360785 0.0320653 9.99561E-05 9.99561E-05 0.108241 0.272834 9.99561E-05
0.0429145 0.289758 9.99649E-05 9.99649E-05 9.99649E-05 9.99649E-05 0.0959313 0.0441138 0.0517823 0.0248675 0.435673 0.0145599
0.0306243 9.99737E-05 0.0115145 0.0711259 9.99737E-05 0.152176 0.199328 0.208905 0.111659 9.99737E-05 0.174648 0.0397191
0.126191 0.147892 9.99649E-05 0.0883348 9.99649E-05 0.00235347 0.385431 0.00796961 0.0507197 9.99649E-05 0.190708 9.99649E-05
9.99386E-05 9.99386E-05 9.99386E-05 0.0697453 9.99386E-05 0.0122834 0.221194 0.113281 9.99386E-05 9.99386E-05 0.582796 9.99386E-05
0.22465 0.267685 9.99561E-05 0.00171511 9.99561E-05 9.99561E-05 0.20971 0.00696217 0.0169963 9.99561E-05 0.271782 9.99561E-05
0.153734 0.127397 9.99649E-05 0.0280328 0.00887745 0.20155 0.0768751 9.99649E-05 9.99649E-05 0.0220098 0.381125 9.99649E-05
9.99473E-05 9.99473E-05 9.99473E-05 0.165895 9.99473E-05 0.284522 0.13182 0.128022 0.0547442 9.99473E-05 0.234397 9.99473E-05
0.0393262 0.0493982 9.99561E-05 0.218108 9.99561E-05 9.99561E-05 0.455939 0.0129207 0.123176 9.99561E-05 0.100633 9.99561E-05
9.99561E-05 9.99561E-05 9.99561E-05 0.138442 9.99561E-05 0.0529614 0.217165 0.218263 0.00917732 0.126413 0.237077 9.99561E-05
9.99736E-05 0.208293 0.0553082 0.166048 9.99736E-05 0.00469631 0.0259268 0.0784768 0.220053 0.119194 0.121704 9.99736E-05
9.99561E-05 0.0963287 0.054611 9.99561E-05 9.99561E-05 0.0476474 0.348842 0.0811881 9.99561E-05 0.0586731 0.31221 9.99561E-05
9.99475E-05 0.236152 9.99475E-05 0.0738128 9.99475E-05 0.268791 0.0287528 9.99475E-05 9.99475E-05 0.152434 0.239457 9.99475E-05
9.99562E-05 9.99562E-05 9.99562E-05 0.0886759 0.0519644 0.246845 0.187053 0.0974013 0.0606306 9.99562E-05 0.26693 9.99562E-05
0.0753819 0.285739 9.99386E-05 9.99386E-05 9.99386E-05 9.99386E-05 0.113316 0.333494 9.99386E-05 9.99386E-05 0.19137 9.99386E-05
9.99561E-05 0.121821 9.99561E-05 0.200936 9.99561E-05 0.097507 0.0367169 0.353071 0.147529 9.99561E-05 0.0419197 9.99561E-05
0.132199 9.99561E-05 9.99561E-05 0.0756485 9.99561E-05 0.245121 0.220385 0.111496 0.0369687 9.99561E-05 0.177683 9.99561E-05
9.99385E-05 0.153884 9.99385E-05 0.0623574 9.99385E-05 9.99385E-05 0.30075 9.99385E-05 9.99385E-05 0.171181 0.311129 9.99385E-05
9.99562E-05 9.99562E-05 0.0670792 0.0162237 0.0948271 0.335652 0.152721 9.99562E-05 9.99562E-05 0.0653937 0.267604 9.99562E-05
0.0130832 0.176695 9.99561E-05 9.99561E-05 9.99561E-05 0.106542 0.200675 0.214607 9.99561E-05 0.0124546 0.275443 9.99561E-05
0.0224807 0.276372 9.99561E-05 0.00725518 9.99561E-05 0.263885 0.14294 0.0202253 9.99561E-05 9.99561E-05 0.266342 9.99561E-05
0.0785407 0.230865 9.99649E-05 0.0436101 9.99649E-05 0.120539 0.0973006 0.320606 0.0712828 9.99649E-05 0.0368555 9.99649E-05
9.99474E-05 0.0873858 9.99474E-05 0.243254 9.99474E-05 0.298442 0.186113 0.139283 0.0449226 9.99474E-05 9.99474E-05 9.99474E-05
9.99474E-05 9.99474E-05 9.99474E-05 0.0517932 9.99474E-05 0.403478 0.088967 9.99474E-05 0.0785424 9.99474E-05 0.323652 0.0529681
0.0998928 9.99562E-05 9.99562E-05 9.99562E-05 0.02434 0.455812 0.07699 0.00814713 9.99562E-05 0.0283592 0.305959 9.99562E-05
0.00715898 9.99387E-05 9.99387E-05 9.99387E-05 9.99387E-05 0.253033 0.202446 0.172565 9.99387E-05 9.99387E-05 0.364097 9.99387E-05
0.304098 9.99387E-05 9.99387E-05 9.99387E-05 9.99387E-05 0.307978 0.24645 9.99387E-05 0.0553158 9.99387E-05 0.0854589 9.99387E-05
0.00895713 9.99562E-05 9.99562E-05 0.0460445 0.216704 0.17744 0.301282 9.99562E-05 0.131162 9.99562E-05 0.117911 9.99562E-05
9.99209E-05 0.807788 9.99209E-05 9.99209E-05 9.99209E-05 9.99209E-05 0.107454 9.99209E-05 0.0838587 9.99209E-05 9.99209E-05 9.99209E-05
9.99211E-05 0.54297 9.99211E-05 9.99211E-05 0.388871 9.99211E-05 0.0672599 9.99211E-05 9.99211E-05 9.99211E-05 9.99211E-05 9.99211E-05
0.0390001 0.781724 0.0215861 0.0408806 9.99473E-05 9.99473E-05 0.0908296 9.99473E-05 0.02538 9.99473E-05 9.99473E-05 9.99473E-05
0.0226771 0.849742 9.99296E-05 9.99296E-05 9.99296E-05 9.99296E-05 0.0988974 9.99296E-05 0.0278838 9.99296E-05 9.99296E-05 9.99296E-05
9.99121E-05 0.900835 9.99121E-05 9.99121E-05 9.99121E-05 9.99121E-05 9.99121E-05 9.99121E-05 0.0981661 9.99121E-05 9.99121E-05 9.99121E-05
9.99473E-05 0.654269 9.99473E-05 9.99473E-05 0.00601233 9.99473E-05 0.149296 0.0125081 0.153129 9.99473E-05 0.0241865 9.99473E-05
0.021521 0.725567 9.99385E-05 0.0234747 9.99385E-05 9.99385E-05 0.116789 9.99385E-05 0.111949 9.99385E-05 9.99385E-05 9.99385E-05
9.99122E-05 0.834157 9.99122E-05 9.99122E-05 9.99122E-05 9.99122E-05 9.99122E-05 9.99122E-05 0.164844 9.99122E-05 9.99122E-05 9.99122E-05
9.99385E-05 0.382373 9.99385E-05 0.0269421 9.99385E-05 9.99385E-05 0.0308508 9.99385E-05 0.337954 9.99385E-05 0.22118 9.99385E-05
9.9921E-05 0.547352 9.9921E-05 9.9921E-05 9.9921E-05 9.9921E-05 0.250452 9.9921E-05 0.201297 9.9921E-05 9.9921E-05 9.9921E-05
9.99386E-05 0.505047 9.99386E-05 0.00826346 0.173177 9.99386E-05 0.0368323 9.99386E-05 9.99386E-05 9.99386E-05 0.275981 9.99386E-05
9.99386E-05 0.627992 9.99386E-05 0.0189856 0.1123 9.99386E-05 0.203892 9.99386E-05 9.99386E-05 9.99386E-05 0.0361304 9.99386E-05
9.99124E-05 0.919442 9.99124E-05 9.99124E-05 9.99124E-05 9.99124E-05 9.99124E-05 9.99124E-05 0.0795588 9.99124E-05 9.99124E-05 9.99124E-05
9.99298E-05 0.658679 9.99298E-05 9.99298E-05 0.0255939 9.99298E-05 0.186009 9.99298E-05 0.128918 9.99298E-05 9.99298E-05 9.99298E-05
0.121169 0.769659 9.99298E-05 9.99298E-05 0.0276746 9.99298E-05 9.99298E-05 9.99298E-05 0.0806985 9.99298E-05 9.99298E-05 9.99298E-05
9.99473E-05 0.669517 9.99473E-05 0.0481758 9.99473E-05 9.99473E-05 0.119283 9.99473E-05 0.0773239 9.99473E-05 0.0616436 0.0234575
9.99385E-05 0.598085 9.99385E-05 9.99385E-05 0.0278769 9.99385E-05 0.192306 9.99385E-05 9.99385E-05 9.99385E-05 0.171016 0.0100161
9.99386E-05 0.730344 0.17329 9.99386E-05 0.00949827 9.99386E-05 9.99386E-05 9.99386E-05 0.0843217 0.0018468 9.99386E-05 9.99386E-05
9.9921E-05 0.916256 9.9921E-05 0.00619613 9.9921E-05 9.9921E-05 9.9921E-05 9.9921E-05 0.0766483 9.9921E-05 9.9921E-05 9.9921E-05
9.99386E-05 0.552605 9.99386E-05 9.99386E-05 0.170672 9.99386E-05 0.0992099 9.99386E-05 0.0884649 9.99386E-05 9.99386E-05 0.0883484
9.99386E-05 0.71328 0.0943118 9.99386E-05 9.99386E-05 9.99386E-05 0.072566 9.99386E-05 0.034809 9.99386E-05 0.084334 9.99386E-05
9.99122E-05 0.963445 9.99122E-05 9.99122E-05 9.99122E-05 9.99122E-05 0.0355556 9.99122E-05 9.99122E-05 9.99122E-05 9.99122E-05 9.99122E-05
9.99385E-05 0.415202 9.99385E-05 9.99385E-05 9.99385E-05 9.99385E-05 0.185728 9.99385E-05 0.222809 9.99385E-05 0.116149 0.0594118
9.9921E-05 0.622796 9.9921E-05 9.9921E-05 0.138565 9.9921E-05 9.9921E-05 9.9921E-05 0.23774 9.9921E-05 9.9921E-05 9.9921E-05
9.99473E-05 0.54401 0.0316281 9.99473E-05 9.99473E-05 9.99473E-05 0.144687 9.99473E-05 0.245911 9.99473E-05 0.00677621 0.0263881
9.99474E-05 0.374242 9.99474E-05 9.99474E-05 0.243056 9.99474E-05 0.180168 9.99474E-05 0.16212 0.0387641 0.00104974 9.99474E-05
0.0112009 0.32359 9.99385E-05 9.99385E-05 0.482103 9.99385E-05 0.0826624 9.99385E-05 9.99385E-05 9.99385E-05 9.99385E-05 0.0997444
9.99208E-05 0.87134 9.99208E-05 9.99208E-05 9.99208E-05 9.99208E-05 0.0599762 9.99208E-05 0.0677841 9.99208E-05 9.99208E-05 9.99208E-05
9.9921E-05 0.565952 9.9921E-05 9.9921E-05 9.9921E-05 9.9921E-05 0.167443 9.9921E-05 0.265705 9.9921E-05 9.9921E-05 9.9921E-05
9.99386E-05 0.773136 0.118582 0.000843233 0.0197511 9.99386E-05 0.0869878 9.99386E-05 9.99386E-05 9.99386E-05 9.99386E-05 9.99386E-05
9.99298E-05 0.74657 9.99298E-05 0.00595536 9.99298E-05 9.99298E-05 0.231462 9.99298E-05 0.0152137 9.99298E-05 9.99298E-05 9.99298E-05
9.99386E-05 0.858115 9.99386E-05 0.0206306 9.99386E-05 9.99386E-05 0.0693627 0.0494434 9.99386E-05 0.00174827 9.99386E-05 9.99386E-05
9.99385E-05 0.424805 0.00821098 9.99385E-05 9.99385E-05 9.99385E-05 0.107557 9.99385E-05 0.284086 9.99385E-05 9.99385E-05 0.174641
9.99209E-05 0.883829 9.99209E-05 9.99209E-05 9.99209E-05 9.99209E-05 0.0675583 9.99209E-05 0.0477138 9.99209E-05 9.99209E-05 9.99209E-05
9.99122E-05 0.995359 9.99122E-05 9.99122E-05 9.99122E-05 9.99122E-05 0.00364199 9.99122E-05 9.99122E-05 9.99122E-05 9.99122E-05 9.99122E-05
9.99386E-05 0.802786 9.99386E-05 0.0474992 0.0675595 9.99386E-05 9.99386E-05 9.99386E-05 0.0219779 9.99386E-05 9.99386E-05 0.0594776
0.0709442 0.564865 9.99385E-05 0.0472174 9.99385E-05 9.99385E-05 0.187128 9.99385E-05 0.129146 9.99385E-05 9.99385E-05 9.99385E-05
9.99297E-05 0.392609 0.167853 9.99297E-05 0.421106 9.99297E-05 9.99297E-05 9.99297E-05 0.0176323 9.99297E-05 9.99297E-05 9.99297E-05
9.99474E-05 0.561239 9.99474E-05 0.00309475 0.264931 9.99474E-05 0.0844493 9.99474E-05 0.0464313 9.99474E-05 9.99474E-05 0.0392551
9.99299E-05 0.726731 0.00612441 9.99299E-05 0.262465 9.99299E-05 9.99299E-05 9.99299E-05 0.00387925 9.99299E-05 9.99299E-05 9.99299E-05
0.0245116 0.53161 9.99386E-05 9.99386E-05 0.38207 9.99386E-05 9.99386E-05 9.99386E-05 0.0490753 9.99386E-05 9.99386E-05 0.0120332
9.99297E-05 0.542511 9.99297E-05 9.99297E-05 9.99297E-05 9.99297E-05 0.29771 9.99297E-05 0.0876195 9.99297E-05 0.07136 9.99297E-05
9.9921E-05 0.718418 0.132044 9.9921E-05 9.9921E-05 9.9921E-05 9.9921E-05 9.9921E-05 0.148638 9.9921E-05 9.9921E-05 9.9921E-05
9.99385E-05 0.241651 9.99385E-05 9.99385E-05 0.49828 9.99385E-05 0.0350858 9.99385E-05 0.150815 9.99385E-05 9.99385E-05 0.0734689
9.9921E-05 0.548984 9.9921E-05 9.9921E-05 0.397868 9.9921E-05 0.0522485 9.9921E-05 9.9921E-05 9.9921E-05 9.9921E-05 9.9921E-05
9.99297E-05 0.545972 9.99297E-05 9.99297E-05 9.99297E-05 9.99297E-05 9.99297E-05 9.99297E-05 0.198318 9.99297E-05 0.143638 0.111273
9.99386E-05 0.611547 9.99386E-05 0.102572 0.0358031 9.99386E-05 0.143474 9.99386E-05 0.105904 9.99386E-05 9.99386E-05 9.99386E-05
0.0253044 0.527802 9.99562E-05 9.99562E-05 0.0180259 9.99562E-05 0.015637 9.99562E-05 0.0290522 0.0808479 0.302831 9.99562E-05
9.99386E-05 0.500831 9.99386E-05 0.00740064 9.99386E-05 9.99386E-05 0.158698 9.99386E-05 0.227297 9.99386E-05 9.99386E-05 0.105075
9.9921E-05 0.56656 9.9921E-05 9.9921E-05 0.431877 9.9921E-05 0.000663446 9.9921E-05 9.9921E-05 9.9921E-05 9.9921E-05 9.9921E-05
9.99209E-05 0.749801 9.99209E-05 9.99209E-05 9.99209E-05 9.99209E-05 0.104942 0.144358 9.99209E-05 9.99209E-05 9.99209E-05 9.99209E-05
9.99473E-05 0.357682 9.99473E-05 0.00646579 0.454402 9.99473E-05 0.0314488 9.99473E-05 0.149018 9.99473E-05 0.000384211 9.99473E-05
9.99386E-05 0.584052 9.99386E-05 0.00239239 0.165143 9.99386E-05 0.127118 9.99386E-05 0.120594 9.99386E-05 9.99386E-05 9.99386E-05
9.9921E-05 0.940345 9.9921E-05 9.9921E-05 9.9921E-05 9.9921E-05 9.9921E-05 9.9921E-05 0.0436275 0.0151284 9.9921E-05 9.9921E-05
0.00772896 0.971926 9.99209E-05 0.0194456 9.99209E-05 9.99209E-05 9.99209E-05 9.99209E-05 9.99209E-05 9.99209E-05 9.99209E-05 9.99209E-05
9.99297E-05 0.424162 9.99297E-05 9.99297E-05 9.99297E-05 9.99297E-05 0.163395 9.99297E-05 0.218319 9.99297E-05 0.193324 9.99297E-05
9.99209E-05 0.78778 9.99209E-05 9.99209E-05 9.99209E-05 9.99209E-05 0.0606172 9.99209E-05 0.150704 9.99209E-05 9.99209E-05 9.99209E-05
9.99122E-05 0.978403 9.99122E-05 9.99122E-05 9.99122E-05 9.99122E-05 9.99122E-05 9.99122E-05 0.0205974 9.99122E-05 9.99122E-05 9.99122E-05
9.99298E-05 0.804322 9.99298E-05 9.99298E-05 0.0245586 9.99298E-05 0.0916894 9.99298E-05 9.99298E-05 9.99298E-05 9.99298E-05 0.0786305
9.99386E-05 0.700722 9.99386E-05 9.99386E-05 0.0885006 9.99386E-05 0.013786 9.99386E-05 0.173426 9.99386E-05 0.0228652 9.99386E-05
9.99032E-05 9.99032E-05 9.99032E-05 9.99032E-05 9.99032E-05 9.99032E-05 0.998901 9.99032E-05 9.99032E-05 9.99032E-05 9.99032E-05 9.99032E-05
9.99032E-05 9.99032E-05 9.99032E-05 9.99032E-05 9.99032E-05 9.99032E-05 9.99032E-05 9.99032E-05 0.998901 9.99032E-05 9.99032E-05 9.99032E-05
9.99032E-05 9.99032E-05 9.99032E-05 9.99032E-05 9.99032E-05 9.99032E-05 0.998901 9.99032E-05 9.99032E-05 9.99032E-05 9.99032E-05 9.99032E-05
9.99032E-05 9.99032E-05 9.99032E-05 9.99032E-05 9.99032E-05 9.99032E-05 9.99032E-05 9.99032E-05 0.998901 9.99032E-05 9.99032E-05 9.99032E-05
9.99032E-05 9.99032E-05 9.99032E-05 9.99032E-05 9.99032E-05 9.99032E-05 9.99032E-05 9.99032E-05 0.998901 9.99032E-05 9.99032E-05 9.99032E-05
9.99032E-05 9.99032E-05 9.99032E-05 9.99032E-05 9.99032E-05 9.99032E-05 9.99032E-05 9.99032E-05 0.998901 9.99032E-05 9.99032E-05 9.99032E-05
9.99032E-05 9.99032E-05 9.99032E-05 9.99032E-05 9.99032E-05 9.99032E-05 0.998901 9.99032E-05 9.99032E-05 9.99032E-05 9.99032E-05 9.99032E-05
9.99033E-05 9.99033E-05 9.99033E-05 9.99033E-05 9.99033E-05 9.99033E-05 9.99033E-05 9.99033E-05 0.998901 9.99033E-05 9.99033E-05 9.99033E-05
9.99032E-05 9.99032E-05 9.99032E-05 9.99032E-05 9.99032E-05 9.99032E-05 9.99032E-05 9.99032E-05 0.998901 9.99032E-05 9.99032E-05 9.99032E-05
9.99032E-05 9.99032E-05 9.99032E-05 9.99032E-05 9.99032E-05 9.99032E-05 0.998901 9.99032E-05 9.99032E-05 9.99032E-05 9.99032E-05 9.99032E-05
9.99032E-05 9.99032E-05 9.99032E-05 9.99032E-05 9.99032E-05 9.99032E-05 0.998901 9.99032E-05 9.99032E-05 9.99032E-05 9.99032E-05 9.99032E-05
9.99032E-05 9.99032E-05 9.99032E-05 9.99032E-05 9.99032E-05 9.99032E-05 0.998901 9.99032E-05 9.99032E-05 9.99032E-05 9.99032E-05 9.99032E-05
9.99032E-05 9.99032E-05 9.99032E-05 9.99032E-05 9.99032E-05 9.99032E-05 9.99032E-05 9.99032E-05 0.998901 9.99032E-05 9.99032E-05 9.99032E-05
9.99032E-05 9.99032E-05 9.99032E-05 9.99032E-05 9.99032E-05 9.99032E-05 9.99032E-05 9.99032E-05 0.998901 9.99032E-05 9.99032E-05 9.99032E-05
9.99033E-05 9.99033E-05 9.99033E-05 9.99033E-05 9.99033E-05 9.99033E-05 0.998901 9.99033E-05 9.99033E-05 9.99033E-05 9.99033E-05 9.99033E-05
9.99032E-05 9.99032E-05 9.99032E-05 9.99032E-05 9.99032E-05 9.99032E-05 0.998901 9.99032E-05 9.99032E-05 9.99032E-05 9.99032E-05 9.99032E-05
9.99472E-05 0.677209 9.99472E-05 9.99472E-05 9.99472E-05 9.99472E-05 0.0571046 0.187438 0.0444081 0.000561535 9.99472E-05 0.0326791
9.99032E-05 9.99032E-05 9.99032E-05 9.99032E-05 9.99032E-05 9.99032E-05 0.998901 9.99032E-05 9.99032E-05 9.99032E-05 9.99032E-05 9.99032E-05
9.99032E-05 9.99032E-05 9.99032E-05 9.99032E-05 9.99032E-05 9.99032E-05 9.99032E-05 9.99032E-05 0.998901 9.99032E-05 9.99032E-05 9.99032E-05
9.99032E-05 9.99032E-05 9.99032E-05 9.99032E-05 9.99032E-05 9.99032E-05 0.998901 9.99032E-05 9.99032E-05 9.99032E-05 9.99032E-05 9.99032E-05
9.99031E-05 9.99031E-05 9.99031E-05 9.99031E-05 9.99031E-05 9.99031E-05 0.998901 9.99031E-05 9.99031E-05 9.99031E-05 9.99031E-05 9.99031E-05
9.99032E-05 9.99032E-05 9.99032E-05 9.99032E-05 9.99032E-05 9.99032E-05 0.998901 9.99032E-05 9.99032E-05 9.99032E-05 9.99032E-05 9.99032E-05
9.99033E-05 9.99033E-05 9.99033E-05 9.99033E-05 9.99033E-05 9.99033E-05 9.99033E-05 9.99033E-05 0.998901 9.99033E-05 9.99033E-05 9.99033E-05
9.99032E-05 9.99032E-05 9.99032E-05 9.99032E-05 9.99032E-05 9.99032E-05 0.998901 9.99032E-05 9.99032E-05 9.99032E-05 9.99032E-05 9.99032E-05
9.99032E-05 9.99032E-05 9.99032E-05 9.99032E-05 9.99032E-05 9.99032E-05 9.99032E-05 9.99032E-05 0.998901 9.99032E-05 9.99032E-05 9.99032E-05
9.99033E-05 9.99033E-05 9.99033E-05 9.99033E-05 9.99033E-05 9.99033E-05 0.998901 9.99033E-05 9.99033E-05 9.99033E-05 9.99033E-05 9.99033E-05
9.99032E-05 9.99032E-05 9.99032E-05 9.99032E-05 9.99032E-05 9.99032E-05 0.998901 9.99032E-05 9.99032E-05 9.99032E-05 9.99032E-05 9.99032E-05
9.99032E-05 9.99032E-05 9.99032E-05 9.99032E-05 9.99032E-05 9.99032E-05 9.99032E-05 9.99032E-05 0.998901 9.99032E-05 9.99032E-05 9.99032E-05
9.99032E-05 9.99032E-05 9.99032E-05 9.99032E-05 9.99032E-05 9.99032E-05 9.99032E-05 9.99032E-05 0.998901 9.99032E-05 9.99032E-05 9.99032E-05
9.99032E-05 9.99032E-05 9.99032E-05 9.99032E-05 9.99032E-05 9.99032E-05 9.99032E-05 9.99032E-05 0.998901 9.99032E-05 9.99032E-05 9.99032E-05
9.99032E-05 9.99032E-05 9.99032E-05 9.99032E-05 9.99032E-05 9.99032E-05 0.998901 9.99032E-05 9.99032E-05 9.99032E-05 9.99032E-05 9.99032E-05
9.99032E-05 9.99032E-05 9.99032E-05 9.99032E-05 9.99032E-05 9.99032E-05 0.998901 9.99032E-05 9.99032E-05 9.99032E-05 9.99032E-05 9.99032E-05
9.99032E-05 9.99032E-05 9.99032E-05 9.99032E-05 9.99032E-05 9.99032E-05 0.998901 9.99032E-05 9.99032E-05 9.99032E-05 9.99032E-05 9.99032E-05
9.99032E-05 9.99032E-05 9.99032E-05 9.99032E-05 9.99032E-05 9.99032E-05 0.998901 9.99032E-05 9.99032E-05 9.99032E-05 9.99032E-05 9.99032E-05
9.99032E-05 9.99032E-05 9.99032E-05 9.99032E-05 9.99032E-05 9.99032E-05 0.998901 9.99032E-05 9.99032E-05 9.99032E-05 9.99032E-05 9.99032E-05
9.99032E-05 9.99032E-05 9.99032E-05 9.99032E-05 9.99032E-05 9.99032E-05 9.99032E-05 9.99032E-05 0.998901 9.99032E-05 9.99032E-05 9.99032E-05
9.99033E-05 9.99033E-05 9.99033E-05 9.99033E-05 9.99033E-05 9.99033E-05 9.99033E-05 9.99033E-05 0.998901 9.99033E-05 9.99033E-05 9.99033E-05
9.99032E-05 9.99032E-05 9.99032E-05 9.99032E-05 9.99032E-05 9.99032E-05 9.99032E-05 9.99032E-05 0.998901 9.99032E-05 9.99032E-05 9.99032E-05
9.99032E-05 9.99032E-05 9.99032E-05 9.99032E-05 9.99032E-05 9.99032E-05 0.998901 9.99032E-05 9.99032E-05 9.99032E-05 9.99032E-05 9.99032E-05
9.99032E-05 9.99032E-05 9.99032E-05 9.99032E-05 9.99032E-05 9.99032E-05 9.99032E-05 9.99032E-05 0.998901 9.99032E-05 9.99032E-05 9.99032E-05
9.99032E-05 9.99032E-05 9.99032E-05 9.99032E-05 9.99032E-05 9.99032E-05 9.99032E-05 9.99032E-05 0.998901 9.99032E-05 9.99032E-05 9.99032E-05
9.99032E-05 9.99032E-05 9.99032E-05 9.99032E-05 9.99032E-05 9.99032E-05 9.99032E-05 9.99032E-05 0.998901 9.99032E-05 9.99032E-05 9.99032E-05
9.99032E-05 9.99032E-05 9.99032E-05 9.99032E-05 9.99032E-05 9.99032E-05 9.99032E-05 9.99032E-05 0.998901 9.99032E-05 9.99032E-05 9.99032E-05
9.99032E-05 9.99032E-05 9.99032E-05 9.99032E-05 9.99032E-05 9.99032E-05 0.998901 9.99032E-05 9.99032E-05 9.99032E-05 9.99032E-05 9.99032E-05
9.99121E-05 9.99121E-05 0.00844805 9.99121E-05 9.99121E-05 9.99121E-05 9.99121E-05 9.99121E-05 0.990553 9.99121E-05 9.99121E-05 9.99121E-05
9.99032E-05 9.99032E-05 9.99032E-05 9.99032E-05 9.99032E-05 9.99032E-05 9.99032E-05 9.99032E-05 0.998901 9.99032E-05 9.99032E-05 9.99032E-05
9.99472E-05 0.672338 9.99472E-05 9.99472E-05 9.99472E-05 9.99472E-05 0.0590178 0.188749 0.0449025 0.00202667 9.99472E-05 0.0323662
9.9912E-05 9.9912E-05 9.9912E-05 9.9912E-05 9.9912E-05 9.9912E-05 0.987461 9.9912E-05 9.9912E-05 9.9912E-05 9.9912E-05 0.0115396
9.99032E-05 9.99032E-05 9.99032E-05 9.99032E-05 9.99032E-05 9.99032E-05 9.99032E-05 9.99032E-05 0.998901 9.99032E-05 9.99032E-05 9.99032E-05
9.99032E-05 9.99032E-05 9.99032E-05 9.99032E-05 9.99032E-05 9.99032E-05 9.99032E-05 9.99032E-05 0.998901 9.99032E-05 9.99032E-05 9.99032E-05
9.99032E-05 9.99032E-05 9.99032E-05 9.99032E-05 9.99032E-05 9.99032E-05 9.99032E-05 9.99032E-05 0.998901 9.99032E-05 9.99032E-05 9.99032E-05
9.99032E-05 9.99032E-05 9.99032E-05 9.99032E-05 9.99032E-05 9.99032E-05 9.99032E-05 9.99032E-05 0.998901 9.99032E-05 9.99032E-05 9.99032E-05
9.99033E-05 9.99033E-05 9.99033E-05 9.99033E-05 9.99033E-05 9.99033E-05 0.998901 9.99033E-05 9.99033E-05 9.99033E-05 9.99033E-05 9.99033E-05
9.99032E-05 9.99032E-05 9.99032E-05 9.99032E-05 9.99032E-05 9.99032E-05 9.99032E-05 9.99032E-05 0.998901 9.99032E-05 9.99032E-05 9.99032E-05
9.99032E-05 9.99032E-05 9.99032E-05 9.99032E-05 9.99032E-05 9.99032E-05 0.998901 9.99032E-05 9.99032E-05 9.99032E-05 9.99032E-05 9.99032E-05
9.99032E-05 9.99032E-05 9.99032E-05 9.99032E-05 9.99032E-05 9.99032E-05 9.99032E-05 9.99032E-05 0.998901 9.99032E-05 9.99032E-05 9.99032E-05
9.99032E-05 9.99032E-05 9.99032E-05 9.99032E-05 9.99032E-05 9.99032E-05 0.998901 9.99032E-05 9.99032E-05 9.99032E-05 9.99032E-05 9.99032E-05
9.99033E-05 9.99033E-05 9.99033E-05 9.99033E-05 9.99033E-05 9.99033E-05 9.99033E-05 9.99033E-05 0.998901 9.99033E-05 9.99033E-05 9.99033E-05
9.99033E-05 9.99033E-05 9.99033E-05 9.99033E-05 9.99033E-05 9.99033E-05 9.99033E-05 9.99033E-05 0.998901 9.99033E-05 9.99033E-05 9.99033E-05
9.99033E-05 9.99033E-05 9.99033E-05 9.99033E-05 9.99033E-05 9.99033E-05 9.99033E-05 9.99033E-05 0.998901 9.99033E-05 9.99033E-05 9.99033E-05
9.99032E-05 9.99032E-05 9.99032E-05 9.99032E-05 9.99032E-05 9.99032E-05 9.99032E-05 9.99032E-05 0.998901 9.99032E-05 9.99032E-05 9.99032E-05
9.99032E-05 9.99032E-05 9.99032E-05 9.99032E-05 9.99032E-05 9.99032E-05 9.99032E-05 9.99032E-05 0.998901 9.99032E-05 9.99032E-05 9.99032E-05
9.99032E-05 9.99032E-05 9.99032E-05 9.99032E-05 9.99032E-05 9.99032E-05 9.99032E-05 9.99032E-05 0.998901 9.99032E-05 9.99032E-05 9.99032E-05
9.99032E-05 9.99032E-05 9.99032E-05 9.99032E-05 9.99032E-05 9.99032E-05 0.998901 9.99032E-05 9.99032E-05 9.99032E-05 9.99032E-05 9.99032E-05
9.99032E-05 9.99032E-05 9.99032E-05 9.99032E-05 9.99032E-05 9.99032E-05 0.998901 9.99032E-05 9.99032E-05 9.99032E-05 9.99032E-05 9.99032E-05
9.99032E-05 9.99032E-05 9.99032E-05 9.99032E-05 9.99032E-05 9.99032E-05 0.998901 9.99032E-05 9.99032E-05 9.99032E-05 9.99032E-05 9.99032E-05
9.99032E-05 9.99032E-05 9.99032E-05 9.99032E-05 9.99032E-05 9.99032E-05 9.99032E-05 9.99032E-05 0.998901 9.99032E-05 9.99032E-05 9.99032E-05
9.99032E-05 9.99032E-05 9.99032E-05 9.99032E-05 9.99032E-05 9.99032E-05 0.998901 9.99032E-05 9.99032E-05 9.99032E-05 9.99032E-05 9.99032E-05
9.99032E-05 9.99032E-05 9.99032E-05 9.99032E-05 9.99032E-05 9.99032E-05 0.998901 9.99032E-05 9.99032E-05 9.99032E-05 9.99032E-05 9.99032E-05
9.99032E-05 9.99032E-05 9.99032E-05 9.99032E-05 9.99032E-05 9.99032E-05 0.998901 9.99032E-05 9.99032E-05 9.99032E-05 9.99032E-05 9.99032E-05
9.99121E-05 9.99121E-05 9.99121E-05 9.99121E-05 9.99121E-05 9.99121E-05 0.0346719 9.99121E-05 0.964329 9.99121E-05 9.99121E-05 9.99121E-05
9.99033E-05 9.99033E-05 9.99033E-05 9.99033E-05 9.99033E-05 9.99033E-05 9.99033E-05 9.99033E-05 0.998901 9.99033E-05 9.99033E-05 9.99033E-05
9.99032E-05 9.99032E-05 9.99032E-05 9.99032E-05 9.99032E-05 9.99032E-05 9.99032E-05 9.99032E-05 0.998901 9.99032E-05 9.99032E-05 9.99032E-05
9.99031E-05 9.99031E-05 9.99031E-05 9.99031E-05 9.99031E-05 9.99031E-05 0.998901 9.99031E-05 9.99031E-05 9.99031E-05 9.99031E-05 9.99031E-05
9.99032E-05 9.99032E-05 9.99032E-05 9.99032E-05 9.99032E-05 9.99032E-05 9.99032E-05 9.99032E-05 0.998901 9.99032E-05 9.99032E-05 9.99032E-05
9.99032E-05 9.99032E-05 9.99032E-05 9.99032E-05 9.99032E-05 9.99032E-05 9.99032E-05 9.99032E-05 0.998901 9.99032E-05 9.99032E-05 9.99032E-05
9.99032E-05 9.99032E-05 9.99032E-05 9.99032E-05 9.99032E-05 9.99032E-05 0.998901 9.99032E-05 9.99032E-05 9.99032E-05 9.99032E-05 9.99032E-05
9.99033E-05 9.99033E-05 9.99033E-05 9.99033E-05 9.99033E-05 9.99033E-05 9.99033E-05 9.99033E-05 0.998901 9.99033E-05 9.99033E-05 9.99033E-05
9.99033E-05 9.99033E-05 9.99033E-05 9.99033E-05 9.99033E-05 9.99033E-05 9.99033E-05 9.99033E-05 0.998901 9.99033E-05 9.99033E-05 9.99033E-05
0.014946 0.527046 9.99385E-05 0.192018 9.99385E-05 9.99385E-05 0.224241 9.99385E-05 0.0410493 9.99385E-05 9.99385E-05 9.99385E-05
9.99032E-05 9.99032E-05 9.99032E-05 9.99032E-05 9.99032E-05 9.99032E-05 0.998901 9.99032E-05 9.99032E-05 9.99032E-05 9.99032E-05 9.99032E-05
9.99032E-05 9.99032E-05 9.99032E-05 9.99032E-05 9.99032E-05 9.99032E-05 9.99032E-05 9.99032E-05 0.998901 9.99032E-05 9.99032E-05 9.99032E-05
0.0635291 0.551476 9.99298E-05 9.99298E-05 9.99298E-05 9.99298E-05 0.046911 9.99298E-05 0.337285 9.99298E-05 9.99298E-05 9.99298E-05
9.99385E-05 0.653816 0.0481429 9.99385E-05 9.99385E-05 9.99385E-05 0.086893 9.99385E-05 0.188314 9.99385E-05 9.99385E-05 0.022134
9.99209E-05 0.659759 9.99209E-05 9.99209E-05 9.99209E-05 9.99209E-05 0.25468 9.99209E-05 0.0846625 9.99209E-05 9.99209E-05 9.99209E-05
0.0470979 0.898384 9.99296E-05 9.99296E-05 9.99296E-05 9.99296E-05 0.0292105 9.99296E-05 9.99296E-05 9.99296E-05 9.99296E-05 0.0245086
9.99209E-05 0.591833 9.99209E-05 9.99209E-05 9.99209E-05 9.99209E-05 0.196045 9.99209E-05 0.211223 9.99209E-05 9.99209E-05 9.99209E-05
9.99299E-05 0.58991 9.99299E-05 9.99299E-05 0.298908 0.0137382 9.99299E-05 9.99299E-05 0.0966446 9.99299E-05 9.99299E-05 9.99299E-05
9.99298E-05 0.510933 9.99298E-05 9.99298E-05 9.99298E-05 9.99298E-05 0.154968 0.0609381 0.272361 9.99298E-05 9.99298E-05 9.99298E-05
0.0650244 0.70059 9.99385E-05 0.0539526 9.99385E-05 9.99385E-05 9.99385E-05 9.99385E-05 0.162583 9.99385E-05 9.99385E-05 0.0171501
9.99298E-05 0.462972 9.99298E-05 9.99298E-05 0.301625 9.99298E-05 0.0263764 9.99298E-05 0.208226 9.99298E-05 9.99298E-05 9.99298E-05
9.9921E-05 0.882228 9.9921E-05 9.9921E-05 9.9921E-05 9.9921E-05 0.0840267 0.0328459 9.9921E-05 9.9921E-05 9.9921E-05 9.9921E-05
9.99385E-05 0.538486 9.99385E-05 0.102795 0.115062 9.99385E-05 0.152171 9.99385E-05 0.0907869 9.99385E-05 9.99385E-05 9.99385E-05
9.99121E-05 0.511119 9.99121E-05 9.99121E-05 9.99121E-05 9.99121E-05 9.99121E-05 9.99121E-05 0.487882 9.99121E-05 9.99121E-05 9.99121E-05
0.0112426 0.410723 9.99473E-05 9.99473E-05 9.99473E-05 9.99473E-05 0.275813 9.99473E-05 0.15316 0.0901291 0.0583324 9.99473E-05
0.0325483 0.966453 9.99121E-05 9.99121E-05 9.99121E-05 9.99121E-05 9.99121E-05 9.99121E-05 9.99121E-05 9.99121E-05 9.99121E-05 9.99121E-05
9.99209E-05 0.786534 9.99209E-05 9.99209E-05 9.99209E-05 9.99209E-05 0.0767871 9.99209E-05 0.13578 9.99209E-05 9.99209E-05 9.99209E-05
9.99298E-05 0.533323 9.99298E-05 9.99298E-05 9.99298E-05 9.99298E-05 0.124975 9.99298E-05 0.263764 9.99298E-05 0.0771383 9.99298E-05
9.99386E-05 0.669225 9.99386E-05 9.99386E-05 0.0885923 9.99386E-05 0.0535245 9.99386E-05 0.179942 9.99386E-05 9.99386E-05 0.00801626
0.000264488 0.606738 9.99473E-05 0.0635333 9.99473E-05 9.99473E-05 0.317927 9.99473E-05 0.000975865 0.00996149 9.99473E-05 9.99473E-05
9.99297E-05 0.7246 9.99297E-05 9.99297E-05 9.99297E-05 9.99297E-05 9.99297E-05 9.99297E-05 0.0145614 9.99297E-05 0.167492 0.0925469
9.99297E-05 0.899273 0.0443508 9.99297E-05 9.99297E-05 9.99297E-05 0.0509178 9.99297E-05 0.0046588 9.99297E-05 9.99297E-05 9.99297E-05
9.99297E-05 0.889905 9.99297E-05 9.99297E-05 9.99297E-05 9.99297E-05 0.0146393 9.99297E-05 0.0665159 9.99297E-05 0.0281405 9.99297E-05
9.9921E-05 0.787386 0.0589334 9.9921E-05 9.9921E-05 9.9921E-05 9.9921E-05 9.9921E-05 0.152782 9.9921E-05 9.9921E-05 9.9921E-05
0.00111477 0.672626 9.99473E-05 9.99473E-05 9.99473E-05 9.99473E-05 0.121588 9.99473E-05 0.124247 0.0644993 9.99473E-05 0.0153252
9.99296E-05 0.848401 0.030026 9.99296E-05 9.99296E-05 9.99296E-05 0.02259 9.99296E-05 0.0981833 9.99296E-05 9.99296E-05 9.99296E-05
0.0490059 0.949995 9.99122E-05 9.99122E-05 9.99122E-05 9.99122E-05 9.99122E-05 9.99122E-05 9.99122E-05 9.99122E-05 9.99122E-05 9.99122E-05
9.9921E-05 0.386977 9.9921E-05 9.9921E-05 0.563847 9.9921E-05 9.9921E-05 9.9921E-05 0.0482776 9.9921E-05 9.9921E-05 9.9921E-05
9.99209E-05 0.957471 9.99209E-05 9.99209E-05 9.99209E-05 9.99209E-05 0.0290222 9.99209E-05 9.99209E-05 9.99209E-05 0.0126073 9.99209E-05
9.9921E-05 0.56959 9.9921E-05 9.9921E-05 9.9921E-05 9.9921E-05 0.227342 9.9921E-05 0.202169 9.9921E-05 9.9921E-05 9.9921E-05
0.00545139 0.993549 9.99121E-05 9.99121E-05 9.99121E-05 9.99121E-05 9.99121E-05 9.99121E-05 9.99121E-05 9.99121E-05 9.99121E-05 9.99121E-05
0.103361 0.641188 9.99385E-05 9.99385E-05 9.99385E-05 9.99385E-05 0.0646913 9.99385E-05 0.128866 9.99385E-05 9.99385E-05 0.061195
9.99385E-05 0.510513 0.0396013 9.99385E-05 9.99385E-05 9.99385E-05 0.0970804 9.99385E-05 0.342067 9.99385E-05 0.0100388 9.99385E-05
9.99385E-05 0.715992 0.0184737 0.000124487 9.99385E-05 9.99385E-05 0.0741922 9.99385E-05 0.190518 9.99385E-05 9.99385E-05 9.99385E-05
9.99384E-05 0.548357 0.00757892 9.99384E-05 9.99384E-05 9.99384E-05 0.099682 9.99384E-05 0.167206 9.99384E-05 0.176476 9.99384E-05
9.99297E-05 0.805528 0.0110545 9.99297E-05 9.99297E-05 9.99297E-05 0.126242 9.99297E-05 0.0563756 9.99297E-05 9.99297E-05 9.99297E-05
0.025409 0.769253 9.99384E-05 0.0476459 9.99384E-05 9.99384E-05 0.123805 9.99384E-05 0.0331878 9.99384E-05 9.99384E-05 9.99384E-05
9.9921E-05 0.810722 9.9921E-05 9.9921E-05 9.9921E-05 9.9921E-05 0.149459 0.0389195 9.9921E-05 9.9921E-05 9.9921E-05 9.9921E-05
9.99121E-05 0.540113 9.99121E-05 9.99121E-05 0.458888 9.99121E-05 9.99121E-05 9.99121E-05 9.99121E-05 9.99121E-05 9.99121E-05 9.99121E-05
9.99473E-05 0.713885 9.99473E-05 0.0190752 9.99473E-05 9.99473E-05 0.105466 0.0356628 9.99473E-05 0.107258 0.0180526 9.99473E-05
9.99297E-05 0.91197 9.99297E-05 9.99297E-05 9.99297E-05 9.99297E-05 0.0155926 9.99297E-05 9.99297E-05 0.0514564 9.99297E-05 0.0201818
9.99297E-05 0.681953 0.132376 9.99297E-05 9.99297E-05 9.99297E-05 9.99297E-05 0.00352954 0.181342 9.99297E-05 9.99297E-05 9.99297E-05
9.99209E-05 0.747738 9.99209E-05 9.99209E-05 9.99209E-05 9.99209E-05 0.181088 9.99209E-05 0.0702752 9.99209E-05 9.99209E-05 9.99209E-05
9.99385E-05 0.870338 0.0664407 9.99385E-05 9.99385E-05 9.99385E-05 0.0226159 9.99385E-05 0.0122837 9.99385E-05 0.0276219 9.99385E-05
9.99297E-05 0.667077 9.99297E-05 9.99297E-05 9.99297E-05 9.99297E-05 0.0425084 0.08629 0.203325 9.99297E-05 9.99297E-05 9.99297E-05
0.0324496 0.451341 9.99386E-05 9.99386E-05 9.99386E-05 9.99386E-05 0.023844 9.99386E-05 0.464407 9.99386E-05 0.0272597 9.99386E-05
9.99297E-05 0.448933 9.99297E-05 9.99297E-05 9.99297E-05 9.99297E-05 0.269477 9.99297E-05 0.262362 9.99297E-05 0.0184285 9.99297E-05
9.99209E-05 0.89817 0.0253217 9.99209E-05 9.99209E-05 9.99209E-05 9.99209E-05 9.99209E-05 0.0756089 9.99209E-05 9.99209E-05 9.99209E-05
9.99121E-05 0.586146 9.99121E-05 9.99121E-05 0.412855 9.99121E-05 9.99121E-05 9.99121E-05 9.99121E-05 9.99121E-05 9.99121E-05 9.99121E-05
0.0404611 0.791816 9.99385E-05 0.0321825 9.99385E-05 9.99385E-05 9.99385E-05 9.99385E-05 0.0946619 9.99385E-05 9.99385E-05 0.0401793
9.99123E-05 0.637338 9.99123E-05 9.99123E-05 0.361663 9.99123E-05 9.99123E-05 9.99123E-05 9.99123E-05 9.99123E-05 9.99123E-05 9.99123E-05
0.0350236 0.571782 9.99385E-05 9.99385E-05 9.99385E-05 9.99385E-05 0.0802447 9.99385E-05 0.169894 9.99385E-05 0.142357 9.99385E-05
0.0548771 0.553676 9.99298E-05 9.99298E-05 0.382129 9.99298E-05 9.99298E-05 9.99298E-05 9.99298E-05 9.99298E-05 0.00851905 9.99298E-05
9.99122E-05 0.727172 9.99122E-05 9.99122E-05 9.99122E-05 9.99122E-05 0.271829 9.99122E-05 9.99122E-05 9.99122E-05 9.99122E-05 9.99122E-05
9.99385E-05 0.584655 0.0504142 0.00975837 9.99385E-05 9.99385E-05 0.1726 9.99385E-05 9.99385E-05 9.99385E-05 0.181872 9.99385E-05
9.99209E-05 0.645535 9.99209E-05 9.99209E-05 9.99209E-05 9.99209E-05 9.99209E-05 9.99209E-05 0.145508 9.99209E-05 0.208058 9.99209E-05
9.9921E-05 0.852197 9.9921E-05 9.9921E-05 9.9921E-05 9.9921E-05 9.9921E-05 0.102791 0.0441128 9.9921E-05 9.9921E-05 9.9921E-05
9.99123E-05 0.775078 9.99123E-05 9.99123E-05 9.99123E-05 9.99123E-05 9.99123E-05 9.99123E-05 0.223923 9.99123E-05 9.99123E-05 9.99123E-05
0.0524919 0.313937 9.99385E-05 9.99385E-05 0.430322 9.99385E-05 0.189645 9.99385E-05 0.0129053 9.99385E-05 9.99385E-05 9.99385E-05
9.9921E-05 0.659658 9.9921E-05 9.9921E-05 0.128194 9.9921E-05 9.9921E-05 9.9921E-05 0.211249 9.9921E-05 9.9921E-05 9.9921E-05
9.99298E-05 0.741233 9.99298E-05 9.99298E-05 9.99298E-05 9.99298E-05 0.125777 9.99298E-05 0.129536 9.99298E-05 9.99298E-05 0.00265508
0.0127919 0.429441 9.99473E-05 9.99473E-05 0.0896514 9.99473E-05 0.0672333 9.99473E-05 0.295493 9.99473E-05 0.104789 9.99473E-05
9.99208E-05 0.411225 9.99208E-05 9.99208E-05 0.559745 9.99208E-05 0.0281306 9.99208E-05 9.99208E-05 9.99208E-05 9.99208E-05 9.99208E-05
9.99298E-05 0.402349 0.0130838 9.99298E-05 0.444414 9.99298E-05 9.99298E-05 9.99298E-05 0.139353 9.99298E-05 9.99298E-05 9.99298E-05
9.99561E-05 0.245207 9.99561E-05 0.0230737 0.537255 9.99561E-05 0.161356 0.0149477 0.0136397 9.99561E-05 9.99561E-05 0.00402166
9.99298E-05 0.821559 9.99298E-05 0.0168589 9.99298E-05 9.99298E-05 0.0931586 9.99298E-05 0.0676245 9.99298E-05 9.99298E-05 9.99298E-05
9.99209E-05 0.888985 9.99209E-05 9.99209E-05 9.99209E-05 9.99209E-05 9.99209E-05 9.99209E-05 0.0968718 9.99209E-05 9.99209E-05 0.0132439
9.99123E-05 0.827092 9.99123E-05 9.99123E-05 9.99123E-05 9.99123E-05 9.99123E-05 9.99123E-05 0.171909 9.99123E-05 9.99123E-05 9.99123E-05
9.99298E-05 0.570224 9.99298E-05 9.99298E-05 0.308165 9.99298E-05 0.0299907 9.99298E-05 0.090821 9.99298E-05 9.99298E-05 9.99298E-05
9.99386E-05 0.538873 9.99386E-05 0.00574842 9.99386E-05 9.99386E-05 0.168137 9.99386E-05 0.275631 9.99386E-05 0.0109109 9.99386E-05
