9.98858E-05 0.190622 9.98858E-05 0.324206 0.034053 9.98858E-05 9.98858E-05 9.98858E-05 9.98858E-05 9.98858E-05 9.98858E-05 9.98858E-05 9.98858E-05 9.98858E-05 9.98858E-05 0.0116191 0.0550049 0.021647 0.272848 9.98858E-05 0.0887009
9.98772E-05 9.98772E-05 9.98772E-05 0.678276 9.98772E-05 9.98772E-05 9.98772E-05 0.1317 0.00779958 9.98772E-05 9.98772E-05 9.98772E-05 9.98772E-05 9.98772E-05 0.0972239 0.0274744 9.98772E-05 0.0135545 0.042573 9.98772E-05 9.98772E-05
9.98595E-05 0.0417506 9.98595E-05 0.843964 9.98595E-05 9.98595E-05 9.98595E-05 9.98595E-05 9.98595E-05 9.98595E-05 9.98595E-05 9.98595E-05 9.98595E-05 0.0631483 9.98595E-05 0.0198857 9.98595E-05 9.98595E-05 9.98595E-05 9.98595E-05 0.0296534
9.99123E-05 0.18172 9.99123E-05 0.161722 9.99123E-05 0.0101935 9.99123E-05 9.99123E-05 0.155492 0.0302618 9.99123E-05 9.99123E-05 9.99123E-05 0.188904 9.99123E-05 0.102434 0.0194637 0.0881202 0.00845394 9.99123E-05 0.0522359
0.0216456 9.98508E-05 9.98508E-05 0.868961 9.98508E-05 9.98508E-05 9.98508E-05 9.98508E-05 9.98508E-05 9.98508E-05 0.0823821 9.98508E-05 9.98508E-05 9.98508E-05 9.98508E-05 9.98508E-05 9.98508E-05 9.98508E-05 9.98508E-05 0.0253143 9.98508E-05
0.0505241 9.98947E-05 9.98947E-05 0.219097 9.98947E-05 9.98947E-05 9.98947E-05 9.98947E-05 0.0391818 0.0633971 0.127271 9.98947E-05 9.98947E-05 0.197378 0.00995881 9.98947E-05 9.98947E-05 9.98947E-05 0.161717 0.130277 9.98947E-05
0.0813776 0.172824 9.99036E-05 0.266169 9.99036E-05 9.99036E-05 9.99036E-05 0.0540116 0.129116 0.0863349 9.99036E-05 9.99036E-05 9.99036E-05 9.99036E-05 0.0665354 9.99036E-05 9.99036E-05 0.101768 0.0317576 9.99036E-05 0.00900578
0.0353621 0.245909 9.98948E-05 0.13605 9.98948E-05 9.98948E-05 9.98948E-05 9.98948E-05 0.0532532 9.98948E-05 0.141881 0.108635 9.98948E-05 9.98948E-05 9.98948E-05 9.98948E-05 0.0721877 9.98948E-05 0.109921 0.0956032 9.98948E-05
0.0517691 0.0988463 9.98684E-05 0.296762 9.98684E-05 9.98684E-05 9.98684E-05 9.98684E-05 9.98684E-05 9.98684E-05 9.98684E-05 9.98684E-05 9.98684E-05 9.98684E-05 9.98684E-05 0.139639 9.98684E-05 9.98684E-05 9.98684E-05 0.217226 0.194259
9.9842E-05 9.9842E-05 9.9842E-05 0.887835 9.9842E-05 0.00234372 9.9842E-05 9.9842E-05 9.9842E-05 9.9842E-05 9.9842E-05 9.9842E-05 9.9842E-05 9.9842E-05 9.9842E-05 9.9842E-05 9.9842E-05 9.9842E-05 9.9842E-05 9.9842E-05 0.108024
9.98683E-05 0.0781094 9.98683E-05 0.433743 9.98683E-05 9.98683E-05 9.98683E-05 9.98683E-05 9.98683E-05 9.98683E-05 9.98683E-05 9.98683E-05 9.98683E-05 9.98683E-05 9.98683E-05 9.98683E-05 9.98683E-05 0.145817 0.134882 0.0100325 0.195919
9.98597E-05 9.98597E-05 9.98597E-05 0.914456 9.98597E-05 9.98597E-05 9.98597E-05 9.98597E-05 0.0447982 9.98597E-05 9.98597E-05 9.98597E-05 9.98597E-05 9.98597E-05 9.98597E-05 9.98597E-05 9.98597E-05 0.00539625 0.0187489 0.0150034 9.98597E-05
9.9851E-05 0.159255 9.9851E-05 0.698284 9.9851E-05 9.9851E-05 9.9851E-05 0.0302423 9.9851E-05 9.9851E-05 9.9851E-05 9.9851E-05 9.9851E-05 9.9851E-05 9.9851E-05 9.9851E-05 9.9851E-05 9.9851E-05 9.9851E-05 9.9851E-05 0.110521
9.9877E-05 0.0589444 0.323571 0.455586 9.9877E-05 9.9877E-05 9.9877E-05 9.9877E-05 9.9877E-05 0.00578365 9.9877E-05 9.9877E-05 0.0802502 9.9877E-05 9.9877E-05 9.9877E-05 9.9877E-05 0.048679 9.9877E-05 9.9877E-05 0.0257877
0.333266 9.98859E-05 9.98859E-05 0.238853 9.98859E-05 9.98859E-05 0.026518 9.98859E-05 9.98859E-05 9.98859E-05 9.98859E-05 9.98859E-05 0.102738 9.98859E-05 9.98859E-05 0.0314599 9.98859E-05 9.98859E-05 0.123545 0.0651332 0.0771893
9.98859E-05 0.142791 9.98859E-05 0.179828 9.98859E-05 9.98859E-05 9.98859E-05 9.98859E-05 0.0427621 9.98859E-05 9.98859E-05 0.126852 9.98859E-05 9.98859E-05 9.98859E-05 9.98859E-05 0.0561355 9.98859E-05 0.195609 0.181179 0.0735451
9.9886E-05 0.0451111 9.9886E-05 0.499505 9.9886E-05 9.9886E-05 0.208063 9.9886E-05 9.9886E-05 0.0145789 9.9886E-05 9.9886E-05 9.9886E-05 9.9886E-05 0.087871 0.000446797 0.106047 9.9886E-05 9.9886E-05 9.9886E-05 0.0370785
9.98772E-05 0.194109 9.98772E-05 0.107741 0.0499725 0.188669 9.98772E-05 9.98772E-05 9.98772E-05 9.98772E-05 9.98772E-05 9.98772E-05 9.98772E-05 9.98772E-05 9.98772E-05 0.0566252 9.98772E-05 9.98772E-05 0.256446 9.98772E-05 0.145039
0.0367995 0.218125 9.98858E-05 0.349961 9.98858E-05 9.98858E-05 9.98858E-05 9.98858E-05 0.00075097 9.98858E-05 9.98858E-05 9.98858E-05 0.111158 9.98858E-05 9.98858E-05 9.98858E-05 0.0317715 9.98858E-05 9.98858E-05 0.0580596 0.192076
9.98421E-05 9.98421E-05 9.98421E-05 0.942688 0.0411851 9.98421E-05 9.98421E-05 9.98421E-05 9.98421E-05 9.98421E-05 9.98421E-05 9.98421E-05 9.98421E-05 9.98421E-05 9.98421E-05 9.98421E-05 9.98421E-05 9.98421E-05 9.98421E-05 9.98421E-05 0.0143297
0.108422 0.0328851 9.99035E-05 0.375186 9.99035E-05 9.99035E-05 9.99035E-05 9.99035E-05 0.131375 9.99035E-05 0.0177143 0.130579 9.99035E-05 9.99035E-05 9.99035E-05 0.0204767 9.99035E-05 0.0737154 9.99035E-05 0.0926557 0.0158922
0.030264 0.493109 9.9886E-05 0.172316 9.9886E-05 0.0023906 9.9886E-05 0.00294376 0.0330185 9.9886E-05 0.156852 9.9886E-05 9.9886E-05 9.9886E-05 9.9886E-05 9.9886E-05 9.9886E-05 9.9886E-05 9.9886E-05 0.107808 9.9886E-05
0.0344795 9.98773E-05 9.98773E-05 0.513989 9.98773E-05 0.0440956 9.98773E-05 9.98773E-05 9.98773E-05 9.98773E-05 9.98773E-05 9.98773E-05 9.98773E-05 0.0569654 9.98773E-05 9.98773E-05 9.98773E-05 0.0603936 0.192746 9.98773E-05 0.0959332
0.0586005 0.329331 9.98772E-05 0.285441 9.98772E-05 9.98772E-05 9.98772E-05 9.98772E-05 9.98772E-05 9.98772E-05 9.98772E-05 0.0438451 9.98772E-05 9.98772E-05 9.98772E-05 0.0168362 9.98772E-05 9.98772E-05 0.0558271 9.98772E-05 0.208721
9.98859E-05 0.0210435 9.98859E-05 0.262613 0.034636 9.98859E-05 9.98859E-05 9.98859E-05 9.98859E-05 9.98859E-05 9.98859E-05 9.98859E-05 0.142512 0.244179 9.98859E-05 9.98859E-05 9.98859E-05 0.015369 9.98859E-05 0.0214363 0.256913
9.98684E-05 0.0911074 9.98684E-05 0.679514 9.98684E-05 9.98684E-05 9.98684E-05 9.98684E-05 0.00936192 9.98684E-05 9.98684E-05 9.98684E-05 9.98684E-05 0.0949079 9.98684E-05 9.98684E-05 9.98684E-05 0.0162772 9.98684E-05 9.98684E-05 0.107334
9.98684E-05 0.298739 9.98684E-05 9.98684E-05 9.98684E-05 0.108919 9.98684E-05 0.240986 9.98684E-05 9.98684E-05 9.98684E-05 0.023453 9.98684E-05 0.281744 9.98684E-05 9.98684E-05 9.98684E-05 9.98684E-05 9.98684E-05 9.98684E-05 0.0446604
0.0791736 0.0949655 9.98596E-05 0.711648 9.98596E-05 9.98596E-05 9.98596E-05 9.98596E-05 0.0974149 9.98596E-05 9.98596E-05 9.98596E-05 9.98596E-05 9.98596E-05 9.98596E-05 9.98596E-05 9.98596E-05 9.98596E-05 9.98596E-05 9.98596E-05 0.0151998
9.98948E-05 0.0482319 9.98948E-05 0.483881 0.0341871 9.98948E-05 9.98948E-05 0.101125 9.98948E-05 9.98948E-05 9.98948E-05 9.98948E-05 9.98948E-05 0.019792 9.98948E-05 0.01222 9.98948E-05 0.0394867 0.0788715 9.98948E-05 0.181006
9.98859E-05 9.98859E-05 9.98859E-05 0.674277 9.98859E-05 9.98859E-05 0.126949 9.98859E-05 9.98859E-05 0.00641539 9.98859E-05 9.98859E-05 9.98859E-05 9.98859E-05 9.98859E-05 0.00361614 0.011448 9.98859E-05 0.0812791 0.0461953 0.0485216
9.98946E-05 0.0355599 9.98946E-05 0.577039 9.98946E-05 0.0245911 9.98946E-05 0.0164043 9.98946E-05 9.98946E-05 9.98946E-05 9.98946E-05 0.0687849 9.98946E-05 9.98946E-05 9.98946E-05 9.98946E-05 0.102309 0.0847372 0.0589568 0.0304187
9.98773E-05 0.075007 9.98773E-05 0.512658 9.98773E-05 9.98773E-05 9.98773E-05 0.0432498 0.0777064 9.98773E-05 9.98773E-05 9.98773E-05 9.98773E-05 0.13584 9.98773E-05 9.98773E-05 9.98773E-05 0.0632005 9.98773E-05 9.98773E-05 0.0909405
9.98771E-05 0.197329 9.98771E-05 0.357473 9.98771E-05 9.98771E-05 9.98771E-05 9.98771E-05 9.98771E-05 9.98771E-05 9.98771E-05 0.0209483 9.98771E-05 0.10715 9.98771E-05 9.98771E-05 9.98771E-05 0.0776695 0.122376 9.98771E-05 0.115656
9.98859E-05 0.0445409 9.98859E-05 0.496109 9.98859E-05 0.0448445 9.98859E-05 9.98859E-05 9.98859E-05 9.98859E-05 9.98859E-05 0.00462985 9.98859E-05 0.262399 9.98859E-05 0.00675582 9.98859E-05 0.0101454 9.98859E-05 9.98859E-05 0.129277
9.98684E-05 9.98684E-05 9.98684E-05 0.706334 0.0570062 9.98684E-05 9.98684E-05 0.0757635 9.98684E-05 9.98684E-05 9.98684E-05 9.98684E-05 9.98684E-05 9.98684E-05 0.0978925 9.98684E-05 9.98684E-05 0.0520377 9.98684E-05 9.98684E-05 0.00946775
9.99035E-05 0.0644867 9.99035E-05 0.558817 9.99035E-05 9.99035E-05 9.99035E-05 0.0618414 0.0790197 9.99035E-05 9.99035E-05 9.99035E-05 9.99035E-05 9.99035E-05 0.0604808 0.0264966 9.99035E-05 0.0102904 0.108169 0.00722197 0.0220771
0.023405 9.98509E-05 9.98509E-05 0.828325 9.98509E-05 9.98509E-05 9.98509E-05 9.98509E-05 0.0407932 9.98509E-05 9.98509E-05 0.10578 9.98509E-05 9.98509E-05 9.98509E-05 9.98509E-05 9.98509E-05 9.98509E-05 9.98509E-05 9.98509E-05 9.98509E-05
9.98687E-05 0.00132117 9.98687E-05 0.6205 0.00904307 9.98687E-05 9.98687E-05 9.98687E-05 9.98687E-05 9.98687E-05 9.98687E-05 9.98687E-05 9.98687E-05 9.98687E-05 0.0915857 9.98687E-05 9.98687E-05 9.98687E-05 9.98687E-05 0.192764 0.0832881
9.98772E-05 0.072377 9.98772E-05 0.510806 9.98772E-05 9.98772E-05 0.0839438 9.98772E-05 9.98772E-05 9.98772E-05 0.0808681 9.98772E-05 9.98772E-05 9.98772E-05 0.0833732 9.98772E-05 9.98772E-05 0.0126651 9.98772E-05 9.98772E-05 0.154568
9.98502E-05 0.0357453 9.98502E-05 0.5434 9.98502E-05 9.98502E-05 9.98502E-05 9.98502E-05 9.98502E-05 9.98502E-05 9.98502E-05 0.0965561 9.98502E-05 0.173667 9.98502E-05 9.98502E-05 9.98502E-05 0.0213438 9.98502E-05 9.98502E-05 0.12779
9.98421E-05 0.0972748 9.98421E-05 0.789218 9.98421E-05 9.98421E-05 9.98421E-05 9.98421E-05 9.98421E-05 9.98421E-05 9.98421E-05 9.98421E-05 9.98421E-05 9.98421E-05 9.98421E-05 9.98421E-05 9.98421E-05 9.98421E-05 9.98421E-05 9.98421E-05 0.11171
0.0133009 0.220463 9.98685E-05 0.552669 9.98685E-05 9.98685E-05 9.98685E-05 0.1487 9.98685E-05 9.98685E-05 9.98685E-05 9.98685E-05 9.98685E-05 9.98685E-05 9.98685E-05 0.00325228 9.98685E-05 9.98685E-05 9.98685E-05 9.98685E-05 0.0601165
9.98596E-05 0.045892 0.127981 0.659646 9.98596E-05 9.98596E-05 9.98596E-05 0.0176818 0.147201 9.98596E-05 9.98596E-05 9.98596E-05 9.98596E-05 9.98596E-05 9.98596E-05 9.98596E-05 9.98596E-05 9.98596E-05 9.98596E-05 9.98596E-05 9.98596E-05
0.0168166 0.131854 9.98859E-05 0.309915 9.98859E-05 9.98859E-05 9.98859E-05 9.98859E-05 9.98859E-05 9.98859E-05 9.98859E-05 9.98859E-05 9.98859E-05 9.98859E-05 9.98859E-05 0.0469235 9.98859E-05 0.0169185 0.204846 0.0910807 0.180348
9.98509E-05 0.516851 9.98509E-05 0.204052 9.98509E-05 9.98509E-05 9.98509E-05 9.98509E-05 0.132306 9.98509E-05 9.98509E-05 9.98509E-05 9.98509E-05 9.98509E-05 9.98509E-05 9.98509E-05 9.98509E-05 9.98509E-05 9.98509E-05 9.98509E-05 0.145094
0.0318437 0.0237564 9.98771E-05 0.8231 0.0338013 0.0256262 9.98771E-05 9.98771E-05 0.0274346 9.98771E-05 9.98771E-05 9.98771E-05 9.98771E-05 9.98771E-05 9.98771E-05 9.98771E-05 9.98771E-05 9.98771E-05 9.98771E-05 9.98771E-05 0.0330398
9.98683E-05 9.98683E-05 9.98683E-05 0.782532 9.98683E-05 0.0443224 9.98683E-05 9.98683E-05 0.0142088 9.98683E-05 9.98683E-05 9.98683E-05 9.98683E-05 9.98683E-05 9.98683E-05 9.98683E-05 9.98683E-05 0.0326651 9.98683E-05 0.0104109 0.114363
9.98509E-05 9.98509E-05 9.98509E-05 0.911953 9.98509E-05 9.98509E-05 9.98509E-05 9.98509E-05 9.98509E-05 0.0150776 9.98509E-05 0.0090726 9.98509E-05 9.98509E-05 9.98509E-05 9.98509E-05 9.98509E-05 9.98509E-05 9.98509E-05 9.98509E-05 0.0621995
9.98602E-05 0.0278962 9.98602E-05 0.579573 9.98602E-05 9.98602E-05 9.98602E-05 9.98602E-05 0.0621265 9.98602E-05 9.98602E-05 0.0123818 9.98602E-05 9.98602E-05 9.98602E-05 9.98602E-05 9.98602E-05 0.0579445 0.154823 9.98602E-05 0.103857
0.0280475 0.0357924 9.99036E-05 0.716519 0.014571 0.0490119 9.99036E-05 9.99036E-05 9.99036E-05 0.0539949 9.99036E-05 9.99036E-05 0.0196056 9.99036E-05 9.99036E-05 9.99036E-05 9.99036E-05 0.0227806 9.99036E-05 0.0453805 0.0131977
9.99034E-05 0.0379537 9.99034E-05 0.249984 9.99034E-05 9.99034E-05 9.99034E-05 0.169975 0.0737863 9.99034E-05 9.99034E-05 0.00291685 9.99034E-05 0.0962736 9.99034E-05 0.0366738 9.99034E-05 0.12011 9.99034E-05 0.0672606 0.143967
9.98685E-05 0.273187 9.98685E-05 0.554609 9.98685E-05 9.98685E-05 9.98685E-05 9.98685E-05 9.98685E-05 0.0482719 0.0147767 0.0525946 9.98685E-05 9.98685E-05 9.98685E-05 0.055062 9.98685E-05 9.98685E-05 9.98685E-05 9.98685E-05 9.98685E-05
0.137997 0.0556741 9.98509E-05 0.778214 9.98509E-05 0.0264184 9.98509E-05 9.98509E-05 9.98509E-05 9.98509E-05 9.98509E-05 9.98509E-05 9.98509E-05 9.98509E-05 9.98509E-05 9.98509E-05 9.98509E-05 9.98509E-05 9.98509E-05 9.98509E-05 9.98509E-05
9.9886E-05 0.0069695 0.0290356 0.627832 9.9886E-05 0.0904242 9.9886E-05 9.9886E-05 9.9886E-05 0.00460076 9.9886E-05 0.184268 9.9886E-05 9.9886E-05 9.9886E-05 9.9886E-05 9.9886E-05 0.0236997 9.9886E-05 9.9886E-05 0.0318708
9.98422E-05 9.98422E-05 9.98422E-05 0.692893 9.98422E-05 9.98422E-05 9.98422E-05 9.98422E-05 9.98422E-05 9.98422E-05 9.98422E-05 9.98422E-05 0.199323 9.98422E-05 9.98422E-05 9.98422E-05 9.98422E-05 9.98422E-05 9.98422E-05 9.98422E-05 0.105987
9.98684E-05 9.98684E-05 9.98684E-05 0.681671 0.0543512 9.98684E-05 9.98684E-05 9.98684E-05 9.98684E-05 9.98684E-05 0.0654166 9.98684E-05 9.98684E-05 0.136901 9.98684E-05 9.98684E-05 9.98684E-05 0.000692566 0.0594691 9.98684E-05 9.98684E-05
0.0535048 0.120792 9.98683E-05 0.689226 9.98683E-05 0.0910343 9.98683E-05 9.98683E-05 0.00851126 9.98683E-05 9.98683E-05 9.98683E-05 9.98683E-05 9.98683E-05 9.98683E-05 9.98683E-05 9.98683E-05 9.98683E-05 9.98683E-05 9.98683E-05 0.035434
9.98773E-05 0.0934972 9.98773E-05 0.688346 9.98773E-05 0.00608661 9.98773E-05 9.98773E-05 0.0694809 9.98773E-05 9.98773E-05 9.98773E-05 9.98773E-05 9.98773E-05 9.98773E-05 9.98773E-05 0.00953058 0.0312649 9.98773E-05 9.98773E-05 0.100396
9.98508E-05 9.98508E-05 9.98508E-05 0.843699 9.98508E-05 9.98508E-05 9.98508E-05 9.98508E-05 9.98508E-05 0.0230545 0.0772495 9.98508E-05 9.98508E-05 9.98508E-05 9.98508E-05 9.98508E-05 9.98508E-05 9.98508E-05 9.98508E-05 0.0542997 9.98508E-05
9.9877E-05 0.0613564 9.9877E-05 9.9877E-05 9.9877E-05 9.9877E-05 9.9877E-05 9.9877E-05 9.9877E-05 9.9877E-05 9.9877E-05 9.9877E-05 9.9877E-05 0.0276733 0.106574 9.9877E-05 9.9877E-05 0.0268448 0.669051 0.0296899 0.0774126
9.98247E-05 9.98247E-05 9.98247E-05 9.98247E-05 9.98247E-05 9.98247E-05 9.98247E-05 9.98247E-05 9.98247E-05 9.98247E-05 9.98247E-05 9.98247E-05 9.98247E-05 9.98247E-05 9.98247E-05 9.98247E-05 9.98247E-05 9.98247E-05 0.998004 9.98247E-05 9.98247E-05
9.98421E-05 9.98421E-05 9.98421E-05 9.98421E-05 9.98421E-05 0.0172947 0.0350024 9.98421E-05 9.98421E-05 9.98421E-05 9.98421E-05 9.98421E-05 9.98421E-05 9.98421E-05 9.98421E-05 9.98421E-05 9.98421E-05 9.98421E-05 0.945906 9.98421E-05 9.98421E-05
9.98859E-05 9.98859E-05 9.98859E-05 9.98859E-05 9.98859E-05 0.0248663 9.98859E-05 9.98859E-05 9.98859E-05 0.0883332 9.98859E-05 9.98859E-05 9.98859E-05 0.187192 0.269665 9.98859E-05 9.98859E-05 0.00125677 0.289486 0.113825 0.0240776
0.0129818 0.0999104 9.98945E-05 9.98945E-05 0.0648445 0.00700821 9.98945E-05 9.98945E-05 0.0194448 0.0386003 9.98945E-05 9.98945E-05 9.98945E-05 9.98945E-05 9.98945E-05 9.98945E-05 9.98945E-05 9.98945E-05 0.648459 0.0466896 0.0608623
9.98682E-05 0.117747 9.98682E-05 9.98682E-05 9.98682E-05 9.98682E-05 9.98682E-05 9.98682E-05 9.98682E-05 9.98682E-05 9.98682E-05 9.98682E-05 9.98682E-05 9.98682E-05 9.98682E-05 0.0428908 0.0174721 9.98682E-05 0.596509 0.0647612 0.159122
0.275984 9.98681E-05 9.98681E-05 9.98681E-05 0.0204037 9.98681E-05 9.98681E-05 9.98681E-05 0.0121363 9.98681E-05 9.98681E-05 9.98681E-05 9.98681E-05 9.98681E-05 0.110235 9.98681E-05 9.98681E-05 9.98681E-05 0.507887 9.98681E-05 0.0718561
0.315415 9.98507E-05 9.98507E-05 9.98507E-05 9.98507E-05 0.143214 9.98507E-05 9.98507E-05 9.98507E-05 9.98507E-05 9.98507E-05 9.98507E-05 9.98507E-05 9.98507E-05 9.98507E-05 9.98507E-05 9.98507E-05 9.98507E-05 0.53474 0.0049333 9.98507E-05
9.98421E-05 9.98421E-05 9.98421E-05 9.98421E-05 9.98421E-05 9.98421E-05 9.98421E-05 0.0259936 9.98421E-05 9.98421E-05 9.98421E-05 9.98421E-05 9.98421E-05 9.98421E-05 0.043879 9.98421E-05 9.98421E-05 9.98421E-05 0.92833 9.98421E-05 9.98421E-05
9.98419E-05 9.98419E-05 9.98419E-05 9.98419E-05 9.98419E-05 9.98419E-05 9.98419E-05 9.98419E-05 9.98419E-05 9.98419E-05 9.98419E-05 9.98419E-05 9.98419E-05 9.98419E-05 9.98419E-05 9.98419E-05 9.98419E-05 0.060739 0.93697 9.98419E-05 0.000493516
9.98681E-05 9.98681E-05 9.98681E-05 9.98681E-05 0.00343964 9.98681E-05 9.98681E-05 9.98681E-05 9.98681E-05 9.98681E-05 9.98681E-05 9.98681E-05 9.98681E-05 9.98681E-05 9.98681E-05 9.98681E-05 0.0023962 0.183819 0.458765 0.08853 0.261553
0.0925301 0.181923 9.98857E-05 9.98857E-05 9.98857E-05 9.98857E-05 9.98857E-05 9.98857E-05 9.98857E-05 0.0714745 9.98857E-05 9.98857E-05 0.0912309 9.98857E-05 9.98857E-05 9.98857E-05 0.0744429 0.0272323 0.442963 9.98857E-05 0.0169052
9.9877E-05 9.9877E-05 9.9877E-05 9.9877E-05 9.9877E-05 9.9877E-05 9.9877E-05 9.9877E-05 9.9877E-05 9.9877E-05 0.207245 0.00141895 9.9877E-05 0.100734 9.9877E-05 9.9877E-05 0.0737914 0.00134926 0.490477 0.123586 9.9877E-05
0.189175 0.165521 9.98507E-05 9.98507E-05 9.98507E-05 9.98507E-05 9.98507E-05 9.98507E-05 9.98507E-05 9.98507E-05 9.98507E-05 9.98507E-05 9.98507E-05 9.98507E-05 9.98507E-05 9.98507E-05 9.98507E-05 9.98507E-05 0.482209 9.98507E-05 0.161398
9.98598E-05 9.98598E-05 9.98598E-05 9.98598E-05 9.98598E-05 9.98598E-05 9.98598E-05 0.120574 9.98598E-05 9.98598E-05 9.98598E-05 0.0205257 9.98598E-05 0.0152233 9.98598E-05 9.98598E-05 9.98598E-05 0.0229835 0.819096 9.98598E-05 9.98598E-05
9.98335E-05 9.98335E-05 9.98335E-05 9.98335E-05 9.98335E-05 9.98335E-05 9.98335E-05 9.98335E-05 9.98335E-05 9.98335E-05 9.98335E-05 9.98335E-05 9.98335E-05 9.98335E-05 9.98335E-05 9.98335E-05 9.98335E-05 9.98335E-05 0.914508 0.083595 9.98335E-05
0.223173 9.98682E-05 9.98682E-05 9.98682E-05 9.98682E-05 0.0617742 9.98682E-05 9.98682E-05 9.98682E-05 0.116788 9.98682E-05 9.98682E-05 9.98682E-05 9.98682E-05 9.98682E-05 0.0139295 9.98682E-05 9.98682E-05 0.564683 9.98682E-05 0.0181544
9.98683E-05 0.138256 9.98683E-05 9.98683E-05 9.98683E-05 9.98683E-05 9.98683E-05 9.98683E-05 0.0480808 9.98683E-05 9.98683E-05 9.98683E-05 9.98683E-05 9.98683E-05 9.98683E-05 9.98683E-05 0.0777463 0.123308 0.588706 0.022406 9.98683E-05
9.98508E-05 9.98508E-05 9.98508E-05 9.98508E-05 9.98508E-05 0.0973413 9.98508E-05 9.98508E-05 0.0684131 9.98508E-05 9.98508E-05 9.98508E-05 9.98508E-05 9.98508E-05 9.98508E-05 9.98508E-05 9.98508E-05 0.0493668 0.783181 9.98508E-05 9.98508E-05
9.98593E-05 9.98593E-05 9.98593E-05 9.98593E-05 9.98593E-05 9.98593E-05 9.98593E-05 0.170401 9.98593E-05 9.98593E-05 9.98593E-05 0.0612048 9.98593E-05 9.98593E-05 9.98593E-05 9.98593E-05 9.98593E-05 0.00734643 0.543949 9.98593E-05 0.2155
9.98336E-05 9.98336E-05 9.98336E-05 9.98336E-05 9.98336E-05 9.98336E-05 9.98336E-05 9.98336E-05 9.98336E-05 9.98336E-05 9.98336E-05 9.98336E-05 9.98336E-05 9.98336E-05 9.98336E-05 9.98336E-05 9.98336E-05 9.98336E-05 0.992634 9.98336E-05 0.00546898
0.147932 0.19648 9.98506E-05 9.98506E-05 9.98506E-05 9.98506E-05 9.98506E-05 9.98506E-05 9.98506E-05 9.98506E-05 9.98506E-05 9.98506E-05 9.98506E-05 9.98506E-05 9.98506E-05 9.98506E-05 9.98506E-05 9.98506E-05 0.622777 9.98506E-05 0.0311145
9.98598E-05 0.0396934 9.98598E-05 9.98598E-05 9.98598E-05 9.98598E-05 9.98598E-05 0.102027 9.98598E-05 9.98598E-05 9.98598E-05 9.98598E-05 9.98598E-05 0.20927 0.0690875 9.98598E-05 9.98598E-05 9.98598E-05 0.578324 9.98598E-05 9.98598E-05
0.0993598 9.98684E-05 9.98684E-05 9.98684E-05 9.98684E-05 0.105688 9.98684E-05 9.98684E-05 0.0981189 0.0562027 9.98684E-05 9.98684E-05 9.98684E-05 9.98684E-05 9.98684E-05 9.98684E-05 9.98684E-05 9.98684E-05 0.59038 9.98684E-05 0.048753
9.98505E-05 9.98505E-05 9.98505E-05 9.98505E-05 9.98505E-05 9.98505E-05 9.98505E-05 9.98505E-05 9.98505E-05 9.98505E-05 9.98505E-05 9.98505E-05 9.98505E-05 9.98505E-05 9.98505E-05 9.98505E-05 0.094306 0.0324026 0.858373 9.98505E-05 0.0132207
9.98598E-05 9.98598E-05 0.000715841 9.98598E-05 0.00911464 9.98598E-05 9.98598E-05 9.98598E-05 9.98598E-05 9.98598E-05 9.98598E-05 9.98598E-05 9.98598E-05 9.98598E-05 0.0344333 9.98598E-05 9.98598E-05 9.98598E-05 0.929948 9.98598E-05 0.02419
9.98247E-05 9.98247E-05 9.98247E-05 9.98247E-05 9.98247E-05 9.98247E-05 9.98247E-05 9.98247E-05 9.98247E-05 9.98247E-05 9.98247E-05 9.98247E-05 9.98247E-05 9.98247E-05 9.98247E-05 9.98247E-05 9.98247E-05 9.98247E-05 0.998004 9.98247E-05 9.98247E-05
9.98336E-05 9.98336E-05 9.98336E-05 9.98336E-05 9.98336E-05 9.98336E-05 9.98336E-05 9.98336E-05 9.98336E-05 9.98336E-05 9.98336E-05 9.98336E-05 9.98336E-05 9.98336E-05 9.98336E-05 9.98336E-05 9.98336E-05 9.98336E-05 0.987284 9.98336E-05 0.0108188
9.98421E-05 9.98421E-05 9.98421E-05 9.98421E-05 9.98421E-05 0.0396206 9.98421E-05 9.98421E-05 9.98421E-05 9.98421E-05 9.98421E-05 9.98421E-05 9.98421E-05 9.98421E-05 9.98421E-05 9.98421E-05 9.98421E-05 9.98421E-05 0.905178 0.0534039 9.98421E-05
9.98683E-05 9.98683E-05 0.295772 9.98683E-05 9.98683E-05 9.98683E-05 9.98683E-05 0.108125 9.98683E-05 9.98683E-05 9.98683E-05 0.00512871 9.98683E-05 9.98683E-05 9.98683E-05 9.98683E-05 9.98683E-05 9.98683E-05 0.455363 0.0329752 0.101138
9.98422E-05 9.98422E-05 9.98422E-05 9.98422E-05 9.98422E-05 9.98422E-05 9.98422E-05 9.98422E-05 9.98422E-05 9.98422E-05 9.98422E-05 9.98422E-05 9.98422E-05 0.779969 9.98422E-05 9.98422E-05 9.98422E-05 9.98422E-05 9.98422E-05 0.181355 0.036879
0.0157059 9.98507E-05 0.679987 9.98507E-05 9.98507E-05 9.98507E-05 9.98507E-05 9.98507E-05 9.98507E-05 9.98507E-05 9.98507E-05 9.98507E-05 9.98507E-05 0.220645 9.98507E-05 9.98507E-05 9.98507E-05 9.98507E-05 9.98507E-05 9.98507E-05 0.0819645
0.0509984 9.98508E-05 9.98508E-05 9.98508E-05 9.98508E-05 0.00110914 9.98508E-05 9.98508E-05 9.98508E-05 9.98508E-05 9.98508E-05 9.98508E-05 9.98508E-05 0.84819 9.98508E-05 9.98508E-05 9.98508E-05 9.98508E-05 9.98508E-05 9.98508E-05 0.0980054
0.0151628 9.98594E-05 9.98594E-05 9.98594E-05 9.98594E-05 9.98594E-05 9.98594E-05 9.98594E-05 9.98594E-05 9.98594E-05 9.98594E-05 9.98594E-05 9.98594E-05 0.753643 9.98594E-05 9.98594E-05 9.98594E-05 0.0804408 9.98594E-05 0.0356052 0.11355
9.98419E-05 9.98419E-05 9.98419E-05 9.98419E-05 9.98419E-05 9.98419E-05 9.98419E-05 9.98419E-05 9.98419E-05 9.98419E-05 9.98419E-05 9.98419E-05 9.98419E-05 0.920267 9.98419E-05 9.98419E-05 0.0195963 9.98419E-05 9.98419E-05 0.0583398 9.98419E-05
0.177639 9.98596E-05 0.029841 9.98596E-05 9.98596E-05 9.98596E-05 9.98596E-05 9.98596E-05 9.98596E-05 9.98596E-05 9.98596E-05 9.98596E-05 9.98596E-05 0.513282 9.98596E-05 9.98596E-05 9.98596E-05 9.98596E-05 9.98596E-05 0.135727 0.141914
9.98602E-05 0.0838097 0.0233716 9.98602E-05 9.98602E-05 0.0288675 9.98602E-05 9.98602E-05 9.98602E-05 9.98602E-05 9.98602E-05 9.98602E-05 9.98602E-05 0.679594 9.98602E-05 9.98602E-05 9.98602E-05 0.0318332 9.98602E-05 0.0890765 0.0620493
0.125803 9.98508E-05 9.98508E-05 9.98508E-05 9.98508E-05 9.98508E-05 9.98508E-05 9.98508E-05 9.98508E-05 9.98508E-05 9.98508E-05 9.98508E-05 9.98508E-05 0.69658 9.98508E-05 9.98508E-05 9.98508E-05 9.98508E-05 9.98508E-05 0.160095 0.0158249
0.119631 9.98595E-05 9.98595E-05 9.98595E-05 9.98595E-05 9.98595E-05 9.98595E-05 0.0662962 9.98595E-05 9.98595E-05 9.98595E-05 9.98595E-05 9.98595E-05 0.362044 0.117623 9.98595E-05 9.98595E-05 9.98595E-05 9.98595E-05 0.332807 9.98595E-05
9.98507E-05 9.98507E-05 9.98507E-05 9.98507E-05 9.98507E-05 9.98507E-05 9.98507E-05 9.98507E-05 9.98507E-05 9.98507E-05 9.98507E-05 9.98507E-05 9.98507E-05 0.630836 9.98507E-05 9.98507E-05 0.0133681 9.98507E-05 9.98507E-05 0.15832 0.195778
0.242115 9.98596E-05 9.98596E-05 9.98596E-05 9.98596E-05 9.98596E-05 0.349734 9.98596E-05 9.98596E-05 9.98596E-05 9.98596E-05 9.98596E-05 9.98596E-05 0.325063 0.0433286 9.98596E-05 9.98596E-05 9.98596E-05 9.98596E-05 0.0381623 9.98596E-05
0.317279 9.98509E-05 9.98509E-05 9.98509E-05 0.00288236 9.98509E-05 0.15089 9.98509E-05 9.98509E-05 9.98509E-05 9.98509E-05 9.98509E-05 9.98509E-05 0.527251 9.98509E-05 9.98509E-05 9.98509E-05 9.98509E-05 9.98509E-05 9.98509E-05 9.98509E-05
9.98421E-05 9.98421E-05 0.127984 9.98421E-05 9.98421E-05 9.98421E-05 9.98421E-05 9.98421E-05 9.98421E-05 9.98421E-05 9.98421E-05 9.98421E-05 9.98421E-05 0.792159 9.98421E-05 9.98421E-05 9.98421E-05 9.98421E-05 9.98421E-05 0.0780606 9.98421E-05
9.98598E-05 9.98598E-05 9.98598E-05 9.98598E-05 9.98598E-05 9.98598E-05 0.0498041 9.98598E-05 9.98598E-05 9.98598E-05 9.98598E-05 9.98598E-05 9.98598E-05 0.651177 0.0287784 9.98598E-05 9.98598E-05 9.98598E-05 9.98598E-05 0.131413 0.13723
0.0137633 9.9886E-05 0.0345542 9.9886E-05 9.9886E-05 0.0626039 9.9886E-05 0.0162528 9.9886E-05 9.9886E-05 9.9886E-05 9.9886E-05 9.9886E-05 0.709223 9.9886E-05 9.9886E-05 0.0239859 9.9886E-05 9.9886E-05 0.137545 0.000773113
0.125186 9.99035E-05 9.99035E-05 9.99035E-05 9.99035E-05 9.99035E-05 0.0179793 0.0877923 0.0118528 0.049086 9.99035E-05 9.99035E-05 9.99035E-05 0.482904 0.0256421 9.99035E-05 9.99035E-05 0.0649722 9.99035E-05 0.048918 0.0845684
0.0270135 9.98771E-05 0.0165349 9.98771E-05 0.0215044 9.98771E-05 9.98771E-05 9.98771E-05 9.98771E-05 9.98771E-05 9.98771E-05 9.98771E-05 9.98771E-05 0.618617 0.205939 9.98771E-05 9.98771E-05 9.98771E-05 9.98771E-05 0.0169734 0.0920204
9.98599E-05 0.11355 9.98599E-05 9.98599E-05 9.98599E-05 9.98599E-05 0.0370375 9.98599E-05 9.98599E-05 0.0335523 9.98599E-05 9.98599E-05 9.98599E-05 0.702509 9.98599E-05 9.98599E-05 9.98599E-05 9.98599E-05 9.98599E-05 0.111753 9.98599E-05
0.135828 9.98422E-05 9.98422E-05 9.98422E-05 9.98422E-05 9.98422E-05 9.98422E-05 9.98422E-05 9.98422E-05 9.98422E-05 9.98422E-05 9.98422E-05 9.98422E-05 0.848393 9.98422E-05 9.98422E-05 9.98422E-05 0.0139819 9.98422E-05 9.98422E-05 9.98422E-05
9.98772E-05 9.98772E-05 9.98772E-05 9.98772E-05 0.0719756 9.98772E-05 0.312828 0.0680453 9.98772E-05 9.98772E-05 9.98772E-05 9.98772E-05 9.98772E-05 0.377799 9.98772E-05 9.98772E-05 9.98772E-05 0.00319075 9.98772E-05 0.0828851 0.0818781
9.98596E-05 9.98596E-05 9.98596E-05 9.98596E-05 9.98596E-05 9.98596E-05 0.0272565 9.98596E-05 9.98596E-05 9.98596E-05 9.98596E-05 9.98596E-05 9.98596E-05 0.71682 0.157729 9.98596E-05 9.98596E-05 9.98596E-05 9.98596E-05 0.0581799 0.0384172
9.98333E-05 9.98333E-05 9.98333E-05 9.98333E-05 9.98333E-05 9.98333E-05 9.98333E-05 9.98333E-05 9.98333E-05 9.98333E-05 9.98333E-05 9.98333E-05 9.98333E-05 0.968379 9.98333E-05 9.98333E-05 9.98333E-05 9.98333E-05 9.98333E-05 0.0297239 9.98333E-05
0.313357 9.98596E-05 9.98596E-05 9.98596E-05 0.0218621 9.98596E-05 9.98596E-05 9.98596E-05 9.98596E-05 9.98596E-05 9.98596E-05 9.98596E-05 9.98596E-05 0.238684 9.98596E-05 9.98596E-05 9.98596E-05 9.98596E-05 9.98596E-05 0.187429 0.23707
9.98772E-05 9.98772E-05 0.180769 9.98772E-05 9.98772E-05 9.98772E-05 0.0159538 9.98772E-05 9.98772E-05 9.98772E-05 9.98772E-05 9.98772E-05 0.020869 0.565067 9.98772E-05 9.98772E-05 9.98772E-05 0.0232162 9.98772E-05 0.133332 0.0593948
0.23783 9.98683E-05 9.98683E-05 9.98683E-05 0.032185 9.98683E-05 9.98683E-05 9.98683E-05 9.98683E-05 9.98683E-05 9.98683E-05 9.98683E-05 9.98683E-05 0.282484 9.98683E-05 0.0301727 9.98683E-05 9.98683E-05 9.98683E-05 0.2193 0.196531
0.0144594 0.113287 0.158029 9.99122E-05 9.99122E-05 9.99122E-05 0.0479908 9.99122E-05 9.99122E-05 9.99122E-05 9.99122E-05 0.0271937 9.99122E-05 0.334537 0.0330997 9.99122E-05 0.0131556 0.00594626 9.99122E-05 0.145525 0.105777
9.98597E-05 9.98597E-05 9.98597E-05 9.98597E-05 9.98597E-05 9.98597E-05 0.626403 9.98597E-05 9.98597E-05 0.00330408 9.98597E-05 9.98597E-05 9.98597E-05 0.225638 9.98597E-05 0.132558 9.98597E-05 9.98597E-05 9.98597E-05 9.98597E-05 0.0104987
9.98418E-05 9.98418E-05 9.98418E-05 9.98418E-05 9.98418E-05 9.98418E-05 9.98418E-05 9.98418E-05 9.98418E-05 9.98418E-05 9.98418E-05 9.98418E-05 9.98418E-05 0.896885 9.98418E-05 9.98418E-05 9.98418E-05 9.98418E-05 9.98418E-05 0.0264574 0.0748601
0.316098 9.98509E-05 9.98509E-05 9.98509E-05 9.98509E-05 9.98509E-05 9.98509E-05 9.98509E-05 9.98509E-05 9.98509E-05 9.98509E-05 9.98509E-05 9.98509E-05 0.333462 9.98509E-05 9.98509E-05 9.98509E-05 9.98509E-05 9.98509E-05 0.188541 0.160201
0.00931579 9.98686E-05 0.0792235 9.98686E-05 0.100752 9.98686E-05 9.98686E-05 9.98686E-05 9.98686E-05 9.98686E-05 9.98686E-05 9.98686E-05 9.98686E-05 0.695764 9.98686E-05 9.98686E-05 9.98686E-05 0.00554507 9.98686E-05 9.98686E-05 0.107901
0.138429 9.98685E-05 0.0653849 9.98685E-05 9.98685E-05 9.98685E-05 9.98685E-05 9.98685E-05 9.98685E-05 9.98685E-05 9.98685E-05 0.040402 9.98685E-05 0.60267 9.98685E-05 9.98685E-05 9.98685E-05 0.0311968 9.98685E-05 9.98685E-05 0.12042
9.98421E-05 9.98421E-05 9.98421E-05 9.98421E-05 9.98421E-05 9.98421E-05 9.98421E-05 9.98421E-05 9.98421E-05 9.98421E-05 9.98421E-05 0.00775947 9.98421E-05 0.965753 9.98421E-05 9.98421E-05 9.98421E-05 9.98421E-05 9.98421E-05 9.98421E-05 0.0246905
9.98594E-05 9.98594E-05 9.98594E-05 9.98594E-05 0.16499 9.98594E-05 9.98594E-05 9.98594E-05 9.98594E-05 9.98594E-05 0.015864 9.98594E-05 9.98594E-05 0.382858 9.98594E-05 9.98594E-05 9.98594E-05 9.98594E-05 9.98594E-05 0.294963 0.139726
0.0449456 0.19297 9.98419E-05 9.98419E-05 9.98419E-05 9.98419E-05 9.98419E-05 9.98419E-05 9.98419E-05 9.98419E-05 9.98419E-05 9.98419E-05 9.98419E-05 0.760288 9.98419E-05 9.98419E-05 9.98419E-05 9.98419E-05 9.98419E-05 9.98419E-05 9.98419E-05
9.98421E-05 9.98421E-05 0.0536067 9.98421E-05 9.98421E-05 9.98421E-05 9.98421E-05 9.98421E-05 9.98421E-05 9.98421E-05 9.98421E-05 9.98421E-05 9.98421E-05 0.912475 9.98421E-05 9.98421E-05 9.98421E-05 9.98421E-05 9.98421E-05 9.98421E-05 0.0321212
0.0191396 9.98858E-05 9.98858E-05 9.98858E-05 9.98858E-05 9.98858E-05 0.199295 0.139003 9.98858E-05 9.98858E-05 9.98858E-05 0.0115403 9.98858E-05 0.560252 9.98858E-05 9.98858E-05 0.0177011 0.0127481 9.98858E-05 0.0390227 9.98858E-05
9.98595E-05 9.98595E-05 9.98595E-05 9.98595E-05 9.98595E-05 9.98595E-05 9.98595E-05 9.98595E-05 9.98595E-05 9.98595E-05 9.98595E-05 9.98595E-05 9.98595E-05 0.662403 9.98595E-05 9.98595E-05 0.0312927 0.0585386 9.98595E-05 0.0626622 0.183506
9.98596E-05 9.98596E-05 9.98596E-05 9.98596E-05 9.98596E-05 9.98596E-05 0.561178 9.98596E-05 9.98596E-05 9.98596E-05 0.0426657 0.0270868 9.98596E-05 0.239121 9.98596E-05 9.98596E-05 9.98596E-05 9.98596E-05 9.98596E-05 0.12835 9.98596E-05
9.98771E-05 9.98771E-05 0.115168 9.98771E-05 0.0123571 9.98771E-05 0.164077 9.98771E-05 9.98771E-05 9.98771E-05 9.98771E-05 9.98771E-05 9.98771E-05 0.613536 9.98771E-05 9.98771E-05 0.0102894 9.98771E-05 9.98771E-05 0.00593047 0.077244
9.9842E-05 9.9842E-05 0.563512 9.9842E-05 9.9842E-05 9.9842E-05 9.9842E-05 9.9842E-05 9.9842E-05 9.9842E-05 0.0109735 9.9842E-05 9.9842E-05 0.423717 9.9842E-05 9.9842E-05 9.9842E-05 9.9842E-05 9.9842E-05 9.9842E-05 9.9842E-05
9.98422E-05 9.98422E-05 9.98422E-05 9.98422E-05 9.98422E-05 9.98422E-05 0.477638 9.98422E-05 9.98422E-05 9.98422E-05 9.98422E-05 9.98422E-05 9.98422E-05 0.507956 0.0126083 9.98422E-05 9.98422E-05 9.98422E-05 9.98422E-05 9.98422E-05 9.98422E-05
0.263081 9.98595E-05 9.98595E-05 9.98595E-05 9.98595E-05 9.98595E-05 9.98595E-05 9.98595E-05 9.98595E-05 9.98595E-05 9.98595E-05 9.98595E-05 9.98595E-05 0.321957 9.98595E-05 9.98595E-05 9.98595E-05 0.0494474 9.98595E-05 0.118009 0.245908
9.98596E-05 0.0305994 9.98596E-05 9.98596E-05 9.98596E-05 9.98596E-05 9.98596E-05 0.0535938 9.98596E-05 9.98596E-05 9.98596E-05 9.98596E-05 0.0847192 0.764709 9.98596E-05 9.98596E-05 9.98596E-05 9.98596E-05 9.98596E-05 0.0647806 9.98596E-05
9.98596E-05 9.98596E-05 9.98596E-05 9.98596E-05 0.0513377 9.98596E-05 0.624846 9.98596E-05 9.98596E-05 9.98596E-05 9.98596E-05 9.98596E-05 9.98596E-05 0.123272 9.98596E-05 9.98596E-05 9.98596E-05 9.98596E-05 9.98596E-05 0.156698 0.0422488
0.13944 9.98509E-05 9.98509E-05 9.98509E-05 9.98509E-05 9.98509E-05 0.611507 9.98509E-05 9.98509E-05 9.98509E-05 9.98509E-05 9.98509E-05 9.98509E-05 0.222392 9.98509E-05 9.98509E-05 9.98509E-05 9.98509E-05 9.98509E-05 9.98509E-05 0.0249634
0.635831 9.98507E-05 9.98507E-05 9.98507E-05 0.0905827 9.98507E-05 9.98507E-05 9.98507E-05 9.98507E-05 9.98507E-05 9.98507E-05 9.98507E-05 9.98507E-05 0.147601 9.98507E-05 9.98507E-05 9.98507E-05 9.98507E-05 9.98507E-05 0.124288 9.98507E-05
9.98773E-05 9.98773E-05 9.98773E-05 9.98773E-05 0.016066 9.98773E-05 0.0235463 9.98773E-05 9.98773E-05 0.0227654 9.98773E-05 9.98773E-05 9.98773E-05 0.605939 9.98773E-05 9.98773E-05 9.98773E-05 9.98773E-05 0.154331 0.103591 0.0723625
9.98598E-05 9.98598E-05 9.98598E-05 9.98598E-05 9.98598E-05 9.98598E-05 9.98598E-05 9.98598E-05 9.98598E-05 9.98598E-05 9.98598E-05 9.98598E-05 9.98598E-05 0.529038 0.165657 0.128368 0.0639884 9.98598E-05 9.98598E-05 0.111351 9.98598E-05
9.9851E-05 0.0235582 9.9851E-05 9.9851E-05 9.9851E-05 9.9851E-05 9.9851E-05 9.9851E-05 9.9851E-05 9.9851E-05 9.9851E-05 9.9851E-05 9.9851E-05 0.407013 9.9851E-05 9.9851E-05 9.9851E-05 9.9851E-05 9.9851E-05 0.285342 0.282389
9.9842E-05 9.9842E-05 0.268702 9.9842E-05 9.9842E-05 9.9842E-05 0.238275 9.9842E-05 9.9842E-05 9.9842E-05 9.9842E-05 9.9842E-05 9.9842E-05 0.491225 9.9842E-05 9.9842E-05 9.9842E-05 9.9842E-05 9.9842E-05 9.9842E-05 9.9842E-05
9.98508E-05 9.98508E-05 9.98508E-05 9.98508E-05 9.98508E-05 9.98508E-05 9.98508E-05 9.98508E-05 0.161437 0.0191225 9.98508E-05 9.98508E-05 9.98508E-05 0.718114 9.98508E-05 9.98508E-05 9.98508E-05 9.98508E-05 9.98508E-05 9.98508E-05 0.0996291
9.98508E-05 9.98508E-05 0.593857 9.98508E-05 9.98508E-05 9.98508E-05 9.98508E-05 9.98508E-05 9.98508E-05 9.98508E-05 9.98508E-05 9.98508E-05 9.98508E-05 0.285333 9.98508E-05 9.98508E-05 9.98508E-05 9.98508E-05 9.98508E-05 0.0741897 0.0449237
9.98598E-05 9.98598E-05 9.98598E-05 9.98598E-05 9.98598E-05 9.98598E-05 0.221955 9.98598E-05 9.98598E-05 9.98598E-05 0.0359899 9.98598E-05 9.98598E-05 0.579999 9.98598E-05 9.98598E-05 9.98598E-05 9.98598E-05 9.98598E-05 0.0838184 0.0766401
0.111104 9.9842E-05 9.9842E-05 9.9842E-05 9.9842E-05 9.9842E-05 9.9842E-05 9.9842E-05 9.9842E-05 9.9842E-05 9.9842E-05 0.0303283 9.9842E-05 0.856771 9.9842E-05 9.9842E-05 9.9842E-05 9.9842E-05 9.9842E-05 9.9842E-05 9.9842E-05
9.98595E-05 0.0155737 9.98595E-05 9.98595E-05 9.98595E-05 0.00587722 9.98595E-05 9.98595E-05 0.111631 9.98595E-05 9.98595E-05 9.98595E-05 9.98595E-05 0.852964 9.98595E-05 9.98595E-05 9.98595E-05 0.0123563 9.98595E-05 9.98595E-05 9.98595E-05
0.156764 9.98595E-05 9.98595E-05 9.98595E-05 9.98595E-05 9.98595E-05 9.98595E-05 9.98595E-05 9.98595E-05 9.98595E-05 9.98595E-05 9.98595E-05 9.98595E-05 0.487407 0.0129229 9.98595E-05 9.98595E-05 9.98595E-05 9.98595E-05 0.177314 0.163995
9.9842E-05 9.9842E-05 9.9842E-05 9.9842E-05 9.9842E-05 9.9842E-05 9.9842E-05 9.9842E-05 9.9842E-05 9.9842E-05 9.9842E-05 9.9842E-05 9.9842E-05 0.795112 9.9842E-05 9.9842E-05 9.9842E-05 9.9842E-05 9.9842E-05 0.137451 0.0656395
0.369958 9.98419E-05 9.98419E-05 9.98419E-05 9.98419E-05 9.98419E-05 9.98419E-05 9.98419E-05 9.98419E-05 9.98419E-05 9.98419E-05 9.98419E-05 9.98419E-05 0.617953 9.98419E-05 9.98419E-05 9.98419E-05 0.0102913 9.98419E-05 9.98419E-05 9.98419E-05
0.0177769 9.98684E-05 9.98684E-05 9.98684E-05 0.0697641 9.98684E-05 0.0999609 9.98684E-05 9.98684E-05 9.98684E-05 9.98684E-05 9.98684E-05 9.98684E-05 0.768553 9.98684E-05 9.98684E-05 9.98684E-05 0.00339194 9.98684E-05 9.98684E-05 0.039055
9.98684E-05 9.98684E-05 0.129485 9.98684E-05 9.98684E-05 9.98684E-05 0.0145818 9.98684E-05 9.98684E-05 9.98684E-05 9.98684E-05 9.98684E-05 9.98684E-05 0.634428 0.0551255 9.98684E-05 9.98684E-05 9.98684E-05 9.98684E-05 0.160734 0.00414791
9.98243E-05 9.98243E-05 9.98243E-05 9.98243E-05 9.98243E-05 9.98243E-05 9.98243E-05 9.98243E-05 9.98243E-05 9.98243E-05 9.98243E-05 9.98243E-05 9.98243E-05 9.98243E-05 9.98243E-05 9.98243E-05 9.98243E-05 9.98243E-05 9.98243E-05 9.98243E-05 0.998004
9.98243E-05 9.98243E-05 9.98243E-05 9.98243E-05 9.98243E-05 9.98243E-05 9.98243E-05 9.98243E-05 9.98243E-05 9.98243E-05 9.98243E-05 9.98243E-05 9.98243E-05 9.98243E-05 9.98243E-05 9.98243E-05 9.98243E-05 9.98243E-05 9.98243E-05 0.998004 9.98243E-05
9.98242E-05 9.98242E-05 9.98242E-05 9.98242E-05 9.98242E-05 9.98242E-05 9.98242E-05 9.98242E-05 9.98242E-05 9.98242E-05 9.98242E-05 9.98242E-05 9.98242E-05 9.98242E-05 9.98242E-05 9.98242E-05 9.98242E-05 9.98242E-05 9.98242E-05 9.98242E-05 0.998004
9.98242E-05 9.98242E-05 9.98242E-05 9.98242E-05 9.98242E-05 9.98242E-05 9.98242E-05 9.98242E-05 9.98242E-05 9.98242E-05 9.98242E-05 9.98242E-05 9.98242E-05 9.98242E-05 9.98242E-05 9.98242E-05 9.98242E-05 9.98242E-05 9.98242E-05 0.998004 9.98242E-05
9.98242E-05 9.98242E-05 9.98242E-05 9.98242E-05 9.98242E-05 9.98242E-05 9.98242E-05 9.98242E-05 9.98242E-05 9.98242E-05 9.98242E-05 9.98242E-05 9.98242E-05 9.98242E-05 9.98242E-05 9.98242E-05 9.98242E-05 9.98242E-05 9.98242E-05 0.998004 9.98242E-05
9.98242E-05 9.98242E-05 9.98242E-05 9.98242E-05 9.98242E-05 9.98242E-05 9.98242E-05 9.98242E-05 9.98242E-05 9.98242E-05 9.98242E-05 9.98242E-05 9.98242E-05 9.98242E-05 9.98242E-05 9.98242E-05 9.98242E-05 9.98242E-05 9.98242E-05 0.998004 9.98242E-05
9.98242E-05 9.98242E-05 9.98242E-05 9.98242E-05 9.98242E-05 9.98242E-05 9.98242E-05 9.98242E-05 9.98242E-05 9.98242E-05 9.98242E-05 9.98242E-05 9.98242E-05 9.98242E-05 9.98242E-05 9.98242E-05 9.98242E-05 9.98242E-05 9.98242E-05 9.98242E-05 0.998004
9.98242E-05 9.98242E-05 9.98242E-05 9.98242E-05 9.98242E-05 9.98242E-05 9.98242E-05 9.98242E-05 9.98242E-05 9.98242E-05 9.98242E-05 9.98242E-05 9.98242E-05 9.98242E-05 9.98242E-05 9.98242E-05 9.98242E-05 9.98242E-05 9.98242E-05 0.998004 9.98242E-05
9.98243E-05 9.98243E-05 9.98243E-05 9.98243E-05 9.98243E-05 9.98243E-05 9.98243E-05 9.98243E-05 9.98243E-05 9.98243E-05 9.98243E-05 9.98243E-05 9.98243E-05 9.98243E-05 9.98243E-05 9.98243E-05 9.98243E-05 9.98243E-05 9.98243E-05 0.998004 9.98243E-05
9.98242E-05 9.98242E-05 9.98242E-05 9.98242E-05 9.98242E-05 9.98242E-05 9.98242E-05 9.98242E-05 9.98242E-05 9.98242E-05 9.98242E-05 9.98242E-05 9.98242E-05 9.98242E-05 9.98242E-05 9.98242E-05 9.98242E-05 9.98242E-05 9.98242E-05 9.98242E-05 0.998004
9.98332E-05 9.98332E-05 9.98332E-05 9.98332E-05 9.98332E-05 9.98332E-05 9.98332E-05 9.98332E-05 9.98332E-05 9.98332E-05 9.98332E-05 9.98332E-05 9.98332E-05 9.98332E-05 9.98332E-05 9.98332E-05 9.98332E-05 9.98332E-05 9.98332E-05 0.00235339 0.99575
9.98241E-05 9.98241E-05 9.98241E-05 9.98241E-05 9.98241E-05 9.98241E-05 9.98241E-05 9.98241E-05 9.98241E-05 9.98241E-05 9.98241E-05 9.98241E-05 9.98241E-05 9.98241E-05 9.98241E-05 9.98241E-05 9.98241E-05 9.98241E-05 9.98241E-05 9.98241E-05 0.998004
9.98242E-05 9.98242E-05 9.98242E-05 9.98242E-05 9.98242E-05 9.98242E-05 9.98242E-05 9.98242E-05 9.98242E-05 9.98242E-05 9.98242E-05 9.98242E-05 9.98242E-05 9.98242E-05 9.98242E-05 9.98242E-05 9.98242E-05 9.98242E-05 9.98242E-05 0.998004 9.98242E-05
9.98242E-05 9.98242E-05 9.98242E-05 9.98242E-05 9.98242E-05 9.98242E-05 9.98242E-05 9.98242E-05 9.98242E-05 9.98242E-05 9.98242E-05 9.98242E-05 9.98242E-05 9.98242E-05 9.98242E-05 9.98242E-05 9.98242E-05 9.98242E-05 9.98242E-05 0.998004 9.98242E-05
9.98242E-05 9.98242E-05 9.98242E-05 9.98242E-05 9.98242E-05 9.98242E-05 9.98242E-05 9.98242E-05 9.98242E-05 9.98242E-05 9.98242E-05 9.98242E-05 9.98242E-05 9.98242E-05 9.98242E-05 9.98242E-05 9.98242E-05 9.98242E-05 9.98242E-05 9.98242E-05 0.998004
9.98242E-05 9.98242E-05 9.98242E-05 9.98242E-05 9.98242E-05 9.98242E-05 9.98242E-05 9.98242E-05 9.98242E-05 9.98242E-05 9.98242E-05 9.98242E-05 9.98242E-05 9.98242E-05 9.98242E-05 9.98242E-05 9.98242E-05 9.98242E-05 9.98242E-05 9.98242E-05 0.998004
9.98858E-05 9.98858E-05 9.98858E-05 9.98858E-05 0.0467911 0.00723763 9.98858E-05 9.98858E-05 0.0930979 9.98858E-05 9.98858E-05 9.98858E-05 0.00265112 0.649975 9.98858E-05 0.113132 9.98858E-05 9.98858E-05 9.98858E-05 0.0352894 0.0505274
9.98243E-05 9.98243E-05 9.98243E-05 9.98243E-05 9.98243E-05 9.98243E-05 9.98243E-05 9.98243E-05 9.98243E-05 9.98243E-05 9.98243E-05 9.98243E-05 9.98243E-05 9.98243E-05 9.98243E-05 9.98243E-05 9.98243E-05 9.98243E-05 9.98243E-05 9.98243E-05 0.998004
9.98242E-05 9.98242E-05 9.98242E-05 9.98242E-05 9.98242E-05 9.98242E-05 9.98242E-05 9.98242E-05 9.98242E-05 9.98242E-05 9.98242E-05 9.98242E-05 9.98242E-05 9.98242E-05 9.98242E-05 9.98242E-05 9.98242E-05 9.98242E-05 9.98242E-05 0.998004 9.98242E-05
