0.386164 9.98771E-05 9.98771E-05 9.98771E-05 9.98771E-05 9.98771E-05 0.0399721 9.98771E-05 9.98771E-05 0.12454 0.0455696 0.124369 0.0511719 9.98771E-05 0.226815 9.98771E-05 9.98771E-05 9.98771E-05 9.98771E-05 9.98771E-05 9.98771E-05
0.738092 9.98508E-05 9.98508E-05 9.98508E-05 9.98508E-05 9.98508E-05 0.0929712 9.98508E-05 9.98508E-05 9.98508E-05 9.98508E-05 9.98508E-05 9.98508E-05 9.98508E-05 0.122542 9.98508E-05 0.0446975 9.98508E-05 9.98508E-05 9.98508E-05 9.98508E-05
0.867076 9.98683E-05 9.98683E-05 9.98683E-05 9.98683E-05 9.98683E-05 9.98683E-05 9.98683E-05 9.98683E-05 9.98683E-05 9.98683E-05 9.98683E-05 0.0379176 9.98683E-05 9.98683E-05 0.00591313 9.98683E-05 0.0362073 9.98683E-05 0.000610528 0.0507776
0.256303 0.307267 9.98859E-05 9.98859E-05 9.98859E-05 9.98859E-05 9.98859E-05 9.98859E-05 9.98859E-05 9.98859E-05 0.0464331 0.149727 0.0159021 0.0138166 9.98859E-05 9.98859E-05 0.0913064 0.117946 9.98859E-05 9.98859E-05 9.98859E-05
0.784231 9.98596E-05 9.98596E-05 9.98596E-05 9.98596E-05 9.98596E-05 9.98596E-05 9.98596E-05 0.0380359 9.98596E-05 9.98596E-05 9.98596E-05 9.98596E-05 9.98596E-05 9.98596E-05 9.98596E-05 0.112195 0.051562 9.98596E-05 9.98596E-05 0.0123791
0.156169 9.98859E-05 9.98859E-05 0.124043 0.0167406 9.98859E-05 0.0225498 9.98859E-05 0.143644 9.98859E-05 9.98859E-05 9.98859E-05 9.98859E-05 9.98859E-05 0.243592 9.98859E-05 9.98859E-05 0.214322 9.98859E-05 9.98859E-05 0.0776407
0.248738 0.119185 9.99123E-05 9.99123E-05 0.000624222 9.99123E-05 0.0678259 9.99123E-05 9.99123E-05 9.99123E-05 0.113707 0.16018 0.0350494 9.99123E-05 0.087088 0.107673 0.0307018 9.99123E-05 9.99123E-05 0.0282292 9.99123E-05
0.128515 9.99211E-05 0.043982 0.153128 0.131556 0.00854161 9.99211E-05 9.99211E-05 0.0743363 0.034984 9.99211E-05 0.191319 9.99211E-05 9.99211E-05 0.0617136 9.99211E-05 0.055116 0.0875466 9.99211E-05 9.99211E-05 0.0283631
0.174431 9.99034E-05 9.99034E-05 0.220323 0.0350505 9.99034E-05 0.0534553 9.99034E-05 9.99034E-05 9.99034E-05 9.99034E-05 0.123512 0.143771 0.0141259 0.0199674 9.99034E-05 0.0979435 9.99034E-05 9.99034E-05 0.116322 9.99034E-05
0.859518 9.98595E-05 9.98595E-05 9.98595E-05 9.98595E-05 0.0353427 9.98595E-05 9.98595E-05 0.00316713 9.98595E-05 9.98595E-05 9.98595E-05 0.099011 9.98595E-05 9.98595E-05 9.98595E-05 9.98595E-05 9.98595E-05 9.98595E-05 0.00136383 9.98595E-05
0.3523 9.98859E-05 9.98859E-05 0.0564355 9.98859E-05 9.98859E-05 9.98859E-05 9.98859E-05 9.98859E-05 9.98859E-05 0.104616 0.137252 0.164055 0.0214754 0.147216 9.98859E-05 0.0153508 9.98859E-05 9.98859E-05 9.98859E-05 9.98859E-05
0.751477 0.0525635 0.0258562 9.98947E-05 9.98947E-05 9.98947E-05 9.98947E-05 9.98947E-05 0.0394987 9.98947E-05 0.0497125 9.98947E-05 9.98947E-05 9.98947E-05 9.98947E-05 0.00104627 0.0279633 0.0299336 0.0207497 9.98947E-05 9.98947E-05
0.774384 9.98419E-05 9.98419E-05 9.98419E-05 9.98419E-05 9.98419E-05 9.98419E-05 9.98419E-05 9.98419E-05 9.98419E-05 9.98419E-05 0.136773 0.087046 9.98419E-05 9.98419E-05 9.98419E-05 9.98419E-05 9.98419E-05 9.98419E-05 9.98419E-05 9.98419E-05
0.601094 9.9886E-05 0.00398186 9.9886E-05 9.9886E-05 9.9886E-05 9.9886E-05 0.0283402 9.9886E-05 9.9886E-05 0.0315863 0.00831895 0.047401 9.9886E-05 9.9886E-05 9.9886E-05 9.9886E-05 9.9886E-05 0.163564 9.9886E-05 0.114415
0.232484 9.98684E-05 9.98684E-05 0.141368 9.98684E-05 9.98684E-05 9.98684E-05 9.98684E-05 9.98684E-05 9.98684E-05 9.98684E-05 9.98684E-05 0.146444 9.98684E-05 0.215501 9.98684E-05 9.98684E-05 0.212225 9.98684E-05 0.0504799 9.98684E-05
0.185786 9.98859E-05 0.1973 0.144999 9.98859E-05 9.98859E-05 9.98859E-05 9.98859E-05 9.98859E-05 0.0899165 9.98859E-05 0.0743674 0.0639076 9.98859E-05 0.153971 9.98859E-05 9.98859E-05 0.0884531 9.98859E-05 9.98859E-05 9.98859E-05
0.560792 0.101935 0.000413732 9.98859E-05 9.98859E-05 9.98859E-05 0.0112414 0.15275 9.98859E-05 0.121049 0.00988108 9.98859E-05 0.0406394 9.98859E-05 9.98859E-05 9.98859E-05 9.98859E-05 9.98859E-05 9.98859E-05 9.98859E-05 9.98859E-05
0.145701 9.98947E-05 9.98947E-05 0.053971 9.98947E-05 0.155862 9.98947E-05 9.98947E-05 9.98947E-05 9.98947E-05 9.98947E-05 0.107863 0.157946 0.145405 0.193397 9.98947E-05 0.00482614 9.98947E-05 9.98947E-05 0.0338303 9.98947E-05
0.299583 9.98684E-05 9.98684E-05 0.0631505 9.98684E-05 9.98684E-05 9.98684E-05 9.98684E-05 0.17774 9.98684E-05 0.0273284 0.190909 0.239791 9.98684E-05 9.98684E-05 9.98684E-05 9.98684E-05 9.98684E-05 9.98684E-05 9.98684E-05 9.98684E-05
0.912431 9.9842E-05 9.9842E-05 9.9842E-05 9.9842E-05 9.9842E-05 9.9842E-05 9.9842E-05 9.9842E-05 9.9842E-05 9.9842E-05 9.9842E-05 0.0298652 0.0559066 9.9842E-05 9.9842E-05 9.9842E-05 9.9842E-05 9.9842E-05 9.9842E-05 9.9842E-05
0.452753 9.98771E-05 0.152679 0.0674687 9.98771E-05 9.98771E-05 9.98771E-05 9.98771E-05 9.98771E-05 9.98771E-05 0.0169803 0.0292538 0.0583525 9.98771E-05 9.98771E-05 9.98771E-05 0.221115 9.98771E-05 9.98771E-05 9.98771E-05 9.98771E-05
0.204766 9.98685E-05 9.98685E-05 0.128665 9.98685E-05 9.98685E-05 9.98685E-05 9.98685E-05 0.14465 9.98685E-05 9.98685E-05 0.434489 9.98685E-05 9.98685E-05 9.98685E-05 9.98685E-05 9.98685E-05 0.0313882 9.98685E-05 9.98685E-05 0.0545432
0.575768 9.98597E-05 9.98597E-05 9.98597E-05 9.98597E-05 9.98597E-05 9.98597E-05 9.98597E-05 9.98597E-05 9.98597E-05 0.0476462 9.98597E-05 0.094721 9.98597E-05 0.244768 9.98597E-05 9.98597E-05 0.0354984 9.98597E-05 9.98597E-05 9.98597E-05
0.279008 9.98684E-05 0.0246611 9.98684E-05 9.98684E-05 9.98684E-05 9.98684E-05 9.98684E-05 9.98684E-05 9.98684E-05 9.98684E-05 0.379204 0.244989 9.98684E-05 0.0192921 9.98684E-05 9.98684E-05 9.98684E-05 9.98684E-05 0.0513472 9.98684E-05
0.244821 0.0577571 9.99033E-05 0.0569959 9.99033E-05 9.99033E-05 9.99033E-05 9.99033E-05 9.99033E-05 9.99033E-05 0.0543941 0.1497 0.273243 0.0287375 9.99033E-05 9.99033E-05 9.99033E-05 0.0116779 0.106436 0.0151392 9.99033E-05
0.67365 0.0565765 9.98684E-05 0.00146689 9.98684E-05 9.98684E-05 9.98684E-05 9.98684E-05 9.98684E-05 9.98684E-05 9.98684E-05 0.0730237 0.117468 9.98684E-05 9.98684E-05 9.98684E-05 9.98684E-05 0.0763165 9.98684E-05 9.98684E-05 9.98684E-05
0.0068186 9.98684E-05 0.0286238 9.98684E-05 9.98684E-05 0.164271 9.98684E-05 9.98684E-05 9.98684E-05 9.98684E-05 9.98684E-05 0.359953 0.162786 9.98684E-05 9.98684E-05 9.98684E-05 9.98684E-05 0.27605 9.98684E-05 9.98684E-05 9.98684E-05
0.743607 0.0756529 9.98597E-05 9.98597E-05 9.98597E-05 9.98597E-05 9.98597E-05 9.98597E-05 0.025245 9.98597E-05 9.98597E-05 0.106894 0.0470029 9.98597E-05 9.98597E-05 9.98597E-05 9.98597E-05 9.98597E-05 9.98597E-05 9.98597E-05 9.98597E-05
0.499701 9.98685E-05 9.98685E-05 9.98685E-05 9.98685E-05 9.98685E-05 9.98685E-05 9.98685E-05 9.98685E-05 9.98685E-05 9.98685E-05 0.0873906 0.243493 9.98685E-05 0.105183 9.98685E-05 9.98685E-05 9.98685E-05 0.0384147 0.0243197 9.98685E-05
0.611623 9.98772E-05 9.98772E-05 0.0383873 9.98772E-05 9.98772E-05 9.98772E-05 0.0773791 0.116879 9.98772E-05 9.98772E-05 9.98772E-05 0.0772565 9.98772E-05 0.00103319 9.98772E-05 9.98772E-05 9.98772E-05 9.98772E-05 0.0760437 9.98772E-05
0.630493 9.98947E-05 9.98947E-05 0.0209077 9.98947E-05 0.0134983 9.98947E-05 9.98947E-05 0.0228914 9.98947E-05 0.130498 0.0172269 0.00579646 0.0324658 0.125025 9.98947E-05 9.98947E-05 9.98947E-05 9.98947E-05 9.98947E-05 9.98947E-05
0.431613 9.99036E-05 9.99036E-05 0.00838723 9.99036E-05 9.99036E-05 9.99036E-05 9.99036E-05 0.0447631 9.99036E-05 0.0760391 0.113603 0.104023 9.99036E-05 0.10114 9.99036E-05 0.0103426 0.0769934 0.0319972 9.99036E-05 9.99036E-05
0.430672 9.98684E-05 9.98684E-05 9.98684E-05 9.98684E-05 9.98684E-05 9.98684E-05 9.98684E-05 9.98684E-05 9.98684E-05 0.111683 0.11288 0.187023 9.98684E-05 0.1033 9.98684E-05 9.98684E-05 0.0529435 9.98684E-05 9.98684E-05 9.98684E-05
0.451034 9.98947E-05 0.0704617 9.98947E-05 9.98947E-05 0.0254861 9.98947E-05 9.98947E-05 9.98947E-05 9.98947E-05 9.98947E-05 0.0317987 0.118397 0.0372888 9.98947E-05 9.98947E-05 9.98947E-05 0.119102 0.116847 0.0283857 9.98947E-05
0.818617 9.98684E-05 9.98684E-05 9.98684E-05 9.98684E-05 9.98684E-05 0.0545129 9.98684E-05 0.0139874 9.98684E-05 0.0972385 9.98684E-05 0.00360892 0.0105373 9.98684E-05 9.98684E-05 9.98684E-05 9.98684E-05 9.98684E-05 9.98684E-05 9.98684E-05
0.639373 0.234069 9.98773E-05 9.98773E-05 9.98773E-05 9.98773E-05 0.0120132 9.98773E-05 9.98773E-05 0.00382051 0.0151948 0.0881674 9.98773E-05 9.98773E-05 9.98773E-05 9.98773E-05 9.98773E-05 9.98773E-05 9.98773E-05 0.00596396 9.98773E-05
0.781212 0.0164433 9.98598E-05 9.98598E-05 9.98598E-05 9.98598E-05 0.0155325 9.98598E-05 0.172485 9.98598E-05 9.98598E-05 9.98598E-05 9.98598E-05 9.98598E-05 9.98598E-05 0.01273 9.98598E-05 9.98598E-05 9.98598E-05 9.98598E-05 9.98598E-05
0.675481 9.98597E-05 9.98597E-05 0.155589 9.98597E-05 9.98597E-05 0.0429178 9.98597E-05 9.98597E-05 9.98597E-05 9.98597E-05 9.98597E-05 0.0684477 0.0559667 9.98597E-05 9.98597E-05 9.98597E-05 9.98597E-05 9.98597E-05 9.98597E-05 9.98597E-05
0.524416 9.9886E-05 9.9886E-05 9.9886E-05 9.9886E-05 9.9886E-05 0.0255399 0.11709 9.9886E-05 9.9886E-05 0.000294756 0.0417663 0.217225 0.0129188 9.9886E-05 9.9886E-05 9.9886E-05 9.9886E-05 9.9886E-05 9.9886E-05 0.0594511
0.539097 9.98685E-05 0.0648863 9.98685E-05 9.98685E-05 9.98685E-05 9.98685E-05 9.98685E-05 0.0915041 9.98685E-05 9.98685E-05 9.98685E-05 0.109351 9.98685E-05 9.98685E-05 0.0557113 9.98685E-05 0.137952 9.98685E-05 9.98685E-05 9.98685E-05
0.653845 9.98596E-05 9.98596E-05 9.98596E-05 9.98596E-05 9.98596E-05 9.98596E-05 9.98596E-05 0.100125 9.98596E-05 0.00634521 0.161675 0.0764126 9.98596E-05 9.98596E-05 9.98596E-05 9.98596E-05 9.98596E-05 9.98596E-05 9.98596E-05 9.98596E-05
0.609372 9.98686E-05 9.98686E-05 0.0128822 9.98686E-05 9.98686E-05 9.98686E-05 9.98686E-05 9.98686E-05 9.98686E-05 9.98686E-05 0.276331 0.0767342 9.98686E-05 0.0127589 9.98686E-05 9.98686E-05 9.98686E-05 9.98686E-05 0.0104237 9.98686E-05
0.784443 9.98596E-05 9.98596E-05 9.98596E-05 9.98596E-05 9.98596E-05 0.0311354 0.0313197 0.0356771 9.98596E-05 9.98596E-05 0.115827 9.98596E-05 9.98596E-05 9.98596E-05 9.98596E-05 9.98596E-05 9.98596E-05 9.98596E-05 9.98596E-05 9.98596E-05
0.333135 9.99122E-05 9.99122E-05 0.126859 0.0301809 9.99122E-05 0.060533 9.99122E-05 9.99122E-05 9.99122E-05 0.089129 0.146806 0.0956015 9.99122E-05 0.0519541 9.99122E-05 9.99122E-05 9.99122E-05 0.00182789 0.0370788 0.0258958
0.246051 0.0513001 9.98684E-05 9.98684E-05 9.98684E-05 9.98684E-05 9.98684E-05 9.98684E-05 0.0436954 9.98684E-05 9.98684E-05 0.411733 0.17385 9.98684E-05 9.98684E-05 9.98684E-05 9.98684E-05 9.98684E-05 9.98684E-05 9.98684E-05 0.0718721
0.744402 0.0654248 9.98771E-05 9.98771E-05 9.98771E-05 0.00284192 9.98771E-05 9.98771E-05 9.98771E-05 9.98771E-05 9.98771E-05 0.0228273 0.038088 0.0546148 9.98771E-05 9.98771E-05 0.0704032 9.98771E-05 9.98771E-05 9.98771E-05 9.98771E-05
0.823778 0.0657426 9.98684E-05 0.0177502 9.98684E-05 0.013827 9.98684E-05 9.98684E-05 9.98684E-05 9.98684E-05 0.0105861 9.98684E-05 0.0668181 9.98684E-05 9.98684E-05 9.98684E-05 9.98684E-05 9.98684E-05 9.98684E-05 9.98684E-05 9.98684E-05
0.84444 9.98509E-05 0.0624723 9.98509E-05 9.98509E-05 9.98509E-05 9.98509E-05 9.98509E-05 9.98509E-05 9.98509E-05 9.98509E-05 9.98509E-05 0.021747 9.98509E-05 9.98509E-05 9.98509E-05 9.98509E-05 9.98509E-05 9.98509E-05 9.98509E-05 0.0696432
0.600028 9.98858E-05 9.98858E-05 9.98858E-05 9.98858E-05 0.000382778 9.98858E-05 9.98858E-05 9.98858E-05 0.0203379 0.0292513 0.178029 0.133605 9.98858E-05 0.0245404 9.98858E-05 0.0125274 9.98858E-05 9.98858E-05 9.98858E-05 9.98858E-05
0.708037 9.98862E-05 9.98862E-05 9.98862E-05 9.98862E-05 0.0532726 9.98862E-05 9.98862E-05 0.0201818 9.98862E-05 9.98862E-05 0.027631 0.022631 0.0156742 9.98862E-05 0.110056 9.98862E-05 9.98862E-05 9.98862E-05 9.98862E-05 0.0412181
0.256062 0.0321085 9.99034E-05 0.100592 9.99034E-05 9.99034E-05 9.99034E-05 9.99034E-05 9.99034E-05 9.99034E-05 0.111764 0.0360649 0.165453 9.99034E-05 0.122665 9.99034E-05 0.046589 0.108778 9.99034E-05 0.0188253 9.99034E-05
0.467862 0.140343 9.98597E-05 9.98597E-05 9.98597E-05 9.98597E-05 9.98597E-05 9.98597E-05 9.98597E-05 9.98597E-05 9.98597E-05 0.30031 9.98597E-05 9.98597E-05 9.98597E-05 9.98597E-05 9.98597E-05 9.98597E-05 9.98597E-05 0.0567399 0.033148
0.811409 9.98596E-05 9.98596E-05 9.98596E-05 9.98596E-05 0.123513 0.0100411 9.98596E-05 9.98596E-05 9.98596E-05 9.98596E-05 9.98596E-05 0.0408098 9.98596E-05 9.98596E-05 9.98596E-05 9.98596E-05 9.98596E-05 0.0126299 9.98596E-05 9.98596E-05
0.595184 9.98685E-05 0.175474 9.98685E-05 9.98685E-05 0.0155583 9.98685E-05 9.98685E-05 9.98685E-05 9.98685E-05 9.98685E-05 9.98685E-05 0.0431488 9.98685E-05 9.98685E-05 0.0437027 9.98685E-05 9.98685E-05 9.98685E-05 9.98685E-05 0.125434
0.751565 9.98598E-05 9.98598E-05 9.98598E-05 9.98598E-05 9.98598E-05 9.98598E-05 9.98598E-05 0.0304423 9.98598E-05 9.98598E-05 9.98598E-05 0.134335 9.98598E-05 9.98598E-05 9.98598E-05 9.98598E-05 9.98598E-05 9.98598E-05 0.0414274 0.0406328
0.662317 9.98598E-05 9.98598E-05 9.98598E-05 9.98598E-05 9.98598E-05 9.98598E-05 9.98598E-05 9.98598E-05 9.98598E-05 0.102048 9.98598E-05 9.98598E-05 0.0675937 0.0374479 9.98598E-05 9.98598E-05 0.128995 9.98598E-05 9.98598E-05 9.98598E-05
0.588307 9.98772E-05 9.98772E-05 9.98772E-05 0.0194573 0.121636 0.0619626 9.98772E-05 0.0601659 9.98772E-05 9.98772E-05 0.033191 0.113881 9.98772E-05 9.98772E-05 9.98772E-05 9.98772E-05 9.98772E-05 9.98772E-05 9.98772E-05 9.98772E-05
0.796781 0.111239 9.98509E-05 9.98509E-05 9.98509E-05 9.98509E-05 9.98509E-05 9.98509E-05 9.98509E-05 9.98509E-05 0.0143312 9.98509E-05 0.0759518 9.98509E-05 9.98509E-05 9.98509E-05 9.98509E-05 9.98509E-05 9.98509E-05 9.98509E-05 9.98509E-05
0.857628 0.020559 9.98596E-05 9.98596E-05 0.0075415 9.98596E-05 9.98596E-05 9.98596E-05 9.98596E-05 9.98596E-05 9.98596E-05 9.98596E-05 9.98596E-05 0.0196793 9.98596E-05 0.0929942 9.98596E-05 9.98596E-05 9.98596E-05 9.98596E-05 9.98596E-05
9.9877E-05 9.9877E-05 9.9877E-05 0.0223382 0.118949 0.00969207 0.045276 9.9877E-05 9.9877E-05 9.9877E-05 9.9877E-05 9.9877E-05 0.102451 9.9877E-05 0.698886 9.9877E-05 9.9877E-05 9.9877E-05 0.00101026 9.9877E-05 9.9877E-05
9.9851E-05 9.9851E-05 9.9851E-05 9.9851E-05 9.9851E-05 9.9851E-05 9.9851E-05 9.9851E-05 0.0238051 9.9851E-05 9.9851E-05 9.9851E-05 9.9851E-05 9.9851E-05 0.908747 9.9851E-05 0.0188625 9.9851E-05 9.9851E-05 0.0468879 9.9851E-05
9.98508E-05 9.98508E-05 9.98508E-05 9.98508E-05 9.98508E-05 0.121383 9.98508E-05 0.0534853 9.98508E-05 9.98508E-05 9.98508E-05 9.98508E-05 9.98508E-05 9.98508E-05 0.756611 0.0668234 9.98508E-05 9.98508E-05 9.98508E-05 9.98508E-05 9.98508E-05
9.98684E-05 9.98684E-05 9.98684E-05 0.109191 9.98684E-05 9.98684E-05 0.272517 9.98684E-05 9.98684E-05 9.98684E-05 9.98684E-05 9.98684E-05 0.020064 9.98684E-05 0.309975 0.0943507 9.98684E-05 0.192404 9.98684E-05 9.98684E-05 9.98684E-05
9.98944E-05 0.00644159 9.98944E-05 0.0875243 9.98944E-05 0.0518051 9.98944E-05 9.98944E-05 0.0187472 9.98944E-05 9.98944E-05 0.0825893 9.98944E-05 0.00841024 0.657716 0.051251 9.98944E-05 9.98944E-05 9.98944E-05 9.98944E-05 0.0343164
9.98593E-05 9.98593E-05 9.98593E-05 0.0485449 9.98593E-05 9.98593E-05 9.98593E-05 9.98593E-05 9.98593E-05 0.0157708 9.98593E-05 0.0615078 0.152257 9.98593E-05 0.720322 9.98593E-05 9.98593E-05 9.98593E-05 9.98593E-05 9.98593E-05 9.98593E-05
9.98683E-05 0.155933 9.98683E-05 9.98683E-05 9.98683E-05 9.98683E-05 0.178672 9.98683E-05 9.98683E-05 9.98683E-05 9.98683E-05 9.98683E-05 0.0788511 9.98683E-05 0.465858 0.0330047 9.98683E-05 9.98683E-05 0.0861837 9.98683E-05 9.98683E-05
9.98769E-05 9.98769E-05 9.98769E-05 0.0610158 9.98769E-05 0.148126 0.0868802 9.98769E-05 9.98769E-05 9.98769E-05 9.98769E-05 9.98769E-05 0.0633658 9.98769E-05 0.559872 0.00203941 9.98769E-05 0.0773031 9.98769E-05 9.98769E-05 9.98769E-05
9.98509E-05 9.98509E-05 9.98509E-05 9.98509E-05 9.98509E-05 9.98509E-05 0.00974114 9.98509E-05 9.98509E-05 9.98509E-05 9.98509E-05 9.98509E-05 9.98509E-05 9.98509E-05 0.847459 9.98509E-05 9.98509E-05 9.98509E-05 0.0492185 0.0918837 9.98509E-05
9.98419E-05 9.98419E-05 9.98419E-05 9.98419E-05 9.98419E-05 9.98419E-05 9.98419E-05 9.98419E-05 9.98419E-05 0.0185736 0.0662741 9.98419E-05 9.98419E-05 9.98419E-05 0.913355 9.98419E-05 9.98419E-05 9.98419E-05 9.98419E-05 9.98419E-05 9.98419E-05
9.98593E-05 9.98593E-05 9.98593E-05 0.0454009 9.98593E-05 9.98593E-05 9.98593E-05 9.98593E-05 0.0415488 9.98593E-05 0.171379 9.98593E-05 0.181264 9.98593E-05 0.558809 9.98593E-05 9.98593E-05 9.98593E-05 9.98593E-05 9.98593E-05 9.98593E-05
9.99034E-05 9.99034E-05 0.116765 0.037205 9.99034E-05 9.99034E-05 0.00848873 9.99034E-05 0.0445833 0.00726153 0.0471939 0.15318 0.152829 9.99034E-05 0.352308 0.0790857 9.99034E-05 9.99034E-05 9.99034E-05 9.99034E-05 9.99034E-05
9.98769E-05 9.98769E-05 0.0411337 0.138572 9.98769E-05 9.98769E-05 9.98769E-05 9.98769E-05 9.98769E-05 0.0815671 0.0736446 9.98769E-05 9.98769E-05 9.98769E-05 0.411509 9.98769E-05 0.15148 0.100696 9.98769E-05 9.98769E-05 9.98769E-05
9.98857E-05 9.98857E-05 9.98857E-05 9.98857E-05 9.98857E-05 9.98857E-05 0.0296526 9.98857E-05 0.00680768 9.98857E-05 9.98857E-05 0.170459 0.184376 9.98857E-05 0.517879 0.0306737 9.98857E-05 0.0373853 9.98857E-05 9.98857E-05 0.0214692
9.98423E-05 9.98423E-05 0.0525973 9.98423E-05 0.0222671 9.98423E-05 9.98423E-05 9.98423E-05 9.98423E-05 9.98423E-05 9.98423E-05 9.98423E-05 9.98423E-05 9.98423E-05 0.923338 9.98423E-05 9.98423E-05 9.98423E-05 9.98423E-05 9.98423E-05 9.98423E-05
9.98596E-05 0.00674302 9.98596E-05 0.0175388 9.98596E-05 9.98596E-05 9.98596E-05 9.98596E-05 9.98596E-05 9.98596E-05 0.00367405 9.98596E-05 0.015377 9.98596E-05 0.955069 9.98596E-05 9.98596E-05 9.98596E-05 9.98596E-05 9.98596E-05 9.98596E-05
9.98593E-05 9.98593E-05 9.98593E-05 9.98593E-05 0.212232 0.0279523 9.98593E-05 9.98593E-05 0.0811081 9.98593E-05 9.98593E-05 9.98593E-05 9.98593E-05 9.98593E-05 0.584974 9.98593E-05 9.98593E-05 0.0921361 9.98593E-05 9.98593E-05 9.98593E-05
9.98682E-05 9.98682E-05 9.98682E-05 0.0418601 9.98682E-05 9.98682E-05 9.98682E-05 9.98682E-05 0.0739671 0.0877166 0.0828217 0.105177 9.98682E-05 9.98682E-05 0.606959 9.98682E-05 9.98682E-05 9.98682E-05 9.98682E-05 9.98682E-05 9.98682E-05
9.98683E-05 0.0308324 9.98683E-05 0.00161546 9.98683E-05 0.0342943 9.98683E-05 9.98683E-05 9.98683E-05 9.98683E-05 0.0462967 9.98683E-05 0.038603 9.98683E-05 0.84686 9.98683E-05 9.98683E-05 9.98683E-05 9.98683E-05 9.98683E-05 9.98683E-05
9.98505E-05 9.98505E-05 0.076841 9.98505E-05 9.98505E-05 9.98505E-05 9.98505E-05 9.98505E-05 9.98505E-05 9.98505E-05 0.0111295 9.98505E-05 0.213248 9.98505E-05 0.697084 9.98505E-05 9.98505E-05 9.98505E-05 9.98505E-05 9.98505E-05 9.98505E-05
9.98424E-05 9.98424E-05 9.98424E-05 9.98424E-05 9.98424E-05 9.98424E-05 9.98424E-05 0.0268733 9.98424E-05 9.98424E-05 9.98424E-05 9.98424E-05 9.98424E-05 9.98424E-05 0.971108 0.000221946 9.98424E-05 9.98424E-05 9.98424E-05 9.98424E-05 9.98424E-05
9.98594E-05 9.98594E-05 9.98594E-05 9.98594E-05 9.98594E-05 9.98594E-05 9.98594E-05 9.98594E-05 0.0564581 9.98594E-05 9.98594E-05 0.197247 0.105052 9.98594E-05 0.631218 0.00842755 9.98594E-05 9.98594E-05 9.98594E-05 9.98594E-05 9.98594E-05
9.98684E-05 9.98684E-05 9.98684E-05 9.98684E-05 9.98684E-05 9.98684E-05 0.0492552 9.98684E-05 9.98684E-05 9.98684E-05 9.98684E-05 0.0146822 9.98684E-05 0.00601751 0.719057 9.98684E-05 9.98684E-05 0.102559 0.106932 9.98684E-05 9.98684E-05
9.98946E-05 9.98946E-05 9.98946E-05 0.0286398 0.0928509 9.98946E-05 9.98946E-05 9.98946E-05 0.120418 9.98946E-05 0.0093603 9.98946E-05 9.98946E-05 9.98946E-05 0.658892 0.0152046 0.0058364 0.0462761 9.98946E-05 0.0213237 9.98946E-05
9.98419E-05 9.98419E-05 9.98419E-05 9.98419E-05 9.98419E-05 9.98419E-05 9.98419E-05 9.98419E-05 9.98419E-05 0.076273 0.176651 9.98419E-05 9.98419E-05 9.98419E-05 0.745279 9.98419E-05 9.98419E-05 9.98419E-05 9.98419E-05 9.98419E-05 9.98419E-05
9.9851E-05 9.9851E-05 9.9851E-05 0.0331625 9.9851E-05 9.9851E-05 9.9851E-05 0.0108761 9.9851E-05 9.9851E-05 9.9851E-05 9.9851E-05 0.00705092 9.9851E-05 0.947213 9.9851E-05 9.9851E-05 9.9851E-05 9.9851E-05 9.9851E-05 9.9851E-05
9.9851E-05 9.9851E-05 9.9851E-05 9.9851E-05 0.0844789 0.0150637 9.9851E-05 0.0190786 9.9851E-05 9.9851E-05 9.9851E-05 9.9851E-05 9.9851E-05 9.9851E-05 0.879681 9.9851E-05 9.9851E-05 9.9851E-05 9.9851E-05 9.9851E-05 9.9851E-05
9.98334E-05 9.98334E-05 9.98334E-05 9.98334E-05 9.98334E-05 9.98334E-05 9.98334E-05 9.98334E-05 9.98334E-05 9.98334E-05 9.98334E-05 9.98334E-05 0.000822667 9.98334E-05 0.99728 9.98334E-05 9.98334E-05 9.98334E-05 9.98334E-05 9.98334E-05 9.98334E-05
9.98509E-05 9.98509E-05 9.98509E-05 0.00595852 9.98509E-05 0.0834751 9.98509E-05 9.98509E-05 9.98509E-05 9.98509E-05 9.98509E-05 9.98509E-05 0.00437711 9.98509E-05 0.904492 9.98509E-05 9.98509E-05 9.98509E-05 9.98509E-05 9.98509E-05 9.98509E-05
9.98685E-05 9.98685E-05 9.98685E-05 0.0654084 9.98685E-05 9.98685E-05 9.98685E-05 0.112324 9.98685E-05 9.98685E-05 9.98685E-05 9.98685E-05 0.111131 9.98685E-05 0.679541 9.98685E-05 9.98685E-05 9.98685E-05 0.013584 9.98685E-05 0.0165144
9.98421E-05 9.98421E-05 9.98421E-05 0.12433 9.98421E-05 9.98421E-05 9.98421E-05 9.98421E-05 9.98421E-05 9.98421E-05 9.98421E-05 9.98421E-05 0.111979 9.98421E-05 9.98421E-05 9.98421E-05 9.98421E-05 0.761894 9.98421E-05 9.98421E-05 9.98421E-05
9.98509E-05 9.98509E-05 9.98509E-05 9.98509E-05 9.98509E-05 9.98509E-05 9.98509E-05 0.347693 9.98509E-05 9.98509E-05 9.98509E-05 9.98509E-05 0.0397418 9.98509E-05 9.98509E-05 9.98509E-05 9.98509E-05 0.381816 0.229051 9.98509E-05 9.98509E-05
9.98683E-05 9.98683E-05 9.98683E-05 9.98683E-05 9.98683E-05 0.00306792 9.98683E-05 9.98683E-05 9.98683E-05 0.00124215 9.98683E-05 9.98683E-05 0.116929 9.98683E-05 9.98683E-05 9.98683E-05 9.98683E-05 0.54702 0.328429 9.98683E-05 0.00181416
9.98594E-05 9.98594E-05 9.98594E-05 0.0593248 9.98594E-05 0.0311002 9.98594E-05 9.98594E-05 9.98594E-05 9.98594E-05 0.00646362 9.98594E-05 0.138249 9.98594E-05 9.98594E-05 9.98594E-05 9.98594E-05 0.763264 9.98594E-05 9.98594E-05 9.98594E-05
9.98682E-05 9.98682E-05 9.98682E-05 0.00503069 9.98682E-05 9.98682E-05 9.98682E-05 9.98682E-05 9.98682E-05 0.023232 9.98682E-05 9.98682E-05 0.0618064 9.98682E-05 9.98682E-05 9.98682E-05 9.98682E-05 0.822322 9.98682E-05 0.0383973 0.0477134
9.98684E-05 0.0198662 9.98684E-05 0.123018 9.98684E-05 9.98684E-05 0.0311939 0.0125143 9.98684E-05 9.98684E-05 9.98684E-05 9.98684E-05 0.0730403 9.98684E-05 9.98684E-05 9.98684E-05 9.98684E-05 0.738869 9.98684E-05 9.98684E-05 9.98684E-05
9.9877E-05 9.9877E-05 0.0674601 0.0557038 9.9877E-05 0.0805432 9.9877E-05 9.9877E-05 9.9877E-05 9.9877E-05 0.00405839 9.9877E-05 0.0335999 9.9877E-05 9.9877E-05 9.9877E-05 9.9877E-05 9.9877E-05 0.755846 9.9877E-05 0.00139069
9.98508E-05 9.98508E-05 9.98508E-05 0.215644 9.98508E-05 9.98508E-05 9.98508E-05 9.98508E-05 9.98508E-05 9.98508E-05 9.98508E-05 9.98508E-05 0.0782909 9.98508E-05 9.98508E-05 9.98508E-05 9.98508E-05 0.467102 0.237265 9.98508E-05 9.98508E-05
9.98594E-05 9.98594E-05 9.98594E-05 0.315905 9.98594E-05 9.98594E-05 0.340847 9.98594E-05 9.98594E-05 9.98594E-05 0.0497818 9.98594E-05 0.0734829 9.98594E-05 9.98594E-05 9.98594E-05 9.98594E-05 0.218386 9.98594E-05 9.98594E-05 9.98594E-05
9.98765E-05 0.0161776 9.98765E-05 0.211155 9.98765E-05 9.98765E-05 9.98765E-05 9.98765E-05 9.98765E-05 9.98765E-05 0.00295941 9.98765E-05 0.260002 9.98765E-05 9.98765E-05 9.98765E-05 9.98765E-05 0.0938079 0.4144 9.98765E-05 9.98765E-05
9.98509E-05 9.98509E-05 9.98509E-05 9.98509E-05 9.98509E-05 9.98509E-05 0.182246 0.258603 0.013896 9.98509E-05 9.98509E-05 9.98509E-05 9.98509E-05 9.98509E-05 9.98509E-05 9.98509E-05 9.98509E-05 0.543558 9.98509E-05 9.98509E-05 9.98509E-05
9.98596E-05 9.98596E-05 9.98596E-05 9.98596E-05 9.98596E-05 9.98596E-05 0.100328 0.107899 9.98596E-05 9.98596E-05 0.0630236 9.98596E-05 0.0284999 9.98596E-05 9.98596E-05 9.98596E-05 9.98596E-05 0.698651 9.98596E-05 9.98596E-05 9.98596E-05
9.9842E-05 9.9842E-05 9.9842E-05 0.032936 9.9842E-05 9.9842E-05 9.9842E-05 9.9842E-05 9.9842E-05 9.9842E-05 9.9842E-05 9.9842E-05 9.9842E-05 9.9842E-05 9.9842E-05 9.9842E-05 9.9842E-05 0.243071 0.722196 9.9842E-05 9.9842E-05
9.9851E-05 9.9851E-05 9.9851E-05 0.0947871 9.9851E-05 9.9851E-05 9.9851E-05 9.9851E-05 9.9851E-05 9.9851E-05 9.9851E-05 9.9851E-05 0.148908 9.9851E-05 9.9851E-05 9.9851E-05 9.9851E-05 0.335355 0.419253 9.9851E-05 9.9851E-05
9.98859E-05 9.98859E-05 0.0359945 0.0482891 9.98859E-05 0.100321 9.98859E-05 0.0697443 9.98859E-05 0.0838746 9.98859E-05 9.98859E-05 9.98859E-05 9.98859E-05 9.98859E-05 9.98859E-05 9.98859E-05 0.459402 0.184121 9.98859E-05 0.0169547
9.98859E-05 0.024927 9.98859E-05 0.0432548 0.0308506 9.98859E-05 0.118384 9.98859E-05 9.98859E-05 9.98859E-05 0.0256165 9.98859E-05 0.114453 9.98859E-05 9.98859E-05 9.98859E-05 9.98859E-05 0.605494 9.98859E-05 9.98859E-05 0.035722
9.98683E-05 9.98683E-05 9.98683E-05 0.0411629 9.98683E-05 0.00903702 0.159962 9.98683E-05 9.98683E-05 9.98683E-05 9.98683E-05 9.98683E-05 9.98683E-05 0.0267302 9.98683E-05 9.98683E-05 9.98683E-05 0.424634 0.336975 9.98683E-05 9.98683E-05
9.98686E-05 9.98686E-05 9.98686E-05 0.0906432 9.98686E-05 9.98686E-05 9.98686E-05 0.010779 9.98686E-05 9.98686E-05 9.98686E-05 0.10558 9.98686E-05 9.98686E-05 9.98686E-05 0.024736 9.98686E-05 0.720955 9.98686E-05 9.98686E-05 0.0458088
9.98335E-05 9.98335E-05 9.98335E-05 9.98335E-05 9.98335E-05 9.98335E-05 9.98335E-05 0.048971 9.98335E-05 9.98335E-05 9.98335E-05 9.98335E-05 9.98335E-05 9.98335E-05 9.98335E-05 9.98335E-05 9.98335E-05 0.949132 9.98335E-05 9.98335E-05 9.98335E-05
9.98771E-05 0.107918 9.98771E-05 9.98771E-05 9.98771E-05 9.98771E-05 9.98771E-05 0.187582 9.98771E-05 9.98771E-05 0.0360459 9.98771E-05 0.16974 0.0461072 0.0370099 9.98771E-05 9.98771E-05 0.414198 9.98771E-05 9.98771E-05 9.98771E-05
9.98772E-05 0.0273021 9.98772E-05 0.1432 9.98772E-05 9.98772E-05 0.001907 0.0420008 9.98772E-05 9.98772E-05 9.98772E-05 9.98772E-05 0.0761873 9.98772E-05 9.98772E-05 9.98772E-05 9.98772E-05 0.640691 9.98772E-05 9.98772E-05 0.0673137
9.98421E-05 9.98421E-05 9.98421E-05 0.0228124 9.98421E-05 9.98421E-05 9.98421E-05 9.98421E-05 9.98421E-05 0.00999339 9.98421E-05 9.98421E-05 9.98421E-05 9.98421E-05 9.98421E-05 9.98421E-05 9.98421E-05 0.965397 9.98421E-05 9.98421E-05 9.98421E-05
9.98595E-05 9.98595E-05 9.98595E-05 0.240913 9.98595E-05 9.98595E-05 0.0243247 9.98595E-05 9.98595E-05 9.98595E-05 9.98595E-05 9.98595E-05 0.107615 9.98595E-05 9.98595E-05 9.98595E-05 0.0338156 0.591733 9.98595E-05 9.98595E-05 9.98595E-05
9.98597E-05 9.98597E-05 9.98597E-05 0.157669 9.98597E-05 9.98597E-05 9.98597E-05 0.0862733 9.98597E-05 9.98597E-05 9.98597E-05 9.98597E-05 9.98597E-05 9.98597E-05 9.98597E-05 9.98597E-05 9.98597E-05 0.429636 0.239678 9.98597E-05 0.0851462
9.98683E-05 9.98683E-05 9.98683E-05 0.199433 9.98683E-05 9.98683E-05 0.0165836 9.98683E-05 9.98683E-05 9.98683E-05 9.98683E-05 9.98683E-05 0.164916 0.0910293 9.98683E-05 9.98683E-05 9.98683E-05 0.511417 9.98683E-05 9.98683E-05 0.0151233
9.98509E-05 9.98509E-05 9.98509E-05 0.0926762 9.98509E-05 9.98509E-05 0.0293695 9.98509E-05 9.98509E-05 9.98509E-05 9.98509E-05 9.98509E-05 0.10204 9.98509E-05 9.98509E-05 9.98509E-05 9.98509E-05 9.98509E-05 0.774217 9.98509E-05 9.98509E-05
9.98771E-05 9.98771E-05 9.98771E-05 9.98771E-05 9.98771E-05 9.98771E-05 9.98771E-05 0.640654 9.98771E-05 9.98771E-05 9.98771E-05 9.98771E-05 0.0581089 0.00521518 9.98771E-05 0.0157621 9.98771E-05 0.11365 9.98771E-05 0.129297 0.0359146
9.98682E-05 9.98682E-05 0.00335944 0.122302 9.98682E-05 9.98682E-05 9.98682E-05 9.98682E-05 0.0325712 9.98682E-05 9.98682E-05 9.98682E-05 0.0140508 0.0117475 9.98682E-05 9.98682E-05 9.98682E-05 0.814471 9.98682E-05 9.98682E-05 9.98682E-05
9.98423E-05 9.98423E-05 9.98423E-05 0.268487 9.98423E-05 9.98423E-05 9.98423E-05 9.98423E-05 9.98423E-05 9.98423E-05 9.98423E-05 9.98423E-05 0.183433 9.98423E-05 9.98423E-05 9.98423E-05 9.98423E-05 0.546282 9.98423E-05 9.98423E-05 9.98423E-05
9.9851E-05 9.9851E-05 9.9851E-05 9.9851E-05 9.9851E-05 9.9851E-05 9.9851E-05 0.0805069 9.9851E-05 9.9851E-05 9.9851E-05 9.9851E-05 0.0974662 9.9851E-05 9.9851E-05 9.9851E-05 9.9851E-05 0.691235 9.9851E-05 9.9851E-05 0.129095
9.98771E-05 9.98771E-05 0.000350689 0.00376489 9.98771E-05 9.98771E-05 9.98771E-05 9.98771E-05 9.98771E-05 9.98771E-05 0.0328202 9.98771E-05 0.166788 9.98771E-05 9.98771E-05 9.98771E-05 0.0251236 0.196326 0.573428 9.98771E-05 9.98771E-05
9.98506E-05 9.98506E-05 0.0584253 9.98506E-05 9.98506E-05 9.98506E-05 9.98506E-05 9.98506E-05 9.98506E-05 9.98506E-05 0.0176617 9.98506E-05 9.98506E-05 9.98506E-05 9.98506E-05 9.98506E-05 9.98506E-05 0.299953 0.622263 9.98506E-05 9.98506E-05
9.98595E-05 9.98595E-05 9.98595E-05 0.260222 9.98595E-05 9.98595E-05 9.98595E-05 9.98595E-05 9.98595E-05 9.98595E-05 9.98595E-05 9.98595E-05 0.109744 0.142484 9.98595E-05 9.98595E-05 9.98595E-05 0.335988 9.98595E-05 9.98595E-05 0.149965
9.98594E-05 9.98594E-05 9.98594E-05 0.0167224 9.98594E-05 9.98594E-05 9.98594E-05 9.98594E-05 9.98594E-05 9.98594E-05 9.98594E-05 0.12465 0.0855287 9.98594E-05 9.98594E-05 9.98594E-05 9.98594E-05 0.597399 0.174102 9.98594E-05 9.98594E-05
9.9842E-05 0.0497207 9.9842E-05 9.9842E-05 9.9842E-05 9.9842E-05 9.9842E-05 9.9842E-05 9.9842E-05 9.9842E-05 9.9842E-05 9.9842E-05 9.9842E-05 9.9842E-05 9.9842E-05 9.9842E-05 9.9842E-05 0.413 0.535483 9.9842E-05 9.9842E-05
9.98684E-05 0.0403689 9.98684E-05 0.0790661 9.98684E-05 9.98684E-05 9.98684E-05 9.98684E-05 9.98684E-05 0.0480026 0.0311393 9.98684E-05 9.98684E-05 9.98684E-05 9.98684E-05 9.98684E-05 9.98684E-05 0.499898 0.300027 9.98684E-05 9.98684E-05
9.98595E-05 9.98595E-05 9.98595E-05 0.098074 9.98595E-05 0.0316132 9.98595E-05 9.98595E-05 9.98595E-05 9.98595E-05 9.98595E-05 9.98595E-05 0.293125 9.98595E-05 9.98595E-05 9.98595E-05 9.98595E-05 0.438282 0.137308 9.98595E-05 9.98595E-05
9.98682E-05 0.046247 9.98682E-05 0.00251896 0.0151757 9.98682E-05 9.98682E-05 0.523521 9.98682E-05 9.98682E-05 9.98682E-05 9.98682E-05 9.98682E-05 9.98682E-05 9.98682E-05 9.98682E-05 9.98682E-05 0.160549 0.250491 9.98682E-05 9.98682E-05
9.98509E-05 9.98509E-05 9.98509E-05 9.98509E-05 9.98509E-05 9.98509E-05 9.98509E-05 0.205192 9.98509E-05 9.98509E-05 9.98509E-05 9.98509E-05 0.0339671 9.98509E-05 9.98509E-05 9.98509E-05 9.98509E-05 0.636245 0.122898 9.98509E-05 9.98509E-05
9.9851E-05 9.9851E-05 9.9851E-05 9.9851E-05 9.9851E-05 9.9851E-05 9.9851E-05 0.0383173 9.9851E-05 9.9851E-05 9.9851E-05 9.9851E-05 9.9851E-05 9.9851E-05 9.9851E-05 9.9851E-05 9.9851E-05 0.210023 0.704922 9.9851E-05 0.0450404
9.98597E-05 9.98597E-05 9.98597E-05 9.98597E-05 9.98597E-05 9.98597E-05 0.0807831 0.286566 9.98597E-05 9.98597E-05 9.98597E-05 9.98597E-05 9.98597E-05 0.00581957 9.98597E-05 9.98597E-05 9.98597E-05 0.201532 0.423701 9.98597E-05 9.98597E-05
9.98507E-05 9.98507E-05 9.98507E-05 0.118008 9.98507E-05 9.98507E-05 0.054835 9.98507E-05 9.98507E-05 9.98507E-05 9.98507E-05 9.98507E-05 0.322923 9.98507E-05 9.98507E-05 9.98507E-05 9.98507E-05 0.502537 9.98507E-05 9.98507E-05 9.98507E-05
9.98596E-05 9.98596E-05 9.98596E-05 0.150637 9.98596E-05 9.98596E-05 9.98596E-05 9.98596E-05 9.98596E-05 9.98596E-05 9.98596E-05 0.028126 9.98596E-05 0.0474384 9.98596E-05 9.98596E-05 9.98596E-05 0.736337 9.98596E-05 9.98596E-05 0.0358642
9.98597E-05 9.98597E-05 9.98597E-05 0.0703867 9.98597E-05 9.98597E-05 9.98597E-05 0.537738 9.98597E-05 9.98597E-05 9.98597E-05 9.98597E-05 0.0620482 0.0673432 9.98597E-05 9.98597E-05 9.98597E-05 0.260886 9.98597E-05 9.98597E-05 9.98597E-05
9.98508E-05 9.98508E-05 9.98508E-05 9.98508E-05 9.98508E-05 9.98508E-05 9.98508E-05 0.177405 9.98508E-05 9.98508E-05 9.98508E-05 9.98508E-05 0.0014182 9.98508E-05 9.98508E-05 9.98508E-05 9.98508E-05 0.0296853 0.789794 9.98508E-05 9.98508E-05
9.98683E-05 9.98683E-05 9.98683E-05 0.14169 9.98683E-05 0.0419812 0.173325 9.98683E-05 9.98683E-05 9.98683E-05 9.98683E-05 9.98683E-05 9.98683E-05 0.0528791 9.98683E-05 9.98683E-05 9.98683E-05 0.566538 9.98683E-05 9.98683E-05 0.0220887
9.98859E-05 9.98859E-05 9.98859E-05 0.0625645 9.98859E-05 9.98859E-05 9.98859E-05 9.98859E-05 9.98859E-05 0.0288849 0.0630364 9.98859E-05 0.0236953 0.00445669 0.127066 9.98859E-05 9.98859E-05 0.227181 0.461817 9.98859E-05 9.98859E-05
9.98948E-05 9.98948E-05 0.0427628 0.120434 9.98948E-05 9.98948E-05 0.100947 9.98948E-05 9.98948E-05 0.0446714 9.98948E-05 0.0475763 0.00541031 9.98948E-05 9.98948E-05 9.98948E-05 9.98948E-05 0.287309 0.231512 0.118179 9.98948E-05
9.98685E-05 9.98685E-05 9.98685E-05 0.286966 9.98685E-05 9.98685E-05 9.98685E-05 9.98685E-05 9.98685E-05 9.98685E-05 0.0200067 0.0311068 0.213338 9.98685E-05 0.00822025 9.98685E-05 9.98685E-05 0.438865 9.98685E-05 9.98685E-05 9.98685E-05
9.98333E-05 9.98333E-05 9.98333E-05 9.98333E-05 9.98333E-05 9.98333E-05 9.98333E-05 0.246729 9.98333E-05 9.98333E-05 9.98333E-05 9.98333E-05 9.98333E-05 9.98333E-05 9.98333E-05 9.98333E-05 9.98333E-05 9.98333E-05 0.751374 9.98333E-05 9.98333E-05
9.98595E-05 0.105363 9.98595E-05 9.98595E-05 9.98595E-05 9.98595E-05 9.98595E-05 9.98595E-05 9.98595E-05 9.98595E-05 9.98595E-05 9.98595E-05 0.121135 0.0105349 9.98595E-05 0.0411675 9.98595E-05 0.720201 9.98595E-05 9.98595E-05 9.98595E-05
9.98508E-05 9.98508E-05 9.98508E-05 0.132722 9.98508E-05 9.98508E-05 9.98508E-05 0.596274 9.98508E-05 9.98508E-05 9.98508E-05 9.98508E-05 9.98508E-05 9.98508E-05 9.98508E-05 9.98508E-05 9.98508E-05 0.227998 9.98508E-05 9.98508E-05 0.0413084
9.98511E-05 9.98511E-05 9.98511E-05 0.090176 9.98511E-05 9.98511E-05 9.98511E-05 0.202428 9.98511E-05 9.98511E-05 9.98511E-05 9.98511E-05 0.11098 9.98511E-05 9.98511E-05 9.98511E-05 9.98511E-05 0.594719 9.98511E-05 9.98511E-05 9.98511E-05
9.98421E-05 9.98421E-05 0.030899 0.0299461 9.98421E-05 9.98421E-05 9.98421E-05 9.98421E-05 9.98421E-05 9.98421E-05 9.98421E-05 9.98421E-05 9.98421E-05 9.98421E-05 9.98421E-05 9.98421E-05 9.98421E-05 0.937358 9.98421E-05 9.98421E-05 9.98421E-05
9.98506E-05 0.108484 9.98506E-05 9.98506E-05 9.98506E-05 9.98506E-05 9.98506E-05 9.98506E-05 9.98506E-05 9.98506E-05 0.029021 9.98506E-05 9.98506E-05 9.98506E-05 9.98506E-05 9.98506E-05 9.98506E-05 0.615661 0.245136 9.98506E-05 9.98506E-05
9.98507E-05 9.98507E-05 9.98507E-05 0.193886 9.98507E-05 9.98507E-05 0.125049 9.98507E-05 9.98507E-05 9.98507E-05 9.98507E-05 9.98507E-05 0.0785033 9.98507E-05 9.98507E-05 9.98507E-05 9.98507E-05 0.600864 9.98507E-05 9.98507E-05 9.98507E-05
9.98507E-05 9.98507E-05 9.98507E-05 0.100384 9.98507E-05 9.98507E-05 9.98507E-05 9.98507E-05 9.98507E-05 9.98507E-05 9.98507E-05 9.98507E-05 0.0944947 9.98507E-05 9.98507E-05 9.98507E-05 9.98507E-05 0.751444 0.0519801 9.98507E-05 9.98507E-05
9.98508E-05 9.98508E-05 9.98508E-05 9.98508E-05 9.98508E-05 9.98508E-05 9.98508E-05 9.98508E-05 9.98508E-05 9.98508E-05 0.0431381 9.98508E-05 0.0138544 9.98508E-05 9.98508E-05 9.98508E-05 9.98508E-05 0.740792 0.200518 9.98508E-05 9.98508E-05
9.98509E-05 9.98509E-05 9.98509E-05 9.98509E-05 9.98509E-05 9.98509E-05 9.98509E-05 0.0767955 9.98509E-05 9.98509E-05 9.98509E-05 9.98509E-05 0.0314059 0.114594 9.98509E-05 9.98509E-05 9.98509E-05 0.775507 9.98509E-05 9.98509E-05 9.98509E-05
9.98684E-05 9.98684E-05 9.98684E-05 0.166663 9.98684E-05 9.98684E-05 0.0736509 0.0697791 9.98684E-05 9.98684E-05 9.98684E-05 9.98684E-05 0.0317 9.98684E-05 9.98684E-05 9.98684E-05 9.98684E-05 0.2947 0.362009 9.98684E-05 9.98684E-05
9.98242E-05 9.98242E-05 9.98242E-05 9.98242E-05 9.98242E-05 9.98242E-05 9.98242E-05 9.98242E-05 9.98242E-05 9.98242E-05 9.98242E-05 9.98242E-05 0.998004 9.98242E-05 9.98242E-05 9.98242E-05 9.98242E-05 9.98242E-05 9.98242E-05 9.98242E-05 9.98242E-05
9.98242E-05 9.98242E-05 9.98242E-05 0.998004 9.98242E-05 9.98242E-05 9.98242E-05 9.98242E-05 9.98242E-05 9.98242E-05 9.98242E-05 9.98242E-05 9.98242E-05 9.98242E-05 9.98242E-05 9.98242E-05 9.98242E-05 9.98242E-05 9.98242E-05 9.98242E-05 9.98242E-05
9.98243E-05 9.98243E-05 9.98243E-05 9.98243E-05 9.98243E-05 9.98243E-05 9.98243E-05 9.98243E-05 9.98243E-05 9.98243E-05 9.98243E-05 9.98243E-05 0.998004 9.98243E-05 9.98243E-05 9.98243E-05 9.98243E-05 9.98243E-05 9.98243E-05 9.98243E-05 9.98243E-05
9.98242E-05 9.98242E-05 9.98242E-05 0.998004 9.98242E-05 9.98242E-05 9.98242E-05 9.98242E-05 9.98242E-05 9.98242E-05 9.98242E-05 9.98242E-05 9.98242E-05 9.98242E-05 9.98242E-05 9.98242E-05 9.98242E-05 9.98242E-05 9.98242E-05 9.98242E-05 9.98242E-05
9.98242E-05 9.98242E-05 9.98242E-05 0.998004 9.98242E-05 9.98242E-05 9.98242E-05 9.98242E-05 9.98242E-05 9.98242E-05 9.98242E-05 9.98242E-05 9.98242E-05 9.98242E-05 9.98242E-05 9.98242E-05 9.98242E-05 9.98242E-05 9.98242E-05 9.98242E-05 9.98242E-05
9.98243E-05 9.98243E-05 9.98243E-05 0.998004 9.98243E-05 9.98243E-05 9.98243E-05 9.98243E-05 9.98243E-05 9.98243E-05 9.98243E-05 9.98243E-05 9.98243E-05 9.98243E-05 9.98243E-05 9.98243E-05 9.98243E-05 9.98243E-05 9.98243E-05 9.98243E-05 9.98243E-05
9.98242E-05 9.98242E-05 9.98242E-05 9.98242E-05 9.98242E-05 9.98242E-05 9.98242E-05 9.98242E-05 9.98242E-05 9.98242E-05 9.98242E-05 9.98242E-05 0.998004 9.98242E-05 9.98242E-05 9.98242E-05 9.98242E-05 9.98242E-05 9.98242E-05 9.98242E-05 9.98242E-05
9.98241E-05 9.98241E-05 9.98241E-05 0.998004 9.98241E-05 9.98241E-05 9.98241E-05 9.98241E-05 9.98241E-05 9.98241E-05 9.98241E-05 9.98241E-05 9.98241E-05 9.98241E-05 9.98241E-05 9.98241E-05 9.98241E-05 9.98241E-05 9.98241E-05 9.98241E-05 9.98241E-05
9.98242E-05 9.98242E-05 9.98242E-05 0.998004 9.98242E-05 9.98242E-05 9.98242E-05 9.98242E-05 9.98242E-05 9.98242E-05 9.98242E-05 9.98242E-05 9.98242E-05 9.98242E-05 9.98242E-05 9.98242E-05 9.98242E-05 9.98242E-05 9.98242E-05 9.98242E-05 9.98242E-05
9.98243E-05 9.98243E-05 9.98243E-05 9.98243E-05 9.98243E-05 9.98243E-05 9.98243E-05 9.98243E-05 9.98243E-05 9.98243E-05 9.98243E-05 9.98243E-05 0.998004 9.98243E-05 9.98243E-05 9.98243E-05 9.98243E-05 9.98243E-05 9.98243E-05 9.98243E-05 9.98243E-05
9.98242E-05 9.98242E-05 9.98242E-05 9.98242E-05 9.98242E-05 9.98242E-05 9.98242E-05 9.98242E-05 9.98242E-05 9.98242E-05 9.98242E-05 9.98242E-05 0.998004 9.98242E-05 9.98242E-05 9.98242E-05 9.98242E-05 9.98242E-05 9.98242E-05 9.98242E-05 9.98242E-05
9.98241E-05 9.98241E-05 9.98241E-05 9.98241E-05 9.98241E-05 9.98241E-05 9.98241E-05 9.98241E-05 9.98241E-05 9.98241E-05 9.98241E-05 9.98241E-05 0.998004 9.98241E-05 9.98241E-05 9.98241E-05 9.98241E-05 9.98241E-05 9.98241E-05 9.98241E-05 9.98241E-05
9.98242E-05 9.98242E-05 9.98242E-05 0.998004 9.98242E-05 9.98242E-05 9.98242E-05 9.98242E-05 9.98242E-05 9.98242E-05 9.98242E-05 9.98242E-05 9.98242E-05 9.98242E-05 9.98242E-05 9.98242E-05 9.98242E-05 9.98242E-05 9.98242E-05 9.98242E-05 9.98242E-05
9.98241E-05 9.98241E-05 9.98241E-05 0.998004 9.98241E-05 9.98241E-05 9.98241E-05 9.98241E-05 9.98241E-05 9.98241E-05 9.98241E-05 9.98241E-05 9.98241E-05 9.98241E-05 9.98241E-05 9.98241E-05 9.98241E-05 9.98241E-05 9.98241E-05 9.98241E-05 9.98241E-05
9.98243E-05 9.98243E-05 9.98243E-05 9.98243E-05 9.98243E-05 9.98243E-05 9.98243E-05 9.98243E-05 9.98243E-05 9.98243E-05 9.98243E-05 9.98243E-05 0.998004 9.98243E-05 9.98243E-05 9.98243E-05 9.98243E-05 9.98243E-05 9.98243E-05 9.98243E-05 9.98243E-05
9.98242E-05 9.98242E-05 9.98242E-05 9.98242E-05 9.98242E-05 9.98242E-05 9.98242E-05 9.98242E-05 9.98242E-05 9.98242E-05 9.98242E-05 9.98242E-05 0.998004 9.98242E-05 9.98242E-05 9.98242E-05 9.98242E-05 9.98242E-05 9.98242E-05 9.98242E-05 9.98242E-05
9.98682E-05 9.98682E-05 9.98682E-05 0.00900164 9.98682E-05 9.98682E-05 9.98682E-05 9.98682E-05 0.181302 9.98682E-05 9.98682E-05 9.98682E-05 9.98682E-05 0.00149724 9.98682E-05 0.00114892 9.98682E-05 0.716099 9.98682E-05 0.0894527 9.98682E-05
9.98243E-05 9.98243E-05 9.98243E-05 9.98243E-05 9.98243E-05 9.98243E-05 9.98243E-05 9.98243E-05 9.98243E-05 9.98243E-05 9.98243E-05 9.98243E-05 0.998004 9.98243E-05 9.98243E-05 9.98243E-05 9.98243E-05 9.98243E-05 9.98243E-05 9.98243E-05 9.98243E-05
9.98243E-05 9.98243E-05 9.98243E-05 0.998004 9.98243E-05 9.98243E-05 9.98243E-05 9.98243E-05 9.98243E-05 9.98243E-05 9.98243E-05 9.98243E-05 9.98243E-05 9.98243E-05 9.98243E-05 9.98243E-05 9.98243E-05 9.98243E-05 9.98243E-05 9.98243E-05 9.98243E-05
