0.163367 9.99649E-05 0.0465445 0.0256118 0.0137227 0.51779 0.12481 0.107754 9.99649E-05 9.99649E-05 9.99649E-05
0.172818 9.99561E-05 0.047839 0.0484653 9.99561E-05 0.693664 9.99561E-05 0.034122 0.00259207 9.99561E-05 9.99561E-05
9.995E-05 9.995E-05 0.0160982 0.0175309 9.995E-05 0.914722 9.995E-05 0.0140135 9.995E-05 0.0241179 0.0130178
9.99649E-05 9.99649E-05 0.0549743 0.0439729 0.00137273 0.286797 9.99649E-05 0.0370435 0.366258 0.209182 9.99649E-05
9.9921E-05 9.9921E-05 9.9921E-05 9.9921E-05 9.9921E-05 0.841062 9.9921E-05 9.9921E-05 0.158038 9.9921E-05 9.9921E-05
0.0668762 9.99649E-05 9.99649E-05 0.0342879 0.141652 0.342858 0.00144202 9.99649E-05 0.171833 0.240651 9.99649E-05
0.150659 9.99561E-05 0.139721 9.99561E-05 9.99561E-05 0.37368 9.99561E-05 0.0768056 0.190075 9.99561E-05 0.0685596
9.99649E-05 9.99649E-05 0.0259157 9.99649E-05 0.159711 0.275261 0.0294462 9.99649E-05 0.330568 0.102699 0.0759992
9.99561E-05 9.99561E-05 9.99561E-05 0.0771632 0.212867 0.295265 9.99561E-05 0.2437 0.107869 0.0626363 9.99561E-05
9.99297E-05 9.99297E-05 9.99297E-05 9.99297E-05 9.99297E-05 0.885159 0.0444089 0.0696326 9.99297E-05 9.99297E-05 9.99297E-05
9.99561E-05 9.99561E-05 0.172752 0.00698609 0.0507928 0.568446 0.0115533 0.18897 9.99561E-05 9.99561E-05 9.99561E-05
9.99561E-05 9.99561E-05 0.0321254 0.00838704 9.99561E-05 0.874986 9.99561E-05 0.0153948 0.0587874 0.00981995 9.99561E-05
9.99385E-05 9.99385E-05 0.0455804 9.99385E-05 0.0115774 0.866342 9.99385E-05 0.0758002 9.99385E-05 9.99385E-05 9.99385E-05
0.0170563 0.0712622 0.0715038 9.99649E-05 9.99649E-05 0.606915 9.99649E-05 0.125925 9.99649E-05 0.0187703 0.088167
0.0792408 9.99648E-05 9.99648E-05 0.0282499 0.124531 0.409726 9.99648E-05 0.102646 0.0693076 0.185899 9.99648E-05
9.99648E-05 9.99648E-05 0.0201251 9.99648E-05 0.162566 0.285263 9.99648E-05 0.172161 0.19693 0.0532219 0.109334
0.068183 0.182703 0.0751516 9.99737E-05 0.0095838 0.525818 9.99737E-05 0.0924971 0.0291916 9.99737E-05 0.0165729
9.99473E-05 9.99473E-05 9.99473E-05 0.144073 9.99473E-05 0.294656 0.243839 0.105654 9.99473E-05 0.211177 9.99473E-05
9.99648E-05 9.99648E-05 0.0336609 0.0358431 0.184029 0.383291 0.0328426 0.237623 0.0923113 9.99648E-05 9.99648E-05
9.9921E-05 9.9921E-05 9.9921E-05 0.0314368 9.9921E-05 0.967664 9.9921E-05 9.9921E-05 9.9921E-05 9.9921E-05 9.9921E-05
9.99561E-05 9.99561E-05 0.0666266 0.0187781 0.0967401 0.508457 9.99561E-05 0.04893 0.259969 9.99561E-05 9.99561E-05
9.99561E-05 9.99561E-05 0.0255902 9.99561E-05 0.220317 0.322216 9.99561E-05 0.0226288 0.213435 0.195313 9.99561E-05
0.0295593 9.99473E-05 0.0636898 9.99473E-05 9.99473E-05 0.679439 9.99473E-05 0.143706 9.99473E-05 0.0830062 9.99473E-05
9.99473E-05 9.99473E-05 9.99473E-05 9.99473E-05 9.99473E-05 0.476992 9.99473E-05 0.35338 0.0379102 0.0350129 0.0961045
9.99561E-05 9.99561E-05 0.0520255 0.1413 0.032933 0.33936 9.99561E-05 0.25813 9.99561E-05 0.175752 9.99561E-05
9.99561E-05 9.99561E-05 0.0372468 9.99561E-05 0.0270116 0.677739 9.99561E-05 0.149043 9.99561E-05 0.0640392 0.04442
0.00371684 9.99737E-05 9.99737E-05 0.0374379 0.0107703 0.0698009 0.202021 0.0812745 9.99737E-05 0.494826 0.0998525
9.99298E-05 9.99298E-05 9.99298E-05 9.99298E-05 9.99298E-05 0.838625 9.99298E-05 0.0722628 0.0883125 9.99298E-05 9.99298E-05
9.99386E-05 9.99386E-05 9.99386E-05 0.0451089 9.99386E-05 0.619768 9.99386E-05 0.254092 9.99386E-05 0.0803315 9.99386E-05
9.99737E-05 0.0451336 0.0178464 0.0173938 0.0684262 0.720578 9.99737E-05 0.0986727 9.99737E-05 0.0144782 0.0171717
9.99473E-05 9.99473E-05 0.112933 0.0248165 0.0903583 0.729971 9.99473E-05 0.0413207 9.99473E-05 9.99473E-05 9.99473E-05
9.99562E-05 9.99562E-05 0.0737026 9.99562E-05 0.016248 0.517664 9.99562E-05 0.0501242 0.136143 0.205618 9.99562E-05
9.99561E-05 9.99561E-05 0.170149 0.0192315 9.99561E-05 0.579618 9.99561E-05 0.154186 9.99561E-05 0.0616458 0.0146706
9.99649E-05 9.99649E-05 0.0331112 9.99649E-05 9.99649E-05 0.561249 0.0530717 0.11945 0.0407927 0.162568 0.0293566
0.0695924 9.99474E-05 0.0646119 0.041617 0.063145 0.760434 9.99474E-05 9.99474E-05 9.99474E-05 9.99474E-05 9.99474E-05
0.0533131 9.99649E-05 0.0364004 0.0234913 0.0387547 0.714567 9.99649E-05 0.0510391 0.0820348 9.99649E-05 9.99649E-05
0.0631588 9.99386E-05 0.00920394 9.99386E-05 9.99386E-05 0.861426 9.99386E-05 9.99386E-05 9.99386E-05 9.99386E-05 0.0655117
9.99473E-05 0.00664072 9.99473E-05 0.076114 0.157647 0.697124 9.99473E-05 0.0618744 9.99473E-05 9.99473E-05 9.99473E-05
0.0355039 0.0864928 0.0432225 0.00128029 9.99737E-05 0.489383 0.0375059 0.226812 0.0795003 9.99737E-05 9.99737E-05
9.99385E-05 9.99385E-05 9.99385E-05 9.99385E-05 9.99385E-05 0.575276 9.99385E-05 0.124007 9.99385E-05 0.172689 0.127328
9.99473E-05 9.99473E-05 0.0394149 9.99473E-05 0.0324045 0.802883 9.99473E-05 0.0943324 0.0303659 9.99473E-05 9.99473E-05
0.0267279 9.99474E-05 9.99474E-05 9.99474E-05 0.0620264 0.767574 9.99474E-05 0.125297 9.99474E-05 0.0177751 9.99474E-05
0.0870736 0.051117 9.99385E-05 9.99385E-05 9.99385E-05 0.809535 9.99385E-05 9.99385E-05 0.0515745 9.99385E-05 9.99385E-05
0.0399119 9.99649E-05 0.0849443 9.99649E-05 0.0934435 0.467619 0.0468209 0.254077 0.0127835 9.99649E-05 9.99649E-05
9.99386E-05 9.99386E-05 0.030315 9.99386E-05 9.99386E-05 0.344085 9.99386E-05 0.353233 0.271667 9.99386E-05 9.99386E-05
9.99472E-05 9.99472E-05 9.99472E-05 0.0515282 0.00139079 0.902514 9.99472E-05 0.0396696 0.00429754 9.99472E-05 9.99472E-05
9.99473E-05 9.99473E-05 0.0198976 9.99473E-05 0.0359197 0.789702 0.0654861 0.0883951 9.99473E-05 9.99473E-05 9.99473E-05
9.99386E-05 9.99386E-05 9.99386E-05 0.0488534 9.99386E-05 0.918191 9.99386E-05 0.0199821 9.99386E-05 9.99386E-05 0.0122741
9.99385E-05 9.99385E-05 0.04208 9.99385E-05 9.99385E-05 0.705971 9.99385E-05 0.173092 0.0781575 9.99385E-05 9.99385E-05
0.0188073 9.99649E-05 0.0365748 0.0218687 0.0358364 0.75319 0.0177786 9.99649E-05 9.99649E-05 9.99649E-05 0.115545
9.99561E-05 9.99561E-05 0.107833 9.99561E-05 0.0146664 0.286 9.99561E-05 0.23399 0.0884526 0.268558 9.99561E-05
9.99561E-05 9.99561E-05 9.99561E-05 0.0439056 0.0371415 0.651994 9.99561E-05 0.00248888 0.244874 9.99561E-05 0.0190959
9.99386E-05 9.99386E-05 9.99386E-05 0.0277325 9.99386E-05 0.771238 9.99386E-05 0.122845 9.99386E-05 0.0774856 9.99386E-05
9.99649E-05 9.99649E-05 0.0232079 9.99649E-05 0.0490462 0.613657 0.095276 0.0419407 9.99649E-05 0.0155242 0.160948
9.99386E-05 9.99386E-05 9.99386E-05 9.99386E-05 0.0231105 0.760357 9.99386E-05 0.0938177 0.122015 9.99386E-05 9.99386E-05
9.99386E-05 9.99386E-05 0.0745272 0.085013 9.99386E-05 0.697158 9.99386E-05 9.99386E-05 9.99386E-05 0.142603 9.99386E-05
0.0539979 9.99473E-05 9.99473E-05 9.99473E-05 9.99473E-05 0.734122 0.066828 0.0284665 0.115986 9.99473E-05 9.99473E-05
9.99298E-05 9.99298E-05 0.0509983 9.99298E-05 9.99298E-05 0.776488 9.99298E-05 0.171714 9.99298E-05 9.99298E-05 9.99298E-05
9.99385E-05 9.99385E-05 9.99385E-05 9.99385E-05 9.99385E-05 0.902058 0.0160119 0.00740291 0.0738273 9.99385E-05 9.99385E-05
0.230385 9.99649E-05 0.11348 9.99649E-05 0.0262838 0.110442 0.0397885 0.237837 9.99649E-05 0.241384 9.99649E-05
0.283648 9.99649E-05 0.0177255 9.99649E-05 9.99649E-05 0.344766 0.0105294 0.121011 0.11047 9.99649E-05 0.11145
0.257212 0.106057 0.0357278 9.99649E-05 9.99649E-05 0.337262 0.161762 0.0316722 9.99649E-05 9.99649E-05 0.0699065
0.489341 9.99562E-05 0.00721665 9.99562E-05 0.084952 9.99562E-05 0.0538004 0.0888758 9.99562E-05 0.275314 9.99562E-05
0.187583 9.99912E-05 0.0263449 0.119264 0.0748965 0.0987275 0.0720907 0.247455 0.0704884 0.0892347 0.0138159
0.258605 9.99649E-05 9.99649E-05 0.034895 0.0346983 9.99649E-05 0.155403 0.350997 9.99649E-05 0.151399 0.013603
0.476828 9.99561E-05 0.11714 9.99561E-05 9.99561E-05 0.0247421 0.026927 0.262515 0.0913485 9.99561E-05 9.99561E-05
0.350154 9.99473E-05 9.99473E-05 9.99473E-05 0.0368887 9.99473E-05 0.212949 0.17577 9.99473E-05 0.223639 9.99473E-05
0.404457 0.0165074 9.99562E-05 9.99562E-05 9.99562E-05 0.190939 0.120749 0.0773756 9.99562E-05 0.189472 9.99562E-05
0.190192 9.99649E-05 0.139892 9.99649E-05 9.99649E-05 0.336795 0.00423131 0.159142 0.119374 0.0499741 9.99649E-05
0.140773 9.99561E-05 0.236548 9.99561E-05 0.0787117 9.99561E-05 0.0553866 0.428038 9.99561E-05 0.0600433 9.99561E-05
0.346068 9.99737E-05 0.121063 9.99737E-05 0.01437 0.062279 0.000445478 0.160183 0.149265 9.99737E-05 0.146028
9.99824E-05 9.99824E-05 0.151232 0.0412894 0.130315 0.00428744 0.0356458 0.13911 0.1033 0.257842 0.136778
0.231805 9.99561E-05 9.99561E-05 9.99561E-05 9.99561E-05 0.0773393 9.99561E-05 0.355196 0.134977 0.135419 0.0647637
0.219515 9.99562E-05 0.0484236 9.99562E-05 9.99562E-05 0.298036 9.99562E-05 0.0470835 9.99562E-05 0.266747 0.119694
0.218091 0.0376621 0.100986 9.99825E-05 0.0425011 0.273085 0.0397029 0.213904 0.0123264 0.0615403 9.99825E-05
0.213675 9.99561E-05 9.99561E-05 9.99561E-05 9.99561E-05 9.99561E-05 0.277165 0.183754 0.0332888 0.278568 0.0130486
0.117494 9.99649E-05 0.235519 9.99649E-05 0.149169 0.151319 9.99649E-05 0.133501 0.177546 0.0350512 9.99649E-05
0.188238 9.99649E-05 0.0886763 9.99649E-05 0.0309103 0.2555 0.178711 0.220961 9.99649E-05 0.0366041 9.99649E-05
0.174876 9.99561E-05 0.0649194 9.99561E-05 9.99561E-05 9.99561E-05 0.0593191 0.356086 9.99561E-05 0.179475 0.164824
0.236462 0.201037 0.0178832 9.9965E-05 9.9965E-05 0.250801 9.9965E-05 0.142533 0.124569 9.9965E-05 0.0263153
0.29479 9.99561E-05 9.99561E-05 9.99561E-05 9.99561E-05 0.146304 0.0553859 0.207109 9.99561E-05 0.177209 0.118702
0.26719 9.99649E-05 0.00944685 0.00503719 9.99649E-05 0.231593 0.0255106 0.092142 9.99649E-05 0.36868 9.99649E-05
0.0347239 9.99737E-05 0.046671 9.99737E-05 0.0855539 0.173572 0.18149 0.174023 0.187641 0.116024 9.99737E-05
9.99561E-05 9.99561E-05 0.2727 9.99561E-05 0.00221079 0.288633 9.99561E-05 0.227275 0.0730409 0.135641 9.99561E-05
0.292937 0.0348087 0.085842 0.04361 0.0321645 0.365686 9.99649E-05 0.144552 9.99649E-05 9.99649E-05 9.99649E-05
0.294061 0.0554023 9.99649E-05 9.99649E-05 9.99649E-05 0.413708 0.123102 0.0841862 9.99649E-05 0.00366802 0.0254727
0.339926 0.0177651 9.99737E-05 0.133956 9.99737E-05 0.200161 0.0110145 0.207724 0.0820463 9.99737E-05 0.00710732
0.129405 9.99562E-05 9.99562E-05 9.99562E-05 0.0552426 0.336086 0.26419 0.15264 9.99562E-05 0.0619372 9.99562E-05
0.0839661 0.16905 0.00654806 9.99737E-05 0.100343 0.254368 9.99737E-05 0.338614 9.99737E-05 0.0206781 0.0261325
9.99297E-05 9.99297E-05 9.99297E-05 9.99297E-05 0.0826827 9.99297E-05 9.99297E-05 0.0859089 9.99297E-05 0.830609 9.99297E-05
9.99298E-05 0.391251 9.99298E-05 9.99298E-05 0.0250015 9.99298E-05 9.99298E-05 9.99298E-05 9.99298E-05 0.582948 9.99298E-05
9.99385E-05 9.99385E-05 0.0187208 9.99385E-05 9.99385E-05 9.99385E-05 0.0177579 0.104464 9.99385E-05 0.858358 9.99385E-05
9.99297E-05 9.99297E-05 9.99297E-05 9.99297E-05 0.0208982 9.99297E-05 9.99297E-05 0.17549 9.99297E-05 0.802813 9.99297E-05
9.99209E-05 9.99209E-05 9.99209E-05 9.99209E-05 0.0361878 9.99209E-05 9.99209E-05 9.99209E-05 9.99209E-05 0.962913 9.99209E-05
0.0904636 9.99386E-05 9.99386E-05 9.99386E-05 0.135989 9.99386E-05 9.99386E-05 0.149711 9.99386E-05 0.623137 9.99386E-05
9.99473E-05 9.99473E-05 0.015037 9.99473E-05 0.0917457 9.99473E-05 0.0282332 0.104325 9.99473E-05 0.76006 9.99473E-05
9.99209E-05 9.99209E-05 9.99209E-05 9.99209E-05 0.146961 9.99209E-05 9.99209E-05 9.99209E-05 9.99209E-05 0.85214 9.99209E-05
0.256842 9.99385E-05 0.0356259 9.99385E-05 0.276728 9.99385E-05 9.99385E-05 9.99385E-05 9.99385E-05 0.430105 9.99385E-05
9.99297E-05 9.99297E-05 9.99297E-05 9.99297E-05 0.185105 9.99297E-05 9.99297E-05 0.305606 9.99297E-05 0.50849 9.99297E-05
0.232431 0.148026 9.99385E-05 9.99385E-05 0.00387995 9.99385E-05 9.99385E-05 9.99385E-05 9.99385E-05 0.614963 9.99385E-05
0.144242 0.0487171 0.00260509 9.99473E-05 9.99473E-05 9.99473E-05 9.99473E-05 0.0419916 9.99473E-05 0.761845 9.99473E-05
9.99298E-05 0.0114325 9.99298E-05 9.99298E-05 0.113762 9.99298E-05 9.99298E-05 9.99298E-05 9.99298E-05 0.874006 9.99298E-05
9.99386E-05 0.0324442 9.99386E-05 9.99386E-05 0.125873 9.99386E-05 9.99386E-05 0.205912 9.99386E-05 0.635071 9.99386E-05
9.99474E-05 9.99474E-05 9.99474E-05 0.0151986 0.0716333 9.99474E-05 0.18985 0.00660806 9.99474E-05 0.71611 9.99474E-05
0.105301 9.99561E-05 0.0584773 9.99561E-05 0.0200656 9.99561E-05 9.99561E-05 0.0789107 9.99561E-05 0.716898 0.0198484
0.242985 0.015818 0.00937458 0.0306188 0.060989 9.99649E-05 9.99649E-05 0.0204644 9.99649E-05 0.619351 9.99649E-05
9.99387E-05 9.99387E-05 9.99387E-05 9.99387E-05 0.103849 0.0106389 9.99387E-05 9.99387E-05 0.087647 0.797166 9.99387E-05
0.00558109 0.0288493 0.0559489 9.99474E-05 0.0668802 9.99474E-05 9.99474E-05 9.99474E-05 9.99474E-05 0.842141 9.99474E-05
9.99473E-05 0.183267 9.99473E-05 0.100886 0.154794 9.99473E-05 9.99473E-05 0.0730351 9.99473E-05 0.487418 9.99473E-05
0.132553 0.0192567 9.99737E-05 9.99737E-05 0.0158734 9.99737E-05 0.0386692 0.062989 0.0432061 0.683435 0.00371833
9.9921E-05 9.9921E-05 9.9921E-05 9.9921E-05 0.0304008 9.9921E-05 9.9921E-05 9.9921E-05 9.9921E-05 0.9687 9.9921E-05
0.0265769 9.99473E-05 9.99473E-05 0.113216 0.281704 9.99473E-05 9.99473E-05 0.196462 9.99473E-05 0.381441 9.99473E-05
9.99298E-05 0.118514 9.99298E-05 9.99298E-05 0.182026 9.99298E-05 9.99298E-05 9.99298E-05 9.99298E-05 0.698661 9.99298E-05
9.99473E-05 9.99473E-05 0.000793872 0.131057 0.155344 9.99473E-05 9.99473E-05 0.256798 9.99473E-05 0.455408 9.99473E-05
0.113163 0.185188 9.99737E-05 9.99737E-05 0.0487429 9.99737E-05 0.00287141 0.101885 0.0682992 0.429493 0.0500566
9.99473E-05 0.585602 9.99473E-05 0.0602287 9.99473E-05 9.99473E-05 9.99473E-05 0.0897202 9.99473E-05 0.243819 0.0200304
9.99296E-05 9.99296E-05 9.99296E-05 9.99296E-05 0.0582607 9.99296E-05 9.99296E-05 0.0665014 9.99296E-05 0.874438 9.99296E-05
0.00743242 9.99385E-05 9.99385E-05 9.99385E-05 0.176077 9.99385E-05 9.99385E-05 0.222451 9.99385E-05 0.59334 9.99385E-05
9.99561E-05 0.0131138 0.0191727 0.00202574 0.00995969 9.99561E-05 9.99561E-05 0.132587 9.99561E-05 0.822641 9.99561E-05
0.0251706 9.99474E-05 0.0491321 9.99474E-05 9.99474E-05 9.99474E-05 9.99474E-05 0.179787 9.99474E-05 0.727811 0.0175
9.9921E-05 9.9921E-05 9.9921E-05 0.0976547 9.9921E-05 9.9921E-05 9.9921E-05 9.9921E-05 9.9921E-05 0.901446 9.9921E-05
9.99473E-05 9.99473E-05 9.99473E-05 0.124141 0.252953 9.99473E-05 9.99473E-05 0.18065 0.00924232 0.432414 9.99473E-05
9.99472E-05 9.99472E-05 0.0130549 0.0962187 0.0548674 9.99472E-05 9.99472E-05 0.0780906 9.99472E-05 0.757169 9.99472E-05
9.9921E-05 0.00154343 9.9921E-05 9.9921E-05 9.9921E-05 9.9921E-05 9.9921E-05 9.9921E-05 9.9921E-05 0.997557 9.9921E-05
0.0227384 0.0705296 0.135987 9.99473E-05 0.0408085 9.99473E-05 9.99473E-05 9.99473E-05 9.99473E-05 0.729337 9.99473E-05
9.99297E-05 9.99297E-05 9.99297E-05 9.99297E-05 0.121768 9.99297E-05 9.99297E-05 0.249541 9.99297E-05 0.627891 9.99297E-05
9.99473E-05 0.488095 9.99473E-05 0.00419021 0.0792422 9.99473E-05 9.99473E-05 9.99473E-05 0.0317886 0.396084 9.99473E-05
9.99386E-05 0.158854 9.99386E-05 9.99386E-05 0.0217129 9.99386E-05 9.99386E-05 0.0837476 9.99386E-05 0.734986 9.99386E-05
9.99211E-05 0.200836 9.99211E-05 9.99211E-05 9.99211E-05 9.99211E-05 9.99211E-05 9.99211E-05 9.99211E-05 0.798265 9.99211E-05
9.99386E-05 0.335699 9.99386E-05 0.0230803 0.0291256 9.99386E-05 9.99386E-05 9.99386E-05 9.99386E-05 0.611396 9.99386E-05
0.0510716 9.99473E-05 0.00992462 9.99473E-05 0.136886 9.99473E-05 9.99473E-05 0.284517 9.99473E-05 0.517002 9.99473E-05
9.99386E-05 9.99386E-05 0.017602 9.99386E-05 0.0858604 9.99386E-05 9.99386E-05 9.99386E-05 0.0319984 0.86384 9.99386E-05
9.99473E-05 0.540044 9.99473E-05 0.0955808 0.150888 9.99473E-05 9.99473E-05 0.0308377 9.99473E-05 0.182049 9.99473E-05
9.99298E-05 0.414318 9.99298E-05 9.99298E-05 9.99298E-05 9.99298E-05 9.99298E-05 0.0500896 9.99298E-05 0.534793 9.99298E-05
0.207878 9.99561E-05 9.99561E-05 0.141083 0.151876 9.99561E-05 0.00711702 0.0228378 9.99561E-05 0.468708 9.99561E-05
9.99474E-05 0.0298679 9.99474E-05 9.99474E-05 0.065396 9.99474E-05 9.99474E-05 0.198554 9.99474E-05 0.683016 0.0225668
0.0673409 0.00222716 9.99737E-05 0.00125369 0.1822 9.99737E-05 0.0484613 0.0711658 9.99737E-05 0.596839 0.0302119
9.99298E-05 9.99298E-05 9.99298E-05 9.99298E-05 0.257202 9.99298E-05 9.99298E-05 0.287542 9.99298E-05 0.454457 9.99298E-05
9.99298E-05 0.354981 9.99298E-05 9.99298E-05 9.99298E-05 9.99298E-05 9.99298E-05 0.0189142 9.99298E-05 0.625306 9.99298E-05
9.99385E-05 9.99385E-05 9.99385E-05 9.99385E-05 9.99385E-05 9.99385E-05 9.99385E-05 0.132352 0.110485 0.715131 0.0413327
9.99385E-05 0.454911 9.99385E-05 9.99385E-05 0.0853739 9.99385E-05 9.99385E-05 0.0255007 9.99385E-05 0.433515 9.99385E-05
9.99473E-05 0.119203 0.0392459 9.99473E-05 0.0738106 9.99473E-05 9.99473E-05 0.156164 9.99473E-05 0.610976 9.99473E-05
9.99385E-05 9.99385E-05 9.99385E-05 9.99385E-05 0.0466903 9.99385E-05 0.0218165 9.99385E-05 9.99385E-05 0.826093 0.104701
9.99473E-05 9.99473E-05 0.042021 0.0814089 9.99473E-05 9.99473E-05 0.017598 9.99473E-05 9.99473E-05 0.829523 0.0288492
0.114034 9.99385E-05 9.99385E-05 9.99385E-05 0.154848 9.99385E-05 9.99385E-05 0.100188 9.99385E-05 0.63023 9.99385E-05
9.99297E-05 9.99297E-05 9.99297E-05 9.99297E-05 0.148617 9.99297E-05 9.99297E-05 0.0797239 9.99297E-05 0.77086 9.99297E-05
9.99209E-05 9.99209E-05 0.0154964 9.99209E-05 9.99209E-05 9.99209E-05 9.99209E-05 9.99209E-05 9.99209E-05 0.983604 9.99209E-05
9.99386E-05 0.0248312 9.99386E-05 0.103804 9.99386E-05 9.99386E-05 9.99386E-05 0.0421518 9.99386E-05 0.828513 9.99386E-05
0.0550789 0.0994053 9.99473E-05 9.99473E-05 0.112112 9.99473E-05 9.99473E-05 0.0236652 9.99473E-05 0.709139 9.99473E-05
9.9912E-05 9.9912E-05 9.9912E-05 9.9912E-05 9.9912E-05 9.9912E-05 9.9912E-05 0.999001 9.9912E-05 9.9912E-05 9.9912E-05
9.9912E-05 9.9912E-05 9.9912E-05 9.9912E-05 0.999001 9.9912E-05 9.9912E-05 9.9912E-05 9.9912E-05 9.9912E-05 9.9912E-05
9.9912E-05 9.9912E-05 9.9912E-05 9.9912E-05 9.9912E-05 9.9912E-05 9.9912E-05 0.999001 9.9912E-05 9.9912E-05 9.9912E-05
9.9912E-05 9.9912E-05 9.9912E-05 9.9912E-05 0.999001 9.9912E-05 9.9912E-05 9.9912E-05 9.9912E-05 9.9912E-05 9.9912E-05
9.9912E-05 9.9912E-05 9.9912E-05 9.9912E-05 0.999001 9.9912E-05 9.9912E-05 9.9912E-05 9.9912E-05 9.9912E-05 9.9912E-05
9.9912E-05 9.9912E-05 9.9912E-05 9.9912E-05 0.999001 9.9912E-05 9.9912E-05 9.9912E-05 9.9912E-05 9.9912E-05 9.9912E-05
9.99119E-05 9.99119E-05 9.99119E-05 9.99119E-05 9.99119E-05 9.99119E-05 9.99119E-05 0.999001 9.99119E-05 9.99119E-05 9.99119E-05
9.9912E-05 9.9912E-05 9.9912E-05 9.9912E-05 0.999001 9.9912E-05 9.9912E-05 9.9912E-05 9.9912E-05 9.9912E-05 9.9912E-05
9.9912E-05 9.9912E-05 9.9912E-05 9.9912E-05 0.999001 9.9912E-05 9.9912E-05 9.9912E-05 9.9912E-05 9.9912E-05 9.9912E-05
9.99119E-05 9.99119E-05 9.99119E-05 9.99119E-05 9.99119E-05 9.99119E-05 9.99119E-05 0.999001 9.99119E-05 9.99119E-05 9.99119E-05
9.9912E-05 9.9912E-05 9.9912E-05 9.9912E-05 9.9912E-05 9.9912E-05 9.9912E-05 0.999001 9.9912E-05 9.9912E-05 9.9912E-05
9.9912E-05 9.9912E-05 9.9912E-05 9.9912E-05 9.9912E-05 9.9912E-05 9.9912E-05 0.999001 9.9912E-05 9.9912E-05 9.9912E-05
9.9912E-05 9.9912E-05 9.9912E-05 9.9912E-05 0.999001 9.9912E-05 9.9912E-05 9.9912E-05 9.9912E-05 9.9912E-05 9.9912E-05
9.9912E-05 9.9912E-05 9.9912E-05 9.9912E-05 0.999001 9.9912E-05 9.9912E-05 9.9912E-05 9.9912E-05 9.9912E-05 9.9912E-05
9.9912E-05 9.9912E-05 9.9912E-05 9.9912E-05 9.9912E-05 9.9912E-05 9.9912E-05 0.999001 9.9912E-05 9.9912E-05 9.9912E-05
9.99119E-05 9.99119E-05 9.99119E-05 9.99119E-05 9.99119E-05 9.99119E-05 9.99119E-05 0.999001 9.99119E-05 9.99119E-05 9.99119E-05
9.99561E-05 9.99561E-05 9.99561E-05 0.0458386 0.069973 9.99561E-05 0.0636776 0.175453 9.99561E-05 0.557601 0.0869572
9.99121E-05 9.99121E-05 9.99121E-05 9.99121E-05 9.99121E-05 9.99121E-05 9.99121E-05 0.999001 9.99121E-05 9.99121E-05 9.99121E-05
9.9912E-05 9.9912E-05 9.9912E-05 9.9912E-05 0.999001 9.9912E-05 9.9912E-05 9.9912E-05 9.9912E-05 9.9912E-05 9.9912E-05
9.9912E-05 9.9912E-05 9.9912E-05 9.9912E-05 9.9912E-05 9.9912E-05 9.9912E-05 0.999001 9.9912E-05 9.9912E-05 9.9912E-05
9.9912E-05 9.9912E-05 9.9912E-05 9.9912E-05 9.9912E-05 9.9912E-05 9.9912E-05 0.999001 9.9912E-05 9.9912E-05 9.9912E-05
9.99119E-05 9.99119E-05 9.99119E-05 9.99119E-05 9.99119E-05 9.99119E-05 9.99119E-05 0.999001 9.99119E-05 9.99119E-05 9.99119E-05
9.9912E-05 9.9912E-05 9.9912E-05 9.9912E-05 0.999001 9.9912E-05 9.9912E-05 9.9912E-05 9.9912E-05 9.9912E-05 9.9912E-05
9.9912E-05 9.9912E-05 9.9912E-05 9.9912E-05 9.9912E-05 9.9912E-05 9.9912E-05 0.999001 9.9912E-05 9.9912E-05 9.9912E-05
9.9912E-05 9.9912E-05 9.9912E-05 9.9912E-05 0.999001 9.9912E-05 9.9912E-05 9.9912E-05 9.9912E-05 9.9912E-05 9.9912E-05
9.9912E-05 9.9912E-05 9.9912E-05 9.9912E-05 9.9912E-05 9.9912E-05 9.9912E-05 0.999001 9.9912E-05 9.9912E-05 9.9912E-05
9.9912E-05 9.9912E-05 9.9912E-05 9.9912E-05 9.9912E-05 9.9912E-05 9.9912E-05 0.999001 9.9912E-05 9.9912E-05 9.9912E-05
9.9912E-05 9.9912E-05 9.9912E-05 9.9912E-05 0.999001 9.9912E-05 9.9912E-05 9.9912E-05 9.9912E-05 9.9912E-05 9.9912E-05
9.9912E-05 9.9912E-05 9.9912E-05 9.9912E-05 0.999001 9.9912E-05 9.9912E-05 9.9912E-05 9.9912E-05 9.9912E-05 9.9912E-05
9.9912E-05 9.9912E-05 9.9912E-05 9.9912E-05 0.999001 9.9912E-05 9.9912E-05 9.9912E-05 9.9912E-05 9.9912E-05 9.9912E-05
9.9912E-05 9.9912E-05 9.9912E-05 9.9912E-05 9.9912E-05 9.9912E-05 9.9912E-05 0.999001 9.9912E-05 9.9912E-05 9.9912E-05
9.9912E-05 9.9912E-05 9.9912E-05 9.9912E-05 9.9912E-05 9.9912E-05 9.9912E-05 0.999001 9.9912E-05 9.9912E-05 9.9912E-05
9.9912E-05 9.9912E-05 9.9912E-05 9.9912E-05 9.9912E-05 9.9912E-05 9.9912E-05 0.999001 9.9912E-05 9.9912E-05 9.9912E-05
9.9912E-05 9.9912E-05 9.9912E-05 9.9912E-05 9.9912E-05 9.9912E-05 9.9912E-05 0.999001 9.9912E-05 9.9912E-05 9.9912E-05
9.9912E-05 9.9912E-05 9.9912E-05 9.9912E-05 9.9912E-05 9.9912E-05 9.9912E-05 0.999001 9.9912E-05 9.9912E-05 9.9912E-05
9.99121E-05 9.99121E-05 9.99121E-05 9.99121E-05 0.999001 9.99121E-05 9.99121E-05 9.99121E-05 9.99121E-05 9.99121E-05 9.99121E-05
9.9912E-05 9.9912E-05 9.9912E-05 9.9912E-05 0.999001 9.9912E-05 9.9912E-05 9.9912E-05 9.9912E-05 9.9912E-05 9.9912E-05
9.99121E-05 9.99121E-05 9.99121E-05 9.99121E-05 0.999001 9.99121E-05 9.99121E-05 9.99121E-05 9.99121E-05 9.99121E-05 9.99121E-05
9.9912E-05 9.9912E-05 9.9912E-05 9.9912E-05 9.9912E-05 9.9912E-05 9.9912E-05 0.999001 9.9912E-05 9.9912E-05 9.9912E-05
9.9912E-05 9.9912E-05 9.9912E-05 9.9912E-05 0.999001 9.9912E-05 9.9912E-05 9.9912E-05 9.9912E-05 9.9912E-05 9.9912E-05
9.99121E-05 9.99121E-05 9.99121E-05 9.99121E-05 0.999001 9.99121E-05 9.99121E-05 9.99121E-05 9.99121E-05 9.99121E-05 9.99121E-05
9.9912E-05 9.9912E-05 9.9912E-05 9.9912E-05 0.999001 9.9912E-05 9.9912E-05 9.9912E-05 9.9912E-05 9.9912E-05 9.9912E-05
9.99121E-05 9.99121E-05 9.99121E-05 9.99121E-05 0.999001 9.99121E-05 9.99121E-05 9.99121E-05 9.99121E-05 9.99121E-05 9.99121E-05
9.99119E-05 9.99119E-05 9.99119E-05 9.99119E-05 9.99119E-05 9.99119E-05 9.99119E-05 0.999001 9.99119E-05 9.99119E-05 9.99119E-05
9.99121E-05 9.99121E-05 9.99121E-05 9.99121E-05 0.999001 9.99121E-05 9.99121E-05 9.99121E-05 9.99121E-05 9.99121E-05 9.99121E-05
9.9912E-05 9.9912E-05 9.9912E-05 9.9912E-05 0.999001 9.9912E-05 9.9912E-05 9.9912E-05 9.9912E-05 9.9912E-05 9.9912E-05
0.00777562 9.99648E-05 9.99648E-05 0.0374424 0.0845714 9.99648E-05 9.99648E-05 0.144746 0.16994 0.553993 0.00113149
9.9912E-05 9.9912E-05 9.9912E-05 9.9912E-05 9.9912E-05 9.9912E-05 9.9912E-05 0.999001 9.9912E-05 9.9912E-05 9.9912E-05
9.9912E-05 9.9912E-05 9.9912E-05 9.9912E-05 0.999001 9.9912E-05 9.9912E-05 9.9912E-05 9.9912E-05 9.9912E-05 9.9912E-05
9.99209E-05 9.99209E-05 0.00655656 9.99209E-05 0.992544 9.99209E-05 9.99209E-05 9.99209E-05 9.99209E-05 9.99209E-05 9.99209E-05
9.9912E-05 9.9912E-05 9.9912E-05 9.9912E-05 0.999001 9.9912E-05 9.9912E-05 9.9912E-05 9.9912E-05 9.9912E-05 9.9912E-05
9.9912E-05 9.9912E-05 9.9912E-05 9.9912E-05 0.999001 9.9912E-05 9.9912E-05 9.9912E-05 9.9912E-05 9.9912E-05 9.9912E-05
9.99119E-05 9.99119E-05 9.99119E-05 9.99119E-05 9.99119E-05 9.99119E-05 9.99119E-05 0.999001 9.99119E-05 9.99119E-05 9.99119E-05
9.9912E-05 9.9912E-05 9.9912E-05 9.9912E-05 0.999001 9.9912E-05 9.9912E-05 9.9912E-05 9.9912E-05 9.9912E-05 9.9912E-05
9.99119E-05 9.99119E-05 9.99119E-05 9.99119E-05 9.99119E-05 9.99119E-05 9.99119E-05 0.999001 9.99119E-05 9.99119E-05 9.99119E-05
9.9912E-05 9.9912E-05 9.9912E-05 9.9912E-05 0.999001 9.9912E-05 9.9912E-05 9.9912E-05 9.9912E-05 9.9912E-05 9.9912E-05
9.9912E-05 9.9912E-05 9.9912E-05 9.9912E-05 9.9912E-05 9.9912E-05 9.9912E-05 0.999001 9.9912E-05 9.9912E-05 9.9912E-05
9.9912E-05 9.9912E-05 9.9912E-05 9.9912E-05 0.999001 9.9912E-05 9.9912E-05 9.9912E-05 9.9912E-05 9.9912E-05 9.9912E-05
9.99121E-05 9.99121E-05 9.99121E-05 9.99121E-05 0.999001 9.99121E-05 9.99121E-05 9.99121E-05 9.99121E-05 9.99121E-05 9.99121E-05
9.9912E-05 9.9912E-05 9.9912E-05 9.9912E-05 0.999001 9.9912E-05 9.9912E-05 9.9912E-05 9.9912E-05 9.9912E-05 9.9912E-05
9.9912E-05 9.9912E-05 9.9912E-05 9.9912E-05 0.999001 9.9912E-05 9.9912E-05 9.9912E-05 9.9912E-05 9.9912E-05 9.9912E-05
9.9912E-05 9.9912E-05 9.9912E-05 9.9912E-05 0.999001 9.9912E-05 9.9912E-05 9.9912E-05 9.9912E-05 9.9912E-05 9.9912E-05
9.9912E-05 9.9912E-05 9.9912E-05 9.9912E-05 0.999001 9.9912E-05 9.9912E-05 9.9912E-05 9.9912E-05 9.9912E-05 9.9912E-05
9.9912E-05 9.9912E-05 9.9912E-05 9.9912E-05 9.9912E-05 9.9912E-05 9.9912E-05 0.999001 9.9912E-05 9.9912E-05 9.9912E-05
9.9912E-05 9.9912E-05 9.9912E-05 9.9912E-05 9.9912E-05 9.9912E-05 9.9912E-05 0.999001 9.9912E-05 9.9912E-05 9.9912E-05
9.9912E-05 9.9912E-05 9.9912E-05 9.9912E-05 9.9912E-05 9.9912E-05 9.9912E-05 0.999001 9.9912E-05 9.9912E-05 9.9912E-05
9.9912E-05 9.9912E-05 9.9912E-05 9.9912E-05 0.999001 9.9912E-05 9.9912E-05 9.9912E-05 9.9912E-05 9.9912E-05 9.9912E-05
9.9912E-05 9.9912E-05 9.9912E-05 9.9912E-05 9.9912E-05 9.9912E-05 9.9912E-05 0.999001 9.9912E-05 9.9912E-05 9.9912E-05
9.99119E-05 9.99119E-05 9.99119E-05 9.99119E-05 9.99119E-05 9.99119E-05 9.99119E-05 0.999001 9.99119E-05 9.99119E-05 9.99119E-05
9.9912E-05 9.9912E-05 9.9912E-05 9.9912E-05 9.9912E-05 9.9912E-05 9.9912E-05 0.999001 9.9912E-05 9.9912E-05 9.9912E-05
9.9912E-05 9.9912E-05 9.9912E-05 9.9912E-05 0.999001 9.9912E-05 9.9912E-05 9.9912E-05 9.9912E-05 9.9912E-05 9.9912E-05
9.9912E-05 9.9912E-05 9.9912E-05 9.9912E-05 0.999001 9.9912E-05 9.9912E-05 9.9912E-05 9.9912E-05 9.9912E-05 9.9912E-05
9.9912E-05 9.9912E-05 9.9912E-05 9.9912E-05 0.999001 9.9912E-05 9.9912E-05 9.9912E-05 9.9912E-05 9.9912E-05 9.9912E-05
9.99119E-05 9.99119E-05 9.99119E-05 9.99119E-05 9.99119E-05 9.99119E-05 9.99119E-05 0.999001 9.99119E-05 9.99119E-05 9.99119E-05
9.9912E-05 9.9912E-05 9.9912E-05 9.9912E-05 0.999001 9.9912E-05 9.9912E-05 9.9912E-05 9.9912E-05 9.9912E-05 9.9912E-05
9.9912E-05 9.9912E-05 9.9912E-05 9.9912E-05 0.999001 9.9912E-05 9.9912E-05 9.9912E-05 9.9912E-05 9.9912E-05 9.9912E-05
9.9912E-05 9.9912E-05 9.9912E-05 9.9912E-05 9.9912E-05 9.9912E-05 9.9912E-05 0.999001 9.9912E-05 9.9912E-05 9.9912E-05
9.9912E-05 9.9912E-05 9.9912E-05 9.9912E-05 0.999001 9.9912E-05 9.9912E-05 9.9912E-05 9.9912E-05 9.9912E-05 9.9912E-05
9.9912E-05 9.9912E-05 9.9912E-05 9.9912E-05 0.999001 9.9912E-05 9.9912E-05 9.9912E-05 9.9912E-05 9.9912E-05 9.9912E-05
9.9956E-05 9.9956E-05 0.123691 9.9956E-05 0.0548159 9.9956E-05 0.0395134 0.235396 9.9956E-05 0.487263 0.0588213
9.9912E-05 9.9912E-05 9.9912E-05 9.9912E-05 9.9912E-05 9.9912E-05 9.9912E-05 0.999001 9.9912E-05 9.9912E-05 9.9912E-05
9.9912E-05 9.9912E-05 9.9912E-05 9.9912E-05 0.999001 9.9912E-05 9.9912E-05 9.9912E-05 9.9912E-05 9.9912E-05 9.9912E-05
9.99386E-05 9.99386E-05 0.00516001 9.99386E-05 0.377908 9.99386E-05 0.00674972 9.99386E-05 9.99386E-05 0.609483 9.99386E-05
9.99385E-05 9.99385E-05 9.99385E-05 0.0182033 0.210261 9.99385E-05 9.99385E-05 0.0985453 9.99385E-05 0.67229 9.99385E-05
9.99297E-05 9.99297E-05 9.99297E-05 9.99297E-05 0.0176891 9.99297E-05 9.99297E-05 0.293943 9.99297E-05 0.687568 9.99297E-05
9.99296E-05 9.99296E-05 9.99296E-05 9.99296E-05 9.99296E-05 9.99296E-05 0.0182906 0.0580216 9.99296E-05 0.922888 9.99296E-05
9.99296E-05 9.99296E-05 9.99296E-05 9.99296E-05 0.16855 9.99296E-05 9.99296E-05 0.229761 9.99296E-05 0.600889 9.99296E-05
9.99387E-05 0.289669 9.99387E-05 9.99387E-05 0.0891253 9.99387E-05 9.99387E-05 9.99387E-05 0.0579158 0.562591 9.99387E-05
9.99386E-05 9.99386E-05 9.99386E-05 9.99386E-05 0.287007 9.99386E-05 9.99386E-05 0.190009 0.151626 0.370658 9.99386E-05
9.99385E-05 9.99385E-05 0.0298133 9.99385E-05 0.0965054 9.99385E-05 0.0881604 9.99385E-05 9.99385E-05 0.784821 9.99385E-05
9.99561E-05 0.246446 0.0994481 0.00980967 0.140411 9.99561E-05 9.99561E-05 0.083047 9.99561E-05 0.420338 9.99561E-05
9.99385E-05 9.99385E-05 9.99385E-05 0.0321491 9.99385E-05 9.99385E-05 9.99385E-05 0.0763128 0.0658134 0.825025 9.99385E-05
9.99561E-05 0.100388 0.0510716 9.99561E-05 0.0645294 9.99561E-05 0.026116 0.148774 9.99561E-05 0.608621 9.99561E-05
9.99209E-05 9.99209E-05 9.99209E-05 9.99209E-05 0.504485 9.99209E-05 9.99209E-05 9.99209E-05 9.99209E-05 0.494616 9.99209E-05
9.99385E-05 9.99385E-05 9.99385E-05 9.99385E-05 0.187109 9.99385E-05 0.0472996 0.247517 9.99385E-05 0.517374 9.99385E-05
9.99209E-05 9.99209E-05 9.99209E-05 9.99209E-05 9.99209E-05 9.99209E-05 0.0441213 9.99209E-05 9.99209E-05 0.954979 9.99209E-05
9.99296E-05 9.99296E-05 9.99296E-05 9.99296E-05 0.0301024 9.99296E-05 9.99296E-05 0.176908 9.99296E-05 0.79219 9.99296E-05
0.117809 9.99473E-05 0.0130623 9.99473E-05 0.188893 9.99473E-05 9.99473E-05 0.127096 9.99473E-05 0.55254 9.99473E-05
0.125912 0.093483 9.99562E-05 9.99562E-05 0.150666 9.99562E-05 0.0268618 0.115404 9.99562E-05 0.487174 9.99562E-05
9.99473E-05 9.99473E-05 0.0664662 9.99473E-05 9.99473E-05 9.99473E-05 0.0189042 0.290022 9.99473E-05 0.580982 0.0430254
0.172645 9.99384E-05 9.99384E-05 0.0284087 0.0217645 9.99384E-05 9.99384E-05 9.99384E-05 9.99384E-05 0.776483 9.99384E-05
9.99385E-05 9.99385E-05 9.99385E-05 9.99385E-05 0.059208 9.99385E-05 9.99385E-05 0.190919 0.0593512 0.689822 9.99385E-05
9.99297E-05 9.99297E-05 9.99297E-05 9.99297E-05 0.0676826 9.99297E-05 9.99297E-05 9.99297E-05 0.0141307 0.917387 9.99297E-05
9.99298E-05 9.99298E-05 9.99298E-05 9.99298E-05 0.180983 9.99298E-05 9.99298E-05 9.99298E-05 9.99298E-05 0.815765 0.00245226
9.99561E-05 9.99561E-05 0.0323448 9.99561E-05 0.0768417 9.99561E-05 0.0289702 0.149894 9.99561E-05 0.610155 0.101294
9.99296E-05 9.99296E-05 9.99296E-05 9.99296E-05 0.0975448 9.99296E-05 0.029544 9.99296E-05 9.99296E-05 0.872112 9.99296E-05
9.99209E-05 9.99209E-05 9.99209E-05 9.99209E-05 9.99209E-05 9.99209E-05 0.0797247 9.99209E-05 9.99209E-05 0.919376 9.99209E-05
0.0547631 0.529018 9.99385E-05 9.99385E-05 0.0454706 9.99385E-05 9.99385E-05 9.99385E-05 9.99385E-05 0.370049 9.99385E-05
9.99297E-05 9.99297E-05 9.99297E-05 9.99297E-05 0.0138585 9.99297E-05 9.99297E-05 0.0485413 9.99297E-05 0.936801 9.99297E-05
9.99385E-05 9.99385E-05 9.99385E-05 9.99385E-05 0.245741 9.99385E-05 0.0158701 0.283572 9.99385E-05 0.454117 9.99385E-05
9.99297E-05 9.99297E-05 9.99297E-05 0.0324902 9.99297E-05 9.99297E-05 0.00184658 9.99297E-05 9.99297E-05 0.964864 9.99297E-05
9.99473E-05 9.99473E-05 9.99473E-05 0.00434314 0.0778229 9.99473E-05 0.0681131 0.0631037 9.99473E-05 0.786017 9.99473E-05
0.00485122 9.99385E-05 9.99385E-05 9.99385E-05 0.367364 9.99385E-05 9.99385E-05 0.0907102 9.99385E-05 0.536375 9.99385E-05
9.99298E-05 9.99298E-05 9.99298E-05 9.99298E-05 0.224496 9.99298E-05 9.99298E-05 0.0590007 9.99298E-05 0.715704 9.99298E-05
0.227552 9.99385E-05 9.99385E-05 9.99385E-05 0.171544 9.99385E-05 9.99385E-05 0.108116 9.99385E-05 0.492088 9.99385E-05
9.99561E-05 9.99561E-05 0.0255133 9.99561E-05 0.149988 9.99561E-05 0.0375044 0.12512 0.00683366 0.65454 9.99561E-05
9.99472E-05 9.99472E-05 0.0470686 9.99472E-05 0.0822612 9.99472E-05 0.0265532 0.103136 9.99472E-05 0.740382 9.99472E-05
9.99297E-05 9.99297E-05 9.99297E-05 9.99297E-05 0.033037 9.99297E-05 9.99297E-05 0.119645 9.99297E-05 0.846518 9.99297E-05
9.99209E-05 0.546033 9.99209E-05 9.99209E-05 9.99209E-05 9.99209E-05 9.99209E-05 9.99209E-05 9.99209E-05 0.453067 9.99209E-05
9.99385E-05 9.99385E-05 0.0724739 9.99385E-05 9.99385E-05 9.99385E-05 9.99385E-05 0.164859 9.99385E-05 0.692864 0.069104
9.9921E-05 9.9921E-05 9.9921E-05 9.9921E-05 9.9921E-05 9.9921E-05 9.9921E-05 9.9921E-05 9.9921E-05 0.951491 0.0476095
9.99385E-05 9.99385E-05 9.99385E-05 9.99385E-05 0.141808 9.99385E-05 9.99385E-05 0.0348393 0.153371 0.669281 9.99385E-05
9.99385E-05 9.99385E-05 9.99385E-05 9.99385E-05 0.0403405 9.99385E-05 0.0328911 0.191126 9.99385E-05 0.734943 9.99385E-05
0.00166486 9.99474E-05 9.99474E-05 0.0443168 9.99474E-05 9.99474E-05 9.99474E-05 0.0195134 0.0458167 0.888089 9.99474E-05
9.99385E-05 9.99385E-05 9.99385E-05 9.99385E-05 0.155953 9.99385E-05 9.99385E-05 0.0715516 0.0525822 0.719214 9.99385E-05
0.0206259 9.99297E-05 9.99297E-05 9.99297E-05 0.485573 9.99297E-05 9.99297E-05 9.99297E-05 9.99297E-05 0.493002 9.99297E-05
9.99297E-05 9.99297E-05 9.99297E-05 9.99297E-05 0.454288 9.99297E-05 9.99297E-05 0.227394 9.99297E-05 0.317519 9.99297E-05
9.99296E-05 9.99296E-05 9.99296E-05 9.99296E-05 0.13312 9.99296E-05 9.99296E-05 0.0845366 9.99296E-05 0.781544 9.99296E-05
9.99209E-05 0.402476 9.99209E-05 9.99209E-05 9.99209E-05 9.99209E-05 9.99209E-05 9.99209E-05 9.99209E-05 0.596625 9.99209E-05
0.00644496 9.99473E-05 0.0257311 9.99473E-05 0.18704 9.99473E-05 9.99473E-05 0.0619833 9.99473E-05 0.718201 9.99473E-05
9.99201E-05 0.286206 9.99201E-05 9.99201E-05 9.99201E-05 9.99201E-05 9.99201E-05 9.99201E-05 0.00368288 0.709312 9.99201E-05
0.156832 9.99648E-05 9.99648E-05 9.99648E-05 0.186489 9.99648E-05 0.0358493 0.0998574 0.0631249 0.34937 0.108078
0.0268642 0.39477 9.99385E-05 9.99385E-05 9.99385E-05 9.99385E-05 0.0270742 9.99385E-05 9.99385E-05 0.550592 9.99385E-05
9.99298E-05 9.99298E-05 0.0136483 9.99298E-05 9.99298E-05 9.99298E-05 9.99298E-05 0.253908 9.99298E-05 0.731644 9.99298E-05
0.195198 9.99473E-05 0.000496764 9.99473E-05 9.99473E-05 9.99473E-05 9.99473E-05 0.194034 9.99473E-05 0.548503 0.0611696
0.215594 9.99297E-05 9.99297E-05 9.99297E-05 0.102232 9.99297E-05 9.99297E-05 9.99297E-05 9.99297E-05 0.681374 9.99297E-05
9.99297E-05 9.99297E-05 9.99297E-05 9.99297E-05 0.0480213 9.99297E-05 9.99297E-05 9.99297E-05 0.146217 0.804962 9.99297E-05
9.9921E-05 9.9921E-05 9.9921E-05 9.9921E-05 0.290786 9.9921E-05 9.9921E-05 9.9921E-05 9.9921E-05 0.708315 9.9921E-05
0.0212569 0.561929 0.0639518 0.0151854 9.99649E-05 9.99649E-05 0.0103737 0.184891 9.99649E-05 0.142012 9.99649E-05
9.99473E-05 0.180412 0.0193875 9.99473E-05 0.112719 9.99473E-05 9.99473E-05 0.0192643 9.99473E-05 0.667618 9.99473E-05
9.99298E-05 9.99298E-05 9.99298E-05 9.99298E-05 0.122327 9.99298E-05 9.99298E-05 0.133926 9.99298E-05 0.742948 9.99298E-05
0.0744562 0.0832437 9.99473E-05 9.99473E-05 0.161151 9.99473E-05 9.99473E-05 0.249311 9.99473E-05 0.431238 9.99473E-05
9.99297E-05 0.405052 9.99297E-05 9.99297E-05 9.99297E-05 9.99297E-05 9.99297E-05 0.00895103 9.99297E-05 0.585197 9.99297E-05
9.99298E-05 0.477796 9.99298E-05 9.99298E-05 0.112598 9.99298E-05 9.99298E-05 9.99298E-05 9.99298E-05 0.408807 9.99298E-05
9.99561E-05 0.555371 0.0243745 0.0234955 0.0248157 9.99561E-05 9.99561E-05 0.160353 9.99561E-05 0.211091 9.99561E-05
9.99386E-05 9.99386E-05 0.0382775 9.99386E-05 0.0379748 9.99386E-05 9.99386E-05 0.0710026 9.99386E-05 0.852046 9.99386E-05
9.99297E-05 9.99297E-05 9.99297E-05 0.108097 0.0797264 9.99297E-05 9.99297E-05 9.99297E-05 9.99297E-05 0.811377 9.99297E-05
9.99211E-05 9.99211E-05 9.99211E-05 9.99211E-05 0.17675 9.99211E-05 9.99211E-05 9.99211E-05 9.99211E-05 0.822351 9.99211E-05
9.99386E-05 0.381188 9.99386E-05 9.99386E-05 0.0733239 9.99386E-05 9.99386E-05 0.0412485 9.99386E-05 0.50354 9.99386E-05
0.00971497 9.99385E-05 9.99385E-05 9.99385E-05 0.188212 9.99385E-05 9.99385E-05 0.15433 9.99385E-05 0.647044 9.99385E-05
9.99384E-05 9.99384E-05 0.043459 0.0143618 9.99384E-05 9.99384E-05 9.99384E-05 0.191256 9.99384E-05 0.750223 9.99384E-05
0.185203 0.488865 0.0759314 0.0379866 0.0383559 9.99649E-05 9.99649E-05 0.0377837 9.99649E-05 0.135474 9.99649E-05
0.233901 0.122663 9.99473E-05 9.99473E-05 0.00872477 9.99473E-05 9.99473E-05 0.200305 9.99473E-05 0.433806 9.99473E-05
9.99473E-05 0.746137 0.0103829 0.0657381 9.99473E-05 9.99473E-05 9.99473E-05 0.176201 0.000940977 9.99473E-05 9.99473E-05
9.99297E-05 9.99297E-05 9.99297E-05 9.99297E-05 0.280304 9.99297E-05 9.99297E-05 0.193847 9.99297E-05 0.525049 9.99297E-05
0.241876 9.99386E-05 9.99386E-05 9.99386E-05 9.99386E-05 9.99386E-05 0.132067 9.99386E-05 9.99386E-05 0.579331 0.0460267
9.99385E-05 0.491493 9.99385E-05 9.99385E-05 0.0167485 9.99385E-05 9.99385E-05 0.108322 9.99385E-05 0.382737 9.99385E-05
0.198298 0.0733323 9.99473E-05 9.99473E-05 0.0752995 9.99473E-05 9.99473E-05 0.0372926 9.99473E-05 0.615178 9.99473E-05
0.118657 0.578204 9.99385E-05 9.99385E-05 9.99385E-05 9.99385E-05 9.99385E-05 9.99385E-05 0.0157194 0.28672 9.99385E-05
9.99209E-05 9.99209E-05 9.99209E-05 9.99209E-05 9.99209E-05 9.99209E-05 9.99209E-05 0.087824 9.99209E-05 0.911277 9.99209E-05
0.214959 0.628525 9.99561E-05 9.99561E-05 0.0484368 9.99561E-05 0.00815711 0.0116879 9.99561E-05 0.0877339 9.99561E-05
9.99385E-05 9.99385E-05 0.0152366 9.99385E-05 0.296461 9.99385E-05 9.99385E-05 0.00462974 9.99385E-05 0.682974 9.99385E-05
9.99473E-05 9.99473E-05 0.0123265 9.99473E-05 0.154569 9.99473E-05 9.99473E-05 9.99473E-05 0.00177523 0.814402 0.0163275
9.9956E-05 9.9956E-05 0.0475003 0.0486215 0.0891432 9.9956E-05 0.0570413 9.9956E-05 0.112839 0.644355 9.9956E-05
9.99385E-05 0.575784 9.99385E-05 9.99385E-05 9.99385E-05 9.99385E-05 0.0496218 0.0695169 9.99385E-05 0.304378 9.99385E-05
0.0601745 0.082585 0.0415145 9.99473E-05 0.281256 9.99473E-05 9.99473E-05 9.99473E-05 9.99473E-05 0.533871 9.99473E-05
0.14432 9.99385E-05 9.99385E-05 0.177865 0.0709161 9.99385E-05 9.99385E-05 9.99385E-05 9.99385E-05 0.6062 9.99385E-05
0.111676 0.268899 9.99473E-05 9.99473E-05 0.01265 9.99473E-05 9.99473E-05 0.0523634 9.99473E-05 0.553811 9.99473E-05
9.99297E-05 9.99297E-05 9.99297E-05 9.99297E-05 9.99297E-05 9.99297E-05 0.118286 0.127988 9.99297E-05 0.752926 9.99297E-05
9.99385E-05 9.99385E-05 0.0226556 9.99385E-05 0.300434 9.99385E-05 9.99385E-05 0.0500887 9.99385E-05 0.626122 9.99385E-05
9.99298E-05 9.99298E-05 9.99298E-05 9.99298E-05 0.0510697 9.99298E-05 9.99298E-05 0.224905 9.99298E-05 0.723226 9.99298E-05
9.99385E-05 9.99385E-05 9.99385E-05 0.0593904 0.121995 9.99385E-05 9.99385E-05 0.15796 9.99385E-05 0.659955 9.99385E-05
0.107526 0.17293 0.0220312 0.227086 0.0763977 9.99737E-05 0.0107257 0.119512 9.99737E-05 0.263491 9.99737E-05
0.152062 9.99472E-05 9.99472E-05 9.99472E-05 0.0176513 9.99472E-05 0.0652274 0.296155 9.99472E-05 0.468305 9.99472E-05
9.99298E-05 9.99298E-05 9.99298E-05 9.99298E-05 0.356985 9.99298E-05 9.99298E-05 0.149282 9.99298E-05 0.492934 9.99298E-05
0.202472 9.99385E-05 0.0971546 0.0818158 9.99385E-05 9.99385E-05 9.99385E-05 9.99385E-05 9.99385E-05 0.617858 9.99385E-05
0.166869 0.112698 9.99386E-05 9.99386E-05 0.109237 9.99386E-05 9.99386E-05 9.99386E-05 9.99386E-05 0.610497 9.99386E-05
0.156529 0.520029 9.99473E-05 9.99473E-05 9.99473E-05 9.99473E-05 0.0660192 0.0712066 9.99473E-05 0.185617 9.99473E-05
9.99297E-05 9.99297E-05 9.99297E-05 9.99297E-05 0.213137 9.99297E-05 9.99297E-05 9.99297E-05 0.0865657 0.699498 9.99297E-05
9.99473E-05 9.99473E-05 0.0718322 9.99473E-05 0.0470127 9.99473E-05 9.99473E-05 0.128502 0.0958776 0.656176 9.99473E-05
9.99387E-05 9.99387E-05 0.0589123 9.99387E-05 9.99387E-05 9.99387E-05 9.99387E-05 0.366012 9.99387E-05 0.573426 0.000949671
0.0424153 9.99561E-05 9.99561E-05 0.024167 0.102719 9.99561E-05 9.99561E-05 0.359194 0.0100098 0.460995 9.99561E-05
9.99648E-05 9.99648E-05 0.038211 0.0350499 0.0707188 9.99648E-05 0.0939593 9.99648E-05 0.0608686 0.69338 0.00741201
9.9921E-05 9.9921E-05 9.9921E-05 9.9921E-05 9.9921E-05 9.9921E-05 9.9921E-05 0.287168 9.9921E-05 0.711933 9.9921E-05
0.0579494 9.99561E-05 0.0348936 0.165638 0.0578229 9.99561E-05 9.99561E-05 0.0229285 9.99561E-05 0.660268 9.99561E-05
