0.126592 9.99561E-05 9.99561E-05 9.99561E-05 0.00844969 0.139591 0.100411 0.480187 9.99561E-05 9.99561E-05 0.144269
0.0189263 9.99473E-05 0.0160355 9.99473E-05 9.99473E-05 0.119531 9.99473E-05 0.798834 9.99473E-05 9.99473E-05 0.0460738
0.00215442 9.99473E-05 9.99473E-05 0.00309545 9.99473E-05 9.99473E-05 0.0572374 0.889339 9.99473E-05 9.99473E-05 0.0475737
0.107047 0.0173646 0.122026 9.99737E-05 9.99737E-05 9.99737E-05 0.0255993 0.307837 0.298595 0.0434065 0.0778251
9.99298E-05 9.99298E-05 9.99298E-05 9.99298E-05 9.99298E-05 9.99298E-05 9.99298E-05 0.796326 0.12774 0.0751348 9.99298E-05
9.99649E-05 0.0897768 9.99649E-05 9.99649E-05 0.0464809 0.208188 9.99649E-05 0.224405 0.290941 0.13491 0.00489792
0.154855 9.99649E-05 9.99649E-05 0.0637612 9.99649E-05 0.185775 0.0649546 0.313045 0.197361 9.99649E-05 0.0198476
0.0406821 9.99562E-05 9.99562E-05 0.112606 0.0406331 9.99562E-05 9.99562E-05 0.238188 0.387902 0.179488 9.99562E-05
9.99561E-05 0.0312181 9.99561E-05 9.99561E-05 9.99561E-05 9.99561E-05 0.188902 0.25409 0.0154472 0.302749 0.207094
9.99209E-05 9.99209E-05 9.99209E-05 9.99209E-05 9.99209E-05 9.99209E-05 9.99209E-05 0.934024 9.99209E-05 9.99209E-05 0.0650763
0.164135 9.99385E-05 9.99385E-05 9.99385E-05 9.99385E-05 9.99385E-05 9.99385E-05 0.561977 9.99385E-05 0.0274623 0.245726
9.99385E-05 9.99385E-05 0.0519653 9.99385E-05 0.000156844 9.99385E-05 9.99385E-05 0.865446 0.0817325 9.99385E-05 9.99385E-05
9.99385E-05 9.99385E-05 9.99385E-05 9.99385E-05 9.99385E-05 9.99385E-05 9.99385E-05 0.869657 0.0150417 0.0125479 0.102054
0.0755681 0.214765 9.99473E-05 0.0563683 9.99473E-05 9.99473E-05 9.99473E-05 0.592993 9.99473E-05 9.99473E-05 0.059706
9.99737E-05 0.0991243 0.0252397 9.99737E-05 9.99737E-05 0.0241113 0.0284557 0.380281 0.17182 0.0798442 0.190825
0.0132382 9.99648E-05 9.99648E-05 0.132835 0.00942519 9.99648E-05 9.99648E-05 0.278847 0.242291 0.199611 0.123353
0.0520047 0.0426931 0.0156707 9.99737E-05 9.99737E-05 0.0754232 0.0100519 0.641222 0.140404 9.99737E-05 0.0222308
0.0128512 9.99649E-05 0.0929256 9.99649E-05 0.146147 9.99649E-05 9.99649E-05 0.269946 0.128769 0.133861 0.2151
0.0204194 9.99824E-05 0.0628877 0.0246543 0.0149998 9.99824E-05 0.0360017 0.36393 0.109484 0.148668 0.218756
9.9921E-05 9.9921E-05 0.0600017 9.9921E-05 9.9921E-05 9.9921E-05 9.9921E-05 0.939099 9.9921E-05 9.9921E-05 9.9921E-05
0.0296822 9.99649E-05 9.99649E-05 0.020255 9.99649E-05 9.99649E-05 0.031641 0.47655 0.232403 0.154078 0.0549912
9.99386E-05 9.99386E-05 9.99386E-05 9.99386E-05 9.99386E-05 0.103144 9.99386E-05 0.323349 0.355515 0.217292 9.99386E-05
0.0757172 9.99386E-05 9.99386E-05 9.99386E-05 9.99386E-05 0.0285975 9.99386E-05 0.703053 9.99386E-05 9.99386E-05 0.191933
9.99473E-05 9.99473E-05 9.99473E-05 0.0497334 9.99473E-05 9.99473E-05 0.145388 0.421006 9.99473E-05 0.0768846 0.306388
0.0639887 0.00640661 0.113766 9.99649E-05 9.99649E-05 9.99649E-05 0.0642486 0.284365 9.99649E-05 0.112015 0.35481
9.99473E-05 0.0427955 9.99473E-05 9.99473E-05 9.99473E-05 9.99473E-05 9.99473E-05 0.684913 0.0878825 0.0241935 0.159616
0.0405824 0.148084 0.0133235 0.0582047 0.0912829 0.103232 9.99912E-05 0.0731408 0.174712 0.0492243 0.248113
0.018066 9.99474E-05 9.99474E-05 0.0769869 9.99474E-05 9.99474E-05 9.99474E-05 0.776783 0.0499512 9.99474E-05 0.0776136
0.0595818 9.99298E-05 9.99298E-05 9.99298E-05 9.99298E-05 9.99298E-05 9.99298E-05 0.666268 9.99298E-05 9.99298E-05 0.273351
0.0426767 0.048804 9.99737E-05 0.0252802 9.99737E-05 0.0193143 9.99737E-05 0.680064 0.0127296 0.108835 0.061996
0.128039 9.99561E-05 0.0509654 9.99561E-05 0.0155698 9.99561E-05 9.99561E-05 0.692383 9.99561E-05 0.0417727 0.0707706
0.0733329 0.118256 9.99473E-05 9.99473E-05 9.99473E-05 9.99473E-05 9.99473E-05 0.55818 0.10963 9.99473E-05 0.140001
0.104839 9.99561E-05 0.0296816 0.0690332 9.99561E-05 9.99561E-05 9.99561E-05 0.540932 9.99561E-05 0.0077858 0.247229
0.0123242 0.267956 0.0261395 9.99737E-05 0.00309086 9.99737E-05 0.0560174 0.394829 0.0702534 9.99737E-05 0.16909
0.0372052 9.99473E-05 0.0530507 9.99473E-05 9.99473E-05 0.06685 9.99473E-05 0.814891 9.99473E-05 9.99473E-05 0.0274033
0.0147881 9.99649E-05 9.99649E-05 9.99649E-05 9.99649E-05 0.0281244 0.0680271 0.747648 0.0749921 0.0285378 0.0374824
0.00283628 9.99386E-05 9.99386E-05 0.0948379 9.99386E-05 0.0207866 9.99386E-05 0.88084 9.99386E-05 9.99386E-05 9.99386E-05
9.99386E-05 9.99386E-05 0.0611407 9.99386E-05 9.99386E-05 9.99386E-05 9.99386E-05 0.684724 9.99386E-05 0.149004 0.104432
0.0339666 0.102691 9.99649E-05 9.99649E-05 9.99649E-05 0.0490237 9.99649E-05 0.51624 0.0881283 0.00107492 0.208476
0.000598562 0.0520126 9.99473E-05 0.219522 9.99473E-05 9.99473E-05 9.99473E-05 0.49958 9.99473E-05 9.99473E-05 0.227687
0.0772231 9.99386E-05 9.99386E-05 9.99386E-05 9.99386E-05 9.99386E-05 9.99386E-05 0.821898 9.99386E-05 0.0134675 0.0867114
9.99561E-05 9.99561E-05 9.99561E-05 0.00488121 9.99561E-05 0.00341283 0.0624468 0.72408 9.99561E-05 0.0515729 0.153106
9.99385E-05 0.0285892 9.99385E-05 9.99385E-05 9.99385E-05 0.00379613 9.99385E-05 0.91516 0.0517547 9.99385E-05 9.99385E-05
0.0778604 9.99561E-05 9.99561E-05 9.99561E-05 9.99561E-05 0.078595 0.0412473 0.465222 9.99561E-05 0.132024 0.204552
0.0157647 9.99473E-05 9.99473E-05 9.99473E-05 9.99473E-05 9.99473E-05 0.00542378 0.345426 0.319022 9.99473E-05 0.313764
9.99385E-05 9.99385E-05 0.126385 9.99385E-05 0.0120217 9.99385E-05 9.99385E-05 0.827999 9.99385E-05 9.99385E-05 0.0328941
0.0178897 9.99473E-05 9.99473E-05 9.99473E-05 0.0472723 9.99473E-05 9.99473E-05 0.834905 9.99473E-05 0.0166288 0.0827049
9.99298E-05 9.99298E-05 9.99298E-05 0.00950791 9.99298E-05 9.99298E-05 9.99298E-05 0.970204 9.99298E-05 9.99298E-05 0.0194891
0.0579624 9.99385E-05 9.99385E-05 9.99385E-05 9.99385E-05 9.99385E-05 9.99385E-05 0.69296 0.0571623 9.99385E-05 0.191216
9.99562E-05 9.99562E-05 0.00616833 0.121651 9.99562E-05 0.103443 9.99562E-05 0.676242 0.00223385 9.99562E-05 0.0897619
0.132805 0.0715941 9.99649E-05 9.99649E-05 9.99649E-05 9.99649E-05 0.0230827 0.319701 0.0992057 0.0709911 0.282221
9.99561E-05 9.99561E-05 0.0544632 0.00314989 9.99561E-05 9.99561E-05 0.0570751 0.652315 0.196337 0.0361592 9.99561E-05
9.99385E-05 9.99385E-05 9.99385E-05 9.99385E-05 0.0684159 0.0352659 9.99385E-05 0.811506 9.99385E-05 9.99385E-05 0.0841124
9.99649E-05 9.99649E-05 0.0179961 0.233375 0.0027318 9.99649E-05 9.99649E-05 0.644712 0.034698 0.0419877 0.0240995
9.99474E-05 9.99474E-05 9.99474E-05 9.99474E-05 9.99474E-05 9.99474E-05 0.0420872 0.727766 0.12185 0.0109713 0.0967264
0.0584292 0.0447041 0.118846 0.0172037 9.99561E-05 9.99561E-05 9.99561E-05 0.698933 0.0613838 9.99561E-05 9.99561E-05
9.99473E-05 9.99473E-05 9.99473E-05 9.99473E-05 0.0597058 0.0119213 9.99473E-05 0.741716 0.100441 9.99473E-05 0.085617
0.0512895 9.99386E-05 9.99386E-05 9.99386E-05 0.0363434 9.99386E-05 9.99386E-05 0.82411 9.99386E-05 9.99386E-05 0.087558
0.0359335 9.99561E-05 9.99561E-05 9.99561E-05 9.99561E-05 0.00438948 9.99561E-05 0.867211 0.0414606 0.00338993 0.0471162
0.0307336 9.99649E-05 0.0042111 9.99649E-05 0.118905 0.322618 9.99649E-05 0.0877081 9.99649E-05 0.0321361 0.403288
9.99562E-05 9.99562E-05 9.99562E-05 0.0747789 9.99562E-05 0.320892 0.128132 0.336062 0.0331139 9.99562E-05 0.106522
0.0269537 9.99561E-05 9.99561E-05 0.061841 0.164096 0.348717 9.99561E-05 0.367538 9.99561E-05 9.99561E-05 0.0303541
0.0422158 0.0898 0.0376712 9.99737E-05 0.0619716 0.39124 0.0590349 9.99737E-05 9.99737E-05 0.111655 0.206112
0.0156348 9.99824E-05 0.0549126 0.0585925 0.0853482 0.162602 9.99824E-05 0.126256 0.134664 0.113478 0.248312
0.123136 9.99561E-05 9.99561E-05 9.99561E-05 0.00846133 0.267357 0.10412 9.99561E-05 9.99561E-05 0.141288 0.355138
0.0771196 9.99561E-05 0.019471 9.99561E-05 9.99561E-05 0.560132 9.99561E-05 9.99561E-05 0.0597743 0.0185038 0.264499
0.0165983 9.99561E-05 9.99561E-05 0.122793 0.198183 0.349028 9.99561E-05 9.99561E-05 9.99561E-05 0.0805895 0.232308
9.99561E-05 0.025018 9.99561E-05 9.99561E-05 0.0700473 0.440508 0.0781376 0.213627 9.99561E-05 9.99561E-05 0.172163
0.226201 9.99561E-05 9.99561E-05 0.0152153 9.99561E-05 0.325532 9.99561E-05 0.316524 9.99561E-05 0.0102668 0.10576
0.205062 9.99561E-05 0.0428818 9.99561E-05 0.0245418 0.105829 9.99561E-05 9.99561E-05 9.99561E-05 0.0959763 0.525209
0.0681791 9.99737E-05 9.99737E-05 0.231417 0.03666 0.316242 9.99737E-05 0.0448947 0.0575685 0.01388 0.230858
0.166815 0.0241896 9.99824E-05 0.0643476 0.009118 0.158866 9.99824E-05 0.00878359 0.223611 0.169451 0.17462
9.99473E-05 9.99473E-05 9.99473E-05 0.0509271 9.99473E-05 0.33134 9.99473E-05 0.0256795 0.178946 9.99473E-05 0.412508
0.0455644 0.117211 9.99649E-05 0.108019 9.99649E-05 0.289756 0.0682692 0.26002 9.99649E-05 9.99649E-05 0.110761
0.117005 9.99737E-05 9.99737E-05 9.99737E-05 0.0361606 0.249212 0.000333482 0.234003 0.0653621 0.0561623 0.241461
9.99561E-05 9.99561E-05 9.99561E-05 0.119106 0.138668 0.285702 9.99561E-05 0.0051793 0.188662 9.99561E-05 0.262184
0.281482 9.99649E-05 9.99649E-05 9.99649E-05 0.0696814 0.128416 9.99649E-05 0.143941 0.105202 0.140032 0.130846
0.0814008 9.99561E-05 9.99561E-05 9.99561E-05 0.187141 0.219206 9.99561E-05 0.1955 9.99561E-05 0.069652 0.246599
0.0227454 9.99473E-05 9.99473E-05 0.156703 0.0916135 0.21386 9.99473E-05 9.99473E-05 9.99473E-05 9.99473E-05 0.514479
9.99475E-05 9.99475E-05 9.99475E-05 0.0632757 9.99475E-05 0.31964 9.99475E-05 0.380426 0.0760053 9.99475E-05 0.160053
0.0314553 9.99649E-05 9.99649E-05 0.120821 9.99649E-05 0.324384 9.99649E-05 0.128634 0.0933798 0.0482406 0.252685
0.040961 0.198582 0.00243922 9.99649E-05 0.0698893 0.275197 9.99649E-05 0.20509 9.99649E-05 9.99649E-05 0.207441
0.0222562 9.99737E-05 9.99737E-05 9.99737E-05 0.089085 0.142005 0.144557 0.191453 0.133663 0.0945547 0.182126
0.241858 9.99561E-05 9.99561E-05 9.99561E-05 9.99561E-05 9.99561E-05 0.0316524 0.276234 0.0803459 0.0966694 0.272741
0.0817364 0.0642436 0.000207663 9.9965E-05 9.9965E-05 0.281326 9.9965E-05 0.334695 9.9965E-05 0.0447233 0.192668
9.99649E-05 0.028044 9.99649E-05 0.0137242 0.117764 0.255173 0.080212 0.423797 9.99649E-05 9.99649E-05 0.0808866
0.0431332 9.99562E-05 9.99562E-05 0.0244305 9.99562E-05 0.343473 0.0955917 0.242541 9.99562E-05 9.99562E-05 0.250331
9.99474E-05 9.99474E-05 9.99474E-05 9.99474E-05 0.285092 0.0844935 9.99474E-05 0.325075 9.99474E-05 0.0829595 0.22178
0.021924 0.0862174 9.99562E-05 9.99562E-05 9.99562E-05 0.267475 9.99562E-05 0.299666 9.99562E-05 0.0880788 0.236139
0.0167847 0.611143 9.99385E-05 9.99385E-05 9.99385E-05 9.99385E-05 9.99385E-05 9.99385E-05 9.99385E-05 0.164244 0.207129
9.99299E-05 0.93481 9.99299E-05 9.99299E-05 9.99299E-05 9.99299E-05 9.99299E-05 9.99299E-05 9.99299E-05 0.0462738 0.0181167
0.0740718 0.671282 9.99472E-05 9.99472E-05 9.99472E-05 9.99472E-05 9.99472E-05 9.99472E-05 0.0287963 0.0214088 0.203842
0.0500292 0.528163 9.99472E-05 9.99472E-05 0.038498 9.99472E-05 9.99472E-05 9.99472E-05 9.99472E-05 0.128279 0.254431
0.0163677 0.586369 0.0117715 0.0433565 0.0232861 9.99736E-05 0.113203 9.99736E-05 9.99736E-05 0.165609 0.0397363
9.99385E-05 0.561143 0.00491606 9.99385E-05 9.99385E-05 9.99385E-05 9.99385E-05 9.99385E-05 9.99385E-05 0.194562 0.238679
0.0908348 0.569813 9.99385E-05 9.99385E-05 9.99385E-05 9.99385E-05 9.99385E-05 9.99385E-05 9.99385E-05 0.108386 0.230266
0.0406723 0.533965 9.99385E-05 9.99385E-05 9.99385E-05 9.99385E-05 9.99385E-05 9.99385E-05 9.99385E-05 0.306945 0.117719
0.0347966 0.142773 9.99473E-05 9.99473E-05 9.99473E-05 0.296665 9.99473E-05 9.99473E-05 9.99473E-05 0.402762 0.122404
9.99297E-05 0.332709 9.99297E-05 9.99297E-05 9.99297E-05 9.99297E-05 9.99297E-05 9.99297E-05 9.99297E-05 0.25482 0.411672
0.0425596 0.621925 9.99386E-05 9.99386E-05 9.99386E-05 0.315404 9.99386E-05 9.99386E-05 9.99386E-05 9.99386E-05 0.0194118
0.0842099 0.670764 9.99385E-05 9.99385E-05 9.99385E-05 0.143303 9.99385E-05 9.99385E-05 9.99385E-05 9.99385E-05 0.101023
9.99298E-05 0.806506 9.99298E-05 9.99298E-05 0.0558632 9.99298E-05 9.99298E-05 9.99298E-05 9.99298E-05 0.136831 9.99298E-05
0.0242828 0.522908 9.99473E-05 9.99473E-05 9.99473E-05 9.99473E-05 0.108756 9.99473E-05 9.99473E-05 0.202891 0.140562
0.0186121 0.640316 0.00740234 0.0256988 0.160552 9.99561E-05 9.99561E-05 9.99561E-05 9.99561E-05 0.146918 9.99561E-05
0.0622508 0.486807 0.00272932 0.0363468 9.99649E-05 0.128688 9.99649E-05 9.99649E-05 9.99649E-05 0.105417 0.177361
9.99561E-05 0.525282 0.0127628 9.99561E-05 0.0317609 0.162348 9.99561E-05 9.99561E-05 9.99561E-05 0.0416127 0.225734
0.0437204 0.634146 9.99649E-05 0.0358343 9.99649E-05 9.99649E-05 0.0590499 9.99649E-05 0.0115284 0.186259 0.0290616
0.0922311 0.806369 0.00104636 9.99473E-05 9.99473E-05 9.99473E-05 9.99473E-05 9.99473E-05 0.0437853 0.0559686 9.99473E-05
0.0478674 0.53628 0.0481267 0.0441412 9.99561E-05 9.99561E-05 9.99561E-05 9.99561E-05 9.99561E-05 0.164432 0.158652
9.99473E-05 0.579832 9.99473E-05 9.99473E-05 9.99473E-05 0.136861 9.99473E-05 9.99473E-05 0.0293844 0.0953012 0.158021
0.0251919 0.631957 9.99473E-05 9.99473E-05 0.0824075 9.99473E-05 9.99473E-05 9.99473E-05 9.99473E-05 0.11405 0.145795
9.99561E-05 0.27369 0.0979131 9.99561E-05 9.99561E-05 0.0142174 9.99561E-05 9.99561E-05 0.00939104 0.303758 0.30053
9.99474E-05 0.705385 0.00247885 9.99474E-05 9.99474E-05 9.99474E-05 0.0544106 9.99474E-05 9.99474E-05 0.190724 0.0464019
9.9956E-05 0.31311 0.125987 9.9956E-05 9.9956E-05 0.0400425 9.9956E-05 9.9956E-05 0.0865208 0.197114 0.236726
9.99474E-05 0.53578 9.99474E-05 9.99474E-05 0.0120842 0.097386 9.99474E-05 9.99474E-05 9.99474E-05 0.178209 0.175941
9.99211E-05 0.863477 9.99211E-05 9.99211E-05 9.99211E-05 9.99211E-05 0.135624 9.99211E-05 9.99211E-05 9.99211E-05 9.99211E-05
0.0997115 0.331934 0.0816203 9.99472E-05 9.99472E-05 9.99472E-05 9.99472E-05 9.99472E-05 9.99472E-05 0.147419 0.338716
9.99385E-05 0.403852 9.99385E-05 9.99385E-05 9.99385E-05 0.0230385 9.99385E-05 9.99385E-05 9.99385E-05 0.323095 0.249315
0.0669053 0.708489 0.0866 9.99385E-05 9.99385E-05 9.99385E-05 9.99385E-05 9.99385E-05 9.99385E-05 9.99385E-05 0.137307
0.0572935 0.553221 9.99561E-05 0.0231865 9.99561E-05 0.00280436 9.99561E-05 9.99561E-05 9.99561E-05 0.0887691 0.274226
0.0352764 0.699787 9.99472E-05 0.163551 9.99472E-05 9.99472E-05 9.99472E-05 9.99472E-05 9.99472E-05 0.0276246 0.0731608
0.035563 0.29842 0.231935 0.00173042 9.9956E-05 9.9956E-05 9.9956E-05 9.9956E-05 9.9956E-05 0.275292 0.156559
0.0590992 0.435651 0.115958 9.99472E-05 9.99472E-05 9.99472E-05 9.99472E-05 9.99472E-05 9.99472E-05 0.12503 0.263662
9.99385E-05 0.794875 0.017953 9.99385E-05 9.99385E-05 9.99385E-05 9.99385E-05 9.99385E-05 9.99385E-05 0.0469476 0.139524
0.0295807 0.704554 9.99561E-05 0.0746097 0.0139159 0.00743684 9.99561E-05 9.99561E-05 9.99561E-05 0.169404 9.99561E-05
0.0365222 0.422452 9.99472E-05 9.99472E-05 0.0572482 9.99472E-05 9.99472E-05 9.99472E-05 9.99472E-05 0.164585 0.318593
9.9921E-05 0.96952 9.9921E-05 9.9921E-05 9.9921E-05 9.9921E-05 9.9921E-05 9.9921E-05 9.9921E-05 0.0295806 9.9921E-05
0.000412378 0.851736 0.0156572 9.99561E-05 0.0159024 9.99561E-05 9.99561E-05 9.99561E-05 9.99561E-05 0.0302549 0.0855374
9.99211E-05 0.995727 9.99211E-05 9.99211E-05 9.99211E-05 9.99211E-05 9.99211E-05 9.99211E-05 9.99211E-05 0.00337355 9.99211E-05
9.99386E-05 0.857897 0.0245989 9.99386E-05 9.99386E-05 0.108053 9.99386E-05 9.99386E-05 9.99386E-05 0.00875214 9.99386E-05
0.0486171 0.374644 9.9956E-05 9.9956E-05 9.9956E-05 0.0815503 9.9956E-05 9.9956E-05 0.00199993 0.113205 0.379484
9.99385E-05 0.64052 9.99385E-05 9.99385E-05 9.99385E-05 9.99385E-05 9.99385E-05 9.99385E-05 0.103079 0.237657 0.0180449
9.99474E-05 0.783488 9.99474E-05 9.99474E-05 9.99474E-05 0.0150328 9.99474E-05 0.0159571 9.99474E-05 0.11221 0.0727126
9.99298E-05 0.865662 9.99298E-05 9.99298E-05 9.99298E-05 0.11463 9.99298E-05 9.99298E-05 9.99298E-05 0.0189085 9.99298E-05
0.0358972 0.25616 0.223392 9.99561E-05 9.99561E-05 0.182864 9.99561E-05 9.99561E-05 9.99561E-05 0.20677 0.0944183
0.0846134 0.326378 9.99737E-05 0.0906133 0.0443011 9.99737E-05 0.0269372 0.0262267 9.99737E-05 0.138816 0.261814
9.99649E-05 0.377358 0.0138406 0.0851521 9.99649E-05 0.0578541 0.177073 9.99649E-05 9.99649E-05 0.193925 0.0943975
0.0813051 0.259049 9.99473E-05 9.99473E-05 0.0319357 9.99473E-05 9.99473E-05 9.99473E-05 9.99473E-05 0.346376 0.280735
9.99211E-05 0.943768 9.99211E-05 9.99211E-05 9.99211E-05 9.99211E-05 9.99211E-05 9.99211E-05 9.99211E-05 9.99211E-05 0.0553326
0.0377424 0.425688 0.0132194 0.0817732 9.99648E-05 9.99648E-05 9.99648E-05 9.99648E-05 0.118894 0.0437086 0.278575
9.99386E-05 0.838009 9.99386E-05 9.99386E-05 9.99386E-05 0.0815259 9.99386E-05 9.99386E-05 9.99386E-05 0.0703121 0.0094534
0.0209192 0.611052 9.99386E-05 9.99386E-05 9.99386E-05 9.99386E-05 9.99386E-05 9.99386E-05 9.99386E-05 0.140032 0.227297
9.9956E-05 0.667881 9.9956E-05 0.120794 0.0249999 0.0166904 9.9956E-05 9.9956E-05 9.9956E-05 0.152325 0.0168098
0.0784277 0.669596 0.0554895 0.0217372 0.043308 9.9956E-05 9.9956E-05 9.9956E-05 9.9956E-05 9.9956E-05 0.130942
9.99472E-05 0.204526 0.0291875 9.99472E-05 9.99472E-05 0.232971 9.99472E-05 9.99472E-05 9.99472E-05 0.311048 0.221668
9.99296E-05 0.574231 9.99296E-05 9.99296E-05 9.99296E-05 9.99296E-05 9.99296E-05 9.99296E-05 9.99296E-05 0.246786 0.178184
0.0471452 0.626557 0.0268982 0.0712314 9.9956E-05 9.9956E-05 9.9956E-05 9.9956E-05 9.9956E-05 0.122077 0.105592
9.99297E-05 0.746943 0.152101 9.99297E-05 9.99297E-05 9.99297E-05 9.99297E-05 9.99297E-05 9.99297E-05 9.99297E-05 0.100157
9.99473E-05 0.603481 0.0483532 9.99473E-05 9.99473E-05 0.117182 9.99473E-05 9.99473E-05 9.99473E-05 0.162485 0.0679
9.9912E-05 9.9912E-05 9.9912E-05 9.9912E-05 9.9912E-05 9.9912E-05 9.9912E-05 9.9912E-05 9.9912E-05 9.9912E-05 0.999001
9.9912E-05 9.9912E-05 9.9912E-05 9.9912E-05 9.9912E-05 9.9912E-05 9.9912E-05 9.9912E-05 9.9912E-05 0.999001 9.9912E-05
9.9912E-05 9.9912E-05 9.9912E-05 9.9912E-05 9.9912E-05 9.9912E-05 9.9912E-05 9.9912E-05 9.9912E-05 9.9912E-05 0.999001
9.9912E-05 9.9912E-05 9.9912E-05 9.9912E-05 9.9912E-05 9.9912E-05 9.9912E-05 9.9912E-05 9.9912E-05 0.999001 9.9912E-05
9.9912E-05 9.9912E-05 9.9912E-05 9.9912E-05 9.9912E-05 9.9912E-05 9.9912E-05 9.9912E-05 9.9912E-05 0.999001 9.9912E-05
9.9912E-05 9.9912E-05 9.9912E-05 9.9912E-05 9.9912E-05 9.9912E-05 9.9912E-05 9.9912E-05 9.9912E-05 0.999001 9.9912E-05
9.9912E-05 9.9912E-05 9.9912E-05 9.9912E-05 9.9912E-05 9.9912E-05 9.9912E-05 9.9912E-05 9.9912E-05 9.9912E-05 0.999001
9.9912E-05 9.9912E-05 9.9912E-05 9.9912E-05 9.9912E-05 9.9912E-05 9.9912E-05 9.9912E-05 9.9912E-05 0.999001 9.9912E-05
9.9912E-05 9.9912E-05 9.9912E-05 9.9912E-05 9.9912E-05 9.9912E-05 9.9912E-05 9.9912E-05 9.9912E-05 0.999001 9.9912E-05
9.99119E-05 9.99119E-05 9.99119E-05 9.99119E-05 9.99119E-05 9.99119E-05 9.99119E-05 9.99119E-05 9.99119E-05 9.99119E-05 0.999001
9.9912E-05 9.9912E-05 9.9912E-05 9.9912E-05 9.9912E-05 9.9912E-05 9.9912E-05 9.9912E-05 9.9912E-05 9.9912E-05 0.999001
9.9912E-05 9.9912E-05 9.9912E-05 9.9912E-05 9.9912E-05 9.9912E-05 9.9912E-05 9.9912E-05 9.9912E-05 9.9912E-05 0.999001
9.9912E-05 9.9912E-05 9.9912E-05 9.9912E-05 9.9912E-05 9.9912E-05 9.9912E-05 9.9912E-05 9.9912E-05 0.999001 9.9912E-05
9.9912E-05 9.9912E-05 9.9912E-05 9.9912E-05 9.9912E-05 9.9912E-05 9.9912E-05 9.9912E-05 9.9912E-05 0.999001 9.9912E-05
9.99119E-05 9.99119E-05 9.99119E-05 9.99119E-05 9.99119E-05 9.99119E-05 9.99119E-05 9.99119E-05 9.99119E-05 9.99119E-05 0.999001
9.9912E-05 9.9912E-05 9.9912E-05 9.9912E-05 9.9912E-05 9.9912E-05 9.9912E-05 9.9912E-05 9.9912E-05 9.9912E-05 0.999001
0.000232921 0.277579 0.072775 0.00869062 9.99824E-05 0.0166442 0.0717798 9.99824E-05 0.154827 0.159206 0.238065
9.9912E-05 9.9912E-05 9.9912E-05 9.9912E-05 9.9912E-05 9.9912E-05 9.9912E-05 9.9912E-05 9.9912E-05 9.9912E-05 0.999001
9.9912E-05 9.9912E-05 9.9912E-05 9.9912E-05 9.9912E-05 9.9912E-05 9.9912E-05 9.9912E-05 9.9912E-05 0.999001 9.9912E-05
9.99119E-05 9.99119E-05 9.99119E-05 9.99119E-05 9.99119E-05 9.99119E-05 9.99119E-05 9.99119E-05 9.99119E-05 9.99119E-05 0.999001
9.99119E-05 9.99119E-05 9.99119E-05 9.99119E-05 9.99119E-05 9.99119E-05 9.99119E-05 9.99119E-05 9.99119E-05 9.99119E-05 0.999001
9.9912E-05 9.9912E-05 9.9912E-05 9.9912E-05 9.9912E-05 9.9912E-05 9.9912E-05 9.9912E-05 9.9912E-05 9.9912E-05 0.999001
9.9912E-05 9.9912E-05 9.9912E-05 9.9912E-05 9.9912E-05 9.9912E-05 9.9912E-05 9.9912E-05 9.9912E-05 0.999001 9.9912E-05
9.99119E-05 9.99119E-05 9.99119E-05 9.99119E-05 9.99119E-05 9.99119E-05 9.99119E-05 9.99119E-05 9.99119E-05 9.99119E-05 0.999001
9.9912E-05 9.9912E-05 9.9912E-05 9.9912E-05 9.9912E-05 9.9912E-05 9.9912E-05 9.9912E-05 9.9912E-05 0.999001 9.9912E-05
9.9912E-05 9.9912E-05 9.9912E-05 9.9912E-05 9.9912E-05 9.9912E-05 9.9912E-05 9.9912E-05 9.9912E-05 9.9912E-05 0.999001
9.99119E-05 9.99119E-05 9.99119E-05 9.99119E-05 9.99119E-05 9.99119E-05 9.99119E-05 9.99119E-05 9.99119E-05 9.99119E-05 0.999001
9.9912E-05 9.9912E-05 9.9912E-05 9.9912E-05 9.9912E-05 9.9912E-05 9.9912E-05 9.9912E-05 9.9912E-05 0.999001 9.9912E-05
9.9912E-05 9.9912E-05 9.9912E-05 9.9912E-05 9.9912E-05 9.9912E-05 9.9912E-05 9.9912E-05 9.9912E-05 0.999001 9.9912E-05
9.9912E-05 9.9912E-05 9.9912E-05 9.9912E-05 9.9912E-05 9.9912E-05 9.9912E-05 9.9912E-05 9.9912E-05 0.999001 9.9912E-05
9.9912E-05 9.9912E-05 9.9912E-05 9.9912E-05 9.9912E-05 9.9912E-05 9.9912E-05 9.9912E-05 9.9912E-05 9.9912E-05 0.999001
9.9912E-05 9.9912E-05 9.9912E-05 9.9912E-05 9.9912E-05 9.9912E-05 9.9912E-05 9.9912E-05 9.9912E-05 9.9912E-05 0.999001
9.99119E-05 9.99119E-05 9.99119E-05 9.99119E-05 9.99119E-05 9.99119E-05 9.99119E-05 9.99119E-05 9.99119E-05 9.99119E-05 0.999001
9.99119E-05 9.99119E-05 9.99119E-05 9.99119E-05 9.99119E-05 9.99119E-05 9.99119E-05 9.99119E-05 9.99119E-05 9.99119E-05 0.999001
9.99119E-05 9.99119E-05 9.99119E-05 9.99119E-05 9.99119E-05 9.99119E-05 9.99119E-05 9.99119E-05 9.99119E-05 9.99119E-05 0.999001
9.9912E-05 9.9912E-05 9.9912E-05 9.9912E-05 9.9912E-05 9.9912E-05 9.9912E-05 9.9912E-05 9.9912E-05 0.999001 9.9912E-05
9.9912E-05 9.9912E-05 9.9912E-05 9.9912E-05 9.9912E-05 9.9912E-05 9.9912E-05 9.9912E-05 9.9912E-05 0.999001 9.9912E-05
9.9912E-05 9.9912E-05 9.9912E-05 9.9912E-05 9.9912E-05 9.9912E-05 9.9912E-05 9.9912E-05 9.9912E-05 0.999001 9.9912E-05
9.99119E-05 9.99119E-05 9.99119E-05 9.99119E-05 9.99119E-05 9.99119E-05 9.99119E-05 9.99119E-05 9.99119E-05 9.99119E-05 0.999001
9.9912E-05 9.9912E-05 9.9912E-05 9.9912E-05 9.9912E-05 9.9912E-05 9.9912E-05 9.9912E-05 9.9912E-05 0.999001 9.9912E-05
9.9912E-05 9.9912E-05 9.9912E-05 9.9912E-05 9.9912E-05 9.9912E-05 9.9912E-05 9.9912E-05 9.9912E-05 0.999001 9.9912E-05
9.9912E-05 9.9912E-05 9.9912E-05 9.9912E-05 9.9912E-05 9.9912E-05 9.9912E-05 9.9912E-05 9.9912E-05 0.999001 9.9912E-05
9.9912E-05 9.9912E-05 9.9912E-05 9.9912E-05 9.9912E-05 9.9912E-05 9.9912E-05 9.9912E-05 9.9912E-05 0.999001 9.9912E-05
9.99119E-05 9.99119E-05 9.99119E-05 9.99119E-05 9.99119E-05 9.99119E-05 9.99119E-05 9.99119E-05 9.99119E-05 9.99119E-05 0.999001
9.9912E-05 9.9912E-05 9.9912E-05 9.9912E-05 9.9912E-05 9.9912E-05 9.9912E-05 9.9912E-05 9.9912E-05 0.999001 9.9912E-05
9.9912E-05 9.9912E-05 9.9912E-05 9.9912E-05 9.9912E-05 9.9912E-05 9.9912E-05 9.9912E-05 9.9912E-05 0.999001 9.9912E-05
9.99736E-05 0.303653 9.99736E-05 0.0651542 0.00593721 0.0376447 0.172269 9.99736E-05 0.174946 0.0573332 0.182762
9.9912E-05 9.9912E-05 9.9912E-05 9.9912E-05 9.9912E-05 9.9912E-05 9.9912E-05 9.9912E-05 9.9912E-05 9.9912E-05 0.999001
9.9912E-05 9.9912E-05 9.9912E-05 9.9912E-05 9.9912E-05 9.9912E-05 9.9912E-05 9.9912E-05 9.9912E-05 0.999001 9.9912E-05
9.9912E-05 9.9912E-05 9.9912E-05 9.9912E-05 9.9912E-05 9.9912E-05 9.9912E-05 9.9912E-05 9.9912E-05 0.999001 9.9912E-05
9.9912E-05 9.9912E-05 9.9912E-05 9.9912E-05 9.9912E-05 9.9912E-05 9.9912E-05 9.9912E-05 9.9912E-05 0.999001 9.9912E-05
9.9912E-05 9.9912E-05 9.9912E-05 9.9912E-05 9.9912E-05 9.9912E-05 9.9912E-05 9.9912E-05 9.9912E-05 0.999001 9.9912E-05
9.99119E-05 9.99119E-05 9.99119E-05 9.99119E-05 9.99119E-05 9.99119E-05 9.99119E-05 9.99119E-05 9.99119E-05 9.99119E-05 0.999001
9.9912E-05 9.9912E-05 9.9912E-05 9.9912E-05 9.9912E-05 9.9912E-05 9.9912E-05 9.9912E-05 9.9912E-05 0.999001 9.9912E-05
9.99119E-05 9.99119E-05 9.99119E-05 9.99119E-05 9.99119E-05 9.99119E-05 9.99119E-05 9.99119E-05 9.99119E-05 9.99119E-05 0.999001
9.9912E-05 9.9912E-05 9.9912E-05 9.9912E-05 9.9912E-05 9.9912E-05 9.9912E-05 9.9912E-05 9.9912E-05 0.999001 9.9912E-05
9.9912E-05 9.9912E-05 9.9912E-05 9.9912E-05 9.9912E-05 9.9912E-05 9.9912E-05 9.9912E-05 9.9912E-05 9.9912E-05 0.999001
9.9912E-05 9.9912E-05 9.9912E-05 9.9912E-05 9.9912E-05 9.9912E-05 9.9912E-05 9.9912E-05 9.9912E-05 0.999001 9.9912E-05
9.9912E-05 9.9912E-05 9.9912E-05 9.9912E-05 9.9912E-05 9.9912E-05 9.9912E-05 9.9912E-05 9.9912E-05 0.999001 9.9912E-05
9.9912E-05 9.9912E-05 9.9912E-05 9.9912E-05 9.9912E-05 9.9912E-05 9.9912E-05 9.9912E-05 9.9912E-05 0.999001 9.9912E-05
9.99119E-05 9.99119E-05 9.99119E-05 9.99119E-05 9.99119E-05 9.99119E-05 9.99119E-05 9.99119E-05 9.99119E-05 0.999001 9.99119E-05
9.9912E-05 9.9912E-05 9.9912E-05 9.9912E-05 9.9912E-05 9.9912E-05 9.9912E-05 9.9912E-05 9.9912E-05 0.999001 9.9912E-05
9.9912E-05 9.9912E-05 9.9912E-05 9.9912E-05 9.9912E-05 9.9912E-05 9.9912E-05 9.9912E-05 9.9912E-05 0.999001 9.9912E-05
9.9912E-05 9.9912E-05 9.9912E-05 9.9912E-05 9.9912E-05 9.9912E-05 9.9912E-05 9.9912E-05 9.9912E-05 9.9912E-05 0.999001
9.99119E-05 9.99119E-05 9.99119E-05 9.99119E-05 9.99119E-05 9.99119E-05 9.99119E-05 9.99119E-05 9.99119E-05 9.99119E-05 0.999001
9.9912E-05 9.9912E-05 9.9912E-05 9.9912E-05 9.9912E-05 9.9912E-05 9.9912E-05 9.9912E-05 9.9912E-05 9.9912E-05 0.999001
9.9912E-05 9.9912E-05 9.9912E-05 9.9912E-05 9.9912E-05 9.9912E-05 9.9912E-05 9.9912E-05 9.9912E-05 0.999001 9.9912E-05
9.99119E-05 9.99119E-05 9.99119E-05 9.99119E-05 9.99119E-05 9.99119E-05 9.99119E-05 9.99119E-05 9.99119E-05 9.99119E-05 0.999001
9.9912E-05 9.9912E-05 9.9912E-05 9.9912E-05 9.9912E-05 9.9912E-05 9.9912E-05 9.9912E-05 9.9912E-05 9.9912E-05 0.999001
9.9912E-05 9.9912E-05 9.9912E-05 9.9912E-05 9.9912E-05 9.9912E-05 9.9912E-05 9.9912E-05 9.9912E-05 9.9912E-05 0.999001
9.9912E-05 9.9912E-05 9.9912E-05 9.9912E-05 9.9912E-05 9.9912E-05 9.9912E-05 9.9912E-05 9.9912E-05 0.999001 9.9912E-05
9.9912E-05 9.9912E-05 9.9912E-05 9.9912E-05 9.9912E-05 9.9912E-05 9.9912E-05 9.9912E-05 9.9912E-05 0.999001 9.9912E-05
9.9912E-05 9.9912E-05 9.9912E-05 9.9912E-05 9.9912E-05 9.9912E-05 9.9912E-05 9.9912E-05 9.9912E-05 0.999001 9.9912E-05
9.9912E-05 9.9912E-05 9.9912E-05 9.9912E-05 9.9912E-05 9.9912E-05 9.9912E-05 9.9912E-05 9.9912E-05 9.9912E-05 0.999001
9.9912E-05 9.9912E-05 9.9912E-05 9.9912E-05 9.9912E-05 9.9912E-05 9.9912E-05 9.9912E-05 9.9912E-05 0.999001 9.9912E-05
9.9912E-05 9.9912E-05 9.9912E-05 9.9912E-05 9.9912E-05 9.9912E-05 9.9912E-05 9.9912E-05 9.9912E-05 0.999001 9.9912E-05
9.99119E-05 9.99119E-05 9.99119E-05 9.99119E-05 9.99119E-05 9.99119E-05 9.99119E-05 9.99119E-05 9.99119E-05 9.99119E-05 0.999001
9.9912E-05 9.9912E-05 9.9912E-05 9.9912E-05 9.9912E-05 9.9912E-05 9.9912E-05 9.9912E-05 9.9912E-05 0.999001 9.9912E-05
9.9912E-05 9.9912E-05 9.9912E-05 9.9912E-05 9.9912E-05 9.9912E-05 9.9912E-05 9.9912E-05 9.9912E-05 0.999001 9.9912E-05
0.124049 0.137775 0.0330092 0.0679895 0.0233878 0.0837869 9.99736E-05 9.99736E-05 9.99736E-05 0.128795 0.400908
9.99119E-05 9.99119E-05 9.99119E-05 9.99119E-05 9.99119E-05 9.99119E-05 9.99119E-05 9.99119E-05 9.99119E-05 9.99119E-05 0.999001
9.99119E-05 9.99119E-05 9.99119E-05 9.99119E-05 9.99119E-05 9.99119E-05 9.99119E-05 9.99119E-05 9.99119E-05 0.999001 9.99119E-05
0.0408121 0.392061 9.99561E-05 0.0212953 9.99561E-05 9.99561E-05 0.079235 9.99561E-05 9.99561E-05 0.435274 0.0308227
9.99561E-05 0.360757 0.0396773 9.99561E-05 9.99561E-05 9.99561E-05 0.0341108 9.99561E-05 0.0623014 0.295558 0.207097
9.99385E-05 0.344004 9.99385E-05 9.99385E-05 9.99385E-05 9.99385E-05 0.114185 9.99385E-05 9.99385E-05 0.167286 0.373825
9.9956E-05 0.600309 0.0427685 0.0755383 0.0750361 9.9956E-05 0.0145305 9.9956E-05 9.9956E-05 9.9956E-05 0.191318
9.99384E-05 0.257848 9.99384E-05 9.99384E-05 9.99384E-05 0.0905607 9.99384E-05 9.99384E-05 9.99384E-05 0.301516 0.349376
9.99387E-05 0.847262 9.99387E-05 9.99387E-05 9.99387E-05 0.0542846 9.99387E-05 0.021286 9.99387E-05 0.0764677 9.99387E-05
9.99561E-05 0.206763 0.0448642 9.99561E-05 9.99561E-05 9.99561E-05 0.0283389 9.99561E-05 0.0980384 0.351839 0.269657
0.16541 0.466544 0.0605368 9.99473E-05 9.99473E-05 9.99473E-05 9.99473E-05 9.99473E-05 9.99473E-05 0.189863 0.117047
9.99298E-05 0.735419 9.99298E-05 9.99298E-05 9.99298E-05 9.99298E-05 9.99298E-05 9.99298E-05 9.99298E-05 0.24635 0.0174317
9.99473E-05 0.608654 9.99473E-05 9.99473E-05 9.99473E-05 9.99473E-05 0.0572414 9.99473E-05 0.160822 0.00839906 0.164283
0.0849557 0.586237 9.99385E-05 9.99385E-05 9.99385E-05 9.99385E-05 9.99385E-05 9.99385E-05 9.99385E-05 0.0867456 0.241363
9.99385E-05 0.272966 9.99385E-05 9.99385E-05 9.99385E-05 0.107273 9.99385E-05 9.99385E-05 9.99385E-05 0.537693 0.081368
9.99561E-05 0.187324 9.99561E-05 0.113723 0.0709205 0.0129192 9.99561E-05 9.99561E-05 9.99561E-05 0.306949 0.307663
9.99384E-05 0.668803 9.99384E-05 9.99384E-05 0.156835 9.99384E-05 9.99384E-05 9.99384E-05 9.99384E-05 0.0876729 0.0859889
0.127205 0.377005 9.99384E-05 9.99384E-05 9.99384E-05 9.99384E-05 9.99384E-05 9.99384E-05 9.99384E-05 0.180357 0.314734
0.0595314 0.311268 9.99561E-05 9.99561E-05 9.99561E-05 0.0569016 9.99561E-05 9.99561E-05 0.052598 0.282236 0.236965
9.99386E-05 0.702856 9.99386E-05 9.99386E-05 9.99386E-05 9.99386E-05 0.0354002 9.99386E-05 9.99386E-05 0.186265 0.0747799
0.104234 0.250246 9.9956E-05 0.0632042 0.0211745 9.9956E-05 9.9956E-05 9.9956E-05 9.9956E-05 0.10009 0.460552
0.0473357 0.428314 0.103662 9.9956E-05 9.9956E-05 0.264825 0.0185688 9.9956E-05 9.9956E-05 0.136795 9.9956E-05
9.99473E-05 0.429666 0.0153378 9.99473E-05 9.99473E-05 9.99473E-05 9.99473E-05 9.99473E-05 0.131433 0.162907 0.260057
0.0447177 0.515387 0.0734673 9.9956E-05 9.9956E-05 9.9956E-05 9.9956E-05 9.9956E-05 0.122388 0.103932 0.139609
9.99473E-05 0.539165 9.99473E-05 0.134556 9.99473E-05 0.00922114 9.99473E-05 9.99473E-05 0.0186343 0.297823 9.99473E-05
9.99473E-05 0.407509 0.00777497 0.193066 9.99473E-05 9.99473E-05 9.99473E-05 9.99473E-05 9.99473E-05 0.191233 0.199818
0.0764476 0.551703 9.9956E-05 9.9956E-05 0.00494929 9.9956E-05 9.9956E-05 9.9956E-05 0.218866 0.101514 0.0460201
9.99384E-05 0.711772 9.99384E-05 9.99384E-05 0.191479 9.99384E-05 9.99384E-05 9.99384E-05 9.99384E-05 0.0828926 0.0131562
9.99211E-05 0.940198 9.99211E-05 9.99211E-05 9.99211E-05 0.0589029 9.99211E-05 9.99211E-05 9.99211E-05 9.99211E-05 9.99211E-05
9.99736E-05 0.479107 0.0164096 9.99736E-05 0.0286626 0.0507725 0.0261296 9.99736E-05 0.150137 0.0546319 0.193851
9.99385E-05 0.19029 9.99385E-05 9.99385E-05 9.99385E-05 9.99385E-05 0.117198 9.99385E-05 9.99385E-05 0.252154 0.439659
9.9956E-05 0.66717 0.108479 0.00724537 0.0558548 9.9956E-05 9.9956E-05 9.9956E-05 0.040384 9.9956E-05 0.120368
9.99473E-05 0.457528 0.10702 9.99473E-05 0.146545 9.99473E-05 9.99473E-05 9.99473E-05 9.99473E-05 0.22798 0.0603271
9.99561E-05 0.280767 0.0036428 9.99561E-05 9.99561E-05 0.0272288 9.99561E-05 9.99561E-05 0.172405 0.398676 0.116781
0.0301763 0.597528 9.99473E-05 9.99473E-05 9.99473E-05 0.0110011 9.99473E-05 9.99473E-05 9.99473E-05 0.248933 0.111761
9.99472E-05 0.405797 9.99472E-05 9.99472E-05 9.99472E-05 0.152255 9.99472E-05 9.99472E-05 0.126687 0.170766 0.143896
0.0521599 0.404639 9.99561E-05 9.99561E-05 0.0187058 9.99561E-05 9.99561E-05 9.99561E-05 0.114036 0.202822 0.207137
0.0597159 0.443081 9.9956E-05 9.9956E-05 0.119016 9.9956E-05 9.9956E-05 9.9956E-05 0.0282715 0.110119 0.239298
9.99297E-05 0.640237 9.99297E-05 9.99297E-05 9.99297E-05 9.99297E-05 9.99297E-05 9.99297E-05 9.99297E-05 0.0741238 0.28484
9.99121E-05 0.999001 9.99121E-05 9.99121E-05 9.99121E-05 9.99121E-05 9.99121E-05 9.99121E-05 9.99121E-05 9.99121E-05 9.99121E-05
0.113565 0.399435 9.9956E-05 0.120324 0.00298752 0.0583339 9.9956E-05 9.9956E-05 9.9956E-05 9.9956E-05 0.304854
0.0913661 0.614972 0.0336939 0.131872 9.99561E-05 9.99561E-05 9.99561E-05 9.99561E-05 9.99561E-05 0.000248565 0.127347
9.99384E-05 0.36962 9.99384E-05 9.99384E-05 9.99384E-05 9.99384E-05 9.99384E-05 9.99384E-05 0.264194 0.213653 0.151833
0.0071099 0.350427 9.99472E-05 9.99472E-05 0.13396 9.99472E-05 9.99472E-05 9.99472E-05 9.99472E-05 0.115579 0.392324
9.99649E-05 0.551652 0.0372595 9.99649E-05 9.99649E-05 0.087937 0.130316 9.99649E-05 0.0370494 0.0587329 0.0966532
9.99472E-05 0.426549 9.99472E-05 9.99472E-05 9.99472E-05 9.99472E-05 0.0642765 9.99472E-05 0.128157 0.254201 0.126218
0.0119115 0.263825 9.99561E-05 9.99561E-05 9.99561E-05 0.0185093 9.99561E-05 9.99561E-05 0.097295 0.4798 0.12816
9.99385E-05 0.169566 9.99385E-05 9.99385E-05 9.99385E-05 0.040309 9.99385E-05 9.99385E-05 9.99385E-05 0.403928 0.385497
0.0137692 0.610457 9.9956E-05 9.9956E-05 0.0432105 9.9956E-05 9.9956E-05 9.9956E-05 0.00151007 0.188189 0.142365
9.99121E-05 0.999001 9.99121E-05 9.99121E-05 9.99121E-05 9.99121E-05 9.99121E-05 9.99121E-05 9.99121E-05 9.99121E-05 9.99121E-05
0.0202616 0.596758 0.0445953 9.9956E-05 9.9956E-05 9.9956E-05 9.9956E-05 9.9956E-05 0.0259327 0.235932 0.0760205
9.99298E-05 0.893997 9.99298E-05 9.99298E-05 0.0329917 9.99298E-05 9.99298E-05 9.99298E-05 9.99298E-05 9.99298E-05 0.0722122
0.0306457 0.202042 0.00292061 0.0959299 9.99736E-05 0.237739 9.99736E-05 9.99736E-05 0.0827748 0.209248 0.1384
9.9921E-05 0.90951 9.9921E-05 9.9921E-05 9.9921E-05 0.0895903 9.9921E-05 9.9921E-05 9.9921E-05 9.9921E-05 9.9921E-05
0.0873356 0.408858 9.99561E-05 9.99561E-05 9.99561E-05 0.0960791 9.99561E-05 9.99561E-05 0.00681179 0.0298294 0.370587
0.101256 0.338403 9.99472E-05 9.99472E-05 9.99472E-05 0.204058 9.99472E-05 9.99472E-05 0.0815281 9.99472E-05 0.274155
9.99384E-05 0.43256 9.99384E-05 9.99384E-05 9.99384E-05 0.31864 9.99384E-05 9.99384E-05 9.99384E-05 0.154687 0.0934134
9.99472E-05 0.5371 9.99472E-05 0.036054 9.99472E-05 9.99472E-05 0.0592652 9.99472E-05 0.289196 0.0777855 9.99472E-05
9.99385E-05 0.568085 9.99385E-05 9.99385E-05 9.99385E-05 9.99385E-05 0.00141652 9.99385E-05 9.99385E-05 0.320242 0.109557
0.0296312 0.725519 9.99474E-05 9.99474E-05 0.00627423 0.059752 9.99474E-05 9.99474E-05 9.99474E-05 9.99474E-05 0.178224
9.99297E-05 0.735835 9.99297E-05 9.99297E-05 9.99297E-05 0.0459732 9.99297E-05 9.99297E-05 9.99297E-05 0.217393 9.99297E-05
9.99385E-05 0.513094 0.0062621 9.99385E-05 9.99385E-05 9.99385E-05 9.99385E-05 9.99385E-05 9.99385E-05 0.220453 0.259492
9.99386E-05 0.392592 9.99386E-05 9.99386E-05 9.99386E-05 0.150129 9.99386E-05 9.99386E-05 9.99386E-05 0.239341 0.217238
9.9921E-05 0.994723 9.9921E-05 9.9921E-05 9.9921E-05 9.9921E-05 9.9921E-05 9.9921E-05 9.9921E-05 0.00437767 9.9921E-05
9.99474E-05 0.836415 9.99474E-05 9.99474E-05 9.99474E-05 9.99474E-05 9.99474E-05 0.0482991 0.00115535 0.108894 0.00463755
9.99474E-05 0.77544 0.0100256 9.99474E-05 9.99474E-05 9.99474E-05 0.00854786 0.0337274 9.99474E-05 9.99474E-05 0.171659
0.117761 0.571437 9.99473E-05 9.99473E-05 0.0226819 9.99473E-05 9.99473E-05 9.99473E-05 9.99473E-05 0.067484 0.220036
0.041805 0.571825 0.049846 9.99472E-05 9.99472E-05 9.99472E-05 9.99472E-05 9.99472E-05 9.99472E-05 0.216971 0.118954
9.99385E-05 0.686358 0.0517609 9.99385E-05 9.99385E-05 9.99385E-05 0.00311139 9.99385E-05 9.99385E-05 0.25807 9.99385E-05
9.99298E-05 0.924577 9.99298E-05 9.99298E-05 9.99298E-05 9.99298E-05 9.99298E-05 9.99298E-05 9.99298E-05 0.0483866 0.0262374
0.0116592 0.271368 0.0293962 0.0108361 9.99737E-05 0.0362658 9.99737E-05 9.99737E-05 0.0146644 0.31387 0.31164
0.158968 0.421191 9.99384E-05 9.99384E-05 9.99384E-05 9.99384E-05 9.99384E-05 9.99384E-05 9.99384E-05 0.10843 0.310712
9.99299E-05 0.704604 0.0808627 9.99299E-05 9.99299E-05 0.213734 9.99299E-05 9.99299E-05 9.99299E-05 9.99299E-05 9.99299E-05
0.046628 0.337949 9.99561E-05 9.99561E-05 9.99561E-05 0.206073 0.038225 9.99561E-05 9.99561E-05 0.0390159 0.331609
9.99387E-05 0.745268 9.99387E-05 9.99387E-05 9.99387E-05 0.105334 9.99387E-05 0.081346 9.99387E-05 9.99387E-05 0.0673523
9.99297E-05 0.384161 9.99297E-05 9.99297E-05 9.99297E-05 9.99297E-05 9.99297E-05 9.99297E-05 9.99297E-05 0.311371 0.303669
9.99561E-05 0.450794 0.0387739 0.104781 0.122389 0.242504 9.99561E-05 9.99561E-05 9.99561E-05 9.99561E-05 0.0402587
9.99298E-05 0.821121 9.99298E-05 9.99298E-05 9.99298E-05 0.0449764 9.99298E-05 9.99298E-05 9.99298E-05 9.99298E-05 0.133103
9.99385E-05 0.464197 9.99385E-05 9.99385E-05 9.99385E-05 0.298154 9.99385E-05 9.99385E-05 9.99385E-05 0.130796 0.106153
9.99298E-05 0.828961 9.99298E-05 9.99298E-05 9.99298E-05 0.169535 9.99298E-05 0.000704036 9.99298E-05 9.99298E-05 9.99298E-05
0.00107399 0.732995 9.99385E-05 0.059643 9.99385E-05 9.99385E-05 9.99385E-05 9.99385E-05 9.99385E-05 9.99385E-05 0.205588
9.99211E-05 0.678512 9.99211E-05 9.99211E-05 9.99211E-05 0.320589 9.99211E-05 9.99211E-05 9.99211E-05 9.99211E-05 9.99211E-05
0.0564913 0.493532 9.99473E-05 9.99473E-05 9.99473E-05 9.99473E-05 9.99473E-05 9.99473E-05 0.038599 0.312228 0.0985502
0.0629748 0.491248 9.9956E-05 9.9956E-05 9.9956E-05 9.9956E-05 0.0736651 9.9956E-05 0.0967596 0.26214 0.0127125
0.054338 0.351765 0.0863261 9.99648E-05 0.0880107 9.99648E-05 9.99648E-05 9.99648E-05 0.141808 0.228602 0.0487498
9.99211E-05 0.904183 9.99211E-05 9.99211E-05 9.99211E-05 0.0949175 9.99211E-05 9.99211E-05 9.99211E-05 9.99211E-05 9.99211E-05
0.0717726 0.614604 0.00894295 9.99561E-05 9.99561E-05 0.0199581 9.99561E-05 9.99561E-05 9.99561E-05 0.268214 0.016008
9.99473E-05 0.399196 0.157163 9.99473E-05 9.99473E-05 0.22874 0.089142 9.99473E-05 9.99473E-05 0.125159 9.99473E-05
0.016195 0.729686 9.99473E-05 9.99473E-05 9.99473E-05 0.193606 9.99473E-05 9.99473E-05 9.99473E-05 0.0408583 0.0190553
9.9956E-05 0.440163 0.00486515 9.9956E-05 0.175066 9.9956E-05 0.0666257 9.9956E-05 9.9956E-05 0.0393214 0.273459
9.99385E-05 0.31151 9.99385E-05 9.99385E-05 0.0591625 9.99385E-05 9.99385E-05 9.99385E-05 9.99385E-05 0.403923 0.224705
9.99561E-05 0.411604 9.99561E-05 0.0918587 9.99561E-05 9.99561E-05 0.0520654 9.99561E-05 0.0434947 0.106969 0.293509
0.0142535 0.399863 0.0786232 9.99472E-05 9.99472E-05 9.99472E-05 9.99472E-05 9.99472E-05 9.99472E-05 0.217203 0.289457
9.99474E-05 0.381266 0.254007 9.99474E-05 9.99474E-05 0.151887 9.99474E-05 9.99474E-05 9.99474E-05 0.0377082 0.174531
9.99472E-05 0.227915 9.99472E-05 9.99472E-05 0.0965018 0.263918 9.99472E-05 9.99472E-05 9.99472E-05 0.0410046 0.370061
9.99473E-05 0.256462 9.99473E-05 9.99473E-05 9.99473E-05 0.191579 0.0710119 9.99473E-05 9.99473E-05 0.377479 0.102868
0.141291 0.317965 0.131231 0.023639 9.99648E-05 0.302965 9.99648E-05 9.99648E-05 9.99648E-05 0.0439295 0.0385794
9.99298E-05 0.557101 9.99298E-05 9.99298E-05 9.99298E-05 0.21797 9.99298E-05 9.99298E-05 9.99298E-05 0.22413 9.99298E-05
9.9921E-05 0.731729 9.9921E-05 9.9921E-05 9.9921E-05 0.267371 9.9921E-05 9.9921E-05 9.9921E-05 9.9921E-05 9.9921E-05
9.99385E-05 0.448234 0.0476325 9.99385E-05 9.99385E-05 9.99385E-05 9.99385E-05 9.99385E-05 0.181316 0.322118 9.99385E-05
0.099868 0.362415 9.9956E-05 9.9956E-05 9.9956E-05 0.0370983 9.9956E-05 9.9956E-05 0.0582631 0.119387 0.322469
0.0143323 0.422594 9.99385E-05 9.99385E-05 0.0295895 9.99385E-05 9.99385E-05 9.99385E-05 9.99385E-05 9.99385E-05 0.532784
9.99473E-05 0.212539 9.99473E-05 9.99473E-05 9.99473E-05 0.0495732 9.99473E-05 9.99473E-05 0.136782 0.126322 0.474184
0.0826597 0.33528 0.0800793 0.0898967 0.102043 9.99736E-05 0.0228695 9.99736E-05 0.0540354 0.232837 9.99736E-05
0.00493679 0.411503 9.9956E-05 9.9956E-05 9.9956E-05 9.9956E-05 0.0441396 9.9956E-05 0.0382583 0.0915577 0.409105
0.0144226 0.262084 0.190716 0.0259539 0.0132584 0.150715 0.0440069 9.99824E-05 9.99824E-05 0.124377 0.174266
9.99386E-05 0.712832 9.99386E-05 9.99386E-05 0.0331164 0.16326 9.99386E-05 9.99386E-05 9.99386E-05 0.0900917 9.99386E-05
9.99386E-05 0.674483 9.99386E-05 9.99386E-05 9.99386E-05 0.290293 9.99386E-05 0.00963106 9.99386E-05 0.0248941 9.99386E-05
