9.98333E-05 9.98333E-05 0.0543485 9.98333E-05 0.164008 0.103988 9.98333E-05 9.98333E-05 0.361298 9.98333E-05 9.98333E-05 9.98333E-05 9.98333E-05 0.0257454 9.98333E-05 9.98333E-05 9.98333E-05 9.98333E-05 9.98333E-05 9.98333E-05 9.98333E-05 9.98333E-05 0.288716 9.98333E-05 9.98333E-05
0.225551 0.0928083 9.98334E-05 9.98334E-05 9.98334E-05 9.98334E-05 9.98334E-05 9.98334E-05 0.427739 9.98334E-05 9.98334E-05 0.118944 0.0082087 9.98334E-05 9.98334E-05 9.98334E-05 0.124852 9.98334E-05 9.98334E-05 9.98334E-05 9.98334E-05 9.98334E-05 9.98334E-05 9.98334E-05 9.98334E-05
0.833831 9.98158E-05 9.98158E-05 9.98158E-05 9.98158E-05 9.98158E-05 9.98158E-05 9.98158E-05 0.127841 9.98158E-05 9.98158E-05 9.98158E-05 9.98158E-05 9.98158E-05 9.98158E-05 0.0301987 9.98158E-05 9.98158E-05 9.98158E-05 9.98158E-05 9.98158E-05 9.98158E-05 9.98158E-05 9.98158E-05 0.00603278
9.98771E-05 9.98771E-05 0.126543 0.273885 9.98771E-05 9.98771E-05 0.040891 9.98771E-05 0.272795 0.0532682 9.98771E-05 9.98771E-05 0.0233922 0.0148657 9.98771E-05 9.98771E-05 9.98771E-05 0.0261604 0.0950067 9.98771E-05 9.98771E-05 0.0016589 0.0701354 9.98771E-05 9.98771E-05
9.97984E-05 9.97984E-05 9.97984E-05 9.97984E-05 9.97984E-05 9.97984E-05 9.97984E-05 9.97984E-05 0.864974 9.97984E-05 9.97984E-05 9.97984E-05 9.97984E-05 9.97984E-05 9.97984E-05 9.97984E-05 9.97984E-05 9.97984E-05 9.97984E-05 9.97984E-05 9.97984E-05 9.97984E-05 9.97984E-05 9.97984E-05 0.13273
0.165958 9.9851E-05 9.9851E-05 0.00130526 9.9851E-05 0.00629936 9.9851E-05 9.9851E-05 0.013959 9.9851E-05 9.9851E-05 9.9851E-05 9.9851E-05 9.9851E-05 9.9851E-05 9.9851E-05 9.9851E-05 9.9851E-05 0.16351 9.9851E-05 9.9851E-05 0.0964945 0.401201 9.9851E-05 0.149576
9.98422E-05 9.98422E-05 0.00565 0.071831 9.98422E-05 0.174593 9.98422E-05 9.98422E-05 0.264192 0.0547336 9.98422E-05 9.98422E-05 9.98422E-05 9.98422E-05 9.98422E-05 9.98422E-05 9.98422E-05 9.98422E-05 9.98422E-05 9.98422E-05 9.98422E-05 9.98422E-05 0.23938 0.187823 9.98422E-05
9.98772E-05 9.98772E-05 0.154485 0.0786446 9.98772E-05 9.98772E-05 9.98772E-05 0.0533217 0.179026 9.98772E-05 9.98772E-05 9.98772E-05 9.98772E-05 0.0742146 0.0114859 9.98772E-05 9.98772E-05 0.0122677 9.98772E-05 0.0393172 9.98772E-05 0.108947 0.1639 9.98772E-05 0.122992
9.98508E-05 9.98508E-05 9.98508E-05 9.98508E-05 0.127543 9.98508E-05 0.00444282 9.98508E-05 0.260409 9.98508E-05 9.98508E-05 9.98508E-05 0.176438 9.98508E-05 9.98508E-05 9.98508E-05 9.98508E-05 0.111094 0.0877993 9.98508E-05 9.98508E-05 0.154293 0.0762842 9.98508E-05 9.98508E-05
9.9798E-05 9.9798E-05 9.9798E-05 9.9798E-05 9.9798E-05 9.9798E-05 9.9798E-05 9.9798E-05 0.994255 9.9798E-05 9.9798E-05 9.9798E-05 0.00344959 9.9798E-05 9.9798E-05 9.9798E-05 9.9798E-05 9.9798E-05 9.9798E-05 9.9798E-05 9.9798E-05 9.9798E-05 9.9798E-05 9.9798E-05 9.9798E-05
9.9851E-05 9.9851E-05 9.9851E-05 9.9851E-05 0.0228656 9.9851E-05 0.0352087 0.0261914 0.44306 0.0942247 9.9851E-05 9.9851E-05 0.00584374 0.233291 9.9851E-05 9.9851E-05 9.9851E-05 9.9851E-05 9.9851E-05 9.9851E-05 9.9851E-05 9.9851E-05 0.137617 9.9851E-05 9.9851E-05
0.916398 9.9807E-05 9.9807E-05 0.00589525 9.9807E-05 9.9807E-05 9.9807E-05 9.9807E-05 9.9807E-05 9.9807E-05 9.9807E-05 9.9807E-05 9.9807E-05 9.9807E-05 9.9807E-05 9.9807E-05 9.9807E-05 9.9807E-05 9.9807E-05 9.9807E-05 9.9807E-05 9.9807E-05 0.0755106 9.9807E-05 9.9807E-05
9.98071E-05 9.98071E-05 9.98071E-05 9.98071E-05 9.98071E-05 9.98071E-05 9.98071E-05 9.98071E-05 0.876847 9.98071E-05 9.98071E-05 9.98071E-05 0.103478 9.98071E-05 9.98071E-05 0.0174799 9.98071E-05 9.98071E-05 9.98071E-05 9.98071E-05 9.98071E-05 9.98071E-05 9.98071E-05 9.98071E-05 9.98071E-05
0.24616 0.0715745 9.98597E-05 9.98597E-05 9.98597E-05 9.98597E-05 9.98597E-05 9.98597E-05 0.296676 9.98597E-05 9.98597E-05 9.98597E-05 0.124663 9.98597E-05 0.0552782 9.98597E-05 0.0448514 9.98597E-05 9.98597E-05 9.98597E-05 0.136935 9.98597E-05 9.98597E-05 0.0125994 0.0096651
9.98596E-05 9.98596E-05 0.0223401 9.98596E-05 0.0530888 9.98596E-05 9.98596E-05 9.98596E-05 0.247045 9.98596E-05 0.0109981 9.98596E-05 0.0174204 0.0926243 9.98596E-05 9.98596E-05 0.0458442 9.98596E-05 9.98596E-05 9.98596E-05 9.98596E-05 0.0997322 0.40931 9.98596E-05 9.98596E-05
9.98683E-05 9.98683E-05 0.0577004 0.0605266 9.98683E-05 9.98683E-05 9.98683E-05 0.00879258 0.194047 9.98683E-05 9.98683E-05 9.98683E-05 0.0736904 9.98683E-05 0.0146485 9.98683E-05 9.98683E-05 0.0205852 9.98683E-05 0.122336 9.98683E-05 0.118083 0.328092 9.98683E-05 9.98683E-05
9.98597E-05 0.0823117 0.0630819 9.98597E-05 9.98597E-05 9.98597E-05 9.98597E-05 0.0385354 0.53747 0.0160692 0.1882 9.98597E-05 0.0364765 9.98597E-05 9.98597E-05 9.98597E-05 9.98597E-05 0.0319878 9.98597E-05 9.98597E-05 9.98597E-05 9.98597E-05 9.98597E-05 0.00426967 9.98597E-05
9.98333E-05 9.98333E-05 0.097724 9.98333E-05 9.98333E-05 9.98333E-05 0.113872 9.98333E-05 0.0949125 9.98333E-05 9.98333E-05 9.98333E-05 0.0243034 9.98333E-05 9.98333E-05 0.111816 9.98333E-05 9.98333E-05 9.98333E-05 9.98333E-05 9.98333E-05 9.98333E-05 0.555475 9.98333E-05 9.98333E-05
0.00960626 9.98507E-05 0.204229 0.086686 9.98507E-05 9.98507E-05 9.98507E-05 9.98507E-05 0.274588 0.0512804 9.98507E-05 9.98507E-05 0.133786 9.98507E-05 9.98507E-05 9.98507E-05 9.98507E-05 9.98507E-05 9.98507E-05 9.98507E-05 9.98507E-05 0.09773 0.140396 9.98507E-05 9.98507E-05
9.97895E-05 9.97895E-05 9.97895E-05 9.97895E-05 9.97895E-05 9.97895E-05 9.97895E-05 9.97895E-05 0.997605 9.97895E-05 9.97895E-05 9.97895E-05 9.97895E-05 9.97895E-05 9.97895E-05 9.97895E-05 9.97895E-05 9.97895E-05 9.97895E-05 9.97895E-05 9.97895E-05 9.97895E-05 9.97895E-05 9.97895E-05 9.97895E-05
9.98334E-05 9.98334E-05 9.98334E-05 9.98334E-05 9.98334E-05 9.98334E-05 9.98334E-05 9.98334E-05 0.477499 0.0364183 9.98334E-05 9.98334E-05 9.98334E-05 0.0914291 0.140331 9.98334E-05 9.98334E-05 0.19632 9.98334E-05 9.98334E-05 9.98334E-05 0.0561058 9.98334E-05 9.98334E-05 9.98334E-05
9.98598E-05 9.98598E-05 0.251297 0.00570657 9.98598E-05 0.0217756 0.00112507 9.98598E-05 0.256513 9.98598E-05 9.98598E-05 9.98598E-05 9.98598E-05 0.0641984 9.98598E-05 9.98598E-05 0.0709391 9.98598E-05 9.98598E-05 9.98598E-05 9.98598E-05 0.175979 9.98598E-05 9.98598E-05 0.150869
0.336075 9.98247E-05 9.98247E-05 9.98247E-05 9.98247E-05 9.98247E-05 9.98247E-05 9.98247E-05 0.241446 0.00726959 9.98247E-05 9.98247E-05 0.0577312 9.98247E-05 9.98247E-05 9.98247E-05 9.98247E-05 9.98247E-05 9.98247E-05 9.98247E-05 9.98247E-05 9.98247E-05 0.355482 9.98247E-05 9.98247E-05
0.0712614 9.98421E-05 0.231314 9.98421E-05 0.0640574 9.98421E-05 9.98421E-05 9.98421E-05 0.344354 9.98421E-05 9.98421E-05 9.98421E-05 0.195136 9.98421E-05 0.015282 9.98421E-05 9.98421E-05 9.98421E-05 9.98421E-05 9.98421E-05 9.98421E-05 9.98421E-05 0.0767979 9.98421E-05 9.98421E-05
9.98595E-05 9.98595E-05 0.081823 9.98595E-05 9.98595E-05 9.98595E-05 0.0798477 9.98595E-05 0.254877 0.0651015 9.98595E-05 9.98595E-05 0.228071 0.20614 0.0259048 9.98595E-05 9.98595E-05 9.98595E-05 9.98595E-05 9.98595E-05 9.98595E-05 0.0209287 0.0357086 9.98595E-05 9.98595E-05
9.98272E-05 9.98272E-05 0.0654217 9.98272E-05 9.98272E-05 9.98272E-05 9.98272E-05 9.98272E-05 0.738017 9.98272E-05 9.98272E-05 9.98272E-05 0.118598 9.98272E-05 9.98272E-05 9.98272E-05 9.98272E-05 9.98272E-05 0.0687246 9.98272E-05 9.98272E-05 9.98272E-05 9.98272E-05 0.00724235 9.98272E-05
9.9842E-05 9.9842E-05 0.234159 9.9842E-05 9.9842E-05 9.9842E-05 9.9842E-05 9.9842E-05 0.0312567 9.9842E-05 9.9842E-05 9.9842E-05 0.0242247 9.9842E-05 9.9842E-05 0.145221 0.23431 9.9842E-05 0.281169 0.0478616 9.9842E-05 9.9842E-05 9.9842E-05 9.9842E-05 9.9842E-05
9.98247E-05 9.98247E-05 0.0296952 9.98247E-05 9.98247E-05 9.98247E-05 9.98247E-05 9.98247E-05 0.842922 9.98247E-05 9.98247E-05 9.98247E-05 0.0313346 0.0683882 0.0256635 9.98247E-05 9.98247E-05 9.98247E-05 9.98247E-05 9.98247E-05 9.98247E-05 9.98247E-05 9.98247E-05 9.98247E-05 9.98247E-05
0.640134 9.98246E-05 0.0616298 9.98246E-05 9.98246E-05 9.98246E-05 9.98246E-05 9.98246E-05 9.98246E-05 9.98246E-05 9.98246E-05 9.98246E-05 0.174103 0.0234855 9.98246E-05 9.98246E-05 9.98246E-05 9.98246E-05 9.98246E-05 9.98246E-05 9.98246E-05 9.98246E-05 0.098651 9.98246E-05 9.98246E-05
0.595853 9.98509E-05 9.98509E-05 9.98509E-05 9.98509E-05 0.0180237 9.98509E-05 0.00261424 0.201398 0.00603871 9.98509E-05 9.98509E-05 0.0614378 0.0402965 9.98509E-05 9.98509E-05 9.98509E-05 9.98509E-05 9.98509E-05 9.98509E-05 9.98509E-05 0.0726399 9.98509E-05 9.98509E-05 9.98509E-05
9.98421E-05 9.98421E-05 9.98421E-05 9.98421E-05 9.98421E-05 9.98421E-05 0.0142635 9.98421E-05 0.710248 0.0877851 9.98421E-05 9.98421E-05 0.00152422 9.98421E-05 9.98421E-05 9.98421E-05 0.0549533 9.98421E-05 9.98421E-05 9.98421E-05 9.98421E-05 0.0121804 0.117248 9.98421E-05 9.98421E-05
9.98423E-05 9.98423E-05 9.98423E-05 0.0429038 9.98423E-05 9.98423E-05 9.98423E-05 9.98423E-05 0.519813 0.0559928 9.98423E-05 9.98423E-05 0.00945476 9.98423E-05 9.98423E-05 9.98423E-05 9.98423E-05 9.98423E-05 0.306252 9.98423E-05 9.98423E-05 9.98423E-05 0.062689 9.98423E-05 0.00109674
0.257888 9.98421E-05 0.0793446 9.98421E-05 9.98421E-05 9.98421E-05 0.0103928 9.98421E-05 0.247118 0.130334 9.98421E-05 9.98421E-05 0.097365 9.98421E-05 9.98421E-05 9.98421E-05 9.98421E-05 9.98421E-05 9.98421E-05 9.98421E-05 9.98421E-05 9.98421E-05 0.17576 9.98421E-05 9.98421E-05
0.677161 9.98508E-05 0.101865 9.98508E-05 9.98508E-05 9.98508E-05 9.98508E-05 9.98508E-05 9.98508E-05 0.0146648 9.98508E-05 9.98508E-05 0.089875 9.98508E-05 0.0514769 0.034734 9.98508E-05 9.98508E-05 0.0207018 9.98508E-05 9.98508E-05 9.98508E-05 9.98508E-05 9.98508E-05 0.00782424
0.886198 9.9816E-05 9.9816E-05 9.9816E-05 9.9816E-05 0.0807588 9.9816E-05 9.9816E-05 9.9816E-05 0.00606168 9.9816E-05 9.9816E-05 9.9816E-05 9.9816E-05 9.9816E-05 9.9816E-05 9.9816E-05 9.9816E-05 9.9816E-05 9.9816E-05 9.9816E-05 0.0248858 9.9816E-05 9.9816E-05 9.9816E-05
9.98421E-05 0.0489213 0.070268 9.98421E-05 9.98421E-05 9.98421E-05 0.0427865 9.98421E-05 0.658776 9.98421E-05 9.98421E-05 0.091836 9.98421E-05 9.98421E-05 9.98421E-05 9.98421E-05 9.98421E-05 0.0599803 9.98421E-05 9.98421E-05 9.98421E-05 0.0256346 9.98421E-05 9.98421E-05 9.98421E-05
9.98161E-05 9.98161E-05 9.98161E-05 9.98161E-05 9.98161E-05 0.0544214 9.98161E-05 9.98161E-05 0.785831 9.98161E-05 9.98161E-05 0.0773324 9.98161E-05 9.98161E-05 9.98161E-05 9.98161E-05 9.98161E-05 9.98161E-05 9.98161E-05 9.98161E-05 9.98161E-05 9.98161E-05 9.98161E-05 0.080319 9.98161E-05
0.78961 0.0911996 9.98246E-05 9.98246E-05 9.98246E-05 9.98246E-05 0.000977973 9.98246E-05 9.98246E-05 9.98246E-05 9.98246E-05 9.98246E-05 0.00731473 9.98246E-05 9.98246E-05 9.98246E-05 9.98246E-05 9.98246E-05 9.98246E-05 9.98246E-05 9.98246E-05 0.108901 9.98246E-05 9.98246E-05 9.98246E-05
0.587022 0.160417 0.00845817 9.98422E-05 9.98422E-05 9.98422E-05 9.98422E-05 9.98422E-05 9.98422E-05 9.98422E-05 0.0448927 9.98422E-05 0.102916 9.98422E-05 0.0132115 9.98422E-05 9.98422E-05 9.98422E-05 9.98422E-05 9.98422E-05 9.98422E-05 9.98422E-05 9.98422E-05 9.98422E-05 0.0812857
0.678119 9.98333E-05 0.0308104 9.98333E-05 9.98333E-05 9.98333E-05 9.98333E-05 9.98333E-05 9.98333E-05 9.98333E-05 9.98333E-05 9.98333E-05 0.101856 9.98333E-05 0.0307475 9.98333E-05 9.98333E-05 9.98333E-05 0.107649 0.0489211 9.98333E-05 9.98333E-05 9.98333E-05 9.98333E-05 9.98333E-05
9.98246E-05 9.98246E-05 0.0355629 0.00563217 9.98246E-05 9.98246E-05 9.98246E-05 9.98246E-05 0.832628 9.98246E-05 9.98246E-05 9.98246E-05 0.0404896 9.98246E-05 9.98246E-05 9.98246E-05 0.0836905 9.98246E-05 9.98246E-05 9.98246E-05 9.98246E-05 9.98246E-05 9.98246E-05 9.98246E-05 9.98246E-05
0.412356 9.98336E-05 0.117073 9.98336E-05 0.0194382 9.98336E-05 9.98336E-05 9.98336E-05 0.262168 9.98336E-05 9.98336E-05 9.98336E-05 0.0534531 9.98336E-05 9.98336E-05 9.98336E-05 0.133615 9.98336E-05 9.98336E-05 9.98336E-05 9.98336E-05 9.98336E-05 9.98336E-05 9.98336E-05 9.98336E-05
0.0733835 9.98421E-05 9.98421E-05 9.98421E-05 9.98421E-05 0.0730162 9.98421E-05 9.98421E-05 0.671127 9.98421E-05 0.0653801 0.0260423 9.98421E-05 9.98421E-05 9.98421E-05 9.98421E-05 0.0890388 9.98421E-05 9.98421E-05 9.98421E-05 9.98421E-05 9.98421E-05 9.98421E-05 9.98421E-05 0.00021472
0.521605 9.98508E-05 0.114845 9.98508E-05 0.0300126 9.98508E-05 9.98508E-05 9.98508E-05 9.98508E-05 0.0774565 9.98508E-05 9.98508E-05 0.152945 0.0102386 9.98508E-05 9.98508E-05 9.98508E-05 9.98508E-05 9.98508E-05 9.98508E-05 9.98508E-05 0.0531068 0.0380935 9.98508E-05 9.98508E-05
0.24302 9.98247E-05 0.423404 0.0952563 9.98247E-05 9.98247E-05 9.98247E-05 9.98247E-05 0.0533466 9.98247E-05 9.98247E-05 9.98247E-05 0.182977 9.98247E-05 9.98247E-05 9.98247E-05 9.98247E-05 9.98247E-05 9.98247E-05 9.98247E-05 9.98247E-05 9.98247E-05 9.98247E-05 9.98247E-05 9.98247E-05
0.389213 9.98245E-05 9.98245E-05 9.98245E-05 9.98245E-05 0.0105391 0.00788827 9.98245E-05 0.5875 9.98245E-05 9.98245E-05 9.98245E-05 0.00286258 9.98245E-05 9.98245E-05 9.98245E-05 9.98245E-05 9.98245E-05 9.98245E-05 9.98245E-05 9.98245E-05 9.98245E-05 9.98245E-05 9.98245E-05 9.98245E-05
9.98246E-05 0.0419979 9.98246E-05 9.98246E-05 9.98246E-05 9.98246E-05 9.98246E-05 9.98246E-05 0.886899 0.0157905 9.98246E-05 9.98246E-05 0.0503084 9.98246E-05 9.98246E-05 0.00300791 9.98246E-05 9.98246E-05 9.98246E-05 9.98246E-05 9.98246E-05 9.98246E-05 9.98246E-05 9.98246E-05 9.98246E-05
0.997605 9.97896E-05 9.97896E-05 9.97896E-05 9.97896E-05 9.97896E-05 9.97896E-05 9.97896E-05 9.97896E-05 9.97896E-05 9.97896E-05 9.97896E-05 9.97896E-05 9.97896E-05 9.97896E-05 9.97896E-05 9.97896E-05 9.97896E-05 9.97896E-05 9.97896E-05 9.97896E-05 9.97896E-05 9.97896E-05 9.97896E-05 9.97896E-05
0.468268 9.98332E-05 0.120305 0.0133529 9.98332E-05 9.98332E-05 9.98332E-05 9.98332E-05 0.205833 9.98332E-05 9.98332E-05 9.98332E-05 0.0887386 9.98332E-05 9.98332E-05 9.98332E-05 9.98332E-05 9.98332E-05 9.98332E-05 9.98332E-05 9.98332E-05 9.98332E-05 0.101605 9.98332E-05 9.98332E-05
0.384732 0.032674 9.98424E-05 9.98424E-05 9.98424E-05 9.98424E-05 9.98424E-05 9.98424E-05 0.410348 9.98424E-05 9.98424E-05 9.98424E-05 9.98424E-05 9.98424E-05 9.98424E-05 0.00365431 9.98424E-05 9.98424E-05 9.98424E-05 9.98424E-05 9.98424E-05 0.0073274 9.98424E-05 0.133931 0.0255364
0.209969 9.98771E-05 9.98771E-05 0.0161169 9.98771E-05 9.98771E-05 9.98771E-05 9.98771E-05 0.0533067 0.091095 9.98771E-05 9.98771E-05 0.13055 0.239277 9.98771E-05 9.98771E-05 0.0861788 9.98771E-05 9.98771E-05 0.0203855 9.98771E-05 0.0674217 0.0303392 9.98771E-05 0.053962
9.98247E-05 9.98247E-05 0.203067 9.98247E-05 0.0899375 9.98247E-05 9.98247E-05 9.98247E-05 0.627008 9.98247E-05 9.98247E-05 9.98247E-05 9.98247E-05 9.98247E-05 0.0503566 9.98247E-05 9.98247E-05 9.98247E-05 9.98247E-05 9.98247E-05 9.98247E-05 9.98247E-05 9.98247E-05 9.98247E-05 0.0276339
9.98422E-05 9.98422E-05 9.98422E-05 9.98422E-05 9.98422E-05 0.00491002 9.98422E-05 9.98422E-05 0.797186 9.98422E-05 9.98422E-05 0.0121173 0.0742241 0.0710141 9.98422E-05 0.0080212 9.98422E-05 9.98422E-05 9.98422E-05 9.98422E-05 0.0307301 9.98422E-05 9.98422E-05 9.98422E-05 9.98422E-05
0.810416 9.98421E-05 9.98421E-05 9.98421E-05 9.98421E-05 9.98421E-05 0.0311305 9.98421E-05 9.98421E-05 0.00598704 9.98421E-05 9.98421E-05 9.98421E-05 9.98421E-05 0.0402058 0.0207498 9.98421E-05 9.98421E-05 9.98421E-05 0.0411686 9.98421E-05 9.98421E-05 9.98421E-05 0.0485448 9.98421E-05
0.569109 9.98335E-05 9.98335E-05 9.98335E-05 9.98335E-05 9.98335E-05 9.98335E-05 9.98335E-05 0.242989 9.98335E-05 9.98335E-05 9.98335E-05 0.0748566 9.98335E-05 0.0249453 9.98335E-05 9.98335E-05 9.98335E-05 9.98335E-05 9.98335E-05 9.98335E-05 0.0164394 9.98335E-05 9.98335E-05 0.0697642
0.255211 9.98422E-05 9.98422E-05 9.98422E-05 9.98422E-05 9.98422E-05 9.98422E-05 9.98422E-05 0.373153 9.98422E-05 9.98422E-05 0.139765 9.98422E-05 0.0199218 9.98422E-05 9.98422E-05 9.98422E-05 9.98422E-05 0.176743 0.000491801 9.98422E-05 9.98422E-05 9.98422E-05 9.98422E-05 0.0329162
9.98332E-05 9.98332E-05 9.98332E-05 9.98332E-05 9.98332E-05 0.0943045 9.98332E-05 9.98332E-05 0.798251 9.98332E-05 9.98332E-05 9.98332E-05 0.00288291 9.98332E-05 0.0348788 0.0607961 9.98332E-05 9.98332E-05 9.98332E-05 9.98332E-05 9.98332E-05 0.00698991 9.98332E-05 9.98332E-05 9.98332E-05
9.98245E-05 9.98245E-05 0.0293362 0.00444262 9.98245E-05 9.98245E-05 9.98245E-05 9.98245E-05 0.839237 0.0336894 9.98245E-05 9.98245E-05 0.0912987 9.98245E-05 9.98245E-05 9.98245E-05 9.98245E-05 9.98245E-05 9.98245E-05 9.98245E-05 9.98245E-05 9.98245E-05 9.98245E-05 9.98245E-05 9.98245E-05
0.964494 9.97985E-05 9.97985E-05 9.97985E-05 9.97985E-05 9.97985E-05 9.97985E-05 9.97985E-05 0.0332111 9.97985E-05 9.97985E-05 9.97985E-05 9.97985E-05 9.97985E-05 9.97985E-05 9.97985E-05 9.97985E-05 9.97985E-05 9.97985E-05 9.97985E-05 9.97985E-05 9.97985E-05 9.97985E-05 9.97985E-05 9.97985E-05
9.98245E-05 0.0554645 9.98245E-05 9.98245E-05 9.98245E-05 9.98245E-05 9.98245E-05 9.98245E-05 9.98245E-05 0.0129004 9.98245E-05 9.98245E-05 0.0841791 9.98245E-05 9.98245E-05 0.00335224 9.98245E-05 9.98245E-05 9.98245E-05 9.98245E-05 9.98245E-05 9.98245E-05 0.842107 9.98245E-05 9.98245E-05
9.98244E-05 9.98244E-05 0.0642717 9.98244E-05 0.047727 9.98244E-05 9.98244E-05 0.00506854 9.98244E-05 9.98244E-05 9.98244E-05 0.854972 9.98244E-05 9.98244E-05 9.98244E-05 9.98244E-05 9.98244E-05 9.98244E-05 9.98244E-05 0.0259638 9.98244E-05 9.98244E-05 9.98244E-05 9.98244E-05 9.98244E-05
9.9807E-05 9.9807E-05 9.9807E-05 9.9807E-05 9.9807E-05 9.9807E-05 9.9807E-05 9.9807E-05 9.9807E-05 9.9807E-05 9.9807E-05 0.525635 9.9807E-05 9.9807E-05 9.9807E-05 0.0424962 9.9807E-05 9.9807E-05 9.9807E-05 9.9807E-05 9.9807E-05 9.9807E-05 0.429673 9.9807E-05 9.9807E-05
9.98334E-05 0.336586 9.98334E-05 9.98334E-05 9.98334E-05 9.98334E-05 9.98334E-05 9.98334E-05 9.98334E-05 9.98334E-05 9.98334E-05 9.98334E-05 0.0423035 9.98334E-05 9.98334E-05 9.98334E-05 9.98334E-05 9.98334E-05 0.0976345 9.98334E-05 9.98334E-05 0.0693719 0.438024 0.0141838 9.98334E-05
9.98506E-05 9.98506E-05 0.0363539 9.98506E-05 9.98506E-05 9.98506E-05 0.0562379 9.98506E-05 9.98506E-05 9.98506E-05 9.98506E-05 9.98506E-05 0.0184518 9.98506E-05 9.98506E-05 0.00201117 9.98506E-05 9.98506E-05 9.98506E-05 9.98506E-05 9.98506E-05 0.00749175 0.83732 0.0341324 0.00630345
9.98242E-05 9.98242E-05 9.98242E-05 9.98242E-05 0.0129007 9.98242E-05 9.98242E-05 9.98242E-05 9.98242E-05 9.98242E-05 9.98242E-05 9.98242E-05 0.0811667 0.136619 9.98242E-05 9.98242E-05 9.98242E-05 9.98242E-05 9.98242E-05 9.98242E-05 9.98242E-05 0.0056502 0.761667 9.98242E-05 9.98242E-05
9.98331E-05 9.98331E-05 9.98331E-05 0.00551178 9.98331E-05 0.211375 9.98331E-05 9.98331E-05 9.98331E-05 9.98331E-05 9.98331E-05 9.98331E-05 0.0621159 9.98331E-05 0.0593236 9.98331E-05 9.98331E-05 0.022 9.98331E-05 9.98331E-05 9.98331E-05 9.98331E-05 0.637777 9.98331E-05 9.98331E-05
9.98243E-05 0.0629552 9.98243E-05 9.98243E-05 9.98243E-05 9.98243E-05 9.98243E-05 9.98243E-05 9.98243E-05 9.98243E-05 9.98243E-05 9.98243E-05 0.0104425 9.98243E-05 9.98243E-05 0.0899602 9.98243E-05 9.98243E-05 9.98243E-05 9.98243E-05 9.98243E-05 0.0368189 0.797827 9.98243E-05 9.98243E-05
9.98071E-05 0.0432193 9.98071E-05 9.98071E-05 9.98071E-05 9.98071E-05 9.98071E-05 9.98071E-05 9.98071E-05 9.98071E-05 9.98071E-05 0.229832 9.98071E-05 9.98071E-05 9.98071E-05 9.98071E-05 9.98071E-05 9.98071E-05 9.98071E-05 9.98071E-05 9.98071E-05 9.98071E-05 0.724753 9.98071E-05 9.98071E-05
9.98159E-05 9.98159E-05 9.98159E-05 9.98159E-05 9.98159E-05 9.98159E-05 9.98159E-05 0.0182 9.98159E-05 0.00511035 9.98159E-05 0.00693178 9.98159E-05 9.98159E-05 9.98159E-05 9.98159E-05 9.98159E-05 9.98159E-05 9.98159E-05 9.98159E-05 9.98159E-05 9.98159E-05 0.967662 9.98159E-05 9.98159E-05
9.98155E-05 9.98155E-05 9.98155E-05 9.98155E-05 9.98155E-05 9.98155E-05 9.98155E-05 9.98155E-05 9.98155E-05 0.132832 9.98155E-05 9.98155E-05 0.186578 9.98155E-05 9.98155E-05 9.98155E-05 9.98155E-05 9.98155E-05 9.98155E-05 9.98155E-05 9.98155E-05 0.0446835 0.633811 9.98155E-05 9.98155E-05
9.98595E-05 9.98595E-05 0.0763912 9.98595E-05 9.98595E-05 0.0223143 0.00570344 0.00847322 9.98595E-05 0.0275468 9.98595E-05 9.98595E-05 0.0800657 9.98595E-05 0.110739 9.98595E-05 9.98595E-05 9.98595E-05 9.98595E-05 9.98595E-05 9.98595E-05 9.98595E-05 0.633689 9.98595E-05 0.0334801
9.98506E-05 9.98506E-05 9.98506E-05 9.98506E-05 9.98506E-05 9.98506E-05 0.0227567 0.0335744 9.98506E-05 0.0202638 9.98506E-05 9.98506E-05 9.98506E-05 9.98506E-05 0.115552 9.98506E-05 9.98506E-05 9.98506E-05 0.0812791 9.98506E-05 9.98506E-05 0.0710262 0.569095 9.98506E-05 0.084755
9.98332E-05 9.98332E-05 0.0921632 9.98332E-05 9.98332E-05 0.0353753 9.98332E-05 9.98332E-05 9.98332E-05 9.98332E-05 9.98332E-05 9.98332E-05 0.110586 0.0852895 9.98332E-05 9.98332E-05 9.98332E-05 9.98332E-05 9.98332E-05 9.98332E-05 9.98332E-05 9.98332E-05 0.6084 9.98332E-05 0.0662888
9.9825E-05 9.9825E-05 9.9825E-05 9.9825E-05 9.9825E-05 9.9825E-05 9.9825E-05 9.9825E-05 9.9825E-05 9.9825E-05 0.00321159 0.00475481 9.9825E-05 9.9825E-05 9.9825E-05 9.9825E-05 0.0642192 9.9825E-05 9.9825E-05 0.0128346 9.9825E-05 9.9825E-05 0.912983 9.9825E-05 9.9825E-05
9.97985E-05 9.97985E-05 9.97985E-05 9.97985E-05 9.97985E-05 9.97985E-05 9.97985E-05 9.97985E-05 9.97985E-05 9.97985E-05 9.97985E-05 0.0261796 9.97985E-05 9.97985E-05 9.97985E-05 9.97985E-05 9.97985E-05 9.97985E-05 9.97985E-05 9.97985E-05 9.97985E-05 9.97985E-05 0.971525 9.97985E-05 9.97985E-05
9.98155E-05 9.98155E-05 9.98155E-05 9.98155E-05 9.98155E-05 9.98155E-05 9.98155E-05 9.98155E-05 9.98155E-05 9.98155E-05 9.98155E-05 9.98155E-05 9.98155E-05 0.0628322 0.00611196 0.102833 9.98155E-05 9.98155E-05 9.98155E-05 9.98155E-05 9.98155E-05 9.98155E-05 0.826126 9.98155E-05 9.98155E-05
9.98244E-05 9.98244E-05 0.037904 0.0896015 9.98244E-05 9.98244E-05 9.98244E-05 9.98244E-05 9.98244E-05 0.113883 9.98244E-05 9.98244E-05 9.98244E-05 9.98244E-05 9.98244E-05 9.98244E-05 9.98244E-05 9.98244E-05 9.98244E-05 9.98244E-05 9.98244E-05 0.0203105 0.736304 9.98244E-05 9.98244E-05
9.98158E-05 9.98158E-05 9.98158E-05 9.98158E-05 9.98158E-05 9.98158E-05 9.98158E-05 9.98158E-05 9.98158E-05 0.0253165 9.98158E-05 0.00772763 9.98158E-05 9.98158E-05 9.98158E-05 0.102127 9.98158E-05 9.98158E-05 9.98158E-05 9.98158E-05 9.98158E-05 9.98158E-05 0.862733 9.98158E-05 9.98158E-05
9.98241E-05 9.98241E-05 9.98241E-05 9.98241E-05 9.98241E-05 9.98241E-05 0.015685 9.98241E-05 9.98241E-05 9.98241E-05 9.98241E-05 9.98241E-05 0.159142 9.98241E-05 9.98241E-05 9.98241E-05 0.0157535 9.98241E-05 9.98241E-05 0.0558563 9.98241E-05 9.98241E-05 0.751566 9.98241E-05 9.98241E-05
9.97895E-05 9.97895E-05 9.97895E-05 9.97895E-05 9.97895E-05 9.97895E-05 9.97895E-05 9.97895E-05 9.97895E-05 9.97895E-05 9.97895E-05 0.997605 9.97895E-05 9.97895E-05 9.97895E-05 9.97895E-05 9.97895E-05 9.97895E-05 9.97895E-05 9.97895E-05 9.97895E-05 9.97895E-05 9.97895E-05 9.97895E-05 9.97895E-05
9.98068E-05 9.98068E-05 0.145763 9.98068E-05 9.98068E-05 0.0877385 9.98068E-05 9.98068E-05 9.98068E-05 9.98068E-05 9.98068E-05 9.98068E-05 9.98068E-05 9.98068E-05 9.98068E-05 9.98068E-05 9.98068E-05 9.98068E-05 9.98068E-05 9.98068E-05 9.98068E-05 9.98068E-05 0.764303 9.98068E-05 9.98068E-05
9.9816E-05 0.104886 9.9816E-05 9.9816E-05 9.9816E-05 9.9816E-05 9.9816E-05 9.9816E-05 9.9816E-05 9.9816E-05 9.9816E-05 9.9816E-05 0.0313165 9.9816E-05 9.9816E-05 9.9816E-05 9.9816E-05 9.9816E-05 0.0230415 9.9816E-05 9.9816E-05 9.9816E-05 0.83866 9.9816E-05 9.9816E-05
9.98421E-05 9.98421E-05 0.0190938 0.117654 0.0131053 9.98421E-05 9.98421E-05 9.98421E-05 9.98421E-05 9.98421E-05 9.98421E-05 9.98421E-05 9.98421E-05 9.98421E-05 9.98421E-05 0.0357032 9.98421E-05 9.98421E-05 9.98421E-05 9.98421E-05 9.98421E-05 0.0262092 0.71695 0.0694867 9.98421E-05
9.98155E-05 9.98155E-05 9.98155E-05 9.98155E-05 9.98155E-05 9.98155E-05 9.98155E-05 0.0916655 9.98155E-05 0.101488 9.98155E-05 0.12304 9.98155E-05 9.98155E-05 9.98155E-05 9.98155E-05 9.98155E-05 9.98155E-05 9.98155E-05 9.98155E-05 9.98155E-05 9.98155E-05 0.68171 9.98155E-05 9.98155E-05
9.98245E-05 0.0391301 9.98245E-05 9.98245E-05 9.98245E-05 9.98245E-05 9.98245E-05 9.98245E-05 9.98245E-05 9.98245E-05 9.98245E-05 0.863457 0.0104913 9.98245E-05 9.98245E-05 9.98245E-05 9.98245E-05 9.98245E-05 9.98245E-05 9.98245E-05 9.98245E-05 0.012204 0.0727208 9.98245E-05 9.98245E-05
9.97898E-05 9.97898E-05 9.97898E-05 9.97898E-05 9.97898E-05 9.97898E-05 9.97898E-05 9.97898E-05 9.97898E-05 9.97898E-05 9.97898E-05 9.97898E-05 9.97898E-05 9.97898E-05 9.97898E-05 9.97898E-05 9.97898E-05 9.97898E-05 9.97898E-05 9.97898E-05 9.97898E-05 9.97898E-05 0.997605 9.97898E-05 9.97898E-05
9.97893E-05 9.97893E-05 9.97893E-05 9.97893E-05 9.97893E-05 9.97893E-05 9.97893E-05 9.97893E-05 9.97893E-05 9.97893E-05 9.97893E-05 0.997605 9.97893E-05 9.97893E-05 9.97893E-05 9.97893E-05 9.97893E-05 9.97893E-05 9.97893E-05 9.97893E-05 9.97893E-05 9.97893E-05 9.97893E-05 9.97893E-05 9.97893E-05
9.97985E-05 9.97985E-05 9.97985E-05 9.97985E-05 9.97985E-05 9.97985E-05 9.97985E-05 9.97985E-05 9.97985E-05 9.97985E-05 9.97985E-05 9.97985E-05 9.97985E-05 9.97985E-05 9.97985E-05 0.0547261 9.97985E-05 9.97985E-05 9.97985E-05 9.97985E-05 9.97985E-05 9.97985E-05 0.942979 9.97985E-05 9.97985E-05
9.98245E-05 9.98245E-05 9.98245E-05 9.98245E-05 9.98245E-05 9.98245E-05 9.98245E-05 9.98245E-05 9.98245E-05 9.98245E-05 9.98245E-05 0.717138 0.154245 9.98245E-05 9.98245E-05 9.98245E-05 0.00981549 9.98245E-05 9.98245E-05 9.98245E-05 0.037741 0.0790636 9.98245E-05 9.98245E-05 9.98245E-05
9.98157E-05 9.98157E-05 9.98157E-05 9.98157E-05 9.98157E-05 9.98157E-05 9.98157E-05 9.98157E-05 9.98157E-05 9.98157E-05 9.98157E-05 9.98157E-05 0.104842 0.152635 9.98157E-05 9.98157E-05 9.98157E-05 9.98157E-05 0.658725 9.98157E-05 9.98157E-05 0.0817019 9.98157E-05 9.98157E-05 9.98157E-05
9.98071E-05 9.98071E-05 9.98071E-05 9.98071E-05 9.98071E-05 9.98071E-05 9.98071E-05 9.98071E-05 9.98071E-05 9.98071E-05 9.98071E-05 9.98071E-05 9.98071E-05 9.98071E-05 9.98071E-05 9.98071E-05 9.98071E-05 9.98071E-05 0.148759 9.98071E-05 0.846366 0.00267948 9.98071E-05 9.98071E-05 9.98071E-05
9.98333E-05 9.98333E-05 9.98333E-05 9.98333E-05 9.98333E-05 9.98333E-05 9.98333E-05 9.98333E-05 9.98333E-05 0.0159583 9.98333E-05 9.98333E-05 0.086843 0.416393 9.98333E-05 9.98333E-05 9.98333E-05 9.98333E-05 0.417117 9.98333E-05 0.00557044 9.98333E-05 9.98333E-05 9.98333E-05 0.0562211
9.98156E-05 9.98156E-05 9.98156E-05 9.98156E-05 9.98156E-05 9.98156E-05 9.98156E-05 9.98156E-05 9.98156E-05 9.98156E-05 9.98156E-05 9.98156E-05 0.139921 0.337802 9.98156E-05 9.98156E-05 9.98156E-05 9.98156E-05 0.487659 9.98156E-05 9.98156E-05 0.0325227 9.98156E-05 9.98156E-05 9.98156E-05
9.98156E-05 9.98156E-05 9.98156E-05 9.98156E-05 0.0389223 9.98156E-05 9.98156E-05 9.98156E-05 9.98156E-05 9.98156E-05 9.98156E-05 9.98156E-05 9.98156E-05 0.148312 9.98156E-05 9.98156E-05 9.98156E-05 9.98156E-05 0.767728 9.98156E-05 9.98156E-05 0.0429421 9.98156E-05 9.98156E-05 9.98156E-05
9.98333E-05 0.0551939 9.98333E-05 9.98333E-05 9.98333E-05 0.0597667 9.98333E-05 9.98333E-05 9.98333E-05 9.98333E-05 9.98333E-05 9.98333E-05 0.0864942 0.0466722 9.98333E-05 9.98333E-05 9.98333E-05 9.98333E-05 0.635591 9.98333E-05 9.98333E-05 0.114385 9.98333E-05 9.98333E-05 9.98333E-05
9.98419E-05 9.98419E-05 0.0811601 9.98419E-05 9.98419E-05 9.98419E-05 9.98419E-05 0.0241965 9.98419E-05 9.98419E-05 9.98419E-05 9.98419E-05 0.102776 0.341469 9.98419E-05 9.98419E-05 9.98419E-05 9.98419E-05 0.242001 9.98419E-05 0.106473 0.100127 9.98419E-05 9.98419E-05 9.98419E-05
9.98069E-05 9.98069E-05 9.98069E-05 9.98069E-05 9.98069E-05 9.98069E-05 9.98069E-05 9.98069E-05 9.98069E-05 9.98069E-05 9.98069E-05 9.98069E-05 9.98069E-05 0.569137 9.98069E-05 9.98069E-05 9.98069E-05 9.98069E-05 0.28585 9.98069E-05 9.98069E-05 0.142817 9.98069E-05 9.98069E-05 9.98069E-05
9.98244E-05 0.190813 9.98244E-05 9.98244E-05 9.98244E-05 9.98244E-05 9.98244E-05 9.98244E-05 9.98244E-05 9.98244E-05 9.98244E-05 9.98244E-05 9.98244E-05 0.31444 9.98244E-05 9.98244E-05 0.0693679 9.98244E-05 0.178881 9.98244E-05 9.98244E-05 0.244502 9.98244E-05 9.98244E-05 9.98244E-05
9.98332E-05 9.98332E-05 0.0261689 9.98332E-05 9.98332E-05 9.98332E-05 9.98332E-05 0.0127689 9.98332E-05 9.98332E-05 9.98332E-05 9.98332E-05 0.283856 0.127992 9.98332E-05 9.98332E-05 9.98332E-05 9.98332E-05 0.379947 9.98332E-05 9.98332E-05 0.167371 9.98332E-05 9.98332E-05 9.98332E-05
9.98422E-05 0.0026275 9.98422E-05 9.98422E-05 9.98422E-05 0.305575 9.98422E-05 9.98422E-05 9.98422E-05 0.00116184 0.12837 9.98422E-05 9.98422E-05 0.020257 9.98422E-05 9.98422E-05 9.98422E-05 9.98422E-05 0.367812 9.98422E-05 0.172399 9.98422E-05 9.98422E-05 9.98422E-05 9.98422E-05
9.98333E-05 0.146476 9.98333E-05 9.98333E-05 9.98333E-05 9.98333E-05 9.98333E-05 9.98333E-05 9.98333E-05 0.00375812 0.114772 9.98333E-05 0.0231064 0.339133 9.98333E-05 9.98333E-05 9.98333E-05 9.98333E-05 0.370857 9.98333E-05 9.98333E-05 9.98333E-05 9.98333E-05 9.98333E-05 9.98333E-05
9.98157E-05 9.98157E-05 9.98157E-05 9.98157E-05 9.98157E-05 9.98157E-05 9.98157E-05 9.98157E-05 9.98157E-05 9.98157E-05 9.98157E-05 9.98157E-05 9.98157E-05 0.177459 9.98157E-05 9.98157E-05 9.98157E-05 9.98157E-05 0.354519 9.98157E-05 0.381304 0.0846227 9.98157E-05 9.98157E-05 9.98157E-05
9.98334E-05 0.00653282 9.98334E-05 9.98334E-05 9.98334E-05 9.98334E-05 9.98334E-05 9.98334E-05 9.98334E-05 9.98334E-05 0.0609337 9.98334E-05 0.195287 0.210533 9.98334E-05 9.98334E-05 9.98334E-05 9.98334E-05 0.417795 9.98334E-05 9.98334E-05 0.107022 9.98334E-05 9.98334E-05 9.98334E-05
9.98423E-05 9.98423E-05 9.98423E-05 9.98423E-05 9.98423E-05 9.98423E-05 9.98423E-05 0.0128594 9.98423E-05 0.0311378 9.98423E-05 9.98423E-05 9.98423E-05 9.98423E-05 0.0463307 0.0904265 9.98423E-05 9.98423E-05 0.715951 9.98423E-05 0.0532314 0.0482661 9.98423E-05 9.98423E-05 9.98423E-05
9.98422E-05 0.00140613 9.98422E-05 9.98422E-05 9.98422E-05 0.135033 9.98422E-05 0.0428115 9.98422E-05 9.98422E-05 9.98422E-05 9.98422E-05 0.14094 9.98422E-05 9.98422E-05 9.98422E-05 0.0626659 9.98422E-05 0.574346 9.98422E-05 9.98422E-05 9.98422E-05 9.98422E-05 0.0409995 9.98422E-05
9.98333E-05 0.324554 9.98333E-05 9.98333E-05 9.98333E-05 9.98333E-05 9.98333E-05 9.98333E-05 9.98333E-05 0.0111868 0.0254846 9.98333E-05 0.00803322 0.156361 9.98333E-05 9.98333E-05 9.98333E-05 9.98333E-05 0.472483 9.98333E-05 9.98333E-05 9.98333E-05 9.98333E-05 9.98333E-05 9.98333E-05
9.98423E-05 9.98423E-05 0.0513366 9.98423E-05 9.98423E-05 9.98423E-05 9.98423E-05 9.98423E-05 9.98423E-05 9.98423E-05 0.00580034 9.98423E-05 9.98423E-05 0.504763 9.98423E-05 9.98423E-05 9.98423E-05 9.98423E-05 0.293423 9.98423E-05 9.98423E-05 0.0787079 9.98423E-05 0.0230448 0.0411279
9.98422E-05 0.0153857 0.0397248 9.98422E-05 9.98422E-05 9.98422E-05 9.98422E-05 9.98422E-05 9.98422E-05 0.039351 0.081807 9.98422E-05 9.98422E-05 9.98422E-05 9.98422E-05 9.98422E-05 9.98422E-05 9.98422E-05 0.79408 9.98422E-05 9.98422E-05 0.0189227 9.98422E-05 9.98422E-05 0.00893171
9.98421E-05 9.98421E-05 9.98421E-05 9.98421E-05 9.98421E-05 9.98421E-05 0.079239 9.98421E-05 9.98421E-05 9.98421E-05 0.184756 9.98421E-05 0.0341353 9.98421E-05 9.98421E-05 9.98421E-05 0.182186 9.98421E-05 0.441549 9.98421E-05 9.98421E-05 0.069015 0.00732274 9.98421E-05 9.98421E-05
9.98159E-05 0.13809 9.98159E-05 0.0767805 9.98159E-05 9.98159E-05 9.98159E-05 9.98159E-05 9.98159E-05 9.98159E-05 9.98159E-05 9.98159E-05 9.98159E-05 9.98159E-05 9.98159E-05 0.0331991 9.98159E-05 9.98159E-05 0.749835 9.98159E-05 9.98159E-05 9.98159E-05 9.98159E-05 9.98159E-05 9.98159E-05
9.98071E-05 9.98071E-05 9.98071E-05 9.98071E-05 9.98071E-05 9.98071E-05 9.98071E-05 0.0218272 9.98071E-05 9.98071E-05 0.00547469 9.98071E-05 9.98071E-05 9.98071E-05 9.98071E-05 9.98071E-05 9.98071E-05 9.98071E-05 0.970502 9.98071E-05 9.98071E-05 9.98071E-05 9.98071E-05 9.98071E-05 9.98071E-05
9.98419E-05 0.0244001 9.98419E-05 9.98419E-05 9.98419E-05 0.0115944 0.0655737 9.98419E-05 9.98419E-05 9.98419E-05 9.98419E-05 9.98419E-05 0.1711 9.98419E-05 9.98419E-05 9.98419E-05 9.98419E-05 0.111853 0.372085 9.98419E-05 9.98419E-05 0.241596 9.98419E-05 9.98419E-05 9.98419E-05
9.98157E-05 9.98157E-05 9.98157E-05 9.98157E-05 9.98157E-05 9.98157E-05 9.98157E-05 9.98157E-05 9.98157E-05 9.98157E-05 9.98157E-05 9.98157E-05 9.98157E-05 9.98157E-05 9.98157E-05 9.98157E-05 9.98157E-05 9.98157E-05 0.530352 9.98157E-05 0.352326 0.100149 9.98157E-05 9.98157E-05 0.0150765
9.98332E-05 0.058567 9.98332E-05 9.98332E-05 9.98332E-05 9.98332E-05 0.0795331 9.98332E-05 9.98332E-05 9.98332E-05 9.98332E-05 9.98332E-05 0.225703 9.98332E-05 9.98332E-05 9.98332E-05 9.98332E-05 0.0924947 0.424718 9.98332E-05 9.98332E-05 0.117088 9.98332E-05 9.98332E-05 9.98332E-05
9.98506E-05 0.163251 0.0430781 9.98506E-05 9.98506E-05 9.98506E-05 9.98506E-05 0.00562892 9.98506E-05 9.98506E-05 9.98506E-05 9.98506E-05 0.0127743 0.120167 9.98506E-05 9.98506E-05 9.98506E-05 9.98506E-05 9.98506E-05 9.98506E-05 0.540971 0.0412697 0.0711623 9.98506E-05 9.98506E-05
9.98247E-05 9.98247E-05 9.98247E-05 9.98247E-05 0.118957 9.98247E-05 9.98247E-05 9.98247E-05 9.98247E-05 9.98247E-05 0.645788 9.98247E-05 0.0445829 9.98247E-05 9.98247E-05 9.98247E-05 9.98247E-05 9.98247E-05 0.17041 9.98247E-05 9.98247E-05 9.98247E-05 9.98247E-05 0.0182654 9.98247E-05
9.98243E-05 9.98243E-05 9.98243E-05 9.98243E-05 9.98243E-05 9.98243E-05 9.98243E-05 9.98243E-05 9.98243E-05 9.98243E-05 9.98243E-05 9.98243E-05 0.0378216 0.328006 9.98243E-05 9.98243E-05 9.98243E-05 9.98243E-05 0.541219 9.98243E-05 9.98243E-05 0.0744101 9.98243E-05 9.98243E-05 0.0165468
9.98333E-05 9.98333E-05 9.98333E-05 9.98333E-05 9.98333E-05 0.0940536 9.98333E-05 9.98333E-05 9.98333E-05 9.98333E-05 9.98333E-05 9.98333E-05 0.185611 0.112562 9.98333E-05 9.98333E-05 9.98333E-05 9.98333E-05 0.332217 9.98333E-05 0.132509 0.14115 9.98333E-05 9.98333E-05 9.98333E-05
9.98422E-05 9.98422E-05 9.98422E-05 9.98422E-05 9.98422E-05 9.98422E-05 0.0153042 9.98422E-05 9.98422E-05 0.0358595 0.0980196 9.98422E-05 0.0771171 0.0846577 9.98422E-05 9.98422E-05 9.98422E-05 9.98422E-05 0.667902 9.98422E-05 9.98422E-05 9.98422E-05 9.98422E-05 9.98422E-05 0.0193424
9.98332E-05 9.98332E-05 9.98332E-05 9.98332E-05 9.98332E-05 9.98332E-05 9.98332E-05 9.98332E-05 9.98332E-05 0.0246898 9.98332E-05 9.98332E-05 0.163843 0.260509 0.034022 9.98332E-05 9.98332E-05 9.98332E-05 0.171738 9.98332E-05 0.343301 9.98332E-05 9.98332E-05 9.98332E-05 9.98332E-05
9.98157E-05 9.98157E-05 9.98157E-05 9.98157E-05 9.98157E-05 9.98157E-05 9.98157E-05 9.98157E-05 9.98157E-05 9.98157E-05 9.98157E-05 9.98157E-05 0.00949082 9.98157E-05 9.98157E-05 9.98157E-05 9.98157E-05 9.98157E-05 0.852516 0.0499747 0.0859223 9.98157E-05 9.98157E-05 9.98157E-05 9.98157E-05
9.98332E-05 9.98332E-05 9.98332E-05 9.98332E-05 9.98332E-05 9.98332E-05 0.0598003 9.98332E-05 9.98332E-05 9.98332E-05 9.98332E-05 9.98332E-05 0.168832 0.0845676 9.98332E-05 9.98332E-05 9.98332E-05 9.98332E-05 0.315669 9.98332E-05 9.98332E-05 0.212812 9.98332E-05 9.98332E-05 0.156421
9.98332E-05 9.98332E-05 0.173683 9.98332E-05 9.98332E-05 9.98332E-05 0.0516804 9.98332E-05 9.98332E-05 9.98332E-05 9.98332E-05 9.98332E-05 0.019152 0.0818356 9.98332E-05 9.98332E-05 0.0216284 9.98332E-05 0.650123 9.98332E-05 9.98332E-05 9.98332E-05 9.98332E-05 9.98332E-05 9.98332E-05
9.98157E-05 9.98157E-05 9.98157E-05 9.98157E-05 9.98157E-05 9.98157E-05 9.98157E-05 9.98157E-05 9.98157E-05 9.98157E-05 9.98157E-05 9.98157E-05 0.0163687 0.149239 9.98157E-05 9.98157E-05 9.98157E-05 9.98157E-05 0.521245 9.98157E-05 0.311051 9.98157E-05 9.98157E-05 9.98157E-05 9.98157E-05
9.98595E-05 9.98595E-05 9.98595E-05 0.0803899 9.98595E-05 0.0236149 9.98595E-05 0.0324168 9.98595E-05 0.0303118 0.0449035 9.98595E-05 9.98595E-05 0.0512187 9.98595E-05 9.98595E-05 0.134217 9.98595E-05 0.54831 9.98595E-05 0.0530194 9.98595E-05 9.98595E-05 9.98595E-05 9.98595E-05
9.98332E-05 9.98332E-05 9.98332E-05 9.98332E-05 9.98332E-05 9.98332E-05 9.98332E-05 9.98332E-05 9.98332E-05 0.0146322 9.98332E-05 9.98332E-05 0.235577 0.0818376 9.98332E-05 0.0225551 9.98332E-05 9.98332E-05 0.54673 9.98332E-05 9.98332E-05 0.0967716 9.98332E-05 9.98332E-05 9.98332E-05
9.98157E-05 9.98157E-05 9.98157E-05 9.98157E-05 9.98157E-05 9.98157E-05 9.98157E-05 9.98157E-05 9.98157E-05 9.98157E-05 0.569163 9.98157E-05 9.98157E-05 9.98157E-05 9.98157E-05 9.98157E-05 9.98157E-05 9.98157E-05 0.373427 9.98157E-05 9.98157E-05 0.0475681 9.98157E-05 9.98157E-05 0.00774564
9.9816E-05 9.9816E-05 9.9816E-05 9.9816E-05 9.9816E-05 9.9816E-05 9.9816E-05 9.9816E-05 9.9816E-05 9.9816E-05 0.0783825 9.9816E-05 0.0387711 9.9816E-05 9.9816E-05 9.9816E-05 9.9816E-05 9.9816E-05 0.719859 9.9816E-05 0.160891 9.9816E-05 9.9816E-05 9.9816E-05 9.9816E-05
9.98072E-05 9.98072E-05 9.98072E-05 9.98072E-05 9.98072E-05 9.98072E-05 9.98072E-05 9.98072E-05 9.98072E-05 9.98072E-05 9.98072E-05 9.98072E-05 9.98072E-05 9.98072E-05 9.98072E-05 9.98072E-05 9.98072E-05 9.98072E-05 0.315711 9.98072E-05 0.599262 9.98072E-05 9.98072E-05 9.98072E-05 0.0828309
9.98247E-05 0.0180789 9.98247E-05 9.98247E-05 9.98247E-05 9.98247E-05 0.0146745 9.98247E-05 9.98247E-05 9.98247E-05 0.223473 9.98247E-05 9.98247E-05 9.98247E-05 9.98247E-05 9.98247E-05 9.98247E-05 9.98247E-05 0.510293 9.98247E-05 0.231485 9.98247E-05 9.98247E-05 9.98247E-05 9.98247E-05
9.98332E-05 9.98332E-05 9.98332E-05 9.98332E-05 9.98332E-05 0.0986119 9.98332E-05 9.98332E-05 9.98332E-05 9.98332E-05 9.98332E-05 9.98332E-05 0.250023 0.456422 9.98332E-05 9.98332E-05 9.98332E-05 9.98332E-05 0.0741819 9.98332E-05 9.98332E-05 0.101949 9.98332E-05 9.98332E-05 0.0169152
9.98334E-05 9.98334E-05 0.0408908 9.98334E-05 9.98334E-05 9.98334E-05 9.98334E-05 0.0453779 9.98334E-05 9.98334E-05 9.98334E-05 9.98334E-05 9.98334E-05 9.98334E-05 9.98334E-05 9.98334E-05 9.98334E-05 9.98334E-05 0.762796 9.98334E-05 0.0428274 0.0466218 9.98334E-05 9.98334E-05 0.0595893
9.98246E-05 9.98246E-05 9.98246E-05 9.98246E-05 9.98246E-05 9.98246E-05 0.134028 9.98246E-05 9.98246E-05 9.98246E-05 0.684745 9.98246E-05 0.0342689 9.98246E-05 9.98246E-05 9.98246E-05 9.98246E-05 0.0469511 9.98246E-05 9.98246E-05 9.98246E-05 0.0980107 9.98246E-05 9.98246E-05 9.98246E-05
9.98333E-05 9.98333E-05 9.98333E-05 9.98333E-05 9.98333E-05 0.0565227 9.98333E-05 9.98333E-05 9.98333E-05 9.98333E-05 0.293211 9.98333E-05 0.0539109 0.0442839 9.98333E-05 9.98333E-05 9.98333E-05 9.98333E-05 0.164097 9.98333E-05 0.386078 9.98333E-05 9.98333E-05 9.98333E-05 9.98333E-05
9.98419E-05 9.98419E-05 9.98419E-05 9.98419E-05 9.98419E-05 0.230817 0.140609 9.98419E-05 9.98419E-05 9.98419E-05 9.98419E-05 9.98419E-05 0.0133933 0.390995 9.98419E-05 0.011068 9.98419E-05 9.98419E-05 0.0804299 9.98419E-05 9.98419E-05 0.130891 9.98419E-05 9.98419E-05 9.98419E-05
9.98597E-05 9.98597E-05 9.98597E-05 9.98597E-05 9.98597E-05 9.98597E-05 9.98597E-05 0.0302686 9.98597E-05 9.98597E-05 9.98597E-05 0.0328826 0.0843494 0.471659 9.98597E-05 9.98597E-05 0.00306672 9.98597E-05 0.138468 9.98597E-05 0.14244 0.0460696 0.049198 9.98597E-05 9.98597E-05
9.98685E-05 9.98685E-05 0.00387216 9.98685E-05 0.0896944 0.0881524 9.98685E-05 0.0579539 9.98685E-05 9.98685E-05 9.98685E-05 9.98685E-05 0.0436112 0.341256 9.98685E-05 9.98685E-05 0.00468477 9.98685E-05 0.08479 9.98685E-05 0.138539 0.145948 9.98685E-05 9.98685E-05 9.98685E-05
9.98334E-05 9.98334E-05 0.0158027 9.98334E-05 9.98334E-05 9.98334E-05 9.98334E-05 9.98334E-05 9.98334E-05 9.98334E-05 9.98334E-05 9.98334E-05 0.210545 9.98334E-05 9.98334E-05 9.98334E-05 0.0255901 9.98334E-05 0.466474 9.98334E-05 9.98334E-05 0.263603 0.0160878 9.98334E-05 9.98334E-05
9.98246E-05 9.98246E-05 9.98246E-05 9.98246E-05 9.98246E-05 9.98246E-05 9.98246E-05 9.98246E-05 9.98246E-05 9.98246E-05 0.44472 9.98246E-05 0.0142662 0.072256 9.98246E-05 9.98246E-05 9.98246E-05 9.98246E-05 0.353633 9.98246E-05 0.113128 9.98246E-05 9.98246E-05 9.98246E-05 9.98246E-05
9.98595E-05 9.98595E-05 9.98595E-05 0.0118634 0.087698 9.98595E-05 0.0087653 9.98595E-05 9.98595E-05 0.015781 9.98595E-05 9.98595E-05 0.0801321 0.271125 9.98595E-05 9.98595E-05 0.0731225 9.98595E-05 0.396461 9.98595E-05 9.98595E-05 9.98595E-05 9.98595E-05 0.0534536 9.98595E-05
