9.98071E-05 0.180131 9.98071E-05 9.98071E-05 9.98071E-05 9.98071E-05 0.0135837 9.98071E-05 9.98071E-05 9.98071E-05 9.98071E-05 9.98071E-05 9.98071E-05 9.98071E-05 0.111144 9.98071E-05 9.98071E-05 9.98071E-05 9.98071E-05 9.98071E-05 9.98071E-05 9.98071E-05 9.98071E-05 0.465114 0.0213275 9.98071E-05 0.126165 0.0803396 9.98071E-05
9.97984E-05 0.0303651 9.97984E-05 9.97984E-05 9.97984E-05 9.97984E-05 9.97984E-05 9.97984E-05 9.97984E-05 9.97984E-05 9.97984E-05 9.97984E-05 9.97984E-05 9.97984E-05 9.97984E-05 0.57402 9.97984E-05 9.97984E-05 9.97984E-05 9.97984E-05 9.97984E-05 9.97984E-05 9.97984E-05 0.201143 9.97984E-05 0.0368436 9.97984E-05 0.0667168 0.0886167
9.9772E-05 9.9772E-05 9.9772E-05 0.0171857 9.9772E-05 9.9772E-05 9.9772E-05 9.9772E-05 9.9772E-05 9.9772E-05 9.9772E-05 9.9772E-05 9.9772E-05 9.9772E-05 9.9772E-05 0.930655 9.9772E-05 9.9772E-05 9.9772E-05 9.9772E-05 9.9772E-05 9.9772E-05 9.9772E-05 9.9772E-05 0.0495648 9.9772E-05 9.9772E-05 9.9772E-05 9.9772E-05
0.0541756 9.98422E-05 0.0525746 9.98422E-05 9.98422E-05 0.209526 9.98422E-05 9.98422E-05 9.98422E-05 9.98422E-05 9.98422E-05 9.98422E-05 9.98422E-05 9.98422E-05 9.98422E-05 9.98422E-05 9.98422E-05 9.98422E-05 9.98422E-05 0.0873936 0.0415725 0.0488494 9.98422E-05 0.276015 0.0457561 0.00292799 0.153047 0.0263651 9.98422E-05
0.0230015 9.98159E-05 9.98159E-05 0.0821446 9.98159E-05 9.98159E-05 9.98159E-05 9.98159E-05 9.98159E-05 9.98159E-05 9.98159E-05 9.98159E-05 9.98159E-05 0.0446358 9.98159E-05 0.416756 9.98159E-05 9.98159E-05 0.0224105 9.98159E-05 0.00909656 0.0179379 9.98159E-05 0.381921 9.98159E-05 9.98159E-05 9.98159E-05 9.98159E-05 9.98159E-05
0.160853 0.184986 0.161805 0.0929457 9.98247E-05 9.98247E-05 9.98247E-05 9.98247E-05 9.98247E-05 9.98247E-05 9.98247E-05 9.98247E-05 9.98247E-05 9.98247E-05 9.98247E-05 0.14092 9.98247E-05 9.98247E-05 0.216534 9.98247E-05 9.98247E-05 9.98247E-05 0.00731189 0.0243356 9.98247E-05 9.98247E-05 9.98247E-05 0.00831325 9.98247E-05
9.98422E-05 0.11007 9.98422E-05 9.98422E-05 9.98422E-05 0.0262406 0.0547269 9.98422E-05 9.98422E-05 9.98422E-05 9.98422E-05 9.98422E-05 9.98422E-05 0.0791756 9.98422E-05 9.98422E-05 0.094709 9.98422E-05 9.98422E-05 9.98422E-05 9.98422E-05 0.0159264 9.98422E-05 0.280586 0.0261254 0.101639 0.163296 0.0457083 9.98422E-05
0.00391752 0.115512 0.00644176 0.0518653 9.98509E-05 9.98509E-05 9.98509E-05 9.98509E-05 9.98509E-05 9.98509E-05 9.98509E-05 0.167282 9.98509E-05 9.98509E-05 0.0109639 9.98509E-05 9.98509E-05 9.98509E-05 0.121712 9.98509E-05 0.0270862 0.0865257 0.0758044 0.181737 9.98509E-05 9.98509E-05 0.149454 9.98509E-05 9.98509E-05
9.98158E-05 9.98158E-05 9.98158E-05 9.98158E-05 9.98158E-05 9.98158E-05 0.138859 9.98158E-05 0.0142381 9.98158E-05 9.98158E-05 9.98158E-05 9.98158E-05 9.98158E-05 9.98158E-05 9.98158E-05 9.98158E-05 9.98158E-05 0.271792 9.98158E-05 9.98158E-05 0.0646069 0.0217211 0.239113 0.210904 9.98158E-05 0.0366697 9.98158E-05 9.98158E-05
9.97808E-05 9.97808E-05 9.97808E-05 9.97808E-05 9.97808E-05 9.97808E-05 9.97808E-05 9.97808E-05 9.97808E-05 9.97808E-05 9.97808E-05 9.97808E-05 9.97808E-05 9.97808E-05 9.97808E-05 0.309975 9.97808E-05 0.0192471 9.97808E-05 9.97808E-05 9.97808E-05 9.97808E-05 9.97808E-05 0.586664 0.0816194 9.97808E-05 9.97808E-05 9.97808E-05 9.97808E-05
9.98071E-05 0.0315697 0.020008 9.98071E-05 9.98071E-05 9.98071E-05 9.98071E-05 9.98071E-05 9.98071E-05 9.98071E-05 9.98071E-05 9.98071E-05 9.98071E-05 9.98071E-05 9.98071E-05 9.98071E-05 9.98071E-05 9.98071E-05 0.0527632 9.98071E-05 9.98071E-05 9.98071E-05 9.98071E-05 0.502942 0.200024 0.104081 0.0864165 9.98071E-05 9.98071E-05
0.0184478 9.97895E-05 9.97895E-05 9.97895E-05 9.97895E-05 0.0586544 9.97895E-05 9.97895E-05 9.97895E-05 9.97895E-05 9.97895E-05 9.97895E-05 9.97895E-05 9.97895E-05 9.97895E-05 0.863296 9.97895E-05 9.97895E-05 9.97895E-05 9.97895E-05 0.0147926 9.97895E-05 9.97895E-05 9.97895E-05 9.97895E-05 0.0424144 9.97895E-05 9.97895E-05 9.97895E-05
9.97718E-05 9.97718E-05 9.97718E-05 9.97718E-05 9.97718E-05 9.97718E-05 9.97718E-05 9.97718E-05 9.97718E-05 9.97718E-05 9.97718E-05 9.97718E-05 9.97718E-05 9.97718E-05 9.97718E-05 9.97718E-05 9.97718E-05 9.97718E-05 9.97718E-05 9.97718E-05 9.97718E-05 9.97718E-05 9.97718E-05 0.883382 0.0553192 9.97718E-05 0.0587051 9.97718E-05 9.97718E-05
9.98071E-05 9.98071E-05 9.98071E-05 0.0509912 0.206497 9.98071E-05 9.98071E-05 9.98071E-05 0.0405038 0.0193442 9.98071E-05 9.98071E-05 9.98071E-05 9.98071E-05 9.98071E-05 9.98071E-05 9.98071E-05 9.98071E-05 9.98071E-05 9.98071E-05 9.98071E-05 9.98071E-05 9.98071E-05 0.609233 0.0483008 0.0229342 9.98071E-05 9.98071E-05 9.98071E-05
9.98333E-05 0.172545 0.0605162 9.98333E-05 9.98333E-05 9.98333E-05 9.98333E-05 9.98333E-05 0.0632856 0.0309443 9.98333E-05 9.98333E-05 0.153049 9.98333E-05 9.98333E-05 0.0524961 9.98333E-05 9.98333E-05 0.111772 9.98333E-05 9.98333E-05 9.98333E-05 9.98333E-05 0.161713 0.109949 9.98333E-05 9.98333E-05 9.98333E-05 0.0818318
9.98421E-05 0.233421 0.0734709 9.98421E-05 9.98421E-05 0.00156797 9.98421E-05 9.98421E-05 9.98421E-05 0.0125284 9.98421E-05 0.186855 9.98421E-05 9.98421E-05 0.0573767 0.148066 9.98421E-05 9.98421E-05 0.122538 9.98421E-05 9.98421E-05 9.98421E-05 9.98421E-05 0.0274539 0.0489305 9.98421E-05 0.0859946 9.98421E-05 9.98421E-05
9.98071E-05 9.98071E-05 9.98071E-05 9.98071E-05 9.98071E-05 9.98071E-05 9.98071E-05 0.210645 9.98071E-05 9.98071E-05 9.98071E-05 9.98071E-05 9.98071E-05 0.1153 0.0381904 0.533698 9.98071E-05 9.98071E-05 9.98071E-05 9.98071E-05 9.98071E-05 9.98071E-05 9.98071E-05 9.98071E-05 0.0866864 0.00759365 9.98071E-05 0.00569049 9.98071E-05
9.9807E-05 0.258097 9.9807E-05 9.9807E-05 9.9807E-05 9.9807E-05 9.9807E-05 9.9807E-05 9.9807E-05 9.9807E-05 9.9807E-05 9.9807E-05 9.9807E-05 9.9807E-05 9.9807E-05 9.9807E-05 9.9807E-05 0.176799 9.9807E-05 0.104288 9.9807E-05 0.101935 9.9807E-05 0.132959 0.137911 9.9807E-05 0.0858159 9.9807E-05 9.9807E-05
0.133925 9.98069E-05 9.98069E-05 9.98069E-05 9.98069E-05 9.98069E-05 9.98069E-05 9.98069E-05 9.98069E-05 0.0704994 9.98069E-05 9.98069E-05 9.98069E-05 9.98069E-05 9.98069E-05 9.98069E-05 9.98069E-05 9.98069E-05 0.0582474 9.98069E-05 9.98069E-05 9.98069E-05 9.98069E-05 0.334916 0.198041 0.0013643 0.200811 9.98069E-05 9.98069E-05
9.9772E-05 9.9772E-05 9.9772E-05 9.9772E-05 9.9772E-05 9.9772E-05 9.9772E-05 9.9772E-05 9.9772E-05 9.9772E-05 9.9772E-05 9.9772E-05 9.9772E-05 9.9772E-05 9.9772E-05 0.0179137 9.9772E-05 9.9772E-05 9.9772E-05 0.0143859 9.9772E-05 9.9772E-05 9.9772E-05 0.965106 9.9772E-05 9.9772E-05 9.9772E-05 9.9772E-05 9.9772E-05
9.98244E-05 9.98244E-05 9.98244E-05 9.98244E-05 9.98244E-05 0.0770081 9.98244E-05 9.98244E-05 9.98244E-05 9.98244E-05 9.98244E-05 0.144021 9.98244E-05 9.98244E-05 9.98244E-05 9.98244E-05 9.98244E-05 9.98244E-05 0.069421 9.98244E-05 0.00282155 0.143096 9.98244E-05 0.522709 0.0321661 0.00354746 0.00321333 9.98244E-05 9.98244E-05
0.115614 9.98247E-05 9.98247E-05 0.0162385 9.98247E-05 9.98247E-05 9.98247E-05 9.98247E-05 9.98247E-05 0.0413078 0.020533 9.98247E-05 9.98247E-05 9.98247E-05 9.98247E-05 0.253796 9.98247E-05 9.98247E-05 0.138602 9.98247E-05 0.0520926 9.98247E-05 9.98247E-05 9.98247E-05 9.98247E-05 9.98247E-05 0.351917 0.00790162 9.98247E-05
9.97896E-05 0.159281 0.0396733 9.97896E-05 9.97896E-05 9.97896E-05 9.97896E-05 9.97896E-05 9.97896E-05 9.97896E-05 9.97896E-05 9.97896E-05 9.97896E-05 9.97896E-05 9.97896E-05 9.97896E-05 9.97896E-05 9.97896E-05 9.97896E-05 9.97896E-05 9.97896E-05 9.97896E-05 9.97896E-05 0.702008 0.0790224 0.0176198 9.97896E-05 9.97896E-05 9.97896E-05
9.97984E-05 9.97984E-05 9.97984E-05 9.97984E-05 9.97984E-05 9.97984E-05 0.0619686 9.97984E-05 9.97984E-05 9.97984E-05 9.97984E-05 0.0558665 9.97984E-05 9.97984E-05 9.97984E-05 9.97984E-05 9.97984E-05 9.97984E-05 9.97984E-05 9.97984E-05 9.97984E-05 9.97984E-05 9.97984E-05 0.272684 0.23665 9.97984E-05 0.230869 9.97984E-05 0.139667
9.98244E-05 9.98244E-05 0.158561 9.98244E-05 9.98244E-05 0.0834673 9.98244E-05 9.98244E-05 9.98244E-05 0.135662 9.98244E-05 9.98244E-05 9.98244E-05 9.98244E-05 9.98244E-05 0.0383543 9.98244E-05 9.98244E-05 0.0141813 9.98244E-05 9.98244E-05 9.98244E-05 9.98244E-05 0.247797 0.259869 0.00839729 0.0517143 9.98244E-05 9.98244E-05
9.9807E-05 9.9807E-05 0.016038 9.9807E-05 9.9807E-05 0.115783 9.9807E-05 9.9807E-05 9.9807E-05 9.9807E-05 9.9807E-05 9.9807E-05 0.0660397 9.9807E-05 9.9807E-05 0.407408 9.9807E-05 9.9807E-05 9.9807E-05 9.9807E-05 9.9807E-05 9.9807E-05 9.9807E-05 0.264934 0.0901805 9.9807E-05 0.0374207 9.9807E-05 9.9807E-05
9.9807E-05 9.9807E-05 0.232492 9.9807E-05 9.9807E-05 9.9807E-05 9.9807E-05 9.9807E-05 9.9807E-05 9.9807E-05 9.9807E-05 0.0451937 9.9807E-05 9.9807E-05 9.9807E-05 9.9807E-05 9.9807E-05 0.128448 9.9807E-05 9.9807E-05 9.9807E-05 9.9807E-05 9.9807E-05 0.010064 0.0466611 9.9807E-05 0.217047 9.9807E-05 0.317899
0.00806109 9.97896E-05 9.97896E-05 9.97896E-05 9.97896E-05 0.0802022 9.97896E-05 9.97896E-05 9.97896E-05 9.97896E-05 9.97896E-05 9.97896E-05 9.97896E-05 9.97896E-05 9.97896E-05 9.97896E-05 9.97896E-05 9.97896E-05 9.97896E-05 9.97896E-05 9.97896E-05 9.97896E-05 9.97896E-05 0.849965 0.0242174 9.97896E-05 0.0351591 9.97896E-05 9.97896E-05
9.97897E-05 9.97897E-05 9.97897E-05 9.97897E-05 9.97897E-05 9.97897E-05 0.00329263 9.97897E-05 9.97897E-05 9.97897E-05 9.97897E-05 9.97897E-05 9.97897E-05 9.97897E-05 9.97897E-05 0.277096 9.97897E-05 9.97897E-05 9.97897E-05 9.97897E-05 9.97897E-05 9.97897E-05 9.97897E-05 0.218797 0.196696 9.97897E-05 9.97897E-05 9.97897E-05 0.301723
0.0578551 9.97983E-05 9.97983E-05 9.97983E-05 9.97983E-05 9.97983E-05 0.0491901 9.97983E-05 9.97983E-05 0.055124 9.97983E-05 9.97983E-05 0.315691 9.97983E-05 9.97983E-05 0.248129 9.97983E-05 9.97983E-05 9.97983E-05 9.97983E-05 9.97983E-05 9.97983E-05 9.97983E-05 0.271715 9.97983E-05 9.97983E-05 9.97983E-05 9.97983E-05 9.97983E-05
9.97895E-05 0.0167324 9.97895E-05 9.97895E-05 9.97895E-05 9.97895E-05 9.97895E-05 9.97895E-05 9.97895E-05 0.071267 9.97895E-05 9.97895E-05 9.97895E-05 9.97895E-05 9.97895E-05 9.97895E-05 9.97895E-05 9.97895E-05 9.97895E-05 9.97895E-05 9.97895E-05 9.97895E-05 9.97895E-05 0.708627 9.97895E-05 0.0577195 9.97895E-05 9.97895E-05 0.14326
0.0173719 9.98423E-05 0.135464 9.98423E-05 9.98423E-05 0.0621868 9.98423E-05 0.0682195 9.98423E-05 0.0122946 9.98423E-05 9.98423E-05 9.98423E-05 9.98423E-05 9.98423E-05 9.98423E-05 0.00555366 9.98423E-05 0.01007 0.00389055 9.98423E-05 9.98423E-05 9.98423E-05 0.552065 0.112012 0.0190744 9.98423E-05 9.98423E-05 9.98423E-05
9.98246E-05 0.153292 0.00156517 9.98246E-05 9.98246E-05 0.0171143 9.98246E-05 9.98246E-05 9.98246E-05 9.98246E-05 9.98246E-05 0.0486539 9.98246E-05 9.98246E-05 9.98246E-05 0.120144 9.98246E-05 9.98246E-05 9.98246E-05 9.98246E-05 9.98246E-05 9.98246E-05 9.98246E-05 0.350613 0.188859 0.0373932 0.0803688 9.98246E-05 9.98246E-05
0.0401976 9.9842E-05 0.126024 9.9842E-05 0.066759 9.9842E-05 0.000906586 9.9842E-05 9.9842E-05 9.9842E-05 9.9842E-05 0.0161973 9.9842E-05 9.9842E-05 9.9842E-05 0.518681 9.9842E-05 0.0450846 9.9842E-05 9.9842E-05 9.9842E-05 9.9842E-05 9.9842E-05 9.9842E-05 0.107603 0.0059289 0.0187086 9.9842E-05 0.0521125
9.97985E-05 9.97985E-05 9.97985E-05 9.97985E-05 9.97985E-05 9.97985E-05 9.97985E-05 9.97985E-05 9.97985E-05 9.97985E-05 9.97985E-05 9.97985E-05 9.97985E-05 9.97985E-05 9.97985E-05 9.97985E-05 9.97985E-05 9.97985E-05 0.00345495 0.0468281 9.97985E-05 9.97985E-05 9.97985E-05 0.84892 0.0106374 9.97985E-05 9.97985E-05 0.0170382 0.0708257
9.97898E-05 9.97898E-05 9.97898E-05 9.97898E-05 9.97898E-05 0.216697 0.00201414 9.97898E-05 9.97898E-05 9.97898E-05 0.0796957 9.97898E-05 9.97898E-05 9.97898E-05 9.97898E-05 9.97898E-05 9.97898E-05 9.97898E-05 9.97898E-05 9.97898E-05 9.97898E-05 9.97898E-05 9.97898E-05 0.630066 9.97898E-05 9.97898E-05 0.0691327 9.97898E-05 9.97898E-05
0.0573744 9.97809E-05 9.97809E-05 9.97809E-05 9.97809E-05 9.97809E-05 9.97809E-05 9.97809E-05 9.97809E-05 9.97809E-05 9.97809E-05 9.97809E-05 9.97809E-05 9.97809E-05 9.97809E-05 9.97809E-05 0.0209438 9.97809E-05 9.97809E-05 9.97809E-05 9.97809E-05 9.97809E-05 9.97809E-05 0.910736 9.97809E-05 9.97809E-05 9.97809E-05 0.00845146 9.97809E-05
9.97983E-05 9.97983E-05 9.97983E-05 9.97983E-05 9.97983E-05 0.0551391 9.97983E-05 9.97983E-05 9.97983E-05 9.97983E-05 9.97983E-05 9.97983E-05 9.97983E-05 9.97983E-05 9.97983E-05 0.702247 9.97983E-05 9.97983E-05 0.130862 0.0118247 9.97983E-05 9.97983E-05 9.97983E-05 9.97983E-05 0.0412371 9.97983E-05 9.97983E-05 0.056395 9.97983E-05
9.98072E-05 9.98072E-05 9.98072E-05 0.0374183 9.98072E-05 9.98072E-05 9.98072E-05 9.98072E-05 9.98072E-05 9.98072E-05 9.98072E-05 9.98072E-05 0.148388 9.98072E-05 9.98072E-05 0.565542 9.98072E-05 9.98072E-05 9.98072E-05 9.98072E-05 9.98072E-05 9.98072E-05 9.98072E-05 9.98072E-05 0.135279 0.0227274 0.0263184 0.0621309 9.98072E-05
0.0885353 9.97984E-05 0.103996 9.97984E-05 9.97984E-05 9.97984E-05 9.97984E-05 9.97984E-05 9.97984E-05 9.97984E-05 9.97984E-05 0.0435151 9.97984E-05 9.97984E-05 9.97984E-05 0.664082 9.97984E-05 9.97984E-05 9.97984E-05 9.97984E-05 9.97984E-05 9.97984E-05 9.97984E-05 9.97984E-05 0.0656921 0.0318846 9.97984E-05 9.97984E-05 9.97984E-05
0.00966333 9.97894E-05 9.97894E-05 9.97894E-05 9.97894E-05 9.97894E-05 9.97894E-05 9.97894E-05 9.97894E-05 9.97894E-05 0.18596 9.97894E-05 9.97894E-05 9.97894E-05 9.97894E-05 0.688978 9.97894E-05 9.97894E-05 9.97894E-05 9.97894E-05 9.97894E-05 9.97894E-05 9.97894E-05 9.97894E-05 0.0430923 9.97894E-05 0.0699112 9.97894E-05 9.97894E-05
9.97723E-05 9.97723E-05 9.97723E-05 9.97723E-05 9.97723E-05 9.97723E-05 9.97723E-05 9.97723E-05 9.97723E-05 9.97723E-05 9.97723E-05 9.97723E-05 9.97723E-05 9.97723E-05 9.97723E-05 0.609385 9.97723E-05 9.97723E-05 9.97723E-05 9.97723E-05 9.97723E-05 9.97723E-05 9.97723E-05 9.97723E-05 9.97723E-05 9.97723E-05 0.082231 9.97723E-05 0.30579
0.0688535 9.97808E-05 9.97808E-05 9.97808E-05 9.97808E-05 9.97808E-05 9.97808E-05 9.97808E-05 9.97808E-05 9.97808E-05 0.105394 9.97808E-05 0.0752223 9.97808E-05 9.97808E-05 9.97808E-05 9.97808E-05 9.97808E-05 9.97808E-05 9.97808E-05 9.97808E-05 9.97808E-05 9.97808E-05 0.748035 9.97808E-05 9.97808E-05 9.97808E-05 9.97808E-05 9.97808E-05
9.98421E-05 0.0794121 9.98421E-05 9.98421E-05 9.98421E-05 0.0492193 0.0136431 9.98421E-05 9.98421E-05 9.98421E-05 9.98421E-05 9.98421E-05 9.98421E-05 9.98421E-05 9.98421E-05 0.108604 9.98421E-05 9.98421E-05 0.0913032 0.0495123 9.98421E-05 9.98421E-05 9.98421E-05 0.256697 0.11579 0.0863835 0.130294 0.0173448 9.98421E-05
0.0556611 9.97986E-05 9.97986E-05 9.97986E-05 9.97986E-05 9.97986E-05 9.97986E-05 9.97986E-05 9.97986E-05 9.97986E-05 9.97986E-05 9.97986E-05 9.97986E-05 0.162522 9.97986E-05 0.154126 9.97986E-05 9.97986E-05 9.97986E-05 9.97986E-05 9.97986E-05 9.97986E-05 9.97986E-05 0.100571 0.135347 9.97986E-05 0.389478 9.97986E-05 9.97986E-05
0.0192803 9.97981E-05 9.97981E-05 9.97981E-05 9.97981E-05 0.0330277 9.97981E-05 9.97981E-05 9.97981E-05 9.97981E-05 9.97981E-05 9.97981E-05 9.97981E-05 0.0514224 9.97981E-05 0.837285 9.97981E-05 9.97981E-05 9.97981E-05 0.0428319 9.97981E-05 9.97981E-05 9.97981E-05 9.97981E-05 0.0138572 9.97981E-05 9.97981E-05 9.97981E-05 9.97981E-05
9.97897E-05 9.97897E-05 9.97897E-05 9.97897E-05 9.97897E-05 0.0132669 9.97897E-05 9.97897E-05 9.97897E-05 9.97897E-05 9.97897E-05 9.97897E-05 9.97897E-05 9.97897E-05 9.97897E-05 9.97897E-05 9.97897E-05 0.010249 0.0379028 9.97897E-05 9.97897E-05 9.97897E-05 9.97897E-05 0.863786 0.0723998 9.97897E-05 9.97897E-05 9.97897E-05 9.97897E-05
9.97544E-05 9.97544E-05 9.97544E-05 9.97544E-05 9.97544E-05 9.97544E-05 9.97544E-05 9.97544E-05 9.97544E-05 9.97544E-05 9.97544E-05 9.97544E-05 9.97544E-05 9.97544E-05 9.97544E-05 0.997207 9.97544E-05 9.97544E-05 9.97544E-05 9.97544E-05 9.97544E-05 9.97544E-05 9.97544E-05 9.97544E-05 9.97544E-05 9.97544E-05 9.97544E-05 9.97544E-05 9.97544E-05
9.98068E-05 9.98068E-05 9.98068E-05 9.98068E-05 9.98068E-05 9.98068E-05 9.98068E-05 9.98068E-05 9.98068E-05 9.98068E-05 9.98068E-05 9.98068E-05 9.98068E-05 9.98068E-05 9.98068E-05 0.295425 9.98068E-05 9.98068E-05 9.98068E-05 9.98068E-05 0.0374175 9.98068E-05 9.98068E-05 0.293392 0.0358733 0.0140942 0.155804 9.98068E-05 0.165799
0.072458 9.98163E-05 9.98163E-05 0.0199638 9.98163E-05 9.98163E-05 9.98163E-05 9.98163E-05 9.98163E-05 9.98163E-05 9.98163E-05 9.98163E-05 9.98163E-05 9.98163E-05 9.98163E-05 0.589668 0.121391 9.98163E-05 0.0449401 9.98163E-05 9.98163E-05 9.98163E-05 9.98163E-05 0.118387 9.98163E-05 0.00894185 0.0221543 9.98163E-05 9.98163E-05
9.98331E-05 9.98331E-05 0.125847 9.98331E-05 9.98331E-05 9.98331E-05 0.029139 9.98331E-05 9.98331E-05 9.98331E-05 9.98331E-05 9.98331E-05 9.98331E-05 0.0173338 9.98331E-05 9.98331E-05 9.98331E-05 9.98331E-05 0.0455206 9.98331E-05 0.0835677 9.98331E-05 9.98331E-05 0.360165 0.161559 0.0934693 0.0108844 9.98331E-05 0.0706168
9.9816E-05 9.9816E-05 9.9816E-05 9.9816E-05 9.9816E-05 0.0784551 0.0597219 9.9816E-05 9.9816E-05 9.9816E-05 0.00440078 9.9816E-05 9.9816E-05 9.9816E-05 9.9816E-05 0.236179 9.9816E-05 9.9816E-05 0.03052 9.9816E-05 9.9816E-05 0.0607605 9.9816E-05 0.304195 9.9816E-05 9.9816E-05 0.223672 9.9816E-05 9.9816E-05
9.97984E-05 9.97984E-05 9.97984E-05 9.97984E-05 9.97984E-05 9.97984E-05 9.97984E-05 9.97984E-05 9.97984E-05 0.0152259 9.97984E-05 9.97984E-05 9.97984E-05 9.97984E-05 9.97984E-05 0.870755 9.97984E-05 0.0255369 9.97984E-05 9.97984E-05 9.97984E-05 9.97984E-05 9.97984E-05 9.97984E-05 0.0488288 9.97984E-05 0.0213987 0.0159596 9.97984E-05
9.9816E-05 9.9816E-05 9.9816E-05 0.0249072 9.9816E-05 9.9816E-05 9.9816E-05 9.9816E-05 9.9816E-05 9.9816E-05 9.9816E-05 0.132526 9.9816E-05 9.9816E-05 9.9816E-05 0.706856 0.0599492 9.9816E-05 0.0181404 0.0177306 9.9816E-05 9.9816E-05 9.9816E-05 9.9816E-05 0.0181169 0.0196775 9.9816E-05 9.9816E-05 9.9816E-05
9.97986E-05 9.97986E-05 9.97986E-05 9.97986E-05 9.97986E-05 9.97986E-05 9.97986E-05 9.97986E-05 0.0131748 0.0956756 9.97986E-05 9.97986E-05 0.0295617 9.97986E-05 9.97986E-05 0.321418 9.97986E-05 9.97986E-05 9.97986E-05 9.97986E-05 9.97986E-05 9.97986E-05 9.97986E-05 0.432019 0.105856 9.97986E-05 9.97986E-05 9.97986E-05 9.97986E-05
0.0597634 0.0696189 0.0944329 9.97984E-05 9.97984E-05 9.97984E-05 9.97984E-05 9.97984E-05 9.97984E-05 9.97984E-05 9.97984E-05 9.97984E-05 9.97984E-05 9.97984E-05 9.97984E-05 0.729711 9.97984E-05 9.97984E-05 9.97984E-05 0.0256289 9.97984E-05 9.97984E-05 9.97984E-05 9.97984E-05 9.97984E-05 0.0185491 9.97984E-05 9.97984E-05 9.97984E-05
0.0450166 9.98071E-05 9.98071E-05 9.98071E-05 9.98071E-05 9.98071E-05 9.98071E-05 9.98071E-05 9.98071E-05 9.98071E-05 0.0798897 9.98071E-05 9.98071E-05 9.98071E-05 9.98071E-05 0.61401 9.98071E-05 0.15345 9.98071E-05 9.98071E-05 9.98071E-05 9.98071E-05 0.018847 9.98071E-05 0.0576931 9.98071E-05 9.98071E-05 0.0288978 9.98071E-05
9.9781E-05 9.9781E-05 9.9781E-05 9.9781E-05 9.9781E-05 9.9781E-05 9.9781E-05 9.9781E-05 9.9781E-05 9.9781E-05 9.9781E-05 9.9781E-05 9.9781E-05 0.03352 9.9781E-05 9.9781E-05 9.9781E-05 9.9781E-05 9.9781E-05 9.9781E-05 9.9781E-05 9.9781E-05 9.9781E-05 0.872816 0.088799 0.00237028 9.9781E-05 9.9781E-05 9.9781E-05
9.97807E-05 9.97807E-05 9.97807E-05 9.97807E-05 9.97807E-05 9.97807E-05 9.97807E-05 9.97807E-05 9.97807E-05 9.97807E-05 9.97807E-05 9.97807E-05 9.97807E-05 9.97807E-05 9.97807E-05 0.0203893 9.97807E-05 9.97807E-05 9.97807E-05 9.97807E-05 0.0494608 9.97807E-05 0.0738311 0.853824 9.97807E-05 9.97807E-05 9.97807E-05 9.97807E-05 9.97807E-05
9.98069E-05 0.662183 9.98069E-05 9.98069E-05 9.98069E-05 9.98069E-05 9.98069E-05 9.98069E-05 9.98069E-05 9.98069E-05 0.0178259 9.98069E-05 9.98069E-05 9.98069E-05 9.98069E-05 9.98069E-05 9.98069E-05 0.00472475 9.98069E-05 9.98069E-05 9.98069E-05 9.98069E-05 0.125387 9.98069E-05 0.072608 9.98069E-05 0.102595 0.0124806 9.98069E-05
0.00589475 0.889982 9.97898E-05 9.97898E-05 9.97898E-05 9.97898E-05 0.0586579 9.97898E-05 0.00701715 9.97898E-05 9.97898E-05 9.97898E-05 9.97898E-05 9.97898E-05 9.97898E-05 9.97898E-05 9.97898E-05 9.97898E-05 9.97898E-05 9.97898E-05 9.97898E-05 9.97898E-05 9.97898E-05 9.97898E-05 9.97898E-05 9.97898E-05 9.97898E-05 9.97898E-05 0.0360533
9.97808E-05 0.777891 9.97808E-05 9.97808E-05 9.97808E-05 9.97808E-05 9.97808E-05 9.97808E-05 9.97808E-05 9.97808E-05 9.97808E-05 9.97808E-05 0.0748755 9.97808E-05 9.97808E-05 9.97808E-05 0.0453337 0.0994056 9.97808E-05 9.97808E-05 9.97808E-05 9.97808E-05 9.97808E-05 9.97808E-05 9.97808E-05 9.97808E-05 9.97808E-05 9.97808E-05 9.97808E-05
9.97985E-05 0.285036 0.12485 9.97985E-05 9.97985E-05 9.97985E-05 9.97985E-05 9.97985E-05 9.97985E-05 9.97985E-05 0.0182492 9.97985E-05 9.97985E-05 9.97985E-05 9.97985E-05 9.97985E-05 0.0815441 9.97985E-05 0.131425 9.97985E-05 9.97985E-05 9.97985E-05 9.97985E-05 9.97985E-05 9.97985E-05 9.97985E-05 9.97985E-05 0.3566 9.97985E-05
9.98154E-05 0.717966 9.98154E-05 0.0188712 9.98154E-05 9.98154E-05 9.98154E-05 9.98154E-05 9.98154E-05 9.98154E-05 9.98154E-05 9.98154E-05 9.98154E-05 9.98154E-05 9.98154E-05 9.98154E-05 0.0276612 0.0198628 0.0508895 0.0494198 9.98154E-05 9.98154E-05 9.98154E-05 9.98154E-05 0.0246843 9.98154E-05 0.0885489 9.98154E-05 9.98154E-05
9.98154E-05 0.658049 9.98154E-05 9.98154E-05 9.98154E-05 9.98154E-05 0.00599361 9.98154E-05 0.0268377 9.98154E-05 9.98154E-05 9.98154E-05 9.98154E-05 9.98154E-05 0.0461157 9.98154E-05 9.98154E-05 9.98154E-05 0.040247 9.98154E-05 9.98154E-05 9.98154E-05 0.0184205 9.98154E-05 0.128405 9.98154E-05 0.0738359 9.98154E-05 9.98154E-05
9.97981E-05 0.504667 9.97981E-05 9.97981E-05 9.97981E-05 0.0875778 9.97981E-05 9.97981E-05 9.97981E-05 9.97981E-05 0.0120275 9.97981E-05 9.97981E-05 9.97981E-05 9.97981E-05 9.97981E-05 9.97981E-05 9.97981E-05 9.97981E-05 9.97981E-05 9.97981E-05 9.97981E-05 9.97981E-05 9.97981E-05 0.13783 0.0253842 9.97981E-05 0.230218 9.97981E-05
9.97981E-05 0.627269 0.0364647 9.97981E-05 9.97981E-05 9.97981E-05 9.97981E-05 9.97981E-05 9.97981E-05 9.97981E-05 9.97981E-05 9.97981E-05 9.97981E-05 9.97981E-05 9.97981E-05 9.97981E-05 9.97981E-05 0.148145 0.0293003 9.97981E-05 9.97981E-05 9.97981E-05 9.97981E-05 9.97981E-05 0.0803768 9.97981E-05 9.97981E-05 0.0761495 9.97981E-05
9.97809E-05 0.824663 9.97809E-05 9.97809E-05 9.97809E-05 9.97809E-05 0.00524427 9.97809E-05 9.97809E-05 9.97809E-05 0.123636 9.97809E-05 9.97809E-05 9.97809E-05 9.97809E-05 9.97809E-05 9.97809E-05 9.97809E-05 9.97809E-05 9.97809E-05 9.97809E-05 9.97809E-05 9.97809E-05 9.97809E-05 9.97809E-05 9.97809E-05 9.97809E-05 0.0439627 9.97809E-05
9.97806E-05 0.910737 9.97806E-05 9.97806E-05 9.97806E-05 0.00380008 9.97806E-05 9.97806E-05 9.97806E-05 9.97806E-05 9.97806E-05 9.97806E-05 9.97806E-05 9.97806E-05 0.011419 9.97806E-05 9.97806E-05 9.97806E-05 9.97806E-05 9.97806E-05 9.97806E-05 9.97806E-05 9.97806E-05 9.97806E-05 9.97806E-05 0.0715496 9.97806E-05 9.97806E-05 9.97806E-05
0.0347091 0.532596 9.97978E-05 9.97978E-05 9.97978E-05 9.97978E-05 9.97978E-05 9.97978E-05 9.97978E-05 9.97978E-05 9.97978E-05 9.97978E-05 9.97978E-05 0.0306173 9.97978E-05 9.97978E-05 9.97978E-05 9.97978E-05 0.0480051 9.97978E-05 9.97978E-05 9.97978E-05 9.97978E-05 9.97978E-05 0.189381 0.162396 9.97978E-05 9.97978E-05 9.97978E-05
0.0440668 0.440525 9.98422E-05 9.98422E-05 9.98422E-05 0.171836 9.98422E-05 9.98422E-05 0.0230327 9.98422E-05 9.98422E-05 0.00998826 9.98422E-05 9.98422E-05 0.0160409 9.98422E-05 0.00493628 9.98422E-05 9.98422E-05 9.98422E-05 9.98422E-05 9.98422E-05 9.98422E-05 9.98422E-05 0.106371 0.0247939 0.145515 0.0110977 9.98422E-05
9.98068E-05 0.480864 0.0733949 9.98068E-05 9.98068E-05 9.98068E-05 9.98068E-05 9.98068E-05 9.98068E-05 9.98068E-05 9.98068E-05 0.019644 9.98068E-05 9.98068E-05 0.0674385 9.98068E-05 9.98068E-05 9.98068E-05 0.109746 9.98068E-05 0.240774 9.98068E-05 9.98068E-05 9.98068E-05 9.98068E-05 0.00594283 9.98068E-05 9.98068E-05 9.98068E-05
0.0195984 0.543728 9.97981E-05 9.97981E-05 9.97981E-05 9.97981E-05 9.97981E-05 9.97981E-05 9.97981E-05 9.97981E-05 9.97981E-05 9.97981E-05 9.97981E-05 9.97981E-05 9.97981E-05 9.97981E-05 9.97981E-05 9.97981E-05 9.97981E-05 9.97981E-05 0.00663853 9.97981E-05 9.97981E-05 9.97981E-05 0.189952 9.97981E-05 0.182313 0.0554747 9.97981E-05
9.97635E-05 0.784467 9.97635E-05 9.97635E-05 9.97635E-05 9.97635E-05 9.97635E-05 9.97635E-05 9.97635E-05 9.97635E-05 0.21284 9.97635E-05 9.97635E-05 9.97635E-05 9.97635E-05 9.97635E-05 9.97635E-05 9.97635E-05 9.97635E-05 9.97635E-05 9.97635E-05 9.97635E-05 9.97635E-05 9.97635E-05 9.97635E-05 9.97635E-05 9.97635E-05 9.97635E-05 9.97635E-05
9.9781E-05 0.917971 9.9781E-05 9.9781E-05 9.9781E-05 0.0484641 9.9781E-05 9.9781E-05 9.9781E-05 9.9781E-05 9.9781E-05 9.9781E-05 9.9781E-05 9.9781E-05 9.9781E-05 9.9781E-05 9.9781E-05 9.9781E-05 9.9781E-05 9.9781E-05 9.9781E-05 9.9781E-05 9.9781E-05 9.9781E-05 0.0129793 9.9781E-05 9.9781E-05 9.9781E-05 0.0180914
0.0694241 0.598722 0.0779736 9.97893E-05 9.97893E-05 9.97893E-05 9.97893E-05 9.97893E-05 9.97893E-05 9.97893E-05 9.97893E-05 9.97893E-05 9.97893E-05 9.97893E-05 9.97893E-05 9.97893E-05 9.97893E-05 9.97893E-05 9.97893E-05 9.97893E-05 9.97893E-05 9.97893E-05 0.245177 9.97893E-05 0.00630831 9.97893E-05 9.97893E-05 9.97893E-05 9.97893E-05
0.0449626 0.616773 9.98068E-05 9.98068E-05 9.98068E-05 0.0352942 9.98068E-05 9.98068E-05 9.98068E-05 9.98068E-05 9.98068E-05 9.98068E-05 9.98068E-05 9.98068E-05 0.110117 9.98068E-05 9.98068E-05 9.98068E-05 0.0254787 9.98068E-05 9.98068E-05 9.98068E-05 9.98068E-05 9.98068E-05 9.98068E-05 0.0576963 0.107483 9.98068E-05 9.98068E-05
9.97633E-05 0.933199 9.97633E-05 9.97633E-05 9.97633E-05 9.97633E-05 9.97633E-05 9.97633E-05 9.97633E-05 9.97633E-05 9.97633E-05 9.97633E-05 9.97633E-05 9.97633E-05 9.97633E-05 9.97633E-05 9.97633E-05 9.97633E-05 9.97633E-05 9.97633E-05 9.97633E-05 9.97633E-05 9.97633E-05 9.97633E-05 9.97633E-05 0.0641071 9.97633E-05 9.97633E-05 9.97633E-05
9.9798E-05 0.556925 9.9798E-05 9.9798E-05 9.9798E-05 9.9798E-05 9.9798E-05 9.9798E-05 9.9798E-05 9.9798E-05 9.9798E-05 0.0962202 9.9798E-05 9.9798E-05 0.00565648 9.9798E-05 9.9798E-05 9.9798E-05 9.9798E-05 0.00587489 9.9798E-05 9.9798E-05 9.9798E-05 9.9798E-05 0.148252 9.9798E-05 9.9798E-05 9.9798E-05 0.184777
9.97725E-05 0.952566 9.97725E-05 9.97725E-05 9.97725E-05 9.97725E-05 9.97725E-05 9.97725E-05 9.97725E-05 9.97725E-05 9.97725E-05 9.97725E-05 0.0326936 9.97725E-05 9.97725E-05 9.97725E-05 0.012146 9.97725E-05 9.97725E-05 9.97725E-05 9.97725E-05 9.97725E-05 9.97725E-05 9.97725E-05 9.97725E-05 9.97725E-05 9.97725E-05 9.97725E-05 9.97725E-05
9.97717E-05 0.627666 9.97717E-05 9.97717E-05 9.97717E-05 9.97717E-05 9.97717E-05 9.97717E-05 9.97717E-05 9.97717E-05 9.97717E-05 9.97717E-05 9.97717E-05 9.97717E-05 9.97717E-05 9.97717E-05 9.97717E-05 9.97717E-05 9.97717E-05 9.97717E-05 9.97717E-05 9.97717E-05 9.97717E-05 9.97717E-05 9.97717E-05 9.97717E-05 0.150359 9.97717E-05 0.219381
9.98071E-05 0.636821 0.0531433 9.98071E-05 0.148587 9.98071E-05 9.98071E-05 9.98071E-05 0.024035 9.98071E-05 9.98071E-05 9.98071E-05 9.98071E-05 9.98071E-05 9.98071E-05 9.98071E-05 9.98071E-05 9.98071E-05 9.98071E-05 9.98071E-05 9.98071E-05 9.98071E-05 9.98071E-05 9.98071E-05 9.98071E-05 9.98071E-05 0.0204869 0.0456494 0.0690821
0.18325 0.615985 0.0224998 9.98246E-05 9.98246E-05 9.98246E-05 0.0125666 9.98246E-05 9.98246E-05 9.98246E-05 9.98246E-05 9.98246E-05 9.98246E-05 9.98246E-05 9.98246E-05 9.98246E-05 9.98246E-05 0.0142573 0.000911928 9.98246E-05 9.98246E-05 9.98246E-05 0.0263294 9.98246E-05 9.98246E-05 0.035692 9.98246E-05 9.98246E-05 0.0865122
9.97718E-05 0.801564 9.97718E-05 9.97718E-05 9.97718E-05 9.97718E-05 9.97718E-05 9.97718E-05 9.97718E-05 9.97718E-05 9.97718E-05 9.97718E-05 9.97718E-05 9.97718E-05 0.072881 9.97718E-05 9.97718E-05 9.97718E-05 9.97718E-05 9.97718E-05 9.97718E-05 9.97718E-05 9.97718E-05 9.97718E-05 9.97718E-05 0.12296 9.97718E-05 9.97718E-05 9.97718E-05
9.97723E-05 0.916721 9.97723E-05 9.97723E-05 9.97723E-05 9.97723E-05 9.97723E-05 9.97723E-05 9.97723E-05 9.97723E-05 9.97723E-05 9.97723E-05 0.0733977 9.97723E-05 9.97723E-05 9.97723E-05 9.97723E-05 9.97723E-05 0.00728745 9.97723E-05 9.97723E-05 9.97723E-05 9.97723E-05 9.97723E-05 9.97723E-05 9.97723E-05 9.97723E-05 9.97723E-05 9.97723E-05
9.97897E-05 0.857308 9.97897E-05 9.97897E-05 0.0154808 9.97897E-05 9.97897E-05 9.97897E-05 9.97897E-05 9.97897E-05 0.0586069 9.97897E-05 9.97897E-05 9.97897E-05 9.97897E-05 9.97897E-05 9.97897E-05 0.0030083 9.97897E-05 9.97897E-05 9.97897E-05 9.97897E-05 0.0632006 9.97897E-05 9.97897E-05 9.97897E-05 9.97897E-05 9.97897E-05 9.97897E-05
9.97547E-05 0.997207 9.97547E-05 9.97547E-05 9.97547E-05 9.97547E-05 9.97547E-05 9.97547E-05 9.97547E-05 9.97547E-05 9.97547E-05 9.97547E-05 9.97547E-05 9.97547E-05 9.97547E-05 9.97547E-05 9.97547E-05 9.97547E-05 9.97547E-05 9.97547E-05 9.97547E-05 9.97547E-05 9.97547E-05 9.97547E-05 9.97547E-05 9.97547E-05 9.97547E-05 9.97547E-05 9.97547E-05
9.97632E-05 0.919305 9.97632E-05 9.97632E-05 9.97632E-05 9.97632E-05 9.97632E-05 9.97632E-05 9.97632E-05 9.97632E-05 9.97632E-05 9.97632E-05 9.97632E-05 9.97632E-05 9.97632E-05 9.97632E-05 9.97632E-05 0.0780015 9.97632E-05 9.97632E-05 9.97632E-05 9.97632E-05 9.97632E-05 9.97632E-05 9.97632E-05 9.97632E-05 9.97632E-05 9.97632E-05 9.97632E-05
9.9781E-05 0.477638 9.9781E-05 9.9781E-05 0.310702 9.9781E-05 9.9781E-05 9.9781E-05 9.9781E-05 9.9781E-05 0.128052 9.9781E-05 9.9781E-05 9.9781E-05 9.9781E-05 9.9781E-05 9.9781E-05 9.9781E-05 9.9781E-05 9.9781E-05 9.9781E-05 9.9781E-05 9.9781E-05 9.9781E-05 0.0811125 9.9781E-05 9.9781E-05 9.9781E-05 9.9781E-05
9.9781E-05 9.9781E-05 0.745212 9.9781E-05 9.9781E-05 9.9781E-05 9.9781E-05 9.9781E-05 9.9781E-05 9.9781E-05 9.9781E-05 9.9781E-05 9.9781E-05 9.9781E-05 9.9781E-05 9.9781E-05 9.9781E-05 9.9781E-05 0.111926 9.9781E-05 9.9781E-05 0.0172452 9.9781E-05 9.9781E-05 0.123122 9.9781E-05 9.9781E-05 9.9781E-05 9.9781E-05
9.97809E-05 9.97809E-05 0.249011 9.97809E-05 0.269028 9.97809E-05 9.97809E-05 9.97809E-05 9.97809E-05 9.97809E-05 9.97809E-05 9.97809E-05 0.4542 9.97809E-05 9.97809E-05 9.97809E-05 9.97809E-05 9.97809E-05 0.0252667 9.97809E-05 9.97809E-05 9.97809E-05 9.97809E-05 9.97809E-05 9.97809E-05 9.97809E-05 9.97809E-05 9.97809E-05 9.97809E-05
9.97719E-05 9.97719E-05 0.878884 0.0250316 9.97719E-05 9.97719E-05 9.97719E-05 9.97719E-05 9.97719E-05 9.97719E-05 9.97719E-05 9.97719E-05 9.97719E-05 9.97719E-05 9.97719E-05 9.97719E-05 9.97719E-05 9.97719E-05 9.97719E-05 9.97719E-05 9.97719E-05 9.97719E-05 9.97719E-05 9.97719E-05 0.0934899 9.97719E-05 9.97719E-05 9.97719E-05 9.97719E-05
9.97805E-05 9.97805E-05 0.82098 9.97805E-05 9.97805E-05 9.97805E-05 9.97805E-05 9.97805E-05 9.97805E-05 9.97805E-05 9.97805E-05 9.97805E-05 9.97805E-05 9.97805E-05 9.97805E-05 9.97805E-05 9.97805E-05 0.00985815 0.0132236 9.97805E-05 9.97805E-05 9.97805E-05 9.97805E-05 9.97805E-05 0.153444 9.97805E-05 9.97805E-05 9.97805E-05 9.97805E-05
9.97981E-05 9.97981E-05 0.846437 0.0410807 9.97981E-05 9.97981E-05 0.0162664 9.97981E-05 9.97981E-05 9.97981E-05 9.97981E-05 9.97981E-05 9.97981E-05 9.97981E-05 9.97981E-05 9.97981E-05 9.97981E-05 0.0241161 9.97981E-05 9.97981E-05 9.97981E-05 9.97981E-05 0.0325666 9.97981E-05 0.0372374 9.97981E-05 9.97981E-05 9.97981E-05 9.97981E-05
9.98158E-05 9.98158E-05 0.59469 9.98158E-05 0.0950831 0.00362617 9.98158E-05 0.0236586 9.98158E-05 9.98158E-05 9.98158E-05 9.98158E-05 9.98158E-05 0.0442588 9.98158E-05 9.98158E-05 9.98158E-05 9.98158E-05 0.104499 9.98158E-05 9.98158E-05 9.98158E-05 9.98158E-05 9.98158E-05 0.11048 9.98158E-05 9.98158E-05 0.0216078 9.98158E-05
9.98157E-05 9.98157E-05 0.526331 9.98157E-05 0.18012 9.98157E-05 9.98157E-05 9.98157E-05 9.98157E-05 9.98157E-05 9.98157E-05 9.98157E-05 9.98157E-05 9.98157E-05 0.0200218 9.98157E-05 9.98157E-05 0.00894573 0.0402969 9.98157E-05 9.98157E-05 9.98157E-05 9.98157E-05 9.98157E-05 0.121048 0.0206342 0.0805071 9.98157E-05 9.98157E-05
9.97632E-05 9.97632E-05 0.805909 9.97632E-05 9.97632E-05 9.97632E-05 9.97632E-05 9.97632E-05 9.97632E-05 9.97632E-05 9.97632E-05 9.97632E-05 9.97632E-05 9.97632E-05 9.97632E-05 9.97632E-05 9.97632E-05 9.97632E-05 0.191397 9.97632E-05 9.97632E-05 9.97632E-05 9.97632E-05 9.97632E-05 9.97632E-05 9.97632E-05 9.97632E-05 9.97632E-05 9.97632E-05
9.98067E-05 9.98067E-05 0.335253 9.98067E-05 9.98067E-05 9.98067E-05 9.98067E-05 9.98067E-05 9.98067E-05 0.0134155 9.98067E-05 9.98067E-05 9.98067E-05 9.98067E-05 9.98067E-05 9.98067E-05 9.98067E-05 9.98067E-05 0.255257 9.98067E-05 9.98067E-05 9.98067E-05 9.98067E-05 9.98067E-05 0.0518622 0.0278976 9.98067E-05 0.233655 0.0804644
9.97895E-05 9.97895E-05 0.438494 9.97895E-05 9.97895E-05 9.97895E-05 9.97895E-05 9.97895E-05 9.97895E-05 9.97895E-05 9.97895E-05 9.97895E-05 9.97895E-05 0.0568227 9.97895E-05 9.97895E-05 9.97895E-05 9.97895E-05 0.189468 9.97895E-05 9.97895E-05 9.97895E-05 9.97895E-05 9.97895E-05 0.303977 9.97895E-05 0.00884336 9.97895E-05 9.97895E-05
0.0364266 9.97808E-05 0.331671 9.97808E-05 9.97808E-05 9.97808E-05 9.97808E-05 0.562613 9.97808E-05 9.97808E-05 9.97808E-05 9.97808E-05 9.97808E-05 9.97808E-05 9.97808E-05 9.97808E-05 9.97808E-05 9.97808E-05 9.97808E-05 9.97808E-05 9.97808E-05 9.97808E-05 9.97808E-05 9.97808E-05 9.97808E-05 9.97808E-05 9.97808E-05 0.0667942 9.97808E-05
9.97982E-05 9.97982E-05 0.671773 9.97982E-05 9.97982E-05 9.97982E-05 9.97982E-05 0.115308 9.97982E-05 9.97982E-05 9.97982E-05 9.97982E-05 0.101898 9.97982E-05 9.97982E-05 9.97982E-05 9.97982E-05 9.97982E-05 9.97982E-05 9.97982E-05 9.97982E-05 9.97982E-05 9.97982E-05 9.97982E-05 0.0139146 0.0197554 9.97982E-05 0.0750556 9.97982E-05
9.97897E-05 9.97897E-05 0.756051 9.97897E-05 0.0238121 9.97897E-05 9.97897E-05 0.144025 9.97897E-05 9.97897E-05 9.97897E-05 9.97897E-05 9.97897E-05 0.00570494 9.97897E-05 9.97897E-05 9.97897E-05 9.97897E-05 0.0680126 9.97897E-05 9.97897E-05 9.97897E-05 9.97897E-05 9.97897E-05 9.97897E-05 9.97897E-05 9.97897E-05 9.97897E-05 9.97897E-05
9.97809E-05 9.97809E-05 0.513163 9.97809E-05 9.97809E-05 9.97809E-05 9.97809E-05 0.158081 9.97809E-05 9.97809E-05 9.97809E-05 9.97809E-05 9.97809E-05 9.97809E-05 9.97809E-05 9.97809E-05 9.97809E-05 9.97809E-05 0.129872 9.97809E-05 9.97809E-05 9.97809E-05 9.97809E-05 9.97809E-05 0.19639 9.97809E-05 9.97809E-05 9.97809E-05 9.97809E-05
9.9807E-05 9.9807E-05 0.398474 9.9807E-05 0.328817 9.9807E-05 9.9807E-05 9.9807E-05 9.9807E-05 9.9807E-05 9.9807E-05 0.115872 9.9807E-05 0.0120133 0.0318917 9.9807E-05 9.9807E-05 0.0822689 0.0284669 9.9807E-05 9.9807E-05 9.9807E-05 9.9807E-05 9.9807E-05 9.9807E-05 9.9807E-05 9.9807E-05 9.9807E-05 9.9807E-05
9.9807E-05 9.9807E-05 0.399038 0.0438918 9.9807E-05 9.9807E-05 9.9807E-05 9.9807E-05 9.9807E-05 9.9807E-05 9.9807E-05 9.9807E-05 9.9807E-05 0.0443801 9.9807E-05 9.9807E-05 9.9807E-05 9.9807E-05 0.072342 9.9807E-05 9.9807E-05 9.9807E-05 9.9807E-05 9.9807E-05 0.051543 9.9807E-05 9.9807E-05 0.107923 0.278687
9.9807E-05 9.9807E-05 0.518972 9.9807E-05 9.9807E-05 9.9807E-05 9.9807E-05 0.0935241 9.9807E-05 9.9807E-05 0.0973143 9.9807E-05 9.9807E-05 9.9807E-05 9.9807E-05 9.9807E-05 9.9807E-05 9.9807E-05 0.00245111 0.00877729 9.9807E-05 9.9807E-05 9.9807E-05 9.9807E-05 0.0910512 9.9807E-05 9.9807E-05 0.185715 9.9807E-05
9.97985E-05 9.97985E-05 0.649505 0.000862079 9.97985E-05 9.97985E-05 9.97985E-05 9.97985E-05 9.97985E-05 9.97985E-05 9.97985E-05 9.97985E-05 0.0877422 0.171771 9.97985E-05 9.97985E-05 9.97985E-05 9.97985E-05 0.0599278 9.97985E-05 9.97985E-05 9.97985E-05 9.97985E-05 9.97985E-05 9.97985E-05 9.97985E-05 0.0278961 9.97985E-05 9.97985E-05
9.97721E-05 9.97721E-05 0.838262 9.97721E-05 9.97721E-05 9.97721E-05 9.97721E-05 0.155814 9.97721E-05 9.97721E-05 9.97721E-05 9.97721E-05 9.97721E-05 9.97721E-05 9.97721E-05 9.97721E-05 9.97721E-05 9.97721E-05 0.00333034 9.97721E-05 9.97721E-05 9.97721E-05 9.97721E-05 9.97721E-05 9.97721E-05 9.97721E-05 9.97721E-05 9.97721E-05 9.97721E-05
9.98068E-05 9.98068E-05 0.25569 9.98068E-05 9.98068E-05 9.98068E-05 9.98068E-05 9.98068E-05 0.0357993 9.98068E-05 9.98068E-05 0.00359488 0.428277 9.98068E-05 9.98068E-05 9.98068E-05 9.98068E-05 9.98068E-05 9.98068E-05 0.0649054 9.98068E-05 9.98068E-05 9.98068E-05 9.98068E-05 0.125025 9.98068E-05 9.98068E-05 9.98068E-05 0.0845122
0.0201452 9.98246E-05 0.59304 9.98246E-05 0.0347966 9.98246E-05 9.98246E-05 0.108333 9.98246E-05 9.98246E-05 9.98246E-05 9.98246E-05 9.98246E-05 0.0221079 9.98246E-05 9.98246E-05 9.98246E-05 9.98246E-05 0.0233243 9.98246E-05 0.0633821 9.98246E-05 9.98246E-05 9.98246E-05 0.0812102 9.98246E-05 9.98246E-05 0.0516638 9.98246E-05
9.97807E-05 9.97807E-05 0.908428 9.97807E-05 9.97807E-05 9.97807E-05 9.97807E-05 0.0591685 9.97807E-05 9.97807E-05 9.97807E-05 9.97807E-05 9.97807E-05 9.97807E-05 0.0178228 9.97807E-05 9.97807E-05 9.97807E-05 0.012086 9.97807E-05 9.97807E-05 9.97807E-05 9.97807E-05 9.97807E-05 9.97807E-05 9.97807E-05 9.97807E-05 9.97807E-05 9.97807E-05
0.00589001 9.97983E-05 0.503435 9.97983E-05 9.97983E-05 9.97983E-05 9.97983E-05 9.97983E-05 9.97983E-05 9.97983E-05 9.97983E-05 9.97983E-05 9.97983E-05 9.97983E-05 9.97983E-05 9.97983E-05 9.97983E-05 9.97983E-05 0.217401 9.97983E-05 9.97983E-05 0.0843079 9.97983E-05 9.97983E-05 0.144442 9.97983E-05 9.97983E-05 0.0422289 9.97983E-05
9.97983E-05 9.97983E-05 0.48454 0.0491256 0.187423 9.97983E-05 9.97983E-05 0.0778944 9.97983E-05 0.0668784 9.97983E-05 9.97983E-05 9.97983E-05 9.97983E-05 9.97983E-05 9.97983E-05 9.97983E-05 9.97983E-05 0.131843 9.97983E-05 9.97983E-05 9.97983E-05 9.97983E-05 9.97983E-05 9.97983E-05 9.97983E-05 9.97983E-05 9.97983E-05 9.97983E-05
9.98069E-05 9.98069E-05 0.528087 0.00276249 9.98069E-05 9.98069E-05 9.98069E-05 9.98069E-05 9.98069E-05 9.98069E-05 9.98069E-05 9.98069E-05 9.98069E-05 9.98069E-05 9.98069E-05 9.98069E-05 9.98069E-05 9.98069E-05 0.186486 0.0612561 9.98069E-05 0.0159633 9.98069E-05 9.98069E-05 0.151179 9.98069E-05 9.98069E-05 0.0520699 9.98069E-05
9.9816E-05 0.0178412 0.262147 9.9816E-05 9.9816E-05 0.014321 9.9816E-05 0.409565 9.9816E-05 9.9816E-05 9.9816E-05 9.9816E-05 9.9816E-05 9.9816E-05 0.00317461 9.9816E-05 9.9816E-05 9.9816E-05 0.124996 9.9816E-05 9.9816E-05 9.9816E-05 9.9816E-05 9.9816E-05 0.155303 9.9816E-05 0.010556 9.9816E-05 9.9816E-05
9.97896E-05 9.97896E-05 9.97896E-05 0.0350164 0.0525477 9.97896E-05 0.0576121 9.97896E-05 9.97896E-05 9.97896E-05 9.97896E-05 9.97896E-05 0.837788 9.97896E-05 9.97896E-05 9.97896E-05 9.97896E-05 9.97896E-05 9.97896E-05 9.97896E-05 9.97896E-05 9.97896E-05 0.0146412 9.97896E-05 9.97896E-05 9.97896E-05 9.97896E-05 9.97896E-05 9.97896E-05
0.0260857 9.97979E-05 0.705921 9.97979E-05 9.97979E-05 0.0846061 9.97979E-05 9.97979E-05 9.97979E-05 9.97979E-05 9.97979E-05 9.97979E-05 9.97979E-05 9.97979E-05 9.97979E-05 9.97979E-05 9.97979E-05 9.97979E-05 0.0701786 9.97979E-05 0.0233487 9.97979E-05 9.97979E-05 9.97979E-05 0.0875647 9.97979E-05 9.97979E-05 9.97979E-05 9.97979E-05
9.97897E-05 9.97897E-05 0.56617 9.97897E-05 9.97897E-05 9.97897E-05 9.97897E-05 9.97897E-05 9.97897E-05 9.97897E-05 9.97897E-05 9.97897E-05 0.029632 9.97897E-05 9.97897E-05 9.97897E-05 9.97897E-05 9.97897E-05 0.208394 9.97897E-05 9.97897E-05 9.97897E-05 9.97897E-05 9.97897E-05 0.175476 9.97897E-05 9.97897E-05 0.0179319 9.97897E-05
9.97983E-05 9.97983E-05 0.283588 0.176767 0.381181 9.97983E-05 9.97983E-05 9.97983E-05 9.97983E-05 9.97983E-05 9.97983E-05 9.97983E-05 9.97983E-05 9.97983E-05 9.97983E-05 9.97983E-05 9.97983E-05 0.0320603 9.97983E-05 9.97983E-05 9.97983E-05 9.97983E-05 9.97983E-05 9.97983E-05 0.111746 9.97983E-05 9.97983E-05 0.012363 9.97983E-05
9.97896E-05 9.97896E-05 0.580396 9.97896E-05 9.97896E-05 9.97896E-05 9.97896E-05 0.169499 9.97896E-05 9.97896E-05 9.97896E-05 9.97896E-05 9.97896E-05 9.97896E-05 9.97896E-05 9.97896E-05 9.97896E-05 9.97896E-05 0.00169742 9.97896E-05 9.97896E-05 9.97896E-05 9.97896E-05 9.97896E-05 0.17712 0.0688937 9.97896E-05 9.97896E-05 9.97896E-05
9.97805E-05 9.97805E-05 0.559066 9.97805E-05 0.338244 9.97805E-05 9.97805E-05 9.97805E-05 9.97805E-05 9.97805E-05 9.97805E-05 0.0956274 9.97805E-05 9.97805E-05 9.97805E-05 9.97805E-05 9.97805E-05 9.97805E-05 9.97805E-05 9.97805E-05 9.97805E-05 9.97805E-05 9.97805E-05 9.97805E-05 9.97805E-05 0.00456854 9.97805E-05 9.97805E-05 9.97805E-05
