0.606864 0.184254 0.181638 9.99912E-05 0.0271438
0.932565 0.00701737 0.0602175 9.99824E-05 9.99824E-05
0.9996 9.997E-05 9.997E-05 9.997E-05 9.997E-05
0.315169 0.0843571 0.183566 0.0938131 0.323095
0.85106 9.99737E-05 9.99737E-05 9.99737E-05 0.14864
0.330983 9.99824E-05 0.405917 9.99824E-05 0.262901
0.404639 0.021538 0.0778423 0.0171973 0.478784
0.301225 0.0721713 0.219073 9.99912E-05 0.407431
0.319955 9.99912E-05 0.490365 0.128147 0.0614325
0.9996 9.997E-05 9.997E-05 9.997E-05 9.997E-05
0.688635 0.127154 0.119738 0.0643735 9.99912E-05
0.908336 9.99824E-05 9.99824E-05 0.061268 0.0301965
0.917557 0.0201708 0.0255556 9.99912E-05 0.036617
0.742292 0.0765775 0.18093 9.99824E-05 9.99824E-05
0.451106 9.99912E-05 0.537159 0.00435537 0.00727911
0.252423 0.0628006 0.385209 9.99912E-05 0.299467
0.659689 0.103215 0.0891001 0.0056556 0.142341
0.394185 0.191202 0.254424 0.16009 9.99912E-05
0.435458 0.0618948 0.34529 0.0466853 0.110672
0.9996 9.997E-05 9.997E-05 9.997E-05 9.997E-05
0.538731 0.0804104 0.199293 9.99912E-05 0.181466
0.305436 9.99825E-05 0.401392 9.99825E-05 0.292972
0.797803 0.0309612 0.171036 9.99824E-05 9.99824E-05
0.560805 0.00601838 0.101945 9.99912E-05 0.331131
0.353206 9.99824E-05 0.478494 0.168099 9.99824E-05
0.698514 9.99824E-05 0.249616 9.99824E-05 0.0516698
0.227296 0.125869 0.479111 0.0381876 0.129537
0.846498 9.99912E-05 0.0532639 0.0671452 0.0329927
0.763154 9.99824E-05 0.150704 0.0859426 9.99824E-05
0.860475 9.99737E-05 0.139225 9.99737E-05 9.99737E-05
0.752734 0.120642 0.0747425 0.0517812 9.99912E-05
0.587823 0.010012 0.294099 0.0171284 0.0909378
0.683483 0.105768 0.156427 0.0542223 9.99912E-05
0.640742 0.0739349 0.19969 0.0129182 0.0727149
0.918869 0.0265433 9.99824E-05 0.054388 9.99824E-05
0.850861 0.0383139 0.0290439 0.0351019 0.0466796
0.865914 9.99737E-05 9.99737E-05 9.99737E-05 0.133787
0.698123 9.99824E-05 0.251619 0.0500579 9.99824E-05
0.535776 9.99912E-05 0.430796 0.0121667 0.021161
0.597082 0.00367118 0.192896 9.99912E-05 0.206251
0.818954 0.0400907 9.99912E-05 0.0137566 0.127098
0.753404 9.99824E-05 0.211067 9.99824E-05 0.0353291
0.984429 9.99737E-05 9.99737E-05 9.99737E-05 0.015271
0.543584 0.120547 0.335669 9.99824E-05 9.99824E-05
0.442574 9.99912E-05 0.127836 0.0519312 0.377559
0.884849 9.99736E-05 9.99736E-05 0.114851 9.99736E-05
0.888159 0.0729176 0.0387238 9.99824E-05 9.99824E-05
0.9996 9.997E-05 9.997E-05 9.997E-05 9.997E-05
0.808716 0.0582124 0.0446725 9.99912E-05 0.0882992
0.829048 0.170652 9.99737E-05 9.99737E-05 9.99737E-05
0.373756 0.106225 0.432339 0.0185767 0.0691043
0.701334 9.99824E-05 9.99824E-05 0.0604608 0.238005
0.954182 0.0168491 0.028769 9.99824E-05 9.99824E-05
0.617861 0.015751 0.0366168 0.139463 0.190308
0.85585 9.99912E-05 0.041666 0.0230083 0.0793761
0.846005 0.0231596 0.0300603 0.100675 9.99912E-05
0.849756 0.0561221 9.99824E-05 9.99824E-05 0.0939218
0.850287 0.118097 9.99825E-05 0.0314166 9.99825E-05
0.937305 9.99736E-05 9.99736E-05 9.99736E-05 0.0623948
0.169578 0.161164 0.669057 9.99824E-05 9.99824E-05
0.457195 0.0662939 0.283148 9.99912E-05 0.193264
0.413669 0.290618 0.287654 9.99912E-05 0.00795884
9.99737E-05 0.060109 0.939591 9.99737E-05 9.99737E-05
0.192368 0.0978949 0.374207 0.0290602 0.306469
0.0713098 0.150642 0.777848 9.99824E-05 9.99824E-05
0.150012 0.149972 0.679873 9.99912E-05 0.0200436
9.99824E-05 0.195471 0.756142 9.99824E-05 0.0481869
0.311959 0.146059 0.541782 9.99825E-05 9.99825E-05
0.396086 0.128126 0.413684 9.99912E-05 0.062004
9.99736E-05 0.323504 0.676196 9.99736E-05 9.99736E-05
0.11534 0.138571 0.360283 9.99912E-05 0.385707
0.0596021 0.169185 0.553797 9.99912E-05 0.217316
0.129034 9.99824E-05 0.67832 9.99824E-05 0.192446
0.414903 0.0789792 0.432022 9.99912E-05 0.0739965
0.316168 0.0911409 0.592491 9.99825E-05 9.99825E-05
0.0749555 0.0448175 0.450213 9.99912E-05 0.429914
0.211108 0.317605 0.365836 9.99912E-05 0.105351
0.327562 0.296947 0.375291 9.99825E-05 9.99825E-05
9.99912E-05 0.167053 0.563251 0.0650084 0.204588
0.458474 0.0199687 0.418813 9.99912E-05 0.102644
0.165626 0.0246464 0.562781 9.99912E-05 0.246847
0.187234 0.0338049 0.778761 9.99825E-05 9.99825E-05
0.223763 0.108453 0.454341 0.012677 0.200766
0.29584 0.293773 0.410188 9.99824E-05 9.99824E-05
0.457815 9.99825E-05 0.535593 0.00639152 9.99825E-05
0.456226 0.0938482 0.435427 9.99912E-05 0.0143983
0.396178 9.99912E-05 0.471592 0.000575086 0.131555
0.359045 0.225068 0.390517 9.99912E-05 0.0252702
0.269363 9.99737E-05 0.730337 9.99737E-05 9.99737E-05
9.99737E-05 9.99737E-05 0.989923 0.00977669 9.99737E-05
0.0389176 9.99738E-05 0.960783 9.99738E-05 9.99738E-05
9.99737E-05 0.116654 0.883046 9.99737E-05 9.99737E-05
9.99736E-05 0.122201 0.877499 9.99736E-05 9.99736E-05
9.99824E-05 0.0559617 0.884182 0.0596559 9.99824E-05
9.997E-05 9.997E-05 0.9996 9.997E-05 9.997E-05
9.99737E-05 0.101443 0.898257 9.99737E-05 9.99737E-05
9.99736E-05 9.99736E-05 0.985311 0.0143886 9.99736E-05
9.997E-05 9.997E-05 0.9996 9.997E-05 9.997E-05
9.997E-05 9.997E-05 0.9996 9.997E-05 9.997E-05
9.997E-05 9.997E-05 0.9996 9.997E-05 9.997E-05
0.0203711 0.00539842 0.944437 0.0296936 9.99912E-05
9.99737E-05 0.0345657 0.965134 9.99737E-05 9.99737E-05
9.997E-05 9.997E-05 0.9996 9.997E-05 9.997E-05
9.99825E-05 0.17754 0.775572 0.0466879 9.99825E-05
9.99824E-05 0.00862291 0.959254 0.0319233 9.99824E-05
9.99824E-05 0.0017961 0.92314 0.0748639 9.99824E-05
0.0497775 0.0110597 0.810193 9.99912E-05 0.12887
9.99825E-05 0.000283947 0.979314 0.020202 9.99825E-05
9.99825E-05 0.00884889 0.833563 0.157388 9.99825E-05
9.99824E-05 9.99824E-05 0.865565 0.0489537 0.0852817
9.99737E-05 0.146599 0.853101 9.99737E-05 9.99737E-05
9.99736E-05 9.99736E-05 0.907795 0.0919055 9.99736E-05
9.997E-05 9.997E-05 0.9996 9.997E-05 9.997E-05
9.99736E-05 9.99736E-05 0.937329 0.0623714 9.99736E-05
9.997E-05 9.997E-05 0.9996 9.997E-05 9.997E-05
0.176569 9.99825E-05 0.747266 0.0759657 9.99825E-05
9.99824E-05 9.99824E-05 0.926175 0.0680244 0.0056006
9.997E-05 9.997E-05 0.9996 9.997E-05 9.997E-05
9.99825E-05 0.0167635 0.876074 0.106962 9.99825E-05
9.99737E-05 9.99737E-05 0.948395 0.0513052 9.99737E-05
9.99824E-05 0.0147392 0.880706 0.104354 9.99824E-05
9.99824E-05 0.0374073 0.762593 0.199799 9.99824E-05
9.99736E-05 9.99736E-05 0.884888 0.114812 9.99736E-05
9.99737E-05 9.99737E-05 0.966707 0.0329929 9.99737E-05
9.99825E-05 0.0793843 0.883471 0.0369449 9.99825E-05
9.99736E-05 0.0851434 0.914557 9.99736E-05 9.99736E-05
9.997E-05 9.997E-05 0.9996 9.997E-05 9.997E-05
9.99737E-05 9.99737E-05 0.9541 0.0455997 9.99737E-05
9.99738E-05 9.99738E-05 0.988756 0.0109446 9.99738E-05
9.99738E-05 9.99738E-05 0.986464 0.0132365 9.99738E-05
9.99736E-05 9.99736E-05 0.946401 0.0532988 9.99736E-05
9.99737E-05 9.99737E-05 0.965061 9.99737E-05 0.0346393
0.00810588 9.99825E-05 0.95316 0.0385346 9.99825E-05
0.0877971 9.99737E-05 0.911903 9.99737E-05 9.99737E-05
9.99824E-05 0.045133 0.813407 0.14126 9.99824E-05
9.99737E-05 0.0909701 0.90873 9.99737E-05 9.99737E-05
9.99912E-05 0.0132914 0.891658 0.0145273 0.0804235
9.99824E-05 0.0543522 0.871873 0.0735746 9.99824E-05
9.997E-05 9.997E-05 0.9996 9.997E-05 9.997E-05
9.99824E-05 9.99824E-05 0.696482 0.087002 0.216316
9.997E-05 9.997E-05 0.9996 9.997E-05 9.997E-05
9.99737E-05 0.0122611 0.987439 9.99737E-05 9.99737E-05
9.99737E-05 9.99737E-05 0.885187 9.99737E-05 0.114513
9.99824E-05 0.159889 0.825176 0.0147349 9.99824E-05
9.997E-05 9.997E-05 0.9996 9.997E-05 9.997E-05
9.99736E-05 9.99736E-05 0.986145 0.0135553 9.99736E-05
9.99824E-05 9.99824E-05 0.913751 0.065248 0.0208012
9.99824E-05 0.0327097 0.746534 0.220556 9.99824E-05
9.997E-05 9.997E-05 0.9996 9.997E-05 9.997E-05
9.99736E-05 9.99736E-05 0.80281 0.196891 9.99736E-05
9.997E-05 9.997E-05 0.9996 9.997E-05 9.997E-05
9.99736E-05 9.99736E-05 0.892803 0.106897 9.99736E-05
9.997E-05 9.997E-05 0.9996 9.997E-05 9.997E-05
9.997E-05 9.997E-05 0.9996 9.997E-05 9.997E-05
9.997E-05 9.997E-05 0.9996 9.997E-05 9.997E-05
9.99736E-05 9.99736E-05 0.854416 0.145284 9.99736E-05
9.997E-05 9.997E-05 0.9996 9.997E-05 9.997E-05
9.997E-05 9.997E-05 0.9996 9.997E-05 9.997E-05
9.99736E-05 9.99736E-05 0.908647 0.0910529 9.99736E-05
9.99736E-05 9.99736E-05 0.909369 0.0903307 9.99736E-05
9.99736E-05 9.99736E-05 0.899393 0.100307 9.99736E-05
9.997E-05 9.997E-05 0.9996 9.997E-05 9.997E-05
9.997E-05 9.997E-05 0.9996 9.997E-05 9.997E-05
9.99736E-05 9.99736E-05 0.853387 0.146313 9.99736E-05
9.99736E-05 9.99736E-05 0.874639 0.125061 9.99736E-05
9.99824E-05 9.99824E-05 0.690907 0.18479 0.124104
9.99736E-05 9.99736E-05 0.868529 0.131171 9.99736E-05
9.997E-05 9.997E-05 0.9996 9.997E-05 9.997E-05
9.99736E-05 9.99736E-05 0.908647 0.0910529 9.99736E-05
9.99736E-05 9.99736E-05 0.911552 0.0881478 9.99736E-05
9.99736E-05 9.99736E-05 0.906554 0.0931462 9.99736E-05
9.997E-05 9.997E-05 0.9996 9.997E-05 9.997E-05
9.99736E-05 9.99736E-05 0.888149 0.111551 9.99736E-05
9.997E-05 9.997E-05 0.9996 9.997E-05 9.997E-05
9.99736E-05 9.99736E-05 0.904887 0.0948126 9.99736E-05
9.99736E-05 9.99736E-05 0.910471 0.0892293 9.99736E-05
9.997E-05 9.997E-05 0.9996 9.997E-05 9.997E-05
9.997E-05 9.997E-05 0.9996 9.997E-05 9.997E-05
9.997E-05 9.997E-05 0.9996 9.997E-05 9.997E-05
9.99736E-05 9.99736E-05 0.859418 0.140282 9.99736E-05
9.99736E-05 9.99736E-05 0.843237 0.156463 9.99736E-05
9.99736E-05 9.99736E-05 0.884485 0.115215 9.99736E-05
9.99736E-05 9.99736E-05 0.879269 0.120431 9.99736E-05
9.99736E-05 9.99736E-05 0.931639 0.0680614 9.99736E-05
9.997E-05 9.997E-05 0.9996 9.997E-05 9.997E-05
9.997E-05 9.997E-05 0.9996 9.997E-05 9.997E-05
9.997E-05 9.997E-05 0.9996 9.997E-05 9.997E-05
9.99736E-05 9.99736E-05 0.878494 0.121206 9.99736E-05
9.997E-05 9.997E-05 0.9996 9.997E-05 9.997E-05
9.997E-05 9.997E-05 0.9996 9.997E-05 9.997E-05
9.997E-05 9.997E-05 0.9996 9.997E-05 9.997E-05
9.997E-05 9.997E-05 0.9996 9.997E-05 9.997E-05
9.99736E-05 9.99736E-05 0.862969 0.136731 9.99736E-05
9.997E-05 9.997E-05 0.9996 9.997E-05 9.997E-05
9.997E-05 9.997E-05 0.9996 9.997E-05 9.997E-05
9.99824E-05 9.99824E-05 0.68275 0.109037 0.208013
9.99736E-05 9.99736E-05 0.871482 0.128218 9.99736E-05
9.997E-05 9.997E-05 0.9996 9.997E-05 9.997E-05
9.997E-05 9.997E-05 0.9996 9.997E-05 9.997E-05
9.997E-05 9.997E-05 0.9996 9.997E-05 9.997E-05
9.99736E-05 0.0396526 0.960048 9.99736E-05 9.99736E-05
9.99736E-05 9.99736E-05 0.879536 0.120164 9.99736E-05
9.997E-05 9.997E-05 0.9996 9.997E-05 9.997E-05
9.99736E-05 9.99736E-05 0.909065 0.0906351 9.99736E-05
9.997E-05 9.997E-05 0.9996 9.997E-05 9.997E-05
9.99736E-05 9.99736E-05 0.906554 0.0931462 9.99736E-05
9.997E-05 9.997E-05 0.9996 9.997E-05 9.997E-05
9.997E-05 9.997E-05 0.9996 9.997E-05 9.997E-05
9.997E-05 9.997E-05 0.9996 9.997E-05 9.997E-05
9.997E-05 9.997E-05 0.9996 9.997E-05 9.997E-05
9.997E-05 9.997E-05 0.9996 9.997E-05 9.997E-05
9.997E-05 9.997E-05 0.9996 9.997E-05 9.997E-05
9.99736E-05 9.99736E-05 0.870326 0.129374 9.99736E-05
9.99736E-05 9.99736E-05 0.853595 0.146105 9.99736E-05
9.99736E-05 9.99736E-05 0.874337 0.125363 9.99736E-05
9.997E-05 9.997E-05 0.9996 9.997E-05 9.997E-05
9.99736E-05 9.99736E-05 0.902082 0.097618 9.99736E-05
9.99736E-05 9.99736E-05 0.875384 0.124316 9.99736E-05
9.99736E-05 9.99736E-05 0.907977 0.0917229 9.99736E-05
9.997E-05 9.997E-05 0.9996 9.997E-05 9.997E-05
9.997E-05 9.997E-05 0.9996 9.997E-05 9.997E-05
9.997E-05 9.997E-05 0.9996 9.997E-05 9.997E-05
9.99736E-05 9.99736E-05 0.909237 0.0904627 9.99736E-05
9.997E-05 9.997E-05 0.9996 9.997E-05 9.997E-05
9.997E-05 9.997E-05 0.9996 9.997E-05 9.997E-05
9.99736E-05 9.99736E-05 0.890296 0.109404 9.99736E-05
9.997E-05 9.997E-05 0.9996 9.997E-05 9.997E-05
9.997E-05 9.997E-05 0.9996 9.997E-05 9.997E-05
9.99824E-05 0.227146 0.722331 0.0503221 9.99824E-05
9.99736E-05 9.99736E-05 0.89136 0.10834 9.99736E-05
9.997E-05 9.997E-05 0.9996 9.997E-05 9.997E-05
9.99737E-05 0.0563058 0.943394 9.99737E-05 9.99737E-05
9.99824E-05 9.99824E-05 0.89498 0.0608163 0.0440034
9.99736E-05 9.99736E-05 0.989069 0.0106312 9.99736E-05
9.99912E-05 0.0301149 0.81709 0.104654 0.0480418
9.997E-05 9.997E-05 0.9996 9.997E-05 9.997E-05
9.997E-05 9.997E-05 0.9996 9.997E-05 9.997E-05
9.99736E-05 9.99736E-05 0.954212 0.0454877 9.99736E-05
9.99824E-05 0.0450963 0.863995 0.0907088 9.99824E-05
9.997E-05 9.997E-05 0.9996 9.997E-05 9.997E-05
9.99824E-05 9.99824E-05 0.851013 0.0593317 0.089455
9.99737E-05 0.0298495 0.969851 9.99737E-05 9.99737E-05
9.997E-05 9.997E-05 0.9996 9.997E-05 9.997E-05
9.99736E-05 9.99736E-05 0.926571 9.99736E-05 0.0731294
9.99824E-05 0.110868 0.829648 0.0592837 9.99824E-05
9.99736E-05 9.99736E-05 0.997962 0.00173772 9.99736E-05
9.997E-05 9.997E-05 0.9996 9.997E-05 9.997E-05
9.997E-05 9.997E-05 0.9996 9.997E-05 9.997E-05
9.99824E-05 0.107702 0.863286 0.028812 9.99824E-05
9.99912E-05 0.0323632 0.891801 0.0473083 0.0284271
9.99824E-05 9.99824E-05 0.934465 0.00165892 0.0636765
9.99736E-05 9.99736E-05 0.934125 0.0655753 9.99736E-05
9.99737E-05 9.99737E-05 0.947247 9.99737E-05 0.0524531
9.99912E-05 0.0712409 0.834986 0.0410969 0.0525758
9.99824E-05 0.0347584 0.945869 0.0191731 9.99824E-05
9.99736E-05 0.105133 0.894567 9.99736E-05 9.99736E-05
9.997E-05 9.997E-05 0.9996 9.997E-05 9.997E-05
9.99824E-05 9.99824E-05 0.89158 0.040518 0.067702
9.99824E-05 9.99824E-05 0.912769 0.0737277 0.0133037
9.99912E-05 0.0220813 0.792396 0.117332 0.0680905
9.99824E-05 0.0734594 0.789756 0.136585 9.99824E-05
9.99736E-05 9.99736E-05 0.988547 9.99736E-05 0.0111535
9.997E-05 9.997E-05 0.9996 9.997E-05 9.997E-05
9.99736E-05 9.99736E-05 0.980867 0.0188331 9.99736E-05
9.99736E-05 0.0905236 0.909176 9.99736E-05 9.99736E-05
9.99824E-05 0.293961 0.702178 9.99824E-05 0.00366122
9.99737E-05 9.99737E-05 0.967968 0.0317323 9.99737E-05
9.997E-05 9.997E-05 0.9996 9.997E-05 9.997E-05
9.99824E-05 0.152477 0.776102 9.99824E-05 0.0712205
9.99824E-05 0.0967161 0.748515 0.154569 9.99824E-05
9.99824E-05 9.99824E-05 0.855084 0.0251152 0.119601
9.99736E-05 9.99736E-05 0.955453 0.0442474 9.99736E-05
9.99825E-05 9.99825E-05 0.902553 0.0642606 0.0329869
9.99824E-05 9.99824E-05 0.887702 0.0589621 0.0531359
9.997E-05 9.997E-05 0.9996 9.997E-05 9.997E-05
9.997E-05 9.997E-05 0.9996 9.997E-05 9.997E-05
9.99736E-05 0.117873 0.881827 9.99736E-05 9.99736E-05
9.997E-05 9.997E-05 0.9996 9.997E-05 9.997E-05
9.99736E-05 9.99736E-05 0.995029 0.00467135 9.99736E-05
9.99737E-05 0.0284996 0.971201 9.99737E-05 9.99737E-05
9.99824E-05 9.99824E-05 0.825799 0.00156062 0.17244
9.99737E-05 0.0739405 0.92576 9.99737E-05 9.99737E-05
9.99737E-05 0.0471672 0.952533 9.99737E-05 9.99737E-05
9.99736E-05 9.99736E-05 0.858174 9.99736E-05 0.141526
9.997E-05 9.997E-05 0.9996 9.997E-05 9.997E-05
9.99824E-05 9.99824E-05 0.758637 0.0131395 0.228024
9.997E-05 9.997E-05 0.9996 9.997E-05 9.997E-05
9.99738E-05 0.0652074 0.934493 9.99738E-05 9.99738E-05
9.997E-05 9.997E-05 0.9996 9.997E-05 9.997E-05
9.99736E-05 9.99736E-05 0.936836 0.0628638 9.99736E-05
9.997E-05 9.997E-05 0.9996 9.997E-05 9.997E-05
9.997E-05 9.997E-05 0.9996 9.997E-05 9.997E-05
0.023071 9.99737E-05 0.976629 9.99737E-05 9.99737E-05
0.0950605 9.99825E-05 0.887814 0.0169254 9.99825E-05
9.99737E-05 0.0651293 0.934571 9.99737E-05 9.99737E-05
9.99737E-05 9.99737E-05 0.908555 0.0911455 9.99737E-05
9.997E-05 9.997E-05 0.9996 9.997E-05 9.997E-05
9.997E-05 9.997E-05 0.9996 9.997E-05 9.997E-05
9.99737E-05 9.99737E-05 0.909853 0.0898474 9.99737E-05
9.99824E-05 0.0213347 0.945972 0.0324933 9.99824E-05
9.99737E-05 9.99737E-05 0.970618 0.0290817 9.99737E-05
9.99737E-05 9.99737E-05 0.977541 0.0221588 9.99737E-05
0.212016 9.99825E-05 0.781727 0.00605684 9.99825E-05
9.997E-05 9.997E-05 0.9996 9.997E-05 9.997E-05
9.99912E-05 0.076528 0.670396 0.0898729 0.163103
9.997E-05 9.997E-05 0.9996 9.997E-05 9.997E-05
9.997E-05 9.997E-05 0.9996 9.997E-05 9.997E-05
0.117643 9.99737E-05 0.882057 9.99737E-05 9.99737E-05
9.99824E-05 0.0340278 0.927069 0.0387031 9.99824E-05
9.997E-05 9.997E-05 0.9996 9.997E-05 9.997E-05
9.99736E-05 0.00896467 0.990735 9.99736E-05 9.99736E-05
9.99824E-05 0.035932 0.889944 0.0739236 9.99824E-05
9.99824E-05 0.123384 0.767267 9.99824E-05 0.109149
0.045965 9.99737E-05 0.953735 9.99737E-05 9.99737E-05
9.99737E-05 0.015433 0.984267 9.99737E-05 9.99737E-05
9.99736E-05 9.99736E-05 0.81874 0.18096 9.99736E-05
9.997E-05 9.997E-05 0.9996 9.997E-05 9.997E-05
9.99824E-05 0.128101 0.858657 0.0130423 9.99824E-05
9.99736E-05 0.104658 0.895043 9.99736E-05 9.99736E-05
9.99824E-05 9.99824E-05 0.877274 0.121333 0.00119359
9.99736E-05 9.99736E-05 0.842236 0.157464 9.99736E-05
9.99825E-05 0.0174977 0.759549 0.222754 9.99825E-05
9.99824E-05 0.0486226 0.924499 0.0266781 9.99824E-05
0.0130231 9.99737E-05 0.986677 9.99737E-05 9.99737E-05
9.99824E-05 0.14796 0.724653 0.127187 9.99824E-05
9.997E-05 9.997E-05 0.9996 9.997E-05 9.997E-05
9.99737E-05 0.0194153 0.980285 9.99737E-05 9.99737E-05
9.99912E-05 0.0303775 0.82906 0.0155779 0.124885
9.99736E-05 0.0568848 0.942815 9.99736E-05 9.99736E-05
9.99737E-05 0.0375802 0.96212 9.99737E-05 9.99737E-05
9.99737E-05 9.99737E-05 0.965973 0.0337266 9.99737E-05
9.99912E-05 0.159391 0.620513 0.0536798 0.166316
9.99736E-05 9.99736E-05 0.987316 0.0123842 9.99736E-05
9.99824E-05 0.0630787 0.735509 0.201213 9.99824E-05
0.0554275 9.99738E-05 0.944273 9.99738E-05 9.99738E-05
0.0367367 9.99825E-05 0.936876 0.0261872 9.99825E-05
9.997E-05 9.997E-05 0.9996 9.997E-05 9.997E-05
9.99824E-05 0.183881 0.770011 0.0459077 9.99824E-05
9.997E-05 9.997E-05 0.9996 9.997E-05 9.997E-05
0.0269557 9.99738E-05 0.972744 9.99738E-05 9.99738E-05
9.99825E-05 0.0200723 0.890356 0.0893717 9.99825E-05
9.99737E-05 9.99737E-05 0.96431 0.0353903 9.99737E-05
9.99737E-05 9.99737E-05 0.936774 0.0629264 9.99737E-05
9.997E-05 9.997E-05 0.9996 9.997E-05 9.997E-05
9.99824E-05 9.99824E-05 0.871231 0.068131 0.0604382
9.99824E-05 0.0454601 0.757458 0.196882 9.99824E-05
9.997E-05 9.997E-05 0.9996 9.997E-05 9.997E-05
9.997E-05 9.997E-05 0.9996 9.997E-05 9.997E-05
9.99824E-05 0.186991 0.778496 0.0343129 9.99824E-05
9.99825E-05 0.0250562 0.892538 0.0822056 9.99825E-05
9.99912E-05 0.0155588 0.73323 0.172134 0.0789765
9.99912E-05 0.135365 0.789488 0.0645736 0.0104731
9.99824E-05 0.0661515 0.868028 0.0656208 9.99824E-05
9.99736E-05 9.99736E-05 0.955789 0.0439108 9.99736E-05
9.99912E-05 0.0430807 0.809449 0.057718 0.0896519
9.997E-05 9.997E-05 0.9996 9.997E-05 9.997E-05
9.99736E-05 0.167022 0.832678 9.99736E-05 9.99736E-05
9.99825E-05 0.0264198 0.845804 0.127576 9.99825E-05
9.997E-05 9.997E-05 0.9996 9.997E-05 9.997E-05
9.99912E-05 0.11023 0.86617 0.00891302 0.0145878
9.99824E-05 9.99824E-05 0.948363 0.00653912 0.0448976
0.0261021 9.99824E-05 0.735128 9.99824E-05 0.23857
9.99737E-05 9.99737E-05 0.802821 9.99737E-05 0.196879
9.99737E-05 9.99737E-05 0.654214 9.99737E-05 0.345486
0.0308798 0.0375459 0.795233 9.99912E-05 0.136241
9.99825E-05 0.144856 0.698786 9.99825E-05 0.156158
0.294803 9.99912E-05 0.606894 0.00595274 0.0922502
0.0180096 0.0853905 0.89571 9.99912E-05 0.000789678
9.99825E-05 9.99825E-05 0.747227 0.0289088 0.223665
0.282779 0.0908564 0.504657 9.99912E-05 0.121608
9.99736E-05 9.99736E-05 0.764265 9.99736E-05 0.235435
9.99912E-05 0.0563556 0.715809 0.0591679 0.168567
0.178891 9.99824E-05 0.641706 0.179203 9.99824E-05
9.99737E-05 9.99737E-05 0.739098 9.99737E-05 0.260602
0.420557 9.99737E-05 0.579143 9.99737E-05 9.99737E-05
0.0997661 0.163822 0.714448 0.00360299 0.0183606
0.0508846 9.99824E-05 0.699845 9.99824E-05 0.24907
0.00833426 9.99824E-05 0.835463 9.99824E-05 0.156002
0.0778342 9.99825E-05 0.653298 9.99825E-05 0.268667
9.99912E-05 0.153974 0.655685 0.0166558 0.173585
0.0924918 9.99824E-05 0.816126 9.99824E-05 0.0911822
0.0609168 0.0742005 0.833103 9.99912E-05 0.0316796
0.205491 9.99824E-05 0.645541 9.99824E-05 0.148768
0.0960813 0.0844423 0.708092 0.111284 9.99912E-05
9.99737E-05 0.107891 0.891809 9.99737E-05 9.99737E-05
9.99736E-05 0.0164033 0.983297 9.99736E-05 9.99736E-05
9.997E-05 9.997E-05 0.9996 9.997E-05 9.997E-05
9.99736E-05 9.99736E-05 0.941185 9.99736E-05 0.0585148
9.99737E-05 9.99737E-05 0.887504 9.99737E-05 0.112197
9.997E-05 9.997E-05 0.9996 9.997E-05 9.997E-05
9.99737E-05 0.0278671 0.971833 9.99737E-05 9.99737E-05
0.0310684 9.99737E-05 0.968632 9.99737E-05 9.99737E-05
9.99824E-05 9.99824E-05 0.968009 0.00479558 0.0269957
9.99736E-05 0.07697 0.92273 9.99736E-05 9.99736E-05
9.99736E-05 0.0402626 0.959437 9.99736E-05 9.99736E-05
9.99737E-05 9.99737E-05 0.950355 9.99737E-05 0.0493455
9.99736E-05 0.00993377 0.989766 9.99736E-05 9.99736E-05
9.99737E-05 0.0337382 0.965962 9.99737E-05 9.99737E-05
9.997E-05 9.997E-05 0.9996 9.997E-05 9.997E-05
9.997E-05 9.997E-05 0.9996 9.997E-05 9.997E-05
9.997E-05 9.997E-05 0.9996 9.997E-05 9.997E-05
9.997E-05 9.997E-05 0.9996 9.997E-05 9.997E-05
9.997E-05 9.997E-05 0.9996 9.997E-05 9.997E-05
9.99737E-05 0.0458419 0.953858 9.99737E-05 9.99737E-05
9.997E-05 9.997E-05 0.9996 9.997E-05 9.997E-05
9.997E-05 9.997E-05 0.9996 9.997E-05 9.997E-05
9.997E-05 9.997E-05 0.9996 9.997E-05 9.997E-05
9.99737E-05 9.99737E-05 0.906589 0.0931115 9.99737E-05
9.99737E-05 9.99737E-05 0.967163 9.99737E-05 0.0325369
9.997E-05 9.997E-05 0.9996 9.997E-05 9.997E-05
9.99824E-05 0.00759943 0.909582 9.99824E-05 0.0826186
9.99737E-05 9.99737E-05 0.991549 9.99737E-05 0.00815089
9.997E-05 9.997E-05 0.9996 9.997E-05 9.997E-05
9.997E-05 9.997E-05 0.9996 9.997E-05 9.997E-05
9.99825E-05 0.0926611 0.82822 9.99825E-05 0.0789194
9.99825E-05 9.99825E-05 0.934649 0.0145011 0.0506496
9.997E-05 9.997E-05 0.9996 9.997E-05 9.997E-05
9.99824E-05 9.99824E-05 0.973377 0.0211246 0.00529812
9.997E-05 9.997E-05 0.9996 9.997E-05 9.997E-05
9.997E-05 9.997E-05 0.9996 9.997E-05 9.997E-05
9.99736E-05 9.99736E-05 0.976532 9.99736E-05 0.0231685
9.99737E-05 0.0235127 0.976187 9.99737E-05 9.99737E-05
9.99736E-05 9.99736E-05 0.879821 9.99736E-05 0.119879
9.997E-05 9.997E-05 0.9996 9.997E-05 9.997E-05
9.997E-05 9.997E-05 0.9996 9.997E-05 9.997E-05
9.997E-05 9.997E-05 0.9996 9.997E-05 9.997E-05
9.99912E-05 0.0549743 0.855189 0.0010677 0.0886692
9.99736E-05 0.0262601 0.97344 9.99736E-05 9.99736E-05
0.185559 0.142473 0.171432 0.00616363 0.494373
0.0697382 9.99825E-05 0.30764 9.99825E-05 0.622422
0.00434189 0.262946 0.332378 9.99912E-05 0.400234
0.140682 0.113162 0.314067 9.99912E-05 0.431988
0.088053 0.041219 0.415674 9.99912E-05 0.454954
0.106214 0.23496 0.28359 9.99912E-05 0.375136
0.128695 0.0788192 0.334567 9.99912E-05 0.457818
0.0471139 0.0768389 0.357319 9.99912E-05 0.518628
9.99824E-05 0.144484 0.531661 9.99824E-05 0.323655
0.121231 0.341631 0.329679 0.0613436 0.146115
9.99824E-05 0.132473 0.384693 9.99824E-05 0.482634
0.0214035 0.253066 0.337765 9.99912E-05 0.387666
0.116954 0.197932 0.361232 9.99912E-05 0.323783
0.126773 0.227571 0.226631 9.99912E-05 0.418925
0.119502 9.99824E-05 0.172014 9.99824E-05 0.708283
0.0550662 0.0954035 0.421898 9.99912E-05 0.427532
0.104313 0.144995 0.377 9.99912E-05 0.373592
0.0537204 0.0577743 0.352444 9.99912E-05 0.535961
0.00945892 0.224865 0.412895 9.99912E-05 0.352682
0.165481 0.196039 0.237255 9.99912E-05 0.401125
9.997E-05 0.9996 9.997E-05 9.997E-05 9.997E-05
9.997E-05 0.9996 9.997E-05 9.997E-05 9.997E-05
9.997E-05 0.9996 9.997E-05 9.997E-05 9.997E-05
9.997E-05 0.9996 9.997E-05 9.997E-05 9.997E-05
9.997E-05 0.9996 9.997E-05 9.997E-05 9.997E-05
9.997E-05 0.9996 9.997E-05 9.997E-05 9.997E-05
9.997E-05 0.9996 9.997E-05 9.997E-05 9.997E-05
9.997E-05 0.9996 9.997E-05 9.997E-05 9.997E-05
9.997E-05 0.9996 9.997E-05 9.997E-05 9.997E-05
9.997E-05 0.9996 9.997E-05 9.997E-05 9.997E-05
9.997E-05 0.9996 9.997E-05 9.997E-05 9.997E-05
9.997E-05 0.9996 9.997E-05 9.997E-05 9.997E-05
9.997E-05 0.9996 9.997E-05 9.997E-05 9.997E-05
9.997E-05 0.9996 9.997E-05 9.997E-05 9.997E-05
9.997E-05 0.9996 9.997E-05 9.997E-05 9.997E-05
9.997E-05 0.9996 9.997E-05 9.997E-05 9.997E-05
9.997E-05 0.9996 9.997E-05 9.997E-05 9.997E-05
9.997E-05 0.9996 9.997E-05 9.997E-05 9.997E-05
9.997E-05 0.9996 9.997E-05 9.997E-05 9.997E-05
9.997E-05 0.9996 9.997E-05 9.997E-05 9.997E-05
9.997E-05 0.9996 9.997E-05 9.997E-05 9.997E-05
9.997E-05 0.9996 9.997E-05 9.997E-05 9.997E-05
9.997E-05 0.9996 9.997E-05 9.997E-05 9.997E-05
9.997E-05 0.9996 9.997E-05 9.997E-05 9.997E-05
9.997E-05 0.9996 9.997E-05 9.997E-05 9.997E-05
9.997E-05 0.9996 9.997E-05 9.997E-05 9.997E-05
9.997E-05 0.9996 9.997E-05 9.997E-05 9.997E-05
9.997E-05 0.9996 9.997E-05 9.997E-05 9.997E-05
9.997E-05 0.9996 9.997E-05 9.997E-05 9.997E-05
9.997E-05 0.9996 9.997E-05 9.997E-05 9.997E-05
9.997E-05 0.9996 9.997E-05 9.997E-05 9.997E-05
9.997E-05 0.9996 9.997E-05 9.997E-05 9.997E-05
9.997E-05 0.9996 9.997E-05 9.997E-05 9.997E-05
9.997E-05 0.9996 9.997E-05 9.997E-05 9.997E-05
9.997E-05 0.9996 9.997E-05 9.997E-05 9.997E-05
9.997E-05 0.9996 9.997E-05 9.997E-05 9.997E-05
9.997E-05 0.9996 9.997E-05 9.997E-05 9.997E-05
9.997E-05 0.9996 9.997E-05 9.997E-05 9.997E-05
9.997E-05 0.9996 9.997E-05 9.997E-05 9.997E-05
9.997E-05 0.9996 9.997E-05 9.997E-05 9.997E-05
9.997E-05 0.9996 9.997E-05 9.997E-05 9.997E-05
9.997E-05 0.9996 9.997E-05 9.997E-05 9.997E-05
9.997E-05 0.9996 9.997E-05 9.997E-05 9.997E-05
9.997E-05 0.9996 9.997E-05 9.997E-05 9.997E-05
9.997E-05 0.9996 9.997E-05 9.997E-05 9.997E-05
9.997E-05 0.9996 9.997E-05 9.997E-05 9.997E-05
9.997E-05 0.9996 9.997E-05 9.997E-05 9.997E-05
9.997E-05 0.9996 9.997E-05 9.997E-05 9.997E-05
9.997E-05 0.9996 9.997E-05 9.997E-05 9.997E-05
9.997E-05 0.9996 9.997E-05 9.997E-05 9.997E-05
9.997E-05 0.9996 9.997E-05 9.997E-05 9.997E-05
9.997E-05 0.9996 9.997E-05 9.997E-05 9.997E-05
9.997E-05 0.9996 9.997E-05 9.997E-05 9.997E-05
9.997E-05 0.9996 9.997E-05 9.997E-05 9.997E-05
9.997E-05 0.9996 9.997E-05 9.997E-05 9.997E-05
9.997E-05 0.9996 9.997E-05 9.997E-05 9.997E-05
9.997E-05 0.9996 9.997E-05 9.997E-05 9.997E-05
9.997E-05 0.9996 9.997E-05 9.997E-05 9.997E-05
9.997E-05 0.9996 9.997E-05 9.997E-05 9.997E-05
9.997E-05 0.9996 9.997E-05 9.997E-05 9.997E-05
9.997E-05 0.9996 9.997E-05 9.997E-05 9.997E-05
9.997E-05 0.9996 9.997E-05 9.997E-05 9.997E-05
9.997E-05 0.9996 9.997E-05 9.997E-05 9.997E-05
9.997E-05 0.9996 9.997E-05 9.997E-05 9.997E-05
9.99736E-05 0.931232 9.99736E-05 9.99736E-05 0.0684681
9.99736E-05 0.948007 9.99736E-05 0.0516928 9.99736E-05
9.997E-05 0.9996 9.997E-05 9.997E-05 9.997E-05
9.997E-05 0.9996 9.997E-05 9.997E-05 9.997E-05
9.997E-05 0.9996 9.997E-05 9.997E-05 9.997E-05
9.997E-05 0.9996 9.997E-05 9.997E-05 9.997E-05
9.997E-05 0.9996 9.997E-05 9.997E-05 9.997E-05
9.997E-05 0.9996 9.997E-05 9.997E-05 9.997E-05
9.997E-05 0.9996 9.997E-05 9.997E-05 9.997E-05
9.99736E-05 0.973253 9.99736E-05 0.0264466 9.99736E-05
9.997E-05 0.9996 9.997E-05 9.997E-05 9.997E-05
9.997E-05 0.9996 9.997E-05 9.997E-05 9.997E-05
9.997E-05 0.9996 9.997E-05 9.997E-05 9.997E-05
9.99736E-05 0.997056 9.99736E-05 9.99736E-05 0.00264437
9.997E-05 0.9996 9.997E-05 9.997E-05 9.997E-05
9.997E-05 0.9996 9.997E-05 9.997E-05 9.997E-05
9.997E-05 0.9996 9.997E-05 9.997E-05 9.997E-05
9.99736E-05 0.994478 9.99736E-05 0.0052225 9.99736E-05
9.99736E-05 0.919974 9.99736E-05 9.99736E-05 0.0797258
9.997E-05 0.9996 9.997E-05 9.997E-05 9.997E-05
9.997E-05 0.9996 9.997E-05 9.997E-05 9.997E-05
9.997E-05 0.9996 9.997E-05 9.997E-05 9.997E-05
9.997E-05 0.9996 9.997E-05 9.997E-05 9.997E-05
9.99736E-05 0.972824 9.99736E-05 9.99736E-05 0.0268762
9.997E-05 0.9996 9.997E-05 9.997E-05 9.997E-05
9.99736E-05 0.96399 9.99736E-05 9.99736E-05 0.0357104
9.997E-05 0.9996 9.997E-05 9.997E-05 9.997E-05
9.997E-05 0.9996 9.997E-05 9.997E-05 9.997E-05
9.99824E-05 0.962913 9.99824E-05 0.000541096 0.0363462
9.99736E-05 0.985539 9.99736E-05 9.99736E-05 0.0141613
9.997E-05 0.9996 9.997E-05 9.997E-05 9.997E-05
9.997E-05 0.9996 9.997E-05 9.997E-05 9.997E-05
9.997E-05 0.9996 9.997E-05 9.997E-05 9.997E-05
9.99824E-05 0.919874 9.99824E-05 0.0128228 0.0671031
9.997E-05 0.9996 9.997E-05 9.997E-05 9.997E-05
9.99824E-05 0.934268 9.99824E-05 0.0145584 0.0509735
9.99824E-05 0.989548 9.99824E-05 0.00372269 0.00652885
9.99736E-05 0.921507 9.99736E-05 9.99736E-05 0.0781932
9.997E-05 0.9996 9.997E-05 9.997E-05 9.997E-05
9.997E-05 0.9996 9.997E-05 9.997E-05 9.997E-05
9.99736E-05 0.975824 9.99736E-05 9.99736E-05 0.0238759
9.997E-05 0.9996 9.997E-05 9.997E-05 9.997E-05
9.997E-05 0.9996 9.997E-05 9.997E-05 9.997E-05
9.997E-05 0.9996 9.997E-05 9.997E-05 9.997E-05
9.997E-05 0.9996 9.997E-05 9.997E-05 9.997E-05
9.997E-05 0.9996 9.997E-05 9.997E-05 9.997E-05
9.997E-05 0.9996 9.997E-05 9.997E-05 9.997E-05
9.997E-05 0.9996 9.997E-05 9.997E-05 9.997E-05
9.997E-05 0.9996 9.997E-05 9.997E-05 9.997E-05
9.997E-05 0.9996 9.997E-05 9.997E-05 9.997E-05
9.997E-05 0.9996 9.997E-05 9.997E-05 9.997E-05
9.997E-05 0.9996 9.997E-05 9.997E-05 9.997E-05
9.997E-05 0.9996 9.997E-05 9.997E-05 9.997E-05
9.997E-05 0.9996 9.997E-05 9.997E-05 9.997E-05
9.997E-05 0.9996 9.997E-05 9.997E-05 9.997E-05
9.997E-05 0.9996 9.997E-05 9.997E-05 9.997E-05
9.997E-05 0.9996 9.997E-05 9.997E-05 9.997E-05
9.997E-05 0.9996 9.997E-05 9.997E-05 9.997E-05
9.99736E-05 0.922175 9.99736E-05 9.99736E-05 0.0775253
9.997E-05 0.9996 9.997E-05 9.997E-05 9.997E-05
9.997E-05 0.9996 9.997E-05 9.997E-05 9.997E-05
9.997E-05 0.9996 9.997E-05 9.997E-05 9.997E-05
9.997E-05 0.9996 9.997E-05 9.997E-05 9.997E-05
9.997E-05 0.9996 9.997E-05 9.997E-05 9.997E-05
9.997E-05 0.9996 9.997E-05 9.997E-05 9.997E-05
9.99737E-05 0.975012 9.99737E-05 9.99737E-05 0.024688
9.99824E-05 0.489317 9.99824E-05 0.18961 0.320873
9.99824E-05 0.613706 9.99824E-05 0.102798 0.283296
9.99736E-05 0.829442 9.99736E-05 0.170258 9.99736E-05
9.99824E-05 0.696151 9.99824E-05 0.0828718 0.220777
9.99824E-05 0.557896 9.99824E-05 0.184616 0.257288
9.99824E-05 0.549405 9.99824E-05 0.177815 0.272581
9.99824E-05 0.567606 9.99824E-05 0.162143 0.270051
9.99737E-05 0.769414 9.99737E-05 0.230286 9.99737E-05
9.99824E-05 0.536644 9.99824E-05 0.133325 0.329831
9.99824E-05 0.507521 9.99824E-05 0.221399 0.270879
9.99824E-05 0.479047 9.99824E-05 0.116711 0.404042
9.99825E-05 0.476707 0.0174873 9.99825E-05 0.505606
9.99736E-05 0.830774 9.99736E-05 0.168926 9.99736E-05
9.99736E-05 0.754783 9.99736E-05 0.244917 9.99736E-05
9.99736E-05 0.878029 9.99736E-05 0.121671 9.99736E-05
9.99736E-05 0.875112 9.99736E-05 0.124588 9.99736E-05
9.99736E-05 0.76153 9.99736E-05 0.23817 9.99736E-05
9.99824E-05 0.176123 9.99824E-05 0.0592811 0.764396
9.99824E-05 0.334877 9.99824E-05 0.159774 0.50515
9.99736E-05 0.224896 9.99736E-05 9.99736E-05 0.774804
9.99736E-05 0.107524 9.99736E-05 9.99736E-05 0.892176
9.99824E-05 0.22665 9.99824E-05 0.124644 0.648506
9.99736E-05 0.0155555 9.99736E-05 9.99736E-05 0.984145
9.99736E-05 9.99736E-05 9.99736E-05 0.0639098 0.93579
9.997E-05 9.997E-05 9.997E-05 9.997E-05 0.9996
9.99824E-05 0.136572 9.99824E-05 0.0272 0.836028
9.99824E-05 0.289568 9.99824E-05 0.0848214 0.625411
9.99912E-05 0.0246523 0.0427074 0.125204 0.807337
9.99736E-05 0.101182 9.99736E-05 9.99736E-05 0.898518
9.99824E-05 0.339553 9.99824E-05 0.269998 0.390249
9.99824E-05 0.0703414 9.99824E-05 0.366853 0.562605
9.99824E-05 0.170237 9.99824E-05 0.222271 0.607292
9.99825E-05 0.146112 9.99825E-05 0.0963176 0.75737
9.99824E-05 0.147748 9.99824E-05 0.247766 0.604286
9.99824E-05 0.0229099 9.99824E-05 0.0544155 0.922475
9.99824E-05 0.369235 0.0306114 9.99824E-05 0.599954
9.99824E-05 0.0917184 9.99824E-05 0.458287 0.449795
9.99824E-05 0.127279 9.99824E-05 0.460229 0.412292
9.99736E-05 9.99736E-05 9.99736E-05 0.170837 0.828863
9.99824E-05 0.0937842 9.99824E-05 0.532136 0.373879
9.997E-05 9.997E-05 9.997E-05 9.997E-05 0.9996
9.99824E-05 0.318891 9.99824E-05 0.165491 0.515418
9.99824E-05 0.239229 9.99824E-05 0.132955 0.627616
9.99824E-05 0.308053 9.99824E-05 0.0186902 0.673057
9.99824E-05 0.328873 9.99824E-05 0.0194368 0.651491
9.99824E-05 0.0318933 9.99824E-05 0.174315 0.793592
9.99824E-05 0.0194845 9.99824E-05 0.207651 0.772664
9.99824E-05 0.0477377 9.99824E-05 0.210041 0.742021
9.99912E-05 0.214263 0.0368428 0.113767 0.635027
9.99912E-05 0.265778 0.0147303 0.241969 0.477423
9.99824E-05 0.039543 9.99824E-05 0.0863481 0.873909
9.99736E-05 9.99736E-05 9.99736E-05 0.298699 0.701001
9.99824E-05 0.0231221 9.99824E-05 0.143872 0.832806
9.99824E-05 0.0643841 9.99824E-05 0.209729 0.725687
9.99824E-05 0.106264 9.99824E-05 0.0438701 0.849666
9.99824E-05 0.0326826 9.99824E-05 0.427569 0.539548
9.99824E-05 0.124054 9.99824E-05 0.0600603 0.815686
9.99824E-05 0.103383 0.0758643 9.99824E-05 0.820552
9.99824E-05 9.99824E-05 0.00330463 0.13336 0.863136
9.99736E-05 9.99736E-05 9.99736E-05 0.159374 0.840326
9.997E-05 9.997E-05 9.997E-05 9.997E-05 0.9996
9.99736E-05 9.99736E-05 9.99736E-05 0.166441 0.83326
9.99824E-05 0.132837 9.99824E-05 0.0657878 0.801175
9.99736E-05 9.99736E-05 9.99736E-05 0.156985 0.842715
9.99824E-05 0.311826 9.99824E-05 0.295515 0.392459
9.99824E-05 0.0910048 9.99824E-05 0.0385672 0.870228
9.99824E-05 0.00444541 9.99824E-05 0.141149 0.854206
9.99824E-05 0.0921797 0.0819138 9.99824E-05 0.825706
9.99824E-05 0.0150424 0.0191109 9.99824E-05 0.965647
9.99824E-05 0.109866 9.99824E-05 0.0496514 0.840283
9.99736E-05 9.99736E-05 9.99736E-05 0.158881 0.840819
9.99824E-05 0.0859663 0.106011 9.99824E-05 0.807822
9.99824E-05 0.228376 9.99824E-05 0.280575 0.490849
9.99736E-05 9.99736E-05 9.99736E-05 0.191993 0.807707
9.99736E-05 9.99736E-05 9.99736E-05 0.126026 0.873674
9.99736E-05 9.99736E-05 9.99736E-05 0.140589 0.859111
9.99736E-05 9.99736E-05 9.99736E-05 0.209471 0.790229
9.99824E-05 0.0928233 9.99824E-05 0.031432 0.875545
9.99824E-05 0.143667 9.99824E-05 0.131217 0.724917
9.99736E-05 9.99736E-05 9.99736E-05 0.469773 0.529928
9.99824E-05 0.0240713 9.99824E-05 0.0992941 0.876435
9.99824E-05 0.179016 0.0488357 9.99824E-05 0.771948
9.99824E-05 0.0943853 9.99824E-05 0.18579 0.719624
9.99824E-05 0.0576443 9.99824E-05 0.141656 0.8005
9.99824E-05 0.117304 9.99824E-05 0.103724 0.778772
9.99736E-05 9.99736E-05 9.99736E-05 0.18932 0.81038
9.99736E-05 9.99736E-05 9.99736E-05 0.111115 0.888585
9.99824E-05 0.0192079 9.99824E-05 0.156621 0.823971
9.99824E-05 0.0946109 0.0936271 9.99824E-05 0.811562
9.99736E-05 9.99736E-05 9.99736E-05 0.308363 0.691337
9.99912E-05 0.112216 0.061392 0.196561 0.629732
9.99737E-05 9.99737E-05 9.99737E-05 0.0369074 0.962793
9.99824E-05 0.180012 9.99824E-05 0.0291567 0.790631
9.99824E-05 0.084208 9.99824E-05 0.0768587 0.838733
9.99824E-05 0.168322 9.99824E-05 0.166389 0.665089
9.99824E-05 0.158085 9.99824E-05 0.0731168 0.768599
9.99912E-05 0.180927 0.0230154 0.20121 0.594748
9.99912E-05 0.0560037 0.125737 0.0940301 0.72413
9.99824E-05 0.089686 0.00842014 9.99824E-05 0.901694
9.99824E-05 0.123659 9.99824E-05 0.0280976 0.848043
9.99736E-05 9.99736E-05 9.99736E-05 0.177109 0.822591
9.99824E-05 0.106408 9.99824E-05 0.198683 0.694709
9.99824E-05 0.148363 9.99824E-05 0.0826171 0.76882
9.99824E-05 0.328369 9.99824E-05 0.0897241 0.581707
9.99824E-05 0.119406 0.0137576 9.99824E-05 0.866636
9.99824E-05 0.0361526 9.99824E-05 0.0114245 0.952223
9.99824E-05 0.106927 0.0101195 9.99824E-05 0.882753
9.99824E-05 0.111466 9.99824E-05 0.0438326 0.844501
9.99824E-05 0.03017 9.99824E-05 0.14302 0.82661
9.99824E-05 0.0216789 9.99824E-05 0.142644 0.835477
9.99737E-05 0.0347059 9.99737E-05 9.99737E-05 0.964994
9.99824E-05 0.0628365 9.99824E-05 0.387808 0.549156
9.99912E-05 0.411741 0.0427707 0.257252 0.288137
9.99824E-05 0.156854 9.99824E-05 0.109978 0.732968
9.99824E-05 0.309556 9.99824E-05 0.212416 0.477827
9.99824E-05 0.318406 9.99824E-05 0.187397 0.493997
9.99824E-05 0.172983 9.99824E-05 0.174924 0.651893
9.99824E-05 0.0974576 9.99824E-05 0.0716741 0.830668
9.99824E-05 0.0425305 9.99824E-05 0.234094 0.723175
9.99824E-05 0.271264 9.99824E-05 0.198425 0.530111
9.99912E-05 0.0829635 0.0657562 0.125098 0.726082
9.99824E-05 0.328198 9.99824E-05 0.125021 0.546582
9.99736E-05 9.99736E-05 9.99736E-05 0.0593387 0.940361
9.99824E-05 0.234167 9.99824E-05 0.193167 0.572465
9.99737E-05 9.99737E-05 0.0192232 9.99737E-05 0.980477
9.99824E-05 0.15036 9.99824E-05 0.0741335 0.775306
9.99824E-05 0.0986899 9.99824E-05 0.093354 0.807756
9.99737E-05 0.111997 9.99737E-05 9.99737E-05 0.887703
9.99824E-05 0.116771 9.99824E-05 0.118648 0.764381
9.99824E-05 0.0985854 9.99824E-05 0.0552017 0.846013
9.99736E-05 0.21551 9.99736E-05 9.99736E-05 0.78419
9.99736E-05 9.99736E-05 9.99736E-05 0.116956 0.882744
9.99824E-05 0.0972049 9.99824E-05 0.267441 0.635154
9.99736E-05 0.116155 9.99736E-05 9.99736E-05 0.883545
9.99824E-05 0.0844199 9.99824E-05 0.0615771 0.853803
9.99736E-05 0.0574534 9.99736E-05 9.99736E-05 0.942247
9.99824E-05 0.216498 9.99824E-05 0.199899 0.583402
9.99824E-05 0.0914075 9.99824E-05 0.13767 0.770723
9.99737E-05 0.500025 9.99737E-05 9.99737E-05 0.499675
9.99824E-05 0.168469 9.99824E-05 0.03043 0.800901
9.99824E-05 0.0808065 9.99824E-05 0.428019 0.490975
9.99824E-05 0.154119 9.99824E-05 0.0988149 0.746866
9.99736E-05 9.99736E-05 9.99736E-05 0.114412 0.885288
9.99737E-05 9.99737E-05 9.99737E-05 0.196801 0.8029
9.99824E-05 0.157545 9.99824E-05 0.167128 0.675127
9.99824E-05 0.252028 9.99824E-05 0.0404756 0.707297
9.99824E-05 0.197569 9.99824E-05 0.174574 0.627658
9.99736E-05 9.99736E-05 9.99736E-05 0.111919 0.887781
9.99824E-05 0.0404752 9.99824E-05 0.107461 0.851864
9.99824E-05 0.17196 9.99824E-05 0.346885 0.480955
9.99736E-05 9.99736E-05 9.99736E-05 0.156092 0.843608
9.99736E-05 9.99736E-05 9.99736E-05 0.114493 0.885207
9.99824E-05 0.0171413 9.99824E-05 0.0978659 0.884793
9.99824E-05 0.275821 9.99824E-05 0.209832 0.514147
9.99824E-05 0.0649388 9.99824E-05 0.160087 0.774774
9.99824E-05 0.0276586 9.99824E-05 0.101335 0.870806
9.99736E-05 9.99736E-05 9.99736E-05 0.136572 0.863128
9.99912E-05 0.254089 0.056814 0.0076816 0.681315
9.99824E-05 0.18948 9.99824E-05 0.0694954 0.740825
9.99824E-05 0.0119826 9.99824E-05 0.322567 0.66525
9.99824E-05 0.136395 9.99824E-05 0.643698 0.219708
9.99912E-05 0.347493 0.00960841 0.166897 0.475901
9.99824E-05 0.246393 9.99824E-05 0.285454 0.467954
9.99824E-05 0.0710692 9.99824E-05 0.699158 0.229573
9.99824E-05 0.30699 9.99824E-05 0.269594 0.423216
9.99736E-05 0.450759 9.99736E-05 9.99736E-05 0.548942
9.99824E-05 0.262716 9.99824E-05 0.106433 0.630652
9.99824E-05 0.533063 9.99824E-05 0.125721 0.341017
9.99824E-05 0.157993 9.99824E-05 0.323258 0.518548
9.99824E-05 0.1275 9.99824E-05 0.296225 0.576075
9.99824E-05 0.291786 9.99824E-05 0.272422 0.435593
9.99824E-05 0.508869 9.99824E-05 0.149109 0.341822
9.99824E-05 0.164003 9.99824E-05 0.460317 0.375479
9.99736E-05 9.99736E-05 9.99736E-05 0.57119 0.42851
9.99824E-05 0.188151 9.99824E-05 0.409481 0.402168
9.99824E-05 0.178206 9.99824E-05 0.188732 0.632862
9.99824E-05 0.269033 9.99824E-05 0.241195 0.489572
9.99824E-05 0.555456 9.99824E-05 0.249319 0.195025
9.99824E-05 0.0818918 9.99824E-05 0.449574 0.468334
9.99736E-05 9.99736E-05 9.99736E-05 0.299168 0.700532
9.99824E-05 0.284032 9.99824E-05 0.230984 0.484784
9.99824E-05 0.198342 9.99824E-05 0.264037 0.537421
9.99824E-05 0.297792 9.99824E-05 0.268896 0.433112
9.99824E-05 0.363556 9.99824E-05 0.263171 0.373073
9.99824E-05 0.256316 9.99824E-05 0.133848 0.609636
9.99824E-05 0.712524 9.99824E-05 0.152824 0.134451
9.99824E-05 0.124025 9.99824E-05 0.360865 0.51491
9.99736E-05 0.709763 9.99736E-05 0.289937 9.99736E-05
9.99824E-05 0.0249345 9.99824E-05 0.177228 0.797637
9.997E-05 9.997E-05 9.997E-05 9.997E-05 0.9996
9.99824E-05 0.0973521 9.99824E-05 0.224828 0.67762
9.99912E-05 0.104072 0.0756192 0.214798 0.605411
9.99736E-05 9.99736E-05 9.99736E-05 0.181855 0.817845
9.99824E-05 0.0229676 9.99824E-05 0.120427 0.856406
9.99912E-05 0.127179 0.136203 0.021035 0.715483
9.99824E-05 0.180856 9.99824E-05 0.228268 0.590676
9.99824E-05 0.201964 9.99824E-05 0.216232 0.581604
9.99912E-05 0.288139 0.00996779 0.118083 0.583711
9.99824E-05 0.181447 9.99824E-05 0.0972547 0.721099
9.99824E-05 0.0328759 9.99824E-05 0.025821 0.941103
9.99824E-05 0.0216886 9.99824E-05 0.142798 0.835313
9.99736E-05 9.99736E-05 9.99736E-05 0.0288969 0.970803
9.99824E-05 0.0222347 9.99824E-05 0.0221337 0.955432
9.99736E-05 9.99736E-05 9.99736E-05 0.150519 0.849181
9.99737E-05 9.99737E-05 9.99737E-05 0.132349 0.867351
9.99824E-05 0.0638397 9.99824E-05 0.210501 0.725459
9.99824E-05 0.398029 9.99824E-05 0.189952 0.411819
9.99736E-05 9.99736E-05 9.99736E-05 0.150653 0.849047
9.99912E-05 0.148742 0.0978682 0.15269 0.6006
9.99824E-05 0.267197 9.99824E-05 0.0851473 0.647455
