0.394812 0.276186 9.99561E-05 0.00782725 0.111236 9.99561E-05 0.103209 9.99561E-05 0.0743548 0.0318755 9.99561E-05 9.99561E-05
0.722374 0.0465854 9.99561E-05 0.0116349 0.029345 9.99561E-05 0.14704 0.014569 9.99561E-05 0.0279515 9.99561E-05 9.99561E-05
0.876117 9.99297E-05 9.99297E-05 0.00156759 0.0796364 9.99297E-05 9.99297E-05 9.99297E-05 0.0418795 9.99297E-05 9.99297E-05 9.99297E-05
0.233158 0.159687 9.99737E-05 0.116011 0.0863246 0.330615 0.0134241 0.0424824 0.0174258 9.99737E-05 9.99737E-05 0.000572232
0.847459 9.9921E-05 0.00226431 9.9921E-05 9.9921E-05 0.149378 9.9921E-05 9.9921E-05 9.9921E-05 9.9921E-05 9.9921E-05 9.9921E-05
0.285865 0.11021 0.119769 0.0223699 0.0142609 0.230216 0.0706915 0.0321001 9.99824E-05 0.04366 9.99824E-05 0.0706579
0.267889 0.144159 9.99561E-05 0.125101 9.99561E-05 0.187484 0.0787998 9.99561E-05 0.119205 9.99561E-05 0.0768623 9.99561E-05
0.137661 0.286924 0.206393 9.99474E-05 9.99474E-05 0.264865 9.99474E-05 9.99474E-05 9.99474E-05 0.046782 0.0567754 9.99474E-05
0.262163 0.0115326 0.268076 0.000484566 0.246762 0.0286822 9.99561E-05 9.99561E-05 0.1818 9.99561E-05 9.99561E-05 9.99561E-05
0.851179 9.99209E-05 9.99209E-05 9.99209E-05 0.1462 9.99209E-05 9.99209E-05 9.99209E-05 0.0017219 9.99209E-05 9.99209E-05 9.99209E-05
0.449499 0.188225 0.012312 0.139149 0.210115 9.99385E-05 9.99385E-05 9.99385E-05 9.99385E-05 9.99385E-05 9.99385E-05 9.99385E-05
0.893989 9.99297E-05 9.99297E-05 9.99297E-05 9.99297E-05 0.00138128 9.99297E-05 0.0442453 9.99297E-05 9.99297E-05 0.0595852 9.99297E-05
0.752037 0.127578 9.9921E-05 9.9921E-05 0.119485 9.9921E-05 9.9921E-05 9.9921E-05 9.9921E-05 9.9921E-05 9.9921E-05 9.9921E-05
0.629432 0.0114532 9.99561E-05 0.127234 0.0414172 9.99561E-05 9.99561E-05 9.99561E-05 0.0627875 9.99561E-05 0.0155118 0.111664
0.322979 0.166734 0.16919 9.99561E-05 0.18176 9.99561E-05 0.0420455 9.99561E-05 0.113378 9.99561E-05 9.99561E-05 0.00341346
0.240715 0.0869908 0.178581 9.99649E-05 0.11598 0.254059 9.99649E-05 0.000859377 9.99649E-05 9.99649E-05 0.10236 0.0200544
0.465327 9.99561E-05 9.99561E-05 0.0720863 0.0920525 9.99561E-05 0.228021 9.99561E-05 0.0129077 9.99561E-05 0.0599919 0.0691133
0.114168 0.37039 0.0660034 9.99473E-05 0.108798 9.99473E-05 9.99473E-05 0.178243 9.99473E-05 0.161798 9.99473E-05 9.99473E-05
0.332001 0.172205 0.175233 9.99561E-05 0.164573 0.112448 9.99561E-05 9.99561E-05 9.99561E-05 0.0339393 0.00910048 9.99561E-05
0.909263 9.99298E-05 9.99298E-05 0.0024512 9.99298E-05 9.99298E-05 9.99298E-05 0.0609665 9.99298E-05 0.0265194 9.99298E-05 9.99298E-05
0.475552 9.99561E-05 0.0996252 0.0736197 0.0570009 0.202899 9.99561E-05 9.99561E-05 0.0560182 9.99561E-05 0.0347861 9.99561E-05
0.230736 0.370515 0.164601 9.99298E-05 9.99298E-05 0.233348 9.99298E-05 9.99298E-05 9.99298E-05 9.99298E-05 9.99298E-05 9.99298E-05
0.622109 0.058895 9.99474E-05 0.0514307 0.16242 9.99474E-05 0.0947788 9.99474E-05 0.00976685 9.99474E-05 9.99474E-05 9.99474E-05
0.343341 0.282822 9.99298E-05 9.99298E-05 0.285862 9.99298E-05 9.99298E-05 9.99298E-05 0.0871761 9.99298E-05 9.99298E-05 9.99298E-05
0.254839 0.157433 0.0962462 0.0418373 0.303086 9.99649E-05 9.99649E-05 0.109102 0.0341106 9.99649E-05 9.99649E-05 0.00294587
0.638563 0.159094 9.99297E-05 9.99297E-05 0.112676 0.0888668 9.99297E-05 9.99297E-05 9.99297E-05 9.99297E-05 9.99297E-05 9.99297E-05
9.99648E-05 0.549348 9.99648E-05 9.99648E-05 0.155987 0.0232348 0.00818156 0.0045655 9.99648E-05 0.146305 0.0233293 0.088649
0.764187 0.0768247 9.99298E-05 9.99298E-05 0.0752363 0.0829521 9.99298E-05 9.99298E-05 9.99298E-05 9.99298E-05 9.99298E-05 9.99298E-05
0.575164 0.152854 9.99386E-05 9.99386E-05 0.240825 9.99386E-05 9.99386E-05 0.000784846 0.0296731 9.99386E-05 9.99386E-05 9.99386E-05
0.744767 9.99386E-05 0.00674379 0.0264815 0.11613 9.99386E-05 9.99386E-05 9.99386E-05 9.99386E-05 9.99386E-05 9.99386E-05 0.105178
0.626096 0.175145 0.0361199 0.103397 0.0310499 9.99561E-05 9.99561E-05 0.0076067 9.99561E-05 0.0200858 9.99561E-05 9.99561E-05
0.489154 0.169641 9.99473E-05 0.0397875 0.0662917 0.142027 9.99473E-05 9.99473E-05 9.99473E-05 9.99473E-05 9.99473E-05 0.0924995
0.531087 0.145608 0.0191513 0.0966216 0.1456 9.99473E-05 9.99473E-05 9.99473E-05 9.99473E-05 9.99473E-05 0.0613327 9.99473E-05
0.454116 0.108893 9.99737E-05 0.0292804 0.118259 0.0178278 9.99737E-05 9.99737E-05 0.0297119 0.0414385 0.0790387 0.121135
0.795706 9.99473E-05 0.0250166 0.0470334 0.0663013 9.99473E-05 0.0101598 0.0551832 9.99473E-05 9.99473E-05 9.99473E-05 9.99473E-05
0.673014 0.143724 0.00588833 9.99561E-05 0.0171023 9.99561E-05 0.036821 9.99561E-05 0.0435203 0.0794303 9.99561E-05 9.99561E-05
0.796427 0.0930404 9.99385E-05 0.00278554 9.99385E-05 0.0369395 9.99385E-05 0.0701075 9.99385E-05 9.99385E-05 9.99385E-05 9.99385E-05
0.553185 9.99386E-05 0.105688 9.99386E-05 0.114616 9.99386E-05 0.101581 0.12423 9.99386E-05 9.99386E-05 9.99386E-05 9.99386E-05
0.564438 9.99561E-05 0.00908063 0.00927544 0.105818 0.120554 0.128471 9.99561E-05 9.99561E-05 9.99561E-05 9.99561E-05 0.0618639
0.523319 9.99297E-05 9.99297E-05 9.99297E-05 0.173554 9.99297E-05 9.99297E-05 9.99297E-05 9.99297E-05 9.99297E-05 0.147427 0.154901
0.785737 0.0704805 0.0140935 0.0288636 0.0872356 0.01299 9.99473E-05 9.99473E-05 9.99473E-05 9.99473E-05 9.99473E-05 9.99473E-05
0.557433 0.319704 0.011979 9.99386E-05 0.0808783 9.99386E-05 9.99386E-05 9.99386E-05 0.0293067 9.99386E-05 9.99386E-05 9.99386E-05
0.837141 0.071541 9.99385E-05 9.99385E-05 9.99385E-05 9.99385E-05 0.0217079 9.99385E-05 0.0083356 9.99385E-05 9.99385E-05 0.0605752
0.294013 0.1628 0.0682836 0.023745 0.256777 9.99561E-05 0.104137 9.99561E-05 0.089745 9.99561E-05 9.99561E-05 9.99561E-05
0.214494 0.459241 9.99473E-05 0.00228456 0.0996082 0.21251 9.99473E-05 0.0112628 9.99473E-05 9.99473E-05 9.99473E-05 9.99473E-05
0.760833 0.0775581 9.99385E-05 9.99385E-05 0.0534956 0.0451442 9.99385E-05 0.0622697 9.99385E-05 9.99385E-05 9.99385E-05 9.99385E-05
0.731847 9.99473E-05 0.0534235 0.0200045 0.124881 9.99473E-05 9.99473E-05 0.0316156 9.99473E-05 0.0376283 9.99473E-05 9.99473E-05
0.969472 9.99122E-05 9.99122E-05 9.99122E-05 0.0295284 9.99122E-05 9.99122E-05 9.99122E-05 9.99122E-05 9.99122E-05 9.99122E-05 9.99122E-05
0.625929 0.100102 9.99561E-05 0.0169947 0.107075 0.00337514 9.99561E-05 0.0470985 9.99561E-05 9.99561E-05 0.0989254 9.99561E-05
0.731753 9.99387E-05 0.0732756 9.99387E-05 9.99387E-05 9.99387E-05 0.00615247 9.99387E-05 9.99387E-05 0.0469822 0.141137 9.99387E-05
0.31614 0.120666 0.0567031 0.143624 0.222345 0.122462 9.99561E-05 0.0175602 9.99561E-05 9.99561E-05 9.99561E-05 9.99561E-05
0.510575 0.184433 0.0181384 9.99561E-05 9.99561E-05 0.148179 9.99561E-05 0.0211518 0.100466 0.0165558 9.99561E-05 9.99561E-05
0.758899 0.00832294 0.0156888 9.99561E-05 0.0266553 9.99561E-05 0.0956752 9.99561E-05 0.0161453 0.0781135 9.99561E-05 9.99561E-05
0.611782 9.99562E-05 0.011948 9.99562E-05 0.0649769 0.00416873 9.99562E-05 0.0204143 9.99562E-05 0.0491894 0.237021 9.99562E-05
0.747124 9.99386E-05 9.99386E-05 9.99386E-05 0.11403 0.105778 9.99386E-05 9.99386E-05 0.0232178 9.99386E-05 0.00915096 9.99386E-05
0.679049 0.0323299 9.99474E-05 0.0392305 9.99474E-05 9.99474E-05 9.99474E-05 0.148386 9.99474E-05 9.99474E-05 0.00303744 0.0973672
0.696526 0.0256087 9.99473E-05 9.99473E-05 0.0387612 9.99473E-05 0.017382 9.99473E-05 9.99473E-05 0.0870997 0.134023 9.99473E-05
0.725136 9.99298E-05 9.99298E-05 0.107927 0.0431581 0.122979 9.99298E-05 9.99298E-05 9.99298E-05 9.99298E-05 9.99298E-05 9.99298E-05
0.812587 9.99298E-05 9.99298E-05 0.0025922 9.99298E-05 0.164197 9.99298E-05 9.99298E-05 9.99298E-05 0.0198241 9.99298E-05 9.99298E-05
9.99473E-05 0.418123 0.0456034 0.0180586 0.247369 9.99473E-05 0.18538 9.99473E-05 9.99473E-05 0.084866 9.99473E-05 9.99473E-05
0.12728 0.597618 9.99299E-05 9.99299E-05 9.99299E-05 9.99299E-05 0.224288 9.99299E-05 0.0500142 9.99299E-05 9.99299E-05 9.99299E-05
0.218357 0.193097 9.99562E-05 0.0685089 0.0344039 9.99562E-05 0.314783 9.99562E-05 9.99562E-05 0.148342 0.0220094 9.99562E-05
9.99474E-05 0.0680243 0.132573 9.99474E-05 0.0915481 9.99474E-05 0.482158 9.99474E-05 9.99474E-05 0.134668 9.99474E-05 0.0904286
9.9956E-05 0.451812 0.0436855 9.9956E-05 0.1713 0.138335 0.0628323 0.0479606 9.9956E-05 0.0835744 9.9956E-05 9.9956E-05
9.99473E-05 0.546684 0.0504626 0.000891513 0.310757 9.99473E-05 0.0706306 9.99473E-05 0.0199746 9.99473E-05 9.99473E-05 9.99473E-05
9.99736E-05 0.105877 0.0172396 0.0513232 0.188639 0.0348308 0.447762 0.0406112 0.028966 0.0844514 9.99736E-05 9.99736E-05
9.99385E-05 0.237825 0.0533729 9.99385E-05 0.273259 9.99385E-05 0.164107 9.99385E-05 9.99385E-05 0.270736 9.99385E-05 9.99385E-05
0.0758014 0.439449 9.99474E-05 9.99474E-05 0.0453668 9.99474E-05 0.246895 9.99474E-05 0.127029 0.0648583 9.99474E-05 9.99474E-05
0.197397 0.398816 0.00399203 0.103518 0.0990549 9.99561E-05 0.190459 9.99561E-05 9.99561E-05 0.00626354 9.99561E-05 9.99561E-05
9.99473E-05 0.342673 0.0820601 0.208015 0.303558 9.99473E-05 0.0208107 0.0422836 9.99473E-05 9.99473E-05 9.99473E-05 9.99473E-05
9.99561E-05 0.456792 9.99561E-05 0.0646156 0.124386 0.0778673 0.162914 9.99561E-05 9.99561E-05 0.0234391 0.0894854 9.99561E-05
9.99649E-05 0.324171 0.143937 0.110082 0.0992695 0.159872 0.142673 9.99649E-05 9.99649E-05 9.99649E-05 0.00672761 0.0128694
9.99386E-05 0.45749 0.0383952 9.99386E-05 0.205016 0.0541838 0.244216 9.99386E-05 9.99386E-05 9.99386E-05 9.99386E-05 9.99386E-05
0.161652 0.385353 9.9965E-05 0.0349762 0.0297966 9.9965E-05 0.18579 9.9965E-05 0.083809 9.9965E-05 0.00978752 0.108436
0.116342 0.455326 0.0479701 9.99561E-05 0.156586 9.99561E-05 0.136299 9.99561E-05 9.99561E-05 0.0421338 9.99561E-05 0.044843
9.99561E-05 0.30617 9.99561E-05 9.99561E-05 0.0957381 0.107691 0.269646 9.99561E-05 0.0186458 0.154688 0.0469199 9.99561E-05
9.99473E-05 0.647876 0.0910532 0.138127 0.0163319 9.99473E-05 0.0224834 9.99473E-05 9.99473E-05 0.0835293 9.99473E-05 9.99473E-05
0.109898 0.273062 9.99474E-05 0.101546 0.151605 9.99474E-05 0.117304 9.99474E-05 9.99474E-05 0.245985 9.99474E-05 9.99474E-05
9.99561E-05 0.351939 9.99561E-05 0.0277969 0.36648 9.99561E-05 0.129986 0.000139489 9.99561E-05 0.0400287 0.0831299 9.99561E-05
0.21872 0.280201 9.9965E-05 0.0687769 0.0825917 0.0457599 0.265107 9.9965E-05 9.9965E-05 0.0179334 9.9965E-05 0.0205105
9.99297E-05 0.715463 9.99297E-05 9.99297E-05 0.0637234 9.99297E-05 0.206525 9.99297E-05 9.99297E-05 0.0134894 9.99297E-05 9.99297E-05
0.0964206 0.424067 9.99561E-05 9.99561E-05 0.0617298 9.99561E-05 0.0752267 0.0061827 9.99561E-05 0.0551096 9.99561E-05 0.280764
0.0353761 0.33598 0.0446855 0.00843158 0.188215 0.190325 0.0582783 9.99825E-05 0.0092102 0.103149 9.99825E-05 0.0261494
0.107888 0.48116 0.0263359 0.18559 0.163463 0.0346272 9.99561E-05 9.99561E-05 9.99561E-05 0.000436113 9.99561E-05 9.99561E-05
0.261521 0.237555 0.0135247 0.0472246 0.0876259 9.99649E-05 0.302035 0.0450756 9.99649E-05 9.99649E-05 9.99649E-05 0.00503943
0.172913 0.586073 9.99474E-05 9.99474E-05 0.0194828 9.99474E-05 0.164467 9.99474E-05 9.99474E-05 0.025574 9.99474E-05 0.030891
0.0458756 0.429599 9.99475E-05 9.99475E-05 0.118521 9.99475E-05 0.31911 0.00248132 0.0838134 9.99475E-05 9.99475E-05 9.99475E-05
0.159182 0.460968 0.0558457 9.99474E-05 0.137504 9.99474E-05 0.00651016 9.99474E-05 9.99474E-05 0.179391 9.99474E-05 9.99474E-05
0.243921 0.0916302 0.0985746 9.99475E-05 0.277942 9.99475E-05 0.194846 9.99475E-05 9.99475E-05 9.99475E-05 9.99475E-05 0.0924866
9.99209E-05 9.99209E-05 0.190407 9.99209E-05 0.214366 9.99209E-05 9.99209E-05 9.99209E-05 9.99209E-05 9.99209E-05 9.99209E-05 0.594328
9.99211E-05 9.99211E-05 0.0394872 9.99211E-05 0.0340306 9.99211E-05 9.99211E-05 9.99211E-05 9.99211E-05 9.99211E-05 9.99211E-05 0.925583
9.99472E-05 0.073039 0.00498627 0.0556859 0.184103 9.99472E-05 9.99472E-05 9.99472E-05 9.99472E-05 0.0302935 9.99472E-05 0.651293
9.9956E-05 9.9956E-05 0.0393921 0.0176346 0.277711 0.0796811 9.9956E-05 0.0505283 9.9956E-05 0.0588934 9.9956E-05 0.47566
9.99472E-05 9.99472E-05 0.176884 9.99472E-05 0.0868925 9.99472E-05 9.99472E-05 0.00991784 0.0592205 0.0225859 9.99472E-05 0.643899
9.99297E-05 9.99297E-05 0.211242 9.99297E-05 0.222452 9.99297E-05 0.0265095 9.99297E-05 9.99297E-05 9.99297E-05 9.99297E-05 0.538997
9.99473E-05 0.0449167 0.165162 0.0187561 0.148688 9.99473E-05 9.99473E-05 9.99473E-05 9.99473E-05 0.00952917 9.99473E-05 0.612348
9.99473E-05 9.99473E-05 0.286857 9.99473E-05 0.0299638 0.00703757 9.99473E-05 9.99473E-05 0.0100348 0.088933 9.99473E-05 0.576574
9.99473E-05 0.0450982 0.413928 0.0333461 0.0897835 9.99473E-05 0.235486 9.99473E-05 9.99473E-05 9.99473E-05 9.99473E-05 0.181758
9.99385E-05 0.0341168 0.290587 9.99385E-05 0.329022 9.99385E-05 9.99385E-05 9.99385E-05 9.99385E-05 0.0121607 9.99385E-05 0.333414
9.99298E-05 9.99298E-05 0.0410291 9.99298E-05 0.00515435 9.99298E-05 0.244418 9.99298E-05 9.99298E-05 9.99298E-05 9.99298E-05 0.708599
9.99385E-05 9.99385E-05 0.0170588 0.0415472 0.116805 9.99385E-05 0.229512 9.99385E-05 9.99385E-05 9.99385E-05 9.99385E-05 0.594378
9.99297E-05 9.99297E-05 0.166731 0.000711725 9.99297E-05 9.99297E-05 9.99297E-05 9.99297E-05 9.99297E-05 0.00886681 9.99297E-05 0.822891
9.99386E-05 9.99386E-05 0.203886 0.00169331 0.281469 9.99386E-05 9.99386E-05 9.99386E-05 0.0184125 9.99386E-05 9.99386E-05 0.49384
9.99473E-05 9.99473E-05 0.142296 0.0458401 9.99473E-05 9.99473E-05 9.99473E-05 0.0440944 9.99473E-05 0.0941454 0.0185891 0.654435
9.99473E-05 9.99473E-05 0.0652309 0.066175 0.214464 9.99473E-05 0.0996333 9.99473E-05 9.99473E-05 9.99473E-05 0.0145935 0.539304
9.99473E-05 0.0102419 9.99473E-05 9.99473E-05 0.181256 9.99473E-05 0.236195 0.116647 9.99473E-05 0.030868 9.99473E-05 0.424192
9.99386E-05 0.107744 0.232575 9.99386E-05 9.99386E-05 0.033124 9.99386E-05 9.99386E-05 9.99386E-05 9.99386E-05 0.0601242 0.565733
9.99385E-05 9.99385E-05 0.0544476 0.0853322 9.99385E-05 9.99385E-05 0.0462423 0.00468243 9.99385E-05 9.99385E-05 9.99385E-05 0.808596
9.99298E-05 9.99298E-05 0.161815 9.99298E-05 0.131968 9.99298E-05 9.99298E-05 0.100004 9.99298E-05 9.99298E-05 9.99298E-05 0.605414
9.99385E-05 9.99385E-05 0.0846676 9.99385E-05 0.137765 0.0750053 0.0594539 9.99385E-05 9.99385E-05 9.99385E-05 9.99385E-05 0.642409
9.99385E-05 9.99385E-05 0.15176 0.00876021 0.154911 9.99385E-05 9.99385E-05 9.99385E-05 9.99385E-05 0.0846333 9.99385E-05 0.599236
9.99473E-05 9.99473E-05 0.28226 9.99473E-05 0.259796 0.090363 0.0128857 0.0940527 9.99473E-05 9.99473E-05 9.99473E-05 0.260043
9.9921E-05 9.9921E-05 0.230691 9.9921E-05 0.0364106 9.9921E-05 9.9921E-05 9.9921E-05 9.9921E-05 9.9921E-05 9.9921E-05 0.731999
9.99473E-05 9.99473E-05 0.263789 9.99473E-05 0.263351 0.0717235 0.0991456 0.0904896 9.99473E-05 9.99473E-05 9.99473E-05 0.210901
9.99474E-05 9.99474E-05 0.184311 9.99474E-05 0.156021 9.99474E-05 0.0991329 9.99474E-05 9.99474E-05 0.022503 0.00236331 0.535069
0.0108639 9.99299E-05 9.99299E-05 9.99299E-05 0.0449744 9.99299E-05 9.99299E-05 9.99299E-05 0.116139 9.99299E-05 9.99299E-05 0.827223
9.99384E-05 9.99384E-05 0.129896 9.99384E-05 0.20308 0.152134 9.99384E-05 0.00960423 9.99384E-05 9.99384E-05 9.99384E-05 0.504586
9.9921E-05 9.9921E-05 0.326683 9.9921E-05 0.243792 9.9921E-05 9.9921E-05 9.9921E-05 9.9921E-05 9.9921E-05 9.9921E-05 0.428625
9.99385E-05 9.99385E-05 0.0348385 0.0790203 0.147613 9.99385E-05 9.99385E-05 0.0436143 9.99385E-05 9.99385E-05 9.99385E-05 0.694214
9.99473E-05 0.0345021 0.17308 0.071336 0.164604 9.99473E-05 9.99473E-05 9.99473E-05 9.99473E-05 9.99473E-05 0.0261903 0.529688
9.99473E-05 9.99473E-05 0.0515138 0.0327561 0.00617646 9.99473E-05 9.99473E-05 0.0762225 9.99473E-05 9.99473E-05 0.0992094 0.733522
9.995E-05 9.995E-05 0.342944 0.0444909 0.194468 9.995E-05 9.995E-05 0.146146 9.995E-05 0.0393147 0.042803 0.189334
9.99384E-05 0.171394 0.093258 9.99384E-05 0.128753 9.99384E-05 9.99384E-05 0.0772707 9.99384E-05 9.99384E-05 9.99384E-05 0.528624
9.99297E-05 9.99297E-05 0.111956 9.99297E-05 0.096801 9.99297E-05 9.99297E-05 0.0336842 9.99297E-05 9.99297E-05 9.99297E-05 0.756759
9.99473E-05 0.0167478 0.118621 0.0483604 9.99473E-05 9.99473E-05 0.0274763 9.99473E-05 9.99473E-05 9.99473E-05 0.0530476 0.735147
9.99384E-05 9.99384E-05 0.173525 0.042189 0.334908 9.99384E-05 9.99384E-05 9.99384E-05 9.99384E-05 0.0602324 9.99384E-05 0.388446
9.99123E-05 9.99123E-05 0.0875913 9.99123E-05 9.99123E-05 9.99123E-05 9.99123E-05 9.99123E-05 9.99123E-05 9.99123E-05 9.99123E-05 0.91141
9.99391E-05 9.99391E-05 0.0349504 0.0447809 0.111285 9.99391E-05 9.99391E-05 0.00919771 9.99391E-05 9.99391E-05 9.99391E-05 0.799087
9.99474E-05 9.99474E-05 0.0252683 0.0396138 9.99474E-05 0.0221719 9.99474E-05 0.0266389 9.99474E-05 0.00141632 9.99474E-05 0.884291
9.99211E-05 9.99211E-05 0.0214712 9.99211E-05 9.99211E-05 9.99211E-05 0.0524024 9.99211E-05 9.99211E-05 9.99211E-05 9.99211E-05 0.925227
9.99385E-05 9.99385E-05 0.112068 9.99385E-05 0.368368 9.99385E-05 0.10115 0.116186 9.99385E-05 9.99385E-05 9.99385E-05 0.301529
9.99385E-05 0.05724 0.20438 9.99385E-05 9.99385E-05 0.0377918 9.99385E-05 9.99385E-05 9.99385E-05 0.0172294 9.99385E-05 0.682659
9.99386E-05 9.99386E-05 0.0788264 9.99386E-05 0.0618316 9.99386E-05 0.0423519 0.0173348 9.99386E-05 9.99386E-05 9.99386E-05 0.798956
9.99123E-05 9.99123E-05 9.99123E-05 9.99123E-05 0.0589184 9.99123E-05 9.99123E-05 9.99123E-05 9.99123E-05 9.99123E-05 9.99123E-05 0.940082
9.99561E-05 0.0197712 0.250373 9.99561E-05 0.0754988 9.99561E-05 0.107728 0.196195 9.99561E-05 0.0557237 9.99561E-05 0.294211
9.995E-05 0.0852673 0.172366 0.00334135 0.124385 9.995E-05 9.995E-05 9.995E-05 9.995E-05 0.0920473 0.0173306 0.504762
9.99474E-05 9.99474E-05 0.183702 9.99474E-05 0.0644286 9.99474E-05 0.0664995 9.99474E-05 0.144072 9.99474E-05 0.0710887 0.46961
9.99385E-05 0.12631 0.284215 9.99385E-05 0.248867 9.99385E-05 9.99385E-05 0.00252084 9.99385E-05 9.99385E-05 9.99385E-05 0.337388
9.99123E-05 9.99123E-05 9.99123E-05 9.99123E-05 0.0103817 9.99123E-05 9.99123E-05 9.99123E-05 9.99123E-05 9.99123E-05 9.99123E-05 0.988619
9.9956E-05 0.0503463 0.044713 0.00134751 0.256413 0.183882 9.9956E-05 9.9956E-05 9.9956E-05 9.9956E-05 0.00119581 0.461603
9.99299E-05 9.99299E-05 0.128899 9.99299E-05 0.0183878 9.99299E-05 0.0576673 9.99299E-05 9.99299E-05 9.99299E-05 9.99299E-05 0.794247
9.99298E-05 9.99298E-05 0.141566 0.0513405 0.164433 9.99298E-05 9.99298E-05 9.99298E-05 9.99298E-05 9.99298E-05 9.99298E-05 0.641861
9.99297E-05 9.99297E-05 0.192534 9.99297E-05 9.99297E-05 9.99297E-05 9.99297E-05 9.99297E-05 9.99297E-05 0.00937803 0.16463 0.632659
9.99648E-05 0.101487 0.0474151 0.0702427 0.0739034 9.99648E-05 9.99648E-05 0.0383306 9.99648E-05 0.0350515 0.00808686 0.625082
9.99385E-05 9.99385E-05 0.248129 0.030346 0.237385 9.99385E-05 0.169704 9.99385E-05 9.99385E-05 9.99385E-05 9.99385E-05 0.313737
9.99297E-05 9.99297E-05 0.207036 0.00745719 0.211139 9.99297E-05 9.99297E-05 9.99297E-05 9.99297E-05 9.99297E-05 9.99297E-05 0.573568
9.99561E-05 9.99561E-05 0.132558 0.0294089 0.0386289 9.99561E-05 9.99561E-05 0.0814962 0.0221977 9.99561E-05 0.106342 0.588869
9.99297E-05 9.99297E-05 9.99297E-05 0.000435323 0.0891187 9.99297E-05 9.99297E-05 0.181641 9.99297E-05 9.99297E-05 9.99297E-05 0.728006
9.99297E-05 9.99297E-05 0.240321 9.99297E-05 0.0585667 9.99297E-05 0.00786179 9.99297E-05 9.99297E-05 9.99297E-05 9.99297E-05 0.692451
9.99033E-05 9.99033E-05 9.99033E-05 9.99033E-05 0.998901 9.99033E-05 9.99033E-05 9.99033E-05 9.99033E-05 9.99033E-05 9.99033E-05 9.99033E-05
9.99032E-05 9.99032E-05 0.998901 9.99032E-05 9.99032E-05 9.99032E-05 9.99032E-05 9.99032E-05 9.99032E-05 9.99032E-05 9.99032E-05 9.99032E-05
9.99032E-05 9.99032E-05 9.99032E-05 9.99032E-05 0.998901 9.99032E-05 9.99032E-05 9.99032E-05 9.99032E-05 9.99032E-05 9.99032E-05 9.99032E-05
9.99032E-05 9.99032E-05 0.998901 9.99032E-05 9.99032E-05 9.99032E-05 9.99032E-05 9.99032E-05 9.99032E-05 9.99032E-05 9.99032E-05 9.99032E-05
9.99032E-05 9.99032E-05 0.998901 9.99032E-05 9.99032E-05 9.99032E-05 9.99032E-05 9.99032E-05 9.99032E-05 9.99032E-05 9.99032E-05 9.99032E-05
9.99032E-05 9.99032E-05 0.998901 9.99032E-05 9.99032E-05 9.99032E-05 9.99032E-05 9.99032E-05 9.99032E-05 9.99032E-05 9.99032E-05 9.99032E-05
9.99032E-05 9.99032E-05 9.99032E-05 9.99032E-05 0.998901 9.99032E-05 9.99032E-05 9.99032E-05 9.99032E-05 9.99032E-05 9.99032E-05 9.99032E-05
9.99032E-05 9.99032E-05 0.998901 9.99032E-05 9.99032E-05 9.99032E-05 9.99032E-05 9.99032E-05 9.99032E-05 9.99032E-05 9.99032E-05 9.99032E-05
9.99032E-05 9.99032E-05 0.998901 9.99032E-05 9.99032E-05 9.99032E-05 9.99032E-05 9.99032E-05 9.99032E-05 9.99032E-05 9.99032E-05 9.99032E-05
9.99032E-05 9.99032E-05 9.99032E-05 9.99032E-05 0.998901 9.99032E-05 9.99032E-05 9.99032E-05 9.99032E-05 9.99032E-05 9.99032E-05 9.99032E-05
9.99032E-05 9.99032E-05 9.99032E-05 9.99032E-05 0.998901 9.99032E-05 9.99032E-05 9.99032E-05 9.99032E-05 9.99032E-05 9.99032E-05 9.99032E-05
9.99032E-05 9.99032E-05 9.99032E-05 9.99032E-05 0.998901 9.99032E-05 9.99032E-05 9.99032E-05 9.99032E-05 9.99032E-05 9.99032E-05 9.99032E-05
9.99032E-05 9.99032E-05 0.998901 9.99032E-05 9.99032E-05 9.99032E-05 9.99032E-05 9.99032E-05 9.99032E-05 9.99032E-05 9.99032E-05 9.99032E-05
9.99032E-05 9.99032E-05 0.998901 9.99032E-05 9.99032E-05 9.99032E-05 9.99032E-05 9.99032E-05 9.99032E-05 9.99032E-05 9.99032E-05 9.99032E-05
9.99032E-05 9.99032E-05 9.99032E-05 9.99032E-05 0.998901 9.99032E-05 9.99032E-05 9.99032E-05 9.99032E-05 9.99032E-05 9.99032E-05 9.99032E-05
9.99033E-05 9.99033E-05 9.99033E-05 9.99033E-05 0.998901 9.99033E-05 9.99033E-05 9.99033E-05 9.99033E-05 9.99033E-05 9.99033E-05 9.99033E-05
9.997E-05 9.997E-05 0.13909 9.997E-05 0.139946 0.19676 0.0503292 0.0321919 0.0325254 0.0264967 0.126937 0.255424
9.99032E-05 9.99032E-05 9.99032E-05 9.99032E-05 0.998901 9.99032E-05 9.99032E-05 9.99032E-05 9.99032E-05 9.99032E-05 9.99032E-05 9.99032E-05
9.99032E-05 9.99032E-05 0.998901 9.99032E-05 9.99032E-05 9.99032E-05 9.99032E-05 9.99032E-05 9.99032E-05 9.99032E-05 9.99032E-05 9.99032E-05
9.99032E-05 9.99032E-05 9.99032E-05 9.99032E-05 0.998901 9.99032E-05 9.99032E-05 9.99032E-05 9.99032E-05 9.99032E-05 9.99032E-05 9.99032E-05
9.99033E-05 9.99033E-05 9.99033E-05 9.99033E-05 0.998901 9.99033E-05 9.99033E-05 9.99033E-05 9.99033E-05 9.99033E-05 9.99033E-05 9.99033E-05
9.99032E-05 9.99032E-05 9.99032E-05 9.99032E-05 0.998901 9.99032E-05 9.99032E-05 9.99032E-05 9.99032E-05 9.99032E-05 9.99032E-05 9.99032E-05
9.99032E-05 9.99032E-05 0.998901 9.99032E-05 9.99032E-05 9.99032E-05 9.99032E-05 9.99032E-05 9.99032E-05 9.99032E-05 9.99032E-05 9.99032E-05
9.99033E-05 9.99033E-05 9.99033E-05 9.99033E-05 0.998901 9.99033E-05 9.99033E-05 9.99033E-05 9.99033E-05 9.99033E-05 9.99033E-05 9.99033E-05
9.99032E-05 9.99032E-05 0.998901 9.99032E-05 9.99032E-05 9.99032E-05 9.99032E-05 9.99032E-05 9.99032E-05 9.99032E-05 9.99032E-05 9.99032E-05
9.99032E-05 9.99032E-05 9.99032E-05 9.99032E-05 0.998901 9.99032E-05 9.99032E-05 9.99032E-05 9.99032E-05 9.99032E-05 9.99032E-05 9.99032E-05
9.99032E-05 9.99032E-05 9.99032E-05 9.99032E-05 0.998901 9.99032E-05 9.99032E-05 9.99032E-05 9.99032E-05 9.99032E-05 9.99032E-05 9.99032E-05
9.99033E-05 9.99033E-05 0.998901 9.99033E-05 9.99033E-05 9.99033E-05 9.99033E-05 9.99033E-05 9.99033E-05 9.99033E-05 9.99033E-05 9.99033E-05
9.99032E-05 9.99032E-05 0.998901 9.99032E-05 9.99032E-05 9.99032E-05 9.99032E-05 9.99032E-05 9.99032E-05 9.99032E-05 9.99032E-05 9.99032E-05
9.99033E-05 9.99033E-05 0.998901 9.99033E-05 9.99033E-05 9.99033E-05 9.99033E-05 9.99033E-05 9.99033E-05 9.99033E-05 9.99033E-05 9.99033E-05
9.99032E-05 9.99032E-05 9.99032E-05 9.99032E-05 0.998901 9.99032E-05 9.99032E-05 9.99032E-05 9.99032E-05 9.99032E-05 9.99032E-05 9.99032E-05
9.99032E-05 9.99032E-05 9.99032E-05 9.99032E-05 0.998901 9.99032E-05 9.99032E-05 9.99032E-05 9.99032E-05 9.99032E-05 9.99032E-05 9.99032E-05
9.99032E-05 9.99032E-05 9.99032E-05 9.99032E-05 0.998901 9.99032E-05 9.99032E-05 9.99032E-05 9.99032E-05 9.99032E-05 9.99032E-05 9.99032E-05
9.99032E-05 9.99032E-05 9.99032E-05 9.99032E-05 0.998901 9.99032E-05 9.99032E-05 9.99032E-05 9.99032E-05 9.99032E-05 9.99032E-05 9.99032E-05
9.99032E-05 9.99032E-05 9.99032E-05 9.99032E-05 0.998901 9.99032E-05 9.99032E-05 9.99032E-05 9.99032E-05 9.99032E-05 9.99032E-05 9.99032E-05
9.99032E-05 9.99032E-05 0.998901 9.99032E-05 9.99032E-05 9.99032E-05 9.99032E-05 9.99032E-05 9.99032E-05 9.99032E-05 9.99032E-05 9.99032E-05
9.99032E-05 9.99032E-05 0.998901 9.99032E-05 9.99032E-05 9.99032E-05 9.99032E-05 9.99032E-05 9.99032E-05 9.99032E-05 9.99032E-05 9.99032E-05
9.99033E-05 9.99033E-05 0.998901 9.99033E-05 9.99033E-05 9.99033E-05 9.99033E-05 9.99033E-05 9.99033E-05 9.99033E-05 9.99033E-05 9.99033E-05
9.99032E-05 9.99032E-05 9.99032E-05 9.99032E-05 0.998901 9.99032E-05 9.99032E-05 9.99032E-05 9.99032E-05 9.99032E-05 9.99032E-05 9.99032E-05
9.99032E-05 9.99032E-05 0.998901 9.99032E-05 9.99032E-05 9.99032E-05 9.99032E-05 9.99032E-05 9.99032E-05 9.99032E-05 9.99032E-05 9.99032E-05
9.99032E-05 9.99032E-05 0.998901 9.99032E-05 9.99032E-05 9.99032E-05 9.99032E-05 9.99032E-05 9.99032E-05 9.99032E-05 9.99032E-05 9.99032E-05
9.99032E-05 9.99032E-05 0.998901 9.99032E-05 9.99032E-05 9.99032E-05 9.99032E-05 9.99032E-05 9.99032E-05 9.99032E-05 9.99032E-05 9.99032E-05
9.99032E-05 9.99032E-05 0.998901 9.99032E-05 9.99032E-05 9.99032E-05 9.99032E-05 9.99032E-05 9.99032E-05 9.99032E-05 9.99032E-05 9.99032E-05
9.99031E-05 9.99031E-05 9.99031E-05 9.99031E-05 0.998901 9.99031E-05 9.99031E-05 9.99031E-05 9.99031E-05 9.99031E-05 9.99031E-05 9.99031E-05
9.99033E-05 9.99033E-05 0.998901 9.99033E-05 9.99033E-05 9.99033E-05 9.99033E-05 9.99033E-05 9.99033E-05 9.99033E-05 9.99033E-05 9.99033E-05
9.99033E-05 9.99033E-05 0.998901 9.99033E-05 9.99033E-05 9.99033E-05 9.99033E-05 9.99033E-05 9.99033E-05 9.99033E-05 9.99033E-05 9.99033E-05
9.996E-05 9.996E-05 0.110872 9.996E-05 0.221689 0.105961 0.00843236 0.0767908 0.0799964 9.996E-05 0.0873825 0.308476
9.99032E-05 9.99032E-05 9.99032E-05 9.99032E-05 0.998901 9.99032E-05 9.99032E-05 9.99032E-05 9.99032E-05 9.99032E-05 9.99032E-05 9.99032E-05
9.99033E-05 9.99033E-05 0.998901 9.99033E-05 9.99033E-05 9.99033E-05 9.99033E-05 9.99033E-05 9.99033E-05 9.99033E-05 9.99033E-05 9.99033E-05
9.99032E-05 9.99032E-05 0.998901 9.99032E-05 9.99032E-05 9.99032E-05 9.99032E-05 9.99032E-05 9.99032E-05 9.99032E-05 9.99032E-05 9.99032E-05
9.99032E-05 9.99032E-05 0.998901 9.99032E-05 9.99032E-05 9.99032E-05 9.99032E-05 9.99032E-05 9.99032E-05 9.99032E-05 9.99032E-05 9.99032E-05
9.99032E-05 9.99032E-05 0.998901 9.99032E-05 9.99032E-05 9.99032E-05 9.99032E-05 9.99032E-05 9.99032E-05 9.99032E-05 9.99032E-05 9.99032E-05
9.99032E-05 9.99032E-05 9.99032E-05 9.99032E-05 0.998901 9.99032E-05 9.99032E-05 9.99032E-05 9.99032E-05 9.99032E-05 9.99032E-05 9.99032E-05
9.99032E-05 9.99032E-05 0.998901 9.99032E-05 9.99032E-05 9.99032E-05 9.99032E-05 9.99032E-05 9.99032E-05 9.99032E-05 9.99032E-05 9.99032E-05
9.99032E-05 9.99032E-05 9.99032E-05 9.99032E-05 0.998901 9.99032E-05 9.99032E-05 9.99032E-05 9.99032E-05 9.99032E-05 9.99032E-05 9.99032E-05
9.99032E-05 9.99032E-05 0.998901 9.99032E-05 9.99032E-05 9.99032E-05 9.99032E-05 9.99032E-05 9.99032E-05 9.99032E-05 9.99032E-05 9.99032E-05
9.99032E-05 9.99032E-05 9.99032E-05 9.99032E-05 0.998901 9.99032E-05 9.99032E-05 9.99032E-05 9.99032E-05 9.99032E-05 9.99032E-05 9.99032E-05
9.99032E-05 9.99032E-05 0.998901 9.99032E-05 9.99032E-05 9.99032E-05 9.99032E-05 9.99032E-05 9.99032E-05 9.99032E-05 9.99032E-05 9.99032E-05
9.99032E-05 9.99032E-05 0.998901 9.99032E-05 9.99032E-05 9.99032E-05 9.99032E-05 9.99032E-05 9.99032E-05 9.99032E-05 9.99032E-05 9.99032E-05
9.99032E-05 9.99032E-05 0.998901 9.99032E-05 9.99032E-05 9.99032E-05 9.99032E-05 9.99032E-05 9.99032E-05 9.99032E-05 9.99032E-05 9.99032E-05
9.99032E-05 9.99032E-05 0.998901 9.99032E-05 9.99032E-05 9.99032E-05 9.99032E-05 9.99032E-05 9.99032E-05 9.99032E-05 9.99032E-05 9.99032E-05
9.99032E-05 9.99032E-05 0.998901 9.99032E-05 9.99032E-05 9.99032E-05 9.99032E-05 9.99032E-05 9.99032E-05 9.99032E-05 9.99032E-05 9.99032E-05
9.99032E-05 9.99032E-05 0.998901 9.99032E-05 9.99032E-05 9.99032E-05 9.99032E-05 9.99032E-05 9.99032E-05 9.99032E-05 9.99032E-05 9.99032E-05
9.99032E-05 9.99032E-05 9.99032E-05 9.99032E-05 0.998901 9.99032E-05 9.99032E-05 9.99032E-05 9.99032E-05 9.99032E-05 9.99032E-05 9.99032E-05
9.99032E-05 9.99032E-05 9.99032E-05 9.99032E-05 0.998901 9.99032E-05 9.99032E-05 9.99032E-05 9.99032E-05 9.99032E-05 9.99032E-05 9.99032E-05
9.99032E-05 9.99032E-05 9.99032E-05 9.99032E-05 0.998901 9.99032E-05 9.99032E-05 9.99032E-05 9.99032E-05 9.99032E-05 9.99032E-05 9.99032E-05
9.99032E-05 9.99032E-05 0.998901 9.99032E-05 9.99032E-05 9.99032E-05 9.99032E-05 9.99032E-05 9.99032E-05 9.99032E-05 9.99032E-05 9.99032E-05
9.99032E-05 9.99032E-05 9.99032E-05 9.99032E-05 0.998901 9.99032E-05 9.99032E-05 9.99032E-05 9.99032E-05 9.99032E-05 9.99032E-05 9.99032E-05
9.99032E-05 9.99032E-05 9.99032E-05 9.99032E-05 0.998901 9.99032E-05 9.99032E-05 9.99032E-05 9.99032E-05 9.99032E-05 9.99032E-05 9.99032E-05
9.99032E-05 9.99032E-05 9.99032E-05 9.99032E-05 0.998901 9.99032E-05 9.99032E-05 9.99032E-05 9.99032E-05 9.99032E-05 9.99032E-05 9.99032E-05
9.99032E-05 9.99032E-05 0.998901 9.99032E-05 9.99032E-05 9.99032E-05 9.99032E-05 9.99032E-05 9.99032E-05 9.99032E-05 9.99032E-05 9.99032E-05
9.99032E-05 9.99032E-05 0.998901 9.99032E-05 9.99032E-05 9.99032E-05 9.99032E-05 9.99032E-05 9.99032E-05 9.99032E-05 9.99032E-05 9.99032E-05
9.99032E-05 9.99032E-05 0.998901 9.99032E-05 9.99032E-05 9.99032E-05 9.99032E-05 9.99032E-05 9.99032E-05 9.99032E-05 9.99032E-05 9.99032E-05
9.99032E-05 9.99032E-05 9.99032E-05 9.99032E-05 0.998901 9.99032E-05 9.99032E-05 9.99032E-05 9.99032E-05 9.99032E-05 9.99032E-05 9.99032E-05
9.99032E-05 9.99032E-05 0.998901 9.99032E-05 9.99032E-05 9.99032E-05 9.99032E-05 9.99032E-05 9.99032E-05 9.99032E-05 9.99032E-05 9.99032E-05
9.99032E-05 9.99032E-05 0.998901 9.99032E-05 9.99032E-05 9.99032E-05 9.99032E-05 9.99032E-05 9.99032E-05 9.99032E-05 9.99032E-05 9.99032E-05
9.99032E-05 9.99032E-05 9.99032E-05 9.99032E-05 0.998901 9.99032E-05 9.99032E-05 9.99032E-05 9.99032E-05 9.99032E-05 9.99032E-05 9.99032E-05
9.99032E-05 9.99032E-05 0.998901 9.99032E-05 9.99032E-05 9.99032E-05 9.99032E-05 9.99032E-05 9.99032E-05 9.99032E-05 9.99032E-05 9.99032E-05
9.99033E-05 9.99033E-05 0.998901 9.99033E-05 9.99033E-05 9.99033E-05 9.99033E-05 9.99033E-05 9.99033E-05 9.99033E-05 9.99033E-05 9.99033E-05
9.996E-05 9.996E-05 0.153584 0.19034 0.316975 9.996E-05 0.0349328 0.00835496 9.996E-05 0.0393371 0.0216571 0.234419
9.99032E-05 9.99032E-05 9.99032E-05 9.99032E-05 0.998901 9.99032E-05 9.99032E-05 9.99032E-05 9.99032E-05 9.99032E-05 9.99032E-05 9.99032E-05
9.99032E-05 9.99032E-05 0.998901 9.99032E-05 9.99032E-05 9.99032E-05 9.99032E-05 9.99032E-05 9.99032E-05 9.99032E-05 9.99032E-05 9.99032E-05
9.99386E-05 9.99386E-05 0.459912 0.0405481 0.0378229 9.99386E-05 9.99386E-05 9.99386E-05 0.0866696 9.99386E-05 9.99386E-05 0.374348
9.99473E-05 9.99473E-05 0.248763 9.99473E-05 0.203465 0.0874069 9.99473E-05 0.0421167 0.0206089 9.99473E-05 9.99473E-05 0.39704
9.99297E-05 9.99297E-05 0.214883 9.99297E-05 0.346209 9.99297E-05 9.99297E-05 9.99297E-05 0.071478 9.99297E-05 9.99297E-05 0.366631
9.99384E-05 9.99384E-05 9.99384E-05 9.99384E-05 0.199105 9.99384E-05 9.99384E-05 0.0284224 9.99384E-05 0.0708711 0.0582695 0.642633
9.99297E-05 9.99297E-05 0.304752 9.99297E-05 0.303253 9.99297E-05 0.0336657 9.99297E-05 9.99297E-05 9.99297E-05 9.99297E-05 0.357529
9.99299E-05 9.99299E-05 0.205317 9.99299E-05 0.0522923 9.99299E-05 0.0476517 9.99299E-05 9.99299E-05 9.99299E-05 9.99299E-05 0.69394
9.99385E-05 0.30868 0.299282 9.99385E-05 0.159557 9.99385E-05 9.99385E-05 0.0461457 9.99385E-05 9.99385E-05 9.99385E-05 0.185636
9.99473E-05 9.99473E-05 0.101878 0.071058 0.107311 9.99473E-05 9.99473E-05 9.99473E-05 0.0618746 0.0887399 9.99473E-05 0.568539
9.9921E-05 9.9921E-05 0.211663 9.9921E-05 0.022845 9.9921E-05 9.9921E-05 9.9921E-05 9.9921E-05 9.9921E-05 9.9921E-05 0.764593
9.9956E-05 0.0331907 9.9956E-05 9.9956E-05 0.146171 0.0128498 9.9956E-05 0.0161084 0.0644772 9.9956E-05 0.0384001 0.688303
9.99297E-05 9.99297E-05 0.0712562 0.0952492 0.243047 9.99297E-05 9.99297E-05 9.99297E-05 9.99297E-05 9.99297E-05 9.99297E-05 0.589648
9.99385E-05 0.0323358 0.677277 9.99385E-05 0.000467167 0.0274184 9.99385E-05 9.99385E-05 9.99385E-05 9.99385E-05 9.99385E-05 0.261802
9.99473E-05 0.105598 0.264769 9.99473E-05 0.311241 9.99473E-05 9.99473E-05 9.99473E-05 9.99473E-05 0.0345461 0.0820167 0.201229
9.99384E-05 9.99384E-05 0.0736159 9.99384E-05 0.103019 9.99384E-05 9.99384E-05 0.00996982 9.99384E-05 0.137727 9.99384E-05 0.674968
9.99296E-05 9.99296E-05 0.188937 0.0855594 0.237452 9.99296E-05 9.99296E-05 9.99296E-05 9.99296E-05 9.99296E-05 9.99296E-05 0.487252
9.99473E-05 0.144556 0.306922 0.0323073 0.14126 9.99473E-05 0.0562383 9.99473E-05 9.99473E-05 9.99473E-05 9.99473E-05 0.318116
9.99386E-05 9.99386E-05 0.203846 9.99386E-05 0.0592213 9.99386E-05 9.99386E-05 0.0207666 0.0627963 9.99386E-05 9.99386E-05 0.652671
9.99473E-05 9.99473E-05 0.0984302 0.0547804 0.387205 9.99473E-05 0.0105233 9.99473E-05 9.99473E-05 9.99473E-05 0.101269 0.347192
9.9956E-05 0.0415383 0.145978 9.9956E-05 0.0436907 9.9956E-05 0.244891 0.123263 0.0306593 9.9956E-05 9.9956E-05 0.36948
9.99385E-05 9.99385E-05 0.172294 9.99385E-05 0.250176 0.0966976 9.99385E-05 9.99385E-05 0.0365803 9.99385E-05 9.99385E-05 0.443552
9.99472E-05 9.99472E-05 0.138683 9.99472E-05 0.0935124 0.149772 0.00330722 0.0451232 9.99472E-05 9.99472E-05 9.99472E-05 0.569003
9.99297E-05 9.99297E-05 0.301663 9.99297E-05 9.99297E-05 9.99297E-05 0.0183746 9.99297E-05 9.99297E-05 9.99297E-05 0.0868216 0.592341
9.995E-05 9.995E-05 0.173452 0.031183 0.169281 9.995E-05 9.995E-05 0.0393887 9.995E-05 0.0267369 0.113994 0.445466
9.99384E-05 9.99384E-05 0.182394 9.99384E-05 0.117224 9.99384E-05 9.99384E-05 0.0780441 9.99384E-05 0.00359484 9.99384E-05 0.618043
9.99384E-05 9.99384E-05 0.106425 9.99384E-05 0.0672495 9.99384E-05 9.99384E-05 9.99384E-05 0.0322702 0.0907829 9.99384E-05 0.702573
9.99123E-05 9.99123E-05 9.99123E-05 9.99123E-05 9.99123E-05 9.99123E-05 0.0643508 9.99123E-05 9.99123E-05 9.99123E-05 9.99123E-05 0.93465
9.99472E-05 9.99472E-05 0.118728 9.99472E-05 0.130049 0.0812275 0.0869579 9.99472E-05 0.0385274 9.99472E-05 9.99472E-05 0.543911
9.99298E-05 9.99298E-05 0.241798 9.99298E-05 0.292431 9.99298E-05 9.99298E-05 9.99298E-05 0.169103 9.99298E-05 9.99298E-05 0.295868
9.99385E-05 9.99385E-05 9.99385E-05 9.99385E-05 0.0410528 0.177859 9.99385E-05 9.99385E-05 9.99385E-05 0.0869283 0.0217703 0.67169
9.99385E-05 9.99385E-05 0.203108 9.99385E-05 0.084768 9.99385E-05 9.99385E-05 0.0581686 9.99385E-05 0.144436 9.99385E-05 0.508819
9.99473E-05 9.99473E-05 0.381471 0.0386455 0.166714 0.150634 0.0295728 9.99473E-05 9.99473E-05 9.99473E-05 9.99473E-05 0.232362
9.99298E-05 9.99298E-05 0.275678 0.0686423 0.100512 9.99298E-05 9.99298E-05 9.99298E-05 9.99298E-05 9.99298E-05 9.99298E-05 0.554368
9.99473E-05 9.99473E-05 0.236902 9.99473E-05 0.18971 0.0577582 0.12528 9.99473E-05 9.99473E-05 0.0088504 9.99473E-05 0.380899
9.99473E-05 9.99473E-05 0.221796 0.0215738 0.197299 0.0677508 9.99473E-05 9.99473E-05 9.99473E-05 0.035144 9.99473E-05 0.455836
9.99384E-05 9.99384E-05 0.236324 0.0570053 0.154441 9.99384E-05 9.99384E-05 9.99384E-05 9.99384E-05 0.0945087 9.99384E-05 0.457022
9.99297E-05 9.99297E-05 0.0519382 9.99297E-05 0.300202 0.0307605 9.99297E-05 9.99297E-05 9.99297E-05 9.99297E-05 9.99297E-05 0.6163
9.99035E-05 9.99035E-05 9.99035E-05 9.99035E-05 9.99035E-05 9.99035E-05 9.99035E-05 9.99035E-05 9.99035E-05 9.99035E-05 9.99035E-05 0.998901
9.99472E-05 0.315074 9.99472E-05 0.0772215 0.146993 9.99472E-05 9.99472E-05 9.99472E-05 9.99472E-05 0.030561 0.0718068 0.357744
9.99473E-05 9.99473E-05 0.0222744 0.143607 0.0491375 9.99473E-05 9.99473E-05 0.123659 9.99473E-05 9.99473E-05 0.0611427 0.59958
9.99385E-05 0.0146193 0.208274 9.99385E-05 0.0901528 0.259177 9.99385E-05 9.99385E-05 9.99385E-05 9.99385E-05 9.99385E-05 0.427078
9.99384E-05 9.99384E-05 0.099436 9.99384E-05 0.30751 9.99384E-05 9.99384E-05 0.10331 9.99384E-05 0.0283998 9.99384E-05 0.460645
9.99649E-05 0.0234654 0.0907383 0.00154985 0.0868338 0.137912 9.99649E-05 0.0531268 0.0345815 9.99649E-05 9.99649E-05 0.571392
9.99385E-05 9.99385E-05 0.187102 9.99385E-05 0.231886 0.0965423 9.99385E-05 9.99385E-05 0.0876945 9.99385E-05 9.99385E-05 0.396076
9.99474E-05 9.99474E-05 0.519133 9.99474E-05 0.0753772 0.0808344 0.1032 9.99474E-05 9.99474E-05 0.0321089 9.99474E-05 0.188747
9.99648E-05 0.0223879 0.411768 0.00193107 0.225598 0.0127273 0.137105 9.99648E-05 9.99648E-05 0.0420802 9.99648E-05 0.146003
9.99472E-05 9.99472E-05 0.200308 0.00161813 0.132993 9.99472E-05 9.99472E-05 0.0748061 9.99472E-05 0.0178952 9.99472E-05 0.571779
9.99033E-05 9.99033E-05 9.99033E-05 9.99033E-05 9.99033E-05 9.99033E-05 9.99033E-05 9.99033E-05 9.99033E-05 9.99033E-05 9.99033E-05 0.998901
9.99472E-05 9.99472E-05 0.215269 0.00839828 0.0196506 9.99472E-05 9.99472E-05 0.0833722 9.99472E-05 0.0103904 9.99472E-05 0.66232
9.99123E-05 9.99123E-05 9.99123E-05 9.99123E-05 9.99123E-05 0.00354713 9.99123E-05 9.99123E-05 9.99123E-05 9.99123E-05 9.99123E-05 0.995454
9.996E-05 9.996E-05 0.23416 0.00719257 0.172171 0.0118987 0.170238 9.996E-05 9.996E-05 0.0225329 0.106688 0.274719
9.99123E-05 9.99123E-05 9.99123E-05 9.99123E-05 9.99123E-05 9.99123E-05 0.11642 9.99123E-05 9.99123E-05 9.99123E-05 9.99123E-05 0.882581
9.99297E-05 9.99297E-05 9.99297E-05 0.0580447 0.345373 9.99297E-05 0.00718197 9.99297E-05 9.99297E-05 9.99297E-05 9.99297E-05 0.588601
9.99472E-05 0.0399346 9.99472E-05 0.0114823 0.175706 0.206048 0.231724 9.99472E-05 9.99472E-05 9.99472E-05 9.99472E-05 0.334505
9.99473E-05 9.99473E-05 0.247254 0.00337069 0.0825612 0.042145 0.176924 9.99473E-05 9.99473E-05 9.99473E-05 9.99473E-05 0.447146
9.99384E-05 9.99384E-05 0.0184954 0.0228169 0.0563126 0.280848 9.99384E-05 9.99384E-05 9.99384E-05 9.99384E-05 9.99384E-05 0.620827
9.99385E-05 0.0211233 0.375712 9.99385E-05 0.0953663 9.99385E-05 9.99385E-05 9.99385E-05 0.0399427 9.99385E-05 9.99385E-05 0.467156
9.99212E-05 9.99212E-05 9.99212E-05 9.99212E-05 0.115887 9.99212E-05 0.204869 9.99212E-05 9.99212E-05 9.99212E-05 9.99212E-05 0.678344
9.99297E-05 9.99297E-05 0.196623 0.0622425 9.99297E-05 9.99297E-05 0.0214967 9.99297E-05 9.99297E-05 9.99297E-05 9.99297E-05 0.718839
9.99298E-05 9.99298E-05 0.213035 9.99298E-05 0.250489 9.99298E-05 9.99298E-05 0.0425373 9.99298E-05 9.99298E-05 9.99298E-05 0.49314
9.99386E-05 9.99386E-05 0.229176 9.99386E-05 0.191476 9.99386E-05 0.116117 9.99386E-05 9.99386E-05 0.0183721 9.99386E-05 0.444158
9.99035E-05 9.99035E-05 9.99035E-05 9.99035E-05 9.99035E-05 9.99035E-05 9.99035E-05 9.99035E-05 9.99035E-05 9.99035E-05 9.99035E-05 0.998901
9.99123E-05 9.99123E-05 0.142647 9.99123E-05 9.99123E-05 9.99123E-05 9.99123E-05 9.99123E-05 9.99123E-05 9.99123E-05 9.99123E-05 0.856354
0.0352481 9.99212E-05 9.99212E-05 9.99212E-05 0.166099 9.99212E-05 9.99212E-05 9.99212E-05 9.99212E-05 9.99212E-05 9.99212E-05 0.797754
9.99385E-05 9.99385E-05 0.124358 0.081456 0.164357 9.99385E-05 9.99385E-05 9.99385E-05 0.00589355 9.99385E-05 9.99385E-05 0.623236
9.99297E-05 9.99297E-05 0.247615 9.99297E-05 0.124079 9.99297E-05 9.99297E-05 0.144015 9.99297E-05 9.99297E-05 9.99297E-05 0.483491
9.9921E-05 9.9921E-05 0.29252 9.9921E-05 9.9921E-05 9.9921E-05 9.9921E-05 9.9921E-05 9.9921E-05 9.9921E-05 0.0217851 0.684795
9.99211E-05 9.99211E-05 0.0548228 9.99211E-05 0.0336181 9.99211E-05 9.99211E-05 9.99211E-05 9.99211E-05 9.99211E-05 9.99211E-05 0.91066
9.99473E-05 0.00928378 0.282934 9.99473E-05 0.207074 9.99473E-05 9.99473E-05 0.125084 0.000305778 9.99473E-05 9.99473E-05 0.374718
9.99296E-05 9.99296E-05 0.0430345 0.0603482 0.40415 9.99296E-05 9.99296E-05 9.99296E-05 9.99296E-05 9.99296E-05 9.99296E-05 0.491668
9.99298E-05 9.99298E-05 9.99298E-05 0.0242782 0.0111923 9.99298E-05 0.248514 9.99298E-05 9.99298E-05 9.99298E-05 9.99298E-05 0.715216
