9.99824E-05 0.381354 9.99824E-05 0.12892 0.489526
9.99824E-05 0.169189 9.99824E-05 0.0588086 0.771803
0.00152131 0.0103054 0.00641936 0.0657842 0.91597
0.104805 0.092563 0.206978 0.265699 0.329956
0.0183821 9.99824E-05 9.99824E-05 0.130001 0.851417
0.269904 0.195103 9.99912E-05 0.240058 0.294835
9.99824E-05 0.245931 9.99824E-05 0.440506 0.313364
0.216277 9.99825E-05 9.99825E-05 0.549019 0.234505
0.28274 0.343272 0.114604 9.99912E-05 0.259283
9.99736E-05 9.99736E-05 0.0863387 9.99736E-05 0.913361
9.999E-05 0.344059 0.0130476 0.0946723 0.548121
9.99736E-05 9.99736E-05 9.99736E-05 0.0540723 0.945628
9.99824E-05 0.133539 9.99824E-05 0.01944 0.846821
0.119078 0.153204 0.0262363 0.0094113 0.692071
0.22804 0.266309 0.0835798 9.99912E-05 0.421971
0.129321 0.286824 9.99912E-05 0.279928 0.303827
0.0520337 0.121229 0.0466219 0.117704 0.662411
0.0225825 0.310068 0.0878668 0.269915 0.309568
0.0133852 0.354282 9.99912E-05 0.229733 0.4025
9.997E-05 9.997E-05 9.997E-05 9.997E-05 0.9996
0.0824463 0.0177647 0.0686059 0.34442 0.486763
0.275176 0.116727 9.99912E-05 0.325149 0.282848
9.99737E-05 0.325895 9.99737E-05 9.99737E-05 0.673805
9.99824E-05 0.441127 9.99824E-05 0.150614 0.408059
0.256526 0.162209 0.254844 0.00610591 0.320314
0.0529732 0.091283 9.99912E-05 0.0917495 0.763894
0.120879 0.357913 0.00996502 0.424717 0.0865264
9.99824E-05 0.175046 9.99824E-05 0.0575666 0.767188
9.99824E-05 0.318712 0.0240141 9.99824E-05 0.657074
0.0634965 0.13607 9.99824E-05 9.99824E-05 0.800233
9.99912E-05 0.171239 0.0463753 0.151646 0.63064
0.235456 0.135332 9.99912E-05 0.155853 0.473259
0.00555648 0.196606 9.99912E-05 0.243887 0.553851
0.050093 0.205121 0.00160583 0.169448 0.573732
9.99824E-05 0.0908729 0.053122 9.99824E-05 0.855805
9.99824E-05 0.113335 9.99824E-05 0.224389 0.662076
9.99737E-05 9.99737E-05 9.99737E-05 0.0675263 0.932174
0.191273 0.0671072 0.112304 9.99912E-05 0.629216
0.0902787 0.239715 9.99912E-05 0.0935631 0.576343
0.115638 0.0863779 9.99912E-05 0.161746 0.636139
9.99824E-05 0.0969069 9.99824E-05 0.0596785 0.843215
9.99825E-05 0.325973 9.99825E-05 0.027322 0.646505
0.0404259 9.99824E-05 9.99824E-05 0.0579909 0.901383
0.0327257 0.422561 9.99912E-05 0.0959474 0.448666
9.99912E-05 0.361325 0.0204304 0.286566 0.331578
9.99824E-05 0.0321396 0.0916344 9.99824E-05 0.876026
9.99824E-05 0.0332515 9.99824E-05 0.0734418 0.893107
9.99737E-05 9.99737E-05 9.99737E-05 0.0974981 0.902202
9.99824E-05 0.188151 9.99824E-05 0.11218 0.699469
9.99825E-05 0.0386889 9.99825E-05 0.15994 0.801171
0.127105 0.328245 0.0272203 0.209109 0.308321
0.054066 0.00645768 0.263672 9.99912E-05 0.675704
9.99737E-05 0.09861 9.99737E-05 9.99737E-05 0.90109
0.0440825 0.0219459 0.0611607 0.210635 0.662176
9.99912E-05 0.121658 0.0455923 0.0387608 0.793889
0.0747992 9.99912E-05 0.0905868 0.0525923 0.781922
9.99824E-05 0.184698 9.99824E-05 0.117035 0.698067
9.99825E-05 0.0236734 9.99825E-05 0.121503 0.854623
9.99824E-05 0.072855 9.99824E-05 0.0793673 0.847578
0.017521 0.664106 9.99912E-05 0.275263 0.0430101
9.99825E-05 0.446212 9.99825E-05 0.205747 0.347841
0.0491222 0.317781 9.99912E-05 0.391597 0.2414
0.309862 0.630399 9.99825E-05 0.0595394 9.99825E-05
0.0200572 0.547076 0.0256843 0.333496 0.0736862
9.99737E-05 0.876233 9.99737E-05 0.123467 9.99737E-05
9.99824E-05 0.771262 9.99824E-05 0.206785 0.0217539
0.0882241 0.667973 9.99824E-05 0.243603 9.99824E-05
0.0103164 0.688938 9.99912E-05 0.123888 0.176758
9.99824E-05 0.468042 9.99824E-05 0.21192 0.319838
9.99824E-05 0.735448 0.0375982 0.226754 9.99824E-05
9.99737E-05 0.563451 9.99737E-05 0.436249 9.99737E-05
0.110179 0.402628 9.99824E-05 0.486994 9.99824E-05
9.99737E-05 0.882378 9.99737E-05 0.117322 9.99737E-05
0.128985 0.380156 9.99912E-05 0.200179 0.29058
0.177502 0.505377 9.99912E-05 0.0937444 0.223277
9.99737E-05 0.525737 9.99737E-05 0.473963 9.99737E-05
0.056018 0.348851 9.99912E-05 0.520361 0.0746696
9.99825E-05 0.525107 9.99825E-05 0.266318 0.208375
9.99736E-05 0.759611 9.99736E-05 0.240089 9.99736E-05
9.99825E-05 0.496517 9.99825E-05 0.181496 0.321787
9.99824E-05 0.724409 9.99824E-05 0.244508 0.0308824
0.117911 0.482842 9.99912E-05 0.184394 0.214753
0.0506575 0.365312 9.99912E-05 0.441133 0.142797
0.0728119 0.370112 9.99912E-05 0.319839 0.237137
0.0116957 0.630468 9.99912E-05 0.0474513 0.310285
0.00876285 0.429778 9.99912E-05 0.158809 0.402549
0.0559733 0.607684 9.99912E-05 0.150371 0.185871
0.115372 0.278907 9.99912E-05 0.354003 0.251618
0.235637 0.503589 9.99912E-05 0.031262 0.229411
0.866941 0.132759 9.99736E-05 9.99736E-05 9.99736E-05
0.856845 0.000249394 0.000439592 9.99912E-05 0.142366
0.607501 0.275157 0.00118814 0.116053 9.99912E-05
0.808629 0.110143 0.0810279 9.99824E-05 9.99824E-05
0.862059 0.00361746 0.134123 9.99824E-05 9.99824E-05
0.769482 0.230218 9.99736E-05 9.99736E-05 9.99736E-05
0.768304 0.124213 9.99824E-05 0.107282 9.99824E-05
0.914843 0.0714426 0.0135143 9.99824E-05 9.99824E-05
0.747471 0.250167 9.99824E-05 0.00216177 9.99824E-05
0.64519 0.299541 9.99824E-05 0.0550682 9.99824E-05
0.773361 0.226339 9.99737E-05 9.99737E-05 9.99737E-05
0.609775 0.352763 0.0204064 9.99912E-05 0.0169555
0.9996 9.997E-05 9.997E-05 9.997E-05 9.997E-05
0.739938 0.259762 9.99737E-05 9.99737E-05 9.99737E-05
0.677528 0.00487349 0.159161 0.158338 9.99912E-05
0.539702 0.392687 0.0263282 0.0411822 9.99912E-05
0.44794 0.431049 0.120811 9.99824E-05 9.99824E-05
0.796215 9.99825E-05 9.99825E-05 0.140033 0.0635522
0.828926 9.99825E-05 0.106062 0.0648124 9.99825E-05
0.64916 0.134209 0.144872 0.0716588 9.99912E-05
0.712776 0.235955 9.99824E-05 0.0510687 9.99824E-05
0.927277 9.99824E-05 0.0060823 0.0664411 9.99824E-05
0.535606 0.354814 0.10938 9.99824E-05 9.99824E-05
0.9996 9.997E-05 9.997E-05 9.997E-05 9.997E-05
0.566966 0.330785 0.102049 9.99824E-05 9.99824E-05
0.614175 0.385525 9.99737E-05 9.99737E-05 9.99737E-05
0.667155 0.00280665 0.116826 9.99912E-05 0.213112
0.813664 0.0610406 0.112518 0.0126768 9.99912E-05
0.76175 0.237951 9.99737E-05 9.99737E-05 9.99737E-05
0.656894 0.173589 0.073191 0.0962254 9.99912E-05
0.613468 0.363243 0.0230892 9.99824E-05 9.99824E-05
0.8517 9.99824E-05 0.141931 0.00616937 9.99824E-05
0.67838 0.082277 0.239143 9.99824E-05 9.99824E-05
0.699531 0.0659916 0.201788 0.0325891 9.99912E-05
0.801557 0.153432 0.0448112 9.99824E-05 9.99824E-05
0.835067 0.0479078 9.99824E-05 0.116826 9.99824E-05
0.667505 0.283958 9.99824E-05 0.0483362 9.99824E-05
0.969436 9.99737E-05 0.0302636 9.99737E-05 9.99737E-05
0.88495 0.0249141 0.0899363 9.99825E-05 9.99825E-05
0.880371 9.99825E-05 0.0827136 9.99825E-05 0.0367157
0.887275 9.99825E-05 0.072253 9.99825E-05 0.0402716
0.536101 0.463599 9.99736E-05 9.99736E-05 9.99736E-05
0.876533 9.99824E-05 0.0468852 0.0763815 9.99824E-05
0.794356 0.0576849 0.071749 9.99912E-05 0.0761099
0.770367 0.0541946 9.99825E-05 9.99825E-05 0.175238
0.623266 0.242109 0.134425 9.99824E-05 9.99824E-05
0.660582 0.294842 9.99824E-05 0.0443763 9.99824E-05
0.70802 0.112201 0.052433 0.127246 9.99912E-05
0.71914 0.146185 0.114044 0.020531 9.99912E-05
0.912954 0.0571575 9.99825E-05 9.99825E-05 0.0296881
0.519257 0.230308 0.115633 0.134703 9.99912E-05
0.816477 0.10462 9.99825E-05 9.99825E-05 0.0787024
0.81361 0.18609 9.99737E-05 9.99737E-05 9.99737E-05
0.824061 0.108435 0.00080023 0.066604 9.99912E-05
0.735854 0.0610127 0.0293336 0.1737 9.99912E-05
0.496124 0.503576 9.99736E-05 9.99736E-05 9.99736E-05
0.975964 9.99736E-05 0.0237365 9.99736E-05 9.99736E-05
0.808408 0.0597115 0.0559011 0.0758796 9.99912E-05
0.587894 0.116397 0.295509 9.99824E-05 9.99824E-05
0.854115 0.145585 9.99737E-05 9.99737E-05 9.99737E-05
9.997E-05 0.9996 9.997E-05 9.997E-05 9.997E-05
0.9996 9.997E-05 9.997E-05 9.997E-05 9.997E-05
9.997E-05 0.9996 9.997E-05 9.997E-05 9.997E-05
0.9996 9.997E-05 9.997E-05 9.997E-05 9.997E-05
0.9996 9.997E-05 9.997E-05 9.997E-05 9.997E-05
0.9996 9.997E-05 9.997E-05 9.997E-05 9.997E-05
9.997E-05 0.9996 9.997E-05 9.997E-05 9.997E-05
0.9996 9.997E-05 9.997E-05 9.997E-05 9.997E-05
0.9996 9.997E-05 9.997E-05 9.997E-05 9.997E-05
9.997E-05 0.9996 9.997E-05 9.997E-05 9.997E-05
9.997E-05 0.9996 9.997E-05 9.997E-05 9.997E-05
9.997E-05 0.9996 9.997E-05 9.997E-05 9.997E-05
0.9996 9.997E-05 9.997E-05 9.997E-05 9.997E-05
0.9996 9.997E-05 9.997E-05 9.997E-05 9.997E-05
9.997E-05 0.9996 9.997E-05 9.997E-05 9.997E-05
9.997E-05 0.9996 9.997E-05 9.997E-05 9.997E-05
0.516502 0.138256 0.248457 0.0966857 9.99912E-05
9.99736E-05 0.988542 0.0111585 9.99736E-05 9.99736E-05
0.9996 9.997E-05 9.997E-05 9.997E-05 9.997E-05
9.997E-05 0.9996 9.997E-05 9.997E-05 9.997E-05
9.997E-05 0.9996 9.997E-05 9.997E-05 9.997E-05
9.997E-05 0.9996 9.997E-05 9.997E-05 9.997E-05
0.9996 9.997E-05 9.997E-05 9.997E-05 9.997E-05
9.997E-05 0.9996 9.997E-05 9.997E-05 9.997E-05
0.9996 9.997E-05 9.997E-05 9.997E-05 9.997E-05
9.997E-05 0.9996 9.997E-05 9.997E-05 9.997E-05
9.997E-05 0.9996 9.997E-05 9.997E-05 9.997E-05
0.9996 9.997E-05 9.997E-05 9.997E-05 9.997E-05
0.9996 9.997E-05 9.997E-05 9.997E-05 9.997E-05
0.9996 9.997E-05 9.997E-05 9.997E-05 9.997E-05
9.997E-05 0.9996 9.997E-05 9.997E-05 9.997E-05
9.997E-05 0.9996 9.997E-05 9.997E-05 9.997E-05
9.997E-05 0.9996 9.997E-05 9.997E-05 9.997E-05
9.997E-05 0.9996 9.997E-05 9.997E-05 9.997E-05
9.99736E-05 0.996716 0.00298396 9.99736E-05 9.99736E-05
0.9996 9.997E-05 9.997E-05 9.997E-05 9.997E-05
0.9996 9.997E-05 9.997E-05 9.997E-05 9.997E-05
0.9996 9.997E-05 9.997E-05 9.997E-05 9.997E-05
9.997E-05 0.9996 9.997E-05 9.997E-05 9.997E-05
0.9996 9.997E-05 9.997E-05 9.997E-05 9.997E-05
0.9996 9.997E-05 9.997E-05 9.997E-05 9.997E-05
0.9996 9.997E-05 9.997E-05 9.997E-05 9.997E-05
0.9996 9.997E-05 9.997E-05 9.997E-05 9.997E-05
9.997E-05 0.9996 9.997E-05 9.997E-05 9.997E-05
0.9996 9.997E-05 9.997E-05 9.997E-05 9.997E-05
0.9996 9.997E-05 9.997E-05 9.997E-05 9.997E-05
0.41245 0.267479 0.161751 0.15822 9.99912E-05
9.99736E-05 0.970704 0.0289966 9.99736E-05 9.99736E-05
0.9996 9.997E-05 9.997E-05 9.997E-05 9.997E-05
0.9996 9.997E-05 9.997E-05 9.997E-05 9.997E-05
0.9996 9.997E-05 9.997E-05 9.997E-05 9.997E-05
0.9996 9.997E-05 9.997E-05 9.997E-05 9.997E-05
9.997E-05 0.9996 9.997E-05 9.997E-05 9.997E-05
0.9996 9.997E-05 9.997E-05 9.997E-05 9.997E-05
9.997E-05 0.9996 9.997E-05 9.997E-05 9.997E-05
0.9996 9.997E-05 9.997E-05 9.997E-05 9.997E-05
9.997E-05 0.9996 9.997E-05 9.997E-05 9.997E-05
0.9996 9.997E-05 9.997E-05 9.997E-05 9.997E-05
0.9996 9.997E-05 9.997E-05 9.997E-05 9.997E-05
0.9996 9.997E-05 9.997E-05 9.997E-05 9.997E-05
0.9996 9.997E-05 9.997E-05 9.997E-05 9.997E-05
0.9996 9.997E-05 9.997E-05 9.997E-05 9.997E-05
0.9996 9.997E-05 9.997E-05 9.997E-05 9.997E-05
9.997E-05 0.9996 9.997E-05 9.997E-05 9.997E-05
9.997E-05 0.9996 9.997E-05 9.997E-05 9.997E-05
9.997E-05 0.9996 9.997E-05 9.997E-05 9.997E-05
0.9996 9.997E-05 9.997E-05 9.997E-05 9.997E-05
9.997E-05 0.9996 9.997E-05 9.997E-05 9.997E-05
9.997E-05 0.9996 9.997E-05 9.997E-05 9.997E-05
9.997E-05 0.9996 9.997E-05 9.997E-05 9.997E-05
0.9996 9.997E-05 9.997E-05 9.997E-05 9.997E-05
0.9996 9.997E-05 9.997E-05 9.997E-05 9.997E-05
0.9996 9.997E-05 9.997E-05 9.997E-05 9.997E-05
9.997E-05 0.9996 9.997E-05 9.997E-05 9.997E-05
0.9996 9.997E-05 9.997E-05 9.997E-05 9.997E-05
0.9996 9.997E-05 9.997E-05 9.997E-05 9.997E-05
9.997E-05 0.9996 9.997E-05 9.997E-05 9.997E-05
0.9996 9.997E-05 9.997E-05 9.997E-05 9.997E-05
0.9996 9.997E-05 9.997E-05 9.997E-05 9.997E-05
0.37894 0.466888 9.99824E-05 0.153972 9.99824E-05
9.997E-05 0.9996 9.997E-05 9.997E-05 9.997E-05
0.9996 9.997E-05 9.997E-05 9.997E-05 9.997E-05
0.932164 9.99737E-05 9.99737E-05 0.0675362 9.99737E-05
0.79999 0.0826233 0.117187 9.99824E-05 9.99824E-05
0.593076 0.339015 0.0677091 9.99824E-05 9.99824E-05
0.652096 0.146366 9.99824E-05 0.201339 9.99824E-05
0.65444 0.34526 9.99736E-05 9.99736E-05 9.99736E-05
0.885068 9.99825E-05 0.012087 9.99825E-05 0.102645
0.59454 0.341422 0.0440192 0.0199182 9.99912E-05
0.792518 0.0636653 0.0190413 0.124675 9.99912E-05
0.963412 9.99825E-05 0.00214274 9.99825E-05 0.0342454
0.616034 0.189848 0.156762 0.0318253 0.00553098
0.637194 0.362506 9.99737E-05 9.99737E-05 9.99737E-05
0.9996 9.997E-05 9.997E-05 9.997E-05 9.997E-05
0.435981 0.393897 9.99824E-05 0.169922 9.99824E-05
0.862904 9.99736E-05 0.136796 9.99736E-05 9.99736E-05
0.724844 0.242105 0.0328512 9.99824E-05 9.99824E-05
0.727585 0.197418 9.99824E-05 0.0747965 9.99824E-05
0.798327 0.17199 0.0294831 9.99825E-05 9.99825E-05
0.406823 0.447774 9.99824E-05 0.145203 9.99824E-05
0.653526 0.214828 0.131446 9.99824E-05 9.99824E-05
0.689796 0.211887 0.0449299 0.0532872 9.99912E-05
0.669772 0.216105 0.113923 9.99824E-05 9.99824E-05
0.974897 9.99737E-05 9.99737E-05 0.0248033 9.99737E-05
0.683002 9.99824E-05 0.0954811 0.221317 9.99824E-05
0.862626 0.0935313 0.0409065 0.00283651 9.99912E-05
0.833474 0.0360477 0.0371368 0.0932413 9.99912E-05
0.98221 0.01749 9.99738E-05 9.99738E-05 9.99738E-05
0.783208 0.0722641 0.038036 0.106392 9.99912E-05
0.723292 0.276408 9.99736E-05 9.99736E-05 9.99736E-05
0.624654 0.146271 0.109229 0.119746 9.99912E-05
0.750005 9.99824E-05 0.195119 0.0546764 9.99824E-05
0.759541 0.166006 9.99824E-05 0.0742532 9.99824E-05
0.812863 0.186837 9.99736E-05 9.99736E-05 9.99736E-05
0.724279 0.273462 0.00205845 9.99824E-05 9.99824E-05
0.727301 0.173749 0.0170441 0.0818053 9.99912E-05
0.57448 0.167373 9.99824E-05 0.257947 9.99824E-05
0.718399 0.222446 0.0589553 9.99824E-05 9.99824E-05
0.978713 9.99737E-05 9.99737E-05 9.99737E-05 0.020987
0.284835 0.453451 9.99824E-05 0.261514 9.99824E-05
0.727611 0.0702002 0.0906221 0.111467 9.99912E-05
0.675973 0.170065 0.00542305 0.148439 9.99912E-05
0.721365 0.240126 0.0383089 9.99824E-05 9.99824E-05
0.601625 0.229534 0.168641 9.99825E-05 9.99825E-05
0.799474 0.142279 0.0580471 9.99824E-05 9.99824E-05
0.909971 0.0897286 9.99737E-05 9.99737E-05 9.99737E-05
0.621532 0.378168 9.99736E-05 9.99736E-05 9.99736E-05
0.859399 0.0748547 0.0414186 0.0242278 9.99912E-05
0.974571 9.99737E-05 9.99737E-05 9.99737E-05 0.0251286
0.909182 9.99736E-05 0.0905184 9.99736E-05 9.99736E-05
0.957978 9.99737E-05 9.99737E-05 9.99737E-05 0.0417222
0.439408 0.424314 9.99824E-05 0.136078 9.99824E-05
0.83881 0.0937052 0.0672853 9.99825E-05 9.99825E-05
0.467584 0.526642 9.99824E-05 0.00557428 9.99824E-05
0.206504 0.582803 9.99824E-05 0.210493 9.99824E-05
0.595032 0.404668 9.99736E-05 9.99736E-05 9.99736E-05
0.751965 9.99824E-05 0.151291 0.096544 9.99824E-05
0.98446 0.0152405 9.99737E-05 9.99737E-05 9.99737E-05
0.641552 0.358148 9.99737E-05 9.99737E-05 9.99737E-05
0.940582 0.059118 9.99737E-05 9.99737E-05 9.99737E-05
0.849547 0.0485575 0.101696 9.99824E-05 9.99824E-05
0.671205 0.328495 9.99737E-05 9.99737E-05 9.99737E-05
0.9996 9.997E-05 9.997E-05 9.997E-05 9.997E-05
0.919665 9.99737E-05 9.99737E-05 9.99737E-05 0.0800355
0.727819 0.0463531 0.0521196 9.99912E-05 0.173608
0.735491 0.226382 0.0345271 0.00350008 9.99912E-05
0.822973 0.0120777 0.164749 9.99824E-05 9.99824E-05
0.907639 0.0106384 0.0815225 9.99824E-05 9.99824E-05
0.977778 9.99738E-05 9.99738E-05 9.99738E-05 0.0219218
0.721723 0.27758 9.99824E-05 0.000496493 9.99824E-05
0.576404 0.345203 0.078193 9.99824E-05 9.99824E-05
0.647329 0.303143 0.0493274 9.99825E-05 9.99825E-05
0.563768 0.390404 0.0456283 9.99824E-05 9.99824E-05
0.503959 0.258958 9.99825E-05 9.99825E-05 0.236883
0.772689 0.227011 9.99736E-05 9.99736E-05 9.99736E-05
0.391639 0.303538 0.0574559 0.247267 9.99912E-05
0.756038 0.243662 9.99737E-05 9.99737E-05 9.99737E-05
0.701481 0.29822 9.99737E-05 9.99737E-05 9.99737E-05
0.687927 0.133555 9.99825E-05 9.99825E-05 0.178319
0.56174 0.306304 0.00442016 0.127436 9.99912E-05
0.76855 0.23115 9.99738E-05 9.99738E-05 9.99738E-05
0.846921 0.0498042 0.0031051 0.10007 9.99912E-05
0.842462 9.99736E-05 0.157238 9.99736E-05 9.99736E-05
0.70701 0.0891338 0.062048 0.141709 9.99912E-05
0.667296 0.22249 9.99825E-05 9.99825E-05 0.110014
0.849566 0.0974457 0.0481787 0.00470957 9.99912E-05
0.621003 0.123909 0.254887 9.99824E-05 9.99824E-05
0.745808 0.253892 9.99737E-05 9.99737E-05 9.99737E-05
0.546881 0.311566 0.0664218 0.0750308 9.99912E-05
0.916636 0.0830645 9.99736E-05 9.99736E-05 9.99736E-05
0.623744 0.313156 0.0629005 9.99824E-05 9.99824E-05
0.705495 0.218778 0.0755266 9.99824E-05 9.99824E-05
0.441369 0.319861 0.23857 9.99825E-05 9.99825E-05
0.32866 0.629134 0.03989 0.00221647 9.99912E-05
0.741128 0.258572 9.99737E-05 9.99737E-05 9.99737E-05
0.453426 0.293568 0.103474 0.149432 9.99912E-05
0.959831 0.0398688 9.99737E-05 9.99737E-05 9.99737E-05
0.676453 0.222987 9.99825E-05 9.99825E-05 0.10036
0.736312 9.99824E-05 0.133774 0.129714 9.99824E-05
0.42689 0.321918 9.99824E-05 0.250992 9.99824E-05
0.432763 0.443291 9.99825E-05 0.123746 9.99825E-05
0.36658 0.621543 0.0116771 9.99824E-05 9.99824E-05
0.658244 9.99824E-05 0.0617098 0.279846 9.99824E-05
0.495204 0.504497 9.99737E-05 9.99737E-05 9.99737E-05
0.424747 0.289189 0.1718 0.114164 9.99912E-05
0.735279 0.153501 9.99825E-05 9.99825E-05 0.11102
0.753234 0.136622 9.99825E-05 9.99825E-05 0.109944
0.639059 0.360641 9.99737E-05 9.99737E-05 9.99737E-05
0.178278 0.575972 9.99824E-05 0.24555 9.99824E-05
0.849457 0.150243 9.99738E-05 9.99738E-05 9.99738E-05
0.768715 0.115183 9.99825E-05 9.99825E-05 0.115902
0.780628 9.99824E-05 0.159745 0.0594274 9.99824E-05
0.854328 0.103886 0.0415863 9.99824E-05 9.99824E-05
0.690238 0.243023 0.0665393 9.99825E-05 9.99825E-05
0.673162 0.326538 9.99736E-05 9.99736E-05 9.99736E-05
0.576646 0.294303 0.12122 0.00773063 9.99912E-05
0.245809 0.498882 0.198094 0.0571144 9.99912E-05
0.918927 0.0807733 9.99736E-05 9.99736E-05 9.99736E-05
0.678436 0.290608 0.0307563 9.99824E-05 9.99824E-05
0.449308 0.348925 0.131645 0.0700224 9.99912E-05
0.821422 0.0930797 0.077638 9.99912E-05 0.00776036
0.129756 0.601714 0.0852959 0.183134 9.99912E-05
0.435961 0.365004 9.99824E-05 0.198835 9.99824E-05
0.809656 0.145409 0.0447352 9.99824E-05 9.99824E-05
0.478375 0.471284 0.0501411 9.99824E-05 9.99824E-05
0.683108 0.157349 0.0169818 0.142461 9.99912E-05
0.736542 0.17099 9.99825E-05 9.99825E-05 0.0922681
0.731183 0.132593 0.0250717 0.111053 9.99912E-05
0.658032 0.279983 0.0617845 9.99825E-05 9.99825E-05
0.71873 0.230679 9.99825E-05 9.99825E-05 0.050391
0.662674 0.17605 0.0334968 0.12768 9.99912E-05
0.582722 0.384212 0.0328665 9.99824E-05 9.99824E-05
0.181893 0.637789 9.99824E-05 0.180118 9.99824E-05
0.0392465 0.855756 9.99824E-05 0.104798 9.99824E-05
0.0856803 0.611433 9.99824E-05 0.302687 9.99824E-05
0.166421 0.678171 9.99825E-05 0.155208 9.99825E-05
0.156206 0.539468 9.99825E-05 0.304126 9.99825E-05
0.0790945 0.693028 9.99912E-05 0.0145758 0.213202
0.16244 0.786409 9.99824E-05 0.0509514 9.99824E-05
0.141932 0.663903 9.99825E-05 0.193964 9.99825E-05
0.205623 0.351229 9.99912E-05 0.231428 0.211621
0.183747 0.775048 9.99824E-05 0.0410054 9.99824E-05
0.0782646 0.632971 0.0165227 0.272142 9.99912E-05
9.99737E-05 0.793328 0.206372 9.99737E-05 9.99737E-05
0.208625 0.617966 0.00344707 0.169862 9.99912E-05
9.99737E-05 0.687364 9.99737E-05 9.99737E-05 0.312336
0.037944 0.666632 9.99824E-05 0.295224 9.99824E-05
0.144704 0.601178 9.99824E-05 0.253918 9.99824E-05
0.0768951 0.818607 9.99824E-05 0.104298 9.99824E-05
9.99825E-05 0.830774 0.0579703 0.111055 9.99825E-05
9.99825E-05 0.637915 0.00977561 0.352109 9.99825E-05
0.0466901 0.857647 9.99825E-05 0.0954629 9.99825E-05
0.0802595 0.796572 9.99824E-05 0.122969 9.99824E-05
0.0785245 0.693116 9.99912E-05 0.109717 0.118542
9.99912E-05 0.746911 0.0693687 0.13441 0.0492104
0.205449 0.794251 9.99736E-05 9.99736E-05 9.99736E-05
0.0789255 0.920775 9.99736E-05 9.99736E-05 9.99736E-05
0.0189055 0.980795 9.99737E-05 9.99737E-05 9.99737E-05
9.99736E-05 0.970939 9.99736E-05 0.0287615 9.99736E-05
9.997E-05 0.9996 9.997E-05 9.997E-05 9.997E-05
0.146067 0.853633 9.99737E-05 9.99737E-05 9.99737E-05
0.20257 0.720926 9.99824E-05 0.0763046 9.99824E-05
0.15447 0.84523 9.99737E-05 9.99737E-05 9.99737E-05
0.176526 0.823174 9.99737E-05 9.99737E-05 9.99737E-05
0.164815 0.834885 9.99736E-05 9.99736E-05 9.99736E-05
9.99736E-05 0.986771 9.99736E-05 0.0129287 9.99736E-05
0.150677 0.849023 9.99737E-05 9.99737E-05 9.99737E-05
0.146475 0.853225 9.99736E-05 9.99736E-05 9.99736E-05
0.288819 0.710881 9.99737E-05 9.99737E-05 9.99737E-05
9.997E-05 0.9996 9.997E-05 9.997E-05 9.997E-05
0.300247 0.699453 9.99737E-05 9.99737E-05 9.99737E-05
0.162126 0.837574 9.99736E-05 9.99736E-05 9.99736E-05
0.131913 0.867787 9.99737E-05 9.99737E-05 9.99737E-05
0.212689 0.787011 9.99737E-05 9.99737E-05 9.99737E-05
0.018252 0.981448 9.99737E-05 9.99737E-05 9.99737E-05
0.43094 0.56876 9.99736E-05 9.99736E-05 9.99736E-05
9.997E-05 0.9996 9.997E-05 9.997E-05 9.997E-05
0.156598 0.843102 9.99736E-05 9.99736E-05 9.99736E-05
0.696787 0.157435 0.145578 9.99825E-05 9.99825E-05
0.0342073 0.924926 9.99825E-05 0.0406669 9.99825E-05
0.0700235 0.929677 9.99737E-05 9.99737E-05 9.99737E-05
9.997E-05 0.9996 9.997E-05 9.997E-05 9.997E-05
9.997E-05 0.9996 9.997E-05 9.997E-05 9.997E-05
0.271732 0.727968 9.99736E-05 9.99736E-05 9.99736E-05
0.106357 0.893343 9.99737E-05 9.99737E-05 9.99737E-05
0.0473947 0.862228 9.99825E-05 0.0901777 9.99825E-05
9.99737E-05 0.944177 9.99737E-05 0.0555232 9.99737E-05
0.0690748 0.930625 9.99737E-05 9.99737E-05 9.99737E-05
0.059025 0.940675 9.99736E-05 9.99736E-05 9.99736E-05
0.13423 0.86547 9.99737E-05 9.99737E-05 9.99737E-05
0.103716 0.895984 9.99736E-05 9.99736E-05 9.99736E-05
0.219857 0.779844 9.99736E-05 9.99736E-05 9.99736E-05
9.997E-05 0.9996 9.997E-05 9.997E-05 9.997E-05
0.106217 0.893483 9.99736E-05 9.99736E-05 9.99736E-05
0.121803 0.877897 9.99737E-05 9.99737E-05 9.99737E-05
0.0133191 0.986381 9.99737E-05 9.99737E-05 9.99737E-05
0.137664 0.862037 9.99737E-05 9.99737E-05 9.99737E-05
0.165515 0.834185 9.99736E-05 9.99736E-05 9.99736E-05
0.0663129 0.933387 9.99736E-05 9.99736E-05 9.99736E-05
9.99912E-05 0.37573 0.0237505 0.53853 0.0618896
0.120676 0.300874 9.99825E-05 0.578249 9.99825E-05
0.137069 0.193235 9.99824E-05 0.669496 9.99824E-05
0.0954164 0.302985 0.0451754 0.503043 0.0533794
0.100369 0.32929 9.99824E-05 0.570141 9.99824E-05
9.99737E-05 0.450606 9.99737E-05 0.549094 9.99737E-05
9.99824E-05 0.445214 9.99824E-05 0.508019 0.0465675
9.99737E-05 0.529067 9.99737E-05 0.470634 9.99737E-05
0.40646 0.0993913 9.99824E-05 0.493949 9.99824E-05
9.99912E-05 0.339879 0.000599665 0.630804 0.0286177
0.0585651 0.370504 9.99824E-05 0.570731 9.99824E-05
0.101886 0.302942 9.99825E-05 0.594972 9.99825E-05
0.0166112 0.413498 9.99912E-05 0.534493 0.0352982
9.99824E-05 0.434713 9.99824E-05 0.539687 0.0253997
9.99824E-05 0.347975 9.99824E-05 0.608269 0.0435557
9.99737E-05 0.477558 9.99737E-05 0.522142 9.99737E-05
9.99737E-05 0.507169 9.99737E-05 0.492531 9.99737E-05
0.265815 0.226372 9.99824E-05 0.507613 9.99824E-05
0.132053 0.344 9.99824E-05 0.523747 9.99824E-05
9.99824E-05 0.465571 9.99824E-05 0.506332 0.0278975
9.997E-05 9.997E-05 9.997E-05 0.9996 9.997E-05
9.997E-05 9.997E-05 9.997E-05 0.9996 9.997E-05
9.997E-05 9.997E-05 9.997E-05 0.9996 9.997E-05
9.997E-05 9.997E-05 9.997E-05 0.9996 9.997E-05
9.997E-05 9.997E-05 9.997E-05 0.9996 9.997E-05
9.997E-05 9.997E-05 9.997E-05 0.9996 9.997E-05
9.997E-05 9.997E-05 9.997E-05 0.9996 9.997E-05
9.997E-05 9.997E-05 9.997E-05 0.9996 9.997E-05
9.997E-05 9.997E-05 9.997E-05 0.9996 9.997E-05
9.997E-05 9.997E-05 9.997E-05 0.9996 9.997E-05
9.997E-05 9.997E-05 9.997E-05 0.9996 9.997E-05
9.997E-05 9.997E-05 9.997E-05 0.9996 9.997E-05
9.997E-05 9.997E-05 9.997E-05 0.9996 9.997E-05
9.997E-05 9.997E-05 9.997E-05 0.9996 9.997E-05
9.997E-05 9.997E-05 9.997E-05 0.9996 9.997E-05
9.997E-05 9.997E-05 9.997E-05 0.9996 9.997E-05
9.997E-05 9.997E-05 9.997E-05 0.9996 9.997E-05
9.997E-05 9.997E-05 9.997E-05 0.9996 9.997E-05
9.997E-05 9.997E-05 9.997E-05 0.9996 9.997E-05
9.997E-05 9.997E-05 9.997E-05 0.9996 9.997E-05
9.997E-05 9.997E-05 9.997E-05 0.9996 9.997E-05
9.997E-05 9.997E-05 9.997E-05 0.9996 9.997E-05
9.997E-05 9.997E-05 9.997E-05 0.9996 9.997E-05
9.997E-05 9.997E-05 9.997E-05 0.9996 9.997E-05
9.997E-05 9.997E-05 9.997E-05 0.9996 9.997E-05
9.997E-05 9.997E-05 9.997E-05 0.9996 9.997E-05
9.997E-05 9.997E-05 9.997E-05 0.9996 9.997E-05
9.997E-05 9.997E-05 9.997E-05 0.9996 9.997E-05
9.997E-05 9.997E-05 9.997E-05 0.9996 9.997E-05
9.997E-05 9.997E-05 9.997E-05 0.9996 9.997E-05
9.997E-05 9.997E-05 9.997E-05 0.9996 9.997E-05
9.997E-05 9.997E-05 9.997E-05 0.9996 9.997E-05
9.997E-05 9.997E-05 9.997E-05 0.9996 9.997E-05
9.997E-05 9.997E-05 9.997E-05 0.9996 9.997E-05
9.997E-05 9.997E-05 9.997E-05 0.9996 9.997E-05
9.997E-05 9.997E-05 9.997E-05 0.9996 9.997E-05
9.997E-05 9.997E-05 9.997E-05 0.9996 9.997E-05
9.997E-05 9.997E-05 9.997E-05 0.9996 9.997E-05
9.997E-05 9.997E-05 9.997E-05 0.9996 9.997E-05
9.997E-05 9.997E-05 9.997E-05 0.9996 9.997E-05
9.997E-05 9.997E-05 9.997E-05 0.9996 9.997E-05
9.997E-05 9.997E-05 9.997E-05 0.9996 9.997E-05
9.997E-05 9.997E-05 9.997E-05 0.9996 9.997E-05
9.997E-05 9.997E-05 9.997E-05 0.9996 9.997E-05
9.997E-05 9.997E-05 9.997E-05 0.9996 9.997E-05
9.997E-05 9.997E-05 9.997E-05 0.9996 9.997E-05
9.997E-05 9.997E-05 9.997E-05 0.9996 9.997E-05
9.997E-05 9.997E-05 9.997E-05 0.9996 9.997E-05
9.997E-05 9.997E-05 9.997E-05 0.9996 9.997E-05
9.997E-05 9.997E-05 9.997E-05 0.9996 9.997E-05
9.997E-05 9.997E-05 9.997E-05 0.9996 9.997E-05
9.997E-05 9.997E-05 9.997E-05 0.9996 9.997E-05
9.997E-05 9.997E-05 9.997E-05 0.9996 9.997E-05
9.997E-05 9.997E-05 9.997E-05 0.9996 9.997E-05
9.997E-05 9.997E-05 9.997E-05 0.9996 9.997E-05
9.997E-05 9.997E-05 9.997E-05 0.9996 9.997E-05
9.997E-05 9.997E-05 9.997E-05 0.9996 9.997E-05
9.997E-05 9.997E-05 9.997E-05 0.9996 9.997E-05
9.997E-05 9.997E-05 9.997E-05 0.9996 9.997E-05
9.997E-05 9.997E-05 9.997E-05 0.9996 9.997E-05
9.997E-05 9.997E-05 9.997E-05 0.9996 9.997E-05
9.997E-05 9.997E-05 9.997E-05 0.9996 9.997E-05
9.997E-05 9.997E-05 9.997E-05 0.9996 9.997E-05
9.997E-05 9.997E-05 9.997E-05 0.9996 9.997E-05
9.997E-05 9.997E-05 9.997E-05 0.9996 9.997E-05
9.997E-05 9.997E-05 9.997E-05 0.9996 9.997E-05
9.997E-05 9.997E-05 9.997E-05 0.9996 9.997E-05
9.99736E-05 9.99736E-05 0.0376086 0.962091 9.99736E-05
9.997E-05 9.997E-05 9.997E-05 0.9996 9.997E-05
9.997E-05 9.997E-05 9.997E-05 0.9996 9.997E-05
9.997E-05 9.997E-05 9.997E-05 0.9996 9.997E-05
9.997E-05 9.997E-05 9.997E-05 0.9996 9.997E-05
9.997E-05 9.997E-05 9.997E-05 0.9996 9.997E-05
9.997E-05 9.997E-05 9.997E-05 0.9996 9.997E-05
9.997E-05 9.997E-05 9.997E-05 0.9996 9.997E-05
9.997E-05 9.997E-05 9.997E-05 0.9996 9.997E-05
9.997E-05 9.997E-05 9.997E-05 0.9996 9.997E-05
9.997E-05 9.997E-05 9.997E-05 0.9996 9.997E-05
9.997E-05 9.997E-05 9.997E-05 0.9996 9.997E-05
9.997E-05 9.997E-05 9.997E-05 0.9996 9.997E-05
9.997E-05 9.997E-05 9.997E-05 0.9996 9.997E-05
9.997E-05 9.997E-05 9.997E-05 0.9996 9.997E-05
9.997E-05 9.997E-05 9.997E-05 0.9996 9.997E-05
9.997E-05 9.997E-05 9.997E-05 0.9996 9.997E-05
9.997E-05 9.997E-05 9.997E-05 0.9996 9.997E-05
9.997E-05 9.997E-05 9.997E-05 0.9996 9.997E-05
9.997E-05 9.997E-05 9.997E-05 0.9996 9.997E-05
9.997E-05 9.997E-05 9.997E-05 0.9996 9.997E-05
9.997E-05 9.997E-05 9.997E-05 0.9996 9.997E-05
9.997E-05 9.997E-05 9.997E-05 0.9996 9.997E-05
9.997E-05 9.997E-05 9.997E-05 0.9996 9.997E-05
9.997E-05 9.997E-05 9.997E-05 0.9996 9.997E-05
9.997E-05 9.997E-05 9.997E-05 0.9996 9.997E-05
9.997E-05 9.997E-05 9.997E-05 0.9996 9.997E-05
9.997E-05 9.997E-05 9.997E-05 0.9996 9.997E-05
9.997E-05 9.997E-05 9.997E-05 0.9996 9.997E-05
9.997E-05 9.997E-05 9.997E-05 0.9996 9.997E-05
9.997E-05 9.997E-05 9.997E-05 0.9996 9.997E-05
9.99736E-05 9.99736E-05 0.0171251 0.982575 9.99736E-05
9.997E-05 9.997E-05 9.997E-05 0.9996 9.997E-05
9.997E-05 9.997E-05 9.997E-05 0.9996 9.997E-05
9.997E-05 9.997E-05 9.997E-05 0.9996 9.997E-05
9.997E-05 9.997E-05 9.997E-05 0.9996 9.997E-05
9.997E-05 9.997E-05 9.997E-05 0.9996 9.997E-05
9.997E-05 9.997E-05 9.997E-05 0.9996 9.997E-05
9.997E-05 9.997E-05 9.997E-05 0.9996 9.997E-05
9.997E-05 9.997E-05 9.997E-05 0.9996 9.997E-05
9.997E-05 9.997E-05 9.997E-05 0.9996 9.997E-05
9.997E-05 9.997E-05 9.997E-05 0.9996 9.997E-05
9.997E-05 9.997E-05 9.997E-05 0.9996 9.997E-05
9.997E-05 9.997E-05 9.997E-05 0.9996 9.997E-05
9.997E-05 9.997E-05 9.997E-05 0.9996 9.997E-05
9.997E-05 9.997E-05 9.997E-05 0.9996 9.997E-05
9.997E-05 9.997E-05 9.997E-05 0.9996 9.997E-05
9.997E-05 9.997E-05 9.997E-05 0.9996 9.997E-05
9.997E-05 9.997E-05 9.997E-05 0.9996 9.997E-05
9.997E-05 9.997E-05 9.997E-05 0.9996 9.997E-05
9.997E-05 9.997E-05 9.997E-05 0.9996 9.997E-05
9.997E-05 9.997E-05 9.997E-05 0.9996 9.997E-05
9.997E-05 9.997E-05 9.997E-05 0.9996 9.997E-05
9.997E-05 9.997E-05 9.997E-05 0.9996 9.997E-05
9.997E-05 9.997E-05 9.997E-05 0.9996 9.997E-05
9.997E-05 9.997E-05 9.997E-05 0.9996 9.997E-05
9.997E-05 9.997E-05 9.997E-05 0.9996 9.997E-05
9.997E-05 9.997E-05 9.997E-05 0.9996 9.997E-05
9.997E-05 9.997E-05 9.997E-05 0.9996 9.997E-05
9.997E-05 9.997E-05 9.997E-05 0.9996 9.997E-05
9.997E-05 9.997E-05 9.997E-05 0.9996 9.997E-05
9.997E-05 9.997E-05 9.997E-05 0.9996 9.997E-05
9.997E-05 9.997E-05 9.997E-05 0.9996 9.997E-05
9.99736E-05 9.99736E-05 0.359356 0.640344 9.99736E-05
9.99736E-05 9.99736E-05 0.0974385 0.902262 9.99736E-05
9.99736E-05 9.99736E-05 0.138961 0.860739 9.99736E-05
9.99736E-05 9.99736E-05 0.161012 0.838688 9.99736E-05
9.99736E-05 9.99736E-05 0.173141 0.826559 9.99736E-05
9.99736E-05 9.99736E-05 0.16991 0.82979 9.99736E-05
9.99736E-05 9.99736E-05 0.25462 0.74508 9.99736E-05
9.99736E-05 9.99736E-05 0.232068 0.767632 9.99736E-05
9.99736E-05 9.99736E-05 0.188265 0.811435 9.99736E-05
9.99736E-05 9.99736E-05 0.168526 0.831174 9.99736E-05
9.99736E-05 9.99736E-05 0.164974 0.834726 9.99736E-05
9.997E-05 9.997E-05 9.997E-05 0.9996 9.997E-05
9.99736E-05 9.99736E-05 0.0601088 0.939591 9.99736E-05
9.99736E-05 9.99736E-05 0.0896009 0.910099 9.99736E-05
9.99736E-05 9.99736E-05 0.0892032 0.910497 9.99736E-05
9.99736E-05 9.99736E-05 0.00971218 0.989988 9.99736E-05
9.99736E-05 9.99736E-05 0.150448 0.849252 9.99736E-05
9.99736E-05 9.99736E-05 0.101852 0.897849 9.99736E-05
9.99736E-05 9.99736E-05 0.195791 0.803909 9.99736E-05
0.0262035 9.99737E-05 9.99737E-05 0.973497 9.99737E-05
9.99736E-05 9.99736E-05 0.135722 0.863978 9.99736E-05
9.99736E-05 9.99736E-05 0.225362 0.774339 9.99736E-05
9.997E-05 9.997E-05 9.997E-05 0.9996 9.997E-05
9.99737E-05 9.99737E-05 0.262153 0.737547 9.99737E-05
0.00635223 9.99824E-05 0.136484 0.856964 9.99824E-05
0.0894362 9.99824E-05 0.153047 0.757317 9.99824E-05
9.99736E-05 9.99736E-05 0.184914 0.814786 9.99736E-05
0.0917717 9.99824E-05 0.325274 0.582754 9.99824E-05
0.0219216 0.0551463 0.148054 0.774778 9.99912E-05
0.0946617 9.99824E-05 0.2929 0.612238 9.99824E-05
9.99825E-05 0.0330927 0.433043 0.533664 9.99825E-05
9.99737E-05 9.99737E-05 0.334364 0.665336 9.99737E-05
0.122947 9.99825E-05 0.251702 0.62515 9.99825E-05
9.99736E-05 9.99736E-05 0.378655 0.621045 9.99736E-05
0.00529298 9.99824E-05 0.136616 0.857891 9.99824E-05
9.99737E-05 9.99737E-05 0.0937938 0.905906 9.99737E-05
9.99736E-05 9.99736E-05 0.554228 0.445472 9.99736E-05
9.99736E-05 9.99736E-05 0.543057 0.456643 9.99736E-05
9.99736E-05 9.99736E-05 0.374685 0.625015 9.99736E-05
9.99736E-05 9.99736E-05 0.535255 0.464445 9.99736E-05
9.99824E-05 0.0574778 0.120062 0.82226 9.99824E-05
9.99736E-05 9.99736E-05 0.202833 0.796867 9.99736E-05
9.99736E-05 9.99736E-05 0.211031 0.788669 9.99736E-05
9.99737E-05 9.99737E-05 0.0496766 0.950023 9.99737E-05
9.99736E-05 9.99736E-05 0.104989 0.894711 9.99736E-05
9.99736E-05 9.99736E-05 0.243314 0.756386 9.99736E-05
9.99736E-05 9.99736E-05 0.326824 0.672877 9.99736E-05
9.99824E-05 0.158297 0.226515 0.614988 9.99824E-05
9.99824E-05 0.129987 0.2005 0.669313 9.99824E-05
9.99824E-05 0.0594246 0.24435 0.696026 9.99824E-05
9.99736E-05 9.99736E-05 0.221086 0.778614 9.99736E-05
9.99736E-05 9.99736E-05 0.418515 0.581185 9.99736E-05
9.99736E-05 9.99736E-05 0.27002 0.72968 9.99736E-05
9.99736E-05 9.99736E-05 0.272034 0.727666 9.99736E-05
9.99736E-05 9.99736E-05 0.209859 0.789841 9.99736E-05
9.99736E-05 9.99736E-05 0.557028 0.442672 9.99736E-05
9.99736E-05 9.99736E-05 0.198908 0.800793 9.99736E-05
0.0625975 0.0848923 9.99824E-05 0.85231 9.99824E-05
9.99736E-05 9.99736E-05 0.339642 0.660058 9.99736E-05
9.99824E-05 0.00472907 0.324805 0.670266 9.99824E-05
9.99824E-05 0.16065 0.0287289 0.810422 9.99824E-05
9.99824E-05 0.0210212 0.294661 0.684118 9.99824E-05
9.99736E-05 9.99736E-05 0.19972 0.79998 9.99736E-05
0.0728482 9.99824E-05 0.404415 0.522537 9.99824E-05
9.99737E-05 9.99737E-05 0.358733 0.640967 9.99737E-05
9.99736E-05 9.99736E-05 0.217701 0.781999 9.99736E-05
9.99824E-05 0.00472907 0.324805 0.670266 9.99824E-05
9.99824E-05 0.192516 0.00738047 0.799903 9.99824E-05
0.00412704 0.137014 9.99824E-05 0.858659 9.99824E-05
9.99737E-05 9.99737E-05 0.264407 0.735293 9.99737E-05
9.99736E-05 9.99736E-05 0.246294 0.753406 9.99736E-05
0.0415519 0.106748 9.99824E-05 0.8515 9.99824E-05
9.99736E-05 9.99736E-05 0.379271 0.620429 9.99736E-05
9.99824E-05 0.00139204 0.323258 0.67515 9.99824E-05
9.99824E-05 0.0107029 0.323777 0.66532 9.99824E-05
9.99736E-05 9.99736E-05 0.313154 0.686546 9.99736E-05
9.99824E-05 0.00200713 0.323777 0.674016 9.99824E-05
9.99736E-05 9.99736E-05 0.137399 0.862301 9.99736E-05
9.99736E-05 9.99736E-05 0.199966 0.799734 9.99736E-05
9.99824E-05 0.00478725 0.501369 0.493644 9.99824E-05
9.99824E-05 0.0561624 0.368979 0.574659 9.99824E-05
9.99736E-05 0.13059 9.99736E-05 0.86911 9.99736E-05
9.99736E-05 9.99736E-05 0.134003 0.865697 9.99736E-05
9.99736E-05 9.99736E-05 0.236553 0.763147 9.99736E-05
9.99736E-05 9.99736E-05 0.123503 0.876197 9.99736E-05
9.99736E-05 9.99736E-05 0.359467 0.640233 9.99736E-05
9.99736E-05 9.99736E-05 0.386017 0.613683 9.99736E-05
0.0258253 0.0311038 0.438289 0.504682 9.99912E-05
0.0269959 0.176282 9.99824E-05 0.796522 9.99824E-05
9.99736E-05 9.99736E-05 0.32601 0.67369 9.99736E-05
0.0827475 9.99824E-05 0.299716 0.617336 9.99824E-05
9.99825E-05 0.0887202 0.13554 0.77554 9.99825E-05
9.99736E-05 9.99736E-05 0.283076 0.716624 9.99736E-05
9.99736E-05 9.99736E-05 0.208681 0.791019 9.99736E-05
9.99737E-05 9.99737E-05 0.296038 0.703662 9.99737E-05
9.99736E-05 9.99736E-05 0.214489 0.785211 9.99736E-05
9.99736E-05 9.99736E-05 0.343449 0.656251 9.99736E-05
9.99824E-05 0.239794 0.178813 0.581192 9.99824E-05
0.0102103 0.0406618 0.0296312 0.919397 9.99912E-05
0.0103269 9.99824E-05 0.199905 0.789568 9.99824E-05
9.99736E-05 9.99736E-05 0.286779 0.712921 9.99736E-05
0.100525 9.99825E-05 0.336268 0.563007 9.99825E-05
0.00789581 9.99824E-05 0.134687 0.857217 9.99824E-05
9.99736E-05 9.99736E-05 0.164332 0.835368 9.99736E-05
0.03828 9.99824E-05 0.0811329 0.880387 9.99824E-05
0.0756271 9.99824E-05 0.14926 0.774913 9.99824E-05
9.99824E-05 0.0248029 0.0342204 0.940777 9.99824E-05
9.99737E-05 9.99737E-05 0.167226 0.832474 9.99737E-05
0.0904103 9.99824E-05 0.233906 0.675484 9.99824E-05
9.99736E-05 9.99736E-05 0.277579 0.722121 9.99736E-05
0.0599328 9.99824E-05 0.0932555 0.846612 9.99824E-05
9.99737E-05 9.99737E-05 0.515803 0.483897 9.99737E-05
9.99736E-05 9.99736E-05 0.356768 0.642932 9.99736E-05
9.99736E-05 9.99736E-05 0.263985 0.735715 9.99736E-05
9.99736E-05 9.99736E-05 0.272193 0.727507 9.99736E-05
9.99736E-05 9.99736E-05 0.330803 0.668897 9.99736E-05
9.99736E-05 9.99736E-05 0.259942 0.739758 9.99736E-05
9.99737E-05 9.99737E-05 0.171594 0.828106 9.99737E-05
9.99736E-05 9.99736E-05 0.356061 0.643639 9.99736E-05
9.99736E-05 9.99736E-05 0.223675 0.776025 9.99736E-05
0.0176602 0.0685825 0.23074 0.682917 9.99912E-05
9.99736E-05 9.99736E-05 0.168586 0.831114 9.99736E-05
9.99736E-05 9.99736E-05 0.239583 0.760117 9.99736E-05
9.99736E-05 9.99736E-05 0.321456 0.678244 9.99736E-05
0.109198 0.0156046 0.21436 0.660737 9.99912E-05
9.99736E-05 9.99736E-05 0.274281 0.725419 9.99736E-05
9.99736E-05 9.99736E-05 0.257262 0.742438 9.99736E-05
0.0594763 9.99824E-05 0.0311932 0.909131 9.99824E-05
0.00232617 9.99824E-05 0.173184 0.824289 9.99824E-05
9.99737E-05 9.99737E-05 0.2514 0.7483 9.99737E-05
9.99736E-05 9.99736E-05 0.0845772 0.915123 9.99736E-05
0.0981796 9.99824E-05 0.268795 0.632825 9.99824E-05
9.99736E-05 9.99736E-05 0.330105 0.669595 9.99736E-05
9.99824E-05 0.0159033 0.0232002 0.960697 9.99824E-05
9.99737E-05 9.99737E-05 0.171359 0.828342 9.99737E-05
9.99737E-05 9.99737E-05 0.111629 0.888071 9.99737E-05
9.99736E-05 9.99736E-05 0.295017 0.704683 9.99736E-05
9.99736E-05 9.99736E-05 0.258488 0.741212 9.99736E-05
9.997E-05 9.997E-05 9.997E-05 0.9996 9.997E-05
9.99736E-05 9.99736E-05 0.160371 0.839329 9.99736E-05
9.99736E-05 9.99736E-05 0.432375 0.567325 9.99736E-05
9.99736E-05 9.99736E-05 0.21895 0.78075 9.99736E-05
0.0277564 9.99824E-05 0.281091 0.690952 9.99824E-05
9.99824E-05 0.109357 0.332566 0.557877 9.99824E-05
9.99736E-05 9.99736E-05 0.207255 0.792445 9.99736E-05
9.99736E-05 9.99736E-05 0.159629 0.840071 9.99736E-05
9.99736E-05 9.99736E-05 0.332437 0.667263 9.99736E-05
0.078478 9.99824E-05 0.248795 0.672527 9.99824E-05
9.99736E-05 9.99736E-05 0.299689 0.700011 9.99736E-05
9.99736E-05 9.99736E-05 0.428064 0.571636 9.99736E-05
9.99736E-05 9.99736E-05 0.258103 0.741597 9.99736E-05
0.0694064 9.99824E-05 0.233897 0.696497 9.99824E-05
0.0463426 9.99824E-05 0.265582 0.687875 9.99824E-05
9.99736E-05 9.99736E-05 0.25362 0.74608 9.99736E-05
9.99736E-05 9.99736E-05 0.20286 0.796841 9.99736E-05
9.99736E-05 9.99736E-05 0.142266 0.857434 9.99736E-05
0.0774225 9.99824E-05 0.304871 0.617507 9.99824E-05
0.0054793 9.99824E-05 0.131911 0.862409 9.99824E-05
9.99824E-05 0.0253352 0.227121 0.747344 9.99824E-05
9.99736E-05 9.99736E-05 0.531375 0.468325 9.99736E-05
9.99736E-05 9.99736E-05 0.772503 0.227197 9.99736E-05
9.99736E-05 9.99736E-05 0.0761331 0.923567 9.99736E-05
9.99736E-05 9.99736E-05 0.324468 0.675232 9.99736E-05
9.99736E-05 9.99736E-05 0.773676 0.226024 9.99736E-05
9.99824E-05 0.023739 0.324007 0.652054 9.99824E-05
9.997E-05 9.997E-05 9.997E-05 0.9996 9.997E-05
9.99736E-05 9.99736E-05 0.196812 0.802888 9.99736E-05
9.99736E-05 9.99736E-05 0.234085 0.765615 9.99736E-05
9.99736E-05 9.99736E-05 0.446423 0.553277 9.99736E-05
9.99736E-05 9.99736E-05 0.339161 0.660539 9.99736E-05
9.99736E-05 9.99736E-05 0.309374 0.690326 9.99736E-05
9.99736E-05 9.99736E-05 0.0658769 0.933823 9.99736E-05
9.99736E-05 9.99736E-05 0.382965 0.616735 9.99736E-05
9.99736E-05 9.99736E-05 0.586843 0.412857 9.99736E-05
9.99736E-05 9.99736E-05 0.469855 0.529845 9.99736E-05
9.99736E-05 9.99736E-05 0.342632 0.657069 9.99736E-05
9.99736E-05 9.99736E-05 0.256425 0.743275 9.99736E-05
9.99736E-05 9.99736E-05 0.313594 0.686106 9.99736E-05
9.99736E-05 9.99736E-05 0.463089 0.536611 9.99736E-05
9.99736E-05 9.99736E-05 0.432105 0.567595 9.99736E-05
9.99736E-05 9.99736E-05 0.2635 0.7362 9.99736E-05
9.99736E-05 9.99736E-05 0.397146 0.602555 9.99736E-05
9.99736E-05 9.99736E-05 0.266548 0.733152 9.99736E-05
9.99736E-05 9.99736E-05 0.389573 0.610127 9.99736E-05
9.99736E-05 9.99736E-05 0.201268 0.798432 9.99736E-05
9.99736E-05 9.99736E-05 0.11957 0.88013 9.99736E-05
9.99736E-05 9.99736E-05 0.371999 0.627701 9.99736E-05
9.99737E-05 9.99737E-05 0.192774 0.806926 9.99737E-05
9.99736E-05 9.99736E-05 0.300076 0.699624 9.99736E-05
0.0224356 9.99825E-05 0.109121 0.868244 9.99825E-05
0.00922934 9.99824E-05 0.252783 0.737788 9.99824E-05
9.99736E-05 9.99736E-05 0.168237 0.831463 9.99736E-05
9.99736E-05 9.99736E-05 0.284283 0.715417 9.99736E-05
9.99824E-05 0.00499057 0.240101 0.754708 9.99824E-05
0.145745 9.99824E-05 0.212114 0.641941 9.99824E-05
9.99736E-05 9.99736E-05 0.336235 0.663465 9.99736E-05
9.99824E-05 0.0182486 0.448617 0.532935 9.99824E-05
9.99736E-05 9.99736E-05 0.228459 0.771241 9.99736E-05
9.99736E-05 9.99736E-05 0.180925 0.818775 9.99736E-05
9.99736E-05 9.99736E-05 0.206778 0.792923 9.99736E-05
9.99736E-05 9.99736E-05 0.254182 0.745518 9.99736E-05
0.039022 9.99824E-05 0.31746 0.643318 9.99824E-05
9.99736E-05 9.99736E-05 0.159574 0.840126 9.99736E-05
9.99736E-05 9.99736E-05 0.335313 0.664387 9.99736E-05
9.99737E-05 9.99737E-05 0.372542 0.627158 9.99737E-05
0.11241 9.99824E-05 0.308595 0.578796 9.99824E-05
9.99737E-05 9.99737E-05 0.127205 0.872495 9.99737E-05
9.99736E-05 9.99736E-05 0.307305 0.692395 9.99736E-05
0.135867 9.99824E-05 0.127002 0.736931 9.99824E-05
9.99736E-05 9.99736E-05 0.0974773 0.902223 9.99736E-05
