0.0142365 0.122941 0.00859497 0.000834796 9.99297E-05 9.99297E-05 0.0513876 0.0436517 9.99297E-05 0.0766357 0.364472 0.316446 9.99297E-05 9.99297E-05 9.99297E-05 9.99297E-05 9.99297E-05
0.00397459 9.98859E-05 9.98859E-05 9.98859E-05 9.98859E-05 9.98859E-05 0.0782745 9.98859E-05 9.98859E-05 9.98859E-05 0.788391 0.128061 9.98859E-05 9.98859E-05 9.98859E-05 9.98859E-05 9.98859E-05
9.98684E-05 9.98684E-05 9.98684E-05 9.98684E-05 9.98684E-05 9.98684E-05 9.98684E-05 0.00546172 0.99304 9.98684E-05 9.98684E-05 9.98684E-05 9.98684E-05 9.98684E-05 9.98684E-05 9.98684E-05 9.98684E-05
9.9921E-05 0.0661456 9.9921E-05 9.9921E-05 0.062819 9.9921E-05 9.9921E-05 0.0184566 0.317857 0.0984042 9.9921E-05 9.9921E-05 0.07046 9.9921E-05 0.0852119 9.9921E-05 0.279747
9.98771E-05 9.98771E-05 9.98771E-05 9.98771E-05 9.98771E-05 9.98771E-05 9.98771E-05 9.98771E-05 9.98771E-05 9.98771E-05 0.833305 9.98771E-05 0.0865119 9.98771E-05 9.98771E-05 0.0787849 9.98771E-05
9.9921E-05 9.9921E-05 9.9921E-05 9.9921E-05 0.0812424 9.9921E-05 0.08594 9.9921E-05 0.240356 9.9921E-05 9.9921E-05 0.270272 0.0976695 9.9921E-05 0.0986688 0.0824426 0.0425091
9.99386E-05 0.0988978 0.0532107 9.99386E-05 9.99386E-05 9.99386E-05 0.147895 0.0108883 9.99386E-05 0.0988229 0.3247 0.049557 0.00945012 0.0282423 9.99386E-05 9.99386E-05 0.177637
9.99211E-05 0.193017 9.99211E-05 0.113253 0.173284 9.99211E-05 9.99211E-05 9.99211E-05 0.267478 9.99211E-05 9.99211E-05 9.99211E-05 0.147667 0.0464098 0.0215329 9.99211E-05 0.0364597
9.99123E-05 0.0150654 0.160204 9.99123E-05 0.229954 9.99123E-05 9.99123E-05 0.312806 0.150694 9.99123E-05 0.101182 9.99123E-05 0.0290958 9.99123E-05 9.99123E-05 9.99123E-05 9.99123E-05
9.98858E-05 9.98858E-05 0.0163246 0.00380503 9.98858E-05 9.98858E-05 9.98858E-05 0.00421005 9.98858E-05 9.98858E-05 0.974362 9.98858E-05 9.98858E-05 9.98858E-05 9.98858E-05 9.98858E-05 9.98858E-05
9.99035E-05 0.0408623 9.99035E-05 9.99035E-05 0.0107957 9.99035E-05 9.99035E-05 0.179218 9.99035E-05 0.18137 0.576027 0.0106277 9.99035E-05 9.99035E-05 9.99035E-05 9.99035E-05 9.99035E-05
9.98771E-05 9.98771E-05 9.98771E-05 9.98771E-05 9.98771E-05 9.98771E-05 9.98771E-05 0.0142987 0.9192 9.98771E-05 9.98771E-05 9.98771E-05 9.98771E-05 9.98771E-05 9.98771E-05 9.98771E-05 0.0651035
9.98771E-05 0.0895273 9.98771E-05 9.98771E-05 9.98771E-05 9.98771E-05 9.98771E-05 0.0977808 9.98771E-05 9.98771E-05 0.811294 9.98771E-05 9.98771E-05 9.98771E-05 9.98771E-05 9.98771E-05 9.98771E-05
9.98948E-05 9.98948E-05 9.98948E-05 9.98948E-05 9.98948E-05 9.98948E-05 9.98948E-05 0.0743571 0.741898 0.0644326 9.98948E-05 9.98948E-05 9.98948E-05 9.98948E-05 0.043466 0.0746476 9.98948E-05
0.0160715 9.99298E-05 9.99298E-05 9.99298E-05 0.118378 0.0114237 9.99298E-05 0.162052 9.99298E-05 9.99298E-05 0.289365 0.298584 9.99298E-05 9.99298E-05 0.0359397 0.0646033 0.00278362
9.99209E-05 0.0513217 9.99209E-05 9.99209E-05 0.0399083 9.99209E-05 9.99209E-05 0.128702 9.99209E-05 9.99209E-05 0.215242 0.318466 0.106336 0.0951847 9.99209E-05 9.99209E-05 0.0439395
9.99122E-05 9.99122E-05 0.0701825 9.99122E-05 9.99122E-05 0.0842694 0.0819342 0.0778498 0.615083 0.061037 0.00864545 9.99122E-05 9.99122E-05 9.99122E-05 9.99122E-05 9.99122E-05 9.99122E-05
0.0996454 0.124133 9.9921E-05 0.154062 0.0257771 9.9921E-05 9.9921E-05 0.130508 9.9921E-05 9.9921E-05 0.185049 0.264666 0.0152611 9.9921E-05 9.9921E-05 9.9921E-05 9.9921E-05
0.0541873 0.140039 9.99122E-05 9.99122E-05 0.139106 9.99122E-05 9.99122E-05 0.177478 0.175869 9.99122E-05 0.243719 9.99122E-05 9.99122E-05 9.99122E-05 9.99122E-05 9.99122E-05 0.068602
0.019562 9.98684E-05 9.98684E-05 9.98684E-05 9.98684E-05 9.98684E-05 9.98684E-05 9.98684E-05 9.98684E-05 9.98684E-05 0.97894 9.98684E-05 9.98684E-05 9.98684E-05 9.98684E-05 9.98684E-05 9.98684E-05
0.0878166 0.0122702 0.0611934 9.9921E-05 0.0930027 9.9921E-05 9.9921E-05 9.9921E-05 0.0994873 0.0137953 0.401409 9.9921E-05 0.230126 9.9921E-05 9.9921E-05 9.9921E-05 9.9921E-05
9.99123E-05 0.348587 9.99123E-05 9.99123E-05 0.125568 9.99123E-05 9.99123E-05 9.99123E-05 0.0871334 9.99123E-05 0.225194 9.99123E-05 9.99123E-05 9.99123E-05 0.0465883 0.0619219 0.104008
9.99035E-05 9.99035E-05 9.99035E-05 9.99035E-05 9.99035E-05 9.99035E-05 0.0436918 0.070233 9.99035E-05 0.0210431 0.563417 0.298572 9.99035E-05 9.99035E-05 0.00194381 9.99035E-05 9.99035E-05
9.98947E-05 0.294046 0.0715247 9.98947E-05 9.98947E-05 9.98947E-05 9.98947E-05 0.247764 9.98947E-05 9.98947E-05 0.341504 0.0439628 9.98947E-05 9.98947E-05 9.98947E-05 9.98947E-05 9.98947E-05
9.99034E-05 0.113694 0.122637 9.99034E-05 0.0657739 9.99034E-05 9.99034E-05 0.234083 0.300048 9.99034E-05 9.99034E-05 9.99034E-05 9.99034E-05 9.99034E-05 0.162665 9.99034E-05 9.99034E-05
9.99035E-05 0.0311717 9.99035E-05 9.99035E-05 0.006866 9.99035E-05 9.99035E-05 0.197146 0.154359 9.99035E-05 0.570734 9.99035E-05 9.99035E-05 9.99035E-05 0.0386246 9.99035E-05 9.99035E-05
9.99122E-05 0.384036 0.000476598 0.116754 9.99122E-05 9.99122E-05 9.99122E-05 0.0817156 9.99122E-05 9.99122E-05 0.110346 9.99122E-05 9.99122E-05 0.00332313 0.302349 9.99122E-05 9.99122E-05
9.9886E-05 0.00743701 9.9886E-05 9.9886E-05 9.9886E-05 9.9886E-05 9.9886E-05 0.0242273 9.9886E-05 9.9886E-05 0.837351 9.9886E-05 9.9886E-05 9.9886E-05 9.9886E-05 9.9886E-05 0.129686
0.00203169 0.0236483 9.99035E-05 9.99035E-05 9.99035E-05 9.99035E-05 9.99035E-05 0.168634 9.99035E-05 9.99035E-05 0.648038 0.122417 9.99035E-05 9.99035E-05 0.0341311 9.99035E-05 9.99035E-05
9.99122E-05 9.99122E-05 0.0363561 9.99122E-05 9.99122E-05 0.0113852 9.99122E-05 0.0289603 0.151613 9.99122E-05 0.604282 0.0499259 9.99122E-05 9.99122E-05 0.116478 9.99122E-05 9.99122E-05
9.99034E-05 9.99034E-05 9.99034E-05 0.0204866 0.0541118 9.99034E-05 9.99034E-05 9.99034E-05 9.99034E-05 0.136996 0.615628 0.130329 9.99034E-05 9.99034E-05 9.99034E-05 9.99034E-05 0.0413496
9.99124E-05 9.99124E-05 9.99124E-05 9.99124E-05 9.99124E-05 9.99124E-05 9.99124E-05 0.0481317 0.256179 0.124568 0.322239 9.99124E-05 0.0212766 9.99124E-05 0.177782 9.99124E-05 0.0488259
0.0232634 0.123818 9.99122E-05 9.99122E-05 9.99122E-05 9.99122E-05 9.99122E-05 0.137374 0.625797 0.0796323 9.99122E-05 0.00502926 9.99122E-05 9.99122E-05 0.00408637 9.99122E-05 9.99122E-05
9.98946E-05 0.163967 9.98946E-05 0.020926 9.98946E-05 9.98946E-05 9.98946E-05 0.0819865 0.662833 9.98946E-05 9.98946E-05 9.98946E-05 9.98946E-05 9.98946E-05 0.0690887 9.98946E-05 9.98946E-05
0.0596793 9.99035E-05 9.99035E-05 9.99035E-05 0.0195077 9.99035E-05 0.0187501 0.0415831 9.99035E-05 0.0296038 0.829777 9.99035E-05 9.99035E-05 9.99035E-05 9.99035E-05 9.99035E-05 9.99035E-05
0.0111571 0.0934544 0.0613297 9.99386E-05 0.00735934 9.99386E-05 0.0410006 0.0767793 9.99386E-05 9.99386E-05 0.676956 0.0147668 9.99386E-05 0.0161338 9.99386E-05 9.99386E-05 0.000363469
9.98773E-05 9.98773E-05 9.98773E-05 9.98773E-05 9.98773E-05 9.98773E-05 9.98773E-05 9.98773E-05 9.98773E-05 0.00789774 0.891061 9.98773E-05 9.98773E-05 0.0996427 9.98773E-05 9.98773E-05 9.98773E-05
0.0120408 9.9886E-05 9.9886E-05 9.9886E-05 0.11364 9.9886E-05 9.9886E-05 0.172972 0.700049 9.9886E-05 9.9886E-05 9.9886E-05 9.9886E-05 9.9886E-05 9.9886E-05 9.9886E-05 9.9886E-05
9.9886E-05 9.9886E-05 9.9886E-05 9.9886E-05 9.9886E-05 9.9886E-05 0.123832 0.191961 0.63439 9.9886E-05 9.9886E-05 9.9886E-05 9.9886E-05 9.9886E-05 9.9886E-05 0.048519 9.9886E-05
9.98946E-05 9.98946E-05 9.98946E-05 9.98946E-05 9.98946E-05 9.98946E-05 9.98946E-05 0.146665 0.68714 9.98946E-05 9.98946E-05 9.98946E-05 9.98946E-05 0.0591187 0.0920386 0.0138395 9.98946E-05
9.99035E-05 0.103306 9.99035E-05 9.99035E-05 9.99035E-05 9.99035E-05 9.99035E-05 0.0563546 9.99035E-05 0.0206566 0.811071 9.99035E-05 9.99035E-05 0.00479096 9.99035E-05 9.99035E-05 0.00272127
9.98949E-05 0.194069 0.0239218 9.98949E-05 0.0228896 9.98949E-05 9.98949E-05 0.0722756 9.98949E-05 9.98949E-05 0.685645 9.98949E-05 9.98949E-05 9.98949E-05 9.98949E-05 9.98949E-05 9.98949E-05
9.98859E-05 0.0516782 9.98859E-05 9.98859E-05 9.98859E-05 0.0825465 9.98859E-05 9.98859E-05 9.98859E-05 9.98859E-05 0.845423 9.98859E-05 9.98859E-05 9.98859E-05 9.98859E-05 0.019054 9.98859E-05
9.9921E-05 0.0656733 0.00911604 9.9921E-05 0.106402 9.9921E-05 9.9921E-05 0.174277 0.283524 0.0328448 0.152271 0.174992 9.9921E-05 9.9921E-05 9.9921E-05 9.9921E-05 9.9921E-05
9.98947E-05 0.398932 9.98947E-05 9.98947E-05 9.98947E-05 9.98947E-05 9.98947E-05 0.114908 0.310781 9.98947E-05 9.98947E-05 9.98947E-05 9.98947E-05 9.98947E-05 9.98947E-05 0.0398426 0.134338
0.033002 9.98946E-05 9.98946E-05 9.98946E-05 9.98946E-05 9.98946E-05 9.98946E-05 0.0601921 0.640478 9.98946E-05 0.211428 9.98946E-05 0.0537011 9.98946E-05 9.98946E-05 9.98946E-05 9.98946E-05
9.98947E-05 9.98947E-05 9.98947E-05 0.00527926 0.0282457 9.98947E-05 9.98947E-05 0.0782721 9.98947E-05 0.0335318 0.853472 9.98947E-05 9.98947E-05 9.98947E-05 9.98947E-05 9.98947E-05 9.98947E-05
9.98595E-05 9.98595E-05 9.98595E-05 9.98595E-05 9.98595E-05 9.98595E-05 9.98595E-05 9.98595E-05 0.998402 9.98595E-05 9.98595E-05 9.98595E-05 9.98595E-05 9.98595E-05 9.98595E-05 9.98595E-05 9.98595E-05
9.99122E-05 0.135087 9.99122E-05 9.99122E-05 9.99122E-05 9.99122E-05 9.99122E-05 0.133923 0.0160757 0.032342 0.642566 0.0210742 0.0179316 9.99122E-05 9.99122E-05 9.99122E-05 9.99122E-05
9.99036E-05 0.034733 9.99036E-05 0.0303865 0.0099914 9.99036E-05 9.99036E-05 9.99036E-05 0.860916 0.0125992 9.99036E-05 9.99036E-05 9.99036E-05 0.0502745 9.99036E-05 9.99036E-05 9.99036E-05
9.9921E-05 0.00987026 9.9921E-05 9.9921E-05 0.0164039 9.9921E-05 9.9921E-05 0.212146 9.9921E-05 0.0867244 0.389091 0.0461324 0.0983025 9.9921E-05 0.14043 9.9921E-05 9.9921E-05
9.99035E-05 0.197782 9.99035E-05 0.0126052 9.99035E-05 9.99035E-05 9.99035E-05 9.99035E-05 0.570198 9.99035E-05 0.0868768 9.99035E-05 9.99035E-05 9.99035E-05 9.99035E-05 0.0192925 0.112147
9.98772E-05 9.98772E-05 9.98772E-05 9.98772E-05 9.98772E-05 9.98772E-05 9.98772E-05 0.0138583 9.98772E-05 9.98772E-05 0.974523 9.98772E-05 9.98772E-05 9.98772E-05 0.0102208 9.98772E-05 9.98772E-05
9.99034E-05 9.99034E-05 9.99034E-05 0.00684693 0.00813292 9.99034E-05 9.99034E-05 0.0108717 0.822281 9.99034E-05 9.99034E-05 9.99034E-05 9.99034E-05 0.14147 9.99034E-05 0.00929841 9.99034E-05
0.0380327 9.98861E-05 9.98861E-05 9.98861E-05 9.98861E-05 9.98861E-05 9.98861E-05 0.0495903 0.902325 9.98861E-05 9.98861E-05 9.98861E-05 9.98861E-05 9.98861E-05 9.98861E-05 9.98861E-05 0.00875309
0.0499393 0.00732503 9.99035E-05 9.99035E-05 9.99035E-05 9.99035E-05 9.99035E-05 9.99035E-05 0.864894 0.0263913 9.99035E-05 9.99035E-05 0.00471656 9.99035E-05 0.0456346 9.99035E-05 9.99035E-05
9.99035E-05 0.0434439 9.99035E-05 0.154729 0.00280579 9.99035E-05 9.99035E-05 0.0474035 0.0366627 9.99035E-05 0.713856 9.99035E-05 9.99035E-05 9.99035E-05 9.99035E-05 9.99035E-05 9.99035E-05
9.9886E-05 9.9886E-05 9.9886E-05 9.9886E-05 9.9886E-05 9.9886E-05 9.9886E-05 0.0262377 9.9886E-05 0.0709528 0.845656 9.9886E-05 9.9886E-05 9.9886E-05 9.9886E-05 9.9886E-05 0.0558547
9.98947E-05 9.98947E-05 9.98947E-05 9.98947E-05 0.0197839 9.98947E-05 9.98947E-05 9.98947E-05 0.031703 0.044481 0.837373 9.98947E-05 9.98947E-05 9.98947E-05 9.98947E-05 0.0654607 9.98947E-05
9.99033E-05 9.99033E-05 9.99033E-05 0.0159438 0.0443951 9.99033E-05 0.0186598 0.146225 9.99033E-05 0.023094 9.99033E-05 0.750584 9.99033E-05 9.99033E-05 9.99033E-05 9.99033E-05 9.99033E-05
9.98774E-05 9.98774E-05 9.98774E-05 9.98774E-05 9.98774E-05 9.98774E-05 9.98774E-05 9.98774E-05 9.98774E-05 9.98774E-05 9.98774E-05 0.932632 9.98774E-05 0.05473 9.98774E-05 9.98774E-05 0.0112394
9.98859E-05 9.98859E-05 9.98859E-05 0.114266 9.98859E-05 9.98859E-05 9.98859E-05 9.98859E-05 9.98859E-05 0.00290233 9.98859E-05 0.868919 9.98859E-05 0.0126141 9.98859E-05 9.98859E-05 9.98859E-05
9.99034E-05 9.99034E-05 9.99034E-05 0.0447126 0.129816 9.99034E-05 0.293904 0.00818539 9.99034E-05 9.99034E-05 9.99034E-05 0.281823 9.99034E-05 9.99034E-05 0.240459 9.99034E-05 9.99034E-05
0.0696771 0.0156563 9.99296E-05 0.0356185 0.0770672 9.99296E-05 9.99296E-05 0.0530593 9.99296E-05 9.99296E-05 9.99296E-05 0.692852 9.99296E-05 0.00457586 9.99296E-05 0.0440338 0.00666002
9.99032E-05 0.104679 0.00794001 9.99032E-05 0.0437455 9.99032E-05 9.99032E-05 0.216681 9.99032E-05 9.99032E-05 9.99032E-05 0.62281 9.99032E-05 9.99032E-05 0.00304594 9.99032E-05 9.99032E-05
9.98858E-05 9.98858E-05 9.98858E-05 9.98858E-05 9.98858E-05 9.98858E-05 0.281557 0.129012 9.98858E-05 0.0713574 9.98858E-05 0.516774 9.98858E-05 9.98858E-05 9.98858E-05 9.98858E-05 9.98858E-05
9.98945E-05 9.98945E-05 9.98945E-05 0.179322 0.0623348 9.98945E-05 0.0620962 0.14444 9.98945E-05 9.98945E-05 9.98945E-05 0.550609 9.98945E-05 9.98945E-05 9.98945E-05 9.98945E-05 9.98945E-05
9.98596E-05 9.98596E-05 9.98596E-05 9.98596E-05 9.98596E-05 9.98596E-05 9.98596E-05 9.98596E-05 9.98596E-05 9.98596E-05 9.98596E-05 0.998402 9.98596E-05 9.98596E-05 9.98596E-05 9.98596E-05 9.98596E-05
9.98683E-05 9.98683E-05 9.98683E-05 9.98683E-05 9.98683E-05 9.98683E-05 9.98683E-05 9.98683E-05 9.98683E-05 0.0098183 9.98683E-05 0.988684 9.98683E-05 9.98683E-05 9.98683E-05 9.98683E-05 9.98683E-05
9.98857E-05 9.98857E-05 9.98857E-05 9.98857E-05 0.034579 9.98857E-05 9.98857E-05 0.267558 9.98857E-05 0.137372 9.98857E-05 0.559193 9.98857E-05 9.98857E-05 9.98857E-05 9.98857E-05 9.98857E-05
9.99209E-05 0.0734312 9.99209E-05 9.99209E-05 9.99209E-05 9.99209E-05 0.0531297 0.100949 9.99209E-05 0.0167624 9.99209E-05 0.476828 9.99209E-05 0.126821 9.99209E-05 0.0622795 0.0889
9.99121E-05 9.99121E-05 9.99121E-05 9.99121E-05 0.104568 9.99121E-05 9.99121E-05 9.99121E-05 9.99121E-05 0.148286 9.99121E-05 0.509613 0.0176756 0.0921141 0.11612 0.0106239 9.99121E-05
9.98945E-05 0.185791 9.98945E-05 9.98945E-05 9.98945E-05 9.98945E-05 0.0525339 0.20691 9.98945E-05 9.98945E-05 9.98945E-05 0.544763 0.00880301 9.98945E-05 9.98945E-05 9.98945E-05 9.98945E-05
9.98861E-05 9.98861E-05 9.98861E-05 9.98861E-05 9.98861E-05 9.98861E-05 9.98861E-05 9.98861E-05 9.98861E-05 0.0218513 9.98861E-05 0.92583 9.98861E-05 0.0487852 9.98861E-05 0.00223467 9.98861E-05
9.98859E-05 9.98859E-05 9.98859E-05 9.98859E-05 0.0412913 9.98859E-05 9.98859E-05 0.047068 9.98859E-05 0.0348758 9.98859E-05 0.875466 9.98859E-05 9.98859E-05 9.98859E-05 9.98859E-05 9.98859E-05
9.9877E-05 9.9877E-05 9.9877E-05 0.104801 9.9877E-05 9.9877E-05 9.9877E-05 9.9877E-05 9.9877E-05 9.9877E-05 9.9877E-05 0.756996 9.9877E-05 0.136805 9.9877E-05 9.9877E-05 9.9877E-05
9.99034E-05 0.0835701 9.99034E-05 0.0248816 0.0364313 9.99034E-05 9.99034E-05 9.99034E-05 9.99034E-05 0.159938 9.99034E-05 0.639204 9.99034E-05 9.99034E-05 9.99034E-05 9.99034E-05 0.0548761
9.98858E-05 9.98858E-05 9.98858E-05 0.0933611 0.0118504 9.98858E-05 9.98858E-05 0.0470248 9.98858E-05 9.98858E-05 9.98858E-05 0.846465 9.98858E-05 9.98858E-05 9.98858E-05 9.98858E-05 9.98858E-05
9.98857E-05 9.98857E-05 9.98857E-05 9.98857E-05 9.98857E-05 9.98857E-05 9.98857E-05 0.225657 9.98857E-05 0.00233608 9.98857E-05 0.704947 9.98857E-05 0.0657616 9.98857E-05 9.98857E-05 9.98857E-05
9.98687E-05 9.98687E-05 9.98687E-05 9.98687E-05 9.98687E-05 0.0265274 9.98687E-05 9.98687E-05 9.98687E-05 9.98687E-05 9.98687E-05 0.971975 9.98687E-05 9.98687E-05 9.98687E-05 9.98687E-05 9.98687E-05
9.98858E-05 0.255563 9.98858E-05 9.98858E-05 9.98858E-05 9.98858E-05 9.98858E-05 0.04813 9.98858E-05 9.98858E-05 9.98858E-05 0.631648 9.98858E-05 9.98858E-05 9.98858E-05 9.98858E-05 0.0633603
9.98685E-05 9.98685E-05 9.98685E-05 9.98685E-05 9.98685E-05 9.98685E-05 9.98685E-05 9.98685E-05 9.98685E-05 9.98685E-05 9.98685E-05 0.712065 9.98685E-05 9.98685E-05 0.286437 9.98685E-05 9.98685E-05
0.0112578 9.99034E-05 0.0197146 9.99034E-05 0.0188678 9.99034E-05 9.99034E-05 9.99034E-05 9.99034E-05 9.99034E-05 9.99034E-05 0.680691 0.157309 9.99034E-05 9.99034E-05 9.99034E-05 0.111061
9.9877E-05 9.9877E-05 9.9877E-05 9.9877E-05 9.9877E-05 9.9877E-05 9.9877E-05 0.00795472 9.9877E-05 0.186783 9.9877E-05 0.803864 9.9877E-05 9.9877E-05 9.9877E-05 9.9877E-05 9.9877E-05
9.98773E-05 9.98773E-05 9.98773E-05 9.98773E-05 0.0606456 9.98773E-05 9.98773E-05 9.98773E-05 0.0278661 9.98773E-05 9.98773E-05 0.91009 9.98773E-05 9.98773E-05 9.98773E-05 9.98773E-05 9.98773E-05
9.98598E-05 9.98598E-05 9.98598E-05 9.98598E-05 9.98598E-05 9.98598E-05 9.98598E-05 9.98598E-05 9.98598E-05 9.98598E-05 9.98598E-05 0.998402 9.98598E-05 9.98598E-05 9.98598E-05 9.98598E-05 9.98598E-05
9.98597E-05 9.98597E-05 9.98597E-05 9.98597E-05 9.98597E-05 9.98597E-05 9.98597E-05 9.98597E-05 9.98597E-05 9.98597E-05 9.98597E-05 0.998402 9.98597E-05 9.98597E-05 9.98597E-05 9.98597E-05 9.98597E-05
9.98771E-05 9.98771E-05 9.98771E-05 0.0552758 9.98771E-05 9.98771E-05 9.98771E-05 0.00257949 9.98771E-05 9.98771E-05 9.98771E-05 0.940746 9.98771E-05 9.98771E-05 9.98771E-05 9.98771E-05 9.98771E-05
0.000384932 9.99035E-05 9.99035E-05 9.99035E-05 0.00850972 0.145685 9.99035E-05 0.140537 0.00113592 9.99035E-05 9.99035E-05 0.702649 9.99035E-05 9.99035E-05 9.99035E-05 9.99035E-05 9.99035E-05
9.98771E-05 9.98771E-05 9.98771E-05 9.98771E-05 0.113452 9.98771E-05 9.98771E-05 0.120999 9.98771E-05 9.98771E-05 9.98771E-05 9.98771E-05 9.98771E-05 9.98771E-05 0.764151 9.98771E-05 9.98771E-05
9.9886E-05 9.9886E-05 9.9886E-05 9.9886E-05 0.0164235 0.430004 9.9886E-05 0.0229207 9.9886E-05 9.9886E-05 9.9886E-05 9.9886E-05 9.9886E-05 9.9886E-05 0.529353 9.9886E-05 9.9886E-05
9.98683E-05 9.98683E-05 9.98683E-05 9.98683E-05 9.98683E-05 9.98683E-05 9.98683E-05 0.123566 9.98683E-05 9.98683E-05 9.98683E-05 9.98683E-05 9.98683E-05 9.98683E-05 0.874936 9.98683E-05 9.98683E-05
9.9877E-05 9.9877E-05 9.9877E-05 9.9877E-05 0.0245388 9.9877E-05 9.9877E-05 0.128491 9.9877E-05 9.9877E-05 9.9877E-05 9.9877E-05 9.9877E-05 9.9877E-05 0.845572 9.9877E-05 9.9877E-05
9.98858E-05 9.98858E-05 9.98858E-05 0.0263066 0.0544304 9.98858E-05 9.98858E-05 9.98858E-05 9.98858E-05 9.98858E-05 9.98858E-05 9.98858E-05 9.98858E-05 9.98858E-05 0.888565 0.0293997 9.98858E-05
9.98947E-05 9.98947E-05 9.98947E-05 9.98947E-05 0.132906 0.00436989 0.0448907 0.161217 9.98947E-05 9.98947E-05 9.98947E-05 9.98947E-05 9.98947E-05 9.98947E-05 0.655417 9.98947E-05 9.98947E-05
9.99034E-05 0.00722075 9.99034E-05 0.0505517 0.126526 9.99034E-05 9.99034E-05 0.0588847 9.99034E-05 0.00189683 9.99034E-05 9.99034E-05 9.99034E-05 9.99034E-05 0.753821 9.99034E-05 9.99034E-05
9.98683E-05 9.98683E-05 9.98683E-05 9.98683E-05 0.194404 9.98683E-05 9.98683E-05 9.98683E-05 9.98683E-05 9.98683E-05 9.98683E-05 9.98683E-05 9.98683E-05 9.98683E-05 0.804098 9.98683E-05 9.98683E-05
9.99033E-05 0.0279808 9.99033E-05 9.99033E-05 0.298481 9.99033E-05 0.155561 0.0477826 9.99033E-05 0.00425227 9.99033E-05 9.99033E-05 9.99033E-05 9.99033E-05 0.464844 9.99033E-05 9.99033E-05
9.98771E-05 9.98771E-05 9.98771E-05 9.98771E-05 0.240692 9.98771E-05 9.98771E-05 0.256377 9.98771E-05 9.98771E-05 9.98771E-05 9.98771E-05 9.98771E-05 9.98771E-05 0.501533 9.98771E-05 9.98771E-05
9.98859E-05 9.98859E-05 9.98859E-05 9.98859E-05 9.98859E-05 0.248595 0.228951 9.98859E-05 9.98859E-05 0.0833366 9.98859E-05 9.98859E-05 9.98859E-05 9.98859E-05 0.437819 9.98859E-05 9.98859E-05
9.98947E-05 9.98947E-05 9.98947E-05 9.98947E-05 9.98947E-05 0.0601183 0.141254 0.0324588 9.98947E-05 0.000131375 9.98947E-05 9.98947E-05 9.98947E-05 9.98947E-05 0.764838 9.98947E-05 9.98947E-05
9.98685E-05 9.98685E-05 9.98685E-05 9.98685E-05 0.0250886 9.98685E-05 9.98685E-05 9.98685E-05 9.98685E-05 9.98685E-05 9.98685E-05 9.98685E-05 9.98685E-05 9.98685E-05 0.973413 9.98685E-05 9.98685E-05
9.99035E-05 9.99035E-05 0.0130229 9.99035E-05 0.107731 0.0417319 0.0159393 0.26321 9.99035E-05 9.99035E-05 9.99035E-05 9.99035E-05 9.99035E-05 9.99035E-05 0.557266 9.99035E-05 9.99035E-05
0.0361529 9.99035E-05 9.99035E-05 0.0909031 0.0752372 0.034268 9.99035E-05 9.99035E-05 9.99035E-05 9.99035E-05 9.99035E-05 9.99035E-05 9.99035E-05 9.99035E-05 0.712008 9.99035E-05 0.0503318
0.0156176 9.99035E-05 9.99035E-05 9.99035E-05 0.0654397 9.99035E-05 9.99035E-05 0.210879 9.99035E-05 0.00589354 9.99035E-05 9.99035E-05 9.99035E-05 0.00766992 0.693401 9.99035E-05 9.99035E-05
0.00884717 9.99034E-05 9.99034E-05 9.99034E-05 0.000589861 0.0127681 0.231344 0.102387 9.99034E-05 9.99034E-05 9.99034E-05 9.99034E-05 9.99034E-05 9.99034E-05 0.642964 9.99034E-05 9.99034E-05
9.98949E-05 0.0836876 9.98949E-05 9.98949E-05 0.103776 9.98949E-05 9.98949E-05 9.98949E-05 0.0455588 9.98949E-05 9.98949E-05 9.98949E-05 9.98949E-05 9.98949E-05 0.727631 0.0381477 9.98949E-05
9.98597E-05 9.98597E-05 9.98597E-05 9.98597E-05 9.98597E-05 9.98597E-05 9.98597E-05 9.98597E-05 9.98597E-05 9.98597E-05 9.98597E-05 9.98597E-05 9.98597E-05 9.98597E-05 0.998402 9.98597E-05 9.98597E-05
0.0809125 9.99298E-05 0.0254517 0.00397747 0.105064 0.134925 9.99298E-05 0.167919 9.99298E-05 0.00584002 9.99298E-05 0.00841745 9.99298E-05 9.99298E-05 0.466694 9.99298E-05 9.99298E-05
9.98947E-05 9.98947E-05 9.98947E-05 9.98947E-05 0.0227094 9.98947E-05 0.145687 0.0936982 9.98947E-05 9.98947E-05 9.98947E-05 9.98947E-05 9.98947E-05 9.98947E-05 0.710251 9.98947E-05 0.0264554
9.98771E-05 9.98771E-05 9.98771E-05 9.98771E-05 0.0260076 9.98771E-05 9.98771E-05 0.00441014 9.98771E-05 9.98771E-05 9.98771E-05 9.98771E-05 9.98771E-05 9.98771E-05 0.968184 9.98771E-05 9.98771E-05
0.0305912 9.98947E-05 9.98947E-05 9.98947E-05 0.232586 9.98947E-05 0.0317197 0.196658 9.98947E-05 9.98947E-05 9.98947E-05 9.98947E-05 9.98947E-05 9.98947E-05 0.507246 9.98947E-05 9.98947E-05
9.9886E-05 9.9886E-05 9.9886E-05 9.9886E-05 0.165453 0.0770135 9.9886E-05 9.9886E-05 9.9886E-05 9.9886E-05 9.9886E-05 9.9886E-05 9.9886E-05 9.9886E-05 0.70325 0.0529847 9.9886E-05
0.0566871 9.99034E-05 9.99034E-05 9.99034E-05 0.240646 9.99034E-05 0.00591083 0.234936 9.99034E-05 9.99034E-05 9.99034E-05 9.99034E-05 0.0055777 9.99034E-05 0.455143 9.99034E-05 9.99034E-05
9.9921E-05 9.9921E-05 9.9921E-05 0.0165501 0.163714 0.15893 0.123763 0.0619678 9.9921E-05 9.9921E-05 9.9921E-05 0.0448188 9.9921E-05 0.00813149 0.421226 9.9921E-05 9.9921E-05
0.00905646 9.99035E-05 0.0766717 9.99035E-05 9.99035E-05 0.522332 9.99035E-05 0.0579336 9.99035E-05 9.99035E-05 9.99035E-05 9.99035E-05 9.99035E-05 9.99035E-05 0.223121 0.109786 9.99035E-05
9.98858E-05 9.98858E-05 9.98858E-05 9.98858E-05 0.0397875 9.98858E-05 9.98858E-05 0.0523471 9.98858E-05 9.98858E-05 9.98858E-05 9.98858E-05 9.98858E-05 9.98858E-05 0.825625 9.98858E-05 0.0809416
9.98772E-05 9.98772E-05 9.98772E-05 9.98772E-05 0.310751 9.98772E-05 9.98772E-05 0.160027 9.98772E-05 9.98772E-05 9.98772E-05 9.98772E-05 9.98772E-05 9.98772E-05 0.527824 9.98772E-05 9.98772E-05
9.9886E-05 9.9886E-05 9.9886E-05 9.9886E-05 9.9886E-05 0.0127795 9.9886E-05 0.0652677 9.9886E-05 9.9886E-05 9.9886E-05 9.9886E-05 9.9886E-05 9.9886E-05 0.805195 0.115459 9.9886E-05
9.98948E-05 9.98948E-05 9.98948E-05 9.98948E-05 0.0422395 9.98948E-05 9.98948E-05 0.205162 9.98948E-05 0.025301 9.98948E-05 9.98948E-05 0.00664733 9.98948E-05 0.719451 9.98948E-05 9.98948E-05
0.00578738 9.98683E-05 9.98683E-05 9.98683E-05 9.98683E-05 9.98683E-05 9.98683E-05 9.98683E-05 9.98683E-05 9.98683E-05 9.98683E-05 9.98683E-05 9.98683E-05 9.98683E-05 0.992715 9.98683E-05 9.98683E-05
0.136926 9.98946E-05 9.98946E-05 9.98946E-05 0.259149 9.98946E-05 9.98946E-05 0.112454 9.98946E-05 9.98946E-05 9.98946E-05 9.98946E-05 9.98946E-05 9.98946E-05 0.33337 0.156902 9.98946E-05
9.9877E-05 0.0736609 9.9877E-05 9.9877E-05 9.9877E-05 9.9877E-05 9.9877E-05 0.0201234 9.9877E-05 9.9877E-05 9.9877E-05 9.9877E-05 9.9877E-05 9.9877E-05 0.904817 9.9877E-05 9.9877E-05
9.98859E-05 9.98859E-05 9.98859E-05 9.98859E-05 0.0341495 0.0568044 9.98859E-05 0.0967277 9.98859E-05 9.98859E-05 9.98859E-05 9.98859E-05 9.98859E-05 9.98859E-05 0.81102 9.98859E-05 9.98859E-05
9.99035E-05 9.99035E-05 9.99035E-05 9.99035E-05 0.0392496 0.0472192 0.0438931 9.99035E-05 9.99035E-05 0.058659 9.99035E-05 9.99035E-05 9.99035E-05 0.0665611 0.743319 9.99035E-05 9.99035E-05
9.98858E-05 9.98858E-05 9.98858E-05 0.00585877 0.0635944 9.98858E-05 9.98858E-05 0.214182 9.98858E-05 9.98858E-05 9.98858E-05 9.98858E-05 9.98858E-05 9.98858E-05 0.715067 9.98858E-05 9.98858E-05
9.98858E-05 9.98858E-05 9.98858E-05 9.98858E-05 0.0710208 0.397734 9.98858E-05 0.0108012 9.98858E-05 9.98858E-05 9.98858E-05 9.98858E-05 9.98858E-05 9.98858E-05 0.519146 9.98858E-05 9.98858E-05
9.9886E-05 9.9886E-05 9.9886E-05 9.9886E-05 9.9886E-05 0.143868 9.9886E-05 0.0736015 9.9886E-05 0.0486812 9.9886E-05 9.9886E-05 9.9886E-05 9.9886E-05 0.732551 9.9886E-05 9.9886E-05
9.98687E-05 9.98687E-05 9.98687E-05 9.98687E-05 9.98687E-05 0.206072 9.98687E-05 9.98687E-05 9.98687E-05 9.98687E-05 9.98687E-05 9.98687E-05 9.98687E-05 9.98687E-05 0.79243 9.98687E-05 9.98687E-05
9.9886E-05 9.9886E-05 9.9886E-05 9.9886E-05 0.00653639 0.435092 0.0170899 9.9886E-05 9.9886E-05 9.9886E-05 9.9886E-05 9.9886E-05 9.9886E-05 9.9886E-05 0.539983 9.9886E-05 9.9886E-05
9.99034E-05 9.99034E-05 0.000135061 9.99034E-05 0.0314298 9.99034E-05 0.214581 0.255425 9.99034E-05 0.0376295 9.99034E-05 9.99034E-05 9.99034E-05 9.99034E-05 0.459701 9.99034E-05 9.99034E-05
9.98858E-05 0.000907562 9.98858E-05 9.98858E-05 0.154398 9.98858E-05 9.98858E-05 9.98858E-05 9.98858E-05 9.98858E-05 9.98858E-05 9.98858E-05 9.98858E-05 9.98858E-05 0.791682 0.0517137 9.98858E-05
0.0499872 9.99035E-05 0.049388 9.99035E-05 0.156293 0.626533 9.99035E-05 0.116161 9.99035E-05 9.99035E-05 9.99035E-05 9.99035E-05 9.99035E-05 9.99035E-05 0.00053868 9.99035E-05 9.99035E-05
9.98947E-05 9.98947E-05 9.98947E-05 9.98947E-05 0.0106835 0.464421 9.98947E-05 0.0142541 9.98947E-05 0.0484793 9.98947E-05 9.98947E-05 9.98947E-05 9.98947E-05 0.460964 9.98947E-05 9.98947E-05
0.101784 0.0175415 9.99034E-05 9.99034E-05 0.163123 9.99034E-05 0.183523 9.99034E-05 9.99034E-05 9.99034E-05 9.99034E-05 9.99034E-05 9.99034E-05 9.99034E-05 0.529191 0.00373885 9.99034E-05
9.9886E-05 9.9886E-05 9.9886E-05 9.9886E-05 0.128256 9.9886E-05 9.9886E-05 0.0711776 9.9886E-05 9.9886E-05 9.9886E-05 0.124859 9.9886E-05 9.9886E-05 0.674409 9.9886E-05 9.9886E-05
9.98948E-05 9.98948E-05 0.0778989 9.98948E-05 0.124663 9.98948E-05 0.0484284 9.98948E-05 9.98948E-05 9.98948E-05 9.98948E-05 9.98948E-05 9.98948E-05 0.0731713 0.674639 9.98948E-05 9.98948E-05
0.0449033 0.0394658 9.99123E-05 9.99123E-05 0.273347 9.99123E-05 9.99123E-05 0.144332 9.99123E-05 0.0119173 9.99123E-05 0.033624 9.99123E-05 9.99123E-05 0.451411 9.99123E-05 9.99123E-05
9.98772E-05 9.98772E-05 9.98772E-05 9.98772E-05 9.98772E-05 0.358817 9.98772E-05 0.0147159 9.98772E-05 9.98772E-05 9.98772E-05 9.98772E-05 9.98772E-05 9.98772E-05 0.625068 9.98772E-05 9.98772E-05
0.0050202 9.98859E-05 9.98859E-05 9.98859E-05 9.98859E-05 9.98859E-05 9.98859E-05 0.174094 9.98859E-05 9.98859E-05 9.98859E-05 9.98859E-05 9.98859E-05 9.98859E-05 0.674692 9.98859E-05 0.144895
9.99122E-05 9.99122E-05 9.99122E-05 9.99122E-05 0.148536 0.459127 0.0520908 0.00658913 9.99122E-05 0.0081347 9.99122E-05 9.99122E-05 9.99122E-05 9.99122E-05 0.226961 0.0975622 9.99122E-05
9.98861E-05 9.98861E-05 9.98861E-05 9.98861E-05 0.093598 0.125134 9.98861E-05 0.0816633 9.98861E-05 9.98861E-05 9.98861E-05 9.98861E-05 9.98861E-05 9.98861E-05 0.698306 9.98861E-05 9.98861E-05
9.98859E-05 9.98859E-05 9.98859E-05 9.98859E-05 0.0522379 9.98859E-05 0.00738466 9.98859E-05 9.98859E-05 9.98859E-05 9.98859E-05 9.98859E-05 9.98859E-05 0.0454297 0.893649 9.98859E-05 9.98859E-05
9.9877E-05 9.9877E-05 9.9877E-05 9.9877E-05 9.9877E-05 9.9877E-05 9.9877E-05 9.9877E-05 9.9877E-05 0.00178998 9.9877E-05 9.9877E-05 9.9877E-05 9.9877E-05 0.946092 9.9877E-05 0.0507192
9.98858E-05 9.98858E-05 9.98858E-05 9.98858E-05 0.217104 9.98858E-05 0.257605 0.113668 9.98858E-05 9.98858E-05 9.98858E-05 9.98858E-05 9.98858E-05 9.98858E-05 0.410324 9.98858E-05 9.98858E-05
9.9877E-05 9.9877E-05 9.9877E-05 9.9877E-05 0.138654 9.9877E-05 9.9877E-05 0.0323066 9.9877E-05 9.9877E-05 9.9877E-05 9.9877E-05 9.9877E-05 9.9877E-05 0.827641 9.9877E-05 9.9877E-05
9.98683E-05 9.98683E-05 9.98683E-05 9.98683E-05 0.00197664 9.98683E-05 9.98683E-05 9.98683E-05 9.98683E-05 9.98683E-05 9.98683E-05 9.98683E-05 9.98683E-05 9.98683E-05 0.996525 9.98683E-05 9.98683E-05
0.13653 9.9886E-05 9.9886E-05 9.9886E-05 9.9886E-05 0.0181553 9.9886E-05 0.0317135 9.9886E-05 9.9886E-05 9.9886E-05 9.9886E-05 9.9886E-05 9.9886E-05 0.812303 9.9886E-05 9.9886E-05
9.98947E-05 9.98947E-05 9.98947E-05 9.98947E-05 0.122901 0.109791 0.0644203 0.0492152 9.98947E-05 9.98947E-05 9.98947E-05 9.98947E-05 9.98947E-05 9.98947E-05 0.652474 9.98947E-05 9.98947E-05
9.98593E-05 9.98593E-05 9.98593E-05 9.98593E-05 9.98593E-05 9.98593E-05 9.98593E-05 0.998402 9.98593E-05 9.98593E-05 9.98593E-05 9.98593E-05 9.98593E-05 9.98593E-05 9.98593E-05 9.98593E-05 9.98593E-05
9.98593E-05 9.98593E-05 9.98593E-05 9.98593E-05 0.998402 9.98593E-05 9.98593E-05 9.98593E-05 9.98593E-05 9.98593E-05 9.98593E-05 9.98593E-05 9.98593E-05 9.98593E-05 9.98593E-05 9.98593E-05 9.98593E-05
9.98594E-05 9.98594E-05 9.98594E-05 9.98594E-05 9.98594E-05 9.98594E-05 9.98594E-05 0.998402 9.98594E-05 9.98594E-05 9.98594E-05 9.98594E-05 9.98594E-05 9.98594E-05 9.98594E-05 9.98594E-05 9.98594E-05
9.98592E-05 9.98592E-05 9.98592E-05 9.98592E-05 0.998402 9.98592E-05 9.98592E-05 9.98592E-05 9.98592E-05 9.98592E-05 9.98592E-05 9.98592E-05 9.98592E-05 9.98592E-05 9.98592E-05 9.98592E-05 9.98592E-05
9.98594E-05 9.98594E-05 9.98594E-05 9.98594E-05 0.998402 9.98594E-05 9.98594E-05 9.98594E-05 9.98594E-05 9.98594E-05 9.98594E-05 9.98594E-05 9.98594E-05 9.98594E-05 9.98594E-05 9.98594E-05 9.98594E-05
9.98594E-05 9.98594E-05 9.98594E-05 9.98594E-05 0.998402 9.98594E-05 9.98594E-05 9.98594E-05 9.98594E-05 9.98594E-05 9.98594E-05 9.98594E-05 9.98594E-05 9.98594E-05 9.98594E-05 9.98594E-05 9.98594E-05
9.98594E-05 9.98594E-05 9.98594E-05 9.98594E-05 9.98594E-05 9.98594E-05 9.98594E-05 0.998402 9.98594E-05 9.98594E-05 9.98594E-05 9.98594E-05 9.98594E-05 9.98594E-05 9.98594E-05 9.98594E-05 9.98594E-05
9.98594E-05 9.98594E-05 9.98594E-05 9.98594E-05 0.998402 9.98594E-05 9.98594E-05 9.98594E-05 9.98594E-05 9.98594E-05 9.98594E-05 9.98594E-05 9.98594E-05 9.98594E-05 9.98594E-05 9.98594E-05 9.98594E-05
9.98593E-05 9.98593E-05 9.98593E-05 9.98593E-05 0.998402 9.98593E-05 9.98593E-05 9.98593E-05 9.98593E-05 9.98593E-05 9.98593E-05 9.98593E-05 9.98593E-05 9.98593E-05 9.98593E-05 9.98593E-05 9.98593E-05
9.98592E-05 9.98592E-05 9.98592E-05 9.98592E-05 9.98592E-05 9.98592E-05 9.98592E-05 0.998402 9.98592E-05 9.98592E-05 9.98592E-05 9.98592E-05 9.98592E-05 9.98592E-05 9.98592E-05 9.98592E-05 9.98592E-05
9.98593E-05 9.98593E-05 9.98593E-05 9.98593E-05 9.98593E-05 9.98593E-05 9.98593E-05 0.998402 9.98593E-05 9.98593E-05 9.98593E-05 9.98593E-05 9.98593E-05 9.98593E-05 9.98593E-05 9.98593E-05 9.98593E-05
9.98592E-05 9.98592E-05 9.98592E-05 9.98592E-05 9.98592E-05 9.98592E-05 9.98592E-05 0.998402 9.98592E-05 9.98592E-05 9.98592E-05 9.98592E-05 9.98592E-05 9.98592E-05 9.98592E-05 9.98592E-05 9.98592E-05
9.98593E-05 9.98593E-05 9.98593E-05 9.98593E-05 0.998402 9.98593E-05 9.98593E-05 9.98593E-05 9.98593E-05 9.98593E-05 9.98593E-05 9.98593E-05 9.98593E-05 9.98593E-05 9.98593E-05 9.98593E-05 9.98593E-05
9.98593E-05 9.98593E-05 9.98593E-05 9.98593E-05 0.998402 9.98593E-05 9.98593E-05 9.98593E-05 9.98593E-05 9.98593E-05 9.98593E-05 9.98593E-05 9.98593E-05 9.98593E-05 9.98593E-05 9.98593E-05 9.98593E-05
9.98593E-05 9.98593E-05 9.98593E-05 9.98593E-05 9.98593E-05 9.98593E-05 9.98593E-05 0.998402 9.98593E-05 9.98593E-05 9.98593E-05 9.98593E-05 9.98593E-05 9.98593E-05 9.98593E-05 9.98593E-05 9.98593E-05
9.98592E-05 9.98592E-05 9.98592E-05 9.98592E-05 9.98592E-05 9.98592E-05 9.98592E-05 0.998402 9.98592E-05 9.98592E-05 9.98592E-05 9.98592E-05 9.98592E-05 9.98592E-05 9.98592E-05 9.98592E-05 9.98592E-05
0.0433496 9.99121E-05 0.0156544 0.00473423 0.0739315 9.99121E-05 9.99121E-05 0.204993 9.99121E-05 9.99121E-05 9.99121E-05 9.99121E-05 9.99121E-05 9.99121E-05 0.50374 9.99121E-05 0.152599
9.98594E-05 9.98594E-05 9.98594E-05 9.98594E-05 9.98594E-05 9.98594E-05 9.98594E-05 0.998402 9.98594E-05 9.98594E-05 9.98594E-05 9.98594E-05 9.98594E-05 9.98594E-05 9.98594E-05 9.98594E-05 9.98594E-05
9.98594E-05 9.98594E-05 9.98594E-05 9.98594E-05 0.998402 9.98594E-05 9.98594E-05 9.98594E-05 9.98594E-05 9.98594E-05 9.98594E-05 9.98594E-05 9.98594E-05 9.98594E-05 9.98594E-05 9.98594E-05 9.98594E-05
9.98592E-05 9.98592E-05 9.98592E-05 9.98592E-05 9.98592E-05 9.98592E-05 9.98592E-05 0.998402 9.98592E-05 9.98592E-05 9.98592E-05 9.98592E-05 9.98592E-05 9.98592E-05 9.98592E-05 9.98592E-05 9.98592E-05
9.98593E-05 9.98593E-05 9.98593E-05 9.98593E-05 9.98593E-05 9.98593E-05 9.98593E-05 0.998402 9.98593E-05 9.98593E-05 9.98593E-05 9.98593E-05 9.98593E-05 9.98593E-05 9.98593E-05 9.98593E-05 9.98593E-05
9.98593E-05 9.98593E-05 9.98593E-05 9.98593E-05 9.98593E-05 9.98593E-05 9.98593E-05 0.998402 9.98593E-05 9.98593E-05 9.98593E-05 9.98593E-05 9.98593E-05 9.98593E-05 9.98593E-05 9.98593E-05 9.98593E-05
9.98592E-05 9.98592E-05 9.98592E-05 9.98592E-05 0.998402 9.98592E-05 9.98592E-05 9.98592E-05 9.98592E-05 9.98592E-05 9.98592E-05 9.98592E-05 9.98592E-05 9.98592E-05 9.98592E-05 9.98592E-05 9.98592E-05
9.98593E-05 9.98593E-05 9.98593E-05 9.98593E-05 9.98593E-05 9.98593E-05 9.98593E-05 0.998402 9.98593E-05 9.98593E-05 9.98593E-05 9.98593E-05 9.98593E-05 9.98593E-05 9.98593E-05 9.98593E-05 9.98593E-05
9.98593E-05 9.98593E-05 9.98593E-05 9.98593E-05 0.998402 9.98593E-05 9.98593E-05 9.98593E-05 9.98593E-05 9.98593E-05 9.98593E-05 9.98593E-05 9.98593E-05 9.98593E-05 9.98593E-05 9.98593E-05 9.98593E-05
9.98594E-05 9.98594E-05 9.98594E-05 9.98594E-05 9.98594E-05 9.98594E-05 9.98594E-05 0.998402 9.98594E-05 9.98594E-05 9.98594E-05 9.98594E-05 9.98594E-05 9.98594E-05 9.98594E-05 9.98594E-05 9.98594E-05
9.98594E-05 9.98594E-05 9.98594E-05 9.98594E-05 9.98594E-05 9.98594E-05 9.98594E-05 0.998402 9.98594E-05 9.98594E-05 9.98594E-05 9.98594E-05 9.98594E-05 9.98594E-05 9.98594E-05 9.98594E-05 9.98594E-05
9.98593E-05 9.98593E-05 9.98593E-05 9.98593E-05 0.998402 9.98593E-05 9.98593E-05 9.98593E-05 9.98593E-05 9.98593E-05 9.98593E-05 9.98593E-05 9.98593E-05 9.98593E-05 9.98593E-05 9.98593E-05 9.98593E-05
9.98594E-05 9.98594E-05 9.98594E-05 9.98594E-05 0.998402 9.98594E-05 9.98594E-05 9.98594E-05 9.98594E-05 9.98594E-05 9.98594E-05 9.98594E-05 9.98594E-05 9.98594E-05 9.98594E-05 9.98594E-05 9.98594E-05
9.98594E-05 9.98594E-05 9.98594E-05 9.98594E-05 0.998402 9.98594E-05 9.98594E-05 9.98594E-05 9.98594E-05 9.98594E-05 9.98594E-05 9.98594E-05 9.98594E-05 9.98594E-05 9.98594E-05 9.98594E-05 9.98594E-05
9.98594E-05 9.98594E-05 9.98594E-05 9.98594E-05 9.98594E-05 9.98594E-05 9.98594E-05 0.998402 9.98594E-05 9.98594E-05 9.98594E-05 9.98594E-05 9.98594E-05 9.98594E-05 9.98594E-05 9.98594E-05 9.98594E-05
9.98594E-05 9.98594E-05 9.98594E-05 9.98594E-05 9.98594E-05 9.98594E-05 9.98594E-05 0.998402 9.98594E-05 9.98594E-05 9.98594E-05 9.98594E-05 9.98594E-05 9.98594E-05 9.98594E-05 9.98594E-05 9.98594E-05
9.98592E-05 9.98592E-05 9.98592E-05 9.98592E-05 9.98592E-05 9.98592E-05 9.98592E-05 0.998402 9.98592E-05 9.98592E-05 9.98592E-05 9.98592E-05 9.98592E-05 9.98592E-05 9.98592E-05 9.98592E-05 9.98592E-05
9.98594E-05 9.98594E-05 9.98594E-05 9.98594E-05 9.98594E-05 9.98594E-05 9.98594E-05 0.998402 9.98594E-05 9.98594E-05 9.98594E-05 9.98594E-05 9.98594E-05 9.98594E-05 9.98594E-05 9.98594E-05 9.98594E-05
9.98593E-05 9.98593E-05 9.98593E-05 9.98593E-05 9.98593E-05 9.98593E-05 9.98593E-05 0.998402 9.98593E-05 9.98593E-05 9.98593E-05 9.98593E-05 9.98593E-05 9.98593E-05 9.98593E-05 9.98593E-05 9.98593E-05
9.98594E-05 9.98594E-05 9.98594E-05 9.98594E-05 0.998402 9.98594E-05 9.98594E-05 9.98594E-05 9.98594E-05 9.98594E-05 9.98594E-05 9.98594E-05 9.98594E-05 9.98594E-05 9.98594E-05 9.98594E-05 9.98594E-05
9.98593E-05 9.98593E-05 9.98593E-05 9.98593E-05 0.998402 9.98593E-05 9.98593E-05 9.98593E-05 9.98593E-05 9.98593E-05 9.98593E-05 9.98593E-05 9.98593E-05 9.98593E-05 9.98593E-05 9.98593E-05 9.98593E-05
9.98593E-05 9.98593E-05 9.98593E-05 9.98593E-05 0.998402 9.98593E-05 9.98593E-05 9.98593E-05 9.98593E-05 9.98593E-05 9.98593E-05 9.98593E-05 9.98593E-05 9.98593E-05 9.98593E-05 9.98593E-05 9.98593E-05
9.98593E-05 9.98593E-05 9.98593E-05 9.98593E-05 9.98593E-05 9.98593E-05 9.98593E-05 0.998402 9.98593E-05 9.98593E-05 9.98593E-05 9.98593E-05 9.98593E-05 9.98593E-05 9.98593E-05 9.98593E-05 9.98593E-05
9.98593E-05 9.98593E-05 9.98593E-05 9.98593E-05 0.998402 9.98593E-05 9.98593E-05 9.98593E-05 9.98593E-05 9.98593E-05 9.98593E-05 9.98593E-05 9.98593E-05 9.98593E-05 9.98593E-05 9.98593E-05 9.98593E-05
9.98593E-05 9.98593E-05 9.98593E-05 9.98593E-05 0.998402 9.98593E-05 9.98593E-05 9.98593E-05 9.98593E-05 9.98593E-05 9.98593E-05 9.98593E-05 9.98593E-05 9.98593E-05 9.98593E-05 9.98593E-05 9.98593E-05
9.98593E-05 9.98593E-05 9.98593E-05 9.98593E-05 0.998402 9.98593E-05 9.98593E-05 9.98593E-05 9.98593E-05 9.98593E-05 9.98593E-05 9.98593E-05 9.98593E-05 9.98593E-05 9.98593E-05 9.98593E-05 9.98593E-05
9.98593E-05 9.98593E-05 9.98593E-05 9.98593E-05 0.998402 9.98593E-05 9.98593E-05 9.98593E-05 9.98593E-05 9.98593E-05 9.98593E-05 9.98593E-05 9.98593E-05 9.98593E-05 9.98593E-05 9.98593E-05 9.98593E-05
9.98593E-05 9.98593E-05 9.98593E-05 9.98593E-05 9.98593E-05 9.98593E-05 9.98593E-05 0.998402 9.98593E-05 9.98593E-05 9.98593E-05 9.98593E-05 9.98593E-05 9.98593E-05 9.98593E-05 9.98593E-05 9.98593E-05
9.98594E-05 9.98594E-05 9.98594E-05 9.98594E-05 0.998402 9.98594E-05 9.98594E-05 9.98594E-05 9.98594E-05 9.98594E-05 9.98594E-05 9.98594E-05 9.98594E-05 9.98594E-05 9.98594E-05 9.98594E-05 9.98594E-05
9.98593E-05 9.98593E-05 9.98593E-05 9.98593E-05 0.998402 9.98593E-05 9.98593E-05 9.98593E-05 9.98593E-05 9.98593E-05 9.98593E-05 9.98593E-05 9.98593E-05 9.98593E-05 9.98593E-05 9.98593E-05 9.98593E-05
9.99033E-05 9.99033E-05 0.0232002 9.99033E-05 0.0942817 9.99033E-05 0.0364293 0.0949295 9.99033E-05 9.99033E-05 9.99033E-05 9.99033E-05 9.99033E-05 9.99033E-05 0.539331 9.99033E-05 0.21073
9.98593E-05 9.98593E-05 9.98593E-05 9.98593E-05 9.98593E-05 9.98593E-05 9.98593E-05 0.998402 9.98593E-05 9.98593E-05 9.98593E-05 9.98593E-05 9.98593E-05 9.98593E-05 9.98593E-05 9.98593E-05 9.98593E-05
9.98595E-05 9.98595E-05 9.98595E-05 9.98595E-05 0.998402 9.98595E-05 9.98595E-05 9.98595E-05 9.98595E-05 9.98595E-05 9.98595E-05 9.98595E-05 9.98595E-05 9.98595E-05 9.98595E-05 9.98595E-05 9.98595E-05
9.98593E-05 9.98593E-05 9.98593E-05 9.98593E-05 0.998402 9.98593E-05 9.98593E-05 9.98593E-05 9.98593E-05 9.98593E-05 9.98593E-05 9.98593E-05 9.98593E-05 9.98593E-05 9.98593E-05 9.98593E-05 9.98593E-05
9.98594E-05 9.98594E-05 9.98594E-05 9.98594E-05 0.998402 9.98594E-05 9.98594E-05 9.98594E-05 9.98594E-05 9.98594E-05 9.98594E-05 9.98594E-05 9.98594E-05 9.98594E-05 9.98594E-05 9.98594E-05 9.98594E-05
9.98593E-05 9.98593E-05 9.98593E-05 9.98593E-05 0.998402 9.98593E-05 9.98593E-05 9.98593E-05 9.98593E-05 9.98593E-05 9.98593E-05 9.98593E-05 9.98593E-05 9.98593E-05 9.98593E-05 9.98593E-05 9.98593E-05
9.98593E-05 9.98593E-05 9.98593E-05 9.98593E-05 9.98593E-05 9.98593E-05 9.98593E-05 0.998402 9.98593E-05 9.98593E-05 9.98593E-05 9.98593E-05 9.98593E-05 9.98593E-05 9.98593E-05 9.98593E-05 9.98593E-05
9.98593E-05 9.98593E-05 9.98593E-05 9.98593E-05 0.998402 9.98593E-05 9.98593E-05 9.98593E-05 9.98593E-05 9.98593E-05 9.98593E-05 9.98593E-05 9.98593E-05 9.98593E-05 9.98593E-05 9.98593E-05 9.98593E-05
9.98592E-05 9.98592E-05 9.98592E-05 9.98592E-05 9.98592E-05 9.98592E-05 9.98592E-05 0.998402 9.98592E-05 9.98592E-05 9.98592E-05 9.98592E-05 9.98592E-05 9.98592E-05 9.98592E-05 9.98592E-05 9.98592E-05
9.98593E-05 9.98593E-05 9.98593E-05 9.98593E-05 0.998402 9.98593E-05 9.98593E-05 9.98593E-05 9.98593E-05 9.98593E-05 9.98593E-05 9.98593E-05 9.98593E-05 9.98593E-05 9.98593E-05 9.98593E-05 9.98593E-05
9.98593E-05 9.98593E-05 9.98593E-05 9.98593E-05 9.98593E-05 9.98593E-05 9.98593E-05 0.998402 9.98593E-05 9.98593E-05 9.98593E-05 9.98593E-05 9.98593E-05 9.98593E-05 9.98593E-05 9.98593E-05 9.98593E-05
9.98593E-05 9.98593E-05 9.98593E-05 9.98593E-05 0.998402 9.98593E-05 9.98593E-05 9.98593E-05 9.98593E-05 9.98593E-05 9.98593E-05 9.98593E-05 9.98593E-05 9.98593E-05 9.98593E-05 9.98593E-05 9.98593E-05
