0.0634364 9.99649E-05 9.99649E-05 0.110585 0.0680624 0.125834 0.206186 9.99649E-05 0.425496 9.99649E-05
0.0142533 9.99473E-05 9.99473E-05 9.99473E-05 0.0106265 9.99473E-05 0.156405 9.99473E-05 0.818116 9.99473E-05
9.99473E-05 0.0405396 9.99473E-05 9.99473E-05 9.99473E-05 0.0472462 9.99473E-05 0.00345711 0.908157 9.99473E-05
0.0962243 0.0696155 9.99649E-05 0.341941 9.99649E-05 0.114909 9.99649E-05 9.99649E-05 0.354773 0.0221361
9.99298E-05 0.161399 9.99298E-05 9.99298E-05 9.99298E-05 9.99298E-05 9.99298E-05 9.99298E-05 0.837801 9.99298E-05
9.99561E-05 0.146985 9.99561E-05 0.109493 9.99561E-05 0.260309 0.172227 9.99561E-05 0.310486 9.99561E-05
0.157614 9.99561E-05 9.99561E-05 0.27999 9.99561E-05 9.99561E-05 0.204402 0.0319998 0.325494 9.99561E-05
9.99649E-05 0.232514 0.0250006 0.108442 9.99649E-05 0.203276 9.99649E-05 0.142704 0.287664 9.99649E-05
9.99561E-05 0.0665364 9.99561E-05 0.0699557 0.0500553 0.511273 9.99561E-05 9.99561E-05 0.30168 9.99561E-05
9.99385E-05 9.99385E-05 0.0192715 9.99385E-05 9.99385E-05 0.0192405 9.99385E-05 9.99385E-05 0.960788 9.99385E-05
0.175219 9.99473E-05 9.99473E-05 0.00419738 9.99473E-05 0.210543 9.99473E-05 9.99473E-05 0.60944 9.99473E-05
0.014475 0.0408415 9.99736E-05 0.0868645 0.00733894 0.0098848 9.99736E-05 0.00580464 0.834491 9.99736E-05
9.99297E-05 9.99297E-05 9.99297E-05 9.99297E-05 9.99297E-05 0.0857223 9.99297E-05 9.99297E-05 0.913478 9.99297E-05
0.0301722 9.99561E-05 9.99561E-05 9.99561E-05 9.99561E-05 9.99561E-05 0.0299049 0.0861237 0.666647 0.186653
9.99474E-05 9.99474E-05 9.99474E-05 0.129013 9.99474E-05 0.311972 9.99474E-05 9.99474E-05 0.425348 0.133067
0.0239974 9.99649E-05 9.99649E-05 0.149163 9.99649E-05 0.388659 9.99649E-05 0.151263 0.280097 0.0064213
0.10891 9.99649E-05 9.99649E-05 0.146382 9.99649E-05 0.0901279 0.0224679 9.99649E-05 0.596581 0.0351314
9.99473E-05 9.99473E-05 0.208215 9.99473E-05 0.145224 0.288758 9.99473E-05 9.99473E-05 0.357203 9.99473E-05
0.0330763 9.99561E-05 0.030166 0.19379 9.99561E-05 0.351093 9.99561E-05 9.99561E-05 0.391375 9.99561E-05
9.99385E-05 9.99385E-05 9.99385E-05 9.99385E-05 0.0610138 0.000609218 9.99385E-05 9.99385E-05 0.937677 9.99385E-05
0.139569 0.0485924 0.00733709 0.0172017 0.0663221 0.150577 9.99824E-05 0.114923 0.455278 9.99824E-05
9.99561E-05 0.210406 9.99561E-05 0.189779 9.99561E-05 0.264226 0.00579296 9.99561E-05 0.329297 9.99561E-05
0.0912472 9.99561E-05 0.00332991 9.99561E-05 9.99561E-05 0.104663 0.105763 9.99561E-05 0.694498 9.99561E-05
9.99561E-05 9.99561E-05 0.0125436 0.173649 9.99561E-05 0.20259 9.99561E-05 0.113019 0.497698 9.99561E-05
0.0333499 9.99649E-05 9.99649E-05 0.0908232 0.126408 0.342143 9.99649E-05 9.99649E-05 0.322082 0.0847938
0.002033 0.0317787 9.99649E-05 0.0757581 9.99649E-05 0.111244 9.99649E-05 9.99649E-05 0.731473 0.0473137
0.0483329 9.99912E-05 0.0802491 0.0814925 0.0137021 0.201064 0.102339 0.151593 0.115096 0.206031
9.99386E-05 9.99386E-05 9.99386E-05 0.202484 9.99386E-05 0.00473303 9.99386E-05 9.99386E-05 0.792084 9.99386E-05
0.0163918 9.99561E-05 9.99561E-05 0.0376216 0.0729052 0.111456 9.99561E-05 9.99561E-05 0.761126 9.99561E-05
0.0211705 9.99561E-05 9.99561E-05 9.99561E-05 0.00766545 0.115527 9.99561E-05 9.99561E-05 0.769852 0.0852855
0.102387 9.99561E-05 9.99561E-05 0.00969922 0.0392975 0.0934237 9.99561E-05 9.99561E-05 0.754693 9.99561E-05
0.0920692 9.99561E-05 9.99561E-05 0.12177 9.99561E-05 0.101365 9.99561E-05 9.99561E-05 0.51541 0.168886
0.146509 9.99561E-05 0.0209378 9.99561E-05 9.99561E-05 0.162563 9.99561E-05 0.0684236 0.601067 9.99561E-05
0.0410918 9.99736E-05 0.0587675 0.138534 9.99736E-05 0.0322905 9.99736E-05 0.00584015 0.428511 0.294664
0.057814 9.99473E-05 9.99473E-05 9.99473E-05 0.0699934 9.99473E-05 0.084858 9.99473E-05 0.786735 9.99473E-05
9.99386E-05 9.99386E-05 9.99386E-05 0.252936 9.99386E-05 0.0597527 9.99386E-05 9.99386E-05 0.686611 9.99386E-05
9.99474E-05 9.99474E-05 9.99474E-05 0.078596 0.00689287 9.99474E-05 9.99474E-05 0.00102699 0.912884 9.99474E-05
9.99474E-05 9.99474E-05 9.99474E-05 9.99474E-05 0.0783465 0.204647 0.0568016 9.99474E-05 0.659605 9.99474E-05
0.0109903 0.0710186 9.99737E-05 0.00380875 9.99737E-05 0.198191 0.0134481 9.99737E-05 0.579326 0.122917
0.0227371 9.99561E-05 9.99561E-05 9.99561E-05 9.99561E-05 0.0522408 9.99561E-05 0.183776 0.565964 0.174783
0.077316 9.99473E-05 9.99473E-05 0.0652527 9.99473E-05 0.151506 9.99473E-05 9.99473E-05 0.705326 9.99473E-05
9.99473E-05 9.99473E-05 9.99473E-05 9.99473E-05 9.99473E-05 0.176266 0.0087673 0.0531888 0.761178 9.99473E-05
0.0424682 9.99561E-05 9.99561E-05 9.99561E-05 9.99561E-05 9.99561E-05 0.0306726 0.00385431 0.900567 0.0219381
0.0614943 9.99737E-05 0.0372857 0.0662746 0.00631867 0.346511 0.021992 9.99737E-05 0.459823 9.99737E-05
9.99649E-05 0.106783 9.99649E-05 0.344601 0.0230422 0.162509 0.00291377 9.99649E-05 0.359751 9.99649E-05
9.99473E-05 0.0396125 9.99473E-05 9.99473E-05 0.0897146 0.0232695 9.99473E-05 9.99473E-05 0.846804 9.99473E-05
0.0215672 9.99473E-05 0.0277077 9.99473E-05 9.99473E-05 0.0617014 9.99473E-05 9.99473E-05 0.888424 9.99473E-05
9.99473E-05 0.0288191 9.99473E-05 9.99473E-05 0.0706894 9.99473E-05 9.99473E-05 0.0177866 0.882105 9.99473E-05
0.0025895 0.0483754 0.0450281 9.99648E-05 9.99648E-05 0.0477699 9.99648E-05 0.102321 0.753517 9.99648E-05
0.0319019 0.0655619 0.0264842 9.9965E-05 9.9965E-05 0.0145052 9.9965E-05 0.118285 0.742862 9.9965E-05
0.147394 0.0263617 9.99736E-05 0.143887 0.0268102 0.255918 9.99736E-05 9.99736E-05 0.396348 0.00298095
9.99649E-05 0.0738767 9.99649E-05 0.0436317 0.075434 0.0501056 9.99649E-05 0.1202 0.636352 9.99649E-05
9.99298E-05 9.99298E-05 0.0676248 9.99298E-05 9.99298E-05 9.99298E-05 9.99298E-05 9.99298E-05 0.931576 9.99298E-05
9.99561E-05 0.0641119 0.001262 9.99561E-05 9.99561E-05 0.0362938 9.99561E-05 0.21923 0.678603 9.99561E-05
9.99474E-05 0.043026 9.99474E-05 0.158842 9.99474E-05 0.00963577 9.99474E-05 9.99474E-05 0.787896 9.99474E-05
0.00620042 0.041243 9.99561E-05 9.99561E-05 0.109543 9.99561E-05 9.99561E-05 9.99561E-05 0.751985 0.0905288
9.99648E-05 0.0331465 0.0985586 0.0121982 9.99648E-05 0.0675534 0.00701898 9.99648E-05 0.781124 9.99648E-05
0.0679839 9.99473E-05 9.99473E-05 0.0754308 9.99473E-05 0.00872085 9.99473E-05 9.99473E-05 0.847265 9.99473E-05
0.037505 0.0228085 9.99561E-05 9.99561E-05 9.99561E-05 0.0296806 9.99561E-05 0.0533373 0.856169 9.99561E-05
0.018583 9.99649E-05 0.141728 0.00805006 9.99649E-05 0.359964 0.28337 9.99649E-05 0.187905 9.99649E-05
9.99474E-05 9.99474E-05 9.99474E-05 0.232776 9.99474E-05 9.99474E-05 0.364576 0.0351958 0.366853 9.99474E-05
0.0174644 9.99561E-05 0.169644 9.99561E-05 9.99561E-05 9.99561E-05 0.355861 0.0636595 0.392871 9.99561E-05
0.0710358 9.99561E-05 0.13167 9.99561E-05 9.99561E-05 0.325372 0.40533 9.99561E-05 9.99561E-05 0.066092
0.0161485 0.0237847 0.0762558 0.212048 0.0202948 0.291801 0.160284 0.0248183 0.174464 9.99912E-05
0.0725366 9.99649E-05 0.123994 0.0154617 9.99649E-05 0.43794 0.291316 9.99649E-05 0.058352 9.99649E-05
0.0758097 9.99649E-05 0.00621132 0.114516 9.99649E-05 0.180315 0.58698 9.99649E-05 0.035769 9.99649E-05
0.00263725 9.99737E-05 0.231553 0.0140764 9.99737E-05 0.311232 0.416339 0.020653 0.00320938 9.99737E-05
9.99649E-05 9.99649E-05 0.147701 0.0166695 9.99649E-05 0.0328942 0.524649 9.99649E-05 0.237143 0.0405442
0.117241 9.99561E-05 9.99561E-05 0.0819461 9.99561E-05 0.166016 0.216959 9.99561E-05 0.417339 9.99561E-05
0.202018 9.99649E-05 0.0693436 0.0314411 0.0395774 0.496473 0.160747 9.99649E-05 9.99649E-05 9.99649E-05
0.128787 9.99736E-05 0.0157739 0.152112 9.99736E-05 0.169192 0.312364 0.174384 0.0470856 9.99736E-05
0.166003 0.216998 9.99649E-05 9.99649E-05 9.99649E-05 0.334488 0.197662 0.0734697 0.0109795 9.99649E-05
0.0221447 0.0226774 9.99736E-05 0.032843 9.99736E-05 0.300893 0.328182 0.17493 0.118031 9.99736E-05
0.0460444 9.99737E-05 9.99737E-05 0.0159343 9.99737E-05 0.0126054 0.333937 0.183227 0.23003 0.177923
0.0824104 9.99649E-05 0.0277513 0.0494357 9.99649E-05 0.16338 0.350463 9.99649E-05 0.32616 9.99649E-05
9.99737E-05 9.99737E-05 0.110792 0.248744 9.99737E-05 0.234224 0.22691 0.0870036 0.0728227 0.0192038
0.157543 9.99649E-05 0.0755795 0.225706 9.99649E-05 0.252272 0.144292 9.99649E-05 0.144208 9.99649E-05
0.0352313 9.99737E-05 0.10961 0.157962 9.99737E-05 0.18782 0.192164 9.99737E-05 0.294447 0.0224661
0.0615317 9.99737E-05 0.0658852 0.0475896 0.0456715 0.256519 0.343588 0.178915 9.99737E-05 9.99737E-05
9.99737E-05 0.0729232 0.0131248 9.99737E-05 9.99737E-05 0.02341 0.371024 0.0893846 0.419049 0.0107846
0.0293752 9.99736E-05 0.0974685 0.165679 9.99736E-05 0.205579 0.359586 0.0167875 0.125226 9.99736E-05
0.0314009 9.99824E-05 0.0643759 9.99824E-05 0.006895 0.150743 0.255433 0.0295628 0.279797 0.181593
0.038202 9.99737E-05 0.147463 0.268672 9.99737E-05 0.234094 0.102905 9.99737E-05 0.197851 0.0105133
0.252278 9.99561E-05 9.99561E-05 0.0685776 9.99561E-05 0.243025 0.137797 9.99561E-05 0.297822 9.99561E-05
0.0438194 9.99561E-05 9.99561E-05 9.99561E-05 0.0262936 0.185657 0.311168 9.99561E-05 0.432562 9.99561E-05
9.9965E-05 9.9965E-05 0.137211 0.0129785 9.9965E-05 0.131294 0.251026 9.9965E-05 0.466517 0.000573853
9.9965E-05 9.9965E-05 0.0152475 0.157435 9.9965E-05 0.159026 0.391301 0.0121275 0.264463 9.9965E-05
9.99562E-05 9.99562E-05 0.244024 0.0924454 9.99562E-05 0.239783 0.0808984 9.99562E-05 0.342349 9.99562E-05
9.99562E-05 9.99562E-05 9.99562E-05 9.99562E-05 9.99562E-05 0.28101 0.284393 0.000883943 0.334903 0.0983106
9.99385E-05 0.0116244 9.99385E-05 9.99385E-05 9.99385E-05 0.384502 9.99385E-05 9.99385E-05 9.99385E-05 0.603174
9.99386E-05 9.99386E-05 9.99386E-05 9.99386E-05 9.99386E-05 0.0598696 9.99386E-05 9.99386E-05 0.0474517 0.891979
0.0373994 0.140035 0.0211064 9.9956E-05 9.9956E-05 0.167962 9.9956E-05 9.9956E-05 9.9956E-05 0.632998
0.079956 9.99472E-05 0.0672932 9.99472E-05 9.99472E-05 0.351241 9.99472E-05 9.99472E-05 9.99472E-05 0.50091
9.99648E-05 0.00703771 0.112539 9.99648E-05 0.136483 0.292974 9.99648E-05 0.0126366 9.99648E-05 0.43793
9.99297E-05 9.99297E-05 9.99297E-05 9.99297E-05 9.99297E-05 0.442584 9.99297E-05 9.99297E-05 9.99297E-05 0.556617
0.0734849 0.0045302 0.0605845 9.99561E-05 9.99561E-05 0.299845 9.99561E-05 9.99561E-05 9.99561E-05 0.561056
0.00815217 9.99473E-05 0.00829816 9.99473E-05 9.99473E-05 0.501188 9.99473E-05 9.99473E-05 9.99473E-05 0.481762
0.0736491 9.99473E-05 9.99473E-05 9.99473E-05 9.99473E-05 0.546506 0.265764 9.99473E-05 9.99473E-05 0.113481
9.99561E-05 0.0763823 0.0394106 9.99561E-05 0.0487465 0.482514 9.99561E-05 9.99561E-05 9.99561E-05 0.352447
9.99386E-05 9.99386E-05 9.99386E-05 9.99386E-05 9.99386E-05 0.0426597 0.341776 9.99386E-05 9.99386E-05 0.614864
0.135538 9.99473E-05 9.99473E-05 9.99473E-05 9.99473E-05 0.142823 0.0470664 9.99473E-05 9.99473E-05 0.673973
0.0286901 9.99561E-05 0.105162 9.99561E-05 9.99561E-05 0.13658 9.99561E-05 0.0212535 9.99561E-05 0.707814
0.0146207 9.99386E-05 9.99386E-05 9.99386E-05 9.99386E-05 0.405399 9.99386E-05 9.99386E-05 9.99386E-05 0.57928
0.036976 9.99649E-05 0.170308 9.99649E-05 0.0346857 0.104856 9.99649E-05 0.0258642 9.99649E-05 0.626909
0.0108671 9.99649E-05 9.99649E-05 9.99649E-05 0.0565822 0.263153 0.167444 0.0122424 9.99649E-05 0.489312
0.00239996 9.99561E-05 9.99561E-05 9.99561E-05 0.0788411 0.189717 0.163523 9.99561E-05 9.99561E-05 0.565019
0.0269665 0.106954 9.99561E-05 9.99561E-05 9.99561E-05 0.207722 9.99561E-05 0.000251542 9.99561E-05 0.657606
0.0643346 0.0463903 9.99561E-05 9.99561E-05 0.0510605 0.0558108 9.99561E-05 9.99561E-05 9.99561E-05 0.781904
0.0214359 9.99561E-05 9.99561E-05 0.0123741 0.125301 0.227293 9.99561E-05 9.99561E-05 9.99561E-05 0.613095
9.99561E-05 0.105248 0.013014 9.99561E-05 9.99561E-05 0.24546 0.0328349 9.99561E-05 9.99561E-05 0.602943
0.0368386 9.99472E-05 0.0421469 9.99472E-05 9.99472E-05 0.205354 9.99472E-05 9.99472E-05 9.99472E-05 0.715061
9.99561E-05 0.0252378 9.99561E-05 9.99561E-05 0.110078 0.573313 0.0606837 9.99561E-05 9.99561E-05 0.230188
0.0236192 0.00188046 9.99473E-05 9.99473E-05 9.99473E-05 0.253474 9.99473E-05 9.99473E-05 9.99473E-05 0.720426
9.99561E-05 0.0276435 9.99561E-05 9.99561E-05 0.110932 0.574779 0.0584017 9.99561E-05 9.99561E-05 0.227744
9.99386E-05 9.99386E-05 9.99386E-05 9.99386E-05 9.99386E-05 0.323841 0.137608 9.99386E-05 9.99386E-05 0.537851
9.99562E-05 0.00690013 0.066656 0.00600075 0.0868056 9.99562E-05 9.99562E-05 9.99562E-05 9.99562E-05 0.833138
0.00702862 0.0612235 9.99648E-05 9.99648E-05 0.0793875 0.448183 9.99648E-05 0.0161882 9.99648E-05 0.38759
9.99385E-05 9.99385E-05 9.99385E-05 9.99385E-05 9.99385E-05 0.588034 0.078288 9.99385E-05 9.99385E-05 0.332978
0.0758024 0.0722949 9.99561E-05 9.99561E-05 0.0262552 0.192542 9.99561E-05 9.99561E-05 9.99561E-05 0.632605
0.0700322 9.99561E-05 9.99561E-05 9.99561E-05 9.99561E-05 0.320162 0.00254675 0.0964465 9.99561E-05 0.510313
0.029648 9.9956E-05 9.9956E-05 9.9956E-05 0.0613788 0.108996 9.9956E-05 0.049526 9.9956E-05 0.749951
9.99472E-05 0.089103 9.99472E-05 9.99472E-05 0.190415 0.490804 9.99472E-05 9.99472E-05 9.99472E-05 0.229079
0.00763994 9.9956E-05 9.9956E-05 0.0244057 0.0688635 0.356615 9.9956E-05 9.9956E-05 9.9956E-05 0.541976
9.99385E-05 9.99385E-05 9.99385E-05 9.99385E-05 0.00754568 0.182429 9.99385E-05 9.99385E-05 9.99385E-05 0.809325
0.0573451 9.99648E-05 9.99648E-05 0.043807 9.99648E-05 0.10615 0.0524692 0.02115 9.99648E-05 0.718679
9.99385E-05 9.99385E-05 0.181704 9.99385E-05 9.99385E-05 0.44942 9.99385E-05 9.99385E-05 9.99385E-05 0.368176
9.99386E-05 0.0443342 9.99386E-05 9.99386E-05 0.0357903 9.99386E-05 9.99386E-05 9.99386E-05 9.99386E-05 0.919176
9.99386E-05 9.99386E-05 9.99386E-05 9.99386E-05 0.0439271 0.0906333 9.99386E-05 9.99386E-05 9.99386E-05 0.86474
0.000115302 9.99386E-05 9.99386E-05 9.99386E-05 9.99386E-05 0.0508627 9.99386E-05 9.99386E-05 9.99386E-05 0.948322
9.99561E-05 9.99561E-05 0.000519888 9.99561E-05 0.0296176 0.0253838 0.0333294 9.99561E-05 9.99561E-05 0.91065
0.0160371 0.094255 9.9956E-05 9.9956E-05 9.9956E-05 0.435354 0.227415 9.9956E-05 9.9956E-05 0.226439
9.99473E-05 0.140206 0.0131813 9.99473E-05 9.99473E-05 0.207126 9.99473E-05 9.99473E-05 9.99473E-05 0.638887
9.99387E-05 9.99387E-05 9.99387E-05 9.99387E-05 0.00270493 0.14337 9.99387E-05 9.99387E-05 9.99387E-05 0.853226
9.99298E-05 9.99298E-05 9.99298E-05 9.99298E-05 9.99298E-05 9.99298E-05 9.99298E-05 9.99298E-05 0.00111509 0.998085
9.99648E-05 9.99648E-05 0.0315768 9.99648E-05 0.0907344 0.403406 0.197541 0.0366737 9.99648E-05 0.239667
0.093198 9.99385E-05 9.99385E-05 9.99385E-05 9.99385E-05 0.3742 9.99385E-05 9.99385E-05 9.99385E-05 0.531902
9.99562E-05 9.99562E-05 9.99562E-05 9.99562E-05 0.0228433 0.262949 0.0780496 0.167399 9.99562E-05 0.468259
0.0520955 9.99561E-05 9.99561E-05 0.0245362 0.0712382 0.63027 9.99561E-05 9.99561E-05 9.99561E-05 0.22136
9.99386E-05 9.99386E-05 9.99386E-05 9.99386E-05 0.01487 9.99386E-05 0.0451728 9.99386E-05 9.99386E-05 0.939258
0.0318668 9.99648E-05 9.99648E-05 0.232997 0.0251392 0.236906 9.99648E-05 0.00414496 9.99648E-05 0.468546
9.99387E-05 9.99387E-05 9.99387E-05 9.99387E-05 9.99387E-05 0.0896712 0.081243 9.99387E-05 9.99387E-05 0.828386
0.0842837 9.99473E-05 0.0382578 9.99473E-05 9.99473E-05 0.278208 9.99473E-05 9.99473E-05 9.99473E-05 0.598651
9.99473E-05 0.00248137 9.99473E-05 9.99473E-05 9.99473E-05 0.223015 9.99473E-05 0.132703 9.99473E-05 0.6412
0.0627645 9.9956E-05 0.0225418 0.114807 9.9956E-05 0.110407 9.9956E-05 9.9956E-05 9.9956E-05 0.68898
0.0293274 9.9956E-05 9.9956E-05 9.9956E-05 0.0290756 0.468712 0.217731 9.9956E-05 9.9956E-05 0.254654
9.99297E-05 9.99297E-05 9.99297E-05 9.99297E-05 9.99297E-05 0.406686 9.99297E-05 9.99297E-05 9.99297E-05 0.592515
0.0659824 0.0051025 9.99648E-05 9.99648E-05 0.0137253 0.23575 9.99648E-05 0.0602826 9.99648E-05 0.618757
9.99473E-05 9.99473E-05 9.99473E-05 9.99473E-05 0.201526 0.0101582 9.99473E-05 0.00211282 9.99473E-05 0.785603
9.99298E-05 9.99298E-05 9.99298E-05 9.99298E-05 9.99298E-05 0.314851 9.99298E-05 9.99298E-05 9.99298E-05 0.684349
9.99297E-05 9.99297E-05 9.99297E-05 9.99297E-05 0.173811 0.82539 9.99297E-05 9.99297E-05 9.99297E-05 9.99297E-05
9.99208E-05 9.99208E-05 9.99208E-05 9.99208E-05 9.99208E-05 0.999101 9.99208E-05 9.99208E-05 9.99208E-05 9.99208E-05
9.99297E-05 9.99297E-05 9.99297E-05 9.99297E-05 0.106815 0.892385 9.99297E-05 9.99297E-05 9.99297E-05 9.99297E-05
9.99208E-05 9.99208E-05 9.99208E-05 9.99208E-05 9.99208E-05 0.999101 9.99208E-05 9.99208E-05 9.99208E-05 9.99208E-05
9.99208E-05 9.99208E-05 9.99208E-05 9.99208E-05 9.99208E-05 0.999101 9.99208E-05 9.99208E-05 9.99208E-05 9.99208E-05
9.99209E-05 9.99209E-05 9.99209E-05 9.99209E-05 9.99209E-05 0.999101 9.99209E-05 9.99209E-05 9.99209E-05 9.99209E-05
9.99297E-05 9.99297E-05 9.99297E-05 9.99297E-05 0.121825 0.877376 9.99297E-05 9.99297E-05 9.99297E-05 9.99297E-05
9.99208E-05 9.99208E-05 9.99208E-05 9.99208E-05 9.99208E-05 0.999101 9.99208E-05 9.99208E-05 9.99208E-05 9.99208E-05
9.99208E-05 9.99208E-05 9.99208E-05 9.99208E-05 9.99208E-05 0.999101 9.99208E-05 9.99208E-05 9.99208E-05 9.99208E-05
9.99297E-05 9.99297E-05 9.99297E-05 9.99297E-05 0.12842 0.870781 9.99297E-05 9.99297E-05 9.99297E-05 9.99297E-05
9.99297E-05 9.99297E-05 9.99297E-05 9.99297E-05 0.0369213 0.962279 9.99297E-05 9.99297E-05 9.99297E-05 9.99297E-05
9.99297E-05 9.99297E-05 9.99297E-05 9.99297E-05 0.0898131 0.909387 9.99297E-05 9.99297E-05 9.99297E-05 9.99297E-05
9.99208E-05 9.99208E-05 9.99208E-05 9.99208E-05 9.99208E-05 0.999101 9.99208E-05 9.99208E-05 9.99208E-05 9.99208E-05
9.99208E-05 9.99208E-05 9.99208E-05 9.99208E-05 9.99208E-05 0.999101 9.99208E-05 9.99208E-05 9.99208E-05 9.99208E-05
9.99297E-05 9.99297E-05 9.99297E-05 9.99297E-05 0.173374 0.825826 9.99297E-05 9.99297E-05 9.99297E-05 9.99297E-05
9.99297E-05 9.99297E-05 9.99297E-05 9.99297E-05 0.0640821 0.935118 9.99297E-05 9.99297E-05 9.99297E-05 9.99297E-05
9.99648E-05 9.99648E-05 0.0738662 0.249474 0.0605374 0.248118 9.99648E-05 0.0565222 9.99648E-05 0.311083
9.99297E-05 9.99297E-05 9.99297E-05 9.99297E-05 0.141218 0.857983 9.99297E-05 9.99297E-05 9.99297E-05 9.99297E-05
9.99208E-05 9.99208E-05 9.99208E-05 9.99208E-05 9.99208E-05 0.999101 9.99208E-05 9.99208E-05 9.99208E-05 9.99208E-05
9.99297E-05 9.99297E-05 9.99297E-05 9.99297E-05 0.138026 0.861174 9.99297E-05 9.99297E-05 9.99297E-05 9.99297E-05
9.99297E-05 9.99297E-05 9.99297E-05 9.99297E-05 0.0497327 0.949468 9.99297E-05 9.99297E-05 9.99297E-05 9.99297E-05
9.99296E-05 9.99296E-05 9.99296E-05 9.99296E-05 0.102951 0.89625 9.99296E-05 9.99296E-05 9.99296E-05 9.99296E-05
9.99208E-05 9.99208E-05 9.99208E-05 9.99208E-05 9.99208E-05 0.999101 9.99208E-05 9.99208E-05 9.99208E-05 9.99208E-05
9.99297E-05 9.99297E-05 9.99297E-05 9.99297E-05 0.0557976 0.943403 9.99297E-05 9.99297E-05 9.99297E-05 9.99297E-05
9.99208E-05 9.99208E-05 9.99208E-05 9.99208E-05 9.99208E-05 0.999101 9.99208E-05 9.99208E-05 9.99208E-05 9.99208E-05
9.99297E-05 9.99297E-05 9.99297E-05 9.99297E-05 0.0754805 0.92372 9.99297E-05 9.99297E-05 9.99297E-05 9.99297E-05
9.99297E-05 9.99297E-05 9.99297E-05 9.99297E-05 0.0519311 0.947269 9.99297E-05 9.99297E-05 9.99297E-05 9.99297E-05
9.99208E-05 9.99208E-05 9.99208E-05 9.99208E-05 9.99208E-05 0.999101 9.99208E-05 9.99208E-05 9.99208E-05 9.99208E-05
9.99208E-05 9.99208E-05 9.99208E-05 9.99208E-05 9.99208E-05 0.999101 9.99208E-05 9.99208E-05 9.99208E-05 9.99208E-05
9.99208E-05 9.99208E-05 9.99208E-05 9.99208E-05 9.99208E-05 0.999101 9.99208E-05 9.99208E-05 9.99208E-05 9.99208E-05
9.99385E-05 9.99385E-05 0.0518417 9.99385E-05 0.172274 0.775185 9.99385E-05 9.99385E-05 9.99385E-05 9.99385E-05
9.99297E-05 9.99297E-05 9.99297E-05 9.99297E-05 0.159203 0.839998 9.99297E-05 9.99297E-05 9.99297E-05 9.99297E-05
9.99385E-05 9.99385E-05 9.99385E-05 9.99385E-05 0.0921108 0.905337 9.99385E-05 0.00185254 9.99385E-05 9.99385E-05
9.99297E-05 9.99297E-05 9.99297E-05 9.99297E-05 0.120652 0.878548 9.99297E-05 9.99297E-05 9.99297E-05 9.99297E-05
9.99297E-05 9.99297E-05 9.99297E-05 9.99297E-05 0.0557976 0.943403 9.99297E-05 9.99297E-05 9.99297E-05 9.99297E-05
9.99208E-05 9.99208E-05 9.99208E-05 9.99208E-05 9.99208E-05 0.999101 9.99208E-05 9.99208E-05 9.99208E-05 9.99208E-05
9.99208E-05 9.99208E-05 9.99208E-05 9.99208E-05 9.99208E-05 0.999101 9.99208E-05 9.99208E-05 9.99208E-05 9.99208E-05
9.99208E-05 9.99208E-05 9.99208E-05 9.99208E-05 9.99208E-05 0.999101 9.99208E-05 9.99208E-05 9.99208E-05 9.99208E-05
9.9956E-05 9.9956E-05 0.00870068 0.00537275 0.0314045 0.888492 9.9956E-05 0.0655301 9.9956E-05 9.9956E-05
9.99208E-05 9.99208E-05 9.99208E-05 9.99208E-05 9.99208E-05 0.999101 9.99208E-05 9.99208E-05 9.99208E-05 9.99208E-05
9.99208E-05 9.99208E-05 9.99208E-05 9.99208E-05 9.99208E-05 0.999101 9.99208E-05 9.99208E-05 9.99208E-05 9.99208E-05
9.99208E-05 9.99208E-05 9.99208E-05 9.99208E-05 9.99208E-05 0.999101 9.99208E-05 9.99208E-05 9.99208E-05 9.99208E-05
9.99208E-05 9.99208E-05 9.99208E-05 9.99208E-05 9.99208E-05 0.999101 9.99208E-05 9.99208E-05 9.99208E-05 9.99208E-05
9.99297E-05 9.99297E-05 9.99297E-05 9.99297E-05 0.103529 0.895672 9.99297E-05 9.99297E-05 9.99297E-05 9.99297E-05
9.99208E-05 9.99208E-05 9.99208E-05 9.99208E-05 9.99208E-05 0.999101 9.99208E-05 9.99208E-05 9.99208E-05 9.99208E-05
9.99208E-05 9.99208E-05 9.99208E-05 9.99208E-05 9.99208E-05 0.999101 9.99208E-05 9.99208E-05 9.99208E-05 9.99208E-05
9.9956E-05 9.9956E-05 0.0546101 0.195059 0.129426 0.306202 9.9956E-05 9.9956E-05 9.9956E-05 0.314203
9.99385E-05 9.99385E-05 9.99385E-05 9.99385E-05 0.11502 0.883167 0.00111355 9.99385E-05 9.99385E-05 9.99385E-05
9.99208E-05 9.99208E-05 9.99208E-05 9.99208E-05 9.99208E-05 0.999101 9.99208E-05 9.99208E-05 9.99208E-05 9.99208E-05
9.99208E-05 9.99208E-05 9.99208E-05 9.99208E-05 9.99208E-05 0.999101 9.99208E-05 9.99208E-05 9.99208E-05 9.99208E-05
9.99208E-05 9.99208E-05 9.99208E-05 9.99208E-05 9.99208E-05 0.999101 9.99208E-05 9.99208E-05 9.99208E-05 9.99208E-05
9.99208E-05 9.99208E-05 9.99208E-05 9.99208E-05 9.99208E-05 0.999101 9.99208E-05 9.99208E-05 9.99208E-05 9.99208E-05
9.99385E-05 9.99385E-05 0.0419726 9.99385E-05 0.0426203 0.914708 9.99385E-05 9.99385E-05 9.99385E-05 9.99385E-05
9.99208E-05 9.99208E-05 9.99208E-05 9.99208E-05 9.99208E-05 0.999101 9.99208E-05 9.99208E-05 9.99208E-05 9.99208E-05
9.99297E-05 9.99297E-05 9.99297E-05 9.99297E-05 0.0710876 0.928113 9.99297E-05 9.99297E-05 9.99297E-05 9.99297E-05
9.99208E-05 9.99208E-05 9.99208E-05 9.99208E-05 9.99208E-05 0.999101 9.99208E-05 9.99208E-05 9.99208E-05 9.99208E-05
9.99297E-05 9.99297E-05 9.99297E-05 9.99297E-05 0.0725561 0.926644 9.99297E-05 9.99297E-05 9.99297E-05 9.99297E-05
9.99208E-05 9.99208E-05 9.99208E-05 9.99208E-05 9.99208E-05 0.999101 9.99208E-05 9.99208E-05 9.99208E-05 9.99208E-05
9.99208E-05 9.99208E-05 9.99208E-05 9.99208E-05 9.99208E-05 0.999101 9.99208E-05 9.99208E-05 9.99208E-05 9.99208E-05
9.99208E-05 9.99208E-05 9.99208E-05 9.99208E-05 9.99208E-05 0.999101 9.99208E-05 9.99208E-05 9.99208E-05 9.99208E-05
9.99208E-05 9.99208E-05 9.99208E-05 9.99208E-05 9.99208E-05 0.999101 9.99208E-05 9.99208E-05 9.99208E-05 9.99208E-05
9.99208E-05 9.99208E-05 9.99208E-05 9.99208E-05 9.99208E-05 0.999101 9.99208E-05 9.99208E-05 9.99208E-05 9.99208E-05
9.99208E-05 9.99208E-05 9.99208E-05 9.99208E-05 9.99208E-05 0.999101 9.99208E-05 9.99208E-05 9.99208E-05 9.99208E-05
9.99297E-05 9.99297E-05 9.99297E-05 9.99297E-05 0.0922689 0.906932 9.99297E-05 9.99297E-05 9.99297E-05 9.99297E-05
9.99297E-05 9.99297E-05 9.99297E-05 9.99297E-05 0.128371 0.87083 9.99297E-05 9.99297E-05 9.99297E-05 9.99297E-05
9.99297E-05 9.99297E-05 9.99297E-05 9.99297E-05 0.138684 0.860517 9.99297E-05 9.99297E-05 9.99297E-05 9.99297E-05
9.99208E-05 9.99208E-05 9.99208E-05 9.99208E-05 9.99208E-05 0.999101 9.99208E-05 9.99208E-05 9.99208E-05 9.99208E-05
9.99297E-05 9.99297E-05 9.99297E-05 9.99297E-05 0.206536 0.792664 9.99297E-05 9.99297E-05 9.99297E-05 9.99297E-05
9.99297E-05 9.99297E-05 9.99297E-05 9.99297E-05 0.0488107 0.95039 9.99297E-05 9.99297E-05 9.99297E-05 9.99297E-05
9.99297E-05 9.99297E-05 9.99297E-05 9.99297E-05 0.0797919 0.919409 9.99297E-05 9.99297E-05 9.99297E-05 9.99297E-05
9.99208E-05 9.99208E-05 9.99208E-05 9.99208E-05 9.99208E-05 0.999101 9.99208E-05 9.99208E-05 9.99208E-05 9.99208E-05
9.99208E-05 9.99208E-05 9.99208E-05 9.99208E-05 9.99208E-05 0.999101 9.99208E-05 9.99208E-05 9.99208E-05 9.99208E-05
9.99208E-05 9.99208E-05 9.99208E-05 9.99208E-05 9.99208E-05 0.999101 9.99208E-05 9.99208E-05 9.99208E-05 9.99208E-05
9.99297E-05 9.99297E-05 9.99297E-05 9.99297E-05 0.0493829 0.949818 9.99297E-05 9.99297E-05 9.99297E-05 9.99297E-05
9.99208E-05 9.99208E-05 9.99208E-05 9.99208E-05 9.99208E-05 0.999101 9.99208E-05 9.99208E-05 9.99208E-05 9.99208E-05
9.99208E-05 9.99208E-05 9.99208E-05 9.99208E-05 9.99208E-05 0.999101 9.99208E-05 9.99208E-05 9.99208E-05 9.99208E-05
9.99297E-05 9.99297E-05 9.99297E-05 9.99297E-05 0.0740293 0.925171 9.99297E-05 9.99297E-05 9.99297E-05 9.99297E-05
9.99208E-05 9.99208E-05 9.99208E-05 9.99208E-05 9.99208E-05 0.999101 9.99208E-05 9.99208E-05 9.99208E-05 9.99208E-05
9.99208E-05 9.99208E-05 9.99208E-05 9.99208E-05 9.99208E-05 0.999101 9.99208E-05 9.99208E-05 9.99208E-05 9.99208E-05
0.11445 9.99736E-05 0.126287 9.99736E-05 0.068056 0.394944 0.0636094 0.0309994 9.99736E-05 0.201355
9.99297E-05 9.99297E-05 9.99297E-05 9.99297E-05 0.129992 0.869208 9.99297E-05 9.99297E-05 9.99297E-05 9.99297E-05
9.99208E-05 9.99208E-05 9.99208E-05 9.99208E-05 9.99208E-05 0.999101 9.99208E-05 9.99208E-05 9.99208E-05 9.99208E-05
0.0413313 0.0307067 9.99561E-05 9.99561E-05 9.99561E-05 0.57847 9.99561E-05 0.0285338 9.99561E-05 0.320458
9.99561E-05 0.104894 9.99561E-05 0.0324584 0.0720893 0.472857 9.99561E-05 9.99561E-05 9.99561E-05 0.317201
9.9956E-05 9.9956E-05 9.9956E-05 0.0103169 0.0858566 0.457421 0.0657095 9.9956E-05 9.9956E-05 0.380196
9.99648E-05 9.99648E-05 0.046422 0.0719158 0.0942994 0.149895 9.99648E-05 0.0147911 9.99648E-05 0.622277
9.99385E-05 9.99385E-05 9.99385E-05 9.99385E-05 9.99385E-05 0.633908 0.091288 9.99385E-05 9.99385E-05 0.274104
9.99475E-05 0.0198719 9.99475E-05 9.99475E-05 9.99475E-05 0.106183 0.0159512 9.99475E-05 9.99475E-05 0.857394
0.022027 9.994E-05 9.994E-05 0.197913 9.994E-05 0.592754 9.994E-05 9.994E-05 9.994E-05 0.186706
0.100987 9.9956E-05 0.0943899 9.9956E-05 0.0475888 0.257003 9.9956E-05 9.9956E-05 9.9956E-05 0.499531
9.99386E-05 9.99386E-05 0.00684194 9.99386E-05 9.99386E-05 0.283661 9.99386E-05 9.99386E-05 9.99386E-05 0.708797
9.9956E-05 0.0826173 9.9956E-05 0.052948 0.00856827 0.164329 9.9956E-05 9.9956E-05 9.9956E-05 0.691038
0.0844317 9.99385E-05 9.99385E-05 9.99385E-05 9.99385E-05 0.314857 9.99385E-05 9.99385E-05 9.99385E-05 0.600011
9.99297E-05 9.99297E-05 9.99297E-05 9.99297E-05 9.99297E-05 0.726221 9.99297E-05 9.99297E-05 9.99297E-05 0.272979
9.99473E-05 9.99473E-05 0.0863002 9.99473E-05 9.99473E-05 0.522052 9.99473E-05 0.146922 9.99473E-05 0.244126
9.9956E-05 0.0765374 0.162361 9.9956E-05 0.039988 0.0610156 9.9956E-05 9.9956E-05 9.9956E-05 0.659598
0.0759365 9.99384E-05 9.99384E-05 9.99384E-05 9.99384E-05 0.497088 9.99384E-05 9.99384E-05 9.99384E-05 0.426276
0.0464776 0.119532 9.99561E-05 9.99561E-05 9.99561E-05 0.539897 0.120163 9.99561E-05 9.99561E-05 0.17343
9.99473E-05 9.99473E-05 9.99473E-05 9.99473E-05 0.0416668 0.285305 0.014873 9.99473E-05 9.99473E-05 0.657556
0.0396092 9.99649E-05 9.99649E-05 9.99649E-05 0.0414566 0.496642 0.0392678 0.128644 9.99649E-05 0.253981
0.113211 0.0513895 9.99648E-05 9.99648E-05 0.0831218 0.123184 0.245872 9.99648E-05 9.99648E-05 0.382822
9.99472E-05 0.0807719 9.99472E-05 9.99472E-05 0.0502791 0.466274 9.99472E-05 9.99472E-05 9.99472E-05 0.402076
9.99473E-05 0.105539 9.99473E-05 9.99473E-05 0.0675254 0.30095 9.99473E-05 9.99473E-05 9.99473E-05 0.525386
0.0194106 0.149484 9.99649E-05 9.99649E-05 9.99649E-05 0.22921 0.00329861 0.0477571 9.99649E-05 0.55044
9.99561E-05 9.99561E-05 0.0704061 9.99561E-05 0.112169 0.434437 9.99561E-05 0.0317148 9.99561E-05 0.350773
0.00320466 0.154586 0.0266372 9.9956E-05 9.9956E-05 0.322187 9.9956E-05 9.9956E-05 9.9956E-05 0.492885
9.9956E-05 0.0236284 0.149507 9.9956E-05 0.0235288 0.119982 9.9956E-05 9.9956E-05 9.9956E-05 0.682854
9.99298E-05 9.99298E-05 9.99298E-05 9.99298E-05 9.99298E-05 9.99298E-05 0.0428856 9.99298E-05 9.99298E-05 0.956315
9.9956E-05 0.17794 9.9956E-05 9.9956E-05 0.0908317 0.180919 0.0703417 9.9956E-05 9.9956E-05 0.479468
9.99561E-05 9.99561E-05 0.0561371 0.03545 0.00264087 0.625097 9.99561E-05 9.99561E-05 9.99561E-05 0.280175
9.9956E-05 0.0842176 0.154992 9.9956E-05 0.0778628 0.0753421 9.9956E-05 9.9956E-05 9.9956E-05 0.607086
9.99473E-05 9.99473E-05 0.0673818 9.99473E-05 0.193237 0.326429 9.99473E-05 9.99473E-05 9.99473E-05 0.412353
0.0129053 0.121955 9.9956E-05 9.9956E-05 9.9956E-05 0.622931 0.0384418 9.9956E-05 9.9956E-05 0.203268
0.00222074 0.0138264 9.99561E-05 9.99561E-05 9.99561E-05 0.462689 0.0113431 9.99561E-05 9.99561E-05 0.509421
9.9956E-05 0.0879894 0.030482 9.9956E-05 9.9956E-05 0.39812 0.201682 9.9956E-05 9.9956E-05 0.281227
9.99473E-05 0.210277 0.0320222 9.99473E-05 9.99473E-05 0.39894 9.99473E-05 9.99473E-05 9.99473E-05 0.358161
0.0693884 0.0738244 0.061406 9.9956E-05 9.9956E-05 0.386371 9.9956E-05 9.9956E-05 9.9956E-05 0.408511
9.9956E-05 0.0102747 9.9956E-05 0.0214762 0.00808896 0.289936 9.9956E-05 9.9956E-05 9.9956E-05 0.669724
9.9921E-05 9.9921E-05 9.9921E-05 9.9921E-05 9.9921E-05 9.9921E-05 9.9921E-05 9.9921E-05 9.9921E-05 0.999101
0.0900371 9.99648E-05 9.99648E-05 0.10844 9.99648E-05 0.185819 0.114123 0.164659 9.99648E-05 0.336523
0.0739786 9.9956E-05 9.9956E-05 9.9956E-05 0.0213066 0.11359 9.9956E-05 0.129183 9.9956E-05 0.661442
9.99561E-05 0.25087 9.99561E-05 0.00132112 9.99561E-05 0.387722 0.0112896 9.99561E-05 9.99561E-05 0.348297
9.9956E-05 0.0636478 0.0313622 9.9956E-05 0.0463982 0.390998 9.9956E-05 9.9956E-05 9.9956E-05 0.467094
9.99473E-05 0.186719 9.99473E-05 9.99473E-05 0.00182193 0.232348 9.99473E-05 9.99473E-05 9.99473E-05 0.578512
9.99472E-05 0.0696956 9.99472E-05 0.143878 9.99472E-05 0.370685 9.99472E-05 9.99472E-05 9.99472E-05 0.415142
9.99561E-05 0.116106 0.036918 9.99561E-05 9.99561E-05 0.654677 0.00323396 9.99561E-05 9.99561E-05 0.188565
9.99473E-05 9.99473E-05 0.0193503 9.99473E-05 9.99473E-05 0.74679 0.0469675 9.99473E-05 9.99473E-05 0.186293
0.0101371 0.0998543 0.0322049 9.99648E-05 0.0131348 0.28687 9.99648E-05 9.99648E-05 9.99648E-05 0.557399
9.9921E-05 9.9921E-05 9.9921E-05 9.9921E-05 9.9921E-05 9.9921E-05 9.9921E-05 9.9921E-05 9.9921E-05 0.999101
0.0546812 0.12773 9.99472E-05 9.99472E-05 9.99472E-05 0.233394 9.99472E-05 9.99472E-05 9.99472E-05 0.583595
9.9921E-05 9.9921E-05 9.9921E-05 9.9921E-05 9.9921E-05 9.9921E-05 9.9921E-05 9.9921E-05 9.9921E-05 0.999101
9.99648E-05 9.99648E-05 0.0302804 0.0352386 9.99648E-05 0.40454 0.267575 0.0881708 9.99648E-05 0.173795
9.99298E-05 9.99298E-05 9.99298E-05 9.99298E-05 9.99298E-05 9.99298E-05 0.161173 9.99298E-05 9.99298E-05 0.838027
0.069766 9.99473E-05 9.99473E-05 9.99473E-05 9.99473E-05 0.280773 0.0537562 9.99473E-05 9.99473E-05 0.595106
0.0533055 0.163835 9.9956E-05 9.9956E-05 9.9956E-05 0.175982 0.337368 9.9956E-05 9.9956E-05 0.269011
9.99385E-05 9.99385E-05 9.99385E-05 9.99385E-05 9.99385E-05 0.346333 0.290823 9.99385E-05 9.99385E-05 0.362144
9.9956E-05 0.187246 9.9956E-05 0.0757433 0.0370491 0.198403 9.9956E-05 9.9956E-05 9.9956E-05 0.501059
9.99297E-05 9.99297E-05 9.99297E-05 9.99297E-05 9.99297E-05 0.496835 9.99297E-05 9.99297E-05 9.99297E-05 0.502366
9.99386E-05 9.99386E-05 9.99386E-05 9.99386E-05 9.99386E-05 0.112853 0.177074 9.99386E-05 9.99386E-05 0.709373
9.99385E-05 9.99385E-05 9.99385E-05 9.99385E-05 9.99385E-05 0.253858 0.0447477 9.99385E-05 9.99385E-05 0.700694
9.99385E-05 9.99385E-05 9.99385E-05 9.99385E-05 0.0241988 0.376816 9.99385E-05 9.99385E-05 9.99385E-05 0.598285
9.99473E-05 9.99473E-05 0.0193413 9.99473E-05 9.99473E-05 0.442491 0.0539456 9.99473E-05 9.99473E-05 0.483623
0.0122627 9.99385E-05 9.99385E-05 9.99385E-05 9.99385E-05 0.0324184 9.99385E-05 9.99385E-05 9.99385E-05 0.954619
9.99298E-05 9.99298E-05 9.99298E-05 9.99298E-05 9.99298E-05 0.135236 9.99298E-05 9.99298E-05 9.99298E-05 0.863965
9.99474E-05 9.99474E-05 9.99474E-05 9.99474E-05 0.0440786 0.154636 9.99474E-05 9.99474E-05 0.0173364 0.783349
0.123403 9.99561E-05 0.0278602 9.99561E-05 0.0182897 0.301742 9.99561E-05 9.99561E-05 9.99561E-05 0.528206
0.0429439 9.99472E-05 9.99472E-05 9.99472E-05 0.0548573 0.390805 9.99472E-05 9.99472E-05 9.99472E-05 0.510795
9.99473E-05 0.0197822 9.99473E-05 9.99473E-05 9.99473E-05 0.357581 9.99473E-05 0.00348322 9.99473E-05 0.618554
9.99298E-05 9.99298E-05 9.99298E-05 9.99298E-05 9.99298E-05 0.0989374 9.99298E-05 9.99298E-05 9.99298E-05 0.900263
0.0924499 9.99473E-05 9.99473E-05 9.99473E-05 9.99473E-05 0.523193 0.0315078 9.99473E-05 9.99473E-05 0.352249
0.0454514 9.99472E-05 9.99472E-05 9.99472E-05 0.0676169 0.385567 9.99472E-05 9.99472E-05 9.99472E-05 0.500765
9.99386E-05 9.99386E-05 9.99386E-05 9.99386E-05 0.019846 9.99386E-05 0.244675 9.99386E-05 9.99386E-05 0.73478
9.99561E-05 9.99561E-05 9.99561E-05 0.115991 0.0115681 0.205391 0.271712 9.99561E-05 9.99561E-05 0.394838
9.99386E-05 9.99386E-05 9.99386E-05 9.99386E-05 9.99386E-05 9.99386E-05 0.0914415 9.99386E-05 0.100901 0.806958
9.99297E-05 9.99297E-05 9.99297E-05 9.99297E-05 9.99297E-05 0.624435 9.99297E-05 9.99297E-05 9.99297E-05 0.374766
0.027655 9.99649E-05 0.129921 9.99649E-05 0.0386049 9.99649E-05 0.283506 0.141561 9.99649E-05 0.378352
9.99386E-05 9.99386E-05 9.99386E-05 9.99386E-05 9.99386E-05 0.0808674 0.0076122 9.99386E-05 9.99386E-05 0.910821
9.99385E-05 9.99385E-05 9.99385E-05 9.99385E-05 9.99385E-05 0.227854 0.26049 9.99385E-05 9.99385E-05 0.510956
9.99386E-05 9.99386E-05 9.99386E-05 9.99386E-05 9.99386E-05 9.99386E-05 0.135191 9.99386E-05 0.00322329 0.860886
9.99473E-05 0.102555 0.010789 9.99473E-05 9.99473E-05 0.124877 9.99473E-05 9.99473E-05 9.99473E-05 0.761179
9.99299E-05 9.99299E-05 9.99299E-05 9.99299E-05 9.99299E-05 9.99299E-05 0.183243 9.99299E-05 9.99299E-05 0.815958
0.0340876 9.99473E-05 9.99473E-05 9.99473E-05 9.99473E-05 0.511911 0.0759134 9.99473E-05 9.99473E-05 0.377488
0.0103335 0.0806225 9.99561E-05 0.073288 9.99561E-05 0.309073 9.99561E-05 9.99561E-05 9.99561E-05 0.526183
9.99736E-05 0.137273 0.0639613 9.99736E-05 0.048207 0.311048 0.00983735 0.0542055 9.99736E-05 0.375168
9.99298E-05 9.99298E-05 9.99298E-05 9.99298E-05 9.99298E-05 9.99298E-05 0.10019 9.99298E-05 9.99298E-05 0.899011
0.00494883 0.0082086 9.99473E-05 9.99473E-05 9.99473E-05 0.345436 9.99473E-05 9.99473E-05 9.99473E-05 0.640807
9.99561E-05 9.99561E-05 9.99561E-05 9.99561E-05 0.114309 0.197443 0.286075 0.0426409 9.99561E-05 0.359032
9.99473E-05 9.99473E-05 9.99473E-05 9.99473E-05 0.00575267 0.131083 0.108882 9.99473E-05 9.99473E-05 0.753683
0.00588298 9.9956E-05 0.16414 9.9956E-05 0.0194041 0.25782 9.9956E-05 9.9956E-05 9.9956E-05 0.552253
0.0135614 9.99473E-05 0.0431362 9.99473E-05 9.99473E-05 0.661393 9.99473E-05 9.99473E-05 9.99473E-05 0.28131
9.99473E-05 9.99473E-05 9.99473E-05 0.151881 9.99473E-05 0.339445 9.99473E-05 0.0138064 9.99473E-05 0.494268
0.0400069 9.9956E-05 9.9956E-05 9.9956E-05 0.0350094 0.497152 9.9956E-05 0.0605391 9.9956E-05 0.366793
9.99649E-05 9.99649E-05 0.016031 0.133222 0.131943 0.0860398 0.112357 9.99649E-05 9.99649E-05 0.520008
9.99472E-05 9.99472E-05 0.0718701 9.99472E-05 9.99472E-05 0.453212 0.312912 9.99472E-05 9.99472E-05 0.161407
9.99473E-05 9.99473E-05 9.99473E-05 9.99473E-05 9.99473E-05 0.586966 0.0820892 9.99473E-05 0.00431584 0.32603
0.200358 9.9956E-05 9.9956E-05 9.9956E-05 0.103745 0.0660343 0.276765 9.9956E-05 9.9956E-05 0.352597
9.99385E-05 9.99385E-05 9.99385E-05 9.99385E-05 9.99385E-05 0.336047 0.0668725 9.99385E-05 9.99385E-05 0.596381
9.99298E-05 9.99298E-05 9.99298E-05 9.99298E-05 9.99298E-05 9.99298E-05 0.234675 9.99298E-05 9.99298E-05 0.764526
9.99561E-05 0.283019 0.0257391 9.99561E-05 0.0249143 0.325772 9.99561E-05 9.99561E-05 9.99561E-05 0.340056
0.098027 0.0982508 9.9956E-05 9.9956E-05 9.9956E-05 0.364547 0.0464349 9.9956E-05 9.9956E-05 0.392241
0.00273279 9.99473E-05 0.0647188 9.99473E-05 9.99473E-05 0.418203 9.99473E-05 9.99473E-05 9.99473E-05 0.513746
9.99561E-05 9.99561E-05 9.99561E-05 0.0102471 0.0852783 0.495662 0.0784445 9.99561E-05 9.99561E-05 0.329868
0.0654281 0.164833 0.0732163 0.0129368 0.0310586 0.222257 9.99824E-05 0.0663052 9.99824E-05 0.363765
9.99385E-05 9.99385E-05 9.99385E-05 0.114508 9.99385E-05 0.412777 9.99385E-05 9.99385E-05 9.99385E-05 0.472015
0.0515243 9.99737E-05 0.0834753 9.99737E-05 0.123224 0.307512 0.167756 0.034627 9.99737E-05 0.23158
9.99474E-05 9.99474E-05 0.00776471 9.99474E-05 9.99474E-05 0.0504226 0.135046 9.99474E-05 9.99474E-05 0.806167
9.99387E-05 9.99387E-05 9.99387E-05 9.99387E-05 9.99387E-05 0.100777 0.136517 9.99387E-05 9.99387E-05 0.762007
0.0141047 9.99561E-05 9.99561E-05 9.99561E-05 0.0227364 0.411991 0.0597192 9.99561E-05 9.99561E-05 0.490949
9.99648E-05 9.99648E-05 0.119624 9.99648E-05 0.0436573 0.105423 0.332414 0.0953243 9.99648E-05 0.303157
9.99299E-05 9.99299E-05 9.99299E-05 9.99299E-05 9.99299E-05 9.99299E-05 0.11968 9.99299E-05 9.99299E-05 0.879521
9.99299E-05 9.99299E-05 9.99299E-05 9.99299E-05 9.99299E-05 9.99299E-05 0.135038 9.99299E-05 9.99299E-05 0.864162
0.0433692 0.0360242 9.99561E-05 9.99561E-05 0.12819 0.231101 9.99561E-05 9.99561E-05 9.99561E-05 0.560815
9.99473E-05 9.99473E-05 0.0661378 9.99473E-05 0.0532008 0.318251 9.99473E-05 9.99473E-05 9.99473E-05 0.561811
0.0316759 9.99473E-05 9.99473E-05 0.0366259 9.99473E-05 0.0883466 9.99473E-05 9.99473E-05 9.99473E-05 0.842752
9.99473E-05 0.0550591 9.99473E-05 0.00717054 9.99473E-05 0.476007 9.99473E-05 9.99473E-05 9.99473E-05 0.461164
9.99648E-05 0.0807594 9.99648E-05 0.102858 0.023567 0.363117 9.99648E-05 9.99648E-05 0.00502111 0.424278
0.0983333 9.99736E-05 9.99736E-05 0.0472271 0.185036 0.327445 0.0225099 0.0271672 9.99736E-05 0.291982
9.99385E-05 9.99385E-05 9.99385E-05 9.99385E-05 9.99385E-05 0.38595 0.0806815 9.99385E-05 9.99385E-05 0.532669
9.9956E-05 0.0139011 9.9956E-05 9.9956E-05 0.0206935 0.397356 0.0405715 9.9956E-05 9.9956E-05 0.526978
0.040555 9.9956E-05 0.157428 9.9956E-05 0.0430749 0.29427 9.9956E-05 9.9956E-05 9.9956E-05 0.464172
0.0067469 9.99561E-05 9.99561E-05 0.00528214 0.018345 0.0615714 9.99561E-05 9.99561E-05 9.99561E-05 0.907555
0.0331757 9.99736E-05 9.99736E-05 0.104199 0.0252892 0.252905 0.237652 0.115426 9.99736E-05 0.231052
0.0143274 9.99472E-05 0.150189 9.99472E-05 9.99472E-05 0.291482 9.99472E-05 9.99472E-05 9.99472E-05 0.543401
0.139802 9.99472E-05 9.99472E-05 9.99472E-05 0.0165871 0.46863 9.99472E-05 9.99472E-05 9.99472E-05 0.374381
9.9956E-05 9.9956E-05 9.9956E-05 0.0536523 0.042908 0.271014 0.34338 9.9956E-05 9.9956E-05 0.288546
0.0404783 0.179027 9.99649E-05 9.99649E-05 9.99649E-05 0.327151 0.00316466 0.00124331 9.99649E-05 0.448537
9.99298E-05 9.99298E-05 9.99298E-05 9.99298E-05 9.99298E-05 9.99298E-05 0.365442 9.99298E-05 9.99298E-05 0.633758
0.0989602 9.9956E-05 0.0506443 9.9956E-05 0.010429 0.423647 9.9956E-05 9.9956E-05 9.9956E-05 0.41582
0.000979284 9.99473E-05 0.0711423 9.99473E-05 9.99473E-05 9.99473E-05 0.114856 9.99473E-05 9.99473E-05 0.812422
9.99387E-05 9.99387E-05 9.99387E-05 9.99387E-05 9.99387E-05 0.0521805 0.176855 9.99387E-05 9.99387E-05 0.770265
0.102591 9.99648E-05 9.99648E-05 0.0597242 9.99648E-05 0.468376 0.0146592 0.00235832 9.99648E-05 0.351891
0.00724963 0.0329666 9.99648E-05 9.99648E-05 0.0756771 0.324363 0.131967 9.99648E-05 9.99648E-05 0.427377
0.0244683 0.159945 9.99561E-05 0.0371533 9.99561E-05 0.272276 0.505657 9.99561E-05 9.99561E-05 9.99561E-05
0.0288734 0.190311 9.99561E-05 9.99561E-05 9.99561E-05 0.179253 0.568508 0.0325553 9.99561E-05 9.99561E-05
0.0190391 0.123447 9.99648E-05 0.040711 9.99648E-05 0.242456 0.475661 0.0982853 9.99648E-05 9.99648E-05
0.1271 0.243445 0.00169018 9.9965E-05 9.9965E-05 9.9965E-05 0.508011 0.0121497 9.9965E-05 0.107205
0.0480865 9.99737E-05 0.0928526 9.99737E-05 0.0309228 0.15964 0.485302 0.132067 9.99737E-05 0.0508292
0.0132095 9.997E-05 9.997E-05 0.0043987 0.0266835 0.125748 0.525972 9.997E-05 0.236391 0.0672973
