9.99912E-05 0.108715 0.0577746 0.673513 0.0873551 0.0725417
9.99737E-05 0.00800373 9.99737E-05 0.802269 9.99737E-05 0.189427
9.99649E-05 9.99649E-05 9.99649E-05 0.989101 9.99649E-05 0.0104994
0.351411 9.99912E-05 0.0273601 0.400376 0.0824772 0.138275
0.0131834 9.99737E-05 0.0711695 0.915347 9.99737E-05 9.99737E-05
0.221217 0.0197996 0.216554 0.393713 0.013029 0.135688
0.276542 9.99824E-05 9.99824E-05 0.443497 0.15257 0.127191
0.198509 0.108824 0.248235 0.390339 0.0539936 9.99912E-05
0.190707 9.99824E-05 0.267299 0.331367 9.99824E-05 0.210427
9.996E-05 9.996E-05 9.996E-05 0.9995 9.996E-05 9.996E-05
9.999E-05 0.021018 0.0505515 0.724766 0.116325 0.0872392
9.99649E-05 9.99649E-05 9.99649E-05 0.995592 0.00400794 9.99649E-05
9.99649E-05 9.99649E-05 0.0239198 0.97568 9.99649E-05 9.99649E-05
9.99737E-05 9.99737E-05 9.99737E-05 0.70563 0.060038 0.234032
0.110592 9.99824E-05 0.150801 0.395081 9.99824E-05 0.343326
0.228923 0.0325533 0.242668 0.393955 0.00378885 0.0981119
0.0013279 9.99825E-05 9.99825E-05 0.740123 0.0708733 0.187476
0.102188 0.21452 0.0338106 0.411361 0.103506 0.134613
9.99824E-05 0.1621 0.241359 0.539947 9.99824E-05 0.0563939
9.996E-05 9.996E-05 9.996E-05 0.9995 9.996E-05 9.996E-05
0.246871 9.99824E-05 0.111422 0.56749 0.0740159 9.99824E-05
0.262343 0.104636 0.203117 0.429704 9.99825E-05 9.99825E-05
9.99824E-05 0.0235571 9.99824E-05 0.777775 0.0203438 0.178124
0.053676 0.0683204 9.99912E-05 0.588514 0.00185133 0.287538
0.269045 9.99912E-05 0.141456 0.321993 0.0264815 0.240924
9.99824E-05 0.0404902 0.0236089 0.809776 9.99824E-05 0.125925
0.144513 0.176974 0.0684764 0.177657 0.0222522 0.410127
0.0752189 9.99737E-05 9.99737E-05 0.883641 9.99737E-05 0.04084
0.0279282 9.99737E-05 9.99737E-05 0.741188 9.99737E-05 0.230583
9.99825E-05 9.99825E-05 0.0497621 0.758245 0.0154468 0.176346
9.99737E-05 9.99737E-05 0.110441 0.788046 0.101213 9.99737E-05
0.0231425 9.99912E-05 0.0537902 0.588772 0.074763 0.259432
9.99736E-05 9.99736E-05 9.99736E-05 0.678067 0.116794 0.20484
0.072988 0.0281699 9.99912E-05 0.400927 0.0421951 0.45562
0.00776537 9.99737E-05 9.99737E-05 0.898772 0.0931624 9.99737E-05
0.0757892 0.00544677 0.0297952 0.826774 0.0620944 9.99912E-05
9.99649E-05 9.99649E-05 9.99649E-05 0.984537 0.015063 9.99649E-05
9.99737E-05 9.99737E-05 0.17563 0.706906 9.99737E-05 0.117164
0.00776917 9.99912E-05 0.0642978 0.569775 0.00390638 0.354152
0.099322 0.0163626 9.99912E-05 0.59738 0.0145665 0.272269
0.0169627 9.99736E-05 0.0374774 0.94526 9.99736E-05 9.99736E-05
9.99737E-05 9.99737E-05 0.0869577 0.785599 9.99737E-05 0.127143
9.99737E-05 0.0302652 9.99737E-05 0.853907 9.99737E-05 0.115528
9.99912E-05 0.0700874 0.128108 0.477235 0.0458527 0.278617
0.342921 9.99912E-05 0.0275823 0.429367 0.0124093 0.18762
0.0379011 9.99736E-05 0.0483519 0.913447 9.99736E-05 9.99736E-05
9.99824E-05 9.99824E-05 0.000859416 0.920295 0.0216957 0.0569498
9.996E-05 9.996E-05 9.996E-05 0.9995 9.996E-05 9.996E-05
0.0275727 9.99824E-05 9.99824E-05 0.807386 0.0577207 0.10712
0.0280146 0.0922409 0.00771085 0.830639 0.0412947 9.99912E-05
0.301499 9.99912E-05 0.0410037 0.301221 0.0186435 0.337533
0.277804 0.00509637 0.0297284 0.687171 9.99824E-05 9.99824E-05
9.99649E-05 0.0139793 9.99649E-05 0.985621 9.99649E-05 9.99649E-05
0.162504 0.0764026 0.000207466 0.69102 9.99912E-05 0.0697663
0.0757859 9.99649E-05 9.99649E-05 0.923814 9.99649E-05 9.99649E-05
0.190342 9.99825E-05 9.99825E-05 0.75769 0.0161281 0.0356401
0.013966 0.0139059 0.100029 0.863995 0.00800484 9.99912E-05
9.99649E-05 9.99649E-05 9.99649E-05 0.952865 0.0467348 9.99649E-05
9.99824E-05 0.0236229 0.0317949 0.895792 0.0485902 9.99824E-05
9.99912E-05 0.163277 0.114611 0.183028 0.0726092 0.466375
0.143842 0.0536494 0.0732933 0.562124 9.99912E-05 0.166991
9.99912E-05 0.232954 0.0679732 0.400036 0.02567 0.273266
9.99825E-05 0.105453 0.238905 9.99825E-05 0.0042765 0.651165
0.200408 0.12846 0.195301 0.274827 0.015985 0.18502
9.99912E-05 0.0853087 0.128126 0.0669763 0.105498 0.613991
9.99912E-05 0.078822 0.134826 0.156656 0.0713836 0.558212
9.99912E-05 0.222413 0.184247 0.0205745 0.017703 0.554962
9.99825E-05 0.115394 0.02004 0.292947 9.99825E-05 0.571419
0.0405966 0.0266046 0.122782 0.406988 0.15671 0.246319
9.99824E-05 0.0735019 0.135308 9.99824E-05 0.22998 0.56101
0.211747 0.206299 0.116171 0.169148 0.117508 0.179129
0.122048 0.0878523 0.196447 0.0612734 0.16118 0.3712
0.172478 0.0199848 0.0852241 0.128643 9.99912E-05 0.59357
0.0885235 0.130863 0.0464886 0.308337 0.0519126 0.373875
9.99912E-05 0.0269807 0.113699 0.3649 0.0775818 0.416739
0.0322154 0.302354 9.99824E-05 0.0390959 9.99824E-05 0.626134
0.0194348 0.125644 0.139521 0.28387 0.246647 0.184882
9.99912E-05 0.188622 0.0578111 0.331213 0.0774828 0.344771
0.117447 0.0541087 9.99824E-05 9.99824E-05 0.100669 0.727576
0.00467984 0.0419801 0.0234882 0.439415 0.032477 0.45796
0.223784 0.081765 0.120624 0.247906 9.99912E-05 0.325821
9.99912E-05 0.0785674 0.0326988 0.284899 0.0138465 0.589889
0.0684302 0.221596 0.133709 0.239007 0.063738 0.27352
9.99824E-05 9.99824E-05 0.0421865 0.323009 0.290132 0.344473
0.0458639 9.99912E-05 0.0981476 0.374378 0.0790462 0.402465
9.99825E-05 0.122425 0.0337655 0.549873 9.99825E-05 0.293736
0.0455124 0.0835227 0.078893 0.413236 9.99912E-05 0.378736
9.99825E-05 0.217419 0.128532 0.394378 9.99825E-05 0.259471
9.99737E-05 9.99737E-05 0.10035 0.301572 9.99737E-05 0.597778
9.99649E-05 9.99649E-05 0.0632283 9.99649E-05 9.99649E-05 0.936372
9.9965E-05 9.9965E-05 0.0179676 9.9965E-05 9.9965E-05 0.981633
9.99648E-05 9.99648E-05 9.99648E-05 9.99648E-05 0.144742 0.854858
9.99824E-05 0.0779801 0.119188 9.99824E-05 0.0337438 0.768888
0.106641 9.99824E-05 0.209443 9.99824E-05 0.0185719 0.665145
9.99649E-05 9.99649E-05 0.277948 9.99649E-05 9.99649E-05 0.721652
9.99824E-05 0.0450826 0.185009 9.99824E-05 0.0691979 0.700511
9.99736E-05 9.99736E-05 0.254397 9.99736E-05 0.00526487 0.740038
9.99736E-05 9.99736E-05 0.4727 9.99736E-05 0.0181773 0.508823
9.99824E-05 0.0120485 0.173115 9.99824E-05 0.0377634 0.776873
9.99649E-05 9.99649E-05 0.0892902 9.99649E-05 9.99649E-05 0.91031
9.99649E-05 9.99649E-05 9.99649E-05 9.99649E-05 0.00458418 0.995016
9.99737E-05 9.99737E-05 0.173154 9.99737E-05 0.0538343 0.772712
9.99649E-05 9.99649E-05 0.163579 9.99649E-05 9.99649E-05 0.836021
9.99825E-05 0.128276 0.105392 9.99825E-05 0.0314224 0.73471
9.99737E-05 9.99737E-05 0.0639145 9.99737E-05 0.043938 0.891848
0.10582 9.99736E-05 0.0997799 9.99736E-05 9.99736E-05 0.7941
9.99737E-05 9.99737E-05 0.242408 9.99737E-05 0.0611123 0.69618
0.0337917 9.99824E-05 0.0947442 9.99824E-05 0.101104 0.77016
9.99737E-05 9.99737E-05 0.131022 9.99737E-05 0.114204 0.754474
0.00458745 9.99736E-05 0.124397 9.99736E-05 9.99736E-05 0.870715
9.99736E-05 9.99736E-05 0.0210583 9.99736E-05 0.0420989 0.936543
0.115119 9.99736E-05 0.284502 9.99736E-05 9.99736E-05 0.600079
9.99649E-05 9.99649E-05 0.238408 9.99649E-05 9.99649E-05 0.761192
0.12189 9.99736E-05 0.278896 9.99736E-05 9.99736E-05 0.598915
9.99649E-05 9.99649E-05 0.159847 9.99649E-05 9.99649E-05 0.839754
0.0827626 9.99737E-05 9.99737E-05 0.0382113 9.99737E-05 0.878726
0.112485 9.99736E-05 0.138907 9.99736E-05 9.99736E-05 0.748308
9.99649E-05 9.99649E-05 0.244879 9.99649E-05 9.99649E-05 0.754721
9.99649E-05 9.99649E-05 9.99649E-05 9.99649E-05 0.141749 0.857851
0.0724949 9.99737E-05 0.0219828 9.99737E-05 9.99737E-05 0.905222
0.0210619 0.00635443 9.99824E-05 9.99824E-05 0.0582037 0.91418
0.255438 9.99736E-05 0.311893 9.99736E-05 9.99736E-05 0.43237
0.00681485 9.99824E-05 0.0985167 9.99824E-05 0.0163896 0.878079
9.99649E-05 9.99649E-05 0.0406477 9.99649E-05 9.99649E-05 0.958952
9.99737E-05 9.99737E-05 0.178365 9.99737E-05 0.0853228 0.736012
9.99824E-05 0.00981449 0.127701 9.99824E-05 0.043633 0.818652
9.9965E-05 9.9965E-05 0.076335 9.9965E-05 9.9965E-05 0.923265
9.99737E-05 9.99737E-05 0.0255346 9.99737E-05 0.0547404 0.919425
9.9965E-05 9.9965E-05 0.0431387 9.9965E-05 9.9965E-05 0.956461
9.9965E-05 9.9965E-05 0.0793733 9.9965E-05 9.9965E-05 0.920227
9.99736E-05 9.99736E-05 0.179789 9.99736E-05 0.00987806 0.810033
0.0363621 9.99737E-05 0.234273 9.99737E-05 9.99737E-05 0.729065
9.9965E-05 9.9965E-05 0.123316 9.9965E-05 9.9965E-05 0.876285
9.996E-05 9.996E-05 9.996E-05 9.996E-05 9.996E-05 0.9995
0.113181 0.00649631 0.29814 9.99912E-05 0.0242244 0.557858
9.99825E-05 0.00618901 0.133541 9.99825E-05 0.044856 0.815214
0.0249654 0.0602174 0.233754 9.99825E-05 9.99825E-05 0.680863
0.0290428 9.99824E-05 0.348911 9.99824E-05 0.0773203 0.544525
9.996E-05 9.996E-05 9.996E-05 9.996E-05 9.996E-05 0.9995
0.185832 9.99736E-05 0.0275189 9.99736E-05 9.99736E-05 0.786349
9.9965E-05 9.9965E-05 0.102599 9.9965E-05 9.9965E-05 0.897002
9.99737E-05 9.99737E-05 0.127531 9.99737E-05 0.0958774 0.776291
0.0418493 0.107618 0.136589 9.99824E-05 9.99824E-05 0.713743
0.169 0.000171219 9.99824E-05 9.99824E-05 0.019965 0.810664
9.99648E-05 9.99648E-05 0.268343 9.99648E-05 9.99648E-05 0.731257
9.99648E-05 9.99648E-05 0.214355 9.99648E-05 9.99648E-05 0.785245
0.0158028 9.99736E-05 9.99736E-05 9.99736E-05 0.120901 0.862997
0.147416 9.99824E-05 0.0113246 9.99824E-05 0.00476364 0.836296
9.99649E-05 9.99649E-05 0.153623 9.99649E-05 9.99649E-05 0.845977
9.99648E-05 0.000894898 9.99648E-05 9.99648E-05 9.99648E-05 0.998705
9.996E-05 9.996E-05 0.9995 9.996E-05 9.996E-05 9.996E-05
9.996E-05 9.996E-05 9.996E-05 9.996E-05 9.996E-05 0.9995
9.996E-05 9.996E-05 0.9995 9.996E-05 9.996E-05 9.996E-05
9.996E-05 9.996E-05 0.9995 9.996E-05 9.996E-05 9.996E-05
9.996E-05 9.996E-05 0.9995 9.996E-05 9.996E-05 9.996E-05
9.996E-05 9.996E-05 9.996E-05 9.996E-05 9.996E-05 0.9995
9.996E-05 9.996E-05 0.9995 9.996E-05 9.996E-05 9.996E-05
9.996E-05 9.996E-05 0.9995 9.996E-05 9.996E-05 9.996E-05
9.996E-05 9.996E-05 9.996E-05 9.996E-05 9.996E-05 0.9995
9.99648E-05 9.99648E-05 0.0453613 9.99648E-05 9.99648E-05 0.954239
9.996E-05 9.996E-05 9.996E-05 9.996E-05 9.996E-05 0.9995
9.996E-05 9.996E-05 0.9995 9.996E-05 9.996E-05 9.996E-05
9.996E-05 9.996E-05 0.9995 9.996E-05 9.996E-05 9.996E-05
0.0360002 0.0164645 9.99736E-05 9.99736E-05 9.99736E-05 0.947235
9.996E-05 9.996E-05 9.996E-05 9.996E-05 9.996E-05 0.9995
0.282453 0.0324864 0.0836233 9.99824E-05 9.99824E-05 0.601237
9.996E-05 9.996E-05 9.996E-05 9.996E-05 9.996E-05 0.9995
9.996E-05 9.996E-05 0.9995 9.996E-05 9.996E-05 9.996E-05
9.99648E-05 9.99648E-05 0.00280163 9.99648E-05 9.99648E-05 0.996799
9.99648E-05 9.99648E-05 0.00467891 9.99648E-05 9.99648E-05 0.994921
9.996E-05 9.996E-05 9.996E-05 9.996E-05 9.996E-05 0.9995
9.996E-05 9.996E-05 0.9995 9.996E-05 9.996E-05 9.996E-05
9.99648E-05 9.99648E-05 0.0154564 9.99648E-05 9.99648E-05 0.984144
9.996E-05 9.996E-05 0.9995 9.996E-05 9.996E-05 9.996E-05
9.996E-05 9.996E-05 9.996E-05 9.996E-05 9.996E-05 0.9995
9.996E-05 9.996E-05 9.996E-05 9.996E-05 9.996E-05 0.9995
9.996E-05 9.996E-05 0.9995 9.996E-05 9.996E-05 9.996E-05
9.996E-05 9.996E-05 0.9995 9.996E-05 9.996E-05 9.996E-05
9.996E-05 9.996E-05 0.9995 9.996E-05 9.996E-05 9.996E-05
0.00655715 9.99648E-05 9.99648E-05 9.99648E-05 9.99648E-05 0.993043
0.0203384 9.99648E-05 9.99648E-05 9.99648E-05 9.99648E-05 0.979262
9.996E-05 9.996E-05 9.996E-05 9.996E-05 9.996E-05 0.9995
0.0109653 9.99736E-05 0.0062269 9.99736E-05 9.99736E-05 0.982508
0.0285268 9.99736E-05 0.0549232 9.99736E-05 9.99736E-05 0.91625
9.996E-05 9.996E-05 0.9995 9.996E-05 9.996E-05 9.996E-05
9.996E-05 9.996E-05 0.9995 9.996E-05 9.996E-05 9.996E-05
9.996E-05 9.996E-05 0.9995 9.996E-05 9.996E-05 9.996E-05
9.996E-05 9.996E-05 9.996E-05 9.996E-05 9.996E-05 0.9995
9.996E-05 9.996E-05 0.9995 9.996E-05 9.996E-05 9.996E-05
9.996E-05 9.996E-05 0.9995 9.996E-05 9.996E-05 9.996E-05
9.996E-05 9.996E-05 0.9995 9.996E-05 9.996E-05 9.996E-05
9.996E-05 9.996E-05 0.9995 9.996E-05 9.996E-05 9.996E-05
9.996E-05 9.996E-05 9.996E-05 9.996E-05 9.996E-05 0.9995
9.996E-05 9.996E-05 0.9995 9.996E-05 9.996E-05 9.996E-05
9.996E-05 9.996E-05 0.9995 9.996E-05 9.996E-05 9.996E-05
0.233345 0.028154 0.139244 9.99824E-05 9.99824E-05 0.599057
0.067402 9.99648E-05 9.99648E-05 9.99648E-05 9.99648E-05 0.932198
9.996E-05 9.996E-05 0.9995 9.996E-05 9.996E-05 9.996E-05
9.996E-05 9.996E-05 0.9995 9.996E-05 9.996E-05 9.996E-05
9.996E-05 9.996E-05 0.9995 9.996E-05 9.996E-05 9.996E-05
9.996E-05 9.996E-05 0.9995 9.996E-05 9.996E-05 9.996E-05
0.0359206 9.99736E-05 0.0151175 9.99736E-05 9.99736E-05 0.948662
9.996E-05 9.996E-05 0.9995 9.996E-05 9.996E-05 9.996E-05
9.99648E-05 0.0145664 9.99648E-05 9.99648E-05 9.99648E-05 0.985034
9.996E-05 9.996E-05 0.9995 9.996E-05 9.996E-05 9.996E-05
9.996E-05 9.996E-05 9.996E-05 9.996E-05 9.996E-05 0.9995
9.996E-05 9.996E-05 0.9995 9.996E-05 9.996E-05 9.996E-05
9.996E-05 9.996E-05 0.9995 9.996E-05 9.996E-05 9.996E-05
9.996E-05 9.996E-05 0.9995 9.996E-05 9.996E-05 9.996E-05
9.996E-05 9.996E-05 0.9995 9.996E-05 9.996E-05 9.996E-05
9.996E-05 9.996E-05 0.9995 9.996E-05 9.996E-05 9.996E-05
9.996E-05 9.996E-05 0.9995 9.996E-05 9.996E-05 9.996E-05
0.0274377 0.0197473 9.99736E-05 9.99736E-05 9.99736E-05 0.952515
9.996E-05 9.996E-05 9.996E-05 9.996E-05 9.996E-05 0.9995
9.996E-05 9.996E-05 9.996E-05 9.996E-05 9.996E-05 0.9995
9.996E-05 9.996E-05 0.9995 9.996E-05 9.996E-05 9.996E-05
0.031242 9.99736E-05 0.0293319 9.99736E-05 9.99736E-05 0.939126
0.0214011 0.074458 0.0386682 9.99824E-05 9.99824E-05 0.865273
0.0286939 9.99736E-05 0.0268353 9.99736E-05 9.99736E-05 0.944171
9.996E-05 9.996E-05 0.9995 9.996E-05 9.996E-05 9.996E-05
9.996E-05 9.996E-05 0.9995 9.996E-05 9.996E-05 9.996E-05
9.996E-05 9.996E-05 0.9995 9.996E-05 9.996E-05 9.996E-05
9.996E-05 9.996E-05 9.996E-05 9.996E-05 9.996E-05 0.9995
9.996E-05 9.996E-05 0.9995 9.996E-05 9.996E-05 9.996E-05
9.996E-05 9.996E-05 0.9995 9.996E-05 9.996E-05 9.996E-05
9.996E-05 9.996E-05 9.996E-05 9.996E-05 9.996E-05 0.9995
9.996E-05 9.996E-05 0.9995 9.996E-05 9.996E-05 9.996E-05
9.996E-05 9.996E-05 0.9995 9.996E-05 9.996E-05 9.996E-05
9.99824E-05 0.122724 0.140881 9.99824E-05 0.167531 0.568664
9.996E-05 9.996E-05 9.996E-05 9.996E-05 9.996E-05 0.9995
9.996E-05 9.996E-05 0.9995 9.996E-05 9.996E-05 9.996E-05
0.00963755 0.00730441 0.53263 9.99912E-05 0.0481416 0.402186
0.131783 9.99736E-05 0.295867 9.99736E-05 9.99736E-05 0.572051
9.99649E-05 9.99649E-05 0.128706 9.99649E-05 9.99649E-05 0.870894
0.149973 0.0159799 9.99736E-05 9.99736E-05 9.99736E-05 0.833747
9.99648E-05 9.99648E-05 0.284833 9.99648E-05 9.99648E-05 0.714767
9.99737E-05 9.99737E-05 0.0686468 0.025322 9.99737E-05 0.905731
0.0377216 9.99824E-05 0.355179 9.99824E-05 0.0465415 0.560358
9.99824E-05 0.126214 0.174818 9.99824E-05 0.080072 0.618696
9.99649E-05 9.99649E-05 0.200801 9.99649E-05 9.99649E-05 0.798799
0.073304 9.99737E-05 0.0354965 9.99737E-05 9.99737E-05 0.8909
9.99737E-05 9.99737E-05 0.0441147 9.99737E-05 0.0766125 0.878973
9.99649E-05 9.99649E-05 0.643694 9.99649E-05 9.99649E-05 0.355906
9.99736E-05 0.0876835 0.266949 9.99736E-05 9.99736E-05 0.645068
9.99736E-05 0.0990775 0.136335 9.99736E-05 9.99736E-05 0.764288
0.00016526 9.99736E-05 0.14839 9.99736E-05 9.99736E-05 0.851145
9.99736E-05 9.99736E-05 0.323841 9.99736E-05 0.0578728 0.617986
9.99737E-05 9.99737E-05 0.150394 9.99737E-05 0.0101224 0.839183
9.99736E-05 0.00642161 9.99736E-05 9.99736E-05 0.152399 0.84088
0.133799 9.99824E-05 0.171079 9.99824E-05 0.0218746 0.673047
0.033721 9.99736E-05 0.157793 9.99736E-05 9.99736E-05 0.808186
0.0615653 9.99824E-05 0.128308 9.99824E-05 0.0236225 0.786304
0.0047842 9.99737E-05 0.266005 9.99737E-05 9.99737E-05 0.728911
0.178167 0.00614695 0.153402 9.99912E-05 0.0437642 0.61842
9.99824E-05 0.0694232 0.208684 9.99824E-05 0.0124494 0.709244
9.99736E-05 0.138528 0.0907288 9.99736E-05 9.99736E-05 0.770444
9.9965E-05 9.9965E-05 0.12588 9.9965E-05 9.9965E-05 0.87372
0.0600348 9.99736E-05 0.0983087 9.99736E-05 9.99736E-05 0.841357
0.00323604 0.077623 0.25909 9.99824E-05 9.99824E-05 0.659851
0.0845751 0.0770048 9.99736E-05 9.99736E-05 9.99736E-05 0.83812
0.161035 0.129749 0.197033 9.99824E-05 9.99824E-05 0.511984
0.047495 9.99824E-05 0.395178 9.99824E-05 0.0535832 0.503544
9.99736E-05 9.99736E-05 0.253904 9.99736E-05 0.0348122 0.710984
0.00732181 9.99736E-05 0.207324 9.99736E-05 9.99736E-05 0.785055
9.99824E-05 0.0176725 0.24076 9.99824E-05 0.0551305 0.686237
9.99824E-05 0.125853 0.124978 9.99824E-05 0.137606 0.611363
9.99649E-05 9.99649E-05 0.0558642 9.99649E-05 9.99649E-05 0.943736
9.996E-05 9.996E-05 9.996E-05 9.996E-05 9.996E-05 0.9995
9.99824E-05 0.169258 0.0336418 9.99824E-05 0.047211 0.749689
0.0607366 9.99824E-05 0.0392353 9.99824E-05 0.180823 0.719006
0.180487 0.0223799 0.204019 9.99824E-05 9.99824E-05 0.592914
0.0208334 9.99824E-05 0.0712159 9.99824E-05 0.0553156 0.852435
0.14605 9.99737E-05 0.120763 9.99737E-05 9.99737E-05 0.732887
0.215617 9.99736E-05 0.282481 9.99736E-05 9.99736E-05 0.501602
9.99649E-05 9.99649E-05 0.521216 9.99649E-05 9.99649E-05 0.478384
9.99736E-05 0.0799885 0.372859 9.99736E-05 9.99736E-05 0.546852
9.99736E-05 0.0135798 0.197828 9.99736E-05 9.99736E-05 0.788292
9.996E-05 9.996E-05 9.996E-05 9.996E-05 9.996E-05 0.9995
0.0491164 9.99824E-05 0.229017 9.99824E-05 0.00966215 0.712004
9.996E-05 9.996E-05 9.996E-05 9.996E-05 9.996E-05 0.9995
0.0293406 0.0971176 0.253093 9.99912E-05 0.0077092 0.612639
9.99825E-05 0.00188316 0.00758727 9.99825E-05 0.0851804 0.905149
9.99648E-05 9.99648E-05 9.99648E-05 9.99648E-05 0.0479337 0.951666
0.151919 9.99736E-05 9.99736E-05 9.99736E-05 0.0357903 0.81199
9.99648E-05 9.99648E-05 0.240278 9.99648E-05 9.99648E-05 0.759322
0.215778 9.99736E-05 0.110456 9.99736E-05 9.99736E-05 0.673466
9.99649E-05 9.99649E-05 0.334455 9.99649E-05 9.99649E-05 0.665145
9.996E-05 9.996E-05 9.996E-05 9.996E-05 9.996E-05 0.9995
9.99649E-05 9.99649E-05 0.230854 9.99649E-05 9.99649E-05 0.768746
9.99649E-05 9.99649E-05 0.142704 9.99649E-05 9.99649E-05 0.856896
9.99649E-05 9.99649E-05 0.23151 9.99649E-05 9.99649E-05 0.768091
9.9965E-05 9.9965E-05 0.0014487 9.9965E-05 9.9965E-05 0.998151
9.9965E-05 9.9965E-05 0.0908409 9.9965E-05 9.9965E-05 0.908759
9.9965E-05 9.9965E-05 9.9965E-05 0.0291483 9.9965E-05 0.970452
9.99736E-05 9.99736E-05 0.0875923 9.99736E-05 0.0514044 0.860703
0.0416843 9.99824E-05 0.185217 9.99824E-05 0.0279509 0.744948
9.99649E-05 9.99649E-05 0.297409 9.99649E-05 9.99649E-05 0.702191
9.9965E-05 9.9965E-05 0.0588655 9.9965E-05 9.9965E-05 0.940735
0.00752527 9.99824E-05 0.259499 9.99824E-05 0.00138871 0.731387
9.99736E-05 9.99736E-05 0.0108071 9.99736E-05 0.0457871 0.943106
9.996E-05 9.996E-05 9.996E-05 9.996E-05 9.996E-05 0.9995
9.99649E-05 9.99649E-05 0.0633979 9.99649E-05 9.99649E-05 0.936202
9.9965E-05 9.9965E-05 9.9965E-05 0.0372996 9.9965E-05 0.962301
9.99648E-05 9.99648E-05 0.304318 9.99648E-05 9.99648E-05 0.695282
0.0796289 0.11063 9.99737E-05 9.99737E-05 9.99737E-05 0.809441
9.996E-05 9.996E-05 9.996E-05 9.996E-05 9.996E-05 0.9995
9.99649E-05 9.99649E-05 0.170119 9.99649E-05 9.99649E-05 0.829481
9.9965E-05 9.9965E-05 0.00278928 9.9965E-05 9.9965E-05 0.996811
0.030294 0.000212593 9.99824E-05 9.99824E-05 0.0170345 0.952259
9.9965E-05 9.9965E-05 0.0994179 9.9965E-05 9.9965E-05 0.900182
9.99736E-05 9.99736E-05 0.396645 9.99736E-05 0.0769486 0.526107
0.108809 9.99824E-05 0.246564 9.99824E-05 0.0462569 0.59817
0.164172 0.0180231 0.228424 9.99912E-05 0.0612275 0.528054
9.996E-05 9.996E-05 9.996E-05 9.996E-05 9.996E-05 0.9995
9.99737E-05 9.99737E-05 0.252707 9.99737E-05 0.0139211 0.733072
0.122208 0.0237414 0.206053 9.99824E-05 9.99824E-05 0.647798
9.996E-05 9.996E-05 9.996E-05 9.996E-05 9.996E-05 0.9995
9.99736E-05 0.129379 0.00977403 9.99736E-05 9.99736E-05 0.860547
9.99824E-05 0.0266006 0.39358 9.99824E-05 0.0464953 0.533124
0.0294322 9.99736E-05 0.106624 9.99736E-05 9.99736E-05 0.863644
9.99736E-05 9.99736E-05 0.193433 9.99736E-05 0.0850314 0.721236
0.183786 9.99737E-05 0.115876 9.99737E-05 9.99737E-05 0.700038
9.99736E-05 0.0713909 0.132515 9.99736E-05 9.99736E-05 0.795794
9.99649E-05 9.99649E-05 0.381143 9.99649E-05 9.99649E-05 0.618457
0.191726 0.0246538 0.049996 9.99912E-05 0.127731 0.605794
9.99649E-05 9.99649E-05 0.267493 9.99649E-05 9.99649E-05 0.732107
9.996E-05 9.996E-05 9.996E-05 9.996E-05 9.996E-05 0.9995
0.281045 0.0388186 0.310359 9.99824E-05 9.99824E-05 0.369577
9.99736E-05 9.99736E-05 0.0890638 9.99736E-05 0.146089 0.764547
9.99737E-05 0.0342802 9.99737E-05 9.99737E-05 0.00200985 0.96341
9.99649E-05 9.99649E-05 0.138763 9.99649E-05 9.99649E-05 0.860837
0.259941 0.067243 0.204631 9.99912E-05 0.0898058 0.378279
9.99648E-05 9.99648E-05 0.0665136 9.99648E-05 9.99648E-05 0.933087
9.99824E-05 0.187345 0.0823014 9.99824E-05 0.0329488 0.697205
9.99737E-05 9.99737E-05 0.107994 0.0372815 9.99737E-05 0.854425
9.9965E-05 9.9965E-05 0.105561 9.9965E-05 9.9965E-05 0.894039
9.99649E-05 9.99649E-05 0.218912 9.99649E-05 9.99649E-05 0.780688
9.99824E-05 0.235513 0.0251979 9.99824E-05 0.00445264 0.734637
9.9965E-05 9.9965E-05 0.10194 9.9965E-05 9.9965E-05 0.89766
9.996E-05 9.996E-05 9.996E-05 9.996E-05 9.996E-05 0.9995
0.044089 0.00362355 0.073562 9.99912E-05 0.0584233 0.820202
9.99737E-05 0.00224708 0.0944218 9.99737E-05 9.99737E-05 0.903031
9.99649E-05 9.99649E-05 9.99649E-05 9.99649E-05 0.036962 0.962638
9.99648E-05 9.99648E-05 0.120526 9.99648E-05 9.99648E-05 0.879074
0.106608 9.99736E-05 0.1016 9.99736E-05 9.99736E-05 0.791492
0.0647402 9.99736E-05 9.99736E-05 9.99736E-05 0.110191 0.824769
9.99649E-05 9.99649E-05 0.39937 9.99649E-05 9.99649E-05 0.60023
9.99648E-05 9.99648E-05 0.211658 9.99648E-05 9.99648E-05 0.787942
9.99648E-05 0.128145 9.99648E-05 9.99648E-05 9.99648E-05 0.871455
0.0371032 9.99825E-05 0.0662683 9.99825E-05 0.00682295 0.889606
0.226859 9.99736E-05 9.99736E-05 9.99736E-05 0.00231163 0.77053
9.99648E-05 0.19566 9.99648E-05 9.99648E-05 9.99648E-05 0.80394
9.99736E-05 9.99736E-05 0.253651 9.99736E-05 0.161767 0.584283
0.00529345 9.99736E-05 0.138279 9.99736E-05 9.99736E-05 0.856127
0.148407 9.99824E-05 0.190982 9.99824E-05 0.0704354 0.589975
9.9965E-05 9.9965E-05 0.166382 9.9965E-05 9.9965E-05 0.833218
9.99824E-05 0.00259102 0.153207 9.99824E-05 0.130308 0.713694
9.996E-05 9.996E-05 9.996E-05 9.996E-05 9.996E-05 0.9995
9.9965E-05 9.9965E-05 0.105825 9.9965E-05 9.9965E-05 0.893775
0.0444044 9.99824E-05 0.220267 9.99824E-05 0.103356 0.631772
0.148663 9.99824E-05 0.200436 9.99824E-05 0.0411118 0.609589
0.0544279 9.99912E-05 0.258585 0.100616 0.0813872 0.504885
0.0412415 9.99912E-05 0.140798 0.0410091 0.133372 0.64348
0.192681 9.99824E-05 0.219427 9.99824E-05 0.0494505 0.538241
0.0625027 9.99912E-05 0.0407346 0.0605215 0.113184 0.722957
0.0911285 0.144394 0.139628 0.0387846 0.0467278 0.539337
9.99737E-05 9.99737E-05 0.106534 0.336147 9.99737E-05 0.557019
9.99824E-05 0.00328719 0.192152 9.99824E-05 0.0692015 0.735159
0.0169278 0.0429156 0.222945 0.00651551 0.07522 0.635476
0.0410689 0.119591 0.0339904 0.311285 0.0987682 0.395296
0.109284 9.99824E-05 0.240632 9.99824E-05 0.0141675 0.635717
0.164092 9.99824E-05 0.0741899 9.99824E-05 0.210862 0.550656
0.0980296 9.99737E-05 9.99737E-05 0.166858 9.99737E-05 0.734812
0.115553 9.99824E-05 0.164684 9.99824E-05 0.0788942 0.640669
9.99825E-05 9.99825E-05 0.0503962 0.426226 0.0048626 0.518315
0.03153 0.0712074 0.0332456 0.0861131 0.135359 0.642545
0.171274 9.99912E-05 0.234498 0.12046 0.0576127 0.416054
9.99824E-05 9.99824E-05 0.120841 0.0570644 0.151084 0.67081
0.263121 9.99825E-05 0.111335 0.105407 9.99825E-05 0.519938
0.0377609 9.99824E-05 0.196819 9.99824E-05 0.248928 0.516292
0.163774 9.99912E-05 0.226099 0.12954 0.00346832 0.477018
9.99824E-05 9.99824E-05 0.180621 0.0855816 0.156504 0.577093
0.0701703 9.99912E-05 0.0656332 0.215486 0.0512024 0.597408
0.0179181 9.99912E-05 0.0251759 0.141613 0.150278 0.664915
9.99736E-05 0.11657 0.301793 9.99736E-05 9.99736E-05 0.581337
9.99736E-05 0.0839203 0.388794 9.99736E-05 9.99736E-05 0.526986
9.99736E-05 0.00311884 0.38215 9.99736E-05 9.99736E-05 0.614431
0.0713274 0.00336933 0.379954 9.99824E-05 9.99824E-05 0.545149
9.99649E-05 9.99649E-05 0.310005 9.99649E-05 9.99649E-05 0.689595
9.99649E-05 9.99649E-05 0.399588 9.99649E-05 9.99649E-05 0.600012
9.99737E-05 0.14331 0.42128 9.99737E-05 9.99737E-05 0.435109
9.99737E-05 9.99737E-05 0.214579 0.0351169 9.99737E-05 0.750004
9.99737E-05 0.00711683 0.29962 9.99737E-05 9.99737E-05 0.692963
9.99736E-05 9.99736E-05 0.442397 9.99736E-05 0.0899145 0.467389
9.99736E-05 0.154923 0.260935 9.99736E-05 9.99736E-05 0.583842
0.0338269 9.99912E-05 0.271352 0.0623373 0.0210182 0.611365
9.99736E-05 9.99736E-05 0.489218 9.99736E-05 0.0334576 0.477024
9.99737E-05 9.99737E-05 0.340691 0.0233766 9.99737E-05 0.635633
9.9965E-05 9.9965E-05 0.263934 9.9965E-05 9.9965E-05 0.735667
9.99649E-05 9.99649E-05 0.328275 9.99649E-05 9.99649E-05 0.671325
9.99736E-05 0.0587756 0.212851 9.99736E-05 9.99736E-05 0.728073
9.99649E-05 9.99649E-05 0.311416 9.99649E-05 9.99649E-05 0.688184
9.99649E-05 9.99649E-05 0.388897 9.99649E-05 9.99649E-05 0.610703
9.99737E-05 0.0403372 0.320501 9.99737E-05 9.99737E-05 0.638861
9.99648E-05 9.99648E-05 0.501261 9.99648E-05 9.99648E-05 0.498339
9.99649E-05 9.99649E-05 0.28048 9.99649E-05 9.99649E-05 0.71912
9.99648E-05 9.99648E-05 0.456633 9.99648E-05 9.99648E-05 0.542968
9.996E-05 9.996E-05 9.996E-05 9.996E-05 9.996E-05 0.9995
9.99825E-05 0.0016827 0.341979 0.0702456 9.99825E-05 0.585892
9.99824E-05 0.0311635 0.325498 9.99824E-05 0.019788 0.62335
0.0545386 9.99824E-05 0.161647 9.99824E-05 0.0562906 0.727324
9.99737E-05 9.99737E-05 0.29108 9.99737E-05 0.0072229 0.701397
9.99648E-05 9.99648E-05 0.50017 9.99648E-05 9.99648E-05 0.49943
9.99649E-05 9.99649E-05 0.251432 9.99649E-05 9.99649E-05 0.748168
9.99825E-05 9.99825E-05 0.314497 0.0483227 0.118964 0.518016
0.0814165 9.99737E-05 0.233174 9.99737E-05 9.99737E-05 0.685109
9.99737E-05 0.0678845 0.352684 9.99737E-05 9.99737E-05 0.579132
9.99649E-05 9.99649E-05 0.304822 9.99649E-05 9.99649E-05 0.694778
9.99737E-05 0.0563291 0.391308 9.99737E-05 9.99737E-05 0.552063
9.99649E-05 9.99649E-05 0.321689 9.99649E-05 9.99649E-05 0.677911
9.99649E-05 9.99649E-05 0.380127 9.99649E-05 9.99649E-05 0.619473
9.99825E-05 0.00283805 0.171119 9.99825E-05 0.0471885 0.778654
9.99737E-05 9.99737E-05 0.356922 9.99737E-05 0.00484275 0.637935
9.99649E-05 9.99649E-05 0.300926 9.99649E-05 9.99649E-05 0.698675
9.9965E-05 9.9965E-05 0.299574 9.9965E-05 9.9965E-05 0.700026
9.99825E-05 0.013174 0.231758 0.0233999 9.99825E-05 0.731468
9.99736E-05 0.0328385 0.285835 9.99736E-05 9.99736E-05 0.681027
9.99736E-05 9.99736E-05 0.411566 9.99736E-05 0.0631807 0.524953
0.379869 0.0194924 0.14943 0.313903 0.137205 9.99912E-05
0.342644 9.99824E-05 0.276174 0.199693 0.181289 9.99824E-05
0.277764 0.0780533 0.354437 0.0692555 0.22039 9.99912E-05
0.268765 0.0725528 0.172751 0.221407 0.214779 0.0497448
0.259225 9.99912E-05 0.218726 0.219176 0.173447 0.129326
0.171111 0.16929 0.253659 0.215029 0.141213 0.0496983
0.358551 0.0207366 0.241149 0.266139 0.102807 0.0106179
0.265074 0.109078 0.144117 0.194891 0.0903207 0.19652
0.19543 9.99824E-05 0.479277 0.11944 0.205653 9.99824E-05
0.0811106 0.204744 0.156225 0.2801 0.27772 9.99912E-05
0.242226 0.0155484 0.219047 0.128935 0.252362 0.141881
0.314633 0.0371753 0.298992 0.160073 0.189027 9.99912E-05
0.38219 9.99912E-05 0.131511 0.233869 0.170779 0.0815512
0.297508 0.00928027 0.214053 0.219332 0.241513 0.0183135
0.385216 0.0912568 0.218917 0.229535 0.074975 9.99912E-05
0.213554 0.163424 0.109749 0.151046 0.0647908 0.297435
0.223186 0.036215 0.165575 0.191011 0.176082 0.207931
0.212889 0.128867 0.266454 0.178608 0.123691 0.0894913
0.335013 9.99912E-05 0.224548 0.0726362 0.216756 0.150946
0.21662 0.160657 0.113945 0.243294 0.14802 0.117464
9.996E-05 9.996E-05 9.996E-05 9.996E-05 0.9995 9.996E-05
9.996E-05 9.996E-05 9.996E-05 9.996E-05 0.9995 9.996E-05
9.996E-05 9.996E-05 9.996E-05 9.996E-05 0.9995 9.996E-05
9.996E-05 9.996E-05 9.996E-05 9.996E-05 0.9995 9.996E-05
9.996E-05 9.996E-05 9.996E-05 9.996E-05 0.9995 9.996E-05
9.996E-05 9.996E-05 9.996E-05 9.996E-05 0.9995 9.996E-05
9.996E-05 9.996E-05 9.996E-05 9.996E-05 0.9995 9.996E-05
9.996E-05 9.996E-05 9.996E-05 9.996E-05 0.9995 9.996E-05
9.996E-05 9.996E-05 9.996E-05 9.996E-05 0.9995 9.996E-05
9.996E-05 9.996E-05 9.996E-05 9.996E-05 0.9995 9.996E-05
9.996E-05 9.996E-05 9.996E-05 9.996E-05 0.9995 9.996E-05
9.996E-05 9.996E-05 9.996E-05 9.996E-05 0.9995 9.996E-05
9.996E-05 9.996E-05 9.996E-05 9.996E-05 0.9995 9.996E-05
9.996E-05 9.996E-05 9.996E-05 9.996E-05 0.9995 9.996E-05
9.996E-05 9.996E-05 9.996E-05 9.996E-05 0.9995 9.996E-05
9.996E-05 9.996E-05 9.996E-05 9.996E-05 0.9995 9.996E-05
9.996E-05 9.996E-05 9.996E-05 9.996E-05 0.9995 9.996E-05
9.996E-05 9.996E-05 9.996E-05 9.996E-05 0.9995 9.996E-05
9.996E-05 9.996E-05 9.996E-05 9.996E-05 0.9995 9.996E-05
9.996E-05 9.996E-05 9.996E-05 9.996E-05 0.9995 9.996E-05
9.996E-05 9.996E-05 9.996E-05 9.996E-05 0.9995 9.996E-05
9.996E-05 9.996E-05 9.996E-05 9.996E-05 0.9995 9.996E-05
9.996E-05 9.996E-05 9.996E-05 9.996E-05 0.9995 9.996E-05
9.996E-05 9.996E-05 9.996E-05 9.996E-05 0.9995 9.996E-05
9.996E-05 9.996E-05 9.996E-05 9.996E-05 0.9995 9.996E-05
9.996E-05 9.996E-05 9.996E-05 9.996E-05 0.9995 9.996E-05
9.996E-05 9.996E-05 9.996E-05 9.996E-05 0.9995 9.996E-05
9.996E-05 9.996E-05 9.996E-05 9.996E-05 0.9995 9.996E-05
9.996E-05 9.996E-05 9.996E-05 9.996E-05 0.9995 9.996E-05
9.996E-05 9.996E-05 9.996E-05 9.996E-05 0.9995 9.996E-05
9.996E-05 9.996E-05 9.996E-05 9.996E-05 0.9995 9.996E-05
9.996E-05 9.996E-05 9.996E-05 9.996E-05 0.9995 9.996E-05
9.996E-05 9.996E-05 9.996E-05 9.996E-05 0.9995 9.996E-05
9.996E-05 9.996E-05 9.996E-05 9.996E-05 0.9995 9.996E-05
9.996E-05 9.996E-05 9.996E-05 9.996E-05 0.9995 9.996E-05
9.996E-05 9.996E-05 9.996E-05 9.996E-05 0.9995 9.996E-05
9.996E-05 9.996E-05 9.996E-05 9.996E-05 0.9995 9.996E-05
9.996E-05 9.996E-05 9.996E-05 9.996E-05 0.9995 9.996E-05
9.996E-05 9.996E-05 9.996E-05 9.996E-05 0.9995 9.996E-05
9.996E-05 9.996E-05 9.996E-05 9.996E-05 0.9995 9.996E-05
9.996E-05 9.996E-05 9.996E-05 9.996E-05 0.9995 9.996E-05
9.996E-05 9.996E-05 9.996E-05 9.996E-05 0.9995 9.996E-05
9.996E-05 9.996E-05 9.996E-05 9.996E-05 0.9995 9.996E-05
9.996E-05 9.996E-05 9.996E-05 9.996E-05 0.9995 9.996E-05
9.996E-05 9.996E-05 9.996E-05 9.996E-05 0.9995 9.996E-05
9.996E-05 9.996E-05 9.996E-05 9.996E-05 0.9995 9.996E-05
9.996E-05 9.996E-05 9.996E-05 9.996E-05 0.9995 9.996E-05
9.996E-05 9.996E-05 9.996E-05 9.996E-05 0.9995 9.996E-05
9.996E-05 9.996E-05 9.996E-05 9.996E-05 0.9995 9.996E-05
9.996E-05 9.996E-05 9.996E-05 9.996E-05 0.9995 9.996E-05
9.996E-05 9.996E-05 9.996E-05 9.996E-05 0.9995 9.996E-05
9.996E-05 9.996E-05 9.996E-05 9.996E-05 0.9995 9.996E-05
9.996E-05 9.996E-05 9.996E-05 9.996E-05 0.9995 9.996E-05
9.996E-05 9.996E-05 9.996E-05 9.996E-05 0.9995 9.996E-05
9.996E-05 9.996E-05 9.996E-05 9.996E-05 0.9995 9.996E-05
9.996E-05 9.996E-05 9.996E-05 9.996E-05 0.9995 9.996E-05
9.996E-05 9.996E-05 9.996E-05 9.996E-05 0.9995 9.996E-05
9.996E-05 9.996E-05 9.996E-05 9.996E-05 0.9995 9.996E-05
9.996E-05 9.996E-05 9.996E-05 9.996E-05 0.9995 9.996E-05
9.996E-05 9.996E-05 9.996E-05 9.996E-05 0.9995 9.996E-05
9.996E-05 9.996E-05 9.996E-05 9.996E-05 0.9995 9.996E-05
9.996E-05 9.996E-05 9.996E-05 9.996E-05 0.9995 9.996E-05
9.996E-05 9.996E-05 9.996E-05 9.996E-05 0.9995 9.996E-05
9.996E-05 0.9995 9.996E-05 9.996E-05 9.996E-05 9.996E-05
9.996E-05 0.9995 9.996E-05 9.996E-05 9.996E-05 9.996E-05
9.996E-05 0.9995 9.996E-05 9.996E-05 9.996E-05 9.996E-05
9.996E-05 0.9995 9.996E-05 9.996E-05 9.996E-05 9.996E-05
9.996E-05 0.9995 9.996E-05 9.996E-05 9.996E-05 9.996E-05
9.996E-05 0.9995 9.996E-05 9.996E-05 9.996E-05 9.996E-05
9.996E-05 0.9995 9.996E-05 9.996E-05 9.996E-05 9.996E-05
9.996E-05 0.9995 9.996E-05 9.996E-05 9.996E-05 9.996E-05
9.996E-05 0.9995 9.996E-05 9.996E-05 9.996E-05 9.996E-05
9.996E-05 0.9995 9.996E-05 9.996E-05 9.996E-05 9.996E-05
9.996E-05 0.9995 9.996E-05 9.996E-05 9.996E-05 9.996E-05
9.996E-05 0.9995 9.996E-05 9.996E-05 9.996E-05 9.996E-05
9.996E-05 0.9995 9.996E-05 9.996E-05 9.996E-05 9.996E-05
9.996E-05 0.9995 9.996E-05 9.996E-05 9.996E-05 9.996E-05
9.996E-05 0.9995 9.996E-05 9.996E-05 9.996E-05 9.996E-05
9.996E-05 0.9995 9.996E-05 9.996E-05 9.996E-05 9.996E-05
9.996E-05 0.9995 9.996E-05 9.996E-05 9.996E-05 9.996E-05
9.996E-05 0.9995 9.996E-05 9.996E-05 9.996E-05 9.996E-05
9.996E-05 0.9995 9.996E-05 9.996E-05 9.996E-05 9.996E-05
9.996E-05 0.9995 9.996E-05 9.996E-05 9.996E-05 9.996E-05
9.996E-05 0.9995 9.996E-05 9.996E-05 9.996E-05 9.996E-05
9.996E-05 0.9995 9.996E-05 9.996E-05 9.996E-05 9.996E-05
9.996E-05 0.9995 9.996E-05 9.996E-05 9.996E-05 9.996E-05
9.996E-05 0.9995 9.996E-05 9.996E-05 9.996E-05 9.996E-05
9.996E-05 0.9995 9.996E-05 9.996E-05 9.996E-05 9.996E-05
9.996E-05 0.9995 9.996E-05 9.996E-05 9.996E-05 9.996E-05
9.996E-05 0.9995 9.996E-05 9.996E-05 9.996E-05 9.996E-05
9.996E-05 0.9995 9.996E-05 9.996E-05 9.996E-05 9.996E-05
9.996E-05 0.9995 9.996E-05 9.996E-05 9.996E-05 9.996E-05
9.996E-05 0.9995 9.996E-05 9.996E-05 9.996E-05 9.996E-05
9.996E-05 0.9995 9.996E-05 9.996E-05 9.996E-05 9.996E-05
9.996E-05 0.9995 9.996E-05 9.996E-05 9.996E-05 9.996E-05
9.996E-05 0.9995 9.996E-05 9.996E-05 9.996E-05 9.996E-05
9.996E-05 0.9995 9.996E-05 9.996E-05 9.996E-05 9.996E-05
9.996E-05 0.9995 9.996E-05 9.996E-05 9.996E-05 9.996E-05
9.996E-05 0.9995 9.996E-05 9.996E-05 9.996E-05 9.996E-05
0.00148083 0.998119 9.99648E-05 9.99648E-05 9.99648E-05 9.99648E-05
9.996E-05 0.9995 9.996E-05 9.996E-05 9.996E-05 9.996E-05
9.996E-05 0.9995 9.996E-05 9.996E-05 9.996E-05 9.996E-05
9.996E-05 0.9995 9.996E-05 9.996E-05 9.996E-05 9.996E-05
9.996E-05 0.9995 9.996E-05 9.996E-05 9.996E-05 9.996E-05
9.996E-05 0.9995 9.996E-05 9.996E-05 9.996E-05 9.996E-05
9.996E-05 0.9995 9.996E-05 9.996E-05 9.996E-05 9.996E-05
9.99648E-05 0.617102 9.99648E-05 9.99648E-05 0.382499 9.99648E-05
9.996E-05 0.9995 9.996E-05 9.996E-05 9.996E-05 9.996E-05
9.996E-05 0.9995 9.996E-05 9.996E-05 9.996E-05 9.996E-05
9.996E-05 0.9995 9.996E-05 9.996E-05 9.996E-05 9.996E-05
9.996E-05 0.9995 9.996E-05 9.996E-05 9.996E-05 9.996E-05
9.996E-05 0.9995 9.996E-05 9.996E-05 9.996E-05 9.996E-05
9.996E-05 0.9995 9.996E-05 9.996E-05 9.996E-05 9.996E-05
0.00486989 0.672129 9.99736E-05 9.99736E-05 0.322702 9.99736E-05
9.996E-05 0.9995 9.996E-05 9.996E-05 9.996E-05 9.996E-05
9.99648E-05 0.711567 9.99648E-05 9.99648E-05 0.288033 9.99648E-05
9.99649E-05 0.623644 9.99649E-05 9.99649E-05 0.375956 9.99649E-05
9.99648E-05 0.783425 9.99648E-05 9.99648E-05 0.216175 9.99648E-05
9.99648E-05 0.711523 9.99648E-05 9.99648E-05 0.288078 9.99648E-05
9.99648E-05 0.718771 9.99648E-05 9.99648E-05 0.280829 9.99648E-05
9.99648E-05 0.701891 9.99648E-05 9.99648E-05 0.29771 9.99648E-05
9.99648E-05 0.709487 9.99648E-05 9.99648E-05 0.290113 9.99648E-05
9.99648E-05 0.715512 9.99648E-05 9.99648E-05 0.284088 9.99648E-05
9.99648E-05 0.712947 9.99648E-05 9.99648E-05 0.286653 9.99648E-05
9.99648E-05 0.722675 9.99648E-05 9.99648E-05 0.276925 9.99648E-05
9.99648E-05 0.705209 9.99648E-05 9.99648E-05 0.294391 9.99648E-05
9.99648E-05 0.66285 9.99648E-05 9.99648E-05 0.33675 9.99648E-05
9.99648E-05 0.66349 9.99648E-05 9.99648E-05 0.33611 9.99648E-05
9.99648E-05 0.711523 9.99648E-05 9.99648E-05 0.288078 9.99648E-05
9.99648E-05 0.724278 9.99648E-05 9.99648E-05 0.275322 9.99648E-05
0.465976 0.303805 9.99736E-05 9.99736E-05 0.229919 9.99736E-05
0.416826 0.344761 9.99736E-05 9.99736E-05 0.238113 9.99736E-05
0.159613 0.458316 9.99736E-05 9.99736E-05 0.381771 9.99736E-05
0.297006 0.252147 9.99736E-05 9.99736E-05 0.450547 9.99736E-05
0.506237 0.23284 9.99736E-05 9.99736E-05 0.260623 9.99736E-05
0.461473 0.301713 9.99736E-05 9.99736E-05 0.236514 9.99736E-05
0.417064 0.314698 9.99736E-05 9.99736E-05 0.267938 9.99736E-05
0.432649 0.310511 9.99736E-05 9.99736E-05 0.25654 9.99736E-05
0.509672 0.268746 9.99736E-05 9.99736E-05 0.221283 9.99736E-05
0.505406 0.210549 0.0437812 9.99824E-05 0.240064 9.99824E-05
0.450288 0.31386 9.99736E-05 9.99736E-05 0.235552 9.99736E-05
0.383132 0.476246 0.0174581 0.0235934 0.0460919 0.053478
0.154026 0.480016 9.99737E-05 9.99737E-05 0.365658 9.99737E-05
0.28756 0.312967 9.99736E-05 9.99736E-05 0.399173 9.99736E-05
0.149515 0.431189 9.99736E-05 9.99736E-05 0.418996 9.99736E-05
0.284327 0.465856 9.99736E-05 9.99736E-05 0.249517 9.99736E-05
0.225725 0.361612 9.99736E-05 9.99736E-05 0.412364 9.99736E-05
0.724596 0.244824 9.99736E-05 9.99736E-05 0.0302798 9.99736E-05
0.638491 0.152624 9.99736E-05 9.99736E-05 0.208585 9.99736E-05
0.573526 0.12318 0.0745605 9.99824E-05 0.228534 9.99824E-05
0.752497 0.160461 0.0757951 9.99824E-05 0.0110471 9.99824E-05
0.711963 0.105886 0.0178168 9.99824E-05 0.164134 9.99824E-05
0.69259 0.210935 0.0894604 9.99824E-05 0.0068146 9.99824E-05
0.815403 0.184197 9.99649E-05 9.99649E-05 9.99649E-05 9.99649E-05
0.915254 0.0662859 0.01816 9.99736E-05 9.99736E-05 9.99736E-05
0.749146 9.99736E-05 0.0851441 9.99736E-05 0.16541 9.99736E-05
0.640455 0.122657 9.99736E-05 9.99736E-05 0.236588 9.99736E-05
0.823064 9.99736E-05 0.0775752 9.99736E-05 0.0990608 9.99736E-05
0.882818 9.99737E-05 0.0763333 9.99737E-05 0.0405489 9.99737E-05
0.738926 9.99649E-05 9.99649E-05 9.99649E-05 0.260674 9.99649E-05
0.871074 9.99649E-05 9.99649E-05 9.99649E-05 0.128526 9.99649E-05
0.721432 0.130872 0.0265891 9.99912E-05 0.101479 0.0195273
0.740293 0.137265 0.122142 9.99737E-05 9.99737E-05 9.99737E-05
0.823102 0.0514843 9.99736E-05 9.99736E-05 0.125114 9.99736E-05
0.784032 9.99737E-05 0.0715489 9.99737E-05 0.144119 9.99737E-05
0.501174 0.194855 0.0987239 9.99824E-05 0.205048 9.99824E-05
0.859628 0.139972 9.99648E-05 9.99648E-05 9.99648E-05 9.99648E-05
0.786725 0.196154 9.99736E-05 9.99736E-05 0.0168211 9.99736E-05
0.943066 0.0565345 9.99648E-05 9.99648E-05 9.99648E-05 9.99648E-05
0.877537 0.122063 9.99648E-05 9.99648E-05 9.99648E-05 9.99648E-05
0.80404 0.0555219 9.99824E-05 9.99824E-05 0.00550443 0.134734
0.730892 0.145287 0.00306328 9.99824E-05 0.120558 9.99824E-05
0.830697 0.138 0.000221984 9.99824E-05 0.0308819 9.99824E-05
0.613435 0.220181 9.99736E-05 9.99736E-05 0.166084 9.99736E-05
0.6933 0.210303 9.99736E-05 9.99736E-05 0.0960971 9.99736E-05
0.820442 0.0369707 0.0144455 9.99824E-05 0.127942 9.99824E-05
0.902611 0.0343106 9.99736E-05 9.99736E-05 0.062779 9.99736E-05
0.739713 0.259887 9.99648E-05 9.99648E-05 9.99648E-05 9.99648E-05
0.716605 9.99736E-05 0.0198292 9.99736E-05 0.263266 9.99736E-05
0.691811 0.0378948 0.00395541 9.99912E-05 0.245598 0.0206415
0.867549 0.0482375 9.99736E-05 9.99736E-05 0.0839138 9.99736E-05
0.92054 0.010467 9.99736E-05 9.99736E-05 0.0686936 9.99736E-05
0.873178 0.126422 9.99648E-05 9.99648E-05 9.99648E-05 9.99648E-05
0.873103 0.0988026 9.99736E-05 9.99736E-05 0.0277941 9.99736E-05
0.854278 0.0530718 9.99736E-05 9.99736E-05 0.0923508 9.99736E-05
0.857641 0.141959 9.99649E-05 9.99649E-05 9.99649E-05 9.99649E-05
0.760599 0.21785 9.99736E-05 9.99736E-05 0.0212514 9.99736E-05
0.535925 0.249961 0.103017 9.99912E-05 0.0509522 0.060045
0.881111 0.0594466 0.0551631 9.99824E-05 9.99824E-05 0.00407915
0.863442 0.0846807 0.0364673 9.99824E-05 0.01521 9.99824E-05
0.813503 0.0365573 0.0883586 9.99824E-05 0.0613813 9.99824E-05
0.907004 0.0877061 0.00499026 9.99736E-05 9.99736E-05 9.99736E-05
0.790755 0.117039 9.99736E-05 9.99736E-05 0.0919057 9.99736E-05
0.974917 0.00948937 0.0152942 9.99736E-05 9.99736E-05 9.99736E-05
0.649583 0.177493 9.99737E-05 9.99737E-05 0.172624 9.99737E-05
0.673002 0.208165 0.000499867 9.99824E-05 0.118133 9.99824E-05
0.89215 0.10745 9.99648E-05 9.99648E-05 9.99648E-05 9.99648E-05
0.502915 0.271994 0.118684 9.99912E-05 0.0637124 0.0425944
0.448987 0.206895 0.100745 9.99912E-05 0.103722 0.139551
0.761302 0.217811 9.99736E-05 9.99736E-05 0.0205874 9.99736E-05
0.877716 0.121884 9.99648E-05 9.99648E-05 9.99648E-05 9.99648E-05
0.656966 0.132325 9.99736E-05 9.99736E-05 9.99736E-05 0.210408
0.808256 0.0414798 9.99736E-05 9.99736E-05 0.149964 9.99736E-05
0.894084 0.0789027 0.00189704 9.99824E-05 0.0249166 9.99824E-05
0.837357 0.137367 0.0249758 9.99736E-05 9.99736E-05 9.99736E-05
0.831783 0.126152 0.0417644 9.99736E-05 9.99736E-05 9.99736E-05
0.949587 0.0376928 0.0124199 9.99736E-05 9.99736E-05 9.99736E-05
0.777572 0.216175 9.99736E-05 9.99736E-05 0.0059529 9.99736E-05
