0.204477 0.112986 0.07688 9.99473E-05 0.11725 0.127303 0.273211 0.00902772 9.99473E-05 0.0782648 9.99473E-05 9.99473E-05 9.99473E-05 9.99473E-05
0.758647 0.125941 9.9921E-05 9.9921E-05 0.00509385 0.101367 0.00805252 9.9921E-05 9.9921E-05 9.9921E-05 9.9921E-05 9.9921E-05 9.9921E-05 9.9921E-05
0.226858 9.9921E-05 9.9921E-05 9.9921E-05 0.0310375 0.697238 9.9921E-05 9.9921E-05 9.9921E-05 9.9921E-05 9.9921E-05 0.000119131 9.9921E-05 0.0438473
0.275454 9.99473E-05 0.0730992 0.0596421 0.0913836 9.99473E-05 0.00920261 9.99473E-05 9.99473E-05 0.204215 9.99473E-05 9.99473E-05 0.123261 0.163142
0.655846 0.0270354 9.9921E-05 0.0263553 9.9921E-05 0.184759 9.9921E-05 9.9921E-05 9.9921E-05 9.9921E-05 9.9921E-05 9.9921E-05 0.105105 9.9921E-05
0.0754694 0.0964735 9.99386E-05 0.12238 9.99386E-05 0.199722 0.146294 9.99386E-05 9.99386E-05 9.99386E-05 9.99386E-05 9.99386E-05 0.184146 0.174816
0.322217 0.1112 0.108294 9.99473E-05 0.00249239 9.99473E-05 0.187496 9.99473E-05 9.99473E-05 0.191898 9.99473E-05 0.0720615 0.00374089 9.99473E-05
0.29395 9.99386E-05 9.99386E-05 0.124778 9.99386E-05 9.99386E-05 0.201145 9.99386E-05 9.99386E-05 9.99386E-05 0.00596894 0.0948223 0.230346 0.0482908
9.99298E-05 9.99298E-05 9.99298E-05 0.236215 0.244947 0.310048 9.99298E-05 9.99298E-05 9.99298E-05 0.128954 9.99298E-05 9.99298E-05 0.039601 0.0394354
9.98946E-05 9.98946E-05 9.98946E-05 9.98946E-05 0.0408577 0.957944 9.98946E-05 9.98946E-05 9.98946E-05 9.98946E-05 9.98946E-05 9.98946E-05 9.98946E-05 9.98946E-05
0.0304529 9.99298E-05 0.142948 0.0241304 0.11857 0.559755 0.123345 9.99298E-05 9.99298E-05 9.99298E-05 9.99298E-05 9.99298E-05 9.99298E-05 9.99298E-05
0.0531463 9.99211E-05 9.99211E-05 9.99211E-05 0.0760276 0.713643 9.99211E-05 9.99211E-05 9.99211E-05 9.99211E-05 9.99211E-05 0.071919 0.0843648 9.99211E-05
0.118305 9.99298E-05 0.00076262 9.99298E-05 0.0703315 0.751346 0.0220819 9.99298E-05 9.99298E-05 9.99298E-05 9.99298E-05 9.99298E-05 0.0363733 9.99298E-05
0.918907 9.99122E-05 0.0021862 9.99122E-05 0.0414249 9.99122E-05 9.99122E-05 9.99122E-05 9.99122E-05 9.99122E-05 9.99122E-05 9.99122E-05 9.99122E-05 0.0364824
9.9921E-05 9.9921E-05 9.9921E-05 0.150855 0.140156 0.470357 0.0782342 9.9921E-05 9.9921E-05 9.9921E-05 9.9921E-05 9.9921E-05 9.9921E-05 0.159498
0.301585 9.99473E-05 0.0533954 0.271328 0.0501318 9.99473E-05 0.0741897 9.99473E-05 9.99473E-05 9.99473E-05 9.99473E-05 0.120748 0.0679345 0.0600876
0.259287 9.99298E-05 0.0772309 9.99298E-05 0.0504842 0.369769 9.99298E-05 9.99298E-05 0.062809 0.17962 9.99298E-05 9.99298E-05 9.99298E-05 9.99298E-05
0.24662 9.99385E-05 9.99385E-05 0.0367538 0.129322 9.99385E-05 0.314331 0.0869325 9.99385E-05 9.99385E-05 0.149268 9.99385E-05 0.0360724 9.99385E-05
9.99473E-05 9.99473E-05 0.0271117 0.156968 0.185822 0.40855 0.153295 0.00685645 9.99473E-05 9.99473E-05 0.0533394 9.99473E-05 0.00745757 9.99473E-05
9.99035E-05 9.99035E-05 9.99035E-05 0.000739697 9.99035E-05 0.93585 9.99035E-05 0.0623117 9.99035E-05 9.99035E-05 9.99035E-05 9.99035E-05 9.99035E-05 9.99035E-05
0.480096 9.99561E-05 0.0712319 0.0992303 0.0331322 0.0338369 9.99561E-05 0.0676268 9.99561E-05 0.0526296 9.99561E-05 9.99561E-05 0.0845122 0.0772044
9.99386E-05 9.99386E-05 9.99386E-05 0.151594 9.99386E-05 0.285931 0.285543 9.99386E-05 9.99386E-05 0.0275707 0.013523 9.99386E-05 0.158139 0.0770003
0.607991 0.0123615 0.0338628 9.99386E-05 0.135431 0.0860894 0.0842237 9.99386E-05 9.99386E-05 9.99386E-05 9.99386E-05 9.99386E-05 9.99386E-05 0.0393415
0.32842 9.99298E-05 9.99298E-05 9.99298E-05 0.229602 0.0628199 0.282871 9.99298E-05 9.99298E-05 0.0897334 9.99298E-05 0.00575387 9.99298E-05 9.99298E-05
0.221912 9.99473E-05 0.0218322 0.0513998 0.249889 0.108892 9.99473E-05 0.0688815 9.99473E-05 0.0786293 9.99473E-05 9.99473E-05 9.99473E-05 0.197965
0.265093 9.99298E-05 9.99298E-05 9.99298E-05 0.0912985 0.486162 0.00817673 9.99298E-05 9.99298E-05 9.99298E-05 9.99298E-05 9.99298E-05 0.0246072 0.123862
9.99384E-05 9.99384E-05 9.99384E-05 9.99384E-05 0.037819 0.0287269 0.345272 0.0144716 9.99384E-05 9.99384E-05 0.0699009 0.0815709 9.99384E-05 0.421539
9.99298E-05 9.99298E-05 0.0226137 9.99298E-05 0.0741029 0.828837 9.99298E-05 9.99298E-05 9.99298E-05 0.055197 9.99298E-05 0.00715874 9.99298E-05 0.0112913
0.0437071 9.99298E-05 9.99298E-05 9.99298E-05 0.0136094 0.558129 0.0806688 0.109291 9.99298E-05 9.99298E-05 9.99298E-05 9.99298E-05 9.99298E-05 0.193795
0.389492 9.99298E-05 9.99298E-05 0.0461778 0.084305 0.406806 9.99298E-05 9.99298E-05 0.0618406 9.99298E-05 9.99298E-05 9.99298E-05 9.99298E-05 0.0105794
9.99297E-05 9.99297E-05 0.114371 0.0107546 0.000370675 0.860129 0.0119851 0.00158972 9.99297E-05 9.99297E-05 9.99297E-05 9.99297E-05 9.99297E-05 9.99297E-05
0.285879 9.99474E-05 0.0548924 9.99474E-05 0.0367286 0.267751 0.102471 9.99474E-05 9.99474E-05 0.00205982 9.99474E-05 9.99474E-05 0.0342047 0.215413
0.545372 9.99209E-05 0.0891239 9.99209E-05 0.156185 9.99209E-05 0.159481 9.99209E-05 9.99209E-05 9.99209E-05 9.99209E-05 9.99209E-05 9.99209E-05 0.0489397
0.474161 9.99385E-05 0.0229507 9.99385E-05 0.157893 0.021599 9.99385E-05 9.99385E-05 9.99385E-05 0.0152046 0.0411711 9.99385E-05 9.99385E-05 0.266322
9.99123E-05 0.0794987 0.0410935 9.99123E-05 9.99123E-05 0.835722 9.99123E-05 0.0426867 9.99123E-05 9.99123E-05 9.99123E-05 9.99123E-05 9.99123E-05 9.99123E-05
9.99123E-05 9.99123E-05 9.99123E-05 9.99123E-05 0.104289 0.706213 9.99123E-05 9.99123E-05 9.99123E-05 0.159069 0.0294306 9.99123E-05 9.99123E-05 9.99123E-05
0.153757 0.0246854 9.99123E-05 9.99123E-05 9.99123E-05 0.759145 9.99123E-05 9.99123E-05 9.99123E-05 9.99123E-05 9.99123E-05 0.0614126 9.99123E-05 9.99123E-05
0.747077 0.0578565 9.9921E-05 0.11818 0.0483761 9.9921E-05 9.9921E-05 0.0276117 9.9921E-05 9.9921E-05 9.9921E-05 9.9921E-05 9.9921E-05 9.9921E-05
9.99298E-05 9.99298E-05 0.0195478 0.0321527 0.177596 0.60205 9.99298E-05 9.99298E-05 0.06731 9.99298E-05 9.99298E-05 9.99298E-05 0.100544 9.99298E-05
0.600901 9.9921E-05 0.00023187 9.9921E-05 0.117911 9.9921E-05 9.9921E-05 9.9921E-05 9.9921E-05 9.9921E-05 9.9921E-05 0.110196 9.9921E-05 0.169861
9.99122E-05 9.99122E-05 0.0523179 9.99122E-05 0.0317797 0.896229 9.99122E-05 9.99122E-05 9.99122E-05 9.99122E-05 9.99122E-05 9.99122E-05 0.018674 9.99122E-05
9.99211E-05 9.99211E-05 9.99211E-05 0.0435592 0.0666262 0.677666 0.204731 9.99211E-05 9.99211E-05 0.00651835 9.99211E-05 9.99211E-05 9.99211E-05 9.99211E-05
0.713202 0.0307841 9.99122E-05 9.99122E-05 9.99122E-05 0.240274 9.99122E-05 9.99122E-05 0.0147402 9.99122E-05 9.99122E-05 9.99122E-05 9.99122E-05 9.99122E-05
9.99385E-05 9.99385E-05 0.0422559 0.117022 0.168989 0.425007 0.194443 9.99385E-05 9.99385E-05 0.048182 0.00340138 9.99385E-05 9.99385E-05 9.99385E-05
0.185615 9.99298E-05 9.99298E-05 9.99298E-05 0.249552 0.079894 0.163512 9.99298E-05 9.99298E-05 0.21496 9.99298E-05 9.99298E-05 0.105668 9.99298E-05
9.99121E-05 9.99121E-05 9.99121E-05 9.99121E-05 0.0245695 0.876551 9.99121E-05 0.0491394 9.99121E-05 9.99121E-05 9.99121E-05 9.99121E-05 0.0487412 9.99121E-05
0.857625 9.99122E-05 9.99122E-05 0.0135134 0.063783 0.0640792 9.99122E-05 9.99122E-05 9.99122E-05 9.99122E-05 9.99122E-05 9.99122E-05 9.99122E-05 9.99122E-05
0.548421 9.9921E-05 9.9921E-05 9.9921E-05 0.0184418 0.359944 9.9921E-05 0.0101222 9.9921E-05 9.9921E-05 9.9921E-05 0.0621717 9.9921E-05 9.9921E-05
0.299051 9.99209E-05 0.037268 9.99209E-05 0.12152 0.399752 0.141509 9.99209E-05 9.99209E-05 9.99209E-05 9.99209E-05 9.99209E-05 9.99209E-05 9.99209E-05
0.841196 9.99299E-05 9.99299E-05 0.00418187 9.99299E-05 9.99299E-05 9.99299E-05 0.0690072 9.99299E-05 9.99299E-05 0.0402297 0.0254509 0.0191351 9.99299E-05
0.269361 9.99473E-05 0.119969 0.049797 0.223969 0.091161 0.0223821 9.99473E-05 9.99473E-05 0.0601519 9.99473E-05 9.99473E-05 9.99473E-05 0.162609
0.732576 9.99298E-05 9.99298E-05 0.0634886 9.99298E-05 9.99298E-05 9.99298E-05 0.0556014 9.99298E-05 0.0469128 9.99298E-05 9.99298E-05 0.0516926 0.0489287
9.98947E-05 9.98947E-05 9.98947E-05 9.98947E-05 9.98947E-05 0.964739 9.98947E-05 9.98947E-05 9.98947E-05 9.98947E-05 0.0340626 9.98947E-05 9.98947E-05 9.98947E-05
0.905472 9.98946E-05 9.98946E-05 9.98946E-05 9.98946E-05 9.98946E-05 9.98946E-05 9.98946E-05 9.98946E-05 9.98946E-05 9.98946E-05 0.0933291 9.98946E-05 9.98946E-05
9.99123E-05 9.99123E-05 9.99123E-05 9.99123E-05 0.0463949 0.812998 9.99123E-05 9.99123E-05 9.99123E-05 0.0515408 9.99123E-05 9.99123E-05 0.0880667 9.99123E-05
9.99036E-05 9.99036E-05 9.99036E-05 9.99036E-05 9.99036E-05 0.726118 9.99036E-05 9.99036E-05 9.99036E-05 9.99036E-05 9.99036E-05 9.99036E-05 0.095984 0.176799
9.99297E-05 0.0498559 9.99297E-05 9.99297E-05 0.00558466 0.803782 9.99297E-05 9.99297E-05 9.99297E-05 9.99297E-05 0.0789029 0.0114527 0.0496229 9.99297E-05
0.342181 9.99211E-05 9.99211E-05 9.99211E-05 0.0764694 0.471551 9.99211E-05 9.99211E-05 9.99211E-05 0.0796158 0.0292835 9.99211E-05 9.99211E-05 9.99211E-05
0.942931 0.0140387 9.99122E-05 0.00824954 0.0337817 9.99122E-05 9.99122E-05 9.99122E-05 9.99122E-05 9.99122E-05 9.99122E-05 9.99122E-05 9.99122E-05 9.99122E-05
9.9921E-05 0.0874635 9.9921E-05 0.0377666 0.290624 9.9921E-05 0.576661 9.9921E-05 9.9921E-05 9.9921E-05 0.00658614 9.9921E-05 9.9921E-05 9.9921E-05
9.99212E-05 0.0665366 9.99212E-05 9.99212E-05 9.99212E-05 0.147099 0.738114 0.00303616 9.99212E-05 9.99212E-05 9.99212E-05 0.0443149 9.99212E-05 9.99212E-05
0.164451 0.104383 0.0318646 9.99298E-05 9.99298E-05 9.99298E-05 0.443317 9.99298E-05 0.162621 9.99298E-05 0.0925638 9.99298E-05 9.99298E-05 9.99298E-05
9.99386E-05 0.251678 0.097866 0.13039 0.136167 9.99386E-05 0.136375 9.99386E-05 9.99386E-05 9.99386E-05 0.0527958 9.99386E-05 9.99386E-05 0.194028
9.9921E-05 9.9921E-05 9.9921E-05 0.0625078 0.164984 9.9921E-05 0.605354 0.126055 9.9921E-05 9.9921E-05 0.0401997 9.9921E-05 9.9921E-05 9.9921E-05
9.99209E-05 9.99209E-05 9.99209E-05 0.00992391 0.218444 9.99209E-05 0.694016 9.99209E-05 9.99209E-05 9.99209E-05 0.0223292 9.99209E-05 9.99209E-05 0.0543885
9.99122E-05 0.417465 0.0580429 9.99122E-05 0.198198 9.99122E-05 0.325294 9.99122E-05 9.99122E-05 9.99122E-05 9.99122E-05 9.99122E-05 9.99122E-05 9.99122E-05
9.99297E-05 0.198138 9.99297E-05 0.055115 0.119581 9.99297E-05 0.376432 9.99297E-05 9.99297E-05 9.99297E-05 0.15355 9.99297E-05 9.99297E-05 0.0963847
9.9921E-05 0.183269 9.9921E-05 9.9921E-05 0.0339488 9.9921E-05 0.668427 9.9921E-05 0.107144 9.9921E-05 0.00631098 9.9921E-05 9.9921E-05 9.9921E-05
9.99298E-05 0.0496748 0.0595905 9.99298E-05 0.104661 0.187521 0.587447 9.99298E-05 9.99298E-05 9.99298E-05 9.99298E-05 9.99298E-05 9.99298E-05 0.0103063
9.99209E-05 9.99209E-05 0.167659 0.0724689 0.364536 9.99209E-05 0.386555 9.99209E-05 9.99209E-05 9.99209E-05 0.0078826 9.99209E-05 9.99209E-05 9.99209E-05
9.99385E-05 0.132219 0.0876687 9.99385E-05 0.119363 9.99385E-05 0.498362 9.99385E-05 9.99385E-05 9.99385E-05 0.0182595 0.14134 0.00208794 9.99385E-05
9.99473E-05 0.0497904 0.102955 0.159931 0.0577313 9.99473E-05 0.375489 9.99473E-05 9.99473E-05 9.99473E-05 0.027959 9.99473E-05 0.121109 0.104436
9.99122E-05 0.124136 9.99122E-05 9.99122E-05 0.185039 9.99122E-05 0.624163 9.99122E-05 9.99122E-05 9.99122E-05 9.99122E-05 0.0656636 9.99122E-05 9.99122E-05
0.0624795 0.0948448 0.00607856 9.99474E-05 0.00790466 9.99474E-05 0.615099 9.99474E-05 0.0325195 9.99474E-05 9.99474E-05 0.000976014 9.99474E-05 0.179498
9.99474E-05 0.0926498 0.0173287 0.00575246 0.0651589 0.104381 0.599848 9.99474E-05 0.0617264 9.99474E-05 0.0525549 9.99474E-05 9.99474E-05 9.99474E-05
9.99385E-05 9.99385E-05 9.99385E-05 9.99385E-05 0.146282 9.99385E-05 0.524515 9.99385E-05 9.99385E-05 0.0164059 0.0830924 0.0298368 0.0422659 0.156903
9.99121E-05 9.99121E-05 0.0868517 0.0840685 9.99121E-05 9.99121E-05 0.7449 9.99121E-05 9.99121E-05 9.99121E-05 0.0831807 9.99121E-05 9.99121E-05 9.99121E-05
0.145236 9.99298E-05 0.00459851 9.99298E-05 0.18009 9.99298E-05 0.542217 9.99298E-05 9.99298E-05 9.99298E-05 0.108115 9.99298E-05 9.99298E-05 0.018944
9.99473E-05 0.0356504 0.0352647 9.99473E-05 0.306805 9.99473E-05 0.463105 0.0207376 9.99473E-05 9.99473E-05 0.0369558 0.0865148 9.99473E-05 0.0143676
0.127036 9.99124E-05 9.99124E-05 9.99124E-05 0.0503046 9.99124E-05 0.618857 9.99124E-05 0.202803 9.99124E-05 9.99124E-05 9.99124E-05 9.99124E-05 9.99124E-05
9.99209E-05 0.122464 9.99209E-05 9.99209E-05 0.104934 9.99209E-05 0.666327 9.99209E-05 9.99209E-05 9.99209E-05 0.0522518 9.99209E-05 9.99209E-05 0.0531233
9.99298E-05 0.0968 9.99298E-05 9.99298E-05 0.0424644 0.105379 0.489948 9.99298E-05 9.99298E-05 9.99298E-05 0.0346788 9.99298E-05 9.99298E-05 0.22993
0.080763 9.99561E-05 0.0435818 0.0166559 0.11654 9.99561E-05 0.499699 9.99561E-05 9.99561E-05 0.0279242 0.114389 9.99561E-05 0.0353866 0.0645602
9.99297E-05 9.99297E-05 0.11072 0.0294136 0.13032 0.0459161 0.642368 9.99297E-05 9.99297E-05 9.99297E-05 9.99297E-05 9.99297E-05 9.99297E-05 0.0404633
9.99299E-05 0.0927722 9.99299E-05 0.0215621 0.103997 0.177991 0.494429 9.99299E-05 0.108449 9.99299E-05 9.99299E-05 9.99299E-05 9.99299E-05 9.99299E-05
0.101896 9.99035E-05 9.99035E-05 9.99035E-05 9.99035E-05 9.99035E-05 0.781055 9.99035E-05 0.11595 9.99035E-05 9.99035E-05 9.99035E-05 9.99035E-05 9.99035E-05
9.99299E-05 0.125733 9.99299E-05 9.99299E-05 0.176163 0.0350005 0.602276 9.99299E-05 0.027323 0.0327048 9.99299E-05 9.99299E-05 9.99299E-05 9.99299E-05
9.99211E-05 9.99211E-05 9.99211E-05 0.0471664 0.057861 0.159575 0.503793 9.99211E-05 9.99211E-05 9.99211E-05 0.230705 9.99211E-05 9.99211E-05 9.99211E-05
0.140998 0.0205527 9.99298E-05 0.101878 0.20054 9.99298E-05 0.262568 9.99298E-05 0.272665 9.99298E-05 9.99298E-05 9.99298E-05 9.99298E-05 9.99298E-05
9.99034E-05 9.99034E-05 9.99034E-05 0.0928157 0.0868461 9.99034E-05 9.99034E-05 9.99034E-05 9.99034E-05 9.99034E-05 9.99034E-05 9.99034E-05 9.99034E-05 0.819239
0.0355972 9.9921E-05 9.9921E-05 0.0588564 0.00618776 9.9921E-05 9.9921E-05 9.9921E-05 0.375921 9.9921E-05 9.9921E-05 9.9921E-05 9.9921E-05 0.522539
9.98946E-05 9.98946E-05 9.98946E-05 9.98946E-05 0.0881379 9.98946E-05 9.98946E-05 9.98946E-05 9.98946E-05 9.98946E-05 9.98946E-05 9.98946E-05 9.98946E-05 0.910663
9.99101E-05 9.99101E-05 0.0240531 0.0159061 0.184005 9.99101E-05 9.99101E-05 9.99101E-05 9.99101E-05 9.99101E-05 0.0104213 9.99101E-05 9.99101E-05 0.764715
9.99209E-05 9.99209E-05 9.99209E-05 0.0556508 0.0389981 9.99209E-05 9.99209E-05 0.0215219 9.99209E-05 9.99209E-05 0.0353484 9.99209E-05 9.99209E-05 0.847581
9.99123E-05 0.0260318 9.99123E-05 0.135735 0.219738 9.99123E-05 9.99123E-05 9.99123E-05 9.99123E-05 9.99123E-05 9.99123E-05 9.99123E-05 9.99123E-05 0.617496
9.9921E-05 9.9921E-05 0.0117446 0.0934613 0.0866032 9.9921E-05 9.9921E-05 9.9921E-05 9.9921E-05 9.9921E-05 0.00716026 9.9921E-05 9.9921E-05 0.800131
9.98946E-05 9.98946E-05 9.98946E-05 0.220326 9.98946E-05 9.98946E-05 9.98946E-05 9.98946E-05 9.98946E-05 9.98946E-05 9.98946E-05 9.98946E-05 9.98946E-05 0.778475
9.99297E-05 0.117116 0.0262896 0.330549 0.05739 9.99297E-05 0.0476698 9.99297E-05 9.99297E-05 9.99297E-05 9.99297E-05 9.99297E-05 9.99297E-05 0.420186
9.99122E-05 9.99122E-05 9.99122E-05 0.166516 0.282987 9.99122E-05 9.99122E-05 9.99122E-05 9.99122E-05 9.99122E-05 0.0320504 9.99122E-05 9.99122E-05 0.517447
9.99123E-05 0.273356 9.99123E-05 0.00655997 9.99123E-05 9.99123E-05 9.99123E-05 9.99123E-05 0.161486 9.99123E-05 9.99123E-05 9.99123E-05 9.99123E-05 0.557598
9.99298E-05 0.0375259 0.0795921 9.99298E-05 0.0535603 9.99298E-05 9.99298E-05 9.99298E-05 0.0380111 9.99298E-05 0.0154807 9.99298E-05 9.99298E-05 0.77503
9.98948E-05 9.98948E-05 9.98948E-05 0.140174 9.98948E-05 9.98948E-05 9.98948E-05 9.98948E-05 9.98948E-05 9.98948E-05 9.98948E-05 9.98948E-05 9.98948E-05 0.858627
9.99123E-05 9.99123E-05 9.99123E-05 0.0653445 0.168475 9.99123E-05 9.99123E-05 9.99123E-05 0.0366492 9.99123E-05 9.99123E-05 9.99123E-05 9.99123E-05 0.728532
9.99211E-05 9.99211E-05 9.99211E-05 0.0561295 9.99211E-05 9.99211E-05 9.99211E-05 0.0555059 0.0215654 9.99211E-05 0.141732 9.99211E-05 9.99211E-05 0.724168
9.99123E-05 0.120298 9.99123E-05 0.0262727 0.159614 9.99123E-05 9.99123E-05 9.99123E-05 9.99123E-05 9.99123E-05 9.99123E-05 9.99123E-05 9.99123E-05 0.692816
9.99122E-05 0.184784 9.99122E-05 0.0358943 0.0495895 9.99122E-05 9.99122E-05 9.99122E-05 9.99122E-05 9.99122E-05 9.99122E-05 9.99122E-05 9.99122E-05 0.728734
0.0288375 9.99123E-05 9.99123E-05 0.132288 9.99123E-05 9.99123E-05 9.99123E-05 9.99123E-05 9.99123E-05 9.99123E-05 9.99123E-05 0.0419497 9.99123E-05 0.795926
9.99036E-05 0.00886345 0.0201774 9.99036E-05 9.99036E-05 9.99036E-05 9.99036E-05 9.99036E-05 9.99036E-05 9.99036E-05 9.99036E-05 9.99036E-05 9.99036E-05 0.96986
9.99298E-05 9.99298E-05 0.0117921 0.0578064 0.123784 9.99298E-05 9.99298E-05 0.0920006 0.17082 9.99298E-05 9.99298E-05 9.99298E-05 9.99298E-05 0.542998
9.99123E-05 0.130616 9.99123E-05 0.0179966 0.0781067 9.99123E-05 9.99123E-05 9.99123E-05 9.99123E-05 9.99123E-05 9.99123E-05 9.99123E-05 9.99123E-05 0.772282
9.99034E-05 9.99034E-05 9.99034E-05 0.0313914 9.99034E-05 9.99034E-05 9.99034E-05 9.99034E-05 9.99034E-05 9.99034E-05 0.0155299 9.99034E-05 9.99034E-05 0.95198
9.99297E-05 0.0554344 9.99297E-05 0.223484 0.204743 9.99297E-05 9.99297E-05 0.0105284 9.99297E-05 9.99297E-05 9.99297E-05 9.99297E-05 0.0755578 0.429453
9.99035E-05 9.99035E-05 9.99035E-05 0.168372 9.99035E-05 9.99035E-05 9.99035E-05 9.99035E-05 0.0925478 9.99035E-05 9.99035E-05 9.99035E-05 9.99035E-05 0.737981
9.99297E-05 0.0875879 0.0202984 0.218125 0.25703 9.99297E-05 9.99297E-05 0.0755942 9.99297E-05 9.99297E-05 9.99297E-05 9.99297E-05 9.99297E-05 0.340565
9.99211E-05 0.0790635 9.99211E-05 0.131573 0.146019 9.99211E-05 9.99211E-05 9.99211E-05 0.186457 9.99211E-05 9.99211E-05 9.99211E-05 9.99211E-05 0.455988
9.99122E-05 9.99122E-05 9.99122E-05 9.99122E-05 0.0430161 9.99122E-05 9.99122E-05 0.163323 0.495694 9.99122E-05 9.99122E-05 9.99122E-05 9.99122E-05 0.296968
9.99033E-05 9.99033E-05 9.99033E-05 0.179185 0.122996 9.99033E-05 9.99033E-05 9.99033E-05 9.99033E-05 9.99033E-05 9.99033E-05 9.99033E-05 9.99033E-05 0.69672
9.99123E-05 0.0547446 9.99123E-05 0.291116 0.200848 9.99123E-05 9.99123E-05 9.99123E-05 9.99123E-05 9.99123E-05 9.99123E-05 9.99123E-05 9.99123E-05 0.452293
9.99211E-05 9.99211E-05 9.99211E-05 0.00469324 0.0972138 9.99211E-05 9.99211E-05 0.08969 0.0467536 9.99211E-05 9.99211E-05 9.99211E-05 9.99211E-05 0.76075
9.99298E-05 0.0132398 0.0276537 0.0423234 0.163019 9.99298E-05 9.99298E-05 9.99298E-05 9.99298E-05 9.99298E-05 9.99298E-05 0.0601513 9.99298E-05 0.692813
9.98859E-05 9.98859E-05 9.98859E-05 9.98859E-05 9.98859E-05 9.98859E-05 9.98859E-05 9.98859E-05 9.98859E-05 9.98859E-05 9.98859E-05 9.98859E-05 9.98859E-05 0.998701
9.99121E-05 9.99121E-05 9.99121E-05 0.245351 0.161189 9.99121E-05 9.99121E-05 0.174975 9.99121E-05 9.99121E-05 9.99121E-05 9.99121E-05 9.99121E-05 0.417487
9.99034E-05 9.99034E-05 9.99034E-05 0.0369127 0.0628927 9.99034E-05 9.99034E-05 9.99034E-05 9.99034E-05 9.99034E-05 9.99034E-05 9.99034E-05 9.99034E-05 0.899096
9.99035E-05 9.99035E-05 9.99035E-05 0.00631016 0.0155322 9.99035E-05 9.99035E-05 9.99035E-05 9.99035E-05 9.99035E-05 9.99035E-05 9.99035E-05 9.99035E-05 0.977059
9.99297E-05 0.0267539 0.0239913 0.0664077 9.99297E-05 9.99297E-05 9.99297E-05 9.99297E-05 0.0504034 0.000164954 9.99297E-05 9.99297E-05 9.99297E-05 0.831479
9.99121E-05 9.99121E-05 9.99121E-05 0.0823521 0.278292 9.99121E-05 9.99121E-05 9.99121E-05 9.99121E-05 9.99121E-05 0.0574255 9.99121E-05 9.99121E-05 0.580932
9.99297E-05 9.99297E-05 0.0153705 0.0681769 9.99297E-05 9.99297E-05 9.99297E-05 0.0535643 0.444757 9.99297E-05 9.99297E-05 9.99297E-05 0.0398765 0.377456
9.99123E-05 9.99123E-05 9.99123E-05 9.99123E-05 0.0687803 9.99123E-05 9.99123E-05 0.00266848 0.192577 9.99123E-05 9.99123E-05 9.99123E-05 9.99123E-05 0.734975
9.99036E-05 9.99036E-05 9.99036E-05 0.00411192 9.99036E-05 9.99036E-05 9.99036E-05 9.99036E-05 0.179889 9.99036E-05 9.99036E-05 9.99036E-05 9.99036E-05 0.8149
9.99298E-05 0.0212605 9.99298E-05 0.0555157 9.99298E-05 9.99298E-05 9.99298E-05 0.0458216 0.310428 9.99298E-05 0.00141522 9.99298E-05 9.99298E-05 0.564759
9.99121E-05 0.119325 9.99121E-05 0.0272079 0.282219 9.99121E-05 9.99121E-05 9.99121E-05 9.99121E-05 9.99121E-05 9.99121E-05 9.99121E-05 9.99121E-05 0.570248
9.99034E-05 9.99034E-05 9.99034E-05 0.104772 9.99034E-05 9.99034E-05 9.99034E-05 9.99034E-05 9.99034E-05 9.99034E-05 9.99034E-05 9.99034E-05 0.0596118 0.834518
9.9921E-05 9.9921E-05 9.9921E-05 0.12413 0.0545218 9.9921E-05 9.9921E-05 0.0999471 0.535407 9.9921E-05 9.9921E-05 9.9921E-05 9.9921E-05 0.185095
9.99122E-05 9.99122E-05 9.99122E-05 9.99122E-05 0.0607038 0.00974048 9.99122E-05 9.99122E-05 0.390225 9.99122E-05 9.99122E-05 9.99122E-05 9.99122E-05 0.538332
9.99297E-05 0.176244 9.99297E-05 0.206925 0.00921349 9.99297E-05 0.0382045 0.0284697 9.99297E-05 9.99297E-05 9.99297E-05 9.99297E-05 9.99297E-05 0.540144
9.99386E-05 9.99386E-05 0.009322 0.0570812 0.127573 9.99386E-05 0.0393157 9.99386E-05 0.0359201 9.99386E-05 0.00343941 9.99386E-05 9.99386E-05 0.726649
9.99299E-05 0.0868627 9.99299E-05 0.091673 0.0771147 9.99299E-05 9.99299E-05 9.99299E-05 9.99299E-05 0.0443835 9.99299E-05 0.0619732 9.99299E-05 0.637193
9.99298E-05 9.99298E-05 0.0289306 0.219295 0.233329 9.99298E-05 0.0432054 0.035899 9.99298E-05 9.99298E-05 9.99298E-05 9.99298E-05 9.99298E-05 0.438542
9.99035E-05 9.99035E-05 9.99035E-05 9.99035E-05 0.0262524 9.99035E-05 9.99035E-05 9.99035E-05 0.274066 9.99035E-05 9.99035E-05 9.99035E-05 9.99035E-05 0.698582
9.99121E-05 9.99121E-05 9.99121E-05 9.99121E-05 0.0875854 9.99121E-05 9.99121E-05 9.99121E-05 9.99121E-05 0.165829 9.99121E-05 0.0199256 9.99121E-05 0.725661
9.99123E-05 9.99123E-05 9.99123E-05 0.113015 0.0340967 9.99123E-05 9.99123E-05 9.99123E-05 0.497061 9.99123E-05 9.99123E-05 9.99123E-05 9.99123E-05 0.354829
9.99211E-05 9.99211E-05 0.136928 0.0583592 0.0962796 9.99211E-05 9.99211E-05 9.99211E-05 0.0681604 9.99211E-05 9.99211E-05 9.99211E-05 9.99211E-05 0.639374
9.99035E-05 9.99035E-05 9.99035E-05 0.038806 9.99035E-05 9.99035E-05 9.99035E-05 9.99035E-05 9.99035E-05 9.99035E-05 9.99035E-05 0.00333725 9.99035E-05 0.956758
9.99034E-05 9.99034E-05 0.0117656 9.99034E-05 9.99034E-05 9.99034E-05 9.99034E-05 9.99034E-05 9.99034E-05 9.99034E-05 0.0121592 9.99034E-05 9.99034E-05 0.974976
9.99121E-05 0.1319 9.99121E-05 0.224894 0.105658 9.99121E-05 9.99121E-05 9.99121E-05 9.99121E-05 9.99121E-05 9.99121E-05 9.99121E-05 9.99121E-05 0.536549
9.99034E-05 9.99034E-05 9.99034E-05 0.153275 0.0740059 9.99034E-05 9.99034E-05 9.99034E-05 9.99034E-05 9.99034E-05 9.99034E-05 9.99034E-05 9.99034E-05 0.77162
9.99034E-05 9.99034E-05 0.009647 0.0264008 9.99034E-05 9.99034E-05 9.99034E-05 9.99034E-05 9.99034E-05 9.99034E-05 9.99034E-05 9.99034E-05 9.99034E-05 0.962853
9.99123E-05 9.99123E-05 9.99123E-05 9.99123E-05 0.0448863 9.99123E-05 9.99123E-05 0.0844471 0.00969214 9.99123E-05 9.99123E-05 9.99123E-05 9.99123E-05 0.859975
9.99211E-05 0.0268882 9.99211E-05 0.22568 0.000696789 9.99211E-05 9.99211E-05 9.99211E-05 0.0971179 9.99211E-05 9.99211E-05 9.99211E-05 9.99211E-05 0.648718
9.98857E-05 9.98857E-05 9.98857E-05 9.98857E-05 0.998701 9.98857E-05 9.98857E-05 9.98857E-05 9.98857E-05 9.98857E-05 9.98857E-05 9.98857E-05 9.98857E-05 9.98857E-05
9.98856E-05 9.98856E-05 9.98856E-05 0.998701 9.98856E-05 9.98856E-05 9.98856E-05 9.98856E-05 9.98856E-05 9.98856E-05 9.98856E-05 9.98856E-05 9.98856E-05 9.98856E-05
9.98856E-05 9.98856E-05 9.98856E-05 9.98856E-05 0.998701 9.98856E-05 9.98856E-05 9.98856E-05 9.98856E-05 9.98856E-05 9.98856E-05 9.98856E-05 9.98856E-05 9.98856E-05
9.98857E-05 9.98857E-05 9.98857E-05 0.998701 9.98857E-05 9.98857E-05 9.98857E-05 9.98857E-05 9.98857E-05 9.98857E-05 9.98857E-05 9.98857E-05 9.98857E-05 9.98857E-05
9.98856E-05 9.98856E-05 9.98856E-05 0.998701 9.98856E-05 9.98856E-05 9.98856E-05 9.98856E-05 9.98856E-05 9.98856E-05 9.98856E-05 9.98856E-05 9.98856E-05 9.98856E-05
9.98857E-05 9.98857E-05 9.98857E-05 0.998701 9.98857E-05 9.98857E-05 9.98857E-05 9.98857E-05 9.98857E-05 9.98857E-05 9.98857E-05 9.98857E-05 9.98857E-05 9.98857E-05
9.98857E-05 9.98857E-05 9.98857E-05 9.98857E-05 0.998701 9.98857E-05 9.98857E-05 9.98857E-05 9.98857E-05 9.98857E-05 9.98857E-05 9.98857E-05 9.98857E-05 9.98857E-05
9.98857E-05 9.98857E-05 9.98857E-05 0.998701 9.98857E-05 9.98857E-05 9.98857E-05 9.98857E-05 9.98857E-05 9.98857E-05 9.98857E-05 9.98857E-05 9.98857E-05 9.98857E-05
9.98857E-05 9.98857E-05 9.98857E-05 0.998701 9.98857E-05 9.98857E-05 9.98857E-05 9.98857E-05 9.98857E-05 9.98857E-05 9.98857E-05 9.98857E-05 9.98857E-05 9.98857E-05
9.98857E-05 9.98857E-05 9.98857E-05 9.98857E-05 0.998701 9.98857E-05 9.98857E-05 9.98857E-05 9.98857E-05 9.98857E-05 9.98857E-05 9.98857E-05 9.98857E-05 9.98857E-05
9.98857E-05 9.98857E-05 9.98857E-05 9.98857E-05 0.998701 9.98857E-05 9.98857E-05 9.98857E-05 9.98857E-05 9.98857E-05 9.98857E-05 9.98857E-05 9.98857E-05 9.98857E-05
9.98856E-05 9.98856E-05 9.98856E-05 9.98856E-05 0.998701 9.98856E-05 9.98856E-05 9.98856E-05 9.98856E-05 9.98856E-05 9.98856E-05 9.98856E-05 9.98856E-05 9.98856E-05
9.98857E-05 9.98857E-05 9.98857E-05 0.998701 9.98857E-05 9.98857E-05 9.98857E-05 9.98857E-05 9.98857E-05 9.98857E-05 9.98857E-05 9.98857E-05 9.98857E-05 9.98857E-05
9.98857E-05 9.98857E-05 9.98857E-05 0.998701 9.98857E-05 9.98857E-05 9.98857E-05 9.98857E-05 9.98857E-05 9.98857E-05 9.98857E-05 9.98857E-05 9.98857E-05 9.98857E-05
9.98856E-05 9.98856E-05 9.98856E-05 9.98856E-05 0.998701 9.98856E-05 9.98856E-05 9.98856E-05 9.98856E-05 9.98856E-05 9.98856E-05 9.98856E-05 9.98856E-05 9.98856E-05
9.98857E-05 9.98857E-05 9.98857E-05 9.98857E-05 0.998701 9.98857E-05 9.98857E-05 9.98857E-05 9.98857E-05 9.98857E-05 9.98857E-05 9.98857E-05 9.98857E-05 9.98857E-05
9.99385E-05 0.0350029 9.99385E-05 9.99385E-05 0.0806889 9.99385E-05 9.99385E-05 0.0146709 9.99385E-05 0.14291 0.00340184 0.0364473 9.99385E-05 0.686179
9.98857E-05 9.98857E-05 9.98857E-05 9.98857E-05 0.998701 9.98857E-05 9.98857E-05 9.98857E-05 9.98857E-05 9.98857E-05 9.98857E-05 9.98857E-05 9.98857E-05 9.98857E-05
9.98857E-05 9.98857E-05 9.98857E-05 0.998701 9.98857E-05 9.98857E-05 9.98857E-05 9.98857E-05 9.98857E-05 9.98857E-05 9.98857E-05 9.98857E-05 9.98857E-05 9.98857E-05
9.98856E-05 9.98856E-05 9.98856E-05 9.98856E-05 0.998701 9.98856E-05 9.98856E-05 9.98856E-05 9.98856E-05 9.98856E-05 9.98856E-05 9.98856E-05 9.98856E-05 9.98856E-05
9.98857E-05 9.98857E-05 9.98857E-05 9.98857E-05 0.998701 9.98857E-05 9.98857E-05 9.98857E-05 9.98857E-05 9.98857E-05 9.98857E-05 9.98857E-05 9.98857E-05 9.98857E-05
9.98857E-05 9.98857E-05 9.98857E-05 9.98857E-05 0.998701 9.98857E-05 9.98857E-05 9.98857E-05 9.98857E-05 9.98857E-05 9.98857E-05 9.98857E-05 9.98857E-05 9.98857E-05
9.98857E-05 9.98857E-05 9.98857E-05 0.998701 9.98857E-05 9.98857E-05 9.98857E-05 9.98857E-05 9.98857E-05 9.98857E-05 9.98857E-05 9.98857E-05 9.98857E-05 9.98857E-05
9.98857E-05 9.98857E-05 9.98857E-05 9.98857E-05 0.998701 9.98857E-05 9.98857E-05 9.98857E-05 9.98857E-05 9.98857E-05 9.98857E-05 9.98857E-05 9.98857E-05 9.98857E-05
9.98858E-05 9.98858E-05 9.98858E-05 0.998701 9.98858E-05 9.98858E-05 9.98858E-05 9.98858E-05 9.98858E-05 9.98858E-05 9.98858E-05 9.98858E-05 9.98858E-05 9.98858E-05
9.98856E-05 9.98856E-05 9.98856E-05 9.98856E-05 0.998701 9.98856E-05 9.98856E-05 9.98856E-05 9.98856E-05 9.98856E-05 9.98856E-05 9.98856E-05 9.98856E-05 9.98856E-05
9.98856E-05 9.98856E-05 9.98856E-05 9.98856E-05 0.998701 9.98856E-05 9.98856E-05 9.98856E-05 9.98856E-05 9.98856E-05 9.98856E-05 9.98856E-05 9.98856E-05 9.98856E-05
9.98857E-05 9.98857E-05 9.98857E-05 0.998701 9.98857E-05 9.98857E-05 9.98857E-05 9.98857E-05 9.98857E-05 9.98857E-05 9.98857E-05 9.98857E-05 9.98857E-05 9.98857E-05
9.98856E-05 9.98856E-05 9.98856E-05 0.998701 9.98856E-05 9.98856E-05 9.98856E-05 9.98856E-05 9.98856E-05 9.98856E-05 9.98856E-05 9.98856E-05 9.98856E-05 9.98856E-05
9.98857E-05 9.98857E-05 9.98857E-05 0.998701 9.98857E-05 9.98857E-05 9.98857E-05 9.98857E-05 9.98857E-05 9.98857E-05 9.98857E-05 9.98857E-05 9.98857E-05 9.98857E-05
9.98857E-05 9.98857E-05 9.98857E-05 9.98857E-05 0.998701 9.98857E-05 9.98857E-05 9.98857E-05 9.98857E-05 9.98857E-05 9.98857E-05 9.98857E-05 9.98857E-05 9.98857E-05
9.98857E-05 9.98857E-05 9.98857E-05 9.98857E-05 0.998701 9.98857E-05 9.98857E-05 9.98857E-05 9.98857E-05 9.98857E-05 9.98857E-05 9.98857E-05 9.98857E-05 9.98857E-05
9.98856E-05 9.98856E-05 9.98856E-05 9.98856E-05 0.998701 9.98856E-05 9.98856E-05 9.98856E-05 9.98856E-05 9.98856E-05 9.98856E-05 9.98856E-05 9.98856E-05 9.98856E-05
9.98857E-05 9.98857E-05 9.98857E-05 9.98857E-05 0.998701 9.98857E-05 9.98857E-05 9.98857E-05 9.98857E-05 9.98857E-05 9.98857E-05 9.98857E-05 9.98857E-05 9.98857E-05
9.98856E-05 9.98856E-05 9.98856E-05 9.98856E-05 0.998701 9.98856E-05 9.98856E-05 9.98856E-05 9.98856E-05 9.98856E-05 9.98856E-05 9.98856E-05 9.98856E-05 9.98856E-05
9.98856E-05 9.98856E-05 9.98856E-05 0.998701 9.98856E-05 9.98856E-05 9.98856E-05 9.98856E-05 9.98856E-05 9.98856E-05 9.98856E-05 9.98856E-05 9.98856E-05 9.98856E-05
9.98856E-05 9.98856E-05 9.98856E-05 0.998701 9.98856E-05 9.98856E-05 9.98856E-05 9.98856E-05 9.98856E-05 9.98856E-05 9.98856E-05 9.98856E-05 9.98856E-05 9.98856E-05
9.98856E-05 9.98856E-05 9.98856E-05 0.998701 9.98856E-05 9.98856E-05 9.98856E-05 9.98856E-05 9.98856E-05 9.98856E-05 9.98856E-05 9.98856E-05 9.98856E-05 9.98856E-05
9.98857E-05 9.98857E-05 9.98857E-05 9.98857E-05 0.998701 9.98857E-05 9.98857E-05 9.98857E-05 9.98857E-05 9.98857E-05 9.98857E-05 9.98857E-05 9.98857E-05 9.98857E-05
9.98857E-05 9.98857E-05 9.98857E-05 0.998701 9.98857E-05 9.98857E-05 9.98857E-05 9.98857E-05 9.98857E-05 9.98857E-05 9.98857E-05 9.98857E-05 9.98857E-05 9.98857E-05
9.98856E-05 9.98856E-05 9.98856E-05 0.998701 9.98856E-05 9.98856E-05 9.98856E-05 9.98856E-05 9.98856E-05 9.98856E-05 9.98856E-05 9.98856E-05 9.98856E-05 9.98856E-05
9.98856E-05 9.98856E-05 9.98856E-05 0.998701 9.98856E-05 9.98856E-05 9.98856E-05 9.98856E-05 9.98856E-05 9.98856E-05 9.98856E-05 9.98856E-05 9.98856E-05 9.98856E-05
9.98856E-05 9.98856E-05 9.98856E-05 0.998701 9.98856E-05 9.98856E-05 9.98856E-05 9.98856E-05 9.98856E-05 9.98856E-05 9.98856E-05 9.98856E-05 9.98856E-05 9.98856E-05
9.98856E-05 9.98856E-05 9.98856E-05 9.98856E-05 0.998701 9.98856E-05 9.98856E-05 9.98856E-05 9.98856E-05 9.98856E-05 9.98856E-05 9.98856E-05 9.98856E-05 9.98856E-05
9.98856E-05 9.98856E-05 9.98856E-05 0.998701 9.98856E-05 9.98856E-05 9.98856E-05 9.98856E-05 9.98856E-05 9.98856E-05 9.98856E-05 9.98856E-05 9.98856E-05 9.98856E-05
9.98856E-05 9.98856E-05 9.98856E-05 0.998701 9.98856E-05 9.98856E-05 9.98856E-05 9.98856E-05 9.98856E-05 9.98856E-05 9.98856E-05 9.98856E-05 9.98856E-05 9.98856E-05
9.99297E-05 9.99297E-05 9.99297E-05 0.0601424 0.101077 9.99297E-05 9.99297E-05 0.0596303 9.99297E-05 0.0758392 9.99297E-05 0.0484424 9.99297E-05 0.65407
9.98856E-05 9.98856E-05 9.98856E-05 9.98856E-05 0.998701 9.98856E-05 9.98856E-05 9.98856E-05 9.98856E-05 9.98856E-05 9.98856E-05 9.98856E-05 9.98856E-05 9.98856E-05
9.98857E-05 9.98857E-05 9.98857E-05 0.998701 9.98857E-05 9.98857E-05 9.98857E-05 9.98857E-05 9.98857E-05 9.98857E-05 9.98857E-05 9.98857E-05 9.98857E-05 9.98857E-05
9.98856E-05 9.98856E-05 9.98856E-05 0.998701 9.98856E-05 9.98856E-05 9.98856E-05 9.98856E-05 9.98856E-05 9.98856E-05 9.98856E-05 9.98856E-05 9.98856E-05 9.98856E-05
9.98857E-05 9.98857E-05 9.98857E-05 0.998701 9.98857E-05 9.98857E-05 9.98857E-05 9.98857E-05 9.98857E-05 9.98857E-05 9.98857E-05 9.98857E-05 9.98857E-05 9.98857E-05
9.98857E-05 9.98857E-05 9.98857E-05 0.998701 9.98857E-05 9.98857E-05 9.98857E-05 9.98857E-05 9.98857E-05 9.98857E-05 9.98857E-05 9.98857E-05 9.98857E-05 9.98857E-05
9.98856E-05 9.98856E-05 9.98856E-05 9.98856E-05 0.998701 9.98856E-05 9.98856E-05 9.98856E-05 9.98856E-05 9.98856E-05 9.98856E-05 9.98856E-05 9.98856E-05 9.98856E-05
9.98857E-05 9.98857E-05 9.98857E-05 0.998701 9.98857E-05 9.98857E-05 9.98857E-05 9.98857E-05 9.98857E-05 9.98857E-05 9.98857E-05 9.98857E-05 9.98857E-05 9.98857E-05
9.98856E-05 9.98856E-05 9.98856E-05 9.98856E-05 0.998701 9.98856E-05 9.98856E-05 9.98856E-05 9.98856E-05 9.98856E-05 9.98856E-05 9.98856E-05 9.98856E-05 9.98856E-05
9.98856E-05 9.98856E-05 9.98856E-05 0.998701 9.98856E-05 9.98856E-05 9.98856E-05 9.98856E-05 9.98856E-05 9.98856E-05 9.98856E-05 9.98856E-05 9.98856E-05 9.98856E-05
9.98857E-05 9.98857E-05 9.98857E-05 9.98857E-05 0.998701 9.98857E-05 9.98857E-05 9.98857E-05 9.98857E-05 9.98857E-05 9.98857E-05 9.98857E-05 9.98857E-05 9.98857E-05
9.98856E-05 9.98856E-05 9.98856E-05 0.998701 9.98856E-05 9.98856E-05 9.98856E-05 9.98856E-05 9.98856E-05 9.98856E-05 9.98856E-05 9.98856E-05 9.98856E-05 9.98856E-05
9.98857E-05 9.98857E-05 9.98857E-05 0.998701 9.98857E-05 9.98857E-05 9.98857E-05 9.98857E-05 9.98857E-05 9.98857E-05 9.98857E-05 9.98857E-05 9.98857E-05 9.98857E-05
9.98857E-05 9.98857E-05 9.98857E-05 0.998701 9.98857E-05 9.98857E-05 9.98857E-05 9.98857E-05 9.98857E-05 9.98857E-05 9.98857E-05 9.98857E-05 9.98857E-05 9.98857E-05
9.98858E-05 9.98858E-05 9.98858E-05 0.998701 9.98858E-05 9.98858E-05 9.98858E-05 9.98858E-05 9.98858E-05 9.98858E-05 9.98858E-05 9.98858E-05 9.98858E-05 9.98858E-05
9.98857E-05 9.98857E-05 9.98857E-05 0.998701 9.98857E-05 9.98857E-05 9.98857E-05 9.98857E-05 9.98857E-05 9.98857E-05 9.98857E-05 9.98857E-05 9.98857E-05 9.98857E-05
9.98857E-05 9.98857E-05 9.98857E-05 0.998701 9.98857E-05 9.98857E-05 9.98857E-05 9.98857E-05 9.98857E-05 9.98857E-05 9.98857E-05 9.98857E-05 9.98857E-05 9.98857E-05
9.98857E-05 9.98857E-05 9.98857E-05 9.98857E-05 0.998701 9.98857E-05 9.98857E-05 9.98857E-05 9.98857E-05 9.98857E-05 9.98857E-05 9.98857E-05 9.98857E-05 9.98857E-05
9.98857E-05 9.98857E-05 9.98857E-05 9.98857E-05 0.998701 9.98857E-05 9.98857E-05 9.98857E-05 9.98857E-05 9.98857E-05 9.98857E-05 9.98857E-05 9.98857E-05 9.98857E-05
9.98857E-05 9.98857E-05 9.98857E-05 9.98857E-05 0.998701 9.98857E-05 9.98857E-05 9.98857E-05 9.98857E-05 9.98857E-05 9.98857E-05 9.98857E-05 9.98857E-05 9.98857E-05
9.98857E-05 9.98857E-05 9.98857E-05 0.998701 9.98857E-05 9.98857E-05 9.98857E-05 9.98857E-05 9.98857E-05 9.98857E-05 9.98857E-05 9.98857E-05 9.98857E-05 9.98857E-05
9.98857E-05 9.98857E-05 9.98857E-05 9.98857E-05 0.998701 9.98857E-05 9.98857E-05 9.98857E-05 9.98857E-05 9.98857E-05 9.98857E-05 9.98857E-05 9.98857E-05 9.98857E-05
9.98857E-05 9.98857E-05 9.98857E-05 9.98857E-05 0.998701 9.98857E-05 9.98857E-05 9.98857E-05 9.98857E-05 9.98857E-05 9.98857E-05 9.98857E-05 9.98857E-05 9.98857E-05
9.98857E-05 9.98857E-05 9.98857E-05 9.98857E-05 0.998701 9.98857E-05 9.98857E-05 9.98857E-05 9.98857E-05 9.98857E-05 9.98857E-05 9.98857E-05 9.98857E-05 9.98857E-05
9.98856E-05 9.98856E-05 9.98856E-05 0.998701 9.98856E-05 9.98856E-05 9.98856E-05 9.98856E-05 9.98856E-05 9.98856E-05 9.98856E-05 9.98856E-05 9.98856E-05 9.98856E-05
9.98856E-05 9.98856E-05 9.98856E-05 0.998701 9.98856E-05 9.98856E-05 9.98856E-05 9.98856E-05 9.98856E-05 9.98856E-05 9.98856E-05 9.98856E-05 9.98856E-05 9.98856E-05
9.98856E-05 9.98856E-05 9.98856E-05 0.998701 9.98856E-05 9.98856E-05 9.98856E-05 9.98856E-05 9.98856E-05 9.98856E-05 9.98856E-05 9.98856E-05 9.98856E-05 9.98856E-05
9.98857E-05 9.98857E-05 9.98857E-05 9.98857E-05 0.998701 9.98857E-05 9.98857E-05 9.98857E-05 9.98857E-05 9.98857E-05 9.98857E-05 9.98857E-05 9.98857E-05 9.98857E-05
9.98857E-05 9.98857E-05 9.98857E-05 0.998701 9.98857E-05 9.98857E-05 9.98857E-05 9.98857E-05 9.98857E-05 9.98857E-05 9.98857E-05 9.98857E-05 9.98857E-05 9.98857E-05
9.98857E-05 9.98857E-05 9.98857E-05 0.998701 9.98857E-05 9.98857E-05 9.98857E-05 9.98857E-05 9.98857E-05 9.98857E-05 9.98857E-05 9.98857E-05 9.98857E-05 9.98857E-05
9.98856E-05 9.98856E-05 9.98856E-05 9.98856E-05 0.998701 9.98856E-05 9.98856E-05 9.98856E-05 9.98856E-05 9.98856E-05 9.98856E-05 9.98856E-05 9.98856E-05 9.98856E-05
9.98857E-05 9.98857E-05 9.98857E-05 0.998701 9.98857E-05 9.98857E-05 9.98857E-05 9.98857E-05 9.98857E-05 9.98857E-05 9.98857E-05 9.98857E-05 9.98857E-05 9.98857E-05
9.98856E-05 9.98856E-05 9.98856E-05 0.998701 9.98856E-05 9.98856E-05 9.98856E-05 9.98856E-05 9.98856E-05 9.98856E-05 9.98856E-05 9.98856E-05 9.98856E-05 9.98856E-05
9.99385E-05 0.0042941 0.220319 0.0483245 0.248579 9.99385E-05 9.99385E-05 0.025268 9.99385E-05 9.99385E-05 0.041134 9.99385E-05 9.99385E-05 0.411382
9.98856E-05 9.98856E-05 9.98856E-05 9.98856E-05 0.998701 9.98856E-05 9.98856E-05 9.98856E-05 9.98856E-05 9.98856E-05 9.98856E-05 9.98856E-05 9.98856E-05 9.98856E-05
9.98856E-05 9.98856E-05 9.98856E-05 0.998701 9.98856E-05 9.98856E-05 9.98856E-05 9.98856E-05 9.98856E-05 9.98856E-05 9.98856E-05 9.98856E-05 9.98856E-05 9.98856E-05
9.99036E-05 9.99036E-05 9.99036E-05 0.369308 0.0359523 9.99036E-05 9.99036E-05 9.99036E-05 9.99036E-05 9.99036E-05 9.99036E-05 9.99036E-05 9.99036E-05 0.593641
9.99298E-05 9.99298E-05 9.99298E-05 0.140235 0.14611 9.99298E-05 9.99298E-05 0.00944267 9.99298E-05 0.0657982 9.99298E-05 9.99298E-05 0.0078458 0.629768
9.99121E-05 0.018293 9.99121E-05 0.0960146 0.195656 9.99121E-05 9.99121E-05 9.99121E-05 9.99121E-05 9.99121E-05 9.99121E-05 9.99121E-05 9.99121E-05 0.689037
9.99033E-05 9.99033E-05 9.99033E-05 9.99033E-05 0.0618149 9.99033E-05 9.99033E-05 9.99033E-05 9.99033E-05 9.99033E-05 0.012174 9.99033E-05 9.99033E-05 0.924912
9.99122E-05 0.0878945 9.99122E-05 0.219071 0.134353 9.99122E-05 9.99122E-05 9.99122E-05 9.99122E-05 9.99122E-05 9.99122E-05 9.99122E-05 9.99122E-05 0.557683
0.097795 9.99211E-05 9.99211E-05 0.0967864 0.00380994 9.99211E-05 9.99211E-05 9.99211E-05 0.316188 9.99211E-05 9.99211E-05 9.99211E-05 9.99211E-05 0.484521
9.99209E-05 9.99209E-05 9.99209E-05 0.296953 0.0751938 9.99209E-05 0.179585 9.99209E-05 9.99209E-05 0.0453528 9.99209E-05 9.99209E-05 9.99209E-05 0.402016
9.99122E-05 9.99122E-05 0.122405 0.0663805 9.99122E-05 9.99122E-05 9.99122E-05 9.99122E-05 9.99122E-05 9.99122E-05 0.0376301 9.99122E-05 9.99122E-05 0.772585
9.99123E-05 9.99123E-05 9.99123E-05 0.179816 0.0304597 9.99123E-05 9.99123E-05 9.99123E-05 0.257503 9.99123E-05 9.99123E-05 9.99123E-05 9.99123E-05 0.531222
9.99034E-05 9.99034E-05 9.99034E-05 9.99034E-05 0.0954936 9.99034E-05 9.99034E-05 9.99034E-05 9.99034E-05 0.0286402 9.99034E-05 9.99034E-05 9.99034E-05 0.874767
9.9921E-05 9.9921E-05 0.0950415 0.0517921 0.180314 9.9921E-05 9.9921E-05 9.9921E-05 0.145041 9.9921E-05 9.9921E-05 9.9921E-05 9.9921E-05 0.526912
9.98946E-05 9.98946E-05 9.98946E-05 0.531933 9.98946E-05 9.98946E-05 9.98946E-05 9.98946E-05 9.98946E-05 9.98946E-05 9.98946E-05 9.98946E-05 9.98946E-05 0.466868
9.99297E-05 9.99297E-05 9.99297E-05 0.216262 0.196949 9.99297E-05 0.0368645 9.99297E-05 9.99297E-05 9.99297E-05 0.0327405 0.0448081 9.99297E-05 0.471576
9.98946E-05 9.98946E-05 9.98946E-05 9.98946E-05 9.98946E-05 9.98946E-05 9.98946E-05 9.98946E-05 9.98946E-05 9.98946E-05 0.106815 9.98946E-05 9.98946E-05 0.891986
9.99121E-05 9.99121E-05 0.00991783 0.106765 0.127991 9.99121E-05 9.99121E-05 9.99121E-05 9.99121E-05 9.99121E-05 9.99121E-05 9.99121E-05 9.99121E-05 0.754327
9.99297E-05 0.100638 0.00792648 0.259513 0.123112 9.99297E-05 0.0441677 9.99297E-05 9.99297E-05 9.99297E-05 9.99297E-05 9.99297E-05 9.99297E-05 0.463843
9.9921E-05 0.0173013 9.9921E-05 0.126027 0.0468517 9.9921E-05 9.9921E-05 9.9921E-05 0.0572985 9.9921E-05 9.9921E-05 9.9921E-05 9.9921E-05 0.751622
9.9921E-05 9.9921E-05 0.0517397 0.042717 0.318036 9.9921E-05 9.9921E-05 9.9921E-05 9.9921E-05 9.9921E-05 9.9921E-05 0.0080193 9.9921E-05 0.578589
9.99209E-05 0.0939331 0.0305984 0.0578193 9.99209E-05 9.99209E-05 9.99209E-05 0.0740567 9.99209E-05 9.99209E-05 9.99209E-05 9.99209E-05 9.99209E-05 0.742693
9.99122E-05 9.99122E-05 9.99122E-05 0.145595 0.115714 9.99122E-05 9.99122E-05 0.0198259 9.99122E-05 9.99122E-05 9.99122E-05 9.99122E-05 9.99122E-05 0.717866
9.99209E-05 0.0583384 9.99209E-05 0.0572709 0.011165 9.99209E-05 9.99209E-05 9.99209E-05 9.99209E-05 9.99209E-05 9.99209E-05 9.99209E-05 0.103372 0.768954
9.98947E-05 9.98947E-05 9.98947E-05 0.128426 9.98947E-05 9.98947E-05 9.98947E-05 9.98947E-05 9.98947E-05 9.98947E-05 9.98947E-05 9.98947E-05 9.98947E-05 0.870376
