9.9842E-05 9.9842E-05 9.9842E-05 0.0312726 0.326657 0.020007 9.9842E-05 9.9842E-05 9.9842E-05 9.9842E-05 9.9842E-05 9.9842E-05 9.9842E-05 9.9842E-05 9.9842E-05 0.0684624 0.0678603 0.247773 9.9842E-05 0.0579907 9.9842E-05 9.9842E-05 9.9842E-05 0.17818 9.9842E-05 9.9842E-05
9.98159E-05 9.98159E-05 9.98159E-05 9.98159E-05 0.689771 0.038881 9.98159E-05 9.98159E-05 9.98159E-05 0.047432 9.98159E-05 9.98159E-05 9.98159E-05 9.98159E-05 9.98159E-05 9.98159E-05 0.0913947 0.130425 9.98159E-05 9.98159E-05 9.98159E-05 9.98159E-05 9.98159E-05 9.98159E-05 9.98159E-05 9.98159E-05
9.98333E-05 9.98333E-05 0.0634196 9.98333E-05 0.800873 0.00118786 9.98333E-05 9.98333E-05 9.98333E-05 9.98333E-05 9.98333E-05 9.98333E-05 0.0469859 9.98333E-05 9.98333E-05 9.98333E-05 9.98333E-05 0.016441 9.98333E-05 9.98333E-05 0.0029572 9.98333E-05 9.98333E-05 0.0662381 9.98333E-05 9.98333E-05
0.196455 9.9851E-05 0.132071 9.9851E-05 0.222846 0.0522965 9.9851E-05 9.9851E-05 9.9851E-05 9.9851E-05 9.9851E-05 9.9851E-05 9.9851E-05 0.0190288 9.9851E-05 0.0920404 9.9851E-05 9.9851E-05 9.9851E-05 0.00404434 9.9851E-05 0.132759 9.9851E-05 0.146762 9.9851E-05 9.9851E-05
9.98246E-05 9.98246E-05 0.0233483 9.98246E-05 0.829691 9.98246E-05 0.116523 9.98246E-05 9.98246E-05 0.00913397 0.0171578 9.98246E-05 9.98246E-05 9.98246E-05 9.98246E-05 9.98246E-05 9.98246E-05 9.98246E-05 9.98246E-05 9.98246E-05 9.98246E-05 0.00215024 9.98246E-05 9.98246E-05 9.98246E-05 9.98246E-05
9.98686E-05 9.98686E-05 0.222463 0.00210771 0.186241 0.0316117 0.11087 9.98686E-05 9.98686E-05 9.98686E-05 9.98686E-05 9.98686E-05 9.98686E-05 0.199122 9.98686E-05 0.0106996 0.00930202 0.121357 9.98686E-05 0.0264385 0.0782892 9.98686E-05 9.98686E-05 9.98686E-05 9.98686E-05 9.98686E-05
0.0371151 9.98424E-05 9.98424E-05 9.98424E-05 0.108199 0.12842 0.0307236 9.98424E-05 9.98424E-05 9.98424E-05 9.98424E-05 9.98424E-05 0.135376 9.98424E-05 9.98424E-05 9.98424E-05 0.174915 0.181295 9.98424E-05 9.98424E-05 9.98424E-05 9.98424E-05 9.98424E-05 0.202158 9.98424E-05 9.98424E-05
9.98597E-05 9.98597E-05 0.0326722 0.169479 0.128556 9.98597E-05 0.0119093 9.98597E-05 9.98597E-05 9.98597E-05 0.0798697 9.98597E-05 9.98597E-05 0.140159 9.98597E-05 9.98597E-05 9.98597E-05 0.114331 9.98597E-05 9.98597E-05 0.0652576 0.0214094 9.98597E-05 0.23476 9.98597E-05 9.98597E-05
9.98336E-05 9.98336E-05 0.0782592 9.98336E-05 0.151431 9.98336E-05 9.98336E-05 9.98336E-05 9.98336E-05 9.98336E-05 9.98336E-05 9.98336E-05 9.98336E-05 0.182912 9.98336E-05 0.0528929 9.98336E-05 9.98336E-05 9.98336E-05 0.233393 9.98336E-05 0.0708753 9.98336E-05 9.98336E-05 0.228339 9.98336E-05
0.0100121 9.98156E-05 9.98156E-05 9.98156E-05 0.867617 9.98156E-05 9.98156E-05 9.98156E-05 9.98156E-05 9.98156E-05 9.98156E-05 0.0219671 9.98156E-05 9.98156E-05 9.98156E-05 9.98156E-05 9.98156E-05 9.98156E-05 9.98156E-05 0.0745011 9.98156E-05 9.98156E-05 9.98156E-05 9.98156E-05 0.0238063 9.98156E-05
9.98422E-05 9.98422E-05 0.0732466 9.98422E-05 0.458255 0.06978 9.98422E-05 0.076311 9.98422E-05 9.98422E-05 9.98422E-05 9.98422E-05 9.98422E-05 0.0972878 9.98422E-05 9.98422E-05 9.98422E-05 0.0418594 9.98422E-05 0.158588 9.98422E-05 9.98422E-05 9.98422E-05 0.0228751 9.98422E-05 9.98422E-05
0.00854981 9.98333E-05 0.0065283 9.98333E-05 0.756617 0.02244 0.0344174 9.98333E-05 0.0671442 9.98333E-05 9.98333E-05 9.98333E-05 9.98333E-05 9.98333E-05 9.98333E-05 9.98333E-05 9.98333E-05 0.102406 9.98333E-05 9.98333E-05 9.98333E-05 9.98333E-05 9.98333E-05 9.98333E-05 9.98333E-05 9.98333E-05
9.98246E-05 9.98246E-05 9.98246E-05 9.98246E-05 0.771208 9.98246E-05 0.0394486 9.98246E-05 9.98246E-05 0.00974587 9.98246E-05 9.98246E-05 9.98246E-05 9.98246E-05 9.98246E-05 9.98246E-05 9.98246E-05 9.98246E-05 9.98246E-05 0.0946472 9.98246E-05 9.98246E-05 0.00708216 0.0758721 9.98246E-05 9.98246E-05
9.98422E-05 0.0543419 9.98422E-05 9.98422E-05 0.581541 0.06251 9.98422E-05 9.98422E-05 0.0325125 9.98422E-05 9.98422E-05 9.98422E-05 9.98422E-05 9.98422E-05 9.98422E-05 9.98422E-05 0.00969639 9.98422E-05 0.171903 0.0616385 9.98422E-05 9.98422E-05 9.98422E-05 0.0240593 9.98422E-05 9.98422E-05
9.98421E-05 0.0890396 9.98421E-05 0.00890029 0.200067 9.98421E-05 9.98421E-05 9.98421E-05 9.98421E-05 9.98421E-05 9.98421E-05 9.98421E-05 9.98421E-05 0.109907 0.270585 9.98421E-05 9.98421E-05 0.171677 9.98421E-05 0.0998245 9.98421E-05 9.98421E-05 9.98421E-05 0.0482009 9.98421E-05 9.98421E-05
0.0550647 9.98684E-05 0.0151692 9.98684E-05 0.167045 9.98684E-05 9.98684E-05 9.98684E-05 0.00207299 9.98684E-05 0.141194 9.98684E-05 9.98684E-05 0.195888 0.0552386 0.00200698 9.98684E-05 0.17497 9.98684E-05 0.110983 9.98684E-05 9.98684E-05 9.98684E-05 0.0788695 9.98684E-05 9.98684E-05
0.00251352 9.98423E-05 9.98423E-05 9.98423E-05 0.522758 0.0340864 9.98423E-05 9.98423E-05 9.98423E-05 9.98423E-05 0.0314817 9.98423E-05 9.98423E-05 9.98423E-05 0.229573 9.98423E-05 0.100268 9.98423E-05 9.98423E-05 0.0569279 9.98423E-05 9.98423E-05 9.98423E-05 0.0205941 9.98423E-05 9.98423E-05
9.98422E-05 9.98422E-05 0.00114403 9.98422E-05 0.089744 9.98422E-05 9.98422E-05 0.148674 9.98422E-05 9.98422E-05 9.98422E-05 0.0963469 9.98422E-05 0.0484338 9.98422E-05 9.98422E-05 9.98422E-05 0.332369 9.98422E-05 0.143456 9.98422E-05 9.98422E-05 9.98422E-05 0.138035 9.98422E-05 9.98422E-05
9.98332E-05 9.98332E-05 9.98332E-05 9.98332E-05 0.300434 0.0183877 0.169584 9.98332E-05 9.98332E-05 9.98332E-05 9.98332E-05 9.98332E-05 9.98332E-05 0.125643 9.98332E-05 9.98332E-05 9.98332E-05 0.0195477 9.98332E-05 0.181276 9.98332E-05 9.98332E-05 9.98332E-05 0.18323 9.98332E-05 9.98332E-05
0.0482617 9.97982E-05 9.97982E-05 9.97982E-05 0.816663 9.97982E-05 9.97982E-05 9.97982E-05 9.97982E-05 9.97982E-05 9.97982E-05 9.97982E-05 9.97982E-05 9.97982E-05 9.97982E-05 0.13278 9.97982E-05 9.97982E-05 9.97982E-05 9.97982E-05 9.97982E-05 9.97982E-05 9.97982E-05 9.97982E-05 9.97982E-05 9.97982E-05
9.98334E-05 9.98334E-05 9.98334E-05 9.98334E-05 0.436767 0.0376327 9.98334E-05 9.98334E-05 0.140894 9.98334E-05 9.98334E-05 9.98334E-05 9.98334E-05 0.0813405 9.98334E-05 9.98334E-05 9.98334E-05 9.98334E-05 9.98334E-05 0.0414011 9.98334E-05 0.235364 9.98334E-05 0.024704 9.98334E-05 9.98334E-05
9.98335E-05 9.98335E-05 0.0062834 9.98335E-05 0.217006 9.98335E-05 0.0920955 9.98335E-05 9.98335E-05 0.0260346 9.98335E-05 9.98335E-05 9.98335E-05 0.15116 9.98335E-05 9.98335E-05 9.98335E-05 9.98335E-05 9.98335E-05 9.98335E-05 0.229043 9.98335E-05 9.98335E-05 0.27648 9.98335E-05 9.98335E-05
0.0752003 9.98247E-05 0.0945207 9.98247E-05 0.494819 0.0279269 9.98247E-05 9.98247E-05 9.98247E-05 9.98247E-05 9.98247E-05 9.98247E-05 9.98247E-05 9.98247E-05 9.98247E-05 9.98247E-05 9.98247E-05 0.221957 9.98247E-05 0.0835794 9.98247E-05 9.98247E-05 9.98247E-05 9.98247E-05 9.98247E-05 9.98247E-05
9.98421E-05 9.98421E-05 0.0332444 9.98421E-05 0.306284 9.98421E-05 9.98421E-05 9.98421E-05 0.089724 9.98421E-05 0.106368 9.98421E-05 9.98421E-05 9.98421E-05 9.98421E-05 9.98421E-05 9.98421E-05 0.00143079 9.98421E-05 0.228446 9.98421E-05 9.98421E-05 9.98421E-05 0.187778 0.0449271 9.98421E-05
9.98333E-05 0.0542141 0.130596 9.98333E-05 0.265581 9.98333E-05 9.98333E-05 9.98333E-05 9.98333E-05 9.98333E-05 9.98333E-05 9.98333E-05 9.98333E-05 0.000313712 9.98333E-05 0.0996158 9.98333E-05 9.98333E-05 9.98333E-05 0.294735 9.98333E-05 9.98333E-05 9.98333E-05 0.153048 9.98333E-05 9.98333E-05
0.0270993 9.98246E-05 0.101391 9.98246E-05 0.644097 9.98246E-05 9.98246E-05 9.98246E-05 9.98246E-05 9.98246E-05 9.98246E-05 9.98246E-05 9.98246E-05 9.98246E-05 0.00645484 9.98246E-05 9.98246E-05 9.98246E-05 9.98246E-05 0.108561 9.98246E-05 9.98246E-05 9.98246E-05 0.110401 9.98246E-05 9.98246E-05
9.98333E-05 9.98333E-05 0.27677 9.98333E-05 9.98333E-05 9.98333E-05 9.98333E-05 9.98333E-05 0.00543819 0.256039 0.0291702 0.111174 9.98333E-05 9.98333E-05 9.98333E-05 9.98333E-05 9.98333E-05 9.98333E-05 9.98333E-05 0.0634423 9.98333E-05 9.98333E-05 9.98333E-05 0.25607 9.98333E-05 9.98333E-05
0.0607149 9.98334E-05 0.00257138 9.98334E-05 0.700102 9.98334E-05 0.0498798 9.98334E-05 9.98334E-05 9.98334E-05 9.98334E-05 9.98334E-05 9.98334E-05 9.98334E-05 9.98334E-05 9.98334E-05 9.98334E-05 9.98334E-05 9.98334E-05 0.0694549 9.98334E-05 9.98334E-05 0.0129533 0.102427 9.98334E-05 9.98334E-05
9.98509E-05 9.98509E-05 0.0245092 9.98509E-05 0.462838 9.98509E-05 9.98509E-05 9.98509E-05 9.98509E-05 0.140806 9.98509E-05 9.98509E-05 9.98509E-05 9.98509E-05 0.0201715 0.0173452 9.98509E-05 0.0741541 9.98509E-05 0.179591 9.98509E-05 9.98509E-05 9.98509E-05 0.0563172 0.02257 9.98509E-05
9.98332E-05 9.98332E-05 9.98332E-05 9.98332E-05 0.506902 0.00428084 0.012598 9.98332E-05 9.98332E-05 9.98332E-05 9.98332E-05 9.98332E-05 9.98332E-05 0.00437722 0.455693 9.98332E-05 9.98332E-05 9.98332E-05 9.98332E-05 0.00511565 9.98332E-05 9.98332E-05 9.98332E-05 9.98332E-05 0.00913648 9.98332E-05
9.98508E-05 0.0297706 9.98508E-05 9.98508E-05 0.616131 0.0851581 0.0350534 9.98508E-05 9.98508E-05 0.0852845 9.98508E-05 9.98508E-05 9.98508E-05 0.0153385 9.98508E-05 0.00504276 9.98508E-05 0.108918 9.98508E-05 0.0176058 9.98508E-05 9.98508E-05 9.98508E-05 9.98508E-05 9.98508E-05 9.98508E-05
0.0613382 9.98509E-05 0.104774 9.98509E-05 0.417137 0.0185727 9.98509E-05 9.98509E-05 9.98509E-05 9.98509E-05 9.98509E-05 9.98509E-05 0.0139408 9.98509E-05 9.98509E-05 9.98509E-05 9.98509E-05 0.0631428 9.98509E-05 0.106018 9.98509E-05 9.98509E-05 0.0917696 0.121611 9.98509E-05 9.98509E-05
0.00143823 9.98684E-05 0.0204147 9.98684E-05 0.388792 0.135884 9.98684E-05 9.98684E-05 0.0368113 0.110161 9.98684E-05 9.98684E-05 9.98684E-05 0.00914358 9.98684E-05 9.98684E-05 9.98684E-05 0.0178301 9.98684E-05 0.126125 9.98684E-05 9.98684E-05 9.98684E-05 0.130302 9.98684E-05 0.0216003
9.98158E-05 9.98158E-05 9.98158E-05 9.98158E-05 0.339382 9.98158E-05 9.98158E-05 9.98158E-05 0.10609 9.98158E-05 9.98158E-05 9.98158E-05 9.98158E-05 9.98158E-05 9.98158E-05 9.98158E-05 9.98158E-05 9.98158E-05 0.262331 0.118183 9.98158E-05 9.98158E-05 9.98158E-05 0.171918 9.98158E-05 9.98158E-05
9.98334E-05 9.98334E-05 9.98334E-05 9.98334E-05 0.73733 0.00386304 9.98334E-05 9.98334E-05 9.98334E-05 0.110049 9.98334E-05 0.000624152 9.98334E-05 9.98334E-05 9.98334E-05 0.0758966 0.0474151 9.98334E-05 9.98334E-05 0.0229261 9.98334E-05 9.98334E-05 9.98334E-05 9.98334E-05 9.98334E-05 9.98334E-05
0.163513 9.98509E-05 9.98509E-05 9.98509E-05 0.588586 9.98509E-05 9.98509E-05 9.98509E-05 0.0267786 0.0482054 9.98509E-05 9.98509E-05 9.98509E-05 0.0225025 9.98509E-05 9.98509E-05 0.00776356 0.0622283 9.98509E-05 0.0128461 9.98509E-05 9.98509E-05 9.98509E-05 0.0658788 9.98509E-05 9.98509E-05
9.98071E-05 9.98071E-05 9.98071E-05 9.98071E-05 0.848844 9.98071E-05 0.12497 9.98071E-05 9.98071E-05 9.98071E-05 9.98071E-05 9.98071E-05 0.0209758 9.98071E-05 9.98071E-05 9.98071E-05 0.00301368 9.98071E-05 9.98071E-05 9.98071E-05 9.98071E-05 9.98071E-05 9.98071E-05 9.98071E-05 9.98071E-05 9.98071E-05
9.98245E-05 9.98245E-05 9.98245E-05 9.98245E-05 0.509998 9.98245E-05 9.98245E-05 9.98245E-05 9.98245E-05 9.98245E-05 9.98245E-05 9.98245E-05 9.98245E-05 0.0972607 9.98245E-05 0.102416 0.0668194 9.98245E-05 9.98245E-05 9.98245E-05 9.98245E-05 9.98245E-05 9.98245E-05 0.063237 9.98245E-05 0.158272
9.98335E-05 9.98335E-05 9.98335E-05 9.98335E-05 0.476837 0.00593555 9.98335E-05 9.98335E-05 0.0444262 9.98335E-05 9.98335E-05 9.98335E-05 9.98335E-05 9.98335E-05 0.20226 0.100225 9.98335E-05 9.98335E-05 9.98335E-05 0.132956 9.98335E-05 9.98335E-05 9.98335E-05 0.0354638 9.98335E-05 9.98335E-05
9.9842E-05 9.9842E-05 9.9842E-05 9.9842E-05 0.452595 9.9842E-05 0.0453304 9.9842E-05 0.0228376 9.9842E-05 0.0440762 9.9842E-05 0.0328899 9.9842E-05 9.9842E-05 9.9842E-05 9.9842E-05 9.9842E-05 0.243092 0.137004 9.9842E-05 9.9842E-05 9.9842E-05 0.0203786 9.9842E-05 9.9842E-05
0.0553252 9.98335E-05 9.98335E-05 9.98335E-05 0.653515 0.0578155 0.0133315 9.98335E-05 9.98335E-05 0.0341109 9.98335E-05 9.98335E-05 9.98335E-05 9.98335E-05 9.98335E-05 9.98335E-05 9.98335E-05 9.98335E-05 9.98335E-05 0.0612541 9.98335E-05 9.98335E-05 9.98335E-05 0.122751 9.98335E-05 9.98335E-05
9.98159E-05 9.98159E-05 9.98159E-05 9.98159E-05 0.46323 9.98159E-05 9.98159E-05 9.98159E-05 9.98159E-05 0.181064 9.98159E-05 9.98159E-05 9.98159E-05 9.98159E-05 9.98159E-05 9.98159E-05 9.98159E-05 9.98159E-05 9.98159E-05 0.0585915 9.98159E-05 9.98159E-05 9.98159E-05 0.264894 0.0301247 9.98159E-05
9.98158E-05 9.98158E-05 9.98158E-05 9.98158E-05 0.606355 9.98158E-05 0.104885 9.98158E-05 9.98158E-05 0.104638 0.024376 9.98158E-05 9.98158E-05 9.98158E-05 9.98158E-05 9.98158E-05 9.98158E-05 9.98158E-05 0.15765 9.98158E-05 9.98158E-05 9.98158E-05 9.98158E-05 9.98158E-05 9.98158E-05 9.98158E-05
9.98508E-05 9.98508E-05 9.98508E-05 9.98508E-05 0.309386 0.0288951 9.98508E-05 9.98508E-05 9.98508E-05 9.98508E-05 9.98508E-05 9.98508E-05 9.98508E-05 0.109105 9.98508E-05 0.000706686 0.00559221 0.170334 9.98508E-05 0.191833 9.98508E-05 9.98508E-05 9.98508E-05 0.154658 0.0277923 9.98508E-05
0.100116 9.98159E-05 9.98159E-05 9.98159E-05 0.198683 9.98159E-05 0.118469 9.98159E-05 9.98159E-05 9.98159E-05 9.98159E-05 9.98159E-05 9.98159E-05 9.98159E-05 9.98159E-05 9.98159E-05 9.98159E-05 9.98159E-05 9.98159E-05 0.172499 9.98159E-05 9.98159E-05 9.98159E-05 0.408137 9.98159E-05 9.98159E-05
0.0370987 9.98333E-05 9.98333E-05 9.98333E-05 0.763974 9.98333E-05 0.0566322 0.0786112 9.98333E-05 9.98333E-05 9.98333E-05 9.98333E-05 9.98333E-05 9.98333E-05 9.98333E-05 9.98333E-05 9.98333E-05 9.98333E-05 9.98333E-05 0.00539431 9.98333E-05 0.026495 9.98333E-05 0.0298974 9.98333E-05 9.98333E-05
0.110297 9.98158E-05 9.98158E-05 9.98158E-05 0.718445 0.0248424 9.98158E-05 9.98158E-05 9.98158E-05 9.98158E-05 9.98158E-05 9.98158E-05 9.98158E-05 0.0467707 9.98158E-05 9.98158E-05 9.98158E-05 9.98158E-05 9.98158E-05 0.0975487 9.98158E-05 9.98158E-05 9.98158E-05 9.98158E-05 9.98158E-05 9.98158E-05
9.98247E-05 9.98247E-05 9.98247E-05 9.98247E-05 0.835277 9.98247E-05 9.98247E-05 9.98247E-05 9.98247E-05 9.98247E-05 0.0131955 0.0133396 9.98247E-05 9.98247E-05 9.98247E-05 9.98247E-05 9.98247E-05 0.110135 9.98247E-05 0.0205738 0.005483 9.98247E-05 9.98247E-05 9.98247E-05 9.98247E-05 9.98247E-05
9.98244E-05 9.98244E-05 9.98244E-05 9.98244E-05 0.622621 0.0320314 0.0398487 9.98244E-05 9.98244E-05 9.98244E-05 9.98244E-05 9.98244E-05 9.98244E-05 9.98244E-05 9.98244E-05 9.98244E-05 9.98244E-05 0.0246028 9.98244E-05 0.136984 9.98244E-05 9.98244E-05 9.98244E-05 0.141915 9.98244E-05 9.98244E-05
9.98336E-05 9.98336E-05 9.98336E-05 9.98336E-05 0.677869 0.0156745 0.0786088 9.98336E-05 9.98336E-05 9.98336E-05 9.98336E-05 9.98336E-05 0.133868 0.0430815 0.0326073 9.98336E-05 9.98336E-05 9.98336E-05 9.98336E-05 9.98336E-05 9.98336E-05 9.98336E-05 9.98336E-05 0.0163938 9.98336E-05 9.98336E-05
0.050113 9.98596E-05 0.160086 9.98596E-05 0.255914 0.0941615 9.98596E-05 9.98596E-05 9.98596E-05 0.134005 9.98596E-05 9.98596E-05 9.98596E-05 0.0387841 9.98596E-05 0.0640246 9.98596E-05 9.98596E-05 9.98596E-05 0.189015 9.98596E-05 9.98596E-05 9.98596E-05 0.0094215 0.00287722 9.98596E-05
0.099264 9.98422E-05 9.98422E-05 9.98422E-05 0.490837 9.98422E-05 9.98422E-05 9.98422E-05 0.0235926 9.98422E-05 9.98422E-05 9.98422E-05 9.98422E-05 0.0108889 9.98422E-05 9.98422E-05 9.98422E-05 9.98422E-05 0.0417438 9.98422E-05 9.98422E-05 0.0321104 9.98422E-05 0.242346 0.0574198 9.98422E-05
9.97982E-05 9.97982E-05 9.97982E-05 9.97982E-05 0.798824 9.97982E-05 9.97982E-05 9.97982E-05 9.97982E-05 9.97982E-05 9.97982E-05 0.033661 9.97982E-05 9.97982E-05 9.97982E-05 9.97982E-05 9.97982E-05 9.97982E-05 9.97982E-05 9.97982E-05 9.97982E-05 9.97982E-05 9.97982E-05 9.97982E-05 9.97982E-05 0.16522
9.98421E-05 9.98421E-05 9.98421E-05 9.98421E-05 0.519352 9.98421E-05 9.98421E-05 9.98421E-05 0.124387 9.98421E-05 0.02349 9.98421E-05 0.0486391 9.98421E-05 9.98421E-05 0.0235456 9.98421E-05 9.98421E-05 0.216502 0.0299175 9.98421E-05 9.98421E-05 9.98421E-05 0.0123691 9.98421E-05 9.98421E-05
9.97987E-05 0.27766 9.97987E-05 9.97987E-05 0.640528 9.97987E-05 9.97987E-05 9.97987E-05 9.97987E-05 9.97987E-05 9.97987E-05 9.97987E-05 9.97987E-05 9.97987E-05 9.97987E-05 9.97987E-05 9.97987E-05 9.97987E-05 9.97987E-05 0.0795163 9.97987E-05 9.97987E-05 9.97987E-05 9.97987E-05 9.97987E-05 9.97987E-05
9.98073E-05 9.98073E-05 0.199579 9.98073E-05 0.590002 9.98073E-05 9.98073E-05 9.98073E-05 9.98073E-05 9.98073E-05 0.154766 9.98073E-05 9.98073E-05 9.98073E-05 9.98073E-05 0.0534569 9.98073E-05 9.98073E-05 9.98073E-05 9.98073E-05 9.98073E-05 9.98073E-05 9.98073E-05 9.98073E-05 9.98073E-05 9.98073E-05
9.98245E-05 9.98245E-05 9.98245E-05 9.98245E-05 0.702263 9.98245E-05 0.104737 9.98245E-05 9.98245E-05 9.98245E-05 9.98245E-05 0.0423392 9.98245E-05 0.0347655 9.98245E-05 9.98245E-05 9.98245E-05 9.98245E-05 9.98245E-05 0.0324154 9.98245E-05 9.98245E-05 9.98245E-05 0.0814838 9.98245E-05 9.98245E-05
0.162932 9.98159E-05 9.98159E-05 9.98159E-05 0.709706 0.0153487 9.98159E-05 9.98159E-05 9.98159E-05 9.98159E-05 9.98159E-05 9.98159E-05 9.98159E-05 9.98159E-05 9.98159E-05 9.98159E-05 9.98159E-05 9.98159E-05 9.98159E-05 0.0581121 9.98159E-05 9.98159E-05 9.98159E-05 0.0518056 9.98159E-05 9.98159E-05
0.00934232 9.98334E-05 9.98334E-05 9.98334E-05 0.82701 0.00930493 9.98334E-05 9.98334E-05 9.98334E-05 9.98334E-05 9.98334E-05 9.98334E-05 0.0559114 0.0072909 9.98334E-05 9.98334E-05 0.00841205 9.98334E-05 9.98334E-05 9.98334E-05 0.0808314 9.98334E-05 9.98334E-05 9.98334E-05 9.98334E-05 9.98334E-05
9.98244E-05 9.98244E-05 9.98244E-05 0.0426558 9.98244E-05 9.98244E-05 9.98244E-05 9.98244E-05 9.98244E-05 9.98244E-05 9.98244E-05 9.98244E-05 9.98244E-05 0.0959752 9.98244E-05 9.98244E-05 0.0137724 0.632682 9.98244E-05 0.134435 9.98244E-05 9.98244E-05 9.98244E-05 0.0784828 9.98244E-05 9.98244E-05
9.97986E-05 9.97986E-05 9.97986E-05 9.97986E-05 9.97986E-05 9.97986E-05 0.0508727 9.97986E-05 9.97986E-05 9.97986E-05 9.97986E-05 9.97986E-05 9.97986E-05 9.97986E-05 9.97986E-05 9.97986E-05 9.97986E-05 0.93555 9.97986E-05 9.97986E-05 9.97986E-05 9.97986E-05 9.97986E-05 9.97986E-05 0.0112824 9.97986E-05
9.97808E-05 9.97808E-05 9.97808E-05 9.97808E-05 9.97808E-05 9.97808E-05 9.97808E-05 9.97808E-05 9.97808E-05 9.97808E-05 9.97808E-05 9.97808E-05 9.97808E-05 9.97808E-05 9.97808E-05 9.97808E-05 9.97808E-05 0.997505 9.97808E-05 9.97808E-05 9.97808E-05 9.97808E-05 9.97808E-05 9.97808E-05 9.97808E-05 9.97808E-05
0.0061894 9.9851E-05 0.122028 9.9851E-05 9.9851E-05 0.0142762 9.9851E-05 9.9851E-05 9.9851E-05 0.0348441 9.9851E-05 9.9851E-05 0.047563 0.172432 9.9851E-05 9.9851E-05 0.21656 0.380101 9.9851E-05 9.9851E-05 9.9851E-05 9.9851E-05 9.9851E-05 9.9851E-05 0.00430922 9.9851E-05
9.98505E-05 9.98505E-05 9.98505E-05 9.98505E-05 9.98505E-05 9.98505E-05 0.0240772 0.0530661 9.98505E-05 9.98505E-05 9.98505E-05 0.0160997 0.0400373 0.0820552 9.98505E-05 0.00609717 9.98505E-05 0.661726 9.98505E-05 0.0500279 9.98505E-05 9.98505E-05 9.98505E-05 0.0651157 9.98505E-05 9.98505E-05
9.98065E-05 9.98065E-05 0.0221869 9.98065E-05 9.98065E-05 9.98065E-05 9.98065E-05 9.98065E-05 9.98065E-05 9.98065E-05 9.98065E-05 9.98065E-05 9.98065E-05 9.98065E-05 9.98065E-05 9.98065E-05 9.98065E-05 0.698472 9.98065E-05 0.19558 9.98065E-05 9.98065E-05 9.98065E-05 0.0815646 9.98065E-05 9.98065E-05
9.98156E-05 9.98156E-05 9.98156E-05 9.98156E-05 9.98156E-05 0.0195505 9.98156E-05 9.98156E-05 0.025841 9.98156E-05 9.98156E-05 9.98156E-05 9.98156E-05 9.98156E-05 9.98156E-05 9.98156E-05 0.373607 0.542848 9.98156E-05 0.0360576 9.98156E-05 9.98156E-05 9.98156E-05 9.98156E-05 9.98156E-05 9.98156E-05
9.98418E-05 9.98418E-05 0.062225 9.98418E-05 9.98418E-05 9.98418E-05 0.000519592 9.98418E-05 9.98418E-05 9.98418E-05 9.98418E-05 0.0996833 0.00870343 0.0602131 9.98418E-05 9.98418E-05 0.0944468 0.614841 9.98418E-05 0.057571 9.98418E-05 9.98418E-05 9.98418E-05 9.98418E-05 9.98418E-05 9.98418E-05
9.97809E-05 9.97809E-05 9.97809E-05 9.97809E-05 9.97809E-05 9.97809E-05 9.97809E-05 9.97809E-05 9.97809E-05 9.97809E-05 9.97809E-05 9.97809E-05 9.97809E-05 9.97809E-05 9.97809E-05 9.97809E-05 9.97809E-05 0.997505 9.97809E-05 9.97809E-05 9.97809E-05 9.97809E-05 9.97809E-05 9.97809E-05 9.97809E-05 9.97809E-05
0.0323059 9.9807E-05 9.9807E-05 9.9807E-05 9.9807E-05 0.0370808 9.9807E-05 9.9807E-05 9.9807E-05 9.9807E-05 9.9807E-05 9.9807E-05 9.9807E-05 0.0102223 9.9807E-05 9.9807E-05 9.9807E-05 0.918195 9.9807E-05 9.9807E-05 9.9807E-05 9.9807E-05 9.9807E-05 9.9807E-05 9.9807E-05 9.9807E-05
9.9833E-05 9.9833E-05 9.9833E-05 9.9833E-05 9.9833E-05 0.145552 0.0341311 0.0538096 9.9833E-05 9.9833E-05 9.9833E-05 0.0364351 9.9833E-05 0.0536031 9.9833E-05 9.9833E-05 9.9833E-05 0.472451 9.9833E-05 0.202122 9.9833E-05 9.9833E-05 9.9833E-05 9.9833E-05 9.9833E-05 9.9833E-05
0.0246426 0.0915379 9.98595E-05 9.98595E-05 9.98595E-05 0.0787687 9.98595E-05 9.98595E-05 0.0992104 9.98595E-05 9.98595E-05 9.98595E-05 9.98595E-05 0.0122646 9.98595E-05 0.0176104 0.0327542 0.502025 9.98595E-05 0.0517857 9.98595E-05 9.98595E-05 9.98595E-05 0.0878025 9.98595E-05 9.98595E-05
9.98682E-05 9.98682E-05 0.0237553 0.0113633 9.98682E-05 0.0525845 0.054034 9.98682E-05 0.140681 9.98682E-05 9.98682E-05 0.0192403 0.000426338 0.120044 9.98682E-05 9.98682E-05 0.0376229 0.455993 9.98682E-05 9.98682E-05 0.0827564 9.98682E-05 9.98682E-05 9.98682E-05 9.98682E-05 9.98682E-05
9.98331E-05 9.98331E-05 9.98331E-05 9.98331E-05 9.98331E-05 9.98331E-05 0.00557905 9.98331E-05 9.98331E-05 9.98331E-05 9.98331E-05 9.98331E-05 0.0408383 9.98331E-05 9.98331E-05 9.98331E-05 0.109276 0.507742 9.98331E-05 0.147435 0.0428494 9.98331E-05 9.98331E-05 0.144383 9.98331E-05 9.98331E-05
9.98249E-05 9.98249E-05 0.0202453 9.98249E-05 9.98249E-05 0.0409277 9.98249E-05 9.98249E-05 9.98249E-05 0.0766373 0.0416222 9.98249E-05 0.0206589 9.98249E-05 9.98249E-05 9.98249E-05 9.98249E-05 0.797912 9.98249E-05 9.98249E-05 9.98249E-05 9.98249E-05 9.98249E-05 9.98249E-05 9.98249E-05 9.98249E-05
0.117532 9.98159E-05 9.98159E-05 9.98159E-05 9.98159E-05 0.0620847 9.98159E-05 9.98159E-05 9.98159E-05 9.98159E-05 9.98159E-05 9.98159E-05 9.98159E-05 0.0353713 9.98159E-05 9.98159E-05 9.98159E-05 0.734365 9.98159E-05 9.98159E-05 9.98159E-05 9.98159E-05 0.0485499 9.98159E-05 9.98159E-05 9.98159E-05
9.98066E-05 9.98066E-05 0.0484862 0.170645 9.98066E-05 9.98066E-05 0.0477861 9.98066E-05 9.98066E-05 9.98066E-05 9.98066E-05 9.98066E-05 9.98066E-05 9.98066E-05 9.98066E-05 9.98066E-05 9.98066E-05 0.730887 9.98066E-05 9.98066E-05 9.98066E-05 9.98066E-05 9.98066E-05 9.98066E-05 9.98066E-05 9.98066E-05
0.0153129 9.98156E-05 9.98156E-05 9.98156E-05 9.98156E-05 0.103529 0.103273 9.98156E-05 9.98156E-05 9.98156E-05 9.98156E-05 9.98156E-05 9.98156E-05 9.98156E-05 9.98156E-05 9.98156E-05 9.98156E-05 0.565887 9.98156E-05 9.98156E-05 9.98156E-05 9.98156E-05 9.98156E-05 0.209902 9.98156E-05 9.98156E-05
9.98244E-05 9.98244E-05 9.98244E-05 9.98244E-05 9.98244E-05 0.0241875 0.0341045 9.98244E-05 9.98244E-05 9.98244E-05 9.98244E-05 0.068377 9.98244E-05 9.98244E-05 9.98244E-05 9.98244E-05 9.98244E-05 0.80551 9.98244E-05 0.0636318 9.98244E-05 9.98244E-05 9.98244E-05 0.00219217 9.98244E-05 9.98244E-05
9.98154E-05 9.98154E-05 9.98154E-05 9.98154E-05 9.98154E-05 9.98154E-05 9.98154E-05 9.98154E-05 9.98154E-05 0.147847 0.0931463 9.98154E-05 9.98154E-05 9.98154E-05 9.98154E-05 0.00392181 9.98154E-05 0.561435 9.98154E-05 0.191554 9.98154E-05 9.98154E-05 9.98154E-05 9.98154E-05 9.98154E-05 9.98154E-05
9.979E-05 9.979E-05 9.979E-05 9.979E-05 9.979E-05 9.979E-05 9.979E-05 9.979E-05 9.979E-05 9.979E-05 9.979E-05 9.979E-05 9.979E-05 9.979E-05 9.979E-05 9.979E-05 9.979E-05 0.980086 9.979E-05 0.0175186 9.979E-05 9.979E-05 9.979E-05 9.979E-05 9.979E-05 9.979E-05
9.98242E-05 0.0293023 0.0724205 9.98242E-05 9.98242E-05 9.98242E-05 9.98242E-05 9.98242E-05 9.98242E-05 0.0383265 9.98242E-05 9.98242E-05 9.98242E-05 9.98242E-05 9.98242E-05 9.98242E-05 9.98242E-05 0.594526 9.98242E-05 0.0304089 9.98242E-05 9.98242E-05 9.98242E-05 0.233019 9.98242E-05 9.98242E-05
9.98247E-05 0.0681169 0.187009 9.98247E-05 9.98247E-05 9.98247E-05 9.98247E-05 9.98247E-05 9.98247E-05 9.98247E-05 9.98247E-05 9.98247E-05 9.98247E-05 9.98247E-05 9.98247E-05 9.98247E-05 0.0611581 0.65102 9.98247E-05 0.0178141 9.98247E-05 9.98247E-05 9.98247E-05 0.0128852 9.98247E-05 9.98247E-05
9.98333E-05 9.98333E-05 9.98333E-05 0.0294239 9.98333E-05 0.00137706 0.203707 9.98333E-05 9.98333E-05 9.98333E-05 9.98333E-05 0.0318584 9.98333E-05 0.0726549 9.98333E-05 9.98333E-05 9.98333E-05 0.652807 9.98333E-05 9.98333E-05 9.98333E-05 9.98333E-05 9.98333E-05 9.98333E-05 0.00627504 9.98333E-05
9.97892E-05 9.97892E-05 9.97892E-05 9.97892E-05 9.97892E-05 0.155415 9.97892E-05 9.97892E-05 9.97892E-05 9.97892E-05 9.97892E-05 9.97892E-05 9.97892E-05 9.97892E-05 9.97892E-05 9.97892E-05 9.97892E-05 0.84219 9.97892E-05 9.97892E-05 9.97892E-05 9.97892E-05 9.97892E-05 9.97892E-05 9.97892E-05 9.97892E-05
9.97986E-05 9.97986E-05 9.97986E-05 9.97986E-05 9.97986E-05 9.97986E-05 9.97986E-05 9.97986E-05 9.97986E-05 9.97986E-05 9.97986E-05 9.97986E-05 9.97986E-05 9.97986E-05 9.97986E-05 9.97986E-05 9.97986E-05 0.920068 9.97986E-05 0.00682517 0.0708114 9.97986E-05 9.97986E-05 9.97986E-05 9.97986E-05 9.97986E-05
9.97896E-05 9.97896E-05 9.97896E-05 9.97896E-05 9.97896E-05 9.97896E-05 9.97896E-05 9.97896E-05 9.97896E-05 9.97896E-05 9.97896E-05 9.97896E-05 9.97896E-05 9.97896E-05 9.97896E-05 9.97896E-05 9.97896E-05 0.979931 0.0176737 9.97896E-05 9.97896E-05 9.97896E-05 9.97896E-05 9.97896E-05 9.97896E-05 9.97896E-05
9.97897E-05 9.97897E-05 9.97897E-05 9.97897E-05 9.97897E-05 9.97897E-05 9.97897E-05 9.97897E-05 9.97897E-05 9.97897E-05 9.97897E-05 9.97897E-05 9.97897E-05 9.97897E-05 9.97897E-05 9.97897E-05 9.97897E-05 0.986171 9.97897E-05 0.0114338 9.97897E-05 9.97897E-05 9.97897E-05 9.97897E-05 9.97897E-05 9.97897E-05
9.97984E-05 9.97984E-05 9.97984E-05 9.97984E-05 9.97984E-05 9.97984E-05 9.97984E-05 9.97984E-05 9.97984E-05 9.97984E-05 9.97984E-05 0.0944031 9.97984E-05 0.00777365 9.97984E-05 9.97984E-05 9.97984E-05 0.895528 9.97984E-05 9.97984E-05 9.97984E-05 9.97984E-05 9.97984E-05 9.97984E-05 9.97984E-05 9.97984E-05
9.98422E-05 9.98422E-05 9.98422E-05 9.98422E-05 9.98422E-05 9.98422E-05 9.98422E-05 9.98422E-05 0.0371114 9.98422E-05 9.98422E-05 9.98422E-05 9.98422E-05 0.0730726 0.200967 0.0406352 9.98422E-05 0.538341 0.0433659 0.0545752 0.010135 9.98422E-05 9.98422E-05 9.98422E-05 9.98422E-05 9.98422E-05
9.98158E-05 9.98158E-05 0.774403 9.98158E-05 9.98158E-05 9.98158E-05 9.98158E-05 9.98158E-05 9.98158E-05 9.98158E-05 9.98158E-05 9.98158E-05 9.98158E-05 0.109268 9.98158E-05 9.98158E-05 9.98158E-05 9.98158E-05 9.98158E-05 0.0393231 0.0537605 9.98158E-05 0.0211491 9.98158E-05 9.98158E-05 9.98158E-05
9.98069E-05 9.98069E-05 0.0637532 9.98069E-05 9.98069E-05 9.98069E-05 9.98069E-05 9.98069E-05 9.98069E-05 9.98069E-05 9.98069E-05 9.98069E-05 9.98069E-05 9.98069E-05 0.223303 9.98069E-05 9.98069E-05 9.98069E-05 0.52338 9.98069E-05 9.98069E-05 9.98069E-05 9.98069E-05 9.98069E-05 9.98069E-05 0.187368
9.9807E-05 9.9807E-05 0.85859 9.9807E-05 9.9807E-05 9.9807E-05 9.9807E-05 9.9807E-05 9.9807E-05 9.9807E-05 9.9807E-05 9.9807E-05 9.9807E-05 9.9807E-05 9.9807E-05 9.9807E-05 9.9807E-05 9.9807E-05 9.9807E-05 0.0705738 0.0667565 9.9807E-05 9.9807E-05 9.9807E-05 9.9807E-05 0.00188405
9.98068E-05 9.98068E-05 0.782871 9.98068E-05 9.98068E-05 9.98068E-05 9.98068E-05 9.98068E-05 9.98068E-05 9.98068E-05 9.98068E-05 0.0322779 9.98068E-05 0.0595055 9.98068E-05 9.98068E-05 9.98068E-05 9.98068E-05 9.98068E-05 0.123149 9.98068E-05 9.98068E-05 9.98068E-05 9.98068E-05 9.98068E-05 9.98068E-05
9.97893E-05 9.97893E-05 0.934213 9.97893E-05 9.97893E-05 9.97893E-05 9.97893E-05 9.97893E-05 9.97893E-05 9.97893E-05 9.97893E-05 9.97893E-05 9.97893E-05 0.0633921 9.97893E-05 9.97893E-05 9.97893E-05 9.97893E-05 9.97893E-05 9.97893E-05 9.97893E-05 9.97893E-05 9.97893E-05 9.97893E-05 9.97893E-05 9.97893E-05
0.0104872 9.98333E-05 0.56955 9.98333E-05 9.98333E-05 9.98333E-05 9.98333E-05 9.98333E-05 9.98333E-05 9.98333E-05 9.98333E-05 9.98333E-05 9.98333E-05 0.154941 0.0368896 9.98333E-05 0.0275018 9.98333E-05 9.98333E-05 0.161014 9.98333E-05 9.98333E-05 0.0377202 9.98333E-05 9.98333E-05 9.98333E-05
9.98331E-05 9.98331E-05 0.585731 9.98331E-05 9.98331E-05 0.0115143 9.98331E-05 9.98331E-05 9.98331E-05 9.98331E-05 0.0272937 0.0110349 9.98331E-05 9.98331E-05 9.98331E-05 9.98331E-05 9.98331E-05 9.98331E-05 9.98331E-05 0.0860029 9.98331E-05 9.98331E-05 9.98331E-05 0.0452631 9.98331E-05 0.231263
9.97982E-05 9.97982E-05 0.76755 9.97982E-05 9.97982E-05 9.97982E-05 9.97982E-05 9.97982E-05 9.97982E-05 9.97982E-05 9.97982E-05 9.97982E-05 9.97982E-05 0.205858 9.97982E-05 9.97982E-05 9.97982E-05 9.97982E-05 9.97982E-05 9.97982E-05 9.97982E-05 9.97982E-05 9.97982E-05 9.97982E-05 9.97982E-05 0.0242967
9.98156E-05 9.98156E-05 0.385915 9.98156E-05 9.98156E-05 9.98156E-05 9.98156E-05 9.98156E-05 9.98156E-05 0.0623282 9.98156E-05 9.98156E-05 9.98156E-05 0.331426 9.98156E-05 9.98156E-05 0.211113 9.98156E-05 9.98156E-05 0.00712111 9.98156E-05 9.98156E-05 9.98156E-05 9.98156E-05 9.98156E-05 9.98156E-05
0.0585736 9.98332E-05 0.406893 9.98332E-05 9.98332E-05 9.98332E-05 9.98332E-05 9.98332E-05 9.98332E-05 9.98332E-05 9.98332E-05 9.98332E-05 9.98332E-05 0.24594 9.98332E-05 9.98332E-05 9.98332E-05 9.98332E-05 0.0376898 0.219848 9.98332E-05 9.98332E-05 9.98332E-05 0.00225709 9.98332E-05 0.0269017
9.98158E-05 9.98158E-05 0.3457 9.98158E-05 9.98158E-05 9.98158E-05 9.98158E-05 9.98158E-05 9.98158E-05 9.98158E-05 9.98158E-05 9.98158E-05 9.98158E-05 0.0185424 9.98158E-05 9.98158E-05 0.190471 9.98158E-05 9.98158E-05 9.98158E-05 9.98158E-05 9.98158E-05 0.375174 9.98158E-05 9.98158E-05 0.0680172
9.98158E-05 9.98158E-05 0.606751 9.98158E-05 9.98158E-05 0.00517376 9.98158E-05 9.98158E-05 9.98158E-05 9.98158E-05 9.98158E-05 9.98158E-05 9.98158E-05 9.98158E-05 0.2351 9.98158E-05 0.120324 9.98158E-05 9.98158E-05 0.0305557 9.98158E-05 9.98158E-05 9.98158E-05 9.98158E-05 9.98158E-05 9.98158E-05
0.0211478 9.98071E-05 0.722287 9.98071E-05 9.98071E-05 9.98071E-05 9.98071E-05 9.98071E-05 9.98071E-05 9.98071E-05 9.98071E-05 9.98071E-05 9.98071E-05 0.0600418 9.98071E-05 9.98071E-05 9.98071E-05 9.98071E-05 9.98071E-05 9.98071E-05 9.98071E-05 9.98071E-05 9.98071E-05 9.98071E-05 9.98071E-05 0.194327
9.98246E-05 9.98246E-05 0.395893 9.98246E-05 9.98246E-05 0.0242604 9.98246E-05 9.98246E-05 9.98246E-05 9.98246E-05 9.98246E-05 9.98246E-05 9.98246E-05 0.129531 9.98246E-05 9.98246E-05 9.98246E-05 9.98246E-05 9.98246E-05 0.128395 9.98246E-05 9.98246E-05 0.231156 9.98246E-05 0.0887683 9.98246E-05
0.0088409 9.98772E-05 0.320497 9.98772E-05 9.98772E-05 9.98772E-05 0.066437 0.0538274 0.118736 0.00838311 9.98772E-05 0.0540259 9.98772E-05 0.0800114 9.98772E-05 9.98772E-05 0.0207062 9.98772E-05 0.0615467 0.022147 9.98772E-05 9.98772E-05 0.183443 9.98772E-05 9.98772E-05 9.98772E-05
0.0545038 9.98421E-05 0.53667 0.105642 9.98421E-05 9.98421E-05 9.98421E-05 0.0299395 9.98421E-05 0.0070231 9.98421E-05 9.98421E-05 9.98421E-05 0.0350846 9.98421E-05 9.98421E-05 9.98421E-05 9.98421E-05 9.98421E-05 0.106464 9.98421E-05 9.98421E-05 9.98421E-05 9.98421E-05 9.98421E-05 0.122876
9.98246E-05 9.98246E-05 0.504827 9.98246E-05 9.98246E-05 9.98246E-05 9.98246E-05 0.059937 9.98246E-05 9.98246E-05 9.98246E-05 9.98246E-05 9.98246E-05 9.98246E-05 9.98246E-05 9.98246E-05 0.254056 9.98246E-05 0.0556841 0.0615571 9.98246E-05 9.98246E-05 0.0619416 9.98246E-05 9.98246E-05 9.98246E-05
9.98247E-05 9.98247E-05 0.586439 9.98247E-05 9.98247E-05 9.98247E-05 9.98247E-05 9.98247E-05 9.98247E-05 9.98247E-05 9.98247E-05 9.98247E-05 0.0676066 0.025079 0.165454 9.98247E-05 9.98247E-05 9.98247E-05 9.98247E-05 9.98247E-05 0.0552952 9.98247E-05 9.98247E-05 0.0981294 9.98247E-05 9.98247E-05
9.97895E-05 9.97895E-05 0.863115 9.97895E-05 9.97895E-05 9.97895E-05 9.97895E-05 9.97895E-05 9.97895E-05 9.97895E-05 9.97895E-05 9.97895E-05 9.97895E-05 9.97895E-05 9.97895E-05 9.97895E-05 9.97895E-05 9.97895E-05 9.97895E-05 9.97895E-05 9.97895E-05 9.97895E-05 0.13449 9.97895E-05 9.97895E-05 9.97895E-05
0.00937354 9.9836E-05 0.358295 9.9836E-05 9.9836E-05 9.9836E-05 9.9836E-05 0.057464 0.0368533 9.9836E-05 9.9836E-05 9.9836E-05 9.9836E-05 0.047412 0.425172 9.9836E-05 9.9836E-05 9.9836E-05 9.9836E-05 0.0635328 9.9836E-05 9.9836E-05 9.9836E-05 9.9836E-05 9.9836E-05 9.9836E-05
0.0356401 9.98333E-05 0.565918 9.98333E-05 9.98333E-05 9.98333E-05 9.98333E-05 9.98333E-05 9.98333E-05 9.98333E-05 9.98333E-05 9.98333E-05 9.98333E-05 0.0821686 9.98333E-05 9.98333E-05 0.0247706 9.98333E-05 9.98333E-05 0.0744631 0.0685889 9.98333E-05 0.146554 9.98333E-05 9.98333E-05 9.98333E-05
9.98071E-05 9.98071E-05 0.901676 9.98071E-05 9.98071E-05 0.0199685 9.98071E-05 9.98071E-05 9.98071E-05 9.98071E-05 9.98071E-05 9.98071E-05 9.98071E-05 0.0202248 9.98071E-05 9.98071E-05 9.98071E-05 9.98071E-05 9.98071E-05 9.98071E-05 9.98071E-05 9.98071E-05 0.0559352 9.98071E-05 9.98071E-05 9.98071E-05
9.98245E-05 9.98245E-05 0.41078 9.98245E-05 9.98245E-05 9.98245E-05 9.98245E-05 0.0740839 9.98245E-05 9.98245E-05 9.98245E-05 9.98245E-05 9.98245E-05 0.158407 9.98245E-05 9.98245E-05 0.0647384 9.98245E-05 9.98245E-05 0.195895 9.98245E-05 0.0940996 9.98245E-05 9.98245E-05 9.98245E-05 9.98245E-05
9.98334E-05 0.0385403 0.56637 9.98334E-05 9.98334E-05 9.98334E-05 9.98334E-05 9.98334E-05 9.98334E-05 9.98334E-05 9.98334E-05 9.98334E-05 9.98334E-05 0.174754 9.98334E-05 9.98334E-05 9.98334E-05 9.98334E-05 0.0314034 0.00675028 9.98334E-05 9.98334E-05 0.163958 9.98334E-05 9.98334E-05 0.0163266
9.98333E-05 9.98333E-05 0.439205 9.98333E-05 9.98333E-05 9.98333E-05 9.98333E-05 0.0535488 9.98333E-05 9.98333E-05 0.0184561 9.98333E-05 9.98333E-05 0.214353 9.98333E-05 9.98333E-05 0.0961682 9.98333E-05 9.98333E-05 0.169147 9.98333E-05 0.00722538 9.98333E-05 9.98333E-05 9.98333E-05 9.98333E-05
9.98331E-05 9.98331E-05 9.98331E-05 0.00238649 9.98331E-05 9.98331E-05 9.98331E-05 9.98331E-05 9.98331E-05 9.98331E-05 0.0106221 0.0381907 9.98331E-05 0.137623 9.98331E-05 9.98331E-05 0.0127067 9.98331E-05 9.98331E-05 0.0459488 9.98331E-05 9.98331E-05 9.98331E-05 9.98331E-05 9.98331E-05 0.750625
9.98158E-05 9.98158E-05 9.98158E-05 9.98158E-05 9.98158E-05 9.98158E-05 9.98158E-05 9.98158E-05 9.98158E-05 9.98158E-05 9.98158E-05 9.98158E-05 9.98158E-05 9.98158E-05 0.352313 0.00688151 9.98158E-05 9.98158E-05 0.528547 0.0166853 9.98158E-05 9.98158E-05 9.98158E-05 9.98158E-05 0.0934765 9.98158E-05
9.97981E-05 9.97981E-05 0.895365 9.97981E-05 9.97981E-05 9.97981E-05 9.97981E-05 9.97981E-05 9.97981E-05 9.97981E-05 9.97981E-05 9.97981E-05 9.97981E-05 0.0331157 9.97981E-05 9.97981E-05 9.97981E-05 9.97981E-05 9.97981E-05 0.069224 9.97981E-05 9.97981E-05 9.97981E-05 9.97981E-05 9.97981E-05 9.97981E-05
9.98158E-05 9.98158E-05 0.448128 9.98158E-05 9.98158E-05 9.98158E-05 9.98158E-05 9.98158E-05 9.98158E-05 9.98158E-05 9.98158E-05 9.98158E-05 9.98158E-05 0.215728 0.0502906 9.98158E-05 9.98158E-05 9.98158E-05 9.98158E-05 0.17263 9.98158E-05 9.98158E-05 9.98158E-05 9.98158E-05 9.98158E-05 0.111127
9.98157E-05 9.98157E-05 0.520635 9.98157E-05 9.98157E-05 0.00904645 9.98157E-05 0.0697209 9.98157E-05 9.98157E-05 9.98157E-05 9.98157E-05 9.98157E-05 9.98157E-05 9.98157E-05 9.98157E-05 9.98157E-05 9.98157E-05 0.334613 0.0638887 9.98157E-05 9.98157E-05 9.98157E-05 9.98157E-05 9.98157E-05 9.98157E-05
9.98155E-05 9.98155E-05 0.256861 9.98155E-05 9.98155E-05 0.00880513 9.98155E-05 9.98155E-05 0.103365 9.98155E-05 9.98155E-05 9.98155E-05 9.98155E-05 9.98155E-05 9.98155E-05 9.98155E-05 9.98155E-05 9.98155E-05 9.98155E-05 0.0790406 9.98155E-05 9.98155E-05 9.98155E-05 9.98155E-05 9.98155E-05 0.549832
9.98245E-05 9.98245E-05 0.796176 9.98245E-05 9.98245E-05 9.98245E-05 9.98245E-05 0.00547603 0.0262797 9.98245E-05 0.0542633 9.98245E-05 9.98245E-05 0.00552249 9.98245E-05 9.98245E-05 9.98245E-05 9.98245E-05 9.98245E-05 9.98245E-05 9.98245E-05 9.98245E-05 9.98245E-05 9.98245E-05 9.98245E-05 0.110286
9.98244E-05 9.98244E-05 0.439413 9.98244E-05 9.98244E-05 9.98244E-05 9.98244E-05 0.130797 9.98244E-05 9.98244E-05 9.98244E-05 9.98244E-05 0.0119089 0.243687 9.98244E-05 9.98244E-05 9.98244E-05 9.98244E-05 9.98244E-05 0.0872645 0.0849333 9.98244E-05 9.98244E-05 9.98244E-05 9.98244E-05 9.98244E-05
9.98068E-05 0.0293001 0.869375 9.98068E-05 9.98068E-05 9.98068E-05 9.98068E-05 9.98068E-05 9.98068E-05 9.98068E-05 9.98068E-05 9.98068E-05 9.98068E-05 9.98068E-05 9.98068E-05 9.98068E-05 9.98068E-05 9.98068E-05 9.98068E-05 0.0566218 9.98068E-05 9.98068E-05 9.98068E-05 0.0425072 9.98068E-05 9.98068E-05
0.0019778 9.97983E-05 0.84541 9.97983E-05 9.97983E-05 9.97983E-05 9.97983E-05 9.97983E-05 9.97983E-05 9.97983E-05 9.97983E-05 9.97983E-05 9.97983E-05 9.97983E-05 9.97983E-05 9.97983E-05 9.97983E-05 9.97983E-05 9.97983E-05 9.97983E-05 9.97983E-05 9.97983E-05 9.97983E-05 9.97983E-05 9.97983E-05 0.150317
0.102617 9.98245E-05 0.54332 9.98245E-05 9.98245E-05 9.98245E-05 9.98245E-05 9.98245E-05 9.98245E-05 0.0688431 9.98245E-05 9.98245E-05 0.0129849 0.0172475 9.98245E-05 9.98245E-05 9.98245E-05 9.98245E-05 9.98245E-05 9.98245E-05 9.98245E-05 9.98245E-05 0.252991 9.98245E-05 9.98245E-05 9.98245E-05
9.98068E-05 9.98068E-05 0.571407 9.98068E-05 9.98068E-05 9.98068E-05 9.98068E-05 9.98068E-05 9.98068E-05 9.98068E-05 9.98068E-05 0.072656 9.98068E-05 0.0971492 9.98068E-05 9.98068E-05 9.98068E-05 9.98068E-05 9.98068E-05 0.256592 9.98068E-05 9.98068E-05 9.98068E-05 9.98068E-05 9.98068E-05 9.98068E-05
0.0124844 9.98157E-05 0.111479 9.98157E-05 9.98157E-05 9.98157E-05 9.98157E-05 9.98157E-05 9.98157E-05 9.98157E-05 9.98157E-05 0.0166202 9.98157E-05 0.025964 9.98157E-05 9.98157E-05 9.98157E-05 9.98157E-05 9.98157E-05 9.98157E-05 9.98157E-05 9.98157E-05 0.831357 9.98157E-05 9.98157E-05 9.98157E-05
9.98247E-05 9.98247E-05 0.569061 9.98247E-05 9.98247E-05 9.98247E-05 9.98247E-05 9.98247E-05 9.98247E-05 9.98247E-05 9.98247E-05 9.98247E-05 9.98247E-05 0.031785 9.98247E-05 9.98247E-05 9.98247E-05 9.98247E-05 0.0429416 0.0270784 9.98247E-05 9.98247E-05 0.305538 9.98247E-05 9.98247E-05 0.0215995
9.97893E-05 9.97893E-05 0.177562 9.97893E-05 9.97893E-05 9.97893E-05 9.97893E-05 9.97893E-05 9.97893E-05 9.97893E-05 9.97893E-05 9.97893E-05 9.97893E-05 9.97893E-05 9.97893E-05 9.97893E-05 9.97893E-05 9.97893E-05 0.820043 9.97893E-05 9.97893E-05 9.97893E-05 9.97893E-05 9.97893E-05 9.97893E-05 9.97893E-05
0.016778 9.98247E-05 0.162787 9.98247E-05 9.98247E-05 9.98247E-05 9.98247E-05 0.00758272 9.98247E-05 9.98247E-05 9.98247E-05 9.98247E-05 9.98247E-05 0.0259353 9.98247E-05 9.98247E-05 0.0284156 9.98247E-05 9.98247E-05 9.98247E-05 9.98247E-05 9.98247E-05 0.756505 9.98247E-05 9.98247E-05 9.98247E-05
9.98245E-05 9.98245E-05 0.495079 9.98245E-05 9.98245E-05 0.0136218 9.98245E-05 9.98245E-05 9.98245E-05 9.98245E-05 9.98245E-05 9.98245E-05 9.98245E-05 0.0946484 9.98245E-05 9.98245E-05 0.0671212 9.98245E-05 9.98245E-05 0.300271 0.0272617 9.98245E-05 9.98245E-05 9.98245E-05 9.98245E-05 9.98245E-05
9.98334E-05 0.0724581 0.704372 9.98334E-05 9.98334E-05 9.98334E-05 9.98334E-05 9.98334E-05 9.98334E-05 0.000548643 9.98334E-05 9.98334E-05 9.98334E-05 0.163506 9.98334E-05 9.98334E-05 9.98334E-05 9.98334E-05 9.98334E-05 0.0195301 0.00623361 9.98334E-05 0.0314552 9.98334E-05 9.98334E-05 9.98334E-05
9.98158E-05 9.98158E-05 0.0488001 9.98158E-05 9.98158E-05 9.98158E-05 9.98158E-05 0.113663 9.98158E-05 9.98158E-05 9.98158E-05 9.98158E-05 9.98158E-05 0.135133 0.43759 9.98158E-05 9.98158E-05 9.98158E-05 9.98158E-05 9.98158E-05 9.98158E-05 9.98158E-05 0.262718 9.98158E-05 9.98158E-05 9.98158E-05
9.98069E-05 9.98069E-05 0.174172 9.98069E-05 9.98069E-05 9.98069E-05 9.98069E-05 9.98069E-05 9.98069E-05 9.98069E-05 9.98069E-05 9.98069E-05 9.98069E-05 9.98069E-05 0.53506 9.98069E-05 9.98069E-05 9.98069E-05 9.98069E-05 9.98069E-05 9.98069E-05 9.98069E-05 0.0780277 9.98069E-05 9.98069E-05 0.210545
9.98156E-05 9.98156E-05 0.524653 9.98156E-05 9.98156E-05 9.98156E-05 9.98156E-05 0.117363 9.98156E-05 9.98156E-05 9.98156E-05 9.98156E-05 9.98156E-05 0.204115 9.98156E-05 9.98156E-05 0.104478 9.98156E-05 9.98156E-05 9.98156E-05 9.98156E-05 9.98156E-05 9.98156E-05 0.0472944 9.98156E-05 9.98156E-05
