9.98507E-05 0.367962 0.0990221 9.98507E-05 9.98507E-05 9.98507E-05 9.98507E-05 0.0549251 9.98507E-05 9.98507E-05 9.98507E-05 9.98507E-05 9.98507E-05 0.0105472 9.98507E-05 0.0707165 0.293221 0.101908 9.98507E-05 9.98507E-05 9.98507E-05 9.98507E-05 9.98507E-05 9.98507E-05
9.98158E-05 0.8034 9.98158E-05 9.98158E-05 9.98158E-05 9.98158E-05 9.98158E-05 9.98158E-05 9.98158E-05 9.98158E-05 9.98158E-05 9.98158E-05 9.98158E-05 9.98158E-05 9.98158E-05 9.98158E-05 0.0985257 0.0959786 9.98158E-05 9.98158E-05 9.98158E-05 9.98158E-05 9.98158E-05 9.98158E-05
9.97982E-05 9.97982E-05 9.97982E-05 0.997705 9.97982E-05 9.97982E-05 9.97982E-05 9.97982E-05 9.97982E-05 9.97982E-05 9.97982E-05 9.97982E-05 9.97982E-05 9.97982E-05 9.97982E-05 9.97982E-05 9.97982E-05 9.97982E-05 9.97982E-05 9.97982E-05 9.97982E-05 9.97982E-05 9.97982E-05 9.97982E-05
9.98772E-05 0.301821 0.120812 9.98772E-05 0.0186361 9.98772E-05 9.98772E-05 9.98772E-05 9.98772E-05 0.00688079 9.98772E-05 0.201739 9.98772E-05 0.0390667 9.98772E-05 0.135072 9.98772E-05 0.0110928 0.0318519 9.98772E-05 9.98772E-05 9.98772E-05 0.131629 9.98772E-05
9.98246E-05 0.675852 9.98246E-05 0.178759 9.98246E-05 9.98246E-05 9.98246E-05 9.98246E-05 9.98246E-05 9.98246E-05 9.98246E-05 9.98246E-05 0.0854443 9.98246E-05 9.98246E-05 9.98246E-05 9.98246E-05 9.98246E-05 0.0579483 9.98246E-05 9.98246E-05 9.98246E-05 9.98246E-05 9.98246E-05
9.98859E-05 0.020794 0.107923 0.181 9.98859E-05 0.0165485 9.98859E-05 9.98859E-05 9.98859E-05 0.0727524 9.98859E-05 0.0412336 0.151277 9.98859E-05 9.98859E-05 9.98859E-05 0.237402 0.0150692 9.98859E-05 9.98859E-05 0.0552005 9.98859E-05 0.0995016 9.98859E-05
9.9851E-05 0.324642 0.0402808 9.9851E-05 0.0440967 0.0623237 9.9851E-05 9.9851E-05 9.9851E-05 9.9851E-05 9.9851E-05 0.20667 9.9851E-05 0.134646 9.9851E-05 9.9851E-05 9.9851E-05 9.9851E-05 9.9851E-05 9.9851E-05 0.185644 9.9851E-05 9.9851E-05 9.9851E-05
9.98685E-05 9.98685E-05 0.22277 0.19868 9.98685E-05 9.98685E-05 9.98685E-05 0.0867393 9.98685E-05 0.159217 9.98685E-05 0.0565821 0.0600342 9.98685E-05 0.0717317 9.98685E-05 9.98685E-05 9.98685E-05 0.00834973 9.98685E-05 0.134398 9.98685E-05 9.98685E-05 9.98685E-05
0.0823155 0.107106 0.0323495 0.152855 0.256197 9.98508E-05 9.98508E-05 9.98508E-05 9.98508E-05 0.228929 9.98508E-05 9.98508E-05 9.98508E-05 9.98508E-05 9.98508E-05 9.98508E-05 9.98508E-05 9.98508E-05 0.138551 9.98508E-05 9.98508E-05 9.98508E-05 9.98508E-05 9.98508E-05
9.97981E-05 0.997705 9.97981E-05 9.97981E-05 9.97981E-05 9.97981E-05 9.97981E-05 9.97981E-05 9.97981E-05 9.97981E-05 9.97981E-05 9.97981E-05 9.97981E-05 9.97981E-05 9.97981E-05 9.97981E-05 9.97981E-05 9.97981E-05 9.97981E-05 9.97981E-05 9.97981E-05 9.97981E-05 9.97981E-05 9.97981E-05
9.98333E-05 0.642377 0.0523397 9.98333E-05 0.162846 9.98333E-05 9.98333E-05 9.98333E-05 9.98333E-05 0.00636704 9.98333E-05 9.98333E-05 9.98333E-05 0.134174 9.98333E-05 9.98333E-05 9.98333E-05 9.98333E-05 9.98333E-05 9.98333E-05 9.98333E-05 9.98333E-05 9.98333E-05 9.98333E-05
9.98333E-05 9.98333E-05 9.98333E-05 0.951725 9.98333E-05 9.98333E-05 9.98333E-05 9.98333E-05 9.98333E-05 9.98333E-05 9.98333E-05 0.000620685 9.98333E-05 0.0226708 0.00793357 9.98333E-05 9.98333E-05 9.98333E-05 9.98333E-05 9.98333E-05 9.98333E-05 9.98333E-05 9.98333E-05 0.0151536
9.98158E-05 0.921969 0.0381094 9.98158E-05 0.0378257 9.98158E-05 9.98158E-05 9.98158E-05 9.98158E-05 9.98158E-05 9.98158E-05 9.98158E-05 9.98158E-05 9.98158E-05 9.98158E-05 9.98158E-05 9.98158E-05 9.98158E-05 9.98158E-05 9.98158E-05 9.98158E-05 9.98158E-05 9.98158E-05 9.98158E-05
9.98509E-05 9.98509E-05 9.98509E-05 0.505073 9.98509E-05 0.00103819 0.311097 0.00697459 9.98509E-05 9.98509E-05 9.98509E-05 9.98509E-05 9.98509E-05 0.0482563 0.0585301 0.0673339 9.98509E-05 9.98509E-05 9.98509E-05 9.98509E-05 9.98509E-05 9.98509E-05 9.98509E-05 9.98509E-05
0.0710606 0.298979 0.0095481 0.00673483 0.082375 9.98772E-05 9.98772E-05 9.98772E-05 9.98772E-05 0.116355 9.98772E-05 9.98772E-05 9.98772E-05 9.98772E-05 9.98772E-05 0.0105985 0.204976 9.98772E-05 9.98772E-05 0.0696292 9.98772E-05 9.98772E-05 0.128345 9.98772E-05
9.9877E-05 0.13326 0.126457 0.081879 0.13418 9.9877E-05 9.9877E-05 0.0510615 9.9877E-05 0.0355732 9.9877E-05 9.9877E-05 9.9877E-05 9.9877E-05 0.123929 0.0145638 0.228295 9.9877E-05 0.0694033 9.9877E-05 9.9877E-05 9.9877E-05 9.9877E-05 9.9877E-05
9.98596E-05 9.98596E-05 0.0735462 0.56431 0.0694701 9.98596E-05 9.98596E-05 0.0537254 0.0273183 9.98596E-05 9.98596E-05 9.98596E-05 9.98596E-05 0.0290063 9.98596E-05 9.98596E-05 9.98596E-05 0.0934058 9.98596E-05 0.08762 9.98596E-05 9.98596E-05 9.98596E-05 9.98596E-05
9.9851E-05 0.271077 0.0759637 9.9851E-05 0.190632 9.9851E-05 9.9851E-05 9.9851E-05 9.9851E-05 0.0113368 9.9851E-05 9.9851E-05 9.9851E-05 9.9851E-05 9.9851E-05 9.9851E-05 0.199952 9.9851E-05 9.9851E-05 9.9851E-05 9.9851E-05 0.0483287 9.9851E-05 0.201013
9.98508E-05 0.422995 0.177261 0.00183944 0.143038 9.98508E-05 9.98508E-05 9.98508E-05 9.98508E-05 0.116029 9.98508E-05 0.100497 9.98508E-05 9.98508E-05 9.98508E-05 0.0366439 9.98508E-05 9.98508E-05 9.98508E-05 9.98508E-05 9.98508E-05 9.98508E-05 9.98508E-05 9.98508E-05
9.9816E-05 0.565444 9.9816E-05 0.404111 9.9816E-05 9.9816E-05 9.9816E-05 9.9816E-05 9.9816E-05 9.9816E-05 9.9816E-05 9.9816E-05 9.9816E-05 9.9816E-05 9.9816E-05 9.9816E-05 9.9816E-05 9.9816E-05 9.9816E-05 9.9816E-05 9.9816E-05 0.0283489 9.9816E-05 9.9816E-05
0.0221836 9.98683E-05 0.00509701 0.500965 0.0259903 9.98683E-05 9.98683E-05 9.98683E-05 9.98683E-05 0.0671224 9.98683E-05 9.98683E-05 9.98683E-05 0.0845768 0.0806722 9.98683E-05 9.98683E-05 9.98683E-05 0.211251 9.98683E-05 9.98683E-05 0.000644135 9.98683E-05 9.98683E-05
9.9851E-05 0.29155 0.398511 9.9851E-05 9.9851E-05 0.00930792 9.9851E-05 9.9851E-05 9.9851E-05 0.0825598 9.9851E-05 0.0124246 0.111897 9.9851E-05 9.9851E-05 9.9851E-05 9.9851E-05 9.9851E-05 9.9851E-05 9.9851E-05 0.092052 9.9851E-05 9.9851E-05 9.9851E-05
9.98333E-05 9.98333E-05 9.98333E-05 0.67012 0.0843219 9.98333E-05 9.98333E-05 9.98333E-05 9.98333E-05 9.98333E-05 9.98333E-05 9.98333E-05 9.98333E-05 0.0229764 9.98333E-05 9.98333E-05 0.186078 9.98333E-05 9.98333E-05 9.98333E-05 0.0346063 9.98333E-05 9.98333E-05 9.98333E-05
0.0486732 0.377874 0.257393 9.98421E-05 0.231215 9.98421E-05 9.98421E-05 9.98421E-05 9.98421E-05 9.98421E-05 9.98421E-05 9.98421E-05 9.98421E-05 9.98421E-05 9.98421E-05 9.98421E-05 0.0308062 9.98421E-05 9.98421E-05 9.98421E-05 9.98421E-05 9.98421E-05 0.0522418 9.98421E-05
9.98508E-05 0.161579 0.132465 0.0666733 0.254846 9.98508E-05 9.98508E-05 9.98508E-05 9.98508E-05 0.0168191 9.98508E-05 9.98508E-05 9.98508E-05 9.98508E-05 9.98508E-05 0.191013 9.98508E-05 9.98508E-05 9.98508E-05 9.98508E-05 9.98508E-05 9.98508E-05 0.174907 9.98508E-05
9.98508E-05 0.503263 0.0857001 0.291338 0.0664205 9.98508E-05 9.98508E-05 9.98508E-05 9.98508E-05 9.98508E-05 9.98508E-05 0.0268915 9.98508E-05 9.98508E-05 9.98508E-05 9.98508E-05 9.98508E-05 9.98508E-05 0.00170069 9.98508E-05 9.98508E-05 9.98508E-05 0.0229895 9.98508E-05
9.98508E-05 0.0541439 0.299345 9.98508E-05 0.0331931 9.98508E-05 9.98508E-05 9.98508E-05 9.98508E-05 9.98508E-05 0.209519 9.98508E-05 9.98508E-05 9.98508E-05 0.0359395 9.98508E-05 9.98508E-05 9.98508E-05 9.98508E-05 9.98508E-05 9.98508E-05 9.98508E-05 0.225172 0.14099
9.98335E-05 0.836019 0.0186563 9.98335E-05 0.0174927 9.98335E-05 9.98335E-05 9.98335E-05 9.98335E-05 9.98335E-05 9.98335E-05 0.0605234 9.98335E-05 9.98335E-05 9.98335E-05 9.98335E-05 9.98335E-05 9.98335E-05 9.98335E-05 9.98335E-05 0.0654117 9.98335E-05 9.98335E-05 9.98335E-05
9.98422E-05 0.723334 9.98422E-05 9.98422E-05 0.159118 9.98422E-05 9.98422E-05 9.98422E-05 9.98422E-05 9.98422E-05 0.00688998 9.98422E-05 9.98422E-05 9.98422E-05 9.98422E-05 0.0478148 0.0598375 9.98422E-05 9.98422E-05 9.98422E-05 9.98422E-05 9.98422E-05 0.00120773 9.98422E-05
9.98334E-05 0.0320972 9.98334E-05 0.580247 0.0513355 9.98334E-05 9.98334E-05 0.0278755 9.98334E-05 9.98334E-05 9.98334E-05 9.98334E-05 9.98334E-05 9.98334E-05 9.98334E-05 9.98334E-05 9.98334E-05 9.98334E-05 9.98334E-05 0.306548 9.98334E-05 9.98334E-05 9.98334E-05 9.98334E-05
9.98508E-05 0.678292 9.98508E-05 9.98508E-05 0.0298899 9.98508E-05 9.98508E-05 9.98508E-05 9.98508E-05 0.00757721 9.98508E-05 9.98508E-05 9.98508E-05 0.105983 9.98508E-05 0.00506042 0.133947 9.98508E-05 9.98508E-05 9.98508E-05 9.98508E-05 0.0375524 9.98508E-05 9.98508E-05
9.98599E-05 0.571168 9.98599E-05 9.98599E-05 0.0452766 9.98599E-05 9.98599E-05 9.98599E-05 0.0410671 9.98599E-05 9.98599E-05 0.0169972 0.00615492 0.125523 9.98599E-05 0.0546012 9.98599E-05 9.98599E-05 9.98599E-05 9.98599E-05 9.98599E-05 9.98599E-05 0.137614 9.98599E-05
9.98684E-05 0.517559 0.0889694 0.0244953 0.131019 0.0218282 9.98684E-05 9.98684E-05 9.98684E-05 9.98684E-05 9.98684E-05 9.98684E-05 9.98684E-05 0.0719442 0.0395774 9.98684E-05 0.0506248 9.98684E-05 9.98684E-05 9.98684E-05 9.98684E-05 9.98684E-05 0.0524841 9.98684E-05
9.98332E-05 9.98332E-05 0.176772 0.59416 0.0891587 9.98332E-05 9.98332E-05 9.98332E-05 9.98332E-05 9.98332E-05 9.98332E-05 9.98332E-05 9.98332E-05 9.98332E-05 9.98332E-05 9.98332E-05 9.98332E-05 9.98332E-05 9.98332E-05 9.98332E-05 9.98332E-05 9.98332E-05 0.115782 0.0222309
9.98597E-05 0.522357 9.98597E-05 0.308963 0.0192565 9.98597E-05 9.98597E-05 9.98597E-05 9.98597E-05 0.0159439 0.00370716 9.98597E-05 9.98597E-05 0.0138922 9.98597E-05 0.0916377 9.98597E-05 0.0226447 9.98597E-05 9.98597E-05 9.98597E-05 9.98597E-05 9.98597E-05 9.98597E-05
0.0447607 0.664074 0.0703489 0.0138601 9.98772E-05 9.98772E-05 9.98772E-05 0.0077101 9.98772E-05 0.00448008 0.0631626 0.0506597 9.98772E-05 9.98772E-05 9.98772E-05 9.98772E-05 0.0215498 0.0579958 9.98772E-05 9.98772E-05 9.98772E-05 9.98772E-05 9.98772E-05 9.98772E-05
9.9816E-05 9.9816E-05 9.9816E-05 0.874874 9.9816E-05 9.9816E-05 9.9816E-05 9.9816E-05 9.9816E-05 9.9816E-05 9.9816E-05 0.0628953 9.9816E-05 9.9816E-05 9.9816E-05 9.9816E-05 9.9816E-05 9.9816E-05 9.9816E-05 9.9816E-05 0.060135 9.9816E-05 9.9816E-05 9.9816E-05
9.98422E-05 9.98422E-05 0.0610813 0.699016 0.0365892 9.98422E-05 9.98422E-05 9.98422E-05 9.98422E-05 0.110659 9.98422E-05 9.98422E-05 9.98422E-05 9.98422E-05 9.98422E-05 0.0182331 9.98422E-05 0.0726246 9.98422E-05 9.98422E-05 9.98422E-05 9.98422E-05 9.98422E-05 9.98422E-05
9.98597E-05 0.00663183 0.0617772 0.520552 0.124273 9.98597E-05 9.98597E-05 9.98597E-05 9.98597E-05 9.98597E-05 9.98597E-05 9.98597E-05 0.0984374 9.98597E-05 9.98597E-05 0.00458114 9.98597E-05 0.0462412 9.98597E-05 0.135909 9.98597E-05 9.98597E-05 9.98597E-05 9.98597E-05
9.9842E-05 9.9842E-05 0.0165586 0.615682 0.106912 0.0249517 9.9842E-05 9.9842E-05 9.9842E-05 9.9842E-05 9.9842E-05 9.9842E-05 9.9842E-05 9.9842E-05 0.0300343 9.9842E-05 9.9842E-05 9.9842E-05 9.9842E-05 9.9842E-05 9.9842E-05 9.9842E-05 0.204065 9.9842E-05
9.98247E-05 0.907808 0.0364533 9.98247E-05 0.0328005 9.98247E-05 9.98247E-05 9.98247E-05 9.98247E-05 9.98247E-05 9.98247E-05 9.98247E-05 9.98247E-05 0.020942 9.98247E-05 9.98247E-05 9.98247E-05 9.98247E-05 9.98247E-05 9.98247E-05 9.98247E-05 9.98247E-05 9.98247E-05 9.98247E-05
0.000920666 0.728963 0.109649 9.9851E-05 0.0476113 9.9851E-05 9.9851E-05 9.9851E-05 9.9851E-05 0.0070502 0.0506996 9.9851E-05 9.9851E-05 9.9851E-05 9.9851E-05 9.9851E-05 9.9851E-05 9.9851E-05 9.9851E-05 9.9851E-05 0.0534082 9.9851E-05 9.9851E-05 9.9851E-05
9.98159E-05 0.88382 9.98159E-05 9.98159E-05 9.98159E-05 9.98159E-05 9.98159E-05 9.98159E-05 9.98159E-05 9.98159E-05 9.98159E-05 9.98159E-05 9.98159E-05 9.98159E-05 9.98159E-05 9.98159E-05 9.98159E-05 9.98159E-05 9.98159E-05 0.0176737 0.0964106 9.98159E-05 9.98159E-05 9.98159E-05
9.98597E-05 0.375318 0.101973 0.0404915 0.177651 9.98597E-05 9.98597E-05 9.98597E-05 9.98597E-05 0.0932922 9.98597E-05 9.98597E-05 9.98597E-05 0.0413786 9.98597E-05 9.98597E-05 0.123914 9.98597E-05 9.98597E-05 9.98597E-05 0.0443843 9.98597E-05 9.98597E-05 9.98597E-05
9.98247E-05 9.98247E-05 0.453218 0.277825 0.12916 9.98247E-05 9.98247E-05 9.98247E-05 9.98247E-05 9.98247E-05 9.98247E-05 0.1378 9.98247E-05 9.98247E-05 9.98247E-05 9.98247E-05 9.98247E-05 9.98247E-05 9.98247E-05 9.98247E-05 9.98247E-05 9.98247E-05 9.98247E-05 9.98247E-05
9.98684E-05 0.615513 0.0289581 0.208923 0.0536793 9.98684E-05 9.98684E-05 9.98684E-05 9.98684E-05 9.98684E-05 0.000111925 0.00574148 0.00406255 9.98684E-05 9.98684E-05 9.98684E-05 9.98684E-05 9.98684E-05 0.00736383 9.98684E-05 9.98684E-05 0.0741488 9.98684E-05 9.98684E-05
9.98333E-05 0.868946 9.98333E-05 9.98333E-05 9.98333E-05 9.98333E-05 9.98333E-05 9.98333E-05 9.98333E-05 0.0130518 9.98333E-05 9.98333E-05 9.98333E-05 0.00298026 9.98333E-05 9.98333E-05 9.98333E-05 0.0440219 9.98333E-05 9.98333E-05 9.98333E-05 9.98333E-05 9.98333E-05 0.0691027
9.97983E-05 9.97983E-05 9.97983E-05 0.997705 9.97983E-05 9.97983E-05 9.97983E-05 9.97983E-05 9.97983E-05 9.97983E-05 9.97983E-05 9.97983E-05 9.97983E-05 9.97983E-05 9.97983E-05 9.97983E-05 9.97983E-05 9.97983E-05 9.97983E-05 9.97983E-05 9.97983E-05 9.97983E-05 9.97983E-05 9.97983E-05
9.98509E-05 0.434692 0.0849786 0.194203 0.0979826 9.98509E-05 9.98509E-05 9.98509E-05 9.98509E-05 9.98509E-05 9.98509E-05 9.98509E-05 9.98509E-05 0.0508699 0.0438574 9.98509E-05 0.0917188 9.98509E-05 9.98509E-05 9.98509E-05 9.98509E-05 9.98509E-05 9.98509E-05 9.98509E-05
9.98599E-05 0.0807465 0.0330434 0.686552 9.98599E-05 0.134062 9.98599E-05 9.98599E-05 9.98599E-05 0.00185139 9.98599E-05 9.98599E-05 9.98599E-05 0.0276402 9.98599E-05 9.98599E-05 9.98599E-05 9.98599E-05 9.98599E-05 9.98599E-05 9.98599E-05 0.00214465 9.98599E-05 0.0323619
9.98683E-05 0.255625 9.98683E-05 0.0856491 0.180705 9.98683E-05 9.98683E-05 9.98683E-05 9.98683E-05 0.0392394 0.115636 9.98683E-05 9.98683E-05 0.101497 9.98683E-05 0.0797341 0.00106303 9.98683E-05 9.98683E-05 9.98683E-05 9.98683E-05 9.98683E-05 0.139354 9.98683E-05
9.9851E-05 0.655193 0.171654 9.9851E-05 9.9851E-05 0.0127371 9.9851E-05 9.9851E-05 9.9851E-05 9.9851E-05 9.9851E-05 0.0230115 0.0701881 9.9851E-05 9.9851E-05 0.00829585 9.9851E-05 9.9851E-05 9.9851E-05 9.9851E-05 9.9851E-05 9.9851E-05 9.9851E-05 0.0572232
9.98071E-05 0.982646 9.98071E-05 9.98071E-05 9.98071E-05 9.98071E-05 9.98071E-05 9.98071E-05 9.98071E-05 9.98071E-05 9.98071E-05 9.98071E-05 9.98071E-05 9.98071E-05 9.98071E-05 9.98071E-05 9.98071E-05 9.98071E-05 9.98071E-05 9.98071E-05 0.0151581 9.98071E-05 9.98071E-05 9.98071E-05
9.9851E-05 9.9851E-05 9.9851E-05 0.710524 0.00379324 9.9851E-05 9.9851E-05 9.9851E-05 9.9851E-05 0.00142357 9.9851E-05 9.9851E-05 9.9851E-05 9.9851E-05 0.12501 0.143618 9.9851E-05 9.9851E-05 0.00549437 9.9851E-05 9.9851E-05 9.9851E-05 9.9851E-05 0.00843926
9.9816E-05 9.9816E-05 9.9816E-05 0.850146 0.132367 9.9816E-05 9.9816E-05 9.9816E-05 9.9816E-05 9.9816E-05 9.9816E-05 0.0153909 9.9816E-05 9.9816E-05 9.9816E-05 9.9816E-05 9.9816E-05 9.9816E-05 9.9816E-05 9.9816E-05 9.9816E-05 9.9816E-05 9.9816E-05 9.9816E-05
9.98247E-05 0.31093 9.98247E-05 0.429218 9.98247E-05 9.98247E-05 9.98247E-05 9.98247E-05 9.98247E-05 9.98247E-05 9.98247E-05 9.98247E-05 9.98247E-05 9.98247E-05 9.98247E-05 0.0843129 9.98247E-05 9.98247E-05 9.98247E-05 9.98247E-05 9.98247E-05 9.98247E-05 0.173543 9.98247E-05
9.98333E-05 0.302554 9.98333E-05 0.476412 0.135133 9.98333E-05 9.98333E-05 9.98333E-05 9.98333E-05 9.98333E-05 9.98333E-05 9.98333E-05 9.98333E-05 9.98333E-05 9.98333E-05 9.98333E-05 9.98333E-05 9.98333E-05 9.98333E-05 9.98333E-05 0.0202803 9.98333E-05 9.98333E-05 0.0637239
9.98422E-05 0.429096 0.0236234 0.413562 0.0367481 9.98422E-05 9.98422E-05 9.98422E-05 9.98422E-05 9.98422E-05 9.98422E-05 0.064382 9.98422E-05 0.0307909 9.98422E-05 9.98422E-05 9.98422E-05 9.98422E-05 9.98422E-05 9.98422E-05 9.98422E-05 9.98422E-05 9.98422E-05 9.98422E-05
9.98333E-05 0.778567 9.98333E-05 0.080475 9.98333E-05 0.088259 9.98333E-05 9.98333E-05 9.98333E-05 9.98333E-05 9.98333E-05 9.98333E-05 9.98333E-05 0.0344382 9.98333E-05 9.98333E-05 9.98333E-05 9.98333E-05 9.98333E-05 9.98333E-05 0.0163636 9.98333E-05 9.98333E-05 9.98333E-05
9.9842E-05 9.9842E-05 9.9842E-05 9.9842E-05 0.103666 9.9842E-05 9.9842E-05 9.9842E-05 9.9842E-05 9.9842E-05 9.9842E-05 9.9842E-05 9.9842E-05 9.9842E-05 9.9842E-05 9.9842E-05 0.621899 0.0359121 9.9842E-05 9.9842E-05 9.9842E-05 0.0311218 0.0787046 0.126899
9.98073E-05 9.98073E-05 9.98073E-05 9.98073E-05 9.98073E-05 9.98073E-05 9.98073E-05 9.98073E-05 9.98073E-05 9.98073E-05 9.98073E-05 9.98073E-05 9.98073E-05 9.98073E-05 9.98073E-05 0.023169 0.974635 9.98073E-05 9.98073E-05 9.98073E-05 9.98073E-05 9.98073E-05 9.98073E-05 9.98073E-05
9.98245E-05 9.98245E-05 9.98245E-05 9.98245E-05 9.98245E-05 0.0358654 9.98245E-05 9.98245E-05 9.98245E-05 9.98245E-05 9.98245E-05 9.98245E-05 9.98245E-05 0.00820983 9.98245E-05 9.98245E-05 0.830882 9.98245E-05 9.98245E-05 9.98245E-05 9.98245E-05 9.98245E-05 9.98245E-05 0.123046
9.98421E-05 9.98421E-05 9.98421E-05 9.98421E-05 9.98421E-05 0.00892057 9.98421E-05 9.98421E-05 9.98421E-05 0.120328 9.98421E-05 9.98421E-05 9.98421E-05 9.98421E-05 9.98421E-05 9.98421E-05 0.236378 0.319755 9.98421E-05 9.98421E-05 9.98421E-05 9.98421E-05 0.26349 0.0493308
9.98594E-05 9.98594E-05 0.0571378 9.98594E-05 0.0359927 0.0103777 9.98594E-05 9.98594E-05 9.98594E-05 0.0743227 9.98594E-05 9.98594E-05 9.98594E-05 9.98594E-05 9.98594E-05 0.0139775 0.658186 9.98594E-05 9.98594E-05 9.98594E-05 9.98594E-05 0.114005 9.98594E-05 0.0344024
9.98506E-05 9.98506E-05 0.106012 9.98506E-05 0.208892 9.98506E-05 9.98506E-05 0.00490584 9.98506E-05 0.0235367 9.98506E-05 9.98506E-05 9.98506E-05 0.0329772 9.98506E-05 9.98506E-05 0.567333 9.98506E-05 9.98506E-05 9.98506E-05 0.0546454 9.98506E-05 9.98506E-05 9.98506E-05
9.98331E-05 9.98331E-05 9.98331E-05 9.98331E-05 0.121985 9.98331E-05 9.98331E-05 9.98331E-05 9.98331E-05 9.98331E-05 9.98331E-05 9.98331E-05 9.98331E-05 0.0281509 9.98331E-05 9.98331E-05 0.511589 0.0640025 9.98331E-05 9.98331E-05 0.272376 9.98331E-05 9.98331E-05 9.98331E-05
9.98506E-05 9.98506E-05 9.98506E-05 9.98506E-05 0.0431307 9.98506E-05 9.98506E-05 9.98506E-05 9.98506E-05 0.0321816 9.98506E-05 9.98506E-05 9.98506E-05 0.0216983 9.98506E-05 9.98506E-05 0.470653 9.98506E-05 9.98506E-05 9.98506E-05 0.157678 9.98506E-05 0.0165517 0.25641
9.98158E-05 9.98158E-05 9.98158E-05 9.98158E-05 9.98158E-05 9.98158E-05 0.0489233 9.98158E-05 9.98158E-05 9.98158E-05 0.00886447 9.98158E-05 9.98158E-05 9.98158E-05 9.98158E-05 9.98158E-05 0.940116 9.98158E-05 9.98158E-05 9.98158E-05 9.98158E-05 9.98158E-05 9.98158E-05 9.98158E-05
9.98069E-05 9.98069E-05 9.98069E-05 9.98069E-05 9.98069E-05 9.98069E-05 9.98069E-05 9.98069E-05 9.98069E-05 9.98069E-05 9.98069E-05 9.98069E-05 9.98069E-05 0.0136106 9.98069E-05 9.98069E-05 0.984194 9.98069E-05 9.98069E-05 9.98069E-05 9.98069E-05 9.98069E-05 9.98069E-05 9.98069E-05
9.98242E-05 9.98242E-05 9.98242E-05 9.98242E-05 0.269385 9.98242E-05 9.98242E-05 9.98242E-05 9.98242E-05 0.042668 9.98242E-05 9.98242E-05 9.98242E-05 0.143385 9.98242E-05 9.98242E-05 0.542566 9.98242E-05 9.98242E-05 9.98242E-05 9.98242E-05 9.98242E-05 9.98242E-05 9.98242E-05
9.98858E-05 9.98858E-05 0.0954374 9.98858E-05 0.0779314 0.0226689 9.98858E-05 0.012424 9.98858E-05 9.98858E-05 9.98858E-05 0.0616256 0.0328959 0.0176496 0.0968667 9.98858E-05 0.502365 0.0425609 9.98858E-05 9.98858E-05 0.0362763 9.98858E-05 9.98858E-05 9.98858E-05
9.98682E-05 9.98682E-05 9.98682E-05 9.98682E-05 9.98682E-05 9.98682E-05 9.98682E-05 0.112059 9.98682E-05 0.11888 9.98682E-05 9.98682E-05 0.0387161 0.0680615 0.0378748 0.0137553 0.500847 0.0293683 9.98682E-05 9.98682E-05 9.98682E-05 9.98682E-05 0.0789404 9.98682E-05
9.98243E-05 9.98243E-05 0.162324 9.98243E-05 0.16808 9.98243E-05 9.98243E-05 9.98243E-05 9.98243E-05 9.98243E-05 9.98243E-05 9.98243E-05 9.98243E-05 9.98243E-05 9.98243E-05 9.98243E-05 0.48096 9.98243E-05 9.98243E-05 9.98243E-05 0.186639 9.98243E-05 9.98243E-05 9.98243E-05
9.98249E-05 9.98249E-05 9.98249E-05 9.98249E-05 9.98249E-05 0.0275765 9.98249E-05 9.98249E-05 9.98249E-05 9.98249E-05 0.0239138 9.98249E-05 9.98249E-05 9.98249E-05 9.98249E-05 9.98249E-05 0.917383 9.98249E-05 9.98249E-05 9.98249E-05 9.98249E-05 9.98249E-05 0.0291297 9.98249E-05
9.98334E-05 9.98334E-05 9.98334E-05 9.98334E-05 0.0430569 9.98334E-05 9.98334E-05 9.98334E-05 9.98334E-05 0.0367864 9.98334E-05 0.0271952 9.98334E-05 0.0716641 9.98334E-05 9.98334E-05 0.8194 9.98334E-05 9.98334E-05 9.98334E-05 9.98334E-05 9.98334E-05 9.98334E-05 9.98334E-05
9.98506E-05 9.98506E-05 9.98506E-05 9.98506E-05 9.98506E-05 0.0831265 9.98506E-05 9.98506E-05 9.98506E-05 9.98506E-05 9.98506E-05 0.0349323 9.98506E-05 9.98506E-05 9.98506E-05 9.98506E-05 0.693531 9.98506E-05 0.0156093 9.98506E-05 0.0759334 9.98506E-05 0.0278372 0.0673332
9.9842E-05 9.9842E-05 0.112027 9.9842E-05 9.9842E-05 9.9842E-05 9.9842E-05 0.126155 9.9842E-05 0.0280087 9.9842E-05 0.0144249 9.9842E-05 0.11122 9.9842E-05 9.9842E-05 0.606366 9.9842E-05 9.9842E-05 9.9842E-05 9.9842E-05 9.9842E-05 9.9842E-05 9.9842E-05
9.98244E-05 9.98244E-05 9.98244E-05 9.98244E-05 0.0178279 9.98244E-05 9.98244E-05 9.98244E-05 9.98244E-05 9.98244E-05 9.98244E-05 9.98244E-05 9.98244E-05 0.0066442 9.98244E-05 9.98244E-05 0.846528 9.98244E-05 9.98244E-05 9.98244E-05 9.98244E-05 9.98244E-05 9.98244E-05 0.127003
9.9833E-05 9.9833E-05 9.9833E-05 9.9833E-05 0.188624 9.9833E-05 9.9833E-05 9.9833E-05 9.9833E-05 9.9833E-05 0.153545 9.9833E-05 9.9833E-05 9.9833E-05 0.0343915 0.0343461 0.587197 9.9833E-05 9.9833E-05 9.9833E-05 9.9833E-05 9.9833E-05 9.9833E-05 9.9833E-05
9.98075E-05 9.98075E-05 9.98075E-05 9.98075E-05 9.98075E-05 9.98075E-05 9.98075E-05 9.98075E-05 9.98075E-05 9.98075E-05 9.98075E-05 9.98075E-05 9.98075E-05 9.98075E-05 9.98075E-05 9.98075E-05 0.995153 9.98075E-05 9.98075E-05 0.00265135 9.98075E-05 9.98075E-05 9.98075E-05 9.98075E-05
9.98244E-05 9.98244E-05 0.258799 9.98244E-05 0.0486339 9.98244E-05 9.98244E-05 9.98244E-05 9.98244E-05 9.98244E-05 9.98244E-05 9.98244E-05 9.98244E-05 9.98244E-05 9.98244E-05 9.98244E-05 0.626619 9.98244E-05 9.98244E-05 9.98244E-05 0.0639522 9.98244E-05 9.98244E-05 9.98244E-05
9.98509E-05 9.98509E-05 0.0594985 9.98509E-05 0.0434645 9.98509E-05 0.0480895 9.98509E-05 9.98509E-05 9.98509E-05 9.98509E-05 9.98509E-05 9.98509E-05 9.98509E-05 9.98509E-05 0.0221686 0.69881 0.00930533 9.98509E-05 9.98509E-05 9.98509E-05 9.98509E-05 0.116966 9.98509E-05
0.0786631 9.98509E-05 9.98509E-05 9.98509E-05 9.98509E-05 0.0525588 9.98509E-05 9.98509E-05 9.98509E-05 0.0186066 9.98509E-05 9.98509E-05 9.98509E-05 9.98509E-05 9.98509E-05 9.98509E-05 0.663058 9.98509E-05 0.00113586 9.98509E-05 9.98509E-05 0.117946 9.98509E-05 0.0663343
9.98243E-05 9.98243E-05 0.00184169 9.98243E-05 9.98243E-05 9.98243E-05 9.98243E-05 0.0885567 9.98243E-05 9.98243E-05 9.98243E-05 9.98243E-05 9.98243E-05 0.134255 9.98243E-05 9.98243E-05 0.77335 9.98243E-05 9.98243E-05 9.98243E-05 9.98243E-05 9.98243E-05 9.98243E-05 9.98243E-05
9.98248E-05 9.98248E-05 9.98248E-05 0.0907363 9.98248E-05 9.98248E-05 9.98248E-05 9.98248E-05 9.98248E-05 0.0346014 9.98248E-05 9.98248E-05 9.98248E-05 9.98248E-05 9.98248E-05 9.98248E-05 0.807051 0.0656149 9.98248E-05 9.98248E-05 9.98248E-05 9.98248E-05 9.98248E-05 9.98248E-05
9.97985E-05 9.97985E-05 9.97985E-05 9.97985E-05 9.97985E-05 9.97985E-05 9.97985E-05 9.97985E-05 9.97985E-05 9.97985E-05 9.97985E-05 9.97985E-05 9.97985E-05 9.97985E-05 9.97985E-05 9.97985E-05 0.997705 9.97985E-05 9.97985E-05 9.97985E-05 9.97985E-05 9.97985E-05 9.97985E-05 9.97985E-05
9.97983E-05 9.97983E-05 9.97983E-05 9.97983E-05 9.97983E-05 9.97983E-05 9.97983E-05 9.97983E-05 9.97983E-05 9.97983E-05 9.97983E-05 9.97983E-05 9.97983E-05 9.97983E-05 9.97983E-05 9.97983E-05 0.997705 9.97983E-05 9.97983E-05 9.97983E-05 9.97983E-05 9.97983E-05 9.97983E-05 9.97983E-05
9.98159E-05 9.98159E-05 9.98159E-05 9.98159E-05 9.98159E-05 9.98159E-05 9.98159E-05 0.0558446 9.98159E-05 9.98159E-05 9.98159E-05 9.98159E-05 9.98159E-05 9.98159E-05 9.98159E-05 9.98159E-05 0.836814 9.98159E-05 9.98159E-05 9.98159E-05 9.98159E-05 9.98159E-05 9.98159E-05 0.105245
9.98392E-05 9.98392E-05 9.98392E-05 9.98392E-05 0.131413 9.98392E-05 9.98392E-05 9.98392E-05 9.98392E-05 0.0693138 0.0190657 9.98392E-05 9.98392E-05 9.98392E-05 9.98392E-05 9.98392E-05 0.528164 9.98392E-05 9.98392E-05 0.250147 9.98392E-05 9.98392E-05 9.98392E-05 9.98392E-05
9.98334E-05 9.98334E-05 9.98334E-05 9.98334E-05 0.0899551 9.98334E-05 9.98334E-05 9.98334E-05 9.98334E-05 0.155335 9.98334E-05 9.98334E-05 0.00562921 9.98334E-05 9.98334E-05 9.98334E-05 9.98334E-05 9.98334E-05 0.0046494 9.98334E-05 9.98334E-05 9.98334E-05 0.742535 9.98334E-05
9.98156E-05 9.98156E-05 9.98156E-05 9.98156E-05 9.98156E-05 9.98156E-05 0.578704 9.98156E-05 9.98156E-05 9.98156E-05 9.98156E-05 9.98156E-05 9.98156E-05 9.98156E-05 9.98156E-05 9.98156E-05 9.98156E-05 9.98156E-05 9.98156E-05 0.343187 9.98156E-05 9.98156E-05 0.0760129 9.98156E-05
9.98158E-05 9.98158E-05 9.98158E-05 9.98158E-05 0.0642315 9.98158E-05 9.98158E-05 9.98158E-05 9.98158E-05 9.98158E-05 9.98158E-05 9.98158E-05 0.0557219 9.98158E-05 9.98158E-05 9.98158E-05 9.98158E-05 9.98158E-05 9.98158E-05 9.98158E-05 9.98158E-05 9.98158E-05 0.877951 9.98158E-05
9.98244E-05 9.98244E-05 9.98244E-05 9.98244E-05 0.0984425 9.98244E-05 9.98244E-05 9.98244E-05 9.98244E-05 0.00159175 9.98244E-05 9.98244E-05 9.98244E-05 9.98244E-05 9.98244E-05 9.98244E-05 9.98244E-05 9.98244E-05 9.98244E-05 9.98244E-05 9.98244E-05 9.98244E-05 0.868943 0.0290266
9.98156E-05 9.98156E-05 9.98156E-05 9.98156E-05 9.98156E-05 9.98156E-05 9.98156E-05 0.0305361 9.98156E-05 0.0385449 9.98156E-05 9.98156E-05 9.98156E-05 9.98156E-05 9.98156E-05 9.98156E-05 9.98156E-05 9.98156E-05 9.98156E-05 9.98156E-05 9.98156E-05 9.98156E-05 0.928823 9.98156E-05
9.98421E-05 9.98421E-05 9.98421E-05 9.98421E-05 0.154989 9.98421E-05 9.98421E-05 9.98421E-05 0.038438 0.132565 9.98421E-05 9.98421E-05 9.98421E-05 9.98421E-05 9.98421E-05 9.98421E-05 9.98421E-05 9.98421E-05 9.98421E-05 0.00215486 0.101098 9.98421E-05 0.568958 9.98421E-05
9.98332E-05 9.98332E-05 0.0668846 9.98332E-05 0.0717648 9.98332E-05 0.234416 9.98332E-05 9.98332E-05 0.00771032 9.98332E-05 9.98332E-05 9.98332E-05 9.98332E-05 9.98332E-05 9.98332E-05 9.98332E-05 9.98332E-05 9.98332E-05 9.98332E-05 9.98332E-05 9.98332E-05 0.617328 9.98332E-05
9.9807E-05 9.9807E-05 9.9807E-05 9.9807E-05 9.9807E-05 9.9807E-05 9.9807E-05 9.9807E-05 9.9807E-05 0.201286 9.9807E-05 9.9807E-05 9.9807E-05 9.9807E-05 9.9807E-05 9.9807E-05 9.9807E-05 9.9807E-05 9.9807E-05 9.9807E-05 9.9807E-05 9.9807E-05 0.796519 9.9807E-05
9.98419E-05 9.98419E-05 9.98419E-05 9.98419E-05 0.00113463 9.98419E-05 9.98419E-05 0.0160241 9.98419E-05 0.272103 0.055624 9.98419E-05 9.98419E-05 9.98419E-05 9.98419E-05 9.98419E-05 9.98419E-05 0.185629 9.98419E-05 9.98419E-05 9.98419E-05 9.98419E-05 0.467688 9.98419E-05
9.98245E-05 9.98245E-05 9.98245E-05 9.98245E-05 0.258953 9.98245E-05 0.0185176 9.98245E-05 9.98245E-05 0.20314 9.98245E-05 9.98245E-05 9.98245E-05 9.98245E-05 9.98245E-05 9.98245E-05 9.98245E-05 9.98245E-05 9.98245E-05 9.98245E-05 9.98245E-05 9.98245E-05 0.517393 9.98245E-05
9.98421E-05 9.98421E-05 9.98421E-05 9.98421E-05 9.98421E-05 9.98421E-05 9.98421E-05 9.98421E-05 0.412425 0.00802845 9.98421E-05 9.98421E-05 9.98421E-05 0.0330165 9.98421E-05 9.98421E-05 9.98421E-05 0.0212628 9.98421E-05 9.98421E-05 0.220639 9.98421E-05 0.302831 9.98421E-05
9.98334E-05 9.98334E-05 9.98334E-05 9.98334E-05 0.0201031 9.98334E-05 9.98334E-05 9.98334E-05 0.0942796 9.98334E-05 9.98334E-05 9.98334E-05 9.98334E-05 9.98334E-05 9.98334E-05 9.98334E-05 9.98334E-05 0.127887 9.98334E-05 0.0277428 9.98334E-05 9.98334E-05 0.72809 9.98334E-05
9.98157E-05 9.98157E-05 9.98157E-05 9.98157E-05 9.98157E-05 9.98157E-05 0.385366 9.98157E-05 9.98157E-05 0.0459444 9.98157E-05 9.98157E-05 9.98157E-05 9.98157E-05 9.98157E-05 9.98157E-05 9.98157E-05 9.98157E-05 9.98157E-05 9.98157E-05 9.98157E-05 9.98157E-05 0.566593 9.98157E-05
0.0400834 9.98509E-05 9.98509E-05 9.98509E-05 0.197009 9.98509E-05 0.139947 9.98509E-05 0.0677781 0.122318 9.98509E-05 9.98509E-05 9.98509E-05 9.98509E-05 9.98509E-05 9.98509E-05 9.98509E-05 0.0297502 9.98509E-05 9.98509E-05 9.98509E-05 9.98509E-05 0.401417 9.98509E-05
9.98596E-05 9.98596E-05 9.98596E-05 9.98596E-05 9.98596E-05 9.98596E-05 0.0373796 0.0744337 0.0189796 0.0730146 9.98596E-05 9.98596E-05 9.98596E-05 9.98596E-05 9.98596E-05 9.98596E-05 9.98596E-05 0.00771874 9.98596E-05 0.0526693 9.98596E-05 9.98596E-05 0.657122 0.0770845
9.98595E-05 9.98595E-05 9.98595E-05 9.98595E-05 0.157723 9.98595E-05 9.98595E-05 9.98595E-05 9.98595E-05 0.0279432 0.0072589 9.98595E-05 9.98595E-05 0.0141261 9.98595E-05 9.98595E-05 9.98595E-05 9.98595E-05 9.98595E-05 0.0933586 0.0940659 0.00835303 0.595573 9.98595E-05
9.98421E-05 9.98421E-05 9.98421E-05 9.98421E-05 0.0617614 9.98421E-05 9.98421E-05 9.98421E-05 0.0208964 9.98421E-05 9.98421E-05 9.98421E-05 9.98421E-05 9.98421E-05 9.98421E-05 9.98421E-05 9.98421E-05 0.289327 9.98421E-05 9.98421E-05 9.98421E-05 0.00698206 0.610378 0.00885795
9.98423E-05 9.98423E-05 0.105623 9.98423E-05 9.98423E-05 0.0475426 9.98423E-05 9.98423E-05 9.98423E-05 0.0914662 9.98423E-05 9.98423E-05 9.98423E-05 0.00401602 9.98423E-05 9.98423E-05 9.98423E-05 9.98423E-05 9.98423E-05 0.128419 9.98423E-05 9.98423E-05 0.621135 9.98423E-05
9.98246E-05 9.98246E-05 9.98246E-05 9.98246E-05 9.98246E-05 9.98246E-05 9.98246E-05 9.98246E-05 0.103104 9.98246E-05 9.98246E-05 9.98246E-05 9.98246E-05 9.98246E-05 9.98246E-05 9.98246E-05 9.98246E-05 0.00267998 9.98246E-05 9.98246E-05 0.00753408 9.98246E-05 0.884686 9.98246E-05
9.98421E-05 9.98421E-05 9.98421E-05 9.98421E-05 0.0740952 9.98421E-05 9.98421E-05 9.98421E-05 9.98421E-05 0.0510984 0.176847 9.98421E-05 9.98421E-05 9.98421E-05 9.98421E-05 9.98421E-05 9.98421E-05 9.98421E-05 9.98421E-05 0.265072 9.98421E-05 0.0387324 0.392358 9.98421E-05
9.98246E-05 9.98246E-05 9.98246E-05 9.98246E-05 0.0269624 9.98246E-05 9.98246E-05 9.98246E-05 0.0527349 9.98246E-05 9.98246E-05 9.98246E-05 9.98246E-05 9.98246E-05 9.98246E-05 9.98246E-05 9.98246E-05 0.198553 9.98246E-05 9.98246E-05 9.98246E-05 9.98246E-05 0.719753 9.98246E-05
9.98333E-05 9.98333E-05 9.98333E-05 9.98333E-05 9.98333E-05 9.98333E-05 9.98333E-05 0.0493976 0.0518806 0.00916004 9.98333E-05 9.98333E-05 9.98333E-05 9.98333E-05 9.98333E-05 9.98333E-05 9.98333E-05 9.98333E-05 9.98333E-05 9.98333E-05 9.98333E-05 9.98333E-05 0.865278 0.0223867
9.9842E-05 9.9842E-05 9.9842E-05 9.9842E-05 0.184051 9.9842E-05 9.9842E-05 9.9842E-05 9.9842E-05 0.191051 9.9842E-05 9.9842E-05 9.9842E-05 9.9842E-05 9.9842E-05 9.9842E-05 9.9842E-05 0.0891923 0.0172313 9.9842E-05 9.9842E-05 0.041604 0.475073 9.9842E-05
9.98157E-05 9.98157E-05 9.98157E-05 9.98157E-05 9.98157E-05 9.98157E-05 0.467071 9.98157E-05 9.98157E-05 0.187432 9.98157E-05 9.98157E-05 9.98157E-05 9.98157E-05 9.98157E-05 9.98157E-05 9.98157E-05 9.98157E-05 9.98157E-05 9.98157E-05 9.98157E-05 9.98157E-05 0.343401 9.98157E-05
9.98421E-05 9.98421E-05 9.98421E-05 9.98421E-05 0.207852 9.98421E-05 9.98421E-05 9.98421E-05 9.98421E-05 0.210935 9.98421E-05 9.98421E-05 9.98421E-05 9.98421E-05 9.98421E-05 9.98421E-05 9.98421E-05 0.0207851 0.0440653 9.98421E-05 9.98421E-05 0.036904 0.477662 9.98421E-05
9.98595E-05 9.98595E-05 9.98595E-05 9.98595E-05 0.0349823 9.98595E-05 0.557631 0.0569459 9.98595E-05 0.140657 9.98595E-05 9.98595E-05 9.98595E-05 9.98595E-05 0.0083372 9.98595E-05 9.98595E-05 0.133651 9.98595E-05 9.98595E-05 9.98595E-05 9.98595E-05 0.0626772 0.00352081
0.0564617 9.98333E-05 9.98333E-05 9.98333E-05 9.98333E-05 9.98333E-05 9.98333E-05 9.98333E-05 9.98333E-05 9.98333E-05 9.98333E-05 9.98333E-05 0.00438774 9.98333E-05 9.98333E-05 0.0126144 9.98333E-05 9.98333E-05 9.98333E-05 0.746752 9.98333E-05 9.98333E-05 0.177887 9.98333E-05
9.98243E-05 9.98243E-05 9.98243E-05 9.98243E-05 0.0408051 9.98243E-05 9.98243E-05 9.98243E-05 9.98243E-05 0.0325015 9.98243E-05 0.00875419 9.98243E-05 9.98243E-05 9.98243E-05 9.98243E-05 9.98243E-05 9.98243E-05 9.98243E-05 9.98243E-05 9.98243E-05 9.98243E-05 0.915943 9.98243E-05
9.98334E-05 9.98334E-05 9.98334E-05 9.98334E-05 0.13505 9.98334E-05 0.0759077 9.98334E-05 9.98334E-05 0.285306 9.98334E-05 9.98334E-05 9.98334E-05 9.98334E-05 9.98334E-05 9.98334E-05 9.98334E-05 9.98334E-05 9.98334E-05 9.98334E-05 0.115764 9.98334E-05 0.386075 9.98334E-05
9.98335E-05 9.98335E-05 9.98335E-05 9.98335E-05 0.113028 9.98335E-05 9.98335E-05 9.98335E-05 0.0444689 9.98335E-05 9.98335E-05 9.98335E-05 0.0305611 9.98335E-05 9.98335E-05 9.98335E-05 9.98335E-05 9.98335E-05 9.98335E-05 9.98335E-05 9.98335E-05 0.0515469 0.758498 9.98335E-05
9.98508E-05 9.98508E-05 9.98508E-05 9.98508E-05 0.178396 9.98508E-05 0.255156 9.98508E-05 9.98508E-05 0.0176739 9.98508E-05 9.98508E-05 9.98508E-05 0.0216933 0.0494465 9.98508E-05 9.98508E-05 9.98508E-05 9.98508E-05 9.98508E-05 0.0393644 9.98508E-05 0.436572 9.98508E-05
9.98244E-05 9.98244E-05 9.98244E-05 9.98244E-05 9.98244E-05 9.98244E-05 0.145069 9.98244E-05 9.98244E-05 9.98244E-05 9.98244E-05 9.98244E-05 9.98244E-05 9.98244E-05 0.0202649 9.98244E-05 9.98244E-05 9.98244E-05 9.98244E-05 9.98244E-05 9.98244E-05 0.00157703 0.831093 9.98244E-05
9.98332E-05 9.98332E-05 9.98332E-05 9.98332E-05 0.12105 9.98332E-05 9.98332E-05 9.98332E-05 9.98332E-05 0.253682 9.98332E-05 9.98332E-05 0.0745069 9.98332E-05 9.98332E-05 9.98332E-05 9.98332E-05 9.98332E-05 9.98332E-05 9.98332E-05 9.98332E-05 0.127814 0.421051 9.98332E-05
9.98157E-05 9.98157E-05 0.0671651 9.98157E-05 0.005064 9.98157E-05 9.98157E-05 9.98157E-05 9.98157E-05 9.98157E-05 9.98157E-05 9.98157E-05 9.98157E-05 9.98157E-05 9.98157E-05 9.98157E-05 9.98157E-05 9.98157E-05 9.98157E-05 9.98157E-05 9.98157E-05 9.98157E-05 0.925675 9.98157E-05
9.98157E-05 9.98157E-05 9.98157E-05 9.98157E-05 0.0270419 9.98157E-05 0.196432 9.98157E-05 9.98157E-05 9.98157E-05 9.98157E-05 9.98157E-05 9.98157E-05 9.98157E-05 9.98157E-05 9.98157E-05 9.98157E-05 9.98157E-05 9.98157E-05 9.98157E-05 9.98157E-05 9.98157E-05 0.77443 9.98157E-05
9.98595E-05 9.98595E-05 9.98595E-05 9.98595E-05 9.98595E-05 9.98595E-05 9.98595E-05 0.0159415 0.115881 0.0389273 0.196318 0.0164433 9.98595E-05 0.0113469 9.98595E-05 9.98595E-05 9.98595E-05 9.98595E-05 9.98595E-05 9.98595E-05 0.00241039 9.98595E-05 0.601133 9.98595E-05
9.98244E-05 9.98244E-05 9.98244E-05 9.98244E-05 0.182149 9.98244E-05 9.98244E-05 0.00290118 9.98244E-05 0.0500407 9.98244E-05 9.98244E-05 9.98244E-05 9.98244E-05 9.98244E-05 9.98244E-05 9.98244E-05 9.98244E-05 9.98244E-05 9.98244E-05 9.98244E-05 9.98244E-05 0.762913 9.98244E-05
9.98333E-05 9.98333E-05 9.98333E-05 9.98333E-05 0.0122018 9.98333E-05 9.98333E-05 9.98333E-05 0.569477 0.0602717 9.98333E-05 9.98333E-05 9.98333E-05 9.98333E-05 9.98333E-05 9.98333E-05 9.98333E-05 9.98333E-05 9.98333E-05 0.00758438 9.98333E-05 9.98333E-05 0.348568 9.98333E-05
9.98422E-05 9.98422E-05 9.98422E-05 9.98422E-05 0.0998306 9.98422E-05 0.211814 0.00116072 0.095756 9.98422E-05 9.98422E-05 9.98422E-05 9.98422E-05 0.0227155 9.98422E-05 9.98422E-05 9.98422E-05 9.98422E-05 9.98422E-05 9.98422E-05 9.98422E-05 9.98422E-05 0.566926 9.98422E-05
9.9807E-05 9.9807E-05 9.9807E-05 9.9807E-05 9.9807E-05 9.9807E-05 0.735338 9.9807E-05 9.9807E-05 9.9807E-05 9.9807E-05 9.9807E-05 9.9807E-05 9.9807E-05 9.9807E-05 9.9807E-05 9.9807E-05 9.9807E-05 9.9807E-05 9.9807E-05 9.9807E-05 9.9807E-05 0.262466 9.9807E-05
9.98334E-05 9.98334E-05 9.98334E-05 9.98334E-05 9.98334E-05 9.98334E-05 0.135882 9.98334E-05 0.510589 9.98334E-05 9.98334E-05 9.98334E-05 9.98334E-05 9.98334E-05 9.98334E-05 9.98334E-05 9.98334E-05 0.0418237 9.98334E-05 9.98334E-05 9.98334E-05 0.0323256 0.277483 9.98334E-05
9.98419E-05 9.98419E-05 9.98419E-05 9.98419E-05 0.2485 9.98419E-05 9.98419E-05 9.98419E-05 9.98419E-05 0.0445055 9.98419E-05 9.98419E-05 0.0159494 9.98419E-05 9.98419E-05 0.00391081 9.98419E-05 9.98419E-05 9.98419E-05 9.98419E-05 0.292807 9.98419E-05 0.39253 9.98419E-05
9.98245E-05 9.98245E-05 9.98245E-05 9.98245E-05 9.98245E-05 9.98245E-05 9.98245E-05 9.98245E-05 9.98245E-05 0.141044 0.0811717 9.98245E-05 0.0463093 9.98245E-05 9.98245E-05 9.98245E-05 9.98245E-05 9.98245E-05 9.98245E-05 9.98245E-05 9.98245E-05 9.98245E-05 0.729478 9.98245E-05
0.0431719 9.98334E-05 9.98334E-05 9.98334E-05 0.00541587 9.98334E-05 9.98334E-05 9.98334E-05 9.98334E-05 0.123637 9.98334E-05 9.98334E-05 9.98334E-05 9.98334E-05 9.98334E-05 9.98334E-05 9.98334E-05 9.98334E-05 0.0200598 0.805818 9.98334E-05 9.98334E-05 9.98334E-05 9.98334E-05
9.98333E-05 9.98333E-05 9.98333E-05 9.98333E-05 9.98333E-05 9.98333E-05 0.32717 9.98333E-05 0.0903305 9.98333E-05 9.98333E-05 9.98333E-05 9.98333E-05 9.98333E-05 9.98333E-05 9.98333E-05 9.98333E-05 9.98333E-05 9.98333E-05 0.364815 0.0269722 9.98333E-05 0.188815 9.98333E-05
9.98245E-05 9.98245E-05 9.98245E-05 9.98245E-05 9.98245E-05 9.98245E-05 9.98245E-05 9.98245E-05 9.98245E-05 0.135916 9.98245E-05 9.98245E-05 9.98245E-05 9.98245E-05 9.98245E-05 9.98245E-05 9.98245E-05 9.98245E-05 9.98245E-05 9.98245E-05 0.34491 0.103778 0.413399 9.98245E-05
9.98509E-05 9.98509E-05 9.98509E-05 9.98509E-05 0.0775289 9.98509E-05 0.146384 0.0110024 9.98509E-05 0.119077 0.0107341 9.98509E-05 9.98509E-05 9.98509E-05 9.98509E-05 9.98509E-05 0.147129 9.98509E-05 9.98509E-05 9.98509E-05 9.98509E-05 9.98509E-05 0.486448 9.98509E-05
0.0459132 9.98511E-05 9.98511E-05 9.98511E-05 9.98511E-05 9.98511E-05 9.98511E-05 0.102476 0.0560932 0.1004 9.98511E-05 9.98511E-05 9.98511E-05 9.98511E-05 0.0259418 9.98511E-05 9.98511E-05 0.0800463 9.98511E-05 9.98511E-05 9.98511E-05 9.98511E-05 0.587432 9.98511E-05
9.98334E-05 9.98334E-05 0.0868777 9.98334E-05 0.141449 9.98334E-05 9.98334E-05 9.98334E-05 9.98334E-05 0.265087 9.98334E-05 9.98334E-05 9.98334E-05 9.98334E-05 9.98334E-05 9.98334E-05 9.98334E-05 9.98334E-05 9.98334E-05 9.98334E-05 9.98334E-05 0.00102287 0.503667 9.98334E-05
9.98245E-05 9.98245E-05 9.98245E-05 9.98245E-05 0.000593586 9.98245E-05 0.514618 9.98245E-05 0.236529 9.98245E-05 9.98245E-05 9.98245E-05 9.98245E-05 9.98245E-05 9.98245E-05 9.98245E-05 9.98245E-05 9.98245E-05 9.98245E-05 9.98245E-05 9.98245E-05 9.98245E-05 0.246263 9.98245E-05
9.98244E-05 9.98244E-05 9.98244E-05 9.98244E-05 0.11207 0.0207748 9.98244E-05 9.98244E-05 9.98244E-05 9.98244E-05 9.98244E-05 0.109113 9.98244E-05 9.98244E-05 9.98244E-05 9.98244E-05 9.98244E-05 9.98244E-05 9.98244E-05 9.98244E-05 9.98244E-05 9.98244E-05 0.756045 9.98244E-05
9.98333E-05 9.98333E-05 9.98333E-05 9.98333E-05 9.98333E-05 9.98333E-05 9.98333E-05 9.98333E-05 9.98333E-05 0.129573 9.98333E-05 9.98333E-05 9.98333E-05 9.98333E-05 9.98333E-05 9.98333E-05 9.98333E-05 0.00510177 9.98333E-05 0.662547 0.0365706 9.98333E-05 0.164311 9.98333E-05
9.98335E-05 9.98335E-05 9.98335E-05 9.98335E-05 0.185822 9.98335E-05 9.98335E-05 0.0293552 0.249624 0.0690634 9.98335E-05 9.98335E-05 9.98335E-05 9.98335E-05 9.98335E-05 9.98335E-05 9.98335E-05 9.98335E-05 9.98335E-05 9.98335E-05 9.98335E-05 9.98335E-05 0.464238 9.98335E-05
9.98334E-05 9.98334E-05 9.98334E-05 9.98334E-05 9.98334E-05 0.0170836 9.98334E-05 9.98334E-05 9.98334E-05 0.0949269 9.98334E-05 9.98334E-05 9.98334E-05 9.98334E-05 0.0336396 9.98334E-05 9.98334E-05 9.98334E-05 9.98334E-05 9.98334E-05 0.122332 9.98334E-05 0.730121 9.98334E-05
9.9807E-05 9.9807E-05 9.9807E-05 9.9807E-05 9.9807E-05 9.9807E-05 9.9807E-05 9.9807E-05 9.9807E-05 9.9807E-05 9.9807E-05 0.0807804 9.9807E-05 9.9807E-05 9.9807E-05 9.9807E-05 9.9807E-05 9.9807E-05 9.9807E-05 9.9807E-05 9.9807E-05 9.9807E-05 0.917024 9.9807E-05
9.98332E-05 9.98332E-05 9.98332E-05 9.98332E-05 0.100546 9.98332E-05 9.98332E-05 9.98332E-05 9.98332E-05 0.218072 9.98332E-05 9.98332E-05 9.98332E-05 9.98332E-05 9.98332E-05 9.98332E-05 9.98332E-05 0.0776398 9.98332E-05 9.98332E-05 0.220227 9.98332E-05 0.381618 9.98332E-05
9.98156E-05 9.98156E-05 9.98156E-05 9.98156E-05 0.0621103 9.98156E-05 9.98156E-05 9.98156E-05 9.98156E-05 0.167635 9.98156E-05 9.98156E-05 9.98156E-05 9.98156E-05 9.98156E-05 9.98156E-05 9.98156E-05 9.98156E-05 9.98156E-05 9.98156E-05 9.98156E-05 9.98156E-05 0.768159 9.98156E-05
