0.0408981 0.0576828 9.98246E-05 0.186461 0.0758671 9.98246E-05 9.98246E-05 0.435692 9.98246E-05 9.98246E-05 9.98246E-05 0.0257208 9.98246E-05 9.98246E-05 0.011624 9.98246E-05 9.98246E-05 0.00706476 9.98246E-05 0.156993 9.98246E-05 9.98246E-05 9.98246E-05 9.98246E-05 9.98246E-05 9.98246E-05 9.98246E-05 9.98246E-05 9.98246E-05
0.00468036 9.97894E-05 9.97894E-05 0.110828 0.0827201 9.97894E-05 9.97894E-05 0.791396 9.97894E-05 9.97894E-05 9.97894E-05 9.97894E-05 9.97894E-05 9.97894E-05 9.97894E-05 9.97894E-05 9.97894E-05 9.97894E-05 9.97894E-05 9.97894E-05 9.97894E-05 0.00798028 9.97894E-05 9.97894E-05 9.97894E-05 9.97894E-05 9.97894E-05 9.97894E-05 9.97894E-05
9.9772E-05 9.9772E-05 9.9772E-05 9.9772E-05 9.9772E-05 9.9772E-05 9.9772E-05 9.9772E-05 9.9772E-05 9.9772E-05 9.9772E-05 9.9772E-05 9.9772E-05 0.960701 9.9772E-05 9.9772E-05 9.9772E-05 0.00211685 9.9772E-05 9.9772E-05 9.9772E-05 9.9772E-05 9.9772E-05 9.9772E-05 9.9772E-05 0.034588 9.9772E-05 9.9772E-05 9.9772E-05
9.98159E-05 0.0150793 9.98159E-05 9.98159E-05 0.0234982 0.100686 0.00533647 9.98159E-05 0.15906 9.98159E-05 9.98159E-05 0.21751 9.98159E-05 0.282504 9.98159E-05 9.98159E-05 9.98159E-05 9.98159E-05 9.98159E-05 0.19423 9.98159E-05 9.98159E-05 9.98159E-05 9.98159E-05 9.98159E-05 9.98159E-05 9.98159E-05 9.98159E-05 9.98159E-05
9.97809E-05 9.97809E-05 9.97809E-05 9.97809E-05 9.97809E-05 9.97809E-05 9.97809E-05 0.909389 9.97809E-05 9.97809E-05 9.97809E-05 9.97809E-05 9.97809E-05 9.97809E-05 9.97809E-05 9.97809E-05 0.00304992 9.97809E-05 9.97809E-05 9.97809E-05 9.97809E-05 9.97809E-05 9.97809E-05 0.00843367 9.97809E-05 0.0766329 9.97809E-05 9.97809E-05 9.97809E-05
9.98333E-05 9.98333E-05 9.98333E-05 0.149952 0.0169104 0.0942642 0.0119008 9.98333E-05 9.98333E-05 9.98333E-05 9.98333E-05 9.98333E-05 9.98333E-05 0.319492 9.98333E-05 9.98333E-05 9.98333E-05 9.98333E-05 9.98333E-05 0.0445447 0.164696 9.98333E-05 9.98333E-05 0.0500683 9.98333E-05 0.13924 9.98333E-05 9.98333E-05 0.00703501
9.98246E-05 0.112591 9.98246E-05 0.153612 9.98246E-05 9.98246E-05 9.98246E-05 0.239316 0.0712498 9.98246E-05 9.98246E-05 9.98246E-05 9.98246E-05 0.00748707 9.98246E-05 9.98246E-05 0.0967959 0.0424245 9.98246E-05 0.158054 9.98246E-05 9.98246E-05 9.98246E-05 0.116473 9.98246E-05 9.98246E-05 9.98246E-05 9.98246E-05 9.98246E-05
9.98422E-05 9.98422E-05 9.98422E-05 0.0884808 9.98422E-05 0.0642211 9.98422E-05 0.190579 9.98422E-05 9.98422E-05 0.0683998 9.98422E-05 9.98422E-05 9.98422E-05 0.0644849 9.98422E-05 0.0556028 9.98422E-05 0.0220402 0.167424 0.116609 9.98422E-05 9.98422E-05 0.0760683 9.98422E-05 0.0842933 9.98422E-05 9.98422E-05 9.98422E-05
0.232723 9.98158E-05 9.98158E-05 9.98158E-05 9.98158E-05 9.98158E-05 0.00802742 9.98158E-05 9.98158E-05 9.98158E-05 9.98158E-05 9.98158E-05 9.98158E-05 0.279988 9.98158E-05 9.98158E-05 0.0103978 0.134659 0.0840844 0.0253821 0.222642 9.98158E-05 9.98158E-05 9.98158E-05 9.98158E-05 9.98158E-05 9.98158E-05 9.98158E-05 9.98158E-05
0.0829328 9.97721E-05 9.97721E-05 9.97721E-05 9.97721E-05 9.97721E-05 9.97721E-05 0.899993 0.0144802 9.97721E-05 9.97721E-05 9.97721E-05 9.97721E-05 9.97721E-05 9.97721E-05 9.97721E-05 9.97721E-05 9.97721E-05 9.97721E-05 9.97721E-05 9.97721E-05 9.97721E-05 9.97721E-05 9.97721E-05 9.97721E-05 9.97721E-05 9.97721E-05 9.97721E-05 9.97721E-05
0.110829 0.16211 9.97984E-05 0.0994267 9.97984E-05 9.97984E-05 9.97984E-05 0.36066 9.97984E-05 9.97984E-05 9.97984E-05 9.97984E-05 9.97984E-05 0.139527 9.97984E-05 9.97984E-05 9.97984E-05 9.97984E-05 9.97984E-05 0.125152 9.97984E-05 9.97984E-05 9.97984E-05 9.97984E-05 9.97984E-05 9.97984E-05 9.97984E-05 9.97984E-05 9.97984E-05
9.97544E-05 9.97544E-05 9.97544E-05 9.97544E-05 9.97544E-05 9.97544E-05 9.97544E-05 9.97544E-05 9.97544E-05 9.97544E-05 9.97544E-05 9.97544E-05 9.97544E-05 0.997207 9.97544E-05 9.97544E-05 9.97544E-05 9.97544E-05 9.97544E-05 9.97544E-05 9.97544E-05 9.97544E-05 9.97544E-05 9.97544E-05 9.97544E-05 9.97544E-05 9.97544E-05 9.97544E-05 9.97544E-05
0.092313 9.97807E-05 9.97807E-05 9.97807E-05 9.97807E-05 9.97807E-05 9.97807E-05 0.79722 9.97807E-05 9.97807E-05 9.97807E-05 9.97807E-05 9.97807E-05 9.97807E-05 9.97807E-05 9.97807E-05 9.97807E-05 9.97807E-05 9.97807E-05 0.0936393 0.0143335 9.97807E-05 9.97807E-05 9.97807E-05 9.97807E-05 9.97807E-05 9.97807E-05 9.97807E-05 9.97807E-05
9.97983E-05 0.0788599 0.204427 9.97983E-05 9.97983E-05 9.97983E-05 9.97983E-05 0.532461 9.97983E-05 9.97983E-05 0.0344075 9.97983E-05 9.97983E-05 9.97983E-05 9.97983E-05 9.97983E-05 9.97983E-05 9.97983E-05 9.97983E-05 0.0181636 9.97983E-05 9.97983E-05 9.97983E-05 9.97983E-05 9.97983E-05 0.129385 9.97983E-05 9.97983E-05 9.97983E-05
0.112597 9.98421E-05 9.98421E-05 0.192853 9.98421E-05 9.98421E-05 0.0924588 0.290447 9.98421E-05 9.98421E-05 9.98421E-05 9.98421E-05 9.98421E-05 0.0276271 9.98421E-05 9.98421E-05 0.0629394 9.98421E-05 9.98421E-05 0.0193718 0.120477 9.98421E-05 9.98421E-05 9.98421E-05 9.98421E-05 0.0375841 0.0122284 9.98421E-05 0.0296191
0.0265667 9.9842E-05 9.9842E-05 0.18212 9.9842E-05 9.9842E-05 9.9842E-05 0.202594 0.0595396 9.9842E-05 0.043182 0.0515149 9.9842E-05 9.9842E-05 0.00896747 9.9842E-05 9.9842E-05 9.9842E-05 0.0149451 0.141276 0.189514 9.9842E-05 9.9842E-05 9.9842E-05 0.0779832 9.9842E-05 9.9842E-05 9.9842E-05 9.9842E-05
0.0798862 0.0275793 9.98246E-05 9.98246E-05 0.037338 9.98246E-05 9.98246E-05 9.98246E-05 9.98246E-05 9.98246E-05 9.98246E-05 0.0190546 9.98246E-05 0.530058 0.0424632 9.98246E-05 9.98246E-05 9.98246E-05 9.98246E-05 0.0569808 9.98246E-05 9.98246E-05 9.98246E-05 9.98246E-05 9.98246E-05 9.98246E-05 0.200597 9.98246E-05 0.00404656
0.0707688 9.98246E-05 9.98246E-05 0.245794 9.98246E-05 9.98246E-05 9.98246E-05 0.124844 9.98246E-05 9.98246E-05 9.98246E-05 9.98246E-05 0.127444 9.98246E-05 9.98246E-05 9.98246E-05 9.98246E-05 0.00185905 0.00525407 0.236697 0.0437663 9.98246E-05 0.141577 9.98246E-05 9.98246E-05 9.98246E-05 9.98246E-05 9.98246E-05 9.98246E-05
0.171986 9.98069E-05 9.98069E-05 9.98069E-05 9.98069E-05 9.98069E-05 9.98069E-05 9.98069E-05 9.98069E-05 9.98069E-05 9.98069E-05 9.98069E-05 9.98069E-05 0.381719 0.00773382 9.98069E-05 9.98069E-05 9.98069E-05 9.98069E-05 0.193846 0.0858723 9.98069E-05 9.98069E-05 0.111715 9.98069E-05 9.98069E-05 9.98069E-05 9.98069E-05 0.0449315
9.97633E-05 9.97633E-05 9.97633E-05 9.97633E-05 9.97633E-05 9.97633E-05 9.97633E-05 0.957057 9.97633E-05 9.97633E-05 9.97633E-05 0.0402489 9.97633E-05 9.97633E-05 9.97633E-05 9.97633E-05 9.97633E-05 9.97633E-05 9.97633E-05 9.97633E-05 9.97633E-05 9.97633E-05 9.97633E-05 9.97633E-05 9.97633E-05 9.97633E-05 9.97633E-05 9.97633E-05 9.97633E-05
0.0145747 0.0344058 9.98334E-05 9.98334E-05 9.98334E-05 0.0162128 9.98334E-05 9.98334E-05 9.98334E-05 9.98334E-05 0.109046 9.98334E-05 0.00489823 0.529272 9.98334E-05 9.98334E-05 9.98334E-05 9.98334E-05 0.210135 0.0261498 0.0431552 9.98334E-05 9.98334E-05 0.0102528 9.98334E-05 9.98334E-05 9.98334E-05 9.98334E-05 9.98334E-05
9.98334E-05 9.98334E-05 9.98334E-05 9.98334E-05 9.98334E-05 9.98334E-05 0.017878 9.98334E-05 9.98334E-05 9.98334E-05 9.98334E-05 9.98334E-05 9.98334E-05 0.263303 9.98334E-05 0.0579809 0.117213 9.98334E-05 9.98334E-05 0.27221 0.0960717 0.0242291 9.98334E-05 0.108994 9.98334E-05 0.0354161 9.98334E-05 9.98334E-05 0.00480765
0.108364 9.98072E-05 9.98072E-05 0.21866 9.98072E-05 9.98072E-05 9.98072E-05 0.515143 9.98072E-05 9.98072E-05 0.00767783 9.98072E-05 0.0267635 9.98072E-05 9.98072E-05 9.98072E-05 0.100905 0.0202908 9.98072E-05 9.98072E-05 9.98072E-05 9.98072E-05 9.98072E-05 9.98072E-05 9.98072E-05 9.98072E-05 9.98072E-05 9.98072E-05 9.98072E-05
0.243376 9.97983E-05 9.97983E-05 0.0591206 9.97983E-05 9.97983E-05 9.97983E-05 0.324623 9.97983E-05 9.97983E-05 9.97983E-05 9.97983E-05 9.97983E-05 0.00943135 9.97983E-05 9.97983E-05 9.97983E-05 0.067612 9.97983E-05 0.293542 9.97983E-05 9.97983E-05 9.97983E-05 9.97983E-05 9.97983E-05 9.97983E-05 9.97983E-05 9.97983E-05 9.97983E-05
0.254545 0.0584119 9.98333E-05 9.98333E-05 9.98333E-05 0.000333651 0.0424025 9.98333E-05 9.98333E-05 9.98333E-05 9.98333E-05 0.112346 9.98333E-05 0.294062 9.98333E-05 9.98333E-05 9.98333E-05 9.98333E-05 9.98333E-05 0.063898 0.0373322 9.98333E-05 9.98333E-05 9.98333E-05 9.98333E-05 9.98333E-05 9.98333E-05 0.0601196 0.0746528
0.0518807 9.9807E-05 9.9807E-05 9.9807E-05 9.9807E-05 9.9807E-05 0.058973 0.00106097 0.0337876 9.9807E-05 9.9807E-05 9.9807E-05 9.9807E-05 0.762896 9.9807E-05 9.9807E-05 9.9807E-05 9.9807E-05 9.9807E-05 0.0770789 0.0121276 9.9807E-05 9.9807E-05 9.9807E-05 9.9807E-05 9.9807E-05 9.9807E-05 9.9807E-05 9.9807E-05
0.0356963 9.98246E-05 9.98246E-05 9.98246E-05 9.98246E-05 9.98246E-05 0.358241 9.98246E-05 0.0256105 9.98246E-05 0.0012201 0.0291262 9.98246E-05 9.98246E-05 9.98246E-05 0.194817 0.00706368 9.98246E-05 9.98246E-05 0.243768 9.98246E-05 9.98246E-05 0.102461 9.98246E-05 9.98246E-05 9.98246E-05 9.98246E-05 9.98246E-05 9.98246E-05
0.0626488 9.98072E-05 9.98072E-05 9.98072E-05 9.98072E-05 9.98072E-05 9.98072E-05 0.789958 0.0439547 9.98072E-05 9.98072E-05 9.98072E-05 9.98072E-05 9.98072E-05 9.98072E-05 9.98072E-05 0.0246744 9.98072E-05 9.98072E-05 0.0587 9.98072E-05 9.98072E-05 9.98072E-05 0.0093702 9.98072E-05 9.98072E-05 9.98072E-05 0.00849798 9.98072E-05
0.238373 9.98247E-05 9.98247E-05 0.0380085 9.98247E-05 9.98247E-05 9.98247E-05 0.442965 9.98247E-05 9.98247E-05 9.98247E-05 0.0202661 9.98247E-05 0.113456 9.98247E-05 0.0406578 9.98247E-05 0.0313936 9.98247E-05 0.0328942 9.98247E-05 9.98247E-05 9.98247E-05 9.98247E-05 9.98247E-05 9.98247E-05 9.98247E-05 0.0399886 9.98247E-05
0.0614368 0.0112723 9.98334E-05 9.98334E-05 9.98334E-05 9.98334E-05 9.98334E-05 0.412977 9.98334E-05 9.98334E-05 9.98334E-05 9.98334E-05 9.98334E-05 0.385485 0.0182347 9.98334E-05 0.0118699 0.0109927 9.98334E-05 9.98334E-05 0.0282214 9.98334E-05 9.98334E-05 0.0299368 9.98334E-05 9.98334E-05 0.0276763 9.98334E-05 9.98334E-05
0.0220012 0.111131 9.98158E-05 0.0935804 9.98158E-05 9.98158E-05 9.98158E-05 0.668726 9.98158E-05 9.98158E-05 9.98158E-05 9.98158E-05 9.98158E-05 9.98158E-05 9.98158E-05 0.0291578 9.98158E-05 9.98158E-05 9.98158E-05 9.98158E-05 0.0165903 9.98158E-05 9.98158E-05 0.00232478 9.98158E-05 9.98158E-05 9.98158E-05 9.98158E-05 0.0543924
0.0816711 0.0374569 9.98247E-05 0.0212653 9.98247E-05 0.198605 9.98247E-05 0.136365 0.0340088 9.98247E-05 9.98247E-05 0.011925 9.98247E-05 0.42517 9.98247E-05 9.98247E-05 9.98247E-05 9.98247E-05 9.98247E-05 0.0515367 9.98247E-05 9.98247E-05 9.98247E-05 9.98247E-05 9.98247E-05 9.98247E-05 9.98247E-05 9.98247E-05 9.98247E-05
0.109944 0.0738607 9.9807E-05 0.0759552 9.9807E-05 9.9807E-05 0.0199343 9.9807E-05 9.9807E-05 9.9807E-05 0.014291 9.9807E-05 9.9807E-05 0.561327 9.9807E-05 9.9807E-05 9.9807E-05 9.9807E-05 9.9807E-05 0.142492 9.9807E-05 9.9807E-05 9.9807E-05 9.9807E-05 9.9807E-05 9.9807E-05 9.9807E-05 9.9807E-05 9.9807E-05
0.074736 9.98245E-05 9.98245E-05 9.98245E-05 9.98245E-05 0.0155451 9.98245E-05 9.98245E-05 9.98245E-05 9.98245E-05 0.0772216 0.00657781 9.98245E-05 0.582587 0.00306765 9.98245E-05 9.98245E-05 9.98245E-05 9.98245E-05 9.98245E-05 9.98245E-05 9.98245E-05 0.0460995 0.0103241 9.98245E-05 9.98245E-05 9.98245E-05 0.181844 9.98245E-05
9.97811E-05 9.97811E-05 9.97811E-05 9.97811E-05 0.0767622 9.97811E-05 9.97811E-05 0.665982 9.97811E-05 9.97811E-05 9.97811E-05 0.123431 9.97811E-05 0.131331 9.97811E-05 9.97811E-05 9.97811E-05 9.97811E-05 9.97811E-05 9.97811E-05 9.97811E-05 9.97811E-05 9.97811E-05 9.97811E-05 9.97811E-05 9.97811E-05 9.97811E-05 9.97811E-05 9.97811E-05
9.97984E-05 9.97984E-05 9.97984E-05 9.97984E-05 0.0227952 9.97984E-05 9.97984E-05 9.97984E-05 0.137278 9.97984E-05 9.97984E-05 9.97984E-05 9.97984E-05 0.709774 9.97984E-05 0.0299203 9.97984E-05 9.97984E-05 9.97984E-05 0.0837236 0.0142128 9.97984E-05 9.97984E-05 9.97984E-05 9.97984E-05 9.97984E-05 9.97984E-05 9.97984E-05 9.97984E-05
9.98039E-05 0.0696602 9.98039E-05 9.98039E-05 9.98039E-05 9.98039E-05 9.98039E-05 0.699712 9.98039E-05 0.00232489 9.98039E-05 9.98039E-05 9.98039E-05 0.132618 9.98039E-05 9.98039E-05 0.0428461 9.98039E-05 9.98039E-05 9.98039E-05 9.98039E-05 9.98039E-05 9.98039E-05 0.0505434 9.98039E-05 9.98039E-05 9.98039E-05 9.98039E-05 9.98039E-05
0.101585 9.98161E-05 9.98161E-05 9.98161E-05 0.0592722 9.98161E-05 9.98161E-05 0.0748429 0.00790656 9.98161E-05 9.98161E-05 9.98161E-05 0.0815219 0.565041 9.98161E-05 9.98161E-05 9.98161E-05 9.98161E-05 9.98161E-05 0.0379041 0.0698303 9.98161E-05 9.98161E-05 9.98161E-05 9.98161E-05 9.98161E-05 9.98161E-05 9.98161E-05 9.98161E-05
0.119558 0.00410085 9.98071E-05 9.98071E-05 0.133292 9.98071E-05 9.98071E-05 9.98071E-05 9.98071E-05 9.98071E-05 0.00339788 9.98071E-05 9.98071E-05 0.660948 9.98071E-05 9.98071E-05 9.98071E-05 9.98071E-05 9.98071E-05 9.98071E-05 9.98071E-05 9.98071E-05 9.98071E-05 9.98071E-05 9.98071E-05 0.0438225 0.0326853 9.98071E-05 9.98071E-05
0.121003 9.98069E-05 0.0738565 9.98069E-05 9.98069E-05 9.98069E-05 0.0837932 9.98069E-05 9.98069E-05 0.00647247 0.00315249 9.98069E-05 9.98069E-05 0.668622 9.98069E-05 9.98069E-05 9.98069E-05 9.98069E-05 9.98069E-05 9.98069E-05 9.98069E-05 9.98069E-05 9.98069E-05 0.0409049 9.98069E-05 9.98069E-05 9.98069E-05 9.98069E-05 9.98069E-05
0.0320896 0.0245644 9.98072E-05 9.98072E-05 9.98072E-05 9.98072E-05 9.98072E-05 9.98072E-05 0.0196548 9.98072E-05 9.98072E-05 9.98072E-05 9.98072E-05 0.794182 9.98072E-05 0.0360723 9.98072E-05 9.98072E-05 9.98072E-05 0.0473465 9.98072E-05 9.98072E-05 9.98072E-05 0.0438948 9.98072E-05 9.98072E-05 9.98072E-05 9.98072E-05 9.98072E-05
0.0605241 9.98072E-05 9.98072E-05 9.98072E-05 9.98072E-05 9.98072E-05 9.98072E-05 0.589961 9.98072E-05 9.98072E-05 9.98072E-05 9.98072E-05 9.98072E-05 9.98072E-05 9.98072E-05 0.138345 0.0461545 0.00300617 9.98072E-05 0.154036 0.0057773 9.98072E-05 9.98072E-05 9.98072E-05 9.98072E-05 9.98072E-05 9.98072E-05 9.98072E-05 9.98072E-05
9.97895E-05 9.97895E-05 0.150128 9.97895E-05 9.97895E-05 9.97895E-05 9.97895E-05 0.766554 9.97895E-05 9.97895E-05 9.97895E-05 9.97895E-05 9.97895E-05 9.97895E-05 9.97895E-05 0.0629419 9.97895E-05 9.97895E-05 9.97895E-05 9.97895E-05 9.97895E-05 9.97895E-05 9.97895E-05 0.0090765 9.97895E-05 0.00890416 9.97895E-05 9.97895E-05 9.97895E-05
0.143546 0.00968472 9.98158E-05 0.14748 9.98158E-05 9.98158E-05 9.98158E-05 9.98158E-05 9.98158E-05 9.98158E-05 9.98158E-05 9.98158E-05 9.98158E-05 0.429079 9.98158E-05 9.98158E-05 0.0516294 0.0323242 9.98158E-05 0.102983 0.0811775 9.98158E-05 9.98158E-05 9.98158E-05 9.98158E-05 9.98158E-05 9.98158E-05 9.98158E-05 9.98158E-05
0.178059 9.9807E-05 9.9807E-05 9.9807E-05 9.9807E-05 9.9807E-05 9.9807E-05 0.106738 0.0518399 9.9807E-05 9.9807E-05 9.9807E-05 9.9807E-05 0.0956978 9.9807E-05 9.9807E-05 9.9807E-05 9.9807E-05 9.9807E-05 0.422756 9.9807E-05 9.9807E-05 9.9807E-05 0.0819122 9.9807E-05 0.0608015 9.9807E-05 9.9807E-05 9.9807E-05
9.97893E-05 9.97893E-05 9.97893E-05 9.97893E-05 9.97893E-05 9.97893E-05 9.97893E-05 9.97893E-05 0.00385777 9.97893E-05 9.97893E-05 9.97893E-05 0.0313967 0.91298 9.97893E-05 9.97893E-05 9.97893E-05 9.97893E-05 9.97893E-05 0.0215485 9.97893E-05 9.97893E-05 9.97893E-05 0.0278216 9.97893E-05 9.97893E-05 9.97893E-05 9.97893E-05 9.97893E-05
0.0710223 0.00988083 9.97982E-05 9.97982E-05 9.97982E-05 9.97982E-05 9.97982E-05 0.869265 0.00618271 9.97982E-05 9.97982E-05 9.97982E-05 9.97982E-05 9.97982E-05 9.97982E-05 9.97982E-05 9.97982E-05 9.97982E-05 9.97982E-05 9.97982E-05 0.0190029 9.97982E-05 0.0223509 9.97982E-05 9.97982E-05 9.97982E-05 9.97982E-05 9.97982E-05 9.97982E-05
9.97546E-05 9.97546E-05 9.97546E-05 9.97546E-05 9.97546E-05 9.97546E-05 9.97546E-05 9.97546E-05 9.97546E-05 9.97546E-05 9.97546E-05 9.97546E-05 9.97546E-05 0.997207 9.97546E-05 9.97546E-05 9.97546E-05 9.97546E-05 9.97546E-05 9.97546E-05 9.97546E-05 9.97546E-05 9.97546E-05 9.97546E-05 9.97546E-05 9.97546E-05 9.97546E-05 9.97546E-05 9.97546E-05
0.151168 0.00444067 9.97982E-05 0.136234 9.97982E-05 9.97982E-05 9.97982E-05 0.585306 9.97982E-05 9.97982E-05 9.97982E-05 9.97982E-05 9.97982E-05 9.97982E-05 9.97982E-05 9.97982E-05 9.97982E-05 9.97982E-05 9.97982E-05 0.0829062 9.97982E-05 0.0376497 9.97982E-05 9.97982E-05 9.97982E-05 9.97982E-05 9.97982E-05 9.97982E-05 9.97982E-05
9.97899E-05 9.97899E-05 9.97899E-05 9.97899E-05 9.97899E-05 0.0271675 9.97899E-05 0.784615 9.97899E-05 0.101064 9.97899E-05 9.97899E-05 9.97899E-05 9.97899E-05 9.97899E-05 9.97899E-05 9.97899E-05 9.97899E-05 9.97899E-05 9.97899E-05 9.97899E-05 9.97899E-05 9.97899E-05 0.0412614 9.97899E-05 0.0434968 9.97899E-05 9.97899E-05 9.97899E-05
0.133163 0.0946001 9.98507E-05 9.98507E-05 9.98507E-05 0.014945 0.0240411 0.306556 0.00858166 9.98507E-05 9.98507E-05 0.053529 9.98507E-05 9.98507E-05 9.98507E-05 0.189333 9.98507E-05 0.0126354 9.98507E-05 9.98507E-05 0.06757 0.0866437 9.98507E-05 9.98507E-05 0.0067038 9.98507E-05 9.98507E-05 9.98507E-05 9.98507E-05
9.98159E-05 9.98159E-05 9.98159E-05 9.98159E-05 9.98159E-05 9.98159E-05 0.00748986 0.559957 0.0577242 9.98159E-05 0.0556242 9.98159E-05 0.00846782 0.0201329 9.98159E-05 9.98159E-05 9.98159E-05 0.0927822 9.98159E-05 0.195725 9.98159E-05 9.98159E-05 9.98159E-05 9.98159E-05 9.98159E-05 9.98159E-05 9.98159E-05 9.98159E-05 9.98159E-05
0.0065485 9.97897E-05 9.97897E-05 9.97897E-05 9.97897E-05 9.97897E-05 9.97897E-05 0.863337 9.97897E-05 0.00852508 9.97897E-05 9.97897E-05 9.97897E-05 9.97897E-05 9.97897E-05 9.97897E-05 0.0979217 9.97897E-05 9.97897E-05 9.97897E-05 9.97897E-05 9.97897E-05 0.021273 9.97897E-05 9.97897E-05 9.97897E-05 9.97897E-05 9.97897E-05 9.97897E-05
0.00511678 9.98073E-05 0.0169176 9.98073E-05 9.98073E-05 9.98073E-05 9.98073E-05 9.98073E-05 9.98073E-05 0.0537543 0.0807743 0.015071 9.98073E-05 0.715179 9.98073E-05 9.98073E-05 9.98073E-05 9.98073E-05 9.98073E-05 9.98073E-05 9.98073E-05 9.98073E-05 9.98073E-05 9.98073E-05 0.110991 9.98073E-05 9.98073E-05 9.98073E-05 9.98073E-05
0.0512102 9.97812E-05 9.97812E-05 9.97812E-05 9.97812E-05 9.97812E-05 9.97812E-05 9.97812E-05 9.97812E-05 9.97812E-05 9.97812E-05 9.97812E-05 9.97812E-05 0.821878 9.97812E-05 9.97812E-05 9.97812E-05 9.97812E-05 9.97812E-05 9.97812E-05 0.0338483 9.97812E-05 9.97812E-05 9.97812E-05 9.97812E-05 9.97812E-05 9.97812E-05 9.97812E-05 0.0905694
9.97985E-05 0.00515259 9.97985E-05 0.0191913 9.97985E-05 9.97985E-05 0.12309 9.97985E-05 9.97985E-05 9.97985E-05 9.97985E-05 0.0142424 9.97985E-05 0.787319 9.97985E-05 9.97985E-05 9.97985E-05 9.97985E-05 9.97985E-05 9.97985E-05 9.97985E-05 9.97985E-05 0.0487099 9.97985E-05 9.97985E-05 9.97985E-05 9.97985E-05 9.97985E-05 9.97985E-05
9.97895E-05 0.0125501 9.97895E-05 9.97895E-05 9.97895E-05 9.97895E-05 9.97895E-05 9.97895E-05 9.97895E-05 9.97895E-05 9.97895E-05 9.97895E-05 9.97895E-05 0.702601 9.97895E-05 9.97895E-05 0.0581063 9.97895E-05 9.97895E-05 9.97895E-05 9.97895E-05 9.97895E-05 0.096933 0.127415 9.97895E-05 9.97895E-05 9.97895E-05 9.97895E-05 9.97895E-05
0.0604355 0.00892444 9.9781E-05 9.9781E-05 9.9781E-05 9.9781E-05 9.9781E-05 0.809412 0.118734 9.9781E-05 9.9781E-05 9.9781E-05 9.9781E-05 9.9781E-05 9.9781E-05 9.9781E-05 9.9781E-05 9.9781E-05 9.9781E-05 9.9781E-05 9.9781E-05 9.9781E-05 9.9781E-05 9.9781E-05 9.9781E-05 9.9781E-05 9.9781E-05 9.9781E-05 9.9781E-05
0.0181641 9.97983E-05 9.97983E-05 9.97983E-05 9.97983E-05 9.97983E-05 9.97983E-05 0.88706 9.97983E-05 0.0693618 9.97983E-05 9.97983E-05 9.97983E-05 9.97983E-05 9.97983E-05 0.00114294 9.97983E-05 9.97983E-05 9.97983E-05 9.97983E-05 0.00343527 0.0185403 9.97983E-05 9.97983E-05 9.97983E-05 9.97983E-05 9.97983E-05 9.97983E-05 9.97983E-05
0.132822 9.97982E-05 9.97982E-05 0.693995 0.0180864 9.97982E-05 9.97982E-05 9.97982E-05 9.97982E-05 9.97982E-05 9.97982E-05 9.97982E-05 9.97982E-05 9.97982E-05 9.97982E-05 9.97982E-05 9.97982E-05 9.97982E-05 9.97982E-05 9.97982E-05 0.0290321 9.97982E-05 0.0542648 9.97982E-05 9.97982E-05 9.97982E-05 9.97982E-05 0.0695045 9.97982E-05
9.97898E-05 9.97898E-05 9.97898E-05 0.946325 9.97898E-05 9.97898E-05 9.97898E-05 9.97898E-05 0.0166348 9.97898E-05 9.97898E-05 0.0163932 9.97898E-05 9.97898E-05 9.97898E-05 0.013802 9.97898E-05 0.00444972 9.97898E-05 9.97898E-05 9.97898E-05 9.97898E-05 9.97898E-05 9.97898E-05 9.97898E-05 9.97898E-05 9.97898E-05 9.97898E-05 9.97898E-05
9.97633E-05 9.97633E-05 9.97633E-05 0.969038 9.97633E-05 9.97633E-05 9.97633E-05 9.97633E-05 9.97633E-05 9.97633E-05 9.97633E-05 9.97633E-05 9.97633E-05 9.97633E-05 9.97633E-05 9.97633E-05 9.97633E-05 9.97633E-05 9.97633E-05 9.97633E-05 9.97633E-05 9.97633E-05 0.0282682 9.97633E-05 9.97633E-05 9.97633E-05 9.97633E-05 9.97633E-05 9.97633E-05
0.00189957 9.98071E-05 9.98071E-05 0.303613 0.283734 9.98071E-05 0.20683 9.98071E-05 9.98071E-05 0.0563737 9.98071E-05 9.98071E-05 9.98071E-05 9.98071E-05 9.98071E-05 9.98071E-05 9.98071E-05 9.98071E-05 9.98071E-05 9.98071E-05 0.139228 9.98071E-05 0.00612607 9.98071E-05 9.98071E-05 9.98071E-05 9.98071E-05 9.98071E-05 9.98071E-05
0.0474454 9.9804E-05 9.9804E-05 0.626722 9.9804E-05 9.9804E-05 9.9804E-05 9.9804E-05 9.9804E-05 9.9804E-05 9.9804E-05 9.9804E-05 0.039485 9.9804E-05 9.9804E-05 9.9804E-05 9.9804E-05 9.9804E-05 9.9804E-05 0.113487 0.0695333 9.9804E-05 0.101032 9.9804E-05 9.9804E-05 9.9804E-05 9.9804E-05 9.9804E-05 9.9804E-05
0.202093 9.97891E-05 9.97891E-05 0.601901 9.97891E-05 9.97891E-05 9.97891E-05 9.97891E-05 9.97891E-05 9.97891E-05 9.97891E-05 9.97891E-05 9.97891E-05 9.97891E-05 0.0105482 9.97891E-05 0.07353 9.97891E-05 9.97891E-05 0.109533 9.97891E-05 9.97891E-05 9.97891E-05 9.97891E-05 9.97891E-05 9.97891E-05 9.97891E-05 9.97891E-05 9.97891E-05
0.0719683 0.0124957 9.98156E-05 0.496328 0.26776 9.98156E-05 9.98156E-05 9.98156E-05 0.0709557 9.98156E-05 0.0276461 9.98156E-05 9.98156E-05 9.98156E-05 9.98156E-05 0.0136485 0.0371022 9.98156E-05 9.98156E-05 9.98156E-05 9.98156E-05 9.98156E-05 9.98156E-05 9.98156E-05 9.98156E-05 9.98156E-05 9.98156E-05 9.98156E-05 9.98156E-05
0.124837 9.97981E-05 9.97981E-05 0.552189 9.97981E-05 9.97981E-05 9.97981E-05 9.97981E-05 9.97981E-05 9.97981E-05 9.97981E-05 9.97981E-05 9.97981E-05 9.97981E-05 9.97981E-05 9.97981E-05 0.149161 9.97981E-05 9.97981E-05 9.97981E-05 0.0459548 9.97981E-05 0.124657 9.97981E-05 0.000905058 9.97981E-05 9.97981E-05 9.97981E-05 9.97981E-05
9.9772E-05 9.9772E-05 9.9772E-05 0.972343 0.00532689 9.9772E-05 9.9772E-05 9.9772E-05 9.9772E-05 9.9772E-05 9.9772E-05 9.9772E-05 9.9772E-05 9.9772E-05 9.9772E-05 0.0197361 9.9772E-05 9.9772E-05 9.9772E-05 9.9772E-05 9.9772E-05 9.9772E-05 9.9772E-05 9.9772E-05 9.9772E-05 9.9772E-05 9.9772E-05 9.9772E-05 9.9772E-05
9.97632E-05 0.0447434 9.97632E-05 0.952563 9.97632E-05 9.97632E-05 9.97632E-05 9.97632E-05 9.97632E-05 9.97632E-05 9.97632E-05 9.97632E-05 9.97632E-05 9.97632E-05 9.97632E-05 9.97632E-05 9.97632E-05 9.97632E-05 9.97632E-05 9.97632E-05 9.97632E-05 9.97632E-05 9.97632E-05 9.97632E-05 9.97632E-05 9.97632E-05 9.97632E-05 9.97632E-05 9.97632E-05
0.234361 0.151329 9.97979E-05 0.560368 9.97979E-05 9.97979E-05 9.97979E-05 9.97979E-05 9.97979E-05 9.97979E-05 9.97979E-05 0.000900693 9.97979E-05 9.97979E-05 9.97979E-05 9.97979E-05 9.97979E-05 9.97979E-05 9.97979E-05 9.97979E-05 0.0235016 9.97979E-05 9.97979E-05 0.0272439 9.97979E-05 9.97979E-05 9.97979E-05 9.97979E-05 9.97979E-05
0.0545903 0.0349727 9.98331E-05 0.47133 0.0248897 9.98331E-05 9.98331E-05 9.98331E-05 9.98331E-05 9.98331E-05 0.182272 9.98331E-05 9.98331E-05 9.98331E-05 0.0768654 9.98331E-05 0.0195845 9.98331E-05 9.98331E-05 0.0880978 9.98331E-05 9.98331E-05 9.98331E-05 0.0246861 9.98331E-05 0.0208153 9.98331E-05 9.98331E-05 9.98331E-05
9.98157E-05 0.0184615 9.98157E-05 0.532348 9.98157E-05 0.0397512 0.0492238 9.98157E-05 9.98157E-05 9.98157E-05 0.0857631 9.98157E-05 9.98157E-05 9.98157E-05 0.098941 9.98157E-05 9.98157E-05 9.98157E-05 9.98157E-05 9.98157E-05 0.131048 0.0423671 9.98157E-05 9.98157E-05 9.98157E-05 9.98157E-05 9.98157E-05 9.98157E-05 9.98157E-05
0.170429 9.97819E-05 9.97819E-05 0.527333 9.97819E-05 9.97819E-05 9.97819E-05 9.97819E-05 9.97819E-05 9.97819E-05 9.97819E-05 9.97819E-05 9.97819E-05 9.97819E-05 9.97819E-05 9.97819E-05 0.165778 9.97819E-05 9.97819E-05 0.133966 9.97819E-05 9.97819E-05 9.97819E-05 9.97819E-05 9.97819E-05 9.97819E-05 9.97819E-05 9.97819E-05 9.97819E-05
9.97812E-05 9.97812E-05 0.00501104 0.955153 9.97812E-05 9.97812E-05 0.0114329 9.97812E-05 9.97812E-05 9.97812E-05 9.97812E-05 9.97812E-05 9.97812E-05 9.97812E-05 9.97812E-05 9.97812E-05 9.97812E-05 9.97812E-05 9.97812E-05 9.97812E-05 9.97812E-05 9.97812E-05 9.97812E-05 9.97812E-05 0.0259088 9.97812E-05 9.97812E-05 9.97812E-05 9.97812E-05
0.00853528 9.97722E-05 9.97722E-05 0.960993 9.97722E-05 9.97722E-05 9.97722E-05 9.97722E-05 9.97722E-05 9.97722E-05 9.97722E-05 9.97722E-05 9.97722E-05 9.97722E-05 9.97722E-05 9.97722E-05 9.97722E-05 9.97722E-05 9.97722E-05 9.97722E-05 0.0278773 9.97722E-05 9.97722E-05 9.97722E-05 9.97722E-05 9.97722E-05 9.97722E-05 9.97722E-05 9.97722E-05
9.9798E-05 9.9798E-05 9.9798E-05 0.627853 9.9798E-05 0.0059263 0.119 9.9798E-05 9.9798E-05 0.0851934 9.9798E-05 9.9798E-05 9.9798E-05 9.9798E-05 9.9798E-05 9.9798E-05 9.9798E-05 9.9798E-05 9.9798E-05 9.9798E-05 9.9798E-05 9.9798E-05 0.0299999 0.129732 9.9798E-05 9.9798E-05 9.9798E-05 9.9798E-05 9.9798E-05
9.97894E-05 0.11591 9.97894E-05 0.636618 9.97894E-05 9.97894E-05 9.97894E-05 9.97894E-05 9.97894E-05 9.97894E-05 9.97894E-05 9.97894E-05 9.97894E-05 9.97894E-05 9.97894E-05 9.97894E-05 9.97894E-05 9.97894E-05 9.97894E-05 0.110664 0.0490118 9.97894E-05 9.97894E-05 0.0854005 9.97894E-05 9.97894E-05 9.97894E-05 9.97894E-05 9.97894E-05
0.0437784 0.00442679 9.97895E-05 0.863124 9.97895E-05 9.97895E-05 9.97895E-05 9.97895E-05 9.97895E-05 9.97895E-05 9.97895E-05 9.97895E-05 9.97895E-05 9.97895E-05 9.97895E-05 9.97895E-05 9.97895E-05 9.97895E-05 9.97895E-05 9.97895E-05 9.97895E-05 9.97895E-05 0.0789712 0.0073045 9.97895E-05 9.97895E-05 9.97895E-05 9.97895E-05 9.97895E-05
0.199119 9.9789E-05 9.9789E-05 0.585911 9.9789E-05 9.9789E-05 9.9789E-05 9.9789E-05 9.9789E-05 9.9789E-05 9.9789E-05 0.0126092 9.9789E-05 9.9789E-05 9.9789E-05 0.122049 9.9789E-05 9.9789E-05 9.9789E-05 9.9789E-05 9.9789E-05 9.9789E-05 9.9789E-05 9.9789E-05 0.0779168 9.9789E-05 9.9789E-05 9.9789E-05 9.9789E-05
9.9764E-05 9.9764E-05 9.9764E-05 0.958366 9.9764E-05 9.9764E-05 9.9764E-05 9.9764E-05 9.9764E-05 9.9764E-05 9.9764E-05 9.9764E-05 9.9764E-05 9.9764E-05 9.9764E-05 9.9764E-05 9.9764E-05 9.9764E-05 9.9764E-05 9.9764E-05 9.9764E-05 9.9764E-05 9.9764E-05 9.9764E-05 9.9764E-05 9.9764E-05 0.0389403 9.9764E-05 9.9764E-05
9.97892E-05 9.97892E-05 9.97892E-05 0.63034 9.97892E-05 9.97892E-05 9.97892E-05 9.97892E-05 9.97892E-05 0.00110056 9.97892E-05 9.97892E-05 9.97892E-05 9.97892E-05 9.97892E-05 9.97892E-05 0.0798174 9.97892E-05 9.97892E-05 0.234138 9.97892E-05 9.97892E-05 9.97892E-05 0.0522093 9.97892E-05 9.97892E-05 9.97892E-05 9.97892E-05 9.97892E-05
0.000682663 0.00766607 9.97984E-05 0.667445 0.0412126 0.103325 9.97984E-05 9.97984E-05 9.97984E-05 9.97984E-05 9.97984E-05 9.97984E-05 9.97984E-05 9.97984E-05 9.97984E-05 9.97984E-05 9.97984E-05 9.97984E-05 9.97984E-05 9.97984E-05 9.97984E-05 9.97984E-05 9.97984E-05 9.97984E-05 9.97984E-05 9.97984E-05 9.97984E-05 0.177373 9.97984E-05
0.00990917 9.98157E-05 9.98157E-05 0.666864 9.98157E-05 0.0105977 0.0195732 9.98157E-05 9.98157E-05 9.98157E-05 9.98157E-05 9.98157E-05 9.98157E-05 9.98157E-05 9.98157E-05 9.98157E-05 9.98157E-05 0.0420216 9.98157E-05 9.98157E-05 0.0400279 9.98157E-05 0.0594428 0.149468 9.98157E-05 9.98157E-05 9.98157E-05 9.98157E-05 9.98157E-05
9.97717E-05 0.0938695 9.97717E-05 0.810459 9.97717E-05 9.97717E-05 9.97717E-05 9.97717E-05 9.97717E-05 9.97717E-05 9.97717E-05 9.97717E-05 9.97717E-05 9.97717E-05 0.0930777 9.97717E-05 9.97717E-05 9.97717E-05 9.97717E-05 9.97717E-05 9.97717E-05 9.97717E-05 9.97717E-05 9.97717E-05 9.97717E-05 9.97717E-05 9.97717E-05 9.97717E-05 9.97717E-05
0.0217696 9.97986E-05 9.97986E-05 0.799871 0.105333 9.97986E-05 9.97986E-05 9.97986E-05 9.97986E-05 9.97986E-05 9.97986E-05 9.97986E-05 0.0158145 0.0472005 9.97986E-05 9.97986E-05 9.97986E-05 9.97986E-05 9.97986E-05 9.97986E-05 0.00771697 9.97986E-05 9.97986E-05 9.97986E-05 9.97986E-05 9.97986E-05 9.97986E-05 9.97986E-05 9.97986E-05
9.97547E-05 9.97547E-05 9.97547E-05 0.997207 9.97547E-05 9.97547E-05 9.97547E-05 9.97547E-05 9.97547E-05 9.97547E-05 9.97547E-05 9.97547E-05 9.97547E-05 9.97547E-05 9.97547E-05 9.97547E-05 9.97547E-05 9.97547E-05 9.97547E-05 9.97547E-05 9.97547E-05 9.97547E-05 9.97547E-05 9.97547E-05 9.97547E-05 9.97547E-05 9.97547E-05 9.97547E-05 9.97547E-05
0.0224296 9.97635E-05 9.97635E-05 0.974877 9.97635E-05 9.97635E-05 9.97635E-05 9.97635E-05 9.97635E-05 9.97635E-05 9.97635E-05 9.97635E-05 9.97635E-05 9.97635E-05 9.97635E-05 9.97635E-05 9.97635E-05 9.97635E-05 9.97635E-05 9.97635E-05 9.97635E-05 9.97635E-05 9.97635E-05 9.97635E-05 9.97635E-05 9.97635E-05 9.97635E-05 9.97635E-05 9.97635E-05
9.97721E-05 9.97721E-05 9.97721E-05 0.876289 9.97721E-05 9.97721E-05 9.97721E-05 9.97721E-05 9.97721E-05 9.97721E-05 9.97721E-05 9.97721E-05 9.97721E-05 9.97721E-05 0.0283996 9.97721E-05 9.97721E-05 9.97721E-05 9.97721E-05 9.97721E-05 9.97721E-05 9.97721E-05 0.092717 9.97721E-05 9.97721E-05 9.97721E-05 9.97721E-05 9.97721E-05 9.97721E-05
0.137089 9.97896E-05 0.377785 0.342721 9.97896E-05 9.97896E-05 9.97896E-05 9.97896E-05 9.97896E-05 9.97896E-05 9.97896E-05 9.97896E-05 9.97896E-05 9.97896E-05 9.97896E-05 0.0973445 9.97896E-05 9.97896E-05 9.97896E-05 9.97896E-05 0.0426655 9.97896E-05 9.97896E-05 9.97896E-05 9.97896E-05 9.97896E-05 9.97896E-05 9.97896E-05 9.97896E-05
0.138515 9.97896E-05 0.00661524 9.97896E-05 9.97896E-05 0.0741763 0.716258 9.97896E-05 9.97896E-05 9.97896E-05 9.97896E-05 9.97896E-05 9.97896E-05 9.97896E-05 9.97896E-05 9.97896E-05 9.97896E-05 9.97896E-05 9.97896E-05 9.97896E-05 0.0620407 9.97896E-05 9.97896E-05 9.97896E-05 9.97896E-05 9.97896E-05 9.97896E-05 9.97896E-05 9.97896E-05
9.97719E-05 9.97719E-05 0.797015 9.97719E-05 9.97719E-05 9.97719E-05 0.184432 9.97719E-05 9.97719E-05 9.97719E-05 9.97719E-05 9.97719E-05 9.97719E-05 9.97719E-05 9.97719E-05 9.97719E-05 9.97719E-05 9.97719E-05 9.97719E-05 9.97719E-05 9.97719E-05 9.97719E-05 9.97719E-05 9.97719E-05 9.97719E-05 9.97719E-05 9.97719E-05 0.0159588 9.97719E-05
0.0787205 9.9798E-05 9.9798E-05 9.9798E-05 9.9798E-05 0.0215403 0.479345 9.9798E-05 9.9798E-05 9.9798E-05 9.9798E-05 9.9798E-05 9.9798E-05 9.9798E-05 9.9798E-05 9.9798E-05 9.9798E-05 9.9798E-05 9.9798E-05 9.9798E-05 9.9798E-05 0.0195708 9.9798E-05 9.9798E-05 9.9798E-05 0.0382008 9.9798E-05 0.360327 9.9798E-05
0.0414567 0.0943876 9.98155E-05 9.98155E-05 9.98155E-05 0.00385632 0.613021 9.98155E-05 9.98155E-05 9.98155E-05 9.98155E-05 9.98155E-05 9.98155E-05 9.98155E-05 0.00528944 9.98155E-05 0.0257037 9.98155E-05 9.98155E-05 9.98155E-05 9.98155E-05 0.0521525 9.98155E-05 9.98155E-05 9.98155E-05 9.98155E-05 9.98155E-05 0.162037 9.98155E-05
9.97894E-05 9.97894E-05 9.97894E-05 9.97894E-05 9.97894E-05 9.97894E-05 0.923825 9.97894E-05 9.97894E-05 9.97894E-05 9.97894E-05 9.97894E-05 9.97894E-05 9.97894E-05 0.0034626 9.97894E-05 9.97894E-05 0.0267491 9.97894E-05 9.97894E-05 0.025723 9.97894E-05 9.97894E-05 9.97894E-05 9.97894E-05 0.0178454 9.97894E-05 9.97894E-05 9.97894E-05
0.109129 9.9807E-05 0.0476946 9.9807E-05 0.00829062 0.242091 0.350925 9.9807E-05 0.111799 9.9807E-05 9.9807E-05 9.9807E-05 9.9807E-05 9.9807E-05 9.9807E-05 9.9807E-05 9.9807E-05 9.9807E-05 9.9807E-05 9.9807E-05 0.127875 9.9807E-05 9.9807E-05 9.9807E-05 9.9807E-05 9.9807E-05 9.9807E-05 9.9807E-05 9.9807E-05
0.0258912 9.9798E-05 9.9798E-05 9.9798E-05 9.9798E-05 9.9798E-05 0.127235 9.9798E-05 9.9798E-05 9.9798E-05 9.9798E-05 9.9798E-05 9.9798E-05 9.9798E-05 0.0403571 9.9798E-05 9.9798E-05 9.9798E-05 9.9798E-05 9.9798E-05 0.0509638 9.9798E-05 9.9798E-05 9.9798E-05 9.9798E-05 0.0103287 9.9798E-05 0.742929 9.9798E-05
0.0330812 9.97981E-05 9.97981E-05 9.97981E-05 9.97981E-05 0.065584 0.288972 9.97981E-05 9.97981E-05 9.97981E-05 9.97981E-05 9.97981E-05 9.97981E-05 9.97981E-05 9.97981E-05 9.97981E-05 9.97981E-05 9.97981E-05 9.97981E-05 9.97981E-05 0.179037 9.97981E-05 0.00540564 9.97981E-05 9.97981E-05 9.97981E-05 9.97981E-05 0.425625 9.97981E-05
0.0634962 0.000763063 9.98243E-05 9.98243E-05 0.146394 0.0910782 0.0844724 9.98243E-05 9.98243E-05 9.98243E-05 9.98243E-05 9.98243E-05 9.98243E-05 9.98243E-05 9.98243E-05 0.0406084 0.116272 9.98243E-05 9.98243E-05 9.98243E-05 0.322627 9.98243E-05 9.98243E-05 9.98243E-05 9.98243E-05 9.98243E-05 9.98243E-05 0.132293 9.98243E-05
0.251813 9.98068E-05 9.98068E-05 9.98068E-05 9.98068E-05 9.98068E-05 0.26603 9.98068E-05 0.00528879 9.98068E-05 9.98068E-05 9.98068E-05 9.98068E-05 9.98068E-05 0.0124479 9.98068E-05 9.98068E-05 9.98068E-05 9.98068E-05 9.98068E-05 0.142881 9.98068E-05 9.98068E-05 9.98068E-05 9.98068E-05 9.98068E-05 9.98068E-05 0.319061 0.000282345
9.97983E-05 0.0191041 9.97983E-05 9.97983E-05 0.173553 9.97983E-05 0.299307 9.97983E-05 9.97983E-05 9.97983E-05 9.97983E-05 9.97983E-05 9.97983E-05 9.97983E-05 9.97983E-05 9.97983E-05 0.0973032 9.97983E-05 9.97983E-05 9.97983E-05 0.0399114 9.97983E-05 9.97983E-05 9.97983E-05 9.97983E-05 9.97983E-05 0.368527 9.97983E-05 9.97983E-05
0.0401292 0.0584393 9.97981E-05 9.97981E-05 0.0607405 0.582181 0.0825583 9.97981E-05 9.97981E-05 9.97981E-05 9.97981E-05 9.97981E-05 9.97981E-05 9.97981E-05 9.97981E-05 9.97981E-05 9.97981E-05 9.97981E-05 9.97981E-05 9.97981E-05 9.97981E-05 9.97981E-05 9.97981E-05 9.97981E-05 9.97981E-05 9.97981E-05 0.173656 9.97981E-05 9.97981E-05
9.97633E-05 9.97633E-05 9.97633E-05 9.97633E-05 9.97633E-05 9.97633E-05 0.357277 9.97633E-05 9.97633E-05 9.97633E-05 9.97633E-05 9.97633E-05 9.97633E-05 9.97633E-05 9.97633E-05 9.97633E-05 9.97633E-05 9.97633E-05 9.97633E-05 9.97633E-05 9.97633E-05 9.97633E-05 9.97633E-05 9.97633E-05 9.97633E-05 9.97633E-05 9.97633E-05 0.64003 9.97633E-05
0.189363 9.97984E-05 9.97984E-05 9.97984E-05 9.97984E-05 0.279688 0.170198 9.97984E-05 9.97984E-05 9.97984E-05 9.97984E-05 9.97984E-05 9.97984E-05 9.97984E-05 9.97984E-05 9.97984E-05 9.97984E-05 9.97984E-05 9.97984E-05 9.97984E-05 0.0500294 9.97984E-05 9.97984E-05 9.97984E-05 9.97984E-05 9.97984E-05 0.00632766 0.302099 9.97984E-05
9.98072E-05 9.98072E-05 0.0861983 9.98072E-05 9.98072E-05 9.98072E-05 0.49864 9.98072E-05 9.98072E-05 9.98072E-05 0.0336884 9.98072E-05 9.98072E-05 9.98072E-05 0.0310233 9.98072E-05 9.98072E-05 9.98072E-05 9.98072E-05 9.98072E-05 0.0320489 9.98072E-05 0.0956421 9.98072E-05 9.98072E-05 9.98072E-05 9.98072E-05 0.220564 9.98072E-05
0.0891837 9.97897E-05 9.97897E-05 9.97897E-05 9.97897E-05 9.97897E-05 0.70756 9.97897E-05 0.0383439 9.97897E-05 9.97897E-05 9.97897E-05 9.97897E-05 9.97897E-05 9.97897E-05 0.0444918 0.118026 9.97897E-05 9.97897E-05 9.97897E-05 9.97897E-05 9.97897E-05 9.97897E-05 9.97897E-05 9.97897E-05 9.97897E-05 9.97897E-05 9.97897E-05 9.97897E-05
0.0407992 9.9807E-05 9.9807E-05 9.9807E-05 0.263351 0.0947056 0.466251 9.9807E-05 9.9807E-05 9.9807E-05 9.9807E-05 9.9807E-05 0.0572409 9.9807E-05 9.9807E-05 9.9807E-05 9.9807E-05 9.9807E-05 9.9807E-05 9.9807E-05 0.0206256 9.9807E-05 9.9807E-05 9.9807E-05 9.9807E-05 9.9807E-05 0.0548306 9.9807E-05 9.9807E-05
9.9816E-05 0.0169268 9.9816E-05 9.9816E-05 9.9816E-05 0.182178 0.411505 9.9816E-05 9.9816E-05 9.9816E-05 9.9816E-05 9.9816E-05 9.9816E-05 9.9816E-05 9.9816E-05 9.9816E-05 9.9816E-05 9.9816E-05 9.9816E-05 0.112812 0.0993131 9.9816E-05 9.9816E-05 9.9816E-05 9.9816E-05 0.0231288 0.0380903 0.11395 9.9816E-05
9.97808E-05 0.0320958 9.97808E-05 9.97808E-05 9.97808E-05 9.97808E-05 0.920532 9.97808E-05 9.97808E-05 9.97808E-05 9.97808E-05 9.97808E-05 9.97808E-05 9.97808E-05 9.97808E-05 9.97808E-05 0.00457205 9.97808E-05 9.97808E-05 9.97808E-05 9.97808E-05 9.97808E-05 9.97808E-05 9.97808E-05 9.97808E-05 9.97808E-05 0.0403061 9.97808E-05 9.97808E-05
0.114415 0.0379759 9.9816E-05 0.00694238 9.9816E-05 9.9816E-05 0.536896 9.9816E-05 9.9816E-05 9.9816E-05 9.9816E-05 0.0226911 0.0225156 9.9816E-05 9.9816E-05 9.9816E-05 9.9816E-05 9.9816E-05 9.9816E-05 9.9816E-05 0.0480444 9.9816E-05 9.9816E-05 9.9816E-05 9.9816E-05 9.9816E-05 0.208424 9.9816E-05 9.9816E-05
0.0363275 9.97721E-05 9.97721E-05 9.97721E-05 0.162749 9.97721E-05 0.79833 9.97721E-05 9.97721E-05 9.97721E-05 9.97721E-05 9.97721E-05 9.97721E-05 9.97721E-05 9.97721E-05 9.97721E-05 9.97721E-05 9.97721E-05 9.97721E-05 9.97721E-05 9.97721E-05 9.97721E-05 9.97721E-05 9.97721E-05 9.97721E-05 9.97721E-05 9.97721E-05 9.97721E-05 9.97721E-05
0.00908929 9.97896E-05 9.97896E-05 9.97896E-05 9.97896E-05 9.97896E-05 0.939497 9.97896E-05 9.97896E-05 9.97896E-05 9.97896E-05 9.97896E-05 9.97896E-05 9.97896E-05 0.012587 9.97896E-05 9.97896E-05 9.97896E-05 9.97896E-05 9.97896E-05 0.0311543 9.97896E-05 9.97896E-05 9.97896E-05 9.97896E-05 9.97896E-05 0.00527775 9.97896E-05 9.97896E-05
0.178629 9.97895E-05 9.97895E-05 9.97895E-05 9.97895E-05 0.608307 9.97895E-05 9.97895E-05 9.97895E-05 9.97895E-05 9.97895E-05 9.97895E-05 0.0149197 9.97895E-05 9.97895E-05 9.97895E-05 9.97895E-05 9.97895E-05 0.0204477 9.97895E-05 0.175301 9.97895E-05 9.97895E-05 9.97895E-05 9.97895E-05 9.97895E-05 9.97895E-05 9.97895E-05 9.97895E-05
0.0450942 9.97896E-05 0.201015 9.97896E-05 9.97896E-05 9.97896E-05 0.681265 9.97896E-05 9.97896E-05 9.97896E-05 9.97896E-05 9.97896E-05 9.97896E-05 9.97896E-05 9.97896E-05 9.97896E-05 9.97896E-05 9.97896E-05 9.97896E-05 9.97896E-05 0.0160503 9.97896E-05 9.97896E-05 9.97896E-05 9.97896E-05 9.97896E-05 9.97896E-05 9.97896E-05 0.0541808
0.192308 9.97981E-05 9.97981E-05 9.97981E-05 0.00560595 0.517601 0.0552623 9.97981E-05 9.97981E-05 9.97981E-05 9.97981E-05 9.97981E-05 0.0356536 9.97981E-05 9.97981E-05 9.97981E-05 9.97981E-05 9.97981E-05 9.97981E-05 9.97981E-05 0.191274 9.97981E-05 9.97981E-05 9.97981E-05 9.97981E-05 9.97981E-05 9.97981E-05 9.97981E-05 9.97981E-05
0.0112724 9.98158E-05 9.98158E-05 0.0121993 0.162791 9.98158E-05 9.98158E-05 9.98158E-05 9.98158E-05 9.98158E-05 9.98158E-05 9.98158E-05 9.98158E-05 9.98158E-05 9.98158E-05 9.98158E-05 0.0417523 9.98158E-05 9.98158E-05 9.98158E-05 0.0902939 9.98158E-05 9.98158E-05 9.98158E-05 0.0258923 9.98158E-05 0.0169 0.636803 9.98158E-05
0.0160089 9.98158E-05 0.425692 9.98158E-05 9.98158E-05 0.0498558 0.0436092 9.98158E-05 9.98158E-05 9.98158E-05 9.98158E-05 0.0227494 9.98158E-05 9.98158E-05 9.98158E-05 9.98158E-05 9.98158E-05 0.11027 9.98158E-05 9.98158E-05 9.98158E-05 9.98158E-05 9.98158E-05 9.98158E-05 9.98158E-05 0.0311383 0.298581 9.98158E-05 9.98158E-05
0.0438512 9.9798E-05 9.9798E-05 9.9798E-05 9.9798E-05 0.0711739 0.722967 9.9798E-05 9.9798E-05 9.9798E-05 9.9798E-05 9.9798E-05 9.9798E-05 9.9798E-05 9.9798E-05 9.9798E-05 9.9798E-05 9.9798E-05 9.9798E-05 9.9798E-05 0.0277012 9.9798E-05 9.9798E-05 0.0653435 9.9798E-05 9.9798E-05 9.9798E-05 0.0666677 9.9798E-05
0.139016 9.97896E-05 9.97896E-05 9.97896E-05 9.97896E-05 9.97896E-05 0.436416 9.97896E-05 9.97896E-05 9.97896E-05 9.97896E-05 9.97896E-05 9.97896E-05 9.97896E-05 9.97896E-05 9.97896E-05 0.167285 9.97896E-05 9.97896E-05 9.97896E-05 0.215342 9.97896E-05 9.97896E-05 9.97896E-05 9.97896E-05 9.97896E-05 9.97896E-05 0.0395466 9.97896E-05
0.0885729 9.97982E-05 0.207093 9.97982E-05 9.97982E-05 0.158379 0.410677 9.97982E-05 9.97982E-05 9.97982E-05 9.97982E-05 9.97982E-05 0.0266721 9.97982E-05 9.97982E-05 9.97982E-05 9.97982E-05 9.97982E-05 9.97982E-05 9.97982E-05 9.97982E-05 9.97982E-05 9.97982E-05 9.97982E-05 9.97982E-05 0.106311 9.97982E-05 9.97982E-05 9.97982E-05
0.147299 0.0101727 9.98071E-05 9.98071E-05 0.00784544 9.98071E-05 0.355524 9.98071E-05 9.98071E-05 9.98071E-05 0.0433889 9.98071E-05 9.98071E-05 9.98071E-05 9.98071E-05 9.98071E-05 9.98071E-05 9.98071E-05 0.0241591 9.98071E-05 9.98071E-05 9.98071E-05 9.98071E-05 9.98071E-05 9.98071E-05 9.98071E-05 9.98071E-05 0.409416 9.98071E-05
9.97806E-05 9.97806E-05 9.97806E-05 9.97806E-05 9.97806E-05 9.97806E-05 0.579518 9.97806E-05 9.97806E-05 9.97806E-05 9.97806E-05 9.97806E-05 0.0518712 9.97806E-05 9.97806E-05 9.97806E-05 9.97806E-05 9.97806E-05 9.97806E-05 9.97806E-05 9.97806E-05 9.97806E-05 9.97806E-05 9.97806E-05 0.0296361 9.97806E-05 9.97806E-05 0.33648 9.97806E-05
