0.115793 0.686297 0.0161943 0.181616 9.99912E-05
9.99825E-05 0.782736 0.154617 0.0624462 9.99825E-05
9.99825E-05 0.731693 0.260905 0.00720198 9.99825E-05
9.999E-05 0.417561 0.431315 0.0902367 0.0607878
9.99738E-05 0.658659 0.341041 9.99738E-05 9.99738E-05
0.0409977 0.642732 0.316071 9.99825E-05 9.99825E-05
9.99825E-05 0.403887 0.4267 0.169213 9.99825E-05
9.99825E-05 0.446144 0.533105 0.0205508 9.99825E-05
9.99824E-05 0.637019 0.269698 9.99824E-05 0.0930829
0.098688 0.744885 0.116148 0.0401793 9.99913E-05
0.0225436 0.635108 0.102702 0.239547 9.99912E-05
9.99825E-05 0.568172 0.365433 0.0661951 9.99825E-05
9.99825E-05 0.763387 0.227788 0.00862529 9.99825E-05
9.99825E-05 0.745038 0.132353 0.122409 9.99825E-05
0.047713 0.855816 0.0833657 9.99912E-05 0.0130054
0.028273 0.566466 0.368042 0.0371193 9.99912E-05
0.0143538 0.580904 0.272593 0.132049 9.99913E-05
0.256282 0.463097 0.0835588 0.0205375 0.176525
0.064805 0.587981 0.279998 0.0616129 0.00560324
9.99825E-05 0.690503 0.224859 9.99825E-05 0.084438
9.999E-05 0.429402 0.441141 0.0890818 0.0402751
9.99825E-05 0.506825 0.474775 0.0182 9.99825E-05
9.999E-05 0.680945 0.119399 0.0882671 0.111289
9.99737E-05 0.57629 0.42341 9.99737E-05 9.99737E-05
9.99912E-05 0.669979 0.186021 0.065361 0.0785389
9.99825E-05 0.647414 0.288251 0.0641348 9.99825E-05
0.22666 0.602139 0.171002 9.99824E-05 9.99824E-05
9.99825E-05 0.653368 0.321813 0.0246194 9.99825E-05
9.99913E-05 0.881012 0.0455661 0.0191298 0.0541925
9.99825E-05 0.685773 0.228016 9.99825E-05 0.086011
0.0305978 0.647576 0.124815 0.171871 0.0251403
9.99825E-05 0.659084 0.229043 0.111673 9.99825E-05
9.99825E-05 0.652011 0.226217 0.121573 9.99825E-05
0.0523635 0.6847 0.190799 0.0720379 9.99912E-05
0.0325993 0.751604 0.0175291 0.107252 0.0910153
9.99825E-05 0.621669 0.348386 0.0297452 9.99825E-05
9.99826E-05 0.464858 0.463377 0.071565 9.99826E-05
9.99825E-05 0.823867 9.99825E-05 0.0282872 0.147646
9.99913E-05 0.788869 0.152445 0.0110848 0.0475008
9.99825E-05 0.66236 0.286739 0.0507015 9.99825E-05
9.99825E-05 0.666803 0.289568 0.0434295 9.99825E-05
9.99738E-05 0.805845 0.193855 9.99738E-05 9.99738E-05
9.99738E-05 0.559519 0.440181 9.99738E-05 9.99738E-05
9.99912E-05 0.701016 0.139168 0.133076 0.0266403
9.99825E-05 0.435498 0.431822 9.99825E-05 0.132481
0.0057005 0.606213 0.309391 9.99913E-05 0.0785949
0.0488123 0.763739 0.124966 0.0623826 9.99913E-05
9.99913E-05 0.640605 0.278127 0.0658786 0.0152893
9.99825E-05 0.53749 0.35827 0.10404 9.99825E-05
0.126286 0.562697 0.23885 0.0192848 0.052882
9.99912E-05 0.64222 0.202378 0.14248 0.012823
0.0236527 0.464388 0.46042 0.051439 9.99913E-05
0.174581 0.80031 0.024909 9.99825E-05 9.99825E-05
0.00392285 0.498719 0.373666 0.0666168 0.0570759
9.99738E-05 0.659241 0.340459 9.99738E-05 9.99738E-05
9.99913E-05 0.625284 0.261792 0.0707785 0.0420458
0.0530912 0.556185 0.316047 0.0745766 9.99913E-05
0.0188237 0.624644 0.259913 0.0965192 9.99913E-05
0.0354539 0.580914 0.32019 0.0565831 0.00685868
0.165229 0.74844 0.000159594 0.0860717 9.99912E-05
0.036115 0.568253 0.395432 9.99825E-05 9.99825E-05
0.157431 0.656754 0.143946 0.0417681 9.99912E-05
0.130701 0.843001 9.99824E-05 0.0260979 9.99824E-05
0.122414 0.548687 0.239275 0.0164856 0.0731383
0.187235 0.727562 9.99912E-05 0.0813696 0.00373347
0.106437 0.746457 0.0767705 0.0399604 0.0303749
0.25345 0.746251 9.99736E-05 9.99736E-05 9.99736E-05
0.206153 0.793547 9.99737E-05 9.99737E-05 9.99737E-05
9.99825E-05 0.673002 0.119668 0.20713 9.99825E-05
0.0559686 0.642158 9.99912E-05 0.235433 0.0663403
0.0728483 0.413536 0.38783 0.125686 9.99912E-05
0.0326449 0.53793 0.319652 0.109673 9.99912E-05
0.0168856 0.668824 0.306769 0.00742104 9.99912E-05
0.0638382 0.698987 0.224453 0.0126217 9.99913E-05
0.0466338 0.783079 0.0747149 0.0954724 9.99912E-05
0.195135 0.542316 0.262349 9.99824E-05 9.99824E-05
0.0943048 0.438778 0.213954 0.252864 9.99912E-05
0.0990599 0.647282 0.095661 0.157897 9.99912E-05
0.105628 0.707879 0.105799 0.0360588 0.0446345
0.0572417 0.812478 0.11903 0.0111509 9.99913E-05
0.0984814 0.769469 0.131849 9.99824E-05 9.99824E-05
0.164932 0.822228 0.0126401 9.99825E-05 9.99825E-05
0.0951382 0.54351 0.316071 0.0451806 9.99912E-05
0.0470735 0.5681 0.019071 0.365656 9.99912E-05
0.0330107 0.818555 9.99913E-05 0.107646 0.0406882
0.136785 0.718598 0.144417 9.99825E-05 9.99825E-05
0.0736581 0.745221 0.180921 9.99825E-05 9.99825E-05
0.269399 0.674803 0.0555983 9.99825E-05 9.99825E-05
9.99737E-05 0.937777 0.0619229 9.99737E-05 9.99737E-05
9.997E-05 0.9996 9.997E-05 9.997E-05 9.997E-05
9.997E-05 0.9996 9.997E-05 9.997E-05 9.997E-05
0.0267479 0.893817 0.0150891 0.0642458 9.99912E-05
0.0580078 0.829225 9.99912E-05 0.0704752 0.0421919
0.0884005 0.711295 0.0367668 0.0516224 0.111915
0.00817442 0.98147 9.99824E-05 9.99824E-05 0.0101558
0.083569 0.811125 9.99824E-05 0.105106 9.99824E-05
9.99736E-05 0.957703 9.99736E-05 0.0419966 9.99736E-05
0.0185966 0.928397 9.99824E-05 0.0528069 9.99824E-05
0.0351775 0.964523 9.99736E-05 9.99736E-05 9.99736E-05
9.997E-05 0.9996 9.997E-05 9.997E-05 9.997E-05
9.99736E-05 0.933771 9.99736E-05 0.0659292 9.99736E-05
0.0026554 0.943194 0.0152719 0.0387791 9.99912E-05
9.99737E-05 0.995929 9.99737E-05 0.00377122 9.99737E-05
0.210083 0.710327 0.0475022 0.0319874 9.99912E-05
9.99824E-05 0.88748 9.99824E-05 0.0787402 0.03358
9.99736E-05 0.940928 9.99736E-05 9.99736E-05 0.0587718
9.99825E-05 0.823785 0.119231 0.0567839 9.99825E-05
9.99825E-05 0.907909 9.99825E-05 0.0475378 0.0443529
9.99737E-05 0.831476 9.99737E-05 9.99737E-05 0.168224
9.99824E-05 0.876898 0.112977 9.99824E-05 0.00992506
0.0149325 0.898107 9.99912E-05 0.0608405 0.0260204
9.99824E-05 0.885293 0.0608471 9.99824E-05 0.0536596
9.99737E-05 0.994885 9.99737E-05 0.00481486 9.99737E-05
9.99736E-05 0.824501 9.99736E-05 9.99736E-05 0.175199
9.997E-05 0.9996 9.997E-05 9.997E-05 9.997E-05
9.99738E-05 0.890228 9.99738E-05 9.99738E-05 0.109472
9.99824E-05 0.74051 0.180805 9.99824E-05 0.0784844
9.99737E-05 0.989245 9.99737E-05 9.99737E-05 0.010455
9.99825E-05 0.824983 9.99825E-05 0.0972501 0.0775665
9.99824E-05 0.929316 9.99824E-05 0.0656878 0.0047961
9.99824E-05 0.838894 9.99824E-05 0.0479998 0.112906
9.99736E-05 0.670488 9.99736E-05 9.99736E-05 0.329212
9.99736E-05 0.910752 9.99736E-05 9.99736E-05 0.0889484
9.99737E-05 0.949326 9.99737E-05 9.99737E-05 0.0503745
0.0154643 0.817955 9.99912E-05 0.110269 0.0562115
0.0336009 0.860085 9.99824E-05 0.106114 9.99824E-05
9.99737E-05 0.975921 9.99737E-05 9.99737E-05 0.0237792
9.99737E-05 0.932008 9.99737E-05 9.99737E-05 0.0676919
9.99825E-05 0.978211 9.99825E-05 0.012201 0.00938774
0.0251957 0.974504 9.99737E-05 9.99737E-05 9.99737E-05
9.99824E-05 0.931415 0.0676719 9.99824E-05 0.000712994
9.99824E-05 0.889986 9.99824E-05 0.0122081 0.0976061
9.99737E-05 0.959243 9.99737E-05 9.99737E-05 0.040457
9.997E-05 0.9996 9.997E-05 9.997E-05 9.997E-05
0.0839394 0.810843 9.99824E-05 9.99824E-05 0.105018
0.00699506 0.851137 9.99912E-05 0.109223 0.032545
0.0964518 0.799163 0.104186 9.99825E-05 9.99825E-05
0.0247715 0.859448 9.99912E-05 0.090635 0.0250456
9.997E-05 0.9996 9.997E-05 9.997E-05 9.997E-05
9.99824E-05 0.676436 0.198729 9.99824E-05 0.124635
9.997E-05 0.9996 9.997E-05 9.997E-05 9.997E-05
9.99737E-05 0.96505 9.99737E-05 0.0346498 9.99737E-05
0.0308754 0.868278 0.100647 9.99824E-05 9.99824E-05
0.0125598 0.737461 0.0953621 0.12996 0.024658
9.99736E-05 0.985014 9.99736E-05 9.99736E-05 0.0146858
9.99824E-05 0.960367 9.99824E-05 0.0185922 0.0208404
9.99824E-05 0.859713 9.99824E-05 0.076201 0.0638864
9.99737E-05 0.796802 9.99737E-05 9.99737E-05 0.202898
9.997E-05 0.9996 9.997E-05 9.997E-05 9.997E-05
0.0177283 0.847915 9.99824E-05 9.99824E-05 0.134156
9.997E-05 0.9996 9.997E-05 9.997E-05 9.997E-05
0.00566006 0.809017 9.99824E-05 9.99824E-05 0.185123
9.997E-05 0.9996 9.997E-05 9.997E-05 9.997E-05
9.997E-05 0.9996 9.997E-05 9.997E-05 9.997E-05
9.997E-05 0.9996 9.997E-05 9.997E-05 9.997E-05
9.99736E-05 0.884597 9.99736E-05 9.99736E-05 0.115103
9.997E-05 0.9996 9.997E-05 9.997E-05 9.997E-05
9.997E-05 0.9996 9.997E-05 9.997E-05 9.997E-05
9.99736E-05 0.837164 9.99736E-05 9.99736E-05 0.162536
9.99736E-05 0.825645 9.99736E-05 9.99736E-05 0.174055
9.99736E-05 0.810163 9.99736E-05 9.99736E-05 0.189537
9.997E-05 0.9996 9.997E-05 9.997E-05 9.997E-05
9.997E-05 0.9996 9.997E-05 9.997E-05 9.997E-05
9.99736E-05 0.851218 9.99736E-05 9.99736E-05 0.148482
9.99736E-05 0.888013 9.99736E-05 9.99736E-05 0.111687
0.0633403 0.597026 0.173525 9.99912E-05 0.166008
9.99736E-05 0.853771 9.99736E-05 9.99736E-05 0.145929
9.997E-05 0.9996 9.997E-05 9.997E-05 9.997E-05
9.99736E-05 0.891508 9.99736E-05 9.99736E-05 0.108192
9.99736E-05 0.939076 9.99736E-05 9.99736E-05 0.0606244
9.99736E-05 0.855932 9.99736E-05 9.99736E-05 0.143768
9.997E-05 0.9996 9.997E-05 9.997E-05 9.997E-05
9.99736E-05 0.89438 9.99736E-05 9.99736E-05 0.10532
9.997E-05 0.9996 9.997E-05 9.997E-05 9.997E-05
9.99736E-05 0.890708 9.99736E-05 9.99736E-05 0.108992
9.99736E-05 0.892554 9.99736E-05 9.99736E-05 0.107146
9.997E-05 0.9996 9.997E-05 9.997E-05 9.997E-05
9.997E-05 0.9996 9.997E-05 9.997E-05 9.997E-05
9.997E-05 0.9996 9.997E-05 9.997E-05 9.997E-05
0.0371726 0.822223 9.99912E-05 0.00600301 0.134501
9.99736E-05 0.830341 9.99736E-05 9.99736E-05 0.169359
9.99736E-05 0.802636 9.99736E-05 9.99736E-05 0.197064
9.99736E-05 0.883655 9.99736E-05 9.99736E-05 0.116045
9.99824E-05 0.858265 0.00536969 9.99824E-05 0.136166
9.997E-05 0.9996 9.997E-05 9.997E-05 9.997E-05
9.997E-05 0.9996 9.997E-05 9.997E-05 9.997E-05
9.997E-05 0.9996 9.997E-05 9.997E-05 9.997E-05
0.0556931 0.895892 9.99824E-05 9.99824E-05 0.0482149
9.997E-05 0.9996 9.997E-05 9.997E-05 9.997E-05
9.997E-05 0.9996 9.997E-05 9.997E-05 9.997E-05
9.997E-05 0.9996 9.997E-05 9.997E-05 9.997E-05
9.997E-05 0.9996 9.997E-05 9.997E-05 9.997E-05
9.99736E-05 0.89842 9.99736E-05 9.99736E-05 0.10128
9.997E-05 0.9996 9.997E-05 9.997E-05 9.997E-05
9.997E-05 0.9996 9.997E-05 9.997E-05 9.997E-05
0.0476855 0.687078 0.121555 9.99912E-05 0.143582
9.99736E-05 0.844591 9.99736E-05 9.99736E-05 0.155109
9.997E-05 0.9996 9.997E-05 9.997E-05 9.997E-05
9.997E-05 0.9996 9.997E-05 9.997E-05 9.997E-05
9.997E-05 0.9996 9.997E-05 9.997E-05 9.997E-05
9.997E-05 0.9996 9.997E-05 9.997E-05 9.997E-05
9.99736E-05 0.857184 9.99736E-05 9.99736E-05 0.142517
9.997E-05 0.9996 9.997E-05 9.997E-05 9.997E-05
9.99736E-05 0.883655 9.99736E-05 9.99736E-05 0.116045
9.997E-05 0.9996 9.997E-05 9.997E-05 9.997E-05
9.99736E-05 0.876536 9.99736E-05 9.99736E-05 0.123164
9.997E-05 0.9996 9.997E-05 9.997E-05 9.997E-05
9.997E-05 0.9996 9.997E-05 9.997E-05 9.997E-05
9.997E-05 0.9996 9.997E-05 9.997E-05 9.997E-05
9.997E-05 0.9996 9.997E-05 9.997E-05 9.997E-05
9.997E-05 0.9996 9.997E-05 9.997E-05 9.997E-05
9.997E-05 0.9996 9.997E-05 9.997E-05 9.997E-05
9.99736E-05 0.882811 9.99736E-05 9.99736E-05 0.116889
9.99736E-05 0.890949 9.99736E-05 9.99736E-05 0.108751
9.99736E-05 0.801189 9.99736E-05 9.99736E-05 0.198511
9.997E-05 0.9996 9.997E-05 9.997E-05 9.997E-05
0.0356308 0.849673 9.99824E-05 9.99824E-05 0.114497
9.99736E-05 0.899485 9.99736E-05 9.99736E-05 0.100215
9.99736E-05 0.906404 9.99736E-05 9.99736E-05 0.0932957
9.997E-05 0.9996 9.997E-05 9.997E-05 9.997E-05
9.997E-05 0.9996 9.997E-05 9.997E-05 9.997E-05
9.997E-05 0.9996 9.997E-05 9.997E-05 9.997E-05
9.99736E-05 0.879309 9.99736E-05 9.99736E-05 0.120391
9.997E-05 0.9996 9.997E-05 9.997E-05 9.997E-05
9.997E-05 0.9996 9.997E-05 9.997E-05 9.997E-05
9.99736E-05 0.933011 9.99736E-05 9.99736E-05 0.0666887
9.997E-05 0.9996 9.997E-05 9.997E-05 9.997E-05
9.997E-05 0.9996 9.997E-05 9.997E-05 9.997E-05
0.101103 0.727377 9.99912E-05 0.145695 0.0257252
0.00240249 0.805831 9.99824E-05 9.99824E-05 0.191567
9.997E-05 0.9996 9.997E-05 9.997E-05 9.997E-05
0.147559 0.852141 9.99737E-05 9.99737E-05 9.99737E-05
9.99824E-05 0.832196 0.0522753 9.99824E-05 0.115328
9.99736E-05 0.856266 9.99736E-05 9.99736E-05 0.143435
0.0673062 0.761678 0.0744311 9.99912E-05 0.0964851
9.99736E-05 0.960277 9.99736E-05 9.99736E-05 0.0394234
9.997E-05 0.9996 9.997E-05 9.997E-05 9.997E-05
9.99824E-05 0.902582 9.99824E-05 0.00852643 0.0886917
0.0745513 0.768244 9.99912E-05 0.0850531 0.072052
9.997E-05 0.9996 9.997E-05 9.997E-05 9.997E-05
9.99824E-05 0.751669 0.17581 9.99824E-05 0.0723207
9.99736E-05 0.86651 9.99736E-05 0.13319 9.99736E-05
9.997E-05 0.9996 9.997E-05 9.997E-05 9.997E-05
0.109491 0.765325 0.124984 9.99824E-05 9.99824E-05
0.131515 0.822954 9.99824E-05 9.99824E-05 0.0453304
9.99824E-05 0.913763 9.99824E-05 0.0393194 0.0467172
9.99824E-05 0.893798 0.0268882 0.079114 9.99824E-05
9.99737E-05 0.931338 9.99737E-05 9.99737E-05 0.0683617
0.0283292 0.890628 0.00337486 0.061731 0.0159373
9.99824E-05 0.837921 9.99824E-05 0.0514766 0.110402
0.022629 0.825898 0.134459 9.99912E-05 0.0169143
9.99824E-05 0.867328 0.087831 9.99824E-05 0.0446408
9.99824E-05 0.945232 0.04865 0.00591762 9.99824E-05
0.00229937 0.714057 0.0709269 0.100682 0.112035
0.0249815 0.880974 9.99912E-05 0.0343055 0.0596393
0.126636 0.818724 9.99824E-05 9.99824E-05 0.0544401
9.997E-05 0.9996 9.997E-05 9.997E-05 9.997E-05
0.0419203 0.827775 0.0448266 9.99912E-05 0.0853784
0.0469398 0.925168 9.99824E-05 9.99824E-05 0.0276919
0.118945 0.718913 0.023244 9.99912E-05 0.138799
0.0342576 0.779308 9.99824E-05 9.99824E-05 0.186234
9.99824E-05 0.918133 0.0555524 0.0261146 9.99824E-05
9.99736E-05 0.965176 9.99736E-05 0.0345237 9.99736E-05
9.99824E-05 0.964489 9.99824E-05 0.0127293 0.0225818
0.108403 0.801993 9.99824E-05 0.0894036 9.99824E-05
0.100718 0.856184 9.99824E-05 0.0428979 9.99824E-05
9.99824E-05 0.930946 0.0459462 9.99824E-05 0.0229081
0.010345 0.96747 9.99825E-05 9.99825E-05 0.0219851
9.99912E-05 0.702652 0.175978 0.093118 0.0281521
9.99824E-05 0.857672 9.99824E-05 0.0800155 0.062113
9.99824E-05 0.785116 0.172293 9.99824E-05 0.0423913
9.99736E-05 0.881874 9.99736E-05 9.99736E-05 0.117826
9.99824E-05 0.798251 0.0610813 9.99824E-05 0.140468
9.99824E-05 0.782626 0.132903 9.99824E-05 0.0842716
0.0217027 0.952114 9.99824E-05 0.0259832 9.99824E-05
0.037674 0.962026 9.99736E-05 9.99736E-05 9.99736E-05
0.0119181 0.916583 9.99912E-05 0.0270829 0.0443165
9.997E-05 0.9996 9.997E-05 9.997E-05 9.997E-05
9.99736E-05 0.862471 9.99736E-05 0.137229 9.99736E-05
9.997E-05 0.9996 9.997E-05 9.997E-05 9.997E-05
0.0747606 0.758683 0.166356 9.99824E-05 9.99824E-05
9.99737E-05 0.974392 9.99737E-05 0.025308 9.99737E-05
9.99737E-05 0.950166 9.99737E-05 0.0495342 9.99737E-05
9.99824E-05 0.814532 0.112253 0.0730157 9.99824E-05
9.997E-05 0.9996 9.997E-05 9.997E-05 9.997E-05
0.0160266 0.690691 0.165239 0.00256027 0.125483
9.997E-05 0.9996 9.997E-05 9.997E-05 9.997E-05
9.99737E-05 0.958492 9.99737E-05 0.0412082 9.99737E-05
9.99737E-05 0.994448 9.99737E-05 0.00525201 9.99737E-05
9.99737E-05 0.932728 9.99737E-05 9.99737E-05 0.0669725
0.00243544 0.997265 9.99736E-05 9.99736E-05 9.99736E-05
9.99737E-05 0.999573 9.99737E-05 0.000126769 9.99737E-05
9.997E-05 0.9996 9.997E-05 9.997E-05 9.997E-05
9.99737E-05 0.963998 9.99737E-05 9.99737E-05 0.0357022
9.99737E-05 0.895091 9.99737E-05 0.104609 9.99737E-05
9.99824E-05 0.721362 9.99824E-05 0.0741803 0.204258
9.99737E-05 0.943314 9.99737E-05 0.0563864 9.99737E-05
9.997E-05 0.9996 9.997E-05 9.997E-05 9.997E-05
0.0384908 0.950845 0.00493876 9.99912E-05 0.00562508
9.99824E-05 0.886009 9.99824E-05 0.0383927 0.0753982
9.99737E-05 0.948613 9.99737E-05 9.99737E-05 0.0510869
9.99824E-05 0.949589 9.99824E-05 0.0103934 0.0398176
9.997E-05 0.9996 9.997E-05 9.997E-05 9.997E-05
0.0101239 0.945194 9.99824E-05 0.0444819 9.99824E-05
0.0874966 0.669092 0.138103 9.99912E-05 0.105208
9.997E-05 0.9996 9.997E-05 9.997E-05 9.997E-05
9.997E-05 0.9996 9.997E-05 9.997E-05 9.997E-05
9.997E-05 0.9996 9.997E-05 9.997E-05 9.997E-05
9.99824E-05 0.842496 9.99824E-05 0.102678 0.0546257
9.997E-05 0.9996 9.997E-05 9.997E-05 9.997E-05
9.99736E-05 0.93874 9.99736E-05 0.0609603 9.99736E-05
9.99912E-05 0.789715 0.0535377 0.0549768 0.10167
0.087596 0.681326 0.0951868 0.0187611 0.11713
0.0185575 0.981143 9.99737E-05 9.99737E-05 9.99737E-05
9.99737E-05 0.95578 9.99737E-05 0.0439201 9.99737E-05
9.99737E-05 0.802204 9.99737E-05 9.99737E-05 0.197496
9.99737E-05 0.970616 9.99737E-05 9.99737E-05 0.0290844
0.0826901 0.754827 9.99912E-05 0.0589598 0.103423
0.0296748 0.960454 9.99824E-05 0.00967085 9.99824E-05
9.99912E-05 0.900837 0.00966297 0.00814747 0.081253
9.99824E-05 0.911448 0.0227135 9.99824E-05 0.065639
9.99737E-05 0.793379 9.99737E-05 9.99737E-05 0.206322
0.097664 0.883764 9.99824E-05 9.99824E-05 0.0183722
9.997E-05 0.9996 9.997E-05 9.997E-05 9.997E-05
0.0602541 0.654642 9.99912E-05 0.132387 0.152618
9.997E-05 0.9996 9.997E-05 9.997E-05 9.997E-05
0.0577239 0.928546 9.99825E-05 9.99825E-05 0.0135298
0.0517497 0.722559 0.136604 9.99912E-05 0.088987
9.99824E-05 0.814761 0.00899099 0.176048 9.99824E-05
0.119174 0.834812 9.99824E-05 0.045815 9.99824E-05
9.99824E-05 0.815168 0.0886984 9.99824E-05 0.095934
0.0927819 0.578613 0.171113 0.0926058 0.0648859
9.99736E-05 0.975604 9.99736E-05 9.99736E-05 0.0240962
0.0731607 0.701962 9.99912E-05 0.0431558 0.181621
9.997E-05 0.9996 9.997E-05 9.997E-05 9.997E-05
9.99737E-05 0.987983 9.99737E-05 9.99737E-05 0.011717
9.997E-05 0.9996 9.997E-05 9.997E-05 9.997E-05
0.215222 0.732291 9.99824E-05 9.99824E-05 0.0522872
9.997E-05 0.9996 9.997E-05 9.997E-05 9.997E-05
9.997E-05 0.9996 9.997E-05 9.997E-05 9.997E-05
9.99825E-05 0.863018 9.99825E-05 0.0557752 0.0810064
9.99737E-05 0.896172 9.99737E-05 9.99737E-05 0.103528
9.99737E-05 0.966923 9.99737E-05 0.0327769 9.99737E-05
9.997E-05 0.9996 9.997E-05 9.997E-05 9.997E-05
9.99824E-05 0.849493 0.0410361 9.99824E-05 0.109271
9.99824E-05 0.660799 9.99824E-05 0.100104 0.238897
9.997E-05 0.9996 9.997E-05 9.997E-05 9.997E-05
0.0112841 0.963364 9.99824E-05 9.99824E-05 0.0251517
0.134495 0.785041 9.99912E-05 0.0162099 0.0641533
9.99825E-05 0.888693 9.99825E-05 0.022875 0.0882317
9.99912E-05 0.717901 0.111245 0.0929279 0.077826
0.0667259 0.825566 9.99824E-05 0.107509 9.99824E-05
9.99824E-05 0.86628 9.99824E-05 0.123136 0.0103839
9.99824E-05 0.913799 0.043642 9.99824E-05 0.0423594
9.99824E-05 0.7971 0.191683 9.99824E-05 0.0110175
9.997E-05 0.9996 9.997E-05 9.997E-05 9.997E-05
0.0485492 0.833115 9.99824E-05 0.118135 9.99824E-05
0.029763 0.883297 9.99825E-05 9.99825E-05 0.0867399
9.99738E-05 0.982472 9.99738E-05 9.99738E-05 0.017228
9.99824E-05 0.863853 0.0289477 0.106999 9.99824E-05
9.99824E-05 0.896029 0.000767804 9.99824E-05 0.103003
9.99824E-05 0.767358 0.179351 0.0530908 9.99824E-05
9.99825E-05 0.746904 0.179111 0.0737848 9.99825E-05
9.99824E-05 0.69333 0.227501 0.0789686 9.99824E-05
9.99825E-05 0.794572 0.122002 0.0832261 9.99825E-05
0.0714677 0.700322 0.0882137 0.0543082 0.0856882
9.99738E-05 0.886683 0.113017 9.99738E-05 9.99738E-05
0.0245668 0.890681 0.0423341 0.0423183 9.99912E-05
0.00405743 0.761154 0.197016 0.0376721 9.99912E-05
0.0406101 0.774505 0.109745 0.0750404 9.99913E-05
9.99912E-05 0.797483 0.139707 0.0194278 0.0432826
0.0695149 0.749137 0.000128627 0.163537 0.0176833
9.99825E-05 0.755333 9.99825E-05 0.0328566 0.211611
9.99824E-05 0.76556 0.21712 0.0171195 9.99824E-05
9.99825E-05 0.86624 0.122177 0.0113834 9.99825E-05
0.0592687 0.732217 0.0579593 0.12842 0.0221349
9.99824E-05 0.715221 0.232654 0.0519248 9.99824E-05
9.99824E-05 0.848519 0.0340913 0.11719 9.99824E-05
0.00308846 0.719744 0.149631 0.00622954 0.121307
0.0242159 0.562365 0.136476 0.221523 0.0554208
9.99737E-05 0.729344 0.270356 9.99737E-05 9.99737E-05
9.99737E-05 0.841489 9.99737E-05 0.158211 9.99737E-05
9.99825E-05 0.668728 0.207226 0.123846 9.99825E-05
0.0631597 0.725235 9.99912E-05 0.113041 0.0984644
0.158277 0.841423 9.99736E-05 9.99736E-05 9.99736E-05
0.0473325 0.952368 9.99736E-05 9.99736E-05 9.99736E-05
0.00863354 0.991067 9.99736E-05 9.99736E-05 9.99736E-05
0.0894812 0.845095 0.0520126 9.99912E-05 0.013311
0.00976641 0.981871 0.00816228 9.99824E-05 9.99824E-05
9.99737E-05 0.989392 0.0103084 9.99737E-05 9.99737E-05
0.0726488 0.927051 9.99736E-05 9.99736E-05 9.99736E-05
9.99737E-05 0.992828 9.99737E-05 9.99737E-05 0.00687217
0.0254812 0.974219 9.99736E-05 9.99736E-05 9.99736E-05
9.99736E-05 0.942342 9.99736E-05 0.0573578 9.99736E-05
0.0292077 0.875469 9.99824E-05 9.99824E-05 0.0951228
9.997E-05 0.9996 9.997E-05 9.997E-05 9.997E-05
9.99736E-05 0.941239 9.99736E-05 0.0584614 9.99736E-05
9.997E-05 0.9996 9.997E-05 9.997E-05 9.997E-05
9.997E-05 0.9996 9.997E-05 9.997E-05 9.997E-05
9.997E-05 0.9996 9.997E-05 9.997E-05 9.997E-05
0.0918119 0.907888 9.99736E-05 9.99736E-05 9.99736E-05
9.997E-05 0.9996 9.997E-05 9.997E-05 9.997E-05
9.997E-05 0.9996 9.997E-05 9.997E-05 9.997E-05
0.0302361 0.933962 9.99824E-05 0.0356021 9.99824E-05
9.997E-05 0.9996 9.997E-05 9.997E-05 9.997E-05
0.0329384 0.966762 9.99737E-05 9.99737E-05 9.99737E-05
0.0483569 0.951343 9.99736E-05 9.99736E-05 9.99736E-05
9.99737E-05 0.925185 9.99737E-05 9.99737E-05 0.0745146
9.99912E-05 0.961686 0.00456027 0.0272357 0.0064176
0.0362311 0.963469 9.99736E-05 9.99736E-05 9.99736E-05
9.99912E-05 0.881997 0.0209221 0.0897799 0.00720104
9.997E-05 0.9996 9.997E-05 9.997E-05 9.997E-05
9.997E-05 0.9996 9.997E-05 9.997E-05 9.997E-05
9.997E-05 0.9996 9.997E-05 9.997E-05 9.997E-05
9.99825E-05 0.892841 0.056055 0.0509041 9.99825E-05
9.99737E-05 0.921017 0.0786832 9.99737E-05 9.99737E-05
0.0798104 0.91989 9.99737E-05 9.99737E-05 9.99737E-05
9.99736E-05 0.922239 0.0774608 9.99736E-05 9.99736E-05
0.0653652 0.934335 9.99736E-05 9.99736E-05 9.99736E-05
9.997E-05 0.9996 9.997E-05 9.997E-05 9.997E-05
9.997E-05 0.9996 9.997E-05 9.997E-05 9.997E-05
0.0489208 0.950779 9.99737E-05 9.99737E-05 9.99737E-05
9.99736E-05 0.851551 0.148149 9.99736E-05 9.99736E-05
9.997E-05 0.9996 9.997E-05 9.997E-05 9.997E-05
9.997E-05 0.9996 9.997E-05 9.997E-05 9.997E-05
0.0431085 0.956592 9.99737E-05 9.99737E-05 9.99737E-05
0.107529 0.892171 9.99736E-05 9.99736E-05 9.99736E-05
9.99736E-05 0.925582 9.99736E-05 0.0741185 9.99736E-05
0.00282352 0.303053 0.541639 0.152385 9.99912E-05
9.99825E-05 0.391711 0.588845 0.0192439 9.99825E-05
0.0864658 0.369977 0.235788 0.307668 9.99912E-05
9.99824E-05 0.358443 0.479532 0.161825 9.99824E-05
9.99824E-05 0.385281 0.481159 0.13336 9.99824E-05
0.0837929 0.399601 0.398316 0.11819 9.99912E-05
9.99824E-05 0.367257 0.472739 0.159803 9.99824E-05
9.99824E-05 0.437272 0.49043 0.0720978 9.99824E-05
9.99824E-05 0.529708 0.33395 0.136142 9.99824E-05
0.120239 0.389016 0.109091 0.310517 0.0711373
9.99824E-05 0.447484 0.439931 0.112385 9.99824E-05
9.99825E-05 0.340444 0.485668 0.173688 9.99825E-05
9.99824E-05 0.389951 0.419151 0.190698 9.99824E-05
9.99824E-05 0.389423 0.43182 0.178558 9.99824E-05
0.0356985 0.281455 0.607367 0.0753789 9.99912E-05
0.0342591 0.303728 0.542762 0.11915 9.99912E-05
9.99824E-05 0.434232 0.452557 0.113011 9.99824E-05
9.99824E-05 0.43212 0.492952 0.0747276 9.99824E-05
9.99824E-05 0.373571 0.327901 0.298328 9.99824E-05
0.0413537 0.409844 0.367692 0.18101 9.99912E-05
9.997E-05 9.997E-05 9.997E-05 0.9996 9.997E-05
9.997E-05 9.997E-05 9.997E-05 0.9996 9.997E-05
9.997E-05 9.997E-05 9.997E-05 0.9996 9.997E-05
9.997E-05 9.997E-05 9.997E-05 0.9996 9.997E-05
9.997E-05 9.997E-05 9.997E-05 0.9996 9.997E-05
9.997E-05 9.997E-05 9.997E-05 0.9996 9.997E-05
9.997E-05 9.997E-05 9.997E-05 0.9996 9.997E-05
9.997E-05 9.997E-05 9.997E-05 0.9996 9.997E-05
9.997E-05 9.997E-05 9.997E-05 0.9996 9.997E-05
9.997E-05 9.997E-05 9.997E-05 0.9996 9.997E-05
9.997E-05 9.997E-05 9.997E-05 0.9996 9.997E-05
9.997E-05 9.997E-05 9.997E-05 0.9996 9.997E-05
9.997E-05 9.997E-05 9.997E-05 0.9996 9.997E-05
9.997E-05 9.997E-05 9.997E-05 0.9996 9.997E-05
9.997E-05 9.997E-05 9.997E-05 0.9996 9.997E-05
9.997E-05 9.997E-05 9.997E-05 0.9996 9.997E-05
9.997E-05 9.997E-05 9.997E-05 0.9996 9.997E-05
9.997E-05 9.997E-05 9.997E-05 0.9996 9.997E-05
9.997E-05 9.997E-05 9.997E-05 0.9996 9.997E-05
9.997E-05 9.997E-05 9.997E-05 0.9996 9.997E-05
9.997E-05 9.997E-05 9.997E-05 0.9996 9.997E-05
9.997E-05 9.997E-05 9.997E-05 0.9996 9.997E-05
9.997E-05 9.997E-05 9.997E-05 0.9996 9.997E-05
9.997E-05 9.997E-05 9.997E-05 0.9996 9.997E-05
9.997E-05 9.997E-05 9.997E-05 0.9996 9.997E-05
9.997E-05 9.997E-05 9.997E-05 0.9996 9.997E-05
9.997E-05 9.997E-05 9.997E-05 0.9996 9.997E-05
9.997E-05 9.997E-05 9.997E-05 0.9996 9.997E-05
9.997E-05 9.997E-05 9.997E-05 0.9996 9.997E-05
9.997E-05 9.997E-05 9.997E-05 0.9996 9.997E-05
9.997E-05 9.997E-05 9.997E-05 0.9996 9.997E-05
9.997E-05 9.997E-05 9.997E-05 0.9996 9.997E-05
9.997E-05 9.997E-05 9.997E-05 0.9996 9.997E-05
9.997E-05 9.997E-05 9.997E-05 0.9996 9.997E-05
9.997E-05 9.997E-05 9.997E-05 0.9996 9.997E-05
9.997E-05 9.997E-05 9.997E-05 0.9996 9.997E-05
9.997E-05 9.997E-05 9.997E-05 0.9996 9.997E-05
9.997E-05 9.997E-05 9.997E-05 0.9996 9.997E-05
9.997E-05 9.997E-05 9.997E-05 0.9996 9.997E-05
9.997E-05 9.997E-05 9.997E-05 0.9996 9.997E-05
9.997E-05 9.997E-05 9.997E-05 0.9996 9.997E-05
9.997E-05 9.997E-05 9.997E-05 0.9996 9.997E-05
9.997E-05 9.997E-05 9.997E-05 0.9996 9.997E-05
9.997E-05 9.997E-05 9.997E-05 0.9996 9.997E-05
9.997E-05 9.997E-05 9.997E-05 0.9996 9.997E-05
9.997E-05 9.997E-05 9.997E-05 0.9996 9.997E-05
9.997E-05 9.997E-05 9.997E-05 0.9996 9.997E-05
9.997E-05 9.997E-05 9.997E-05 0.9996 9.997E-05
9.997E-05 9.997E-05 9.997E-05 0.9996 9.997E-05
9.997E-05 9.997E-05 9.997E-05 0.9996 9.997E-05
9.997E-05 9.997E-05 9.997E-05 0.9996 9.997E-05
9.997E-05 9.997E-05 9.997E-05 0.9996 9.997E-05
9.997E-05 9.997E-05 9.997E-05 0.9996 9.997E-05
9.997E-05 9.997E-05 9.997E-05 0.9996 9.997E-05
9.997E-05 9.997E-05 9.997E-05 0.9996 9.997E-05
9.997E-05 9.997E-05 9.997E-05 0.9996 9.997E-05
9.997E-05 9.997E-05 9.997E-05 0.9996 9.997E-05
9.997E-05 9.997E-05 9.997E-05 0.9996 9.997E-05
9.997E-05 9.997E-05 9.997E-05 0.9996 9.997E-05
9.997E-05 9.997E-05 9.997E-05 0.9996 9.997E-05
9.997E-05 9.997E-05 9.997E-05 0.9996 9.997E-05
9.997E-05 9.997E-05 9.997E-05 0.9996 9.997E-05
9.997E-05 9.997E-05 9.997E-05 0.9996 9.997E-05
0.9996 9.997E-05 9.997E-05 9.997E-05 9.997E-05
0.9996 9.997E-05 9.997E-05 9.997E-05 9.997E-05
0.9996 9.997E-05 9.997E-05 9.997E-05 9.997E-05
0.9996 9.997E-05 9.997E-05 9.997E-05 9.997E-05
0.9996 9.997E-05 9.997E-05 9.997E-05 9.997E-05
0.9996 9.997E-05 9.997E-05 9.997E-05 9.997E-05
0.9996 9.997E-05 9.997E-05 9.997E-05 9.997E-05
0.9996 9.997E-05 9.997E-05 9.997E-05 9.997E-05
0.9996 9.997E-05 9.997E-05 9.997E-05 9.997E-05
0.9996 9.997E-05 9.997E-05 9.997E-05 9.997E-05
0.9996 9.997E-05 9.997E-05 9.997E-05 9.997E-05
0.9996 9.997E-05 9.997E-05 9.997E-05 9.997E-05
0.9996 9.997E-05 9.997E-05 9.997E-05 9.997E-05
0.9996 9.997E-05 9.997E-05 9.997E-05 9.997E-05
0.9996 9.997E-05 9.997E-05 9.997E-05 9.997E-05
0.9996 9.997E-05 9.997E-05 9.997E-05 9.997E-05
0.9996 9.997E-05 9.997E-05 9.997E-05 9.997E-05
0.9996 9.997E-05 9.997E-05 9.997E-05 9.997E-05
0.9996 9.997E-05 9.997E-05 9.997E-05 9.997E-05
0.9996 9.997E-05 9.997E-05 9.997E-05 9.997E-05
0.9996 9.997E-05 9.997E-05 9.997E-05 9.997E-05
0.9996 9.997E-05 9.997E-05 9.997E-05 9.997E-05
0.9996 9.997E-05 9.997E-05 9.997E-05 9.997E-05
0.9996 9.997E-05 9.997E-05 9.997E-05 9.997E-05
0.9996 9.997E-05 9.997E-05 9.997E-05 9.997E-05
0.9996 9.997E-05 9.997E-05 9.997E-05 9.997E-05
0.9996 9.997E-05 9.997E-05 9.997E-05 9.997E-05
0.9996 9.997E-05 9.997E-05 9.997E-05 9.997E-05
0.9996 9.997E-05 9.997E-05 9.997E-05 9.997E-05
0.9996 9.997E-05 9.997E-05 9.997E-05 9.997E-05
0.9996 9.997E-05 9.997E-05 9.997E-05 9.997E-05
0.9996 9.997E-05 9.997E-05 9.997E-05 9.997E-05
0.9996 9.997E-05 9.997E-05 9.997E-05 9.997E-05
0.9996 9.997E-05 9.997E-05 9.997E-05 9.997E-05
0.9996 9.997E-05 9.997E-05 9.997E-05 9.997E-05
0.9996 9.997E-05 9.997E-05 9.997E-05 9.997E-05
0.9996 9.997E-05 9.997E-05 9.997E-05 9.997E-05
0.9996 9.997E-05 9.997E-05 9.997E-05 9.997E-05
0.9996 9.997E-05 9.997E-05 9.997E-05 9.997E-05
0.9996 9.997E-05 9.997E-05 9.997E-05 9.997E-05
0.9996 9.997E-05 9.997E-05 9.997E-05 9.997E-05
0.9996 9.997E-05 9.997E-05 9.997E-05 9.997E-05
0.9996 9.997E-05 9.997E-05 9.997E-05 9.997E-05
0.621075 9.99736E-05 9.99736E-05 0.378625 9.99736E-05
0.9996 9.997E-05 9.997E-05 9.997E-05 9.997E-05
0.9996 9.997E-05 9.997E-05 9.997E-05 9.997E-05
0.9996 9.997E-05 9.997E-05 9.997E-05 9.997E-05
0.9996 9.997E-05 9.997E-05 9.997E-05 9.997E-05
0.9996 9.997E-05 9.997E-05 9.997E-05 9.997E-05
0.9996 9.997E-05 9.997E-05 9.997E-05 9.997E-05
0.716565 9.99736E-05 9.99736E-05 0.283135 9.99736E-05
0.9996 9.997E-05 9.997E-05 9.997E-05 9.997E-05
0.712661 9.99736E-05 9.99736E-05 0.287039 9.99736E-05
0.699281 9.99824E-05 9.99824E-05 0.261441 0.039078
0.714786 9.99736E-05 9.99736E-05 0.284914 9.99736E-05
0.683995 9.99736E-05 9.99736E-05 0.315705 9.99736E-05
0.726986 9.99736E-05 9.99736E-05 0.272714 9.99736E-05
0.721719 9.99736E-05 9.99736E-05 0.277981 9.99736E-05
0.673533 9.99736E-05 9.99736E-05 0.326167 9.99736E-05
0.719116 9.99736E-05 9.99736E-05 0.280584 9.99736E-05
0.670054 9.99736E-05 9.99736E-05 0.329646 9.99736E-05
0.632951 9.99736E-05 9.99736E-05 0.366749 9.99736E-05
0.720428 9.99736E-05 9.99736E-05 0.279272 9.99736E-05
0.721641 9.99736E-05 9.99736E-05 0.278059 9.99736E-05
0.720615 9.99736E-05 9.99736E-05 0.279085 9.99736E-05
0.718575 9.99736E-05 9.99736E-05 0.281125 9.99736E-05
0.623073 9.99736E-05 9.99736E-05 0.376627 9.99736E-05
0.340033 9.99912E-05 0.223315 0.223949 0.212603
0.353774 9.99912E-05 0.212298 0.29694 0.136888
0.470485 9.99912E-05 0.0238948 0.355792 0.149728
0.301571 9.99912E-05 0.110201 0.4113 0.176828
0.343301 9.99912E-05 0.240622 0.218618 0.19736
0.34896 9.99912E-05 0.234556 0.219869 0.196514
0.399146 9.99912E-05 0.180191 0.237588 0.182975
0.432329 9.99824E-05 9.99824E-05 0.308927 0.258544
0.25364 9.99912E-05 0.307485 0.226503 0.212272
0.323604 9.99912E-05 0.193664 0.207655 0.274977
0.338543 9.99912E-05 0.233816 0.233004 0.194537
0.378452 9.99912E-05 0.548873 0.0647438 0.00783177
0.469731 9.99824E-05 9.99824E-05 0.393081 0.136988
0.325628 9.99824E-05 9.99824E-05 0.336667 0.337505
0.466543 9.99824E-05 9.99824E-05 0.401604 0.131654
0.441703 9.99824E-05 9.99824E-05 0.363558 0.194539
0.396255 9.99824E-05 9.99824E-05 0.341061 0.262484
0.260064 9.99824E-05 0.639854 9.99824E-05 0.0998827
0.132808 9.99912E-05 0.498282 0.217757 0.151053
0.0297761 9.99824E-05 0.744949 0.225075 9.99824E-05
0.123976 9.99824E-05 0.855654 0.0201707 9.99824E-05
0.134503 9.99912E-05 0.567949 0.148542 0.148905
0.0648804 9.99824E-05 0.839251 0.0956688 9.99824E-05
0.116572 9.99824E-05 0.833166 9.99824E-05 0.050062
0.0269289 9.99824E-05 0.971604 9.99824E-05 0.00126738
9.99824E-05 9.99824E-05 0.785318 0.198657 0.0158244
0.073463 9.99912E-05 0.547451 0.225419 0.153567
9.99824E-05 9.99824E-05 0.711827 0.0574213 0.230551
9.99736E-05 9.99736E-05 0.945415 0.0542852 9.99736E-05
9.99824E-05 9.99824E-05 0.44492 0.270249 0.284631
9.99824E-05 9.99824E-05 0.543616 0.0705961 0.385588
0.0992684 9.99912E-05 0.540175 0.0461143 0.314342
0.16199 9.99825E-05 0.693216 9.99825E-05 0.144595
9.99824E-05 9.99824E-05 0.516488 0.212142 0.271169
9.99824E-05 9.99824E-05 0.860828 0.0755075 0.0634647
0.30896 9.99912E-05 0.354347 0.210791 0.125801
0.1538 9.99824E-05 0.282823 9.99824E-05 0.563177
0.195231 9.99824E-05 0.332097 9.99824E-05 0.472472
0.109209 9.99824E-05 0.665178 9.99824E-05 0.225413
0.172236 9.99824E-05 0.348176 9.99824E-05 0.479388
0.00220742 9.99824E-05 0.990869 0.00672381 9.99824E-05
0.274629 9.99912E-05 0.417951 0.145652 0.161669
0.221808 9.99912E-05 0.496 0.0980142 0.184078
0.114816 9.99824E-05 0.770199 0.114785 9.99824E-05
0.350258 9.99912E-05 0.549824 0.0814003 0.0184178
0.00541526 9.99912E-05 0.704071 0.128915 0.161499
0.0269245 9.99912E-05 0.655181 0.0570894 0.260705
0.150712 9.99824E-05 0.690607 9.99824E-05 0.15848
9.99824E-05 9.99824E-05 0.599876 0.264536 0.135388
0.0153872 0.0126127 0.682667 0.24729 0.0420433
0.0665842 9.99912E-05 0.632999 0.0315852 0.268731
9.99824E-05 9.99824E-05 0.621395 0.0497707 0.328634
0.0977048 9.99824E-05 0.688123 9.99824E-05 0.213972
0.0740515 9.99912E-05 0.669733 0.0513689 0.204747
0.20325 9.99912E-05 0.700505 0.00519145 0.0909536
0.180306 9.99824E-05 0.369641 9.99824E-05 0.449853
0.185748 9.99912E-05 0.684574 0.0232725 0.106306
0.184324 0.0136597 0.755845 0.0460717 9.99912E-05
0.0532732 9.99824E-05 0.799776 9.99824E-05 0.14675
0.0302556 9.99824E-05 0.75991 9.99824E-05 0.209634
9.99736E-05 9.99736E-05 0.940752 0.0589479 9.99736E-05
0.118514 9.99824E-05 0.749233 9.99824E-05 0.132053
0.180725 9.99824E-05 0.756191 9.99824E-05 0.0628847
0.000485551 9.99824E-05 0.817568 9.99824E-05 0.181746
0.254085 9.99912E-05 0.331092 0.0842501 0.330473
0.148136 9.99912E-05 0.695623 0.112663 0.0434783
9.99736E-05 9.99736E-05 0.848439 9.99736E-05 0.151261
0.1381 0.0641642 0.781819 0.0158164 9.99912E-05
0.158624 9.99824E-05 0.806313 0.034863 9.99824E-05
0.16342 9.99912E-05 0.636915 0.0510787 0.148486
0.130799 9.99912E-05 0.751256 0.0397381 0.0781071
0.147455 0.0210133 0.809345 0.0220862 9.99912E-05
0.110402 9.99912E-05 0.407203 0.146138 0.336157
0.0689089 9.99824E-05 0.750676 9.99824E-05 0.180215
0.0561716 9.99824E-05 0.796772 9.99824E-05 0.146857
0.0532732 9.99824E-05 0.799776 9.99824E-05 0.14675
0.0532732 9.99824E-05 0.799776 9.99824E-05 0.14675
0.21449 9.99912E-05 0.700058 0.0100392 0.0753121
0.205733 9.99912E-05 0.695778 0.00467834 0.0937103
0.207879 9.99824E-05 0.326872 9.99824E-05 0.465049
0.0522681 9.99824E-05 0.80554 9.99824E-05 0.141992
0.181455 0.0109922 0.760054 0.0473995 9.99912E-05
0.190379 9.99824E-05 0.652417 9.99824E-05 0.157004
0.193719 9.99824E-05 0.770899 0.0351816 9.99824E-05
0.187989 9.99824E-05 0.747142 9.99824E-05 0.0646692
9.99736E-05 9.99736E-05 0.772583 9.99736E-05 0.227117
0.00967404 9.99824E-05 0.899681 9.99824E-05 0.0904452
0.0405906 9.99824E-05 0.83469 9.99824E-05 0.124519
0.158228 9.99824E-05 0.796037 0.045535 9.99824E-05
0.0268855 9.99912E-05 0.65265 0.118756 0.201609
9.99824E-05 9.99824E-05 0.773259 0.0634304 0.163111
9.99737E-05 9.99737E-05 0.929463 0.0702374 9.99737E-05
0.101753 9.99912E-05 0.624479 0.129661 0.144007
0.18924 9.99824E-05 0.686345 9.99824E-05 0.124215
0.156496 9.99912E-05 0.647668 0.0027742 0.192962
9.99824E-05 9.99824E-05 0.545785 0.197757 0.256258
0.22015 9.99912E-05 0.593463 0.00714887 0.179138
9.99912E-05 0.0810383 0.66978 0.0303055 0.218777
9.99736E-05 9.99736E-05 0.857408 0.142292 9.99736E-05
0.0392627 9.99912E-05 0.755814 0.113857 0.0909664
9.99824E-05 9.99824E-05 0.804158 0.00866567 0.186976
0.0853332 9.99912E-05 0.607539 0.0824928 0.224535
9.99736E-05 9.99736E-05 0.828602 0.171098 9.99736E-05
9.99824E-05 9.99824E-05 0.519776 0.340911 0.139113
9.99736E-05 9.99736E-05 0.873954 0.125746 9.99736E-05
9.99824E-05 9.99824E-05 0.896775 0.0866462 0.0163791
0.0101715 9.99824E-05 0.864802 0.124826 9.99824E-05
9.99824E-05 9.99824E-05 0.788473 0.129829 0.0814984
9.99824E-05 9.99824E-05 0.86079 0.0308507 0.108159
9.99824E-05 9.99824E-05 0.795287 0.103774 0.100739
0.0527415 9.99912E-05 0.871634 0.00214244 0.0733823
9.99824E-05 9.99824E-05 0.472197 0.196585 0.331017
0.031912 9.99912E-05 0.298506 0.354729 0.314753
0.00481299 9.99912E-05 0.64853 0.21089 0.135668
0.0108366 9.99912E-05 0.522783 0.344103 0.122178
9.99824E-05 9.99824E-05 0.509079 0.280171 0.21055
0.00969085 9.99912E-05 0.622785 0.156463 0.210961
0.0457463 9.99912E-05 0.733021 0.13031 0.0908224
0.116104 9.99912E-05 0.557643 0.0501916 0.275961
9.99824E-05 9.99824E-05 0.510712 0.229092 0.259996
0.135046 0.0290428 0.619614 9.99912E-05 0.216197
0.147821 9.99912E-05 0.63548 0.121802 0.094797
9.99736E-05 9.99736E-05 0.933261 9.99736E-05 0.0664395
0.234619 9.99912E-05 0.556283 0.0129488 0.196048
9.99825E-05 0.00914521 0.950401 9.99825E-05 0.0402537
0.177548 9.99824E-05 0.702712 9.99824E-05 0.11954
0.182936 9.99824E-05 0.690554 9.99824E-05 0.12631
0.0589256 9.99824E-05 0.798982 0.141892 9.99824E-05
0.0194419 9.99912E-05 0.878147 0.0721367 0.0301743
9.99824E-05 9.99824E-05 0.771952 0.111392 0.116455
0.0700472 9.99912E-05 0.675036 0.166566 0.0882505
9.99736E-05 9.99736E-05 0.849959 9.99736E-05 0.149741
9.99824E-05 9.99824E-05 0.808511 0.00839706 0.182892
9.99736E-05 9.99736E-05 0.858528 0.141172 9.99736E-05
9.99824E-05 9.99824E-05 0.703824 0.194525 0.101451
0.0202149 9.99912E-05 0.809731 0.11866 0.0512942
0.307024 9.99824E-05 0.472201 9.99824E-05 0.220575
0.0615714 9.99912E-05 0.67251 0.0800035 0.185815
0.404987 9.99912E-05 0.460031 0.102503 0.0323795
9.99824E-05 9.99824E-05 0.799891 0.116268 0.0836412
0.039753 9.99912E-05 0.400856 0.277319 0.281972
0.168288 9.99824E-05 0.72172 9.99824E-05 0.109792
9.99824E-05 9.99824E-05 0.792111 0.0837109 0.123978
9.99912E-05 0.00560941 0.896498 0.00702052 0.0907722
9.99824E-05 9.99824E-05 0.640052 0.175791 0.183957
0.143781 9.99912E-05 0.640595 0.121823 0.0937011
0.220104 9.99912E-05 0.562318 0.00919201 0.208286
9.99824E-05 9.99824E-05 0.849707 0.0382079 0.111885
0.0598428 9.99912E-05 0.721515 0.112939 0.105603
0.0535113 9.99912E-05 0.48677 0.135227 0.324392
0.0887193 9.99824E-05 0.752881 9.99824E-05 0.1582
9.99824E-05 9.99824E-05 0.760034 0.0711703 0.168595
9.99824E-05 9.99824E-05 0.83925 0.0613881 0.099162
9.99824E-05 9.99824E-05 0.518655 0.263115 0.21803
0.00755775 9.99912E-05 0.724838 0.0815476 0.185957
9.99736E-05 9.99736E-05 0.873788 0.125912 9.99736E-05
9.99736E-05 9.99736E-05 0.871068 9.99736E-05 0.128632
9.99824E-05 9.99824E-05 0.791941 0.199886 0.0079736
0.190878 9.99824E-05 0.666724 9.99824E-05 0.142198
0.0346723 9.99824E-05 0.527903 9.99824E-05 0.437224
0.0353293 9.99912E-05 0.184393 0.0545374 0.72564
0.392773 9.99912E-05 0.377152 0.131124 0.0988507
0.307942 9.99824E-05 0.30968 9.99824E-05 0.382178
0.0130441 9.99912E-05 0.170054 0.114525 0.702277
0.296609 9.99912E-05 0.271329 0.17255 0.259412
0.0860624 9.99912E-05 0.473407 0.332137 0.108293
0.181244 9.99912E-05 0.495174 0.106063 0.21742
0.400187 9.99912E-05 0.357826 0.179645 0.0622419
0.171313 9.99912E-05 0.310921 0.095934 0.421732
0.170475 9.99824E-05 0.577718 9.99824E-05 0.251607
0.241613 9.99824E-05 0.365885 9.99824E-05 0.392302
0.386665 9.99912E-05 0.399345 0.144221 0.0696693
0.150103 9.99912E-05 0.350021 0.0798897 0.419886
0.085049 9.99912E-05 0.358457 0.00152563 0.554868
0.1188 9.99912E-05 0.390602 0.149578 0.34092
0.160253 9.99912E-05 0.416636 0.196256 0.226755
0.292533 9.99912E-05 0.447328 0.0193595 0.240679
0.365476 9.99912E-05 0.1323 0.228175 0.27395
9.99824E-05 9.99824E-05 0.365281 0.0280208 0.606499
0.0746056 9.99824E-05 0.584477 9.99824E-05 0.340717
0.245243 9.99824E-05 0.542167 9.99824E-05 0.21239
0.230944 9.99824E-05 0.362733 9.99824E-05 0.406124
0.154433 9.99912E-05 0.358941 0.205716 0.28081
0.287042 9.99912E-05 0.111243 0.21886 0.382755
0.101557 9.99912E-05 0.548938 0.202039 0.147365
0.507312 9.99824E-05 9.99824E-05 0.267615 0.224872
0.0632361 9.99912E-05 0.533799 0.0579617 0.344903
0.438889 9.99824E-05 9.99824E-05 0.212909 0.348002
0.132365 9.99912E-05 0.549722 0.0380713 0.279742
0.0565619 9.99825E-05 0.936163 9.99825E-05 0.00707507
0.0312516 9.99912E-05 0.664234 0.0228003 0.281614
0.165829 9.99912E-05 0.639775 0.0201177 0.174178
9.99736E-05 9.99736E-05 0.867775 9.99736E-05 0.131925
0.112358 9.99912E-05 0.778275 0.0126946 0.0965722
9.99912E-05 0.0915143 0.854054 0.0330567 0.0212749
0.124761 9.99912E-05 0.503766 0.106314 0.265059
0.186691 9.99912E-05 0.500964 0.0709491 0.241296
0.146739 9.99912E-05 0.553851 0.0976529 0.201657
0.11172 9.99912E-05 0.637715 0.0855926 0.164873
9.99824E-05 9.99824E-05 0.743767 0.200001 0.0560324
0.0150826 9.99912E-05 0.750162 0.0818869 0.152768
9.99736E-05 9.99736E-05 0.942746 9.99736E-05 0.0569543
0.199334 9.99824E-05 0.730877 9.99824E-05 0.0695884
0.0541517 9.99912E-05 0.716234 0.0213444 0.20817
0.0654003 9.99824E-05 0.737343 9.99824E-05 0.197056
9.99736E-05 9.99736E-05 0.772873 9.99736E-05 0.226827
0.434903 9.99912E-05 0.336724 0.0493897 0.178884
0.0388684 9.99824E-05 0.800422 9.99824E-05 0.16051
9.99824E-05 9.99824E-05 0.788582 0.0864548 0.124763
0.23343 9.99912E-05 0.625112 0.0823814 0.0589757
9.99912E-05 0.00364721 0.84319 0.0542445 0.0988186
9.99824E-05 9.99824E-05 0.812485 0.0356316 0.151684
0.0573775 9.99912E-05 0.707109 0.0238859 0.211527
0.051328 9.99912E-05 0.722568 0.0194021 0.206602
9.99824E-05 9.99824E-05 0.742469 0.0475627 0.209768
0.0778306 9.99912E-05 0.736756 0.0390167 0.146296
9.997E-05 9.997E-05 9.997E-05 9.997E-05 0.9996
