9.99561E-05 0.0450433 9.99561E-05 0.0982674 0.0168574 9.99561E-05 0.0387696 0.333977 9.99561E-05 0.011971 0.378819 0.00751581 0.0682799 9.99561E-05
9.9921E-05 9.9921E-05 9.9921E-05 0.0179022 0.02695 9.9921E-05 9.9921E-05 0.0392477 9.9921E-05 9.9921E-05 0.754516 9.9921E-05 0.160485 9.9921E-05
9.99036E-05 0.0906097 9.99036E-05 9.99036E-05 9.99036E-05 9.99036E-05 9.99036E-05 9.99036E-05 9.99036E-05 0.0237626 0.884529 9.99036E-05 9.99036E-05 9.99036E-05
9.99561E-05 0.0389124 9.99561E-05 0.0634496 0.00935103 0.0173172 0.406408 0.10553 9.99561E-05 0.0181443 0.274857 0.0655307 9.99561E-05 9.99561E-05
9.98947E-05 9.98947E-05 9.98947E-05 9.98947E-05 9.98947E-05 9.98947E-05 9.98947E-05 9.98947E-05 0.168851 9.98947E-05 0.82995 9.98947E-05 9.98947E-05 9.98947E-05
9.99473E-05 0.000109595 9.99473E-05 0.0108177 9.99473E-05 0.182175 0.0724109 0.228822 0.0643542 9.99473E-05 0.268791 0.17192 9.99473E-05 9.99473E-05
9.99473E-05 0.031786 9.99473E-05 0.15122 9.99473E-05 9.99473E-05 0.0988455 0.236991 9.99473E-05 0.0838948 0.242298 9.99473E-05 0.112643 0.0417232
9.99386E-05 9.99386E-05 0.165869 9.99386E-05 9.99386E-05 9.99386E-05 0.00408923 0.177579 0.216228 9.99386E-05 0.225187 0.165532 9.99386E-05 0.0448158
9.9921E-05 0.262185 9.9921E-05 9.9921E-05 9.9921E-05 9.9921E-05 9.9921E-05 9.9921E-05 0.0665364 0.23837 0.239054 0.192956 9.9921E-05 9.9921E-05
9.98946E-05 0.0637325 9.98946E-05 9.98946E-05 9.98946E-05 9.98946E-05 9.98946E-05 9.98946E-05 9.98946E-05 9.98946E-05 0.935069 9.98946E-05 9.98946E-05 9.98946E-05
9.99474E-05 0.181689 9.99474E-05 0.0732963 0.0486037 0.0241489 9.99474E-05 0.0522599 9.99474E-05 0.0335813 0.562052 0.0237686 9.99474E-05 9.99474E-05
9.99034E-05 9.99034E-05 9.99034E-05 0.0253429 9.99034E-05 9.99034E-05 9.99034E-05 9.99034E-05 9.99034E-05 9.99034E-05 0.939749 9.99034E-05 9.99034E-05 0.0338089
9.99122E-05 0.0974354 9.99122E-05 9.99122E-05 9.99122E-05 9.99122E-05 0.00878005 0.0762172 9.99122E-05 9.99122E-05 0.816568 9.99122E-05 9.99122E-05 9.99122E-05
0.0506738 0.0777335 9.99386E-05 0.0449571 9.99386E-05 0.135713 9.99386E-05 0.0396007 9.99386E-05 9.99386E-05 0.615073 9.99386E-05 9.99386E-05 0.0355488
9.99385E-05 0.142005 9.99385E-05 9.99385E-05 9.99385E-05 0.140952 0.0100936 0.2187 9.99385E-05 0.0248454 0.315317 0.147388 9.99385E-05 9.99385E-05
9.99561E-05 0.100164 0.00684958 0.0597269 9.99561E-05 0.0519717 0.165365 0.124441 9.99561E-05 9.99561E-05 0.209969 0.165396 9.99561E-05 0.115617
0.160358 0.100677 9.99386E-05 0.0720731 9.99386E-05 9.99386E-05 0.100755 9.99386E-05 9.99386E-05 9.99386E-05 0.50583 9.99386E-05 0.021933 0.0376739
9.99298E-05 0.137382 0.170269 9.99298E-05 0.105578 9.99298E-05 9.99298E-05 0.372631 9.99298E-05 9.99298E-05 0.177215 0.0361253 9.99298E-05 9.99298E-05
9.99385E-05 0.179821 0.00963527 0.0179658 9.99385E-05 9.99385E-05 0.14619 0.117342 9.99385E-05 9.99385E-05 0.386425 0.141921 9.99385E-05 9.99385E-05
9.99034E-05 0.00970211 9.99034E-05 9.99034E-05 0.0932407 9.99034E-05 9.99034E-05 9.99034E-05 9.99034E-05 9.99034E-05 0.895958 9.99034E-05 9.99034E-05 9.99034E-05
9.99386E-05 0.0376299 9.99386E-05 0.0669599 9.99386E-05 9.99386E-05 0.101866 9.99386E-05 0.131865 0.0317871 0.505067 0.124125 9.99386E-05 9.99386E-05
9.99386E-05 9.99386E-05 0.0410866 9.99386E-05 9.99386E-05 9.99386E-05 0.0791142 0.237126 0.173137 9.99386E-05 0.277493 0.189664 0.00168014 9.99386E-05
9.99211E-05 0.132076 9.99211E-05 0.0488884 9.99211E-05 0.0763873 9.99211E-05 9.99211E-05 9.99211E-05 9.99211E-05 0.719298 9.99211E-05 0.0224513 9.99211E-05
9.99122E-05 0.246144 9.99122E-05 9.99122E-05 9.99122E-05 9.99122E-05 9.99122E-05 0.296363 9.99122E-05 0.085315 0.371179 9.99122E-05 9.99122E-05 9.99122E-05
9.99473E-05 0.269101 9.99473E-05 0.0174606 0.112588 0.117052 0.0613951 9.99473E-05 9.99473E-05 0.0719334 0.269147 0.0807232 9.99473E-05 9.99473E-05
9.99123E-05 0.106896 9.99123E-05 9.99123E-05 9.99123E-05 0.0688255 0.0619639 9.99123E-05 9.99123E-05 9.99123E-05 0.761316 9.99123E-05 9.99123E-05 9.99123E-05
9.99385E-05 0.0498398 0.124314 9.99385E-05 9.99385E-05 0.415737 9.99385E-05 0.303379 9.99385E-05 0.0267372 0.0036749 9.99385E-05 9.99385E-05 0.0756182
9.99211E-05 0.119645 9.99211E-05 9.99211E-05 9.99211E-05 0.0496221 0.0400817 9.99211E-05 9.99211E-05 9.99211E-05 0.788623 9.99211E-05 0.00112913 9.99211E-05
9.9921E-05 0.220289 9.9921E-05 9.9921E-05 0.0344063 9.9921E-05 9.9921E-05 0.100547 9.9921E-05 0.0743423 0.569515 9.9921E-05 9.9921E-05 9.9921E-05
0.0150744 0.0859028 9.9921E-05 9.9921E-05 9.9921E-05 0.0028827 9.9921E-05 9.9921E-05 9.9921E-05 9.9921E-05 0.833881 0.0613598 9.9921E-05 9.9921E-05
9.9921E-05 9.9921E-05 0.135838 0.0782352 0.00432113 9.9921E-05 9.9921E-05 0.147117 9.9921E-05 9.9921E-05 0.63359 9.9921E-05 9.9921E-05 9.9921E-05
9.99298E-05 0.0852573 9.99298E-05 0.0421012 9.99298E-05 0.204262 0.0651307 0.0621642 9.99298E-05 9.99298E-05 0.540285 9.99298E-05 9.99298E-05 9.99298E-05
9.99298E-05 0.202983 9.99298E-05 0.163135 9.99298E-05 9.99298E-05 9.99298E-05 0.0720909 9.99298E-05 9.99298E-05 0.51124 0.0459879 9.99298E-05 0.00376373
9.99473E-05 0.102079 0.0205996 0.0202441 9.99473E-05 0.157234 0.044193 9.99473E-05 9.99473E-05 0.0158442 0.585975 9.99473E-05 9.99473E-05 0.0532307
9.99211E-05 0.0399583 9.99211E-05 9.99211E-05 0.0380207 9.99211E-05 9.99211E-05 9.99211E-05 9.99211E-05 9.99211E-05 0.806146 0.011916 0.103059 9.99211E-05
9.9921E-05 0.0739468 9.9921E-05 0.0111374 9.9921E-05 9.9921E-05 0.164368 9.9921E-05 9.9921E-05 9.9921E-05 0.690889 0.0587591 9.9921E-05 9.9921E-05
9.99035E-05 9.99035E-05 9.99035E-05 9.99035E-05 9.99035E-05 9.99035E-05 0.0907821 9.99035E-05 9.99035E-05 9.99035E-05 0.888483 9.99035E-05 9.99035E-05 0.0196355
9.9921E-05 0.054171 9.9921E-05 9.9921E-05 0.134338 9.9921E-05 9.9921E-05 9.9921E-05 9.9921E-05 9.9921E-05 0.628139 0.17532 0.00713263 9.9921E-05
0.0409924 0.133089 9.99386E-05 0.0126321 9.99386E-05 0.0672279 9.99386E-05 9.99386E-05 0.0202563 9.99386E-05 0.582693 9.99386E-05 0.14241 9.99386E-05
9.99122E-05 0.123631 9.99122E-05 9.99122E-05 9.99122E-05 0.151929 9.99122E-05 9.99122E-05 9.99122E-05 9.99122E-05 0.564236 9.99122E-05 9.99122E-05 0.159205
9.99122E-05 0.0502204 9.99122E-05 0.065878 9.99122E-05 9.99122E-05 9.99122E-05 9.99122E-05 9.99122E-05 9.99122E-05 0.873654 9.99122E-05 9.99122E-05 0.00924834
9.99298E-05 0.0388714 9.99298E-05 9.99298E-05 9.99298E-05 9.99298E-05 9.99298E-05 0.220841 9.99298E-05 0.0315584 0.698954 0.00761658 0.00135922 9.99298E-05
0.00117397 9.99297E-05 9.99297E-05 9.99297E-05 9.99297E-05 9.99297E-05 0.00963138 0.0433251 9.99297E-05 9.99297E-05 0.861525 9.99297E-05 0.0741997 0.00934493
9.99298E-05 0.222087 9.99298E-05 0.0494403 9.99298E-05 9.99298E-05 9.99298E-05 0.185092 9.99298E-05 0.0694177 0.401693 0.0714715 9.99298E-05 9.99298E-05
9.9921E-05 0.213915 9.9921E-05 0.02871 9.9921E-05 9.9921E-05 0.332858 0.0861211 9.9921E-05 9.9921E-05 0.337497 9.9921E-05 9.9921E-05 9.9921E-05
9.99034E-05 0.0260927 9.99034E-05 9.99034E-05 0.052373 9.99034E-05 9.99034E-05 9.99034E-05 9.99034E-05 9.99034E-05 0.920435 9.99034E-05 9.99034E-05 9.99034E-05
9.99123E-05 0.0669131 9.99123E-05 0.0686827 9.99123E-05 9.99123E-05 9.99123E-05 9.99123E-05 9.99123E-05 9.99123E-05 0.850877 0.012528 9.99123E-05 9.99123E-05
9.99123E-05 0.0827119 9.99123E-05 9.99123E-05 0.00313901 9.99123E-05 9.99123E-05 9.99123E-05 9.99123E-05 9.99123E-05 0.866208 9.99123E-05 9.99123E-05 0.0469423
9.99297E-05 0.169583 9.99297E-05 0.00175773 9.99297E-05 0.0239924 0.0550934 0.110931 9.99297E-05 9.99297E-05 0.637843 9.99297E-05 9.99297E-05 9.99297E-05
9.993E-05 9.993E-05 9.993E-05 9.993E-05 0.0387568 9.993E-05 9.993E-05 9.993E-05 0.0136562 9.993E-05 0.771504 0.0138137 0.0315723 0.129898
9.99473E-05 0.205168 9.99473E-05 0.119049 9.99473E-05 0.177061 0.0248913 0.0426665 9.99473E-05 0.0590459 0.321479 0.0500398 9.99473E-05 9.99473E-05
9.99298E-05 9.99298E-05 9.99298E-05 9.99298E-05 0.0220825 9.99298E-05 0.0806824 9.99298E-05 0.0946592 0.095184 0.697377 9.99298E-05 9.99298E-05 0.00921579
9.99122E-05 9.99122E-05 0.0373657 9.99122E-05 9.99122E-05 9.99122E-05 9.99122E-05 9.99122E-05 9.99122E-05 9.99122E-05 0.947896 0.000979302 0.0127595 9.99122E-05
9.99211E-05 0.0663347 9.99211E-05 9.99211E-05 9.99211E-05 9.99211E-05 9.99211E-05 9.99211E-05 0.0358495 9.99211E-05 0.668542 0.0202806 9.99211E-05 0.208093
9.99124E-05 0.0969834 9.99124E-05 9.99124E-05 9.99124E-05 9.99124E-05 0.0632688 9.99124E-05 9.99124E-05 9.99124E-05 0.81897 0.0197783 9.99124E-05 9.99124E-05
9.9921E-05 9.9921E-05 9.9921E-05 9.9921E-05 0.00285454 0.111432 9.9921E-05 0.0181726 0.0966365 9.9921E-05 0.770005 9.9921E-05 9.9921E-05 9.9921E-05
9.99298E-05 0.0528291 0.0901244 9.99298E-05 9.99298E-05 9.99298E-05 0.0523848 9.99298E-05 9.99298E-05 9.99298E-05 0.773397 0.00419783 0.0262677 9.99298E-05
9.99123E-05 0.0732466 9.99123E-05 0.0336954 9.99123E-05 9.99123E-05 0.0354231 9.99123E-05 9.99123E-05 9.99123E-05 0.856636 9.99123E-05 9.99123E-05 9.99123E-05
9.99122E-05 0.0632666 9.99122E-05 0.00847194 9.99122E-05 9.99122E-05 9.99122E-05 0.0823676 9.99122E-05 9.99122E-05 0.844895 9.99122E-05 9.99122E-05 9.99122E-05
9.99298E-05 0.156373 0.0920578 9.99298E-05 9.99298E-05 0.0751525 9.99298E-05 0.59075 9.99298E-05 9.99298E-05 9.99298E-05 0.0150174 0.0698501 9.99298E-05
9.99037E-05 9.99037E-05 9.99037E-05 9.99037E-05 9.99037E-05 9.99037E-05 0.0358204 0.920006 9.99037E-05 0.0430751 9.99037E-05 9.99037E-05 9.99037E-05 9.99037E-05
0.17462 9.99034E-05 0.12244 9.99034E-05 9.99034E-05 9.99034E-05 9.99034E-05 0.701841 9.99034E-05 9.99034E-05 9.99034E-05 9.99034E-05 9.99034E-05 9.99034E-05
9.99298E-05 0.0672345 0.0543498 9.99298E-05 9.99298E-05 0.242051 9.99298E-05 0.18503 9.99298E-05 9.99298E-05 9.99298E-05 0.116858 0.333677 9.99298E-05
9.99472E-05 0.0787256 0.0449311 9.99472E-05 0.0549186 9.99472E-05 0.0159715 0.699517 0.0529333 9.99472E-05 9.99472E-05 0.0110807 9.99472E-05 0.0413224
9.99121E-05 0.209998 0.087487 9.99121E-05 9.99121E-05 9.99121E-05 9.99121E-05 0.682664 9.99121E-05 9.99121E-05 9.99121E-05 0.0188513 9.99121E-05 9.99121E-05
9.99298E-05 0.204676 9.99298E-05 0.0459484 0.014811 9.99298E-05 0.0338296 0.348837 9.99298E-05 9.99298E-05 9.99298E-05 9.99298E-05 0.351098 9.99298E-05
9.99297E-05 0.10069 0.154083 9.99297E-05 9.99297E-05 0.102594 9.99297E-05 0.427916 9.99297E-05 9.99297E-05 9.99297E-05 0.0543235 0.159594 9.99297E-05
0.0544215 0.0267532 0.000494517 9.99298E-05 9.99298E-05 9.99298E-05 9.99298E-05 0.823579 9.99298E-05 0.0184461 9.99298E-05 9.99298E-05 0.0755064 9.99298E-05
9.99473E-05 0.026926 0.0383333 0.0189449 0.00237391 9.99473E-05 0.0625045 0.824611 9.99473E-05 9.99473E-05 9.99473E-05 0.0255463 0.000160084 9.99473E-05
9.99209E-05 0.332617 0.0131816 0.15337 9.99209E-05 9.99209E-05 9.99209E-05 0.434411 9.99209E-05 9.99209E-05 9.99209E-05 0.0655218 9.99209E-05 9.99209E-05
9.99473E-05 0.0732575 0.0358515 0.0996759 9.99473E-05 9.99473E-05 0.160724 0.504636 0.0132495 0.0357396 9.99473E-05 9.99473E-05 0.076267 9.99473E-05
9.99473E-05 0.0637771 9.99473E-05 0.0839478 9.99473E-05 0.070568 9.99473E-05 0.412238 0.0311223 9.99473E-05 9.99473E-05 0.160987 0.0356544 0.141106
9.99121E-05 0.228258 9.99121E-05 9.99121E-05 9.99121E-05 9.99121E-05 9.99121E-05 0.613755 0.0283721 9.99121E-05 9.99121E-05 9.99121E-05 0.128616 9.99121E-05
9.99212E-05 0.0263126 9.99212E-05 9.99212E-05 9.99212E-05 0.132293 9.99212E-05 0.758825 9.99212E-05 0.0729213 9.99212E-05 9.99212E-05 0.00874866 9.99212E-05
0.085032 0.108544 9.99123E-05 9.99123E-05 9.99123E-05 9.99123E-05 9.99123E-05 0.746061 9.99123E-05 9.99123E-05 9.99123E-05 0.0593645 9.99123E-05 9.99123E-05
9.99297E-05 9.99297E-05 0.0457653 9.99297E-05 9.99297E-05 0.184968 0.0570841 0.599019 9.99297E-05 9.99297E-05 9.99297E-05 9.99297E-05 0.0428415 0.0695222
9.9921E-05 9.9921E-05 0.023135 0.141752 9.9921E-05 9.9921E-05 0.125426 0.667168 9.9921E-05 9.9921E-05 9.9921E-05 0.0416192 9.9921E-05 9.9921E-05
9.9921E-05 0.111005 0.124635 0.00848646 9.9921E-05 9.9921E-05 9.9921E-05 0.72327 9.9921E-05 9.9921E-05 0.0317043 9.9921E-05 9.9921E-05 9.9921E-05
9.99297E-05 0.254141 0.0143555 0.0100356 0.0052179 9.99297E-05 9.99297E-05 0.594247 9.99297E-05 9.99297E-05 9.99297E-05 9.99297E-05 9.99297E-05 0.121204
0.170095 0.0171261 0.0093879 9.99386E-05 9.99386E-05 9.99386E-05 9.99386E-05 0.748466 0.0364694 9.99386E-05 9.99386E-05 9.99386E-05 0.0116457 0.00611018
9.99208E-05 0.038591 9.99208E-05 9.99208E-05 0.0272891 9.99208E-05 0.0438038 0.811842 9.99208E-05 9.99208E-05 9.99208E-05 9.99208E-05 0.0775746 9.99208E-05
9.99211E-05 0.0278427 9.99211E-05 0.00266763 9.99211E-05 0.313956 9.99211E-05 0.574374 9.99211E-05 9.99211E-05 9.99211E-05 9.99211E-05 0.0802603 9.99211E-05
9.99474E-05 0.0367386 0.110917 9.99474E-05 9.99474E-05 0.0792092 0.134083 0.590739 0.012718 9.99474E-05 0.00349179 0.0315034 9.99474E-05 9.99474E-05
9.99209E-05 0.0951656 9.99209E-05 0.141818 9.99209E-05 9.99209E-05 0.00750118 0.747052 9.99209E-05 9.99209E-05 9.99209E-05 0.00756405 9.99209E-05 9.99209E-05
0.109126 0.076606 9.99386E-05 9.99386E-05 0.0420498 9.99386E-05 9.99386E-05 0.658511 9.99386E-05 9.99386E-05 0.0204661 0.0169534 0.0755885 9.99386E-05
0.0755855 9.99036E-05 0.0147207 9.99036E-05 9.99036E-05 9.99036E-05 9.99036E-05 0.908595 9.99036E-05 9.99036E-05 9.99036E-05 9.99036E-05 9.99036E-05 9.99036E-05
0.0608802 0.0706494 9.99211E-05 9.99211E-05 0.00629627 9.99211E-05 9.99211E-05 0.82459 9.99211E-05 9.99211E-05 9.99211E-05 9.99211E-05 0.0366852 9.99211E-05
9.99036E-05 0.0488401 0.178885 9.99036E-05 9.99036E-05 9.99036E-05 9.99036E-05 0.771176 9.99036E-05 9.99036E-05 9.99036E-05 9.99036E-05 9.99036E-05 9.99036E-05
0.21067 0.195001 9.99211E-05 9.99211E-05 9.99211E-05 9.99211E-05 9.99211E-05 0.416546 9.99211E-05 9.99211E-05 0.068413 0.108471 9.99211E-05 9.99211E-05
9.99035E-05 0.0917726 9.99035E-05 9.99035E-05 9.99035E-05 0.793233 9.99035E-05 9.99035E-05 9.99035E-05 9.99035E-05 9.99035E-05 0.113896 9.99035E-05 9.99035E-05
0.338509 0.00117476 9.99211E-05 9.99211E-05 9.99211E-05 0.572275 9.99211E-05 9.99211E-05 9.99211E-05 9.99211E-05 0.0145696 0.0725725 9.99211E-05 9.99211E-05
9.98946E-05 0.0833381 9.98946E-05 9.98946E-05 9.98946E-05 0.915463 9.98946E-05 9.98946E-05 9.98946E-05 9.98946E-05 9.98946E-05 9.98946E-05 9.98946E-05 9.98946E-05
9.9912E-05 0.0707019 0.095819 9.9912E-05 9.9912E-05 0.732805 9.9912E-05 9.9912E-05 9.9912E-05 9.9912E-05 9.9912E-05 0.0996752 9.9912E-05 9.9912E-05
9.98945E-05 9.98945E-05 9.98945E-05 9.98945E-05 9.98945E-05 0.946175 9.98945E-05 9.98945E-05 9.98945E-05 9.98945E-05 9.98945E-05 0.0526259 9.98945E-05 9.98945E-05
9.99035E-05 0.19833 9.99035E-05 9.99035E-05 9.99035E-05 0.685438 9.99035E-05 9.99035E-05 9.99035E-05 9.99035E-05 9.99035E-05 0.115133 9.99035E-05 9.99035E-05
9.9921E-05 0.107696 0.0101354 0.0072496 9.9921E-05 0.762808 9.9921E-05 9.9921E-05 9.9921E-05 9.9921E-05 9.9921E-05 0.111212 9.9921E-05 9.9921E-05
9.98946E-05 9.98946E-05 9.98946E-05 9.98946E-05 9.98946E-05 0.82578 9.98946E-05 9.98946E-05 9.98946E-05 9.98946E-05 9.98946E-05 0.173021 9.98946E-05 9.98946E-05
9.99033E-05 9.99033E-05 9.99033E-05 9.99033E-05 9.99033E-05 0.491055 9.99033E-05 9.99033E-05 9.99033E-05 9.99033E-05 9.99033E-05 0.313105 0.194741 9.99033E-05
9.99033E-05 0.234485 9.99033E-05 9.99033E-05 9.99033E-05 0.545076 9.99033E-05 9.99033E-05 9.99033E-05 9.99033E-05 9.99033E-05 0.21934 9.99033E-05 9.99033E-05
0.145067 9.99123E-05 9.99123E-05 9.99123E-05 9.99123E-05 0.544137 9.99123E-05 9.99123E-05 9.99123E-05 9.99123E-05 9.99123E-05 0.0225061 0.287292 9.99123E-05
0.0171809 0.0211326 9.99211E-05 9.99211E-05 9.99211E-05 0.794348 9.99211E-05 9.99211E-05 9.99211E-05 9.99211E-05 0.00853072 9.99211E-05 0.157909 9.99211E-05
9.98948E-05 9.98948E-05 9.98948E-05 9.98948E-05 9.98948E-05 0.894529 9.98948E-05 9.98948E-05 9.98948E-05 9.98948E-05 9.98948E-05 0.104272 9.98948E-05 9.98948E-05
0.011192 0.142196 9.99123E-05 9.99123E-05 9.99123E-05 0.708085 9.99123E-05 9.99123E-05 9.99123E-05 9.99123E-05 9.99123E-05 0.137528 9.99123E-05 9.99123E-05
9.99123E-05 9.99123E-05 0.197295 9.99123E-05 9.99123E-05 0.709199 9.99123E-05 9.99123E-05 9.99123E-05 9.99123E-05 9.99123E-05 0.0728527 9.99123E-05 0.0196543
9.99298E-05 0.112471 9.99298E-05 0.0584541 0.00369449 0.678568 9.99298E-05 9.99298E-05 9.99298E-05 9.99298E-05 9.99298E-05 9.99298E-05 0.129458 0.0165555
9.99122E-05 0.100795 9.99122E-05 9.99122E-05 0.00597391 0.64592 9.99122E-05 9.99122E-05 9.99122E-05 9.99122E-05 9.99122E-05 9.99122E-05 0.246312 9.99122E-05
9.99124E-05 9.99124E-05 9.99124E-05 9.99124E-05 9.99124E-05 0.781747 9.99124E-05 9.99124E-05 0.0312587 9.99124E-05 0.00996405 0.176031 9.99124E-05 9.99124E-05
9.98947E-05 9.98947E-05 9.98947E-05 9.98947E-05 9.98947E-05 0.967462 9.98947E-05 9.98947E-05 9.98947E-05 9.98947E-05 9.98947E-05 9.98947E-05 0.0313389 9.98947E-05
0.157986 0.105092 9.9921E-05 9.9921E-05 0.0808814 0.546653 9.9921E-05 9.9921E-05 9.9921E-05 9.9921E-05 9.9921E-05 0.108488 9.9921E-05 9.9921E-05
9.9921E-05 0.0376081 9.9921E-05 9.9921E-05 9.9921E-05 0.779977 0.0164665 9.9921E-05 9.9921E-05 9.9921E-05 9.9921E-05 0.0377561 0.127293 9.9921E-05
9.99034E-05 0.0553699 9.99034E-05 9.99034E-05 9.99034E-05 0.930064 9.99034E-05 9.99034E-05 9.99034E-05 9.99034E-05 9.99034E-05 0.0134668 9.99034E-05 9.99034E-05
9.99385E-05 0.235592 0.0360756 9.99385E-05 0.0300982 0.328527 9.99385E-05 9.99385E-05 9.99385E-05 0.0533872 9.99385E-05 0.189496 0.126125 9.99385E-05
0.0668503 0.039206 9.99123E-05 9.99123E-05 9.99123E-05 0.733114 9.99123E-05 9.99123E-05 9.99123E-05 9.99123E-05 9.99123E-05 0.159831 9.99123E-05 9.99123E-05
9.99297E-05 0.171201 9.99297E-05 9.99297E-05 0.0447561 0.418651 9.99297E-05 9.99297E-05 0.0377719 9.99297E-05 9.99297E-05 0.240448 0.0863739 9.99297E-05
0.225427 0.124922 0.0284719 9.99386E-05 9.99386E-05 0.357226 9.99386E-05 9.99386E-05 9.99386E-05 9.99386E-05 9.99386E-05 0.155073 0.0855389 0.0226415
0.528984 0.116632 9.99122E-05 9.99122E-05 9.99122E-05 0.228675 9.99122E-05 9.99122E-05 9.99122E-05 0.12471 9.99122E-05 9.99122E-05 9.99122E-05 9.99122E-05
9.99033E-05 0.10084 9.99033E-05 9.99033E-05 9.99033E-05 0.847289 9.99033E-05 9.99033E-05 9.99033E-05 9.99033E-05 9.99033E-05 0.0507722 9.99033E-05 9.99033E-05
9.99123E-05 0.152451 9.99123E-05 9.99123E-05 9.99123E-05 0.554973 9.99123E-05 9.99123E-05 9.99123E-05 9.99123E-05 9.99123E-05 0.2322 0.0593762 9.99123E-05
0.00683172 0.135446 9.99123E-05 9.99123E-05 0.0546739 0.80205 9.99123E-05 9.99123E-05 9.99123E-05 9.99123E-05 9.99123E-05 9.99123E-05 9.99123E-05 9.99123E-05
9.99211E-05 0.154599 9.99211E-05 0.0475726 9.99211E-05 0.701181 9.99211E-05 9.99211E-05 9.99211E-05 9.99211E-05 9.99211E-05 0.0524471 0.0433008 9.99211E-05
9.98947E-05 9.98947E-05 9.98947E-05 9.98947E-05 0.0490246 0.949777 9.98947E-05 9.98947E-05 9.98947E-05 9.98947E-05 9.98947E-05 9.98947E-05 9.98947E-05 9.98947E-05
9.99385E-05 0.151048 9.99385E-05 9.99385E-05 0.132098 0.414664 9.99385E-05 9.99385E-05 0.0508782 0.0017013 9.99385E-05 0.22446 9.99385E-05 0.0244505
9.99122E-05 0.0709375 9.99122E-05 9.99122E-05 0.0127127 0.900926 9.99122E-05 9.99122E-05 9.99122E-05 9.99122E-05 9.99122E-05 0.014425 9.99122E-05 9.99122E-05
9.98948E-05 0.0236914 9.98948E-05 9.98948E-05 9.98948E-05 0.97511 9.98948E-05 9.98948E-05 9.98948E-05 9.98948E-05 9.98948E-05 9.98948E-05 9.98948E-05 9.98948E-05
0.0473602 9.99385E-05 9.99385E-05 0.0581212 9.99385E-05 0.710024 0.0657883 9.99385E-05 9.99385E-05 9.99385E-05 9.99385E-05 0.00570763 0.105159 0.00714089
9.99122E-05 0.249577 0.0338298 9.99122E-05 9.99122E-05 0.668219 9.99122E-05 9.99122E-05 9.99122E-05 9.99122E-05 9.99122E-05 0.0473744 9.99122E-05 9.99122E-05
0.441363 9.99122E-05 9.99122E-05 9.99122E-05 9.99122E-05 0.409989 9.99122E-05 9.99122E-05 9.99122E-05 9.99122E-05 9.99122E-05 0.111337 9.99122E-05 0.036313
0.151077 0.0543154 9.99035E-05 9.99035E-05 9.99035E-05 0.793509 9.99035E-05 9.99035E-05 9.99035E-05 9.99035E-05 9.99035E-05 9.99035E-05 9.99035E-05 9.99035E-05
0.191116 9.98949E-05 9.98949E-05 9.98949E-05 9.98949E-05 0.807685 9.98949E-05 9.98949E-05 9.98949E-05 9.98949E-05 9.98949E-05 9.98949E-05 9.98949E-05 9.98949E-05
0.274603 9.99123E-05 9.99123E-05 9.99123E-05 9.99123E-05 0.622522 9.99123E-05 9.99123E-05 9.99123E-05 9.99123E-05 9.99123E-05 0.0225336 0.0793426 9.99123E-05
9.99297E-05 0.24042 9.99297E-05 0.103294 9.99297E-05 0.380248 9.99297E-05 9.99297E-05 0.0310663 9.99297E-05 9.99297E-05 0.100733 0.143439 9.99297E-05
9.99035E-05 9.99035E-05 9.99035E-05 9.99035E-05 9.99035E-05 0.830828 9.99035E-05 9.99035E-05 0.0515603 9.99035E-05 9.99035E-05 0.116512 9.99035E-05 9.99035E-05
0.436983 0.0686958 9.9921E-05 9.9921E-05 0.0632601 0.305461 9.9921E-05 9.9921E-05 9.9921E-05 9.9921E-05 9.9921E-05 0.124701 9.9921E-05 9.9921E-05
0.33575 0.0678537 9.99035E-05 9.99035E-05 9.99035E-05 0.595297 9.99035E-05 9.99035E-05 9.99035E-05 9.99035E-05 9.99035E-05 9.99035E-05 9.99035E-05 9.99035E-05
9.99121E-05 9.99121E-05 9.99121E-05 9.99121E-05 0.0931777 0.494627 9.99121E-05 9.99121E-05 9.99121E-05 9.99121E-05 9.99121E-05 0.209589 0.201607 9.99121E-05
0.0330331 0.0637698 0.0463066 0.0309442 9.99386E-05 0.668733 9.99386E-05 0.0622469 9.99386E-05 9.99386E-05 9.99386E-05 0.0942666 9.99386E-05 9.99386E-05
0.0103269 0.0582838 9.99387E-05 9.99387E-05 9.99387E-05 0.530222 9.99387E-05 9.99387E-05 9.99387E-05 0.12196 9.99387E-05 0.108645 0.142653 0.0272087
9.99122E-05 0.222792 9.99122E-05 9.99122E-05 9.99122E-05 0.455956 9.99122E-05 0.0489182 9.99122E-05 9.99122E-05 9.99122E-05 0.271334 9.99122E-05 9.99122E-05
0.373775 0.0427282 9.9921E-05 9.9921E-05 9.9921E-05 0.579256 9.9921E-05 9.9921E-05 9.9921E-05 0.000555513 9.9921E-05 9.9921E-05 0.00278578 9.9921E-05
9.99034E-05 0.0894941 9.99034E-05 9.99034E-05 9.99034E-05 0.719957 0.18945 9.99034E-05 9.99034E-05 9.99034E-05 9.99034E-05 9.99034E-05 9.99034E-05 9.99034E-05
0.468074 0.0197162 9.99298E-05 0.0175301 9.99298E-05 0.334782 9.99298E-05 9.99298E-05 0.0196552 9.99298E-05 9.99298E-05 0.139444 9.99298E-05 9.99298E-05
0.131835 0.0654795 9.99211E-05 0.0413305 9.99211E-05 0.655956 9.99211E-05 9.99211E-05 9.99211E-05 9.99211E-05 9.99211E-05 0.1045 9.99211E-05 9.99211E-05
9.99034E-05 9.99034E-05 9.99034E-05 9.99034E-05 9.99034E-05 0.908562 9.99034E-05 9.99034E-05 9.99034E-05 9.99034E-05 9.99034E-05 0.0303994 9.99034E-05 0.0599396
9.99121E-05 9.99121E-05 0.0333927 0.0301018 9.99121E-05 0.835594 0.0999128 9.99121E-05 9.99121E-05 9.99121E-05 9.99121E-05 9.99121E-05 9.99121E-05 9.99121E-05
9.99121E-05 0.182097 9.99121E-05 9.99121E-05 9.99121E-05 0.428747 9.99121E-05 9.99121E-05 9.99121E-05 9.99121E-05 9.99121E-05 0.166395 0.221761 9.99121E-05
9.99033E-05 0.119017 9.99033E-05 9.99033E-05 9.99033E-05 0.691778 9.99033E-05 9.99033E-05 9.99033E-05 9.99033E-05 9.99033E-05 0.188106 9.99033E-05 9.99033E-05
9.99033E-05 9.99033E-05 9.99033E-05 9.99033E-05 0.0130001 0.983403 9.99033E-05 9.99033E-05 9.99033E-05 9.99033E-05 9.99033E-05 9.99033E-05 9.99033E-05 0.00249839
9.99035E-05 0.0654953 9.99035E-05 9.99035E-05 0.0938319 0.839574 9.99035E-05 9.99035E-05 9.99035E-05 9.99035E-05 9.99035E-05 9.99035E-05 9.99035E-05 9.99035E-05
0.0449953 0.0591916 9.9921E-05 9.9921E-05 9.9921E-05 0.638519 9.9921E-05 9.9921E-05 9.9921E-05 9.9921E-05 9.9921E-05 0.133012 0.123382 9.9921E-05
9.98856E-05 0.998701 9.98856E-05 9.98856E-05 9.98856E-05 9.98856E-05 9.98856E-05 9.98856E-05 9.98856E-05 9.98856E-05 9.98856E-05 9.98856E-05 9.98856E-05 9.98856E-05
9.98857E-05 9.98857E-05 9.98857E-05 9.98857E-05 9.98857E-05 9.98857E-05 9.98857E-05 9.98857E-05 9.98857E-05 9.98857E-05 9.98857E-05 0.998701 9.98857E-05 9.98857E-05
9.98857E-05 0.998701 9.98857E-05 9.98857E-05 9.98857E-05 9.98857E-05 9.98857E-05 9.98857E-05 9.98857E-05 9.98857E-05 9.98857E-05 9.98857E-05 9.98857E-05 9.98857E-05
9.98858E-05 9.98858E-05 9.98858E-05 9.98858E-05 9.98858E-05 9.98858E-05 9.98858E-05 9.98858E-05 9.98858E-05 9.98858E-05 9.98858E-05 0.998701 9.98858E-05 9.98858E-05
9.98857E-05 9.98857E-05 9.98857E-05 9.98857E-05 9.98857E-05 9.98857E-05 9.98857E-05 9.98857E-05 9.98857E-05 9.98857E-05 9.98857E-05 0.998701 9.98857E-05 9.98857E-05
9.98857E-05 9.98857E-05 9.98857E-05 9.98857E-05 9.98857E-05 9.98857E-05 9.98857E-05 9.98857E-05 9.98857E-05 9.98857E-05 9.98857E-05 0.998701 9.98857E-05 9.98857E-05
9.98857E-05 0.998701 9.98857E-05 9.98857E-05 9.98857E-05 9.98857E-05 9.98857E-05 9.98857E-05 9.98857E-05 9.98857E-05 9.98857E-05 9.98857E-05 9.98857E-05 9.98857E-05
9.98857E-05 9.98857E-05 9.98857E-05 9.98857E-05 9.98857E-05 9.98857E-05 9.98857E-05 9.98857E-05 9.98857E-05 9.98857E-05 9.98857E-05 0.998701 9.98857E-05 9.98857E-05
9.98857E-05 9.98857E-05 9.98857E-05 9.98857E-05 9.98857E-05 9.98857E-05 9.98857E-05 9.98857E-05 9.98857E-05 9.98857E-05 9.98857E-05 0.998701 9.98857E-05 9.98857E-05
9.98857E-05 0.998701 9.98857E-05 9.98857E-05 9.98857E-05 9.98857E-05 9.98857E-05 9.98857E-05 9.98857E-05 9.98857E-05 9.98857E-05 9.98857E-05 9.98857E-05 9.98857E-05
9.98856E-05 0.998701 9.98856E-05 9.98856E-05 9.98856E-05 9.98856E-05 9.98856E-05 9.98856E-05 9.98856E-05 9.98856E-05 9.98856E-05 9.98856E-05 9.98856E-05 9.98856E-05
9.98856E-05 0.998701 9.98856E-05 9.98856E-05 9.98856E-05 9.98856E-05 9.98856E-05 9.98856E-05 9.98856E-05 9.98856E-05 9.98856E-05 9.98856E-05 9.98856E-05 9.98856E-05
9.98857E-05 9.98857E-05 9.98857E-05 9.98857E-05 9.98857E-05 9.98857E-05 9.98857E-05 9.98857E-05 9.98857E-05 9.98857E-05 9.98857E-05 0.998701 9.98857E-05 9.98857E-05
9.98856E-05 9.98856E-05 9.98856E-05 9.98856E-05 9.98856E-05 9.98856E-05 9.98856E-05 9.98856E-05 9.98856E-05 9.98856E-05 9.98856E-05 0.998701 9.98856E-05 9.98856E-05
9.98857E-05 0.998701 9.98857E-05 9.98857E-05 9.98857E-05 9.98857E-05 9.98857E-05 9.98857E-05 9.98857E-05 9.98857E-05 9.98857E-05 9.98857E-05 9.98857E-05 9.98857E-05
9.98856E-05 0.998701 9.98856E-05 9.98856E-05 9.98856E-05 9.98856E-05 9.98856E-05 9.98856E-05 9.98856E-05 9.98856E-05 9.98856E-05 9.98856E-05 9.98856E-05 9.98856E-05
9.99384E-05 0.0734977 9.99384E-05 9.99384E-05 0.0116344 0.616645 0.0880246 9.99384E-05 9.99384E-05 0.0863305 9.99384E-05 0.108771 9.99384E-05 0.0143972
9.98857E-05 0.998701 9.98857E-05 9.98857E-05 9.98857E-05 9.98857E-05 9.98857E-05 9.98857E-05 9.98857E-05 9.98857E-05 9.98857E-05 9.98857E-05 9.98857E-05 9.98857E-05
9.98857E-05 9.98857E-05 9.98857E-05 9.98857E-05 9.98857E-05 9.98857E-05 9.98857E-05 9.98857E-05 9.98857E-05 9.98857E-05 9.98857E-05 0.998701 9.98857E-05 9.98857E-05
9.98856E-05 0.998701 9.98856E-05 9.98856E-05 9.98856E-05 9.98856E-05 9.98856E-05 9.98856E-05 9.98856E-05 9.98856E-05 9.98856E-05 9.98856E-05 9.98856E-05 9.98856E-05
9.98857E-05 0.998701 9.98857E-05 9.98857E-05 9.98857E-05 9.98857E-05 9.98857E-05 9.98857E-05 9.98857E-05 9.98857E-05 9.98857E-05 9.98857E-05 9.98857E-05 9.98857E-05
9.98856E-05 0.998701 9.98856E-05 9.98856E-05 9.98856E-05 9.98856E-05 9.98856E-05 9.98856E-05 9.98856E-05 9.98856E-05 9.98856E-05 9.98856E-05 9.98856E-05 9.98856E-05
9.98857E-05 9.98857E-05 9.98857E-05 9.98857E-05 9.98857E-05 9.98857E-05 9.98857E-05 9.98857E-05 9.98857E-05 9.98857E-05 9.98857E-05 0.998701 9.98857E-05 9.98857E-05
9.98857E-05 0.998701 9.98857E-05 9.98857E-05 9.98857E-05 9.98857E-05 9.98857E-05 9.98857E-05 9.98857E-05 9.98857E-05 9.98857E-05 9.98857E-05 9.98857E-05 9.98857E-05
9.98857E-05 9.98857E-05 9.98857E-05 9.98857E-05 9.98857E-05 9.98857E-05 9.98857E-05 9.98857E-05 9.98857E-05 9.98857E-05 9.98857E-05 0.998701 9.98857E-05 9.98857E-05
9.98857E-05 0.998701 9.98857E-05 9.98857E-05 9.98857E-05 9.98857E-05 9.98857E-05 9.98857E-05 9.98857E-05 9.98857E-05 9.98857E-05 9.98857E-05 9.98857E-05 9.98857E-05
9.98856E-05 0.998701 9.98856E-05 9.98856E-05 9.98856E-05 9.98856E-05 9.98856E-05 9.98856E-05 9.98856E-05 9.98856E-05 9.98856E-05 9.98856E-05 9.98856E-05 9.98856E-05
9.98858E-05 9.98858E-05 9.98858E-05 9.98858E-05 9.98858E-05 9.98858E-05 9.98858E-05 9.98858E-05 9.98858E-05 9.98858E-05 9.98858E-05 0.998701 9.98858E-05 9.98858E-05
9.98857E-05 9.98857E-05 9.98857E-05 9.98857E-05 9.98857E-05 9.98857E-05 9.98857E-05 9.98857E-05 9.98857E-05 9.98857E-05 9.98857E-05 0.998701 9.98857E-05 9.98857E-05
9.98857E-05 9.98857E-05 9.98857E-05 9.98857E-05 9.98857E-05 9.98857E-05 9.98857E-05 9.98857E-05 9.98857E-05 9.98857E-05 9.98857E-05 0.998701 9.98857E-05 9.98857E-05
9.98857E-05 0.998701 9.98857E-05 9.98857E-05 9.98857E-05 9.98857E-05 9.98857E-05 9.98857E-05 9.98857E-05 9.98857E-05 9.98857E-05 9.98857E-05 9.98857E-05 9.98857E-05
9.98857E-05 0.998701 9.98857E-05 9.98857E-05 9.98857E-05 9.98857E-05 9.98857E-05 9.98857E-05 9.98857E-05 9.98857E-05 9.98857E-05 9.98857E-05 9.98857E-05 9.98857E-05
9.98856E-05 0.998701 9.98856E-05 9.98856E-05 9.98856E-05 9.98856E-05 9.98856E-05 9.98856E-05 9.98856E-05 9.98856E-05 9.98856E-05 9.98856E-05 9.98856E-05 9.98856E-05
9.98856E-05 0.998701 9.98856E-05 9.98856E-05 9.98856E-05 9.98856E-05 9.98856E-05 9.98856E-05 9.98856E-05 9.98856E-05 9.98856E-05 9.98856E-05 9.98856E-05 9.98856E-05
9.98857E-05 0.998701 9.98857E-05 9.98857E-05 9.98857E-05 9.98857E-05 9.98857E-05 9.98857E-05 9.98857E-05 9.98857E-05 9.98857E-05 9.98857E-05 9.98857E-05 9.98857E-05
9.98857E-05 9.98857E-05 9.98857E-05 9.98857E-05 9.98857E-05 9.98857E-05 9.98857E-05 9.98857E-05 9.98857E-05 9.98857E-05 9.98857E-05 0.998701 9.98857E-05 9.98857E-05
9.98856E-05 9.98856E-05 9.98856E-05 9.98856E-05 9.98856E-05 9.98856E-05 9.98856E-05 9.98856E-05 9.98856E-05 9.98856E-05 9.98856E-05 0.998701 9.98856E-05 9.98856E-05
9.98856E-05 9.98856E-05 9.98856E-05 9.98856E-05 9.98856E-05 9.98856E-05 9.98856E-05 9.98856E-05 9.98856E-05 9.98856E-05 9.98856E-05 0.998701 9.98856E-05 9.98856E-05
9.98857E-05 0.998701 9.98857E-05 9.98857E-05 9.98857E-05 9.98857E-05 9.98857E-05 9.98857E-05 9.98857E-05 9.98857E-05 9.98857E-05 9.98857E-05 9.98857E-05 9.98857E-05
9.98857E-05 9.98857E-05 9.98857E-05 9.98857E-05 9.98857E-05 9.98857E-05 9.98857E-05 9.98857E-05 9.98857E-05 9.98857E-05 9.98857E-05 0.998701 9.98857E-05 9.98857E-05
9.98856E-05 9.98856E-05 9.98856E-05 9.98856E-05 9.98856E-05 9.98856E-05 9.98856E-05 9.98856E-05 9.98856E-05 9.98856E-05 9.98856E-05 0.998701 9.98856E-05 9.98856E-05
9.98857E-05 9.98857E-05 9.98857E-05 9.98857E-05 9.98857E-05 9.98857E-05 9.98857E-05 9.98857E-05 9.98857E-05 9.98857E-05 9.98857E-05 0.998701 9.98857E-05 9.98857E-05
9.98856E-05 9.98856E-05 9.98856E-05 9.98856E-05 9.98856E-05 9.98856E-05 9.98856E-05 9.98856E-05 9.98856E-05 9.98856E-05 9.98856E-05 0.998701 9.98856E-05 9.98856E-05
9.98857E-05 0.998701 9.98857E-05 9.98857E-05 9.98857E-05 9.98857E-05 9.98857E-05 9.98857E-05 9.98857E-05 9.98857E-05 9.98857E-05 9.98857E-05 9.98857E-05 9.98857E-05
9.98857E-05 9.98857E-05 9.98857E-05 9.98857E-05 9.98857E-05 9.98857E-05 9.98857E-05 9.98857E-05 9.98857E-05 9.98857E-05 9.98857E-05 0.998701 9.98857E-05 9.98857E-05
9.98856E-05 9.98856E-05 9.98856E-05 9.98856E-05 9.98856E-05 9.98856E-05 9.98856E-05 9.98856E-05 9.98856E-05 9.98856E-05 9.98856E-05 0.998701 9.98856E-05 9.98856E-05
9.99209E-05 0.0756667 9.99209E-05 9.99209E-05 9.99209E-05 0.642412 0.179897 9.99209E-05 9.99209E-05 0.0555477 9.99209E-05 0.045577 9.99209E-05 9.99209E-05
9.98856E-05 0.998701 9.98856E-05 9.98856E-05 9.98856E-05 9.98856E-05 9.98856E-05 9.98856E-05 9.98856E-05 9.98856E-05 9.98856E-05 9.98856E-05 9.98856E-05 9.98856E-05
9.98857E-05 9.98857E-05 9.98857E-05 9.98857E-05 9.98857E-05 9.98857E-05 9.98857E-05 9.98857E-05 9.98857E-05 9.98857E-05 9.98857E-05 0.998701 9.98857E-05 9.98857E-05
9.98857E-05 9.98857E-05 9.98857E-05 9.98857E-05 9.98857E-05 9.98857E-05 9.98857E-05 9.98857E-05 9.98857E-05 9.98857E-05 9.98857E-05 0.998701 9.98857E-05 9.98857E-05
9.98858E-05 9.98858E-05 9.98858E-05 9.98858E-05 9.98858E-05 9.98858E-05 9.98858E-05 9.98858E-05 9.98858E-05 9.98858E-05 9.98858E-05 0.998701 9.98858E-05 9.98858E-05
9.98857E-05 9.98857E-05 9.98857E-05 9.98857E-05 9.98857E-05 9.98857E-05 9.98857E-05 9.98857E-05 9.98857E-05 9.98857E-05 9.98857E-05 0.998701 9.98857E-05 9.98857E-05
9.98857E-05 0.998701 9.98857E-05 9.98857E-05 9.98857E-05 9.98857E-05 9.98857E-05 9.98857E-05 9.98857E-05 9.98857E-05 9.98857E-05 9.98857E-05 9.98857E-05 9.98857E-05
9.98857E-05 9.98857E-05 9.98857E-05 9.98857E-05 9.98857E-05 9.98857E-05 9.98857E-05 9.98857E-05 9.98857E-05 9.98857E-05 9.98857E-05 0.998701 9.98857E-05 9.98857E-05
9.98856E-05 0.998701 9.98856E-05 9.98856E-05 9.98856E-05 9.98856E-05 9.98856E-05 9.98856E-05 9.98856E-05 9.98856E-05 9.98856E-05 9.98856E-05 9.98856E-05 9.98856E-05
9.98856E-05 9.98856E-05 9.98856E-05 9.98856E-05 9.98856E-05 9.98856E-05 9.98856E-05 9.98856E-05 9.98856E-05 9.98856E-05 9.98856E-05 0.998701 9.98856E-05 9.98856E-05
9.98856E-05 0.998701 9.98856E-05 9.98856E-05 9.98856E-05 9.98856E-05 9.98856E-05 9.98856E-05 9.98856E-05 9.98856E-05 9.98856E-05 9.98856E-05 9.98856E-05 9.98856E-05
9.98856E-05 9.98856E-05 9.98856E-05 9.98856E-05 9.98856E-05 9.98856E-05 9.98856E-05 9.98856E-05 9.98856E-05 9.98856E-05 9.98856E-05 0.998701 9.98856E-05 9.98856E-05
9.98856E-05 9.98856E-05 9.98856E-05 9.98856E-05 9.98856E-05 9.98856E-05 9.98856E-05 9.98856E-05 9.98856E-05 9.98856E-05 9.98856E-05 0.998701 9.98856E-05 9.98856E-05
9.98856E-05 9.98856E-05 9.98856E-05 9.98856E-05 9.98856E-05 9.98856E-05 9.98856E-05 9.98856E-05 9.98856E-05 9.98856E-05 9.98856E-05 0.998701 9.98856E-05 9.98856E-05
9.98856E-05 9.98856E-05 9.98856E-05 9.98856E-05 9.98856E-05 9.98856E-05 9.98856E-05 9.98856E-05 9.98856E-05 9.98856E-05 9.98856E-05 0.998701 9.98856E-05 9.98856E-05
9.98856E-05 9.98856E-05 9.98856E-05 9.98856E-05 9.98856E-05 9.98856E-05 9.98856E-05 9.98856E-05 9.98856E-05 9.98856E-05 9.98856E-05 0.998701 9.98856E-05 9.98856E-05
9.98858E-05 9.98858E-05 9.98858E-05 9.98858E-05 9.98858E-05 9.98858E-05 9.98858E-05 9.98858E-05 9.98858E-05 9.98858E-05 9.98858E-05 0.998701 9.98858E-05 9.98858E-05
9.98857E-05 0.998701 9.98857E-05 9.98857E-05 9.98857E-05 9.98857E-05 9.98857E-05 9.98857E-05 9.98857E-05 9.98857E-05 9.98857E-05 9.98857E-05 9.98857E-05 9.98857E-05
9.98856E-05 0.998701 9.98856E-05 9.98856E-05 9.98856E-05 9.98856E-05 9.98856E-05 9.98856E-05 9.98856E-05 9.98856E-05 9.98856E-05 9.98856E-05 9.98856E-05 9.98856E-05
9.98857E-05 0.998701 9.98857E-05 9.98857E-05 9.98857E-05 9.98857E-05 9.98857E-05 9.98857E-05 9.98857E-05 9.98857E-05 9.98857E-05 9.98857E-05 9.98857E-05 9.98857E-05
9.98856E-05 9.98856E-05 9.98856E-05 9.98856E-05 9.98856E-05 9.98856E-05 9.98856E-05 9.98856E-05 9.98856E-05 9.98856E-05 9.98856E-05 0.998701 9.98856E-05 9.98856E-05
9.98857E-05 0.998701 9.98857E-05 9.98857E-05 9.98857E-05 9.98857E-05 9.98857E-05 9.98857E-05 9.98857E-05 9.98857E-05 9.98857E-05 9.98857E-05 9.98857E-05 9.98857E-05
9.98857E-05 0.998701 9.98857E-05 9.98857E-05 9.98857E-05 9.98857E-05 9.98857E-05 9.98857E-05 9.98857E-05 9.98857E-05 9.98857E-05 9.98857E-05 9.98857E-05 9.98857E-05
9.98857E-05 0.998701 9.98857E-05 9.98857E-05 9.98857E-05 9.98857E-05 9.98857E-05 9.98857E-05 9.98857E-05 9.98857E-05 9.98857E-05 9.98857E-05 9.98857E-05 9.98857E-05
9.98857E-05 9.98857E-05 9.98857E-05 9.98857E-05 9.98857E-05 9.98857E-05 9.98857E-05 9.98857E-05 9.98857E-05 9.98857E-05 9.98857E-05 0.998701 9.98857E-05 9.98857E-05
9.98857E-05 9.98857E-05 9.98857E-05 9.98857E-05 9.98857E-05 9.98857E-05 9.98857E-05 9.98857E-05 9.98857E-05 9.98857E-05 9.98857E-05 0.998701 9.98857E-05 9.98857E-05
9.98856E-05 9.98856E-05 9.98856E-05 9.98856E-05 9.98856E-05 9.98856E-05 9.98856E-05 9.98856E-05 9.98856E-05 9.98856E-05 9.98856E-05 0.998701 9.98856E-05 9.98856E-05
9.98856E-05 0.998701 9.98856E-05 9.98856E-05 9.98856E-05 9.98856E-05 9.98856E-05 9.98856E-05 9.98856E-05 9.98856E-05 9.98856E-05 9.98856E-05 9.98856E-05 9.98856E-05
9.98856E-05 9.98856E-05 9.98856E-05 9.98856E-05 9.98856E-05 9.98856E-05 9.98856E-05 9.98856E-05 9.98856E-05 9.98856E-05 9.98856E-05 0.998701 9.98856E-05 9.98856E-05
9.98856E-05 9.98856E-05 9.98856E-05 9.98856E-05 9.98856E-05 9.98856E-05 9.98856E-05 9.98856E-05 9.98856E-05 9.98856E-05 9.98856E-05 0.998701 9.98856E-05 9.98856E-05
9.98856E-05 0.998701 9.98856E-05 9.98856E-05 9.98856E-05 9.98856E-05 9.98856E-05 9.98856E-05 9.98856E-05 9.98856E-05 9.98856E-05 9.98856E-05 9.98856E-05 9.98856E-05
9.98857E-05 9.98857E-05 9.98857E-05 9.98857E-05 9.98857E-05 9.98857E-05 9.98857E-05 9.98857E-05 9.98857E-05 9.98857E-05 9.98857E-05 0.998701 9.98857E-05 9.98857E-05
9.98857E-05 9.98857E-05 9.98857E-05 9.98857E-05 9.98857E-05 9.98857E-05 9.98857E-05 9.98857E-05 9.98857E-05 9.98857E-05 9.98857E-05 0.998701 9.98857E-05 9.98857E-05
9.99297E-05 0.257382 0.0764799 0.127251 9.99297E-05 0.470878 9.99297E-05 9.99297E-05 9.99297E-05 9.99297E-05 9.99297E-05 0.0635574 0.0036519 9.99297E-05
9.98856E-05 0.998701 9.98856E-05 9.98856E-05 9.98856E-05 9.98856E-05 9.98856E-05 9.98856E-05 9.98856E-05 9.98856E-05 9.98856E-05 9.98856E-05 9.98856E-05 9.98856E-05
9.98857E-05 9.98857E-05 9.98857E-05 9.98857E-05 9.98857E-05 9.98857E-05 9.98857E-05 9.98857E-05 9.98857E-05 9.98857E-05 9.98857E-05 0.998701 9.98857E-05 9.98857E-05
9.99035E-05 9.99035E-05 9.99035E-05 9.99035E-05 9.99035E-05 0.605397 9.99035E-05 9.99035E-05 9.99035E-05 0.0700738 9.99035E-05 0.323431 9.99035E-05 9.99035E-05
9.99209E-05 0.0547829 9.99209E-05 9.99209E-05 0.00683879 0.672189 0.0729486 9.99209E-05 9.99209E-05 9.99209E-05 9.99209E-05 0.192341 9.99209E-05 9.99209E-05
9.99033E-05 0.26318 9.99033E-05 9.99033E-05 9.99033E-05 0.657178 9.99033E-05 9.99033E-05 9.99033E-05 9.99033E-05 9.99033E-05 0.0785435 9.99033E-05 9.99033E-05
9.99209E-05 0.0618978 0.00625723 9.99209E-05 9.99209E-05 0.909076 0.0176213 9.99209E-05 9.99209E-05 0.00424847 9.99209E-05 9.99209E-05 9.99209E-05 9.99209E-05
9.99121E-05 0.292852 9.99121E-05 9.99121E-05 9.99121E-05 0.533497 9.99121E-05 9.99121E-05 9.99121E-05 9.99121E-05 9.99121E-05 0.157174 0.0154782 9.99121E-05
0.399777 9.99211E-05 9.99211E-05 9.99211E-05 9.99211E-05 0.339729 9.99211E-05 0.00579006 0.112954 9.99211E-05 9.99211E-05 0.140851 9.99211E-05 9.99211E-05
9.9921E-05 0.130934 9.9921E-05 9.9921E-05 9.9921E-05 0.458108 0.0315117 0.116878 9.9921E-05 9.9921E-05 9.9921E-05 0.261669 9.9921E-05 9.9921E-05
9.99209E-05 9.99209E-05 0.0481926 0.0418434 9.99209E-05 0.812249 9.99209E-05 9.99209E-05 9.99209E-05 0.0251544 9.99209E-05 0.0716616 9.99209E-05 9.99209E-05
0.164465 9.99123E-05 9.99123E-05 9.99123E-05 0.0146103 0.620557 9.99123E-05 9.99123E-05 9.99123E-05 9.99123E-05 9.99123E-05 0.199369 9.99123E-05 9.99123E-05
9.99122E-05 0.0681322 9.99122E-05 9.99122E-05 9.99122E-05 0.833511 9.99122E-05 9.99122E-05 0.0106968 0.0866609 9.99122E-05 9.99122E-05 9.99122E-05 9.99122E-05
0.0394619 0.178256 9.99298E-05 0.0473585 9.99298E-05 0.641075 9.99298E-05 9.99298E-05 9.99298E-05 9.99298E-05 9.99298E-05 0.0221285 0.0709205 9.99298E-05
9.98946E-05 9.98946E-05 9.98946E-05 9.98946E-05 9.98946E-05 0.385158 9.98946E-05 9.98946E-05 9.98946E-05 9.98946E-05 9.98946E-05 0.613643 9.98946E-05 9.98946E-05
9.99298E-05 0.225577 9.99298E-05 9.99298E-05 9.99298E-05 0.481684 9.99298E-05 0.0349548 9.99298E-05 9.99298E-05 9.99298E-05 0.181793 0.00766687 0.0675253
9.98945E-05 9.98945E-05 0.0410809 9.98945E-05 9.98945E-05 0.95772 9.98945E-05 9.98945E-05 9.98945E-05 9.98945E-05 9.98945E-05 9.98945E-05 9.98945E-05 9.98945E-05
9.99033E-05 0.107459 9.99033E-05 9.99033E-05 9.99033E-05 0.826433 9.99033E-05 9.99033E-05 9.99033E-05 9.99033E-05 9.99033E-05 0.065009 9.99033E-05 9.99033E-05
9.99385E-05 0.10705 9.99385E-05 0.00182582 9.99385E-05 0.476642 9.99385E-05 0.0930785 0.0213309 9.99385E-05 9.99385E-05 0.228166 0.0712079 9.99385E-05
0.0617007 0.0547748 9.99298E-05 9.99298E-05 9.99298E-05 0.689872 9.99298E-05 9.99298E-05 9.99298E-05 0.00943497 9.99298E-05 0.15052 0.0328986 9.99298E-05
9.99297E-05 0.317787 0.00405391 0.0628223 9.99297E-05 0.581614 9.99297E-05 9.99297E-05 9.99297E-05 9.99297E-05 9.99297E-05 0.0101598 9.99297E-05 0.0227636
9.99121E-05 9.99121E-05 9.99121E-05 9.99121E-05 0.036866 0.760687 9.99121E-05 9.99121E-05 9.99121E-05 9.99121E-05 9.99121E-05 0.0264248 0.175023 9.99121E-05
9.99121E-05 0.124706 9.99121E-05 9.99121E-05 9.99121E-05 0.745423 9.99121E-05 9.99121E-05 9.99121E-05 0.0965548 9.99121E-05 0.0323164 9.99121E-05 9.99121E-05
9.99385E-05 0.0361563 9.99385E-05 9.99385E-05 0.0218477 0.742994 0.057209 9.99385E-05 0.035535 9.99385E-05 9.99385E-05 0.0460456 0.0595128 9.99385E-05
9.98947E-05 9.98947E-05 9.98947E-05 9.98947E-05 9.98947E-05 0.785115 9.98947E-05 9.98947E-05 9.98947E-05 9.98947E-05 9.98947E-05 0.213687 9.98947E-05 9.98947E-05
