0.102329 9.98947E-05 9.98947E-05 0.131719 9.98947E-05 9.98947E-05 0.372625 9.98947E-05 0.0336806 9.98947E-05 0.103963 9.98947E-05 0.159552 9.98947E-05 9.98947E-05 9.98947E-05 0.0248845 9.98947E-05 9.98947E-05 0.0700494
9.98508E-05 9.98508E-05 9.98508E-05 0.0591428 9.98508E-05 9.98508E-05 0.842004 9.98508E-05 0.0971554 9.98508E-05 9.98508E-05 9.98508E-05 9.98508E-05 9.98508E-05 9.98508E-05 9.98508E-05 9.98508E-05 9.98508E-05 9.98508E-05 9.98508E-05
9.98421E-05 9.98421E-05 9.98421E-05 9.98421E-05 9.98421E-05 9.98421E-05 9.98421E-05 9.98421E-05 9.98421E-05 9.98421E-05 9.98421E-05 9.98421E-05 9.98421E-05 9.98421E-05 9.98421E-05 9.98421E-05 0.0108259 9.98421E-05 0.987377 9.98421E-05
9.98859E-05 9.98859E-05 9.98859E-05 9.98859E-05 0.371998 9.98859E-05 9.98859E-05 9.98859E-05 9.98859E-05 9.98859E-05 0.00743281 0.0387389 0.0821592 9.98859E-05 9.98859E-05 0.0515188 0.0419433 9.98859E-05 9.98859E-05 0.40491
9.98597E-05 0.105661 9.98597E-05 9.98597E-05 0.0118566 9.98597E-05 0.84718 9.98597E-05 9.98597E-05 9.98597E-05 9.98597E-05 9.98597E-05 9.98597E-05 9.98597E-05 9.98597E-05 0.0337039 9.98597E-05 9.98597E-05 9.98597E-05 9.98597E-05
9.99035E-05 0.187482 9.99035E-05 0.163605 0.0107947 9.99035E-05 9.99035E-05 9.99035E-05 0.0184997 9.99035E-05 9.99035E-05 0.123785 9.99035E-05 9.99035E-05 0.0332326 0.108536 9.99035E-05 9.99035E-05 0.167194 0.185772
9.99036E-05 9.99036E-05 9.99036E-05 0.0346729 0.208618 9.99036E-05 0.225759 9.99036E-05 0.0980642 0.010011 0.116524 9.99036E-05 0.0598801 0.105819 9.99036E-05 9.99036E-05 9.99036E-05 9.99036E-05 9.99036E-05 0.139552
0.149677 0.0848035 9.98859E-05 9.98859E-05 0.0105132 0.0734435 9.98859E-05 9.98859E-05 9.98859E-05 9.98859E-05 9.98859E-05 0.136598 0.147972 9.98859E-05 9.98859E-05 9.98859E-05 9.98859E-05 9.98859E-05 9.98859E-05 0.395693
0.0252062 0.0114801 9.98947E-05 9.98947E-05 9.98947E-05 9.98947E-05 9.98947E-05 9.98947E-05 9.98947E-05 0.170289 9.98947E-05 0.204134 0.000228651 9.98947E-05 9.98947E-05 9.98947E-05 0.223914 9.98947E-05 0.20068 0.162869
9.98508E-05 9.98508E-05 9.98508E-05 9.98508E-05 9.98508E-05 9.98508E-05 0.964078 9.98508E-05 9.98508E-05 9.98508E-05 9.98508E-05 9.98508E-05 9.98508E-05 9.98508E-05 9.98508E-05 9.98508E-05 0.00333911 9.98508E-05 0.0308853 9.98508E-05
9.98771E-05 9.98771E-05 9.98771E-05 0.0667124 9.98771E-05 9.98771E-05 9.98771E-05 9.98771E-05 9.98771E-05 9.98771E-05 0.0670599 9.98771E-05 0.00459394 9.98771E-05 0.0224561 9.98771E-05 0.106779 9.98771E-05 9.98771E-05 0.731
9.98772E-05 9.98772E-05 9.98772E-05 0.0169035 0.0186713 9.98772E-05 9.98772E-05 9.98772E-05 9.98772E-05 9.98772E-05 0.0197751 9.98772E-05 9.98772E-05 9.98772E-05 9.98772E-05 9.98772E-05 0.00112471 9.98772E-05 0.933175 0.00895188
9.98508E-05 9.98508E-05 9.98508E-05 9.98508E-05 9.98508E-05 9.98508E-05 0.897047 9.98508E-05 9.98508E-05 9.98508E-05 9.98508E-05 9.98508E-05 0.0723728 9.98508E-05 9.98508E-05 9.98508E-05 0.0288831 9.98508E-05 9.98508E-05 9.98508E-05
9.98422E-05 9.98422E-05 9.98422E-05 9.98422E-05 9.98422E-05 9.98422E-05 9.98422E-05 9.98422E-05 9.98422E-05 9.98422E-05 9.98422E-05 9.98422E-05 9.98422E-05 9.98422E-05 9.98422E-05 0.0402372 9.98422E-05 9.98422E-05 9.98422E-05 0.957966
9.98947E-05 9.98947E-05 0.0951841 0.17392 9.98947E-05 9.98947E-05 0.331486 9.98947E-05 9.98947E-05 0.000790413 9.98947E-05 0.108261 9.98947E-05 9.98947E-05 9.98947E-05 0.128995 0.0914398 9.98947E-05 0.0687248 9.98947E-05
9.98947E-05 9.98947E-05 9.98947E-05 0.190083 0.13893 0.188339 0.0921927 9.98947E-05 9.98947E-05 9.98947E-05 9.98947E-05 0.178527 0.0198308 9.98947E-05 9.98947E-05 9.98947E-05 0.0859119 9.98947E-05 9.98947E-05 0.104987
9.98947E-05 9.98947E-05 9.98947E-05 9.98947E-05 0.0146378 0.0158298 9.98947E-05 9.98947E-05 0.0792936 9.98947E-05 0.0552821 9.98947E-05 0.00385238 9.98947E-05 9.98947E-05 9.98947E-05 0.0796219 0.119167 0.631117 9.98947E-05
9.98859E-05 9.98859E-05 9.98859E-05 0.157599 9.98859E-05 9.98859E-05 9.98859E-05 0.145835 9.98859E-05 9.98859E-05 9.98859E-05 0.0529198 0.105097 9.98859E-05 0.0627753 9.98859E-05 0.15851 9.98859E-05 9.98859E-05 0.315965
9.99034E-05 9.99034E-05 0.116191 9.99034E-05 0.0549132 9.99034E-05 9.99034E-05 0.0276109 9.99034E-05 9.99034E-05 9.99034E-05 0.173143 0.0976725 9.99034E-05 0.0180325 9.99034E-05 0.116855 9.99034E-05 0.255712 0.138772
9.98422E-05 9.98422E-05 9.98422E-05 9.98422E-05 9.98422E-05 9.98422E-05 0.425581 9.98422E-05 9.98422E-05 9.98422E-05 9.98422E-05 9.98422E-05 9.98422E-05 9.98422E-05 9.98422E-05 9.98422E-05 9.98422E-05 9.98422E-05 0.572622 9.98422E-05
9.98771E-05 9.98771E-05 9.98771E-05 9.98771E-05 0.0614005 0.0525282 9.98771E-05 9.98771E-05 9.98771E-05 9.98771E-05 0.0672395 0.0972678 9.98771E-05 9.98771E-05 9.98771E-05 9.98771E-05 0.0147147 9.98771E-05 9.98771E-05 0.705451
0.0527298 0.192578 9.98772E-05 9.98772E-05 0.00684625 9.98772E-05 9.98772E-05 9.98772E-05 9.98772E-05 9.98772E-05 9.98772E-05 0.116434 0.357548 9.98772E-05 9.98772E-05 9.98772E-05 9.98772E-05 9.98772E-05 0.272465 9.98772E-05
9.98684E-05 9.98684E-05 9.98684E-05 0.204982 9.98684E-05 9.98684E-05 0.168255 9.98684E-05 9.98684E-05 9.98684E-05 9.98684E-05 9.98684E-05 9.98684E-05 9.98684E-05 9.98684E-05 0.0106155 0.0325029 9.98684E-05 9.98684E-05 0.582146
9.98859E-05 9.98859E-05 9.98859E-05 0.03277 9.98859E-05 0.0235594 0.352763 9.98859E-05 9.98859E-05 0.0509997 9.98859E-05 9.98859E-05 0.303952 9.98859E-05 9.98859E-05 9.98859E-05 0.149857 9.98859E-05 9.98859E-05 0.0847998
9.98858E-05 9.98858E-05 0.121319 9.98858E-05 9.98858E-05 9.98858E-05 9.98858E-05 9.98858E-05 9.98858E-05 9.98858E-05 9.98858E-05 0.0749053 0.0224081 9.98858E-05 0.0334522 0.125431 0.212569 9.98858E-05 9.98858E-05 0.408616
9.98596E-05 9.98596E-05 9.98596E-05 9.98596E-05 9.98596E-05 9.98596E-05 9.98596E-05 9.98596E-05 9.98596E-05 9.98596E-05 9.98596E-05 9.98596E-05 9.98596E-05 9.98596E-05 9.98596E-05 0.160943 0.108187 9.98596E-05 0.642292 0.0869801
9.98771E-05 9.98771E-05 9.98771E-05 9.98771E-05 9.98771E-05 0.00834468 0.142273 0.122024 9.98771E-05 9.98771E-05 9.98771E-05 9.98771E-05 0.319892 9.98771E-05 9.98771E-05 0.311468 0.0946005 9.98771E-05 9.98771E-05 9.98771E-05
9.98509E-05 9.98509E-05 9.98509E-05 9.98509E-05 0.0796656 9.98509E-05 0.902263 9.98509E-05 9.98509E-05 9.98509E-05 9.98509E-05 9.98509E-05 9.98509E-05 9.98509E-05 9.98509E-05 9.98509E-05 0.016374 9.98509E-05 9.98509E-05 9.98509E-05
9.98597E-05 9.98597E-05 9.98597E-05 9.98597E-05 9.98597E-05 9.98597E-05 0.791721 9.98597E-05 9.98597E-05 0.0275369 9.98597E-05 9.98597E-05 9.98597E-05 9.98597E-05 0.0707836 9.98597E-05 0.108361 9.98597E-05 9.98597E-05 9.98597E-05
9.99035E-05 9.99035E-05 9.99035E-05 9.99035E-05 9.99035E-05 0.00661944 0.722101 9.99035E-05 9.99035E-05 0.00356875 9.99035E-05 0.0121322 9.99035E-05 9.99035E-05 9.99035E-05 0.00542188 0.0479009 0.0610168 0.130809 0.0093312
9.98771E-05 9.98771E-05 9.98771E-05 0.0555997 9.98771E-05 9.98771E-05 0.747579 9.98771E-05 9.98771E-05 9.98771E-05 0.0895654 0.0389693 9.98771E-05 9.98771E-05 0.0441242 9.98771E-05 0.0227646 9.98771E-05 9.98771E-05 9.98771E-05
9.98684E-05 9.98684E-05 9.98684E-05 9.98684E-05 0.0510184 9.98684E-05 9.98684E-05 9.98684E-05 9.98684E-05 9.98684E-05 0.0311638 9.98684E-05 9.98684E-05 9.98684E-05 9.98684E-05 0.128857 0.0598758 9.98684E-05 9.98684E-05 0.727587
9.98682E-05 9.98682E-05 9.98682E-05 0.02173 9.98682E-05 9.98682E-05 9.98682E-05 9.98682E-05 9.98682E-05 9.98682E-05 0.0351666 9.98682E-05 0.0935774 9.98682E-05 9.98682E-05 9.98682E-05 0.0934077 9.98682E-05 9.98682E-05 0.75462
9.98947E-05 9.98947E-05 9.98947E-05 9.98947E-05 9.98947E-05 9.98947E-05 9.98947E-05 0.000845769 9.98947E-05 9.98947E-05 9.98947E-05 9.98947E-05 0.126542 0.00873341 0.0222346 0.0751627 0.106423 9.98947E-05 0.0829136 0.575947
9.98421E-05 9.98421E-05 9.98421E-05 9.98421E-05 9.98421E-05 9.98421E-05 0.980071 9.98421E-05 9.98421E-05 9.98421E-05 9.98421E-05 9.98421E-05 9.98421E-05 9.98421E-05 0.0181314 9.98421E-05 9.98421E-05 9.98421E-05 9.98421E-05 9.98421E-05
9.98771E-05 9.98771E-05 9.98771E-05 9.98771E-05 0.0440119 9.98771E-05 9.98771E-05 9.98771E-05 9.98771E-05 0.0353454 9.98771E-05 0.0199066 0.0677297 9.98771E-05 9.98771E-05 9.98771E-05 0.00486216 9.98771E-05 0.826746 9.98771E-05
9.98773E-05 9.98773E-05 9.98773E-05 9.98773E-05 0.0320799 9.98773E-05 0.0714953 9.98773E-05 0.0305344 9.98773E-05 0.00823007 9.98773E-05 9.98773E-05 0.0600601 9.98773E-05 9.98773E-05 9.98773E-05 9.98773E-05 0.796202 9.98773E-05
9.98597E-05 9.98597E-05 9.98597E-05 9.98597E-05 9.98597E-05 9.98597E-05 9.98597E-05 9.98597E-05 0.0317012 9.98597E-05 9.98597E-05 0.117654 9.98597E-05 9.98597E-05 0.0479569 9.98597E-05 9.98597E-05 9.98597E-05 9.98597E-05 0.801091
9.99035E-05 0.0295585 9.99035E-05 9.99035E-05 9.99035E-05 9.99035E-05 9.99035E-05 9.99035E-05 0.0715514 9.99035E-05 0.0330238 0.010213 0.0545967 9.99035E-05 9.99035E-05 0.00828588 0.1251 0.0413993 0.625173 9.99035E-05
9.98684E-05 9.98684E-05 9.98684E-05 9.98684E-05 9.98684E-05 0.0769873 9.98684E-05 9.98684E-05 9.98684E-05 9.98684E-05 9.98684E-05 9.98684E-05 9.98684E-05 9.98684E-05 9.98684E-05 0.150316 0.067598 9.98684E-05 0.121214 0.582387
9.98509E-05 9.98509E-05 9.98509E-05 9.98509E-05 0.0228084 9.98509E-05 9.98509E-05 9.98509E-05 9.98509E-05 9.98509E-05 0.0112555 9.98509E-05 9.98509E-05 9.98509E-05 9.98509E-05 9.98509E-05 9.98509E-05 9.98509E-05 0.964239 9.98509E-05
9.98686E-05 9.98686E-05 9.98686E-05 9.98686E-05 9.98686E-05 9.98686E-05 0.657854 9.98686E-05 9.98686E-05 0.120497 9.98686E-05 0.0251341 0.0771373 9.98686E-05 9.98686E-05 9.98686E-05 0.117879 9.98686E-05 9.98686E-05 9.98686E-05
9.98422E-05 9.98422E-05 9.98422E-05 9.98422E-05 9.98422E-05 9.98422E-05 0.996545 9.98422E-05 9.98422E-05 9.98422E-05 9.98422E-05 9.98422E-05 9.98422E-05 9.98422E-05 9.98422E-05 9.98422E-05 9.98422E-05 0.00165808 9.98422E-05 9.98422E-05
9.98859E-05 9.98859E-05 9.98859E-05 0.161742 9.98859E-05 9.98859E-05 9.98859E-05 9.98859E-05 9.98859E-05 0.0257245 0.0224462 0.0918629 0.0789168 9.98859E-05 9.98859E-05 9.98859E-05 0.203124 9.98859E-05 0.414886 9.98859E-05
9.98683E-05 9.98683E-05 9.98683E-05 9.98683E-05 0.21852 9.98683E-05 9.98683E-05 9.98683E-05 9.98683E-05 9.98683E-05 9.98683E-05 9.98683E-05 0.277575 9.98683E-05 9.98683E-05 9.98683E-05 0.149393 9.98683E-05 0.0400666 0.312948
9.98595E-05 9.98595E-05 9.98595E-05 9.98595E-05 0.0211448 9.98595E-05 9.98595E-05 9.98595E-05 9.98595E-05 9.98595E-05 9.98595E-05 9.98595E-05 0.0433781 9.98595E-05 0.0462335 9.98595E-05 9.98595E-05 9.98595E-05 0.887646 9.98595E-05
9.98508E-05 9.98508E-05 9.98508E-05 9.98508E-05 9.98508E-05 9.98508E-05 0.384944 9.98508E-05 9.98508E-05 9.98508E-05 9.98508E-05 9.98508E-05 9.98508E-05 9.98508E-05 9.98508E-05 9.98508E-05 0.0174421 9.98508E-05 9.98508E-05 0.595916
9.98334E-05 9.98334E-05 9.98334E-05 9.98334E-05 9.98334E-05 9.98334E-05 9.98334E-05 9.98334E-05 9.98334E-05 9.98334E-05 9.98334E-05 9.98334E-05 9.98334E-05 9.98334E-05 9.98334E-05 9.98334E-05 9.98334E-05 9.98334E-05 0.998103 9.98334E-05
9.98771E-05 9.98771E-05 9.98771E-05 9.98771E-05 0.0459011 0.0111693 0.702571 9.98771E-05 9.98771E-05 9.98771E-05 0.031102 9.98771E-05 0.0929306 9.98771E-05 9.98771E-05 9.98771E-05 0.114928 9.98771E-05 9.98771E-05 9.98771E-05
9.98423E-05 9.98423E-05 9.98423E-05 9.98423E-05 9.98423E-05 9.98423E-05 9.98423E-05 9.98423E-05 9.98423E-05 9.98423E-05 9.98423E-05 9.98423E-05 9.98423E-05 0.0409867 9.98423E-05 9.98423E-05 9.98423E-05 9.98423E-05 9.98423E-05 0.957216
9.99122E-05 9.99122E-05 9.99122E-05 0.00658093 9.99122E-05 9.99122E-05 0.3841 0.00636988 9.99122E-05 0.0824853 0.0904875 0.0609641 0.00056832 9.99122E-05 9.99122E-05 0.126672 0.146154 9.99122E-05 9.99122E-05 0.094618
9.98683E-05 0.0251306 9.98683E-05 9.98683E-05 9.98683E-05 0.0300677 9.98683E-05 9.98683E-05 9.98683E-05 0.0391741 9.98683E-05 9.98683E-05 0.153 9.98683E-05 9.98683E-05 9.98683E-05 9.98683E-05 9.98683E-05 9.98683E-05 0.751129
9.98597E-05 9.98597E-05 0.0151087 9.98597E-05 9.98597E-05 9.98597E-05 0.871962 0.0804135 9.98597E-05 9.98597E-05 9.98597E-05 9.98597E-05 9.98597E-05 9.98597E-05 9.98597E-05 9.98597E-05 9.98597E-05 9.98597E-05 0.0309185 9.98597E-05
9.98509E-05 9.98509E-05 9.98509E-05 9.98509E-05 9.98509E-05 0.0962376 9.98509E-05 9.98509E-05 9.98509E-05 9.98509E-05 9.98509E-05 9.98509E-05 9.98509E-05 0.0709328 9.98509E-05 9.98509E-05 9.98509E-05 9.98509E-05 9.98509E-05 0.831132
9.98597E-05 9.98597E-05 0.137111 9.98597E-05 9.98597E-05 9.98597E-05 0.230632 9.98597E-05 9.98597E-05 9.98597E-05 9.98597E-05 9.98597E-05 9.98597E-05 9.98597E-05 9.98597E-05 9.98597E-05 0.041031 9.98597E-05 0.589628 9.98597E-05
9.98597E-05 9.98597E-05 9.98597E-05 9.98597E-05 9.98597E-05 9.98597E-05 9.98597E-05 9.98597E-05 9.98597E-05 9.98597E-05 0.00118249 9.98597E-05 9.98597E-05 9.98597E-05 0.0344504 0.136072 9.98597E-05 9.98597E-05 0.826698 9.98597E-05
9.9842E-05 9.9842E-05 9.9842E-05 9.9842E-05 9.9842E-05 9.9842E-05 9.9842E-05 0.0767891 9.9842E-05 9.9842E-05 9.9842E-05 9.9842E-05 9.9842E-05 9.9842E-05 9.9842E-05 9.9842E-05 9.9842E-05 9.9842E-05 0.921414 9.9842E-05
9.98509E-05 9.98509E-05 9.98509E-05 9.98509E-05 9.98509E-05 9.98509E-05 9.98509E-05 9.98509E-05 9.98509E-05 9.98509E-05 0.0170151 9.98509E-05 9.98509E-05 9.98509E-05 9.98509E-05 9.98509E-05 0.0298773 9.98509E-05 9.98509E-05 0.95141
0.0576743 9.98508E-05 9.98508E-05 9.98508E-05 9.98508E-05 9.98508E-05 0.682562 9.98508E-05 9.98508E-05 9.98508E-05 9.98508E-05 9.98508E-05 9.98508E-05 9.98508E-05 9.98508E-05 9.98508E-05 9.98508E-05 9.98508E-05 9.98508E-05 0.258066
0.0548669 9.98775E-05 9.98775E-05 0.728501 9.98775E-05 9.98775E-05 9.98775E-05 9.98775E-05 9.98775E-05 9.98775E-05 0.0165963 0.0496135 9.98775E-05 9.98775E-05 9.98775E-05 0.00978609 0.139237 9.98775E-05 9.98775E-05 9.98775E-05
9.98422E-05 9.98422E-05 9.98422E-05 0.973021 0.025182 9.98422E-05 9.98422E-05 9.98422E-05 9.98422E-05 9.98422E-05 9.98422E-05 9.98422E-05 9.98422E-05 9.98422E-05 9.98422E-05 9.98422E-05 9.98422E-05 9.98422E-05 9.98422E-05 9.98422E-05
9.9842E-05 9.9842E-05 9.9842E-05 0.939533 9.9842E-05 9.9842E-05 9.9842E-05 0.0586697 9.9842E-05 9.9842E-05 9.9842E-05 9.9842E-05 9.9842E-05 9.9842E-05 9.9842E-05 9.9842E-05 9.9842E-05 9.9842E-05 9.9842E-05 9.9842E-05
9.98771E-05 9.98771E-05 9.98771E-05 0.359412 9.98771E-05 9.98771E-05 9.98771E-05 9.98771E-05 0.257459 9.98771E-05 9.98771E-05 0.114166 9.98771E-05 0.0535076 9.98771E-05 0.192754 0.021303 9.98771E-05 9.98771E-05 9.98771E-05
9.98944E-05 0.0226215 9.98944E-05 0.614945 0.033981 9.98944E-05 9.98944E-05 0.0188534 9.98944E-05 9.98944E-05 9.98944E-05 0.0924235 0.110583 0.0425743 0.06282 9.98944E-05 9.98944E-05 9.98944E-05 9.98944E-05 9.98944E-05
9.98592E-05 9.98592E-05 9.98592E-05 0.687204 9.98592E-05 9.98592E-05 9.98592E-05 9.98592E-05 9.98592E-05 9.98592E-05 9.98592E-05 0.0452687 0.0722203 9.98592E-05 9.98592E-05 9.98592E-05 0.193709 9.98592E-05 9.98592E-05 9.98592E-05
9.98682E-05 9.98682E-05 9.98682E-05 0.589535 0.0984841 9.98682E-05 9.98682E-05 9.98682E-05 0.143959 9.98682E-05 0.0450878 9.98682E-05 9.98682E-05 9.98682E-05 9.98682E-05 9.98682E-05 0.121436 9.98682E-05 9.98682E-05 9.98682E-05
9.98857E-05 9.98857E-05 9.98857E-05 0.497677 9.98857E-05 9.98857E-05 9.98857E-05 0.11805 0.0738029 9.98857E-05 9.98857E-05 0.0933534 9.98857E-05 0.00127573 9.98857E-05 0.102679 0.111864 9.98857E-05 9.98857E-05 9.98857E-05
9.98333E-05 9.98333E-05 9.98333E-05 0.998103 9.98333E-05 9.98333E-05 9.98333E-05 9.98333E-05 9.98333E-05 9.98333E-05 9.98333E-05 9.98333E-05 9.98333E-05 9.98333E-05 9.98333E-05 9.98333E-05 9.98333E-05 9.98333E-05 9.98333E-05 9.98333E-05
9.98596E-05 9.98596E-05 9.98596E-05 0.91905 9.98596E-05 9.98596E-05 9.98596E-05 9.98596E-05 9.98596E-05 9.98596E-05 0.0303766 0.0294928 0.0194829 9.98596E-05 9.98596E-05 9.98596E-05 9.98596E-05 9.98596E-05 9.98596E-05 9.98596E-05
9.98681E-05 9.98681E-05 9.98681E-05 0.541182 9.98681E-05 9.98681E-05 9.98681E-05 0.032297 9.98681E-05 9.98681E-05 0.14552 0.0669741 9.98681E-05 9.98681E-05 9.98681E-05 9.98681E-05 0.212529 9.98681E-05 9.98681E-05 9.98681E-05
9.99034E-05 9.99034E-05 0.1183 0.372504 0.0401473 9.99034E-05 9.99034E-05 9.99034E-05 0.0686398 9.99034E-05 0.060072 0.0120286 0.135682 0.0512651 9.99034E-05 9.99034E-05 0.140263 9.99034E-05 9.99034E-05 9.99034E-05
9.98946E-05 0.0445001 9.98946E-05 0.463635 0.0611771 0.0103696 9.98946E-05 0.0420008 0.0529096 9.98946E-05 0.198424 0.125785 9.98946E-05 9.98946E-05 9.98946E-05 9.98946E-05 9.98946E-05 9.98946E-05 9.98946E-05 9.98946E-05
9.9877E-05 0.0102375 9.9877E-05 0.437128 9.9877E-05 9.9877E-05 9.9877E-05 9.9877E-05 0.111561 9.9877E-05 9.9877E-05 0.0264467 0.204964 9.9877E-05 9.9877E-05 9.9877E-05 0.208265 9.9877E-05 9.9877E-05 9.9877E-05
9.98511E-05 9.98511E-05 9.98511E-05 0.970666 9.98511E-05 0.022128 9.98511E-05 9.98511E-05 9.98511E-05 9.98511E-05 0.00550891 9.98511E-05 9.98511E-05 9.98511E-05 9.98511E-05 9.98511E-05 9.98511E-05 9.98511E-05 9.98511E-05 9.98511E-05
9.98422E-05 9.98422E-05 9.98422E-05 0.98171 9.98422E-05 9.98422E-05 9.98422E-05 9.98422E-05 9.98422E-05 9.98422E-05 9.98422E-05 0.0164928 9.98422E-05 9.98422E-05 9.98422E-05 9.98422E-05 9.98422E-05 9.98422E-05 9.98422E-05 9.98422E-05
0.209622 9.98682E-05 9.98682E-05 0.706324 9.98682E-05 9.98682E-05 9.98682E-05 9.98682E-05 9.98682E-05 9.98682E-05 9.98682E-05 0.033148 9.98682E-05 0.00211122 9.98682E-05 0.0472966 9.98682E-05 9.98682E-05 9.98682E-05 9.98682E-05
9.98682E-05 9.98682E-05 9.98682E-05 0.618645 0.175327 9.98682E-05 9.98682E-05 9.98682E-05 9.98682E-05 9.98682E-05 0.0926789 0.035873 0.0759779 9.98682E-05 9.98682E-05 9.98682E-05 9.98682E-05 9.98682E-05 9.98682E-05 9.98682E-05
9.98595E-05 9.98595E-05 9.98595E-05 0.837154 9.98595E-05 9.98595E-05 9.98595E-05 0.0444971 9.98595E-05 9.98595E-05 0.0830574 9.98595E-05 9.98595E-05 9.98595E-05 9.98595E-05 9.98595E-05 0.0336933 9.98595E-05 9.98595E-05 9.98595E-05
9.98593E-05 9.98593E-05 9.98593E-05 0.655803 9.98593E-05 0.0802492 9.98593E-05 9.98593E-05 9.98593E-05 9.98593E-05 0.0498676 9.98593E-05 9.98593E-05 9.98593E-05 9.98593E-05 9.98593E-05 0.212482 9.98593E-05 9.98593E-05 9.98593E-05
9.98424E-05 9.98424E-05 9.98424E-05 0.968742 9.98424E-05 9.98424E-05 9.98424E-05 9.98424E-05 9.98424E-05 9.98424E-05 9.98424E-05 9.98424E-05 9.98424E-05 9.98424E-05 9.98424E-05 9.98424E-05 9.98424E-05 0.0294607 9.98424E-05 9.98424E-05
9.98945E-05 9.98945E-05 0.00727023 0.627906 9.98945E-05 9.98945E-05 9.98945E-05 9.98945E-05 0.0331056 9.98945E-05 9.98945E-05 0.00507296 0.283999 0.0064606 9.98945E-05 0.0204472 0.0145396 9.98945E-05 9.98945E-05 9.98945E-05
9.98684E-05 9.98684E-05 0.0371004 0.638952 9.98684E-05 9.98684E-05 9.98684E-05 9.98684E-05 0.032099 9.98684E-05 9.98684E-05 9.98684E-05 9.98684E-05 9.98684E-05 9.98684E-05 0.276048 0.0143035 9.98684E-05 9.98684E-05 9.98684E-05
0.0582511 0.0457314 9.98947E-05 0.646751 0.166478 9.98947E-05 9.98947E-05 9.98947E-05 9.98947E-05 0.0329608 9.98947E-05 0.00874345 9.98947E-05 0.0120506 9.98947E-05 9.98947E-05 0.0278344 9.98947E-05 9.98947E-05 9.98947E-05
0.023209 9.98682E-05 9.98682E-05 0.762755 0.0191292 9.98682E-05 9.98682E-05 9.98682E-05 9.98682E-05 9.98682E-05 0.170869 9.98682E-05 9.98682E-05 9.98682E-05 9.98682E-05 9.98682E-05 0.0225395 9.98682E-05 9.98682E-05 9.98682E-05
9.9851E-05 9.9851E-05 9.9851E-05 0.896191 9.9851E-05 9.9851E-05 9.9851E-05 9.9851E-05 9.9851E-05 9.9851E-05 9.9851E-05 0.0109256 9.9851E-05 9.9851E-05 9.9851E-05 9.9851E-05 9.9851E-05 9.9851E-05 0.0911862 9.9851E-05
9.98597E-05 9.98597E-05 9.98597E-05 0.953974 9.98597E-05 9.98597E-05 9.98597E-05 0.00885015 9.98597E-05 0.00083229 9.98597E-05 9.98597E-05 0.0347461 9.98597E-05 9.98597E-05 9.98597E-05 9.98597E-05 9.98597E-05 9.98597E-05 9.98597E-05
9.98334E-05 9.98334E-05 9.98334E-05 0.998103 9.98334E-05 9.98334E-05 9.98334E-05 9.98334E-05 9.98334E-05 9.98334E-05 9.98334E-05 9.98334E-05 9.98334E-05 9.98334E-05 9.98334E-05 9.98334E-05 9.98334E-05 9.98334E-05 9.98334E-05 9.98334E-05
9.98509E-05 9.98509E-05 9.98509E-05 0.838955 9.98509E-05 9.98509E-05 9.98509E-05 0.130621 9.98509E-05 9.98509E-05 9.98509E-05 0.0287258 9.98509E-05 9.98509E-05 9.98509E-05 9.98509E-05 9.98509E-05 9.98509E-05 9.98509E-05 9.98509E-05
9.98597E-05 9.98597E-05 9.98597E-05 0.583928 9.98597E-05 9.98597E-05 9.98597E-05 9.98597E-05 9.98597E-05 9.98597E-05 9.98597E-05 0.09013 9.98597E-05 9.98597E-05 9.98597E-05 9.98597E-05 0.15151 0.172834 9.98597E-05 9.98597E-05
9.98508E-05 9.98508E-05 9.98508E-05 9.98508E-05 9.98508E-05 9.98508E-05 9.98508E-05 9.98508E-05 9.98508E-05 9.98508E-05 9.98508E-05 0.104385 9.98508E-05 9.98508E-05 9.98508E-05 0.803779 0.0901381 9.98508E-05 9.98508E-05 9.98508E-05
9.98597E-05 9.98597E-05 9.98597E-05 9.98597E-05 9.98597E-05 9.98597E-05 9.98597E-05 9.98597E-05 9.98597E-05 9.98597E-05 9.98597E-05 0.0489778 9.98597E-05 9.98597E-05 9.98597E-05 0.500409 9.98597E-05 0.431435 9.98597E-05 0.01758
9.98595E-05 9.98595E-05 9.98595E-05 9.98595E-05 9.98595E-05 9.98595E-05 9.98595E-05 0.0139677 9.98595E-05 9.98595E-05 0.0156837 9.98595E-05 9.98595E-05 9.98595E-05 9.98595E-05 0.916839 0.0519122 9.98595E-05 9.98595E-05 9.98595E-05
9.98507E-05 9.98507E-05 9.98507E-05 9.98507E-05 9.98507E-05 9.98507E-05 9.98507E-05 9.98507E-05 9.98507E-05 9.98507E-05 9.98507E-05 0.027578 9.98507E-05 9.98507E-05 9.98507E-05 0.839917 0.130807 9.98507E-05 9.98507E-05 9.98507E-05
9.98418E-05 9.98418E-05 9.98418E-05 9.98418E-05 9.98418E-05 9.98418E-05 9.98418E-05 9.98418E-05 9.98418E-05 9.98418E-05 9.98418E-05 0.0637279 9.98418E-05 9.98418E-05 9.98418E-05 0.934475 9.98418E-05 9.98418E-05 9.98418E-05 9.98418E-05
9.98684E-05 9.98684E-05 9.98684E-05 9.98684E-05 0.0532748 9.98684E-05 9.98684E-05 9.98684E-05 0.0463851 9.98684E-05 9.98684E-05 0.142896 9.98684E-05 9.98684E-05 9.98684E-05 0.591469 0.164477 9.98684E-05 9.98684E-05 9.98684E-05
9.98684E-05 9.98684E-05 9.98684E-05 9.98684E-05 9.98684E-05 9.98684E-05 9.98684E-05 0.0141984 9.98684E-05 9.98684E-05 9.98684E-05 0.0818807 0.0227703 9.98684E-05 9.98684E-05 0.806462 0.0731905 9.98684E-05 9.98684E-05 9.98684E-05
9.98421E-05 9.98421E-05 9.98421E-05 9.98421E-05 9.98421E-05 9.98421E-05 9.98421E-05 9.98421E-05 9.98421E-05 9.98421E-05 9.98421E-05 0.184555 9.98421E-05 9.98421E-05 9.98421E-05 0.813648 9.98421E-05 9.98421E-05 9.98421E-05 9.98421E-05
9.98682E-05 9.98682E-05 9.98682E-05 9.98682E-05 9.98682E-05 9.98682E-05 9.98682E-05 9.98682E-05 0.181353 9.98682E-05 9.98682E-05 0.31391 0.0273383 9.98682E-05 9.98682E-05 0.412298 0.0636032 9.98682E-05 9.98682E-05 9.98682E-05
9.98509E-05 9.98509E-05 9.98509E-05 9.98509E-05 9.98509E-05 9.98509E-05 9.98509E-05 9.98509E-05 9.98509E-05 9.98509E-05 9.98509E-05 0.182626 9.98509E-05 9.98509E-05 9.98509E-05 0.577769 0.237908 9.98509E-05 9.98509E-05 9.98509E-05
9.98684E-05 9.98684E-05 9.98684E-05 9.98684E-05 9.98684E-05 9.98684E-05 9.98684E-05 9.98684E-05 0.18194 9.98684E-05 9.98684E-05 0.00837221 9.98684E-05 9.98684E-05 9.98684E-05 0.512158 0.0658036 0.230228 9.98684E-05 9.98684E-05
9.98684E-05 9.98684E-05 9.98684E-05 9.98684E-05 9.98684E-05 9.98684E-05 0.017304 9.98684E-05 0.0993346 9.98684E-05 9.98684E-05 9.98684E-05 9.98684E-05 9.98684E-05 9.98684E-05 0.851198 0.0226963 0.00796871 9.98684E-05 9.98684E-05
9.9851E-05 9.9851E-05 9.9851E-05 9.9851E-05 9.9851E-05 9.9851E-05 9.9851E-05 9.9851E-05 9.9851E-05 9.9851E-05 9.9851E-05 0.0051687 9.9851E-05 9.9851E-05 9.9851E-05 0.981745 9.9851E-05 0.0113886 9.9851E-05 9.9851E-05
9.98597E-05 9.98597E-05 9.98597E-05 9.98597E-05 9.98597E-05 9.98597E-05 9.98597E-05 9.98597E-05 9.98597E-05 9.98597E-05 9.98597E-05 0.105967 9.98597E-05 9.98597E-05 9.98597E-05 0.611587 0.259272 0.0215755 9.98597E-05 9.98597E-05
9.98685E-05 9.98685E-05 9.98685E-05 9.98685E-05 9.98685E-05 0.00136702 9.98685E-05 0.141676 9.98685E-05 9.98685E-05 9.98685E-05 0.0550601 9.98685E-05 9.98685E-05 9.98685E-05 0.762687 9.98685E-05 0.0377125 9.98685E-05 9.98685E-05
0.0424048 9.98859E-05 9.98859E-05 9.98859E-05 9.98859E-05 9.98859E-05 9.98859E-05 9.98859E-05 0.00506337 9.98859E-05 0.0321805 0.0251014 9.98859E-05 0.000710405 9.98859E-05 0.732727 0.160514 9.98859E-05 9.98859E-05 9.98859E-05
9.98859E-05 9.98859E-05 9.98859E-05 9.98859E-05 9.98859E-05 9.98859E-05 9.98859E-05 0.0125909 0.134671 9.98859E-05 9.98859E-05 0.0242765 0.00694365 9.98859E-05 0.0250314 0.748085 0.0471032 9.98859E-05 9.98859E-05 9.98859E-05
9.98861E-05 0.0854536 9.98861E-05 9.98861E-05 9.98861E-05 9.98861E-05 9.98861E-05 9.98861E-05 9.98861E-05 9.98861E-05 9.98861E-05 0.111887 0.0178676 0.0558275 9.98861E-05 0.709476 9.98861E-05 0.00396839 9.98861E-05 0.014221
9.98597E-05 9.98597E-05 9.98597E-05 9.98597E-05 9.98597E-05 9.98597E-05 9.98597E-05 9.98597E-05 0.0417601 9.98597E-05 0.0258522 9.98597E-05 9.98597E-05 9.98597E-05 9.98597E-05 0.905316 9.98597E-05 0.0254743 9.98597E-05 9.98597E-05
9.99035E-05 9.99035E-05 9.99035E-05 0.00289198 0.0389772 9.99035E-05 9.99035E-05 9.99035E-05 9.99035E-05 0.0390671 0.00854175 0.0204975 9.99035E-05 9.99035E-05 0.0780805 0.589942 0.0895408 0.131362 9.99035E-05 9.99035E-05
9.98771E-05 0.0189694 9.98771E-05 9.98771E-05 0.0337962 9.98771E-05 9.98771E-05 9.98771E-05 0.0376289 9.98771E-05 9.98771E-05 0.0477818 9.98771E-05 9.98771E-05 9.98771E-05 0.740901 0.119525 9.98771E-05 9.98771E-05 9.98771E-05
9.98595E-05 9.98595E-05 9.98595E-05 9.98595E-05 9.98595E-05 9.98595E-05 9.98595E-05 9.98595E-05 9.98595E-05 9.98595E-05 0.0155089 0.0237274 9.98595E-05 9.98595E-05 9.98595E-05 0.929766 0.0294003 9.98595E-05 9.98595E-05 9.98595E-05
9.98684E-05 9.98684E-05 9.98684E-05 9.98684E-05 9.98684E-05 9.98684E-05 9.98684E-05 9.98684E-05 0.0571318 9.98684E-05 9.98684E-05 0.225069 9.98684E-05 9.98684E-05 0.0475747 0.453438 0.215289 9.98684E-05 9.98684E-05 9.98684E-05
9.98509E-05 9.98509E-05 9.98509E-05 9.98509E-05 9.98509E-05 9.98509E-05 9.98509E-05 9.98509E-05 9.98509E-05 9.98509E-05 9.98509E-05 0.16732 9.98509E-05 9.98509E-05 9.98509E-05 0.746032 9.98509E-05 0.0849514 9.98509E-05 9.98509E-05
9.98683E-05 9.98683E-05 9.98683E-05 9.98683E-05 9.98683E-05 9.98683E-05 9.98683E-05 9.98683E-05 0.0636492 9.98683E-05 9.98683E-05 0.227491 9.98683E-05 9.98683E-05 0.0515043 0.440486 0.215371 9.98683E-05 9.98683E-05 9.98683E-05
9.98859E-05 9.98859E-05 9.98859E-05 0.0777418 9.98859E-05 0.021892 9.98859E-05 9.98859E-05 0.0855403 9.98859E-05 9.98859E-05 0.108869 9.98859E-05 9.98859E-05 9.98859E-05 0.375045 0.141279 0.188334 9.98859E-05 9.98859E-05
0.0676739 9.98859E-05 9.98859E-05 9.98859E-05 9.98859E-05 9.98859E-05 0.0416863 9.98859E-05 9.98859E-05 0.0583523 9.98859E-05 9.98859E-05 9.98859E-05 0.105449 9.98859E-05 0.115953 0.062122 0.547464 9.98859E-05 9.98859E-05
9.98507E-05 9.98507E-05 9.98507E-05 9.98507E-05 9.98507E-05 9.98507E-05 9.98507E-05 9.98507E-05 9.98507E-05 9.98507E-05 9.98507E-05 0.0866166 9.98507E-05 9.98507E-05 9.98507E-05 0.801437 0.110249 9.98507E-05 9.98507E-05 9.98507E-05
9.98597E-05 9.98597E-05 9.98597E-05 9.98597E-05 9.98597E-05 9.98597E-05 9.98597E-05 9.98597E-05 0.0116312 9.98597E-05 9.98597E-05 0.29312 9.98597E-05 9.98597E-05 9.98597E-05 0.545857 0.147794 9.98597E-05 9.98597E-05 9.98597E-05
9.98773E-05 0.00193559 9.98773E-05 9.98773E-05 9.98773E-05 9.98773E-05 9.98773E-05 9.98773E-05 9.98773E-05 9.98773E-05 0.0383864 9.98773E-05 9.98773E-05 9.98773E-05 0.0816679 0.738454 0.0956774 0.0424805 9.98773E-05 9.98773E-05
9.98684E-05 9.98684E-05 9.98684E-05 9.98684E-05 9.98684E-05 0.0295556 9.98684E-05 9.98684E-05 9.98684E-05 9.98684E-05 0.0335831 0.0261804 9.98684E-05 9.98684E-05 9.98684E-05 0.6864 0.222783 9.98684E-05 9.98684E-05 9.98684E-05
9.98597E-05 9.98597E-05 9.98597E-05 9.98597E-05 9.98597E-05 0.00365239 9.98597E-05 9.98597E-05 9.98597E-05 9.98597E-05 9.98597E-05 9.98597E-05 9.98597E-05 9.98597E-05 0.0151269 0.968519 0.0111044 9.98597E-05 9.98597E-05 9.98597E-05
9.9877E-05 0.157741 9.9877E-05 9.9877E-05 9.9877E-05 9.9877E-05 9.9877E-05 9.9877E-05 9.9877E-05 9.9877E-05 0.0195951 0.258095 9.9877E-05 9.9877E-05 0.133285 0.311818 0.118068 9.9877E-05 9.9877E-05 9.9877E-05
9.98595E-05 9.98595E-05 9.98595E-05 9.98595E-05 9.98595E-05 9.98595E-05 9.98595E-05 9.98595E-05 9.98595E-05 9.98595E-05 9.98595E-05 0.0267431 0.123456 9.98595E-05 9.98595E-05 0.809941 0.0382628 9.98595E-05 9.98595E-05 9.98595E-05
9.98422E-05 9.98422E-05 9.98422E-05 9.98422E-05 9.98422E-05 9.98422E-05 9.98422E-05 9.98422E-05 9.98422E-05 9.98422E-05 9.98422E-05 9.98422E-05 9.98422E-05 9.98422E-05 9.98422E-05 0.980856 0.0173464 9.98422E-05 9.98422E-05 9.98422E-05
9.98896E-05 9.98896E-05 9.98896E-05 9.98896E-05 0.0384803 0.00934665 9.98896E-05 9.98896E-05 0.0149668 9.98896E-05 0.0281901 0.0304357 9.98896E-05 9.98896E-05 9.98896E-05 0.799262 9.98896E-05 0.0780195 9.98896E-05 9.98896E-05
9.98594E-05 9.98594E-05 9.98594E-05 9.98594E-05 9.98594E-05 9.98594E-05 9.98594E-05 0.0173804 9.98594E-05 9.98594E-05 9.98594E-05 0.0703969 9.98594E-05 9.98594E-05 9.98594E-05 0.705479 0.205146 9.98594E-05 9.98594E-05 9.98594E-05
9.98507E-05 9.98507E-05 9.98507E-05 9.98507E-05 9.98507E-05 9.98507E-05 9.98507E-05 9.98507E-05 9.98507E-05 9.98507E-05 9.98507E-05 0.0869048 9.98507E-05 9.98507E-05 9.98507E-05 0.411776 9.98507E-05 0.499622 9.98507E-05 9.98507E-05
9.98597E-05 9.98597E-05 9.98597E-05 9.98597E-05 9.98597E-05 9.98597E-05 9.98597E-05 9.98597E-05 9.98597E-05 9.98597E-05 9.98597E-05 9.98597E-05 9.98597E-05 9.98597E-05 0.0439998 0.635989 0.078473 0.23994 9.98597E-05 9.98597E-05
9.98423E-05 9.98423E-05 9.98423E-05 9.98423E-05 9.98423E-05 9.98423E-05 9.98423E-05 9.98423E-05 9.98423E-05 9.98423E-05 9.98423E-05 9.98423E-05 9.98423E-05 9.98423E-05 9.98423E-05 0.745526 9.98423E-05 0.252677 9.98423E-05 9.98423E-05
9.98509E-05 9.98509E-05 9.98509E-05 9.98509E-05 9.98509E-05 9.98509E-05 9.98509E-05 9.98509E-05 9.98509E-05 9.98509E-05 9.98509E-05 9.98509E-05 9.98509E-05 9.98509E-05 0.00577922 0.634625 9.98509E-05 0.357899 9.98509E-05 9.98509E-05
9.98771E-05 0.0641609 9.98771E-05 9.98771E-05 9.98771E-05 9.98771E-05 9.98771E-05 9.98771E-05 0.0662456 9.98771E-05 0.00743263 0.0299909 9.98771E-05 9.98771E-05 9.98771E-05 0.513915 0.316857 9.98771E-05 9.98771E-05 9.98771E-05
9.98508E-05 9.98508E-05 0.0468509 9.98508E-05 9.98508E-05 9.98508E-05 9.98508E-05 9.98508E-05 9.98508E-05 9.98508E-05 9.98508E-05 0.152481 9.98508E-05 9.98508E-05 9.98508E-05 0.798971 9.98508E-05 9.98508E-05 9.98508E-05 9.98508E-05
9.98683E-05 9.98683E-05 9.98683E-05 9.98683E-05 9.98683E-05 9.98683E-05 9.98683E-05 9.98683E-05 9.98683E-05 9.98683E-05 9.98683E-05 0.146665 9.98683E-05 9.98683E-05 0.0707156 0.193144 0.069852 0.518126 9.98683E-05 9.98683E-05
9.98684E-05 9.98684E-05 9.98684E-05 9.98684E-05 9.98684E-05 9.98684E-05 0.127291 9.98684E-05 9.98684E-05 9.98684E-05 0.00413606 9.98684E-05 9.98684E-05 9.98684E-05 9.98684E-05 0.516131 0.0591135 0.291831 9.98684E-05 9.98684E-05
9.98682E-05 9.98682E-05 9.98682E-05 9.98682E-05 9.98682E-05 9.98682E-05 9.98682E-05 9.98682E-05 0.114657 9.98682E-05 9.98682E-05 0.193726 0.0117209 9.98682E-05 0.169375 0.509022 9.98682E-05 9.98682E-05 9.98682E-05 9.98682E-05
9.98684E-05 9.98684E-05 9.98684E-05 0.296468 9.98684E-05 9.98684E-05 9.98684E-05 0.00183684 9.98684E-05 9.98684E-05 9.98684E-05 0.0875518 9.98684E-05 9.98684E-05 9.98684E-05 0.526114 0.0865322 9.98684E-05 9.98684E-05 9.98684E-05
9.98861E-05 9.98861E-05 9.98861E-05 9.98861E-05 9.98861E-05 0.0583159 9.98861E-05 9.98861E-05 0.139816 0.071839 9.98861E-05 0.0690432 9.98861E-05 9.98861E-05 9.98861E-05 0.591969 0.060654 0.00706372 9.98861E-05 9.98861E-05
9.98772E-05 9.98772E-05 9.98772E-05 9.98772E-05 9.98772E-05 9.98772E-05 9.98772E-05 9.98772E-05 9.98772E-05 9.98772E-05 0.00331755 0.22006 0.0170534 9.98772E-05 0.0170345 0.520115 0.221022 9.98772E-05 9.98772E-05 9.98772E-05
9.98508E-05 9.98508E-05 9.98508E-05 9.98508E-05 9.98508E-05 9.98508E-05 9.98508E-05 9.98508E-05 9.98508E-05 9.98508E-05 9.98508E-05 9.98508E-05 9.98508E-05 9.98508E-05 9.98508E-05 0.499917 0.0302503 0.468135 9.98508E-05 9.98508E-05
9.98595E-05 9.98595E-05 9.98595E-05 9.98595E-05 0.145997 9.98595E-05 9.98595E-05 9.98595E-05 9.98595E-05 9.98595E-05 9.98595E-05 9.98595E-05 9.98595E-05 0.0239665 9.98595E-05 0.724607 0.103832 9.98595E-05 9.98595E-05 9.98595E-05
9.98509E-05 9.98509E-05 9.98509E-05 9.98509E-05 9.98509E-05 9.98509E-05 9.98509E-05 9.98509E-05 9.98509E-05 9.98509E-05 9.98509E-05 0.137216 9.98509E-05 9.98509E-05 9.98509E-05 0.333887 9.98509E-05 0.527199 9.98509E-05 9.98509E-05
9.98684E-05 9.98684E-05 9.98684E-05 9.98684E-05 9.98684E-05 9.98684E-05 9.98684E-05 9.98684E-05 9.98684E-05 9.98684E-05 0.00285953 0.0978132 9.98684E-05 9.98684E-05 9.98684E-05 0.575081 0.130741 0.192007 9.98684E-05 9.98684E-05
9.98421E-05 9.98421E-05 9.98421E-05 9.98421E-05 9.98421E-05 0.0596302 9.98421E-05 9.98421E-05 9.98421E-05 9.98421E-05 9.98421E-05 9.98421E-05 9.98421E-05 9.98421E-05 9.98421E-05 0.938573 9.98421E-05 9.98421E-05 9.98421E-05 9.98421E-05
9.98507E-05 9.98507E-05 9.98507E-05 9.98507E-05 0.0604617 9.98507E-05 9.98507E-05 9.98507E-05 9.98507E-05 9.98507E-05 0.00485533 9.98507E-05 9.98507E-05 9.98507E-05 9.98507E-05 0.932986 9.98507E-05 9.98507E-05 9.98507E-05 9.98507E-05
9.98596E-05 9.98596E-05 9.98596E-05 9.98596E-05 9.98596E-05 9.98596E-05 9.98596E-05 9.98596E-05 0.159072 9.98596E-05 9.98596E-05 0.19 9.98596E-05 9.98596E-05 9.98596E-05 0.449683 0.199647 9.98596E-05 9.98596E-05 9.98596E-05
9.98507E-05 9.98507E-05 9.98507E-05 9.98507E-05 9.98507E-05 9.98507E-05 9.98507E-05 9.98507E-05 9.98507E-05 9.98507E-05 9.98507E-05 0.128341 9.98507E-05 9.98507E-05 9.98507E-05 0.799457 0.0705042 9.98507E-05 9.98507E-05 9.98507E-05
9.98419E-05 9.98419E-05 9.98419E-05 9.98419E-05 9.98419E-05 9.98419E-05 9.98419E-05 9.98419E-05 9.98419E-05 9.98419E-05 9.98419E-05 0.0348985 9.98419E-05 9.98419E-05 9.98419E-05 0.963304 9.98419E-05 9.98419E-05 9.98419E-05 9.98419E-05
9.98684E-05 9.98684E-05 9.98684E-05 9.98684E-05 9.98684E-05 9.98684E-05 9.98684E-05 9.98684E-05 9.98684E-05 9.98684E-05 0.00579465 9.98684E-05 9.98684E-05 9.98684E-05 0.195661 0.727423 0.0552206 0.0144023 9.98684E-05 9.98684E-05
9.98684E-05 9.98684E-05 9.98684E-05 9.98684E-05 9.98684E-05 9.98684E-05 9.98684E-05 9.98684E-05 0.0189016 9.98684E-05 9.98684E-05 0.158116 9.98684E-05 9.98684E-05 9.98684E-05 0.677653 0.0140464 0.129785 9.98684E-05 9.98684E-05
9.98331E-05 9.98331E-05 9.98331E-05 9.98331E-05 9.98331E-05 9.98331E-05 9.98331E-05 9.98331E-05 9.98331E-05 9.98331E-05 9.98331E-05 9.98331E-05 9.98331E-05 9.98331E-05 9.98331E-05 9.98331E-05 0.998103 9.98331E-05 9.98331E-05 9.98331E-05
9.98329E-05 9.98329E-05 9.98329E-05 9.98329E-05 9.98329E-05 9.98329E-05 9.98329E-05 9.98329E-05 9.98329E-05 9.98329E-05 9.98329E-05 0.998103 9.98329E-05 9.98329E-05 9.98329E-05 9.98329E-05 9.98329E-05 9.98329E-05 9.98329E-05 9.98329E-05
9.9833E-05 9.9833E-05 9.9833E-05 9.9833E-05 9.9833E-05 9.9833E-05 9.9833E-05 9.9833E-05 9.9833E-05 9.9833E-05 9.9833E-05 9.9833E-05 9.9833E-05 9.9833E-05 9.9833E-05 9.9833E-05 0.998103 9.9833E-05 9.9833E-05 9.9833E-05
9.9833E-05 9.9833E-05 9.9833E-05 9.9833E-05 9.9833E-05 9.9833E-05 9.9833E-05 9.9833E-05 9.9833E-05 9.9833E-05 9.9833E-05 0.998103 9.9833E-05 9.9833E-05 9.9833E-05 9.9833E-05 9.9833E-05 9.9833E-05 9.9833E-05 9.9833E-05
9.9833E-05 9.9833E-05 9.9833E-05 9.9833E-05 9.9833E-05 9.9833E-05 9.9833E-05 9.9833E-05 9.9833E-05 9.9833E-05 9.9833E-05 0.998103 9.9833E-05 9.9833E-05 9.9833E-05 9.9833E-05 9.9833E-05 9.9833E-05 9.9833E-05 9.9833E-05
9.9833E-05 9.9833E-05 9.9833E-05 9.9833E-05 9.9833E-05 9.9833E-05 9.9833E-05 9.9833E-05 9.9833E-05 9.9833E-05 9.9833E-05 0.998103 9.9833E-05 9.9833E-05 9.9833E-05 9.9833E-05 9.9833E-05 9.9833E-05 9.9833E-05 9.9833E-05
9.9833E-05 9.9833E-05 9.9833E-05 9.9833E-05 9.9833E-05 9.9833E-05 9.9833E-05 9.9833E-05 9.9833E-05 9.9833E-05 9.9833E-05 9.9833E-05 9.9833E-05 9.9833E-05 9.9833E-05 9.9833E-05 0.998103 9.9833E-05 9.9833E-05 9.9833E-05
9.9833E-05 9.9833E-05 9.9833E-05 9.9833E-05 9.9833E-05 9.9833E-05 9.9833E-05 9.9833E-05 9.9833E-05 9.9833E-05 9.9833E-05 0.998103 9.9833E-05 9.9833E-05 9.9833E-05 9.9833E-05 9.9833E-05 9.9833E-05 9.9833E-05 9.9833E-05
9.98329E-05 9.98329E-05 9.98329E-05 9.98329E-05 9.98329E-05 9.98329E-05 9.98329E-05 9.98329E-05 9.98329E-05 9.98329E-05 9.98329E-05 0.998103 9.98329E-05 9.98329E-05 9.98329E-05 9.98329E-05 9.98329E-05 9.98329E-05 9.98329E-05 9.98329E-05
9.98329E-05 9.98329E-05 9.98329E-05 9.98329E-05 9.98329E-05 9.98329E-05 9.98329E-05 9.98329E-05 9.98329E-05 9.98329E-05 9.98329E-05 9.98329E-05 9.98329E-05 9.98329E-05 9.98329E-05 9.98329E-05 0.998103 9.98329E-05 9.98329E-05 9.98329E-05
9.98419E-05 9.98419E-05 9.98419E-05 9.98419E-05 9.98419E-05 9.98419E-05 9.98419E-05 9.98419E-05 9.98419E-05 9.98419E-05 9.98419E-05 9.98419E-05 9.98419E-05 9.98419E-05 0.00442945 9.98419E-05 0.993773 9.98419E-05 9.98419E-05 9.98419E-05
9.98329E-05 9.98329E-05 9.98329E-05 9.98329E-05 9.98329E-05 9.98329E-05 9.98329E-05 9.98329E-05 9.98329E-05 9.98329E-05 9.98329E-05 9.98329E-05 9.98329E-05 9.98329E-05 9.98329E-05 9.98329E-05 0.998103 9.98329E-05 9.98329E-05 9.98329E-05
9.98329E-05 9.98329E-05 9.98329E-05 9.98329E-05 9.98329E-05 9.98329E-05 9.98329E-05 9.98329E-05 9.98329E-05 9.98329E-05 9.98329E-05 0.998103 9.98329E-05 9.98329E-05 9.98329E-05 9.98329E-05 9.98329E-05 9.98329E-05 9.98329E-05 9.98329E-05
9.9833E-05 9.9833E-05 9.9833E-05 9.9833E-05 9.9833E-05 9.9833E-05 9.9833E-05 9.9833E-05 9.9833E-05 9.9833E-05 9.9833E-05 0.998103 9.9833E-05 9.9833E-05 9.9833E-05 9.9833E-05 9.9833E-05 9.9833E-05 9.9833E-05 9.9833E-05
9.9833E-05 9.9833E-05 9.9833E-05 9.9833E-05 9.9833E-05 9.9833E-05 9.9833E-05 9.9833E-05 9.9833E-05 9.9833E-05 9.9833E-05 9.9833E-05 9.9833E-05 9.9833E-05 9.9833E-05 9.9833E-05 0.998103 9.9833E-05 9.9833E-05 9.9833E-05
9.98329E-05 9.98329E-05 9.98329E-05 9.98329E-05 9.98329E-05 9.98329E-05 9.98329E-05 9.98329E-05 9.98329E-05 9.98329E-05 9.98329E-05 9.98329E-05 9.98329E-05 9.98329E-05 9.98329E-05 9.98329E-05 0.998103 9.98329E-05 9.98329E-05 9.98329E-05
9.9877E-05 9.9877E-05 9.9877E-05 9.9877E-05 0.135739 9.9877E-05 9.9877E-05 9.9877E-05 9.9877E-05 0.0446529 9.9877E-05 0.0322815 9.9877E-05 0.0778489 9.9877E-05 0.632389 0.0756904 9.9877E-05 9.9877E-05 9.9877E-05
9.9833E-05 9.9833E-05 9.9833E-05 9.9833E-05 9.9833E-05 9.9833E-05 9.9833E-05 9.9833E-05 9.9833E-05 9.9833E-05 9.9833E-05 9.9833E-05 9.9833E-05 9.9833E-05 9.9833E-05 9.9833E-05 0.998103 9.9833E-05 9.9833E-05 9.9833E-05
9.9833E-05 9.9833E-05 9.9833E-05 9.9833E-05 9.9833E-05 9.9833E-05 9.9833E-05 9.9833E-05 9.9833E-05 9.9833E-05 9.9833E-05 0.998103 9.9833E-05 9.9833E-05 9.9833E-05 9.9833E-05 9.9833E-05 9.9833E-05 9.9833E-05 9.9833E-05
9.98329E-05 9.98329E-05 9.98329E-05 9.98329E-05 9.98329E-05 9.98329E-05 9.98329E-05 9.98329E-05 9.98329E-05 9.98329E-05 9.98329E-05 9.98329E-05 9.98329E-05 9.98329E-05 9.98329E-05 9.98329E-05 0.998103 9.98329E-05 9.98329E-05 9.98329E-05
9.98331E-05 9.98331E-05 9.98331E-05 9.98331E-05 9.98331E-05 9.98331E-05 9.98331E-05 9.98331E-05 9.98331E-05 9.98331E-05 9.98331E-05 9.98331E-05 9.98331E-05 9.98331E-05 9.98331E-05 9.98331E-05 0.998103 9.98331E-05 9.98331E-05 9.98331E-05
9.98329E-05 9.98329E-05 9.98329E-05 9.98329E-05 9.98329E-05 9.98329E-05 9.98329E-05 9.98329E-05 9.98329E-05 9.98329E-05 9.98329E-05 9.98329E-05 9.98329E-05 9.98329E-05 9.98329E-05 9.98329E-05 0.998103 9.98329E-05 9.98329E-05 9.98329E-05
9.98329E-05 9.98329E-05 9.98329E-05 9.98329E-05 9.98329E-05 9.98329E-05 9.98329E-05 9.98329E-05 9.98329E-05 9.98329E-05 9.98329E-05 0.998103 9.98329E-05 9.98329E-05 9.98329E-05 9.98329E-05 9.98329E-05 9.98329E-05 9.98329E-05 9.98329E-05
9.98329E-05 9.98329E-05 9.98329E-05 9.98329E-05 9.98329E-05 9.98329E-05 9.98329E-05 9.98329E-05 9.98329E-05 9.98329E-05 9.98329E-05 9.98329E-05 9.98329E-05 9.98329E-05 9.98329E-05 9.98329E-05 0.998103 9.98329E-05 9.98329E-05 9.98329E-05
9.98331E-05 9.98331E-05 9.98331E-05 9.98331E-05 9.98331E-05 9.98331E-05 9.98331E-05 9.98331E-05 9.98331E-05 9.98331E-05 9.98331E-05 0.998103 9.98331E-05 9.98331E-05 9.98331E-05 9.98331E-05 9.98331E-05 9.98331E-05 9.98331E-05 9.98331E-05
9.9833E-05 9.9833E-05 9.9833E-05 9.9833E-05 9.9833E-05 9.9833E-05 9.9833E-05 9.9833E-05 9.9833E-05 9.9833E-05 9.9833E-05 9.9833E-05 9.9833E-05 9.9833E-05 9.9833E-05 9.9833E-05 0.998103 9.9833E-05 9.9833E-05 9.9833E-05
