0.00437611 0.113284 9.99824E-05 9.99824E-05 0.436367 0.028147 0.0819005 0.0945889 0.241137
0.00255643 0.0462166 9.99649E-05 9.99649E-05 0.727361 9.99649E-05 9.99649E-05 0.208704 0.0147625
0.0273282 0.0289057 9.99561E-05 9.99561E-05 0.867429 9.99561E-05 9.99561E-05 9.99561E-05 0.0758374
0.0930119 0.00379713 0.403831 0.0346223 0.342393 0.122045 9.99737E-05 9.99737E-05 9.99737E-05
9.99561E-05 9.99561E-05 0.177275 0.0217274 0.75351 9.99561E-05 9.99561E-05 0.0469881 9.99561E-05
9.99824E-05 0.00838176 0.24189 0.0733128 0.32331 0.175474 9.99824E-05 0.0918651 0.0855673
9.99649E-05 0.152722 0.269973 9.99649E-05 0.327559 9.99649E-05 9.99649E-05 0.178035 0.0713105
9.99649E-05 0.0506878 0.511864 9.99649E-05 0.218907 0.183672 0.0344697 9.99649E-05 9.99649E-05
0.107322 9.99649E-05 0.0164794 9.99649E-05 0.282027 0.281501 9.99649E-05 9.99649E-05 0.312271
9.99473E-05 9.99473E-05 9.99473E-05 9.99473E-05 0.869566 9.99473E-05 0.0242394 9.99473E-05 0.105595
9.99561E-05 0.193164 9.99561E-05 9.99561E-05 0.556878 0.0323851 9.99561E-05 9.99561E-05 0.217073
9.99473E-05 0.0184571 0.125347 9.99473E-05 0.855596 9.99473E-05 9.99473E-05 9.99473E-05 9.99473E-05
9.99473E-05 9.99473E-05 9.99473E-05 9.99473E-05 0.832455 0.0229262 9.99473E-05 9.99473E-05 0.144019
9.99649E-05 0.0947424 0.0102662 0.167209 0.629741 9.99649E-05 9.99649E-05 9.99649E-05 0.0976424
0.0119627 9.99824E-05 0.0776243 0.0850863 0.363826 0.192703 9.99824E-05 0.0422949 0.226304
9.99736E-05 9.99736E-05 0.273477 9.99736E-05 0.278079 0.238913 0.0286806 0.00500095 0.17555
9.99737E-05 0.0611465 0.0650414 0.0505956 0.610039 9.99737E-05 9.99737E-05 0.145191 0.0676864
0.115856 9.99649E-05 9.99649E-05 9.99649E-05 0.255024 0.0766316 0.208805 9.99649E-05 0.343284
9.99736E-05 0.0453172 0.177 9.99736E-05 0.330275 0.143381 0.0657156 9.99736E-05 0.238011
0.0862556 9.99385E-05 9.99385E-05 9.99385E-05 0.913045 9.99385E-05 9.99385E-05 9.99385E-05 9.99385E-05
0.112696 0.0642713 0.181287 9.99737E-05 0.452848 0.100314 9.99737E-05 9.99737E-05 0.0882836
9.99737E-05 0.0198923 0.347821 9.99737E-05 0.346745 0.217764 9.99737E-05 0.0497777 0.0176995
9.99649E-05 0.0953214 9.99649E-05 9.99649E-05 0.678778 0.0700995 9.99649E-05 0.0151187 0.140282
9.99473E-05 9.99473E-05 0.222289 9.99473E-05 0.392066 9.99473E-05 9.99473E-05 9.99473E-05 0.385045
0.132726 0.0584588 0.0264916 0.0604679 0.26033 0.108812 9.99824E-05 9.99824E-05 0.352514
9.99736E-05 0.00618157 0.13459 0.0147518 0.668157 0.0223585 9.99736E-05 9.99736E-05 0.153662
0.0298566 0.0269336 0.183267 0.167418 0.100362 0.0388545 0.129674 0.0741288 0.249504
9.99561E-05 9.99561E-05 0.167124 9.99561E-05 0.715317 9.99561E-05 9.99561E-05 0.00569369 0.111365
0.00924202 0.0786326 9.99649E-05 0.0159224 0.581915 9.99649E-05 9.99649E-05 9.99649E-05 0.313888
0.00235563 0.00301802 9.99824E-05 0.100837 0.690853 0.0830773 0.0280426 9.99824E-05 0.0916166
0.0523837 0.151122 9.99737E-05 9.99737E-05 0.672201 0.0302483 0.0304974 9.99737E-05 0.0632475
9.99737E-05 0.061101 0.154392 0.121964 0.542953 0.00308556 9.99737E-05 9.99737E-05 0.116205
9.99648E-05 0.140284 0.0338305 9.99648E-05 0.573745 0.00407158 9.99648E-05 9.99648E-05 0.247669
9.99736E-05 0.0293991 0.115351 0.0932023 0.508922 9.99736E-05 0.0329117 9.99736E-05 0.219914
0.0280312 0.10487 9.99649E-05 9.99649E-05 0.757705 9.99649E-05 9.99649E-05 0.0692327 0.0397612
0.0345685 9.99737E-05 0.082631 9.99737E-05 0.668955 0.0196368 9.99737E-05 0.143286 0.0506229
9.99386E-05 9.99386E-05 0.177854 9.99386E-05 0.821447 9.99386E-05 9.99386E-05 9.99386E-05 9.99386E-05
0.0656052 9.99649E-05 9.99649E-05 9.99649E-05 0.642208 0.145928 9.99649E-05 0.0885618 0.0572977
9.99824E-05 0.0667778 0.0944209 0.0844877 0.501572 0.00950032 9.99824E-05 0.072188 0.170853
9.99561E-05 9.99561E-05 0.188366 0.226346 0.502578 9.99561E-05 9.99561E-05 9.99561E-05 0.0822099
9.99649E-05 0.0489706 0.0440497 9.99649E-05 0.777073 0.027978 9.99649E-05 9.99649E-05 0.101529
0.0034519 0.0364495 0.0810341 9.99824E-05 0.629651 0.0430977 0.00891406 9.99824E-05 0.197202
9.99561E-05 9.99561E-05 0.0886484 0.0156013 0.858479 9.99561E-05 9.99561E-05 0.0367717 9.99561E-05
9.99649E-05 0.0962755 9.99649E-05 9.99649E-05 0.441638 0.099913 0.0341038 9.99649E-05 0.32767
0.039714 9.99561E-05 0.397253 9.99561E-05 0.255776 9.99561E-05 9.99561E-05 9.99561E-05 0.306757
0.047737 9.9956E-05 0.0843374 9.9956E-05 0.822393 9.9956E-05 9.9956E-05 9.9956E-05 0.0450331
9.99649E-05 0.00270841 9.99649E-05 9.99649E-05 0.805389 0.0186233 0.0965201 9.99649E-05 0.0763596
9.99473E-05 9.99473E-05 0.0219563 9.99473E-05 0.949432 9.99473E-05 9.99473E-05 9.99473E-05 0.0280122
9.99561E-05 0.0747528 0.092619 9.99561E-05 0.649306 9.99561E-05 9.99561E-05 9.99561E-05 0.182823
0.0337534 0.0430406 0.109684 9.99737E-05 0.679091 0.0553599 0.0787717 9.99737E-05 9.99737E-05
0.0165157 0.11826 0.0840058 0.0892933 0.290908 0.0619591 9.99824E-05 9.99824E-05 0.338858
0.0373755 9.99561E-05 0.273498 9.99561E-05 0.64832 0.0403068 9.99561E-05 9.99561E-05 9.99561E-05
9.99473E-05 9.99473E-05 9.99473E-05 9.99473E-05 0.858506 9.99473E-05 0.0770993 9.99473E-05 0.0637948
0.0517584 0.0344888 0.255736 0.00957511 0.514019 0.0169563 0.021576 9.99912E-05 0.0957901
0.00222408 9.99649E-05 0.134463 9.99649E-05 0.751927 0.00251224 9.99649E-05 9.99649E-05 0.108474
9.99561E-05 0.185472 0.00393052 0.0969005 0.713197 9.99561E-05 9.99561E-05 9.99561E-05 9.99561E-05
0.0177311 9.99824E-05 0.0744789 9.99824E-05 0.731841 0.0484809 0.0582676 0.034714 0.0342859
9.99561E-05 0.0757338 0.0163731 9.99561E-05 0.769618 9.99561E-05 9.99561E-05 9.99561E-05 0.137775
9.99649E-05 0.0884364 0.0201957 9.99649E-05 0.793658 9.99649E-05 0.00822794 9.99649E-05 0.0890821
0.00087648 0.0752909 0.00691039 9.99912E-05 0.103818 0.061088 0.101908 0.314295 0.335712
9.99562E-05 9.99562E-05 0.248323 9.99562E-05 0.33388 9.99562E-05 9.99562E-05 0.229989 0.187308
9.99649E-05 0.0504382 9.99649E-05 9.99649E-05 0.342696 9.99649E-05 0.200967 0.393606 0.0118933
9.99737E-05 0.0756667 9.99737E-05 0.170942 9.99737E-05 0.083574 0.0568563 0.435744 0.176917
0.0853127 0.113003 0.14701 9.99912E-05 0.0714929 0.114938 0.181471 0.121556 0.165116
0.00865948 0.127055 9.99824E-05 9.99824E-05 0.0207117 0.0742774 0.0150523 0.324253 0.429791
9.99736E-05 0.0810569 0.0455982 9.99736E-05 0.0371141 9.99736E-05 0.00574865 0.527413 0.302769
9.99737E-05 0.0189582 0.0372514 9.99737E-05 9.99737E-05 0.0840236 0.259075 0.3566 0.243793
9.99649E-05 9.99649E-05 0.0873686 9.99649E-05 0.21299 9.99649E-05 0.0428985 0.47134 0.185004
0.0631362 0.173069 0.0578785 9.99912E-05 0.28207 0.0734802 0.0514659 0.186263 0.112538
9.99649E-05 0.2271 9.99649E-05 9.99649E-05 9.99649E-05 0.0933507 0.0500858 0.122171 0.506893
9.99736E-05 0.155079 0.255471 9.99736E-05 9.99736E-05 0.0537299 0.0797572 0.242749 0.212914
9.99824E-05 0.153014 0.291903 0.0161277 0.0272038 0.213624 9.99824E-05 0.145699 0.152228
9.99561E-05 9.99561E-05 0.235644 9.99561E-05 0.0116802 9.99561E-05 9.99561E-05 0.322131 0.430045
9.99825E-05 0.0918991 0.0682095 0.0945781 0.240802 9.99825E-05 0.0645794 0.287929 0.151803
9.99737E-05 0.115976 0.0403376 9.99737E-05 0.269261 0.111852 9.99737E-05 0.300818 0.161456
9.99825E-05 9.99825E-05 0.220843 0.0487901 0.00922053 0.0379221 0.129719 0.23334 0.319966
9.99825E-05 0.178314 0.222448 9.99825E-05 0.129187 0.145156 0.0344866 0.126725 0.163483
9.99824E-05 0.0714817 0.00213886 9.99824E-05 0.224309 0.0611108 0.151912 0.204915 0.283932
9.99649E-05 0.08051 0.198065 9.99649E-05 9.99649E-05 9.99649E-05 0.0719216 0.15369 0.495414
9.99737E-05 0.0178435 0.112047 9.99737E-05 0.33831 9.99737E-05 0.016606 0.334901 0.179992
0.0228944 9.99736E-05 0.175653 0.073026 9.99736E-05 9.99736E-05 0.0560413 0.406229 0.265856
9.99737E-05 0.0664115 9.99737E-05 0.206294 0.148429 9.99737E-05 0.0752697 0.253511 0.249785
0.0204068 9.99824E-05 0.351491 9.99824E-05 0.178508 0.0794688 0.147507 0.114607 0.107811
9.99649E-05 0.283634 0.0757956 9.99649E-05 0.224378 0.082887 9.99649E-05 9.99649E-05 0.332906
0.00728481 0.0522267 9.99737E-05 9.99737E-05 0.344947 0.0227869 9.99737E-05 0.411879 0.160576
9.99649E-05 9.99649E-05 0.1189 9.99649E-05 0.379424 9.99649E-05 0.142377 0.275125 0.0837739
9.9965E-05 9.9965E-05 0.0960326 9.9965E-05 0.238029 9.9965E-05 0.0421849 0.383986 0.239368
9.99649E-05 9.99649E-05 9.99649E-05 9.99649E-05 0.360749 0.104575 0.245811 0.0243446 0.26412
9.9965E-05 9.9965E-05 9.9965E-05 0.132109 0.269195 0.107461 9.9965E-05 0.230216 0.260619
9.99473E-05 9.99473E-05 9.99473E-05 0.572143 9.99473E-05 0.195882 9.99473E-05 9.99473E-05 0.231375
9.99562E-05 9.99562E-05 9.99562E-05 0.920732 0.0172925 0.0263026 9.99562E-05 9.99562E-05 0.0351729
9.9956E-05 0.0941205 0.0231643 0.741739 9.9956E-05 9.9956E-05 9.9956E-05 9.9956E-05 0.140476
0.00485235 0.0460718 9.99736E-05 0.480134 9.99736E-05 0.0951349 0.00273741 9.99736E-05 0.370769
0.0860995 0.00353903 9.99736E-05 0.587257 9.99736E-05 0.228352 0.0469327 9.99736E-05 0.0475198
0.0118502 9.99648E-05 9.99648E-05 0.535207 9.99648E-05 0.196995 9.99648E-05 0.0526605 0.202888
9.99649E-05 0.0928544 9.99649E-05 0.551837 9.99649E-05 0.170761 0.0619914 9.99649E-05 0.122157
9.99473E-05 9.99473E-05 9.99473E-05 0.54325 9.99473E-05 0.388367 9.99473E-05 9.99473E-05 0.0677828
9.99648E-05 0.0400902 9.99648E-05 0.184209 9.99648E-05 0.379798 9.99648E-05 0.299878 0.0956241
9.99561E-05 0.0451441 9.99561E-05 0.34891 9.99561E-05 0.287343 9.99561E-05 9.99561E-05 0.318103
9.99561E-05 9.99561E-05 9.99561E-05 0.681567 9.99561E-05 0.0187494 9.99561E-05 0.294444 0.00473939
9.99561E-05 0.0727516 9.99561E-05 0.691936 9.99561E-05 9.99561E-05 9.99561E-05 0.118772 0.11604
9.99648E-05 0.0286152 0.00472862 0.699873 9.99648E-05 0.202232 0.0641519 9.99648E-05 9.99648E-05
9.99473E-05 9.99473E-05 9.99473E-05 0.537815 9.99473E-05 0.183192 9.99473E-05 9.99473E-05 0.278394
9.99648E-05 0.0375178 9.99648E-05 0.629592 9.99648E-05 0.106561 0.150687 9.99648E-05 0.0752423
9.99736E-05 0.0692312 9.99736E-05 0.493453 9.99736E-05 0.0547344 0.00132674 0.159939 0.221015
0.0719213 9.99648E-05 9.99648E-05 0.614933 9.99648E-05 0.0435927 9.99648E-05 0.123098 0.146056
9.99561E-05 0.0606907 0.0764412 0.62132 9.99561E-05 0.241048 9.99561E-05 9.99561E-05 9.99561E-05
0.0306651 0.122505 9.99648E-05 0.774575 9.99648E-05 0.0674135 9.99648E-05 0.00444166 9.99648E-05
0.103969 0.0153571 9.99649E-05 0.60099 9.99649E-05 0.128508 9.99649E-05 9.99649E-05 0.150776
9.99648E-05 9.99648E-05 0.0600834 0.637921 9.99648E-05 0.0803671 9.99648E-05 0.0795884 0.141641
9.99648E-05 0.0145579 9.99648E-05 0.64721 9.99648E-05 0.100468 0.0807295 9.99648E-05 0.156635
0.101051 9.99649E-05 0.00206911 0.264403 9.99649E-05 0.35885 9.99649E-05 9.99649E-05 0.273228
9.99473E-05 9.99473E-05 9.99473E-05 0.743902 9.99473E-05 0.191613 9.99473E-05 9.99473E-05 0.0638853
0.0933382 9.99561E-05 9.99561E-05 0.302674 9.99561E-05 0.305803 9.99561E-05 9.99561E-05 0.297685
9.99561E-05 9.99561E-05 9.99561E-05 0.5384 9.99561E-05 0.149178 9.99561E-05 0.11787 0.194053
0.0514152 9.99562E-05 9.99562E-05 0.839247 0.0452272 9.99562E-05 9.99562E-05 9.99562E-05 0.0636108
0.0339726 0.00916939 0.0793717 0.528147 9.99736E-05 0.143301 9.99736E-05 9.99736E-05 0.205738
9.99561E-05 9.99561E-05 9.99561E-05 0.358759 9.99561E-05 0.2802 9.99561E-05 0.09038 0.270161
0.130249 0.0869864 9.99649E-05 0.569943 9.99649E-05 0.00863398 9.99649E-05 9.99649E-05 0.203788
9.99561E-05 0.0683352 9.99561E-05 0.564498 9.99561E-05 0.0834148 9.99561E-05 9.99561E-05 0.283252
0.0488904 0.0675689 9.99561E-05 0.793826 9.99561E-05 9.99561E-05 9.99561E-05 9.99561E-05 0.0892146
0.226119 0.0288908 9.99648E-05 0.274014 9.99648E-05 0.31562 9.99648E-05 9.99648E-05 0.154956
0.0577063 0.0260597 9.99648E-05 0.544877 9.99648E-05 0.0903993 9.99648E-05 9.99648E-05 0.280557
9.99648E-05 0.0112685 9.99648E-05 0.79683 9.99648E-05 0.0890916 0.043529 9.99648E-05 0.0588812
9.99648E-05 0.076796 0.051598 0.647749 9.99648E-05 0.0936223 9.99648E-05 0.129835 9.99648E-05
9.99648E-05 0.0623901 9.99648E-05 0.462178 9.99648E-05 0.136265 0.0492435 9.99648E-05 0.289524
9.99386E-05 9.99386E-05 9.99386E-05 0.95356 9.99386E-05 0.0457406 9.99386E-05 9.99386E-05 9.99386E-05
9.99649E-05 0.0520353 9.99649E-05 0.779729 9.99649E-05 0.0191935 0.0383795 9.99649E-05 0.110263
9.99561E-05 0.00951726 9.99561E-05 0.93169 9.99561E-05 0.0395115 9.99561E-05 9.99561E-05 0.0187815
9.99474E-05 9.99474E-05 9.99474E-05 0.92608 9.99474E-05 0.00607819 9.99474E-05 0.0672419 9.99474E-05
0.0206404 0.00912957 9.99736E-05 0.304955 9.99736E-05 0.155856 9.99736E-05 0.0921203 0.416999
9.99561E-05 9.99561E-05 0.117792 0.569179 9.99561E-05 0.254612 9.99561E-05 9.99561E-05 0.0579172
9.99562E-05 9.99562E-05 9.99562E-05 0.785325 9.99562E-05 0.114347 9.99562E-05 0.0328509 0.0669769
9.99386E-05 9.99386E-05 9.99386E-05 0.930377 9.99386E-05 9.99386E-05 9.99386E-05 9.99386E-05 0.0689239
0.0957948 0.0429608 9.99824E-05 0.210663 9.99824E-05 0.288051 0.0449793 0.213756 0.103595
9.99737E-05 0.0821514 9.99737E-05 0.46882 9.99737E-05 0.124236 0.0275827 0.0794459 0.217464
0.0473321 9.99737E-05 9.99737E-05 0.409037 9.99737E-05 0.21241 0.0217687 0.169965 0.139188
0.0792199 0.0708629 9.99736E-05 0.280778 9.99736E-05 0.300219 0.00321404 9.99736E-05 0.265407
9.99386E-05 9.99386E-05 9.99386E-05 0.995534 9.99386E-05 9.99386E-05 9.99386E-05 9.99386E-05 0.00376637
9.99648E-05 0.0650839 0.233546 0.338744 9.99648E-05 0.0300021 9.99648E-05 9.99648E-05 0.332224
9.99474E-05 9.99474E-05 9.99474E-05 0.831819 9.99474E-05 0.0636179 9.99474E-05 0.103964 9.99474E-05
9.99649E-05 0.0475968 9.99649E-05 0.693995 9.99649E-05 0.10273 0.0293355 9.99649E-05 0.125943
9.99648E-05 9.99648E-05 0.118142 0.675381 9.99648E-05 0.134868 0.0070251 0.0641848 9.99648E-05
0.0425591 0.104002 9.99736E-05 0.672339 9.99736E-05 0.0259251 0.0641202 9.99736E-05 0.0907539
9.99561E-05 9.99561E-05 9.99561E-05 0.239755 9.99561E-05 0.266132 9.99561E-05 0.170548 0.323065
9.99472E-05 9.99472E-05 9.99472E-05 0.639274 9.99472E-05 0.192417 9.99472E-05 9.99472E-05 0.16771
0.016707 0.0774164 0.0617735 0.637399 9.99736E-05 0.0785629 9.99736E-05 9.99736E-05 0.127842
0.146071 9.99473E-05 9.99473E-05 0.739565 9.99473E-05 9.99473E-05 9.99473E-05 9.99473E-05 0.113765
9.99561E-05 9.99561E-05 9.99561E-05 0.674008 9.99561E-05 0.187923 9.99561E-05 0.0610275 0.0765422
9.993E-05 9.993E-05 9.993E-05 9.993E-05 9.993E-05 9.993E-05 9.993E-05 9.993E-05 0.999201
9.993E-05 9.993E-05 9.993E-05 9.993E-05 9.993E-05 0.999201 9.993E-05 9.993E-05 9.993E-05
9.993E-05 9.993E-05 9.993E-05 9.993E-05 9.993E-05 9.993E-05 9.993E-05 9.993E-05 0.999201
9.993E-05 9.993E-05 9.993E-05 9.993E-05 9.993E-05 0.999201 9.993E-05 9.993E-05 9.993E-05
9.993E-05 9.993E-05 9.993E-05 9.993E-05 9.993E-05 0.999201 9.993E-05 9.993E-05 9.993E-05
9.993E-05 9.993E-05 9.993E-05 9.993E-05 9.993E-05 0.999201 9.993E-05 9.993E-05 9.993E-05
9.993E-05 9.993E-05 9.993E-05 9.993E-05 9.993E-05 9.993E-05 9.993E-05 9.993E-05 0.999201
9.993E-05 9.993E-05 9.993E-05 9.993E-05 9.993E-05 0.999201 9.993E-05 9.993E-05 9.993E-05
9.993E-05 9.993E-05 9.993E-05 9.993E-05 9.993E-05 0.999201 9.993E-05 9.993E-05 9.993E-05
9.993E-05 9.993E-05 9.993E-05 9.993E-05 9.993E-05 9.993E-05 9.993E-05 9.993E-05 0.999201
9.993E-05 9.993E-05 9.993E-05 9.993E-05 9.993E-05 9.993E-05 9.993E-05 9.993E-05 0.999201
9.993E-05 9.993E-05 9.993E-05 9.993E-05 9.993E-05 9.993E-05 9.993E-05 9.993E-05 0.999201
9.993E-05 9.993E-05 9.993E-05 9.993E-05 9.993E-05 0.999201 9.993E-05 9.993E-05 9.993E-05
9.993E-05 9.993E-05 9.993E-05 9.993E-05 9.993E-05 0.999201 9.993E-05 9.993E-05 9.993E-05
9.993E-05 9.993E-05 9.993E-05 9.993E-05 9.993E-05 9.993E-05 9.993E-05 9.993E-05 0.999201
9.993E-05 9.993E-05 9.993E-05 9.993E-05 9.993E-05 9.993E-05 9.993E-05 9.993E-05 0.999201
0.0897273 9.99736E-05 0.175218 0.333328 9.99736E-05 0.173985 0.0150384 9.99736E-05 0.212404
9.993E-05 9.993E-05 9.993E-05 9.993E-05 9.993E-05 9.993E-05 9.993E-05 9.993E-05 0.999201
9.993E-05 9.993E-05 9.993E-05 9.993E-05 9.993E-05 0.999201 9.993E-05 9.993E-05 9.993E-05
9.993E-05 9.993E-05 9.993E-05 9.993E-05 9.993E-05 9.993E-05 9.993E-05 9.993E-05 0.999201
9.99384E-05 9.99384E-05 9.99384E-05 9.99384E-05 9.99384E-05 0.0203112 9.99384E-05 9.99384E-05 0.978989
9.993E-05 9.993E-05 9.993E-05 9.993E-05 9.993E-05 9.993E-05 9.993E-05 9.993E-05 0.999201
9.993E-05 9.993E-05 9.993E-05 9.993E-05 9.993E-05 0.999201 9.993E-05 9.993E-05 9.993E-05
9.993E-05 9.993E-05 9.993E-05 9.993E-05 9.993E-05 9.993E-05 9.993E-05 9.993E-05 0.999201
9.993E-05 9.993E-05 9.993E-05 9.993E-05 9.993E-05 0.999201 9.993E-05 9.993E-05 9.993E-05
9.993E-05 9.993E-05 9.993E-05 9.993E-05 9.993E-05 9.993E-05 9.993E-05 9.993E-05 0.999201
9.993E-05 9.993E-05 9.993E-05 9.993E-05 9.993E-05 9.993E-05 9.993E-05 9.993E-05 0.999201
9.993E-05 9.993E-05 9.993E-05 9.993E-05 9.993E-05 0.999201 9.993E-05 9.993E-05 9.993E-05
9.993E-05 9.993E-05 9.993E-05 9.993E-05 9.993E-05 0.999201 9.993E-05 9.993E-05 9.993E-05
9.993E-05 9.993E-05 9.993E-05 9.993E-05 9.993E-05 0.999201 9.993E-05 9.993E-05 9.993E-05
9.993E-05 9.993E-05 9.993E-05 9.993E-05 9.993E-05 9.993E-05 9.993E-05 9.993E-05 0.999201
9.993E-05 9.993E-05 9.993E-05 9.993E-05 9.993E-05 9.993E-05 9.993E-05 9.993E-05 0.999201
9.993E-05 9.993E-05 9.993E-05 9.993E-05 9.993E-05 9.993E-05 9.993E-05 9.993E-05 0.999201
9.993E-05 9.993E-05 9.993E-05 9.993E-05 9.993E-05 9.993E-05 9.993E-05 9.993E-05 0.999201
9.993E-05 9.993E-05 9.993E-05 9.993E-05 9.993E-05 9.993E-05 9.993E-05 9.993E-05 0.999201
9.993E-05 9.993E-05 9.993E-05 9.993E-05 9.993E-05 0.999201 9.993E-05 9.993E-05 9.993E-05
9.993E-05 9.993E-05 9.993E-05 9.993E-05 9.993E-05 0.999201 9.993E-05 9.993E-05 9.993E-05
9.993E-05 9.993E-05 9.993E-05 9.993E-05 9.993E-05 0.999201 9.993E-05 9.993E-05 9.993E-05
9.993E-05 9.993E-05 9.993E-05 9.993E-05 9.993E-05 9.993E-05 9.993E-05 9.993E-05 0.999201
9.993E-05 9.993E-05 9.993E-05 9.993E-05 9.993E-05 0.999201 9.993E-05 9.993E-05 9.993E-05
9.993E-05 9.993E-05 9.993E-05 9.993E-05 9.993E-05 0.999201 9.993E-05 9.993E-05 9.993E-05
9.993E-05 9.993E-05 9.993E-05 9.993E-05 9.993E-05 0.999201 9.993E-05 9.993E-05 9.993E-05
9.993E-05 9.993E-05 9.993E-05 9.993E-05 9.993E-05 0.999201 9.993E-05 9.993E-05 9.993E-05
9.993E-05 9.993E-05 9.993E-05 9.993E-05 9.993E-05 9.993E-05 9.993E-05 9.993E-05 0.999201
9.993E-05 9.993E-05 9.993E-05 9.993E-05 9.993E-05 0.999201 9.993E-05 9.993E-05 9.993E-05
9.993E-05 9.993E-05 9.993E-05 9.993E-05 9.993E-05 0.999201 9.993E-05 9.993E-05 9.993E-05
0.0873526 9.99824E-05 0.204797 0.362246 9.99824E-05 0.0657786 0.0201032 0.0543101 0.205212
9.993E-05 9.993E-05 9.993E-05 9.993E-05 9.993E-05 9.993E-05 9.993E-05 9.993E-05 0.999201
9.993E-05 9.993E-05 9.993E-05 9.993E-05 9.993E-05 0.999201 9.993E-05 9.993E-05 9.993E-05
9.993E-05 9.993E-05 9.993E-05 9.993E-05 9.993E-05 0.999201 9.993E-05 9.993E-05 9.993E-05
9.993E-05 9.993E-05 9.993E-05 9.993E-05 9.993E-05 0.999201 9.993E-05 9.993E-05 9.993E-05
9.993E-05 9.993E-05 9.993E-05 9.993E-05 9.993E-05 0.999201 9.993E-05 9.993E-05 9.993E-05
9.993E-05 9.993E-05 9.993E-05 9.993E-05 9.993E-05 9.993E-05 9.993E-05 9.993E-05 0.999201
9.993E-05 9.993E-05 9.993E-05 9.993E-05 9.993E-05 0.999201 9.993E-05 9.993E-05 9.993E-05
9.993E-05 9.993E-05 9.993E-05 9.993E-05 9.993E-05 9.993E-05 9.993E-05 9.993E-05 0.999201
9.993E-05 9.993E-05 9.993E-05 9.993E-05 9.993E-05 0.999201 9.993E-05 9.993E-05 9.993E-05
9.993E-05 9.993E-05 9.993E-05 9.993E-05 9.993E-05 9.993E-05 9.993E-05 9.993E-05 0.999201
9.99384E-05 9.99384E-05 9.99384E-05 9.99384E-05 9.99384E-05 0.991255 9.99384E-05 9.99384E-05 0.00804558
9.993E-05 9.993E-05 9.993E-05 9.993E-05 9.993E-05 0.999201 9.993E-05 9.993E-05 9.993E-05
9.993E-05 9.993E-05 9.993E-05 9.993E-05 9.993E-05 0.999201 9.993E-05 9.993E-05 9.993E-05
9.993E-05 9.993E-05 9.993E-05 9.993E-05 9.993E-05 0.999201 9.993E-05 9.993E-05 9.993E-05
9.993E-05 9.993E-05 9.993E-05 9.993E-05 9.993E-05 0.999201 9.993E-05 9.993E-05 9.993E-05
9.993E-05 9.993E-05 9.993E-05 9.993E-05 9.993E-05 0.999201 9.993E-05 9.993E-05 9.993E-05
9.993E-05 9.993E-05 9.993E-05 9.993E-05 9.993E-05 9.993E-05 9.993E-05 9.993E-05 0.999201
9.993E-05 9.993E-05 9.993E-05 9.993E-05 9.993E-05 9.993E-05 9.993E-05 9.993E-05 0.999201
9.993E-05 9.993E-05 9.993E-05 9.993E-05 9.993E-05 9.993E-05 9.993E-05 9.993E-05 0.999201
9.993E-05 9.993E-05 9.993E-05 9.993E-05 9.993E-05 0.999201 9.993E-05 9.993E-05 9.993E-05
9.993E-05 9.993E-05 9.993E-05 9.993E-05 9.993E-05 9.993E-05 9.993E-05 9.993E-05 0.999201
9.993E-05 9.993E-05 9.993E-05 9.993E-05 9.993E-05 9.993E-05 9.993E-05 9.993E-05 0.999201
9.993E-05 9.993E-05 9.993E-05 9.993E-05 9.993E-05 9.993E-05 9.993E-05 9.993E-05 0.999201
9.993E-05 9.993E-05 9.993E-05 9.993E-05 9.993E-05 0.999201 9.993E-05 9.993E-05 9.993E-05
9.993E-05 9.993E-05 9.993E-05 9.993E-05 9.993E-05 0.999201 9.993E-05 9.993E-05 9.993E-05
9.993E-05 9.993E-05 9.993E-05 9.993E-05 9.993E-05 0.999201 9.993E-05 9.993E-05 9.993E-05
9.993E-05 9.993E-05 9.993E-05 9.993E-05 9.993E-05 9.993E-05 9.993E-05 9.993E-05 0.999201
9.993E-05 9.993E-05 9.993E-05 9.993E-05 9.993E-05 0.999201 9.993E-05 9.993E-05 9.993E-05
9.993E-05 9.993E-05 9.993E-05 9.993E-05 9.993E-05 0.999201 9.993E-05 9.993E-05 9.993E-05
9.993E-05 9.993E-05 9.993E-05 9.993E-05 9.993E-05 9.993E-05 9.993E-05 9.993E-05 0.999201
9.993E-05 9.993E-05 9.993E-05 9.993E-05 9.993E-05 0.999201 9.993E-05 9.993E-05 9.993E-05
9.993E-05 9.993E-05 9.993E-05 9.993E-05 9.993E-05 0.999201 9.993E-05 9.993E-05 9.993E-05
9.99736E-05 0.174814 9.99736E-05 0.19838 9.99736E-05 0.117463 0.083321 0.0813458 0.344377
9.993E-05 9.993E-05 9.993E-05 9.993E-05 9.993E-05 9.993E-05 9.993E-05 9.993E-05 0.999201
9.993E-05 9.993E-05 9.993E-05 9.993E-05 9.993E-05 0.999201 9.993E-05 9.993E-05 9.993E-05
9.99649E-05 0.047233 9.99649E-05 0.410163 9.99649E-05 0.450158 0.0277385 9.99649E-05 0.0643084
0.0460014 9.99736E-05 0.0476304 0.362857 9.99736E-05 0.29473 0.0497683 9.99736E-05 0.198713
0.0120117 9.9956E-05 9.9956E-05 0.420463 9.9956E-05 0.193502 9.9956E-05 9.9956E-05 0.373524
0.0987791 9.99648E-05 0.0027361 0.584152 9.99648E-05 9.99648E-05 0.124277 9.99648E-05 0.189656
0.0989005 9.99648E-05 9.99648E-05 0.179858 9.99648E-05 0.318486 9.99648E-05 0.0817208 0.320635
9.99562E-05 9.99562E-05 9.99562E-05 0.877147 0.0367556 0.0644238 9.99562E-05 9.99562E-05 0.0211738
0.093972 9.99649E-05 0.0667949 0.290821 9.99649E-05 0.352913 9.99649E-05 9.99649E-05 0.195099
0.0363922 0.0882535 9.99736E-05 0.50794 9.99736E-05 0.196739 0.0735931 9.99736E-05 0.0967826
0.0142306 9.99561E-05 9.99561E-05 0.78986 9.99561E-05 0.183182 9.99561E-05 9.99561E-05 0.0122272
9.99473E-05 9.99473E-05 0.148415 0.643717 9.99473E-05 9.99473E-05 9.99473E-05 9.99473E-05 0.207269
9.99561E-05 0.13287 9.99561E-05 0.593237 9.99561E-05 0.0411803 9.99561E-05 9.99561E-05 0.232213
9.9956E-05 9.9956E-05 0.035769 0.341184 9.9956E-05 0.505854 9.9956E-05 9.9956E-05 0.116694
9.99649E-05 9.99649E-05 9.99649E-05 0.211231 9.99649E-05 0.269746 0.130098 0.0393112 0.349214
9.9956E-05 9.9956E-05 9.9956E-05 0.7104 9.9956E-05 0.0498342 0.133217 9.9956E-05 0.106049
9.9956E-05 0.0588172 9.9956E-05 0.485964 9.9956E-05 0.159263 9.9956E-05 9.9956E-05 0.295456
9.99649E-05 0.0487429 9.99649E-05 0.35835 9.99649E-05 0.32965 9.99649E-05 0.0747483 0.18811
9.99474E-05 9.99474E-05 9.99474E-05 0.695189 9.99474E-05 0.178924 9.99474E-05 9.99474E-05 0.125287
9.99736E-05 0.0759242 0.0366997 0.308435 9.99736E-05 0.0876936 9.99736E-05 0.023791 0.467157
0.168027 0.0970149 9.99648E-05 0.406481 9.99648E-05 0.123472 9.99648E-05 0.204606 9.99648E-05
9.99648E-05 9.99648E-05 0.117348 0.420107 9.99648E-05 0.177874 0.0115181 9.99648E-05 0.272753
0.0643668 9.99736E-05 0.0192418 0.574689 9.99736E-05 0.159271 9.99736E-05 0.03488 0.147252
9.99649E-05 0.0163715 9.99649E-05 0.629139 9.99649E-05 0.279006 0.0729124 9.99649E-05 0.00217117
0.0547115 0.035118 0.067771 0.432164 9.99824E-05 0.185425 0.0280251 9.99824E-05 0.196586
0.0439497 9.9956E-05 9.9956E-05 0.573159 9.9956E-05 0.191429 9.9956E-05 9.9956E-05 0.190963
0.0136891 9.99648E-05 9.99648E-05 0.708728 9.99648E-05 0.0247994 0.147902 9.99648E-05 0.104482
9.99473E-05 9.99473E-05 9.99473E-05 0.924342 9.99473E-05 0.00444754 9.99473E-05 0.0706113 9.99473E-05
0.0230134 9.99824E-05 0.0224127 0.553668 9.99824E-05 0.0988725 0.0260516 0.0417212 0.234061
0.0204438 9.99649E-05 0.116684 0.252298 9.99649E-05 0.254136 9.99649E-05 9.99649E-05 0.356037
0.0491004 9.99648E-05 0.0431119 0.684939 9.99648E-05 9.99648E-05 0.0797162 9.99648E-05 0.142733
0.174792 0.0148198 9.99736E-05 0.461359 9.99736E-05 0.173126 0.0917682 9.99736E-05 0.0838355
9.99648E-05 0.0318045 0.0746225 0.265304 9.99648E-05 0.418686 9.99648E-05 9.99648E-05 0.209183
9.99648E-05 0.0190576 9.99648E-05 0.5309 9.99648E-05 0.236479 9.99648E-05 0.0474038 0.16576
9.9956E-05 9.9956E-05 9.9956E-05 0.395597 9.9956E-05 0.151216 9.9956E-05 0.175401 0.277286
9.99648E-05 0.0418453 9.99648E-05 0.443042 9.99648E-05 0.225902 0.0434934 9.99648E-05 0.245318
9.99736E-05 0.104487 0.0333808 0.426411 9.99736E-05 0.19927 0.0606099 9.99736E-05 0.175542
0.00612198 9.9956E-05 9.9956E-05 0.627895 9.9956E-05 0.0415545 9.9956E-05 9.9956E-05 0.323928
9.993E-05 9.993E-05 9.993E-05 0.999201 9.993E-05 9.993E-05 9.993E-05 9.993E-05 9.993E-05
9.99736E-05 0.10036 0.239242 0.339484 9.99736E-05 0.0023659 9.99736E-05 0.0943352 0.223913
0.0228648 0.139578 0.055959 0.653323 9.99824E-05 0.0584204 0.000143462 9.99824E-05 0.0695114
9.9956E-05 9.9956E-05 0.181587 0.444107 9.9956E-05 0.223288 9.9956E-05 9.9956E-05 0.150517
9.99648E-05 0.0227127 9.99648E-05 0.445441 9.99648E-05 0.125153 0.0253667 9.99648E-05 0.380927
0.105719 0.0205222 0.0132871 0.597104 9.99737E-05 0.132943 9.99737E-05 9.99737E-05 0.130125
0.0451863 9.99648E-05 0.149124 0.362224 9.99648E-05 0.246945 9.99648E-05 9.99648E-05 0.196121
9.99649E-05 9.99649E-05 9.99649E-05 0.265285 9.99649E-05 0.583641 0.0136403 0.0408678 0.0961665
9.996E-05 9.996E-05 9.996E-05 0.165208 9.996E-05 0.37357 0.0125585 0.088563 0.3597
9.99648E-05 0.027458 9.99648E-05 0.603673 9.99648E-05 0.185988 0.0156475 9.99648E-05 0.166834
9.993E-05 9.993E-05 9.993E-05 0.999201 9.993E-05 9.993E-05 9.993E-05 9.993E-05 9.993E-05
9.99649E-05 0.0730471 0.0375357 0.487775 9.99649E-05 0.308431 9.99649E-05 9.99649E-05 0.0928114
9.99474E-05 9.99474E-05 0.000963468 0.991358 9.99474E-05 9.99474E-05 0.00707885 9.99474E-05 9.99474E-05
9.99736E-05 0.0189208 0.128204 0.24817 9.99736E-05 0.175305 9.99736E-05 0.253779 0.175322
9.99386E-05 9.99386E-05 9.99386E-05 0.838037 9.99386E-05 9.99386E-05 9.99386E-05 0.161264 9.99386E-05
9.99649E-05 0.0209038 0.0713109 0.510026 9.99649E-05 9.99649E-05 0.0184618 9.99649E-05 0.378898
9.99648E-05 0.00184993 0.198075 0.220532 9.99648E-05 9.99648E-05 9.99648E-05 0.217467 0.361676
9.9956E-05 9.9956E-05 9.9956E-05 0.489451 9.9956E-05 0.19423 9.9956E-05 0.1776 0.138219
9.99648E-05 9.99648E-05 0.207238 0.663991 9.99648E-05 0.0887715 0.0299591 9.99648E-05 0.00964007
0.016143 9.99561E-05 9.99561E-05 0.528194 9.99561E-05 0.375457 9.99561E-05 9.99561E-05 0.0797064
9.99474E-05 9.99474E-05 9.99474E-05 0.72928 9.99474E-05 9.99474E-05 9.99474E-05 0.0401232 0.229997
9.99385E-05 9.99385E-05 9.99385E-05 0.803159 9.99385E-05 0.196142 9.99385E-05 9.99385E-05 9.99385E-05
0.041618 9.99561E-05 9.99561E-05 0.455369 9.99561E-05 0.270368 9.99561E-05 9.99561E-05 0.232145
9.996E-05 9.996E-05 9.996E-05 0.411751 9.996E-05 0.225792 0.0512442 0.0666067 0.244206
9.993E-05 9.993E-05 9.993E-05 0.999201 9.993E-05 9.993E-05 9.993E-05 9.993E-05 9.993E-05
9.99474E-05 9.99474E-05 9.99474E-05 0.851936 9.99474E-05 0.0856546 9.99474E-05 9.99474E-05 0.0618095
0.0304385 0.0210569 9.99649E-05 0.793216 9.99649E-05 0.0255258 9.99649E-05 9.99649E-05 0.129363
9.99561E-05 0.0692483 9.99561E-05 0.621856 9.99561E-05 0.111927 9.99561E-05 9.99561E-05 0.196468
0.0699178 0.0553165 9.99648E-05 0.598883 9.99648E-05 0.182927 9.99648E-05 9.99648E-05 0.0925556
9.99561E-05 9.99561E-05 0.057941 0.612469 9.99561E-05 0.290857 9.99561E-05 9.99561E-05 0.0382333
9.99474E-05 9.99474E-05 9.99474E-05 0.911099 9.99474E-05 0.0692222 9.99474E-05 9.99474E-05 0.0190788
0.0222899 0.012912 9.99736E-05 0.393922 9.99736E-05 0.184863 9.99736E-05 0.108498 0.277215
9.9956E-05 0.0476679 9.9956E-05 0.470097 9.9956E-05 0.0250551 9.9956E-05 9.9956E-05 0.45668
9.99474E-05 9.99474E-05 9.99474E-05 0.760895 9.99474E-05 9.99474E-05 9.99474E-05 0.221808 0.0166973
0.0175126 9.99649E-05 9.99649E-05 0.437882 9.99649E-05 0.0406884 9.99649E-05 0.25714 0.246377
9.99562E-05 9.99562E-05 9.99562E-05 0.707289 0.0538614 9.99562E-05 9.99562E-05 0.107175 0.131175
9.99473E-05 9.99473E-05 9.99473E-05 0.421481 9.99473E-05 0.289414 9.99473E-05 9.99473E-05 0.288505
0.0604772 9.99737E-05 0.0393714 0.498264 9.99737E-05 9.99737E-05 0.111383 0.251077 0.039127
9.99473E-05 9.99473E-05 9.99473E-05 0.871923 9.99473E-05 9.99473E-05 9.99473E-05 0.0359734 0.0915043
0.0146632 9.99649E-05 9.99649E-05 0.614594 9.99649E-05 0.0925307 9.99649E-05 0.263747 0.0140645
9.99474E-05 9.99474E-05 9.99474E-05 0.815624 0.0343599 9.99474E-05 9.99474E-05 0.149417 9.99474E-05
9.99472E-05 0.0129965 9.99472E-05 0.748474 9.99472E-05 9.99472E-05 9.99472E-05 9.99472E-05 0.23793
9.99386E-05 9.99386E-05 9.99386E-05 0.750775 9.99386E-05 9.99386E-05 9.99386E-05 0.248525 9.99386E-05
9.99648E-05 0.101774 9.99648E-05 0.350633 9.99648E-05 0.407442 9.99648E-05 0.0751918 0.0645591
0.103928 9.99648E-05 0.0468176 0.545096 9.99648E-05 0.231241 9.99648E-05 9.99648E-05 0.0725175
0.0848478 0.0494426 0.093808 0.446498 9.99824E-05 0.222416 0.0426059 9.99824E-05 0.0601811
9.99386E-05 9.99386E-05 9.99386E-05 0.864731 9.99386E-05 9.99386E-05 9.99386E-05 0.134569 9.99386E-05
9.99561E-05 0.0646986 9.99561E-05 0.600044 9.99561E-05 0.288995 9.99561E-05 0.0457625 9.99561E-05
0.231443 9.99561E-05 9.99561E-05 0.410111 9.99561E-05 0.19676 9.99561E-05 0.161186 9.99561E-05
9.99649E-05 0.0299702 9.99649E-05 0.772335 9.99649E-05 0.00450132 9.99649E-05 0.151798 0.0409962
9.99648E-05 0.0082457 9.99648E-05 0.557927 9.99648E-05 0.0120777 0.139946 9.99648E-05 0.281403
9.99648E-05 0.0106982 9.99648E-05 0.340649 9.99648E-05 0.422797 0.0291374 9.99648E-05 0.196318
9.99561E-05 0.0857919 9.99561E-05 0.487201 9.99561E-05 0.138527 9.99561E-05 9.99561E-05 0.287981
0.0834157 0.0511735 9.99648E-05 0.311439 9.99648E-05 0.255534 9.99648E-05 9.99648E-05 0.298038
0.214704 9.99649E-05 9.99649E-05 0.45838 9.99649E-05 0.0892636 9.99649E-05 0.137219 0.100033
9.99648E-05 9.99648E-05 9.99648E-05 0.251918 9.99648E-05 0.127187 0.125737 0.151024 0.343735
9.99737E-05 9.99737E-05 9.99737E-05 0.221044 0.0225326 0.313443 0.0729453 0.0478814 0.321854
0.144001 0.140368 0.00674899 0.345828 9.99824E-05 0.0468271 9.99824E-05 0.259468 0.0565587
9.99474E-05 9.99474E-05 9.99474E-05 0.595713 9.99474E-05 0.252999 9.99474E-05 0.150689 9.99474E-05
9.99561E-05 9.99561E-05 9.99561E-05 0.75324 9.99561E-05 0.013257 9.99561E-05 0.177927 0.0550755
0.00713892 9.9956E-05 0.193537 0.472537 9.9956E-05 0.326287 9.9956E-05 9.9956E-05 9.9956E-05
9.99736E-05 0.110275 0.0600349 0.401188 9.99736E-05 0.0698189 9.99736E-05 0.00198277 0.3564
9.99561E-05 0.0226646 9.99561E-05 0.444116 9.99561E-05 9.99561E-05 0.0424416 9.99561E-05 0.490278
9.99649E-05 9.99649E-05 0.157337 0.155671 9.99649E-05 0.179469 9.99649E-05 0.037481 0.469643
0.111408 0.0501757 0.110744 0.363105 9.99736E-05 0.239334 0.124934 9.99736E-05 9.99736E-05
9.99561E-05 0.0407097 9.99561E-05 0.407195 9.99561E-05 0.0810959 9.99561E-05 9.99561E-05 0.4705
0.169878 0.0702551 9.99824E-05 0.22782 9.99824E-05 0.219844 0.102981 0.208419 0.000603822
9.99562E-05 9.99562E-05 9.99562E-05 0.728686 0.0488257 0.10649 9.99562E-05 0.115499 9.99562E-05
0.0145715 9.99737E-05 9.99737E-05 0.700682 9.99737E-05 0.0700827 0.0351244 0.114162 0.0650769
9.99561E-05 9.99561E-05 9.99561E-05 0.51117 9.99561E-05 0.166527 9.99561E-05 0.11512 0.206684
9.9956E-05 9.9956E-05 9.9956E-05 0.34296 9.9956E-05 9.9956E-05 0.177841 0.230829 0.24787
9.99386E-05 9.99386E-05 9.99386E-05 0.838558 9.99386E-05 9.99386E-05 9.99386E-05 0.160742 9.99386E-05
9.99387E-05 9.99387E-05 9.99387E-05 0.856335 9.99387E-05 9.99387E-05 9.99387E-05 0.142966 9.99387E-05
0.05607 0.0346267 9.99736E-05 0.684966 9.99736E-05 0.115433 0.075959 0.0326452 9.99736E-05
0.0116892 9.99648E-05 9.99648E-05 0.696158 9.99648E-05 0.108929 0.0299541 9.99648E-05 0.15287
9.99473E-05 0.0635289 9.99473E-05 0.726344 9.99473E-05 9.99473E-05 9.99473E-05 9.99473E-05 0.209527
9.99649E-05 9.99649E-05 0.0992207 0.454141 9.99649E-05 0.0907458 0.0685231 9.99649E-05 0.286969
0.0650644 9.99649E-05 0.129527 0.404869 9.99649E-05 0.138887 9.99649E-05 9.99649E-05 0.261253
0.110093 0.147146 9.99648E-05 0.252231 9.99648E-05 9.99648E-05 9.99648E-05 0.0800765 0.410054
9.99473E-05 9.99473E-05 9.99473E-05 0.504022 9.99473E-05 0.384782 9.99473E-05 0.110597 9.99473E-05
0.0136986 9.99648E-05 9.99648E-05 0.555539 9.99648E-05 0.226752 9.99648E-05 0.0227175 0.180893
0.0157302 0.0413584 9.99736E-05 0.434315 9.99736E-05 0.0600225 0.130509 9.99736E-05 0.317765
0.0469056 0.0185101 9.99649E-05 0.893414 9.99649E-05 0.0288902 9.99649E-05 9.99649E-05 0.0118802
0.0402871 0.0653999 0.14117 0.275489 9.99736E-05 9.99736E-05 9.99736E-05 0.0929465 0.384407
0.0240493 0.0595097 9.99648E-05 0.559714 9.99648E-05 9.99648E-05 0.0569631 9.99648E-05 0.299364
9.99648E-05 0.120712 9.99648E-05 0.3572 9.99648E-05 0.196507 0.0103743 9.99648E-05 0.314807
9.99648E-05 9.99648E-05 0.0950097 0.357839 9.99648E-05 0.0633824 9.99648E-05 0.255836 0.227533
9.99649E-05 0.118527 0.0802413 0.456668 9.99649E-05 0.270229 9.99649E-05 9.99649E-05 0.073935
9.99474E-05 9.99474E-05 9.99474E-05 0.545792 9.99474E-05 0.0231408 9.99474E-05 0.430467 9.99474E-05
9.99648E-05 0.211487 9.99648E-05 0.391159 9.99648E-05 0.161622 0.0384448 9.99648E-05 0.196887
0.0168242 9.99561E-05 9.99561E-05 0.86158 9.99561E-05 9.99561E-05 9.99561E-05 0.00826803 0.112828
9.99474E-05 9.99474E-05 9.99474E-05 0.677395 9.99474E-05 0.0316666 9.99474E-05 0.290338 9.99474E-05
0.00192889 0.112258 0.0850792 0.390201 9.99824E-05 0.246396 9.99824E-05 0.00178292 0.162154
0.0685536 0.0121222 0.0253129 0.428562 9.99824E-05 0.174336 9.99824E-05 0.154528 0.136386
9.99649E-05 0.0580634 0.166397 9.99649E-05 9.99649E-05 0.165491 9.99649E-05 0.380922 0.228727
9.99649E-05 0.0636063 0.146621 9.99649E-05 9.99649E-05 0.0151358 9.99649E-05 0.524541 0.249696
0.00454765 0.0218701 0.226329 9.99736E-05 9.99736E-05 0.0779069 9.99736E-05 0.444774 0.224272
9.9965E-05 0.0894385 0.167431 0.10878 9.9965E-05 9.9965E-05 9.9965E-05 0.525537 0.108413
0.0666847 0.0363472 0.115437 0.0482009 9.99912E-05 0.0336439 0.100282 0.45575 0.143554
9.99825E-05 0.000588104 0.0363729 0.041533 0.219346 0.0437125 9.99825E-05 0.42585 0.232397
9.99649E-05 0.08954 0.0754898 9.99649E-05 9.99649E-05 0.16174 9.99649E-05 0.132297 0.540534
0.00176805 0.0797739 0.16905 9.99649E-05 9.99649E-05 9.99649E-05 9.99649E-05 0.65177 0.0972383
9.99737E-05 0.0766297 0.0690081 0.0151119 0.174176 9.99737E-05 0.00588444 0.65889 9.99737E-05
9.99648E-05 0.00398605 0.136245 9.99648E-05 9.99648E-05 0.0800252 9.99648E-05 0.573331 0.206013
0.00854541 0.146632 0.137189 0.0217265 9.99824E-05 0.0652037 9.99824E-05 0.208404 0.4121
0.174434 0.0648715 9.99737E-05 0.00776018 0.0470544 9.99737E-05 9.99737E-05 0.374083 0.331497
9.99561E-05 9.99561E-05 0.285529 9.99561E-05 9.99561E-05 0.0749968 9.99561E-05 0.268563 0.370411
9.99474E-05 9.99474E-05 9.99474E-05 9.99474E-05 0.274193 9.99474E-05 9.99474E-05 0.60409 0.121117
9.99912E-05 0.185229 0.0841907 0.0846593 0.00887805 0.00638884 0.0439716 0.232196 0.354387
9.99649E-05 0.010718 0.244692 9.99649E-05 9.99649E-05 0.144088 9.99649E-05 0.400284 0.199818
9.99561E-05 0.154427 0.0550247 9.99561E-05 9.99561E-05 9.99561E-05 9.99561E-05 0.489277 0.300771
0.0274063 9.99561E-05 0.134504 9.99561E-05 9.99561E-05 9.99561E-05 9.99561E-05 0.515598 0.321992
0.0924121 0.156993 0.114227 9.99825E-05 9.99825E-05 0.0904012 0.00747577 0.416476 0.121815
9.99561E-05 9.99561E-05 0.216982 9.99561E-05 9.99561E-05 0.131229 9.99561E-05 0.438885 0.212404
9.99561E-05 0.183341 9.99561E-05 9.99561E-05 9.99561E-05 0.0726923 9.99561E-05 0.316197 0.427269
9.99825E-05 0.0618031 0.135412 0.00394059 0.102615 0.0608954 9.99825E-05 0.364684 0.27045
0.0436778 0.105862 0.0468354 9.99825E-05 0.0468382 0.16486 9.99825E-05 0.124761 0.466966
9.99384E-05 9.99384E-05 9.99384E-05 9.99384E-05 9.99384E-05 0.0427525 9.99384E-05 0.956548 9.99384E-05
9.99384E-05 9.99384E-05 9.99384E-05 9.99384E-05 9.99384E-05 0.064963 9.99384E-05 0.934337 9.99384E-05
9.99472E-05 9.99472E-05 9.99472E-05 9.99472E-05 9.99472E-05 0.092529 9.99472E-05 0.898766 0.00810517
9.99472E-05 9.99472E-05 9.99472E-05 9.99472E-05 9.99472E-05 0.0426568 9.99472E-05 0.841157 0.115587
9.993E-05 9.993E-05 9.993E-05 9.993E-05 9.993E-05 9.993E-05 9.993E-05 0.999201 9.993E-05
9.99473E-05 9.99473E-05 9.99473E-05 9.99473E-05 9.99473E-05 0.054058 9.99473E-05 0.936894 0.00844809
9.99472E-05 9.99472E-05 9.99472E-05 9.99472E-05 9.99472E-05 0.0493873 0.0266932 0.92332 9.99472E-05
9.99385E-05 9.99385E-05 9.99385E-05 9.99385E-05 9.99385E-05 9.99385E-05 9.99385E-05 0.942356 0.0569448
9.99473E-05 9.99473E-05 9.99473E-05 9.99473E-05 9.99473E-05 0.0513207 9.99473E-05 0.797343 0.150736
9.9956E-05 0.086781 9.9956E-05 9.9956E-05 9.9956E-05 0.166675 9.9956E-05 0.707416 0.0386276
0.000933343 9.99472E-05 9.99472E-05 9.99472E-05 9.99472E-05 9.99472E-05 0.0413215 0.957145 9.99472E-05
9.993E-05 9.993E-05 9.993E-05 9.993E-05 9.993E-05 9.993E-05 9.993E-05 0.999201 9.993E-05
9.99472E-05 9.99472E-05 9.99472E-05 9.99472E-05 9.99472E-05 0.195841 9.99472E-05 0.719051 0.0845087
9.993E-05 9.993E-05 9.993E-05 9.993E-05 9.993E-05 9.993E-05 9.993E-05 0.999201 9.993E-05
9.993E-05 9.993E-05 9.993E-05 9.993E-05 9.993E-05 9.993E-05 9.993E-05 0.999201 9.993E-05
9.99385E-05 9.99385E-05 9.99385E-05 9.99385E-05 9.99385E-05 0.0311076 9.99385E-05 0.968193 9.99385E-05
9.99384E-05 9.99384E-05 9.99384E-05 9.99384E-05 9.99384E-05 9.99384E-05 0.0548708 0.94443 9.99384E-05
9.99385E-05 9.99385E-05 9.99385E-05 9.99385E-05 9.99385E-05 0.00444729 9.99385E-05 0.994853 9.99385E-05
9.99384E-05 9.99384E-05 9.99384E-05 9.99384E-05 9.99384E-05 0.0546308 9.99384E-05 0.94467 9.99384E-05
9.99385E-05 0.0103768 9.99385E-05 9.99385E-05 9.99385E-05 9.99385E-05 9.99385E-05 0.988924 9.99385E-05
9.99472E-05 9.99472E-05 9.99472E-05 9.99472E-05 9.99472E-05 0.21911 9.99472E-05 0.70906 0.0712309
9.993E-05 9.993E-05 9.993E-05 9.993E-05 9.993E-05 9.993E-05 9.993E-05 0.999201 9.993E-05
9.99472E-05 9.99472E-05 9.99472E-05 9.99472E-05 9.99472E-05 0.187573 9.99472E-05 0.641484 0.170343
0.11535 9.99561E-05 9.99561E-05 0.7482 9.99561E-05 9.99561E-05 9.99561E-05 0.0884763 0.0474736
9.993E-05 9.993E-05 9.993E-05 9.993E-05 9.993E-05 9.993E-05 9.993E-05 0.999201 9.993E-05
9.993E-05 9.993E-05 9.993E-05 9.993E-05 9.993E-05 9.993E-05 9.993E-05 0.999201 9.993E-05
9.99648E-05 0.0697322 0.0213741 9.99648E-05 9.99648E-05 0.0108656 9.99648E-05 0.669516 0.228112
9.99384E-05 9.99384E-05 9.99384E-05 9.99384E-05 9.99384E-05 9.99384E-05 9.99384E-05 0.966115 0.0331855
9.99472E-05 9.99472E-05 9.99472E-05 9.99472E-05 9.99472E-05 0.177651 9.99472E-05 0.752165 0.0695845
9.993E-05 9.993E-05 9.993E-05 9.993E-05 9.993E-05 9.993E-05 9.993E-05 0.999201 9.993E-05
9.99381E-05 9.99381E-05 9.99381E-05 9.99381E-05 9.99381E-05 9.99381E-05 9.99381E-05 0.9992 9.99381E-05
0.0155459 9.99473E-05 9.99473E-05 9.99473E-05 9.99473E-05 9.99473E-05 9.99473E-05 0.850506 0.133348
9.99473E-05 9.99473E-05 9.99473E-05 9.99473E-05 9.99473E-05 0.0155763 0.0259954 0.957829 9.99473E-05
9.99473E-05 9.99473E-05 9.99473E-05 9.99473E-05 9.99473E-05 0.0261825 9.99473E-05 0.969729 0.0034886
9.99384E-05 9.99384E-05 9.99384E-05 9.99384E-05 9.99384E-05 0.070484 9.99384E-05 0.928816 9.99384E-05
9.99384E-05 9.99384E-05 9.99384E-05 9.99384E-05 9.99384E-05 9.99384E-05 9.99384E-05 0.894979 0.104321
9.99472E-05 9.99472E-05 9.99472E-05 9.99472E-05 9.99472E-05 0.0878475 9.99472E-05 0.844291 0.0672617
9.993E-05 9.993E-05 9.993E-05 9.993E-05 9.993E-05 9.993E-05 9.993E-05 0.999201 9.993E-05
9.9956E-05 9.9956E-05 0.0453998 9.9956E-05 9.9956E-05 0.0698685 9.9956E-05 0.816571 0.0676605
9.993E-05 9.993E-05 9.993E-05 9.993E-05 9.993E-05 9.993E-05 9.993E-05 0.999201 9.993E-05
9.993E-05 9.993E-05 9.993E-05 9.993E-05 9.993E-05 9.993E-05 9.993E-05 0.999201 9.993E-05
