0.0239771 0.0314406 0.142013 9.99385E-05 9.99385E-05 9.99385E-05 9.99385E-05 9.99385E-05 9.99385E-05 0.14198 9.99385E-05 0.466682 0.193208
9.99385E-05 0.0281279 0.167941 9.99385E-05 9.99385E-05 0.00478753 9.99385E-05 9.99385E-05 9.99385E-05 0.0520314 0.0601154 0.686297 9.99385E-05
9.99209E-05 9.99209E-05 9.99209E-05 9.99209E-05 9.99209E-05 0.000129915 9.99209E-05 0.115615 9.99209E-05 0.0443789 9.99209E-05 0.838977 9.99209E-05
9.99474E-05 0.0545529 9.99474E-05 0.306786 0.0506439 9.99474E-05 9.99474E-05 0.191899 0.075166 0.0869889 9.99474E-05 0.233364 9.99474E-05
9.99297E-05 9.99297E-05 0.000852968 0.0021226 9.99297E-05 9.99297E-05 9.99297E-05 0.146104 0.0101476 9.99297E-05 9.99297E-05 0.839973 9.99297E-05
9.99473E-05 0.0301892 0.139358 0.14734 9.99473E-05 9.99473E-05 9.99473E-05 0.124732 0.178216 0.0557188 9.99473E-05 0.323846 9.99473E-05
0.0660127 0.173687 0.226517 0.277976 9.99386E-05 9.99386E-05 0.00456253 9.99386E-05 9.99386E-05 9.99386E-05 9.99386E-05 0.250545 9.99386E-05
9.995E-05 0.0316341 9.995E-05 0.0868946 9.995E-05 0.0192741 0.0575781 0.1931 0.234174 9.995E-05 9.995E-05 0.253013 0.123832
0.168618 9.99386E-05 9.99386E-05 9.99386E-05 9.99386E-05 9.99386E-05 9.99386E-05 0.0347472 0.256995 0.286771 0.0411987 0.21097 9.99386E-05
9.99122E-05 9.99122E-05 9.99122E-05 9.99122E-05 9.99122E-05 0.037435 9.99122E-05 9.99122E-05 9.99122E-05 0.159587 9.99122E-05 0.801978 9.99122E-05
0.0595569 0.0603732 9.99473E-05 0.0805372 9.99473E-05 9.99473E-05 0.0233952 9.99473E-05 0.015149 0.313286 9.99473E-05 0.447103 9.99473E-05
9.99297E-05 0.0369535 9.99297E-05 0.059556 9.99297E-05 9.99297E-05 0.0299798 0.0140388 9.99297E-05 9.99297E-05 9.99297E-05 0.858672 9.99297E-05
9.99122E-05 0.0343747 9.99122E-05 9.99122E-05 9.99122E-05 9.99122E-05 9.99122E-05 9.99122E-05 9.99122E-05 0.145617 9.99122E-05 0.819009 9.99122E-05
9.99298E-05 0.0689362 9.99298E-05 9.99298E-05 0.140326 9.99298E-05 0.0518265 9.99298E-05 9.99298E-05 0.0803858 9.99298E-05 0.657726 9.99298E-05
0.161136 9.99473E-05 0.029301 9.99473E-05 0.119523 9.99473E-05 9.99473E-05 9.99473E-05 0.182254 0.205758 0.0138556 0.287573 9.99473E-05
9.99385E-05 9.99385E-05 9.99385E-05 0.209034 9.99385E-05 9.99385E-05 0.106319 9.99385E-05 0.226536 0.154845 9.99385E-05 0.271355 0.0312106
9.99474E-05 0.0279712 0.124693 9.99474E-05 0.0258792 9.99474E-05 0.115607 9.99474E-05 9.99474E-05 0.0606492 9.99474E-05 0.626881 0.0177195
0.0793534 9.99386E-05 9.99386E-05 9.99386E-05 9.99386E-05 0.184086 9.99386E-05 9.99386E-05 0.108944 0.292001 0.0696229 0.265293 9.99386E-05
9.993E-05 0.0576978 9.993E-05 0.210378 9.993E-05 9.993E-05 9.993E-05 9.993E-05 0.178645 0.278996 9.993E-05 0.264843 0.00874134
9.9921E-05 9.9921E-05 9.9921E-05 9.9921E-05 9.9921E-05 9.9921E-05 9.9921E-05 9.9921E-05 0.00325903 0.0011895 0.0688826 0.92577 9.9921E-05
0.047665 0.104103 9.99474E-05 0.136701 9.99474E-05 9.99474E-05 9.99474E-05 0.134626 0.116733 9.99474E-05 0.0221468 0.437426 9.99474E-05
9.99561E-05 0.0160915 0.043827 0.167036 9.99561E-05 0.0184164 9.99561E-05 0.183091 0.221388 0.0174758 9.99561E-05 0.332175 9.99561E-05
9.9921E-05 0.0988652 0.0542907 9.9921E-05 9.9921E-05 9.9921E-05 9.9921E-05 9.9921E-05 9.9921E-05 0.219923 9.9921E-05 0.626022 9.9921E-05
0.155856 9.99473E-05 9.99473E-05 0.0412548 9.99473E-05 9.99473E-05 0.0373573 9.99473E-05 0.0148824 0.323946 9.99473E-05 0.403507 0.0225973
0.000625762 0.068642 9.99561E-05 0.111151 0.0100513 9.99561E-05 9.99561E-05 9.99561E-05 0.0876847 0.318459 0.122792 0.280094 9.99561E-05
9.99473E-05 0.0386639 9.99473E-05 0.160785 9.99473E-05 9.99473E-05 0.00286013 0.0350993 0.0402624 0.134489 9.99473E-05 0.58724 9.99473E-05
9.99649E-05 0.0306936 0.0603855 0.0729842 0.195293 0.140168 0.106855 9.99649E-05 0.0390584 0.262366 9.99649E-05 0.0917971 9.99649E-05
9.99298E-05 0.0107505 0.0216623 0.216356 9.99298E-05 9.99298E-05 9.99298E-05 9.99298E-05 9.99298E-05 0.0712832 9.99298E-05 0.679148 9.99298E-05
0.0394552 0.0369743 9.99298E-05 9.99298E-05 9.99298E-05 9.99298E-05 9.99298E-05 9.99298E-05 9.99298E-05 0.31564 0.012971 0.59416 9.99298E-05
0.0128891 0.0287639 9.99473E-05 9.99473E-05 0.0577944 9.99473E-05 9.99473E-05 9.99473E-05 0.0482954 0.0934661 9.99473E-05 0.748825 0.00936654
9.99473E-05 0.143957 9.99473E-05 0.0331791 9.99473E-05 0.0110813 9.99473E-05 9.99473E-05 0.0478858 0.094664 0.0095144 0.659119 9.99473E-05
9.99473E-05 0.0402389 9.99473E-05 0.143734 0.0249071 9.99473E-05 9.99473E-05 0.065964 0.0155489 0.226034 9.99473E-05 0.482973 9.99473E-05
9.99297E-05 0.127693 9.99297E-05 9.99297E-05 9.99297E-05 9.99297E-05 0.0879083 9.99297E-05 0.0292265 0.192951 9.99297E-05 0.561422 9.99297E-05
0.0221135 0.0506124 9.99561E-05 0.149345 0.161194 0.0356644 9.99561E-05 0.0156223 9.99561E-05 0.15864 9.99561E-05 0.406309 9.99561E-05
9.99298E-05 0.0444215 0.0547207 9.99298E-05 9.99298E-05 9.99298E-05 9.99298E-05 9.99298E-05 9.99298E-05 0.0182187 0.0438292 0.83801 9.99298E-05
0.000109457 0.0493759 0.00113759 0.204816 9.99473E-05 9.99473E-05 9.99473E-05 9.99473E-05 0.0330608 0.102318 9.99473E-05 0.608583 9.99473E-05
9.9921E-05 0.023001 9.9921E-05 0.0888285 9.9921E-05 9.9921E-05 0.0577917 9.9921E-05 9.9921E-05 9.9921E-05 9.9921E-05 0.82948 9.9921E-05
9.99298E-05 9.99298E-05 0.0649612 9.99298E-05 9.99298E-05 9.99298E-05 9.99298E-05 9.99298E-05 0.134664 0.0965905 0.10711 0.595875 9.99298E-05
9.99474E-05 0.106606 0.0728563 9.99474E-05 0.0691651 9.99474E-05 9.99474E-05 0.102505 0.0708233 0.108081 9.99474E-05 0.469364 9.99474E-05
9.99297E-05 0.000178175 9.99297E-05 9.99297E-05 0.095543 9.99297E-05 0.184241 9.99297E-05 9.99297E-05 0.205729 9.99297E-05 0.513509 9.99297E-05
9.99298E-05 0.0177818 9.99298E-05 0.115075 9.99298E-05 9.99298E-05 9.99298E-05 9.99298E-05 0.0141009 0.05598 9.99298E-05 0.796263 9.99298E-05
0.0240285 9.99473E-05 0.102124 0.0112784 9.99473E-05 0.0117285 9.99473E-05 9.99473E-05 0.0679007 0.137307 9.99473E-05 0.645032 9.99473E-05
9.9921E-05 9.9921E-05 0.114146 9.9921E-05 0.0185916 0.0383763 9.9921E-05 9.9921E-05 9.9921E-05 9.9921E-05 9.9921E-05 0.827987 9.9921E-05
0.0977972 0.0977743 9.99298E-05 9.99298E-05 9.99298E-05 9.99298E-05 9.99298E-05 9.99298E-05 0.103441 0.309738 9.99298E-05 0.390449 9.99298E-05
0.00391579 0.110727 9.99386E-05 0.270015 9.99386E-05 9.99386E-05 9.99386E-05 0.0184659 9.99386E-05 0.36871 9.99386E-05 0.227467 9.99386E-05
9.99385E-05 9.99385E-05 9.99385E-05 0.0522945 9.99385E-05 9.99385E-05 9.99385E-05 0.0213516 0.0163991 0.0645981 0.0600284 0.784629 9.99385E-05
9.99297E-05 0.0140714 9.99297E-05 9.99297E-05 9.99297E-05 0.0682307 9.99297E-05 9.99297E-05 0.0415816 0.118135 9.99297E-05 0.757181 9.99297E-05
9.99123E-05 9.99123E-05 9.99123E-05 9.99123E-05 9.99123E-05 9.99123E-05 0.0470654 9.99123E-05 9.99123E-05 0.032793 9.99123E-05 0.919142 9.99123E-05
9.99209E-05 0.0655402 9.99209E-05 0.0716529 9.99209E-05 9.99209E-05 9.99209E-05 9.99209E-05 9.99209E-05 0.203167 9.99209E-05 0.658741 9.99209E-05
9.99474E-05 0.0601695 9.99474E-05 9.99474E-05 9.99474E-05 0.031438 0.0677295 9.99474E-05 0.0580064 0.0134216 0.0491155 0.71952 9.99474E-05
0.0248435 0.126126 0.0504237 0.134407 0.112691 9.99561E-05 9.99561E-05 9.99561E-05 0.064077 0.275596 9.99561E-05 0.211337 9.99561E-05
0.0159994 9.99473E-05 9.99473E-05 0.103507 9.99473E-05 9.99473E-05 9.99473E-05 0.131352 0.00992998 0.0521099 0.0361392 0.650363 9.99473E-05
9.99122E-05 9.99122E-05 9.99122E-05 9.99122E-05 9.99122E-05 0.0793785 9.99122E-05 9.99122E-05 9.99122E-05 0.0464686 9.99122E-05 0.873154 9.99122E-05
9.99386E-05 9.99386E-05 9.99386E-05 9.99386E-05 9.99386E-05 0.0380536 0.235297 0.0180938 0.0292677 0.0943695 9.99386E-05 0.584218 9.99386E-05
9.99298E-05 0.0150199 9.99298E-05 0.11297 9.99298E-05 0.0211431 9.99298E-05 9.99298E-05 9.99298E-05 0.144454 9.99298E-05 0.705614 9.99298E-05
9.99123E-05 9.99123E-05 9.99123E-05 9.99123E-05 0.161065 9.99123E-05 9.99123E-05 0.202399 9.99123E-05 9.99123E-05 9.99123E-05 0.635537 9.99123E-05
9.99474E-05 0.0490144 0.0723781 0.0650175 9.99474E-05 0.134543 9.99474E-05 9.99474E-05 0.0235448 0.0759263 9.99474E-05 0.578976 9.99474E-05
9.9921E-05 0.078496 9.9921E-05 0.0582824 9.9921E-05 9.9921E-05 9.9921E-05 9.9921E-05 9.9921E-05 0.134475 9.9921E-05 0.727847 9.9921E-05
9.99385E-05 0.0444671 0.0487979 9.99385E-05 9.99385E-05 9.99385E-05 9.99385E-05 0.036315 0.00171465 0.0505957 9.99385E-05 0.81741 9.99385E-05
9.99561E-05 0.0443745 0.327993 0.0361452 9.99561E-05 0.0429353 9.99561E-05 9.99561E-05 0.0692736 0.34026 9.99561E-05 0.100312 0.0382072
0.0297988 0.0340752 0.227286 0.231508 9.99562E-05 0.0818758 9.99562E-05 9.99562E-05 9.99562E-05 0.0484828 9.99562E-05 0.316482 0.0299918
0.0320558 0.0626231 0.368265 9.99561E-05 9.99561E-05 0.211153 9.99561E-05 9.99561E-05 0.0150955 0.0131004 9.99561E-05 0.292179 0.00502749
0.00654217 0.0237364 0.489714 0.0393123 0.0716753 0.0758267 9.99649E-05 9.99649E-05 0.154445 0.110773 9.99649E-05 9.99649E-05 0.027575
9.99649E-05 0.0205719 0.161741 0.173112 9.99649E-05 0.0974732 9.99649E-05 0.06672 0.176676 0.198315 0.0200512 0.0849398 9.99649E-05
0.0606357 0.0171776 0.275604 9.99385E-05 9.99385E-05 9.99385E-05 9.99385E-05 9.99385E-05 0.0722426 0.430677 9.99385E-05 9.99385E-05 0.142964
9.993E-05 0.0754319 0.46933 0.223274 9.993E-05 9.993E-05 9.993E-05 9.993E-05 0.0145127 0.140684 9.993E-05 9.993E-05 0.0760679
9.99473E-05 0.0620521 0.310235 0.0732065 9.99473E-05 0.116595 0.0224899 9.99473E-05 0.119167 0.295655 9.99473E-05 9.99473E-05 9.99473E-05
0.115307 9.99474E-05 0.357355 9.99474E-05 0.0156143 0.0359481 9.99474E-05 9.99474E-05 9.99474E-05 0.141593 9.99474E-05 0.220448 0.113135
9.99473E-05 0.0792486 0.240058 0.184839 9.99473E-05 9.99473E-05 9.99473E-05 9.99473E-05 0.0198211 0.136469 9.99473E-05 0.264029 0.0749357
9.99385E-05 0.165563 0.0663733 0.0390538 9.99385E-05 9.99385E-05 9.99385E-05 9.99385E-05 0.141616 0.472446 9.99385E-05 9.99385E-05 0.114249
9.99386E-05 0.132061 0.30989 0.14539 9.99386E-05 9.99386E-05 0.175165 9.99386E-05 9.99386E-05 0.14941 9.99386E-05 9.99386E-05 0.0873851
9.995E-05 0.0821962 0.145795 0.173283 9.995E-05 9.995E-05 0.0225427 0.0975261 0.195186 0.0813584 9.995E-05 9.995E-05 0.201612
9.99473E-05 9.99473E-05 0.320552 0.115233 9.99473E-05 9.99473E-05 0.0561527 0.0693366 0.00388548 0.424024 9.99473E-05 0.0102171 9.99473E-05
0.0525743 0.0386372 0.300831 9.99562E-05 0.105881 9.99562E-05 0.0692607 9.99562E-05 9.99562E-05 0.0905683 9.99562E-05 0.251991 0.0897565
9.99474E-05 0.0863313 0.317382 0.129433 0.000877596 9.99474E-05 9.99474E-05 9.99474E-05 0.0714299 0.134328 9.99474E-05 0.259618 9.99474E-05
0.0528358 9.99561E-05 0.235926 0.0855783 0.0985133 0.150903 0.139477 9.99561E-05 9.99561E-05 0.20575 9.99561E-05 9.99561E-05 0.0305164
9.994E-05 0.141044 0.133875 0.288062 9.994E-05 9.994E-05 9.994E-05 9.994E-05 0.122647 0.0967292 9.994E-05 0.0790012 0.138042
9.99386E-05 0.0891078 0.136771 0.167791 9.99386E-05 0.139997 9.99386E-05 9.99386E-05 9.99386E-05 0.29398 9.99386E-05 0.171654 9.99386E-05
9.99385E-05 0.0510106 0.274301 0.0422306 9.99385E-05 9.99385E-05 0.144067 9.99385E-05 9.99385E-05 0.398708 9.99385E-05 9.99385E-05 0.0889834
9.99562E-05 0.0325438 0.373942 9.99562E-05 0.0206631 0.010224 0.0961823 0.0422701 9.99562E-05 0.084917 9.99562E-05 0.338758 9.99562E-05
9.99385E-05 9.99385E-05 0.310824 0.284463 9.99385E-05 0.0201897 9.99385E-05 9.99385E-05 9.99385E-05 0.282185 9.99385E-05 0.0903671 0.0112721
9.99649E-05 0.0217904 0.275964 9.99649E-05 0.183769 0.0198871 0.0433125 9.99649E-05 9.99649E-05 0.235284 0.0117799 0.173932 0.0338819
0.0454061 0.0449971 0.0336659 0.270694 0.0329104 0.136019 9.99649E-05 9.99649E-05 0.113119 0.1973 9.99649E-05 0.125489 9.99649E-05
9.99561E-05 0.0935191 0.06637 0.0461437 0.0978134 9.99561E-05 9.99561E-05 9.99561E-05 0.0220179 0.265263 9.99561E-05 0.172703 0.235669
9.99474E-05 0.0641885 0.347054 0.0305568 9.99474E-05 9.99474E-05 9.99474E-05 9.99474E-05 0.0725941 0.129359 0.0296708 0.325977 9.99474E-05
0.0789663 9.99649E-05 0.239712 0.051215 0.0521741 0.0265889 9.99649E-05 9.99649E-05 0.025963 0.0619303 9.99649E-05 0.365511 0.0975398
9.99475E-05 9.99475E-05 0.320989 0.124424 9.99475E-05 0.0575327 9.99475E-05 9.99475E-05 0.0220393 0.271487 9.99475E-05 0.201883 0.00104475
9.99474E-05 9.99474E-05 0.0655745 0.109737 0.00496688 0.150864 9.99474E-05 9.99474E-05 9.99474E-05 0.279741 9.99474E-05 0.291471 0.0970458
9.99562E-05 9.99562E-05 0.180739 0.0127242 0.112142 9.99562E-05 9.99562E-05 0.0558593 0.113843 0.261009 0.0024337 0.26075 9.99562E-05
9.99209E-05 9.99209E-05 9.99209E-05 9.99209E-05 0.626286 9.99209E-05 9.99209E-05 0.00649307 0.153924 0.212397 9.99209E-05 9.99209E-05 9.99209E-05
9.99211E-05 9.99211E-05 9.99211E-05 9.99211E-05 0.959 9.99211E-05 9.99211E-05 9.99211E-05 0.014864 0.0246027 9.99211E-05 0.000634162 9.99211E-05
9.99297E-05 0.048225 9.99297E-05 9.99297E-05 0.632001 0.00885897 9.99297E-05 0.0528885 9.99297E-05 0.257228 9.99297E-05 9.99297E-05 9.99297E-05
9.99296E-05 0.0454262 9.99296E-05 9.99296E-05 0.537569 0.059674 9.99296E-05 9.99296E-05 0.116876 0.239656 9.99296E-05 9.99296E-05 9.99296E-05
9.99472E-05 9.99472E-05 9.99472E-05 9.99472E-05 0.649481 0.000309854 0.032522 9.99472E-05 0.138151 0.0126489 0.068659 9.99472E-05 0.0976287
9.99209E-05 9.99209E-05 9.99209E-05 0.00624456 0.578629 9.99209E-05 9.99209E-05 9.99209E-05 0.196733 0.217493 9.99209E-05 9.99209E-05 9.99209E-05
9.99297E-05 0.0681227 9.99297E-05 9.99297E-05 0.542822 9.99297E-05 9.99297E-05 9.99297E-05 0.136697 0.177474 9.99297E-05 9.99297E-05 0.0740853
9.99385E-05 0.0141779 9.99385E-05 0.00845624 0.559083 0.0398332 9.99385E-05 9.99385E-05 0.27707 0.100679 9.99385E-05 9.99385E-05 9.99385E-05
9.99384E-05 9.99384E-05 0.245442 9.99384E-05 0.146812 9.99384E-05 0.0281475 9.99384E-05 0.467628 0.10268 9.99384E-05 9.99384E-05 0.0085915
9.99209E-05 9.99209E-05 9.99209E-05 0.034394 0.350307 9.99209E-05 9.99209E-05 9.99209E-05 0.244886 0.369514 9.99209E-05 9.99209E-05 9.99209E-05
9.99298E-05 0.0144821 0.329638 9.99298E-05 0.575746 9.99298E-05 9.99298E-05 9.99298E-05 0.047835 0.0315002 9.99298E-05 9.99298E-05 9.99298E-05
9.99298E-05 0.0108031 0.128154 9.99298E-05 0.643635 9.99298E-05 9.99298E-05 9.99298E-05 9.99298E-05 0.177622 0.0389863 9.99298E-05 9.99298E-05
9.99297E-05 0.00814074 9.99297E-05 9.99297E-05 0.787838 0.00320588 9.99297E-05 9.99297E-05 0.192714 9.99297E-05 9.99297E-05 9.99297E-05 0.00730178
0.14206 9.99298E-05 0.0110983 9.99298E-05 0.518798 9.99298E-05 9.99298E-05 9.99298E-05 0.132765 0.194478 9.99298E-05 9.99298E-05 9.99298E-05
9.99561E-05 0.00338719 9.99561E-05 0.00132487 0.686912 0.0942164 0.126511 9.99561E-05 0.0405896 9.99561E-05 0.0248285 9.99561E-05 0.0217307
9.99473E-05 0.0278877 0.0342052 0.117846 0.62399 9.99473E-05 9.99473E-05 9.99473E-05 0.0251148 0.140494 0.029862 9.99473E-05 9.99473E-05
9.99384E-05 9.99384E-05 0.209249 9.99384E-05 0.474021 0.00824464 9.99384E-05 9.99384E-05 0.0112935 0.214125 0.0823664 9.99384E-05 9.99384E-05
9.99561E-05 0.0337169 9.99561E-05 9.99561E-05 0.605094 9.99561E-05 0.028308 0.104663 0.210321 0.00414306 9.99561E-05 0.00693665 0.00631712
9.9921E-05 0.0545415 9.9921E-05 9.9921E-05 0.845131 9.9921E-05 9.9921E-05 0.0257799 0.0736481 9.9921E-05 9.9921E-05 9.9921E-05 9.9921E-05
9.99649E-05 0.0360934 9.99649E-05 0.136019 0.539216 0.00503251 0.0261793 9.99649E-05 0.0824642 0.152721 0.00696185 9.99649E-05 0.0149134
9.99297E-05 9.99297E-05 0.0685577 9.99297E-05 0.652936 9.99297E-05 9.99297E-05 0.0844835 0.0589552 0.134268 9.99297E-05 9.99297E-05 9.99297E-05
9.99385E-05 0.109721 9.99385E-05 9.99385E-05 0.680582 0.00583122 9.99385E-05 9.99385E-05 0.117513 0.0702707 9.99385E-05 9.99385E-05 0.0153818
9.99297E-05 9.99297E-05 9.99297E-05 9.99297E-05 0.274057 9.99297E-05 9.99297E-05 0.0235135 0.282363 0.34706 0.0722066 9.99297E-05 9.99297E-05
9.99122E-05 9.99122E-05 9.99122E-05 9.99122E-05 0.7328 9.99122E-05 9.99122E-05 9.99122E-05 0.240457 0.0257438 9.99122E-05 9.99122E-05 9.99122E-05
9.99297E-05 9.99297E-05 9.99297E-05 9.99297E-05 0.262264 9.99297E-05 9.99297E-05 0.0560734 0.26011 0.331355 0.0893985 9.99297E-05 9.99297E-05
9.99211E-05 9.99211E-05 0.0989002 9.99211E-05 0.634033 9.99211E-05 9.99211E-05 9.99211E-05 0.114281 0.151886 9.99211E-05 9.99211E-05 9.99211E-05
0.130077 9.99123E-05 9.99123E-05 9.99123E-05 0.833519 9.99123E-05 9.99123E-05 9.99123E-05 9.99123E-05 9.99123E-05 9.99123E-05 0.0354042 9.99123E-05
9.99296E-05 9.99296E-05 9.99296E-05 0.0642118 0.513212 9.99296E-05 9.99296E-05 9.99296E-05 0.15766 0.205569 0.0585485 9.99296E-05 9.99296E-05
9.9921E-05 9.9921E-05 0.0187577 9.9921E-05 0.424835 9.9921E-05 9.9921E-05 9.9921E-05 0.328079 0.227429 9.9921E-05 9.9921E-05 9.9921E-05
9.99298E-05 0.110019 9.99298E-05 9.99298E-05 0.666027 9.99298E-05 9.99298E-05 9.99298E-05 0.00750805 0.177166 0.0384803 9.99298E-05 9.99298E-05
9.99298E-05 9.99298E-05 0.0200495 9.99298E-05 0.568842 9.99298E-05 0.0762776 9.99298E-05 0.0706191 0.263412 9.99298E-05 9.99298E-05 9.99298E-05
9.99384E-05 0.0371562 9.99384E-05 9.99384E-05 0.758463 9.99384E-05 0.0507951 9.99384E-05 0.0022602 0.110711 0.0399144 9.99384E-05 9.99384E-05
9.99297E-05 9.99297E-05 9.99297E-05 9.99297E-05 0.267576 9.99297E-05 9.99297E-05 0.100601 0.314852 0.130906 0.185266 9.99297E-05 9.99297E-05
9.99385E-05 0.0136563 9.99385E-05 0.0153765 0.567381 9.99385E-05 9.99385E-05 9.99385E-05 0.116436 0.241033 0.0454179 9.99385E-05 9.99385E-05
9.99121E-05 9.99121E-05 9.99121E-05 9.99121E-05 0.769583 9.99121E-05 9.99121E-05 9.99121E-05 0.029903 0.199515 9.99121E-05 9.99121E-05 9.99121E-05
0.0139353 0.0316048 9.99473E-05 0.0855597 0.689422 9.99473E-05 0.0352576 9.99473E-05 0.131532 9.99473E-05 0.0120884 9.99473E-05 9.99473E-05
9.99297E-05 9.99297E-05 9.99297E-05 9.99297E-05 0.428606 9.99297E-05 0.0203208 9.99297E-05 0.177216 0.249313 9.99297E-05 9.99297E-05 0.123746
9.99035E-05 9.99035E-05 9.99035E-05 9.99035E-05 0.890889 9.99035E-05 9.99035E-05 9.99035E-05 0.108012 9.99035E-05 9.99035E-05 9.99035E-05 9.99035E-05
9.99386E-05 0.0105421 9.99386E-05 9.99386E-05 0.818132 0.0101775 9.99386E-05 9.99386E-05 0.0442817 0.110555 9.99386E-05 9.99386E-05 0.00561238
9.99036E-05 9.99036E-05 9.99036E-05 9.99036E-05 0.976634 9.99036E-05 9.99036E-05 9.99036E-05 0.0222674 9.99036E-05 9.99036E-05 9.99036E-05 9.99036E-05
9.99036E-05 9.99036E-05 0.0821094 9.99036E-05 0.916792 9.99036E-05 9.99036E-05 9.99036E-05 9.99036E-05 9.99036E-05 9.99036E-05 9.99036E-05 9.99036E-05
9.99385E-05 0.00759517 0.0372551 9.99385E-05 0.310191 9.99385E-05 9.99385E-05 0.0545229 0.172183 0.417554 9.99385E-05 9.99385E-05 9.99385E-05
9.99209E-05 9.99209E-05 9.99209E-05 9.99209E-05 0.63394 9.99209E-05 9.99209E-05 0.132251 0.200922 0.0319869 9.99209E-05 9.99209E-05 9.99209E-05
9.99211E-05 9.99211E-05 9.99211E-05 9.99211E-05 0.850367 9.99211E-05 9.99211E-05 9.99211E-05 0.104564 0.0338347 0.0103358 9.99211E-05 9.99211E-05
9.99035E-05 9.99035E-05 9.99035E-05 9.99035E-05 0.908537 9.99035E-05 9.99035E-05 9.99035E-05 9.99035E-05 0.0903644 9.99035E-05 9.99035E-05 9.99035E-05
9.99473E-05 9.99473E-05 0.0737646 9.99473E-05 0.223165 0.0968354 9.99473E-05 9.99473E-05 0.233265 0.130555 0.211212 9.99473E-05 0.0306034
9.99298E-05 9.99298E-05 0.014091 9.99298E-05 0.549406 9.99298E-05 9.99298E-05 9.99298E-05 0.0502262 0.241633 9.99298E-05 9.99298E-05 0.143845
0.00339692 9.99474E-05 0.0942115 9.99474E-05 0.422841 9.99474E-05 0.0393439 9.99474E-05 0.207281 0.0784079 9.99474E-05 9.99474E-05 0.153919
9.99386E-05 0.00865148 9.99386E-05 9.99386E-05 0.205645 9.99386E-05 9.99386E-05 0.0602088 0.349009 0.287919 0.0878669 9.99386E-05 9.99386E-05
9.99035E-05 9.99035E-05 9.99035E-05 9.99035E-05 0.987355 9.99035E-05 9.99035E-05 9.99035E-05 9.99035E-05 0.011546 9.99035E-05 9.99035E-05 9.99035E-05
9.99297E-05 0.0232059 9.99297E-05 0.235555 0.455587 9.99297E-05 9.99297E-05 9.99297E-05 0.0543167 0.230536 9.99297E-05 9.99297E-05 9.99297E-05
9.99124E-05 9.99124E-05 0.0542812 9.99124E-05 0.849036 9.99124E-05 9.99124E-05 9.99124E-05 0.0956841 9.99124E-05 9.99124E-05 9.99124E-05 9.99124E-05
9.99298E-05 0.0308617 9.99298E-05 9.99298E-05 0.695245 9.99298E-05 9.99298E-05 9.99298E-05 0.0916444 0.170202 9.99298E-05 9.99298E-05 0.0112483
9.99385E-05 9.99385E-05 9.99385E-05 9.99385E-05 0.689358 0.0378233 0.0888658 0.0129161 0.123621 0.0467157 9.99385E-05 9.99385E-05 9.99385E-05
9.99472E-05 0.0672502 9.99472E-05 0.102054 0.691619 0.0280389 9.99472E-05 9.99472E-05 0.00130299 0.0848987 9.99472E-05 9.99472E-05 0.0242358
9.99297E-05 9.99297E-05 0.131059 0.010381 0.302379 9.99297E-05 9.99297E-05 9.99297E-05 0.243148 0.312234 9.99297E-05 9.99297E-05 9.99297E-05
9.99121E-05 9.99121E-05 9.99121E-05 9.99121E-05 0.603415 9.99121E-05 9.99121E-05 9.99121E-05 0.216853 0.178733 9.99121E-05 9.99121E-05 9.99121E-05
9.99385E-05 0.063825 9.99385E-05 9.99385E-05 0.683042 9.99385E-05 0.0467655 9.99385E-05 0.106516 0.0969103 0.00224254 9.99385E-05 9.99385E-05
9.99297E-05 0.0218562 9.99297E-05 9.99297E-05 0.726023 0.00490061 9.99297E-05 9.99297E-05 9.99297E-05 0.0710935 0.175328 9.99297E-05 9.99297E-05
9.99122E-05 9.99122E-05 9.99122E-05 9.99122E-05 0.719878 9.99122E-05 9.99122E-05 9.99122E-05 0.266187 0.0129357 9.99122E-05 9.99122E-05 9.99122E-05
9.98944E-05 9.98944E-05 9.98944E-05 9.98944E-05 9.98944E-05 9.98944E-05 9.98944E-05 9.98944E-05 9.98944E-05 0.998801 9.98944E-05 9.98944E-05 9.98944E-05
9.98945E-05 9.98945E-05 9.98945E-05 9.98945E-05 9.98945E-05 9.98945E-05 9.98945E-05 9.98945E-05 0.998801 9.98945E-05 9.98945E-05 9.98945E-05 9.98945E-05
9.98943E-05 9.98943E-05 9.98943E-05 9.98943E-05 9.98943E-05 9.98943E-05 9.98943E-05 9.98943E-05 9.98943E-05 0.998801 9.98943E-05 9.98943E-05 9.98943E-05
9.98944E-05 9.98944E-05 9.98944E-05 9.98944E-05 9.98944E-05 9.98944E-05 9.98944E-05 9.98944E-05 0.998801 9.98944E-05 9.98944E-05 9.98944E-05 9.98944E-05
9.98944E-05 9.98944E-05 9.98944E-05 9.98944E-05 9.98944E-05 9.98944E-05 9.98944E-05 9.98944E-05 0.998801 9.98944E-05 9.98944E-05 9.98944E-05 9.98944E-05
9.98945E-05 9.98945E-05 9.98945E-05 9.98945E-05 9.98945E-05 9.98945E-05 9.98945E-05 9.98945E-05 0.998801 9.98945E-05 9.98945E-05 9.98945E-05 9.98945E-05
9.98943E-05 9.98943E-05 9.98943E-05 9.98943E-05 9.98943E-05 9.98943E-05 9.98943E-05 9.98943E-05 9.98943E-05 0.998801 9.98943E-05 9.98943E-05 9.98943E-05
9.98945E-05 9.98945E-05 9.98945E-05 9.98945E-05 9.98945E-05 9.98945E-05 9.98945E-05 9.98945E-05 0.998801 9.98945E-05 9.98945E-05 9.98945E-05 9.98945E-05
9.98945E-05 9.98945E-05 9.98945E-05 9.98945E-05 9.98945E-05 9.98945E-05 9.98945E-05 9.98945E-05 0.998801 9.98945E-05 9.98945E-05 9.98945E-05 9.98945E-05
9.98944E-05 9.98944E-05 9.98944E-05 9.98944E-05 9.98944E-05 9.98944E-05 9.98944E-05 9.98944E-05 9.98944E-05 0.998801 9.98944E-05 9.98944E-05 9.98944E-05
9.98944E-05 9.98944E-05 9.98944E-05 9.98944E-05 9.98944E-05 9.98944E-05 9.98944E-05 9.98944E-05 9.98944E-05 0.998801 9.98944E-05 9.98944E-05 9.98944E-05
9.98943E-05 9.98943E-05 9.98943E-05 9.98943E-05 9.98943E-05 9.98943E-05 9.98943E-05 9.98943E-05 9.98943E-05 0.998801 9.98943E-05 9.98943E-05 9.98943E-05
9.98944E-05 9.98944E-05 9.98944E-05 9.98944E-05 9.98944E-05 9.98944E-05 9.98944E-05 9.98944E-05 0.998801 9.98944E-05 9.98944E-05 9.98944E-05 9.98944E-05
9.98944E-05 9.98944E-05 9.98944E-05 9.98944E-05 9.98944E-05 9.98944E-05 9.98944E-05 9.98944E-05 0.998801 9.98944E-05 9.98944E-05 9.98944E-05 9.98944E-05
9.98944E-05 9.98944E-05 9.98944E-05 9.98944E-05 9.98944E-05 9.98944E-05 9.98944E-05 9.98944E-05 9.98944E-05 0.998801 9.98944E-05 9.98944E-05 9.98944E-05
9.98943E-05 9.98943E-05 9.98943E-05 9.98943E-05 9.98943E-05 9.98943E-05 9.98943E-05 9.98943E-05 9.98943E-05 0.998801 9.98943E-05 9.98943E-05 9.98943E-05
0.121275 9.99473E-05 0.0251157 0.190786 0.290133 9.99473E-05 0.0225835 9.99473E-05 0.153388 0.196118 9.99473E-05 9.99473E-05 9.99473E-05
9.99121E-05 9.99121E-05 9.99121E-05 9.99121E-05 9.99121E-05 9.99121E-05 9.99121E-05 0.0246446 9.99121E-05 0.954671 0.0196854 9.99121E-05 9.99121E-05
9.98944E-05 9.98944E-05 9.98944E-05 9.98944E-05 9.98944E-05 9.98944E-05 9.98944E-05 9.98944E-05 0.998801 9.98944E-05 9.98944E-05 9.98944E-05 9.98944E-05
9.98944E-05 9.98944E-05 9.98944E-05 9.98944E-05 9.98944E-05 9.98944E-05 9.98944E-05 9.98944E-05 9.98944E-05 0.998801 9.98944E-05 9.98944E-05 9.98944E-05
9.98944E-05 9.98944E-05 9.98944E-05 9.98944E-05 9.98944E-05 9.98944E-05 9.98944E-05 9.98944E-05 9.98944E-05 0.998801 9.98944E-05 9.98944E-05 9.98944E-05
9.98944E-05 9.98944E-05 9.98944E-05 9.98944E-05 9.98944E-05 9.98944E-05 9.98944E-05 9.98944E-05 9.98944E-05 0.998801 9.98944E-05 9.98944E-05 9.98944E-05
9.98944E-05 9.98944E-05 9.98944E-05 9.98944E-05 9.98944E-05 9.98944E-05 9.98944E-05 9.98944E-05 0.998801 9.98944E-05 9.98944E-05 9.98944E-05 9.98944E-05
9.98943E-05 9.98943E-05 9.98943E-05 9.98943E-05 9.98943E-05 9.98943E-05 9.98943E-05 9.98943E-05 9.98943E-05 0.998801 9.98943E-05 9.98943E-05 9.98943E-05
9.98944E-05 9.98944E-05 9.98944E-05 9.98944E-05 9.98944E-05 9.98944E-05 9.98944E-05 9.98944E-05 0.998801 9.98944E-05 9.98944E-05 9.98944E-05 9.98944E-05
9.98944E-05 9.98944E-05 9.98944E-05 9.98944E-05 9.98944E-05 9.98944E-05 9.98944E-05 9.98944E-05 9.98944E-05 0.998801 9.98944E-05 9.98944E-05 9.98944E-05
9.98944E-05 9.98944E-05 9.98944E-05 9.98944E-05 9.98944E-05 9.98944E-05 9.98944E-05 9.98944E-05 9.98944E-05 0.998801 9.98944E-05 9.98944E-05 9.98944E-05
9.98944E-05 9.98944E-05 9.98944E-05 9.98944E-05 9.98944E-05 9.98944E-05 9.98944E-05 9.98944E-05 0.998801 9.98944E-05 9.98944E-05 9.98944E-05 9.98944E-05
9.98944E-05 9.98944E-05 9.98944E-05 9.98944E-05 9.98944E-05 9.98944E-05 9.98944E-05 9.98944E-05 0.998801 9.98944E-05 9.98944E-05 9.98944E-05 9.98944E-05
9.98945E-05 9.98945E-05 9.98945E-05 9.98945E-05 9.98945E-05 9.98945E-05 9.98945E-05 9.98945E-05 0.998801 9.98945E-05 9.98945E-05 9.98945E-05 9.98945E-05
9.98944E-05 9.98944E-05 9.98944E-05 9.98944E-05 9.98944E-05 9.98944E-05 9.98944E-05 9.98944E-05 9.98944E-05 0.998801 9.98944E-05 9.98944E-05 9.98944E-05
9.98944E-05 9.98944E-05 9.98944E-05 9.98944E-05 9.98944E-05 9.98944E-05 9.98944E-05 9.98944E-05 9.98944E-05 0.998801 9.98944E-05 9.98944E-05 9.98944E-05
9.98943E-05 9.98943E-05 9.98943E-05 9.98943E-05 9.98943E-05 9.98943E-05 9.98943E-05 9.98943E-05 9.98943E-05 0.998801 9.98943E-05 9.98943E-05 9.98943E-05
9.98943E-05 9.98943E-05 9.98943E-05 9.98943E-05 9.98943E-05 9.98943E-05 9.98943E-05 9.98943E-05 9.98943E-05 0.998801 9.98943E-05 9.98943E-05 9.98943E-05
9.98944E-05 9.98944E-05 9.98944E-05 9.98944E-05 9.98944E-05 9.98944E-05 9.98944E-05 9.98944E-05 9.98944E-05 0.998801 9.98944E-05 9.98944E-05 9.98944E-05
9.98944E-05 9.98944E-05 9.98944E-05 9.98944E-05 9.98944E-05 9.98944E-05 9.98944E-05 9.98944E-05 0.998801 9.98944E-05 9.98944E-05 9.98944E-05 9.98944E-05
9.98945E-05 9.98945E-05 9.98945E-05 9.98945E-05 9.98945E-05 9.98945E-05 9.98945E-05 9.98945E-05 0.998801 9.98945E-05 9.98945E-05 9.98945E-05 9.98945E-05
9.98944E-05 9.98944E-05 9.98944E-05 9.98944E-05 9.98944E-05 9.98944E-05 9.98944E-05 9.98944E-05 0.998801 9.98944E-05 9.98944E-05 9.98944E-05 9.98944E-05
9.98943E-05 9.98943E-05 9.98943E-05 9.98943E-05 9.98943E-05 9.98943E-05 9.98943E-05 9.98943E-05 9.98943E-05 0.998801 9.98943E-05 9.98943E-05 9.98943E-05
9.98943E-05 9.98943E-05 9.98943E-05 9.98943E-05 9.98943E-05 9.98943E-05 9.98943E-05 9.98943E-05 0.998801 9.98943E-05 9.98943E-05 9.98943E-05 9.98943E-05
9.98944E-05 9.98944E-05 9.98944E-05 9.98944E-05 9.98944E-05 9.98944E-05 9.98944E-05 9.98944E-05 0.998801 9.98944E-05 9.98944E-05 9.98944E-05 9.98944E-05
9.98945E-05 9.98945E-05 9.98945E-05 9.98945E-05 9.98945E-05 9.98945E-05 9.98945E-05 9.98945E-05 0.998801 9.98945E-05 9.98945E-05 9.98945E-05 9.98945E-05
9.98943E-05 9.98943E-05 9.98943E-05 9.98943E-05 9.98943E-05 9.98943E-05 9.98943E-05 9.98943E-05 0.998801 9.98943E-05 9.98943E-05 9.98943E-05 9.98943E-05
9.98943E-05 9.98943E-05 9.98943E-05 9.98943E-05 9.98943E-05 9.98943E-05 9.98943E-05 9.98943E-05 9.98943E-05 0.998801 9.98943E-05 9.98943E-05 9.98943E-05
9.98944E-05 9.98944E-05 9.98944E-05 9.98944E-05 9.98944E-05 9.98944E-05 9.98944E-05 9.98944E-05 0.998801 9.98944E-05 9.98944E-05 9.98944E-05 9.98944E-05
9.98944E-05 9.98944E-05 9.98944E-05 9.98944E-05 9.98944E-05 9.98944E-05 9.98944E-05 9.98944E-05 0.998801 9.98944E-05 9.98944E-05 9.98944E-05 9.98944E-05
0.0725361 9.99472E-05 9.99472E-05 0.218866 0.345247 9.99472E-05 0.0453556 9.99472E-05 0.0873396 0.19833 0.0317258 9.99472E-05 9.99472E-05
9.98944E-05 9.98944E-05 9.98944E-05 9.98944E-05 9.98944E-05 9.98944E-05 9.98944E-05 9.98944E-05 9.98944E-05 0.998801 9.98944E-05 9.98944E-05 9.98944E-05
9.98944E-05 9.98944E-05 9.98944E-05 9.98944E-05 9.98944E-05 9.98944E-05 9.98944E-05 9.98944E-05 0.998801 9.98944E-05 9.98944E-05 9.98944E-05 9.98944E-05
9.98943E-05 9.98943E-05 9.98943E-05 9.98943E-05 9.98943E-05 9.98943E-05 9.98943E-05 9.98943E-05 0.998801 9.98943E-05 9.98943E-05 9.98943E-05 9.98943E-05
9.98945E-05 9.98945E-05 9.98945E-05 9.98945E-05 9.98945E-05 9.98945E-05 9.98945E-05 9.98945E-05 0.998801 9.98945E-05 9.98945E-05 9.98945E-05 9.98945E-05
9.98944E-05 9.98944E-05 9.98944E-05 9.98944E-05 9.98944E-05 9.98944E-05 9.98944E-05 9.98944E-05 0.998801 9.98944E-05 9.98944E-05 9.98944E-05 9.98944E-05
9.98944E-05 9.98944E-05 9.98944E-05 9.98944E-05 9.98944E-05 9.98944E-05 9.98944E-05 9.98944E-05 9.98944E-05 0.998801 9.98944E-05 9.98944E-05 9.98944E-05
9.98944E-05 9.98944E-05 9.98944E-05 9.98944E-05 9.98944E-05 9.98944E-05 9.98944E-05 9.98944E-05 0.998801 9.98944E-05 9.98944E-05 9.98944E-05 9.98944E-05
9.98943E-05 9.98943E-05 9.98943E-05 9.98943E-05 9.98943E-05 9.98943E-05 9.98943E-05 9.98943E-05 9.98943E-05 0.998801 9.98943E-05 9.98943E-05 9.98943E-05
9.98944E-05 9.98944E-05 9.98944E-05 9.98944E-05 9.98944E-05 9.98944E-05 9.98944E-05 9.98944E-05 0.998801 9.98944E-05 9.98944E-05 9.98944E-05 9.98944E-05
9.98943E-05 9.98943E-05 9.98943E-05 9.98943E-05 9.98943E-05 9.98943E-05 9.98943E-05 9.98943E-05 9.98943E-05 0.998801 9.98943E-05 9.98943E-05 9.98943E-05
9.98945E-05 9.98945E-05 9.98945E-05 9.98945E-05 9.98945E-05 9.98945E-05 9.98945E-05 9.98945E-05 0.998801 9.98945E-05 9.98945E-05 9.98945E-05 9.98945E-05
9.98943E-05 9.98943E-05 9.98943E-05 9.98943E-05 9.98943E-05 9.98943E-05 9.98943E-05 9.98943E-05 0.998801 9.98943E-05 9.98943E-05 9.98943E-05 9.98943E-05
9.98944E-05 9.98944E-05 9.98944E-05 9.98944E-05 9.98944E-05 9.98944E-05 9.98944E-05 9.98944E-05 0.998801 9.98944E-05 9.98944E-05 9.98944E-05 9.98944E-05
9.98944E-05 9.98944E-05 9.98944E-05 9.98944E-05 9.98944E-05 9.98944E-05 9.98944E-05 9.98944E-05 0.998801 9.98944E-05 9.98944E-05 9.98944E-05 9.98944E-05
9.98944E-05 9.98944E-05 9.98944E-05 9.98944E-05 9.98944E-05 9.98944E-05 9.98944E-05 9.98944E-05 0.998801 9.98944E-05 9.98944E-05 9.98944E-05 9.98944E-05
9.98945E-05 9.98945E-05 9.98945E-05 9.98945E-05 9.98945E-05 9.98945E-05 9.98945E-05 9.98945E-05 0.998801 9.98945E-05 9.98945E-05 9.98945E-05 9.98945E-05
9.98944E-05 9.98944E-05 9.98944E-05 9.98944E-05 9.98944E-05 9.98944E-05 9.98944E-05 9.98944E-05 9.98944E-05 0.998801 9.98944E-05 9.98944E-05 9.98944E-05
9.98943E-05 9.98943E-05 9.98943E-05 9.98943E-05 9.98943E-05 9.98943E-05 9.98943E-05 9.98943E-05 9.98943E-05 0.998801 9.98943E-05 9.98943E-05 9.98943E-05
9.98944E-05 9.98944E-05 9.98944E-05 9.98944E-05 9.98944E-05 9.98944E-05 9.98944E-05 9.98944E-05 9.98944E-05 0.998801 9.98944E-05 9.98944E-05 9.98944E-05
9.98944E-05 9.98944E-05 9.98944E-05 9.98944E-05 9.98944E-05 9.98944E-05 9.98944E-05 9.98944E-05 0.998801 9.98944E-05 9.98944E-05 9.98944E-05 9.98944E-05
9.98944E-05 9.98944E-05 9.98944E-05 9.98944E-05 9.98944E-05 9.98944E-05 9.98944E-05 9.98944E-05 9.98944E-05 0.998801 9.98944E-05 9.98944E-05 9.98944E-05
9.98944E-05 9.98944E-05 9.98944E-05 9.98944E-05 9.98944E-05 9.98944E-05 9.98944E-05 9.98944E-05 9.98944E-05 0.998801 9.98944E-05 9.98944E-05 9.98944E-05
9.98944E-05 9.98944E-05 9.98944E-05 9.98944E-05 9.98944E-05 9.98944E-05 9.98944E-05 9.98944E-05 9.98944E-05 0.998801 9.98944E-05 9.98944E-05 9.98944E-05
9.98944E-05 9.98944E-05 9.98944E-05 9.98944E-05 9.98944E-05 9.98944E-05 9.98944E-05 9.98944E-05 0.998801 9.98944E-05 9.98944E-05 9.98944E-05 9.98944E-05
9.98944E-05 9.98944E-05 9.98944E-05 9.98944E-05 9.98944E-05 9.98944E-05 9.98944E-05 9.98944E-05 0.998801 9.98944E-05 9.98944E-05 9.98944E-05 9.98944E-05
9.98944E-05 9.98944E-05 9.98944E-05 9.98944E-05 9.98944E-05 9.98944E-05 9.98944E-05 9.98944E-05 0.998801 9.98944E-05 9.98944E-05 9.98944E-05 9.98944E-05
9.98943E-05 9.98943E-05 9.98943E-05 9.98943E-05 9.98943E-05 9.98943E-05 9.98943E-05 9.98943E-05 9.98943E-05 0.998801 9.98943E-05 9.98943E-05 9.98943E-05
9.98944E-05 9.98944E-05 9.98944E-05 9.98944E-05 9.98944E-05 9.98944E-05 9.98944E-05 9.98944E-05 0.998801 9.98944E-05 9.98944E-05 9.98944E-05 9.98944E-05
9.98944E-05 9.98944E-05 9.98944E-05 9.98944E-05 9.98944E-05 9.98944E-05 9.98944E-05 9.98944E-05 0.998801 9.98944E-05 9.98944E-05 9.98944E-05 9.98944E-05
9.98943E-05 9.98943E-05 9.98943E-05 9.98943E-05 9.98943E-05 9.98943E-05 9.98943E-05 9.98943E-05 9.98943E-05 0.998801 9.98943E-05 9.98943E-05 9.98943E-05
9.98945E-05 9.98945E-05 9.98945E-05 9.98945E-05 9.98945E-05 9.98945E-05 9.98945E-05 9.98945E-05 0.998801 9.98945E-05 9.98945E-05 9.98945E-05 9.98945E-05
9.98944E-05 9.98944E-05 9.98944E-05 9.98944E-05 9.98944E-05 9.98944E-05 9.98944E-05 9.98944E-05 0.998801 9.98944E-05 9.98944E-05 9.98944E-05 9.98944E-05
9.99648E-05 0.0645472 0.0280824 0.0349896 0.143428 0.0524472 0.155542 9.99648E-05 0.167104 0.278933 0.0745267 9.99648E-05 9.99648E-05
9.98943E-05 9.98943E-05 9.98943E-05 9.98943E-05 9.98943E-05 9.98943E-05 9.98943E-05 9.98943E-05 9.98943E-05 0.998801 9.98943E-05 9.98943E-05 9.98943E-05
9.98944E-05 9.98944E-05 9.98944E-05 9.98944E-05 9.98944E-05 9.98944E-05 9.98944E-05 9.98944E-05 0.998801 9.98944E-05 9.98944E-05 9.98944E-05 9.98944E-05
0.100289 0.0477537 9.99561E-05 9.99561E-05 0.346376 9.99561E-05 0.0105806 0.0013734 0.419484 0.0730626 9.99561E-05 9.99561E-05 0.000581208
9.99385E-05 9.99385E-05 9.99385E-05 0.1491 0.281726 9.99385E-05 9.99385E-05 0.012346 0.316392 0.209624 0.0301129 9.99385E-05 9.99385E-05
0.0219995 9.99297E-05 9.99297E-05 0.0268936 0.373036 9.99297E-05 9.99297E-05 9.99297E-05 0.205575 0.371697 9.99297E-05 9.99297E-05 9.99297E-05
0.0271377 9.99384E-05 9.99384E-05 0.116365 0.594587 9.99384E-05 0.0722134 9.99384E-05 9.99384E-05 0.138941 0.0500563 9.99384E-05 9.99384E-05
9.99297E-05 9.99297E-05 0.0832174 9.99297E-05 0.21515 9.99297E-05 9.99297E-05 9.99297E-05 0.283994 0.383936 0.0329037 9.99297E-05 9.99297E-05
9.99124E-05 9.99124E-05 9.99124E-05 9.99124E-05 0.828229 9.99124E-05 9.99124E-05 9.99124E-05 0.122505 9.99124E-05 9.99124E-05 0.0482665 9.99124E-05
9.99298E-05 0.00438178 9.99298E-05 0.199506 0.164499 9.99298E-05 9.99298E-05 9.99298E-05 0.346178 0.284636 9.99298E-05 9.99298E-05 9.99298E-05
9.99472E-05 0.0104844 9.99472E-05 9.99472E-05 0.507657 0.061974 9.99472E-05 9.99472E-05 0.166391 0.109216 0.0786199 9.99472E-05 0.0650582
9.99123E-05 9.99123E-05 9.99123E-05 9.99123E-05 0.682474 9.99123E-05 9.99123E-05 9.99123E-05 0.279808 0.0367189 9.99123E-05 9.99123E-05 9.99123E-05
0.0806967 9.995E-05 9.995E-05 0.16928 0.562189 9.995E-05 0.0209574 9.995E-05 0.0421286 0.0651736 0.0379392 9.995E-05 0.0211356
9.9921E-05 0.115734 9.9921E-05 9.9921E-05 0.585995 9.9921E-05 9.9921E-05 9.9921E-05 0.0668269 0.230544 9.9921E-05 9.9921E-05 9.9921E-05
9.99122E-05 9.99122E-05 9.99122E-05 9.99122E-05 0.348261 9.99122E-05 9.99122E-05 9.99122E-05 0.567937 0.0828026 9.99122E-05 9.99122E-05 9.99122E-05
9.99297E-05 9.99297E-05 9.99297E-05 9.99297E-05 0.246093 0.107356 0.16689 9.99297E-05 0.209342 0.26952 9.99297E-05 9.99297E-05 9.99297E-05
0.0253453 9.99384E-05 9.99384E-05 9.99384E-05 0.690713 0.126694 9.99384E-05 9.99384E-05 0.0711354 0.0751523 0.010261 9.99384E-05 9.99384E-05
9.99208E-05 0.0973478 9.99208E-05 9.99208E-05 0.414254 9.99208E-05 9.99208E-05 9.99208E-05 0.137186 0.350314 9.99208E-05 9.99208E-05 9.99208E-05
9.99385E-05 0.0577702 0.170262 9.99385E-05 0.267981 9.99385E-05 9.99385E-05 0.0822947 0.267237 0.153755 9.99385E-05 9.99385E-05 9.99385E-05
0.0615516 0.0500591 9.99298E-05 9.99298E-05 0.61556 9.99298E-05 9.99298E-05 9.99298E-05 0.131712 0.140318 9.99298E-05 9.99298E-05 9.99298E-05
9.99385E-05 0.125465 9.99385E-05 9.99385E-05 0.29713 9.99385E-05 0.0233848 9.99385E-05 0.0671413 0.436792 9.99385E-05 9.99385E-05 0.0493878
9.99384E-05 0.0395323 0.182444 9.99384E-05 0.498765 9.99384E-05 9.99384E-05 0.0948716 0.0985908 9.99384E-05 0.0850969 9.99384E-05 9.99384E-05
0.0588179 9.99297E-05 9.99297E-05 9.99297E-05 0.416606 9.99297E-05 9.99297E-05 0.0591068 0.186607 0.278063 9.99297E-05 9.99297E-05 9.99297E-05
9.99209E-05 9.99209E-05 9.99209E-05 9.99209E-05 0.543333 9.99209E-05 9.99209E-05 9.99209E-05 0.13688 0.137092 0.181796 9.99209E-05 9.99209E-05
9.99209E-05 9.99209E-05 9.99209E-05 9.99209E-05 0.627355 9.99209E-05 0.0183747 0.0850398 0.268331 9.99209E-05 9.99209E-05 9.99209E-05 9.99209E-05
9.99473E-05 0.0319477 9.99473E-05 9.99473E-05 0.384882 0.0229005 0.0856309 9.99473E-05 0.20885 0.223747 0.0414422 9.99473E-05 9.99473E-05
9.99384E-05 9.99384E-05 9.99384E-05 9.99384E-05 0.624263 0.0387561 9.99384E-05 0.0614679 0.151425 0.105971 0.0174175 9.99384E-05 9.99384E-05
0.0503558 9.99384E-05 9.99384E-05 9.99384E-05 0.627202 0.101225 9.99384E-05 9.99384E-05 0.020828 0.146567 0.0531231 9.99384E-05 9.99384E-05
9.99035E-05 9.99035E-05 0.0339911 9.99035E-05 0.96491 9.99035E-05 9.99035E-05 9.99035E-05 9.99035E-05 9.99035E-05 9.99035E-05 9.99035E-05 9.99035E-05
0.0397956 9.99384E-05 9.99384E-05 0.0753103 0.536272 9.99384E-05 9.99384E-05 0.0991715 0.06007 0.188681 9.99384E-05 9.99384E-05 9.99384E-05
0.111613 9.99209E-05 9.99209E-05 9.99209E-05 0.298435 9.99209E-05 9.99209E-05 9.99209E-05 0.245744 0.343308 9.99209E-05 9.99209E-05 9.99209E-05
9.99297E-05 9.99297E-05 9.99297E-05 9.99297E-05 0.578199 0.0116916 0.079791 0.21983 9.99297E-05 0.109689 9.99297E-05 9.99297E-05 9.99297E-05
9.99297E-05 9.99297E-05 9.99297E-05 9.99297E-05 0.503845 0.116882 9.99297E-05 9.99297E-05 0.199847 0.101311 0.077316 9.99297E-05 9.99297E-05
9.99384E-05 0.0246092 0.0875578 9.99384E-05 0.238436 9.99384E-05 9.99384E-05 0.130278 0.354771 0.163648 9.99384E-05 9.99384E-05 9.99384E-05
9.99297E-05 0.0440509 9.99297E-05 9.99297E-05 0.524732 9.99297E-05 9.99297E-05 0.0236652 0.287404 0.119349 9.99297E-05 9.99297E-05 9.99297E-05
9.99296E-05 9.99296E-05 0.209011 9.99296E-05 0.415336 9.99296E-05 9.99296E-05 0.136656 0.178191 0.0600057 9.99296E-05 9.99296E-05 9.99296E-05
9.99297E-05 9.99297E-05 9.99297E-05 9.99297E-05 0.387016 0.0540896 9.99297E-05 0.158282 0.207002 0.192812 9.99297E-05 9.99297E-05 9.99297E-05
9.99472E-05 0.00682564 9.99472E-05 9.99472E-05 0.51799 0.0581897 0.0197322 9.99472E-05 0.12911 0.252851 9.99472E-05 9.99472E-05 0.0147021
9.99385E-05 9.99385E-05 9.99385E-05 0.115572 0.540652 9.99385E-05 9.99385E-05 0.0301496 0.0481227 0.25796 9.99385E-05 9.99385E-05 0.00684419
9.98947E-05 9.98947E-05 9.98947E-05 9.98947E-05 0.998801 9.98947E-05 9.98947E-05 9.98947E-05 9.98947E-05 9.98947E-05 9.98947E-05 9.98947E-05 9.98947E-05
9.99472E-05 0.102603 0.0483235 0.107143 0.398024 9.99472E-05 0.055867 9.99472E-05 9.99472E-05 0.277389 9.99472E-05 9.99472E-05 0.0100508
9.99385E-05 0.0868529 9.99385E-05 9.99385E-05 0.664674 9.99385E-05 0.0989937 9.99385E-05 0.0339519 0.0777128 0.0371157 9.99385E-05 9.99385E-05
9.99297E-05 9.99297E-05 9.99297E-05 0.0913556 0.341548 9.99297E-05 9.99297E-05 0.184695 0.242605 0.138997 9.99297E-05 9.99297E-05 9.99297E-05
9.99296E-05 9.99296E-05 9.99296E-05 9.99296E-05 0.558396 0.00272767 9.99296E-05 9.99296E-05 0.0982368 0.313693 0.0261475 9.99296E-05 9.99296E-05
0.0557879 9.99386E-05 9.99386E-05 9.99386E-05 0.554105 9.99386E-05 9.99386E-05 0.126591 0.122742 0.0927633 0.047311 9.99386E-05 9.99386E-05
0.0529593 9.99384E-05 9.99384E-05 0.110083 0.446431 9.99384E-05 9.99384E-05 9.99384E-05 0.225409 0.144388 0.0200307 9.99384E-05 9.99384E-05
9.99385E-05 9.99385E-05 0.00214962 9.99385E-05 0.302566 0.0257867 9.99385E-05 0.0252209 0.536978 0.106599 9.99385E-05 9.99385E-05 9.99385E-05
9.99297E-05 9.99297E-05 0.033175 9.99297E-05 0.188748 9.99297E-05 9.99297E-05 9.99297E-05 0.372851 0.356592 9.99297E-05 9.99297E-05 0.047835
9.99296E-05 9.99296E-05 9.99296E-05 9.99296E-05 0.624791 0.0105655 9.99296E-05 0.0643293 0.162388 0.137127 9.99296E-05 9.99296E-05 9.99296E-05
