9.98683E-05 9.98683E-05 9.98683E-05 9.98683E-05 0.350232 9.98683E-05 9.98683E-05 9.98683E-05 9.98683E-05 9.98683E-05 0.0226492 9.98683E-05 0.0207264 0.315743 9.98683E-05 0.103995 9.98683E-05 9.98683E-05 9.98683E-05 0.0486642 9.98683E-05 0.01717 0.119322
9.98421E-05 9.98421E-05 9.98421E-05 9.98421E-05 0.209789 0.535915 0.120266 9.98421E-05 9.98421E-05 9.98421E-05 9.98421E-05 9.98421E-05 0.00207052 9.98421E-05 9.98421E-05 9.98421E-05 9.98421E-05 9.98421E-05 9.98421E-05 0.130163 9.98421E-05 9.98421E-05 9.98421E-05
0.0206515 0.043529 9.9842E-05 9.9842E-05 9.9842E-05 0.901004 9.9842E-05 9.9842E-05 9.9842E-05 9.9842E-05 9.9842E-05 9.9842E-05 9.9842E-05 9.9842E-05 9.9842E-05 9.9842E-05 9.9842E-05 9.9842E-05 9.9842E-05 9.9842E-05 9.9842E-05 0.0118281 0.0211902
9.98509E-05 0.0838061 9.98509E-05 9.98509E-05 0.276529 9.98509E-05 9.98509E-05 9.98509E-05 9.98509E-05 9.98509E-05 9.98509E-05 9.98509E-05 9.98509E-05 0.142344 0.201147 0.196253 9.98509E-05 9.98509E-05 9.98509E-05 9.98509E-05 9.98509E-05 9.98509E-05 0.0982229
9.98421E-05 0.063339 9.98421E-05 9.98421E-05 0.219411 0.684772 9.98421E-05 0.0206359 9.98421E-05 9.98421E-05 9.98421E-05 9.98421E-05 9.98421E-05 9.98421E-05 0.0100454 9.98421E-05 9.98421E-05 9.98421E-05 9.98421E-05 9.98421E-05 9.98421E-05 9.98421E-05 9.98421E-05
0.10975 0.193227 0.0159832 9.98685E-05 9.98685E-05 0.206833 9.98685E-05 0.0249371 9.98685E-05 9.98685E-05 9.98685E-05 9.98685E-05 9.98685E-05 0.304186 9.98685E-05 0.0206244 9.98685E-05 9.98685E-05 9.98685E-05 9.98685E-05 0.122961 9.98685E-05 9.98685E-05
9.98861E-05 9.98861E-05 0.111067 9.98861E-05 0.201112 9.98861E-05 9.98861E-05 0.0361339 9.98861E-05 9.98861E-05 0.0150879 9.98861E-05 0.0634431 0.251979 0.0839932 9.98861E-05 9.98861E-05 9.98861E-05 9.98861E-05 0.0637515 9.98861E-05 0.0536835 0.118451
0.0767831 9.98685E-05 9.98685E-05 9.98685E-05 0.138096 9.98685E-05 9.98685E-05 0.0550514 9.98685E-05 9.98685E-05 0.146065 0.065853 9.98685E-05 0.221273 9.98685E-05 9.98685E-05 9.98685E-05 9.98685E-05 9.98685E-05 9.98685E-05 0.131507 9.98685E-05 0.163872
9.98684E-05 0.104439 9.98684E-05 9.98684E-05 0.155064 0.0594178 9.98684E-05 9.98684E-05 9.98684E-05 0.0658114 9.98684E-05 9.98684E-05 0.18294 9.98684E-05 9.98684E-05 9.98684E-05 9.98684E-05 9.98684E-05 9.98684E-05 9.98684E-05 0.196616 0.207296 0.0269172
9.98245E-05 9.98245E-05 9.98245E-05 9.98245E-05 0.403296 0.51823 9.98245E-05 9.98245E-05 9.98245E-05 9.98245E-05 9.98245E-05 9.98245E-05 0.0764768 9.98245E-05 9.98245E-05 9.98245E-05 9.98245E-05 9.98245E-05 9.98245E-05 9.98245E-05 9.98245E-05 9.98245E-05 9.98245E-05
9.98684E-05 9.98684E-05 0.0426282 9.98684E-05 0.499177 9.98684E-05 9.98684E-05 9.98684E-05 0.0727338 9.98684E-05 9.98684E-05 9.98684E-05 0.0894154 0.182797 9.98684E-05 9.98684E-05 9.98684E-05 9.98684E-05 9.98684E-05 9.98684E-05 0.0394941 0.0554107 0.0168449
9.98334E-05 9.98334E-05 0.00148628 9.98334E-05 9.98334E-05 0.903748 9.98334E-05 9.98334E-05 9.98334E-05 9.98334E-05 9.98334E-05 9.98334E-05 9.98334E-05 0.0485593 0.0443096 9.98334E-05 9.98334E-05 9.98334E-05 9.98334E-05 9.98334E-05 9.98334E-05 9.98334E-05 9.98334E-05
9.98245E-05 9.98245E-05 9.98245E-05 9.98245E-05 0.914724 9.98245E-05 9.98245E-05 9.98245E-05 9.98245E-05 9.98245E-05 9.98245E-05 9.98245E-05 0.0521639 9.98245E-05 9.98245E-05 9.98245E-05 9.98245E-05 9.98245E-05 9.98245E-05 9.98245E-05 9.98245E-05 9.98245E-05 0.0311151
9.98683E-05 9.98683E-05 0.0356499 0.0198377 0.73326 9.98683E-05 9.98683E-05 9.98683E-05 9.98683E-05 9.98683E-05 9.98683E-05 0.0264741 0.0250467 9.98683E-05 9.98683E-05 0.000151363 9.98683E-05 0.101349 0.0567334 9.98683E-05 9.98683E-05 9.98683E-05 9.98683E-05
9.98771E-05 0.0867476 9.98771E-05 9.98771E-05 9.98771E-05 0.379703 9.98771E-05 9.98771E-05 9.98771E-05 0.08145 0.00358123 9.98771E-05 0.0938401 0.198141 9.98771E-05 9.98771E-05 9.98771E-05 9.98771E-05 9.98771E-05 9.98771E-05 0.132039 0.0142208 0.00887925
9.98702E-05 0.0612957 9.98702E-05 9.98702E-05 0.0194297 0.176183 9.98702E-05 9.98702E-05 9.98702E-05 9.98702E-05 9.98702E-05 0.064473 0.0936694 0.236319 0.103741 0.00180149 9.98702E-05 9.98702E-05 9.98702E-05 9.98702E-05 0.182701 9.98702E-05 0.0590874
9.98685E-05 9.98685E-05 0.0394289 0.129846 9.98685E-05 0.585707 9.98685E-05 9.98685E-05 9.98685E-05 9.98685E-05 9.98685E-05 0.00110601 0.087897 9.98685E-05 0.0412559 9.98685E-05 9.98685E-05 9.98685E-05 9.98685E-05 0.111388 9.98685E-05 9.98685E-05 0.00187352
9.98597E-05 9.98597E-05 9.98597E-05 9.98597E-05 0.151259 9.98597E-05 9.98597E-05 9.98597E-05 0.0796754 9.98597E-05 9.98597E-05 9.98597E-05 0.0823039 0.446614 9.98597E-05 9.98597E-05 0.166488 9.98597E-05 9.98597E-05 9.98597E-05 0.00690557 9.98597E-05 0.0651566
9.98596E-05 9.98596E-05 9.98596E-05 9.98596E-05 0.00324619 0.314416 9.98596E-05 0.184291 9.98596E-05 0.0457527 9.98596E-05 9.98596E-05 0.14698 9.98596E-05 9.98596E-05 9.98596E-05 9.98596E-05 9.98596E-05 9.98596E-05 9.98596E-05 0.0908729 9.98596E-05 0.212843
9.98245E-05 9.98245E-05 9.98245E-05 9.98245E-05 0.279129 0.651941 9.98245E-05 9.98245E-05 9.98245E-05 9.98245E-05 9.98245E-05 9.98245E-05 9.98245E-05 9.98245E-05 9.98245E-05 0.0669336 9.98245E-05 9.98245E-05 9.98245E-05 9.98245E-05 9.98245E-05 9.98245E-05 9.98245E-05
0.0102991 9.98859E-05 0.0822248 9.98859E-05 0.545946 9.98859E-05 9.98859E-05 9.98859E-05 0.00834404 0.00640365 9.98859E-05 9.98859E-05 9.98859E-05 9.98859E-05 0.183337 9.98859E-05 9.98859E-05 9.98859E-05 0.0884217 9.98859E-05 0.0624441 0.0104711 0.000810172
0.110845 9.98685E-05 9.98685E-05 9.98685E-05 0.0953961 0.168183 9.98685E-05 0.141931 9.98685E-05 0.0772942 0.0585111 9.98685E-05 9.98685E-05 9.98685E-05 9.98685E-05 9.98685E-05 9.98685E-05 9.98685E-05 9.98685E-05 9.98685E-05 0.120829 9.98685E-05 0.225512
9.98333E-05 9.98333E-05 0.0511732 9.98333E-05 0.617747 9.98333E-05 9.98333E-05 9.98333E-05 9.98333E-05 9.98333E-05 9.98333E-05 9.98333E-05 0.0570262 0.272157 9.98333E-05 9.98333E-05 9.98333E-05 9.98333E-05 9.98333E-05 9.98333E-05 9.98333E-05 9.98333E-05 9.98333E-05
9.98509E-05 9.98509E-05 9.98509E-05 9.98509E-05 0.185026 0.171328 9.98509E-05 9.98509E-05 9.98509E-05 0.00885477 9.98509E-05 9.98509E-05 0.290114 9.98509E-05 9.98509E-05 9.98509E-05 9.98509E-05 9.98509E-05 9.98509E-05 9.98509E-05 9.98509E-05 0.118795 0.224186
9.98595E-05 9.98595E-05 9.98595E-05 9.98595E-05 0.217713 0.0710063 9.98595E-05 9.98595E-05 9.98595E-05 9.98595E-05 9.98595E-05 9.98595E-05 0.232365 9.98595E-05 9.98595E-05 0.155919 9.98595E-05 9.98595E-05 0.200297 9.98595E-05 0.0384464 9.98595E-05 0.0826553
9.98509E-05 0.0608037 9.98509E-05 9.98509E-05 0.225612 0.504122 9.98509E-05 9.98509E-05 9.98509E-05 9.98509E-05 9.98509E-05 9.98509E-05 0.0896105 9.98509E-05 0.0334465 9.98509E-05 9.98509E-05 9.98509E-05 9.98509E-05 9.98509E-05 9.98509E-05 9.98509E-05 0.0847073
9.98684E-05 0.036688 9.98684E-05 9.98684E-05 9.98684E-05 9.98684E-05 9.98684E-05 9.98684E-05 9.98684E-05 0.431576 9.98684E-05 0.0411941 0.00893839 9.98684E-05 9.98684E-05 0.0137187 0.15363 9.98684E-05 0.162824 9.98684E-05 9.98684E-05 9.98684E-05 0.149934
0.00762816 9.98509E-05 9.98509E-05 9.98509E-05 0.831346 9.98509E-05 9.98509E-05 0.00602171 9.98509E-05 0.0438954 9.98509E-05 9.98509E-05 0.10265 9.98509E-05 9.98509E-05 9.98509E-05 9.98509E-05 9.98509E-05 9.98509E-05 9.98509E-05 9.98509E-05 9.98509E-05 0.0067612
9.98597E-05 9.98597E-05 9.98597E-05 9.98597E-05 9.98597E-05 0.540298 9.98597E-05 9.98597E-05 9.98597E-05 0.0844574 9.98597E-05 9.98597E-05 0.160456 0.0330355 9.98597E-05 9.98597E-05 9.98597E-05 9.98597E-05 0.121541 9.98597E-05 9.98597E-05 0.0110052 0.0476081
9.9886E-05 9.9886E-05 0.00679099 0.0133973 9.9886E-05 0.819489 9.9886E-05 0.00424534 9.9886E-05 0.0340984 9.9886E-05 9.9886E-05 0.0404499 9.9886E-05 9.9886E-05 9.9886E-05 9.9886E-05 9.9886E-05 0.00576237 0.00782339 0.0595169 0.00712828 9.9886E-05
9.98508E-05 9.98508E-05 0.0647119 9.98508E-05 0.293921 0.352703 9.98508E-05 0.0480769 9.98508E-05 0.184481 9.98508E-05 9.98508E-05 9.98508E-05 0.0544092 9.98508E-05 9.98508E-05 9.98508E-05 9.98508E-05 9.98508E-05 9.98508E-05 9.98508E-05 9.98508E-05 9.98508E-05
9.98772E-05 0.156231 0.0345884 9.98772E-05 0.504245 9.98772E-05 9.98772E-05 9.98772E-05 9.98772E-05 9.98772E-05 9.98772E-05 0.00134113 0.0505627 0.171262 0.0176636 9.98772E-05 9.98772E-05 9.98772E-05 0.023765 9.98772E-05 9.98772E-05 9.98772E-05 0.0389424
0.0793684 9.98859E-05 0.048398 9.98859E-05 0.205717 0.200595 9.98859E-05 9.98859E-05 9.98859E-05 9.98859E-05 9.98859E-05 0.0761034 9.98859E-05 0.104675 9.98859E-05 0.00359128 9.98859E-05 0.0127198 9.98859E-05 9.98859E-05 0.0529708 9.98859E-05 0.214563
9.98772E-05 9.98772E-05 0.000322047 9.98772E-05 9.98772E-05 0.477924 9.98772E-05 9.98772E-05 9.98772E-05 0.044648 9.98772E-05 0.0129796 0.111651 9.98772E-05 9.98772E-05 9.98772E-05 0.0328941 9.98772E-05 0.174756 9.98772E-05 9.98772E-05 0.000725287 0.142702
9.98422E-05 9.98422E-05 9.98422E-05 9.98422E-05 9.98422E-05 0.862749 9.98422E-05 9.98422E-05 9.98422E-05 9.98422E-05 9.98422E-05 9.98422E-05 0.0692064 9.98422E-05 9.98422E-05 0.00294457 0.0468028 9.98422E-05 9.98422E-05 0.0165005 9.98422E-05 9.98422E-05 9.98422E-05
9.98596E-05 9.98596E-05 9.98596E-05 9.98596E-05 0.0911996 0.516118 9.98596E-05 9.98596E-05 9.98596E-05 9.98596E-05 9.98596E-05 9.98596E-05 0.0200568 9.98596E-05 0.214214 9.98596E-05 9.98596E-05 0.132024 9.98596E-05 9.98596E-05 0.00317068 9.98596E-05 0.021619
9.98336E-05 9.98336E-05 9.98336E-05 9.98336E-05 0.473265 0.429385 9.98336E-05 0.0781554 9.98336E-05 9.98336E-05 9.98336E-05 9.98336E-05 9.98336E-05 9.98336E-05 9.98336E-05 9.98336E-05 9.98336E-05 9.98336E-05 9.98336E-05 9.98336E-05 9.98336E-05 9.98336E-05 0.0172976
9.98597E-05 9.98597E-05 9.98597E-05 9.98597E-05 0.0010581 0.651403 9.98597E-05 9.98597E-05 9.98597E-05 9.98597E-05 9.98597E-05 9.98597E-05 0.0591926 9.98597E-05 9.98597E-05 0.0631589 9.98597E-05 9.98597E-05 9.98597E-05 0.0676139 0.102547 9.98597E-05 0.0534293
9.98422E-05 0.110911 0.00307104 0.018308 9.98422E-05 0.681317 9.98422E-05 9.98422E-05 9.98422E-05 9.98422E-05 9.98422E-05 9.98422E-05 0.184596 9.98422E-05 9.98422E-05 9.98422E-05 9.98422E-05 9.98422E-05 9.98422E-05 9.98422E-05 9.98422E-05 9.98422E-05 9.98422E-05
9.98508E-05 0.0969136 9.98508E-05 9.98508E-05 9.98508E-05 0.626399 9.98508E-05 0.0130862 9.98508E-05 9.98508E-05 9.98508E-05 0.111489 0.135876 9.98508E-05 9.98508E-05 9.98508E-05 9.98508E-05 9.98508E-05 0.0145381 9.98508E-05 9.98508E-05 9.98508E-05 9.98508E-05
9.98422E-05 9.98422E-05 0.00923817 9.98422E-05 9.98422E-05 0.8031 9.98422E-05 9.98422E-05 9.98422E-05 9.98422E-05 9.98422E-05 9.98422E-05 0.0289635 9.98422E-05 0.058399 9.98422E-05 9.98422E-05 9.98422E-05 9.98422E-05 9.98422E-05 9.98422E-05 9.98422E-05 0.0985024
9.98334E-05 9.98334E-05 9.98334E-05 9.98334E-05 9.98334E-05 0.561323 9.98334E-05 9.98334E-05 9.98334E-05 0.345391 9.98334E-05 9.98334E-05 0.013778 9.98334E-05 9.98334E-05 9.98334E-05 9.98334E-05 9.98334E-05 9.98334E-05 9.98334E-05 9.98334E-05 9.98334E-05 0.0776105
9.98419E-05 9.98419E-05 9.98419E-05 0.0240062 0.55364 0.0748201 9.98419E-05 0.0382972 9.98419E-05 9.98419E-05 9.98419E-05 9.98419E-05 9.98419E-05 9.98419E-05 9.98419E-05 9.98419E-05 9.98419E-05 0.307439 9.98419E-05 9.98419E-05 9.98419E-05 9.98419E-05 9.98419E-05
9.98596E-05 9.98596E-05 0.0261627 9.98596E-05 9.98596E-05 0.404605 9.98596E-05 9.98596E-05 9.98596E-05 9.98596E-05 9.98596E-05 9.98596E-05 0.185065 0.136091 9.98596E-05 9.98596E-05 9.98596E-05 9.98596E-05 9.98596E-05 9.98596E-05 0.0978971 0.0198135 0.128768
9.98508E-05 9.98508E-05 9.98508E-05 9.98508E-05 0.253016 0.0179446 9.98508E-05 0.0549101 9.98508E-05 9.98508E-05 9.98508E-05 9.98508E-05 0.142804 9.98508E-05 0.0483978 9.98508E-05 9.98508E-05 9.98508E-05 9.98508E-05 9.98508E-05 9.98508E-05 9.98508E-05 0.48123
9.98332E-05 9.98332E-05 9.98332E-05 9.98332E-05 9.98332E-05 0.924426 9.98332E-05 9.98332E-05 0.0361935 9.98332E-05 9.98332E-05 9.98332E-05 0.019088 9.98332E-05 0.0183961 9.98332E-05 9.98332E-05 9.98332E-05 9.98332E-05 9.98332E-05 9.98332E-05 9.98332E-05 9.98332E-05
9.98331E-05 9.98331E-05 0.00148021 9.98331E-05 0.913513 9.98331E-05 9.98331E-05 9.98331E-05 9.98331E-05 9.98331E-05 9.98331E-05 9.98331E-05 0.0602729 9.98331E-05 9.98331E-05 9.98331E-05 9.98331E-05 9.98331E-05 9.98331E-05 9.98331E-05 0.0228366 9.98331E-05 9.98331E-05
9.9807E-05 9.9807E-05 9.9807E-05 9.9807E-05 9.9807E-05 0.997804 9.9807E-05 9.9807E-05 9.9807E-05 9.9807E-05 9.9807E-05 9.9807E-05 9.9807E-05 9.9807E-05 9.9807E-05 9.9807E-05 9.9807E-05 9.9807E-05 9.9807E-05 9.9807E-05 9.9807E-05 9.9807E-05 9.9807E-05
9.98595E-05 9.98595E-05 0.0243148 9.98595E-05 0.27627 0.400109 9.98595E-05 9.98595E-05 9.98595E-05 0.0114531 9.98595E-05 9.98595E-05 0.111732 0.0626233 9.98595E-05 9.98595E-05 9.98595E-05 9.98595E-05 9.98595E-05 9.98595E-05 9.98595E-05 9.98595E-05 0.1119
9.98423E-05 9.98423E-05 9.98423E-05 9.98423E-05 0.676025 9.98423E-05 0.206686 0.0455122 9.98423E-05 9.98423E-05 0.0513033 9.98423E-05 9.98423E-05 9.98423E-05 9.98423E-05 9.98423E-05 0.0186759 9.98423E-05 9.98423E-05 9.98423E-05 9.98423E-05 9.98423E-05 9.98423E-05
9.98683E-05 9.98683E-05 0.117298 9.98683E-05 0.381839 9.98683E-05 9.98683E-05 9.98683E-05 9.98683E-05 0.2731 9.98683E-05 9.98683E-05 0.138558 9.98683E-05 9.98683E-05 0.038795 0.0153098 9.98683E-05 0.0194156 9.98683E-05 0.0141865 9.98683E-05 9.98683E-05
9.9851E-05 9.9851E-05 9.9851E-05 9.9851E-05 0.320691 0.266663 9.9851E-05 9.9851E-05 9.9851E-05 9.9851E-05 9.9851E-05 9.9851E-05 9.9851E-05 9.9851E-05 0.0510656 9.9851E-05 9.9851E-05 9.9851E-05 9.9851E-05 9.9851E-05 0.0112668 0.119382 0.229234
9.98159E-05 9.98159E-05 9.98159E-05 9.98159E-05 9.98159E-05 0.995592 9.98159E-05 9.98159E-05 9.98159E-05 9.98159E-05 9.98159E-05 9.98159E-05 9.98159E-05 9.98159E-05 9.98159E-05 9.98159E-05 0.0023123 9.98159E-05 9.98159E-05 9.98159E-05 9.98159E-05 9.98159E-05 9.98159E-05
9.98597E-05 9.98597E-05 9.98597E-05 9.98597E-05 0.154948 0.354733 0.232018 9.98597E-05 9.98597E-05 9.98597E-05 9.98597E-05 0.181509 0.0517834 9.98597E-05 9.98597E-05 0.00728117 9.98597E-05 9.98597E-05 9.98597E-05 9.98597E-05 0.0161298 9.98597E-05 9.98597E-05
9.98512E-05 9.98512E-05 9.98512E-05 9.98512E-05 0.207311 0.524998 9.98512E-05 0.133264 9.98512E-05 0.0160511 9.98512E-05 0.00223944 0.114438 9.98512E-05 9.98512E-05 9.98512E-05 9.98512E-05 9.98512E-05 9.98512E-05 9.98512E-05 9.98512E-05 9.98512E-05 9.98512E-05
9.98598E-05 0.107777 0.0557705 9.98598E-05 9.98598E-05 0.672313 9.98598E-05 0.0585645 9.98598E-05 9.98598E-05 9.98598E-05 0.0210078 9.98598E-05 0.0192799 9.98598E-05 0.0636892 9.98598E-05 9.98598E-05 9.98598E-05 9.98598E-05 9.98598E-05 9.98598E-05 9.98598E-05
9.98421E-05 9.98421E-05 9.98421E-05 9.98421E-05 9.98421E-05 0.816552 9.98421E-05 0.0546965 9.98421E-05 9.98421E-05 9.98421E-05 9.98421E-05 0.00100746 9.98421E-05 9.98421E-05 9.98421E-05 0.0459993 9.98421E-05 9.98421E-05 9.98421E-05 9.98421E-05 9.98421E-05 0.079948
9.98333E-05 9.98333E-05 0.0295197 9.98333E-05 0.832404 9.98333E-05 9.98333E-05 9.98333E-05 9.98333E-05 9.98333E-05 9.98333E-05 9.98333E-05 0.0131963 9.98333E-05 0.122983 9.98333E-05 9.98333E-05 9.98333E-05 9.98333E-05 9.98333E-05 9.98333E-05 9.98333E-05 9.98333E-05
0.0503145 9.98508E-05 0.0156534 9.98508E-05 0.691556 0.161722 9.98508E-05 9.98508E-05 9.98508E-05 9.98508E-05 0.0586806 9.98508E-05 9.98508E-05 9.98508E-05 9.98508E-05 9.98508E-05 9.98508E-05 9.98508E-05 9.98508E-05 9.98508E-05 0.0203761 9.98508E-05 9.98508E-05
9.98508E-05 9.98508E-05 9.98508E-05 9.98508E-05 9.98508E-05 9.98508E-05 9.98508E-05 9.98508E-05 9.98508E-05 0.0127286 0.0992773 9.98508E-05 0.115834 0.709941 9.98508E-05 9.98508E-05 9.98508E-05 9.98508E-05 9.98508E-05 0.0483465 0.0121743 9.98508E-05 9.98508E-05
9.98156E-05 9.98156E-05 9.98156E-05 9.98156E-05 9.98156E-05 9.98156E-05 0.997659 9.98156E-05 9.98156E-05 9.98156E-05 9.98156E-05 9.98156E-05 9.98156E-05 9.98156E-05 0.000244894 9.98156E-05 9.98156E-05 9.98156E-05 9.98156E-05 9.98156E-05 9.98156E-05 9.98156E-05 9.98156E-05
9.98332E-05 9.98332E-05 9.98332E-05 0.00861686 9.98332E-05 9.98332E-05 0.43862 9.98332E-05 9.98332E-05 9.98332E-05 9.98332E-05 9.98332E-05 9.98332E-05 0.530062 9.98332E-05 9.98332E-05 0.0208047 9.98332E-05 9.98332E-05 9.98332E-05 9.98332E-05 9.98332E-05 9.98332E-05
9.98684E-05 0.00245048 9.98684E-05 9.98684E-05 9.98684E-05 9.98684E-05 9.98684E-05 0.0470218 9.98684E-05 9.98684E-05 9.98684E-05 9.98684E-05 0.00204314 0.551094 9.98684E-05 9.98684E-05 0.000243483 9.98684E-05 0.0559785 0.204232 0.135439 9.98684E-05 9.98684E-05
9.98681E-05 9.98681E-05 9.98681E-05 9.98681E-05 9.98681E-05 9.98681E-05 9.98681E-05 0.00107458 0.0575228 9.98681E-05 9.98681E-05 0.0190959 0.0198104 0.778652 9.98681E-05 0.0182722 9.98681E-05 9.98681E-05 9.98681E-05 9.98681E-05 0.0628666 9.98681E-05 0.041208
9.98241E-05 9.98241E-05 9.98241E-05 9.98241E-05 9.98241E-05 9.98241E-05 9.98241E-05 9.98241E-05 9.98241E-05 9.98241E-05 9.98241E-05 9.98241E-05 0.147573 0.84541 9.98241E-05 9.98241E-05 9.98241E-05 9.98241E-05 9.98241E-05 9.98241E-05 9.98241E-05 9.98241E-05 0.00502057
9.98507E-05 9.98507E-05 0.00149105 9.98507E-05 9.98507E-05 9.98507E-05 9.98507E-05 9.98507E-05 9.98507E-05 0.0150705 9.98507E-05 9.98507E-05 9.98507E-05 0.584787 0.0253912 9.98507E-05 9.98507E-05 9.98507E-05 9.98507E-05 0.37068 0.000882861 9.98507E-05 9.98507E-05
9.98507E-05 9.98507E-05 9.98507E-05 9.98507E-05 9.98507E-05 9.98507E-05 9.98507E-05 9.98507E-05 9.98507E-05 0.00471735 9.98507E-05 9.98507E-05 0.0329409 0.720528 9.98507E-05 9.98507E-05 0.0844273 9.98507E-05 9.98507E-05 0.108528 0.0471608 9.98507E-05 9.98507E-05
9.98157E-05 9.98157E-05 9.98157E-05 9.98157E-05 9.98157E-05 9.98157E-05 9.98157E-05 9.98157E-05 9.98157E-05 9.98157E-05 9.98157E-05 9.98157E-05 9.98157E-05 0.793857 9.98157E-05 9.98157E-05 9.98157E-05 0.204047 9.98157E-05 9.98157E-05 9.98157E-05 9.98157E-05 9.98157E-05
9.98245E-05 9.98245E-05 0.011909 9.98245E-05 9.98245E-05 9.98245E-05 0.00819854 9.98245E-05 9.98245E-05 9.98245E-05 9.98245E-05 9.98245E-05 9.98245E-05 0.977896 9.98245E-05 9.98245E-05 9.98245E-05 9.98245E-05 9.98245E-05 9.98245E-05 9.98245E-05 9.98245E-05 9.98245E-05
9.98506E-05 9.98506E-05 0.117936 9.98506E-05 9.98506E-05 9.98506E-05 9.98506E-05 9.98506E-05 0.0661957 9.98506E-05 9.98506E-05 9.98506E-05 0.157284 0.599804 9.98506E-05 9.98506E-05 0.0266081 9.98506E-05 9.98506E-05 9.98506E-05 0.0304747 9.98506E-05 9.98506E-05
9.9877E-05 9.9877E-05 0.0372804 9.9877E-05 9.9877E-05 9.9877E-05 9.9877E-05 0.0343836 9.9877E-05 9.9877E-05 9.9877E-05 0.0734782 0.0319798 0.655009 0.0213584 0.0202525 9.9877E-05 9.9877E-05 9.9877E-05 0.0229936 9.9877E-05 9.9877E-05 0.101866
0.115342 0.00755049 0.0155027 9.98594E-05 9.98594E-05 9.98594E-05 9.98594E-05 9.98594E-05 9.98594E-05 9.98594E-05 9.98594E-05 0.0732915 9.98594E-05 0.610413 9.98594E-05 0.0455382 9.98594E-05 9.98594E-05 9.98594E-05 9.98594E-05 0.130764 9.98594E-05 9.98594E-05
0.00506599 9.9877E-05 9.9877E-05 9.9877E-05 9.9877E-05 9.9877E-05 9.9877E-05 0.0391941 9.9877E-05 0.0619982 9.9877E-05 0.00347806 0.116364 0.603467 9.9877E-05 9.9877E-05 9.9877E-05 9.9877E-05 9.9877E-05 0.0497605 0.022505 9.9877E-05 0.0967688
9.98247E-05 9.98247E-05 9.98247E-05 9.98247E-05 9.98247E-05 9.98247E-05 9.98247E-05 9.98247E-05 9.98247E-05 9.98247E-05 9.98247E-05 0.0238668 9.98247E-05 0.693508 9.98247E-05 9.98247E-05 9.98247E-05 0.280628 9.98247E-05 9.98247E-05 9.98247E-05 9.98247E-05 9.98247E-05
9.98423E-05 9.98423E-05 9.98423E-05 0.0398674 9.98423E-05 9.98423E-05 9.98423E-05 9.98423E-05 9.98423E-05 0.107275 9.98423E-05 9.98423E-05 9.98423E-05 0.774216 0.063612 9.98423E-05 9.98423E-05 9.98423E-05 9.98423E-05 9.98423E-05 0.0132323 9.98423E-05 9.98423E-05
9.98156E-05 9.98156E-05 9.98156E-05 9.98156E-05 9.98156E-05 9.98156E-05 9.98156E-05 9.98156E-05 9.98156E-05 9.98156E-05 0.159901 9.98156E-05 9.98156E-05 0.838002 9.98156E-05 9.98156E-05 9.98156E-05 9.98156E-05 9.98156E-05 9.98156E-05 9.98156E-05 9.98156E-05 9.98156E-05
9.98507E-05 9.98507E-05 0.114344 9.98507E-05 9.98507E-05 9.98507E-05 9.98507E-05 0.00733713 9.98507E-05 9.98507E-05 9.98507E-05 9.98507E-05 9.98507E-05 0.666114 0.036517 9.98507E-05 9.98507E-05 9.98507E-05 9.98507E-05 9.98507E-05 0.0339032 9.98507E-05 0.140087
9.98245E-05 9.98245E-05 0.0253278 9.98245E-05 9.98245E-05 9.98245E-05 9.98245E-05 0.0380146 9.98245E-05 9.98245E-05 9.98245E-05 9.98245E-05 9.98245E-05 0.934661 9.98245E-05 9.98245E-05 9.98245E-05 9.98245E-05 9.98245E-05 9.98245E-05 9.98245E-05 9.98245E-05 9.98245E-05
9.98418E-05 9.98418E-05 9.98418E-05 9.98418E-05 9.98418E-05 9.98418E-05 9.98418E-05 9.98418E-05 9.98418E-05 0.176416 9.98418E-05 0.0231643 0.132645 0.640103 9.98418E-05 0.0258749 9.98418E-05 9.98418E-05 9.98418E-05 9.98418E-05 9.98418E-05 9.98418E-05 9.98418E-05
9.9807E-05 9.9807E-05 9.9807E-05 9.9807E-05 9.9807E-05 9.9807E-05 0.997804 9.9807E-05 9.9807E-05 9.9807E-05 9.9807E-05 9.9807E-05 9.9807E-05 9.9807E-05 9.9807E-05 9.9807E-05 9.9807E-05 9.9807E-05 9.9807E-05 9.9807E-05 9.9807E-05 9.9807E-05 9.9807E-05
9.9833E-05 9.9833E-05 9.9833E-05 9.9833E-05 9.9833E-05 9.9833E-05 9.9833E-05 9.9833E-05 9.9833E-05 0.0859255 9.9833E-05 9.9833E-05 0.000275003 0.734452 9.9833E-05 9.9833E-05 9.9833E-05 9.9833E-05 9.9833E-05 9.9833E-05 9.9833E-05 9.9833E-05 0.17745
9.9851E-05 0.00467159 9.9851E-05 9.9851E-05 9.9851E-05 9.9851E-05 9.9851E-05 9.9851E-05 9.9851E-05 9.9851E-05 9.9851E-05 9.9851E-05 0.00277971 0.780293 9.9851E-05 0.0212851 9.9851E-05 9.9851E-05 0.139572 0.0497015 9.9851E-05 9.9851E-05 9.9851E-05
9.98683E-05 9.98683E-05 0.034242 9.98683E-05 9.98683E-05 9.98683E-05 0.0896455 0.0732155 9.98683E-05 0.0742785 9.98683E-05 0.0402086 9.98683E-05 0.634731 9.98683E-05 9.98683E-05 0.0149788 9.98683E-05 9.98683E-05 9.98683E-05 9.98683E-05 0.0372016 9.98683E-05
9.98156E-05 9.98156E-05 0.115464 9.98156E-05 9.98156E-05 9.98156E-05 9.98156E-05 9.98156E-05 9.98156E-05 9.98156E-05 9.98156E-05 9.98156E-05 9.98156E-05 0.88244 9.98156E-05 9.98156E-05 9.98156E-05 9.98156E-05 9.98156E-05 9.98156E-05 9.98156E-05 9.98156E-05 9.98156E-05
0.0763931 9.98335E-05 9.98335E-05 9.98335E-05 9.98335E-05 9.98335E-05 0.638449 9.98335E-05 9.98335E-05 9.98335E-05 9.98335E-05 9.98335E-05 0.0263238 0.256937 9.98335E-05 9.98335E-05 9.98335E-05 9.98335E-05 9.98335E-05 9.98335E-05 9.98335E-05 9.98335E-05 9.98335E-05
9.9816E-05 9.9816E-05 9.9816E-05 9.9816E-05 9.9816E-05 9.9816E-05 9.9816E-05 9.9816E-05 9.9816E-05 9.9816E-05 9.9816E-05 9.9816E-05 9.9816E-05 0.960382 9.9816E-05 9.9816E-05 9.9816E-05 0.0375222 9.9816E-05 9.9816E-05 9.9816E-05 9.9816E-05 9.9816E-05
9.98067E-05 9.98067E-05 9.98067E-05 9.98067E-05 9.98067E-05 9.98067E-05 0.997804 9.98067E-05 9.98067E-05 9.98067E-05 9.98067E-05 9.98067E-05 9.98067E-05 9.98067E-05 9.98067E-05 9.98067E-05 9.98067E-05 9.98067E-05 9.98067E-05 9.98067E-05 9.98067E-05 9.98067E-05 9.98067E-05
9.98158E-05 9.98158E-05 9.98158E-05 9.98158E-05 9.98158E-05 9.98158E-05 9.98158E-05 9.98158E-05 9.98158E-05 9.98158E-05 9.98158E-05 9.98158E-05 9.98158E-05 0.948472 9.98158E-05 9.98158E-05 0.0494322 9.98158E-05 9.98158E-05 9.98158E-05 9.98158E-05 9.98158E-05 9.98158E-05
0.00423285 9.98596E-05 9.98596E-05 9.98596E-05 9.98596E-05 9.98596E-05 0.145648 9.98596E-05 9.98596E-05 9.98596E-05 9.98596E-05 9.98596E-05 0.0440355 0.241282 9.98596E-05 0.0274889 9.98596E-05 0.456587 9.98596E-05 9.98596E-05 0.079127 9.98596E-05 9.98596E-05
9.98333E-05 0.694642 9.98333E-05 9.98333E-05 9.98333E-05 9.98333E-05 9.98333E-05 9.98333E-05 9.98333E-05 9.98333E-05 9.98333E-05 9.98333E-05 0.0621983 9.98333E-05 9.98333E-05 9.98333E-05 9.98333E-05 9.98333E-05 0.135539 9.98333E-05 0.105724 9.98333E-05 9.98333E-05
9.98422E-05 0.17495 9.98422E-05 0.413908 9.98422E-05 9.98422E-05 9.98422E-05 9.98422E-05 9.98422E-05 0.0337686 9.98422E-05 9.98422E-05 9.98422E-05 9.98422E-05 9.98422E-05 9.98422E-05 9.98422E-05 9.98422E-05 0.347669 9.98422E-05 0.0279068 9.98422E-05 9.98422E-05
0.00231291 0.238467 9.98331E-05 9.98331E-05 9.98331E-05 9.98331E-05 9.98331E-05 9.98331E-05 9.98331E-05 9.98331E-05 9.98331E-05 9.98331E-05 0.0613887 9.98331E-05 9.98331E-05 9.98331E-05 9.98331E-05 9.98331E-05 0.695934 9.98331E-05 9.98331E-05 9.98331E-05 9.98331E-05
9.98505E-05 0.427772 0.0250841 9.98505E-05 9.98505E-05 9.98505E-05 9.98505E-05 9.98505E-05 9.98505E-05 9.98505E-05 9.98505E-05 9.98505E-05 0.102676 9.98505E-05 9.98505E-05 9.98505E-05 0.0191737 9.98505E-05 0.365662 9.98505E-05 0.0579352 9.98505E-05 9.98505E-05
9.98243E-05 0.81376 9.98243E-05 9.98243E-05 9.98243E-05 9.98243E-05 9.98243E-05 9.98243E-05 9.98243E-05 9.98243E-05 9.98243E-05 9.98243E-05 9.98243E-05 9.98243E-05 9.98243E-05 9.98243E-05 9.98243E-05 9.98243E-05 0.121685 9.98243E-05 0.0625584 9.98243E-05 9.98243E-05
9.98509E-05 0.631634 9.98509E-05 0.0141845 9.98509E-05 9.98509E-05 9.98509E-05 9.98509E-05 9.98509E-05 9.98509E-05 9.98509E-05 9.98509E-05 0.172105 9.98509E-05 0.0069247 9.98509E-05 9.98509E-05 9.98509E-05 9.98509E-05 0.0236786 0.149775 9.98509E-05 9.98509E-05
9.98418E-05 9.98418E-05 9.98418E-05 9.98418E-05 9.98418E-05 9.98418E-05 9.98418E-05 9.98418E-05 9.98418E-05 9.98418E-05 9.98418E-05 9.98418E-05 0.0571775 9.98418E-05 9.98418E-05 9.98418E-05 0.00614188 9.98418E-05 0.825208 9.98418E-05 0.0114701 9.98418E-05 0.0982052
9.98243E-05 0.00553567 9.98243E-05 9.98243E-05 9.98243E-05 9.98243E-05 9.98243E-05 9.98243E-05 9.98243E-05 9.98243E-05 9.98243E-05 9.98243E-05 9.98243E-05 9.98243E-05 9.98243E-05 9.98243E-05 9.98243E-05 9.98243E-05 0.796595 9.98243E-05 0.195873 9.98243E-05 9.98243E-05
9.9833E-05 9.9833E-05 9.9833E-05 9.9833E-05 9.9833E-05 9.9833E-05 9.9833E-05 9.9833E-05 9.9833E-05 0.219869 9.9833E-05 9.9833E-05 9.9833E-05 9.9833E-05 9.9833E-05 9.9833E-05 9.9833E-05 9.9833E-05 0.340016 0.15145 0.286768 9.9833E-05 9.9833E-05
9.98507E-05 0.0204469 9.98507E-05 9.98507E-05 9.98507E-05 9.98507E-05 9.98507E-05 9.98507E-05 9.98507E-05 9.98507E-05 9.98507E-05 9.98507E-05 0.215627 9.98507E-05 0.0224892 9.98507E-05 9.98507E-05 9.98507E-05 0.476489 9.98507E-05 0.251193 9.98507E-05 0.0120573
9.98421E-05 0.414304 9.98421E-05 0.231472 9.98421E-05 9.98421E-05 9.98421E-05 9.98421E-05 9.98421E-05 9.98421E-05 9.98421E-05 9.98421E-05 9.98421E-05 9.98421E-05 9.98421E-05 9.98421E-05 9.98421E-05 9.98421E-05 0.103117 0.227785 0.0215245 9.98421E-05 9.98421E-05
9.9851E-05 0.524771 0.00110061 0.0523257 9.9851E-05 9.9851E-05 9.9851E-05 9.9851E-05 9.9851E-05 9.9851E-05 9.9851E-05 9.9851E-05 0.0308139 9.9851E-05 9.9851E-05 9.9851E-05 9.9851E-05 9.9851E-05 0.269532 0.119759 9.9851E-05 9.9851E-05 9.9851E-05
9.98246E-05 0.229908 9.98246E-05 9.98246E-05 9.98246E-05 9.98246E-05 9.98246E-05 9.98246E-05 9.98246E-05 9.98246E-05 9.98246E-05 9.98246E-05 9.98246E-05 9.98246E-05 9.98246E-05 9.98246E-05 9.98246E-05 9.98246E-05 0.71942 9.98246E-05 0.0486759 9.98246E-05 9.98246E-05
9.9851E-05 0.451986 9.9851E-05 0.00758947 9.9851E-05 9.9851E-05 9.9851E-05 9.9851E-05 9.9851E-05 9.9851E-05 9.9851E-05 9.9851E-05 0.171507 9.9851E-05 9.9851E-05 9.9851E-05 9.9851E-05 9.9851E-05 0.206525 9.9851E-05 0.147138 0.013557 9.9851E-05
9.98772E-05 0.357804 0.0586996 0.0882312 9.98772E-05 9.98772E-05 9.98772E-05 0.0473025 0.0226153 9.98772E-05 9.98772E-05 0.0425336 9.98772E-05 9.98772E-05 9.98772E-05 9.98772E-05 0.100244 9.98772E-05 0.248446 9.98772E-05 0.0327258 9.98772E-05 9.98772E-05
9.98772E-05 0.450641 0.0785873 9.98772E-05 9.98772E-05 9.98772E-05 9.98772E-05 9.98772E-05 0.0530419 9.98772E-05 0.0604743 0.0303009 0.107389 9.98772E-05 9.98772E-05 9.98772E-05 0.00662622 9.98772E-05 0.128686 9.98772E-05 0.0828552 9.98772E-05 9.98772E-05
9.98421E-05 0.443909 9.98421E-05 9.98421E-05 9.98421E-05 9.98421E-05 9.98421E-05 9.98421E-05 0.0177898 9.98421E-05 9.98421E-05 9.98421E-05 0.0740432 9.98421E-05 9.98421E-05 9.98421E-05 9.98421E-05 9.98421E-05 0.251425 0.211036 9.98421E-05 9.98421E-05 9.98421E-05
0.0630813 0.66033 0.0587547 0.0192063 9.98598E-05 9.98598E-05 9.98598E-05 9.98598E-05 9.98598E-05 0.0842837 9.98598E-05 9.98598E-05 9.98598E-05 9.98598E-05 9.98598E-05 9.98598E-05 9.98598E-05 9.98598E-05 9.98598E-05 9.98598E-05 0.00847287 9.98598E-05 0.104273
9.98334E-05 0.863734 0.00990502 0.0147293 9.98334E-05 9.98334E-05 9.98334E-05 9.98334E-05 9.98334E-05 9.98334E-05 9.98334E-05 9.98334E-05 9.98334E-05 9.98334E-05 9.98334E-05 9.98334E-05 9.98334E-05 9.98334E-05 0.109734 9.98334E-05 9.98334E-05 9.98334E-05 9.98334E-05
9.98771E-05 0.370942 9.98771E-05 0.172371 9.98771E-05 9.98771E-05 9.98771E-05 9.98771E-05 0.0677983 0.0575885 9.98771E-05 9.98771E-05 0.0855872 0.0219368 0.070595 9.98771E-05 9.98771E-05 9.98771E-05 0.11703 9.98771E-05 0.0347532 9.98771E-05 9.98771E-05
0.0308653 0.717144 9.98684E-05 0.0495954 9.98684E-05 9.98684E-05 9.98684E-05 9.98684E-05 9.98684E-05 9.98684E-05 9.98684E-05 9.98684E-05 0.0707697 9.98684E-05 0.00527428 9.98684E-05 9.98684E-05 9.98684E-05 9.98684E-05 0.0641611 0.0486525 9.98684E-05 0.0120394
9.98422E-05 0.753885 9.98422E-05 9.98422E-05 9.98422E-05 9.98422E-05 9.98422E-05 9.98422E-05 9.98422E-05 9.98422E-05 9.98422E-05 9.98422E-05 0.0655066 9.98422E-05 9.98422E-05 9.98422E-05 0.0107446 9.98422E-05 0.120961 9.98422E-05 0.0471055 9.98422E-05 9.98422E-05
9.9842E-05 0.516572 9.9842E-05 9.9842E-05 9.9842E-05 9.9842E-05 9.9842E-05 9.9842E-05 0.0509902 9.9842E-05 9.9842E-05 9.9842E-05 0.202388 9.9842E-05 9.9842E-05 9.9842E-05 9.9842E-05 9.9842E-05 9.9842E-05 0.0894192 0.138833 9.9842E-05 9.9842E-05
9.98421E-05 0.610017 9.98421E-05 0.118676 9.98421E-05 9.98421E-05 9.98421E-05 9.98421E-05 9.98421E-05 9.98421E-05 9.98421E-05 9.98421E-05 0.00500296 9.98421E-05 9.98421E-05 9.98421E-05 9.98421E-05 9.98421E-05 0.0958521 9.98421E-05 0.168656 9.98421E-05 9.98421E-05
9.98421E-05 0.45179 9.98421E-05 9.98421E-05 9.98421E-05 9.98421E-05 9.98421E-05 9.98421E-05 0.0952764 9.98421E-05 9.98421E-05 9.98421E-05 0.188711 9.98421E-05 9.98421E-05 9.98421E-05 9.98421E-05 9.98421E-05 9.98421E-05 0.0660767 0.196349 9.98421E-05 9.98421E-05
9.98422E-05 9.98422E-05 9.98422E-05 0.118119 9.98422E-05 9.98422E-05 9.98422E-05 9.98422E-05 9.98422E-05 9.98422E-05 9.98422E-05 9.98422E-05 0.0448489 9.98422E-05 9.98422E-05 9.98422E-05 9.98422E-05 9.98422E-05 0.619228 0.0965538 0.119453 9.98422E-05 9.98422E-05
9.98596E-05 0.324406 9.98596E-05 0.495227 9.98596E-05 0.00959716 9.98596E-05 9.98596E-05 9.98596E-05 9.98596E-05 0.00463236 9.98596E-05 0.0358585 9.98596E-05 9.98596E-05 0.0296173 9.98596E-05 9.98596E-05 9.98596E-05 9.98596E-05 9.98596E-05 0.0990637 9.98596E-05
9.9833E-05 0.364654 9.9833E-05 9.9833E-05 9.9833E-05 9.9833E-05 9.9833E-05 9.9833E-05 9.9833E-05 9.9833E-05 9.9833E-05 9.9833E-05 0.0939662 9.9833E-05 9.9833E-05 9.9833E-05 9.9833E-05 9.9833E-05 0.482958 9.9833E-05 0.056525 9.9833E-05 9.9833E-05
9.98334E-05 0.408074 9.98334E-05 9.98334E-05 9.98334E-05 9.98334E-05 9.98334E-05 9.98334E-05 9.98334E-05 9.98334E-05 9.98334E-05 9.98334E-05 0.181137 9.98334E-05 9.98334E-05 9.98334E-05 9.98334E-05 9.98334E-05 0.207135 9.98334E-05 0.201757 9.98334E-05 9.98334E-05
9.98509E-05 0.615363 0.0271906 0.0394389 9.98509E-05 9.98509E-05 9.98509E-05 9.98509E-05 0.06744 9.98509E-05 9.98509E-05 9.98509E-05 0.0923654 9.98509E-05 9.98509E-05 9.98509E-05 9.98509E-05 9.98509E-05 0.156504 9.98509E-05 9.98509E-05 9.98509E-05 9.98509E-05
9.98421E-05 9.98421E-05 9.98421E-05 9.98421E-05 9.98421E-05 9.98421E-05 9.98421E-05 9.98421E-05 9.98421E-05 9.98421E-05 9.98421E-05 0.0220893 0.130659 9.98421E-05 9.98421E-05 9.98421E-05 9.98421E-05 9.98421E-05 0.841161 0.00325819 0.00103566 9.98421E-05 9.98421E-05
9.9842E-05 0.345319 0.00354983 9.9842E-05 9.9842E-05 9.9842E-05 9.9842E-05 9.9842E-05 0.0415444 9.9842E-05 9.9842E-05 0.0109461 9.9842E-05 9.9842E-05 9.9842E-05 9.9842E-05 9.9842E-05 9.9842E-05 0.596844 9.9842E-05 9.9842E-05 9.9842E-05 9.9842E-05
0.0129169 0.378542 9.98507E-05 9.98507E-05 9.98507E-05 9.98507E-05 9.98507E-05 9.98507E-05 0.16881 9.98507E-05 9.98507E-05 9.98507E-05 0.0939337 9.98507E-05 9.98507E-05 9.98507E-05 9.98507E-05 9.98507E-05 0.0493896 9.98507E-05 0.29471 9.98507E-05 9.98507E-05
9.98594E-05 0.309711 9.98594E-05 9.98594E-05 9.98594E-05 9.98594E-05 9.98594E-05 0.0159153 9.98594E-05 0.00696643 9.98594E-05 9.98594E-05 0.00578168 9.98594E-05 9.98594E-05 0.035568 9.98594E-05 9.98594E-05 0.524144 9.98594E-05 9.98594E-05 9.98594E-05 0.100316
9.98244E-05 9.98244E-05 9.98244E-05 9.98244E-05 9.98244E-05 9.98244E-05 9.98244E-05 9.98244E-05 0.00160473 9.98244E-05 9.98244E-05 9.98244E-05 0.0213715 9.98244E-05 9.98244E-05 9.98244E-05 9.98244E-05 9.98244E-05 0.975027 9.98244E-05 9.98244E-05 9.98244E-05 9.98244E-05
9.98508E-05 0.369758 0.0256517 0.0704854 9.98508E-05 9.98508E-05 9.98508E-05 9.98508E-05 9.98508E-05 0.183152 9.98508E-05 9.98508E-05 9.98508E-05 9.98508E-05 0.0271209 9.98508E-05 9.98508E-05 9.98508E-05 0.322134 9.98508E-05 9.98508E-05 9.98508E-05 9.98508E-05
9.98419E-05 0.452331 9.98419E-05 9.98419E-05 9.98419E-05 9.98419E-05 9.98419E-05 9.98419E-05 9.98419E-05 9.98419E-05 9.98419E-05 9.98419E-05 0.212499 9.98419E-05 9.98419E-05 9.98419E-05 0.0461746 9.98419E-05 0.183284 9.98419E-05 0.103914 9.98419E-05 9.98419E-05
9.98244E-05 0.382496 9.98244E-05 0.552625 9.98244E-05 9.98244E-05 9.98244E-05 9.98244E-05 9.98244E-05 9.98244E-05 9.98244E-05 9.98244E-05 9.98244E-05 9.98244E-05 9.98244E-05 9.98244E-05 9.98244E-05 9.98244E-05 9.98244E-05 9.98244E-05 0.0628824 9.98244E-05 9.98244E-05
9.98422E-05 0.589894 9.98422E-05 0.207824 9.98422E-05 9.98422E-05 9.98422E-05 9.98422E-05 9.98422E-05 9.98422E-05 9.98422E-05 9.98422E-05 0.0794279 9.98422E-05 9.98422E-05 9.98422E-05 9.98422E-05 9.98422E-05 0.116046 9.98422E-05 0.00501095 9.98422E-05 9.98422E-05
9.98247E-05 0.203428 9.98247E-05 0.152913 9.98247E-05 9.98247E-05 9.98247E-05 9.98247E-05 9.98247E-05 9.98247E-05 9.98247E-05 9.98247E-05 9.98247E-05 9.98247E-05 9.98247E-05 9.98247E-05 9.98247E-05 9.98247E-05 0.641662 9.98247E-05 9.98247E-05 9.98247E-05 9.98247E-05
9.98597E-05 0.37791 9.98597E-05 0.434416 9.98597E-05 9.98597E-05 9.98597E-05 9.98597E-05 0.0464027 9.98597E-05 9.98597E-05 9.98597E-05 9.98597E-05 9.98597E-05 0.0200986 9.98597E-05 9.98597E-05 9.98597E-05 0.00732999 0.0701931 0.0420511 9.98597E-05 9.98597E-05
9.98507E-05 0.392314 9.98507E-05 9.98507E-05 9.98507E-05 9.98507E-05 9.98507E-05 9.98507E-05 9.98507E-05 0.133499 9.98507E-05 9.98507E-05 0.286591 9.98507E-05 9.98507E-05 9.98507E-05 9.98507E-05 9.98507E-05 0.0670287 0.0225445 0.0963252 9.98507E-05 9.98507E-05
0.0188572 0.71551 9.98422E-05 9.98422E-05 9.98422E-05 9.98422E-05 9.98422E-05 9.98422E-05 9.98422E-05 9.98422E-05 9.98422E-05 9.98422E-05 9.98422E-05 9.98422E-05 9.98422E-05 9.98422E-05 9.98422E-05 9.98422E-05 0.138418 9.98422E-05 0.110292 9.98422E-05 0.0151252
9.98509E-05 0.259695 9.98509E-05 0.437832 9.98509E-05 9.98509E-05 9.98509E-05 9.98509E-05 0.0614376 0.0220671 9.98509E-05 9.98509E-05 0.0659227 9.98509E-05 9.98509E-05 9.98509E-05 9.98509E-05 9.98509E-05 9.98509E-05 9.98509E-05 0.151347 9.98509E-05 9.98509E-05
9.98333E-05 9.98333E-05 9.98333E-05 0.322924 9.98333E-05 0.0222013 9.98333E-05 9.98333E-05 9.98333E-05 9.98333E-05 9.98333E-05 9.98333E-05 0.0068499 9.98333E-05 9.98333E-05 9.98333E-05 9.98333E-05 9.98333E-05 0.646128 9.98333E-05 9.98333E-05 9.98333E-05 9.98333E-05
9.98595E-05 0.225901 9.98595E-05 9.98595E-05 9.98595E-05 9.98595E-05 9.98595E-05 9.98595E-05 0.121756 0.041676 9.98595E-05 9.98595E-05 9.98595E-05 9.98595E-05 9.98595E-05 9.98595E-05 9.98595E-05 9.98595E-05 0.284029 0.0683003 0.245434 9.98595E-05 0.0113059
9.98333E-05 9.98333E-05 9.98333E-05 9.98333E-05 9.98333E-05 9.98333E-05 9.98333E-05 9.98333E-05 9.98333E-05 0.118542 9.98333E-05 9.98333E-05 0.0610098 9.98333E-05 9.98333E-05 9.98333E-05 9.98333E-05 9.98333E-05 0.776303 9.98333E-05 0.0422479 9.98333E-05 9.98333E-05
9.98738E-05 0.0399964 9.98738E-05 9.98738E-05 9.98738E-05 9.98738E-05 9.98738E-05 9.98738E-05 9.98738E-05 9.98738E-05 9.98738E-05 9.98738E-05 0.00673433 9.98738E-05 9.98738E-05 9.98738E-05 0.0206333 0.0798545 0.428447 0.111058 0.167162 0.144616 9.98738E-05
9.98597E-05 0.329023 9.98597E-05 9.98597E-05 9.98597E-05 9.98597E-05 9.98597E-05 9.98597E-05 9.98597E-05 0.0690089 9.98597E-05 9.98597E-05 0.200398 9.98597E-05 9.98597E-05 9.98597E-05 9.98597E-05 9.98597E-05 0.0804984 9.98597E-05 0.254727 0.00702354 0.0577229
9.98246E-05 0.186123 9.98246E-05 0.419323 9.98246E-05 9.98246E-05 9.98246E-05 9.98246E-05 9.98246E-05 9.98246E-05 9.98246E-05 9.98246E-05 9.98246E-05 9.98246E-05 9.98246E-05 9.98246E-05 9.98246E-05 9.98246E-05 0.392557 9.98246E-05 9.98246E-05 9.98246E-05 9.98246E-05
9.98419E-05 0.41709 9.98419E-05 9.98419E-05 9.98419E-05 9.98419E-05 9.98419E-05 9.98419E-05 9.98419E-05 0.0495424 9.98419E-05 9.98419E-05 0.100705 9.98419E-05 0.179184 9.98419E-05 9.98419E-05 9.98419E-05 0.251681 9.98419E-05 9.98419E-05 9.98419E-05 9.98419E-05
9.98509E-05 0.291542 0.0117877 0.508813 9.98509E-05 9.98509E-05 9.98509E-05 9.98509E-05 9.98509E-05 9.98509E-05 9.98509E-05 9.98509E-05 0.014099 9.98509E-05 9.98509E-05 9.98509E-05 9.98509E-05 0.0514885 9.98509E-05 9.98509E-05 0.120573 9.98509E-05 9.98509E-05
9.98334E-05 0.71273 9.98334E-05 0.14013 9.98334E-05 9.98334E-05 9.98334E-05 9.98334E-05 9.98334E-05 9.98334E-05 9.98334E-05 9.98334E-05 0.0605697 9.98334E-05 9.98334E-05 9.98334E-05 9.98334E-05 9.98334E-05 9.98334E-05 9.98334E-05 0.0846733 9.98334E-05 9.98334E-05
9.98422E-05 0.835626 9.98422E-05 9.98422E-05 9.98422E-05 9.98422E-05 9.98422E-05 9.98422E-05 9.98422E-05 9.98422E-05 9.98422E-05 0.0913329 9.98422E-05 9.98422E-05 9.98422E-05 9.98422E-05 0.00643607 9.98422E-05 0.0593178 9.98422E-05 0.00549038 9.98422E-05 9.98422E-05
9.98419E-05 0.353933 0.00942295 9.98419E-05 9.98419E-05 9.98419E-05 9.98419E-05 9.98419E-05 9.98419E-05 9.98419E-05 9.98419E-05 9.98419E-05 9.98419E-05 9.98419E-05 0.048719 9.98419E-05 0.0709823 9.98419E-05 0.515145 9.98419E-05 9.98419E-05 9.98419E-05 9.98419E-05
9.9842E-05 0.378827 9.9842E-05 9.9842E-05 9.9842E-05 9.9842E-05 9.9842E-05 9.9842E-05 9.9842E-05 9.9842E-05 9.9842E-05 9.9842E-05 0.124092 9.9842E-05 9.9842E-05 9.9842E-05 9.9842E-05 9.9842E-05 0.0738894 0.250677 0.170718 9.9842E-05 9.9842E-05
9.98332E-05 0.493947 9.98332E-05 9.98332E-05 9.98332E-05 9.98332E-05 9.98332E-05 9.98332E-05 9.98332E-05 9.98332E-05 9.98332E-05 9.98332E-05 0.0768077 9.98332E-05 9.98332E-05 9.98332E-05 9.98332E-05 9.98332E-05 0.335564 9.98332E-05 0.0917842 9.98332E-05 9.98332E-05
0.0847851 0.347027 9.98419E-05 9.98419E-05 9.98419E-05 9.98419E-05 9.98419E-05 9.98419E-05 0.0291867 9.98419E-05 9.98419E-05 9.98419E-05 9.98419E-05 9.98419E-05 9.98419E-05 9.98419E-05 9.98419E-05 9.98419E-05 0.529341 9.98419E-05 9.98419E-05 0.00786253 9.98419E-05
9.98421E-05 0.664708 9.98421E-05 0.0931974 9.98421E-05 9.98421E-05 9.98421E-05 9.98421E-05 0.14939 9.98421E-05 9.98421E-05 9.98421E-05 9.98421E-05 9.98421E-05 0.00617395 9.98421E-05 9.98421E-05 9.98421E-05 0.0847335 9.98421E-05 9.98421E-05 9.98421E-05 9.98421E-05
9.98421E-05 0.452556 9.98421E-05 0.0608595 9.98421E-05 9.98421E-05 9.98421E-05 9.98421E-05 9.98421E-05 9.98421E-05 9.98421E-05 9.98421E-05 9.98421E-05 9.98421E-05 9.98421E-05 9.98421E-05 9.98421E-05 9.98421E-05 0.263998 0.0846802 0.136109 9.98421E-05 9.98421E-05
9.98067E-05 9.98067E-05 9.98067E-05 9.98067E-05 9.98067E-05 9.98067E-05 9.98067E-05 9.98067E-05 9.98067E-05 9.98067E-05 9.98067E-05 9.98067E-05 0.997804 9.98067E-05 9.98067E-05 9.98067E-05 9.98067E-05 9.98067E-05 9.98067E-05 9.98067E-05 9.98067E-05 9.98067E-05 9.98067E-05
9.98067E-05 9.98067E-05 9.98067E-05 9.98067E-05 9.98067E-05 9.98067E-05 9.98067E-05 9.98067E-05 9.98067E-05 9.98067E-05 9.98067E-05 9.98067E-05 9.98067E-05 9.98067E-05 9.98067E-05 9.98067E-05 9.98067E-05 9.98067E-05 9.98067E-05 9.98067E-05 0.997804 9.98067E-05 9.98067E-05
9.98066E-05 9.98066E-05 9.98066E-05 9.98066E-05 9.98066E-05 9.98066E-05 9.98066E-05 9.98066E-05 9.98066E-05 9.98066E-05 9.98066E-05 9.98066E-05 0.997804 9.98066E-05 9.98066E-05 9.98066E-05 9.98066E-05 9.98066E-05 9.98066E-05 9.98066E-05 9.98066E-05 9.98066E-05 9.98066E-05
9.98068E-05 9.98068E-05 9.98068E-05 9.98068E-05 9.98068E-05 9.98068E-05 9.98068E-05 9.98068E-05 9.98068E-05 9.98068E-05 9.98068E-05 9.98068E-05 9.98068E-05 9.98068E-05 9.98068E-05 9.98068E-05 9.98068E-05 9.98068E-05 9.98068E-05 9.98068E-05 0.997804 9.98068E-05 9.98068E-05
