9.99912E-05 0.0672647 0.0661677 0.610193 0.236568 0.0197064
9.99737E-05 9.99737E-05 0.0164449 0.903977 0.079278 9.99737E-05
9.99649E-05 9.99649E-05 9.99649E-05 0.9821 9.99649E-05 0.0175004
0.239619 0.0719104 0.0719036 0.403581 9.99912E-05 0.212886
0.0885014 0.0532156 9.99737E-05 0.857983 9.99737E-05 9.99737E-05
0.315414 0.178287 0.137899 0.349434 0.0188668 9.99912E-05
0.302937 9.99824E-05 0.109687 0.467735 0.119441 9.99824E-05
0.444666 0.17554 9.99825E-05 0.276464 0.10313 9.99825E-05
9.99824E-05 0.285503 0.189699 0.362289 9.99824E-05 0.16231
9.996E-05 9.996E-05 9.996E-05 0.9995 9.996E-05 9.996E-05
9.999E-05 0.0568317 0.0442977 0.720699 0.147329 0.0307423
0.0400545 9.99649E-05 9.99649E-05 0.959546 9.99649E-05 9.99649E-05
9.99649E-05 9.99649E-05 0.0474244 0.952176 9.99649E-05 9.99649E-05
9.99737E-05 9.99737E-05 0.265229 0.699288 0.0351828 9.99737E-05
0.105281 0.16734 0.260788 0.466392 9.99824E-05 9.99824E-05
0.338928 0.220999 0.0834077 0.333248 0.0233172 9.99912E-05
0.0505266 9.99825E-05 0.219433 0.697243 0.0325977 9.99825E-05
0.0209966 0.101772 0.161754 0.360795 0.189624 0.165057
0.157777 0.179514 9.99912E-05 0.508474 0.135021 0.0191136
9.99649E-05 9.99649E-05 9.99649E-05 0.961896 9.99649E-05 0.0377044
0.274689 0.0932936 9.99824E-05 0.569711 9.99824E-05 0.0621067
0.319243 0.227713 0.00579934 0.434089 0.0130563 9.99912E-05
9.99737E-05 9.99737E-05 0.200663 0.735381 0.0636561 9.99737E-05
0.274619 0.013538 0.166765 0.542432 0.00254723 9.99912E-05
9.99824E-05 0.083423 0.310384 0.332867 9.99824E-05 0.273127
0.0590054 0.016584 0.247243 0.676967 9.99824E-05 9.99824E-05
0.196862 0.0321802 0.475053 0.156824 0.13898 9.99912E-05
0.0181403 9.99912E-05 0.0766229 0.857451 0.00895852 0.0387268
9.99737E-05 9.99737E-05 0.248677 0.720384 9.99737E-05 0.0306386
9.99737E-05 0.0159418 0.164108 0.81965 9.99737E-05 9.99737E-05
9.99824E-05 0.0433919 9.99824E-05 0.817655 0.122318 0.0164351
0.0369367 9.99825E-05 0.335069 0.581584 0.0462109 9.99825E-05
0.042796 0.0184835 0.121076 0.682708 0.118922 0.0160146
0.0798437 9.99824E-05 0.269104 0.595458 0.0553941 9.99824E-05
9.99825E-05 0.0208736 9.99825E-05 0.914368 0.0115319 0.0530263
0.130484 0.0122572 9.99824E-05 0.81517 9.99824E-05 0.0418883
0.0254212 9.99737E-05 9.99737E-05 0.941473 0.032806 9.99737E-05
9.99824E-05 0.169995 0.0298994 0.739122 9.99824E-05 0.0607835
0.0735138 0.0227813 0.288642 0.580232 0.00818677 0.0266433
0.146045 9.99737E-05 0.257371 0.596284 9.99737E-05 9.99737E-05
0.0208833 0.0777451 9.99824E-05 0.89516 0.00601126 9.99824E-05
0.0299594 0.0037714 0.171067 0.740737 0.0422689 0.0121961
9.99649E-05 9.99649E-05 0.0456704 0.95393 9.99649E-05 9.99649E-05
9.99912E-05 0.114711 0.193813 0.575645 0.0941796 0.0215519
0.357909 9.99824E-05 0.15471 0.437757 9.99824E-05 0.0494238
9.99648E-05 9.99648E-05 9.99648E-05 0.933 9.99648E-05 0.0666
9.99737E-05 0.0175669 9.99737E-05 0.891291 0.0908425 9.99737E-05
9.996E-05 9.996E-05 9.996E-05 0.9995 9.996E-05 9.996E-05
0.152334 9.99736E-05 9.99736E-05 0.834658 0.0127083 9.99736E-05
0.0659558 0.0280957 9.99912E-05 0.80425 0.0806254 0.0209731
0.0664424 0.0575479 0.377172 0.355375 0.12475 0.0187118
0.222856 0.0201104 9.99824E-05 0.718349 9.99824E-05 0.0384843
9.99649E-05 9.99649E-05 9.99649E-05 0.987662 0.0119386 9.99649E-05
0.199689 9.99912E-05 0.12759 0.553135 0.0604507 0.0590354
0.0696008 9.99825E-05 9.99825E-05 0.851392 0.0310445 0.0477626
9.99825E-05 9.99825E-05 0.0197736 0.815726 0.103751 0.0605487
0.0675607 0.0522373 9.99912E-05 0.830624 0.0203238 0.029154
0.0293957 0.00123579 9.99824E-05 0.895653 0.0735157 9.99824E-05
9.99649E-05 9.99649E-05 9.99649E-05 0.819927 0.179673 9.99649E-05
0.0104474 0.106505 0.562237 0.154258 0.166452 9.99912E-05
0.267638 0.00450101 0.228816 0.498845 9.99825E-05 9.99825E-05
9.99824E-05 0.0505863 0.28671 0.439597 0.222906 9.99824E-05
9.99737E-05 0.166484 0.725683 9.99737E-05 0.107533 9.99737E-05
0.263711 0.190918 0.0884114 0.160082 0.264356 0.0325219
0.0189989 0.134661 0.531323 0.134672 0.180244 9.99912E-05
0.0720889 0.078943 0.553014 0.150857 0.139208 0.00588889
0.0916383 0.125781 0.489301 9.99824E-05 0.29308 9.99824E-05
0.124672 9.99737E-05 0.558211 0.316817 9.99737E-05 9.99737E-05
0.116915 0.0940096 0.286297 0.334401 0.168277 9.99912E-05
9.99824E-05 0.152233 0.536998 9.99824E-05 0.296333 0.0142359
0.312289 0.151108 0.177028 0.120455 0.239019 9.99912E-05
0.326558 0.176074 0.321011 0.0101239 0.166133 9.99912E-05
0.241914 0.0828279 0.518917 0.156141 9.99824E-05 9.99824E-05
0.0339174 0.00191294 0.495807 0.321873 0.146389 9.99912E-05
0.00336975 0.100277 0.410391 0.373001 0.112861 9.99912E-05
0.358531 0.0404184 0.49506 0.0757334 0.0301564 9.99912E-05
0.265606 0.153075 0.102247 0.221677 0.257295 9.99912E-05
9.99824E-05 0.0713646 0.340464 0.335055 0.252917 9.99824E-05
0.254801 9.99736E-05 0.594674 9.99736E-05 0.150225 9.99736E-05
0.0910599 9.99825E-05 0.372903 0.40987 0.125967 9.99825E-05
0.191254 0.00695888 0.677684 0.0792993 0.0447039 9.99912E-05
9.99824E-05 0.0133457 0.630631 0.233469 0.122354 9.99824E-05
0.291847 0.0991885 0.344207 0.20709 0.0575679 9.999E-05
9.99824E-05 0.0330919 0.341445 0.296998 0.328265 9.99824E-05
9.99825E-05 0.107932 0.447618 0.414101 9.99825E-05 0.0301491
0.0607776 0.0357595 0.285897 0.511482 0.105984 9.99912E-05
0.168661 0.104873 0.300897 0.388922 0.036547 9.99912E-05
9.99824E-05 0.105616 0.236311 0.431922 0.225952 9.99824E-05
9.99737E-05 0.156603 0.527691 0.315406 9.99737E-05 9.99737E-05
9.99649E-05 0.13128 0.86832 9.99649E-05 9.99649E-05 9.99649E-05
9.996E-05 9.996E-05 0.9995 9.996E-05 9.996E-05 9.996E-05
9.99648E-05 9.99648E-05 0.93304 9.99648E-05 0.0665597 9.99648E-05
9.99824E-05 0.0563958 0.844468 9.99824E-05 0.0638263 0.0351103
9.99824E-05 0.201768 0.684745 9.99824E-05 0.0523766 0.0609105
9.99736E-05 0.202583 0.795884 9.99736E-05 9.99736E-05 0.00123335
0.0288659 0.136461 0.668022 9.99824E-05 0.166451 9.99824E-05
9.99649E-05 0.31517 0.68443 9.99649E-05 9.99649E-05 9.99649E-05
9.99736E-05 0.406304 0.522693 9.99736E-05 0.0707034 9.99736E-05
9.99648E-05 0.227007 0.772593 9.99648E-05 9.99648E-05 9.99648E-05
9.99649E-05 0.0775385 0.922062 9.99649E-05 9.99649E-05 9.99649E-05
9.99649E-05 9.99649E-05 0.975928 9.99649E-05 0.0236716 9.99649E-05
0.0141495 0.219174 0.662264 9.99824E-05 0.104213 9.99824E-05
9.99649E-05 0.158721 0.840879 9.99649E-05 9.99649E-05 9.99649E-05
9.99737E-05 0.0847365 0.721968 9.99737E-05 0.192996 9.99737E-05
0.0643032 0.0379174 0.897479 9.99736E-05 9.99736E-05 9.99736E-05
9.99736E-05 0.0589086 0.890924 9.99736E-05 9.99736E-05 0.0498675
0.118779 0.202827 0.582428 9.99825E-05 0.0957651 9.99825E-05
9.99737E-05 0.0641025 0.920183 9.99737E-05 0.0154147 9.99737E-05
9.99825E-05 0.167923 0.77664 9.99825E-05 0.0273562 0.027881
0.0248925 0.101879 0.872929 9.99736E-05 9.99736E-05 9.99736E-05
9.99736E-05 0.0190846 0.880388 9.99736E-05 0.100227 9.99736E-05
0.0149066 0.304494 0.624665 9.99824E-05 9.99824E-05 0.0557344
9.99649E-05 0.16196 0.83764 9.99649E-05 9.99649E-05 9.99649E-05
9.99736E-05 0.27891 0.556339 9.99736E-05 9.99736E-05 0.164451
9.99649E-05 0.147116 0.852484 9.99649E-05 9.99649E-05 9.99649E-05
9.99737E-05 9.99737E-05 0.948406 0.0137391 9.99737E-05 0.0375549
0.134722 0.113918 0.729416 9.99824E-05 9.99824E-05 0.0217442
9.99649E-05 0.257203 0.742397 9.99649E-05 9.99649E-05 9.99649E-05
9.99737E-05 9.99737E-05 0.893643 9.99737E-05 0.0337032 0.0723538
9.99649E-05 0.062496 0.937104 9.99649E-05 9.99649E-05 9.99649E-05
0.00906879 9.99737E-05 0.914492 9.99737E-05 9.99737E-05 0.0761389
9.99824E-05 0.305389 0.443785 9.99824E-05 0.0128595 0.237766
9.99824E-05 0.0551471 0.880061 9.99824E-05 0.0124936 0.0520983
9.99649E-05 0.0542436 0.945357 9.99649E-05 9.99649E-05 9.99649E-05
9.99824E-05 0.171259 0.746164 9.99824E-05 0.0728969 0.0094799
9.99736E-05 0.0966326 0.805159 9.99736E-05 0.0979084 9.99736E-05
9.9965E-05 0.059233 0.940367 9.9965E-05 9.9965E-05 9.9965E-05
9.99737E-05 0.0160358 0.943128 9.99737E-05 0.040536 9.99737E-05
9.99737E-05 0.0303469 0.95008 9.99737E-05 0.0192732 9.99737E-05
9.99737E-05 0.0803173 0.888807 9.99737E-05 0.0305754 9.99737E-05
9.99648E-05 0.167955 0.831645 9.99648E-05 9.99648E-05 9.99648E-05
0.0713372 0.206828 0.721535 9.99737E-05 9.99737E-05 9.99737E-05
9.9965E-05 0.0887328 0.910867 9.9965E-05 9.9965E-05 9.9965E-05
9.996E-05 9.996E-05 0.9995 9.996E-05 9.996E-05 9.996E-05
9.99824E-05 0.319572 0.521457 9.99824E-05 0.0844321 0.0743389
9.99737E-05 0.132307 0.808924 9.99737E-05 0.0584695 9.99737E-05
0.105188 0.224707 0.642973 9.99912E-05 0.00848397 0.0185484
9.99824E-05 0.339033 0.592494 9.99824E-05 0.0157135 0.0525598
9.996E-05 9.996E-05 0.9995 9.996E-05 9.996E-05 9.996E-05
0.221338 0.0595877 0.718775 9.99736E-05 9.99736E-05 9.99736E-05
9.9965E-05 0.0942385 0.905362 9.9965E-05 9.9965E-05 9.9965E-05
9.99737E-05 0.138306 0.784188 9.99737E-05 0.0772056 9.99737E-05
0.0922358 0.139812 0.767652 9.99736E-05 9.99736E-05 9.99736E-05
9.99736E-05 0.00379157 0.870837 9.99736E-05 0.125072 9.99736E-05
9.99648E-05 0.330344 0.669256 9.99648E-05 9.99648E-05 9.99648E-05
9.99648E-05 0.167211 0.832389 9.99648E-05 9.99648E-05 9.99648E-05
0.032054 0.0978464 0.830701 9.99912E-05 0.0145746 0.0247237
9.99649E-05 9.99649E-05 0.831463 9.99649E-05 9.99649E-05 0.168137
9.99649E-05 0.176993 0.822607 9.99649E-05 9.99649E-05 9.99649E-05
9.99648E-05 9.99648E-05 0.916974 9.99648E-05 9.99648E-05 0.0826258
9.996E-05 0.9995 9.996E-05 9.996E-05 9.996E-05 9.996E-05
9.99736E-05 0.022427 0.968266 9.99736E-05 9.99736E-05 0.00900753
9.996E-05 0.9995 9.996E-05 9.996E-05 9.996E-05 9.996E-05
9.996E-05 0.9995 9.996E-05 9.996E-05 9.996E-05 9.996E-05
9.996E-05 0.9995 9.996E-05 9.996E-05 9.996E-05 9.996E-05
9.99736E-05 0.0624 0.904481 9.99736E-05 9.99736E-05 0.0328194
9.996E-05 0.9995 9.996E-05 9.996E-05 9.996E-05 9.996E-05
9.996E-05 0.9995 9.996E-05 9.996E-05 9.996E-05 9.996E-05
9.99648E-05 9.99648E-05 0.932886 9.99648E-05 9.99648E-05 0.0667137
9.99736E-05 0.0694278 0.919089 9.99736E-05 9.99736E-05 0.0111832
0.00517057 9.99736E-05 0.888134 9.99736E-05 9.99736E-05 0.106395
9.996E-05 0.9995 9.996E-05 9.996E-05 9.996E-05 9.996E-05
9.996E-05 0.9995 9.996E-05 9.996E-05 9.996E-05 9.996E-05
9.99648E-05 9.99648E-05 0.962795 9.99648E-05 9.99648E-05 0.0368054
9.99648E-05 9.99648E-05 0.965557 9.99648E-05 9.99648E-05 0.0340433
0.202906 0.111449 0.60511 9.99824E-05 9.99824E-05 0.0803346
9.99648E-05 9.99648E-05 0.977035 9.99648E-05 9.99648E-05 0.0225652
9.996E-05 0.9995 9.996E-05 9.996E-05 9.996E-05 9.996E-05
9.99736E-05 0.0148628 0.981027 9.99736E-05 9.99736E-05 0.00381076
9.99736E-05 0.104042 0.811548 9.99736E-05 9.99736E-05 0.0841106
9.99648E-05 9.99648E-05 0.958526 9.99648E-05 9.99648E-05 0.0410738
9.996E-05 0.9995 9.996E-05 9.996E-05 9.996E-05 9.996E-05
9.99648E-05 9.99648E-05 0.917451 9.99648E-05 9.99648E-05 0.0821488
9.996E-05 0.9995 9.996E-05 9.996E-05 9.996E-05 9.996E-05
9.99648E-05 9.99648E-05 0.953061 9.99648E-05 9.99648E-05 0.0465392
9.99736E-05 0.0537577 0.938987 9.99736E-05 0.00695546 9.99736E-05
9.996E-05 0.9995 9.996E-05 9.996E-05 9.996E-05 9.996E-05
9.996E-05 0.9995 9.996E-05 9.996E-05 9.996E-05 9.996E-05
9.996E-05 0.9995 9.996E-05 9.996E-05 9.996E-05 9.996E-05
9.99648E-05 9.99648E-05 0.985432 9.99648E-05 9.99648E-05 0.0141677
9.99648E-05 9.99648E-05 0.977507 9.99648E-05 9.99648E-05 0.0220936
9.99736E-05 0.0363949 0.935397 9.99736E-05 9.99736E-05 0.0279083
9.99736E-05 0.0236322 0.954158 9.99736E-05 9.99736E-05 0.02191
9.99736E-05 0.0491302 0.913887 9.99736E-05 9.99736E-05 0.0366831
9.996E-05 0.9995 9.996E-05 9.996E-05 9.996E-05 9.996E-05
9.996E-05 0.9995 9.996E-05 9.996E-05 9.996E-05 9.996E-05
9.996E-05 0.9995 9.996E-05 9.996E-05 9.996E-05 9.996E-05
9.99736E-05 0.0272646 0.954386 9.99736E-05 9.99736E-05 0.0180499
9.996E-05 0.9995 9.996E-05 9.996E-05 9.996E-05 9.996E-05
9.996E-05 0.9995 9.996E-05 9.996E-05 9.996E-05 9.996E-05
9.996E-05 0.9995 9.996E-05 9.996E-05 9.996E-05 9.996E-05
9.996E-05 0.9995 9.996E-05 9.996E-05 9.996E-05 9.996E-05
9.99648E-05 9.99648E-05 0.960312 9.99648E-05 9.99648E-05 0.0392885
9.996E-05 0.9995 9.996E-05 9.996E-05 9.996E-05 9.996E-05
9.996E-05 0.9995 9.996E-05 9.996E-05 9.996E-05 9.996E-05
0.226967 0.064841 0.630261 9.99824E-05 9.99824E-05 0.0777307
9.99648E-05 9.99648E-05 0.960133 9.99648E-05 9.99648E-05 0.0394667
9.996E-05 0.9995 9.996E-05 9.996E-05 9.996E-05 9.996E-05
9.996E-05 0.9995 9.996E-05 9.996E-05 9.996E-05 9.996E-05
9.996E-05 0.9995 9.996E-05 9.996E-05 9.996E-05 9.996E-05
9.996E-05 0.9995 9.996E-05 9.996E-05 9.996E-05 9.996E-05
9.99648E-05 9.99648E-05 0.967373 9.99648E-05 9.99648E-05 0.0322268
9.996E-05 0.9995 9.996E-05 9.996E-05 9.996E-05 9.996E-05
9.99648E-05 9.99648E-05 0.939145 9.99648E-05 9.99648E-05 0.060455
9.996E-05 0.9995 9.996E-05 9.996E-05 9.996E-05 9.996E-05
9.996E-05 9.996E-05 0.9995 9.996E-05 9.996E-05 9.996E-05
9.996E-05 0.9995 9.996E-05 9.996E-05 9.996E-05 9.996E-05
9.996E-05 0.9995 9.996E-05 9.996E-05 9.996E-05 9.996E-05
9.996E-05 0.9995 9.996E-05 9.996E-05 9.996E-05 9.996E-05
9.996E-05 0.9995 9.996E-05 9.996E-05 9.996E-05 9.996E-05
9.996E-05 0.9995 9.996E-05 9.996E-05 9.996E-05 9.996E-05
9.996E-05 0.9995 9.996E-05 9.996E-05 9.996E-05 9.996E-05
9.99648E-05 9.99648E-05 0.988441 9.99648E-05 9.99648E-05 0.0111588
9.99648E-05 9.99648E-05 0.98235 9.99648E-05 9.99648E-05 0.0172497
9.99648E-05 9.99648E-05 0.868731 9.99648E-05 9.99648E-05 0.130869
9.996E-05 0.9995 9.996E-05 9.996E-05 9.996E-05 9.996E-05
9.99648E-05 9.99648E-05 0.947486 9.99648E-05 9.99648E-05 0.0521138
9.99736E-05 0.060165 0.890395 9.99736E-05 9.99736E-05 0.0491395
9.996E-05 9.996E-05 0.9995 9.996E-05 9.996E-05 9.996E-05
9.996E-05 0.9995 9.996E-05 9.996E-05 9.996E-05 9.996E-05
9.996E-05 0.9995 9.996E-05 9.996E-05 9.996E-05 9.996E-05
9.996E-05 0.9995 9.996E-05 9.996E-05 9.996E-05 9.996E-05
9.99648E-05 9.99648E-05 0.937216 9.99648E-05 9.99648E-05 0.0623846
9.996E-05 0.9995 9.996E-05 9.996E-05 9.996E-05 9.996E-05
9.996E-05 0.9995 9.996E-05 9.996E-05 9.996E-05 9.996E-05
9.99648E-05 9.99648E-05 0.98465 9.99648E-05 9.99648E-05 0.0149506
9.996E-05 0.9995 9.996E-05 9.996E-05 9.996E-05 9.996E-05
9.996E-05 0.9995 9.996E-05 9.996E-05 9.996E-05 9.996E-05
9.99736E-05 0.0988428 0.660051 9.99736E-05 0.240806 9.99736E-05
9.99648E-05 9.99648E-05 0.933894 9.99648E-05 9.99648E-05 0.0657065
9.996E-05 0.9995 9.996E-05 9.996E-05 9.996E-05 9.996E-05
9.99737E-05 0.442005 0.499296 9.99737E-05 0.0583997 9.99737E-05
0.0799948 0.260088 0.62475 9.99824E-05 9.99824E-05 0.0349674
0.0185671 0.17231 0.797299 9.99824E-05 9.99824E-05 0.0116237
9.99736E-05 9.99736E-05 0.827793 9.99736E-05 0.078473 0.093434
9.99736E-05 0.262808 0.703873 9.99736E-05 9.99736E-05 0.0330191
9.99737E-05 0.0354033 0.943546 0.0207511 9.99737E-05 9.99737E-05
0.00779596 0.362829 0.573925 9.99824E-05 9.99824E-05 0.0552508
9.99824E-05 0.217176 0.63556 9.99824E-05 0.134524 0.0125398
9.9965E-05 0.215037 0.784563 9.9965E-05 9.9965E-05 9.9965E-05
0.11494 9.99736E-05 0.881045 9.99736E-05 9.99736E-05 0.00371447
9.99737E-05 0.0893729 0.868438 9.99737E-05 0.041889 9.99737E-05
9.99648E-05 0.47664 0.52296 9.99648E-05 9.99648E-05 9.99648E-05
0.0956497 0.284888 0.619162 9.99736E-05 9.99736E-05 9.99736E-05
9.99824E-05 0.0486939 0.872039 9.99824E-05 0.0630578 0.0160094
9.99648E-05 0.174643 0.824957 9.99648E-05 9.99648E-05 9.99648E-05
0.0518934 0.28333 0.658668 9.99824E-05 0.00590923 9.99824E-05
9.99649E-05 0.178601 0.820999 9.99649E-05 9.99649E-05 9.99649E-05
0.0304346 0.0390234 0.741439 9.99912E-05 0.112247 0.0767557
9.99736E-05 0.180558 0.727867 9.99736E-05 9.99736E-05 0.0912755
0.0492135 0.148207 0.80228 9.99736E-05 9.99736E-05 9.99736E-05
9.99736E-05 0.162825 0.776216 9.99736E-05 9.99736E-05 0.0606593
9.99649E-05 0.285785 0.713815 9.99649E-05 9.99649E-05 9.99649E-05
0.131629 0.207284 0.495209 9.99912E-05 0.0868611 0.0789175
9.99736E-05 0.212591 0.783288 9.99736E-05 0.00382027 9.99736E-05
9.99824E-05 0.00209474 0.897697 9.99824E-05 0.0776767 0.022332
9.9965E-05 0.061858 0.937742 9.9965E-05 9.9965E-05 9.9965E-05
0.0774841 0.0794448 0.842771 9.99736E-05 9.99736E-05 9.99736E-05
0.107951 0.253789 0.63593 9.99824E-05 9.99824E-05 0.00213047
0.0877025 9.99736E-05 0.862138 9.99736E-05 9.99736E-05 0.0498599
9.99824E-05 0.222101 0.480543 9.99824E-05 0.155998 0.141158
9.99648E-05 0.426719 0.572881 9.99648E-05 9.99648E-05 9.99648E-05
9.99649E-05 0.217083 0.782517 9.99649E-05 9.99649E-05 9.99649E-05
9.99648E-05 0.188111 0.811489 9.99648E-05 9.99648E-05 9.99648E-05
9.99736E-05 0.207784 0.714917 9.99736E-05 0.0769992 9.99736E-05
9.99736E-05 0.184056 0.623973 9.99736E-05 0.19167 9.99736E-05
9.996E-05 9.996E-05 0.9995 9.996E-05 9.996E-05 9.996E-05
9.996E-05 9.996E-05 0.9995 9.996E-05 9.996E-05 9.996E-05
0.133748 9.99736E-05 0.76063 9.99736E-05 0.105323 9.99736E-05
0.0193189 0.0576199 0.763336 9.99912E-05 0.140343 0.0192821
0.146123 0.20333 0.650248 9.99736E-05 9.99736E-05 9.99736E-05
9.99736E-05 0.107514 0.882924 9.99736E-05 9.99736E-05 0.00926133
0.0192991 0.0866162 0.852417 9.99825E-05 9.99825E-05 0.041468
0.179143 0.23865 0.581908 9.99736E-05 9.99736E-05 9.99736E-05
9.99649E-05 0.565369 0.434231 9.99649E-05 9.99649E-05 9.99649E-05
9.99648E-05 0.369772 0.629829 9.99648E-05 9.99648E-05 9.99648E-05
9.99824E-05 0.158369 0.790188 9.99824E-05 0.0223902 0.0288534
9.996E-05 9.996E-05 0.9995 9.996E-05 9.996E-05 9.996E-05
9.99736E-05 0.267118 0.713393 9.99736E-05 9.99736E-05 0.0191888
9.996E-05 9.996E-05 0.9995 9.996E-05 9.996E-05 9.996E-05
0.120765 0.220073 0.658862 9.99736E-05 9.99736E-05 9.99736E-05
9.996E-05 9.996E-05 0.9995 9.996E-05 9.996E-05 9.996E-05
9.99648E-05 9.99648E-05 0.986157 9.99648E-05 0.0134435 9.99648E-05
0.106192 9.99648E-05 0.893408 9.99648E-05 9.99648E-05 9.99648E-05
9.99648E-05 0.21138 0.78822 9.99648E-05 9.99648E-05 9.99648E-05
0.186593 0.0737886 0.739318 9.99736E-05 9.99736E-05 9.99736E-05
9.99649E-05 0.343867 0.655733 9.99649E-05 9.99649E-05 9.99649E-05
9.996E-05 9.996E-05 0.9995 9.996E-05 9.996E-05 9.996E-05
9.99649E-05 0.19645 0.80315 9.99649E-05 9.99649E-05 9.99649E-05
9.99736E-05 0.232159 0.727973 9.99736E-05 9.99736E-05 0.0395681
9.99649E-05 0.259316 0.740284 9.99649E-05 9.99649E-05 9.99649E-05
9.996E-05 9.996E-05 0.9995 9.996E-05 9.996E-05 9.996E-05
9.9965E-05 0.121502 0.878098 9.9965E-05 9.9965E-05 9.9965E-05
9.99737E-05 0.0192832 0.945567 0.0348497 9.99737E-05 9.99737E-05
9.99737E-05 0.102228 0.872919 9.99737E-05 0.0245535 9.99737E-05
9.99736E-05 0.169461 0.751096 9.99736E-05 9.99736E-05 0.0791425
0.0250444 0.266496 0.70816 9.99737E-05 9.99737E-05 9.99737E-05
9.996E-05 9.996E-05 0.9995 9.996E-05 9.996E-05 9.996E-05
9.99736E-05 0.186274 0.807436 9.99736E-05 9.99736E-05 0.00599064
9.99736E-05 9.99736E-05 0.955088 9.99736E-05 0.0282833 0.016329
9.996E-05 9.996E-05 0.9995 9.996E-05 9.996E-05 9.996E-05
9.99737E-05 0.0196498 0.972418 9.99737E-05 9.99737E-05 0.00763188
9.9965E-05 9.9965E-05 0.927031 0.0725692 9.9965E-05 9.9965E-05
9.99648E-05 0.265306 0.734294 9.99648E-05 9.99648E-05 9.99648E-05
0.0776055 9.99825E-05 0.80659 9.99825E-05 0.0924706 0.0231338
9.996E-05 9.996E-05 0.9995 9.996E-05 9.996E-05 9.996E-05
9.99649E-05 0.164982 0.834618 9.99649E-05 9.99649E-05 9.99649E-05
9.9965E-05 9.9965E-05 0.962859 0.0367407 9.9965E-05 9.9965E-05
9.99649E-05 9.99649E-05 0.960951 9.99649E-05 0.0386487 9.99649E-05
9.9965E-05 0.0148865 0.984714 9.9965E-05 9.9965E-05 9.9965E-05
9.99737E-05 0.399236 0.598763 9.99737E-05 0.00170191 9.99737E-05
0.0430817 0.231453 0.572183 9.99824E-05 9.99824E-05 0.153082
0.0362978 0.211089 0.586493 9.99912E-05 0.111888 0.0541322
9.996E-05 9.996E-05 0.9995 9.996E-05 9.996E-05 9.996E-05
9.99737E-05 0.23035 0.691171 9.99737E-05 0.0781794 9.99737E-05
9.99736E-05 0.154787 0.694261 9.99736E-05 9.99736E-05 0.150652
9.996E-05 9.996E-05 0.9995 9.996E-05 9.996E-05 9.996E-05
9.99648E-05 9.99648E-05 0.84552 9.99648E-05 0.15408 9.99648E-05
9.99736E-05 0.379191 0.611414 9.99736E-05 0.00909434 9.99736E-05
0.125436 0.0884291 0.760644 9.99824E-05 0.0252912 9.99824E-05
9.99736E-05 0.230929 0.714755 9.99736E-05 9.99736E-05 0.0540157
9.99737E-05 0.101151 0.716539 9.99737E-05 9.99737E-05 0.182011
9.99736E-05 0.064552 0.861278 9.99736E-05 0.0738704 9.99736E-05
9.99736E-05 0.327207 0.666843 0.00564942 9.99736E-05 9.99736E-05
9.99824E-05 0.0472999 0.641891 9.99824E-05 0.216952 0.093657
9.99649E-05 0.248918 0.750682 9.99649E-05 9.99649E-05 9.99649E-05
9.99737E-05 0.0180308 0.94743 9.99737E-05 0.034239 9.99737E-05
0.268043 0.25421 0.46978 9.99824E-05 9.99824E-05 0.00776692
0.0170639 0.0473214 0.882706 9.99824E-05 0.0527085 9.99824E-05
9.99649E-05 9.99649E-05 0.902332 9.99649E-05 0.0972681 9.99649E-05
0.150606 0.155009 0.694085 9.99737E-05 9.99737E-05 9.99737E-05
0.162018 0.197583 0.397376 9.99912E-05 0.179849 0.0630739
9.99736E-05 0.0528815 0.907538 9.99736E-05 9.99736E-05 0.039281
9.99824E-05 0.155606 0.553087 9.99824E-05 0.17357 0.117536
9.9965E-05 0.0857883 0.913812 9.9965E-05 9.9965E-05 9.9965E-05
9.9965E-05 0.0577756 0.941825 9.9965E-05 9.9965E-05 9.9965E-05
9.99649E-05 0.179315 0.820285 9.99649E-05 9.99649E-05 9.99649E-05
9.99648E-05 9.99648E-05 0.80876 9.99648E-05 0.19084 9.99648E-05
9.9965E-05 0.0825485 0.917052 9.9965E-05 9.9965E-05 9.9965E-05
9.996E-05 9.996E-05 0.9995 9.996E-05 9.996E-05 9.996E-05
9.99824E-05 0.114319 0.778233 9.99824E-05 0.0876033 0.0196454
9.99737E-05 0.0877065 0.903607 9.99737E-05 9.99737E-05 0.00838628
9.996E-05 9.996E-05 0.9995 9.996E-05 9.996E-05 9.996E-05
9.99736E-05 0.153009 0.792562 9.99736E-05 0.0541293 9.99736E-05
0.171482 0.0930031 0.673878 9.99824E-05 9.99824E-05 0.0614372
9.99736E-05 9.99736E-05 0.746973 9.99736E-05 0.108036 0.144691
9.99649E-05 0.427377 0.572223 9.99649E-05 9.99649E-05 9.99649E-05
9.99648E-05 0.146743 0.852857 9.99648E-05 9.99648E-05 9.99648E-05
0.0110681 9.99824E-05 0.889217 9.99824E-05 0.0869312 0.0125832
9.99737E-05 0.0254118 0.898227 9.99737E-05 9.99737E-05 0.076061
0.230091 9.99736E-05 0.745577 9.99736E-05 9.99736E-05 0.0240321
9.99648E-05 9.99648E-05 0.879908 9.99648E-05 0.119692 9.99648E-05
9.99824E-05 0.198184 0.676266 9.99824E-05 0.121979 0.00337082
9.99736E-05 0.120119 0.861636 9.99736E-05 9.99736E-05 0.0179449
9.99737E-05 0.240652 0.65734 9.99737E-05 0.101708 9.99737E-05
9.9965E-05 0.160686 0.838914 9.9965E-05 9.9965E-05 9.9965E-05
9.99736E-05 0.203481 0.62992 9.99736E-05 0.166298 9.99736E-05
9.996E-05 9.996E-05 0.9995 9.996E-05 9.996E-05 9.996E-05
9.9965E-05 0.0831631 0.916437 9.9965E-05 9.9965E-05 9.9965E-05
0.0394299 0.205754 0.664785 9.99912E-05 0.0486058 0.0413257
0.059784 0.207994 0.729776 9.99824E-05 9.99824E-05 0.0022467
0.256798 0.332362 0.347063 0.0635766 9.99824E-05 9.99824E-05
0.245716 0.0698767 0.684107 9.99737E-05 9.99737E-05 9.99737E-05
0.286381 0.208095 0.505224 9.99736E-05 9.99736E-05 9.99736E-05
0.230477 0.0724244 0.645437 0.0318013 0.0197599 9.99912E-05
0.141145 0.117529 0.579325 9.99825E-05 0.161801 9.99825E-05
9.99737E-05 0.111761 0.560803 0.327135 9.99737E-05 9.99737E-05
0.0735882 0.17618 0.717459 0.00957459 0.0230988 9.99912E-05
0.0910021 0.137693 0.586929 9.99825E-05 0.184176 9.99825E-05
0.0291095 0.109609 0.471659 0.305857 0.0836653 9.99912E-05
0.24645 0.17592 0.57733 9.99736E-05 9.99736E-05 9.99736E-05
9.99737E-05 0.128904 0.584074 9.99737E-05 0.286722 9.99737E-05
9.99737E-05 9.99737E-05 0.746942 0.105955 9.99737E-05 0.146803
0.3177 0.141016 0.506911 0.0341728 9.99824E-05 9.99824E-05
9.99737E-05 0.0571223 0.56026 0.382318 9.99737E-05 9.99737E-05
0.0713125 0.0235163 0.621591 0.0760042 0.207476 9.99912E-05
0.289588 0.230677 0.417781 0.0617532 9.99824E-05 9.99824E-05
0.103138 0.0794862 0.715069 0.0673625 0.0348447 9.99912E-05
0.182631 0.00679066 0.703944 0.106435 9.99824E-05 9.99824E-05
0.0335687 0.186775 0.481403 0.0393307 0.258823 9.99912E-05
0.273587 0.207712 0.408356 0.110145 9.99824E-05 9.99824E-05
9.99824E-05 0.15692 0.596497 0.104696 0.141686 9.99824E-05
0.146792 0.0743488 0.573216 0.205443 9.99824E-05 9.99824E-05
9.99912E-05 0.0640776 0.58866 0.139774 0.147303 0.0600861
9.99737E-05 0.375052 0.584272 9.99737E-05 0.0403768 9.99737E-05
9.99736E-05 0.410569 0.545287 9.99736E-05 9.99736E-05 0.0438446
9.99649E-05 0.404438 0.595162 9.99649E-05 9.99649E-05 9.99649E-05
0.0150361 0.356993 0.588382 9.99824E-05 0.0393894 9.99824E-05
9.99649E-05 0.244855 0.754745 9.99649E-05 9.99649E-05 9.99649E-05
9.99737E-05 0.353236 0.602891 9.99737E-05 9.99737E-05 0.0435728
9.99736E-05 0.362222 0.540816 9.99736E-05 0.096662 9.99736E-05
9.99737E-05 0.191602 0.762361 0.0457363 9.99737E-05 9.99737E-05
9.99649E-05 0.232287 0.767313 9.99649E-05 9.99649E-05 9.99649E-05
9.99736E-05 0.460401 0.419788 9.99736E-05 0.119511 9.99736E-05
0.0382646 0.278807 0.603897 9.99824E-05 0.0788312 9.99824E-05
9.99649E-05 0.350795 0.648806 9.99649E-05 9.99649E-05 9.99649E-05
9.99736E-05 0.464254 0.446027 9.99736E-05 0.0894189 9.99736E-05
9.99649E-05 0.340307 0.659293 9.99649E-05 9.99649E-05 9.99649E-05
9.9965E-05 0.241143 0.758457 9.9965E-05 9.9965E-05 9.9965E-05
9.99649E-05 0.294362 0.705238 9.99649E-05 9.99649E-05 9.99649E-05
9.99736E-05 0.266392 0.684639 9.99736E-05 0.0486698 9.99736E-05
9.99649E-05 0.322596 0.677004 9.99649E-05 9.99649E-05 9.99649E-05
9.99649E-05 0.407873 0.591727 9.99649E-05 9.99649E-05 9.99649E-05
9.99737E-05 0.236429 0.681755 9.99737E-05 0.0815162 9.99737E-05
9.99648E-05 0.465784 0.533816 9.99648E-05 9.99648E-05 9.99648E-05
9.99737E-05 0.276351 0.704389 9.99737E-05 0.0189601 9.99737E-05
9.99648E-05 0.461244 0.538356 9.99648E-05 9.99648E-05 9.99648E-05
9.9965E-05 9.9965E-05 0.910262 9.9965E-05 9.9965E-05 0.0893378
0.0699686 0.30633 0.582569 9.99825E-05 0.040933 9.99825E-05
9.99649E-05 0.308144 0.691456 9.99649E-05 9.99649E-05 9.99649E-05
0.0955039 0.201602 0.702594 9.99736E-05 9.99736E-05 9.99736E-05
9.99649E-05 0.219114 0.780486 9.99649E-05 9.99649E-05 9.99649E-05
9.99648E-05 0.43724 0.56236 9.99648E-05 9.99648E-05 9.99648E-05
9.99649E-05 0.246734 0.752867 9.99649E-05 9.99649E-05 9.99649E-05
9.99824E-05 0.347779 0.52632 0.092779 0.0329224 9.99824E-05
0.0881805 0.231702 0.679818 9.99737E-05 9.99737E-05 9.99737E-05
9.99737E-05 0.290084 0.693491 9.99737E-05 0.0161252 9.99737E-05
9.99649E-05 0.334271 0.665329 9.99649E-05 9.99649E-05 9.99649E-05
9.99737E-05 0.461097 0.51949 9.99737E-05 0.0191134 9.99737E-05
9.99648E-05 0.279748 0.719852 9.99648E-05 9.99648E-05 9.99648E-05
9.99649E-05 0.342451 0.657149 9.99649E-05 9.99649E-05 9.99649E-05
9.99737E-05 0.144228 0.818049 9.99737E-05 0.0374231 9.99737E-05
0.139851 0.285236 0.574613 9.99736E-05 9.99736E-05 9.99736E-05
9.99649E-05 0.301357 0.698244 9.99649E-05 9.99649E-05 9.99649E-05
9.99649E-05 0.253497 0.746103 9.99649E-05 9.99649E-05 9.99649E-05
9.99649E-05 0.267337 0.732263 9.99649E-05 9.99649E-05 9.99649E-05
9.99736E-05 0.226031 0.729412 9.99736E-05 0.0442565 9.99736E-05
9.99737E-05 0.363847 0.501706 9.99737E-05 0.134147 9.99737E-05
0.31848 0.0563037 0.100363 0.217299 0.188779 0.118775
0.580072 0.254691 9.99737E-05 0.164938 9.99737E-05 9.99737E-05
0.30804 0.308587 9.99912E-05 0.0679232 0.280225 0.0351244
0.497831 0.182995 0.0203182 0.157608 0.141147 9.99912E-05
0.441244 0.169659 0.135987 0.131925 0.121085 9.99912E-05
0.354258 0.19363 0.0771994 0.185475 0.189337 9.99912E-05
0.450539 0.200832 0.0499462 0.210756 0.0878272 9.99912E-05
0.566128 0.0767907 0.205578 0.151303 9.99824E-05 9.99824E-05
0.299532 0.511729 9.99824E-05 0.0694855 0.119054 9.99824E-05
9.99912E-05 0.138479 0.0921796 0.218422 0.481578 0.0692407
0.429286 0.244914 0.127496 0.0999587 0.0982454 9.99912E-05
0.479297 0.277726 9.99825E-05 0.104341 0.138437 9.99825E-05
0.368234 0.10848 0.212979 0.175512 0.134694 9.99912E-05
0.414557 0.13546 0.104982 0.164771 0.180129 9.99912E-05
0.510874 0.19205 9.99824E-05 0.203747 0.0931286 9.99824E-05
0.514635 0.132728 0.275006 0.0739142 0.00361576 9.99912E-05
0.425862 0.162771 0.121141 0.152555 0.137571 9.99912E-05
0.486963 0.268734 0.0938578 0.106672 0.0436744 9.99912E-05
0.29792 0.13717 0.22383 0.0914955 0.249485 9.99912E-05
0.45958 0.059296 0.140262 0.174042 0.16672 9.99912E-05
9.996E-05 9.996E-05 9.996E-05 9.996E-05 0.9995 9.996E-05
9.996E-05 9.996E-05 9.996E-05 9.996E-05 0.9995 9.996E-05
9.996E-05 9.996E-05 9.996E-05 9.996E-05 0.9995 9.996E-05
9.996E-05 9.996E-05 9.996E-05 9.996E-05 0.9995 9.996E-05
9.996E-05 9.996E-05 9.996E-05 9.996E-05 0.9995 9.996E-05
9.996E-05 9.996E-05 9.996E-05 9.996E-05 0.9995 9.996E-05
9.996E-05 9.996E-05 9.996E-05 9.996E-05 0.9995 9.996E-05
9.996E-05 9.996E-05 9.996E-05 9.996E-05 0.9995 9.996E-05
9.996E-05 9.996E-05 9.996E-05 9.996E-05 0.9995 9.996E-05
9.996E-05 9.996E-05 9.996E-05 9.996E-05 0.9995 9.996E-05
9.996E-05 9.996E-05 9.996E-05 9.996E-05 0.9995 9.996E-05
9.996E-05 9.996E-05 9.996E-05 9.996E-05 0.9995 9.996E-05
9.996E-05 9.996E-05 9.996E-05 9.996E-05 0.9995 9.996E-05
9.996E-05 9.996E-05 9.996E-05 9.996E-05 0.9995 9.996E-05
9.996E-05 9.996E-05 9.996E-05 9.996E-05 0.9995 9.996E-05
9.996E-05 9.996E-05 9.996E-05 9.996E-05 0.9995 9.996E-05
9.996E-05 9.996E-05 9.996E-05 9.996E-05 0.9995 9.996E-05
9.996E-05 9.996E-05 9.996E-05 9.996E-05 0.9995 9.996E-05
9.996E-05 9.996E-05 9.996E-05 9.996E-05 0.9995 9.996E-05
9.996E-05 9.996E-05 9.996E-05 9.996E-05 0.9995 9.996E-05
9.996E-05 9.996E-05 9.996E-05 9.996E-05 0.9995 9.996E-05
9.996E-05 9.996E-05 9.996E-05 9.996E-05 0.9995 9.996E-05
9.996E-05 9.996E-05 9.996E-05 9.996E-05 0.9995 9.996E-05
9.996E-05 9.996E-05 9.996E-05 9.996E-05 0.9995 9.996E-05
9.996E-05 9.996E-05 9.996E-05 9.996E-05 0.9995 9.996E-05
9.996E-05 9.996E-05 9.996E-05 9.996E-05 0.9995 9.996E-05
9.996E-05 9.996E-05 9.996E-05 9.996E-05 0.9995 9.996E-05
9.996E-05 9.996E-05 9.996E-05 9.996E-05 0.9995 9.996E-05
9.996E-05 9.996E-05 9.996E-05 9.996E-05 0.9995 9.996E-05
9.996E-05 9.996E-05 9.996E-05 9.996E-05 0.9995 9.996E-05
9.996E-05 9.996E-05 9.996E-05 9.996E-05 0.9995 9.996E-05
9.996E-05 9.996E-05 9.996E-05 9.996E-05 0.9995 9.996E-05
9.996E-05 9.996E-05 9.996E-05 9.996E-05 0.9995 9.996E-05
9.996E-05 9.996E-05 9.996E-05 9.996E-05 0.9995 9.996E-05
9.996E-05 9.996E-05 9.996E-05 9.996E-05 0.9995 9.996E-05
9.996E-05 9.996E-05 9.996E-05 9.996E-05 0.9995 9.996E-05
9.996E-05 9.996E-05 9.996E-05 9.996E-05 0.9995 9.996E-05
9.996E-05 9.996E-05 9.996E-05 9.996E-05 0.9995 9.996E-05
9.996E-05 9.996E-05 9.996E-05 9.996E-05 0.9995 9.996E-05
9.996E-05 9.996E-05 9.996E-05 9.996E-05 0.9995 9.996E-05
9.996E-05 9.996E-05 9.996E-05 9.996E-05 0.9995 9.996E-05
9.996E-05 9.996E-05 9.996E-05 9.996E-05 0.9995 9.996E-05
9.996E-05 9.996E-05 9.996E-05 9.996E-05 0.9995 9.996E-05
9.996E-05 9.996E-05 9.996E-05 9.996E-05 0.9995 9.996E-05
9.996E-05 9.996E-05 9.996E-05 9.996E-05 0.9995 9.996E-05
9.996E-05 9.996E-05 9.996E-05 9.996E-05 0.9995 9.996E-05
9.996E-05 9.996E-05 9.996E-05 9.996E-05 0.9995 9.996E-05
9.996E-05 9.996E-05 9.996E-05 9.996E-05 0.9995 9.996E-05
9.996E-05 9.996E-05 9.996E-05 9.996E-05 0.9995 9.996E-05
9.996E-05 9.996E-05 9.996E-05 9.996E-05 0.9995 9.996E-05
9.996E-05 9.996E-05 9.996E-05 9.996E-05 0.9995 9.996E-05
9.996E-05 9.996E-05 9.996E-05 9.996E-05 0.9995 9.996E-05
9.996E-05 9.996E-05 9.996E-05 9.996E-05 0.9995 9.996E-05
9.996E-05 9.996E-05 9.996E-05 9.996E-05 0.9995 9.996E-05
9.996E-05 9.996E-05 9.996E-05 9.996E-05 0.9995 9.996E-05
9.996E-05 9.996E-05 9.996E-05 9.996E-05 0.9995 9.996E-05
9.996E-05 9.996E-05 9.996E-05 9.996E-05 0.9995 9.996E-05
9.996E-05 9.996E-05 9.996E-05 9.996E-05 0.9995 9.996E-05
9.996E-05 9.996E-05 9.996E-05 9.996E-05 0.9995 9.996E-05
9.996E-05 9.996E-05 9.996E-05 9.996E-05 0.9995 9.996E-05
9.996E-05 9.996E-05 9.996E-05 9.996E-05 0.9995 9.996E-05
9.996E-05 9.996E-05 9.996E-05 9.996E-05 0.9995 9.996E-05
9.996E-05 9.996E-05 9.996E-05 9.996E-05 0.9995 9.996E-05
9.996E-05 9.996E-05 9.996E-05 9.996E-05 0.9995 9.996E-05
9.996E-05 9.996E-05 9.996E-05 9.996E-05 0.9995 9.996E-05
9.996E-05 9.996E-05 9.996E-05 9.996E-05 0.9995 9.996E-05
9.996E-05 9.996E-05 9.996E-05 9.996E-05 0.9995 9.996E-05
9.996E-05 9.996E-05 9.996E-05 9.996E-05 0.9995 9.996E-05
9.996E-05 9.996E-05 9.996E-05 9.996E-05 0.9995 9.996E-05
9.996E-05 9.996E-05 9.996E-05 9.996E-05 0.9995 9.996E-05
9.996E-05 9.996E-05 9.996E-05 9.996E-05 0.9995 9.996E-05
0.0235669 9.99648E-05 9.99648E-05 9.99648E-05 0.976033 9.99648E-05
9.996E-05 9.996E-05 9.996E-05 9.996E-05 0.9995 9.996E-05
9.996E-05 9.996E-05 9.996E-05 9.996E-05 0.9995 9.996E-05
9.996E-05 9.996E-05 9.996E-05 9.996E-05 0.9995 9.996E-05
9.996E-05 9.996E-05 9.996E-05 9.996E-05 0.9995 9.996E-05
9.996E-05 9.996E-05 9.996E-05 9.996E-05 0.9995 9.996E-05
0.0218985 9.99648E-05 9.99648E-05 9.99648E-05 0.977702 9.99648E-05
9.996E-05 9.996E-05 9.996E-05 9.996E-05 0.9995 9.996E-05
0.130951 9.99648E-05 9.99648E-05 9.99648E-05 0.868649 9.99648E-05
9.996E-05 9.996E-05 9.996E-05 9.996E-05 0.9995 9.996E-05
0.0449477 9.99648E-05 9.99648E-05 9.99648E-05 0.954652 9.99648E-05
9.99648E-05 9.99648E-05 9.99648E-05 9.99648E-05 0.968977 0.0306233
9.996E-05 9.996E-05 9.996E-05 9.996E-05 0.9995 9.996E-05
9.996E-05 9.996E-05 9.996E-05 9.996E-05 0.9995 9.996E-05
9.996E-05 9.996E-05 9.996E-05 9.996E-05 0.9995 9.996E-05
9.996E-05 9.996E-05 9.996E-05 9.996E-05 0.9995 9.996E-05
9.996E-05 9.996E-05 9.996E-05 9.996E-05 0.9995 9.996E-05
9.996E-05 9.996E-05 9.996E-05 9.996E-05 0.9995 9.996E-05
9.996E-05 9.996E-05 9.996E-05 9.996E-05 0.9995 9.996E-05
9.996E-05 9.996E-05 9.996E-05 9.996E-05 0.9995 9.996E-05
9.996E-05 9.996E-05 9.996E-05 9.996E-05 0.9995 9.996E-05
9.996E-05 9.996E-05 9.996E-05 9.996E-05 0.9995 9.996E-05
9.99648E-05 9.99648E-05 9.99648E-05 9.99648E-05 0.992777 0.00682325
9.996E-05 9.996E-05 9.996E-05 9.996E-05 0.9995 9.996E-05
9.996E-05 9.996E-05 9.996E-05 9.996E-05 0.9995 9.996E-05
9.996E-05 9.996E-05 9.996E-05 9.996E-05 0.9995 9.996E-05
0.0277727 9.99736E-05 9.99736E-05 9.99736E-05 0.875445 0.0964819
9.996E-05 9.996E-05 9.996E-05 9.996E-05 0.9995 9.996E-05
9.99648E-05 9.99648E-05 9.99648E-05 9.99648E-05 0.967386 0.0322138
9.996E-05 9.996E-05 9.996E-05 9.996E-05 0.9995 9.996E-05
9.996E-05 9.996E-05 9.996E-05 9.996E-05 0.9995 9.996E-05
9.996E-05 9.996E-05 9.996E-05 9.996E-05 0.9995 9.996E-05
9.996E-05 9.996E-05 9.996E-05 9.996E-05 0.9995 9.996E-05
9.996E-05 9.996E-05 9.996E-05 9.996E-05 0.9995 9.996E-05
9.996E-05 9.996E-05 9.996E-05 9.996E-05 0.9995 9.996E-05
9.99649E-05 9.99649E-05 9.99649E-05 9.99649E-05 0.996068 0.00353165
9.996E-05 9.996E-05 9.996E-05 9.996E-05 0.9995 9.996E-05
9.996E-05 9.996E-05 9.996E-05 9.996E-05 0.9995 9.996E-05
9.99648E-05 9.99648E-05 9.99648E-05 9.99648E-05 0.901877 0.0977228
9.996E-05 9.996E-05 9.996E-05 9.996E-05 0.9995 9.996E-05
9.996E-05 9.996E-05 9.996E-05 9.996E-05 0.9995 9.996E-05
9.996E-05 9.996E-05 9.996E-05 9.996E-05 0.9995 9.996E-05
0.0426031 0.00733118 9.99736E-05 9.99736E-05 0.949766 9.99736E-05
9.996E-05 9.996E-05 9.996E-05 9.996E-05 0.9995 9.996E-05
9.996E-05 9.996E-05 9.996E-05 9.996E-05 0.9995 9.996E-05
9.996E-05 9.996E-05 9.996E-05 9.996E-05 0.9995 9.996E-05
9.996E-05 9.996E-05 9.996E-05 9.996E-05 0.9995 9.996E-05
9.996E-05 9.996E-05 9.996E-05 9.996E-05 0.9995 9.996E-05
9.996E-05 9.996E-05 9.996E-05 9.996E-05 0.9995 9.996E-05
9.996E-05 9.996E-05 9.996E-05 9.996E-05 0.9995 9.996E-05
9.996E-05 9.996E-05 9.996E-05 9.996E-05 0.9995 9.996E-05
9.996E-05 9.996E-05 9.996E-05 9.996E-05 0.9995 9.996E-05
9.996E-05 9.996E-05 9.996E-05 9.996E-05 0.9995 9.996E-05
9.996E-05 9.996E-05 9.996E-05 9.996E-05 0.9995 9.996E-05
9.996E-05 9.996E-05 9.996E-05 9.996E-05 0.9995 9.996E-05
9.996E-05 9.996E-05 9.996E-05 9.996E-05 0.9995 9.996E-05
9.996E-05 9.996E-05 9.996E-05 9.996E-05 0.9995 9.996E-05
9.996E-05 9.996E-05 9.996E-05 9.996E-05 0.9995 9.996E-05
9.996E-05 9.996E-05 9.996E-05 9.996E-05 0.9995 9.996E-05
0.0643963 0.0374092 9.99824E-05 9.99824E-05 0.718593 0.179402
0.226014 0.00225885 9.99824E-05 9.99824E-05 0.617889 0.153638
9.99649E-05 9.99649E-05 9.99649E-05 9.99649E-05 0.848921 0.150679
0.108624 9.99736E-05 9.99736E-05 9.99736E-05 0.745353 0.145723
0.241455 9.99736E-05 9.99736E-05 9.99736E-05 0.582722 0.175523
0.277521 9.99736E-05 9.99736E-05 9.99736E-05 0.52165 0.20053
0.235416 9.99737E-05 9.99737E-05 9.99737E-05 0.602528 0.161756
9.99649E-05 9.99649E-05 9.99649E-05 9.99649E-05 0.666754 0.332846
0.368409 9.99736E-05 9.99736E-05 9.99736E-05 0.521734 0.109557
0.220854 9.99736E-05 9.99736E-05 9.99736E-05 0.632096 0.14675
0.25734 9.99736E-05 9.99736E-05 9.99736E-05 0.55643 0.185929
0.468383 9.99737E-05 9.99737E-05 9.99737E-05 0.520162 0.0111543
9.99649E-05 9.99649E-05 9.99649E-05 9.99649E-05 0.869329 0.130271
9.99649E-05 9.99649E-05 9.99649E-05 9.99649E-05 0.896071 0.103529
9.99648E-05 9.99648E-05 9.99648E-05 9.99648E-05 0.870703 0.128897
9.99648E-05 9.99648E-05 9.99648E-05 9.99648E-05 0.870703 0.128897
9.99649E-05 9.99649E-05 9.99649E-05 9.99649E-05 0.814264 0.185336
0.765449 9.99736E-05 9.99736E-05 9.99736E-05 0.200622 0.0336288
0.585072 9.99736E-05 9.99736E-05 9.99736E-05 0.25429 0.160338
0.753421 0.0423935 9.99736E-05 9.99736E-05 0.203886 9.99736E-05
0.87423 9.99648E-05 9.99648E-05 9.99648E-05 0.12537 9.99648E-05
0.647059 9.99736E-05 9.99736E-05 9.99736E-05 0.226148 0.126494
0.926008 9.99648E-05 9.99648E-05 9.99648E-05 0.0735922 9.99648E-05
0.942778 9.99649E-05 9.99649E-05 9.99649E-05 9.99649E-05 0.0568221
0.9995 9.996E-05 9.996E-05 9.996E-05 9.996E-05 9.996E-05
0.846382 0.0437852 9.99824E-05 9.99824E-05 0.0328351 0.0767981
0.689406 9.99736E-05 9.99736E-05 9.99736E-05 0.251401 0.0588927
0.707952 0.0516505 9.99736E-05 9.99736E-05 9.99736E-05 0.240097
0.909559 0.0666378 9.99736E-05 9.99736E-05 0.0235032 9.99736E-05
0.430681 9.99737E-05 9.99737E-05 9.99737E-05 0.26659 0.302429
0.480121 9.99737E-05 9.99737E-05 9.99737E-05 0.115548 0.404031
0.579505 9.99736E-05 9.99736E-05 9.99736E-05 0.0472943 0.372901
0.479005 0.107947 9.99825E-05 9.99825E-05 0.211791 0.201057
0.549237 9.99736E-05 9.99736E-05 9.99736E-05 0.113035 0.337428
0.917578 0.0643338 9.99736E-05 9.99736E-05 9.99736E-05 0.0177883
0.521346 0.0575335 9.99824E-05 9.99824E-05 0.333657 0.0872637
0.508034 9.99736E-05 9.99736E-05 9.99736E-05 0.0736326 0.418034
0.435742 9.99736E-05 9.99736E-05 9.99736E-05 0.0937453 0.470212
0.650839 9.99736E-05 9.99736E-05 9.99736E-05 0.125813 0.223048
0.405139 9.99736E-05 9.99736E-05 9.99736E-05 0.201049 0.393511
0.9995 9.996E-05 9.996E-05 9.996E-05 9.996E-05 9.996E-05
0.595563 9.99736E-05 9.99736E-05 9.99736E-05 0.252997 0.151139
0.627558 0.010636 9.99824E-05 9.99824E-05 0.275065 0.086541
0.732216 9.99649E-05 9.99649E-05 9.99649E-05 0.267384 9.99649E-05
0.632486 0.0434012 9.99736E-05 9.99736E-05 0.323813 9.99736E-05
0.79786 9.99736E-05 9.99736E-05 9.99736E-05 0.0686434 0.133197
0.750083 9.99736E-05 9.99736E-05 9.99736E-05 0.0646411 0.184976
0.814445 9.99736E-05 9.99736E-05 9.99736E-05 0.0527114 0.132544
0.531604 0.00894596 9.99824E-05 9.99824E-05 0.206631 0.252619
0.652879 9.99736E-05 9.99736E-05 9.99736E-05 0.169996 0.176826
0.852772 9.99648E-05 9.99648E-05 9.99648E-05 9.99648E-05 0.146829
0.713423 9.99648E-05 9.99648E-05 9.99648E-05 9.99648E-05 0.286178
0.760253 9.99736E-05 9.99736E-05 9.99736E-05 0.0683856 0.171061
0.795823 9.99736E-05 9.99736E-05 9.99736E-05 0.0560634 0.147813
0.726334 9.99736E-05 9.99736E-05 9.99736E-05 0.123714 0.149652
0.504306 9.99736E-05 9.99736E-05 9.99736E-05 0.0425581 0.452836
0.815676 9.99736E-05 9.99736E-05 9.99736E-05 0.119719 0.0643052
0.805666 0.0338678 9.99736E-05 9.99736E-05 0.160166 9.99736E-05
0.837919 9.99648E-05 9.99648E-05 9.99648E-05 9.99648E-05 0.161681
0.837965 9.99648E-05 9.99648E-05 9.99648E-05 9.99648E-05 0.161635
0.985848 0.0137517 9.99649E-05 9.99649E-05 9.99649E-05 9.99649E-05
0.771555 9.99648E-05 9.99648E-05 9.99648E-05 9.99648E-05 0.228045
0.698663 9.99736E-05 9.99736E-05 9.99736E-05 0.158766 0.142271
0.826146 9.99648E-05 9.99648E-05 9.99648E-05 9.99648E-05 0.173454
0.461 9.99737E-05 9.99737E-05 9.99737E-05 0.160087 0.378613
0.692586 9.99736E-05 9.99736E-05 9.99736E-05 0.169303 0.137811
0.722415 9.99736E-05 9.99736E-05 9.99736E-05 0.056459 0.220826
0.882673 0.0374049 0.00451659 9.99824E-05 0.0752059 9.99824E-05
0.794371 0.0564787 0.0753329 9.99824E-05 0.0736175 9.99824E-05
0.687595 9.99736E-05 9.99736E-05 9.99736E-05 0.277017 0.0350876
0.814865 9.99736E-05 9.99736E-05 9.99736E-05 0.0200378 0.164798
0.742701 0.0122312 0.0361244 9.99824E-05 0.208744 9.99824E-05
0.364409 0.0321809 9.99824E-05 9.99824E-05 0.207386 0.395825
0.821856 9.99648E-05 9.99648E-05 9.99648E-05 9.99648E-05 0.177744
