9.98946E-05 9.98946E-05 0.0657756 0.289208 9.98946E-05 9.98946E-05 9.98946E-05 9.98946E-05 0.0492475 9.98946E-05 9.98946E-05 0.0835422 9.98946E-05 9.98946E-05 0.149076 0.0452803 9.98946E-05 0.266032 0.0506398 9.98946E-05
9.98859E-05 9.98859E-05 9.98859E-05 0.0574104 9.98859E-05 9.98859E-05 9.98859E-05 9.98859E-05 0.00298967 9.98859E-05 9.98859E-05 0.698386 9.98859E-05 0.0287716 9.98859E-05 0.0725565 0.0261464 0.112441 9.98859E-05 9.98859E-05
9.98509E-05 9.98509E-05 0.0498973 0.897248 9.98509E-05 9.98509E-05 9.98509E-05 9.98509E-05 9.98509E-05 9.98509E-05 9.98509E-05 9.98509E-05 9.98509E-05 9.98509E-05 9.98509E-05 9.98509E-05 9.98509E-05 9.98509E-05 0.0511568 9.98509E-05
9.98947E-05 9.98947E-05 0.0212898 9.98947E-05 0.0180374 9.98947E-05 0.0640973 9.98947E-05 0.0189977 9.98947E-05 9.98947E-05 0.358071 9.98947E-05 9.98947E-05 0.0466146 9.98947E-05 0.0310745 9.98947E-05 9.98947E-05 0.440619
9.98596E-05 0.115875 9.98596E-05 0.381321 9.98596E-05 9.98596E-05 9.98596E-05 9.98596E-05 9.98596E-05 9.98596E-05 9.98596E-05 0.487925 9.98596E-05 9.98596E-05 9.98596E-05 9.98596E-05 0.0132809 9.98596E-05 9.98596E-05 9.98596E-05
0.139934 0.164523 9.98859E-05 0.148626 0.174534 9.98859E-05 9.98859E-05 9.98859E-05 9.98859E-05 9.98859E-05 9.98859E-05 0.10185 9.98859E-05 9.98859E-05 9.98859E-05 9.98859E-05 9.98859E-05 0.19617 9.98859E-05 0.0730647
9.99035E-05 9.99035E-05 0.102399 0.0383845 9.99035E-05 9.99035E-05 9.99035E-05 9.99035E-05 0.0340242 9.99035E-05 9.99035E-05 0.332935 9.99035E-05 9.99035E-05 0.130018 0.00526444 9.99035E-05 0.103962 0.0541849 0.19773
0.107638 9.98948E-05 9.98948E-05 9.98948E-05 0.124704 9.98948E-05 9.98948E-05 9.98948E-05 0.0239646 0.176699 9.98948E-05 0.30368 9.98948E-05 0.0586401 0.196446 9.98948E-05 0.00702946 9.98948E-05 9.98948E-05 9.98948E-05
9.98859E-05 0.0833247 0.192607 0.243861 0.21753 9.98859E-05 9.98859E-05 9.98859E-05 9.98859E-05 9.98859E-05 9.98859E-05 9.98859E-05 9.98859E-05 9.98859E-05 0.0181907 9.98859E-05 0.127535 9.98859E-05 0.115653 9.98859E-05
9.98508E-05 9.98508E-05 0.0477274 0.929334 9.98508E-05 9.98508E-05 9.98508E-05 9.98508E-05 9.98508E-05 9.98508E-05 9.98508E-05 0.0212415 9.98508E-05 9.98508E-05 9.98508E-05 9.98508E-05 9.98508E-05 9.98508E-05 9.98508E-05 9.98508E-05
9.98947E-05 9.98947E-05 0.145774 0.433553 0.057606 9.98947E-05 0.0133016 9.98947E-05 0.0807031 9.98947E-05 9.98947E-05 0.14805 9.98947E-05 9.98947E-05 0.0394781 9.98947E-05 9.98947E-05 0.0803351 9.98947E-05 9.98947E-05
9.98508E-05 9.98508E-05 9.98508E-05 0.987858 9.98508E-05 9.98508E-05 9.98508E-05 9.98508E-05 0.00298462 0.00745985 9.98508E-05 9.98508E-05 9.98508E-05 9.98508E-05 9.98508E-05 9.98508E-05 9.98508E-05 9.98508E-05 9.98508E-05 9.98508E-05
9.98596E-05 9.98596E-05 0.0701292 0.663145 9.98596E-05 9.98596E-05 9.98596E-05 9.98596E-05 9.98596E-05 9.98596E-05 9.98596E-05 0.220874 9.98596E-05 9.98596E-05 0.0442544 9.98596E-05 9.98596E-05 9.98596E-05 9.98596E-05 9.98596E-05
9.98771E-05 9.98771E-05 0.0213765 9.98771E-05 9.98771E-05 9.98771E-05 0.0407139 0.0241678 9.98771E-05 9.98771E-05 0.0518658 0.852879 9.98771E-05 9.98771E-05 0.00759832 9.98771E-05 9.98771E-05 9.98771E-05 9.98771E-05 9.98771E-05
9.98859E-05 0.029119 0.148295 0.334326 0.204278 9.98859E-05 9.98859E-05 9.98859E-05 9.98859E-05 9.98859E-05 0.0958292 9.98859E-05 9.98859E-05 9.98859E-05 0.00101326 9.98859E-05 9.98859E-05 0.185841 9.98859E-05 9.98859E-05
9.99035E-05 9.99035E-05 0.0693883 0.163505 0.218381 9.99035E-05 9.99035E-05 9.99035E-05 9.99035E-05 0.0577659 9.99035E-05 0.132332 9.99035E-05 9.99035E-05 0.0483165 9.99035E-05 0.0351352 0.133564 9.99035E-05 0.140514
9.98859E-05 9.98859E-05 0.0186927 0.602119 9.98859E-05 9.98859E-05 9.98859E-05 0.168598 0.0522823 0.0494653 9.98859E-05 9.98859E-05 9.98859E-05 9.98859E-05 0.0104265 0.097118 9.98859E-05 9.98859E-05 9.98859E-05 9.98859E-05
9.98858E-05 9.98858E-05 0.156246 9.98858E-05 9.98858E-05 9.98858E-05 9.98858E-05 9.98858E-05 9.98858E-05 9.98858E-05 9.98858E-05 0.241208 0.102158 0.153698 0.0908659 9.98858E-05 0.0220756 0.23245 9.98858E-05 9.98858E-05
9.98946E-05 9.98946E-05 0.143815 0.446883 0.120186 9.98946E-05 9.98946E-05 9.98946E-05 0.0329865 9.98946E-05 0.0578172 9.98946E-05 9.98946E-05 0.0529411 0.10024 9.98946E-05 9.98946E-05 9.98946E-05 9.98946E-05 0.0439321
9.98334E-05 9.98334E-05 9.98334E-05 0.998103 9.98334E-05 9.98334E-05 9.98334E-05 9.98334E-05 9.98334E-05 9.98334E-05 9.98334E-05 9.98334E-05 9.98334E-05 9.98334E-05 9.98334E-05 9.98334E-05 9.98334E-05 9.98334E-05 9.98334E-05 9.98334E-05
9.98947E-05 9.98947E-05 0.00661299 0.32116 0.0496762 9.98947E-05 0.0875346 9.98947E-05 0.040952 9.98947E-05 0.000157328 0.190542 9.98947E-05 9.98947E-05 9.98947E-05 9.98947E-05 0.302166 9.98947E-05 9.98947E-05 9.98947E-05
0.171908 0.0358833 9.98772E-05 0.331737 0.0785757 9.98772E-05 9.98772E-05 9.98772E-05 9.98772E-05 9.98772E-05 9.98772E-05 9.98772E-05 9.98772E-05 9.98772E-05 0.293057 9.98772E-05 9.98772E-05 9.98772E-05 9.98772E-05 0.0874407
9.98772E-05 0.0357632 0.0774597 0.566181 9.98772E-05 9.98772E-05 9.98772E-05 9.98772E-05 0.0286615 9.98772E-05 9.98772E-05 0.0974071 9.98772E-05 9.98772E-05 9.98772E-05 9.98772E-05 9.98772E-05 0.193129 9.98772E-05 9.98772E-05
9.98771E-05 9.98771E-05 0.226834 0.25276 9.98771E-05 9.98771E-05 9.98771E-05 9.98771E-05 9.98771E-05 9.98771E-05 9.98771E-05 0.17463 9.98771E-05 9.98771E-05 0.271053 9.98771E-05 9.98771E-05 0.0262612 0.0470628 9.98771E-05
9.99122E-05 9.99122E-05 0.240661 0.136913 0.0560608 9.99122E-05 0.184756 9.99122E-05 0.00741255 9.99122E-05 0.13804 0.174253 0.0373703 9.99122E-05 0.0178936 9.99122E-05 9.99122E-05 9.99122E-05 0.00564122 9.99122E-05
0.0148779 0.0473627 0.0900526 0.739392 9.98859E-05 9.98859E-05 0.00367717 9.98859E-05 9.98859E-05 9.98859E-05 9.98859E-05 9.98859E-05 9.98859E-05 9.98859E-05 0.0716081 9.98859E-05 9.98859E-05 9.98859E-05 9.98859E-05 0.0317311
9.98858E-05 0.105641 0.128347 0.0880822 9.98858E-05 9.98858E-05 0.151011 9.98858E-05 9.98858E-05 0.0522492 9.98858E-05 9.98858E-05 9.98858E-05 0.136009 0.337362 9.98858E-05 9.98858E-05 9.98858E-05 9.98858E-05 9.98858E-05
9.98597E-05 9.98597E-05 0.0303069 0.819106 9.98597E-05 9.98597E-05 9.98597E-05 9.98597E-05 9.98597E-05 9.98597E-05 9.98597E-05 9.98597E-05 9.98597E-05 9.98597E-05 0.11502 9.98597E-05 9.98597E-05 9.98597E-05 9.98597E-05 0.0339688
9.9886E-05 9.9886E-05 0.0996408 0.603172 9.9886E-05 9.9886E-05 0.143822 9.9886E-05 9.9886E-05 9.9886E-05 9.9886E-05 0.0145462 0.0304358 9.9886E-05 9.9886E-05 9.9886E-05 9.9886E-05 0.0288656 0.078219 9.9886E-05
9.9886E-05 9.9886E-05 0.0709571 0.754015 0.0461443 0.0550099 0.0100881 9.9886E-05 9.9886E-05 9.9886E-05 9.9886E-05 9.9886E-05 9.9886E-05 9.9886E-05 9.9886E-05 9.9886E-05 9.9886E-05 9.9886E-05 0.0343753 0.0281119
9.98772E-05 9.98772E-05 9.98772E-05 0.767605 0.0110995 9.98772E-05 9.98772E-05 9.98772E-05 0.0685599 9.98772E-05 9.98772E-05 9.98772E-05 0.062233 9.98772E-05 0.0431143 9.98772E-05 9.98772E-05 0.0459898 9.98772E-05 9.98772E-05
9.98948E-05 0.113279 0.0109997 0.262638 9.98948E-05 9.98948E-05 0.0931293 0.0456546 0.00347003 9.98948E-05 9.98948E-05 0.323109 9.98948E-05 9.98948E-05 9.98948E-05 9.98948E-05 9.98948E-05 9.98948E-05 9.98948E-05 0.146522
9.98858E-05 9.98858E-05 0.0976221 9.98858E-05 9.98858E-05 9.98858E-05 0.0785746 9.98858E-05 0.0451803 0.0109259 9.98858E-05 0.667184 9.98858E-05 9.98858E-05 0.0519184 9.98858E-05 9.98858E-05 0.0472963 9.98858E-05 9.98858E-05
0.0256723 9.99034E-05 0.0881923 0.0945016 9.99034E-05 9.99034E-05 0.294793 9.99034E-05 9.99034E-05 0.00246019 9.99034E-05 0.347188 0.000963988 9.99034E-05 0.106985 9.99034E-05 9.99034E-05 9.99034E-05 9.99034E-05 0.0381447
9.98509E-05 9.98509E-05 9.98509E-05 0.892197 9.98509E-05 9.98509E-05 9.98509E-05 9.98509E-05 0.0492566 9.98509E-05 9.98509E-05 9.98509E-05 0.0568494 9.98509E-05 9.98509E-05 9.98509E-05 9.98509E-05 9.98509E-05 9.98509E-05 9.98509E-05
9.98773E-05 9.98773E-05 9.98773E-05 0.757402 0.004556 9.98773E-05 9.98773E-05 9.98773E-05 0.0364328 9.98773E-05 9.98773E-05 9.98773E-05 9.98773E-05 9.98773E-05 0.0715955 0.0105483 9.98773E-05 9.98773E-05 0.118067 9.98773E-05
9.98599E-05 9.98599E-05 9.98599E-05 0.882174 9.98599E-05 9.98599E-05 9.98599E-05 9.98599E-05 0.00375982 9.98599E-05 9.98599E-05 9.98599E-05 9.98599E-05 9.98599E-05 9.98599E-05 0.0348008 9.98599E-05 9.98599E-05 9.98599E-05 0.0776675
9.98861E-05 9.98861E-05 0.0456269 0.105912 0.130792 9.98861E-05 9.98861E-05 0.03206 9.98861E-05 9.98861E-05 9.98861E-05 0.59218 0.0775216 9.98861E-05 9.98861E-05 0.0146095 9.98861E-05 9.98861E-05 9.98861E-05 9.98861E-05
9.98773E-05 0.197272 0.153674 0.585384 9.98773E-05 9.98773E-05 9.98773E-05 9.98773E-05 0.0181564 9.98773E-05 9.98773E-05 9.98773E-05 0.0166956 9.98773E-05 9.98773E-05 0.0274197 9.98773E-05 9.98773E-05 9.98773E-05 9.98773E-05
9.98683E-05 9.98683E-05 0.136259 0.256687 9.98683E-05 9.98683E-05 0.116671 9.98683E-05 9.98683E-05 0.137353 9.98683E-05 0.351531 9.98683E-05 9.98683E-05 9.98683E-05 9.98683E-05 9.98683E-05 9.98683E-05 9.98683E-05 9.98683E-05
9.98508E-05 9.98508E-05 0.0532465 0.933535 9.98508E-05 9.98508E-05 9.98508E-05 9.98508E-05 9.98508E-05 9.98508E-05 9.98508E-05 9.98508E-05 9.98508E-05 9.98508E-05 0.0115207 9.98508E-05 9.98508E-05 9.98508E-05 9.98508E-05 9.98508E-05
9.98685E-05 0.03033 0.0566804 0.653719 9.98685E-05 9.98685E-05 9.98685E-05 9.98685E-05 9.98685E-05 9.98685E-05 9.98685E-05 9.98685E-05 9.98685E-05 9.98685E-05 0.210573 0.0471993 9.98685E-05 9.98685E-05 9.98685E-05 9.98685E-05
9.98772E-05 9.98772E-05 9.98772E-05 0.287768 9.98772E-05 0.150311 9.98772E-05 9.98772E-05 0.00703981 9.98772E-05 9.98772E-05 0.462681 9.98772E-05 0.0354694 0.0553328 9.98772E-05 9.98772E-05 9.98772E-05 9.98772E-05 9.98772E-05
9.99034E-05 9.99034E-05 0.134887 0.348714 0.096356 9.99034E-05 0.116918 9.99034E-05 0.0695779 9.99034E-05 9.99034E-05 9.99034E-05 9.99034E-05 9.99034E-05 0.0139148 0.0121504 9.99034E-05 0.0862758 0.120107 9.99034E-05
9.98596E-05 9.98596E-05 0.197125 9.98596E-05 9.98596E-05 9.98596E-05 9.98596E-05 9.98596E-05 9.98596E-05 9.98596E-05 9.98596E-05 0.266183 9.98596E-05 9.98596E-05 0.366076 9.98596E-05 9.98596E-05 9.98596E-05 9.98596E-05 0.169018
0.0239866 9.98596E-05 9.98596E-05 0.91974 9.98596E-05 9.98596E-05 9.98596E-05 9.98596E-05 9.98596E-05 9.98596E-05 9.98596E-05 9.98596E-05 0.0140459 0.04063 9.98596E-05 9.98596E-05 9.98596E-05 9.98596E-05 9.98596E-05 9.98596E-05
9.98419E-05 9.98419E-05 0.0399033 9.98419E-05 9.98419E-05 9.98419E-05 9.98419E-05 9.98419E-05 9.98419E-05 9.98419E-05 9.98419E-05 0.9583 9.98419E-05 9.98419E-05 9.98419E-05 9.98419E-05 9.98419E-05 9.98419E-05 9.98419E-05 9.98419E-05
9.98334E-05 9.98334E-05 9.98334E-05 0.998103 9.98334E-05 9.98334E-05 9.98334E-05 9.98334E-05 9.98334E-05 9.98334E-05 9.98334E-05 9.98334E-05 9.98334E-05 9.98334E-05 9.98334E-05 9.98334E-05 9.98334E-05 9.98334E-05 9.98334E-05 9.98334E-05
0.00152875 0.00512603 0.106302 0.582272 9.98946E-05 9.98946E-05 9.98946E-05 9.98946E-05 0.0689237 9.98946E-05 9.98946E-05 0.0834748 9.98946E-05 9.98946E-05 0.113915 9.98946E-05 9.98946E-05 0.0372581 9.98946E-05 9.98946E-05
9.98511E-05 9.98511E-05 9.98511E-05 9.98511E-05 0.00862304 9.98511E-05 9.98511E-05 9.98511E-05 9.98511E-05 9.98511E-05 0.0427257 0.946954 9.98511E-05 9.98511E-05 9.98511E-05 9.98511E-05 9.98511E-05 9.98511E-05 9.98511E-05 9.98511E-05
0.00467867 0.100942 0.257438 0.115844 9.99386E-05 9.99386E-05 0.0295986 9.99386E-05 0.0482698 9.99386E-05 9.99386E-05 0.166926 0.0735951 9.99386E-05 0.0311428 9.99386E-05 0.0316115 0.0442528 0.0662574 0.0287437
9.98771E-05 0.0378008 9.98771E-05 9.98771E-05 9.98771E-05 9.98771E-05 9.98771E-05 9.98771E-05 9.98771E-05 9.98771E-05 9.98771E-05 0.717915 0.0848553 9.98771E-05 0.0884507 9.98771E-05 9.98771E-05 9.98771E-05 0.0333298 0.0362506
9.98509E-05 9.98509E-05 9.98509E-05 0.930922 9.98509E-05 9.98509E-05 0.0256127 9.98509E-05 9.98509E-05 9.98509E-05 9.98509E-05 9.98509E-05 9.98509E-05 0.0417675 9.98509E-05 9.98509E-05 9.98509E-05 9.98509E-05 9.98509E-05 9.98509E-05
9.98508E-05 9.98508E-05 9.98508E-05 9.98508E-05 9.98508E-05 9.98508E-05 9.98508E-05 9.98508E-05 9.98508E-05 0.0820864 0.0125418 0.903674 9.98508E-05 9.98508E-05 9.98508E-05 9.98508E-05 9.98508E-05 9.98508E-05 9.98508E-05 9.98508E-05
9.9851E-05 9.9851E-05 0.0184429 0.84179 9.9851E-05 9.9851E-05 9.9851E-05 9.9851E-05 9.9851E-05 9.9851E-05 0.13807 9.9851E-05 9.9851E-05 9.9851E-05 9.9851E-05 9.9851E-05 9.9851E-05 9.9851E-05 9.9851E-05 9.9851E-05
0.0997228 0.0570243 9.98686E-05 0.738035 9.98686E-05 9.98686E-05 0.00446381 9.98686E-05 9.98686E-05 9.98686E-05 9.98686E-05 9.98686E-05 0.0992564 9.98686E-05 9.98686E-05 9.98686E-05 9.98686E-05 9.98686E-05 9.98686E-05 9.98686E-05
9.98683E-05 9.98683E-05 0.0640458 0.841511 0.0288645 9.98683E-05 9.98683E-05 9.98683E-05 9.98683E-05 9.98683E-05 9.98683E-05 9.98683E-05 9.98683E-05 0.034206 9.98683E-05 9.98683E-05 0.0298751 9.98683E-05 9.98683E-05 9.98683E-05
9.98597E-05 9.98597E-05 0.0453727 0.590254 9.98597E-05 9.98597E-05 9.98597E-05 9.98597E-05 9.98597E-05 9.98597E-05 9.98597E-05 0.295196 9.98597E-05 9.98597E-05 9.98597E-05 9.98597E-05 9.98597E-05 9.98597E-05 9.98597E-05 0.0675797
9.98683E-05 9.98683E-05 9.98683E-05 0.356712 0.0271939 9.98683E-05 9.98683E-05 9.98683E-05 9.98683E-05 9.98683E-05 9.98683E-05 0.576282 9.98683E-05 9.98683E-05 9.98683E-05 0.0127154 9.98683E-05 9.98683E-05 9.98683E-05 0.0255986
9.98946E-05 9.98946E-05 0.100174 9.98946E-05 0.0700174 9.98946E-05 0.113462 9.98946E-05 0.0313215 9.98946E-05 0.00188046 9.98946E-05 9.98946E-05 0.0406752 9.98946E-05 0.0080563 9.98946E-05 0.633215 9.98946E-05 9.98946E-05
9.98421E-05 9.98421E-05 9.98421E-05 9.98421E-05 9.98421E-05 9.98421E-05 9.98421E-05 9.98421E-05 9.98421E-05 9.98421E-05 9.98421E-05 9.98421E-05 9.98421E-05 9.98421E-05 9.98421E-05 9.98421E-05 9.98421E-05 0.971589 0.0266134 9.98421E-05
9.98508E-05 9.98508E-05 9.98508E-05 9.98508E-05 9.98508E-05 9.98508E-05 9.98508E-05 9.98508E-05 9.98508E-05 0.0592446 9.98508E-05 9.98508E-05 9.98508E-05 0.0257957 9.98508E-05 9.98508E-05 9.98508E-05 0.913262 9.98508E-05 9.98508E-05
9.98947E-05 9.98947E-05 0.041854 9.98947E-05 0.148214 9.98947E-05 0.165719 9.98947E-05 9.98947E-05 9.98947E-05 9.98947E-05 9.98947E-05 0.0108298 0.0121223 9.98947E-05 0.239413 9.98947E-05 0.339747 9.98947E-05 0.0409023
9.98867E-05 9.98867E-05 0.0374268 9.98867E-05 0.0898694 9.98867E-05 9.98867E-05 9.98867E-05 9.98867E-05 0.0230138 9.98867E-05 9.98867E-05 0.0753987 0.034464 0.0917259 9.98867E-05 9.98867E-05 0.646803 9.98867E-05 9.98867E-05
9.9868E-05 9.9868E-05 0.18053 9.9868E-05 0.0329864 9.9868E-05 0.0703058 9.9868E-05 9.9868E-05 9.9868E-05 9.9868E-05 9.9868E-05 9.9868E-05 9.9868E-05 0.0713846 9.9868E-05 9.9868E-05 0.643295 9.9868E-05 9.9868E-05
9.98682E-05 9.98682E-05 0.122367 9.98682E-05 9.98682E-05 9.98682E-05 9.98682E-05 9.98682E-05 0.0267502 9.98682E-05 9.98682E-05 9.98682E-05 9.98682E-05 9.98682E-05 9.98682E-05 0.278401 9.98682E-05 0.567723 9.98682E-05 0.00326175
9.98769E-05 0.0423791 0.0737545 9.98769E-05 0.0960576 9.98769E-05 9.98769E-05 9.98769E-05 9.98769E-05 9.98769E-05 9.98769E-05 9.98769E-05 9.98769E-05 0.10734 9.98769E-05 0.116709 9.98769E-05 0.562361 9.98769E-05 9.98769E-05
9.98421E-05 9.98421E-05 9.98421E-05 9.98421E-05 9.98421E-05 9.98421E-05 9.98421E-05 9.98421E-05 9.98421E-05 9.98421E-05 9.98421E-05 9.98421E-05 9.98421E-05 9.98421E-05 9.98421E-05 9.98421E-05 9.98421E-05 0.963933 0.0342695 9.98421E-05
9.98683E-05 9.98683E-05 9.98683E-05 9.98683E-05 0.0876526 9.98683E-05 9.98683E-05 9.98683E-05 0.0734639 9.98683E-05 9.98683E-05 9.98683E-05 9.98683E-05 9.98683E-05 9.98683E-05 9.98683E-05 0.0310353 0.782925 9.98683E-05 0.0234257
9.98593E-05 9.98593E-05 0.280935 9.98593E-05 0.0572159 9.98593E-05 9.98593E-05 9.98593E-05 0.155873 9.98593E-05 9.98593E-05 9.98593E-05 9.98593E-05 9.98593E-05 9.98593E-05 9.98593E-05 9.98593E-05 0.504378 9.98593E-05 9.98593E-05
9.99034E-05 9.99034E-05 0.0806562 9.99034E-05 9.99034E-05 9.99034E-05 9.99034E-05 9.99034E-05 0.0769479 0.0874894 0.163149 9.99034E-05 9.99034E-05 0.024383 0.0451606 0.037944 9.99034E-05 0.442914 9.99034E-05 0.0402565
0.144655 0.0579594 9.98769E-05 9.98769E-05 0.115274 9.98769E-05 9.98769E-05 9.98769E-05 0.0957456 0.0245785 9.98769E-05 9.98769E-05 9.98769E-05 9.98769E-05 9.98769E-05 9.98769E-05 9.98769E-05 0.56039 9.98769E-05 9.98769E-05
0.025273 9.98771E-05 0.279386 9.98771E-05 9.98771E-05 9.98771E-05 9.98771E-05 9.98771E-05 9.98771E-05 0.00570871 9.98771E-05 9.98771E-05 9.98771E-05 9.98771E-05 0.187691 0.013746 9.98771E-05 0.486797 9.98771E-05 9.98771E-05
9.98512E-05 9.98512E-05 9.98512E-05 9.98512E-05 9.98512E-05 9.98512E-05 0.0508547 9.98512E-05 0.0265479 9.98512E-05 9.98512E-05 9.98512E-05 9.98512E-05 9.98512E-05 9.98512E-05 9.98512E-05 9.98512E-05 0.9209 9.98512E-05 9.98512E-05
9.98509E-05 9.98509E-05 0.00447865 9.98509E-05 0.0372817 9.98509E-05 9.98509E-05 9.98509E-05 9.98509E-05 9.98509E-05 9.98509E-05 9.98509E-05 9.98509E-05 9.98509E-05 9.98509E-05 9.98509E-05 9.98509E-05 0.956542 9.98509E-05 9.98509E-05
9.98946E-05 0.148291 0.039522 9.98946E-05 9.98946E-05 9.98946E-05 0.0120358 9.98946E-05 9.98946E-05 9.98946E-05 9.98946E-05 9.98946E-05 9.98946E-05 0.140447 9.98946E-05 0.0391209 9.98946E-05 0.594428 0.00297553 0.0219815
9.98682E-05 9.98682E-05 9.98682E-05 9.98682E-05 0.00882165 9.98682E-05 9.98682E-05 9.98682E-05 0.164769 9.98682E-05 9.98682E-05 9.98682E-05 9.98682E-05 9.98682E-05 0.183526 9.98682E-05 9.98682E-05 0.499645 9.98682E-05 0.14174
9.98595E-05 9.98595E-05 0.0536509 9.98595E-05 9.98595E-05 9.98595E-05 9.98595E-05 9.98595E-05 0.0314774 9.98595E-05 9.98595E-05 9.98595E-05 9.98595E-05 0.0829496 9.98595E-05 9.98595E-05 9.98595E-05 0.830324 9.98595E-05 9.98595E-05
0.0388752 9.9877E-05 0.293542 9.9877E-05 9.9877E-05 9.9877E-05 9.9877E-05 9.9877E-05 0.0630139 9.9877E-05 9.9877E-05 9.9877E-05 0.00640914 9.9877E-05 9.9877E-05 0.00635896 9.9877E-05 0.590402 9.9877E-05 9.9877E-05
9.98424E-05 9.98424E-05 9.98424E-05 9.98424E-05 9.98424E-05 9.98424E-05 9.98424E-05 0.0224991 9.98424E-05 9.98424E-05 9.98424E-05 9.98424E-05 9.98424E-05 9.98424E-05 9.98424E-05 9.98424E-05 9.98424E-05 0.975704 9.98424E-05 9.98424E-05
9.98946E-05 0.0308458 0.0190022 9.98946E-05 0.0248274 9.98946E-05 9.98946E-05 9.98946E-05 9.98946E-05 9.98946E-05 0.0674149 9.98946E-05 0.050175 9.98946E-05 0.178129 9.98946E-05 9.98946E-05 0.49297 9.98946E-05 0.135437
9.98947E-05 0.0366232 0.0414199 9.98947E-05 9.98947E-05 9.98947E-05 0.202246 9.98947E-05 9.98947E-05 9.98947E-05 0.0419679 9.98947E-05 0.0143845 9.98947E-05 0.0170939 0.0649882 9.98947E-05 0.580078 9.98947E-05 9.98947E-05
9.98859E-05 0.0401849 9.98859E-05 9.98859E-05 0.0452671 9.98859E-05 9.98859E-05 9.98859E-05 9.98859E-05 0.0450638 9.98859E-05 9.98859E-05 9.98859E-05 0.0447812 9.98859E-05 9.98859E-05 9.98859E-05 0.658733 0.0719662 0.0927053
9.98506E-05 9.98506E-05 0.0104049 9.98506E-05 9.98506E-05 9.98506E-05 9.98506E-05 9.98506E-05 0.184944 9.98506E-05 9.98506E-05 9.98506E-05 9.98506E-05 9.98506E-05 9.98506E-05 9.98506E-05 9.98506E-05 0.802953 9.98506E-05 9.98506E-05
9.98685E-05 9.98685E-05 0.00528327 9.98685E-05 0.0231502 9.98685E-05 9.98685E-05 9.98685E-05 0.0194497 9.98685E-05 9.98685E-05 9.98685E-05 0.0593197 9.98685E-05 9.98685E-05 9.98685E-05 9.98685E-05 0.891299 9.98685E-05 9.98685E-05
9.98334E-05 9.98334E-05 9.98334E-05 9.98334E-05 9.98334E-05 9.98334E-05 9.98334E-05 9.98334E-05 9.98334E-05 9.98334E-05 9.98334E-05 9.98334E-05 9.98334E-05 9.98334E-05 9.98334E-05 9.98334E-05 9.98334E-05 0.998103 9.98334E-05 9.98334E-05
9.98333E-05 9.98333E-05 9.98333E-05 9.98333E-05 9.98333E-05 9.98333E-05 9.98333E-05 9.98333E-05 9.98333E-05 9.98333E-05 9.98333E-05 9.98333E-05 9.98333E-05 9.98333E-05 9.98333E-05 9.98333E-05 9.98333E-05 0.998103 9.98333E-05 9.98333E-05
9.98596E-05 9.98596E-05 0.0037568 9.98596E-05 0.00129675 9.98596E-05 9.98596E-05 9.98596E-05 9.98596E-05 9.98596E-05 9.98596E-05 9.98596E-05 9.98596E-05 0.0990298 9.98596E-05 9.98596E-05 9.98596E-05 0.894319 9.98596E-05 9.98596E-05
9.98598E-05 9.98598E-05 0.195343 9.98598E-05 0.0166445 0.22973 9.98598E-05 9.98598E-05 9.98598E-05 9.98598E-05 9.98598E-05 9.98598E-05 9.98598E-05 9.98598E-05 9.98598E-05 9.98598E-05 9.98598E-05 0.556684 9.98598E-05 9.98598E-05
9.98509E-05 0.539805 0.177987 9.98509E-05 9.98509E-05 9.98509E-05 0.280511 9.98509E-05 9.98509E-05 9.98509E-05 9.98509E-05 9.98509E-05 9.98509E-05 9.98509E-05 9.98509E-05 9.98509E-05 9.98509E-05 9.98509E-05 9.98509E-05 9.98509E-05
9.98596E-05 9.98596E-05 0.0229608 9.98596E-05 0.025257 0.652173 0.298012 9.98596E-05 9.98596E-05 9.98596E-05 9.98596E-05 9.98596E-05 9.98596E-05 9.98596E-05 9.98596E-05 9.98596E-05 9.98596E-05 9.98596E-05 9.98596E-05 9.98596E-05
0.0886284 0.0502827 0.0357099 9.98682E-05 9.98682E-05 9.98682E-05 0.808961 9.98682E-05 9.98682E-05 9.98682E-05 9.98682E-05 9.98682E-05 9.98682E-05 0.0149202 9.98682E-05 9.98682E-05 9.98682E-05 9.98682E-05 9.98682E-05 9.98682E-05
9.98681E-05 0.196751 0.0966643 9.98681E-05 0.04168 9.98681E-05 0.613371 9.98681E-05 9.98681E-05 9.98681E-05 9.98681E-05 9.98681E-05 9.98681E-05 0.0500352 9.98681E-05 9.98681E-05 9.98681E-05 9.98681E-05 9.98681E-05 9.98681E-05
9.98682E-05 0.686964 0.00335633 9.98682E-05 0.0398587 9.98682E-05 0.250817 9.98682E-05 9.98682E-05 9.98682E-05 9.98682E-05 9.98682E-05 0.0175057 9.98682E-05 9.98682E-05 9.98682E-05 9.98682E-05 9.98682E-05 9.98682E-05 9.98682E-05
9.98596E-05 0.61391 0.175048 9.98596E-05 0.153464 0.0559792 9.98596E-05 9.98596E-05 9.98596E-05 9.98596E-05 9.98596E-05 9.98596E-05 9.98596E-05 9.98596E-05 9.98596E-05 9.98596E-05 9.98596E-05 9.98596E-05 9.98596E-05 9.98596E-05
9.98507E-05 9.98507E-05 9.98507E-05 9.98507E-05 0.060075 9.98507E-05 0.872215 9.98507E-05 9.98507E-05 9.98507E-05 9.98507E-05 9.98507E-05 9.98507E-05 0.0660128 9.98507E-05 9.98507E-05 9.98507E-05 9.98507E-05 9.98507E-05 9.98507E-05
9.98419E-05 9.98419E-05 9.98419E-05 9.98419E-05 0.165315 9.98419E-05 0.832888 9.98419E-05 9.98419E-05 9.98419E-05 9.98419E-05 9.98419E-05 9.98419E-05 9.98419E-05 9.98419E-05 9.98419E-05 9.98419E-05 9.98419E-05 9.98419E-05 9.98419E-05
9.98506E-05 9.98506E-05 9.98506E-05 9.98506E-05 0.312824 9.98506E-05 0.460506 9.98506E-05 9.98506E-05 9.98506E-05 9.98506E-05 9.98506E-05 9.98506E-05 9.98506E-05 9.98506E-05 0.224973 9.98506E-05 9.98506E-05 9.98506E-05 9.98506E-05
0.0226802 9.98698E-05 0.213584 9.98698E-05 0.122586 9.98698E-05 0.627713 9.98698E-05 9.98698E-05 9.98698E-05 9.98698E-05 9.98698E-05 9.98698E-05 9.98698E-05 0.0119385 9.98698E-05 9.98698E-05 9.98698E-05 9.98698E-05 9.98698E-05
9.98683E-05 0.404693 9.98683E-05 9.98683E-05 0.0171373 9.98683E-05 0.0539542 0.360112 9.98683E-05 9.98683E-05 9.98683E-05 9.98683E-05 9.98683E-05 9.98683E-05 9.98683E-05 0.162605 9.98683E-05 9.98683E-05 9.98683E-05 9.98683E-05
9.98771E-05 0.540685 0.0614519 9.98771E-05 9.98771E-05 9.98771E-05 0.172873 0.127629 9.98771E-05 9.98771E-05 9.98771E-05 9.98771E-05 0.0052706 9.98771E-05 9.98771E-05 0.0906929 9.98771E-05 9.98771E-05 9.98771E-05 9.98771E-05
9.98685E-05 0.0331932 9.98685E-05 9.98685E-05 0.0707013 0.0105444 0.870449 0.0136138 9.98685E-05 9.98685E-05 9.98685E-05 9.98685E-05 9.98685E-05 9.98685E-05 9.98685E-05 9.98685E-05 9.98685E-05 9.98685E-05 9.98685E-05 9.98685E-05
9.98773E-05 0.366696 0.235603 9.98773E-05 0.10311 9.98773E-05 0.19214 0.10074 9.98773E-05 9.98773E-05 9.98773E-05 9.98773E-05 9.98773E-05 9.98773E-05 9.98773E-05 9.98773E-05 9.98773E-05 9.98773E-05 0.000311395 9.98773E-05
9.9886E-05 0.369437 9.9886E-05 9.9886E-05 0.0347971 0.12282 0.337105 9.9886E-05 0.00286335 0.00504423 9.9886E-05 9.9886E-05 9.9886E-05 0.126636 9.9886E-05 9.9886E-05 9.9886E-05 9.9886E-05 9.9886E-05 9.9886E-05
9.98772E-05 0.592694 0.127142 9.98772E-05 9.98772E-05 9.98772E-05 0.126142 0.0300872 0.0203458 9.98772E-05 9.98772E-05 9.98772E-05 9.98772E-05 9.98772E-05 9.98772E-05 0.10219 9.98772E-05 9.98772E-05 9.98772E-05 9.98772E-05
9.98859E-05 0.196158 0.0452726 9.98859E-05 0.0652342 0.0434912 0.367385 9.98859E-05 9.98859E-05 9.98859E-05 9.98859E-05 9.98859E-05 0.107099 9.98859E-05 9.98859E-05 0.174062 9.98859E-05 9.98859E-05 9.98859E-05 9.98859E-05
0.122559 0.416585 9.98861E-05 9.98861E-05 0.0747189 9.98861E-05 0.244137 0.067179 9.98861E-05 9.98861E-05 9.98861E-05 0.0157605 9.98861E-05 9.98861E-05 0.0577621 9.98861E-05 9.98861E-05 9.98861E-05 9.98861E-05 9.98861E-05
9.98597E-05 0.701318 9.98597E-05 9.98597E-05 9.98597E-05 9.98597E-05 0.259054 0.0178772 0.0201525 9.98597E-05 9.98597E-05 9.98597E-05 9.98597E-05 9.98597E-05 9.98597E-05 9.98597E-05 9.98597E-05 9.98597E-05 9.98597E-05 9.98597E-05
9.99123E-05 0.23194 0.131975 9.99123E-05 0.107904 9.99123E-05 0.21655 0.176504 0.0356463 0.012293 0.00505939 9.99123E-05 0.0371809 9.99123E-05 9.99123E-05 9.99123E-05 9.99123E-05 0.0439491 9.99123E-05 9.99123E-05
9.98771E-05 0.708919 0.109411 9.98771E-05 0.0432084 0.0392633 9.98771E-05 9.98771E-05 9.98771E-05 9.98771E-05 9.98771E-05 9.98771E-05 9.98771E-05 9.98771E-05 9.98771E-05 0.0567162 9.98771E-05 9.98771E-05 9.98771E-05 0.0410837
9.98508E-05 0.914234 0.0474553 9.98508E-05 9.98508E-05 9.98508E-05 9.98508E-05 9.98508E-05 0.0366135 9.98508E-05 9.98508E-05 9.98508E-05 9.98508E-05 9.98508E-05 9.98508E-05 9.98508E-05 9.98508E-05 9.98508E-05 9.98508E-05 9.98508E-05
9.98683E-05 0.495296 0.186134 9.98683E-05 0.214762 9.98683E-05 9.98683E-05 9.98683E-05 9.98683E-05 9.98683E-05 9.98683E-05 9.98683E-05 0.0723465 9.98683E-05 9.98683E-05 9.98683E-05 0.0299638 9.98683E-05 9.98683E-05 9.98683E-05
9.98597E-05 0.531645 9.98597E-05 9.98597E-05 0.147518 0.171496 0.147744 9.98597E-05 9.98597E-05 9.98597E-05 9.98597E-05 9.98597E-05 9.98597E-05 9.98597E-05 9.98597E-05 9.98597E-05 9.98597E-05 9.98597E-05 9.98597E-05 9.98597E-05
9.98771E-05 0.438048 0.279962 9.98771E-05 0.221704 9.98771E-05 9.98771E-05 9.98771E-05 0.00699276 9.98771E-05 9.98771E-05 9.98771E-05 0.0268245 9.98771E-05 9.98771E-05 9.98771E-05 0.0250712 9.98771E-05 9.98771E-05 9.98771E-05
9.98772E-05 9.98772E-05 0.0566597 9.98772E-05 0.0731737 0.106939 0.637235 0.0443809 9.98772E-05 9.98772E-05 9.98772E-05 9.98772E-05 9.98772E-05 9.98772E-05 9.98772E-05 0.0802136 9.98772E-05 9.98772E-05 9.98772E-05 9.98772E-05
9.98859E-05 0.155453 0.0480793 9.98859E-05 9.98859E-05 0.633696 9.98859E-05 9.98859E-05 9.98859E-05 9.98859E-05 0.00748718 9.98859E-05 0.0188399 9.98859E-05 9.98859E-05 9.98859E-05 9.98859E-05 9.98859E-05 0.119525 0.0156212
9.98593E-05 0.319959 0.0471094 9.98593E-05 0.0485879 9.98593E-05 0.582746 9.98593E-05 9.98593E-05 9.98593E-05 9.98593E-05 9.98593E-05 9.98593E-05 9.98593E-05 9.98593E-05 9.98593E-05 9.98593E-05 9.98593E-05 9.98593E-05 9.98593E-05
9.98859E-05 0.622772 0.09426 9.98859E-05 0.166673 9.98859E-05 0.0516382 9.98859E-05 9.98859E-05 9.98859E-05 9.98859E-05 9.98859E-05 0.00243746 9.98859E-05 0.00587911 0.0550412 9.98859E-05 9.98859E-05 9.98859E-05 9.98859E-05
9.98771E-05 0.607182 0.0597109 9.98771E-05 9.98771E-05 0.120998 0.122292 9.98771E-05 0.0465629 9.98771E-05 9.98771E-05 9.98771E-05 0.0418564 9.98771E-05 9.98771E-05 9.98771E-05 9.98771E-05 9.98771E-05 9.98771E-05 9.98771E-05
9.98508E-05 9.98508E-05 0.0855834 9.98508E-05 9.98508E-05 9.98508E-05 0.895844 9.98508E-05 9.98508E-05 9.98508E-05 9.98508E-05 9.98508E-05 9.98508E-05 9.98508E-05 9.98508E-05 9.98508E-05 0.0168753 9.98508E-05 9.98508E-05 9.98508E-05
9.98421E-05 0.29831 9.98421E-05 9.98421E-05 9.98421E-05 9.98421E-05 0.699893 9.98421E-05 9.98421E-05 9.98421E-05 9.98421E-05 9.98421E-05 9.98421E-05 9.98421E-05 9.98421E-05 9.98421E-05 9.98421E-05 9.98421E-05 9.98421E-05 9.98421E-05
0.14416 0.0659058 0.150371 9.9877E-05 0.309308 9.9877E-05 0.19316 9.9877E-05 9.9877E-05 9.9877E-05 9.9877E-05 9.9877E-05 0.135697 9.9877E-05 9.9877E-05 9.9877E-05 9.9877E-05 9.9877E-05 9.9877E-05 9.9877E-05
9.98594E-05 0.199232 0.0048058 9.98594E-05 9.98594E-05 9.98594E-05 0.702667 9.98594E-05 9.98594E-05 9.98594E-05 9.98594E-05 9.98594E-05 9.98594E-05 9.98594E-05 0.0916971 9.98594E-05 9.98594E-05 9.98594E-05 9.98594E-05 9.98594E-05
9.98508E-05 9.98508E-05 0.00821937 9.98508E-05 9.98508E-05 0.027209 0.962874 9.98508E-05 9.98508E-05 9.98508E-05 9.98508E-05 9.98508E-05 9.98508E-05 9.98508E-05 9.98508E-05 9.98508E-05 9.98508E-05 9.98508E-05 9.98508E-05 9.98508E-05
9.98859E-05 0.394084 9.98859E-05 9.98859E-05 0.0477638 9.98859E-05 0.351439 0.115115 0.00962998 9.98859E-05 9.98859E-05 9.98859E-05 0.0213646 9.98859E-05 9.98859E-05 9.98859E-05 9.98859E-05 9.98859E-05 9.98859E-05 0.0593049
9.9877E-05 0.299856 0.21409 9.9877E-05 0.00977134 9.9877E-05 0.387014 9.9877E-05 0.0288792 9.9877E-05 9.9877E-05 9.9877E-05 9.9877E-05 0.0589913 9.9877E-05 9.9877E-05 9.9877E-05 9.9877E-05 9.9877E-05 9.9877E-05
9.98683E-05 0.326508 9.98683E-05 9.98683E-05 0.0690135 0.201537 9.98683E-05 0.393397 9.98683E-05 0.00804634 9.98683E-05 9.98683E-05 9.98683E-05 9.98683E-05 9.98683E-05 9.98683E-05 9.98683E-05 9.98683E-05 9.98683E-05 9.98683E-05
9.9886E-05 0.479265 0.0396176 9.9886E-05 0.0133815 9.9886E-05 0.180879 0.178223 0.0084894 9.9886E-05 9.9886E-05 9.9886E-05 0.0988464 9.9886E-05 9.9886E-05 9.9886E-05 9.9886E-05 9.9886E-05 9.9886E-05 9.9886E-05
0.0469548 9.98508E-05 9.98508E-05 9.98508E-05 9.98508E-05 0.59815 0.353198 9.98508E-05 9.98508E-05 9.98508E-05 9.98508E-05 9.98508E-05 9.98508E-05 9.98508E-05 9.98508E-05 9.98508E-05 9.98508E-05 9.98508E-05 9.98508E-05 9.98508E-05
9.98685E-05 0.137772 9.98685E-05 9.98685E-05 9.98685E-05 9.98685E-05 0.28385 0.468861 9.98685E-05 9.98685E-05 9.98685E-05 9.98685E-05 0.0123308 0.095689 9.98685E-05 9.98685E-05 9.98685E-05 9.98685E-05 9.98685E-05 9.98685E-05
0.0291448 0.327538 0.322495 9.98771E-05 0.10437 9.98771E-05 0.0752761 9.98771E-05 9.98771E-05 9.98771E-05 9.98771E-05 9.98771E-05 9.98771E-05 9.98771E-05 9.98771E-05 0.139778 9.98771E-05 9.98771E-05 9.98771E-05 9.98771E-05
9.98596E-05 0.755995 9.98596E-05 9.98596E-05 0.0842298 9.98596E-05 0.10147 9.98596E-05 9.98596E-05 9.98596E-05 0.0567074 9.98596E-05 9.98596E-05 9.98596E-05 9.98596E-05 9.98596E-05 9.98596E-05 9.98596E-05 9.98596E-05 9.98596E-05
9.98772E-05 0.1579 0.0209511 9.98772E-05 0.135019 0.0191612 9.98772E-05 0.540905 9.98772E-05 9.98772E-05 9.98772E-05 9.98772E-05 0.124666 9.98772E-05 9.98772E-05 9.98772E-05 9.98772E-05 9.98772E-05 9.98772E-05 9.98772E-05
9.9842E-05 9.9842E-05 9.9842E-05 9.9842E-05 9.9842E-05 9.9842E-05 0.549897 0.448306 9.9842E-05 9.9842E-05 9.9842E-05 9.9842E-05 9.9842E-05 9.9842E-05 9.9842E-05 9.9842E-05 9.9842E-05 9.9842E-05 9.9842E-05 9.9842E-05
9.98858E-05 0.258793 9.98858E-05 9.98858E-05 0.154943 9.98858E-05 0.350876 9.98858E-05 0.0165453 9.98858E-05 9.98858E-05 9.98858E-05 0.0703195 0.0346363 9.98858E-05 0.112589 9.98858E-05 9.98858E-05 9.98858E-05 9.98858E-05
9.98772E-05 9.98772E-05 0.0432582 9.98772E-05 0.0671736 9.98772E-05 0.761165 9.98772E-05 9.98772E-05 9.98772E-05 9.98772E-05 9.98772E-05 0.000216033 0.0154192 9.98772E-05 9.98772E-05 9.98772E-05 0.111369 9.98772E-05 9.98772E-05
9.98948E-05 0.186122 0.00698598 9.98948E-05 0.133674 9.98948E-05 0.442389 0.0026389 9.98948E-05 9.98948E-05 9.98948E-05 9.98948E-05 9.98948E-05 9.98948E-05 0.0109046 0.107765 9.98948E-05 9.98948E-05 0.108322 9.98948E-05
9.9886E-05 0.306631 0.225213 9.9886E-05 0.285136 9.9886E-05 0.0396801 9.9886E-05 0.0238202 9.9886E-05 9.9886E-05 9.9886E-05 0.0521756 9.9886E-05 0.0660451 9.9886E-05 9.9886E-05 9.9886E-05 9.9886E-05 9.9886E-05
9.98596E-05 0.103435 9.98596E-05 9.98596E-05 9.98596E-05 0.490375 0.299805 0.104788 9.98596E-05 9.98596E-05 9.98596E-05 9.98596E-05 9.98596E-05 9.98596E-05 9.98596E-05 9.98596E-05 9.98596E-05 9.98596E-05 9.98596E-05 9.98596E-05
9.98683E-05 0.232473 0.0858198 9.98683E-05 9.98683E-05 9.98683E-05 0.507159 9.98683E-05 9.98683E-05 0.0354121 9.98683E-05 9.98683E-05 9.98683E-05 9.98683E-05 9.98683E-05 9.98683E-05 9.98683E-05 9.98683E-05 9.98683E-05 0.137638
9.98595E-05 0.000844231 9.98595E-05 9.98595E-05 0.0974421 0.890009 9.98595E-05 9.98595E-05 0.0101073 9.98595E-05 9.98595E-05 9.98595E-05 9.98595E-05 9.98595E-05 9.98595E-05 9.98595E-05 9.98595E-05 9.98595E-05 9.98595E-05 9.98595E-05
9.98773E-05 0.714361 0.0433667 9.98773E-05 0.0253271 0.189723 9.98773E-05 9.98773E-05 0.00639265 9.98773E-05 9.98773E-05 9.98773E-05 9.98773E-05 0.0194317 9.98773E-05 9.98773E-05 9.98773E-05 9.98773E-05 9.98773E-05 9.98773E-05
9.98596E-05 0.727719 9.98596E-05 9.98596E-05 9.98596E-05 9.98596E-05 0.196542 9.98596E-05 9.98596E-05 0.0550501 9.98596E-05 9.98596E-05 9.98596E-05 0.0190902 9.98596E-05 9.98596E-05 9.98596E-05 9.98596E-05 9.98596E-05 9.98596E-05
9.98506E-05 0.222361 9.98506E-05 9.98506E-05 9.98506E-05 9.98506E-05 0.71082 9.98506E-05 9.98506E-05 9.98506E-05 9.98506E-05 9.98506E-05 9.98506E-05 9.98506E-05 9.98506E-05 9.98506E-05 9.98506E-05 9.98506E-05 9.98506E-05 0.0651213
9.98683E-05 0.47975 0.0986857 9.98683E-05 0.156389 9.98683E-05 0.114217 9.98683E-05 9.98683E-05 9.98683E-05 9.98683E-05 9.98683E-05 9.98683E-05 9.98683E-05 9.98683E-05 0.14946 9.98683E-05 9.98683E-05 9.98683E-05 9.98683E-05
9.98595E-05 0.382347 0.0609502 9.98595E-05 0.142506 9.98595E-05 0.412599 9.98595E-05 9.98595E-05 9.98595E-05 9.98595E-05 9.98595E-05 9.98595E-05 9.98595E-05 9.98595E-05 9.98595E-05 9.98595E-05 9.98595E-05 9.98595E-05 9.98595E-05
9.98595E-05 0.369516 9.98595E-05 9.98595E-05 9.98595E-05 9.98595E-05 0.525662 9.98595E-05 0.084998 0.0182258 9.98595E-05 9.98595E-05 9.98595E-05 9.98595E-05 9.98595E-05 9.98595E-05 9.98595E-05 9.98595E-05 9.98595E-05 9.98595E-05
9.98596E-05 0.733097 0.105711 9.98596E-05 9.98596E-05 9.98596E-05 0.0406787 9.98596E-05 9.98596E-05 9.98596E-05 9.98596E-05 9.98596E-05 0.118916 9.98596E-05 9.98596E-05 9.98596E-05 9.98596E-05 9.98596E-05 9.98596E-05 9.98596E-05
9.98773E-05 0.132627 9.98773E-05 9.98773E-05 0.088643 0.0303918 0.604413 0.094031 9.98773E-05 9.98773E-05 9.98773E-05 9.98773E-05 9.98773E-05 9.98773E-05 9.98773E-05 0.048496 9.98773E-05 9.98773E-05 9.98773E-05 9.98773E-05
9.98331E-05 9.98331E-05 0.998103 9.98331E-05 9.98331E-05 9.98331E-05 9.98331E-05 9.98331E-05 9.98331E-05 9.98331E-05 9.98331E-05 9.98331E-05 9.98331E-05 9.98331E-05 9.98331E-05 9.98331E-05 9.98331E-05 9.98331E-05 9.98331E-05 9.98331E-05
9.98329E-05 9.98329E-05 9.98329E-05 9.98329E-05 0.998103 9.98329E-05 9.98329E-05 9.98329E-05 9.98329E-05 9.98329E-05 9.98329E-05 9.98329E-05 9.98329E-05 9.98329E-05 9.98329E-05 9.98329E-05 9.98329E-05 9.98329E-05 9.98329E-05 9.98329E-05
9.9833E-05 9.9833E-05 0.998103 9.9833E-05 9.9833E-05 9.9833E-05 9.9833E-05 9.9833E-05 9.9833E-05 9.9833E-05 9.9833E-05 9.9833E-05 9.9833E-05 9.9833E-05 9.9833E-05 9.9833E-05 9.9833E-05 9.9833E-05 9.9833E-05 9.9833E-05
9.98329E-05 9.98329E-05 9.98329E-05 9.98329E-05 0.998103 9.98329E-05 9.98329E-05 9.98329E-05 9.98329E-05 9.98329E-05 9.98329E-05 9.98329E-05 9.98329E-05 9.98329E-05 9.98329E-05 9.98329E-05 9.98329E-05 9.98329E-05 9.98329E-05 9.98329E-05
9.98329E-05 9.98329E-05 9.98329E-05 9.98329E-05 0.998103 9.98329E-05 9.98329E-05 9.98329E-05 9.98329E-05 9.98329E-05 9.98329E-05 9.98329E-05 9.98329E-05 9.98329E-05 9.98329E-05 9.98329E-05 9.98329E-05 9.98329E-05 9.98329E-05 9.98329E-05
9.98331E-05 9.98331E-05 9.98331E-05 9.98331E-05 0.998103 9.98331E-05 9.98331E-05 9.98331E-05 9.98331E-05 9.98331E-05 9.98331E-05 9.98331E-05 9.98331E-05 9.98331E-05 9.98331E-05 9.98331E-05 9.98331E-05 9.98331E-05 9.98331E-05 9.98331E-05
9.98329E-05 9.98329E-05 0.998103 9.98329E-05 9.98329E-05 9.98329E-05 9.98329E-05 9.98329E-05 9.98329E-05 9.98329E-05 9.98329E-05 9.98329E-05 9.98329E-05 9.98329E-05 9.98329E-05 9.98329E-05 9.98329E-05 9.98329E-05 9.98329E-05 9.98329E-05
9.98203E-05 9.98203E-05 9.98203E-05 9.98203E-05 0.998103 9.98203E-05 9.98203E-05 9.98203E-05 9.98203E-05 9.98203E-05 9.98203E-05 9.98203E-05 9.98203E-05 9.98203E-05 9.98203E-05 9.98203E-05 9.98203E-05 9.98203E-05 9.98203E-05 9.98203E-05
9.9833E-05 9.9833E-05 9.9833E-05 9.9833E-05 0.998103 9.9833E-05 9.9833E-05 9.9833E-05 9.9833E-05 9.9833E-05 9.9833E-05 9.9833E-05 9.9833E-05 9.9833E-05 9.9833E-05 9.9833E-05 9.9833E-05 9.9833E-05 9.9833E-05 9.9833E-05
9.98329E-05 9.98329E-05 0.998103 9.98329E-05 9.98329E-05 9.98329E-05 9.98329E-05 9.98329E-05 9.98329E-05 9.98329E-05 9.98329E-05 9.98329E-05 9.98329E-05 9.98329E-05 9.98329E-05 9.98329E-05 9.98329E-05 9.98329E-05 9.98329E-05 9.98329E-05
9.9833E-05 9.9833E-05 0.998103 9.9833E-05 9.9833E-05 9.9833E-05 9.9833E-05 9.9833E-05 9.9833E-05 9.9833E-05 9.9833E-05 9.9833E-05 9.9833E-05 9.9833E-05 9.9833E-05 9.9833E-05 9.9833E-05 9.9833E-05 9.9833E-05 9.9833E-05
9.9833E-05 9.9833E-05 0.998103 9.9833E-05 9.9833E-05 9.9833E-05 9.9833E-05 9.9833E-05 9.9833E-05 9.9833E-05 9.9833E-05 9.9833E-05 9.9833E-05 9.9833E-05 9.9833E-05 9.9833E-05 9.9833E-05 9.9833E-05 9.9833E-05 9.9833E-05
9.98329E-05 9.98329E-05 9.98329E-05 9.98329E-05 0.998103 9.98329E-05 9.98329E-05 9.98329E-05 9.98329E-05 9.98329E-05 9.98329E-05 9.98329E-05 9.98329E-05 9.98329E-05 9.98329E-05 9.98329E-05 9.98329E-05 9.98329E-05 9.98329E-05 9.98329E-05
9.98329E-05 9.98329E-05 9.98329E-05 9.98329E-05 0.998103 9.98329E-05 9.98329E-05 9.98329E-05 9.98329E-05 9.98329E-05 9.98329E-05 9.98329E-05 9.98329E-05 9.98329E-05 9.98329E-05 9.98329E-05 9.98329E-05 9.98329E-05 9.98329E-05 9.98329E-05
9.9833E-05 9.9833E-05 0.998103 9.9833E-05 9.9833E-05 9.9833E-05 9.9833E-05 9.9833E-05 9.9833E-05 9.9833E-05 9.9833E-05 9.9833E-05 9.9833E-05 9.9833E-05 9.9833E-05 9.9833E-05 9.9833E-05 9.9833E-05 9.9833E-05 9.9833E-05
9.98329E-05 9.98329E-05 0.998103 9.98329E-05 9.98329E-05 9.98329E-05 9.98329E-05 9.98329E-05 9.98329E-05 9.98329E-05 9.98329E-05 9.98329E-05 9.98329E-05 9.98329E-05 9.98329E-05 9.98329E-05 9.98329E-05 9.98329E-05 9.98329E-05 9.98329E-05
9.98858E-05 0.638431 0.0769684 9.98858E-05 9.98858E-05 9.98858E-05 9.98858E-05 9.98858E-05 9.98858E-05 0.0117069 0.0712794 9.98858E-05 0.00851327 9.98858E-05 9.98858E-05 9.98858E-05 9.98858E-05 9.98858E-05 0.0450415 0.146761
9.9833E-05 9.9833E-05 0.998103 9.9833E-05 9.9833E-05 9.9833E-05 9.9833E-05 9.9833E-05 9.9833E-05 9.9833E-05 9.9833E-05 9.9833E-05 9.9833E-05 9.9833E-05 9.9833E-05 9.9833E-05 9.9833E-05 9.9833E-05 9.9833E-05 9.9833E-05
9.9833E-05 9.9833E-05 9.9833E-05 9.9833E-05 0.998103 9.9833E-05 9.9833E-05 9.9833E-05 9.9833E-05 9.9833E-05 9.9833E-05 9.9833E-05 9.9833E-05 9.9833E-05 9.9833E-05 9.9833E-05 9.9833E-05 9.9833E-05 9.9833E-05 9.9833E-05
9.98329E-05 9.98329E-05 0.998103 9.98329E-05 9.98329E-05 9.98329E-05 9.98329E-05 9.98329E-05 9.98329E-05 9.98329E-05 9.98329E-05 9.98329E-05 9.98329E-05 9.98329E-05 9.98329E-05 9.98329E-05 9.98329E-05 9.98329E-05 9.98329E-05 9.98329E-05
9.9833E-05 9.9833E-05 0.998103 9.9833E-05 9.9833E-05 9.9833E-05 9.9833E-05 9.9833E-05 9.9833E-05 9.9833E-05 9.9833E-05 9.9833E-05 9.9833E-05 9.9833E-05 9.9833E-05 9.9833E-05 9.9833E-05 9.9833E-05 9.9833E-05 9.9833E-05
9.98331E-05 9.98331E-05 0.998103 9.98331E-05 9.98331E-05 9.98331E-05 9.98331E-05 9.98331E-05 9.98331E-05 9.98331E-05 9.98331E-05 9.98331E-05 9.98331E-05 9.98331E-05 9.98331E-05 9.98331E-05 9.98331E-05 9.98331E-05 9.98331E-05 9.98331E-05
9.9833E-05 9.9833E-05 9.9833E-05 9.9833E-05 0.998103 9.9833E-05 9.9833E-05 9.9833E-05 9.9833E-05 9.9833E-05 9.9833E-05 9.9833E-05 9.9833E-05 9.9833E-05 9.9833E-05 9.9833E-05 9.9833E-05 9.9833E-05 9.9833E-05 9.9833E-05
9.98329E-05 9.98329E-05 0.998103 9.98329E-05 9.98329E-05 9.98329E-05 9.98329E-05 9.98329E-05 9.98329E-05 9.98329E-05 9.98329E-05 9.98329E-05 9.98329E-05 9.98329E-05 9.98329E-05 9.98329E-05 9.98329E-05 9.98329E-05 9.98329E-05 9.98329E-05
9.98203E-05 9.98203E-05 9.98203E-05 9.98203E-05 0.998103 9.98203E-05 9.98203E-05 9.98203E-05 9.98203E-05 9.98203E-05 9.98203E-05 9.98203E-05 9.98203E-05 9.98203E-05 9.98203E-05 9.98203E-05 9.98203E-05 9.98203E-05 9.98203E-05 9.98203E-05
9.98331E-05 9.98331E-05 0.998103 9.98331E-05 9.98331E-05 9.98331E-05 9.98331E-05 9.98331E-05 9.98331E-05 9.98331E-05 9.98331E-05 9.98331E-05 9.98331E-05 9.98331E-05 9.98331E-05 9.98331E-05 9.98331E-05 9.98331E-05 9.98331E-05 9.98331E-05
9.98329E-05 9.98329E-05 0.998103 9.98329E-05 9.98329E-05 9.98329E-05 9.98329E-05 9.98329E-05 9.98329E-05 9.98329E-05 9.98329E-05 9.98329E-05 9.98329E-05 9.98329E-05 9.98329E-05 9.98329E-05 9.98329E-05 9.98329E-05 9.98329E-05 9.98329E-05
