9.98333E-05 9.98333E-05 9.98333E-05 9.98333E-05 9.98333E-05 9.98333E-05 0.0292002 9.98333E-05 9.98333E-05 0.162243 9.98333E-05 9.98333E-05 9.98333E-05 9.98333E-05 0.0515413 9.98333E-05 0.120547 9.98333E-05 0.103574 0.366673 9.98333E-05 9.98333E-05 9.98333E-05 0.164325 9.98333E-05 9.98333E-05
0.0699281 9.98158E-05 9.98158E-05 9.98158E-05 9.98158E-05 9.98158E-05 9.98158E-05 9.98158E-05 9.98158E-05 9.98158E-05 9.98158E-05 9.98158E-05 9.98158E-05 9.98158E-05 9.98158E-05 9.98158E-05 0.0745436 9.98158E-05 9.98158E-05 0.659209 9.98158E-05 9.98158E-05 0.0865108 0.107712 9.98158E-05 9.98158E-05
0.00906286 9.98157E-05 9.98157E-05 9.98157E-05 9.98157E-05 9.98157E-05 9.98157E-05 9.98157E-05 9.98157E-05 0.0836004 9.98157E-05 9.98157E-05 9.98157E-05 0.077937 9.98157E-05 9.98157E-05 9.98157E-05 9.98157E-05 0.0466389 0.780665 9.98157E-05 9.98157E-05 9.98157E-05 9.98157E-05 9.98157E-05 9.98157E-05
0.222293 9.98509E-05 0.0257463 9.98509E-05 9.98509E-05 9.98509E-05 0.0238962 9.98509E-05 0.109661 0.193278 9.98509E-05 9.98509E-05 0.000352532 9.98509E-05 0.21328 9.98509E-05 9.98509E-05 9.98509E-05 9.98509E-05 0.195826 9.98509E-05 9.98509E-05 9.98509E-05 9.98509E-05 9.98509E-05 0.0139698
9.98245E-05 9.98245E-05 9.98245E-05 9.98245E-05 9.98245E-05 0.00308708 9.98245E-05 9.98245E-05 0.0232591 9.98245E-05 9.98245E-05 9.98245E-05 0.0908641 0.0352185 9.98245E-05 9.98245E-05 9.98245E-05 9.98245E-05 9.98245E-05 0.818831 9.98245E-05 9.98245E-05 0.0267436 9.98245E-05 9.98245E-05 9.98245E-05
9.98334E-05 0.196066 0.114333 9.98334E-05 9.98334E-05 9.98334E-05 9.98334E-05 9.98334E-05 0.176392 9.98334E-05 9.98334E-05 0.0913446 9.98334E-05 9.98334E-05 9.98334E-05 9.98334E-05 0.0837466 9.98334E-05 9.98334E-05 0.198872 9.98334E-05 9.98334E-05 9.98334E-05 0.137349 9.98334E-05 9.98334E-05
0.0377012 0.00437872 9.98772E-05 9.98772E-05 9.98772E-05 0.124332 0.0744717 9.98772E-05 9.98772E-05 0.21362 9.98772E-05 9.98772E-05 0.00948326 9.98772E-05 9.98772E-05 9.98772E-05 0.0331333 9.98772E-05 0.0185065 0.238753 9.98772E-05 9.98772E-05 9.98772E-05 0.135996 0.0749809 0.0332449
9.98597E-05 0.00632448 0.122135 9.98597E-05 0.0170488 9.98597E-05 0.0377794 0.141444 9.98597E-05 0.185374 9.98597E-05 0.012913 0.224888 9.98597E-05 9.98597E-05 9.98597E-05 9.98597E-05 9.98597E-05 9.98597E-05 0.122661 9.98597E-05 9.98597E-05 9.98597E-05 0.127834 9.98597E-05 9.98597E-05
9.98335E-05 9.98335E-05 0.226822 9.98335E-05 9.98335E-05 9.98335E-05 0.0477302 9.98335E-05 9.98335E-05 0.0297985 9.98335E-05 9.98335E-05 9.98335E-05 9.98335E-05 9.98335E-05 9.98335E-05 0.0292418 9.98335E-05 0.241285 0.266622 9.98335E-05 9.98335E-05 9.98335E-05 9.98335E-05 0.156604 9.98335E-05
9.9807E-05 9.9807E-05 9.9807E-05 9.9807E-05 9.9807E-05 9.9807E-05 9.9807E-05 9.9807E-05 9.9807E-05 9.9807E-05 9.9807E-05 9.9807E-05 9.9807E-05 9.9807E-05 9.9807E-05 9.9807E-05 9.9807E-05 0.0575989 0.0502497 0.85207 9.9807E-05 9.9807E-05 9.9807E-05 9.9807E-05 0.0378858 9.9807E-05
9.98158E-05 9.98158E-05 9.98158E-05 9.98158E-05 9.98158E-05 9.98158E-05 0.137829 9.98158E-05 9.98158E-05 0.143973 9.98158E-05 9.98158E-05 9.98158E-05 9.98158E-05 9.98158E-05 9.98158E-05 9.98158E-05 9.98158E-05 0.164874 0.394514 9.98158E-05 9.98158E-05 9.98158E-05 0.156714 9.98158E-05 9.98158E-05
0.00880766 0.0283522 9.98158E-05 9.98158E-05 9.98158E-05 9.98158E-05 9.98158E-05 9.98158E-05 9.98158E-05 9.98158E-05 9.98158E-05 9.98158E-05 9.98158E-05 9.98158E-05 9.98158E-05 9.98158E-05 9.98158E-05 9.98158E-05 9.98158E-05 0.818005 0.133041 0.00969824 9.98158E-05 9.98158E-05 9.98158E-05 9.98158E-05
9.98159E-05 9.98159E-05 9.98159E-05 9.98159E-05 9.98159E-05 0.00319942 9.98159E-05 0.0464152 9.98159E-05 0.064326 9.98159E-05 9.98159E-05 9.98159E-05 9.98159E-05 9.98159E-05 9.98159E-05 9.98159E-05 9.98159E-05 0.105362 0.778601 9.98159E-05 9.98159E-05 9.98159E-05 9.98159E-05 9.98159E-05 9.98159E-05
9.98421E-05 9.98421E-05 9.98421E-05 9.98421E-05 9.98421E-05 9.98421E-05 0.0507685 9.98421E-05 9.98421E-05 0.0165358 0.00986601 9.98421E-05 9.98421E-05 0.0249008 9.98421E-05 0.254986 9.98421E-05 9.98421E-05 0.0370493 0.529789 0.0743073 9.98421E-05 9.98421E-05 9.98421E-05 9.98421E-05 9.98421E-05
9.98511E-05 9.98511E-05 0.111264 9.98511E-05 9.98511E-05 0.0293115 9.98511E-05 9.98511E-05 0.0153941 9.98511E-05 0.154892 9.98511E-05 0.0187369 9.98511E-05 0.0473242 9.98511E-05 9.98511E-05 9.98511E-05 0.120534 0.280911 9.98511E-05 9.98511E-05 9.98511E-05 0.219936 9.98511E-05 9.98511E-05
0.0373063 9.98684E-05 0.157802 9.98684E-05 0.0930429 9.98684E-05 0.00273554 9.98684E-05 9.98684E-05 0.127314 9.98684E-05 9.98684E-05 9.98684E-05 9.98684E-05 0.0701006 9.98684E-05 9.98684E-05 0.0109678 0.150674 0.196611 0.0145035 9.98684E-05 9.98684E-05 0.137444 9.98684E-05 9.98684E-05
9.98247E-05 9.98247E-05 9.98247E-05 0.161057 9.98247E-05 0.160555 9.98247E-05 9.98247E-05 9.98247E-05 9.98247E-05 9.98247E-05 9.98247E-05 9.98247E-05 9.98247E-05 9.98247E-05 9.98247E-05 0.106396 0.0351687 0.0177541 0.517073 9.98247E-05 9.98247E-05 9.98247E-05 9.98247E-05 9.98247E-05 9.98247E-05
9.98422E-05 9.98422E-05 0.106791 9.98422E-05 9.98422E-05 9.98422E-05 9.98422E-05 9.98422E-05 9.98422E-05 0.220752 9.98422E-05 9.98422E-05 9.98422E-05 9.98422E-05 9.98422E-05 9.98422E-05 9.98422E-05 0.119899 0.0817102 0.106469 0.00870049 0.0947632 9.98422E-05 0.259118 9.98422E-05 9.98422E-05
9.98245E-05 0.221967 0.100321 9.98245E-05 9.98245E-05 9.98245E-05 9.98245E-05 9.98245E-05 9.98245E-05 0.195258 9.98245E-05 9.98245E-05 9.98245E-05 9.98245E-05 9.98245E-05 9.98245E-05 9.98245E-05 0.0229518 0.139148 0.318358 9.98245E-05 9.98245E-05 9.98245E-05 9.98245E-05 9.98245E-05 9.98245E-05
9.97982E-05 9.97982E-05 9.97982E-05 9.97982E-05 9.97982E-05 9.97982E-05 9.97982E-05 9.97982E-05 9.97982E-05 9.97982E-05 9.97982E-05 9.97982E-05 9.97982E-05 9.97982E-05 0.0631146 9.97982E-05 9.97982E-05 9.97982E-05 0.0030521 0.931538 9.97982E-05 9.97982E-05 9.97982E-05 9.97982E-05 9.97982E-05 9.97982E-05
0.0468318 9.98509E-05 0.0911797 9.98509E-05 9.98509E-05 9.98509E-05 0.0123112 9.98509E-05 9.98509E-05 0.0288995 9.98509E-05 9.98509E-05 0.204008 9.98509E-05 9.98509E-05 9.98509E-05 9.98509E-05 9.98509E-05 9.98509E-05 0.398749 0.161071 0.0178963 9.98509E-05 9.98509E-05 0.0373563 9.98509E-05
0.00681698 0.0716635 0.165094 9.98598E-05 9.98598E-05 9.98598E-05 0.0090252 0.0517583 9.98598E-05 0.318365 9.98598E-05 9.98598E-05 9.98598E-05 0.069956 9.98598E-05 9.98598E-05 9.98598E-05 0.0469786 9.98598E-05 0.19637 9.98598E-05 9.98598E-05 0.062375 9.98598E-05 9.98598E-05 9.98598E-05
9.98422E-05 9.98422E-05 9.98422E-05 9.98422E-05 9.98422E-05 9.98422E-05 0.0849002 9.98422E-05 0.0494584 9.98422E-05 9.98422E-05 0.00510597 9.98422E-05 9.98422E-05 9.98422E-05 9.98422E-05 0.0613681 9.98422E-05 0.0260367 0.549272 9.98422E-05 9.98422E-05 0.078177 0.143884 9.98422E-05 9.98422E-05
9.98159E-05 9.98159E-05 9.98159E-05 9.98159E-05 9.98159E-05 9.98159E-05 9.98159E-05 9.98159E-05 9.98159E-05 0.292913 9.98159E-05 9.98159E-05 9.98159E-05 9.98159E-05 9.98159E-05 9.98159E-05 9.98159E-05 9.98159E-05 0.254115 0.312501 9.98159E-05 9.98159E-05 9.98159E-05 0.0754973 0.0628772 9.98159E-05
0.105567 9.98422E-05 9.98422E-05 9.98422E-05 9.98422E-05 9.98422E-05 0.107755 9.98422E-05 0.204416 9.98422E-05 0.0418042 9.98422E-05 9.98422E-05 9.98422E-05 0.118193 9.98422E-05 9.98422E-05 9.98422E-05 0.243805 0.159117 0.0175448 9.98422E-05 9.98422E-05 9.98422E-05 9.98422E-05 9.98422E-05
0.11879 9.98333E-05 9.98333E-05 0.0367412 9.98333E-05 9.98333E-05 9.98333E-05 9.98333E-05 0.0637907 0.0692022 9.98333E-05 0.00215101 9.98333E-05 9.98333E-05 9.98333E-05 9.98333E-05 9.98333E-05 9.98333E-05 0.124593 0.582835 9.98333E-05 9.98333E-05 9.98333E-05 9.98333E-05 9.98333E-05 9.98333E-05
9.9842E-05 9.9842E-05 9.9842E-05 9.9842E-05 0.0319753 0.00751491 9.9842E-05 9.9842E-05 0.244738 0.217287 9.9842E-05 9.9842E-05 9.9842E-05 9.9842E-05 9.9842E-05 9.9842E-05 9.9842E-05 0.125204 0.061599 9.9842E-05 0.00476145 9.9842E-05 0.305123 9.9842E-05 9.9842E-05 9.9842E-05
0.108456 0.0221937 9.98246E-05 0.00127095 9.98246E-05 9.98246E-05 9.98246E-05 9.98246E-05 9.98246E-05 0.0818195 9.98246E-05 9.98246E-05 9.98246E-05 9.98246E-05 9.98246E-05 9.98246E-05 9.98246E-05 9.98246E-05 0.0555237 0.72874 9.98246E-05 9.98246E-05 9.98246E-05 9.98246E-05 9.98246E-05 9.98246E-05
0.0240699 9.98422E-05 9.98422E-05 9.98422E-05 9.98422E-05 9.98422E-05 9.98422E-05 9.98422E-05 9.98422E-05 0.0904518 9.98422E-05 9.98422E-05 9.98422E-05 9.98422E-05 0.0201299 9.98422E-05 9.98422E-05 9.98422E-05 0.150728 0.498477 9.98422E-05 9.98422E-05 0.169132 0.0205675 0.0246466 9.98422E-05
9.98246E-05 9.98246E-05 0.0484614 9.98246E-05 9.98246E-05 9.98246E-05 9.98246E-05 9.98246E-05 9.98246E-05 9.98246E-05 9.98246E-05 9.98246E-05 9.98246E-05 9.98246E-05 9.98246E-05 0.0774657 9.98246E-05 0.0213595 0.0998255 0.716506 9.98246E-05 9.98246E-05 9.98246E-05 9.98246E-05 9.98246E-05 0.0343859
9.98421E-05 0.0353278 9.98421E-05 9.98421E-05 9.98421E-05 9.98421E-05 0.0838957 9.98421E-05 9.98421E-05 0.00329773 0.0457121 9.98421E-05 9.98421E-05 9.98421E-05 9.98421E-05 9.98421E-05 9.98421E-05 9.98421E-05 0.0749439 0.614876 9.98421E-05 9.98421E-05 0.0663098 0.0738393 9.98421E-05 9.98421E-05
0.0591532 0.0272101 9.98598E-05 0.0391274 9.98598E-05 9.98598E-05 0.0464755 9.98598E-05 0.191336 0.0554736 9.98598E-05 9.98598E-05 0.0022333 9.98598E-05 9.98598E-05 9.98598E-05 9.98598E-05 9.98598E-05 0.0705028 0.491477 9.98598E-05 9.98598E-05 9.98598E-05 0.0154137 9.98598E-05 9.98598E-05
0.0430833 9.9842E-05 9.9842E-05 9.9842E-05 9.9842E-05 9.9842E-05 0.0691768 9.9842E-05 0.0423267 0.200206 9.9842E-05 9.9842E-05 9.9842E-05 9.9842E-05 9.9842E-05 9.9842E-05 9.9842E-05 9.9842E-05 0.151873 0.39095 0.0222347 9.9842E-05 9.9842E-05 0.0783527 9.9842E-05 9.9842E-05
9.98421E-05 9.98421E-05 9.98421E-05 0.043385 9.98421E-05 0.00537419 9.98421E-05 9.98421E-05 0.102108 0.155797 9.98421E-05 9.98421E-05 9.98421E-05 9.98421E-05 9.98421E-05 0.0114958 9.98421E-05 9.98421E-05 0.14897 0.427467 0.103607 9.98421E-05 9.98421E-05 9.98421E-05 9.98421E-05 9.98421E-05
9.98334E-05 0.056078 9.98334E-05 9.98334E-05 9.98334E-05 0.0028202 0.0196209 9.98334E-05 9.98334E-05 9.98334E-05 0.0312973 9.98334E-05 9.98334E-05 9.98334E-05 0.101193 9.98334E-05 0.0170265 9.98334E-05 9.98334E-05 0.770068 9.98334E-05 9.98334E-05 9.98334E-05 9.98334E-05 9.98334E-05 9.98334E-05
0.127157 9.98597E-05 0.0200246 9.98597E-05 9.98597E-05 9.98597E-05 0.00205684 9.98597E-05 9.98597E-05 0.0525067 9.98597E-05 9.98597E-05 9.98597E-05 9.98597E-05 9.98597E-05 9.98597E-05 0.0146317 9.98597E-05 0.05727 0.535138 9.98597E-05 9.98597E-05 0.10463 0.0292692 0.0557189 9.98597E-05
9.98247E-05 0.089755 9.98247E-05 9.98247E-05 9.98247E-05 0.0105665 0.00972064 9.98247E-05 9.98247E-05 9.98247E-05 9.98247E-05 9.98247E-05 9.98247E-05 9.98247E-05 9.98247E-05 9.98247E-05 0.0181377 9.98247E-05 9.98247E-05 0.867628 9.98247E-05 9.98247E-05 9.98247E-05 9.98247E-05 9.98247E-05 0.00219573
9.98336E-05 9.98336E-05 0.0849096 9.98336E-05 9.98336E-05 9.98336E-05 0.00506074 9.98336E-05 0.0389628 9.98336E-05 9.98336E-05 9.98336E-05 9.98336E-05 9.98336E-05 0.0830081 9.98336E-05 0.0836731 9.98336E-05 0.0995756 0.602913 9.98336E-05 9.98336E-05 9.98336E-05 9.98336E-05 9.98336E-05 9.98336E-05
9.98421E-05 9.98421E-05 9.98421E-05 0.170302 9.98421E-05 9.98421E-05 0.00802981 9.98421E-05 9.98421E-05 0.0431048 9.98421E-05 9.98421E-05 9.98421E-05 0.0875077 9.98421E-05 9.98421E-05 0.0169222 9.98421E-05 0.182887 0.465114 0.0243352 9.98421E-05 9.98421E-05 9.98421E-05 9.98421E-05 9.98421E-05
9.98333E-05 0.0971103 9.98333E-05 9.98333E-05 9.98333E-05 9.98333E-05 9.98333E-05 9.98333E-05 9.98333E-05 9.98333E-05 9.98333E-05 9.98333E-05 9.98333E-05 0.0376322 9.98333E-05 0.123174 9.98333E-05 9.98333E-05 0.190713 0.483756 0.0462224 9.98333E-05 9.98333E-05 9.98333E-05 9.98333E-05 0.0194953
9.98246E-05 0.0211404 9.98246E-05 9.98246E-05 9.98246E-05 9.98246E-05 0.00436335 9.98246E-05 9.98246E-05 0.0621867 9.98246E-05 9.98246E-05 9.98246E-05 9.98246E-05 9.98246E-05 9.98246E-05 9.98246E-05 9.98246E-05 0.0571948 0.744984 9.98246E-05 9.98246E-05 0.108134 9.98246E-05 9.98246E-05 9.98246E-05
9.98161E-05 9.98161E-05 0.000699633 9.98161E-05 9.98161E-05 9.98161E-05 9.98161E-05 9.98161E-05 9.98161E-05 0.116783 9.98161E-05 9.98161E-05 9.98161E-05 9.98161E-05 9.98161E-05 9.98161E-05 9.98161E-05 9.98161E-05 0.119868 0.490575 9.98161E-05 9.98161E-05 0.269977 9.98161E-05 9.98161E-05 9.98161E-05
9.98159E-05 0.0854883 9.98159E-05 9.98159E-05 9.98159E-05 9.98159E-05 9.98159E-05 9.98159E-05 9.98159E-05 9.98159E-05 9.98159E-05 9.98159E-05 9.98159E-05 9.98159E-05 9.98159E-05 0.119879 9.98159E-05 0.000335999 9.98159E-05 0.667951 9.98159E-05 9.98159E-05 0.124249 9.98159E-05 9.98159E-05 9.98159E-05
9.98421E-05 9.98421E-05 0.100726 9.98421E-05 9.98421E-05 9.98421E-05 0.0212612 9.98421E-05 9.98421E-05 0.100928 9.98421E-05 0.0442088 9.98421E-05 9.98421E-05 9.98421E-05 9.98421E-05 9.98421E-05 9.98421E-05 0.194171 0.320565 9.98421E-05 9.98421E-05 9.98421E-05 0.190566 0.0257778 9.98421E-05
9.98159E-05 9.98159E-05 9.98159E-05 9.98159E-05 9.98159E-05 0.153196 9.98159E-05 9.98159E-05 9.98159E-05 0.398821 9.98159E-05 9.98159E-05 9.98159E-05 0.038468 9.98159E-05 9.98159E-05 9.98159E-05 9.98159E-05 0.180884 0.226535 9.98159E-05 9.98159E-05 9.98159E-05 9.98159E-05 9.98159E-05 9.98159E-05
9.98157E-05 0.0122483 9.98157E-05 9.98157E-05 9.98157E-05 9.98157E-05 9.98157E-05 9.98157E-05 9.98157E-05 9.98157E-05 9.98157E-05 9.98157E-05 0.0729169 9.98157E-05 9.98157E-05 9.98157E-05 9.98157E-05 9.98157E-05 0.0433323 0.824144 9.98157E-05 0.045262 9.98157E-05 9.98157E-05 9.98157E-05 9.98157E-05
0.0407791 9.98245E-05 0.0235206 9.98245E-05 9.98245E-05 9.98245E-05 0.00880442 9.98245E-05 9.98245E-05 9.98245E-05 9.98245E-05 9.98245E-05 9.98245E-05 9.98245E-05 9.98245E-05 9.98245E-05 9.98245E-05 0.0279903 0.0809668 0.815942 9.98245E-05 9.98245E-05 9.98245E-05 9.98245E-05 9.98245E-05 9.98245E-05
9.97984E-05 9.97984E-05 9.97984E-05 9.97984E-05 0.084555 9.97984E-05 9.97984E-05 9.97984E-05 9.97984E-05 9.97984E-05 9.97984E-05 9.97984E-05 9.97984E-05 9.97984E-05 9.97984E-05 9.97984E-05 9.97984E-05 9.97984E-05 0.0618874 0.851262 9.97984E-05 9.97984E-05 9.97984E-05 9.97984E-05 9.97984E-05 9.97984E-05
9.98421E-05 0.0306415 9.98421E-05 9.98421E-05 9.98421E-05 9.98421E-05 0.00179676 9.98421E-05 9.98421E-05 0.182249 9.98421E-05 9.98421E-05 9.98421E-05 9.98421E-05 0.012559 9.98421E-05 9.98421E-05 9.98421E-05 0.135075 0.557544 0.00790528 9.98421E-05 9.98421E-05 0.0704327 9.98421E-05 9.98421E-05
9.98337E-05 0.066664 9.98337E-05 9.98337E-05 9.98337E-05 9.98337E-05 0.0189664 9.98337E-05 9.98337E-05 9.98337E-05 9.98337E-05 0.00871967 9.98337E-05 0.0298218 9.98337E-05 9.98337E-05 0.0464626 9.98337E-05 9.98337E-05 0.712183 9.98337E-05 9.98337E-05 9.98337E-05 9.98337E-05 9.98337E-05 0.115286
0.00652171 9.98683E-05 0.0815486 9.98683E-05 9.98683E-05 9.98683E-05 0.12168 9.98683E-05 0.0842813 9.98683E-05 9.98683E-05 9.98683E-05 0.00717324 9.98683E-05 0.0406541 9.98683E-05 9.98683E-05 9.98683E-05 0.251987 0.230345 9.98683E-05 9.98683E-05 0.123572 0.035125 0.0156134 9.98683E-05
0.137846 9.98248E-05 9.98248E-05 9.98248E-05 9.98248E-05 9.98248E-05 9.98248E-05 0.0940926 9.98248E-05 0.0929352 9.98248E-05 9.98248E-05 9.98248E-05 0.0987899 9.98248E-05 9.98248E-05 9.98248E-05 9.98248E-05 9.98248E-05 0.568013 9.98248E-05 9.98248E-05 9.98248E-05 9.98248E-05 0.00632741 9.98248E-05
9.98334E-05 9.98334E-05 9.98334E-05 9.98334E-05 9.98334E-05 9.98334E-05 9.98334E-05 9.98334E-05 0.027493 0.0157397 0.0268456 9.98334E-05 9.98334E-05 9.98334E-05 9.98334E-05 9.98334E-05 0.0186728 0.0676698 0.0212847 0.820398 9.98334E-05 9.98334E-05 9.98334E-05 9.98334E-05 9.98334E-05 9.98334E-05
9.98598E-05 9.98598E-05 9.98598E-05 9.98598E-05 0.0183799 9.98598E-05 9.98598E-05 9.98598E-05 9.98598E-05 0.0128236 9.98598E-05 9.98598E-05 9.98598E-05 0.0220591 0.0323797 0.168254 9.98598E-05 9.98598E-05 0.0536164 0.489877 0.107686 0.0625232 9.98598E-05 9.98598E-05 9.98598E-05 0.030803
9.98072E-05 9.98072E-05 9.98072E-05 9.98072E-05 9.98072E-05 9.98072E-05 9.98072E-05 9.98072E-05 9.98072E-05 9.98072E-05 0.167587 9.98072E-05 9.98072E-05 0.0182451 9.98072E-05 9.98072E-05 9.98072E-05 9.98072E-05 0.115635 0.696337 9.98072E-05 9.98072E-05 9.98072E-05 9.98072E-05 9.98072E-05 9.98072E-05
9.98246E-05 9.98246E-05 9.98246E-05 9.98246E-05 0.0064064 9.98246E-05 9.98246E-05 9.98246E-05 0.200999 0.0191299 9.98246E-05 9.98246E-05 9.98246E-05 9.98246E-05 0.10919 9.98246E-05 9.98246E-05 9.98246E-05 9.98246E-05 0.54605 9.98246E-05 9.98246E-05 9.98246E-05 0.116229 9.98246E-05 9.98246E-05
9.98244E-05 0.115428 9.98244E-05 9.98244E-05 9.98244E-05 9.98244E-05 9.98244E-05 9.98244E-05 9.98244E-05 0.0912978 9.98244E-05 9.98244E-05 9.98244E-05 9.98244E-05 9.98244E-05 9.98244E-05 0.0259297 0.0275547 0.0502493 0.687544 9.98244E-05 9.98244E-05 9.98244E-05 9.98244E-05 9.98244E-05 9.98244E-05
0.00369866 9.9816E-05 9.9816E-05 9.9816E-05 9.9816E-05 0.173148 0.0457847 9.9816E-05 9.9816E-05 9.9816E-05 9.9816E-05 9.9816E-05 9.9816E-05 9.9816E-05 9.9816E-05 9.9816E-05 9.9816E-05 9.9816E-05 0.0301461 0.745127 9.9816E-05 9.9816E-05 9.9816E-05 9.9816E-05 9.9816E-05 9.9816E-05
0.00811325 9.9842E-05 0.0045696 9.9842E-05 9.9842E-05 9.9842E-05 0.00276618 0.0377572 9.9842E-05 9.9842E-05 9.9842E-05 9.9842E-05 9.9842E-05 9.9842E-05 9.9842E-05 9.9842E-05 9.9842E-05 9.9842E-05 0.0404383 0.77223 9.9842E-05 9.9842E-05 0.05594 9.9842E-05 9.9842E-05 0.0763885
9.98245E-05 9.98245E-05 0.0325585 9.98245E-05 9.98245E-05 9.98245E-05 9.98245E-05 9.98245E-05 0.0135981 9.98245E-05 9.98245E-05 0.067523 9.98245E-05 9.98245E-05 9.98245E-05 9.98245E-05 0.0177484 9.98245E-05 0.122105 9.98245E-05 9.98245E-05 9.98245E-05 9.98245E-05 0.744471 9.98245E-05 9.98245E-05
9.9781E-05 9.9781E-05 9.9781E-05 9.9781E-05 9.9781E-05 9.9781E-05 9.9781E-05 9.9781E-05 9.9781E-05 9.9781E-05 9.9781E-05 9.9781E-05 9.9781E-05 9.9781E-05 9.9781E-05 9.9781E-05 9.9781E-05 9.9781E-05 9.9781E-05 9.9781E-05 9.9781E-05 9.9781E-05 9.9781E-05 0.997505 9.9781E-05 9.9781E-05
9.97808E-05 9.97808E-05 9.97808E-05 9.97808E-05 9.97808E-05 9.97808E-05 9.97808E-05 9.97808E-05 9.97808E-05 9.97808E-05 9.97808E-05 9.97808E-05 9.97808E-05 9.97808E-05 9.97808E-05 9.97808E-05 9.97808E-05 9.97808E-05 9.97808E-05 9.97808E-05 9.97808E-05 9.97808E-05 9.97808E-05 0.997505 9.97808E-05 9.97808E-05
0.0257562 9.98421E-05 0.132113 9.98421E-05 9.98421E-05 9.98421E-05 9.98421E-05 9.98421E-05 0.15933 9.98421E-05 9.98421E-05 9.98421E-05 9.98421E-05 9.98421E-05 9.98421E-05 9.98421E-05 0.283091 0.0185515 9.98421E-05 9.98421E-05 9.98421E-05 9.98421E-05 0.0299167 0.239096 9.98421E-05 0.110349
9.98331E-05 9.98331E-05 0.109244 9.98331E-05 9.98331E-05 9.98331E-05 9.98331E-05 9.98331E-05 9.98331E-05 0.0706874 9.98331E-05 0.000332081 0.0010011 0.059337 9.98331E-05 9.98331E-05 9.98331E-05 9.98331E-05 9.98331E-05 9.98331E-05 9.98331E-05 0.090929 9.98331E-05 0.666572 9.98331E-05 9.98331E-05
9.98154E-05 9.98154E-05 0.0495551 9.98154E-05 9.98154E-05 9.98154E-05 9.98154E-05 9.98154E-05 9.98154E-05 0.0318147 9.98154E-05 9.98154E-05 9.98154E-05 9.98154E-05 9.98154E-05 9.98154E-05 9.98154E-05 9.98154E-05 0.194515 9.98154E-05 9.98154E-05 9.98154E-05 9.98154E-05 0.717479 0.00453954 9.98154E-05
0.0607674 9.98068E-05 9.98068E-05 9.98068E-05 9.98068E-05 9.98068E-05 9.98068E-05 9.98068E-05 9.98068E-05 9.98068E-05 9.98068E-05 9.98068E-05 9.98068E-05 9.98068E-05 9.98068E-05 9.98068E-05 0.293307 9.98068E-05 0.0874839 9.98068E-05 9.98068E-05 9.98068E-05 9.98068E-05 0.556246 9.98068E-05 9.98068E-05
9.98418E-05 0.0225146 0.0712195 9.98418E-05 9.98418E-05 9.98418E-05 9.98418E-05 9.98418E-05 0.0763106 9.98418E-05 9.98418E-05 9.98418E-05 9.98418E-05 9.98418E-05 9.98418E-05 9.98418E-05 0.0965106 0.0512731 0.0564392 9.98418E-05 9.98418E-05 9.98418E-05 9.98418E-05 0.599548 9.98418E-05 0.0243872
9.97896E-05 9.97896E-05 9.97896E-05 9.97896E-05 9.97896E-05 9.97896E-05 9.97896E-05 9.97896E-05 9.97896E-05 9.97896E-05 9.97896E-05 9.97896E-05 9.97896E-05 9.97896E-05 9.97896E-05 9.97896E-05 9.97896E-05 9.97896E-05 9.97896E-05 9.97896E-05 9.97896E-05 9.97896E-05 9.97896E-05 0.983386 0.0142188 9.97896E-05
9.97894E-05 9.97894E-05 9.97894E-05 9.97894E-05 9.97894E-05 9.97894E-05 0.0411242 9.97894E-05 9.97894E-05 9.97894E-05 9.97894E-05 9.97894E-05 9.97894E-05 9.97894E-05 9.97894E-05 9.97894E-05 9.97894E-05 9.97894E-05 9.97894E-05 9.97894E-05 9.97894E-05 9.97894E-05 9.97894E-05 0.956481 9.97894E-05 9.97894E-05
9.98154E-05 0.0288253 0.048092 9.98154E-05 9.98154E-05 9.98154E-05 0.13641 9.98154E-05 9.98154E-05 9.98154E-05 9.98154E-05 9.98154E-05 9.98154E-05 9.98154E-05 9.98154E-05 9.98154E-05 9.98154E-05 9.98154E-05 0.270999 9.98154E-05 9.98154E-05 9.98154E-05 9.98154E-05 0.513577 9.98154E-05 9.98154E-05
0.0431248 0.0454695 9.98682E-05 9.98682E-05 9.98682E-05 9.98682E-05 0.0623458 9.98682E-05 9.98682E-05 0.182167 0.0274252 0.0215869 9.98682E-05 9.98682E-05 9.98682E-05 9.98682E-05 0.0828421 9.98682E-05 0.0900825 9.98682E-05 0.0116191 9.98682E-05 9.98682E-05 0.390656 9.98682E-05 0.0411829
9.98418E-05 9.98418E-05 0.123372 9.98418E-05 9.98418E-05 9.98418E-05 0.0796068 9.98418E-05 0.0501411 9.98418E-05 9.98418E-05 9.98418E-05 0.0300614 0.0283877 9.98418E-05 9.98418E-05 9.98418E-05 9.98418E-05 0.0116356 9.98418E-05 0.126649 9.98418E-05 9.98418E-05 0.548348 9.98418E-05 9.98418E-05
9.98244E-05 0.055774 0.0109543 9.98244E-05 9.98244E-05 9.98244E-05 9.98244E-05 9.98244E-05 9.98244E-05 0.133577 9.98244E-05 9.98244E-05 9.98244E-05 9.98244E-05 9.98244E-05 9.98244E-05 0.0154372 9.98244E-05 0.189487 9.98244E-05 9.98244E-05 9.98244E-05 9.98244E-05 0.592774 9.98244E-05 9.98244E-05
9.98074E-05 9.98074E-05 9.98074E-05 9.98074E-05 0.0260163 9.98074E-05 9.98074E-05 0.00451385 9.98074E-05 9.98074E-05 9.98074E-05 9.98074E-05 9.98074E-05 0.0286944 9.98074E-05 9.98074E-05 9.98074E-05 9.98074E-05 9.98074E-05 9.98074E-05 9.98074E-05 9.98074E-05 9.98074E-05 0.93858 9.98074E-05 9.98074E-05
0.0258864 9.98072E-05 0.0332571 9.98072E-05 9.98072E-05 9.98072E-05 9.98072E-05 9.98072E-05 9.98072E-05 9.98072E-05 9.98072E-05 9.98072E-05 9.98072E-05 9.98072E-05 9.98072E-05 9.98072E-05 9.98072E-05 9.98072E-05 0.0185117 9.98072E-05 9.98072E-05 9.98072E-05 9.98072E-05 0.920149 9.98072E-05 9.98072E-05
9.98242E-05 0.0910884 9.98242E-05 9.98242E-05 9.98242E-05 9.98242E-05 9.98242E-05 9.98242E-05 0.107935 9.98242E-05 9.98242E-05 0.217541 9.98242E-05 9.98242E-05 9.98242E-05 9.98242E-05 0.0179254 9.98242E-05 9.98242E-05 9.98242E-05 9.98242E-05 9.98242E-05 9.98242E-05 0.552657 9.98242E-05 0.0108568
0.0642139 0.131305 0.0143153 9.98245E-05 9.98245E-05 9.98245E-05 0.11064 9.98245E-05 9.98245E-05 0.181684 9.98245E-05 9.98245E-05 9.98245E-05 9.98245E-05 9.98245E-05 9.98245E-05 9.98245E-05 9.98245E-05 9.98245E-05 9.98245E-05 9.98245E-05 9.98245E-05 9.98245E-05 0.495845 9.98245E-05 9.98245E-05
9.98158E-05 0.0247791 9.98158E-05 9.98158E-05 9.98158E-05 9.98158E-05 0.0670145 9.98158E-05 9.98158E-05 9.98158E-05 9.98158E-05 9.98158E-05 9.98158E-05 9.98158E-05 9.98158E-05 9.98158E-05 9.98158E-05 0.0453084 0.0543657 9.98158E-05 9.98158E-05 9.98158E-05 9.98158E-05 0.806436 9.98158E-05 9.98158E-05
9.98154E-05 9.98154E-05 9.98154E-05 9.98154E-05 0.0891741 9.98154E-05 0.0126778 9.98154E-05 9.98154E-05 9.98154E-05 9.98154E-05 9.98154E-05 9.98154E-05 9.98154E-05 9.98154E-05 9.98154E-05 9.98154E-05 9.98154E-05 0.184989 9.98154E-05 9.98154E-05 9.98154E-05 0.118825 0.592238 9.98154E-05 9.98154E-05
9.979E-05 9.979E-05 9.979E-05 9.979E-05 9.979E-05 9.979E-05 9.979E-05 9.979E-05 9.979E-05 9.979E-05 9.979E-05 9.979E-05 9.979E-05 9.979E-05 9.979E-05 0.0265569 9.979E-05 9.979E-05 9.979E-05 9.979E-05 9.979E-05 9.979E-05 9.979E-05 0.971048 9.979E-05 9.979E-05
9.9833E-05 9.9833E-05 9.9833E-05 9.9833E-05 9.9833E-05 9.9833E-05 9.9833E-05 9.9833E-05 0.0625387 0.196946 9.9833E-05 0.0567751 9.9833E-05 9.9833E-05 9.9833E-05 9.9833E-05 9.9833E-05 0.0185933 9.9833E-05 9.9833E-05 9.9833E-05 9.9833E-05 0.0523992 0.571135 9.9833E-05 0.0397159
9.98334E-05 9.98334E-05 9.98334E-05 9.98334E-05 9.98334E-05 9.98334E-05 9.98334E-05 9.98334E-05 0.226302 0.0262761 9.98334E-05 9.98334E-05 9.98334E-05 9.98334E-05 0.00694056 9.98334E-05 0.0106639 9.98334E-05 0.033277 9.98334E-05 9.98334E-05 9.98334E-05 0.0271041 0.667539 9.98334E-05 9.98334E-05
9.9842E-05 0.121306 0.036053 9.9842E-05 9.9842E-05 9.9842E-05 9.9842E-05 0.097024 9.9842E-05 9.9842E-05 9.9842E-05 9.9842E-05 0.00121465 9.9842E-05 9.9842E-05 9.9842E-05 9.9842E-05 0.0267081 0.00910959 9.9842E-05 9.9842E-05 9.9842E-05 9.9842E-05 0.701652 0.00513581 9.9842E-05
9.98068E-05 9.98068E-05 9.98068E-05 9.98068E-05 9.98068E-05 9.98068E-05 0.203725 9.98068E-05 9.98068E-05 9.98068E-05 9.98068E-05 9.98068E-05 0.00523826 9.98068E-05 9.98068E-05 9.98068E-05 9.98068E-05 9.98068E-05 0.0126845 9.98068E-05 9.98068E-05 9.98068E-05 9.98068E-05 0.776157 9.98068E-05 9.98068E-05
9.98074E-05 9.98074E-05 0.0532827 9.98074E-05 9.98074E-05 9.98074E-05 9.98074E-05 9.98074E-05 9.98074E-05 9.98074E-05 9.98074E-05 9.98074E-05 9.98074E-05 9.98074E-05 9.98074E-05 9.98074E-05 0.0607893 9.98074E-05 0.0492578 9.98074E-05 9.98074E-05 9.98074E-05 9.98074E-05 0.834474 9.98074E-05 9.98074E-05
9.97898E-05 9.97898E-05 9.97898E-05 9.97898E-05 9.97898E-05 9.97898E-05 9.97898E-05 9.97898E-05 9.97898E-05 0.0156313 9.97898E-05 9.97898E-05 9.97898E-05 9.97898E-05 9.97898E-05 9.97898E-05 9.97898E-05 9.97898E-05 9.97898E-05 9.97898E-05 9.97898E-05 9.97898E-05 9.97898E-05 0.981974 9.97898E-05 9.97898E-05
9.9781E-05 9.9781E-05 9.9781E-05 9.9781E-05 9.9781E-05 9.9781E-05 9.9781E-05 9.9781E-05 9.9781E-05 9.9781E-05 9.9781E-05 9.9781E-05 9.9781E-05 9.9781E-05 9.9781E-05 9.9781E-05 9.9781E-05 9.9781E-05 9.9781E-05 9.9781E-05 9.9781E-05 9.9781E-05 9.9781E-05 0.997505 9.9781E-05 9.9781E-05
9.97896E-05 9.97896E-05 9.97896E-05 9.97896E-05 9.97896E-05 9.97896E-05 9.97896E-05 9.97896E-05 9.97896E-05 9.97896E-05 9.97896E-05 9.97896E-05 9.97896E-05 9.97896E-05 9.97896E-05 9.97896E-05 9.97896E-05 0.0854827 9.97896E-05 9.97896E-05 9.97896E-05 9.97896E-05 9.97896E-05 0.912122 9.97896E-05 9.97896E-05
9.98073E-05 9.98073E-05 0.130631 9.98073E-05 9.98073E-05 9.98073E-05 9.98073E-05 9.98073E-05 9.98073E-05 9.98073E-05 9.98073E-05 9.98073E-05 9.98073E-05 9.98073E-05 9.98073E-05 0.316974 9.98073E-05 9.98073E-05 0.103461 9.98073E-05 9.98073E-05 9.98073E-05 9.98073E-05 0.446738 9.98073E-05 9.98073E-05
9.97984E-05 9.97984E-05 0.103629 9.97984E-05 9.97984E-05 9.97984E-05 9.97984E-05 9.97984E-05 0.75142 9.97984E-05 9.97984E-05 9.97984E-05 9.97984E-05 9.97984E-05 9.97984E-05 9.97984E-05 9.97984E-05 9.97984E-05 0.142656 9.97984E-05 9.97984E-05 9.97984E-05 9.97984E-05 9.97984E-05 9.97984E-05 9.97984E-05
9.97983E-05 9.97983E-05 9.97983E-05 9.97983E-05 9.97983E-05 9.97983E-05 9.97983E-05 9.97983E-05 0.251892 9.97983E-05 9.97983E-05 9.97983E-05 9.97983E-05 9.97983E-05 9.97983E-05 0.744999 9.97983E-05 9.97983E-05 0.000813417 9.97983E-05 9.97983E-05 9.97983E-05 9.97983E-05 9.97983E-05 9.97983E-05 9.97983E-05
9.9807E-05 9.9807E-05 9.9807E-05 9.9807E-05 9.9807E-05 9.9807E-05 0.00843329 9.9807E-05 0.917837 9.9807E-05 9.9807E-05 9.9807E-05 9.9807E-05 9.9807E-05 9.9807E-05 9.9807E-05 9.9807E-05 0.0136227 0.0579109 9.9807E-05 9.9807E-05 9.9807E-05 9.9807E-05 9.9807E-05 9.9807E-05 9.9807E-05
9.98067E-05 9.98067E-05 0.0410144 9.98067E-05 9.98067E-05 9.98067E-05 0.00265882 9.98067E-05 0.888341 9.98067E-05 9.98067E-05 9.98067E-05 9.98067E-05 9.98067E-05 9.98067E-05 9.98067E-05 9.98067E-05 9.98067E-05 0.0657902 9.98067E-05 9.98067E-05 9.98067E-05 9.98067E-05 9.98067E-05 9.98067E-05 9.98067E-05
9.9798E-05 9.9798E-05 0.0544473 9.9798E-05 9.9798E-05 9.9798E-05 9.9798E-05 9.9798E-05 0.939758 9.9798E-05 9.9798E-05 9.9798E-05 9.9798E-05 0.00349963 9.9798E-05 9.9798E-05 9.9798E-05 9.9798E-05 9.9798E-05 9.9798E-05 9.9798E-05 9.9798E-05 9.9798E-05 9.9798E-05 9.9798E-05 9.9798E-05
9.98247E-05 9.98247E-05 0.197772 0.0210071 9.98247E-05 0.00540042 9.98247E-05 9.98247E-05 0.589743 9.98247E-05 9.98247E-05 9.98247E-05 9.98247E-05 9.98247E-05 9.98247E-05 9.98247E-05 0.0268285 9.98247E-05 0.157253 9.98247E-05 9.98247E-05 9.98247E-05 9.98247E-05 9.98247E-05 9.98247E-05 9.98247E-05
9.98245E-05 9.98245E-05 0.121578 9.98245E-05 0.042819 9.98245E-05 9.98245E-05 9.98245E-05 0.690688 0.073389 9.98245E-05 9.98245E-05 9.98245E-05 9.98245E-05 9.98245E-05 9.98245E-05 9.98245E-05 0.0264139 0.0431151 9.98245E-05 9.98245E-05 9.98245E-05 9.98245E-05 9.98245E-05 9.98245E-05 9.98245E-05
9.97894E-05 9.97894E-05 0.153786 9.97894E-05 9.97894E-05 9.97894E-05 9.97894E-05 9.97894E-05 0.843819 9.97894E-05 9.97894E-05 9.97894E-05 9.97894E-05 9.97894E-05 9.97894E-05 9.97894E-05 9.97894E-05 9.97894E-05 9.97894E-05 9.97894E-05 9.97894E-05 9.97894E-05 9.97894E-05 9.97894E-05 9.97894E-05 9.97894E-05
9.98156E-05 9.98156E-05 0.359433 9.98156E-05 9.98156E-05 9.98156E-05 9.98156E-05 9.98156E-05 0.302145 9.98156E-05 0.00607121 9.98156E-05 9.98156E-05 9.98156E-05 9.98156E-05 9.98156E-05 0.151115 9.98156E-05 9.98156E-05 9.98156E-05 9.98156E-05 9.98156E-05 0.17914 9.98156E-05 9.98156E-05 9.98156E-05
9.98245E-05 9.98245E-05 0.191357 9.98245E-05 9.98245E-05 0.0332194 9.98245E-05 9.98245E-05 0.495732 0.00991458 0.0339048 9.98245E-05 9.98245E-05 9.98245E-05 9.98245E-05 9.98245E-05 9.98245E-05 9.98245E-05 0.233875 9.98245E-05 9.98245E-05 9.98245E-05 9.98245E-05 9.98245E-05 9.98245E-05 9.98245E-05
9.98159E-05 9.98159E-05 0.0147889 0.313266 9.98159E-05 9.98159E-05 9.98159E-05 9.98159E-05 0.419398 9.98159E-05 9.98159E-05 9.98159E-05 9.98159E-05 9.98159E-05 9.98159E-05 9.98159E-05 0.184963 9.98159E-05 0.0654889 9.98159E-05 9.98159E-05 9.98159E-05 9.98159E-05 9.98159E-05 9.98159E-05 9.98159E-05
9.98334E-05 9.98334E-05 9.98334E-05 0.188835 9.98334E-05 9.98334E-05 0.0750162 9.98334E-05 0.527843 9.98334E-05 9.98334E-05 9.98334E-05 9.98334E-05 9.98334E-05 9.98334E-05 9.98334E-05 0.106719 9.98334E-05 0.0266634 0.00155454 9.98334E-05 0.0714723 9.98334E-05 9.98334E-05 9.98334E-05 9.98334E-05
9.97984E-05 9.97984E-05 0.0903626 9.97984E-05 9.97984E-05 9.97984E-05 9.97984E-05 9.97984E-05 0.837731 9.97984E-05 9.97984E-05 9.97984E-05 9.97984E-05 9.97984E-05 9.97984E-05 0.0696113 9.97984E-05 9.97984E-05 9.97984E-05 9.97984E-05 9.97984E-05 9.97984E-05 9.97984E-05 9.97984E-05 9.97984E-05 9.97984E-05
9.9816E-05 9.9816E-05 0.107448 0.0977825 9.9816E-05 9.9816E-05 9.9816E-05 0.00420636 0.630867 9.9816E-05 9.9816E-05 9.9816E-05 9.9816E-05 9.9816E-05 9.9816E-05 9.9816E-05 9.9816E-05 9.9816E-05 0.1576 9.9816E-05 9.9816E-05 9.9816E-05 9.9816E-05 9.9816E-05 9.9816E-05 9.9816E-05
9.98246E-05 9.98246E-05 0.0788818 0.142946 9.98246E-05 0.0349739 9.98246E-05 9.98246E-05 0.594495 9.98246E-05 9.98246E-05 9.98246E-05 9.98246E-05 9.98246E-05 9.98246E-05 9.98246E-05 9.98246E-05 0.110562 9.98246E-05 9.98246E-05 0.0361455 9.98246E-05 9.98246E-05 9.98246E-05 9.98246E-05 9.98246E-05
9.98159E-05 9.98159E-05 9.98159E-05 9.98159E-05 9.98159E-05 0.121956 9.98159E-05 9.98159E-05 0.649609 9.98159E-05 9.98159E-05 9.98159E-05 9.98159E-05 9.98159E-05 9.98159E-05 9.98159E-05 0.015437 9.98159E-05 0.0965908 9.98159E-05 9.98159E-05 9.98159E-05 0.114311 9.98159E-05 9.98159E-05 9.98159E-05
9.98246E-05 9.98246E-05 0.023928 0.156337 9.98246E-05 9.98246E-05 9.98246E-05 9.98246E-05 0.402053 9.98246E-05 9.98246E-05 9.98246E-05 9.98246E-05 9.98246E-05 9.98246E-05 9.98246E-05 0.257295 9.98246E-05 0.0546175 9.98246E-05 9.98246E-05 0.103773 9.98246E-05 9.98246E-05 9.98246E-05 9.98246E-05
9.98249E-05 9.98249E-05 0.054795 0.0403637 9.98249E-05 0.195185 9.98249E-05 0.0072932 0.665021 0.0353456 9.98249E-05 9.98249E-05 9.98249E-05 9.98249E-05 9.98249E-05 9.98249E-05 9.98249E-05 9.98249E-05 9.98249E-05 9.98249E-05 9.98249E-05 9.98249E-05 9.98249E-05 9.98249E-05 9.98249E-05 9.98249E-05
9.97984E-05 9.97984E-05 9.97984E-05 0.0650194 9.97984E-05 9.97984E-05 0.00113629 9.97984E-05 0.931549 9.97984E-05 9.97984E-05 9.97984E-05 9.97984E-05 9.97984E-05 9.97984E-05 9.97984E-05 9.97984E-05 9.97984E-05 9.97984E-05 9.97984E-05 9.97984E-05 9.97984E-05 9.97984E-05 9.97984E-05 9.97984E-05 9.97984E-05
9.98508E-05 9.98508E-05 0.081334 0.315394 9.98508E-05 0.0287917 0.0119052 9.98508E-05 0.351048 9.98508E-05 9.98508E-05 9.98508E-05 9.98508E-05 9.98508E-05 9.98508E-05 9.98508E-05 9.98508E-05 9.98508E-05 0.0680767 9.98508E-05 0.0231061 0.095916 0.0227306 9.98508E-05 9.98508E-05 9.98508E-05
9.98334E-05 9.98334E-05 9.98334E-05 0.0613432 9.98334E-05 0.0650514 9.98334E-05 0.0561006 0.667997 9.98334E-05 9.98334E-05 9.98334E-05 9.98334E-05 0.00556001 9.98334E-05 9.98334E-05 0.102016 9.98334E-05 0.0400351 9.98334E-05 9.98334E-05 9.98334E-05 9.98334E-05 9.98334E-05 9.98334E-05 9.98334E-05
9.97982E-05 9.97982E-05 0.0669461 9.97982E-05 9.97982E-05 9.97982E-05 9.97982E-05 9.97982E-05 0.911796 9.97982E-05 9.97982E-05 9.97982E-05 9.97982E-05 9.97982E-05 9.97982E-05 9.97982E-05 9.97982E-05 9.97982E-05 0.0189627 9.97982E-05 9.97982E-05 9.97982E-05 9.97982E-05 9.97982E-05 9.97982E-05 9.97982E-05
9.98246E-05 9.98246E-05 0.159748 9.98246E-05 9.98246E-05 9.98246E-05 9.98246E-05 9.98246E-05 0.328782 9.98246E-05 9.98246E-05 9.98246E-05 0.0517811 9.98246E-05 9.98246E-05 9.98246E-05 0.125737 9.98246E-05 0.28177 9.98246E-05 9.98246E-05 0.0501857 9.98246E-05 9.98246E-05 9.98246E-05 9.98246E-05
9.98246E-05 9.98246E-05 0.108518 9.98246E-05 9.98246E-05 9.98246E-05 9.98246E-05 9.98246E-05 0.616863 9.98246E-05 0.125193 9.98246E-05 9.98246E-05 0.00323451 9.98246E-05 0.134074 9.98246E-05 9.98246E-05 0.0101222 9.98246E-05 9.98246E-05 9.98246E-05 9.98246E-05 9.98246E-05 9.98246E-05 9.98246E-05
9.98246E-05 9.98246E-05 0.192485 9.98246E-05 9.98246E-05 9.98246E-05 9.98246E-05 9.98246E-05 0.457685 9.98246E-05 9.98246E-05 9.98246E-05 9.98246E-05 0.00177849 9.98246E-05 9.98246E-05 0.0438374 9.98246E-05 0.193542 9.98246E-05 9.98246E-05 0.108675 9.98246E-05 9.98246E-05 9.98246E-05 9.98246E-05
0.0433054 9.98334E-05 0.117645 9.98334E-05 0.0178091 9.98334E-05 9.98334E-05 9.98334E-05 0.342733 9.98334E-05 9.98334E-05 9.98334E-05 9.98334E-05 9.98334E-05 9.98334E-05 0.366327 9.98334E-05 0.00987765 0.100406 9.98334E-05 9.98334E-05 9.98334E-05 9.98334E-05 9.98334E-05 9.98334E-05 9.98334E-05
9.98422E-05 9.98422E-05 9.98422E-05 0.63774 9.98422E-05 9.98422E-05 9.98422E-05 9.98422E-05 0.0196666 9.98422E-05 9.98422E-05 0.0237601 9.98422E-05 0.0853958 0.0486614 0.0655015 9.98422E-05 9.98422E-05 0.0618169 9.98422E-05 9.98422E-05 9.98422E-05 9.98422E-05 9.98422E-05 0.0556599 9.98422E-05
0.00629527 0.0286783 0.0845069 9.98154E-05 9.98154E-05 9.98154E-05 9.98154E-05 9.98154E-05 0.873661 9.98154E-05 9.98154E-05 9.98154E-05 9.98154E-05 9.98154E-05 9.98154E-05 9.98154E-05 9.98154E-05 9.98154E-05 0.00476288 9.98154E-05 9.98154E-05 9.98154E-05 9.98154E-05 9.98154E-05 9.98154E-05 9.98154E-05
9.98072E-05 9.98072E-05 0.249491 9.98072E-05 9.98072E-05 9.98072E-05 9.98072E-05 9.98072E-05 0.565863 9.98072E-05 9.98072E-05 9.98072E-05 9.98072E-05 9.98072E-05 9.98072E-05 9.98072E-05 0.0230352 9.98072E-05 0.159415 9.98072E-05 9.98072E-05 9.98072E-05 9.98072E-05 9.98072E-05 9.98072E-05 9.98072E-05
9.98247E-05 9.98247E-05 9.98247E-05 0.0322719 9.98247E-05 9.98247E-05 9.98247E-05 9.98247E-05 0.713543 9.98247E-05 9.98247E-05 9.98247E-05 9.98247E-05 0.110981 9.98247E-05 0.0380967 9.98247E-05 9.98247E-05 0.0805923 9.98247E-05 9.98247E-05 0.0225186 9.98247E-05 9.98247E-05 9.98247E-05 9.98247E-05
9.9816E-05 9.9816E-05 0.0658044 9.9816E-05 9.9816E-05 9.9816E-05 9.9816E-05 9.9816E-05 0.718606 9.9816E-05 9.9816E-05 9.9816E-05 9.9816E-05 9.9816E-05 9.9816E-05 0.00766197 9.9816E-05 9.9816E-05 0.132032 9.9816E-05 0.0737991 9.9816E-05 9.9816E-05 9.9816E-05 9.9816E-05 9.9816E-05
9.97983E-05 9.97983E-05 9.97983E-05 9.97983E-05 0.0763475 9.97983E-05 0.0358192 9.97983E-05 0.885538 9.97983E-05 9.97983E-05 9.97983E-05 9.97983E-05 9.97983E-05 9.97983E-05 9.97983E-05 9.97983E-05 9.97983E-05 9.97983E-05 9.97983E-05 9.97983E-05 9.97983E-05 9.97983E-05 9.97983E-05 9.97983E-05 9.97983E-05
9.98157E-05 9.98157E-05 0.270844 9.98157E-05 9.98157E-05 9.98157E-05 9.98157E-05 9.98157E-05 0.396478 9.98157E-05 9.98157E-05 9.98157E-05 9.98157E-05 0.124505 9.98157E-05 9.98157E-05 9.98157E-05 9.98157E-05 0.0963143 9.98157E-05 9.98157E-05 0.109763 9.98157E-05 9.98157E-05 9.98157E-05 9.98157E-05
9.98421E-05 0.0105906 0.000915596 9.98421E-05 0.0107331 9.98421E-05 9.98421E-05 9.98421E-05 0.707247 0.0740199 0.0969125 9.98421E-05 9.98421E-05 9.98421E-05 0.0398176 9.98421E-05 9.98421E-05 9.98421E-05 9.98421E-05 9.98421E-05 9.98421E-05 0.0579668 9.98421E-05 9.98421E-05 9.98421E-05 9.98421E-05
0.00774324 9.98072E-05 9.98072E-05 9.98072E-05 9.98072E-05 9.98072E-05 9.98072E-05 9.98072E-05 0.906337 9.98072E-05 9.98072E-05 9.98072E-05 9.98072E-05 9.98072E-05 9.98072E-05 0.0200409 9.98072E-05 9.98072E-05 0.0636832 9.98072E-05 9.98072E-05 9.98072E-05 9.98072E-05 9.98072E-05 9.98072E-05 9.98072E-05
9.98156E-05 9.98156E-05 0.0296207 0.217308 9.98156E-05 0.08425 9.98156E-05 9.98156E-05 0.516553 9.98156E-05 9.98156E-05 9.98156E-05 9.98156E-05 9.98156E-05 9.98156E-05 9.98156E-05 9.98156E-05 9.98156E-05 9.98156E-05 9.98156E-05 9.98156E-05 9.98156E-05 0.150172 9.98156E-05 9.98156E-05 9.98156E-05
9.98068E-05 9.98068E-05 0.0948874 9.98068E-05 9.98068E-05 9.98068E-05 9.98068E-05 9.98068E-05 0.696407 9.98068E-05 9.98068E-05 9.98068E-05 9.98068E-05 9.98068E-05 9.98068E-05 9.98068E-05 9.98068E-05 0.0315913 0.174919 9.98068E-05 9.98068E-05 9.98068E-05 9.98068E-05 9.98068E-05 9.98068E-05 9.98068E-05
9.9807E-05 9.9807E-05 0.0829784 0.720787 9.9807E-05 9.9807E-05 9.9807E-05 9.9807E-05 0.158909 9.9807E-05 9.9807E-05 0.0351301 9.9807E-05 9.9807E-05 9.9807E-05 9.9807E-05 9.9807E-05 9.9807E-05 9.9807E-05 9.9807E-05 9.9807E-05 9.9807E-05 9.9807E-05 9.9807E-05 9.9807E-05 9.9807E-05
9.98245E-05 9.98245E-05 0.000159833 0.00178781 9.98245E-05 9.98245E-05 9.98245E-05 9.98245E-05 0.633916 9.98245E-05 9.98245E-05 9.98245E-05 9.98245E-05 9.98245E-05 9.98245E-05 0.335979 9.98245E-05 9.98245E-05 0.0095985 9.98245E-05 9.98245E-05 0.0165626 9.98245E-05 9.98245E-05 9.98245E-05 9.98245E-05
9.97985E-05 9.97985E-05 9.97985E-05 9.97985E-05 9.97985E-05 9.97985E-05 9.97985E-05 9.97985E-05 0.541415 9.97985E-05 9.97985E-05 9.97985E-05 9.97985E-05 0.00114438 9.97985E-05 0.455146 9.97985E-05 9.97985E-05 9.97985E-05 9.97985E-05 9.97985E-05 9.97985E-05 9.97985E-05 9.97985E-05 9.97985E-05 9.97985E-05
9.97985E-05 9.97985E-05 0.0216289 0.565654 9.97985E-05 9.97985E-05 9.97985E-05 9.97985E-05 0.410421 9.97985E-05 9.97985E-05 9.97985E-05 9.97985E-05 9.97985E-05 9.97985E-05 9.97985E-05 9.97985E-05 9.97985E-05 9.97985E-05 9.97985E-05 9.97985E-05 9.97985E-05 9.97985E-05 9.97985E-05 9.97985E-05 9.97985E-05
9.98069E-05 9.98069E-05 0.0848684 9.98069E-05 9.98069E-05 9.98069E-05 9.98069E-05 9.98069E-05 0.509589 9.98069E-05 9.98069E-05 9.98069E-05 9.98069E-05 9.98069E-05 9.98069E-05 9.98069E-05 0.10453 9.98069E-05 0.298817 9.98069E-05 9.98069E-05 9.98069E-05 9.98069E-05 9.98069E-05 9.98069E-05 9.98069E-05
9.97983E-05 9.97983E-05 0.182798 9.97983E-05 9.97983E-05 9.97983E-05 9.97983E-05 9.97983E-05 0.765602 9.97983E-05 9.97983E-05 9.97983E-05 9.97983E-05 0.0493044 9.97983E-05 9.97983E-05 9.97983E-05 9.97983E-05 9.97983E-05 9.97983E-05 9.97983E-05 9.97983E-05 9.97983E-05 9.97983E-05 9.97983E-05 9.97983E-05
9.9807E-05 9.9807E-05 0.166732 0.67967 9.9807E-05 9.9807E-05 9.9807E-05 9.9807E-05 9.9807E-05 9.9807E-05 9.9807E-05 9.9807E-05 9.9807E-05 9.9807E-05 9.9807E-05 9.9807E-05 9.9807E-05 9.9807E-05 0.0581361 9.9807E-05 9.9807E-05 0.0932666 9.9807E-05 9.9807E-05 9.9807E-05 9.9807E-05
9.98072E-05 9.98072E-05 9.98072E-05 0.623711 9.98072E-05 9.98072E-05 9.98072E-05 9.98072E-05 0.333642 9.98072E-05 0.023077 9.98072E-05 9.98072E-05 9.98072E-05 9.98072E-05 9.98072E-05 9.98072E-05 9.98072E-05 9.98072E-05 0.0173745 9.98072E-05 9.98072E-05 9.98072E-05 9.98072E-05 9.98072E-05 9.98072E-05
9.98594E-05 9.98594E-05 0.128501 9.98594E-05 9.98594E-05 9.98594E-05 9.98594E-05 9.98594E-05 0.471133 0.0738341 9.98594E-05 0.0455629 9.98594E-05 0.0475808 9.98594E-05 9.98594E-05 0.103863 0.0146681 0.0180336 9.98594E-05 9.98594E-05 0.0646367 0.0305892 9.98594E-05 9.98594E-05 9.98594E-05
