9.98683E-05 9.98683E-05 9.98683E-05 9.98683E-05 9.98683E-05 9.98683E-05 9.98683E-05 9.98683E-05 0.00864231 0.269365 0.184444 9.98683E-05 0.0721233 0.00532788 9.98683E-05 9.98683E-05 0.353353 9.98683E-05 0.0499793 9.98683E-05 9.98683E-05 0.00711009 0.0481571 9.98683E-05
9.98246E-05 9.98246E-05 9.98246E-05 9.98246E-05 9.98246E-05 9.98246E-05 9.98246E-05 9.98246E-05 0.0561763 0.101479 9.98246E-05 9.98246E-05 9.98246E-05 9.98246E-05 9.98246E-05 9.98246E-05 0.736997 9.98246E-05 0.103351 9.98246E-05 9.98246E-05 9.98246E-05 9.98246E-05 9.98246E-05
0.00930926 9.98508E-05 0.0453453 9.98508E-05 9.98508E-05 9.98508E-05 9.98508E-05 9.98508E-05 9.98508E-05 9.98508E-05 0.0340033 9.98508E-05 9.98508E-05 9.98508E-05 9.98508E-05 9.98508E-05 0.855916 0.00169567 9.98508E-05 9.98508E-05 9.98508E-05 0.013981 0.0380515 9.98508E-05
9.98685E-05 9.98685E-05 0.176611 0.0166418 9.98685E-05 0.0379467 9.98685E-05 9.98685E-05 0.0513665 9.98685E-05 0.174216 9.98685E-05 9.98685E-05 9.98685E-05 9.98685E-05 9.98685E-05 0.218776 0.308043 0.0105947 9.98685E-05 9.98685E-05 9.98685E-05 0.00430595 9.98685E-05
0.131201 9.98421E-05 0.0133143 9.98421E-05 9.98421E-05 9.98421E-05 9.98421E-05 9.98421E-05 9.98421E-05 9.98421E-05 9.98421E-05 9.98421E-05 9.98421E-05 9.98421E-05 0.0305154 9.98421E-05 0.769617 9.98421E-05 0.0397447 9.98421E-05 9.98421E-05 9.98421E-05 9.98421E-05 0.0138102
0.0922524 9.98685E-05 0.201003 9.98685E-05 9.98685E-05 0.130719 9.98685E-05 0.116827 9.98685E-05 0.281427 9.98685E-05 9.98685E-05 9.98685E-05 0.0136494 9.98685E-05 0.0104007 0.139356 9.98685E-05 0.0128675 9.98685E-05 9.98685E-05 9.98685E-05 9.98685E-05 9.98685E-05
9.98772E-05 9.98772E-05 9.98772E-05 9.98772E-05 9.98772E-05 9.98772E-05 0.0436716 9.98772E-05 0.119868 0.156627 0.205748 9.98772E-05 9.98772E-05 9.98772E-05 0.115409 9.98772E-05 0.203883 0.0205591 0.0608024 9.98772E-05 9.98772E-05 0.0498934 0.0221399 9.98772E-05
0.0755844 9.98597E-05 0.038979 9.98597E-05 9.98597E-05 9.98597E-05 9.98597E-05 0.172902 9.98597E-05 0.118368 0.256079 9.98597E-05 9.98597E-05 0.179934 9.98597E-05 9.98597E-05 0.128898 0.0276572 9.98597E-05 9.98597E-05 9.98597E-05 9.98597E-05 9.98597E-05 9.98597E-05
9.98771E-05 9.98771E-05 0.00610085 9.98771E-05 9.98771E-05 9.98771E-05 9.98771E-05 0.18331 9.98771E-05 0.0380283 0.0886498 9.98771E-05 9.98771E-05 0.0123485 9.98771E-05 9.98771E-05 0.171516 9.98771E-05 0.0675824 0.194472 9.98771E-05 0.0548749 0.181718 9.98771E-05
9.98246E-05 9.98246E-05 9.98246E-05 9.98246E-05 9.98246E-05 0.00549671 9.98246E-05 9.98246E-05 9.98246E-05 9.98246E-05 9.98246E-05 0.0323197 9.98246E-05 9.98246E-05 9.98246E-05 9.98246E-05 0.849787 9.98246E-05 9.98246E-05 9.98246E-05 9.98246E-05 9.98246E-05 0.1104 9.98246E-05
9.98509E-05 9.98509E-05 9.98509E-05 9.98509E-05 9.98509E-05 9.98509E-05 9.98509E-05 0.0494877 0.142594 0.271562 0.148268 9.98509E-05 9.98509E-05 9.98509E-05 9.98509E-05 9.98509E-05 0.278604 9.98509E-05 9.98509E-05 0.0121595 9.98509E-05 9.98509E-05 0.0956276 9.98509E-05
9.9851E-05 9.9851E-05 0.0105602 0.0241783 9.9851E-05 9.9851E-05 0.00396786 9.9851E-05 0.0764682 9.9851E-05 9.9851E-05 9.9851E-05 9.9851E-05 9.9851E-05 0.0611406 9.9851E-05 0.777939 0.0440481 9.9851E-05 9.9851E-05 9.9851E-05 9.9851E-05 9.9851E-05 9.9851E-05
9.98333E-05 9.98333E-05 9.98333E-05 9.98333E-05 9.98333E-05 9.98333E-05 9.98333E-05 0.00271389 9.98333E-05 9.98333E-05 0.131363 9.98333E-05 9.98333E-05 9.98333E-05 9.98333E-05 9.98333E-05 0.751345 0.02628 9.98333E-05 9.98333E-05 9.98333E-05 9.98333E-05 0.0864017 9.98333E-05
9.98685E-05 0.122167 0.0711628 9.98685E-05 0.0312841 9.98685E-05 9.98685E-05 9.98685E-05 0.0786514 9.98685E-05 9.98685E-05 9.98685E-05 9.98685E-05 0.00014361 9.98685E-05 9.98685E-05 0.578487 0.0291389 9.98685E-05 9.98685E-05 0.00157857 9.98685E-05 0.0858883 9.98685E-05
9.98684E-05 9.98684E-05 0.137253 0.0112666 9.98684E-05 9.98684E-05 9.98684E-05 0.147973 9.98684E-05 0.247972 9.98684E-05 9.98684E-05 9.98684E-05 0.0372545 9.98684E-05 9.98684E-05 0.215612 9.98684E-05 9.98684E-05 9.98684E-05 9.98684E-05 0.000168875 0.145238 0.0557638
9.98596E-05 9.98596E-05 9.98596E-05 9.98596E-05 0.0977279 9.98596E-05 9.98596E-05 0.163848 9.98596E-05 0.21155 0.0965484 9.98596E-05 9.98596E-05 9.98596E-05 9.98596E-05 0.0602542 0.176516 0.10068 9.98596E-05 9.98596E-05 9.98596E-05 9.98596E-05 0.0912766 9.98596E-05
9.98684E-05 0.165261 9.98684E-05 9.98684E-05 9.98684E-05 9.98684E-05 9.98684E-05 9.98684E-05 0.000748666 9.98684E-05 9.98684E-05 9.98684E-05 0.0494141 9.98684E-05 0.0790306 0.0174491 0.566692 9.98684E-05 0.0407918 0.0227326 9.98684E-05 9.98684E-05 0.0563823 9.98684E-05
9.98509E-05 9.98509E-05 9.98509E-05 0.154236 9.98509E-05 9.98509E-05 9.98509E-05 9.98509E-05 9.98509E-05 0.293553 0.110874 0.196505 9.98509E-05 9.98509E-05 9.98509E-05 9.98509E-05 0.0876483 9.98509E-05 9.98509E-05 0.0220163 9.98509E-05 9.98509E-05 0.133471 9.98509E-05
9.9842E-05 9.9842E-05 9.9842E-05 9.9842E-05 9.9842E-05 0.169726 9.9842E-05 0.0534216 9.9842E-05 9.9842E-05 0.243357 9.9842E-05 9.9842E-05 9.9842E-05 9.9842E-05 0.0380047 0.275626 9.9842E-05 9.9842E-05 9.9842E-05 9.9842E-05 9.9842E-05 0.218068 9.9842E-05
9.98333E-05 9.98333E-05 9.98333E-05 0.0475298 9.98333E-05 9.98333E-05 9.98333E-05 0.00456233 9.98333E-05 9.98333E-05 9.98333E-05 9.98333E-05 9.98333E-05 9.98333E-05 9.98333E-05 9.98333E-05 0.944464 9.98333E-05 9.98333E-05 9.98333E-05 9.98333E-05 9.98333E-05 0.000569057 0.000978434
9.98684E-05 9.98684E-05 9.98684E-05 0.0125154 0.0526866 9.98684E-05 9.98684E-05 0.05843 0.0613829 9.98684E-05 0.0100699 9.98684E-05 9.98684E-05 9.98684E-05 9.98684E-05 9.98684E-05 0.40547 0.171054 9.98684E-05 0.188235 9.98684E-05 9.98684E-05 0.0386587 9.98684E-05
0.0692584 9.98509E-05 9.98509E-05 9.98509E-05 9.98509E-05 0.123001 9.98509E-05 0.141628 9.98509E-05 9.98509E-05 0.332753 9.98509E-05 9.98509E-05 9.98509E-05 9.98509E-05 0.0359103 0.234311 9.98509E-05 9.98509E-05 9.98509E-05 9.98509E-05 9.98509E-05 9.98509E-05 0.0614415
9.98422E-05 9.98422E-05 0.0145737 9.98422E-05 9.98422E-05 9.98422E-05 9.98422E-05 9.98422E-05 0.0346465 0.308143 9.98422E-05 9.98422E-05 9.98422E-05 9.98422E-05 9.98422E-05 9.98422E-05 0.515029 0.0325673 9.98422E-05 9.98422E-05 9.98422E-05 9.98422E-05 0.0932441 9.98422E-05
9.98598E-05 9.98598E-05 9.98598E-05 9.98598E-05 0.00957101 9.98598E-05 0.0144635 9.98598E-05 9.98598E-05 9.98598E-05 0.299129 9.98598E-05 9.98598E-05 9.98598E-05 0.0129635 9.98598E-05 0.25357 9.98598E-05 9.98598E-05 9.98598E-05 9.98598E-05 0.063997 0.262944 0.0817638
9.98507E-05 9.98507E-05 0.153741 9.98507E-05 9.98507E-05 9.98507E-05 9.98507E-05 0.0463713 0.0360237 9.98507E-05 0.115846 9.98507E-05 9.98507E-05 9.98507E-05 9.98507E-05 9.98507E-05 0.236378 0.146512 9.98507E-05 9.98507E-05 9.98507E-05 9.98507E-05 0.26343 9.98507E-05
9.98421E-05 9.98421E-05 0.0560495 9.98421E-05 9.98421E-05 9.98421E-05 9.98421E-05 0.0076608 9.98421E-05 9.98421E-05 0.0761439 9.98421E-05 9.98421E-05 9.98421E-05 9.98421E-05 9.98421E-05 0.650705 0.0905706 9.98421E-05 9.98421E-05 9.98421E-05 9.98421E-05 0.117073 9.98421E-05
9.98203E-05 9.98203E-05 0.229033 9.98203E-05 9.98203E-05 9.98203E-05 9.98203E-05 9.98203E-05 9.98203E-05 9.98203E-05 0.236953 0.165262 9.98203E-05 9.98203E-05 0.0288781 9.98203E-05 9.98203E-05 9.98203E-05 9.98203E-05 9.98203E-05 9.98203E-05 9.98203E-05 0.125124 0.212953
9.98247E-05 9.98247E-05 9.98247E-05 9.98247E-05 9.98247E-05 9.98247E-05 9.98247E-05 9.98247E-05 9.98247E-05 9.98247E-05 0.0915294 9.98247E-05 9.98247E-05 9.98247E-05 9.98247E-05 9.98247E-05 0.736576 0.127129 9.98247E-05 9.98247E-05 9.98247E-05 9.98247E-05 0.0427696 9.98247E-05
9.9851E-05 9.9851E-05 0.0193175 9.9851E-05 9.9851E-05 9.9851E-05 9.9851E-05 9.9851E-05 9.9851E-05 0.028751 9.9851E-05 9.9851E-05 9.9851E-05 9.9851E-05 9.9851E-05 9.9851E-05 0.449813 0.0295777 9.9851E-05 9.9851E-05 9.9851E-05 0.000568755 0.228793 0.241481
9.98595E-05 9.98595E-05 9.98595E-05 9.98595E-05 9.98595E-05 0.0922271 9.98595E-05 9.98595E-05 0.00159887 9.98595E-05 0.0233613 9.98595E-05 0.020566 9.98595E-05 9.98595E-05 9.98595E-05 0.573537 9.98595E-05 9.98595E-05 9.98595E-05 0.243233 0.00594559 0.0379327 9.98595E-05
9.98596E-05 9.98596E-05 9.98596E-05 9.98596E-05 9.98596E-05 0.0485462 9.98596E-05 0.0195524 0.0939291 0.139514 0.0111175 9.98596E-05 9.98596E-05 9.98596E-05 9.98596E-05 9.98596E-05 0.602055 9.98596E-05 9.98596E-05 9.98596E-05 9.98596E-05 9.98596E-05 0.0145689 0.0691192
9.98772E-05 0.125102 0.0517455 9.98772E-05 9.98772E-05 0.051799 9.98772E-05 0.00362881 0.0516973 0.125086 0.103357 9.98772E-05 9.98772E-05 9.98772E-05 9.98772E-05 9.98772E-05 0.373983 0.088869 9.98772E-05 9.98772E-05 9.98772E-05 9.98772E-05 0.023334 9.98772E-05
9.98508E-05 9.98508E-05 0.0818738 9.98508E-05 9.98508E-05 9.98508E-05 9.98508E-05 9.98508E-05 0.0695469 0.118137 0.0780617 9.98508E-05 9.98508E-05 9.98508E-05 9.98508E-05 9.98508E-05 0.433273 0.114552 9.98508E-05 9.98508E-05 9.98508E-05 9.98508E-05 0.102858 9.98508E-05
9.98771E-05 9.98771E-05 0.179716 9.98771E-05 9.98771E-05 0.0196924 0.0642523 9.98771E-05 0.0468147 9.98771E-05 0.0389797 0.0118585 9.98771E-05 9.98771E-05 9.98771E-05 0.0154451 0.428871 9.98771E-05 9.98771E-05 9.98771E-05 0.0600008 9.98771E-05 0.132971 9.98771E-05
9.98421E-05 9.98421E-05 9.98421E-05 0.0317516 9.98421E-05 0.017961 9.98421E-05 9.98421E-05 0.0340438 9.98421E-05 9.98421E-05 9.98421E-05 9.98421E-05 9.98421E-05 9.98421E-05 9.98421E-05 0.785009 9.98421E-05 0.011881 9.98421E-05 9.98421E-05 9.98421E-05 9.98421E-05 0.117556
9.98772E-05 9.98772E-05 9.98772E-05 0.00420957 9.98772E-05 9.98772E-05 9.98772E-05 9.98772E-05 0.00846826 0.0264889 0.0443292 9.98772E-05 0.0479969 9.98772E-05 9.98772E-05 9.98772E-05 0.55604 0.0546626 9.98772E-05 0.0687778 9.98772E-05 0.0924499 9.98772E-05 0.0951784
9.98422E-05 9.98422E-05 9.98422E-05 9.98422E-05 9.98422E-05 0.118351 0.0312688 9.98422E-05 0.0195916 9.98422E-05 0.017262 9.98422E-05 9.98422E-05 9.98422E-05 0.0152652 9.98422E-05 0.796465 9.98422E-05 9.98422E-05 9.98422E-05 9.98422E-05 9.98422E-05 9.98422E-05 9.98422E-05
9.98422E-05 9.98422E-05 9.98422E-05 0.0246902 9.98422E-05 9.98422E-05 9.98422E-05 0.129319 9.98422E-05 9.98422E-05 9.98422E-05 9.98422E-05 9.98422E-05 9.98422E-05 9.98422E-05 9.98422E-05 0.646753 0.0481029 0.102914 9.98422E-05 9.98422E-05 9.98422E-05 0.0464236 9.98422E-05
0.0668998 9.9851E-05 9.9851E-05 9.9851E-05 9.9851E-05 9.9851E-05 9.9851E-05 9.9851E-05 0.0198708 9.9851E-05 0.0534075 9.9851E-05 9.9851E-05 9.9851E-05 9.9851E-05 9.9851E-05 0.477257 9.9851E-05 0.0818219 9.9851E-05 0.134831 9.9851E-05 0.164214 9.9851E-05
9.98684E-05 9.98684E-05 0.199129 9.98684E-05 9.98684E-05 0.0974132 0.0328875 9.98684E-05 0.0120452 9.98684E-05 0.0498152 9.98684E-05 9.98684E-05 9.98684E-05 9.98684E-05 0.0133973 0.499197 9.98684E-05 9.98684E-05 9.98684E-05 9.98684E-05 0.0261687 0.0684484 9.98684E-05
9.98508E-05 9.98508E-05 9.98508E-05 9.98508E-05 9.98508E-05 0.0276645 9.98508E-05 9.98508E-05 0.0315605 9.98508E-05 0.0778401 9.98508E-05 9.98508E-05 9.98508E-05 9.98508E-05 9.98508E-05 0.616013 0.0200737 9.98508E-05 9.98508E-05 9.98508E-05 9.98508E-05 0.0630935 0.162057
9.98336E-05 9.98336E-05 9.98336E-05 9.98336E-05 9.98336E-05 9.98336E-05 9.98336E-05 9.98336E-05 9.98336E-05 9.98336E-05 0.133117 9.98336E-05 9.98336E-05 9.98336E-05 9.98336E-05 9.98336E-05 0.530315 9.98336E-05 9.98336E-05 9.98336E-05 9.98336E-05 0.05936 0.0304807 0.24483
9.98508E-05 0.00556076 9.98508E-05 9.98508E-05 9.98508E-05 0.069123 9.98508E-05 9.98508E-05 9.98508E-05 9.98508E-05 0.0400608 9.98508E-05 9.98508E-05 9.98508E-05 9.98508E-05 0.008691 0.798759 9.98508E-05 0.0403167 9.98508E-05 9.98508E-05 9.98508E-05 9.98508E-05 0.0357911
9.98684E-05 9.98684E-05 9.98684E-05 9.98684E-05 9.98684E-05 9.98684E-05 9.98684E-05 0.134082 0.0325969 0.170611 0.180156 9.98684E-05 9.98684E-05 9.98684E-05 9.98684E-05 9.98684E-05 0.280101 0.0365593 0.016459 9.98684E-05 9.98684E-05 0.0600933 0.0878422 9.98684E-05
9.98422E-05 9.98422E-05 9.98422E-05 0.0208769 9.98422E-05 0.0397805 9.98422E-05 9.98422E-05 9.98422E-05 9.98422E-05 0.392807 9.98422E-05 9.98422E-05 9.98422E-05 0.171538 9.98422E-05 0.218408 9.98422E-05 9.98422E-05 9.98422E-05 9.98422E-05 9.98422E-05 0.154793 9.98422E-05
9.98683E-05 9.98683E-05 9.98683E-05 0.0605469 9.98683E-05 0.00523079 9.98683E-05 0.0021436 9.98683E-05 9.98683E-05 0.0025035 9.98683E-05 9.98683E-05 9.98683E-05 0.0381023 0.0340639 0.733921 0.0684175 9.98683E-05 9.98683E-05 9.98683E-05 9.98683E-05 0.0535729 9.98683E-05
9.98422E-05 9.98422E-05 9.98422E-05 9.98422E-05 9.98422E-05 9.98422E-05 9.98422E-05 0.0191562 0.0083332 9.98422E-05 9.98422E-05 0.00612913 9.98422E-05 9.98422E-05 9.98422E-05 9.98422E-05 0.811205 0.0902951 9.98422E-05 9.98422E-05 9.98422E-05 9.98422E-05 0.0630844 9.98422E-05
9.98334E-05 9.98334E-05 9.98334E-05 9.98334E-05 0.022167 9.98334E-05 0.0349951 9.98334E-05 9.98334E-05 0.0148182 9.98334E-05 9.98334E-05 0.0561319 9.98334E-05 9.98334E-05 9.98334E-05 0.869991 9.98334E-05 9.98334E-05 9.98334E-05 9.98334E-05 9.98334E-05 9.98334E-05 9.98334E-05
9.98595E-05 9.98595E-05 9.98595E-05 9.98595E-05 9.98595E-05 9.98595E-05 9.98595E-05 9.98595E-05 0.0122894 0.0160555 0.16937 9.98595E-05 0.0410442 9.98595E-05 9.98595E-05 9.98595E-05 0.602817 0.0515009 9.98595E-05 9.98595E-05 9.98595E-05 9.98595E-05 0.0957527 0.00957221
0.0227362 9.98774E-05 9.98774E-05 9.98774E-05 9.98774E-05 0.0868818 0.0807547 0.0136013 0.0239748 9.98774E-05 0.0626391 0.0189363 9.98774E-05 0.00229871 9.98774E-05 9.98774E-05 0.671495 9.98774E-05 9.98774E-05 9.98774E-05 9.98774E-05 9.98774E-05 0.0152837 9.98774E-05
9.99034E-05 9.99034E-05 0.072768 9.99034E-05 0.0138475 9.99034E-05 9.99034E-05 0.0264963 0.127199 0.112165 0.0956269 9.99034E-05 9.99034E-05 9.99034E-05 0.0294165 0.00455908 0.253372 0.050188 9.99034E-05 9.99034E-05 9.99034E-05 0.0277677 0.178126 0.00736947
0.0205143 9.98422E-05 9.98422E-05 9.98422E-05 9.98422E-05 9.98422E-05 9.98422E-05 0.0100396 9.98422E-05 9.98422E-05 0.310689 9.98422E-05 9.98422E-05 9.98422E-05 9.98422E-05 9.98422E-05 0.448966 0.160498 9.98422E-05 9.98422E-05 9.98422E-05 0.0474963 9.98422E-05 9.98422E-05
9.98334E-05 9.98334E-05 9.98334E-05 9.98334E-05 9.98334E-05 9.98334E-05 9.98334E-05 0.00387812 9.98334E-05 9.98334E-05 9.98334E-05 0.103501 9.98334E-05 9.98334E-05 9.98334E-05 9.98334E-05 0.810281 9.98334E-05 0.025322 9.98334E-05 9.98334E-05 9.98334E-05 0.055122 9.98334E-05
0.0373067 9.98772E-05 9.98772E-05 0.0160914 0.118901 9.98772E-05 0.103756 9.98772E-05 0.0112538 9.98772E-05 0.0026306 0.0357395 9.98772E-05 9.98772E-05 9.98772E-05 9.98772E-05 0.592411 9.98772E-05 9.98772E-05 9.98772E-05 0.0102424 9.98772E-05 0.0702691 9.98772E-05
0.045638 9.98422E-05 9.98422E-05 9.98422E-05 9.98422E-05 0.0222101 9.98422E-05 9.98422E-05 9.98422E-05 0.0165474 9.98422E-05 9.98422E-05 9.98422E-05 9.98422E-05 9.98422E-05 9.98422E-05 0.761825 9.98422E-05 9.98422E-05 9.98422E-05 9.98422E-05 0.0338946 0.118088 9.98422E-05
0.00574888 9.9851E-05 0.147997 0.0342099 9.9851E-05 0.061527 9.9851E-05 9.9851E-05 0.00501021 0.0554892 9.9851E-05 9.9851E-05 9.9851E-05 9.9851E-05 9.9851E-05 9.9851E-05 0.68832 9.9851E-05 9.9851E-05 9.9851E-05 9.9851E-05 9.9851E-05 9.9851E-05 9.9851E-05
9.98685E-05 9.98685E-05 9.98685E-05 9.98685E-05 9.98685E-05 9.98685E-05 0.00346577 9.98685E-05 0.0403741 9.98685E-05 9.98685E-05 0.0498236 9.98685E-05 9.98685E-05 9.98685E-05 0.0705958 0.606531 9.98685E-05 0.00473488 0.0445872 9.98685E-05 9.98685E-05 0.134281 0.0441082
9.98422E-05 9.98422E-05 9.98422E-05 9.98422E-05 9.98422E-05 9.98422E-05 9.98422E-05 9.98422E-05 0.0182176 9.98422E-05 0.0378395 9.98422E-05 9.98422E-05 9.98422E-05 0.101141 9.98422E-05 0.74821 0.0267267 9.98422E-05 9.98422E-05 9.98422E-05 9.98422E-05 0.0660683 9.98422E-05
9.98333E-05 9.98333E-05 9.98333E-05 9.98333E-05 9.98333E-05 9.98333E-05 9.98333E-05 9.98333E-05 0.0299671 9.98333E-05 9.98333E-05 9.98333E-05 9.98333E-05 0.0193786 9.98333E-05 9.98333E-05 0.804694 0.0482433 9.98333E-05 9.98333E-05 9.98333E-05 9.98333E-05 9.98333E-05 0.0958202
9.98331E-05 9.98331E-05 9.98331E-05 9.98331E-05 9.98331E-05 9.98331E-05 9.98331E-05 0.0378395 9.98331E-05 0.773411 9.98331E-05 9.98331E-05 9.98331E-05 0.0608348 9.98331E-05 9.98331E-05 9.98331E-05 9.98331E-05 0.011755 9.98331E-05 9.98331E-05 9.98331E-05 0.114263 9.98331E-05
9.9816E-05 9.9816E-05 9.9816E-05 9.9816E-05 9.9816E-05 0.0178748 9.9816E-05 9.9816E-05 9.9816E-05 0.917705 9.9816E-05 9.9816E-05 9.9816E-05 9.9816E-05 9.9816E-05 9.9816E-05 9.9816E-05 9.9816E-05 9.9816E-05 9.9816E-05 9.9816E-05 0.0623245 9.9816E-05 9.9816E-05
9.98333E-05 9.98333E-05 9.98333E-05 9.98333E-05 0.00216019 9.98333E-05 9.98333E-05 9.98333E-05 0.00643001 0.882542 9.98333E-05 0.0800068 9.98333E-05 9.98333E-05 9.98333E-05 9.98333E-05 9.98333E-05 9.98333E-05 9.98333E-05 9.98333E-05 0.0269642 9.98333E-05 9.98333E-05 9.98333E-05
9.98509E-05 9.98509E-05 0.186237 9.98509E-05 9.98509E-05 9.98509E-05 0.00663429 0.109714 9.98509E-05 0.378006 9.98509E-05 0.0146975 9.98509E-05 9.98509E-05 9.98509E-05 9.98509E-05 9.98509E-05 9.98509E-05 0.280692 9.98509E-05 9.98509E-05 9.98509E-05 0.0223221 9.98509E-05
9.98506E-05 9.98506E-05 9.98506E-05 0.065845 9.98506E-05 0.00332806 9.98506E-05 0.0462111 9.98506E-05 0.735615 0.0891543 0.034453 9.98506E-05 9.98506E-05 9.98506E-05 9.98506E-05 9.98506E-05 9.98506E-05 9.98506E-05 9.98506E-05 9.98506E-05 9.98506E-05 0.0236967 9.98506E-05
9.9833E-05 9.9833E-05 9.9833E-05 9.9833E-05 9.9833E-05 9.9833E-05 9.9833E-05 0.0427985 9.9833E-05 0.724844 0.0776229 9.9833E-05 0.0285796 9.9833E-05 9.9833E-05 9.9833E-05 9.9833E-05 9.9833E-05 9.9833E-05 9.9833E-05 9.9833E-05 9.9833E-05 0.124258 9.9833E-05
9.98419E-05 9.98419E-05 9.98419E-05 9.98419E-05 9.98419E-05 9.98419E-05 9.98419E-05 9.98419E-05 0.00309744 0.63333 9.98419E-05 9.98419E-05 9.98419E-05 9.98419E-05 9.98419E-05 9.98419E-05 9.98419E-05 0.0615256 0.204961 0.0324278 9.98419E-05 9.98419E-05 0.0628607 9.98419E-05
9.98419E-05 9.98419E-05 0.074306 9.98419E-05 9.98419E-05 9.98419E-05 9.98419E-05 0.0310517 9.98419E-05 0.587569 9.98419E-05 0.12809 9.98419E-05 9.98419E-05 9.98419E-05 9.98419E-05 9.98419E-05 9.98419E-05 0.14269 9.98419E-05 9.98419E-05 9.98419E-05 0.0344954 9.98419E-05
9.98334E-05 0.00014997 9.98334E-05 9.98334E-05 9.98334E-05 9.98334E-05 9.98334E-05 9.98334E-05 9.98334E-05 0.908224 9.98334E-05 0.0033399 9.98334E-05 9.98334E-05 9.98334E-05 9.98334E-05 9.98334E-05 9.98334E-05 0.0467955 9.98334E-05 9.98334E-05 0.0395941 9.98334E-05 9.98334E-05
9.98244E-05 9.98244E-05 9.98244E-05 9.98244E-05 9.98244E-05 9.98244E-05 9.98244E-05 0.0146305 0.0420288 0.924591 9.98244E-05 9.98244E-05 9.98244E-05 9.98244E-05 9.98244E-05 9.98244E-05 9.98244E-05 0.0167529 9.98244E-05 9.98244E-05 9.98244E-05 9.98244E-05 9.98244E-05 9.98244E-05
9.98418E-05 9.98418E-05 9.98418E-05 9.98418E-05 9.98418E-05 9.98418E-05 9.98418E-05 0.0296738 0.139121 0.63502 9.98418E-05 9.98418E-05 9.98418E-05 9.98418E-05 0.0354402 0.00578067 9.98418E-05 9.98418E-05 9.98418E-05 9.98418E-05 9.98418E-05 9.98418E-05 0.153167 9.98418E-05
9.98595E-05 9.98595E-05 9.98595E-05 9.98595E-05 9.98595E-05 9.98595E-05 0.178148 9.98595E-05 0.0107355 0.511997 0.122227 9.98595E-05 0.042871 9.98595E-05 9.98595E-05 9.98595E-05 9.98595E-05 0.0348481 0.0546472 9.98595E-05 9.98595E-05 9.98595E-05 0.0429287 9.98595E-05
0.121244 9.98594E-05 0.122786 9.98594E-05 9.98594E-05 0.0103054 0.0381555 0.133292 0.0749376 0.43526 9.98594E-05 9.98594E-05 0.0624216 9.98594E-05 9.98594E-05 9.98594E-05 9.98594E-05 9.98594E-05 9.98594E-05 9.98594E-05 9.98594E-05 9.98594E-05 9.98594E-05 9.98594E-05
0.0316408 9.98507E-05 0.024624 9.98507E-05 9.98507E-05 9.98507E-05 0.00294304 9.98507E-05 9.98507E-05 0.568424 0.181531 9.98507E-05 9.98507E-05 9.98507E-05 9.98507E-05 9.98507E-05 9.98507E-05 9.98507E-05 0.0266468 9.98507E-05 9.98507E-05 9.98507E-05 0.162493 9.98507E-05
9.98161E-05 9.98161E-05 0.00396518 9.98161E-05 9.98161E-05 9.98161E-05 9.98161E-05 9.98161E-05 9.98161E-05 0.929985 9.98161E-05 9.98161E-05 9.98161E-05 9.98161E-05 9.98161E-05 9.98161E-05 9.98161E-05 9.98161E-05 9.98161E-05 9.98161E-05 9.98161E-05 9.98161E-05 9.98161E-05 0.0639537
9.98072E-05 9.98072E-05 9.98072E-05 9.98072E-05 9.98072E-05 9.98072E-05 9.98072E-05 9.98072E-05 9.98072E-05 0.975758 9.98072E-05 9.98072E-05 9.98072E-05 9.98072E-05 9.98072E-05 9.98072E-05 9.98072E-05 0.0220461 9.98072E-05 9.98072E-05 9.98072E-05 9.98072E-05 9.98072E-05 9.98072E-05
9.9833E-05 9.9833E-05 0.0538403 9.9833E-05 9.9833E-05 0.0612307 9.9833E-05 9.9833E-05 9.9833E-05 0.661915 9.9833E-05 0.00207509 9.9833E-05 0.219042 9.9833E-05 9.9833E-05 9.9833E-05 9.9833E-05 9.9833E-05 9.9833E-05 9.9833E-05 9.9833E-05 9.9833E-05 9.9833E-05
9.98507E-05 9.98507E-05 9.98507E-05 9.98507E-05 9.98507E-05 9.98507E-05 9.98507E-05 0.0328673 0.0870874 0.61408 0.0591496 9.98507E-05 0.0459703 9.98507E-05 9.98507E-05 0.0495546 9.98507E-05 0.109593 9.98507E-05 9.98507E-05 9.98507E-05 9.98507E-05 9.98507E-05 9.98507E-05
9.98332E-05 9.98332E-05 9.98332E-05 9.98332E-05 9.98332E-05 9.98332E-05 9.98332E-05 9.98332E-05 0.0342898 0.889502 9.98332E-05 0.0182671 9.98332E-05 9.98332E-05 9.98332E-05 9.98332E-05 9.98332E-05 0.0260578 9.98332E-05 9.98332E-05 9.98332E-05 9.98332E-05 0.0299869 9.98332E-05
9.98242E-05 9.98242E-05 9.98242E-05 9.98242E-05 0.0467921 9.98242E-05 9.98242E-05 9.98242E-05 9.98242E-05 0.658914 9.98242E-05 9.98242E-05 9.98242E-05 9.98242E-05 9.98242E-05 9.98242E-05 9.98242E-05 9.98242E-05 9.98242E-05 9.98242E-05 9.98242E-05 9.98242E-05 0.214516 0.0777811
9.98075E-05 9.98075E-05 9.98075E-05 9.98075E-05 9.98075E-05 9.98075E-05 9.98075E-05 9.98075E-05 9.98075E-05 0.96607 9.98075E-05 9.98075E-05 9.98075E-05 9.98075E-05 9.98075E-05 9.98075E-05 9.98075E-05 9.98075E-05 9.98075E-05 9.98075E-05 0.0317339 9.98075E-05 9.98075E-05 9.98075E-05
9.98243E-05 9.98243E-05 9.98243E-05 9.98243E-05 9.98243E-05 9.98243E-05 9.98243E-05 9.98243E-05 9.98243E-05 0.731708 0.229628 9.98243E-05 9.98243E-05 9.98243E-05 9.98243E-05 9.98243E-05 9.98243E-05 9.98243E-05 9.98243E-05 9.98243E-05 9.98243E-05 9.98243E-05 0.0347032 0.00196458
9.98247E-05 9.98247E-05 0.188771 9.98247E-05 9.98247E-05 9.98247E-05 9.98247E-05 9.98247E-05 9.98247E-05 0.751921 0.0055772 9.98247E-05 9.98247E-05 9.98247E-05 9.98247E-05 9.98247E-05 9.98247E-05 9.98247E-05 0.0517346 9.98247E-05 9.98247E-05 9.98247E-05 9.98247E-05 9.98247E-05
9.98508E-05 9.98508E-05 0.00228744 9.98508E-05 9.98508E-05 0.111591 9.98508E-05 0.0233579 9.98508E-05 0.696485 9.98508E-05 9.98508E-05 9.98508E-05 0.0666258 9.98508E-05 0.0899911 9.98508E-05 9.98508E-05 9.98508E-05 9.98508E-05 9.98508E-05 9.98508E-05 0.00796476 9.98508E-05
9.98156E-05 9.98156E-05 9.98156E-05 9.98156E-05 9.98156E-05 9.98156E-05 9.98156E-05 9.98156E-05 0.0898077 0.797063 9.98156E-05 9.98156E-05 0.111033 9.98156E-05 9.98156E-05 9.98156E-05 9.98156E-05 9.98156E-05 9.98156E-05 9.98156E-05 9.98156E-05 9.98156E-05 9.98156E-05 9.98156E-05
9.98075E-05 9.98075E-05 9.98075E-05 0.0187312 9.98075E-05 9.98075E-05 9.98075E-05 9.98075E-05 9.98075E-05 0.979073 9.98075E-05 9.98075E-05 9.98075E-05 9.98075E-05 9.98075E-05 9.98075E-05 9.98075E-05 9.98075E-05 9.98075E-05 9.98075E-05 9.98075E-05 9.98075E-05 9.98075E-05 9.98075E-05
9.98071E-05 9.98071E-05 9.98071E-05 9.98071E-05 9.98071E-05 9.98071E-05 9.98071E-05 9.98071E-05 9.98071E-05 0.924159 9.98071E-05 9.98071E-05 9.98071E-05 9.98071E-05 9.98071E-05 9.98071E-05 9.98071E-05 9.98071E-05 9.98071E-05 9.98071E-05 0.0736449 9.98071E-05 9.98071E-05 9.98071E-05
9.97985E-05 9.97985E-05 9.97985E-05 9.97985E-05 9.97985E-05 9.97985E-05 9.97985E-05 9.97985E-05 9.97985E-05 0.997705 9.97985E-05 9.97985E-05 9.97985E-05 9.97985E-05 9.97985E-05 9.97985E-05 9.97985E-05 9.97985E-05 9.97985E-05 9.97985E-05 9.97985E-05 9.97985E-05 9.97985E-05 9.97985E-05
9.9807E-05 9.9807E-05 9.9807E-05 9.9807E-05 9.9807E-05 9.9807E-05 9.9807E-05 9.9807E-05 9.9807E-05 0.933505 9.9807E-05 0.0642993 9.9807E-05 9.9807E-05 9.9807E-05 9.9807E-05 9.9807E-05 9.9807E-05 9.9807E-05 9.9807E-05 9.9807E-05 9.9807E-05 9.9807E-05 9.9807E-05
9.98424E-05 0.0112233 9.98424E-05 9.98424E-05 9.98424E-05 9.98424E-05 9.98424E-05 0.0442649 9.98424E-05 0.616848 9.98424E-05 9.98424E-05 9.98424E-05 9.98424E-05 9.98424E-05 9.98424E-05 9.98424E-05 9.98424E-05 9.98424E-05 9.98424E-05 0.166989 9.98424E-05 0.0938636 0.0650142
9.98159E-05 9.98159E-05 0.749403 9.98159E-05 9.98159E-05 9.98159E-05 9.98159E-05 0.102349 9.98159E-05 9.98159E-05 9.98159E-05 9.98159E-05 9.98159E-05 9.98159E-05 9.98159E-05 9.98159E-05 9.98159E-05 9.98159E-05 9.98159E-05 9.98159E-05 9.98159E-05 9.98159E-05 0.146153 9.98159E-05
9.98247E-05 9.98247E-05 0.390455 9.98247E-05 9.98247E-05 9.98247E-05 9.98247E-05 0.0110502 9.98247E-05 9.98247E-05 9.98247E-05 9.98247E-05 9.98247E-05 9.98247E-05 9.98247E-05 9.98247E-05 9.98247E-05 9.98247E-05 9.98247E-05 9.98247E-05 0.551667 9.98247E-05 0.0448313 9.98247E-05
9.98158E-05 9.98158E-05 0.88351 9.98158E-05 9.98158E-05 9.98158E-05 9.98158E-05 9.98158E-05 9.98158E-05 9.98158E-05 9.98158E-05 9.98158E-05 9.98158E-05 9.98158E-05 9.98158E-05 0.0231561 9.98158E-05 9.98158E-05 9.98158E-05 9.98158E-05 9.98158E-05 9.98158E-05 0.0912374 9.98158E-05
9.98331E-05 9.98331E-05 0.778244 9.98331E-05 9.98331E-05 9.98331E-05 9.98331E-05 0.0393968 0.00565232 9.98331E-05 9.98331E-05 0.0293289 9.98331E-05 9.98331E-05 9.98331E-05 9.98331E-05 9.98331E-05 9.98331E-05 9.98331E-05 9.98331E-05 9.98331E-05 9.98331E-05 0.145481 9.98331E-05
9.98594E-05 9.98594E-05 0.890531 9.98594E-05 9.98594E-05 9.98594E-05 9.98594E-05 0.0110277 9.98594E-05 9.98594E-05 9.98594E-05 9.98594E-05 0.0336126 0.0312263 9.98594E-05 0.0149902 9.98594E-05 0.0020796 9.98594E-05 9.98594E-05 9.98594E-05 0.00876315 0.00617163 9.98594E-05
9.98509E-05 0.0502715 0.661893 9.98509E-05 9.98509E-05 9.98509E-05 9.98509E-05 0.100966 9.98509E-05 9.98509E-05 9.98509E-05 9.98509E-05 9.98509E-05 9.98509E-05 0.0365531 9.98509E-05 9.98509E-05 0.0203693 0.0236647 9.98509E-05 9.98509E-05 9.98509E-05 0.104585 9.98509E-05
9.98422E-05 9.98422E-05 0.743838 9.98422E-05 9.98422E-05 9.98422E-05 9.98422E-05 0.0623566 9.98422E-05 9.98422E-05 0.0254798 0.0560588 0.0195745 9.98422E-05 9.98422E-05 9.98422E-05 9.98422E-05 9.98422E-05 9.98422E-05 9.98422E-05 9.98422E-05 9.98422E-05 0.090895 9.98422E-05
9.98069E-05 9.98069E-05 0.802772 9.98069E-05 9.98069E-05 9.98069E-05 9.98069E-05 0.195032 9.98069E-05 9.98069E-05 9.98069E-05 9.98069E-05 9.98069E-05 9.98069E-05 9.98069E-05 9.98069E-05 9.98069E-05 9.98069E-05 9.98069E-05 9.98069E-05 9.98069E-05 9.98069E-05 9.98069E-05 9.98069E-05
9.98506E-05 9.98506E-05 0.305067 9.98506E-05 9.98506E-05 9.98506E-05 0.0114638 0.229011 0.0576359 9.98506E-05 9.98506E-05 9.98506E-05 9.98506E-05 9.98506E-05 9.98506E-05 9.98506E-05 9.98506E-05 9.98506E-05 0.28377 9.98506E-05 9.98506E-05 9.98506E-05 0.0310716 0.0802827
9.98246E-05 9.98246E-05 0.525675 9.98246E-05 9.98246E-05 9.98246E-05 9.98246E-05 0.145596 9.98246E-05 9.98246E-05 9.98246E-05 9.98246E-05 9.98246E-05 9.98246E-05 0.0286245 9.98246E-05 9.98246E-05 9.98246E-05 9.98246E-05 9.98246E-05 9.98246E-05 9.98246E-05 0.298109 9.98246E-05
9.98247E-05 0.436686 0.400497 9.98247E-05 9.98247E-05 9.98247E-05 9.98247E-05 9.98247E-05 0.0069427 9.98247E-05 9.98247E-05 9.98247E-05 9.98247E-05 9.98247E-05 9.98247E-05 9.98247E-05 9.98247E-05 9.98247E-05 0.153878 9.98247E-05 9.98247E-05 9.98247E-05 9.98247E-05 9.98247E-05
9.98244E-05 0.0780508 0.715809 9.98244E-05 9.98244E-05 9.98244E-05 9.98244E-05 9.98244E-05 0.0381582 9.98244E-05 9.98244E-05 9.98244E-05 9.98244E-05 9.98244E-05 9.98244E-05 9.98244E-05 9.98244E-05 9.98244E-05 0.165986 9.98244E-05 9.98244E-05 9.98244E-05 9.98244E-05 9.98244E-05
9.98335E-05 0.112971 0.732131 9.98335E-05 9.98335E-05 9.98335E-05 9.98335E-05 0.0319693 9.98335E-05 9.98335E-05 9.98335E-05 9.98335E-05 0.0244995 9.98335E-05 0.0965323 9.98335E-05 9.98335E-05 9.98335E-05 9.98335E-05 9.98335E-05 9.98335E-05 9.98335E-05 9.98335E-05 9.98335E-05
9.98335E-05 0.0955176 0.549936 9.98335E-05 9.98335E-05 9.98335E-05 9.98335E-05 0.148075 9.98335E-05 9.98335E-05 9.98335E-05 9.98335E-05 9.98335E-05 9.98335E-05 0.00125968 9.98335E-05 9.98335E-05 9.98335E-05 9.98335E-05 9.98335E-05 9.98335E-05 9.98335E-05 0.203315 9.98335E-05
9.98597E-05 0.0898518 0.551099 9.98597E-05 9.98597E-05 9.98597E-05 9.98597E-05 0.0655474 9.98597E-05 9.98597E-05 9.98597E-05 0.121708 0.0323506 9.98597E-05 0.0502389 0.043251 9.98597E-05 9.98597E-05 9.98597E-05 9.98597E-05 0.0443559 9.98597E-05 9.98597E-05 9.98597E-05
9.98508E-05 9.98508E-05 0.458402 9.98508E-05 0.0182383 9.98508E-05 9.98508E-05 0.0634848 9.98508E-05 9.98508E-05 9.98508E-05 9.98508E-05 9.98508E-05 9.98508E-05 0.0478683 9.98508E-05 9.98508E-05 9.98508E-05 0.0774408 9.98508E-05 9.98508E-05 9.98508E-05 0.0963282 0.23654
9.98508E-05 0.0392293 0.671868 0.000519637 9.98508E-05 9.98508E-05 9.98508E-05 0.0184898 9.98508E-05 9.98508E-05 9.98508E-05 0.00195634 9.98508E-05 9.98508E-05 9.98508E-05 9.98508E-05 9.98508E-05 9.98508E-05 0.213189 9.98508E-05 9.98508E-05 9.98508E-05 0.0530507 9.98508E-05
9.98248E-05 9.98248E-05 0.720678 9.98248E-05 9.98248E-05 9.98248E-05 9.98248E-05 0.0678926 9.98248E-05 9.98248E-05 0.0305166 9.98248E-05 9.98248E-05 9.98248E-05 0.178917 9.98248E-05 9.98248E-05 9.98248E-05 9.98248E-05 9.98248E-05 9.98248E-05 9.98248E-05 9.98248E-05 9.98248E-05
9.9816E-05 9.9816E-05 0.96661 9.9816E-05 9.9816E-05 9.9816E-05 9.9816E-05 0.0119009 9.9816E-05 9.9816E-05 9.9816E-05 9.9816E-05 9.9816E-05 9.9816E-05 9.9816E-05 9.9816E-05 9.9816E-05 9.9816E-05 0.0193928 9.9816E-05 9.9816E-05 9.9816E-05 9.9816E-05 9.9816E-05
9.9842E-05 9.9842E-05 0.400593 0.119493 9.9842E-05 9.9842E-05 9.9842E-05 9.9842E-05 9.9842E-05 9.9842E-05 9.9842E-05 9.9842E-05 9.9842E-05 9.9842E-05 9.9842E-05 9.9842E-05 9.9842E-05 9.9842E-05 9.9842E-05 0.010164 0.149781 9.9842E-05 0.148558 0.169613
0.0387429 0.0350926 0.6006 9.98597E-05 9.98597E-05 9.98597E-05 9.98597E-05 0.0581162 9.98597E-05 9.98597E-05 9.98597E-05 9.98597E-05 9.98597E-05 9.98597E-05 0.0370397 0.100134 9.98597E-05 9.98597E-05 0.0747894 9.98597E-05 9.98597E-05 9.98597E-05 0.0538873 9.98597E-05
9.98158E-05 9.98158E-05 0.947987 9.98158E-05 9.98158E-05 9.98158E-05 9.98158E-05 0.0195909 9.98158E-05 9.98158E-05 9.98158E-05 9.98158E-05 0.0303262 9.98158E-05 9.98158E-05 9.98158E-05 9.98158E-05 9.98158E-05 9.98158E-05 9.98158E-05 9.98158E-05 9.98158E-05 9.98158E-05 9.98158E-05
9.98421E-05 9.98421E-05 0.520585 0.0264973 9.98421E-05 9.98421E-05 9.98421E-05 0.229384 9.98421E-05 9.98421E-05 9.98421E-05 9.98421E-05 9.98421E-05 9.98421E-05 9.98421E-05 9.98421E-05 9.98421E-05 9.98421E-05 0.0615955 0.00986545 9.98421E-05 9.98421E-05 0.150275 9.98421E-05
0.0219911 0.110284 0.629597 9.98423E-05 9.98423E-05 9.98423E-05 9.98423E-05 0.155186 9.98423E-05 9.98423E-05 9.98423E-05 9.98423E-05 9.98423E-05 9.98423E-05 9.98423E-05 9.98423E-05 9.98423E-05 9.98423E-05 9.98423E-05 9.98423E-05 0.0657746 9.98423E-05 0.0153708 9.98423E-05
9.98332E-05 9.98332E-05 0.487828 0.121426 9.98332E-05 9.98332E-05 9.98332E-05 0.186144 9.98332E-05 9.98332E-05 9.98332E-05 9.98332E-05 9.98332E-05 9.98332E-05 9.98332E-05 9.98332E-05 9.98332E-05 9.98332E-05 0.0594943 9.98332E-05 9.98332E-05 9.98332E-05 0.143211 9.98332E-05
9.98685E-05 0.329013 0.302964 9.98685E-05 9.98685E-05 9.98685E-05 9.98685E-05 0.138962 9.98685E-05 0.0513962 0.0117388 9.98685E-05 0.0029322 9.98685E-05 9.98685E-05 9.98685E-05 9.98685E-05 0.000504708 0.0138637 9.98685E-05 9.98685E-05 9.98685E-05 0.147127 9.98685E-05
9.9842E-05 9.9842E-05 9.9842E-05 0.00515123 9.9842E-05 9.9842E-05 9.9842E-05 9.9842E-05 9.9842E-05 9.9842E-05 9.9842E-05 9.9842E-05 9.9842E-05 0.0332502 9.9842E-05 0.0468269 9.9842E-05 9.9842E-05 9.9842E-05 9.9842E-05 0.783997 0.0710355 0.0579419 9.9842E-05
9.9833E-05 9.9833E-05 0.769197 9.9833E-05 9.9833E-05 0.025474 9.9833E-05 0.116685 9.9833E-05 9.9833E-05 9.9833E-05 9.9833E-05 9.9833E-05 9.9833E-05 9.9833E-05 9.9833E-05 9.9833E-05 0.0818273 9.9833E-05 9.9833E-05 9.9833E-05 9.9833E-05 0.00492045 9.9833E-05
9.98248E-05 9.98248E-05 0.558522 9.98248E-05 9.98248E-05 9.98248E-05 9.98248E-05 0.214496 9.98248E-05 9.98248E-05 9.98248E-05 9.98248E-05 9.98248E-05 9.98248E-05 9.98248E-05 9.98248E-05 9.98248E-05 9.98248E-05 0.0397788 9.98248E-05 9.98248E-05 9.98248E-05 0.185207 9.98248E-05
9.98423E-05 9.98423E-05 0.647981 9.98423E-05 9.98423E-05 9.98423E-05 9.98423E-05 9.98423E-05 0.0805108 9.98423E-05 9.98423E-05 0.0491243 9.98423E-05 9.98423E-05 9.98423E-05 9.98423E-05 9.98423E-05 9.98423E-05 0.0102453 9.98423E-05 0.0837148 9.98423E-05 0.126626 9.98423E-05
9.98422E-05 0.0593625 0.698364 9.98422E-05 9.98422E-05 9.98422E-05 9.98422E-05 0.0190362 0.0294114 9.98422E-05 9.98422E-05 9.98422E-05 9.98422E-05 9.98422E-05 9.98422E-05 9.98422E-05 9.98422E-05 9.98422E-05 9.98422E-05 0.00910567 9.98422E-05 9.98422E-05 0.182923 9.98422E-05
9.98334E-05 9.98334E-05 0.91762 9.98334E-05 0.0651778 9.98334E-05 9.98334E-05 9.98334E-05 0.00190099 9.98334E-05 9.98334E-05 9.98334E-05 0.00419696 9.98334E-05 9.98334E-05 9.98334E-05 9.98334E-05 0.00920724 9.98334E-05 9.98334E-05 9.98334E-05 9.98334E-05 9.98334E-05 9.98334E-05
0.0626701 9.98332E-05 0.412077 0.134375 9.98332E-05 9.98332E-05 9.98332E-05 0.259143 9.98332E-05 9.98332E-05 9.98332E-05 9.98332E-05 9.98332E-05 9.98332E-05 9.98332E-05 9.98332E-05 9.98332E-05 9.98332E-05 9.98332E-05 9.98332E-05 9.98332E-05 9.98332E-05 0.129838 9.98332E-05
9.98156E-05 9.98156E-05 0.781709 9.98156E-05 9.98156E-05 9.98156E-05 9.98156E-05 9.98156E-05 9.98156E-05 9.98156E-05 0.0929834 9.98156E-05 9.98156E-05 9.98156E-05 9.98156E-05 9.98156E-05 9.98156E-05 9.98156E-05 9.98156E-05 9.98156E-05 9.98156E-05 9.98156E-05 0.123212 9.98156E-05
9.98246E-05 9.98246E-05 0.823856 9.98246E-05 9.98246E-05 9.98246E-05 9.98246E-05 9.98246E-05 9.98246E-05 9.98246E-05 9.98246E-05 9.98246E-05 9.98246E-05 9.98246E-05 9.98246E-05 9.98246E-05 9.98246E-05 0.106213 9.98246E-05 9.98246E-05 0.0631202 9.98246E-05 0.00481426 9.98246E-05
9.98508E-05 0.147405 0.546385 9.98508E-05 9.98508E-05 9.98508E-05 9.98508E-05 0.0378275 0.0298859 9.98508E-05 9.98508E-05 9.98508E-05 0.0113438 9.98508E-05 0.109674 9.98508E-05 9.98508E-05 9.98508E-05 9.98508E-05 9.98508E-05 9.98508E-05 9.98508E-05 9.98508E-05 0.115781
9.98244E-05 9.98244E-05 0.672412 9.98244E-05 9.98244E-05 9.98244E-05 9.98244E-05 0.0482446 9.98244E-05 9.98244E-05 9.98244E-05 9.98244E-05 0.0278305 9.98244E-05 9.98244E-05 9.98244E-05 9.98244E-05 9.98244E-05 9.98244E-05 9.98244E-05 9.98244E-05 9.98244E-05 0.249516 9.98244E-05
9.98332E-05 0.715899 0.209717 9.98332E-05 9.98332E-05 9.98332E-05 9.98332E-05 9.98332E-05 9.98332E-05 9.98332E-05 9.98332E-05 9.98332E-05 9.98332E-05 0.00814544 0.0598286 9.98332E-05 9.98332E-05 0.00451355 9.98332E-05 9.98332E-05 9.98332E-05 9.98332E-05 9.98332E-05 9.98332E-05
9.98509E-05 0.353014 0.517484 9.98509E-05 9.98509E-05 9.98509E-05 9.98509E-05 0.0126234 0.0207601 9.98509E-05 9.98509E-05 0.00706873 0.0501194 9.98509E-05 9.98509E-05 9.98509E-05 9.98509E-05 9.98509E-05 9.98509E-05 9.98509E-05 9.98509E-05 9.98509E-05 0.0372324 9.98509E-05
9.98158E-05 9.98158E-05 0.513958 9.98158E-05 9.98158E-05 9.98158E-05 9.98158E-05 9.98158E-05 9.98158E-05 9.98158E-05 9.98158E-05 9.98158E-05 9.98158E-05 9.98158E-05 9.98158E-05 9.98158E-05 9.98158E-05 0.0155488 9.98158E-05 9.98158E-05 0.468397 9.98158E-05 9.98158E-05 9.98158E-05
9.98247E-05 0.60971 0.351463 0.0195087 9.98247E-05 9.98247E-05 9.98247E-05 9.98247E-05 9.98247E-05 9.98247E-05 9.98247E-05 9.98247E-05 9.98247E-05 9.98247E-05 9.98247E-05 9.98247E-05 9.98247E-05 0.0173214 9.98247E-05 9.98247E-05 9.98247E-05 9.98247E-05 9.98247E-05 9.98247E-05
9.98332E-05 9.98332E-05 0.508998 9.98332E-05 9.98332E-05 9.98332E-05 9.98332E-05 0.0536499 9.98332E-05 9.98332E-05 9.98332E-05 9.98332E-05 9.98332E-05 9.98332E-05 9.98332E-05 0.0373296 9.98332E-05 9.98332E-05 0.146463 9.98332E-05 9.98332E-05 9.98332E-05 0.251663 9.98332E-05
9.98246E-05 9.98246E-05 0.703863 0.0503195 9.98246E-05 9.98246E-05 9.98246E-05 0.130999 9.98246E-05 9.98246E-05 9.98246E-05 9.98246E-05 9.98246E-05 9.98246E-05 9.98246E-05 9.98246E-05 9.98246E-05 9.98246E-05 9.98246E-05 9.98246E-05 9.98246E-05 9.98246E-05 9.98246E-05 0.112822
9.98421E-05 0.676862 0.0788507 0.0457746 9.98421E-05 9.98421E-05 9.98421E-05 0.0475914 9.98421E-05 9.98421E-05 9.98421E-05 9.98421E-05 9.98421E-05 9.98421E-05 9.98421E-05 9.98421E-05 9.98421E-05 9.98421E-05 9.98421E-05 9.98421E-05 9.98421E-05 9.98421E-05 0.100659 0.0484658
9.98246E-05 0.383056 0.431818 9.98246E-05 9.98246E-05 9.98246E-05 9.98246E-05 9.98246E-05 9.98246E-05 9.98246E-05 9.98246E-05 9.98246E-05 9.98246E-05 9.98246E-05 9.98246E-05 9.98246E-05 9.98246E-05 9.98246E-05 9.98246E-05 9.98246E-05 0.10986 9.98246E-05 0.0732699 9.98246E-05
9.9842E-05 9.9842E-05 0.444628 0.136226 9.9842E-05 9.9842E-05 9.9842E-05 0.119816 9.9842E-05 9.9842E-05 9.9842E-05 9.9842E-05 9.9842E-05 0.022473 9.9842E-05 9.9842E-05 9.9842E-05 9.9842E-05 0.225365 9.9842E-05 9.9842E-05 9.9842E-05 0.0496943 9.9842E-05
9.98597E-05 9.98597E-05 0.580569 9.98597E-05 9.98597E-05 9.98597E-05 9.98597E-05 0.0996151 0.00189425 0.191535 9.98597E-05 9.98597E-05 0.0562783 9.98597E-05 9.98597E-05 9.98597E-05 9.98597E-05 9.98597E-05 9.98597E-05 9.98597E-05 0.00516757 9.98597E-05 0.0310646 0.0322781
9.98685E-05 9.98685E-05 0.349902 9.98685E-05 0.0483603 9.98685E-05 9.98685E-05 0.123016 9.98685E-05 9.98685E-05 0.0774845 9.98685E-05 0.095732 9.98685E-05 9.98685E-05 9.98685E-05 9.98685E-05 9.98685E-05 0.0878856 9.98685E-05 0.12607 0.0806943 0.00935814 9.98685E-05
9.98597E-05 9.98597E-05 0.390803 9.98597E-05 9.98597E-05 9.98597E-05 9.98597E-05 0.232936 9.98597E-05 0.0548472 0.0512385 0.0120067 9.98597E-05 9.98597E-05 9.98597E-05 9.98597E-05 9.98597E-05 9.98597E-05 9.98597E-05 0.0774961 9.98597E-05 9.98597E-05 0.172579 0.00649565
9.98071E-05 0.673851 0.323953 9.98071E-05 9.98071E-05 9.98071E-05 9.98071E-05 9.98071E-05 9.98071E-05 9.98071E-05 9.98071E-05 9.98071E-05 9.98071E-05 9.98071E-05 9.98071E-05 9.98071E-05 9.98071E-05 9.98071E-05 9.98071E-05 9.98071E-05 9.98071E-05 9.98071E-05 9.98071E-05 9.98071E-05
9.98331E-05 9.98331E-05 0.721194 9.98331E-05 9.98331E-05 9.98331E-05 0.0459297 9.98331E-05 9.98331E-05 9.98331E-05 9.98331E-05 9.98331E-05 9.98331E-05 9.98331E-05 0.06533 9.98331E-05 9.98331E-05 0.0494055 9.98331E-05 9.98331E-05 9.98331E-05 9.98331E-05 0.116244 9.98331E-05
9.98333E-05 9.98333E-05 0.132776 9.98333E-05 9.98333E-05 9.98333E-05 9.98333E-05 0.112364 9.98333E-05 9.98333E-05 9.98333E-05 9.98333E-05 9.98333E-05 0.00228222 9.98333E-05 9.98333E-05 9.98333E-05 9.98333E-05 0.0267591 9.98333E-05 0.723923 9.98333E-05 9.98333E-05 9.98333E-05
9.98509E-05 0.218173 0.446202 9.98509E-05 9.98509E-05 9.98509E-05 9.98509E-05 0.111374 9.98509E-05 9.98509E-05 9.98509E-05 9.98509E-05 0.00451221 9.98509E-05 9.98509E-05 9.98509E-05 9.98509E-05 9.98509E-05 9.98509E-05 9.98509E-05 0.0585368 9.98509E-05 0.124211 0.0352935
9.98158E-05 9.98158E-05 0.933051 9.98158E-05 9.98158E-05 9.98158E-05 9.98158E-05 0.0128904 9.98158E-05 9.98158E-05 9.98158E-05 9.98158E-05 9.98158E-05 9.98158E-05 0.0519629 9.98158E-05 9.98158E-05 9.98158E-05 9.98158E-05 9.98158E-05 9.98158E-05 9.98158E-05 9.98158E-05 9.98158E-05
9.98157E-05 9.98157E-05 0.856682 9.98157E-05 9.98157E-05 9.98157E-05 9.98157E-05 9.98157E-05 0.0466385 9.98157E-05 9.98157E-05 9.98157E-05 9.98157E-05 9.98157E-05 9.98157E-05 9.98157E-05 9.98157E-05 0.0945829 9.98157E-05 9.98157E-05 9.98157E-05 9.98157E-05 9.98157E-05 9.98157E-05
9.98244E-05 9.98244E-05 0.513287 9.98244E-05 9.98244E-05 9.98244E-05 9.98244E-05 0.192551 9.98244E-05 9.98244E-05 9.98244E-05 9.98244E-05 9.98244E-05 9.98244E-05 9.98244E-05 9.98244E-05 9.98244E-05 9.98244E-05 0.155912 9.98244E-05 9.98244E-05 9.98244E-05 0.136253 9.98244E-05
9.98156E-05 9.98156E-05 0.789399 9.98156E-05 9.98156E-05 9.98156E-05 9.98156E-05 0.105864 9.98156E-05 9.98156E-05 9.98156E-05 9.98156E-05 9.98156E-05 9.98156E-05 9.98156E-05 9.98156E-05 9.98156E-05 9.98156E-05 9.98156E-05 9.98156E-05 9.98156E-05 9.98156E-05 0.102641 9.98156E-05
9.98157E-05 9.98157E-05 0.937245 9.98157E-05 0.0443334 9.98157E-05 9.98157E-05 0.0163259 9.98157E-05 9.98157E-05 9.98157E-05 9.98157E-05 9.98157E-05 9.98157E-05 9.98157E-05 9.98157E-05 9.98157E-05 9.98157E-05 9.98157E-05 9.98157E-05 9.98157E-05 9.98157E-05 9.98157E-05 9.98157E-05
