0.340207 9.98684E-05 9.98684E-05 0.0132253 9.98684E-05 0.0552903 9.98684E-05 0.105748 9.98684E-05 9.98684E-05 0.0208784 0.0305932 9.98684E-05 9.98684E-05 9.98684E-05 9.98684E-05 0.00879196 9.98684E-05 0.152131 9.98684E-05 0.0754295 0.0188199 9.98684E-05 9.98684E-05 0.177386 9.98684E-05
9.9807E-05 9.9807E-05 9.9807E-05 9.9807E-05 9.9807E-05 9.9807E-05 9.9807E-05 0.00916596 9.9807E-05 9.9807E-05 9.9807E-05 0.809986 9.9807E-05 9.9807E-05 9.9807E-05 9.9807E-05 9.9807E-05 9.9807E-05 9.9807E-05 9.9807E-05 0.105413 9.9807E-05 9.9807E-05 9.9807E-05 0.0732396 9.9807E-05
0.940365 9.98158E-05 9.98158E-05 9.98158E-05 9.98158E-05 9.98158E-05 0.0129034 9.98158E-05 0.024611 9.98158E-05 9.98158E-05 9.98158E-05 9.98158E-05 9.98158E-05 9.98158E-05 0.00258004 9.98158E-05 9.98158E-05 9.98158E-05 0.0174442 9.98158E-05 9.98158E-05 9.98158E-05 9.98158E-05 9.98158E-05 9.98158E-05
9.98859E-05 0.0246406 9.98859E-05 9.98859E-05 0.0202622 0.00407841 0.139454 0.0590458 0.0116781 9.98859E-05 0.0713366 0.290196 0.0153056 9.98859E-05 0.228558 9.98859E-05 0.00418317 9.98859E-05 0.117887 0.0120754 9.98859E-05 9.98859E-05 9.98859E-05 9.98859E-05 9.98859E-05 9.98859E-05
0.225686 0.0248033 9.98246E-05 9.98246E-05 9.98246E-05 9.98246E-05 9.98246E-05 9.98246E-05 0.114818 0.0331495 9.98246E-05 0.568966 0.0305808 9.98246E-05 9.98246E-05 9.98246E-05 9.98246E-05 9.98246E-05 9.98246E-05 9.98246E-05 9.98246E-05 9.98246E-05 9.98246E-05 9.98246E-05 9.98246E-05 9.98246E-05
0.117513 9.98422E-05 9.98422E-05 0.115093 0.246264 9.98422E-05 9.98422E-05 0.0188541 9.98422E-05 9.98422E-05 9.98422E-05 0.134741 0.139354 9.98422E-05 9.98422E-05 9.98422E-05 9.98422E-05 9.98422E-05 9.98422E-05 0.0714637 9.98422E-05 9.98422E-05 9.98422E-05 9.98422E-05 0.154921 9.98422E-05
9.98773E-05 0.0582046 9.98773E-05 9.98773E-05 0.00401738 0.0671765 9.98773E-05 0.0249577 9.98773E-05 0.0242914 9.98773E-05 0.37105 0.0561036 9.98773E-05 0.0401266 9.98773E-05 9.98773E-05 9.98773E-05 0.0605713 9.98773E-05 0.117354 0.107085 9.98773E-05 0.0676641 9.98773E-05 9.98773E-05
9.98509E-05 0.0502114 9.98509E-05 0.112778 0.126747 9.98509E-05 9.98509E-05 9.98509E-05 9.98509E-05 9.98509E-05 9.98509E-05 0.297236 0.0582944 9.98509E-05 9.98509E-05 9.98509E-05 9.98509E-05 0.0786496 0.150467 0.0331695 9.98509E-05 9.98509E-05 9.98509E-05 0.0907497 9.98509E-05 9.98509E-05
0.219412 0.0519292 9.98421E-05 0.198515 0.0325558 0.179183 9.98421E-05 9.98421E-05 9.98421E-05 9.98421E-05 9.98421E-05 0.0859942 9.98421E-05 9.98421E-05 9.98421E-05 9.98421E-05 0.220889 9.98421E-05 9.98421E-05 0.00972492 9.98421E-05 9.98421E-05 9.98421E-05 9.98421E-05 9.98421E-05 9.98421E-05
0.958295 9.97894E-05 9.97894E-05 9.97894E-05 9.97894E-05 9.97894E-05 9.97894E-05 9.97894E-05 9.97894E-05 9.97894E-05 9.97894E-05 9.97894E-05 9.97894E-05 9.97894E-05 9.97894E-05 9.97894E-05 0.0393096 9.97894E-05 9.97894E-05 9.97894E-05 9.97894E-05 9.97894E-05 9.97894E-05 9.97894E-05 9.97894E-05 9.97894E-05
9.98246E-05 9.98246E-05 9.98246E-05 9.98246E-05 9.98246E-05 9.98246E-05 0.0595143 0.106857 9.98246E-05 9.98246E-05 9.98246E-05 0.617532 9.98246E-05 9.98246E-05 9.98246E-05 9.98246E-05 0.152613 9.98246E-05 0.0308461 9.98246E-05 9.98246E-05 9.98246E-05 9.98246E-05 9.98246E-05 0.0306408 9.98246E-05
0.895412 0.0290157 9.98334E-05 9.98334E-05 0.0154663 0.0195575 9.98334E-05 0.00635459 9.98334E-05 9.98334E-05 9.98334E-05 9.98334E-05 9.98334E-05 9.98334E-05 9.98334E-05 9.98334E-05 9.98334E-05 9.98334E-05 9.98334E-05 9.98334E-05 9.98334E-05 0.0219446 9.98334E-05 0.0103523 9.98334E-05 9.98334E-05
0.79341 9.98159E-05 9.98159E-05 0.0239219 9.98159E-05 9.98159E-05 9.98159E-05 9.98159E-05 9.98159E-05 9.98159E-05 9.98159E-05 0.000860988 9.98159E-05 9.98159E-05 9.98159E-05 9.98159E-05 0.0623756 9.98159E-05 0.117335 9.98159E-05 9.98159E-05 9.98159E-05 9.98159E-05 9.98159E-05 9.98159E-05 9.98159E-05
9.98333E-05 9.98333E-05 9.98333E-05 9.98333E-05 9.98333E-05 9.98333E-05 0.0286528 0.0357019 9.98333E-05 9.98333E-05 9.98333E-05 0.789754 9.98333E-05 0.0143684 9.98333E-05 9.98333E-05 0.0619502 9.98333E-05 9.98333E-05 0.0298712 9.98333E-05 9.98333E-05 0.0378043 9.98333E-05 9.98333E-05 9.98333E-05
0.268583 9.98332E-05 9.98332E-05 0.127637 0.0498697 9.98332E-05 9.98332E-05 9.98332E-05 9.98332E-05 0.0913424 9.98332E-05 9.98332E-05 9.98332E-05 9.98332E-05 9.98332E-05 0.17476 0.118298 9.98332E-05 9.98332E-05 9.98332E-05 9.98332E-05 9.98332E-05 9.98332E-05 9.98332E-05 0.167613 9.98332E-05
9.98684E-05 0.0334473 9.98684E-05 0.166305 0.0387274 9.98684E-05 9.98684E-05 9.98684E-05 9.98684E-05 0.00524309 9.98684E-05 0.267137 9.98684E-05 9.98684E-05 0.011872 9.98684E-05 0.0631378 0.153475 9.98684E-05 0.0207106 9.98684E-05 9.98684E-05 9.98684E-05 0.163653 0.0747936 9.98684E-05
0.569951 9.98422E-05 0.145387 9.98422E-05 9.98422E-05 9.98422E-05 9.98422E-05 0.0360125 9.98422E-05 9.98422E-05 9.98422E-05 9.98422E-05 9.98422E-05 0.0463394 0.0499272 9.98422E-05 0.0407223 0.0563558 9.98422E-05 9.98422E-05 0.0535072 9.98422E-05 9.98422E-05 9.98422E-05 9.98422E-05 9.98422E-05
9.98421E-05 9.98421E-05 9.98421E-05 0.00992283 0.0687886 9.98421E-05 9.98421E-05 9.98421E-05 9.98421E-05 9.98421E-05 0.0748212 0.294015 9.98421E-05 9.98421E-05 9.98421E-05 9.98421E-05 0.115447 9.98421E-05 0.151705 9.98421E-05 9.98421E-05 9.98421E-05 9.98421E-05 9.98421E-05 0.129714 0.153788
0.36826 9.98245E-05 9.98245E-05 0.134763 9.98245E-05 9.98245E-05 9.98245E-05 9.98245E-05 9.98245E-05 9.98245E-05 9.98245E-05 9.98245E-05 0.156806 9.98245E-05 9.98245E-05 9.98245E-05 0.0934166 9.98245E-05 0.154483 9.98245E-05 9.98245E-05 9.98245E-05 9.98245E-05 9.98245E-05 9.98245E-05 0.0902739
0.997505 9.9781E-05 9.9781E-05 9.9781E-05 9.9781E-05 9.9781E-05 9.9781E-05 9.9781E-05 9.9781E-05 9.9781E-05 9.9781E-05 9.9781E-05 9.9781E-05 9.9781E-05 9.9781E-05 9.9781E-05 9.9781E-05 9.9781E-05 9.9781E-05 9.9781E-05 9.9781E-05 9.9781E-05 9.9781E-05 9.9781E-05 9.9781E-05 9.9781E-05
9.98508E-05 0.103374 9.98508E-05 0.0855095 0.0368104 9.98508E-05 0.0713428 0.0774132 9.98508E-05 9.98508E-05 9.98508E-05 0.535814 9.98508E-05 9.98508E-05 0.0268003 9.98508E-05 0.0253825 9.98508E-05 9.98508E-05 9.98508E-05 9.98508E-05 9.98508E-05 9.98508E-05 0.0358559 9.98508E-05 9.98508E-05
0.260702 0.0133376 9.9851E-05 0.0927635 9.9851E-05 9.9851E-05 9.9851E-05 9.9851E-05 0.083288 9.9851E-05 9.9851E-05 9.9851E-05 0.0521271 0.0269668 9.9851E-05 9.9851E-05 9.9851E-05 9.9851E-05 0.318695 0.111624 9.9851E-05 9.9851E-05 9.9851E-05 9.9851E-05 9.9851E-05 0.0387986
9.9807E-05 9.9807E-05 9.9807E-05 9.9807E-05 0.124951 9.9807E-05 9.9807E-05 9.9807E-05 9.9807E-05 9.9807E-05 9.9807E-05 0.683115 9.9807E-05 9.9807E-05 9.9807E-05 9.9807E-05 0.0370397 9.9807E-05 9.9807E-05 9.9807E-05 9.9807E-05 9.9807E-05 9.9807E-05 9.9807E-05 0.152699 9.9807E-05
0.0582835 9.98332E-05 9.98332E-05 9.98332E-05 9.98332E-05 0.0825097 9.98332E-05 9.98332E-05 9.98332E-05 9.98332E-05 9.98332E-05 0.343318 9.98332E-05 9.98332E-05 9.98332E-05 9.98332E-05 0.148377 0.0131707 0.326335 9.98332E-05 9.98332E-05 9.98332E-05 9.98332E-05 0.0261093 9.98332E-05 9.98332E-05
0.129372 9.98507E-05 9.98507E-05 0.0783738 0.0611955 9.98507E-05 0.101253 9.98507E-05 9.98507E-05 9.98507E-05 0.067678 0.171701 9.98507E-05 0.119271 9.98507E-05 9.98507E-05 0.252503 9.98507E-05 0.0169547 9.98507E-05 9.98507E-05 9.98507E-05 9.98507E-05 9.98507E-05 9.98507E-05 9.98507E-05
0.589786 9.98248E-05 9.98248E-05 9.98248E-05 9.98248E-05 9.98248E-05 9.98248E-05 9.98248E-05 0.139533 9.98248E-05 9.98248E-05 0.0608748 9.98248E-05 9.98248E-05 0.0278491 9.98248E-05 0.143799 9.98248E-05 0.0361627 9.98248E-05 9.98248E-05 9.98248E-05 9.98248E-05 9.98248E-05 9.98248E-05 9.98248E-05
0.0311243 9.9842E-05 9.9842E-05 9.9842E-05 9.9842E-05 9.9842E-05 0.246341 9.9842E-05 0.15349 9.9842E-05 9.9842E-05 9.9842E-05 9.9842E-05 9.9842E-05 0.00341595 9.9842E-05 0.104011 9.9842E-05 0.289043 9.9842E-05 9.9842E-05 9.9842E-05 9.9842E-05 0.0699079 9.9842E-05 0.10087
0.803041 9.98159E-05 9.98159E-05 9.98159E-05 0.0707502 9.98159E-05 9.98159E-05 9.98159E-05 9.98159E-05 9.98159E-05 9.98159E-05 9.98159E-05 0.00351347 9.98159E-05 0.114528 9.98159E-05 9.98159E-05 9.98159E-05 0.00607133 9.98159E-05 9.98159E-05 9.98159E-05 9.98159E-05 9.98159E-05 9.98159E-05 9.98159E-05
0.00947488 9.98159E-05 9.98159E-05 9.98159E-05 9.98159E-05 0.0342918 0.153246 9.98159E-05 9.98159E-05 9.98159E-05 9.98159E-05 0.669473 9.98159E-05 9.98159E-05 9.98159E-05 9.98159E-05 0.131418 9.98159E-05 9.98159E-05 9.98159E-05 9.98159E-05 9.98159E-05 9.98159E-05 9.98159E-05 9.98159E-05 9.98159E-05
0.29948 9.97983E-05 9.97983E-05 9.97983E-05 9.97983E-05 9.97983E-05 9.97983E-05 9.97983E-05 9.97983E-05 9.97983E-05 9.97983E-05 0.3098 9.97983E-05 9.97983E-05 9.97983E-05 0.388424 9.97983E-05 9.97983E-05 9.97983E-05 9.97983E-05 9.97983E-05 9.97983E-05 9.97983E-05 9.97983E-05 9.97983E-05 9.97983E-05
0.691178 9.98333E-05 9.98333E-05 0.0273978 9.98333E-05 9.98333E-05 9.98333E-05 0.0773408 9.98333E-05 9.98333E-05 0.00810837 9.98333E-05 9.98333E-05 0.0434991 9.98333E-05 9.98333E-05 0.0372998 9.98333E-05 9.98333E-05 9.98333E-05 9.98333E-05 9.98333E-05 9.98333E-05 9.98333E-05 0.113279 9.98333E-05
0.166221 9.98335E-05 9.98335E-05 9.98335E-05 0.219261 9.98335E-05 9.98335E-05 0.0437642 9.98335E-05 9.98335E-05 9.98335E-05 0.381211 0.0269117 0.0829516 9.98335E-05 9.98335E-05 0.0777818 9.98335E-05 9.98335E-05 9.98335E-05 9.98335E-05 9.98335E-05 9.98335E-05 9.98335E-05 9.98335E-05 9.98335E-05
9.98244E-05 9.98244E-05 9.98244E-05 9.98244E-05 9.98244E-05 9.98244E-05 0.0762745 0.0803677 9.98244E-05 9.98244E-05 9.98244E-05 0.577824 9.98244E-05 9.98244E-05 9.98244E-05 9.98244E-05 0.0971979 9.98244E-05 0.124976 9.98244E-05 9.98244E-05 9.98244E-05 9.98244E-05 0.0413634 9.98244E-05 9.98244E-05
0.0129007 9.98596E-05 9.98596E-05 9.98596E-05 9.98596E-05 9.98596E-05 0.0178749 9.98596E-05 0.0391079 9.98596E-05 9.98596E-05 0.54793 0.0156794 9.98596E-05 9.98596E-05 9.98596E-05 0.123297 9.98596E-05 0.139215 9.98596E-05 9.98596E-05 0.0143857 0.0672689 9.98596E-05 9.98596E-05 0.0207422
0.840748 9.98159E-05 9.98159E-05 9.98159E-05 9.98159E-05 9.98159E-05 9.98159E-05 0.0423855 9.98159E-05 9.98159E-05 0.033689 9.98159E-05 9.98159E-05 9.98159E-05 9.98159E-05 9.98159E-05 0.0225201 9.98159E-05 9.98159E-05 9.98159E-05 0.0585615 9.98159E-05 9.98159E-05 9.98159E-05 9.98159E-05 9.98159E-05
0.80718 9.98159E-05 9.98159E-05 0.0492576 9.98159E-05 9.98159E-05 9.98159E-05 9.98159E-05 9.98159E-05 9.98159E-05 9.98159E-05 9.98159E-05 9.98159E-05 9.98159E-05 0.109817 9.98159E-05 0.0177849 9.98159E-05 9.98159E-05 9.98159E-05 0.0138647 9.98159E-05 9.98159E-05 9.98159E-05 9.98159E-05 9.98159E-05
0.790848 9.98162E-05 9.98162E-05 9.98162E-05 9.98162E-05 9.98162E-05 9.98162E-05 9.98162E-05 9.98162E-05 9.98162E-05 9.98162E-05 9.98162E-05 0.0814549 9.98162E-05 9.98162E-05 9.98162E-05 9.98162E-05 9.98162E-05 9.98162E-05 9.98162E-05 0.0125907 0.0085231 9.98162E-05 0.104487 9.98162E-05 9.98162E-05
9.98073E-05 9.98073E-05 9.98073E-05 0.146347 9.98073E-05 9.98073E-05 9.98073E-05 9.98073E-05 9.98073E-05 9.98073E-05 0.0458915 0.774363 9.98073E-05 9.98073E-05 9.98073E-05 9.98073E-05 0.0312022 9.98073E-05 9.98073E-05 9.98073E-05 9.98073E-05 9.98073E-05 9.98073E-05 9.98073E-05 9.98073E-05 9.98073E-05
0.441011 9.98422E-05 9.98422E-05 9.98422E-05 9.98422E-05 9.98422E-05 9.98422E-05 0.0211486 9.98422E-05 9.98422E-05 9.98422E-05 9.98422E-05 0.0109184 9.98422E-05 9.98422E-05 0.223024 0.10658 9.98422E-05 0.0771176 0.0824655 0.0359372 9.98422E-05 9.98422E-05 9.98422E-05 9.98422E-05 9.98422E-05
9.98245E-05 9.98245E-05 9.98245E-05 9.98245E-05 9.98245E-05 9.98245E-05 9.98245E-05 0.0219426 0.151902 9.98245E-05 9.98245E-05 0.609466 0.0453054 9.98245E-05 9.98245E-05 9.98245E-05 0.0893439 9.98245E-05 9.98245E-05 9.98245E-05 9.98245E-05 9.98245E-05 9.98245E-05 0.0800433 9.98245E-05 9.98245E-05
0.901998 9.98071E-05 9.98071E-05 9.98071E-05 9.98071E-05 9.98071E-05 9.98071E-05 0.0517945 9.98071E-05 9.98071E-05 9.98071E-05 9.98071E-05 0.0285592 9.98071E-05 0.0154523 9.98071E-05 9.98071E-05 9.98071E-05 9.98071E-05 9.98071E-05 9.98071E-05 9.98071E-05 9.98071E-05 9.98071E-05 9.98071E-05 9.98071E-05
0.0373922 9.98249E-05 9.98249E-05 0.00476028 9.98249E-05 0.0799037 9.98249E-05 9.98249E-05 9.98249E-05 9.98249E-05 9.98249E-05 0.582195 9.98249E-05 9.98249E-05 9.98249E-05 9.98249E-05 0.107385 9.98249E-05 0.186368 9.98249E-05 9.98249E-05 9.98249E-05 9.98249E-05 9.98249E-05 9.98249E-05 9.98249E-05
0.0753603 9.98157E-05 9.98157E-05 9.98157E-05 9.98157E-05 9.98157E-05 9.98157E-05 9.98157E-05 0.017866 9.98157E-05 9.98157E-05 0.814869 9.98157E-05 9.98157E-05 9.98157E-05 0.0866618 9.98157E-05 9.98157E-05 0.00314721 9.98157E-05 9.98157E-05 9.98157E-05 9.98157E-05 9.98157E-05 9.98157E-05 9.98157E-05
0.356285 9.98421E-05 9.98421E-05 0.0964651 0.0655841 0.072979 9.98421E-05 0.0152479 9.98421E-05 9.98421E-05 9.98421E-05 9.98421E-05 9.98421E-05 9.98421E-05 9.98421E-05 9.98421E-05 0.121767 9.98421E-05 0.106024 9.98421E-05 9.98421E-05 9.98421E-05 9.98421E-05 9.98421E-05 0.163849 9.98421E-05
0.173649 9.98335E-05 9.98335E-05 9.98335E-05 9.98335E-05 9.98335E-05 9.98335E-05 9.98335E-05 9.98335E-05 9.98335E-05 9.98335E-05 0.0870277 0.0692531 9.98335E-05 0.172865 9.98335E-05 0.201419 9.98335E-05 0.271064 0.0228255 9.98335E-05 9.98335E-05 9.98335E-05 9.98335E-05 9.98335E-05 9.98335E-05
0.816439 0.17492 9.97982E-05 9.97982E-05 9.97982E-05 9.97982E-05 9.97982E-05 9.97982E-05 9.97982E-05 9.97982E-05 0.00634609 9.97982E-05 9.97982E-05 9.97982E-05 9.97982E-05 9.97982E-05 9.97982E-05 9.97982E-05 9.97982E-05 9.97982E-05 9.97982E-05 9.97982E-05 9.97982E-05 9.97982E-05 9.97982E-05 9.97982E-05
9.98157E-05 9.98157E-05 9.98157E-05 0.0117801 9.98157E-05 9.98157E-05 9.98157E-05 9.98157E-05 9.98157E-05 9.98157E-05 9.98157E-05 0.920658 9.98157E-05 9.98157E-05 0.0104537 9.98157E-05 0.0441721 9.98157E-05 9.98157E-05 9.98157E-05 9.98157E-05 9.98157E-05 9.98157E-05 9.98157E-05 9.98157E-05 0.0108401
0.997505 9.9781E-05 9.9781E-05 9.9781E-05 9.9781E-05 9.9781E-05 9.9781E-05 9.9781E-05 9.9781E-05 9.9781E-05 9.9781E-05 9.9781E-05 9.9781E-05 9.9781E-05 9.9781E-05 9.9781E-05 9.9781E-05 9.9781E-05 9.9781E-05 9.9781E-05 9.9781E-05 9.9781E-05 9.9781E-05 9.9781E-05 9.9781E-05 9.9781E-05
0.171236 9.98245E-05 9.98245E-05 9.98245E-05 9.98245E-05 9.98245E-05 9.98245E-05 0.0221333 9.98245E-05 9.98245E-05 9.98245E-05 0.519091 0.0448039 9.98245E-05 9.98245E-05 9.98245E-05 0.135031 9.98245E-05 0.105708 9.98245E-05 9.98245E-05 9.98245E-05 9.98245E-05 9.98245E-05 9.98245E-05 9.98245E-05
9.98249E-05 9.98249E-05 9.98249E-05 0.0406367 9.98249E-05 9.98249E-05 9.98249E-05 9.98249E-05 9.98249E-05 9.98249E-05 9.98249E-05 0.770502 0.0356896 9.98249E-05 9.98249E-05 9.98249E-05 9.98249E-05 9.98249E-05 9.98249E-05 0.081399 9.98249E-05 0.0327229 9.98249E-05 9.98249E-05 9.98249E-05 0.0370532
9.98595E-05 0.0600917 9.98595E-05 0.0351442 0.10861 0.00905829 0.0859124 0.108219 9.98595E-05 9.98595E-05 9.98595E-05 0.380826 9.98595E-05 9.98595E-05 0.00378307 9.98595E-05 0.18717 9.98595E-05 0.0195881 9.98595E-05 9.98595E-05 9.98595E-05 9.98595E-05 9.98595E-05 9.98595E-05 9.98595E-05
9.98158E-05 9.98158E-05 9.98158E-05 9.98158E-05 9.98158E-05 0.0637405 9.98158E-05 9.98158E-05 0.00107334 9.98158E-05 9.98158E-05 0.672066 9.98158E-05 9.98158E-05 0.073136 9.98158E-05 9.98158E-05 9.98158E-05 0.187888 9.98158E-05 9.98158E-05 9.98158E-05 9.98158E-05 9.98158E-05 9.98158E-05 9.98158E-05
0.868257 9.98072E-05 9.98072E-05 9.98072E-05 9.98072E-05 9.98072E-05 0.0401817 9.98072E-05 9.98072E-05 9.98072E-05 9.98072E-05 9.98072E-05 9.98072E-05 0.0169237 9.98072E-05 9.98072E-05 9.98072E-05 9.98072E-05 9.98072E-05 9.98072E-05 9.98072E-05 9.98072E-05 9.98072E-05 9.98072E-05 9.98072E-05 0.072442
9.98159E-05 9.98159E-05 9.98159E-05 9.98159E-05 9.98159E-05 9.98159E-05 9.98159E-05 9.98159E-05 9.98159E-05 0.0391192 9.98159E-05 0.750674 9.98159E-05 9.98159E-05 9.98159E-05 9.98159E-05 9.98159E-05 9.98159E-05 9.98159E-05 0.00289094 9.98159E-05 9.98159E-05 9.98159E-05 0.168901 9.98159E-05 0.0363187
0.745121 9.98248E-05 9.98248E-05 9.98248E-05 9.98248E-05 9.98248E-05 9.98248E-05 0.0183867 9.98248E-05 9.98248E-05 9.98248E-05 9.98248E-05 9.98248E-05 0.114162 9.98248E-05 0.0479243 0.0511053 9.98248E-05 9.98248E-05 0.0213051 9.98248E-05 9.98248E-05 9.98248E-05 9.98248E-05 9.98248E-05 9.98248E-05
0.801433 9.98248E-05 9.98248E-05 9.98248E-05 9.98248E-05 9.98248E-05 9.98248E-05 0.00190303 0.129839 9.98248E-05 0.0403622 9.98248E-05 0.0205429 9.98248E-05 9.98248E-05 9.98248E-05 9.98248E-05 9.98248E-05 9.98248E-05 0.00392352 9.98248E-05 9.98248E-05 9.98248E-05 9.98248E-05 9.98248E-05 9.98248E-05
0.854445 9.98158E-05 9.98158E-05 9.98158E-05 9.98158E-05 9.98158E-05 9.98158E-05 9.98158E-05 9.98158E-05 9.98158E-05 9.98158E-05 9.98158E-05 0.0247143 9.98158E-05 9.98158E-05 9.98158E-05 9.98158E-05 9.98158E-05 0.0243967 9.98158E-05 9.98158E-05 0.0389781 9.98158E-05 9.98158E-05 9.98158E-05 0.0553701
0.315831 9.98159E-05 9.98159E-05 9.98159E-05 9.98159E-05 9.98159E-05 9.98159E-05 0.0299725 9.98159E-05 9.98159E-05 9.98159E-05 0.519615 9.98159E-05 9.98159E-05 0.0719774 9.98159E-05 0.0605072 9.98159E-05 9.98159E-05 9.98159E-05 9.98159E-05 9.98159E-05 9.98159E-05 9.98159E-05 9.98159E-05 9.98159E-05
9.97982E-05 9.97982E-05 9.97982E-05 9.97982E-05 9.97982E-05 9.97982E-05 9.97982E-05 9.97982E-05 9.97982E-05 9.97982E-05 9.97982E-05 0.92539 9.97982E-05 9.97982E-05 0.0494041 9.97982E-05 0.0229109 9.97982E-05 9.97982E-05 9.97982E-05 9.97982E-05 9.97982E-05 9.97982E-05 9.97982E-05 9.97982E-05 9.97982E-05
9.98243E-05 9.98243E-05 9.98243E-05 0.0276467 9.98243E-05 9.98243E-05 0.156885 0.0108752 9.98243E-05 9.98243E-05 9.98243E-05 9.98243E-05 9.98243E-05 9.98243E-05 9.98243E-05 9.98243E-05 0.114344 9.98243E-05 9.98243E-05 9.98243E-05 9.98243E-05 9.98243E-05 9.98243E-05 9.98243E-05 0.666867 0.0213848
9.97897E-05 9.97897E-05 9.97897E-05 9.97897E-05 9.97897E-05 9.97897E-05 9.97897E-05 9.97897E-05 9.97897E-05 9.97897E-05 9.97897E-05 9.97897E-05 9.97897E-05 9.97897E-05 0.0267647 9.97897E-05 9.97897E-05 9.97897E-05 9.97897E-05 9.97897E-05 9.97897E-05 9.97897E-05 9.97897E-05 9.97897E-05 0.97084 9.97897E-05
9.97982E-05 9.97982E-05 9.97982E-05 9.97982E-05 9.97982E-05 9.97982E-05 9.97982E-05 9.97982E-05 9.97982E-05 9.97982E-05 9.97982E-05 9.97982E-05 9.97982E-05 9.97982E-05 9.97982E-05 9.97982E-05 9.97982E-05 9.97982E-05 9.97982E-05 9.97982E-05 9.97982E-05 0.0136093 9.97982E-05 9.97982E-05 0.90165 0.0824454
9.98423E-05 9.98423E-05 9.98423E-05 0.140505 9.98423E-05 9.98423E-05 0.204301 9.98423E-05 0.023055 9.98423E-05 9.98423E-05 9.98423E-05 0.00267815 9.98423E-05 9.98423E-05 9.98423E-05 0.0506304 9.98423E-05 9.98423E-05 9.98423E-05 0.238457 0.0294204 9.98423E-05 9.98423E-05 0.309156 9.98423E-05
9.98417E-05 9.98417E-05 9.98417E-05 0.101553 9.98417E-05 9.98417E-05 9.98417E-05 9.98417E-05 9.98417E-05 9.98417E-05 0.0649783 9.98417E-05 0.00432122 9.98417E-05 9.98417E-05 9.98417E-05 9.98417E-05 9.98417E-05 0.126374 0.04424 9.98417E-05 0.0261073 9.98417E-05 9.98417E-05 0.578085 0.0525434
9.98241E-05 9.98241E-05 9.98241E-05 0.000457106 0.0508745 9.98241E-05 0.107863 9.98241E-05 9.98241E-05 9.98241E-05 9.98241E-05 9.98241E-05 9.98241E-05 9.98241E-05 9.98241E-05 9.98241E-05 0.213788 9.98241E-05 0.0213658 9.98241E-05 9.98241E-05 9.98241E-05 9.98241E-05 9.98241E-05 0.603655 9.98241E-05
9.98243E-05 9.98243E-05 9.98243E-05 0.021158 9.98243E-05 9.98243E-05 9.98243E-05 0.0416879 9.98243E-05 9.98243E-05 9.98243E-05 9.98243E-05 9.98243E-05 9.98243E-05 0.0698965 9.98243E-05 0.111271 9.98243E-05 9.98243E-05 9.98243E-05 0.175406 9.98243E-05 9.98243E-05 9.98243E-05 0.578584 9.98243E-05
9.98419E-05 9.98419E-05 9.98419E-05 0.0701947 0.0941314 9.98419E-05 9.98419E-05 0.017565 9.98419E-05 9.98419E-05 9.98419E-05 9.98419E-05 9.98419E-05 9.98419E-05 9.98419E-05 9.98419E-05 0.0821598 9.98419E-05 9.98419E-05 9.98419E-05 0.0948451 0.00373465 9.98419E-05 9.98419E-05 0.484852 0.15072
9.97808E-05 9.97808E-05 9.97808E-05 9.97808E-05 9.97808E-05 9.97808E-05 9.97808E-05 9.97808E-05 9.97808E-05 9.97808E-05 9.97808E-05 9.97808E-05 9.97808E-05 9.97808E-05 9.97808E-05 9.97808E-05 9.97808E-05 9.97808E-05 9.97808E-05 9.97808E-05 9.97808E-05 9.97808E-05 9.97808E-05 9.97808E-05 0.997505 9.97808E-05
9.98069E-05 9.98069E-05 9.98069E-05 0.0421754 9.98069E-05 9.98069E-05 9.98069E-05 0.0291422 9.98069E-05 9.98069E-05 9.98069E-05 9.98069E-05 0.0330338 9.98069E-05 9.98069E-05 9.98069E-05 9.98069E-05 9.98069E-05 9.98069E-05 9.98069E-05 9.98069E-05 9.98069E-05 9.98069E-05 9.98069E-05 0.893453 9.98069E-05
9.98154E-05 9.98154E-05 9.98154E-05 0.08041 9.98154E-05 9.98154E-05 9.98154E-05 0.155834 9.98154E-05 9.98154E-05 9.98154E-05 9.98154E-05 0.0215137 9.98154E-05 9.98154E-05 9.98154E-05 0.218831 9.98154E-05 9.98154E-05 9.98154E-05 9.98154E-05 9.98154E-05 9.98154E-05 9.98154E-05 0.521315 9.98154E-05
9.98771E-05 9.98771E-05 9.98771E-05 9.98771E-05 9.98771E-05 9.98771E-05 9.98771E-05 0.103836 9.98771E-05 0.0795044 9.98771E-05 9.98771E-05 0.00943671 0.0336697 9.98771E-05 9.98771E-05 0.112525 0.0180793 0.135749 0.00960091 0.117735 0.0205009 9.98771E-05 0.00458363 0.353381 9.98771E-05
9.9833E-05 0.110413 9.9833E-05 0.131756 0.0877506 9.9833E-05 9.9833E-05 0.0549244 9.9833E-05 9.9833E-05 9.9833E-05 9.9833E-05 9.9833E-05 9.9833E-05 9.9833E-05 9.9833E-05 9.9833E-05 0.108369 9.9833E-05 9.9833E-05 9.9833E-05 9.9833E-05 9.9833E-05 0.0593536 0.445537 9.9833E-05
9.98242E-05 9.98242E-05 9.98242E-05 0.0269704 9.98242E-05 9.98242E-05 9.98242E-05 9.98242E-05 9.98242E-05 9.98242E-05 9.98242E-05 9.98242E-05 0.0783702 9.98242E-05 9.98242E-05 9.98242E-05 0.191039 9.98242E-05 0.208277 9.98242E-05 0.0799182 9.98242E-05 9.98242E-05 9.98242E-05 0.413429 9.98242E-05
9.98074E-05 9.98074E-05 9.98074E-05 9.98074E-05 9.98074E-05 0.0399213 9.98074E-05 9.98074E-05 9.98074E-05 9.98074E-05 9.98074E-05 9.98074E-05 0.00807372 9.98074E-05 9.98074E-05 9.98074E-05 9.98074E-05 9.98074E-05 9.98074E-05 0.0282091 9.98074E-05 9.98074E-05 9.98074E-05 9.98074E-05 0.9216 9.98074E-05
9.97984E-05 9.97984E-05 9.97984E-05 0.047296 9.97984E-05 9.97984E-05 9.97984E-05 9.97984E-05 9.97984E-05 9.97984E-05 9.97984E-05 9.97984E-05 9.97984E-05 9.97984E-05 9.97984E-05 9.97984E-05 0.00729594 9.97984E-05 9.97984E-05 9.97984E-05 9.97984E-05 9.97984E-05 9.97984E-05 9.97984E-05 0.943113 9.97984E-05
9.98418E-05 9.98418E-05 9.98418E-05 9.98418E-05 9.98418E-05 0.0464221 9.98418E-05 9.98418E-05 0.0223288 9.98418E-05 9.98418E-05 9.98418E-05 0.108391 9.98418E-05 9.98418E-05 9.98418E-05 0.0632419 9.98418E-05 9.98418E-05 0.00149739 9.98418E-05 0.13099 9.98418E-05 9.98418E-05 0.6141 0.0112307
9.98244E-05 9.98244E-05 9.98244E-05 0.0385733 9.98244E-05 9.98244E-05 9.98244E-05 0.0753726 9.98244E-05 9.98244E-05 9.98244E-05 9.98244E-05 0.0485877 9.98244E-05 9.98244E-05 9.98244E-05 9.98244E-05 0.0803428 0.0876552 9.98244E-05 9.98244E-05 9.98244E-05 9.98244E-05 9.98244E-05 0.667472 9.98244E-05
9.98158E-05 9.98158E-05 9.98158E-05 9.98158E-05 9.98158E-05 9.98158E-05 9.98158E-05 0.0655545 9.98158E-05 9.98158E-05 9.98158E-05 9.98158E-05 0.0619299 9.98158E-05 9.98158E-05 9.98158E-05 0.0341433 9.98158E-05 9.98158E-05 9.98158E-05 9.98158E-05 9.98158E-05 9.98158E-05 9.98158E-05 0.798074 0.0382021
9.98241E-05 9.98241E-05 9.98241E-05 9.98241E-05 9.98241E-05 9.98241E-05 9.98241E-05 9.98241E-05 0.00249329 9.98241E-05 0.0271941 9.98241E-05 9.98241E-05 9.98241E-05 9.98241E-05 9.98241E-05 0.215402 0.0249768 9.98241E-05 9.98241E-05 9.98241E-05 9.98241E-05 9.98241E-05 0.115089 0.612849 9.98241E-05
9.97899E-05 9.97899E-05 9.97899E-05 9.97899E-05 9.97899E-05 9.97899E-05 9.97899E-05 9.97899E-05 9.97899E-05 9.97899E-05 9.97899E-05 9.97899E-05 9.97899E-05 9.97899E-05 9.97899E-05 0.0384581 9.97899E-05 9.97899E-05 9.97899E-05 9.97899E-05 9.97899E-05 9.97899E-05 9.97899E-05 9.97899E-05 0.959147 9.97899E-05
9.9833E-05 9.9833E-05 9.9833E-05 9.9833E-05 0.042779 9.9833E-05 9.9833E-05 9.9833E-05 0.0525553 9.9833E-05 9.9833E-05 9.9833E-05 0.0166356 9.9833E-05 9.9833E-05 9.9833E-05 0.0281155 9.9833E-05 0.226411 9.9833E-05 0.0455409 9.9833E-05 9.9833E-05 9.9833E-05 0.586066 9.9833E-05
9.98247E-05 9.98247E-05 9.98247E-05 9.98247E-05 0.178353 9.98247E-05 0.199051 9.98247E-05 9.98247E-05 0.00119986 9.98247E-05 9.98247E-05 9.98247E-05 9.98247E-05 9.98247E-05 9.98247E-05 0.0250711 9.98247E-05 9.98247E-05 9.98247E-05 9.98247E-05 9.98247E-05 9.98247E-05 9.98247E-05 0.587537 0.00679161
9.98508E-05 0.0412144 9.98508E-05 0.00978682 0.0352163 0.0517488 9.98508E-05 9.98508E-05 9.98508E-05 9.98508E-05 9.98508E-05 9.98508E-05 0.147353 9.98508E-05 9.98508E-05 9.98508E-05 0.0247667 9.98508E-05 9.98508E-05 9.98508E-05 9.98508E-05 0.0506833 9.98508E-05 9.98508E-05 0.629857 0.00767665
9.98155E-05 9.98155E-05 9.98155E-05 9.98155E-05 0.0159697 9.98155E-05 9.98155E-05 0.10911 9.98155E-05 9.98155E-05 9.98155E-05 9.98155E-05 9.98155E-05 9.98155E-05 9.98155E-05 9.98155E-05 0.00646859 0.116294 9.98155E-05 9.98155E-05 9.98155E-05 9.98155E-05 9.98155E-05 9.98155E-05 0.750062 9.98155E-05
9.97985E-05 9.97985E-05 9.97985E-05 0.0159018 9.97985E-05 9.97985E-05 9.97985E-05 9.97985E-05 9.97985E-05 9.97985E-05 0.0160954 9.97985E-05 9.97985E-05 9.97985E-05 9.97985E-05 9.97985E-05 9.97985E-05 9.97985E-05 9.97985E-05 9.97985E-05 9.97985E-05 9.97985E-05 9.97985E-05 9.97985E-05 0.965708 9.97985E-05
9.98071E-05 9.98071E-05 9.98071E-05 9.98071E-05 0.0662919 9.98071E-05 9.98071E-05 9.98071E-05 9.98071E-05 9.98071E-05 9.98071E-05 9.98071E-05 9.98071E-05 9.98071E-05 9.98071E-05 0.0388852 9.98071E-05 9.98071E-05 0.0496788 9.98071E-05 9.98071E-05 9.98071E-05 9.98071E-05 9.98071E-05 0.842948 9.98071E-05
9.9781E-05 9.9781E-05 9.9781E-05 9.9781E-05 9.9781E-05 9.9781E-05 9.9781E-05 9.9781E-05 9.9781E-05 9.9781E-05 9.9781E-05 9.9781E-05 9.9781E-05 9.9781E-05 9.9781E-05 9.9781E-05 9.9781E-05 9.9781E-05 9.9781E-05 9.9781E-05 9.9781E-05 9.9781E-05 9.9781E-05 9.9781E-05 0.997505 9.9781E-05
0.00905534 9.98246E-05 9.98246E-05 0.0395653 0.0141122 9.98246E-05 9.98246E-05 9.98246E-05 9.98246E-05 9.98246E-05 9.98246E-05 9.98246E-05 9.98246E-05 9.98246E-05 9.98246E-05 9.98246E-05 9.98246E-05 0.0737397 9.98246E-05 9.98246E-05 9.98246E-05 9.98246E-05 9.98246E-05 9.98246E-05 0.729119 0.132412
9.98159E-05 9.98159E-05 9.98159E-05 0.0678009 9.98159E-05 9.98159E-05 9.98159E-05 9.98159E-05 9.98159E-05 9.98159E-05 9.98159E-05 9.98159E-05 9.98159E-05 9.98159E-05 9.98159E-05 0.293682 0.125188 9.98159E-05 9.98159E-05 9.98159E-05 9.98159E-05 9.98159E-05 0.0506624 9.98159E-05 0.460571 9.98159E-05
9.98159E-05 9.98159E-05 9.98159E-05 0.0733356 0.266676 9.98159E-05 0.101583 9.98159E-05 0.488988 9.98159E-05 9.98159E-05 9.98159E-05 9.98159E-05 9.98159E-05 9.98159E-05 9.98159E-05 0.0673211 9.98159E-05 9.98159E-05 9.98159E-05 9.98159E-05 9.98159E-05 9.98159E-05 9.98159E-05 9.98159E-05 9.98159E-05
9.97895E-05 9.97895E-05 9.97895E-05 9.97895E-05 9.97895E-05 9.97895E-05 9.97895E-05 9.97895E-05 0.104378 9.97895E-05 9.97895E-05 9.97895E-05 9.97895E-05 9.97895E-05 9.97895E-05 9.97895E-05 9.97895E-05 9.97895E-05 9.97895E-05 9.97895E-05 9.97895E-05 9.97895E-05 0.893227 9.97895E-05 9.97895E-05 9.97895E-05
9.98157E-05 9.98157E-05 9.98157E-05 9.98157E-05 9.98157E-05 9.98157E-05 0.66076 9.98157E-05 0.238597 9.98157E-05 9.98157E-05 9.98157E-05 9.98157E-05 9.98157E-05 9.98157E-05 9.98157E-05 0.0421988 9.98157E-05 9.98157E-05 0.0260032 9.98157E-05 9.98157E-05 9.98157E-05 9.98157E-05 9.98157E-05 0.0303443
9.98155E-05 9.98155E-05 9.98155E-05 0.0391296 9.98155E-05 9.98155E-05 0.346133 9.98155E-05 0.484 9.98155E-05 9.98155E-05 9.98155E-05 9.98155E-05 9.98155E-05 9.98155E-05 9.98155E-05 0.094688 9.98155E-05 9.98155E-05 9.98155E-05 9.98155E-05 9.98155E-05 9.98155E-05 9.98155E-05 9.98155E-05 0.0339527
9.98156E-05 9.98156E-05 9.98156E-05 0.0171342 0.0277086 9.98156E-05 0.248249 9.98156E-05 0.615932 9.98156E-05 9.98156E-05 9.98156E-05 9.98156E-05 9.98156E-05 9.98156E-05 9.98156E-05 9.98156E-05 9.98156E-05 9.98156E-05 0.0888795 9.98156E-05 9.98156E-05 9.98156E-05 9.98156E-05 9.98156E-05 9.98156E-05
9.98157E-05 9.98157E-05 9.98157E-05 0.0907569 0.585364 9.98157E-05 9.98157E-05 9.98157E-05 9.98157E-05 9.98157E-05 9.98157E-05 9.98157E-05 9.98157E-05 9.98157E-05 0.0816596 9.98157E-05 0.123359 9.98157E-05 9.98157E-05 9.98157E-05 9.98157E-05 9.98157E-05 0.116764 9.98157E-05 9.98157E-05 9.98157E-05
9.9798E-05 9.9798E-05 9.9798E-05 9.9798E-05 9.9798E-05 9.9798E-05 0.978214 9.9798E-05 9.9798E-05 9.9798E-05 9.9798E-05 9.9798E-05 9.9798E-05 9.9798E-05 9.9798E-05 9.9798E-05 0.0012145 9.9798E-05 9.9798E-05 0.0182757 9.9798E-05 9.9798E-05 9.9798E-05 9.9798E-05 9.9798E-05 9.9798E-05
9.98068E-05 9.98068E-05 9.98068E-05 0.146274 0.244098 9.98068E-05 0.547645 9.98068E-05 0.0597862 9.98068E-05 9.98068E-05 9.98068E-05 9.98068E-05 9.98068E-05 9.98068E-05 9.98068E-05 9.98068E-05 9.98068E-05 9.98068E-05 9.98068E-05 9.98068E-05 9.98068E-05 9.98068E-05 9.98068E-05 9.98068E-05 9.98068E-05
9.98419E-05 9.98419E-05 9.98419E-05 0.270827 0.147094 9.98419E-05 0.141339 9.98419E-05 9.98419E-05 9.98419E-05 9.98419E-05 9.98419E-05 9.98419E-05 9.98419E-05 0.0110004 9.98419E-05 0.0948764 0.00663466 0.0346251 9.98419E-05 0.291806 9.98419E-05 9.98419E-05 9.98419E-05 9.98419E-05 9.98419E-05
9.97983E-05 9.97983E-05 9.97983E-05 0.156202 9.97983E-05 9.97983E-05 0.592773 9.97983E-05 9.97983E-05 9.97983E-05 9.97983E-05 9.97983E-05 9.97983E-05 9.97983E-05 9.97983E-05 9.97983E-05 0.248729 9.97983E-05 9.97983E-05 9.97983E-05 9.97983E-05 9.97983E-05 9.97983E-05 9.97983E-05 9.97983E-05 9.97983E-05
9.98158E-05 9.98158E-05 0.42518 0.012522 9.98158E-05 9.98158E-05 9.98158E-05 9.98158E-05 0.371039 9.98158E-05 9.98158E-05 9.98158E-05 9.98158E-05 9.98158E-05 9.98158E-05 9.98158E-05 0.0801155 9.98158E-05 9.98158E-05 9.98158E-05 0.109047 9.98158E-05 9.98158E-05 9.98158E-05 9.98158E-05 9.98158E-05
9.98158E-05 9.98158E-05 9.98158E-05 9.98158E-05 0.512594 9.98158E-05 0.0655453 9.98158E-05 0.292045 9.98158E-05 9.98158E-05 9.98158E-05 9.98158E-05 0.00573984 9.98158E-05 0.12198 9.98158E-05 9.98158E-05 9.98158E-05 9.98158E-05 9.98158E-05 9.98158E-05 9.98158E-05 9.98158E-05 9.98158E-05 9.98158E-05
9.97897E-05 9.97897E-05 9.97897E-05 9.97897E-05 9.97897E-05 9.97897E-05 0.921826 9.97897E-05 0.0757787 9.97897E-05 9.97897E-05 9.97897E-05 9.97897E-05 9.97897E-05 9.97897E-05 9.97897E-05 9.97897E-05 9.97897E-05 9.97897E-05 9.97897E-05 9.97897E-05 9.97897E-05 9.97897E-05 9.97897E-05 9.97897E-05 9.97897E-05
9.98421E-05 9.98421E-05 0.0652867 0.0966884 0.286753 0.0189367 0.136197 9.98421E-05 0.17455 9.98421E-05 9.98421E-05 9.98421E-05 9.98421E-05 9.98421E-05 9.98421E-05 9.98421E-05 0.181622 9.98421E-05 9.98421E-05 9.98421E-05 9.98421E-05 9.98421E-05 0.0381695 9.98421E-05 9.98421E-05 9.98421E-05
9.98334E-05 9.98334E-05 9.98334E-05 0.0398089 9.98334E-05 9.98334E-05 0.423901 9.98334E-05 0.247604 9.98334E-05 9.98334E-05 9.98334E-05 9.98334E-05 9.98334E-05 9.98334E-05 9.98334E-05 9.98334E-05 0.0119326 9.98334E-05 9.98334E-05 9.98334E-05 9.98334E-05 0.1518 0.00722221 9.98334E-05 0.115834
9.98334E-05 9.98334E-05 9.98334E-05 0.0020084 9.98334E-05 9.98334E-05 9.98334E-05 0.0280019 0.787397 9.98334E-05 9.98334E-05 9.98334E-05 9.98334E-05 9.98334E-05 0.00757767 9.98334E-05 0.134156 9.98334E-05 9.98334E-05 9.98334E-05 0.0259114 0.0130511 9.98334E-05 9.98334E-05 9.98334E-05 9.98334E-05
9.98508E-05 9.98508E-05 0.0301427 9.98508E-05 0.367776 0.0142456 0.443763 0.010905 0.017409 0.00752906 9.98508E-05 9.98508E-05 9.98508E-05 9.98508E-05 9.98508E-05 9.98508E-05 9.98508E-05 9.98508E-05 9.98508E-05 9.98508E-05 0.10582 9.98508E-05 9.98508E-05 9.98508E-05 9.98508E-05 0.000712066
9.98511E-05 9.98511E-05 0.00543084 0.0522298 0.108561 9.98511E-05 0.00292705 9.98511E-05 0.52459 9.98511E-05 9.98511E-05 9.98511E-05 9.98511E-05 9.98511E-05 0.0855581 0.109849 9.98511E-05 9.98511E-05 0.0397762 0.0693803 9.98511E-05 9.98511E-05 9.98511E-05 9.98511E-05 9.98511E-05 9.98511E-05
9.9807E-05 9.9807E-05 0.125585 9.9807E-05 9.9807E-05 9.9807E-05 0.199085 0.00942578 0.663709 9.9807E-05 9.9807E-05 9.9807E-05 9.9807E-05 9.9807E-05 9.9807E-05 9.9807E-05 9.9807E-05 9.9807E-05 9.9807E-05 9.9807E-05 9.9807E-05 9.9807E-05 9.9807E-05 9.9807E-05 9.9807E-05 9.9807E-05
9.98507E-05 9.98507E-05 9.98507E-05 0.0039515 9.98507E-05 9.98507E-05 0.0312522 0.000331784 0.470137 0.0355961 0.0557374 9.98507E-05 9.98507E-05 9.98507E-05 0.0161239 0.317777 0.0673961 9.98507E-05 9.98507E-05 9.98507E-05 9.98507E-05 9.98507E-05 9.98507E-05 9.98507E-05 9.98507E-05 9.98507E-05
9.98421E-05 9.98421E-05 9.98421E-05 0.0132115 9.98421E-05 9.98421E-05 9.98421E-05 9.98421E-05 0.598854 9.98421E-05 9.98421E-05 9.98421E-05 0.0268342 9.98421E-05 0.0506795 9.98421E-05 0.146533 9.98421E-05 9.98421E-05 0.0202029 0.0621233 9.98421E-05 0.0797637 9.98421E-05 9.98421E-05 9.98421E-05
9.9807E-05 9.9807E-05 9.9807E-05 0.0258254 9.9807E-05 9.9807E-05 0.177341 9.9807E-05 0.737512 9.9807E-05 9.9807E-05 9.9807E-05 9.9807E-05 9.9807E-05 9.9807E-05 9.9807E-05 9.9807E-05 0.057126 9.9807E-05 9.9807E-05 9.9807E-05 9.9807E-05 9.9807E-05 9.9807E-05 9.9807E-05 9.9807E-05
9.98069E-05 9.98069E-05 9.98069E-05 0.147588 0.672767 9.98069E-05 9.98069E-05 9.98069E-05 9.98069E-05 9.98069E-05 0.0118817 9.98069E-05 9.98069E-05 9.98069E-05 9.98069E-05 9.98069E-05 0.165567 9.98069E-05 9.98069E-05 9.98069E-05 9.98069E-05 9.98069E-05 9.98069E-05 9.98069E-05 9.98069E-05 9.98069E-05
9.98333E-05 9.98333E-05 0.031344 0.123322 9.98333E-05 9.98333E-05 0.164774 9.98333E-05 0.499917 9.98333E-05 9.98333E-05 9.98333E-05 9.98333E-05 0.00587599 9.98333E-05 9.98333E-05 9.98333E-05 9.98333E-05 9.98333E-05 0.0162938 9.98333E-05 9.98333E-05 0.156576 9.98333E-05 9.98333E-05 9.98333E-05
9.97982E-05 9.97982E-05 9.97982E-05 0.205755 0.584182 9.97982E-05 9.97982E-05 9.97982E-05 9.97982E-05 9.97982E-05 9.97982E-05 9.97982E-05 9.97982E-05 9.97982E-05 9.97982E-05 9.97982E-05 0.207768 9.97982E-05 9.97982E-05 9.97982E-05 9.97982E-05 9.97982E-05 9.97982E-05 9.97982E-05 9.97982E-05 9.97982E-05
9.98159E-05 9.98159E-05 0.155679 0.0629623 9.98159E-05 9.98159E-05 0.592061 9.98159E-05 9.98159E-05 9.98159E-05 9.98159E-05 9.98159E-05 9.98159E-05 9.98159E-05 9.98159E-05 9.98159E-05 0.0784861 9.98159E-05 9.98159E-05 9.98159E-05 0.108715 9.98159E-05 9.98159E-05 9.98159E-05 9.98159E-05 9.98159E-05
9.98158E-05 9.98158E-05 9.98158E-05 9.98158E-05 9.98158E-05 0.139755 9.98158E-05 9.98158E-05 9.98158E-05 9.98158E-05 9.98158E-05 9.98158E-05 9.98158E-05 9.98158E-05 9.98158E-05 0.0139135 9.98158E-05 9.98158E-05 9.98158E-05 0.0171983 9.98158E-05 0.0313155 0.795722 9.98158E-05 9.98158E-05 9.98158E-05
9.98154E-05 9.98154E-05 9.98154E-05 0.015467 0.265528 9.98154E-05 0.476261 9.98154E-05 0.215685 9.98154E-05 9.98154E-05 9.98154E-05 9.98154E-05 9.98154E-05 9.98154E-05 9.98154E-05 0.0249622 9.98154E-05 9.98154E-05 9.98154E-05 9.98154E-05 9.98154E-05 9.98154E-05 9.98154E-05 9.98154E-05 9.98154E-05
9.98071E-05 9.98071E-05 9.98071E-05 0.180465 9.98071E-05 9.98071E-05 0.32351 9.98071E-05 0.371416 9.98071E-05 9.98071E-05 9.98071E-05 9.98071E-05 9.98071E-05 9.98071E-05 9.98071E-05 0.122414 9.98071E-05 9.98071E-05 9.98071E-05 9.98071E-05 9.98071E-05 9.98071E-05 9.98071E-05 9.98071E-05 9.98071E-05
9.98332E-05 9.98332E-05 9.98332E-05 9.98332E-05 0.280786 9.98332E-05 9.98332E-05 0.0120693 0.181941 9.98332E-05 0.00860397 9.98332E-05 9.98332E-05 9.98332E-05 9.98332E-05 9.98332E-05 0.082766 9.98332E-05 9.98332E-05 0.119466 9.98332E-05 9.98332E-05 0.312471 9.98332E-05 9.98332E-05 9.98332E-05
9.98158E-05 9.98158E-05 9.98158E-05 0.059537 9.98158E-05 9.98158E-05 0.738147 0.0323766 9.98158E-05 9.98158E-05 9.98158E-05 9.98158E-05 9.98158E-05 9.98158E-05 9.98158E-05 9.98158E-05 0.157038 9.98158E-05 9.98158E-05 9.98158E-05 9.98158E-05 9.98158E-05 9.98158E-05 0.0108049 9.98158E-05 9.98158E-05
9.97982E-05 9.97982E-05 9.97982E-05 9.97982E-05 9.97982E-05 9.97982E-05 0.809461 9.97982E-05 0.183141 9.97982E-05 9.97982E-05 9.97982E-05 9.97982E-05 9.97982E-05 9.97982E-05 9.97982E-05 9.97982E-05 9.97982E-05 9.97982E-05 9.97982E-05 9.97982E-05 9.97982E-05 0.0051023 9.97982E-05 9.97982E-05 9.97982E-05
9.98243E-05 9.98243E-05 9.98243E-05 0.267856 0.294062 9.98243E-05 0.0542325 9.98243E-05 9.98243E-05 9.98243E-05 0.116289 9.98243E-05 9.98243E-05 9.98243E-05 9.98243E-05 9.98243E-05 0.126342 9.98243E-05 9.98243E-05 0.139222 9.98243E-05 9.98243E-05 9.98243E-05 9.98243E-05 9.98243E-05 9.98243E-05
9.98243E-05 9.98243E-05 9.98243E-05 0.00310863 0.10726 9.98243E-05 0.521911 9.98243E-05 0.185388 9.98243E-05 9.98243E-05 9.98243E-05 9.98243E-05 9.98243E-05 9.98243E-05 9.98243E-05 0.0912435 9.98243E-05 0.0890928 9.98243E-05 9.98243E-05 9.98243E-05 9.98243E-05 9.98243E-05 9.98243E-05 9.98243E-05
9.97895E-05 9.97895E-05 9.97895E-05 9.97895E-05 9.97895E-05 9.97895E-05 0.895064 9.97895E-05 0.102541 9.97895E-05 9.97895E-05 9.97895E-05 9.97895E-05 9.97895E-05 9.97895E-05 9.97895E-05 9.97895E-05 9.97895E-05 9.97895E-05 9.97895E-05 9.97895E-05 9.97895E-05 9.97895E-05 9.97895E-05 9.97895E-05 9.97895E-05
9.98244E-05 9.98244E-05 0.195367 0.00264603 9.98244E-05 9.98244E-05 0.354228 0.0127908 0.372734 9.98244E-05 9.98244E-05 9.98244E-05 9.98244E-05 9.98244E-05 0.0602382 9.98244E-05 9.98244E-05 9.98244E-05 9.98244E-05 9.98244E-05 9.98244E-05 9.98244E-05 9.98244E-05 9.98244E-05 9.98244E-05 9.98244E-05
9.98156E-05 9.98156E-05 9.98156E-05 0.0576556 9.98156E-05 9.98156E-05 0.297831 9.98156E-05 0.426853 9.98156E-05 9.98156E-05 9.98156E-05 9.98156E-05 9.98156E-05 9.98156E-05 9.98156E-05 0.185667 0.0298971 9.98156E-05 9.98156E-05 9.98156E-05 9.98156E-05 9.98156E-05 9.98156E-05 9.98156E-05 9.98156E-05
9.98069E-05 9.98069E-05 0.495292 0.0656568 9.98069E-05 9.98069E-05 9.98069E-05 9.98069E-05 0.123872 9.98069E-05 9.98069E-05 9.98069E-05 9.98069E-05 9.98069E-05 9.98069E-05 9.98069E-05 9.98069E-05 9.98069E-05 9.98069E-05 9.98069E-05 9.98069E-05 9.98069E-05 0.312984 9.98069E-05 9.98069E-05 9.98069E-05
9.98158E-05 9.98158E-05 9.98158E-05 9.98158E-05 0.288967 9.98158E-05 9.98158E-05 9.98158E-05 0.109504 9.98158E-05 0.0645557 9.98158E-05 9.98158E-05 9.98158E-05 9.98158E-05 9.98158E-05 0.0569076 9.98158E-05 9.98158E-05 9.98158E-05 9.98158E-05 9.98158E-05 0.47797 9.98158E-05 9.98158E-05 9.98158E-05
9.98069E-05 9.98069E-05 9.98069E-05 9.98069E-05 9.98069E-05 9.98069E-05 0.277243 9.98069E-05 0.000639814 9.98069E-05 9.98069E-05 9.98069E-05 9.98069E-05 9.98069E-05 9.98069E-05 9.98069E-05 9.98069E-05 9.98069E-05 9.98069E-05 0.00470186 9.98069E-05 9.98069E-05 0.71522 9.98069E-05 9.98069E-05 9.98069E-05
9.98071E-05 9.98071E-05 0.613546 0.006763 9.98071E-05 9.98071E-05 0.252186 9.98071E-05 0.125309 9.98071E-05 9.98071E-05 9.98071E-05 9.98071E-05 9.98071E-05 9.98071E-05 9.98071E-05 9.98071E-05 9.98071E-05 9.98071E-05 9.98071E-05 9.98071E-05 9.98071E-05 9.98071E-05 9.98071E-05 9.98071E-05 9.98071E-05
9.98069E-05 0.0286874 9.98069E-05 9.98069E-05 0.378313 9.98069E-05 9.98069E-05 9.98069E-05 0.246225 9.98069E-05 9.98069E-05 9.98069E-05 9.98069E-05 9.98069E-05 9.98069E-05 9.98069E-05 0.344579 9.98069E-05 9.98069E-05 9.98069E-05 9.98069E-05 9.98069E-05 9.98069E-05 9.98069E-05 9.98069E-05 9.98069E-05
9.9807E-05 9.9807E-05 9.9807E-05 0.0968686 9.9807E-05 9.9807E-05 9.9807E-05 9.9807E-05 0.739182 0.100674 9.9807E-05 9.9807E-05 9.9807E-05 9.9807E-05 9.9807E-05 9.9807E-05 9.9807E-05 9.9807E-05 9.9807E-05 9.9807E-05 9.9807E-05 9.9807E-05 0.0610788 9.9807E-05 9.9807E-05 9.9807E-05
9.98245E-05 9.98245E-05 0.487968 0.0944122 0.138835 9.98245E-05 9.98245E-05 9.98245E-05 9.98245E-05 9.98245E-05 0.00412751 9.98245E-05 9.98245E-05 9.98245E-05 9.98245E-05 0.263429 0.00923214 9.98245E-05 9.98245E-05 9.98245E-05 9.98245E-05 9.98245E-05 9.98245E-05 9.98245E-05 9.98245E-05 9.98245E-05
9.97983E-05 9.97983E-05 9.97983E-05 9.97983E-05 9.97983E-05 9.97983E-05 0.547157 9.97983E-05 9.97983E-05 9.97983E-05 9.97983E-05 9.97983E-05 9.97983E-05 0.0245074 9.97983E-05 0.42604 9.97983E-05 9.97983E-05 9.97983E-05 9.97983E-05 9.97983E-05 9.97983E-05 9.97983E-05 9.97983E-05 9.97983E-05 9.97983E-05
9.98506E-05 9.98506E-05 9.98506E-05 0.185762 0.0934502 9.98506E-05 0.231408 9.98506E-05 0.200584 9.98506E-05 0.102165 9.98506E-05 9.98506E-05 9.98506E-05 9.98506E-05 9.98506E-05 9.98506E-05 9.98506E-05 0.0122207 0.0391243 0.126723 9.98506E-05 9.98506E-05 9.98506E-05 9.98506E-05 0.00686574
