0.0342245 9.98421E-05 0.232941 9.98421E-05 9.98421E-05 9.98421E-05 0.188782 0.00963632 0.0786541 0.0429767 9.98421E-05 9.98421E-05 9.98421E-05 9.98421E-05 0.00472771 9.98421E-05 9.98421E-05 9.98421E-05 9.98421E-05 9.98421E-05 0.115031 9.98421E-05 9.98421E-05 9.98421E-05 0.291229 9.98421E-05 9.98421E-05
9.97895E-05 9.97895E-05 0.00158664 9.97895E-05 9.97895E-05 9.97895E-05 0.921415 9.97895E-05 9.97895E-05 9.97895E-05 9.97895E-05 9.97895E-05 9.97895E-05 9.97895E-05 9.97895E-05 9.97895E-05 9.97895E-05 9.97895E-05 9.97895E-05 9.97895E-05 9.97895E-05 9.97895E-05 0.0746035 9.97895E-05 9.97895E-05 9.97895E-05 9.97895E-05
0.00978139 9.97807E-05 9.97807E-05 9.97807E-05 9.97807E-05 9.97807E-05 9.97807E-05 9.97807E-05 9.97807E-05 9.97807E-05 0.987724 9.97807E-05 9.97807E-05 9.97807E-05 9.97807E-05 9.97807E-05 9.97807E-05 9.97807E-05 9.97807E-05 9.97807E-05 9.97807E-05 9.97807E-05 9.97807E-05 9.97807E-05 9.97807E-05 9.97807E-05 9.97807E-05
0.0276393 9.98597E-05 9.98597E-05 9.98597E-05 9.98597E-05 9.98597E-05 9.98597E-05 9.98597E-05 0.008065 9.98597E-05 0.271006 9.98597E-05 9.98597E-05 0.306579 9.98597E-05 0.0337306 9.98597E-05 9.98597E-05 9.98597E-05 0.0918189 0.156794 9.98597E-05 0.0209883 0.0626909 0.0104983 9.98597E-05 0.00859128
9.97896E-05 9.97896E-05 9.97896E-05 9.97896E-05 9.97896E-05 0.0168792 0.91534 9.97896E-05 9.97896E-05 9.97896E-05 9.97896E-05 9.97896E-05 9.97896E-05 9.97896E-05 9.97896E-05 9.97896E-05 9.97896E-05 9.97896E-05 0.0653863 9.97896E-05 9.97896E-05 9.97896E-05 9.97896E-05 9.97896E-05 9.97896E-05 9.97896E-05 9.97896E-05
9.98422E-05 9.98422E-05 0.199516 9.98422E-05 9.98422E-05 0.177587 9.98422E-05 9.98422E-05 9.98422E-05 0.0200947 0.200201 9.98422E-05 9.98422E-05 9.98422E-05 9.98422E-05 0.11753 9.98422E-05 9.98422E-05 0.03676 0.0032485 9.98422E-05 9.98422E-05 9.98422E-05 9.98422E-05 0.0580624 0.185203 9.98422E-05
9.98422E-05 9.98422E-05 0.0710641 9.98422E-05 9.98422E-05 9.98422E-05 0.297719 0.0507438 0.0844722 0.144351 9.98422E-05 9.98422E-05 9.98422E-05 0.0638782 9.98422E-05 9.98422E-05 0.0562983 9.98422E-05 9.98422E-05 9.98422E-05 0.14656 0.0831156 9.98422E-05 9.98422E-05 9.98422E-05 9.98422E-05 9.98422E-05
9.98334E-05 9.98334E-05 9.98334E-05 9.98334E-05 9.98334E-05 0.0833967 9.98334E-05 0.115031 9.98334E-05 0.0606339 9.98334E-05 9.98334E-05 9.98334E-05 9.98334E-05 0.060285 9.98334E-05 9.98334E-05 9.98334E-05 9.98334E-05 0.148066 0.15017 9.98334E-05 9.98334E-05 9.98334E-05 0.276054 0.104466 9.98334E-05
0.138262 9.98421E-05 9.98421E-05 9.98421E-05 9.98421E-05 0.193049 9.98421E-05 0.0484766 9.98421E-05 9.98421E-05 0.159379 9.98421E-05 9.98421E-05 9.98421E-05 9.98421E-05 9.98421E-05 9.98421E-05 9.98421E-05 9.98421E-05 9.98421E-05 0.263391 0.110161 9.98421E-05 0.00257327 0.0371221 9.98421E-05 0.0457883
0.00412487 9.97808E-05 9.97808E-05 9.97808E-05 9.97808E-05 9.97808E-05 0.993381 9.97808E-05 9.97808E-05 9.97808E-05 9.97808E-05 9.97808E-05 9.97808E-05 9.97808E-05 9.97808E-05 9.97808E-05 9.97808E-05 9.97808E-05 9.97808E-05 9.97808E-05 9.97808E-05 9.97808E-05 9.97808E-05 9.97808E-05 9.97808E-05 9.97808E-05 9.97808E-05
0.156363 9.98158E-05 0.1687 9.98158E-05 9.98158E-05 9.98158E-05 0.0816805 9.98158E-05 0.0729916 9.98158E-05 9.98158E-05 9.98158E-05 9.98158E-05 9.98158E-05 9.98158E-05 9.98158E-05 9.98158E-05 9.98158E-05 9.98158E-05 9.98158E-05 0.224083 9.98158E-05 9.98158E-05 9.98158E-05 0.294086 9.98158E-05 9.98158E-05
9.97807E-05 9.97807E-05 9.97807E-05 9.97807E-05 9.97807E-05 9.97807E-05 9.97807E-05 9.97807E-05 0.025462 9.97807E-05 0.972043 9.97807E-05 9.97807E-05 9.97807E-05 9.97807E-05 9.97807E-05 9.97807E-05 9.97807E-05 9.97807E-05 9.97807E-05 9.97807E-05 9.97807E-05 9.97807E-05 9.97807E-05 9.97807E-05 9.97807E-05 9.97807E-05
0.00407259 9.97808E-05 9.97808E-05 9.97808E-05 9.97808E-05 9.97808E-05 0.993433 9.97808E-05 9.97808E-05 9.97808E-05 9.97808E-05 9.97808E-05 9.97808E-05 9.97808E-05 9.97808E-05 9.97808E-05 9.97808E-05 9.97808E-05 9.97808E-05 9.97808E-05 9.97808E-05 9.97808E-05 9.97808E-05 9.97808E-05 9.97808E-05 9.97808E-05 9.97808E-05
0.0234354 9.98245E-05 9.98245E-05 9.98245E-05 9.98245E-05 9.98245E-05 9.98245E-05 9.98245E-05 0.014644 9.98245E-05 9.98245E-05 0.0990147 0.0158562 9.98245E-05 9.98245E-05 0.00521689 9.98245E-05 9.98245E-05 0.0459279 9.98245E-05 9.98245E-05 9.98245E-05 9.98245E-05 9.98245E-05 0.793908 9.98245E-05 9.98245E-05
0.0965928 9.98422E-05 0.183939 9.98422E-05 0.0178558 0.0789844 0.247717 9.98422E-05 9.98422E-05 0.051819 0.0288702 9.98422E-05 0.0706024 9.98422E-05 9.98422E-05 0.221823 9.98422E-05 9.98422E-05 9.98422E-05 9.98422E-05 9.98422E-05 9.98422E-05 9.98422E-05 9.98422E-05 9.98422E-05 9.98422E-05 9.98422E-05
0.0550524 9.98684E-05 0.189814 0.0156641 9.98684E-05 0.14163 0.0873392 9.98684E-05 9.98684E-05 9.98684E-05 9.98684E-05 9.98684E-05 0.0241337 0.0635183 9.98684E-05 0.0247569 9.98684E-05 0.162591 9.98684E-05 0.0189228 0.0714469 9.98684E-05 9.98684E-05 9.98684E-05 0.143632 9.98684E-05 9.98684E-05
0.013888 9.98422E-05 9.98422E-05 9.98422E-05 0.13428 9.98422E-05 0.0771903 9.98422E-05 0.0541953 9.98422E-05 0.481362 9.98422E-05 0.031071 0.0608508 9.98422E-05 9.98422E-05 9.98422E-05 9.98422E-05 9.98422E-05 9.98422E-05 0.0771746 9.98422E-05 0.0681912 9.98422E-05 9.98422E-05 9.98422E-05 9.98422E-05
0.108636 9.98247E-05 0.250423 9.98247E-05 9.98247E-05 9.98247E-05 0.146383 9.98247E-05 9.98247E-05 9.98247E-05 9.98247E-05 9.98247E-05 9.98247E-05 9.98247E-05 0.183216 9.98247E-05 9.98247E-05 9.98247E-05 9.98247E-05 9.98247E-05 0.0598198 9.98247E-05 9.98247E-05 0.129649 9.98247E-05 9.98247E-05 0.119877
0.185585 9.9842E-05 9.9842E-05 9.9842E-05 9.9842E-05 0.0765001 0.200488 9.9842E-05 0.0270829 9.9842E-05 0.124906 9.9842E-05 0.0369886 9.9842E-05 9.9842E-05 9.9842E-05 9.9842E-05 9.9842E-05 9.9842E-05 9.9842E-05 0.196412 9.9842E-05 9.9842E-05 9.9842E-05 0.016876 0.133364 9.9842E-05
9.97809E-05 9.97809E-05 9.97809E-05 9.97809E-05 9.97809E-05 9.97809E-05 0.785752 9.97809E-05 9.97809E-05 9.97809E-05 0.211753 9.97809E-05 9.97809E-05 9.97809E-05 9.97809E-05 9.97809E-05 9.97809E-05 9.97809E-05 9.97809E-05 9.97809E-05 9.97809E-05 9.97809E-05 9.97809E-05 9.97809E-05 9.97809E-05 9.97809E-05 9.97809E-05
9.98157E-05 9.98157E-05 9.98157E-05 0.0687723 9.98157E-05 0.0645608 9.98157E-05 9.98157E-05 0.0477409 9.98157E-05 9.98157E-05 9.98157E-05 9.98157E-05 0.0209801 9.98157E-05 9.98157E-05 9.98157E-05 9.98157E-05 9.98157E-05 9.98157E-05 9.98157E-05 9.98157E-05 9.98157E-05 9.98157E-05 0.535964 9.98157E-05 0.259886
9.98334E-05 0.0488475 9.98334E-05 9.98334E-05 9.98334E-05 0.145346 0.0246375 0.0602632 9.98334E-05 9.98334E-05 0.250581 9.98334E-05 9.98334E-05 9.98334E-05 9.98334E-05 9.98334E-05 9.98334E-05 9.98334E-05 0.0333458 9.98334E-05 0.288009 9.98334E-05 9.98334E-05 9.98334E-05 9.98334E-05 0.147073 9.98334E-05
0.0679628 9.97894E-05 0.0934279 9.97894E-05 9.97894E-05 9.97894E-05 9.97894E-05 9.97894E-05 9.97894E-05 9.97894E-05 9.97894E-05 9.97894E-05 9.97894E-05 9.97894E-05 9.97894E-05 9.97894E-05 9.97894E-05 9.97894E-05 9.97894E-05 9.97894E-05 9.97894E-05 9.97894E-05 9.97894E-05 9.97894E-05 0.836214 9.97894E-05 9.97894E-05
0.267166 0.00371392 9.98246E-05 0.0215748 9.98246E-05 9.98246E-05 0.402444 9.98246E-05 9.98246E-05 9.98246E-05 9.98246E-05 9.98246E-05 9.98246E-05 9.98246E-05 9.98246E-05 9.98246E-05 9.98246E-05 0.0153088 9.98246E-05 9.98246E-05 0.241579 0.0462169 9.98246E-05 9.98246E-05 9.98246E-05 9.98246E-05 9.98246E-05
0.240512 9.98331E-05 9.98331E-05 9.98331E-05 9.98331E-05 0.0201753 9.98331E-05 9.98331E-05 9.98331E-05 9.98331E-05 9.98331E-05 9.98331E-05 0.135024 9.98331E-05 9.98331E-05 0.102688 9.98331E-05 9.98331E-05 9.98331E-05 0.0187832 0.0810571 9.98331E-05 9.98331E-05 0.0421353 0.357728 9.98331E-05 9.98331E-05
0.0757626 9.98158E-05 9.98158E-05 9.98158E-05 9.98158E-05 9.98158E-05 9.98158E-05 9.98158E-05 9.98158E-05 9.98158E-05 0.367492 9.98158E-05 9.98158E-05 0.0922828 9.98158E-05 0.0302696 9.98158E-05 9.98158E-05 9.98158E-05 9.98158E-05 0.00141958 9.98158E-05 9.98158E-05 9.98158E-05 0.430678 9.98158E-05 9.98158E-05
0.0368708 0.231992 9.98333E-05 9.98333E-05 9.98333E-05 9.98333E-05 0.026597 9.98333E-05 9.98333E-05 9.98333E-05 9.98333E-05 9.98333E-05 9.98333E-05 9.98333E-05 0.0745457 0.262635 9.98333E-05 0.106002 9.98333E-05 9.98333E-05 0.224126 9.98333E-05 9.98333E-05 0.035334 9.98333E-05 9.98333E-05 9.98333E-05
0.00394245 9.98246E-05 9.98246E-05 9.98246E-05 9.98246E-05 9.98246E-05 0.648924 9.98246E-05 9.98246E-05 0.00256922 9.98246E-05 9.98246E-05 9.98246E-05 0.0688654 9.98246E-05 9.98246E-05 9.98246E-05 9.98246E-05 9.98246E-05 0.0276226 0.0151694 9.98246E-05 9.98246E-05 9.98246E-05 0.23091 9.98246E-05 9.98246E-05
0.180959 0.0233657 0.0295051 9.9816E-05 9.9816E-05 9.9816E-05 0.688269 9.9816E-05 9.9816E-05 9.9816E-05 9.9816E-05 9.9816E-05 9.9816E-05 9.9816E-05 9.9816E-05 0.0510992 9.9816E-05 9.9816E-05 9.9816E-05 9.9816E-05 9.9816E-05 0.0247062 9.9816E-05 9.9816E-05 9.9816E-05 9.9816E-05 9.9816E-05
0.0432935 9.98071E-05 9.98071E-05 9.98071E-05 0.0294914 0.018054 9.98071E-05 9.98071E-05 9.98071E-05 9.98071E-05 9.98071E-05 9.98071E-05 9.98071E-05 9.98071E-05 9.98071E-05 9.98071E-05 9.98071E-05 9.98071E-05 9.98071E-05 9.98071E-05 9.98071E-05 9.98071E-05 9.98071E-05 9.98071E-05 0.811594 0.0953718 9.98071E-05
9.97983E-05 9.97983E-05 0.0782755 9.97983E-05 9.97983E-05 9.97983E-05 0.80324 9.97983E-05 0.0704308 9.97983E-05 9.97983E-05 9.97983E-05 0.0457587 9.97983E-05 9.97983E-05 9.97983E-05 9.97983E-05 9.97983E-05 9.97983E-05 9.97983E-05 9.97983E-05 9.97983E-05 9.97983E-05 9.97983E-05 9.97983E-05 9.97983E-05 9.97983E-05
0.111678 9.98423E-05 0.0278057 9.98423E-05 0.0127076 9.98423E-05 0.228099 9.98423E-05 0.0530223 9.98423E-05 0.183083 9.98423E-05 9.98423E-05 9.98423E-05 9.98423E-05 9.98423E-05 9.98423E-05 9.98423E-05 9.98423E-05 0.185236 0.0652071 9.98423E-05 9.98423E-05 9.98423E-05 0.131364 9.98423E-05 9.98423E-05
0.133731 9.98157E-05 0.152399 9.98157E-05 9.98157E-05 9.98157E-05 9.98157E-05 9.98157E-05 0.0501482 9.98157E-05 0.518335 9.98157E-05 9.98157E-05 0.0122346 9.98157E-05 9.98157E-05 9.98157E-05 9.98157E-05 9.98157E-05 9.98157E-05 0.131055 9.98157E-05 9.98157E-05 9.98157E-05 9.98157E-05 9.98157E-05 9.98157E-05
0.117428 0.0630833 9.98508E-05 0.0377809 9.98508E-05 9.98508E-05 9.98508E-05 9.98508E-05 9.98508E-05 9.98508E-05 0.115606 9.98508E-05 9.98508E-05 9.98508E-05 0.0082245 0.0866126 9.98508E-05 9.98508E-05 9.98508E-05 0.0260789 0.0374746 9.98508E-05 9.98508E-05 0.0122648 0.493748 9.98508E-05 9.98508E-05
9.97984E-05 9.97984E-05 9.97984E-05 9.97984E-05 9.97984E-05 9.97984E-05 0.961017 9.97984E-05 0.0106342 9.97984E-05 9.97984E-05 9.97984E-05 9.97984E-05 9.97984E-05 9.97984E-05 9.97984E-05 9.97984E-05 9.97984E-05 9.97984E-05 9.97984E-05 9.97984E-05 9.97984E-05 0.00288303 0.0231701 9.97984E-05 9.97984E-05 9.97984E-05
9.98072E-05 0.0656154 9.98072E-05 9.98072E-05 9.98072E-05 9.98072E-05 9.98072E-05 9.98072E-05 9.98072E-05 9.98072E-05 0.74992 9.98072E-05 9.98072E-05 0.0532193 9.98072E-05 9.98072E-05 9.98072E-05 9.98072E-05 9.98072E-05 9.98072E-05 0.0535313 0.0755178 9.98072E-05 9.98072E-05 9.98072E-05 9.98072E-05 9.98072E-05
9.97985E-05 9.97985E-05 9.97985E-05 9.97985E-05 9.97985E-05 9.97985E-05 9.97985E-05 9.97985E-05 9.97985E-05 0.094568 0.00499901 9.97985E-05 9.97985E-05 9.97985E-05 9.97985E-05 9.97985E-05 9.97985E-05 9.97985E-05 9.97985E-05 9.97985E-05 9.97985E-05 9.97985E-05 9.97985E-05 9.97985E-05 0.864642 0.0334956 9.97985E-05
0.0118695 9.98158E-05 9.98158E-05 9.98158E-05 9.98158E-05 0.107404 9.98158E-05 9.98158E-05 9.98158E-05 9.98158E-05 0.0485594 9.98158E-05 9.98158E-05 9.98158E-05 9.98158E-05 9.98158E-05 9.98158E-05 9.98158E-05 9.98158E-05 9.98158E-05 9.98158E-05 9.98158E-05 0.127212 0.0128055 0.690054 9.98158E-05 9.98158E-05
0.119257 9.9816E-05 9.9816E-05 0.00184201 0.0493157 9.9816E-05 9.9816E-05 9.9816E-05 9.9816E-05 9.9816E-05 0.665592 9.9816E-05 9.9816E-05 9.9816E-05 9.9816E-05 9.9816E-05 9.9816E-05 9.9816E-05 0.0494852 9.9816E-05 9.9816E-05 9.9816E-05 0.112412 9.9816E-05 9.9816E-05 9.9816E-05 9.9816E-05
0.0570016 9.98508E-05 9.98508E-05 0.000835374 9.98508E-05 9.98508E-05 9.98508E-05 9.98508E-05 9.98508E-05 9.98508E-05 0.103987 0.00755649 9.98508E-05 9.98508E-05 9.98508E-05 0.115531 0.0175173 0.0229806 9.98508E-05 9.98508E-05 0.0171326 9.98508E-05 9.98508E-05 9.98508E-05 0.565402 0.090359 9.98508E-05
0.00569837 0.0561394 9.98069E-05 9.98069E-05 9.98069E-05 9.98069E-05 9.98069E-05 9.98069E-05 9.98069E-05 9.98069E-05 0.840313 9.98069E-05 9.98069E-05 9.98069E-05 9.98069E-05 9.98069E-05 9.98069E-05 9.98069E-05 9.98069E-05 9.98069E-05 0.0453806 9.98069E-05 9.98069E-05 9.98069E-05 9.98069E-05 0.0502725 9.98069E-05
0.025578 0.120924 9.98072E-05 9.98072E-05 9.98072E-05 9.98072E-05 0.749563 9.98072E-05 9.98072E-05 0.00776302 9.98072E-05 9.98072E-05 9.98072E-05 9.98072E-05 9.98072E-05 9.98072E-05 9.98072E-05 9.98072E-05 9.98072E-05 9.98072E-05 0.0939759 9.98072E-05 9.98072E-05 9.98072E-05 9.98072E-05 9.98072E-05 9.98072E-05
9.97896E-05 9.97896E-05 9.97896E-05 9.97896E-05 9.97896E-05 9.97896E-05 0.829478 9.97896E-05 9.97896E-05 9.97896E-05 9.97896E-05 0.111822 9.97896E-05 9.97896E-05 9.97896E-05 9.97896E-05 9.97896E-05 9.97896E-05 9.97896E-05 9.97896E-05 9.97896E-05 9.97896E-05 9.97896E-05 9.97896E-05 9.97896E-05 0.0563043 9.97896E-05
0.124963 9.98421E-05 0.109524 9.98421E-05 9.98421E-05 0.0990867 0.0201959 9.98421E-05 0.0275074 0.0835512 0.33791 9.98421E-05 9.98421E-05 9.98421E-05 9.98421E-05 9.98421E-05 9.98421E-05 9.98421E-05 9.98421E-05 9.98421E-05 0.159894 0.0355698 9.98421E-05 9.98421E-05 9.98421E-05 9.98421E-05 9.98421E-05
0.151886 9.98159E-05 9.98159E-05 9.98159E-05 9.98159E-05 9.98159E-05 9.98159E-05 9.98159E-05 9.98159E-05 9.98159E-05 0.0341967 9.98159E-05 9.98159E-05 9.98159E-05 9.98159E-05 9.98159E-05 9.98159E-05 9.98159E-05 0.0517488 9.98159E-05 0.425707 9.98159E-05 9.98159E-05 9.98159E-05 0.277612 0.0567534 9.98159E-05
9.97982E-05 9.97982E-05 9.97982E-05 9.97982E-05 9.97982E-05 9.97982E-05 9.97982E-05 9.97982E-05 9.97982E-05 9.97982E-05 0.909243 9.97982E-05 9.97982E-05 0.0473786 9.97982E-05 9.97982E-05 9.97982E-05 9.97982E-05 9.97982E-05 9.97982E-05 9.97982E-05 9.97982E-05 9.97982E-05 0.0309063 9.97982E-05 0.0101771 9.97982E-05
0.00371347 9.97985E-05 9.97985E-05 9.97985E-05 9.97985E-05 0.0412111 0.932933 9.97985E-05 9.97985E-05 9.97985E-05 9.97985E-05 9.97985E-05 9.97985E-05 0.0198473 9.97985E-05 9.97985E-05 9.97985E-05 9.97985E-05 9.97985E-05 9.97985E-05 9.97985E-05 9.97985E-05 9.97985E-05 9.97985E-05 9.97985E-05 9.97985E-05 9.97985E-05
9.97721E-05 9.97721E-05 9.97721E-05 9.97721E-05 9.97721E-05 9.97721E-05 9.97721E-05 9.97721E-05 9.97721E-05 9.97721E-05 0.997406 9.97721E-05 9.97721E-05 9.97721E-05 9.97721E-05 9.97721E-05 9.97721E-05 9.97721E-05 9.97721E-05 9.97721E-05 9.97721E-05 9.97721E-05 9.97721E-05 9.97721E-05 9.97721E-05 9.97721E-05 9.97721E-05
0.099277 9.98244E-05 0.013427 0.0121445 9.98244E-05 9.98244E-05 0.591894 9.98244E-05 0.0174618 9.98244E-05 0.148221 9.98244E-05 9.98244E-05 9.98244E-05 9.98244E-05 9.98244E-05 9.98244E-05 9.98244E-05 9.98244E-05 9.98244E-05 0.115578 9.98244E-05 9.98244E-05 9.98244E-05 9.98244E-05 9.98244E-05 9.98244E-05
0.00358904 9.98163E-05 9.98163E-05 9.98163E-05 9.98163E-05 9.98163E-05 0.489501 9.98163E-05 9.98163E-05 9.98163E-05 9.98163E-05 9.98163E-05 9.98163E-05 9.98163E-05 0.0427536 9.98163E-05 0.116149 9.98163E-05 9.98163E-05 9.98163E-05 9.98163E-05 9.98163E-05 9.98163E-05 0.0232031 0.322707 9.98163E-05 9.98163E-05
0.118373 0.0201417 0.0518059 9.9877E-05 9.9877E-05 0.0921497 0.163407 9.9877E-05 0.0853026 0.0134894 9.9877E-05 9.9877E-05 9.9877E-05 0.0125647 9.9877E-05 9.9877E-05 9.9877E-05 0.0388597 9.9877E-05 0.110313 9.9877E-05 0.0199727 9.9877E-05 0.00957822 0.262644 9.9877E-05 9.9877E-05
9.98248E-05 9.98248E-05 9.98248E-05 0.0722204 9.98248E-05 9.98248E-05 0.543692 9.98248E-05 9.98248E-05 9.98248E-05 9.98248E-05 9.98248E-05 9.98248E-05 0.0810668 9.98248E-05 9.98248E-05 9.98248E-05 9.98248E-05 0.00546821 9.98248E-05 0.253321 0.0326288 9.98248E-05 9.98248E-05 0.00960622 9.98248E-05 9.98248E-05
9.98071E-05 9.98071E-05 9.98071E-05 9.98071E-05 9.98071E-05 9.98071E-05 0.927364 9.98071E-05 9.98071E-05 0.00773502 0.0122299 9.98071E-05 0.0164872 9.98071E-05 0.0339883 9.98071E-05 9.98071E-05 9.98071E-05 9.98071E-05 9.98071E-05 9.98071E-05 9.98071E-05 9.98071E-05 9.98071E-05 9.98071E-05 9.98071E-05 9.98071E-05
0.0172985 9.98246E-05 9.98246E-05 0.0692398 9.98246E-05 9.98246E-05 9.98246E-05 9.98246E-05 9.98246E-05 9.98246E-05 9.98246E-05 9.98246E-05 9.98246E-05 9.98246E-05 9.98246E-05 9.98246E-05 0.0809998 0.0100886 9.98246E-05 9.98246E-05 9.98246E-05 9.98246E-05 9.98246E-05 0.0279031 0.767508 9.98246E-05 0.0249653
0.0629107 9.97985E-05 9.97985E-05 9.97985E-05 9.97985E-05 9.97985E-05 0.117538 9.97985E-05 9.97985E-05 9.97985E-05 0.721281 9.97985E-05 0.0959746 9.97985E-05 9.97985E-05 9.97985E-05 9.97985E-05 9.97985E-05 9.97985E-05 9.97985E-05 9.97985E-05 9.97985E-05 9.97985E-05 9.97985E-05 9.97985E-05 9.97985E-05 9.97985E-05
9.97897E-05 9.97897E-05 9.97897E-05 9.97897E-05 9.97897E-05 9.97897E-05 9.97897E-05 9.97897E-05 9.97897E-05 9.97897E-05 0.84699 9.97897E-05 9.97897E-05 9.97897E-05 9.97897E-05 0.0621649 9.97897E-05 9.97897E-05 9.97897E-05 9.97897E-05 9.97897E-05 9.97897E-05 9.97897E-05 9.97897E-05 9.97897E-05 0.0884499 9.97897E-05
9.98072E-05 9.98072E-05 9.98072E-05 9.98072E-05 9.98072E-05 9.98072E-05 9.98072E-05 9.98072E-05 0.0728731 0.138279 0.681239 9.98072E-05 9.98072E-05 9.98072E-05 0.0763534 9.98072E-05 9.98072E-05 9.98072E-05 9.98072E-05 9.98072E-05 9.98072E-05 9.98072E-05 9.98072E-05 9.98072E-05 9.98072E-05 0.0290598 9.98072E-05
0.0117783 9.97983E-05 9.97983E-05 9.97983E-05 9.97983E-05 9.97983E-05 0.0122018 9.97983E-05 9.97983E-05 9.97983E-05 9.97983E-05 9.97983E-05 9.97983E-05 0.0818497 9.97983E-05 9.97983E-05 9.97983E-05 9.97983E-05 9.97983E-05 9.97983E-05 9.97983E-05 9.97983E-05 9.97983E-05 9.97983E-05 0.891875 9.97983E-05 9.97983E-05
9.97808E-05 9.97808E-05 9.97808E-05 9.97808E-05 9.97808E-05 9.97808E-05 0.964441 0.033065 9.97808E-05 9.97808E-05 9.97808E-05 9.97808E-05 9.97808E-05 9.97808E-05 9.97808E-05 9.97808E-05 9.97808E-05 9.97808E-05 9.97808E-05 9.97808E-05 9.97808E-05 9.97808E-05 9.97808E-05 9.97808E-05 9.97808E-05 9.97808E-05 9.97808E-05
0.0859701 9.98069E-05 0.735132 9.98069E-05 9.98069E-05 0.00409583 9.98069E-05 0.0983983 9.98069E-05 0.074208 9.98069E-05 9.98069E-05 9.98069E-05 9.98069E-05 9.98069E-05 9.98069E-05 9.98069E-05 9.98069E-05 9.98069E-05 9.98069E-05 9.98069E-05 9.98069E-05 9.98069E-05 9.98069E-05 9.98069E-05 9.98069E-05 9.98069E-05
9.97985E-05 9.97985E-05 0.95796 9.97985E-05 9.97985E-05 9.97985E-05 9.97985E-05 9.97985E-05 9.97985E-05 9.97985E-05 9.97985E-05 9.97985E-05 0.0227934 9.97985E-05 9.97985E-05 9.97985E-05 9.97985E-05 9.97985E-05 9.97985E-05 9.97985E-05 9.97985E-05 0.0111417 9.97985E-05 9.97985E-05 9.97985E-05 0.00580942 9.97985E-05
9.98158E-05 9.98158E-05 0.883648 9.98158E-05 0.0207173 9.98158E-05 9.98158E-05 9.98158E-05 0.00837785 9.98158E-05 9.98158E-05 9.98158E-05 9.98158E-05 9.98158E-05 0.0402153 9.98158E-05 0.0207459 0.0241998 9.98158E-05 9.98158E-05 9.98158E-05 9.98158E-05 9.98158E-05 9.98158E-05 9.98158E-05 9.98158E-05 9.98158E-05
0.0158432 9.98247E-05 0.341426 9.98247E-05 9.98247E-05 0.0989312 9.98247E-05 9.98247E-05 9.98247E-05 0.336422 9.98247E-05 9.98247E-05 9.98247E-05 9.98247E-05 9.98247E-05 0.0369333 0.0433115 9.98247E-05 9.98247E-05 0.125136 9.98247E-05 9.98247E-05 9.98247E-05 9.98247E-05 9.98247E-05 9.98247E-05 9.98247E-05
9.98243E-05 9.98243E-05 0.682012 9.98243E-05 9.98243E-05 0.082294 9.98243E-05 9.98243E-05 9.98243E-05 0.0443197 9.98243E-05 9.98243E-05 9.98243E-05 9.98243E-05 9.98243E-05 9.98243E-05 0.0419249 9.98243E-05 0.0386931 9.98243E-05 0.0618558 9.98243E-05 9.98243E-05 9.98243E-05 9.98243E-05 9.98243E-05 0.0469039
0.115588 9.98155E-05 0.725409 9.98155E-05 9.98155E-05 0.0354464 9.98155E-05 9.98155E-05 9.98155E-05 0.00667393 9.98155E-05 9.98155E-05 9.98155E-05 9.98155E-05 9.98155E-05 9.98155E-05 9.98155E-05 9.98155E-05 9.98155E-05 0.0405972 0.0741891 9.98155E-05 9.98155E-05 9.98155E-05 9.98155E-05 9.98155E-05 9.98155E-05
0.0503521 9.98069E-05 0.588881 9.98069E-05 9.98069E-05 9.98069E-05 9.98069E-05 9.98069E-05 0.00455403 0.297971 9.98069E-05 9.98069E-05 9.98069E-05 0.0560467 9.98069E-05 9.98069E-05 9.98069E-05 9.98069E-05 9.98069E-05 9.98069E-05 9.98069E-05 9.98069E-05 9.98069E-05 9.98069E-05 9.98069E-05 9.98069E-05 9.98069E-05
0.0391486 9.98155E-05 0.578122 9.98155E-05 9.98155E-05 0.0330737 9.98155E-05 9.98155E-05 9.98155E-05 0.239899 9.98155E-05 9.98155E-05 9.98155E-05 9.98155E-05 0.103316 9.98155E-05 0.00434499 9.98155E-05 9.98155E-05 9.98155E-05 9.98155E-05 9.98155E-05 9.98155E-05 9.98155E-05 9.98155E-05 9.98155E-05 9.98155E-05
9.97897E-05 9.97897E-05 0.852335 9.97897E-05 9.97897E-05 9.97897E-05 9.97897E-05 9.97897E-05 9.97897E-05 9.97897E-05 9.97897E-05 9.97897E-05 9.97897E-05 9.97897E-05 9.97897E-05 9.97897E-05 9.97897E-05 9.97897E-05 9.97897E-05 9.97897E-05 9.97897E-05 0.082819 0.0624508 9.97897E-05 9.97897E-05 9.97897E-05 9.97897E-05
9.97894E-05 9.97894E-05 0.924421 9.97894E-05 9.97894E-05 9.97894E-05 9.97894E-05 9.97894E-05 0.0730113 9.97894E-05 9.97894E-05 9.97894E-05 9.97894E-05 0.000173194 9.97894E-05 9.97894E-05 9.97894E-05 9.97894E-05 9.97894E-05 9.97894E-05 9.97894E-05 9.97894E-05 9.97894E-05 9.97894E-05 9.97894E-05 9.97894E-05 9.97894E-05
0.211823 9.98066E-05 0.589912 9.98066E-05 9.98066E-05 0.0187664 9.98066E-05 9.98066E-05 0.147503 9.98066E-05 9.98066E-05 9.98066E-05 9.98066E-05 9.98066E-05 9.98066E-05 9.98066E-05 9.98066E-05 9.98066E-05 9.98066E-05 9.98066E-05 9.98066E-05 9.98066E-05 9.98066E-05 9.98066E-05 9.98066E-05 0.0297998 9.98066E-05
0.0694833 9.9842E-05 0.42868 0.137383 9.9842E-05 9.9842E-05 9.9842E-05 9.9842E-05 0.0602833 0.0983534 9.9842E-05 9.9842E-05 0.0302279 9.9842E-05 9.9842E-05 9.9842E-05 9.9842E-05 9.9842E-05 0.0107158 9.9842E-05 0.15813 9.9842E-05 9.9842E-05 9.9842E-05 9.9842E-05 0.00494655 9.9842E-05
9.98155E-05 9.98155E-05 0.498239 0.132012 9.98155E-05 0.172436 9.98155E-05 9.98155E-05 0.0845229 9.98155E-05 9.98155E-05 9.98155E-05 9.98155E-05 9.98155E-05 9.98155E-05 9.98155E-05 9.98155E-05 9.98155E-05 9.98155E-05 0.0565132 9.98155E-05 9.98155E-05 9.98155E-05 9.98155E-05 9.98155E-05 9.98155E-05 0.0541812
0.139526 9.98244E-05 0.550587 9.98244E-05 9.98244E-05 9.98244E-05 9.98244E-05 9.98244E-05 9.98244E-05 0.133916 9.98244E-05 9.98244E-05 9.98244E-05 9.98244E-05 9.98244E-05 9.98244E-05 0.00164987 9.98244E-05 0.00149587 9.98244E-05 0.155214 9.98244E-05 9.98244E-05 9.98244E-05 9.98244E-05 9.98244E-05 0.0156143
9.979E-05 0.0835958 0.907486 9.979E-05 9.979E-05 9.979E-05 9.979E-05 9.979E-05 9.979E-05 9.979E-05 9.979E-05 9.979E-05 9.979E-05 9.979E-05 9.979E-05 9.979E-05 9.979E-05 9.979E-05 0.00652334 9.979E-05 9.979E-05 9.979E-05 9.979E-05 9.979E-05 9.979E-05 9.979E-05 9.979E-05
9.9781E-05 9.9781E-05 0.968448 9.9781E-05 9.9781E-05 0.0290572 9.9781E-05 9.9781E-05 9.9781E-05 9.9781E-05 9.9781E-05 9.9781E-05 9.9781E-05 9.9781E-05 9.9781E-05 9.9781E-05 9.9781E-05 9.9781E-05 9.9781E-05 9.9781E-05 9.9781E-05 9.9781E-05 9.9781E-05 9.9781E-05 9.9781E-05 9.9781E-05 9.9781E-05
9.98155E-05 9.98155E-05 0.656753 9.98155E-05 9.98155E-05 9.98155E-05 9.98155E-05 0.235081 9.98155E-05 0.0507257 9.98155E-05 9.98155E-05 9.98155E-05 9.98155E-05 9.98155E-05 0.00670722 9.98155E-05 9.98155E-05 9.98155E-05 0.00810971 9.98155E-05 9.98155E-05 9.98155E-05 9.98155E-05 9.98155E-05 0.0405266 9.98155E-05
9.98244E-05 9.98244E-05 0.617907 9.98244E-05 9.98244E-05 0.027548 9.98244E-05 9.98244E-05 0.134512 9.98244E-05 9.98244E-05 9.98244E-05 9.98244E-05 0.0623532 0.0465057 9.98244E-05 9.98244E-05 9.98244E-05 9.98244E-05 9.98244E-05 0.078152 9.98244E-05 9.98244E-05 9.98244E-05 9.98244E-05 0.0310254 9.98244E-05
0.0267616 9.9807E-05 0.901845 9.9807E-05 9.9807E-05 9.9807E-05 9.9807E-05 9.9807E-05 0.0318509 9.9807E-05 9.9807E-05 9.9807E-05 9.9807E-05 0.0315508 0.00579611 9.9807E-05 9.9807E-05 9.9807E-05 9.9807E-05 9.9807E-05 9.9807E-05 9.9807E-05 9.9807E-05 9.9807E-05 9.9807E-05 9.9807E-05 9.9807E-05
0.161799 0.129538 0.635793 9.97978E-05 9.97978E-05 9.97978E-05 9.97978E-05 9.97978E-05 9.97978E-05 9.97978E-05 9.97978E-05 9.97978E-05 9.97978E-05 9.97978E-05 9.97978E-05 9.97978E-05 9.97978E-05 0.0705748 9.97978E-05 9.97978E-05 9.97978E-05 9.97978E-05 9.97978E-05 9.97978E-05 9.97978E-05 9.97978E-05 9.97978E-05
9.97813E-05 9.97813E-05 0.947338 9.97813E-05 9.97813E-05 9.97813E-05 9.97813E-05 9.97813E-05 9.97813E-05 9.97813E-05 9.97813E-05 0.0501679 9.97813E-05 9.97813E-05 9.97813E-05 9.97813E-05 9.97813E-05 9.97813E-05 9.97813E-05 9.97813E-05 9.97813E-05 9.97813E-05 9.97813E-05 9.97813E-05 9.97813E-05 9.97813E-05 9.97813E-05
0.0148377 9.9798E-05 0.709301 9.9798E-05 9.9798E-05 9.9798E-05 9.9798E-05 9.9798E-05 9.9798E-05 0.0982962 9.9798E-05 9.9798E-05 9.9798E-05 9.9798E-05 9.9798E-05 9.9798E-05 9.9798E-05 9.9798E-05 9.9798E-05 9.9798E-05 0.17527 9.9798E-05 9.9798E-05 9.9798E-05 9.9798E-05 9.9798E-05 9.9798E-05
9.97985E-05 9.97985E-05 0.690842 9.97985E-05 9.97985E-05 9.97985E-05 9.97985E-05 9.97985E-05 0.0475467 9.97985E-05 9.97985E-05 9.97985E-05 9.97985E-05 9.97985E-05 9.97985E-05 9.97985E-05 9.97985E-05 9.97985E-05 9.97985E-05 0.232184 9.97985E-05 9.97985E-05 0.0271316 9.97985E-05 9.97985E-05 9.97985E-05 9.97985E-05
0.00608221 9.98332E-05 0.697292 9.98332E-05 9.98332E-05 0.0368412 9.98332E-05 0.0706499 0.00152936 9.98332E-05 9.98332E-05 9.98332E-05 9.98332E-05 9.98332E-05 9.98332E-05 9.98332E-05 9.98332E-05 9.98332E-05 9.98332E-05 0.0056733 9.98332E-05 0.0290978 9.98332E-05 9.98332E-05 9.98332E-05 0.150937 9.98332E-05
9.97806E-05 9.97806E-05 0.852208 9.97806E-05 9.97806E-05 9.97806E-05 9.97806E-05 9.97806E-05 0.145297 9.97806E-05 9.97806E-05 9.97806E-05 9.97806E-05 9.97806E-05 9.97806E-05 9.97806E-05 9.97806E-05 9.97806E-05 9.97806E-05 9.97806E-05 9.97806E-05 9.97806E-05 9.97806E-05 9.97806E-05 9.97806E-05 9.97806E-05 9.97806E-05
9.98074E-05 9.98074E-05 0.894571 9.98074E-05 9.98074E-05 0.0270858 9.98074E-05 9.98074E-05 0.0179593 9.98074E-05 9.98074E-05 9.98074E-05 9.98074E-05 9.98074E-05 9.98074E-05 9.98074E-05 9.98074E-05 9.98074E-05 9.98074E-05 9.98074E-05 9.98074E-05 9.98074E-05 0.0362819 0.0219066 9.98074E-05 9.98074E-05 9.98074E-05
9.97897E-05 9.97897E-05 0.977512 9.97897E-05 9.97897E-05 9.97897E-05 9.97897E-05 9.97897E-05 9.97897E-05 9.97897E-05 9.97897E-05 0.0100231 9.97897E-05 9.97897E-05 9.97897E-05 9.97897E-05 9.97897E-05 9.97897E-05 9.97897E-05 9.97897E-05 9.97897E-05 9.97897E-05 9.97897E-05 9.97897E-05 0.01007 9.97897E-05 9.97897E-05
9.97721E-05 9.97721E-05 0.997406 9.97721E-05 9.97721E-05 9.97721E-05 9.97721E-05 9.97721E-05 9.97721E-05 9.97721E-05 9.97721E-05 9.97721E-05 9.97721E-05 9.97721E-05 9.97721E-05 9.97721E-05 9.97721E-05 9.97721E-05 9.97721E-05 9.97721E-05 9.97721E-05 9.97721E-05 9.97721E-05 9.97721E-05 9.97721E-05 9.97721E-05 9.97721E-05
9.97807E-05 9.97807E-05 0.930935 9.97807E-05 9.97807E-05 9.97807E-05 9.97807E-05 9.97807E-05 9.97807E-05 9.97807E-05 9.97807E-05 9.97807E-05 9.97807E-05 9.97807E-05 0.0665703 9.97807E-05 9.97807E-05 9.97807E-05 9.97807E-05 9.97807E-05 9.97807E-05 9.97807E-05 9.97807E-05 9.97807E-05 9.97807E-05 9.97807E-05 9.97807E-05
0.0597406 0.0597143 0.442167 0.00221523 9.98071E-05 9.98071E-05 9.98071E-05 9.98071E-05 9.98071E-05 9.98071E-05 9.98071E-05 0.433967 9.98071E-05 9.98071E-05 9.98071E-05 9.98071E-05 9.98071E-05 9.98071E-05 9.98071E-05 9.98071E-05 9.98071E-05 9.98071E-05 9.98071E-05 9.98071E-05 9.98071E-05 9.98071E-05 9.98071E-05
0.0801867 9.97984E-05 9.97984E-05 9.97984E-05 9.97984E-05 0.0808402 9.97984E-05 9.97984E-05 9.97984E-05 9.97984E-05 9.97984E-05 9.97984E-05 9.97984E-05 9.97984E-05 9.97984E-05 0.815664 9.97984E-05 9.97984E-05 9.97984E-05 0.0210141 9.97984E-05 9.97984E-05 9.97984E-05 9.97984E-05 9.97984E-05 9.97984E-05 9.97984E-05
0.00138495 9.97984E-05 9.97984E-05 9.97984E-05 9.97984E-05 0.0350544 9.97984E-05 9.97984E-05 9.97984E-05 9.97984E-05 9.97984E-05 0.652679 9.97984E-05 9.97984E-05 9.97984E-05 0.308586 9.97984E-05 9.97984E-05 9.97984E-05 9.97984E-05 9.97984E-05 9.97984E-05 9.97984E-05 9.97984E-05 9.97984E-05 9.97984E-05 9.97984E-05
0.126895 9.97982E-05 9.97982E-05 9.97982E-05 9.97982E-05 9.97982E-05 9.97982E-05 9.97982E-05 9.97982E-05 9.97982E-05 9.97982E-05 9.97982E-05 9.97982E-05 9.97982E-05 0.0148691 0.537487 9.97982E-05 9.97982E-05 9.97982E-05 0.318454 9.97982E-05 9.97982E-05 9.97982E-05 9.97982E-05 9.97982E-05 9.97982E-05 9.97982E-05
0.0797395 9.98068E-05 9.98068E-05 9.98068E-05 9.98068E-05 0.0525775 9.98068E-05 9.98068E-05 0.0121122 9.98068E-05 9.98068E-05 9.98068E-05 9.98068E-05 9.98068E-05 0.0162397 0.837136 9.98068E-05 9.98068E-05 9.98068E-05 9.98068E-05 9.98068E-05 9.98068E-05 9.98068E-05 9.98068E-05 9.98068E-05 9.98068E-05 9.98068E-05
9.97892E-05 9.97892E-05 9.97892E-05 9.97892E-05 9.97892E-05 9.97892E-05 9.97892E-05 9.97892E-05 9.97892E-05 9.97892E-05 9.97892E-05 9.97892E-05 9.97892E-05 9.97892E-05 9.97892E-05 0.932341 9.97892E-05 9.97892E-05 0.0196044 9.97892E-05 9.97892E-05 0.0456594 9.97892E-05 9.97892E-05 9.97892E-05 9.97892E-05 9.97892E-05
0.0430505 9.98333E-05 9.98333E-05 9.98333E-05 0.0297803 0.0954914 9.98333E-05 9.98333E-05 9.98333E-05 0.162098 9.98333E-05 0.0135841 9.98333E-05 0.00804616 9.98333E-05 0.510362 9.98333E-05 9.98333E-05 9.98333E-05 0.135691 9.98333E-05 9.98333E-05 9.98333E-05 9.98333E-05 9.98333E-05 9.98333E-05 9.98333E-05
0.109111 9.98421E-05 9.98421E-05 9.98421E-05 9.98421E-05 0.0509913 9.98421E-05 9.98421E-05 0.0650861 9.98421E-05 9.98421E-05 0.0897174 9.98421E-05 9.98421E-05 0.0482023 0.54177 9.98421E-05 0.000810473 9.98421E-05 0.0314218 0.0610926 9.98421E-05 9.98421E-05 9.98421E-05 9.98421E-05 9.98421E-05 9.98421E-05
9.97894E-05 9.97894E-05 9.97894E-05 9.97894E-05 9.97894E-05 0.195992 9.97894E-05 9.97894E-05 9.97894E-05 9.97894E-05 9.97894E-05 9.97894E-05 9.97894E-05 9.97894E-05 9.97894E-05 0.652428 9.97894E-05 9.97894E-05 9.97894E-05 0.149185 9.97894E-05 9.97894E-05 9.97894E-05 9.97894E-05 9.97894E-05 9.97894E-05 9.97894E-05
0.142288 0.0654922 9.98243E-05 9.98243E-05 9.98243E-05 0.302534 9.98243E-05 9.98243E-05 9.98243E-05 0.220128 9.98243E-05 9.98243E-05 0.0207216 9.98243E-05 9.98243E-05 9.98243E-05 9.98243E-05 9.98243E-05 9.98243E-05 0.229169 9.98243E-05 9.98243E-05 0.0176701 9.98243E-05 9.98243E-05 9.98243E-05 9.98243E-05
0.293446 9.98245E-05 9.98245E-05 9.98245E-05 9.98245E-05 0.174862 9.98245E-05 9.98245E-05 9.98245E-05 9.98245E-05 9.98245E-05 9.98245E-05 0.0181183 0.00275067 0.0183286 0.248629 9.98245E-05 9.98245E-05 9.98245E-05 0.241869 9.98245E-05 9.98245E-05 9.98245E-05 9.98245E-05 9.98245E-05 9.98245E-05 9.98245E-05
9.98071E-05 9.98071E-05 9.98071E-05 9.98071E-05 0.399135 0.000659074 9.98071E-05 9.98071E-05 9.98071E-05 0.258436 9.98071E-05 9.98071E-05 9.98071E-05 9.98071E-05 9.98071E-05 0.273582 9.98071E-05 9.98071E-05 9.98071E-05 0.0659925 9.98071E-05 9.98071E-05 9.98071E-05 9.98071E-05 9.98071E-05 9.98071E-05 9.98071E-05
9.98069E-05 9.98069E-05 9.98069E-05 9.98069E-05 0.186747 9.98069E-05 9.98069E-05 9.98069E-05 0.0352441 0.232993 9.98069E-05 9.98069E-05 9.98069E-05 9.98069E-05 9.98069E-05 0.185485 9.98069E-05 9.98069E-05 9.98069E-05 0.357335 9.98069E-05 9.98069E-05 9.98069E-05 9.98069E-05 9.98069E-05 9.98069E-05 9.98069E-05
9.97896E-05 9.97896E-05 9.97896E-05 9.97896E-05 9.97896E-05 0.081464 9.97896E-05 9.97896E-05 9.97896E-05 9.97896E-05 9.97896E-05 0.158649 9.97896E-05 9.97896E-05 9.97896E-05 0.757492 9.97896E-05 9.97896E-05 9.97896E-05 9.97896E-05 9.97896E-05 9.97896E-05 9.97896E-05 9.97896E-05 9.97896E-05 9.97896E-05 9.97896E-05
0.237079 9.98072E-05 9.98072E-05 9.98072E-05 0.0361926 0.183484 9.98072E-05 9.98072E-05 9.98072E-05 9.98072E-05 9.98072E-05 9.98072E-05 9.98072E-05 9.98072E-05 9.98072E-05 0.368714 9.98072E-05 9.98072E-05 9.98072E-05 0.172334 9.98072E-05 9.98072E-05 9.98072E-05 9.98072E-05 9.98072E-05 9.98072E-05 9.98072E-05
9.98333E-05 9.98333E-05 9.98333E-05 0.0628084 0.156522 0.0529927 9.98333E-05 9.98333E-05 9.98333E-05 9.98333E-05 9.98333E-05 0.0361767 9.98333E-05 9.98333E-05 0.148839 0.384863 9.98333E-05 9.98333E-05 0.0144396 0.141462 9.98333E-05 9.98333E-05 9.98333E-05 9.98333E-05 9.98333E-05 9.98333E-05 9.98333E-05
0.0510926 0.230143 9.98245E-05 9.98245E-05 9.98245E-05 0.0619402 9.98245E-05 0.028351 9.98245E-05 0.156289 9.98245E-05 9.98245E-05 9.98245E-05 9.98245E-05 9.98245E-05 0.425933 9.98245E-05 9.98245E-05 0.0442553 9.98245E-05 9.98245E-05 9.98245E-05 9.98245E-05 9.98245E-05 9.98245E-05 9.98245E-05 9.98245E-05
0.0301921 9.9842E-05 9.9842E-05 9.9842E-05 0.0396231 0.0162454 9.9842E-05 9.9842E-05 9.9842E-05 0.0108761 9.9842E-05 9.9842E-05 9.9842E-05 9.9842E-05 0.0204904 0.473184 9.9842E-05 9.9842E-05 9.9842E-05 0.230679 9.9842E-05 9.9842E-05 0.156386 0.0205265 9.9842E-05 9.9842E-05 9.9842E-05
9.98336E-05 9.98336E-05 9.98336E-05 9.98336E-05 0.0254567 0.0805245 9.98336E-05 9.98336E-05 9.98336E-05 9.98336E-05 0.000401201 9.98336E-05 9.98336E-05 9.98336E-05 9.98336E-05 0.392029 0.0177056 9.98336E-05 0.0565315 0.341957 0.0834977 9.98336E-05 9.98336E-05 9.98336E-05 9.98336E-05 9.98336E-05 9.98336E-05
9.97896E-05 9.97896E-05 9.97896E-05 9.97896E-05 0.0750033 9.97896E-05 9.97896E-05 9.97896E-05 9.97896E-05 0.0346132 9.97896E-05 9.97896E-05 9.97896E-05 9.97896E-05 9.97896E-05 0.887989 9.97896E-05 9.97896E-05 9.97896E-05 9.97896E-05 9.97896E-05 9.97896E-05 9.97896E-05 9.97896E-05 9.97896E-05 9.97896E-05 9.97896E-05
0.100355 0.157685 9.98508E-05 0.0119734 0.192686 0.023125 9.98508E-05 9.98508E-05 0.0163236 9.98508E-05 9.98508E-05 9.98508E-05 9.98508E-05 9.98508E-05 0.0161587 0.395244 9.98508E-05 9.98508E-05 9.98508E-05 0.0038693 9.98508E-05 9.98508E-05 9.98508E-05 0.0808819 9.98508E-05 9.98508E-05 9.98508E-05
0.00159468 9.98422E-05 9.98422E-05 9.98422E-05 0.0306609 0.0276055 9.98422E-05 9.98422E-05 9.98422E-05 9.98422E-05 9.98422E-05 9.98422E-05 9.98422E-05 0.0204598 9.98422E-05 0.697912 9.98422E-05 9.98422E-05 0.0054976 9.98422E-05 9.98422E-05 9.98422E-05 0.10943 9.98422E-05 9.98422E-05 0.0140088 0.0910339
9.97808E-05 9.97808E-05 9.97808E-05 9.97808E-05 9.97808E-05 0.00512995 9.97808E-05 9.97808E-05 9.97808E-05 9.97808E-05 9.97808E-05 9.97808E-05 9.97808E-05 9.97808E-05 9.97808E-05 0.992376 9.97808E-05 9.97808E-05 9.97808E-05 9.97808E-05 9.97808E-05 9.97808E-05 9.97808E-05 9.97808E-05 9.97808E-05 9.97808E-05 9.97808E-05
0.0903666 9.98158E-05 9.98158E-05 9.98158E-05 9.98158E-05 0.201106 9.98158E-05 9.98158E-05 0.00755605 0.166633 9.98158E-05 9.98158E-05 9.98158E-05 9.98158E-05 9.98158E-05 0.333533 9.98158E-05 9.98158E-05 9.98158E-05 0.198709 9.98158E-05 9.98158E-05 9.98158E-05 9.98158E-05 9.98158E-05 9.98158E-05 9.98158E-05
9.98071E-05 9.98071E-05 9.98071E-05 9.98071E-05 9.98071E-05 0.105898 9.98071E-05 9.98071E-05 9.98071E-05 9.98071E-05 9.98071E-05 0.148053 0.0450876 9.98071E-05 9.98071E-05 0.658809 9.98071E-05 9.98071E-05 0.0399566 9.98071E-05 9.98071E-05 9.98071E-05 9.98071E-05 9.98071E-05 9.98071E-05 9.98071E-05 9.98071E-05
0.158581 9.98157E-05 9.98157E-05 9.98157E-05 9.98157E-05 0.206775 9.98157E-05 9.98157E-05 9.98157E-05 0.147258 9.98157E-05 9.98157E-05 9.98157E-05 9.98157E-05 9.98157E-05 0.203889 9.98157E-05 9.98157E-05 9.98157E-05 0.137745 9.98157E-05 9.98157E-05 9.98157E-05 0.143656 9.98157E-05 9.98157E-05 9.98157E-05
0.130867 9.98247E-05 0.0115936 9.98247E-05 9.98247E-05 0.103597 9.98247E-05 9.98247E-05 9.98247E-05 0.0997694 9.98247E-05 0.379687 9.98247E-05 9.98247E-05 9.98247E-05 0.250542 9.98247E-05 9.98247E-05 9.98247E-05 9.98247E-05 0.0219473 9.98247E-05 9.98247E-05 9.98247E-05 9.98247E-05 9.98247E-05 9.98247E-05
0.0987487 9.98072E-05 9.98072E-05 9.98072E-05 0.7572 9.98072E-05 9.98072E-05 9.98072E-05 9.98072E-05 9.98072E-05 9.98072E-05 9.98072E-05 9.98072E-05 9.98072E-05 9.98072E-05 9.98072E-05 9.98072E-05 9.98072E-05 0.0176079 9.98072E-05 9.98072E-05 0.111567 9.98072E-05 0.0126803 9.98072E-05 9.98072E-05 9.98072E-05
0.0335657 9.98067E-05 9.98067E-05 9.98067E-05 9.98067E-05 0.149644 9.98067E-05 9.98067E-05 9.98067E-05 9.98067E-05 9.98067E-05 9.98067E-05 9.98067E-05 9.98067E-05 9.98067E-05 0.538687 9.98067E-05 9.98067E-05 9.98067E-05 0.193418 9.98067E-05 9.98067E-05 9.98067E-05 9.98067E-05 9.98067E-05 0.0824894 9.98067E-05
0.16667 9.97985E-05 9.97985E-05 9.97985E-05 9.97985E-05 0.188995 9.97985E-05 9.97985E-05 9.97985E-05 0.113725 9.97985E-05 9.97985E-05 9.97985E-05 9.97985E-05 9.97985E-05 0.528315 9.97985E-05 9.97985E-05 9.97985E-05 9.97985E-05 9.97985E-05 9.97985E-05 9.97985E-05 9.97985E-05 9.97985E-05 9.97985E-05 9.97985E-05
0.075167 9.98334E-05 9.98334E-05 9.98334E-05 0.0550857 9.98334E-05 9.98334E-05 9.98334E-05 0.0507569 0.023259 9.98334E-05 0.0759845 9.98334E-05 9.98334E-05 9.98334E-05 0.377315 9.98334E-05 9.98334E-05 0.119767 0.220768 9.98334E-05 9.98334E-05 9.98334E-05 9.98334E-05 9.98334E-05 9.98334E-05 9.98334E-05
0.17366 9.98247E-05 9.98247E-05 0.0458964 9.98247E-05 0.0170012 9.98247E-05 9.98247E-05 0.00546812 9.98247E-05 9.98247E-05 0.0148678 9.98247E-05 9.98247E-05 9.98247E-05 0.586299 9.98247E-05 9.98247E-05 9.98247E-05 0.15481 9.98247E-05 9.98247E-05 9.98247E-05 9.98247E-05 9.98247E-05 9.98247E-05 9.98247E-05
9.97895E-05 9.97895E-05 9.97895E-05 9.97895E-05 9.97895E-05 9.97895E-05 9.97895E-05 9.97895E-05 9.97895E-05 9.97895E-05 9.97895E-05 0.0860662 9.97895E-05 9.97895E-05 9.97895E-05 0.849487 9.97895E-05 0.0620521 9.97895E-05 9.97895E-05 9.97895E-05 9.97895E-05 9.97895E-05 9.97895E-05 9.97895E-05 9.97895E-05 9.97895E-05
0.149592 9.98245E-05 9.98245E-05 9.98245E-05 9.98245E-05 0.246758 9.98245E-05 9.98245E-05 0.0221653 9.98245E-05 9.98245E-05 9.98245E-05 9.98245E-05 9.98245E-05 9.98245E-05 0.248443 9.98245E-05 9.98245E-05 0.147512 0.0698962 9.98245E-05 9.98245E-05 9.98245E-05 0.113638 9.98245E-05 9.98245E-05 9.98245E-05
0.105476 9.98068E-05 9.98068E-05 9.98068E-05 9.98068E-05 0.0484782 9.98068E-05 9.98068E-05 9.98068E-05 9.98068E-05 9.98068E-05 9.98068E-05 9.98068E-05 9.98068E-05 9.98068E-05 0.533192 9.98068E-05 9.98068E-05 9.98068E-05 0.165367 0.145292 9.98068E-05 9.98068E-05 9.98068E-05 9.98068E-05 9.98068E-05 9.98068E-05
9.97897E-05 9.97897E-05 9.97897E-05 9.97897E-05 0.011995 9.97897E-05 9.97897E-05 9.97897E-05 9.97897E-05 9.97897E-05 9.97897E-05 9.97897E-05 9.97897E-05 0.0784438 9.97897E-05 0.907166 9.97897E-05 9.97897E-05 9.97897E-05 9.97897E-05 9.97897E-05 9.97897E-05 9.97897E-05 9.97897E-05 9.97897E-05 9.97897E-05 9.97897E-05
9.98245E-05 0.184586 9.98245E-05 9.98245E-05 0.0994705 0.0737271 9.98245E-05 9.98245E-05 0.0490094 9.98245E-05 9.98245E-05 9.98245E-05 9.98245E-05 0.0159295 9.98245E-05 0.45202 9.98245E-05 9.98245E-05 9.98245E-05 0.123261 9.98245E-05 9.98245E-05 9.98245E-05 9.98245E-05 9.98245E-05 9.98245E-05 9.98245E-05
0.208305 9.97982E-05 9.97982E-05 9.97982E-05 9.97982E-05 0.0887591 9.97982E-05 9.97982E-05 9.97982E-05 9.97982E-05 9.97982E-05 9.97982E-05 9.97982E-05 9.97982E-05 0.0722658 0.628375 9.97982E-05 9.97982E-05 9.97982E-05 9.97982E-05 9.97982E-05 9.97982E-05 9.97982E-05 9.97982E-05 9.97982E-05 9.97982E-05 9.97982E-05
9.97982E-05 9.97982E-05 9.97982E-05 9.97982E-05 0.732275 0.00407638 9.97982E-05 9.97982E-05 9.97982E-05 9.97982E-05 9.97982E-05 9.97982E-05 9.97982E-05 0.0379083 9.97982E-05 0.223445 9.97982E-05 9.97982E-05 9.97982E-05 9.97982E-05 9.97982E-05 9.97982E-05 9.97982E-05 9.97982E-05 9.97982E-05 9.97982E-05 9.97982E-05
0.0691871 9.98072E-05 9.98072E-05 9.98072E-05 0.301366 9.98072E-05 9.98072E-05 9.98072E-05 9.98072E-05 9.98072E-05 9.98072E-05 9.98072E-05 9.98072E-05 9.98072E-05 9.98072E-05 0.521297 9.98072E-05 9.98072E-05 9.98072E-05 0.10212 9.98072E-05 9.98072E-05 9.98072E-05 0.00383414 9.98072E-05 9.98072E-05 9.98072E-05
9.97982E-05 9.97982E-05 9.97982E-05 9.97982E-05 9.97982E-05 9.97982E-05 9.97982E-05 9.97982E-05 9.97982E-05 9.97982E-05 9.97982E-05 0.546784 9.97982E-05 9.97982E-05 9.97982E-05 0.4355 9.97982E-05 9.97982E-05 0.00978729 0.00563322 9.97982E-05 9.97982E-05 9.97982E-05 9.97982E-05 9.97982E-05 9.97982E-05 9.97982E-05
