9.9842E-05 9.9842E-05 9.9842E-05 9.9842E-05 0.039199 9.9842E-05 9.9842E-05 9.9842E-05 0.108153 9.9842E-05 0.229368 9.9842E-05 0.240029 0.254859 9.9842E-05 9.9842E-05 9.9842E-05 9.9842E-05 0.0983343 9.9842E-05 9.9842E-05 0.0282606 9.9842E-05 9.9842E-05 9.9842E-05
9.98333E-05 9.98333E-05 9.98333E-05 9.98333E-05 9.98333E-05 9.98333E-05 0.730179 9.98333E-05 9.98333E-05 9.98333E-05 0.0886337 9.98333E-05 9.98333E-05 0.0255434 9.98333E-05 0.105636 9.98333E-05 9.98333E-05 9.98333E-05 9.98333E-05 0.0371279 0.0109836 9.98333E-05 9.98333E-05 9.98333E-05
9.98157E-05 9.98157E-05 9.98157E-05 9.98157E-05 9.98157E-05 9.98157E-05 0.963212 9.98157E-05 9.98157E-05 9.98157E-05 9.98157E-05 9.98157E-05 0.0235611 9.98157E-05 9.98157E-05 9.98157E-05 9.98157E-05 0.00643384 9.98157E-05 9.98157E-05 9.98157E-05 9.98157E-05 9.98157E-05 9.98157E-05 0.00469709
9.98685E-05 9.98685E-05 9.98685E-05 9.98685E-05 9.98685E-05 9.98685E-05 9.98685E-05 9.98685E-05 0.0594674 0.226473 0.234034 9.98685E-05 0.0343587 0.0444913 0.0290042 9.98685E-05 0.0216005 9.98685E-05 9.98685E-05 9.98685E-05 0.0138102 9.98685E-05 0.135288 0.199974 9.98685E-05
9.98159E-05 9.98159E-05 9.98159E-05 9.98159E-05 9.98159E-05 9.98159E-05 0.0379102 9.98159E-05 9.98159E-05 9.98159E-05 0.914112 9.98159E-05 9.98159E-05 9.98159E-05 9.98159E-05 9.98159E-05 9.98159E-05 0.0328833 9.98159E-05 9.98159E-05 9.98159E-05 9.98159E-05 9.98159E-05 0.0129982 9.98159E-05
9.98596E-05 9.98596E-05 9.98596E-05 9.98596E-05 9.98596E-05 9.98596E-05 0.308884 9.98596E-05 0.0231085 0.104989 9.98596E-05 9.98596E-05 9.98596E-05 0.235913 0.134575 9.98596E-05 9.98596E-05 0.0674137 9.98596E-05 9.98596E-05 0.00625809 0.044147 0.0731141 9.98596E-05 9.98596E-05
9.98685E-05 0.0811999 9.98685E-05 9.98685E-05 9.98685E-05 9.98685E-05 9.98685E-05 9.98685E-05 0.0761036 0.0849436 0.339914 9.98685E-05 0.00400431 0.184303 9.98685E-05 9.98685E-05 9.98685E-05 9.98685E-05 9.98685E-05 9.98685E-05 0.115026 0.0641844 9.98685E-05 0.0209066 0.0279158
9.98597E-05 9.98597E-05 9.98597E-05 0.0279094 9.98597E-05 0.120943 9.98597E-05 9.98597E-05 0.259325 0.0235092 9.98597E-05 9.98597E-05 0.33706 0.00397477 0.0996993 9.98597E-05 9.98597E-05 0.0844156 0.0415654 9.98597E-05 9.98597E-05 9.98597E-05 9.98597E-05 9.98597E-05 9.98597E-05
9.98422E-05 9.98422E-05 9.98422E-05 9.98422E-05 0.211978 9.98422E-05 9.98422E-05 9.98422E-05 9.98422E-05 9.98422E-05 0.342526 9.98422E-05 0.00408932 9.98422E-05 0.216466 9.98422E-05 0.00405118 9.98422E-05 9.98422E-05 9.98422E-05 9.98422E-05 0.0293408 9.98422E-05 9.98422E-05 0.189751
9.97983E-05 9.97983E-05 9.97983E-05 9.97983E-05 0.0804767 9.97983E-05 9.97983E-05 9.97983E-05 9.97983E-05 9.97983E-05 0.917228 9.97983E-05 9.97983E-05 9.97983E-05 9.97983E-05 9.97983E-05 9.97983E-05 9.97983E-05 9.97983E-05 9.97983E-05 9.97983E-05 9.97983E-05 9.97983E-05 9.97983E-05 9.97983E-05
9.98684E-05 9.98684E-05 9.98684E-05 9.98684E-05 0.141312 9.98684E-05 9.98684E-05 9.98684E-05 0.0521724 0.0148948 0.544049 9.98684E-05 0.0576041 0.0163872 0.0363187 9.98684E-05 9.98684E-05 9.98684E-05 0.00856163 9.98684E-05 0.091058 9.98684E-05 9.98684E-05 9.98684E-05 0.0361439
9.97931E-05 9.97931E-05 9.97931E-05 9.97931E-05 9.97931E-05 9.97931E-05 0.997605 9.97931E-05 9.97931E-05 9.97931E-05 9.97931E-05 9.97931E-05 9.97931E-05 9.97931E-05 9.97931E-05 9.97931E-05 9.97931E-05 9.97931E-05 9.97931E-05 9.97931E-05 9.97931E-05 9.97931E-05 9.97931E-05 9.97931E-05 9.97931E-05
9.97985E-05 9.97985E-05 9.97985E-05 9.97985E-05 0.0844632 9.97985E-05 9.97985E-05 9.97985E-05 9.97985E-05 9.97985E-05 0.913241 9.97985E-05 9.97985E-05 9.97985E-05 9.97985E-05 9.97985E-05 9.97985E-05 9.97985E-05 9.97985E-05 9.97985E-05 9.97985E-05 9.97985E-05 9.97985E-05 9.97985E-05 9.97985E-05
9.98071E-05 9.98071E-05 9.98071E-05 9.98071E-05 9.98071E-05 9.98071E-05 9.98071E-05 9.98071E-05 9.98071E-05 9.98071E-05 9.98071E-05 0.193506 0.74121 9.98071E-05 9.98071E-05 9.98071E-05 9.98071E-05 0.0630882 9.98071E-05 9.98071E-05 9.98071E-05 9.98071E-05 9.98071E-05 9.98071E-05 9.98071E-05
0.0444839 9.98597E-05 0.0318181 9.98597E-05 0.11323 9.98597E-05 9.98597E-05 0.0102542 9.98597E-05 9.98597E-05 0.318779 9.98597E-05 9.98597E-05 0.140514 0.230054 9.98597E-05 9.98597E-05 9.98597E-05 9.98597E-05 9.98597E-05 9.98597E-05 9.98597E-05 0.10571 9.98597E-05 0.00355769
9.98684E-05 9.98684E-05 0.0243984 0.113185 0.0901607 9.98684E-05 0.223736 9.98684E-05 0.120645 0.0388529 9.98684E-05 9.98684E-05 0.00686446 0.159971 0.16668 9.98684E-05 9.98684E-05 9.98684E-05 9.98684E-05 0.0540084 9.98684E-05 9.98684E-05 9.98684E-05 9.98684E-05 9.98684E-05
9.98596E-05 9.98596E-05 0.0120073 9.98596E-05 0.0180478 9.98596E-05 9.98596E-05 0.109198 9.98596E-05 9.98596E-05 0.113073 0.0182783 0.592227 9.98596E-05 9.98596E-05 9.98596E-05 9.98596E-05 9.98596E-05 0.0463707 0.00654745 9.98596E-05 0.0826515 9.98596E-05 9.98596E-05 9.98596E-05
9.98422E-05 9.98422E-05 9.98422E-05 9.98422E-05 0.12211 0.147046 9.98422E-05 9.98422E-05 0.141836 9.98422E-05 0.18888 9.98422E-05 9.98422E-05 0.298998 0.0113207 9.98422E-05 0.0880115 9.98422E-05 9.98422E-05 9.98422E-05 9.98422E-05 9.98422E-05 9.98422E-05 9.98422E-05 9.98422E-05
9.98595E-05 9.98595E-05 0.0979917 9.98595E-05 0.182614 9.98595E-05 0.053521 9.98595E-05 0.189228 0.0597565 0.226944 9.98595E-05 0.0461512 9.98595E-05 0.103716 9.98595E-05 9.98595E-05 9.98595E-05 9.98595E-05 0.03848 9.98595E-05 9.98595E-05 9.98595E-05 9.98595E-05 9.98595E-05
9.97896E-05 9.97896E-05 9.97896E-05 9.97896E-05 9.97896E-05 9.97896E-05 9.97896E-05 9.97896E-05 9.97896E-05 9.97896E-05 0.997605 9.97896E-05 9.97896E-05 9.97896E-05 9.97896E-05 9.97896E-05 9.97896E-05 9.97896E-05 9.97896E-05 9.97896E-05 9.97896E-05 9.97896E-05 9.97896E-05 9.97896E-05 9.97896E-05
9.98245E-05 9.98245E-05 9.98245E-05 0.0777154 9.98245E-05 9.98245E-05 9.98245E-05 9.98245E-05 9.98245E-05 9.98245E-05 9.98245E-05 9.98245E-05 0.648579 9.98245E-05 0.0549268 9.98245E-05 9.98245E-05 9.98245E-05 9.98245E-05 9.98245E-05 0.0193495 9.98245E-05 9.98245E-05 0.197432 9.98245E-05
9.98684E-05 0.00865316 0.0338036 9.98684E-05 9.98684E-05 9.98684E-05 9.98684E-05 9.98684E-05 0.247344 9.98684E-05 0.3899 9.98684E-05 9.98684E-05 9.98684E-05 0.189669 9.98684E-05 9.98684E-05 0.0865603 9.98684E-05 0.0113975 9.98684E-05 0.00674486 0.00763042 0.0167994 9.98684E-05
9.98069E-05 9.98069E-05 9.98069E-05 9.98069E-05 0.0329122 9.98069E-05 9.98069E-05 9.98069E-05 9.98069E-05 9.98069E-05 9.98069E-05 9.98069E-05 0.862119 0.102773 9.98069E-05 9.98069E-05 9.98069E-05 9.98069E-05 9.98069E-05 9.98069E-05 9.98069E-05 9.98069E-05 9.98069E-05 9.98069E-05 9.98069E-05
9.98421E-05 9.98421E-05 9.98421E-05 0.0336443 0.149855 9.98421E-05 9.98421E-05 9.98421E-05 0.236622 9.98421E-05 0.21151 9.98421E-05 0.276359 9.98421E-05 9.98421E-05 9.98421E-05 9.98421E-05 9.98421E-05 0.0090556 9.98421E-05 9.98421E-05 9.98421E-05 9.98421E-05 9.98421E-05 0.0811573
0.0170402 9.98507E-05 0.0994216 9.98507E-05 0.236277 9.98507E-05 9.98507E-05 9.98507E-05 0.0628784 9.98507E-05 9.98507E-05 9.98507E-05 0.347045 9.98507E-05 0.0120231 9.98507E-05 0.0432458 9.98507E-05 9.98507E-05 9.98507E-05 9.98507E-05 9.98507E-05 0.180372 9.98507E-05 9.98507E-05
9.98682E-05 9.98682E-05 9.98682E-05 9.98682E-05 0.0232091 9.98682E-05 9.98682E-05 9.98682E-05 0.0620461 0.0602412 0.375695 9.98682E-05 0.293546 0.0798883 9.98682E-05 0.0571059 9.98682E-05 0.0078457 9.98682E-05 9.98682E-05 0.000742978 9.98682E-05 0.0381811 9.98682E-05 9.98682E-05
9.9842E-05 9.9842E-05 9.9842E-05 0.0360678 0.0544166 0.125652 9.9842E-05 9.9842E-05 0.214324 9.9842E-05 0.077917 9.9842E-05 9.9842E-05 9.9842E-05 9.9842E-05 0.261576 9.9842E-05 9.9842E-05 9.9842E-05 9.9842E-05 9.9842E-05 9.9842E-05 0.228249 9.9842E-05 9.9842E-05
9.98246E-05 9.98246E-05 9.98246E-05 9.98246E-05 9.98246E-05 9.98246E-05 9.98246E-05 9.98246E-05 0.0748894 0.0734738 0.232503 0.0589986 0.558139 9.98246E-05 9.98246E-05 9.98246E-05 9.98246E-05 9.98246E-05 9.98246E-05 9.98246E-05 9.98246E-05 9.98246E-05 9.98246E-05 9.98246E-05 9.98246E-05
9.98247E-05 9.98247E-05 9.98247E-05 9.98247E-05 0.185838 9.98247E-05 0.673474 9.98247E-05 0.022376 9.98247E-05 9.98247E-05 9.98247E-05 9.98247E-05 9.98247E-05 9.98247E-05 0.0718209 9.98247E-05 9.98247E-05 9.98247E-05 9.98247E-05 9.98247E-05 9.98247E-05 9.98247E-05 9.98247E-05 0.0444943
9.98159E-05 9.98159E-05 9.98159E-05 9.98159E-05 0.0801884 9.98159E-05 0.640496 0.0422944 9.98159E-05 9.98159E-05 9.98159E-05 9.98159E-05 0.234925 9.98159E-05 9.98159E-05 9.98159E-05 9.98159E-05 9.98159E-05 9.98159E-05 9.98159E-05 9.98159E-05 9.98159E-05 9.98159E-05 9.98159E-05 9.98159E-05
9.98246E-05 9.98246E-05 0.0564146 9.98246E-05 0.0206047 9.98246E-05 9.98246E-05 9.98246E-05 9.98246E-05 9.98246E-05 0.761681 9.98246E-05 9.98246E-05 0.0537424 9.98246E-05 9.98246E-05 9.98246E-05 9.98246E-05 9.98246E-05 9.98246E-05 0.105561 9.98246E-05 9.98246E-05 9.98246E-05 9.98246E-05
9.98423E-05 9.98423E-05 9.98423E-05 9.98423E-05 0.121196 9.98423E-05 9.98423E-05 9.98423E-05 9.98423E-05 9.98423E-05 0.551241 9.98423E-05 0.00439033 9.98423E-05 9.98423E-05 0.0684128 9.98423E-05 9.98423E-05 9.98423E-05 9.98423E-05 0.0161313 9.98423E-05 0.104326 0.132505 9.98423E-05
9.98508E-05 9.98508E-05 9.98508E-05 0.0270309 0.0912782 9.98508E-05 0.558054 9.98508E-05 0.157163 9.98508E-05 0.0319227 9.98508E-05 9.98508E-05 0.0172906 9.98508E-05 9.98508E-05 9.98508E-05 9.98508E-05 9.98508E-05 9.98508E-05 0.0747617 9.98508E-05 0.0408018 9.98508E-05 9.98508E-05
9.98597E-05 9.98597E-05 9.98597E-05 9.98597E-05 0.0963043 0.0149939 0.492324 9.98597E-05 0.121453 0.0350052 9.98597E-05 9.98597E-05 0.0276879 9.98597E-05 9.98597E-05 9.98597E-05 9.98597E-05 9.98597E-05 9.98597E-05 9.98597E-05 0.00148738 9.98597E-05 0.148675 9.98597E-05 0.0604707
9.98072E-05 9.98072E-05 9.98072E-05 9.98072E-05 9.98072E-05 9.98072E-05 0.971659 9.98072E-05 0.00217361 9.98072E-05 9.98072E-05 9.98072E-05 9.98072E-05 9.98072E-05 9.98072E-05 9.98072E-05 9.98072E-05 9.98072E-05 9.98072E-05 9.98072E-05 9.98072E-05 0.0239721 9.98072E-05 9.98072E-05 9.98072E-05
9.9851E-05 9.9851E-05 9.9851E-05 9.9851E-05 0.0234967 9.9851E-05 0.113002 9.9851E-05 0.0265156 0.0762822 0.60669 9.9851E-05 9.9851E-05 9.9851E-05 9.9851E-05 0.0699277 0.0128179 9.9851E-05 9.9851E-05 9.9851E-05 0.069571 9.9851E-05 9.9851E-05 9.9851E-05 9.9851E-05
9.98334E-05 0.0140636 9.98334E-05 9.98334E-05 9.98334E-05 9.98334E-05 0.159462 9.98334E-05 9.98334E-05 9.98334E-05 0.0278593 9.98334E-05 0.77715 9.98334E-05 9.98334E-05 0.0155243 9.98334E-05 9.98334E-05 9.98334E-05 9.98334E-05 9.98334E-05 0.00404424 9.98334E-05 9.98334E-05 9.98334E-05
9.98334E-05 9.98334E-05 9.98334E-05 9.98334E-05 0.00189538 9.98334E-05 0.0664369 9.98334E-05 9.98334E-05 9.98334E-05 9.98334E-05 9.98334E-05 0.688339 9.98334E-05 0.124882 9.98334E-05 0.036262 9.98334E-05 9.98334E-05 9.98334E-05 9.98334E-05 0.0802879 9.98334E-05 9.98334E-05 9.98334E-05
9.98509E-05 9.98509E-05 9.98509E-05 9.98509E-05 0.0569937 9.98509E-05 0.595819 0.0653805 0.00664656 9.98509E-05 9.98509E-05 9.98509E-05 9.98509E-05 9.98509E-05 0.0581841 9.98509E-05 9.98509E-05 0.128708 9.98509E-05 9.98509E-05 0.0450817 0.0414887 9.98509E-05 9.98509E-05 9.98509E-05
9.98158E-05 9.98158E-05 9.98158E-05 0.0893512 0.157386 9.98158E-05 0.682385 9.98158E-05 9.98158E-05 9.98158E-05 9.98158E-05 9.98158E-05 9.98158E-05 9.98158E-05 9.98158E-05 9.98158E-05 9.98158E-05 9.98158E-05 9.98158E-05 9.98158E-05 9.98158E-05 9.98158E-05 0.0687817 9.98158E-05 9.98158E-05
9.97983E-05 9.97983E-05 9.97983E-05 9.97983E-05 9.97983E-05 9.97983E-05 9.97983E-05 9.97983E-05 9.97983E-05 9.97983E-05 0.956736 9.97983E-05 9.97983E-05 9.97983E-05 9.97983E-05 9.97983E-05 9.97983E-05 9.97983E-05 9.97983E-05 9.97983E-05 0.0409688 9.97983E-05 9.97983E-05 9.97983E-05 9.97983E-05
9.98246E-05 9.98246E-05 9.98246E-05 9.98246E-05 0.0239054 9.98246E-05 9.98246E-05 9.98246E-05 0.138793 9.98246E-05 0.71962 9.98246E-05 9.98246E-05 9.98246E-05 0.00762187 0.108064 9.98246E-05 9.98246E-05 9.98246E-05 9.98246E-05 9.98246E-05 9.98246E-05 9.98246E-05 9.98246E-05 9.98246E-05
9.98072E-05 9.98072E-05 9.98072E-05 9.98072E-05 9.98072E-05 9.98072E-05 9.98072E-05 0.0386973 9.98072E-05 9.98072E-05 0.954196 9.98072E-05 9.98072E-05 9.98072E-05 9.98072E-05 9.98072E-05 9.98072E-05 9.98072E-05 9.98072E-05 9.98072E-05 9.98072E-05 0.00491087 9.98072E-05 9.98072E-05 9.98072E-05
9.98421E-05 9.98421E-05 9.98421E-05 9.98421E-05 0.24456 9.98421E-05 0.450611 9.98421E-05 0.0959961 9.98421E-05 9.98421E-05 9.98421E-05 9.98421E-05 0.0327505 0.0474271 9.98421E-05 9.98421E-05 9.98421E-05 9.98421E-05 9.98421E-05 0.0155214 9.98421E-05 9.98421E-05 9.98421E-05 0.111337
9.98421E-05 9.98421E-05 9.98421E-05 9.98421E-05 0.106938 9.98421E-05 9.98421E-05 9.98421E-05 0.281613 0.160231 9.98421E-05 9.98421E-05 0.308027 9.98421E-05 9.98421E-05 9.98421E-05 0.0239014 0.0773994 9.98421E-05 9.98421E-05 9.98421E-05 9.98421E-05 9.98421E-05 9.98421E-05 0.0400939
9.98156E-05 9.98156E-05 9.98156E-05 9.98156E-05 0.0283105 9.98156E-05 0.280127 9.98156E-05 9.98156E-05 9.98156E-05 0.63277 9.98156E-05 9.98156E-05 9.98156E-05 9.98156E-05 9.98156E-05 0.0566959 9.98156E-05 9.98156E-05 9.98156E-05 9.98156E-05 9.98156E-05 9.98156E-05 9.98156E-05 9.98156E-05
9.98247E-05 9.98247E-05 9.98247E-05 9.98247E-05 0.0279739 9.98247E-05 9.98247E-05 9.98247E-05 9.98247E-05 9.98247E-05 0.879697 9.98247E-05 9.98247E-05 9.98247E-05 0.0294742 9.98247E-05 9.98247E-05 9.98247E-05 9.98247E-05 9.98247E-05 0.0385309 0.0223272 9.98247E-05 9.98247E-05 9.98247E-05
9.97894E-05 9.97894E-05 9.97894E-05 9.97894E-05 9.97894E-05 9.97894E-05 0.997605 9.97894E-05 9.97894E-05 9.97894E-05 9.97894E-05 9.97894E-05 9.97894E-05 9.97894E-05 9.97894E-05 9.97894E-05 9.97894E-05 9.97894E-05 9.97894E-05 9.97894E-05 9.97894E-05 9.97894E-05 9.97894E-05 9.97894E-05 9.97894E-05
9.98158E-05 9.98158E-05 9.98158E-05 0.0288703 0.0979864 9.98158E-05 0.762946 9.98158E-05 0.108102 9.98158E-05 9.98158E-05 9.98158E-05 9.98158E-05 9.98158E-05 9.98158E-05 9.98158E-05 9.98158E-05 9.98158E-05 9.98158E-05 9.98158E-05 9.98158E-05 9.98158E-05 9.98158E-05 9.98158E-05 9.98158E-05
9.98072E-05 0.0325252 9.98072E-05 9.98072E-05 9.98072E-05 0.0123838 9.98072E-05 9.98072E-05 9.98072E-05 9.98072E-05 9.98072E-05 9.98072E-05 0.952895 9.98072E-05 9.98072E-05 9.98072E-05 9.98072E-05 9.98072E-05 9.98072E-05 9.98072E-05 9.98072E-05 9.98072E-05 9.98072E-05 9.98072E-05 9.98072E-05
9.98683E-05 9.98683E-05 9.98683E-05 9.98683E-05 0.237784 9.98683E-05 0.0190609 9.98683E-05 9.98683E-05 0.0339162 9.98683E-05 9.98683E-05 0.350184 9.98683E-05 0.0295189 0.18421 9.98683E-05 9.98683E-05 0.0455958 9.98683E-05 0.0663551 9.98683E-05 0.0286627 9.98683E-05 0.0032132
9.98509E-05 9.98509E-05 9.98509E-05 0.0276937 9.98509E-05 9.98509E-05 9.98509E-05 9.98509E-05 0.153943 0.00885319 0.631063 9.98509E-05 0.0617677 9.98509E-05 9.98509E-05 9.98509E-05 0.0293676 0.0530414 9.98509E-05 9.98509E-05 9.98509E-05 9.98509E-05 9.98509E-05 9.98509E-05 0.0325725
9.97985E-05 9.97985E-05 9.97985E-05 9.97985E-05 9.97985E-05 0.0132931 9.97985E-05 9.97985E-05 9.97985E-05 9.97985E-05 0.984411 9.97985E-05 9.97985E-05 9.97985E-05 9.97985E-05 9.97985E-05 9.97985E-05 9.97985E-05 9.97985E-05 9.97985E-05 9.97985E-05 9.97985E-05 9.97985E-05 9.97985E-05 9.97985E-05
0.0365738 9.98335E-05 9.98335E-05 0.123982 9.98335E-05 0.02917 0.778921 9.98335E-05 9.98335E-05 9.98335E-05 9.98335E-05 9.98335E-05 9.98335E-05 9.98335E-05 9.98335E-05 9.98335E-05 0.0252613 9.98335E-05 9.98335E-05 9.98335E-05 0.00419422 9.98335E-05 9.98335E-05 9.98335E-05 9.98335E-05
0.0182253 9.98336E-05 0.0733618 9.98336E-05 0.0884706 9.98336E-05 0.32983 9.98336E-05 9.98336E-05 9.98336E-05 0.466758 9.98336E-05 9.98336E-05 9.98336E-05 9.98336E-05 9.98336E-05 9.98336E-05 0.0214575 9.98336E-05 9.98336E-05 9.98336E-05 9.98336E-05 9.98336E-05 9.98336E-05 9.98336E-05
9.98159E-05 9.98159E-05 9.98159E-05 9.98159E-05 9.98159E-05 9.98159E-05 0.779872 9.98159E-05 9.98159E-05 9.98159E-05 0.0398468 9.98159E-05 9.98159E-05 9.98159E-05 9.98159E-05 9.98159E-05 0.00617497 9.98159E-05 9.98159E-05 9.98159E-05 9.98159E-05 9.98159E-05 0.17201 9.98159E-05 9.98159E-05
9.98158E-05 0.0083438 9.98158E-05 0.116618 9.98158E-05 9.98158E-05 9.98158E-05 9.98158E-05 9.98158E-05 9.98158E-05 0.828021 9.98158E-05 9.98158E-05 9.98158E-05 9.98158E-05 9.98158E-05 9.98158E-05 9.98158E-05 9.98158E-05 0.0449215 9.98158E-05 9.98158E-05 9.98158E-05 9.98158E-05 9.98158E-05
9.97982E-05 9.97982E-05 9.97982E-05 9.97982E-05 9.97982E-05 9.97982E-05 9.97982E-05 9.97982E-05 9.97982E-05 0.000449418 9.97982E-05 9.97982E-05 0.997255 9.97982E-05 9.97982E-05 9.97982E-05 9.97982E-05 9.97982E-05 9.97982E-05 9.97982E-05 9.97982E-05 9.97982E-05 9.97982E-05 9.97982E-05 9.97982E-05
9.98246E-05 9.98246E-05 9.98246E-05 9.98246E-05 0.0132061 9.98246E-05 0.966356 9.98246E-05 9.98246E-05 9.98246E-05 9.98246E-05 9.98246E-05 9.98246E-05 9.98246E-05 0.00791581 9.98246E-05 9.98246E-05 9.98246E-05 9.98246E-05 9.98246E-05 0.00316269 0.0073632 9.98246E-05 9.98246E-05 9.98246E-05
9.98245E-05 9.98245E-05 9.98245E-05 9.98245E-05 0.133227 9.98245E-05 9.98245E-05 9.98245E-05 9.98245E-05 9.98245E-05 9.98245E-05 9.98245E-05 9.98245E-05 0.755077 0.0333003 9.98245E-05 9.98245E-05 9.98245E-05 9.98245E-05 9.98245E-05 0.0598389 0.0165605 9.98245E-05 9.98245E-05 9.98245E-05
9.98073E-05 9.98073E-05 9.98073E-05 0.00583605 9.98073E-05 9.98073E-05 9.98073E-05 9.98073E-05 9.98073E-05 0.0247159 9.98073E-05 9.98073E-05 9.98073E-05 0.967252 9.98073E-05 9.98073E-05 9.98073E-05 9.98073E-05 9.98073E-05 9.98073E-05 9.98073E-05 9.98073E-05 9.98073E-05 9.98073E-05 9.98073E-05
9.97982E-05 9.97982E-05 9.97982E-05 9.97982E-05 9.97982E-05 0.0372689 9.97982E-05 9.97982E-05 9.97982E-05 9.97982E-05 9.97982E-05 9.97982E-05 9.97982E-05 0.960436 9.97982E-05 9.97982E-05 9.97982E-05 9.97982E-05 9.97982E-05 9.97982E-05 9.97982E-05 9.97982E-05 9.97982E-05 9.97982E-05 9.97982E-05
9.98421E-05 0.0479943 9.98421E-05 9.98421E-05 9.98421E-05 0.0111741 9.98421E-05 9.98421E-05 9.98421E-05 9.98421E-05 9.98421E-05 9.98421E-05 9.98421E-05 0.371255 0.129862 0.0121389 9.98421E-05 9.98421E-05 9.98421E-05 9.98421E-05 9.98421E-05 0.269277 0.156502 9.98421E-05 9.98421E-05
9.9833E-05 9.9833E-05 9.9833E-05 9.9833E-05 9.9833E-05 0.0442631 9.9833E-05 9.9833E-05 0.0940903 9.9833E-05 9.9833E-05 9.9833E-05 9.9833E-05 0.696891 0.0628499 9.9833E-05 0.0875295 0.0124797 9.9833E-05 9.9833E-05 9.9833E-05 9.9833E-05 9.9833E-05 9.9833E-05 9.9833E-05
9.98243E-05 9.98243E-05 9.98243E-05 9.98243E-05 0.166627 9.98243E-05 9.98243E-05 9.98243E-05 0.0509161 9.98243E-05 9.98243E-05 9.98243E-05 9.98243E-05 0.709821 0.0127749 9.98243E-05 9.98243E-05 9.98243E-05 0.0578643 9.98243E-05 9.98243E-05 9.98243E-05 9.98243E-05 9.98243E-05 9.98243E-05
9.98332E-05 0.033448 9.98332E-05 9.98332E-05 9.98332E-05 9.98332E-05 9.98332E-05 9.98332E-05 9.98332E-05 0.0303827 9.98332E-05 9.98332E-05 9.98332E-05 0.617095 9.98332E-05 9.98332E-05 9.98332E-05 9.98332E-05 9.98332E-05 0.0111381 0.0772536 0.228786 9.98332E-05 9.98332E-05 9.98332E-05
9.98418E-05 9.98418E-05 9.98418E-05 9.98418E-05 0.0981457 0.0628484 9.98418E-05 9.98418E-05 9.98418E-05 9.98418E-05 9.98418E-05 9.98418E-05 9.98418E-05 0.618974 0.0789518 9.98418E-05 9.98418E-05 9.98418E-05 9.98418E-05 9.98418E-05 0.00109775 0.0616132 0.0765724 9.98418E-05 9.98418E-05
9.97983E-05 9.97983E-05 9.97983E-05 9.97983E-05 9.97983E-05 9.97983E-05 9.97983E-05 9.97983E-05 9.97983E-05 9.97983E-05 9.97983E-05 9.97983E-05 9.97983E-05 0.983078 9.97983E-05 9.97983E-05 9.97983E-05 9.97983E-05 9.97983E-05 9.97983E-05 9.97983E-05 9.97983E-05 9.97983E-05 9.97983E-05 0.0146271
0.00205205 9.9807E-05 9.9807E-05 9.9807E-05 9.9807E-05 9.9807E-05 9.9807E-05 9.9807E-05 9.9807E-05 9.9807E-05 9.9807E-05 9.9807E-05 9.9807E-05 0.965545 9.9807E-05 9.9807E-05 9.9807E-05 9.9807E-05 9.9807E-05 0.0302074 9.9807E-05 9.9807E-05 9.9807E-05 9.9807E-05 9.9807E-05
9.98243E-05 9.98243E-05 9.98243E-05 9.98243E-05 0.278672 9.98243E-05 9.98243E-05 9.98243E-05 9.98243E-05 9.98243E-05 9.98243E-05 9.98243E-05 9.98243E-05 0.525453 0.0439928 9.98243E-05 9.98243E-05 9.98243E-05 9.98243E-05 0.00627447 0.143611 9.98243E-05 9.98243E-05 9.98243E-05 9.98243E-05
0.11008 0.0868289 0.0162882 0.0168451 9.98595E-05 0.0321941 9.98595E-05 9.98595E-05 0.150322 9.98595E-05 9.98595E-05 9.98595E-05 9.98595E-05 0.445011 9.98595E-05 9.98595E-05 9.98595E-05 9.98595E-05 9.98595E-05 9.98595E-05 0.0560903 0.0847433 9.98595E-05 9.98595E-05 9.98595E-05
9.9842E-05 9.9842E-05 9.9842E-05 0.0329396 9.9842E-05 9.9842E-05 9.9842E-05 9.9842E-05 0.00479215 9.9842E-05 9.9842E-05 9.9842E-05 9.9842E-05 0.501301 0.214754 9.9842E-05 9.9842E-05 9.9842E-05 0.117649 9.9842E-05 0.0295476 9.9842E-05 9.9842E-05 0.0972186 9.9842E-05
9.98243E-05 9.98243E-05 9.98243E-05 9.98243E-05 0.188106 9.98243E-05 9.98243E-05 9.98243E-05 0.167505 9.98243E-05 9.98243E-05 9.98243E-05 9.98243E-05 0.560978 9.98243E-05 9.98243E-05 9.98243E-05 9.98243E-05 9.98243E-05 9.98243E-05 9.98243E-05 0.0592877 9.98243E-05 0.022126 9.98243E-05
9.98088E-05 9.98088E-05 9.98088E-05 9.98088E-05 9.98088E-05 9.98088E-05 9.98088E-05 9.98088E-05 9.98088E-05 9.98088E-05 9.98088E-05 9.98088E-05 9.98088E-05 0.912139 9.98088E-05 0.024879 9.98088E-05 0.0607866 9.98088E-05 9.98088E-05 9.98088E-05 9.98088E-05 9.98088E-05 9.98088E-05 9.98088E-05
9.98073E-05 9.98073E-05 9.98073E-05 9.98073E-05 9.98073E-05 9.98073E-05 9.98073E-05 9.98073E-05 9.98073E-05 0.0593637 9.98073E-05 9.98073E-05 9.98073E-05 0.868443 0.0699977 9.98073E-05 9.98073E-05 9.98073E-05 9.98073E-05 9.98073E-05 9.98073E-05 9.98073E-05 9.98073E-05 9.98073E-05 9.98073E-05
9.98155E-05 0.0657545 9.98155E-05 9.98155E-05 9.98155E-05 0.138497 9.98155E-05 9.98155E-05 9.98155E-05 9.98155E-05 9.98155E-05 9.98155E-05 9.98155E-05 0.723899 9.98155E-05 9.98155E-05 9.98155E-05 9.98155E-05 9.98155E-05 9.98155E-05 9.98155E-05 9.98155E-05 0.0697526 9.98155E-05 9.98155E-05
9.9842E-05 9.9842E-05 9.9842E-05 9.9842E-05 9.9842E-05 9.9842E-05 9.9842E-05 9.9842E-05 0.106105 0.0414848 9.9842E-05 9.9842E-05 9.9842E-05 0.684796 0.0233824 9.9842E-05 9.9842E-05 9.9842E-05 0.0305092 0.0318064 0.0801182 9.9842E-05 9.9842E-05 9.9842E-05 9.9842E-05
9.98158E-05 9.98158E-05 9.98158E-05 9.98158E-05 0.0196836 0.0977968 9.98158E-05 9.98158E-05 9.98158E-05 0.0519778 9.98158E-05 9.98158E-05 9.98158E-05 0.828446 9.98158E-05 9.98158E-05 9.98158E-05 9.98158E-05 9.98158E-05 9.98158E-05 9.98158E-05 9.98158E-05 9.98158E-05 9.98158E-05 9.98158E-05
9.9833E-05 9.9833E-05 9.9833E-05 0.0752936 0.156937 9.9833E-05 9.9833E-05 9.9833E-05 9.9833E-05 9.9833E-05 9.9833E-05 9.9833E-05 9.9833E-05 0.540447 9.9833E-05 0.188911 0.00269276 9.9833E-05 0.0338214 9.9833E-05 9.9833E-05 9.9833E-05 9.9833E-05 9.9833E-05 9.9833E-05
9.98162E-05 0.0126173 9.98162E-05 9.98162E-05 9.98162E-05 9.98162E-05 0.110838 0.0309055 9.98162E-05 9.98162E-05 9.98162E-05 9.98162E-05 9.98162E-05 0.843543 9.98162E-05 9.98162E-05 9.98162E-05 9.98162E-05 9.98162E-05 9.98162E-05 9.98162E-05 9.98162E-05 9.98162E-05 9.98162E-05 9.98162E-05
9.98155E-05 9.98155E-05 9.98155E-05 9.98155E-05 0.063101 9.98155E-05 9.98155E-05 9.98155E-05 0.285521 9.98155E-05 9.98155E-05 9.98155E-05 9.98155E-05 0.633914 9.98155E-05 0.0153679 9.98155E-05 9.98155E-05 9.98155E-05 9.98155E-05 9.98155E-05 9.98155E-05 9.98155E-05 9.98155E-05 9.98155E-05
0.0267225 9.98246E-05 9.98246E-05 9.98246E-05 0.0137862 9.98246E-05 9.98246E-05 9.98246E-05 0.00218219 9.98246E-05 9.98246E-05 9.98246E-05 9.98246E-05 0.741536 9.98246E-05 9.98246E-05 9.98246E-05 9.98246E-05 9.98246E-05 9.98246E-05 9.98246E-05 9.98246E-05 0.213777 9.98246E-05 9.98246E-05
9.98596E-05 9.98596E-05 9.98596E-05 9.98596E-05 0.0367503 0.103146 9.98596E-05 9.98596E-05 0.0285535 0.0940979 9.98596E-05 9.98596E-05 9.98596E-05 0.624448 0.0474398 9.98596E-05 9.98596E-05 9.98596E-05 9.98596E-05 0.0285693 0.00113967 9.98596E-05 0.0342576 9.98596E-05 9.98596E-05
0.00869007 9.98243E-05 9.98243E-05 9.98243E-05 0.0564923 9.98243E-05 9.98243E-05 9.98243E-05 9.98243E-05 9.98243E-05 9.98243E-05 9.98243E-05 9.98243E-05 0.79556 9.98243E-05 9.98243E-05 9.98243E-05 9.98243E-05 0.102617 9.98243E-05 0.0346444 9.98243E-05 9.98243E-05 9.98243E-05 9.98243E-05
9.9816E-05 9.9816E-05 9.9816E-05 9.9816E-05 0.00777758 9.9816E-05 9.9816E-05 9.9816E-05 9.9816E-05 9.9816E-05 9.9816E-05 9.9816E-05 0.0345024 0.947663 0.00796115 9.9816E-05 9.9816E-05 9.9816E-05 9.9816E-05 9.9816E-05 9.9816E-05 9.9816E-05 9.9816E-05 9.9816E-05 9.9816E-05
9.97897E-05 9.97897E-05 9.97897E-05 9.97897E-05 9.97897E-05 9.97897E-05 9.97897E-05 9.97897E-05 9.97897E-05 9.97897E-05 9.97897E-05 9.97897E-05 9.97897E-05 0.997605 9.97897E-05 9.97897E-05 9.97897E-05 9.97897E-05 9.97897E-05 9.97897E-05 9.97897E-05 9.97897E-05 9.97897E-05 9.97897E-05 9.97897E-05
9.97898E-05 9.97898E-05 9.97898E-05 9.97898E-05 9.97898E-05 9.97898E-05 9.97898E-05 9.97898E-05 9.97898E-05 9.97898E-05 9.97898E-05 9.97898E-05 9.97898E-05 0.997605 9.97898E-05 9.97898E-05 9.97898E-05 9.97898E-05 9.97898E-05 9.97898E-05 9.97898E-05 9.97898E-05 9.97898E-05 9.97898E-05 9.97898E-05
9.98246E-05 9.98246E-05 9.98246E-05 9.98246E-05 0.0343575 0.0886433 9.98246E-05 9.98246E-05 9.98246E-05 9.98246E-05 0.0275162 9.98246E-05 9.98246E-05 0.817515 9.98246E-05 9.98246E-05 9.98246E-05 9.98246E-05 0.0299714 9.98246E-05 9.98246E-05 9.98246E-05 9.98246E-05 9.98246E-05 9.98246E-05
9.98334E-05 9.98334E-05 9.98334E-05 9.98334E-05 0.136387 9.98334E-05 0.17842 0.273122 9.98334E-05 9.98334E-05 9.98334E-05 9.98334E-05 9.98334E-05 0.268764 0.0652072 0.0762037 9.98334E-05 9.98334E-05 9.98334E-05 9.98334E-05 9.98334E-05 9.98334E-05 9.98334E-05 9.98334E-05 9.98334E-05
9.98071E-05 9.98071E-05 9.98071E-05 9.98071E-05 0.100783 9.98071E-05 9.98071E-05 9.98071E-05 9.98071E-05 9.98071E-05 9.98071E-05 9.98071E-05 9.98071E-05 9.98071E-05 0.0862165 9.98071E-05 9.98071E-05 9.98071E-05 9.98071E-05 9.98071E-05 9.98071E-05 9.98071E-05 0.810805 9.98071E-05 9.98071E-05
9.97982E-05 9.97982E-05 9.97982E-05 9.97982E-05 9.97982E-05 9.97982E-05 9.97982E-05 0.730502 9.97982E-05 9.97982E-05 9.97982E-05 9.97982E-05 9.97982E-05 9.97982E-05 9.97982E-05 9.97982E-05 9.97982E-05 9.97982E-05 9.97982E-05 9.97982E-05 9.97982E-05 9.97982E-05 0.267203 9.97982E-05 9.97982E-05
9.98158E-05 9.98158E-05 9.98158E-05 9.98158E-05 0.10536 9.98158E-05 9.98158E-05 9.98158E-05 9.98158E-05 9.98158E-05 9.98158E-05 9.98158E-05 9.98158E-05 9.98158E-05 9.98158E-05 9.98158E-05 9.98158E-05 0.00575705 9.98158E-05 0.0239583 9.98158E-05 9.98158E-05 0.862828 9.98158E-05 9.98158E-05
9.98156E-05 9.98156E-05 9.98156E-05 9.98156E-05 0.180837 0.00827415 9.98156E-05 9.98156E-05 9.98156E-05 9.98156E-05 9.98156E-05 9.98156E-05 9.98156E-05 9.98156E-05 0.012057 9.98156E-05 9.98156E-05 9.98156E-05 9.98156E-05 9.98156E-05 9.98156E-05 9.98156E-05 0.796736 9.98156E-05 9.98156E-05
9.98156E-05 9.98156E-05 9.98156E-05 9.98156E-05 9.98156E-05 9.98156E-05 9.98156E-05 9.98156E-05 9.98156E-05 9.98156E-05 9.98156E-05 9.98156E-05 9.98156E-05 9.98156E-05 0.0410617 9.98156E-05 9.98156E-05 0.022176 0.0296695 9.98156E-05 9.98156E-05 9.98156E-05 0.904997 9.98156E-05 9.98156E-05
9.98246E-05 9.98246E-05 9.98246E-05 9.98246E-05 0.158046 9.98246E-05 9.98246E-05 0.0178517 9.98246E-05 9.98246E-05 9.98246E-05 9.98246E-05 9.98246E-05 9.98246E-05 0.138177 9.98246E-05 9.98246E-05 9.98246E-05 9.98246E-05 9.98246E-05 9.98246E-05 0.0635363 0.620392 9.98246E-05 9.98246E-05
9.98421E-05 9.98421E-05 9.98421E-05 9.98421E-05 0.0723572 9.98421E-05 9.98421E-05 9.98421E-05 0.0271602 9.98421E-05 9.98421E-05 0.034091 9.98421E-05 9.98421E-05 0.109922 9.98421E-05 9.98421E-05 9.98421E-05 0.0771582 9.98421E-05 0.0224642 9.98421E-05 0.65505 9.98421E-05 9.98421E-05
9.98246E-05 9.98246E-05 9.98246E-05 9.98246E-05 0.0156709 0.0058031 9.98246E-05 9.98246E-05 9.98246E-05 9.98246E-05 9.98246E-05 9.98246E-05 9.98246E-05 0.0150913 0.153618 9.98246E-05 9.98246E-05 9.98246E-05 9.98246E-05 9.98246E-05 9.98246E-05 9.98246E-05 0.80782 9.98246E-05 9.98246E-05
9.98242E-05 9.98242E-05 0.0969154 9.98242E-05 0.00319032 9.98242E-05 9.98242E-05 9.98242E-05 9.98242E-05 9.98242E-05 9.98242E-05 9.98242E-05 9.98242E-05 9.98242E-05 0.360438 9.98242E-05 9.98242E-05 9.98242E-05 9.98242E-05 9.98242E-05 9.98242E-05 0.22289 0.31457 9.98242E-05 9.98242E-05
9.98245E-05 9.98245E-05 0.0177841 9.98245E-05 0.268944 9.98245E-05 9.98245E-05 9.98245E-05 0.00142755 9.98245E-05 9.98245E-05 9.98245E-05 9.98245E-05 9.98245E-05 0.178194 9.98245E-05 9.98245E-05 9.98245E-05 9.98245E-05 9.98245E-05 9.98245E-05 9.98245E-05 0.531654 9.98245E-05 9.98245E-05
9.98159E-05 9.98159E-05 9.98159E-05 9.98159E-05 9.98159E-05 9.98159E-05 9.98159E-05 9.98159E-05 9.98159E-05 9.98159E-05 9.98159E-05 0.379058 9.98159E-05 9.98159E-05 0.0116308 9.98159E-05 9.98159E-05 9.98159E-05 9.98159E-05 9.98159E-05 9.98159E-05 0.246596 0.360619 9.98159E-05 9.98159E-05
9.98246E-05 9.98246E-05 9.98246E-05 9.98246E-05 0.0256123 9.98246E-05 9.98246E-05 9.98246E-05 9.98246E-05 9.98246E-05 9.98246E-05 0.116804 0.0706637 9.98246E-05 9.98246E-05 9.98246E-05 9.98246E-05 9.98246E-05 9.98246E-05 9.98246E-05 9.98246E-05 0.119104 0.665819 9.98246E-05 9.98246E-05
9.98161E-05 9.98161E-05 9.98161E-05 9.98161E-05 9.98161E-05 9.98161E-05 9.98161E-05 9.98161E-05 9.98161E-05 9.98161E-05 9.98161E-05 0.0773032 9.98161E-05 9.98161E-05 0.103487 9.98161E-05 9.98161E-05 0.0305735 9.98161E-05 9.98161E-05 9.98161E-05 9.98161E-05 0.78654 9.98161E-05 9.98161E-05
9.98422E-05 0.0148605 9.98422E-05 9.98422E-05 0.158898 9.98422E-05 9.98422E-05 9.98422E-05 9.98422E-05 9.98422E-05 9.98422E-05 0.238732 9.98422E-05 9.98422E-05 0.169061 9.98422E-05 9.98422E-05 9.98422E-05 9.98422E-05 0.00137149 9.98422E-05 9.98422E-05 0.359798 9.98422E-05 0.0554815
9.98422E-05 9.98422E-05 9.98422E-05 0.0205793 9.98422E-05 0.0597865 9.98422E-05 0.0206892 9.98422E-05 9.98422E-05 9.98422E-05 0.0900444 9.98422E-05 9.98422E-05 9.98422E-05 0.0398108 9.98422E-05 9.98422E-05 9.98422E-05 0.12958 9.98422E-05 9.98422E-05 0.637713 9.98422E-05 9.98422E-05
9.98509E-05 0.0634346 9.98509E-05 9.98509E-05 0.0867776 9.98509E-05 9.98509E-05 0.0919738 9.98509E-05 9.98509E-05 9.98509E-05 9.98509E-05 9.98509E-05 9.98509E-05 9.98509E-05 0.0768077 9.98509E-05 0.00442938 9.98509E-05 9.98509E-05 0.015088 0.0538158 0.605976 9.98509E-05 9.98509E-05
0.0216238 9.98331E-05 9.98331E-05 9.98331E-05 0.0986904 9.98331E-05 9.98331E-05 9.98331E-05 9.98331E-05 9.98331E-05 9.98331E-05 0.120206 9.98331E-05 9.98331E-05 9.98331E-05 9.98331E-05 0.0591252 9.98331E-05 9.98331E-05 9.98331E-05 9.98331E-05 0.180412 0.518045 9.98331E-05 9.98331E-05
9.98422E-05 0.0205618 9.98422E-05 9.98422E-05 9.98422E-05 9.98422E-05 9.98422E-05 0.0883492 0.0632673 9.98422E-05 9.98422E-05 9.98422E-05 0.00894075 9.98422E-05 0.121291 9.98422E-05 9.98422E-05 9.98422E-05 9.98422E-05 0.0867699 9.98422E-05 9.98422E-05 0.609023 9.98422E-05 9.98422E-05
9.98073E-05 9.98073E-05 9.98073E-05 9.98073E-05 9.98073E-05 9.98073E-05 9.98073E-05 9.98073E-05 9.98073E-05 9.98073E-05 9.98073E-05 0.114927 9.98073E-05 9.98073E-05 0.0226822 9.98073E-05 9.98073E-05 9.98073E-05 9.98073E-05 9.98073E-05 9.98073E-05 9.98073E-05 0.860195 9.98073E-05 9.98073E-05
0.0505565 9.98596E-05 9.98596E-05 9.98596E-05 0.0727867 9.98596E-05 9.98596E-05 0.306451 9.98596E-05 0.120258 9.98596E-05 9.98596E-05 9.98596E-05 0.0309047 0.0962747 0.062384 9.98596E-05 9.98596E-05 9.98596E-05 9.98596E-05 0.0101511 9.98596E-05 0.248636 9.98596E-05 9.98596E-05
9.98421E-05 9.98421E-05 9.98421E-05 9.98421E-05 0.122178 9.98421E-05 9.98421E-05 9.98421E-05 9.98421E-05 9.98421E-05 9.98421E-05 0.0812575 9.98421E-05 9.98421E-05 0.0436703 9.98421E-05 9.98421E-05 0.0141932 9.98421E-05 0.00273542 9.98421E-05 0.0723925 0.661776 9.98421E-05 9.98421E-05
9.98244E-05 9.98244E-05 9.98244E-05 9.98244E-05 9.98244E-05 9.98244E-05 9.98244E-05 9.98244E-05 9.98244E-05 9.98244E-05 9.98244E-05 0.0508848 9.98244E-05 9.98244E-05 0.0655409 9.98244E-05 9.98244E-05 9.98244E-05 0.0607761 9.98244E-05 0.00310096 9.98244E-05 0.817701 9.98244E-05 9.98244E-05
9.98245E-05 9.98245E-05 9.98245E-05 9.98245E-05 0.200247 9.98245E-05 9.98245E-05 9.98245E-05 9.98245E-05 9.98245E-05 9.98245E-05 9.98245E-05 9.98245E-05 9.98245E-05 0.216149 9.98245E-05 0.092341 9.98245E-05 9.98245E-05 9.98245E-05 9.98245E-05 0.0557308 0.433536 9.98245E-05 9.98245E-05
9.98422E-05 9.98422E-05 0.00675448 9.98422E-05 0.0315239 9.98422E-05 9.98422E-05 0.0683892 9.98422E-05 9.98422E-05 9.98422E-05 0.155904 9.98422E-05 9.98422E-05 0.135946 9.98422E-05 9.98422E-05 0.0048073 9.98422E-05 9.98422E-05 9.98422E-05 9.98422E-05 0.594877 9.98422E-05 9.98422E-05
9.98157E-05 9.98157E-05 9.98157E-05 9.98157E-05 0.251955 9.98157E-05 9.98157E-05 9.98157E-05 9.98157E-05 9.98157E-05 9.98157E-05 9.98157E-05 9.98157E-05 9.98157E-05 0.19313 9.98157E-05 0.0592456 9.98157E-05 9.98157E-05 9.98157E-05 9.98157E-05 9.98157E-05 0.493574 9.98157E-05 9.98157E-05
9.98248E-05 9.98248E-05 9.98248E-05 9.98248E-05 0.133274 9.98248E-05 9.98248E-05 9.98248E-05 9.98248E-05 9.98248E-05 9.98248E-05 0.353298 9.98248E-05 0.121195 0.183519 9.98248E-05 9.98248E-05 9.98248E-05 9.98248E-05 9.98248E-05 9.98248E-05 9.98248E-05 0.206717 9.98248E-05 9.98248E-05
0.0216416 0.00448599 9.98508E-05 9.98508E-05 0.00774139 9.98508E-05 9.98508E-05 0.789141 9.98508E-05 9.98508E-05 9.98508E-05 9.98508E-05 9.98508E-05 9.98508E-05 9.98508E-05 9.98508E-05 9.98508E-05 0.0510777 9.98508E-05 0.00809387 9.98508E-05 9.98508E-05 0.0153317 9.98508E-05 0.100789
9.98067E-05 9.98067E-05 9.98067E-05 9.98067E-05 0.0269251 9.98067E-05 9.98067E-05 9.98067E-05 9.98067E-05 9.98067E-05 9.98067E-05 9.98067E-05 9.98067E-05 9.98067E-05 0.0813828 9.98067E-05 9.98067E-05 9.98067E-05 9.98067E-05 9.98067E-05 9.98067E-05 9.98067E-05 0.889496 9.98067E-05 9.98067E-05
9.98159E-05 9.98159E-05 9.98159E-05 9.98159E-05 0.194449 9.98159E-05 9.98159E-05 9.98159E-05 9.98159E-05 9.98159E-05 9.98159E-05 9.98159E-05 9.98159E-05 9.98159E-05 0.239811 9.98159E-05 9.98159E-05 9.98159E-05 9.98159E-05 9.98159E-05 9.98159E-05 0.0160187 0.547626 9.98159E-05 9.98159E-05
9.98247E-05 9.98247E-05 9.98247E-05 9.98247E-05 0.0904215 9.98247E-05 9.98247E-05 0.0982173 9.98247E-05 9.98247E-05 9.98247E-05 9.98247E-05 9.98247E-05 9.98247E-05 9.98247E-05 9.98247E-05 9.98247E-05 0.0949784 9.98247E-05 9.98247E-05 0.0422411 9.98247E-05 0.672145 9.98247E-05 9.98247E-05
9.98247E-05 9.98247E-05 9.98247E-05 0.0295463 0.187317 9.98247E-05 9.98247E-05 9.98247E-05 9.98247E-05 9.98247E-05 9.98247E-05 0.0410965 9.98247E-05 9.98247E-05 0.0207231 9.98247E-05 9.98247E-05 9.98247E-05 9.98247E-05 9.98247E-05 9.98247E-05 9.98247E-05 0.71932 9.98247E-05 9.98247E-05
9.9807E-05 9.9807E-05 9.9807E-05 0.0540799 0.00292076 9.9807E-05 9.9807E-05 9.9807E-05 9.9807E-05 9.9807E-05 9.9807E-05 9.9807E-05 9.9807E-05 9.9807E-05 9.9807E-05 9.9807E-05 9.9807E-05 9.9807E-05 9.9807E-05 9.9807E-05 9.9807E-05 9.9807E-05 0.940804 9.9807E-05 9.9807E-05
9.98244E-05 9.98244E-05 9.98244E-05 9.98244E-05 0.13351 9.98244E-05 9.98244E-05 9.98244E-05 9.98244E-05 9.98244E-05 9.98244E-05 9.98244E-05 9.98244E-05 9.98244E-05 0.279717 9.98244E-05 0.105214 0.130183 9.98244E-05 9.98244E-05 9.98244E-05 9.98244E-05 0.349379 9.98244E-05 9.98244E-05
9.98068E-05 9.98068E-05 9.98068E-05 9.98068E-05 0.0440908 9.98068E-05 9.98068E-05 9.98068E-05 0.125325 9.98068E-05 9.98068E-05 9.98068E-05 9.98068E-05 9.98068E-05 9.98068E-05 9.98068E-05 9.98068E-05 9.98068E-05 9.98068E-05 9.98068E-05 9.98068E-05 9.98068E-05 0.828388 9.98068E-05 9.98068E-05
9.98032E-05 9.98032E-05 9.98032E-05 9.98032E-05 0.108514 9.98032E-05 9.98032E-05 9.98032E-05 9.98032E-05 9.98032E-05 9.98032E-05 9.98032E-05 9.98032E-05 9.98032E-05 9.98032E-05 9.98032E-05 9.98032E-05 9.98032E-05 9.98032E-05 9.98032E-05 9.98032E-05 9.98032E-05 0.889191 9.98032E-05 9.98032E-05
9.98333E-05 9.98333E-05 9.98333E-05 0.0126862 9.98333E-05 9.98333E-05 9.98333E-05 9.98333E-05 9.98333E-05 9.98333E-05 9.98333E-05 0.137035 9.98333E-05 9.98333E-05 0.0293936 0.167653 9.98333E-05 9.98333E-05 9.98333E-05 0.0473293 9.98333E-05 9.98333E-05 0.604005 9.98333E-05 9.98333E-05
9.98156E-05 9.98156E-05 9.98156E-05 9.98156E-05 0.17706 9.98156E-05 9.98156E-05 9.98156E-05 9.98156E-05 9.98156E-05 9.98156E-05 9.98156E-05 9.98156E-05 9.98156E-05 0.107381 9.98156E-05 9.98156E-05 9.98156E-05 0.0668831 9.98156E-05 9.98156E-05 9.98156E-05 0.64658 9.98156E-05 9.98156E-05
9.98158E-05 9.98158E-05 9.98158E-05 9.98158E-05 9.98158E-05 9.98158E-05 9.98158E-05 0.115329 9.98158E-05 9.98158E-05 9.98158E-05 0.518001 9.98158E-05 9.98158E-05 0.0188769 9.98158E-05 9.98158E-05 9.98158E-05 9.98158E-05 9.98158E-05 9.98158E-05 9.98158E-05 0.345697 9.98158E-05 9.98158E-05
9.98073E-05 9.98073E-05 9.98073E-05 9.98073E-05 0.126459 9.98073E-05 9.98073E-05 0.297468 9.98073E-05 9.98073E-05 9.98073E-05 9.98073E-05 9.98073E-05 9.98073E-05 9.98073E-05 9.98073E-05 9.98073E-05 9.98073E-05 9.98073E-05 9.98073E-05 9.98073E-05 9.98073E-05 0.573878 9.98073E-05 9.98073E-05
9.98161E-05 9.98161E-05 9.98161E-05 9.98161E-05 9.98161E-05 9.98161E-05 9.98161E-05 0.00383213 9.98161E-05 9.98161E-05 9.98161E-05 0.380896 9.98161E-05 9.98161E-05 9.98161E-05 9.98161E-05 9.98161E-05 0.0489825 9.98161E-05 9.98161E-05 9.98161E-05 9.98161E-05 0.564193 9.98161E-05 9.98161E-05
9.98159E-05 9.98159E-05 9.98159E-05 9.98159E-05 9.98159E-05 9.98159E-05 9.98159E-05 9.98159E-05 9.98159E-05 9.98159E-05 9.98159E-05 0.63491 9.98159E-05 9.98159E-05 9.98159E-05 9.98159E-05 0.0195159 9.98159E-05 9.98159E-05 9.98159E-05 9.98159E-05 0.00914264 0.334335 9.98159E-05 9.98159E-05
9.98245E-05 9.98245E-05 9.98245E-05 9.98245E-05 0.31494 9.98245E-05 9.98245E-05 9.98245E-05 9.98245E-05 9.98245E-05 9.98245E-05 9.98245E-05 9.98245E-05 9.98245E-05 0.104292 9.98245E-05 9.98245E-05 9.98245E-05 9.98245E-05 9.98245E-05 9.98245E-05 0.0494175 0.507704 0.0216504 9.98245E-05
0.108164 9.98071E-05 9.98071E-05 9.98071E-05 9.98071E-05 9.98071E-05 9.98071E-05 9.98071E-05 9.98071E-05 9.98071E-05 9.98071E-05 9.98071E-05 9.98071E-05 9.98071E-05 0.150404 9.98071E-05 9.98071E-05 9.98071E-05 9.98071E-05 9.98071E-05 9.98071E-05 9.98071E-05 0.739235 9.98071E-05 9.98071E-05
9.98245E-05 9.98245E-05 9.98245E-05 9.98245E-05 0.0517738 9.98245E-05 9.98245E-05 0.583027 9.98245E-05 9.98245E-05 9.98245E-05 0.226671 9.98245E-05 9.98245E-05 0.11191 9.98245E-05 0.0246221 9.98245E-05 9.98245E-05 9.98245E-05 9.98245E-05 9.98245E-05 9.98245E-05 9.98245E-05 9.98245E-05
9.98334E-05 9.98334E-05 0.0191448 9.98334E-05 0.0456075 9.98334E-05 9.98334E-05 0.130672 9.98334E-05 9.98334E-05 0.00898213 0.493218 9.98334E-05 9.98334E-05 9.98334E-05 9.98334E-05 9.98334E-05 9.98334E-05 9.98334E-05 9.98334E-05 9.98334E-05 9.98334E-05 0.300478 9.98334E-05 9.98334E-05
9.98683E-05 9.98683E-05 9.98683E-05 9.98683E-05 0.00817008 0.0409901 9.98683E-05 9.98683E-05 0.044601 9.98683E-05 9.98683E-05 9.98683E-05 9.98683E-05 9.98683E-05 0.162122 9.98683E-05 0.130076 0.0526144 0.0182375 0.0013167 9.98683E-05 0.0865927 0.453782 9.98683E-05 9.98683E-05
9.98421E-05 9.98421E-05 9.98421E-05 9.98421E-05 0.0544323 9.98421E-05 9.98421E-05 0.0661783 9.98421E-05 9.98421E-05 9.98421E-05 9.98421E-05 9.98421E-05 0.263871 0.00839826 0.00697933 9.98421E-05 9.98421E-05 0.0389909 9.98421E-05 9.98421E-05 9.98421E-05 0.559353 9.98421E-05 9.98421E-05
9.98424E-05 9.98424E-05 9.98424E-05 0.0262677 0.0539437 9.98424E-05 9.98424E-05 9.98424E-05 9.98424E-05 9.98424E-05 9.98424E-05 0.173553 9.98424E-05 9.98424E-05 0.160149 9.98424E-05 9.98424E-05 9.98424E-05 0.149005 9.98424E-05 9.98424E-05 0.0575864 0.377698 9.98424E-05 9.98424E-05
9.98335E-05 9.98335E-05 9.98335E-05 9.98335E-05 0.224028 9.98335E-05 9.98335E-05 9.98335E-05 0.0376453 9.98335E-05 9.98335E-05 9.98335E-05 9.98335E-05 9.98335E-05 0.251676 9.98335E-05 0.0347571 9.98335E-05 9.98335E-05 9.98335E-05 0.0392676 9.98335E-05 0.410729 9.98335E-05 9.98335E-05
9.98158E-05 9.98158E-05 9.98158E-05 9.98158E-05 9.98158E-05 9.98158E-05 9.98158E-05 0.187034 9.98158E-05 9.98158E-05 9.98158E-05 0.453005 9.98158E-05 9.98158E-05 9.98158E-05 9.98158E-05 9.98158E-05 0.0199957 9.98158E-05 9.98158E-05 9.98158E-05 9.98158E-05 0.337869 9.98158E-05 9.98158E-05
9.98157E-05 0.0349962 9.98157E-05 9.98157E-05 0.116871 9.98157E-05 9.98157E-05 9.98157E-05 9.98157E-05 0.126706 9.98157E-05 9.98157E-05 9.98157E-05 9.98157E-05 9.98157E-05 9.98157E-05 9.98157E-05 9.98157E-05 9.98157E-05 9.98157E-05 9.98157E-05 9.98157E-05 0.71933 9.98157E-05 9.98157E-05
