0.110447 9.99297E-05 9.99297E-05 9.99297E-05 9.99297E-05 9.99297E-05 0.123045 0.376189 9.99297E-05 0.039426 0.350093 9.99297E-05 9.99297E-05
0.0512333 9.99386E-05 9.99386E-05 0.0395928 9.99386E-05 9.99386E-05 0.00224555 0.717899 9.99386E-05 9.99386E-05 9.99386E-05 0.155045 0.0332855
9.99122E-05 9.99122E-05 9.99122E-05 9.99122E-05 0.0436716 9.99122E-05 0.0346787 0.920651 9.99122E-05 9.99122E-05 9.99122E-05 9.99122E-05 9.99122E-05
0.0621908 0.0398203 9.99561E-05 9.99561E-05 0.100927 9.99561E-05 0.100334 0.160103 0.131136 9.99561E-05 0.216042 9.99561E-05 0.188947
9.99123E-05 9.99123E-05 9.99123E-05 9.99123E-05 0.0320936 9.99123E-05 9.99123E-05 0.877981 9.99123E-05 9.99123E-05 9.99123E-05 9.99123E-05 0.0889265
9.99473E-05 0.100866 9.99473E-05 9.99473E-05 0.233739 9.99473E-05 9.99473E-05 0.27895 9.99473E-05 0.0337497 0.00583576 0.128637 0.217622
0.13789 9.99561E-05 0.056732 9.99561E-05 9.99561E-05 9.99561E-05 0.0157528 0.311261 0.0826323 9.99561E-05 0.194113 0.128715 0.0724049
0.00586577 0.109186 0.100317 9.99561E-05 0.0214407 9.99561E-05 9.99561E-05 0.181633 9.99561E-05 0.0367427 0.279718 9.99561E-05 0.264597
9.99473E-05 0.213755 9.99473E-05 9.99473E-05 0.0038084 9.99473E-05 0.262741 0.35471 0.120791 9.99473E-05 9.99473E-05 0.0127624 0.0308322
9.99122E-05 9.99122E-05 9.99122E-05 9.99122E-05 9.99122E-05 9.99122E-05 0.0706618 0.894178 9.99122E-05 0.0341608 9.99122E-05 9.99122E-05 9.99122E-05
0.141608 0.0056087 9.99298E-05 9.99298E-05 9.99298E-05 9.99298E-05 0.191253 0.487579 9.99298E-05 9.99298E-05 0.173152 9.99298E-05 9.99298E-05
0.014741 9.9921E-05 0.0251955 9.9921E-05 9.9921E-05 9.9921E-05 9.9921E-05 0.942963 9.9921E-05 9.9921E-05 9.9921E-05 9.9921E-05 0.0162011
9.9921E-05 0.0101945 9.9921E-05 9.9921E-05 9.9921E-05 9.9921E-05 0.0722564 0.778574 9.9921E-05 9.9921E-05 0.138075 9.9921E-05 9.9921E-05
0.0667525 9.99473E-05 0.0613161 9.99473E-05 0.0764647 0.0612108 0.0343662 0.602982 9.99473E-05 9.99473E-05 0.0963077 9.99473E-05 9.99473E-05
9.99385E-05 0.136581 9.99385E-05 9.99385E-05 0.168253 9.99385E-05 0.155541 0.314456 0.0265098 9.99385E-05 0.197958 9.99385E-05 9.99385E-05
9.99473E-05 0.173622 0.123667 9.99473E-05 9.99473E-05 9.99473E-05 0.136323 0.256817 0.0891844 9.99473E-05 0.160295 9.99473E-05 0.0594916
0.0587018 9.99473E-05 0.0296053 9.99473E-05 9.99473E-05 0.135104 0.0659522 0.596572 0.0170266 9.99473E-05 9.99473E-05 0.0964377 9.99473E-05
9.99561E-05 9.99561E-05 9.99561E-05 0.191665 0.0776677 9.99561E-05 0.109406 0.132494 0.0130044 0.122648 0.350496 9.99561E-05 0.00211914
0.100097 0.0933165 9.99473E-05 0.00322272 9.99473E-05 9.99473E-05 0.207777 0.390289 9.99473E-05 0.0390142 0.165685 9.99473E-05 9.99473E-05
9.98947E-05 9.98947E-05 9.98947E-05 9.98947E-05 9.98947E-05 9.98947E-05 9.98947E-05 0.998801 9.98947E-05 9.98947E-05 9.98947E-05 9.98947E-05 9.98947E-05
0.0843736 0.111215 0.000144181 0.00657691 0.0427469 9.99649E-05 0.0351611 0.423465 0.100478 9.99649E-05 9.99649E-05 9.99649E-05 0.195439
9.99386E-05 0.0940272 9.99386E-05 9.99386E-05 0.0828037 9.99386E-05 9.99386E-05 0.187915 9.99386E-05 9.99386E-05 0.360809 0.0303469 0.243399
0.0360125 9.99649E-05 9.99649E-05 0.0341985 0.105657 9.99649E-05 0.0896051 0.652991 0.0109771 0.025008 0.0258149 0.0193368 9.99649E-05
0.00454726 9.99385E-05 0.130933 9.99385E-05 0.00999095 9.99385E-05 0.242719 0.307643 9.99385E-05 9.99385E-05 0.303467 9.99385E-05 9.99385E-05
0.0454395 0.0849239 9.99473E-05 0.0914937 0.159787 9.99473E-05 0.212132 0.312139 0.093485 9.99473E-05 9.99473E-05 9.99473E-05 9.99473E-05
9.99385E-05 0.0084033 9.99385E-05 9.99385E-05 0.0738669 9.99385E-05 0.126337 0.730568 9.99385E-05 9.99385E-05 0.0379769 9.99385E-05 0.0221484
9.99385E-05 9.99385E-05 0.0416464 9.99385E-05 0.352741 9.99385E-05 0.0966572 0.0139821 9.99385E-05 0.116889 0.377385 9.99385E-05 9.99385E-05
0.00130089 9.99473E-05 9.99473E-05 9.99473E-05 0.0213621 9.99473E-05 0.0430182 0.814104 0.0850048 9.99473E-05 0.024849 0.00976086 9.99473E-05
0.0378324 9.99386E-05 9.99386E-05 0.023975 0.0209529 9.99386E-05 0.185704 0.557694 9.99386E-05 9.99386E-05 0.173142 9.99386E-05 9.99386E-05
0.0527113 0.024086 0.0335351 9.99473E-05 0.0376166 0.0500947 0.0819146 0.719442 9.99473E-05 9.99473E-05 9.99473E-05 9.99473E-05 9.99473E-05
0.0885054 0.0693218 9.99473E-05 0.0757535 9.99473E-05 9.99473E-05 0.00769462 0.654619 9.99473E-05 0.0212666 0.0822395 9.99473E-05 9.99473E-05
0.0664121 0.0142336 9.99474E-05 9.99474E-05 0.142014 9.99474E-05 0.0844562 0.539663 9.99474E-05 9.99474E-05 0.104601 9.99474E-05 0.0480206
0.0478773 9.99385E-05 9.99385E-05 0.0312671 0.146801 9.99385E-05 0.201697 0.414995 9.99385E-05 9.99385E-05 0.156663 9.99385E-05 9.99385E-05
0.0248355 9.99473E-05 0.00163408 9.99473E-05 0.243444 9.99473E-05 0.144654 0.532744 0.0109456 0.0411432 9.99473E-05 9.99473E-05 9.99473E-05
0.0532342 9.99298E-05 9.99298E-05 0.0563229 9.99298E-05 9.99298E-05 0.0223714 0.783298 9.99298E-05 9.99298E-05 9.99298E-05 0.0839737 9.99298E-05
0.0215687 0.038361 9.99473E-05 9.99473E-05 9.99473E-05 9.99473E-05 0.0495705 0.6841 0.135389 9.99473E-05 0.0578393 0.0125718 9.99473E-05
9.99211E-05 9.99211E-05 0.0752873 0.0400173 9.99211E-05 9.99211E-05 9.99211E-05 0.851288 9.99211E-05 9.99211E-05 9.99211E-05 0.0325082 9.99211E-05
9.99298E-05 0.144467 9.99298E-05 0.0456456 9.99298E-05 9.99298E-05 0.0801861 0.690842 9.99298E-05 9.99298E-05 9.99298E-05 0.0380601 9.99298E-05
0.00556509 9.99474E-05 9.99474E-05 9.99474E-05 0.143708 0.0136397 0.171168 0.567619 9.99474E-05 9.99474E-05 9.99474E-05 0.0943191 0.0033808
9.9921E-05 9.9921E-05 0.117749 9.9921E-05 0.14883 9.9921E-05 0.127513 0.605009 9.9921E-05 9.9921E-05 9.9921E-05 9.9921E-05 9.9921E-05
0.0105077 9.99123E-05 9.99123E-05 9.99123E-05 9.99123E-05 9.99123E-05 0.0903065 0.898187 9.99123E-05 9.99123E-05 9.99123E-05 9.99123E-05 9.99123E-05
9.99211E-05 0.0121953 9.99211E-05 9.99211E-05 9.99211E-05 9.99211E-05 0.0663757 0.60718 9.99211E-05 9.99211E-05 0.31335 9.99211E-05 9.99211E-05
0.0447917 9.99298E-05 9.99298E-05 9.99298E-05 9.99298E-05 0.0615709 9.99298E-05 0.799899 9.99298E-05 9.99298E-05 0.0511042 9.99298E-05 0.0418346
0.0774425 0.145372 9.99386E-05 9.99386E-05 9.99386E-05 9.99386E-05 0.181736 0.402576 9.99386E-05 0.00742269 0.184751 9.99386E-05 9.99386E-05
9.99298E-05 9.99298E-05 9.99298E-05 9.99298E-05 9.99298E-05 9.99298E-05 0.186133 0.233951 0.0397197 9.99298E-05 0.388879 9.99298E-05 0.150518
9.99209E-05 9.99209E-05 9.99209E-05 0.0540834 9.99209E-05 9.99209E-05 0.0386323 0.903138 9.99209E-05 9.99209E-05 9.99209E-05 9.99209E-05 0.00324716
0.0218249 0.00358477 9.99298E-05 9.99298E-05 9.99298E-05 9.99298E-05 0.10426 0.824809 9.99298E-05 0.0447215 9.99298E-05 9.99298E-05 9.99298E-05
9.99035E-05 9.99035E-05 9.99035E-05 9.99035E-05 9.99035E-05 9.99035E-05 0.085212 0.913689 9.99035E-05 9.99035E-05 9.99035E-05 9.99035E-05 9.99035E-05
0.0661858 9.99297E-05 0.0125299 9.99297E-05 9.99297E-05 9.99297E-05 0.169349 0.6589 9.99297E-05 9.99297E-05 0.0922351 9.99297E-05 9.99297E-05
0.00863271 0.0371709 0.060926 9.99387E-05 9.99387E-05 9.99387E-05 9.99387E-05 0.783746 9.99387E-05 0.0287212 9.99387E-05 9.99387E-05 0.0801034
0.132133 0.0544917 9.99561E-05 9.99561E-05 0.148534 9.99561E-05 0.192388 0.345228 0.0648916 9.99561E-05 0.04997 9.99561E-05 0.0118625
9.99386E-05 0.0136104 9.99386E-05 0.00399315 0.0439649 9.99386E-05 9.99386E-05 0.601012 0.227118 9.99386E-05 9.99386E-05 9.99386E-05 0.109602
9.9921E-05 0.0453457 9.9921E-05 9.9921E-05 9.9921E-05 9.9921E-05 9.9921E-05 0.871548 9.9921E-05 0.0656034 9.9921E-05 0.0166033 9.9921E-05
0.00620114 0.034766 0.257389 9.99474E-05 0.0288653 9.99474E-05 0.0173833 0.647596 9.99474E-05 9.99474E-05 9.99474E-05 9.99474E-05 0.00720023
9.99299E-05 9.99299E-05 0.00614839 0.0848598 9.99299E-05 9.99299E-05 0.0946985 0.751624 9.99299E-05 9.99299E-05 9.99299E-05 9.99299E-05 0.0618699
0.00426832 9.99298E-05 9.99298E-05 0.0552129 0.134395 9.99298E-05 9.99298E-05 0.753978 9.99298E-05 9.99298E-05 9.99298E-05 9.99298E-05 0.0513468
9.99298E-05 9.99298E-05 0.0277088 9.99298E-05 9.99298E-05 9.99298E-05 0.000971762 0.754986 9.99298E-05 0.139686 9.99298E-05 0.0758476 9.99298E-05
0.017901 9.99211E-05 9.99211E-05 9.99211E-05 9.99211E-05 9.99211E-05 0.0803025 0.744486 0.156411 9.99211E-05 9.99211E-05 9.99211E-05 9.99211E-05
0.0283777 0.0115283 9.9921E-05 9.9921E-05 9.9921E-05 9.9921E-05 9.9921E-05 0.958348 9.9921E-05 9.9921E-05 9.9921E-05 9.9921E-05 0.000847052
0.0253356 0.0154899 9.99385E-05 9.99385E-05 0.0792397 9.99385E-05 0.124749 9.99385E-05 9.99385E-05 9.99385E-05 0.590021 0.164465 9.99385E-05
9.99212E-05 9.99212E-05 9.99212E-05 9.99212E-05 9.99212E-05 9.99212E-05 9.99212E-05 0.0690329 0.100303 9.99212E-05 0.759348 0.070417 9.99212E-05
9.9921E-05 9.9921E-05 9.9921E-05 9.9921E-05 9.9921E-05 0.199958 9.9921E-05 9.9921E-05 9.9921E-05 0.118976 0.558451 0.121715 9.9921E-05
0.00386428 0.129958 9.99473E-05 9.99473E-05 0.219475 9.99473E-05 0.100848 9.99473E-05 9.99473E-05 0.0670636 0.162556 0.315635 9.99473E-05
9.99561E-05 0.050287 0.0870394 0.0280174 9.99561E-05 9.99561E-05 0.149066 9.99561E-05 0.0837145 0.0379609 0.557268 0.00614626 9.99561E-05
9.99385E-05 0.0337649 9.99385E-05 9.99385E-05 0.000224797 9.99385E-05 0.236234 9.99385E-05 9.99385E-05 0.0406055 0.65687 0.0316015 9.99385E-05
0.0498895 9.99297E-05 9.99297E-05 9.99297E-05 9.99297E-05 9.99297E-05 0.216036 9.99297E-05 0.0463878 9.99297E-05 0.289458 0.397429 9.99297E-05
9.99385E-05 0.0192227 9.99385E-05 9.99385E-05 0.184902 9.99385E-05 0.0650306 9.99385E-05 9.99385E-05 0.162836 0.421089 0.14622 9.99385E-05
9.99386E-05 9.99386E-05 9.99386E-05 9.99386E-05 0.00788268 0.113494 0.0154281 9.99386E-05 9.99386E-05 0.0441198 0.649729 0.168646 9.99386E-05
0.0571306 0.0130913 9.99474E-05 9.99474E-05 9.99474E-05 9.99474E-05 0.150618 0.092764 9.99474E-05 0.0317446 0.579687 0.0743652 9.99474E-05
0.187228 0.0526737 9.99297E-05 9.99297E-05 9.99297E-05 9.99297E-05 0.323688 9.99297E-05 9.99297E-05 0.0246708 0.41094 9.99297E-05 9.99297E-05
0.0813283 0.0111471 0.131162 9.9956E-05 9.9956E-05 9.9956E-05 0.0660959 9.9956E-05 9.9956E-05 0.0246147 0.599706 0.0800182 0.00542875
0.0764745 0.233665 0.02757 0.0112647 0.159141 9.99561E-05 9.99561E-05 9.99561E-05 9.99561E-05 0.0490089 0.266506 9.99561E-05 0.175869
9.99209E-05 9.99209E-05 9.99209E-05 9.99209E-05 9.99209E-05 9.99209E-05 0.241604 9.99209E-05 9.99209E-05 9.99209E-05 0.615211 0.129841 0.0124443
0.0584019 9.99475E-05 0.0192851 9.99475E-05 0.155052 0.0149148 9.99475E-05 0.00273988 9.99475E-05 9.99475E-05 0.653435 0.0955711 9.99475E-05
0.044199 0.0547865 9.99386E-05 9.99386E-05 9.99386E-05 0.119408 0.0644532 9.99386E-05 9.99386E-05 9.99386E-05 0.646143 0.0703102 9.99386E-05
9.99561E-05 0.0477677 0.0902013 9.99561E-05 0.228269 9.99561E-05 0.0685538 9.99561E-05 9.99561E-05 0.054125 0.475709 0.0249985 0.00987539
0.112717 0.117743 9.9921E-05 9.9921E-05 9.9921E-05 9.9921E-05 9.9921E-05 9.9921E-05 9.9921E-05 0.0903678 0.678273 9.9921E-05 9.9921E-05
0.0312357 0.0821644 9.99474E-05 9.99474E-05 9.99474E-05 9.99474E-05 0.0479746 0.0420736 9.99474E-05 0.165887 0.598239 0.0318265 9.99474E-05
0.0155324 9.99472E-05 0.071614 9.99472E-05 0.055949 9.99472E-05 0.302803 9.99472E-05 9.99472E-05 0.0101831 0.494728 0.0485909 9.99472E-05
9.99299E-05 9.99299E-05 0.0176245 9.99299E-05 9.99299E-05 0.202976 0.123667 9.99299E-05 9.99299E-05 9.99299E-05 0.60376 9.99299E-05 0.0511727
9.99121E-05 9.99121E-05 9.99121E-05 9.99121E-05 9.99121E-05 9.99121E-05 0.149847 9.99121E-05 9.99121E-05 9.99121E-05 0.760919 0.0882354 9.99121E-05
9.99299E-05 9.99299E-05 9.99299E-05 9.99299E-05 0.258743 9.99299E-05 0.0245731 0.0913878 9.99299E-05 9.99299E-05 0.51954 0.104957 9.99299E-05
0.0169346 9.99474E-05 9.99474E-05 9.99474E-05 0.0939225 9.99474E-05 0.108914 9.99474E-05 0.107253 0.0392007 0.477468 9.99474E-05 0.155707
0.102164 0.0145031 9.99385E-05 9.99385E-05 0.0281834 9.99385E-05 0.11806 0.0232722 9.99385E-05 9.99385E-05 0.713117 9.99385E-05 9.99385E-05
9.99474E-05 0.0267565 9.99474E-05 0.00608865 9.99474E-05 0.0915654 0.121579 0.180053 9.99474E-05 9.99474E-05 0.409947 0.163411 9.99474E-05
9.99123E-05 9.99123E-05 9.99123E-05 9.99123E-05 9.99123E-05 0.139843 9.99123E-05 9.99123E-05 9.99123E-05 0.0355096 0.823649 9.99123E-05 9.99123E-05
9.99299E-05 9.99299E-05 9.99299E-05 9.99299E-05 9.99299E-05 0.0672508 0.0924125 9.99299E-05 0.0881051 9.99299E-05 0.67458 0.0768522 9.99299E-05
9.99387E-05 0.0712173 9.99387E-05 9.99387E-05 9.99387E-05 9.99387E-05 0.0319489 0.0259142 9.99387E-05 0.104406 0.673601 0.0922131 9.99387E-05
9.99386E-05 0.113254 9.99386E-05 9.99386E-05 9.99386E-05 0.21333 0.210955 0.110848 9.99386E-05 9.99386E-05 0.287098 0.0638149 9.99386E-05
9.99122E-05 0.130936 9.99122E-05 9.99122E-05 0.801357 9.99122E-05 0.0667075 9.99122E-05 9.99122E-05 9.99122E-05 9.99122E-05 9.99122E-05 9.99122E-05
9.99211E-05 0.0386123 9.99211E-05 9.99211E-05 0.622457 0.294502 0.0435299 9.99211E-05 9.99211E-05 9.99211E-05 9.99211E-05 9.99211E-05 9.99211E-05
9.99122E-05 9.99122E-05 9.99122E-05 9.99122E-05 0.866311 9.99122E-05 0.128531 9.99122E-05 9.99122E-05 0.004159 9.99122E-05 9.99122E-05 9.99122E-05
9.99209E-05 0.024285 9.99209E-05 9.99209E-05 0.787753 9.99209E-05 0.185483 9.99209E-05 9.99209E-05 0.00157902 9.99209E-05 9.99209E-05 9.99209E-05
9.99065E-05 0.0521736 9.99065E-05 9.99065E-05 0.946727 9.99065E-05 9.99065E-05 9.99065E-05 9.99065E-05 9.99065E-05 9.99065E-05 9.99065E-05 9.99065E-05
9.9921E-05 0.141323 9.9921E-05 9.9921E-05 0.642244 9.9921E-05 0.165578 9.9921E-05 9.9921E-05 9.9921E-05 9.9921E-05 0.0499569 9.9921E-05
0.0463606 0.0985169 9.99298E-05 9.99298E-05 0.722099 9.99298E-05 0.0881916 9.99298E-05 9.99298E-05 0.0440327 9.99298E-05 9.99298E-05 9.99298E-05
9.99034E-05 0.204238 9.99034E-05 9.99034E-05 0.794663 9.99034E-05 9.99034E-05 9.99034E-05 9.99034E-05 9.99034E-05 9.99034E-05 9.99034E-05 9.99034E-05
9.99209E-05 0.313999 9.99209E-05 9.99209E-05 0.417555 9.99209E-05 9.99209E-05 9.99209E-05 9.99209E-05 0.00226487 9.99209E-05 0.265282 9.99209E-05
9.99297E-05 0.187209 9.99297E-05 0.0219248 0.540918 9.99297E-05 0.191444 9.99297E-05 9.99297E-05 0.0577045 9.99297E-05 9.99297E-05 9.99297E-05
9.9921E-05 0.0347578 9.9921E-05 9.9921E-05 0.559869 0.155907 9.9921E-05 9.9921E-05 9.9921E-05 9.9921E-05 9.9921E-05 0.248567 9.9921E-05
9.99035E-05 9.99035E-05 9.99035E-05 9.99035E-05 0.859739 9.99035E-05 9.99035E-05 9.99035E-05 9.99035E-05 9.99035E-05 9.99035E-05 0.139162 9.99035E-05
9.99036E-05 0.0823765 9.99036E-05 9.99036E-05 0.916525 9.99036E-05 9.99036E-05 9.99036E-05 9.99036E-05 9.99036E-05 9.99036E-05 9.99036E-05 9.99036E-05
9.99211E-05 0.15808 9.99211E-05 9.99211E-05 0.677199 0.0240135 0.139808 9.99211E-05 9.99211E-05 9.99211E-05 9.99211E-05 9.99211E-05 9.99211E-05
9.99123E-05 0.0823267 9.99123E-05 9.99123E-05 0.741739 9.99123E-05 9.99123E-05 9.99123E-05 9.99123E-05 0.174935 9.99123E-05 9.99123E-05 9.99123E-05
0.0659774 0.0152679 0.0362274 9.99473E-05 0.625843 9.99473E-05 0.017498 9.99473E-05 0.0170633 9.99473E-05 9.99473E-05 0.221523 9.99473E-05
9.99122E-05 9.99122E-05 9.99122E-05 9.99122E-05 0.693714 9.99122E-05 0.0741532 9.99122E-05 9.99122E-05 9.99122E-05 9.99122E-05 0.231134 9.99122E-05
9.99211E-05 0.125114 9.99211E-05 9.99211E-05 0.829577 9.99211E-05 9.99211E-05 0.0152307 0.0291795 9.99211E-05 9.99211E-05 9.99211E-05 9.99211E-05
0.0560165 9.99123E-05 9.99123E-05 9.99123E-05 0.923785 9.99123E-05 9.99123E-05 9.99123E-05 9.99123E-05 9.99123E-05 9.99123E-05 9.99123E-05 0.0191991
9.99473E-05 0.0760525 9.99473E-05 0.0586171 0.583866 0.144524 0.104259 9.99473E-05 0.0291405 0.00294044 9.99473E-05 9.99473E-05 9.99473E-05
9.99122E-05 9.99122E-05 9.99122E-05 9.99122E-05 0.776656 9.99122E-05 0.0671235 9.99122E-05 9.99122E-05 9.99122E-05 9.99122E-05 0.155222 9.99122E-05
0.0629279 0.00639139 9.99122E-05 9.99122E-05 0.929682 9.99122E-05 9.99122E-05 9.99122E-05 9.99122E-05 9.99122E-05 9.99122E-05 9.99122E-05 9.99122E-05
9.99297E-05 0.246019 9.99297E-05 0.0483032 0.443252 9.99297E-05 0.243041 9.99297E-05 9.99297E-05 9.99297E-05 9.99297E-05 0.0185857 9.99297E-05
0.0245259 0.142963 9.99298E-05 9.99298E-05 0.7082 0.0998376 0.0236738 9.99298E-05 9.99298E-05 9.99298E-05 9.99298E-05 9.99298E-05 9.99298E-05
9.9921E-05 0.250382 9.9921E-05 0.0565209 0.38264 9.9921E-05 0.309558 9.9921E-05 9.9921E-05 9.9921E-05 9.9921E-05 9.9921E-05 9.9921E-05
9.99561E-05 0.190091 0.031887 9.99561E-05 0.42289 0.118578 0.0792114 9.99561E-05 9.99561E-05 0.0536689 0.00127005 0.101903 9.99561E-05
9.99298E-05 9.99298E-05 9.99298E-05 0.0756555 0.359507 0.479695 0.0481949 9.99298E-05 0.0361479 9.99298E-05 9.99298E-05 9.99298E-05 9.99298E-05
9.99208E-05 0.0434808 9.99208E-05 9.99208E-05 0.824524 9.99208E-05 0.115807 9.99208E-05 9.99208E-05 9.99208E-05 9.99208E-05 9.99208E-05 0.0152888
9.99211E-05 0.218401 9.99211E-05 9.99211E-05 0.632335 9.99211E-05 0.144569 9.99211E-05 9.99211E-05 9.99211E-05 9.99211E-05 0.00379595 9.99211E-05
0.0330569 9.99211E-05 9.99211E-05 0.0600214 0.810938 9.99211E-05 0.0950843 9.99211E-05 9.99211E-05 9.99211E-05 9.99211E-05 9.99211E-05 9.99211E-05
0.0676295 9.99123E-05 9.99123E-05 9.99123E-05 0.733289 9.99123E-05 0.198083 9.99123E-05 9.99123E-05 9.99123E-05 9.99123E-05 9.99123E-05 9.99123E-05
9.99034E-05 9.99034E-05 9.99034E-05 9.99034E-05 0.96616 9.99034E-05 0.0327409 9.99034E-05 9.99034E-05 9.99034E-05 9.99034E-05 9.99034E-05 9.99034E-05
0.00782431 0.335362 9.99297E-05 0.210279 0.327316 9.99297E-05 0.118419 9.99297E-05 9.99297E-05 9.99297E-05 9.99297E-05 9.99297E-05 9.99297E-05
0.0345058 9.99209E-05 9.99209E-05 9.99209E-05 0.875576 9.99209E-05 0.0128353 9.99209E-05 9.99209E-05 9.99209E-05 0.0761837 9.99209E-05 9.99209E-05
9.99034E-05 9.99034E-05 9.99034E-05 9.99034E-05 0.940865 9.99034E-05 0.0580357 9.99034E-05 9.99034E-05 9.99034E-05 9.99034E-05 9.99034E-05 9.99034E-05
0.0321261 0.024698 9.99385E-05 9.99385E-05 0.821792 0.0384925 9.99385E-05 9.99385E-05 0.0433882 9.99385E-05 9.99385E-05 0.0388032 9.99385E-05
0.0167244 0.0671008 9.99297E-05 9.99297E-05 0.666838 9.99297E-05 0.202392 9.99297E-05 9.99297E-05 0.0461448 9.99297E-05 9.99297E-05 9.99297E-05
9.99122E-05 0.0865841 9.99122E-05 9.99122E-05 0.543319 0.369098 9.99122E-05 9.99122E-05 9.99122E-05 9.99122E-05 9.99122E-05 9.99122E-05 9.99122E-05
9.99298E-05 0.0187031 9.99298E-05 0.0218074 0.718789 0.152432 0.0874684 9.99298E-05 9.99298E-05 9.99298E-05 9.99298E-05 9.99298E-05 9.99298E-05
9.99036E-05 9.99036E-05 9.99036E-05 9.99036E-05 0.810191 0.18871 9.99036E-05 9.99036E-05 9.99036E-05 9.99036E-05 9.99036E-05 9.99036E-05 9.99036E-05
9.99122E-05 9.99122E-05 9.99122E-05 9.99122E-05 0.658665 0.334426 9.99122E-05 9.99122E-05 9.99122E-05 9.99122E-05 9.99122E-05 0.00590991 9.99122E-05
0.0959664 0.150814 9.99298E-05 9.99298E-05 0.44416 9.99298E-05 0.279519 9.99298E-05 9.99298E-05 9.99298E-05 9.99298E-05 0.0287413 9.99298E-05
9.99298E-05 0.108507 9.99298E-05 9.99298E-05 0.854462 9.99298E-05 9.99298E-05 9.99298E-05 9.99298E-05 0.00111113 0.00308879 9.99298E-05 0.0320312
9.99297E-05 0.131952 9.99297E-05 0.0350746 0.294641 0.430815 0.106718 9.99297E-05 9.99297E-05 9.99297E-05 9.99297E-05 9.99297E-05 9.99297E-05
9.99122E-05 9.99122E-05 9.99122E-05 9.99122E-05 0.527607 0.410376 0.0610173 9.99122E-05 9.99122E-05 9.99122E-05 9.99122E-05 9.99122E-05 9.99122E-05
9.99297E-05 0.177915 9.99297E-05 0.109844 0.551921 9.99297E-05 9.99297E-05 9.99297E-05 9.99297E-05 0.00116491 9.99297E-05 0.158356 9.99297E-05
0.00115718 0.14798 9.99386E-05 9.99386E-05 0.641835 0.0645705 0.128592 9.99386E-05 9.99386E-05 9.99386E-05 0.0151657 9.99386E-05 9.99386E-05
9.99299E-05 0.0883221 0.0912005 9.99299E-05 0.640181 9.99299E-05 9.99299E-05 9.99299E-05 9.99299E-05 0.000595786 9.99299E-05 0.178901 9.99299E-05
9.9921E-05 0.217558 9.9921E-05 9.9921E-05 0.522286 9.9921E-05 0.171047 9.9921E-05 9.9921E-05 9.9921E-05 0.0882108 9.9921E-05 9.9921E-05
9.99034E-05 9.99034E-05 9.99034E-05 9.99034E-05 0.675232 0.323669 9.99034E-05 9.99034E-05 9.99034E-05 9.99034E-05 9.99034E-05 9.99034E-05 9.99034E-05
0.0380805 9.99209E-05 9.99209E-05 9.99209E-05 0.728371 9.99209E-05 0.126545 9.99209E-05 0.106103 9.99209E-05 9.99209E-05 9.99209E-05 9.99209E-05
0.00205622 0.114726 9.99298E-05 9.99298E-05 0.369566 0.380478 0.132374 9.99298E-05 9.99298E-05 9.99298E-05 9.99298E-05 9.99298E-05 9.99298E-05
9.99298E-05 0.0784723 9.99298E-05 9.99298E-05 0.641079 0.125263 0.0900295 9.99298E-05 9.99298E-05 0.0643568 9.99298E-05 9.99298E-05 9.99298E-05
9.99034E-05 9.99034E-05 0.0185324 9.99034E-05 0.980369 9.99034E-05 9.99034E-05 9.99034E-05 9.99034E-05 9.99034E-05 9.99034E-05 9.99034E-05 9.99034E-05
0.040736 9.99121E-05 9.99121E-05 9.99121E-05 0.915249 9.99121E-05 9.99121E-05 9.99121E-05 9.99121E-05 0.0430161 9.99121E-05 9.99121E-05 9.99121E-05
9.99209E-05 0.178876 9.99209E-05 9.99209E-05 0.502117 9.99209E-05 0.155666 9.99209E-05 9.99209E-05 9.99209E-05 9.99209E-05 0.162442 9.99209E-05
9.99122E-05 0.143739 9.99122E-05 9.99122E-05 0.775359 9.99122E-05 0.0799031 9.99122E-05 9.99122E-05 9.99122E-05 9.99122E-05 9.99122E-05 9.99122E-05
0.0357244 9.99121E-05 9.99121E-05 9.99121E-05 0.932679 9.99121E-05 0.0305976 9.99121E-05 9.99121E-05 9.99121E-05 9.99121E-05 9.99121E-05 9.99121E-05
9.99122E-05 9.99122E-05 9.99122E-05 0.0767691 0.895694 9.99122E-05 0.026538 9.99122E-05 9.99122E-05 9.99122E-05 9.99122E-05 9.99122E-05 9.99122E-05
9.99298E-05 0.170829 9.99298E-05 9.99298E-05 0.718747 0.0851858 0.0212068 9.99298E-05 9.99298E-05 9.99298E-05 9.99298E-05 0.00323183 9.99298E-05
9.98945E-05 9.98945E-05 9.98945E-05 9.98945E-05 9.98945E-05 9.98945E-05 0.998801 9.98945E-05 9.98945E-05 9.98945E-05 9.98945E-05 9.98945E-05 9.98945E-05
9.98945E-05 0.998801 9.98945E-05 9.98945E-05 9.98945E-05 9.98945E-05 9.98945E-05 9.98945E-05 9.98945E-05 9.98945E-05 9.98945E-05 9.98945E-05 9.98945E-05
9.98944E-05 9.98944E-05 9.98944E-05 9.98944E-05 9.98944E-05 9.98944E-05 0.998801 9.98944E-05 9.98944E-05 9.98944E-05 9.98944E-05 9.98944E-05 9.98944E-05
9.98944E-05 0.998801 9.98944E-05 9.98944E-05 9.98944E-05 9.98944E-05 9.98944E-05 9.98944E-05 9.98944E-05 9.98944E-05 9.98944E-05 9.98944E-05 9.98944E-05
9.98944E-05 0.998801 9.98944E-05 9.98944E-05 9.98944E-05 9.98944E-05 9.98944E-05 9.98944E-05 9.98944E-05 9.98944E-05 9.98944E-05 9.98944E-05 9.98944E-05
9.98944E-05 0.998801 9.98944E-05 9.98944E-05 9.98944E-05 9.98944E-05 9.98944E-05 9.98944E-05 9.98944E-05 9.98944E-05 9.98944E-05 9.98944E-05 9.98944E-05
9.98944E-05 9.98944E-05 9.98944E-05 9.98944E-05 9.98944E-05 9.98944E-05 0.998801 9.98944E-05 9.98944E-05 9.98944E-05 9.98944E-05 9.98944E-05 9.98944E-05
9.98945E-05 0.998801 9.98945E-05 9.98945E-05 9.98945E-05 9.98945E-05 9.98945E-05 9.98945E-05 9.98945E-05 9.98945E-05 9.98945E-05 9.98945E-05 9.98945E-05
9.98945E-05 0.998801 9.98945E-05 9.98945E-05 9.98945E-05 9.98945E-05 9.98945E-05 9.98945E-05 9.98945E-05 9.98945E-05 9.98945E-05 9.98945E-05 9.98945E-05
9.98944E-05 9.98944E-05 9.98944E-05 9.98944E-05 9.98944E-05 9.98944E-05 0.998801 9.98944E-05 9.98944E-05 9.98944E-05 9.98944E-05 9.98944E-05 9.98944E-05
9.99033E-05 0.0393548 9.99033E-05 9.99033E-05 9.99033E-05 9.99033E-05 0.959546 9.99033E-05 9.99033E-05 9.99033E-05 9.99033E-05 9.99033E-05 9.99033E-05
9.98944E-05 9.98944E-05 9.98944E-05 9.98944E-05 9.98944E-05 9.98944E-05 0.998801 9.98944E-05 9.98944E-05 9.98944E-05 9.98944E-05 9.98944E-05 9.98944E-05
9.98944E-05 0.998801 9.98944E-05 9.98944E-05 9.98944E-05 9.98944E-05 9.98944E-05 9.98944E-05 9.98944E-05 9.98944E-05 9.98944E-05 9.98944E-05 9.98944E-05
9.98945E-05 0.998801 9.98945E-05 9.98945E-05 9.98945E-05 9.98945E-05 9.98945E-05 9.98945E-05 9.98945E-05 9.98945E-05 9.98945E-05 9.98945E-05 9.98945E-05
9.98944E-05 9.98944E-05 9.98944E-05 9.98944E-05 9.98944E-05 9.98944E-05 0.998801 9.98944E-05 9.98944E-05 9.98944E-05 9.98944E-05 9.98944E-05 9.98944E-05
9.98945E-05 9.98945E-05 9.98945E-05 9.98945E-05 9.98945E-05 9.98945E-05 0.998801 9.98945E-05 9.98945E-05 9.98945E-05 9.98945E-05 9.98945E-05 9.98945E-05
9.99385E-05 0.0436434 0.0127374 0.0877364 0.642685 9.99385E-05 0.0716362 9.99385E-05 0.140862 9.99385E-05 9.99385E-05 9.99385E-05 9.99385E-05
9.98945E-05 9.98945E-05 9.98945E-05 9.98945E-05 9.98945E-05 9.98945E-05 0.998801 9.98945E-05 9.98945E-05 9.98945E-05 9.98945E-05 9.98945E-05 9.98945E-05
9.98945E-05 0.998801 9.98945E-05 9.98945E-05 9.98945E-05 9.98945E-05 9.98945E-05 9.98945E-05 9.98945E-05 9.98945E-05 9.98945E-05 9.98945E-05 9.98945E-05
9.98944E-05 9.98944E-05 9.98944E-05 9.98944E-05 9.98944E-05 9.98944E-05 0.998801 9.98944E-05 9.98944E-05 9.98944E-05 9.98944E-05 9.98944E-05 9.98944E-05
9.98944E-05 9.98944E-05 9.98944E-05 9.98944E-05 9.98944E-05 9.98944E-05 0.998801 9.98944E-05 9.98944E-05 9.98944E-05 9.98944E-05 9.98944E-05 9.98944E-05
9.98945E-05 9.98945E-05 9.98945E-05 9.98945E-05 9.98945E-05 9.98945E-05 0.998801 9.98945E-05 9.98945E-05 9.98945E-05 9.98945E-05 9.98945E-05 9.98945E-05
9.98945E-05 0.998801 9.98945E-05 9.98945E-05 9.98945E-05 9.98945E-05 9.98945E-05 9.98945E-05 9.98945E-05 9.98945E-05 9.98945E-05 9.98945E-05 9.98945E-05
9.98945E-05 9.98945E-05 9.98945E-05 9.98945E-05 9.98945E-05 9.98945E-05 0.998801 9.98945E-05 9.98945E-05 9.98945E-05 9.98945E-05 9.98945E-05 9.98945E-05
9.98944E-05 0.998801 9.98944E-05 9.98944E-05 9.98944E-05 9.98944E-05 9.98944E-05 9.98944E-05 9.98944E-05 9.98944E-05 9.98944E-05 9.98944E-05 9.98944E-05
9.98945E-05 9.98945E-05 9.98945E-05 9.98945E-05 9.98945E-05 9.98945E-05 0.998801 9.98945E-05 9.98945E-05 9.98945E-05 9.98945E-05 9.98945E-05 9.98945E-05
9.98945E-05 9.98945E-05 9.98945E-05 9.98945E-05 9.98945E-05 9.98945E-05 0.998801 9.98945E-05 9.98945E-05 9.98945E-05 9.98945E-05 9.98945E-05 9.98945E-05
9.98945E-05 0.998801 9.98945E-05 9.98945E-05 9.98945E-05 9.98945E-05 9.98945E-05 9.98945E-05 9.98945E-05 9.98945E-05 9.98945E-05 9.98945E-05 9.98945E-05
9.98944E-05 0.998801 9.98944E-05 9.98944E-05 9.98944E-05 9.98944E-05 9.98944E-05 9.98944E-05 9.98944E-05 9.98944E-05 9.98944E-05 9.98944E-05 9.98944E-05
9.98944E-05 0.998801 9.98944E-05 9.98944E-05 9.98944E-05 9.98944E-05 9.98944E-05 9.98944E-05 9.98944E-05 9.98944E-05 9.98944E-05 9.98944E-05 9.98944E-05
9.98944E-05 9.98944E-05 9.98944E-05 9.98944E-05 9.98944E-05 9.98944E-05 0.998801 9.98944E-05 9.98944E-05 9.98944E-05 9.98944E-05 9.98944E-05 9.98944E-05
9.98945E-05 9.98945E-05 9.98945E-05 9.98945E-05 9.98945E-05 9.98945E-05 0.998801 9.98945E-05 9.98945E-05 9.98945E-05 9.98945E-05 9.98945E-05 9.98945E-05
9.98944E-05 9.98944E-05 9.98944E-05 9.98944E-05 9.98944E-05 9.98944E-05 0.998801 9.98944E-05 9.98944E-05 9.98944E-05 9.98944E-05 9.98944E-05 9.98944E-05
9.98944E-05 9.98944E-05 9.98944E-05 9.98944E-05 9.98944E-05 9.98944E-05 0.998801 9.98944E-05 9.98944E-05 9.98944E-05 9.98944E-05 9.98944E-05 9.98944E-05
9.98945E-05 9.98945E-05 9.98945E-05 9.98945E-05 9.98945E-05 9.98945E-05 0.998801 9.98945E-05 9.98945E-05 9.98945E-05 9.98945E-05 9.98945E-05 9.98945E-05
9.98945E-05 0.998801 9.98945E-05 9.98945E-05 9.98945E-05 9.98945E-05 9.98945E-05 9.98945E-05 9.98945E-05 9.98945E-05 9.98945E-05 9.98945E-05 9.98945E-05
9.98945E-05 0.998801 9.98945E-05 9.98945E-05 9.98945E-05 9.98945E-05 9.98945E-05 9.98945E-05 9.98945E-05 9.98945E-05 9.98945E-05 9.98945E-05 9.98945E-05
9.98944E-05 0.998801 9.98944E-05 9.98944E-05 9.98944E-05 9.98944E-05 9.98944E-05 9.98944E-05 9.98944E-05 9.98944E-05 9.98944E-05 9.98944E-05 9.98944E-05
9.98945E-05 9.98945E-05 9.98945E-05 9.98945E-05 9.98945E-05 9.98945E-05 0.998801 9.98945E-05 9.98945E-05 9.98945E-05 9.98945E-05 9.98945E-05 9.98945E-05
9.98945E-05 0.998801 9.98945E-05 9.98945E-05 9.98945E-05 9.98945E-05 9.98945E-05 9.98945E-05 9.98945E-05 9.98945E-05 9.98945E-05 9.98945E-05 9.98945E-05
9.98945E-05 0.998801 9.98945E-05 9.98945E-05 9.98945E-05 9.98945E-05 9.98945E-05 9.98945E-05 9.98945E-05 9.98945E-05 9.98945E-05 9.98945E-05 9.98945E-05
9.98944E-05 0.998801 9.98944E-05 9.98944E-05 9.98944E-05 9.98944E-05 9.98944E-05 9.98944E-05 9.98944E-05 9.98944E-05 9.98944E-05 9.98944E-05 9.98944E-05
9.98944E-05 0.998801 9.98944E-05 9.98944E-05 9.98944E-05 9.98944E-05 9.98944E-05 9.98944E-05 9.98944E-05 9.98944E-05 9.98944E-05 9.98944E-05 9.98944E-05
9.98944E-05 9.98944E-05 9.98944E-05 9.98944E-05 9.98944E-05 9.98944E-05 0.998801 9.98944E-05 9.98944E-05 9.98944E-05 9.98944E-05 9.98944E-05 9.98944E-05
9.98945E-05 0.998801 9.98945E-05 9.98945E-05 9.98945E-05 9.98945E-05 9.98945E-05 9.98945E-05 9.98945E-05 9.98945E-05 9.98945E-05 9.98945E-05 9.98945E-05
9.98944E-05 0.998801 9.98944E-05 9.98944E-05 9.98944E-05 9.98944E-05 9.98944E-05 9.98944E-05 9.98944E-05 9.98944E-05 9.98944E-05 9.98944E-05 9.98944E-05
9.99385E-05 0.0659723 0.0060361 0.106261 0.660407 9.99385E-05 0.0684123 9.99385E-05 0.0922109 9.99385E-05 9.99385E-05 9.99385E-05 9.99385E-05
9.98945E-05 9.98945E-05 9.98945E-05 9.98945E-05 9.98945E-05 9.98945E-05 0.998801 9.98945E-05 9.98945E-05 9.98945E-05 9.98945E-05 9.98945E-05 9.98945E-05
9.98945E-05 0.998801 9.98945E-05 9.98945E-05 9.98945E-05 9.98945E-05 9.98945E-05 9.98945E-05 9.98945E-05 9.98945E-05 9.98945E-05 9.98945E-05 9.98945E-05
9.98944E-05 0.998801 9.98944E-05 9.98944E-05 9.98944E-05 9.98944E-05 9.98944E-05 9.98944E-05 9.98944E-05 9.98944E-05 9.98944E-05 9.98944E-05 9.98944E-05
9.98945E-05 0.998801 9.98945E-05 9.98945E-05 9.98945E-05 9.98945E-05 9.98945E-05 9.98945E-05 9.98945E-05 9.98945E-05 9.98945E-05 9.98945E-05 9.98945E-05
9.98945E-05 0.998801 9.98945E-05 9.98945E-05 9.98945E-05 9.98945E-05 9.98945E-05 9.98945E-05 9.98945E-05 9.98945E-05 9.98945E-05 9.98945E-05 9.98945E-05
9.98944E-05 9.98944E-05 9.98944E-05 9.98944E-05 9.98944E-05 9.98944E-05 0.998801 9.98944E-05 9.98944E-05 9.98944E-05 9.98944E-05 9.98944E-05 9.98944E-05
9.98945E-05 0.998801 9.98945E-05 9.98945E-05 9.98945E-05 9.98945E-05 9.98945E-05 9.98945E-05 9.98945E-05 9.98945E-05 9.98945E-05 9.98945E-05 9.98945E-05
9.98945E-05 9.98945E-05 9.98945E-05 9.98945E-05 9.98945E-05 9.98945E-05 0.998801 9.98945E-05 9.98945E-05 9.98945E-05 9.98945E-05 9.98945E-05 9.98945E-05
9.98944E-05 0.998801 9.98944E-05 9.98944E-05 9.98944E-05 9.98944E-05 9.98944E-05 9.98944E-05 9.98944E-05 9.98944E-05 9.98944E-05 9.98944E-05 9.98944E-05
9.98944E-05 9.98944E-05 9.98944E-05 9.98944E-05 9.98944E-05 9.98944E-05 0.998801 9.98944E-05 9.98944E-05 9.98944E-05 9.98944E-05 9.98944E-05 9.98944E-05
9.98944E-05 0.998801 9.98944E-05 9.98944E-05 9.98944E-05 9.98944E-05 9.98944E-05 9.98944E-05 9.98944E-05 9.98944E-05 9.98944E-05 9.98944E-05 9.98944E-05
9.98945E-05 0.998801 9.98945E-05 9.98945E-05 9.98945E-05 9.98945E-05 9.98945E-05 9.98945E-05 9.98945E-05 9.98945E-05 9.98945E-05 9.98945E-05 9.98945E-05
9.98944E-05 0.998801 9.98944E-05 9.98944E-05 9.98944E-05 9.98944E-05 9.98944E-05 9.98944E-05 9.98944E-05 9.98944E-05 9.98944E-05 9.98944E-05 9.98944E-05
9.98944E-05 0.998801 9.98944E-05 9.98944E-05 9.98944E-05 9.98944E-05 9.98944E-05 9.98944E-05 9.98944E-05 9.98944E-05 9.98944E-05 9.98944E-05 9.98944E-05
9.98944E-05 0.998801 9.98944E-05 9.98944E-05 9.98944E-05 9.98944E-05 9.98944E-05 9.98944E-05 9.98944E-05 9.98944E-05 9.98944E-05 9.98944E-05 9.98944E-05
9.98944E-05 0.998801 9.98944E-05 9.98944E-05 9.98944E-05 9.98944E-05 9.98944E-05 9.98944E-05 9.98944E-05 9.98944E-05 9.98944E-05 9.98944E-05 9.98944E-05
9.98944E-05 9.98944E-05 9.98944E-05 9.98944E-05 9.98944E-05 9.98944E-05 0.998801 9.98944E-05 9.98944E-05 9.98944E-05 9.98944E-05 9.98944E-05 9.98944E-05
9.98945E-05 9.98945E-05 9.98945E-05 9.98945E-05 9.98945E-05 9.98945E-05 0.998801 9.98945E-05 9.98945E-05 9.98945E-05 9.98945E-05 9.98945E-05 9.98945E-05
9.98945E-05 9.98945E-05 9.98945E-05 9.98945E-05 9.98945E-05 9.98945E-05 0.998801 9.98945E-05 9.98945E-05 9.98945E-05 9.98945E-05 9.98945E-05 9.98945E-05
9.98944E-05 0.998801 9.98944E-05 9.98944E-05 9.98944E-05 9.98944E-05 9.98944E-05 9.98944E-05 9.98944E-05 9.98944E-05 9.98944E-05 9.98944E-05 9.98944E-05
9.98944E-05 9.98944E-05 9.98944E-05 9.98944E-05 9.98944E-05 9.98944E-05 0.998801 9.98944E-05 9.98944E-05 9.98944E-05 9.98944E-05 9.98944E-05 9.98944E-05
9.98944E-05 9.98944E-05 9.98944E-05 9.98944E-05 9.98944E-05 9.98944E-05 0.998801 9.98944E-05 9.98944E-05 9.98944E-05 9.98944E-05 9.98944E-05 9.98944E-05
9.98944E-05 9.98944E-05 9.98944E-05 9.98944E-05 9.98944E-05 9.98944E-05 0.998801 9.98944E-05 9.98944E-05 9.98944E-05 9.98944E-05 9.98944E-05 9.98944E-05
9.98944E-05 0.998801 9.98944E-05 9.98944E-05 9.98944E-05 9.98944E-05 9.98944E-05 9.98944E-05 9.98944E-05 9.98944E-05 9.98944E-05 9.98944E-05 9.98944E-05
9.98944E-05 0.998801 9.98944E-05 9.98944E-05 9.98944E-05 9.98944E-05 9.98944E-05 9.98944E-05 9.98944E-05 9.98944E-05 9.98944E-05 9.98944E-05 9.98944E-05
9.98944E-05 0.998801 9.98944E-05 9.98944E-05 9.98944E-05 9.98944E-05 9.98944E-05 9.98944E-05 9.98944E-05 9.98944E-05 9.98944E-05 9.98944E-05 9.98944E-05
9.98944E-05 9.98944E-05 9.98944E-05 9.98944E-05 9.98944E-05 9.98944E-05 0.998801 9.98944E-05 9.98944E-05 9.98944E-05 9.98944E-05 9.98944E-05 9.98944E-05
9.98945E-05 0.998801 9.98945E-05 9.98945E-05 9.98945E-05 9.98945E-05 9.98945E-05 9.98945E-05 9.98945E-05 9.98945E-05 9.98945E-05 9.98945E-05 9.98945E-05
9.98945E-05 0.998801 9.98945E-05 9.98945E-05 9.98945E-05 9.98945E-05 9.98945E-05 9.98945E-05 9.98945E-05 9.98945E-05 9.98945E-05 9.98945E-05 9.98945E-05
9.98944E-05 9.98944E-05 9.98944E-05 9.98944E-05 9.98944E-05 9.98944E-05 0.998801 9.98944E-05 9.98944E-05 9.98944E-05 9.98944E-05 9.98944E-05 9.98944E-05
9.98945E-05 0.998801 9.98945E-05 9.98945E-05 9.98945E-05 9.98945E-05 9.98945E-05 9.98945E-05 9.98945E-05 9.98945E-05 9.98945E-05 9.98945E-05 9.98945E-05
9.98945E-05 0.998801 9.98945E-05 9.98945E-05 9.98945E-05 9.98945E-05 9.98945E-05 9.98945E-05 9.98945E-05 9.98945E-05 9.98945E-05 9.98945E-05 9.98945E-05
0.0568661 0.122729 0.10336 0.0311443 0.499504 9.9956E-05 0.0728809 9.9956E-05 9.9956E-05 0.0641018 9.9956E-05 0.0489142 9.9956E-05
9.98944E-05 9.98944E-05 9.98944E-05 9.98944E-05 9.98944E-05 9.98944E-05 0.998801 9.98944E-05 9.98944E-05 9.98944E-05 9.98944E-05 9.98944E-05 9.98944E-05
9.98944E-05 0.998801 9.98944E-05 9.98944E-05 9.98944E-05 9.98944E-05 9.98944E-05 9.98944E-05 9.98944E-05 9.98944E-05 9.98944E-05 9.98944E-05 9.98944E-05
0.0818692 0.346452 0.0145216 9.99298E-05 0.540056 9.99298E-05 0.0163018 9.99298E-05 9.99298E-05 9.99298E-05 9.99298E-05 9.99298E-05 9.99298E-05
9.99298E-05 0.279754 9.99298E-05 0.0571405 0.519199 9.99298E-05 0.0630696 9.99298E-05 0.0800367 9.99298E-05 9.99298E-05 9.99298E-05 9.99298E-05
9.99209E-05 0.0743542 9.99209E-05 9.99209E-05 0.734072 9.99209E-05 0.187088 9.99209E-05 9.99209E-05 9.99209E-05 9.99209E-05 0.00358684 9.99209E-05
9.99121E-05 9.99121E-05 9.99121E-05 9.99121E-05 0.906568 9.99121E-05 0.055558 9.99121E-05 0.0368753 9.99121E-05 9.99121E-05 9.99121E-05 9.99121E-05
9.99209E-05 0.268695 9.99209E-05 9.99209E-05 0.589786 9.99209E-05 0.126126 9.99209E-05 9.99209E-05 9.99209E-05 9.99209E-05 0.0144937 9.99209E-05
9.99124E-05 0.110886 9.99124E-05 9.99124E-05 0.554854 0.33326 9.99124E-05 9.99124E-05 9.99124E-05 9.99124E-05 9.99124E-05 9.99124E-05 9.99124E-05
9.99297E-05 0.265167 9.99297E-05 9.99297E-05 0.467158 9.99297E-05 0.117833 9.99297E-05 0.00836682 9.99297E-05 0.140676 9.99297E-05 9.99297E-05
9.9921E-05 0.162971 9.9921E-05 0.0586735 0.748905 9.9921E-05 9.9921E-05 9.9921E-05 9.9921E-05 0.0285504 9.9921E-05 9.9921E-05 9.9921E-05
9.9921E-05 0.182601 9.9921E-05 9.9921E-05 0.561585 0.183423 0.0714916 9.9921E-05 9.9921E-05 9.9921E-05 9.9921E-05 9.9921E-05 9.9921E-05
9.99473E-05 0.00672365 0.0034771 0.0293794 0.766656 9.99473E-05 0.0722675 9.99473E-05 0.0676012 9.99473E-05 9.99473E-05 9.99473E-05 0.0532956
0.0515509 0.0575871 9.99298E-05 9.99298E-05 0.587684 0.112894 0.189485 9.99298E-05 9.99298E-05 9.99298E-05 9.99298E-05 9.99298E-05 9.99298E-05
9.99033E-05 0.525567 9.99033E-05 9.99033E-05 0.473334 9.99033E-05 9.99033E-05 9.99033E-05 9.99033E-05 9.99033E-05 9.99033E-05 9.99033E-05 9.99033E-05
9.99385E-05 0.217806 0.144465 9.99385E-05 0.413798 9.99385E-05 0.192255 9.99385E-05 9.99385E-05 9.99385E-05 0.0172901 0.013687 9.99385E-05
9.99033E-05 9.99033E-05 9.99033E-05 9.99033E-05 0.966173 9.99033E-05 9.99033E-05 9.99033E-05 9.99033E-05 0.0327277 9.99033E-05 9.99033E-05 9.99033E-05
9.99121E-05 0.0239284 9.99121E-05 9.99121E-05 0.803556 9.99121E-05 0.171517 9.99121E-05 9.99121E-05 9.99121E-05 9.99121E-05 9.99121E-05 9.99121E-05
0.0549305 0.240451 9.99385E-05 9.99385E-05 0.449764 9.99385E-05 0.129844 9.99385E-05 9.99385E-05 9.99385E-05 9.99385E-05 0.0549819 0.0693299
0.00691765 0.128247 9.99474E-05 0.00363669 0.748517 0.0385491 0.0203743 9.99474E-05 9.99474E-05 9.99474E-05 9.99474E-05 0.053159 9.99474E-05
0.0687647 0.0132649 0.0328768 9.99385E-05 0.566986 9.99385E-05 0.314905 9.99385E-05 9.99385E-05 0.00250373 9.99385E-05 9.99385E-05 9.99385E-05
9.99209E-05 0.025398 9.99209E-05 0.0356147 0.757904 9.99209E-05 9.99209E-05 9.99209E-05 9.99209E-05 9.99209E-05 9.99209E-05 0.180184 9.99209E-05
9.99297E-05 0.0584946 0.0258013 9.99297E-05 0.724231 9.99297E-05 0.171538 9.99297E-05 9.99297E-05 9.99297E-05 9.99297E-05 9.99297E-05 0.0191355
9.99297E-05 0.0597712 9.99297E-05 9.99297E-05 0.787178 9.99297E-05 0.0214588 9.99297E-05 9.99297E-05 9.99297E-05 9.99297E-05 0.0306935 0.100099
9.99122E-05 0.158944 9.99122E-05 9.99122E-05 0.809254 9.99122E-05 9.99122E-05 9.99122E-05 9.99122E-05 9.99122E-05 9.99122E-05 9.99122E-05 0.0308027
9.99385E-05 0.138399 0.0787526 0.0150183 0.681168 9.99385E-05 0.0849878 9.99385E-05 9.99385E-05 0.000974334 9.99385E-05 9.99385E-05 9.99385E-05
9.9912E-05 0.0691838 9.9912E-05 9.9912E-05 0.921164 9.9912E-05 0.00865318 9.9912E-05 9.9912E-05 9.9912E-05 9.9912E-05 9.9912E-05 9.9912E-05
9.99033E-05 9.99033E-05 9.99033E-05 9.99033E-05 0.962858 9.99033E-05 9.99033E-05 9.99033E-05 9.99033E-05 0.0360432 9.99033E-05 9.99033E-05 9.99033E-05
9.99121E-05 0.0846216 9.99121E-05 9.99121E-05 0.401666 0.512713 9.99121E-05 9.99121E-05 9.99121E-05 9.99121E-05 9.99121E-05 9.99121E-05 9.99121E-05
9.99033E-05 9.99033E-05 9.99033E-05 9.99033E-05 0.887096 9.99033E-05 0.111805 9.99033E-05 9.99033E-05 9.99033E-05 9.99033E-05 9.99033E-05 9.99033E-05
9.99209E-05 0.160245 9.99209E-05 9.99209E-05 0.622855 9.99209E-05 0.20576 9.99209E-05 0.0102407 9.99209E-05 9.99209E-05 9.99209E-05 9.99209E-05
9.99209E-05 9.99209E-05 9.99209E-05 0.0523799 0.858746 9.99209E-05 0.0151192 9.99209E-05 9.99209E-05 0.0728561 9.99209E-05 9.99209E-05 9.99209E-05
9.99297E-05 0.0818583 9.99297E-05 0.063985 0.726313 9.99297E-05 0.0116687 9.99297E-05 9.99297E-05 0.115375 9.99297E-05 9.99297E-05 9.99297E-05
9.99297E-05 0.325619 9.99297E-05 9.99297E-05 0.431206 9.99297E-05 0.0289813 9.99297E-05 9.99297E-05 9.99297E-05 9.99297E-05 0.0929606 0.120434
9.99123E-05 0.207485 9.99123E-05 9.99123E-05 0.683908 9.99123E-05 0.107608 9.99123E-05 9.99123E-05 9.99123E-05 9.99123E-05 9.99123E-05 9.99123E-05
9.99209E-05 0.0866015 9.99209E-05 9.99209E-05 0.612951 9.99209E-05 0.111675 9.99209E-05 9.99209E-05 9.99209E-05 9.99209E-05 0.187874 9.99209E-05
0.0168953 0.140037 9.99297E-05 9.99297E-05 0.53893 9.99297E-05 0.24668 9.99297E-05 9.99297E-05 0.0566589 9.99297E-05 9.99297E-05 9.99297E-05
9.99297E-05 0.0179135 0.0231365 9.99297E-05 0.742926 9.99297E-05 0.18053 9.99297E-05 9.99297E-05 9.99297E-05 9.99297E-05 9.99297E-05 0.0346941
9.99034E-05 9.99034E-05 9.99034E-05 9.99034E-05 0.870016 9.99034E-05 0.128885 9.99034E-05 9.99034E-05 9.99034E-05 9.99034E-05 9.99034E-05 9.99034E-05
9.99033E-05 9.99033E-05 9.99033E-05 9.99033E-05 0.55458 0.444321 9.99033E-05 9.99033E-05 9.99033E-05 9.99033E-05 9.99033E-05 9.99033E-05 9.99033E-05
0.0558058 9.99296E-05 0.0465228 9.99296E-05 0.643152 9.99296E-05 0.112176 9.99296E-05 9.99296E-05 9.99296E-05 0.141544 9.99296E-05 9.99296E-05
0.0529899 9.9921E-05 0.0993844 0.0120141 0.834712 9.9921E-05 9.9921E-05 9.9921E-05 9.9921E-05 9.9921E-05 9.9921E-05 9.9921E-05 9.9921E-05
9.99209E-05 0.194742 9.99209E-05 9.99209E-05 0.575931 9.99209E-05 0.0506803 9.99209E-05 9.99209E-05 9.99209E-05 9.99209E-05 9.99209E-05 0.177748
9.99121E-05 0.0690588 9.99121E-05 9.99121E-05 0.744296 9.99121E-05 0.185646 9.99121E-05 9.99121E-05 9.99121E-05 9.99121E-05 9.99121E-05 9.99121E-05
9.99211E-05 9.99211E-05 9.99211E-05 0.0139313 0.859631 9.99211E-05 0.0207727 9.99211E-05 9.99211E-05 9.99211E-05 9.99211E-05 9.99211E-05 0.104766
9.99297E-05 0.0900915 9.99297E-05 9.99297E-05 0.686622 9.99297E-05 0.0615457 9.99297E-05 0.158295 9.99297E-05 9.99297E-05 9.99297E-05 0.00264619
