0.0553749 0.104885 9.98683E-05 9.98683E-05 9.98683E-05 9.98683E-05 9.98683E-05 9.98683E-05 9.98683E-05 9.98683E-05 0.234084 9.98683E-05 0.072535 0.157273 9.98683E-05 0.00680878 9.98683E-05 9.98683E-05 0.367542 9.98683E-05 9.98683E-05 9.98683E-05
0.0363477 9.98859E-05 0.0617079 9.98859E-05 9.98859E-05 9.98859E-05 0.0151772 0.0289021 9.98859E-05 9.98859E-05 0.113304 0.0309855 0.00627907 9.98859E-05 9.98859E-05 0.0865441 9.98859E-05 9.98859E-05 0.619454 9.98859E-05 9.98859E-05 9.98859E-05
9.98508E-05 9.98508E-05 9.98508E-05 0.0224807 9.98508E-05 9.98508E-05 9.98508E-05 9.98508E-05 9.98508E-05 0.0613488 9.98508E-05 9.98508E-05 0.0339425 0.0463098 9.98508E-05 9.98508E-05 9.98508E-05 9.98508E-05 0.834221 9.98508E-05 9.98508E-05 9.98508E-05
0.0827187 9.98948E-05 9.98948E-05 0.124701 9.98948E-05 9.98948E-05 9.98948E-05 9.98948E-05 9.98948E-05 0.2124 9.98948E-05 0.186001 0.00520996 0.163936 9.98948E-05 9.98948E-05 0.0266125 9.98948E-05 0.164688 9.98948E-05 0.0107187 0.0218141
9.98421E-05 9.98421E-05 9.98421E-05 9.98421E-05 9.98421E-05 9.98421E-05 0.0904515 9.98421E-05 9.98421E-05 9.98421E-05 9.98421E-05 0.00833511 9.98421E-05 9.98421E-05 9.98421E-05 9.98421E-05 0.0142255 9.98421E-05 0.885191 9.98421E-05 9.98421E-05 9.98421E-05
9.99035E-05 9.99035E-05 9.99035E-05 9.99035E-05 9.99035E-05 0.00374626 0.151885 9.99035E-05 9.99035E-05 0.217813 0.138099 0.0468923 9.99035E-05 0.0149582 0.0101022 0.101459 0.0893564 0.0161643 0.208425 9.99035E-05 9.99035E-05 9.99035E-05
0.107775 9.98773E-05 9.98773E-05 9.98773E-05 9.98773E-05 9.98773E-05 9.98773E-05 9.98773E-05 9.98773E-05 9.98773E-05 0.0975524 0.120281 0.0544603 0.149878 9.98773E-05 0.132441 9.98773E-05 0.0940991 0.242115 9.98773E-05 9.98773E-05 9.98773E-05
9.99035E-05 0.0364563 9.99035E-05 9.99035E-05 9.99035E-05 9.99035E-05 0.116873 9.99035E-05 0.0055109 0.0139825 0.111597 9.99035E-05 9.99035E-05 0.237948 0.169186 9.99035E-05 0.100721 9.99035E-05 0.144041 9.99035E-05 0.0416285 0.020957
9.98684E-05 9.98684E-05 9.98684E-05 0.0900132 9.98684E-05 9.98684E-05 9.98684E-05 9.98684E-05 9.98684E-05 9.98684E-05 9.98684E-05 9.98684E-05 0.241524 0.0373395 9.98684E-05 0.00303607 0.194834 9.98684E-05 0.266125 9.98684E-05 9.98684E-05 0.16563
9.9842E-05 9.9842E-05 9.9842E-05 9.9842E-05 9.9842E-05 0.0442967 9.9842E-05 9.9842E-05 9.9842E-05 9.9842E-05 9.9842E-05 0.0261705 0.0780063 9.9842E-05 9.9842E-05 9.9842E-05 9.9842E-05 9.9842E-05 0.849729 9.9842E-05 9.9842E-05 9.9842E-05
0.171082 9.98509E-05 9.98509E-05 9.98509E-05 9.98509E-05 9.98509E-05 9.98509E-05 9.98509E-05 9.98509E-05 9.98509E-05 0.212425 9.98509E-05 0.162788 0.0413901 9.98509E-05 9.98509E-05 9.98509E-05 9.98509E-05 0.410618 9.98509E-05 9.98509E-05 9.98509E-05
0.00122978 9.98596E-05 9.98596E-05 0.0272861 9.98596E-05 9.98596E-05 0.0144944 9.98596E-05 0.0364202 9.98596E-05 0.0317801 9.98596E-05 9.98596E-05 9.98596E-05 9.98596E-05 9.98596E-05 9.98596E-05 9.98596E-05 0.887192 9.98596E-05 9.98596E-05 9.98596E-05
9.98334E-05 9.98334E-05 9.98334E-05 9.98334E-05 9.98334E-05 9.98334E-05 9.98334E-05 9.98334E-05 9.98334E-05 9.98334E-05 9.98334E-05 9.98334E-05 0.121359 0.183188 9.98334E-05 9.98334E-05 9.98334E-05 9.98334E-05 0.693556 9.98334E-05 9.98334E-05 9.98334E-05
0.0555409 9.98683E-05 9.98683E-05 9.98683E-05 0.245893 9.98683E-05 9.98683E-05 9.98683E-05 0.0781398 9.98683E-05 9.98683E-05 9.98683E-05 0.0746182 0.0943922 0.0123093 9.98683E-05 9.98683E-05 9.98683E-05 0.437609 9.98683E-05 9.98683E-05 9.98683E-05
9.99035E-05 9.99035E-05 0.0376189 0.0130743 9.99035E-05 9.99035E-05 9.99035E-05 0.0284081 9.99035E-05 0.0434501 0.14223 9.99035E-05 0.186098 9.99035E-05 0.152974 9.99035E-05 0.113931 9.99035E-05 0.246035 0.0110337 9.99035E-05 0.0240475
9.98859E-05 9.98859E-05 9.98859E-05 9.98859E-05 9.98859E-05 9.98859E-05 9.98859E-05 9.98859E-05 0.0211759 0.033559 0.198629 0.0916214 0.128041 0.0666904 9.98859E-05 9.98859E-05 0.173571 9.98859E-05 0.197654 9.98859E-05 0.0877607 9.98859E-05
9.98685E-05 0.0576467 9.98685E-05 9.98685E-05 9.98685E-05 9.98685E-05 9.98685E-05 9.98685E-05 9.98685E-05 9.98685E-05 9.98685E-05 9.98685E-05 0.0212295 0.0417621 9.98685E-05 0.0784919 9.98685E-05 9.98685E-05 0.500576 0.186648 9.98685E-05 0.112147
9.98773E-05 9.98773E-05 9.98773E-05 0.0474256 9.98773E-05 0.16411 9.98773E-05 0.0722683 9.98773E-05 9.98773E-05 0.327656 9.98773E-05 0.185268 0.146677 9.98773E-05 9.98773E-05 0.00229697 9.98773E-05 0.0528998 9.98773E-05 9.98773E-05 9.98773E-05
0.00879559 9.98771E-05 9.98771E-05 9.98771E-05 9.98771E-05 0.0272818 9.98771E-05 9.98771E-05 9.98771E-05 9.98771E-05 0.0300723 0.102559 0.198816 0.24225 9.98771E-05 9.98771E-05 0.0741753 9.98771E-05 0.314651 9.98771E-05 9.98771E-05 9.98771E-05
9.98333E-05 9.98333E-05 9.98333E-05 9.98333E-05 9.98333E-05 9.98333E-05 9.98333E-05 0.000106235 9.98333E-05 9.98333E-05 9.98333E-05 0.0557805 9.98333E-05 9.98333E-05 9.98333E-05 9.98333E-05 9.98333E-05 9.98333E-05 0.942216 9.98333E-05 9.98333E-05 9.98333E-05
0.0340222 9.98771E-05 9.98771E-05 9.98771E-05 9.98771E-05 9.98771E-05 9.98771E-05 9.98771E-05 0.0972362 0.0202104 9.98771E-05 9.98771E-05 0.0204153 0.00389647 9.98771E-05 9.98771E-05 0.0885524 9.98771E-05 0.341801 9.98771E-05 9.98771E-05 0.392468
9.98685E-05 9.98685E-05 0.00284859 9.98685E-05 9.98685E-05 9.98685E-05 0.121894 9.98685E-05 9.98685E-05 9.98685E-05 9.98685E-05 0.0572695 9.98685E-05 0.461341 0.0226733 9.98685E-05 0.157065 9.98685E-05 0.17541 9.98685E-05 9.98685E-05 9.98685E-05
0.0382823 9.98597E-05 9.98597E-05 9.98597E-05 9.98597E-05 0.0702625 9.98597E-05 9.98597E-05 9.98597E-05 0.109015 0.215023 9.98597E-05 0.0162523 9.98597E-05 9.98597E-05 9.98597E-05 9.98597E-05 9.98597E-05 0.549567 9.98597E-05 9.98597E-05 9.98597E-05
9.98685E-05 9.98685E-05 9.98685E-05 0.00263439 9.98685E-05 9.98685E-05 9.98685E-05 9.98685E-05 0.0289753 9.98685E-05 0.0352601 9.98685E-05 0.235319 0.334484 9.98685E-05 9.98685E-05 9.98685E-05 9.98685E-05 0.274805 9.98685E-05 0.0870241 9.98685E-05
0.00674866 9.9886E-05 9.9886E-05 0.00343743 9.9886E-05 9.9886E-05 9.9886E-05 0.108804 0.0377516 0.244149 9.9886E-05 9.9886E-05 0.241687 0.0707738 9.9886E-05 9.9886E-05 0.0301578 9.9886E-05 0.255192 9.9886E-05 9.9886E-05 9.9886E-05
9.98508E-05 9.98508E-05 9.98508E-05 9.98508E-05 9.98508E-05 9.98508E-05 9.98508E-05 9.98508E-05 9.98508E-05 0.0552943 9.98508E-05 9.98508E-05 0.116035 0.114126 9.98508E-05 9.98508E-05 9.98508E-05 9.98508E-05 0.654655 9.98508E-05 9.98508E-05 0.058192
9.98596E-05 9.98596E-05 0.242602 9.98596E-05 9.98596E-05 0.125058 9.98596E-05 9.98596E-05 9.98596E-05 0.249476 9.98596E-05 9.98596E-05 0.070855 0.286893 9.98596E-05 9.98596E-05 9.98596E-05 9.98596E-05 9.98596E-05 9.98596E-05 0.0235185 9.98596E-05
9.98421E-05 9.98421E-05 9.98421E-05 9.98421E-05 9.98421E-05 9.98421E-05 9.98421E-05 9.98421E-05 9.98421E-05 9.98421E-05 9.98421E-05 0.114209 0.0445755 0.126364 9.98421E-05 9.98421E-05 9.98421E-05 9.98421E-05 0.713054 9.98421E-05 9.98421E-05 9.98421E-05
0.0133287 9.98685E-05 0.0507905 9.98685E-05 9.98685E-05 9.98685E-05 9.98685E-05 9.98685E-05 9.98685E-05 0.0603837 0.103817 9.98685E-05 0.209026 0.0702021 9.98685E-05 9.98685E-05 9.98685E-05 9.98685E-05 0.490954 9.98685E-05 9.98685E-05 9.98685E-05
0.0137999 0.0521816 9.98772E-05 0.0742817 9.98772E-05 9.98772E-05 9.98772E-05 9.98772E-05 9.98772E-05 0.0535607 9.98772E-05 9.98772E-05 0.00168548 9.98772E-05 9.98772E-05 9.98772E-05 9.98772E-05 0.0210216 0.648813 0.133258 9.98772E-05 9.98772E-05
0.0843784 9.98859E-05 9.98859E-05 9.98859E-05 9.98859E-05 0.0134487 9.98859E-05 0.0691372 9.98859E-05 9.98859E-05 0.135721 0.0373425 0.00215394 0.0205737 9.98859E-05 9.98859E-05 0.0617472 9.98859E-05 0.574199 9.98859E-05 9.98859E-05 9.98859E-05
0.0297221 9.9886E-05 0.0287377 9.9886E-05 9.9886E-05 9.9886E-05 9.9886E-05 9.9886E-05 9.9886E-05 0.085773 0.00680972 0.00821633 0.0806174 0.0487439 9.9886E-05 9.9886E-05 9.9886E-05 9.9886E-05 0.484769 9.9886E-05 9.9886E-05 0.225312
0.073341 9.98771E-05 9.98771E-05 9.98771E-05 0.0326966 9.98771E-05 9.98771E-05 9.98771E-05 0.0476448 0.0563 0.123128 9.98771E-05 0.122438 0.199268 9.98771E-05 9.98771E-05 9.98771E-05 9.98771E-05 0.343785 9.98771E-05 9.98771E-05 9.98771E-05
9.98509E-05 9.98509E-05 9.98509E-05 9.98509E-05 9.98509E-05 9.98509E-05 9.98509E-05 9.98509E-05 0.086593 0.193588 9.98509E-05 9.98509E-05 0.121036 0.124294 9.98509E-05 9.98509E-05 9.98509E-05 9.98509E-05 0.472791 9.98509E-05 9.98509E-05 9.98509E-05
0.0538512 9.98684E-05 0.0872334 9.98684E-05 9.98684E-05 0.00645327 9.98684E-05 0.0616972 9.98684E-05 9.98684E-05 9.98684E-05 9.98684E-05 0.0207285 9.98684E-05 9.98684E-05 0.0623365 9.98684E-05 9.98684E-05 0.706202 9.98684E-05 9.98684E-05 9.98684E-05
0.00413407 9.98859E-05 0.0773648 0.0245911 9.98859E-05 9.98859E-05 9.98859E-05 9.98859E-05 9.98859E-05 9.98859E-05 0.0247017 9.98859E-05 0.0385754 0.0846082 9.98859E-05 9.98859E-05 0.0194585 9.98859E-05 0.588455 9.98859E-05 9.98859E-05 0.136813
9.98422E-05 9.98422E-05 9.98422E-05 9.98422E-05 9.98422E-05 9.98422E-05 9.98422E-05 0.0293578 9.98422E-05 9.98422E-05 9.98422E-05 0.155018 9.98422E-05 9.98422E-05 9.98422E-05 9.98422E-05 9.98422E-05 0.00201767 0.811809 9.98422E-05 9.98422E-05 9.98422E-05
9.98686E-05 9.98686E-05 9.98686E-05 9.98686E-05 9.98686E-05 9.98686E-05 9.98686E-05 0.0318312 9.98686E-05 9.98686E-05 9.98686E-05 9.98686E-05 0.13143 0.0670898 9.98686E-05 0.0154668 0.11918 9.98686E-05 0.61733 0.0161734 9.98686E-05 9.98686E-05
0.00617415 9.98772E-05 9.98772E-05 9.98772E-05 9.98772E-05 9.98772E-05 0.0537621 9.98772E-05 0.0138376 9.98772E-05 9.98772E-05 9.98772E-05 0.15307 0.0493391 9.98772E-05 0.043928 9.98772E-05 9.98772E-05 0.514782 0.163709 9.98772E-05 9.98772E-05
9.98684E-05 9.98684E-05 9.98684E-05 9.98684E-05 9.98684E-05 9.98684E-05 9.98684E-05 9.98684E-05 0.0453628 0.140696 9.98684E-05 9.98684E-05 0.146188 0.0503732 9.98684E-05 9.98684E-05 9.98684E-05 0.0358325 0.546882 9.98684E-05 0.033167 9.98684E-05
0.00955439 9.98596E-05 0.0274413 9.98596E-05 9.98596E-05 9.98596E-05 9.98596E-05 9.98596E-05 9.98596E-05 9.98596E-05 9.98596E-05 0.00329496 0.06144 0.138566 9.98596E-05 9.98596E-05 9.98596E-05 9.98596E-05 0.758106 9.98596E-05 9.98596E-05 9.98596E-05
9.98511E-05 9.98511E-05 0.150193 0.0017562 9.98511E-05 9.98511E-05 9.98511E-05 9.98511E-05 9.98511E-05 9.98511E-05 9.98511E-05 9.98511E-05 0.0620072 0.232863 9.98511E-05 9.98511E-05 9.98511E-05 9.98511E-05 0.551483 9.98511E-05 9.98511E-05 9.98511E-05
9.98508E-05 9.98508E-05 0.0251652 9.98508E-05 0.122839 9.98508E-05 9.98508E-05 9.98508E-05 9.98508E-05 9.98508E-05 9.98508E-05 0.156538 9.98508E-05 0.0471866 9.98508E-05 9.98508E-05 9.98508E-05 9.98508E-05 0.646574 9.98508E-05 9.98508E-05 9.98508E-05
0.0599338 9.98685E-05 9.98685E-05 0.0755989 9.98685E-05 9.98685E-05 9.98685E-05 9.98685E-05 9.98685E-05 9.98685E-05 0.190189 9.98685E-05 0.175213 0.10546 9.98685E-05 9.98685E-05 0.0870396 9.98685E-05 0.305068 9.98685E-05 9.98685E-05 9.98685E-05
9.98422E-05 9.98422E-05 9.98422E-05 9.98422E-05 9.98422E-05 9.98422E-05 9.98422E-05 9.98422E-05 9.98422E-05 9.98422E-05 9.98422E-05 0.10203 0.174821 0.534114 9.98422E-05 9.98422E-05 9.98422E-05 9.98422E-05 0.187237 9.98422E-05 9.98422E-05 9.98422E-05
9.98595E-05 9.98595E-05 9.98595E-05 9.98595E-05 9.98595E-05 0.0299135 9.98595E-05 0.0326796 9.98595E-05 9.98595E-05 9.98595E-05 0.0488507 0.0450649 0.0248873 9.98595E-05 9.98595E-05 9.98595E-05 9.98595E-05 0.817006 9.98595E-05 9.98595E-05 9.98595E-05
0.030918 9.98684E-05 9.98684E-05 9.98684E-05 9.98684E-05 0.0512993 9.98684E-05 9.98684E-05 9.98684E-05 9.98684E-05 9.98684E-05 0.0159928 0.108052 0.00602388 9.98684E-05 9.98684E-05 0.00607426 9.98684E-05 0.780142 9.98684E-05 9.98684E-05 9.98684E-05
9.98422E-05 0.0384737 9.98422E-05 9.98422E-05 9.98422E-05 9.98422E-05 9.98422E-05 9.98422E-05 9.98422E-05 9.98422E-05 9.98422E-05 9.98422E-05 0.0168742 9.98422E-05 9.98422E-05 9.98422E-05 9.98422E-05 9.98422E-05 0.919373 9.98422E-05 0.0234815 9.98422E-05
0.0369167 0.0441414 9.98683E-05 9.98683E-05 9.98683E-05 9.98683E-05 9.98683E-05 9.98683E-05 9.98683E-05 9.98683E-05 0.141007 0.0771937 0.096345 0.02013 9.98683E-05 9.98683E-05 9.98683E-05 9.98683E-05 0.582768 9.98683E-05 9.98683E-05 9.98683E-05
0.0241585 9.98862E-05 9.98862E-05 9.98862E-05 9.98862E-05 0.0525223 9.98862E-05 0.0140602 9.98862E-05 9.98862E-05 9.98862E-05 9.98862E-05 0.00762034 0.0366309 9.98862E-05 9.98862E-05 0.0799476 0.0647198 0.710316 9.98862E-05 0.00872603 9.98862E-05
0.0932024 9.98947E-05 0.204335 9.98947E-05 9.98947E-05 9.98947E-05 0.0445308 9.98947E-05 9.98947E-05 0.0547248 9.98947E-05 0.121422 0.146409 0.0246202 9.98947E-05 9.98947E-05 0.0485238 9.98947E-05 0.250893 9.98947E-05 0.0101409 9.98947E-05
9.98598E-05 9.98598E-05 9.98598E-05 0.0730904 9.98598E-05 9.98598E-05 9.98598E-05 0.0544291 0.0681442 0.00282996 9.98598E-05 9.98598E-05 9.98598E-05 0.262883 9.98598E-05 9.98598E-05 9.98598E-05 9.98598E-05 0.537025 9.98598E-05 9.98598E-05 9.98598E-05
9.98684E-05 9.98684E-05 9.98684E-05 0.012884 9.98684E-05 0.139323 9.98684E-05 9.98684E-05 9.98684E-05 9.98684E-05 9.98684E-05 9.98684E-05 0.0209082 0.00433607 0.0168136 0.0127789 9.98684E-05 9.98684E-05 0.791458 9.98684E-05 9.98684E-05 9.98684E-05
0.00310885 9.99035E-05 9.99035E-05 9.99035E-05 9.99035E-05 9.99035E-05 9.99035E-05 9.99035E-05 0.123484 0.0359496 0.0225198 9.99035E-05 0.0176042 0.0534412 9.99035E-05 9.99035E-05 0.0199695 0.0326308 0.56424 9.99035E-05 0.0787647 0.0471885
0.00672404 9.98773E-05 9.98773E-05 0.0359109 9.98773E-05 9.98773E-05 0.051867 0.0914853 0.0229571 9.98773E-05 9.98773E-05 9.98773E-05 0.0795352 9.98773E-05 9.98773E-05 9.98773E-05 9.98773E-05 0.0256844 0.684438 9.98773E-05 9.98773E-05 9.98773E-05
9.98598E-05 9.98598E-05 9.98598E-05 9.98598E-05 9.98598E-05 9.98598E-05 0.0639438 0.04284 9.98598E-05 0.113801 0.112501 9.98598E-05 9.98598E-05 9.98598E-05 9.98598E-05 9.98598E-05 9.98598E-05 9.98598E-05 0.654109 9.98598E-05 0.0112071 9.98598E-05
0.0563301 9.98685E-05 9.98685E-05 9.98685E-05 9.98685E-05 0.0994711 9.98685E-05 9.98685E-05 0.00849516 9.98685E-05 9.98685E-05 9.98685E-05 0.0524457 0.0881479 9.98685E-05 0.0118345 9.98685E-05 9.98685E-05 0.681778 9.98685E-05 9.98685E-05 9.98685E-05
0.0345466 9.98598E-05 9.98598E-05 9.98598E-05 9.98598E-05 9.98598E-05 9.98598E-05 9.98598E-05 9.98598E-05 9.98598E-05 0.0201129 0.064185 0.0898847 0.0926888 9.98598E-05 9.98598E-05 9.98598E-05 9.98598E-05 0.696984 9.98598E-05 9.98598E-05 9.98598E-05
0.0235015 9.98595E-05 0.0406097 9.98595E-05 9.98595E-05 9.98595E-05 9.98595E-05 9.98595E-05 9.98595E-05 9.98595E-05 9.98595E-05 9.98595E-05 9.98595E-05 9.98595E-05 0.0456542 9.98595E-05 0.017878 0.026477 0.844282 9.98595E-05 9.98595E-05 9.98595E-05
0.0308332 9.98682E-05 9.98682E-05 9.98682E-05 9.98682E-05 9.98682E-05 9.98682E-05 9.98682E-05 9.98682E-05 0.00297904 0.742965 9.98682E-05 0.0855503 0.0315543 9.98682E-05 0.0559998 0.0486199 9.98682E-05 9.98682E-05 9.98682E-05 9.98682E-05 9.98682E-05
9.98249E-05 9.98249E-05 9.98249E-05 9.98249E-05 9.98249E-05 9.98249E-05 9.98249E-05 9.98249E-05 9.98249E-05 9.98249E-05 0.995692 9.98249E-05 9.98249E-05 9.98249E-05 9.98249E-05 9.98249E-05 9.98249E-05 9.98249E-05 9.98249E-05 9.98249E-05 9.98249E-05 0.00231156
9.98333E-05 9.98333E-05 9.98333E-05 9.98333E-05 9.98333E-05 0.0159552 9.98333E-05 9.98333E-05 9.98333E-05 9.98333E-05 0.969638 9.98333E-05 9.98333E-05 9.98333E-05 9.98333E-05 9.98333E-05 9.98333E-05 9.98333E-05 9.98333E-05 0.0125102 9.98333E-05 9.98333E-05
9.98771E-05 9.98771E-05 9.98771E-05 9.98771E-05 9.98771E-05 0.0193395 9.98771E-05 9.98771E-05 9.98771E-05 0.120433 0.348412 0.00896362 0.092008 9.98771E-05 9.98771E-05 0.195772 0.128783 0.0848905 9.98771E-05 9.98771E-05 9.98771E-05 9.98771E-05
9.98769E-05 9.98769E-05 9.98769E-05 9.98769E-05 9.98769E-05 9.98769E-05 0.00717586 0.0692316 9.98769E-05 9.98769E-05 0.651068 0.0362923 0.0801449 0.062278 9.98769E-05 9.98769E-05 0.0428885 0.0495228 9.98769E-05 9.98769E-05 9.98769E-05 9.98769E-05
9.98594E-05 0.0117637 9.98594E-05 9.98594E-05 9.98594E-05 9.98594E-05 9.98594E-05 9.98594E-05 9.98594E-05 0.0104206 0.641987 9.98594E-05 0.193629 0.0500428 9.98594E-05 9.98594E-05 0.0905595 9.98594E-05 9.98594E-05 9.98594E-05 9.98594E-05 9.98594E-05
0.0160785 9.98506E-05 9.98506E-05 9.98506E-05 9.98506E-05 9.98506E-05 9.98506E-05 9.98506E-05 9.98506E-05 9.98506E-05 0.583306 9.98506E-05 0.126755 9.98506E-05 9.98506E-05 0.23354 9.98506E-05 9.98506E-05 9.98506E-05 9.98506E-05 9.98506E-05 0.0386232
9.98682E-05 9.98682E-05 9.98682E-05 9.98682E-05 9.98682E-05 0.0853198 9.98682E-05 9.98682E-05 9.98682E-05 0.0793391 0.657951 9.98682E-05 0.105872 9.98682E-05 9.98682E-05 0.0204622 0.00404432 0.0455144 9.98682E-05 9.98682E-05 9.98682E-05 9.98682E-05
9.98421E-05 9.98421E-05 0.0399449 9.98421E-05 0.0225055 9.98421E-05 9.98421E-05 9.98421E-05 9.98421E-05 9.98421E-05 0.913631 9.98421E-05 9.98421E-05 9.98421E-05 9.98421E-05 0.0221219 9.98421E-05 9.98421E-05 9.98421E-05 9.98421E-05 9.98421E-05 9.98421E-05
0.0513966 9.98244E-05 9.98244E-05 9.98244E-05 9.98244E-05 9.98244E-05 9.98244E-05 9.98244E-05 9.98244E-05 9.98244E-05 0.946607 9.98244E-05 9.98244E-05 9.98244E-05 9.98244E-05 9.98244E-05 9.98244E-05 9.98244E-05 9.98244E-05 9.98244E-05 9.98244E-05 9.98244E-05
0.179712 9.98505E-05 9.98505E-05 9.98505E-05 9.98505E-05 9.98505E-05 9.98505E-05 9.98505E-05 9.98505E-05 9.98505E-05 0.485442 0.0315196 0.264569 9.98505E-05 9.98505E-05 9.98505E-05 0.0370603 9.98505E-05 9.98505E-05 9.98505E-05 9.98505E-05 9.98505E-05
0.0358854 0.0640395 9.9877E-05 9.9877E-05 9.9877E-05 9.9877E-05 9.9877E-05 9.9877E-05 0.106214 9.9877E-05 0.492178 0.0448115 0.0143141 0.184392 9.9877E-05 9.9877E-05 0.0567678 9.9877E-05 9.9877E-05 9.9877E-05 9.9877E-05 9.9877E-05
0.0730184 0.154178 9.98682E-05 9.98682E-05 9.98682E-05 9.98682E-05 9.98682E-05 9.98682E-05 0.101542 0.0897303 0.431231 0.0340167 9.98682E-05 9.98682E-05 9.98682E-05 9.98682E-05 0.114785 9.98682E-05 9.98682E-05 9.98682E-05 9.98682E-05 9.98682E-05
9.98506E-05 9.98506E-05 9.98506E-05 9.98506E-05 9.98506E-05 9.98506E-05 0.0126176 9.98506E-05 9.98506E-05 9.98506E-05 0.568926 9.98506E-05 0.193521 0.172439 9.98506E-05 0.0508001 9.98506E-05 9.98506E-05 9.98506E-05 9.98506E-05 9.98506E-05 9.98506E-05
0.0323921 9.98424E-05 0.109436 9.98424E-05 9.98424E-05 9.98424E-05 9.98424E-05 9.98424E-05 9.98424E-05 0.104188 0.752186 9.98424E-05 9.98424E-05 9.98424E-05 9.98424E-05 9.98424E-05 9.98424E-05 9.98424E-05 9.98424E-05 9.98424E-05 9.98424E-05 9.98424E-05
9.98247E-05 9.98247E-05 9.98247E-05 9.98247E-05 9.98247E-05 9.98247E-05 9.98247E-05 9.98247E-05 9.98247E-05 9.98247E-05 0.909701 9.98247E-05 9.98247E-05 9.98247E-05 9.98247E-05 9.98247E-05 0.0883029 9.98247E-05 9.98247E-05 9.98247E-05 9.98247E-05 9.98247E-05
9.98418E-05 9.98418E-05 9.98418E-05 9.98418E-05 9.98418E-05 9.98418E-05 9.98418E-05 9.98418E-05 9.98418E-05 0.12991 0.669821 9.98418E-05 9.98418E-05 9.98418E-05 0.165031 9.98418E-05 9.98418E-05 0.0334417 9.98418E-05 9.98418E-05 9.98418E-05 9.98418E-05
0.0805658 0.0511288 9.98594E-05 9.98594E-05 9.98594E-05 9.98594E-05 9.98594E-05 9.98594E-05 9.98594E-05 9.98594E-05 0.624259 0.0817377 9.98594E-05 0.132612 9.98594E-05 9.98594E-05 0.0280989 9.98594E-05 9.98594E-05 9.98594E-05 9.98594E-05 9.98594E-05
0.0255341 9.98508E-05 9.98508E-05 9.98508E-05 9.98508E-05 0.081521 9.98508E-05 9.98508E-05 9.98508E-05 9.98508E-05 0.811754 0.0564361 9.98508E-05 9.98508E-05 9.98508E-05 9.98508E-05 0.0230577 9.98508E-05 9.98508E-05 9.98508E-05 9.98508E-05 9.98508E-05
9.98417E-05 9.98417E-05 0.135915 9.98417E-05 9.98417E-05 9.98417E-05 9.98417E-05 9.98417E-05 9.98417E-05 9.98417E-05 0.570811 9.98417E-05 0.204752 9.98417E-05 9.98417E-05 9.98417E-05 9.98417E-05 9.98417E-05 9.98417E-05 9.98417E-05 0.0867256 9.98417E-05
9.98512E-05 9.98512E-05 9.98512E-05 9.98512E-05 9.98512E-05 9.98512E-05 0.0315152 9.98512E-05 9.98512E-05 9.98512E-05 0.925695 9.98512E-05 0.0131722 9.98512E-05 9.98512E-05 9.98512E-05 9.98512E-05 0.00280148 9.98512E-05 0.0251191 9.98512E-05 9.98512E-05
9.98418E-05 9.98418E-05 9.98418E-05 9.98418E-05 9.98418E-05 9.98418E-05 9.98418E-05 9.98418E-05 9.98418E-05 9.98418E-05 0.678209 9.98418E-05 0.107379 0.189601 9.98418E-05 0.0230145 9.98418E-05 9.98418E-05 9.98418E-05 9.98418E-05 9.98418E-05 9.98418E-05
9.98685E-05 0.0247302 0.0154624 9.98685E-05 9.98685E-05 9.98685E-05 9.98685E-05 9.98685E-05 9.98685E-05 0.202909 0.674834 9.98685E-05 0.0226729 0.00737882 9.98685E-05 0.0505145 9.98685E-05 9.98685E-05 9.98685E-05 9.98685E-05 9.98685E-05 9.98685E-05
9.98683E-05 9.98683E-05 0.00703282 0.050831 9.98683E-05 9.98683E-05 0.00415894 9.98683E-05 9.98683E-05 9.98683E-05 0.644316 0.131277 0.0455116 9.98683E-05 0.115375 9.98683E-05 9.98683E-05 9.98683E-05 9.98683E-05 9.98683E-05 9.98683E-05 9.98683E-05
0.0355277 0.122475 9.98331E-05 9.98331E-05 9.98331E-05 9.98331E-05 9.98331E-05 9.98331E-05 9.98331E-05 9.98331E-05 0.8401 9.98331E-05 9.98331E-05 9.98331E-05 9.98331E-05 9.98331E-05 9.98331E-05 9.98331E-05 9.98331E-05 9.98331E-05 9.98331E-05 9.98331E-05
9.98336E-05 9.98336E-05 9.98336E-05 9.98336E-05 9.98336E-05 9.98336E-05 9.98336E-05 0.0225665 9.98336E-05 9.98336E-05 0.935009 9.98336E-05 9.98336E-05 9.98336E-05 9.98336E-05 9.98336E-05 9.98336E-05 9.98336E-05 9.98336E-05 0.0405275 9.98336E-05 9.98336E-05
9.9816E-05 9.9816E-05 9.9816E-05 9.9816E-05 9.9816E-05 9.9816E-05 9.9816E-05 9.9816E-05 9.9816E-05 9.9816E-05 0.997904 9.9816E-05 9.9816E-05 9.9816E-05 9.9816E-05 9.9816E-05 9.9816E-05 9.9816E-05 9.9816E-05 9.9816E-05 9.9816E-05 9.9816E-05
9.9816E-05 9.9816E-05 9.9816E-05 9.9816E-05 9.9816E-05 9.9816E-05 9.9816E-05 9.9816E-05 9.9816E-05 9.9816E-05 0.997904 9.9816E-05 9.9816E-05 9.9816E-05 9.9816E-05 9.9816E-05 9.9816E-05 9.9816E-05 9.9816E-05 9.9816E-05 9.9816E-05 9.9816E-05
9.98334E-05 9.98334E-05 9.98334E-05 9.98334E-05 9.98334E-05 0.0443995 9.98334E-05 9.98334E-05 9.98334E-05 9.98334E-05 0.940916 9.98334E-05 9.98334E-05 9.98334E-05 9.98334E-05 9.98334E-05 0.012788 9.98334E-05 9.98334E-05 9.98334E-05 9.98334E-05 9.98334E-05
9.98509E-05 9.98509E-05 0.137601 9.98509E-05 0.163059 9.98509E-05 9.98509E-05 9.98509E-05 9.98509E-05 9.98509E-05 0.532649 9.98509E-05 0.0992544 9.98509E-05 9.98509E-05 9.98509E-05 0.065739 9.98509E-05 9.98509E-05 9.98509E-05 9.98509E-05 9.98509E-05
9.98421E-05 9.98421E-05 9.98421E-05 9.98421E-05 9.98421E-05 9.98421E-05 0.00786891 9.98421E-05 9.98421E-05 0.802642 9.98421E-05 9.98421E-05 0.0630952 9.98421E-05 9.98421E-05 9.98421E-05 0.124597 9.98421E-05 9.98421E-05 9.98421E-05 9.98421E-05 9.98421E-05
9.98422E-05 9.98422E-05 9.98422E-05 9.98422E-05 9.98422E-05 9.98422E-05 9.98422E-05 9.98422E-05 9.98422E-05 0.452598 9.98422E-05 9.98422E-05 0.0747589 9.98422E-05 9.98422E-05 9.98422E-05 0.00787784 9.98422E-05 9.98422E-05 0.462968 9.98422E-05 9.98422E-05
9.98245E-05 9.98245E-05 9.98245E-05 9.98245E-05 9.98245E-05 9.98245E-05 9.98245E-05 9.98245E-05 9.98245E-05 0.898255 9.98245E-05 9.98245E-05 0.0997486 9.98245E-05 9.98245E-05 9.98245E-05 9.98245E-05 9.98245E-05 9.98245E-05 9.98245E-05 9.98245E-05 9.98245E-05
9.98331E-05 9.98331E-05 9.98331E-05 9.98331E-05 9.98331E-05 9.98331E-05 9.98331E-05 9.98331E-05 9.98331E-05 0.769293 9.98331E-05 9.98331E-05 0.167716 9.98331E-05 9.98331E-05 9.98331E-05 0.0610943 9.98331E-05 9.98331E-05 9.98331E-05 9.98331E-05 9.98331E-05
9.98331E-05 0.0515326 9.98331E-05 9.98331E-05 9.98331E-05 9.98331E-05 9.98331E-05 9.98331E-05 9.98331E-05 0.868124 9.98331E-05 9.98331E-05 9.98331E-05 9.98331E-05 9.98331E-05 9.98331E-05 0.0784466 9.98331E-05 9.98331E-05 9.98331E-05 9.98331E-05 9.98331E-05
9.98421E-05 9.98421E-05 9.98421E-05 9.98421E-05 9.98421E-05 9.98421E-05 9.98421E-05 9.98421E-05 9.98421E-05 0.630755 9.98421E-05 9.98421E-05 0.1513 9.98421E-05 9.98421E-05 0.0858367 0.130312 9.98421E-05 9.98421E-05 9.98421E-05 9.98421E-05 9.98421E-05
0.0606358 9.9877E-05 9.9877E-05 9.9877E-05 0.21057 0.0593366 0.015134 9.9877E-05 9.9877E-05 0.485665 9.9877E-05 9.9877E-05 0.0827377 0.0271577 9.9877E-05 9.9877E-05 0.0573649 9.9877E-05 9.9877E-05 9.9877E-05 9.9877E-05 9.9877E-05
9.98245E-05 9.98245E-05 9.98245E-05 9.98245E-05 9.98245E-05 9.98245E-05 9.98245E-05 9.98245E-05 9.98245E-05 0.816532 9.98245E-05 9.98245E-05 9.98245E-05 9.98245E-05 9.98245E-05 9.98245E-05 0.181472 9.98245E-05 9.98245E-05 9.98245E-05 9.98245E-05 9.98245E-05
9.98507E-05 9.98507E-05 0.0279153 9.98507E-05 9.98507E-05 9.98507E-05 9.98507E-05 9.98507E-05 9.98507E-05 0.450429 9.98507E-05 9.98507E-05 0.00509912 9.98507E-05 9.98507E-05 0.192421 0.322438 9.98507E-05 9.98507E-05 9.98507E-05 9.98507E-05 9.98507E-05
9.98683E-05 0.0846198 9.98683E-05 9.98683E-05 9.98683E-05 0.0222738 9.98683E-05 9.98683E-05 0.0167907 0.546976 9.98683E-05 9.98683E-05 0.151494 0.00268937 9.98683E-05 9.98683E-05 0.173658 9.98683E-05 9.98683E-05 9.98683E-05 9.98683E-05 9.98683E-05
9.98508E-05 9.98508E-05 9.98508E-05 9.98508E-05 0.0527614 9.98508E-05 9.98508E-05 9.98508E-05 9.98508E-05 0.443243 9.98508E-05 9.98508E-05 9.98508E-05 9.98508E-05 9.98508E-05 0.223562 0.0319243 9.98508E-05 9.98508E-05 0.246812 9.98508E-05 9.98508E-05
9.98422E-05 9.98422E-05 9.98422E-05 9.98422E-05 9.98422E-05 9.98422E-05 9.98422E-05 9.98422E-05 9.98422E-05 0.741276 9.98422E-05 9.98422E-05 0.0354837 9.98422E-05 9.98422E-05 0.127338 9.98422E-05 9.98422E-05 9.98422E-05 0.0941047 9.98422E-05 9.98422E-05
9.98333E-05 9.98333E-05 9.98333E-05 9.98333E-05 0.22813 9.98333E-05 9.98333E-05 9.98333E-05 9.98333E-05 0.69848 9.98333E-05 9.98333E-05 9.98333E-05 9.98333E-05 9.98333E-05 9.98333E-05 0.0714935 9.98333E-05 9.98333E-05 9.98333E-05 9.98333E-05 9.98333E-05
9.98422E-05 9.98422E-05 9.98422E-05 9.98422E-05 0.217428 9.98422E-05 9.98422E-05 9.98422E-05 9.98422E-05 0.470441 9.98422E-05 9.98422E-05 0.142942 9.98422E-05 9.98422E-05 9.98422E-05 0.167391 9.98422E-05 9.98422E-05 9.98422E-05 9.98422E-05 9.98422E-05
9.98598E-05 0.0604895 9.98598E-05 9.98598E-05 9.98598E-05 0.0167519 9.98598E-05 9.98598E-05 0.110768 0.743648 9.98598E-05 9.98598E-05 9.98598E-05 9.98598E-05 9.98598E-05 9.98598E-05 0.0643297 9.98598E-05 9.98598E-05 0.00241491 9.98598E-05 9.98598E-05
0.0403214 9.9886E-05 0.0565182 9.9886E-05 9.9886E-05 9.9886E-05 9.9886E-05 9.9886E-05 9.9886E-05 0.555673 9.9886E-05 0.0102367 0.00316341 9.9886E-05 0.111626 0.168007 0.0167959 9.9886E-05 9.9886E-05 0.0363596 9.9886E-05 9.9886E-05
9.98509E-05 9.98509E-05 9.98509E-05 9.98509E-05 9.98509E-05 9.98509E-05 9.98509E-05 0.0101955 9.98509E-05 0.669763 9.98509E-05 9.98509E-05 0.102658 9.98509E-05 9.98509E-05 0.211142 0.004544 9.98509E-05 9.98509E-05 9.98509E-05 9.98509E-05 9.98509E-05
9.98512E-05 9.98512E-05 9.98512E-05 9.98512E-05 9.98512E-05 9.98512E-05 9.98512E-05 9.98512E-05 9.98512E-05 0.745785 9.98512E-05 9.98512E-05 9.98512E-05 0.0744929 9.98512E-05 9.98512E-05 0.143969 0.0078644 0.0261909 9.98512E-05 9.98512E-05 9.98512E-05
0.0914298 9.98334E-05 9.98334E-05 9.98334E-05 9.98334E-05 9.98334E-05 9.98334E-05 9.98334E-05 9.98334E-05 0.846612 9.98334E-05 9.98334E-05 9.98334E-05 9.98334E-05 9.98334E-05 9.98334E-05 9.98334E-05 9.98334E-05 9.98334E-05 0.0600612 9.98334E-05 9.98334E-05
9.98684E-05 9.98684E-05 0.0448611 9.98684E-05 9.98684E-05 9.98684E-05 9.98684E-05 0.0763023 0.0111312 0.453747 9.98684E-05 9.98684E-05 0.0923584 9.98684E-05 9.98684E-05 9.98684E-05 0.0800442 9.98684E-05 9.98684E-05 0.240057 9.98684E-05 9.98684E-05
9.98508E-05 9.98508E-05 9.98508E-05 9.98508E-05 9.98508E-05 9.98508E-05 0.00794018 9.98508E-05 9.98508E-05 0.76002 9.98508E-05 9.98508E-05 0.064813 9.98508E-05 9.98508E-05 0.142811 9.98508E-05 9.98508E-05 9.98508E-05 0.0227185 9.98508E-05 9.98508E-05
9.98421E-05 0.0205564 9.98421E-05 9.98421E-05 9.98421E-05 9.98421E-05 9.98421E-05 9.98421E-05 9.98421E-05 0.952507 9.98421E-05 9.98421E-05 9.98421E-05 9.98421E-05 9.98421E-05 9.98421E-05 0.0149923 9.98421E-05 9.98421E-05 0.0101468 9.98421E-05 9.98421E-05
9.98596E-05 9.98596E-05 9.98596E-05 9.98596E-05 9.98596E-05 9.98596E-05 9.98596E-05 0.07418 9.98596E-05 0.428952 9.98596E-05 9.98596E-05 0.198718 9.98596E-05 9.98596E-05 0.0744858 0.209704 9.98596E-05 9.98596E-05 9.98596E-05 9.98596E-05 0.0123619
0.0174667 9.98772E-05 9.98772E-05 9.98772E-05 0.0410597 0.00520031 0.0242424 9.98772E-05 9.98772E-05 0.61054 9.98772E-05 9.98772E-05 0.0275975 9.98772E-05 9.98772E-05 9.98772E-05 0.133511 9.98772E-05 9.98772E-05 0.138984 9.98772E-05 9.98772E-05
9.98509E-05 9.98509E-05 9.98509E-05 0.0128246 9.98509E-05 9.98509E-05 9.98509E-05 0.0354007 9.98509E-05 0.395079 9.98509E-05 9.98509E-05 0.283876 9.98509E-05 9.98509E-05 9.98509E-05 0.271122 9.98509E-05 9.98509E-05 9.98509E-05 9.98509E-05 9.98509E-05
9.98682E-05 9.98682E-05 9.98682E-05 9.98682E-05 0.385795 0.0646064 9.98682E-05 9.98682E-05 9.98682E-05 0.170384 9.98682E-05 9.98682E-05 0.0735428 0.100967 9.98682E-05 0.0488883 0.154318 9.98682E-05 9.98682E-05 9.98682E-05 9.98682E-05 9.98682E-05
9.9851E-05 9.9851E-05 9.9851E-05 0.169111 9.9851E-05 9.9851E-05 9.9851E-05 9.9851E-05 9.9851E-05 0.115404 9.9851E-05 9.9851E-05 0.0502969 9.9851E-05 0.00833143 9.9851E-05 9.9851E-05 9.9851E-05 9.9851E-05 0.655159 9.9851E-05 9.9851E-05
9.98418E-05 9.98418E-05 9.98418E-05 9.98418E-05 9.98418E-05 9.98418E-05 9.98418E-05 0.00442972 9.98418E-05 0.908554 9.98418E-05 9.98418E-05 0.0802476 9.98418E-05 9.98418E-05 9.98418E-05 0.00497154 9.98418E-05 9.98418E-05 9.98418E-05 9.98418E-05 9.98418E-05
9.98422E-05 9.98422E-05 9.98422E-05 9.98422E-05 9.98422E-05 9.98422E-05 9.98422E-05 9.98422E-05 9.98422E-05 0.706721 9.98422E-05 9.98422E-05 0.135798 9.98422E-05 9.98422E-05 9.98422E-05 0.146251 9.98422E-05 9.98422E-05 0.00943289 9.98422E-05 9.98422E-05
0.0132887 9.9851E-05 9.9851E-05 9.9851E-05 9.9851E-05 9.9851E-05 9.9851E-05 0.0978471 9.9851E-05 0.695889 9.9851E-05 9.9851E-05 0.112046 9.9851E-05 9.9851E-05 9.9851E-05 9.9851E-05 9.9851E-05 9.9851E-05 0.0792312 9.9851E-05 9.9851E-05
0.0810265 9.98508E-05 9.98508E-05 9.98508E-05 0.242583 9.98508E-05 9.98508E-05 9.98508E-05 0.0153424 0.476576 9.98508E-05 9.98508E-05 0.182774 9.98508E-05 9.98508E-05 9.98508E-05 9.98508E-05 9.98508E-05 9.98508E-05 9.98508E-05 9.98508E-05 9.98508E-05
9.98421E-05 9.98421E-05 9.98421E-05 9.98421E-05 0.00855583 9.98421E-05 9.98421E-05 9.98421E-05 9.98421E-05 0.953898 9.98421E-05 9.98421E-05 0.000788967 9.98421E-05 9.98421E-05 9.98421E-05 9.98421E-05 9.98421E-05 9.98421E-05 9.98421E-05 0.0349604 9.98421E-05
9.98507E-05 9.98507E-05 9.98507E-05 9.98507E-05 9.98507E-05 9.98507E-05 0.05669 0.221139 9.98507E-05 0.297918 9.98507E-05 9.98507E-05 0.100524 9.98507E-05 9.98507E-05 9.98507E-05 0.322031 9.98507E-05 9.98507E-05 9.98507E-05 9.98507E-05 9.98507E-05
9.9842E-05 9.9842E-05 9.9842E-05 9.9842E-05 9.9842E-05 9.9842E-05 9.9842E-05 9.9842E-05 9.9842E-05 0.831612 9.9842E-05 9.9842E-05 0.0393812 0.0718465 9.9842E-05 9.9842E-05 0.0553633 9.9842E-05 9.9842E-05 9.9842E-05 9.9842E-05 9.9842E-05
9.98334E-05 9.98334E-05 9.98334E-05 9.98334E-05 0.0507198 9.98334E-05 9.98334E-05 9.98334E-05 9.98334E-05 0.910422 9.98334E-05 9.98334E-05 0.0369618 9.98334E-05 9.98334E-05 9.98334E-05 9.98334E-05 9.98334E-05 9.98334E-05 9.98334E-05 9.98334E-05 9.98334E-05
0.00847556 0.023468 0.171783 9.98683E-05 9.98683E-05 9.98683E-05 9.98683E-05 9.98683E-05 9.98683E-05 0.653532 9.98683E-05 0.0180475 9.98683E-05 9.98683E-05 9.98683E-05 9.98683E-05 0.00827302 9.98683E-05 9.98683E-05 0.114923 9.98683E-05 9.98683E-05
0.00785467 0.00588309 9.98507E-05 9.98507E-05 9.98507E-05 9.98507E-05 9.98507E-05 9.98507E-05 9.98507E-05 0.778007 9.98507E-05 9.98507E-05 0.162514 9.98507E-05 9.98507E-05 9.98507E-05 0.0440434 9.98507E-05 9.98507E-05 9.98507E-05 9.98507E-05 9.98507E-05
9.9877E-05 9.9877E-05 9.9877E-05 9.9877E-05 0.339197 0.000897626 0.0627866 0.00149235 9.9877E-05 0.218604 9.9877E-05 9.9877E-05 9.9877E-05 9.9877E-05 0.0514335 9.9877E-05 0.0683116 9.9877E-05 9.9877E-05 0.25588 9.9877E-05 9.9877E-05
9.98509E-05 9.98509E-05 9.98509E-05 9.98509E-05 0.245896 9.98509E-05 9.98509E-05 9.98509E-05 9.98509E-05 0.629776 9.98509E-05 9.98509E-05 0.0853748 9.98509E-05 9.98509E-05 9.98509E-05 0.00760809 9.98509E-05 9.98509E-05 0.029648 9.98509E-05 9.98509E-05
9.98423E-05 9.98423E-05 9.98423E-05 9.98423E-05 0.316887 9.98423E-05 0.0642121 9.98423E-05 9.98423E-05 0.598381 9.98423E-05 9.98423E-05 9.98423E-05 9.98423E-05 9.98423E-05 9.98423E-05 9.98423E-05 9.98423E-05 9.98423E-05 0.0187226 9.98423E-05 9.98423E-05
9.98422E-05 9.98422E-05 9.98422E-05 9.98422E-05 0.400605 0.0351116 9.98422E-05 9.98422E-05 9.98422E-05 0.463172 9.98422E-05 9.98422E-05 9.98422E-05 9.98422E-05 9.98422E-05 9.98422E-05 9.98422E-05 9.98422E-05 9.98422E-05 0.0993147 9.98422E-05 9.98422E-05
0.0519855 9.98508E-05 9.98508E-05 9.98508E-05 9.98508E-05 9.98508E-05 9.98508E-05 9.98508E-05 9.98508E-05 0.473559 9.98508E-05 9.98508E-05 0.281669 9.98508E-05 9.98508E-05 0.0531348 0.137954 9.98508E-05 9.98508E-05 9.98508E-05 9.98508E-05 9.98508E-05
9.98422E-05 9.98422E-05 9.98422E-05 9.98422E-05 9.98422E-05 9.98422E-05 0.00761781 9.98422E-05 9.98422E-05 0.736273 9.98422E-05 9.98422E-05 9.98422E-05 0.147522 9.98422E-05 9.98422E-05 0.106789 9.98422E-05 9.98422E-05 9.98422E-05 9.98422E-05 9.98422E-05
9.98595E-05 9.98595E-05 9.98595E-05 9.98595E-05 0.208074 9.98595E-05 9.98595E-05 0.068636 9.98595E-05 0.0981336 9.98595E-05 9.98595E-05 0.0387069 9.98595E-05 9.98595E-05 9.98595E-05 0.142693 9.98595E-05 9.98595E-05 0.442158 9.98595E-05 9.98595E-05
9.98332E-05 9.98332E-05 9.98332E-05 9.98332E-05 0.6627 9.98332E-05 9.98332E-05 9.98332E-05 9.98332E-05 0.287913 9.98332E-05 9.98332E-05 0.0474903 9.98332E-05 9.98332E-05 9.98332E-05 9.98332E-05 9.98332E-05 9.98332E-05 9.98332E-05 9.98332E-05 9.98332E-05
9.98595E-05 9.98595E-05 9.98595E-05 9.98595E-05 9.98595E-05 0.00343962 9.98595E-05 0.100221 9.98595E-05 0.545934 9.98595E-05 9.98595E-05 9.98595E-05 0.0209955 9.98595E-05 0.163819 0.163994 9.98595E-05 9.98595E-05 9.98595E-05 9.98595E-05 9.98595E-05
9.98596E-05 0.0125216 9.98596E-05 9.98596E-05 0.0791583 9.98596E-05 9.98596E-05 9.98596E-05 9.98596E-05 0.552509 0.199593 9.98596E-05 0.0681199 9.98596E-05 9.98596E-05 9.98596E-05 0.0865004 9.98596E-05 9.98596E-05 9.98596E-05 9.98596E-05 9.98596E-05
9.9886E-05 0.0802047 0.0225923 0.00101987 9.9886E-05 9.9886E-05 9.9886E-05 9.9886E-05 9.9886E-05 0.546467 9.9886E-05 9.9886E-05 9.9886E-05 0.0305799 9.9886E-05 0.158852 0.074622 9.9886E-05 9.9886E-05 0.0258895 0.0584738 9.9886E-05
9.98509E-05 9.98509E-05 9.98509E-05 9.98509E-05 9.98509E-05 9.98509E-05 9.98509E-05 9.98509E-05 9.98509E-05 0.484295 9.98509E-05 9.98509E-05 0.205075 0.0679716 9.98509E-05 9.98509E-05 0.235757 9.98509E-05 9.98509E-05 9.98509E-05 9.98509E-05 0.00520488
9.9842E-05 9.9842E-05 9.9842E-05 9.9842E-05 0.265609 9.9842E-05 9.9842E-05 9.9842E-05 9.9842E-05 0.48891 9.9842E-05 9.9842E-05 9.9842E-05 9.9842E-05 9.9842E-05 0.000825178 9.9842E-05 9.9842E-05 9.9842E-05 0.242859 9.9842E-05 9.9842E-05
0.0184842 9.98596E-05 9.98596E-05 9.98596E-05 9.98596E-05 9.98596E-05 9.98596E-05 9.98596E-05 9.98596E-05 0.726475 9.98596E-05 0.0702707 0.117967 9.98596E-05 9.98596E-05 9.98596E-05 9.98596E-05 0.0375433 9.98596E-05 9.98596E-05 9.98596E-05 0.027662
9.98422E-05 9.98422E-05 9.98422E-05 9.98422E-05 9.98422E-05 9.98422E-05 9.98422E-05 9.98422E-05 9.98422E-05 0.302468 9.98422E-05 9.98422E-05 0.026555 9.98422E-05 9.98422E-05 9.98422E-05 0.155726 9.98422E-05 9.98422E-05 0.513454 9.98422E-05 9.98422E-05
9.98597E-05 0.0430236 9.98597E-05 9.98597E-05 9.98597E-05 0.0660624 9.98597E-05 9.98597E-05 9.98597E-05 0.506282 9.98597E-05 9.98597E-05 0.0746227 9.98597E-05 9.98597E-05 9.98597E-05 0.0831568 9.98597E-05 9.98597E-05 0.225255 9.98597E-05 9.98597E-05
9.98245E-05 9.98245E-05 9.98245E-05 9.98245E-05 9.98245E-05 9.98245E-05 9.98245E-05 9.98245E-05 0.0439272 0.954076 9.98245E-05 9.98245E-05 9.98245E-05 9.98245E-05 9.98245E-05 9.98245E-05 9.98245E-05 9.98245E-05 9.98245E-05 9.98245E-05 9.98245E-05 9.98245E-05
0.0192144 0.0187652 9.9842E-05 9.9842E-05 9.9842E-05 9.9842E-05 9.9842E-05 9.9842E-05 9.9842E-05 0.845558 9.9842E-05 0.114665 9.9842E-05 9.9842E-05 9.9842E-05 9.9842E-05 9.9842E-05 9.9842E-05 9.9842E-05 9.9842E-05 9.9842E-05 9.9842E-05
9.9842E-05 9.9842E-05 9.9842E-05 9.9842E-05 9.9842E-05 9.9842E-05 9.9842E-05 9.9842E-05 9.9842E-05 0.484533 9.9842E-05 9.9842E-05 0.196443 9.9842E-05 9.9842E-05 0.159381 0.157846 9.9842E-05 9.9842E-05 9.9842E-05 9.9842E-05 9.9842E-05
9.98333E-05 9.98333E-05 9.98333E-05 9.98333E-05 9.98333E-05 9.98333E-05 9.98333E-05 9.98333E-05 9.98333E-05 0.796279 9.98333E-05 9.98333E-05 0.039743 9.98333E-05 9.98333E-05 9.98333E-05 0.162081 9.98333E-05 9.98333E-05 9.98333E-05 9.98333E-05 9.98333E-05
0.0538115 9.98419E-05 9.98419E-05 9.98419E-05 9.98419E-05 9.98419E-05 9.98419E-05 9.98419E-05 9.98419E-05 0.8932 9.98419E-05 9.98419E-05 0.0446407 9.98419E-05 9.98419E-05 9.98419E-05 0.00655022 9.98419E-05 9.98419E-05 9.98419E-05 9.98419E-05 9.98419E-05
9.98595E-05 9.98595E-05 9.98595E-05 9.98595E-05 9.98595E-05 9.98595E-05 9.98595E-05 0.0320715 0.0350154 0.772683 9.98595E-05 9.98595E-05 0.0604407 9.98595E-05 9.98595E-05 9.98595E-05 9.98595E-05 0.0146115 9.98595E-05 0.0835802 9.98595E-05 9.98595E-05
9.98508E-05 9.98508E-05 9.98508E-05 9.98508E-05 0.276938 9.98508E-05 9.98508E-05 9.98508E-05 9.98508E-05 0.506749 9.98508E-05 9.98508E-05 0.0570632 9.98508E-05 9.98508E-05 0.0156962 0.141856 9.98508E-05 9.98508E-05 9.98508E-05 9.98508E-05 9.98508E-05
9.98154E-05 9.98154E-05 9.98154E-05 9.98154E-05 9.98154E-05 9.98154E-05 9.98154E-05 9.98154E-05 9.98154E-05 9.98154E-05 9.98154E-05 9.98154E-05 0.997904 9.98154E-05 9.98154E-05 9.98154E-05 9.98154E-05 9.98154E-05 9.98154E-05 9.98154E-05 9.98154E-05 9.98154E-05
9.98154E-05 9.98154E-05 9.98154E-05 9.98154E-05 9.98154E-05 9.98154E-05 9.98154E-05 9.98154E-05 9.98154E-05 9.98154E-05 9.98154E-05 9.98154E-05 9.98154E-05 9.98154E-05 9.98154E-05 9.98154E-05 0.997904 9.98154E-05 9.98154E-05 9.98154E-05 9.98154E-05 9.98154E-05
9.98155E-05 9.98155E-05 9.98155E-05 9.98155E-05 9.98155E-05 9.98155E-05 9.98155E-05 9.98155E-05 9.98155E-05 9.98155E-05 9.98155E-05 9.98155E-05 0.997904 9.98155E-05 9.98155E-05 9.98155E-05 9.98155E-05 9.98155E-05 9.98155E-05 9.98155E-05 9.98155E-05 9.98155E-05
9.98153E-05 9.98153E-05 9.98153E-05 9.98153E-05 9.98153E-05 9.98153E-05 9.98153E-05 9.98153E-05 9.98153E-05 9.98153E-05 9.98153E-05 9.98153E-05 9.98153E-05 9.98153E-05 9.98153E-05 9.98153E-05 0.997904 9.98153E-05 9.98153E-05 9.98153E-05 9.98153E-05 9.98153E-05
9.98153E-05 9.98153E-05 9.98153E-05 9.98153E-05 9.98153E-05 9.98153E-05 9.98153E-05 9.98153E-05 9.98153E-05 9.98153E-05 9.98153E-05 9.98153E-05 9.98153E-05 9.98153E-05 9.98153E-05 9.98153E-05 0.997904 9.98153E-05 9.98153E-05 9.98153E-05 9.98153E-05 9.98153E-05
9.98155E-05 9.98155E-05 9.98155E-05 9.98155E-05 9.98155E-05 9.98155E-05 9.98155E-05 9.98155E-05 9.98155E-05 9.98155E-05 9.98155E-05 9.98155E-05 9.98155E-05 9.98155E-05 9.98155E-05 9.98155E-05 0.997904 9.98155E-05 9.98155E-05 9.98155E-05 9.98155E-05 9.98155E-05
9.98155E-05 9.98155E-05 9.98155E-05 9.98155E-05 9.98155E-05 9.98155E-05 9.98155E-05 9.98155E-05 9.98155E-05 9.98155E-05 9.98155E-05 9.98155E-05 0.997904 9.98155E-05 9.98155E-05 9.98155E-05 9.98155E-05 9.98155E-05 9.98155E-05 9.98155E-05 9.98155E-05 9.98155E-05
9.98154E-05 9.98154E-05 9.98154E-05 9.98154E-05 9.98154E-05 9.98154E-05 9.98154E-05 9.98154E-05 9.98154E-05 9.98154E-05 9.98154E-05 9.98154E-05 9.98154E-05 9.98154E-05 9.98154E-05 9.98154E-05 0.997904 9.98154E-05 9.98154E-05 9.98154E-05 9.98154E-05 9.98154E-05
9.98155E-05 9.98155E-05 9.98155E-05 9.98155E-05 9.98155E-05 9.98155E-05 9.98155E-05 9.98155E-05 9.98155E-05 9.98155E-05 9.98155E-05 9.98155E-05 9.98155E-05 9.98155E-05 9.98155E-05 9.98155E-05 0.997904 9.98155E-05 9.98155E-05 9.98155E-05 9.98155E-05 9.98155E-05
9.98154E-05 9.98154E-05 9.98154E-05 9.98154E-05 9.98154E-05 9.98154E-05 9.98154E-05 9.98154E-05 9.98154E-05 9.98154E-05 9.98154E-05 9.98154E-05 0.997904 9.98154E-05 9.98154E-05 9.98154E-05 9.98154E-05 9.98154E-05 9.98154E-05 9.98154E-05 9.98154E-05 9.98154E-05
9.98156E-05 9.98156E-05 9.98156E-05 9.98156E-05 9.98156E-05 9.98156E-05 9.98156E-05 9.98156E-05 9.98156E-05 9.98156E-05 9.98156E-05 9.98156E-05 0.997904 9.98156E-05 9.98156E-05 9.98156E-05 9.98156E-05 9.98156E-05 9.98156E-05 9.98156E-05 9.98156E-05 9.98156E-05
