9.98158E-05 9.98158E-05 9.98158E-05 9.98158E-05 9.98158E-05 9.98158E-05 0.388564 9.98158E-05 0.0586269 0.103388 9.98158E-05 9.98158E-05 0.1206 9.98158E-05 9.98158E-05 9.98158E-05 9.98158E-05 9.98158E-05 0.0411098 9.98158E-05 9.98158E-05 0.234223 0.0404652 9.98158E-05 9.98158E-05 9.98158E-05 0.0109275 9.98158E-05 9.98158E-05
9.97809E-05 9.97809E-05 9.97809E-05 9.97809E-05 9.97809E-05 9.97809E-05 9.97809E-05 9.97809E-05 9.97809E-05 9.97809E-05 9.97809E-05 9.97809E-05 9.97809E-05 0.817642 0.00249246 9.97809E-05 9.97809E-05 9.97809E-05 0.0693915 9.97809E-05 9.97809E-05 0.107979 9.97809E-05 9.97809E-05 9.97809E-05 9.97809E-05 9.97809E-05 9.97809E-05 9.97809E-05
9.97897E-05 9.97897E-05 9.97897E-05 9.97897E-05 9.97897E-05 9.97897E-05 0.365562 9.97897E-05 0.602736 9.97897E-05 9.97897E-05 9.97897E-05 9.97897E-05 9.97897E-05 9.97897E-05 0.00240132 9.97897E-05 9.97897E-05 9.97897E-05 9.97897E-05 9.97897E-05 9.97897E-05 0.021003 9.97897E-05 9.97897E-05 9.97897E-05 0.00590332 9.97897E-05 9.97897E-05
0.103102 0.0450559 0.0280955 0.279447 9.98421E-05 0.0513292 0.0612385 9.98421E-05 9.98421E-05 9.98421E-05 9.98421E-05 9.98421E-05 0.081757 0.298231 9.98421E-05 9.98421E-05 9.98421E-05 9.98421E-05 9.98421E-05 9.98421E-05 0.00439982 9.98421E-05 0.0290357 9.98421E-05 9.98421E-05 9.98421E-05 9.98421E-05 0.0165112 9.98421E-05
0.00663584 0.0193941 9.97807E-05 9.97807E-05 9.97807E-05 9.97807E-05 9.97807E-05 9.97807E-05 0.234877 9.97807E-05 9.97807E-05 9.97807E-05 9.97807E-05 0.736598 9.97807E-05 9.97807E-05 9.97807E-05 9.97807E-05 9.97807E-05 9.97807E-05 9.97807E-05 9.97807E-05 9.97807E-05 9.97807E-05 9.97807E-05 9.97807E-05 9.97807E-05 9.97807E-05 9.97807E-05
0.166519 0.160895 9.98334E-05 9.98334E-05 9.98334E-05 9.98334E-05 0.0904627 9.98334E-05 9.98334E-05 9.98334E-05 9.98334E-05 0.0183746 9.98334E-05 0.172905 0.0335843 0.0443106 9.98334E-05 9.98334E-05 9.98334E-05 0.00868492 0.116846 0.185521 9.98334E-05 9.98334E-05 9.98334E-05 9.98334E-05 9.98334E-05 9.98334E-05 9.98334E-05
9.98246E-05 0.0551924 9.98246E-05 0.0576554 9.98246E-05 0.060596 9.98246E-05 9.98246E-05 9.98246E-05 9.98246E-05 9.98246E-05 9.98246E-05 0.0599715 0.416544 9.98246E-05 9.98246E-05 9.98246E-05 0.169764 9.98246E-05 0.0247163 9.98246E-05 0.110152 0.0434122 9.98246E-05 9.98246E-05 9.98246E-05 9.98246E-05 9.98246E-05 9.98246E-05
0.0419746 0.0470683 9.98247E-05 9.98247E-05 9.98247E-05 9.98247E-05 9.98247E-05 9.98247E-05 9.98247E-05 0.00594619 9.98247E-05 0.189596 0.174184 0.337637 9.98247E-05 0.0227693 9.98247E-05 9.98247E-05 9.98247E-05 9.98247E-05 0.13607 9.98247E-05 9.98247E-05 0.042757 9.98247E-05 9.98247E-05 9.98247E-05 9.98247E-05 9.98247E-05
0.0613483 9.9807E-05 0.0959469 9.9807E-05 9.9807E-05 9.9807E-05 0.307398 9.9807E-05 9.9807E-05 9.9807E-05 9.9807E-05 9.9807E-05 9.9807E-05 9.9807E-05 9.9807E-05 9.9807E-05 9.9807E-05 9.9807E-05 0.0103191 9.9807E-05 0.275844 9.9807E-05 0.139971 9.9807E-05 9.9807E-05 9.9807E-05 0.106977 9.9807E-05 9.9807E-05
9.9772E-05 9.9772E-05 9.9772E-05 9.9772E-05 9.9772E-05 9.9772E-05 0.0140522 9.9772E-05 0.936329 9.9772E-05 9.9772E-05 9.9772E-05 9.9772E-05 9.9772E-05 9.9772E-05 9.9772E-05 9.9772E-05 9.9772E-05 9.9772E-05 9.9772E-05 9.9772E-05 9.9772E-05 0.0470251 9.9772E-05 9.9772E-05 9.9772E-05 9.9772E-05 9.9772E-05 9.9772E-05
9.97807E-05 9.97807E-05 9.97807E-05 9.97807E-05 9.97807E-05 0.103076 0.736028 9.97807E-05 9.97807E-05 9.97807E-05 9.97807E-05 9.97807E-05 9.97807E-05 9.97807E-05 9.97807E-05 9.97807E-05 9.97807E-05 9.97807E-05 9.97807E-05 9.97807E-05 9.97807E-05 9.97807E-05 0.144073 9.97807E-05 9.97807E-05 9.97807E-05 9.97807E-05 0.0143285 9.97807E-05
9.97545E-05 9.97545E-05 9.97545E-05 9.97545E-05 9.97545E-05 9.97545E-05 9.97545E-05 9.97545E-05 0.997207 9.97545E-05 9.97545E-05 9.97545E-05 9.97545E-05 9.97545E-05 9.97545E-05 9.97545E-05 9.97545E-05 9.97545E-05 9.97545E-05 9.97545E-05 9.97545E-05 9.97545E-05 9.97545E-05 9.97545E-05 9.97545E-05 9.97545E-05 9.97545E-05 9.97545E-05 9.97545E-05
9.97719E-05 9.97719E-05 9.97719E-05 9.97719E-05 9.97719E-05 9.97719E-05 0.939429 9.97719E-05 9.97719E-05 9.97719E-05 9.97719E-05 9.97719E-05 9.97719E-05 0.000640687 9.97719E-05 9.97719E-05 9.97719E-05 9.97719E-05 9.97719E-05 9.97719E-05 9.97719E-05 9.97719E-05 0.0573358 9.97719E-05 9.97719E-05 9.97719E-05 9.97719E-05 9.97719E-05 9.97719E-05
9.97895E-05 9.97895E-05 9.97895E-05 9.97895E-05 9.97895E-05 9.97895E-05 9.97895E-05 9.97895E-05 9.97895E-05 9.97895E-05 9.97895E-05 9.97895E-05 9.97895E-05 0.873291 9.97895E-05 0.0212478 0.0916941 9.97895E-05 9.97895E-05 9.97895E-05 9.97895E-05 9.97895E-05 0.00747063 9.97895E-05 0.00390118 9.97895E-05 9.97895E-05 9.97895E-05 9.97895E-05
0.100027 9.98245E-05 9.98245E-05 9.98245E-05 9.98245E-05 9.98245E-05 0.214834 9.98245E-05 0.131557 9.98245E-05 9.98245E-05 9.98245E-05 9.98245E-05 9.98245E-05 9.98245E-05 9.98245E-05 9.98245E-05 0.015972 9.98245E-05 9.98245E-05 0.166777 0.197158 0.120994 9.98245E-05 0.0366323 9.98245E-05 0.014053 9.98245E-05 9.98245E-05
9.98245E-05 9.98245E-05 0.0171949 0.0752881 0.0615767 9.98245E-05 9.98245E-05 9.98245E-05 9.98245E-05 9.98245E-05 9.98245E-05 9.98245E-05 0.0454 0.283015 9.98245E-05 9.98245E-05 9.98245E-05 9.98245E-05 9.98245E-05 9.98245E-05 0.173381 0.144297 0.0823567 0.115494 9.98245E-05 9.98245E-05 9.98245E-05 9.98245E-05 9.98245E-05
9.98335E-05 9.98335E-05 9.98335E-05 9.98335E-05 9.98335E-05 0.00668634 0.0773949 9.98335E-05 0.542324 0.0299998 0.0583868 9.98335E-05 9.98335E-05 0.0130477 9.98335E-05 9.98335E-05 9.98335E-05 0.0716816 0.170896 9.98335E-05 9.98335E-05 9.98335E-05 0.0268787 0.000806936 9.98335E-05 9.98335E-05 9.98335E-05 9.98335E-05 9.98335E-05
9.98157E-05 9.98157E-05 0.0035484 9.98157E-05 9.98157E-05 9.98157E-05 0.00881688 9.98157E-05 9.98157E-05 9.98157E-05 9.98157E-05 9.98157E-05 0.0456167 0.261356 9.98157E-05 9.98157E-05 9.98157E-05 9.98157E-05 9.98157E-05 9.98157E-05 9.98157E-05 0.24577 0.159134 9.98157E-05 9.98157E-05 9.98157E-05 9.98157E-05 0.108906 0.164756
9.98333E-05 0.0984054 9.98333E-05 9.98333E-05 0.0571988 9.98333E-05 0.382929 9.98333E-05 0.0849048 0.0317405 9.98333E-05 9.98333E-05 0.0614932 9.98333E-05 9.98333E-05 9.98333E-05 9.98333E-05 9.98333E-05 9.98333E-05 0.018776 0.105366 9.98333E-05 0.118922 9.98333E-05 9.98333E-05 9.98333E-05 9.98333E-05 9.98333E-05 0.0383678
9.97632E-05 9.97632E-05 9.97632E-05 9.97632E-05 9.97632E-05 9.97632E-05 0.93335 9.97632E-05 0.0639559 9.97632E-05 9.97632E-05 9.97632E-05 9.97632E-05 9.97632E-05 9.97632E-05 9.97632E-05 9.97632E-05 9.97632E-05 9.97632E-05 9.97632E-05 9.97632E-05 9.97632E-05 9.97632E-05 9.97632E-05 9.97632E-05 9.97632E-05 9.97632E-05 9.97632E-05 9.97632E-05
9.97904E-05 9.97904E-05 0.211991 0.0504449 9.97904E-05 0.0142216 0.551371 9.97904E-05 9.97904E-05 9.97904E-05 9.97904E-05 9.97904E-05 9.97904E-05 0.0132137 9.97904E-05 9.97904E-05 9.97904E-05 9.97904E-05 9.97904E-05 9.97904E-05 0.0660475 9.97904E-05 0.000888353 0.0897268 9.97904E-05 9.97904E-05 9.97904E-05 9.97904E-05 9.97904E-05
9.98071E-05 0.110398 9.98071E-05 9.98071E-05 9.98071E-05 9.98071E-05 9.98071E-05 9.98071E-05 0.345155 9.98071E-05 9.98071E-05 0.00464933 0.363841 9.98071E-05 9.98071E-05 0.0346424 0.00533987 9.98071E-05 9.98071E-05 9.98071E-05 0.133779 9.98071E-05 9.98071E-05 9.98071E-05 9.98071E-05 9.98071E-05 9.98071E-05 9.98071E-05 9.98071E-05
0.0157257 9.97808E-05 9.97808E-05 9.97808E-05 9.97808E-05 9.97808E-05 0.833428 9.97808E-05 9.97808E-05 9.97808E-05 9.97808E-05 9.97808E-05 9.97808E-05 9.97808E-05 9.97808E-05 9.97808E-05 9.97808E-05 9.97808E-05 9.97808E-05 9.97808E-05 9.97808E-05 0.0945626 0.0537891 9.97808E-05 9.97808E-05 9.97808E-05 9.97808E-05 9.97808E-05 9.97808E-05
0.00370783 9.98333E-05 9.98333E-05 9.98333E-05 9.98333E-05 9.98333E-05 0.0798574 9.98333E-05 0.120081 0.00349475 9.98333E-05 9.98333E-05 0.255677 0.229807 9.98333E-05 9.98333E-05 9.98333E-05 9.98333E-05 9.98333E-05 9.98333E-05 9.98333E-05 0.028134 0.195048 0.00879923 9.98333E-05 9.98333E-05 0.0734965 9.98333E-05 9.98333E-05
0.247444 9.98071E-05 9.98071E-05 0.103108 9.98071E-05 9.98071E-05 0.195896 9.98071E-05 9.98071E-05 9.98071E-05 9.98071E-05 9.98071E-05 9.98071E-05 0.132833 9.98071E-05 9.98071E-05 9.98071E-05 9.98071E-05 9.98071E-05 9.98071E-05 0.0184632 9.98071E-05 0.20676 9.98071E-05 0.0933005 9.98071E-05 9.98071E-05 9.98071E-05 9.98071E-05
9.97984E-05 9.97984E-05 9.97984E-05 0.136777 9.97984E-05 9.97984E-05 9.97984E-05 0.031748 0.728473 9.97984E-05 9.97984E-05 9.97984E-05 0.013243 9.97984E-05 9.97984E-05 9.97984E-05 9.97984E-05 9.97984E-05 9.97984E-05 9.97984E-05 0.010286 9.97984E-05 0.0771777 9.97984E-05 9.97984E-05 9.97984E-05 9.97984E-05 9.97984E-05 9.97984E-05
0.232807 9.98069E-05 9.98069E-05 9.98069E-05 9.98069E-05 9.98069E-05 0.0602598 9.98069E-05 0.0360431 9.98069E-05 9.98069E-05 9.98069E-05 0.349169 9.98069E-05 9.98069E-05 9.98069E-05 9.98069E-05 9.98069E-05 9.98069E-05 9.98069E-05 9.98069E-05 9.98069E-05 0.122336 0.0645965 9.98069E-05 9.98069E-05 9.98069E-05 9.98069E-05 0.132593
9.97721E-05 9.97721E-05 9.97721E-05 0.0903376 9.97721E-05 9.97721E-05 0.896124 9.97721E-05 9.97721E-05 9.97721E-05 9.97721E-05 9.97721E-05 0.0109443 9.97721E-05 9.97721E-05 9.97721E-05 9.97721E-05 9.97721E-05 9.97721E-05 9.97721E-05 9.97721E-05 9.97721E-05 9.97721E-05 9.97721E-05 9.97721E-05 9.97721E-05 9.97721E-05 9.97721E-05 9.97721E-05
0.0512245 9.98072E-05 9.98072E-05 9.98072E-05 9.98072E-05 9.98072E-05 0.474654 9.98072E-05 0.187345 9.98072E-05 9.98072E-05 9.98072E-05 9.98072E-05 9.98072E-05 9.98072E-05 9.98072E-05 0.0568011 9.98072E-05 9.98072E-05 9.98072E-05 9.98072E-05 0.0422124 0.129792 9.98072E-05 9.98072E-05 9.98072E-05 0.0557756 9.98072E-05 9.98072E-05
9.98158E-05 0.0100181 9.98158E-05 9.98158E-05 9.98158E-05 9.98158E-05 0.199748 9.98158E-05 0.529482 0.0120483 9.98158E-05 9.98158E-05 9.98158E-05 9.98158E-05 9.98158E-05 9.98158E-05 9.98158E-05 9.98158E-05 9.98158E-05 9.98158E-05 0.00680524 9.98158E-05 0.0636222 9.98158E-05 9.98158E-05 0.163217 0.0129636 9.98158E-05 9.98158E-05
9.97808E-05 9.97808E-05 9.97808E-05 9.97808E-05 9.97808E-05 0.0487931 0.845355 9.97808E-05 9.97808E-05 9.97808E-05 9.97808E-05 9.97808E-05 9.97808E-05 9.97808E-05 9.97808E-05 9.97808E-05 9.97808E-05 9.97808E-05 9.97808E-05 9.97808E-05 0.0354866 9.97808E-05 9.97808E-05 9.97808E-05 0.067871 9.97808E-05 9.97808E-05 9.97808E-05 9.97808E-05
0.186377 0.0506571 9.97985E-05 9.97985E-05 9.97985E-05 9.97985E-05 0.622345 0.080807 9.97985E-05 9.97985E-05 9.97985E-05 9.97985E-05 9.97985E-05 0.0045037 0.0530147 9.97985E-05 9.97985E-05 9.97985E-05 9.97985E-05 9.97985E-05 9.97985E-05 9.97985E-05 9.97985E-05 9.97985E-05 9.97985E-05 9.97985E-05 9.97985E-05 9.97985E-05 9.97985E-05
9.97982E-05 9.97982E-05 9.97982E-05 0.0226837 9.97982E-05 0.0616011 9.97982E-05 9.97982E-05 9.97982E-05 9.97982E-05 9.97982E-05 9.97982E-05 0.0464234 0.703636 9.97982E-05 9.97982E-05 9.97982E-05 9.97982E-05 9.97982E-05 9.97982E-05 9.97982E-05 0.0441431 0.119217 9.97982E-05 9.97982E-05 9.97982E-05 9.97982E-05 9.97982E-05 9.97982E-05
0.0923271 0.0262158 9.98421E-05 9.98421E-05 0.0848946 9.98421E-05 9.98421E-05 9.98421E-05 0.343071 9.98421E-05 9.98421E-05 9.98421E-05 0.115609 0.147135 9.98421E-05 9.98421E-05 0.0354909 0.000394901 9.98421E-05 0.00678684 9.98421E-05 9.98421E-05 0.124384 9.98421E-05 9.98421E-05 9.98421E-05 9.98421E-05 9.98421E-05 0.021894
9.97896E-05 9.97896E-05 9.97896E-05 9.97896E-05 9.97896E-05 0.0322955 0.588121 9.97896E-05 0.324654 9.97896E-05 9.97896E-05 9.97896E-05 9.97896E-05 9.97896E-05 9.97896E-05 9.97896E-05 9.97896E-05 0.000700653 9.97896E-05 9.97896E-05 9.97896E-05 9.97896E-05 9.97896E-05 9.97896E-05 9.97896E-05 9.97896E-05 9.97896E-05 0.051834 9.97896E-05
9.98072E-05 9.98072E-05 9.98072E-05 0.0957327 9.98072E-05 9.98072E-05 0.467246 9.98072E-05 0.301596 0.0477207 9.98072E-05 9.98072E-05 0.0266042 9.98072E-05 9.98072E-05 9.98072E-05 9.98072E-05 9.98072E-05 0.0057262 9.98072E-05 9.98072E-05 9.98072E-05 9.98072E-05 9.98072E-05 9.98072E-05 9.98072E-05 0.0531781 9.98072E-05 9.98072E-05
9.97634E-05 0.0297736 9.97634E-05 9.97634E-05 9.97634E-05 9.97634E-05 0.967533 9.97634E-05 9.97634E-05 9.97634E-05 9.97634E-05 9.97634E-05 9.97634E-05 9.97634E-05 9.97634E-05 9.97634E-05 9.97634E-05 9.97634E-05 9.97634E-05 9.97634E-05 9.97634E-05 9.97634E-05 9.97634E-05 9.97634E-05 9.97634E-05 9.97634E-05 9.97634E-05 9.97634E-05 9.97634E-05
9.97985E-05 9.97985E-05 9.97985E-05 9.97985E-05 9.97985E-05 0.00573075 9.97985E-05 9.97985E-05 9.97985E-05 9.97985E-05 9.97985E-05 9.97985E-05 9.97985E-05 0.711077 9.97985E-05 9.97985E-05 9.97985E-05 9.97985E-05 0.0463747 9.97985E-05 0.133127 9.97985E-05 0.0746194 9.97985E-05 9.97985E-05 9.97985E-05 9.97985E-05 0.0267752 9.97985E-05
9.97985E-05 9.97985E-05 9.97985E-05 9.97985E-05 9.97985E-05 0.0315432 9.97985E-05 9.97985E-05 0.582326 9.97985E-05 0.0968243 9.97985E-05 9.97985E-05 9.97985E-05 9.97985E-05 0.0237186 9.97985E-05 9.97985E-05 0.147849 9.97985E-05 9.97985E-05 9.97985E-05 0.115443 9.97985E-05 9.97985E-05 9.97985E-05 9.97985E-05 9.97985E-05 9.97985E-05
0.0632678 0.0669394 9.98069E-05 9.98069E-05 9.98069E-05 9.98069E-05 9.98069E-05 9.98069E-05 0.321837 9.98069E-05 9.98069E-05 9.98069E-05 9.98069E-05 0.353454 9.98069E-05 9.98069E-05 9.98069E-05 9.98069E-05 9.98069E-05 0.0329724 9.98069E-05 9.98069E-05 0.128143 0.0311916 9.98069E-05 9.98069E-05 9.98069E-05 9.98069E-05 9.98069E-05
9.97633E-05 9.97633E-05 9.97633E-05 9.97633E-05 9.97633E-05 9.97633E-05 9.97633E-05 9.97633E-05 0.99628 9.97633E-05 9.97633E-05 9.97633E-05 0.00102635 9.97633E-05 9.97633E-05 9.97633E-05 9.97633E-05 9.97633E-05 9.97633E-05 9.97633E-05 9.97633E-05 9.97633E-05 9.97633E-05 9.97633E-05 9.97633E-05 9.97633E-05 9.97633E-05 9.97633E-05 9.97633E-05
9.97899E-05 9.97899E-05 9.97899E-05 9.97899E-05 9.97899E-05 9.97899E-05 9.97899E-05 9.97899E-05 0.763515 9.97899E-05 9.97899E-05 9.97899E-05 0.147859 9.97899E-05 9.97899E-05 9.97899E-05 9.97899E-05 9.97899E-05 0.0285187 9.97899E-05 0.0441106 9.97899E-05 0.0136014 9.97899E-05 9.97899E-05 9.97899E-05 9.97899E-05 9.97899E-05 9.97899E-05
9.97894E-05 0.0286594 9.97894E-05 9.97894E-05 9.97894E-05 9.97894E-05 0.191442 9.97894E-05 0.0467234 9.97894E-05 9.97894E-05 9.97894E-05 9.97894E-05 0.439566 9.97894E-05 9.97894E-05 9.97894E-05 9.97894E-05 9.97894E-05 9.97894E-05 9.97894E-05 9.97894E-05 9.97894E-05 9.97894E-05 9.97894E-05 0.291214 9.97894E-05 9.97894E-05 9.97894E-05
9.98246E-05 9.98246E-05 9.98246E-05 9.98246E-05 9.98246E-05 0.0791834 9.98246E-05 9.98246E-05 0.362122 9.98246E-05 9.98246E-05 0.00931481 0.0346952 9.98246E-05 9.98246E-05 9.98246E-05 0.0319759 9.98246E-05 9.98246E-05 9.98246E-05 0.110399 0.124273 0.14017 9.98246E-05 9.98246E-05 9.98246E-05 0.105869 9.98246E-05 9.98246E-05
9.97984E-05 9.97984E-05 9.97984E-05 9.97984E-05 9.97984E-05 9.97984E-05 0.0446527 9.97984E-05 9.97984E-05 9.97984E-05 9.97984E-05 9.97984E-05 0.289561 0.214765 9.97984E-05 0.00742544 9.97984E-05 0.225776 9.97984E-05 9.97984E-05 9.97984E-05 9.97984E-05 0.215525 9.97984E-05 9.97984E-05 9.97984E-05 9.97984E-05 9.97984E-05 9.97984E-05
9.9772E-05 9.9772E-05 9.9772E-05 9.9772E-05 9.9772E-05 9.9772E-05 9.9772E-05 9.9772E-05 0.933392 9.9772E-05 9.9772E-05 9.9772E-05 9.9772E-05 9.9772E-05 9.9772E-05 9.9772E-05 9.9772E-05 9.9772E-05 9.9772E-05 9.9772E-05 9.9772E-05 9.9772E-05 9.9772E-05 9.9772E-05 9.9772E-05 9.9772E-05 9.9772E-05 0.0549255 0.00908868
9.97806E-05 9.97806E-05 9.97806E-05 9.97806E-05 9.97806E-05 9.97806E-05 0.0161842 9.97806E-05 9.97806E-05 9.97806E-05 9.97806E-05 9.97806E-05 9.97806E-05 0.962565 9.97806E-05 9.97806E-05 9.97806E-05 9.97806E-05 9.97806E-05 9.97806E-05 0.00940979 9.97806E-05 0.00934653 9.97806E-05 9.97806E-05 9.97806E-05 9.97806E-05 9.97806E-05 9.97806E-05
9.97546E-05 9.97546E-05 9.97546E-05 9.97546E-05 9.97546E-05 9.97546E-05 9.97546E-05 9.97546E-05 0.997207 9.97546E-05 9.97546E-05 9.97546E-05 9.97546E-05 9.97546E-05 9.97546E-05 9.97546E-05 9.97546E-05 9.97546E-05 9.97546E-05 9.97546E-05 9.97546E-05 9.97546E-05 9.97546E-05 9.97546E-05 9.97546E-05 9.97546E-05 9.97546E-05 9.97546E-05 9.97546E-05
9.98245E-05 0.0387551 9.98245E-05 9.98245E-05 9.98245E-05 0.0423686 0.0908782 9.98245E-05 0.40967 9.98245E-05 9.98245E-05 9.98245E-05 0.0706121 0.192761 0.0281064 9.98245E-05 9.98245E-05 9.98245E-05 9.98245E-05 9.98245E-05 9.98245E-05 0.033336 0.0915167 9.98245E-05 9.98245E-05 9.98245E-05 9.98245E-05 9.98245E-05 9.98245E-05
9.97725E-05 0.0541397 9.97725E-05 9.97725E-05 9.97725E-05 9.97725E-05 9.97725E-05 9.97725E-05 9.97725E-05 9.97725E-05 9.97725E-05 9.97725E-05 9.97725E-05 0.909537 9.97725E-05 9.97725E-05 9.97725E-05 9.97725E-05 9.97725E-05 0.0337294 9.97725E-05 9.97725E-05 9.97725E-05 9.97725E-05 9.97725E-05 9.97725E-05 9.97725E-05 9.97725E-05 9.97725E-05
0.180263 9.9842E-05 9.9842E-05 9.9842E-05 0.044102 0.0295599 0.35668 9.9842E-05 9.9842E-05 0.00551383 9.9842E-05 9.9842E-05 0.019767 9.9842E-05 0.0823333 9.9842E-05 9.9842E-05 0.0415723 9.9842E-05 9.9842E-05 9.9842E-05 0.0215805 0.211829 0.00500212 9.9842E-05 9.9842E-05 9.9842E-05 9.9842E-05 9.9842E-05
9.97895E-05 9.97895E-05 9.97895E-05 0.0965454 9.97895E-05 9.97895E-05 9.97895E-05 9.97895E-05 0.0405006 9.97895E-05 9.97895E-05 9.97895E-05 0.103085 0.748567 9.97895E-05 0.00890738 9.97895E-05 9.97895E-05 9.97895E-05 9.97895E-05 9.97895E-05 9.97895E-05 9.97895E-05 9.97895E-05 9.97895E-05 9.97895E-05 9.97895E-05 9.97895E-05 9.97895E-05
9.97634E-05 9.97634E-05 9.97634E-05 9.97634E-05 9.97634E-05 9.97634E-05 9.97634E-05 9.97634E-05 0.983366 9.97634E-05 9.97634E-05 9.97634E-05 9.97634E-05 9.97634E-05 9.97634E-05 9.97634E-05 9.97634E-05 9.97634E-05 9.97634E-05 9.97634E-05 9.97634E-05 9.97634E-05 9.97634E-05 9.97634E-05 9.97634E-05 9.97634E-05 9.97634E-05 9.97634E-05 0.0139408
9.97632E-05 9.97632E-05 9.97632E-05 9.97632E-05 9.97632E-05 9.97632E-05 9.97632E-05 9.97632E-05 9.97632E-05 9.97632E-05 9.97632E-05 9.97632E-05 9.97632E-05 0.924857 9.97632E-05 9.97632E-05 9.97632E-05 9.97632E-05 9.97632E-05 9.97632E-05 9.97632E-05 9.97632E-05 9.97632E-05 0.072449 9.97632E-05 9.97632E-05 9.97632E-05 9.97632E-05 9.97632E-05
9.97811E-05 9.97811E-05 9.97811E-05 9.97811E-05 9.97811E-05 9.97811E-05 0.19438 9.97811E-05 0.668384 9.97811E-05 9.97811E-05 9.97811E-05 9.97811E-05 9.97811E-05 9.97811E-05 9.97811E-05 9.97811E-05 9.97811E-05 9.97811E-05 9.97811E-05 9.97811E-05 9.97811E-05 0.0384386 9.97811E-05 0.0963028 9.97811E-05 9.97811E-05 9.97811E-05 9.97811E-05
0.105955 0.101373 9.97898E-05 9.97898E-05 9.97898E-05 9.97898E-05 9.97898E-05 9.97898E-05 0.775581 9.97898E-05 9.97898E-05 9.97898E-05 9.97898E-05 9.97898E-05 0.0072625 9.97898E-05 9.97898E-05 9.97898E-05 9.97898E-05 9.97898E-05 9.97898E-05 9.97898E-05 9.97898E-05 9.97898E-05 9.97898E-05 9.97898E-05 9.97898E-05 0.00743359 9.97898E-05
9.97895E-05 0.0316967 9.97895E-05 9.97895E-05 9.97895E-05 9.97895E-05 9.97895E-05 9.97895E-05 0.906624 9.97895E-05 9.97895E-05 9.97895E-05 9.97895E-05 9.97895E-05 9.97895E-05 9.97895E-05 9.97895E-05 9.97895E-05 9.97895E-05 9.97895E-05 0.0232211 9.97895E-05 0.0225663 9.97895E-05 9.97895E-05 9.97895E-05 9.97895E-05 9.97895E-05 0.013497
9.97809E-05 9.97809E-05 9.97809E-05 9.97809E-05 9.97809E-05 9.97809E-05 0.893641 9.97809E-05 9.97809E-05 9.97809E-05 9.97809E-05 9.97809E-05 9.97809E-05 0.00924922 9.97809E-05 9.97809E-05 9.97809E-05 0.0892392 9.97809E-05 9.97809E-05 9.97809E-05 9.97809E-05 0.00537623 9.97809E-05 9.97809E-05 9.97809E-05 9.97809E-05 9.97809E-05 9.97809E-05
9.97895E-05 9.97895E-05 9.97895E-05 9.97895E-05 9.97895E-05 9.97895E-05 0.478339 9.97895E-05 9.97895E-05 9.97895E-05 9.97895E-05 0.0135128 9.97895E-05 0.472208 9.97895E-05 9.97895E-05 9.97895E-05 9.97895E-05 9.97895E-05 0.0181759 9.97895E-05 9.97895E-05 9.97895E-05 9.97895E-05 9.97895E-05 9.97895E-05 9.97895E-05 9.97895E-05 0.0153702
9.98069E-05 9.98069E-05 9.98069E-05 9.98069E-05 9.98069E-05 0.0238783 9.98069E-05 9.98069E-05 9.98069E-05 0.0086401 9.98069E-05 0.0979956 9.98069E-05 9.98069E-05 9.98069E-05 9.98069E-05 9.98069E-05 9.98069E-05 0.0487427 9.98069E-05 0.0711454 0.651654 0.0957477 9.98069E-05 9.98069E-05 9.98069E-05 9.98069E-05 9.98069E-05 9.98069E-05
9.97634E-05 9.97634E-05 9.97634E-05 0.0527273 9.97634E-05 9.97634E-05 9.97634E-05 9.97634E-05 9.97634E-05 9.97634E-05 9.97634E-05 9.97634E-05 9.97634E-05 9.97634E-05 9.97634E-05 9.97634E-05 9.97634E-05 9.97634E-05 9.97634E-05 9.97634E-05 9.97634E-05 0.944579 9.97634E-05 9.97634E-05 9.97634E-05 9.97634E-05 9.97634E-05 9.97634E-05 9.97634E-05
9.97808E-05 9.97808E-05 9.97808E-05 9.97808E-05 9.97808E-05 9.97808E-05 9.97808E-05 9.97808E-05 9.97808E-05 9.97808E-05 9.97808E-05 9.97808E-05 9.97808E-05 9.97808E-05 9.97808E-05 9.97808E-05 9.97808E-05 9.97808E-05 9.97808E-05 0.0273605 9.97808E-05 0.855958 9.97808E-05 9.97808E-05 9.97808E-05 0.0501066 9.97808E-05 9.97808E-05 0.0640809
0.113941 0.100109 9.98159E-05 9.98159E-05 9.98159E-05 9.98159E-05 9.98159E-05 9.98159E-05 9.98159E-05 9.98159E-05 9.98159E-05 9.98159E-05 9.98159E-05 9.98159E-05 9.98159E-05 9.98159E-05 9.98159E-05 9.98159E-05 0.209461 0.0292637 0.13375 0.314976 0.0383105 9.98159E-05 9.98159E-05 0.0580919 9.98159E-05 9.98159E-05 9.98159E-05
9.98243E-05 0.001484 9.98243E-05 9.98243E-05 9.98243E-05 9.98243E-05 9.98243E-05 9.98243E-05 9.98243E-05 9.98243E-05 9.98243E-05 9.98243E-05 0.0050193 9.98243E-05 9.98243E-05 0.0429539 9.98243E-05 9.98243E-05 9.98243E-05 0.0361776 0.0795954 0.755873 0.00376985 9.98243E-05 9.98243E-05 9.98243E-05 9.98243E-05 0.055858 0.0172723
9.97892E-05 9.97892E-05 9.97892E-05 9.97892E-05 9.97892E-05 9.97892E-05 9.97892E-05 9.97892E-05 9.97892E-05 0.0260769 9.97892E-05 9.97892E-05 0.0699855 9.97892E-05 9.97892E-05 9.97892E-05 9.97892E-05 9.97892E-05 9.97892E-05 9.97892E-05 0.0389047 0.68862 0.174018 9.97892E-05 9.97892E-05 9.97892E-05 9.97892E-05 9.97892E-05 9.97892E-05
9.97893E-05 9.97893E-05 9.97893E-05 0.0458801 9.97893E-05 9.97893E-05 9.97893E-05 9.97893E-05 9.97893E-05 9.97893E-05 9.97893E-05 9.97893E-05 9.97893E-05 9.97893E-05 9.97893E-05 9.97893E-05 9.97893E-05 9.97893E-05 0.24105 0.0247263 9.97893E-05 0.594157 0.0917917 9.97893E-05 9.97893E-05 9.97893E-05 9.97893E-05 9.97893E-05 9.97893E-05
0.0816511 9.98067E-05 9.98067E-05 9.98067E-05 9.98067E-05 9.98067E-05 9.98067E-05 9.98067E-05 9.98067E-05 9.98067E-05 9.98067E-05 9.98067E-05 9.98067E-05 9.98067E-05 9.98067E-05 9.98067E-05 9.98067E-05 9.98067E-05 0.0829779 0.02995 0.0768528 0.591001 0.0460497 9.98067E-05 9.98067E-05 9.98067E-05 9.98067E-05 9.98067E-05 0.0893218
9.9772E-05 9.9772E-05 9.9772E-05 9.9772E-05 9.9772E-05 9.9772E-05 9.9772E-05 9.9772E-05 9.9772E-05 9.9772E-05 9.9772E-05 9.9772E-05 9.9772E-05 9.9772E-05 9.9772E-05 9.9772E-05 0.00590343 9.9772E-05 9.9772E-05 9.9772E-05 9.9772E-05 0.974364 9.9772E-05 9.9772E-05 9.9772E-05 9.9772E-05 0.0171386 9.9772E-05 9.9772E-05
9.97894E-05 9.97894E-05 9.97894E-05 0.0626015 9.97894E-05 0.0537301 9.97894E-05 9.97894E-05 9.97894E-05 0.0367071 9.97894E-05 9.97894E-05 9.97894E-05 9.97894E-05 9.97894E-05 9.97894E-05 9.97894E-05 9.97894E-05 9.97894E-05 9.97894E-05 0.0363952 0.808171 9.97894E-05 9.97894E-05 9.97894E-05 9.97894E-05 9.97894E-05 9.97894E-05 9.97894E-05
9.97892E-05 9.97892E-05 9.97892E-05 9.97892E-05 0.0131746 0.183148 9.97892E-05 9.97892E-05 9.97892E-05 9.97892E-05 9.97892E-05 9.97892E-05 9.97892E-05 9.97892E-05 9.97892E-05 9.97892E-05 9.97892E-05 9.97892E-05 9.97892E-05 9.97892E-05 0.0413896 0.501591 0.258302 9.97892E-05 9.97892E-05 9.97892E-05 9.97892E-05 9.97892E-05 9.97892E-05
9.98331E-05 9.98331E-05 9.98331E-05 9.98331E-05 9.98331E-05 0.0538652 9.98331E-05 9.98331E-05 9.98331E-05 0.111152 9.98331E-05 9.98331E-05 0.0881673 9.98331E-05 9.98331E-05 0.0435936 9.98331E-05 9.98331E-05 0.0500881 0.0408451 9.98331E-05 0.469308 0.0482275 0.0345045 0.0583513 9.98331E-05 9.98331E-05 9.98331E-05 9.98331E-05
0.0157296 9.98068E-05 9.98068E-05 9.98068E-05 9.98068E-05 0.080332 9.98068E-05 9.98068E-05 9.98068E-05 0.0629851 9.98068E-05 9.98068E-05 9.98068E-05 9.98068E-05 0.0909589 9.98068E-05 9.98068E-05 9.98068E-05 9.98068E-05 9.98068E-05 0.102692 0.547511 9.98068E-05 0.0975962 9.98068E-05 9.98068E-05 9.98068E-05 9.98068E-05 9.98068E-05
9.97806E-05 9.97806E-05 9.97806E-05 9.97806E-05 9.97806E-05 9.97806E-05 9.97806E-05 9.97806E-05 9.97806E-05 9.97806E-05 9.97806E-05 9.97806E-05 0.110379 9.97806E-05 0.0960174 9.97806E-05 9.97806E-05 9.97806E-05 9.97806E-05 9.97806E-05 9.97806E-05 0.492607 0.298503 9.97806E-05 9.97806E-05 9.97806E-05 9.97806E-05 9.97806E-05 9.97806E-05
9.97813E-05 9.97813E-05 9.97813E-05 9.97813E-05 9.97813E-05 0.00134502 9.97813E-05 9.97813E-05 9.97813E-05 9.97813E-05 9.97813E-05 9.97813E-05 9.97813E-05 9.97813E-05 9.97813E-05 0.0799493 9.97813E-05 9.97813E-05 9.97813E-05 9.97813E-05 9.97813E-05 0.877197 9.97813E-05 0.0390139 9.97813E-05 9.97813E-05 9.97813E-05 9.97813E-05 9.97813E-05
9.97721E-05 9.97721E-05 9.97721E-05 0.0265627 9.97721E-05 9.97721E-05 9.97721E-05 9.97721E-05 9.97721E-05 9.97721E-05 9.97721E-05 9.97721E-05 9.97721E-05 9.97721E-05 9.97721E-05 9.97721E-05 9.97721E-05 9.97721E-05 9.97721E-05 9.97721E-05 0.0261603 0.944683 9.97721E-05 9.97721E-05 9.97721E-05 9.97721E-05 9.97721E-05 9.97721E-05 9.97721E-05
0.186478 0.122838 9.9798E-05 9.9798E-05 9.9798E-05 9.9798E-05 9.9798E-05 9.9798E-05 9.9798E-05 9.9798E-05 9.9798E-05 0.24231 9.9798E-05 9.9798E-05 9.9798E-05 9.9798E-05 9.9798E-05 9.9798E-05 9.9798E-05 9.9798E-05 9.9798E-05 0.428956 0.0125145 9.9798E-05 9.9798E-05 9.9798E-05 9.9798E-05 9.9798E-05 0.00460742
9.98156E-05 0.0778809 9.98156E-05 0.0776102 0.0227307 0.0967863 9.98156E-05 9.98156E-05 9.98156E-05 0.0623782 9.98156E-05 9.98156E-05 0.180138 9.98156E-05 9.98156E-05 9.98156E-05 9.98156E-05 9.98156E-05 9.98156E-05 9.98156E-05 0.00772985 0.472649 9.98156E-05 9.98156E-05 9.98156E-05 9.98156E-05 9.98156E-05 9.98156E-05 9.98156E-05
9.97806E-05 9.97806E-05 9.97806E-05 9.97806E-05 9.97806E-05 0.0755485 9.97806E-05 9.97806E-05 9.97806E-05 9.97806E-05 9.97806E-05 9.97806E-05 9.97806E-05 9.97806E-05 9.97806E-05 9.97806E-05 9.97806E-05 9.97806E-05 9.97806E-05 9.97806E-05 9.97806E-05 0.837967 0.0268483 9.97806E-05 9.97806E-05 9.97806E-05 9.97806E-05 9.97806E-05 0.0571421
9.97891E-05 9.97891E-05 9.97891E-05 9.97891E-05 9.97891E-05 0.00576439 9.97891E-05 9.97891E-05 9.97891E-05 0.0127089 9.97891E-05 9.97891E-05 9.97891E-05 9.97891E-05 9.97891E-05 9.97891E-05 9.97891E-05 9.97891E-05 9.97891E-05 9.97891E-05 9.97891E-05 0.669248 0.223388 0.0864953 9.97891E-05 9.97891E-05 9.97891E-05 9.97891E-05 9.97891E-05
9.97725E-05 9.97725E-05 9.97725E-05 9.97725E-05 9.97725E-05 9.97725E-05 9.97725E-05 0.0132544 9.97725E-05 9.97725E-05 9.97725E-05 9.97725E-05 9.97725E-05 9.97725E-05 9.97725E-05 0.0159157 9.97725E-05 9.97725E-05 9.97725E-05 9.97725E-05 9.97725E-05 0.968236 9.97725E-05 9.97725E-05 9.97725E-05 9.97725E-05 9.97725E-05 9.97725E-05 9.97725E-05
9.97981E-05 0.0516108 9.97981E-05 0.015299 9.97981E-05 9.97981E-05 9.97981E-05 9.97981E-05 9.97981E-05 9.97981E-05 9.97981E-05 9.97981E-05 0.207552 9.97981E-05 9.97981E-05 9.97981E-05 9.97981E-05 9.97981E-05 9.97981E-05 9.97981E-05 9.97981E-05 0.561482 0.0364053 9.97981E-05 0.125355 9.97981E-05 9.97981E-05 9.97981E-05 9.97981E-05
0.224389 9.98159E-05 9.98159E-05 9.98159E-05 9.98159E-05 9.98159E-05 9.98159E-05 9.98159E-05 9.98159E-05 9.98159E-05 9.98159E-05 9.98159E-05 0.017634 9.98159E-05 9.98159E-05 9.98159E-05 9.98159E-05 9.98159E-05 0.0431392 9.98159E-05 9.98159E-05 0.627186 0.0377236 9.98159E-05 0.0291715 9.98159E-05 9.98159E-05 0.0082179 0.0104427
9.98158E-05 0.094045 9.98158E-05 9.98158E-05 0.11454 9.98158E-05 9.98158E-05 9.98158E-05 9.98158E-05 9.98158E-05 9.98158E-05 0.0177377 9.98158E-05 9.98158E-05 0.00801179 9.98158E-05 9.98158E-05 0.00740712 9.98158E-05 9.98158E-05 0.0750672 0.625518 9.98158E-05 9.98158E-05 9.98158E-05 9.98158E-05 9.98158E-05 9.98158E-05 0.0555774
9.97716E-05 9.97716E-05 9.97716E-05 9.97716E-05 9.97716E-05 0.0759377 9.97716E-05 9.97716E-05 9.97716E-05 0.109753 9.97716E-05 9.97716E-05 9.97716E-05 9.97716E-05 9.97716E-05 9.97716E-05 9.97716E-05 9.97716E-05 9.97716E-05 9.97716E-05 9.97716E-05 0.811715 9.97716E-05 9.97716E-05 9.97716E-05 9.97716E-05 9.97716E-05 9.97716E-05 9.97716E-05
0.0010413 9.98161E-05 9.98161E-05 9.98161E-05 9.98161E-05 9.98161E-05 9.98161E-05 9.98161E-05 9.98161E-05 9.98161E-05 9.98161E-05 9.98161E-05 9.98161E-05 9.98161E-05 0.000673829 0.0132175 0.00763408 9.98161E-05 0.0306068 9.98161E-05 0.082569 0.845926 0.0162351 9.98161E-05 9.98161E-05 9.98161E-05 9.98161E-05 9.98161E-05 9.98161E-05
9.97548E-05 9.97548E-05 9.97548E-05 9.97548E-05 9.97548E-05 9.97548E-05 9.97548E-05 9.97548E-05 9.97548E-05 9.97548E-05 9.97548E-05 9.97548E-05 9.97548E-05 9.97548E-05 9.97548E-05 9.97548E-05 9.97548E-05 9.97548E-05 9.97548E-05 9.97548E-05 9.97548E-05 0.997207 9.97548E-05 9.97548E-05 9.97548E-05 9.97548E-05 9.97548E-05 9.97548E-05 9.97548E-05
9.97546E-05 9.97546E-05 9.97546E-05 9.97546E-05 9.97546E-05 9.97546E-05 9.97546E-05 9.97546E-05 9.97546E-05 9.97546E-05 9.97546E-05 9.97546E-05 9.97546E-05 9.97546E-05 9.97546E-05 9.97546E-05 9.97546E-05 9.97546E-05 9.97546E-05 9.97546E-05 9.97546E-05 0.997207 9.97546E-05 9.97546E-05 9.97546E-05 9.97546E-05 9.97546E-05 9.97546E-05 9.97546E-05
9.97896E-05 9.97896E-05 9.97896E-05 0.0162007 9.97896E-05 9.97896E-05 9.97896E-05 9.97896E-05 0.000508171 0.00933574 9.97896E-05 9.97896E-05 9.97896E-05 9.97896E-05 9.97896E-05 9.97896E-05 9.97896E-05 9.97896E-05 9.97896E-05 9.97896E-05 9.97896E-05 0.895487 9.97896E-05 9.97896E-05 9.97896E-05 9.97896E-05 9.97896E-05 9.97896E-05 0.0760739
9.97806E-05 9.97806E-05 9.97806E-05 9.97806E-05 9.97806E-05 9.97806E-05 9.97806E-05 9.97806E-05 9.97806E-05 9.97806E-05 9.97806E-05 9.97806E-05 9.97806E-05 9.97806E-05 9.97806E-05 9.97806E-05 9.97806E-05 9.97806E-05 9.97806E-05 9.97806E-05 0.00676569 0.274429 0.114639 9.97806E-05 9.97806E-05 0.601672 9.97806E-05 9.97806E-05 9.97806E-05
0.796085 9.97809E-05 9.97809E-05 9.97809E-05 9.97809E-05 9.97809E-05 9.97809E-05 0.0117943 9.97809E-05 9.97809E-05 9.97809E-05 9.97809E-05 9.97809E-05 9.97809E-05 9.97809E-05 9.97809E-05 9.97809E-05 9.97809E-05 9.97809E-05 9.97809E-05 0.00750812 9.97809E-05 0.182118 9.97809E-05 9.97809E-05 9.97809E-05 9.97809E-05 9.97809E-05 9.97809E-05
0.0338331 9.97719E-05 9.97719E-05 9.97719E-05 9.97719E-05 9.97719E-05 9.97719E-05 9.97719E-05 9.97719E-05 9.97719E-05 9.97719E-05 9.97719E-05 9.97719E-05 9.97719E-05 9.97719E-05 9.97719E-05 0.705092 9.97719E-05 9.97719E-05 9.97719E-05 9.97719E-05 9.97719E-05 9.97719E-05 9.97719E-05 9.97719E-05 0.258481 9.97719E-05 9.97719E-05 9.97719E-05
0.695678 9.98244E-05 9.98244E-05 9.98244E-05 0.0148541 9.98244E-05 9.98244E-05 9.98244E-05 9.98244E-05 0.0357234 9.98244E-05 9.98244E-05 0.0684067 9.98244E-05 0.0620902 9.98244E-05 0.0662686 9.98244E-05 9.98244E-05 9.98244E-05 9.98244E-05 9.98244E-05 0.0364282 0.0110569 9.98244E-05 9.98244E-05 9.98244E-05 9.98244E-05 0.00749702
0.751221 9.97805E-05 9.97805E-05 9.97805E-05 9.97805E-05 9.97805E-05 9.97805E-05 9.97805E-05 9.97805E-05 9.97805E-05 9.97805E-05 9.97805E-05 9.97805E-05 9.97805E-05 9.97805E-05 9.97805E-05 9.97805E-05 9.97805E-05 9.97805E-05 9.97805E-05 0.0517403 9.97805E-05 0.132544 9.97805E-05 9.97805E-05 9.97805E-05 9.97805E-05 9.97805E-05 0.0620003
0.84079 9.97894E-05 9.97894E-05 0.0364641 9.97894E-05 9.97894E-05 9.97894E-05 9.97894E-05 9.97894E-05 9.97894E-05 9.97894E-05 9.97894E-05 9.97894E-05 9.97894E-05 9.97894E-05 0.0101516 9.97894E-05 9.97894E-05 9.97894E-05 9.97894E-05 0.105311 9.97894E-05 0.00488825 9.97894E-05 9.97894E-05 9.97894E-05 9.97894E-05 9.97894E-05 9.97894E-05
0.444782 9.97983E-05 9.97983E-05 0.0505331 9.97983E-05 9.97983E-05 9.97983E-05 0.135902 9.97983E-05 9.97983E-05 9.97983E-05 9.97983E-05 9.97983E-05 9.97983E-05 9.97983E-05 9.97983E-05 9.97983E-05 0.0406805 9.97983E-05 9.97983E-05 0.204248 9.97983E-05 0.12156 9.97983E-05 9.97983E-05 9.97983E-05 9.97983E-05 9.97983E-05 9.97983E-05
0.365397 9.98068E-05 9.98068E-05 9.98068E-05 9.98068E-05 9.98068E-05 9.98068E-05 9.98068E-05 9.98068E-05 0.103356 9.98068E-05 9.98068E-05 0.058653 9.98068E-05 9.98068E-05 9.98068E-05 0.305113 9.98068E-05 9.98068E-05 9.98068E-05 0.12633 9.98068E-05 0.0373426 9.98068E-05 9.98068E-05 9.98068E-05 9.98068E-05 9.98068E-05 0.00161278
0.785514 9.97972E-05 9.97972E-05 9.97972E-05 9.97972E-05 9.97972E-05 9.97972E-05 9.97972E-05 9.97972E-05 9.97972E-05 9.97972E-05 9.97972E-05 9.97972E-05 9.97972E-05 9.97972E-05 9.97972E-05 0.000736741 9.97972E-05 9.97972E-05 9.97972E-05 0.17961 9.97972E-05 0.0289203 9.97972E-05 9.97972E-05 9.97972E-05 9.97972E-05 0.00282432 9.97972E-05
0.400401 9.97895E-05 9.97895E-05 9.97895E-05 9.97895E-05 9.97895E-05 9.97895E-05 9.97895E-05 9.97895E-05 0.0277521 9.97895E-05 9.97895E-05 9.97895E-05 9.97895E-05 9.97895E-05 9.97895E-05 9.97895E-05 9.97895E-05 0.196138 9.97895E-05 0.316153 9.97895E-05 0.0571602 9.97895E-05 9.97895E-05 9.97895E-05 9.97895E-05 9.97895E-05 9.97895E-05
0.422051 9.98071E-05 9.98071E-05 9.98071E-05 9.98071E-05 9.98071E-05 9.98071E-05 9.98071E-05 9.98071E-05 0.0899338 9.98071E-05 9.98071E-05 9.98071E-05 9.98071E-05 9.98071E-05 9.98071E-05 0.017594 0.0807569 9.98071E-05 9.98071E-05 0.117838 9.98071E-05 0.258806 9.98071E-05 9.98071E-05 9.98071E-05 9.98071E-05 9.98071E-05 0.0108251
0.355929 9.97808E-05 9.97808E-05 9.97808E-05 9.97808E-05 9.97808E-05 9.97808E-05 9.97808E-05 9.97808E-05 9.97808E-05 0.451334 9.97808E-05 9.97808E-05 9.97808E-05 9.97808E-05 9.97808E-05 9.97808E-05 9.97808E-05 0.181137 9.97808E-05 0.00910524 9.97808E-05 9.97808E-05 9.97808E-05 9.97808E-05 9.97808E-05 9.97808E-05 9.97808E-05 9.97808E-05
0.536126 9.97807E-05 9.97807E-05 9.97807E-05 9.97807E-05 9.97807E-05 9.97807E-05 0.323634 9.97807E-05 9.97807E-05 9.97807E-05 9.97807E-05 9.97807E-05 9.97807E-05 9.97807E-05 9.97807E-05 9.97807E-05 9.97807E-05 0.113301 9.97807E-05 9.97807E-05 9.97807E-05 0.024444 9.97807E-05 9.97807E-05 9.97807E-05 9.97807E-05 9.97807E-05 9.97807E-05
0.385232 9.97809E-05 9.97809E-05 9.97809E-05 9.97809E-05 9.97809E-05 9.97809E-05 9.97809E-05 9.97809E-05 9.97809E-05 9.97809E-05 9.97809E-05 9.97809E-05 9.97809E-05 9.97809E-05 9.97809E-05 0.500895 9.97809E-05 9.97809E-05 9.97809E-05 0.0802063 9.97809E-05 9.97809E-05 9.97809E-05 9.97809E-05 9.97809E-05 9.97809E-05 9.97809E-05 0.0311721
0.383151 9.97985E-05 9.97985E-05 9.97985E-05 9.97985E-05 9.97985E-05 9.97985E-05 0.233896 9.97985E-05 9.97985E-05 0.0109999 9.97985E-05 9.97985E-05 9.97985E-05 9.97985E-05 9.97985E-05 0.0110869 9.97985E-05 9.97985E-05 9.97985E-05 0.119099 9.97985E-05 0.239471 9.97985E-05 9.97985E-05 9.97985E-05 9.97985E-05 9.97985E-05 9.97985E-05
0.534813 9.98158E-05 9.98158E-05 9.98158E-05 0.0700415 9.98158E-05 9.98158E-05 0.132305 9.98158E-05 9.98158E-05 9.98158E-05 9.98158E-05 9.98158E-05 9.98158E-05 9.98158E-05 9.98158E-05 0.0648637 0.0250092 9.98158E-05 9.98158E-05 0.050513 9.98158E-05 9.98158E-05 9.98158E-05 9.98158E-05 0.0336861 9.98158E-05 9.98158E-05 0.0866716
0.687553 9.97984E-05 9.97984E-05 9.97984E-05 9.97984E-05 9.97984E-05 9.97984E-05 9.97984E-05 9.97984E-05 9.97984E-05 9.97984E-05 9.97984E-05 9.97984E-05 9.97984E-05 9.97984E-05 0.00240362 9.97984E-05 0.0619661 0.0862056 9.97984E-05 9.97984E-05 9.97984E-05 0.126251 9.97984E-05 9.97984E-05 0.0333252 9.97984E-05 9.97984E-05 9.97984E-05
0.394524 9.98157E-05 9.98157E-05 0.0101579 9.98157E-05 9.98157E-05 9.98157E-05 0.122264 9.98157E-05 9.98157E-05 9.98157E-05 9.98157E-05 9.98157E-05 9.98157E-05 9.98157E-05 9.98157E-05 0.0327693 9.98157E-05 0.192106 9.98157E-05 0.107446 9.98157E-05 0.0375072 9.98157E-05 9.98157E-05 9.98157E-05 9.98157E-05 0.101129 9.98157E-05
0.629136 9.97899E-05 9.97899E-05 9.97899E-05 9.97899E-05 9.97899E-05 9.97899E-05 9.97899E-05 9.97899E-05 9.97899E-05 0.0723768 9.97899E-05 9.97899E-05 0.0075493 9.97899E-05 9.97899E-05 9.97899E-05 0.150041 9.97899E-05 9.97899E-05 0.138502 9.97899E-05 9.97899E-05 9.97899E-05 9.97899E-05 9.97899E-05 9.97899E-05 9.97899E-05 9.97899E-05
0.760544 9.97809E-05 9.97809E-05 0.0654022 9.97809E-05 0.0231515 9.97809E-05 9.97809E-05 9.97809E-05 9.97809E-05 0.148408 9.97809E-05 9.97809E-05 9.97809E-05 9.97809E-05 9.97809E-05 9.97809E-05 9.97809E-05 9.97809E-05 9.97809E-05 9.97809E-05 9.97809E-05 9.97809E-05 9.97809E-05 9.97809E-05 9.97809E-05 9.97809E-05 9.97809E-05 9.97809E-05
0.252081 9.98159E-05 9.98159E-05 9.98159E-05 9.98159E-05 0.0141194 9.98159E-05 0.396672 9.98159E-05 9.98159E-05 9.98159E-05 9.98159E-05 9.98159E-05 9.98159E-05 9.98159E-05 9.98159E-05 9.98159E-05 9.98159E-05 9.98159E-05 9.98159E-05 0.0988013 0.0304947 0.110451 0.0579166 0.0373686 9.98159E-05 9.98159E-05 9.98159E-05 9.98159E-05
0.558374 9.9807E-05 9.9807E-05 9.9807E-05 0.0245711 9.9807E-05 9.9807E-05 9.9807E-05 9.9807E-05 9.9807E-05 0.15536 9.9807E-05 9.9807E-05 9.9807E-05 9.9807E-05 9.9807E-05 9.9807E-05 0.0643148 0.0508037 9.9807E-05 0.0481955 9.9807E-05 0.0961857 9.9807E-05 9.9807E-05 9.9807E-05 9.9807E-05 9.9807E-05 9.9807E-05
0.711347 9.97894E-05 9.97894E-05 9.97894E-05 9.97894E-05 0.0190317 9.97894E-05 9.97894E-05 9.97894E-05 9.97894E-05 0.144361 9.97894E-05 9.97894E-05 9.97894E-05 9.97894E-05 9.97894E-05 9.97894E-05 9.97894E-05 9.97894E-05 9.97894E-05 9.97894E-05 9.97894E-05 0.119946 9.97894E-05 9.97894E-05 9.97894E-05 9.97894E-05 9.97894E-05 0.00292025
0.504839 0.00404403 9.97983E-05 9.97983E-05 9.97983E-05 9.97983E-05 9.97983E-05 9.97983E-05 9.97983E-05 9.97983E-05 9.97983E-05 9.97983E-05 9.97983E-05 9.97983E-05 9.97983E-05 9.97983E-05 9.97983E-05 9.97983E-05 0.0100663 9.97983E-05 0.271402 9.97983E-05 0.185413 9.97983E-05 9.97983E-05 9.97983E-05 9.97983E-05 0.0219401 9.97983E-05
0.375766 9.97895E-05 9.97895E-05 9.97895E-05 9.97895E-05 9.97895E-05 9.97895E-05 9.97895E-05 9.97895E-05 9.97895E-05 0.0929658 9.97895E-05 9.97895E-05 9.97895E-05 9.97895E-05 0.0752957 0.261848 9.97895E-05 9.97895E-05 9.97895E-05 0.191729 9.97895E-05 9.97895E-05 9.97895E-05 9.97895E-05 9.97895E-05 9.97895E-05 9.97895E-05 9.97895E-05
0.354387 9.97895E-05 0.0532622 9.97895E-05 9.97895E-05 9.97895E-05 9.97895E-05 9.97895E-05 9.97895E-05 9.97895E-05 9.97895E-05 9.97895E-05 9.97895E-05 9.97895E-05 9.97895E-05 9.97895E-05 9.97895E-05 9.97895E-05 9.97895E-05 9.97895E-05 0.216181 9.97895E-05 0.326531 9.97895E-05 9.97895E-05 9.97895E-05 9.97895E-05 0.0472433 9.97895E-05
9.97982E-05 9.97982E-05 9.97982E-05 9.97982E-05 9.97982E-05 9.97982E-05 9.97982E-05 9.97982E-05 9.97982E-05 9.97982E-05 9.97982E-05 0.0394957 9.97982E-05 9.97982E-05 0.0138458 9.97982E-05 0.763853 9.97982E-05 0.038827 9.97982E-05 0.0791669 9.97982E-05 0.0625167 9.97982E-05 9.97982E-05 9.97982E-05 9.97982E-05 9.97982E-05 9.97982E-05
9.97807E-05 9.97807E-05 9.97807E-05 9.97807E-05 9.97807E-05 9.97807E-05 9.97807E-05 0.85697 9.97807E-05 9.97807E-05 9.97807E-05 0.00208226 9.97807E-05 9.97807E-05 9.97807E-05 0.0481477 9.97807E-05 9.97807E-05 9.97807E-05 9.97807E-05 9.97807E-05 9.97807E-05 9.97807E-05 9.97807E-05 9.97807E-05 9.97807E-05 0.0903054 9.97807E-05 9.97807E-05
0.88255 9.97804E-05 9.97804E-05 0.0121684 9.97804E-05 9.97804E-05 9.97804E-05 9.97804E-05 9.97804E-05 9.97804E-05 9.97804E-05 9.97804E-05 9.97804E-05 9.97804E-05 9.97804E-05 9.97804E-05 9.97804E-05 9.97804E-05 9.97804E-05 9.97804E-05 0.0492553 9.97804E-05 0.0535315 9.97804E-05 9.97804E-05 9.97804E-05 9.97804E-05 9.97804E-05 9.97804E-05
0.499905 9.97895E-05 9.97895E-05 9.97895E-05 9.97895E-05 9.97895E-05 9.97895E-05 9.97895E-05 9.97895E-05 9.97895E-05 9.97895E-05 9.97895E-05 9.97895E-05 9.97895E-05 9.97895E-05 9.97895E-05 0.14901 9.97895E-05 0.0491912 9.97895E-05 0.194548 9.97895E-05 0.104951 9.97895E-05 9.97895E-05 9.97895E-05 9.97895E-05 9.97895E-05 9.97895E-05
0.723949 9.97898E-05 9.97898E-05 9.97898E-05 9.97898E-05 0.0110286 9.97898E-05 0.0723646 9.97898E-05 9.97898E-05 9.97898E-05 9.97898E-05 9.97898E-05 9.97898E-05 9.97898E-05 0.17326 9.97898E-05 9.97898E-05 9.97898E-05 9.97898E-05 9.97898E-05 9.97898E-05 0.017003 9.97898E-05 9.97898E-05 9.97898E-05 9.97898E-05 9.97898E-05 9.97898E-05
0.268374 9.97894E-05 9.97894E-05 9.97894E-05 9.97894E-05 0.0276687 9.97894E-05 9.97894E-05 9.97894E-05 9.97894E-05 9.97894E-05 9.97894E-05 9.97894E-05 9.97894E-05 9.97894E-05 9.97894E-05 0.506987 9.97894E-05 9.97894E-05 9.97894E-05 9.97894E-05 9.97894E-05 0.137005 0.0575702 9.97894E-05 9.97894E-05 9.97894E-05 9.97894E-05 9.97894E-05
