0.151614 0.0192266 0.142677 0.112268 0.077936 9.99385E-05 9.99385E-05 9.99385E-05 9.99385E-05 9.99385E-05 9.99385E-05 9.99385E-05 0.495578
0.152357 9.99297E-05 0.0298179 0.0193576 9.99297E-05 9.99297E-05 9.99297E-05 9.99297E-05 9.99297E-05 0.018387 9.99297E-05 9.99297E-05 0.779282
9.9921E-05 9.9921E-05 0.0723729 9.9921E-05 9.9921E-05 0.0300787 9.9921E-05 9.9921E-05 9.9921E-05 0.0262791 9.9921E-05 9.9921E-05 0.87037
9.996E-05 0.311431 0.0397432 0.163063 9.996E-05 0.100484 9.996E-05 9.996E-05 0.010267 0.0331247 0.0769811 0.00739823 0.257107
0.0027826 9.9921E-05 9.9921E-05 9.9921E-05 9.9921E-05 0.127546 9.9921E-05 9.9921E-05 0.105046 9.9921E-05 9.9921E-05 9.9921E-05 0.763727
0.135696 0.0280684 9.99649E-05 0.0314852 9.99649E-05 0.155315 0.16469 9.99649E-05 0.0604751 9.99649E-05 0.108441 0.0110682 0.304362
0.196313 0.230294 0.050016 0.129939 0.0668656 9.99474E-05 0.0262989 9.99474E-05 9.99474E-05 9.99474E-05 9.99474E-05 9.99474E-05 0.299674
0.00788536 0.154443 9.99649E-05 0.033184 9.99649E-05 0.11076 0.123774 9.99649E-05 0.134255 9.99649E-05 0.183711 0.0311397 0.220448
9.99385E-05 9.99385E-05 0.304442 9.99385E-05 0.0735697 0.0829812 9.99385E-05 9.99385E-05 9.99385E-05 0.0657416 0.264575 9.99385E-05 0.20799
9.9921E-05 0.0806014 0.0261202 9.9921E-05 9.9921E-05 9.9921E-05 9.9921E-05 9.9921E-05 9.9921E-05 9.9921E-05 9.9921E-05 0.0335374 0.858842
9.9921E-05 9.9921E-05 0.246438 0.184697 9.9921E-05 9.9921E-05 9.9921E-05 9.9921E-05 9.9921E-05 9.9921E-05 0.0468313 9.9921E-05 0.521134
9.99385E-05 9.99385E-05 0.058737 0.00609889 9.99385E-05 9.99385E-05 0.148296 9.99385E-05 0.0198848 0.00448773 9.99385E-05 9.99385E-05 0.761796
9.99298E-05 0.0795708 0.126223 9.99298E-05 9.99298E-05 0.0178699 9.99298E-05 9.99298E-05 9.99298E-05 9.99298E-05 0.00268654 9.99298E-05 0.77285
9.99474E-05 9.99474E-05 0.0345092 0.115662 0.019588 0.0238254 0.183233 0.104281 9.99474E-05 9.99474E-05 9.99474E-05 9.99474E-05 0.518301
9.99386E-05 0.0931449 0.117385 9.99386E-05 9.99386E-05 0.178515 9.99386E-05 9.99386E-05 9.99386E-05 0.103259 0.134305 9.99386E-05 0.372691
0.0168116 0.192496 0.169569 0.021124 9.99561E-05 0.0786443 0.104264 9.99561E-05 9.99561E-05 9.99561E-05 0.117306 9.99561E-05 0.299286
0.0763266 0.0860114 0.103451 0.0789359 9.99473E-05 9.99473E-05 0.014328 0.136873 9.99473E-05 9.99473E-05 9.99473E-05 9.99473E-05 0.503475
9.99473E-05 9.99473E-05 0.234184 9.99473E-05 0.0038025 0.0522627 9.99473E-05 9.99473E-05 9.99473E-05 0.10427 0.0860288 0.195977 0.322877
9.99473E-05 0.121908 0.26397 0.0770588 0.00245453 9.99473E-05 9.99473E-05 9.99473E-05 9.99473E-05 0.0202874 0.134737 9.99473E-05 0.378985
9.99122E-05 9.99122E-05 0.0188199 9.99122E-05 9.99122E-05 9.99122E-05 9.99122E-05 9.99122E-05 9.99122E-05 0.0362974 9.99122E-05 9.99122E-05 0.943884
9.99561E-05 0.0243639 0.0155555 0.0569271 0.00395384 9.99561E-05 9.99561E-05 9.99561E-05 0.220848 0.0693741 0.112204 9.99561E-05 0.496273
0.0277193 0.230358 0.0230438 9.99474E-05 9.99474E-05 0.194347 9.99474E-05 9.99474E-05 0.0163334 9.99474E-05 0.21549 9.99474E-05 0.292109
0.0774921 9.99298E-05 0.148133 0.0703885 9.99298E-05 0.0725961 9.99298E-05 9.99298E-05 9.99298E-05 9.99298E-05 9.99298E-05 9.99298E-05 0.63059
9.99386E-05 0.0276816 0.336184 9.99386E-05 0.0959385 0.143569 0.0205324 9.99386E-05 9.99386E-05 9.99386E-05 9.99386E-05 9.99386E-05 0.375395
9.99385E-05 0.0867041 0.326561 9.99385E-05 0.153042 0.164465 9.99385E-05 9.99385E-05 9.99385E-05 9.99385E-05 0.0611489 9.99385E-05 0.20738
9.99297E-05 0.0686582 0.111996 9.99297E-05 9.99297E-05 0.0681751 9.99297E-05 9.99297E-05 0.0558064 9.99297E-05 9.99297E-05 9.99297E-05 0.694564
0.0026552 0.0156722 0.14341 9.99473E-05 9.99473E-05 0.401454 0.0951321 9.99473E-05 9.99473E-05 9.99473E-05 9.99473E-05 0.202776 0.138302
9.9921E-05 0.146432 0.0795225 9.9921E-05 9.9921E-05 0.0105659 9.9921E-05 9.9921E-05 9.9921E-05 9.9921E-05 9.9921E-05 9.9921E-05 0.762581
9.9921E-05 9.9921E-05 0.217265 0.037558 9.9921E-05 0.0968645 9.9921E-05 9.9921E-05 9.9921E-05 9.9921E-05 9.9921E-05 9.9921E-05 0.647413
9.99473E-05 9.99473E-05 0.00650846 0.0534802 0.0694489 0.125032 9.99473E-05 0.0353471 9.99473E-05 9.99473E-05 0.0139474 9.99473E-05 0.695636
9.99385E-05 0.0986691 0.047365 0.140836 9.99385E-05 9.99385E-05 9.99385E-05 9.99385E-05 9.99385E-05 9.99385E-05 0.0555707 0.0065095 0.65035
9.99299E-05 0.108162 0.0632803 0.134856 9.99299E-05 0.184626 9.99299E-05 9.99299E-05 9.99299E-05 9.99299E-05 9.99299E-05 9.99299E-05 0.508276
9.99297E-05 9.99297E-05 0.196911 0.115553 9.99297E-05 0.0962803 0.0597242 9.99297E-05 9.99297E-05 9.99297E-05 9.99297E-05 9.99297E-05 0.530732
9.99473E-05 0.0481962 0.156815 0.0265328 9.99473E-05 0.202142 0.0212184 9.99473E-05 9.99473E-05 9.99473E-05 9.99473E-05 0.0377926 0.506703
0.00750872 9.99386E-05 0.0620979 0.0513423 9.99386E-05 9.99386E-05 9.99386E-05 9.99386E-05 9.99386E-05 0.066744 0.0395838 9.99386E-05 0.772024
0.0607623 0.126804 0.0657763 0.0154809 0.0416628 9.994E-05 9.994E-05 9.994E-05 9.994E-05 9.994E-05 0.0457163 9.994E-05 0.643198
0.0195972 0.030051 9.99298E-05 0.0127792 9.99298E-05 9.99298E-05 0.0679892 9.99298E-05 9.99298E-05 9.99298E-05 9.99298E-05 9.99298E-05 0.868784
9.9921E-05 9.9921E-05 0.136298 9.9921E-05 9.9921E-05 9.9921E-05 9.9921E-05 9.9921E-05 9.9921E-05 0.10041 0.171177 9.9921E-05 0.591215
9.99474E-05 9.99474E-05 0.246181 0.0886213 9.99474E-05 0.0457078 9.99474E-05 0.0587291 0.0474784 9.99474E-05 0.0251458 9.99474E-05 0.487536
9.9921E-05 9.9921E-05 0.241124 9.9921E-05 9.9921E-05 0.136376 0.127653 9.9921E-05 9.9921E-05 9.9921E-05 9.9921E-05 9.9921E-05 0.493947
9.99298E-05 0.0762807 0.14043 0.0462311 9.99298E-05 9.99298E-05 9.99298E-05 9.99298E-05 9.99298E-05 9.99298E-05 0.0075116 9.99298E-05 0.728747
0.0606517 9.99386E-05 0.130159 9.99386E-05 0.0641841 9.99386E-05 9.99386E-05 9.99386E-05 0.0229006 9.99386E-05 0.0689295 9.99386E-05 0.652475
0.109192 0.0016044 9.99297E-05 9.99297E-05 9.99297E-05 9.99297E-05 9.99297E-05 0.0405537 0.0689637 9.99297E-05 9.99297E-05 9.99297E-05 0.778887
0.0653498 9.99473E-05 0.233455 0.0553534 9.99473E-05 0.0453134 9.99473E-05 9.99473E-05 9.99473E-05 9.99473E-05 0.114464 0.0448064 0.440659
9.99298E-05 0.237917 0.22913 9.99298E-05 9.99298E-05 9.99298E-05 9.99298E-05 9.99298E-05 0.202707 9.99298E-05 0.00366775 9.99298E-05 0.325779
9.99297E-05 0.0562121 0.0728663 9.99297E-05 9.99297E-05 9.99297E-05 9.99297E-05 9.99297E-05 9.99297E-05 0.075049 0.00281491 9.99297E-05 0.792258
9.9921E-05 9.9921E-05 0.168989 9.9921E-05 9.9921E-05 9.9921E-05 9.9921E-05 9.9921E-05 9.9921E-05 9.9921E-05 0.0366753 0.0480278 0.745409
9.99122E-05 9.99122E-05 9.99122E-05 9.99122E-05 9.99122E-05 9.99122E-05 0.0367151 9.99122E-05 9.99122E-05 0.00636743 9.99122E-05 9.99122E-05 0.955918
9.99297E-05 0.102857 0.190117 0.0190383 9.99297E-05 0.0795005 9.99297E-05 9.99297E-05 9.99297E-05 9.99297E-05 9.99297E-05 9.99297E-05 0.607687
9.99387E-05 9.99387E-05 0.0165228 0.0169549 9.99387E-05 9.99387E-05 0.122586 9.99387E-05 9.99387E-05 9.99387E-05 0.0541772 0.0478653 0.741194
9.99473E-05 0.0905397 0.235914 0.125893 0.00130443 0.196238 9.99473E-05 9.99473E-05 9.99473E-05 9.99473E-05 0.0434332 9.99473E-05 0.306077
9.99474E-05 0.150241 0.00155878 9.99474E-05 9.99474E-05 9.99474E-05 0.0407657 9.99474E-05 0.10541 9.99474E-05 0.0909186 0.00506637 0.60544
9.99297E-05 9.99297E-05 0.038839 9.99297E-05 9.99297E-05 0.0296681 9.99297E-05 9.99297E-05 9.99297E-05 9.99297E-05 0.0111612 0.0236468 0.895886
9.99299E-05 9.99299E-05 0.0917747 9.99299E-05 9.99299E-05 9.99299E-05 0.211655 9.99299E-05 0.140783 0.00395806 9.99299E-05 9.99299E-05 0.55103
9.99562E-05 0.0126729 0.138296 0.00848474 9.99562E-05 9.99562E-05 0.0669228 9.99562E-05 0.0230672 0.00298242 9.99562E-05 0.0112363 0.735838
9.993E-05 9.993E-05 9.993E-05 0.0121456 9.993E-05 0.124966 0.0411102 9.993E-05 0.0693247 0.0608467 9.993E-05 9.993E-05 0.690907
9.99473E-05 0.105425 0.118448 9.99473E-05 9.99473E-05 9.99473E-05 0.0234464 9.99473E-05 0.0507658 9.99473E-05 0.0015093 0.0608121 0.638994
9.9921E-05 0.107578 0.0766772 0.0542109 9.9921E-05 9.9921E-05 9.9921E-05 9.9921E-05 9.9921E-05 9.9921E-05 9.9921E-05 9.9921E-05 0.760635
9.99385E-05 9.99385E-05 0.0822078 0.00628233 9.99385E-05 9.99385E-05 0.00389091 9.99385E-05 0.0711037 9.99385E-05 0.0305396 9.99385E-05 0.805276
0.307418 0.0316474 0.255786 0.0304986 9.99561E-05 0.155653 9.99561E-05 9.99561E-05 9.99561E-05 9.99561E-05 0.0222666 0.145186 0.0510448
0.348994 0.191376 0.0561605 9.99387E-05 0.0413232 9.99387E-05 0.0325516 9.99387E-05 9.99387E-05 9.99387E-05 9.99387E-05 9.99387E-05 0.328895
0.259587 9.99561E-05 0.0533322 0.05479 9.99561E-05 9.99561E-05 0.107327 0.0560342 9.99561E-05 9.99561E-05 0.0411988 0.180592 0.246639
0.418548 9.99386E-05 0.0550654 9.99386E-05 0.00429847 0.306605 9.99386E-05 9.99386E-05 9.99386E-05 9.99386E-05 0.13111 0.0836731 9.99386E-05
0.210938 0.183182 0.215972 0.0300609 9.99649E-05 9.99649E-05 0.0489262 9.99649E-05 9.99649E-05 0.0358092 0.111361 0.0840952 0.0792553
0.114735 9.99473E-05 0.424154 0.0471109 0.0805108 0.278457 9.99473E-05 9.99473E-05 9.99473E-05 9.99473E-05 0.0378474 0.0165862 9.99473E-05
0.577722 0.0632579 0.223827 0.0733214 9.99298E-05 9.99298E-05 9.99298E-05 9.99298E-05 9.99298E-05 9.99298E-05 0.0610718 9.99298E-05 9.99298E-05
0.269395 9.99386E-05 0.224022 0.022179 9.99386E-05 0.0822169 9.99386E-05 9.99386E-05 9.99386E-05 9.99386E-05 0.0467191 0.354768 9.99386E-05
0.404357 9.99474E-05 0.158363 9.99474E-05 0.0612838 0.0744083 9.99474E-05 0.0588949 9.99474E-05 9.99474E-05 9.99474E-05 0.0453984 0.196695
0.281806 0.081623 0.153253 0.115242 9.99386E-05 9.99386E-05 9.99386E-05 9.99386E-05 9.99386E-05 9.99386E-05 0.0468024 9.99386E-05 0.320575
0.114172 0.0965093 0.460741 0.215292 9.99385E-05 9.99385E-05 9.99385E-05 9.99385E-05 9.99385E-05 9.99385E-05 0.0921142 0.0204728 9.99385E-05
0.294109 0.232961 0.224681 0.078247 9.99298E-05 9.99298E-05 0.169203 9.99298E-05 9.99298E-05 9.99298E-05 9.99298E-05 9.99298E-05 9.99298E-05
0.194421 0.126924 0.0578929 0.155988 9.99649E-05 0.183235 0.0757561 9.99649E-05 0.0560143 9.99649E-05 0.138108 9.99649E-05 0.0112611
0.34979 0.13776 0.369393 9.99561E-05 9.99561E-05 0.012554 0.0785821 9.99561E-05 0.00815562 9.99561E-05 0.0096121 9.99561E-05 0.0336546
0.248246 9.99475E-05 0.0627639 0.0880496 0.0699601 0.139412 0.144024 9.99475E-05 9.99475E-05 9.99475E-05 9.99475E-05 9.99475E-05 0.246945
0.216108 0.164358 0.179238 0.115094 9.99649E-05 9.99649E-05 0.0379541 0.0782768 9.99649E-05 9.99649E-05 0.052749 0.0198827 0.13594
0.262765 0.193392 0.101754 9.99473E-05 0.00520702 0.203304 0.0866002 9.99473E-05 9.99473E-05 9.99473E-05 9.99473E-05 0.146378 9.99473E-05
0.188208 0.344301 0.0767288 0.186391 9.99386E-05 9.99386E-05 9.99386E-05 9.99386E-05 9.99386E-05 9.99386E-05 0.114527 9.99386E-05 0.0891448
0.188523 0.161889 0.202969 0.0557283 9.99561E-05 0.000657033 9.99561E-05 9.99561E-05 9.99561E-05 9.99561E-05 0.0456348 0.172304 0.171795
0.25823 0.0402759 0.381895 0.0559435 9.99473E-05 0.104229 0.136195 9.99473E-05 9.99473E-05 9.99473E-05 9.99473E-05 0.0226332 9.99473E-05
0.267132 9.99475E-05 0.147769 0.0252265 9.99475E-05 9.99475E-05 0.108127 0.189736 0.00848442 9.99475E-05 9.99475E-05 9.99475E-05 0.252925
0.258193 0.308874 0.329062 9.99386E-05 9.99386E-05 0.0546789 0.00812995 9.99386E-05 9.99386E-05 9.99386E-05 9.99386E-05 9.99386E-05 0.0403623
0.22861 0.0526464 0.0603241 0.0329585 9.99649E-05 0.341148 0.0623563 9.99649E-05 9.99649E-05 0.00325515 0.0182898 9.99649E-05 0.200012
0.0797979 0.153074 0.0253324 0.0903544 0.0826307 0.295978 0.0733836 9.99737E-05 9.99737E-05 9.99737E-05 0.0413316 0.00600447 0.151812
0.0467425 0.105704 0.180032 0.237249 9.99473E-05 0.110488 9.99473E-05 9.99473E-05 9.99473E-05 9.99473E-05 0.0381642 9.99473E-05 0.28102
0.308864 9.99474E-05 0.129966 0.0625894 9.99474E-05 9.99474E-05 9.99474E-05 0.0478791 9.99474E-05 0.0289771 0.0570005 9.99474E-05 0.364124
0.282539 0.0319666 0.036854 9.99649E-05 0.0720361 9.99649E-05 0.0141779 0.109887 9.99649E-05 9.99649E-05 0.0142151 0.106027 0.331897
0.397228 0.156975 0.199741 0.0115516 0.013895 9.99475E-05 0.0080509 9.99475E-05 9.99475E-05 9.99475E-05 9.99475E-05 9.99475E-05 0.211959
0.106043 0.043505 0.228955 9.99474E-05 9.99474E-05 0.107189 9.99474E-05 9.99474E-05 9.99474E-05 9.99474E-05 0.0804608 0.195291 0.237956
0.187631 9.99474E-05 0.287298 9.99474E-05 9.99474E-05 9.99474E-05 0.0113959 0.227838 9.99474E-05 0.0706905 0.0619487 9.99474E-05 0.152598
9.99122E-05 9.99122E-05 0.11207 9.99122E-05 9.99122E-05 0.778937 9.99122E-05 9.99122E-05 9.99122E-05 9.99122E-05 0.107994 9.99122E-05 9.99122E-05
9.9921E-05 9.9921E-05 0.0177361 9.9921E-05 9.9921E-05 0.528974 9.9921E-05 0.436729 9.9921E-05 9.9921E-05 0.0156619 9.9921E-05 9.9921E-05
9.99201E-05 9.99201E-05 0.0792615 0.00709293 9.99201E-05 0.891265 9.99201E-05 9.99201E-05 0.0211705 9.99201E-05 9.99201E-05 0.000410515 9.99201E-05
9.99121E-05 9.99121E-05 0.120373 9.99121E-05 9.99121E-05 0.846018 9.99121E-05 9.99121E-05 9.99121E-05 9.99121E-05 0.0326094 9.99121E-05 9.99121E-05
9.99209E-05 9.99209E-05 9.99209E-05 9.99209E-05 9.99209E-05 0.927845 9.99209E-05 9.99209E-05 9.99209E-05 0.0114579 0.0581797 0.00161838 9.99209E-05
0.00840913 9.9921E-05 0.174114 9.9921E-05 9.9921E-05 0.661595 9.9921E-05 9.9921E-05 9.9921E-05 9.9921E-05 0.154983 9.9921E-05 9.9921E-05
9.9921E-05 9.9921E-05 0.134095 9.9921E-05 9.9921E-05 0.770649 0.0203049 9.9921E-05 9.9921E-05 9.9921E-05 0.0740516 9.9921E-05 9.9921E-05
9.99122E-05 9.99122E-05 9.99122E-05 9.99122E-05 9.99122E-05 0.789854 9.99122E-05 9.99122E-05 9.99122E-05 9.99122E-05 0.201091 0.0080561 9.99122E-05
0.163311 9.99297E-05 0.0521057 0.0032531 9.99297E-05 0.478307 9.99297E-05 9.99297E-05 9.99297E-05 9.99297E-05 0.302224 9.99297E-05 9.99297E-05
9.99122E-05 9.99122E-05 0.280174 9.99122E-05 9.99122E-05 0.51344 9.99122E-05 9.99122E-05 9.99122E-05 9.99122E-05 0.205387 9.99122E-05 9.99122E-05
0.268409 9.9921E-05 9.9921E-05 0.0413252 9.9921E-05 0.494281 9.9921E-05 0.195085 9.9921E-05 9.9921E-05 9.9921E-05 9.9921E-05 9.9921E-05
0.0950571 9.9921E-05 0.0226024 9.9921E-05 9.9921E-05 0.847723 9.9921E-05 0.033718 9.9921E-05 9.9921E-05 9.9921E-05 9.9921E-05 9.9921E-05
9.99036E-05 9.99036E-05 9.99036E-05 9.99036E-05 9.99036E-05 0.964405 9.99036E-05 9.99036E-05 9.99036E-05 9.99036E-05 0.0344956 9.99036E-05 9.99036E-05
0.00902843 9.99386E-05 0.190813 9.99386E-05 0.0153991 0.596949 9.99386E-05 0.022334 9.99386E-05 9.99386E-05 0.164777 9.99386E-05 9.99386E-05
9.99298E-05 9.99298E-05 9.99298E-05 9.99298E-05 9.99298E-05 0.743721 9.99298E-05 0.0190092 9.99298E-05 0.0472104 0.0770811 0.112179 9.99298E-05
9.99298E-05 9.99298E-05 0.14871 0.0611246 9.99298E-05 0.753915 9.99298E-05 9.99298E-05 9.99298E-05 0.0125376 0.0229133 9.99298E-05 9.99298E-05
0.185773 9.99473E-05 0.103861 9.99473E-05 9.99473E-05 0.646389 9.99473E-05 0.0233616 9.99473E-05 0.0204697 0.0185796 0.000966541 9.99473E-05
9.99299E-05 9.99299E-05 9.99299E-05 0.00628188 9.99299E-05 0.819142 9.99299E-05 9.99299E-05 0.0407459 9.99299E-05 0.12798 9.99299E-05 0.00505008
9.98947E-05 9.98947E-05 9.98947E-05 9.98947E-05 9.98947E-05 0.998801 9.98947E-05 9.98947E-05 9.98947E-05 9.98947E-05 9.98947E-05 9.98947E-05 9.98947E-05
9.99386E-05 9.99386E-05 0.103832 0.0103885 9.99386E-05 0.517255 9.99386E-05 0.131372 9.99386E-05 0.115899 0.120554 9.99386E-05 9.99386E-05
0.118059 0.00225793 0.105017 9.99385E-05 9.99385E-05 0.729544 9.99385E-05 0.000993732 9.99385E-05 9.99385E-05 0.043428 9.99385E-05 9.99385E-05
9.9921E-05 9.9921E-05 9.9921E-05 0.0120336 9.9921E-05 0.932818 9.9921E-05 9.9921E-05 9.9921E-05 9.9921E-05 0.0203536 0.0338956 9.9921E-05
0.00423935 9.99298E-05 0.206999 9.99298E-05 9.99298E-05 0.498492 9.99298E-05 9.99298E-05 9.99298E-05 0.0597618 0.229708 9.99298E-05 9.99298E-05
9.99123E-05 9.99123E-05 9.99123E-05 9.99123E-05 9.99123E-05 0.74841 9.99123E-05 0.064903 9.99123E-05 9.99123E-05 0.185688 9.99123E-05 9.99123E-05
9.99209E-05 9.99209E-05 0.224726 9.99209E-05 9.99209E-05 0.464488 9.99209E-05 9.99209E-05 9.99209E-05 0.0662766 0.24361 9.99209E-05 9.99209E-05
0.1095 9.99474E-05 0.0867798 9.99474E-05 9.99474E-05 0.413112 0.021434 0.183515 9.99474E-05 9.99474E-05 0.168559 0.0165007 9.99474E-05
9.99298E-05 9.99298E-05 0.0829964 9.99298E-05 0.0960689 0.274859 9.99298E-05 0.505649 9.99298E-05 0.0396275 9.99298E-05 9.99298E-05 9.99298E-05
9.99209E-05 0.0255615 0.072517 9.99209E-05 9.99209E-05 0.852945 9.99209E-05 9.99209E-05 9.99209E-05 9.99209E-05 0.048077 9.99209E-05 9.99209E-05
9.99123E-05 9.99123E-05 0.177082 9.99123E-05 9.99123E-05 0.559312 9.99123E-05 9.99123E-05 9.99123E-05 9.99123E-05 0.262607 9.99123E-05 9.99123E-05
9.99124E-05 9.99124E-05 0.126962 9.99124E-05 9.99124E-05 0.81555 9.99124E-05 9.99124E-05 9.99124E-05 0.0564892 9.99124E-05 9.99124E-05 9.99124E-05
9.99211E-05 9.99211E-05 0.203646 0.0223259 9.99211E-05 0.740692 9.99211E-05 9.99211E-05 9.99211E-05 9.99211E-05 0.0324362 9.99211E-05 9.99211E-05
9.99034E-05 9.99034E-05 9.99034E-05 9.99034E-05 9.99034E-05 0.971553 0.0273483 9.99034E-05 9.99034E-05 9.99034E-05 9.99034E-05 9.99034E-05 9.99034E-05
9.99209E-05 9.99209E-05 0.127493 9.99209E-05 9.99209E-05 0.414469 9.99209E-05 9.99209E-05 9.99209E-05 0.175139 0.281999 9.99209E-05 9.99209E-05
9.9921E-05 9.9921E-05 0.0270684 9.9921E-05 9.9921E-05 0.900684 9.9921E-05 9.9921E-05 9.9921E-05 0.0358316 0.0355168 9.9921E-05 9.9921E-05
9.9921E-05 9.9921E-05 0.0667006 9.9921E-05 9.9921E-05 0.834806 9.9921E-05 0.0576546 9.9921E-05 9.9921E-05 0.0399397 9.9921E-05 9.9921E-05
0.0415231 0.0297442 9.99385E-05 0.0211821 9.99385E-05 0.824005 9.99385E-05 0.0516339 9.99385E-05 9.99385E-05 0.0312117 9.99385E-05 9.99385E-05
9.99209E-05 9.99209E-05 0.268225 9.99209E-05 9.99209E-05 0.675385 9.99209E-05 9.99209E-05 9.99209E-05 9.99209E-05 0.0516625 0.00382873 9.99209E-05
9.99209E-05 9.99209E-05 9.99209E-05 9.99209E-05 9.99209E-05 0.523627 9.99209E-05 0.39871 0.0062505 9.99209E-05 0.0705137 9.99209E-05 9.99209E-05
9.99299E-05 9.99299E-05 0.0894693 9.99299E-05 9.99299E-05 0.778554 9.99299E-05 0.0975688 9.99299E-05 0.0276924 9.99299E-05 0.00591641 9.99299E-05
9.99036E-05 9.99036E-05 9.99036E-05 9.99036E-05 9.99036E-05 0.764659 9.99036E-05 0.234242 9.99036E-05 9.99036E-05 9.99036E-05 9.99036E-05 9.99036E-05
9.99122E-05 9.99122E-05 9.99122E-05 9.99122E-05 9.99122E-05 0.61202 9.99122E-05 0.384074 9.99122E-05 9.99122E-05 0.00290752 9.99122E-05 9.99122E-05
0.126833 9.99209E-05 0.293737 9.99209E-05 9.99209E-05 0.501338 9.99209E-05 9.99209E-05 9.99209E-05 9.99209E-05 0.0771929 9.99209E-05 9.99209E-05
9.99122E-05 9.99122E-05 9.99122E-05 9.99122E-05 9.99122E-05 0.806885 9.99122E-05 9.99122E-05 0.0347889 9.99122E-05 0.157327 9.99122E-05 9.99122E-05
9.99297E-05 9.99297E-05 0.0871884 9.99297E-05 9.99297E-05 0.0487862 9.99297E-05 0.58738 9.99297E-05 0.0974076 0.178438 9.99297E-05 9.99297E-05
9.99298E-05 9.99298E-05 0.0164235 0.00747498 9.99298E-05 0.503329 9.99298E-05 0.442864 9.99298E-05 9.99298E-05 0.0291098 9.99298E-05 9.99298E-05
0.137988 9.99297E-05 9.99297E-05 9.99297E-05 9.99297E-05 0.550567 9.99297E-05 9.99297E-05 9.99297E-05 0.104799 0.187887 0.017959 9.99297E-05
9.99386E-05 9.99386E-05 0.157004 0.0200357 9.99386E-05 0.685189 9.99386E-05 0.0135811 9.99386E-05 9.99386E-05 0.11704 0.00645026 9.99386E-05
9.99299E-05 9.99299E-05 9.99299E-05 9.99299E-05 0.0418754 0.66904 0.110155 9.99299E-05 9.99299E-05 9.99299E-05 0.177859 0.00027147 9.99299E-05
9.99298E-05 9.99298E-05 0.187519 0.00383824 9.99298E-05 0.497031 9.99298E-05 9.99298E-05 9.99298E-05 0.018568 0.292245 9.99298E-05 9.99298E-05
9.99122E-05 9.99122E-05 0.015481 9.99122E-05 9.99122E-05 0.605564 9.99122E-05 0.377956 9.99122E-05 9.99122E-05 9.99122E-05 9.99122E-05 9.99122E-05
9.99122E-05 0.146581 0.167349 9.99122E-05 9.99122E-05 0.685072 9.99122E-05 9.99122E-05 9.99122E-05 9.99122E-05 9.99122E-05 9.99122E-05 9.99122E-05
0.049583 9.99385E-05 0.0225708 0.00481252 9.99385E-05 0.301238 9.99385E-05 0.465255 9.99385E-05 9.99385E-05 0.155842 9.99385E-05 9.99385E-05
9.99211E-05 9.99211E-05 0.0794526 9.99211E-05 9.99211E-05 0.681421 9.99211E-05 0.130309 9.99211E-05 9.99211E-05 0.107918 9.99211E-05 9.99211E-05
9.99122E-05 9.99122E-05 9.99122E-05 9.99122E-05 9.99122E-05 0.845049 0.0708203 9.99122E-05 9.99122E-05 9.99122E-05 0.0831318 9.99122E-05 9.99122E-05
9.99122E-05 0.000956274 9.99122E-05 9.99122E-05 9.99122E-05 0.897303 9.99122E-05 9.99122E-05 9.99122E-05 9.99122E-05 9.99122E-05 0.100741 9.99122E-05
0.23047 9.99209E-05 0.129242 9.99209E-05 9.99209E-05 0.409207 9.99209E-05 9.99209E-05 9.99209E-05 9.99209E-05 0.230181 9.99209E-05 9.99209E-05
9.99121E-05 9.99121E-05 0.0581189 9.99121E-05 9.99121E-05 0.775661 9.99121E-05 9.99121E-05 9.99121E-05 9.99121E-05 0.165221 9.99121E-05 9.99121E-05
9.99122E-05 9.99122E-05 9.99122E-05 0.0233178 9.99122E-05 0.947201 9.99122E-05 9.99122E-05 9.99122E-05 9.99122E-05 0.0284824 9.99122E-05 9.99122E-05
9.99123E-05 9.99123E-05 9.99123E-05 9.99123E-05 9.99123E-05 0.876383 9.99123E-05 9.99123E-05 9.99123E-05 0.122334 0.00028389 9.99123E-05 9.99123E-05
9.99211E-05 9.99211E-05 0.0313217 9.99211E-05 9.99211E-05 0.746838 9.99211E-05 0.100129 9.99211E-05 9.99211E-05 0.120812 9.99211E-05 9.99211E-05
9.98944E-05 9.98944E-05 0.998801 9.98944E-05 9.98944E-05 9.98944E-05 9.98944E-05 9.98944E-05 9.98944E-05 9.98944E-05 9.98944E-05 9.98944E-05 9.98944E-05
9.98944E-05 9.98944E-05 9.98944E-05 9.98944E-05 9.98944E-05 9.98944E-05 9.98944E-05 9.98944E-05 9.98944E-05 9.98944E-05 0.998801 9.98944E-05 9.98944E-05
9.98944E-05 9.98944E-05 0.998801 9.98944E-05 9.98944E-05 9.98944E-05 9.98944E-05 9.98944E-05 9.98944E-05 9.98944E-05 9.98944E-05 9.98944E-05 9.98944E-05
9.98944E-05 9.98944E-05 9.98944E-05 9.98944E-05 9.98944E-05 9.98944E-05 9.98944E-05 9.98944E-05 9.98944E-05 9.98944E-05 0.998801 9.98944E-05 9.98944E-05
9.98945E-05 9.98945E-05 9.98945E-05 9.98945E-05 9.98945E-05 9.98945E-05 9.98945E-05 9.98945E-05 9.98945E-05 9.98945E-05 0.998801 9.98945E-05 9.98945E-05
9.98945E-05 9.98945E-05 9.98945E-05 9.98945E-05 9.98945E-05 9.98945E-05 9.98945E-05 9.98945E-05 9.98945E-05 9.98945E-05 0.998801 9.98945E-05 9.98945E-05
9.98944E-05 9.98944E-05 0.998801 9.98944E-05 9.98944E-05 9.98944E-05 9.98944E-05 9.98944E-05 9.98944E-05 9.98944E-05 9.98944E-05 9.98944E-05 9.98944E-05
9.98945E-05 9.98945E-05 9.98945E-05 9.98945E-05 9.98945E-05 9.98945E-05 9.98945E-05 9.98945E-05 9.98945E-05 9.98945E-05 0.998801 9.98945E-05 9.98945E-05
9.98944E-05 9.98944E-05 9.98944E-05 9.98944E-05 9.98944E-05 9.98944E-05 9.98944E-05 9.98944E-05 9.98944E-05 9.98944E-05 0.998801 9.98944E-05 9.98944E-05
9.98944E-05 9.98944E-05 0.998801 9.98944E-05 9.98944E-05 9.98944E-05 9.98944E-05 9.98944E-05 9.98944E-05 9.98944E-05 9.98944E-05 9.98944E-05 9.98944E-05
9.98944E-05 9.98944E-05 0.998801 9.98944E-05 9.98944E-05 9.98944E-05 9.98944E-05 9.98944E-05 9.98944E-05 9.98944E-05 9.98944E-05 9.98944E-05 9.98944E-05
9.98944E-05 9.98944E-05 0.998801 9.98944E-05 9.98944E-05 9.98944E-05 9.98944E-05 9.98944E-05 9.98944E-05 9.98944E-05 9.98944E-05 9.98944E-05 9.98944E-05
9.98944E-05 9.98944E-05 9.98944E-05 9.98944E-05 9.98944E-05 9.98944E-05 9.98944E-05 9.98944E-05 9.98944E-05 9.98944E-05 0.998801 9.98944E-05 9.98944E-05
9.98945E-05 9.98945E-05 9.98945E-05 9.98945E-05 9.98945E-05 9.98945E-05 9.98945E-05 9.98945E-05 9.98945E-05 9.98945E-05 0.998801 9.98945E-05 9.98945E-05
9.98944E-05 9.98944E-05 0.998801 9.98944E-05 9.98944E-05 9.98944E-05 9.98944E-05 9.98944E-05 9.98944E-05 9.98944E-05 9.98944E-05 9.98944E-05 9.98944E-05
9.98944E-05 9.98944E-05 0.998801 9.98944E-05 9.98944E-05 9.98944E-05 9.98944E-05 9.98944E-05 9.98944E-05 9.98944E-05 9.98944E-05 9.98944E-05 9.98944E-05
9.99473E-05 0.125531 0.126182 9.99473E-05 0.0167478 0.536499 9.99473E-05 9.99473E-05 9.99473E-05 0.0636182 0.114353 0.0164692 9.99473E-05
9.99033E-05 9.99033E-05 0.998671 0.000230039 9.99033E-05 9.99033E-05 9.99033E-05 9.99033E-05 9.99033E-05 9.99033E-05 9.99033E-05 9.99033E-05 9.99033E-05
9.98945E-05 9.98945E-05 9.98945E-05 9.98945E-05 9.98945E-05 9.98945E-05 9.98945E-05 9.98945E-05 9.98945E-05 9.98945E-05 0.998801 9.98945E-05 9.98945E-05
9.98944E-05 9.98944E-05 0.998801 9.98944E-05 9.98944E-05 9.98944E-05 9.98944E-05 9.98944E-05 9.98944E-05 9.98944E-05 9.98944E-05 9.98944E-05 9.98944E-05
9.98945E-05 9.98945E-05 0.998801 9.98945E-05 9.98945E-05 9.98945E-05 9.98945E-05 9.98945E-05 9.98945E-05 9.98945E-05 9.98945E-05 9.98945E-05 9.98945E-05
9.98944E-05 9.98944E-05 0.998801 9.98944E-05 9.98944E-05 9.98944E-05 9.98944E-05 9.98944E-05 9.98944E-05 9.98944E-05 9.98944E-05 9.98944E-05 9.98944E-05
9.98944E-05 9.98944E-05 9.98944E-05 9.98944E-05 9.98944E-05 9.98944E-05 9.98944E-05 9.98944E-05 9.98944E-05 9.98944E-05 0.998801 9.98944E-05 9.98944E-05
9.98945E-05 9.98945E-05 0.998801 9.98945E-05 9.98945E-05 9.98945E-05 9.98945E-05 9.98945E-05 9.98945E-05 9.98945E-05 9.98945E-05 9.98945E-05 9.98945E-05
9.98944E-05 9.98944E-05 9.98944E-05 9.98944E-05 9.98944E-05 9.98944E-05 9.98944E-05 9.98944E-05 9.98944E-05 9.98944E-05 0.998801 9.98944E-05 9.98944E-05
9.98945E-05 9.98945E-05 0.998801 9.98945E-05 9.98945E-05 9.98945E-05 9.98945E-05 9.98945E-05 9.98945E-05 9.98945E-05 9.98945E-05 9.98945E-05 9.98945E-05
9.98944E-05 9.98944E-05 0.998801 9.98944E-05 9.98944E-05 9.98944E-05 9.98944E-05 9.98944E-05 9.98944E-05 9.98944E-05 9.98944E-05 9.98944E-05 9.98944E-05
9.98944E-05 9.98944E-05 9.98944E-05 9.98944E-05 9.98944E-05 9.98944E-05 9.98944E-05 9.98944E-05 9.98944E-05 9.98944E-05 0.998801 9.98944E-05 9.98944E-05
9.98945E-05 9.98945E-05 9.98945E-05 9.98945E-05 9.98945E-05 9.98945E-05 9.98945E-05 9.98945E-05 9.98945E-05 9.98945E-05 0.998801 9.98945E-05 9.98945E-05
9.98945E-05 9.98945E-05 9.98945E-05 9.98945E-05 9.98945E-05 9.98945E-05 9.98945E-05 9.98945E-05 9.98945E-05 9.98945E-05 0.998801 9.98945E-05 9.98945E-05
9.98944E-05 9.98944E-05 0.998801 9.98944E-05 9.98944E-05 9.98944E-05 9.98944E-05 9.98944E-05 9.98944E-05 9.98944E-05 9.98944E-05 9.98944E-05 9.98944E-05
9.98944E-05 9.98944E-05 0.998801 9.98944E-05 9.98944E-05 9.98944E-05 9.98944E-05 9.98944E-05 9.98944E-05 9.98944E-05 9.98944E-05 9.98944E-05 9.98944E-05
9.98944E-05 9.98944E-05 0.998801 9.98944E-05 9.98944E-05 9.98944E-05 9.98944E-05 9.98944E-05 9.98944E-05 9.98944E-05 9.98944E-05 9.98944E-05 9.98944E-05
9.98944E-05 9.98944E-05 0.998801 9.98944E-05 9.98944E-05 9.98944E-05 9.98944E-05 9.98944E-05 9.98944E-05 9.98944E-05 9.98944E-05 9.98944E-05 9.98944E-05
9.98944E-05 9.98944E-05 0.998801 9.98944E-05 9.98944E-05 9.98944E-05 9.98944E-05 9.98944E-05 9.98944E-05 9.98944E-05 9.98944E-05 9.98944E-05 9.98944E-05
9.98945E-05 9.98945E-05 9.98945E-05 9.98945E-05 9.98945E-05 9.98945E-05 9.98945E-05 9.98945E-05 9.98945E-05 9.98945E-05 0.998801 9.98945E-05 9.98945E-05
9.98944E-05 9.98944E-05 9.98944E-05 9.98944E-05 9.98944E-05 9.98944E-05 9.98944E-05 9.98944E-05 9.98944E-05 9.98944E-05 0.998801 9.98944E-05 9.98944E-05
9.98944E-05 9.98944E-05 9.98944E-05 9.98944E-05 9.98944E-05 9.98944E-05 9.98944E-05 9.98944E-05 9.98944E-05 9.98944E-05 0.998801 9.98944E-05 9.98944E-05
9.98944E-05 9.98944E-05 0.998801 9.98944E-05 9.98944E-05 9.98944E-05 9.98944E-05 9.98944E-05 9.98944E-05 9.98944E-05 9.98944E-05 9.98944E-05 9.98944E-05
9.98944E-05 9.98944E-05 9.98944E-05 9.98944E-05 9.98944E-05 9.98944E-05 9.98944E-05 9.98944E-05 9.98944E-05 9.98944E-05 0.998801 9.98944E-05 9.98944E-05
9.98945E-05 9.98945E-05 9.98945E-05 9.98945E-05 9.98945E-05 9.98945E-05 9.98945E-05 9.98945E-05 9.98945E-05 9.98945E-05 0.998801 9.98945E-05 9.98945E-05
9.98945E-05 9.98945E-05 9.98945E-05 9.98945E-05 9.98945E-05 9.98945E-05 9.98945E-05 9.98945E-05 9.98945E-05 9.98945E-05 0.998801 9.98945E-05 9.98945E-05
9.98944E-05 9.98944E-05 9.98944E-05 9.98944E-05 9.98944E-05 9.98944E-05 9.98944E-05 9.98944E-05 9.98944E-05 9.98944E-05 0.998801 9.98944E-05 9.98944E-05
9.98944E-05 9.98944E-05 0.998801 9.98944E-05 9.98944E-05 9.98944E-05 9.98944E-05 9.98944E-05 9.98944E-05 9.98944E-05 9.98944E-05 9.98944E-05 9.98944E-05
9.98945E-05 9.98945E-05 9.98945E-05 9.98945E-05 9.98945E-05 9.98945E-05 9.98945E-05 9.98945E-05 9.98945E-05 9.98945E-05 0.998801 9.98945E-05 9.98945E-05
9.98945E-05 9.98945E-05 9.98945E-05 9.98945E-05 9.98945E-05 9.98945E-05 9.98945E-05 9.98945E-05 9.98945E-05 9.98945E-05 0.998801 9.98945E-05 9.98945E-05
9.99385E-05 0.0124745 0.149362 9.99385E-05 0.0600586 0.611207 9.99385E-05 9.99385E-05 9.99385E-05 0.113752 0.0524464 9.99385E-05 9.99385E-05
9.98945E-05 9.98945E-05 0.998801 9.98945E-05 9.98945E-05 9.98945E-05 9.98945E-05 9.98945E-05 9.98945E-05 9.98945E-05 9.98945E-05 9.98945E-05 9.98945E-05
9.98945E-05 9.98945E-05 9.98945E-05 9.98945E-05 9.98945E-05 9.98945E-05 9.98945E-05 9.98945E-05 9.98945E-05 9.98945E-05 0.998801 9.98945E-05 9.98945E-05
9.98944E-05 9.98944E-05 9.98944E-05 9.98944E-05 9.98944E-05 9.98944E-05 9.98944E-05 9.98944E-05 9.98944E-05 9.98944E-05 0.998801 9.98944E-05 9.98944E-05
9.98944E-05 9.98944E-05 9.98944E-05 9.98944E-05 9.98944E-05 9.98944E-05 9.98944E-05 9.98944E-05 9.98944E-05 9.98944E-05 0.998801 9.98944E-05 9.98944E-05
9.98944E-05 9.98944E-05 9.98944E-05 9.98944E-05 9.98944E-05 9.98944E-05 9.98944E-05 9.98944E-05 9.98944E-05 9.98944E-05 0.998801 9.98944E-05 9.98944E-05
9.98944E-05 9.98944E-05 0.998801 9.98944E-05 9.98944E-05 9.98944E-05 9.98944E-05 9.98944E-05 9.98944E-05 9.98944E-05 9.98944E-05 9.98944E-05 9.98944E-05
9.98945E-05 9.98945E-05 9.98945E-05 9.98945E-05 9.98945E-05 9.98945E-05 9.98945E-05 9.98945E-05 9.98945E-05 9.98945E-05 0.998801 9.98945E-05 9.98945E-05
9.98944E-05 9.98944E-05 0.998801 9.98944E-05 9.98944E-05 9.98944E-05 9.98944E-05 9.98944E-05 9.98944E-05 9.98944E-05 9.98944E-05 9.98944E-05 9.98944E-05
9.98944E-05 9.98944E-05 9.98944E-05 9.98944E-05 9.98944E-05 9.98944E-05 9.98944E-05 9.98944E-05 9.98944E-05 9.98944E-05 0.998801 9.98944E-05 9.98944E-05
9.98944E-05 9.98944E-05 0.998801 9.98944E-05 9.98944E-05 9.98944E-05 9.98944E-05 9.98944E-05 9.98944E-05 9.98944E-05 9.98944E-05 9.98944E-05 9.98944E-05
9.98945E-05 9.98945E-05 9.98945E-05 9.98945E-05 9.98945E-05 9.98945E-05 9.98945E-05 9.98945E-05 9.98945E-05 9.98945E-05 0.998801 9.98945E-05 9.98945E-05
9.98945E-05 9.98945E-05 9.98945E-05 9.98945E-05 9.98945E-05 9.98945E-05 9.98945E-05 9.98945E-05 9.98945E-05 9.98945E-05 0.998801 9.98945E-05 9.98945E-05
9.98944E-05 9.98944E-05 9.98944E-05 9.98944E-05 9.98944E-05 9.98944E-05 9.98944E-05 9.98944E-05 9.98944E-05 9.98944E-05 0.998801 9.98944E-05 9.98944E-05
9.98944E-05 9.98944E-05 9.98944E-05 9.98944E-05 9.98944E-05 9.98944E-05 9.98944E-05 9.98944E-05 9.98944E-05 9.98944E-05 0.998801 9.98944E-05 9.98944E-05
9.98944E-05 9.98944E-05 9.98944E-05 9.98944E-05 9.98944E-05 9.98944E-05 9.98944E-05 9.98944E-05 9.98944E-05 9.98944E-05 0.998801 9.98944E-05 9.98944E-05
9.98944E-05 9.98944E-05 9.98944E-05 9.98944E-05 9.98944E-05 9.98944E-05 9.98944E-05 9.98944E-05 9.98944E-05 9.98944E-05 0.998801 9.98944E-05 9.98944E-05
9.98944E-05 9.98944E-05 0.998801 9.98944E-05 9.98944E-05 9.98944E-05 9.98944E-05 9.98944E-05 9.98944E-05 9.98944E-05 9.98944E-05 9.98944E-05 9.98944E-05
9.98944E-05 9.98944E-05 0.998801 9.98944E-05 9.98944E-05 9.98944E-05 9.98944E-05 9.98944E-05 9.98944E-05 9.98944E-05 9.98944E-05 9.98944E-05 9.98944E-05
9.98944E-05 9.98944E-05 0.998801 9.98944E-05 9.98944E-05 9.98944E-05 9.98944E-05 9.98944E-05 9.98944E-05 9.98944E-05 9.98944E-05 9.98944E-05 9.98944E-05
9.98944E-05 9.98944E-05 9.98944E-05 9.98944E-05 9.98944E-05 9.98944E-05 9.98944E-05 9.98944E-05 9.98944E-05 9.98944E-05 0.998801 9.98944E-05 9.98944E-05
9.98944E-05 9.98944E-05 0.998801 9.98944E-05 9.98944E-05 9.98944E-05 9.98944E-05 9.98944E-05 9.98944E-05 9.98944E-05 9.98944E-05 9.98944E-05 9.98944E-05
9.98944E-05 9.98944E-05 0.998801 9.98944E-05 9.98944E-05 9.98944E-05 9.98944E-05 9.98944E-05 9.98944E-05 9.98944E-05 9.98944E-05 9.98944E-05 9.98944E-05
9.98944E-05 9.98944E-05 0.998801 9.98944E-05 9.98944E-05 9.98944E-05 9.98944E-05 9.98944E-05 9.98944E-05 9.98944E-05 9.98944E-05 9.98944E-05 9.98944E-05
9.98945E-05 9.98945E-05 9.98945E-05 9.98945E-05 9.98945E-05 9.98945E-05 9.98945E-05 9.98945E-05 9.98945E-05 9.98945E-05 0.998801 9.98945E-05 9.98945E-05
9.98944E-05 9.98944E-05 9.98944E-05 9.98944E-05 9.98944E-05 9.98944E-05 9.98944E-05 9.98944E-05 9.98944E-05 9.98944E-05 0.998801 9.98944E-05 9.98944E-05
9.98944E-05 9.98944E-05 9.98944E-05 9.98944E-05 9.98944E-05 9.98944E-05 9.98944E-05 9.98944E-05 9.98944E-05 9.98944E-05 0.998801 9.98944E-05 9.98944E-05
9.98944E-05 9.98944E-05 0.998801 9.98944E-05 9.98944E-05 9.98944E-05 9.98944E-05 9.98944E-05 9.98944E-05 9.98944E-05 9.98944E-05 9.98944E-05 9.98944E-05
9.98944E-05 9.98944E-05 9.98944E-05 9.98944E-05 9.98944E-05 9.98944E-05 9.98944E-05 9.98944E-05 9.98944E-05 9.98944E-05 0.998801 9.98944E-05 9.98944E-05
9.98944E-05 9.98944E-05 9.98944E-05 9.98944E-05 9.98944E-05 9.98944E-05 9.98944E-05 9.98944E-05 9.98944E-05 9.98944E-05 0.998801 9.98944E-05 9.98944E-05
9.98944E-05 9.98944E-05 0.998801 9.98944E-05 9.98944E-05 9.98944E-05 9.98944E-05 9.98944E-05 9.98944E-05 9.98944E-05 9.98944E-05 9.98944E-05 9.98944E-05
9.98945E-05 9.98945E-05 9.98945E-05 9.98945E-05 9.98945E-05 9.98945E-05 9.98945E-05 9.98945E-05 9.98945E-05 9.98945E-05 0.998801 9.98945E-05 9.98945E-05
9.98945E-05 9.98945E-05 9.98945E-05 9.98945E-05 9.98945E-05 9.98945E-05 9.98945E-05 9.98945E-05 9.98945E-05 9.98945E-05 0.998801 9.98945E-05 9.98945E-05
9.99297E-05 9.99297E-05 0.255529 0.132129 9.99297E-05 0.443847 9.99297E-05 9.99297E-05 9.99297E-05 9.99297E-05 0.09949 0.0682051 9.99297E-05
9.98944E-05 9.98944E-05 0.998801 9.98944E-05 9.98944E-05 9.98944E-05 9.98944E-05 9.98944E-05 9.98944E-05 9.98944E-05 9.98944E-05 9.98944E-05 9.98944E-05
9.98944E-05 9.98944E-05 9.98944E-05 9.98944E-05 9.98944E-05 9.98944E-05 9.98944E-05 9.98944E-05 9.98944E-05 9.98944E-05 0.998801 9.98944E-05 9.98944E-05
9.99123E-05 9.99123E-05 9.99123E-05 9.99123E-05 0.0538577 0.57485 9.99123E-05 9.99123E-05 9.99123E-05 9.99123E-05 0.370293 9.99123E-05 9.99123E-05
9.99297E-05 0.0342184 0.104198 9.99297E-05 9.99297E-05 0.65067 9.99297E-05 9.99297E-05 9.99297E-05 0.00326001 0.206855 9.99297E-05 9.99297E-05
9.99121E-05 9.99121E-05 0.264228 9.99121E-05 9.99121E-05 0.649495 9.99121E-05 9.99121E-05 9.99121E-05 9.99121E-05 0.0852779 9.99121E-05 9.99121E-05
9.9912E-05 9.9912E-05 0.0351014 9.9912E-05 9.9912E-05 0.922951 9.9912E-05 9.9912E-05 9.9912E-05 9.9912E-05 9.9912E-05 0.040949 9.9912E-05
9.99121E-05 9.99121E-05 0.262324 9.99121E-05 9.99121E-05 0.544717 9.99121E-05 9.99121E-05 9.99121E-05 9.99121E-05 0.19196 9.99121E-05 9.99121E-05
9.99211E-05 9.99211E-05 9.99211E-05 9.99211E-05 9.99211E-05 0.480137 9.99211E-05 0.374096 0.0397044 9.99211E-05 0.105163 9.99211E-05 9.99211E-05
9.9921E-05 0.151955 0.235909 9.9921E-05 9.9921E-05 0.389039 9.9921E-05 9.9921E-05 9.9921E-05 9.9921E-05 0.222197 9.9921E-05 9.9921E-05
9.99298E-05 9.99298E-05 9.99298E-05 0.0591035 9.99298E-05 0.761546 9.99298E-05 9.99298E-05 9.99298E-05 0.0187278 0.097617 0.0622059 9.99298E-05
9.9921E-05 9.9921E-05 0.0338393 9.9921E-05 9.9921E-05 0.49872 9.9921E-05 0.261543 9.9921E-05 9.9921E-05 0.204998 9.9921E-05 9.9921E-05
9.9921E-05 9.9921E-05 0.0904775 9.9921E-05 0.0513812 0.820534 9.9921E-05 9.9921E-05 0.0367085 9.9921E-05 9.9921E-05 9.9921E-05 9.9921E-05
9.99385E-05 9.99385E-05 0.168869 0.00662408 9.99385E-05 0.634839 9.99385E-05 0.0816186 9.99385E-05 9.99385E-05 0.0728813 0.0344688 9.99385E-05
9.99035E-05 9.99035E-05 9.99035E-05 9.99035E-05 9.99035E-05 0.508652 9.99035E-05 9.99035E-05 9.99035E-05 9.99035E-05 0.490249 9.99035E-05 9.99035E-05
0.0212847 9.99385E-05 0.228977 9.99385E-05 9.99385E-05 0.453063 0.108118 9.99385E-05 9.99385E-05 9.99385E-05 0.118195 0.0696628 9.99385E-05
9.99033E-05 9.99033E-05 9.99033E-05 9.99033E-05 9.99033E-05 0.9648 9.99033E-05 9.99033E-05 9.99033E-05 9.99033E-05 9.99033E-05 0.034101 9.99033E-05
9.99121E-05 9.99121E-05 0.135799 9.99121E-05 9.99121E-05 0.814889 9.99121E-05 9.99121E-05 9.99121E-05 9.99121E-05 0.0483136 9.99121E-05 9.99121E-05
0.0539044 9.99298E-05 0.152475 9.99298E-05 9.99298E-05 0.494088 9.99298E-05 9.99298E-05 0.0190985 9.99298E-05 0.279634 9.99298E-05 9.99298E-05
9.99298E-05 9.99298E-05 0.0958786 9.99298E-05 0.0343686 0.638437 9.99298E-05 0.101323 9.99298E-05 9.99298E-05 0.129193 9.99298E-05 9.99298E-05
9.9921E-05 9.9921E-05 0.319292 0.108812 9.9921E-05 0.518683 9.9921E-05 9.9921E-05 9.9921E-05 9.9921E-05 0.0523143 9.9921E-05 9.9921E-05
0.116117 9.99209E-05 9.99209E-05 0.0576659 9.99209E-05 0.72606 9.99209E-05 9.99209E-05 9.99209E-05 9.99209E-05 0.0992581 9.99209E-05 9.99209E-05
9.99209E-05 9.99209E-05 0.074776 9.99209E-05 0.0276061 0.790965 9.99209E-05 9.99209E-05 9.99209E-05 9.99209E-05 0.105753 9.99209E-05 9.99209E-05
9.99297E-05 9.99297E-05 0.046626 9.99297E-05 9.99297E-05 0.84001 9.99297E-05 9.99297E-05 0.0270552 0.00271631 0.0827928 9.99297E-05 9.99297E-05
9.99035E-05 9.99035E-05 9.99035E-05 9.99035E-05 9.99035E-05 0.800569 9.99035E-05 9.99035E-05 9.99035E-05 9.99035E-05 0.198332 9.99035E-05 9.99035E-05
9.99297E-05 9.99297E-05 0.112729 9.99297E-05 9.99297E-05 0.658517 0.0604106 9.99297E-05 9.99297E-05 9.99297E-05 0.116626 0.0509189 9.99297E-05
9.99209E-05 9.99209E-05 9.99209E-05 9.99209E-05 9.99209E-05 0.798138 9.99209E-05 9.99209E-05 0.0800101 9.99209E-05 0.106816 0.0141367 9.99209E-05
9.99121E-05 9.99121E-05 9.99121E-05 9.99121E-05 9.99121E-05 0.961686 9.99121E-05 9.99121E-05 9.99121E-05 9.99121E-05 0.000543757 0.0367715 9.99121E-05
9.99121E-05 9.99121E-05 9.99121E-05 9.99121E-05 9.99121E-05 0.460527 9.99121E-05 0.507681 9.99121E-05 9.99121E-05 0.0307922 9.99121E-05 9.99121E-05
9.99209E-05 9.99209E-05 0.0172382 9.99209E-05 0.0035714 0.94754 9.99209E-05 9.99209E-05 0.0307512 9.99209E-05 9.99209E-05 9.99209E-05 9.99209E-05
9.9921E-05 9.9921E-05 0.228846 9.9921E-05 0.0544674 0.51131 9.9921E-05 9.9921E-05 9.9921E-05 9.9921E-05 0.204477 9.9921E-05 9.9921E-05
9.99208E-05 9.99208E-05 9.99208E-05 9.99208E-05 9.99208E-05 0.92816 9.99208E-05 9.99208E-05 0.0231653 0.00879141 9.99208E-05 0.0389835 9.99208E-05
9.99298E-05 9.99298E-05 0.0538792 9.99298E-05 9.99298E-05 0.670153 9.99298E-05 9.99298E-05 9.99298E-05 0.0681741 0.0988254 0.108168 9.99298E-05
0.0639688 9.99297E-05 0.0852061 9.99297E-05 9.99297E-05 0.517593 9.99297E-05 9.99297E-05 0.117909 9.99297E-05 0.214524 9.99297E-05 9.99297E-05
0.0444626 9.993E-05 0.0251894 0.0520589 9.993E-05 0.653973 9.993E-05 9.993E-05 0.0360165 9.993E-05 0.1876 9.993E-05 9.993E-05
0.169415 9.99209E-05 0.0927319 9.99209E-05 9.99209E-05 0.637494 9.99209E-05 9.99209E-05 9.99209E-05 9.99209E-05 0.0994596 9.99209E-05 9.99209E-05
9.99209E-05 9.99209E-05 0.139905 9.99209E-05 9.99209E-05 0.645508 9.99209E-05 9.99209E-05 0.0597933 9.99209E-05 0.153894 9.99209E-05 9.99209E-05
9.99209E-05 9.99209E-05 0.142208 0.0800955 9.99209E-05 0.636393 9.99209E-05 9.99209E-05 0.140404 9.99209E-05 9.99209E-05 9.99209E-05 9.99209E-05
9.99034E-05 9.99034E-05 0.127007 9.99034E-05 9.99034E-05 0.871894 9.99034E-05 9.99034E-05 9.99034E-05 9.99034E-05 9.99034E-05 9.99034E-05 9.99034E-05
9.99033E-05 9.99033E-05 9.99033E-05 9.99033E-05 9.99033E-05 0.552504 9.99033E-05 0.446397 9.99033E-05 9.99033E-05 9.99033E-05 9.99033E-05 9.99033E-05
9.99297E-05 0.0701218 0.154282 0.0682428 9.99297E-05 0.677105 0.0294492 9.99297E-05 9.99297E-05 9.99297E-05 9.99297E-05 9.99297E-05 9.99297E-05
9.9921E-05 9.9921E-05 9.9921E-05 0.0449683 9.9921E-05 0.853827 0.0883736 9.9921E-05 9.9921E-05 0.0119315 9.9921E-05 9.9921E-05 9.9921E-05
9.99297E-05 0.0488076 0.00142912 9.99297E-05 9.99297E-05 0.644148 9.99297E-05 9.99297E-05 0.182071 9.99297E-05 0.122746 9.99297E-05 9.99297E-05
9.99033E-05 9.99033E-05 0.23891 9.99033E-05 9.99033E-05 0.759991 9.99033E-05 9.99033E-05 9.99033E-05 9.99033E-05 9.99033E-05 9.99033E-05 9.99033E-05
0.00464822 9.99298E-05 0.0184749 9.99298E-05 0.0521014 0.898848 9.99298E-05 9.99298E-05 0.0251277 9.99298E-05 9.99298E-05 9.99298E-05 9.99298E-05
9.99297E-05 0.00259342 0.0492334 9.99297E-05 0.0770183 0.702149 9.99297E-05 9.99297E-05 9.99297E-05 9.99297E-05 0.168207 9.99297E-05 9.99297E-05
0.0273982 9.99298E-05 0.00676683 9.99298E-05 9.99298E-05 0.355228 9.99298E-05 9.99298E-05 9.99298E-05 9.99298E-05 0.498908 0.1109 9.99298E-05
9.99297E-05 9.99297E-05 0.297574 0.00253995 9.99297E-05 0.388635 9.99297E-05 9.99297E-05 9.99297E-05 9.99297E-05 0.272786 0.0376659 9.99297E-05
