0.192329 9.99736E-05 9.99736E-05 0.293764 9.99736E-05 0.513607
0.0210763 9.99737E-05 9.99737E-05 0.131417 9.99737E-05 0.847207
0.0541883 9.99649E-05 9.99649E-05 9.99649E-05 9.99649E-05 0.945412
0.165474 0.0717572 0.274871 0.0696196 0.0576539 0.360623
9.99736E-05 9.99736E-05 0.0609612 9.99736E-05 0.021623 0.917116
9.999E-05 0.16473 0.262784 0.133058 0.171476 0.267852
0.0811953 9.99825E-05 0.350355 0.181016 9.99825E-05 0.387234
9.99825E-05 0.0662751 0.463764 9.99825E-05 0.170486 0.299275
0.110111 9.99912E-05 0.0589085 0.292633 0.261732 0.276516
9.996E-05 9.996E-05 9.996E-05 9.996E-05 9.996E-05 0.9995
0.14716 9.99824E-05 9.99824E-05 0.234163 0.0131765 0.605301
0.00284073 9.99737E-05 0.0678731 9.99737E-05 9.99737E-05 0.928986
9.99736E-05 9.99736E-05 9.99736E-05 0.0216818 0.0295282 0.94849
0.0591445 0.266374 9.99824E-05 0.0300204 9.99824E-05 0.644261
9.99912E-05 0.168622 0.158644 0.158828 0.121599 0.392207
9.99824E-05 9.99824E-05 0.376576 0.112287 0.199517 0.311421
0.032903 0.123372 0.0709208 0.107215 9.99912E-05 0.665489
0.150954 9.99912E-05 0.239779 0.239831 0.0922849 0.277051
0.107312 9.99912E-05 0.0738412 0.168498 0.202404 0.447845
0.0574782 9.99649E-05 9.99649E-05 9.99649E-05 9.99649E-05 0.942122
0.0265746 9.99912E-05 0.269385 0.0357694 0.126952 0.541219
9.99912E-05 0.0604934 0.355052 0.012997 0.198399 0.372959
0.0732817 9.99737E-05 9.99737E-05 0.186324 9.99737E-05 0.740094
9.99824E-05 9.99824E-05 0.169576 0.359071 0.0304044 0.440749
0.250214 0.138254 9.99912E-05 0.217831 0.0615194 0.332082
9.999E-05 0.108132 0.0459267 0.0844077 0.0191228 0.74231
0.0597138 0.220779 0.282385 0.336773 0.0279509 0.0723991
0.115826 9.99737E-05 9.99737E-05 0.0624336 9.99737E-05 0.82144
0.0264555 0.0209999 9.99824E-05 0.239187 9.99824E-05 0.713157
0.00356828 0.0638477 0.0466259 0.0658614 0.101108 0.718989
0.160382 9.99824E-05 9.99824E-05 0.104076 0.0201524 0.715189
9.99824E-05 0.212966 0.07863 0.0881421 9.99824E-05 0.620062
0.197912 0.00281616 9.99824E-05 0.216472 9.99824E-05 0.5826
0.040699 0.341657 0.101939 0.071499 9.99912E-05 0.444107
0.045477 9.99825E-05 9.99825E-05 0.0638188 0.00981498 0.880689
0.0912393 9.99824E-05 9.99824E-05 0.0744057 0.0284756 0.80568
0.00626453 9.99737E-05 0.0499857 9.99737E-05 9.99737E-05 0.94345
0.0320077 9.99824E-05 9.99824E-05 0.0906007 0.148773 0.728419
0.0474381 0.172094 9.99912E-05 0.215443 0.000945835 0.563979
9.99824E-05 0.146918 0.18175 0.123101 9.99824E-05 0.548031
0.0315996 9.99824E-05 9.99824E-05 0.0714888 0.0161249 0.880587
9.99737E-05 9.99737E-05 9.99737E-05 0.207176 0.0543847 0.738139
9.99649E-05 9.99649E-05 0.0547958 9.99649E-05 9.99649E-05 0.944804
0.085449 9.99824E-05 9.99824E-05 0.280299 0.120563 0.513489
0.0578072 9.99824E-05 0.212435 0.330381 9.99824E-05 0.399177
0.100536 9.99736E-05 9.99736E-05 9.99736E-05 0.00204532 0.897118
0.0250178 9.99824E-05 9.99824E-05 0.0253461 0.0293737 0.920062
9.996E-05 9.996E-05 9.996E-05 9.996E-05 9.996E-05 0.9995
0.0493994 9.99824E-05 0.0270193 0.142389 9.99824E-05 0.780992
0.031783 9.99825E-05 0.128485 0.0892982 9.99825E-05 0.750234
0.136804 0.112324 0.0611036 0.264446 0.0564603 0.368862
0.043004 9.99824E-05 0.231204 9.99824E-05 0.029321 0.696271
9.99737E-05 9.99737E-05 0.0169636 0.104384 9.99737E-05 0.878352
9.99912E-05 0.0139166 0.239823 0.0297445 0.0101005 0.706315
0.0297328 9.99825E-05 0.0764313 0.11393 9.99825E-05 0.779706
0.137819 0.0829443 0.118083 9.99825E-05 9.99825E-05 0.660953
9.99824E-05 9.99824E-05 0.132233 0.063919 0.00487686 0.798771
0.0211301 9.99824E-05 0.0346692 0.0404919 9.99824E-05 0.903509
0.0163166 9.99824E-05 0.0561349 0.0154598 9.99824E-05 0.911889
0.0541692 9.99912E-05 0.0674067 0.774371 0.0317391 0.072214
9.99825E-05 9.99825E-05 0.203049 0.416117 0.000905007 0.379728
9.99912E-05 0.0198986 0.223531 0.341501 0.0146166 0.400352
0.0278978 0.194648 0.0691502 0.52794 0.180263 9.99912E-05
0.0347959 9.99912E-05 0.299242 0.427396 0.132618 0.105848
0.0604017 9.99824E-05 0.0856802 0.753121 0.100597 9.99824E-05
0.169217 9.99912E-05 0.00430115 0.796379 0.0199432 0.0100597
9.99824E-05 0.0191178 0.237049 0.637292 0.106342 9.99824E-05
9.99825E-05 0.110958 0.0460464 0.596976 9.99825E-05 0.245819
0.0202111 9.99825E-05 0.254217 0.458307 9.99825E-05 0.267065
0.242092 9.99736E-05 9.99736E-05 0.683333 0.074275 9.99736E-05
0.060411 9.99912E-05 0.357019 0.501759 0.0244166 0.0562948
0.115859 0.0750775 0.318258 0.293198 0.190938 0.00666976
9.99824E-05 9.99824E-05 0.190527 0.759117 0.0149752 0.035181
9.99825E-05 0.219731 0.147239 0.32609 9.99825E-05 0.30674
0.00520324 0.0836655 0.102307 0.548366 0.0219061 0.238552
9.99825E-05 0.0646109 0.409497 0.524566 0.00112645 9.99825E-05
0.0634701 9.99912E-05 0.297395 0.407044 0.109494 0.122497
9.99825E-05 9.99825E-05 0.22085 0.481336 0.0858801 0.211734
0.00275952 9.99736E-05 0.282897 0.714043 9.99736E-05 9.99736E-05
9.99825E-05 0.0171069 0.120965 0.478987 9.99825E-05 0.382741
9.99912E-05 0.0495702 0.195688 0.576719 0.0403984 0.137523
9.99825E-05 0.343391 9.99825E-05 0.402492 0.0266249 0.227292
9.99824E-05 9.99824E-05 0.350711 0.355376 0.0878758 0.205837
0.248268 9.99912E-05 0.0132601 0.398141 0.0569938 0.283237
0.0173161 0.0711057 9.99912E-05 0.47918 0.0495779 0.38272
9.99825E-05 0.0433722 0.118632 0.378839 9.99825E-05 0.458957
9.99825E-05 9.99825E-05 0.108824 0.607643 0.0150219 0.268311
9.99825E-05 9.99825E-05 0.212749 0.405413 0.0642589 0.31738
9.99825E-05 0.123756 9.99825E-05 0.446093 0.106792 0.323158
9.99736E-05 0.805866 9.99736E-05 0.0477165 0.146118 9.99736E-05
9.996E-05 0.9995 9.996E-05 9.996E-05 9.996E-05 9.996E-05
0.0381554 0.885981 9.99736E-05 0.0755636 9.99736E-05 9.99736E-05
0.0651773 0.738062 9.99824E-05 0.0806248 0.115936 9.99824E-05
0.0881308 0.753522 9.99736E-05 9.99736E-05 0.158047 9.99736E-05
9.99736E-05 0.640986 9.99736E-05 0.160584 0.19813 9.99736E-05
0.0675627 0.780768 9.99824E-05 0.0505561 0.100914 9.99824E-05
9.99736E-05 0.691444 9.99736E-05 0.0371592 0.271097 9.99736E-05
9.99736E-05 0.290113 9.99736E-05 0.29135 0.418237 9.99736E-05
9.99824E-05 0.554501 0.0139643 0.201111 0.230224 9.99824E-05
9.99649E-05 0.801529 9.99649E-05 0.198071 9.99649E-05 9.99649E-05
0.00101991 0.821612 9.99737E-05 0.177068 9.99737E-05 9.99737E-05
9.99649E-05 0.894837 9.99649E-05 9.99649E-05 0.104763 9.99649E-05
9.997E-05 0.598327 9.997E-05 0.233593 0.16778 9.997E-05
0.0575425 0.72496 0.13539 9.99824E-05 0.0819082 9.99824E-05
0.0552902 0.603154 9.99824E-05 0.247715 0.0936406 9.99824E-05
0.0107564 0.645849 9.99824E-05 0.267282 0.0759125 9.99824E-05
9.99737E-05 0.821422 0.0358062 9.99737E-05 0.142472 9.99737E-05
0.0154201 0.933784 9.99736E-05 9.99736E-05 0.0504959 9.99736E-05
0.118297 0.657283 9.99824E-05 0.0861563 0.138063 9.99824E-05
9.99736E-05 0.764875 9.99736E-05 0.147344 0.0874806 9.99736E-05
0.0310137 0.873395 9.99736E-05 9.99736E-05 0.0952913 9.99736E-05
0.0848303 0.339565 9.99824E-05 0.300203 0.275202 9.99824E-05
9.99649E-05 0.823942 9.99649E-05 9.99649E-05 0.175658 9.99649E-05
0.118129 0.39445 0.0282171 0.284561 0.174543 9.99912E-05
9.99737E-05 0.599301 9.99737E-05 0.221444 0.178956 9.99737E-05
0.00969247 0.930491 9.99737E-05 9.99737E-05 9.99737E-05 0.0595163
0.0777043 0.525767 0.0762733 0.201172 0.118984 9.99912E-05
9.99736E-05 0.451962 9.99736E-05 0.291198 0.25654 9.99736E-05
0.181826 0.817775 9.99649E-05 9.99649E-05 9.99649E-05 9.99649E-05
0.0356532 0.712766 9.99824E-05 0.199511 0.0518696 9.99824E-05
0.110108 0.869242 0.00495575 9.99824E-05 0.0154942 9.99824E-05
0.2861 0.454456 9.99736E-05 9.99736E-05 0.259144 9.99736E-05
0.116944 0.552442 9.99824E-05 0.250576 0.0798375 9.99824E-05
0.0366797 0.96292 9.99649E-05 9.99649E-05 9.99649E-05 9.99649E-05
0.0444428 0.841385 0.00460032 9.99824E-05 0.109372 9.99824E-05
0.0173478 0.603257 9.99824E-05 0.238069 0.141126 9.99824E-05
9.99649E-05 0.986366 9.99649E-05 9.99649E-05 0.0132345 9.99649E-05
0.00354435 0.984638 9.99737E-05 9.99737E-05 0.0115177 9.99737E-05
9.996E-05 0.9995 9.996E-05 9.996E-05 9.996E-05 9.996E-05
9.99649E-05 0.981001 9.99649E-05 9.99649E-05 0.0185989 9.99649E-05
9.99736E-05 0.403195 9.99736E-05 0.474062 0.122444 9.99736E-05
9.99736E-05 0.77531 0.02793 9.99736E-05 0.19646 9.99736E-05
9.99825E-05 0.822062 9.99825E-05 0.0284731 0.144806 0.00445978
9.99649E-05 0.982778 9.99649E-05 9.99649E-05 0.0168219 9.99649E-05
0.186393 0.340023 9.99824E-05 0.25023 0.223154 9.99824E-05
0.0316501 0.514175 0.0508535 0.2605 0.142721 9.99912E-05
9.99825E-05 0.482036 0.230133 0.154907 0.132724 9.99825E-05
0.0608107 0.347231 0.0471928 0.229224 0.315441 9.99912E-05
9.996E-05 0.9995 9.996E-05 9.996E-05 9.996E-05 9.996E-05
0.0703858 0.584941 0.141926 0.190206 0.0124409 9.99912E-05
9.9965E-05 0.928606 9.9965E-05 9.9965E-05 0.0709944 9.9965E-05
9.99737E-05 0.694857 9.99737E-05 0.169993 0.134851 9.99737E-05
9.99736E-05 0.788061 0.084642 9.99736E-05 0.126997 9.99736E-05
0.167997 0.831603 9.99648E-05 9.99648E-05 9.99648E-05 9.99648E-05
9.99736E-05 0.294065 9.99736E-05 0.464039 0.241596 9.99736E-05
9.99648E-05 0.781043 9.99648E-05 9.99648E-05 0.218557 9.99648E-05
0.102114 0.73192 0.0269488 9.99824E-05 0.138817 9.99824E-05
0.147993 0.851607 9.99648E-05 9.99648E-05 9.99648E-05 9.99648E-05
9.99736E-05 0.726498 9.99736E-05 0.104655 0.168547 9.99736E-05
9.996E-05 9.996E-05 9.996E-05 0.9995 9.996E-05 9.996E-05
9.996E-05 9.996E-05 9.996E-05 9.996E-05 0.9995 9.996E-05
9.996E-05 9.996E-05 9.996E-05 0.9995 9.996E-05 9.996E-05
9.996E-05 9.996E-05 9.996E-05 9.996E-05 0.9995 9.996E-05
9.996E-05 9.996E-05 9.996E-05 9.996E-05 0.9995 9.996E-05
9.996E-05 9.996E-05 9.996E-05 9.996E-05 0.9995 9.996E-05
9.996E-05 9.996E-05 9.996E-05 0.9995 9.996E-05 9.996E-05
9.996E-05 9.996E-05 9.996E-05 9.996E-05 0.9995 9.996E-05
9.996E-05 9.996E-05 9.996E-05 9.996E-05 0.9995 9.996E-05
9.996E-05 9.996E-05 9.996E-05 0.9995 9.996E-05 9.996E-05
9.99648E-05 9.99648E-05 0.00960857 0.989992 9.99648E-05 9.99648E-05
9.996E-05 9.996E-05 9.996E-05 0.9995 9.996E-05 9.996E-05
9.996E-05 9.996E-05 9.996E-05 9.996E-05 0.9995 9.996E-05
9.996E-05 9.996E-05 9.996E-05 9.996E-05 0.9995 9.996E-05
9.996E-05 9.996E-05 9.996E-05 0.9995 9.996E-05 9.996E-05
9.996E-05 9.996E-05 9.996E-05 0.9995 9.996E-05 9.996E-05
0.0928842 0.332824 0.252334 0.188947 0.132911 9.99912E-05
9.996E-05 9.996E-05 9.996E-05 0.9995 9.996E-05 9.996E-05
9.996E-05 9.996E-05 9.996E-05 9.996E-05 0.9995 9.996E-05
9.996E-05 9.996E-05 9.996E-05 0.9995 9.996E-05 9.996E-05
9.996E-05 9.996E-05 9.996E-05 0.9995 9.996E-05 9.996E-05
9.996E-05 9.996E-05 9.996E-05 0.9995 9.996E-05 9.996E-05
9.996E-05 9.996E-05 9.996E-05 9.996E-05 0.9995 9.996E-05
9.996E-05 9.996E-05 9.996E-05 0.9995 9.996E-05 9.996E-05
9.996E-05 9.996E-05 9.996E-05 9.996E-05 0.9995 9.996E-05
9.996E-05 9.996E-05 9.996E-05 0.9995 9.996E-05 9.996E-05
9.996E-05 9.996E-05 9.996E-05 0.9995 9.996E-05 9.996E-05
9.996E-05 9.996E-05 9.996E-05 9.996E-05 0.9995 9.996E-05
9.996E-05 9.996E-05 9.996E-05 9.996E-05 0.9995 9.996E-05
9.996E-05 9.996E-05 9.996E-05 9.996E-05 0.9995 9.996E-05
9.996E-05 9.996E-05 9.996E-05 0.9995 9.996E-05 9.996E-05
9.996E-05 9.996E-05 9.996E-05 0.9995 9.996E-05 9.996E-05
9.996E-05 9.996E-05 9.996E-05 0.9995 9.996E-05 9.996E-05
9.996E-05 9.996E-05 9.996E-05 0.9995 9.996E-05 9.996E-05
9.996E-05 9.996E-05 9.996E-05 0.9995 9.996E-05 9.996E-05
9.996E-05 9.996E-05 9.996E-05 9.996E-05 0.9995 9.996E-05
9.996E-05 9.996E-05 9.996E-05 9.996E-05 0.9995 9.996E-05
9.996E-05 9.996E-05 9.996E-05 9.996E-05 0.9995 9.996E-05
9.996E-05 9.996E-05 9.996E-05 0.9995 9.996E-05 9.996E-05
9.996E-05 9.996E-05 9.996E-05 9.996E-05 0.9995 9.996E-05
9.996E-05 9.996E-05 9.996E-05 9.996E-05 0.9995 9.996E-05
9.996E-05 9.996E-05 9.996E-05 9.996E-05 0.9995 9.996E-05
9.996E-05 9.996E-05 9.996E-05 9.996E-05 0.9995 9.996E-05
9.996E-05 9.996E-05 9.996E-05 0.9995 9.996E-05 9.996E-05
9.996E-05 9.996E-05 9.996E-05 9.996E-05 0.9995 9.996E-05
9.996E-05 9.996E-05 9.996E-05 9.996E-05 0.9995 9.996E-05
9.99824E-05 0.396331 0.388787 0.162951 0.0517307 9.99824E-05
9.996E-05 9.996E-05 9.996E-05 0.9995 9.996E-05 9.996E-05
9.996E-05 9.996E-05 9.996E-05 9.996E-05 0.9995 9.996E-05
9.996E-05 9.996E-05 9.996E-05 9.996E-05 0.9995 9.996E-05
9.996E-05 9.996E-05 9.996E-05 9.996E-05 0.9995 9.996E-05
9.996E-05 9.996E-05 9.996E-05 9.996E-05 0.9995 9.996E-05
9.996E-05 9.996E-05 9.996E-05 0.9995 9.996E-05 9.996E-05
9.996E-05 9.996E-05 9.996E-05 9.996E-05 0.9995 9.996E-05
9.996E-05 9.996E-05 9.996E-05 0.9995 9.996E-05 9.996E-05
9.996E-05 9.996E-05 9.996E-05 9.996E-05 0.9995 9.996E-05
9.996E-05 9.996E-05 9.996E-05 0.9995 9.996E-05 9.996E-05
9.996E-05 9.996E-05 9.996E-05 9.996E-05 0.9995 9.996E-05
9.996E-05 9.996E-05 9.996E-05 9.996E-05 0.9995 9.996E-05
9.996E-05 9.996E-05 9.996E-05 9.996E-05 0.9995 9.996E-05
9.996E-05 9.996E-05 9.996E-05 9.996E-05 0.9995 9.996E-05
9.996E-05 9.996E-05 9.996E-05 9.996E-05 0.9995 9.996E-05
9.996E-05 9.996E-05 9.996E-05 9.996E-05 0.9995 9.996E-05
9.996E-05 9.996E-05 9.996E-05 0.9995 9.996E-05 9.996E-05
9.996E-05 9.996E-05 9.996E-05 0.9995 9.996E-05 9.996E-05
9.996E-05 9.996E-05 9.996E-05 0.9995 9.996E-05 9.996E-05
9.996E-05 9.996E-05 9.996E-05 9.996E-05 0.9995 9.996E-05
9.996E-05 9.996E-05 9.996E-05 0.9995 9.996E-05 9.996E-05
9.996E-05 9.996E-05 9.996E-05 0.9995 9.996E-05 9.996E-05
9.996E-05 9.996E-05 9.996E-05 0.9995 9.996E-05 9.996E-05
9.996E-05 9.996E-05 9.996E-05 9.996E-05 0.9995 9.996E-05
9.996E-05 9.996E-05 9.996E-05 9.996E-05 0.9995 9.996E-05
9.996E-05 9.996E-05 9.996E-05 9.996E-05 0.9995 9.996E-05
9.996E-05 9.996E-05 9.996E-05 0.9995 9.996E-05 9.996E-05
9.996E-05 9.996E-05 9.996E-05 9.996E-05 0.9995 9.996E-05
9.996E-05 9.996E-05 9.996E-05 9.996E-05 0.9995 9.996E-05
9.996E-05 9.996E-05 9.996E-05 0.9995 9.996E-05 9.996E-05
9.996E-05 9.996E-05 9.996E-05 9.996E-05 0.9995 9.996E-05
9.996E-05 9.996E-05 9.996E-05 9.996E-05 0.9995 9.996E-05
0.188711 0.251308 0.0034081 0.453618 0.102855 9.99912E-05
9.996E-05 9.996E-05 9.996E-05 0.9995 9.996E-05 9.996E-05
9.996E-05 9.996E-05 9.996E-05 9.996E-05 0.9995 9.996E-05
0.0838193 0.472128 0.0323691 9.99824E-05 0.411483 9.99824E-05
9.99824E-05 0.459474 0.0983805 0.14437 0.297576 9.99824E-05
9.997E-05 0.595957 9.997E-05 0.241059 0.162684 9.997E-05
0.00130022 0.797385 0.201015 9.99736E-05 9.99736E-05 9.99736E-05
9.99736E-05 0.331114 9.99736E-05 0.404385 0.264202 9.99736E-05
9.99737E-05 0.921008 9.99737E-05 9.99737E-05 0.0711854 0.00750662
0.0902975 0.374128 9.99824E-05 0.264049 0.271326 9.99824E-05
0.252733 0.57467 9.99736E-05 9.99736E-05 0.172297 9.99736E-05
9.99649E-05 0.818434 9.99649E-05 9.99649E-05 0.181167 9.99649E-05
9.99648E-05 0.768896 0.230704 9.99648E-05 9.99648E-05 9.99648E-05
9.99736E-05 0.720322 9.99736E-05 0.216758 0.0626203 9.99736E-05
9.99736E-05 0.359161 9.99736E-05 0.0572282 0.583311 9.99736E-05
9.99824E-05 0.256773 0.170857 0.298199 0.273971 9.99824E-05
9.99824E-05 0.783156 0.0983312 0.0253095 0.0930037 9.99824E-05
0.0940326 0.591037 9.99824E-05 0.223492 0.0912377 9.99824E-05
9.99824E-05 0.325999 0.0134239 0.305177 0.3552 9.99824E-05
9.99737E-05 0.785021 9.99737E-05 0.0350715 0.179608 9.99737E-05
0.0995208 0.379721 0.0415016 0.431159 0.0479984 9.99912E-05
0.106075 0.570941 9.99824E-05 0.193404 0.12938 9.99824E-05
9.99824E-05 0.538661 0.0863712 0.19621 0.178559 9.99824E-05
0.0800296 0.712994 9.99824E-05 0.0709918 0.135784 9.99824E-05
9.99737E-05 0.63212 0.147082 9.99737E-05 0.220498 9.99737E-05
0.0786818 0.506355 0.160427 0.0497757 0.204661 9.99912E-05
0.0398612 0.701512 0.146191 9.99824E-05 0.112235 9.99824E-05
9.99736E-05 0.863645 0.0731371 9.99736E-05 0.0629181 9.99736E-05
9.996E-05 0.9995 9.996E-05 9.996E-05 9.996E-05 9.996E-05
0.0678425 0.550536 0.195125 0.152747 0.0336495 9.99912E-05
9.99824E-05 0.3863 0.0203153 0.289623 0.303562 9.99824E-05
9.99648E-05 0.830694 0.168906 9.99648E-05 9.99648E-05 9.99648E-05
0.165971 0.6099 0.0615893 9.99824E-05 0.16234 9.99824E-05
0.102736 0.254623 9.99824E-05 0.241464 0.400977 9.99824E-05
9.99736E-05 0.693386 9.99736E-05 0.0750632 0.23125 9.99736E-05
9.99824E-05 0.535113 0.0414103 0.225898 0.197379 9.99824E-05
0.117527 0.551485 0.0166414 0.100724 0.213522 9.99912E-05
9.99824E-05 0.610703 0.160467 0.146468 0.0821624 9.99824E-05
9.99736E-05 0.815105 9.99736E-05 0.148498 0.0360971 9.99736E-05
9.996E-05 0.9995 9.996E-05 9.996E-05 9.996E-05 9.996E-05
0.024911 0.474576 0.141964 0.35835 9.99824E-05 9.99824E-05
0.181641 0.775121 9.99736E-05 0.0429375 9.99736E-05 9.99736E-05
9.99824E-05 0.552022 0.22892 0.0285576 0.1903 9.99824E-05
0.0619439 0.629587 9.99824E-05 0.19934 0.10893 9.99824E-05
0.0524531 0.679925 0.0316013 0.207316 0.0286044 9.99912E-05
9.99824E-05 0.552603 0.10422 0.10958 0.233397 9.99824E-05
9.99736E-05 0.392575 9.99736E-05 0.160626 0.446498 9.99736E-05
9.99736E-05 0.249536 9.99736E-05 0.420055 0.330109 9.99736E-05
9.99824E-05 0.742291 0.0316866 0.0426199 0.183203 9.99824E-05
9.996E-05 0.9995 9.996E-05 9.996E-05 9.996E-05 9.996E-05
0.0542397 0.750554 9.99736E-05 9.99736E-05 0.194907 9.99736E-05
9.996E-05 0.9995 9.996E-05 9.996E-05 9.996E-05 9.996E-05
0.0591414 0.267703 0.134307 0.305593 0.233156 9.99912E-05
9.996E-05 0.9995 9.996E-05 9.996E-05 9.996E-05 9.996E-05
9.99736E-05 0.541794 9.99736E-05 0.446969 0.0109375 9.99736E-05
0.014471 0.416457 0.0306352 0.538237 9.99824E-05 9.99824E-05
9.99736E-05 0.553247 9.99736E-05 0.27704 0.169414 9.99736E-05
9.99736E-05 0.630636 0.273838 9.99736E-05 0.095226 9.99736E-05
9.99736E-05 0.713195 9.99736E-05 0.017278 0.269227 9.99736E-05
9.99649E-05 0.802822 9.99649E-05 0.196778 9.99649E-05 9.99649E-05
9.99649E-05 0.79619 9.99649E-05 9.99649E-05 0.20341 9.99649E-05
9.99736E-05 0.69627 9.99736E-05 0.113054 0.190376 9.99736E-05
9.99737E-05 0.436231 9.99737E-05 0.320137 0.243332 9.99737E-05
9.996E-05 0.9995 9.996E-05 9.996E-05 9.996E-05 9.996E-05
9.99649E-05 0.943444 9.99649E-05 9.99649E-05 0.0561562 9.99649E-05
9.99737E-05 0.785044 9.99737E-05 0.0814553 9.99737E-05 0.133201
0.0560705 0.688804 9.99824E-05 0.161974 0.0929505 9.99824E-05
0.0663446 0.739371 9.99824E-05 0.0311656 0.162919 9.99824E-05
9.99649E-05 0.737625 9.99649E-05 9.99649E-05 0.261975 9.99649E-05
9.99649E-05 0.989445 9.99649E-05 9.99649E-05 0.010155 9.99649E-05
0.0429007 0.356013 9.99824E-05 0.320582 0.280305 9.99824E-05
0.11238 0.581826 9.99824E-05 0.244208 0.0613852 9.99824E-05
0.0323429 0.82124 9.99825E-05 0.1443 0.0019173 9.99825E-05
0.054653 0.46545 9.99824E-05 0.419659 0.0600378 9.99824E-05
9.99737E-05 0.819876 9.99737E-05 0.105358 9.99737E-05 0.074466
9.99736E-05 0.53979 9.99736E-05 0.171888 0.288022 9.99736E-05
0.0365953 0.572244 0.228542 0.162418 9.99824E-05 9.99824E-05
9.99649E-05 0.908499 9.99649E-05 0.0911008 9.99649E-05 9.99649E-05
9.99737E-05 0.656134 9.99737E-05 0.189345 0.154221 9.99737E-05
9.99737E-05 0.955778 9.99737E-05 0.0163901 9.99737E-05 0.0275318
9.99648E-05 0.87072 9.99648E-05 0.12888 9.99648E-05 9.99648E-05
9.99737E-05 0.912744 9.99737E-05 0.0555958 0.0313599 9.99737E-05
0.0904621 0.533947 9.99824E-05 0.102345 0.273046 9.99824E-05
0.0929633 0.604058 0.0515097 9.99824E-05 0.251269 9.99824E-05
0.196301 0.411598 0.131658 9.99824E-05 0.260243 9.99824E-05
9.996E-05 0.9995 9.996E-05 9.996E-05 9.996E-05 9.996E-05
0.0437482 0.705246 9.99737E-05 9.99737E-05 0.250706 9.99737E-05
0.198103 0.517539 0.0263409 0.0599336 0.197983 9.99912E-05
9.99737E-05 0.841472 9.99737E-05 0.100126 0.0581018 9.99737E-05
0.0950565 0.712141 9.99824E-05 0.186883 0.0057201 9.99824E-05
0.0103319 0.386015 0.0814909 0.0890037 0.433058 9.99912E-05
0.00555113 0.564643 0.0267485 0.302657 0.1003 9.99912E-05
0.087602 0.515791 9.99824E-05 0.178835 0.217572 9.99824E-05
0.187109 0.500355 9.99825E-05 0.254961 0.0573755 9.99825E-05
9.99824E-05 0.352808 0.00153978 0.591383 0.0540686 9.99824E-05
9.99824E-05 0.304338 0.00735707 0.359302 0.328804 9.99824E-05
0.239428 0.55131 9.99824E-05 0.128726 0.0803372 9.99824E-05
9.99737E-05 0.720343 9.99737E-05 0.0084561 0.270901 9.99737E-05
9.99737E-05 0.886522 9.99737E-05 0.111474 0.00170413 9.99737E-05
9.99736E-05 0.531102 0.157701 9.99736E-05 0.310897 9.99736E-05
0.0430125 0.501019 9.99824E-05 0.39416 0.0616083 9.99824E-05
9.99732E-05 0.520156 9.99732E-05 0.479445 9.99732E-05 9.99732E-05
9.99736E-05 0.313364 9.99736E-05 0.640337 0.0459984 9.99736E-05
0.107957 0.443658 0.284295 9.99824E-05 0.163889 9.99824E-05
9.99824E-05 0.600739 0.102054 0.279268 0.0177389 9.99824E-05
0.175703 0.45849 0.0907401 0.231587 0.04338 9.99912E-05
9.99737E-05 0.800883 9.99737E-05 0.0601034 0.138713 9.99737E-05
9.99825E-05 0.77078 9.99825E-05 0.0962658 0.102154 0.030601
9.99737E-05 0.590899 9.99737E-05 0.269359 0.139442 9.99737E-05
0.061811 0.379082 0.0858945 0.473013 9.99824E-05 9.99824E-05
9.99649E-05 0.918561 9.99649E-05 9.99649E-05 0.0810394 9.99649E-05
9.996E-05 0.9995 9.996E-05 9.996E-05 9.996E-05 9.996E-05
0.092479 0.88898 9.99737E-05 9.99737E-05 0.0182411 9.99737E-05
0.0139942 0.886208 9.99736E-05 9.99736E-05 0.0994976 9.99736E-05
9.99649E-05 0.935515 9.99649E-05 0.0640854 9.99649E-05 9.99649E-05
9.99736E-05 0.61463 9.99736E-05 0.227137 0.157933 9.99736E-05
9.99824E-05 0.670834 0.0856226 0.156968 0.0863752 9.99824E-05
0.211822 0.259799 9.99736E-05 0.528079 9.99736E-05 9.99736E-05
9.99649E-05 0.607624 9.99649E-05 9.99649E-05 0.391976 9.99649E-05
0.0501994 0.683928 9.99824E-05 0.13135 0.134323 9.99824E-05
0.0166463 0.481209 0.154796 0.347148 9.99824E-05 9.99824E-05
9.99649E-05 0.940524 9.99649E-05 9.99649E-05 0.059076 9.99649E-05
0.0934535 0.296829 0.0667431 0.542774 9.99824E-05 9.99824E-05
0.0503147 0.680143 0.0320744 0.237268 9.99824E-05 9.99824E-05
0.100078 0.560987 9.99824E-05 0.0616272 0.277108 9.99824E-05
9.99736E-05 0.433284 9.99736E-05 0.478395 0.0880205 9.99736E-05
0.0284354 0.604943 0.119874 0.102136 0.144511 9.99912E-05
9.99737E-05 0.674485 9.99737E-05 0.0963349 0.22888 9.99737E-05
0.143796 0.433499 9.99824E-05 0.296556 0.125949 9.99824E-05
9.99649E-05 0.96733 9.99649E-05 0.0322697 9.99649E-05 9.99649E-05
9.9965E-05 0.888503 9.9965E-05 9.9965E-05 0.111097 9.9965E-05
0.044888 0.465056 0.157006 0.130963 0.201987 9.99912E-05
0.0184363 0.470688 9.99824E-05 0.267541 0.243135 9.99824E-05
9.99824E-05 0.0547317 0.12259 0.660982 0.161496 9.99824E-05
0.0180264 0.0292382 0.152182 0.708809 0.0916444 9.99912E-05
0.0287812 0.0274539 0.151305 0.574764 0.217596 9.99912E-05
0.0146289 0.286157 0.117651 0.572978 0.00848515 9.99912E-05
0.0592095 0.105047 0.234613 0.509083 0.0919471 9.99912E-05
9.99825E-05 0.0848829 9.99825E-05 0.593112 0.0598779 0.261927
0.0309226 9.99824E-05 0.0720094 0.778132 0.118736 9.99824E-05
9.99825E-05 0.0292719 0.267257 0.572774 0.130496 9.99825E-05
9.99912E-05 0.0465703 0.201294 0.424589 0.0256439 0.301803
0.0488193 0.00786452 0.0177468 0.729114 0.196355 9.99912E-05
0.166424 0.0328194 0.0936668 0.606907 0.100082 9.99912E-05
0.114565 0.0921823 9.99825E-05 0.703 9.99825E-05 0.0900526
9.99824E-05 0.0931783 0.208006 0.573866 0.12475 9.99824E-05
9.99825E-05 0.0106511 9.99825E-05 0.625113 0.0073431 0.356693
0.151218 0.198016 0.0466288 0.550742 9.99912E-05 0.053295
0.0224653 9.99824E-05 0.128189 0.690625 0.158521 9.99824E-05
0.161358 0.135234 0.0100258 0.675945 0.0173377 9.99912E-05
9.99737E-05 0.0505144 0.158971 0.790215 9.99737E-05 9.99737E-05
0.20383 9.99824E-05 0.116521 0.590236 0.0892137 9.99824E-05
9.99737E-05 9.99737E-05 0.0873079 0.751525 0.160867 9.99737E-05
0.0846191 9.99824E-05 9.99824E-05 0.782492 0.130482 0.0022075
0.0748623 0.00739669 0.0847732 0.613756 0.038566 0.180646
0.233148 0.0035259 9.99912E-05 0.653115 0.0145974 0.0955137
9.99824E-05 0.0182966 0.142943 0.67323 0.165331 9.99824E-05
9.99649E-05 9.99649E-05 9.99649E-05 0.760002 0.239598 9.99649E-05
9.99648E-05 9.99648E-05 9.99648E-05 0.738712 0.260888 9.99648E-05
9.99648E-05 9.99648E-05 9.99648E-05 0.811873 0.187728 9.99648E-05
9.99649E-05 9.99649E-05 9.99649E-05 0.897616 0.101984 9.99649E-05
9.99649E-05 9.99649E-05 9.99649E-05 0.71039 0.289211 9.99649E-05
0.0220159 9.99737E-05 9.99737E-05 0.693216 0.284468 9.99737E-05
9.99737E-05 0.0677964 9.99737E-05 0.814608 0.117295 9.99737E-05
9.99737E-05 0.0249879 9.99737E-05 0.786578 0.188134 9.99737E-05
9.99648E-05 9.99648E-05 9.99648E-05 0.64029 0.35931 9.99648E-05
9.99736E-05 0.0287536 9.99736E-05 0.863031 0.107916 9.99736E-05
9.99649E-05 9.99649E-05 9.99649E-05 0.848032 0.151568 9.99649E-05
9.99648E-05 9.99648E-05 9.99648E-05 0.674041 0.32556 9.99648E-05
9.99737E-05 0.112767 9.99737E-05 0.638932 0.248002 9.99737E-05
9.99737E-05 0.0538196 9.99737E-05 0.827136 0.118744 9.99737E-05
9.99737E-05 0.141967 9.99737E-05 0.633938 0.223795 9.99737E-05
9.99736E-05 0.0586732 9.99736E-05 0.729033 0.211994 9.99736E-05
9.99649E-05 9.99649E-05 9.99649E-05 0.778258 0.221342 9.99649E-05
9.996E-05 9.996E-05 9.996E-05 0.728856 0.270744 9.996E-05
9.99649E-05 9.99649E-05 9.99649E-05 0.841856 0.157744 9.99649E-05
9.99648E-05 9.99648E-05 9.99648E-05 0.619992 0.379608 9.99648E-05
9.99649E-05 9.99649E-05 9.99649E-05 0.992853 0.00674699 9.99649E-05
9.99648E-05 9.99648E-05 9.99648E-05 0.678348 0.321252 9.99648E-05
9.99649E-05 0.951087 9.99649E-05 0.0485128 9.99649E-05 9.99649E-05
0.0185597 0.0635455 9.99825E-05 0.763856 0.153839 9.99825E-05
9.99649E-05 9.99649E-05 9.99649E-05 0.811389 0.188211 9.99649E-05
0.07501 9.99824E-05 0.0489809 0.86327 0.012539 9.99824E-05
9.99649E-05 9.99649E-05 9.99649E-05 0.874122 0.125478 9.99649E-05
9.99648E-05 9.99648E-05 9.99648E-05 0.648372 0.351228 9.99648E-05
9.99737E-05 0.10376 9.99737E-05 0.74298 0.15296 9.99737E-05
9.99649E-05 9.99649E-05 9.99649E-05 0.843145 0.156455 9.99649E-05
9.99649E-05 9.99649E-05 9.99649E-05 0.951943 0.0476573 9.99649E-05
9.99649E-05 9.99649E-05 9.99649E-05 0.819279 0.180321 9.99649E-05
9.99649E-05 9.99649E-05 9.99649E-05 0.82372 0.17588 9.99649E-05
9.99649E-05 9.99649E-05 9.99649E-05 0.71843 0.28117 9.99649E-05
9.99649E-05 9.99649E-05 9.99649E-05 0.814869 0.184731 9.99649E-05
9.99649E-05 9.99649E-05 9.99649E-05 0.712425 0.287175 9.99649E-05
9.99649E-05 9.99649E-05 9.99649E-05 0.850892 0.148708 9.99649E-05
9.99649E-05 9.99649E-05 9.99649E-05 0.782225 0.217375 9.99649E-05
9.99737E-05 0.0336027 9.99737E-05 0.737563 0.228534 9.99737E-05
9.9965E-05 9.9965E-05 9.9965E-05 0.892474 0.107126 9.9965E-05
9.99737E-05 0.00623565 9.99737E-05 0.826635 0.16683 9.99737E-05
9.99648E-05 9.99648E-05 9.99648E-05 0.836598 0.163002 9.99648E-05
9.99649E-05 9.99649E-05 9.99649E-05 0.824421 0.175179 9.99649E-05
0.119534 9.99912E-05 0.380425 0.313758 0.054511 0.131672
0.0200861 9.99912E-05 0.463592 0.217519 0.201822 0.0968811
0.182719 9.99912E-05 0.434077 0.0303994 0.311744 0.0409605
0.165814 9.99912E-05 0.335511 0.261776 0.151197 0.085602
0.181466 9.99912E-05 0.303236 0.352976 0.119922 0.0422991
0.0193678 9.99912E-05 0.437168 0.345565 0.146925 0.0508744
0.0706467 9.99912E-05 0.403662 0.306897 0.154787 0.0639073
9.99825E-05 9.99825E-05 0.493259 0.436209 0.0665906 0.0037413
0.0370057 9.99912E-05 0.401655 0.0290195 0.474329 0.0578904
0.316414 9.99912E-05 0.210986 0.285899 0.0835637 0.103038
0.0400992 9.99825E-05 0.491149 0.335333 0.133219 9.99825E-05
0.175267 9.99825E-05 0.419386 0.171899 0.233248 9.99825E-05
0.248519 9.99912E-05 0.33904 0.29843 0.0757869 0.0381244
0.075025 9.99912E-05 0.455175 0.25153 0.125086 0.0930833
0.00293948 9.99912E-05 0.550846 0.259877 0.151026 0.0352123
9.99737E-05 9.99737E-05 0.535703 0.426832 0.0371643 9.99737E-05
9.99824E-05 9.99824E-05 0.369208 0.471389 0.0836624 0.0755413
9.99825E-05 9.99825E-05 0.487842 0.265097 0.233045 0.0138153
0.182574 9.99824E-05 0.2996 0.346683 0.170944 9.99824E-05
0.0435679 9.99912E-05 0.384497 0.408831 0.05645 0.106554
0.9995 9.996E-05 9.996E-05 9.996E-05 9.996E-05 9.996E-05
0.9995 9.996E-05 9.996E-05 9.996E-05 9.996E-05 9.996E-05
0.9995 9.996E-05 9.996E-05 9.996E-05 9.996E-05 9.996E-05
0.9995 9.996E-05 9.996E-05 9.996E-05 9.996E-05 9.996E-05
0.9995 9.996E-05 9.996E-05 9.996E-05 9.996E-05 9.996E-05
0.9995 9.996E-05 9.996E-05 9.996E-05 9.996E-05 9.996E-05
0.9995 9.996E-05 9.996E-05 9.996E-05 9.996E-05 9.996E-05
0.9995 9.996E-05 9.996E-05 9.996E-05 9.996E-05 9.996E-05
0.9995 9.996E-05 9.996E-05 9.996E-05 9.996E-05 9.996E-05
0.9995 9.996E-05 9.996E-05 9.996E-05 9.996E-05 9.996E-05
0.9995 9.996E-05 9.996E-05 9.996E-05 9.996E-05 9.996E-05
0.952656 9.99648E-05 9.99648E-05 9.99648E-05 0.046944 9.99648E-05
0.9995 9.996E-05 9.996E-05 9.996E-05 9.996E-05 9.996E-05
0.9995 9.996E-05 9.996E-05 9.996E-05 9.996E-05 9.996E-05
0.9995 9.996E-05 9.996E-05 9.996E-05 9.996E-05 9.996E-05
0.9995 9.996E-05 9.996E-05 9.996E-05 9.996E-05 9.996E-05
0.9995 9.996E-05 9.996E-05 9.996E-05 9.996E-05 9.996E-05
0.9995 9.996E-05 9.996E-05 9.996E-05 9.996E-05 9.996E-05
0.9995 9.996E-05 9.996E-05 9.996E-05 9.996E-05 9.996E-05
0.9995 9.996E-05 9.996E-05 9.996E-05 9.996E-05 9.996E-05
0.9995 9.996E-05 9.996E-05 9.996E-05 9.996E-05 9.996E-05
0.9995 9.996E-05 9.996E-05 9.996E-05 9.996E-05 9.996E-05
0.9995 9.996E-05 9.996E-05 9.996E-05 9.996E-05 9.996E-05
0.9995 9.996E-05 9.996E-05 9.996E-05 9.996E-05 9.996E-05
0.9995 9.996E-05 9.996E-05 9.996E-05 9.996E-05 9.996E-05
0.9995 9.996E-05 9.996E-05 9.996E-05 9.996E-05 9.996E-05
0.9995 9.996E-05 9.996E-05 9.996E-05 9.996E-05 9.996E-05
0.9995 9.996E-05 9.996E-05 9.996E-05 9.996E-05 9.996E-05
0.9995 9.996E-05 9.996E-05 9.996E-05 9.996E-05 9.996E-05
0.9995 9.996E-05 9.996E-05 9.996E-05 9.996E-05 9.996E-05
0.9995 9.996E-05 9.996E-05 9.996E-05 9.996E-05 9.996E-05
0.9995 9.996E-05 9.996E-05 9.996E-05 9.996E-05 9.996E-05
0.9995 9.996E-05 9.996E-05 9.996E-05 9.996E-05 9.996E-05
0.9995 9.996E-05 9.996E-05 9.996E-05 9.996E-05 9.996E-05
0.9995 9.996E-05 9.996E-05 9.996E-05 9.996E-05 9.996E-05
0.9995 9.996E-05 9.996E-05 9.996E-05 9.996E-05 9.996E-05
0.9995 9.996E-05 9.996E-05 9.996E-05 9.996E-05 9.996E-05
0.9995 9.996E-05 9.996E-05 9.996E-05 9.996E-05 9.996E-05
0.9995 9.996E-05 9.996E-05 9.996E-05 9.996E-05 9.996E-05
0.9995 9.996E-05 9.996E-05 9.996E-05 9.996E-05 9.996E-05
0.9995 9.996E-05 9.996E-05 9.996E-05 9.996E-05 9.996E-05
0.9995 9.996E-05 9.996E-05 9.996E-05 9.996E-05 9.996E-05
0.9995 9.996E-05 9.996E-05 9.996E-05 9.996E-05 9.996E-05
0.9995 9.996E-05 9.996E-05 9.996E-05 9.996E-05 9.996E-05
0.9995 9.996E-05 9.996E-05 9.996E-05 9.996E-05 9.996E-05
0.9995 9.996E-05 9.996E-05 9.996E-05 9.996E-05 9.996E-05
0.9995 9.996E-05 9.996E-05 9.996E-05 9.996E-05 9.996E-05
0.9995 9.996E-05 9.996E-05 9.996E-05 9.996E-05 9.996E-05
0.9995 9.996E-05 9.996E-05 9.996E-05 9.996E-05 9.996E-05
0.9995 9.996E-05 9.996E-05 9.996E-05 9.996E-05 9.996E-05
0.9995 9.996E-05 9.996E-05 9.996E-05 9.996E-05 9.996E-05
0.9995 9.996E-05 9.996E-05 9.996E-05 9.996E-05 9.996E-05
0.9995 9.996E-05 9.996E-05 9.996E-05 9.996E-05 9.996E-05
0.9995 9.996E-05 9.996E-05 9.996E-05 9.996E-05 9.996E-05
0.9995 9.996E-05 9.996E-05 9.996E-05 9.996E-05 9.996E-05
0.9995 9.996E-05 9.996E-05 9.996E-05 9.996E-05 9.996E-05
0.9995 9.996E-05 9.996E-05 9.996E-05 9.996E-05 9.996E-05
0.9995 9.996E-05 9.996E-05 9.996E-05 9.996E-05 9.996E-05
0.9995 9.996E-05 9.996E-05 9.996E-05 9.996E-05 9.996E-05
0.967611 9.99648E-05 9.99648E-05 9.99648E-05 0.0319896 9.99648E-05
0.9995 9.996E-05 9.996E-05 9.996E-05 9.996E-05 9.996E-05
0.9995 9.996E-05 9.996E-05 9.996E-05 9.996E-05 9.996E-05
0.9995 9.996E-05 9.996E-05 9.996E-05 9.996E-05 9.996E-05
9.996E-05 9.996E-05 0.9995 9.996E-05 9.996E-05 9.996E-05
0.0328343 9.99648E-05 0.966766 9.99648E-05 9.99648E-05 9.99648E-05
0.091538 9.99648E-05 0.908062 9.99648E-05 9.99648E-05 9.99648E-05
9.996E-05 9.996E-05 0.9995 9.996E-05 9.996E-05 9.996E-05
9.996E-05 9.996E-05 0.9995 9.996E-05 9.996E-05 9.996E-05
0.205801 9.99648E-05 0.793799 9.99648E-05 9.99648E-05 9.99648E-05
9.996E-05 9.996E-05 0.9995 9.996E-05 9.996E-05 9.996E-05
9.996E-05 9.996E-05 0.9995 9.996E-05 9.996E-05 9.996E-05
9.996E-05 9.996E-05 0.9995 9.996E-05 9.996E-05 9.996E-05
9.996E-05 9.996E-05 0.9995 9.996E-05 9.996E-05 9.996E-05
0.0574633 9.99648E-05 0.942137 9.99648E-05 9.99648E-05 9.99648E-05
0.0174863 9.99648E-05 0.982114 9.99648E-05 9.99648E-05 9.99648E-05
0.184142 9.99648E-05 0.815458 9.99648E-05 9.99648E-05 9.99648E-05
0.00231286 9.99648E-05 0.997287 9.99648E-05 9.99648E-05 9.99648E-05
9.996E-05 9.996E-05 0.9995 9.996E-05 9.996E-05 9.996E-05
0.018829 9.99648E-05 0.980771 9.99648E-05 9.99648E-05 9.99648E-05
9.996E-05 9.996E-05 0.9995 9.996E-05 9.996E-05 9.996E-05
0.035198 9.99648E-05 0.964402 9.99648E-05 9.99648E-05 9.99648E-05
9.996E-05 9.996E-05 0.9995 9.996E-05 9.996E-05 9.996E-05
0.0843472 9.99648E-05 0.915253 9.99648E-05 9.99648E-05 9.99648E-05
0.0704921 9.99648E-05 0.929108 9.99648E-05 9.99648E-05 9.99648E-05
9.996E-05 9.996E-05 0.9995 9.996E-05 9.996E-05 9.996E-05
0.0543159 9.99648E-05 0.945284 9.99648E-05 9.99648E-05 9.99648E-05
9.996E-05 9.996E-05 0.9995 9.996E-05 9.996E-05 9.996E-05
9.996E-05 9.996E-05 0.9995 9.996E-05 9.996E-05 9.996E-05
0.010385 9.99648E-05 0.989215 9.99648E-05 9.99648E-05 9.99648E-05
0.0043074 9.99648E-05 0.995293 9.99648E-05 9.99648E-05 9.99648E-05
9.996E-05 9.996E-05 0.9995 9.996E-05 9.996E-05 9.996E-05
9.996E-05 9.996E-05 0.9995 9.996E-05 9.996E-05 9.996E-05
0.0122127 9.99648E-05 0.987387 9.99648E-05 9.99648E-05 9.99648E-05
0.0992771 9.99648E-05 0.900323 9.99648E-05 9.99648E-05 9.99648E-05
9.996E-05 9.996E-05 0.9995 9.996E-05 9.996E-05 9.996E-05
0.0245441 9.99648E-05 0.975056 9.99648E-05 9.99648E-05 9.99648E-05
0.049967 9.99648E-05 0.949633 9.99648E-05 9.99648E-05 9.99648E-05
0.0973964 9.99648E-05 0.902204 9.99648E-05 9.99648E-05 9.99648E-05
0.0155672 9.99648E-05 0.984033 9.99648E-05 9.99648E-05 9.99648E-05
0.0779843 9.99648E-05 0.921616 9.99648E-05 9.99648E-05 9.99648E-05
0.0168523 9.99648E-05 0.982748 9.99648E-05 9.99648E-05 9.99648E-05
9.996E-05 9.996E-05 0.9995 9.996E-05 9.996E-05 9.996E-05
9.996E-05 9.996E-05 0.9995 9.996E-05 9.996E-05 9.996E-05
9.996E-05 9.996E-05 0.9995 9.996E-05 9.996E-05 9.996E-05
9.996E-05 9.996E-05 0.9995 9.996E-05 9.996E-05 9.996E-05
9.996E-05 9.996E-05 0.9995 9.996E-05 9.996E-05 9.996E-05
0.45838 9.99649E-05 0.541221 9.99649E-05 9.99649E-05 9.99649E-05
9.996E-05 9.996E-05 0.9995 9.996E-05 9.996E-05 9.996E-05
9.996E-05 9.996E-05 0.9995 9.996E-05 9.996E-05 9.996E-05
9.996E-05 9.996E-05 0.9995 9.996E-05 9.996E-05 9.996E-05
9.996E-05 9.996E-05 0.9995 9.996E-05 9.996E-05 9.996E-05
0.00102401 9.99648E-05 0.998576 9.99648E-05 9.99648E-05 9.99648E-05
9.996E-05 9.996E-05 0.9995 9.996E-05 9.996E-05 9.996E-05
0.359557 9.99648E-05 0.640043 9.99648E-05 9.99648E-05 9.99648E-05
9.996E-05 9.996E-05 0.9995 9.996E-05 9.996E-05 9.996E-05
0.413214 9.99648E-05 0.586386 9.99648E-05 9.99648E-05 9.99648E-05
0.325402 9.99649E-05 0.674198 9.99649E-05 9.99649E-05 9.99649E-05
0.336251 9.99649E-05 0.66335 9.99649E-05 9.99649E-05 9.99649E-05
0.334039 9.99648E-05 0.665561 9.99648E-05 9.99648E-05 9.99648E-05
0.375838 9.99648E-05 0.623762 9.99648E-05 9.99648E-05 9.99648E-05
0.369409 9.99649E-05 0.630191 9.99649E-05 9.99649E-05 9.99649E-05
0.364109 9.99649E-05 0.635491 9.99649E-05 9.99649E-05 9.99649E-05
0.402541 9.99648E-05 0.59706 9.99648E-05 9.99648E-05 9.99648E-05
0.390489 9.99648E-05 0.609111 9.99648E-05 9.99648E-05 9.99648E-05
0.334039 9.99648E-05 0.665561 9.99648E-05 9.99648E-05 9.99648E-05
0.402649 9.99649E-05 0.596951 9.99649E-05 9.99649E-05 9.99649E-05
0.390489 9.99648E-05 0.609111 9.99648E-05 9.99648E-05 9.99648E-05
0.361399 9.99649E-05 0.638201 9.99649E-05 9.99649E-05 9.99649E-05
0.363882 9.99649E-05 0.635718 9.99649E-05 9.99649E-05 9.99649E-05
0.308853 9.99648E-05 0.690747 9.99648E-05 9.99648E-05 9.99648E-05
0.490736 9.99649E-05 0.508865 9.99649E-05 9.99649E-05 9.99649E-05
0.422046 9.99648E-05 0.577554 9.99648E-05 9.99648E-05 9.99648E-05
0.628435 9.99649E-05 0.371165 9.99649E-05 9.99649E-05 9.99649E-05
0.525655 9.99649E-05 0.473945 9.99649E-05 9.99649E-05 9.99649E-05
0.40473 9.99736E-05 0.588764 9.99736E-05 0.00620631 9.99736E-05
0.454199 9.99648E-05 0.545401 9.99648E-05 9.99648E-05 9.99648E-05
0.589965 9.99649E-05 0.409635 9.99649E-05 9.99649E-05 9.99649E-05
0.628401 9.99649E-05 0.371199 9.99649E-05 9.99649E-05 9.99649E-05
0.438961 9.99648E-05 0.560639 9.99648E-05 9.99648E-05 9.99648E-05
0.501768 9.99649E-05 0.497832 9.99649E-05 9.99649E-05 9.99649E-05
0.556276 9.99648E-05 0.443324 9.99648E-05 9.99648E-05 9.99648E-05
0.0976105 9.99649E-05 0.90199 9.99649E-05 9.99649E-05 9.99649E-05
0.637623 9.99649E-05 0.361977 9.99649E-05 9.99649E-05 9.99649E-05
0.552568 9.99648E-05 0.447032 9.99648E-05 9.99648E-05 9.99648E-05
0.651802 9.99649E-05 0.347798 9.99649E-05 9.99649E-05 9.99649E-05
0.62833 9.99649E-05 0.37127 9.99649E-05 9.99649E-05 9.99649E-05
0.720642 9.99649E-05 0.278958 9.99649E-05 9.99649E-05 9.99649E-05
0.08758 9.99649E-05 0.91202 9.99649E-05 9.99649E-05 9.99649E-05
0.33469 9.99649E-05 0.66491 9.99649E-05 9.99649E-05 9.99649E-05
0.157794 9.99737E-05 0.76277 9.99737E-05 0.079136 9.99737E-05
9.99649E-05 9.99649E-05 0.915314 9.99649E-05 0.0842862 9.99649E-05
0.192074 9.99649E-05 0.807526 9.99649E-05 9.99649E-05 9.99649E-05
9.99649E-05 9.99649E-05 0.974761 9.99649E-05 0.0248395 9.99649E-05
9.996E-05 9.996E-05 0.9995 9.996E-05 9.996E-05 9.996E-05
9.99648E-05 9.99648E-05 0.986965 0.0126356 9.99648E-05 9.99648E-05
0.222725 9.99736E-05 0.701511 9.99736E-05 0.0754635 9.99736E-05
0.378773 9.99649E-05 0.620828 9.99649E-05 9.99649E-05 9.99649E-05
0.2563 9.99736E-05 0.640158 9.99736E-05 0.103243 9.99736E-05
0.15006 9.99737E-05 0.776724 9.99737E-05 0.0729153 9.99737E-05
0.58657 0.0538783 0.345799 9.99824E-05 0.0135525 9.99824E-05
0.535798 9.99649E-05 0.463802 9.99649E-05 9.99649E-05 9.99649E-05
0.303074 0.0242114 0.672414 9.99736E-05 9.99736E-05 9.99736E-05
0.207022 9.99737E-05 0.712575 9.99737E-05 0.0801032 9.99737E-05
0.4157 9.99648E-05 0.583901 9.99648E-05 9.99648E-05 9.99648E-05
0.150934 9.99737E-05 0.786111 9.99737E-05 0.0626547 9.99737E-05
0.169846 9.99737E-05 0.732462 9.99737E-05 0.0973918 9.99737E-05
0.385615 9.99648E-05 0.613985 9.99648E-05 9.99648E-05 9.99648E-05
0.404014 9.99648E-05 0.595587 9.99648E-05 9.99648E-05 9.99648E-05
0.264376 9.99648E-05 0.735225 9.99648E-05 9.99648E-05 9.99648E-05
0.385615 9.99648E-05 0.613985 9.99648E-05 9.99648E-05 9.99648E-05
9.99649E-05 9.99649E-05 0.974375 0.0252255 9.99649E-05 9.99649E-05
0.275358 9.99736E-05 0.721758 9.99736E-05 0.00258364 9.99736E-05
0.202068 9.99736E-05 0.736187 9.99736E-05 0.0614447 9.99736E-05
0.161405 9.99649E-05 0.838195 9.99649E-05 9.99649E-05 9.99649E-05
0.241004 9.99736E-05 0.739639 9.99736E-05 0.019057 9.99736E-05
0.249935 9.99648E-05 0.749665 9.99648E-05 9.99648E-05 9.99648E-05
0.21123 9.99649E-05 0.78837 9.99649E-05 9.99649E-05 9.99649E-05
0.0278767 9.99648E-05 0.971723 9.99648E-05 9.99648E-05 9.99648E-05
0.378394 9.99736E-05 0.591299 0.0300072 9.99736E-05 9.99736E-05
0.45839 9.99824E-05 0.465 0.0609518 0.0154578 9.99824E-05
0.179118 9.99648E-05 0.820482 9.99648E-05 9.99648E-05 9.99648E-05
0.339503 9.99648E-05 0.660097 9.99648E-05 9.99648E-05 9.99648E-05
0.198815 9.99649E-05 0.800785 9.99649E-05 9.99649E-05 9.99649E-05
0.183897 9.99649E-05 0.815703 9.99649E-05 9.99649E-05 9.99649E-05
0.040345 9.99649E-05 0.959255 9.99649E-05 9.99649E-05 9.99649E-05
0.26967 9.99648E-05 0.72993 9.99648E-05 9.99648E-05 9.99648E-05
0.0304913 9.99648E-05 0.969109 9.99648E-05 9.99648E-05 9.99648E-05
9.99649E-05 9.99649E-05 0.897686 0.101914 9.99649E-05 9.99649E-05
0.0972844 9.99648E-05 0.902316 9.99648E-05 9.99648E-05 9.99648E-05
0.0629583 9.99648E-05 0.936642 9.99648E-05 9.99648E-05 9.99648E-05
9.99736E-05 9.99736E-05 0.876448 0.12094 0.00231217 9.99736E-05
0.0163311 9.99824E-05 0.920817 0.00389756 0.0587539 9.99824E-05
0.0195445 9.99648E-05 0.980056 9.99648E-05 9.99648E-05 9.99648E-05
0.0780542 9.99736E-05 0.887935 9.99736E-05 0.0337108 9.99736E-05
0.394331 9.99649E-05 0.605269 9.99649E-05 9.99649E-05 9.99649E-05
0.121998 9.99648E-05 0.877602 9.99648E-05 9.99648E-05 9.99648E-05
0.103725 9.99648E-05 0.895876 9.99648E-05 9.99648E-05 9.99648E-05
9.99736E-05 9.99736E-05 0.868267 0.0875286 0.0439045 9.99736E-05
9.99736E-05 9.99736E-05 0.862599 0.0772008 0.0599 9.99736E-05
0.122389 9.99648E-05 0.877211 9.99648E-05 9.99648E-05 9.99648E-05
0.140635 9.99648E-05 0.858965 9.99648E-05 9.99648E-05 9.99648E-05
9.99736E-05 9.99736E-05 0.883492 0.0721833 0.0440243 9.99736E-05
0.437561 9.99649E-05 0.562039 9.99649E-05 9.99649E-05 9.99649E-05
0.0453658 9.99824E-05 0.922838 0.0122934 0.0193031 9.99824E-05
0.0772858 9.99648E-05 0.922314 9.99648E-05 9.99648E-05 9.99648E-05
