9.98947E-05 9.98947E-05 0.0807045 9.98947E-05 9.98947E-05 9.98947E-05 0.341945 9.98947E-05 9.98947E-05 9.98947E-05 9.98947E-05 9.98947E-05 0.215972 0.0207661 0.00695348 9.98947E-05 0.057315 0.173143 0.102003 9.98947E-05
9.9886E-05 9.9886E-05 9.9886E-05 9.9886E-05 9.9886E-05 0.0644265 0.692831 9.9886E-05 0.0211045 9.9886E-05 9.9886E-05 9.9886E-05 0.0770646 9.9886E-05 0.0304066 0.00159604 9.9886E-05 9.9886E-05 0.111273 9.9886E-05
9.98771E-05 9.98771E-05 9.98771E-05 0.0246093 9.98771E-05 9.98771E-05 0.832793 0.0415766 9.98771E-05 9.98771E-05 9.98771E-05 9.98771E-05 0.0630411 9.98771E-05 9.98771E-05 9.98771E-05 0.0202731 0.016309 9.98771E-05 9.98771E-05
9.98948E-05 9.98948E-05 9.98948E-05 9.98948E-05 9.98948E-05 0.0113108 0.232808 0.179886 9.98948E-05 0.329268 9.98948E-05 9.98948E-05 9.98948E-05 9.98948E-05 0.0853797 9.98948E-05 0.00315406 0.121286 0.0357088 9.98948E-05
9.98683E-05 9.98683E-05 9.98683E-05 0.0233486 9.98683E-05 0.101555 0.836189 9.98683E-05 9.98683E-05 9.98683E-05 9.98683E-05 9.98683E-05 9.98683E-05 9.98683E-05 9.98683E-05 0.00500312 9.98683E-05 9.98683E-05 0.0324058 9.98683E-05
9.98948E-05 9.98948E-05 9.98948E-05 0.123054 0.0836769 9.98948E-05 0.195359 0.199363 9.98948E-05 0.0726895 9.98948E-05 0.0130974 0.246238 9.98948E-05 9.98948E-05 9.98948E-05 9.98948E-05 9.98948E-05 0.0653228 9.98948E-05
9.98948E-05 9.98948E-05 9.98948E-05 9.98948E-05 9.98948E-05 9.98948E-05 0.251349 9.98948E-05 9.98948E-05 0.219269 9.98948E-05 9.98948E-05 0.0875855 0.0755434 0.142593 0.0712412 9.98948E-05 0.113672 0.0375482 9.98948E-05
9.99123E-05 9.99123E-05 0.0566206 0.0440966 0.134254 0.113902 0.0843825 0.0205266 9.99123E-05 0.0761903 9.99123E-05 9.99123E-05 0.190683 9.99123E-05 9.99123E-05 9.99123E-05 9.99123E-05 0.213788 9.99123E-05 0.0645563
9.9886E-05 9.9886E-05 9.9886E-05 0.00534876 0.242054 0.063638 0.232347 9.9886E-05 9.9886E-05 9.9886E-05 9.9886E-05 9.9886E-05 9.9886E-05 0.215168 9.9886E-05 9.9886E-05 0.205134 0.0350112 9.9886E-05 9.9886E-05
9.98419E-05 9.98419E-05 9.98419E-05 9.98419E-05 9.98419E-05 9.98419E-05 0.876042 9.98419E-05 9.98419E-05 9.98419E-05 9.98419E-05 9.98419E-05 9.98419E-05 9.98419E-05 9.98419E-05 9.98419E-05 0.122161 9.98419E-05 9.98419E-05 9.98419E-05
9.98772E-05 9.98772E-05 9.98772E-05 9.98772E-05 9.98772E-05 9.98772E-05 0.425114 9.98772E-05 9.98772E-05 9.98772E-05 9.98772E-05 0.00474076 0.118158 9.98772E-05 0.125145 9.98772E-05 0.231578 0.0938654 9.98772E-05 9.98772E-05
9.98771E-05 9.98771E-05 9.98771E-05 9.98771E-05 9.98771E-05 9.98771E-05 0.887508 9.98771E-05 9.98771E-05 0.0352316 9.98771E-05 9.98771E-05 0.0349573 9.98771E-05 0.018677 9.98771E-05 0.00282061 9.98771E-05 9.98771E-05 0.0194073
9.98595E-05 9.98595E-05 9.98595E-05 9.98595E-05 0.00271658 9.98595E-05 0.768988 9.98595E-05 9.98595E-05 9.98595E-05 9.98595E-05 9.98595E-05 9.98595E-05 9.98595E-05 9.98595E-05 9.98595E-05 0.119627 0.107071 9.98595E-05 9.98595E-05
0.0262004 0.103088 9.99035E-05 0.0819303 9.99035E-05 9.99035E-05 0.574705 9.99035E-05 9.99035E-05 9.99035E-05 0.069821 9.99035E-05 9.99035E-05 9.99035E-05 0.0386586 0.00267234 0.0259056 0.0759204 9.99035E-05 9.99035E-05
0.0160757 9.99122E-05 9.99122E-05 9.99122E-05 0.129039 9.99122E-05 0.272732 0.0696995 9.99122E-05 9.99122E-05 0.132588 9.99122E-05 0.180094 9.99122E-05 9.99122E-05 0.0226784 0.154056 0.0200417 0.00199585 9.99122E-05
9.99034E-05 9.99034E-05 0.0344714 9.99034E-05 0.181775 0.00452113 0.195934 9.99034E-05 9.99034E-05 0.106561 9.99034E-05 9.99034E-05 0.196188 9.99034E-05 9.99034E-05 9.99034E-05 0.0951554 0.103624 9.99034E-05 0.080671
0.204788 9.98947E-05 0.0756538 9.98947E-05 9.98947E-05 9.98947E-05 0.407823 9.98947E-05 9.98947E-05 9.98947E-05 9.98947E-05 9.98947E-05 9.98947E-05 9.98947E-05 0.0379339 9.98947E-05 0.0884929 0.0276249 0.122267 0.0342174
9.98948E-05 9.98948E-05 9.98948E-05 9.98948E-05 0.0227721 0.0133126 0.0723894 9.98948E-05 0.0757798 9.98948E-05 9.98948E-05 0.195731 0.325425 9.98948E-05 9.98948E-05 9.98948E-05 0.095125 0.198266 9.98948E-05 9.98948E-05
9.98946E-05 9.98946E-05 9.98946E-05 9.98946E-05 0.181582 0.0516665 0.306811 9.98946E-05 9.98946E-05 9.98946E-05 0.0785408 0.00857798 9.98946E-05 9.98946E-05 9.98946E-05 0.0126719 0.164269 0.194681 9.98946E-05 9.98946E-05
9.98596E-05 9.98596E-05 9.98596E-05 9.98596E-05 9.98596E-05 9.98596E-05 0.955255 9.98596E-05 0.00130266 9.98596E-05 9.98596E-05 0.027635 9.98596E-05 9.98596E-05 0.0142099 9.98596E-05 9.98596E-05 9.98596E-05 9.98596E-05 9.98596E-05
9.98947E-05 9.98947E-05 9.98947E-05 9.98947E-05 0.0818447 0.114552 0.485611 9.98947E-05 9.98947E-05 0.0611207 0.00258651 9.98947E-05 9.98947E-05 0.128977 0.103966 9.98947E-05 0.0201445 9.98947E-05 9.98947E-05 9.98947E-05
9.98947E-05 9.98947E-05 9.98947E-05 0.108105 0.0870859 9.98947E-05 0.213622 0.0717424 9.98947E-05 9.98947E-05 0.0572968 0.0113919 9.98947E-05 9.98947E-05 9.98947E-05 0.118518 9.98947E-05 0.331039 9.98947E-05 9.98947E-05
9.98772E-05 9.98772E-05 9.98772E-05 9.98772E-05 9.98772E-05 9.98772E-05 0.487413 0.00526161 9.98772E-05 9.98772E-05 9.98772E-05 9.98772E-05 0.319862 9.98772E-05 0.0418954 9.98772E-05 0.124585 9.98772E-05 0.0195852 9.98772E-05
9.98947E-05 9.98947E-05 0.0392709 9.98947E-05 9.98947E-05 9.98947E-05 0.368672 9.98947E-05 9.98947E-05 9.98947E-05 9.98947E-05 9.98947E-05 0.00380375 0.0387387 9.98947E-05 0.048852 0.23523 0.230714 9.98947E-05 0.0335203
9.98946E-05 9.98946E-05 9.98946E-05 9.98946E-05 0.0527931 9.98946E-05 0.277136 0.153656 0.0429445 9.98946E-05 0.130622 9.98946E-05 9.98946E-05 9.98946E-05 0.00362214 9.98946E-05 0.242998 0.0950301 9.98946E-05 9.98946E-05
9.9886E-05 9.9886E-05 9.9886E-05 0.0068885 9.9886E-05 9.9886E-05 0.583298 0.00549157 9.9886E-05 0.0424451 9.9886E-05 9.9886E-05 9.9886E-05 9.9886E-05 9.9886E-05 0.061353 0.153608 0.145618 9.9886E-05 9.9886E-05
9.98771E-05 9.98771E-05 9.98771E-05 9.98771E-05 9.98771E-05 9.98771E-05 9.98771E-05 0.156475 9.98771E-05 9.98771E-05 9.98771E-05 0.156222 9.98771E-05 9.98771E-05 9.98771E-05 0.332285 0.0817252 0.263286 9.98771E-05 0.00860806
9.98773E-05 0.0314856 9.98773E-05 9.98773E-05 9.98773E-05 9.98773E-05 0.705148 9.98773E-05 9.98773E-05 0.0927108 9.98773E-05 9.98773E-05 9.98773E-05 9.98773E-05 9.98773E-05 0.0480646 0.0717675 0.0494252 9.98773E-05 9.98773E-05
9.98859E-05 9.98859E-05 9.98859E-05 9.98859E-05 9.98859E-05 9.98859E-05 0.559627 0.0365565 9.98859E-05 9.98859E-05 9.98859E-05 9.98859E-05 0.0904526 0.0219132 9.98859E-05 0.0246816 0.19787 0.0676001 9.98859E-05 9.98859E-05
0.302804 9.98683E-05 9.98683E-05 9.98683E-05 0.0362218 9.98683E-05 0.616578 9.98683E-05 9.98683E-05 9.98683E-05 9.98683E-05 9.98683E-05 9.98683E-05 0.0292939 9.98683E-05 9.98683E-05 0.0136045 9.98683E-05 9.98683E-05 9.98683E-05
9.99034E-05 9.99034E-05 9.99034E-05 9.99034E-05 0.00153213 9.99034E-05 0.645239 9.99034E-05 0.0194107 9.99034E-05 0.00497614 9.99034E-05 0.14154 9.99034E-05 0.0868205 0.0502114 0.0368203 0.0123501 9.99034E-05 9.99034E-05
9.99036E-05 0.161245 9.99036E-05 9.99036E-05 9.99036E-05 0.018761 0.393748 0.0748053 9.99036E-05 0.188022 9.99036E-05 9.99036E-05 9.99036E-05 9.99036E-05 0.0178904 0.0044587 0.0776195 0.0623506 9.99036E-05 9.99036E-05
9.98946E-05 9.98946E-05 9.98946E-05 9.98946E-05 0.000332027 9.98946E-05 0.49343 0.0461665 9.98946E-05 9.98946E-05 9.98946E-05 9.98946E-05 0.0934592 9.98946E-05 0.0847054 9.98946E-05 0.108227 0.130795 9.98946E-05 0.0416865
9.99123E-05 9.99123E-05 9.99123E-05 0.0222962 9.99123E-05 9.99123E-05 0.427325 0.158429 9.99123E-05 0.0502323 9.99123E-05 0.005078 9.99123E-05 9.99123E-05 0.0710128 0.0640614 0.119936 0.0534799 9.99123E-05 0.02715
9.98772E-05 9.98772E-05 9.98772E-05 9.98772E-05 0.0200646 9.98772E-05 0.75859 9.98772E-05 0.0428947 9.98772E-05 9.98772E-05 9.98772E-05 9.98772E-05 9.98772E-05 0.0456484 0.08684 0.0445635 9.98772E-05 9.98772E-05 9.98772E-05
9.9886E-05 9.9886E-05 9.9886E-05 9.9886E-05 9.9886E-05 9.9886E-05 0.629442 9.9886E-05 9.9886E-05 0.208832 9.9886E-05 9.9886E-05 0.0602895 0.0130547 9.9886E-05 0.0487646 9.9886E-05 0.0223282 0.0159909 9.9886E-05
9.98859E-05 9.98859E-05 9.98859E-05 9.98859E-05 9.98859E-05 9.98859E-05 0.744286 9.98859E-05 0.0237008 0.127886 9.98859E-05 9.98859E-05 0.000267689 9.98859E-05 0.00146761 0.0814675 9.98859E-05 0.0196265 9.98859E-05 9.98859E-05
0.0621907 9.9886E-05 9.9886E-05 9.9886E-05 0.115754 9.9886E-05 0.543585 9.9886E-05 0.119524 9.9886E-05 9.9886E-05 9.9886E-05 9.9886E-05 9.9886E-05 9.9886E-05 9.9886E-05 0.0501821 0.0193485 0.0881171 9.9886E-05
0.152561 9.9886E-05 9.9886E-05 0.059426 9.9886E-05 9.9886E-05 0.490059 9.9886E-05 9.9886E-05 9.9886E-05 0.00591382 9.9886E-05 9.9886E-05 9.9886E-05 9.9886E-05 9.9886E-05 0.0742698 0.107369 0.109102 9.9886E-05
0.0799164 9.98859E-05 9.98859E-05 9.98859E-05 9.98859E-05 9.98859E-05 0.50225 0.166028 9.98859E-05 9.98859E-05 9.98859E-05 9.98859E-05 9.98859E-05 9.98859E-05 0.00721852 9.98859E-05 0.117143 0.0219665 9.98859E-05 0.104179
9.98684E-05 9.98684E-05 9.98684E-05 9.98684E-05 9.98684E-05 9.98684E-05 0.824124 9.98684E-05 9.98684E-05 9.98684E-05 9.98684E-05 9.98684E-05 9.98684E-05 9.98684E-05 0.00296551 0.0353709 0.0550175 0.0810241 9.98684E-05 9.98684E-05
9.98686E-05 9.98686E-05 9.98686E-05 9.98686E-05 9.98686E-05 9.98686E-05 0.531351 9.98686E-05 9.98686E-05 9.98686E-05 9.98686E-05 9.98686E-05 9.98686E-05 0.0244143 9.98686E-05 0.217136 0.0514569 0.174144 9.98686E-05 9.98686E-05
0.0958363 9.98684E-05 9.98684E-05 9.98684E-05 9.98684E-05 9.98684E-05 0.740252 9.98684E-05 9.98684E-05 9.98684E-05 9.98684E-05 9.98684E-05 9.98684E-05 9.98684E-05 0.0166498 0.142651 9.98684E-05 0.00311264 9.98684E-05 9.98684E-05
9.9886E-05 9.9886E-05 9.9886E-05 9.9886E-05 0.0552246 9.9886E-05 0.229919 9.9886E-05 9.9886E-05 9.9886E-05 9.9886E-05 9.9886E-05 0.191111 0.0790644 0.000812704 9.9886E-05 0.291 0.15157 9.9886E-05 9.9886E-05
9.98685E-05 9.98685E-05 9.98685E-05 0.148152 9.98685E-05 9.98685E-05 0.195995 9.98685E-05 9.98685E-05 0.132402 9.98685E-05 9.98685E-05 9.98685E-05 9.98685E-05 9.98685E-05 9.98685E-05 0.100726 0.421228 9.98685E-05 9.98685E-05
9.9877E-05 9.9877E-05 9.9877E-05 9.9877E-05 9.9877E-05 0.0742606 0.790212 9.9877E-05 0.0553907 0.00916766 9.9877E-05 9.9877E-05 9.9877E-05 9.9877E-05 9.9877E-05 9.9877E-05 0.067445 0.00212575 9.9877E-05 9.9877E-05
9.98772E-05 9.98772E-05 9.98772E-05 9.98772E-05 0.0345421 9.98772E-05 0.722034 9.98772E-05 9.98772E-05 0.0612493 9.98772E-05 0.0453323 9.98772E-05 9.98772E-05 0.0405441 9.98772E-05 0.0948998 9.98772E-05 9.98772E-05 9.98772E-05
9.98597E-05 9.98597E-05 9.98597E-05 0.0261426 9.98597E-05 9.98597E-05 0.881256 9.98597E-05 9.98597E-05 9.98597E-05 9.98597E-05 9.98597E-05 0.0448673 9.98597E-05 9.98597E-05 9.98597E-05 0.0461361 9.98597E-05 9.98597E-05 9.98597E-05
9.98684E-05 9.98684E-05 9.98684E-05 9.98684E-05 9.98684E-05 9.98684E-05 0.615112 9.98684E-05 9.98684E-05 0.150367 9.98684E-05 9.98684E-05 0.0684185 9.98684E-05 9.98684E-05 9.98684E-05 0.0755728 9.98684E-05 9.98684E-05 0.0890318
0.0825969 9.98862E-05 9.98862E-05 0.091688 9.98862E-05 9.98862E-05 0.645556 9.98862E-05 9.98862E-05 9.98862E-05 9.98862E-05 0.0317252 9.98862E-05 9.98862E-05 9.98862E-05 9.98862E-05 9.98862E-05 0.0687933 0.0226883 0.0556534
9.99034E-05 9.99034E-05 9.99034E-05 9.99034E-05 0.051565 0.0389196 0.288462 0.114638 9.99034E-05 0.0174951 9.99034E-05 9.99034E-05 0.0407899 9.99034E-05 0.105986 0.17775 0.163295 9.99034E-05 9.99034E-05 9.99034E-05
9.9886E-05 9.9886E-05 0.015376 0.00236359 9.9886E-05 9.9886E-05 0.516518 9.9886E-05 9.9886E-05 0.128163 9.9886E-05 0.0515662 9.9886E-05 0.0402921 9.9886E-05 9.9886E-05 9.9886E-05 0.244422 9.9886E-05 9.9886E-05
9.98772E-05 9.98772E-05 9.98772E-05 9.98772E-05 9.98772E-05 9.98772E-05 0.772402 0.0321719 9.98772E-05 9.98772E-05 0.0282005 0.0708228 9.98772E-05 9.98772E-05 9.98772E-05 9.98772E-05 0.0277197 9.98772E-05 0.0672843 9.98772E-05
0.111263 9.98773E-05 9.98773E-05 9.98773E-05 0.0244671 9.98773E-05 0.520235 9.98773E-05 9.98773E-05 9.98773E-05 0.0458515 9.98773E-05 9.98773E-05 9.98773E-05 9.98773E-05 9.98773E-05 0.00364618 9.98773E-05 9.98773E-05 0.293139
9.98598E-05 9.98598E-05 9.98598E-05 9.98598E-05 9.98598E-05 9.98598E-05 0.702454 9.98598E-05 9.98598E-05 9.98598E-05 0.132017 9.98598E-05 9.98598E-05 9.98598E-05 9.98598E-05 0.0282072 0.135724 9.98598E-05 9.98598E-05 9.98598E-05
9.98773E-05 9.98773E-05 9.98773E-05 0.000626467 9.98773E-05 0.0071759 0.654372 0.093108 0.128354 9.98773E-05 9.98773E-05 9.98773E-05 9.98773E-05 9.98773E-05 9.98773E-05 9.98773E-05 9.98773E-05 0.114965 9.98773E-05 9.98773E-05
9.98771E-05 9.98771E-05 9.98771E-05 9.98771E-05 9.98771E-05 9.98771E-05 0.714152 9.98771E-05 9.98771E-05 9.98771E-05 9.98771E-05 0.0631531 9.98771E-05 9.98771E-05 9.98771E-05 9.98771E-05 0.0384426 0.095829 0.0290877 0.057937
9.98685E-05 9.98685E-05 9.98685E-05 9.98685E-05 9.98685E-05 9.98685E-05 0.701569 9.98685E-05 9.98685E-05 0.173882 9.98685E-05 9.98685E-05 9.98685E-05 9.98685E-05 0.068 9.98685E-05 0.00950731 0.0455433 9.98685E-05 9.98685E-05
9.98859E-05 9.98859E-05 9.98859E-05 9.98859E-05 9.98859E-05 9.98859E-05 0.830565 9.98859E-05 9.98859E-05 0.00188706 9.98859E-05 9.98859E-05 0.0488419 9.98859E-05 0.0315382 0.0628622 0.0171453 9.98859E-05 0.00586159 9.98859E-05
9.98771E-05 9.98771E-05 9.98771E-05 9.98771E-05 0.0323984 9.98771E-05 9.98771E-05 9.98771E-05 9.98771E-05 9.98771E-05 9.98771E-05 0.0680816 0.662153 9.98771E-05 0.0781541 9.98771E-05 0.139621 0.0181938 9.98771E-05 9.98771E-05
9.98422E-05 9.98422E-05 9.98422E-05 9.98422E-05 9.98422E-05 9.98422E-05 9.98422E-05 9.98422E-05 9.98422E-05 9.98422E-05 9.98422E-05 9.98422E-05 0.984944 0.0132588 9.98422E-05 9.98422E-05 9.98422E-05 9.98422E-05 9.98422E-05 9.98422E-05
9.98509E-05 9.98509E-05 9.98509E-05 9.98509E-05 9.98509E-05 9.98509E-05 9.98509E-05 9.98509E-05 9.98509E-05 9.98509E-05 9.98509E-05 0.0203839 0.946551 9.98509E-05 9.98509E-05 9.98509E-05 9.98509E-05 9.98509E-05 9.98509E-05 0.0313675
9.98685E-05 9.98685E-05 9.98685E-05 9.98685E-05 0.0846082 9.98685E-05 9.98685E-05 0.181649 9.98685E-05 9.98685E-05 9.98685E-05 9.98685E-05 0.370902 9.98685E-05 9.98685E-05 9.98685E-05 0.0429697 9.98685E-05 0.318373 9.98685E-05
9.98944E-05 9.98944E-05 9.98944E-05 0.0404981 0.0681461 9.98944E-05 9.98944E-05 9.98944E-05 0.0389926 0.0113842 9.98944E-05 0.0547866 0.623804 9.98944E-05 9.98944E-05 9.98944E-05 0.0614359 0.0997542 9.98944E-05 9.98944E-05
9.98593E-05 9.98593E-05 9.98593E-05 9.98593E-05 0.0610705 9.98593E-05 9.98593E-05 9.98593E-05 9.98593E-05 9.98593E-05 9.98593E-05 9.98593E-05 0.708844 9.98593E-05 9.98593E-05 9.98593E-05 0.146823 0.0816646 9.98593E-05 9.98593E-05
9.98769E-05 9.98769E-05 9.98769E-05 9.98769E-05 9.98769E-05 9.98769E-05 9.98769E-05 9.98769E-05 0.0170054 0.079363 9.98769E-05 9.98769E-05 0.514757 9.98769E-05 0.021154 9.98769E-05 0.0745463 9.98769E-05 0.291776 9.98769E-05
9.98769E-05 9.98769E-05 9.98769E-05 9.98769E-05 0.0642183 9.98769E-05 9.98769E-05 0.0644821 9.98769E-05 9.98769E-05 9.98769E-05 0.165235 0.542821 9.98769E-05 9.98769E-05 9.98769E-05 0.104501 9.98769E-05 0.0573442 9.98769E-05
9.98597E-05 9.98597E-05 9.98597E-05 9.98597E-05 9.98597E-05 9.98597E-05 9.98597E-05 9.98597E-05 9.98597E-05 9.98597E-05 9.98597E-05 0.0244069 0.944208 0.00872377 9.98597E-05 9.98597E-05 9.98597E-05 9.98597E-05 0.0210632 9.98597E-05
9.98419E-05 9.98419E-05 9.98419E-05 9.98419E-05 9.98419E-05 9.98419E-05 9.98419E-05 9.98419E-05 9.98419E-05 9.98419E-05 9.98419E-05 9.98419E-05 0.956554 9.98419E-05 0.0416491 9.98419E-05 9.98419E-05 9.98419E-05 9.98419E-05 9.98419E-05
9.98769E-05 9.98769E-05 9.98769E-05 9.98769E-05 0.0559851 9.98769E-05 9.98769E-05 9.98769E-05 0.0282568 0.00633894 9.98769E-05 9.98769E-05 0.536164 9.98769E-05 0.180326 9.98769E-05 0.19153 9.98769E-05 9.98769E-05 9.98769E-05
9.99034E-05 9.99034E-05 0.0249445 9.99034E-05 9.99034E-05 9.99034E-05 9.99034E-05 9.99034E-05 9.99034E-05 0.00545585 0.0885142 9.99034E-05 0.480811 9.99034E-05 0.0970184 9.99034E-05 0.063574 0.153851 0.0600078 0.0247245
9.98801E-05 9.98801E-05 0.121827 9.98801E-05 0.101262 0.124471 9.98801E-05 0.0784025 9.98801E-05 9.98801E-05 9.98801E-05 9.98801E-05 0.48929 9.98801E-05 0.0413604 9.98801E-05 9.98801E-05 9.98801E-05 0.0380031 0.00418491
9.9877E-05 9.9877E-05 9.9877E-05 9.9877E-05 0.0676367 0.0453188 9.9877E-05 9.9877E-05 9.9877E-05 9.9877E-05 9.9877E-05 9.9877E-05 0.471574 9.9877E-05 9.9877E-05 9.9877E-05 0.134469 0.176665 0.102938 9.9877E-05
9.98512E-05 9.98512E-05 9.98512E-05 0.0178706 9.98512E-05 9.98512E-05 9.98512E-05 9.98512E-05 9.98512E-05 9.98512E-05 9.98512E-05 9.98512E-05 0.939008 9.98512E-05 9.98512E-05 0.0414238 9.98512E-05 9.98512E-05 9.98512E-05 9.98512E-05
9.98596E-05 9.98596E-05 9.98596E-05 9.98596E-05 0.0600433 9.98596E-05 9.98596E-05 9.98596E-05 9.98596E-05 9.98596E-05 9.98596E-05 9.98596E-05 0.857305 9.98596E-05 9.98596E-05 9.98596E-05 0.0666683 0.0143861 9.98596E-05 9.98596E-05
9.98858E-05 9.98858E-05 9.98858E-05 9.98858E-05 0.00772786 9.98858E-05 9.98858E-05 0.00634494 9.98858E-05 0.194037 9.98858E-05 0.0222859 0.65943 9.98858E-05 9.98858E-05 9.98858E-05 9.98858E-05 9.98858E-05 0.0384125 0.0704628
9.9877E-05 9.9877E-05 0.07332 9.9877E-05 0.0304739 9.9877E-05 9.9877E-05 9.9877E-05 9.9877E-05 0.0357903 9.9877E-05 9.9877E-05 0.659548 9.9877E-05 0.0868998 9.9877E-05 9.9877E-05 0.11257 9.9877E-05 9.9877E-05
9.98683E-05 9.98683E-05 9.98683E-05 9.98683E-05 9.98683E-05 9.98683E-05 9.98683E-05 9.98683E-05 9.98683E-05 0.0441106 9.98683E-05 0.096409 0.734876 9.98683E-05 0.0445571 9.98683E-05 0.0785493 9.98683E-05 9.98683E-05 9.98683E-05
9.98757E-05 9.98757E-05 9.98757E-05 9.98757E-05 9.98757E-05 9.98757E-05 9.98757E-05 9.98757E-05 9.98757E-05 9.98757E-05 9.98757E-05 0.0536466 0.569848 9.98757E-05 9.98757E-05 0.140472 0.167271 9.98757E-05 9.98757E-05 0.0672635
0.0195495 9.98425E-05 9.98425E-05 9.98425E-05 9.98425E-05 9.98425E-05 9.98425E-05 9.98425E-05 9.98425E-05 9.98425E-05 9.98425E-05 9.98425E-05 0.978653 9.98425E-05 9.98425E-05 9.98425E-05 9.98425E-05 9.98425E-05 9.98425E-05 9.98425E-05
9.98682E-05 9.98682E-05 9.98682E-05 9.98682E-05 0.00905179 9.98682E-05 9.98682E-05 9.98682E-05 9.98682E-05 9.98682E-05 9.98682E-05 0.0206014 0.68528 9.98682E-05 9.98682E-05 9.98682E-05 9.98682E-05 0.252327 0.0312419 9.98682E-05
9.98597E-05 9.98597E-05 9.98597E-05 9.98597E-05 9.98597E-05 9.98597E-05 9.98597E-05 0.243962 9.98597E-05 9.98597E-05 9.98597E-05 9.98597E-05 0.723463 9.98597E-05 9.98597E-05 9.98597E-05 0.0226391 9.98597E-05 0.00833898 9.98597E-05
9.98946E-05 9.98946E-05 9.98946E-05 9.98946E-05 9.98946E-05 0.10253 9.98946E-05 0.0447302 9.98946E-05 0.0415606 9.98946E-05 0.0841631 0.673769 0.0098606 0.0241983 9.98946E-05 0.0179899 9.98946E-05 9.98946E-05 9.98946E-05
9.98507E-05 9.98507E-05 0.0751292 9.98507E-05 9.98507E-05 9.98507E-05 9.98507E-05 9.98507E-05 9.98507E-05 9.98507E-05 9.98507E-05 9.98507E-05 0.773076 9.98507E-05 0.150097 9.98507E-05 9.98507E-05 9.98507E-05 9.98507E-05 9.98507E-05
0.0149629 9.98598E-05 9.98598E-05 9.98598E-05 0.00748748 9.98598E-05 9.98598E-05 9.98598E-05 9.98598E-05 9.98598E-05 9.98598E-05 9.98598E-05 0.964288 9.98598E-05 9.98598E-05 9.98598E-05 9.98598E-05 9.98598E-05 0.0116635 9.98598E-05
9.98422E-05 9.98422E-05 9.98422E-05 9.98422E-05 9.98422E-05 9.98422E-05 9.98422E-05 9.98422E-05 9.98422E-05 9.98422E-05 9.98422E-05 9.98422E-05 0.985709 9.98422E-05 9.98422E-05 9.98422E-05 9.98422E-05 0.0124935 9.98422E-05 9.98422E-05
9.98334E-05 9.98334E-05 9.98334E-05 9.98334E-05 9.98334E-05 9.98334E-05 9.98334E-05 9.98334E-05 9.98334E-05 9.98334E-05 9.98334E-05 9.98334E-05 0.998103 9.98334E-05 9.98334E-05 9.98334E-05 9.98334E-05 9.98334E-05 9.98334E-05 9.98334E-05
9.98685E-05 9.98685E-05 0.0787678 9.98685E-05 0.000101191 9.98685E-05 9.98685E-05 9.98685E-05 9.98685E-05 9.98685E-05 9.98685E-05 0.00308291 0.891497 9.98685E-05 9.98685E-05 9.98685E-05 0.025053 9.98685E-05 9.98685E-05 9.98685E-05
0.178245 9.98685E-05 9.98685E-05 9.98685E-05 0.0856562 9.98685E-05 9.98685E-05 9.98685E-05 9.98685E-05 9.98685E-05 9.98685E-05 9.98685E-05 0.617286 9.98685E-05 9.98685E-05 0.0451304 0.0721845 9.98685E-05 9.98685E-05 9.98685E-05
9.98508E-05 9.98508E-05 9.98508E-05 9.98508E-05 0.0794833 9.98508E-05 9.98508E-05 0.838971 9.98508E-05 9.98508E-05 9.98508E-05 9.98508E-05 9.98508E-05 9.98508E-05 9.98508E-05 9.98508E-05 0.0798484 9.98508E-05 9.98508E-05 9.98508E-05
0.649297 9.98421E-05 9.98421E-05 9.98421E-05 9.98421E-05 9.98421E-05 9.98421E-05 0.348906 9.98421E-05 9.98421E-05 9.98421E-05 9.98421E-05 9.98421E-05 9.98421E-05 9.98421E-05 9.98421E-05 9.98421E-05 9.98421E-05 9.98421E-05 9.98421E-05
9.9842E-05 9.9842E-05 9.9842E-05 9.9842E-05 9.9842E-05 9.9842E-05 9.9842E-05 0.95841 9.9842E-05 9.9842E-05 9.9842E-05 9.9842E-05 9.9842E-05 9.9842E-05 9.9842E-05 9.9842E-05 0.039793 9.9842E-05 9.9842E-05 9.9842E-05
9.98825E-05 9.98825E-05 9.98825E-05 9.98825E-05 0.010568 0.00955103 9.98825E-05 0.706984 0.014391 9.98825E-05 9.98825E-05 0.0729403 9.98825E-05 9.98825E-05 9.98825E-05 9.98825E-05 0.184167 9.98825E-05 9.98825E-05 9.98825E-05
9.98506E-05 9.98506E-05 9.98506E-05 0.000967347 0.0506009 9.98506E-05 9.98506E-05 0.946734 9.98506E-05 9.98506E-05 9.98506E-05 9.98506E-05 9.98506E-05 9.98506E-05 9.98506E-05 9.98506E-05 9.98506E-05 9.98506E-05 9.98506E-05 9.98506E-05
9.98771E-05 0.051787 9.98771E-05 9.98771E-05 0.168016 9.98771E-05 9.98771E-05 0.492225 9.98771E-05 0.0204422 9.98771E-05 9.98771E-05 9.98771E-05 9.98771E-05 9.98771E-05 9.98771E-05 0.188446 9.98771E-05 0.077685 9.98771E-05
9.98771E-05 9.98771E-05 9.98771E-05 9.98771E-05 0.0231843 9.98771E-05 9.98771E-05 0.760593 9.98771E-05 9.98771E-05 9.98771E-05 0.0292713 9.98771E-05 9.98771E-05 0.0191244 9.98771E-05 0.067008 0.0994208 9.98771E-05 9.98771E-05
9.9842E-05 9.9842E-05 9.9842E-05 9.9842E-05 0.214594 9.9842E-05 9.9842E-05 0.783609 9.9842E-05 9.9842E-05 9.9842E-05 9.9842E-05 9.9842E-05 9.9842E-05 9.9842E-05 9.9842E-05 9.9842E-05 9.9842E-05 9.9842E-05 9.9842E-05
9.98595E-05 9.98595E-05 9.98595E-05 9.98595E-05 0.377356 9.98595E-05 9.98595E-05 0.400932 9.98595E-05 9.98595E-05 9.98595E-05 9.98595E-05 9.98595E-05 9.98595E-05 9.98595E-05 0.0524433 9.98595E-05 9.98595E-05 0.167671 9.98595E-05
9.98595E-05 9.98595E-05 9.98595E-05 9.98595E-05 0.156268 9.98595E-05 9.98595E-05 0.506489 9.98595E-05 9.98595E-05 0.035846 9.98595E-05 9.98595E-05 9.98595E-05 9.98595E-05 9.98595E-05 0.299799 9.98595E-05 9.98595E-05 9.98595E-05
9.98771E-05 0.46812 9.98771E-05 9.98771E-05 0.0245373 9.98771E-05 9.98771E-05 0.289496 9.98771E-05 9.98771E-05 9.98771E-05 9.98771E-05 9.98771E-05 9.98771E-05 0.00405929 9.98771E-05 0.0230281 9.98771E-05 0.189361 9.98771E-05
0.0545097 9.98685E-05 9.98685E-05 9.98685E-05 0.0116098 9.98685E-05 9.98685E-05 0.635927 9.98685E-05 9.98685E-05 9.98685E-05 9.98685E-05 9.98685E-05 9.98685E-05 9.98685E-05 9.98685E-05 0.0420483 9.98685E-05 0.254407 9.98685E-05
9.9851E-05 0.106164 9.9851E-05 9.9851E-05 0.0736428 9.9851E-05 9.9851E-05 0.818496 9.9851E-05 9.9851E-05 9.9851E-05 9.9851E-05 9.9851E-05 9.9851E-05 9.9851E-05 9.9851E-05 9.9851E-05 9.9851E-05 9.9851E-05 9.9851E-05
9.98684E-05 0.213727 9.98684E-05 9.98684E-05 0.103688 9.98684E-05 9.98684E-05 0.42155 9.98684E-05 9.98684E-05 9.98684E-05 9.98684E-05 9.98684E-05 0.00967169 9.98684E-05 9.98684E-05 0.249866 9.98684E-05 9.98684E-05 9.98684E-05
9.98773E-05 0.0300776 9.98773E-05 9.98773E-05 0.0925288 9.98773E-05 9.98773E-05 0.793282 9.98773E-05 9.98773E-05 0.00312242 0.0706235 9.98773E-05 9.98773E-05 0.00896757 9.98773E-05 9.98773E-05 9.98773E-05 9.98773E-05 9.98773E-05
0.0509637 9.98947E-05 9.98947E-05 0.0204105 0.00341864 9.98947E-05 9.98947E-05 0.649059 9.98947E-05 9.98947E-05 9.98947E-05 9.98947E-05 9.98947E-05 9.98947E-05 0.00795938 0.0800567 0.127692 9.98947E-05 0.0592407 9.98947E-05
9.98683E-05 0.0870008 9.98683E-05 9.98683E-05 9.98683E-05 9.98683E-05 9.98683E-05 0.491945 0.0480752 9.98683E-05 9.98683E-05 9.98683E-05 9.98683E-05 9.98683E-05 9.98683E-05 9.98683E-05 0.133546 9.98683E-05 0.237935 9.98683E-05
0.0120402 9.98686E-05 9.98686E-05 0.0558019 0.0953654 9.98686E-05 9.98686E-05 0.776665 9.98686E-05 9.98686E-05 9.98686E-05 9.98686E-05 9.98686E-05 9.98686E-05 9.98686E-05 9.98686E-05 9.98686E-05 0.0586294 9.98686E-05 9.98686E-05
9.98772E-05 0.0571123 0.00641527 9.98772E-05 0.0059884 9.98772E-05 9.98772E-05 0.808717 9.98772E-05 9.98772E-05 9.98772E-05 9.98772E-05 9.98772E-05 9.98772E-05 0.0818284 9.98772E-05 9.98772E-05 9.98772E-05 0.0385405 9.98772E-05
0.389865 9.98859E-05 9.98859E-05 9.98859E-05 0.0805387 9.98859E-05 9.98859E-05 0.334049 0.074707 9.98859E-05 9.98859E-05 9.98859E-05 9.98859E-05 9.98859E-05 0.00743033 0.0376379 0.0744732 9.98859E-05 9.98859E-05 9.98859E-05
9.98947E-05 0.0844881 9.98947E-05 0.015146 0.0131783 9.98947E-05 9.98947E-05 0.638377 9.98947E-05 0.0752224 9.98947E-05 0.00171127 9.98947E-05 9.98947E-05 9.98947E-05 9.98947E-05 0.0581314 9.98947E-05 0.112547 9.98947E-05
9.98683E-05 9.98683E-05 9.98683E-05 9.98683E-05 0.0742185 0.0136787 9.98683E-05 0.826272 0.0056899 9.98683E-05 9.98683E-05 9.98683E-05 9.98683E-05 9.98683E-05 9.98683E-05 9.98683E-05 0.0786425 9.98683E-05 9.98683E-05 9.98683E-05
9.98859E-05 9.98859E-05 9.98859E-05 0.0408599 0.206967 0.0541773 9.98859E-05 0.414147 0.0430299 9.98859E-05 9.98859E-05 9.98859E-05 9.98859E-05 9.98859E-05 9.98859E-05 9.98859E-05 0.187231 9.98859E-05 0.0522901 9.98859E-05
0.0537978 0.115253 9.98684E-05 0.0395336 0.178853 9.98684E-05 9.98684E-05 0.611064 9.98684E-05 9.98684E-05 9.98684E-05 9.98684E-05 9.98684E-05 9.98684E-05 9.98684E-05 9.98684E-05 9.98684E-05 9.98684E-05 9.98684E-05 9.98684E-05
9.98771E-05 9.98771E-05 9.98771E-05 9.98771E-05 0.170438 0.107434 9.98771E-05 0.359221 0.0230108 9.98771E-05 9.98771E-05 9.98771E-05 9.98771E-05 9.98771E-05 9.98771E-05 9.98771E-05 0.177032 9.98771E-05 0.161466 9.98771E-05
9.98772E-05 0.298997 9.98772E-05 9.98772E-05 0.10322 9.98772E-05 9.98772E-05 0.264878 9.98772E-05 9.98772E-05 9.98772E-05 9.98772E-05 0.100799 9.98772E-05 9.98772E-05 9.98772E-05 0.141824 9.98772E-05 0.0888827 9.98772E-05
0.780225 9.98684E-05 9.98684E-05 0.0499211 9.98684E-05 9.98684E-05 9.98684E-05 0.0570494 9.98684E-05 9.98684E-05 9.98684E-05 9.98684E-05 9.98684E-05 0.0892631 9.98684E-05 9.98684E-05 0.0220433 9.98684E-05 9.98684E-05 9.98684E-05
9.98681E-05 9.98681E-05 9.98681E-05 9.98681E-05 0.0431053 0.0194769 9.98681E-05 0.829774 9.98681E-05 0.004685 9.98681E-05 9.98681E-05 9.98681E-05 9.98681E-05 9.98681E-05 9.98681E-05 0.101461 9.98681E-05 9.98681E-05 9.98681E-05
9.98598E-05 9.98598E-05 9.98598E-05 9.98598E-05 0.231911 9.98598E-05 9.98598E-05 0.545213 9.98598E-05 9.98598E-05 9.98598E-05 9.98598E-05 9.98598E-05 9.98598E-05 9.98598E-05 9.98598E-05 0.151995 9.98598E-05 0.0692826 9.98598E-05
0.0474769 9.98597E-05 9.98597E-05 0.1286 9.98597E-05 9.98597E-05 9.98597E-05 0.745554 9.98597E-05 9.98597E-05 9.98597E-05 9.98597E-05 9.98597E-05 9.98597E-05 9.98597E-05 9.98597E-05 0.0767711 9.98597E-05 9.98597E-05 9.98597E-05
9.9886E-05 0.127152 9.9886E-05 9.9886E-05 0.0539698 9.9886E-05 9.9886E-05 0.516313 9.9886E-05 9.9886E-05 9.9886E-05 9.9886E-05 9.9886E-05 9.9886E-05 0.100162 9.9886E-05 0.14052 0.018842 9.9886E-05 0.0417441
9.98684E-05 9.98684E-05 9.98684E-05 9.98684E-05 9.98684E-05 9.98684E-05 9.98684E-05 0.879643 0.0182959 9.98684E-05 9.98684E-05 0.00634667 9.98684E-05 9.98684E-05 0.0467026 9.98684E-05 9.98684E-05 9.98684E-05 9.98684E-05 0.0475141
9.98683E-05 9.98683E-05 9.98683E-05 0.130373 0.302929 9.98683E-05 9.98683E-05 0.355686 0.0595774 9.98683E-05 9.98683E-05 9.98683E-05 9.98683E-05 9.98683E-05 9.98683E-05 9.98683E-05 0.149937 9.98683E-05 9.98683E-05 9.98683E-05
9.98506E-05 9.98506E-05 9.98506E-05 9.98506E-05 9.98506E-05 9.98506E-05 9.98506E-05 0.847494 9.98506E-05 9.98506E-05 9.98506E-05 9.98506E-05 9.98506E-05 9.98506E-05 9.98506E-05 9.98506E-05 0.00487565 0.145933 9.98506E-05 9.98506E-05
9.98596E-05 0.058658 9.98596E-05 9.98596E-05 0.029158 9.98596E-05 9.98596E-05 0.861868 9.98596E-05 9.98596E-05 9.98596E-05 9.98596E-05 9.98596E-05 9.98596E-05 9.98596E-05 9.98596E-05 0.048718 9.98596E-05 9.98596E-05 9.98596E-05
9.98683E-05 0.194581 0.01272 9.98683E-05 0.0440418 9.98683E-05 9.98683E-05 0.562396 9.98683E-05 9.98683E-05 9.98683E-05 9.98683E-05 9.98683E-05 9.98683E-05 9.98683E-05 0.184763 9.98683E-05 9.98683E-05 9.98683E-05 9.98683E-05
9.98683E-05 9.98683E-05 9.98683E-05 9.98683E-05 0.0829232 9.98683E-05 9.98683E-05 0.65735 9.98683E-05 9.98683E-05 9.98683E-05 0.0504038 9.98683E-05 9.98683E-05 0.0186035 9.98683E-05 0.189222 9.98683E-05 9.98683E-05 9.98683E-05
9.98508E-05 0.719149 9.98508E-05 9.98508E-05 0.0632316 9.98508E-05 9.98508E-05 0.215922 9.98508E-05 9.98508E-05 9.98508E-05 9.98508E-05 9.98508E-05 9.98508E-05 9.98508E-05 9.98508E-05 9.98508E-05 9.98508E-05 9.98508E-05 9.98508E-05
0.228193 0.0457705 9.98772E-05 9.98772E-05 9.98772E-05 9.98772E-05 9.98772E-05 0.656565 0.00876958 9.98772E-05 9.98772E-05 0.00542683 9.98772E-05 9.98772E-05 9.98772E-05 9.98772E-05 0.0538775 9.98772E-05 9.98772E-05 9.98772E-05
9.98511E-05 0.33972 9.98511E-05 0.0597326 9.98511E-05 9.98511E-05 9.98511E-05 0.59885 9.98511E-05 9.98511E-05 9.98511E-05 9.98511E-05 9.98511E-05 9.98511E-05 9.98511E-05 9.98511E-05 9.98511E-05 9.98511E-05 9.98511E-05 9.98511E-05
9.98509E-05 0.652201 9.98509E-05 9.98509E-05 9.98509E-05 9.98509E-05 9.98509E-05 0.33529 0.0108113 9.98509E-05 9.98509E-05 9.98509E-05 9.98509E-05 9.98509E-05 9.98509E-05 9.98509E-05 9.98509E-05 9.98509E-05 9.98509E-05 9.98509E-05
9.98596E-05 9.98596E-05 9.98596E-05 9.98596E-05 0.0891589 9.98596E-05 9.98596E-05 0.483725 9.98596E-05 9.98596E-05 9.98596E-05 9.98596E-05 9.98596E-05 9.98596E-05 9.98596E-05 9.98596E-05 0.294332 9.98596E-05 0.131186 9.98596E-05
9.98508E-05 9.98508E-05 9.98508E-05 9.98508E-05 0.120265 9.98508E-05 9.98508E-05 0.79933 9.98508E-05 9.98508E-05 0.0787075 9.98508E-05 9.98508E-05 9.98508E-05 9.98508E-05 9.98508E-05 9.98508E-05 9.98508E-05 9.98508E-05 9.98508E-05
0.749952 0.0535942 9.98683E-05 9.98683E-05 0.122035 9.98683E-05 9.98683E-05 9.98683E-05 0.0300461 9.98683E-05 9.98683E-05 9.98683E-05 9.98683E-05 9.98683E-05 9.98683E-05 9.98683E-05 0.0428748 9.98683E-05 9.98683E-05 9.98683E-05
0.131595 0.527198 9.98597E-05 9.98597E-05 9.98597E-05 9.98597E-05 9.98597E-05 0.303854 9.98597E-05 9.98597E-05 9.98597E-05 9.98597E-05 9.98597E-05 9.98597E-05 9.98597E-05 9.98597E-05 0.0357542 9.98597E-05 9.98597E-05 9.98597E-05
9.9877E-05 9.9877E-05 9.9877E-05 9.9877E-05 0.126121 9.9877E-05 9.9877E-05 0.507467 0.142334 9.9877E-05 9.9877E-05 0.0438787 9.9877E-05 9.9877E-05 9.9877E-05 9.9877E-05 9.9877E-05 0.0317443 0.147057 9.9877E-05
0.0639862 9.9886E-05 9.9886E-05 9.9886E-05 0.117852 9.9886E-05 9.9886E-05 0.509798 9.9886E-05 9.9886E-05 0.0167233 0.0319527 0.218919 9.9886E-05 9.9886E-05 9.9886E-05 0.0394698 9.9886E-05 9.9886E-05 9.9886E-05
9.99036E-05 0.103827 0.046545 9.99036E-05 0.144062 9.99036E-05 9.99036E-05 0.4559 9.99036E-05 9.99036E-05 9.99036E-05 9.99036E-05 9.99036E-05 0.0874752 9.99036E-05 0.0662744 0.0201691 0.00255913 0.0720888 9.99036E-05
9.98597E-05 9.98597E-05 9.98597E-05 9.98597E-05 0.229929 9.98597E-05 9.98597E-05 0.536931 9.98597E-05 9.98597E-05 9.98597E-05 9.98597E-05 9.98597E-05 9.98597E-05 9.98597E-05 9.98597E-05 0.17721 0.0543322 9.98597E-05 9.98597E-05
9.98509E-05 0.564864 9.98509E-05 9.98509E-05 9.98509E-05 9.98509E-05 9.98509E-05 0.419509 9.98509E-05 9.98509E-05 9.98509E-05 9.98509E-05 9.98509E-05 9.98509E-05 9.98509E-05 9.98509E-05 0.01393 9.98509E-05 9.98509E-05 9.98509E-05
9.98508E-05 9.98508E-05 9.98508E-05 9.98508E-05 9.98508E-05 9.98508E-05 9.98508E-05 0.760503 9.98508E-05 0.145052 9.98508E-05 9.98508E-05 9.98508E-05 9.98508E-05 9.98508E-05 9.98508E-05 0.0927483 9.98508E-05 9.98508E-05 9.98508E-05
0.661583 9.98508E-05 9.98508E-05 9.98508E-05 0.0873818 9.98508E-05 9.98508E-05 0.249337 9.98508E-05 9.98508E-05 9.98508E-05 9.98508E-05 9.98508E-05 9.98508E-05 9.98508E-05 9.98508E-05 9.98508E-05 9.98508E-05 9.98508E-05 9.98508E-05
9.98685E-05 0.213046 9.98685E-05 9.98685E-05 0.100917 9.98685E-05 9.98685E-05 0.526796 9.98685E-05 9.98685E-05 9.98685E-05 9.98685E-05 9.98685E-05 9.98685E-05 0.0253543 9.98685E-05 0.132389 9.98685E-05 9.98685E-05 9.98685E-05
9.98509E-05 9.98509E-05 9.98509E-05 9.98509E-05 0.0698409 9.98509E-05 9.98509E-05 0.861753 9.98509E-05 9.98509E-05 9.98509E-05 9.98509E-05 9.98509E-05 9.98509E-05 9.98509E-05 9.98509E-05 9.98509E-05 9.98509E-05 9.98509E-05 0.0667083
9.98595E-05 9.98595E-05 9.98595E-05 9.98595E-05 9.98595E-05 9.98595E-05 9.98595E-05 0.892761 9.98595E-05 0.0773084 9.98595E-05 9.98595E-05 9.98595E-05 9.98595E-05 0.00521456 9.98595E-05 9.98595E-05 0.0231181 9.98595E-05 9.98595E-05
9.98595E-05 9.98595E-05 9.98595E-05 9.98595E-05 0.150831 9.98595E-05 9.98595E-05 0.559578 9.98595E-05 9.98595E-05 9.98595E-05 9.98595E-05 9.98595E-05 9.98595E-05 9.98595E-05 9.98595E-05 0.122458 9.98595E-05 0.165536 9.98595E-05
9.98508E-05 9.98508E-05 9.98508E-05 9.98508E-05 0.114916 9.98508E-05 9.98508E-05 0.713597 9.98508E-05 9.98508E-05 9.98508E-05 9.98508E-05 9.98508E-05 9.98508E-05 9.98508E-05 9.98508E-05 0.169789 9.98508E-05 9.98508E-05 9.98508E-05
9.98472E-05 9.98472E-05 9.98472E-05 9.98472E-05 9.98472E-05 9.98472E-05 9.98472E-05 0.926957 9.98472E-05 0.0712461 9.98472E-05 9.98472E-05 9.98472E-05 9.98472E-05 9.98472E-05 9.98472E-05 9.98472E-05 9.98472E-05 9.98472E-05 9.98472E-05
9.98596E-05 0.0980233 9.98596E-05 9.98596E-05 9.98596E-05 9.98596E-05 9.98596E-05 0.75418 0.12675 9.98596E-05 9.98596E-05 9.98596E-05 9.98596E-05 9.98596E-05 9.98596E-05 9.98596E-05 0.0194495 9.98596E-05 9.98596E-05 9.98596E-05
0.0317089 0.126314 9.98772E-05 9.98772E-05 0.132653 9.98772E-05 9.98772E-05 0.601211 9.98772E-05 9.98772E-05 9.98772E-05 9.98772E-05 9.98772E-05 9.98772E-05 9.98772E-05 9.98772E-05 0.0856957 9.98772E-05 0.0210191 9.98772E-05
9.9833E-05 9.9833E-05 9.9833E-05 9.9833E-05 9.9833E-05 9.9833E-05 9.9833E-05 9.9833E-05 9.9833E-05 9.9833E-05 9.9833E-05 9.9833E-05 9.9833E-05 9.9833E-05 9.9833E-05 9.9833E-05 0.998103 9.9833E-05 9.9833E-05 9.9833E-05
9.9833E-05 9.9833E-05 9.9833E-05 9.9833E-05 0.998103 9.9833E-05 9.9833E-05 9.9833E-05 9.9833E-05 9.9833E-05 9.9833E-05 9.9833E-05 9.9833E-05 9.9833E-05 9.9833E-05 9.9833E-05 9.9833E-05 9.9833E-05 9.9833E-05 9.9833E-05
9.9833E-05 9.9833E-05 9.9833E-05 9.9833E-05 9.9833E-05 9.9833E-05 9.9833E-05 9.9833E-05 9.9833E-05 9.9833E-05 9.9833E-05 9.9833E-05 9.9833E-05 9.9833E-05 9.9833E-05 9.9833E-05 0.998103 9.9833E-05 9.9833E-05 9.9833E-05
9.9833E-05 9.9833E-05 9.9833E-05 9.9833E-05 0.998103 9.9833E-05 9.9833E-05 9.9833E-05 9.9833E-05 9.9833E-05 9.9833E-05 9.9833E-05 9.9833E-05 9.9833E-05 9.9833E-05 9.9833E-05 9.9833E-05 9.9833E-05 9.9833E-05 9.9833E-05
9.9833E-05 9.9833E-05 9.9833E-05 9.9833E-05 0.998103 9.9833E-05 9.9833E-05 9.9833E-05 9.9833E-05 9.9833E-05 9.9833E-05 9.9833E-05 9.9833E-05 9.9833E-05 9.9833E-05 9.9833E-05 9.9833E-05 9.9833E-05 9.9833E-05 9.9833E-05
9.9833E-05 9.9833E-05 9.9833E-05 9.9833E-05 0.998103 9.9833E-05 9.9833E-05 9.9833E-05 9.9833E-05 9.9833E-05 9.9833E-05 9.9833E-05 9.9833E-05 9.9833E-05 9.9833E-05 9.9833E-05 9.9833E-05 9.9833E-05 9.9833E-05 9.9833E-05
9.9833E-05 9.9833E-05 9.9833E-05 9.9833E-05 9.9833E-05 9.9833E-05 9.9833E-05 9.9833E-05 9.9833E-05 9.9833E-05 9.9833E-05 9.9833E-05 9.9833E-05 9.9833E-05 9.9833E-05 9.9833E-05 0.998103 9.9833E-05 9.9833E-05 9.9833E-05
9.9833E-05 9.9833E-05 9.9833E-05 9.9833E-05 0.998103 9.9833E-05 9.9833E-05 9.9833E-05 9.9833E-05 9.9833E-05 9.9833E-05 9.9833E-05 9.9833E-05 9.9833E-05 9.9833E-05 9.9833E-05 9.9833E-05 9.9833E-05 9.9833E-05 9.9833E-05
9.9833E-05 9.9833E-05 9.9833E-05 9.9833E-05 0.998103 9.9833E-05 9.9833E-05 9.9833E-05 9.9833E-05 9.9833E-05 9.9833E-05 9.9833E-05 9.9833E-05 9.9833E-05 9.9833E-05 9.9833E-05 9.9833E-05 9.9833E-05 9.9833E-05 9.9833E-05
9.9833E-05 9.9833E-05 9.9833E-05 9.9833E-05 9.9833E-05 9.9833E-05 9.9833E-05 9.9833E-05 9.9833E-05 9.9833E-05 9.9833E-05 9.9833E-05 9.9833E-05 9.9833E-05 9.9833E-05 9.9833E-05 0.998103 9.9833E-05 9.9833E-05 9.9833E-05
9.9833E-05 9.9833E-05 9.9833E-05 9.9833E-05 9.9833E-05 9.9833E-05 9.9833E-05 9.9833E-05 9.9833E-05 9.9833E-05 9.9833E-05 9.9833E-05 9.9833E-05 9.9833E-05 9.9833E-05 9.9833E-05 0.998103 9.9833E-05 9.9833E-05 9.9833E-05
9.98329E-05 9.98329E-05 9.98329E-05 9.98329E-05 9.98329E-05 9.98329E-05 9.98329E-05 9.98329E-05 9.98329E-05 9.98329E-05 9.98329E-05 9.98329E-05 9.98329E-05 9.98329E-05 9.98329E-05 9.98329E-05 0.998103 9.98329E-05 9.98329E-05 9.98329E-05
9.9833E-05 9.9833E-05 9.9833E-05 9.9833E-05 0.998103 9.9833E-05 9.9833E-05 9.9833E-05 9.9833E-05 9.9833E-05 9.9833E-05 9.9833E-05 9.9833E-05 9.9833E-05 9.9833E-05 9.9833E-05 9.9833E-05 9.9833E-05 9.9833E-05 9.9833E-05
9.9833E-05 9.9833E-05 9.9833E-05 9.9833E-05 0.998103 9.9833E-05 9.9833E-05 9.9833E-05 9.9833E-05 9.9833E-05 9.9833E-05 9.9833E-05 9.9833E-05 9.9833E-05 9.9833E-05 9.9833E-05 9.9833E-05 9.9833E-05 9.9833E-05 9.9833E-05
9.98331E-05 9.98331E-05 9.98331E-05 9.98331E-05 9.98331E-05 9.98331E-05 9.98331E-05 9.98331E-05 9.98331E-05 9.98331E-05 9.98331E-05 9.98331E-05 9.98331E-05 9.98331E-05 9.98331E-05 9.98331E-05 0.998103 9.98331E-05 9.98331E-05 9.98331E-05
9.9833E-05 9.9833E-05 9.9833E-05 9.9833E-05 9.9833E-05 9.9833E-05 9.9833E-05 9.9833E-05 9.9833E-05 9.9833E-05 9.9833E-05 9.9833E-05 9.9833E-05 9.9833E-05 9.9833E-05 9.9833E-05 0.998103 9.9833E-05 9.9833E-05 9.9833E-05
9.99121E-05 9.99121E-05 0.00929067 9.99121E-05 0.0759656 9.99121E-05 9.99121E-05 0.531931 0.0671809 0.178285 0.0129185 0.00696883 9.99121E-05 0.00160141 9.99121E-05 0.0299928 0.0848664 9.99121E-05 9.99121E-05 9.99121E-05
9.9833E-05 9.9833E-05 9.9833E-05 9.9833E-05 9.9833E-05 9.9833E-05 9.9833E-05 9.9833E-05 9.9833E-05 9.9833E-05 9.9833E-05 9.9833E-05 9.9833E-05 9.9833E-05 9.9833E-05 9.9833E-05 0.998103 9.9833E-05 9.9833E-05 9.9833E-05
9.9833E-05 9.9833E-05 9.9833E-05 9.9833E-05 0.998103 9.9833E-05 9.9833E-05 9.9833E-05 9.9833E-05 9.9833E-05 9.9833E-05 9.9833E-05 9.9833E-05 9.9833E-05 9.9833E-05 9.9833E-05 9.9833E-05 9.9833E-05 9.9833E-05 9.9833E-05
9.98329E-05 9.98329E-05 9.98329E-05 9.98329E-05 9.98329E-05 9.98329E-05 9.98329E-05 9.98329E-05 9.98329E-05 9.98329E-05 9.98329E-05 9.98329E-05 9.98329E-05 9.98329E-05 9.98329E-05 9.98329E-05 0.998103 9.98329E-05 9.98329E-05 9.98329E-05
9.9833E-05 9.9833E-05 9.9833E-05 9.9833E-05 9.9833E-05 9.9833E-05 9.9833E-05 9.9833E-05 9.9833E-05 9.9833E-05 9.9833E-05 9.9833E-05 9.9833E-05 9.9833E-05 9.9833E-05 9.9833E-05 0.998103 9.9833E-05 9.9833E-05 9.9833E-05
9.98329E-05 9.98329E-05 9.98329E-05 9.98329E-05 9.98329E-05 9.98329E-05 9.98329E-05 9.98329E-05 9.98329E-05 9.98329E-05 9.98329E-05 9.98329E-05 9.98329E-05 9.98329E-05 9.98329E-05 9.98329E-05 0.998103 9.98329E-05 9.98329E-05 9.98329E-05
9.9833E-05 9.9833E-05 9.9833E-05 9.9833E-05 0.998103 9.9833E-05 9.9833E-05 9.9833E-05 9.9833E-05 9.9833E-05 9.9833E-05 9.9833E-05 9.9833E-05 9.9833E-05 9.9833E-05 9.9833E-05 9.9833E-05 9.9833E-05 9.9833E-05 9.9833E-05
9.9833E-05 9.9833E-05 9.9833E-05 9.9833E-05 9.9833E-05 9.9833E-05 9.9833E-05 9.9833E-05 9.9833E-05 9.9833E-05 9.9833E-05 9.9833E-05 9.9833E-05 9.9833E-05 9.9833E-05 9.9833E-05 0.998103 9.9833E-05 9.9833E-05 9.9833E-05
9.98329E-05 9.98329E-05 9.98329E-05 9.98329E-05 0.998103 9.98329E-05 9.98329E-05 9.98329E-05 9.98329E-05 9.98329E-05 9.98329E-05 9.98329E-05 9.98329E-05 9.98329E-05 9.98329E-05 9.98329E-05 9.98329E-05 9.98329E-05 9.98329E-05 9.98329E-05
9.9833E-05 9.9833E-05 9.9833E-05 9.9833E-05 9.9833E-05 9.9833E-05 9.9833E-05 9.9833E-05 9.9833E-05 9.9833E-05 9.9833E-05 9.9833E-05 9.9833E-05 9.9833E-05 9.9833E-05 9.9833E-05 0.998103 9.9833E-05 9.9833E-05 9.9833E-05
9.9833E-05 9.9833E-05 9.9833E-05 9.9833E-05 9.9833E-05 9.9833E-05 9.9833E-05 9.9833E-05 9.9833E-05 9.9833E-05 9.9833E-05 9.9833E-05 9.9833E-05 9.9833E-05 9.9833E-05 9.9833E-05 0.998103 9.9833E-05 9.9833E-05 9.9833E-05
9.9833E-05 9.9833E-05 9.9833E-05 9.9833E-05 0.998103 9.9833E-05 9.9833E-05 9.9833E-05 9.9833E-05 9.9833E-05 9.9833E-05 9.9833E-05 9.9833E-05 9.9833E-05 9.9833E-05 9.9833E-05 9.9833E-05 9.9833E-05 9.9833E-05 9.9833E-05
9.9833E-05 9.9833E-05 9.9833E-05 9.9833E-05 0.998103 9.9833E-05 9.9833E-05 9.9833E-05 9.9833E-05 9.9833E-05 9.9833E-05 9.9833E-05 9.9833E-05 9.9833E-05 9.9833E-05 9.9833E-05 9.9833E-05 9.9833E-05 9.9833E-05 9.9833E-05
