0.254388 9.98771E-05 0.0618872 9.98771E-05 0.0400081 9.98771E-05 0.263833 9.98771E-05 9.98771E-05 9.98771E-05 9.98771E-05 0.0531077 9.98771E-05 9.98771E-05 9.98771E-05 9.98771E-05 9.98771E-05 0.0913625 0.142432 9.98771E-05 9.98771E-05 0.0915831
9.98596E-05 9.98596E-05 9.98596E-05 9.98596E-05 0.082585 9.98596E-05 0.626661 0.2312 9.98596E-05 9.98596E-05 9.98596E-05 9.98596E-05 9.98596E-05 9.98596E-05 9.98596E-05 9.98596E-05 0.0499435 9.98596E-05 9.98596E-05 9.98596E-05 0.000234682 0.0077787
9.98508E-05 9.98508E-05 0.0326691 9.98508E-05 9.98508E-05 9.98508E-05 0.761025 9.98508E-05 9.98508E-05 9.98508E-05 9.98508E-05 9.98508E-05 0.124665 9.98508E-05 9.98508E-05 9.98508E-05 9.98508E-05 0.0361737 9.98508E-05 9.98508E-05 9.98508E-05 0.0437701
0.0927879 9.98947E-05 9.98947E-05 9.98947E-05 9.98947E-05 9.98947E-05 0.201458 9.98947E-05 9.98947E-05 9.98947E-05 9.98947E-05 0.0533741 0.0356725 9.98947E-05 9.98947E-05 0.108107 9.98947E-05 0.115363 0.0163202 0.29805 0.046324 0.0313447
9.98421E-05 0.0562831 9.98421E-05 9.98421E-05 9.98421E-05 9.98421E-05 0.793233 9.98421E-05 9.98421E-05 9.98421E-05 9.98421E-05 9.98421E-05 9.98421E-05 0.019214 9.98421E-05 0.129473 9.98421E-05 9.98421E-05 9.98421E-05 9.98421E-05 9.98421E-05 9.98421E-05
0.182124 0.04995 9.98859E-05 0.0861886 9.98859E-05 9.98859E-05 0.118405 9.98859E-05 9.98859E-05 9.98859E-05 9.98859E-05 9.98859E-05 9.98859E-05 0.209713 9.98859E-05 0.211305 0.0306584 0.0296363 0.0807212 9.98859E-05 9.98859E-05 9.98859E-05
9.98774E-05 0.00699887 9.98774E-05 9.98774E-05 9.98774E-05 9.98774E-05 0.134093 9.98774E-05 0.0795411 9.98774E-05 9.98774E-05 0.0342624 9.98774E-05 0.030038 9.98774E-05 9.98774E-05 9.98774E-05 0.13084 0.478377 0.104452 9.98774E-05 9.98774E-05
9.98947E-05 0.154352 9.98947E-05 0.105761 9.98947E-05 0.0117602 0.109689 9.98947E-05 0.000698629 0.00588169 0.0450203 9.98947E-05 9.98947E-05 0.0372728 9.98947E-05 9.98947E-05 9.98947E-05 0.125209 0.403156 9.98947E-05 9.98947E-05 9.98947E-05
9.98595E-05 9.98595E-05 0.17196 0.199942 9.98595E-05 9.98595E-05 0.181104 9.98595E-05 9.98595E-05 9.98595E-05 9.98595E-05 9.98595E-05 9.98595E-05 9.98595E-05 9.98595E-05 0.178295 9.98595E-05 0.0744613 9.98595E-05 9.98595E-05 9.98595E-05 0.19264
9.98333E-05 9.98333E-05 9.98333E-05 9.98333E-05 9.98333E-05 9.98333E-05 0.885928 9.98333E-05 9.98333E-05 0.00272333 9.98333E-05 9.98333E-05 9.98333E-05 9.98333E-05 9.98333E-05 9.98333E-05 9.98333E-05 9.98333E-05 9.98333E-05 9.98333E-05 9.98333E-05 0.109452
0.0166517 9.98595E-05 9.98595E-05 9.98595E-05 9.98595E-05 9.98595E-05 0.437579 9.98595E-05 9.98595E-05 9.98595E-05 9.98595E-05 0.111431 9.98595E-05 9.98595E-05 9.98595E-05 9.98595E-05 9.98595E-05 0.0314802 0.258131 9.98595E-05 9.98595E-05 0.143129
9.98596E-05 0.0417558 9.98596E-05 9.98596E-05 9.98596E-05 0.0567787 0.801562 9.98596E-05 9.98596E-05 9.98596E-05 9.98596E-05 9.98596E-05 9.98596E-05 0.0111182 9.98596E-05 9.98596E-05 9.98596E-05 9.98596E-05 0.0839772 9.98596E-05 9.98596E-05 0.00321052
9.98598E-05 9.98598E-05 9.98598E-05 0.00709852 9.98598E-05 9.98598E-05 0.757826 9.98598E-05 9.98598E-05 9.98598E-05 9.98598E-05 9.98598E-05 9.98598E-05 9.98598E-05 9.98598E-05 0.0152209 0.0119634 0.0620946 9.98598E-05 9.98598E-05 9.98598E-05 0.144199
9.98685E-05 9.98685E-05 9.98685E-05 9.98685E-05 9.98685E-05 0.0704353 0.615538 9.98685E-05 9.98685E-05 9.98685E-05 9.98685E-05 0.0443524 0.0934665 9.98685E-05 0.0790786 9.98685E-05 9.98685E-05 0.033277 9.98685E-05 9.98685E-05 9.98685E-05 0.0623543
0.0921699 9.99035E-05 0.0447805 0.125128 9.99035E-05 9.99035E-05 0.269131 9.99035E-05 9.99035E-05 9.99035E-05 9.99035E-05 9.99035E-05 0.111639 0.080464 9.99035E-05 0.0185899 0.00455919 0.0157033 0.123968 9.99035E-05 9.99035E-05 0.112768
0.148489 9.99122E-05 9.99122E-05 0.14826 9.99122E-05 0.104251 0.107664 9.99122E-05 9.99122E-05 0.0108541 0.0433489 0.00308988 9.99122E-05 9.99122E-05 9.99122E-05 0.13098 9.99122E-05 0.153898 0.0221977 0.0321451 9.99122E-05 0.0938238
9.98684E-05 9.98684E-05 9.98684E-05 9.98684E-05 0.0872225 9.98684E-05 0.521612 9.98684E-05 9.98684E-05 9.98684E-05 9.98684E-05 0.0662964 9.98684E-05 9.98684E-05 0.150772 9.98684E-05 9.98684E-05 0.0400006 9.98684E-05 0.0460491 9.98684E-05 0.0865489
9.98597E-05 9.98597E-05 9.98597E-05 9.98597E-05 9.98597E-05 9.98597E-05 0.030579 9.98597E-05 9.98597E-05 0.12759 9.98597E-05 9.98597E-05 9.98597E-05 9.98597E-05 9.98597E-05 9.98597E-05 9.98597E-05 0.0636332 0.608488 9.98597E-05 0.132968 0.0351432
0.0493425 9.98595E-05 9.98595E-05 0.122671 9.98595E-05 9.98595E-05 0.314632 9.98595E-05 9.98595E-05 9.98595E-05 9.98595E-05 9.98595E-05 9.98595E-05 0.20432 9.98595E-05 9.98595E-05 9.98595E-05 0.140435 9.98595E-05 9.98595E-05 9.98595E-05 0.167003
9.98422E-05 9.98422E-05 9.98422E-05 9.98422E-05 9.98422E-05 9.98422E-05 0.889359 9.98422E-05 9.98422E-05 9.98422E-05 9.98422E-05 9.98422E-05 9.98422E-05 9.98422E-05 9.98422E-05 0.0566031 9.98422E-05 9.98422E-05 9.98422E-05 9.98422E-05 0.0120937 0.040147
9.99035E-05 0.0257056 0.00185711 0.0785417 9.99035E-05 0.195769 0.411744 9.99035E-05 9.99035E-05 9.99035E-05 9.99035E-05 0.0644827 9.99035E-05 9.99035E-05 9.99035E-05 0.0670258 9.99035E-05 0.0606334 0.0460815 9.99035E-05 0.0055308 0.0415289
9.98598E-05 0.158332 9.98598E-05 0.118738 9.98598E-05 9.98598E-05 0.171824 9.98598E-05 9.98598E-05 9.98598E-05 9.98598E-05 9.98598E-05 9.98598E-05 0.13255 9.98598E-05 9.98598E-05 0.146366 0.270592 9.98598E-05 9.98598E-05 9.98598E-05 9.98598E-05
9.98509E-05 9.98509E-05 9.98509E-05 9.98509E-05 9.98509E-05 9.98509E-05 0.550118 9.98509E-05 9.98509E-05 9.98509E-05 9.98509E-05 0.00981266 9.98509E-05 9.98509E-05 9.98509E-05 0.0709148 9.98509E-05 9.98509E-05 0.337366 9.98509E-05 9.98509E-05 0.030091
9.98509E-05 9.98509E-05 0.0338741 9.98509E-05 9.98509E-05 9.98509E-05 0.304542 9.98509E-05 9.98509E-05 9.98509E-05 9.98509E-05 9.98509E-05 9.98509E-05 9.98509E-05 9.98509E-05 9.98509E-05 9.98509E-05 0.253256 0.193057 9.98509E-05 9.98509E-05 0.213574
9.98859E-05 9.98859E-05 0.00298997 0.0326432 9.98859E-05 0.0383387 0.260383 9.98859E-05 9.98859E-05 9.98859E-05 9.98859E-05 0.0141906 0.156094 9.98859E-05 9.98859E-05 9.98859E-05 9.98859E-05 0.109062 9.98859E-05 9.98859E-05 0.0784741 0.306526
9.98771E-05 0.0286477 9.98771E-05 0.0269088 9.98771E-05 9.98771E-05 0.65779 9.98771E-05 9.98771E-05 9.98771E-05 0.00437968 9.98771E-05 0.129421 9.98771E-05 9.98771E-05 9.98771E-05 9.98771E-05 0.0673066 9.98771E-05 0.00628266 9.98771E-05 0.0778649
9.98771E-05 9.98771E-05 9.98771E-05 9.98771E-05 9.98771E-05 9.98771E-05 9.98771E-05 0.0318324 9.98771E-05 0.0912298 0.0823964 9.98771E-05 0.281798 9.98771E-05 9.98771E-05 9.98771E-05 0.284401 0.168596 9.98771E-05 0.00220007 9.98771E-05 0.0561482
9.98597E-05 9.98597E-05 9.98597E-05 9.98597E-05 9.98597E-05 9.98597E-05 0.713734 9.98597E-05 9.98597E-05 9.98597E-05 9.98597E-05 0.00762433 9.98597E-05 9.98597E-05 9.98597E-05 0.0715866 9.98597E-05 0.0758189 9.98597E-05 0.0888671 9.98597E-05 0.0407716
9.98597E-05 9.98597E-05 9.98597E-05 9.98597E-05 9.98597E-05 9.98597E-05 0.559285 9.98597E-05 9.98597E-05 9.98597E-05 9.98597E-05 9.98597E-05 0.101109 9.98597E-05 9.98597E-05 9.98597E-05 9.98597E-05 0.0174314 0.0333993 9.98597E-05 0.0776378 0.20954
0.0936022 9.98772E-05 0.0025944 0.0413439 9.98772E-05 9.98772E-05 0.734366 0.0276266 9.98772E-05 9.98772E-05 9.98772E-05 9.98772E-05 0.0297076 9.98772E-05 9.98772E-05 0.000821244 9.98772E-05 9.98772E-05 9.98772E-05 9.98772E-05 9.98772E-05 0.0685394
0.0672367 9.98859E-05 9.98859E-05 9.98859E-05 9.98859E-05 9.98859E-05 0.579458 9.98859E-05 9.98859E-05 0.00715083 9.98859E-05 0.114427 9.98859E-05 0.0437548 9.98859E-05 9.98859E-05 0.0199937 0.0925376 0.0296215 9.98859E-05 9.98859E-05 0.0445212
9.98773E-05 9.98773E-05 9.98773E-05 9.98773E-05 9.98773E-05 9.98773E-05 0.462321 9.98773E-05 9.98773E-05 9.98773E-05 9.98773E-05 0.0416813 9.98773E-05 0.0134828 9.98773E-05 0.326145 9.98773E-05 0.0284365 0.0881315 0.0095425 9.98773E-05 0.0288604
0.246444 9.98682E-05 9.98682E-05 9.98682E-05 9.98682E-05 0.0463786 0.379413 9.98682E-05 9.98682E-05 9.98682E-05 9.98682E-05 0.0515079 0.091432 9.98682E-05 9.98682E-05 9.98682E-05 9.98682E-05 0.102581 9.98682E-05 9.98682E-05 9.98682E-05 0.0807462
9.98772E-05 9.98772E-05 9.98772E-05 9.98772E-05 9.98772E-05 0.0251004 0.391235 9.98772E-05 9.98772E-05 0.00593067 9.98772E-05 9.98772E-05 0.227762 9.98772E-05 9.98772E-05 9.98772E-05 9.98772E-05 0.159121 0.0257522 0.0182556 9.98772E-05 0.145444
9.98685E-05 9.98685E-05 9.98685E-05 0.00970106 0.0157992 9.98685E-05 0.814848 9.98685E-05 9.98685E-05 9.98685E-05 9.98685E-05 0.085423 9.98685E-05 9.98685E-05 9.98685E-05 9.98685E-05 0.00575243 9.98685E-05 9.98685E-05 9.98685E-05 0.0199852 0.0469929
0.189404 9.98509E-05 9.98509E-05 9.98509E-05 9.98509E-05 9.98509E-05 0.588152 9.98509E-05 9.98509E-05 9.98509E-05 9.98509E-05 9.98509E-05 9.98509E-05 9.98509E-05 9.98509E-05 9.98509E-05 0.0503166 0.0189086 9.98509E-05 0.151522 9.98509E-05 9.98509E-05
0.00916401 9.98598E-05 9.98598E-05 9.98598E-05 9.98598E-05 0.00660038 0.787003 9.98598E-05 0.0549671 9.98598E-05 9.98598E-05 0.0862972 9.98598E-05 0.054371 9.98598E-05 9.98598E-05 9.98598E-05 9.98598E-05 9.98598E-05 9.98598E-05 9.98598E-05 9.98598E-05
9.98685E-05 9.98685E-05 9.98685E-05 0.135835 0.0490023 9.98685E-05 0.482271 0.0647375 9.98685E-05 9.98685E-05 9.98685E-05 9.98685E-05 9.98685E-05 9.98685E-05 9.98685E-05 9.98685E-05 9.98685E-05 0.0449442 9.98685E-05 9.98685E-05 0.0745235 0.147188
9.9886E-05 0.0567224 9.9886E-05 9.9886E-05 0.106092 0.001659 0.522832 9.9886E-05 9.9886E-05 9.9886E-05 9.9886E-05 0.0680974 0.0275696 9.9886E-05 0.0262608 9.9886E-05 9.9886E-05 0.0291177 9.9886E-05 9.9886E-05 9.9886E-05 0.16035
9.98859E-05 9.98859E-05 9.98859E-05 9.98859E-05 9.98859E-05 0.016661 0.434835 0.0315219 9.98859E-05 9.98859E-05 0.0429511 0.0455128 0.229872 0.0417513 9.98859E-05 9.98859E-05 9.98859E-05 0.0305065 9.98859E-05 9.98859E-05 9.98859E-05 0.12509
9.98508E-05 9.98508E-05 9.98508E-05 0.00158271 9.98508E-05 9.98508E-05 0.735365 9.98508E-05 9.98508E-05 9.98508E-05 9.98508E-05 9.98508E-05 9.98508E-05 0.0707297 9.98508E-05 9.98508E-05 0.163165 0.02746 9.98508E-05 9.98508E-05 9.98508E-05 9.98508E-05
9.9851E-05 9.9851E-05 9.9851E-05 9.9851E-05 9.9851E-05 9.9851E-05 0.583797 9.9851E-05 9.9851E-05 0.00961311 9.9851E-05 9.9851E-05 9.9851E-05 9.9851E-05 9.9851E-05 9.9851E-05 0.227925 0.132234 9.9851E-05 9.9851E-05 9.9851E-05 0.0447334
9.98683E-05 0.073465 9.98683E-05 9.98683E-05 9.98683E-05 9.98683E-05 0.664721 9.98683E-05 9.98683E-05 0.00937847 9.98683E-05 9.98683E-05 9.98683E-05 0.0415026 0.0367748 9.98683E-05 0.143982 0.0286782 9.98683E-05 9.98683E-05 9.98683E-05 9.98683E-05
9.98685E-05 9.98685E-05 0.0209234 0.0434102 9.98685E-05 9.98685E-05 0.339846 9.98685E-05 9.98685E-05 9.98685E-05 9.98685E-05 9.98685E-05 9.98685E-05 9.98685E-05 9.98685E-05 0.100064 9.98685E-05 0.0984932 0.193596 9.98685E-05 9.98685E-05 0.202169
9.98509E-05 0.0464493 9.98509E-05 9.98509E-05 9.98509E-05 9.98509E-05 0.243454 9.98509E-05 9.98509E-05 9.98509E-05 9.98509E-05 9.98509E-05 9.98509E-05 9.98509E-05 9.98509E-05 9.98509E-05 9.98509E-05 0.401822 9.98509E-05 0.101223 9.98509E-05 0.205355
9.98595E-05 9.98595E-05 9.98595E-05 9.98595E-05 9.98595E-05 9.98595E-05 0.741916 9.98595E-05 9.98595E-05 9.98595E-05 9.98595E-05 9.98595E-05 9.98595E-05 0.0430505 9.98595E-05 9.98595E-05 0.0375049 0.0377153 9.98595E-05 9.98595E-05 0.0898527 0.0483629
9.98509E-05 9.98509E-05 9.98509E-05 9.98509E-05 9.98509E-05 9.98509E-05 0.672965 9.98509E-05 9.98509E-05 0.0858911 9.98509E-05 9.98509E-05 9.98509E-05 9.98509E-05 9.98509E-05 0.159862 9.98509E-05 9.98509E-05 9.98509E-05 0.0493817 9.98509E-05 0.0302025
9.98421E-05 9.98421E-05 9.98421E-05 9.98421E-05 9.98421E-05 9.98421E-05 0.958193 0.0250143 9.98421E-05 0.00568738 9.98421E-05 9.98421E-05 9.98421E-05 9.98421E-05 9.98421E-05 9.98421E-05 9.98421E-05 9.98421E-05 9.98421E-05 9.98421E-05 9.98421E-05 0.00930761
0.0755471 9.98683E-05 9.98683E-05 9.98683E-05 9.98683E-05 9.98683E-05 0.609618 9.98683E-05 9.98683E-05 9.98683E-05 9.98683E-05 0.0233358 0.00850339 0.00708468 9.98683E-05 9.98683E-05 9.98683E-05 0.143943 9.98683E-05 9.98683E-05 9.98683E-05 0.13047
9.98775E-05 9.98775E-05 9.98775E-05 9.98775E-05 9.98775E-05 9.98775E-05 0.691598 9.98775E-05 0.117203 0.0104015 9.98775E-05 0.0113648 9.98775E-05 0.0420205 9.98775E-05 0.10564 9.98775E-05 0.00604495 9.98775E-05 9.98775E-05 9.98775E-05 0.014329
9.98946E-05 9.98946E-05 0.00871098 0.0108024 9.98946E-05 9.98946E-05 0.230887 9.98946E-05 9.98946E-05 9.98946E-05 0.0462024 0.103247 9.98946E-05 9.98946E-05 9.98946E-05 0.199537 0.1196 9.98946E-05 0.0798665 0.0190767 9.98946E-05 0.180871
9.98596E-05 0.00258648 0.0311204 9.98596E-05 9.98596E-05 0.0176602 0.544713 9.98596E-05 9.98596E-05 9.98596E-05 9.98596E-05 9.98596E-05 9.98596E-05 9.98596E-05 9.98596E-05 9.98596E-05 9.98596E-05 0.252938 9.98596E-05 0.149385 9.98596E-05 9.98596E-05
9.98509E-05 9.98509E-05 9.98509E-05 9.98509E-05 0.0249681 9.98509E-05 0.816467 9.98509E-05 9.98509E-05 0.0652778 9.98509E-05 9.98509E-05 0.0898551 9.98509E-05 9.98509E-05 9.98509E-05 9.98509E-05 9.98509E-05 9.98509E-05 9.98509E-05 9.98509E-05 0.00173421
9.98773E-05 0.0101923 9.98773E-05 9.98773E-05 9.98773E-05 0.151188 0.508272 0.143587 9.98773E-05 0.0379493 0.0766255 9.98773E-05 9.98773E-05 9.98773E-05 9.98773E-05 0.0168115 9.98773E-05 9.98773E-05 9.98773E-05 9.98773E-05 0.0539759 9.98773E-05
9.98422E-05 9.98422E-05 9.98422E-05 9.98422E-05 9.98422E-05 0.113465 0.772277 0.0161873 9.98422E-05 9.98422E-05 9.98422E-05 9.98422E-05 9.98422E-05 9.98422E-05 9.98422E-05 9.98422E-05 9.98422E-05 9.98422E-05 9.98422E-05 9.98422E-05 9.98422E-05 0.0962735
0.290179 0.0141754 9.98596E-05 9.98596E-05 9.98596E-05 9.98596E-05 0.577035 9.98596E-05 9.98596E-05 9.98596E-05 9.98596E-05 9.98596E-05 0.0462009 0.0164817 9.98596E-05 9.98596E-05 9.98596E-05 9.98596E-05 9.98596E-05 9.98596E-05 0.0543309 9.98596E-05
9.98595E-05 9.98595E-05 9.98595E-05 9.98595E-05 0.0696582 9.98595E-05 0.67361 9.98595E-05 9.98595E-05 0.0540768 9.98595E-05 9.98595E-05 9.98595E-05 0.0673963 9.98595E-05 9.98595E-05 9.98595E-05 0.0871019 9.98595E-05 9.98595E-05 9.98595E-05 0.0465594
9.98335E-05 9.98335E-05 9.98335E-05 9.98335E-05 9.98335E-05 9.98335E-05 0.738493 9.98335E-05 9.98335E-05 9.98335E-05 9.98335E-05 0.0581635 9.98335E-05 9.98335E-05 9.98335E-05 9.98335E-05 9.98335E-05 9.98335E-05 9.98335E-05 0.201447 9.98335E-05 9.98335E-05
9.98596E-05 9.98596E-05 9.98596E-05 9.98596E-05 9.98596E-05 9.98596E-05 0.834096 9.98596E-05 0.0234995 9.98596E-05 9.98596E-05 0.0301029 9.98596E-05 9.98596E-05 9.98596E-05 9.98596E-05 0.0213707 9.98596E-05 0.0764379 9.98596E-05 9.98596E-05 0.0128954
0.0904465 9.98421E-05 9.98421E-05 9.98421E-05 0.0755438 9.98421E-05 9.98421E-05 9.98421E-05 9.98421E-05 9.98421E-05 9.98421E-05 9.98421E-05 9.98421E-05 9.98421E-05 9.98421E-05 9.98421E-05 9.98421E-05 9.98421E-05 0.676539 9.98421E-05 9.98421E-05 0.155674
0.0973955 9.98331E-05 9.98331E-05 9.98331E-05 9.98331E-05 9.98331E-05 9.98331E-05 0.857015 9.98331E-05 9.98331E-05 9.98331E-05 9.98331E-05 9.98331E-05 9.98331E-05 9.98331E-05 9.98331E-05 9.98331E-05 9.98331E-05 9.98331E-05 0.0436924 9.98331E-05 9.98331E-05
9.98332E-05 9.98332E-05 9.98332E-05 9.98332E-05 9.98332E-05 9.98332E-05 9.98332E-05 0.887528 9.98332E-05 9.98332E-05 0.00336221 9.98332E-05 9.98332E-05 0.107213 9.98332E-05 9.98332E-05 9.98332E-05 9.98332E-05 9.98332E-05 9.98332E-05 9.98332E-05 9.98332E-05
9.98422E-05 9.98422E-05 9.98422E-05 0.0933611 0.253138 9.98422E-05 9.98422E-05 9.98422E-05 9.98422E-05 9.98422E-05 9.98422E-05 9.98422E-05 0.118301 9.98422E-05 9.98422E-05 9.98422E-05 9.98422E-05 9.98422E-05 0.533402 9.98422E-05 9.98422E-05 9.98422E-05
0.0179041 9.98594E-05 9.98594E-05 0.0418392 9.98594E-05 9.98594E-05 9.98594E-05 9.98594E-05 9.98594E-05 9.98594E-05 9.98594E-05 9.98594E-05 9.98594E-05 0.00790529 9.98594E-05 9.98594E-05 9.98594E-05 0.00271956 0.841076 9.98594E-05 0.0869577 9.98594E-05
9.98417E-05 9.98417E-05 9.98417E-05 0.0165567 9.98417E-05 9.98417E-05 9.98417E-05 9.98417E-05 9.98417E-05 9.98417E-05 9.98417E-05 9.98417E-05 9.98417E-05 9.98417E-05 9.98417E-05 9.98417E-05 9.98417E-05 0.0157106 0.886808 9.98417E-05 9.98417E-05 0.0791276
0.0841667 9.98419E-05 9.98419E-05 9.98419E-05 0.266926 9.98419E-05 9.98419E-05 9.98419E-05 9.98419E-05 9.98419E-05 9.98419E-05 9.98419E-05 9.98419E-05 9.98419E-05 9.98419E-05 9.98419E-05 9.98419E-05 9.98419E-05 0.605617 9.98419E-05 9.98419E-05 0.0414937
9.98594E-05 9.98594E-05 9.98594E-05 0.00706244 0.00962839 9.98594E-05 9.98594E-05 9.98594E-05 9.98594E-05 0.0787857 9.98594E-05 9.98594E-05 0.0356406 9.98594E-05 9.98594E-05 9.98594E-05 9.98594E-05 9.98594E-05 0.788652 9.98594E-05 9.98594E-05 0.0786333
9.98244E-05 9.98244E-05 9.98244E-05 9.98244E-05 9.98244E-05 9.98244E-05 9.98244E-05 0.494928 9.98244E-05 9.98244E-05 9.98244E-05 9.98244E-05 9.98244E-05 9.98244E-05 9.98244E-05 9.98244E-05 9.98244E-05 9.98244E-05 0.503075 9.98244E-05 9.98244E-05 9.98244E-05
0.997904 9.98153E-05 9.98153E-05 9.98153E-05 9.98153E-05 9.98153E-05 9.98153E-05 9.98153E-05 9.98153E-05 9.98153E-05 9.98153E-05 9.98153E-05 9.98153E-05 9.98153E-05 9.98153E-05 9.98153E-05 9.98153E-05 9.98153E-05 9.98153E-05 9.98153E-05 9.98153E-05 9.98153E-05
9.98418E-05 9.98418E-05 9.98418E-05 9.98418E-05 9.98418E-05 9.98418E-05 9.98418E-05 9.98418E-05 9.98418E-05 9.98418E-05 9.98418E-05 0.116453 9.98418E-05 9.98418E-05 9.98418E-05 9.98418E-05 9.98418E-05 9.98418E-05 0.67651 9.98418E-05 0.0175985 0.187642
9.98683E-05 9.98683E-05 9.98683E-05 9.98683E-05 0.0890596 0.154215 9.98683E-05 9.98683E-05 0.045808 9.98683E-05 9.98683E-05 0.047106 9.98683E-05 0.043514 9.98683E-05 9.98683E-05 9.98683E-05 0.0723174 0.546482 9.98683E-05 9.98683E-05 9.98683E-05
0.0655685 0.0689254 9.98681E-05 0.0736702 9.98681E-05 0.057155 9.98681E-05 9.98681E-05 9.98681E-05 9.98681E-05 9.98681E-05 0.0719691 9.98681E-05 9.98681E-05 9.98681E-05 0.0609883 9.98681E-05 9.98681E-05 0.600225 9.98681E-05 9.98681E-05 9.98681E-05
9.98419E-05 9.98419E-05 9.98419E-05 9.98419E-05 0.0770579 9.98419E-05 9.98419E-05 9.98419E-05 9.98419E-05 9.98419E-05 9.98419E-05 9.98419E-05 9.98419E-05 9.98419E-05 9.98419E-05 9.98419E-05 9.98419E-05 0.137874 0.621889 9.98419E-05 9.98419E-05 0.161381
9.98333E-05 9.98333E-05 9.98333E-05 9.98333E-05 9.98333E-05 9.98333E-05 9.98333E-05 0.547437 9.98333E-05 9.98333E-05 9.98333E-05 9.98333E-05 0.0387582 9.98333E-05 9.98333E-05 9.98333E-05 9.98333E-05 9.98333E-05 0.411908 9.98333E-05 9.98333E-05 9.98333E-05
0.809901 9.98333E-05 9.98333E-05 9.98333E-05 9.98333E-05 9.98333E-05 9.98333E-05 9.98333E-05 9.98333E-05 9.98333E-05 9.98333E-05 0.0385162 9.98333E-05 9.98333E-05 9.98333E-05 9.98333E-05 9.98333E-05 9.98333E-05 0.149686 9.98333E-05 9.98333E-05 9.98333E-05
9.98242E-05 9.98242E-05 9.98242E-05 9.98242E-05 9.98242E-05 9.98242E-05 9.98242E-05 9.98242E-05 9.98242E-05 9.98242E-05 9.98242E-05 9.98242E-05 9.98242E-05 0.122381 9.98242E-05 9.98242E-05 9.98242E-05 9.98242E-05 0.875622 9.98242E-05 9.98242E-05 9.98242E-05
9.98332E-05 9.98332E-05 9.98332E-05 0.00328883 9.98332E-05 9.98332E-05 9.98332E-05 9.98332E-05 9.98332E-05 9.98332E-05 9.98332E-05 0.0846182 9.98332E-05 9.98332E-05 9.98332E-05 9.98332E-05 9.98332E-05 9.98332E-05 0.910196 9.98332E-05 9.98332E-05 9.98332E-05
0.0395793 9.98508E-05 9.98508E-05 9.98508E-05 9.98508E-05 9.98508E-05 9.98508E-05 0.0153835 9.98508E-05 0.0384279 9.98508E-05 0.0043568 9.98508E-05 9.98508E-05 9.98508E-05 9.98508E-05 9.98508E-05 9.98508E-05 0.900555 9.98508E-05 9.98508E-05 9.98508E-05
9.98593E-05 9.98593E-05 9.98593E-05 9.98593E-05 9.98593E-05 9.98593E-05 9.98593E-05 9.98593E-05 9.98593E-05 9.98593E-05 0.18008 0.00793346 9.98593E-05 9.98593E-05 9.98593E-05 9.98593E-05 0.0203809 9.98593E-05 0.705988 9.98593E-05 0.00272485 0.0812956
0.646135 9.98246E-05 9.98246E-05 9.98246E-05 9.98246E-05 9.98246E-05 9.98246E-05 0.351868 9.98246E-05 9.98246E-05 9.98246E-05 9.98246E-05 9.98246E-05 9.98246E-05 9.98246E-05 9.98246E-05 9.98246E-05 9.98246E-05 9.98246E-05 9.98246E-05 9.98246E-05 9.98246E-05
9.98244E-05 9.98244E-05 9.98244E-05 9.98244E-05 9.98244E-05 9.98244E-05 9.98244E-05 9.98244E-05 9.98244E-05 9.98244E-05 9.98244E-05 9.98244E-05 9.98244E-05 9.98244E-05 9.98244E-05 9.98244E-05 9.98244E-05 0.146019 0.851985 9.98244E-05 9.98244E-05 9.98244E-05
0.128967 9.98597E-05 9.98597E-05 9.98597E-05 0.0300219 9.98597E-05 9.98597E-05 9.98597E-05 9.98597E-05 9.98597E-05 9.98597E-05 9.98597E-05 9.98597E-05 9.98597E-05 9.98597E-05 0.155325 9.98597E-05 0.0176379 0.632619 9.98597E-05 9.98597E-05 0.0338324
0.148118 9.98596E-05 0.0202614 9.98596E-05 9.98596E-05 9.98596E-05 9.98596E-05 9.98596E-05 9.98596E-05 0.0405393 9.98596E-05 9.98596E-05 9.98596E-05 0.105115 9.98596E-05 0.0908218 9.98596E-05 9.98596E-05 0.593547 9.98596E-05 9.98596E-05 9.98596E-05
0.935438 9.9824E-05 9.9824E-05 9.9824E-05 9.9824E-05 9.9824E-05 9.9824E-05 9.9824E-05 9.9824E-05 9.9824E-05 9.9824E-05 0.0625655 9.9824E-05 9.9824E-05 9.9824E-05 9.9824E-05 9.9824E-05 9.9824E-05 9.9824E-05 9.9824E-05 9.9824E-05 9.9824E-05
0.983477 9.98247E-05 9.98247E-05 9.98247E-05 9.98247E-05 9.98247E-05 9.98247E-05 0.0145261 9.98247E-05 9.98247E-05 9.98247E-05 9.98247E-05 9.98247E-05 9.98247E-05 9.98247E-05 9.98247E-05 9.98247E-05 9.98247E-05 9.98247E-05 9.98247E-05 9.98247E-05 9.98247E-05
9.98335E-05 9.98335E-05 9.98335E-05 9.98335E-05 9.98335E-05 9.98335E-05 9.98335E-05 0.206742 9.98335E-05 9.98335E-05 9.98335E-05 9.98335E-05 9.98335E-05 9.98335E-05 9.98335E-05 9.98335E-05 9.98335E-05 0.00136063 0.790001 9.98335E-05 9.98335E-05 9.98335E-05
9.98243E-05 9.98243E-05 9.98243E-05 9.98243E-05 9.98243E-05 9.98243E-05 9.98243E-05 0.964367 9.98243E-05 9.98243E-05 9.98243E-05 9.98243E-05 9.98243E-05 9.98243E-05 9.98243E-05 9.98243E-05 9.98243E-05 9.98243E-05 9.98243E-05 9.98243E-05 9.98243E-05 0.0336364
0.0302052 9.98335E-05 9.98335E-05 9.98335E-05 9.98335E-05 9.98335E-05 9.98335E-05 9.98335E-05 9.98335E-05 0.0178415 9.98335E-05 9.98335E-05 9.98335E-05 9.98335E-05 9.98335E-05 9.98335E-05 9.98335E-05 9.98335E-05 0.950057 9.98335E-05 9.98335E-05 9.98335E-05
9.9842E-05 9.9842E-05 9.9842E-05 0.112771 9.9842E-05 9.9842E-05 9.9842E-05 0.773184 9.9842E-05 9.9842E-05 9.9842E-05 9.9842E-05 9.9842E-05 9.9842E-05 9.9842E-05 9.9842E-05 0.0101189 9.9842E-05 9.9842E-05 9.9842E-05 9.9842E-05 0.102129
9.98421E-05 9.98421E-05 9.98421E-05 0.0694709 9.98421E-05 9.98421E-05 9.98421E-05 9.98421E-05 9.98421E-05 9.98421E-05 9.98421E-05 9.98421E-05 0.813657 9.98421E-05 9.98421E-05 0.0552662 9.98421E-05 9.98421E-05 9.98421E-05 9.98421E-05 9.98421E-05 0.0598089
9.98421E-05 9.98421E-05 9.98421E-05 0.0197333 9.98421E-05 9.98421E-05 9.98421E-05 9.98421E-05 9.98421E-05 9.98421E-05 9.98421E-05 9.98421E-05 0.527399 9.98421E-05 0.432684 9.98421E-05 9.98421E-05 9.98421E-05 9.98421E-05 9.98421E-05 9.98421E-05 0.0183858
9.98684E-05 0.0137822 9.98684E-05 9.98684E-05 9.98684E-05 9.98684E-05 9.98684E-05 9.98684E-05 9.98684E-05 0.0380907 0.00678511 0.0379623 0.862076 9.98684E-05 9.98684E-05 9.98684E-05 9.98684E-05 9.98684E-05 0.00372467 9.98684E-05 9.98684E-05 0.0360812
9.98331E-05 9.98331E-05 9.98331E-05 0.0054714 9.98331E-05 9.98331E-05 9.98331E-05 9.98331E-05 9.98331E-05 9.98331E-05 9.98331E-05 9.98331E-05 0.899642 9.98331E-05 9.98331E-05 9.98331E-05 9.98331E-05 9.98331E-05 9.98331E-05 9.98331E-05 9.98331E-05 0.0929897
9.98244E-05 9.98244E-05 9.98244E-05 0.0326648 9.98244E-05 9.98244E-05 9.98244E-05 9.98244E-05 9.98244E-05 9.98244E-05 9.98244E-05 9.98244E-05 0.965339 9.98244E-05 9.98244E-05 9.98244E-05 9.98244E-05 9.98244E-05 9.98244E-05 9.98244E-05 9.98244E-05 9.98244E-05
9.98595E-05 9.98595E-05 9.98595E-05 0.0540654 0.007091 9.98595E-05 9.98595E-05 9.98595E-05 9.98595E-05 9.98595E-05 9.98595E-05 9.98595E-05 0.0533805 9.98595E-05 9.98595E-05 0.611076 9.98595E-05 9.98595E-05 9.98595E-05 0.0728987 9.98595E-05 0.19989
9.98509E-05 9.98509E-05 9.98509E-05 0.0654334 9.98509E-05 9.98509E-05 9.98509E-05 9.98509E-05 9.98509E-05 0.0552556 9.98509E-05 9.98509E-05 0.832044 9.98509E-05 9.98509E-05 9.98509E-05 9.98509E-05 0.00248118 9.98509E-05 9.98509E-05 9.98509E-05 0.0430887
9.98332E-05 9.98332E-05 9.98332E-05 0.170907 9.98332E-05 9.98332E-05 9.98332E-05 9.98332E-05 9.98332E-05 9.98332E-05 9.98332E-05 9.98332E-05 0.821514 9.98332E-05 9.98332E-05 9.98332E-05 9.98332E-05 9.98332E-05 9.98332E-05 9.98332E-05 9.98332E-05 0.00568217
9.98682E-05 9.98682E-05 9.98682E-05 0.269497 0.212429 0.0168028 9.98682E-05 9.98682E-05 9.98682E-05 9.98682E-05 9.98682E-05 0.0204707 0.378096 9.98682E-05 9.98682E-05 9.98682E-05 0.0885012 0.0127056 9.98682E-05 9.98682E-05 9.98682E-05 9.98682E-05
9.98333E-05 9.98333E-05 9.98333E-05 0.194833 9.98333E-05 9.98333E-05 9.98333E-05 9.98333E-05 9.98333E-05 9.98333E-05 9.98333E-05 9.98333E-05 0.576161 9.98333E-05 9.98333E-05 9.98333E-05 9.98333E-05 9.98333E-05 9.98333E-05 9.98333E-05 9.98333E-05 0.227109
9.98509E-05 9.98509E-05 9.98509E-05 9.98509E-05 0.149006 9.98509E-05 9.98509E-05 9.98509E-05 9.98509E-05 9.98509E-05 9.98509E-05 0.0348669 0.40349 9.98509E-05 0.221943 0.188997 9.98509E-05 9.98509E-05 9.98509E-05 9.98509E-05 9.98509E-05 9.98509E-05
9.98334E-05 9.98334E-05 9.98334E-05 9.98334E-05 9.98334E-05 9.98334E-05 9.98334E-05 9.98334E-05 9.98334E-05 9.98334E-05 9.98334E-05 0.0388408 9.98334E-05 9.98334E-05 9.98334E-05 0.959049 9.98334E-05 9.98334E-05 9.98334E-05 9.98334E-05 0.000213378 9.98334E-05
9.98335E-05 9.98335E-05 9.98335E-05 0.00886789 9.98335E-05 9.98335E-05 9.98335E-05 9.98335E-05 9.98335E-05 9.98335E-05 9.98335E-05 9.98335E-05 0.968817 9.98335E-05 0.0204185 9.98335E-05 9.98335E-05 9.98335E-05 9.98335E-05 9.98335E-05 9.98335E-05 9.98335E-05
9.98334E-05 9.98334E-05 9.98334E-05 0.0600279 9.98334E-05 9.98334E-05 9.98334E-05 9.98334E-05 9.98334E-05 9.98334E-05 9.98334E-05 9.98334E-05 9.98334E-05 9.98334E-05 9.98334E-05 0.773016 9.98334E-05 9.98334E-05 9.98334E-05 9.98334E-05 9.98334E-05 0.165059
9.98685E-05 9.98685E-05 9.98685E-05 9.98685E-05 9.98685E-05 0.00603187 9.98685E-05 9.98685E-05 9.98685E-05 0.0831636 9.98685E-05 0.0427939 0.639271 9.98685E-05 0.0208808 0.106989 9.98685E-05 9.98685E-05 9.98685E-05 9.98685E-05 9.98685E-05 0.0993712
9.98508E-05 9.98508E-05 9.98508E-05 9.98508E-05 0.0652868 9.98508E-05 9.98508E-05 9.98508E-05 9.98508E-05 9.98508E-05 9.98508E-05 0.0356444 0.685599 9.98508E-05 9.98508E-05 9.98508E-05 0.0812332 9.98508E-05 9.98508E-05 9.98508E-05 9.98508E-05 0.130539
9.98596E-05 9.98596E-05 9.98596E-05 0.0141225 0.186837 9.98596E-05 9.98596E-05 9.98596E-05 9.98596E-05 9.98596E-05 9.98596E-05 9.98596E-05 0.474993 9.98596E-05 9.98596E-05 0.190378 9.98596E-05 9.98596E-05 9.98596E-05 9.98596E-05 0.0299786 0.102093
9.98598E-05 0.060812 9.98598E-05 0.0785004 9.98598E-05 9.98598E-05 9.98598E-05 9.98598E-05 0.0291707 9.98598E-05 9.98598E-05 9.98598E-05 0.469775 9.98598E-05 9.98598E-05 0.244515 9.98598E-05 0.115629 9.98598E-05 9.98598E-05 9.98598E-05 9.98598E-05
9.98333E-05 9.98333E-05 9.98333E-05 9.98333E-05 0.0274337 9.98333E-05 9.98333E-05 9.98333E-05 9.98333E-05 9.98333E-05 9.98333E-05 0.0106907 0.959979 9.98333E-05 9.98333E-05 9.98333E-05 9.98333E-05 9.98333E-05 9.98333E-05 9.98333E-05 9.98333E-05 9.98333E-05
9.98772E-05 9.98772E-05 9.98772E-05 0.0471162 9.98772E-05 9.98772E-05 9.98772E-05 9.98772E-05 9.98772E-05 9.98772E-05 9.98772E-05 9.98772E-05 0.402784 9.98772E-05 0.165049 9.98772E-05 0.124358 9.98772E-05 0.0592794 0.0370639 0.144969 0.0179827
9.98421E-05 9.98421E-05 9.98421E-05 0.0142674 0.200376 9.98421E-05 9.98421E-05 9.98421E-05 9.98421E-05 9.98421E-05 9.98421E-05 9.98421E-05 0.74446 9.98421E-05 9.98421E-05 9.98421E-05 9.98421E-05 9.98421E-05 9.98421E-05 9.98421E-05 9.98421E-05 0.0391
9.98421E-05 9.98421E-05 9.98421E-05 9.98421E-05 9.98421E-05 9.98421E-05 9.98421E-05 9.98421E-05 9.98421E-05 0.0233621 9.98421E-05 0.0174427 0.93688 9.98421E-05 9.98421E-05 9.98421E-05 9.98421E-05 9.98421E-05 9.98421E-05 9.98421E-05 9.98421E-05 0.0205183
9.98419E-05 9.98419E-05 9.98419E-05 0.161281 9.98419E-05 9.98419E-05 9.98419E-05 9.98419E-05 9.98419E-05 9.98419E-05 9.98419E-05 9.98419E-05 9.98419E-05 9.98419E-05 9.98419E-05 0.672774 9.98419E-05 9.98419E-05 9.98419E-05 9.98419E-05 0.00633294 0.157815
9.98597E-05 0.0136875 0.0618824 0.148 9.98597E-05 9.98597E-05 9.98597E-05 9.98597E-05 9.98597E-05 9.98597E-05 9.98597E-05 9.98597E-05 0.676593 9.98597E-05 0.0834148 9.98597E-05 9.98597E-05 9.98597E-05 9.98597E-05 9.98597E-05 0.0148249 9.98597E-05
9.98506E-05 9.98506E-05 9.98506E-05 0.115955 0.00077527 9.98506E-05 9.98506E-05 9.98506E-05 9.98506E-05 9.98506E-05 9.98506E-05 9.98506E-05 9.98506E-05 9.98506E-05 9.98506E-05 0.697161 9.98506E-05 9.98506E-05 9.98506E-05 9.98506E-05 0.0139692 0.170442
9.98597E-05 9.98597E-05 9.98597E-05 0.0995174 0.0970712 9.98597E-05 9.98597E-05 9.98597E-05 9.98597E-05 9.98597E-05 9.98597E-05 9.98597E-05 0.467481 9.98597E-05 0.154572 9.98597E-05 9.98597E-05 9.98597E-05 0.0917096 9.98597E-05 9.98597E-05 0.0880511
9.98771E-05 9.98771E-05 0.130701 9.98771E-05 9.98771E-05 9.98771E-05 9.98771E-05 0.0393985 0.00885046 9.98771E-05 9.98771E-05 9.98771E-05 0.143585 9.98771E-05 0.566028 0.0670849 9.98771E-05 9.98771E-05 9.98771E-05 9.98771E-05 0.00790151 0.0350526
9.98418E-05 9.98418E-05 9.98418E-05 0.0412005 9.98418E-05 9.98418E-05 9.98418E-05 9.98418E-05 9.98418E-05 9.98418E-05 9.98418E-05 9.98418E-05 0.887914 0.0263169 9.98418E-05 9.98418E-05 9.98418E-05 9.98418E-05 9.98418E-05 9.98418E-05 9.98418E-05 0.0427715
9.98334E-05 9.98334E-05 9.98334E-05 0.240969 9.98334E-05 9.98334E-05 9.98334E-05 9.98334E-05 9.98334E-05 9.98334E-05 9.98334E-05 9.98334E-05 0.612183 9.98334E-05 9.98334E-05 9.98334E-05 9.98334E-05 9.98334E-05 9.98334E-05 9.98334E-05 9.98334E-05 0.144952
9.98509E-05 9.98509E-05 9.98509E-05 9.98509E-05 9.98509E-05 9.98509E-05 9.98509E-05 9.98509E-05 9.98509E-05 9.98509E-05 9.98509E-05 0.0125661 0.419707 9.98509E-05 9.98509E-05 0.389504 9.98509E-05 9.98509E-05 9.98509E-05 9.98509E-05 0.0294117 0.147113
9.98423E-05 9.98423E-05 9.98423E-05 0.0230135 0.0408028 9.98423E-05 9.98423E-05 9.98423E-05 9.98423E-05 9.98423E-05 9.98423E-05 9.98423E-05 0.825338 9.98423E-05 9.98423E-05 9.98423E-05 9.98423E-05 9.98423E-05 9.98423E-05 9.98423E-05 9.98423E-05 0.109049
9.98333E-05 9.98333E-05 9.98333E-05 9.98333E-05 9.98333E-05 9.98333E-05 9.98333E-05 9.98333E-05 9.98333E-05 9.98333E-05 9.98333E-05 9.98333E-05 0.954688 9.98333E-05 9.98333E-05 9.98333E-05 9.98333E-05 9.98333E-05 9.98333E-05 9.98333E-05 0.0415215 0.00189392
9.98507E-05 9.98507E-05 9.98507E-05 0.175252 9.98507E-05 9.98507E-05 9.98507E-05 9.98507E-05 9.98507E-05 9.98507E-05 9.98507E-05 9.98507E-05 0.474626 9.98507E-05 9.98507E-05 0.0594624 9.98507E-05 9.98507E-05 9.98507E-05 9.98507E-05 0.181325 0.107637
9.98419E-05 9.98419E-05 9.98419E-05 9.98419E-05 9.98419E-05 9.98419E-05 9.98419E-05 9.98419E-05 9.98419E-05 9.98419E-05 9.98419E-05 9.98419E-05 0.873927 0.0119613 9.98419E-05 9.98419E-05 9.98419E-05 0.103503 9.98419E-05 9.98419E-05 9.98419E-05 0.00881144
9.9816E-05 9.9816E-05 9.9816E-05 9.9816E-05 9.9816E-05 9.9816E-05 9.9816E-05 9.9816E-05 9.9816E-05 9.9816E-05 9.9816E-05 9.9816E-05 0.997904 9.9816E-05 9.9816E-05 9.9816E-05 9.9816E-05 9.9816E-05 9.9816E-05 9.9816E-05 9.9816E-05 9.9816E-05
9.98508E-05 9.98508E-05 9.98508E-05 0.0688453 9.98508E-05 9.98508E-05 9.98508E-05 9.98508E-05 9.98508E-05 9.98508E-05 9.98508E-05 9.98508E-05 0.736685 9.98508E-05 0.0259056 9.98508E-05 0.129542 9.98508E-05 9.98508E-05 0.0373248 9.98508E-05 9.98508E-05
9.98507E-05 9.98507E-05 9.98507E-05 0.0220269 9.98507E-05 9.98507E-05 9.98507E-05 9.98507E-05 9.98507E-05 0.0778656 9.98507E-05 0.0100604 0.697294 9.98507E-05 9.98507E-05 9.98507E-05 9.98507E-05 9.98507E-05 9.98507E-05 9.98507E-05 9.98507E-05 0.191055
9.98507E-05 9.98507E-05 9.98507E-05 0.0761656 9.98507E-05 9.98507E-05 9.98507E-05 9.98507E-05 9.98507E-05 9.98507E-05 9.98507E-05 9.98507E-05 0.289204 9.98507E-05 0.595723 0.035071 9.98507E-05 9.98507E-05 9.98507E-05 0.00213887 9.98507E-05 9.98507E-05
9.98422E-05 9.98422E-05 9.98422E-05 9.98422E-05 9.98422E-05 9.98422E-05 9.98422E-05 9.98422E-05 9.98422E-05 9.98422E-05 9.98422E-05 9.98422E-05 0.163175 9.98422E-05 0.0604679 0.755919 9.98422E-05 9.98422E-05 9.98422E-05 9.98422E-05 9.98422E-05 0.0186412
9.98336E-05 0.0259255 9.98336E-05 9.98336E-05 9.98336E-05 9.98336E-05 9.98336E-05 9.98336E-05 9.98336E-05 9.98336E-05 9.98336E-05 9.98336E-05 0.734636 9.98336E-05 0.237541 9.98336E-05 9.98336E-05 9.98336E-05 9.98336E-05 9.98336E-05 9.98336E-05 9.98336E-05
9.98597E-05 9.98597E-05 0.0252181 0.0582775 0.100541 9.98597E-05 9.98597E-05 9.98597E-05 9.98597E-05 9.98597E-05 9.98597E-05 9.98597E-05 0.314817 9.98597E-05 0.462754 9.98597E-05 9.98597E-05 9.98597E-05 9.98597E-05 9.98597E-05 0.0367947 9.98597E-05
9.98507E-05 9.98507E-05 9.98507E-05 0.0842655 0.0334416 9.98507E-05 9.98507E-05 9.98507E-05 9.98507E-05 9.98507E-05 9.98507E-05 9.98507E-05 9.98507E-05 9.98507E-05 9.98507E-05 0.613583 9.98507E-05 9.98507E-05 9.98507E-05 9.98507E-05 0.0331417 0.233871
9.98597E-05 0.0210373 9.98597E-05 0.0710427 9.98597E-05 9.98597E-05 9.98597E-05 9.98597E-05 9.98597E-05 0.0401117 9.98597E-05 9.98597E-05 0.737698 9.98597E-05 9.98597E-05 0.0267096 0.101803 9.98597E-05 9.98597E-05 9.98597E-05 9.98597E-05 9.98597E-05
9.98509E-05 9.98509E-05 9.98509E-05 0.0915589 9.98509E-05 9.98509E-05 9.98509E-05 9.98509E-05 9.98509E-05 9.98509E-05 9.98509E-05 9.98509E-05 9.98509E-05 9.98509E-05 0.497871 0.296146 9.98509E-05 9.98509E-05 9.98509E-05 9.98509E-05 0.0191453 0.0935814
9.98335E-05 9.98335E-05 9.98335E-05 9.98335E-05 9.98335E-05 9.98335E-05 9.98335E-05 9.98335E-05 9.98335E-05 9.98335E-05 9.98335E-05 9.98335E-05 0.485138 9.98335E-05 0.474548 9.98335E-05 9.98335E-05 9.98335E-05 9.98335E-05 9.98335E-05 9.98335E-05 0.0384173
9.98771E-05 9.98771E-05 9.98771E-05 0.15617 0.194972 9.98771E-05 9.98771E-05 9.98771E-05 0.0101502 9.98771E-05 9.98771E-05 9.98771E-05 0.480554 0.00212921 9.98771E-05 9.98771E-05 9.98771E-05 0.010181 9.98771E-05 9.98771E-05 0.142371 0.00207376
0.234648 9.98333E-05 9.98333E-05 0.108993 9.98333E-05 9.98333E-05 9.98333E-05 9.98333E-05 9.98333E-05 9.98333E-05 9.98333E-05 9.98333E-05 0.654462 9.98333E-05 9.98333E-05 9.98333E-05 9.98333E-05 9.98333E-05 9.98333E-05 9.98333E-05 9.98333E-05 9.98333E-05
9.98861E-05 9.98861E-05 0.157783 0.105118 0.129297 9.98861E-05 9.98861E-05 9.98861E-05 9.98861E-05 9.98861E-05 0.0150508 9.98861E-05 0.52402 9.98861E-05 9.98861E-05 0.0320328 0.00966781 0.0228617 9.98861E-05 9.98861E-05 9.98861E-05 0.00286992
9.98509E-05 9.98509E-05 9.98509E-05 0.254881 9.98509E-05 9.98509E-05 9.98509E-05 9.98509E-05 9.98509E-05 9.98509E-05 9.98509E-05 9.98509E-05 0.487868 9.98509E-05 9.98509E-05 9.98509E-05 9.98509E-05 0.0437936 0.0264543 9.98509E-05 9.98509E-05 0.185306
9.98333E-05 9.98333E-05 9.98333E-05 9.98333E-05 9.98333E-05 9.98333E-05 9.98333E-05 9.98333E-05 9.98333E-05 9.98333E-05 9.98333E-05 9.98333E-05 0.515904 9.98333E-05 0.47485 9.98333E-05 9.98333E-05 9.98333E-05 9.98333E-05 9.98333E-05 9.98333E-05 0.00734952
9.98419E-05 9.98419E-05 9.98419E-05 9.98419E-05 9.98419E-05 9.98419E-05 9.98419E-05 9.98419E-05 0.000220292 9.98419E-05 9.98419E-05 9.98419E-05 0.723477 9.98419E-05 9.98419E-05 9.98419E-05 9.98419E-05 9.98419E-05 9.98419E-05 0.21179 9.98419E-05 0.0627149
9.98596E-05 9.98596E-05 9.98596E-05 0.0718386 9.98596E-05 9.98596E-05 9.98596E-05 0.0754903 9.98596E-05 9.98596E-05 0.0479239 0.00459232 0.297985 9.98596E-05 0.500572 9.98596E-05 9.98596E-05 9.98596E-05 9.98596E-05 9.98596E-05 9.98596E-05 9.98596E-05
9.98598E-05 9.98598E-05 9.98598E-05 0.0494971 9.98598E-05 9.98598E-05 9.98598E-05 9.98598E-05 9.98598E-05 9.98598E-05 9.98598E-05 9.98598E-05 0.211833 9.98598E-05 0.185984 0.378867 9.98598E-05 9.98598E-05 9.98598E-05 0.0569196 9.98598E-05 0.115303
9.98422E-05 9.98422E-05 9.98422E-05 0.0502964 0.0305605 9.98422E-05 9.98422E-05 9.98422E-05 9.98422E-05 9.98422E-05 9.98422E-05 9.98422E-05 0.774702 9.98422E-05 9.98422E-05 0.142644 9.98422E-05 9.98422E-05 9.98422E-05 9.98422E-05 9.98422E-05 9.98422E-05
9.98245E-05 9.98245E-05 9.98245E-05 9.98245E-05 9.98245E-05 9.98245E-05 9.98245E-05 9.98245E-05 9.98245E-05 9.98245E-05 9.98245E-05 9.98245E-05 0.951548 9.98245E-05 9.98245E-05 9.98245E-05 9.98245E-05 9.98245E-05 9.98245E-05 0.0464555 9.98245E-05 9.98245E-05
9.9877E-05 9.9877E-05 9.9877E-05 0.107596 0.113348 9.9877E-05 9.9877E-05 9.9877E-05 9.9877E-05 9.9877E-05 0.00478363 9.9877E-05 0.485271 0.00255739 9.9877E-05 0.041687 9.9877E-05 9.9877E-05 0.083719 9.9877E-05 9.9877E-05 0.159639
9.98332E-05 9.98332E-05 9.98332E-05 0.128974 9.98332E-05 9.98332E-05 9.98332E-05 9.98332E-05 9.98332E-05 9.98332E-05 9.98332E-05 9.98332E-05 0.829175 9.98332E-05 9.98332E-05 9.98332E-05 9.98332E-05 9.98332E-05 9.98332E-05 9.98332E-05 9.98332E-05 0.039954
9.98331E-05 9.98331E-05 9.98331E-05 9.98331E-05 9.98331E-05 9.98331E-05 9.98331E-05 9.98331E-05 9.98331E-05 9.98331E-05 0.105972 0.00997623 0.882155 9.98331E-05 9.98331E-05 9.98331E-05 9.98331E-05 9.98331E-05 9.98331E-05 9.98331E-05 9.98331E-05 9.98331E-05
9.98422E-05 9.98422E-05 9.98422E-05 9.98422E-05 9.98422E-05 9.98422E-05 9.98422E-05 9.98422E-05 9.98422E-05 9.98422E-05 9.98422E-05 9.98422E-05 0.872724 9.98422E-05 0.0271978 9.98422E-05 9.98422E-05 9.98422E-05 9.98422E-05 9.98422E-05 0.0884355 0.00984584
9.98509E-05 9.98509E-05 9.98509E-05 0.120801 0.0236168 9.98509E-05 9.98509E-05 9.98509E-05 9.98509E-05 9.98509E-05 9.98509E-05 9.98509E-05 0.524777 9.98509E-05 0.109554 0.219554 9.98509E-05 9.98509E-05 9.98509E-05 9.98509E-05 9.98509E-05 9.98509E-05
9.98156E-05 9.98156E-05 9.98156E-05 9.98156E-05 9.98156E-05 9.98156E-05 9.98156E-05 9.98156E-05 9.98156E-05 9.98156E-05 9.98156E-05 9.98156E-05 9.98156E-05 9.98156E-05 9.98156E-05 9.98156E-05 9.98156E-05 9.98156E-05 9.98156E-05 9.98156E-05 9.98156E-05 0.997904
9.98154E-05 9.98154E-05 9.98154E-05 0.997904 9.98154E-05 9.98154E-05 9.98154E-05 9.98154E-05 9.98154E-05 9.98154E-05 9.98154E-05 9.98154E-05 9.98154E-05 9.98154E-05 9.98154E-05 9.98154E-05 9.98154E-05 9.98154E-05 9.98154E-05 9.98154E-05 9.98154E-05 9.98154E-05
9.98155E-05 9.98155E-05 9.98155E-05 9.98155E-05 9.98155E-05 9.98155E-05 9.98155E-05 9.98155E-05 9.98155E-05 9.98155E-05 9.98155E-05 9.98155E-05 9.98155E-05 9.98155E-05 9.98155E-05 9.98155E-05 9.98155E-05 9.98155E-05 9.98155E-05 9.98155E-05 9.98155E-05 0.997904
9.98331E-05 9.98331E-05 9.98331E-05 0.980347 9.98331E-05 9.98331E-05 9.98331E-05 9.98331E-05 9.98331E-05 9.98331E-05 9.98331E-05 9.98331E-05 9.98331E-05 9.98331E-05 9.98331E-05 9.98331E-05 9.98331E-05 9.98331E-05 9.98331E-05 0.0114261 0.00633013 9.98331E-05
9.98155E-05 9.98155E-05 9.98155E-05 0.997904 9.98155E-05 9.98155E-05 9.98155E-05 9.98155E-05 9.98155E-05 9.98155E-05 9.98155E-05 9.98155E-05 9.98155E-05 9.98155E-05 9.98155E-05 9.98155E-05 9.98155E-05 9.98155E-05 9.98155E-05 9.98155E-05 9.98155E-05 9.98155E-05
9.98156E-05 9.98156E-05 9.98156E-05 0.997904 9.98156E-05 9.98156E-05 9.98156E-05 9.98156E-05 9.98156E-05 9.98156E-05 9.98156E-05 9.98156E-05 9.98156E-05 9.98156E-05 9.98156E-05 9.98156E-05 9.98156E-05 9.98156E-05 9.98156E-05 9.98156E-05 9.98156E-05 9.98156E-05
9.98155E-05 9.98155E-05 9.98155E-05 9.98155E-05 9.98155E-05 9.98155E-05 9.98155E-05 9.98155E-05 9.98155E-05 9.98155E-05 9.98155E-05 9.98155E-05 9.98155E-05 9.98155E-05 9.98155E-05 9.98155E-05 9.98155E-05 9.98155E-05 9.98155E-05 9.98155E-05 9.98155E-05 0.997904
9.98154E-05 9.98154E-05 9.98154E-05 0.997904 9.98154E-05 9.98154E-05 9.98154E-05 9.98154E-05 9.98154E-05 9.98154E-05 9.98154E-05 9.98154E-05 9.98154E-05 9.98154E-05 9.98154E-05 9.98154E-05 9.98154E-05 9.98154E-05 9.98154E-05 9.98154E-05 9.98154E-05 9.98154E-05
9.98153E-05 9.98153E-05 9.98153E-05 0.997904 9.98153E-05 9.98153E-05 9.98153E-05 9.98153E-05 9.98153E-05 9.98153E-05 9.98153E-05 9.98153E-05 9.98153E-05 9.98153E-05 9.98153E-05 9.98153E-05 9.98153E-05 9.98153E-05 9.98153E-05 9.98153E-05 9.98153E-05 9.98153E-05
9.98153E-05 9.98153E-05 9.98153E-05 9.98153E-05 9.98153E-05 9.98153E-05 9.98153E-05 9.98153E-05 9.98153E-05 9.98153E-05 9.98153E-05 9.98153E-05 9.98153E-05 9.98153E-05 9.98153E-05 9.98153E-05 9.98153E-05 9.98153E-05 9.98153E-05 9.98153E-05 9.98153E-05 0.997904
