9.98946E-05 9.98946E-05 0.0642137 9.98946E-05 9.98946E-05 9.98946E-05 0.0405976 9.98946E-05 9.98946E-05 9.98946E-05 0.448549 9.98946E-05 9.98946E-05 0.0640721 0.21692 0.0729174 9.98946E-05 9.98946E-05 0.0915317
9.98772E-05 0.0443977 9.98772E-05 0.0147475 9.98772E-05 9.98772E-05 9.98772E-05 0.790826 9.98772E-05 9.98772E-05 9.98772E-05 9.98772E-05 0.042428 0.106202 9.98772E-05 9.98772E-05 9.98772E-05 9.98772E-05 9.98772E-05
9.98683E-05 9.98683E-05 9.98683E-05 9.98683E-05 9.98683E-05 9.98683E-05 0.00709979 0.948341 9.98683E-05 0.0257305 9.98683E-05 9.98683E-05 9.98683E-05 9.98683E-05 9.98683E-05 0.0173309 9.98683E-05 9.98683E-05 9.98683E-05
9.99122E-05 0.0601951 9.99122E-05 0.246613 9.99122E-05 0.00304722 9.99122E-05 9.99122E-05 9.99122E-05 9.99122E-05 0.351964 0.0446417 0.0680508 9.99122E-05 9.99122E-05 0.0533073 0.0727601 9.99122E-05 0.0984211
9.98596E-05 9.98596E-05 9.98596E-05 9.98596E-05 9.98596E-05 9.98596E-05 9.98596E-05 0.455656 9.98596E-05 0.0767388 0.466007 9.98596E-05 9.98596E-05 9.98596E-05 9.98596E-05 9.98596E-05 9.98596E-05 9.98596E-05 9.98596E-05
9.99123E-05 9.99123E-05 9.99123E-05 9.99123E-05 0.038672 0.0450359 9.99123E-05 0.133153 0.0472352 0.141163 0.159289 9.99123E-05 9.99123E-05 0.0384696 0.170412 9.99123E-05 0.22557 9.99123E-05 9.99123E-05
9.99035E-05 0.174182 9.99035E-05 0.0595878 0.142774 9.99035E-05 0.061208 9.99035E-05 9.99035E-05 9.99035E-05 0.340869 9.99035E-05 9.99035E-05 0.0993861 0.0381781 9.99035E-05 9.99035E-05 9.99035E-05 0.0827163
0.208611 9.99211E-05 0.065139 0.0547034 9.99211E-05 0.146326 9.99211E-05 9.99211E-05 9.99211E-05 0.0226579 0.167816 9.99211E-05 0.0628105 9.99211E-05 0.110933 9.99211E-05 0.0119952 9.99211E-05 0.148108
9.98948E-05 0.0205111 9.98948E-05 9.98948E-05 9.98948E-05 0.230382 0.203857 0.126308 9.98948E-05 9.98948E-05 0.143994 9.98948E-05 0.0713707 9.98948E-05 9.98948E-05 0.202378 9.98948E-05 9.98948E-05 9.98948E-05
9.98684E-05 9.98684E-05 9.98684E-05 9.98684E-05 9.98684E-05 9.98684E-05 9.98684E-05 0.33987 0.00132799 9.98684E-05 0.55544 9.98684E-05 9.98684E-05 9.98684E-05 9.98684E-05 0.101864 9.98684E-05 9.98684E-05 9.98684E-05
9.98859E-05 0.111374 9.98859E-05 9.98859E-05 9.98859E-05 0.0527677 9.98859E-05 9.98859E-05 9.98859E-05 9.98859E-05 0.616949 9.98859E-05 9.98859E-05 9.98859E-05 0.0631124 0.151184 9.98859E-05 9.98859E-05 0.00331317
9.98508E-05 0.00923774 9.98508E-05 9.98508E-05 9.98508E-05 9.98508E-05 9.98508E-05 0.989065 9.98508E-05 9.98508E-05 9.98508E-05 9.98508E-05 9.98508E-05 9.98508E-05 9.98508E-05 9.98508E-05 9.98508E-05 9.98508E-05 9.98508E-05
9.98596E-05 9.98596E-05 9.98596E-05 9.98596E-05 9.98596E-05 9.98596E-05 9.98596E-05 9.98596E-05 9.98596E-05 9.98596E-05 0.906014 9.98596E-05 9.98596E-05 9.98596E-05 9.98596E-05 0.0542511 9.98596E-05 9.98596E-05 0.0381368
9.9886E-05 0.0495876 9.9886E-05 9.9886E-05 9.9886E-05 9.9886E-05 9.9886E-05 0.170332 9.9886E-05 0.143237 0.513254 9.9886E-05 9.9886E-05 9.9886E-05 9.9886E-05 0.0472679 9.9886E-05 0.0750231 9.9886E-05
9.99211E-05 9.99211E-05 9.99211E-05 0.0437746 9.99211E-05 0.178971 0.00233221 0.247016 9.99211E-05 9.99211E-05 0.0703056 9.99211E-05 9.99211E-05 0.00437659 0.176363 0.126823 0.124699 9.99211E-05 0.0244401
0.0947331 9.9921E-05 0.0319871 0.233961 9.9921E-05 0.143159 9.9921E-05 0.118661 9.9921E-05 9.9921E-05 0.115601 9.9921E-05 9.9921E-05 9.9921E-05 0.0855664 0.0716831 0.0996791 9.9921E-05 0.00406956
0.00665987 0.035575 0.0662356 9.99035E-05 9.99035E-05 9.99035E-05 0.0292885 9.99035E-05 9.99035E-05 9.99035E-05 0.539079 9.99035E-05 9.99035E-05 0.0458902 9.99035E-05 0.0984495 9.99035E-05 0.177723 9.99035E-05
9.99035E-05 9.99035E-05 9.99035E-05 9.99035E-05 9.99035E-05 0.0261665 9.99035E-05 9.99035E-05 0.117838 9.99035E-05 0.201788 0.144858 0.0645175 9.99035E-05 0.231506 0.0891337 9.99035E-05 9.99035E-05 0.123093
0.00282891 9.98946E-05 0.0511704 9.98946E-05 9.98946E-05 0.124236 9.98946E-05 0.150518 9.98946E-05 9.98946E-05 0.234926 9.98946E-05 9.98946E-05 9.98946E-05 9.98946E-05 0.159985 9.98946E-05 9.98946E-05 0.275137
9.98597E-05 9.98597E-05 9.98597E-05 9.98597E-05 9.98597E-05 9.98597E-05 9.98597E-05 0.219137 9.98597E-05 9.98597E-05 0.75051 0.0287552 9.98597E-05 9.98597E-05 9.98597E-05 9.98597E-05 9.98597E-05 9.98597E-05 9.98597E-05
0.122642 0.0506892 9.98947E-05 9.98947E-05 9.98947E-05 0.0529777 0.0129123 9.98947E-05 9.98947E-05 9.98947E-05 0.600576 9.98947E-05 0.15504 9.98947E-05 9.98947E-05 0.00396386 9.98947E-05 9.98947E-05 9.98947E-05
9.9886E-05 9.9886E-05 9.9886E-05 0.0497929 9.9886E-05 0.0996056 9.9886E-05 9.9886E-05 9.9886E-05 0.105407 0.311104 9.9886E-05 9.9886E-05 9.9886E-05 9.9886E-05 9.9886E-05 0.0937612 9.9886E-05 0.33903
9.9886E-05 0.0483905 9.9886E-05 9.9886E-05 9.9886E-05 9.9886E-05 9.9886E-05 0.287915 9.9886E-05 9.9886E-05 0.340941 9.9886E-05 9.9886E-05 9.9886E-05 0.204843 0.0795229 0.0370901 9.9886E-05 9.9886E-05
9.98771E-05 9.98771E-05 9.98771E-05 9.98771E-05 9.98771E-05 9.98771E-05 0.0729807 0.143945 9.98771E-05 9.98771E-05 0.324618 9.98771E-05 9.98771E-05 9.98771E-05 9.98771E-05 0.21835 9.98771E-05 9.98771E-05 0.238708
9.99122E-05 0.0278144 9.99122E-05 9.99122E-05 9.99122E-05 0.0582364 0.0298306 0.111704 9.99122E-05 9.99122E-05 0.196226 0.0878353 9.99122E-05 9.99122E-05 9.99122E-05 0.253951 0.127381 9.99122E-05 0.106022
9.98596E-05 9.98596E-05 9.98596E-05 9.98596E-05 9.98596E-05 9.98596E-05 9.98596E-05 9.98596E-05 9.98596E-05 0.0774575 0.871429 9.98596E-05 9.98596E-05 9.98596E-05 9.98596E-05 0.049516 9.98596E-05 9.98596E-05 9.98596E-05
0.0380853 9.98858E-05 9.98858E-05 9.98858E-05 9.98858E-05 9.98858E-05 9.98858E-05 9.98858E-05 0.128231 9.98858E-05 0.111481 9.98858E-05 9.98858E-05 9.98858E-05 9.98858E-05 0.114193 0.228278 9.98858E-05 0.378433
9.98772E-05 9.98772E-05 9.98772E-05 0.0411003 9.98772E-05 9.98772E-05 9.98772E-05 0.356116 9.98772E-05 9.98772E-05 0.506904 9.98772E-05 9.98772E-05 9.98772E-05 9.98772E-05 0.0462709 9.98772E-05 9.98772E-05 0.0482103
9.98684E-05 9.98684E-05 9.98684E-05 9.98684E-05 9.98684E-05 9.98684E-05 9.98684E-05 0.710236 9.98684E-05 9.98684E-05 9.98684E-05 9.98684E-05 9.98684E-05 9.98684E-05 9.98684E-05 0.152028 0.09675 9.98684E-05 0.0394874
9.98773E-05 9.98773E-05 9.98773E-05 9.98773E-05 9.98773E-05 9.98773E-05 0.00585101 0.80825 9.98773E-05 9.98773E-05 9.98773E-05 9.98773E-05 9.98773E-05 0.00480073 9.98773E-05 9.98773E-05 0.161471 0.0182294 9.98773E-05
9.99034E-05 0.0851918 9.99034E-05 9.99034E-05 9.99034E-05 0.00496688 9.99034E-05 0.33814 9.99034E-05 9.99034E-05 0.360083 0.0150136 9.99034E-05 9.99034E-05 0.135342 0.0368634 9.99034E-05 9.99034E-05 0.0233009
9.98859E-05 0.0305364 9.98859E-05 0.0112306 9.98859E-05 9.98859E-05 9.98859E-05 9.98859E-05 9.98859E-05 9.98859E-05 0.674435 9.98859E-05 0.108796 9.98859E-05 9.98859E-05 0.0573722 0.116332 9.98859E-05 9.98859E-05
0.0215722 0.0880928 9.99034E-05 9.99034E-05 9.99034E-05 9.99034E-05 9.99034E-05 0.0333101 9.99034E-05 9.99034E-05 0.515147 9.99034E-05 9.99034E-05 9.99034E-05 0.115644 0.121379 0.0167289 9.99034E-05 0.0870274
9.9921E-05 0.019658 9.9921E-05 0.036583 0.0308273 9.9921E-05 0.000274284 0.559308 0.043061 0.0101858 9.9921E-05 9.9921E-05 9.9921E-05 9.9921E-05 9.9921E-05 0.072968 0.101871 9.9921E-05 0.124364
9.98772E-05 0.0336833 9.98772E-05 9.98772E-05 9.98772E-05 0.0500469 9.98772E-05 0.839941 9.98772E-05 9.98772E-05 9.98772E-05 0.0143572 9.98772E-05 9.98772E-05 9.98772E-05 9.98772E-05 9.98772E-05 9.98772E-05 0.0605731
9.98685E-05 9.98685E-05 9.98685E-05 0.0310877 9.98685E-05 9.98685E-05 0.0747425 9.98685E-05 9.98685E-05 9.98685E-05 0.871684 9.98685E-05 9.98685E-05 9.98685E-05 0.0209877 9.98685E-05 9.98685E-05 9.98685E-05 9.98685E-05
0.0235241 9.98772E-05 9.98772E-05 9.98772E-05 0.093844 9.98772E-05 9.98772E-05 9.98772E-05 9.98772E-05 9.98772E-05 0.843854 9.98772E-05 9.98772E-05 9.98772E-05 0.0123349 9.98772E-05 9.98772E-05 9.98772E-05 0.0250446
9.99035E-05 0.0135233 9.99035E-05 9.99035E-05 9.99035E-05 0.118917 9.99035E-05 0.62462 9.99035E-05 9.99035E-05 0.023953 0.0413011 9.99035E-05 0.0448997 9.99035E-05 0.0477647 9.99035E-05 9.99035E-05 0.0839221
9.98947E-05 0.0205847 9.98947E-05 9.98947E-05 9.98947E-05 0.0141336 9.98947E-05 0.691617 9.98947E-05 0.034533 9.98947E-05 9.98947E-05 9.98947E-05 0.0701172 9.98947E-05 0.106023 9.98947E-05 0.0617929 9.98947E-05
0.0959474 9.98771E-05 9.98771E-05 9.98771E-05 9.98771E-05 9.98771E-05 9.98771E-05 0.622189 9.98771E-05 9.98771E-05 9.98771E-05 9.98771E-05 9.98771E-05 9.98771E-05 9.98771E-05 0.123733 0.152707 9.98771E-05 0.00402518
9.98596E-05 9.98596E-05 9.98596E-05 9.98596E-05 9.98596E-05 9.98596E-05 9.98596E-05 9.98596E-05 9.98596E-05 9.98596E-05 0.928738 9.98596E-05 9.98596E-05 9.98596E-05 9.98596E-05 0.0568897 9.98596E-05 9.98596E-05 0.0127742
9.98861E-05 9.98861E-05 9.98861E-05 9.98861E-05 9.98861E-05 0.00444972 9.98861E-05 0.602337 9.98861E-05 9.98861E-05 0.0591174 9.98861E-05 9.98861E-05 0.0165788 9.98861E-05 0.0620806 9.98861E-05 9.98861E-05 0.254138
9.98508E-05 9.98508E-05 9.98508E-05 9.98508E-05 9.98508E-05 9.98508E-05 9.98508E-05 9.98508E-05 9.98508E-05 9.98508E-05 0.950372 9.98508E-05 9.98508E-05 9.98508E-05 9.98508E-05 9.98508E-05 9.98508E-05 0.0479306 9.98508E-05
9.98947E-05 0.0285795 9.98947E-05 9.98947E-05 9.98947E-05 0.0991323 0.0424649 0.354304 9.98947E-05 9.98947E-05 9.98947E-05 9.98947E-05 9.98947E-05 9.98947E-05 0.161914 0.173964 9.98947E-05 9.98947E-05 0.138444
9.98859E-05 9.98859E-05 9.98859E-05 0.140156 9.98859E-05 9.98859E-05 9.98859E-05 0.133054 9.98859E-05 0.0967768 0.0976365 9.98859E-05 9.98859E-05 9.98859E-05 9.98859E-05 0.116164 9.98859E-05 9.98859E-05 0.414914
9.9877E-05 9.9877E-05 9.9877E-05 9.9877E-05 9.9877E-05 9.9877E-05 9.9877E-05 0.530184 9.9877E-05 9.9877E-05 0.337749 0.0165401 0.0917623 9.9877E-05 9.9877E-05 0.0223667 9.9877E-05 9.9877E-05 9.9877E-05
9.98772E-05 0.042953 9.98772E-05 9.98772E-05 9.98772E-05 9.98772E-05 9.98772E-05 0.0210651 0.0770439 9.98772E-05 0.778679 9.98772E-05 9.98772E-05 9.98772E-05 9.98772E-05 0.0788612 9.98772E-05 9.98772E-05 9.98772E-05
9.98421E-05 9.98421E-05 9.98421E-05 9.98421E-05 9.98421E-05 9.98421E-05 9.98421E-05 0.998203 9.98421E-05 9.98421E-05 9.98421E-05 9.98421E-05 9.98421E-05 9.98421E-05 9.98421E-05 9.98421E-05 9.98421E-05 9.98421E-05 9.98421E-05
9.98683E-05 9.98683E-05 9.98683E-05 0.187593 9.98683E-05 9.98683E-05 9.98683E-05 0.71091 9.98683E-05 9.98683E-05 9.98683E-05 9.98683E-05 9.98683E-05 9.98683E-05 9.98683E-05 0.0633676 9.98683E-05 9.98683E-05 0.0366319
9.99037E-05 0.00828557 9.99037E-05 9.99037E-05 0.124376 0.0091831 9.99037E-05 0.688957 0.0151321 0.0542617 9.99037E-05 9.99037E-05 9.99037E-05 0.0379728 9.99037E-05 9.99037E-05 9.99037E-05 9.99037E-05 0.0607323
0.00313546 0.108377 9.99297E-05 9.99297E-05 9.99297E-05 0.0260019 9.99297E-05 0.215088 0.051468 9.99297E-05 0.154575 9.99297E-05 0.0737284 9.99297E-05 0.010514 0.170286 0.0722602 9.99297E-05 0.113767
9.9886E-05 9.9886E-05 0.0252998 0.054434 9.9886E-05 9.9886E-05 0.070665 9.9886E-05 9.9886E-05 0.0318135 0.64973 9.9886E-05 9.9886E-05 9.9886E-05 9.9886E-05 9.9886E-05 9.9886E-05 9.9886E-05 0.16676
9.98772E-05 9.98772E-05 9.98772E-05 9.98772E-05 9.98772E-05 9.98772E-05 9.98772E-05 0.863948 0.0917091 9.98772E-05 9.98772E-05 9.98772E-05 9.98772E-05 0.00879777 9.98772E-05 0.0130536 0.0210938 9.98772E-05 9.98772E-05
0.207313 9.98598E-05 9.98598E-05 9.98598E-05 9.98598E-05 9.98598E-05 9.98598E-05 0.743851 0.0472386 9.98598E-05 9.98598E-05 9.98598E-05 9.98598E-05 9.98598E-05 9.98598E-05 9.98598E-05 9.98598E-05 9.98598E-05 9.98598E-05
9.98773E-05 9.98773E-05 9.98773E-05 0.011656 9.98773E-05 9.98773E-05 9.98773E-05 0.814188 9.98773E-05 0.0130146 9.98773E-05 0.0403283 9.98773E-05 9.98773E-05 9.98773E-05 0.119415 9.98773E-05 9.98773E-05 9.98773E-05
9.9886E-05 0.0684039 9.9886E-05 9.9886E-05 9.9886E-05 9.9886E-05 9.9886E-05 0.673896 9.9886E-05 0.012342 0.0932564 0.0994979 9.9886E-05 9.9886E-05 9.9886E-05 9.9886E-05 0.051305 9.9886E-05 9.9886E-05
9.98595E-05 9.98595E-05 9.98595E-05 9.98595E-05 9.98595E-05 9.98595E-05 9.98595E-05 9.98595E-05 0.0705224 9.98595E-05 0.905185 9.98595E-05 9.98595E-05 9.98595E-05 9.98595E-05 0.0226945 9.98595E-05 9.98595E-05 9.98595E-05
9.98685E-05 0.0116618 9.98685E-05 0.0122196 9.98685E-05 9.98685E-05 9.98685E-05 9.98685E-05 0.0218406 9.98685E-05 0.95278 9.98685E-05 9.98685E-05 9.98685E-05 9.98685E-05 9.98685E-05 9.98685E-05 9.98685E-05 9.98685E-05
9.98859E-05 9.98859E-05 0.00865202 0.0340993 0.0413901 9.98859E-05 9.98859E-05 0.87466 9.98859E-05 9.98859E-05 0.0393354 9.98859E-05 9.98859E-05 9.98859E-05 9.98859E-05 9.98859E-05 9.98859E-05 9.98859E-05 0.000564957
9.98859E-05 0.0411275 9.98859E-05 9.98859E-05 9.98859E-05 0.0378522 9.98859E-05 9.98859E-05 0.0549819 9.98859E-05 9.98859E-05 9.98859E-05 9.98859E-05 0.0171718 0.724582 0.122986 9.98859E-05 9.98859E-05 9.98859E-05
0.00264549 9.98597E-05 9.98597E-05 0.00282142 9.98597E-05 9.98597E-05 9.98597E-05 9.98597E-05 9.98597E-05 9.98597E-05 9.98597E-05 9.98597E-05 9.98597E-05 9.98597E-05 0.992935 9.98597E-05 9.98597E-05 9.98597E-05 9.98597E-05
9.98596E-05 9.98596E-05 9.98596E-05 9.98596E-05 0.00134389 9.98596E-05 9.98596E-05 9.98596E-05 0.0726935 9.98596E-05 9.98596E-05 9.98596E-05 9.98596E-05 9.98596E-05 0.924365 9.98596E-05 9.98596E-05 9.98596E-05 9.98596E-05
9.98859E-05 9.98859E-05 9.98859E-05 9.98859E-05 0.0834935 0.117902 9.98859E-05 9.98859E-05 9.98859E-05 9.98859E-05 9.98859E-05 9.98859E-05 9.98859E-05 0.282876 0.327862 0.0151014 0.171466 9.98859E-05 9.98859E-05
9.99032E-05 0.00435602 9.99032E-05 9.99032E-05 0.058956 0.0398233 9.99032E-05 9.99032E-05 0.105087 9.99032E-05 9.99032E-05 0.04816 9.99032E-05 9.99032E-05 0.553759 0.0831251 9.99032E-05 9.99032E-05 0.105634
9.98681E-05 9.98681E-05 9.98681E-05 9.98681E-05 9.98681E-05 0.0442172 9.98681E-05 9.98681E-05 9.98681E-05 9.98681E-05 9.98681E-05 9.98681E-05 9.98681E-05 9.98681E-05 0.635112 0.196384 9.98681E-05 9.98681E-05 0.122789
9.98945E-05 0.054979 9.98945E-05 0.0598249 0.00800668 0.0170287 9.98945E-05 9.98945E-05 9.98945E-05 9.98945E-05 9.98945E-05 9.98945E-05 9.98945E-05 0.290629 0.459676 0.108656 9.98945E-05 9.98945E-05 9.98945E-05
9.98857E-05 9.98857E-05 9.98857E-05 9.98857E-05 9.98857E-05 0.0444928 9.98857E-05 9.98857E-05 0.180884 9.98857E-05 9.98857E-05 9.98857E-05 9.98857E-05 0.0610065 0.531592 0.11472 0.0660064 9.98857E-05 9.98857E-05
9.98596E-05 9.98596E-05 9.98596E-05 9.98596E-05 9.98596E-05 9.98596E-05 0.0267955 9.98596E-05 9.98596E-05 9.98596E-05 9.98596E-05 9.98596E-05 9.98596E-05 0.0227376 0.948869 9.98596E-05 9.98596E-05 9.98596E-05 9.98596E-05
9.98507E-05 0.0452438 9.98507E-05 9.98507E-05 9.98507E-05 9.98507E-05 9.98507E-05 9.98507E-05 9.98507E-05 9.98507E-05 9.98507E-05 9.98507E-05 9.98507E-05 9.98507E-05 0.953059 9.98507E-05 9.98507E-05 9.98507E-05 9.98507E-05
9.98769E-05 0.16812 9.98769E-05 9.98769E-05 9.98769E-05 0.0798186 9.98769E-05 9.98769E-05 9.98769E-05 9.98769E-05 9.98769E-05 0.00837269 9.98769E-05 9.98769E-05 0.509818 0.232473 9.98769E-05 9.98769E-05 9.98769E-05
0.0350925 0.0284639 0.0635497 0.0991267 0.0072273 9.99209E-05 9.99209E-05 9.99209E-05 9.99209E-05 0.012896 9.99209E-05 9.99209E-05 9.99209E-05 0.0605407 0.444594 0.0574571 9.99209E-05 9.99209E-05 0.190153
0.135753 0.0403891 0.108996 9.98945E-05 9.98945E-05 0.127402 9.98945E-05 9.98945E-05 9.98945E-05 9.98945E-05 9.98945E-05 9.98945E-05 0.0423178 9.98945E-05 0.500928 9.98945E-05 0.0430156 9.98945E-05 9.98945E-05
9.98859E-05 9.98859E-05 9.98859E-05 9.98859E-05 9.98859E-05 9.98859E-05 0.012623 9.98859E-05 9.98859E-05 9.98859E-05 9.98859E-05 9.98859E-05 0.0667645 0.134407 0.465529 0.156969 9.98859E-05 9.98859E-05 0.162409
9.98599E-05 0.0282907 9.98599E-05 9.98599E-05 9.98599E-05 9.98599E-05 9.98599E-05 9.98599E-05 9.98599E-05 0.0377285 9.98599E-05 9.98599E-05 9.98599E-05 9.98599E-05 0.932383 9.98599E-05 9.98599E-05 9.98599E-05 9.98599E-05
9.98771E-05 9.98771E-05 0.00237661 0.000882569 9.98771E-05 0.0647082 9.98771E-05 9.98771E-05 9.98771E-05 9.98771E-05 9.98771E-05 9.98771E-05 9.98771E-05 9.98771E-05 0.868708 0.0619261 9.98771E-05 9.98771E-05 9.98771E-05
9.99121E-05 9.99121E-05 9.99121E-05 0.10095 0.0580674 0.0132622 0.022771 9.99121E-05 0.0477922 9.99121E-05 9.99121E-05 9.99121E-05 0.0198661 9.99121E-05 0.705468 0.027978 0.00284631 9.99121E-05 9.99121E-05
9.98858E-05 0.0719688 0.0429391 0.168993 9.98858E-05 0.0320058 9.98858E-05 9.98858E-05 9.98858E-05 9.98858E-05 9.98858E-05 9.98858E-05 9.98858E-05 9.98858E-05 0.607513 9.98858E-05 9.98858E-05 9.98858E-05 0.0752821
9.98683E-05 0.0872588 9.98683E-05 9.98683E-05 9.98683E-05 9.98683E-05 9.98683E-05 9.98683E-05 0.181588 9.98683E-05 9.98683E-05 9.98683E-05 9.98683E-05 9.98683E-05 0.681127 0.0485273 9.98683E-05 9.98683E-05 9.98683E-05
0.0922432 0.0187385 0.00914637 9.98769E-05 9.98769E-05 9.98769E-05 9.98769E-05 9.98769E-05 9.98769E-05 9.98769E-05 9.98769E-05 9.98769E-05 9.98769E-05 9.98769E-05 0.625331 0.253143 9.98769E-05 9.98769E-05 9.98769E-05
9.98599E-05 9.98599E-05 9.98599E-05 9.98599E-05 9.98599E-05 9.98599E-05 9.98599E-05 9.98599E-05 9.98599E-05 0.0132977 9.98599E-05 9.98599E-05 9.98599E-05 9.98599E-05 0.967203 9.98599E-05 9.98599E-05 0.0179015 9.98599E-05
9.9877E-05 9.9877E-05 9.9877E-05 9.9877E-05 0.017161 9.9877E-05 9.9877E-05 9.9877E-05 0.0178363 9.9877E-05 9.9877E-05 9.9877E-05 9.9877E-05 0.0115151 0.695704 9.9877E-05 9.9877E-05 9.9877E-05 0.256385
9.98772E-05 9.98772E-05 9.98772E-05 9.98772E-05 9.98772E-05 9.98772E-05 9.98772E-05 9.98772E-05 0.0132043 9.98772E-05 9.98772E-05 0.0117283 9.98772E-05 9.98772E-05 0.683524 9.98772E-05 0.272356 9.98772E-05 0.0177886
9.98901E-05 0.0101099 9.98901E-05 9.98901E-05 0.0448678 9.98901E-05 0.100559 9.98901E-05 0.15066 9.98901E-05 9.98901E-05 9.98901E-05 0.00968055 9.98901E-05 0.66736 0.00329893 0.0123657 9.98901E-05 9.98901E-05
9.98594E-05 0.0882346 0.0707591 9.98594E-05 9.98594E-05 9.98594E-05 9.98594E-05 9.98594E-05 9.98594E-05 9.98594E-05 9.98594E-05 9.98594E-05 9.98594E-05 9.98594E-05 0.839409 9.98594E-05 9.98594E-05 9.98594E-05 9.98594E-05
9.98597E-05 9.98597E-05 9.98597E-05 9.98597E-05 9.98597E-05 0.0311703 9.98597E-05 9.98597E-05 9.98597E-05 9.98597E-05 9.98597E-05 9.98597E-05 9.98597E-05 9.98597E-05 0.963737 0.00349464 9.98597E-05 9.98597E-05 9.98597E-05
9.98421E-05 9.98421E-05 9.98421E-05 9.98421E-05 9.98421E-05 9.98421E-05 9.98421E-05 9.98421E-05 9.98421E-05 9.98421E-05 9.98421E-05 9.98421E-05 9.98421E-05 9.98421E-05 0.998203 9.98421E-05 9.98421E-05 9.98421E-05 9.98421E-05
9.98422E-05 9.98422E-05 9.98422E-05 9.98422E-05 9.98422E-05 9.98422E-05 9.98422E-05 9.98422E-05 9.98422E-05 9.98422E-05 9.98422E-05 9.98422E-05 9.98422E-05 9.98422E-05 0.998203 9.98422E-05 9.98422E-05 9.98422E-05 9.98422E-05
9.98685E-05 9.98685E-05 0.0754108 9.98685E-05 9.98685E-05 9.98685E-05 9.98685E-05 9.98685E-05 0.0378264 9.98685E-05 9.98685E-05 9.98685E-05 9.98685E-05 9.98685E-05 0.844073 0.0411918 9.98685E-05 9.98685E-05 9.98685E-05
9.98686E-05 9.98686E-05 9.98686E-05 9.98686E-05 9.98686E-05 0.0938057 9.98686E-05 9.98686E-05 9.98686E-05 9.98686E-05 9.98686E-05 9.98686E-05 9.98686E-05 9.98686E-05 0.67266 0.152572 9.98686E-05 0.0794641 9.98686E-05
9.98595E-05 9.98595E-05 9.98595E-05 9.98595E-05 9.98595E-05 0.0938361 9.98595E-05 9.98595E-05 9.98595E-05 9.98595E-05 9.98595E-05 9.98595E-05 9.98595E-05 9.98595E-05 9.98595E-05 0.102285 0.802281 9.98595E-05 9.98595E-05
9.98684E-05 9.98684E-05 9.98684E-05 9.98684E-05 9.98684E-05 0.0244401 9.98684E-05 9.98684E-05 9.98684E-05 9.98684E-05 9.98684E-05 9.98684E-05 9.98684E-05 9.98684E-05 9.98684E-05 0.0133849 0.514532 0.446145 9.98684E-05
9.98683E-05 0.0340048 0.00020963 9.98683E-05 9.98683E-05 9.98683E-05 9.98683E-05 9.98683E-05 9.98683E-05 9.98683E-05 9.98683E-05 9.98683E-05 9.98683E-05 9.98683E-05 9.98683E-05 0.0759435 0.888344 9.98683E-05 9.98683E-05
9.98683E-05 0.0189616 9.98683E-05 9.98683E-05 9.98683E-05 9.98683E-05 9.98683E-05 9.98683E-05 0.0430979 9.98683E-05 9.98683E-05 9.98683E-05 9.98683E-05 9.98683E-05 9.98683E-05 0.13607 0.800372 9.98683E-05 9.98683E-05
9.98594E-05 9.98594E-05 9.98594E-05 9.98594E-05 9.98594E-05 0.0511879 9.98594E-05 9.98594E-05 9.98594E-05 0.00866886 9.98594E-05 9.98594E-05 9.98594E-05 9.98594E-05 9.98594E-05 9.98594E-05 0.938545 9.98594E-05 9.98594E-05
9.98685E-05 9.98685E-05 9.98685E-05 9.98685E-05 9.98685E-05 0.164692 9.98685E-05 9.98685E-05 9.98685E-05 9.98685E-05 9.98685E-05 9.98685E-05 9.98685E-05 0.0160984 9.98685E-05 0.179264 0.638448 9.98685E-05 9.98685E-05
9.98772E-05 9.98772E-05 0.0218286 9.98772E-05 9.98772E-05 0.0788632 9.98772E-05 9.98772E-05 9.98772E-05 9.98772E-05 9.98772E-05 9.98772E-05 9.98772E-05 9.98772E-05 9.98772E-05 0.060374 0.807158 9.98772E-05 0.0303781
9.98595E-05 9.98595E-05 9.98595E-05 9.98595E-05 9.98595E-05 0.215633 9.98595E-05 9.98595E-05 0.00217311 9.98595E-05 9.98595E-05 9.98595E-05 9.98595E-05 9.98595E-05 9.98595E-05 9.98595E-05 0.780596 9.98595E-05 9.98595E-05
9.9877E-05 0.042118 0.044927 9.9877E-05 9.9877E-05 0.328861 9.9877E-05 9.9877E-05 9.9877E-05 9.9877E-05 9.9877E-05 9.9877E-05 9.9877E-05 0.204948 9.9877E-05 9.9877E-05 0.377749 9.9877E-05 9.9877E-05
9.98596E-05 9.98596E-05 9.98596E-05 9.98596E-05 9.98596E-05 0.197569 9.98596E-05 9.98596E-05 9.98596E-05 9.98596E-05 9.98596E-05 9.98596E-05 9.98596E-05 9.98596E-05 9.98596E-05 0.310068 0.490766 9.98596E-05 9.98596E-05
9.98684E-05 9.98684E-05 9.98684E-05 9.98684E-05 9.98684E-05 0.0258098 9.98684E-05 9.98684E-05 9.98684E-05 9.98684E-05 9.98684E-05 9.98684E-05 9.98684E-05 0.24246 9.98684E-05 9.98684E-05 0.518209 0.212024 9.98684E-05
9.98684E-05 0.00454497 9.98684E-05 9.98684E-05 9.98684E-05 9.98684E-05 9.98684E-05 9.98684E-05 9.98684E-05 9.98684E-05 9.98684E-05 9.98684E-05 9.98684E-05 0.187599 9.98684E-05 0.0088655 0.797493 9.98684E-05 9.98684E-05
9.98598E-05 9.98598E-05 9.98598E-05 9.98598E-05 9.98598E-05 0.0850665 9.98598E-05 9.98598E-05 9.98598E-05 9.98598E-05 9.98598E-05 9.98598E-05 9.98598E-05 9.98598E-05 9.98598E-05 9.98598E-05 0.906054 0.007282 9.98598E-05
9.98948E-05 0.00236384 9.98948E-05 9.98948E-05 9.98948E-05 0.112288 0.00504254 9.98948E-05 9.98948E-05 9.98948E-05 0.00412417 9.98948E-05 9.98948E-05 9.98948E-05 9.98948E-05 0.250795 0.581527 0.0426604 9.98948E-05
9.98773E-05 0.0405125 9.98773E-05 9.98773E-05 9.98773E-05 0.0450891 9.98773E-05 9.98773E-05 0.0533027 9.98773E-05 9.98773E-05 9.98773E-05 9.98773E-05 9.98773E-05 9.98773E-05 9.98773E-05 0.857616 0.00208152 9.98773E-05
9.9886E-05 0.0184698 9.9886E-05 9.9886E-05 9.9886E-05 0.000676969 9.9886E-05 9.9886E-05 9.9886E-05 0.0178251 9.9886E-05 9.9886E-05 9.9886E-05 0.107191 9.9886E-05 0.148504 0.706035 9.9886E-05 9.9886E-05
9.98771E-05 9.98771E-05 9.98771E-05 9.98771E-05 9.98771E-05 9.98771E-05 9.98771E-05 9.98771E-05 0.0122261 9.98771E-05 9.98771E-05 0.0955919 9.98771E-05 0.252539 9.98771E-05 0.119872 0.518372 9.98771E-05 9.98771E-05
9.98773E-05 9.98773E-05 9.98773E-05 9.98773E-05 0.0412174 0.114404 9.98773E-05 9.98773E-05 9.98773E-05 0.0486954 9.98773E-05 9.98773E-05 9.98773E-05 9.98773E-05 9.98773E-05 9.98773E-05 0.716442 9.98773E-05 0.0778427
9.9851E-05 9.9851E-05 9.9851E-05 9.9851E-05 9.9851E-05 9.9851E-05 9.9851E-05 9.9851E-05 9.9851E-05 9.9851E-05 9.9851E-05 0.0612346 9.9851E-05 9.9851E-05 9.9851E-05 9.9851E-05 0.937068 9.9851E-05 9.9851E-05
9.9886E-05 0.0500839 9.9886E-05 9.9886E-05 9.9886E-05 0.135331 9.9886E-05 9.9886E-05 9.9886E-05 9.9886E-05 9.9886E-05 0.0621066 9.9886E-05 9.9886E-05 9.9886E-05 0.0967464 0.439062 0.215371 9.9886E-05
9.99035E-05 9.99035E-05 9.99035E-05 0.104141 9.99035E-05 0.0121131 9.99035E-05 9.99035E-05 0.00167542 0.0275112 9.99035E-05 9.99035E-05 9.99035E-05 0.0765221 9.99035E-05 0.0635082 0.699071 0.0143593 9.99035E-05
9.98683E-05 0.0209361 9.98683E-05 9.98683E-05 9.98683E-05 0.0573911 9.98683E-05 9.98683E-05 9.98683E-05 9.98683E-05 9.98683E-05 9.98683E-05 9.98683E-05 9.98683E-05 9.98683E-05 0.0706426 0.849532 9.98683E-05 9.98683E-05
9.98947E-05 9.98947E-05 9.98947E-05 9.98947E-05 0.0706912 0.254835 9.98947E-05 9.98947E-05 9.98947E-05 0.0860965 9.98947E-05 9.98947E-05 0.0198773 0.0422279 9.98947E-05 0.15678 0.368293 9.98947E-05 9.98947E-05
9.98772E-05 9.98772E-05 9.98772E-05 9.98772E-05 9.98772E-05 0.133307 9.98772E-05 9.98772E-05 9.98772E-05 0.00713251 9.98772E-05 9.98772E-05 9.98772E-05 9.98772E-05 9.98772E-05 0.00712398 0.773853 0.0771855 9.98772E-05
9.98859E-05 9.98859E-05 9.98859E-05 9.98859E-05 9.98859E-05 0.197596 9.98859E-05 9.98859E-05 9.98859E-05 9.98859E-05 9.98859E-05 0.0279391 0.130695 0.0802267 9.98859E-05 0.20103 0.361214 9.98859E-05 9.98859E-05
0.00115543 9.98947E-05 9.98947E-05 9.98947E-05 9.98947E-05 0.127873 9.98947E-05 9.98947E-05 9.98947E-05 9.98947E-05 9.98947E-05 9.98947E-05 9.98947E-05 0.0631765 0.107102 0.162009 0.345226 0.192259 9.98947E-05
9.98859E-05 9.98859E-05 9.98859E-05 9.98859E-05 0.00743629 9.98859E-05 0.0787601 9.98859E-05 9.98859E-05 0.10549 9.98859E-05 9.98859E-05 9.98859E-05 9.98859E-05 9.98859E-05 0.0386579 0.208967 0.55939 9.98859E-05
9.98769E-05 9.98769E-05 9.98769E-05 9.98769E-05 9.98769E-05 0.0540947 9.98769E-05 9.98769E-05 9.98769E-05 9.98769E-05 9.98769E-05 9.98769E-05 0.00761891 9.98769E-05 9.98769E-05 0.124349 0.805327 9.98769E-05 0.0072112
9.98597E-05 9.98597E-05 9.98597E-05 9.98597E-05 9.98597E-05 0.23205 9.98597E-05 9.98597E-05 9.98597E-05 9.98597E-05 9.98597E-05 9.98597E-05 9.98597E-05 9.98597E-05 9.98597E-05 0.221618 0.544735 9.98597E-05 9.98597E-05
9.98772E-05 9.98772E-05 9.98772E-05 9.98772E-05 9.98772E-05 9.98772E-05 9.98772E-05 9.98772E-05 9.98772E-05 0.105533 9.98772E-05 0.0175326 9.98772E-05 9.98772E-05 9.98772E-05 0.121943 0.718391 0.0352025 9.98772E-05
0.0407447 0.0637552 9.9886E-05 9.9886E-05 9.9886E-05 0.0372017 9.9886E-05 9.9886E-05 9.9886E-05 9.9886E-05 9.9886E-05 9.9886E-05 0.0178545 9.9886E-05 9.9886E-05 0.19176 0.647385 9.9886E-05 9.9886E-05
0.0048559 9.98596E-05 9.98596E-05 9.98596E-05 9.98596E-05 9.98596E-05 9.98596E-05 9.98596E-05 9.98596E-05 9.98596E-05 9.98596E-05 0.0922017 9.98596E-05 9.98596E-05 9.98596E-05 9.98596E-05 0.901345 9.98596E-05 9.98596E-05
9.9877E-05 9.9877E-05 9.9877E-05 9.9877E-05 9.9877E-05 0.217946 9.9877E-05 9.9877E-05 9.9877E-05 0.178771 9.9877E-05 0.0370182 9.9877E-05 9.9877E-05 9.9877E-05 0.199397 0.365469 9.9877E-05 9.9877E-05
9.98594E-05 9.98594E-05 9.98594E-05 9.98594E-05 9.98594E-05 9.98594E-05 9.98594E-05 9.98594E-05 9.98594E-05 9.98594E-05 9.98594E-05 0.0592195 9.98594E-05 9.98594E-05 9.98594E-05 9.98594E-05 0.809757 9.98594E-05 0.129426
9.98772E-05 9.98772E-05 9.98772E-05 0.00544423 9.98772E-05 0.0366234 9.98772E-05 9.98772E-05 9.98772E-05 9.98772E-05 9.98772E-05 0.0128576 9.98772E-05 9.98772E-05 9.98772E-05 0.0232259 0.920451 9.98772E-05 9.98772E-05
9.98947E-05 0.00203215 0.00245551 0.0518766 9.98947E-05 0.0434142 9.98947E-05 9.98947E-05 9.98947E-05 9.98947E-05 9.98947E-05 9.98947E-05 9.98947E-05 0.00390327 9.98947E-05 9.98947E-05 0.787159 0.107961 9.98947E-05
9.98769E-05 9.98769E-05 0.0469018 9.98769E-05 9.98769E-05 0.0990433 9.98769E-05 9.98769E-05 0.00239325 9.98769E-05 9.98769E-05 9.98769E-05 9.98769E-05 9.98769E-05 9.98769E-05 0.200884 0.64938 9.98769E-05 9.98769E-05
9.98771E-05 9.98771E-05 0.00157612 9.98771E-05 9.98771E-05 0.0849016 9.98771E-05 9.98771E-05 9.98771E-05 9.98771E-05 9.98771E-05 9.98771E-05 0.00707471 9.98771E-05 9.98771E-05 9.98771E-05 0.361486 0.543563 9.98771E-05
9.98685E-05 0.0250269 9.98685E-05 9.98685E-05 9.98685E-05 9.98685E-05 9.98685E-05 9.98685E-05 9.98685E-05 9.98685E-05 9.98685E-05 9.98685E-05 9.98685E-05 9.98685E-05 9.98685E-05 0.0800016 0.734058 0.159416 9.98685E-05
9.98598E-05 9.98598E-05 9.98598E-05 9.98598E-05 9.98598E-05 9.98598E-05 9.98598E-05 9.98598E-05 9.98598E-05 0.0655385 9.98598E-05 9.98598E-05 9.98598E-05 9.98598E-05 9.98598E-05 9.98598E-05 0.719915 0.212949 9.98598E-05
9.98598E-05 9.98598E-05 9.98598E-05 9.98598E-05 9.98598E-05 9.98598E-05 9.98598E-05 9.98598E-05 9.98598E-05 9.98598E-05 9.98598E-05 0.0262562 9.98598E-05 9.98598E-05 9.98598E-05 9.98598E-05 0.580106 0.39204 9.98598E-05
9.98684E-05 9.98684E-05 9.98684E-05 9.98684E-05 9.98684E-05 0.0598844 9.98684E-05 9.98684E-05 9.98684E-05 9.98684E-05 9.98684E-05 9.98684E-05 9.98684E-05 0.0710375 9.98684E-05 0.308065 0.559515 9.98684E-05 9.98684E-05
9.98596E-05 9.98596E-05 9.98596E-05 9.98596E-05 9.98596E-05 0.11197 9.98596E-05 9.98596E-05 9.98596E-05 0.0598362 9.98596E-05 9.98596E-05 9.98596E-05 9.98596E-05 9.98596E-05 9.98596E-05 0.826597 9.98596E-05 9.98596E-05
9.98772E-05 9.98772E-05 9.98772E-05 9.98772E-05 9.98772E-05 0.147449 9.98772E-05 9.98772E-05 9.98772E-05 9.98772E-05 9.98772E-05 0.0665307 9.98772E-05 9.98772E-05 9.98772E-05 0.0798225 0.110768 0.594031 9.98772E-05
9.98597E-05 9.98597E-05 9.98597E-05 9.98597E-05 9.98597E-05 9.98597E-05 9.98597E-05 9.98597E-05 9.98597E-05 9.98597E-05 9.98597E-05 9.98597E-05 9.98597E-05 9.98597E-05 9.98597E-05 0.0292086 0.522042 0.447152 9.98597E-05
9.98946E-05 9.98946E-05 9.98946E-05 9.98946E-05 9.98946E-05 0.136214 9.98946E-05 9.98946E-05 0.012814 0.0189409 9.98946E-05 0.107453 9.98946E-05 0.137918 9.98946E-05 9.98946E-05 0.566657 9.98946E-05 0.0188049
9.9886E-05 9.9886E-05 9.9886E-05 9.9886E-05 9.9886E-05 0.0941646 9.9886E-05 9.9886E-05 0.0113867 9.9886E-05 9.9886E-05 9.9886E-05 9.9886E-05 9.9886E-05 0.277174 0.0320795 0.576145 0.00775209 9.9886E-05
9.98949E-05 9.98949E-05 0.0686968 9.98949E-05 9.98949E-05 0.101844 0.0948378 9.98949E-05 9.98949E-05 9.98949E-05 9.98949E-05 9.98949E-05 9.98949E-05 0.11339 9.98949E-05 0.0456618 0.541691 0.0326799 9.98949E-05
9.98684E-05 9.98684E-05 9.98684E-05 9.98684E-05 9.98684E-05 0.229726 9.98684E-05 9.98684E-05 9.98684E-05 9.98684E-05 9.98684E-05 9.98684E-05 9.98684E-05 9.98684E-05 9.98684E-05 0.198397 0.507492 9.98684E-05 0.0628866
9.98509E-05 9.98509E-05 9.98509E-05 9.98509E-05 9.98509E-05 9.98509E-05 9.98509E-05 9.98509E-05 9.98509E-05 9.98509E-05 9.98509E-05 9.98509E-05 9.98509E-05 9.98509E-05 9.98509E-05 9.98509E-05 0.573479 0.424824 9.98509E-05
9.98683E-05 9.98683E-05 9.98683E-05 0.125793 0.0281854 9.98683E-05 9.98683E-05 9.98683E-05 9.98683E-05 9.98683E-05 9.98683E-05 9.98683E-05 9.98683E-05 9.98683E-05 9.98683E-05 0.115808 0.728716 9.98683E-05 9.98683E-05
9.98772E-05 9.98772E-05 9.98772E-05 9.98772E-05 9.98772E-05 0.108477 9.98772E-05 9.98772E-05 9.98772E-05 0.0230419 9.98772E-05 9.98772E-05 9.98772E-05 9.98772E-05 0.0029025 9.98772E-05 0.405433 0.458748 9.98772E-05
9.98773E-05 0.00919497 9.98773E-05 9.98773E-05 9.98773E-05 0.083608 9.98773E-05 9.98773E-05 9.98773E-05 9.98773E-05 9.98773E-05 9.98773E-05 9.98773E-05 9.98773E-05 9.98773E-05 0.175895 0.631564 0.0983394 9.98773E-05
0.0708312 9.98596E-05 9.98596E-05 9.98596E-05 9.98596E-05 0.0496522 9.98596E-05 9.98596E-05 9.98596E-05 9.98596E-05 9.98596E-05 9.98596E-05 9.98596E-05 9.98596E-05 9.98596E-05 9.98596E-05 0.877919 9.98596E-05 9.98596E-05
9.98595E-05 0.0240374 9.98595E-05 0.0777653 9.98595E-05 9.98595E-05 9.98595E-05 9.98595E-05 9.98595E-05 9.98595E-05 9.98595E-05 9.98595E-05 9.98595E-05 9.98595E-05 9.98595E-05 9.98595E-05 0.8966 9.98595E-05 9.98595E-05
9.98683E-05 9.98683E-05 9.98683E-05 9.98683E-05 9.98683E-05 0.16315 9.98683E-05 9.98683E-05 9.98683E-05 9.98683E-05 9.98683E-05 9.98683E-05 9.98683E-05 0.145998 9.98683E-05 0.138359 0.550994 9.98683E-05 9.98683E-05
9.98596E-05 9.98596E-05 9.98596E-05 9.98596E-05 9.98596E-05 0.102276 9.98596E-05 9.98596E-05 9.98596E-05 9.98596E-05 9.98596E-05 9.98596E-05 9.98596E-05 9.98596E-05 9.98596E-05 0.165167 0.73096 9.98596E-05 9.98596E-05
0.0398608 0.0393031 9.98683E-05 9.98683E-05 9.98683E-05 0.0484193 9.98683E-05 9.98683E-05 9.98683E-05 9.98683E-05 9.98683E-05 9.98683E-05 9.98683E-05 9.98683E-05 9.98683E-05 9.98683E-05 0.870919 9.98683E-05 9.98683E-05
9.98684E-05 9.98684E-05 9.98684E-05 9.98684E-05 9.98684E-05 9.98684E-05 9.98684E-05 9.98684E-05 9.98684E-05 9.98684E-05 9.98684E-05 0.0867223 9.98684E-05 9.98684E-05 9.98684E-05 0.0576227 0.815097 0.0390596 9.98684E-05
9.98684E-05 9.98684E-05 9.98684E-05 9.98684E-05 9.98684E-05 0.120562 9.98684E-05 9.98684E-05 9.98684E-05 9.98684E-05 9.98684E-05 9.98684E-05 9.98684E-05 0.00841923 9.98684E-05 9.98684E-05 0.761379 0.108141 9.98684E-05
9.98419E-05 9.98419E-05 9.98419E-05 9.98419E-05 9.98419E-05 9.98419E-05 9.98419E-05 9.98419E-05 9.98419E-05 9.98419E-05 9.98419E-05 9.98419E-05 9.98419E-05 9.98419E-05 9.98419E-05 0.998203 9.98419E-05 9.98419E-05 9.98419E-05
9.98418E-05 9.98418E-05 9.98418E-05 9.98418E-05 9.98418E-05 0.998203 9.98418E-05 9.98418E-05 9.98418E-05 9.98418E-05 9.98418E-05 9.98418E-05 9.98418E-05 9.98418E-05 9.98418E-05 9.98418E-05 9.98418E-05 9.98418E-05 9.98418E-05
9.98418E-05 9.98418E-05 9.98418E-05 9.98418E-05 9.98418E-05 9.98418E-05 9.98418E-05 9.98418E-05 9.98418E-05 9.98418E-05 9.98418E-05 9.98418E-05 9.98418E-05 9.98418E-05 9.98418E-05 0.998203 9.98418E-05 9.98418E-05 9.98418E-05
9.98417E-05 9.98417E-05 9.98417E-05 9.98417E-05 9.98417E-05 0.998203 9.98417E-05 9.98417E-05 9.98417E-05 9.98417E-05 9.98417E-05 9.98417E-05 9.98417E-05 9.98417E-05 9.98417E-05 9.98417E-05 9.98417E-05 9.98417E-05 9.98417E-05
9.98417E-05 9.98417E-05 9.98417E-05 9.98417E-05 9.98417E-05 0.998203 9.98417E-05 9.98417E-05 9.98417E-05 9.98417E-05 9.98417E-05 9.98417E-05 9.98417E-05 9.98417E-05 9.98417E-05 9.98417E-05 9.98417E-05 9.98417E-05 9.98417E-05
9.98418E-05 9.98418E-05 9.98418E-05 9.98418E-05 9.98418E-05 0.998203 9.98418E-05 9.98418E-05 9.98418E-05 9.98418E-05 9.98418E-05 9.98418E-05 9.98418E-05 9.98418E-05 9.98418E-05 9.98418E-05 9.98418E-05 9.98418E-05 9.98418E-05
9.98417E-05 9.98417E-05 9.98417E-05 9.98417E-05 9.98417E-05 9.98417E-05 9.98417E-05 9.98417E-05 9.98417E-05 9.98417E-05 9.98417E-05 9.98417E-05 9.98417E-05 9.98417E-05 9.98417E-05 0.998203 9.98417E-05 9.98417E-05 9.98417E-05
9.98417E-05 9.98417E-05 9.98417E-05 9.98417E-05 9.98417E-05 0.998203 9.98417E-05 9.98417E-05 9.98417E-05 9.98417E-05 9.98417E-05 9.98417E-05 9.98417E-05 9.98417E-05 9.98417E-05 9.98417E-05 9.98417E-05 9.98417E-05 9.98417E-05
9.98418E-05 9.98418E-05 9.98418E-05 9.98418E-05 9.98418E-05 0.998203 9.98418E-05 9.98418E-05 9.98418E-05 9.98418E-05 9.98418E-05 9.98418E-05 9.98418E-05 9.98418E-05 9.98418E-05 9.98418E-05 9.98418E-05 9.98418E-05 9.98418E-05
9.98417E-05 9.98417E-05 9.98417E-05 9.98417E-05 9.98417E-05 9.98417E-05 9.98417E-05 9.98417E-05 9.98417E-05 9.98417E-05 9.98417E-05 9.98417E-05 9.98417E-05 9.98417E-05 9.98417E-05 0.998203 9.98417E-05 9.98417E-05 9.98417E-05
9.98417E-05 9.98417E-05 9.98417E-05 9.98417E-05 9.98417E-05 9.98417E-05 9.98417E-05 9.98417E-05 9.98417E-05 9.98417E-05 9.98417E-05 9.98417E-05 9.98417E-05 9.98417E-05 9.98417E-05 0.998203 9.98417E-05 9.98417E-05 9.98417E-05
9.98417E-05 9.98417E-05 9.98417E-05 9.98417E-05 9.98417E-05 9.98417E-05 9.98417E-05 9.98417E-05 9.98417E-05 9.98417E-05 9.98417E-05 9.98417E-05 9.98417E-05 9.98417E-05 9.98417E-05 0.998203 9.98417E-05 9.98417E-05 9.98417E-05
9.98418E-05 9.98418E-05 9.98418E-05 9.98418E-05 9.98418E-05 0.998203 9.98418E-05 9.98418E-05 9.98418E-05 9.98418E-05 9.98418E-05 9.98418E-05 9.98418E-05 9.98418E-05 9.98418E-05 9.98418E-05 9.98418E-05 9.98418E-05 9.98418E-05
9.98418E-05 9.98418E-05 9.98418E-05 9.98418E-05 9.98418E-05 0.998203 9.98418E-05 9.98418E-05 9.98418E-05 9.98418E-05 9.98418E-05 9.98418E-05 9.98418E-05 9.98418E-05 9.98418E-05 9.98418E-05 9.98418E-05 9.98418E-05 9.98418E-05
9.98506E-05 9.98506E-05 0.0292781 9.98506E-05 9.98506E-05 9.98506E-05 9.98506E-05 9.98506E-05 9.98506E-05 9.98506E-05 9.98506E-05 9.98506E-05 9.98506E-05 9.98506E-05 9.98506E-05 0.969024 9.98506E-05 9.98506E-05 9.98506E-05
9.98418E-05 9.98418E-05 9.98418E-05 9.98418E-05 9.98418E-05 9.98418E-05 9.98418E-05 9.98418E-05 9.98418E-05 9.98418E-05 9.98418E-05 9.98418E-05 9.98418E-05 9.98418E-05 9.98418E-05 0.998203 9.98418E-05 9.98418E-05 9.98418E-05
9.98945E-05 9.98945E-05 0.0412775 0.165619 0.0358103 0.0890036 9.98945E-05 9.98945E-05 9.98945E-05 9.98945E-05 9.98945E-05 0.0424858 9.98945E-05 9.98945E-05 9.98945E-05 0.0759112 0.548693 9.98945E-05 9.98945E-05
9.98417E-05 9.98417E-05 9.98417E-05 9.98417E-05 9.98417E-05 9.98417E-05 9.98417E-05 9.98417E-05 9.98417E-05 9.98417E-05 9.98417E-05 9.98417E-05 9.98417E-05 9.98417E-05 9.98417E-05 0.998203 9.98417E-05 9.98417E-05 9.98417E-05
9.98417E-05 9.98417E-05 9.98417E-05 9.98417E-05 9.98417E-05 0.998203 9.98417E-05 9.98417E-05 9.98417E-05 9.98417E-05 9.98417E-05 9.98417E-05 9.98417E-05 9.98417E-05 9.98417E-05 9.98417E-05 9.98417E-05 9.98417E-05 9.98417E-05
9.98417E-05 9.98417E-05 9.98417E-05 9.98417E-05 9.98417E-05 9.98417E-05 9.98417E-05 9.98417E-05 9.98417E-05 9.98417E-05 9.98417E-05 9.98417E-05 9.98417E-05 9.98417E-05 9.98417E-05 0.998203 9.98417E-05 9.98417E-05 9.98417E-05
9.98418E-05 9.98418E-05 9.98418E-05 9.98418E-05 9.98418E-05 9.98418E-05 9.98418E-05 9.98418E-05 9.98418E-05 9.98418E-05 9.98418E-05 9.98418E-05 9.98418E-05 9.98418E-05 9.98418E-05 0.998203 9.98418E-05 9.98418E-05 9.98418E-05
9.98417E-05 9.98417E-05 9.98417E-05 9.98417E-05 9.98417E-05 9.98417E-05 9.98417E-05 9.98417E-05 9.98417E-05 9.98417E-05 9.98417E-05 9.98417E-05 9.98417E-05 9.98417E-05 9.98417E-05 0.998203 9.98417E-05 9.98417E-05 9.98417E-05
9.98417E-05 9.98417E-05 9.98417E-05 9.98417E-05 9.98417E-05 0.998203 9.98417E-05 9.98417E-05 9.98417E-05 9.98417E-05 9.98417E-05 9.98417E-05 9.98417E-05 9.98417E-05 9.98417E-05 9.98417E-05 9.98417E-05 9.98417E-05 9.98417E-05
9.98418E-05 9.98418E-05 9.98418E-05 9.98418E-05 9.98418E-05 9.98418E-05 9.98418E-05 9.98418E-05 9.98418E-05 9.98418E-05 9.98418E-05 9.98418E-05 9.98418E-05 9.98418E-05 9.98418E-05 0.998203 9.98418E-05 9.98418E-05 9.98418E-05
9.98418E-05 9.98418E-05 9.98418E-05 9.98418E-05 9.98418E-05 0.998203 9.98418E-05 9.98418E-05 9.98418E-05 9.98418E-05 9.98418E-05 9.98418E-05 9.98418E-05 9.98418E-05 9.98418E-05 9.98418E-05 9.98418E-05 9.98418E-05 9.98418E-05
9.98418E-05 9.98418E-05 9.98418E-05 9.98418E-05 9.98418E-05 9.98418E-05 9.98418E-05 9.98418E-05 9.98418E-05 9.98418E-05 9.98418E-05 9.98418E-05 9.98418E-05 9.98418E-05 9.98418E-05 0.998203 9.98418E-05 9.98418E-05 9.98418E-05
9.98416E-05 9.98416E-05 9.98416E-05 9.98416E-05 9.98416E-05 9.98416E-05 9.98416E-05 9.98416E-05 9.98416E-05 9.98416E-05 9.98416E-05 9.98416E-05 9.98416E-05 9.98416E-05 9.98416E-05 0.998203 9.98416E-05 9.98416E-05 9.98416E-05
9.98417E-05 9.98417E-05 9.98417E-05 9.98417E-05 9.98417E-05 0.998203 9.98417E-05 9.98417E-05 9.98417E-05 9.98417E-05 9.98417E-05 9.98417E-05 9.98417E-05 9.98417E-05 9.98417E-05 9.98417E-05 9.98417E-05 9.98417E-05 9.98417E-05
9.98417E-05 9.98417E-05 9.98417E-05 9.98417E-05 9.98417E-05 0.998203 9.98417E-05 9.98417E-05 9.98417E-05 9.98417E-05 9.98417E-05 9.98417E-05 9.98417E-05 9.98417E-05 9.98417E-05 9.98417E-05 9.98417E-05 9.98417E-05 9.98417E-05
9.98418E-05 9.98418E-05 9.98418E-05 9.98418E-05 9.98418E-05 0.998203 9.98418E-05 9.98418E-05 9.98418E-05 9.98418E-05 9.98418E-05 9.98418E-05 9.98418E-05 9.98418E-05 9.98418E-05 9.98418E-05 9.98418E-05 9.98418E-05 9.98418E-05
9.98418E-05 9.98418E-05 9.98418E-05 9.98418E-05 9.98418E-05 9.98418E-05 9.98418E-05 9.98418E-05 9.98418E-05 9.98418E-05 9.98418E-05 9.98418E-05 9.98418E-05 9.98418E-05 9.98418E-05 0.998203 9.98418E-05 9.98418E-05 9.98418E-05
9.98506E-05 9.98506E-05 0.00286859 9.98506E-05 9.98506E-05 9.98506E-05 9.98506E-05 9.98506E-05 9.98506E-05 9.98506E-05 9.98506E-05 9.98506E-05 9.98506E-05 9.98506E-05 9.98506E-05 0.995434 9.98506E-05 9.98506E-05 9.98506E-05
9.98417E-05 9.98417E-05 9.98417E-05 9.98417E-05 9.98417E-05 9.98417E-05 9.98417E-05 9.98417E-05 9.98417E-05 9.98417E-05 9.98417E-05 9.98417E-05 9.98417E-05 9.98417E-05 9.98417E-05 0.998203 9.98417E-05 9.98417E-05 9.98417E-05
9.98417E-05 9.98417E-05 9.98417E-05 9.98417E-05 9.98417E-05 9.98417E-05 9.98417E-05 9.98417E-05 9.98417E-05 9.98417E-05 9.98417E-05 9.98417E-05 9.98417E-05 9.98417E-05 9.98417E-05 0.998203 9.98417E-05 9.98417E-05 9.98417E-05
9.98418E-05 9.98418E-05 9.98418E-05 9.98418E-05 9.98418E-05 9.98418E-05 9.98418E-05 9.98418E-05 9.98418E-05 9.98418E-05 9.98418E-05 9.98418E-05 9.98418E-05 9.98418E-05 9.98418E-05 0.998203 9.98418E-05 9.98418E-05 9.98418E-05
9.98417E-05 9.98417E-05 9.98417E-05 9.98417E-05 9.98417E-05 0.998203 9.98417E-05 9.98417E-05 9.98417E-05 9.98417E-05 9.98417E-05 9.98417E-05 9.98417E-05 9.98417E-05 9.98417E-05 9.98417E-05 9.98417E-05 9.98417E-05 9.98417E-05
