0.0710063 0.408767 0.0251113 9.99209E-05 9.99209E-05 0.0362971 9.99209E-05 9.99209E-05 9.99209E-05 0.0695185 9.99209E-05 9.99209E-05 0.0762292 9.99209E-05 9.99209E-05 0.0132865 0.298885
0.140106 0.793531 9.99035E-05 9.99035E-05 9.99035E-05 0.000261083 0.0194473 9.99035E-05 9.99035E-05 9.99035E-05 9.99035E-05 9.99035E-05 0.0311378 9.99035E-05 9.99035E-05 9.99035E-05 0.014418
9.98947E-05 0.889278 0.0137154 9.98947E-05 0.0129444 0.0210083 9.98947E-05 9.98947E-05 9.98947E-05 9.98947E-05 9.98947E-05 9.98947E-05 9.98947E-05 0.0618549 9.98947E-05 9.98947E-05 9.98947E-05
9.99298E-05 0.288595 0.0382007 9.99298E-05 9.99298E-05 9.99298E-05 0.0261326 9.99298E-05 0.276068 0.14874 9.99298E-05 0.150497 0.00788438 0.0335888 9.99298E-05 0.0294938 9.99298E-05
9.99035E-05 0.835802 9.99035E-05 0.00868062 0.0722933 9.99035E-05 9.99035E-05 9.99035E-05 0.0282636 9.99035E-05 9.99035E-05 0.0315205 9.99035E-05 9.99035E-05 9.99035E-05 0.0223409 9.99035E-05
0.130488 0.293147 9.99211E-05 0.157635 0.0830907 9.99211E-05 9.99211E-05 9.99211E-05 9.99211E-05 9.99211E-05 0.00335765 0.19473 9.99211E-05 9.99211E-05 9.99211E-05 0.112847 0.0238058
0.149215 0.286101 0.046946 0.0698751 9.99386E-05 0.117796 9.99386E-05 9.99386E-05 0.0729843 0.0244697 9.99386E-05 9.99386E-05 0.0344148 0.102008 9.99386E-05 9.99386E-05 0.0954903
9.99298E-05 0.186222 9.99298E-05 9.99298E-05 0.0504236 0.0162339 9.99298E-05 0.223416 0.137504 0.0192587 0.0335688 9.99298E-05 9.99298E-05 9.99298E-05 9.99298E-05 0.149807 0.182767
9.98947E-05 0.31221 0.172224 9.98947E-05 0.0287222 9.98947E-05 9.98947E-05 9.98947E-05 9.98947E-05 9.98947E-05 9.98947E-05 9.98947E-05 0.231827 9.98947E-05 9.98947E-05 0.253818 9.98947E-05
9.98683E-05 0.933279 9.98683E-05 9.98683E-05 9.98683E-05 9.98683E-05 9.98683E-05 9.98683E-05 9.98683E-05 9.98683E-05 9.98683E-05 9.98683E-05 0.065223 9.98683E-05 9.98683E-05 9.98683E-05 9.98683E-05
9.98947E-05 0.548771 9.98947E-05 9.98947E-05 9.98947E-05 0.151539 9.98947E-05 9.98947E-05 9.98947E-05 9.98947E-05 9.98947E-05 9.98947E-05 0.160509 9.98947E-05 9.98947E-05 0.0221508 0.115831
9.98947E-05 0.928999 9.98947E-05 0.0342988 9.98947E-05 9.98947E-05 0.019769 9.98947E-05 9.98947E-05 0.00712104 9.98947E-05 9.98947E-05 9.98947E-05 0.00861363 9.98947E-05 9.98947E-05 9.98947E-05
9.98771E-05 0.800768 9.98771E-05 9.98771E-05 9.98771E-05 9.98771E-05 9.98771E-05 9.98771E-05 9.98771E-05 9.98771E-05 9.98771E-05 9.98771E-05 0.0464501 9.98771E-05 9.98771E-05 9.98771E-05 0.151384
9.99123E-05 0.660775 9.99123E-05 9.99123E-05 0.110906 0.0371462 9.99123E-05 0.00890191 9.99123E-05 9.99123E-05 9.99123E-05 0.0612313 0.060678 9.99123E-05 0.0593626 9.99123E-05 9.99123E-05
9.99123E-05 0.323646 0.00407153 0.0472502 9.99123E-05 9.99123E-05 9.99123E-05 9.99123E-05 9.99123E-05 9.99123E-05 9.99123E-05 0.144276 0.147152 9.99123E-05 9.99123E-05 0.146453 0.186153
9.99298E-05 0.215974 9.99298E-05 0.0173799 0.024606 9.99298E-05 9.99298E-05 0.13572 9.99298E-05 0.0330177 9.99298E-05 0.0201885 0.108924 9.99298E-05 9.99298E-05 0.201008 0.242382
0.0825566 0.591396 9.99035E-05 9.99035E-05 9.99035E-05 0.0325188 9.99035E-05 9.99035E-05 9.99035E-05 0.118431 9.99035E-05 9.99035E-05 0.0509835 9.99035E-05 0.123015 9.99035E-05 9.99035E-05
9.9921E-05 0.142509 0.00636444 9.9921E-05 9.9921E-05 9.9921E-05 0.103187 9.9921E-05 0.0131592 9.9921E-05 0.170292 9.9921E-05 0.155261 9.9921E-05 9.9921E-05 0.0418354 0.366493
9.98946E-05 0.379492 9.98946E-05 0.212963 9.98946E-05 9.98946E-05 9.98946E-05 9.98946E-05 9.98946E-05 9.98946E-05 9.98946E-05 9.98946E-05 0.171279 9.98946E-05 9.98946E-05 0.120858 0.114209
9.98684E-05 0.992994 9.98684E-05 9.98684E-05 9.98684E-05 9.98684E-05 0.00550794 9.98684E-05 9.98684E-05 9.98684E-05 9.98684E-05 9.98684E-05 9.98684E-05 9.98684E-05 9.98684E-05 9.98684E-05 9.98684E-05
9.99122E-05 0.50432 0.00836007 9.99122E-05 9.99122E-05 0.0143748 9.99122E-05 0.125074 0.229195 9.99122E-05 9.99122E-05 9.99122E-05 0.0467248 9.99122E-05 9.99122E-05 0.070952 9.99122E-05
9.98947E-05 0.286525 9.98947E-05 0.187206 0.0908977 9.98947E-05 9.98947E-05 9.98947E-05 9.98947E-05 9.98947E-05 9.98947E-05 9.98947E-05 9.98947E-05 9.98947E-05 9.98947E-05 0.162265 0.271908
0.0388173 0.677731 9.99123E-05 9.99123E-05 9.99123E-05 0.0365054 9.99123E-05 9.99123E-05 9.99123E-05 9.99123E-05 0.0229618 0.0426167 0.116815 9.99123E-05 9.99123E-05 9.99123E-05 0.0635537
9.98946E-05 0.321303 0.0801091 9.98946E-05 9.98946E-05 9.98946E-05 9.98946E-05 0.0548558 9.98946E-05 9.98946E-05 9.98946E-05 9.98946E-05 0.21698 9.98946E-05 9.98946E-05 9.98946E-05 0.325554
9.99385E-05 0.278206 0.0684547 0.00641944 9.99385E-05 0.0327634 0.0712942 0.012606 9.99385E-05 9.99385E-05 9.99385E-05 0.191724 0.243721 9.99385E-05 9.99385E-05 0.061879 0.0322328
9.99034E-05 0.687377 9.99034E-05 9.99034E-05 0.0210065 9.99034E-05 9.99034E-05 9.99034E-05 9.99034E-05 0.101697 9.99034E-05 0.072996 0.109427 9.99034E-05 9.99034E-05 0.00639797 9.99034E-05
9.99034E-05 0.00776307 9.99034E-05 9.99034E-05 9.99034E-05 9.99034E-05 9.99034E-05 0.0931165 9.99034E-05 9.99034E-05 0.100346 0.326386 0.0752234 9.99034E-05 9.99034E-05 9.99034E-05 0.396067
9.98948E-05 0.764015 9.98948E-05 9.98948E-05 9.98948E-05 9.98948E-05 9.98948E-05 9.98948E-05 9.98948E-05 0.141768 9.98948E-05 0.0585913 0.00904832 9.98948E-05 9.98948E-05 9.98948E-05 0.0253786
9.98947E-05 0.570165 0.0291365 9.98947E-05 9.98947E-05 9.98947E-05 9.98947E-05 9.98947E-05 9.98947E-05 9.98947E-05 9.98947E-05 0.0680492 0.19638 9.98947E-05 9.98947E-05 9.98947E-05 0.13507
9.9921E-05 0.721625 0.00877313 0.0146694 9.9921E-05 9.9921E-05 9.9921E-05 9.9921E-05 9.9921E-05 9.9921E-05 0.011151 0.0280844 0.0818845 9.9921E-05 0.0566786 0.0762343 9.9921E-05
9.9921E-05 0.683143 9.9921E-05 0.030967 9.9921E-05 0.13383 0.0295157 9.9921E-05 9.9921E-05 9.9921E-05 0.00733946 9.9921E-05 0.0259184 9.9921E-05 9.9921E-05 0.0182973 0.0700893
9.99123E-05 0.552431 9.99123E-05 0.0421702 9.99123E-05 0.0804772 9.99123E-05 9.99123E-05 0.00512561 9.99123E-05 9.99123E-05 0.181611 0.100878 9.99123E-05 9.99123E-05 9.99123E-05 0.0363079
9.99034E-05 0.552152 9.99034E-05 9.99034E-05 9.99034E-05 0.101515 9.99034E-05 0.0688546 9.99034E-05 9.99034E-05 9.99034E-05 9.99034E-05 0.114729 9.99034E-05 9.99034E-05 0.000538015 0.161112
9.99298E-05 0.563064 9.99298E-05 9.99298E-05 0.0209001 0.00333035 9.99298E-05 9.99298E-05 9.99298E-05 0.0389149 0.019835 0.125614 0.127469 0.029774 9.99298E-05 9.99298E-05 0.0702987
0.0898289 0.78887 9.98861E-05 9.98861E-05 9.98861E-05 0.0561646 0.0638377 9.98861E-05 9.98861E-05 9.98861E-05 9.98861E-05 9.98861E-05 9.98861E-05 9.98861E-05 9.98861E-05 9.98861E-05 9.98861E-05
0.0279404 0.659545 9.99035E-05 9.99035E-05 9.99035E-05 9.99035E-05 9.99035E-05 9.99035E-05 9.99035E-05 0.17368 9.99035E-05 9.99035E-05 0.101685 9.99035E-05 9.99035E-05 0.00944984 0.0265999
9.98772E-05 0.840383 9.98772E-05 0.105518 9.98772E-05 9.98772E-05 9.98772E-05 9.98772E-05 9.98772E-05 9.98772E-05 9.98772E-05 9.98772E-05 9.98772E-05 0.0527008 9.98772E-05 9.98772E-05 9.98772E-05
0.0895979 0.687154 9.98949E-05 9.98949E-05 9.98949E-05 9.98949E-05 0.0352417 9.98949E-05 9.98949E-05 9.98949E-05 9.98949E-05 9.98949E-05 0.0606581 9.98949E-05 9.98949E-05 0.12615 9.98949E-05
0.0994992 0.569533 9.9921E-05 9.9921E-05 0.0800238 0.0163767 9.9921E-05 9.9921E-05 9.9921E-05 9.9921E-05 9.9921E-05 0.016106 0.157378 9.9921E-05 0.0409102 0.0192745 9.9921E-05
9.98947E-05 0.559396 9.98947E-05 0.0997618 9.98947E-05 9.98947E-05 9.98947E-05 0.0782468 9.98947E-05 9.98947E-05 9.98947E-05 0.213363 0.0480341 9.98947E-05 9.98947E-05 9.98947E-05 9.98947E-05
9.99035E-05 0.838215 9.99035E-05 0.0224817 9.99035E-05 0.024089 9.99035E-05 9.99035E-05 9.99035E-05 9.99035E-05 9.99035E-05 9.99035E-05 0.0986131 9.99035E-05 9.99035E-05 0.00525049 0.0102519
9.98858E-05 0.520266 0.0170988 9.98858E-05 9.98858E-05 9.98858E-05 9.98858E-05 9.98858E-05 9.98858E-05 9.98858E-05 9.98858E-05 9.98858E-05 0.0602057 9.98858E-05 9.98858E-05 9.98858E-05 0.401131
9.98947E-05 0.822004 9.98947E-05 9.98947E-05 9.98947E-05 9.98947E-05 9.98947E-05 0.0195539 9.98947E-05 9.98947E-05 9.98947E-05 9.98947E-05 9.98947E-05 0.0151918 0.0827818 9.98947E-05 0.0592695
9.99034E-05 0.377982 0.0784866 9.99034E-05 9.99034E-05 0.0336509 9.99034E-05 9.99034E-05 9.99034E-05 9.99034E-05 9.99034E-05 9.99034E-05 0.211264 9.99034E-05 9.99034E-05 0.066905 0.230613
9.99035E-05 0.301355 9.99035E-05 0.0388129 0.130461 9.99035E-05 9.99035E-05 9.99035E-05 9.99035E-05 0.134215 9.99035E-05 9.99035E-05 0.183395 9.99035E-05 9.99035E-05 9.99035E-05 0.210662
9.98858E-05 0.891957 9.98858E-05 9.98858E-05 9.98858E-05 9.98858E-05 0.0544047 9.98858E-05 0.0352564 9.98858E-05 9.98858E-05 9.98858E-05 0.0170834 9.98858E-05 9.98858E-05 9.98858E-05 9.98858E-05
0.0247397 0.845857 9.98947E-05 9.98947E-05 9.98947E-05 9.98947E-05 9.98947E-05 9.98947E-05 9.98947E-05 9.98947E-05 0.0743786 9.98947E-05 0.043814 9.98947E-05 9.98947E-05 0.0100119 9.98947E-05
9.98684E-05 0.990613 9.98684E-05 9.98684E-05 9.98684E-05 9.98684E-05 9.98684E-05 9.98684E-05 9.98684E-05 9.98684E-05 9.98684E-05 9.98684E-05 0.00788935 9.98684E-05 9.98684E-05 9.98684E-05 9.98684E-05
9.99034E-05 0.631468 9.99034E-05 9.99034E-05 9.99034E-05 0.0394774 9.99034E-05 0.0183011 0.0622257 9.99034E-05 9.99034E-05 9.99034E-05 0.115038 9.99034E-05 9.99034E-05 9.99034E-05 0.132391
9.98949E-05 0.71111 9.98949E-05 0.0595348 0.0720243 0.00350392 9.98949E-05 9.98949E-05 9.98949E-05 9.98949E-05 9.98949E-05 9.98949E-05 9.98949E-05 0.152628 9.98949E-05 9.98949E-05 9.98949E-05
9.9921E-05 0.323034 0.0135159 9.9921E-05 9.9921E-05 0.157621 9.9921E-05 9.9921E-05 0.0419295 9.9921E-05 9.9921E-05 0.226649 0.193697 9.9921E-05 9.9921E-05 0.0263115 0.0163428
9.9921E-05 0.66956 0.0464775 9.9921E-05 0.0279759 9.9921E-05 9.9921E-05 0.056698 0.0327153 0.110845 9.9921E-05 9.9921E-05 9.9921E-05 9.9921E-05 9.9921E-05 0.0287119 0.0261169
9.98772E-05 0.913628 9.98772E-05 9.98772E-05 9.98772E-05 9.98772E-05 9.98772E-05 9.98772E-05 9.98772E-05 9.98772E-05 0.0592028 9.98772E-05 0.0257705 9.98772E-05 9.98772E-05 9.98772E-05 9.98772E-05
9.99299E-05 0.5595 9.99299E-05 9.99299E-05 0.0508095 0.0116772 0.0244042 0.188935 9.99299E-05 9.99299E-05 0.00210242 9.99299E-05 0.119483 0.0325638 9.99299E-05 0.00972487 9.99299E-05
9.98948E-05 0.772111 0.0601176 0.0628143 0.0538807 9.98948E-05 9.98948E-05 9.98948E-05 9.98948E-05 9.98948E-05 9.98948E-05 9.98948E-05 0.0498772 9.98948E-05 9.98948E-05 9.98948E-05 9.98948E-05
9.9886E-05 0.744486 9.9886E-05 0.110114 9.9886E-05 9.9886E-05 9.9886E-05 0.0322454 9.9886E-05 9.9886E-05 9.9886E-05 0.111857 9.9886E-05 9.9886E-05 9.9886E-05 9.9886E-05 9.9886E-05
0.106416 0.772415 9.98947E-05 0.0336567 9.98947E-05 9.98947E-05 9.98947E-05 9.98947E-05 9.98947E-05 9.98947E-05 0.0665045 9.98947E-05 0.0198094 9.98947E-05 9.98947E-05 9.98947E-05 9.98947E-05
9.9886E-05 0.815573 9.9886E-05 9.9886E-05 9.9886E-05 0.00306725 9.9886E-05 9.9886E-05 9.9886E-05 0.134444 9.9886E-05 9.9886E-05 0.0456166 9.9886E-05 9.9886E-05 9.9886E-05 9.9886E-05
0.0235101 0.869628 9.99035E-05 9.99035E-05 9.99035E-05 0.0512039 9.99035E-05 9.99035E-05 9.99035E-05 9.99035E-05 9.99035E-05 0.0012475 0.0204229 0.0328886 9.99035E-05 9.99035E-05 9.99035E-05
0.129582 9.99122E-05 9.99122E-05 9.99122E-05 9.99122E-05 0.0185739 9.99122E-05 9.99122E-05 9.99122E-05 9.99122E-05 0.0580241 0.0737395 0.204983 9.99122E-05 9.99122E-05 0.0270504 0.487047
0.0167154 0.0947078 0.0649963 9.99124E-05 9.99124E-05 9.99124E-05 9.99124E-05 0.00206862 9.99124E-05 0.0266927 9.99124E-05 9.99124E-05 0.0530319 9.99124E-05 9.99124E-05 9.99124E-05 0.740788
0.0881626 0.0386059 9.99034E-05 9.99034E-05 9.99034E-05 9.99034E-05 9.99034E-05 9.99034E-05 9.99034E-05 9.99034E-05 0.150435 9.99034E-05 9.99034E-05 0.00291091 0.19139 9.99034E-05 0.527397
0.340852 9.99123E-05 9.99123E-05 9.99123E-05 9.99123E-05 9.99123E-05 9.99123E-05 9.99123E-05 9.99123E-05 9.99123E-05 0.0184592 0.310219 0.0856666 0.0795361 9.99123E-05 0.0619223 0.102345
0.0341094 9.99385E-05 9.99385E-05 0.00781284 0.0182512 9.99385E-05 0.115131 9.99385E-05 0.0169862 9.99385E-05 0.106824 9.99385E-05 0.0853923 0.00541135 9.99385E-05 0.0842711 0.525111
0.104366 9.99121E-05 0.0111864 9.99121E-05 9.99121E-05 0.010519 9.99121E-05 9.99121E-05 9.99121E-05 9.99121E-05 9.99121E-05 0.0327533 0.207762 9.99121E-05 9.99121E-05 0.0440701 0.588344
0.382547 9.98946E-05 9.98946E-05 9.98946E-05 9.98946E-05 0.0240617 9.98946E-05 9.98946E-05 9.98946E-05 0.0282814 9.98946E-05 9.98946E-05 0.158989 9.98946E-05 9.98946E-05 9.98946E-05 0.404922
0.199799 9.99122E-05 9.99122E-05 9.99122E-05 9.99122E-05 9.99122E-05 9.99122E-05 9.99122E-05 9.99122E-05 9.99122E-05 0.236698 0.0901148 0.164009 0.0331462 9.99122E-05 0.0313714 0.243863
0.158614 9.98948E-05 0.0663638 9.98948E-05 9.98948E-05 9.98948E-05 9.98948E-05 9.98948E-05 9.98948E-05 9.98948E-05 9.98948E-05 9.98948E-05 0.0657071 9.98948E-05 0.0954002 9.98948E-05 0.612716
0.092889 0.05164 9.9921E-05 9.9921E-05 9.9921E-05 0.0600637 9.9921E-05 9.9921E-05 9.9921E-05 0.0749336 0.0366922 9.9921E-05 0.0392218 9.9921E-05 9.9921E-05 0.0372841 0.606376
9.99033E-05 9.99033E-05 9.99033E-05 0.0182303 9.99033E-05 0.181097 9.99033E-05 9.99033E-05 9.99033E-05 9.99033E-05 0.0146773 9.99033E-05 0.37387 9.99033E-05 9.99033E-05 0.076832 0.334194
0.153372 9.99034E-05 9.99034E-05 0.0937292 9.99034E-05 0.0647762 9.99034E-05 9.99034E-05 9.99034E-05 9.99034E-05 9.99034E-05 9.99034E-05 0.119047 0.179801 9.99034E-05 9.99034E-05 0.388176
0.00670475 9.99385E-05 0.0255605 9.99385E-05 9.99385E-05 0.0925236 9.99385E-05 0.0467332 0.136603 9.99385E-05 0.0715763 0.179977 0.0748035 9.99385E-05 9.99385E-05 0.0930908 0.271728
0.129962 9.98946E-05 9.98946E-05 0.0547868 9.98946E-05 9.98946E-05 9.98946E-05 9.98946E-05 9.98946E-05 9.98946E-05 9.98946E-05 9.98946E-05 0.248981 0.00184022 9.98946E-05 9.98946E-05 0.563231
0.0776856 0.0417563 0.0106627 9.99212E-05 9.99212E-05 0.0432705 9.99212E-05 9.99212E-05 9.99212E-05 9.99212E-05 9.99212E-05 0.153343 0.0314792 9.99212E-05 0.0244105 9.99212E-05 0.616493
0.0770989 9.99123E-05 9.99123E-05 9.99123E-05 9.99123E-05 0.0220712 9.99123E-05 9.99123E-05 9.99123E-05 0.0162477 9.99123E-05 9.99123E-05 0.107002 9.99123E-05 0.0968977 0.00222765 0.677456
0.0514342 9.99209E-05 0.0162195 0.0534342 9.99209E-05 9.99209E-05 9.99209E-05 9.99209E-05 9.99209E-05 9.99209E-05 0.0359153 0.20532 0.0861681 0.0895862 9.99209E-05 9.99209E-05 0.461023
9.98946E-05 9.98946E-05 9.98946E-05 0.0513814 9.98946E-05 0.117322 9.98946E-05 9.98946E-05 9.98946E-05 0.125482 9.98946E-05 9.98946E-05 9.98946E-05 9.98946E-05 9.98946E-05 0.0377074 0.666909
0.0579516 0.0562978 9.99123E-05 9.99123E-05 9.99123E-05 0.0534162 9.99123E-05 9.99123E-05 9.99123E-05 9.99123E-05 0.0881133 9.99123E-05 0.157777 9.99123E-05 9.99123E-05 0.0211006 0.564345
0.00403176 9.99209E-05 9.99209E-05 9.99209E-05 9.99209E-05 0.0477261 0.0153027 0.133156 9.99209E-05 9.99209E-05 0.0336895 0.0159156 0.337506 9.99209E-05 9.99209E-05 9.99209E-05 0.411773
9.99037E-05 9.99037E-05 9.99037E-05 9.99037E-05 9.99037E-05 0.0125563 9.99037E-05 9.99037E-05 9.99037E-05 9.99037E-05 0.0324999 9.99037E-05 0.055434 0.0862086 0.278162 9.99037E-05 0.53404
0.114728 9.98945E-05 9.98945E-05 0.0510468 9.98945E-05 9.98945E-05 9.98945E-05 9.98945E-05 9.98945E-05 9.98945E-05 9.98945E-05 0.0455043 0.0603155 9.98945E-05 9.98945E-05 9.98945E-05 0.727207
0.104664 0.0117109 9.99035E-05 9.99035E-05 9.99035E-05 9.99035E-05 9.99035E-05 9.99035E-05 9.99035E-05 9.99035E-05 0.00443351 0.2533 0.066652 9.99035E-05 9.99035E-05 9.99035E-05 0.558141
9.9921E-05 0.00288118 0.0950893 0.142042 9.9921E-05 9.9921E-05 9.9921E-05 9.9921E-05 0.0971936 9.9921E-05 0.132946 9.9921E-05 0.036874 9.9921E-05 9.9921E-05 0.0789651 0.41311
9.98859E-05 9.98859E-05 9.98859E-05 9.98859E-05 9.98859E-05 0.139917 9.98859E-05 9.98859E-05 9.98859E-05 0.106091 9.98859E-05 9.98859E-05 0.0777088 9.98859E-05 9.98859E-05 9.98859E-05 0.674985
0.171292 0.150713 9.99211E-05 9.99211E-05 9.99211E-05 0.00168252 0.00516858 9.99211E-05 9.99211E-05 9.99211E-05 9.99211E-05 9.99211E-05 0.0934392 9.99211E-05 0.0968357 0.0118583 0.468112
9.99036E-05 0.0124269 0.0437139 9.99036E-05 9.99036E-05 9.99036E-05 9.99036E-05 9.99036E-05 9.99036E-05 9.99036E-05 0.0531945 9.99036E-05 9.99036E-05 0.0647737 0.154292 9.99036E-05 0.6705
0.156911 9.99125E-05 0.0333752 9.99125E-05 9.99125E-05 9.99125E-05 0.00417332 9.99125E-05 9.99125E-05 9.99125E-05 9.99125E-05 9.99125E-05 0.0792277 0.069015 0.0465078 9.99125E-05 0.609791
9.98948E-05 0.0990185 9.98948E-05 9.98948E-05 9.98948E-05 9.98948E-05 9.98948E-05 9.98948E-05 9.98948E-05 9.98948E-05 0.170794 9.98948E-05 0.108429 9.98948E-05 9.98948E-05 0.0275147 0.593046
0.024349 0.0692871 9.99124E-05 9.99124E-05 9.99124E-05 9.99124E-05 9.99124E-05 0.0425247 9.99124E-05 9.99124E-05 9.99124E-05 9.99124E-05 0.235795 9.99124E-05 0.240799 0.112466 0.27378
9.98772E-05 9.98772E-05 9.98772E-05 9.98772E-05 9.98772E-05 9.98772E-05 9.98772E-05 9.98772E-05 9.98772E-05 9.98772E-05 9.98772E-05 0.775381 0.112744 9.98772E-05 9.98772E-05 0.110477 9.98772E-05
9.98859E-05 9.98859E-05 9.98859E-05 9.98859E-05 9.98859E-05 9.98859E-05 9.98859E-05 9.98859E-05 9.98859E-05 9.98859E-05 9.98859E-05 0.597032 0.0449218 9.98859E-05 0.341329 0.0154186 9.98859E-05
9.98683E-05 9.98683E-05 9.98683E-05 9.98683E-05 0.0324275 9.98683E-05 9.98683E-05 9.98683E-05 9.98683E-05 9.98683E-05 9.98683E-05 0.966075 9.98683E-05 9.98683E-05 9.98683E-05 9.98683E-05 9.98683E-05
9.98858E-05 9.98858E-05 9.98858E-05 9.98858E-05 0.0209409 0.0039677 9.98858E-05 9.98858E-05 9.98858E-05 9.98858E-05 9.98858E-05 0.813179 0.160614 9.98858E-05 9.98858E-05 9.98858E-05 9.98858E-05
9.9877E-05 9.9877E-05 9.9877E-05 9.9877E-05 0.0473246 9.9877E-05 9.9877E-05 9.9877E-05 9.9877E-05 9.9877E-05 9.9877E-05 0.873702 9.9877E-05 9.9877E-05 9.9877E-05 0.0775749 9.9877E-05
0.0969391 9.98947E-05 9.98947E-05 9.98947E-05 9.98947E-05 9.98947E-05 9.98947E-05 9.98947E-05 9.98947E-05 0.0727975 9.98947E-05 0.565342 0.103126 9.98947E-05 9.98947E-05 0.160597 9.98947E-05
9.99035E-05 9.99035E-05 9.99035E-05 9.99035E-05 0.0277929 0.0578668 9.99035E-05 9.99035E-05 9.99035E-05 9.99035E-05 0.0601432 0.702665 0.0751127 9.99035E-05 9.99035E-05 0.075321 9.99035E-05
9.98683E-05 9.98683E-05 9.98683E-05 9.98683E-05 9.98683E-05 9.98683E-05 9.98683E-05 9.98683E-05 9.98683E-05 9.98683E-05 9.98683E-05 0.833738 9.98683E-05 9.98683E-05 9.98683E-05 0.164764 9.98683E-05
0.29216 9.99033E-05 9.99033E-05 9.99033E-05 9.99033E-05 0.00585326 9.99033E-05 9.99033E-05 9.99033E-05 0.0324257 9.99033E-05 0.336023 9.99033E-05 9.99033E-05 9.99033E-05 0.297698 0.0347408
9.98946E-05 9.98946E-05 9.98946E-05 9.98946E-05 0.0217686 9.98946E-05 9.98946E-05 9.98946E-05 9.98946E-05 9.98946E-05 0.0251258 0.566132 0.217759 9.98946E-05 9.98946E-05 0.168015 9.98946E-05
0.275993 9.98773E-05 9.98773E-05 9.98773E-05 9.98773E-05 9.98773E-05 9.98773E-05 9.98773E-05 9.98773E-05 9.98773E-05 9.98773E-05 0.604617 9.98773E-05 9.98773E-05 0.117992 9.98773E-05 9.98773E-05
0.118537 9.9886E-05 9.9886E-05 9.9886E-05 9.9886E-05 9.9886E-05 9.9886E-05 9.9886E-05 9.9886E-05 9.9886E-05 9.9886E-05 0.835256 0.0270309 9.9886E-05 0.017878 9.9886E-05 9.9886E-05
9.99035E-05 9.99035E-05 9.99035E-05 9.99035E-05 0.037452 0.00903598 9.99035E-05 9.99035E-05 9.99035E-05 0.000133562 0.0361736 0.81273 9.99035E-05 9.99035E-05 9.99035E-05 0.103376 9.99035E-05
9.98773E-05 9.98773E-05 9.98773E-05 9.98773E-05 9.98773E-05 9.98773E-05 9.98773E-05 9.98773E-05 9.98773E-05 9.98773E-05 9.98773E-05 0.663762 0.207798 9.98773E-05 9.98773E-05 0.127042 9.98773E-05
9.98947E-05 9.98947E-05 9.98947E-05 9.98947E-05 0.00537409 9.98947E-05 9.98947E-05 9.98947E-05 9.98947E-05 9.98947E-05 0.152679 0.81369 0.00339214 9.98947E-05 9.98947E-05 0.0236659 9.98947E-05
0.0946047 9.99122E-05 9.99122E-05 9.99122E-05 0.0129865 0.0111143 9.99122E-05 9.99122E-05 9.99122E-05 0.037819 9.99122E-05 0.685738 0.146346 9.99122E-05 9.99122E-05 0.0103917 9.99122E-05
0.187973 9.98859E-05 9.98859E-05 9.98859E-05 9.98859E-05 9.98859E-05 0.0911399 9.98859E-05 9.98859E-05 9.98859E-05 9.98859E-05 0.6607 0.0588885 9.98859E-05 9.98859E-05 9.98859E-05 9.98859E-05
9.98948E-05 9.98948E-05 9.98948E-05 9.98948E-05 0.0681877 0.0502215 9.98948E-05 9.98948E-05 9.98948E-05 9.98948E-05 9.98948E-05 0.711623 9.98948E-05 0.0275229 9.98948E-05 0.141246 9.98948E-05
9.98684E-05 9.98684E-05 9.98684E-05 9.98684E-05 9.98684E-05 0.0749959 9.98684E-05 9.98684E-05 9.98684E-05 9.98684E-05 9.98684E-05 0.923506 9.98684E-05 9.98684E-05 9.98684E-05 9.98684E-05 9.98684E-05
9.99035E-05 9.99035E-05 9.99035E-05 9.99035E-05 9.99035E-05 9.99035E-05 0.0892048 9.99035E-05 9.99035E-05 0.00719296 9.99035E-05 0.570623 0.120272 9.99035E-05 0.140174 0.0714348 9.99035E-05
0.140753 9.99034E-05 9.99034E-05 9.99034E-05 0.0272175 9.99034E-05 9.99034E-05 9.99034E-05 9.99034E-05 0.00103495 9.99034E-05 0.751179 0.0668754 9.99034E-05 9.99034E-05 0.0118406 9.99034E-05
9.98859E-05 9.98859E-05 9.98859E-05 9.98859E-05 9.98859E-05 0.00378953 9.98859E-05 9.98859E-05 9.98859E-05 9.98859E-05 0.0682351 0.868488 0.0581891 9.98859E-05 9.98859E-05 9.98859E-05 9.98859E-05
0.083427 9.99034E-05 9.99034E-05 9.99034E-05 9.99034E-05 9.99034E-05 0.0103099 9.99034E-05 0.0331659 9.99034E-05 9.99034E-05 0.457142 0.173104 9.99034E-05 9.99034E-05 0.241752 9.99034E-05
9.98948E-05 9.98948E-05 9.98948E-05 9.98948E-05 0.0440806 9.98948E-05 9.98948E-05 9.98948E-05 9.98948E-05 9.98948E-05 9.98948E-05 0.82614 0.0466553 9.98948E-05 0.0030293 0.0788964 9.98948E-05
0.0492995 9.98946E-05 9.98946E-05 9.98946E-05 9.98946E-05 9.98946E-05 0.0678144 9.98946E-05 9.98946E-05 9.98946E-05 9.98946E-05 0.46857 0.191293 9.98946E-05 9.98946E-05 0.221824 9.98946E-05
0.0783562 9.98948E-05 9.98948E-05 9.98948E-05 9.98948E-05 9.98948E-05 9.98948E-05 9.98948E-05 9.98948E-05 9.98948E-05 9.98948E-05 0.438325 0.153389 9.98948E-05 0.194874 0.133857 9.98948E-05
9.99034E-05 9.99034E-05 0.112078 9.99034E-05 0.0876788 9.99034E-05 0.00870221 9.99034E-05 9.99034E-05 9.99034E-05 9.99034E-05 0.231482 0.0575033 9.99034E-05 0.501457 9.99034E-05 9.99034E-05
9.98945E-05 9.98945E-05 9.98945E-05 0.00424055 9.98945E-05 9.98945E-05 0.0529875 9.98945E-05 9.98945E-05 9.98945E-05 9.98945E-05 0.841682 0.0511224 9.98945E-05 9.98945E-05 0.048769 9.98945E-05
0.0547766 9.98859E-05 9.98859E-05 9.98859E-05 9.98859E-05 9.98859E-05 9.98859E-05 9.98859E-05 9.98859E-05 9.98859E-05 9.98859E-05 0.557846 0.153084 9.98859E-05 9.98859E-05 0.232996 9.98859E-05
9.98861E-05 9.98861E-05 9.98861E-05 9.98861E-05 0.0438401 9.98861E-05 0.106502 9.98861E-05 9.98861E-05 9.98861E-05 9.98861E-05 0.742946 0.105413 9.98861E-05 9.98861E-05 9.98861E-05 9.98861E-05
9.98948E-05 9.98948E-05 9.98948E-05 9.98948E-05 9.98948E-05 0.0116681 9.98948E-05 0.011806 9.98948E-05 9.98948E-05 9.98948E-05 0.763914 0.182874 9.98948E-05 9.98948E-05 0.0285397 9.98948E-05
9.98683E-05 9.98683E-05 9.98683E-05 9.98683E-05 9.98683E-05 9.98683E-05 9.98683E-05 0.046842 9.98683E-05 9.98683E-05 9.98683E-05 0.95166 9.98683E-05 9.98683E-05 9.98683E-05 9.98683E-05 9.98683E-05
9.98946E-05 9.98946E-05 9.98946E-05 9.98946E-05 0.117274 9.98946E-05 0.114307 9.98946E-05 9.98946E-05 9.98946E-05 9.98946E-05 0.440607 0.0837647 9.98946E-05 9.98946E-05 0.242849 9.98946E-05
9.9877E-05 9.9877E-05 9.9877E-05 0.0360862 9.9877E-05 9.9877E-05 9.9877E-05 9.9877E-05 9.9877E-05 9.9877E-05 9.9877E-05 0.866988 0.0955276 9.9877E-05 9.9877E-05 9.9877E-05 9.9877E-05
9.98859E-05 9.98859E-05 9.98859E-05 9.98859E-05 9.98859E-05 9.98859E-05 9.98859E-05 9.98859E-05 9.98859E-05 0.00329047 9.98859E-05 0.962012 0.0323573 9.98859E-05 9.98859E-05 0.00104194 9.98859E-05
0.0286586 9.98859E-05 9.98859E-05 9.98859E-05 9.98859E-05 9.98859E-05 9.98859E-05 0.0600618 9.98859E-05 9.98859E-05 9.98859E-05 0.828292 9.98859E-05 9.98859E-05 9.98859E-05 0.0816891 9.98859E-05
9.98945E-05 9.98945E-05 9.98945E-05 9.98945E-05 0.00745395 9.98945E-05 9.98945E-05 9.98945E-05 9.98945E-05 9.98945E-05 0.0267647 0.707512 0.223721 9.98945E-05 9.98945E-05 0.0333493 9.98945E-05
9.98859E-05 9.98859E-05 9.98859E-05 9.98859E-05 9.98859E-05 9.98859E-05 9.98859E-05 9.98859E-05 0.0123081 9.98859E-05 9.98859E-05 0.561533 9.98859E-05 9.98859E-05 0.386636 0.0382248 9.98859E-05
9.9886E-05 9.9886E-05 9.9886E-05 9.9886E-05 9.9886E-05 9.9886E-05 9.9886E-05 9.9886E-05 9.9886E-05 9.9886E-05 0.00321454 0.825637 0.094865 9.9886E-05 0.0749846 9.9886E-05 9.9886E-05
9.98686E-05 9.98686E-05 9.98686E-05 9.98686E-05 9.98686E-05 9.98686E-05 9.98686E-05 9.98686E-05 9.98686E-05 9.98686E-05 9.98686E-05 0.869007 9.98686E-05 9.98686E-05 0.129495 9.98686E-05 9.98686E-05
0.0741695 9.98948E-05 9.98948E-05 9.98948E-05 9.98948E-05 9.98948E-05 9.98948E-05 9.98948E-05 9.98948E-05 9.98948E-05 0.00359224 0.615865 9.98948E-05 9.98948E-05 0.28935 0.0158246 9.98948E-05
0.14236 9.98946E-05 9.98946E-05 9.98946E-05 9.98946E-05 0.0120038 9.98946E-05 9.98946E-05 9.98946E-05 9.98946E-05 9.98946E-05 0.4923 0.283302 9.98946E-05 9.98946E-05 0.0688356 9.98946E-05
9.98859E-05 9.98859E-05 9.98859E-05 9.98859E-05 0.0452006 9.98859E-05 9.98859E-05 9.98859E-05 9.98859E-05 9.98859E-05 9.98859E-05 0.808281 9.98859E-05 9.98859E-05 9.98859E-05 0.124603 0.0206177
9.98947E-05 9.98947E-05 9.98947E-05 9.98947E-05 9.98947E-05 9.98947E-05 0.0358097 9.98947E-05 9.98947E-05 9.98947E-05 9.98947E-05 0.188247 0.0992974 9.98947E-05 0.516745 0.158702 9.98947E-05
9.98772E-05 9.98772E-05 9.98772E-05 9.98772E-05 9.98772E-05 9.98772E-05 9.98772E-05 9.98772E-05 9.98772E-05 9.98772E-05 9.98772E-05 0.59001 0.0411213 9.98772E-05 0.36747 9.98772E-05 9.98772E-05
0.144635 9.99122E-05 9.99122E-05 9.99122E-05 0.00342897 9.99122E-05 0.0826163 9.99122E-05 9.99122E-05 9.99122E-05 0.0383484 0.528682 9.99122E-05 0.0215517 9.99122E-05 0.179738 9.99122E-05
9.99211E-05 9.99211E-05 9.99211E-05 9.99211E-05 9.99211E-05 0.00707718 9.99211E-05 9.99211E-05 9.99211E-05 9.99211E-05 0.0379201 0.559557 0.14334 0.00625635 0.059961 0.127392 0.0575969
0.219174 9.98948E-05 0.0977261 9.98948E-05 9.98948E-05 9.98948E-05 9.98948E-05 9.98948E-05 9.98948E-05 9.98948E-05 9.98948E-05 0.486061 0.0230733 9.98948E-05 9.98948E-05 0.172766 9.98948E-05
9.98947E-05 9.98947E-05 9.98947E-05 9.98947E-05 9.98947E-05 9.98947E-05 0.0337103 9.98947E-05 9.98947E-05 9.98947E-05 9.98947E-05 0.506012 0.141326 9.98947E-05 9.98947E-05 0.215328 0.102424
9.98771E-05 9.98771E-05 9.98771E-05 9.98771E-05 9.98771E-05 9.98771E-05 9.98771E-05 9.98771E-05 9.98771E-05 9.98771E-05 9.98771E-05 0.637045 0.01084 9.98771E-05 0.350716 9.98771E-05 9.98771E-05
9.98858E-05 9.98858E-05 9.98858E-05 9.98858E-05 9.98858E-05 9.98858E-05 9.98858E-05 9.98858E-05 9.98858E-05 0.146233 9.98858E-05 0.640548 0.15895 0.05297 9.98858E-05 9.98858E-05 9.98858E-05
9.98858E-05 9.98858E-05 9.98858E-05 9.98858E-05 0.0448633 9.98858E-05 9.98858E-05 9.98858E-05 9.98858E-05 9.98858E-05 9.98858E-05 0.294654 9.98858E-05 9.98858E-05 0.484889 0.174295 9.98858E-05
0.00400886 9.99035E-05 9.99035E-05 9.99035E-05 9.99035E-05 0.0511487 9.99035E-05 9.99035E-05 9.99035E-05 9.99035E-05 9.99035E-05 0.627204 0.114722 9.99035E-05 0.118273 0.0835443 9.99035E-05
0.0309777 9.98859E-05 9.98859E-05 9.98859E-05 9.98859E-05 9.98859E-05 9.98859E-05 0.0240016 9.98859E-05 9.98859E-05 9.98859E-05 0.92754 9.98859E-05 9.98859E-05 9.98859E-05 0.0161819 9.98859E-05
9.9877E-05 9.9877E-05 9.9877E-05 9.9877E-05 9.9877E-05 0.00196207 9.9877E-05 9.9877E-05 9.9877E-05 0.131806 9.9877E-05 0.864833 9.9877E-05 9.9877E-05 9.9877E-05 9.9877E-05 9.9877E-05
0.128854 9.98859E-05 9.98859E-05 9.98859E-05 9.98859E-05 9.98859E-05 9.98859E-05 9.98859E-05 9.98859E-05 9.98859E-05 9.98859E-05 0.608711 0.100372 9.98859E-05 9.98859E-05 0.160765 9.98859E-05
9.9877E-05 9.9877E-05 9.9877E-05 9.9877E-05 9.9877E-05 9.9877E-05 9.9877E-05 9.9877E-05 9.9877E-05 9.9877E-05 9.9877E-05 0.854056 0.0433418 9.9877E-05 9.9877E-05 0.101204 9.9877E-05
9.98683E-05 9.98683E-05 9.98683E-05 9.98683E-05 9.98683E-05 9.98683E-05 9.98683E-05 0.0380802 9.98683E-05 9.98683E-05 9.98683E-05 0.960422 9.98683E-05 9.98683E-05 9.98683E-05 9.98683E-05 9.98683E-05
9.98773E-05 9.98773E-05 9.98773E-05 9.98773E-05 9.98773E-05 9.98773E-05 0.134288 9.98773E-05 9.98773E-05 9.98773E-05 9.98773E-05 0.834457 0.0298567 9.98773E-05 9.98773E-05 9.98773E-05 9.98773E-05
0.0671903 9.98947E-05 9.98947E-05 9.98947E-05 9.98947E-05 9.98947E-05 9.98947E-05 9.98947E-05 9.98947E-05 9.98947E-05 9.98947E-05 0.771136 0.00845833 9.98947E-05 0.0416072 0.110409 9.98947E-05
9.98593E-05 9.98593E-05 9.98593E-05 9.98593E-05 9.98593E-05 9.98593E-05 9.98593E-05 9.98593E-05 9.98593E-05 9.98593E-05 9.98593E-05 9.98593E-05 0.998402 9.98593E-05 9.98593E-05 9.98593E-05 9.98593E-05
9.98594E-05 9.98594E-05 9.98594E-05 9.98594E-05 9.98594E-05 9.98594E-05 9.98594E-05 9.98594E-05 9.98594E-05 9.98594E-05 9.98594E-05 9.98594E-05 9.98594E-05 9.98594E-05 9.98594E-05 0.998402 9.98594E-05
9.98592E-05 9.98592E-05 9.98592E-05 9.98592E-05 9.98592E-05 9.98592E-05 9.98592E-05 9.98592E-05 9.98592E-05 9.98592E-05 9.98592E-05 9.98592E-05 0.998402 9.98592E-05 9.98592E-05 9.98592E-05 9.98592E-05
9.98593E-05 9.98593E-05 9.98593E-05 9.98593E-05 9.98593E-05 9.98593E-05 9.98593E-05 9.98593E-05 9.98593E-05 9.98593E-05 9.98593E-05 9.98593E-05 9.98593E-05 9.98593E-05 9.98593E-05 0.998402 9.98593E-05
9.98594E-05 9.98594E-05 9.98594E-05 9.98594E-05 9.98594E-05 9.98594E-05 9.98594E-05 9.98594E-05 9.98594E-05 9.98594E-05 9.98594E-05 9.98594E-05 9.98594E-05 9.98594E-05 9.98594E-05 0.998402 9.98594E-05
9.98593E-05 9.98593E-05 9.98593E-05 9.98593E-05 9.98593E-05 9.98593E-05 9.98593E-05 9.98593E-05 9.98593E-05 9.98593E-05 9.98593E-05 9.98593E-05 9.98593E-05 9.98593E-05 9.98593E-05 0.998402 9.98593E-05
9.98593E-05 9.98593E-05 9.98593E-05 9.98593E-05 9.98593E-05 9.98593E-05 9.98593E-05 9.98593E-05 9.98593E-05 9.98593E-05 9.98593E-05 9.98593E-05 0.998402 9.98593E-05 9.98593E-05 9.98593E-05 9.98593E-05
9.98594E-05 9.98594E-05 9.98594E-05 9.98594E-05 9.98594E-05 9.98594E-05 9.98594E-05 9.98594E-05 9.98594E-05 9.98594E-05 9.98594E-05 9.98594E-05 9.98594E-05 9.98594E-05 9.98594E-05 0.998402 9.98594E-05
9.98593E-05 9.98593E-05 9.98593E-05 9.98593E-05 9.98593E-05 9.98593E-05 9.98593E-05 9.98593E-05 9.98593E-05 9.98593E-05 9.98593E-05 9.98593E-05 9.98593E-05 9.98593E-05 9.98593E-05 0.998402 9.98593E-05
9.98593E-05 9.98593E-05 9.98593E-05 9.98593E-05 9.98593E-05 9.98593E-05 9.98593E-05 9.98593E-05 9.98593E-05 9.98593E-05 9.98593E-05 9.98593E-05 0.998402 9.98593E-05 9.98593E-05 9.98593E-05 9.98593E-05
9.98594E-05 9.98594E-05 9.98594E-05 9.98594E-05 9.98594E-05 9.98594E-05 9.98594E-05 9.98594E-05 9.98594E-05 9.98594E-05 9.98594E-05 9.98594E-05 0.998402 9.98594E-05 9.98594E-05 9.98594E-05 9.98594E-05
9.98593E-05 9.98593E-05 9.98593E-05 9.98593E-05 9.98593E-05 9.98593E-05 9.98593E-05 9.98593E-05 9.98593E-05 9.98593E-05 9.98593E-05 9.98593E-05 0.998402 9.98593E-05 9.98593E-05 9.98593E-05 9.98593E-05
9.98593E-05 9.98593E-05 9.98593E-05 9.98593E-05 9.98593E-05 9.98593E-05 9.98593E-05 9.98593E-05 9.98593E-05 9.98593E-05 9.98593E-05 9.98593E-05 9.98593E-05 9.98593E-05 9.98593E-05 0.998402 9.98593E-05
9.98593E-05 9.98593E-05 9.98593E-05 9.98593E-05 9.98593E-05 9.98593E-05 9.98593E-05 9.98593E-05 9.98593E-05 9.98593E-05 9.98593E-05 9.98593E-05 9.98593E-05 9.98593E-05 9.98593E-05 0.998402 9.98593E-05
9.98593E-05 9.98593E-05 9.98593E-05 9.98593E-05 9.98593E-05 9.98593E-05 9.98593E-05 9.98593E-05 9.98593E-05 9.98593E-05 9.98593E-05 9.98593E-05 0.998402 9.98593E-05 9.98593E-05 9.98593E-05 9.98593E-05
9.98593E-05 9.98593E-05 9.98593E-05 9.98593E-05 9.98593E-05 9.98593E-05 9.98593E-05 9.98593E-05 9.98593E-05 9.98593E-05 9.98593E-05 9.98593E-05 0.998402 9.98593E-05 9.98593E-05 9.98593E-05 9.98593E-05
9.98901E-05 9.98901E-05 0.0196251 0.164149 9.98901E-05 9.98901E-05 9.98901E-05 9.98901E-05 9.98901E-05 9.98901E-05 9.98901E-05 0.611893 0.0928969 0.0648128 9.98901E-05 0.0455251 9.98901E-05
9.98593E-05 9.98593E-05 9.98593E-05 9.98593E-05 9.98593E-05 9.98593E-05 9.98593E-05 9.98593E-05 9.98593E-05 9.98593E-05 9.98593E-05 9.98593E-05 0.998402 9.98593E-05 9.98593E-05 9.98593E-05 9.98593E-05
9.98594E-05 9.98594E-05 9.98594E-05 9.98594E-05 9.98594E-05 9.98594E-05 9.98594E-05 9.98594E-05 9.98594E-05 9.98594E-05 9.98594E-05 9.98594E-05 9.98594E-05 9.98594E-05 9.98594E-05 0.998402 9.98594E-05
9.98593E-05 9.98593E-05 9.98593E-05 9.98593E-05 9.98593E-05 9.98593E-05 9.98593E-05 9.98593E-05 9.98593E-05 9.98593E-05 9.98593E-05 9.98593E-05 0.998402 9.98593E-05 9.98593E-05 9.98593E-05 9.98593E-05
9.98594E-05 9.98594E-05 9.98594E-05 9.98594E-05 9.98594E-05 9.98594E-05 9.98594E-05 9.98594E-05 9.98594E-05 9.98594E-05 9.98594E-05 9.98594E-05 0.998402 9.98594E-05 9.98594E-05 9.98594E-05 9.98594E-05
9.98593E-05 9.98593E-05 9.98593E-05 9.98593E-05 9.98593E-05 9.98593E-05 9.98593E-05 9.98593E-05 9.98593E-05 9.98593E-05 9.98593E-05 9.98593E-05 0.998402 9.98593E-05 9.98593E-05 9.98593E-05 9.98593E-05
9.98594E-05 9.98594E-05 9.98594E-05 9.98594E-05 9.98594E-05 9.98594E-05 9.98594E-05 9.98594E-05 9.98594E-05 9.98594E-05 9.98594E-05 9.98594E-05 9.98594E-05 9.98594E-05 9.98594E-05 0.998402 9.98594E-05
9.98593E-05 9.98593E-05 9.98593E-05 9.98593E-05 9.98593E-05 9.98593E-05 9.98593E-05 9.98593E-05 9.98593E-05 9.98593E-05 9.98593E-05 9.98593E-05 0.998402 9.98593E-05 9.98593E-05 9.98593E-05 9.98593E-05
9.98594E-05 9.98594E-05 9.98594E-05 9.98594E-05 9.98594E-05 9.98594E-05 9.98594E-05 9.98594E-05 9.98594E-05 9.98594E-05 9.98594E-05 9.98594E-05 9.98594E-05 9.98594E-05 9.98594E-05 0.998402 9.98594E-05
9.98594E-05 9.98594E-05 9.98594E-05 9.98594E-05 9.98594E-05 9.98594E-05 9.98594E-05 9.98594E-05 9.98594E-05 9.98594E-05 9.98594E-05 9.98594E-05 0.998402 9.98594E-05 9.98594E-05 9.98594E-05 9.98594E-05
9.98592E-05 9.98592E-05 9.98592E-05 9.98592E-05 9.98592E-05 9.98592E-05 9.98592E-05 9.98592E-05 9.98592E-05 9.98592E-05 9.98592E-05 9.98592E-05 0.998402 9.98592E-05 9.98592E-05 9.98592E-05 9.98592E-05
9.98595E-05 9.98595E-05 9.98595E-05 9.98595E-05 9.98595E-05 9.98595E-05 9.98595E-05 9.98595E-05 9.98595E-05 9.98595E-05 9.98595E-05 9.98595E-05 9.98595E-05 9.98595E-05 9.98595E-05 0.998402 9.98595E-05
9.98593E-05 9.98593E-05 9.98593E-05 9.98593E-05 9.98593E-05 9.98593E-05 9.98593E-05 9.98593E-05 9.98593E-05 9.98593E-05 9.98593E-05 9.98593E-05 9.98593E-05 9.98593E-05 9.98593E-05 0.998402 9.98593E-05
9.98593E-05 9.98593E-05 9.98593E-05 9.98593E-05 9.98593E-05 9.98593E-05 9.98593E-05 9.98593E-05 9.98593E-05 9.98593E-05 9.98593E-05 9.98593E-05 9.98593E-05 9.98593E-05 9.98593E-05 0.998402 9.98593E-05
9.98594E-05 9.98594E-05 9.98594E-05 9.98594E-05 9.98594E-05 9.98594E-05 9.98594E-05 9.98594E-05 9.98594E-05 9.98594E-05 9.98594E-05 9.98594E-05 0.998402 9.98594E-05 9.98594E-05 9.98594E-05 9.98594E-05
9.98594E-05 9.98594E-05 9.98594E-05 9.98594E-05 9.98594E-05 9.98594E-05 9.98594E-05 9.98594E-05 9.98594E-05 9.98594E-05 9.98594E-05 9.98594E-05 0.998402 9.98594E-05 9.98594E-05 9.98594E-05 9.98594E-05
9.98592E-05 9.98592E-05 9.98592E-05 9.98592E-05 9.98592E-05 9.98592E-05 9.98592E-05 9.98592E-05 9.98592E-05 9.98592E-05 9.98592E-05 9.98592E-05 0.998402 9.98592E-05 9.98592E-05 9.98592E-05 9.98592E-05
9.98592E-05 9.98592E-05 9.98592E-05 9.98592E-05 9.98592E-05 9.98592E-05 9.98592E-05 9.98592E-05 9.98592E-05 9.98592E-05 9.98592E-05 9.98592E-05 0.998402 9.98592E-05 9.98592E-05 9.98592E-05 9.98592E-05
9.98593E-05 9.98593E-05 9.98593E-05 9.98593E-05 9.98593E-05 9.98593E-05 9.98593E-05 9.98593E-05 9.98593E-05 9.98593E-05 9.98593E-05 9.98593E-05 0.998402 9.98593E-05 9.98593E-05 9.98593E-05 9.98593E-05
9.98593E-05 9.98593E-05 9.98593E-05 9.98593E-05 9.98593E-05 9.98593E-05 9.98593E-05 9.98593E-05 9.98593E-05 9.98593E-05 9.98593E-05 9.98593E-05 9.98593E-05 9.98593E-05 9.98593E-05 0.998402 9.98593E-05
9.98593E-05 9.98593E-05 9.98593E-05 9.98593E-05 9.98593E-05 9.98593E-05 9.98593E-05 9.98593E-05 9.98593E-05 9.98593E-05 9.98593E-05 9.98593E-05 9.98593E-05 9.98593E-05 9.98593E-05 0.998402 9.98593E-05
9.98593E-05 9.98593E-05 9.98593E-05 9.98593E-05 9.98593E-05 9.98593E-05 9.98593E-05 9.98593E-05 9.98593E-05 9.98593E-05 9.98593E-05 9.98593E-05 9.98593E-05 9.98593E-05 9.98593E-05 0.998402 9.98593E-05
9.98593E-05 9.98593E-05 9.98593E-05 9.98593E-05 9.98593E-05 9.98593E-05 9.98593E-05 9.98593E-05 9.98593E-05 9.98593E-05 9.98593E-05 9.98593E-05 0.998402 9.98593E-05 9.98593E-05 9.98593E-05 9.98593E-05
9.98593E-05 9.98593E-05 9.98593E-05 9.98593E-05 9.98593E-05 9.98593E-05 9.98593E-05 9.98593E-05 9.98593E-05 9.98593E-05 9.98593E-05 9.98593E-05 9.98593E-05 9.98593E-05 9.98593E-05 0.998402 9.98593E-05
9.98594E-05 9.98594E-05 9.98594E-05 9.98594E-05 9.98594E-05 9.98594E-05 9.98594E-05 9.98594E-05 9.98594E-05 9.98594E-05 9.98594E-05 9.98594E-05 9.98594E-05 9.98594E-05 9.98594E-05 0.998402 9.98594E-05
9.98593E-05 9.98593E-05 9.98593E-05 9.98593E-05 9.98593E-05 9.98593E-05 9.98593E-05 9.98593E-05 9.98593E-05 9.98593E-05 9.98593E-05 9.98593E-05 9.98593E-05 9.98593E-05 9.98593E-05 0.998402 9.98593E-05
9.98594E-05 9.98594E-05 9.98594E-05 9.98594E-05 9.98594E-05 9.98594E-05 9.98594E-05 9.98594E-05 9.98594E-05 9.98594E-05 9.98594E-05 9.98594E-05 9.98594E-05 9.98594E-05 9.98594E-05 0.998402 9.98594E-05
9.98593E-05 9.98593E-05 9.98593E-05 9.98593E-05 9.98593E-05 9.98593E-05 9.98593E-05 9.98593E-05 9.98593E-05 9.98593E-05 9.98593E-05 9.98593E-05 0.998402 9.98593E-05 9.98593E-05 9.98593E-05 9.98593E-05
9.98593E-05 9.98593E-05 9.98593E-05 9.98593E-05 9.98593E-05 9.98593E-05 9.98593E-05 9.98593E-05 9.98593E-05 9.98593E-05 9.98593E-05 9.98593E-05 9.98593E-05 9.98593E-05 9.98593E-05 0.998402 9.98593E-05
9.98593E-05 9.98593E-05 9.98593E-05 9.98593E-05 9.98593E-05 9.98593E-05 9.98593E-05 9.98593E-05 9.98593E-05 9.98593E-05 9.98593E-05 9.98593E-05 9.98593E-05 9.98593E-05 9.98593E-05 0.998402 9.98593E-05
9.99033E-05 9.99033E-05 0.0253281 0.184364 9.99033E-05 9.99033E-05 9.99033E-05 9.99033E-05 9.99033E-05 9.99033E-05 9.99033E-05 0.604074 0.116744 0.0639949 9.99033E-05 0.00439618 9.99033E-05
9.98594E-05 9.98594E-05 9.98594E-05 9.98594E-05 9.98594E-05 9.98594E-05 9.98594E-05 9.98594E-05 9.98594E-05 9.98594E-05 9.98594E-05 9.98594E-05 0.998402 9.98594E-05 9.98594E-05 9.98594E-05 9.98594E-05
9.98594E-05 9.98594E-05 9.98594E-05 9.98594E-05 9.98594E-05 9.98594E-05 9.98594E-05 9.98594E-05 9.98594E-05 9.98594E-05 9.98594E-05 9.98594E-05 9.98594E-05 9.98594E-05 9.98594E-05 0.998402 9.98594E-05
9.98592E-05 9.98592E-05 9.98592E-05 9.98592E-05 9.98592E-05 9.98592E-05 9.98592E-05 9.98592E-05 9.98592E-05 9.98592E-05 9.98592E-05 9.98592E-05 9.98592E-05 9.98592E-05 9.98592E-05 0.998402 9.98592E-05
9.98593E-05 9.98593E-05 9.98593E-05 9.98593E-05 9.98593E-05 9.98593E-05 9.98593E-05 9.98593E-05 9.98593E-05 9.98593E-05 9.98593E-05 9.98593E-05 9.98593E-05 9.98593E-05 9.98593E-05 0.998402 9.98593E-05
9.98594E-05 9.98594E-05 9.98594E-05 9.98594E-05 9.98594E-05 9.98594E-05 9.98594E-05 9.98594E-05 9.98594E-05 9.98594E-05 9.98594E-05 9.98594E-05 9.98594E-05 9.98594E-05 9.98594E-05 0.998402 9.98594E-05
9.98592E-05 9.98592E-05 9.98592E-05 9.98592E-05 9.98592E-05 9.98592E-05 9.98592E-05 9.98592E-05 9.98592E-05 9.98592E-05 9.98592E-05 9.98592E-05 0.998402 9.98592E-05 9.98592E-05 9.98592E-05 9.98592E-05
9.98594E-05 9.98594E-05 9.98594E-05 9.98594E-05 9.98594E-05 9.98594E-05 9.98594E-05 9.98594E-05 9.98594E-05 9.98594E-05 9.98594E-05 9.98594E-05 9.98594E-05 9.98594E-05 9.98594E-05 0.998402 9.98594E-05
9.98592E-05 9.98592E-05 9.98592E-05 9.98592E-05 9.98592E-05 9.98592E-05 9.98592E-05 9.98592E-05 9.98592E-05 9.98592E-05 9.98592E-05 9.98592E-05 0.998402 9.98592E-05 9.98592E-05 9.98592E-05 9.98592E-05
9.98594E-05 9.98594E-05 9.98594E-05 9.98594E-05 9.98594E-05 9.98594E-05 9.98594E-05 9.98594E-05 9.98594E-05 9.98594E-05 9.98594E-05 9.98594E-05 9.98594E-05 9.98594E-05 9.98594E-05 0.998402 9.98594E-05
9.98593E-05 9.98593E-05 9.98593E-05 9.98593E-05 9.98593E-05 9.98593E-05 9.98593E-05 9.98593E-05 9.98593E-05 9.98593E-05 9.98593E-05 9.98593E-05 0.998402 9.98593E-05 9.98593E-05 9.98593E-05 9.98593E-05
9.9877E-05 9.9877E-05 9.9877E-05 9.9877E-05 9.9877E-05 9.9877E-05 9.9877E-05 9.9877E-05 0.0146352 9.9877E-05 9.9877E-05 9.9877E-05 0.0411166 9.9877E-05 9.9877E-05 0.94285 9.9877E-05
