9.98859E-05 0.103415 9.98859E-05 9.98859E-05 0.0551336 9.98859E-05 0.0739376 9.98859E-05 9.98859E-05 9.98859E-05 0.131434 9.98859E-05 0.155218 0.00520261 9.98859E-05 9.98859E-05 0.474361 9.98859E-05 9.98859E-05 9.98859E-05
0.0759808 9.98597E-05 0.0249889 9.98597E-05 9.98597E-05 9.98597E-05 9.98597E-05 9.98597E-05 9.98597E-05 9.98597E-05 0.021644 9.98597E-05 9.98597E-05 9.98597E-05 9.98597E-05 9.98597E-05 0.875789 9.98597E-05 9.98597E-05 9.98597E-05
9.98508E-05 9.98508E-05 9.98508E-05 9.98508E-05 9.98508E-05 9.98508E-05 9.98508E-05 9.98508E-05 9.98508E-05 0.00171546 9.98508E-05 0.0552355 9.98508E-05 9.98508E-05 9.98508E-05 0.941352 9.98508E-05 9.98508E-05 9.98508E-05 9.98508E-05
9.99298E-05 9.99298E-05 0.0998851 9.99298E-05 0.0151286 0.00911868 9.99298E-05 9.99298E-05 0.0167162 9.99298E-05 0.00828717 0.107153 0.107852 0.0322923 0.268371 0.00279761 0.32559 0.006008 9.99298E-05 9.99298E-05
9.98597E-05 9.98597E-05 0.0137057 9.98597E-05 9.98597E-05 9.98597E-05 9.98597E-05 9.98597E-05 9.98597E-05 0.0488206 9.98597E-05 0.0923058 9.98597E-05 9.98597E-05 9.98597E-05 9.98597E-05 0.84357 9.98597E-05 9.98597E-05 9.98597E-05
0.0731515 9.98948E-05 9.98948E-05 9.98948E-05 9.98948E-05 9.98948E-05 0.0704897 0.102525 9.98948E-05 0.129584 9.98948E-05 0.202194 9.98948E-05 9.98948E-05 9.98948E-05 0.022799 0.246283 0.151775 9.98948E-05 9.98948E-05
0.137687 9.99036E-05 9.99036E-05 9.99036E-05 0.00650089 0.105097 0.0539101 9.99036E-05 9.99036E-05 9.99036E-05 0.00999497 9.99036E-05 0.0138908 0.107906 0.216033 9.99036E-05 0.347881 9.99036E-05 9.99036E-05 9.99036E-05
9.99035E-05 0.0180859 0.145479 9.99035E-05 9.99035E-05 9.99035E-05 0.0471256 9.99035E-05 9.99035E-05 0.00425333 9.99035E-05 0.0089726 0.182347 9.99035E-05 9.99035E-05 0.292732 9.99035E-05 0.131986 0.16792 9.99035E-05
9.9886E-05 9.9886E-05 0.0286266 9.9886E-05 0.182536 9.9886E-05 9.9886E-05 9.9886E-05 9.9886E-05 9.9886E-05 0.201315 0.100896 9.9886E-05 9.9886E-05 9.9886E-05 0.208027 0.0842143 0.193087 9.9886E-05 9.9886E-05
9.98421E-05 9.98421E-05 9.98421E-05 9.98421E-05 9.98421E-05 9.98421E-05 9.98421E-05 9.98421E-05 9.98421E-05 9.98421E-05 0.00556215 9.98421E-05 9.98421E-05 9.98421E-05 9.98421E-05 9.98421E-05 0.992641 9.98421E-05 9.98421E-05 9.98421E-05
9.98772E-05 9.98772E-05 9.98772E-05 0.0129747 9.98772E-05 9.98772E-05 9.98772E-05 9.98772E-05 0.00724856 9.98772E-05 0.229542 9.98772E-05 0.103985 0.0799946 9.98772E-05 9.98772E-05 0.564857 9.98772E-05 9.98772E-05 9.98772E-05
9.98684E-05 9.98684E-05 9.98684E-05 9.98684E-05 9.98684E-05 9.98684E-05 9.98684E-05 0.0156453 9.98684E-05 9.98684E-05 9.98684E-05 9.98684E-05 9.98684E-05 0.00248669 9.98684E-05 0.497308 0.482589 9.98684E-05 0.000472236 9.98684E-05
9.98508E-05 9.98508E-05 9.98508E-05 9.98508E-05 9.98508E-05 9.98508E-05 9.98508E-05 9.98508E-05 9.98508E-05 9.98508E-05 0.00923126 9.98508E-05 0.0618737 9.98508E-05 9.98508E-05 9.98508E-05 0.927198 9.98508E-05 9.98508E-05 9.98508E-05
9.98685E-05 9.98685E-05 9.98685E-05 0.101291 9.98685E-05 9.98685E-05 9.98685E-05 9.98685E-05 9.98685E-05 0.0279375 0.014664 9.98685E-05 9.98685E-05 0.104888 9.98685E-05 0.749722 9.98685E-05 9.98685E-05 9.98685E-05 9.98685E-05
0.0196853 9.99036E-05 9.99036E-05 9.99036E-05 0.0652782 9.99036E-05 0.215474 9.99036E-05 0.0448838 9.99036E-05 0.163955 0.122211 0.00697925 9.99036E-05 9.99036E-05 9.99036E-05 0.252715 0.107721 9.99036E-05 9.99036E-05
9.98946E-05 9.98946E-05 9.98946E-05 9.98946E-05 9.98946E-05 9.98946E-05 0.202672 9.98946E-05 9.98946E-05 9.98946E-05 0.174826 9.98946E-05 0.0230165 9.98946E-05 0.11273 0.103701 0.0794191 0.186288 0.116149 9.98946E-05
0.0938325 9.99035E-05 9.99035E-05 9.99035E-05 9.99035E-05 9.99035E-05 9.99035E-05 9.99035E-05 9.99035E-05 9.99035E-05 0.0424385 9.99035E-05 0.00217867 0.0595564 0.0302432 0.628188 0.0351831 9.99035E-05 0.000990033 0.10629
9.98901E-05 0.20625 0.0236287 9.98901E-05 0.0280326 9.98901E-05 0.102126 9.98901E-05 0.0537233 9.98901E-05 0.141367 9.98901E-05 0.187777 9.98901E-05 9.98901E-05 9.98901E-05 0.232129 0.0238684 9.98901E-05 9.98901E-05
9.98683E-05 9.98683E-05 9.98683E-05 9.98683E-05 9.98683E-05 9.98683E-05 9.98683E-05 0.221205 9.98683E-05 9.98683E-05 0.181696 9.98683E-05 0.0874774 9.98683E-05 9.98683E-05 9.98683E-05 0.390163 0.117961 9.98683E-05 9.98683E-05
9.98421E-05 9.98421E-05 9.98421E-05 9.98421E-05 9.98421E-05 9.98421E-05 9.98421E-05 9.98421E-05 9.98421E-05 9.98421E-05 9.98421E-05 9.98421E-05 9.98421E-05 9.98421E-05 9.98421E-05 0.24271 0.755493 9.98421E-05 9.98421E-05 9.98421E-05
9.98771E-05 9.98771E-05 0.249837 9.98771E-05 9.98771E-05 9.98771E-05 9.98771E-05 9.98771E-05 9.98771E-05 9.98771E-05 0.003923 9.98771E-05 9.98771E-05 0.0155151 9.98771E-05 0.549729 9.98771E-05 0.112871 0.0667261 9.98771E-05
9.98771E-05 9.98771E-05 9.98771E-05 9.98771E-05 9.98771E-05 9.98771E-05 9.98771E-05 0.0555411 9.98771E-05 0.0975921 9.98771E-05 0.0483304 0.345335 9.98771E-05 9.98771E-05 9.98771E-05 0.309044 0.14276 9.98771E-05 9.98771E-05
9.98508E-05 9.98508E-05 9.98508E-05 9.98508E-05 9.98508E-05 9.98508E-05 0.210985 9.98508E-05 9.98508E-05 9.98508E-05 0.0509623 9.98508E-05 9.98508E-05 9.98508E-05 9.98508E-05 0.736355 9.98508E-05 9.98508E-05 9.98508E-05 9.98508E-05
9.98771E-05 9.98771E-05 9.98771E-05 9.98771E-05 0.0426451 9.98771E-05 0.039958 9.98771E-05 9.98771E-05 9.98771E-05 0.196022 9.98771E-05 0.295189 9.98771E-05 9.98771E-05 0.140607 0.284181 9.98771E-05 9.98771E-05 9.98771E-05
9.99034E-05 9.99034E-05 9.99034E-05 0.182195 0.0501141 9.99034E-05 9.99034E-05 9.99034E-05 0.101757 9.99034E-05 0.212643 9.99034E-05 0.0636789 0.0365247 0.0310162 0.290472 9.99034E-05 0.0304995 9.99034E-05 9.99034E-05
9.98859E-05 9.98859E-05 9.98859E-05 9.98859E-05 9.98859E-05 9.98859E-05 9.98859E-05 9.98859E-05 9.98859E-05 9.98859E-05 0.104971 0.0428733 0.0754705 9.98859E-05 0.00226459 0.545932 0.226013 0.0011774 9.98859E-05 9.98859E-05
9.98947E-05 0.0846902 9.98947E-05 0.219765 9.98947E-05 9.98947E-05 9.98947E-05 9.98947E-05 0.00914961 9.98947E-05 0.102233 0.144728 0.268792 9.98947E-05 9.98947E-05 9.98947E-05 0.101967 9.98947E-05 0.0674767 9.98947E-05
9.98596E-05 9.98596E-05 9.98596E-05 0.0612272 9.98596E-05 9.98596E-05 9.98596E-05 9.98596E-05 9.98596E-05 9.98596E-05 9.98596E-05 9.98596E-05 0.100144 9.98596E-05 0.086672 0.75036 9.98596E-05 9.98596E-05 9.98596E-05 9.98596E-05
9.98597E-05 9.98597E-05 9.98597E-05 0.118537 9.98597E-05 9.98597E-05 0.0372364 9.98597E-05 9.98597E-05 9.98597E-05 0.150989 9.98597E-05 9.98597E-05 9.98597E-05 9.98597E-05 9.98597E-05 0.69164 9.98597E-05 9.98597E-05 9.98597E-05
9.98596E-05 9.98596E-05 9.98596E-05 9.98596E-05 9.98596E-05 9.98596E-05 9.98596E-05 0.0051215 9.98596E-05 9.98596E-05 0.0117208 9.98596E-05 9.98596E-05 9.98596E-05 9.98596E-05 0.939758 9.98596E-05 0.0418023 9.98596E-05 9.98596E-05
9.98859E-05 9.98859E-05 9.98859E-05 9.98859E-05 9.98859E-05 9.98859E-05 0.126753 0.0249863 9.98859E-05 9.98859E-05 0.0149442 9.98859E-05 0.00947863 0.0988409 9.98859E-05 9.98859E-05 0.710014 0.0136839 9.98859E-05 9.98859E-05
9.98947E-05 9.98947E-05 0.0277783 0.137678 9.98947E-05 9.98947E-05 9.98947E-05 9.98947E-05 9.98947E-05 9.98947E-05 0.0556289 0.0905192 0.0425951 0.0545546 9.98947E-05 0.239649 0.350398 9.98947E-05 9.98947E-05 9.98947E-05
9.98858E-05 9.98858E-05 9.98858E-05 0.0502781 9.98858E-05 9.98858E-05 0.0758307 9.98858E-05 9.98858E-05 9.98858E-05 0.124978 9.98858E-05 0.0694388 0.0808929 9.98858E-05 9.98858E-05 0.562124 9.98858E-05 0.0351594 9.98858E-05
9.99035E-05 0.0590792 9.99035E-05 0.0573502 0.0360693 9.99035E-05 9.99035E-05 9.99035E-05 9.99035E-05 9.99035E-05 0.125434 0.118287 0.0534083 0.0109265 9.99035E-05 0.475199 0.063148 9.99035E-05 9.99035E-05 9.99035E-05
0.0457718 9.98773E-05 9.98773E-05 9.98773E-05 9.98773E-05 9.98773E-05 9.98773E-05 0.00399802 0.0208675 9.98773E-05 0.00434136 9.98773E-05 9.98773E-05 0.0286076 9.98773E-05 9.98773E-05 0.895015 9.98773E-05 9.98773E-05 9.98773E-05
0.00300817 9.98772E-05 9.98772E-05 9.98772E-05 0.00456017 9.98772E-05 9.98772E-05 9.98772E-05 9.98772E-05 9.98772E-05 9.98772E-05 9.98772E-05 0.0315026 9.98772E-05 0.18853 9.98772E-05 0.74977 0.0212307 9.98772E-05 9.98772E-05
0.00197137 9.98508E-05 9.98508E-05 9.98508E-05 9.98508E-05 9.98508E-05 9.98508E-05 0.0755457 9.98508E-05 9.98508E-05 9.98508E-05 9.98508E-05 9.98508E-05 9.98508E-05 9.98508E-05 0.920785 9.98508E-05 9.98508E-05 9.98508E-05 9.98508E-05
9.98597E-05 9.98597E-05 9.98597E-05 9.98597E-05 9.98597E-05 9.98597E-05 9.98597E-05 9.98597E-05 0.100234 9.98597E-05 0.0793847 9.98597E-05 9.98597E-05 9.98597E-05 9.98597E-05 0.686465 9.98597E-05 0.132318 9.98597E-05 9.98597E-05
0.110503 9.99036E-05 9.99036E-05 9.99036E-05 9.99036E-05 9.99036E-05 9.99036E-05 9.99036E-05 9.99036E-05 0.0690753 0.121134 0.00204743 0.0707849 9.99036E-05 9.99036E-05 0.451153 0.125692 0.00636918 9.99036E-05 0.042142
9.98771E-05 9.98771E-05 9.98771E-05 9.98771E-05 9.98771E-05 9.98771E-05 9.98771E-05 0.0330289 9.98771E-05 9.98771E-05 0.122593 0.102367 0.0107858 9.98771E-05 9.98771E-05 0.6653 9.98771E-05 9.98771E-05 0.0645275 9.98771E-05
9.98684E-05 9.98684E-05 9.98684E-05 9.98684E-05 9.98684E-05 9.98684E-05 9.98684E-05 0.0214047 9.98684E-05 9.98684E-05 0.0604094 9.98684E-05 0.07009 0.0136905 9.98684E-05 9.98684E-05 0.832907 9.98684E-05 9.98684E-05 9.98684E-05
9.98686E-05 9.98686E-05 9.98686E-05 9.98686E-05 0.0293562 9.98686E-05 9.98686E-05 9.98686E-05 9.98686E-05 9.98686E-05 0.0523217 9.98686E-05 0.118289 9.98686E-05 9.98686E-05 9.98686E-05 0.782792 0.0157426 9.98686E-05 9.98686E-05
9.98422E-05 9.98422E-05 9.98422E-05 9.98422E-05 9.98422E-05 9.98422E-05 9.98422E-05 9.98422E-05 9.98422E-05 9.98422E-05 9.98422E-05 9.98422E-05 9.98422E-05 9.98422E-05 9.98422E-05 9.98422E-05 0.970564 9.98422E-05 9.98422E-05 0.027639
9.98859E-05 9.98859E-05 9.98859E-05 9.98859E-05 0.104965 9.98859E-05 0.117084 9.98859E-05 9.98859E-05 9.98859E-05 0.168691 9.98859E-05 0.0732786 0.0059437 9.98859E-05 9.98859E-05 0.432532 0.0962076 9.98859E-05 9.98859E-05
9.98772E-05 9.98772E-05 9.98772E-05 9.98772E-05 9.98772E-05 9.98772E-05 9.98772E-05 0.0323956 9.98772E-05 0.148514 0.150016 9.98772E-05 0.382625 9.98772E-05 0.00303455 0.282016 9.98772E-05 9.98772E-05 9.98772E-05 9.98772E-05
9.98683E-05 9.98683E-05 0.0460773 9.98683E-05 9.98683E-05 9.98683E-05 9.98683E-05 9.98683E-05 0.0396987 9.98683E-05 0.00189085 9.98683E-05 9.98683E-05 9.98683E-05 0.00641837 9.98683E-05 0.904417 9.98683E-05 9.98683E-05 9.98683E-05
9.98772E-05 0.00663963 9.98772E-05 9.98772E-05 9.98772E-05 9.98772E-05 9.98772E-05 9.98772E-05 9.98772E-05 9.98772E-05 0.0619416 9.98772E-05 9.98772E-05 0.014676 0.0415717 9.98772E-05 0.810237 0.0635354 9.98772E-05 9.98772E-05
9.98422E-05 9.98422E-05 9.98422E-05 9.98422E-05 9.98422E-05 9.98422E-05 9.98422E-05 9.98422E-05 9.98422E-05 9.98422E-05 9.98422E-05 9.98422E-05 9.98422E-05 9.98422E-05 9.98422E-05 0.198953 0.799249 9.98422E-05 9.98422E-05 9.98422E-05
9.98682E-05 9.98682E-05 9.98682E-05 9.98682E-05 9.98682E-05 9.98682E-05 0.0113823 9.98682E-05 9.98682E-05 9.98682E-05 0.135552 9.98682E-05 0.151957 9.98682E-05 9.98682E-05 9.98682E-05 0.678422 9.98682E-05 0.0211894 9.98682E-05
9.98599E-05 0.00867768 9.98599E-05 9.98599E-05 9.98599E-05 0.0970505 9.98599E-05 0.0971243 9.98599E-05 9.98599E-05 9.98599E-05 9.98599E-05 9.98599E-05 9.98599E-05 9.98599E-05 0.79555 9.98599E-05 9.98599E-05 9.98599E-05 9.98599E-05
9.99121E-05 9.99121E-05 0.0751626 9.99121E-05 0.0238264 9.99121E-05 0.0417626 9.99121E-05 9.99121E-05 9.99121E-05 0.16981 0.0403611 0.136451 0.105066 0.0442448 0.337118 9.99121E-05 0.0251977 9.99121E-05 9.99121E-05
9.98685E-05 9.98685E-05 9.98685E-05 9.98685E-05 9.98685E-05 9.98685E-05 9.98685E-05 9.98685E-05 9.98685E-05 0.0253235 9.98685E-05 9.98685E-05 0.14839 9.98685E-05 0.145572 9.98685E-05 0.658784 9.98685E-05 0.0204314 9.98685E-05
9.98422E-05 0.0497064 9.98422E-05 9.98422E-05 9.98422E-05 9.98422E-05 9.98422E-05 9.98422E-05 9.98422E-05 9.98422E-05 9.98422E-05 9.98422E-05 9.98422E-05 9.98422E-05 9.98422E-05 9.98422E-05 0.948496 9.98422E-05 9.98422E-05 9.98422E-05
9.98948E-05 0.00580112 9.98948E-05 9.98948E-05 9.98948E-05 0.0252634 9.98948E-05 9.98948E-05 0.00142475 0.0280145 0.0650183 0.0692766 9.98948E-05 9.98948E-05 9.98948E-05 0.660519 9.98948E-05 9.98948E-05 0.143483 9.98948E-05
9.98772E-05 9.98772E-05 9.98772E-05 9.98772E-05 0.083207 9.98772E-05 0.0269659 9.98772E-05 9.98772E-05 0.000531346 0.0885014 9.98772E-05 9.98772E-05 9.98772E-05 9.98772E-05 0.797004 0.00239173 9.98772E-05 9.98772E-05 9.98772E-05
9.98772E-05 9.98772E-05 9.98772E-05 9.98772E-05 9.98772E-05 9.98772E-05 9.98772E-05 0.016338 0.0455125 0.0262268 9.98772E-05 0.123632 9.98772E-05 9.98772E-05 9.98772E-05 9.98772E-05 0.774619 9.98772E-05 0.0122726 9.98772E-05
0.0397107 0.0847135 9.98684E-05 9.98684E-05 9.98684E-05 9.98684E-05 9.98684E-05 0.0597893 9.98684E-05 9.98684E-05 0.0117307 9.98684E-05 9.98684E-05 9.98684E-05 9.98684E-05 9.98684E-05 0.802558 9.98684E-05 9.98684E-05 9.98684E-05
9.98421E-05 9.98421E-05 9.98421E-05 9.98421E-05 9.98421E-05 9.98421E-05 9.98421E-05 9.98421E-05 9.98421E-05 9.98421E-05 9.98421E-05 9.98421E-05 9.98421E-05 9.98421E-05 0.0969979 0.901205 9.98421E-05 9.98421E-05 9.98421E-05 9.98421E-05
0.0189087 9.98685E-05 9.98685E-05 9.98685E-05 9.98685E-05 0.0799883 9.98685E-05 9.98685E-05 9.98685E-05 9.98685E-05 9.98685E-05 9.98685E-05 9.98685E-05 9.98685E-05 0.00314885 9.98685E-05 0.879358 0.0170977 9.98685E-05 9.98685E-05
0.016572 9.98771E-05 9.98771E-05 0.0474768 9.98771E-05 9.98771E-05 0.700548 9.98771E-05 9.98771E-05 9.98771E-05 0.141388 9.98771E-05 9.98771E-05 0.0785932 9.98771E-05 9.98771E-05 9.98771E-05 0.0140231 9.98771E-05 9.98771E-05
9.98335E-05 9.98335E-05 9.98335E-05 9.98335E-05 9.98335E-05 9.98335E-05 0.998103 9.98335E-05 9.98335E-05 9.98335E-05 9.98335E-05 9.98335E-05 9.98335E-05 9.98335E-05 9.98335E-05 9.98335E-05 9.98335E-05 9.98335E-05 9.98335E-05 9.98335E-05
9.98509E-05 0.0449566 9.98509E-05 9.98509E-05 9.98509E-05 0.0142357 0.93911 9.98509E-05 9.98509E-05 9.98509E-05 9.98509E-05 9.98509E-05 9.98509E-05 9.98509E-05 9.98509E-05 9.98509E-05 9.98509E-05 9.98509E-05 9.98509E-05 9.98509E-05
0.267767 9.98772E-05 9.98772E-05 0.236167 9.98772E-05 0.0832685 0.305923 9.98772E-05 9.98772E-05 9.98772E-05 0.00552044 9.98772E-05 9.98772E-05 9.98772E-05 9.98772E-05 9.98772E-05 9.98772E-05 0.0999562 9.98772E-05 9.98772E-05
9.98945E-05 0.0239919 9.98945E-05 9.98945E-05 9.98945E-05 0.0320102 0.702713 9.98945E-05 0.0623631 0.0205632 0.0280512 9.98945E-05 0.0635311 9.98945E-05 9.98945E-05 9.98945E-05 9.98945E-05 0.0655775 9.98945E-05 9.98945E-05
9.98681E-05 9.98681E-05 9.98681E-05 9.98681E-05 0.0234597 9.98681E-05 0.74705 9.98681E-05 9.98681E-05 9.98681E-05 0.151744 9.98681E-05 0.0596624 9.98681E-05 9.98681E-05 9.98681E-05 9.98681E-05 0.0165853 9.98681E-05 9.98681E-05
0.22436 9.98594E-05 9.98594E-05 9.98594E-05 9.98594E-05 9.98594E-05 0.55048 9.98594E-05 9.98594E-05 9.98594E-05 0.162592 9.98594E-05 9.98594E-05 0.0609704 9.98594E-05 9.98594E-05 9.98594E-05 9.98594E-05 9.98594E-05 9.98594E-05
0.079573 0.129407 9.98857E-05 0.0360505 9.98857E-05 0.00678939 0.604317 9.98857E-05 9.98857E-05 9.98857E-05 0.0656925 9.98857E-05 9.98857E-05 9.98857E-05 9.98857E-05 9.98857E-05 9.98857E-05 0.0768719 9.98857E-05 9.98857E-05
0.0121346 9.9842E-05 9.9842E-05 9.9842E-05 9.9842E-05 9.9842E-05 0.986068 9.9842E-05 9.9842E-05 9.9842E-05 9.9842E-05 9.9842E-05 9.9842E-05 9.9842E-05 9.9842E-05 9.9842E-05 9.9842E-05 9.9842E-05 9.9842E-05 9.9842E-05
9.98507E-05 9.98507E-05 9.98507E-05 9.98507E-05 9.98507E-05 9.98507E-05 0.907683 9.98507E-05 9.98507E-05 9.98507E-05 9.98507E-05 9.98507E-05 9.98507E-05 0.0532727 0.0373468 9.98507E-05 9.98507E-05 9.98507E-05 9.98507E-05 9.98507E-05
9.98681E-05 9.98681E-05 9.98681E-05 9.98681E-05 9.98681E-05 9.98681E-05 0.618985 0.0014531 9.98681E-05 9.98681E-05 0.210234 9.98681E-05 9.98681E-05 0.155122 9.98681E-05 9.98681E-05 9.98681E-05 0.0127078 9.98681E-05 9.98681E-05
9.98858E-05 9.98858E-05 9.98858E-05 9.98858E-05 9.98858E-05 9.98858E-05 0.494267 9.98858E-05 9.98858E-05 0.0869842 0.0109796 9.98858E-05 0.151306 0.105376 0.135064 9.98858E-05 9.98858E-05 9.98858E-05 0.0147249 9.98858E-05
9.98682E-05 9.98682E-05 0.122929 9.98682E-05 9.98682E-05 9.98682E-05 0.655724 9.98682E-05 9.98682E-05 9.98682E-05 9.98682E-05 0.043085 9.98682E-05 0.0731487 9.98682E-05 9.98682E-05 9.98682E-05 0.103615 9.98682E-05 9.98682E-05
0.0768258 9.98945E-05 0.00948786 9.98945E-05 9.98945E-05 0.00369878 0.612287 0.039029 9.98945E-05 9.98945E-05 0.149826 9.98945E-05 0.0978594 9.98945E-05 9.98945E-05 9.98945E-05 9.98945E-05 9.98945E-05 0.00978762 9.98945E-05
9.98686E-05 9.98686E-05 9.98686E-05 0.0055313 9.98686E-05 9.98686E-05 0.968348 9.98686E-05 9.98686E-05 0.0016864 9.98686E-05 9.98686E-05 9.98686E-05 0.00882227 9.98686E-05 9.98686E-05 9.98686E-05 9.98686E-05 0.0141138 9.98686E-05
9.9851E-05 9.9851E-05 0.0100042 9.9851E-05 9.9851E-05 9.9851E-05 0.978809 9.9851E-05 9.9851E-05 9.9851E-05 9.9851E-05 9.9851E-05 9.9851E-05 0.00948914 9.9851E-05 9.9851E-05 9.9851E-05 9.9851E-05 9.9851E-05 9.9851E-05
9.98681E-05 0.0265884 9.98681E-05 9.98681E-05 9.98681E-05 0.0731838 0.798492 0.0894014 9.98681E-05 9.98681E-05 9.98681E-05 0.0108365 9.98681E-05 9.98681E-05 9.98681E-05 9.98681E-05 9.98681E-05 9.98681E-05 9.98681E-05 9.98681E-05
9.98683E-05 9.98683E-05 9.98683E-05 9.98683E-05 9.98683E-05 9.98683E-05 0.631995 0.0572384 9.98683E-05 9.98683E-05 9.98683E-05 9.98683E-05 0.100685 0.176298 9.98683E-05 9.98683E-05 9.98683E-05 0.0322855 9.98683E-05 9.98683E-05
9.98684E-05 0.0680679 9.98684E-05 9.98684E-05 9.98684E-05 9.98684E-05 0.665905 0.0806243 9.98684E-05 9.98684E-05 9.98684E-05 9.98684E-05 9.98684E-05 0.0502383 0.133667 9.98684E-05 9.98684E-05 9.98684E-05 9.98684E-05 9.98684E-05
9.9877E-05 9.9877E-05 9.9877E-05 9.9877E-05 0.016698 0.00467676 0.729879 9.9877E-05 0.0301286 9.9877E-05 0.174946 9.9877E-05 9.9877E-05 9.9877E-05 9.9877E-05 9.9877E-05 9.9877E-05 9.9877E-05 0.0422728 9.9877E-05
9.98512E-05 9.98512E-05 9.98512E-05 9.98512E-05 9.98512E-05 0.0243717 0.898095 9.98512E-05 9.98512E-05 9.98512E-05 9.98512E-05 9.98512E-05 9.98512E-05 9.98512E-05 9.98512E-05 9.98512E-05 9.98512E-05 9.98512E-05 9.98512E-05 0.0758359
9.98594E-05 0.0163104 9.98594E-05 9.98594E-05 9.98594E-05 9.98594E-05 0.739368 9.98594E-05 9.98594E-05 9.98594E-05 0.0261051 9.98594E-05 0.216619 9.98594E-05 9.98594E-05 9.98594E-05 9.98594E-05 9.98594E-05 9.98594E-05 9.98594E-05
0.00855259 9.98685E-05 9.98685E-05 0.217631 9.98685E-05 9.98685E-05 0.719978 9.98685E-05 9.98685E-05 9.98685E-05 9.98685E-05 0.0433731 0.00896775 9.98685E-05 9.98685E-05 9.98685E-05 9.98685E-05 9.98685E-05 9.98685E-05 9.98685E-05
9.9877E-05 0.10802 9.9877E-05 9.9877E-05 9.9877E-05 9.9877E-05 0.735273 0.0711641 9.9877E-05 9.9877E-05 0.0151666 9.9877E-05 9.9877E-05 0.0242712 9.9877E-05 9.9877E-05 9.9877E-05 0.0447064 9.9877E-05 9.9877E-05
9.98418E-05 9.98418E-05 9.98418E-05 9.98418E-05 9.98418E-05 9.98418E-05 0.81761 9.98418E-05 9.98418E-05 9.98418E-05 9.98418E-05 9.98418E-05 9.98418E-05 0.180592 9.98418E-05 9.98418E-05 9.98418E-05 9.98418E-05 9.98418E-05 9.98418E-05
9.98511E-05 9.98511E-05 9.98511E-05 9.98511E-05 9.98511E-05 9.98511E-05 0.919564 9.98511E-05 9.98511E-05 9.98511E-05 9.98511E-05 9.98511E-05 9.98511E-05 9.98511E-05 9.98511E-05 0.0445298 9.98511E-05 0.034209 9.98511E-05 9.98511E-05
9.98422E-05 9.98422E-05 9.98422E-05 9.98422E-05 9.98422E-05 9.98422E-05 0.997729 9.98422E-05 9.98422E-05 9.98422E-05 9.98422E-05 9.98422E-05 9.98422E-05 9.98422E-05 9.98422E-05 0.000473608 9.98422E-05 9.98422E-05 9.98422E-05 9.98422E-05
9.98423E-05 9.98423E-05 9.98423E-05 9.98423E-05 9.98423E-05 9.98423E-05 0.997947 9.98423E-05 9.98423E-05 9.98423E-05 0.000255954 9.98423E-05 9.98423E-05 9.98423E-05 9.98423E-05 9.98423E-05 9.98423E-05 9.98423E-05 9.98423E-05 9.98423E-05
9.98509E-05 0.111597 9.98509E-05 9.98509E-05 9.98509E-05 9.98509E-05 0.884749 9.98509E-05 9.98509E-05 9.98509E-05 9.98509E-05 9.98509E-05 9.98509E-05 9.98509E-05 9.98509E-05 9.98509E-05 9.98509E-05 0.00195602 9.98509E-05 9.98509E-05
9.98686E-05 9.98686E-05 9.98686E-05 9.98686E-05 9.98686E-05 9.98686E-05 0.618285 9.98686E-05 9.98686E-05 9.98686E-05 0.0420934 9.98686E-05 9.98686E-05 9.98686E-05 9.98686E-05 9.98686E-05 9.98686E-05 0.162448 0.0513085 0.124367
9.98508E-05 9.98508E-05 9.98508E-05 9.98508E-05 9.98508E-05 9.98508E-05 9.98508E-05 9.98508E-05 9.98508E-05 9.98508E-05 0.148443 0.822589 9.98508E-05 9.98508E-05 9.98508E-05 9.98508E-05 9.98508E-05 0.0272706 9.98508E-05 9.98508E-05
9.98685E-05 9.98685E-05 9.98685E-05 0.467507 9.98685E-05 9.98685E-05 9.98685E-05 9.98685E-05 9.98685E-05 9.98685E-05 0.00200791 0.130896 9.98685E-05 9.98685E-05 9.98685E-05 9.98685E-05 9.98685E-05 0.00592841 9.98685E-05 0.392162
9.98594E-05 0.00430368 9.98594E-05 0.758304 9.98594E-05 9.98594E-05 9.98594E-05 9.98594E-05 9.98594E-05 0.0588544 9.98594E-05 0.176941 9.98594E-05 9.98594E-05 9.98594E-05 9.98594E-05 9.98594E-05 9.98594E-05 9.98594E-05 9.98594E-05
9.98681E-05 9.98681E-05 9.98681E-05 0.385217 9.98681E-05 9.98681E-05 9.98681E-05 9.98681E-05 9.98681E-05 9.98681E-05 0.129182 0.463154 9.98681E-05 0.00468893 9.98681E-05 9.98681E-05 9.98681E-05 0.0162607 9.98681E-05 9.98681E-05
9.9877E-05 9.9877E-05 9.9877E-05 0.00948512 0.0115221 9.9877E-05 9.9877E-05 9.9877E-05 9.9877E-05 0.101646 0.0457575 0.81939 9.9877E-05 9.9877E-05 9.9877E-05 9.9877E-05 9.9877E-05 0.0108004 9.9877E-05 9.9877E-05
9.98683E-05 9.98683E-05 9.98683E-05 9.98683E-05 9.98683E-05 9.98683E-05 9.98683E-05 9.98683E-05 9.98683E-05 9.98683E-05 0.151903 0.520894 9.98683E-05 9.98683E-05 0.147468 9.98683E-05 9.98683E-05 0.143988 9.98683E-05 0.0342488
9.9877E-05 0.0210416 9.9877E-05 0.938879 9.9877E-05 9.9877E-05 9.9877E-05 9.9877E-05 9.9877E-05 0.00287795 0.00953976 9.9877E-05 9.9877E-05 0.00357314 9.9877E-05 9.9877E-05 9.9877E-05 0.0226907 9.9877E-05 9.9877E-05
9.98506E-05 9.98506E-05 9.98506E-05 0.649886 9.98506E-05 9.98506E-05 9.98506E-05 9.98506E-05 9.98506E-05 9.98506E-05 9.98506E-05 0.121459 9.98506E-05 9.98506E-05 9.98506E-05 9.98506E-05 9.98506E-05 0.226957 9.98506E-05 9.98506E-05
0.170104 9.98682E-05 9.98682E-05 0.52051 9.98682E-05 0.00225046 9.98682E-05 9.98682E-05 9.98682E-05 9.98682E-05 9.98682E-05 9.98682E-05 9.98682E-05 9.98682E-05 0.028453 9.98682E-05 9.98682E-05 0.277184 9.98682E-05 9.98682E-05
9.98683E-05 9.98683E-05 9.98683E-05 0.569971 9.98683E-05 9.98683E-05 9.98683E-05 9.98683E-05 9.98683E-05 9.98683E-05 0.232766 0.00738086 9.98683E-05 9.98683E-05 0.00191162 9.98683E-05 9.98683E-05 0.186473 9.98683E-05 9.98683E-05
0.198984 9.98772E-05 9.98772E-05 0.225576 9.98772E-05 9.98772E-05 9.98772E-05 9.98772E-05 9.98772E-05 9.98772E-05 9.98772E-05 0.36568 9.98772E-05 0.018289 9.98772E-05 9.98772E-05 9.98772E-05 0.000906802 9.98772E-05 0.189166
0.100121 9.98772E-05 9.98772E-05 0.175953 9.98772E-05 9.98772E-05 9.98772E-05 9.98772E-05 9.98772E-05 9.98772E-05 9.98772E-05 0.508412 9.98772E-05 0.0526074 9.98772E-05 0.102941 9.98772E-05 9.98772E-05 9.98772E-05 0.0585666
9.98597E-05 0.00104569 9.98597E-05 0.873748 9.98597E-05 9.98597E-05 9.98597E-05 9.98597E-05 9.98597E-05 0.0260876 9.98597E-05 9.98597E-05 9.98597E-05 9.98597E-05 9.98597E-05 9.98597E-05 9.98597E-05 0.097521 9.98597E-05 9.98597E-05
9.98685E-05 9.98685E-05 9.98685E-05 0.153886 0.0190406 9.98685E-05 9.98685E-05 9.98685E-05 9.98685E-05 9.98685E-05 0.174614 0.446116 9.98685E-05 9.98685E-05 9.98685E-05 9.98685E-05 9.98685E-05 0.204846 9.98685E-05 9.98685E-05
9.98597E-05 0.119663 9.98597E-05 0.509917 9.98597E-05 9.98597E-05 9.98597E-05 9.98597E-05 9.98597E-05 9.98597E-05 9.98597E-05 0.294795 9.98597E-05 9.98597E-05 9.98597E-05 9.98597E-05 9.98597E-05 0.0740277 9.98597E-05 9.98597E-05
0.0779482 9.98948E-05 9.98948E-05 0.0666653 9.98948E-05 0.015276 9.98948E-05 9.98948E-05 9.98948E-05 9.98948E-05 0.141039 0.626913 9.98948E-05 0.0613726 0.0069742 9.98948E-05 9.98948E-05 9.98948E-05 9.98948E-05 0.00261317
0.257258 9.98684E-05 9.98684E-05 0.220255 9.98684E-05 9.98684E-05 9.98684E-05 9.98684E-05 0.0267824 9.98684E-05 0.111851 0.382355 9.98684E-05 9.98684E-05 9.98684E-05 9.98684E-05 9.98684E-05 9.98684E-05 9.98684E-05 9.98684E-05
9.98861E-05 9.98861E-05 9.98861E-05 0.139123 9.98861E-05 9.98861E-05 9.98861E-05 9.98861E-05 9.98861E-05 0.117801 9.98861E-05 0.526925 0.0867337 9.98861E-05 9.98861E-05 9.98861E-05 0.000341218 0.10845 9.98861E-05 0.0193282
9.98508E-05 9.98508E-05 9.98508E-05 9.98508E-05 9.98508E-05 9.98508E-05 9.98508E-05 9.98508E-05 9.98508E-05 9.98508E-05 9.98508E-05 0.916709 9.98508E-05 0.0265798 9.98508E-05 9.98508E-05 9.98508E-05 9.98508E-05 9.98508E-05 0.0550133
9.98947E-05 9.98947E-05 9.98947E-05 0.023458 9.98947E-05 9.98947E-05 0.0190677 9.98947E-05 9.98947E-05 9.98947E-05 0.162596 0.412251 9.98947E-05 0.0184814 9.98947E-05 9.98947E-05 9.98947E-05 0.126661 0.0265999 0.209687
0.105525 9.98685E-05 9.98685E-05 9.98685E-05 9.98685E-05 9.98685E-05 9.98685E-05 9.98685E-05 9.98685E-05 0.13643 0.124236 0.60803 9.98685E-05 9.98685E-05 9.98685E-05 9.98685E-05 9.98685E-05 9.98685E-05 9.98685E-05 0.0242816
9.98683E-05 0.00819299 9.98683E-05 9.98683E-05 9.98683E-05 9.98683E-05 9.98683E-05 9.98683E-05 9.98683E-05 9.98683E-05 0.0230315 0.914003 9.98683E-05 0.00833896 9.98683E-05 9.98683E-05 9.98683E-05 0.0449358 9.98683E-05 9.98683E-05
0.0353104 9.98683E-05 9.98683E-05 9.98683E-05 9.98683E-05 9.98683E-05 9.98683E-05 9.98683E-05 0.0210599 9.98683E-05 0.219777 0.527049 9.98683E-05 9.98683E-05 9.98683E-05 9.98683E-05 9.98683E-05 0.195306 9.98683E-05 9.98683E-05
9.98684E-05 9.98684E-05 9.98684E-05 0.32587 9.98684E-05 9.98684E-05 9.98684E-05 9.98684E-05 9.98684E-05 0.0338284 9.98684E-05 0.391296 9.98684E-05 9.98684E-05 9.98684E-05 9.98684E-05 9.98684E-05 0.16963 9.98684E-05 0.0778777
0.00807464 9.98771E-05 0.0603072 9.98771E-05 9.98771E-05 9.98771E-05 9.98771E-05 9.98771E-05 0.0846483 9.98771E-05 0.17692 0.480599 9.98771E-05 9.98771E-05 9.98771E-05 9.98771E-05 9.98771E-05 0.188053 9.98771E-05 9.98771E-05
0.0612119 0.0598342 9.98948E-05 0.606793 9.98948E-05 9.98948E-05 0.00496709 9.98948E-05 9.98948E-05 9.98948E-05 0.0727632 9.98948E-05 9.98948E-05 9.98948E-05 9.98948E-05 9.98948E-05 9.98948E-05 0.077637 0.0210296 0.0945656
9.98596E-05 9.98596E-05 9.98596E-05 9.98596E-05 0.100019 9.98596E-05 9.98596E-05 9.98596E-05 9.98596E-05 0.0521848 9.98596E-05 0.339685 9.98596E-05 9.98596E-05 9.98596E-05 9.98596E-05 9.98596E-05 9.98596E-05 9.98596E-05 0.506513
9.98857E-05 9.98857E-05 0.0333366 0.384496 9.98857E-05 9.98857E-05 9.98857E-05 0.0383582 9.98857E-05 9.98857E-05 0.0680836 0.41915 9.98857E-05 9.98857E-05 9.98857E-05 9.98857E-05 9.98857E-05 0.052879 0.00239771 9.98857E-05
9.98772E-05 9.98772E-05 9.98772E-05 0.379072 9.98772E-05 9.98772E-05 9.98772E-05 9.98772E-05 0.0198782 9.98772E-05 0.217939 0.271766 0.00109082 9.98772E-05 9.98772E-05 9.98772E-05 9.98772E-05 0.108856 9.98772E-05 9.98772E-05
9.98685E-05 9.98685E-05 9.98685E-05 0.180818 9.98685E-05 9.98685E-05 9.98685E-05 9.98685E-05 9.98685E-05 0.108667 0.10259 0.569077 9.98685E-05 9.98685E-05 9.98685E-05 9.98685E-05 9.98685E-05 9.98685E-05 9.98685E-05 0.0373498
9.98595E-05 9.98595E-05 9.98595E-05 0.647887 9.98595E-05 9.98595E-05 9.98595E-05 9.98595E-05 9.98595E-05 9.98595E-05 0.182805 0.122723 9.98595E-05 9.98595E-05 9.98595E-05 9.98595E-05 9.98595E-05 9.98595E-05 0.0449873 9.98595E-05
9.98595E-05 9.98595E-05 9.98595E-05 0.81693 9.98595E-05 9.98595E-05 9.98595E-05 9.98595E-05 0.0211754 9.98595E-05 9.98595E-05 0.130631 9.98595E-05 9.98595E-05 9.98595E-05 9.98595E-05 9.98595E-05 9.98595E-05 0.0296661 9.98595E-05
9.98683E-05 9.98683E-05 9.98683E-05 9.98683E-05 9.98683E-05 9.98683E-05 9.98683E-05 9.98683E-05 0.0900487 0.132443 0.149786 0.350228 9.98683E-05 9.98683E-05 9.98683E-05 9.98683E-05 9.98683E-05 0.275995 9.98683E-05 9.98683E-05
9.98594E-05 9.98594E-05 9.98594E-05 0.749552 9.98594E-05 9.98594E-05 9.98594E-05 9.98594E-05 9.98594E-05 9.98594E-05 0.0190026 0.129223 0.100625 9.98594E-05 9.98594E-05 9.98594E-05 9.98594E-05 9.98594E-05 9.98594E-05 9.98594E-05
9.98508E-05 9.98508E-05 9.98508E-05 0.825748 9.98508E-05 9.98508E-05 9.98508E-05 9.98508E-05 9.98508E-05 9.98508E-05 0.0268918 0.145663 9.98508E-05 9.98508E-05 9.98508E-05 9.98508E-05 9.98508E-05 9.98508E-05 9.98508E-05 9.98508E-05
9.98684E-05 9.98684E-05 9.98684E-05 0.296325 9.98684E-05 9.98684E-05 9.98684E-05 9.98684E-05 9.98684E-05 9.98684E-05 9.98684E-05 0.481642 9.98684E-05 9.98684E-05 0.0901369 9.98684E-05 9.98684E-05 0.034191 9.98684E-05 0.0962076
9.98682E-05 0.075866 9.98682E-05 0.371356 9.98682E-05 9.98682E-05 9.98682E-05 9.98682E-05 9.98682E-05 9.98682E-05 0.206027 0.30091 9.98682E-05 9.98682E-05 9.98682E-05 9.98682E-05 9.98682E-05 0.0443431 9.98682E-05 9.98682E-05
9.9877E-05 9.9877E-05 0.0558872 9.9877E-05 9.9877E-05 9.9877E-05 9.9877E-05 9.9877E-05 9.9877E-05 0.00508969 9.9877E-05 0.316264 9.9877E-05 0.0112953 9.9877E-05 9.9877E-05 9.9877E-05 0.046758 9.9877E-05 0.563308
9.98598E-05 9.98598E-05 9.98598E-05 0.0467417 9.98598E-05 9.98598E-05 9.98598E-05 9.98598E-05 9.98598E-05 9.98598E-05 0.151224 0.585252 9.98598E-05 9.98598E-05 9.98598E-05 9.98598E-05 9.98598E-05 9.98598E-05 9.98598E-05 0.215186
9.98686E-05 9.98686E-05 0.01994 0.601985 9.98686E-05 9.98686E-05 9.98686E-05 9.98686E-05 9.98686E-05 0.0505183 9.98686E-05 0.134724 9.98686E-05 9.98686E-05 9.98686E-05 9.98686E-05 9.98686E-05 9.98686E-05 9.98686E-05 0.191335
9.98773E-05 9.98773E-05 9.98773E-05 0.289318 9.98773E-05 9.98773E-05 9.98773E-05 9.98773E-05 0.0455047 9.98773E-05 9.98773E-05 0.258572 9.98773E-05 0.00202213 9.98773E-05 9.98773E-05 9.98773E-05 0.0183898 9.98773E-05 0.384795
0.0846444 9.98859E-05 9.98859E-05 0.0330682 9.98859E-05 9.98859E-05 9.98859E-05 0.0273506 9.98859E-05 9.98859E-05 0.347526 0.402219 9.98859E-05 0.0405349 9.98859E-05 9.98859E-05 9.98859E-05 0.0633585 9.98859E-05 9.98859E-05
9.98597E-05 9.98597E-05 9.98597E-05 0.0568493 9.98597E-05 9.98597E-05 9.98597E-05 9.98597E-05 9.98597E-05 9.98597E-05 9.98597E-05 0.758097 0.0597287 9.98597E-05 9.98597E-05 9.98597E-05 9.98597E-05 0.123728 9.98597E-05 9.98597E-05
9.98683E-05 9.98683E-05 9.98683E-05 9.98683E-05 9.98683E-05 9.98683E-05 9.98683E-05 9.98683E-05 0.0410436 9.98683E-05 0.0705173 0.182789 9.98683E-05 9.98683E-05 9.98683E-05 9.98683E-05 9.98683E-05 0.117836 9.98683E-05 0.586316
9.98421E-05 9.98421E-05 9.98421E-05 0.711615 9.98421E-05 9.98421E-05 9.98421E-05 9.98421E-05 9.98421E-05 9.98421E-05 9.98421E-05 9.98421E-05 9.98421E-05 9.98421E-05 9.98421E-05 9.98421E-05 9.98421E-05 9.98421E-05 9.98421E-05 0.286588
0.138671 9.9877E-05 9.9877E-05 0.383926 9.9877E-05 9.9877E-05 9.9877E-05 9.9877E-05 0.121685 0.0236592 9.9877E-05 0.174988 9.9877E-05 9.9877E-05 9.9877E-05 9.9877E-05 9.9877E-05 0.155673 9.9877E-05 9.9877E-05
9.98771E-05 0.0890274 9.98771E-05 0.640842 9.98771E-05 9.98771E-05 0.154199 9.98771E-05 9.98771E-05 9.98771E-05 0.032211 9.98771E-05 9.98771E-05 0.00244585 9.98771E-05 9.98771E-05 9.98771E-05 0.0798759 9.98771E-05 9.98771E-05
0.113823 9.9886E-05 9.9886E-05 0.230024 0.120503 9.9886E-05 9.9886E-05 9.9886E-05 9.9886E-05 9.9886E-05 9.9886E-05 0.320698 0.0738171 9.9886E-05 9.9886E-05 9.9886E-05 9.9886E-05 0.0960787 0.0437578 9.9886E-05
9.98772E-05 9.98772E-05 9.98772E-05 9.98772E-05 9.98772E-05 9.98772E-05 0.0143968 9.98772E-05 9.98772E-05 9.98772E-05 0.174953 0.510138 0.0343763 0.0267287 9.98772E-05 9.98772E-05 9.98772E-05 0.23801 9.98772E-05 9.98772E-05
9.98508E-05 9.98508E-05 9.98508E-05 0.48654 9.98508E-05 9.98508E-05 9.98508E-05 9.98508E-05 9.98508E-05 9.98508E-05 9.98508E-05 0.0885117 9.98508E-05 9.98508E-05 9.98508E-05 9.98508E-05 9.98508E-05 9.98508E-05 9.98508E-05 0.423251
9.98683E-05 9.98683E-05 9.98683E-05 0.320465 9.98683E-05 9.98683E-05 9.98683E-05 9.98683E-05 9.98683E-05 9.98683E-05 0.0754419 0.39553 0.0151037 9.98683E-05 0.191962 9.98683E-05 9.98683E-05 9.98683E-05 9.98683E-05 9.98683E-05
9.98772E-05 9.98772E-05 9.98772E-05 0.0228624 9.98772E-05 9.98772E-05 9.98772E-05 9.98772E-05 9.98772E-05 0.0273195 0.0122731 0.230871 9.98772E-05 9.98772E-05 9.98772E-05 9.98772E-05 9.98772E-05 0.152078 9.98772E-05 0.553197
9.98597E-05 9.98597E-05 9.98597E-05 9.98597E-05 9.98597E-05 9.98597E-05 9.98597E-05 9.98597E-05 9.98597E-05 9.98597E-05 0.0992543 0.650372 9.98597E-05 9.98597E-05 9.98597E-05 9.98597E-05 9.98597E-05 0.0730792 9.98597E-05 0.175697
9.98596E-05 9.98596E-05 9.98596E-05 0.0533227 9.98596E-05 9.98596E-05 9.98596E-05 9.98596E-05 9.98596E-05 9.98596E-05 9.98596E-05 0.870388 9.98596E-05 9.98596E-05 9.98596E-05 9.98596E-05 9.98596E-05 0.0326451 0.042046 9.98596E-05
9.98506E-05 9.98506E-05 9.98506E-05 0.621283 9.98506E-05 9.98506E-05 9.98506E-05 9.98506E-05 9.98506E-05 9.98506E-05 9.98506E-05 0.302767 9.98506E-05 9.98506E-05 0.0742523 9.98506E-05 9.98506E-05 9.98506E-05 9.98506E-05 9.98506E-05
0.168817 9.98771E-05 9.98771E-05 0.112322 9.98771E-05 9.98771E-05 0.00987502 9.98771E-05 9.98771E-05 9.98771E-05 0.161292 0.265916 9.98771E-05 9.98771E-05 9.98771E-05 9.98771E-05 9.98771E-05 0.280379 9.98771E-05 9.98771E-05
9.98595E-05 9.98595E-05 9.98595E-05 0.415288 9.98595E-05 9.98595E-05 9.98595E-05 9.98595E-05 9.98595E-05 9.98595E-05 0.105554 0.341714 9.98595E-05 9.98595E-05 9.98595E-05 9.98595E-05 9.98595E-05 0.135846 9.98595E-05 9.98595E-05
9.98507E-05 9.98507E-05 9.98507E-05 0.559049 9.98507E-05 9.98507E-05 9.98507E-05 9.98507E-05 9.98507E-05 9.98507E-05 9.98507E-05 0.395121 9.98507E-05 9.98507E-05 9.98507E-05 9.98507E-05 9.98507E-05 0.0441323 9.98507E-05 9.98507E-05
9.98597E-05 9.98597E-05 9.98597E-05 0.0304489 9.98597E-05 9.98597E-05 9.98597E-05 9.98597E-05 0.0797803 9.98597E-05 0.0883106 0.799862 9.98597E-05 9.98597E-05 9.98597E-05 9.98597E-05 9.98597E-05 9.98597E-05 9.98597E-05 9.98597E-05
0.0283463 9.98684E-05 9.98684E-05 0.471733 9.98684E-05 9.98684E-05 9.98684E-05 9.98684E-05 9.98684E-05 9.98684E-05 9.98684E-05 0.292205 9.98684E-05 9.98684E-05 9.98684E-05 9.98684E-05 9.98684E-05 0.128263 9.98684E-05 0.0779538
9.98329E-05 9.98329E-05 9.98329E-05 9.98329E-05 9.98329E-05 9.98329E-05 9.98329E-05 9.98329E-05 9.98329E-05 9.98329E-05 0.998103 9.98329E-05 9.98329E-05 9.98329E-05 9.98329E-05 9.98329E-05 9.98329E-05 9.98329E-05 9.98329E-05 9.98329E-05
9.9833E-05 9.9833E-05 9.9833E-05 9.9833E-05 9.9833E-05 9.9833E-05 9.9833E-05 9.9833E-05 9.9833E-05 9.9833E-05 9.9833E-05 9.9833E-05 9.9833E-05 9.9833E-05 9.9833E-05 9.9833E-05 9.9833E-05 0.998103 9.9833E-05 9.9833E-05
9.98329E-05 9.98329E-05 9.98329E-05 9.98329E-05 9.98329E-05 9.98329E-05 9.98329E-05 9.98329E-05 9.98329E-05 9.98329E-05 0.998103 9.98329E-05 9.98329E-05 9.98329E-05 9.98329E-05 9.98329E-05 9.98329E-05 9.98329E-05 9.98329E-05 9.98329E-05
9.98329E-05 9.98329E-05 9.98329E-05 9.98329E-05 9.98329E-05 9.98329E-05 9.98329E-05 9.98329E-05 9.98329E-05 9.98329E-05 9.98329E-05 9.98329E-05 9.98329E-05 9.98329E-05 9.98329E-05 9.98329E-05 9.98329E-05 0.998103 9.98329E-05 9.98329E-05
9.98329E-05 9.98329E-05 9.98329E-05 9.98329E-05 9.98329E-05 9.98329E-05 9.98329E-05 9.98329E-05 9.98329E-05 9.98329E-05 9.98329E-05 9.98329E-05 9.98329E-05 9.98329E-05 9.98329E-05 9.98329E-05 9.98329E-05 0.998103 9.98329E-05 9.98329E-05
9.9833E-05 9.9833E-05 9.9833E-05 9.9833E-05 9.9833E-05 9.9833E-05 9.9833E-05 9.9833E-05 9.9833E-05 9.9833E-05 9.9833E-05 9.9833E-05 9.9833E-05 9.9833E-05 9.9833E-05 9.9833E-05 9.9833E-05 0.998103 9.9833E-05 9.9833E-05
9.98329E-05 9.98329E-05 9.98329E-05 9.98329E-05 9.98329E-05 9.98329E-05 9.98329E-05 9.98329E-05 9.98329E-05 9.98329E-05 0.998103 9.98329E-05 9.98329E-05 9.98329E-05 9.98329E-05 9.98329E-05 9.98329E-05 9.98329E-05 9.98329E-05 9.98329E-05
9.98329E-05 9.98329E-05 9.98329E-05 9.98329E-05 9.98329E-05 9.98329E-05 9.98329E-05 9.98329E-05 9.98329E-05 9.98329E-05 9.98329E-05 9.98329E-05 9.98329E-05 9.98329E-05 9.98329E-05 9.98329E-05 9.98329E-05 0.998103 9.98329E-05 9.98329E-05
9.9833E-05 9.9833E-05 9.9833E-05 9.9833E-05 9.9833E-05 9.9833E-05 9.9833E-05 9.9833E-05 9.9833E-05 9.9833E-05 9.9833E-05 9.9833E-05 9.9833E-05 9.9833E-05 9.9833E-05 9.9833E-05 9.9833E-05 0.998103 9.9833E-05 9.9833E-05
9.9833E-05 9.9833E-05 9.9833E-05 9.9833E-05 9.9833E-05 9.9833E-05 9.9833E-05 9.9833E-05 9.9833E-05 9.9833E-05 0.998103 9.9833E-05 9.9833E-05 9.9833E-05 9.9833E-05 9.9833E-05 9.9833E-05 9.9833E-05 9.9833E-05 9.9833E-05
9.98331E-05 9.98331E-05 9.98331E-05 9.98331E-05 9.98331E-05 9.98331E-05 9.98331E-05 9.98331E-05 9.98331E-05 9.98331E-05 0.998103 9.98331E-05 9.98331E-05 9.98331E-05 9.98331E-05 9.98331E-05 9.98331E-05 9.98331E-05 9.98331E-05 9.98331E-05
9.98329E-05 9.98329E-05 9.98329E-05 9.98329E-05 9.98329E-05 9.98329E-05 9.98329E-05 9.98329E-05 9.98329E-05 9.98329E-05 0.998103 9.98329E-05 9.98329E-05 9.98329E-05 9.98329E-05 9.98329E-05 9.98329E-05 9.98329E-05 9.98329E-05 9.98329E-05
9.98331E-05 9.98331E-05 9.98331E-05 9.98331E-05 9.98331E-05 9.98331E-05 9.98331E-05 9.98331E-05 9.98331E-05 9.98331E-05 9.98331E-05 9.98331E-05 9.98331E-05 9.98331E-05 9.98331E-05 9.98331E-05 9.98331E-05 0.998103 9.98331E-05 9.98331E-05
9.9833E-05 9.9833E-05 9.9833E-05 9.9833E-05 9.9833E-05 9.9833E-05 9.9833E-05 9.9833E-05 9.9833E-05 9.9833E-05 9.9833E-05 9.9833E-05 9.9833E-05 9.9833E-05 9.9833E-05 9.9833E-05 9.9833E-05 0.998103 9.9833E-05 9.9833E-05
9.9833E-05 9.9833E-05 9.9833E-05 9.9833E-05 9.9833E-05 9.9833E-05 9.9833E-05 9.9833E-05 9.9833E-05 9.9833E-05 0.998103 9.9833E-05 9.9833E-05 9.9833E-05 9.9833E-05 9.9833E-05 9.9833E-05 9.9833E-05 9.9833E-05 9.9833E-05
9.98329E-05 9.98329E-05 9.98329E-05 9.98329E-05 9.98329E-05 9.98329E-05 9.98329E-05 9.98329E-05 9.98329E-05 9.98329E-05 0.998103 9.98329E-05 9.98329E-05 9.98329E-05 9.98329E-05 9.98329E-05 9.98329E-05 9.98329E-05 9.98329E-05 9.98329E-05
9.98682E-05 9.98682E-05 9.98682E-05 9.98682E-05 9.98682E-05 0.0881906 9.98682E-05 0.109379 9.98682E-05 9.98682E-05 0.130651 0.592884 9.98682E-05 9.98682E-05 9.98682E-05 9.98682E-05 9.98682E-05 0.0773971 9.98682E-05 9.98682E-05
9.9833E-05 9.9833E-05 9.9833E-05 9.9833E-05 9.9833E-05 9.9833E-05 9.9833E-05 9.9833E-05 9.9833E-05 9.9833E-05 0.998103 9.9833E-05 9.9833E-05 9.9833E-05 9.9833E-05 9.9833E-05 9.9833E-05 9.9833E-05 9.9833E-05 9.9833E-05
9.98329E-05 9.98329E-05 9.98329E-05 9.98329E-05 9.98329E-05 9.98329E-05 9.98329E-05 9.98329E-05 9.98329E-05 9.98329E-05 9.98329E-05 9.98329E-05 9.98329E-05 9.98329E-05 9.98329E-05 9.98329E-05 9.98329E-05 0.998103 9.98329E-05 9.98329E-05
9.98329E-05 9.98329E-05 9.98329E-05 9.98329E-05 9.98329E-05 9.98329E-05 9.98329E-05 9.98329E-05 9.98329E-05 9.98329E-05 0.998103 9.98329E-05 9.98329E-05 9.98329E-05 9.98329E-05 9.98329E-05 9.98329E-05 9.98329E-05 9.98329E-05 9.98329E-05
9.9833E-05 9.9833E-05 9.9833E-05 9.9833E-05 9.9833E-05 9.9833E-05 9.9833E-05 9.9833E-05 9.9833E-05 9.9833E-05 0.998103 9.9833E-05 9.9833E-05 9.9833E-05 9.9833E-05 9.9833E-05 9.9833E-05 9.9833E-05 9.9833E-05 9.9833E-05
9.9833E-05 9.9833E-05 9.9833E-05 9.9833E-05 9.9833E-05 9.9833E-05 9.9833E-05 9.9833E-05 9.9833E-05 9.9833E-05 0.998103 9.9833E-05 9.9833E-05 9.9833E-05 9.9833E-05 9.9833E-05 9.9833E-05 9.9833E-05 9.9833E-05 9.9833E-05
9.9833E-05 9.9833E-05 9.9833E-05 9.9833E-05 9.9833E-05 9.9833E-05 9.9833E-05 9.9833E-05 9.9833E-05 9.9833E-05 9.9833E-05 9.9833E-05 9.9833E-05 9.9833E-05 9.9833E-05 9.9833E-05 9.9833E-05 0.998103 9.9833E-05 9.9833E-05
9.9833E-05 9.9833E-05 9.9833E-05 9.9833E-05 9.9833E-05 9.9833E-05 9.9833E-05 9.9833E-05 9.9833E-05 9.9833E-05 0.998103 9.9833E-05 9.9833E-05 9.9833E-05 9.9833E-05 9.9833E-05 9.9833E-05 9.9833E-05 9.9833E-05 9.9833E-05
9.9833E-05 9.9833E-05 9.9833E-05 9.9833E-05 9.9833E-05 9.9833E-05 9.9833E-05 9.9833E-05 9.9833E-05 9.9833E-05 9.9833E-05 9.9833E-05 9.9833E-05 9.9833E-05 9.9833E-05 9.9833E-05 9.9833E-05 0.998103 9.9833E-05 9.9833E-05
9.98331E-05 9.98331E-05 9.98331E-05 9.98331E-05 9.98331E-05 9.98331E-05 9.98331E-05 9.98331E-05 9.98331E-05 9.98331E-05 0.998103 9.98331E-05 9.98331E-05 9.98331E-05 9.98331E-05 9.98331E-05 9.98331E-05 9.98331E-05 9.98331E-05 9.98331E-05
9.9833E-05 9.9833E-05 9.9833E-05 9.9833E-05 9.9833E-05 9.9833E-05 9.9833E-05 9.9833E-05 9.9833E-05 9.9833E-05 0.998103 9.9833E-05 9.9833E-05 9.9833E-05 9.9833E-05 9.9833E-05 9.9833E-05 9.9833E-05 9.9833E-05 9.9833E-05
