0.0605075 0.0571117 0.137509 9.99033E-05 0.523749 9.99033E-05 9.99033E-05 0.0514565 0.143229 9.99033E-05 9.99033E-05 9.99033E-05 0.0253384 9.99033E-05 9.99033E-05 9.99033E-05 9.99033E-05 9.99033E-05
9.98947E-05 9.98947E-05 0.00494557 0.0560075 0.747992 9.98947E-05 9.98947E-05 0.0425898 0.141464 9.98947E-05 9.98947E-05 9.98947E-05 9.98947E-05 9.98947E-05 9.98947E-05 9.98947E-05 9.98947E-05 0.0058026
9.98771E-05 9.98771E-05 9.98771E-05 9.98771E-05 0.079682 9.98771E-05 9.98771E-05 9.98771E-05 9.98771E-05 9.98771E-05 9.98771E-05 0.867071 9.98771E-05 9.98771E-05 0.00145329 9.98771E-05 9.98771E-05 0.0503951
9.99298E-05 9.99298E-05 0.0805966 0.0529294 0.168632 9.99298E-05 0.0679088 0.0354666 9.99298E-05 9.99298E-05 9.99298E-05 0.126674 9.99298E-05 9.99298E-05 0.0324547 0.275629 0.121494 0.0374155
9.98685E-05 9.98685E-05 9.98685E-05 9.98685E-05 0.830866 9.98685E-05 0.0409462 9.98685E-05 9.98685E-05 9.98685E-05 9.98685E-05 9.98685E-05 9.98685E-05 9.98685E-05 0.12669 9.98685E-05 9.98685E-05 9.98685E-05
0.0125667 9.99122E-05 0.00329377 9.99122E-05 9.99122E-05 9.99122E-05 0.310036 9.99122E-05 0.0686582 9.99122E-05 0.130318 0.310766 9.99122E-05 9.99122E-05 0.00196272 9.99122E-05 0.161399 9.99122E-05
9.99101E-05 0.0341477 0.122368 0.113368 0.327703 9.99101E-05 0.0666141 0.00163224 0.151219 9.99101E-05 9.99101E-05 9.99101E-05 0.107065 9.99101E-05 9.99101E-05 0.0749835 9.99101E-05 9.99101E-05
0.0342763 9.99298E-05 0.217164 0.0154061 0.0743988 9.99298E-05 0.131688 9.99298E-05 9.99298E-05 9.99298E-05 0.17421 0.127215 0.0187484 0.0816097 0.124484 9.99298E-05 9.99298E-05 9.99298E-05
9.9921E-05 0.116722 9.9921E-05 9.9921E-05 0.0773708 9.9921E-05 0.00636008 0.227952 0.0799499 9.9921E-05 0.238566 0.189502 9.9921E-05 9.9921E-05 0.0421642 9.9921E-05 0.0205127 9.9921E-05
9.98595E-05 9.98595E-05 9.98595E-05 9.98595E-05 0.973305 9.98595E-05 9.98595E-05 0.0250976 9.98595E-05 9.98595E-05 9.98595E-05 9.98595E-05 9.98595E-05 9.98595E-05 9.98595E-05 9.98595E-05 9.98595E-05 9.98595E-05
9.98859E-05 9.98859E-05 0.0483049 0.14344 0.616383 9.98859E-05 9.98859E-05 0.181613 9.98859E-05 9.98859E-05 0.00896024 9.98859E-05 9.98859E-05 9.98859E-05 9.98859E-05 9.98859E-05 9.98859E-05 9.98859E-05
9.98596E-05 9.98596E-05 9.98596E-05 9.98596E-05 9.98596E-05 9.98596E-05 0.0468494 9.98596E-05 9.98596E-05 9.98596E-05 9.98596E-05 0.951553 9.98596E-05 9.98596E-05 9.98596E-05 9.98596E-05 9.98596E-05 9.98596E-05
9.98596E-05 9.98596E-05 9.98596E-05 9.98596E-05 0.922578 9.98596E-05 9.98596E-05 0.0758239 9.98596E-05 9.98596E-05 9.98596E-05 9.98596E-05 9.98596E-05 9.98596E-05 9.98596E-05 9.98596E-05 9.98596E-05 9.98596E-05
9.99035E-05 9.99035E-05 9.99035E-05 0.0277992 0.0116856 0.00467923 9.99035E-05 0.0245402 9.99035E-05 0.0305341 9.99035E-05 0.757016 9.99035E-05 9.99035E-05 9.99035E-05 9.99035E-05 0.142647 9.99035E-05
9.99035E-05 9.99035E-05 0.0210491 9.99035E-05 0.411686 9.99035E-05 0.084901 0.153365 9.99035E-05 0.013361 0.120837 9.99035E-05 9.99035E-05 9.99035E-05 9.99035E-05 9.99035E-05 0.193702 9.99035E-05
9.9921E-05 9.9921E-05 0.119581 9.9921E-05 0.223423 9.9921E-05 0.122443 0.0683013 0.000970908 9.9921E-05 0.137995 9.9921E-05 9.9921E-05 0.0679767 9.9921E-05 0.161067 0.0973425 9.9921E-05
9.99101E-05 9.99101E-05 9.99101E-05 0.0561639 0.416232 0.113993 9.99101E-05 0.0897091 0.0683716 0.00979186 9.99101E-05 0.16274 9.99101E-05 0.0130743 9.99101E-05 0.0690247 9.99101E-05 9.99101E-05
0.133134 0.0614815 0.251969 9.99123E-05 0.179262 9.99123E-05 0.0177297 0.206653 9.99123E-05 9.99123E-05 0.0266957 9.99123E-05 9.99123E-05 9.99123E-05 9.99123E-05 9.99123E-05 9.99123E-05 0.122076
9.98946E-05 9.98946E-05 0.0688449 9.98946E-05 0.355179 9.98946E-05 0.208988 0.18691 9.98946E-05 0.0746139 0.104265 9.98946E-05 9.98946E-05 9.98946E-05 9.98946E-05 9.98946E-05 9.98946E-05 9.98946E-05
9.98595E-05 9.98595E-05 9.98595E-05 9.98595E-05 0.952143 9.98595E-05 9.98595E-05 9.98595E-05 9.98595E-05 9.98595E-05 9.98595E-05 9.98595E-05 9.98595E-05 9.98595E-05 9.98595E-05 9.98595E-05 9.98595E-05 0.0462595
9.99298E-05 0.0186896 9.99298E-05 0.0853955 0.25662 9.99298E-05 0.0457408 0.0924606 9.99298E-05 9.99298E-05 0.0101594 0.268389 9.99298E-05 0.160931 0.0354026 0.0254118 9.99298E-05 9.99298E-05
9.98947E-05 9.98947E-05 0.208061 9.98947E-05 0.241328 9.98947E-05 0.0995571 9.98947E-05 9.98947E-05 9.98947E-05 0.205729 9.98947E-05 0.0359198 9.98947E-05 0.208206 9.98947E-05 9.98947E-05 9.98947E-05
9.9886E-05 9.9886E-05 9.9886E-05 0.0690827 0.515566 9.9886E-05 9.9886E-05 0.18292 9.9886E-05 9.9886E-05 9.9886E-05 0.153251 9.9886E-05 9.9886E-05 9.9886E-05 9.9886E-05 0.0778821 9.9886E-05
9.98858E-05 0.0754385 0.307919 9.98858E-05 0.366107 9.98858E-05 9.98858E-05 0.211248 9.98858E-05 9.98858E-05 9.98858E-05 9.98858E-05 9.98858E-05 0.0379887 9.98858E-05 9.98858E-05 9.98858E-05 9.98858E-05
9.99122E-05 9.99122E-05 9.99122E-05 0.0254943 0.240802 9.99122E-05 9.99122E-05 0.344187 9.99122E-05 0.145182 0.00981261 0.0381222 9.99122E-05 9.99122E-05 9.99122E-05 9.99122E-05 0.16283 0.0325713
9.9886E-05 9.9886E-05 9.9886E-05 9.9886E-05 0.733283 9.9886E-05 9.9886E-05 0.180664 9.9886E-05 9.9886E-05 9.9886E-05 9.9886E-05 9.9886E-05 9.9886E-05 0.029026 0.018243 0.0374856 9.9886E-05
0.126822 9.99122E-05 0.354817 9.99122E-05 0.0491661 9.99122E-05 9.99122E-05 0.0723502 9.99122E-05 9.99122E-05 0.00407661 9.99122E-05 9.99122E-05 0.0713209 9.99122E-05 9.99122E-05 0.317517 0.00293164
9.9886E-05 9.9886E-05 9.9886E-05 9.9886E-05 0.805548 9.9886E-05 0.0420815 0.0584107 9.9886E-05 9.9886E-05 9.9886E-05 9.9886E-05 9.9886E-05 9.9886E-05 9.9886E-05 0.0883427 0.00431886 9.9886E-05
9.9886E-05 0.0140538 0.0966475 9.9886E-05 0.606569 9.9886E-05 9.9886E-05 0.169887 9.9886E-05 9.9886E-05 9.9886E-05 9.9886E-05 9.9886E-05 9.9886E-05 9.9886E-05 9.9886E-05 0.111544 9.9886E-05
9.98947E-05 9.98947E-05 9.98947E-05 0.0224321 0.407382 0.0187457 9.98947E-05 0.0623286 9.98947E-05 9.98947E-05 0.034973 0.452939 9.98947E-05 9.98947E-05 9.98947E-05 9.98947E-05 9.98947E-05 9.98947E-05
0.0057898 9.99122E-05 9.99122E-05 0.130053 0.775045 9.99122E-05 0.0263473 0.0345279 9.99122E-05 0.00164253 0.00598739 9.99122E-05 9.99122E-05 9.99122E-05 9.99122E-05 9.99122E-05 9.99122E-05 0.0196073
9.99123E-05 9.99123E-05 0.00748002 0.0803368 0.383801 9.99123E-05 0.0727173 0.081746 9.99123E-05 9.99123E-05 9.99123E-05 0.124963 9.99123E-05 9.99123E-05 9.99123E-05 0.0182525 0.229704 9.99123E-05
9.99034E-05 9.99034E-05 0.177939 0.0925338 0.126025 9.99034E-05 9.99034E-05 0.100229 9.99034E-05 9.99034E-05 9.99034E-05 0.432548 9.99034E-05 0.0450427 9.99034E-05 0.024583 9.99034E-05 9.99034E-05
0.0468006 0.032424 9.99122E-05 0.0168696 9.99122E-05 9.99122E-05 9.99122E-05 0.0601665 9.99122E-05 9.99122E-05 9.99122E-05 0.700411 0.0070012 9.99122E-05 9.99122E-05 0.0755575 0.0597705 9.99122E-05
9.99035E-05 9.99035E-05 9.99035E-05 0.0353009 0.601087 9.99035E-05 9.99035E-05 0.040206 0.0135222 9.99035E-05 0.00731772 0.264711 9.99035E-05 9.99035E-05 9.99035E-05 9.99035E-05 9.99035E-05 0.0367561
9.99035E-05 0.0270175 0.00263703 9.99035E-05 0.724899 9.99035E-05 9.99035E-05 0.011326 0.0617348 9.99035E-05 0.0194913 9.99035E-05 9.99035E-05 9.99035E-05 9.99035E-05 0.151796 9.99035E-05 9.99035E-05
9.98773E-05 9.98773E-05 9.98773E-05 9.98773E-05 0.897168 9.98773E-05 0.0706932 9.98773E-05 9.98773E-05 9.98773E-05 9.98773E-05 9.98773E-05 0.0207464 0.009994 9.98773E-05 9.98773E-05 9.98773E-05 9.98773E-05
9.9886E-05 9.9886E-05 9.9886E-05 9.9886E-05 9.9886E-05 9.9886E-05 9.9886E-05 0.0620418 0.0216458 9.9886E-05 0.143841 0.727244 9.9886E-05 9.9886E-05 9.9886E-05 9.9886E-05 9.9886E-05 0.0439293
9.99035E-05 9.99035E-05 9.99035E-05 9.99035E-05 9.99035E-05 0.00930853 0.050833 0.119188 0.0397915 9.99035E-05 9.99035E-05 0.644012 9.99035E-05 0.00391475 9.99035E-05 9.99035E-05 0.131854 9.99035E-05
9.98858E-05 9.98858E-05 9.98858E-05 9.98858E-05 9.98858E-05 9.98858E-05 0.0628153 0.110256 9.98858E-05 9.98858E-05 9.98858E-05 0.650455 9.98858E-05 0.110347 9.98858E-05 9.98858E-05 0.064828 9.98858E-05
9.98772E-05 9.98772E-05 9.98772E-05 9.98772E-05 0.829212 9.98772E-05 0.0963199 0.0703343 9.98772E-05 9.98772E-05 0.00273585 9.98772E-05 9.98772E-05 9.98772E-05 9.98772E-05 9.98772E-05 9.98772E-05 9.98772E-05
9.98948E-05 0.0468082 0.27743 9.98948E-05 0.609022 9.98948E-05 9.98948E-05 0.0482838 9.98948E-05 9.98948E-05 0.00715872 0.0100989 9.98948E-05 9.98948E-05 9.98948E-05 9.98948E-05 9.98948E-05 9.98948E-05
9.98596E-05 9.98596E-05 9.98596E-05 9.98596E-05 0.904705 0.093697 9.98596E-05 9.98596E-05 9.98596E-05 9.98596E-05 9.98596E-05 9.98596E-05 9.98596E-05 9.98596E-05 9.98596E-05 9.98596E-05 9.98596E-05 9.98596E-05
9.98947E-05 0.0771922 0.130781 0.0592486 9.98947E-05 9.98947E-05 9.98947E-05 0.203066 9.98947E-05 9.98947E-05 0.0806204 0.447893 9.98947E-05 9.98947E-05 9.98947E-05 9.98947E-05 9.98947E-05 9.98947E-05
9.99034E-05 9.99034E-05 0.239408 9.99034E-05 0.00740842 9.99034E-05 0.0998263 0.203249 9.99034E-05 9.99034E-05 9.99034E-05 0.288625 9.99034E-05 9.99034E-05 0.0265884 0.133796 9.99034E-05 9.99034E-05
0.014812 9.98946E-05 9.98946E-05 9.98946E-05 0.466741 9.98946E-05 0.0219345 9.98946E-05 9.98946E-05 9.98946E-05 9.98946E-05 0.296821 9.98946E-05 9.98946E-05 9.98946E-05 0.0641265 9.98946E-05 0.134366
9.98947E-05 9.98947E-05 9.98947E-05 0.0644899 0.768282 9.98947E-05 9.98947E-05 0.0860955 9.98947E-05 9.98947E-05 0.017092 0.00661669 9.98947E-05 9.98947E-05 9.98947E-05 0.056225 9.98947E-05 9.98947E-05
9.98507E-05 9.98507E-05 9.98507E-05 9.98507E-05 9.98507E-05 9.98507E-05 9.98507E-05 9.98507E-05 9.98507E-05 9.98507E-05 9.98507E-05 0.998303 9.98507E-05 9.98507E-05 9.98507E-05 9.98507E-05 9.98507E-05 9.98507E-05
9.98946E-05 9.98946E-05 0.159088 0.0308297 0.547643 9.98946E-05 0.0403656 0.123519 9.98946E-05 9.98946E-05 9.98946E-05 0.097355 9.98946E-05 9.98946E-05 9.98946E-05 9.98946E-05 9.98946E-05 9.98946E-05
9.98862E-05 9.98862E-05 9.98862E-05 9.98862E-05 0.454358 9.98862E-05 0.0625986 9.98862E-05 9.98862E-05 9.98862E-05 0.0664498 0.301982 0.113312 9.98862E-05 9.98862E-05 9.98862E-05 9.98862E-05 9.98862E-05
9.99209E-05 0.0250714 0.0413265 0.120443 0.110183 9.99209E-05 9.99209E-05 0.20738 9.99209E-05 9.99209E-05 0.0350565 0.242073 9.99209E-05 9.99209E-05 9.99209E-05 0.0502621 0.167304 9.99209E-05
9.99123E-05 0.0811654 9.99123E-05 9.99123E-05 0.616372 9.99123E-05 9.99123E-05 9.99123E-05 9.99123E-05 9.99123E-05 0.0036934 0.0989343 0.00529567 0.0205345 0.0835724 0.089433 9.99123E-05 9.99123E-05
0.022977 9.98684E-05 9.98684E-05 9.98684E-05 0.972699 9.98684E-05 9.98684E-05 9.98684E-05 9.98684E-05 0.00282638 9.98684E-05 9.98684E-05 9.98684E-05 9.98684E-05 9.98684E-05 9.98684E-05 9.98684E-05 9.98684E-05
9.98771E-05 9.98771E-05 9.98771E-05 9.98771E-05 9.98771E-05 9.98771E-05 9.98771E-05 9.98771E-05 9.98771E-05 9.98771E-05 0.0462921 0.758394 9.98771E-05 0.173735 9.98771E-05 9.98771E-05 9.98771E-05 0.0201809
9.98772E-05 0.00609094 9.98772E-05 9.98772E-05 9.98772E-05 9.98772E-05 9.98772E-05 0.115175 9.98772E-05 0.108479 9.98772E-05 0.768857 9.98772E-05 9.98772E-05 9.98772E-05 9.98772E-05 9.98772E-05 9.98772E-05
9.98947E-05 9.98947E-05 9.98947E-05 0.0332111 0.0650754 9.98947E-05 9.98947E-05 9.98947E-05 9.98947E-05 9.98947E-05 9.98947E-05 0.652124 9.98947E-05 9.98947E-05 0.08628 9.98947E-05 0.138637 0.0234736
0.0431533 9.98771E-05 9.98771E-05 9.98771E-05 0.778367 9.98771E-05 0.104382 0.0726996 9.98771E-05 9.98771E-05 9.98771E-05 9.98771E-05 9.98771E-05 9.98771E-05 9.98771E-05 9.98771E-05 9.98771E-05 9.98771E-05
9.98684E-05 9.98684E-05 9.98684E-05 9.98684E-05 0.842127 9.98684E-05 9.98684E-05 0.0389814 9.98684E-05 9.98684E-05 9.98684E-05 9.98684E-05 9.98684E-05 9.98684E-05 9.98684E-05 0.117393 9.98684E-05 9.98684E-05
9.98684E-05 9.98684E-05 9.98684E-05 9.98684E-05 0.214824 9.98684E-05 9.98684E-05 9.98684E-05 9.98684E-05 9.98684E-05 0.0116184 0.772059 9.98684E-05 9.98684E-05 9.98684E-05 9.98684E-05 9.98684E-05 9.98684E-05
0.0449946 9.99035E-05 0.555243 0.00288229 9.99035E-05 9.99035E-05 9.99035E-05 0.195137 0.106282 9.99035E-05 0.00956318 9.99035E-05 9.99035E-05 9.99035E-05 9.99035E-05 9.99035E-05 0.0847998 9.99035E-05
9.98775E-05 9.98775E-05 0.675176 9.98775E-05 0.114768 9.98775E-05 0.0864825 9.98775E-05 0.122175 9.98775E-05 9.98775E-05 9.98775E-05 9.98775E-05 9.98775E-05 9.98775E-05 9.98775E-05 9.98775E-05 9.98775E-05
0.121995 9.98947E-05 0.469552 9.98947E-05 9.98947E-05 0.154746 9.98947E-05 9.98947E-05 0.075269 9.98947E-05 9.98947E-05 0.145048 0.032191 9.98947E-05 9.98947E-05 9.98947E-05 9.98947E-05 9.98947E-05
0.0837761 9.99123E-05 0.156006 0.0091105 9.99123E-05 9.99123E-05 9.99123E-05 0.080239 0.34009 9.99123E-05 0.0899515 9.99123E-05 0.000449864 9.99123E-05 9.99123E-05 9.99123E-05 0.239378 9.99123E-05
0.0751173 9.99209E-05 0.487491 9.99209E-05 9.99209E-05 9.99209E-05 0.0407428 0.132993 0.0611394 9.99209E-05 0.0597646 0.0496117 0.0685282 9.99209E-05 9.99209E-05 9.99209E-05 9.99209E-05 0.0237131
0.0436587 0.0738536 0.550021 0.0146987 9.99121E-05 9.99121E-05 9.99121E-05 0.207066 0.0149197 9.99121E-05 0.0531587 9.99121E-05 9.99121E-05 9.99121E-05 9.99121E-05 9.99121E-05 0.0416247 9.99121E-05
9.99035E-05 9.99035E-05 0.221315 0.0239389 9.99035E-05 9.99035E-05 0.0307751 0.205484 0.361526 9.99035E-05 9.99035E-05 9.99035E-05 0.0318907 9.99035E-05 9.99035E-05 0.123972 9.99035E-05 9.99035E-05
0.194367 9.99122E-05 0.174253 9.99122E-05 9.99122E-05 9.99122E-05 0.125299 0.0877413 0.233223 9.99122E-05 0.0866184 9.99122E-05 0.00534273 9.99122E-05 9.99122E-05 9.99122E-05 0.0921568 9.99122E-05
9.9886E-05 0.0310457 0.695993 9.9886E-05 9.9886E-05 0.0993362 9.9886E-05 0.0193148 0.153012 9.9886E-05 9.9886E-05 9.9886E-05 9.9886E-05 9.9886E-05 9.9886E-05 9.9886E-05 9.9886E-05 9.9886E-05
9.99122E-05 9.99122E-05 0.54246 0.0848349 0.0920837 9.99122E-05 0.0582197 0.0199375 0.122926 9.99122E-05 0.0178225 0.0607172 9.99122E-05 9.99122E-05 9.99122E-05 9.99122E-05 9.99122E-05 9.99122E-05
0.00148807 9.98946E-05 0.361058 0.174005 9.98946E-05 9.98946E-05 0.0309856 0.369737 9.98946E-05 9.98946E-05 0.0615268 9.98946E-05 9.98946E-05 9.98946E-05 9.98946E-05 9.98946E-05 9.98946E-05 9.98946E-05
9.9921E-05 9.9921E-05 0.539027 0.0608257 9.9921E-05 9.9921E-05 0.0336533 0.0974535 0.1009 0.0312038 9.9921E-05 9.9921E-05 0.0210495 0.068527 9.9921E-05 0.046461 9.9921E-05 9.9921E-05
9.99209E-05 9.99209E-05 0.318695 0.120721 9.99209E-05 9.99209E-05 0.0569254 0.0452271 0.073708 9.99209E-05 0.0750157 9.99209E-05 0.00193738 9.99209E-05 0.152798 9.99209E-05 0.154073 9.99209E-05
9.98858E-05 9.98858E-05 0.616392 9.98858E-05 9.98858E-05 9.98858E-05 0.0290192 0.262372 0.0814345 9.98858E-05 9.98858E-05 9.98858E-05 0.00948422 9.98858E-05 9.98858E-05 9.98858E-05 9.98858E-05 9.98858E-05
9.99125E-05 0.00607783 0.496997 0.0543837 9.99125E-05 9.99125E-05 9.99125E-05 0.0301506 0.0747318 9.99125E-05 0.0125358 0.143311 9.99125E-05 9.99125E-05 9.99125E-05 9.99125E-05 0.180813 9.99125E-05
9.99298E-05 9.99298E-05 0.525698 0.0269324 0.0503838 0.100742 9.99298E-05 0.079973 0.0633155 9.99298E-05 0.00452195 9.99298E-05 9.99298E-05 9.99298E-05 9.99298E-05 0.118755 0.0266243 0.00225447
9.98859E-05 9.98859E-05 0.451856 9.98859E-05 9.98859E-05 9.98859E-05 0.282413 0.109118 9.98859E-05 9.98859E-05 9.98859E-05 9.98859E-05 0.0294958 9.98859E-05 9.98859E-05 9.98859E-05 0.125819 9.98859E-05
9.98859E-05 9.98859E-05 0.635335 0.129853 9.98859E-05 9.98859E-05 0.10393 9.98859E-05 9.98859E-05 9.98859E-05 0.113919 9.98859E-05 9.98859E-05 9.98859E-05 9.98859E-05 0.0156639 9.98859E-05 9.98859E-05
0.141667 9.99035E-05 0.542882 0.052045 9.99035E-05 9.99035E-05 9.99035E-05 0.0988044 9.99035E-05 0.0240627 9.99035E-05 0.10091 9.99035E-05 9.99035E-05 9.99035E-05 9.99035E-05 0.0385296 9.99035E-05
0.00893208 9.99209E-05 0.439023 0.0192547 9.99209E-05 9.99209E-05 9.99209E-05 0.321955 0.0423141 0.0105026 9.99209E-05 9.99209E-05 9.99209E-05 0.0955865 9.99209E-05 9.99209E-05 0.0405961 0.0209361
9.98948E-05 9.98948E-05 0.457191 9.98948E-05 9.98948E-05 0.101412 9.98948E-05 0.0461465 0.056665 9.98948E-05 9.98948E-05 0.30237 0.0350161 9.98948E-05 9.98948E-05 9.98948E-05 9.98948E-05 9.98948E-05
9.9877E-05 9.9877E-05 0.745464 9.9877E-05 9.9877E-05 9.9877E-05 9.9877E-05 0.136369 0.0395208 0.0772483 9.9877E-05 9.9877E-05 9.9877E-05 9.9877E-05 9.9877E-05 9.9877E-05 9.9877E-05 9.9877E-05
0.039508 9.99035E-05 0.411411 9.99035E-05 9.99035E-05 9.99035E-05 9.99035E-05 0.0484546 0.164939 0.00280095 9.99035E-05 0.0319272 9.99035E-05 9.99035E-05 9.99035E-05 9.99035E-05 0.29986 9.99035E-05
0.142246 0.0942275 0.420116 9.99123E-05 9.99123E-05 9.99123E-05 0.174846 0.0609247 9.99123E-05 9.99123E-05 0.0166779 0.0166871 9.99123E-05 9.99123E-05 9.99123E-05 9.99123E-05 0.0732755 9.99123E-05
9.98947E-05 9.98947E-05 0.585633 0.162971 0.0570734 9.98947E-05 9.98947E-05 0.112371 9.98947E-05 9.98947E-05 0.0747576 0.00599472 9.98947E-05 9.98947E-05 9.98947E-05 9.98947E-05 9.98947E-05 9.98947E-05
9.98948E-05 9.98948E-05 0.424148 9.98948E-05 9.98948E-05 0.0325829 9.98948E-05 0.112632 0.154816 9.98948E-05 0.0352365 0.239385 9.98948E-05 9.98948E-05 9.98948E-05 9.98948E-05 9.98948E-05 9.98948E-05
0.0175697 9.9886E-05 0.72529 9.9886E-05 0.114691 0.135259 9.9886E-05 9.9886E-05 9.9886E-05 9.9886E-05 9.9886E-05 0.00589098 9.9886E-05 9.9886E-05 9.9886E-05 9.9886E-05 9.9886E-05 9.9886E-05
9.99124E-05 9.99124E-05 0.577057 9.99124E-05 9.99124E-05 0.0495037 0.0587743 0.114082 0.129086 9.99124E-05 9.99124E-05 0.0370114 0.0240819 9.99124E-05 9.99124E-05 0.00940584 9.99124E-05 9.99124E-05
0.162277 9.98861E-05 0.582073 9.98861E-05 0.112431 9.98861E-05 9.98861E-05 0.112464 9.98861E-05 9.98861E-05 0.0294551 9.98861E-05 9.98861E-05 9.98861E-05 9.98861E-05 9.98861E-05 9.98861E-05 9.98861E-05
9.9921E-05 9.9921E-05 0.27774 9.9921E-05 9.9921E-05 0.193036 9.9921E-05 0.155727 0.0155072 9.9921E-05 0.0588637 0.24501 9.9921E-05 0.0348768 0.0122862 9.9921E-05 9.9921E-05 0.00605315
9.98683E-05 9.98683E-05 9.98683E-05 9.98683E-05 9.98683E-05 9.98683E-05 9.98683E-05 0.103771 9.98683E-05 9.98683E-05 0.099581 9.98683E-05 9.98683E-05 9.98683E-05 9.98683E-05 9.98683E-05 0.795149 9.98683E-05
9.98684E-05 9.98684E-05 9.98684E-05 9.98684E-05 9.98684E-05 0.372983 9.98684E-05 9.98684E-05 9.98684E-05 9.98684E-05 0.0345717 9.98684E-05 9.98684E-05 9.98684E-05 9.98684E-05 9.98684E-05 0.590947 9.98684E-05
9.98595E-05 9.98595E-05 9.98595E-05 9.98595E-05 9.98595E-05 9.98595E-05 9.98595E-05 0.0741801 9.98595E-05 9.98595E-05 9.98595E-05 9.98595E-05 9.98595E-05 9.98595E-05 9.98595E-05 9.98595E-05 0.924222 9.98595E-05
0.0147136 9.98769E-05 9.98769E-05 0.00765435 9.98769E-05 9.98769E-05 9.98769E-05 0.158427 9.98769E-05 9.98769E-05 9.98769E-05 9.98769E-05 9.98769E-05 9.98769E-05 9.98769E-05 9.98769E-05 0.817807 9.98769E-05
9.98682E-05 0.0475122 9.98682E-05 9.98682E-05 9.98682E-05 9.98682E-05 9.98682E-05 9.98682E-05 9.98682E-05 9.98682E-05 0.113809 9.98682E-05 9.98682E-05 9.98682E-05 9.98682E-05 9.98682E-05 0.837181 9.98682E-05
9.98859E-05 9.98859E-05 9.98859E-05 9.98859E-05 9.98859E-05 9.98859E-05 9.98859E-05 0.18735 0.0018754 9.98859E-05 0.1753 9.98859E-05 9.98859E-05 9.98859E-05 9.98859E-05 0.0267349 0.607442 9.98859E-05
0.013754 9.98859E-05 9.98859E-05 0.00452215 9.98859E-05 9.98859E-05 9.98859E-05 0.092107 9.98859E-05 9.98859E-05 0.105457 9.98859E-05 9.98859E-05 9.98859E-05 9.98859E-05 9.98859E-05 0.782862 9.98859E-05
9.98596E-05 9.98596E-05 9.98596E-05 9.98596E-05 9.98596E-05 9.98596E-05 9.98596E-05 9.98596E-05 9.98596E-05 9.98596E-05 0.15239 9.98596E-05 9.98596E-05 9.98596E-05 9.98596E-05 9.98596E-05 0.846012 9.98596E-05
9.9877E-05 9.9877E-05 9.9877E-05 9.9877E-05 9.9877E-05 9.9877E-05 9.9877E-05 0.0500146 0.16998 9.9877E-05 0.307848 9.9877E-05 9.9877E-05 9.9877E-05 9.9877E-05 9.9877E-05 0.47076 9.9877E-05
9.98859E-05 9.98859E-05 9.98859E-05 9.98859E-05 9.98859E-05 9.98859E-05 9.98859E-05 0.218128 9.98859E-05 0.00262456 0.232187 9.98859E-05 9.98859E-05 9.98859E-05 9.98859E-05 0.0633253 0.482436 9.98859E-05
9.98772E-05 9.98772E-05 9.98772E-05 0.0103404 9.98772E-05 0.155623 9.98772E-05 9.98772E-05 0.235684 9.98772E-05 9.98772E-05 9.98772E-05 9.98772E-05 9.98772E-05 9.98772E-05 9.98772E-05 0.596955 9.98772E-05
9.98947E-05 9.98947E-05 9.98947E-05 0.00952932 0.00233005 0.0059916 9.98947E-05 0.0544904 0.172679 9.98947E-05 9.98947E-05 9.98947E-05 9.98947E-05 9.98947E-05 9.98947E-05 9.98947E-05 0.753781 9.98947E-05
9.98685E-05 9.98685E-05 9.98685E-05 9.98685E-05 9.98685E-05 0.0064503 9.98685E-05 9.98685E-05 9.98685E-05 9.98685E-05 0.102893 9.98685E-05 9.98685E-05 9.98685E-05 9.98685E-05 9.98685E-05 0.889159 9.98685E-05
9.98773E-05 9.98773E-05 9.98773E-05 9.98773E-05 9.98773E-05 0.00821398 9.98773E-05 0.200482 9.98773E-05 9.98773E-05 0.132952 9.98773E-05 9.98773E-05 9.98773E-05 9.98773E-05 9.98773E-05 0.656953 9.98773E-05
0.153799 9.98948E-05 9.98948E-05 0.00152984 9.98948E-05 0.0123566 9.98948E-05 9.98948E-05 9.98948E-05 9.98948E-05 0.0892399 9.98948E-05 9.98948E-05 0.00992704 9.98948E-05 9.98948E-05 0.731949 9.98948E-05
9.9886E-05 9.9886E-05 9.9886E-05 9.9886E-05 9.9886E-05 9.9886E-05 9.9886E-05 0.0733167 0.106008 9.9886E-05 0.0330085 9.9886E-05 9.9886E-05 9.9886E-05 9.9886E-05 0.0320728 0.754295 9.9886E-05
9.98859E-05 9.98859E-05 9.98859E-05 9.98859E-05 9.98859E-05 9.98859E-05 9.98859E-05 0.0986569 0.224397 9.98859E-05 0.0150749 9.98859E-05 9.98859E-05 9.98859E-05 9.98859E-05 9.98859E-05 0.636367 0.0242059
9.98862E-05 9.98862E-05 9.98862E-05 9.98862E-05 9.98862E-05 9.98862E-05 9.98862E-05 9.98862E-05 9.98862E-05 9.98862E-05 0.101601 9.98862E-05 0.0297114 9.98862E-05 0.01226 0.0686438 0.786485 9.98862E-05
9.98509E-05 9.98509E-05 9.98509E-05 9.98509E-05 9.98509E-05 9.98509E-05 9.98509E-05 9.98509E-05 9.98509E-05 9.98509E-05 9.98509E-05 9.98509E-05 9.98509E-05 9.98509E-05 9.98509E-05 9.98509E-05 0.998303 9.98509E-05
9.98947E-05 9.98947E-05 9.98947E-05 9.98947E-05 9.98947E-05 0.119976 9.98947E-05 0.0570235 9.98947E-05 9.98947E-05 0.119289 9.98947E-05 9.98947E-05 9.98947E-05 9.98947E-05 0.0453821 0.560344 0.0967865
9.98947E-05 9.98947E-05 9.98947E-05 9.98947E-05 9.98947E-05 9.98947E-05 9.98947E-05 0.0445987 0.0478905 9.98947E-05 0.0593725 9.98947E-05 9.98947E-05 9.98947E-05 0.0262143 0.0288251 0.7919 9.98947E-05
0.0546879 9.98771E-05 9.98771E-05 0.0201049 9.98771E-05 9.98771E-05 9.98771E-05 9.98771E-05 9.98771E-05 9.98771E-05 0.0481226 9.98771E-05 9.98771E-05 9.98771E-05 9.98771E-05 9.98771E-05 0.875686 9.98771E-05
9.98858E-05 9.98858E-05 9.98858E-05 9.98858E-05 9.98858E-05 9.98858E-05 0.0645456 0.158948 0.0645611 9.98858E-05 0.168003 9.98858E-05 9.98858E-05 9.98858E-05 9.98858E-05 9.98858E-05 0.542643 9.98858E-05
9.9886E-05 9.9886E-05 9.9886E-05 9.9886E-05 9.9886E-05 0.0284819 9.9886E-05 0.0206422 9.9886E-05 0.0509485 0.0980322 9.9886E-05 9.9886E-05 9.9886E-05 9.9886E-05 9.9886E-05 0.800597 9.9886E-05
9.98947E-05 9.98947E-05 9.98947E-05 9.98947E-05 9.98947E-05 9.98947E-05 0.0243944 0.189922 0.167325 9.98947E-05 0.153792 9.98947E-05 9.98947E-05 9.98947E-05 9.98947E-05 9.98947E-05 0.377601 0.0857671
9.99035E-05 9.99035E-05 0.0143533 9.99035E-05 9.99035E-05 0.209472 9.99035E-05 0.185799 0.0581376 9.99035E-05 0.179598 9.99035E-05 9.99035E-05 0.00659621 9.99035E-05 9.99035E-05 0.344945 9.99035E-05
9.98859E-05 0.121477 9.98859E-05 9.98859E-05 9.98859E-05 0.476971 9.98859E-05 0.0561555 9.98859E-05 9.98859E-05 9.98859E-05 9.98859E-05 9.98859E-05 9.98859E-05 0.0245921 9.98859E-05 0.319506 9.98859E-05
9.98857E-05 9.98857E-05 9.98857E-05 9.98857E-05 9.98857E-05 9.98857E-05 0.0689633 0.0825042 9.98857E-05 9.98857E-05 0.0886206 9.98857E-05 9.98857E-05 9.98857E-05 0.0492178 9.98857E-05 0.709396 9.98857E-05
9.98684E-05 9.98684E-05 9.98684E-05 9.98684E-05 9.98684E-05 9.98684E-05 9.98684E-05 0.188206 9.98684E-05 9.98684E-05 0.272228 9.98684E-05 9.98684E-05 9.98684E-05 9.98684E-05 9.98684E-05 0.538069 9.98684E-05
9.98773E-05 9.98773E-05 9.98773E-05 0.0107237 9.98773E-05 9.98773E-05 9.98773E-05 0.109557 9.98773E-05 9.98773E-05 9.98773E-05 9.98773E-05 9.98773E-05 9.98773E-05 9.98773E-05 9.98773E-05 0.830594 0.0477272
9.98948E-05 9.98948E-05 9.98948E-05 0.0143854 9.98948E-05 9.98948E-05 9.98948E-05 0.186809 0.00263072 9.98948E-05 0.0303813 9.98948E-05 9.98948E-05 0.0221332 9.98948E-05 9.98948E-05 0.742462 9.98948E-05
9.98683E-05 9.98683E-05 9.98683E-05 9.98683E-05 9.98683E-05 9.98683E-05 9.98683E-05 0.0550747 9.98683E-05 9.98683E-05 9.98683E-05 9.98683E-05 9.98683E-05 9.98683E-05 9.98683E-05 9.98683E-05 0.891171 0.0522562
9.98946E-05 9.98946E-05 9.98946E-05 9.98946E-05 9.98946E-05 9.98946E-05 9.98946E-05 0.130794 9.98946E-05 9.98946E-05 0.278125 9.98946E-05 0.00822293 9.98946E-05 0.024786 9.98946E-05 0.407202 0.149672
9.98946E-05 9.98946E-05 0.0217498 9.98946E-05 9.98946E-05 9.98946E-05 0.0289828 0.0783582 9.98946E-05 0.0124386 0.034161 9.98946E-05 9.98946E-05 9.98946E-05 9.98946E-05 9.98946E-05 0.823111 9.98946E-05
9.98596E-05 9.98596E-05 9.98596E-05 9.98596E-05 9.98596E-05 9.98596E-05 9.98596E-05 0.0277504 9.98596E-05 9.98596E-05 9.98596E-05 9.98596E-05 9.98596E-05 9.98596E-05 9.98596E-05 9.98596E-05 0.970652 9.98596E-05
9.98947E-05 9.98947E-05 9.98947E-05 0.0154242 9.98947E-05 0.0387118 9.98947E-05 9.98947E-05 0.0956133 9.98947E-05 0.0781962 9.98947E-05 9.98947E-05 9.98947E-05 9.98947E-05 0.0276677 0.743188 9.98947E-05
0.0260171 9.98769E-05 9.98769E-05 9.98769E-05 9.98769E-05 9.98769E-05 9.98769E-05 0.175849 9.98769E-05 9.98769E-05 0.0886976 9.98769E-05 9.98769E-05 9.98769E-05 9.98769E-05 9.98769E-05 0.708038 9.98769E-05
9.98683E-05 9.98683E-05 9.98683E-05 9.98683E-05 9.98683E-05 0.475014 9.98683E-05 9.98683E-05 9.98683E-05 9.98683E-05 0.0891116 9.98683E-05 9.98683E-05 9.98683E-05 9.98683E-05 9.98683E-05 0.434376 9.98683E-05
9.98685E-05 9.98685E-05 9.98685E-05 9.98685E-05 9.98685E-05 0.161265 9.98685E-05 0.070602 9.98685E-05 9.98685E-05 9.98685E-05 9.98685E-05 9.98685E-05 9.98685E-05 9.98685E-05 9.98685E-05 0.766635 9.98685E-05
9.98598E-05 9.98598E-05 9.98598E-05 9.98598E-05 9.98598E-05 0.19559 9.98598E-05 9.98598E-05 9.98598E-05 9.98598E-05 9.98598E-05 9.98598E-05 9.98598E-05 9.98598E-05 9.98598E-05 9.98598E-05 0.802812 9.98598E-05
9.98773E-05 9.98773E-05 9.98773E-05 9.98773E-05 9.98773E-05 0.2633 9.98773E-05 9.98773E-05 9.98773E-05 9.98773E-05 0.0194232 9.98773E-05 9.98773E-05 9.98773E-05 9.98773E-05 9.98773E-05 0.674191 0.0416879
9.9877E-05 9.9877E-05 9.9877E-05 9.9877E-05 9.9877E-05 9.9877E-05 9.9877E-05 0.259625 0.108341 9.9877E-05 0.134583 9.9877E-05 9.9877E-05 9.9877E-05 9.9877E-05 9.9877E-05 0.496052 9.9877E-05
9.98684E-05 9.98684E-05 9.98684E-05 9.98684E-05 9.98684E-05 9.98684E-05 9.98684E-05 9.98684E-05 9.98684E-05 0.0287371 0.123908 9.98684E-05 9.98684E-05 9.98684E-05 9.98684E-05 9.98684E-05 0.845857 9.98684E-05
9.98859E-05 9.98859E-05 9.98859E-05 9.98859E-05 9.98859E-05 0.44125 9.98859E-05 0.0519748 9.98859E-05 9.98859E-05 0.137588 9.98859E-05 9.98859E-05 9.98859E-05 9.98859E-05 9.98859E-05 0.286079 0.081809
9.98684E-05 9.98684E-05 9.98684E-05 9.98684E-05 0.0644637 0.313367 9.98684E-05 9.98684E-05 9.98684E-05 9.98684E-05 9.98684E-05 9.98684E-05 9.98684E-05 9.98684E-05 9.98684E-05 9.98684E-05 0.620671 9.98684E-05
9.98946E-05 9.98946E-05 9.98946E-05 9.98946E-05 9.98946E-05 9.98946E-05 0.0606559 0.0632002 0.155783 9.98946E-05 0.207473 9.98946E-05 9.98946E-05 9.98946E-05 9.98946E-05 9.98946E-05 0.457691 0.053999
0.025783 9.99035E-05 0.106896 0.0182447 9.99035E-05 0.0265581 9.99035E-05 0.0898054 9.99035E-05 9.99035E-05 0.112726 9.99035E-05 9.99035E-05 9.99035E-05 9.99035E-05 9.99035E-05 0.618888 9.99035E-05
9.98949E-05 0.133136 9.98949E-05 9.98949E-05 9.98949E-05 0.0462859 9.98949E-05 9.98949E-05 0.0488626 9.98949E-05 0.2037 9.98949E-05 9.98949E-05 0.0419097 9.98949E-05 9.98949E-05 0.524907 9.98949E-05
9.98859E-05 9.98859E-05 0.0902623 9.98859E-05 9.98859E-05 9.98859E-05 9.98859E-05 0.201071 9.98859E-05 9.98859E-05 0.268048 9.98859E-05 9.98859E-05 9.98859E-05 9.98859E-05 9.98859E-05 0.437875 0.00144564
9.98684E-05 9.98684E-05 9.98684E-05 9.98684E-05 9.98684E-05 0.378278 9.98684E-05 0.0440933 9.98684E-05 9.98684E-05 9.98684E-05 9.98684E-05 9.98684E-05 9.98684E-05 9.98684E-05 9.98684E-05 0.576131 9.98684E-05
9.9877E-05 9.9877E-05 9.9877E-05 9.9877E-05 9.9877E-05 9.9877E-05 9.9877E-05 0.135294 9.9877E-05 9.9877E-05 9.9877E-05 9.9877E-05 0.0386156 9.9877E-05 9.9877E-05 0.193139 0.631553 9.9877E-05
9.98772E-05 9.98772E-05 9.98772E-05 9.98772E-05 9.98772E-05 0.426549 9.98772E-05 0.0236234 9.98772E-05 9.98772E-05 0.142602 9.98772E-05 9.98772E-05 9.98772E-05 9.98772E-05 9.98772E-05 0.405827 9.98772E-05
9.9886E-05 9.9886E-05 9.9886E-05 0.011644 9.9886E-05 0.115893 9.9886E-05 0.137516 9.9886E-05 9.9886E-05 0.0717481 9.9886E-05 9.9886E-05 9.9886E-05 9.9886E-05 9.9886E-05 0.661901 9.9886E-05
9.98859E-05 9.98859E-05 9.98859E-05 9.98859E-05 9.98859E-05 9.98859E-05 9.98859E-05 9.98859E-05 0.0225191 9.98859E-05 0.124497 9.98859E-05 0.0121795 0.164103 9.98859E-05 9.98859E-05 0.675403 9.98859E-05
0.00985526 9.98946E-05 9.98946E-05 0.0141052 9.98946E-05 9.98946E-05 9.98946E-05 0.0251785 9.98946E-05 9.98946E-05 0.057269 9.98946E-05 9.98946E-05 9.98946E-05 9.98946E-05 0.0926984 0.799695 9.98946E-05
9.9877E-05 9.9877E-05 9.9877E-05 9.9877E-05 9.9877E-05 9.9877E-05 9.9877E-05 0.129259 0.18537 9.9877E-05 0.200148 9.9877E-05 9.9877E-05 9.9877E-05 9.9877E-05 9.9877E-05 0.483825 9.9877E-05
9.98858E-05 9.98858E-05 9.98858E-05 0.00841888 9.98858E-05 9.98858E-05 9.98858E-05 0.173634 9.98858E-05 0.033593 0.0953406 9.98858E-05 9.98858E-05 9.98858E-05 9.98858E-05 9.98858E-05 0.687716 9.98858E-05
9.98771E-05 9.98771E-05 9.98771E-05 0.0403299 9.98771E-05 9.98771E-05 9.98771E-05 0.0328193 9.98771E-05 9.98771E-05 0.00372413 9.98771E-05 9.98771E-05 9.98771E-05 9.98771E-05 9.98771E-05 0.921728 9.98771E-05
9.98771E-05 9.98771E-05 9.98771E-05 9.98771E-05 9.98771E-05 0.0166838 9.98771E-05 0.104748 9.98771E-05 9.98771E-05 9.98771E-05 9.98771E-05 9.98771E-05 9.98771E-05 9.98771E-05 9.98771E-05 0.737433 0.139737
9.98684E-05 9.98684E-05 9.98684E-05 9.98684E-05 9.98684E-05 0.0750959 9.98684E-05 9.98684E-05 9.98684E-05 9.98684E-05 0.15136 9.98684E-05 9.98684E-05 9.98684E-05 9.98684E-05 9.98684E-05 0.772046 9.98684E-05
9.98505E-05 9.98505E-05 9.98505E-05 9.98505E-05 9.98505E-05 9.98505E-05 9.98505E-05 0.998303 9.98505E-05 9.98505E-05 9.98505E-05 9.98505E-05 9.98505E-05 9.98505E-05 9.98505E-05 9.98505E-05 9.98505E-05 9.98505E-05
9.98507E-05 9.98507E-05 9.98507E-05 9.98507E-05 9.98507E-05 9.98507E-05 9.98507E-05 9.98507E-05 9.98507E-05 9.98507E-05 0.998303 9.98507E-05 9.98507E-05 9.98507E-05 9.98507E-05 9.98507E-05 9.98507E-05 9.98507E-05
9.98505E-05 9.98505E-05 9.98505E-05 9.98505E-05 9.98505E-05 9.98505E-05 9.98505E-05 0.998303 9.98505E-05 9.98505E-05 9.98505E-05 9.98505E-05 9.98505E-05 9.98505E-05 9.98505E-05 9.98505E-05 9.98505E-05 9.98505E-05
9.98505E-05 9.98505E-05 9.98505E-05 9.98505E-05 9.98505E-05 9.98505E-05 9.98505E-05 9.98505E-05 9.98505E-05 9.98505E-05 0.998303 9.98505E-05 9.98505E-05 9.98505E-05 9.98505E-05 9.98505E-05 9.98505E-05 9.98505E-05
9.98506E-05 9.98506E-05 9.98506E-05 9.98506E-05 9.98506E-05 9.98506E-05 9.98506E-05 9.98506E-05 9.98506E-05 9.98506E-05 0.998303 9.98506E-05 9.98506E-05 9.98506E-05 9.98506E-05 9.98506E-05 9.98506E-05 9.98506E-05
9.98506E-05 9.98506E-05 9.98506E-05 9.98506E-05 9.98506E-05 9.98506E-05 9.98506E-05 9.98506E-05 9.98506E-05 9.98506E-05 0.998303 9.98506E-05 9.98506E-05 9.98506E-05 9.98506E-05 9.98506E-05 9.98506E-05 9.98506E-05
9.98505E-05 9.98505E-05 9.98505E-05 9.98505E-05 9.98505E-05 9.98505E-05 9.98505E-05 0.998303 9.98505E-05 9.98505E-05 9.98505E-05 9.98505E-05 9.98505E-05 9.98505E-05 9.98505E-05 9.98505E-05 9.98505E-05 9.98505E-05
9.98506E-05 9.98506E-05 9.98506E-05 9.98506E-05 9.98506E-05 9.98506E-05 9.98506E-05 9.98506E-05 9.98506E-05 9.98506E-05 0.998303 9.98506E-05 9.98506E-05 9.98506E-05 9.98506E-05 9.98506E-05 9.98506E-05 9.98506E-05
9.98506E-05 9.98506E-05 9.98506E-05 9.98506E-05 9.98506E-05 9.98506E-05 9.98506E-05 9.98506E-05 9.98506E-05 9.98506E-05 0.998303 9.98506E-05 9.98506E-05 9.98506E-05 9.98506E-05 9.98506E-05 9.98506E-05 9.98506E-05
9.98505E-05 9.98505E-05 9.98505E-05 9.98505E-05 9.98505E-05 9.98505E-05 9.98505E-05 0.998303 9.98505E-05 9.98505E-05 9.98505E-05 9.98505E-05 9.98505E-05 9.98505E-05 9.98505E-05 9.98505E-05 9.98505E-05 9.98505E-05
9.98507E-05 9.98507E-05 9.98507E-05 9.98507E-05 9.98507E-05 9.98507E-05 9.98507E-05 0.998303 9.98507E-05 9.98507E-05 9.98507E-05 9.98507E-05 9.98507E-05 9.98507E-05 9.98507E-05 9.98507E-05 9.98507E-05 9.98507E-05
9.98505E-05 9.98505E-05 9.98505E-05 9.98505E-05 9.98505E-05 9.98505E-05 9.98505E-05 0.998303 9.98505E-05 9.98505E-05 9.98505E-05 9.98505E-05 9.98505E-05 9.98505E-05 9.98505E-05 9.98505E-05 9.98505E-05 9.98505E-05
9.98505E-05 9.98505E-05 9.98505E-05 9.98505E-05 9.98505E-05 9.98505E-05 9.98505E-05 9.98505E-05 9.98505E-05 9.98505E-05 0.998303 9.98505E-05 9.98505E-05 9.98505E-05 9.98505E-05 9.98505E-05 9.98505E-05 9.98505E-05
9.98506E-05 9.98506E-05 9.98506E-05 9.98506E-05 9.98506E-05 9.98506E-05 9.98506E-05 9.98506E-05 9.98506E-05 9.98506E-05 0.998303 9.98506E-05 9.98506E-05 9.98506E-05 9.98506E-05 9.98506E-05 9.98506E-05 9.98506E-05
9.98595E-05 9.98595E-05 9.98595E-05 9.98595E-05 9.98595E-05 9.98595E-05 9.98595E-05 0.981813 9.98595E-05 9.98595E-05 9.98595E-05 9.98595E-05 9.98595E-05 9.98595E-05 9.98595E-05 9.98595E-05 9.98595E-05 0.0165891
9.98505E-05 9.98505E-05 9.98505E-05 9.98505E-05 9.98505E-05 9.98505E-05 9.98505E-05 0.998303 9.98505E-05 9.98505E-05 9.98505E-05 9.98505E-05 9.98505E-05 9.98505E-05 9.98505E-05 9.98505E-05 9.98505E-05 9.98505E-05
9.99034E-05 0.0342517 9.99034E-05 9.99034E-05 9.99034E-05 9.99034E-05 0.0917573 0.14027 9.99034E-05 9.99034E-05 0.0386947 9.99034E-05 0.0963174 9.99034E-05 9.99034E-05 0.00274934 0.594861 9.99034E-05
9.98506E-05 9.98506E-05 9.98506E-05 9.98506E-05 9.98506E-05 9.98506E-05 9.98506E-05 0.998303 9.98506E-05 9.98506E-05 9.98506E-05 9.98506E-05 9.98506E-05 9.98506E-05 9.98506E-05 9.98506E-05 9.98506E-05 9.98506E-05
9.98506E-05 9.98506E-05 9.98506E-05 9.98506E-05 9.98506E-05 9.98506E-05 9.98506E-05 9.98506E-05 9.98506E-05 9.98506E-05 0.998303 9.98506E-05 9.98506E-05 9.98506E-05 9.98506E-05 9.98506E-05 9.98506E-05 9.98506E-05
9.98505E-05 9.98505E-05 9.98505E-05 9.98505E-05 9.98505E-05 9.98505E-05 9.98505E-05 0.998303 9.98505E-05 9.98505E-05 9.98505E-05 9.98505E-05 9.98505E-05 9.98505E-05 9.98505E-05 9.98505E-05 9.98505E-05 9.98505E-05
9.98506E-05 9.98506E-05 9.98506E-05 9.98506E-05 9.98506E-05 9.98506E-05 9.98506E-05 0.998303 9.98506E-05 9.98506E-05 9.98506E-05 9.98506E-05 9.98506E-05 9.98506E-05 9.98506E-05 9.98506E-05 9.98506E-05 9.98506E-05
9.98504E-05 9.98504E-05 9.98504E-05 9.98504E-05 9.98504E-05 9.98504E-05 9.98504E-05 0.998303 9.98504E-05 9.98504E-05 9.98504E-05 9.98504E-05 9.98504E-05 9.98504E-05 9.98504E-05 9.98504E-05 9.98504E-05 9.98504E-05
9.98505E-05 9.98505E-05 9.98505E-05 9.98505E-05 9.98505E-05 9.98505E-05 9.98505E-05 9.98505E-05 9.98505E-05 9.98505E-05 0.998303 9.98505E-05 9.98505E-05 9.98505E-05 9.98505E-05 9.98505E-05 9.98505E-05 9.98505E-05
9.98506E-05 9.98506E-05 9.98506E-05 9.98506E-05 9.98506E-05 9.98506E-05 9.98506E-05 0.998303 9.98506E-05 9.98506E-05 9.98506E-05 9.98506E-05 9.98506E-05 9.98506E-05 9.98506E-05 9.98506E-05 9.98506E-05 9.98506E-05
9.98505E-05 9.98505E-05 9.98505E-05 9.98505E-05 9.98505E-05 9.98505E-05 9.98505E-05 9.98505E-05 9.98505E-05 9.98505E-05 0.998303 9.98505E-05 9.98505E-05 9.98505E-05 9.98505E-05 9.98505E-05 9.98505E-05 9.98505E-05
9.98506E-05 9.98506E-05 9.98506E-05 9.98506E-05 9.98506E-05 9.98506E-05 9.98506E-05 0.998303 9.98506E-05 9.98506E-05 9.98506E-05 9.98506E-05 9.98506E-05 9.98506E-05 9.98506E-05 9.98506E-05 9.98506E-05 9.98506E-05
9.98505E-05 9.98505E-05 9.98505E-05 9.98505E-05 9.98505E-05 9.98505E-05 9.98505E-05 0.998303 9.98505E-05 9.98505E-05 9.98505E-05 9.98505E-05 9.98505E-05 9.98505E-05 9.98505E-05 9.98505E-05 9.98505E-05 9.98505E-05
9.98505E-05 9.98505E-05 9.98505E-05 9.98505E-05 9.98505E-05 9.98505E-05 9.98505E-05 9.98505E-05 9.98505E-05 9.98505E-05 0.998303 9.98505E-05 9.98505E-05 9.98505E-05 9.98505E-05 9.98505E-05 9.98505E-05 9.98505E-05
9.98506E-05 9.98506E-05 9.98506E-05 9.98506E-05 9.98506E-05 9.98506E-05 9.98506E-05 9.98506E-05 9.98506E-05 9.98506E-05 0.998303 9.98506E-05 9.98506E-05 9.98506E-05 9.98506E-05 9.98506E-05 9.98506E-05 9.98506E-05
9.98505E-05 9.98505E-05 9.98505E-05 9.98505E-05 9.98505E-05 9.98505E-05 9.98505E-05 9.98505E-05 9.98505E-05 9.98505E-05 0.998303 9.98505E-05 9.98505E-05 9.98505E-05 9.98505E-05 9.98505E-05 9.98505E-05 9.98505E-05
9.98506E-05 9.98506E-05 9.98506E-05 9.98506E-05 9.98506E-05 9.98506E-05 9.98506E-05 0.998303 9.98506E-05 9.98506E-05 9.98506E-05 9.98506E-05 9.98506E-05 9.98506E-05 9.98506E-05 9.98506E-05 9.98506E-05 9.98506E-05
9.98506E-05 9.98506E-05 9.98506E-05 9.98506E-05 9.98506E-05 9.98506E-05 9.98506E-05 0.998303 9.98506E-05 9.98506E-05 9.98506E-05 9.98506E-05 9.98506E-05 9.98506E-05 9.98506E-05 9.98506E-05 9.98506E-05 9.98506E-05
9.98505E-05 9.98505E-05 9.98505E-05 9.98505E-05 9.98505E-05 9.98505E-05 9.98505E-05 0.998303 9.98505E-05 9.98505E-05 9.98505E-05 9.98505E-05 9.98505E-05 9.98505E-05 9.98505E-05 9.98505E-05 9.98505E-05 9.98505E-05
9.98505E-05 9.98505E-05 9.98505E-05 9.98505E-05 9.98505E-05 9.98505E-05 9.98505E-05 0.998303 9.98505E-05 9.98505E-05 9.98505E-05 9.98505E-05 9.98505E-05 9.98505E-05 9.98505E-05 9.98505E-05 9.98505E-05 9.98505E-05
9.98506E-05 9.98506E-05 9.98506E-05 9.98506E-05 9.98506E-05 9.98506E-05 9.98506E-05 0.998303 9.98506E-05 9.98506E-05 9.98506E-05 9.98506E-05 9.98506E-05 9.98506E-05 9.98506E-05 9.98506E-05 9.98506E-05 9.98506E-05
9.98504E-05 9.98504E-05 9.98504E-05 9.98504E-05 9.98504E-05 9.98504E-05 9.98504E-05 9.98504E-05 9.98504E-05 9.98504E-05 0.998303 9.98504E-05 9.98504E-05 9.98504E-05 9.98504E-05 9.98504E-05 9.98504E-05 9.98504E-05
9.98505E-05 9.98505E-05 9.98505E-05 9.98505E-05 9.98505E-05 9.98505E-05 9.98505E-05 9.98505E-05 9.98505E-05 9.98505E-05 0.998303 9.98505E-05 9.98505E-05 9.98505E-05 9.98505E-05 9.98505E-05 9.98505E-05 9.98505E-05
9.98505E-05 9.98505E-05 9.98505E-05 9.98505E-05 9.98505E-05 9.98505E-05 9.98505E-05 9.98505E-05 9.98505E-05 9.98505E-05 0.998303 9.98505E-05 9.98505E-05 9.98505E-05 9.98505E-05 9.98505E-05 9.98505E-05 9.98505E-05
9.98506E-05 9.98506E-05 9.98506E-05 9.98506E-05 9.98506E-05 9.98506E-05 9.98506E-05 0.998303 9.98506E-05 9.98506E-05 9.98506E-05 9.98506E-05 9.98506E-05 9.98506E-05 9.98506E-05 9.98506E-05 9.98506E-05 9.98506E-05
9.98505E-05 9.98505E-05 9.98505E-05 9.98505E-05 9.98505E-05 9.98505E-05 9.98505E-05 9.98505E-05 9.98505E-05 9.98505E-05 0.998303 9.98505E-05 9.98505E-05 9.98505E-05 9.98505E-05 9.98505E-05 9.98505E-05 9.98505E-05
9.98505E-05 9.98505E-05 9.98505E-05 9.98505E-05 9.98505E-05 9.98505E-05 9.98505E-05 9.98505E-05 9.98505E-05 9.98505E-05 0.998303 9.98505E-05 9.98505E-05 9.98505E-05 9.98505E-05 9.98505E-05 9.98505E-05 9.98505E-05
9.98505E-05 9.98505E-05 9.98505E-05 9.98505E-05 9.98505E-05 9.98505E-05 9.98505E-05 9.98505E-05 9.98505E-05 9.98505E-05 0.998303 9.98505E-05 9.98505E-05 9.98505E-05 9.98505E-05 9.98505E-05 9.98505E-05 9.98505E-05
9.98504E-05 9.98504E-05 9.98504E-05 9.98504E-05 9.98504E-05 9.98504E-05 9.98504E-05 9.98504E-05 9.98504E-05 9.98504E-05 0.998303 9.98504E-05 9.98504E-05 9.98504E-05 9.98504E-05 9.98504E-05 9.98504E-05 9.98504E-05
9.98506E-05 9.98506E-05 9.98506E-05 9.98506E-05 9.98506E-05 9.98506E-05 9.98506E-05 0.998303 9.98506E-05 9.98506E-05 9.98506E-05 9.98506E-05 9.98506E-05 9.98506E-05 9.98506E-05 9.98506E-05 9.98506E-05 9.98506E-05
9.98506E-05 9.98506E-05 9.98506E-05 9.98506E-05 9.98506E-05 9.98506E-05 9.98506E-05 9.98506E-05 9.98506E-05 9.98506E-05 0.998303 9.98506E-05 9.98506E-05 9.98506E-05 9.98506E-05 9.98506E-05 9.98506E-05 9.98506E-05
9.98505E-05 9.98505E-05 9.98505E-05 9.98505E-05 9.98505E-05 9.98505E-05 9.98505E-05 9.98505E-05 9.98505E-05 9.98505E-05 0.998303 9.98505E-05 9.98505E-05 9.98505E-05 9.98505E-05 9.98505E-05 9.98505E-05 9.98505E-05
9.9877E-05 9.9877E-05 9.9877E-05 9.9877E-05 9.9877E-05 9.9877E-05 0.216858 0.144644 9.9877E-05 9.9877E-05 0.0796038 9.9877E-05 9.9877E-05 9.9877E-05 9.9877E-05 9.9877E-05 0.557496 9.9877E-05
