0.0457772 9.98244E-05 0.0148099 9.98244E-05 9.98244E-05 9.98244E-05 9.98244E-05 9.98244E-05 9.98244E-05 0.427722 9.98244E-05 0.052013 9.98244E-05 9.98244E-05 0.0260736 9.98244E-05 0.302541 9.98244E-05 9.98244E-05 9.98244E-05 9.98244E-05 9.98244E-05 9.98244E-05 0.0487734 9.98244E-05 9.98244E-05 0.0802934 9.98244E-05
9.97983E-05 0.0153767 9.97983E-05 9.97983E-05 9.97983E-05 9.97983E-05 9.97983E-05 0.168944 9.97983E-05 0.428428 9.97983E-05 0.106807 9.97983E-05 9.97983E-05 9.97983E-05 9.97983E-05 9.97983E-05 0.278149 9.97983E-05 9.97983E-05 9.97983E-05 9.97983E-05 9.97983E-05 9.97983E-05 9.97983E-05 9.97983E-05 9.97983E-05 9.97983E-05
9.97808E-05 9.97808E-05 0.00876242 9.97808E-05 9.97808E-05 9.97808E-05 9.97808E-05 0.933953 9.97808E-05 9.97808E-05 0.0547902 9.97808E-05 9.97808E-05 9.97808E-05 9.97808E-05 9.97808E-05 9.97808E-05 9.97808E-05 9.97808E-05 9.97808E-05 9.97808E-05 9.97808E-05 9.97808E-05 9.97808E-05 9.97808E-05 9.97808E-05 9.97808E-05 9.97808E-05
9.98421E-05 0.121472 0.0315297 0.175099 9.98421E-05 9.98421E-05 0.0840468 0.0191668 9.98421E-05 0.243008 9.98421E-05 9.98421E-05 9.98421E-05 9.98421E-05 9.98421E-05 9.98421E-05 0.129209 9.98421E-05 9.98421E-05 0.0396364 0.00424484 9.98421E-05 9.98421E-05 9.98421E-05 9.98421E-05 9.98421E-05 0.150791 9.98421E-05
9.97809E-05 9.97809E-05 9.97809E-05 9.97809E-05 9.97809E-05 9.97809E-05 0.082283 9.97809E-05 9.97809E-05 0.876082 9.97809E-05 9.97809E-05 9.97809E-05 0.0391406 9.97809E-05 9.97809E-05 9.97809E-05 9.97809E-05 9.97809E-05 9.97809E-05 9.97809E-05 9.97809E-05 9.97809E-05 9.97809E-05 9.97809E-05 9.97809E-05 9.97809E-05 9.97809E-05
9.98335E-05 9.98335E-05 9.98335E-05 9.98335E-05 9.98335E-05 9.98335E-05 0.0515664 0.133115 9.98335E-05 0.0167704 0.0300708 0.0576797 9.98335E-05 0.195524 9.98335E-05 9.98335E-05 0.264778 9.98335E-05 9.98335E-05 0.146114 9.98335E-05 9.98335E-05 9.98335E-05 9.98335E-05 0.102485 9.98335E-05 9.98335E-05 9.98335E-05
0.0427495 0.0968817 9.98335E-05 0.0511043 9.98335E-05 9.98335E-05 9.98335E-05 9.98335E-05 9.98335E-05 0.276438 9.98335E-05 0.0741051 9.98335E-05 0.0403059 9.98335E-05 9.98335E-05 0.200849 9.98335E-05 9.98335E-05 9.98335E-05 9.98335E-05 9.98335E-05 9.98335E-05 9.98335E-05 9.98335E-05 0.0850257 0.130644 9.98335E-05
9.98509E-05 9.98509E-05 9.98509E-05 9.98509E-05 9.98509E-05 0.0108515 0.0561109 0.192841 9.98509E-05 9.98509E-05 9.98509E-05 9.98509E-05 9.98509E-05 0.0423078 0.0192512 9.98509E-05 0.328685 9.98509E-05 9.98509E-05 9.98509E-05 0.0203404 0.0340289 9.98509E-05 0.0915992 0.103572 9.98509E-05 0.0987145 9.98509E-05
0.0988236 9.98334E-05 0.201253 9.98334E-05 9.98334E-05 9.98334E-05 9.98334E-05 0.0389898 9.98334E-05 0.211892 9.98334E-05 0.0376449 9.98334E-05 9.98334E-05 9.98334E-05 9.98334E-05 0.0676149 9.98334E-05 9.98334E-05 9.98334E-05 9.98334E-05 0.0674932 9.98334E-05 9.98334E-05 0.188432 9.98334E-05 0.08596 9.98334E-05
9.97719E-05 9.97719E-05 0.0246851 9.97719E-05 9.97719E-05 9.97719E-05 9.97719E-05 9.97719E-05 9.97719E-05 0.972721 9.97719E-05 9.97719E-05 9.97719E-05 9.97719E-05 9.97719E-05 9.97719E-05 9.97719E-05 9.97719E-05 9.97719E-05 9.97719E-05 9.97719E-05 9.97719E-05 9.97719E-05 9.97719E-05 9.97719E-05 9.97719E-05 9.97719E-05 9.97719E-05
9.97895E-05 0.103754 0.108956 9.97895E-05 9.97895E-05 9.97895E-05 9.97895E-05 9.97895E-05 9.97895E-05 0.561783 9.97895E-05 9.97895E-05 9.97895E-05 9.97895E-05 9.97895E-05 9.97895E-05 0.223112 9.97895E-05 9.97895E-05 9.97895E-05 9.97895E-05 9.97895E-05 9.97895E-05 9.97895E-05 9.97895E-05 9.97895E-05 9.97895E-05 9.97895E-05
9.97631E-05 9.97631E-05 9.97631E-05 9.97631E-05 9.97631E-05 9.97631E-05 9.97631E-05 0.997306 9.97631E-05 9.97631E-05 9.97631E-05 9.97631E-05 9.97631E-05 9.97631E-05 9.97631E-05 9.97631E-05 9.97631E-05 9.97631E-05 9.97631E-05 9.97631E-05 9.97631E-05 9.97631E-05 9.97631E-05 9.97631E-05 9.97631E-05 9.97631E-05 9.97631E-05 9.97631E-05
9.97896E-05 9.97896E-05 0.0268118 9.97896E-05 9.97896E-05 9.97896E-05 0.0503226 9.97896E-05 9.97896E-05 0.917863 9.97896E-05 9.97896E-05 9.97896E-05 9.97896E-05 9.97896E-05 9.97896E-05 9.97896E-05 9.97896E-05 9.97896E-05 9.97896E-05 9.97896E-05 9.97896E-05 9.97896E-05 9.97896E-05 9.97896E-05 9.97896E-05 0.00260762 9.97896E-05
9.97985E-05 0.049869 9.97985E-05 9.97985E-05 9.97985E-05 0.0716828 9.97985E-05 0.271037 9.97985E-05 0.324909 9.97985E-05 9.97985E-05 9.97985E-05 9.97985E-05 9.97985E-05 9.97985E-05 9.97985E-05 9.97985E-05 9.97985E-05 9.97985E-05 9.97985E-05 9.97985E-05 9.97985E-05 9.97985E-05 9.97985E-05 9.97985E-05 9.97985E-05 0.280206
9.98334E-05 9.98334E-05 0.0939537 9.98334E-05 0.0232389 9.98334E-05 9.98334E-05 9.98334E-05 9.98334E-05 0.314994 9.98334E-05 9.98334E-05 9.98334E-05 0.00953514 9.98334E-05 9.98334E-05 0.195664 9.98334E-05 9.98334E-05 0.0834221 9.98334E-05 9.98334E-05 0.129306 0.0529603 0.0950288 9.98334E-05 9.98334E-05 9.98334E-05
9.98595E-05 9.98595E-05 0.0324242 0.0529288 9.98595E-05 9.98595E-05 9.98595E-05 0.0359667 9.98595E-05 0.131007 0.120342 0.00202443 9.98595E-05 0.0728532 0.00372142 9.98595E-05 0.327652 9.98595E-05 9.98595E-05 9.98595E-05 0.060648 0.0333013 9.98595E-05 9.98595E-05 0.125533 9.98595E-05 9.98595E-05 9.98595E-05
9.98422E-05 9.98422E-05 0.0236096 9.98422E-05 9.98422E-05 9.98422E-05 9.98422E-05 0.136371 9.98422E-05 0.381352 0.0148977 0.074868 9.98422E-05 9.98422E-05 0.0965707 9.98422E-05 0.0160956 9.98422E-05 9.98422E-05 9.98422E-05 0.0339006 9.98422E-05 0.20295 9.98422E-05 9.98422E-05 9.98422E-05 0.0175869 9.98422E-05
0.0259539 9.98247E-05 0.136216 9.98247E-05 0.107961 9.98247E-05 9.98247E-05 9.98247E-05 9.98247E-05 0.099818 9.98247E-05 9.98247E-05 0.0845741 9.98247E-05 9.98247E-05 9.98247E-05 0.367289 9.98247E-05 9.98247E-05 9.98247E-05 9.98247E-05 0.0725281 9.98247E-05 9.98247E-05 9.98247E-05 9.98247E-05 0.103664 9.98247E-05
9.98245E-05 9.98245E-05 0.202977 9.98245E-05 9.98245E-05 9.98245E-05 9.98245E-05 0.0826592 0.0478581 0.228746 9.98245E-05 9.98245E-05 9.98245E-05 0.0629834 9.98245E-05 9.98245E-05 0.0676012 9.98245E-05 9.98245E-05 9.98245E-05 9.98245E-05 9.98245E-05 9.98245E-05 9.98245E-05 0.0787202 9.98245E-05 0.226458 9.98245E-05
9.97806E-05 9.97806E-05 9.97806E-05 9.97806E-05 0.0438305 9.97806E-05 9.97806E-05 9.97806E-05 9.97806E-05 0.929811 9.97806E-05 0.0238644 9.97806E-05 9.97806E-05 9.97806E-05 9.97806E-05 9.97806E-05 9.97806E-05 9.97806E-05 9.97806E-05 9.97806E-05 9.97806E-05 9.97806E-05 9.97806E-05 9.97806E-05 9.97806E-05 9.97806E-05 9.97806E-05
9.98071E-05 9.98071E-05 0.0681565 9.98071E-05 9.98071E-05 0.149752 9.98071E-05 0.197711 9.98071E-05 0.30001 9.98071E-05 9.98071E-05 9.98071E-05 9.98071E-05 9.98071E-05 9.98071E-05 9.98071E-05 9.98071E-05 9.98071E-05 9.98071E-05 9.98071E-05 0.277342 9.98071E-05 9.98071E-05 0.00483278 9.98071E-05 9.98071E-05 9.98071E-05
9.9816E-05 9.9816E-05 9.9816E-05 9.9816E-05 9.9816E-05 9.9816E-05 0.0898166 9.9816E-05 0.0202366 0.287556 9.9816E-05 9.9816E-05 9.9816E-05 0.1661 9.9816E-05 9.9816E-05 9.9816E-05 9.9816E-05 0.0700588 9.9816E-05 9.9816E-05 9.9816E-05 9.9816E-05 9.9816E-05 0.124496 9.9816E-05 0.23964 9.9816E-05
9.97896E-05 9.97896E-05 0.0698088 9.97896E-05 9.97896E-05 9.97896E-05 9.97896E-05 0.586186 9.97896E-05 9.97896E-05 9.97896E-05 9.97896E-05 9.97896E-05 9.97896E-05 9.97896E-05 9.97896E-05 0.321684 9.97896E-05 9.97896E-05 0.0199263 9.97896E-05 9.97896E-05 9.97896E-05 9.97896E-05 9.97896E-05 9.97896E-05 9.97896E-05 9.97896E-05
0.0516307 9.98069E-05 0.190088 9.98069E-05 9.98069E-05 9.98069E-05 9.98069E-05 9.98069E-05 9.98069E-05 0.377305 9.98069E-05 9.98069E-05 9.98069E-05 9.98069E-05 9.98069E-05 9.98069E-05 0.106762 9.98069E-05 9.98069E-05 9.98069E-05 0.0221869 9.98069E-05 9.98069E-05 9.98069E-05 9.98069E-05 9.98069E-05 0.249832 9.98069E-05
9.9842E-05 0.00650493 0.250392 9.9842E-05 0.0482806 9.9842E-05 9.9842E-05 0.00510459 0.121502 0.25152 9.9842E-05 9.9842E-05 9.9842E-05 9.9842E-05 9.9842E-05 9.9842E-05 0.0428758 9.9842E-05 9.9842E-05 0.176809 9.9842E-05 9.9842E-05 9.9842E-05 9.9842E-05 0.0141932 9.9842E-05 0.0810207 9.9842E-05
9.97895E-05 9.97895E-05 0.107097 0.0443118 9.97895E-05 9.97895E-05 9.97895E-05 9.97895E-05 9.97895E-05 0.768884 9.97895E-05 9.97895E-05 9.97895E-05 9.97895E-05 9.97895E-05 9.97895E-05 9.97895E-05 9.97895E-05 9.97895E-05 0.0773125 9.97895E-05 9.97895E-05 9.97895E-05 9.97895E-05 9.97895E-05 9.97895E-05 9.97895E-05 9.97895E-05
9.98245E-05 0.0117187 0.0490461 9.98245E-05 9.98245E-05 9.98245E-05 9.98245E-05 9.98245E-05 9.98245E-05 0.0439411 9.98245E-05 9.98245E-05 0.132388 9.98245E-05 9.98245E-05 9.98245E-05 9.98245E-05 9.98245E-05 0.267645 0.241121 0.0598998 9.98245E-05 9.98245E-05 9.98245E-05 9.98245E-05 9.98245E-05 0.192244 9.98245E-05
9.98072E-05 9.98072E-05 0.0562148 0.0535974 9.98072E-05 0.0188201 9.98072E-05 0.250944 9.98072E-05 0.581961 9.98072E-05 9.98072E-05 9.98072E-05 9.98072E-05 9.98072E-05 9.98072E-05 9.98072E-05 9.98072E-05 9.98072E-05 9.98072E-05 9.98072E-05 9.98072E-05 9.98072E-05 9.98072E-05 9.98072E-05 9.98072E-05 0.0362677 9.98072E-05
9.98072E-05 9.98072E-05 0.139031 9.98072E-05 9.98072E-05 9.98072E-05 9.98072E-05 0.569213 9.98072E-05 0.00689109 9.98072E-05 9.98072E-05 9.98072E-05 9.98072E-05 9.98072E-05 9.98072E-05 0.167496 9.98072E-05 0.0889184 9.98072E-05 9.98072E-05 9.98072E-05 9.98072E-05 9.98072E-05 9.98072E-05 9.98072E-05 0.0262554 9.98072E-05
9.97895E-05 9.97895E-05 0.0175775 9.97895E-05 9.97895E-05 9.97895E-05 9.97895E-05 0.712359 9.97895E-05 0.0158735 9.97895E-05 9.97895E-05 9.97895E-05 9.97895E-05 9.97895E-05 9.97895E-05 9.97895E-05 9.97895E-05 9.97895E-05 9.97895E-05 9.97895E-05 9.97895E-05 0.251795 9.97895E-05 9.97895E-05 9.97895E-05 9.97895E-05 9.97895E-05
9.98159E-05 0.0529846 0.0598689 9.98159E-05 9.98159E-05 0.0075081 9.98159E-05 9.98159E-05 0.0194755 0.687162 0.0649275 9.98159E-05 9.98159E-05 9.98159E-05 9.98159E-05 9.98159E-05 0.105977 9.98159E-05 9.98159E-05 9.98159E-05 9.98159E-05 9.98159E-05 9.98159E-05 9.98159E-05 9.98159E-05 9.98159E-05 9.98159E-05 9.98159E-05
9.98335E-05 0.065566 0.0812592 0.00731623 9.98335E-05 9.98335E-05 0.0591532 9.98335E-05 9.98335E-05 0.405502 9.98335E-05 9.98335E-05 9.98335E-05 0.0223179 9.98335E-05 0.182909 0.160901 9.98335E-05 9.98335E-05 0.0131787 9.98335E-05 9.98335E-05 9.98335E-05 9.98335E-05 9.98335E-05 9.98335E-05 9.98335E-05 9.98335E-05
9.98245E-05 0.0829911 0.0889524 9.98245E-05 9.98245E-05 0.0435073 9.98245E-05 0.0676623 9.98245E-05 0.447839 9.98245E-05 9.98245E-05 9.98245E-05 9.98245E-05 9.98245E-05 9.98245E-05 0.0788657 9.98245E-05 9.98245E-05 0.00120016 9.98245E-05 9.98245E-05 9.98245E-05 9.98245E-05 9.98245E-05 9.98245E-05 0.186986 9.98245E-05
9.98158E-05 9.98158E-05 0.0489084 9.98158E-05 9.98158E-05 0.0971045 9.98158E-05 0.615568 9.98158E-05 9.98158E-05 0.0440481 9.98158E-05 0.00500121 9.98158E-05 9.98158E-05 9.98158E-05 9.98158E-05 9.98158E-05 9.98158E-05 9.98158E-05 9.98158E-05 9.98158E-05 9.98158E-05 9.98158E-05 9.98158E-05 9.98158E-05 0.131718 0.0555565
9.98247E-05 0.0211231 0.0200287 9.98247E-05 0.00680435 9.98247E-05 9.98247E-05 0.915275 0.00523472 9.98247E-05 9.98247E-05 0.0113802 9.98247E-05 9.98247E-05 9.98247E-05 9.98247E-05 9.98247E-05 9.98247E-05 0.0156109 9.98247E-05 9.98247E-05 9.98247E-05 9.98247E-05 9.98247E-05 0.00254659 9.98247E-05 9.98247E-05 9.98247E-05
0.0250239 9.98159E-05 9.98159E-05 0.10536 9.98159E-05 9.98159E-05 9.98159E-05 9.98159E-05 9.98159E-05 0.734858 9.98159E-05 9.98159E-05 9.98159E-05 9.98159E-05 0.0110914 9.98159E-05 9.98159E-05 9.98159E-05 0.0615257 9.98159E-05 9.98159E-05 9.98159E-05 9.98159E-05 9.98159E-05 0.00929318 9.98159E-05 0.0507514 9.98159E-05
9.97984E-05 9.97984E-05 9.97984E-05 9.97984E-05 9.97984E-05 9.97984E-05 9.97984E-05 0.255917 9.97984E-05 0.587502 9.97984E-05 9.97984E-05 9.97984E-05 0.0610304 9.97984E-05 9.97984E-05 9.97984E-05 0.0783472 9.97984E-05 9.97984E-05 9.97984E-05 9.97984E-05 9.97984E-05 9.97984E-05 9.97984E-05 0.0149079 9.97984E-05 9.97984E-05
9.97983E-05 9.97983E-05 0.0636397 9.97983E-05 0.0138665 9.97983E-05 9.97983E-05 0.719949 9.97983E-05 9.97983E-05 9.97983E-05 0.00611951 9.97983E-05 9.97983E-05 9.97983E-05 9.97983E-05 9.97983E-05 9.97983E-05 9.97983E-05 9.97983E-05 9.97983E-05 9.97983E-05 9.97983E-05 9.97983E-05 0.19413 9.97983E-05 9.97983E-05 9.97983E-05
9.98072E-05 9.98072E-05 0.173528 9.98072E-05 9.98072E-05 9.98072E-05 0.048407 0.621354 9.98072E-05 9.98072E-05 9.98072E-05 0.0677885 9.98072E-05 9.98072E-05 9.98072E-05 0.0487499 9.98072E-05 9.98072E-05 9.98072E-05 9.98072E-05 9.98072E-05 9.98072E-05 9.98072E-05 9.98072E-05 9.98072E-05 9.98072E-05 0.0379762 9.98072E-05
9.98158E-05 9.98158E-05 0.0398446 9.98158E-05 9.98158E-05 9.98158E-05 9.98158E-05 0.603416 9.98158E-05 9.98158E-05 9.98158E-05 9.98158E-05 9.98158E-05 0.0485855 9.98158E-05 9.98158E-05 9.98158E-05 9.98158E-05 9.98158E-05 0.0955991 0.15415 9.98158E-05 9.98158E-05 9.98158E-05 0.0223298 9.98158E-05 9.98158E-05 0.0339785
9.97983E-05 0.00819111 0.0431542 9.97983E-05 9.97983E-05 9.97983E-05 9.97983E-05 9.97983E-05 9.97983E-05 0.836601 9.97983E-05 9.97983E-05 9.97983E-05 9.97983E-05 9.97983E-05 9.97983E-05 9.97983E-05 9.97983E-05 0.0703807 9.97983E-05 9.97983E-05 9.97983E-05 9.97983E-05 9.97983E-05 9.97983E-05 9.97983E-05 0.0393781 9.97983E-05
9.98075E-05 9.98075E-05 0.0888796 9.98075E-05 9.98075E-05 9.98075E-05 9.98075E-05 0.0279686 9.98075E-05 0.459749 9.98075E-05 9.98075E-05 9.98075E-05 9.98075E-05 9.98075E-05 9.98075E-05 9.98075E-05 0.137341 0.0709121 9.98075E-05 9.98075E-05 9.98075E-05 9.98075E-05 9.98075E-05 9.98075E-05 9.98075E-05 0.212955 9.98075E-05
9.97895E-05 9.97895E-05 9.97895E-05 9.97895E-05 9.97895E-05 9.97895E-05 9.97895E-05 9.97895E-05 9.97895E-05 0.823561 9.97895E-05 9.97895E-05 9.97895E-05 9.97895E-05 9.97895E-05 0.0202095 9.97895E-05 0.0851739 9.97895E-05 9.97895E-05 9.97895E-05 9.97895E-05 9.97895E-05 9.97895E-05 9.97895E-05 9.97895E-05 9.97895E-05 0.0686608
0.0472578 0.00657038 0.110374 9.98247E-05 9.98247E-05 9.98247E-05 9.98247E-05 0.432056 9.98247E-05 9.98247E-05 9.98247E-05 0.0116126 9.98247E-05 9.98247E-05 9.98247E-05 9.98247E-05 0.106522 9.98247E-05 9.98247E-05 9.98247E-05 9.98247E-05 9.98247E-05 9.98247E-05 9.98247E-05 0.0759725 9.98247E-05 0.207638 9.98247E-05
9.97983E-05 9.97983E-05 0.170736 0.0381729 9.97983E-05 9.97983E-05 9.97983E-05 0.285349 9.97983E-05 9.97983E-05 9.97983E-05 9.97983E-05 9.97983E-05 0.0753609 9.97983E-05 9.97983E-05 9.97983E-05 9.97983E-05 9.97983E-05 9.97983E-05 9.97983E-05 9.97983E-05 9.97983E-05 9.97983E-05 9.97983E-05 9.97983E-05 0.428086 9.97983E-05
9.98157E-05 9.98157E-05 9.98157E-05 9.98157E-05 9.98157E-05 9.98157E-05 0.0225217 0.310442 9.98157E-05 0.47229 0.0934506 9.98157E-05 0.00506875 9.98157E-05 9.98157E-05 9.98157E-05 9.98157E-05 9.98157E-05 9.98157E-05 9.98157E-05 9.98157E-05 9.98157E-05 9.98157E-05 9.98157E-05 0.0356874 9.98157E-05 0.0584432 9.98157E-05
9.97984E-05 0.0545757 0.0679286 0.00640327 9.97984E-05 9.97984E-05 9.97984E-05 9.97984E-05 9.97984E-05 0.821077 9.97984E-05 9.97984E-05 0.0477201 9.97984E-05 9.97984E-05 9.97984E-05 9.97984E-05 9.97984E-05 9.97984E-05 9.97984E-05 9.97984E-05 9.97984E-05 9.97984E-05 9.97984E-05 9.97984E-05 9.97984E-05 9.97984E-05 9.97984E-05
9.97721E-05 9.97721E-05 0.0456467 9.97721E-05 9.97721E-05 9.97721E-05 9.97721E-05 0.951759 9.97721E-05 9.97721E-05 9.97721E-05 9.97721E-05 9.97721E-05 9.97721E-05 9.97721E-05 9.97721E-05 9.97721E-05 9.97721E-05 9.97721E-05 9.97721E-05 9.97721E-05 9.97721E-05 9.97721E-05 9.97721E-05 9.97721E-05 9.97721E-05 9.97721E-05 9.97721E-05
9.9807E-05 9.9807E-05 0.0787841 9.9807E-05 9.9807E-05 0.0151945 9.9807E-05 0.625648 9.9807E-05 9.9807E-05 9.9807E-05 9.9807E-05 9.9807E-05 0.000848035 9.9807E-05 9.9807E-05 0.190208 9.9807E-05 9.9807E-05 9.9807E-05 9.9807E-05 9.9807E-05 9.9807E-05 9.9807E-05 9.9807E-05 9.9807E-05 0.087122 9.9807E-05
9.9825E-05 0.00712626 9.9825E-05 9.9825E-05 9.9825E-05 9.9825E-05 9.9825E-05 0.790155 9.9825E-05 9.9825E-05 9.9825E-05 9.9825E-05 0.0274286 0.00855013 9.9825E-05 9.9825E-05 9.9825E-05 9.9825E-05 9.9825E-05 9.9825E-05 0.00275843 9.9825E-05 9.9825E-05 0.0172797 0.0207803 0.123925 9.9825E-05 9.9825E-05
0.00627218 0.098496 0.162746 0.0345637 9.9842E-05 9.9842E-05 9.9842E-05 0.313245 9.9842E-05 9.9842E-05 9.9842E-05 9.9842E-05 9.9842E-05 9.9842E-05 9.9842E-05 9.9842E-05 0.129612 9.9842E-05 0.100236 0.110868 0.0148205 9.9842E-05 9.9842E-05 9.9842E-05 0.0273425 9.9842E-05 9.9842E-05 9.9842E-05
0.142867 9.97985E-05 9.97985E-05 9.97985E-05 9.97985E-05 0.0142577 9.97985E-05 9.97985E-05 9.97985E-05 0.671087 9.97985E-05 9.97985E-05 9.97985E-05 9.97985E-05 9.97985E-05 9.97985E-05 9.97985E-05 9.97985E-05 9.97985E-05 9.97985E-05 9.97985E-05 0.0398299 9.97985E-05 9.97985E-05 9.97985E-05 9.97985E-05 0.129663 9.97985E-05
9.97897E-05 9.97897E-05 0.00758221 9.97897E-05 9.97897E-05 9.97897E-05 9.97897E-05 9.97897E-05 0.00253691 0.953371 9.97897E-05 9.97897E-05 0.0341147 9.97897E-05 9.97897E-05 9.97897E-05 9.97897E-05 9.97897E-05 9.97897E-05 9.97897E-05 9.97897E-05 9.97897E-05 9.97897E-05 9.97897E-05 9.97897E-05 9.97897E-05 9.97897E-05 9.97897E-05
9.98335E-05 9.98335E-05 9.98335E-05 9.98335E-05 0.152162 0.0299995 9.98335E-05 0.66321 9.98335E-05 9.98335E-05 9.98335E-05 9.98335E-05 0.00747019 9.98335E-05 9.98335E-05 9.98335E-05 9.98335E-05 0.000299145 9.98335E-05 9.98335E-05 0.015399 9.98335E-05 9.98335E-05 9.98335E-05 0.036982 0.0393696 0.0532115 9.98335E-05
9.9781E-05 9.9781E-05 0.0978391 9.9781E-05 9.9781E-05 9.9781E-05 9.9781E-05 0.77543 0.124237 9.9781E-05 9.9781E-05 9.9781E-05 9.9781E-05 9.9781E-05 9.9781E-05 9.9781E-05 9.9781E-05 9.9781E-05 9.9781E-05 9.9781E-05 9.9781E-05 9.9781E-05 9.9781E-05 9.9781E-05 9.9781E-05 9.9781E-05 9.9781E-05 9.9781E-05
9.98247E-05 0.0218588 9.98247E-05 9.98247E-05 0.0118741 9.98247E-05 0.0124551 0.641612 9.98247E-05 0.0919975 9.98247E-05 9.98247E-05 9.98247E-05 0.0487988 9.98247E-05 9.98247E-05 0.0582996 9.98247E-05 9.98247E-05 0.111107 9.98247E-05 9.98247E-05 9.98247E-05 9.98247E-05 9.98247E-05 9.98247E-05 9.98247E-05 9.98247E-05
9.97897E-05 9.97897E-05 9.97897E-05 9.97897E-05 9.97897E-05 9.97897E-05 9.97897E-05 9.97897E-05 9.97897E-05 0.856638 9.97897E-05 9.97897E-05 0.0554236 0.0612784 9.97897E-05 9.97897E-05 9.97897E-05 9.97897E-05 9.97897E-05 9.97897E-05 9.97897E-05 9.97897E-05 9.97897E-05 9.97897E-05 0.024265 9.97897E-05 9.97897E-05 9.97897E-05
9.97897E-05 0.00951102 0.0357208 0.0858472 9.97897E-05 9.97897E-05 9.97897E-05 9.97897E-05 9.97897E-05 0.866526 9.97897E-05 9.97897E-05 9.97897E-05 9.97897E-05 9.97897E-05 9.97897E-05 9.97897E-05 9.97897E-05 9.97897E-05 9.97897E-05 9.97897E-05 9.97897E-05 9.97897E-05 9.97897E-05 9.97897E-05 9.97897E-05 9.97897E-05 9.97897E-05
9.97808E-05 0.025253 9.97808E-05 9.97808E-05 9.97808E-05 9.97808E-05 9.97808E-05 0.941942 9.97808E-05 9.97808E-05 9.97808E-05 9.97808E-05 9.97808E-05 9.97808E-05 9.97808E-05 9.97808E-05 9.97808E-05 9.97808E-05 9.97808E-05 9.97808E-05 9.97808E-05 9.97808E-05 9.97808E-05 0.0303108 9.97808E-05 9.97808E-05 9.97808E-05 9.97808E-05
9.97982E-05 9.97982E-05 0.0814471 9.97982E-05 9.97982E-05 9.97982E-05 9.97982E-05 9.97982E-05 9.97982E-05 9.97982E-05 9.97982E-05 0.0246865 9.97982E-05 9.97982E-05 9.97982E-05 9.97982E-05 0.828128 9.97982E-05 9.97982E-05 9.97982E-05 9.97982E-05 9.97982E-05 9.97982E-05 0.0431696 0.0202736 9.97982E-05 9.97982E-05 9.97982E-05
9.9772E-05 9.9772E-05 9.9772E-05 0.0244419 9.9772E-05 9.9772E-05 9.9772E-05 9.9772E-05 9.9772E-05 9.9772E-05 9.9772E-05 9.9772E-05 9.9772E-05 9.9772E-05 9.9772E-05 9.9772E-05 9.9772E-05 0.972964 9.9772E-05 9.9772E-05 9.9772E-05 9.9772E-05 9.9772E-05 9.9772E-05 9.9772E-05 9.9772E-05 9.9772E-05 9.9772E-05
9.97805E-05 9.97805E-05 9.97805E-05 9.97805E-05 9.97805E-05 9.97805E-05 9.97805E-05 9.97805E-05 9.97805E-05 9.97805E-05 9.97805E-05 9.97805E-05 0.0564192 9.97805E-05 9.97805E-05 9.97805E-05 9.97805E-05 0.926641 9.97805E-05 9.97805E-05 9.97805E-05 9.97805E-05 9.97805E-05 9.97805E-05 9.97805E-05 0.0144456 9.97805E-05 9.97805E-05
9.98071E-05 9.98071E-05 9.98071E-05 9.98071E-05 9.98071E-05 9.98071E-05 9.98071E-05 9.98071E-05 9.98071E-05 9.98071E-05 9.98071E-05 0.236221 0.0296943 9.98071E-05 9.98071E-05 9.98071E-05 0.529949 9.98071E-05 9.98071E-05 0.112661 9.98071E-05 9.98071E-05 9.98071E-05 9.98071E-05 0.0890996 0.000179079 9.98071E-05 9.98071E-05
9.98331E-05 0.0141866 0.00406486 0.0589117 0.0399817 9.98331E-05 9.98331E-05 9.98331E-05 9.98331E-05 9.98331E-05 9.98331E-05 9.98331E-05 0.0108583 9.98331E-05 9.98331E-05 9.98331E-05 0.701331 9.98331E-05 9.98331E-05 9.98331E-05 9.98331E-05 9.98331E-05 9.98331E-05 9.98331E-05 0.00549115 0.0757073 0.0875702 9.98331E-05
0.0235198 9.97979E-05 0.0737323 9.97979E-05 9.97979E-05 9.97979E-05 9.97979E-05 9.97979E-05 9.97979E-05 9.97979E-05 9.97979E-05 9.97979E-05 9.97979E-05 9.97979E-05 0.0339332 9.97979E-05 0.848746 9.97979E-05 9.97979E-05 9.97979E-05 9.97979E-05 9.97979E-05 9.97979E-05 9.97979E-05 0.0177737 9.97979E-05 9.97979E-05 9.97979E-05
9.97806E-05 9.97806E-05 0.0839506 9.97806E-05 9.97806E-05 9.97806E-05 9.97806E-05 9.97806E-05 9.97806E-05 9.97806E-05 9.97806E-05 0.237544 9.97806E-05 9.97806E-05 9.97806E-05 9.97806E-05 0.676011 9.97806E-05 9.97806E-05 9.97806E-05 9.97806E-05 9.97806E-05 9.97806E-05 9.97806E-05 9.97806E-05 9.97806E-05 9.97806E-05 9.97806E-05
9.98068E-05 9.98068E-05 0.0403838 9.98068E-05 9.98068E-05 9.98068E-05 9.98068E-05 9.98068E-05 9.98068E-05 9.98068E-05 9.98068E-05 0.0674054 0.11698 9.98068E-05 9.98068E-05 9.98068E-05 0.694067 9.98068E-05 9.98068E-05 0.0311681 9.98068E-05 9.98068E-05 9.98068E-05 9.98068E-05 0.0477999 9.98068E-05 9.98068E-05 9.98068E-05
9.97808E-05 9.97808E-05 9.97808E-05 9.97808E-05 9.97808E-05 9.97808E-05 9.97808E-05 9.97808E-05 9.97808E-05 9.97808E-05 9.97808E-05 9.97808E-05 9.97808E-05 9.97808E-05 9.97808E-05 9.97808E-05 0.43715 0.539584 0.0207716 9.97808E-05 9.97808E-05 9.97808E-05 9.97808E-05 9.97808E-05 9.97808E-05 9.97808E-05 9.97808E-05 9.97808E-05
9.97632E-05 9.97632E-05 9.97632E-05 9.97632E-05 9.97632E-05 9.97632E-05 9.97632E-05 9.97632E-05 9.97632E-05 9.97632E-05 9.97632E-05 9.97632E-05 9.97632E-05 9.97632E-05 9.97632E-05 9.97632E-05 0.997306 9.97632E-05 9.97632E-05 9.97632E-05 9.97632E-05 9.97632E-05 9.97632E-05 9.97632E-05 9.97632E-05 9.97632E-05 9.97632E-05 9.97632E-05
9.97891E-05 0.0952395 0.216543 9.97891E-05 9.97891E-05 9.97891E-05 9.97891E-05 9.97891E-05 9.97891E-05 9.97891E-05 9.97891E-05 9.97891E-05 9.97891E-05 9.97891E-05 9.97891E-05 9.97891E-05 0.680758 9.97891E-05 9.97891E-05 9.97891E-05 9.97891E-05 9.97891E-05 9.97891E-05 9.97891E-05 0.00506442 9.97891E-05 9.97891E-05 9.97891E-05
9.98069E-05 9.98069E-05 0.0133655 9.98069E-05 9.98069E-05 0.159362 9.98069E-05 9.98069E-05 9.98069E-05 9.98069E-05 9.98069E-05 0.00552573 9.98069E-05 9.98069E-05 0.0533816 9.98069E-05 0.678125 9.98069E-05 9.98069E-05 9.98069E-05 9.98069E-05 9.98069E-05 9.98069E-05 9.98069E-05 9.98069E-05 9.98069E-05 0.088045 9.98069E-05
9.98243E-05 0.0495108 9.98243E-05 9.98243E-05 9.98243E-05 0.0537081 0.138179 9.98243E-05 9.98243E-05 9.98243E-05 9.98243E-05 9.98243E-05 9.98243E-05 0.00332119 0.114419 9.98243E-05 0.571831 9.98243E-05 9.98243E-05 0.0134058 9.98243E-05 9.98243E-05 9.98243E-05 9.98243E-05 0.053628 9.98243E-05 9.98243E-05 9.98243E-05
9.97805E-05 9.97805E-05 0.181055 9.97805E-05 9.97805E-05 9.97805E-05 9.97805E-05 9.97805E-05 9.97805E-05 9.97805E-05 9.97805E-05 9.97805E-05 9.97805E-05 9.97805E-05 9.97805E-05 9.97805E-05 0.71234 9.97805E-05 9.97805E-05 9.97805E-05 9.97805E-05 9.97805E-05 9.97805E-05 9.97805E-05 9.97805E-05 9.97805E-05 0.10411 9.97805E-05
0.048419 9.97986E-05 9.97986E-05 9.97986E-05 9.97986E-05 9.97986E-05 9.97986E-05 9.97986E-05 9.97986E-05 9.97986E-05 9.97986E-05 9.97986E-05 9.97986E-05 9.97986E-05 9.97986E-05 9.97986E-05 0.377318 0.502991 9.97986E-05 0.0667879 9.97986E-05 9.97986E-05 9.97986E-05 9.97986E-05 9.97986E-05 0.00218939 9.97986E-05 9.97986E-05
9.97723E-05 9.97723E-05 9.97723E-05 9.97723E-05 9.97723E-05 9.97723E-05 9.97723E-05 9.97723E-05 9.97723E-05 9.97723E-05 9.97723E-05 9.97723E-05 9.97723E-05 9.97723E-05 9.97723E-05 0.00709427 0.990312 9.97723E-05 9.97723E-05 9.97723E-05 9.97723E-05 9.97723E-05 9.97723E-05 9.97723E-05 9.97723E-05 9.97723E-05 9.97723E-05 9.97723E-05
9.97893E-05 9.97893E-05 9.97893E-05 9.97893E-05 9.97893E-05 9.97893E-05 9.97893E-05 9.97893E-05 9.97893E-05 9.97893E-05 9.97893E-05 9.97893E-05 9.97893E-05 0.0205122 9.97893E-05 9.97893E-05 0.834939 9.97893E-05 9.97893E-05 9.97893E-05 9.97893E-05 9.97893E-05 9.97893E-05 0.140196 9.97893E-05 0.00195708 9.97893E-05 9.97893E-05
9.97981E-05 0.0785504 9.97981E-05 0.0317822 9.97981E-05 9.97981E-05 9.97981E-05 9.97981E-05 9.97981E-05 9.97981E-05 0.0431733 9.97981E-05 9.97981E-05 0.0136737 9.97981E-05 9.97981E-05 0.830525 9.97981E-05 9.97981E-05 9.97981E-05 9.97981E-05 9.97981E-05 9.97981E-05 9.97981E-05 9.97981E-05 9.97981E-05 9.97981E-05 9.97981E-05
9.97807E-05 0.0242218 9.97807E-05 9.97807E-05 9.97807E-05 9.97807E-05 9.97807E-05 9.97807E-05 9.97807E-05 9.97807E-05 9.97807E-05 9.97807E-05 0.0692402 9.97807E-05 9.97807E-05 9.97807E-05 0.904043 9.97807E-05 9.97807E-05 9.97807E-05 9.97807E-05 9.97807E-05 9.97807E-05 9.97807E-05 9.97807E-05 9.97807E-05 9.97807E-05 9.97807E-05
9.97803E-05 9.97803E-05 0.183555 9.97803E-05 9.97803E-05 9.97803E-05 9.97803E-05 9.97803E-05 9.97803E-05 9.97803E-05 9.97803E-05 9.97803E-05 9.97803E-05 9.97803E-05 9.97803E-05 9.97803E-05 0.771178 9.97803E-05 9.97803E-05 9.97803E-05 0.042772 9.97803E-05 9.97803E-05 9.97803E-05 9.97803E-05 9.97803E-05 9.97803E-05 9.97803E-05
9.97633E-05 9.97633E-05 9.97633E-05 9.97633E-05 9.97633E-05 9.97633E-05 9.97633E-05 9.97633E-05 9.97633E-05 9.97633E-05 9.97633E-05 9.97633E-05 9.97633E-05 9.97633E-05 9.97633E-05 9.97633E-05 9.97633E-05 0.997306 9.97633E-05 9.97633E-05 9.97633E-05 9.97633E-05 9.97633E-05 9.97633E-05 9.97633E-05 9.97633E-05 9.97633E-05 9.97633E-05
9.97805E-05 9.97805E-05 0.00142291 9.97805E-05 9.97805E-05 9.97805E-05 9.97805E-05 9.97805E-05 9.97805E-05 9.97805E-05 9.97805E-05 9.97805E-05 9.97805E-05 9.97805E-05 9.97805E-05 9.97805E-05 0.805229 9.97805E-05 9.97805E-05 9.97805E-05 9.97805E-05 9.97805E-05 9.97805E-05 9.97805E-05 9.97805E-05 9.97805E-05 0.190853 9.97805E-05
9.98072E-05 9.98072E-05 0.0518448 9.98072E-05 9.98072E-05 9.98072E-05 9.98072E-05 9.98072E-05 9.98072E-05 9.98072E-05 9.98072E-05 0.101344 9.98072E-05 9.98072E-05 0.0642917 9.98072E-05 0.64506 9.98072E-05 9.98072E-05 0.0233301 9.98072E-05 9.98072E-05 9.98072E-05 9.98072E-05 9.98072E-05 9.98072E-05 9.98072E-05 0.111933
0.00776257 9.98158E-05 9.98158E-05 9.98158E-05 9.98158E-05 9.98158E-05 9.98158E-05 9.98158E-05 9.98158E-05 9.98158E-05 0.012293 9.98158E-05 0.059223 0.0552627 9.98158E-05 9.98158E-05 0.767959 9.98158E-05 0.0100267 9.98158E-05 9.98158E-05 9.98158E-05 9.98158E-05 9.98158E-05 9.98158E-05 0.0853773 9.98158E-05 9.98158E-05
9.97806E-05 0.114307 9.97806E-05 9.97806E-05 9.97806E-05 9.97806E-05 9.97806E-05 9.97806E-05 9.97806E-05 9.97806E-05 9.97806E-05 9.97806E-05 9.97806E-05 9.97806E-05 0.0404022 9.97806E-05 0.842796 9.97806E-05 9.97806E-05 9.97806E-05 9.97806E-05 9.97806E-05 9.97806E-05 9.97806E-05 9.97806E-05 9.97806E-05 9.97806E-05 9.97806E-05
9.97897E-05 9.97897E-05 0.0019423 9.97897E-05 9.97897E-05 9.97897E-05 9.97897E-05 9.97897E-05 9.97897E-05 9.97897E-05 9.97897E-05 9.97897E-05 9.97897E-05 9.97897E-05 9.97897E-05 9.97897E-05 9.97897E-05 0.921243 9.97897E-05 0.0639349 9.97897E-05 9.97897E-05 9.97897E-05 9.97897E-05 0.0104847 9.97897E-05 9.97897E-05 9.97897E-05
9.97724E-05 9.97724E-05 9.97724E-05 9.97724E-05 9.97724E-05 9.97724E-05 9.97724E-05 9.97724E-05 9.97724E-05 9.97724E-05 9.97724E-05 9.97724E-05 9.97724E-05 9.97724E-05 9.97724E-05 9.97724E-05 0.82818 0.169226 9.97724E-05 9.97724E-05 9.97724E-05 9.97724E-05 9.97724E-05 9.97724E-05 9.97724E-05 9.97724E-05 9.97724E-05 9.97724E-05
9.97719E-05 9.97719E-05 0.0126149 9.97719E-05 9.97719E-05 9.97719E-05 9.97719E-05 9.97719E-05 9.97719E-05 9.97719E-05 9.97719E-05 9.97719E-05 9.97719E-05 9.97719E-05 9.97719E-05 9.97719E-05 9.97719E-05 0.984791 9.97719E-05 9.97719E-05 9.97719E-05 9.97719E-05 9.97719E-05 9.97719E-05 9.97719E-05 9.97719E-05 9.97719E-05 9.97719E-05
9.97723E-05 9.97723E-05 9.97723E-05 9.97723E-05 9.97723E-05 9.97723E-05 9.97723E-05 9.97723E-05 9.97723E-05 9.97723E-05 9.97723E-05 9.97723E-05 0.0697482 9.97723E-05 9.97723E-05 9.97723E-05 0.927658 9.97723E-05 9.97723E-05 9.97723E-05 9.97723E-05 9.97723E-05 9.97723E-05 9.97723E-05 9.97723E-05 9.97723E-05 9.97723E-05 9.97723E-05
9.97983E-05 9.97983E-05 0.145001 9.97983E-05 9.97983E-05 0.0433595 9.97983E-05 9.97983E-05 9.97983E-05 9.97983E-05 9.97983E-05 9.97983E-05 9.97983E-05 9.97983E-05 9.97983E-05 9.97983E-05 9.97983E-05 0.713091 9.97983E-05 9.97983E-05 9.97983E-05 9.97983E-05 9.97983E-05 9.97983E-05 0.0162927 9.97983E-05 9.97983E-05 0.07996
9.97895E-05 9.97895E-05 0.0552089 9.97895E-05 9.97895E-05 9.97895E-05 9.97895E-05 9.97895E-05 9.97895E-05 9.97895E-05 9.97895E-05 9.97895E-05 9.97895E-05 9.97895E-05 9.97895E-05 0.000888442 9.97895E-05 9.97895E-05 9.97895E-05 0.829833 9.97895E-05 9.97895E-05 9.97895E-05 9.97895E-05 0.111675 9.97895E-05 9.97895E-05 9.97895E-05
9.97894E-05 9.97894E-05 9.97894E-05 9.97894E-05 9.97894E-05 9.97894E-05 9.97894E-05 9.97894E-05 9.97894E-05 9.97894E-05 9.97894E-05 9.97894E-05 9.97894E-05 9.97894E-05 9.97894E-05 9.97894E-05 9.97894E-05 9.97894E-05 9.97894E-05 0.0426872 9.97894E-05 9.97894E-05 0.670768 9.97894E-05 0.0854465 9.97894E-05 9.97894E-05 0.198704
9.9807E-05 9.9807E-05 0.0515674 9.9807E-05 9.9807E-05 9.9807E-05 0.0507049 9.9807E-05 0.00500513 9.9807E-05 9.9807E-05 9.9807E-05 9.9807E-05 9.9807E-05 9.9807E-05 9.9807E-05 0.0103564 9.9807E-05 9.9807E-05 0.859669 9.9807E-05 9.9807E-05 9.9807E-05 9.9807E-05 9.9807E-05 9.9807E-05 0.0205011 9.9807E-05
9.97892E-05 0.0157887 0.116205 9.97892E-05 9.97892E-05 9.97892E-05 9.97892E-05 9.97892E-05 9.97892E-05 9.97892E-05 9.97892E-05 9.97892E-05 0.0462792 9.97892E-05 9.97892E-05 9.97892E-05 9.97892E-05 9.97892E-05 9.97892E-05 0.819332 9.97892E-05 9.97892E-05 9.97892E-05 9.97892E-05 9.97892E-05 9.97892E-05 9.97892E-05 9.97892E-05
0.0270694 9.97893E-05 9.97893E-05 9.97893E-05 9.97893E-05 9.97893E-05 9.97893E-05 9.97893E-05 9.97893E-05 9.97893E-05 9.97893E-05 9.97893E-05 9.97893E-05 9.97893E-05 0.000351499 9.97893E-05 9.97893E-05 9.97893E-05 9.97893E-05 0.877211 9.97893E-05 9.97893E-05 9.97893E-05 9.97893E-05 0.0929733 9.97893E-05 9.97893E-05 9.97893E-05
9.97983E-05 9.97983E-05 0.129155 0.0582732 9.97983E-05 9.97983E-05 9.97983E-05 9.97983E-05 9.97983E-05 9.97983E-05 9.97983E-05 9.97983E-05 9.97983E-05 9.97983E-05 9.97983E-05 9.97983E-05 9.97983E-05 9.97983E-05 9.97983E-05 0.591792 9.97983E-05 9.97983E-05 9.97983E-05 9.97983E-05 0.162315 9.97983E-05 9.97983E-05 0.0561681
9.9807E-05 9.9807E-05 0.0292914 9.9807E-05 9.9807E-05 9.9807E-05 9.9807E-05 9.9807E-05 9.9807E-05 9.9807E-05 9.9807E-05 9.9807E-05 9.9807E-05 9.9807E-05 0.0514091 9.9807E-05 9.9807E-05 9.9807E-05 9.9807E-05 0.71197 9.9807E-05 9.9807E-05 9.9807E-05 9.9807E-05 0.0522298 9.9807E-05 0.0526851 0.100219
9.97719E-05 9.97719E-05 9.97719E-05 9.97719E-05 9.97719E-05 9.97719E-05 9.97719E-05 9.97719E-05 9.97719E-05 9.97719E-05 9.97719E-05 9.97719E-05 9.97719E-05 9.97719E-05 9.97719E-05 9.97719E-05 9.97719E-05 9.97719E-05 9.97719E-05 0.85478 9.97719E-05 9.97719E-05 9.97719E-05 9.97719E-05 0.142626 9.97719E-05 9.97719E-05 9.97719E-05
9.97807E-05 9.97807E-05 9.97807E-05 9.97807E-05 9.97807E-05 9.97807E-05 9.97807E-05 9.97807E-05 9.97807E-05 9.97807E-05 9.97807E-05 0.226952 9.97807E-05 9.97807E-05 9.97807E-05 9.97807E-05 9.97807E-05 9.97807E-05 9.97807E-05 0.48046 9.97807E-05 9.97807E-05 9.97807E-05 9.97807E-05 0.290094 9.97807E-05 9.97807E-05 9.97807E-05
9.98071E-05 9.98071E-05 0.172756 0.105093 9.98071E-05 9.98071E-05 9.98071E-05 9.98071E-05 9.98071E-05 9.98071E-05 9.98071E-05 9.98071E-05 9.98071E-05 9.98071E-05 0.0270558 9.98071E-05 9.98071E-05 9.98071E-05 9.98071E-05 0.441615 9.98071E-05 9.98071E-05 9.98071E-05 9.98071E-05 0.213786 9.98071E-05 0.0374988 9.98071E-05
9.9807E-05 9.9807E-05 0.00177595 9.9807E-05 9.9807E-05 9.9807E-05 9.9807E-05 9.9807E-05 9.9807E-05 9.9807E-05 9.9807E-05 0.128453 9.9807E-05 9.9807E-05 9.9807E-05 0.243553 9.9807E-05 9.9807E-05 9.9807E-05 0.338792 9.9807E-05 9.9807E-05 0.252067 9.9807E-05 0.0331632 9.9807E-05 9.9807E-05 9.9807E-05
9.97982E-05 0.0689541 0.0394994 9.97982E-05 9.97982E-05 9.97982E-05 9.97982E-05 9.97982E-05 9.97982E-05 9.97982E-05 9.97982E-05 0.122278 9.97982E-05 9.97982E-05 9.97982E-05 9.97982E-05 9.97982E-05 9.97982E-05 9.97982E-05 0.522279 9.97982E-05 9.97982E-05 0.244694 9.97982E-05 9.97982E-05 9.97982E-05 9.97982E-05 9.97982E-05
9.9781E-05 9.9781E-05 9.9781E-05 9.9781E-05 9.9781E-05 9.9781E-05 9.9781E-05 9.9781E-05 9.9781E-05 9.9781E-05 9.9781E-05 9.9781E-05 9.9781E-05 9.9781E-05 9.9781E-05 9.9781E-05 9.9781E-05 9.9781E-05 9.9781E-05 0.758024 9.9781E-05 9.9781E-05 0.191955 9.9781E-05 0.0475263 9.9781E-05 9.9781E-05 9.9781E-05
0.0152755 9.97986E-05 0.245528 9.97986E-05 9.97986E-05 9.97986E-05 9.97986E-05 9.97986E-05 9.97986E-05 9.97986E-05 9.97986E-05 9.97986E-05 9.97986E-05 9.97986E-05 9.97986E-05 0.169853 9.97986E-05 9.97986E-05 9.97986E-05 0.448037 9.97986E-05 9.97986E-05 9.97986E-05 9.97986E-05 0.119011 9.97986E-05 9.97986E-05 9.97986E-05
9.98071E-05 9.98071E-05 9.98071E-05 9.98071E-05 9.98071E-05 0.0489941 9.98071E-05 9.98071E-05 9.98071E-05 9.98071E-05 0.136975 9.98071E-05 0.0868125 9.98071E-05 9.98071E-05 9.98071E-05 9.98071E-05 9.98071E-05 9.98071E-05 0.44125 9.98071E-05 9.98071E-05 9.98071E-05 9.98071E-05 0.0668713 9.98071E-05 9.98071E-05 0.216901
9.98333E-05 0.0341192 0.0674377 0.0215603 0.00248501 9.98333E-05 9.98333E-05 9.98333E-05 9.98333E-05 9.98333E-05 9.98333E-05 0.0243838 9.98333E-05 9.98333E-05 9.98333E-05 0.0593554 9.98333E-05 9.98333E-05 0.165162 0.543328 9.98333E-05 9.98333E-05 9.98333E-05 0.0802726 9.98333E-05 9.98333E-05 9.98333E-05 9.98333E-05
9.97983E-05 9.97983E-05 0.0670416 9.97983E-05 0.0563891 9.97983E-05 9.97983E-05 9.97983E-05 9.97983E-05 9.97983E-05 9.97983E-05 0.228972 9.97983E-05 9.97983E-05 9.97983E-05 0.109845 9.97983E-05 9.97983E-05 9.97983E-05 0.535457 9.97983E-05 9.97983E-05 9.97983E-05 9.97983E-05 9.97983E-05 9.97983E-05 9.97983E-05 9.97983E-05
9.98161E-05 9.98161E-05 9.98161E-05 9.98161E-05 9.98161E-05 9.98161E-05 0.0142519 9.98161E-05 9.98161E-05 9.98161E-05 0.0659307 9.98161E-05 9.98161E-05 9.98161E-05 9.98161E-05 0.0156043 9.98161E-05 9.98161E-05 9.98161E-05 0.591398 9.98161E-05 9.98161E-05 0.092657 9.98161E-05 0.127533 9.98161E-05 0.0905286 9.98161E-05
9.97721E-05 9.97721E-05 9.97721E-05 9.97721E-05 9.97721E-05 9.97721E-05 9.97721E-05 9.97721E-05 9.97721E-05 9.97721E-05 9.97721E-05 9.97721E-05 9.97721E-05 9.97721E-05 9.97721E-05 0.109548 9.97721E-05 9.97721E-05 9.97721E-05 0.887858 9.97721E-05 9.97721E-05 9.97721E-05 9.97721E-05 9.97721E-05 9.97721E-05 9.97721E-05 9.97721E-05
9.9842E-05 0.0003158 0.0242155 0.0124671 0.0893923 0.0107658 9.9842E-05 9.9842E-05 9.9842E-05 9.9842E-05 9.9842E-05 9.9842E-05 9.9842E-05 9.9842E-05 9.9842E-05 9.9842E-05 0.0020628 9.9842E-05 0.0484528 0.381681 9.9842E-05 9.9842E-05 0.32723 9.9842E-05 0.10162 9.9842E-05 9.9842E-05 9.9842E-05
9.9807E-05 9.9807E-05 0.0465673 9.9807E-05 9.9807E-05 9.9807E-05 0.0408798 9.9807E-05 9.9807E-05 9.9807E-05 0.0373633 0.0657416 9.9807E-05 9.9807E-05 9.9807E-05 0.128494 9.9807E-05 9.9807E-05 9.9807E-05 0.678758 9.9807E-05 9.9807E-05 9.9807E-05 9.9807E-05 9.9807E-05 9.9807E-05 9.9807E-05 9.9807E-05
9.97984E-05 0.101929 9.97984E-05 9.97984E-05 9.97984E-05 9.97984E-05 9.97984E-05 9.97984E-05 9.97984E-05 9.97984E-05 9.97984E-05 9.97984E-05 0.018719 9.97984E-05 9.97984E-05 0.00613819 9.97984E-05 9.97984E-05 9.97984E-05 0.856725 9.97984E-05 9.97984E-05 9.97984E-05 9.97984E-05 0.0141931 9.97984E-05 9.97984E-05 9.97984E-05
0.00307534 0.0314882 0.179368 9.98158E-05 9.98158E-05 9.98158E-05 9.98158E-05 9.98158E-05 9.98158E-05 9.98158E-05 9.98158E-05 0.101896 9.98158E-05 0.0458659 9.98158E-05 9.98158E-05 9.98158E-05 9.98158E-05 9.98158E-05 0.50794 9.98158E-05 9.98158E-05 9.98158E-05 9.98158E-05 0.128271 9.98158E-05 9.98158E-05 9.98158E-05
9.97983E-05 9.97983E-05 9.97983E-05 9.97983E-05 9.97983E-05 9.97983E-05 9.97983E-05 9.97983E-05 0.0232132 9.97983E-05 9.97983E-05 9.97983E-05 9.97983E-05 9.97983E-05 9.97983E-05 9.97983E-05 9.97983E-05 9.97983E-05 9.97983E-05 0.590863 9.97983E-05 9.97983E-05 0.206542 9.97983E-05 0.117304 9.97983E-05 9.97983E-05 0.0597824
9.9807E-05 9.9807E-05 0.181922 9.9807E-05 0.0472087 9.9807E-05 9.9807E-05 9.9807E-05 9.9807E-05 9.9807E-05 9.9807E-05 0.0640939 9.9807E-05 9.9807E-05 9.9807E-05 9.9807E-05 9.9807E-05 9.9807E-05 9.9807E-05 0.430636 9.9807E-05 0.081298 9.9807E-05 9.9807E-05 0.192646 9.9807E-05 9.9807E-05 9.9807E-05
9.98333E-05 9.98333E-05 0.0724709 9.98333E-05 9.98333E-05 0.0247269 9.98333E-05 9.98333E-05 9.98333E-05 9.98333E-05 9.98333E-05 0.0088575 9.98333E-05 9.98333E-05 0.00722048 0.0591089 0.0647927 9.98333E-05 9.98333E-05 0.162815 9.98333E-05 9.98333E-05 0.412532 9.98333E-05 0.185579 9.98333E-05 9.98333E-05 9.98333E-05
0.122088 9.97896E-05 9.97896E-05 9.97896E-05 9.97896E-05 9.97896E-05 9.97896E-05 9.97896E-05 9.97896E-05 9.97896E-05 0.0233035 9.97896E-05 9.97896E-05 9.97896E-05 9.97896E-05 9.97896E-05 9.97896E-05 9.97896E-05 9.97896E-05 9.97896E-05 9.97896E-05 9.97896E-05 9.97896E-05 9.97896E-05 9.97896E-05 0.011001 9.97896E-05 0.841213
9.9798E-05 9.9798E-05 0.0087212 9.9798E-05 9.9798E-05 9.9798E-05 0.0561267 9.9798E-05 9.9798E-05 9.9798E-05 9.9798E-05 9.9798E-05 9.9798E-05 0.00398688 9.9798E-05 9.9798E-05 9.9798E-05 9.9798E-05 9.9798E-05 0.795094 9.9798E-05 9.9798E-05 9.9798E-05 9.9798E-05 0.133776 9.9798E-05 9.9798E-05 9.9798E-05
9.97895E-05 9.97895E-05 0.147927 9.97895E-05 9.97895E-05 9.97895E-05 9.97895E-05 9.97895E-05 9.97895E-05 9.97895E-05 9.97895E-05 9.97895E-05 9.97895E-05 9.97895E-05 9.97895E-05 9.97895E-05 9.97895E-05 9.97895E-05 9.97895E-05 0.446065 9.97895E-05 9.97895E-05 0.153927 9.97895E-05 0.249686 9.97895E-05 9.97895E-05 9.97895E-05
9.97983E-05 0.0538492 0.0761691 9.97983E-05 0.0684452 9.97983E-05 9.97983E-05 9.97983E-05 9.97983E-05 9.97983E-05 9.97983E-05 9.97983E-05 9.97983E-05 9.97983E-05 9.97983E-05 9.97983E-05 9.97983E-05 9.97983E-05 9.97983E-05 0.521739 9.97983E-05 9.97983E-05 9.97983E-05 9.97983E-05 9.97983E-05 9.97983E-05 9.97983E-05 0.277502
9.98072E-05 0.0171008 0.159683 9.98072E-05 9.98072E-05 0.040571 9.98072E-05 9.98072E-05 9.98072E-05 9.98072E-05 9.98072E-05 9.98072E-05 9.98072E-05 9.98072E-05 9.98072E-05 9.98072E-05 9.98072E-05 9.98072E-05 9.98072E-05 0.627721 9.98072E-05 9.98072E-05 0.131432 9.98072E-05 0.0212957 9.98072E-05 9.98072E-05 9.98072E-05
9.97982E-05 9.97982E-05 0.044819 9.97982E-05 0.04444 9.97982E-05 9.97982E-05 9.97982E-05 9.97982E-05 9.97982E-05 9.97982E-05 9.97982E-05 9.97982E-05 9.97982E-05 0.00261035 9.97982E-05 9.97982E-05 9.97982E-05 9.97982E-05 0.874478 9.97982E-05 9.97982E-05 9.97982E-05 9.97982E-05 9.97982E-05 9.97982E-05 9.97982E-05 0.0313573
9.97982E-05 9.97982E-05 0.106537 9.97982E-05 0.114389 9.97982E-05 0.095219 9.97982E-05 9.97982E-05 9.97982E-05 9.97982E-05 9.97982E-05 9.97982E-05 9.97982E-05 9.97982E-05 9.97982E-05 9.97982E-05 9.97982E-05 9.97982E-05 0.422105 9.97982E-05 9.97982E-05 9.97982E-05 9.97982E-05 0.259455 9.97982E-05 9.97982E-05 9.97982E-05
9.97894E-05 9.97894E-05 0.0194859 9.97894E-05 9.97894E-05 9.97894E-05 9.97894E-05 9.97894E-05 9.97894E-05 9.97894E-05 9.97894E-05 9.97894E-05 9.97894E-05 9.97894E-05 9.97894E-05 9.97894E-05 9.97894E-05 9.97894E-05 9.97894E-05 0.77181 9.97894E-05 9.97894E-05 9.97894E-05 9.97894E-05 0.0555334 9.97894E-05 0.150775 9.97894E-05
9.97809E-05 9.97809E-05 0.00996693 9.97809E-05 9.97809E-05 9.97809E-05 9.97809E-05 9.97809E-05 9.97809E-05 9.97809E-05 9.97809E-05 9.97809E-05 9.97809E-05 9.97809E-05 9.97809E-05 9.97809E-05 9.97809E-05 9.97809E-05 9.97809E-05 0.825279 9.97809E-05 9.97809E-05 0.16226 9.97809E-05 9.97809E-05 9.97809E-05 9.97809E-05 9.97809E-05
