9.98508E-05 0.0583365 9.98508E-05 9.98508E-05 0.0924642 9.98508E-05 0.181754 9.98508E-05 9.98508E-05 9.98508E-05 9.98508E-05 0.112237 9.98508E-05 9.98508E-05 0.0222508 0.229444 9.98508E-05 0.170792 9.98508E-05 9.98508E-05 9.98508E-05 9.98508E-05 0.0349061 9.98508E-05 9.98508E-05 0.0961178
9.98248E-05 9.98248E-05 9.98248E-05 9.98248E-05 9.98248E-05 9.98248E-05 9.98248E-05 9.98248E-05 9.98248E-05 9.98248E-05 0.0117125 9.98248E-05 9.98248E-05 0.00617119 0.114458 0.733303 9.98248E-05 9.98248E-05 9.98248E-05 9.98248E-05 9.98248E-05 0.0313855 9.98248E-05 9.98248E-05 9.98248E-05 0.100973
9.97896E-05 0.977704 9.97896E-05 9.97896E-05 9.97896E-05 9.97896E-05 9.97896E-05 9.97896E-05 9.97896E-05 9.97896E-05 9.97896E-05 0.0199014 9.97896E-05 9.97896E-05 9.97896E-05 9.97896E-05 9.97896E-05 9.97896E-05 9.97896E-05 9.97896E-05 9.97896E-05 9.97896E-05 9.97896E-05 9.97896E-05 9.97896E-05 9.97896E-05
9.98509E-05 9.98509E-05 9.98509E-05 9.98509E-05 9.98509E-05 9.98509E-05 0.0473997 0.0707569 9.98509E-05 9.98509E-05 9.98509E-05 9.98509E-05 9.98509E-05 9.98509E-05 9.98509E-05 0.0355602 9.98509E-05 0.390037 9.98509E-05 9.98509E-05 0.0543542 0.073286 0.0333555 0.05768 0.235873 9.98509E-05
9.97984E-05 9.97984E-05 9.97984E-05 9.97984E-05 9.97984E-05 9.97984E-05 9.97984E-05 9.97984E-05 9.97984E-05 9.97984E-05 9.97984E-05 9.97984E-05 9.97984E-05 9.97984E-05 9.97984E-05 0.855558 9.97984E-05 9.97984E-05 9.97984E-05 9.97984E-05 0.0844333 9.97984E-05 9.97984E-05 0.0577136 9.97984E-05 9.97984E-05
9.98422E-05 0.0688165 9.98422E-05 9.98422E-05 9.98422E-05 9.98422E-05 9.98422E-05 9.98422E-05 9.98422E-05 9.98422E-05 9.98422E-05 9.98422E-05 9.98422E-05 9.98422E-05 0.151126 9.98422E-05 9.98422E-05 0.22041 9.98422E-05 9.98422E-05 0.0116431 0.221878 0.0728457 0.223151 9.98422E-05 0.0283324
9.98597E-05 9.98597E-05 0.0496868 9.98597E-05 9.98597E-05 9.98597E-05 0.107047 0.0436714 9.98597E-05 9.98597E-05 9.98597E-05 0.021923 9.98597E-05 0.123036 9.98597E-05 0.233807 9.98597E-05 0.120579 0.110411 9.98597E-05 9.98597E-05 0.0406778 9.98597E-05 9.98597E-05 9.98597E-05 0.147562
9.98422E-05 9.98422E-05 9.98422E-05 0.00604043 0.0996456 0.0789883 0.138985 9.98422E-05 9.98422E-05 9.98422E-05 9.98422E-05 9.98422E-05 9.98422E-05 9.98422E-05 9.98422E-05 9.98422E-05 9.98422E-05 0.363107 9.98422E-05 9.98422E-05 0.100806 0.0908613 0.11977 9.98422E-05 9.98422E-05 9.98422E-05
9.98509E-05 0.159582 0.145526 9.98509E-05 9.98509E-05 9.98509E-05 0.0186749 9.98509E-05 0.0151835 9.98509E-05 9.98509E-05 0.218227 9.98509E-05 9.98509E-05 9.98509E-05 0.089132 0.0310714 0.0801674 9.98509E-05 9.98509E-05 9.98509E-05 9.98509E-05 0.240738 9.98509E-05 9.98509E-05 9.98509E-05
9.97807E-05 9.97807E-05 9.97807E-05 9.97807E-05 9.97807E-05 9.97807E-05 9.97807E-05 9.97807E-05 9.97807E-05 9.97807E-05 9.97807E-05 9.97807E-05 9.97807E-05 9.97807E-05 9.97807E-05 0.997505 9.97807E-05 9.97807E-05 9.97807E-05 9.97807E-05 9.97807E-05 9.97807E-05 9.97807E-05 9.97807E-05 9.97807E-05 9.97807E-05
9.98247E-05 9.98247E-05 9.98247E-05 9.98247E-05 9.98247E-05 9.98247E-05 0.00355718 9.98247E-05 9.98247E-05 9.98247E-05 9.98247E-05 0.107616 9.98247E-05 0.151206 9.98247E-05 0.614519 9.98247E-05 0.0377665 9.98247E-05 9.98247E-05 9.98247E-05 9.98247E-05 0.083339 9.98247E-05 9.98247E-05 9.98247E-05
9.97808E-05 0.997505 9.97808E-05 9.97808E-05 9.97808E-05 9.97808E-05 9.97808E-05 9.97808E-05 9.97808E-05 9.97808E-05 9.97808E-05 9.97808E-05 9.97808E-05 9.97808E-05 9.97808E-05 9.97808E-05 9.97808E-05 9.97808E-05 9.97808E-05 9.97808E-05 9.97808E-05 9.97808E-05 9.97808E-05 9.97808E-05 9.97808E-05 9.97808E-05
9.98072E-05 9.98072E-05 9.98072E-05 9.98072E-05 9.98072E-05 9.98072E-05 0.0334107 9.98072E-05 0.00791118 9.98072E-05 9.98072E-05 0.0352051 9.98072E-05 9.98072E-05 9.98072E-05 0.921277 9.98072E-05 9.98072E-05 9.98072E-05 9.98072E-05 9.98072E-05 9.98072E-05 9.98072E-05 9.98072E-05 9.98072E-05 9.98072E-05
9.97895E-05 9.97895E-05 9.97895E-05 9.97895E-05 9.97895E-05 9.97895E-05 9.97895E-05 9.97895E-05 9.97895E-05 9.97895E-05 9.97895E-05 9.97895E-05 9.97895E-05 0.0134118 9.97895E-05 9.97895E-05 9.97895E-05 0.984193 9.97895E-05 9.97895E-05 9.97895E-05 9.97895E-05 9.97895E-05 9.97895E-05 9.97895E-05 9.97895E-05
0.0852499 0.033936 9.98683E-05 9.98683E-05 9.98683E-05 9.98683E-05 0.0161978 9.98683E-05 0.061084 9.98683E-05 9.98683E-05 0.117327 0.0395447 9.98683E-05 0.207591 0.228697 9.98683E-05 0.00600728 9.98683E-05 9.98683E-05 9.98683E-05 9.98683E-05 0.131534 0.071333 9.98683E-05 9.98683E-05
9.98683E-05 9.98683E-05 9.98683E-05 9.98683E-05 0.00738326 0.132709 0.0531616 0.0697427 9.98683E-05 9.98683E-05 9.98683E-05 0.0626228 0.013578 9.98683E-05 0.129436 9.98683E-05 9.98683E-05 0.296049 9.98683E-05 9.98683E-05 9.98683E-05 9.98683E-05 0.219578 0.0121345 0.002107 9.98683E-05
0.0423376 9.98072E-05 9.98072E-05 9.98072E-05 9.98072E-05 9.98072E-05 9.98072E-05 0.0350117 9.98072E-05 9.98072E-05 9.98072E-05 9.98072E-05 9.98072E-05 9.98072E-05 9.98072E-05 9.98072E-05 9.98072E-05 0.841021 9.98072E-05 9.98072E-05 9.98072E-05 9.98072E-05 9.98072E-05 9.98072E-05 9.98072E-05 0.0794337
9.98421E-05 9.98421E-05 9.98421E-05 9.98421E-05 9.98421E-05 9.98421E-05 0.154438 9.98421E-05 9.98421E-05 0.111761 0.151378 0.130038 9.98421E-05 9.98421E-05 0.228199 0.168961 0.0163314 9.98421E-05 9.98421E-05 9.98421E-05 9.98421E-05 9.98421E-05 0.0370977 9.98421E-05 9.98421E-05 9.98421E-05
9.98419E-05 0.0662439 9.98419E-05 9.98419E-05 9.98419E-05 9.98419E-05 0.200162 9.98419E-05 9.98419E-05 9.98419E-05 9.98419E-05 0.129817 0.0360193 9.98419E-05 9.98419E-05 0.0466608 9.98419E-05 0.30101 9.98419E-05 9.98419E-05 9.98419E-05 0.13585 0.0824397 9.98419E-05 9.98419E-05 9.98419E-05
9.97983E-05 0.158885 9.97983E-05 9.97983E-05 9.97983E-05 9.97983E-05 9.97983E-05 9.97983E-05 9.97983E-05 9.97983E-05 9.97983E-05 9.97983E-05 9.97983E-05 9.97983E-05 9.97983E-05 0.825263 9.97983E-05 9.97983E-05 9.97983E-05 9.97983E-05 9.97983E-05 9.97983E-05 9.97983E-05 9.97983E-05 0.0135558 9.97983E-05
9.98332E-05 9.98332E-05 9.98332E-05 0.0533518 9.98332E-05 9.98332E-05 9.98332E-05 9.98332E-05 9.98332E-05 0.021325 9.98332E-05 0.000979573 9.98332E-05 0.0200954 9.98332E-05 9.98332E-05 0.144686 0.713834 9.98332E-05 9.98332E-05 9.98332E-05 9.98332E-05 0.0438321 9.98332E-05 9.98332E-05 9.98332E-05
9.98246E-05 9.98246E-05 9.98246E-05 9.98246E-05 9.98246E-05 9.98246E-05 0.347902 9.98246E-05 9.98246E-05 9.98246E-05 9.98246E-05 9.98246E-05 0.0285436 9.98246E-05 9.98246E-05 0.306054 9.98246E-05 9.98246E-05 9.98246E-05 9.98246E-05 0.0962532 0.0905358 0.128714 9.98246E-05 9.98246E-05 9.98246E-05
9.98071E-05 0.747924 9.98071E-05 9.98071E-05 9.98071E-05 9.98071E-05 9.98071E-05 9.98071E-05 9.98071E-05 9.98071E-05 9.98071E-05 0.0576089 9.98071E-05 0.0547372 0.137535 9.98071E-05 9.98071E-05 9.98071E-05 9.98071E-05 9.98071E-05 9.98071E-05 9.98071E-05 9.98071E-05 9.98071E-05 9.98071E-05 9.98071E-05
9.98244E-05 9.98244E-05 0.0896498 9.98244E-05 9.98244E-05 0.0123604 0.33589 9.98244E-05 9.98244E-05 9.98244E-05 9.98244E-05 0.145149 9.98244E-05 9.98244E-05 9.98244E-05 0.158869 9.98244E-05 0.256086 9.98244E-05 9.98244E-05 9.98244E-05 9.98244E-05 9.98244E-05 9.98244E-05 9.98244E-05 9.98244E-05
9.98331E-05 9.98331E-05 9.98331E-05 9.98331E-05 9.98331E-05 9.98331E-05 0.130757 9.98331E-05 9.98331E-05 9.98331E-05 9.98331E-05 0.141558 0.0139324 9.98331E-05 9.98331E-05 9.98331E-05 9.98331E-05 0.438944 9.98331E-05 9.98331E-05 9.98331E-05 9.98331E-05 0.0359606 0.149401 0.0875507 9.98331E-05
9.98157E-05 9.98157E-05 9.98157E-05 9.98157E-05 9.98157E-05 9.98157E-05 0.000811664 0.0446525 9.98157E-05 9.98157E-05 9.98157E-05 0.0659586 9.98157E-05 9.98157E-05 9.98157E-05 0.134854 9.98157E-05 0.751627 9.98157E-05 9.98157E-05 9.98157E-05 9.98157E-05 9.98157E-05 9.98157E-05 9.98157E-05 9.98157E-05
9.98245E-05 9.98245E-05 9.98245E-05 9.98245E-05 9.98245E-05 0.0256074 0.359558 9.98245E-05 9.98245E-05 9.98245E-05 0.123551 0.0776395 9.98245E-05 9.98245E-05 9.98245E-05 0.115652 9.98245E-05 9.98245E-05 9.98245E-05 9.98245E-05 9.98245E-05 9.98245E-05 9.98245E-05 0.295997 9.98245E-05 9.98245E-05
9.98248E-05 0.703789 9.98248E-05 9.98248E-05 9.98248E-05 9.98248E-05 0.107213 0.033892 0.0595582 9.98248E-05 9.98248E-05 9.98248E-05 9.98248E-05 0.0173475 9.98248E-05 0.0762032 9.98248E-05 9.98248E-05 9.98248E-05 9.98248E-05 9.98248E-05 9.98248E-05 9.98248E-05 9.98248E-05 9.98248E-05 9.98248E-05
9.98249E-05 0.224503 9.98249E-05 9.98249E-05 9.98249E-05 9.98249E-05 0.0438672 9.98249E-05 9.98249E-05 9.98249E-05 9.98249E-05 0.209485 9.98249E-05 0.0220822 9.98249E-05 0.451283 9.98249E-05 9.98249E-05 9.98249E-05 9.98249E-05 9.98249E-05 9.98249E-05 9.98249E-05 0.0467825 9.98249E-05 9.98249E-05
0.196377 0.77862 9.97982E-05 9.97982E-05 9.97982E-05 9.97982E-05 9.97982E-05 9.97982E-05 9.97982E-05 9.97982E-05 9.97982E-05 9.97982E-05 9.97982E-05 9.97982E-05 9.97982E-05 9.97982E-05 9.97982E-05 9.97982E-05 9.97982E-05 9.97982E-05 9.97982E-05 9.97982E-05 0.0227076 9.97982E-05 9.97982E-05 9.97982E-05
9.98334E-05 0.16884 9.98334E-05 9.98334E-05 9.98334E-05 9.98334E-05 9.98334E-05 9.98334E-05 9.98334E-05 9.98334E-05 0.000736606 0.0624205 0.0153568 0.124684 9.98334E-05 0.594027 9.98334E-05 9.98334E-05 9.98334E-05 9.98334E-05 9.98334E-05 9.98334E-05 9.98334E-05 9.98334E-05 0.0320383 9.98334E-05
9.9851E-05 9.9851E-05 9.9851E-05 9.9851E-05 9.9851E-05 9.9851E-05 0.0526247 9.9851E-05 9.9851E-05 9.9851E-05 9.9851E-05 0.092036 9.9851E-05 0.011764 9.9851E-05 0.0577641 0.000177863 0.692232 9.9851E-05 0.0384581 9.9851E-05 0.0385445 9.9851E-05 0.0147016 9.9851E-05 9.9851E-05
9.9842E-05 9.9842E-05 9.9842E-05 0.00865105 9.9842E-05 0.0156138 0.110392 9.9842E-05 9.9842E-05 9.9842E-05 9.9842E-05 0.0746905 9.9842E-05 0.0818406 0.00536077 0.263758 9.9842E-05 0.437896 9.9842E-05 9.9842E-05 9.9842E-05 9.9842E-05 9.9842E-05 9.9842E-05 9.9842E-05 9.9842E-05
9.98333E-05 0.611191 9.98333E-05 0.0737493 9.98333E-05 9.98333E-05 0.157675 9.98333E-05 9.98333E-05 9.98333E-05 0.00179404 0.0987409 9.98333E-05 9.98333E-05 9.98333E-05 9.98333E-05 9.98333E-05 9.98333E-05 9.98333E-05 0.0159847 9.98333E-05 9.98333E-05 9.98333E-05 0.0389685 9.98333E-05 9.98333E-05
9.97984E-05 0.924677 9.97984E-05 9.97984E-05 9.97984E-05 9.97984E-05 9.97984E-05 9.97984E-05 9.97984E-05 9.97984E-05 9.97984E-05 9.97984E-05 9.97984E-05 9.97984E-05 9.97984E-05 9.97984E-05 9.97984E-05 9.97984E-05 9.97984E-05 9.97984E-05 9.97984E-05 9.97984E-05 9.97984E-05 9.97984E-05 0.0442769 0.0287512
9.98247E-05 9.98247E-05 0.027161 9.98247E-05 9.98247E-05 9.98247E-05 0.0200282 0.109556 9.98247E-05 9.98247E-05 9.98247E-05 9.98247E-05 9.98247E-05 9.98247E-05 0.0628511 0.715438 9.98247E-05 9.98247E-05 9.98247E-05 9.98247E-05 9.98247E-05 9.98247E-05 9.98247E-05 9.98247E-05 0.0629686 9.98247E-05
9.98072E-05 0.869979 9.98072E-05 9.98072E-05 9.98072E-05 0.01072 9.98072E-05 9.98072E-05 9.98072E-05 9.98072E-05 9.98072E-05 9.98072E-05 9.98072E-05 9.98072E-05 9.98072E-05 9.98072E-05 9.98072E-05 9.98072E-05 0.0233865 9.98072E-05 9.98072E-05 0.0937189 9.98072E-05 9.98072E-05 9.98072E-05 9.98072E-05
9.98159E-05 0.774569 9.98159E-05 9.98159E-05 9.98159E-05 9.98159E-05 9.98159E-05 9.98159E-05 9.98159E-05 9.98159E-05 9.98159E-05 0.0419087 9.98159E-05 9.98159E-05 9.98159E-05 9.98159E-05 9.98159E-05 9.98159E-05 9.98159E-05 9.98159E-05 9.98159E-05 9.98159E-05 0.143197 9.98159E-05 0.027089 0.0111404
0.0435123 0.686292 9.98334E-05 0.033735 9.98334E-05 9.98334E-05 9.98334E-05 9.98334E-05 9.98334E-05 9.98334E-05 9.98334E-05 0.107794 9.98334E-05 0.00363266 9.98334E-05 9.98334E-05 9.98334E-05 9.98334E-05 9.98334E-05 9.98334E-05 0.0814781 9.98334E-05 9.98334E-05 9.98334E-05 9.98334E-05 0.0416592
9.98156E-05 9.98156E-05 9.98156E-05 9.98156E-05 9.98156E-05 0.0259821 9.98156E-05 9.98156E-05 9.98156E-05 9.98156E-05 9.98156E-05 0.0225842 9.98156E-05 9.98156E-05 9.98156E-05 9.98156E-05 9.98156E-05 0.87692 9.98156E-05 9.98156E-05 9.98156E-05 0.0285527 9.98156E-05 0.0438653 9.98156E-05 9.98156E-05
9.98246E-05 9.98246E-05 9.98246E-05 9.98246E-05 9.98246E-05 9.98246E-05 0.0275774 9.98246E-05 9.98246E-05 9.98246E-05 9.98246E-05 0.0210189 9.98246E-05 0.0118739 9.98246E-05 0.924222 9.98246E-05 9.98246E-05 9.98246E-05 9.98246E-05 9.98246E-05 0.0108852 0.00242634 9.98246E-05 9.98246E-05 9.98246E-05
9.97983E-05 9.97983E-05 9.97983E-05 9.97983E-05 9.97983E-05 9.97983E-05 0.29812 9.97983E-05 9.97983E-05 9.97983E-05 9.97983E-05 0.0397589 9.97983E-05 9.97983E-05 9.97983E-05 0.659826 9.97983E-05 9.97983E-05 9.97983E-05 9.97983E-05 9.97983E-05 9.97983E-05 9.97983E-05 9.97983E-05 9.97983E-05 9.97983E-05
0.183779 9.97896E-05 9.97896E-05 9.97896E-05 9.97896E-05 9.97896E-05 9.97896E-05 9.97896E-05 9.97896E-05 9.97896E-05 9.97896E-05 9.97896E-05 9.97896E-05 9.97896E-05 9.97896E-05 0.813826 9.97896E-05 9.97896E-05 9.97896E-05 9.97896E-05 9.97896E-05 9.97896E-05 9.97896E-05 9.97896E-05 9.97896E-05 9.97896E-05
9.98332E-05 0.455357 0.0281205 9.98332E-05 9.98332E-05 9.98332E-05 0.120821 9.98332E-05 9.98332E-05 9.98332E-05 9.98332E-05 0.188974 9.98332E-05 0.0342206 0.118208 9.98332E-05 9.98332E-05 9.98332E-05 9.98332E-05 9.98332E-05 9.98332E-05 9.98332E-05 0.0524015 9.98332E-05 9.98332E-05 9.98332E-05
9.98247E-05 0.245462 0.0276404 9.98247E-05 9.98247E-05 9.98247E-05 0.359538 0.0960277 9.98247E-05 9.98247E-05 9.98247E-05 0.172219 9.98247E-05 9.98247E-05 9.98247E-05 9.98247E-05 9.98247E-05 9.98247E-05 9.98247E-05 9.98247E-05 9.98247E-05 0.0971158 9.98247E-05 9.98247E-05 9.98247E-05 9.98247E-05
9.97983E-05 9.97983E-05 9.97983E-05 9.97983E-05 9.97983E-05 9.97983E-05 9.97983E-05 9.97983E-05 9.97983E-05 0.0460742 9.97983E-05 9.97983E-05 9.97983E-05 9.97983E-05 9.97983E-05 0.943824 9.97983E-05 9.97983E-05 9.97983E-05 9.97983E-05 9.97983E-05 0.0078064 9.97983E-05 9.97983E-05 9.97983E-05 9.97983E-05
9.98071E-05 9.98071E-05 9.98071E-05 9.98071E-05 9.98071E-05 9.98071E-05 9.98071E-05 9.98071E-05 9.98071E-05 9.98071E-05 0.0453399 0.0071714 9.98071E-05 9.98071E-05 9.98071E-05 0.868319 9.98071E-05 0.0769743 9.98071E-05 9.98071E-05 9.98071E-05 9.98071E-05 9.98071E-05 9.98071E-05 9.98071E-05 9.98071E-05
9.97808E-05 0.997505 9.97808E-05 9.97808E-05 9.97808E-05 9.97808E-05 9.97808E-05 9.97808E-05 9.97808E-05 9.97808E-05 9.97808E-05 9.97808E-05 9.97808E-05 9.97808E-05 9.97808E-05 9.97808E-05 9.97808E-05 9.97808E-05 9.97808E-05 9.97808E-05 9.97808E-05 9.97808E-05 9.97808E-05 9.97808E-05 9.97808E-05 9.97808E-05
9.9842E-05 0.150624 9.9842E-05 9.9842E-05 9.9842E-05 9.9842E-05 0.128492 9.9842E-05 9.9842E-05 9.9842E-05 9.9842E-05 0.0942264 9.9842E-05 0.0246603 0.00287489 0.352096 9.9842E-05 0.201462 9.9842E-05 9.9842E-05 9.9842E-05 0.0437667 9.9842E-05 9.9842E-05 9.9842E-05 9.9842E-05
9.97987E-05 9.97987E-05 9.97987E-05 9.97987E-05 9.97987E-05 9.97987E-05 9.97987E-05 9.97987E-05 9.97987E-05 9.97987E-05 9.97987E-05 9.97987E-05 9.97987E-05 9.97987E-05 9.97987E-05 9.97987E-05 9.97987E-05 0.888023 0.0800187 9.97987E-05 9.97987E-05 0.0296631 9.97987E-05 9.97987E-05 9.97987E-05 9.97987E-05
9.98508E-05 0.390437 9.98508E-05 9.98508E-05 9.98508E-05 9.98508E-05 0.043805 9.98508E-05 0.0411112 9.98508E-05 0.0193097 0.184719 9.98508E-05 0.0792874 9.98508E-05 9.98508E-05 9.98508E-05 9.98508E-05 9.98508E-05 9.98508E-05 9.98508E-05 9.98508E-05 0.0386911 0.151921 0.0490208 9.98508E-05
9.98333E-05 9.98333E-05 0.0777604 0.0529198 9.98333E-05 9.98333E-05 0.0963251 9.98333E-05 9.98333E-05 0.0325205 9.98333E-05 9.98333E-05 9.98333E-05 9.98333E-05 9.98333E-05 0.654648 9.98333E-05 0.0562989 9.98333E-05 9.98333E-05 0.0276307 9.98333E-05 9.98333E-05 9.98333E-05 9.98333E-05 9.98333E-05
9.97984E-05 9.97984E-05 9.97984E-05 9.97984E-05 9.97984E-05 9.97984E-05 9.97984E-05 9.97984E-05 9.97984E-05 9.97984E-05 0.0336716 9.97984E-05 0.0335017 9.97984E-05 9.97984E-05 0.930531 9.97984E-05 9.97984E-05 9.97984E-05 9.97984E-05 9.97984E-05 9.97984E-05 9.97984E-05 9.97984E-05 9.97984E-05 9.97984E-05
9.98246E-05 9.98246E-05 9.98246E-05 0.0766127 9.98246E-05 9.98246E-05 9.98246E-05 9.98246E-05 0.0240601 9.98246E-05 9.98246E-05 0.0170713 9.98246E-05 9.98246E-05 9.98246E-05 9.98246E-05 9.98246E-05 0.827883 9.98246E-05 9.98246E-05 9.98246E-05 9.98246E-05 0.00858835 9.98246E-05 0.0437882 9.98246E-05
9.98159E-05 0.799709 9.98159E-05 9.98159E-05 9.98159E-05 9.98159E-05 9.98159E-05 9.98159E-05 0.0367132 9.98159E-05 9.98159E-05 0.0383502 0.0873779 9.98159E-05 9.98159E-05 9.98159E-05 9.98159E-05 9.98159E-05 9.98159E-05 9.98159E-05 0.0357537 9.98159E-05 9.98159E-05 9.98159E-05 9.98159E-05 9.98159E-05
9.98248E-05 0.301151 9.98248E-05 9.98248E-05 9.98248E-05 9.98248E-05 9.98248E-05 9.98248E-05 9.98248E-05 9.98248E-05 9.98248E-05 9.98248E-05 9.98248E-05 9.98248E-05 0.0717971 0.436298 9.98248E-05 9.98248E-05 9.98248E-05 9.98248E-05 9.98248E-05 0.0320489 9.98248E-05 0.103719 0.0529894 9.98248E-05
9.98158E-05 9.98158E-05 9.98158E-05 9.98158E-05 9.98158E-05 9.98158E-05 9.98158E-05 9.98158E-05 9.98158E-05 9.98158E-05 0.0280962 0.00993741 9.98158E-05 9.98158E-05 9.98158E-05 0.879886 9.98158E-05 9.98158E-05 9.98158E-05 9.98158E-05 9.98158E-05 0.0551243 0.0248595 9.98158E-05 9.98158E-05 9.98158E-05
9.98159E-05 0.227102 9.98159E-05 9.98159E-05 9.98159E-05 9.98159E-05 9.98159E-05 0.079588 9.98159E-05 9.98159E-05 9.98159E-05 0.0272174 9.98159E-05 9.98159E-05 9.98159E-05 0.259996 9.98159E-05 0.404 9.98159E-05 9.98159E-05 9.98159E-05 9.98159E-05 9.98159E-05 9.98159E-05 9.98159E-05 9.98159E-05
9.98158E-05 0.477764 9.98158E-05 0.00153675 9.98158E-05 9.98158E-05 9.98158E-05 9.98158E-05 9.98158E-05 9.98158E-05 9.98158E-05 9.98158E-05 9.98158E-05 0.0461197 9.98158E-05 0.438372 9.98158E-05 9.98158E-05 0.0341119 9.98158E-05 9.98158E-05 9.98158E-05 9.98158E-05 9.98158E-05 9.98158E-05 9.98158E-05
9.98419E-05 9.98419E-05 9.98419E-05 9.98419E-05 9.98419E-05 9.98419E-05 9.98419E-05 9.98419E-05 0.0306599 9.98419E-05 0.0156306 0.161364 9.98419E-05 0.0305853 0.672156 9.98419E-05 9.98419E-05 9.98419E-05 9.98419E-05 9.98419E-05 9.98419E-05 9.98419E-05 0.0637415 0.00843482 9.98419E-05 0.0156316
9.9816E-05 9.9816E-05 0.00606931 9.9816E-05 9.9816E-05 0.0415124 0.0218353 9.9816E-05 9.9816E-05 9.9816E-05 9.9816E-05 9.9816E-05 9.9816E-05 9.9816E-05 0.917407 9.9816E-05 9.9816E-05 9.9816E-05 9.9816E-05 9.9816E-05 9.9816E-05 9.9816E-05 9.9816E-05 9.9816E-05 0.0110799 9.9816E-05
0.0107029 9.9807E-05 9.9807E-05 9.9807E-05 9.9807E-05 9.9807E-05 9.9807E-05 9.9807E-05 9.9807E-05 9.9807E-05 0.0406006 9.9807E-05 9.9807E-05 0.00211861 0.944382 9.9807E-05 9.9807E-05 9.9807E-05 9.9807E-05 9.9807E-05 9.9807E-05 9.9807E-05 9.9807E-05 9.9807E-05 9.9807E-05 9.9807E-05
9.98333E-05 9.98333E-05 9.98333E-05 9.98333E-05 9.98333E-05 9.98333E-05 9.98333E-05 9.98333E-05 9.98333E-05 9.98333E-05 0.00873266 0.0530054 9.98333E-05 9.98333E-05 0.338633 9.98333E-05 9.98333E-05 9.98333E-05 0.0469697 9.98333E-05 9.98333E-05 9.98333E-05 0.0686719 0.240387 9.98333E-05 0.241704
9.98594E-05 9.98594E-05 9.98594E-05 9.98594E-05 9.98594E-05 0.0445725 0.0571516 9.98594E-05 9.98594E-05 0.0311582 0.0174161 9.98594E-05 9.98594E-05 0.0253003 0.511867 9.98594E-05 9.98594E-05 9.98594E-05 0.0276511 9.98594E-05 0.0813372 0.0874858 0.114462 9.98594E-05 9.98594E-05 9.98594E-05
9.98418E-05 9.98418E-05 0.00711713 9.98418E-05 9.98418E-05 9.98418E-05 0.0989833 9.98418E-05 0.0408469 9.98418E-05 9.98418E-05 0.113895 9.98418E-05 0.0472642 0.603963 9.98418E-05 9.98418E-05 9.98418E-05 9.98418E-05 9.98418E-05 9.98418E-05 9.98418E-05 0.0527634 9.98418E-05 9.98418E-05 0.0333697
9.98243E-05 9.98243E-05 9.98243E-05 9.98243E-05 9.98243E-05 9.98243E-05 9.98243E-05 0.0925259 9.98243E-05 9.98243E-05 9.98243E-05 0.0862845 9.98243E-05 0.00213435 0.570337 9.98243E-05 0.00116412 9.98243E-05 9.98243E-05 9.98243E-05 9.98243E-05 9.98243E-05 9.98243E-05 9.98243E-05 9.98243E-05 0.245558
9.98332E-05 9.98332E-05 9.98332E-05 9.98332E-05 9.98332E-05 9.98332E-05 9.98332E-05 9.98332E-05 9.98332E-05 9.98332E-05 0.249766 0.116691 9.98332E-05 9.98332E-05 0.468398 9.98332E-05 9.98332E-05 9.98332E-05 0.032138 9.98332E-05 9.98332E-05 9.98332E-05 0.0387324 0.0219975 9.98332E-05 0.0703799
9.97895E-05 9.97895E-05 9.97895E-05 9.97895E-05 9.97895E-05 9.97895E-05 9.97895E-05 9.97895E-05 9.97895E-05 9.97895E-05 9.97895E-05 9.97895E-05 9.97895E-05 9.97895E-05 0.995727 9.97895E-05 9.97895E-05 9.97895E-05 9.97895E-05 9.97895E-05 9.97895E-05 9.97895E-05 9.97895E-05 9.97895E-05 9.97895E-05 0.00187796
9.9807E-05 9.9807E-05 9.9807E-05 9.9807E-05 0.0175285 9.9807E-05 9.9807E-05 0.00658287 9.9807E-05 9.9807E-05 9.9807E-05 9.9807E-05 9.9807E-05 0.035551 0.938142 9.9807E-05 9.9807E-05 9.9807E-05 9.9807E-05 9.9807E-05 9.9807E-05 9.9807E-05 9.9807E-05 9.9807E-05 9.9807E-05 9.9807E-05
9.98243E-05 9.98243E-05 9.98243E-05 9.98243E-05 0.0307288 9.98243E-05 9.98243E-05 9.98243E-05 9.98243E-05 9.98243E-05 9.98243E-05 0.30756 9.98243E-05 0.195918 0.397409 9.98243E-05 9.98243E-05 9.98243E-05 9.98243E-05 9.98243E-05 9.98243E-05 0.0288657 0.0375221 9.98243E-05 9.98243E-05 9.98243E-05
9.98682E-05 9.98682E-05 9.98682E-05 0.0928482 0.07175 9.98682E-05 0.182721 9.98682E-05 0.0574371 9.98682E-05 9.98682E-05 0.0630817 0.00210511 0.0331151 0.349317 9.98682E-05 9.98682E-05 9.98682E-05 9.98682E-05 9.98682E-05 9.98682E-05 0.0203758 9.98682E-05 9.98682E-05 0.0024514 0.123299
9.98419E-05 9.98419E-05 9.98419E-05 0.147808 0.0992717 9.98419E-05 9.98419E-05 9.98419E-05 9.98419E-05 9.98419E-05 9.98419E-05 0.00130959 9.98419E-05 0.080163 0.491853 9.98419E-05 9.98419E-05 9.98419E-05 9.98419E-05 9.98419E-05 9.98419E-05 9.98419E-05 0.117275 0.0343774 0.026145 9.98419E-05
9.98244E-05 9.98244E-05 9.98244E-05 9.98244E-05 9.98244E-05 9.98244E-05 0.196189 9.98244E-05 9.98244E-05 9.98244E-05 9.98244E-05 0.207125 9.98244E-05 9.98244E-05 0.500523 9.98244E-05 9.98244E-05 9.98244E-05 9.98244E-05 9.98244E-05 0.0149678 0.0308904 9.98244E-05 9.98244E-05 9.98244E-05 0.0483081
9.97986E-05 9.97986E-05 9.97986E-05 9.97986E-05 9.97986E-05 0.0111561 9.97986E-05 9.97986E-05 9.97986E-05 9.97986E-05 9.97986E-05 9.97986E-05 9.97986E-05 0.00284271 0.983706 9.97986E-05 9.97986E-05 9.97986E-05 9.97986E-05 9.97986E-05 9.97986E-05 9.97986E-05 9.97986E-05 9.97986E-05 9.97986E-05 9.97986E-05
9.98159E-05 9.98159E-05 9.98159E-05 9.98159E-05 9.98159E-05 9.98159E-05 9.98159E-05 0.00947071 9.98159E-05 9.98159E-05 9.98159E-05 0.00393983 9.98159E-05 0.00802597 0.92345 9.98159E-05 9.98159E-05 9.98159E-05 9.98159E-05 9.98159E-05 9.98159E-05 9.98159E-05 0.0530173 9.98159E-05 9.98159E-05 9.98159E-05
9.98155E-05 9.98155E-05 9.98155E-05 9.98155E-05 9.98155E-05 9.98155E-05 9.98155E-05 9.98155E-05 9.98155E-05 9.98155E-05 0.00729016 9.98155E-05 9.98155E-05 9.98155E-05 0.684351 9.98155E-05 9.98155E-05 9.98155E-05 0.0858583 9.98155E-05 9.98155E-05 0.10695 9.98155E-05 0.113454 9.98155E-05 9.98155E-05
9.98331E-05 9.98331E-05 9.98331E-05 9.98331E-05 0.0697134 9.98331E-05 0.102411 0.0869839 9.98331E-05 9.98331E-05 9.98331E-05 9.98331E-05 9.98331E-05 0.0668286 0.598602 9.98331E-05 9.98331E-05 9.98331E-05 9.98331E-05 9.98331E-05 9.98331E-05 0.0584027 0.0151614 9.98331E-05 9.98331E-05 9.98331E-05
9.98069E-05 9.98069E-05 9.98069E-05 9.98069E-05 9.98069E-05 9.98069E-05 9.98069E-05 9.98069E-05 9.98069E-05 9.98069E-05 0.0952235 0.0499234 9.98069E-05 0.023172 0.829485 9.98069E-05 9.98069E-05 9.98069E-05 9.98069E-05 9.98069E-05 9.98069E-05 9.98069E-05 9.98069E-05 9.98069E-05 9.98069E-05 9.98069E-05
9.98242E-05 9.98242E-05 9.98242E-05 9.98242E-05 0.00729001 0.157679 9.98242E-05 9.98242E-05 9.98242E-05 9.98242E-05 9.98242E-05 0.229369 9.98242E-05 0.00102013 0.55256 9.98242E-05 9.98242E-05 9.98242E-05 9.98242E-05 9.98242E-05 9.98242E-05 9.98242E-05 9.98242E-05 9.98242E-05 0.0500849 9.98242E-05
0.0328429 9.97987E-05 9.97987E-05 9.97987E-05 9.97987E-05 9.97987E-05 9.97987E-05 9.97987E-05 9.97987E-05 9.97987E-05 9.97987E-05 9.97987E-05 9.97987E-05 9.97987E-05 0.947745 9.97987E-05 9.97987E-05 9.97987E-05 9.97987E-05 9.97987E-05 0.0171165 9.97987E-05 9.97987E-05 9.97987E-05 9.97987E-05 9.97987E-05
9.98242E-05 9.98242E-05 9.98242E-05 9.98242E-05 9.98242E-05 9.98242E-05 0.198389 9.98242E-05 9.98242E-05 9.98242E-05 9.98242E-05 0.0150608 9.98242E-05 9.98242E-05 0.503825 9.98242E-05 9.98242E-05 9.98242E-05 9.98242E-05 9.98242E-05 9.98242E-05 0.0875279 9.98242E-05 0.125846 9.98242E-05 0.0673548
9.98333E-05 9.98333E-05 9.98333E-05 9.98333E-05 9.98333E-05 9.98333E-05 0.00671617 9.98333E-05 0.0670797 9.98333E-05 9.98333E-05 0.0366642 9.98333E-05 9.98333E-05 0.679505 9.98333E-05 9.98333E-05 9.98333E-05 9.98333E-05 0.00749713 9.98333E-05 9.98333E-05 9.98333E-05 0.178775 0.0218653 9.98333E-05
9.98246E-05 9.98246E-05 0.0718007 9.98246E-05 9.98246E-05 9.98246E-05 9.98246E-05 9.98246E-05 9.98246E-05 9.98246E-05 0.0833647 9.98246E-05 9.98246E-05 9.98246E-05 0.551875 9.98246E-05 0.0216427 9.98246E-05 9.98246E-05 9.98246E-05 9.98246E-05 0.213909 0.0554108 9.98246E-05 9.98246E-05 9.98246E-05
9.98067E-05 9.98067E-05 9.98067E-05 9.98067E-05 0.133864 9.98067E-05 9.98067E-05 9.98067E-05 0.0517317 9.98067E-05 9.98067E-05 9.98067E-05 9.98067E-05 0.102623 0.709586 9.98067E-05 9.98067E-05 9.98067E-05 9.98067E-05 9.98067E-05 9.98067E-05 9.98067E-05 9.98067E-05 9.98067E-05 9.98067E-05 9.98067E-05
9.98073E-05 0.07975 9.98073E-05 9.98073E-05 9.98073E-05 9.98073E-05 9.98073E-05 9.98073E-05 9.98073E-05 0.0114536 9.98073E-05 9.98073E-05 9.98073E-05 9.98073E-05 0.897303 9.98073E-05 9.98073E-05 9.98073E-05 9.98073E-05 9.98073E-05 9.98073E-05 9.98073E-05 0.00929786 9.98073E-05 9.98073E-05 9.98073E-05
9.97986E-05 9.97986E-05 9.97986E-05 9.97986E-05 0.0242956 9.97986E-05 9.97986E-05 9.97986E-05 9.97986E-05 9.97986E-05 9.97986E-05 9.97986E-05 9.97986E-05 9.97986E-05 0.970029 9.97986E-05 9.97986E-05 9.97986E-05 0.0033803 9.97986E-05 9.97986E-05 9.97986E-05 9.97986E-05 9.97986E-05 9.97986E-05 9.97986E-05
9.97898E-05 9.97898E-05 9.97898E-05 9.97898E-05 9.97898E-05 9.97898E-05 9.97898E-05 9.97898E-05 9.97898E-05 9.97898E-05 0.00169887 9.97898E-05 9.97898E-05 9.97898E-05 0.995906 9.97898E-05 9.97898E-05 9.97898E-05 9.97898E-05 9.97898E-05 9.97898E-05 9.97898E-05 9.97898E-05 9.97898E-05 9.97898E-05 9.97898E-05
9.98245E-05 9.98245E-05 9.98245E-05 9.98245E-05 0.0356997 9.98245E-05 9.98245E-05 9.98245E-05 9.98245E-05 9.98245E-05 0.0938419 0.0205715 9.98245E-05 9.98245E-05 0.812198 0.0230375 9.98245E-05 9.98245E-05 9.98245E-05 9.98245E-05 9.98245E-05 9.98245E-05 0.0126547 9.98245E-05 9.98245E-05 9.98245E-05
0.0151136 0.0690695 9.98249E-05 9.98249E-05 9.98249E-05 9.98249E-05 9.98249E-05 9.98249E-05 9.98249E-05 9.98249E-05 9.98249E-05 0.107146 9.98249E-05 9.98249E-05 0.594802 9.98249E-05 9.98249E-05 9.98249E-05 9.98249E-05 0.102835 9.98249E-05 9.98249E-05 0.109037 9.98249E-05 9.98249E-05 9.98249E-05
9.97983E-05 9.97983E-05 9.97983E-05 9.97983E-05 9.97983E-05 9.97983E-05 9.97983E-05 9.97983E-05 9.97983E-05 9.97983E-05 9.97983E-05 0.0986756 9.97983E-05 9.97983E-05 9.97983E-05 9.97983E-05 9.97983E-05 9.97983E-05 9.97983E-05 9.97983E-05 9.97983E-05 9.97983E-05 0.0949688 0.80406 9.97983E-05 9.97983E-05
0.471027 9.98334E-05 9.98334E-05 9.98334E-05 9.98334E-05 9.98334E-05 9.98334E-05 9.98334E-05 9.98334E-05 9.98334E-05 9.98334E-05 0.0124644 0.00343367 9.98334E-05 9.98334E-05 9.98334E-05 9.98334E-05 0.0710746 9.98334E-05 0.0779643 9.98334E-05 9.98334E-05 0.00446715 0.357672 9.98334E-05 9.98334E-05
9.98069E-05 9.98069E-05 9.98069E-05 9.98069E-05 9.98069E-05 9.98069E-05 0.016408 9.98069E-05 9.98069E-05 9.98069E-05 9.98069E-05 0.0205068 0.0157055 9.98069E-05 9.98069E-05 9.98069E-05 9.98069E-05 9.98069E-05 9.98069E-05 9.98069E-05 9.98069E-05 9.98069E-05 9.98069E-05 0.945184 9.98069E-05 9.98069E-05
9.97981E-05 9.97981E-05 9.97981E-05 9.97981E-05 9.97981E-05 9.97981E-05 9.97981E-05 9.97981E-05 9.97981E-05 9.97981E-05 0.0215299 0.0952413 9.97981E-05 9.97981E-05 9.97981E-05 9.97981E-05 9.97981E-05 9.97981E-05 9.97981E-05 9.97981E-05 9.97981E-05 9.97981E-05 9.97981E-05 0.880933 9.97981E-05 9.97981E-05
9.98068E-05 9.98068E-05 0.0590835 9.98068E-05 0.0138472 9.98068E-05 9.98068E-05 9.98068E-05 9.98068E-05 9.98068E-05 9.98068E-05 9.98068E-05 9.98068E-05 9.98068E-05 9.98068E-05 9.98068E-05 9.98068E-05 9.98068E-05 9.98068E-05 9.98068E-05 9.98068E-05 9.98068E-05 0.118792 0.806082 9.98068E-05 9.98068E-05
9.98246E-05 9.98246E-05 9.98246E-05 9.98246E-05 9.98246E-05 9.98246E-05 9.98246E-05 0.079611 9.98246E-05 9.98246E-05 9.98246E-05 0.0950864 9.98246E-05 9.98246E-05 9.98246E-05 9.98246E-05 9.98246E-05 9.98246E-05 9.98246E-05 0.019249 9.98246E-05 9.98246E-05 0.111326 0.568999 9.98246E-05 0.123732
9.98245E-05 9.98245E-05 9.98245E-05 9.98245E-05 9.98245E-05 9.98245E-05 9.98245E-05 9.98245E-05 9.98245E-05 9.98245E-05 0.0328085 0.0964854 9.98245E-05 0.0379704 9.98245E-05 9.98245E-05 9.98245E-05 9.98245E-05 9.98245E-05 0.202932 9.98245E-05 9.98245E-05 0.120139 0.507668 9.98245E-05 9.98245E-05
9.97895E-05 9.97895E-05 9.97895E-05 9.97895E-05 9.97895E-05 9.97895E-05 9.97895E-05 9.97895E-05 9.97895E-05 9.97895E-05 9.97895E-05 9.97895E-05 9.97895E-05 9.97895E-05 9.97895E-05 9.97895E-05 9.97895E-05 9.97895E-05 9.97895E-05 9.97895E-05 9.97895E-05 9.97895E-05 0.168255 0.82935 9.97895E-05 9.97895E-05
9.98244E-05 9.98244E-05 9.98244E-05 9.98244E-05 0.0344235 9.98244E-05 0.0614715 9.98244E-05 9.98244E-05 9.98244E-05 9.98244E-05 9.98244E-05 9.98244E-05 0.0252628 9.98244E-05 9.98244E-05 9.98244E-05 9.98244E-05 9.98244E-05 9.98244E-05 9.98244E-05 9.98244E-05 0.27952 0.291916 9.98244E-05 0.305411
9.98245E-05 9.98245E-05 9.98245E-05 9.98245E-05 0.0308252 9.98245E-05 9.98245E-05 9.98245E-05 9.98245E-05 9.98245E-05 9.98245E-05 0.192686 0.054921 9.98245E-05 9.98245E-05 9.98245E-05 9.98245E-05 9.98245E-05 9.98245E-05 0.0135925 9.98245E-05 9.98245E-05 0.170425 0.535553 9.98245E-05 9.98245E-05
0.0164858 9.98072E-05 9.98072E-05 9.98072E-05 9.98072E-05 9.98072E-05 9.98072E-05 9.98072E-05 9.98072E-05 9.98072E-05 9.98072E-05 9.98072E-05 9.98072E-05 9.98072E-05 9.98072E-05 9.98072E-05 9.98072E-05 9.98072E-05 9.98072E-05 0.249408 9.98072E-05 9.98072E-05 9.98072E-05 0.464361 9.98072E-05 0.267549
0.0741971 9.98248E-05 9.98248E-05 9.98248E-05 9.98248E-05 9.98248E-05 9.98248E-05 9.98248E-05 9.98248E-05 0.00943302 9.98248E-05 0.0281822 9.98248E-05 0.0286189 9.98248E-05 9.98248E-05 9.98248E-05 9.98248E-05 9.98248E-05 9.98248E-05 9.98248E-05 9.98248E-05 9.98248E-05 0.747912 9.98248E-05 0.10966
9.98333E-05 9.98333E-05 9.98333E-05 9.98333E-05 0.0135134 9.98333E-05 9.98333E-05 0.0614849 9.98333E-05 9.98333E-05 0.0164929 9.98333E-05 9.98333E-05 9.98333E-05 9.98333E-05 9.98333E-05 9.98333E-05 9.98333E-05 9.98333E-05 0.199479 0.0361004 9.98333E-05 0.114757 0.556276 9.98333E-05 9.98333E-05
9.98072E-05 9.98072E-05 9.98072E-05 9.98072E-05 9.98072E-05 9.98072E-05 9.98072E-05 9.98072E-05 9.98072E-05 9.98072E-05 9.98072E-05 0.190598 9.98072E-05 9.98072E-05 9.98072E-05 9.98072E-05 9.98072E-05 9.98072E-05 9.98072E-05 0.227373 9.98072E-05 9.98072E-05 0.178446 0.401387 9.98072E-05 9.98072E-05
9.98333E-05 9.98333E-05 9.98333E-05 0.00903416 0.0577322 9.98333E-05 9.98333E-05 9.98333E-05 9.98333E-05 9.98333E-05 0.111377 0.0290718 9.98333E-05 9.98333E-05 9.98333E-05 9.98333E-05 9.98333E-05 9.98333E-05 9.98333E-05 0.14226 9.98333E-05 9.98333E-05 0.0304251 0.618203 9.98333E-05 9.98333E-05
0.0308232 9.98335E-05 9.98335E-05 9.98335E-05 9.98335E-05 9.98335E-05 9.98335E-05 0.0795808 9.98335E-05 9.98335E-05 9.98335E-05 0.101066 9.98335E-05 9.98335E-05 9.98335E-05 9.98335E-05 9.98335E-05 9.98335E-05 0.0030105 9.98335E-05 9.98335E-05 9.98335E-05 0.0438305 0.659289 9.98335E-05 0.0805031
0.0198223 9.98246E-05 9.98246E-05 9.98246E-05 9.98246E-05 9.98246E-05 9.98246E-05 9.98246E-05 9.98246E-05 0.0839466 9.98246E-05 0.0731533 9.98246E-05 9.98246E-05 9.98246E-05 9.98246E-05 9.98246E-05 9.98246E-05 9.98246E-05 0.109416 9.98246E-05 9.98246E-05 9.98246E-05 0.533167 9.98246E-05 0.178498
0.00142274 9.98423E-05 9.98423E-05 9.98423E-05 9.98423E-05 9.98423E-05 9.98423E-05 9.98423E-05 9.98423E-05 9.98423E-05 9.98423E-05 9.98423E-05 0.00692541 0.0217948 9.98423E-05 9.98423E-05 9.98423E-05 0.0374962 0.0752715 9.98423E-05 0.00601435 9.98423E-05 0.162884 0.686394 9.98423E-05 9.98423E-05
9.9816E-05 9.9816E-05 9.9816E-05 9.9816E-05 9.9816E-05 9.9816E-05 9.9816E-05 9.9816E-05 9.9816E-05 9.9816E-05 9.9816E-05 9.9816E-05 9.9816E-05 0.0200552 9.9816E-05 9.9816E-05 9.9816E-05 9.9816E-05 9.9816E-05 9.9816E-05 9.9816E-05 9.9816E-05 0.00803254 0.933068 0.022689 0.0140594
0.392365 9.98421E-05 9.98421E-05 9.98421E-05 9.98421E-05 9.98421E-05 9.98421E-05 9.98421E-05 0.000521555 0.06656 9.98421E-05 0.0898787 9.98421E-05 0.0590383 0.0266474 9.98421E-05 9.98421E-05 9.98421E-05 9.98421E-05 9.98421E-05 9.98421E-05 9.98421E-05 0.146969 0.216223 9.98421E-05 9.98421E-05
9.98333E-05 9.98333E-05 9.98333E-05 9.98333E-05 9.98333E-05 9.98333E-05 9.98333E-05 0.0133998 9.98333E-05 9.98333E-05 9.98333E-05 0.0644903 9.98333E-05 9.98333E-05 9.98333E-05 9.98333E-05 9.98333E-05 9.98333E-05 9.98333E-05 0.0807042 0.0294845 9.98333E-05 0.0146106 0.677654 9.98333E-05 0.11776
9.98072E-05 9.98072E-05 9.98072E-05 9.98072E-05 0.0185424 9.98072E-05 9.98072E-05 9.98072E-05 9.98072E-05 9.98072E-05 9.98072E-05 0.0846908 9.98072E-05 9.98072E-05 9.98072E-05 9.98072E-05 9.98072E-05 9.98072E-05 9.98072E-05 9.98072E-05 9.98072E-05 9.98072E-05 0.0440684 0.850503 9.98072E-05 9.98072E-05
9.98262E-05 9.98262E-05 9.98262E-05 9.98262E-05 9.98262E-05 0.0184996 9.98262E-05 9.98262E-05 9.98262E-05 0.0553694 9.98262E-05 0.162389 9.98262E-05 9.98262E-05 9.98262E-05 9.98262E-05 0.0245321 9.98262E-05 9.98262E-05 9.98262E-05 9.98262E-05 9.98262E-05 0.261985 0.475228 9.98262E-05 9.98262E-05
9.98158E-05 9.98158E-05 9.98158E-05 9.98158E-05 9.98158E-05 9.98158E-05 9.98158E-05 9.98158E-05 9.98158E-05 9.98158E-05 9.98158E-05 0.0502696 0.0183334 9.98158E-05 9.98158E-05 9.98158E-05 9.98158E-05 9.98158E-05 9.98158E-05 0.136146 9.98158E-05 9.98158E-05 0.128794 0.664361 9.98158E-05 9.98158E-05
9.98245E-05 9.98245E-05 9.98245E-05 9.98245E-05 9.98245E-05 0.0533371 9.98245E-05 9.98245E-05 9.98245E-05 0.062458 9.98245E-05 0.184878 9.98245E-05 0.00144265 9.98245E-05 9.98245E-05 9.98245E-05 9.98245E-05 9.98245E-05 9.98245E-05 9.98245E-05 9.98245E-05 0.215503 0.480385 9.98245E-05 9.98245E-05
9.98421E-05 9.98421E-05 9.98421E-05 9.98421E-05 0.00503398 0.00805699 9.98421E-05 9.98421E-05 9.98421E-05 9.98421E-05 9.98421E-05 0.155723 9.98421E-05 9.98421E-05 0.0306878 9.98421E-05 9.98421E-05 9.98421E-05 9.98421E-05 0.507528 9.98421E-05 9.98421E-05 0.138755 0.0994191 9.98421E-05 0.0529986
0.799895 9.98157E-05 0.0774639 9.98157E-05 9.98157E-05 9.98157E-05 9.98157E-05 9.98157E-05 9.98157E-05 9.98157E-05 9.98157E-05 0.0606637 9.98157E-05 9.98157E-05 9.98157E-05 9.98157E-05 9.98157E-05 9.98157E-05 9.98157E-05 9.98157E-05 0.0295871 9.98157E-05 9.98157E-05 9.98157E-05 0.0302938 9.98157E-05
9.98155E-05 9.98155E-05 9.98155E-05 9.98155E-05 9.98155E-05 9.98155E-05 9.98155E-05 9.98155E-05 0.014097 9.98155E-05 9.98155E-05 0.0558068 9.98155E-05 9.98155E-05 9.98155E-05 9.98155E-05 9.98155E-05 9.98155E-05 9.98155E-05 9.98155E-05 9.98155E-05 0.0500602 0.0441454 0.833794 9.98155E-05 9.98155E-05
0.0414632 9.98159E-05 9.98159E-05 9.98159E-05 9.98159E-05 9.98159E-05 9.98159E-05 9.98159E-05 9.98159E-05 9.98159E-05 9.98159E-05 0.252764 9.98159E-05 9.98159E-05 9.98159E-05 9.98159E-05 9.98159E-05 9.98159E-05 9.98159E-05 9.98159E-05 9.98159E-05 9.98159E-05 0.262456 0.398462 9.98159E-05 0.0427582
9.98248E-05 9.98248E-05 9.98248E-05 9.98248E-05 9.98248E-05 9.98248E-05 9.98248E-05 9.98248E-05 9.98248E-05 0.0972382 9.98248E-05 0.0696705 9.98248E-05 0.0332169 9.98248E-05 9.98248E-05 9.98248E-05 9.98248E-05 9.98248E-05 0.0355803 0.106239 9.98248E-05 9.98248E-05 0.656059 9.98248E-05 9.98248E-05
9.98246E-05 9.98246E-05 9.98246E-05 0.0363983 9.98246E-05 9.98246E-05 9.98246E-05 9.98246E-05 9.98246E-05 9.98246E-05 9.98246E-05 0.189995 9.98246E-05 0.0221192 9.98246E-05 9.98246E-05 9.98246E-05 9.98246E-05 9.98246E-05 0.188315 9.98246E-05 9.98246E-05 0.0277182 0.533458 9.98246E-05 9.98246E-05
9.98069E-05 9.98069E-05 9.98069E-05 9.98069E-05 9.98069E-05 0.0660251 9.98069E-05 9.98069E-05 9.98069E-05 9.98069E-05 9.98069E-05 0.00324681 9.98069E-05 9.98069E-05 9.98069E-05 9.98069E-05 9.98069E-05 9.98069E-05 9.98069E-05 0.167161 9.98069E-05 9.98069E-05 9.98069E-05 0.761372 9.98069E-05 9.98069E-05
9.98157E-05 9.98157E-05 9.98157E-05 9.98157E-05 9.98157E-05 9.98157E-05 9.98157E-05 9.98157E-05 9.98157E-05 0.14568 9.98157E-05 0.0513782 9.98157E-05 9.98157E-05 9.98157E-05 9.98157E-05 9.98157E-05 9.98157E-05 9.98157E-05 9.98157E-05 0.0795014 9.98157E-05 0.27656 0.444785 9.98157E-05 9.98157E-05
9.97981E-05 9.97981E-05 9.97981E-05 9.97981E-05 9.97981E-05 9.97981E-05 0.107254 9.97981E-05 9.97981E-05 9.97981E-05 9.97981E-05 0.0655056 9.97981E-05 9.97981E-05 9.97981E-05 9.97981E-05 9.97981E-05 9.97981E-05 9.97981E-05 9.97981E-05 9.97981E-05 9.97981E-05 9.97981E-05 0.824945 9.97981E-05 9.97981E-05
9.9807E-05 9.9807E-05 9.9807E-05 9.9807E-05 9.9807E-05 9.9807E-05 9.9807E-05 9.9807E-05 9.9807E-05 9.9807E-05 9.9807E-05 0.0398439 9.9807E-05 9.9807E-05 9.9807E-05 9.9807E-05 9.9807E-05 9.9807E-05 9.9807E-05 0.18418 9.9807E-05 9.9807E-05 0.0346831 0.739097 9.9807E-05 9.9807E-05
0.0262649 9.9842E-05 9.9842E-05 9.9842E-05 9.9842E-05 0.0734706 0.00243296 9.9842E-05 9.9842E-05 9.9842E-05 9.9842E-05 9.9842E-05 0.00314915 9.9842E-05 9.9842E-05 9.9842E-05 9.9842E-05 9.9842E-05 9.9842E-05 0.0931431 9.9842E-05 9.9842E-05 0.0862285 0.707093 9.9842E-05 0.00642025
9.98155E-05 9.98155E-05 9.98155E-05 9.98155E-05 0.0457588 9.98155E-05 9.98155E-05 9.98155E-05 9.98155E-05 9.98155E-05 0.00470145 0.167418 9.98155E-05 9.98155E-05 9.98155E-05 9.98155E-05 9.98155E-05 9.98155E-05 9.98155E-05 9.98155E-05 9.98155E-05 9.98155E-05 0.0523062 0.72772 9.98155E-05 9.98155E-05
0.0903474 9.98158E-05 9.98158E-05 9.98158E-05 9.98158E-05 9.98158E-05 9.98158E-05 9.98158E-05 9.98158E-05 9.98158E-05 0.0369089 9.98158E-05 9.98158E-05 9.98158E-05 9.98158E-05 9.98158E-05 9.98158E-05 9.98158E-05 9.98158E-05 0.681278 9.98158E-05 9.98158E-05 0.135903 0.0534667 9.98158E-05 9.98158E-05
9.98246E-05 9.98246E-05 9.98246E-05 9.98246E-05 0.0143643 9.98246E-05 9.98246E-05 9.98246E-05 9.98246E-05 9.98246E-05 0.0247301 0.0804785 9.98246E-05 0.02499 9.98246E-05 9.98246E-05 9.98246E-05 9.98246E-05 9.98246E-05 0.313446 9.98246E-05 9.98246E-05 9.98246E-05 0.539995 9.98246E-05 9.98246E-05
9.9816E-05 9.9816E-05 9.9816E-05 9.9816E-05 9.9816E-05 9.9816E-05 9.9816E-05 9.9816E-05 9.9816E-05 9.9816E-05 9.9816E-05 9.9816E-05 0.00103809 9.9816E-05 9.9816E-05 9.9816E-05 9.9816E-05 9.9816E-05 9.9816E-05 0.532647 0.0134594 9.9816E-05 0.0184911 0.432268 9.9816E-05 9.9816E-05
9.97985E-05 9.97985E-05 9.97985E-05 9.97985E-05 9.97985E-05 9.97985E-05 9.97985E-05 9.97985E-05 9.97985E-05 9.97985E-05 9.97985E-05 9.97985E-05 9.97985E-05 9.97985E-05 9.97985E-05 9.97985E-05 9.97985E-05 9.97985E-05 9.97985E-05 0.726552 9.97985E-05 9.97985E-05 0.10071 0.170443 9.97985E-05 9.97985E-05
9.98244E-05 9.98244E-05 9.98244E-05 9.98244E-05 9.98244E-05 9.98244E-05 9.98244E-05 9.98244E-05 9.98244E-05 9.98244E-05 9.98244E-05 0.230062 9.98244E-05 0.00519587 9.98244E-05 9.98244E-05 9.98244E-05 9.98244E-05 9.98244E-05 9.98244E-05 9.98244E-05 9.98244E-05 0.0935143 0.520181 0.0367269 0.112323
9.9807E-05 9.9807E-05 9.9807E-05 9.9807E-05 9.9807E-05 9.9807E-05 0.0239001 9.9807E-05 0.140707 9.9807E-05 9.9807E-05 9.9807E-05 9.9807E-05 9.9807E-05 9.9807E-05 9.9807E-05 9.9807E-05 9.9807E-05 9.9807E-05 9.9807E-05 9.9807E-05 9.9807E-05 0.114017 0.719181 9.9807E-05 9.9807E-05
0.675486 9.98158E-05 9.98158E-05 9.98158E-05 9.98158E-05 9.98158E-05 9.98158E-05 9.98158E-05 9.98158E-05 0.0538715 9.98158E-05 0.0530741 9.98158E-05 9.98158E-05 9.98158E-05 9.98158E-05 9.98158E-05 9.98158E-05 9.98158E-05 0.0817472 9.98158E-05 9.98158E-05 0.133725 9.98158E-05 9.98158E-05 9.98158E-05
0.370864 9.98158E-05 9.98158E-05 9.98158E-05 9.98158E-05 9.98158E-05 9.98158E-05 9.98158E-05 9.98158E-05 9.98158E-05 9.98158E-05 0.0416596 9.98158E-05 0.0324265 9.98158E-05 9.98158E-05 9.98158E-05 9.98158E-05 9.98158E-05 0.3152 9.98158E-05 9.98158E-05 9.98158E-05 0.237753 9.98158E-05 9.98158E-05
