0.194531 9.99561E-05 9.99561E-05 0.493087 0.0388649 9.99561E-05 9.99561E-05 9.99561E-05 0.273018
0.153789 0.0957818 9.99561E-05 0.673271 9.99561E-05 9.99561E-05 9.99561E-05 9.99561E-05 0.0766584
9.99649E-05 9.99649E-05 9.99649E-05 0.922169 9.99649E-05 0.00223677 0.0462413 0.0236693 0.00528405
0.127729 0.0465437 0.218382 0.263136 0.15569 0.00466189 0.130858 0.00415551 0.0488441
9.99386E-05 9.99386E-05 0.138663 0.860638 9.99386E-05 9.99386E-05 9.99386E-05 9.99386E-05 9.99386E-05
9.99737E-05 9.99737E-05 0.233067 0.294677 9.99737E-05 0.177282 0.137951 0.0864325 0.0702901
0.0685788 9.99737E-05 0.113313 0.347698 0.103256 9.99737E-05 9.99737E-05 0.100644 0.26621
0.0766351 9.99649E-05 0.285461 0.28257 9.99649E-05 0.190289 9.99649E-05 0.164645 9.99649E-05
9.99736E-05 0.0402903 0.109717 0.296973 0.0550645 0.160902 9.99736E-05 9.99736E-05 0.336754
0.0270696 9.99473E-05 9.99473E-05 0.916285 0.0560459 9.99473E-05 9.99473E-05 9.99473E-05 9.99473E-05
0.183804 9.99561E-05 9.99561E-05 0.588322 9.99561E-05 0.000594417 9.99561E-05 9.99561E-05 0.22678
0.0207609 0.00856091 0.0361151 0.909136 0.00434083 9.99736E-05 9.99736E-05 0.0207863 9.99736E-05
9.99473E-05 9.99473E-05 0.0316246 0.814269 9.99473E-05 9.99473E-05 9.99473E-05 9.99473E-05 0.153507
0.0455667 9.99649E-05 9.99649E-05 0.587562 9.99649E-05 9.99649E-05 0.251503 0.0729376 0.0420307
9.99649E-05 9.99649E-05 9.99649E-05 0.306368 0.149567 0.127218 0.0905894 9.99649E-05 0.325857
0.00496802 0.00605048 0.00838946 0.268337 0.117845 0.207616 9.99912E-05 0.135909 0.250784
0.0536037 9.99737E-05 9.99737E-05 0.625372 0.0563879 9.99737E-05 0.103289 0.0116947 0.149353
0.166791 0.154104 9.99737E-05 0.241304 0.145261 0.0166243 9.99737E-05 9.99737E-05 0.275616
0.121589 0.0257424 0.00410306 0.408166 0.0540677 0.101781 9.99824E-05 9.99824E-05 0.284351
9.99386E-05 0.0432164 9.99386E-05 0.956084 9.99386E-05 9.99386E-05 9.99386E-05 9.99386E-05 9.99386E-05
0.112878 0.0116387 0.192469 0.398893 0.119575 0.110196 0.00939685 9.99912E-05 0.0448537
0.00305957 9.99737E-05 0.307532 0.327176 0.0543354 0.214077 9.99737E-05 9.99737E-05 0.0935201
0.036961 0.0261649 9.99649E-05 0.695876 9.99649E-05 9.99649E-05 0.0155486 9.99649E-05 0.225049
9.99561E-05 9.99561E-05 9.99561E-05 0.448906 0.0479837 9.99561E-05 9.99561E-05 0.169527 0.333084
9.99824E-05 0.144346 9.99824E-05 0.308622 0.118375 0.113273 0.125278 0.0113943 0.178512
9.99649E-05 9.99649E-05 0.0929174 0.727252 9.99649E-05 0.00418133 0.0820149 9.99649E-05 0.0932341
0.145771 9.99736E-05 9.99736E-05 0.096739 9.99736E-05 0.0149679 0.242956 0.171498 0.327768
0.110933 9.99561E-05 9.99561E-05 0.763058 0.0280169 9.99561E-05 9.99561E-05 9.99561E-05 0.0974925
9.99561E-05 0.0798086 9.99561E-05 0.592071 9.99561E-05 9.99561E-05 0.0234551 9.99561E-05 0.304166
0.00723531 0.0416346 9.99649E-05 0.753778 9.99649E-05 9.99649E-05 0.180107 0.0168456 9.99649E-05
0.212799 0.0385089 9.997E-05 0.628896 0.0204561 0.0537992 9.997E-05 9.997E-05 0.0452403
0.0133639 9.99737E-05 0.17964 0.574886 9.99737E-05 0.00117169 0.126951 9.99737E-05 0.103687
0.102596 9.99648E-05 9.99648E-05 0.509353 9.99648E-05 9.99648E-05 0.0217236 0.121154 0.244773
0.0790423 9.99736E-05 9.99736E-05 0.482357 0.0389027 9.99736E-05 0.314963 0.00261547 0.0818192
0.0362111 0.0431929 9.99561E-05 0.742091 9.99561E-05 9.99561E-05 9.99561E-05 9.99561E-05 0.178005
0.0449584 9.99649E-05 9.99649E-05 0.673093 0.164297 0.0289154 9.99649E-05 9.99649E-05 0.0883366
9.99561E-05 0.00164516 9.99561E-05 0.862253 9.99561E-05 0.017835 9.99561E-05 0.117767 9.99561E-05
9.99561E-05 0.0682773 9.99561E-05 0.643244 9.99561E-05 0.182037 9.99561E-05 9.99561E-05 0.105943
9.99649E-05 9.99649E-05 0.128389 0.551561 9.99649E-05 0.00667563 0.107371 9.99649E-05 0.205604
9.99561E-05 9.99561E-05 9.99561E-05 0.580295 9.99561E-05 9.99561E-05 0.186848 0.152562 0.0797947
0.0324864 9.99649E-05 9.99649E-05 0.834136 0.0183768 0.0155299 9.99649E-05 9.99649E-05 0.0990711
9.99562E-05 9.99562E-05 9.99562E-05 0.724095 0.034083 0.0376196 9.99562E-05 9.99562E-05 0.203703
0.0144649 9.99561E-05 0.114119 0.807612 9.99561E-05 9.99561E-05 0.0633044 9.99561E-05 9.99561E-05
0.0637108 9.99649E-05 9.99649E-05 0.437272 0.0477926 0.105667 9.99649E-05 9.99649E-05 0.345157
9.99561E-05 9.99561E-05 0.172205 0.312292 0.217314 9.99561E-05 9.99561E-05 9.99561E-05 0.297689
9.99561E-05 0.0709191 0.0498646 0.877607 9.99561E-05 9.99561E-05 9.99561E-05 9.99561E-05 0.00110932
0.105441 9.99561E-05 9.99561E-05 0.809371 9.99561E-05 0.00686502 9.99561E-05 9.99561E-05 0.0778238
9.99561E-05 0.00243097 9.99561E-05 0.931617 9.99561E-05 9.99561E-05 9.99561E-05 0.0533899 0.0120628
0.0715724 9.99648E-05 0.0286225 0.732261 9.99648E-05 9.99648E-05 9.99648E-05 0.0430289 0.124115
0.160114 9.99562E-05 0.0452616 0.713624 9.99562E-05 0.0805008 9.99562E-05 9.99562E-05 9.99562E-05
0.0780068 0.0334436 0.150858 0.32577 9.99824E-05 0.0672365 0.111258 9.99824E-05 0.233227
9.99737E-05 0.0119656 0.0839689 0.668284 0.0366689 0.0344591 9.99737E-05 0.164354 9.99737E-05
0.0109122 9.99561E-05 9.99561E-05 0.874475 9.99561E-05 0.102382 9.99561E-05 0.011731 9.99561E-05
9.99649E-05 0.0471507 0.0621384 0.606389 9.99649E-05 9.99649E-05 9.99649E-05 0.198903 0.0850192
9.99737E-05 0.108307 0.0445339 0.750672 9.99737E-05 0.00148365 9.99737E-05 0.00575207 0.0889517
0.00343044 0.133533 0.0531455 0.737395 9.99649E-05 9.99649E-05 0.0720955 9.99649E-05 9.99649E-05
0.113429 9.99649E-05 0.0214157 0.721026 9.99649E-05 9.99649E-05 9.99649E-05 0.0617107 0.0820192
0.146106 9.99474E-05 9.99474E-05 0.742563 0.110731 9.99474E-05 9.99474E-05 9.99474E-05 9.99474E-05
0.00109617 9.99561E-05 0.0815641 0.864447 9.99561E-05 0.0523925 9.99561E-05 9.99561E-05 9.99561E-05
0.11588 9.99649E-05 9.99649E-05 0.110905 9.99649E-05 0.0403188 0.11173 9.99649E-05 0.620765
9.99562E-05 9.99562E-05 9.99562E-05 0.347999 0.284625 9.99562E-05 9.99562E-05 0.0264065 0.34047
0.202926 9.99737E-05 9.99737E-05 0.302441 9.99737E-05 0.0162252 0.0757453 0.0977006 0.304663
0.0999855 9.99649E-05 9.99649E-05 9.99649E-05 9.99649E-05 0.192654 0.180703 0.0266812 0.499577
0.0247103 0.0451803 0.0436414 0.0608291 0.128993 0.0817408 9.99912E-05 0.129413 0.485392
0.0778398 9.99561E-05 9.99561E-05 9.99561E-05 0.180134 0.0163775 9.99561E-05 9.99561E-05 0.725149
0.119406 9.99561E-05 9.99561E-05 9.99561E-05 0.0636851 0.0901396 9.99561E-05 9.99561E-05 0.72627
0.197615 9.99649E-05 9.99649E-05 9.99649E-05 9.99649E-05 0.0864019 0.105245 0.0842934 0.526045
0.0797488 9.99737E-05 9.99737E-05 0.175346 9.99737E-05 0.0172555 0.195853 0.00798085 0.523517
0.194919 9.99649E-05 9.99649E-05 0.303708 0.0467652 0.00372311 9.99649E-05 9.99649E-05 0.450485
0.311187 0.0123081 9.99561E-05 9.99561E-05 9.99561E-05 0.0600481 9.99561E-05 9.99561E-05 0.615957
0.171251 9.99824E-05 0.0171248 0.0250092 0.0743496 0.0602625 9.99824E-05 0.204344 0.447459
0.177669 0.0010831 0.206031 9.99824E-05 9.99824E-05 0.207345 0.234034 0.0804011 0.093237
9.99649E-05 9.99649E-05 0.11459 0.0175537 9.99649E-05 0.0176321 9.99649E-05 0.0954653 0.754359
0.0990754 9.9965E-05 9.9965E-05 0.23993 9.9965E-05 9.9965E-05 0.25997 0.111287 0.289338
0.0863136 9.99737E-05 9.99737E-05 0.234706 0.0725571 0.105451 0.0809476 9.99737E-05 0.419724
0.0273528 9.99737E-05 0.0685107 9.99737E-05 0.112521 9.99737E-05 0.123765 0.19577 0.471781
0.304833 9.99649E-05 9.99649E-05 0.10465 0.133966 0.138307 9.99649E-05 9.99649E-05 0.317844
0.252263 9.99737E-05 9.99737E-05 0.216032 0.137778 0.0900125 9.99737E-05 0.0075751 0.29604
0.0891359 9.99473E-05 9.99473E-05 9.99473E-05 9.99473E-05 9.99473E-05 9.99473E-05 0.154298 0.755967
0.0589387 9.99738E-05 0.0218379 0.188715 9.99738E-05 9.99738E-05 0.11611 0.129654 0.484444
0.0438437 9.99649E-05 9.99649E-05 0.0849324 0.0577308 9.99649E-05 9.99649E-05 0.087467 0.725626
0.0897441 9.99649E-05 9.99649E-05 0.14952 9.99649E-05 9.99649E-05 0.292301 0.0239166 0.444119
0.0802135 9.99737E-05 0.280449 0.12236 0.151791 9.99737E-05 9.99737E-05 0.0206922 0.344194
0.265531 9.997E-05 9.997E-05 0.267269 0.0282431 0.0521696 0.0372277 9.997E-05 0.34926
0.0189156 0.0749406 9.99825E-05 0.338893 9.99825E-05 0.0334076 0.139717 0.0324988 0.361427
0.0997666 9.99825E-05 9.99825E-05 0.395952 0.109769 0.0016762 0.0270442 0.0424602 0.323132
9.9965E-05 9.9965E-05 9.9965E-05 0.214234 0.197566 0.0178719 9.9965E-05 0.00172713 0.5682
0.20389 9.9965E-05 9.9965E-05 0.27831 0.0316212 0.0876808 9.9965E-05 9.9965E-05 0.398099
9.99649E-05 9.99649E-05 9.99649E-05 0.285363 9.99649E-05 0.113935 0.158867 0.0187954 0.422639
9.99473E-05 9.99473E-05 0.078269 9.99473E-05 9.99473E-05 0.173903 0.747229 9.99473E-05 9.99473E-05
9.99387E-05 9.99387E-05 9.99387E-05 0.00826067 9.99387E-05 9.99387E-05 0.99104 9.99387E-05 9.99387E-05
0.0378382 9.9956E-05 0.0792334 9.9956E-05 9.9956E-05 9.9956E-05 0.786057 9.9956E-05 0.0963716
0.114229 9.9956E-05 9.9956E-05 9.9956E-05 9.9956E-05 0.105661 0.752554 9.9956E-05 0.0270558
0.00272533 0.0253463 9.99648E-05 9.99648E-05 9.99648E-05 0.13132 0.754319 0.0858894 9.99648E-05
9.99473E-05 9.99473E-05 9.99473E-05 9.99473E-05 9.99473E-05 0.185095 0.629313 9.99473E-05 0.184992
0.120501 9.99561E-05 9.99561E-05 9.99561E-05 9.99561E-05 0.140009 0.713226 9.99561E-05 0.0257641
9.99385E-05 9.99385E-05 9.99385E-05 9.99385E-05 9.99385E-05 0.272097 0.727204 9.99385E-05 9.99385E-05
9.99473E-05 9.99473E-05 9.99473E-05 9.99473E-05 9.99473E-05 0.410172 0.314269 9.99473E-05 0.27496
0.0794281 9.9956E-05 9.9956E-05 9.9956E-05 9.9956E-05 0.259828 0.462054 9.9956E-05 0.19819
9.99474E-05 9.99474E-05 9.99474E-05 9.99474E-05 9.99474E-05 0.101762 0.847573 9.99474E-05 0.0500656
9.99385E-05 9.99385E-05 9.99385E-05 9.99385E-05 9.99385E-05 9.99385E-05 0.855734 9.99385E-05 0.143567
0.0145218 9.99473E-05 9.99473E-05 9.99473E-05 9.99473E-05 0.11503 0.869849 9.99473E-05 9.99473E-05
9.99473E-05 9.99473E-05 9.99473E-05 9.99473E-05 9.99473E-05 0.162095 0.684714 9.99473E-05 0.152591
0.147136 9.99561E-05 9.99561E-05 9.99561E-05 9.99561E-05 0.122449 0.679719 0.0501958 9.99561E-05
0.0650819 9.99649E-05 9.99649E-05 9.99649E-05 9.99649E-05 0.0796705 0.579484 0.0813546 0.194009
9.99561E-05 0.0859859 9.99561E-05 9.99561E-05 9.99561E-05 0.0732421 0.620269 9.99561E-05 0.220003
9.99561E-05 9.99561E-05 0.0549851 9.99561E-05 0.0379572 0.20483 0.701728 9.99561E-05 9.99561E-05
0.026041 0.023001 0.0844738 9.99648E-05 9.99648E-05 0.0752703 0.790814 9.99648E-05 9.99648E-05
9.99649E-05 0.0885218 9.99649E-05 9.99649E-05 0.00379553 0.0901712 0.748089 9.99649E-05 0.069023
9.99561E-05 9.99561E-05 0.0259513 9.99561E-05 9.99561E-05 0.0742604 0.774995 9.99561E-05 0.124294
0.07562 9.99473E-05 9.99473E-05 9.99473E-05 9.99473E-05 0.0708662 0.852914 9.99473E-05 9.99473E-05
9.99648E-05 0.0937121 0.0261565 9.99648E-05 9.99648E-05 0.280809 0.320152 9.99648E-05 0.278771
9.99385E-05 9.99385E-05 9.99385E-05 9.99385E-05 9.99385E-05 0.17582 0.82348 9.99385E-05 9.99385E-05
9.99648E-05 0.0591713 0.0924684 9.99648E-05 9.99648E-05 0.266399 0.304544 9.99648E-05 0.277018
0.052084 9.996E-05 9.996E-05 9.996E-05 9.996E-05 0.17163 0.566514 0.061264 0.148108
9.99475E-05 0.0224582 9.99475E-05 0.016351 9.99475E-05 9.99475E-05 0.960591 9.99475E-05 9.99475E-05
9.9956E-05 0.0950033 0.0819404 9.9956E-05 9.9956E-05 0.109069 0.713488 9.9956E-05 9.9956E-05
9.99561E-05 0.00615443 9.99561E-05 9.99561E-05 9.99561E-05 0.230467 0.537712 9.99561E-05 0.225167
0.0519775 0.104311 9.99561E-05 9.99561E-05 9.99561E-05 9.99561E-05 0.815586 9.99561E-05 0.0276266
9.99561E-05 9.99561E-05 9.99561E-05 9.99561E-05 9.99561E-05 0.0627304 0.679254 0.018804 0.238712
0.00569271 0.0522482 9.9956E-05 9.9956E-05 9.9956E-05 9.9956E-05 0.918628 0.0229308 9.9956E-05
0.00377897 0.262959 0.0404509 9.99648E-05 9.99648E-05 0.402265 0.290146 9.99648E-05 9.99648E-05
9.99736E-05 0.0671968 9.99736E-05 9.99736E-05 0.0173819 0.101477 0.691055 0.00902165 0.113567
9.99385E-05 9.99385E-05 9.99385E-05 9.99385E-05 9.99385E-05 0.0109734 0.988327 9.99385E-05 9.99385E-05
0.0363686 9.99648E-05 9.99648E-05 9.99648E-05 0.0416184 0.0548198 0.843218 0.0235757 9.99648E-05
0.140744 9.9956E-05 9.9956E-05 9.9956E-05 9.9956E-05 0.121482 0.568927 9.9956E-05 0.168347
9.99474E-05 9.99474E-05 0.0670366 9.99474E-05 9.99474E-05 0.0868718 0.845492 9.99474E-05 9.99474E-05
9.99473E-05 0.0779429 9.99473E-05 9.99473E-05 9.99473E-05 0.00832282 0.913135 9.99473E-05 9.99473E-05
9.993E-05 9.993E-05 9.993E-05 9.993E-05 9.993E-05 9.993E-05 0.999201 9.993E-05 9.993E-05
9.99387E-05 0.0182779 9.99387E-05 9.99387E-05 9.99387E-05 9.99387E-05 0.981022 9.99387E-05 9.99387E-05
9.9956E-05 9.9956E-05 0.0272944 9.9956E-05 9.9956E-05 0.128948 0.423689 9.9956E-05 0.419569
9.99649E-05 0.0211715 0.105847 9.99649E-05 9.99649E-05 0.186676 0.637166 9.99649E-05 0.0487398
9.99474E-05 0.00298541 9.99474E-05 9.99474E-05 9.99474E-05 0.114244 0.882171 9.99474E-05 9.99474E-05
9.993E-05 9.993E-05 9.993E-05 9.993E-05 9.993E-05 9.993E-05 0.999201 9.993E-05 9.993E-05
0.0226858 0.142657 9.99648E-05 9.99648E-05 9.99648E-05 0.27872 0.38327 9.99648E-05 0.172268
0.0581251 9.99561E-05 9.99561E-05 9.99561E-05 9.99561E-05 0.128764 0.681992 9.99561E-05 0.130618
0.05258 0.0337261 9.99825E-05 9.99825E-05 0.000118253 0.139774 0.524729 0.0779816 0.170891
0.00282244 0.0484766 9.99737E-05 9.99737E-05 9.99737E-05 0.320876 0.350559 0.0159155 0.26105
9.993E-05 9.993E-05 9.993E-05 9.993E-05 9.993E-05 9.993E-05 0.999201 9.993E-05 9.993E-05
9.99648E-05 0.00958079 9.99648E-05 9.99648E-05 0.25506 9.99648E-05 0.611439 0.0499234 0.0735974
9.99387E-05 9.99387E-05 9.99387E-05 9.99387E-05 9.99387E-05 0.0974106 0.90189 9.99387E-05 9.99387E-05
0.114556 9.99561E-05 9.99561E-05 9.99561E-05 9.99561E-05 0.132029 0.739798 9.99561E-05 0.0131169
9.99473E-05 9.99473E-05 9.99473E-05 9.99473E-05 9.99473E-05 0.0776337 0.803642 0.118125 9.99473E-05
0.113966 0.045499 9.9956E-05 9.9956E-05 9.9956E-05 9.9956E-05 0.784142 0.0558936 9.9956E-05
9.99472E-05 9.99472E-05 9.99472E-05 9.99472E-05 9.99472E-05 0.236456 0.370206 9.99472E-05 0.392738
9.99385E-05 9.99385E-05 9.99385E-05 9.99385E-05 9.99385E-05 0.202914 0.796387 9.99385E-05 9.99385E-05
0.0960082 0.00522004 9.99648E-05 9.99648E-05 9.99648E-05 0.0611874 0.711312 9.99648E-05 0.125873
0.0231671 0.105731 9.9956E-05 9.9956E-05 9.9956E-05 9.9956E-05 0.869271 0.00133038 9.9956E-05
9.99386E-05 9.99386E-05 9.99386E-05 9.99386E-05 9.99386E-05 0.174545 0.824755 9.99386E-05 9.99386E-05
9.993E-05 9.993E-05 9.993E-05 9.993E-05 9.993E-05 9.993E-05 9.993E-05 9.993E-05 0.999201
9.993E-05 9.993E-05 9.993E-05 9.993E-05 9.993E-05 0.999201 9.993E-05 9.993E-05 9.993E-05
9.993E-05 9.993E-05 9.993E-05 9.993E-05 9.993E-05 9.993E-05 9.993E-05 9.993E-05 0.999201
9.993E-05 9.993E-05 9.993E-05 9.993E-05 9.993E-05 0.999201 9.993E-05 9.993E-05 9.993E-05
9.993E-05 9.993E-05 9.993E-05 9.993E-05 9.993E-05 0.999201 9.993E-05 9.993E-05 9.993E-05
9.993E-05 9.993E-05 9.993E-05 9.993E-05 9.993E-05 0.999201 9.993E-05 9.993E-05 9.993E-05
9.993E-05 9.993E-05 9.993E-05 9.993E-05 9.993E-05 9.993E-05 9.993E-05 9.993E-05 0.999201
9.993E-05 9.993E-05 9.993E-05 9.993E-05 9.993E-05 0.999201 9.993E-05 9.993E-05 9.993E-05
9.993E-05 9.993E-05 9.993E-05 9.993E-05 9.993E-05 0.999201 9.993E-05 9.993E-05 9.993E-05
9.993E-05 9.993E-05 9.993E-05 9.993E-05 9.993E-05 9.993E-05 9.993E-05 9.993E-05 0.999201
9.993E-05 9.993E-05 9.993E-05 9.993E-05 9.993E-05 9.993E-05 9.993E-05 9.993E-05 0.999201
9.993E-05 9.993E-05 9.993E-05 9.993E-05 9.993E-05 9.993E-05 9.993E-05 9.993E-05 0.999201
9.993E-05 9.993E-05 9.993E-05 9.993E-05 9.993E-05 0.999201 9.993E-05 9.993E-05 9.993E-05
9.993E-05 9.993E-05 9.993E-05 9.993E-05 9.993E-05 0.999201 9.993E-05 9.993E-05 9.993E-05
9.993E-05 9.993E-05 9.993E-05 9.993E-05 9.993E-05 9.993E-05 9.993E-05 9.993E-05 0.999201
9.993E-05 9.993E-05 9.993E-05 9.993E-05 9.993E-05 9.993E-05 9.993E-05 9.993E-05 0.999201
0.0148551 0.0658821 9.99824E-05 9.99824E-05 0.19414 0.0954585 0.524092 0.0230812 0.0822906
9.99384E-05 0.0314047 9.99384E-05 9.99384E-05 9.99384E-05 9.99384E-05 9.99384E-05 9.99384E-05 0.967896
9.993E-05 9.993E-05 9.993E-05 9.993E-05 9.993E-05 0.999201 9.993E-05 9.993E-05 9.993E-05
9.993E-05 9.993E-05 9.993E-05 9.993E-05 9.993E-05 9.993E-05 9.993E-05 9.993E-05 0.999201
9.993E-05 9.993E-05 9.993E-05 9.993E-05 9.993E-05 9.993E-05 9.993E-05 9.993E-05 0.999201
9.993E-05 9.993E-05 9.993E-05 9.993E-05 9.993E-05 9.993E-05 9.993E-05 9.993E-05 0.999201
9.993E-05 9.993E-05 9.993E-05 9.993E-05 9.993E-05 0.999201 9.993E-05 9.993E-05 9.993E-05
9.993E-05 9.993E-05 9.993E-05 9.993E-05 9.993E-05 9.993E-05 9.993E-05 9.993E-05 0.999201
9.993E-05 9.993E-05 9.993E-05 9.993E-05 9.993E-05 0.999201 9.993E-05 9.993E-05 9.993E-05
9.993E-05 9.993E-05 9.993E-05 9.993E-05 9.993E-05 9.993E-05 9.993E-05 9.993E-05 0.999201
9.993E-05 9.993E-05 9.993E-05 9.993E-05 9.993E-05 9.993E-05 9.993E-05 9.993E-05 0.999201
9.993E-05 9.993E-05 9.993E-05 9.993E-05 9.993E-05 0.999201 9.993E-05 9.993E-05 9.993E-05
9.993E-05 9.993E-05 9.993E-05 9.993E-05 9.993E-05 0.999201 9.993E-05 9.993E-05 9.993E-05
9.993E-05 9.993E-05 9.993E-05 9.993E-05 9.993E-05 0.999201 9.993E-05 9.993E-05 9.993E-05
9.993E-05 9.993E-05 9.993E-05 9.993E-05 9.993E-05 9.993E-05 9.993E-05 9.993E-05 0.999201
9.99384E-05 0.0708622 9.99384E-05 9.99384E-05 9.99384E-05 9.99384E-05 9.99384E-05 9.99384E-05 0.928438
9.993E-05 9.993E-05 9.993E-05 9.993E-05 9.993E-05 9.993E-05 9.993E-05 9.993E-05 0.999201
9.993E-05 9.993E-05 9.993E-05 9.993E-05 9.993E-05 9.993E-05 9.993E-05 9.993E-05 0.999201
9.993E-05 9.993E-05 9.993E-05 9.993E-05 9.993E-05 9.993E-05 9.993E-05 9.993E-05 0.999201
9.993E-05 9.993E-05 9.993E-05 9.993E-05 9.993E-05 0.999201 9.993E-05 9.993E-05 9.993E-05
9.993E-05 9.993E-05 9.993E-05 9.993E-05 9.993E-05 0.999201 9.993E-05 9.993E-05 9.993E-05
9.993E-05 9.993E-05 9.993E-05 9.993E-05 9.993E-05 0.999201 9.993E-05 9.993E-05 9.993E-05
9.993E-05 9.993E-05 9.993E-05 9.993E-05 9.993E-05 9.993E-05 9.993E-05 9.993E-05 0.999201
9.993E-05 9.993E-05 9.993E-05 9.993E-05 9.993E-05 0.999201 9.993E-05 9.993E-05 9.993E-05
9.993E-05 9.993E-05 9.993E-05 9.993E-05 9.993E-05 0.999201 9.993E-05 9.993E-05 9.993E-05
9.993E-05 9.993E-05 9.993E-05 9.993E-05 9.993E-05 0.999201 9.993E-05 9.993E-05 9.993E-05
9.993E-05 9.993E-05 9.993E-05 9.993E-05 9.993E-05 0.999201 9.993E-05 9.993E-05 9.993E-05
9.993E-05 9.993E-05 9.993E-05 9.993E-05 9.993E-05 9.993E-05 9.993E-05 9.993E-05 0.999201
9.993E-05 9.993E-05 9.993E-05 9.993E-05 9.993E-05 0.999201 9.993E-05 9.993E-05 9.993E-05
9.993E-05 9.993E-05 9.993E-05 9.993E-05 9.993E-05 0.999201 9.993E-05 9.993E-05 9.993E-05
9.99736E-05 0.0529943 9.99736E-05 9.99736E-05 0.131529 0.0742041 0.48807 0.0621482 0.190755
9.993E-05 9.993E-05 9.993E-05 9.993E-05 9.993E-05 9.993E-05 9.993E-05 9.993E-05 0.999201
9.993E-05 9.993E-05 9.993E-05 9.993E-05 9.993E-05 0.999201 9.993E-05 9.993E-05 9.993E-05
9.993E-05 9.993E-05 9.993E-05 9.993E-05 9.993E-05 0.999201 9.993E-05 9.993E-05 9.993E-05
9.993E-05 9.993E-05 9.993E-05 9.993E-05 9.993E-05 0.999201 9.993E-05 9.993E-05 9.993E-05
9.993E-05 9.993E-05 9.993E-05 9.993E-05 9.993E-05 0.999201 9.993E-05 9.993E-05 9.993E-05
9.993E-05 9.993E-05 9.993E-05 9.993E-05 9.993E-05 9.993E-05 9.993E-05 9.993E-05 0.999201
9.993E-05 9.993E-05 9.993E-05 9.993E-05 9.993E-05 0.999201 9.993E-05 9.993E-05 9.993E-05
9.993E-05 9.993E-05 9.993E-05 9.993E-05 9.993E-05 9.993E-05 9.993E-05 9.993E-05 0.999201
9.993E-05 9.993E-05 9.993E-05 9.993E-05 9.993E-05 0.999201 9.993E-05 9.993E-05 9.993E-05
9.993E-05 9.993E-05 9.993E-05 9.993E-05 9.993E-05 9.993E-05 9.993E-05 9.993E-05 0.999201
9.993E-05 9.993E-05 9.993E-05 9.993E-05 9.993E-05 0.999201 9.993E-05 9.993E-05 9.993E-05
9.993E-05 9.993E-05 9.993E-05 9.993E-05 9.993E-05 0.999201 9.993E-05 9.993E-05 9.993E-05
9.993E-05 9.993E-05 9.993E-05 9.993E-05 9.993E-05 0.999201 9.993E-05 9.993E-05 9.993E-05
9.993E-05 9.993E-05 9.993E-05 9.993E-05 9.993E-05 0.999201 9.993E-05 9.993E-05 9.993E-05
9.993E-05 9.993E-05 9.993E-05 9.993E-05 9.993E-05 0.999201 9.993E-05 9.993E-05 9.993E-05
9.993E-05 9.993E-05 9.993E-05 9.993E-05 9.993E-05 0.999201 9.993E-05 9.993E-05 9.993E-05
9.993E-05 9.993E-05 9.993E-05 9.993E-05 9.993E-05 9.993E-05 9.993E-05 9.993E-05 0.999201
9.993E-05 9.993E-05 9.993E-05 9.993E-05 9.993E-05 9.993E-05 9.993E-05 9.993E-05 0.999201
9.993E-05 9.993E-05 9.993E-05 9.993E-05 9.993E-05 9.993E-05 9.993E-05 9.993E-05 0.999201
9.993E-05 9.993E-05 9.993E-05 9.993E-05 9.993E-05 0.999201 9.993E-05 9.993E-05 9.993E-05
9.993E-05 9.993E-05 9.993E-05 9.993E-05 9.993E-05 9.993E-05 9.993E-05 9.993E-05 0.999201
9.993E-05 9.993E-05 9.993E-05 9.993E-05 9.993E-05 9.993E-05 9.993E-05 9.993E-05 0.999201
9.993E-05 9.993E-05 9.993E-05 9.993E-05 9.993E-05 9.993E-05 9.993E-05 9.993E-05 0.999201
9.993E-05 9.993E-05 9.993E-05 9.993E-05 9.993E-05 0.999201 9.993E-05 9.993E-05 9.993E-05
9.993E-05 9.993E-05 9.993E-05 9.993E-05 9.993E-05 0.999201 9.993E-05 9.993E-05 9.993E-05
9.993E-05 9.993E-05 9.993E-05 9.993E-05 9.993E-05 0.999201 9.993E-05 9.993E-05 9.993E-05
9.993E-05 9.993E-05 9.993E-05 9.993E-05 9.993E-05 9.993E-05 9.993E-05 9.993E-05 0.999201
9.993E-05 9.993E-05 9.993E-05 9.993E-05 9.993E-05 0.999201 9.993E-05 9.993E-05 9.993E-05
9.993E-05 9.993E-05 9.993E-05 9.993E-05 9.993E-05 0.999201 9.993E-05 9.993E-05 9.993E-05
9.993E-05 9.993E-05 9.993E-05 9.993E-05 9.993E-05 9.993E-05 9.993E-05 9.993E-05 0.999201
9.993E-05 9.993E-05 9.993E-05 9.993E-05 9.993E-05 0.999201 9.993E-05 9.993E-05 9.993E-05
9.993E-05 9.993E-05 9.993E-05 9.993E-05 9.993E-05 0.999201 9.993E-05 9.993E-05 9.993E-05
0.187022 0.0432353 9.997E-05 9.997E-05 9.997E-05 0.13845 0.330494 0.107081 0.193418
9.993E-05 9.993E-05 9.993E-05 9.993E-05 9.993E-05 9.993E-05 9.993E-05 9.993E-05 0.999201
9.993E-05 9.993E-05 9.993E-05 9.993E-05 9.993E-05 0.999201 9.993E-05 9.993E-05 9.993E-05
0.0222088 9.99561E-05 9.99561E-05 9.99561E-05 9.99561E-05 0.433123 0.483312 0.0608564 9.99561E-05
9.99649E-05 0.0642013 0.0682353 9.99649E-05 0.146204 0.304263 0.416697 9.99649E-05 9.99649E-05
9.9956E-05 0.0236563 9.9956E-05 9.9956E-05 9.9956E-05 0.11553 0.500385 9.9956E-05 0.35993
0.0141066 9.99648E-05 9.99648E-05 9.99648E-05 0.0753684 9.99648E-05 0.808264 0.0872472 0.0146141
9.99472E-05 9.99472E-05 9.99472E-05 9.99472E-05 9.99472E-05 0.251896 0.481166 9.99472E-05 0.266338
9.99387E-05 9.99387E-05 9.99387E-05 9.99387E-05 9.99387E-05 0.0844619 0.914839 9.99387E-05 9.99387E-05
9.99648E-05 0.0375584 9.99648E-05 9.99648E-05 0.119402 0.289172 0.285926 9.99648E-05 0.267542
0.193277 9.996E-05 9.996E-05 9.996E-05 9.996E-05 0.175044 0.519117 0.0598214 0.0523406
9.99386E-05 9.99386E-05 9.99386E-05 9.99386E-05 9.99386E-05 0.231998 0.767302 9.99386E-05 9.99386E-05
9.99824E-05 0.0394288 0.093967 9.99824E-05 0.0646347 0.0205021 0.717757 0.00465246 0.0588579
0.0308313 9.99561E-05 9.99561E-05 9.99561E-05 9.99561E-05 0.065121 0.719506 9.99561E-05 0.184042
9.99385E-05 9.99385E-05 9.99385E-05 9.99385E-05 9.99385E-05 0.587562 0.411738 9.99385E-05 9.99385E-05
9.99648E-05 9.99648E-05 9.99648E-05 9.99648E-05 0.0026622 0.284227 0.221284 0.104216 0.387211
0.0634487 0.0225411 0.00881698 9.99648E-05 9.99648E-05 0.0483596 0.856434 9.99648E-05 9.99648E-05
9.99472E-05 9.99472E-05 9.99472E-05 9.99472E-05 9.99472E-05 0.156735 0.613126 9.99472E-05 0.229539
9.99561E-05 9.99561E-05 0.12197 9.99561E-05 9.99561E-05 0.271387 0.313249 9.99561E-05 0.292893
9.99561E-05 0.010366 9.99561E-05 9.99561E-05 9.99561E-05 0.188059 0.796403 9.99561E-05 0.00467198
0.0920212 9.996E-05 9.996E-05 9.996E-05 9.996E-05 0.0760188 0.329061 0.0473776 0.455122
9.99648E-05 0.0684992 0.0847614 9.99648E-05 9.99648E-05 0.147856 0.577211 9.99648E-05 0.121272
9.99736E-05 0.00719402 0.0479375 9.99736E-05 9.99736E-05 0.139974 0.610502 0.0513123 0.14278
9.99648E-05 0.0105439 0.117847 9.99648E-05 9.99648E-05 0.131963 0.686738 9.99648E-05 0.0525087
9.99561E-05 9.99561E-05 0.0692066 9.99561E-05 9.99561E-05 0.233684 0.678897 0.0177124 9.99561E-05
0.0400211 0.0620618 9.99648E-05 9.99648E-05 9.99648E-05 0.198409 0.588123 0.110985 9.99648E-05
9.99472E-05 9.99472E-05 0.0978173 9.99472E-05 9.99472E-05 0.169945 0.731638 9.99472E-05 9.99472E-05
0.062534 0.0242085 0.010063 9.99648E-05 9.99648E-05 0.0542361 0.848559 9.99648E-05 9.99648E-05
9.993E-05 9.993E-05 9.993E-05 9.993E-05 9.993E-05 9.993E-05 0.999201 9.993E-05 9.993E-05
9.9956E-05 9.9956E-05 0.125242 9.9956E-05 9.9956E-05 0.045944 0.751288 9.9956E-05 0.0770256
9.9956E-05 9.9956E-05 9.9956E-05 9.9956E-05 0.109946 0.216681 0.424437 9.9956E-05 0.248436
9.9956E-05 0.0854178 0.0116791 9.9956E-05 9.9956E-05 9.9956E-05 0.81771 0.0846933 9.9956E-05
0.11344 0.117208 9.9956E-05 9.9956E-05 9.9956E-05 0.135212 0.63364 9.9956E-05 9.9956E-05
9.9956E-05 9.9956E-05 0.230635 9.9956E-05 9.9956E-05 0.337225 0.299492 9.9956E-05 0.132149
9.99473E-05 9.99473E-05 9.99473E-05 9.99473E-05 9.99473E-05 0.240229 0.633664 9.99473E-05 0.125507
9.9956E-05 9.9956E-05 0.0567279 9.9956E-05 9.9956E-05 0.195228 0.501843 9.9956E-05 0.245701
0.103499 9.99648E-05 0.0885382 9.99648E-05 9.99648E-05 0.126795 0.458201 9.99648E-05 0.222567
0.0913556 9.99736E-05 0.0438053 9.99736E-05 9.99736E-05 0.0947718 0.587249 0.0397297 0.142789
9.99473E-05 9.99473E-05 9.99473E-05 9.99473E-05 9.99473E-05 0.0492439 0.787877 9.99473E-05 0.16228
9.993E-05 9.993E-05 9.993E-05 9.993E-05 9.993E-05 9.993E-05 0.999201 9.993E-05 9.993E-05
0.111238 9.9956E-05 9.9956E-05 9.9956E-05 9.9956E-05 9.9956E-05 0.518508 0.112413 0.257341
0.0505359 0.0441059 9.99561E-05 9.99561E-05 9.99561E-05 9.99561E-05 0.75024 0.154618 9.99561E-05
9.99648E-05 0.0569302 0.219921 9.99648E-05 9.99648E-05 0.270605 0.278554 9.99648E-05 0.173591
9.99648E-05 0.00953773 0.0118616 9.99648E-05 9.99648E-05 0.0948941 0.741279 9.99648E-05 0.142028
9.99649E-05 0.0358581 0.172222 9.99649E-05 9.99649E-05 0.0429068 0.686938 9.99649E-05 0.0616751
9.9956E-05 9.9956E-05 9.9956E-05 9.9956E-05 0.180344 0.233179 0.460146 9.9956E-05 0.12583
9.99561E-05 9.99561E-05 0.0744852 9.99561E-05 9.99561E-05 0.541207 0.307192 9.99561E-05 0.0766156
0.0130287 9.9956E-05 9.9956E-05 9.9956E-05 9.9956E-05 0.325962 0.192862 9.9956E-05 0.467647
0.0357107 9.9956E-05 0.133657 9.9956E-05 9.9956E-05 0.16116 0.668973 9.9956E-05 9.9956E-05
9.993E-05 9.993E-05 9.993E-05 9.993E-05 9.993E-05 9.993E-05 0.999201 9.993E-05 9.993E-05
9.9956E-05 0.0259821 0.0534905 9.9956E-05 9.9956E-05 0.208507 0.711521 9.9956E-05 9.9956E-05
9.993E-05 9.993E-05 9.993E-05 9.993E-05 9.993E-05 9.993E-05 0.999201 9.993E-05 9.993E-05
9.99561E-05 9.99561E-05 9.99561E-05 9.99561E-05 9.99561E-05 0.21436 0.364559 0.114331 0.306249
9.993E-05 9.993E-05 9.993E-05 9.993E-05 9.993E-05 9.993E-05 0.999201 9.993E-05 9.993E-05
0.00283729 9.99473E-05 9.99473E-05 9.99473E-05 9.99473E-05 9.99473E-05 0.551769 9.99473E-05 0.444794
9.99472E-05 9.99472E-05 0.117331 9.99472E-05 9.99472E-05 9.99472E-05 0.392399 9.99472E-05 0.48967
9.99472E-05 9.99472E-05 9.99472E-05 9.99472E-05 9.99472E-05 0.178684 0.616924 9.99472E-05 0.203791
9.9956E-05 9.9956E-05 0.18711 9.9956E-05 0.00407809 0.12045 0.687862 9.9956E-05 9.9956E-05
9.99473E-05 9.99473E-05 9.99473E-05 9.99473E-05 0.0217722 0.303642 0.673986 9.99473E-05 9.99473E-05
9.99387E-05 9.99387E-05 9.99387E-05 9.99387E-05 9.99387E-05 9.99387E-05 0.749345 9.99387E-05 0.249956
0.0207239 9.99561E-05 9.99561E-05 9.99561E-05 9.99561E-05 0.184315 0.75513 9.99561E-05 0.0393312
9.9956E-05 0.0292577 9.9956E-05 9.9956E-05 9.9956E-05 0.20471 0.690111 9.9956E-05 0.0754208
9.99473E-05 9.99473E-05 9.99473E-05 9.99473E-05 9.99473E-05 0.220327 0.543578 9.99473E-05 0.235495
9.993E-05 9.993E-05 9.993E-05 9.993E-05 9.993E-05 9.993E-05 0.999201 9.993E-05 9.993E-05
9.99386E-05 9.99386E-05 9.99386E-05 9.99386E-05 9.99386E-05 0.0967068 0.902594 9.99386E-05 9.99386E-05
9.9965E-05 0.00679107 9.9965E-05 0.0372539 0.0399608 9.9965E-05 0.833635 9.9965E-05 0.0819591
0.0336651 9.99561E-05 9.99561E-05 9.99561E-05 9.99561E-05 0.0751757 0.790962 9.99561E-05 0.0996971
9.99472E-05 0.100563 9.99472E-05 9.99472E-05 9.99472E-05 0.153012 0.745825 9.99472E-05 9.99472E-05
9.99473E-05 9.99473E-05 0.029271 9.99473E-05 9.99473E-05 0.21394 0.756189 9.99473E-05 9.99473E-05
9.99386E-05 9.99386E-05 9.99386E-05 9.99386E-05 9.99386E-05 0.0967764 0.902524 9.99386E-05 9.99386E-05
9.99561E-05 0.0597541 9.99561E-05 9.99561E-05 9.99561E-05 0.226198 0.547609 9.99561E-05 0.165939
9.9956E-05 0.0445884 9.9956E-05 9.9956E-05 9.9956E-05 0.0149006 0.663891 9.9956E-05 0.27612
9.99474E-05 9.99474E-05 9.99474E-05 9.99474E-05 9.99474E-05 0.00570923 0.921379 9.99474E-05 0.0723117
9.99473E-05 9.99473E-05 9.99473E-05 9.99473E-05 9.99473E-05 0.0354296 0.440835 9.99473E-05 0.523136
9.99475E-05 9.99475E-05 9.99475E-05 0.132857 9.99475E-05 9.99475E-05 0.814795 9.99475E-05 0.0517486
9.99473E-05 9.99473E-05 9.99473E-05 9.99473E-05 9.99473E-05 0.316664 0.520583 9.99473E-05 0.162153
0.0767114 0.0325283 9.99649E-05 9.99649E-05 9.99649E-05 9.99649E-05 0.660199 0.172431 0.0577303
9.993E-05 9.993E-05 9.993E-05 9.993E-05 9.993E-05 9.993E-05 0.999201 9.993E-05 9.993E-05
9.99473E-05 9.99473E-05 9.99473E-05 9.99473E-05 9.99473E-05 0.136981 0.645527 9.99473E-05 0.216892
9.99387E-05 9.99387E-05 9.99387E-05 0.0749271 9.99387E-05 9.99387E-05 0.924373 9.99387E-05 9.99387E-05
9.99472E-05 9.99472E-05 0.0653737 9.99472E-05 9.99472E-05 9.99472E-05 0.827629 9.99472E-05 0.106397
9.99387E-05 9.99387E-05 9.99387E-05 9.99387E-05 9.99387E-05 0.0107055 0.988595 9.99387E-05 9.99387E-05
0.00804215 9.9956E-05 9.9956E-05 9.9956E-05 9.9956E-05 0.381109 0.580036 9.9956E-05 0.0303134
9.9956E-05 9.9956E-05 0.0982447 9.9956E-05 0.0533343 0.154947 0.692974 9.9956E-05 9.9956E-05
0.0478073 0.0922021 0.0944147 9.99824E-05 9.99824E-05 0.132097 0.546661 0.02921 0.057408
9.993E-05 9.993E-05 9.993E-05 9.993E-05 9.993E-05 9.993E-05 0.999201 9.993E-05 9.993E-05
9.99561E-05 0.00746666 0.0730816 9.99561E-05 9.99561E-05 0.215753 0.703199 9.99561E-05 9.99561E-05
9.99561E-05 0.177 9.99561E-05 9.99561E-05 9.99561E-05 0.169725 0.615484 9.99561E-05 0.0372917
9.99473E-05 9.99473E-05 9.99473E-05 9.99473E-05 9.99473E-05 0.0288605 0.854243 9.99473E-05 0.116297
0.175839 9.9956E-05 9.9956E-05 9.9956E-05 9.9956E-05 0.0340374 0.66441 9.9956E-05 0.125214
0.0184909 9.9956E-05 9.9956E-05 9.9956E-05 9.9956E-05 0.385815 0.516697 9.9956E-05 0.0784972
9.99473E-05 9.99473E-05 9.99473E-05 9.99473E-05 0.109427 9.99473E-05 0.593134 9.99473E-05 0.29684
9.9956E-05 0.072163 9.9956E-05 9.9956E-05 9.9956E-05 0.185781 0.556735 9.9956E-05 0.184822
9.99677E-05 0.17635 9.99677E-05 9.99677E-05 0.113411 0.070997 0.4184 9.99677E-05 0.220443
0.0486326 9.9956E-05 9.9956E-05 9.9956E-05 9.9956E-05 0.0807033 0.463351 9.9956E-05 0.406813
9.99561E-05 9.99561E-05 9.99561E-05 0.0176852 9.99561E-05 0.305691 0.327441 9.99561E-05 0.348683
0.124899 0.0924205 9.99736E-05 9.99736E-05 9.99736E-05 0.0610963 0.56021 0.0131051 0.147969
9.99386E-05 9.99386E-05 9.99386E-05 9.99386E-05 9.99386E-05 0.234679 0.764621 9.99386E-05 9.99386E-05
9.99386E-05 9.99386E-05 9.99386E-05 9.99386E-05 9.99386E-05 9.99386E-05 0.893453 9.99386E-05 0.105848
9.99473E-05 9.99473E-05 0.230576 9.99473E-05 9.99473E-05 0.313961 0.454863 9.99473E-05 9.99473E-05
0.0655343 9.99648E-05 0.122198 9.99648E-05 9.99648E-05 0.0729602 0.400221 9.99648E-05 0.338687
0.0317515 9.99473E-05 9.99473E-05 9.99473E-05 9.99473E-05 9.99473E-05 0.440855 9.99473E-05 0.526794
9.99561E-05 0.0234009 9.99561E-05 9.99561E-05 9.99561E-05 0.110745 0.298654 9.99561E-05 0.5667
0.127162 0.0502996 0.113586 9.99736E-05 9.99736E-05 0.212143 0.43413 0.0623805 9.99736E-05
9.99648E-05 0.00733244 9.99648E-05 9.99648E-05 0.0558565 0.0189348 0.678891 9.99648E-05 0.238585
0.125702 0.0732604 9.99824E-05 9.99824E-05 0.00360433 0.137134 0.328661 0.0103831 0.321056
9.99562E-05 9.99562E-05 9.99562E-05 9.99562E-05 0.0510889 0.0476365 0.868923 9.99562E-05 0.031852
9.99562E-05 9.99562E-05 9.99562E-05 0.0132034 9.99562E-05 0.135867 0.82968 9.99562E-05 0.0207505
9.99474E-05 9.99474E-05 9.99474E-05 9.99474E-05 9.99474E-05 0.131581 0.564713 9.99474E-05 0.303107
0.146721 0.0125538 9.996E-05 9.996E-05 9.996E-05 9.996E-05 0.496199 0.0783123 0.265813
9.99387E-05 9.99387E-05 9.99387E-05 9.99387E-05 9.99387E-05 0.0204388 0.978862 9.99387E-05 9.99387E-05
9.993E-05 9.993E-05 9.993E-05 9.993E-05 9.993E-05 9.993E-05 0.999201 9.993E-05 9.993E-05
0.00891061 0.0571196 0.0173946 9.99649E-05 9.99649E-05 0.061525 0.85465 9.99649E-05 9.99649E-05
0.0460678 0.0036686 9.99649E-05 9.99649E-05 9.99649E-05 0.0918978 0.853345 9.99649E-05 0.00462085
9.99386E-05 9.99386E-05 9.99386E-05 9.99386E-05 9.99386E-05 9.99386E-05 0.901812 9.99386E-05 0.0974888
9.9956E-05 9.9956E-05 0.0957527 9.9956E-05 9.9956E-05 0.0446539 0.601459 9.9956E-05 0.257634
9.99648E-05 9.99648E-05 0.173329 9.99648E-05 0.0537705 0.0283043 0.519032 9.99648E-05 0.225165
0.067978 0.153019 9.99736E-05 9.99736E-05 0.0044994 9.99736E-05 0.366462 0.022777 0.384965
9.99385E-05 9.99385E-05 9.99385E-05 9.99385E-05 9.99385E-05 0.348153 0.651148 9.99385E-05 9.99385E-05
9.9956E-05 9.9956E-05 0.0326033 9.9956E-05 9.9956E-05 0.133402 0.699511 9.9956E-05 0.133984
0.125068 9.99473E-05 9.99473E-05 9.99473E-05 9.99473E-05 9.99473E-05 0.551117 9.99473E-05 0.323216
9.99386E-05 9.99386E-05 9.99386E-05 9.99386E-05 0.0353654 9.99386E-05 0.963935 9.99386E-05 9.99386E-05
9.99648E-05 0.0158741 9.99648E-05 9.99648E-05 0.079876 9.99648E-05 0.258325 0.0984173 0.547108
0.225281 9.9956E-05 9.9956E-05 9.9956E-05 9.9956E-05 0.0662039 0.597049 9.9956E-05 0.110966
0.0884343 0.00392189 9.99648E-05 9.99648E-05 9.99648E-05 0.215769 0.623315 9.99648E-05 0.0681596
9.99736E-05 0.00958733 0.070332 9.99736E-05 0.015216 0.067938 0.403552 9.99736E-05 0.433075
9.99561E-05 9.99561E-05 0.167405 9.99561E-05 9.99561E-05 0.200074 0.561848 9.99561E-05 0.0701726
9.99474E-05 9.99474E-05 9.99474E-05 9.99474E-05 9.99474E-05 0.124414 0.784605 9.99474E-05 0.0903813
0.161864 9.9956E-05 9.9956E-05 9.9956E-05 9.9956E-05 0.158121 0.539009 9.9956E-05 0.140506
9.99386E-05 9.99386E-05 9.99386E-05 9.99386E-05 9.99386E-05 9.99386E-05 0.951324 9.99386E-05 0.0479764
9.99562E-05 9.99562E-05 9.99562E-05 0.00783701 9.99562E-05 0.126272 0.810668 9.99562E-05 0.0547231
0.048529 0.00897828 9.99824E-05 9.99824E-05 0.0677248 0.210476 0.500262 0.050433 0.113397
9.99648E-05 0.0130438 0.0487171 9.99648E-05 9.99648E-05 0.0829999 0.562418 9.99648E-05 0.292421
9.99562E-05 9.99562E-05 0.314478 0.0139497 9.99562E-05 0.170779 9.99562E-05 9.99562E-05 0.500294
9.99561E-05 9.99561E-05 0.20236 9.99561E-05 9.99561E-05 0.149693 0.0292157 9.99561E-05 0.618231
9.99649E-05 9.99649E-05 0.19438 9.99649E-05 9.99649E-05 0.113883 0.00503494 0.101799 0.584504
9.99737E-05 9.99737E-05 0.0777347 0.000369349 9.99737E-05 0.0274221 0.254974 0.0722035 0.566997
0.164761 9.99737E-05 9.99737E-05 9.99737E-05 0.00512632 0.0776326 0.09721 0.190712 0.464258
9.9965E-05 9.9965E-05 0.054031 0.201647 9.9965E-05 0.0205908 0.0426432 9.9965E-05 0.680688
0.0256169 9.99649E-05 0.0746183 9.99649E-05 9.99649E-05 0.14233 0.0172751 9.99649E-05 0.73976
0.0292059 9.99737E-05 9.99737E-05 9.99737E-05 0.0340813 0.106693 0.110092 0.111891 0.607738
0.0633414 9.99737E-05 9.99737E-05 0.276407 0.10095 0.0238833 9.99737E-05 0.114674 0.420443
9.99473E-05 9.99473E-05 0.22816 9.99473E-05 9.99473E-05 0.143251 9.99473E-05 9.99473E-05 0.62799
0.17851 9.99649E-05 9.99649E-05 9.99649E-05 0.12756 0.0129079 0.114004 9.99649E-05 0.566618
9.99562E-05 0.148746 9.99562E-05 0.0844092 9.99562E-05 9.99562E-05 0.0585124 9.99562E-05 0.707833
0.00233555 9.99737E-05 0.143503 9.99737E-05 9.99737E-05 0.0535505 0.00407384 0.23866 0.557576
9.99562E-05 9.99562E-05 0.0150006 0.383813 9.99562E-05 0.0448001 9.99562E-05 9.99562E-05 0.555887
0.140672 9.99737E-05 9.99737E-05 0.0111371 0.02817 0.0333477 0.120593 9.99737E-05 0.66578
9.99561E-05 9.99561E-05 0.251932 0.0101848 9.99561E-05 0.178778 9.99561E-05 9.99561E-05 0.558605
0.0786735 9.99737E-05 0.0239533 9.99737E-05 0.125328 0.0361324 0.0265038 9.99737E-05 0.709109
9.99649E-05 9.99649E-05 0.0242035 9.99649E-05 0.121953 9.99649E-05 0.0708542 0.0514238 0.731166
0.176483 0.026594 9.99649E-05 9.99649E-05 9.99649E-05 0.0848079 9.99649E-05 0.139364 0.572351
9.99474E-05 9.99474E-05 0.343209 9.99474E-05 9.99474E-05 0.273721 9.99474E-05 9.99474E-05 0.38247
0.10519 0.00100999 9.99737E-05 0.00358047 9.99737E-05 0.112687 0.0373847 9.99737E-05 0.739847
9.99737E-05 9.99737E-05 0.176395 0.106517 9.99737E-05 0.0169799 0.0563646 0.0427151 0.600729
0.169036 0.00534526 9.99737E-05 0.0448001 0.066879 9.99737E-05 0.051416 9.99737E-05 0.662223
0.0398998 9.99473E-05 9.99473E-05 9.99473E-05 9.99473E-05 0.260463 9.99473E-05 9.99473E-05 0.699038
0.0281511 9.99473E-05 9.99473E-05 9.99473E-05 9.99473E-05 0.255651 9.99473E-05 9.99473E-05 0.715598
9.99385E-05 9.99385E-05 9.99385E-05 9.99385E-05 9.99385E-05 0.327329 9.99385E-05 9.99385E-05 0.671972
9.99385E-05 9.99385E-05 9.99385E-05 9.99385E-05 9.99385E-05 0.177083 9.99385E-05 9.99385E-05 0.822217
9.99386E-05 9.99386E-05 9.99386E-05 9.99386E-05 9.99386E-05 0.14835 9.99386E-05 9.99386E-05 0.85095
9.99386E-05 9.99386E-05 9.99386E-05 9.99386E-05 9.99386E-05 0.215701 9.99386E-05 9.99386E-05 0.783599
0.0310874 9.99561E-05 9.99561E-05 9.99561E-05 9.99561E-05 0.266689 0.0502963 9.99561E-05 0.651427
9.99474E-05 9.99474E-05 9.99474E-05 9.99474E-05 9.99474E-05 0.122384 0.0356883 9.99474E-05 0.841328
9.99561E-05 9.99561E-05 9.99561E-05 9.99561E-05 0.0499434 0.16332 0.0652991 9.99561E-05 0.720938
9.99385E-05 9.99385E-05 9.99385E-05 9.99385E-05 9.99385E-05 0.425785 9.99385E-05 9.99385E-05 0.573516
0.00260019 9.99561E-05 9.99561E-05 9.99561E-05 0.00894959 0.152868 9.99561E-05 9.99561E-05 0.835083
9.99386E-05 9.99386E-05 9.99386E-05 9.99386E-05 9.99386E-05 0.222058 9.99386E-05 9.99386E-05 0.777243
0.0722381 0.00953908 9.99648E-05 9.99648E-05 0.017379 0.289836 9.99648E-05 9.99648E-05 0.610608
9.99474E-05 9.99474E-05 9.99474E-05 9.99474E-05 9.99474E-05 0.263702 0.130699 9.99474E-05 0.604999
9.99475E-05 9.99475E-05 9.99475E-05 9.99475E-05 9.99475E-05 0.114634 0.0221468 9.99475E-05 0.862619
9.99561E-05 9.99561E-05 0.00311894 9.99561E-05 9.99561E-05 0.219112 0.105151 9.99561E-05 0.672119
0.0266736 9.99561E-05 9.99561E-05 9.99561E-05 9.99561E-05 0.220486 0.0805319 9.99561E-05 0.671808
9.99386E-05 9.99386E-05 9.99386E-05 9.99386E-05 9.99386E-05 0.214657 9.99386E-05 9.99386E-05 0.784644
9.99386E-05 9.99386E-05 9.99386E-05 9.99386E-05 9.99386E-05 0.275279 9.99386E-05 9.99386E-05 0.724022
0.00703131 9.99474E-05 9.99474E-05 9.99474E-05 9.99474E-05 0.141766 9.99474E-05 9.99474E-05 0.850603
9.99384E-05 9.99384E-05 9.99384E-05 9.99384E-05 9.99384E-05 0.404284 9.99384E-05 9.99384E-05 0.595017
9.99386E-05 9.99386E-05 9.99386E-05 9.99386E-05 9.99386E-05 0.135838 9.99386E-05 9.99386E-05 0.863462
9.99385E-05 9.99385E-05 9.99385E-05 9.99385E-05 9.99385E-05 0.331444 9.99385E-05 9.99385E-05 0.667857
9.99386E-05 0.0612265 9.99386E-05 9.99386E-05 9.99386E-05 9.99386E-05 0.938074 9.99386E-05 9.99386E-05
0.0236228 9.99474E-05 9.99474E-05 9.99474E-05 9.99474E-05 0.171653 9.99474E-05 9.99474E-05 0.804124
9.99386E-05 9.99386E-05 9.99386E-05 9.99386E-05 9.99386E-05 0.211333 9.99386E-05 9.99386E-05 0.787968
9.99473E-05 9.99473E-05 9.99473E-05 9.99473E-05 9.99473E-05 0.0617043 9.99473E-05 0.0714364 0.86626
9.99386E-05 9.99386E-05 9.99386E-05 9.99386E-05 9.99386E-05 0.120945 9.99386E-05 9.99386E-05 0.878355
9.99385E-05 9.99385E-05 9.99385E-05 9.99385E-05 9.99385E-05 0.350744 9.99385E-05 9.99385E-05 0.648557
9.99474E-05 9.99474E-05 9.99474E-05 9.99474E-05 9.99474E-05 0.16454 0.0149633 9.99474E-05 0.819897
0.0978231 9.99474E-05 9.99474E-05 9.99474E-05 9.99474E-05 0.200037 9.99474E-05 9.99474E-05 0.701541
9.99385E-05 9.99385E-05 0.0397288 9.99385E-05 9.99385E-05 9.99385E-05 9.99385E-05 9.99385E-05 0.959572
9.99386E-05 9.99386E-05 9.99386E-05 9.99386E-05 9.99386E-05 0.224861 9.99386E-05 9.99386E-05 0.77444
9.99385E-05 9.99385E-05 9.99385E-05 9.99385E-05 9.99385E-05 0.196316 9.99385E-05 9.99385E-05 0.802984
0.0269809 9.99473E-05 9.99473E-05 9.99473E-05 9.99473E-05 0.337385 9.99473E-05 9.99473E-05 0.635034
9.99385E-05 9.99385E-05 9.99385E-05 9.99385E-05 9.99385E-05 0.160676 9.99385E-05 9.99385E-05 0.838624
9.99561E-05 9.99561E-05 0.0595185 9.99561E-05 9.99561E-05 0.16233 0.133354 9.99561E-05 0.644297
0.0117802 9.99474E-05 9.99474E-05 9.99474E-05 9.99474E-05 0.0732642 9.99474E-05 9.99474E-05 0.914356
