0.158591 9.99737E-05 9.99737E-05 0.841109 9.99737E-05
0.0178317 9.99737E-05 9.99737E-05 0.981868 9.99737E-05
9.997E-05 9.997E-05 9.997E-05 0.9996 9.997E-05
0.0941887 0.282282 0.169616 0.433787 0.0201263
0.0169917 0.150685 9.99825E-05 0.832124 9.99825E-05
0.0667567 0.144864 0.229945 0.33969 0.218745
0.0995207 0.320251 9.99825E-05 0.580028 9.99825E-05
0.210234 0.288185 9.99912E-05 0.28743 0.21405
9.99824E-05 0.212813 9.99824E-05 0.507541 0.279446
9.997E-05 9.997E-05 9.997E-05 0.9996 9.997E-05
0.108537 9.99737E-05 9.99737E-05 0.891163 9.99737E-05
9.99738E-05 0.0710067 9.99738E-05 0.928693 9.99738E-05
9.997E-05 9.997E-05 9.997E-05 0.9996 9.997E-05
0.0467888 9.99825E-05 0.203933 0.749079 9.99825E-05
9.999E-05 0.0465058 0.0723699 0.67373 0.207294
0.0163816 0.245276 9.99912E-05 0.480667 0.257575
0.103778 9.99825E-05 0.0981017 0.797921 9.99825E-05
0.179195 0.176268 9.99912E-05 0.611464 0.0329731
0.117511 0.118322 9.99912E-05 0.658087 0.105981
9.997E-05 9.997E-05 9.997E-05 0.9996 9.997E-05
0.096328 0.246667 9.99912E-05 0.593557 0.0633482
0.117752 0.161286 0.00722456 0.487158 0.22658
0.044054 9.99737E-05 9.99737E-05 0.955646 9.99737E-05
0.0484063 0.0151437 9.99824E-05 0.93625 9.99824E-05
9.99912E-05 0.304927 0.0809297 0.548835 0.0652078
0.0695946 9.99825E-05 0.0430832 0.887122 9.99825E-05
0.183364 0.160701 0.148645 0.447411 0.0598785
9.99738E-05 0.0730759 9.99738E-05 0.926624 9.99738E-05
9.99825E-05 0.0761452 0.0353723 0.888283 9.99825E-05
0.0370436 0.0279442 0.0661825 0.86873 9.99912E-05
0.107386 0.0521208 9.99912E-05 0.810689 0.0297041
9.99825E-05 0.113338 0.36327 0.523192 9.99825E-05
0.121256 0.0122586 9.99825E-05 0.866286 9.99825E-05
0.117197 0.049078 0.132585 0.701041 9.99912E-05
0.0536579 9.99737E-05 9.99737E-05 0.946042 9.99737E-05
0.0446285 0.0735515 9.99825E-05 0.88162 9.99825E-05
0.0247176 0.039972 9.99825E-05 0.93511 9.99825E-05
0.0176897 9.99913E-05 0.0601051 0.731019 0.191087
0.0602955 0.0126118 0.182102 0.74489 9.99912E-05
0.0237005 0.112488 0.175085 0.688626 9.99912E-05
9.99737E-05 0.0211672 9.99737E-05 0.978533 9.99737E-05
0.000331861 9.99825E-05 9.99825E-05 0.975121 0.0243476
0.0363809 0.00656788 0.114854 0.842097 9.99912E-05
0.10502 9.99824E-05 9.99824E-05 0.758922 0.135858
9.99737E-05 0.296343 9.99737E-05 0.703357 9.99737E-05
9.99737E-05 0.0607955 9.99737E-05 0.938905 9.99737E-05
0.0282653 9.99737E-05 9.99737E-05 0.971435 9.99737E-05
9.997E-05 9.997E-05 9.997E-05 0.9996 9.997E-05
0.0416863 0.0795693 9.99825E-05 0.878544 9.99825E-05
0.0829276 0.0803478 9.99825E-05 0.836525 9.99825E-05
0.109458 0.146322 0.154746 0.583659 0.00581575
9.99737E-05 0.338914 9.99737E-05 0.660786 9.99737E-05
0.0292404 9.99825E-05 0.0342344 0.936325 9.99825E-05
0.0616224 0.214213 0.017942 0.706123 9.99912E-05
9.99738E-05 0.0927019 9.99738E-05 0.906998 9.99738E-05
0.0519779 0.122429 0.209198 0.616296 9.99913E-05
0.0885438 9.99825E-05 9.99825E-05 0.860217 0.0510389
0.0552943 9.99737E-05 9.99737E-05 0.944406 9.99737E-05
0.115967 9.99737E-05 9.99737E-05 0.883733 9.99737E-05
0.123553 9.99912E-05 0.0740449 0.641319 0.160983
0.0192392 0.143307 9.99912E-05 0.83 0.00735368
0.261242 9.99912E-05 0.125704 0.555441 0.0575137
0.106777 9.99912E-05 0.288385 0.315707 0.289031
0.111135 0.19413 9.99912E-05 0.537793 0.156843
0.147582 9.99912E-05 0.00286361 0.683672 0.165782
0.109734 9.99824E-05 9.99824E-05 0.729785 0.160281
0.223024 9.99912E-05 0.0748243 0.463674 0.238378
0.179738 9.99912E-05 0.163015 0.652743 0.00440421
0.220204 9.99824E-05 9.99824E-05 0.673176 0.10642
0.272891 9.99824E-05 9.99824E-05 0.573965 0.152944
0.313415 0.173545 9.99912E-05 0.440292 0.0726479
0.264529 0.119872 0.0928818 0.316143 0.206575
0.00362244 0.126901 9.99912E-05 0.760776 0.108601
0.141441 0.15294 0.227922 0.477596 9.99913E-05
0.108468 9.99912E-05 0.106782 0.692183 0.0924671
0.191079 0.110896 0.216583 0.438359 0.0430832
0.378255 0.00712561 9.99912E-05 0.488252 0.126267
0.263207 9.99824E-05 9.99824E-05 0.713233 0.0233602
0.119992 0.127219 0.0500129 0.613843 0.0889335
0.0694653 0.036576 0.0416894 0.852169 9.99913E-05
0.102946 0.123643 0.0247123 0.686773 0.0619248
0.0960434 9.99912E-05 0.340329 0.498066 0.0654617
0.172205 0.195451 0.0746585 0.477232 0.0804536
0.312415 9.99912E-05 0.0330943 0.629856 0.0245346
0.152555 0.0178044 0.0482666 0.727425 0.0539485
0.11238 9.99825E-05 0.066317 0.821103 9.99825E-05
0.0621127 0.0832495 9.99912E-05 0.806763 0.0477752
0.219147 9.99825E-05 9.99825E-05 0.67996 0.100693
9.99825E-05 9.99825E-05 0.118845 0.729304 0.151651
9.99736E-05 9.99736E-05 0.857326 9.99736E-05 0.142374
9.997E-05 9.997E-05 0.9996 9.997E-05 9.997E-05
0.121454 9.99824E-05 0.818995 9.99824E-05 0.0593514
0.124501 9.99824E-05 0.741371 9.99824E-05 0.133929
9.99824E-05 0.162192 0.619309 9.99824E-05 0.2183
9.99824E-05 0.0352912 0.654534 9.99824E-05 0.309975
0.125736 9.99824E-05 0.707564 9.99824E-05 0.166499
0.0320771 9.99824E-05 0.714042 9.99824E-05 0.253681
0.0272371 9.99824E-05 0.436652 9.99824E-05 0.535911
0.0910373 9.99912E-05 0.467779 0.172769 0.268314
9.99737E-05 9.99737E-05 0.897222 9.99737E-05 0.102478
0.0255189 9.99824E-05 0.933293 0.0409878 9.99824E-05
9.99737E-05 9.99737E-05 0.870118 9.99737E-05 0.129582
9.99824E-05 9.99824E-05 0.722009 0.0811761 0.196615
0.174181 9.99825E-05 0.760037 9.99825E-05 0.0655819
0.069451 9.99912E-05 0.814632 0.0027636 0.113053
0.0180176 0.0497448 0.803131 9.99912E-05 0.129007
0.00768308 0.0306535 0.749884 9.99912E-05 0.21168
0.032118 0.0382798 0.857016 9.99912E-05 0.0724861
0.0951634 9.99825E-05 0.783588 9.99825E-05 0.121049
9.99824E-05 0.0386828 0.807115 9.99824E-05 0.154002
0.111721 9.99736E-05 0.887979 9.99736E-05 9.99736E-05
9.99824E-05 0.209338 0.439912 9.99824E-05 0.35055
9.99737E-05 9.99737E-05 0.756523 9.99737E-05 0.243177
9.99824E-05 0.167378 0.446647 9.99824E-05 0.385776
9.99825E-05 9.99825E-05 0.762055 0.0398517 0.197894
9.99737E-05 0.101499 0.898201 9.99737E-05 9.99737E-05
9.99824E-05 0.0574228 0.821893 9.99824E-05 0.120484
9.99824E-05 9.99824E-05 0.680109 0.0117548 0.307936
0.109894 0.0161702 0.816825 9.99912E-05 0.057011
9.99912E-05 0.0223113 0.823749 0.0767522 0.0770877
9.99824E-05 0.0119427 0.948624 9.99824E-05 0.0392336
9.99824E-05 0.288157 0.359016 9.99824E-05 0.352628
9.99824E-05 0.0378997 0.854647 9.99824E-05 0.107253
9.997E-05 9.997E-05 0.9996 9.997E-05 9.997E-05
0.0496558 0.0160743 0.798572 9.99912E-05 0.135598
0.130669 9.99824E-05 0.744856 9.99824E-05 0.124275
9.99737E-05 9.99737E-05 0.957725 9.99737E-05 0.041975
0.0145551 9.99824E-05 0.953913 9.99824E-05 0.0313324
9.997E-05 9.997E-05 0.9996 9.997E-05 9.997E-05
9.99737E-05 9.99737E-05 0.991267 9.99737E-05 0.00843284
9.99912E-05 0.00995115 0.510251 0.231611 0.248087
0.0371407 9.99824E-05 0.739182 9.99824E-05 0.223477
9.99737E-05 9.99737E-05 0.884917 9.99737E-05 0.114783
9.997E-05 9.997E-05 0.9996 9.997E-05 9.997E-05
0.035829 0.134891 0.488962 9.99912E-05 0.340218
0.0952525 9.99912E-05 0.705787 0.0288008 0.17006
0.0363697 0.0750754 0.638397 0.00484657 0.245312
0.0962849 0.00543434 0.407604 0.122579 0.368097
9.997E-05 9.997E-05 0.9996 9.997E-05 9.997E-05
9.99736E-05 0.246936 0.752764 9.99736E-05 9.99736E-05
9.99737E-05 9.99737E-05 0.92398 9.99737E-05 0.0757205
0.021161 9.99824E-05 0.839797 9.99824E-05 0.138842
9.99824E-05 0.067596 0.799282 9.99824E-05 0.132922
0.076575 0.142736 0.780489 9.99824E-05 9.99824E-05
9.99824E-05 0.0629567 0.597749 9.99824E-05 0.339095
9.99736E-05 9.99736E-05 0.819887 9.99736E-05 0.179813
0.100363 0.0395021 0.793319 9.99912E-05 0.0667164
9.99736E-05 0.176993 0.822708 9.99736E-05 9.99736E-05
9.99737E-05 9.99737E-05 0.795935 9.99737E-05 0.203765
9.99735E-05 9.99735E-05 9.99735E-05 0.881528 0.118172
9.997E-05 9.997E-05 9.997E-05 9.997E-05 0.9996
9.99735E-05 9.99735E-05 9.99735E-05 0.928574 0.0711257
9.997E-05 9.997E-05 9.997E-05 9.997E-05 0.9996
9.997E-05 9.997E-05 9.997E-05 9.997E-05 0.9996
9.997E-05 9.997E-05 9.997E-05 9.997E-05 0.9996
9.99735E-05 9.99735E-05 9.99735E-05 0.971701 0.0279992
9.997E-05 9.997E-05 9.997E-05 9.997E-05 0.9996
9.997E-05 9.997E-05 9.997E-05 9.997E-05 0.9996
9.99735E-05 9.99735E-05 9.99735E-05 0.953316 0.0463842
9.99735E-05 9.99735E-05 9.99735E-05 0.895535 0.104165
9.99735E-05 9.99735E-05 9.99735E-05 0.947549 0.0521512
9.997E-05 9.997E-05 9.997E-05 9.997E-05 0.9996
9.997E-05 9.997E-05 9.997E-05 9.997E-05 0.9996
9.99735E-05 9.99735E-05 9.99735E-05 0.936536 0.0631637
9.99735E-05 9.99735E-05 9.99735E-05 0.969222 0.0304785
9.99824E-05 0.37064 0.509774 9.99824E-05 0.119386
9.99736E-05 9.99736E-05 9.99736E-05 0.998364 0.0013358
9.997E-05 9.997E-05 9.997E-05 9.997E-05 0.9996
9.99735E-05 9.99735E-05 9.99735E-05 0.935409 0.0642913
9.99735E-05 9.99735E-05 9.99735E-05 0.921991 0.0777092
9.99735E-05 9.99735E-05 9.99735E-05 0.978167 0.0215326
9.997E-05 9.997E-05 9.997E-05 9.997E-05 0.9996
9.99735E-05 9.99735E-05 9.99735E-05 0.890999 0.108702
9.997E-05 9.997E-05 9.997E-05 9.997E-05 0.9996
9.99736E-05 9.99736E-05 9.99736E-05 0.952773 0.0469272
9.99735E-05 9.99735E-05 9.99735E-05 0.966537 0.0331629
9.997E-05 9.997E-05 9.997E-05 9.997E-05 0.9996
9.997E-05 9.997E-05 9.997E-05 9.997E-05 0.9996
9.997E-05 9.997E-05 9.997E-05 9.997E-05 0.9996
9.99735E-05 9.99735E-05 9.99735E-05 0.987647 0.0120527
9.99736E-05 0.0832193 9.99736E-05 0.916481 9.99736E-05
9.997E-05 9.997E-05 9.997E-05 0.9996 9.997E-05
9.99735E-05 9.99735E-05 9.99735E-05 0.940417 0.059283
9.99735E-05 9.99735E-05 9.99735E-05 0.904866 0.0948338
9.997E-05 9.997E-05 9.997E-05 9.997E-05 0.9996
9.997E-05 9.997E-05 9.997E-05 9.997E-05 0.9996
9.997E-05 9.997E-05 9.997E-05 9.997E-05 0.9996
9.99735E-05 9.99735E-05 9.99735E-05 0.932239 0.0674607
9.997E-05 9.997E-05 9.997E-05 9.997E-05 0.9996
9.997E-05 9.997E-05 9.997E-05 9.997E-05 0.9996
9.997E-05 9.997E-05 9.997E-05 9.997E-05 0.9996
9.997E-05 9.997E-05 9.997E-05 9.997E-05 0.9996
9.99735E-05 9.99735E-05 9.99735E-05 0.977261 0.0224387
9.997E-05 9.997E-05 9.997E-05 9.997E-05 0.9996
9.997E-05 9.997E-05 9.997E-05 9.997E-05 0.9996
9.99824E-05 0.297419 0.516879 9.99824E-05 0.185502
9.99735E-05 0.0960993 9.99735E-05 0.903601 9.99735E-05
9.997E-05 9.997E-05 9.997E-05 9.997E-05 0.9996
9.997E-05 9.997E-05 9.997E-05 9.997E-05 0.9996
9.997E-05 9.997E-05 9.997E-05 9.997E-05 0.9996
9.997E-05 9.997E-05 9.997E-05 9.997E-05 0.9996
9.99736E-05 9.99736E-05 9.99736E-05 0.941882 0.0578181
9.997E-05 9.997E-05 9.997E-05 9.997E-05 0.9996
9.99735E-05 9.99735E-05 9.99735E-05 0.965739 0.0339611
9.997E-05 9.997E-05 9.997E-05 9.997E-05 0.9996
9.99735E-05 9.99735E-05 9.99735E-05 0.9579 0.0418002
9.997E-05 9.997E-05 9.997E-05 9.997E-05 0.9996
9.997E-05 9.997E-05 9.997E-05 9.997E-05 0.9996
0.00163647 9.99736E-05 9.99736E-05 9.99736E-05 0.998064
9.997E-05 9.997E-05 9.997E-05 9.997E-05 0.9996
9.997E-05 9.997E-05 9.997E-05 9.997E-05 0.9996
9.997E-05 9.997E-05 9.997E-05 9.997E-05 0.9996
9.99735E-05 9.99735E-05 9.99735E-05 0.985965 0.0137353
9.997E-05 9.997E-05 9.997E-05 0.9996 9.997E-05
9.99735E-05 9.99735E-05 9.99735E-05 0.967086 0.0326145
9.997E-05 9.997E-05 9.997E-05 9.997E-05 0.9996
9.99736E-05 9.99736E-05 9.99736E-05 0.881577 0.118123
9.99824E-05 0.0117074 9.99824E-05 0.853677 0.134415
9.99735E-05 9.99735E-05 9.99735E-05 0.91114 0.0885597
9.997E-05 9.997E-05 9.997E-05 9.997E-05 0.9996
9.997E-05 9.997E-05 9.997E-05 9.997E-05 0.9996
9.997E-05 9.997E-05 9.997E-05 9.997E-05 0.9996
9.997E-05 9.997E-05 9.997E-05 0.9996 9.997E-05
9.997E-05 9.997E-05 9.997E-05 9.997E-05 0.9996
9.997E-05 9.997E-05 9.997E-05 9.997E-05 0.9996
9.99735E-05 9.99735E-05 9.99735E-05 0.944061 0.0556393
9.997E-05 9.997E-05 9.997E-05 9.997E-05 0.9996
9.997E-05 9.997E-05 9.997E-05 9.997E-05 0.9996
0.26862 0.0531918 0.469831 9.99912E-05 0.208258
9.99735E-05 9.99735E-05 9.99735E-05 0.936482 0.0632183
9.997E-05 9.997E-05 9.997E-05 9.997E-05 0.9996
0.100428 9.99824E-05 0.403024 9.99824E-05 0.496347
9.99824E-05 0.167055 0.581381 9.99824E-05 0.251364
9.99912E-05 0.0398816 0.729308 0.0030748 0.227636
9.99736E-05 0.168453 0.831247 9.99736E-05 9.99736E-05
9.99824E-05 0.0667424 0.584569 9.99824E-05 0.348488
9.99737E-05 9.99737E-05 0.95503 9.99737E-05 0.0446697
9.99912E-05 0.088553 0.429256 0.141822 0.340269
0.201846 9.99824E-05 0.637323 9.99824E-05 0.16063
9.99737E-05 9.99737E-05 0.839167 9.99737E-05 0.160533
9.99824E-05 0.0859154 0.878504 0.035381 9.99824E-05
0.0214626 9.99912E-05 0.797871 0.0570922 0.123474
9.99736E-05 9.99736E-05 0.378456 9.99736E-05 0.621244
0.0678106 0.154239 0.358975 0.125961 0.293015
0.0876214 9.99824E-05 0.8198 9.99824E-05 0.0923784
9.99736E-05 9.99736E-05 0.819809 9.99736E-05 0.179891
0.0245074 0.00673588 0.503003 0.0792973 0.386456
9.99737E-05 9.99737E-05 0.867032 9.99737E-05 0.132668
0.170589 0.0029487 0.562703 0.209717 0.0540416
0.0279762 0.0867699 0.686391 9.99912E-05 0.198763
9.99824E-05 0.142437 0.675896 9.99824E-05 0.181467
9.99824E-05 0.0968972 0.737753 9.99824E-05 0.16515
9.99736E-05 9.99736E-05 0.73314 9.99736E-05 0.26656
0.0330913 0.166943 0.626841 9.99912E-05 0.173025
0.0954896 9.99824E-05 0.701377 9.99824E-05 0.202933
0.131582 9.99824E-05 0.807459 9.99824E-05 0.0607587
9.997E-05 9.997E-05 0.9996 9.997E-05 9.997E-05
9.99824E-05 0.09579 0.774948 9.99824E-05 0.129062
9.99912E-05 0.078384 0.528657 0.0580678 0.334791
9.99736E-05 0.091738 0.907962 9.99736E-05 9.99736E-05
0.079156 0.123927 0.610562 9.99912E-05 0.186254
9.99824E-05 0.157967 0.396189 9.99824E-05 0.445644
0.00569441 9.99824E-05 0.696638 9.99824E-05 0.297468
9.99824E-05 0.0151365 0.651058 9.99824E-05 0.333605
0.108907 9.99824E-05 0.637314 9.99824E-05 0.253579
0.244594 9.99824E-05 0.595534 9.99824E-05 0.159672
9.99824E-05 0.0227806 0.887991 9.99824E-05 0.0890289
9.997E-05 9.997E-05 0.9996 9.997E-05 9.997E-05
0.2175 9.99912E-05 0.694967 0.0834126 0.0040206
0.128442 9.99736E-05 0.871258 9.99736E-05 9.99736E-05
9.99824E-05 0.167806 0.585234 9.99824E-05 0.24676
9.99824E-05 0.0682326 0.767089 9.99824E-05 0.164478
9.99824E-05 0.144944 0.657355 9.99824E-05 0.197501
9.99824E-05 0.16136 0.532833 9.99824E-05 0.305606
0.0104376 9.99824E-05 0.431066 9.99824E-05 0.558296
0.04641 9.99912E-05 0.347352 0.113385 0.492752
0.0679425 0.0793893 0.665001 9.99912E-05 0.187568
9.997E-05 9.997E-05 0.9996 9.997E-05 9.997E-05
0.0837423 0.0472665 0.677937 9.99912E-05 0.190954
9.997E-05 9.997E-05 0.9996 9.997E-05 9.997E-05
0.06872 0.147457 0.423442 0.0407883 0.319592
9.997E-05 9.997E-05 0.9996 9.997E-05 9.997E-05
0.0641339 9.99736E-05 0.935566 9.99736E-05 9.99736E-05
0.0708664 0.0169033 0.585062 0.243849 0.0833189
9.99736E-05 9.99736E-05 0.688274 9.99736E-05 0.311426
9.99824E-05 0.168949 0.750713 9.99824E-05 0.0801381
9.99736E-05 9.99736E-05 0.683719 9.99736E-05 0.315981
0.0022496 9.99912E-05 0.917557 0.0509133 0.0291805
9.99736E-05 9.99736E-05 0.798876 9.99736E-05 0.200824
9.99736E-05 9.99736E-05 0.894549 9.99736E-05 0.105151
9.99824E-05 9.99824E-05 0.712833 0.00699739 0.279969
9.997E-05 9.997E-05 0.9996 9.997E-05 9.997E-05
9.99737E-05 9.99737E-05 0.953454 9.99737E-05 0.0462458
9.997E-05 9.997E-05 0.9996 9.997E-05 9.997E-05
0.0377855 9.99824E-05 0.853631 9.99824E-05 0.108384
9.99824E-05 0.0447095 0.785858 9.99824E-05 0.169233
9.99824E-05 0.0321073 0.716019 9.99824E-05 0.251674
9.99737E-05 9.99737E-05 0.989472 9.99737E-05 0.0102276
9.99912E-05 0.0415805 0.595363 0.0657561 0.2972
0.069619 0.0709293 0.833894 9.99912E-05 0.0254577
9.99737E-05 9.99737E-05 0.997197 9.99737E-05 0.00250321
9.99824E-05 9.99824E-05 0.795749 0.0324997 0.171551
9.99737E-05 9.99737E-05 0.965885 0.0338155 9.99737E-05
9.99736E-05 9.99736E-05 0.637458 9.99736E-05 0.362242
0.179081 0.0663975 0.754321 9.99825E-05 9.99825E-05
0.0114897 9.99737E-05 0.98821 9.99737E-05 9.99737E-05
9.99737E-05 9.99737E-05 0.79599 9.99737E-05 0.20371
9.997E-05 9.997E-05 0.9996 9.997E-05 9.997E-05
9.99824E-05 0.00932195 0.989804 9.99824E-05 0.000674144
9.99737E-05 9.99737E-05 0.944164 9.99737E-05 0.0555365
0.0676855 9.99824E-05 0.521223 9.99824E-05 0.410891
9.99824E-05 0.101677 0.683274 9.99824E-05 0.214848
0.10908 0.139728 0.512028 9.99912E-05 0.239065
9.997E-05 9.997E-05 0.9996 9.997E-05 9.997E-05
9.99737E-05 9.99737E-05 0.757057 9.99737E-05 0.242643
9.99824E-05 0.166747 0.589604 9.99824E-05 0.243449
9.99737E-05 9.99737E-05 0.974244 9.99737E-05 0.0254562
0.129072 9.99824E-05 0.831799 9.99824E-05 0.0389293
0.0811687 9.99824E-05 0.53927 9.99824E-05 0.379362
0.0434324 0.0342921 0.739339 9.99912E-05 0.182837
9.99824E-05 0.0519262 0.736757 9.99824E-05 0.211117
9.99912E-05 0.231243 0.585218 0.0811259 0.102313
0.0988799 9.99912E-05 0.561156 0.154639 0.185225
9.99825E-05 9.99825E-05 0.445618 0.146435 0.407747
0.103562 0.172746 0.684266 9.99912E-05 0.0393258
9.99737E-05 9.99737E-05 0.743384 9.99737E-05 0.256317
0.00819376 9.99737E-05 0.991506 9.99737E-05 9.99737E-05
9.99824E-05 0.251253 0.435573 9.99824E-05 0.312974
0.140496 0.0401452 0.627009 0.0602833 0.132066
0.0921474 9.99824E-05 0.821974 0.0856783 9.99824E-05
9.99912E-05 0.0197334 0.455073 0.340416 0.184678
0.151511 0.196933 0.446539 9.99912E-05 0.204917
9.99824E-05 9.99824E-05 0.675956 0.248535 0.0753087
0.163184 0.107975 0.59266 9.99912E-05 0.136082
9.99737E-05 9.99737E-05 0.912316 9.99737E-05 0.0873842
9.99737E-05 9.99737E-05 0.853926 9.99737E-05 0.145774
9.99824E-05 9.99824E-05 0.635572 0.098437 0.265791
0.268844 0.00265292 0.475245 0.189583 0.0636755
9.99737E-05 9.99737E-05 0.939209 9.99737E-05 0.0604906
9.997E-05 9.997E-05 0.9996 9.997E-05 9.997E-05
0.0434035 9.99824E-05 0.90551 9.99824E-05 0.0508863
0.00345669 9.99824E-05 0.896942 9.99824E-05 0.0994018
9.997E-05 9.997E-05 0.9996 9.997E-05 9.997E-05
9.99824E-05 9.99824E-05 0.782743 0.0755834 0.141474
9.99912E-05 0.133634 0.645645 0.110344 0.110277
0.115306 0.146797 0.597311 0.140485 9.99912E-05
9.99736E-05 9.99736E-05 0.660696 9.99736E-05 0.339004
9.99824E-05 0.0460093 0.721995 9.99824E-05 0.231796
0.112955 9.99912E-05 0.730292 0.0939504 0.0627033
9.99824E-05 0.0283001 0.92867 9.99824E-05 0.0428297
9.99912E-05 0.275553 0.542129 0.146578 0.0356406
0.160467 9.99736E-05 0.839233 9.99736E-05 9.99736E-05
0.129983 9.99824E-05 0.567454 9.99824E-05 0.302363
9.99912E-05 0.0209174 0.554331 0.210961 0.21369
0.0156199 0.249457 0.55907 9.99912E-05 0.175753
9.99737E-05 9.99737E-05 0.836461 9.99737E-05 0.163239
0.198327 9.99824E-05 0.586495 9.99824E-05 0.214977
9.997E-05 9.997E-05 0.9996 9.997E-05 9.997E-05
9.99737E-05 9.99737E-05 0.921365 9.99737E-05 0.0783353
0.0701969 0.0959079 0.586761 9.99912E-05 0.247034
9.99824E-05 0.155857 0.631985 9.99824E-05 0.211958
0.0405398 0.0932474 0.0876271 0.463928 0.314658
9.99824E-05 0.0384809 9.99824E-05 0.670336 0.290983
9.99912E-05 0.301614 0.0642545 0.386163 0.247869
0.0743639 0.0537411 0.365225 0.405095 0.101575
0.157336 0.125666 0.228964 0.317507 0.170528
9.99825E-05 9.99825E-05 0.211898 0.699292 0.08861
0.067764 9.99912E-05 0.0904267 0.59502 0.246689
0.105412 0.0266088 0.144059 0.496555 0.227365
0.162402 0.0383727 0.20369 0.565639 0.0298973
9.99912E-05 0.0688047 0.15973 0.422603 0.348762
0.166984 0.0666415 0.11515 0.535448 0.115777
9.99824E-05 0.0857371 0.218669 0.695394 9.99824E-05
0.0365931 0.140677 0.1868 0.430376 0.205554
9.99825E-05 9.99825E-05 0.109009 0.815894 0.0748975
0.182954 9.99912E-05 0.182243 0.541904 0.0927998
9.99912E-05 0.189446 0.0539591 0.509707 0.246788
0.061128 0.0182773 0.212776 0.532929 0.17489
9.99824E-05 0.162985 9.99824E-05 0.689019 0.147797
0.226841 0.0524148 0.0259299 0.467023 0.227791
9.99824E-05 0.158515 9.99824E-05 0.606749 0.234536
0.103177 9.99824E-05 9.99824E-05 0.669858 0.226765
0.000567331 0.0604309 0.137792 0.688122 0.113089
0.160018 9.99912E-05 0.0287152 0.672119 0.139048
0.121954 9.99912E-05 0.171599 0.267877 0.438471
0.036104 9.99912E-05 0.0553299 0.40965 0.498816
0.00751886 9.99912E-05 0.0834136 0.367716 0.541252
9.99824E-05 0.0900341 9.99824E-05 0.416139 0.493627
9.99825E-05 9.99825E-05 0.216396 0.354112 0.429292
9.99737E-05 9.99737E-05 9.99737E-05 0.472982 0.526718
0.185623 9.99912E-05 0.0769438 0.172344 0.564989
9.99825E-05 9.99825E-05 0.174644 0.537865 0.287291
9.99912E-05 0.0850052 0.190242 0.372589 0.352063
0.0779959 9.99824E-05 9.99824E-05 0.384297 0.537507
0.0695049 0.0648857 0.0894152 0.342457 0.433737
0.022621 0.0569891 0.0730397 0.51737 0.32998
0.0312213 9.99824E-05 9.99824E-05 0.378381 0.590198
9.99825E-05 9.99825E-05 0.299053 0.219321 0.481425
9.99825E-05 9.99825E-05 0.214039 0.383299 0.402462
9.99824E-05 9.99824E-05 0.347479 0.208569 0.443752
0.0388314 9.99912E-05 0.310336 0.118325 0.532408
9.99824E-05 9.99824E-05 0.236776 0.305179 0.457845
9.99824E-05 9.99824E-05 0.0718288 0.400464 0.527507
0.0332821 9.99912E-05 0.146805 0.377739 0.442074
9.99824E-05 9.99824E-05 0.105534 0.229614 0.664652
9.99825E-05 9.99825E-05 0.0908566 0.502224 0.40672
9.99912E-05 0.0276554 0.0882575 0.217314 0.666673
9.997E-05 9.997E-05 0.9996 9.997E-05 9.997E-05
0.0140757 9.99912E-05 0.0375377 0.482359 0.465928
0.0757688 9.99912E-05 0.090779 0.399694 0.433658
0.0151923 0.0879823 0.112135 0.488748 0.295943
9.99824E-05 9.99824E-05 0.143866 0.38961 0.466324
9.99824E-05 9.99824E-05 0.0400046 0.303411 0.656384
9.99825E-05 9.99825E-05 0.180914 0.451617 0.367269
0.0733211 9.99912E-05 0.0735177 0.436746 0.416315
9.99824E-05 0.0210668 9.99824E-05 0.61564 0.363094
0.0434744 9.99912E-05 0.0751508 0.408047 0.473228
9.99824E-05 9.99824E-05 0.0691284 0.484013 0.446658
0.070673 9.99824E-05 9.99824E-05 0.421675 0.507452
9.99824E-05 9.99824E-05 0.173516 0.421956 0.404329
9.99824E-05 9.99824E-05 0.240134 0.240822 0.518844
0.0777147 9.99912E-05 0.159508 0.497421 0.265256
9.99824E-05 9.99824E-05 0.0522067 0.472638 0.474955
9.99824E-05 9.99824E-05 0.246136 0.386512 0.367152
9.99825E-05 9.99825E-05 0.0582555 0.505441 0.436103
9.99824E-05 9.99824E-05 0.200874 0.458055 0.340871
0.0339521 9.99912E-05 0.243634 0.292304 0.43001
0.0462715 9.99824E-05 9.99824E-05 0.413089 0.54044
0.149158 0.332858 9.99912E-05 0.443681 0.074203
9.99825E-05 0.509043 9.99825E-05 0.248585 0.242172
0.289561 0.353377 9.99912E-05 0.05223 0.304733
0.16307 0.339297 9.99912E-05 0.361467 0.136066
0.174572 0.242749 9.99912E-05 0.412316 0.170263
0.256714 0.175511 9.99912E-05 0.395606 0.172069
0.139081 0.346148 9.99912E-05 0.324003 0.190668
0.134724 0.299832 9.99912E-05 0.447939 0.117405
0.225757 0.198544 9.99912E-05 0.0349894 0.540609
0.477213 0.034348 9.99912E-05 0.410625 0.0777144
0.170179 0.27648 9.99912E-05 0.332907 0.220334
0.206325 0.333333 9.99912E-05 0.190174 0.270068
0.18036 0.337141 9.99912E-05 0.40079 0.0816086
0.247721 0.278901 9.99912E-05 0.308098 0.165181
0.10299 0.434685 9.99912E-05 0.314354 0.147872
0.139775 0.279871 9.99912E-05 0.47296 0.107293
0.190826 0.251485 9.99912E-05 0.420377 0.137212
0.0830242 0.304957 9.99912E-05 0.250793 0.361126
0.198021 0.363321 9.99912E-05 0.259195 0.179364
0.204043 0.261985 9.99912E-05 0.434053 0.0998192
0.9996 9.997E-05 9.997E-05 9.997E-05 9.997E-05
0.9996 9.997E-05 9.997E-05 9.997E-05 9.997E-05
0.9996 9.997E-05 9.997E-05 9.997E-05 9.997E-05
0.9996 9.997E-05 9.997E-05 9.997E-05 9.997E-05
0.9996 9.997E-05 9.997E-05 9.997E-05 9.997E-05
0.9996 9.997E-05 9.997E-05 9.997E-05 9.997E-05
0.9996 9.997E-05 9.997E-05 9.997E-05 9.997E-05
0.9996 9.997E-05 9.997E-05 9.997E-05 9.997E-05
0.9996 9.997E-05 9.997E-05 9.997E-05 9.997E-05
0.9996 9.997E-05 9.997E-05 9.997E-05 9.997E-05
0.9996 9.997E-05 9.997E-05 9.997E-05 9.997E-05
0.9996 9.997E-05 9.997E-05 9.997E-05 9.997E-05
0.9996 9.997E-05 9.997E-05 9.997E-05 9.997E-05
0.9996 9.997E-05 9.997E-05 9.997E-05 9.997E-05
0.9996 9.997E-05 9.997E-05 9.997E-05 9.997E-05
0.9996 9.997E-05 9.997E-05 9.997E-05 9.997E-05
0.9996 9.997E-05 9.997E-05 9.997E-05 9.997E-05
0.9996 9.997E-05 9.997E-05 9.997E-05 9.997E-05
0.9996 9.997E-05 9.997E-05 9.997E-05 9.997E-05
0.9996 9.997E-05 9.997E-05 9.997E-05 9.997E-05
0.9996 9.997E-05 9.997E-05 9.997E-05 9.997E-05
0.9996 9.997E-05 9.997E-05 9.997E-05 9.997E-05
0.9996 9.997E-05 9.997E-05 9.997E-05 9.997E-05
0.9996 9.997E-05 9.997E-05 9.997E-05 9.997E-05
0.9996 9.997E-05 9.997E-05 9.997E-05 9.997E-05
0.9996 9.997E-05 9.997E-05 9.997E-05 9.997E-05
0.9996 9.997E-05 9.997E-05 9.997E-05 9.997E-05
0.9996 9.997E-05 9.997E-05 9.997E-05 9.997E-05
0.9996 9.997E-05 9.997E-05 9.997E-05 9.997E-05
0.9996 9.997E-05 9.997E-05 9.997E-05 9.997E-05
0.9996 9.997E-05 9.997E-05 9.997E-05 9.997E-05
0.9996 9.997E-05 9.997E-05 9.997E-05 9.997E-05
0.9996 9.997E-05 9.997E-05 9.997E-05 9.997E-05
0.9996 9.997E-05 9.997E-05 9.997E-05 9.997E-05
0.9996 9.997E-05 9.997E-05 9.997E-05 9.997E-05
0.9996 9.997E-05 9.997E-05 9.997E-05 9.997E-05
0.9996 9.997E-05 9.997E-05 9.997E-05 9.997E-05
0.9996 9.997E-05 9.997E-05 9.997E-05 9.997E-05
0.9996 9.997E-05 9.997E-05 9.997E-05 9.997E-05
0.9996 9.997E-05 9.997E-05 9.997E-05 9.997E-05
0.9996 9.997E-05 9.997E-05 9.997E-05 9.997E-05
0.9996 9.997E-05 9.997E-05 9.997E-05 9.997E-05
0.9996 9.997E-05 9.997E-05 9.997E-05 9.997E-05
0.9996 9.997E-05 9.997E-05 9.997E-05 9.997E-05
0.9996 9.997E-05 9.997E-05 9.997E-05 9.997E-05
0.9996 9.997E-05 9.997E-05 9.997E-05 9.997E-05
0.9996 9.997E-05 9.997E-05 9.997E-05 9.997E-05
0.9996 9.997E-05 9.997E-05 9.997E-05 9.997E-05
0.9996 9.997E-05 9.997E-05 9.997E-05 9.997E-05
0.9996 9.997E-05 9.997E-05 9.997E-05 9.997E-05
0.9996 9.997E-05 9.997E-05 9.997E-05 9.997E-05
0.9996 9.997E-05 9.997E-05 9.997E-05 9.997E-05
0.9996 9.997E-05 9.997E-05 9.997E-05 9.997E-05
0.9996 9.997E-05 9.997E-05 9.997E-05 9.997E-05
0.9996 9.997E-05 9.997E-05 9.997E-05 9.997E-05
0.9996 9.997E-05 9.997E-05 9.997E-05 9.997E-05
0.9996 9.997E-05 9.997E-05 9.997E-05 9.997E-05
0.9996 9.997E-05 9.997E-05 9.997E-05 9.997E-05
0.9996 9.997E-05 9.997E-05 9.997E-05 9.997E-05
0.9996 9.997E-05 9.997E-05 9.997E-05 9.997E-05
0.9996 9.997E-05 9.997E-05 9.997E-05 9.997E-05
0.9996 9.997E-05 9.997E-05 9.997E-05 9.997E-05
0.9996 9.997E-05 9.997E-05 9.997E-05 9.997E-05
0.957669 0.0420313 9.99736E-05 9.99736E-05 9.99736E-05
0.9996 9.997E-05 9.997E-05 9.997E-05 9.997E-05
0.9996 9.997E-05 9.997E-05 9.997E-05 9.997E-05
0.9996 9.997E-05 9.997E-05 9.997E-05 9.997E-05
0.92737 0.0723299 9.99736E-05 9.99736E-05 9.99736E-05
0.9996 9.997E-05 9.997E-05 9.997E-05 9.997E-05
0.9996 9.997E-05 9.997E-05 9.997E-05 9.997E-05
0.9996 9.997E-05 9.997E-05 9.997E-05 9.997E-05
0.9996 9.997E-05 9.997E-05 9.997E-05 9.997E-05
0.9996 9.997E-05 9.997E-05 9.997E-05 9.997E-05
0.9996 9.997E-05 9.997E-05 9.997E-05 9.997E-05
0.9996 9.997E-05 9.997E-05 9.997E-05 9.997E-05
0.964165 0.0355355 9.99736E-05 9.99736E-05 9.99736E-05
0.9996 9.997E-05 9.997E-05 9.997E-05 9.997E-05
0.968522 0.031178 9.99736E-05 9.99736E-05 9.99736E-05
0.9996 9.997E-05 9.997E-05 9.997E-05 9.997E-05
0.9996 9.997E-05 9.997E-05 9.997E-05 9.997E-05
0.9996 9.997E-05 9.997E-05 9.997E-05 9.997E-05
0.9996 9.997E-05 9.997E-05 9.997E-05 9.997E-05
0.9996 9.997E-05 9.997E-05 9.997E-05 9.997E-05
0.9996 9.997E-05 9.997E-05 9.997E-05 9.997E-05
0.9996 9.997E-05 9.997E-05 9.997E-05 9.997E-05
0.961811 0.0378893 9.99736E-05 9.99736E-05 9.99736E-05
0.9996 9.997E-05 9.997E-05 9.997E-05 9.997E-05
0.9996 9.997E-05 9.997E-05 9.997E-05 9.997E-05
0.9996 9.997E-05 9.997E-05 9.997E-05 9.997E-05
0.9996 9.997E-05 9.997E-05 9.997E-05 9.997E-05
0.9996 9.997E-05 9.997E-05 9.997E-05 9.997E-05
0.9996 9.997E-05 9.997E-05 9.997E-05 9.997E-05
0.9996 9.997E-05 9.997E-05 9.997E-05 9.997E-05
0.9996 9.997E-05 9.997E-05 9.997E-05 9.997E-05
0.9996 9.997E-05 9.997E-05 9.997E-05 9.997E-05
0.9996 9.997E-05 9.997E-05 9.997E-05 9.997E-05
0.9996 9.997E-05 9.997E-05 9.997E-05 9.997E-05
0.866129 0.133571 9.99736E-05 9.99736E-05 9.99736E-05
0.979519 0.0201813 9.99736E-05 9.99736E-05 9.99736E-05
0.837323 0.162378 9.99736E-05 9.99736E-05 9.99736E-05
0.9996 9.997E-05 9.997E-05 9.997E-05 9.997E-05
0.9996 9.997E-05 9.997E-05 9.997E-05 9.997E-05
0.9996 9.997E-05 9.997E-05 9.997E-05 9.997E-05
0.996737 0.00296294 9.99736E-05 9.99736E-05 9.99736E-05
0.9996 9.997E-05 9.997E-05 9.997E-05 9.997E-05
0.9996 9.997E-05 9.997E-05 9.997E-05 9.997E-05
0.9996 9.997E-05 9.997E-05 9.997E-05 9.997E-05
0.9996 9.997E-05 9.997E-05 9.997E-05 9.997E-05
0.9996 9.997E-05 9.997E-05 9.997E-05 9.997E-05
0.9996 9.997E-05 9.997E-05 9.997E-05 9.997E-05
0.9996 9.997E-05 9.997E-05 9.997E-05 9.997E-05
0.9996 9.997E-05 9.997E-05 9.997E-05 9.997E-05
0.9996 9.997E-05 9.997E-05 9.997E-05 9.997E-05
0.959195 0.0405047 9.99736E-05 9.99736E-05 9.99736E-05
0.931754 0.0679463 9.99736E-05 9.99736E-05 9.99736E-05
0.9996 9.997E-05 9.997E-05 9.997E-05 9.997E-05
0.9996 9.997E-05 9.997E-05 9.997E-05 9.997E-05
0.9996 9.997E-05 9.997E-05 9.997E-05 9.997E-05
0.9996 9.997E-05 9.997E-05 9.997E-05 9.997E-05
0.9996 9.997E-05 9.997E-05 9.997E-05 9.997E-05
0.9996 9.997E-05 9.997E-05 9.997E-05 9.997E-05
0.9996 9.997E-05 9.997E-05 9.997E-05 9.997E-05
0.993802 0.00589782 9.99736E-05 9.99736E-05 9.99736E-05
0.9996 9.997E-05 9.997E-05 9.997E-05 9.997E-05
0.9996 9.997E-05 9.997E-05 9.997E-05 9.997E-05
0.9996 9.997E-05 9.997E-05 9.997E-05 9.997E-05
0.9996 9.997E-05 9.997E-05 9.997E-05 9.997E-05
0.9996 9.997E-05 9.997E-05 9.997E-05 9.997E-05
0.9996 9.997E-05 9.997E-05 9.997E-05 9.997E-05
0.989832 0.00986844 9.99736E-05 9.99736E-05 9.99736E-05
0.485676 0.514024 9.99736E-05 9.99736E-05 9.99736E-05
0.546534 0.453166 9.99736E-05 9.99736E-05 9.99736E-05
0.799965 0.199735 9.99736E-05 9.99736E-05 9.99736E-05
0.74947 0.25023 9.99736E-05 9.99736E-05 9.99736E-05
0.497008 0.502692 9.99736E-05 9.99736E-05 9.99736E-05
0.531558 0.468142 9.99736E-05 9.99736E-05 9.99736E-05
0.60116 0.39854 9.99736E-05 9.99736E-05 9.99736E-05
0.662568 0.337132 9.99736E-05 9.99736E-05 9.99736E-05
0.493884 0.505817 9.99736E-05 9.99736E-05 9.99736E-05
0.487778 0.509374 9.99824E-05 9.99824E-05 0.00264888
0.53959 0.46011 9.99736E-05 9.99736E-05 9.99736E-05
0.547539 0.452161 9.99737E-05 9.99737E-05 9.99737E-05
0.853329 0.146371 9.99736E-05 9.99736E-05 9.99736E-05
0.842413 0.157287 9.99737E-05 9.99737E-05 9.99737E-05
0.872232 0.127468 9.99736E-05 9.99736E-05 9.99736E-05
0.715489 0.284211 9.99736E-05 9.99736E-05 9.99736E-05
0.750546 0.249154 9.99736E-05 9.99736E-05 9.99736E-05
0.230494 0.769206 9.99736E-05 9.99736E-05 9.99736E-05
0.253399 0.746301 9.99736E-05 9.99736E-05 9.99736E-05
0.326514 0.617256 9.99824E-05 9.99824E-05 0.0560304
0.141416 0.793173 9.99824E-05 9.99824E-05 0.0652113
0.269783 0.729917 9.99737E-05 9.99737E-05 9.99737E-05
0.144352 0.757661 9.99824E-05 9.99824E-05 0.0977868
0.0413032 0.958397 9.99736E-05 9.99736E-05 9.99736E-05
0.0617903 0.908053 9.99824E-05 9.99824E-05 0.0299566
0.16007 0.790221 9.99824E-05 9.99824E-05 0.0495098
0.354496 0.645204 9.99736E-05 9.99736E-05 9.99736E-05
0.0132215 0.900837 9.99824E-05 9.99824E-05 0.0857417
0.00982474 0.896049 9.99824E-05 9.99824E-05 0.0939266
0.0985143 0.80283 0.0984554 9.99824E-05 9.99824E-05
0.116986 0.882714 9.99737E-05 9.99737E-05 9.99737E-05
0.228667 0.728215 0.0262783 9.99912E-05 0.0167404
0.0830738 0.860897 9.99825E-05 9.99825E-05 0.0558291
0.150573 0.849127 9.99736E-05 9.99736E-05 9.99736E-05
0.077008 0.854283 9.99824E-05 9.99824E-05 0.0685094
0.387261 0.540538 9.99824E-05 9.99824E-05 0.0720018
0.0456113 0.954089 9.99736E-05 9.99736E-05 9.99736E-05
0.0926736 0.907026 9.99736E-05 9.99736E-05 9.99736E-05
0.0126449 0.987055 9.99736E-05 9.99736E-05 9.99736E-05
0.0685347 0.931165 9.99736E-05 9.99736E-05 9.99736E-05
0.170159 0.823527 0.00611456 9.99824E-05 9.99824E-05
0.262544 0.737156 9.99736E-05 9.99736E-05 9.99736E-05
0.259033 0.740668 9.99736E-05 9.99736E-05 9.99736E-05
0.325327 0.66179 9.99824E-05 9.99824E-05 0.0126835
0.270889 0.728811 9.99736E-05 9.99736E-05 9.99736E-05
0.125414 0.874287 9.99736E-05 9.99736E-05 9.99736E-05
0.0527336 0.946966 9.99736E-05 9.99736E-05 9.99736E-05
0.160691 0.837753 9.99824E-05 9.99824E-05 0.00135594
0.275287 0.695038 9.99824E-05 9.99824E-05 0.0294745
0.345916 0.623652 9.99912E-05 0.0109584 0.0193731
0.130854 0.868846 9.99736E-05 9.99736E-05 9.99736E-05
0.0222716 0.977428 9.99736E-05 9.99736E-05 9.99736E-05
0.0214803 0.97822 9.99736E-05 9.99736E-05 9.99736E-05
0.0512625 0.948438 9.99736E-05 9.99736E-05 9.99736E-05
0.164127 0.835573 9.99736E-05 9.99736E-05 9.99736E-05
0.00940584 0.990294 9.99736E-05 9.99736E-05 9.99736E-05
0.132223 0.867477 9.99736E-05 9.99736E-05 9.99736E-05
0.219908 0.621495 9.99824E-05 9.99824E-05 0.158397
0.0248094 0.891928 9.99912E-05 0.0605256 0.0226373
0.0108646 0.988836 9.99736E-05 9.99736E-05 9.99736E-05
0.145089 0.72698 9.99912E-05 0.0180365 0.109794
9.99736E-05 0.976423 9.99736E-05 9.99736E-05 0.023277
0.123376 0.848765 9.99824E-05 0.0276599 9.99824E-05
9.997E-05 0.9996 9.997E-05 9.997E-05 9.997E-05
0.292134 0.707566 9.99737E-05 9.99737E-05 9.99737E-05
0.287861 0.711839 9.99736E-05 9.99736E-05 9.99736E-05
0.00656969 0.99313 9.99736E-05 9.99736E-05 9.99736E-05
0.333693 0.485098 0.0258934 0.0187971 0.136519
0.173806 0.655161 9.99912E-05 0.00398654 0.166946
0.165691 0.834009 9.99736E-05 9.99736E-05 9.99736E-05
0.0937913 0.905909 9.99736E-05 9.99736E-05 9.99736E-05
0.152883 0.776578 9.99824E-05 9.99824E-05 0.0703393
0.191342 0.808358 9.99736E-05 9.99736E-05 9.99736E-05
0.011849 0.978377 9.99824E-05 0.00957438 9.99824E-05
0.0624779 0.929153 9.99824E-05 9.99824E-05 0.00816882
9.99736E-05 0.97139 9.99736E-05 9.99736E-05 0.0283097
9.997E-05 0.9996 9.997E-05 9.997E-05 9.997E-05
0.175564 0.824136 9.99736E-05 9.99736E-05 9.99736E-05
0.188656 0.811044 9.99736E-05 9.99736E-05 9.99736E-05
9.997E-05 0.9996 9.997E-05 9.997E-05 9.997E-05
0.0540301 0.94567 9.99736E-05 9.99736E-05 9.99736E-05
0.225288 0.645152 9.99824E-05 9.99824E-05 0.129361
0.174413 0.825287 9.99736E-05 9.99736E-05 9.99736E-05
0.214025 0.785675 9.99736E-05 9.99736E-05 9.99736E-05
0.204779 0.787455 9.99824E-05 9.99824E-05 0.00756638
9.997E-05 0.9996 9.997E-05 9.997E-05 9.997E-05
0.049642 0.940956 9.99824E-05 9.99824E-05 0.00920168
0.0134002 0.9863 9.99736E-05 9.99736E-05 9.99736E-05
0.279905 0.616411 9.99824E-05 9.99824E-05 0.103484
0.0421204 0.95758 9.99736E-05 9.99736E-05 9.99736E-05
0.104705 0.889298 0.00579721 9.99824E-05 9.99824E-05
9.99737E-05 0.911613 9.99737E-05 9.99737E-05 0.0880867
0.0877309 0.911969 9.99736E-05 9.99736E-05 9.99736E-05
0.155064 0.844636 9.99736E-05 9.99736E-05 9.99736E-05
0.107365 0.892335 9.99737E-05 9.99737E-05 9.99737E-05
0.262438 0.737262 9.99736E-05 9.99736E-05 9.99736E-05
0.231851 0.767849 9.99736E-05 9.99736E-05 9.99736E-05
0.140264 0.755032 9.99824E-05 0.104504 9.99824E-05
0.193961 0.735139 9.99824E-05 9.99824E-05 0.0706995
0.137869 0.861831 9.99737E-05 9.99737E-05 9.99737E-05
9.997E-05 0.9996 9.997E-05 9.997E-05 9.997E-05
0.155203 0.844498 9.99737E-05 9.99737E-05 9.99737E-05
0.0903962 0.735733 9.99824E-05 9.99824E-05 0.173671
0.336369 0.663331 9.99737E-05 9.99737E-05 9.99737E-05
0.25943 0.657489 9.99824E-05 9.99824E-05 0.0828811
0.0691225 0.845181 9.99824E-05 9.99824E-05 0.0854963
0.164568 0.753185 9.99824E-05 9.99824E-05 0.0820468
0.196641 0.795975 9.99824E-05 9.99824E-05 0.00718394
0.0273128 0.864497 9.99824E-05 9.99824E-05 0.10799
0.0908088 0.908891 9.99736E-05 9.99736E-05 9.99736E-05
0.0992871 0.832062 9.99824E-05 9.99824E-05 0.0684512
0.119432 0.880268 9.99737E-05 9.99737E-05 9.99737E-05
0.447005 0.552695 9.99736E-05 9.99736E-05 9.99736E-05
0.198613 0.801088 9.99736E-05 9.99736E-05 9.99736E-05
0.232461 0.695352 9.99824E-05 9.99824E-05 0.0719873
0.213467 0.715738 9.99824E-05 9.99824E-05 0.0705941
0.096772 0.902928 9.99736E-05 9.99736E-05 9.99736E-05
0.138874 0.860826 9.99736E-05 9.99736E-05 9.99736E-05
0.0365766 0.963124 9.99736E-05 9.99736E-05 9.99736E-05
0.243202 0.694576 9.99824E-05 9.99824E-05 0.0620221
0.13619 0.824626 9.99825E-05 9.99825E-05 0.038984
0.267565 0.707923 9.99824E-05 9.99824E-05 0.0243117
9.997E-05 0.9996 9.997E-05 9.997E-05 9.997E-05
0.165762 0.806008 9.99824E-05 9.99824E-05 0.02803
9.99825E-05 0.903186 0.0434278 9.99825E-05 0.0531861
0.115943 0.883758 9.99736E-05 9.99736E-05 9.99736E-05
0.101935 0.897765 9.99736E-05 9.99736E-05 9.99736E-05
0.23734 0.69935 9.99824E-05 9.99824E-05 0.0631106
0.125842 0.873858 9.99737E-05 9.99737E-05 9.99737E-05
0.160471 0.839229 9.99736E-05 9.99736E-05 9.99736E-05
0.274937 0.686824 9.99824E-05 9.99824E-05 0.0380383
9.99736E-05 0.836146 9.99736E-05 9.99736E-05 0.163554
0.073698 0.926002 9.99736E-05 9.99736E-05 9.99736E-05
0.234708 0.717428 9.99824E-05 9.99824E-05 0.0476647
0.135966 0.858916 9.99824E-05 9.99824E-05 0.00491763
0.273602 0.720848 9.99824E-05 9.99824E-05 0.00535077
0.172934 0.826766 9.99736E-05 9.99736E-05 9.99736E-05
0.124124 0.871528 9.99824E-05 9.99824E-05 0.00414833
0.419442 0.580258 9.99737E-05 9.99737E-05 9.99737E-05
0.138077 0.861623 9.99736E-05 9.99736E-05 9.99736E-05
0.334071 0.665629 9.99736E-05 9.99736E-05 9.99736E-05
0.161202 0.838498 9.99736E-05 9.99736E-05 9.99736E-05
0.11831 0.794447 9.99824E-05 9.99824E-05 0.0870425
9.99737E-05 0.953114 9.99737E-05 9.99737E-05 0.0465863
0.129214 0.870486 9.99736E-05 9.99736E-05 9.99736E-05
0.245978 0.69041 9.99824E-05 9.99824E-05 0.0634118
0.167902 0.831798 9.99736E-05 9.99736E-05 9.99736E-05
0.013606 0.902722 9.99824E-05 9.99824E-05 0.0834721
0.115375 0.884325 9.99736E-05 9.99736E-05 9.99736E-05
0.191101 0.808599 9.99736E-05 9.99736E-05 9.99736E-05
0.0795651 0.920135 9.99736E-05 9.99736E-05 9.99736E-05
0.0365087 0.890761 9.99824E-05 9.99824E-05 0.0725308
9.99736E-05 0.926183 9.99736E-05 9.99736E-05 0.0735168
0.156228 0.827649 9.99824E-05 9.99824E-05 0.0159235
0.0213866 0.978314 9.99736E-05 9.99736E-05 9.99736E-05
0.138364 0.800785 9.99824E-05 9.99824E-05 0.0606514
9.99737E-05 0.906379 9.99737E-05 9.99737E-05 0.0933212
0.169117 0.745054 9.99824E-05 9.99824E-05 0.0856297
0.120038 0.879662 9.99737E-05 9.99737E-05 9.99737E-05
9.997E-05 0.9996 9.997E-05 9.997E-05 9.997E-05
0.0389834 0.960717 9.99736E-05 9.99736E-05 9.99736E-05
0.484183 0.48527 9.99824E-05 9.99824E-05 0.0303464
0.11438 0.88532 9.99736E-05 9.99736E-05 9.99736E-05
0.0166822 0.983018 9.99736E-05 9.99736E-05 9.99736E-05
0.357883 0.641817 9.99736E-05 9.99736E-05 9.99736E-05
0.553416 0.41203 9.99824E-05 9.99824E-05 0.0343541
0.212056 0.787644 9.99736E-05 9.99736E-05 9.99736E-05
0.474479 0.525221 9.99736E-05 9.99736E-05 9.99736E-05
0.199829 0.799871 9.99736E-05 9.99736E-05 9.99736E-05
0.165095 0.834605 9.99737E-05 9.99737E-05 9.99737E-05
0.26399 0.73571 9.99736E-05 9.99736E-05 9.99736E-05
0.2848 0.7149 9.99736E-05 9.99736E-05 9.99736E-05
0.203552 0.796148 9.99736E-05 9.99736E-05 9.99736E-05
9.997E-05 0.9996 9.997E-05 9.997E-05 9.997E-05
0.292311 0.707389 9.99736E-05 9.99736E-05 9.99736E-05
0.20193 0.79777 9.99736E-05 9.99736E-05 9.99736E-05
0.267164 0.732536 9.99736E-05 9.99736E-05 9.99736E-05
0.441 0.5587 9.99736E-05 9.99736E-05 9.99736E-05
0.0578423 0.941858 9.99736E-05 9.99736E-05 9.99736E-05
9.997E-05 0.9996 9.997E-05 9.997E-05 9.997E-05
0.291993 0.707707 9.99736E-05 9.99736E-05 9.99736E-05
0.131214 0.868487 9.99736E-05 9.99736E-05 9.99736E-05
0.331666 0.668034 9.99736E-05 9.99736E-05 9.99736E-05
0.411578 0.588122 9.99736E-05 9.99736E-05 9.99736E-05
0.32012 0.67958 9.99736E-05 9.99736E-05 9.99736E-05
0.773362 0.226338 9.99736E-05 9.99736E-05 9.99736E-05
0.140101 0.859599 9.99736E-05 9.99736E-05 9.99736E-05
0.650679 0.349021 9.99736E-05 9.99736E-05 9.99736E-05
0.0294172 0.970283 9.99736E-05 9.99736E-05 9.99736E-05
0.0245194 0.948011 0.0272693 9.99825E-05 9.99825E-05
0.11346 0.88624 9.99736E-05 9.99736E-05 9.99736E-05
0.183278 0.785208 9.99824E-05 9.99824E-05 0.0313137
9.997E-05 0.9996 9.997E-05 9.997E-05 9.997E-05
0.134177 0.864893 9.99824E-05 9.99824E-05 0.000729316
0.118184 0.683679 9.99824E-05 9.99824E-05 0.197937
0.240986 0.758715 9.99736E-05 9.99736E-05 9.99736E-05
0.171068 0.828632 9.99736E-05 9.99736E-05 9.99736E-05
0.311285 0.688415 9.99737E-05 9.99737E-05 9.99737E-05
0.151543 0.848157 9.99736E-05 9.99736E-05 9.99736E-05
0.110185 0.872007 9.99824E-05 9.99824E-05 0.0176078
9.997E-05 0.9996 9.997E-05 9.997E-05 9.997E-05
9.99736E-05 0.990299 9.99736E-05 9.99736E-05 0.00940145
0.0500975 0.942001 9.99824E-05 9.99824E-05 0.0077018
0.0279596 0.97174 9.99736E-05 9.99736E-05 9.99736E-05
9.997E-05 0.9996 9.997E-05 9.997E-05 9.997E-05
0.0365648 0.930469 9.99824E-05 9.99824E-05 0.0327665
0.381332 0.618368 9.99737E-05 9.99737E-05 9.99737E-05
9.997E-05 0.9996 9.997E-05 9.997E-05 9.997E-05
0.00697791 0.895088 9.99824E-05 9.99824E-05 0.0977344
0.242758 0.756942 9.99736E-05 9.99736E-05 9.99736E-05
0.0484308 0.825246 9.99824E-05 9.99824E-05 0.126123
