0.00385188 0.0535942 9.99385E-05 0.414395 9.99385E-05 9.99385E-05 0.0670117 9.99385E-05 9.99385E-05 9.99385E-05 0.0707958 9.99385E-05 0.389652
9.9921E-05 0.137341 9.9921E-05 0.827587 9.9921E-05 9.9921E-05 0.0209199 9.9921E-05 9.9921E-05 9.9921E-05 0.0132528 9.9921E-05 9.9921E-05
9.99122E-05 9.99122E-05 9.99122E-05 0.935813 9.99122E-05 9.99122E-05 9.99122E-05 9.99122E-05 0.0346798 9.99122E-05 0.0285079 9.99122E-05 9.99122E-05
9.995E-05 9.995E-05 0.0130188 0.303153 9.995E-05 9.995E-05 0.0708631 0.0550625 0.17988 9.995E-05 0.0119452 0.354701 0.010877
9.99122E-05 9.99122E-05 9.99122E-05 0.852871 9.99122E-05 0.130304 9.99122E-05 0.0158259 9.99122E-05 9.99122E-05 9.99122E-05 9.99122E-05 9.99122E-05
9.99473E-05 0.0723324 9.99473E-05 0.20805 9.99473E-05 0.134778 9.99473E-05 0.12602 0.217668 9.99473E-05 9.99473E-05 0.104053 0.136499
9.994E-05 0.0429829 9.994E-05 0.255877 0.0112492 9.994E-05 0.135689 9.994E-05 9.994E-05 9.994E-05 0.0328014 0.242418 0.278382
0.0101148 9.99561E-05 9.99561E-05 0.186456 0.0888286 0.125903 9.99561E-05 0.105579 0.19609 9.99561E-05 9.99561E-05 0.0535889 0.23294
9.99473E-05 9.99473E-05 0.0584669 0.327515 9.99473E-05 0.0576753 9.99473E-05 0.22781 9.99473E-05 9.99473E-05 0.205706 0.0905869 0.0316409
0.00483187 9.99122E-05 9.99122E-05 0.929279 9.99122E-05 9.99122E-05 9.99122E-05 9.99122E-05 9.99122E-05 9.99122E-05 0.0648901 9.99122E-05 9.99122E-05
9.99385E-05 9.99385E-05 0.00312204 0.407017 9.99385E-05 9.99385E-05 0.128758 0.0265879 9.99385E-05 9.99385E-05 0.135358 9.99385E-05 0.298457
9.99298E-05 9.99298E-05 9.99298E-05 0.802663 9.99298E-05 9.99298E-05 0.0266464 0.0206657 9.99298E-05 9.99298E-05 0.0628195 0.0864063 9.99298E-05
9.9921E-05 9.9921E-05 9.9921E-05 0.844818 9.9921E-05 9.9921E-05 9.9921E-05 0.0179487 9.9921E-05 9.9921E-05 0.122016 9.9921E-05 0.0143182
9.99386E-05 9.99386E-05 9.99386E-05 0.638442 0.041493 9.99386E-05 0.0684827 9.99386E-05 0.118157 0.0581747 0.0745503 9.99386E-05 9.99386E-05
9.99386E-05 9.99386E-05 0.0616993 0.298439 9.99386E-05 9.99386E-05 9.99386E-05 0.136376 0.141933 9.99386E-05 0.21694 9.99386E-05 0.143914
0.00803012 9.99649E-05 9.99649E-05 0.234687 0.189634 9.99649E-05 0.0086578 0.146652 0.120026 9.99649E-05 0.0828571 0.039581 0.169475
9.99385E-05 0.0562848 9.99385E-05 0.548959 0.0842408 9.99385E-05 0.0981903 9.99385E-05 9.99385E-05 0.153098 0.0585273 9.99385E-05 9.99385E-05
0.17198 9.99473E-05 0.11641 0.22759 9.99473E-05 9.99473E-05 9.99473E-05 0.054822 9.99473E-05 9.99473E-05 0.168658 0.0173381 0.242603
0.0819183 9.99473E-05 9.99473E-05 0.361551 9.99473E-05 9.99473E-05 0.018689 0.0806563 9.99473E-05 9.99473E-05 0.209445 0.113309 0.133832
9.99122E-05 9.99122E-05 0.0395509 0.957784 9.99122E-05 9.99122E-05 9.99122E-05 9.99122E-05 9.99122E-05 9.99122E-05 0.00166573 9.99122E-05 9.99122E-05
9.99473E-05 9.99473E-05 0.0361419 0.489854 9.99473E-05 0.115069 0.0688887 0.0626346 9.99473E-05 9.99473E-05 0.0348413 0.191971 9.99473E-05
9.99386E-05 0.017684 9.99386E-05 0.283936 9.99386E-05 0.230584 9.99386E-05 0.17545 9.99386E-05 9.99386E-05 9.99386E-05 0.0995278 0.19212
9.99386E-05 0.00830573 9.99386E-05 0.659587 9.99386E-05 9.99386E-05 0.0528853 9.99386E-05 0.0720174 9.99386E-05 0.120596 9.99386E-05 0.0859086
0.00928875 9.99298E-05 9.99298E-05 0.309823 0.0689534 9.99298E-05 9.99298E-05 9.99298E-05 9.99298E-05 9.99298E-05 0.231655 9.99298E-05 0.37948
9.99473E-05 9.99473E-05 0.00456527 0.304874 9.99473E-05 9.99473E-05 0.0993952 0.0728575 0.126844 9.99473E-05 0.293929 9.99473E-05 0.0969354
9.99386E-05 9.99386E-05 9.99386E-05 0.724363 0.025581 0.0178465 0.0439253 9.99386E-05 0.114842 9.99386E-05 0.072743 9.99386E-05 9.99386E-05
0.108161 9.99473E-05 0.0229736 0.0234177 0.0688313 9.99473E-05 9.99473E-05 9.99473E-05 0.310685 9.99473E-05 0.154485 9.99473E-05 0.310847
9.99123E-05 9.99123E-05 9.99123E-05 0.827944 9.99123E-05 9.99123E-05 9.99123E-05 9.99123E-05 9.99123E-05 9.99123E-05 0.0775692 0.0934875 9.99123E-05
9.99211E-05 9.99211E-05 9.99211E-05 0.563199 9.99211E-05 9.99211E-05 9.99211E-05 9.99211E-05 0.0693608 9.99211E-05 0.215131 9.99211E-05 0.151409
0.022981 9.99649E-05 0.0188312 0.70836 0.00311175 0.0868206 9.99649E-05 0.0178048 9.99649E-05 0.0757662 0.0608996 0.00502484 9.99649E-05
0.00163536 9.99386E-05 0.0710664 0.716212 9.99386E-05 9.99386E-05 0.111593 0.0628676 9.99386E-05 9.99386E-05 9.99386E-05 9.99386E-05 0.035926
9.99474E-05 9.99474E-05 9.99474E-05 0.494492 9.99474E-05 9.99474E-05 0.0755928 0.00546171 0.187444 9.99474E-05 0.0348865 0.0586633 0.14286
9.99385E-05 9.99385E-05 9.99385E-05 0.467472 0.0109747 9.99385E-05 0.0588438 9.99385E-05 0.0485457 9.99385E-05 0.126267 9.99385E-05 0.287197
0.00530936 9.99473E-05 9.99473E-05 0.522098 0.0440938 9.99473E-05 0.0300755 9.99473E-05 0.182609 9.99473E-05 0.145844 9.99473E-05 0.0693697
9.99298E-05 0.0193899 0.0236132 0.907853 9.99298E-05 9.99298E-05 0.0331973 9.99298E-05 9.99298E-05 9.99298E-05 0.0151472 9.99298E-05 9.99298E-05
0.00496898 0.0116622 0.0269627 0.683038 9.99649E-05 9.99649E-05 0.0717574 0.00436599 9.99649E-05 9.99649E-05 0.00442501 0.0465293 0.14589
9.99211E-05 0.0802501 9.99211E-05 0.840544 0.0239992 9.99211E-05 9.99211E-05 9.99211E-05 9.99211E-05 9.99211E-05 9.99211E-05 0.0543076 9.99211E-05
9.99298E-05 0.0907328 0.042371 0.69715 9.99298E-05 9.99298E-05 9.99298E-05 0.126435 9.99298E-05 9.99298E-05 0.0425114 9.99298E-05 9.99298E-05
9.99474E-05 0.049294 0.0252918 0.597786 9.99474E-05 0.0243939 0.0162553 9.99474E-05 9.99474E-05 0.0657536 0.220625 9.99474E-05 9.99474E-05
9.9921E-05 9.9921E-05 9.9921E-05 0.583103 0.16638 9.9921E-05 9.9921E-05 9.9921E-05 0.163722 9.9921E-05 0.0858961 9.9921E-05 9.9921E-05
9.99385E-05 9.99385E-05 9.99385E-05 0.753648 9.99385E-05 9.99385E-05 0.0465572 0.00771082 9.99385E-05 9.99385E-05 0.0820808 0.0666304 0.0426729
9.99298E-05 0.0476298 9.99298E-05 0.643504 9.99298E-05 9.99298E-05 9.99298E-05 0.0519348 9.99298E-05 9.99298E-05 0.0321321 9.99298E-05 0.224
9.9921E-05 0.0613611 9.9921E-05 0.901118 9.9921E-05 0.0351538 9.9921E-05 9.9921E-05 0.001468 9.9921E-05 9.9921E-05 9.9921E-05 9.9921E-05
9.99473E-05 0.0404234 9.99473E-05 0.399379 9.99473E-05 9.99473E-05 0.0774378 0.140562 9.99473E-05 9.99473E-05 0.138329 0.0111905 0.192079
9.99298E-05 9.99298E-05 9.99298E-05 0.30023 9.99298E-05 0.0644231 9.99298E-05 9.99298E-05 9.99298E-05 9.99298E-05 0.198028 0.175059 0.261461
0.0154639 9.99385E-05 0.0893903 0.810298 9.99385E-05 0.0391922 9.99385E-05 9.99385E-05 9.99385E-05 9.99385E-05 0.0409703 0.00398591 9.99385E-05
0.050446 9.9921E-05 9.9921E-05 0.901493 9.9921E-05 9.9921E-05 9.9921E-05 0.00267566 9.9921E-05 9.9921E-05 0.0444857 9.9921E-05 9.9921E-05
9.99211E-05 9.99211E-05 0.00531394 0.881844 0.0519205 9.99211E-05 9.99211E-05 9.99211E-05 9.99211E-05 9.99211E-05 0.0600222 9.99211E-05 9.99211E-05
9.99297E-05 9.99297E-05 9.99297E-05 0.619499 9.99297E-05 0.0272739 0.0588512 9.99297E-05 9.99297E-05 9.99297E-05 0.0831672 9.99297E-05 0.21041
0.0253302 0.0198804 9.99475E-05 0.759492 0.12262 0.0355712 0.0180428 9.99475E-05 9.99475E-05 9.99475E-05 0.0184637 9.99475E-05 9.99475E-05
9.99385E-05 9.99385E-05 9.99385E-05 0.300672 9.99385E-05 9.99385E-05 0.116563 0.0540498 0.143715 9.99385E-05 0.193526 0.190774 9.99385E-05
0.0247184 9.99649E-05 0.00645629 0.589323 0.0076002 0.107199 0.00828521 0.0391165 9.99649E-05 9.99649E-05 9.99649E-05 0.103948 0.112954
0.108795 0.00649711 9.9921E-05 0.863192 9.9921E-05 9.9921E-05 9.9921E-05 9.9921E-05 9.9921E-05 9.9921E-05 0.0206169 9.9921E-05 9.9921E-05
9.99386E-05 9.99386E-05 0.033462 0.646823 0.218402 0.017884 0.0207477 9.99386E-05 9.99386E-05 9.99386E-05 0.0619809 9.99386E-05 9.99386E-05
9.99211E-05 9.99211E-05 0.0193341 0.813051 9.99211E-05 9.99211E-05 9.99211E-05 9.99211E-05 9.99211E-05 9.99211E-05 0.146466 0.0202491 9.99211E-05
9.99298E-05 9.99298E-05 0.0417872 0.732893 9.99298E-05 0.0474679 0.00661212 9.99298E-05 0.17044 9.99298E-05 9.99298E-05 9.99298E-05 9.99298E-05
0.0759114 0.0391192 9.99386E-05 0.684751 9.99386E-05 0.042593 9.99386E-05 9.99386E-05 9.99386E-05 9.99386E-05 0.141586 0.0153397 9.99386E-05
9.9921E-05 9.9921E-05 9.9921E-05 0.82751 9.9921E-05 9.9921E-05 0.0485194 9.9921E-05 9.9921E-05 9.9921E-05 0.0769956 0.0460759 9.9921E-05
9.9921E-05 9.9921E-05 0.0672885 0.869509 9.9921E-05 9.9921E-05 0.0529187 9.9921E-05 9.9921E-05 9.9921E-05 9.9921E-05 0.00938504 9.9921E-05
0.0682462 0.0950039 9.99473E-05 9.99473E-05 9.99473E-05 9.99473E-05 0.0293516 0.0150556 0.00843672 9.99473E-05 0.148094 9.99473E-05 0.635212
0.0128043 0.0391407 9.99299E-05 0.0540898 9.99299E-05 9.99299E-05 9.99299E-05 9.99299E-05 9.99299E-05 9.99299E-05 9.99299E-05 0.0824057 0.81076
0.118069 0.0569739 9.99385E-05 9.99385E-05 0.0147821 9.99385E-05 0.0157985 9.99385E-05 9.99385E-05 0.152377 9.99385E-05 9.99385E-05 0.6413
0.0411927 0.352637 9.99386E-05 9.99386E-05 9.99386E-05 9.99386E-05 9.99386E-05 0.107781 0.250654 9.99386E-05 0.0568903 9.99386E-05 0.190145
0.0639797 9.99385E-05 0.0976883 9.99385E-05 0.000379879 9.99385E-05 9.99385E-05 0.0794343 9.99385E-05 9.99385E-05 0.0812984 9.99385E-05 0.67652
0.0196844 9.99209E-05 9.99209E-05 9.99209E-05 9.99209E-05 9.99209E-05 9.99209E-05 0.0672899 9.99209E-05 9.99209E-05 0.181235 9.99209E-05 0.730892
9.9921E-05 0.389115 9.9921E-05 9.9921E-05 9.9921E-05 9.9921E-05 0.0552181 9.9921E-05 9.9921E-05 9.9921E-05 0.169376 9.9921E-05 0.385391
0.182539 0.158478 9.99385E-05 9.99385E-05 9.99385E-05 9.99385E-05 9.99385E-05 0.032338 0.0526118 9.99385E-05 0.143158 9.99385E-05 0.430175
0.0328827 0.235391 9.99298E-05 9.99298E-05 9.99298E-05 9.99298E-05 9.99298E-05 9.99298E-05 9.99298E-05 0.0636668 0.0352622 9.99298E-05 0.631998
9.99298E-05 9.99298E-05 9.99298E-05 0.0686751 9.99298E-05 9.99298E-05 0.091414 0.0121632 9.99298E-05 9.99298E-05 0.0548011 9.99298E-05 0.772147
9.99296E-05 9.99296E-05 0.014202 9.99296E-05 9.99296E-05 9.99296E-05 0.186928 0.0600931 9.99296E-05 9.99296E-05 0.237716 9.99296E-05 0.500261
0.0108907 0.0495835 9.99473E-05 9.99473E-05 0.125201 9.99473E-05 0.0795432 9.99473E-05 9.99473E-05 9.99473E-05 0.112934 0.0477112 0.573537
0.00457976 0.0607122 9.9956E-05 9.9956E-05 0.0751409 0.14163 0.0908668 0.141513 0.159116 9.9956E-05 9.9956E-05 9.9956E-05 0.325941
9.99209E-05 0.0815804 9.99209E-05 9.99209E-05 9.99209E-05 0.114437 9.99209E-05 9.99209E-05 9.99209E-05 9.99209E-05 0.215923 9.99209E-05 0.58716
9.993E-05 0.0384453 9.993E-05 9.993E-05 0.0100147 9.993E-05 9.993E-05 9.993E-05 0.173855 0.00753299 9.993E-05 9.993E-05 0.769352
9.99298E-05 0.0803339 9.99298E-05 9.99298E-05 9.99298E-05 9.99298E-05 0.0178924 9.99298E-05 9.99298E-05 0.0698432 0.090599 9.99298E-05 0.740532
0.140078 0.0483089 9.99473E-05 9.99473E-05 0.00967483 9.99473E-05 9.99473E-05 9.99473E-05 0.153319 9.99473E-05 0.0404243 0.0507238 0.556871
0.039263 9.99297E-05 9.99297E-05 9.99297E-05 9.99297E-05 9.99297E-05 0.149381 0.0498315 9.99297E-05 9.99297E-05 9.99297E-05 0.103392 0.657333
0.044117 9.99298E-05 9.99298E-05 9.99298E-05 9.99298E-05 9.99298E-05 0.0996732 0.00904454 9.99298E-05 9.99298E-05 0.126285 9.99298E-05 0.720081
0.0256108 0.0249679 9.99472E-05 9.99472E-05 0.0509854 9.99472E-05 0.00988714 9.99472E-05 0.0449327 9.99472E-05 0.269781 9.99472E-05 0.573235
9.99212E-05 9.99212E-05 9.99212E-05 9.99212E-05 0.00770789 9.99212E-05 9.99212E-05 9.99212E-05 9.99212E-05 0.190356 0.0321231 9.99212E-05 0.768914
9.99209E-05 0.0539806 9.99209E-05 9.99209E-05 9.99209E-05 9.99209E-05 9.99209E-05 9.99209E-05 0.0308774 9.99209E-05 0.0597468 9.99209E-05 0.854496
0.0269779 0.135908 9.99211E-05 9.99211E-05 9.99211E-05 9.99211E-05 9.99211E-05 9.99211E-05 0.222347 9.99211E-05 9.99211E-05 9.99211E-05 0.613868
0.0651283 9.99473E-05 9.99473E-05 9.99473E-05 9.99473E-05 9.99473E-05 0.00217631 0.0331759 0.118662 9.99473E-05 0.0451139 0.178368 0.556776
9.99122E-05 9.99122E-05 9.99122E-05 9.99122E-05 9.99122E-05 9.99122E-05 0.20669 9.99122E-05 9.99122E-05 9.99122E-05 0.0577234 9.99122E-05 0.734588
9.99562E-05 0.0479434 0.0653233 0.0738434 9.99562E-05 9.99562E-05 0.0671041 0.0583779 9.99562E-05 0.12504 0.0494692 9.99562E-05 0.512399
0.0691811 9.99123E-05 9.99123E-05 9.99123E-05 9.99123E-05 9.99123E-05 9.99123E-05 9.99123E-05 9.99123E-05 0.141222 9.99123E-05 9.99123E-05 0.788598
9.99299E-05 0.0557328 0.0540903 9.99299E-05 9.99299E-05 9.99299E-05 9.99299E-05 9.99299E-05 9.99299E-05 0.0193025 0.109648 9.99299E-05 0.760427
0.119521 9.99211E-05 9.99211E-05 9.99211E-05 9.99211E-05 9.99211E-05 9.99211E-05 0.0432487 9.99211E-05 9.99211E-05 0.0994254 9.99211E-05 0.736906
9.99474E-05 9.99474E-05 0.0052095 0.00129839 0.0768383 9.99474E-05 9.99474E-05 0.0771944 9.99474E-05 0.278889 0.204253 9.99474E-05 0.355717
9.99122E-05 9.99122E-05 9.99122E-05 9.99122E-05 9.99122E-05 9.99122E-05 9.99122E-05 0.111182 0.750181 9.99122E-05 0.137638 9.99122E-05 9.99122E-05
9.99211E-05 9.99211E-05 9.99211E-05 9.99211E-05 9.99211E-05 9.99211E-05 9.99211E-05 0.00795049 0.619822 0.321847 0.0494815 9.99211E-05 9.99211E-05
9.99034E-05 9.99034E-05 9.99034E-05 9.99034E-05 9.99034E-05 9.99034E-05 9.99034E-05 9.99034E-05 0.918821 9.99034E-05 0.0800796 9.99034E-05 9.99034E-05
0.0160728 9.99297E-05 9.99297E-05 9.99297E-05 9.99297E-05 9.99297E-05 0.0285648 0.0832792 0.689776 9.99297E-05 0.181508 9.99297E-05 9.99297E-05
0.0733196 9.99122E-05 9.99122E-05 9.99122E-05 9.99122E-05 9.99122E-05 9.99122E-05 9.99122E-05 0.882384 9.99122E-05 9.99122E-05 0.0432977 9.99122E-05
9.9921E-05 0.0102741 9.9921E-05 9.9921E-05 9.9921E-05 9.9921E-05 9.9921E-05 0.118073 0.741119 9.9921E-05 0.129635 9.9921E-05 9.9921E-05
9.9921E-05 9.9921E-05 9.9921E-05 9.9921E-05 9.9921E-05 9.9921E-05 0.0501595 0.0803951 0.792221 9.9921E-05 0.0763255 9.9921E-05 9.9921E-05
9.99034E-05 9.99034E-05 9.99034E-05 9.99034E-05 9.99034E-05 9.99034E-05 9.99034E-05 0.19906 0.799841 9.99034E-05 9.99034E-05 9.99034E-05 9.99034E-05
9.99296E-05 0.296625 9.99296E-05 9.99296E-05 9.99296E-05 9.99296E-05 0.0685548 0.239391 0.344523 9.99296E-05 0.0501071 9.99296E-05 9.99296E-05
0.00532729 9.9921E-05 9.9921E-05 9.9921E-05 9.9921E-05 9.9921E-05 9.9921E-05 0.158745 0.556042 9.9921E-05 0.278986 9.9921E-05 9.9921E-05
9.99123E-05 0.210429 9.99123E-05 9.99123E-05 9.99123E-05 9.99123E-05 9.99123E-05 9.99123E-05 0.622948 0.165624 9.99123E-05 9.99123E-05 9.99123E-05
9.99122E-05 0.160924 9.99122E-05 9.99122E-05 9.99122E-05 9.99122E-05 0.0200384 9.99122E-05 0.818038 9.99122E-05 9.99122E-05 9.99122E-05 9.99122E-05
9.99035E-05 9.99035E-05 9.99035E-05 9.99035E-05 9.99035E-05 9.99035E-05 9.99035E-05 0.102826 0.896075 9.99035E-05 9.99035E-05 9.99035E-05 9.99035E-05
9.99123E-05 9.99123E-05 9.99123E-05 9.99123E-05 9.99123E-05 9.99123E-05 9.99123E-05 0.144208 0.649809 9.99123E-05 0.204983 9.99123E-05 9.99123E-05
0.150726 9.99298E-05 9.99298E-05 9.99298E-05 0.0205839 9.99298E-05 9.99298E-05 0.042348 0.746264 0.0392787 9.99298E-05 9.99298E-05 9.99298E-05
9.99561E-05 0.152267 9.99561E-05 9.99561E-05 0.0680462 0.00688719 0.0419815 0.0694604 0.554155 9.99561E-05 0.0927955 0.0139077 9.99561E-05
9.9921E-05 0.145916 0.0480314 9.9921E-05 9.9921E-05 9.9921E-05 9.9921E-05 0.0460098 0.759143 9.9921E-05 9.9921E-05 9.9921E-05 9.9921E-05
9.99211E-05 9.99211E-05 9.99211E-05 0.00767132 9.99211E-05 0.0492444 9.99211E-05 0.120607 0.821578 9.99211E-05 9.99211E-05 9.99211E-05 9.99211E-05
9.98947E-05 9.98947E-05 9.98947E-05 9.98947E-05 9.98947E-05 9.98947E-05 9.98947E-05 9.98947E-05 0.998801 9.98947E-05 9.98947E-05 9.98947E-05 9.98947E-05
9.99473E-05 9.99473E-05 0.141808 9.99473E-05 9.99473E-05 9.99473E-05 0.0155092 0.0470182 0.526261 0.0802332 0.142087 0.0464834 9.99473E-05
0.0376592 0.0117791 9.99386E-05 9.99386E-05 9.99386E-05 0.135919 9.99386E-05 0.0778941 0.671851 9.99386E-05 0.0641983 9.99386E-05 9.99386E-05
0.00386301 9.9921E-05 9.9921E-05 9.9921E-05 9.9921E-05 9.9921E-05 9.9921E-05 0.0413466 0.951506 9.9921E-05 0.00238475 9.9921E-05 9.9921E-05
9.99297E-05 0.0611808 9.99297E-05 9.99297E-05 9.99297E-05 0.0281169 9.99297E-05 0.257473 0.543399 9.99297E-05 0.10903 9.99297E-05 9.99297E-05
9.99123E-05 9.99123E-05 9.99123E-05 9.99123E-05 9.99123E-05 9.99123E-05 9.99123E-05 0.147727 0.782397 0.0688769 9.99123E-05 9.99123E-05 9.99123E-05
9.9921E-05 9.9921E-05 0.162241 9.9921E-05 9.9921E-05 9.9921E-05 9.9921E-05 0.247079 0.418781 9.9921E-05 0.171 9.9921E-05 9.9921E-05
9.99386E-05 0.0184006 9.99386E-05 9.99386E-05 0.0264698 9.99386E-05 9.99386E-05 0.15316 0.412447 0.220525 0.168298 9.99386E-05 9.99386E-05
9.99298E-05 9.99298E-05 0.103529 9.99298E-05 0.0266349 9.99298E-05 9.99298E-05 9.99298E-05 0.215145 0.563812 0.0900803 9.99298E-05 9.99298E-05
9.99296E-05 9.99296E-05 9.99296E-05 9.99296E-05 9.99296E-05 0.0584772 9.99296E-05 0.160928 0.726982 9.99296E-05 0.0407744 0.0120392 9.99296E-05
9.9921E-05 0.050632 9.9921E-05 9.9921E-05 9.9921E-05 9.9921E-05 9.9921E-05 0.235295 0.573128 9.9921E-05 0.140046 9.9921E-05 9.9921E-05
9.99474E-05 9.99474E-05 0.015599 9.99474E-05 9.99474E-05 0.0210875 0.061508 0.00839741 0.778741 0.0128813 0.101186 9.99474E-05 9.99474E-05
9.99211E-05 9.99211E-05 9.99211E-05 9.99211E-05 9.99211E-05 9.99211E-05 0.0124837 0.0190808 0.730792 9.99211E-05 0.236745 9.99211E-05 9.99211E-05
9.99122E-05 9.99122E-05 9.99122E-05 9.99122E-05 0.0322797 9.99122E-05 0.0175977 9.99122E-05 0.949124 9.99122E-05 9.99122E-05 9.99122E-05 9.99122E-05
9.99297E-05 9.99297E-05 0.247639 9.99297E-05 9.99297E-05 0.00312051 9.99297E-05 0.261438 0.319535 9.99297E-05 0.167469 9.99297E-05 9.99297E-05
9.99121E-05 9.99121E-05 9.99121E-05 9.99121E-05 9.99121E-05 9.99121E-05 9.99121E-05 0.0835775 0.846025 9.99121E-05 0.0693984 9.99121E-05 9.99121E-05
9.99039E-05 9.99039E-05 9.99039E-05 9.99039E-05 9.99039E-05 9.99039E-05 9.99039E-05 0.0230741 0.975827 9.99039E-05 9.99039E-05 9.99039E-05 9.99039E-05
0.0107658 9.99298E-05 9.99298E-05 9.99298E-05 9.99298E-05 9.99298E-05 0.0823325 0.124769 0.757425 0.0239083 9.99298E-05 9.99298E-05 9.99298E-05
0.00898637 9.99297E-05 9.99297E-05 9.99297E-05 9.99297E-05 9.99297E-05 0.0040968 0.130642 0.591887 9.99297E-05 0.263588 9.99297E-05 9.99297E-05
9.99297E-05 9.99297E-05 0.0646277 9.99297E-05 9.99297E-05 9.99297E-05 9.99297E-05 0.000633278 0.469936 0.459748 9.99297E-05 0.00425544 9.99297E-05
9.9921E-05 9.9921E-05 9.9921E-05 9.9921E-05 9.9921E-05 9.9921E-05 9.9921E-05 0.00346785 0.803177 0.156944 0.0355119 9.9921E-05 9.9921E-05
9.99036E-05 9.99036E-05 9.99036E-05 9.99036E-05 9.99036E-05 9.99036E-05 9.99036E-05 9.99036E-05 0.814307 0.184594 9.99036E-05 9.99036E-05 9.99036E-05
9.9921E-05 0.0459888 9.9921E-05 9.9921E-05 9.9921E-05 9.9921E-05 9.9921E-05 0.0222233 0.602021 0.328868 9.9921E-05 9.9921E-05 9.9921E-05
9.99209E-05 0.0595176 9.99209E-05 9.99209E-05 9.99209E-05 9.99209E-05 9.99209E-05 0.131852 0.472683 9.99209E-05 0.335049 9.99209E-05 9.99209E-05
9.99297E-05 9.99297E-05 9.99297E-05 9.99297E-05 0.0306509 9.99297E-05 0.0261153 0.217109 0.64589 9.99297E-05 9.99297E-05 9.99297E-05 0.0794349
9.99297E-05 9.99297E-05 0.076031 9.99297E-05 9.99297E-05 9.99297E-05 9.99297E-05 0.0736026 0.358571 0.425427 0.0655694 9.99297E-05 9.99297E-05
9.99122E-05 9.99122E-05 9.99122E-05 9.99122E-05 9.99122E-05 9.99122E-05 9.99122E-05 9.99122E-05 0.592928 0.347908 0.0581651 9.99122E-05 9.99122E-05
0.0286657 0.220512 0.103451 9.99297E-05 9.99297E-05 9.99297E-05 9.99297E-05 0.152644 0.493929 9.99297E-05 9.99297E-05 9.99297E-05 9.99297E-05
9.99386E-05 9.99386E-05 9.99386E-05 9.99386E-05 9.99386E-05 9.99386E-05 0.0542667 0.120576 0.624516 0.024256 0.0911235 9.99386E-05 0.0845626
0.027465 0.126637 9.99387E-05 9.99387E-05 0.136176 9.99387E-05 9.99387E-05 0.144617 0.520966 9.99387E-05 0.0434402 9.99387E-05 9.99387E-05
0.00249777 9.99385E-05 9.99385E-05 9.99385E-05 9.99385E-05 9.99385E-05 0.0595952 0.29033 0.36176 9.99385E-05 0.185618 9.99385E-05 0.0994995
9.99122E-05 9.99122E-05 9.99122E-05 9.99122E-05 9.99122E-05 9.99122E-05 9.99122E-05 9.99122E-05 0.593124 0.391139 0.0147384 9.99122E-05 9.99122E-05
9.99209E-05 9.99209E-05 9.99209E-05 9.99209E-05 0.00942443 9.99209E-05 9.99209E-05 9.99209E-05 0.725068 9.99209E-05 0.130729 0.133879 9.99209E-05
9.99298E-05 9.99298E-05 9.99298E-05 9.99298E-05 9.99298E-05 0.00172217 9.99298E-05 0.125435 0.305111 0.51374 0.0531926 9.99298E-05 9.99298E-05
9.99211E-05 9.99211E-05 9.99211E-05 9.99211E-05 9.99211E-05 9.99211E-05 9.99211E-05 0.117178 0.603756 0.146399 0.131767 9.99211E-05 9.99211E-05
9.99122E-05 9.99122E-05 9.99122E-05 9.99122E-05 0.0198765 9.99122E-05 9.99122E-05 0.04684 0.932284 9.99122E-05 9.99122E-05 9.99122E-05 9.99122E-05
9.99033E-05 9.99033E-05 9.99033E-05 9.99033E-05 9.99033E-05 9.99033E-05 0.080914 9.99033E-05 0.917987 9.99033E-05 9.99033E-05 9.99033E-05 9.99033E-05
9.99297E-05 0.122112 9.99297E-05 9.99297E-05 9.99297E-05 9.99297E-05 0.0123389 0.281126 0.499906 9.99297E-05 0.0837174 9.99297E-05 9.99297E-05
9.99121E-05 9.99121E-05 9.99121E-05 9.99121E-05 9.99121E-05 9.99121E-05 9.99121E-05 0.116899 0.773902 9.99121E-05 0.1082 9.99121E-05 9.99121E-05
9.9921E-05 0.00699112 9.9921E-05 9.9921E-05 9.9921E-05 9.9921E-05 9.9921E-05 0.0544129 0.920439 9.9921E-05 0.017258 9.9921E-05 9.9921E-05
9.9921E-05 9.9921E-05 0.0911852 9.9921E-05 9.9921E-05 9.9921E-05 9.9921E-05 9.9921E-05 0.854692 0.00262072 0.0506024 9.9921E-05 9.9921E-05
9.99298E-05 0.0577324 9.99298E-05 9.99298E-05 9.99298E-05 9.99298E-05 9.99298E-05 0.182246 0.611804 0.129863 0.0175553 9.99298E-05 9.99298E-05
9.98945E-05 9.98945E-05 9.98945E-05 9.98945E-05 9.98945E-05 9.98945E-05 9.98945E-05 9.98945E-05 9.98945E-05 9.98945E-05 0.998801 9.98945E-05 9.98945E-05
9.98945E-05 9.98945E-05 9.98945E-05 9.98945E-05 9.98945E-05 9.98945E-05 9.98945E-05 0.998801 9.98945E-05 9.98945E-05 9.98945E-05 9.98945E-05 9.98945E-05
9.98944E-05 9.98944E-05 9.98944E-05 9.98944E-05 9.98944E-05 9.98944E-05 9.98944E-05 9.98944E-05 9.98944E-05 9.98944E-05 0.998801 9.98944E-05 9.98944E-05
9.98944E-05 9.98944E-05 9.98944E-05 9.98944E-05 9.98944E-05 9.98944E-05 9.98944E-05 0.998801 9.98944E-05 9.98944E-05 9.98944E-05 9.98944E-05 9.98944E-05
9.98945E-05 9.98945E-05 9.98945E-05 9.98945E-05 9.98945E-05 9.98945E-05 9.98945E-05 0.998801 9.98945E-05 9.98945E-05 9.98945E-05 9.98945E-05 9.98945E-05
9.98944E-05 9.98944E-05 9.98944E-05 9.98944E-05 9.98944E-05 9.98944E-05 9.98944E-05 0.998801 9.98944E-05 9.98944E-05 9.98944E-05 9.98944E-05 9.98944E-05
9.98944E-05 9.98944E-05 9.98944E-05 9.98944E-05 9.98944E-05 9.98944E-05 9.98944E-05 9.98944E-05 9.98944E-05 9.98944E-05 0.998801 9.98944E-05 9.98944E-05
9.98945E-05 9.98945E-05 9.98945E-05 9.98945E-05 9.98945E-05 9.98945E-05 9.98945E-05 0.998801 9.98945E-05 9.98945E-05 9.98945E-05 9.98945E-05 9.98945E-05
9.98945E-05 9.98945E-05 9.98945E-05 9.98945E-05 9.98945E-05 9.98945E-05 9.98945E-05 0.998801 9.98945E-05 9.98945E-05 9.98945E-05 9.98945E-05 9.98945E-05
9.98944E-05 9.98944E-05 9.98944E-05 9.98944E-05 9.98944E-05 9.98944E-05 9.98944E-05 9.98944E-05 9.98944E-05 9.98944E-05 0.998801 9.98944E-05 9.98944E-05
9.98945E-05 9.98945E-05 9.98945E-05 9.98945E-05 9.98945E-05 9.98945E-05 9.98945E-05 9.98945E-05 9.98945E-05 9.98945E-05 0.998801 9.98945E-05 9.98945E-05
9.98944E-05 9.98944E-05 9.98944E-05 9.98944E-05 9.98944E-05 9.98944E-05 9.98944E-05 9.98944E-05 9.98944E-05 9.98944E-05 0.998801 9.98944E-05 9.98944E-05
9.98945E-05 9.98945E-05 9.98945E-05 9.98945E-05 9.98945E-05 9.98945E-05 9.98945E-05 0.998801 9.98945E-05 9.98945E-05 9.98945E-05 9.98945E-05 9.98945E-05
9.98944E-05 9.98944E-05 9.98944E-05 9.98944E-05 9.98944E-05 9.98944E-05 9.98944E-05 0.998801 9.98944E-05 9.98944E-05 9.98944E-05 9.98944E-05 9.98944E-05
9.98945E-05 9.98945E-05 9.98945E-05 9.98945E-05 9.98945E-05 9.98945E-05 9.98945E-05 9.98945E-05 9.98945E-05 9.98945E-05 0.998801 9.98945E-05 9.98945E-05
9.98945E-05 9.98945E-05 9.98945E-05 9.98945E-05 9.98945E-05 9.98945E-05 9.98945E-05 9.98945E-05 9.98945E-05 9.98945E-05 0.998801 9.98945E-05 9.98945E-05
9.99297E-05 9.99297E-05 0.0639443 9.99297E-05 9.99297E-05 9.99297E-05 9.99297E-05 0.0750043 0.649391 9.99297E-05 0.0416991 0.169161 9.99297E-05
9.98945E-05 9.98945E-05 9.98945E-05 9.98945E-05 9.98945E-05 9.98945E-05 9.98945E-05 9.98945E-05 9.98945E-05 9.98945E-05 0.998801 9.98945E-05 9.98945E-05
9.98945E-05 9.98945E-05 9.98945E-05 9.98945E-05 9.98945E-05 9.98945E-05 9.98945E-05 0.998801 9.98945E-05 9.98945E-05 9.98945E-05 9.98945E-05 9.98945E-05
9.98944E-05 9.98944E-05 9.98944E-05 9.98944E-05 9.98944E-05 9.98944E-05 9.98944E-05 9.98944E-05 9.98944E-05 9.98944E-05 0.998801 9.98944E-05 9.98944E-05
9.98945E-05 9.98945E-05 9.98945E-05 9.98945E-05 9.98945E-05 9.98945E-05 9.98945E-05 9.98945E-05 9.98945E-05 9.98945E-05 0.998801 9.98945E-05 9.98945E-05
9.98945E-05 9.98945E-05 9.98945E-05 9.98945E-05 9.98945E-05 9.98945E-05 9.98945E-05 9.98945E-05 9.98945E-05 9.98945E-05 0.998801 9.98945E-05 9.98945E-05
9.98945E-05 9.98945E-05 9.98945E-05 9.98945E-05 9.98945E-05 9.98945E-05 9.98945E-05 0.998801 9.98945E-05 9.98945E-05 9.98945E-05 9.98945E-05 9.98945E-05
9.98945E-05 9.98945E-05 9.98945E-05 9.98945E-05 9.98945E-05 9.98945E-05 9.98945E-05 9.98945E-05 9.98945E-05 9.98945E-05 0.998801 9.98945E-05 9.98945E-05
9.98944E-05 9.98944E-05 9.98944E-05 9.98944E-05 9.98944E-05 9.98944E-05 9.98944E-05 0.998801 9.98944E-05 9.98944E-05 9.98944E-05 9.98944E-05 9.98944E-05
9.98945E-05 9.98945E-05 9.98945E-05 9.98945E-05 9.98945E-05 9.98945E-05 9.98945E-05 9.98945E-05 9.98945E-05 9.98945E-05 0.998801 9.98945E-05 9.98945E-05
9.98944E-05 9.98944E-05 9.98944E-05 9.98944E-05 9.98944E-05 9.98944E-05 9.98944E-05 9.98944E-05 9.98944E-05 9.98944E-05 0.998801 9.98944E-05 9.98944E-05
9.98945E-05 9.98945E-05 9.98945E-05 9.98945E-05 9.98945E-05 9.98945E-05 9.98945E-05 0.998801 9.98945E-05 9.98945E-05 9.98945E-05 9.98945E-05 9.98945E-05
9.98945E-05 9.98945E-05 9.98945E-05 9.98945E-05 9.98945E-05 9.98945E-05 9.98945E-05 0.998801 9.98945E-05 9.98945E-05 9.98945E-05 9.98945E-05 9.98945E-05
9.98944E-05 9.98944E-05 9.98944E-05 9.98944E-05 9.98944E-05 9.98944E-05 9.98944E-05 0.998801 9.98944E-05 9.98944E-05 9.98944E-05 9.98944E-05 9.98944E-05
9.98945E-05 9.98945E-05 9.98945E-05 9.98945E-05 9.98945E-05 9.98945E-05 9.98945E-05 9.98945E-05 9.98945E-05 9.98945E-05 0.998801 9.98945E-05 9.98945E-05
9.98945E-05 9.98945E-05 9.98945E-05 9.98945E-05 9.98945E-05 9.98945E-05 9.98945E-05 9.98945E-05 9.98945E-05 9.98945E-05 0.998801 9.98945E-05 9.98945E-05
9.98944E-05 9.98944E-05 9.98944E-05 9.98944E-05 9.98944E-05 9.98944E-05 9.98944E-05 9.98944E-05 9.98944E-05 9.98944E-05 0.998801 9.98944E-05 9.98944E-05
9.98944E-05 9.98944E-05 9.98944E-05 9.98944E-05 9.98944E-05 9.98944E-05 9.98944E-05 9.98944E-05 9.98944E-05 9.98944E-05 0.998801 9.98944E-05 9.98944E-05
9.98945E-05 9.98945E-05 9.98945E-05 9.98945E-05 9.98945E-05 9.98945E-05 9.98945E-05 9.98945E-05 9.98945E-05 9.98945E-05 0.998801 9.98945E-05 9.98945E-05
9.98944E-05 9.98944E-05 9.98944E-05 9.98944E-05 9.98944E-05 9.98944E-05 9.98944E-05 0.998801 9.98944E-05 9.98944E-05 9.98944E-05 9.98944E-05 9.98944E-05
9.98944E-05 9.98944E-05 9.98944E-05 9.98944E-05 9.98944E-05 9.98944E-05 9.98944E-05 0.998801 9.98944E-05 9.98944E-05 9.98944E-05 9.98944E-05 9.98944E-05
9.98945E-05 9.98945E-05 9.98945E-05 9.98945E-05 9.98945E-05 9.98945E-05 9.98945E-05 0.998801 9.98945E-05 9.98945E-05 9.98945E-05 9.98945E-05 9.98945E-05
9.98944E-05 9.98944E-05 9.98944E-05 9.98944E-05 9.98944E-05 9.98944E-05 9.98944E-05 9.98944E-05 9.98944E-05 9.98944E-05 0.998801 9.98944E-05 9.98944E-05
9.98944E-05 9.98944E-05 9.98944E-05 9.98944E-05 9.98944E-05 9.98944E-05 9.98944E-05 0.998801 9.98944E-05 9.98944E-05 9.98944E-05 9.98944E-05 9.98944E-05
9.98945E-05 9.98945E-05 9.98945E-05 9.98945E-05 9.98945E-05 9.98945E-05 9.98945E-05 0.998801 9.98945E-05 9.98945E-05 9.98945E-05 9.98945E-05 9.98945E-05
9.98944E-05 9.98944E-05 9.98944E-05 9.98944E-05 9.98944E-05 9.98944E-05 9.98944E-05 0.998801 9.98944E-05 9.98944E-05 9.98944E-05 9.98944E-05 9.98944E-05
9.98945E-05 9.98945E-05 9.98945E-05 9.98945E-05 9.98945E-05 9.98945E-05 9.98945E-05 0.998801 9.98945E-05 9.98945E-05 9.98945E-05 9.98945E-05 9.98945E-05
9.98944E-05 9.98944E-05 9.98944E-05 9.98944E-05 9.98944E-05 9.98944E-05 9.98944E-05 9.98944E-05 9.98944E-05 9.98944E-05 0.998801 9.98944E-05 9.98944E-05
9.98946E-05 9.98946E-05 9.98946E-05 9.98946E-05 9.98946E-05 9.98946E-05 9.98946E-05 0.998801 9.98946E-05 9.98946E-05 9.98946E-05 9.98946E-05 9.98946E-05
9.98944E-05 9.98944E-05 9.98944E-05 9.98944E-05 9.98944E-05 9.98944E-05 9.98944E-05 0.998801 9.98944E-05 9.98944E-05 9.98944E-05 9.98944E-05 9.98944E-05
9.99297E-05 9.99297E-05 0.0265535 9.99297E-05 9.99297E-05 9.99297E-05 9.99297E-05 0.0905501 0.591932 9.99297E-05 0.13077 0.159395 9.99297E-05
9.98944E-05 9.98944E-05 9.98944E-05 9.98944E-05 9.98944E-05 9.98944E-05 9.98944E-05 9.98944E-05 9.98944E-05 9.98944E-05 0.998801 9.98944E-05 9.98944E-05
9.99034E-05 9.99034E-05 9.99034E-05 9.99034E-05 9.99034E-05 9.99034E-05 9.99034E-05 0.983013 9.99034E-05 9.99034E-05 0.0158884 9.99034E-05 9.99034E-05
9.98945E-05 9.98945E-05 9.98945E-05 9.98945E-05 9.98945E-05 9.98945E-05 9.98945E-05 0.998801 9.98945E-05 9.98945E-05 9.98945E-05 9.98945E-05 9.98945E-05
9.98945E-05 9.98945E-05 9.98945E-05 9.98945E-05 9.98945E-05 9.98945E-05 9.98945E-05 0.998801 9.98945E-05 9.98945E-05 9.98945E-05 9.98945E-05 9.98945E-05
9.98944E-05 9.98944E-05 9.98944E-05 9.98944E-05 9.98944E-05 9.98944E-05 9.98944E-05 0.998801 9.98944E-05 9.98944E-05 9.98944E-05 9.98944E-05 9.98944E-05
9.98944E-05 9.98944E-05 9.98944E-05 9.98944E-05 9.98944E-05 9.98944E-05 9.98944E-05 9.98944E-05 9.98944E-05 9.98944E-05 0.998801 9.98944E-05 9.98944E-05
9.98945E-05 9.98945E-05 9.98945E-05 9.98945E-05 9.98945E-05 9.98945E-05 9.98945E-05 0.998801 9.98945E-05 9.98945E-05 9.98945E-05 9.98945E-05 9.98945E-05
9.98945E-05 9.98945E-05 9.98945E-05 9.98945E-05 9.98945E-05 9.98945E-05 9.98945E-05 9.98945E-05 9.98945E-05 9.98945E-05 0.998801 9.98945E-05 9.98945E-05
9.98945E-05 9.98945E-05 9.98945E-05 9.98945E-05 9.98945E-05 9.98945E-05 9.98945E-05 0.998801 9.98945E-05 9.98945E-05 9.98945E-05 9.98945E-05 9.98945E-05
9.98945E-05 9.98945E-05 9.98945E-05 9.98945E-05 9.98945E-05 9.98945E-05 9.98945E-05 9.98945E-05 9.98945E-05 9.98945E-05 0.998801 9.98945E-05 9.98945E-05
9.98944E-05 9.98944E-05 9.98944E-05 9.98944E-05 9.98944E-05 9.98944E-05 9.98944E-05 0.998801 9.98944E-05 9.98944E-05 9.98944E-05 9.98944E-05 9.98944E-05
9.98945E-05 9.98945E-05 9.98945E-05 9.98945E-05 9.98945E-05 9.98945E-05 9.98945E-05 0.998801 9.98945E-05 9.98945E-05 9.98945E-05 9.98945E-05 9.98945E-05
9.98945E-05 9.98945E-05 9.98945E-05 9.98945E-05 9.98945E-05 9.98945E-05 9.98945E-05 0.998801 9.98945E-05 9.98945E-05 9.98945E-05 9.98945E-05 9.98945E-05
9.98944E-05 9.98944E-05 9.98944E-05 9.98944E-05 9.98944E-05 9.98944E-05 9.98944E-05 0.998801 9.98944E-05 9.98944E-05 9.98944E-05 9.98944E-05 9.98944E-05
9.98944E-05 9.98944E-05 9.98944E-05 9.98944E-05 9.98944E-05 9.98944E-05 9.98944E-05 0.998801 9.98944E-05 9.98944E-05 9.98944E-05 9.98944E-05 9.98944E-05
9.98945E-05 9.98945E-05 9.98945E-05 9.98945E-05 9.98945E-05 9.98945E-05 9.98945E-05 0.998801 9.98945E-05 9.98945E-05 9.98945E-05 9.98945E-05 9.98945E-05
9.98945E-05 9.98945E-05 9.98945E-05 9.98945E-05 9.98945E-05 9.98945E-05 9.98945E-05 9.98945E-05 9.98945E-05 9.98945E-05 0.998801 9.98945E-05 9.98945E-05
9.98944E-05 9.98944E-05 9.98944E-05 9.98944E-05 9.98944E-05 9.98944E-05 9.98944E-05 9.98944E-05 9.98944E-05 9.98944E-05 0.998801 9.98944E-05 9.98944E-05
9.98945E-05 9.98945E-05 9.98945E-05 9.98945E-05 9.98945E-05 9.98945E-05 9.98945E-05 9.98945E-05 9.98945E-05 9.98945E-05 0.998801 9.98945E-05 9.98945E-05
9.98945E-05 9.98945E-05 9.98945E-05 9.98945E-05 9.98945E-05 9.98945E-05 9.98945E-05 0.998801 9.98945E-05 9.98945E-05 9.98945E-05 9.98945E-05 9.98945E-05
9.98945E-05 9.98945E-05 9.98945E-05 9.98945E-05 9.98945E-05 9.98945E-05 9.98945E-05 9.98945E-05 9.98945E-05 9.98945E-05 0.998801 9.98945E-05 9.98945E-05
9.98944E-05 9.98944E-05 9.98944E-05 9.98944E-05 9.98944E-05 9.98944E-05 9.98944E-05 9.98944E-05 9.98944E-05 9.98944E-05 0.998801 9.98944E-05 9.98944E-05
9.98945E-05 9.98945E-05 9.98945E-05 9.98945E-05 9.98945E-05 9.98945E-05 9.98945E-05 9.98945E-05 9.98945E-05 9.98945E-05 0.998801 9.98945E-05 9.98945E-05
9.98945E-05 9.98945E-05 9.98945E-05 9.98945E-05 9.98945E-05 9.98945E-05 9.98945E-05 0.998801 9.98945E-05 9.98945E-05 9.98945E-05 9.98945E-05 9.98945E-05
9.98945E-05 9.98945E-05 9.98945E-05 9.98945E-05 9.98945E-05 9.98945E-05 9.98945E-05 0.998801 9.98945E-05 9.98945E-05 9.98945E-05 9.98945E-05 9.98945E-05
9.98944E-05 9.98944E-05 9.98944E-05 9.98944E-05 9.98944E-05 9.98944E-05 9.98944E-05 0.998801 9.98944E-05 9.98944E-05 9.98944E-05 9.98944E-05 9.98944E-05
9.98945E-05 9.98945E-05 9.98945E-05 9.98945E-05 9.98945E-05 9.98945E-05 9.98945E-05 9.98945E-05 9.98945E-05 9.98945E-05 0.998801 9.98945E-05 9.98945E-05
9.98944E-05 9.98944E-05 9.98944E-05 9.98944E-05 9.98944E-05 9.98944E-05 9.98944E-05 0.998801 9.98944E-05 9.98944E-05 9.98944E-05 9.98944E-05 9.98944E-05
9.98945E-05 9.98945E-05 9.98945E-05 9.98945E-05 9.98945E-05 9.98945E-05 9.98945E-05 0.998801 9.98945E-05 9.98945E-05 9.98945E-05 9.98945E-05 9.98945E-05
9.98944E-05 9.98944E-05 9.98944E-05 9.98944E-05 9.98944E-05 9.98944E-05 9.98944E-05 9.98944E-05 9.98944E-05 9.98944E-05 0.998801 9.98944E-05 9.98944E-05
9.98944E-05 9.98944E-05 9.98944E-05 9.98944E-05 9.98944E-05 9.98944E-05 9.98944E-05 0.998801 9.98944E-05 9.98944E-05 9.98944E-05 9.98944E-05 9.98944E-05
9.98945E-05 9.98945E-05 9.98945E-05 9.98945E-05 9.98945E-05 9.98945E-05 9.98945E-05 0.998801 9.98945E-05 9.98945E-05 9.98945E-05 9.98945E-05 9.98945E-05
0.0178029 9.99297E-05 9.99297E-05 9.99297E-05 9.99297E-05 9.99297E-05 0.202366 0.0845399 0.466994 9.99297E-05 0.227498 9.99297E-05 9.99297E-05
9.98944E-05 9.98944E-05 9.98944E-05 9.98944E-05 9.98944E-05 9.98944E-05 9.98944E-05 9.98944E-05 9.98944E-05 9.98944E-05 0.998801 9.98944E-05 9.98944E-05
9.98944E-05 9.98944E-05 9.98944E-05 9.98944E-05 9.98944E-05 9.98944E-05 9.98944E-05 0.998801 9.98944E-05 9.98944E-05 9.98944E-05 9.98944E-05 9.98944E-05
9.9921E-05 9.9921E-05 9.9921E-05 9.9921E-05 0.0496344 9.9921E-05 0.0198871 0.399828 0.529751 9.9921E-05 9.9921E-05 9.9921E-05 9.9921E-05
9.99201E-05 9.99201E-05 0.0881568 9.99201E-05 9.99201E-05 9.99201E-05 9.99201E-05 0.219855 0.596817 9.99201E-05 0.0655485 0.0288236 9.99201E-05
9.99034E-05 9.99034E-05 9.99034E-05 9.99034E-05 9.99034E-05 9.99034E-05 9.99034E-05 9.99034E-05 0.737491 9.99034E-05 0.26141 9.99034E-05 9.99034E-05
0.0301295 9.99121E-05 9.99121E-05 9.99121E-05 9.99121E-05 9.99121E-05 9.99121E-05 9.99121E-05 0.884482 9.99121E-05 0.0843894 9.99121E-05 9.99121E-05
9.99209E-05 0.0378408 9.99209E-05 9.99209E-05 9.99209E-05 9.99209E-05 9.99209E-05 0.187314 0.596128 9.99209E-05 0.177818 9.99209E-05 9.99209E-05
9.99299E-05 9.99299E-05 9.99299E-05 9.99299E-05 9.99299E-05 0.100237 9.99299E-05 0.0631117 0.356836 0.41457 0.064446 9.99299E-05 9.99299E-05
9.99297E-05 9.99297E-05 9.99297E-05 9.99297E-05 9.99297E-05 9.99297E-05 9.99297E-05 0.217668 0.437313 9.99297E-05 0.144101 0.0301963 0.169923
0.0465231 9.99297E-05 0.0288426 9.99297E-05 9.99297E-05 9.99297E-05 0.0405676 0.123598 0.759669 9.99297E-05 9.99297E-05 9.99297E-05 9.99297E-05
9.9921E-05 9.9921E-05 9.9921E-05 9.9921E-05 9.9921E-05 9.9921E-05 9.9921E-05 0.215104 0.484095 0.247887 0.0520148 9.9921E-05 9.9921E-05
9.9921E-05 9.9921E-05 9.9921E-05 9.9921E-05 9.9921E-05 0.00628034 9.9921E-05 9.9921E-05 0.80134 9.9921E-05 0.108159 0.0833219 9.9921E-05
9.99297E-05 9.99297E-05 9.99297E-05 9.99297E-05 9.99297E-05 9.99297E-05 0.0959799 0.106951 0.536777 0.0631847 0.196308 9.99297E-05 9.99297E-05
9.99035E-05 9.99035E-05 9.99035E-05 9.99035E-05 9.99035E-05 9.99035E-05 9.99035E-05 0.475034 0.523867 9.99035E-05 9.99035E-05 9.99035E-05 9.99035E-05
0.0644626 9.99385E-05 9.99385E-05 9.99385E-05 0.134992 9.99385E-05 9.99385E-05 0.209144 0.36789 9.99385E-05 0.170584 9.99385E-05 0.0522292
0.0647977 9.99033E-05 9.99033E-05 9.99033E-05 9.99033E-05 9.99033E-05 9.99033E-05 9.99033E-05 0.934103 9.99033E-05 9.99033E-05 9.99033E-05 9.99033E-05
9.99209E-05 9.99209E-05 9.99209E-05 9.99209E-05 9.99209E-05 9.99209E-05 0.0111144 0.0317518 0.780922 9.99209E-05 0.175312 9.99209E-05 9.99209E-05
9.99386E-05 0.0831674 9.99386E-05 9.99386E-05 9.99386E-05 0.144052 9.99386E-05 0.213631 0.44873 9.99386E-05 0.0519838 9.99386E-05 0.0577366
0.00154937 9.99386E-05 9.99386E-05 9.99386E-05 9.99386E-05 9.99386E-05 0.0465673 0.114433 0.642681 0.109502 0.0845675 9.99386E-05 9.99386E-05
9.99297E-05 9.99297E-05 9.99297E-05 9.99297E-05 0.0334109 9.99297E-05 0.0616666 0.00439344 0.580027 9.99297E-05 0.319703 9.99297E-05 9.99297E-05
9.99209E-05 0.163134 0.0385401 9.99209E-05 9.99209E-05 9.99209E-05 9.99209E-05 0.0334265 0.764 9.99209E-05 9.99209E-05 9.99209E-05 9.99209E-05
9.99209E-05 9.99209E-05 9.99209E-05 9.99209E-05 9.99209E-05 0.0264591 9.99209E-05 0.0714123 0.789266 9.99209E-05 0.111963 9.99209E-05 9.99209E-05
9.99209E-05 0.0742677 9.99209E-05 9.99209E-05 9.99209E-05 0.0686354 9.99209E-05 0.0945047 0.761693 9.99209E-05 9.99209E-05 9.99209E-05 9.99209E-05
9.99034E-05 9.99034E-05 9.99034E-05 9.99034E-05 9.99034E-05 9.99034E-05 9.99034E-05 0.184866 0.814035 9.99034E-05 9.99034E-05 9.99034E-05 9.99034E-05
0.0711892 9.99385E-05 0.00803069 9.99385E-05 0.132406 9.99385E-05 9.99385E-05 0.0989365 0.547973 9.99385E-05 0.140766 9.99385E-05 9.99385E-05
0.000301818 9.99384E-05 0.0558995 9.99384E-05 9.99384E-05 9.99384E-05 0.0500736 0.0649157 0.774175 9.99384E-05 0.053935 9.99384E-05 9.99384E-05
0.0865383 9.99033E-05 9.99033E-05 9.99033E-05 9.99033E-05 9.99033E-05 9.99033E-05 9.99033E-05 0.912363 9.99033E-05 9.99033E-05 9.99033E-05 9.99033E-05
9.99122E-05 0.109916 9.99122E-05 9.99122E-05 9.99122E-05 9.99122E-05 9.99122E-05 9.99122E-05 0.405947 0.483139 9.99122E-05 9.99122E-05 9.99122E-05
9.99121E-05 9.99121E-05 9.99121E-05 9.99121E-05 9.99121E-05 0.0422119 9.99121E-05 9.99121E-05 0.898647 9.99121E-05 0.0581423 9.99121E-05 9.99121E-05
9.99122E-05 9.99122E-05 9.99122E-05 9.99122E-05 9.99122E-05 9.99122E-05 9.99122E-05 0.217152 0.53927 9.99122E-05 0.242578 9.99122E-05 9.99122E-05
0.0468508 9.99297E-05 0.0123718 9.99297E-05 9.99297E-05 0.0238054 9.99297E-05 9.99297E-05 0.895766 9.99297E-05 0.0204064 9.99297E-05 9.99297E-05
0.0349232 9.99297E-05 0.067978 9.99297E-05 9.99297E-05 9.99297E-05 9.99297E-05 0.126539 0.722434 9.99297E-05 0.0473265 9.99297E-05 9.99297E-05
9.99297E-05 0.0457656 9.99297E-05 9.99297E-05 9.99297E-05 0.0331292 9.99297E-05 0.315788 0.496015 9.99297E-05 0.108503 9.99297E-05 9.99297E-05
9.9921E-05 9.9921E-05 9.9921E-05 9.9921E-05 9.9921E-05 9.9921E-05 0.0269218 0.205077 0.731487 9.9921E-05 0.0356141 9.9921E-05 9.9921E-05
9.99209E-05 0.141743 9.99209E-05 9.99209E-05 9.99209E-05 9.99209E-05 9.99209E-05 0.0997454 0.659551 9.99209E-05 0.0980616 9.99209E-05 9.99209E-05
0.105909 9.99297E-05 9.99297E-05 9.99297E-05 9.99297E-05 0.0698263 9.99297E-05 0.228559 0.506305 9.99297E-05 0.0886017 9.99297E-05 9.99297E-05
0.0647618 9.99297E-05 9.99297E-05 9.99297E-05 9.99297E-05 9.99297E-05 0.0204723 0.121819 0.636638 9.99297E-05 0.15551 9.99297E-05 9.99297E-05
9.9921E-05 9.9921E-05 9.9921E-05 9.9921E-05 9.9921E-05 9.9921E-05 9.9921E-05 0.0477008 0.772214 9.9921E-05 0.140562 0.0386241 9.9921E-05
9.99033E-05 9.99033E-05 9.99033E-05 9.99033E-05 9.99033E-05 9.99033E-05 9.99033E-05 9.99033E-05 0.61291 0.385991 9.99033E-05 9.99033E-05 9.99033E-05
9.993E-05 0.00374784 9.993E-05 9.993E-05 0.0783621 9.993E-05 0.0269077 9.993E-05 0.580335 9.993E-05 0.117067 9.993E-05 0.19288
9.9921E-05 9.9921E-05 9.9921E-05 9.9921E-05 0.10027 9.9921E-05 0.0298636 9.9921E-05 0.867201 9.9921E-05 0.00176644 9.9921E-05 9.9921E-05
9.9921E-05 9.9921E-05 9.9921E-05 9.9921E-05 9.9921E-05 0.147891 9.9921E-05 0.13695 0.557041 9.9921E-05 0.157219 9.9921E-05 9.9921E-05
0.0167879 9.99297E-05 9.99297E-05 9.99297E-05 9.99297E-05 0.0174533 9.99297E-05 0.00227855 0.78974 9.99297E-05 0.172941 9.99297E-05 9.99297E-05
9.99298E-05 0.0416447 0.0436743 9.99298E-05 9.99298E-05 0.0317915 9.99298E-05 9.99298E-05 0.861235 9.99298E-05 0.0208547 9.99298E-05 9.99298E-05
9.99209E-05 9.99209E-05 9.99209E-05 9.99209E-05 9.99209E-05 9.99209E-05 9.99209E-05 0.124732 0.67995 9.99209E-05 0.0927648 0.101654 9.99209E-05
0.0197 0.0281967 9.9921E-05 9.9921E-05 9.9921E-05 9.9921E-05 9.9921E-05 0.489959 0.461245 9.9921E-05 9.9921E-05 9.9921E-05 9.9921E-05
