0.106183 0.12537 0.000802529 9.99648E-05 0.162701 9.99648E-05 0.00905225 0.0137378 9.99648E-05 9.99648E-05 0.581753
9.99474E-05 0.0570786 9.99474E-05 9.99474E-05 0.149464 9.99474E-05 9.99474E-05 0.00348708 9.99474E-05 0.0684351 0.720935
9.99297E-05 9.99297E-05 9.99297E-05 9.99297E-05 9.99297E-05 9.99297E-05 0.00109865 9.99297E-05 0.0382587 9.99297E-05 0.959843
0.0283914 0.0549005 0.0160069 9.99649E-05 9.99649E-05 0.413394 0.0178052 9.99649E-05 0.147806 9.99649E-05 0.321296
9.9921E-05 9.9921E-05 9.9921E-05 9.9921E-05 9.9921E-05 0.111535 9.9921E-05 9.9921E-05 9.9921E-05 9.9921E-05 0.887566
9.99561E-05 9.99561E-05 0.160218 9.99561E-05 0.0830656 0.298287 0.00679137 9.99561E-05 0.145717 9.99561E-05 0.305421
9.99473E-05 0.125919 9.99473E-05 9.99473E-05 0.161567 0.195528 0.128278 9.99473E-05 9.99473E-05 9.99473E-05 0.388108
9.99737E-05 0.0285502 0.147721 0.050418 0.0314356 0.348303 0.0506107 0.031809 9.99737E-05 9.99737E-05 0.310852
0.193103 9.99561E-05 0.196632 9.99561E-05 0.0388226 9.99561E-05 9.99561E-05 9.99561E-05 0.170896 0.00469298 0.395355
0.0216731 9.99298E-05 9.99298E-05 9.99298E-05 9.99298E-05 9.99298E-05 9.99298E-05 0.0220627 9.99298E-05 9.99298E-05 0.955465
0.0239397 0.168461 0.0603843 9.99561E-05 9.99561E-05 9.99561E-05 9.99561E-05 9.99561E-05 0.0968346 0.0112023 0.638679
9.99386E-05 0.0200728 9.99386E-05 0.00142383 9.99386E-05 0.0335214 9.99386E-05 9.99386E-05 9.99386E-05 9.99386E-05 0.944282
9.99385E-05 9.99385E-05 9.99385E-05 9.99385E-05 9.99385E-05 0.0365774 9.99385E-05 0.0153152 0.0749932 9.99385E-05 0.872415
9.99412E-05 0.0718325 9.99412E-05 0.0580994 9.99412E-05 9.99412E-05 9.99412E-05 9.99412E-05 0.198442 9.99412E-05 0.670927
0.0450514 9.99561E-05 0.170601 9.99561E-05 0.00120246 0.0236275 9.99561E-05 9.99561E-05 0.340804 9.99561E-05 0.418214
9.99473E-05 9.99473E-05 0.258323 0.171561 9.99473E-05 0.0946632 9.99473E-05 9.99473E-05 0.163753 9.99473E-05 0.3111
0.00385214 0.0524303 9.99649E-05 0.0157041 0.155284 9.99649E-05 9.99649E-05 0.016164 0.10687 9.99649E-05 0.649296
0.132407 9.99649E-05 0.0226715 9.99649E-05 9.99649E-05 0.0637727 9.99649E-05 0.251017 0.176741 0.0624609 0.29053
0.00390363 0.0292205 0.151574 9.99824E-05 0.0306214 0.0914234 9.99824E-05 0.101073 0.0343906 0.0313606 0.526232
9.9921E-05 9.9921E-05 9.9921E-05 9.9921E-05 9.9921E-05 9.9921E-05 9.9921E-05 9.9921E-05 9.9921E-05 0.0314848 0.967616
0.0249113 0.0680508 0.104527 0.109067 9.99649E-05 0.216534 9.99649E-05 9.99649E-05 0.0626539 9.99649E-05 0.413856
9.99561E-05 9.99561E-05 0.157248 9.99561E-05 0.0996557 0.341976 0.040101 9.99561E-05 0.0515504 9.99561E-05 0.30897
0.0211296 0.0384658 0.0250921 9.99561E-05 9.99561E-05 9.99561E-05 9.99561E-05 0.0177861 0.179163 9.99561E-05 0.717864
0.0590554 9.99473E-05 0.0467089 0.106734 9.99473E-05 9.99473E-05 9.99473E-05 9.99473E-05 0.270515 9.99473E-05 0.516386
0.0552727 0.0299127 0.0951619 9.99561E-05 9.99561E-05 9.99561E-05 9.99561E-05 9.99561E-05 0.378859 0.100781 0.339513
9.99385E-05 9.99385E-05 0.0010898 9.99385E-05 9.99385E-05 0.0748628 9.99385E-05 9.99385E-05 0.163018 9.99385E-05 0.76033
9.99736E-05 0.0147284 0.0176683 0.15035 0.0463885 0.0106402 9.99736E-05 0.124119 0.486487 9.99736E-05 0.149319
9.99298E-05 9.99298E-05 9.99298E-05 9.99298E-05 9.99298E-05 9.99298E-05 9.99298E-05 0.0813048 0.146792 9.99298E-05 0.771103
0.0324592 0.0482093 9.99473E-05 9.99473E-05 9.99473E-05 9.99473E-05 9.99473E-05 9.99473E-05 0.252752 0.0276038 0.638376
0.00253363 9.99386E-05 0.0204458 9.99386E-05 9.99386E-05 9.99386E-05 9.99386E-05 9.99386E-05 0.157693 9.99386E-05 0.818628
9.99473E-05 0.185245 0.0398727 9.99473E-05 9.99473E-05 9.99473E-05 9.99473E-05 0.0321965 9.99473E-05 0.0211349 0.720952
9.99386E-05 0.148948 9.99386E-05 9.99386E-05 9.99386E-05 0.0840325 9.99386E-05 9.99386E-05 0.160834 9.99386E-05 0.605486
9.99473E-05 0.0984267 0.00694068 0.0677364 9.99473E-05 9.99473E-05 9.99473E-05 9.99473E-05 0.288396 9.99473E-05 0.537901
0.000105409 0.0160466 9.99561E-05 9.99561E-05 9.99561E-05 9.99561E-05 0.0491446 0.0262299 0.366658 9.99561E-05 0.541315
9.99386E-05 0.029086 9.99386E-05 9.99386E-05 0.152563 9.99386E-05 9.99386E-05 9.99386E-05 9.99386E-05 0.0430531 0.774599
0.0690666 0.0352822 0.0242472 9.99561E-05 0.0997562 9.99561E-05 9.99561E-05 9.99561E-05 9.99561E-05 0.0236116 0.747537
9.99561E-05 0.00579284 9.99561E-05 0.00433398 9.99561E-05 0.0259616 0.0239574 9.99561E-05 9.99561E-05 0.0544428 0.885012
9.99474E-05 9.99474E-05 0.151738 9.99474E-05 0.0454998 9.99474E-05 9.99474E-05 9.99474E-05 0.0420375 0.0672022 0.692923
9.99561E-05 0.0155263 0.00327178 9.99561E-05 0.109711 0.0206118 9.99561E-05 9.99561E-05 0.302585 9.99561E-05 0.547795
9.99385E-05 9.99385E-05 9.99385E-05 0.115204 9.99385E-05 9.99385E-05 0.00650764 9.99385E-05 0.291541 9.99385E-05 0.586048
9.99385E-05 0.0354081 0.031314 9.99385E-05 9.99385E-05 0.0187495 9.99385E-05 9.99385E-05 9.99385E-05 9.99385E-05 0.913829
0.0556515 9.99473E-05 0.0645944 9.99473E-05 0.0526517 9.99473E-05 9.99473E-05 9.99473E-05 0.036715 9.99473E-05 0.789788
9.99473E-05 9.99473E-05 9.99473E-05 0.0197533 0.0447646 0.0488005 9.99473E-05 9.99473E-05 9.99473E-05 0.0121225 0.873959
0.0930344 0.0490646 0.129505 9.99561E-05 0.0783397 9.99561E-05 9.99561E-05 9.99561E-05 0.12037 9.99561E-05 0.529187
0.00443659 9.99473E-05 0.0248423 9.99473E-05 9.99473E-05 0.412759 9.99473E-05 9.99473E-05 0.079091 9.99473E-05 0.478271
9.99297E-05 9.99297E-05 9.99297E-05 9.99297E-05 9.99297E-05 0.00588755 9.99297E-05 9.99297E-05 9.99297E-05 0.0487989 0.944514
9.99386E-05 0.0132293 0.0580316 9.99386E-05 9.99386E-05 9.99386E-05 9.99386E-05 0.0568573 9.99386E-05 9.99386E-05 0.871182
9.99122E-05 9.99122E-05 9.99122E-05 9.99122E-05 9.99122E-05 9.99122E-05 9.99122E-05 9.99122E-05 9.99122E-05 9.99122E-05 0.999001
9.99473E-05 0.0877719 9.99473E-05 0.0624567 9.99473E-05 0.0266186 9.99473E-05 9.99473E-05 0.0340508 9.99473E-05 0.788502
9.99562E-05 0.075165 0.0665177 9.99562E-05 9.99562E-05 9.99562E-05 0.0142417 0.118494 9.99562E-05 0.00824042 0.716841
0.0645826 0.0889732 0.049257 9.99649E-05 9.99649E-05 0.104701 9.99649E-05 9.99649E-05 0.302629 0.0580285 0.331428
0.102426 9.99561E-05 9.99561E-05 9.99561E-05 9.99561E-05 0.15947 0.0213295 0.0329541 9.99561E-05 0.0264856 0.656835
9.99298E-05 9.99298E-05 0.0145055 9.99298E-05 9.99298E-05 9.99298E-05 9.99298E-05 0.107854 9.99298E-05 9.99298E-05 0.876841
9.99474E-05 0.0103356 0.0062118 0.237801 9.99474E-05 9.99474E-05 9.99474E-05 9.99474E-05 0.0903969 9.99474E-05 0.654655
9.99474E-05 9.99474E-05 0.0291093 9.99474E-05 9.99474E-05 0.10538 9.99474E-05 9.99474E-05 0.0310774 0.0345519 0.799281
9.99474E-05 0.032626 9.99474E-05 0.0144817 9.99474E-05 9.99474E-05 9.99474E-05 9.99474E-05 0.0728479 0.0812356 0.798209
9.99473E-05 0.0115887 9.99473E-05 0.0460596 0.0289568 9.99473E-05 9.99473E-05 0.116505 9.99473E-05 9.99473E-05 0.79629
0.0113308 0.0374046 9.99474E-05 9.99474E-05 9.99474E-05 0.0734196 9.99474E-05 0.0467044 9.99474E-05 9.99474E-05 0.830541
9.99385E-05 0.0202072 0.0030731 9.99385E-05 9.99385E-05 9.99385E-05 0.024158 9.99385E-05 9.99385E-05 9.99385E-05 0.951862
9.99649E-05 0.0567624 0.0207412 9.99649E-05 0.377158 9.99649E-05 0.0274821 0.0715272 0.332354 9.99649E-05 0.113575
0.0845094 0.036416 9.99649E-05 0.0138818 0.358952 9.99649E-05 0.051626 9.99649E-05 9.99649E-05 0.0361361 0.418079
9.99561E-05 0.0159816 9.99561E-05 9.99561E-05 0.376597 9.99561E-05 0.110528 0.152448 0.0170828 9.99561E-05 0.326862
9.995E-05 0.022076 0.153819 9.995E-05 0.384341 9.995E-05 0.124796 0.06345 0.251017 9.995E-05 9.995E-05
9.99736E-05 9.99736E-05 0.14615 9.99736E-05 0.24473 0.283973 0.107905 0.0107858 0.00213058 0.0597496 0.144276
0.122245 0.0579477 0.0647569 9.99648E-05 0.306179 9.99648E-05 9.99648E-05 0.0581667 0.347235 9.99648E-05 0.0430697
0.0682183 0.0190839 0.00781157 9.99912E-05 0.589603 0.114553 0.00543451 0.0145194 0.0918298 0.0232204 0.0656262
9.99473E-05 9.99473E-05 0.0609784 9.99473E-05 0.358087 9.99473E-05 0.0841501 0.212968 0.283216 9.99473E-05 9.99473E-05
0.0253763 9.99562E-05 9.99562E-05 9.99562E-05 0.442704 9.99562E-05 0.0105531 0.100508 0.210364 9.99562E-05 0.209994
9.99649E-05 0.14223 0.0389335 9.99649E-05 0.268276 0.0497357 9.99649E-05 0.0266629 0.100334 9.99649E-05 0.373428
9.99649E-05 0.210705 0.130195 0.034689 0.180282 9.99649E-05 9.99649E-05 0.074774 0.321675 0.0472811 9.99649E-05
9.99736E-05 0.120267 0.0607792 0.0614927 0.304799 0.190489 0.118431 0.0315317 9.99736E-05 9.99736E-05 0.111911
0.0377206 0.109741 0.194545 0.0651566 0.0936832 0.2291 9.99736E-05 0.0304368 0.239318 9.99736E-05 9.99736E-05
0.0214422 9.99561E-05 9.99561E-05 9.99561E-05 0.316548 0.150898 0.0570406 9.99561E-05 0.317749 9.99561E-05 0.135823
0.0220279 0.0773445 9.99649E-05 0.0291668 0.228897 9.99649E-05 0.0911186 9.99649E-05 0.218773 9.99649E-05 0.332273
0.0225187 0.04407 0.0603088 9.99737E-05 0.326239 0.0664754 9.99737E-05 0.0878659 0.140448 9.99737E-05 0.251774
0.0321449 9.99649E-05 9.99649E-05 9.99649E-05 0.24956 0.10175 0.221057 0.0815794 0.268515 9.99649E-05 0.044994
0.00698616 0.174934 0.140495 9.99737E-05 0.169032 0.159298 0.0352533 0.115972 9.99737E-05 9.99737E-05 0.197729
9.99649E-05 0.0718312 0.0450172 9.99649E-05 0.251906 0.0233732 9.99649E-05 0.205636 0.106973 9.99649E-05 0.294863
0.0202954 0.0521755 9.99736E-05 0.116332 0.299734 9.99736E-05 0.0374026 0.0369238 0.434195 0.00264197 9.99736E-05
9.99563E-05 9.99563E-05 9.99563E-05 9.99563E-05 0.186525 0.0700223 0.11091 0.0611965 0.305721 9.99563E-05 0.265125
9.99824E-05 9.99824E-05 0.0166982 0.007549 0.391074 0.00522413 0.0468469 0.0507637 0.288175 0.0396622 0.153807
9.99562E-05 0.00563843 9.99562E-05 9.99562E-05 0.341366 9.99562E-05 9.99562E-05 0.0433607 0.393722 0.0236915 0.191722
0.0146508 0.074216 0.0151869 9.99824E-05 0.112652 0.246689 0.0186943 0.126208 0.220085 9.99824E-05 0.171418
9.99561E-05 0.210684 0.0719582 9.99561E-05 0.00905426 0.0958767 9.99561E-05 9.99561E-05 0.268957 9.99561E-05 0.34297
9.99474E-05 9.99474E-05 0.040993 9.99474E-05 0.338742 9.99474E-05 9.99474E-05 9.99474E-05 0.168671 0.0420406 0.408954
0.0132597 9.99562E-05 9.99562E-05 9.99562E-05 0.289254 9.99562E-05 0.0637963 0.0692669 0.0760793 9.99562E-05 0.487844
0.104618 9.99474E-05 9.99474E-05 9.99474E-05 0.492445 9.99474E-05 0.0834304 9.99474E-05 0.0861402 9.99474E-05 0.232767
9.99562E-05 9.99562E-05 0.113469 9.99562E-05 0.17151 0.0517678 9.99562E-05 0.236574 0.0893158 9.99562E-05 0.336864
9.99474E-05 9.99474E-05 0.0931226 0.020979 0.256934 9.99474E-05 9.99474E-05 9.99474E-05 0.316896 9.99474E-05 0.311469
9.9921E-05 9.9921E-05 0.218819 9.9921E-05 9.9921E-05 9.9921E-05 9.9921E-05 9.9921E-05 0.780282 9.9921E-05 9.9921E-05
9.99212E-05 9.99212E-05 0.0965911 9.99212E-05 9.99212E-05 9.99212E-05 9.99212E-05 9.99212E-05 0.90251 9.99212E-05 9.99212E-05
9.99297E-05 9.99297E-05 9.99297E-05 0.0312844 9.99297E-05 9.99297E-05 9.99297E-05 0.0252264 0.94269 9.99297E-05 9.99297E-05
9.99297E-05 0.021637 0.118645 9.99297E-05 9.99297E-05 9.99297E-05 9.99297E-05 9.99297E-05 0.858919 9.99297E-05 9.99297E-05
9.99473E-05 9.99473E-05 0.143758 9.99473E-05 9.99473E-05 9.99473E-05 0.0278352 0.0136863 0.794524 0.019596 9.99473E-05
9.99297E-05 9.99297E-05 0.190894 9.99297E-05 0.0169462 9.99297E-05 9.99297E-05 9.99297E-05 0.791361 9.99297E-05 9.99297E-05
9.99386E-05 0.0892212 0.118792 9.99386E-05 9.99386E-05 9.99386E-05 9.99386E-05 0.0591819 0.732105 9.99386E-05 9.99386E-05
9.99209E-05 9.99209E-05 0.269195 9.99209E-05 9.99209E-05 9.99209E-05 9.99209E-05 9.99209E-05 0.729906 9.99209E-05 9.99209E-05
9.99385E-05 0.0406433 0.367394 9.99385E-05 0.23855 9.99385E-05 9.99385E-05 9.99385E-05 0.352713 9.99385E-05 9.99385E-05
9.99297E-05 9.99297E-05 0.266419 9.99297E-05 9.99297E-05 9.99297E-05 9.99297E-05 0.0514758 0.681306 9.99297E-05 9.99297E-05
9.99299E-05 9.99299E-05 0.0502279 9.99299E-05 0.267802 9.99299E-05 9.99299E-05 9.99299E-05 0.681171 9.99299E-05 9.99299E-05
9.99386E-05 9.99386E-05 0.00439538 9.99386E-05 0.110316 9.99386E-05 9.99386E-05 9.99386E-05 0.865492 0.0190971 9.99386E-05
9.99211E-05 9.99211E-05 0.177424 9.99211E-05 9.99211E-05 9.99211E-05 9.99211E-05 9.99211E-05 0.821676 9.99211E-05 9.99211E-05
9.9921E-05 9.9921E-05 0.170848 9.9921E-05 9.9921E-05 9.9921E-05 9.9921E-05 9.9921E-05 0.828253 9.9921E-05 9.9921E-05
9.99474E-05 0.0424683 0.145188 9.99474E-05 9.99474E-05 9.99474E-05 9.99474E-05 0.122449 0.675738 0.0135568 9.99474E-05
9.99561E-05 0.0848282 0.0810701 0.00391135 0.165991 9.99561E-05 0.0751147 9.99561E-05 0.588584 9.99561E-05 9.99561E-05
9.99385E-05 9.99385E-05 0.0583236 9.99385E-05 0.140889 9.99385E-05 9.99385E-05 9.99385E-05 0.728107 0.0719808 9.99385E-05
9.99387E-05 9.99387E-05 0.237192 9.99387E-05 9.99387E-05 0.0257801 0.0508946 9.99387E-05 0.685434 9.99387E-05 9.99387E-05
9.99298E-05 0.0862143 0.0880233 9.99298E-05 9.99298E-05 9.99298E-05 9.99298E-05 9.99298E-05 0.824963 9.99298E-05 9.99298E-05
9.99299E-05 9.99299E-05 0.131562 9.99299E-05 9.99299E-05 9.99299E-05 9.99299E-05 9.99299E-05 0.819705 0.0479336 9.99299E-05
9.99298E-05 9.99298E-05 0.135238 9.99298E-05 0.0874256 9.99298E-05 9.99298E-05 9.99298E-05 0.776537 9.99298E-05 9.99298E-05
9.99298E-05 0.0463943 0.0794203 9.99298E-05 9.99298E-05 9.99298E-05 9.99298E-05 9.99298E-05 0.873386 9.99298E-05 9.99298E-05
0.0258596 9.99473E-05 0.26681 9.99473E-05 0.0625023 9.99473E-05 9.99473E-05 9.99473E-05 0.587238 0.0569912 9.99473E-05
9.99298E-05 0.0191541 0.212553 9.99298E-05 9.99298E-05 9.99298E-05 9.99298E-05 9.99298E-05 0.767493 9.99298E-05 9.99298E-05
0.00105655 9.99561E-05 0.280591 9.99561E-05 0.00583767 0.149534 9.99561E-05 9.99561E-05 0.53582 0.0266613 9.99561E-05
9.99474E-05 9.99474E-05 0.200334 0.0329643 0.111621 9.99474E-05 9.99474E-05 0.0395455 0.614936 9.99474E-05 9.99474E-05
0.0769634 9.99213E-05 9.99213E-05 9.99213E-05 9.99213E-05 9.99213E-05 9.99213E-05 9.99213E-05 0.922137 9.99213E-05 9.99213E-05
9.99384E-05 9.99384E-05 0.124657 9.99384E-05 9.99384E-05 0.0116217 9.99384E-05 9.99384E-05 0.830848 0.0321732 9.99384E-05
9.99298E-05 9.99298E-05 0.23369 9.99298E-05 0.00488814 9.99298E-05 9.99298E-05 9.99298E-05 0.760623 9.99298E-05 9.99298E-05
9.99386E-05 0.0479631 0.029259 9.99386E-05 9.99386E-05 9.99386E-05 9.99386E-05 9.99386E-05 0.8607 0.061378 9.99386E-05
9.99298E-05 0.0911929 0.01159 9.99298E-05 9.99298E-05 9.99298E-05 9.99298E-05 9.99298E-05 0.896418 9.99298E-05 9.99298E-05
9.99297E-05 0.013507 9.99297E-05 0.0616913 9.99297E-05 9.99297E-05 9.99297E-05 9.99297E-05 0.924002 9.99297E-05 9.99297E-05
9.99384E-05 0.0147182 0.386509 9.99384E-05 9.99384E-05 9.99384E-05 9.99384E-05 9.99384E-05 0.357091 0.240982 9.99384E-05
9.99473E-05 0.0316029 0.0982219 0.0475556 9.99473E-05 0.00382659 9.99473E-05 9.99473E-05 0.818193 9.99473E-05 9.99473E-05
9.9921E-05 9.9921E-05 0.0162586 9.9921E-05 9.9921E-05 9.9921E-05 9.9921E-05 9.9921E-05 0.982842 9.9921E-05 9.9921E-05
9.99561E-05 0.0505688 0.0702025 0.0330707 0.0431001 9.99561E-05 0.016572 9.99561E-05 0.785986 9.99561E-05 9.99561E-05
9.99385E-05 0.0314767 0.120458 9.99385E-05 9.99385E-05 9.99385E-05 9.99385E-05 0.0634903 0.783875 9.99385E-05 9.99385E-05
9.993E-05 9.993E-05 0.122556 9.993E-05 9.993E-05 0.099398 9.993E-05 9.993E-05 0.777247 9.993E-05 9.993E-05
9.99211E-05 9.99211E-05 0.0396898 9.99211E-05 9.99211E-05 9.99211E-05 9.99211E-05 9.99211E-05 0.959411 9.99211E-05 9.99211E-05
9.993E-05 0.00638291 0.00260047 9.993E-05 9.993E-05 9.993E-05 9.993E-05 9.993E-05 0.990217 9.993E-05 9.993E-05
9.993E-05 0.0445396 9.993E-05 9.993E-05 0.0298527 9.993E-05 9.993E-05 9.993E-05 0.924808 9.993E-05 9.993E-05
9.99385E-05 0.077566 0.128074 9.99385E-05 0.0548684 9.99385E-05 9.99385E-05 9.99385E-05 0.738792 9.99385E-05 9.99385E-05
9.99298E-05 9.99298E-05 0.172051 0.0214209 9.99298E-05 9.99298E-05 9.99298E-05 9.99298E-05 0.805729 9.99298E-05 9.99298E-05
9.993E-05 9.993E-05 0.0892652 9.993E-05 0.0330002 9.993E-05 9.993E-05 9.993E-05 0.876935 9.993E-05 9.993E-05
9.99125E-05 9.99125E-05 9.99125E-05 9.99125E-05 9.99125E-05 9.99125E-05 9.99125E-05 9.99125E-05 0.999001 9.99125E-05 9.99125E-05
9.99648E-05 0.00261637 0.244537 9.99648E-05 0.139876 9.99648E-05 0.0061341 0.00134153 0.481264 0.123831 9.99648E-05
9.99298E-05 0.024426 0.137475 9.99298E-05 9.99298E-05 9.99298E-05 9.99298E-05 9.99298E-05 0.8373 9.99298E-05 9.99298E-05
0.094061 0.00387006 0.134838 0.037326 0.152175 9.99737E-05 9.99737E-05 0.0399565 0.533949 0.00352398 9.99737E-05
0.0680806 9.99298E-05 0.292352 9.99298E-05 9.99298E-05 9.99298E-05 9.99298E-05 9.99298E-05 0.638768 9.99298E-05 9.99298E-05
9.99125E-05 9.99125E-05 9.99125E-05 9.99125E-05 9.99125E-05 9.99125E-05 9.99125E-05 9.99125E-05 0.999001 9.99125E-05 9.99125E-05
9.99473E-05 0.0255854 9.99473E-05 9.99473E-05 9.99473E-05 0.0973221 0.100772 9.99473E-05 0.755613 0.0201073 9.99473E-05
9.993E-05 9.993E-05 0.100185 9.993E-05 0.011719 9.993E-05 9.993E-05 9.993E-05 0.887297 9.993E-05 9.993E-05
9.99299E-05 0.0122199 0.142423 9.99299E-05 9.99299E-05 9.99299E-05 9.99299E-05 9.99299E-05 0.844558 9.99299E-05 9.99299E-05
9.99298E-05 9.99298E-05 0.0738017 0.0786916 9.99298E-05 9.99298E-05 9.99298E-05 9.99298E-05 0.846707 9.99298E-05 9.99298E-05
9.99561E-05 0.0967619 0.0342801 9.99561E-05 9.99561E-05 9.99561E-05 0.0255461 0.0553245 0.758877 0.0287111 9.99561E-05
9.99297E-05 9.99297E-05 0.226156 9.99297E-05 0.15531 9.99297E-05 9.99297E-05 9.99297E-05 0.617735 9.99297E-05 9.99297E-05
9.99209E-05 9.99209E-05 0.19257 9.99209E-05 9.99209E-05 9.99209E-05 9.99209E-05 9.99209E-05 0.806531 9.99209E-05 9.99209E-05
9.99297E-05 0.07259 0.111946 9.99297E-05 9.99297E-05 9.99297E-05 9.99297E-05 9.99297E-05 0.814665 9.99297E-05 9.99297E-05
9.99473E-05 9.99473E-05 0.0763906 9.99473E-05 9.99473E-05 9.99473E-05 0.017605 0.00729829 0.851702 0.0464043 9.99473E-05
9.9921E-05 9.9921E-05 0.211587 9.9921E-05 9.9921E-05 9.9921E-05 9.9921E-05 9.9921E-05 0.787513 9.9921E-05 9.9921E-05
9.99208E-05 9.99208E-05 9.99208E-05 9.99208E-05 9.99208E-05 9.99208E-05 9.99208E-05 0.00601976 0.993081 9.99208E-05 9.99208E-05
9.9912E-05 9.9912E-05 0.999001 9.9912E-05 9.9912E-05 9.9912E-05 9.9912E-05 9.9912E-05 9.9912E-05 9.9912E-05 9.9912E-05
0.0105681 9.99384E-05 0.01065 9.99384E-05 0.00452828 9.99384E-05 9.99384E-05 9.99384E-05 0.973554 9.99384E-05 9.99384E-05
9.99119E-05 9.99119E-05 0.999001 9.99119E-05 9.99119E-05 9.99119E-05 9.99119E-05 9.99119E-05 9.99119E-05 9.99119E-05 9.99119E-05
9.9912E-05 9.9912E-05 0.999001 9.9912E-05 9.9912E-05 9.9912E-05 9.9912E-05 9.9912E-05 9.9912E-05 9.9912E-05 9.9912E-05
9.99121E-05 9.99121E-05 0.999001 9.99121E-05 9.99121E-05 9.99121E-05 9.99121E-05 9.99121E-05 9.99121E-05 9.99121E-05 9.99121E-05
0.0500196 9.99208E-05 9.99208E-05 9.99208E-05 9.99208E-05 9.99208E-05 9.99208E-05 9.99208E-05 0.949081 9.99208E-05 9.99208E-05
9.9912E-05 9.9912E-05 0.999001 9.9912E-05 9.9912E-05 9.9912E-05 9.9912E-05 9.9912E-05 9.9912E-05 9.9912E-05 9.9912E-05
9.99121E-05 9.99121E-05 0.999001 9.99121E-05 9.99121E-05 9.99121E-05 9.99121E-05 9.99121E-05 9.99121E-05 9.99121E-05 9.99121E-05
0.000715178 9.99208E-05 9.99208E-05 9.99208E-05 9.99208E-05 9.99208E-05 9.99208E-05 9.99208E-05 0.998386 9.99208E-05 9.99208E-05
0.0327305 9.99472E-05 0.0701908 9.99472E-05 9.99472E-05 0.0527567 9.99472E-05 9.99472E-05 0.770655 0.0730678 9.99472E-05
0.0344307 9.99208E-05 9.99208E-05 9.99208E-05 9.99208E-05 9.99208E-05 9.99208E-05 9.99208E-05 0.96467 9.99208E-05 9.99208E-05
9.9912E-05 9.9912E-05 0.999001 9.9912E-05 9.9912E-05 9.9912E-05 9.9912E-05 9.9912E-05 9.9912E-05 9.9912E-05 9.9912E-05
9.9912E-05 9.9912E-05 0.999001 9.9912E-05 9.9912E-05 9.9912E-05 9.9912E-05 9.9912E-05 9.9912E-05 9.9912E-05 9.9912E-05
9.99208E-05 9.99208E-05 9.99208E-05 9.99208E-05 9.99208E-05 9.99208E-05 9.99208E-05 9.99208E-05 0.991614 0.00748682 9.99208E-05
0.0573312 9.99207E-05 9.99207E-05 9.99207E-05 9.99207E-05 9.99207E-05 9.99207E-05 9.99207E-05 0.94177 9.99207E-05 9.99207E-05
0.0469491 9.9956E-05 0.111927 9.9956E-05 9.9956E-05 0.0491702 0.112072 9.9956E-05 0.626488 0.0528937 9.9956E-05
9.99208E-05 9.99208E-05 9.99208E-05 9.99208E-05 9.99208E-05 9.99208E-05 9.99208E-05 9.99208E-05 0.962564 0.0365372 9.99208E-05
9.9912E-05 9.9912E-05 0.999001 9.9912E-05 9.9912E-05 9.9912E-05 9.9912E-05 9.9912E-05 9.9912E-05 9.9912E-05 9.9912E-05
0.0128006 9.99296E-05 9.99296E-05 9.99296E-05 9.99296E-05 9.99296E-05 9.99296E-05 9.99296E-05 0.969293 0.0171067 9.99296E-05
9.99208E-05 9.99208E-05 0.0588446 9.99208E-05 9.99208E-05 9.99208E-05 9.99208E-05 9.99208E-05 0.940256 9.99208E-05 9.99208E-05
0.0490996 9.99296E-05 0.0348471 9.99296E-05 9.99296E-05 9.99296E-05 9.99296E-05 9.99296E-05 0.915254 9.99296E-05 9.99296E-05
9.9912E-05 9.9912E-05 0.999001 9.9912E-05 9.9912E-05 9.9912E-05 9.9912E-05 9.9912E-05 9.9912E-05 9.9912E-05 9.9912E-05
0.103437 9.99384E-05 0.0206061 9.99384E-05 9.99384E-05 9.99384E-05 9.99384E-05 9.99384E-05 0.838993 0.0362645 9.99384E-05
9.9912E-05 9.9912E-05 0.999001 9.9912E-05 9.9912E-05 9.9912E-05 9.9912E-05 9.9912E-05 9.9912E-05 9.9912E-05 9.9912E-05
0.0120508 9.99208E-05 9.99208E-05 9.99208E-05 9.99208E-05 9.99208E-05 9.99208E-05 9.99208E-05 0.98705 9.99208E-05 9.99208E-05
0.0413877 9.99208E-05 9.99208E-05 9.99208E-05 9.99208E-05 9.99208E-05 9.99208E-05 9.99208E-05 0.957713 9.99208E-05 9.99208E-05
9.9912E-05 9.9912E-05 0.999001 9.9912E-05 9.9912E-05 9.9912E-05 9.9912E-05 9.9912E-05 9.9912E-05 9.9912E-05 9.9912E-05
9.9912E-05 9.9912E-05 0.999001 9.9912E-05 9.9912E-05 9.9912E-05 9.9912E-05 9.9912E-05 9.9912E-05 9.9912E-05 9.9912E-05
9.9912E-05 9.9912E-05 0.999001 9.9912E-05 9.9912E-05 9.9912E-05 9.9912E-05 9.9912E-05 9.9912E-05 9.9912E-05 9.9912E-05
9.99208E-05 9.99208E-05 9.99208E-05 9.99208E-05 9.99208E-05 9.99208E-05 9.99208E-05 9.99208E-05 0.972746 0.026355 9.99208E-05
9.99208E-05 9.99208E-05 9.99208E-05 9.99208E-05 9.99208E-05 9.99208E-05 9.99208E-05 9.99208E-05 0.903493 0.0956075 9.99208E-05
0.0240458 9.99208E-05 9.99208E-05 9.99208E-05 9.99208E-05 9.99208E-05 9.99208E-05 9.99208E-05 0.975055 9.99208E-05 9.99208E-05
0.0522129 9.99208E-05 9.99208E-05 9.99208E-05 9.99208E-05 9.99208E-05 9.99208E-05 9.99208E-05 0.946888 9.99208E-05 9.99208E-05
9.99296E-05 9.99296E-05 0.0638071 9.99296E-05 9.99296E-05 9.99296E-05 9.99296E-05 9.99296E-05 0.911266 0.0241278 9.99296E-05
9.99121E-05 9.99121E-05 0.999001 9.99121E-05 9.99121E-05 9.99121E-05 9.99121E-05 9.99121E-05 9.99121E-05 9.99121E-05 9.99121E-05
9.9912E-05 9.9912E-05 0.999001 9.9912E-05 9.9912E-05 9.9912E-05 9.9912E-05 9.9912E-05 9.9912E-05 9.9912E-05 9.9912E-05
9.99119E-05 9.99119E-05 0.999001 9.99119E-05 9.99119E-05 9.99119E-05 9.99119E-05 9.99119E-05 9.99119E-05 9.99119E-05 9.99119E-05
9.99208E-05 9.99208E-05 0.0475427 9.99208E-05 9.99208E-05 9.99208E-05 9.99208E-05 9.99208E-05 0.951558 9.99208E-05 9.99208E-05
9.9912E-05 9.9912E-05 0.999001 9.9912E-05 9.9912E-05 9.9912E-05 9.9912E-05 9.9912E-05 9.9912E-05 9.9912E-05 9.9912E-05
9.99119E-05 9.99119E-05 0.999001 9.99119E-05 9.99119E-05 9.99119E-05 9.99119E-05 9.99119E-05 9.99119E-05 9.99119E-05 9.99119E-05
9.9912E-05 9.9912E-05 0.999001 9.9912E-05 9.9912E-05 9.9912E-05 9.9912E-05 9.9912E-05 9.9912E-05 9.9912E-05 9.9912E-05
9.9912E-05 9.9912E-05 0.999001 9.9912E-05 9.9912E-05 9.9912E-05 9.9912E-05 9.9912E-05 9.9912E-05 9.9912E-05 9.9912E-05
0.0609011 9.99208E-05 9.99208E-05 9.99208E-05 9.99208E-05 9.99208E-05 9.99208E-05 9.99208E-05 0.9382 9.99208E-05 9.99208E-05
9.9912E-05 9.9912E-05 0.999001 9.9912E-05 9.9912E-05 9.9912E-05 9.9912E-05 9.9912E-05 9.9912E-05 9.9912E-05 9.9912E-05
9.9912E-05 9.9912E-05 0.999001 9.9912E-05 9.9912E-05 9.9912E-05 9.9912E-05 9.9912E-05 9.9912E-05 9.9912E-05 9.9912E-05
0.021267 9.99561E-05 0.11776 9.99561E-05 9.99561E-05 0.0103729 0.102068 9.99561E-05 0.612945 0.135086 9.99561E-05
9.99208E-05 9.99208E-05 9.99208E-05 9.99208E-05 9.99208E-05 9.99208E-05 9.99208E-05 9.99208E-05 0.945957 0.053144 9.99208E-05
9.9912E-05 9.9912E-05 0.999001 9.9912E-05 9.9912E-05 9.9912E-05 9.9912E-05 9.9912E-05 9.9912E-05 9.9912E-05 9.9912E-05
9.99119E-05 9.99119E-05 0.999001 9.99119E-05 9.99119E-05 9.99119E-05 9.99119E-05 9.99119E-05 9.99119E-05 9.99119E-05 9.99119E-05
9.9912E-05 9.9912E-05 0.999001 9.9912E-05 9.9912E-05 9.9912E-05 9.9912E-05 9.9912E-05 9.9912E-05 9.9912E-05 9.9912E-05
9.9912E-05 9.9912E-05 0.999001 9.9912E-05 9.9912E-05 9.9912E-05 9.9912E-05 9.9912E-05 9.9912E-05 9.9912E-05 9.9912E-05
9.99208E-05 9.99208E-05 9.99208E-05 9.99208E-05 9.99208E-05 9.99208E-05 9.99208E-05 9.99208E-05 0.982627 0.0164738 9.99208E-05
9.9912E-05 9.9912E-05 0.999001 9.9912E-05 9.9912E-05 9.9912E-05 9.9912E-05 9.9912E-05 9.9912E-05 9.9912E-05 9.9912E-05
0.0537591 9.99296E-05 9.99296E-05 9.99296E-05 0.0114358 9.99296E-05 9.99296E-05 9.99296E-05 0.934006 9.99296E-05 9.99296E-05
9.9912E-05 9.9912E-05 0.999001 9.9912E-05 9.9912E-05 9.9912E-05 9.9912E-05 9.9912E-05 9.9912E-05 9.9912E-05 9.9912E-05
0.061662 9.99296E-05 9.99296E-05 9.99296E-05 9.99296E-05 9.99296E-05 9.99296E-05 9.99296E-05 0.934452 0.00308627 9.99296E-05
9.9912E-05 9.9912E-05 0.999001 9.9912E-05 9.9912E-05 9.9912E-05 9.9912E-05 9.9912E-05 9.9912E-05 9.9912E-05 9.9912E-05
9.9912E-05 9.9912E-05 0.999001 9.9912E-05 9.9912E-05 9.9912E-05 9.9912E-05 9.9912E-05 9.9912E-05 9.9912E-05 9.9912E-05
9.9912E-05 9.9912E-05 0.999001 9.9912E-05 9.9912E-05 9.9912E-05 9.9912E-05 9.9912E-05 9.9912E-05 9.9912E-05 9.9912E-05
9.9912E-05 9.9912E-05 0.999001 9.9912E-05 9.9912E-05 9.9912E-05 9.9912E-05 9.9912E-05 9.9912E-05 9.9912E-05 9.9912E-05
9.9912E-05 9.9912E-05 0.999001 9.9912E-05 9.9912E-05 9.9912E-05 9.9912E-05 9.9912E-05 9.9912E-05 9.9912E-05 9.9912E-05
9.9912E-05 9.9912E-05 0.999001 9.9912E-05 9.9912E-05 9.9912E-05 9.9912E-05 9.9912E-05 9.9912E-05 9.9912E-05 9.9912E-05
0.0404543 9.99296E-05 9.99296E-05 9.99296E-05 9.99296E-05 9.99296E-05 9.99296E-05 9.99296E-05 0.943433 0.015313 9.99296E-05
9.99208E-05 9.99208E-05 9.99208E-05 9.99208E-05 9.99208E-05 9.99208E-05 9.99208E-05 9.99208E-05 0.917014 0.082087 9.99208E-05
9.99384E-05 9.99384E-05 9.99384E-05 9.99384E-05 0.00780288 9.99384E-05 9.99384E-05 0.0176451 0.940681 0.0331715 9.99384E-05
9.9912E-05 9.9912E-05 0.999001 9.9912E-05 9.9912E-05 9.9912E-05 9.9912E-05 9.9912E-05 9.9912E-05 9.9912E-05 9.9912E-05
0.0398836 9.99208E-05 9.99208E-05 9.99208E-05 9.99208E-05 9.99208E-05 9.99208E-05 9.99208E-05 0.959217 9.99208E-05 9.99208E-05
0.0110705 9.99208E-05 9.99208E-05 9.99208E-05 9.99208E-05 9.99208E-05 9.99208E-05 9.99208E-05 0.98803 9.99208E-05 9.99208E-05
9.99208E-05 9.99208E-05 0.0205589 9.99208E-05 9.99208E-05 9.99208E-05 9.99208E-05 9.99208E-05 0.978542 9.99208E-05 9.99208E-05
9.9912E-05 9.9912E-05 0.999001 9.9912E-05 9.9912E-05 9.9912E-05 9.9912E-05 9.9912E-05 9.9912E-05 9.9912E-05 9.9912E-05
9.9912E-05 9.9912E-05 0.999001 9.9912E-05 9.9912E-05 9.9912E-05 9.9912E-05 9.9912E-05 9.9912E-05 9.9912E-05 9.9912E-05
9.9912E-05 9.9912E-05 0.999001 9.9912E-05 9.9912E-05 9.9912E-05 9.9912E-05 9.9912E-05 9.9912E-05 9.9912E-05 9.9912E-05
0.0486769 9.99208E-05 9.99208E-05 9.99208E-05 9.99208E-05 9.99208E-05 9.99208E-05 9.99208E-05 0.950424 9.99208E-05 9.99208E-05
9.9912E-05 9.9912E-05 0.999001 9.9912E-05 9.9912E-05 9.9912E-05 9.9912E-05 9.9912E-05 9.9912E-05 9.9912E-05 9.9912E-05
9.9912E-05 9.9912E-05 0.999001 9.9912E-05 9.9912E-05 9.9912E-05 9.9912E-05 9.9912E-05 9.9912E-05 9.9912E-05 9.9912E-05
0.0424321 9.99208E-05 9.99208E-05 9.99208E-05 9.99208E-05 9.99208E-05 9.99208E-05 9.99208E-05 0.956669 9.99208E-05 9.99208E-05
9.99121E-05 9.99121E-05 0.999001 9.99121E-05 9.99121E-05 9.99121E-05 9.99121E-05 9.99121E-05 9.99121E-05 9.99121E-05 9.99121E-05
9.9912E-05 9.9912E-05 0.999001 9.9912E-05 9.9912E-05 9.9912E-05 9.9912E-05 9.9912E-05 9.9912E-05 9.9912E-05 9.9912E-05
9.99648E-05 0.115714 0.133404 0.0566701 0.0381424 9.99648E-05 0.0619224 0.0205334 0.573214 9.99648E-05 9.99648E-05
0.0214766 9.99208E-05 9.99208E-05 9.99208E-05 9.99208E-05 9.99208E-05 9.99208E-05 9.99208E-05 0.977624 9.99208E-05 9.99208E-05
9.99119E-05 9.99119E-05 0.999001 9.99119E-05 9.99119E-05 9.99119E-05 9.99119E-05 9.99119E-05 9.99119E-05 9.99119E-05 9.99119E-05
0.0540073 0.0220807 0.435579 9.99386E-05 9.99386E-05 9.99386E-05 9.99386E-05 9.99386E-05 0.487633 9.99386E-05 9.99386E-05
0.0158754 9.99473E-05 0.26329 9.99473E-05 9.99473E-05 0.127294 9.99473E-05 9.99473E-05 0.563732 0.0292088 9.99473E-05
0.00576186 9.99297E-05 0.141604 9.99297E-05 9.99297E-05 9.99297E-05 9.99297E-05 9.99297E-05 0.851835 9.99297E-05 9.99297E-05
9.99297E-05 9.99297E-05 9.99297E-05 9.99297E-05 9.99297E-05 9.99297E-05 0.0693861 0.0366903 0.893124 9.99297E-05 9.99297E-05
9.99296E-05 9.99296E-05 0.271537 9.99296E-05 0.024013 9.99296E-05 9.99296E-05 9.99296E-05 0.70365 9.99296E-05 9.99296E-05
9.99213E-05 9.99213E-05 0.121996 9.99213E-05 9.99213E-05 9.99213E-05 9.99213E-05 9.99213E-05 0.877105 9.99213E-05 9.99213E-05
0.00265246 0.017781 0.374201 9.99561E-05 9.99561E-05 0.0263389 9.99561E-05 9.99561E-05 0.573837 0.00468924 9.99561E-05
0.00197892 0.00666411 0.218891 9.99561E-05 9.99561E-05 9.99561E-05 0.125711 0.0264377 0.619817 9.99561E-05 9.99561E-05
9.99211E-05 9.99211E-05 0.19374 9.99211E-05 9.99211E-05 9.99211E-05 9.99211E-05 9.99211E-05 0.80536 9.99211E-05 9.99211E-05
0.0732674 9.9956E-05 0.0437955 0.00379961 9.9956E-05 0.107492 9.9956E-05 9.9956E-05 0.753445 0.0177001 9.9956E-05
9.99298E-05 0.0885507 0.0535783 9.99298E-05 9.99298E-05 9.99298E-05 9.99298E-05 9.99298E-05 0.857072 9.99298E-05 9.99298E-05
9.9921E-05 9.9921E-05 0.60202 9.9921E-05 9.9921E-05 9.9921E-05 9.9921E-05 9.9921E-05 0.39708 9.9921E-05 9.9921E-05
9.99385E-05 9.99385E-05 0.261752 0.139653 0.0411443 9.99385E-05 9.99385E-05 9.99385E-05 0.556751 9.99385E-05 9.99385E-05
9.99385E-05 9.99385E-05 0.105184 9.99385E-05 9.99385E-05 9.99385E-05 0.0249963 0.0512541 0.817866 9.99385E-05 9.99385E-05
9.99385E-05 0.0434544 0.102344 0.00246415 9.99385E-05 9.99385E-05 9.99385E-05 9.99385E-05 0.851037 9.99385E-05 9.99385E-05
9.99473E-05 0.067555 0.256465 9.99473E-05 0.0889247 0.115768 9.99473E-05 9.99473E-05 0.470687 9.99473E-05 9.99473E-05
0.00825234 0.0274694 0.188196 9.99474E-05 9.99474E-05 9.99474E-05 9.99474E-05 9.99474E-05 0.773503 0.00197983 9.99474E-05
9.99385E-05 0.139339 0.0318527 0.100417 9.99385E-05 9.99385E-05 9.99385E-05 9.99385E-05 0.727691 9.99385E-05 9.99385E-05
9.9956E-05 0.0285687 0.126557 9.9956E-05 0.206443 9.9956E-05 0.0429174 9.9956E-05 0.53783 0.057183 9.9956E-05
0.0159837 9.99473E-05 0.127406 9.99473E-05 9.99473E-05 0.066254 0.00380027 9.99473E-05 0.785956 9.99473E-05 9.99473E-05
9.99385E-05 9.99385E-05 0.126858 9.99385E-05 0.0186044 0.105873 9.99385E-05 9.99385E-05 0.747965 9.99385E-05 9.99385E-05
9.99298E-05 9.99298E-05 0.294521 0.077393 9.99298E-05 9.99298E-05 9.99298E-05 9.99298E-05 0.627286 9.99298E-05 9.99298E-05
9.99385E-05 0.0506294 0.182868 0.144696 9.99385E-05 9.99385E-05 9.99385E-05 9.99385E-05 0.621107 9.99385E-05 9.99385E-05
9.99384E-05 0.00395206 0.167781 9.99384E-05 9.99384E-05 9.99384E-05 9.99384E-05 0.0105312 0.817036 9.99384E-05 9.99384E-05
9.99385E-05 9.99385E-05 0.0724302 9.99385E-05 9.99385E-05 9.99385E-05 0.0385884 0.0362546 0.852027 9.99385E-05 9.99385E-05
9.993E-05 9.993E-05 0.0377116 9.993E-05 0.18495 9.993E-05 9.993E-05 9.993E-05 0.776539 9.993E-05 9.993E-05
9.99296E-05 9.99296E-05 0.0788969 9.99296E-05 9.99296E-05 0.10017 9.99296E-05 9.99296E-05 0.820133 9.99296E-05 9.99296E-05
0.148237 9.99297E-05 0.214075 9.99297E-05 9.99297E-05 9.99297E-05 9.99297E-05 9.99297E-05 0.636889 9.99297E-05 9.99297E-05
0.00582193 9.99473E-05 9.99473E-05 0.0393201 9.99473E-05 9.99473E-05 9.99473E-05 0.065508 0.856091 0.0326592 9.99473E-05
9.99385E-05 9.99385E-05 0.142147 9.99385E-05 9.99385E-05 9.99385E-05 9.99385E-05 0.107599 0.704476 0.045079 9.99385E-05
9.99385E-05 9.99385E-05 0.335034 9.99385E-05 0.0243433 0.210221 9.99385E-05 9.99385E-05 0.429702 9.99385E-05 9.99385E-05
9.9921E-05 9.9921E-05 0.249344 9.9921E-05 9.9921E-05 9.9921E-05 9.9921E-05 9.9921E-05 0.749757 9.9921E-05 9.9921E-05
9.99472E-05 9.99472E-05 0.171147 9.99472E-05 0.200352 0.0115413 9.99472E-05 0.0227228 0.593637 9.99472E-05 9.99472E-05
9.99473E-05 0.0330588 0.180491 9.99473E-05 9.99473E-05 0.0391557 9.99473E-05 0.0239701 0.722725 9.99473E-05 9.99473E-05
9.9956E-05 0.0120468 0.0819048 0.00504822 9.9956E-05 0.0680985 0.0408554 9.9956E-05 0.791546 9.9956E-05 9.9956E-05
9.9921E-05 9.9921E-05 0.0440273 9.9921E-05 9.9921E-05 9.9921E-05 9.9921E-05 9.9921E-05 0.955073 9.9921E-05 9.9921E-05
9.99124E-05 9.99124E-05 9.99124E-05 9.99124E-05 9.99124E-05 9.99124E-05 9.99124E-05 9.99124E-05 0.999001 9.99124E-05 9.99124E-05
9.99296E-05 0.0926056 9.99296E-05 9.99296E-05 9.99296E-05 9.99296E-05 0.121029 9.99296E-05 0.785566 9.99296E-05 9.99296E-05
9.99385E-05 0.0937287 9.99385E-05 0.129688 9.99385E-05 9.99385E-05 9.99385E-05 9.99385E-05 0.77134 0.00454313 9.99385E-05
9.99473E-05 9.99473E-05 0.256028 9.99473E-05 9.99473E-05 0.204044 9.99473E-05 0.00426845 0.473558 0.0615019 9.99473E-05
9.99209E-05 9.99209E-05 0.0713936 9.99209E-05 9.99209E-05 9.99209E-05 9.99209E-05 9.99209E-05 0.927707 9.99209E-05 9.99209E-05
0.0645551 9.99386E-05 0.125901 9.99386E-05 9.99386E-05 0.0231769 9.99386E-05 9.99386E-05 0.785667 9.99386E-05 9.99386E-05
0.0648517 9.99473E-05 0.193786 9.99473E-05 9.99473E-05 0.147497 9.99473E-05 9.99473E-05 0.585968 0.0072971 9.99473E-05
9.99386E-05 9.99386E-05 0.559373 9.99386E-05 9.99386E-05 0.0554184 9.99386E-05 0.0186859 0.365823 9.99386E-05 9.99386E-05
9.99384E-05 9.99384E-05 0.339733 9.99384E-05 0.00780784 9.99384E-05 9.99384E-05 0.0349113 0.616848 9.99384E-05 9.99384E-05
9.99472E-05 0.0216024 0.155687 9.99472E-05 9.99472E-05 0.0327727 9.99472E-05 0.0328713 0.756467 9.99472E-05 9.99472E-05
9.99211E-05 9.99211E-05 0.00256828 9.99211E-05 9.99211E-05 9.99211E-05 9.99211E-05 9.99211E-05 0.996532 9.99211E-05 9.99211E-05
9.99297E-05 0.0338657 0.209303 9.99297E-05 9.99297E-05 9.99297E-05 9.99297E-05 9.99297E-05 0.756032 9.99297E-05 9.99297E-05
9.99124E-05 9.99124E-05 9.99124E-05 9.99124E-05 9.99124E-05 9.99124E-05 9.99124E-05 9.99124E-05 0.999001 9.99124E-05 9.99124E-05
9.9956E-05 9.9956E-05 0.209905 0.0697435 0.114765 9.9956E-05 0.050441 0.0034564 0.55119 9.9956E-05 9.9956E-05
9.99212E-05 9.99212E-05 9.99212E-05 9.99212E-05 0.142627 9.99212E-05 9.99212E-05 9.99212E-05 0.856474 9.99212E-05 9.99212E-05
9.99297E-05 0.0399955 9.99297E-05 9.99297E-05 0.000831954 9.99297E-05 9.99297E-05 9.99297E-05 0.958373 9.99297E-05 9.99297E-05
9.9956E-05 0.0703696 9.9956E-05 0.0531385 0.219191 0.052203 0.0105408 9.9956E-05 0.594058 9.9956E-05 9.9956E-05
9.99297E-05 9.99297E-05 0.168969 9.99297E-05 0.228136 9.99297E-05 9.99297E-05 9.99297E-05 0.602096 9.99297E-05 9.99297E-05
9.99298E-05 9.99298E-05 0.16663 9.99298E-05 9.99298E-05 0.0923749 9.99298E-05 9.99298E-05 0.740196 9.99298E-05 9.99298E-05
9.9921E-05 9.9921E-05 0.320735 9.9921E-05 9.9921E-05 9.9921E-05 9.9921E-05 9.9921E-05 0.678365 9.9921E-05 9.9921E-05
9.99212E-05 9.99212E-05 9.99212E-05 9.99212E-05 0.140156 9.99212E-05 9.99212E-05 9.99212E-05 0.858945 9.99212E-05 9.99212E-05
9.99298E-05 0.0264978 0.249946 9.99298E-05 9.99298E-05 9.99298E-05 9.99298E-05 9.99298E-05 0.722756 9.99298E-05 9.99298E-05
9.9921E-05 9.9921E-05 0.20439 9.9921E-05 9.9921E-05 9.9921E-05 9.9921E-05 9.9921E-05 0.794711 9.9921E-05 9.9921E-05
9.99298E-05 9.99298E-05 0.202859 9.99298E-05 0.176537 9.99298E-05 9.99298E-05 9.99298E-05 0.619805 9.99298E-05 9.99298E-05
9.99211E-05 9.99211E-05 0.00119608 9.99211E-05 9.99211E-05 9.99211E-05 9.99211E-05 9.99211E-05 0.997905 9.99211E-05 9.99211E-05
9.99212E-05 9.99212E-05 0.122833 9.99212E-05 9.99212E-05 9.99212E-05 9.99212E-05 9.99212E-05 0.876268 9.99212E-05 9.99212E-05
9.99301E-05 9.99301E-05 9.99301E-05 9.99301E-05 9.99301E-05 9.99301E-05 9.99301E-05 9.99301E-05 0.94736 0.0243457 0.0274948
9.99298E-05 0.0360108 0.144706 9.99298E-05 9.99298E-05 9.99298E-05 9.99298E-05 9.99298E-05 0.818484 9.99298E-05 9.99298E-05
9.99297E-05 9.99297E-05 0.156385 9.99297E-05 9.99297E-05 9.99297E-05 9.99297E-05 9.99297E-05 0.776003 0.0668123 9.99297E-05
9.99211E-05 9.99211E-05 0.270475 9.99211E-05 9.99211E-05 9.99211E-05 9.99211E-05 9.99211E-05 0.728626 9.99211E-05 9.99211E-05
9.99212E-05 9.99212E-05 0.0757748 9.99212E-05 9.99212E-05 9.99212E-05 9.99212E-05 9.99212E-05 0.923326 9.99212E-05 9.99212E-05
9.99473E-05 0.0663295 0.236381 9.99473E-05 0.0447972 9.99473E-05 9.99473E-05 9.99473E-05 0.62784 0.0240529 9.99473E-05
9.99296E-05 0.0288953 0.0128026 9.99296E-05 9.99296E-05 9.99296E-05 9.99296E-05 9.99296E-05 0.957503 9.99296E-05 9.99296E-05
9.99212E-05 9.99212E-05 9.99212E-05 9.99212E-05 0.19154 9.99212E-05 9.99212E-05 9.99212E-05 0.807561 9.99212E-05 9.99212E-05
9.99385E-05 9.99385E-05 0.0248148 9.99385E-05 0.292165 9.99385E-05 9.99385E-05 9.99385E-05 0.679439 0.00288129 9.99385E-05
9.993E-05 9.993E-05 9.993E-05 9.993E-05 0.13595 9.993E-05 9.993E-05 9.993E-05 0.738519 9.993E-05 0.124732
9.99209E-05 9.99209E-05 0.29699 9.99209E-05 9.99209E-05 9.99209E-05 9.99209E-05 9.99209E-05 0.702111 9.99209E-05 9.99209E-05
9.99561E-05 9.99561E-05 9.99561E-05 0.122157 0.271106 9.99561E-05 0.0571519 0.00613233 0.500163 0.04279 9.99561E-05
9.99212E-05 9.99212E-05 9.99212E-05 9.99212E-05 0.00432814 9.99212E-05 9.99212E-05 9.99212E-05 0.994773 9.99212E-05 9.99212E-05
9.99298E-05 9.99298E-05 0.10681 9.99298E-05 0.231279 9.99298E-05 9.99298E-05 9.99298E-05 0.661112 9.99298E-05 9.99298E-05
9.993E-05 9.993E-05 9.993E-05 9.993E-05 0.20606 9.993E-05 9.993E-05 9.993E-05 0.682685 9.993E-05 0.110455
9.99209E-05 9.99209E-05 9.99209E-05 9.99209E-05 9.99209E-05 0.000231038 9.99209E-05 9.99209E-05 0.99887 9.99209E-05 9.99209E-05
9.993E-05 9.993E-05 0.0073256 9.993E-05 0.213913 9.993E-05 9.993E-05 9.993E-05 0.777962 9.993E-05 9.993E-05
9.99298E-05 0.0383699 0.386654 9.99298E-05 9.99298E-05 9.99298E-05 9.99298E-05 9.99298E-05 0.574177 9.99298E-05 9.99298E-05
0.038411 0.0515695 0.151047 9.99473E-05 9.99473E-05 0.0998033 9.99473E-05 9.99473E-05 0.658569 9.99473E-05 9.99473E-05
9.9956E-05 0.0480882 0.203004 9.9956E-05 9.9956E-05 0.0790968 9.9956E-05 0.0482443 0.578577 0.0424896 9.9956E-05
9.99213E-05 9.99213E-05 9.99213E-05 9.99213E-05 0.176788 9.99213E-05 9.99213E-05 9.99213E-05 0.822312 9.99213E-05 9.99213E-05
9.99562E-05 0.018682 0.224305 0.0421661 9.99562E-05 9.99562E-05 9.99562E-05 0.0036178 0.702391 0.00833869 9.99562E-05
9.99385E-05 9.99385E-05 0.105137 9.99385E-05 0.210418 9.99385E-05 9.99385E-05 9.99385E-05 0.479363 0.204383 9.99385E-05
9.99298E-05 9.99298E-05 0.0215078 9.99298E-05 0.208844 9.99298E-05 9.99298E-05 9.99298E-05 0.768849 9.99298E-05 9.99298E-05
0.000291256 0.00434369 0.0725446 9.99473E-05 9.99473E-05 9.99473E-05 9.99473E-05 0.132029 0.790191 9.99473E-05 9.99473E-05
9.99209E-05 9.99209E-05 0.360051 9.99209E-05 9.99209E-05 9.99209E-05 9.99209E-05 9.99209E-05 0.63905 9.99209E-05 9.99209E-05
9.99298E-05 9.99298E-05 0.0492944 9.99298E-05 9.99298E-05 9.99298E-05 0.0975383 9.99298E-05 0.852368 9.99298E-05 9.99298E-05
9.99384E-05 0.0291111 0.177493 9.99384E-05 9.99384E-05 9.99384E-05 9.99384E-05 9.99384E-05 0.741324 0.0513718 9.99384E-05
9.99561E-05 9.99561E-05 0.074218 9.99561E-05 0.111368 0.0395837 0.0210854 9.99561E-05 0.587053 0.166191 9.99561E-05
9.99384E-05 9.99384E-05 0.0202058 9.99384E-05 0.260256 9.99384E-05 9.99384E-05 0.0881295 0.63071 9.99384E-05 9.99384E-05
9.99474E-05 9.99474E-05 0.342989 9.99474E-05 0.166674 0.0228273 9.99474E-05 9.99474E-05 0.450453 9.99474E-05 0.0164567
9.995E-05 0.110606 0.0665395 9.995E-05 0.196007 9.995E-05 0.0739384 9.995E-05 0.481604 0.0708057 9.995E-05
9.99299E-05 9.99299E-05 0.225435 9.99299E-05 0.165834 9.99299E-05 9.99299E-05 9.99299E-05 0.607932 9.99299E-05 9.99299E-05
9.993E-05 9.993E-05 9.993E-05 9.993E-05 0.261462 9.993E-05 9.993E-05 0.00234173 0.735397 9.993E-05 9.993E-05
9.99297E-05 9.99297E-05 0.336407 9.99297E-05 9.99297E-05 0.150024 9.99297E-05 9.99297E-05 0.51277 9.99297E-05 9.99297E-05
9.99472E-05 0.109936 0.0392706 9.99472E-05 0.0242711 0.0668955 9.99472E-05 9.99472E-05 0.759027 9.99472E-05 9.99472E-05
9.9921E-05 9.9921E-05 9.9921E-05 9.9921E-05 9.9921E-05 9.9921E-05 9.9921E-05 0.0485961 0.950505 9.9921E-05 9.9921E-05
9.99473E-05 9.99473E-05 0.113605 9.99473E-05 0.101708 0.0250181 9.99473E-05 9.99473E-05 0.758042 0.00102828 9.99473E-05
9.99736E-05 0.0714907 0.229833 0.0434193 9.99736E-05 0.109768 0.0287048 0.0511183 0.41765 0.0477169 9.99736E-05
