0.257699 9.99385E-05 0.0447144 9.99385E-05 9.99385E-05 9.99385E-05 9.99385E-05 9.99385E-05 0.117275 9.99385E-05 0.422163 0.0744072 0.0830422
0.143828 9.99297E-05 9.99297E-05 9.99297E-05 9.99297E-05 0.0237283 9.99297E-05 9.99297E-05 0.12389 9.99297E-05 0.680986 0.0267685 9.99297E-05
9.99297E-05 9.99297E-05 0.0164539 9.99297E-05 0.0454148 0.0160505 9.99297E-05 9.99297E-05 9.99297E-05 9.99297E-05 0.909936 0.0113452 9.99297E-05
9.99385E-05 0.107512 9.99385E-05 9.99385E-05 0.0896033 9.99385E-05 0.0384351 9.99385E-05 9.99385E-05 0.299864 0.358928 0.104958 9.99385E-05
9.99035E-05 9.99035E-05 9.99035E-05 9.99035E-05 0.152949 9.99035E-05 9.99035E-05 9.99035E-05 9.99035E-05 9.99035E-05 0.845952 9.99035E-05 9.99035E-05
0.191607 9.99561E-05 9.99561E-05 9.99561E-05 0.260803 0.012608 0.144692 9.99561E-05 0.120195 0.0796237 0.172888 9.99561E-05 0.0170842
0.0639356 0.131041 0.0537344 0.0392069 9.99562E-05 9.99562E-05 9.99562E-05 9.99562E-05 0.170676 0.196643 0.336658 0.00760436 9.99562E-05
0.104246 0.0231315 9.99561E-05 0.106619 0.167483 9.99561E-05 0.19149 9.99561E-05 9.99561E-05 0.157642 0.219236 9.99561E-05 0.0296526
9.99473E-05 9.99473E-05 0.158973 9.99473E-05 0.000640664 0.0144439 0.24096 9.99473E-05 0.012916 9.99473E-05 0.316876 0.254591 9.99473E-05
9.99034E-05 9.99034E-05 9.99034E-05 9.99034E-05 9.99034E-05 9.99034E-05 9.99034E-05 9.99034E-05 9.99034E-05 9.99034E-05 0.939136 0.0597653 9.99034E-05
0.0327572 0.148377 0.015633 9.99386E-05 9.99386E-05 9.99386E-05 0.0140861 9.99386E-05 9.99386E-05 9.99386E-05 0.582019 0.206428 9.99386E-05
9.99123E-05 9.99123E-05 9.99123E-05 9.99123E-05 0.0483023 9.99123E-05 9.99123E-05 9.99123E-05 9.99123E-05 0.0441518 0.906547 9.99123E-05 9.99123E-05
9.99123E-05 9.99123E-05 9.99123E-05 9.99123E-05 0.076821 9.99123E-05 9.99123E-05 9.99123E-05 9.99123E-05 9.99123E-05 0.871497 0.0506827 9.99123E-05
9.99298E-05 0.0786344 9.99298E-05 0.0769231 9.99298E-05 9.99298E-05 9.99298E-05 0.122095 9.99298E-05 9.99298E-05 0.682288 0.0392598 9.99298E-05
0.13472 9.99649E-05 0.0649093 9.99649E-05 9.99649E-05 0.0102812 0.14134 0.0516651 0.0517948 0.0102715 0.337985 0.196633 9.99649E-05
0.185489 0.00994008 9.99473E-05 0.0747168 9.99473E-05 9.99473E-05 0.171269 9.99473E-05 9.99473E-05 0.248333 0.213167 0.0964861 9.99473E-05
9.99561E-05 0.0475196 0.018756 0.0219319 9.99561E-05 9.99561E-05 9.99561E-05 0.0350572 0.138928 0.0250186 0.6477 0.0645892 9.99561E-05
0.214155 9.99473E-05 0.012061 9.99473E-05 9.99473E-05 0.122862 0.0683681 9.99473E-05 9.99473E-05 9.99473E-05 0.200277 0.189721 0.191956
0.055824 9.99386E-05 9.99386E-05 9.99386E-05 9.99386E-05 0.035049 0.161602 9.99386E-05 9.99386E-05 0.142454 0.369911 0.23446 9.99386E-05
9.99033E-05 9.99033E-05 9.99033E-05 9.99033E-05 9.99033E-05 0.0483452 9.99033E-05 9.99033E-05 9.99033E-05 9.99033E-05 0.950556 9.99033E-05 9.99033E-05
9.99649E-05 0.0315164 0.033786 0.0353774 0.181967 0.00701061 0.00983996 9.99649E-05 9.99649E-05 0.102174 0.500573 0.0973553 9.99649E-05
9.99298E-05 9.99298E-05 9.99298E-05 9.99298E-05 0.265912 9.99298E-05 0.23815 9.99298E-05 0.00995313 0.132834 0.35235 9.99298E-05 9.99298E-05
0.196896 0.0755782 9.99386E-05 9.99386E-05 9.99386E-05 9.99386E-05 0.0078596 9.99386E-05 0.0317501 9.99386E-05 0.563454 0.123763 9.99386E-05
0.107542 9.99385E-05 0.0925238 0.0530027 9.99385E-05 9.99385E-05 9.99385E-05 9.99385E-05 9.99385E-05 0.0373408 0.417605 0.291286 9.99385E-05
9.99561E-05 0.0573566 0.0257772 9.99561E-05 9.99561E-05 0.10579 0.0943388 0.0373396 9.99561E-05 0.00800698 0.322897 0.347994 9.99561E-05
9.99386E-05 9.99386E-05 9.99386E-05 9.99386E-05 0.0172652 9.99386E-05 0.00307326 0.0109022 9.99386E-05 0.0415456 0.707776 0.218739 9.99386E-05
0.209495 9.99736E-05 9.99736E-05 0.0811629 0.0353442 9.99736E-05 0.0410818 0.155713 0.0106108 0.0689698 0.0650639 0.210362 0.121896
9.99123E-05 9.99123E-05 9.99123E-05 9.99123E-05 9.99123E-05 9.99123E-05 9.99123E-05 9.99123E-05 9.99123E-05 0.103295 0.829904 0.0658021 9.99123E-05
0.18072 9.99298E-05 0.0144427 9.99298E-05 9.99298E-05 0.014877 9.99298E-05 9.99298E-05 9.99298E-05 9.99298E-05 0.57859 0.210571 9.99298E-05
9.9921E-05 9.9921E-05 9.9921E-05 9.9921E-05 9.9921E-05 9.9921E-05 0.0266767 0.0941609 9.9921E-05 9.9921E-05 0.816262 0.0620015 9.9921E-05
0.0935054 0.123107 9.99473E-05 9.99473E-05 9.99473E-05 0.0135627 0.0356222 9.99473E-05 9.99473E-05 0.0151353 0.667224 0.0512438 9.99473E-05
0.0208898 0.0908926 9.99474E-05 9.99474E-05 9.99474E-05 0.0253853 9.99474E-05 0.150882 9.99474E-05 0.12104 0.505097 0.0852133 9.99474E-05
0.0404968 0.12073 9.99385E-05 0.0909945 9.99385E-05 9.99385E-05 0.0215798 9.99385E-05 9.99385E-05 9.99385E-05 0.576056 0.149443 9.99385E-05
9.99473E-05 0.0226165 9.99473E-05 0.0474115 9.99473E-05 9.99473E-05 9.99473E-05 0.138287 9.99473E-05 0.0508191 0.573034 0.137993 0.0292387
9.99298E-05 0.0267482 9.99298E-05 9.99298E-05 9.99298E-05 0.0379644 9.99298E-05 9.99298E-05 0.0810184 9.99298E-05 0.847515 0.00595458 9.99298E-05
9.99474E-05 0.0562412 0.0181814 9.99474E-05 9.99474E-05 9.99474E-05 0.0251999 9.99474E-05 0.0625461 0.0953822 0.736465 0.00538421 9.99474E-05
9.99123E-05 9.99123E-05 9.99123E-05 0.0831124 9.99123E-05 9.99123E-05 9.99123E-05 9.99123E-05 9.99123E-05 0.0177046 0.898184 9.99123E-05 9.99123E-05
9.99298E-05 9.99298E-05 9.99298E-05 9.99298E-05 9.99298E-05 0.0567913 0.13485 9.99298E-05 0.0885065 9.99298E-05 0.64587 0.0731823 9.99298E-05
9.99474E-05 9.99474E-05 9.99474E-05 9.99474E-05 0.0724222 0.0202179 9.99474E-05 0.111381 0.0796731 0.0329539 0.542522 0.14023 9.99474E-05
9.99298E-05 0.00104532 9.99298E-05 0.200018 9.99298E-05 9.99298E-05 9.99298E-05 0.0600255 9.99298E-05 9.99298E-05 0.58617 0.151941 9.99298E-05
9.9921E-05 0.056057 9.9921E-05 9.9921E-05 9.9921E-05 9.9921E-05 9.9921E-05 9.9921E-05 9.9921E-05 0.0781589 0.797357 0.0675282 9.9921E-05
0.146742 9.99299E-05 0.0281644 9.99299E-05 9.99299E-05 9.99299E-05 0.0646316 9.99299E-05 9.99299E-05 9.99299E-05 0.631538 0.128124 9.99299E-05
9.99123E-05 9.99123E-05 9.99123E-05 9.99123E-05 9.99123E-05 9.99123E-05 9.99123E-05 0.0390354 0.0343824 9.99123E-05 0.925583 9.99123E-05 9.99123E-05
0.21361 0.0613135 0.0622009 9.99473E-05 9.99473E-05 9.99473E-05 0.122814 9.99473E-05 0.0105913 9.99473E-05 0.342424 0.186447 9.99473E-05
9.99298E-05 0.0110071 9.99298E-05 9.99298E-05 0.0152433 9.99298E-05 9.99298E-05 9.99298E-05 9.99298E-05 0.335372 0.369197 0.268381 9.99298E-05
9.99297E-05 9.99297E-05 9.99297E-05 9.99297E-05 9.99297E-05 0.101201 0.0132022 9.99297E-05 0.0147632 9.99297E-05 0.816556 9.99297E-05 0.0534779
9.99473E-05 0.0148825 9.99473E-05 9.99473E-05 9.99473E-05 0.0162327 0.0134621 9.99473E-05 9.99473E-05 0.0338999 0.817828 0.0827262 0.0203694
9.99298E-05 9.99298E-05 9.99298E-05 0.000924828 9.99298E-05 0.0486512 9.99298E-05 9.99298E-05 9.99298E-05 0.0466263 0.797114 0.105884 9.99298E-05
0.109781 0.0793902 9.99473E-05 0.0196913 0.00920575 9.99473E-05 9.99473E-05 9.99473E-05 9.99473E-05 0.0224981 0.627725 0.131109 9.99473E-05
9.993E-05 0.0777799 9.993E-05 0.130823 9.993E-05 9.993E-05 0.048163 9.993E-05 9.993E-05 9.993E-05 0.739171 9.993E-05 0.00326288
0.0618705 0.126325 0.0246365 9.99649E-05 0.0108146 9.99649E-05 0.112913 0.033325 9.99649E-05 0.0485432 0.354862 0.226311 9.99649E-05
9.99386E-05 9.99386E-05 0.0948254 0.0169452 9.99386E-05 0.0493514 0.0044594 9.99386E-05 9.99386E-05 0.156027 0.677692 9.99386E-05 9.99386E-05
9.99123E-05 9.99123E-05 9.99123E-05 9.99123E-05 9.99123E-05 9.99123E-05 9.99123E-05 9.99123E-05 9.99123E-05 9.99123E-05 0.944147 0.0102336 0.0446208
9.99562E-05 0.0324157 9.99562E-05 0.17303 0.0584478 0.0245801 0.0540403 9.99562E-05 9.99562E-05 9.99562E-05 0.569107 0.0613242 0.0265551
9.99298E-05 9.99298E-05 9.99298E-05 9.99298E-05 0.0131779 0.028733 9.99298E-05 9.99298E-05 9.99298E-05 0.0501934 0.796055 0.111041 9.99298E-05
0.0511688 0.000793472 9.99386E-05 9.99386E-05 0.0576724 0.0952877 9.99386E-05 0.135671 9.99386E-05 9.99386E-05 0.658707 9.99386E-05 9.99386E-05
9.99297E-05 9.99297E-05 9.99297E-05 0.0389736 0.0245218 9.99297E-05 9.99297E-05 9.99297E-05 9.99297E-05 9.99297E-05 0.776268 0.0771224 0.0823146
9.99123E-05 9.99123E-05 9.99123E-05 9.99123E-05 9.99123E-05 9.99123E-05 9.99123E-05 9.99123E-05 9.99123E-05 0.0968973 0.800692 0.101411 9.99123E-05
9.9921E-05 0.0194218 9.9921E-05 9.9921E-05 9.9921E-05 9.9921E-05 9.9921E-05 9.9921E-05 0.0468336 9.9921E-05 0.884567 0.0482784 9.9921E-05
0.613192 0.0759793 9.99297E-05 9.99297E-05 9.99297E-05 9.99297E-05 0.0677211 9.99297E-05 0.102543 9.99297E-05 9.99297E-05 0.139766 9.99297E-05
0.989566 9.99035E-05 9.99035E-05 9.99035E-05 9.99035E-05 9.99035E-05 9.99035E-05 9.99035E-05 9.99035E-05 0.00933507 9.99035E-05 9.99035E-05 9.99035E-05
0.886253 9.99122E-05 9.99122E-05 9.99122E-05 9.99122E-05 9.99122E-05 0.00174241 9.99122E-05 9.99122E-05 9.99122E-05 9.99122E-05 9.99122E-05 0.111005
0.299191 9.99385E-05 9.99385E-05 9.99385E-05 9.99385E-05 9.99385E-05 0.123782 0.0636543 0.323245 9.99385E-05 9.99385E-05 0.138897 0.0505312
0.5761 0.0369735 9.9956E-05 0.000925079 9.9956E-05 0.0897557 0.0819811 9.9956E-05 9.9956E-05 0.0611252 9.9956E-05 0.128219 0.0244203
0.618805 0.0178192 0.0437574 9.99384E-05 9.99384E-05 9.99384E-05 0.0898441 9.99384E-05 9.99384E-05 9.99384E-05 9.99384E-05 0.206083 0.0229925
0.364086 0.0270483 9.99385E-05 9.99385E-05 9.99385E-05 9.99385E-05 9.99385E-05 9.99385E-05 0.367012 0.0245457 9.99385E-05 0.161007 0.0556009
0.33636 0.0444111 9.99385E-05 9.99385E-05 9.99385E-05 9.99385E-05 0.107738 9.99385E-05 0.219777 9.99385E-05 9.99385E-05 0.0999843 0.19103
0.990285 9.99122E-05 9.99122E-05 9.99122E-05 9.99122E-05 9.99122E-05 9.99122E-05 9.99122E-05 0.00811677 9.99122E-05 9.99122E-05 0.000599419 9.99122E-05
0.892779 0.083029 9.99209E-05 9.99209E-05 9.99209E-05 9.99209E-05 9.99209E-05 9.99209E-05 9.99209E-05 0.00659741 9.99209E-05 0.0166955 9.99209E-05
0.426413 0.175572 9.99296E-05 9.99296E-05 9.99296E-05 9.99296E-05 0.0612825 9.99296E-05 9.99296E-05 9.99296E-05 9.99296E-05 0.329451 0.006481
0.479583 0.0994246 9.99561E-05 0.120616 0.040969 9.99561E-05 9.99561E-05 9.99561E-05 0.0539024 0.123442 9.99561E-05 0.0775293 0.00403395
0.333722 0.0725412 9.99824E-05 0.0277564 0.0751466 0.076953 0.0773119 0.0246266 0.102624 0.0557679 9.99824E-05 0.0775156 0.075835
0.612445 9.99384E-05 0.0163618 0.0352067 9.99384E-05 9.99384E-05 0.0118103 9.99384E-05 0.0568441 9.99384E-05 9.99384E-05 0.266633 9.99384E-05
0.874167 0.0272232 0.0108983 0.0451446 9.99298E-05 9.99298E-05 9.99298E-05 0.0417677 9.99298E-05 9.99298E-05 9.99298E-05 9.99298E-05 9.99298E-05
0.787959 0.060801 9.99299E-05 9.99299E-05 9.99299E-05 9.99299E-05 0.015341 9.99299E-05 9.99299E-05 0.0801546 9.99299E-05 0.0549446 9.99299E-05
0.609548 9.99472E-05 9.99472E-05 0.0291476 0.16269 9.99472E-05 0.03535 9.99472E-05 9.99472E-05 0.0521023 9.99472E-05 0.0808086 0.029754
0.638007 0.158912 9.99209E-05 9.99209E-05 9.99209E-05 9.99209E-05 0.0275824 9.99209E-05 9.99209E-05 0.174599 9.99209E-05 9.99209E-05 9.99209E-05
0.650977 0.060538 9.99385E-05 9.99385E-05 9.99385E-05 9.99385E-05 0.0488313 9.99385E-05 9.99385E-05 0.0839519 9.99385E-05 0.0503675 0.104635
0.503111 9.99296E-05 9.99296E-05 0.115079 9.99296E-05 0.0407336 9.99296E-05 9.99296E-05 9.99296E-05 9.99296E-05 9.99296E-05 0.291905 0.0483716
0.969978 9.99124E-05 9.99124E-05 9.99124E-05 0.00413101 9.99124E-05 9.99124E-05 9.99124E-05 9.99124E-05 9.99124E-05 9.99124E-05 0.0248918 9.99124E-05
0.766481 9.99296E-05 9.99296E-05 9.99296E-05 9.99296E-05 9.99296E-05 9.99296E-05 9.99296E-05 0.032533 0.0769139 9.99296E-05 0.110793 0.0124796
0.565266 9.99297E-05 9.99297E-05 9.99297E-05 9.99297E-05 9.99297E-05 9.99297E-05 0.173871 0.119441 9.99297E-05 9.99297E-05 0.0300198 0.110603
0.632835 0.0564134 9.99297E-05 9.99297E-05 9.99297E-05 9.99297E-05 9.99297E-05 9.99297E-05 9.99297E-05 0.158361 9.99297E-05 0.0681088 0.0834816
0.693553 0.214658 9.99208E-05 9.99208E-05 9.99208E-05 9.99208E-05 0.00503698 9.99208E-05 9.99208E-05 9.99208E-05 9.99208E-05 0.085852 9.99208E-05
0.81264 9.99299E-05 9.99299E-05 9.99299E-05 9.99299E-05 0.0477909 0.0625876 9.99299E-05 0.0554179 9.99299E-05 9.99299E-05 0.0207642 9.99299E-05
0.960703 9.99035E-05 9.99035E-05 9.99035E-05 9.99035E-05 9.99035E-05 9.99035E-05 9.99035E-05 9.99035E-05 9.99035E-05 9.99035E-05 9.99035E-05 0.0381979
0.954374 9.99034E-05 9.99034E-05 9.99034E-05 9.99034E-05 9.99034E-05 9.99034E-05 9.99034E-05 9.99034E-05 9.99034E-05 9.99034E-05 0.0445275 9.99034E-05
0.790063 9.99123E-05 9.99123E-05 9.99123E-05 9.99123E-05 9.99123E-05 9.99123E-05 9.99123E-05 9.99123E-05 9.99123E-05 9.99123E-05 0.0351901 0.173747
0.698232 9.99386E-05 9.99386E-05 9.99386E-05 0.0281614 0.0186898 0.0482606 0.0901255 9.99386E-05 9.99386E-05 9.99386E-05 0.115831 9.99386E-05
9.99209E-05 9.99209E-05 9.99209E-05 9.99209E-05 0.032852 9.99209E-05 0.192114 0.604355 9.99209E-05 9.99209E-05 9.99209E-05 0.169779 9.99209E-05
9.99211E-05 9.99211E-05 9.99211E-05 9.99211E-05 9.99211E-05 9.99211E-05 0.116987 0.812692 9.99211E-05 9.99211E-05 0.0145928 0.0548283 9.99211E-05
9.99297E-05 0.0247763 9.99297E-05 9.99297E-05 0.112975 9.99297E-05 9.99297E-05 0.661975 9.99297E-05 9.99297E-05 9.99297E-05 0.197044 0.00243012
9.99384E-05 0.0853537 9.99384E-05 9.99384E-05 9.99384E-05 0.00385932 0.0730498 0.488542 9.99384E-05 9.99384E-05 9.99384E-05 0.271932 0.0765634
9.99384E-05 9.99384E-05 0.0664961 9.99384E-05 9.99384E-05 0.0327657 0.198834 0.573981 9.99384E-05 9.99384E-05 9.99384E-05 0.10369 0.0235337
9.99209E-05 9.99209E-05 9.99209E-05 9.99209E-05 9.99209E-05 9.99209E-05 0.216041 0.488766 9.99209E-05 0.0604133 9.99209E-05 0.23388 9.99209E-05
9.99297E-05 0.0540896 9.99297E-05 9.99297E-05 9.99297E-05 9.99297E-05 0.187134 0.589343 9.99297E-05 9.99297E-05 9.99297E-05 0.126109 0.0425241
9.99297E-05 9.99297E-05 9.99297E-05 9.99297E-05 9.99297E-05 0.0138475 0.305672 0.553271 9.99297E-05 9.99297E-05 9.99297E-05 0.107078 0.019332
9.99297E-05 0.0260768 9.99297E-05 9.99297E-05 9.99297E-05 9.99297E-05 0.38406 0.219751 0.256272 9.99297E-05 9.99297E-05 0.113041 9.99297E-05
9.99297E-05 9.99297E-05 9.99297E-05 9.99297E-05 9.99297E-05 9.99297E-05 0.275742 0.361073 9.99297E-05 0.0181046 9.99297E-05 0.342197 0.00208405
9.99298E-05 0.0378817 9.99298E-05 9.99298E-05 9.99298E-05 9.99298E-05 0.0418996 0.683605 0.218217 9.99298E-05 9.99298E-05 0.0175972 9.99298E-05
9.99297E-05 0.0554542 9.99297E-05 9.99297E-05 9.99297E-05 0.0194496 9.99297E-05 0.594747 0.20286 9.99297E-05 9.99297E-05 0.12669 9.99297E-05
9.9921E-05 0.0261306 9.9921E-05 9.9921E-05 9.9921E-05 9.9921E-05 0.147501 0.802838 9.9921E-05 9.9921E-05 9.9921E-05 9.9921E-05 0.0226316
9.9921E-05 9.9921E-05 0.0208685 9.9921E-05 9.9921E-05 9.9921E-05 0.173607 0.559927 9.9921E-05 9.9921E-05 9.9921E-05 0.244698 9.9921E-05
9.99473E-05 0.0237125 9.99473E-05 0.0441246 9.99473E-05 0.00620767 0.132706 0.606709 9.99473E-05 9.99473E-05 9.99473E-05 0.0215329 0.164407
9.99473E-05 0.0903545 9.99473E-05 0.0763746 9.99473E-05 0.0329001 0.0332073 0.466199 0.142028 9.99473E-05 9.99473E-05 0.158337 9.99473E-05
9.99297E-05 9.99297E-05 9.99297E-05 9.99297E-05 9.99297E-05 0.0620954 0.0559162 0.491444 0.236464 9.99297E-05 9.99297E-05 0.153281 9.99297E-05
9.99474E-05 0.088541 9.99474E-05 0.0560972 0.0131906 0.0354385 0.180982 0.611384 9.99474E-05 9.99474E-05 9.99474E-05 0.0137677 9.99474E-05
9.99385E-05 0.0307131 9.99385E-05 9.99385E-05 0.0550081 0.0347406 0.0576272 0.81654 0.00467182 9.99385E-05 9.99385E-05 9.99385E-05 9.99385E-05
0.0271429 0.0102675 9.99473E-05 9.99473E-05 9.99473E-05 0.123416 0.145507 0.57326 9.99473E-05 0.0145391 9.99473E-05 0.105267 9.99473E-05
9.99385E-05 9.99385E-05 9.99385E-05 9.99385E-05 0.0747069 9.99385E-05 0.0529774 0.611541 0.0795756 0.064468 9.99385E-05 0.116032 9.99385E-05
9.99385E-05 0.0947162 9.99385E-05 9.99385E-05 9.99385E-05 0.00305156 0.111025 0.631255 9.99385E-05 9.99385E-05 9.99385E-05 0.0663186 0.0929333
9.9956E-05 0.0216283 0.0383734 9.9956E-05 9.9956E-05 0.065323 0.213933 0.251175 0.104049 0.0159033 9.9956E-05 0.289115 9.9956E-05
9.99386E-05 0.0127443 0.0395463 9.99386E-05 9.99386E-05 0.0470746 0.150699 0.695056 9.99386E-05 9.99386E-05 9.99386E-05 0.0541799 9.99386E-05
9.99473E-05 0.00543916 9.99473E-05 9.99473E-05 0.0056209 0.127858 0.274325 0.217056 0.0928445 9.99473E-05 9.99473E-05 0.276256 9.99473E-05
0.00295717 9.99473E-05 9.99473E-05 0.0213563 9.99473E-05 9.99473E-05 0.17535 0.48936 0.146902 9.99473E-05 9.99473E-05 0.155578 0.00789778
9.99124E-05 9.99124E-05 0.101046 9.99124E-05 9.99124E-05 9.99124E-05 9.99124E-05 0.782437 9.99124E-05 9.99124E-05 9.99124E-05 0.115517 9.99124E-05
9.99384E-05 0.0114353 9.99384E-05 9.99384E-05 0.119766 9.99384E-05 0.239784 0.416578 9.99384E-05 0.0712871 9.99384E-05 0.14045 9.99384E-05
9.9921E-05 9.9921E-05 9.9921E-05 9.9921E-05 9.9921E-05 0.00812199 0.302327 0.342585 9.9921E-05 9.9921E-05 9.9921E-05 0.346067 9.9921E-05
9.99386E-05 0.0634717 9.99386E-05 9.99386E-05 9.99386E-05 0.0908718 0.00135524 0.66042 9.99386E-05 9.99386E-05 9.99386E-05 0.153374 0.0298071
9.99298E-05 0.0655127 9.99298E-05 0.0221789 9.99298E-05 9.99298E-05 0.0915746 0.551492 9.99298E-05 9.99298E-05 9.99298E-05 0.268442 9.99298E-05
9.99384E-05 0.0620714 9.99384E-05 0.0243697 9.99384E-05 0.0930993 0.0321326 0.687749 9.99384E-05 9.99384E-05 9.99384E-05 0.0998787 9.99384E-05
9.99385E-05 0.00217271 9.99385E-05 9.99385E-05 0.0720822 0.185429 0.351335 0.188782 9.99385E-05 9.99385E-05 9.99385E-05 0.199499 9.99385E-05
9.99385E-05 0.0117441 9.99385E-05 9.99385E-05 9.99385E-05 0.055291 0.169735 0.517587 9.99385E-05 9.99385E-05 9.99385E-05 0.199952 0.0449918
9.99122E-05 9.99122E-05 9.99122E-05 9.99122E-05 9.99122E-05 9.99122E-05 0.0135479 0.799336 9.99122E-05 9.99122E-05 9.99122E-05 0.186117 9.99122E-05
9.99385E-05 0.0511076 9.99385E-05 0.0269408 9.99385E-05 9.99385E-05 0.0984492 0.669604 0.0810002 0.0721991 9.99385E-05 9.99385E-05 9.99385E-05
9.99296E-05 0.0430519 9.99296E-05 9.99296E-05 9.99296E-05 9.99296E-05 0.237057 0.406909 9.99296E-05 9.99296E-05 9.99296E-05 0.252882 0.0593011
9.99035E-05 9.99035E-05 9.99035E-05 9.99035E-05 9.99035E-05 9.99035E-05 0.0497474 0.949154 9.99035E-05 9.99035E-05 9.99035E-05 9.99035E-05 9.99035E-05
9.99386E-05 0.00010189 9.99386E-05 9.99386E-05 9.99386E-05 0.0121014 0.0308594 0.833375 9.99386E-05 9.99386E-05 9.99386E-05 0.115116 0.00774673
9.99123E-05 9.99123E-05 9.99123E-05 9.99123E-05 0.042791 9.99123E-05 0.034457 0.921753 9.99123E-05 9.99123E-05 9.99123E-05 9.99123E-05 9.99123E-05
9.99298E-05 9.99298E-05 9.99298E-05 9.99298E-05 9.99298E-05 0.075542 9.99298E-05 0.851138 0.00519618 0.0232887 9.99298E-05 9.99298E-05 0.0440353
9.99385E-05 0.0017032 9.99385E-05 9.99385E-05 0.0482034 9.99385E-05 0.132257 0.283575 0.177771 9.99385E-05 9.99385E-05 0.355792 9.99385E-05
9.99209E-05 9.99209E-05 9.99209E-05 9.99209E-05 0.147235 9.99209E-05 0.219928 0.619428 9.99209E-05 9.99209E-05 9.99209E-05 0.0125098 9.99209E-05
9.99211E-05 9.99211E-05 9.99211E-05 9.99211E-05 9.99211E-05 0.0456942 0.116068 0.787399 9.99211E-05 9.99211E-05 9.99211E-05 0.0499398 9.99211E-05
9.9921E-05 0.00289363 9.9921E-05 9.9921E-05 9.9921E-05 9.9921E-05 9.9921E-05 0.841619 9.9921E-05 9.9921E-05 0.129553 0.0250351 9.9921E-05
9.99473E-05 9.99473E-05 9.99473E-05 9.99473E-05 9.99473E-05 0.109692 0.283027 0.188914 0.247624 0.0238056 9.99473E-05 0.0860503 0.0602876
0.122542 0.0452925 9.99385E-05 9.99385E-05 9.99385E-05 9.99385E-05 0.144564 0.45805 9.99385E-05 9.99385E-05 9.99385E-05 0.190993 0.037859
9.99562E-05 0.0154388 0.160255 0.0370809 9.99562E-05 9.99562E-05 0.270122 0.359479 0.0252749 9.99562E-05 9.99562E-05 0.0647826 0.0670672
0.036825 0.00513325 9.99561E-05 9.99561E-05 0.0130775 0.0863259 0.341944 0.225552 9.99561E-05 9.99561E-05 9.99561E-05 0.274207 0.0164356
9.99036E-05 9.99036E-05 9.99036E-05 9.99036E-05 9.99036E-05 9.99036E-05 9.99036E-05 0.979893 9.99036E-05 9.99036E-05 9.99036E-05 0.0190085 9.99036E-05
9.99385E-05 0.0345766 9.99385E-05 0.0238729 9.99385E-05 9.99385E-05 0.0596146 0.342801 9.99385E-05 0.268355 9.99385E-05 0.27008 9.99385E-05
9.99211E-05 9.99211E-05 9.99211E-05 9.99211E-05 9.99211E-05 9.99211E-05 0.0797907 0.800221 0.091111 9.99211E-05 9.99211E-05 0.0279776 9.99211E-05
9.9921E-05 0.0346492 9.9921E-05 9.9921E-05 9.9921E-05 9.9921E-05 0.120112 0.658576 9.9921E-05 9.9921E-05 9.9921E-05 0.185764 9.9921E-05
9.99385E-05 9.99385E-05 9.99385E-05 0.156991 9.99385E-05 9.99385E-05 0.169092 0.531782 0.105294 9.99385E-05 9.99385E-05 0.0259523 0.0101887
9.99384E-05 0.0457653 9.99384E-05 9.99384E-05 9.99384E-05 0.0339008 0.0418768 0.567455 9.99384E-05 0.221116 9.99384E-05 0.0891868 9.99384E-05
9.99209E-05 9.99209E-05 9.99209E-05 9.99209E-05 9.99209E-05 9.99209E-05 0.2765 0.228117 0.259098 9.99209E-05 9.99209E-05 0.235386 9.99209E-05
9.99208E-05 0.0506761 9.99208E-05 9.99208E-05 9.99208E-05 9.99208E-05 0.164946 0.512515 9.99208E-05 9.99208E-05 9.99208E-05 0.270964 9.99208E-05
9.99385E-05 0.13696 9.99385E-05 0.0576992 9.99385E-05 0.0260388 0.11189 0.584875 9.99385E-05 9.99385E-05 9.99385E-05 0.0818379 9.99385E-05
9.99209E-05 9.99209E-05 9.99209E-05 9.99209E-05 9.99209E-05 0.171062 0.0120489 0.66089 9.99209E-05 9.99209E-05 9.99209E-05 0.155099 9.99209E-05
9.9921E-05 9.9921E-05 9.9921E-05 9.9921E-05 9.9921E-05 9.9921E-05 0.199555 0.737449 0.0112782 9.9921E-05 9.9921E-05 0.0508186 9.9921E-05
9.98944E-05 9.98944E-05 9.98944E-05 9.98944E-05 9.98944E-05 9.98944E-05 9.98944E-05 9.98944E-05 9.98944E-05 9.98944E-05 9.98944E-05 0.998801 9.98944E-05
9.98944E-05 9.98944E-05 9.98944E-05 9.98944E-05 9.98944E-05 9.98944E-05 0.998801 9.98944E-05 9.98944E-05 9.98944E-05 9.98944E-05 9.98944E-05 9.98944E-05
9.98944E-05 9.98944E-05 9.98944E-05 9.98944E-05 9.98944E-05 9.98944E-05 9.98944E-05 9.98944E-05 9.98944E-05 9.98944E-05 9.98944E-05 0.998801 9.98944E-05
9.98944E-05 9.98944E-05 9.98944E-05 9.98944E-05 9.98944E-05 9.98944E-05 0.998801 9.98944E-05 9.98944E-05 9.98944E-05 9.98944E-05 9.98944E-05 9.98944E-05
9.98944E-05 9.98944E-05 9.98944E-05 9.98944E-05 9.98944E-05 9.98944E-05 0.998801 9.98944E-05 9.98944E-05 9.98944E-05 9.98944E-05 9.98944E-05 9.98944E-05
9.98945E-05 9.98945E-05 9.98945E-05 9.98945E-05 9.98945E-05 9.98945E-05 0.998801 9.98945E-05 9.98945E-05 9.98945E-05 9.98945E-05 9.98945E-05 9.98945E-05
9.98944E-05 9.98944E-05 9.98944E-05 9.98944E-05 9.98944E-05 9.98944E-05 9.98944E-05 9.98944E-05 9.98944E-05 9.98944E-05 9.98944E-05 0.998801 9.98944E-05
9.98944E-05 9.98944E-05 9.98944E-05 9.98944E-05 9.98944E-05 9.98944E-05 0.998801 9.98944E-05 9.98944E-05 9.98944E-05 9.98944E-05 9.98944E-05 9.98944E-05
9.98944E-05 9.98944E-05 9.98944E-05 9.98944E-05 9.98944E-05 9.98944E-05 0.998801 9.98944E-05 9.98944E-05 9.98944E-05 9.98944E-05 9.98944E-05 9.98944E-05
9.98944E-05 9.98944E-05 9.98944E-05 9.98944E-05 9.98944E-05 9.98944E-05 9.98944E-05 9.98944E-05 9.98944E-05 9.98944E-05 9.98944E-05 0.998801 9.98944E-05
9.98945E-05 9.98945E-05 9.98945E-05 9.98945E-05 9.98945E-05 9.98945E-05 9.98945E-05 9.98945E-05 9.98945E-05 9.98945E-05 9.98945E-05 0.998801 9.98945E-05
9.98944E-05 9.98944E-05 9.98944E-05 9.98944E-05 9.98944E-05 9.98944E-05 9.98944E-05 9.98944E-05 9.98944E-05 9.98944E-05 9.98944E-05 0.998801 9.98944E-05
9.98943E-05 9.98943E-05 9.98943E-05 9.98943E-05 9.98943E-05 9.98943E-05 0.998801 9.98943E-05 9.98943E-05 9.98943E-05 9.98943E-05 9.98943E-05 9.98943E-05
9.98944E-05 9.98944E-05 9.98944E-05 9.98944E-05 9.98944E-05 9.98944E-05 0.998801 9.98944E-05 9.98944E-05 9.98944E-05 9.98944E-05 9.98944E-05 9.98944E-05
9.98945E-05 9.98945E-05 9.98945E-05 9.98945E-05 9.98945E-05 9.98945E-05 9.98945E-05 9.98945E-05 9.98945E-05 9.98945E-05 9.98945E-05 0.998801 9.98945E-05
9.98944E-05 9.98944E-05 9.98944E-05 9.98944E-05 9.98944E-05 9.98944E-05 9.98944E-05 9.98944E-05 9.98944E-05 9.98944E-05 9.98944E-05 0.998801 9.98944E-05
9.99473E-05 9.99473E-05 0.125473 9.99473E-05 9.99473E-05 0.011187 0.163771 0.305656 0.0244367 0.208701 9.99473E-05 0.160176 9.99473E-05
9.98944E-05 9.98944E-05 9.98944E-05 9.98944E-05 9.98944E-05 9.98944E-05 9.98944E-05 9.98944E-05 9.98944E-05 9.98944E-05 9.98944E-05 0.998801 9.98944E-05
9.98944E-05 9.98944E-05 9.98944E-05 9.98944E-05 9.98944E-05 9.98944E-05 0.998801 9.98944E-05 9.98944E-05 9.98944E-05 9.98944E-05 9.98944E-05 9.98944E-05
9.98944E-05 9.98944E-05 9.98944E-05 9.98944E-05 9.98944E-05 9.98944E-05 9.98944E-05 9.98944E-05 9.98944E-05 9.98944E-05 9.98944E-05 0.998801 9.98944E-05
9.98945E-05 9.98945E-05 9.98945E-05 9.98945E-05 9.98945E-05 9.98945E-05 9.98945E-05 9.98945E-05 9.98945E-05 9.98945E-05 9.98945E-05 0.998801 9.98945E-05
9.98944E-05 9.98944E-05 9.98944E-05 9.98944E-05 9.98944E-05 9.98944E-05 9.98944E-05 9.98944E-05 9.98944E-05 9.98944E-05 9.98944E-05 0.998801 9.98944E-05
9.98944E-05 9.98944E-05 9.98944E-05 9.98944E-05 9.98944E-05 9.98944E-05 0.998801 9.98944E-05 9.98944E-05 9.98944E-05 9.98944E-05 9.98944E-05 9.98944E-05
9.98944E-05 9.98944E-05 9.98944E-05 9.98944E-05 9.98944E-05 9.98944E-05 9.98944E-05 9.98944E-05 9.98944E-05 9.98944E-05 9.98944E-05 0.998801 9.98944E-05
9.98943E-05 9.98943E-05 9.98943E-05 9.98943E-05 9.98943E-05 9.98943E-05 0.998801 9.98943E-05 9.98943E-05 9.98943E-05 9.98943E-05 9.98943E-05 9.98943E-05
9.98945E-05 9.98945E-05 9.98945E-05 9.98945E-05 9.98945E-05 9.98945E-05 9.98945E-05 9.98945E-05 9.98945E-05 9.98945E-05 9.98945E-05 0.998801 9.98945E-05
9.98944E-05 9.98944E-05 9.98944E-05 9.98944E-05 9.98944E-05 9.98944E-05 9.98944E-05 9.98944E-05 9.98944E-05 9.98944E-05 9.98944E-05 0.998801 9.98944E-05
9.98944E-05 9.98944E-05 9.98944E-05 9.98944E-05 9.98944E-05 9.98944E-05 0.998801 9.98944E-05 9.98944E-05 9.98944E-05 9.98944E-05 9.98944E-05 9.98944E-05
9.98944E-05 9.98944E-05 9.98944E-05 9.98944E-05 9.98944E-05 9.98944E-05 0.998801 9.98944E-05 9.98944E-05 9.98944E-05 9.98944E-05 9.98944E-05 9.98944E-05
9.98944E-05 9.98944E-05 9.98944E-05 9.98944E-05 9.98944E-05 9.98944E-05 0.998801 9.98944E-05 9.98944E-05 9.98944E-05 9.98944E-05 9.98944E-05 9.98944E-05
9.98945E-05 9.98945E-05 9.98945E-05 9.98945E-05 9.98945E-05 9.98945E-05 9.98945E-05 9.98945E-05 9.98945E-05 9.98945E-05 9.98945E-05 0.998801 9.98945E-05
9.98944E-05 9.98944E-05 9.98944E-05 9.98944E-05 9.98944E-05 9.98944E-05 9.98944E-05 9.98944E-05 9.98944E-05 9.98944E-05 9.98944E-05 0.998801 9.98944E-05
9.98944E-05 9.98944E-05 9.98944E-05 9.98944E-05 9.98944E-05 9.98944E-05 9.98944E-05 9.98944E-05 9.98944E-05 9.98944E-05 9.98944E-05 0.998801 9.98944E-05
9.98944E-05 9.98944E-05 9.98944E-05 9.98944E-05 9.98944E-05 9.98944E-05 9.98944E-05 9.98944E-05 9.98944E-05 9.98944E-05 9.98944E-05 0.998801 9.98944E-05
9.98944E-05 9.98944E-05 9.98944E-05 9.98944E-05 9.98944E-05 9.98944E-05 9.98944E-05 9.98944E-05 9.98944E-05 9.98944E-05 9.98944E-05 0.998801 9.98944E-05
9.98944E-05 9.98944E-05 9.98944E-05 9.98944E-05 9.98944E-05 9.98944E-05 0.998801 9.98944E-05 9.98944E-05 9.98944E-05 9.98944E-05 9.98944E-05 9.98944E-05
9.98945E-05 9.98945E-05 9.98945E-05 9.98945E-05 9.98945E-05 9.98945E-05 0.998801 9.98945E-05 9.98945E-05 9.98945E-05 9.98945E-05 9.98945E-05 9.98945E-05
9.98945E-05 9.98945E-05 9.98945E-05 9.98945E-05 9.98945E-05 9.98945E-05 0.998801 9.98945E-05 9.98945E-05 9.98945E-05 9.98945E-05 9.98945E-05 9.98945E-05
9.98945E-05 9.98945E-05 9.98945E-05 9.98945E-05 9.98945E-05 9.98945E-05 9.98945E-05 9.98945E-05 9.98945E-05 9.98945E-05 9.98945E-05 0.998801 9.98945E-05
9.98944E-05 9.98944E-05 9.98944E-05 9.98944E-05 9.98944E-05 9.98944E-05 0.998801 9.98944E-05 9.98944E-05 9.98944E-05 9.98944E-05 9.98944E-05 9.98944E-05
9.98944E-05 9.98944E-05 9.98944E-05 9.98944E-05 9.98944E-05 9.98944E-05 0.998801 9.98944E-05 9.98944E-05 9.98944E-05 9.98944E-05 9.98944E-05 9.98944E-05
9.98944E-05 9.98944E-05 9.98944E-05 9.98944E-05 9.98944E-05 9.98944E-05 0.998801 9.98944E-05 9.98944E-05 9.98944E-05 9.98944E-05 9.98944E-05 9.98944E-05
9.98943E-05 9.98943E-05 9.98943E-05 9.98943E-05 9.98943E-05 9.98943E-05 0.998801 9.98943E-05 9.98943E-05 9.98943E-05 9.98943E-05 9.98943E-05 9.98943E-05
9.98944E-05 9.98944E-05 9.98944E-05 9.98944E-05 9.98944E-05 9.98944E-05 9.98944E-05 9.98944E-05 9.98944E-05 9.98944E-05 9.98944E-05 0.998801 9.98944E-05
9.98944E-05 9.98944E-05 9.98944E-05 9.98944E-05 9.98944E-05 9.98944E-05 0.998801 9.98944E-05 9.98944E-05 9.98944E-05 9.98944E-05 9.98944E-05 9.98944E-05
9.98944E-05 9.98944E-05 9.98944E-05 9.98944E-05 9.98944E-05 9.98944E-05 0.998801 9.98944E-05 9.98944E-05 9.98944E-05 9.98944E-05 9.98944E-05 9.98944E-05
9.99561E-05 0.0292737 9.99561E-05 9.99561E-05 9.99561E-05 0.0350438 0.123129 0.308853 0.0516154 0.196456 9.99561E-05 0.244854 0.0102764
9.98944E-05 9.98944E-05 9.98944E-05 9.98944E-05 9.98944E-05 9.98944E-05 9.98944E-05 9.98944E-05 9.98944E-05 9.98944E-05 9.98944E-05 0.998801 9.98944E-05
9.98944E-05 9.98944E-05 9.98944E-05 9.98944E-05 9.98944E-05 9.98944E-05 0.998801 9.98944E-05 9.98944E-05 9.98944E-05 9.98944E-05 9.98944E-05 9.98944E-05
9.98945E-05 9.98945E-05 9.98945E-05 9.98945E-05 9.98945E-05 9.98945E-05 0.998801 9.98945E-05 9.98945E-05 9.98945E-05 9.98945E-05 9.98945E-05 9.98945E-05
9.98944E-05 9.98944E-05 9.98944E-05 9.98944E-05 9.98944E-05 9.98944E-05 0.998801 9.98944E-05 9.98944E-05 9.98944E-05 9.98944E-05 9.98944E-05 9.98944E-05
9.98944E-05 9.98944E-05 9.98944E-05 9.98944E-05 9.98944E-05 9.98944E-05 0.998801 9.98944E-05 9.98944E-05 9.98944E-05 9.98944E-05 9.98944E-05 9.98944E-05
9.98944E-05 9.98944E-05 9.98944E-05 9.98944E-05 9.98944E-05 9.98944E-05 9.98944E-05 9.98944E-05 9.98944E-05 9.98944E-05 9.98944E-05 0.998801 9.98944E-05
9.98945E-05 9.98945E-05 9.98945E-05 9.98945E-05 9.98945E-05 9.98945E-05 0.998801 9.98945E-05 9.98945E-05 9.98945E-05 9.98945E-05 9.98945E-05 9.98945E-05
9.98944E-05 9.98944E-05 9.98944E-05 9.98944E-05 9.98944E-05 9.98944E-05 9.98944E-05 9.98944E-05 9.98944E-05 9.98944E-05 9.98944E-05 0.998801 9.98944E-05
9.98944E-05 9.98944E-05 9.98944E-05 9.98944E-05 9.98944E-05 9.98944E-05 0.998801 9.98944E-05 9.98944E-05 9.98944E-05 9.98944E-05 9.98944E-05 9.98944E-05
9.98944E-05 9.98944E-05 9.98944E-05 9.98944E-05 9.98944E-05 9.98944E-05 9.98944E-05 9.98944E-05 9.98944E-05 9.98944E-05 9.98944E-05 0.998801 9.98944E-05
9.98944E-05 9.98944E-05 9.98944E-05 9.98944E-05 9.98944E-05 9.98944E-05 0.998801 9.98944E-05 9.98944E-05 9.98944E-05 9.98944E-05 9.98944E-05 9.98944E-05
9.98943E-05 9.98943E-05 9.98943E-05 9.98943E-05 9.98943E-05 9.98943E-05 0.998801 9.98943E-05 9.98943E-05 9.98943E-05 9.98943E-05 9.98943E-05 9.98943E-05
9.98944E-05 9.98944E-05 9.98944E-05 9.98944E-05 9.98944E-05 9.98944E-05 0.998801 9.98944E-05 9.98944E-05 9.98944E-05 9.98944E-05 9.98944E-05 9.98944E-05
9.98944E-05 9.98944E-05 9.98944E-05 9.98944E-05 9.98944E-05 9.98944E-05 0.998801 9.98944E-05 9.98944E-05 9.98944E-05 9.98944E-05 9.98944E-05 9.98944E-05
9.98945E-05 9.98945E-05 9.98945E-05 9.98945E-05 9.98945E-05 9.98945E-05 0.998801 9.98945E-05 9.98945E-05 9.98945E-05 9.98945E-05 9.98945E-05 9.98945E-05
9.98944E-05 9.98944E-05 9.98944E-05 9.98944E-05 9.98944E-05 9.98944E-05 0.998801 9.98944E-05 9.98944E-05 9.98944E-05 9.98944E-05 9.98944E-05 9.98944E-05
9.98944E-05 9.98944E-05 9.98944E-05 9.98944E-05 9.98944E-05 9.98944E-05 9.98944E-05 9.98944E-05 9.98944E-05 9.98944E-05 9.98944E-05 0.998801 9.98944E-05
9.98943E-05 9.98943E-05 9.98943E-05 9.98943E-05 9.98943E-05 9.98943E-05 9.98943E-05 9.98943E-05 9.98943E-05 9.98943E-05 9.98943E-05 0.998801 9.98943E-05
9.98944E-05 9.98944E-05 9.98944E-05 9.98944E-05 9.98944E-05 9.98944E-05 9.98944E-05 9.98944E-05 9.98944E-05 9.98944E-05 9.98944E-05 0.998801 9.98944E-05
9.98944E-05 9.98944E-05 9.98944E-05 9.98944E-05 9.98944E-05 9.98944E-05 0.998801 9.98944E-05 9.98944E-05 9.98944E-05 9.98944E-05 9.98944E-05 9.98944E-05
9.98944E-05 9.98944E-05 9.98944E-05 9.98944E-05 9.98944E-05 9.98944E-05 9.98944E-05 9.98944E-05 9.98944E-05 9.98944E-05 9.98944E-05 0.998801 9.98944E-05
9.98944E-05 9.98944E-05 9.98944E-05 9.98944E-05 9.98944E-05 9.98944E-05 9.98944E-05 9.98944E-05 9.98944E-05 9.98944E-05 9.98944E-05 0.998801 9.98944E-05
9.98944E-05 9.98944E-05 9.98944E-05 9.98944E-05 9.98944E-05 9.98944E-05 9.98944E-05 9.98944E-05 9.98944E-05 9.98944E-05 9.98944E-05 0.998801 9.98944E-05
9.98944E-05 9.98944E-05 9.98944E-05 9.98944E-05 9.98944E-05 9.98944E-05 0.998801 9.98944E-05 9.98944E-05 9.98944E-05 9.98944E-05 9.98944E-05 9.98944E-05
9.98944E-05 9.98944E-05 9.98944E-05 9.98944E-05 9.98944E-05 9.98944E-05 0.998801 9.98944E-05 9.98944E-05 9.98944E-05 9.98944E-05 9.98944E-05 9.98944E-05
9.98944E-05 9.98944E-05 9.98944E-05 9.98944E-05 9.98944E-05 9.98944E-05 0.998801 9.98944E-05 9.98944E-05 9.98944E-05 9.98944E-05 9.98944E-05 9.98944E-05
9.98944E-05 9.98944E-05 9.98944E-05 9.98944E-05 9.98944E-05 9.98944E-05 9.98944E-05 9.98944E-05 9.98944E-05 9.98944E-05 9.98944E-05 0.998801 9.98944E-05
9.98944E-05 9.98944E-05 9.98944E-05 9.98944E-05 9.98944E-05 9.98944E-05 0.998801 9.98944E-05 9.98944E-05 9.98944E-05 9.98944E-05 9.98944E-05 9.98944E-05
9.98944E-05 9.98944E-05 9.98944E-05 9.98944E-05 9.98944E-05 9.98944E-05 0.998801 9.98944E-05 9.98944E-05 9.98944E-05 9.98944E-05 9.98944E-05 9.98944E-05
9.98944E-05 9.98944E-05 9.98944E-05 9.98944E-05 9.98944E-05 9.98944E-05 9.98944E-05 9.98944E-05 9.98944E-05 9.98944E-05 9.98944E-05 0.998801 9.98944E-05
9.98945E-05 9.98945E-05 9.98945E-05 9.98945E-05 9.98945E-05 9.98945E-05 0.998801 9.98945E-05 9.98945E-05 9.98945E-05 9.98945E-05 9.98945E-05 9.98945E-05
9.98944E-05 9.98944E-05 9.98944E-05 9.98944E-05 9.98944E-05 9.98944E-05 0.998801 9.98944E-05 9.98944E-05 9.98944E-05 9.98944E-05 9.98944E-05 9.98944E-05
9.99473E-05 0.133471 9.99473E-05 0.0756014 9.99473E-05 9.99473E-05 0.0692878 0.161104 0.0229429 9.99473E-05 9.99473E-05 0.409318 0.127675
9.98944E-05 9.98944E-05 9.98944E-05 9.98944E-05 9.98944E-05 9.98944E-05 9.98944E-05 9.98944E-05 9.98944E-05 9.98944E-05 9.98944E-05 0.998801 9.98944E-05
9.98945E-05 9.98945E-05 9.98945E-05 9.98945E-05 9.98945E-05 9.98945E-05 0.998801 9.98945E-05 9.98945E-05 9.98945E-05 9.98945E-05 9.98945E-05 9.98945E-05
9.99386E-05 0.00900016 0.116649 9.99386E-05 9.99386E-05 9.99386E-05 0.446224 0.287588 9.99386E-05 9.99386E-05 9.99386E-05 0.0977603 0.0420801
9.99385E-05 0.000776312 9.99385E-05 9.99385E-05 9.99385E-05 0.0589831 0.297651 0.327973 9.99385E-05 0.0795912 9.99385E-05 0.234327 9.99385E-05
9.99297E-05 9.99297E-05 0.0119581 9.99297E-05 9.99297E-05 9.99297E-05 0.193236 0.325882 0.0686634 9.99297E-05 9.99297E-05 0.399462 9.99297E-05
9.99384E-05 9.99384E-05 9.99384E-05 0.00696974 9.99384E-05 0.00880266 9.99384E-05 0.63026 9.99384E-05 0.169132 9.99384E-05 0.139495 0.0446405
9.99209E-05 9.99209E-05 9.99209E-05 9.99209E-05 9.99209E-05 9.99209E-05 0.272309 0.265421 0.110429 9.99209E-05 9.99209E-05 0.350942 9.99209E-05
0.0203085 9.99125E-05 9.99125E-05 9.99125E-05 9.99125E-05 9.99125E-05 0.131808 0.846884 9.99125E-05 9.99125E-05 9.99125E-05 9.99125E-05 9.99125E-05
9.9921E-05 9.9921E-05 9.9921E-05 9.9921E-05 9.9921E-05 9.9921E-05 0.350401 0.227393 9.9921E-05 0.169027 9.9921E-05 0.252279 9.9921E-05
9.99473E-05 0.0935232 0.0663812 9.99473E-05 9.99473E-05 0.0371342 0.230902 0.461224 9.99473E-05 9.99473E-05 9.99473E-05 0.0500824 0.0601533
9.99123E-05 9.99123E-05 9.99123E-05 9.99123E-05 9.99123E-05 9.99123E-05 0.213636 0.738977 9.99123E-05 9.99123E-05 9.99123E-05 0.046387 9.99123E-05
9.99385E-05 9.99385E-05 0.0397691 0.0517349 0.0918448 9.99385E-05 0.0221293 0.581601 9.99385E-05 9.99385E-05 9.99385E-05 0.212221 9.99385E-05
9.9921E-05 0.149974 9.9921E-05 9.9921E-05 9.9921E-05 9.9921E-05 0.05344 0.59173 9.9921E-05 9.9921E-05 9.9921E-05 0.203956 9.9921E-05
0.0224723 9.99297E-05 9.99297E-05 9.99297E-05 9.99297E-05 9.99297E-05 0.612617 0.273275 9.99297E-05 0.00580731 9.99297E-05 0.0850289 9.99297E-05
0.103244 9.99473E-05 9.99473E-05 0.0578681 9.99473E-05 9.99473E-05 0.268775 0.155294 0.0115703 9.99473E-05 9.99473E-05 0.301568 0.101082
9.99472E-05 9.99472E-05 0.0167533 9.99472E-05 0.000711375 0.0118804 0.0745109 0.66101 9.99472E-05 9.99472E-05 9.99472E-05 0.106151 0.128383
9.99209E-05 0.0643131 9.99209E-05 9.99209E-05 9.99209E-05 9.99209E-05 0.162483 0.496788 9.99209E-05 9.99209E-05 9.99209E-05 0.275516 9.99209E-05
9.99385E-05 0.0508024 9.99385E-05 9.99385E-05 0.087569 9.99385E-05 0.333169 0.271725 0.0921203 9.99385E-05 9.99385E-05 0.163915 9.99385E-05
9.99385E-05 9.99385E-05 0.0908363 9.99385E-05 9.99385E-05 0.0087303 0.184238 0.639073 0.0113518 9.99385E-05 9.99385E-05 0.0650707 9.99385E-05
9.99473E-05 0.107383 0.0324476 0.0763979 9.99473E-05 9.99473E-05 0.121617 0.278143 9.99473E-05 9.99473E-05 9.99473E-05 0.363905 0.0195071
9.99385E-05 0.0386531 9.99385E-05 9.99385E-05 0.0324399 0.109308 0.11704 0.394094 0.307767 9.99385E-05 9.99385E-05 9.99385E-05 9.99385E-05
9.99209E-05 9.99209E-05 0.0734536 9.99209E-05 9.99209E-05 9.99209E-05 0.246682 0.437704 9.99209E-05 9.99209E-05 9.99209E-05 0.241261 9.99209E-05
9.99384E-05 9.99384E-05 9.99384E-05 9.99384E-05 0.0522379 0.0624039 0.15359 0.468595 0.0872749 9.99384E-05 9.99384E-05 0.175199 9.99384E-05
9.99297E-05 9.99297E-05 9.99297E-05 0.032542 0.0822849 9.99297E-05 0.275248 0.591667 0.017458 9.99297E-05 9.99297E-05 9.99297E-05 9.99297E-05
9.99473E-05 0.107005 9.99473E-05 0.117555 9.99473E-05 0.0430014 0.202091 0.31625 9.99473E-05 9.99473E-05 9.99473E-05 0.194807 0.0186914
9.99296E-05 9.99296E-05 9.99296E-05 9.99296E-05 0.080404 9.99296E-05 0.143999 0.581529 9.99296E-05 9.99296E-05 9.99296E-05 0.190922 0.00234603
9.99296E-05 9.99296E-05 0.0103735 9.99296E-05 9.99296E-05 9.99296E-05 0.0685958 0.650107 9.99296E-05 9.99296E-05 9.99296E-05 0.0989231 0.171201
9.99036E-05 9.99036E-05 9.99036E-05 9.99036E-05 9.99036E-05 9.99036E-05 9.99036E-05 0.889989 0.108912 9.99036E-05 9.99036E-05 9.99036E-05 9.99036E-05
9.99384E-05 9.99384E-05 0.0225104 9.99384E-05 0.160795 9.99384E-05 0.0615017 0.505482 0.0851132 9.99384E-05 9.99384E-05 0.163898 9.99384E-05
9.99297E-05 9.99297E-05 0.115595 9.99297E-05 9.99297E-05 9.99297E-05 0.248879 0.316773 9.99297E-05 9.99297E-05 9.99297E-05 0.282769 0.0351848
9.99472E-05 9.99472E-05 0.0268095 0.0152185 0.148496 0.0340224 9.99472E-05 0.633841 9.99472E-05 9.99472E-05 9.99472E-05 0.138871 0.00214245
9.99297E-05 9.99297E-05 9.99297E-05 9.99297E-05 9.99297E-05 0.151091 0.205203 0.449647 9.99297E-05 9.99297E-05 9.99297E-05 0.0787773 0.114482
9.99385E-05 0.022914 9.99385E-05 9.99385E-05 0.169073 9.99385E-05 0.365585 0.203217 0.0730193 9.99385E-05 9.99385E-05 0.165492 9.99385E-05
9.99297E-05 0.045766 9.99297E-05 9.99297E-05 9.99297E-05 9.99297E-05 0.269942 0.526095 0.0390606 9.99297E-05 9.99297E-05 0.118337 9.99297E-05
9.99297E-05 9.99297E-05 9.99297E-05 9.99297E-05 0.0963297 9.99297E-05 0.164087 0.307741 0.278524 9.99297E-05 9.99297E-05 0.152518 9.99297E-05
9.99297E-05 9.99297E-05 9.99297E-05 9.99297E-05 0.155166 9.99297E-05 0.21714 0.383252 9.99297E-05 9.99297E-05 9.99297E-05 0.224143 0.019499
9.99384E-05 0.0825271 9.99384E-05 9.99384E-05 0.0897586 9.99384E-05 0.188467 0.396247 9.99384E-05 9.99384E-05 9.99384E-05 0.172184 0.0701169
9.99298E-05 9.99298E-05 9.99298E-05 9.99298E-05 9.99298E-05 0.0160417 0.104053 0.538878 9.99298E-05 0.0297196 9.99298E-05 0.310509 9.99298E-05
9.98946E-05 9.98946E-05 9.98946E-05 9.98946E-05 9.98946E-05 9.98946E-05 9.98946E-05 0.998801 9.98946E-05 9.98946E-05 9.98946E-05 9.98946E-05 9.98946E-05
0.167873 0.120703 9.9956E-05 0.0239321 9.9956E-05 9.9956E-05 0.0142712 0.343134 0.0488191 0.107671 9.9956E-05 0.173096 9.9956E-05
9.99385E-05 0.0739692 9.99385E-05 0.120028 9.99385E-05 0.0360523 0.0302594 0.662273 9.99385E-05 9.99385E-05 9.99385E-05 0.0767182 9.99385E-05
9.99385E-05 9.99385E-05 9.99385E-05 9.99385E-05 0.203705 9.99385E-05 0.216206 0.371056 0.0211717 0.0668497 9.99385E-05 0.120312 9.99385E-05
9.99296E-05 9.99296E-05 9.99296E-05 9.99296E-05 0.025168 0.0185271 0.129594 0.514795 9.99296E-05 9.99296E-05 9.99296E-05 0.311116 9.99296E-05
9.99385E-05 9.99385E-05 0.0933718 9.99385E-05 0.0864815 9.99385E-05 0.118072 0.562192 0.0756232 9.99385E-05 9.99385E-05 0.0635599 9.99385E-05
9.99473E-05 9.99473E-05 0.0553962 9.99473E-05 0.127535 0.00922331 0.229602 0.36064 9.99473E-05 0.103986 9.99473E-05 0.113017 9.99473E-05
9.99385E-05 9.99385E-05 9.99385E-05 9.99385E-05 0.0475638 9.99385E-05 0.479288 0.181882 0.136441 9.99385E-05 9.99385E-05 0.122214 0.0319118
9.99209E-05 9.99209E-05 9.99209E-05 9.99209E-05 9.99209E-05 9.99209E-05 0.298383 0.179672 0.177862 9.99209E-05 9.99209E-05 0.343184 9.99209E-05
