9.98421E-05 9.98421E-05 9.98421E-05 0.394416 0.0830443 9.98421E-05 0.000657934 9.98421E-05 9.98421E-05 9.98421E-05 9.98421E-05 0.0271081 0.0747413 9.98421E-05 9.98421E-05 9.98421E-05 9.98421E-05 0.385587 9.98421E-05 9.98421E-05 9.98421E-05 9.98421E-05 9.98421E-05 0.0326482 9.98421E-05
9.98246E-05 9.98246E-05 9.98246E-05 0.184518 9.98246E-05 9.98246E-05 9.98246E-05 0.0597489 9.98246E-05 9.98246E-05 9.98246E-05 9.98246E-05 9.98246E-05 9.98246E-05 9.98246E-05 9.98246E-05 9.98246E-05 0.618475 9.98246E-05 9.98246E-05 9.98246E-05 9.98246E-05 0.0743825 0.0608789 9.98246E-05
9.97896E-05 9.97896E-05 9.97896E-05 9.97896E-05 9.97896E-05 9.97896E-05 9.97896E-05 0.997605 9.97896E-05 9.97896E-05 9.97896E-05 9.97896E-05 9.97896E-05 9.97896E-05 9.97896E-05 9.97896E-05 9.97896E-05 9.97896E-05 9.97896E-05 9.97896E-05 9.97896E-05 9.97896E-05 9.97896E-05 9.97896E-05 9.97896E-05
9.98597E-05 9.98597E-05 9.98597E-05 9.98597E-05 0.077376 9.98597E-05 9.98597E-05 9.98597E-05 9.98597E-05 9.98597E-05 9.98597E-05 0.00167628 0.120052 9.98597E-05 0.131347 9.98597E-05 0.0381079 0.137396 9.98597E-05 0.0862764 0.247845 9.98597E-05 0.158326 9.98597E-05 9.98597E-05
9.97983E-05 9.97983E-05 9.97983E-05 9.97983E-05 9.97983E-05 9.97983E-05 9.97983E-05 9.97983E-05 9.97983E-05 9.97983E-05 9.97983E-05 9.97983E-05 9.97983E-05 9.97983E-05 9.97983E-05 9.97983E-05 9.97983E-05 0.963133 0.0345719 9.97983E-05 9.97983E-05 9.97983E-05 9.97983E-05 9.97983E-05 9.97983E-05
9.98509E-05 9.98509E-05 0.156941 0.0459667 9.98509E-05 0.11816 9.98509E-05 0.250318 9.98509E-05 9.98509E-05 9.98509E-05 9.98509E-05 9.98509E-05 9.98509E-05 0.212627 9.98509E-05 9.98509E-05 9.98509E-05 0.0557535 9.98509E-05 9.98509E-05 9.98509E-05 0.0813493 0.0771873 9.98509E-05
9.98684E-05 9.98684E-05 0.111986 0.0978159 0.208964 9.98684E-05 0.04948 0.078709 9.98684E-05 9.98684E-05 9.98684E-05 0.0136038 0.125028 9.98684E-05 9.98684E-05 9.98684E-05 9.98684E-05 0.219401 9.98684E-05 9.98684E-05 0.0846615 9.98684E-05 9.98684E-05 0.00885257 9.98684E-05
9.98772E-05 9.98772E-05 0.0459473 0.0507365 0.173522 0.130113 9.98772E-05 9.98772E-05 9.98772E-05 9.98772E-05 0.0542987 9.98772E-05 9.98772E-05 9.98772E-05 0.0375623 0.0717489 9.98772E-05 9.98772E-05 0.0852276 0.0435049 9.98772E-05 9.98772E-05 0.28888 9.98772E-05 0.0170605
9.98508E-05 9.98508E-05 9.98508E-05 9.98508E-05 9.98508E-05 0.222357 0.10745 9.98508E-05 9.98508E-05 9.98508E-05 9.98508E-05 0.224986 9.98508E-05 9.98508E-05 0.0120625 9.98508E-05 0.0367596 9.98508E-05 9.98508E-05 0.018179 9.98508E-05 9.98508E-05 0.305793 0.0707154 9.98508E-05
9.97982E-05 9.97982E-05 9.97982E-05 9.97982E-05 9.97982E-05 9.97982E-05 9.97982E-05 9.97982E-05 9.97982E-05 9.97982E-05 9.97982E-05 0.0627277 9.97982E-05 9.97982E-05 9.97982E-05 9.97982E-05 9.97982E-05 0.934977 9.97982E-05 9.97982E-05 9.97982E-05 9.97982E-05 9.97982E-05 9.97982E-05 9.97982E-05
9.98333E-05 9.98333E-05 9.98333E-05 0.105557 0.0810595 9.98333E-05 9.98333E-05 9.98333E-05 9.98333E-05 9.98333E-05 9.98333E-05 0.110105 0.105999 9.98333E-05 9.98333E-05 9.98333E-05 9.98333E-05 0.0919735 9.98333E-05 9.98333E-05 9.98333E-05 9.98333E-05 0.503409 9.98333E-05 9.98333E-05
9.97894E-05 9.97894E-05 9.97894E-05 9.97894E-05 9.97894E-05 9.97894E-05 9.97894E-05 0.997605 9.97894E-05 9.97894E-05 9.97894E-05 9.97894E-05 9.97894E-05 9.97894E-05 9.97894E-05 9.97894E-05 9.97894E-05 9.97894E-05 9.97894E-05 9.97894E-05 9.97894E-05 9.97894E-05 9.97894E-05 9.97894E-05 9.97894E-05
9.98158E-05 9.98158E-05 9.98158E-05 9.98158E-05 0.0594514 9.98158E-05 9.98158E-05 9.98158E-05 9.98158E-05 9.98158E-05 9.98158E-05 0.0977601 9.98158E-05 9.98158E-05 9.98158E-05 9.98158E-05 9.98158E-05 0.605071 9.98158E-05 9.98158E-05 9.98158E-05 9.98158E-05 0.235622 9.98158E-05 9.98158E-05
9.98422E-05 9.98422E-05 9.98422E-05 9.98422E-05 9.98422E-05 9.98422E-05 9.98422E-05 0.307189 9.98422E-05 9.98422E-05 0.0150544 0.00293774 0.12962 9.98422E-05 9.98422E-05 9.98422E-05 9.98422E-05 9.98422E-05 0.0185771 9.98422E-05 9.98422E-05 0.209534 0.31529 9.98422E-05 9.98422E-05
0.0245086 9.98685E-05 9.98685E-05 0.157776 0.019435 0.129787 0.0208748 9.98685E-05 9.98685E-05 9.98685E-05 9.98685E-05 0.103156 9.98685E-05 9.98685E-05 0.132491 9.98685E-05 0.00945145 0.124589 9.98685E-05 9.98685E-05 9.98685E-05 9.98685E-05 0.276433 9.98685E-05 9.98685E-05
9.98859E-05 9.98859E-05 0.021733 0.0568487 0.0760373 0.179963 9.98859E-05 9.98859E-05 0.0965266 9.98859E-05 0.0151484 0.0457281 9.98859E-05 9.98859E-05 9.98859E-05 0.0210857 9.98859E-05 0.203628 9.98859E-05 0.0158461 0.101288 9.98859E-05 0.164868 9.98859E-05 9.98859E-05
0.258617 9.98684E-05 9.98684E-05 9.98684E-05 0.0214431 9.98684E-05 9.98684E-05 9.98684E-05 0.0607614 9.98684E-05 9.98684E-05 0.0392515 0.0132909 9.98684E-05 9.98684E-05 0.0257402 9.98684E-05 0.32757 9.98684E-05 9.98684E-05 0.055161 9.98684E-05 0.191643 0.00502345 9.98684E-05
9.98422E-05 0.125508 9.98422E-05 0.163403 0.198329 0.0246894 9.98422E-05 9.98422E-05 9.98422E-05 9.98422E-05 9.98422E-05 0.129623 9.98422E-05 9.98422E-05 9.98422E-05 9.98422E-05 0.144108 0.212543 9.98422E-05 9.98422E-05 9.98422E-05 9.98422E-05 9.98422E-05 9.98422E-05 9.98422E-05
9.98508E-05 9.98508E-05 0.202546 9.98508E-05 0.147835 0.079786 9.98508E-05 0.165599 9.98508E-05 9.98508E-05 9.98508E-05 0.171975 9.98508E-05 9.98508E-05 9.98508E-05 0.0394514 9.98508E-05 0.0551544 9.98508E-05 9.98508E-05 9.98508E-05 9.98508E-05 0.135957 9.98508E-05 9.98508E-05
9.97894E-05 9.97894E-05 9.97894E-05 9.97894E-05 9.97894E-05 9.97894E-05 9.97894E-05 9.97894E-05 9.97894E-05 9.97894E-05 9.97894E-05 9.97894E-05 9.97894E-05 9.97894E-05 9.97894E-05 9.97894E-05 9.97894E-05 9.97894E-05 9.97894E-05 9.97894E-05 9.97894E-05 9.97894E-05 0.997605 9.97894E-05 9.97894E-05
9.98246E-05 9.98246E-05 9.98246E-05 9.98246E-05 9.98246E-05 0.0559507 9.98246E-05 9.98246E-05 9.98246E-05 9.98246E-05 0.167276 0.0749756 9.98246E-05 9.98246E-05 9.98246E-05 9.98246E-05 9.98246E-05 9.98246E-05 9.98246E-05 0.176284 9.98246E-05 9.98246E-05 0.523517 9.98246E-05 9.98246E-05
9.98334E-05 9.98334E-05 0.204932 9.98334E-05 0.173884 0.132983 9.98334E-05 9.98334E-05 9.98334E-05 9.98334E-05 9.98334E-05 9.98334E-05 9.98334E-05 0.051691 9.98334E-05 9.98334E-05 9.98334E-05 0.397438 0.0371749 9.98334E-05 9.98334E-05 9.98334E-05 9.98334E-05 9.98334E-05 9.98334E-05
9.98421E-05 9.98421E-05 9.98421E-05 0.0986317 9.98421E-05 9.98421E-05 9.98421E-05 9.98421E-05 9.98421E-05 9.98421E-05 9.98421E-05 0.0778667 0.00170156 0.0920551 0.0297605 9.98421E-05 9.98421E-05 9.98421E-05 9.98421E-05 9.98421E-05 0.0076691 9.98421E-05 0.690518 9.98421E-05 9.98421E-05
9.98333E-05 9.98333E-05 9.98333E-05 0.071893 0.246731 9.98333E-05 0.0488249 9.98333E-05 9.98333E-05 9.98333E-05 0.0149435 0.257866 9.98333E-05 9.98333E-05 9.98333E-05 9.98333E-05 9.98333E-05 0.357844 9.98333E-05 9.98333E-05 9.98333E-05 9.98333E-05 9.98333E-05 9.98333E-05 9.98333E-05
9.98683E-05 9.98683E-05 9.98683E-05 9.98683E-05 0.0165832 0.0207163 9.98683E-05 0.226208 9.98683E-05 9.98683E-05 0.0661538 0.22638 0.0408602 9.98683E-05 0.210003 9.98683E-05 0.0812631 0.100617 9.98683E-05 9.98683E-05 0.00971836 9.98683E-05 9.98683E-05 9.98683E-05 9.98683E-05
9.98246E-05 9.98246E-05 9.98246E-05 9.98246E-05 9.98246E-05 9.98246E-05 9.98246E-05 9.98246E-05 9.98246E-05 9.98246E-05 9.98246E-05 0.0616264 0.0613449 9.98246E-05 9.98246E-05 0.00265093 9.98246E-05 0.827139 9.98246E-05 9.98246E-05 0.0452419 9.98246E-05 9.98246E-05 9.98246E-05 9.98246E-05
9.98596E-05 0.116851 9.98596E-05 9.98596E-05 0.153957 9.98596E-05 0.0218893 9.98596E-05 0.0464752 9.98596E-05 0.0594591 0.027857 9.98596E-05 0.24452 0.288242 9.98596E-05 9.98596E-05 0.0391513 9.98596E-05 9.98596E-05 9.98596E-05 9.98596E-05 9.98596E-05 9.98596E-05 9.98596E-05
9.98159E-05 9.98159E-05 9.98159E-05 9.98159E-05 0.0886709 9.98159E-05 9.98159E-05 9.98159E-05 9.98159E-05 9.98159E-05 9.98159E-05 0.0379952 9.98159E-05 9.98159E-05 9.98159E-05 9.98159E-05 9.98159E-05 9.98159E-05 9.98159E-05 9.98159E-05 0.00478896 9.98159E-05 0.866449 9.98159E-05 9.98159E-05
9.98511E-05 9.98511E-05 9.98511E-05 0.0108398 0.00621962 9.98511E-05 0.0412162 0.467247 9.98511E-05 9.98511E-05 9.98511E-05 0.216465 9.98511E-05 0.0851841 9.98511E-05 9.98511E-05 9.98511E-05 0.160224 9.98511E-05 9.98511E-05 9.98511E-05 9.98511E-05 9.98511E-05 9.98511E-05 0.0109073
0.0523497 9.98596E-05 0.0199786 9.98596E-05 9.98596E-05 0.0227587 0.0169681 0.649782 9.98596E-05 9.98596E-05 9.98596E-05 0.0366592 0.00207672 9.98596E-05 9.98596E-05 0.00336016 9.98596E-05 9.98596E-05 9.98596E-05 9.98596E-05 9.98596E-05 9.98596E-05 0.194469 9.98596E-05 9.98596E-05
9.98507E-05 9.98507E-05 0.0502045 0.102174 9.98507E-05 0.0200469 9.98507E-05 9.98507E-05 9.98507E-05 9.98507E-05 9.98507E-05 0.00767158 0.0427829 0.0138937 9.98507E-05 9.98507E-05 9.98507E-05 0.0843165 9.98507E-05 9.98507E-05 9.98507E-05 9.98507E-05 0.677213 9.98507E-05 9.98507E-05
9.98596E-05 9.98596E-05 0.0275134 9.98596E-05 0.0276567 9.98596E-05 9.98596E-05 9.98596E-05 9.98596E-05 9.98596E-05 9.98596E-05 0.0762089 0.00575185 9.98596E-05 0.0706954 0.0188168 9.98596E-05 9.98596E-05 9.98596E-05 0.0249282 9.98596E-05 0.113782 0.633049 9.98596E-05 9.98596E-05
9.98508E-05 9.98508E-05 9.98508E-05 0.00909914 0.147833 9.98508E-05 9.98508E-05 0.55914 9.98508E-05 9.98508E-05 0.00975028 0.126363 0.0759571 9.98508E-05 0.0195793 9.98508E-05 9.98508E-05 0.0505803 9.98508E-05 9.98508E-05 9.98508E-05 9.98508E-05 9.98508E-05 9.98508E-05 9.98508E-05
9.98421E-05 0.0662003 9.98421E-05 9.98421E-05 0.0368769 9.98421E-05 9.98421E-05 0.70015 9.98421E-05 9.98421E-05 0.044845 0.0568283 9.98421E-05 9.98421E-05 0.0832582 9.98421E-05 9.98421E-05 9.98421E-05 9.98421E-05 9.98421E-05 9.98421E-05 0.0100439 9.98421E-05 9.98421E-05 9.98421E-05
9.98335E-05 9.98335E-05 0.00842348 9.98335E-05 9.98335E-05 9.98335E-05 9.98335E-05 0.831921 9.98335E-05 9.98335E-05 9.98335E-05 9.98335E-05 0.0211029 0.0155622 9.98335E-05 9.98335E-05 9.98335E-05 9.98335E-05 9.98335E-05 9.98335E-05 9.98335E-05 9.98335E-05 0.0550607 0.0660333 9.98335E-05
9.98421E-05 9.98421E-05 9.98421E-05 9.98421E-05 0.0464615 9.98421E-05 0.0125588 0.384834 9.98421E-05 9.98421E-05 9.98421E-05 9.98421E-05 9.98421E-05 0.103008 9.98421E-05 9.98421E-05 9.98421E-05 0.314424 9.98421E-05 9.98421E-05 0.1338 9.98421E-05 0.00311666 9.98421E-05 9.98421E-05
9.97984E-05 9.97984E-05 0.0125961 9.97984E-05 9.97984E-05 9.97984E-05 9.97984E-05 9.97984E-05 9.97984E-05 9.97984E-05 9.97984E-05 9.97984E-05 9.97984E-05 9.97984E-05 9.97984E-05 9.97984E-05 9.97984E-05 9.97984E-05 9.97984E-05 9.97984E-05 9.97984E-05 9.97984E-05 0.985109 9.97984E-05 9.97984E-05
9.98248E-05 9.98248E-05 9.98248E-05 9.98248E-05 9.98248E-05 0.0883966 9.98248E-05 0.759351 9.98248E-05 9.98248E-05 9.98248E-05 0.0635287 9.98248E-05 9.98248E-05 9.98248E-05 9.98248E-05 9.98248E-05 9.98248E-05 9.98248E-05 9.98248E-05 0.0403656 9.98248E-05 9.98248E-05 0.0463611 9.98248E-05
0.0584671 9.98421E-05 9.98421E-05 9.98421E-05 0.000529563 9.98421E-05 9.98421E-05 0.697942 9.98421E-05 9.98421E-05 9.98421E-05 0.124426 0.00414424 9.98421E-05 9.98421E-05 9.98421E-05 9.98421E-05 9.98421E-05 0.0228525 9.98421E-05 9.98421E-05 9.98421E-05 9.98421E-05 0.0898412 9.98421E-05
9.98334E-05 9.98334E-05 0.0560281 9.98334E-05 9.98334E-05 9.98334E-05 9.98334E-05 0.56851 9.98334E-05 9.98334E-05 0.0290176 0.177062 9.98334E-05 9.98334E-05 0.0729357 9.98334E-05 9.98334E-05 0.0945502 9.98334E-05 9.98334E-05 9.98334E-05 9.98334E-05 9.98334E-05 9.98334E-05 9.98334E-05
9.98071E-05 9.98071E-05 9.98071E-05 9.98071E-05 9.98071E-05 9.98071E-05 9.98071E-05 9.98071E-05 9.98071E-05 9.98071E-05 9.98071E-05 0.034555 0.0526247 9.98071E-05 9.98071E-05 9.98071E-05 9.98071E-05 0.910625 9.98071E-05 9.98071E-05 9.98071E-05 9.98071E-05 9.98071E-05 9.98071E-05 9.98071E-05
9.98247E-05 9.98247E-05 9.98247E-05 9.98247E-05 0.06329 9.98247E-05 9.98247E-05 9.98247E-05 9.98247E-05 9.98247E-05 9.98247E-05 0.0474614 9.98247E-05 0.0775563 9.98247E-05 9.98247E-05 9.98247E-05 0.774875 9.98247E-05 9.98247E-05 9.98247E-05 9.98247E-05 9.98247E-05 0.0348204 9.98247E-05
9.98071E-05 9.98071E-05 9.98071E-05 9.98071E-05 9.98071E-05 9.98071E-05 9.98071E-05 9.98071E-05 9.98071E-05 0.0323272 9.98071E-05 9.98071E-05 9.98071E-05 0.0364137 9.98071E-05 9.98071E-05 9.98071E-05 0.929063 9.98071E-05 9.98071E-05 9.98071E-05 9.98071E-05 9.98071E-05 9.98071E-05 9.98071E-05
9.9842E-05 9.9842E-05 9.9842E-05 0.135069 0.101842 0.0900173 0.0275899 0.491518 9.9842E-05 9.9842E-05 9.9842E-05 0.147445 0.00472207 9.9842E-05 9.9842E-05 9.9842E-05 9.9842E-05 9.9842E-05 9.9842E-05 9.9842E-05 9.9842E-05 9.9842E-05 9.9842E-05 9.9842E-05 9.9842E-05
9.98421E-05 9.98421E-05 0.0383701 9.98421E-05 0.378857 9.98421E-05 9.98421E-05 0.0801251 9.98421E-05 9.98421E-05 9.98421E-05 0.276763 9.98421E-05 9.98421E-05 9.98421E-05 9.98421E-05 9.98421E-05 9.98421E-05 0.00327992 9.98421E-05 0.074136 9.98421E-05 0.146672 9.98421E-05 9.98421E-05
9.98156E-05 9.98156E-05 9.98156E-05 9.98156E-05 9.98156E-05 9.98156E-05 9.98156E-05 0.6032 9.98156E-05 9.98156E-05 9.98156E-05 9.98156E-05 9.98156E-05 9.98156E-05 9.98156E-05 9.98156E-05 0.0318213 0.357741 9.98156E-05 9.98156E-05 0.00514216 9.98156E-05 9.98156E-05 9.98156E-05 9.98156E-05
9.98245E-05 0.0164731 9.98245E-05 9.98245E-05 9.98245E-05 0.00433896 9.98245E-05 9.98245E-05 9.98245E-05 9.98245E-05 9.98245E-05 0.0526245 9.98245E-05 9.98245E-05 9.98245E-05 9.98245E-05 9.98245E-05 0.397095 9.98245E-05 9.98245E-05 9.98245E-05 9.98245E-05 0.527472 9.98245E-05 9.98245E-05
9.97895E-05 9.97895E-05 9.97895E-05 9.97895E-05 9.97895E-05 9.97895E-05 9.97895E-05 0.997605 9.97895E-05 9.97895E-05 9.97895E-05 9.97895E-05 9.97895E-05 9.97895E-05 9.97895E-05 9.97895E-05 9.97895E-05 9.97895E-05 9.97895E-05 9.97895E-05 9.97895E-05 9.97895E-05 9.97895E-05 9.97895E-05 9.97895E-05
9.9842E-05 9.9842E-05 9.9842E-05 0.0247903 0.139292 9.9842E-05 9.9842E-05 0.022507 9.9842E-05 9.9842E-05 9.9842E-05 0.0860477 0.0404247 9.9842E-05 0.0116983 9.9842E-05 9.9842E-05 9.9842E-05 9.9842E-05 9.9842E-05 9.9842E-05 9.9842E-05 0.673443 9.9842E-05 9.9842E-05
9.98161E-05 9.98161E-05 0.0146952 9.98161E-05 9.98161E-05 9.98161E-05 9.98161E-05 9.98161E-05 9.98161E-05 9.98161E-05 9.98161E-05 9.98161E-05 9.98161E-05 9.98161E-05 9.98161E-05 9.98161E-05 9.98161E-05 9.98161E-05 0.0143163 9.98161E-05 9.98161E-05 9.98161E-05 0.853272 9.98161E-05 0.11562
9.98594E-05 9.98594E-05 9.98594E-05 9.98594E-05 9.98594E-05 0.062679 0.0513855 9.98594E-05 0.0378146 9.98594E-05 9.98594E-05 0.12104 0.0994959 0.164774 0.0642114 9.98594E-05 9.98594E-05 9.98594E-05 9.98594E-05 9.98594E-05 0.0188262 9.98594E-05 0.378176 9.98594E-05 9.98594E-05
9.98333E-05 9.98333E-05 9.98333E-05 9.98333E-05 0.12736 9.98333E-05 0.0565563 9.98333E-05 9.98333E-05 9.98333E-05 0.0723878 9.98333E-05 9.98333E-05 9.98333E-05 9.98333E-05 9.98333E-05 0.0222285 0.687869 9.98333E-05 9.98333E-05 0.0317019 9.98333E-05 9.98333E-05 9.98333E-05 9.98333E-05
9.97984E-05 0.0501552 9.97984E-05 9.97984E-05 9.97984E-05 9.97984E-05 9.97984E-05 9.97984E-05 9.97984E-05 9.97984E-05 9.97984E-05 9.97984E-05 9.97984E-05 9.97984E-05 9.97984E-05 9.97984E-05 9.97984E-05 0.947549 9.97984E-05 9.97984E-05 9.97984E-05 9.97984E-05 9.97984E-05 9.97984E-05 9.97984E-05
9.98159E-05 0.0199946 9.98159E-05 9.98159E-05 9.98159E-05 9.98159E-05 9.98159E-05 0.840116 0.0727574 9.98159E-05 0.065036 9.98159E-05 9.98159E-05 9.98159E-05 9.98159E-05 9.98159E-05 9.98159E-05 9.98159E-05 9.98159E-05 9.98159E-05 9.98159E-05 9.98159E-05 9.98159E-05 9.98159E-05 9.98159E-05
9.98423E-05 9.98423E-05 0.0278405 9.98423E-05 9.98423E-05 0.00919653 0.00746636 0.516172 9.98423E-05 9.98423E-05 9.98423E-05 0.0833374 9.98423E-05 9.98423E-05 9.98423E-05 9.98423E-05 9.98423E-05 9.98423E-05 0.0039002 9.98423E-05 9.98423E-05 9.98423E-05 0.350289 9.98423E-05 9.98423E-05
9.98248E-05 9.98248E-05 9.98248E-05 9.98248E-05 9.98248E-05 9.98248E-05 9.98248E-05 0.419168 9.98248E-05 9.98248E-05 9.98248E-05 9.98248E-05 9.98248E-05 9.98248E-05 0.108446 0.0163146 0.0334038 0.420671 9.98248E-05 9.98248E-05 9.98248E-05 9.98248E-05 9.98248E-05 9.98248E-05 9.98248E-05
9.98158E-05 0.0772893 0.0903859 9.98158E-05 9.98158E-05 9.98158E-05 9.98158E-05 9.98158E-05 9.98158E-05 9.98158E-05 0.033029 9.98158E-05 9.98158E-05 9.98158E-05 9.98158E-05 9.98158E-05 9.98158E-05 0.7972 9.98158E-05 9.98158E-05 9.98158E-05 9.98158E-05 9.98158E-05 9.98158E-05 9.98158E-05
9.97984E-05 9.97984E-05 9.97984E-05 9.97984E-05 9.97984E-05 9.97984E-05 9.97984E-05 9.97984E-05 9.97984E-05 9.97984E-05 9.97984E-05 9.97984E-05 9.97984E-05 9.97984E-05 9.97984E-05 9.97984E-05 9.97984E-05 9.97984E-05 9.97984E-05 9.97984E-05 0.0182751 9.97984E-05 0.97943 9.97984E-05 9.97984E-05
9.9807E-05 9.9807E-05 9.9807E-05 9.9807E-05 9.9807E-05 9.9807E-05 9.9807E-05 0.544376 9.9807E-05 9.9807E-05 9.9807E-05 9.9807E-05 9.9807E-05 0.0477165 9.9807E-05 9.9807E-05 9.9807E-05 9.9807E-05 9.9807E-05 9.9807E-05 9.9807E-05 9.9807E-05 0.405712 9.9807E-05 9.9807E-05
9.98332E-05 0.0370258 9.98332E-05 0.73373 0.0160168 0.0451698 9.98332E-05 9.98332E-05 9.98332E-05 9.98332E-05 9.98332E-05 0.128054 0.0381065 9.98332E-05 9.98332E-05 9.98332E-05 9.98332E-05 9.98332E-05 9.98332E-05 9.98332E-05 9.98332E-05 9.98332E-05 9.98332E-05 9.98332E-05 9.98332E-05
9.97986E-05 9.97986E-05 9.97986E-05 0.986102 9.97986E-05 9.97986E-05 0.0116024 9.97986E-05 9.97986E-05 9.97986E-05 9.97986E-05 9.97986E-05 9.97986E-05 9.97986E-05 9.97986E-05 9.97986E-05 9.97986E-05 9.97986E-05 9.97986E-05 9.97986E-05 9.97986E-05 9.97986E-05 9.97986E-05 9.97986E-05 9.97986E-05
9.97983E-05 0.0363682 9.97983E-05 0.961336 9.97983E-05 9.97983E-05 9.97983E-05 9.97983E-05 9.97983E-05 9.97983E-05 9.97983E-05 9.97983E-05 9.97983E-05 9.97983E-05 9.97983E-05 9.97983E-05 9.97983E-05 9.97983E-05 9.97983E-05 9.97983E-05 9.97983E-05 9.97983E-05 9.97983E-05 9.97983E-05 9.97983E-05
9.98421E-05 0.0151255 9.98421E-05 0.34362 9.98421E-05 0.110318 9.98421E-05 9.98421E-05 9.98421E-05 9.98421E-05 9.98421E-05 0.0144402 9.98421E-05 9.98421E-05 0.223517 9.98421E-05 9.98421E-05 9.98421E-05 9.98421E-05 9.98421E-05 9.98421E-05 9.98421E-05 9.98421E-05 0.252757 0.0384247
9.98418E-05 0.0595412 0.0333715 0.620128 0.0458977 0.0920778 9.98418E-05 9.98418E-05 9.98418E-05 9.98418E-05 9.98418E-05 0.077963 9.98418E-05 9.98418E-05 9.98418E-05 9.98418E-05 0.0692237 9.98418E-05 9.98418E-05 9.98418E-05 9.98418E-05 9.98418E-05 9.98418E-05 9.98418E-05 9.98418E-05
9.98242E-05 9.98242E-05 9.98242E-05 0.629179 0.125612 9.98242E-05 9.98242E-05 9.98242E-05 9.98242E-05 9.98242E-05 9.98242E-05 0.208428 9.98242E-05 9.98242E-05 0.031842 0.00294239 9.98242E-05 9.98242E-05 9.98242E-05 9.98242E-05 9.98242E-05 9.98242E-05 9.98242E-05 9.98242E-05 9.98242E-05
9.98243E-05 9.98243E-05 9.98243E-05 0.583739 9.98243E-05 0.0304481 9.98243E-05 9.98243E-05 9.98243E-05 9.98243E-05 0.0186131 0.105805 9.98243E-05 9.98243E-05 9.98243E-05 9.98243E-05 9.98243E-05 9.98243E-05 9.98243E-05 9.98243E-05 9.98243E-05 9.98243E-05 9.98243E-05 0.259398 9.98243E-05
9.98419E-05 0.179463 0.000399767 0.551497 9.98419E-05 0.062961 9.98419E-05 9.98419E-05 9.98419E-05 9.98419E-05 9.98419E-05 0.0510536 9.98419E-05 9.98419E-05 0.0665008 9.98419E-05 9.98419E-05 9.98419E-05 9.98419E-05 9.98419E-05 9.98419E-05 9.98419E-05 9.98419E-05 0.0863274 9.98419E-05
9.9807E-05 9.9807E-05 9.9807E-05 0.925349 9.9807E-05 9.9807E-05 0.0064488 9.9807E-05 9.9807E-05 9.9807E-05 9.9807E-05 9.9807E-05 9.9807E-05 0.0660064 9.9807E-05 9.9807E-05 9.9807E-05 9.9807E-05 9.9807E-05 9.9807E-05 9.9807E-05 9.9807E-05 9.9807E-05 9.9807E-05 9.9807E-05
9.9807E-05 9.9807E-05 9.9807E-05 0.971813 9.9807E-05 0.0167626 9.9807E-05 9.9807E-05 9.9807E-05 9.9807E-05 9.9807E-05 9.9807E-05 0.0092282 9.9807E-05 9.9807E-05 9.9807E-05 9.9807E-05 9.9807E-05 9.9807E-05 9.9807E-05 9.9807E-05 9.9807E-05 9.9807E-05 9.9807E-05 9.9807E-05
9.98506E-05 9.98506E-05 0.0380705 0.522527 9.98506E-05 0.0365844 9.98506E-05 9.98506E-05 0.00215899 9.98506E-05 9.98506E-05 0.264561 0.106301 9.98506E-05 9.98506E-05 0.0236597 0.00443985 9.98506E-05 9.98506E-05 9.98506E-05 9.98506E-05 9.98506E-05 9.98506E-05 9.98506E-05 9.98506E-05
9.98594E-05 9.98594E-05 0.0548082 0.492175 0.0601078 9.98594E-05 9.98594E-05 9.98594E-05 9.98594E-05 9.98594E-05 0.123125 0.114031 0.0424068 9.98594E-05 9.98594E-05 0.0882069 0.00119744 9.98594E-05 9.98594E-05 9.98594E-05 9.98594E-05 9.98594E-05 9.98594E-05 0.0223435 9.98594E-05
9.98419E-05 9.98419E-05 9.98419E-05 0.494284 9.98419E-05 0.101403 9.98419E-05 9.98419E-05 9.98419E-05 9.98419E-05 0.102331 9.98419E-05 0.0970251 9.98419E-05 0.106991 0.075709 9.98419E-05 9.98419E-05 0.0204592 9.98419E-05 9.98419E-05 9.98419E-05 9.98419E-05 9.98419E-05 9.98419E-05
9.98156E-05 9.98156E-05 9.98156E-05 0.554543 0.183224 9.98156E-05 9.98156E-05 9.98156E-05 9.98156E-05 9.98156E-05 9.98156E-05 0.180253 9.98156E-05 9.98156E-05 9.98156E-05 9.98156E-05 9.98156E-05 9.98156E-05 9.98156E-05 9.98156E-05 9.98156E-05 9.98156E-05 9.98156E-05 0.0798833 9.98156E-05
9.98074E-05 9.98074E-05 9.98074E-05 0.941015 9.98074E-05 9.98074E-05 9.98074E-05 9.98074E-05 0.0215728 9.98074E-05 9.98074E-05 9.98074E-05 9.98074E-05 0.0352165 9.98074E-05 9.98074E-05 9.98074E-05 9.98074E-05 9.98074E-05 9.98074E-05 9.98074E-05 9.98074E-05 9.98074E-05 9.98074E-05 9.98074E-05
9.98248E-05 9.98248E-05 9.98248E-05 0.952351 9.98248E-05 0.00296623 9.98248E-05 9.98248E-05 9.98248E-05 9.98248E-05 9.98248E-05 0.010251 9.98248E-05 0.00323514 9.98248E-05 9.98248E-05 9.98248E-05 9.98248E-05 9.98248E-05 9.98248E-05 0.0291997 9.98248E-05 9.98248E-05 9.98248E-05 9.98248E-05
9.98244E-05 0.0530035 0.0943221 0.614509 9.98244E-05 9.98244E-05 9.98244E-05 9.98244E-05 9.98244E-05 9.98244E-05 9.98244E-05 9.98244E-05 9.98244E-05 9.98244E-05 0.139628 9.98244E-05 9.98244E-05 9.98244E-05 9.98244E-05 9.98244E-05 9.98244E-05 9.98244E-05 9.98244E-05 9.98244E-05 0.0965412
9.98419E-05 9.98419E-05 0.0249713 0.668035 0.118393 0.032952 9.98419E-05 9.98419E-05 9.98419E-05 9.98419E-05 9.98419E-05 9.98419E-05 0.0739603 9.98419E-05 9.98419E-05 0.0795432 9.98419E-05 9.98419E-05 9.98419E-05 9.98419E-05 0.000347878 9.98419E-05 9.98419E-05 9.98419E-05 9.98419E-05
9.98245E-05 0.0789871 0.021967 0.834593 9.98245E-05 9.98245E-05 9.98245E-05 9.98245E-05 9.98245E-05 9.98245E-05 9.98245E-05 0.0548729 0.00758317 9.98245E-05 9.98245E-05 9.98245E-05 9.98245E-05 9.98245E-05 9.98245E-05 9.98245E-05 9.98245E-05 9.98245E-05 9.98245E-05 9.98245E-05 9.98245E-05
9.98505E-05 0.0322964 9.98505E-05 0.56893 9.98505E-05 9.98505E-05 9.98505E-05 9.98505E-05 0.00346403 9.98505E-05 9.98505E-05 0.229111 0.0400188 0.0849661 9.98505E-05 0.0256509 0.0138646 9.98505E-05 9.98505E-05 9.98505E-05 9.98505E-05 9.98505E-05 9.98505E-05 9.98505E-05 9.98505E-05
9.97988E-05 9.97988E-05 9.97988E-05 0.983659 9.97988E-05 9.97988E-05 9.97988E-05 0.0140453 9.97988E-05 9.97988E-05 9.97988E-05 9.97988E-05 9.97988E-05 9.97988E-05 9.97988E-05 9.97988E-05 9.97988E-05 9.97988E-05 9.97988E-05 9.97988E-05 9.97988E-05 9.97988E-05 9.97988E-05 9.97988E-05 9.97988E-05
9.98155E-05 9.98155E-05 0.0197874 0.685411 0.276334 9.98155E-05 9.98155E-05 9.98155E-05 9.98155E-05 9.98155E-05 9.98155E-05 0.0163713 9.98155E-05 9.98155E-05 9.98155E-05 9.98155E-05 9.98155E-05 9.98155E-05 9.98155E-05 9.98155E-05 9.98155E-05 9.98155E-05 9.98155E-05 9.98155E-05 9.98155E-05
9.98422E-05 9.98422E-05 9.98422E-05 0.670036 0.0386135 9.98422E-05 9.98422E-05 9.98422E-05 9.98422E-05 0.103952 9.98422E-05 0.0210459 9.98422E-05 0.0161764 0.122242 9.98422E-05 9.98422E-05 9.98422E-05 9.98422E-05 9.98422E-05 9.98422E-05 9.98422E-05 9.98422E-05 0.0261373 9.98422E-05
9.98507E-05 0.0792592 0.108452 0.655979 9.98507E-05 0.0393958 0.0415348 9.98507E-05 9.98507E-05 9.98507E-05 9.98507E-05 0.014252 9.98507E-05 9.98507E-05 0.0551787 9.98507E-05 9.98507E-05 9.98507E-05 9.98507E-05 9.98507E-05 9.98507E-05 9.98507E-05 9.98507E-05 9.98507E-05 0.00425145
9.98068E-05 9.98068E-05 9.98068E-05 0.819342 9.98068E-05 9.98068E-05 9.98068E-05 9.98068E-05 9.98068E-05 9.98068E-05 9.98068E-05 9.98068E-05 0.0739021 9.98068E-05 9.98068E-05 0.10456 9.98068E-05 9.98068E-05 9.98068E-05 9.98068E-05 9.98068E-05 9.98068E-05 9.98068E-05 9.98068E-05 9.98068E-05
9.98336E-05 9.98336E-05 9.98336E-05 0.852638 9.98336E-05 0.0239677 9.98336E-05 0.049943 9.98336E-05 9.98336E-05 9.98336E-05 0.0221592 9.98336E-05 9.98336E-05 9.98336E-05 9.98336E-05 0.0205179 9.98336E-05 9.98336E-05 9.98336E-05 9.98336E-05 9.98336E-05 9.98336E-05 0.0288773 9.98336E-05
9.97897E-05 9.97897E-05 9.97897E-05 0.997605 9.97897E-05 9.97897E-05 9.97897E-05 9.97897E-05 9.97897E-05 9.97897E-05 9.97897E-05 9.97897E-05 9.97897E-05 9.97897E-05 9.97897E-05 9.97897E-05 9.97897E-05 9.97897E-05 9.97897E-05 9.97897E-05 9.97897E-05 9.97897E-05 9.97897E-05 9.97897E-05 9.97897E-05
9.97984E-05 9.97984E-05 9.97984E-05 0.965583 9.97984E-05 9.97984E-05 9.97984E-05 9.97984E-05 9.97984E-05 9.97984E-05 9.97984E-05 0.0321214 9.97984E-05 9.97984E-05 9.97984E-05 9.97984E-05 9.97984E-05 9.97984E-05 9.97984E-05 9.97984E-05 9.97984E-05 9.97984E-05 9.97984E-05 9.97984E-05 9.97984E-05
9.98072E-05 0.0905685 9.98072E-05 0.873362 9.98072E-05 9.98072E-05 9.98072E-05 9.98072E-05 9.98072E-05 9.98072E-05 9.98072E-05 9.98072E-05 9.98072E-05 9.98072E-05 9.98072E-05 0.0338734 9.98072E-05 9.98072E-05 9.98072E-05 9.98072E-05 9.98072E-05 9.98072E-05 9.98072E-05 9.98072E-05 9.98072E-05
9.98334E-05 9.98334E-05 9.98334E-05 0.28239 9.98334E-05 0.0250771 9.98334E-05 0.0245657 9.98334E-05 0.403353 9.98334E-05 0.132433 9.98334E-05 0.130285 9.98334E-05 9.98334E-05 9.98334E-05 9.98334E-05 9.98334E-05 9.98334E-05 9.98334E-05 9.98334E-05 9.98334E-05 9.98334E-05 9.98334E-05
9.98159E-05 9.98159E-05 9.98159E-05 9.98159E-05 9.98159E-05 0.0575208 9.98159E-05 9.98159E-05 9.98159E-05 0.022319 9.98159E-05 0.0846015 9.98159E-05 9.98159E-05 0.833463 9.98159E-05 9.98159E-05 9.98159E-05 9.98159E-05 9.98159E-05 9.98159E-05 9.98159E-05 9.98159E-05 9.98159E-05 9.98159E-05
9.97982E-05 9.97982E-05 9.97982E-05 9.97982E-05 9.97982E-05 9.97982E-05 9.97982E-05 9.97982E-05 9.97982E-05 0.792812 9.97982E-05 9.97982E-05 9.97982E-05 9.97982E-05 0.204893 9.97982E-05 9.97982E-05 9.97982E-05 9.97982E-05 9.97982E-05 9.97982E-05 9.97982E-05 9.97982E-05 9.97982E-05 9.97982E-05
9.98245E-05 0.00520881 9.98245E-05 9.98245E-05 9.98245E-05 9.98245E-05 9.98245E-05 9.98245E-05 9.98245E-05 9.98245E-05 9.98245E-05 0.0900822 9.98245E-05 9.98245E-05 0.798286 9.98245E-05 9.98245E-05 9.98245E-05 0.0252957 9.98245E-05 9.98245E-05 0.079131 9.98245E-05 9.98245E-05 9.98245E-05
9.98243E-05 0.0444894 9.98243E-05 9.98243E-05 9.98243E-05 0.0174201 9.98243E-05 9.98243E-05 9.98243E-05 9.98243E-05 9.98243E-05 0.0225153 0.00378218 9.98243E-05 0.909797 9.98243E-05 9.98243E-05 9.98243E-05 9.98243E-05 9.98243E-05 9.98243E-05 9.98243E-05 9.98243E-05 9.98243E-05 9.98243E-05
9.98157E-05 9.98157E-05 9.98157E-05 9.98157E-05 9.98157E-05 0.0626926 0.00855972 9.98157E-05 9.98157E-05 9.98157E-05 9.98157E-05 9.98157E-05 9.98157E-05 9.98157E-05 0.834773 0.0918783 9.98157E-05 9.98157E-05 9.98157E-05 9.98157E-05 9.98157E-05 9.98157E-05 9.98157E-05 9.98157E-05 9.98157E-05
9.98333E-05 9.98333E-05 9.98333E-05 9.98333E-05 9.98333E-05 0.119022 9.98333E-05 9.98333E-05 9.98333E-05 0.0853962 9.98333E-05 0.157308 9.98333E-05 9.98333E-05 0.517887 9.98333E-05 9.98333E-05 9.98333E-05 9.98333E-05 9.98333E-05 0.0863278 9.98333E-05 9.98333E-05 0.032162 9.98333E-05
9.98419E-05 0.00194845 9.98419E-05 9.98419E-05 0.0327259 0.0725247 9.98419E-05 9.98419E-05 9.98419E-05 9.98419E-05 9.98419E-05 0.0460346 9.98419E-05 9.98419E-05 0.441217 0.0487591 9.98419E-05 9.98419E-05 9.98419E-05 9.98419E-05 9.98419E-05 0.354993 9.98419E-05 9.98419E-05 9.98419E-05
9.98157E-05 9.98157E-05 9.98157E-05 9.98157E-05 9.98157E-05 0.181071 9.98157E-05 9.98157E-05 9.98157E-05 9.98157E-05 9.98157E-05 0.0119371 9.98157E-05 9.98157E-05 0.745071 9.98157E-05 9.98157E-05 9.98157E-05 9.98157E-05 9.98157E-05 9.98157E-05 0.0598254 9.98157E-05 9.98157E-05 9.98157E-05
9.98244E-05 9.98244E-05 9.98244E-05 9.98244E-05 9.98244E-05 0.303926 9.98244E-05 9.98244E-05 9.98244E-05 9.98244E-05 9.98244E-05 0.0464453 9.98244E-05 0.0454904 0.375343 9.98244E-05 9.98244E-05 9.98244E-05 9.98244E-05 9.98244E-05 9.98244E-05 9.98244E-05 9.98244E-05 0.226799 9.98244E-05
9.98245E-05 9.98245E-05 9.98245E-05 9.98245E-05 9.98245E-05 0.143035 9.98245E-05 9.98245E-05 9.98245E-05 9.98245E-05 9.98245E-05 0.2494 9.98245E-05 9.98245E-05 0.503369 9.98245E-05 9.98245E-05 9.98245E-05 9.98245E-05 9.98245E-05 0.0180075 0.0841924 9.98245E-05 9.98245E-05 9.98245E-05
0.43027 9.98333E-05 9.98333E-05 9.98333E-05 9.98333E-05 0.0467294 9.98333E-05 9.98333E-05 9.98333E-05 9.98333E-05 9.98333E-05 9.98333E-05 0.0136493 9.98333E-05 0.200893 9.98333E-05 9.98333E-05 9.98333E-05 9.98333E-05 9.98333E-05 9.98333E-05 0.0488914 9.98333E-05 0.25767 9.98333E-05
0.247024 9.98333E-05 9.98333E-05 9.98333E-05 9.98333E-05 9.98333E-05 9.98333E-05 9.98333E-05 9.98333E-05 9.98333E-05 9.98333E-05 0.0381636 0.0093231 9.98333E-05 0.545187 9.98333E-05 9.98333E-05 9.98333E-05 9.98333E-05 9.98333E-05 9.98333E-05 0.0492106 9.98333E-05 0.109195 9.98333E-05
9.98157E-05 9.98157E-05 9.98157E-05 9.98157E-05 9.98157E-05 0.0397286 9.98157E-05 9.98157E-05 9.98157E-05 9.98157E-05 9.98157E-05 9.98157E-05 9.98157E-05 9.98157E-05 0.440779 9.98157E-05 9.98157E-05 9.98157E-05 9.98157E-05 9.98157E-05 0.0629916 0.454405 9.98157E-05 9.98157E-05 9.98157E-05
9.98246E-05 9.98246E-05 9.98246E-05 9.98246E-05 9.98246E-05 0.0876998 0.00443034 9.98246E-05 9.98246E-05 9.98246E-05 9.98246E-05 0.198245 9.98246E-05 9.98246E-05 0.326741 9.98246E-05 9.98246E-05 9.98246E-05 9.98246E-05 9.98246E-05 9.98246E-05 0.380887 9.98246E-05 9.98246E-05 9.98246E-05
0.0531314 0.0994878 9.9851E-05 9.9851E-05 9.9851E-05 0.050154 9.9851E-05 9.9851E-05 9.9851E-05 0.152152 0.0363018 9.9851E-05 9.9851E-05 9.9851E-05 0.573307 0.0224871 9.9851E-05 9.9851E-05 9.9851E-05 9.9851E-05 9.9851E-05 0.0112812 9.9851E-05 9.9851E-05 9.9851E-05
9.98509E-05 9.98509E-05 9.98509E-05 9.98509E-05 9.98509E-05 9.98509E-05 9.98509E-05 9.98509E-05 9.98509E-05 0.0825566 9.98509E-05 0.0999215 0.0622053 0.0631944 0.610546 9.98509E-05 9.98509E-05 9.98509E-05 9.98509E-05 9.98509E-05 0.0211133 9.98509E-05 9.98509E-05 0.023035 0.0357304
0.123255 9.98334E-05 9.98334E-05 9.98334E-05 9.98334E-05 0.0250846 9.98334E-05 9.98334E-05 9.98334E-05 9.98334E-05 9.98334E-05 0.0501264 9.98334E-05 9.98334E-05 0.491693 9.98334E-05 0.0442389 9.98334E-05 9.98334E-05 9.98334E-05 9.98334E-05 9.98334E-05 9.98334E-05 0.263705 9.98334E-05
0.0911009 9.98511E-05 9.98511E-05 9.98511E-05 0.0975968 0.203389 9.98511E-05 9.98511E-05 9.98511E-05 0.00406547 9.98511E-05 9.98511E-05 9.98511E-05 9.98511E-05 0.532885 9.98511E-05 9.98511E-05 9.98511E-05 0.0307391 9.98511E-05 9.98511E-05 0.0266516 9.98511E-05 9.98511E-05 0.0118741
0.119084 9.98071E-05 9.98071E-05 9.98071E-05 9.98071E-05 9.98071E-05 9.98071E-05 9.98071E-05 9.98071E-05 9.98071E-05 9.98071E-05 9.98071E-05 0.0316803 9.98071E-05 0.84704 9.98071E-05 9.98071E-05 9.98071E-05 9.98071E-05 9.98071E-05 9.98071E-05 9.98071E-05 9.98071E-05 9.98071E-05 9.98071E-05
0.295 9.98422E-05 9.98422E-05 9.98422E-05 9.98422E-05 0.116652 9.98422E-05 9.98422E-05 9.98422E-05 9.98422E-05 9.98422E-05 0.0604234 0.0310332 0.0573966 0.387844 9.98422E-05 0.0498533 9.98422E-05 9.98422E-05 9.98422E-05 9.98422E-05 9.98422E-05 9.98422E-05 9.98422E-05 9.98422E-05
0.0433809 9.98246E-05 9.98246E-05 9.98246E-05 9.98246E-05 9.98246E-05 9.98246E-05 9.98246E-05 9.98246E-05 9.98246E-05 9.98246E-05 0.0490048 9.98246E-05 9.98246E-05 0.745773 9.98246E-05 9.98246E-05 9.98246E-05 9.98246E-05 9.98246E-05 0.0263014 9.98246E-05 9.98246E-05 0.133543 9.98246E-05
0.0576296 9.9807E-05 9.9807E-05 9.9807E-05 9.9807E-05 0.0629055 9.9807E-05 9.9807E-05 9.9807E-05 9.9807E-05 9.9807E-05 9.9807E-05 9.9807E-05 9.9807E-05 0.877269 9.9807E-05 9.9807E-05 9.9807E-05 9.9807E-05 9.9807E-05 9.9807E-05 9.9807E-05 9.9807E-05 9.9807E-05 9.9807E-05
9.98334E-05 9.98334E-05 0.00479304 9.98334E-05 9.98334E-05 0.205351 9.98334E-05 9.98334E-05 9.98334E-05 9.98334E-05 9.98334E-05 0.180972 9.98334E-05 9.98334E-05 0.463566 9.98334E-05 0.0696689 9.98334E-05 9.98334E-05 9.98334E-05 9.98334E-05 9.98334E-05 9.98334E-05 0.0737533 9.98334E-05
0.0613153 9.98246E-05 9.98246E-05 9.98246E-05 9.98246E-05 0.104656 9.98246E-05 9.98246E-05 9.98246E-05 0.0855789 9.98246E-05 9.98246E-05 9.98246E-05 9.98246E-05 0.538259 9.98246E-05 9.98246E-05 9.98246E-05 9.98246E-05 9.98246E-05 9.98246E-05 0.208195 9.98246E-05 9.98246E-05 9.98246E-05
9.98333E-05 9.98333E-05 9.98333E-05 9.98333E-05 9.98333E-05 0.195934 9.98333E-05 9.98333E-05 9.98333E-05 9.98333E-05 9.98333E-05 0.214311 9.98333E-05 9.98333E-05 0.467966 9.98333E-05 0.0241553 9.98333E-05 9.98333E-05 0.0363254 9.98333E-05 9.98333E-05 9.98333E-05 0.0594106 9.98333E-05
9.98332E-05 9.98332E-05 9.98332E-05 0.0750261 9.98332E-05 0.087153 9.98332E-05 9.98332E-05 0.0177728 9.98332E-05 9.98332E-05 0.106503 9.98332E-05 9.98332E-05 9.98332E-05 9.98332E-05 9.98332E-05 9.98332E-05 9.98332E-05 9.98332E-05 9.98332E-05 0.607234 9.98332E-05 0.104415 9.98332E-05
0.3371 9.98422E-05 9.98422E-05 9.98422E-05 9.98422E-05 9.98422E-05 0.115679 9.98422E-05 9.98422E-05 0.433253 9.98422E-05 0.0174155 9.98422E-05 9.98422E-05 0.00814982 9.98422E-05 9.98422E-05 9.98422E-05 9.98422E-05 9.98422E-05 9.98422E-05 0.0536503 9.98422E-05 9.98422E-05 0.0329555
9.98155E-05 9.98155E-05 0.00204227 9.98155E-05 9.98155E-05 0.00173589 9.98155E-05 9.98155E-05 9.98155E-05 9.98155E-05 9.98155E-05 0.150803 9.98155E-05 9.98155E-05 0.843323 9.98155E-05 9.98155E-05 9.98155E-05 9.98155E-05 9.98155E-05 9.98155E-05 9.98155E-05 9.98155E-05 9.98155E-05 9.98155E-05
9.98248E-05 9.98248E-05 9.98248E-05 9.98248E-05 9.98248E-05 0.254851 9.98248E-05 9.98248E-05 9.98248E-05 9.98248E-05 9.98248E-05 0.172717 9.98248E-05 9.98248E-05 0.497254 9.98248E-05 9.98248E-05 9.98248E-05 9.98248E-05 9.98248E-05 9.98248E-05 0.0132251 9.98248E-05 0.0599565 9.98248E-05
9.98333E-05 9.98333E-05 9.98333E-05 9.98333E-05 9.98333E-05 9.98333E-05 9.98333E-05 9.98333E-05 9.98333E-05 0.227992 9.98333E-05 0.0868696 0.0151744 9.98333E-05 0.609508 9.98333E-05 0.0329108 9.98333E-05 0.0256485 9.98333E-05 9.98333E-05 9.98333E-05 9.98333E-05 9.98333E-05 9.98333E-05
9.98334E-05 9.98334E-05 9.98334E-05 9.98334E-05 9.98334E-05 9.98334E-05 9.98334E-05 9.98334E-05 9.98334E-05 9.98334E-05 0.0596074 0.173951 0.0143726 9.98334E-05 0.473953 9.98334E-05 9.98334E-05 9.98334E-05 9.98334E-05 0.0226027 9.98334E-05 0.253616 9.98334E-05 9.98334E-05 9.98334E-05
9.98157E-05 9.98157E-05 9.98157E-05 9.98157E-05 9.98157E-05 9.98157E-05 9.98157E-05 9.98157E-05 0.0602106 9.98157E-05 9.98157E-05 9.98157E-05 9.98157E-05 9.98157E-05 0.681548 9.98157E-05 0.0627523 9.98157E-05 9.98157E-05 9.98157E-05 9.98157E-05 0.193393 9.98157E-05 9.98157E-05 9.98157E-05
9.98244E-05 9.98244E-05 9.98244E-05 9.98244E-05 9.98244E-05 0.27214 9.98244E-05 9.98244E-05 9.98244E-05 9.98244E-05 9.98244E-05 0.122403 9.98244E-05 9.98244E-05 0.386579 9.98244E-05 0.112269 9.98244E-05 0.104612 9.98244E-05 9.98244E-05 9.98244E-05 9.98244E-05 9.98244E-05 9.98244E-05
9.98069E-05 9.98069E-05 9.98069E-05 9.98069E-05 0.13749 9.98069E-05 9.98069E-05 9.98069E-05 9.98069E-05 9.98069E-05 9.98069E-05 0.0456256 9.98069E-05 9.98069E-05 0.814689 9.98069E-05 9.98069E-05 9.98069E-05 9.98069E-05 9.98069E-05 9.98069E-05 9.98069E-05 9.98069E-05 9.98069E-05 9.98069E-05
9.98157E-05 9.98157E-05 9.98157E-05 9.98157E-05 9.98157E-05 9.98157E-05 9.98157E-05 9.98157E-05 9.98157E-05 9.98157E-05 9.98157E-05 0.014316 9.98157E-05 9.98157E-05 0.639242 9.98157E-05 9.98157E-05 9.98157E-05 9.98157E-05 9.98157E-05 0.0222209 0.322125 9.98157E-05 9.98157E-05 9.98157E-05
0.340838 9.98507E-05 9.98507E-05 9.98507E-05 9.98507E-05 0.0219917 9.98507E-05 9.98507E-05 0.00800414 9.98507E-05 9.98507E-05 9.98507E-05 0.0331946 0.102255 0.469397 9.98507E-05 9.98507E-05 9.98507E-05 9.98507E-05 9.98507E-05 0.0163186 0.00630297 9.98507E-05 9.98507E-05 9.98507E-05
9.98156E-05 9.98156E-05 9.98156E-05 9.98156E-05 9.98156E-05 0.0752165 9.98156E-05 9.98156E-05 9.98156E-05 9.98156E-05 9.98156E-05 0.161955 9.98156E-05 9.98156E-05 0.719541 0.0411916 9.98156E-05 9.98156E-05 9.98156E-05 9.98156E-05 9.98156E-05 9.98156E-05 9.98156E-05 9.98156E-05 9.98156E-05
0.507129 9.98332E-05 9.98332E-05 9.98332E-05 9.98332E-05 0.0730531 9.98332E-05 9.98332E-05 9.98332E-05 0.243509 9.98332E-05 9.98332E-05 9.98332E-05 9.98332E-05 0.151541 9.98332E-05 9.98332E-05 9.98332E-05 9.98332E-05 9.98332E-05 0.00147087 0.0214003 9.98332E-05 9.98332E-05 9.98332E-05
9.98509E-05 0.0117856 9.98509E-05 9.98509E-05 9.98509E-05 0.0235309 9.98509E-05 9.98509E-05 9.98509E-05 0.242529 9.98509E-05 0.0191631 0.00409354 9.98509E-05 0.399525 0.0222022 9.98509E-05 9.98509E-05 9.98509E-05 9.98509E-05 9.98509E-05 0.275474 9.98509E-05 9.98509E-05 9.98509E-05
9.9807E-05 9.9807E-05 9.9807E-05 9.9807E-05 9.9807E-05 9.9807E-05 9.9807E-05 9.9807E-05 9.9807E-05 0.42489 9.9807E-05 9.9807E-05 9.9807E-05 9.9807E-05 0.236975 9.9807E-05 9.9807E-05 9.9807E-05 9.9807E-05 9.9807E-05 9.9807E-05 0.335939 9.9807E-05 9.9807E-05 9.9807E-05
0.72122 9.9816E-05 9.9816E-05 9.9816E-05 9.9816E-05 9.9816E-05 9.9816E-05 9.9816E-05 9.9816E-05 9.9816E-05 9.9816E-05 9.9816E-05 9.9816E-05 9.9816E-05 0.244884 9.9816E-05 0.00620911 9.9816E-05 9.9816E-05 9.9816E-05 9.9816E-05 0.0255911 9.9816E-05 9.9816E-05 9.9816E-05
9.98157E-05 9.98157E-05 9.98157E-05 9.98157E-05 9.98157E-05 0.102333 9.98157E-05 9.98157E-05 9.98157E-05 9.98157E-05 9.98157E-05 0.308938 9.98157E-05 9.98157E-05 0.498588 9.98157E-05 9.98157E-05 9.98157E-05 9.98157E-05 9.98157E-05 9.98157E-05 9.98157E-05 9.98157E-05 0.0880445 9.98157E-05
9.98072E-05 9.98072E-05 9.98072E-05 9.98072E-05 9.98072E-05 0.156887 9.98072E-05 9.98072E-05 9.98072E-05 9.98072E-05 9.98072E-05 9.98072E-05 9.98072E-05 0.0747687 0.766148 9.98072E-05 9.98072E-05 9.98072E-05 9.98072E-05 9.98072E-05 9.98072E-05 9.98072E-05 9.98072E-05 9.98072E-05 9.98072E-05
0.549448 9.98509E-05 9.98509E-05 9.98509E-05 9.98509E-05 0.108071 9.98509E-05 0.0148558 9.98509E-05 9.98509E-05 9.98509E-05 0.0702759 9.98509E-05 0.00923442 9.98509E-05 9.98509E-05 0.00711845 9.98509E-05 0.00851089 9.98509E-05 9.98509E-05 0.230788 9.98509E-05 9.98509E-05 9.98509E-05
0.296964 9.97982E-05 9.97982E-05 9.97982E-05 9.97982E-05 9.97982E-05 9.97982E-05 9.97982E-05 9.97982E-05 9.97982E-05 9.97982E-05 9.97982E-05 9.97982E-05 9.97982E-05 9.97982E-05 9.97982E-05 9.97982E-05 9.97982E-05 9.97982E-05 9.97982E-05 9.97982E-05 0.700741 9.97982E-05 9.97982E-05 9.97982E-05
9.9842E-05 0.0374669 9.9842E-05 9.9842E-05 0.189933 0.164222 9.9842E-05 9.9842E-05 9.9842E-05 9.9842E-05 9.9842E-05 9.9842E-05 9.9842E-05 9.9842E-05 0.389718 9.9842E-05 0.0024459 9.9842E-05 9.9842E-05 9.9842E-05 9.9842E-05 9.9842E-05 9.9842E-05 0.164321 0.0500961
9.98508E-05 9.98508E-05 9.98508E-05 0.106394 9.98508E-05 0.112376 9.98508E-05 9.98508E-05 9.98508E-05 9.98508E-05 9.98508E-05 0.0594851 0.0524192 0.0280514 0.31745 0.0488826 9.98508E-05 9.98508E-05 9.98508E-05 9.98508E-05 9.98508E-05 0.273244 9.98508E-05 9.98508E-05 9.98508E-05
0.10593 9.98685E-05 9.98685E-05 9.98685E-05 9.98685E-05 0.147043 0.0749146 9.98685E-05 0.0160742 9.98685E-05 9.98685E-05 0.00814777 9.98685E-05 0.0646171 0.441022 0.0586914 9.98685E-05 9.98685E-05 9.98685E-05 9.98685E-05 9.98685E-05 0.0425213 9.98685E-05 0.0395397 9.98685E-05
9.98247E-05 0.0318615 9.98247E-05 9.98247E-05 0.0399211 0.287979 9.98247E-05 9.98247E-05 9.98247E-05 9.98247E-05 9.98247E-05 0.196172 9.98247E-05 9.98247E-05 0.44207 9.98247E-05 9.98247E-05 9.98247E-05 9.98247E-05 9.98247E-05 9.98247E-05 9.98247E-05 9.98247E-05 9.98247E-05 9.98247E-05
0.125496 9.98157E-05 9.98157E-05 9.98157E-05 9.98157E-05 9.98157E-05 9.98157E-05 9.98157E-05 9.98157E-05 0.461171 9.98157E-05 9.98157E-05 9.98157E-05 9.98157E-05 0.225088 9.98157E-05 9.98157E-05 9.98157E-05 9.98157E-05 9.98157E-05 9.98157E-05 0.186148 9.98157E-05 9.98157E-05 9.98157E-05
9.98245E-05 9.98245E-05 9.98245E-05 9.98245E-05 0.0551584 9.98245E-05 9.98245E-05 9.98245E-05 9.98245E-05 9.98245E-05 9.98245E-05 0.0379822 9.98245E-05 9.98245E-05 0.737709 9.98245E-05 9.98245E-05 9.98245E-05 9.98245E-05 9.98245E-05 0.153931 9.98245E-05 9.98245E-05 9.98245E-05 0.0132237
