0.469021 0.0274092 0.0778874 0.106739 0.00366857 0.140121 9.99824E-05 9.99824E-05 0.174954
0.676689 9.99648E-05 0.0157913 9.99648E-05 0.0436687 0.0265696 9.99648E-05 9.99648E-05 0.236881
0.864524 9.99561E-05 0.0524401 9.99561E-05 9.99561E-05 0.0483432 0.0341927 9.99561E-05 9.99561E-05
0.306522 0.0455056 0.0836285 9.99737E-05 0.0966008 0.133501 0.333942 9.99737E-05 9.99737E-05
0.821562 9.99473E-05 0.0159916 9.99473E-05 9.99473E-05 9.99473E-05 0.161847 9.99473E-05 9.99473E-05
0.23989 0.18631 9.99824E-05 0.0595768 9.99824E-05 0.0434293 0.284782 0.0347021 0.15111
0.305525 9.99649E-05 9.99649E-05 9.99649E-05 0.141958 0.0554757 0.274768 9.99649E-05 0.221873
0.244126 0.160623 9.99825E-05 0.012635 0.0445503 0.0359215 0.397257 9.99825E-05 0.104687
0.286978 0.230156 0.128392 9.99649E-05 9.99649E-05 0.337659 9.99649E-05 9.99649E-05 0.0164158
0.875968 9.99473E-05 9.99473E-05 0.000822223 9.99473E-05 0.122611 9.99473E-05 9.99473E-05 9.99473E-05
0.531573 0.0252428 0.03284 9.99649E-05 0.153959 0.255985 9.99649E-05 9.99649E-05 9.99649E-05
0.88933 9.99561E-05 0.00572174 9.99561E-05 0.036038 9.99561E-05 0.0684105 9.99561E-05 9.99561E-05
0.840444 0.0608622 9.99561E-05 9.99561E-05 9.99561E-05 0.0909747 0.00721912 9.99561E-05 9.99561E-05
0.640019 9.99649E-05 9.99649E-05 9.99649E-05 0.111557 0.0419048 0.00735912 0.19876 9.99649E-05
0.371927 0.161359 0.0152377 9.99824E-05 9.99824E-05 0.210536 0.119857 0.12017 0.00071439
0.257375 0.163652 0.069443 9.99736E-05 9.99736E-05 0.183553 0.301532 9.99736E-05 0.024146
0.574369 9.99737E-05 9.99737E-05 9.99737E-05 0.0584343 0.104546 0.103226 0.0567321 0.102392
0.22149 0.063864 0.22291 0.134005 9.99737E-05 0.302586 0.0548446 9.99737E-05 9.99737E-05
0.34605 0.197202 0.0421239 9.99649E-05 9.99649E-05 0.314474 0.0997502 9.99649E-05 9.99649E-05
0.863403 9.99472E-05 0.100688 9.99472E-05 9.99472E-05 0.0353097 9.99472E-05 9.99472E-05 9.99472E-05
0.481096 0.0762169 0.0168903 9.99737E-05 0.0881847 0.0824922 0.25482 9.99737E-05 9.99737E-05
0.285272 0.286158 9.99649E-05 9.99649E-05 0.0210458 9.99649E-05 0.3823 9.99649E-05 0.0248246
0.575646 0.00416778 0.0211148 9.99824E-05 0.0822159 0.174863 9.99824E-05 0.0287286 0.113064
0.393489 9.99561E-05 9.99561E-05 0.0236104 9.99561E-05 0.366148 0.216253 9.99561E-05 9.99561E-05
0.265483 0.111773 0.143241 9.99736E-05 0.0652205 0.370685 9.99736E-05 0.0432974 9.99736E-05
0.647185 0.0185884 9.99649E-05 9.99649E-05 9.99649E-05 0.236978 0.083635 0.0132133 9.99649E-05
0.065085 9.99912E-05 0.0220858 0.18859 0.0701146 0.200818 0.12651 0.149619 0.177078
0.768921 9.99561E-05 9.99561E-05 9.99561E-05 0.00554955 0.112631 0.112399 9.99561E-05 9.99561E-05
0.62101 9.99561E-05 0.0394362 9.99561E-05 0.024486 0.314568 9.99561E-05 9.99561E-05 9.99561E-05
0.793824 0.04315 9.99737E-05 9.99737E-05 0.0184884 0.0786575 9.99737E-05 0.0550407 0.0105395
0.681809 0.0305862 0.0380115 0.0268946 0.149352 0.0730467 9.99736E-05 9.99736E-05 9.99736E-05
0.486343 9.99737E-05 0.0174122 9.99737E-05 0.0910649 0.114384 0.152143 0.138353 9.99737E-05
0.552345 0.0196846 9.99648E-05 9.99648E-05 0.18686 0.191698 0.0490124 9.99648E-05 9.99648E-05
0.446604 9.99737E-05 9.99737E-05 0.0834445 0.013114 0.134454 0.246217 0.0758667 9.99737E-05
0.788664 0.0150272 0.0411538 9.99737E-05 0.0932475 0.053269 9.99737E-05 9.99737E-05 0.0083389
0.695533 0.0321134 0.0335188 9.99824E-05 0.0312639 0.0337888 0.041527 9.99824E-05 0.132056
0.837884 9.99561E-05 9.99561E-05 9.99561E-05 0.0343772 9.99561E-05 0.111342 9.99561E-05 0.0158969
0.611763 0.165898 0.0796449 9.99649E-05 9.99649E-05 0.101755 9.99649E-05 9.99649E-05 0.0405399
0.516671 9.99825E-05 0.0299344 9.99825E-05 0.00747732 0.157499 0.0942632 0.133421 0.0605343
0.520965 0.0130759 9.99736E-05 9.99736E-05 0.00698528 0.150532 0.20995 0.0981927 9.99736E-05
0.737936 0.0705746 0.000191179 9.99649E-05 0.0924029 0.098495 9.99649E-05 9.99649E-05 9.99649E-05
0.60437 0.0764619 0.0124169 9.99649E-05 9.99649E-05 0.199559 9.99649E-05 9.99649E-05 0.106792
0.872305 9.99561E-05 9.99561E-05 9.99561E-05 9.99561E-05 9.99561E-05 0.0182116 0.0426198 0.066364
0.382291 0.13028 9.99737E-05 0.0372716 0.127995 0.259872 9.99737E-05 9.99737E-05 0.0619915
0.308357 9.99561E-05 9.99561E-05 9.99561E-05 0.0863124 0.333557 0.271274 9.99561E-05 9.99561E-05
0.742246 0.0155888 0.0826696 0.0285857 9.99736E-05 9.99736E-05 0.107535 9.99736E-05 0.023075
0.736319 0.0231516 9.99649E-05 0.0608995 0.0716701 0.10756 9.99649E-05 9.99649E-05 9.99649E-05
0.789207 9.99473E-05 9.99473E-05 0.0518827 9.99473E-05 0.158311 9.99473E-05 9.99473E-05 9.99473E-05
0.661535 9.99561E-05 9.99561E-05 9.99561E-05 0.0695196 0.2116 0.056846 9.99561E-05 9.99561E-05
0.72416 0.0959006 9.9965E-05 0.0470465 0.00968122 9.9965E-05 0.122812 9.9965E-05 9.9965E-05
0.324619 0.0973797 9.99736E-05 9.99736E-05 0.138052 0.290971 0.0924312 0.0562467 9.99736E-05
0.648853 0.0534727 0.114411 9.99561E-05 9.99561E-05 9.99561E-05 0.182763 9.99561E-05 9.99561E-05
0.886026 9.99473E-05 9.99473E-05 0.0624232 9.99473E-05 0.0509511 9.99473E-05 9.99473E-05 9.99473E-05
0.512238 9.99649E-05 0.0733143 9.99649E-05 9.99649E-05 0.0673299 0.257373 0.0893449 9.99649E-05
0.715135 9.99561E-05 0.0651825 9.99561E-05 9.99561E-05 0.10866 0.110522 9.99561E-05 9.99561E-05
0.682094 9.99649E-05 0.0692975 9.99649E-05 0.0713956 9.99649E-05 0.064968 0.111845 9.99649E-05
0.722414 0.0320746 9.99736E-05 0.0600472 0.059217 0.0497577 0.0761901 9.99736E-05 9.99736E-05
0.765703 9.99473E-05 9.99473E-05 9.99473E-05 0.0633219 0.170375 9.99473E-05 9.99473E-05 9.99473E-05
0.838802 0.0487402 9.99649E-05 0.0148229 0.0751091 0.0221259 9.99649E-05 9.99649E-05 9.99649E-05
0.0797455 0.0515089 9.99737E-05 0.102652 0.0817181 0.342301 9.99737E-05 9.99737E-05 0.341775
0.300619 9.9965E-05 9.9965E-05 0.045952 9.9965E-05 0.0719894 0.169355 9.9965E-05 0.411685
0.373183 0.0550827 9.99825E-05 0.185818 0.0260428 0.00534789 9.99825E-05 0.0470079 0.307318
9.99737E-05 0.137868 9.99737E-05 0.0905369 0.0173959 0.158615 9.99737E-05 0.099349 0.495935
0.0675311 0.0751168 0.0636935 0.204902 0.0286689 0.196614 0.200261 9.99912E-05 0.163113
9.99649E-05 0.0909019 9.99649E-05 0.0990191 0.145274 0.398492 9.99649E-05 9.99649E-05 0.265914
9.99649E-05 0.0449964 9.99649E-05 0.0394753 0.0978606 0.306353 9.99649E-05 9.99649E-05 0.510915
9.99824E-05 0.110559 9.99824E-05 0.243051 0.0097356 0.253289 0.000149473 0.000668973 0.382347
0.156671 9.99649E-05 9.99649E-05 0.110316 9.99649E-05 0.214586 9.99649E-05 0.0458952 0.472131
0.275385 0.0429236 9.99737E-05 9.99737E-05 0.224484 0.106153 0.0284088 9.99737E-05 0.322346
9.99649E-05 0.0879892 9.99649E-05 0.0360962 0.232526 0.499541 9.99649E-05 9.99649E-05 0.143448
0.00914525 9.99737E-05 9.99737E-05 0.0329944 0.140082 0.201918 0.340923 9.99737E-05 0.274638
0.0161658 0.119923 9.99912E-05 0.0165206 0.130519 0.165411 0.271591 0.0373923 0.242378
9.99649E-05 0.0178515 9.99649E-05 9.99649E-05 0.00601834 0.455432 0.215874 9.99649E-05 0.304425
0.213531 9.99737E-05 9.99737E-05 9.99737E-05 0.0872848 0.172385 0.0875518 0.120218 0.318729
0.213553 0.0172383 0.0107836 9.99825E-05 0.167012 0.264375 9.99825E-05 0.079355 0.247483
9.99737E-05 0.00452654 9.99737E-05 0.0790327 9.99737E-05 0.280075 0.369757 0.0120054 0.254304
0.0678809 0.08983 0.0122868 0.0222897 0.28763 0.181177 0.0855075 9.99912E-05 0.253298
0.198121 0.0333523 9.99825E-05 0.172398 0.16281 0.196036 0.064064 9.99825E-05 0.173018
9.99736E-05 9.99736E-05 0.0246917 0.0973162 0.0272041 0.468621 0.185629 9.99736E-05 0.196239
0.320167 9.99737E-05 9.99737E-05 0.0312422 0.0275325 0.176503 0.0777355 9.99737E-05 0.36652
0.084111 9.99736E-05 9.99736E-05 0.082887 0.00140291 0.308342 0.13891 9.99736E-05 0.384047
0.0906331 9.99825E-05 0.000222803 0.0733019 0.0509684 0.197988 9.99825E-05 0.212885 0.373802
0.0954243 0.0671453 9.99912E-05 0.150294 0.0405351 0.130294 0.340716 0.059344 0.116147
0.260002 0.091245 9.99649E-05 9.99649E-05 0.351881 0.293495 9.99649E-05 9.99649E-05 0.0029773
0.333867 0.0979033 0.049941 9.99825E-05 0.00691352 0.149235 9.99825E-05 0.00276654 0.359174
0.369438 9.99825E-05 9.99825E-05 0.146321 0.0132086 0.118387 0.0571892 0.0132832 0.281973
0.207349 9.99737E-05 0.00280096 0.0361778 9.99737E-05 0.243791 0.121174 9.99737E-05 0.388407
0.228985 0.0330805 9.99825E-05 0.256062 9.99825E-05 0.236404 0.0305292 0.0944381 0.120301
0.282734 0.0509522 9.99825E-05 9.99825E-05 0.0270875 0.186382 0.158325 0.0895267 0.204793
9.9956E-05 0.200133 9.9956E-05 9.9956E-05 0.00229703 0.185868 9.9956E-05 0.611202 9.9956E-05
9.99386E-05 0.0421361 9.99386E-05 9.99386E-05 9.99386E-05 9.99386E-05 9.99386E-05 0.957164 9.99386E-05
9.99736E-05 0.0239134 9.99736E-05 0.0129841 0.0660224 0.23793 0.0308826 0.627967 9.99736E-05
9.99736E-05 0.0735084 0.00123082 0.068394 0.0832478 0.271964 9.99736E-05 0.501355 9.99736E-05
9.99824E-05 0.195351 0.0184662 0.070736 0.027827 0.090879 0.0290837 0.567457 9.99824E-05
9.99561E-05 0.208478 9.99561E-05 9.99561E-05 9.99561E-05 0.240407 9.99561E-05 0.500823 0.0497926
9.99648E-05 0.127674 9.99648E-05 0.0557973 0.0975177 0.170071 9.99648E-05 0.548541 9.99648E-05
9.99736E-05 0.27821 0.020436 0.0141344 0.00756688 0.095954 9.99736E-05 0.583399 9.99736E-05
9.99648E-05 0.385596 9.99648E-05 9.99648E-05 0.0170004 0.0824321 9.99648E-05 0.194868 0.319703
9.99648E-05 0.319813 9.99648E-05 0.0306052 9.99648E-05 0.341602 0.00293763 0.304642 9.99648E-05
9.99649E-05 0.0564141 9.99649E-05 9.99649E-05 0.0317067 0.0199773 9.99649E-05 0.689535 0.201967
9.99561E-05 9.99561E-05 9.99561E-05 9.99561E-05 0.0924262 0.126074 9.99561E-05 0.633457 0.147543
9.99385E-05 0.196364 9.99385E-05 9.99385E-05 9.99385E-05 9.99385E-05 9.99385E-05 0.802936 9.99385E-05
9.99473E-05 0.172081 9.99473E-05 9.99473E-05 9.99473E-05 0.310101 9.99473E-05 0.517218 9.99473E-05
9.99736E-05 0.118925 0.0184497 0.171561 0.0372908 9.99736E-05 0.0726573 0.580816 9.99736E-05
9.99824E-05 0.0337048 0.0526635 9.99824E-05 0.0947408 0.160105 0.0367381 0.456217 0.16563
9.99736E-05 0.0583286 0.0400349 0.028098 9.99736E-05 0.160925 9.99736E-05 0.497879 0.214434
9.99649E-05 0.179911 0.00438542 9.99649E-05 0.048309 9.99649E-05 0.101584 0.665411 9.99649E-05
9.99648E-05 0.0670584 0.0245227 9.99648E-05 0.0468311 9.99648E-05 0.0369726 0.824215 9.99648E-05
9.996E-05 0.156888 0.122407 9.996E-05 0.0140476 0.125059 9.996E-05 0.581199 9.996E-05
9.996E-05 0.0714381 9.996E-05 9.996E-05 9.996E-05 0.127159 0.118619 0.648436 0.033948
9.99736E-05 0.103081 0.00711621 0.0750533 0.108871 0.0745219 9.99736E-05 0.631056 9.99736E-05
9.99736E-05 0.219285 0.0582216 9.99736E-05 9.99736E-05 0.299038 0.081176 0.315926 0.0260538
9.99649E-05 0.207104 0.014029 9.99649E-05 0.0282842 0.0549813 9.99649E-05 0.695201 9.99649E-05
9.99648E-05 0.278695 0.0866157 9.99648E-05 9.99648E-05 0.280804 9.99648E-05 0.299366 0.0541194
9.99561E-05 0.161594 9.99561E-05 9.99561E-05 9.99561E-05 0.244281 9.99561E-05 0.433823 0.159803
0.000337617 9.99562E-05 0.0944583 9.99562E-05 9.99562E-05 0.0666721 9.99562E-05 0.838032 9.99562E-05
9.9956E-05 0.202795 9.9956E-05 9.9956E-05 9.9956E-05 0.192867 0.151962 0.451876 9.9956E-05
9.99473E-05 0.324911 9.99473E-05 9.99473E-05 9.99473E-05 0.305677 9.99473E-05 0.368812 9.99473E-05
9.99737E-05 0.00396488 0.0808309 0.0163916 0.0720713 0.165158 9.99737E-05 0.661283 9.99737E-05
9.99649E-05 0.0911473 9.99649E-05 9.99649E-05 0.0724859 0.286788 9.99649E-05 0.542041 0.00713756
9.99736E-05 0.0215604 0.102549 0.0199646 0.00691539 0.17387 9.99736E-05 0.674841 9.99736E-05
9.99648E-05 0.364439 0.219638 9.99648E-05 0.0164023 0.192266 9.99648E-05 0.206855 9.99648E-05
9.99648E-05 0.15569 0.0673087 9.99648E-05 0.0177751 0.268964 9.99648E-05 0.489862 9.99648E-05
9.99473E-05 0.01655 9.99473E-05 9.99473E-05 9.99473E-05 0.199538 9.99473E-05 0.783313 9.99473E-05
9.99648E-05 0.0981538 9.99648E-05 9.99648E-05 0.111283 9.99648E-05 0.0230203 0.658811 0.108332
9.99648E-05 0.230231 9.99648E-05 0.0190868 0.0494938 0.318215 9.99648E-05 0.382573 9.99648E-05
9.99386E-05 0.0470708 9.99386E-05 9.99386E-05 9.99386E-05 9.99386E-05 9.99386E-05 0.95223 9.99386E-05
9.99561E-05 0.031434 0.00653886 9.99561E-05 9.99561E-05 0.106198 9.99561E-05 0.855329 9.99561E-05
9.99386E-05 0.0278692 9.99386E-05 9.99386E-05 9.99386E-05 9.99386E-05 9.99386E-05 0.971431 9.99386E-05
9.99474E-05 9.99474E-05 0.0947209 0.0326929 9.99474E-05 9.99474E-05 9.99474E-05 0.871987 9.99474E-05
9.99736E-05 0.151487 0.0453986 9.99736E-05 0.022362 0.365788 9.99736E-05 0.252349 0.162315
9.99561E-05 0.230756 9.99561E-05 9.99561E-05 9.99561E-05 0.0275249 0.0934849 0.647734 9.99561E-05
9.99561E-05 0.119798 0.0362435 9.99561E-05 9.99561E-05 0.0547113 9.99561E-05 0.788747 9.99561E-05
0.0895933 9.99473E-05 9.99473E-05 9.99473E-05 9.99473E-05 0.0184862 9.99473E-05 0.891321 9.99473E-05
9.99736E-05 0.277919 0.110894 0.0450683 9.99736E-05 0.103666 9.99736E-05 0.23106 0.231092
9.99737E-05 0.176425 9.99737E-05 0.0541402 0.0643054 0.203811 9.99737E-05 0.495423 0.00559513
9.99825E-05 0.248664 0.0372514 0.0990585 9.99825E-05 0.0882852 0.0928319 0.398557 0.0351522
9.996E-05 0.331618 0.0993858 9.996E-05 0.0826682 0.291937 9.996E-05 0.193992 9.996E-05
9.99386E-05 9.99386E-05 9.99386E-05 9.99386E-05 9.99386E-05 0.0608468 9.99386E-05 0.938454 9.99386E-05
9.99736E-05 0.072315 0.0298523 9.99736E-05 0.0492524 0.306479 0.209741 0.33206 9.99736E-05
9.99562E-05 0.0852278 9.99562E-05 9.99562E-05 9.99562E-05 0.0296118 9.99562E-05 0.800367 0.0842941
9.99561E-05 0.106627 9.99561E-05 9.99561E-05 0.0310695 0.184997 9.99561E-05 0.676806 9.99561E-05
9.99648E-05 0.114197 9.99648E-05 9.99648E-05 9.99648E-05 0.00662022 0.288437 0.485639 0.104707
9.99824E-05 0.0879789 0.0172471 0.139388 0.0539332 0.096026 0.0913548 0.513872 9.99824E-05
9.9956E-05 0.284625 9.9956E-05 9.9956E-05 9.9956E-05 0.263571 9.9956E-05 0.227495 0.223809
9.99648E-05 0.174809 0.00421819 9.99648E-05 0.0483187 0.225382 9.99648E-05 0.546872 9.99648E-05
9.9956E-05 0.100857 9.9956E-05 9.9956E-05 0.118936 0.180028 9.9956E-05 0.599679 9.9956E-05
9.99561E-05 0.0131857 0.163769 9.99561E-05 9.99561E-05 0.217449 9.99561E-05 0.605096 9.99561E-05
9.99561E-05 0.20224 0.0170484 9.99561E-05 9.99561E-05 0.0371081 9.99561E-05 0.743104 9.99561E-05
9.993E-05 9.993E-05 9.993E-05 9.993E-05 9.993E-05 0.999201 9.993E-05 9.993E-05 9.993E-05
9.993E-05 0.999201 9.993E-05 9.993E-05 9.993E-05 9.993E-05 9.993E-05 9.993E-05 9.993E-05
9.993E-05 9.993E-05 9.993E-05 9.993E-05 9.993E-05 0.999201 9.993E-05 9.993E-05 9.993E-05
9.993E-05 0.999201 9.993E-05 9.993E-05 9.993E-05 9.993E-05 9.993E-05 9.993E-05 9.993E-05
9.993E-05 0.999201 9.993E-05 9.993E-05 9.993E-05 9.993E-05 9.993E-05 9.993E-05 9.993E-05
9.993E-05 0.999201 9.993E-05 9.993E-05 9.993E-05 9.993E-05 9.993E-05 9.993E-05 9.993E-05
9.993E-05 9.993E-05 9.993E-05 9.993E-05 9.993E-05 0.999201 9.993E-05 9.993E-05 9.993E-05
9.993E-05 0.999201 9.993E-05 9.993E-05 9.993E-05 9.993E-05 9.993E-05 9.993E-05 9.993E-05
9.993E-05 0.999201 9.993E-05 9.993E-05 9.993E-05 9.993E-05 9.993E-05 9.993E-05 9.993E-05
9.993E-05 9.993E-05 9.993E-05 9.993E-05 9.993E-05 0.999201 9.993E-05 9.993E-05 9.993E-05
9.993E-05 9.993E-05 9.993E-05 9.993E-05 9.993E-05 0.999201 9.993E-05 9.993E-05 9.993E-05
9.993E-05 9.993E-05 9.993E-05 9.993E-05 9.993E-05 0.999201 9.993E-05 9.993E-05 9.993E-05
9.993E-05 0.999201 9.993E-05 9.993E-05 9.993E-05 9.993E-05 9.993E-05 9.993E-05 9.993E-05
9.993E-05 0.999201 9.993E-05 9.993E-05 9.993E-05 9.993E-05 9.993E-05 9.993E-05 9.993E-05
9.993E-05 9.993E-05 9.993E-05 9.993E-05 9.993E-05 0.999201 9.993E-05 9.993E-05 9.993E-05
9.993E-05 9.993E-05 9.993E-05 9.993E-05 9.993E-05 0.999201 9.993E-05 9.993E-05 9.993E-05
9.99648E-05 0.149306 0.118502 9.99648E-05 9.99648E-05 0.217151 0.193696 0.320944 9.99648E-05
9.993E-05 9.993E-05 9.993E-05 9.993E-05 9.993E-05 0.999201 9.993E-05 9.993E-05 9.993E-05
9.993E-05 0.999201 9.993E-05 9.993E-05 9.993E-05 9.993E-05 9.993E-05 9.993E-05 9.993E-05
9.993E-05 9.993E-05 9.993E-05 9.993E-05 9.993E-05 0.999201 9.993E-05 9.993E-05 9.993E-05
9.993E-05 9.993E-05 9.993E-05 9.993E-05 9.993E-05 0.999201 9.993E-05 9.993E-05 9.993E-05
9.993E-05 9.993E-05 9.993E-05 9.993E-05 9.993E-05 0.999201 9.993E-05 9.993E-05 9.993E-05
9.993E-05 0.999201 9.993E-05 9.993E-05 9.993E-05 9.993E-05 9.993E-05 9.993E-05 9.993E-05
9.993E-05 9.993E-05 9.993E-05 9.993E-05 9.993E-05 0.999201 9.993E-05 9.993E-05 9.993E-05
9.993E-05 0.999201 9.993E-05 9.993E-05 9.993E-05 9.993E-05 9.993E-05 9.993E-05 9.993E-05
9.993E-05 9.993E-05 9.993E-05 9.993E-05 9.993E-05 0.999201 9.993E-05 9.993E-05 9.993E-05
9.993E-05 9.993E-05 9.993E-05 9.993E-05 9.993E-05 0.999201 9.993E-05 9.993E-05 9.993E-05
9.993E-05 0.999201 9.993E-05 9.993E-05 9.993E-05 9.993E-05 9.993E-05 9.993E-05 9.993E-05
9.993E-05 0.999201 9.993E-05 9.993E-05 9.993E-05 9.993E-05 9.993E-05 9.993E-05 9.993E-05
9.993E-05 0.999201 9.993E-05 9.993E-05 9.993E-05 9.993E-05 9.993E-05 9.993E-05 9.993E-05
9.993E-05 9.993E-05 9.993E-05 9.993E-05 9.993E-05 0.999201 9.993E-05 9.993E-05 9.993E-05
9.993E-05 9.993E-05 9.993E-05 9.993E-05 9.993E-05 0.999201 9.993E-05 9.993E-05 9.993E-05
9.993E-05 9.993E-05 9.993E-05 9.993E-05 9.993E-05 0.999201 9.993E-05 9.993E-05 9.993E-05
9.993E-05 9.993E-05 9.993E-05 9.993E-05 9.993E-05 0.999201 9.993E-05 9.993E-05 9.993E-05
9.993E-05 9.993E-05 9.993E-05 9.993E-05 9.993E-05 0.999201 9.993E-05 9.993E-05 9.993E-05
9.993E-05 0.999201 9.993E-05 9.993E-05 9.993E-05 9.993E-05 9.993E-05 9.993E-05 9.993E-05
9.993E-05 0.999201 9.993E-05 9.993E-05 9.993E-05 9.993E-05 9.993E-05 9.993E-05 9.993E-05
9.993E-05 0.999201 9.993E-05 9.993E-05 9.993E-05 9.993E-05 9.993E-05 9.993E-05 9.993E-05
9.993E-05 9.993E-05 9.993E-05 9.993E-05 9.993E-05 0.999201 9.993E-05 9.993E-05 9.993E-05
9.993E-05 0.999201 9.993E-05 9.993E-05 9.993E-05 9.993E-05 9.993E-05 9.993E-05 9.993E-05
9.993E-05 0.999201 9.993E-05 9.993E-05 9.993E-05 9.993E-05 9.993E-05 9.993E-05 9.993E-05
9.993E-05 0.999201 9.993E-05 9.993E-05 9.993E-05 9.993E-05 9.993E-05 9.993E-05 9.993E-05
9.993E-05 0.999201 9.993E-05 9.993E-05 9.993E-05 9.993E-05 9.993E-05 9.993E-05 9.993E-05
9.993E-05 9.993E-05 9.993E-05 9.993E-05 9.993E-05 0.999201 9.993E-05 9.993E-05 9.993E-05
9.993E-05 0.999201 9.993E-05 9.993E-05 9.993E-05 9.993E-05 9.993E-05 9.993E-05 9.993E-05
9.993E-05 0.999201 9.993E-05 9.993E-05 9.993E-05 9.993E-05 9.993E-05 9.993E-05 9.993E-05
9.99824E-05 0.11735 0.0834411 0.0316779 9.99824E-05 0.253519 0.177931 0.302583 0.0332977
9.993E-05 9.993E-05 9.993E-05 9.993E-05 9.993E-05 0.999201 9.993E-05 9.993E-05 9.993E-05
9.993E-05 0.999201 9.993E-05 9.993E-05 9.993E-05 9.993E-05 9.993E-05 9.993E-05 9.993E-05
9.993E-05 0.999201 9.993E-05 9.993E-05 9.993E-05 9.993E-05 9.993E-05 9.993E-05 9.993E-05
9.993E-05 0.999201 9.993E-05 9.993E-05 9.993E-05 9.993E-05 9.993E-05 9.993E-05 9.993E-05
9.993E-05 0.999201 9.993E-05 9.993E-05 9.993E-05 9.993E-05 9.993E-05 9.993E-05 9.993E-05
9.993E-05 9.993E-05 9.993E-05 9.993E-05 9.993E-05 0.999201 9.993E-05 9.993E-05 9.993E-05
9.993E-05 0.999201 9.993E-05 9.993E-05 9.993E-05 9.993E-05 9.993E-05 9.993E-05 9.993E-05
9.993E-05 9.993E-05 9.993E-05 9.993E-05 9.993E-05 0.999201 9.993E-05 9.993E-05 9.993E-05
9.993E-05 0.999201 9.993E-05 9.993E-05 9.993E-05 9.993E-05 9.993E-05 9.993E-05 9.993E-05
9.993E-05 9.993E-05 9.993E-05 9.993E-05 9.993E-05 0.999201 9.993E-05 9.993E-05 9.993E-05
9.993E-05 0.999201 9.993E-05 9.993E-05 9.993E-05 9.993E-05 9.993E-05 9.993E-05 9.993E-05
9.993E-05 0.999201 9.993E-05 9.993E-05 9.993E-05 9.993E-05 9.993E-05 9.993E-05 9.993E-05
9.993E-05 0.999201 9.993E-05 9.993E-05 9.993E-05 9.993E-05 9.993E-05 9.993E-05 9.993E-05
9.993E-05 0.999201 9.993E-05 9.993E-05 9.993E-05 9.993E-05 9.993E-05 9.993E-05 9.993E-05
9.993E-05 0.999201 9.993E-05 9.993E-05 9.993E-05 9.993E-05 9.993E-05 9.993E-05 9.993E-05
9.993E-05 0.999201 9.993E-05 9.993E-05 9.993E-05 9.993E-05 9.993E-05 9.993E-05 9.993E-05
9.993E-05 9.993E-05 9.993E-05 9.993E-05 9.993E-05 0.999201 9.993E-05 9.993E-05 9.993E-05
9.993E-05 9.993E-05 9.993E-05 9.993E-05 9.993E-05 0.999201 9.993E-05 9.993E-05 9.993E-05
9.993E-05 9.993E-05 9.993E-05 9.993E-05 9.993E-05 0.999201 9.993E-05 9.993E-05 9.993E-05
9.993E-05 0.999201 9.993E-05 9.993E-05 9.993E-05 9.993E-05 9.993E-05 9.993E-05 9.993E-05
9.993E-05 9.993E-05 9.993E-05 9.993E-05 9.993E-05 0.999201 9.993E-05 9.993E-05 9.993E-05
9.993E-05 9.993E-05 9.993E-05 9.993E-05 9.993E-05 0.999201 9.993E-05 9.993E-05 9.993E-05
9.993E-05 9.993E-05 9.993E-05 9.993E-05 9.993E-05 0.999201 9.993E-05 9.993E-05 9.993E-05
9.993E-05 0.999201 9.993E-05 9.993E-05 9.993E-05 9.993E-05 9.993E-05 9.993E-05 9.993E-05
9.993E-05 0.999201 9.993E-05 9.993E-05 9.993E-05 9.993E-05 9.993E-05 9.993E-05 9.993E-05
9.993E-05 0.999201 9.993E-05 9.993E-05 9.993E-05 9.993E-05 9.993E-05 9.993E-05 9.993E-05
9.993E-05 9.993E-05 9.993E-05 9.993E-05 9.993E-05 0.999201 9.993E-05 9.993E-05 9.993E-05
9.993E-05 0.999201 9.993E-05 9.993E-05 9.993E-05 9.993E-05 9.993E-05 9.993E-05 9.993E-05
9.993E-05 0.999201 9.993E-05 9.993E-05 9.993E-05 9.993E-05 9.993E-05 9.993E-05 9.993E-05
9.993E-05 9.993E-05 9.993E-05 9.993E-05 9.993E-05 0.999201 9.993E-05 9.993E-05 9.993E-05
9.993E-05 0.999201 9.993E-05 9.993E-05 9.993E-05 9.993E-05 9.993E-05 9.993E-05 9.993E-05
9.993E-05 0.999201 9.993E-05 9.993E-05 9.993E-05 9.993E-05 9.993E-05 9.993E-05 9.993E-05
9.99736E-05 0.118318 9.99736E-05 0.109 0.181129 0.314401 9.99736E-05 0.230092 0.046761
9.993E-05 9.993E-05 9.993E-05 9.993E-05 9.993E-05 0.999201 9.993E-05 9.993E-05 9.993E-05
9.993E-05 0.999201 9.993E-05 9.993E-05 9.993E-05 9.993E-05 9.993E-05 9.993E-05 9.993E-05
9.99649E-05 0.477542 9.99649E-05 0.0325204 0.0655988 0.096012 9.99649E-05 0.327927 9.99649E-05
9.99648E-05 0.278388 0.0733875 9.99648E-05 9.99648E-05 0.22443 0.075796 0.347598 9.99648E-05
9.9956E-05 0.195078 9.9956E-05 9.9956E-05 9.9956E-05 0.417966 9.9956E-05 0.353404 0.0330522
9.99736E-05 0.013228 0.059074 0.077903 9.99736E-05 0.166405 0.0901587 0.592932 9.99736E-05
9.99648E-05 0.282211 0.00589304 9.99648E-05 9.99648E-05 0.385726 9.99648E-05 0.255636 0.0701339
9.99474E-05 0.140052 9.99474E-05 9.99474E-05 9.99474E-05 9.99474E-05 9.99474E-05 0.838103 0.0212451
9.99824E-05 0.389641 0.00527862 9.99824E-05 0.0332989 0.344726 0.0138544 0.205143 0.00785743
9.99736E-05 0.216482 0.0479313 0.0731939 0.0914262 0.0698923 9.99736E-05 0.500775 9.99736E-05
9.99474E-05 0.203099 9.99474E-05 9.99474E-05 9.99474E-05 0.0859632 9.99474E-05 0.710338 9.99474E-05
9.9956E-05 0.0459478 9.9956E-05 9.9956E-05 9.9956E-05 0.211838 0.172701 0.569014 9.9956E-05
9.99561E-05 0.104888 9.99561E-05 9.99561E-05 0.0679822 0.232172 9.99561E-05 0.594458 9.99561E-05
9.99473E-05 0.624363 9.99473E-05 9.99473E-05 9.99473E-05 0.103176 9.99473E-05 0.271862 9.99473E-05
9.99736E-05 0.259827 9.99736E-05 0.111626 9.99736E-05 0.337499 0.037279 0.170444 0.0830254
9.99648E-05 0.0799488 0.0139879 0.13306 9.99648E-05 0.0833634 9.99648E-05 0.68924 9.99648E-05
9.9956E-05 0.162669 9.9956E-05 9.9956E-05 0.0953541 0.308994 9.9956E-05 0.432483 9.9956E-05
9.99649E-05 0.303978 9.99649E-05 9.99649E-05 0.0472259 0.226891 9.99649E-05 0.29844 0.123066
9.99561E-05 0.189899 9.99561E-05 0.0202076 9.99561E-05 0.167738 9.99561E-05 0.621655 9.99561E-05
9.99824E-05 0.0815245 9.99824E-05 0.0408544 0.105323 0.438023 0.00404827 0.307543 0.0224833
9.99648E-05 0.155375 0.111425 9.99648E-05 0.0423489 9.99648E-05 9.99648E-05 0.460039 0.230413
9.99561E-05 0.184378 9.99561E-05 0.0278498 9.99561E-05 0.371083 9.99561E-05 0.416189 9.99561E-05
9.99648E-05 0.141897 0.0707753 9.99648E-05 9.99648E-05 0.256355 0.0253999 0.505172 9.99648E-05
9.99473E-05 0.297964 9.99473E-05 9.99473E-05 9.99473E-05 9.99473E-05 0.0859134 0.615523 9.99473E-05
9.99824E-05 0.20539 0.0508936 0.0160763 0.11265 0.185227 0.108882 0.320681 9.99824E-05
9.99736E-05 0.193426 0.00238302 0.0222679 0.0235373 0.179985 9.99736E-05 0.578101 9.99736E-05
9.99648E-05 0.0788132 0.0513452 0.162158 9.99648E-05 0.0632143 9.99648E-05 0.64407 9.99648E-05
9.99474E-05 0.0712019 9.99474E-05 9.99474E-05 9.99474E-05 9.99474E-05 9.99474E-05 0.921611 0.00658737
9.99824E-05 0.0967711 0.00334392 0.0160616 9.99824E-05 0.196081 0.107609 0.574153 0.00578096
9.99561E-05 0.258256 9.99561E-05 0.092778 9.99561E-05 0.317303 9.99561E-05 0.331163 9.99561E-05
9.99648E-05 9.99648E-05 0.048602 0.0795841 9.99648E-05 0.135815 0.062141 0.673458 9.99648E-05
9.99648E-05 0.18643 0.131757 0.154529 9.99648E-05 0.0602981 9.99648E-05 0.466587 9.99648E-05
9.99736E-05 0.384934 9.99736E-05 9.99736E-05 0.00785718 0.176797 0.0863344 0.231331 0.112446
9.99561E-05 0.288594 9.99561E-05 9.99561E-05 0.0240485 0.145364 9.99561E-05 0.541494 9.99561E-05
9.99736E-05 0.214679 9.99736E-05 0.00322094 9.99736E-05 0.196422 0.030536 0.362733 0.19211
9.99648E-05 0.24237 9.99648E-05 0.0385906 0.0486914 0.26167 9.99648E-05 0.408278 9.99648E-05
9.99736E-05 0.20085 9.99736E-05 0.0694351 0.118629 0.200538 0.0068106 0.403438 9.99736E-05
9.9956E-05 0.111656 9.9956E-05 9.9956E-05 9.9956E-05 0.32327 0.0123925 0.552182 9.9956E-05
9.993E-05 9.993E-05 9.993E-05 9.993E-05 9.993E-05 9.993E-05 9.993E-05 0.999201 9.993E-05
9.99736E-05 0.00593273 9.99736E-05 9.99736E-05 0.206372 0.256894 0.0563353 0.339616 0.134551
9.996E-05 0.0324917 0.0756409 9.996E-05 0.110047 0.10074 9.996E-05 0.680681 9.996E-05
9.99561E-05 0.24727 9.99561E-05 9.99561E-05 9.99561E-05 0.151256 0.190638 0.410336 9.99561E-05
9.99648E-05 0.103897 0.0526973 9.99648E-05 9.99648E-05 0.273744 0.00607076 0.563191 9.99648E-05
9.99649E-05 0.134298 0.0593081 9.99649E-05 9.99649E-05 0.108828 0.153351 0.543815 9.99649E-05
9.99648E-05 0.242655 0.0632875 9.99648E-05 9.99648E-05 0.163665 0.188331 0.341662 9.99648E-05
9.99649E-05 0.500605 9.99649E-05 0.0396944 9.99649E-05 0.145056 9.99649E-05 0.195933 0.118311
9.99561E-05 0.440301 9.99561E-05 9.99561E-05 9.99561E-05 0.38735 9.99561E-05 0.151711 0.0201372
9.99736E-05 0.169239 0.0588168 9.99736E-05 0.0122472 0.197982 0.0810365 0.480379 9.99736E-05
9.99473E-05 0.0168122 9.99473E-05 9.99473E-05 9.99473E-05 0.0276594 9.99473E-05 0.954929 9.99473E-05
9.996E-05 0.239633 0.0302162 9.996E-05 0.0513456 0.0640718 9.996E-05 0.614333 9.996E-05
9.99386E-05 9.99386E-05 9.99386E-05 0.0198973 9.99386E-05 9.99386E-05 9.99386E-05 0.979403 9.99386E-05
9.99824E-05 0.212751 9.99824E-05 0.0455529 0.012842 0.19878 0.048977 0.263921 0.216975
9.99474E-05 9.99474E-05 9.99474E-05 0.0307973 9.99474E-05 9.99474E-05 9.99474E-05 0.858496 0.110107
9.99561E-05 9.99561E-05 9.99561E-05 9.99561E-05 0.0772962 0.405974 9.99561E-05 0.442257 0.0739738
9.99648E-05 9.99648E-05 9.99648E-05 9.99648E-05 0.0669418 0.288833 0.106602 0.284263 0.25296
9.9956E-05 0.201985 9.9956E-05 9.9956E-05 9.9956E-05 0.155387 9.9956E-05 0.462177 0.179951
9.99736E-05 0.0728241 0.0384367 9.99736E-05 0.0102708 0.0406643 0.280906 0.556598 9.99736E-05
9.99561E-05 0.366687 0.0135796 9.99561E-05 9.99561E-05 0.0678749 9.99561E-05 0.551358 9.99561E-05
9.99562E-05 0.0324329 9.99562E-05 9.99562E-05 9.99562E-05 0.153272 9.99562E-05 0.635651 0.178144
9.99561E-05 0.138209 9.99561E-05 9.99561E-05 0.0609459 9.99561E-05 9.99561E-05 0.749587 0.0507584
9.99473E-05 0.250464 9.99473E-05 9.99473E-05 9.99473E-05 0.302401 9.99473E-05 0.446535 9.99473E-05
9.99561E-05 0.274716 9.99561E-05 9.99561E-05 9.99561E-05 0.167967 9.99561E-05 0.42464 0.132178
9.99473E-05 0.0393952 9.99473E-05 9.99473E-05 9.99473E-05 0.0427367 9.99473E-05 0.917268 9.99473E-05
9.99386E-05 0.168706 9.99386E-05 9.99386E-05 9.99386E-05 9.99386E-05 9.99386E-05 0.830595 9.99386E-05
0.0738883 0.0167399 0.00294054 9.99649E-05 9.99649E-05 0.158188 9.99649E-05 0.747844 9.99649E-05
9.99648E-05 0.120863 0.0259108 9.99648E-05 0.0612486 0.187032 9.99648E-05 0.604545 9.99648E-05
9.99648E-05 0.248939 0.117251 9.99648E-05 0.0277535 0.0981386 9.99648E-05 0.507518 9.99648E-05
9.99561E-05 0.337361 9.99561E-05 9.99561E-05 9.99561E-05 0.022488 0.0307348 0.608917 9.99561E-05
9.99474E-05 0.14806 9.99474E-05 9.99474E-05 9.99474E-05 0.039797 9.99474E-05 0.811544 9.99474E-05
9.99737E-05 0.276006 0.0485942 9.99737E-05 0.0474749 0.17243 9.99737E-05 0.430454 0.0247411
9.99648E-05 0.0598879 0.041435 9.99648E-05 0.0510729 0.410187 9.99648E-05 0.437018 9.99648E-05
9.99562E-05 0.00457944 9.99562E-05 9.99562E-05 0.0341302 9.99562E-05 9.99562E-05 0.563562 0.397228
9.99649E-05 0.0262093 0.105036 9.99649E-05 9.99649E-05 0.23603 9.99649E-05 0.373425 0.258899
0.0695225 9.99562E-05 9.99562E-05 9.99562E-05 9.99562E-05 0.113259 9.99562E-05 0.733854 0.0828651
9.99473E-05 0.354727 9.99473E-05 9.99473E-05 9.99473E-05 0.275719 9.99473E-05 0.368954 9.99473E-05
9.99649E-05 9.99649E-05 0.178154 0.0453724 0.0149841 9.99649E-05 9.99649E-05 0.521602 0.239487
9.99386E-05 9.99386E-05 9.99386E-05 9.99386E-05 9.99386E-05 0.119425 9.99386E-05 0.879875 9.99386E-05
9.99561E-05 0.125792 9.99561E-05 9.99561E-05 9.99561E-05 0.110554 9.99561E-05 0.393589 0.369566
0.0420865 9.99473E-05 9.99473E-05 9.99473E-05 9.99473E-05 9.99473E-05 9.99473E-05 0.764999 0.192315
9.9956E-05 9.9956E-05 9.9956E-05 9.9956E-05 0.015207 0.258198 0.0977956 0.6283 9.9956E-05
9.99386E-05 9.99386E-05 9.99386E-05 9.99386E-05 9.99386E-05 9.99386E-05 9.99386E-05 0.774992 0.224308
9.99648E-05 0.394785 9.99648E-05 9.99648E-05 0.0913127 0.0496883 9.99648E-05 0.434821 0.0289928
9.99648E-05 0.271333 9.99648E-05 9.99648E-05 0.078734 0.0644777 0.0414988 0.543556 9.99648E-05
9.99912E-05 0.228324 0.0646852 0.0516343 0.0584306 0.067143 0.0911154 0.371191 0.0673773
9.99474E-05 9.99474E-05 9.99474E-05 9.99474E-05 9.99474E-05 0.0561281 9.99474E-05 0.907965 0.035307
9.99649E-05 0.266677 9.99649E-05 9.99649E-05 0.0720089 0.0270617 0.0177907 0.616062 9.99649E-05
9.99648E-05 0.128284 0.182865 9.99648E-05 9.99648E-05 0.0234724 9.99648E-05 0.446682 0.218297
9.99648E-05 0.0172997 9.99648E-05 9.99648E-05 0.0131525 0.091987 9.99648E-05 0.7522 0.124961
9.99736E-05 0.0113222 0.0289846 0.0893496 0.054546 0.28281 9.99736E-05 0.532687 9.99736E-05
9.9956E-05 0.403432 9.9956E-05 0.0104119 9.9956E-05 0.255501 9.9956E-05 0.330156 9.9956E-05
9.99736E-05 0.162083 0.0801018 9.99736E-05 0.014558 0.281779 0.00333551 0.457843 9.99736E-05
9.99736E-05 0.17575 0.0385152 9.99736E-05 0.0257465 0.328357 0.0775366 0.353794 9.99736E-05
9.997E-05 0.16518 0.266955 9.997E-05 9.997E-05 0.0764834 0.0190799 0.380296 0.0917054
9.99648E-05 0.0429169 9.99648E-05 0.135286 9.99648E-05 0.344113 9.99648E-05 0.292426 0.184859
0.0214002 0.386207 9.99649E-05 9.99649E-05 9.99649E-05 0.181665 9.99649E-05 0.409883 0.000444111
9.99736E-05 0.0738732 0.187169 9.99736E-05 0.140481 0.0708679 9.99736E-05 0.248188 0.27912
9.99474E-05 0.228623 9.99474E-05 9.99474E-05 9.99474E-05 9.99474E-05 9.99474E-05 0.630544 0.140233
9.99561E-05 9.99561E-05 9.99561E-05 0.0199296 9.99561E-05 0.00333607 9.99561E-05 0.722394 0.25384
9.995E-05 0.308071 0.0535125 9.995E-05 9.995E-05 9.995E-05 0.223346 0.414571 9.995E-05
9.99736E-05 0.0588842 9.99736E-05 9.99736E-05 0.109929 0.329783 0.0403098 0.393531 0.0672632
9.99474E-05 9.99474E-05 9.99474E-05 0.0608288 9.99474E-05 0.583733 9.99474E-05 0.354839 9.99474E-05
9.99649E-05 0.0858648 9.99649E-05 0.0251465 9.99649E-05 0.592242 0.0753464 0.221 9.99649E-05
9.99736E-05 0.267723 0.0342383 0.128836 0.105969 9.99736E-05 0.105011 0.357924 9.99736E-05
9.99561E-05 0.097226 9.99561E-05 0.0224691 9.99561E-05 0.445817 9.99561E-05 0.433988 9.99561E-05
9.99824E-05 0.0693481 0.21279 0.0696783 0.0428721 0.123359 9.99824E-05 0.315498 0.166254
0.00674222 0.084348 9.99562E-05 9.99562E-05 9.99562E-05 9.99562E-05 9.99562E-05 0.835973 0.072437
0.043613 0.159285 0.0412435 0.0362869 9.99737E-05 9.99737E-05 9.99737E-05 0.604454 0.114818
9.99649E-05 0.124856 9.99649E-05 9.99649E-05 0.0354642 0.230115 9.99649E-05 0.512216 0.0969488
9.99736E-05 9.99736E-05 0.0371653 0.228514 0.0307096 0.283863 9.99736E-05 0.274465 0.144984
9.99474E-05 0.00219989 9.99474E-05 9.99474E-05 9.99474E-05 9.99474E-05 9.99474E-05 0.85069 0.14651
0.0196999 9.99475E-05 9.99475E-05 9.99475E-05 9.99475E-05 9.99475E-05 9.99475E-05 0.808916 0.170784
9.99649E-05 0.160644 0.143192 9.99649E-05 0.0302914 0.00956043 9.99649E-05 0.655912 9.99649E-05
9.99649E-05 0.165364 0.0571188 0.0403372 9.99649E-05 0.23217 9.99649E-05 0.504609 9.99649E-05
9.99473E-05 9.99473E-05 9.99473E-05 9.99473E-05 0.0365769 0.245664 9.99473E-05 0.717159 9.99473E-05
9.99736E-05 0.0952878 9.99736E-05 9.99736E-05 0.0370338 0.304671 0.0120148 0.520458 0.0302341
9.99561E-05 0.138057 9.99561E-05 9.99561E-05 9.99561E-05 0.348259 0.0642484 0.448935 9.99561E-05
9.99648E-05 9.99648E-05 0.116554 9.99648E-05 0.0794975 0.36758 9.99648E-05 0.334111 0.101857
9.99473E-05 0.322473 9.99473E-05 9.99473E-05 9.99473E-05 9.99473E-05 9.99473E-05 0.56616 0.110768
9.99736E-05 0.133654 0.0877159 0.00468199 9.99736E-05 0.12269 9.99736E-05 0.571549 0.0794092
9.99648E-05 0.0235617 9.99648E-05 0.116883 0.0336015 0.376611 9.99648E-05 0.448942 9.99648E-05
9.99561E-05 0.0599257 9.99561E-05 9.99561E-05 0.0503378 0.0282929 9.99561E-05 0.860944 9.99561E-05
9.99648E-05 9.99648E-05 0.0291121 9.99648E-05 9.99648E-05 0.427501 0.197108 0.183948 0.16193
9.9956E-05 9.9956E-05 9.9956E-05 0.111258 0.0240525 0.34091 9.9956E-05 0.52328 9.9956E-05
9.99736E-05 0.235428 0.0267628 0.0614083 0.15025 0.171631 9.99736E-05 0.354219 9.99736E-05
9.99648E-05 0.0463373 0.108589 9.99648E-05 9.99648E-05 0.236961 9.99648E-05 0.32963 0.278082
9.99649E-05 0.173633 9.99649E-05 9.99649E-05 0.0525731 0.0962782 0.190109 0.487006 9.99649E-05
9.99473E-05 0.0429735 9.99473E-05 9.99473E-05 9.99473E-05 9.99473E-05 9.99473E-05 0.550144 0.406283
9.99648E-05 0.196112 9.99648E-05 0.0040631 0.141517 0.28411 9.99648E-05 0.373798 9.99648E-05
9.99474E-05 9.99474E-05 9.99474E-05 9.99474E-05 9.99474E-05 0.115656 9.99474E-05 0.821201 0.0625434
9.99474E-05 0.0194118 9.99474E-05 9.99474E-05 9.99474E-05 9.99474E-05 9.99474E-05 0.695888 0.284101
9.99824E-05 0.233718 0.00592671 9.99824E-05 0.115785 0.175899 0.109093 0.311777 0.0476012
9.99824E-05 0.167439 0.0529417 9.99824E-05 0.0143188 0.195909 0.00438807 0.432039 0.132765
9.99649E-05 0.158174 9.99649E-05 9.99649E-05 0.0550184 0.2157 0.152858 9.99649E-05 0.417851
9.99561E-05 9.99561E-05 9.99561E-05 9.99561E-05 0.0365662 0.254691 0.153342 9.99561E-05 0.554901
9.99648E-05 0.113467 9.99648E-05 9.99648E-05 0.0296618 0.167837 0.246916 9.99648E-05 0.441718
9.9965E-05 9.9965E-05 9.9965E-05 9.9965E-05 0.0715903 0.127531 0.108794 0.140367 0.551318
9.99825E-05 0.0829064 0.0401814 0.154968 0.0734037 0.182238 9.99825E-05 0.0316052 0.434498
0.138426 9.99562E-05 9.99562E-05 9.99562E-05 9.99562E-05 0.260859 0.0868172 9.99562E-05 0.513398
9.99561E-05 0.194598 9.99561E-05 9.99561E-05 0.0639024 0.566341 9.99561E-05 9.99561E-05 0.174659
9.99649E-05 0.0930987 9.99649E-05 9.99649E-05 0.0483942 0.11096 0.155123 9.99649E-05 0.592024
0.186247 9.99737E-05 9.99737E-05 0.0167425 0.0817134 0.0585031 0.0363737 9.99737E-05 0.62012
9.99648E-05 0.1053 9.99648E-05 9.99648E-05 0.00236481 0.182458 0.140891 9.99648E-05 0.568586
9.99737E-05 0.0539755 0.0498234 9.99737E-05 0.0810847 0.354539 0.256078 9.99737E-05 0.204199
0.0421139 9.99649E-05 0.13275 9.99649E-05 9.99649E-05 0.345541 9.99649E-05 0.0225635 0.456632
9.99649E-05 0.112121 9.99649E-05 9.99649E-05 0.0180251 0.313508 0.224819 9.99649E-05 0.331126
0.32297 9.99562E-05 9.99562E-05 9.99562E-05 0.00456214 0.120653 9.99562E-05 9.99562E-05 0.551316
9.99825E-05 0.0109763 9.99825E-05 0.00694746 0.136024 0.367589 0.0496323 0.0791479 0.349484
9.99649E-05 0.13236 9.99649E-05 9.99649E-05 0.100466 0.190254 0.0877806 9.99649E-05 0.488739
9.99736E-05 0.0244098 9.99736E-05 9.99736E-05 0.141057 0.258232 0.0568919 0.0150871 0.504022
9.99561E-05 9.99561E-05 0.041917 9.99561E-05 9.99561E-05 0.297866 0.135588 9.99561E-05 0.524129
9.99737E-05 0.0317657 0.0348719 9.99737E-05 0.200233 0.21177 0.0589673 9.99737E-05 0.462092
9.99561E-05 0.0895281 9.99561E-05 9.99561E-05 9.99561E-05 0.238667 0.154703 9.99561E-05 0.516602
9.99561E-05 0.0435717 9.99561E-05 9.99561E-05 0.165194 0.431953 9.99561E-05 9.99561E-05 0.358781
0.0824905 0.0148661 9.99737E-05 9.99737E-05 0.0657253 0.27327 0.146492 9.99737E-05 0.416856
0.0778828 0.0354541 0.0498178 0.0237188 0.121692 0.489071 9.99824E-05 9.99824E-05 0.202163
9.99472E-05 0.0113942 9.99472E-05 0.029926 9.99472E-05 9.99472E-05 9.99472E-05 9.99472E-05 0.95808
9.99472E-05 0.0574986 9.99472E-05 9.99472E-05 9.99472E-05 0.00919915 9.99472E-05 9.99472E-05 0.932703
9.99472E-05 0.0739277 9.99472E-05 9.99472E-05 9.99472E-05 0.0654729 9.99472E-05 9.99472E-05 0.86
9.99472E-05 0.0252598 9.99472E-05 9.99472E-05 9.99472E-05 0.128976 9.99472E-05 9.99472E-05 0.845165
9.993E-05 9.993E-05 9.993E-05 9.993E-05 9.993E-05 9.993E-05 9.993E-05 9.993E-05 0.999201
9.99385E-05 0.0640619 9.99385E-05 9.99385E-05 9.99385E-05 9.99385E-05 9.99385E-05 9.99385E-05 0.935239
9.9956E-05 0.047239 9.9956E-05 0.0591978 9.9956E-05 0.0183878 9.9956E-05 9.9956E-05 0.874676
9.99385E-05 9.99385E-05 9.99385E-05 9.99385E-05 9.99385E-05 0.0235623 9.99385E-05 9.99385E-05 0.975738
9.99473E-05 0.0556272 9.99473E-05 9.99473E-05 9.99473E-05 0.14769 9.99473E-05 9.99473E-05 0.796083
9.9956E-05 0.138775 9.9956E-05 9.9956E-05 0.0194572 0.0866733 9.9956E-05 9.9956E-05 0.754595
9.99472E-05 9.99472E-05 9.99472E-05 0.0235702 9.99472E-05 0.0264852 9.99472E-05 9.99472E-05 0.949345
9.993E-05 9.993E-05 9.993E-05 9.993E-05 9.993E-05 9.993E-05 9.993E-05 9.993E-05 0.999201
9.99472E-05 0.147522 9.99472E-05 9.99472E-05 9.99472E-05 0.0389027 9.99472E-05 9.99472E-05 0.812976
9.99385E-05 0.0317554 9.99385E-05 9.99385E-05 9.99385E-05 9.99385E-05 9.99385E-05 9.99385E-05 0.967545
9.993E-05 9.993E-05 9.993E-05 9.993E-05 9.993E-05 9.993E-05 9.993E-05 9.993E-05 0.999201
9.99473E-05 0.0307645 9.99473E-05 9.99473E-05 9.99473E-05 9.99473E-05 9.99473E-05 0.0634719 0.905164
9.99648E-05 0.0406493 9.99648E-05 0.0263059 0.0290436 9.99648E-05 9.99648E-05 0.000172958 0.903428
9.99385E-05 0.00808942 9.99385E-05 9.99385E-05 9.99385E-05 9.99385E-05 9.99385E-05 9.99385E-05 0.991211
9.99385E-05 0.105691 9.99385E-05 9.99385E-05 9.99385E-05 9.99385E-05 9.99385E-05 9.99385E-05 0.89361
9.993E-05 9.993E-05 9.993E-05 9.993E-05 9.993E-05 9.993E-05 9.993E-05 9.993E-05 0.999201
9.99472E-05 0.252372 9.99472E-05 9.99472E-05 9.99472E-05 0.0349255 9.99472E-05 9.99472E-05 0.712103
9.993E-05 9.993E-05 9.993E-05 9.993E-05 9.993E-05 9.993E-05 9.993E-05 9.993E-05 0.999201
9.99472E-05 0.2026 9.99472E-05 9.99472E-05 9.99472E-05 0.12326 9.99472E-05 9.99472E-05 0.67354
9.99474E-05 9.99474E-05 0.0264618 9.99474E-05 9.99474E-05 0.190341 9.99474E-05 0.782597 9.99474E-05
9.993E-05 9.993E-05 9.993E-05 9.993E-05 9.993E-05 9.993E-05 9.993E-05 9.993E-05 0.999201
9.993E-05 9.993E-05 9.993E-05 9.993E-05 9.993E-05 9.993E-05 9.993E-05 9.993E-05 0.999201
9.9956E-05 9.9956E-05 9.9956E-05 9.9956E-05 0.0489898 0.239243 0.00571861 9.9956E-05 0.705548
9.99385E-05 9.99385E-05 9.99385E-05 9.99385E-05 9.99385E-05 0.00933675 9.99385E-05 9.99385E-05 0.989964
9.99471E-05 0.21626 9.99471E-05 9.99471E-05 9.99471E-05 0.0591298 9.99471E-05 9.99471E-05 0.724011
9.993E-05 9.993E-05 9.993E-05 9.993E-05 9.993E-05 9.993E-05 9.993E-05 9.993E-05 0.999201
9.993E-05 9.993E-05 9.993E-05 9.993E-05 9.993E-05 9.993E-05 9.993E-05 9.993E-05 0.999201
9.99384E-05 9.99384E-05 9.99384E-05 9.99384E-05 9.99384E-05 0.144574 9.99384E-05 9.99384E-05 0.854726
9.99473E-05 0.000481802 9.99473E-05 0.0265938 9.99473E-05 9.99473E-05 9.99473E-05 9.99473E-05 0.972325
9.99384E-05 9.99384E-05 9.99384E-05 9.99384E-05 9.99384E-05 0.092846 9.99384E-05 9.99384E-05 0.906454
9.99384E-05 0.0526049 9.99384E-05 9.99384E-05 9.99384E-05 9.99384E-05 9.99384E-05 9.99384E-05 0.946695
9.99384E-05 9.99384E-05 9.99384E-05 9.99384E-05 9.99384E-05 0.0536358 9.99384E-05 9.99384E-05 0.945665
9.99472E-05 0.111402 9.99472E-05 9.99472E-05 9.99472E-05 0.0164247 9.99472E-05 9.99472E-05 0.871573
9.993E-05 9.993E-05 9.993E-05 9.993E-05 9.993E-05 9.993E-05 9.993E-05 9.993E-05 0.999201
9.9956E-05 0.00844955 9.9956E-05 9.9956E-05 9.9956E-05 0.0745936 0.0557524 9.9956E-05 0.860705
9.993E-05 9.993E-05 9.993E-05 9.993E-05 9.993E-05 9.993E-05 9.993E-05 9.993E-05 0.999201
9.993E-05 9.993E-05 9.993E-05 9.993E-05 9.993E-05 9.993E-05 9.993E-05 9.993E-05 0.999201
9.99473E-05 9.99473E-05 0.00293269 9.99473E-05 9.99473E-05 0.0139859 9.99473E-05 9.99473E-05 0.982482
9.9956E-05 0.0924058 9.9956E-05 0.0182423 9.9956E-05 0.276676 9.9956E-05 9.9956E-05 0.612177
