0.449084 0.0806529 9.99737E-05 9.99737E-05 0.257096 9.99737E-05 0.00498811 0.0965894 0.111289
0.819456 9.99561E-05 9.99561E-05 9.99561E-05 0.151674 9.99561E-05 9.99561E-05 0.0266038 0.00176607
0.909107 9.99473E-05 9.99473E-05 9.99473E-05 9.99473E-05 0.0554638 9.99473E-05 0.0348297 9.99473E-05
0.282929 0.353734 0.0433842 0.0899372 0.0229535 9.99824E-05 9.99824E-05 0.205002 0.00186004
0.894117 0.00346151 9.99649E-05 0.00344722 9.99649E-05 0.0656152 9.99649E-05 9.99649E-05 0.032959
0.268647 0.0589634 0.120526 0.260935 0.0117531 0.161693 0.101827 9.99912E-05 0.0155542
0.232837 0.267306 9.99649E-05 9.99649E-05 0.277924 0.0294359 9.99649E-05 0.192096 9.99649E-05
0.272691 0.054697 0.00520138 0.245854 9.99824E-05 0.359822 0.0348272 0.0267082 9.99824E-05
0.18557 0.217141 0.0290915 0.193228 0.305422 9.99737E-05 9.99737E-05 9.99737E-05 0.0692477
0.952591 9.99385E-05 9.99385E-05 9.99385E-05 9.99385E-05 9.99385E-05 0.0467092 9.99385E-05 9.99385E-05
0.522956 9.99649E-05 9.99649E-05 0.120359 0.146987 9.99649E-05 9.99649E-05 0.0943891 0.114909
0.866192 0.00200061 9.99649E-05 9.99649E-05 9.99649E-05 0.0797148 9.99649E-05 0.0338808 0.0178115
0.88555 9.99473E-05 9.99473E-05 9.99473E-05 0.088837 9.99473E-05 9.99473E-05 9.99473E-05 0.0250129
0.682088 9.99561E-05 0.192166 9.99561E-05 0.0535664 9.99561E-05 9.99561E-05 0.0716804 9.99561E-05
0.372811 0.102083 0.14112 0.160598 0.222988 9.99649E-05 9.99649E-05 9.99649E-05 9.99649E-05
0.282486 0.237909 9.99736E-05 0.190693 0.141316 0.132099 0.0151965 9.99736E-05 9.99736E-05
0.649377 0.0376255 0.090633 9.99737E-05 0.148166 0.00979671 9.99737E-05 0.0641024 9.99737E-05
0.295014 0.01704 9.99737E-05 0.0817622 0.256239 9.99737E-05 0.224982 9.99737E-05 0.124663
0.375193 0.118005 9.99736E-05 0.166232 0.245557 9.99736E-05 0.0136198 0.0810935 9.99736E-05
0.910331 9.99385E-05 9.99385E-05 9.99385E-05 9.99385E-05 9.99385E-05 9.99385E-05 9.99385E-05 0.088969
0.501617 0.20017 9.998E-05 0.116468 0.00379164 0.0857377 9.998E-05 0.0838728 0.00814334
0.333179 0.166606 9.99649E-05 0.223271 9.99649E-05 0.24172 9.99649E-05 0.0348237 9.99649E-05
0.622117 9.99649E-05 0.0291654 9.99649E-05 0.248614 9.99649E-05 0.00551445 0.0941897 9.99649E-05
0.432647 9.99649E-05 9.99649E-05 9.99649E-05 0.297071 0.205794 0.0447517 9.99649E-05 0.0193363
0.310293 0.0777745 0.131745 0.0825502 0.229624 9.99824E-05 9.99824E-05 0.0366566 0.131156
0.691473 0.0613394 0.0925412 0.042702 0.0891223 9.99736E-05 9.99736E-05 0.0225217 9.99736E-05
0.084079 9.99912E-05 0.229229 0.00424569 0.300044 0.176027 0.162876 0.034382 0.00901713
0.742667 0.135375 0.0634295 9.99561E-05 0.0580284 9.99561E-05 9.99561E-05 9.99561E-05 9.99561E-05
0.603664 9.99649E-05 0.0386964 9.99649E-05 0.297266 9.99649E-05 9.99649E-05 0.0136448 0.0463288
0.763416 9.99737E-05 0.0797033 0.0857661 0.0582446 9.99737E-05 9.99737E-05 0.000684771 0.0118851
0.731988 9.997E-05 9.997E-05 0.0424939 0.0665453 9.997E-05 0.00658452 0.12177 0.0303188
0.494891 0.0729646 0.266614 9.99649E-05 0.0698207 9.99649E-05 9.99649E-05 0.0953099 9.99649E-05
0.544822 9.99824E-05 0.000738296 0.0866599 0.0614017 0.177505 9.99824E-05 0.127813 0.00086072
0.451737 0.018866 0.227767 9.99824E-05 0.152437 0.0832573 0.0406532 0.0250817 9.99824E-05
0.778852 9.99649E-05 9.99649E-05 0.0799732 0.12623 9.99649E-05 9.99649E-05 0.0138969 0.000647831
0.682199 0.166998 9.99649E-05 0.0521884 0.0532078 9.99649E-05 9.99649E-05 0.0450069 9.99649E-05
0.895915 9.99474E-05 9.99474E-05 9.99474E-05 9.99474E-05 0.0272656 9.99474E-05 0.0762194 9.99474E-05
0.61583 9.99649E-05 0.0219927 0.195472 0.0793869 9.99649E-05 9.99649E-05 9.99649E-05 0.0869182
0.616954 9.99737E-05 0.127266 0.0154427 0.195278 9.99737E-05 9.99737E-05 0.0202583 0.0245013
0.560981 9.99561E-05 0.225319 9.99561E-05 0.0469069 0.166293 9.99561E-05 9.99561E-05 9.99561E-05
0.783556 0.125421 9.99649E-05 0.0370253 0.0191069 9.99649E-05 9.99649E-05 0.0344906 9.99649E-05
0.645249 0.125099 9.99561E-05 0.0220536 0.207099 9.99561E-05 9.99561E-05 9.99561E-05 9.99561E-05
0.849542 9.99473E-05 0.0380718 9.99473E-05 9.99473E-05 0.111786 9.99473E-05 9.99473E-05 9.99473E-05
0.420462 0.0360058 9.99649E-05 0.123975 0.340984 9.99649E-05 9.99649E-05 0.0781737 9.99649E-05
0.286502 0.380752 9.99737E-05 0.00673111 0.234687 0.0677421 9.99737E-05 0.0232855 9.99737E-05
0.849188 9.99648E-05 9.99648E-05 0.0224917 0.0127802 9.99648E-05 9.99648E-05 0.00955224 0.105588
0.7821 9.99736E-05 9.99736E-05 0.0614932 0.0562878 9.99736E-05 0.0365829 0.0623468 0.000889161
0.942312 9.99473E-05 9.99473E-05 9.99473E-05 0.0219217 0.0351665 9.99473E-05 9.99473E-05 9.99473E-05
0.727801 9.9956E-05 9.9956E-05 9.9956E-05 0.140552 0.0598876 9.9956E-05 0.0712597 9.9956E-05
0.788346 9.99474E-05 9.99474E-05 0.0116689 9.99474E-05 0.199385 9.99474E-05 9.99474E-05 9.99474E-05
0.283661 0.0567361 0.115374 0.0515954 0.278127 9.99824E-05 0.0265585 0.187749 9.99824E-05
0.636641 0.120686 9.99737E-05 0.0361131 9.99737E-05 0.0714839 9.99737E-05 0.00879021 0.125985
0.929766 9.99473E-05 9.99473E-05 9.99473E-05 0.0123348 9.99473E-05 0.0572993 9.99473E-05 9.99473E-05
0.65027 9.99825E-05 0.00438253 9.99825E-05 0.0473779 0.226421 0.00701446 0.0369042 0.02743
0.717165 0.0100302 9.99649E-05 9.99649E-05 0.0489222 0.197623 9.99649E-05 9.99649E-05 0.0258605
0.70087 9.99649E-05 0.121441 9.99649E-05 9.99649E-05 0.026434 9.99649E-05 0.0230351 0.12782
0.734988 0.0274294 9.99649E-05 0.00852798 0.107517 9.99649E-05 0.121138 9.99649E-05 9.99649E-05
0.770016 0.13572 9.99473E-05 9.99473E-05 9.99473E-05 9.99473E-05 9.99473E-05 0.0936646 9.99473E-05
0.853608 9.99561E-05 9.99561E-05 0.0160764 9.99561E-05 0.0902201 9.99561E-05 0.0395952 9.99561E-05
0.0309593 0.184799 9.99649E-05 0.0993961 0.626823 9.99649E-05 9.99649E-05 0.0576227 9.99649E-05
0.308759 0.26898 9.9965E-05 0.0378244 0.320148 9.9965E-05 0.0638886 9.9965E-05 9.9965E-05
0.413554 9.99561E-05 9.99561E-05 0.0462675 0.304684 9.99561E-05 0.234995 9.99561E-05 9.99561E-05
9.999E-05 0.0623733 0.119573 0.197205 0.506922 0.0147828 0.0787053 0.019644 0.000694432
0.073824 0.0846214 9.99912E-05 0.131619 0.438747 0.1157 0.112763 0.0212545 0.0213708
9.99561E-05 9.99561E-05 9.99561E-05 0.0313589 0.780551 9.99561E-05 0.150984 0.0366065 9.99561E-05
9.99561E-05 0.0929813 9.99561E-05 0.108627 0.665457 9.99561E-05 9.99561E-05 0.132435 9.99561E-05
9.99649E-05 9.99649E-05 0.0335204 0.140896 0.568933 9.99649E-05 0.242426 0.0138255 9.99649E-05
0.172577 9.99649E-05 0.11868 0.00892563 0.615178 9.99649E-05 0.0842398 9.99649E-05 9.99649E-05
0.252465 0.0492803 9.99737E-05 0.0140475 0.403116 9.99737E-05 0.0527599 0.228031 9.99737E-05
9.99648E-05 9.99648E-05 9.99648E-05 0.0567123 0.616432 9.99648E-05 0.0720797 0.232313 0.0220629
0.00393353 0.21075 9.998E-05 0.00271223 0.471337 0.0750449 0.0824058 0.153617 9.998E-05
9.99824E-05 0.084872 0.0455458 0.164469 0.232788 0.283612 0.0644925 0.124021 9.99824E-05
9.99561E-05 0.0997233 9.99561E-05 0.0670939 0.649732 0.182951 9.99561E-05 9.99561E-05 9.99561E-05
0.313289 9.99737E-05 0.149777 9.99737E-05 0.293443 0.15162 0.0016929 0.0898798 9.99737E-05
0.193318 0.199942 0.0212556 0.10099 0.292942 9.99825E-05 0.0540647 0.137288 9.99825E-05
9.99737E-05 0.122024 0.0658243 0.0605392 0.471665 0.102686 0.176961 9.99737E-05 9.99737E-05
0.103871 0.219338 9.99737E-05 0.146593 0.251471 9.99737E-05 0.0624898 0.215937 9.99737E-05
0.203651 0.00567842 9.99737E-05 0.0370975 0.416888 9.99737E-05 0.220055 0.11633 9.99737E-05
9.99561E-05 9.99561E-05 9.99561E-05 9.99561E-05 0.754643 0.126667 0.0576624 0.0605282 9.99561E-05
0.400485 9.9965E-05 0.0255496 9.9965E-05 0.431353 0.0876142 0.0545993 9.9965E-05 9.9965E-05
0.111385 0.105245 9.998E-05 0.0457555 0.578299 0.0335766 0.054769 0.0707702 9.998E-05
0.22769 9.99737E-05 0.275031 0.00112783 0.402039 9.99737E-05 0.0610959 0.0327167 9.99737E-05
0.127988 0.191613 0.0738935 0.100395 0.256785 0.0196151 0.182093 0.047516 9.99912E-05
0.266301 0.0898248 0.0019675 0.0464741 0.327931 9.99736E-05 9.99736E-05 0.267202 9.99736E-05
0.397599 9.99649E-05 9.99649E-05 0.0918412 0.422555 9.99649E-05 9.99649E-05 0.0275204 0.060085
0.398359 0.0661771 0.0456823 0.0413406 0.339855 9.99737E-05 0.108286 9.99737E-05 9.99737E-05
0.185744 0.209674 9.996E-05 0.0134674 0.562665 9.996E-05 0.0280493 9.996E-05 9.996E-05
0.260619 0.0415229 0.0201317 0.149928 0.244871 9.99737E-05 0.282628 9.99737E-05 9.99737E-05
0.288596 9.99649E-05 0.228771 0.0630917 0.350493 0.0686482 9.99649E-05 9.99649E-05 9.99649E-05
9.9956E-05 9.9956E-05 0.749651 0.164287 9.9956E-05 0.0795054 9.9956E-05 0.00605629 9.9956E-05
9.993E-05 9.993E-05 0.999201 9.993E-05 9.993E-05 9.993E-05 9.993E-05 9.993E-05 9.993E-05
9.99561E-05 9.99561E-05 0.788518 9.99561E-05 0.0497972 0.141609 9.99561E-05 0.0195757 9.99561E-05
9.99648E-05 9.99648E-05 0.636246 0.103505 0.135081 9.99648E-05 0.096128 9.99648E-05 0.0286404
9.9956E-05 9.9956E-05 0.715907 0.220422 9.9956E-05 9.9956E-05 0.026095 9.9956E-05 0.0370758
9.99561E-05 9.99561E-05 0.595149 0.195968 0.195387 9.99561E-05 9.99561E-05 9.99561E-05 0.0129961
9.997E-05 9.997E-05 0.661086 0.0940769 0.025773 0.0407712 0.047587 0.130406 9.997E-05
9.99472E-05 9.99472E-05 0.686106 0.302982 9.99472E-05 9.99472E-05 9.99472E-05 9.99472E-05 0.010313
9.9956E-05 9.9956E-05 0.273192 0.44048 0.225545 9.9956E-05 9.9956E-05 0.0602832 9.9956E-05
9.99648E-05 0.0236405 0.446306 0.299448 0.201875 9.99648E-05 0.0283307 9.99648E-05 9.99648E-05
9.99474E-05 9.99474E-05 0.84838 0.114504 0.0365158 9.99474E-05 9.99474E-05 9.99474E-05 9.99474E-05
9.99473E-05 9.99473E-05 0.782916 9.99473E-05 0.179834 9.99473E-05 9.99473E-05 0.0366505 9.99473E-05
9.99561E-05 9.99561E-05 0.842989 0.109238 9.99561E-05 9.99561E-05 0.0227398 0.0245336 9.99561E-05
9.99561E-05 9.99561E-05 0.65819 0.14159 0.191948 9.99561E-05 0.00777205 9.99561E-05 9.99561E-05
9.99649E-05 9.99649E-05 0.671695 0.117244 9.99649E-05 0.0681073 0.109024 9.99649E-05 0.0335303
9.99649E-05 9.99649E-05 0.511907 0.17885 0.173921 9.99649E-05 0.0409495 0.0939723 9.99649E-05
9.99561E-05 9.99561E-05 0.659128 0.0802855 0.22308 9.99561E-05 9.99561E-05 9.99561E-05 0.0370067
9.99561E-05 9.99561E-05 0.662285 0.160211 9.99561E-05 0.134797 9.99561E-05 0.0422083 9.99561E-05
9.99473E-05 9.99473E-05 0.89754 0.0571152 9.99473E-05 9.99473E-05 9.99473E-05 0.0447448 9.99473E-05
9.99649E-05 9.99649E-05 0.747978 0.0649461 0.0669381 9.99649E-05 9.99649E-05 0.00526939 0.114468
9.996E-05 9.996E-05 0.721018 0.164214 0.0405969 0.0300461 0.0437254 9.996E-05 9.996E-05
9.99561E-05 9.99561E-05 0.824663 0.0826029 9.99561E-05 9.99561E-05 0.0138639 0.0783704 9.99561E-05
9.9956E-05 9.9956E-05 0.293352 0.22222 0.347047 9.9956E-05 9.9956E-05 9.9956E-05 0.136882
9.99473E-05 9.99473E-05 0.797931 0.187503 9.99473E-05 9.99473E-05 9.99473E-05 0.013966 9.99473E-05
9.99561E-05 9.99561E-05 0.290608 0.292351 0.267447 9.99561E-05 9.99561E-05 9.99561E-05 0.149094
9.99474E-05 9.99474E-05 0.624076 0.188038 0.187286 9.99474E-05 9.99474E-05 9.99474E-05 9.99474E-05
0.0337661 9.99474E-05 0.923782 9.99474E-05 9.99474E-05 9.99474E-05 9.99474E-05 9.99474E-05 0.041852
9.996E-05 9.996E-05 0.693606 0.157954 0.00217109 0.0728578 9.996E-05 9.996E-05 0.0730111
9.99473E-05 9.99473E-05 0.539908 0.225689 0.233803 9.99473E-05 9.99473E-05 9.99473E-05 9.99473E-05
9.99649E-05 9.99649E-05 0.774071 0.0313122 0.0556132 9.99649E-05 9.99649E-05 0.0519783 0.0866258
9.99737E-05 9.99737E-05 0.673039 0.0303243 0.182185 0.0191175 9.99737E-05 0.0460492 0.0489852
9.99648E-05 9.99648E-05 0.870066 0.0029598 9.99648E-05 9.99648E-05 0.00648671 0.0368855 0.0832026
9.99736E-05 9.99736E-05 0.329395 0.371131 0.0472795 0.0197191 9.99736E-05 0.00313231 0.229043
9.9956E-05 9.9956E-05 0.730797 0.0474467 0.153743 9.9956E-05 9.9956E-05 9.9956E-05 0.0675129
9.99385E-05 9.99385E-05 0.988151 0.0111498 9.99385E-05 9.99385E-05 9.99385E-05 9.99385E-05 9.99385E-05
9.99736E-05 0.0408786 0.81495 0.086585 9.99736E-05 9.99736E-05 0.0141563 0.0352808 0.00784889
9.99736E-05 9.99736E-05 0.505334 0.163826 0.189209 0.0111688 0.128146 0.00201583 9.99736E-05
9.993E-05 9.993E-05 0.999201 9.993E-05 9.993E-05 9.993E-05 9.993E-05 9.993E-05 9.993E-05
9.99474E-05 9.99474E-05 0.941255 0.0299102 9.99474E-05 9.99474E-05 0.0282355 9.99474E-05 9.99474E-05
9.993E-05 9.993E-05 0.999201 9.993E-05 9.993E-05 9.993E-05 9.993E-05 9.993E-05 9.993E-05
9.993E-05 9.993E-05 0.999201 9.993E-05 9.993E-05 9.993E-05 9.993E-05 9.993E-05 9.993E-05
9.9956E-05 9.9956E-05 0.375848 0.159641 0.443069 9.9956E-05 9.9956E-05 0.0209428 9.9956E-05
9.99473E-05 9.99473E-05 0.750582 0.196681 9.99473E-05 0.0521379 9.99473E-05 9.99473E-05 9.99473E-05
9.99562E-05 9.99562E-05 0.798858 0.118493 0.00923318 9.99562E-05 9.99562E-05 9.99562E-05 0.0729156
0.00979991 9.99386E-05 0.989501 9.99386E-05 9.99386E-05 9.99386E-05 9.99386E-05 9.99386E-05 9.99386E-05
9.9956E-05 9.9956E-05 0.376234 0.312676 0.131629 9.9956E-05 9.9956E-05 9.9956E-05 0.178962
9.99649E-05 9.99649E-05 0.602346 0.161905 0.148109 9.99649E-05 0.0463758 0.0408644 9.99649E-05
9.99825E-05 0.0254846 0.511439 0.211378 0.089284 0.0234689 0.0948401 9.99825E-05 0.0439056
9.996E-05 9.996E-05 0.383795 0.28876 0.306131 9.996E-05 9.996E-05 0.00756311 0.0133507
9.993E-05 9.993E-05 0.999201 9.993E-05 9.993E-05 9.993E-05 9.993E-05 9.993E-05 9.993E-05
9.99736E-05 0.221313 0.577974 0.0137159 0.144075 9.99736E-05 9.99736E-05 0.0253924 0.0172297
9.99387E-05 9.99387E-05 0.909554 0.0897466 9.99387E-05 9.99387E-05 9.99387E-05 9.99387E-05 9.99387E-05
9.99561E-05 9.99561E-05 0.786188 0.15193 0.0455495 9.99561E-05 9.99561E-05 0.0158322 9.99561E-05
9.99473E-05 9.99473E-05 0.739964 0.14191 9.99473E-05 0.117526 9.99473E-05 9.99473E-05 9.99473E-05
9.99736E-05 0.036339 0.846847 0.00999918 9.99736E-05 9.99736E-05 0.0499276 0.0538056 0.00278212
9.99473E-05 9.99473E-05 0.335744 0.291339 0.372317 9.99473E-05 9.99473E-05 9.99473E-05 9.99473E-05
9.99472E-05 9.99472E-05 0.816791 0.161598 9.99472E-05 9.99472E-05 9.99472E-05 0.0210109 9.99472E-05
9.99648E-05 9.99648E-05 0.771693 0.0785267 0.0165627 0.0901811 9.99648E-05 9.99648E-05 0.0426362
9.99385E-05 9.99385E-05 0.812304 9.99385E-05 9.99385E-05 9.99385E-05 9.99385E-05 9.99385E-05 0.186996
9.99385E-05 9.99385E-05 0.787935 0.211365 9.99385E-05 9.99385E-05 9.99385E-05 9.99385E-05 9.99385E-05
9.993E-05 9.993E-05 9.993E-05 9.993E-05 0.999201 9.993E-05 9.993E-05 9.993E-05 9.993E-05
9.993E-05 9.993E-05 9.993E-05 0.999201 9.993E-05 9.993E-05 9.993E-05 9.993E-05 9.993E-05
9.993E-05 9.993E-05 9.993E-05 9.993E-05 0.999201 9.993E-05 9.993E-05 9.993E-05 9.993E-05
9.993E-05 9.993E-05 9.993E-05 0.999201 9.993E-05 9.993E-05 9.993E-05 9.993E-05 9.993E-05
9.993E-05 9.993E-05 9.993E-05 0.999201 9.993E-05 9.993E-05 9.993E-05 9.993E-05 9.993E-05
9.993E-05 9.993E-05 9.993E-05 0.999201 9.993E-05 9.993E-05 9.993E-05 9.993E-05 9.993E-05
9.993E-05 9.993E-05 9.993E-05 9.993E-05 0.999201 9.993E-05 9.993E-05 9.993E-05 9.993E-05
9.993E-05 9.993E-05 9.993E-05 0.999201 9.993E-05 9.993E-05 9.993E-05 9.993E-05 9.993E-05
9.993E-05 9.993E-05 9.993E-05 0.999201 9.993E-05 9.993E-05 9.993E-05 9.993E-05 9.993E-05
9.993E-05 9.993E-05 9.993E-05 9.993E-05 0.999201 9.993E-05 9.993E-05 9.993E-05 9.993E-05
9.993E-05 9.993E-05 9.993E-05 9.993E-05 0.999201 9.993E-05 9.993E-05 9.993E-05 9.993E-05
9.993E-05 9.993E-05 9.993E-05 9.993E-05 0.999201 9.993E-05 9.993E-05 9.993E-05 9.993E-05
9.993E-05 9.993E-05 9.993E-05 0.999201 9.993E-05 9.993E-05 9.993E-05 9.993E-05 9.993E-05
9.993E-05 9.993E-05 9.993E-05 0.999201 9.993E-05 9.993E-05 9.993E-05 9.993E-05 9.993E-05
9.993E-05 9.993E-05 9.993E-05 9.993E-05 0.999201 9.993E-05 9.993E-05 9.993E-05 9.993E-05
9.993E-05 9.993E-05 9.993E-05 9.993E-05 0.999201 9.993E-05 9.993E-05 9.993E-05 9.993E-05
9.998E-05 0.0329635 0.412463 0.140732 0.124308 0.0884884 0.0217939 9.998E-05 0.179051
9.993E-05 9.993E-05 9.993E-05 9.993E-05 0.999201 9.993E-05 9.993E-05 9.993E-05 9.993E-05
9.993E-05 9.993E-05 9.993E-05 0.999201 9.993E-05 9.993E-05 9.993E-05 9.993E-05 9.993E-05
9.993E-05 9.993E-05 9.993E-05 9.993E-05 0.999201 9.993E-05 9.993E-05 9.993E-05 9.993E-05
9.993E-05 9.993E-05 9.993E-05 9.993E-05 0.999201 9.993E-05 9.993E-05 9.993E-05 9.993E-05
9.993E-05 9.993E-05 9.993E-05 9.993E-05 0.999201 9.993E-05 9.993E-05 9.993E-05 9.993E-05
9.993E-05 9.993E-05 9.993E-05 0.999201 9.993E-05 9.993E-05 9.993E-05 9.993E-05 9.993E-05
9.993E-05 9.993E-05 9.993E-05 9.993E-05 0.999201 9.993E-05 9.993E-05 9.993E-05 9.993E-05
9.993E-05 9.993E-05 9.993E-05 0.999201 9.993E-05 9.993E-05 9.993E-05 9.993E-05 9.993E-05
9.993E-05 9.993E-05 9.993E-05 9.993E-05 0.999201 9.993E-05 9.993E-05 9.993E-05 9.993E-05
9.993E-05 9.993E-05 9.993E-05 9.993E-05 0.999201 9.993E-05 9.993E-05 9.993E-05 9.993E-05
9.993E-05 9.993E-05 9.993E-05 0.999201 9.993E-05 9.993E-05 9.993E-05 9.993E-05 9.993E-05
9.993E-05 9.993E-05 9.993E-05 0.999201 9.993E-05 9.993E-05 9.993E-05 9.993E-05 9.993E-05
9.993E-05 9.993E-05 9.993E-05 0.999201 9.993E-05 9.993E-05 9.993E-05 9.993E-05 9.993E-05
9.993E-05 9.993E-05 9.993E-05 9.993E-05 0.999201 9.993E-05 9.993E-05 9.993E-05 9.993E-05
9.993E-05 9.993E-05 9.993E-05 9.993E-05 0.999201 9.993E-05 9.993E-05 9.993E-05 9.993E-05
9.993E-05 9.993E-05 9.993E-05 9.993E-05 0.999201 9.993E-05 9.993E-05 9.993E-05 9.993E-05
9.993E-05 9.993E-05 9.993E-05 9.993E-05 0.999201 9.993E-05 9.993E-05 9.993E-05 9.993E-05
9.993E-05 9.993E-05 9.993E-05 9.993E-05 0.999201 9.993E-05 9.993E-05 9.993E-05 9.993E-05
9.993E-05 9.993E-05 9.993E-05 0.999201 9.993E-05 9.993E-05 9.993E-05 9.993E-05 9.993E-05
9.993E-05 9.993E-05 9.993E-05 0.999201 9.993E-05 9.993E-05 9.993E-05 9.993E-05 9.993E-05
9.993E-05 9.993E-05 9.993E-05 0.999201 9.993E-05 9.993E-05 9.993E-05 9.993E-05 9.993E-05
9.993E-05 9.993E-05 9.993E-05 9.993E-05 0.999201 9.993E-05 9.993E-05 9.993E-05 9.993E-05
9.993E-05 9.993E-05 9.993E-05 0.999201 9.993E-05 9.993E-05 9.993E-05 9.993E-05 9.993E-05
9.993E-05 9.993E-05 9.993E-05 0.999201 9.993E-05 9.993E-05 9.993E-05 9.993E-05 9.993E-05
9.993E-05 9.993E-05 9.993E-05 0.999201 9.993E-05 9.993E-05 9.993E-05 9.993E-05 9.993E-05
9.993E-05 9.993E-05 9.993E-05 0.999201 9.993E-05 9.993E-05 9.993E-05 9.993E-05 9.993E-05
9.993E-05 9.993E-05 9.993E-05 9.993E-05 0.999201 9.993E-05 9.993E-05 9.993E-05 9.993E-05
9.993E-05 9.993E-05 9.993E-05 0.999201 9.993E-05 9.993E-05 9.993E-05 9.993E-05 9.993E-05
9.993E-05 9.993E-05 9.993E-05 0.999201 9.993E-05 9.993E-05 9.993E-05 9.993E-05 9.993E-05
9.99824E-05 0.0354673 0.4022 0.123499 0.118296 0.144686 0.0389076 9.99824E-05 0.136745
9.993E-05 9.993E-05 9.993E-05 9.993E-05 0.999201 9.993E-05 9.993E-05 9.993E-05 9.993E-05
9.993E-05 9.993E-05 9.993E-05 0.999201 9.993E-05 9.993E-05 9.993E-05 9.993E-05 9.993E-05
9.993E-05 9.993E-05 9.993E-05 0.999201 9.993E-05 9.993E-05 9.993E-05 9.993E-05 9.993E-05
9.993E-05 9.993E-05 9.993E-05 0.999201 9.993E-05 9.993E-05 9.993E-05 9.993E-05 9.993E-05
9.993E-05 9.993E-05 9.993E-05 0.999201 9.993E-05 9.993E-05 9.993E-05 9.993E-05 9.993E-05
9.993E-05 9.993E-05 9.993E-05 9.993E-05 0.999201 9.993E-05 9.993E-05 9.993E-05 9.993E-05
9.993E-05 9.993E-05 9.993E-05 0.999201 9.993E-05 9.993E-05 9.993E-05 9.993E-05 9.993E-05
9.993E-05 9.993E-05 9.993E-05 9.993E-05 0.999201 9.993E-05 9.993E-05 9.993E-05 9.993E-05
9.993E-05 9.993E-05 9.993E-05 0.999201 9.993E-05 9.993E-05 9.993E-05 9.993E-05 9.993E-05
9.993E-05 9.993E-05 9.993E-05 9.993E-05 0.999201 9.993E-05 9.993E-05 9.993E-05 9.993E-05
9.993E-05 9.993E-05 9.993E-05 0.999201 9.993E-05 9.993E-05 9.993E-05 9.993E-05 9.993E-05
9.993E-05 9.993E-05 9.993E-05 0.999201 9.993E-05 9.993E-05 9.993E-05 9.993E-05 9.993E-05
9.993E-05 9.993E-05 9.993E-05 0.999201 9.993E-05 9.993E-05 9.993E-05 9.993E-05 9.993E-05
9.993E-05 9.993E-05 9.993E-05 0.999201 9.993E-05 9.993E-05 9.993E-05 9.993E-05 9.993E-05
9.993E-05 9.993E-05 9.993E-05 0.999201 9.993E-05 9.993E-05 9.993E-05 9.993E-05 9.993E-05
9.993E-05 9.993E-05 9.993E-05 0.999201 9.993E-05 9.993E-05 9.993E-05 9.993E-05 9.993E-05
9.993E-05 9.993E-05 9.993E-05 9.993E-05 0.999201 9.993E-05 9.993E-05 9.993E-05 9.993E-05
9.993E-05 9.993E-05 9.993E-05 9.993E-05 0.999201 9.993E-05 9.993E-05 9.993E-05 9.993E-05
9.993E-05 9.993E-05 9.993E-05 9.993E-05 0.999201 9.993E-05 9.993E-05 9.993E-05 9.993E-05
9.993E-05 9.993E-05 9.993E-05 0.999201 9.993E-05 9.993E-05 9.993E-05 9.993E-05 9.993E-05
9.993E-05 9.993E-05 9.993E-05 9.993E-05 0.999201 9.993E-05 9.993E-05 9.993E-05 9.993E-05
9.993E-05 9.993E-05 9.993E-05 9.993E-05 0.999201 9.993E-05 9.993E-05 9.993E-05 9.993E-05
9.993E-05 9.993E-05 9.993E-05 9.993E-05 0.999201 9.993E-05 9.993E-05 9.993E-05 9.993E-05
9.993E-05 9.993E-05 9.993E-05 0.999201 9.993E-05 9.993E-05 9.993E-05 9.993E-05 9.993E-05
9.993E-05 9.993E-05 9.993E-05 0.999201 9.993E-05 9.993E-05 9.993E-05 9.993E-05 9.993E-05
9.993E-05 9.993E-05 9.993E-05 0.999201 9.993E-05 9.993E-05 9.993E-05 9.993E-05 9.993E-05
9.993E-05 9.993E-05 9.993E-05 9.993E-05 0.999201 9.993E-05 9.993E-05 9.993E-05 9.993E-05
9.993E-05 9.993E-05 9.993E-05 0.999201 9.993E-05 9.993E-05 9.993E-05 9.993E-05 9.993E-05
9.993E-05 9.993E-05 9.993E-05 0.999201 9.993E-05 9.993E-05 9.993E-05 9.993E-05 9.993E-05
9.993E-05 9.993E-05 9.993E-05 9.993E-05 0.999201 9.993E-05 9.993E-05 9.993E-05 9.993E-05
9.993E-05 9.993E-05 9.993E-05 0.999201 9.993E-05 9.993E-05 9.993E-05 9.993E-05 9.993E-05
9.993E-05 9.993E-05 9.993E-05 0.999201 9.993E-05 9.993E-05 9.993E-05 9.993E-05 9.993E-05
9.99824E-05 9.99824E-05 0.158971 0.0687339 0.490075 0.0718468 0.0528409 0.128405 0.0289276
9.993E-05 9.993E-05 9.993E-05 9.993E-05 0.999201 9.993E-05 9.993E-05 9.993E-05 9.993E-05
9.993E-05 9.993E-05 9.993E-05 0.999201 9.993E-05 9.993E-05 9.993E-05 9.993E-05 9.993E-05
9.99561E-05 9.99561E-05 0.383551 0.499016 9.99561E-05 0.0709149 9.99561E-05 0.0460179 9.99561E-05
9.99561E-05 9.99561E-05 0.457266 0.253224 0.199098 9.99561E-05 9.99561E-05 9.99561E-05 0.0899122
9.9956E-05 9.9956E-05 0.458415 0.132012 0.372086 9.9956E-05 9.9956E-05 9.9956E-05 0.0369876
9.9956E-05 0.0995927 0.773391 9.9956E-05 9.9956E-05 9.9956E-05 0.0763158 9.9956E-05 0.0502005
9.9956E-05 9.9956E-05 0.396618 0.269868 0.294822 9.9956E-05 9.9956E-05 9.9956E-05 0.0381919
9.99387E-05 9.99387E-05 0.939817 0.059483 9.99387E-05 9.99387E-05 9.99387E-05 9.99387E-05 9.99387E-05
9.99649E-05 0.198144 0.181153 0.32066 0.260728 9.99649E-05 9.99649E-05 0.0389151 9.99649E-05
9.99648E-05 9.99648E-05 0.662743 0.131752 9.99648E-05 9.99648E-05 0.147718 0.0455295 0.011857
9.99386E-05 9.99386E-05 0.796685 0.202616 9.99386E-05 9.99386E-05 9.99386E-05 9.99386E-05 9.99386E-05
9.99648E-05 0.0683052 0.783823 9.99648E-05 0.0714172 0.0486787 9.99648E-05 9.99648E-05 0.0273764
9.99561E-05 9.99561E-05 0.583464 0.057815 0.272686 9.99561E-05 9.99561E-05 0.0855357 9.99561E-05
9.99473E-05 9.99473E-05 0.431005 0.553436 0.0149595 9.99473E-05 9.99473E-05 9.99473E-05 9.99473E-05
9.99649E-05 9.99649E-05 0.271472 0.185228 0.35077 0.145229 0.0469013 9.99649E-05 9.99649E-05
9.9956E-05 9.9956E-05 0.715253 0.114034 9.9956E-05 0.00946983 0.160743 9.9956E-05 9.9956E-05
9.9956E-05 9.9956E-05 0.604703 0.144298 0.193755 9.9956E-05 9.9956E-05 0.0567441 9.9956E-05
9.99561E-05 9.99561E-05 0.375324 0.300334 0.265999 9.99561E-05 9.99561E-05 0.0578434 9.99561E-05
9.99649E-05 9.99649E-05 0.675354 0.202605 0.0762023 9.99649E-05 9.99649E-05 0.0133015 0.0321368
9.99824E-05 9.99824E-05 0.372803 0.0379506 0.427796 0.0433262 0.0380146 0.0653859 0.0145239
9.997E-05 9.997E-05 0.583607 0.15967 0.102452 0.0342423 9.997E-05 0.0369584 0.0827703
9.99648E-05 9.99648E-05 0.538071 0.169455 0.158899 9.99648E-05 0.0224623 9.99648E-05 0.110713
9.996E-05 9.996E-05 0.661482 0.153044 0.0239459 0.0348896 9.996E-05 9.996E-05 0.126239
9.99472E-05 9.99472E-05 0.616734 0.229575 9.99472E-05 0.153091 9.99472E-05 9.99472E-05 9.99472E-05
9.99736E-05 9.99736E-05 0.529003 0.192443 0.000573879 0.129962 0.0449857 9.99736E-05 0.102733
9.99736E-05 9.99736E-05 0.625773 0.143967 0.134677 9.99736E-05 0.0162762 0.0780421 0.000963983
9.99472E-05 9.99472E-05 0.789895 9.99472E-05 9.99472E-05 9.99472E-05 0.127808 9.99472E-05 0.0816979
9.99386E-05 9.99386E-05 0.991342 0.00795821 9.99386E-05 9.99386E-05 9.99386E-05 9.99386E-05 9.99386E-05
9.99736E-05 0.0590644 0.61667 0.124647 0.0941651 0.0861173 0.0190364 9.99736E-05 9.99736E-05
9.99648E-05 0.10027 0.326508 0.311957 0.237051 9.99648E-05 0.0238131 9.99648E-05 9.99648E-05
9.9956E-05 9.9956E-05 0.807499 9.9956E-05 9.9956E-05 0.0757773 0.061005 9.9956E-05 0.055219
9.99561E-05 9.99561E-05 0.541456 0.228266 9.99561E-05 9.99561E-05 0.14168 9.99561E-05 0.0880982
9.996E-05 9.996E-05 0.291227 0.348301 0.302255 0.0204849 9.996E-05 0.0373325 9.996E-05
9.99561E-05 9.99561E-05 0.645273 0.238318 0.10479 9.99561E-05 9.99561E-05 0.011119 9.99561E-05
9.9956E-05 9.9956E-05 0.471007 0.256999 0.251195 9.9956E-05 0.0202991 9.9956E-05 9.9956E-05
9.99648E-05 9.99648E-05 0.531961 0.242122 0.136072 9.99648E-05 0.0627986 0.0266469 9.99648E-05
9.997E-05 9.997E-05 0.54486 0.162154 0.124522 0.0673632 0.0865993 0.0142019 9.997E-05
9.99561E-05 9.99561E-05 0.774799 0.0536648 0.129913 9.99561E-05 9.99561E-05 9.99561E-05 0.0411228
9.993E-05 9.993E-05 0.999201 9.993E-05 9.993E-05 9.993E-05 9.993E-05 9.993E-05 9.993E-05
9.99736E-05 0.0290782 0.537141 9.99736E-05 0.295763 0.0209994 0.0190618 0.097657 9.99736E-05
9.99649E-05 9.99649E-05 0.774228 0.00188487 9.99649E-05 0.00832541 9.99649E-05 0.111532 0.10363
9.99736E-05 0.0984927 0.504825 0.271251 0.0435214 0.0327148 9.99736E-05 9.99736E-05 0.0488951
9.997E-05 9.997E-05 0.633484 0.145603 0.13636 0.00587618 0.0376802 9.997E-05 0.0406965
9.99649E-05 9.99649E-05 0.694247 0.0518339 0.129211 0.0837864 9.99649E-05 9.99649E-05 0.0405227
9.99648E-05 0.193716 0.539836 0.232424 0.0201571 9.99648E-05 9.99648E-05 9.99648E-05 0.0134661
9.99561E-05 9.99561E-05 0.266997 0.576377 0.152616 9.99561E-05 0.00351005 9.99561E-05 9.99561E-05
9.99648E-05 9.99648E-05 0.230766 0.223349 0.463439 9.99648E-05 0.0497839 0.0322633 9.99648E-05
9.99648E-05 9.99648E-05 0.723314 0.181494 0.0203754 0.0297835 0.0446341 9.99648E-05 9.99648E-05
9.993E-05 9.993E-05 0.999201 9.993E-05 9.993E-05 9.993E-05 9.993E-05 9.993E-05 9.993E-05
9.9956E-05 9.9956E-05 0.702246 0.237323 9.9956E-05 9.9956E-05 9.9956E-05 0.0331069 0.026824
9.993E-05 9.993E-05 0.999201 9.993E-05 9.993E-05 9.993E-05 9.993E-05 9.993E-05 9.993E-05
9.99649E-05 9.99649E-05 0.294178 0.258026 0.355507 9.99649E-05 0.0892255 9.99649E-05 0.00266415
9.993E-05 9.993E-05 0.999201 9.993E-05 9.993E-05 9.993E-05 9.993E-05 9.993E-05 9.993E-05
9.99473E-05 9.99473E-05 0.653657 9.99473E-05 0.292091 9.99473E-05 9.99473E-05 0.0536527 9.99473E-05
9.99648E-05 9.99648E-05 0.441571 0.0120411 0.398275 0.119586 9.99648E-05 0.0281262 9.99648E-05
9.99472E-05 9.99472E-05 0.430122 0.192203 0.377076 9.99472E-05 9.99472E-05 9.99472E-05 9.99472E-05
9.99648E-05 0.062539 0.647285 0.106768 9.99648E-05 0.102972 9.99648E-05 9.99648E-05 0.0800356
9.99648E-05 0.00209295 0.540616 0.239411 0.202863 9.99648E-05 9.99648E-05 9.99648E-05 0.0146175
9.99475E-05 9.99475E-05 0.746976 0.022367 0.230057 9.99475E-05 9.99475E-05 9.99475E-05 9.99475E-05
9.99385E-05 9.99385E-05 0.801022 0.198278 9.99385E-05 9.99385E-05 9.99385E-05 9.99385E-05 9.99385E-05
9.99649E-05 0.000728958 0.615399 0.222683 0.0845113 9.99649E-05 9.99649E-05 9.99649E-05 0.0762775
9.99474E-05 9.99474E-05 0.535989 0.177575 0.285836 9.99474E-05 9.99474E-05 9.99474E-05 9.99474E-05
9.993E-05 9.993E-05 0.999201 9.993E-05 9.993E-05 9.993E-05 9.993E-05 9.993E-05 9.993E-05
9.99386E-05 9.99386E-05 0.928632 0.0706684 9.99386E-05 9.99386E-05 9.99386E-05 9.99386E-05 9.99386E-05
0.0928926 9.99474E-05 0.875998 9.99474E-05 0.0305096 9.99474E-05 9.99474E-05 9.99474E-05 9.99474E-05
9.99648E-05 9.99648E-05 0.731573 0.133033 0.0512913 9.99648E-05 0.00409958 0.079603 9.99648E-05
9.9956E-05 9.9956E-05 0.561764 0.26703 9.9956E-05 9.9956E-05 9.9956E-05 0.022136 0.148571
9.99473E-05 9.99473E-05 0.716768 0.277625 9.99473E-05 0.00500748 9.99473E-05 9.99473E-05 9.99473E-05
9.99386E-05 9.99386E-05 0.97495 0.0243508 9.99386E-05 9.99386E-05 9.99386E-05 9.99386E-05 9.99386E-05
9.99561E-05 9.99561E-05 0.319537 0.29607 0.30519 9.99561E-05 9.99561E-05 9.99561E-05 0.0787039
9.99648E-05 9.99648E-05 0.511543 0.0357946 0.403652 9.99648E-05 9.99648E-05 0.000138862 0.0484712
9.99474E-05 9.99474E-05 0.908711 9.99474E-05 0.0778047 9.99474E-05 9.99474E-05 9.99474E-05 0.0128848
9.99561E-05 9.99561E-05 0.534518 0.0474127 0.375169 9.99561E-05 9.99561E-05 9.99561E-05 0.0424007
0.133844 9.99474E-05 0.839339 9.99474E-05 0.026218 9.99474E-05 9.99474E-05 9.99474E-05 9.99474E-05
9.99473E-05 9.99473E-05 0.399317 0.337196 0.262888 9.99473E-05 9.99473E-05 9.99473E-05 9.99473E-05
9.99649E-05 9.99649E-05 0.633806 9.99649E-05 0.132484 0.120283 0.103006 9.99649E-05 0.0100214
9.99386E-05 9.99386E-05 0.857485 9.99386E-05 0.141815 9.99386E-05 9.99386E-05 9.99386E-05 9.99386E-05
9.99473E-05 9.99473E-05 0.681377 0.160356 0.157667 9.99473E-05 9.99473E-05 9.99473E-05 9.99473E-05
9.99387E-05 9.99387E-05 0.983946 9.99387E-05 0.015354 9.99387E-05 9.99387E-05 9.99387E-05 9.99387E-05
9.9956E-05 9.9956E-05 0.704175 9.9956E-05 0.123203 9.9956E-05 0.10122 9.9956E-05 0.0709025
9.99474E-05 9.99474E-05 0.958061 0.00929472 0.0320445 9.99474E-05 9.99474E-05 9.99474E-05 9.99474E-05
9.9956E-05 9.9956E-05 0.534568 0.405345 0.0240505 9.9956E-05 9.9956E-05 0.0355371 9.9956E-05
9.99648E-05 0.0752447 0.64402 0.218839 9.99648E-05 9.99648E-05 9.99648E-05 0.0524828 0.00901407
9.99648E-05 9.99648E-05 0.500635 0.206286 9.99648E-05 0.120789 9.99648E-05 0.070146 0.101744
9.993E-05 9.993E-05 0.999201 9.993E-05 9.993E-05 9.993E-05 9.993E-05 9.993E-05 9.993E-05
9.99474E-05 9.99474E-05 0.720823 0.259726 9.99474E-05 9.99474E-05 9.99474E-05 0.0188521 9.99474E-05
9.99736E-05 9.99736E-05 0.578168 0.179231 0.0739742 9.99736E-05 0.00456217 0.0411258 0.122639
9.99473E-05 9.99473E-05 0.901387 0.00729169 0.0907221 9.99473E-05 9.99473E-05 9.99473E-05 9.99473E-05
9.9956E-05 9.9956E-05 0.624619 0.018626 0.155586 9.9956E-05 0.20067 9.9956E-05 9.9956E-05
9.99648E-05 9.99648E-05 0.43327 0.415059 0.103954 9.99648E-05 0.043596 9.99648E-05 0.00372101
9.99561E-05 0.121001 0.549751 0.0566658 0.272082 9.99561E-05 9.99561E-05 9.99561E-05 9.99561E-05
9.9956E-05 9.9956E-05 0.597731 0.253761 0.0309667 9.9956E-05 9.9956E-05 9.9956E-05 0.117041
0.0022724 0.102805 0.513802 0.069442 0.18401 9.99737E-05 9.99737E-05 9.99737E-05 0.127369
9.99648E-05 9.99648E-05 0.370439 0.0726698 0.400298 9.99648E-05 0.148519 9.99648E-05 0.00767448
0.0514279 0.0388276 0.358549 0.307644 0.243152 9.99649E-05 9.99649E-05 9.99649E-05 9.99649E-05
9.99648E-05 9.99648E-05 0.50616 0.0763052 0.158167 9.99648E-05 9.99648E-05 0.141668 0.117299
9.99474E-05 9.99474E-05 0.678388 0.313762 0.00725028 9.99474E-05 9.99474E-05 9.99474E-05 9.99474E-05
9.99386E-05 9.99386E-05 0.919538 9.99386E-05 0.0797625 9.99386E-05 9.99386E-05 9.99386E-05 9.99386E-05
9.99561E-05 0.0611205 0.58056 0.305991 9.99561E-05 0.0518283 9.99561E-05 9.99561E-05 9.99561E-05
9.9956E-05 9.9956E-05 0.443615 0.0585873 0.378626 9.9956E-05 9.9956E-05 0.118672 9.9956E-05
9.99473E-05 9.99473E-05 0.536839 9.99473E-05 0.42469 9.99473E-05 0.0378713 9.99473E-05 9.99473E-05
9.99737E-05 0.0437933 0.229202 0.158164 0.522822 9.99737E-05 0.00892209 9.99737E-05 0.0367965
9.99736E-05 9.99736E-05 0.506555 0.187988 9.99736E-05 0.0385002 0.0605626 0.102965 0.10313
9.9956E-05 0.118315 0.515931 0.0478892 0.317365 9.9956E-05 9.9956E-05 9.9956E-05 9.9956E-05
9.99736E-05 9.99736E-05 0.41551 0.098673 0.126788 9.99736E-05 0.129151 0.0872853 0.142293
0.0531463 9.99474E-05 0.887406 0.0588482 9.99474E-05 9.99474E-05 9.99474E-05 9.99474E-05 9.99474E-05
0.010713 9.99562E-05 0.776814 0.122468 0.089505 9.99562E-05 9.99562E-05 9.99562E-05 9.99562E-05
9.99561E-05 9.99561E-05 0.54357 0.156293 0.270163 9.99561E-05 9.99561E-05 0.0294739 9.99561E-05
9.99473E-05 9.99473E-05 0.402788 9.99473E-05 0.40346 9.99473E-05 0.193153 9.99473E-05 9.99473E-05
9.99387E-05 9.99387E-05 0.980105 0.0191954 9.99387E-05 9.99387E-05 9.99387E-05 9.99387E-05 9.99387E-05
9.99387E-05 9.99387E-05 0.992947 9.99387E-05 0.00635312 9.99387E-05 9.99387E-05 9.99387E-05 9.99387E-05
9.99561E-05 9.99561E-05 0.79386 0.0804683 9.99561E-05 9.99561E-05 0.0460879 9.99561E-05 0.0790839
9.99561E-05 9.99561E-05 0.799964 0.0985873 9.99561E-05 9.99561E-05 0.059426 9.99561E-05 0.0415226
9.99473E-05 9.99473E-05 0.908657 9.99473E-05 0.0797928 9.99473E-05 9.99473E-05 0.0109501 9.99473E-05
9.99472E-05 9.99472E-05 0.534553 0.154626 0.310221 9.99472E-05 9.99472E-05 9.99472E-05 9.99472E-05
9.99648E-05 9.99648E-05 0.635481 0.00526272 0.159341 0.135366 9.99648E-05 9.99648E-05 0.0641499
9.99648E-05 9.99648E-05 0.279918 9.99648E-05 0.387067 0.0756898 9.99648E-05 0.106432 0.150493
9.99473E-05 9.99473E-05 0.604564 0.359232 0.0356041 9.99473E-05 9.99473E-05 9.99473E-05 9.99473E-05
9.99648E-05 9.99648E-05 0.588521 0.189147 0.162312 9.99648E-05 0.00867199 9.99648E-05 0.0509491
9.99648E-05 9.99648E-05 0.473268 0.0404311 0.331665 9.99648E-05 0.100837 9.99648E-05 0.0533991
9.99473E-05 9.99473E-05 0.956498 0.0255826 9.99473E-05 9.99473E-05 9.99473E-05 9.99473E-05 0.0173199
9.99648E-05 0.0141116 0.277752 9.99648E-05 0.555918 0.0987541 9.99648E-05 0.0530642 9.99648E-05
9.99648E-05 9.99648E-05 0.668915 9.99648E-05 0.150364 0.00187266 0.138906 9.99648E-05 0.0395425
9.99648E-05 9.99648E-05 0.487892 0.205092 0.0662665 9.99648E-05 9.99648E-05 0.130577 0.109773
9.99648E-05 0.0354762 0.401934 0.110206 0.423645 9.99648E-05 9.99648E-05 9.99648E-05 0.0283386
9.99737E-05 0.0273982 0.575679 0.200121 0.067959 0.055738 9.99737E-05 0.0728052 9.99737E-05
9.99474E-05 9.99474E-05 0.773237 0.148978 0.0771846 9.99474E-05 9.99474E-05 9.99474E-05 9.99474E-05
9.99736E-05 9.99736E-05 0.399802 0.226515 0.127287 9.99736E-05 0.0923578 0.139824 0.013914
9.99386E-05 9.99386E-05 0.971368 9.99386E-05 0.0279327 9.99386E-05 9.99386E-05 9.99386E-05 9.99386E-05
0.0219023 9.99562E-05 0.817176 0.114287 0.0461342 9.99562E-05 9.99562E-05 9.99562E-05 9.99562E-05
9.99648E-05 9.99648E-05 0.441591 0.227738 0.0965858 9.99648E-05 9.99648E-05 0.119178 0.114507
9.9956E-05 9.9956E-05 0.532859 0.154737 0.228293 9.9956E-05 9.9956E-05 9.9956E-05 0.0836108
9.99649E-05 9.99649E-05 0.0151981 0.211165 0.559781 0.0680052 9.99649E-05 0.14545 9.99649E-05
9.99649E-05 9.99649E-05 0.0198529 0.165485 0.624158 0.110717 9.99649E-05 0.0793871 9.99649E-05
9.99648E-05 9.99648E-05 0.101442 0.149553 0.424861 0.217966 9.99648E-05 0.105778 9.99648E-05
9.9965E-05 9.9965E-05 0.296357 0.0988465 0.399327 0.0530292 9.9965E-05 0.15204 9.9965E-05
9.99912E-05 0.00889508 0.157613 0.113696 0.415754 0.114867 0.0795437 0.044987 0.0645447
0.258864 0.174817 9.9965E-05 0.103946 0.45064 9.9965E-05 9.9965E-05 0.0113323 9.9965E-05
9.99649E-05 0.0748486 0.0233504 0.202172 0.621499 9.99649E-05 9.99649E-05 0.0777307 9.99649E-05
9.9965E-05 9.9965E-05 0.0230893 0.140443 0.585552 0.153676 9.9965E-05 0.0968396 9.9965E-05
0.309673 0.0227841 0.136323 9.99825E-05 0.332964 0.0324935 0.0501924 0.11537 9.99825E-05
9.99736E-05 0.0370778 0.049424 0.232407 0.522628 0.120704 9.99736E-05 0.0374601 9.99736E-05
9.99737E-05 0.17868 0.00794412 0.105751 0.468632 9.99737E-05 0.0361562 0.202537 9.99737E-05
0.123582 0.0138111 0.0616538 9.99649E-05 0.606719 9.99649E-05 9.99649E-05 9.99649E-05 0.193834
9.99649E-05 9.99649E-05 0.103047 0.136755 0.520038 0.2065 9.99649E-05 0.0332594 9.99649E-05
0.341123 9.99562E-05 0.115031 0.00796782 0.535378 9.99562E-05 9.99562E-05 9.99562E-05 9.99562E-05
9.99737E-05 0.0485893 0.161851 0.0157367 0.614314 9.99737E-05 0.0106176 0.148591 9.99737E-05
0.0128061 0.156453 9.99737E-05 0.160431 0.430767 0.188414 9.99737E-05 0.0508288 9.99737E-05
0.00741782 0.0550541 0.0497861 0.117764 0.628991 9.99737E-05 9.99737E-05 0.140688 9.99737E-05
9.99649E-05 0.160539 0.0645544 0.0102705 0.74247 9.99649E-05 9.99649E-05 0.0217664 9.99649E-05
9.99561E-05 9.99561E-05 9.99561E-05 0.0991749 0.58997 0.101109 9.99561E-05 0.209247 9.99561E-05
0.0079116 0.0229826 9.99825E-05 0.0953414 0.650623 0.140068 9.99825E-05 0.0729638 0.00990977
0.0517839 9.99649E-05 0.0436849 0.120734 0.624701 9.99649E-05 9.99649E-05 0.158696 9.99649E-05
0.177022 0.0620742 0.0331965 0.0745785 0.436684 0.115877 9.99825E-05 0.100367 9.99825E-05
0.0496443 0.100667 0.00416547 0.0386712 0.658343 9.99912E-05 0.00538836 0.121961 0.0210597
9.99649E-05 0.0585567 0.0165052 0.278211 0.533431 9.99649E-05 0.112896 9.99649E-05 9.99649E-05
9.99385E-05 9.99385E-05 9.99385E-05 0.266624 0.732676 9.99385E-05 9.99385E-05 9.99385E-05 9.99385E-05
9.99473E-05 9.99473E-05 9.99473E-05 0.326375 0.614755 9.99473E-05 0.0582703 9.99473E-05 9.99473E-05
9.99561E-05 9.99561E-05 9.99561E-05 0.165989 0.744356 0.0746474 0.0145083 9.99561E-05 9.99561E-05
9.99562E-05 9.99562E-05 9.99562E-05 0.143039 0.832432 0.0129283 9.99562E-05 0.0111016 9.99562E-05
9.99386E-05 9.99386E-05 9.99386E-05 0.254176 0.745124 9.99386E-05 9.99386E-05 9.99386E-05 9.99386E-05
9.99562E-05 9.99562E-05 0.0337071 0.354157 0.586216 9.99562E-05 0.0254196 9.99562E-05 9.99562E-05
0.00585204 9.99561E-05 0.157487 0.192815 0.643346 9.99561E-05 9.99561E-05 9.99561E-05 9.99561E-05
9.99561E-05 0.0487605 0.0589221 0.203153 0.688664 9.99561E-05 9.99561E-05 9.99561E-05 9.99561E-05
9.99472E-05 9.99472E-05 9.99472E-05 0.311432 0.618548 9.99472E-05 9.99472E-05 0.0694201 9.99472E-05
9.99474E-05 9.99474E-05 9.99474E-05 0.201324 0.781038 9.99474E-05 0.0170382 9.99474E-05 9.99474E-05
9.99386E-05 9.99386E-05 9.99386E-05 0.219779 0.779522 9.99386E-05 9.99386E-05 9.99386E-05 9.99386E-05
9.99472E-05 9.99472E-05 9.99472E-05 0.350754 0.601657 9.99472E-05 9.99472E-05 0.0469889 9.99472E-05
9.99562E-05 9.99562E-05 0.161307 0.31203 0.504236 9.99562E-05 9.99562E-05 0.0219271 9.99562E-05
9.99475E-05 9.99475E-05 0.00842693 0.136679 0.854294 9.99475E-05 9.99475E-05 9.99475E-05 9.99475E-05
9.99737E-05 0.0342724 0.0735809 0.30574 0.517715 0.0425509 0.0258405 9.99737E-05 9.99737E-05
9.99473E-05 9.99473E-05 9.99473E-05 0.260653 0.661791 9.99473E-05 0.076957 9.99473E-05 9.99473E-05
9.99386E-05 9.99386E-05 9.99386E-05 0.271438 0.727862 9.99386E-05 9.99386E-05 9.99386E-05 9.99386E-05
9.99386E-05 9.99386E-05 9.99386E-05 0.309276 0.690024 9.99386E-05 9.99386E-05 9.99386E-05 9.99386E-05
9.99474E-05 9.99474E-05 9.99474E-05 0.206858 0.712053 9.99474E-05 9.99474E-05 0.0804902 9.99474E-05
9.99473E-05 9.99473E-05 9.99473E-05 0.413022 0.558463 9.99473E-05 9.99473E-05 0.0279151 9.99473E-05
9.99386E-05 9.99386E-05 9.99386E-05 0.130508 0.868792 9.99386E-05 9.99386E-05 9.99386E-05 9.99386E-05
9.99385E-05 9.99385E-05 9.99385E-05 0.343824 0.655476 9.99385E-05 9.99385E-05 9.99385E-05 9.99385E-05
9.99474E-05 9.99474E-05 0.921052 9.99474E-05 0.0490437 9.99474E-05 9.99474E-05 9.99474E-05 0.0293046
9.99562E-05 9.99562E-05 9.99562E-05 0.225712 0.713979 9.99562E-05 9.99562E-05 0.0230662 0.036743
9.99474E-05 9.99474E-05 9.99474E-05 0.209427 0.738095 9.99474E-05 0.0518774 9.99474E-05 9.99474E-05
9.99561E-05 9.99561E-05 9.99561E-05 0.136376 0.746229 0.0565078 9.99561E-05 0.0603877 9.99561E-05
9.99386E-05 9.99386E-05 9.99386E-05 0.176324 0.822977 9.99386E-05 9.99386E-05 9.99386E-05 9.99386E-05
9.99384E-05 9.99384E-05 9.99384E-05 0.364827 0.634473 9.99384E-05 9.99384E-05 9.99384E-05 9.99384E-05
9.99474E-05 9.99474E-05 0.100191 0.129094 0.770116 9.99474E-05 9.99474E-05 9.99474E-05 9.99474E-05
9.99562E-05 9.99562E-05 0.0128232 0.213759 0.683721 9.99562E-05 9.99562E-05 0.089197 9.99562E-05
9.99386E-05 9.99386E-05 9.99386E-05 0.145209 0.854091 9.99386E-05 9.99386E-05 9.99386E-05 9.99386E-05
9.99474E-05 9.99474E-05 9.99474E-05 0.285079 0.703116 9.99474E-05 0.011206 9.99474E-05 9.99474E-05
9.99386E-05 9.99386E-05 9.99386E-05 0.190069 0.809232 9.99386E-05 9.99386E-05 9.99386E-05 9.99386E-05
9.99386E-05 9.99386E-05 9.99386E-05 0.322918 0.676383 9.99386E-05 9.99386E-05 9.99386E-05 9.99386E-05
9.99473E-05 9.99473E-05 0.0326464 0.169198 0.797556 9.99473E-05 9.99473E-05 9.99473E-05 9.99473E-05
9.99561E-05 9.99561E-05 0.00622401 0.247556 0.641827 0.103893 9.99561E-05 9.99561E-05 9.99561E-05
9.99474E-05 9.99474E-05 0.0410073 0.0800555 0.878338 9.99474E-05 9.99474E-05 9.99474E-05 9.99474E-05
9.99473E-05 9.99473E-05 9.99473E-05 0.23226 0.758301 0.00883888 9.99473E-05 9.99473E-05 9.99473E-05
9.99387E-05 9.99387E-05 9.99387E-05 0.218562 0.780738 9.99387E-05 9.99387E-05 9.99387E-05 9.99387E-05
