9.99298E-05 9.99298E-05 0.335669 0.199596 0.106814 9.99298E-05 9.99298E-05 9.99298E-05 9.99298E-05 9.99298E-05 9.99298E-05 0.0118021 0.0323291 0.194578 0.0634929 0.0549191
9.99034E-05 9.99034E-05 0.735515 9.99034E-05 9.99034E-05 9.99034E-05 9.99034E-05 9.99034E-05 9.99034E-05 9.99034E-05 9.99034E-05 9.99034E-05 0.00558086 0.0679976 0.0535651 0.136243
0.0705912 0.0173705 0.794915 0.0249586 0.0746342 0.00633522 9.9921E-05 9.9921E-05 9.9921E-05 9.9921E-05 9.9921E-05 9.9921E-05 9.9921E-05 9.9921E-05 0.0102955 9.9921E-05
0.115538 0.0976282 0.228191 0.149608 9.99123E-05 9.99123E-05 0.32998 9.99123E-05 9.99123E-05 9.99123E-05 9.99123E-05 9.99123E-05 0.0780561 9.99123E-05 9.99123E-05 9.99123E-05
9.99034E-05 0.00701378 0.836728 9.99034E-05 9.99034E-05 9.99034E-05 0.133098 0.00432801 0.017733 9.99034E-05 9.99034E-05 9.99034E-05 9.99034E-05 9.99034E-05 9.99034E-05 9.99034E-05
0.151314 0.196616 0.161167 9.99123E-05 9.99123E-05 9.99123E-05 0.0767518 9.99123E-05 0.267781 9.99123E-05 9.99123E-05 9.99123E-05 9.99123E-05 0.145371 9.99123E-05 9.99123E-05
9.99298E-05 9.99298E-05 0.133114 0.146516 0.0343579 9.99298E-05 0.209586 9.99298E-05 9.99298E-05 9.99298E-05 9.99298E-05 9.99298E-05 0.132757 0.230535 0.0316644 0.0806699
0.0550843 0.13477 0.132655 0.232662 9.99298E-05 9.99298E-05 0.1327 9.99298E-05 0.134193 0.0724033 9.99298E-05 9.99298E-05 9.99298E-05 0.104733 9.99298E-05 9.99298E-05
0.0569165 0.186103 0.180676 0.141346 0.151159 9.99298E-05 9.99298E-05 9.99298E-05 0.0244982 9.99298E-05 9.99298E-05 9.99298E-05 9.99298E-05 9.99298E-05 0.203223 0.055279
9.98859E-05 9.98859E-05 0.871744 9.98859E-05 9.98859E-05 9.98859E-05 9.98859E-05 9.98859E-05 9.98859E-05 9.98859E-05 9.98859E-05 0.00969991 9.98859E-05 9.98859E-05 0.117258 9.98859E-05
9.9921E-05 0.0189088 0.464783 0.0569391 9.9921E-05 9.9921E-05 9.9921E-05 0.0450206 9.9921E-05 9.9921E-05 9.9921E-05 9.9921E-05 0.129346 0.107902 0.176201 9.9921E-05
9.9921E-05 0.0147304 0.749649 9.9921E-05 9.9921E-05 9.9921E-05 0.0821293 9.9921E-05 9.9921E-05 0.0186105 9.9921E-05 9.9921E-05 0.0199425 0.103153 0.0108859 9.9921E-05
9.98948E-05 9.98948E-05 0.738729 0.157721 9.98948E-05 9.98948E-05 9.98948E-05 9.98948E-05 9.98948E-05 9.98948E-05 9.98948E-05 9.98948E-05 0.0624158 9.98948E-05 0.0399353 9.98948E-05
0.125885 9.99298E-05 0.600546 0.0288145 9.99298E-05 0.0934524 9.99298E-05 9.99298E-05 9.99298E-05 9.99298E-05 0.0477777 9.99298E-05 0.00853833 9.99298E-05 0.0519526 0.0422341
0.0682113 0.130644 0.308174 0.0298977 9.9921E-05 0.134783 9.9921E-05 9.9921E-05 9.9921E-05 9.9921E-05 9.9921E-05 9.9921E-05 9.9921E-05 0.205179 0.122212 9.9921E-05
0.0183321 0.195223 0.232437 0.159683 9.99385E-05 9.99385E-05 0.0925528 9.99385E-05 0.0489519 0.0540501 9.99385E-05 9.99385E-05 9.99385E-05 0.0723464 0.125724 9.99385E-05
9.99123E-05 9.99123E-05 0.541212 9.99123E-05 9.99123E-05 9.99123E-05 9.99123E-05 9.99123E-05 9.99123E-05 0.12217 0.163405 9.99123E-05 0.00343851 9.99123E-05 0.0991874 0.0695881
9.99211E-05 0.0508147 0.098262 0.146606 9.99211E-05 9.99211E-05 9.99211E-05 0.114843 9.99211E-05 9.99211E-05 9.99211E-05 0.166918 9.99211E-05 0.273905 0.147752 9.99211E-05
9.9921E-05 0.120765 0.293232 0.22116 0.00356526 0.0717719 0.060136 9.9921E-05 9.9921E-05 9.9921E-05 9.9921E-05 9.9921E-05 9.9921E-05 9.9921E-05 0.228471 9.9921E-05
9.98771E-05 9.98771E-05 0.897079 9.98771E-05 9.98771E-05 9.98771E-05 9.98771E-05 0.101523 9.98771E-05 9.98771E-05 9.98771E-05 9.98771E-05 9.98771E-05 9.98771E-05 9.98771E-05 9.98771E-05
0.0504796 0.11035 0.484595 0.0547136 0.0120276 0.0360449 0.151105 9.99474E-05 0.0214942 9.99474E-05 9.99474E-05 9.99474E-05 0.0613796 9.99474E-05 0.0172111 9.99474E-05
9.99036E-05 0.214926 0.221775 0.278551 9.99036E-05 9.99036E-05 9.99036E-05 9.99036E-05 0.247724 9.99036E-05 9.99036E-05 9.99036E-05 9.99036E-05 9.99036E-05 9.99036E-05 0.0359246
0.0759265 9.99035E-05 0.47658 9.99035E-05 9.99035E-05 9.99035E-05 9.99035E-05 9.99035E-05 9.99035E-05 9.99035E-05 9.99035E-05 9.99035E-05 0.069593 0.272547 0.104255 9.99035E-05
0.0175815 9.99122E-05 0.335878 0.326198 0.0641847 9.99122E-05 9.99122E-05 9.99122E-05 9.99122E-05 0.0126849 9.99122E-05 9.99122E-05 9.99122E-05 9.99122E-05 0.242474 9.99122E-05
0.142763 0.0843209 0.259106 0.0927091 9.99298E-05 0.106741 9.99298E-05 0.0610049 9.99298E-05 9.99298E-05 9.99298E-05 9.99298E-05 0.00256143 9.99298E-05 0.249994 9.99298E-05
0.0762358 9.99034E-05 0.645215 0.137202 9.99034E-05 9.99034E-05 0.0233516 9.99034E-05 9.99034E-05 9.99034E-05 9.99034E-05 9.99034E-05 9.99034E-05 9.99034E-05 0.116897 9.99034E-05
0.348673 9.9921E-05 0.00618733 0.410332 9.9921E-05 9.9921E-05 9.9921E-05 9.9921E-05 9.9921E-05 0.00631818 9.9921E-05 0.113545 9.9921E-05 9.9921E-05 0.0799547 0.03409
0.0560421 9.99122E-05 0.704553 0.0758308 9.99122E-05 0.0197911 0.111281 9.99122E-05 9.99122E-05 9.99122E-05 9.99122E-05 9.99122E-05 9.99122E-05 9.99122E-05 0.0315025 9.99122E-05
0.0325088 9.99123E-05 0.528161 0.112285 0.0174339 9.99123E-05 9.99123E-05 9.99123E-05 9.99123E-05 9.99123E-05 9.99123E-05 9.99123E-05 9.99123E-05 0.10919 0.199423 9.99123E-05
0.0580172 0.0596916 0.711019 9.99298E-05 0.0314285 9.99298E-05 9.99298E-05 9.99298E-05 9.99298E-05 9.99298E-05 0.0313776 9.99298E-05 0.0127751 9.99298E-05 0.0643282 0.0305635
9.99297E-05 0.0277853 0.658085 0.0403116 9.99297E-05 0.0299559 9.99297E-05 0.00910856 9.99297E-05 9.99297E-05 9.99297E-05 9.99297E-05 0.102071 0.0938866 0.037996 9.99297E-05
0.238215 9.9921E-05 0.460717 0.0615199 9.9921E-05 9.9921E-05 0.0245206 9.9921E-05 9.9921E-05 9.9921E-05 9.9921E-05 9.9921E-05 0.0400804 0.100181 0.0738666 9.9921E-05
9.9921E-05 0.0822159 0.370907 0.221721 9.9921E-05 9.9921E-05 9.9921E-05 9.9921E-05 0.146774 0.046966 9.9921E-05 9.9921E-05 0.102098 0.0284187 9.9921E-05 9.9921E-05
0.209258 9.9921E-05 0.403187 0.20574 0.0119667 9.9921E-05 9.9921E-05 9.9921E-05 9.9921E-05 0.018078 9.9921E-05 0.0245683 9.9921E-05 9.9921E-05 0.126302 9.9921E-05
9.98947E-05 9.98947E-05 0.766338 9.98947E-05 9.98947E-05 9.98947E-05 9.98947E-05 9.98947E-05 9.98947E-05 9.98947E-05 9.98947E-05 0.0740328 9.98947E-05 9.98947E-05 0.0994739 0.0589565
9.99211E-05 0.016936 0.592575 0.0634691 9.99211E-05 9.99211E-05 0.194524 9.99211E-05 9.99211E-05 9.99211E-05 9.99211E-05 9.99211E-05 0.029989 0.0483611 0.0532465 9.99211E-05
9.99035E-05 9.99035E-05 0.866218 9.99035E-05 9.99035E-05 9.99035E-05 0.0411948 9.99035E-05 9.99035E-05 0.0730242 9.99035E-05 9.99035E-05 0.00690973 9.99035E-05 9.99035E-05 0.0115538
9.9921E-05 0.133414 0.58032 0.0539657 9.9921E-05 9.9921E-05 9.9921E-05 0.0982595 9.9921E-05 9.9921E-05 0.0110236 9.9921E-05 9.9921E-05 9.9921E-05 0.0220887 0.100029
9.99298E-05 0.00085458 0.533737 0.010596 9.99298E-05 9.99298E-05 9.99298E-05 9.99298E-05 0.116895 9.99298E-05 0.0499109 9.99298E-05 0.0432521 9.99298E-05 0.15464 0.0893149
0.172579 9.99035E-05 0.520423 0.0356293 9.99035E-05 9.99035E-05 9.99035E-05 9.99035E-05 9.99035E-05 0.134787 9.99035E-05 9.99035E-05 9.99035E-05 9.99035E-05 0.135484 9.99035E-05
9.99123E-05 0.0426427 0.687548 0.124832 9.99123E-05 9.99123E-05 0.0434401 9.99123E-05 9.99123E-05 9.99123E-05 9.99123E-05 9.99123E-05 0.00170057 9.99123E-05 0.0988369 9.99123E-05
0.0128477 9.99036E-05 0.48719 0.383983 0.00260504 9.99036E-05 9.99036E-05 9.99036E-05 9.99036E-05 9.99036E-05 9.99036E-05 9.99036E-05 9.99036E-05 9.99036E-05 0.112275 9.99036E-05
0.000179073 9.99209E-05 0.664473 0.0967335 9.99209E-05 0.0645482 0.049417 9.99209E-05 9.99209E-05 9.99209E-05 0.118668 9.99209E-05 9.99209E-05 9.99209E-05 9.99209E-05 0.0050822
9.9921E-05 0.109513 0.320354 0.129908 0.0403101 9.9921E-05 9.9921E-05 9.9921E-05 9.9921E-05 9.9921E-05 9.9921E-05 9.9921E-05 0.0361451 0.16474 0.198131 9.9921E-05
9.98947E-05 9.98947E-05 0.192242 0.437579 9.98947E-05 9.98947E-05 0.243163 9.98947E-05 9.98947E-05 9.98947E-05 9.98947E-05 9.98947E-05 9.98947E-05 9.98947E-05 0.125818 9.98947E-05
9.99122E-05 9.99122E-05 0.771482 9.99122E-05 9.99122E-05 9.99122E-05 0.0789989 0.0899505 0.0199621 9.99122E-05 9.99122E-05 0.000413992 9.99122E-05 9.99122E-05 0.0381937 9.99122E-05
9.99123E-05 0.0442029 0.748123 9.99123E-05 9.99123E-05 9.99123E-05 0.0416227 9.99123E-05 9.99123E-05 9.99123E-05 9.99123E-05 0.00352334 0.0507672 9.99123E-05 0.110762 9.99123E-05
9.98947E-05 9.98947E-05 0.882165 9.98947E-05 9.98947E-05 9.98947E-05 9.98947E-05 9.98947E-05 9.98947E-05 0.0287419 9.98947E-05 9.98947E-05 9.98947E-05 0.0383185 0.0495762 9.98947E-05
9.99034E-05 9.99034E-05 0.62183 0.180172 9.99034E-05 9.99034E-05 0.0554611 9.99034E-05 9.99034E-05 9.99034E-05 9.99034E-05 9.99034E-05 0.0202578 9.99034E-05 0.12118 9.99034E-05
9.99299E-05 0.0350808 0.709601 0.0291332 9.99299E-05 0.0680649 9.99299E-05 0.00153133 9.99299E-05 0.106781 9.99299E-05 9.99299E-05 0.0337135 9.99299E-05 9.99299E-05 0.0152939
0.203265 0.0433072 0.257361 0.0692092 9.9921E-05 9.9921E-05 0.0899504 9.9921E-05 9.9921E-05 9.9921E-05 9.9921E-05 9.9921E-05 0.118419 9.9921E-05 0.217589 9.9921E-05
9.99123E-05 9.99123E-05 0.510708 0.290425 0.165633 9.99123E-05 0.0141711 0.000948165 0.0171158 9.99123E-05 9.99123E-05 9.99123E-05 9.99123E-05 9.99123E-05 9.99123E-05 9.99123E-05
9.98859E-05 9.98859E-05 0.903001 9.98859E-05 9.98859E-05 9.98859E-05 9.98859E-05 9.98859E-05 9.98859E-05 9.98859E-05 9.98859E-05 0.0629687 9.98859E-05 9.98859E-05 0.0327322 9.98859E-05
9.99299E-05 0.0558152 0.568939 9.99299E-05 9.99299E-05 0.0195709 9.99299E-05 9.99299E-05 0.0162781 0.230283 9.99299E-05 0.00715715 9.99299E-05 0.0085767 0.0925798 9.99299E-05
9.9886E-05 9.9886E-05 0.677475 9.9886E-05 9.9886E-05 0.206951 9.9886E-05 9.9886E-05 9.9886E-05 9.9886E-05 9.9886E-05 9.9886E-05 9.9886E-05 9.9886E-05 0.114275 9.9886E-05
0.178507 9.99124E-05 0.572625 9.99124E-05 9.99124E-05 9.99124E-05 9.99124E-05 0.00905293 0.147818 0.054108 9.99124E-05 9.99124E-05 9.99124E-05 0.0368901 9.99124E-05 9.99124E-05
9.99035E-05 9.99035E-05 0.678882 0.00511314 9.99035E-05 9.99035E-05 9.99035E-05 9.99035E-05 9.99035E-05 9.99035E-05 9.99035E-05 0.163959 9.99035E-05 9.99035E-05 0.0486897 0.102257
9.99035E-05 9.99035E-05 0.723603 0.0399825 9.99035E-05 9.99035E-05 0.123651 9.99035E-05 9.99035E-05 9.99035E-05 9.99035E-05 9.99035E-05 0.0398779 9.99035E-05 0.0717871 9.99035E-05
9.99035E-05 9.99035E-05 0.823091 9.99035E-05 9.99035E-05 9.99035E-05 9.99035E-05 9.99035E-05 0.0687691 9.99035E-05 9.99035E-05 0.0216162 0.0672467 9.99035E-05 9.99035E-05 0.0181778
9.99209E-05 0.0321396 9.99209E-05 0.0391881 9.99209E-05 0.0568064 9.99209E-05 9.99209E-05 0.0119555 9.99209E-05 9.99209E-05 9.99209E-05 9.99209E-05 0.608439 0.151448 0.0991238
9.98948E-05 9.98948E-05 9.98948E-05 9.98948E-05 0.0077047 0.0241318 0.00643942 9.98948E-05 9.98948E-05 9.98948E-05 9.98948E-05 9.98948E-05 9.98948E-05 0.960525 9.98948E-05 9.98948E-05
9.98859E-05 9.98859E-05 9.98859E-05 9.98859E-05 9.98859E-05 9.98859E-05 9.98859E-05 9.98859E-05 9.98859E-05 9.98859E-05 9.98859E-05 0.0278514 0.0242596 0.94659 9.98859E-05 9.98859E-05
0.220124 0.121809 9.9921E-05 9.9921E-05 9.9921E-05 9.9921E-05 0.0350322 0.0330412 9.9921E-05 9.9921E-05 9.9921E-05 0.0117698 9.9921E-05 0.359545 9.9921E-05 0.21778
9.99384E-05 0.0853391 9.99384E-05 0.0558024 9.99384E-05 9.99384E-05 0.0467343 0.0640779 0.000930654 0.0237479 9.99384E-05 0.0344192 9.99384E-05 0.637897 0.050352 9.99384E-05
9.98944E-05 0.0295142 9.98944E-05 0.09507 9.98944E-05 9.98944E-05 9.98944E-05 9.98944E-05 9.98944E-05 9.98944E-05 9.98944E-05 9.98944E-05 9.98944E-05 0.68944 0.184778 9.98944E-05
9.98945E-05 9.98945E-05 9.98945E-05 9.98945E-05 9.98945E-05 9.98945E-05 9.98945E-05 9.98945E-05 9.98945E-05 9.98945E-05 9.98945E-05 9.98945E-05 0.0799715 0.527026 0.0466135 0.34519
0.0353563 0.0838427 9.9912E-05 9.9912E-05 9.9912E-05 9.9912E-05 9.9912E-05 9.9912E-05 9.9912E-05 9.9912E-05 9.9912E-05 0.124239 9.9912E-05 0.640813 0.0688813 0.0458686
9.98771E-05 9.98771E-05 9.98771E-05 9.98771E-05 9.98771E-05 9.98771E-05 9.98771E-05 9.98771E-05 9.98771E-05 9.98771E-05 9.98771E-05 9.98771E-05 9.98771E-05 0.963098 9.98771E-05 0.0355041
9.98858E-05 9.98858E-05 9.98858E-05 9.98858E-05 9.98858E-05 9.98858E-05 0.027228 9.98858E-05 9.98858E-05 9.98858E-05 9.98858E-05 9.98858E-05 0.0492657 0.922208 9.98858E-05 9.98858E-05
9.99121E-05 0.0926386 9.99121E-05 9.99121E-05 9.99121E-05 9.99121E-05 9.99121E-05 0.031643 9.99121E-05 9.99121E-05 9.99121E-05 0.0178668 0.121926 0.488934 0.245993 9.99121E-05
9.99297E-05 0.0178532 9.99297E-05 0.149496 9.99297E-05 0.103625 9.99297E-05 9.99297E-05 9.99297E-05 0.089467 9.99297E-05 9.99297E-05 0.0566892 0.489622 0.0634242 0.0290232
0.0163476 0.124682 9.99121E-05 9.99121E-05 9.99121E-05 9.99121E-05 9.99121E-05 9.99121E-05 0.180924 0.069588 9.99121E-05 9.99121E-05 0.0917375 0.515722 9.99121E-05 9.99121E-05
9.99121E-05 9.99121E-05 9.99121E-05 0.164822 9.99121E-05 0.0377384 9.99121E-05 9.99121E-05 9.99121E-05 0.053198 9.99121E-05 9.99121E-05 9.99121E-05 0.474322 0.161185 0.107735
0.0392728 9.9886E-05 9.9886E-05 9.9886E-05 9.9886E-05 9.9886E-05 9.9886E-05 9.9886E-05 9.9886E-05 0.0150831 9.9886E-05 9.9886E-05 9.9886E-05 0.944346 9.9886E-05 9.9886E-05
9.99035E-05 0.00578105 9.99035E-05 9.99035E-05 9.99035E-05 9.99035E-05 0.0635912 9.99035E-05 9.99035E-05 9.99035E-05 9.99035E-05 0.053221 9.99035E-05 0.840621 9.99035E-05 0.0356868
0.07472 9.98944E-05 9.98944E-05 9.98944E-05 9.98944E-05 9.98944E-05 9.98944E-05 9.98944E-05 9.98944E-05 0.036788 9.98944E-05 0.0488462 9.98944E-05 0.838447 9.98944E-05 9.98944E-05
9.99033E-05 0.0762335 9.99033E-05 0.116404 9.99033E-05 9.99033E-05 0.0866149 9.99033E-05 9.99033E-05 9.99033E-05 9.99033E-05 9.99033E-05 0.132385 0.587264 9.99033E-05 9.99033E-05
9.99034E-05 9.99034E-05 9.99034E-05 9.99034E-05 9.99034E-05 9.99034E-05 0.0184102 9.99034E-05 9.99034E-05 9.99034E-05 9.99034E-05 0.0931641 0.0347857 0.791154 0.0613866 9.99034E-05
9.98945E-05 9.98945E-05 9.98945E-05 9.98945E-05 9.98945E-05 9.98945E-05 9.98945E-05 0.0203917 9.98945E-05 0.119518 9.98945E-05 9.98945E-05 9.98945E-05 0.648409 0.210483 9.98945E-05
9.98862E-05 9.98862E-05 9.98862E-05 9.98862E-05 9.98862E-05 9.98862E-05 9.98862E-05 9.98862E-05 9.98862E-05 0.0314319 0.00511187 9.98862E-05 9.98862E-05 0.962158 9.98862E-05 9.98862E-05
0.0586364 9.99033E-05 9.99033E-05 0.284544 9.99033E-05 0.0339898 9.99033E-05 9.99033E-05 9.99033E-05 9.99033E-05 9.99033E-05 9.99033E-05 9.99033E-05 0.592637 0.0290935 9.99033E-05
0.219914 9.99035E-05 9.99035E-05 0.0608485 9.99035E-05 9.99035E-05 9.99035E-05 9.99035E-05 9.99035E-05 9.99035E-05 9.99035E-05 9.99035E-05 9.99035E-05 0.668763 0.0233226 0.0260536
9.99034E-05 0.0570606 9.99034E-05 9.99034E-05 9.99034E-05 9.99034E-05 0.186785 9.99034E-05 9.99034E-05 9.99034E-05 9.99034E-05 0.0926538 0.003259 0.659143 9.99034E-05 9.99034E-05
9.98769E-05 9.98769E-05 9.98769E-05 9.98769E-05 9.98769E-05 9.98769E-05 9.98769E-05 9.98769E-05 9.98769E-05 9.98769E-05 9.98769E-05 9.98769E-05 0.165126 0.833476 9.98769E-05 9.98769E-05
9.9886E-05 0.0239274 9.9886E-05 9.9886E-05 9.9886E-05 9.9886E-05 9.9886E-05 9.9886E-05 9.9886E-05 9.9886E-05 9.9886E-05 9.9886E-05 9.9886E-05 0.968803 0.00597077 9.9886E-05
9.98685E-05 9.98685E-05 9.98685E-05 9.98685E-05 9.98685E-05 9.98685E-05 9.98685E-05 9.98685E-05 9.98685E-05 9.98685E-05 9.98685E-05 9.98685E-05 9.98685E-05 0.998502 9.98685E-05 9.98685E-05
9.98772E-05 9.98772E-05 9.98772E-05 9.98772E-05 9.98772E-05 9.98772E-05 9.98772E-05 9.98772E-05 9.98772E-05 9.98772E-05 9.98772E-05 9.98772E-05 9.98772E-05 0.993719 0.00488307 9.98772E-05
9.98947E-05 0.0449437 9.98947E-05 0.00570951 9.98947E-05 9.98947E-05 9.98947E-05 9.98947E-05 9.98947E-05 9.98947E-05 9.98947E-05 0.105726 9.98947E-05 0.842423 9.98947E-05 9.98947E-05
9.99123E-05 0.0703062 9.99123E-05 9.99123E-05 9.99123E-05 9.99123E-05 9.99123E-05 0.114344 0.0399139 9.99123E-05 0.109591 9.99123E-05 9.99123E-05 0.647437 0.0174091 9.99123E-05
0.797515 0.108521 9.98947E-05 9.98947E-05 9.98947E-05 9.98947E-05 9.98947E-05 9.98947E-05 0.0577622 9.98947E-05 9.98947E-05 9.98947E-05 9.98947E-05 9.98947E-05 0.0350034 9.98947E-05
0.504912 0.0259642 9.98948E-05 9.98948E-05 9.98948E-05 9.98948E-05 9.98948E-05 9.98948E-05 9.98948E-05 9.98948E-05 0.436326 9.98948E-05 9.98948E-05 9.98948E-05 0.0315987 9.98948E-05
0.912082 9.98771E-05 9.98771E-05 9.98771E-05 9.98771E-05 9.98771E-05 9.98771E-05 9.98771E-05 9.98771E-05 9.98771E-05 9.98771E-05 9.98771E-05 9.98771E-05 9.98771E-05 0.0865195 9.98771E-05
0.726624 0.0543409 9.98945E-05 9.98945E-05 9.98945E-05 9.98945E-05 9.98945E-05 9.98945E-05 9.98945E-05 9.98945E-05 9.98945E-05 0.058274 9.98945E-05 9.98945E-05 0.159563 9.98945E-05
0.933743 0.0648586 9.9877E-05 9.9877E-05 9.9877E-05 9.9877E-05 9.9877E-05 9.9877E-05 9.9877E-05 9.9877E-05 9.9877E-05 9.9877E-05 9.9877E-05 9.9877E-05 9.9877E-05 9.9877E-05
0.636876 0.164026 9.99034E-05 9.99034E-05 9.99034E-05 9.99034E-05 9.99034E-05 9.99034E-05 9.99034E-05 9.99034E-05 0.00249508 9.99034E-05 9.99034E-05 9.99034E-05 0.177639 0.0178657
0.727577 0.065136 9.98946E-05 0.146657 9.98946E-05 9.98946E-05 9.98946E-05 9.98946E-05 9.98946E-05 9.98946E-05 9.98946E-05 9.98946E-05 9.98946E-05 9.98946E-05 0.0594314 9.98946E-05
0.725841 0.254288 9.98859E-05 9.98859E-05 9.98859E-05 9.98859E-05 9.98859E-05 0.0185729 9.98859E-05 9.98859E-05 9.98859E-05 9.98859E-05 9.98859E-05 9.98859E-05 9.98859E-05 9.98859E-05
0.465836 0.298457 9.98946E-05 9.98946E-05 9.98946E-05 0.0130559 9.98946E-05 9.98946E-05 9.98946E-05 9.98946E-05 9.98946E-05 9.98946E-05 9.98946E-05 9.98946E-05 9.98946E-05 0.221452
0.549048 0.221576 9.98947E-05 9.98947E-05 9.98947E-05 9.98947E-05 0.0246632 9.98947E-05 9.98947E-05 9.98947E-05 9.98947E-05 9.98947E-05 9.98947E-05 9.98947E-05 0.203514 9.98947E-05
0.510243 0.0104929 9.98947E-05 9.98947E-05 9.98947E-05 9.98947E-05 9.98947E-05 9.98947E-05 9.98947E-05 9.98947E-05 0.207927 9.98947E-05 9.98947E-05 9.98947E-05 9.98947E-05 0.270138
0.743155 9.99035E-05 9.99035E-05 9.99035E-05 9.99035E-05 9.99035E-05 9.99035E-05 9.99035E-05 9.99035E-05 9.99035E-05 0.0443277 9.99035E-05 0.00301364 9.99035E-05 0.0515123 0.156892
0.88738 0.111222 9.98773E-05 9.98773E-05 9.98773E-05 9.98773E-05 9.98773E-05 9.98773E-05 9.98773E-05 9.98773E-05 9.98773E-05 9.98773E-05 9.98773E-05 9.98773E-05 9.98773E-05 9.98773E-05
0.609662 0.145856 9.99123E-05 9.99123E-05 0.0464326 9.99123E-05 9.99123E-05 9.99123E-05 9.99123E-05 9.99123E-05 0.0252899 9.99123E-05 9.99123E-05 9.99123E-05 0.148438 0.0233225
0.551662 0.046356 9.99473E-05 9.99473E-05 9.99473E-05 9.99473E-05 0.0241551 0.0221356 9.99473E-05 0.0916564 0.0942753 0.104635 0.0017245 9.99473E-05 0.0512683 0.0115319
0.654702 0.0635983 9.99035E-05 9.99035E-05 9.99035E-05 9.99035E-05 9.99035E-05 9.99035E-05 9.99035E-05 9.99035E-05 9.99035E-05 9.99035E-05 0.0618113 9.99035E-05 0.138614 0.0801753
0.634211 0.0128967 9.99035E-05 9.99035E-05 9.99035E-05 9.99035E-05 9.99035E-05 0.0542581 9.99035E-05 9.99035E-05 9.99035E-05 9.99035E-05 9.99035E-05 9.99035E-05 0.088149 0.209386
0.716029 0.0346344 9.98948E-05 0.14246 9.98948E-05 9.98948E-05 9.98948E-05 9.98948E-05 0.105678 9.98948E-05 9.98948E-05 9.98948E-05 9.98948E-05 9.98948E-05 9.98948E-05 9.98948E-05
0.998502 9.98685E-05 9.98685E-05 9.98685E-05 9.98685E-05 9.98685E-05 9.98685E-05 9.98685E-05 9.98685E-05 9.98685E-05 9.98685E-05 9.98685E-05 9.98685E-05 9.98685E-05 9.98685E-05 9.98685E-05
0.638337 0.0263351 9.99123E-05 9.99123E-05 9.99123E-05 9.99123E-05 9.99123E-05 0.0856335 9.99123E-05 9.99123E-05 0.117059 9.99123E-05 9.99123E-05 0.0527363 0.0789004 9.99123E-05
0.700262 0.0943104 9.99123E-05 9.99123E-05 9.99123E-05 9.99123E-05 9.99123E-05 9.99123E-05 9.99123E-05 0.102272 0.00236359 9.99123E-05 9.99123E-05 9.99123E-05 0.0668507 0.0329421
0.928174 0.0519699 9.98859E-05 9.98859E-05 9.98859E-05 9.98859E-05 9.98859E-05 9.98859E-05 9.98859E-05 9.98859E-05 9.98859E-05 9.98859E-05 9.98859E-05 9.98859E-05 0.0185573 9.98859E-05
0.454532 0.226576 9.99034E-05 9.99034E-05 9.99034E-05 9.99034E-05 9.99034E-05 0.0493805 9.99034E-05 9.99034E-05 9.99034E-05 9.99034E-05 9.99034E-05 9.99034E-05 0.206291 0.0621219
0.683134 0.183212 9.98947E-05 9.98947E-05 9.98947E-05 0.0269304 9.98947E-05 9.98947E-05 9.98947E-05 9.98947E-05 0.105525 9.98947E-05 9.98947E-05 9.98947E-05 9.98947E-05 9.98947E-05
0.465167 0.24457 9.99035E-05 9.99035E-05 9.99035E-05 9.99035E-05 9.99035E-05 0.115181 9.99035E-05 9.99035E-05 9.99035E-05 9.99035E-05 9.99035E-05 9.99035E-05 0.149706 0.0242757
0.339786 0.176303 9.99298E-05 0.0227012 9.99298E-05 9.99298E-05 9.99298E-05 9.99298E-05 9.99298E-05 9.99298E-05 0.240123 0.0014545 9.99298E-05 0.0423874 0.116825 0.05962
0.279059 9.98947E-05 9.98947E-05 9.98947E-05 0.148618 9.98947E-05 9.98947E-05 9.98947E-05 9.98947E-05 9.98947E-05 0.514701 9.98947E-05 9.98947E-05 9.98947E-05 0.0564227 9.98947E-05
0.830246 0.0649476 9.98945E-05 9.98945E-05 9.98945E-05 9.98945E-05 0.0400629 9.98945E-05 9.98945E-05 9.98945E-05 9.98945E-05 9.98945E-05 9.98945E-05 9.98945E-05 0.0635446 9.98945E-05
0.572508 0.226009 9.9886E-05 9.9886E-05 9.9886E-05 9.9886E-05 9.9886E-05 9.9886E-05 9.9886E-05 9.9886E-05 9.9886E-05 9.9886E-05 9.9886E-05 9.9886E-05 0.200184 9.9886E-05
0.801163 0.0321989 9.99123E-05 9.99123E-05 9.99123E-05 9.99123E-05 9.99123E-05 0.04657 9.99123E-05 9.99123E-05 0.0248691 9.99123E-05 0.0182957 9.99123E-05 0.0759041 9.99123E-05
0.738413 0.0229056 9.99035E-05 9.99035E-05 9.99035E-05 9.99035E-05 9.99035E-05 9.99035E-05 9.99035E-05 0.00449671 9.99035E-05 9.99035E-05 0.0526145 9.99035E-05 0.180471 9.99035E-05
0.924089 9.99035E-05 9.99035E-05 9.99035E-05 9.99035E-05 9.99035E-05 9.99035E-05 0.0442912 9.99035E-05 0.012212 9.99035E-05 0.0115786 0.00673028 9.99035E-05 9.99035E-05 9.99035E-05
0.442527 0.250312 9.99209E-05 9.99209E-05 0.00410339 9.99209E-05 9.99209E-05 0.153417 0.0449362 0.00282516 9.99209E-05 9.99209E-05 9.99209E-05 9.99209E-05 0.10098 9.99209E-05
0.848852 9.98945E-05 9.98945E-05 0.0453834 9.98945E-05 0.0579776 9.98945E-05 9.98945E-05 9.98945E-05 9.98945E-05 9.98945E-05 9.98945E-05 9.98945E-05 9.98945E-05 0.0465882 9.98945E-05
0.998126 9.98771E-05 9.98771E-05 9.98771E-05 9.98771E-05 9.98771E-05 9.98771E-05 9.98771E-05 9.98771E-05 9.98771E-05 9.98771E-05 9.98771E-05 9.98771E-05 9.98771E-05 0.000475273 9.98771E-05
0.8088 0.0284374 9.9921E-05 0.0122303 9.9921E-05 9.9921E-05 0.0167199 9.9921E-05 9.9921E-05 9.9921E-05 0.0682543 9.9921E-05 0.0558096 9.9921E-05 9.9921E-05 0.00884879
0.605152 0.12096 9.98945E-05 9.98945E-05 9.98945E-05 9.98945E-05 9.98945E-05 9.98945E-05 9.98945E-05 9.98945E-05 9.98945E-05 0.0516266 9.98945E-05 9.98945E-05 0.221063 9.98945E-05
0.419177 0.0623391 9.99034E-05 9.99034E-05 9.99034E-05 9.99034E-05 9.99034E-05 9.99034E-05 9.99034E-05 9.99034E-05 0.488726 0.0203291 9.99034E-05 9.99034E-05 0.00833056 9.99034E-05
0.760831 0.0376782 9.98947E-05 9.98947E-05 9.98947E-05 9.98947E-05 9.98947E-05 9.98947E-05 9.98947E-05 9.98947E-05 0.175325 9.98947E-05 9.98947E-05 9.98947E-05 0.0249671 9.98947E-05
0.802933 9.98773E-05 9.98773E-05 9.98773E-05 9.98773E-05 9.98773E-05 9.98773E-05 9.98773E-05 9.98773E-05 9.98773E-05 0.195669 9.98773E-05 9.98773E-05 9.98773E-05 9.98773E-05 9.98773E-05
0.462029 0.0789317 9.99035E-05 9.99035E-05 9.99035E-05 9.99035E-05 9.99035E-05 0.000569533 9.99035E-05 9.99035E-05 0.444542 9.99035E-05 9.99035E-05 9.99035E-05 9.99035E-05 0.0128284
0.503176 0.107929 9.98946E-05 9.98946E-05 9.98946E-05 9.98946E-05 9.98946E-05 9.98946E-05 9.98946E-05 9.98946E-05 9.98946E-05 9.98946E-05 9.98946E-05 9.98946E-05 0.317881 0.0698144
0.878571 0.0859208 9.98859E-05 9.98859E-05 9.98859E-05 0.03421 9.98859E-05 9.98859E-05 9.98859E-05 9.98859E-05 9.98859E-05 9.98859E-05 9.98859E-05 9.98859E-05 9.98859E-05 9.98859E-05
0.19479 0.163488 9.99034E-05 9.99034E-05 9.99034E-05 9.99034E-05 9.99034E-05 0.0586267 9.99034E-05 9.99034E-05 0.482889 9.99034E-05 9.99034E-05 9.99034E-05 0.0991074 9.99034E-05
0.494946 0.008673 0.00300955 9.99035E-05 9.99035E-05 9.99035E-05 9.99035E-05 9.99035E-05 9.99035E-05 9.99035E-05 0.428386 9.99035E-05 9.99035E-05 9.99035E-05 0.0638864 9.99035E-05
0.534305 0.209493 9.99033E-05 0.0433637 9.99033E-05 9.99033E-05 9.99033E-05 0.120206 9.99033E-05 9.99033E-05 9.99033E-05 9.99033E-05 9.99033E-05 9.99033E-05 9.99033E-05 0.0915335
0.585654 0.102223 9.99123E-05 9.99123E-05 9.99123E-05 9.99123E-05 9.99123E-05 9.99123E-05 9.99123E-05 9.99123E-05 0.0271272 9.99123E-05 0.00109128 0.138683 0.144223 9.99123E-05
0.547889 0.141127 9.99124E-05 0.0104014 0.173318 9.99124E-05 9.99124E-05 9.99124E-05 9.99124E-05 9.99124E-05 9.99124E-05 0.00827228 9.99124E-05 9.99124E-05 9.99124E-05 0.117994
0.497828 0.230816 9.98947E-05 0.0210584 9.98947E-05 9.98947E-05 9.98947E-05 9.98947E-05 9.98947E-05 9.98947E-05 9.98947E-05 9.98947E-05 9.98947E-05 9.98947E-05 0.249099 9.98947E-05
0.482017 9.98859E-05 9.98859E-05 9.98859E-05 9.98859E-05 9.98859E-05 9.98859E-05 9.98859E-05 9.98859E-05 9.98859E-05 0.489579 9.98859E-05 9.98859E-05 9.98859E-05 0.0271053 9.98859E-05
0.738393 9.98858E-05 9.98858E-05 9.98858E-05 9.98858E-05 9.98858E-05 0.151384 9.98858E-05 9.98858E-05 9.98858E-05 9.98858E-05 9.98858E-05 9.98858E-05 9.98858E-05 0.108924 9.98858E-05
0.300222 0.134377 9.99122E-05 9.99122E-05 9.99122E-05 9.99122E-05 9.99122E-05 9.99122E-05 9.99122E-05 9.99122E-05 0.535927 9.99122E-05 0.016104 0.00502624 0.00734502 9.99122E-05
0.584679 0.118169 9.99035E-05 9.99035E-05 9.99035E-05 9.99035E-05 9.99035E-05 9.99035E-05 9.99035E-05 9.99035E-05 0.160976 9.99035E-05 0.0105157 9.99035E-05 0.124561 9.99035E-05
0.887107 0.0913172 9.98859E-05 9.98859E-05 9.98859E-05 9.98859E-05 9.98859E-05 9.98859E-05 9.98859E-05 0.0202777 9.98859E-05 9.98859E-05 9.98859E-05 9.98859E-05 9.98859E-05 9.98859E-05
0.931894 9.9877E-05 9.9877E-05 9.9877E-05 9.9877E-05 9.9877E-05 0.0667082 9.9877E-05 9.9877E-05 9.9877E-05 9.9877E-05 9.9877E-05 9.9877E-05 9.9877E-05 9.9877E-05 9.9877E-05
0.499599 0.188794 9.98946E-05 9.98946E-05 9.98946E-05 9.98946E-05 9.98946E-05 9.98946E-05 9.98946E-05 9.98946E-05 9.98946E-05 9.98946E-05 9.98946E-05 9.98946E-05 0.131266 0.179142
0.823878 0.0953556 9.98858E-05 9.98858E-05 9.98858E-05 9.98858E-05 9.98858E-05 9.98858E-05 9.98858E-05 9.98858E-05 9.98858E-05 9.98858E-05 9.98858E-05 9.98858E-05 0.0794679 9.98858E-05
0.878629 0.0035701 9.99121E-05 9.99121E-05 0.0184397 9.99121E-05 9.99121E-05 0.0300453 0.0532463 9.99121E-05 9.99121E-05 9.99121E-05 9.99121E-05 9.99121E-05 0.0150708 9.99121E-05
0.863269 9.98859E-05 9.98859E-05 9.98859E-05 9.98859E-05 9.98859E-05 9.98859E-05 0.104485 9.98859E-05 9.98859E-05 0.0309466 9.98859E-05 9.98859E-05 9.98859E-05 9.98859E-05 9.98859E-05
0.615732 0.190016 9.99035E-05 9.99035E-05 9.99035E-05 9.99035E-05 9.99035E-05 9.99035E-05 9.99035E-05 9.99035E-05 0.117158 9.99035E-05 9.99035E-05 9.99035E-05 0.0500212 0.0259737
9.98682E-05 9.98682E-05 9.98682E-05 9.98682E-05 9.98682E-05 9.98682E-05 9.98682E-05 9.98682E-05 9.98682E-05 9.98682E-05 9.98682E-05 9.98682E-05 9.98682E-05 9.98682E-05 0.998502 9.98682E-05
9.98681E-05 0.998502 9.98681E-05 9.98681E-05 9.98681E-05 9.98681E-05 9.98681E-05 9.98681E-05 9.98681E-05 9.98681E-05 9.98681E-05 9.98681E-05 9.98681E-05 9.98681E-05 9.98681E-05 9.98681E-05
9.98681E-05 9.98681E-05 9.98681E-05 9.98681E-05 9.98681E-05 9.98681E-05 9.98681E-05 9.98681E-05 9.98681E-05 9.98681E-05 9.98681E-05 9.98681E-05 9.98681E-05 9.98681E-05 0.998502 9.98681E-05
9.9868E-05 0.998502 9.9868E-05 9.9868E-05 9.9868E-05 9.9868E-05 9.9868E-05 9.9868E-05 9.9868E-05 9.9868E-05 9.9868E-05 9.9868E-05 9.9868E-05 9.9868E-05 9.9868E-05 9.9868E-05
9.98682E-05 0.998502 9.98682E-05 9.98682E-05 9.98682E-05 9.98682E-05 9.98682E-05 9.98682E-05 9.98682E-05 9.98682E-05 9.98682E-05 9.98682E-05 9.98682E-05 9.98682E-05 9.98682E-05 9.98682E-05
9.98682E-05 0.998502 9.98682E-05 9.98682E-05 9.98682E-05 9.98682E-05 9.98682E-05 9.98682E-05 9.98682E-05 9.98682E-05 9.98682E-05 9.98682E-05 9.98682E-05 9.98682E-05 9.98682E-05 9.98682E-05
9.9868E-05 9.9868E-05 9.9868E-05 9.9868E-05 9.9868E-05 9.9868E-05 9.9868E-05 9.9868E-05 9.9868E-05 9.9868E-05 9.9868E-05 9.9868E-05 9.9868E-05 9.9868E-05 0.998502 9.9868E-05
9.9868E-05 0.998502 9.9868E-05 9.9868E-05 9.9868E-05 9.9868E-05 9.9868E-05 9.9868E-05 9.9868E-05 9.9868E-05 9.9868E-05 9.9868E-05 9.9868E-05 9.9868E-05 9.9868E-05 9.9868E-05
9.98681E-05 0.998502 9.98681E-05 9.98681E-05 9.98681E-05 9.98681E-05 9.98681E-05 9.98681E-05 9.98681E-05 9.98681E-05 9.98681E-05 9.98681E-05 9.98681E-05 9.98681E-05 9.98681E-05 9.98681E-05
9.98681E-05 9.98681E-05 9.98681E-05 9.98681E-05 9.98681E-05 9.98681E-05 9.98681E-05 9.98681E-05 9.98681E-05 9.98681E-05 9.98681E-05 9.98681E-05 9.98681E-05 9.98681E-05 0.998502 9.98681E-05
9.9868E-05 9.9868E-05 9.9868E-05 9.9868E-05 9.9868E-05 9.9868E-05 9.9868E-05 9.9868E-05 9.9868E-05 9.9868E-05 9.9868E-05 9.9868E-05 9.9868E-05 9.9868E-05 0.998502 9.9868E-05
9.9868E-05 9.9868E-05 9.9868E-05 9.9868E-05 9.9868E-05 9.9868E-05 9.9868E-05 9.9868E-05 9.9868E-05 9.9868E-05 9.9868E-05 9.9868E-05 9.9868E-05 9.9868E-05 0.998502 9.9868E-05
9.9868E-05 0.998502 9.9868E-05 9.9868E-05 9.9868E-05 9.9868E-05 9.9868E-05 9.9868E-05 9.9868E-05 9.9868E-05 9.9868E-05 9.9868E-05 9.9868E-05 9.9868E-05 9.9868E-05 9.9868E-05
9.98681E-05 0.998502 9.98681E-05 9.98681E-05 9.98681E-05 9.98681E-05 9.98681E-05 9.98681E-05 9.98681E-05 9.98681E-05 9.98681E-05 9.98681E-05 9.98681E-05 9.98681E-05 9.98681E-05 9.98681E-05
9.98681E-05 9.98681E-05 9.98681E-05 9.98681E-05 9.98681E-05 9.98681E-05 9.98681E-05 9.98681E-05 9.98681E-05 9.98681E-05 9.98681E-05 9.98681E-05 9.98681E-05 9.98681E-05 0.998502 9.98681E-05
9.98681E-05 9.98681E-05 9.98681E-05 9.98681E-05 9.98681E-05 9.98681E-05 9.98681E-05 9.98681E-05 9.98681E-05 9.98681E-05 9.98681E-05 9.98681E-05 9.98681E-05 9.98681E-05 0.998502 9.98681E-05
0.612667 0.0377647 9.99121E-05 9.99121E-05 0.116346 9.99121E-05 0.0449748 0.0627084 9.99121E-05 9.99121E-05 9.99121E-05 9.99121E-05 9.99121E-05 9.99121E-05 0.124541 9.99121E-05
9.98682E-05 9.98682E-05 9.98682E-05 9.98682E-05 9.98682E-05 9.98682E-05 9.98682E-05 9.98682E-05 9.98682E-05 9.98682E-05 9.98682E-05 9.98682E-05 9.98682E-05 9.98682E-05 0.998502 9.98682E-05
9.98681E-05 0.998502 9.98681E-05 9.98681E-05 9.98681E-05 9.98681E-05 9.98681E-05 9.98681E-05 9.98681E-05 9.98681E-05 9.98681E-05 9.98681E-05 9.98681E-05 9.98681E-05 9.98681E-05 9.98681E-05
9.98681E-05 9.98681E-05 9.98681E-05 9.98681E-05 9.98681E-05 9.98681E-05 9.98681E-05 9.98681E-05 9.98681E-05 9.98681E-05 9.98681E-05 9.98681E-05 9.98681E-05 9.98681E-05 0.998502 9.98681E-05
9.98681E-05 9.98681E-05 9.98681E-05 9.98681E-05 9.98681E-05 9.98681E-05 9.98681E-05 9.98681E-05 9.98681E-05 9.98681E-05 9.98681E-05 9.98681E-05 9.98681E-05 9.98681E-05 0.998502 9.98681E-05
9.98681E-05 9.98681E-05 9.98681E-05 9.98681E-05 9.98681E-05 9.98681E-05 9.98681E-05 9.98681E-05 9.98681E-05 9.98681E-05 9.98681E-05 9.98681E-05 9.98681E-05 9.98681E-05 0.998502 9.98681E-05
9.9868E-05 0.998502 9.9868E-05 9.9868E-05 9.9868E-05 9.9868E-05 9.9868E-05 9.9868E-05 9.9868E-05 9.9868E-05 9.9868E-05 9.9868E-05 9.9868E-05 9.9868E-05 9.9868E-05 9.9868E-05
9.98681E-05 9.98681E-05 9.98681E-05 9.98681E-05 9.98681E-05 9.98681E-05 9.98681E-05 9.98681E-05 9.98681E-05 9.98681E-05 9.98681E-05 9.98681E-05 9.98681E-05 9.98681E-05 0.998502 9.98681E-05
9.98681E-05 0.998502 9.98681E-05 9.98681E-05 9.98681E-05 9.98681E-05 9.98681E-05 9.98681E-05 9.98681E-05 9.98681E-05 9.98681E-05 9.98681E-05 9.98681E-05 9.98681E-05 9.98681E-05 9.98681E-05
9.98681E-05 9.98681E-05 9.98681E-05 9.98681E-05 9.98681E-05 9.98681E-05 9.98681E-05 9.98681E-05 9.98681E-05 9.98681E-05 9.98681E-05 9.98681E-05 9.98681E-05 9.98681E-05 0.998502 9.98681E-05
9.9868E-05 9.9868E-05 9.9868E-05 9.9868E-05 9.9868E-05 9.9868E-05 9.9868E-05 9.9868E-05 9.9868E-05 9.9868E-05 9.9868E-05 9.9868E-05 9.9868E-05 9.9868E-05 0.998502 9.9868E-05
9.9868E-05 0.998502 9.9868E-05 9.9868E-05 9.9868E-05 9.9868E-05 9.9868E-05 9.9868E-05 9.9868E-05 9.9868E-05 9.9868E-05 9.9868E-05 9.9868E-05 9.9868E-05 9.9868E-05 9.9868E-05
9.98681E-05 0.998502 9.98681E-05 9.98681E-05 9.98681E-05 9.98681E-05 9.98681E-05 9.98681E-05 9.98681E-05 9.98681E-05 9.98681E-05 9.98681E-05 9.98681E-05 9.98681E-05 9.98681E-05 9.98681E-05
9.98681E-05 0.998502 9.98681E-05 9.98681E-05 9.98681E-05 9.98681E-05 9.98681E-05 9.98681E-05 9.98681E-05 9.98681E-05 9.98681E-05 9.98681E-05 9.98681E-05 9.98681E-05 9.98681E-05 9.98681E-05
9.98681E-05 9.98681E-05 9.98681E-05 9.98681E-05 9.98681E-05 9.98681E-05 9.98681E-05 9.98681E-05 9.98681E-05 9.98681E-05 9.98681E-05 9.98681E-05 9.98681E-05 9.98681E-05 0.998502 9.98681E-05
9.98682E-05 9.98682E-05 9.98682E-05 9.98682E-05 9.98682E-05 9.98682E-05 9.98682E-05 9.98682E-05 9.98682E-05 9.98682E-05 9.98682E-05 9.98682E-05 9.98682E-05 9.98682E-05 0.998502 9.98682E-05
9.98681E-05 9.98681E-05 9.98681E-05 9.98681E-05 9.98681E-05 9.98681E-05 9.98681E-05 9.98681E-05 9.98681E-05 9.98681E-05 9.98681E-05 9.98681E-05 9.98681E-05 9.98681E-05 0.998502 9.98681E-05
9.98681E-05 9.98681E-05 9.98681E-05 9.98681E-05 9.98681E-05 9.98681E-05 9.98681E-05 9.98681E-05 9.98681E-05 9.98681E-05 9.98681E-05 9.98681E-05 9.98681E-05 9.98681E-05 0.998502 9.98681E-05
9.98681E-05 9.98681E-05 9.98681E-05 9.98681E-05 9.98681E-05 9.98681E-05 9.98681E-05 9.98681E-05 9.98681E-05 9.98681E-05 9.98681E-05 9.98681E-05 9.98681E-05 9.98681E-05 0.998502 9.98681E-05
9.98681E-05 0.998502 9.98681E-05 9.98681E-05 9.98681E-05 9.98681E-05 9.98681E-05 9.98681E-05 9.98681E-05 9.98681E-05 9.98681E-05 9.98681E-05 9.98681E-05 9.98681E-05 9.98681E-05 9.98681E-05
9.98681E-05 0.998502 9.98681E-05 9.98681E-05 9.98681E-05 9.98681E-05 9.98681E-05 9.98681E-05 9.98681E-05 9.98681E-05 9.98681E-05 9.98681E-05 9.98681E-05 9.98681E-05 9.98681E-05 9.98681E-05
9.98681E-05 0.998502 9.98681E-05 9.98681E-05 9.98681E-05 9.98681E-05 9.98681E-05 9.98681E-05 9.98681E-05 9.98681E-05 9.98681E-05 9.98681E-05 9.98681E-05 9.98681E-05 9.98681E-05 9.98681E-05
9.98682E-05 9.98682E-05 9.98682E-05 9.98682E-05 9.98682E-05 9.98682E-05 9.98682E-05 9.98682E-05 9.98682E-05 9.98682E-05 9.98682E-05 9.98682E-05 9.98682E-05 9.98682E-05 0.998502 9.98682E-05
9.98681E-05 0.998502 9.98681E-05 9.98681E-05 9.98681E-05 9.98681E-05 9.98681E-05 9.98681E-05 9.98681E-05 9.98681E-05 9.98681E-05 9.98681E-05 9.98681E-05 9.98681E-05 9.98681E-05 9.98681E-05
9.9868E-05 0.998502 9.9868E-05 9.9868E-05 9.9868E-05 9.9868E-05 9.9868E-05 9.9868E-05 9.9868E-05 9.9868E-05 9.9868E-05 9.9868E-05 9.9868E-05 9.9868E-05 9.9868E-05 9.9868E-05
9.98681E-05 0.998502 9.98681E-05 9.98681E-05 9.98681E-05 9.98681E-05 9.98681E-05 9.98681E-05 9.98681E-05 9.98681E-05 9.98681E-05 9.98681E-05 9.98681E-05 9.98681E-05 9.98681E-05 9.98681E-05
9.98682E-05 0.998502 9.98682E-05 9.98682E-05 9.98682E-05 9.98682E-05 9.98682E-05 9.98682E-05 9.98682E-05 9.98682E-05 9.98682E-05 9.98682E-05 9.98682E-05 9.98682E-05 9.98682E-05 9.98682E-05
9.98681E-05 9.98681E-05 9.98681E-05 9.98681E-05 9.98681E-05 9.98681E-05 9.98681E-05 9.98681E-05 9.98681E-05 9.98681E-05 9.98681E-05 9.98681E-05 9.98681E-05 9.98681E-05 0.998502 9.98681E-05
9.98681E-05 0.998502 9.98681E-05 9.98681E-05 9.98681E-05 9.98681E-05 9.98681E-05 9.98681E-05 9.98681E-05 9.98681E-05 9.98681E-05 9.98681E-05 9.98681E-05 9.98681E-05 9.98681E-05 9.98681E-05
9.9868E-05 0.998502 9.9868E-05 9.9868E-05 9.9868E-05 9.9868E-05 9.9868E-05 9.9868E-05 9.9868E-05 9.9868E-05 9.9868E-05 9.9868E-05 9.9868E-05 9.9868E-05 9.9868E-05 9.9868E-05
0.630475 0.0519182 9.99297E-05 9.99297E-05 0.0672025 0.0100861 0.127909 0.011861 9.99297E-05 0.00995839 9.99297E-05 9.99297E-05 9.99297E-05 9.99297E-05 0.0897899 9.99297E-05
9.98681E-05 9.98681E-05 9.98681E-05 9.98681E-05 9.98681E-05 9.98681E-05 9.98681E-05 9.98681E-05 9.98681E-05 9.98681E-05 9.98681E-05 9.98681E-05 9.98681E-05 9.98681E-05 0.998502 9.98681E-05
9.98682E-05 0.998502 9.98682E-05 9.98682E-05 9.98682E-05 9.98682E-05 9.98682E-05 9.98682E-05 9.98682E-05 9.98682E-05 9.98682E-05 9.98682E-05 9.98682E-05 9.98682E-05 9.98682E-05 9.98682E-05
9.98681E-05 0.998502 9.98681E-05 9.98681E-05 9.98681E-05 9.98681E-05 9.98681E-05 9.98681E-05 9.98681E-05 9.98681E-05 9.98681E-05 9.98681E-05 9.98681E-05 9.98681E-05 9.98681E-05 9.98681E-05
9.98681E-05 0.998502 9.98681E-05 9.98681E-05 9.98681E-05 9.98681E-05 9.98681E-05 9.98681E-05 9.98681E-05 9.98681E-05 9.98681E-05 9.98681E-05 9.98681E-05 9.98681E-05 9.98681E-05 9.98681E-05
9.98681E-05 0.998502 9.98681E-05 9.98681E-05 9.98681E-05 9.98681E-05 9.98681E-05 9.98681E-05 9.98681E-05 9.98681E-05 9.98681E-05 9.98681E-05 9.98681E-05 9.98681E-05 9.98681E-05 9.98681E-05
9.98681E-05 9.98681E-05 9.98681E-05 9.98681E-05 9.98681E-05 9.98681E-05 9.98681E-05 9.98681E-05 9.98681E-05 9.98681E-05 9.98681E-05 9.98681E-05 9.98681E-05 9.98681E-05 0.998502 9.98681E-05
9.98681E-05 0.998502 9.98681E-05 9.98681E-05 9.98681E-05 9.98681E-05 9.98681E-05 9.98681E-05 9.98681E-05 9.98681E-05 9.98681E-05 9.98681E-05 9.98681E-05 9.98681E-05 9.98681E-05 9.98681E-05
9.98681E-05 9.98681E-05 9.98681E-05 9.98681E-05 9.98681E-05 9.98681E-05 9.98681E-05 9.98681E-05 9.98681E-05 9.98681E-05 9.98681E-05 9.98681E-05 9.98681E-05 9.98681E-05 0.998502 9.98681E-05
9.98682E-05 0.998502 9.98682E-05 9.98682E-05 9.98682E-05 9.98682E-05 9.98682E-05 9.98682E-05 9.98682E-05 9.98682E-05 9.98682E-05 9.98682E-05 9.98682E-05 9.98682E-05 9.98682E-05 9.98682E-05
9.9868E-05 9.9868E-05 9.9868E-05 9.9868E-05 9.9868E-05 9.9868E-05 9.9868E-05 9.9868E-05 9.9868E-05 9.9868E-05 9.9868E-05 9.9868E-05 9.9868E-05 9.9868E-05 0.998502 9.9868E-05
9.98681E-05 0.998502 9.98681E-05 9.98681E-05 9.98681E-05 9.98681E-05 9.98681E-05 9.98681E-05 9.98681E-05 9.98681E-05 9.98681E-05 9.98681E-05 9.98681E-05 9.98681E-05 9.98681E-05 9.98681E-05
9.98682E-05 0.998502 9.98682E-05 9.98682E-05 9.98682E-05 9.98682E-05 9.98682E-05 9.98682E-05 9.98682E-05 9.98682E-05 9.98682E-05 9.98682E-05 9.98682E-05 9.98682E-05 9.98682E-05 9.98682E-05
9.98682E-05 0.998502 9.98682E-05 9.98682E-05 9.98682E-05 9.98682E-05 9.98682E-05 9.98682E-05 9.98682E-05 9.98682E-05 9.98682E-05 9.98682E-05 9.98682E-05 9.98682E-05 9.98682E-05 9.98682E-05
9.98682E-05 0.998502 9.98682E-05 9.98682E-05 9.98682E-05 9.98682E-05 9.98682E-05 9.98682E-05 9.98682E-05 9.98682E-05 9.98682E-05 9.98682E-05 9.98682E-05 9.98682E-05 9.98682E-05 9.98682E-05
9.98682E-05 0.998502 9.98682E-05 9.98682E-05 9.98682E-05 9.98682E-05 9.98682E-05 9.98682E-05 9.98682E-05 9.98682E-05 9.98682E-05 9.98682E-05 9.98682E-05 9.98682E-05 9.98682E-05 9.98682E-05
9.98681E-05 0.998502 9.98681E-05 9.98681E-05 9.98681E-05 9.98681E-05 9.98681E-05 9.98681E-05 9.98681E-05 9.98681E-05 9.98681E-05 9.98681E-05 9.98681E-05 9.98681E-05 9.98681E-05 9.98681E-05
9.98681E-05 9.98681E-05 9.98681E-05 9.98681E-05 9.98681E-05 9.98681E-05 9.98681E-05 9.98681E-05 9.98681E-05 9.98681E-05 9.98681E-05 9.98681E-05 9.98681E-05 9.98681E-05 0.998502 9.98681E-05
9.98681E-05 9.98681E-05 9.98681E-05 9.98681E-05 9.98681E-05 9.98681E-05 9.98681E-05 9.98681E-05 9.98681E-05 9.98681E-05 9.98681E-05 9.98681E-05 9.98681E-05 9.98681E-05 0.998502 9.98681E-05
9.98681E-05 9.98681E-05 9.98681E-05 9.98681E-05 9.98681E-05 9.98681E-05 9.98681E-05 9.98681E-05 9.98681E-05 9.98681E-05 9.98681E-05 9.98681E-05 9.98681E-05 9.98681E-05 0.998502 9.98681E-05
9.9868E-05 0.998502 9.9868E-05 9.9868E-05 9.9868E-05 9.9868E-05 9.9868E-05 9.9868E-05 9.9868E-05 9.9868E-05 9.9868E-05 9.9868E-05 9.9868E-05 9.9868E-05 9.9868E-05 9.9868E-05
9.98681E-05 9.98681E-05 9.98681E-05 9.98681E-05 9.98681E-05 9.98681E-05 9.98681E-05 9.98681E-05 9.98681E-05 9.98681E-05 9.98681E-05 9.98681E-05 9.98681E-05 9.98681E-05 0.998502 9.98681E-05
9.98681E-05 9.98681E-05 9.98681E-05 9.98681E-05 9.98681E-05 9.98681E-05 9.98681E-05 9.98681E-05 9.98681E-05 9.98681E-05 9.98681E-05 9.98681E-05 9.98681E-05 9.98681E-05 0.998502 9.98681E-05
9.98682E-05 9.98682E-05 9.98682E-05 9.98682E-05 9.98682E-05 9.98682E-05 9.98682E-05 9.98682E-05 9.98682E-05 9.98682E-05 9.98682E-05 9.98682E-05 9.98682E-05 9.98682E-05 0.998502 9.98682E-05
9.98681E-05 0.998502 9.98681E-05 9.98681E-05 9.98681E-05 9.98681E-05 9.98681E-05 9.98681E-05 9.98681E-05 9.98681E-05 9.98681E-05 9.98681E-05 9.98681E-05 9.98681E-05 9.98681E-05 9.98681E-05
9.9868E-05 0.998502 9.9868E-05 9.9868E-05 9.9868E-05 9.9868E-05 9.9868E-05 9.9868E-05 9.9868E-05 9.9868E-05 9.9868E-05 9.9868E-05 9.9868E-05 9.9868E-05 9.9868E-05 9.9868E-05
