0.131843 9.99034E-05 9.99034E-05 9.99034E-05 9.99034E-05 0.343091 0.0240839 0.115372 9.99034E-05 9.99034E-05 9.99034E-05 9.99034E-05 0.00603212 9.99034E-05 0.216621 0.0146725 9.99034E-05 9.99034E-05 0.147185
9.98947E-05 9.98947E-05 9.98947E-05 9.98947E-05 9.98947E-05 0.605347 0.0232404 0.125593 9.98947E-05 9.98947E-05 9.98947E-05 9.98947E-05 0.0265612 9.98947E-05 0.152437 0.0222803 9.98947E-05 0.0433421 9.98947E-05
9.98859E-05 9.98859E-05 9.98859E-05 9.98859E-05 0.0106807 0.859319 9.98859E-05 9.98859E-05 9.98859E-05 9.98859E-05 9.98859E-05 9.98859E-05 9.98859E-05 9.98859E-05 0.00183995 0.0724034 0.0164655 9.98859E-05 0.0379931
0.129249 0.0059396 9.99122E-05 9.99122E-05 0.131242 0.26264 0.0196963 9.99122E-05 9.99122E-05 9.99122E-05 9.99122E-05 0.289399 0.0428971 9.99122E-05 9.99122E-05 0.0316004 9.99122E-05 0.0863378 9.99122E-05
9.98772E-05 0.0476548 9.98772E-05 9.98772E-05 0.0364474 0.822662 9.98772E-05 9.98772E-05 9.98772E-05 9.98772E-05 9.98772E-05 9.98772E-05 9.98772E-05 9.98772E-05 9.98772E-05 9.98772E-05 0.0448745 0.0469626 9.98772E-05
9.99123E-05 0.132541 9.99123E-05 9.99123E-05 0.202611 0.210752 9.99123E-05 0.0272823 9.99123E-05 9.99123E-05 9.99123E-05 0.0391514 0.0437791 9.99123E-05 0.250472 9.99123E-05 0.0208381 0.0715734 9.99123E-05
0.1326 9.99123E-05 9.99123E-05 9.99123E-05 9.99123E-05 0.268183 9.99123E-05 0.108932 9.99123E-05 9.99123E-05 9.99123E-05 0.146286 0.104736 0.0737333 0.133338 0.0009295 9.99123E-05 9.99123E-05 0.0302636
0.201528 0.124452 9.99035E-05 9.99035E-05 0.0440554 0.243061 9.99035E-05 9.99035E-05 9.99035E-05 9.99035E-05 0.171516 0.00453789 9.99035E-05 9.99035E-05 9.99035E-05 9.99035E-05 0.097533 0.112217 9.99035E-05
9.98947E-05 0.197078 9.98947E-05 9.98947E-05 0.0514815 0.283638 9.98947E-05 9.98947E-05 9.98947E-05 9.98947E-05 9.98947E-05 9.98947E-05 0.0582355 9.98947E-05 9.98947E-05 0.220633 9.98947E-05 0.0571235 0.130612
9.98594E-05 9.98594E-05 9.98594E-05 9.98594E-05 9.98594E-05 0.91131 9.98594E-05 9.98594E-05 9.98594E-05 9.98594E-05 9.98594E-05 9.98594E-05 9.98594E-05 9.98594E-05 9.98594E-05 0.052349 9.98594E-05 9.98594E-05 0.0347435
0.0872252 0.0147444 9.99035E-05 9.99035E-05 0.00212494 0.458472 0.041539 9.99035E-05 9.99035E-05 9.99035E-05 9.99035E-05 9.99035E-05 0.128687 9.99035E-05 0.0929291 0.173179 9.99035E-05 9.99035E-05 9.99035E-05
9.98684E-05 9.98684E-05 9.98684E-05 9.98684E-05 9.98684E-05 0.798309 9.98684E-05 9.98684E-05 9.98684E-05 9.98684E-05 0.091651 9.98684E-05 9.98684E-05 0.00641113 0.102131 9.98684E-05 9.98684E-05 9.98684E-05 9.98684E-05
0.12182 9.98684E-05 9.98684E-05 9.98684E-05 9.98684E-05 0.802578 9.98684E-05 9.98684E-05 9.98684E-05 9.98684E-05 9.98684E-05 0.0261696 9.98684E-05 9.98684E-05 9.98684E-05 0.0479335 9.98684E-05 9.98684E-05 9.98684E-05
9.98772E-05 9.98772E-05 0.17733 9.98772E-05 9.98772E-05 0.513134 9.98772E-05 0.00634752 9.98772E-05 9.98772E-05 9.98772E-05 9.98772E-05 9.98772E-05 9.98772E-05 9.98772E-05 0.13379 0.168001 9.98772E-05 9.98772E-05
0.0490561 0.099268 9.99122E-05 0.0448467 0.158707 0.220274 9.99122E-05 9.99122E-05 9.99122E-05 9.99122E-05 9.99122E-05 9.99122E-05 9.99122E-05 9.99122E-05 0.35513 0.0268893 0.0182758 9.99122E-05 0.0265543
0.0967235 0.149409 9.99034E-05 9.99034E-05 9.99034E-05 0.186718 9.99034E-05 9.99034E-05 9.99034E-05 9.99034E-05 0.180098 0.065754 9.99034E-05 9.99034E-05 0.169205 0.124102 9.99034E-05 0.0268929 9.99034E-05
9.99035E-05 9.99035E-05 9.99035E-05 0.0378395 9.99035E-05 0.526402 9.99035E-05 0.0863377 9.99035E-05 0.203135 0.00653137 0.00220634 0.061825 9.99035E-05 9.99035E-05 0.074624 9.99035E-05 9.99035E-05 9.99035E-05
0.148484 0.00926491 9.99122E-05 9.99122E-05 0.0600614 0.127618 0.0656902 9.99122E-05 0.124545 9.99122E-05 9.99122E-05 9.99122E-05 9.99122E-05 9.99122E-05 0.299631 0.0464186 9.99122E-05 0.117288 9.99122E-05
0.25608 0.095107 9.99121E-05 0.0980098 9.99121E-05 0.294659 9.99121E-05 9.99121E-05 0.0205841 9.99121E-05 9.99121E-05 0.0437083 0.00598705 9.99121E-05 0.023542 0.161323 9.99121E-05 9.99121E-05 9.99121E-05
9.98508E-05 9.98508E-05 9.98508E-05 9.98508E-05 9.98508E-05 0.941993 0.05631 9.98508E-05 9.98508E-05 9.98508E-05 9.98508E-05 9.98508E-05 9.98508E-05 9.98508E-05 9.98508E-05 9.98508E-05 9.98508E-05 9.98508E-05 9.98508E-05
0.0057402 0.0720933 9.99035E-05 9.99035E-05 9.99035E-05 0.495476 9.99035E-05 9.99035E-05 9.99035E-05 9.99035E-05 0.0834858 9.99035E-05 0.0249807 9.99035E-05 9.99035E-05 0.0566288 9.99035E-05 0.254344 0.00615321
0.430429 0.161001 9.99123E-05 0.0061914 0.0255853 0.194816 9.99123E-05 9.99123E-05 0.0468539 9.99123E-05 9.99123E-05 0.0713606 9.99123E-05 9.99123E-05 9.99123E-05 9.99123E-05 0.0538177 0.00894636 9.99123E-05
9.98772E-05 9.98772E-05 9.98772E-05 9.98772E-05 0.0334711 0.549108 9.98772E-05 9.98772E-05 9.98772E-05 9.98772E-05 9.98772E-05 9.98772E-05 0.0411765 9.98772E-05 0.28094 0.0939055 9.98772E-05 9.98772E-05 9.98772E-05
0.327828 9.98771E-05 9.98771E-05 9.98771E-05 9.98771E-05 0.394048 9.98771E-05 9.98771E-05 9.98771E-05 9.98771E-05 0.0198482 9.98771E-05 9.98771E-05 9.98771E-05 9.98771E-05 0.245088 9.98771E-05 9.98771E-05 0.0117897
0.117731 0.0345787 0.0164244 0.055536 0.106249 0.255866 0.0821662 9.99122E-05 9.99122E-05 9.99122E-05 9.99122E-05 9.99122E-05 0.0695605 9.99122E-05 9.99122E-05 0.260889 9.99122E-05 9.99122E-05 9.99122E-05
0.130072 9.98946E-05 9.98946E-05 9.98946E-05 0.072677 0.632028 9.98946E-05 9.98946E-05 9.98946E-05 9.98946E-05 0.00364285 0.0260985 9.98946E-05 9.98946E-05 9.98946E-05 0.129668 0.00461402 9.98946E-05 9.98946E-05
0.345819 9.98946E-05 9.98946E-05 9.98946E-05 0.386402 0.00461544 9.98946E-05 9.98946E-05 0.121316 9.98946E-05 0.0775216 9.98946E-05 9.98946E-05 9.98946E-05 9.98946E-05 0.0618085 9.98946E-05 9.98946E-05 0.00131909
0.133582 9.98597E-05 9.98597E-05 9.98597E-05 9.98597E-05 0.773638 9.98597E-05 9.98597E-05 9.98597E-05 9.98597E-05 9.98597E-05 0.0911818 9.98597E-05 9.98597E-05 9.98597E-05 9.98597E-05 9.98597E-05 9.98597E-05 9.98597E-05
0.0929 9.98947E-05 0.0162795 9.98947E-05 0.0181146 0.498855 0.0112622 9.98947E-05 9.98947E-05 9.98947E-05 9.98947E-05 9.98947E-05 9.98947E-05 9.98947E-05 0.168922 0.192468 9.98947E-05 9.98947E-05 9.98947E-05
9.98947E-05 0.0565941 9.98947E-05 9.98947E-05 0.0719555 0.682283 9.98947E-05 0.0277893 9.98947E-05 0.0358389 9.98947E-05 9.98947E-05 0.0498961 9.98947E-05 9.98947E-05 0.074444 9.98947E-05 9.98947E-05 9.98947E-05
0.0338351 0.0135748 9.99034E-05 0.0499665 9.99034E-05 0.619363 0.00424514 9.99034E-05 9.99034E-05 9.99034E-05 9.99034E-05 9.99034E-05 0.0873687 9.99034E-05 0.171441 0.0191065 9.99034E-05 9.99034E-05 9.99034E-05
0.0188123 9.99063E-05 9.99063E-05 9.99063E-05 0.201979 0.466369 9.99063E-05 9.99063E-05 9.99063E-05 9.99063E-05 9.99063E-05 0.0919124 0.0806762 9.99063E-05 0.0152592 0.0293046 9.99063E-05 0.0945885 9.99063E-05
0.167389 9.98947E-05 9.98947E-05 9.98947E-05 0.0277081 0.448043 9.98947E-05 9.98947E-05 9.98947E-05 9.98947E-05 0.0153485 9.98947E-05 0.0501932 9.98947E-05 0.160617 0.129503 9.98947E-05 9.98947E-05 9.98947E-05
0.0593984 9.99122E-05 0.156853 9.99122E-05 9.99122E-05 0.464465 9.99122E-05 9.99122E-05 0.0463308 9.99122E-05 9.99122E-05 0.0518782 0.0298327 0.0595507 9.99122E-05 0.084752 0.0459396 9.99122E-05 9.99122E-05
0.0324402 0.0100934 9.98948E-05 9.98948E-05 9.98948E-05 0.765201 0.0371941 0.10481 9.98948E-05 9.98948E-05 9.98948E-05 9.98948E-05 0.0312359 9.98948E-05 9.98948E-05 0.0178266 9.98948E-05 9.98948E-05 9.98948E-05
0.122717 0.0222487 9.99035E-05 9.99035E-05 9.99035E-05 0.621595 9.99035E-05 0.014946 9.99035E-05 9.99035E-05 9.99035E-05 0.0919337 0.0111239 9.99035E-05 0.084266 0.030071 9.99035E-05 9.99035E-05 9.99035E-05
0.0141024 9.98948E-05 9.98948E-05 9.98948E-05 9.98948E-05 0.792947 9.98948E-05 0.0653899 9.98948E-05 9.98948E-05 0.0105726 0.062805 0.0051512 0.0478326 9.98948E-05 9.98948E-05 9.98948E-05 9.98948E-05 9.98948E-05
9.98773E-05 0.153194 9.98773E-05 9.98773E-05 9.98773E-05 0.694475 0.0566251 0.0293922 9.98773E-05 9.98773E-05 9.98773E-05 9.98773E-05 9.98773E-05 9.98773E-05 9.98773E-05 0.0649151 9.98773E-05 9.98773E-05 9.98773E-05
0.014558 9.98948E-05 9.98948E-05 9.98948E-05 9.98948E-05 0.451732 9.98948E-05 0.102583 9.98948E-05 0.11214 9.98948E-05 9.98948E-05 0.0542526 9.98948E-05 9.98948E-05 0.158807 0.104729 9.98948E-05 9.98948E-05
9.98947E-05 9.98947E-05 0.100253 0.00648113 0.118816 0.542882 9.98947E-05 9.98947E-05 9.98947E-05 9.98947E-05 0.10302 9.98947E-05 9.98947E-05 0.00888602 9.98947E-05 0.118463 9.98947E-05 9.98947E-05 9.98947E-05
0.140929 0.0398921 9.98772E-05 0.0164852 9.98772E-05 0.749397 9.98772E-05 9.98772E-05 9.98772E-05 9.98772E-05 9.98772E-05 9.98772E-05 9.98772E-05 9.98772E-05 9.98772E-05 0.0518985 9.98772E-05 9.98772E-05 9.98772E-05
0.264022 9.98774E-05 9.98774E-05 9.98774E-05 9.98774E-05 0.575568 9.98774E-05 0.0289472 9.98774E-05 9.98774E-05 9.98774E-05 9.98774E-05 9.98774E-05 9.98774E-05 9.98774E-05 0.0289526 9.98774E-05 9.98774E-05 0.101112
0.137724 9.9886E-05 0.0618811 9.9886E-05 9.9886E-05 0.727398 9.9886E-05 0.0204904 9.9886E-05 0.0484898 9.9886E-05 9.9886E-05 9.9886E-05 0.0027186 9.9886E-05 9.9886E-05 9.9886E-05 9.9886E-05 9.9886E-05
0.120507 0.0632842 9.98948E-05 9.98948E-05 9.98948E-05 0.297312 9.98948E-05 9.98948E-05 9.98948E-05 9.98948E-05 9.98948E-05 9.98948E-05 0.0718827 9.98948E-05 0.155016 0.167861 9.98948E-05 9.98948E-05 0.122938
0.358553 9.9886E-05 9.9886E-05 9.9886E-05 9.9886E-05 0.241557 9.9886E-05 9.9886E-05 9.9886E-05 9.9886E-05 9.9886E-05 0.0149012 9.9886E-05 9.9886E-05 9.9886E-05 0.238375 0.09327 9.9886E-05 0.0520448
0.0154475 9.98771E-05 9.98771E-05 9.98771E-05 9.98771E-05 0.845836 0.083637 9.98771E-05 9.98771E-05 9.98771E-05 9.98771E-05 9.98771E-05 9.98771E-05 9.98771E-05 9.98771E-05 0.0129031 9.98771E-05 0.0407781 9.98771E-05
9.98859E-05 0.0100978 9.98859E-05 9.98859E-05 9.98859E-05 0.799263 0.00800904 9.98859E-05 0.0144431 9.98859E-05 9.98859E-05 0.102412 9.98859E-05 9.98859E-05 9.98859E-05 0.0644771 9.98859E-05 9.98859E-05 9.98859E-05
9.98773E-05 9.98773E-05 9.98773E-05 9.98773E-05 9.98773E-05 0.854659 9.98773E-05 9.98773E-05 9.98773E-05 9.98773E-05 9.98773E-05 9.98773E-05 9.98773E-05 0.0526306 0.0106655 0.0328694 0.0477773 9.98773E-05 9.98773E-05
0.159089 9.98771E-05 9.98771E-05 9.98771E-05 9.98771E-05 0.61414 9.98771E-05 9.98771E-05 9.98771E-05 9.98771E-05 9.98771E-05 9.98771E-05 0.0521736 9.98771E-05 0.0590424 0.114156 9.98771E-05 9.98771E-05 9.98771E-05
9.98773E-05 0.0171576 9.98773E-05 9.98773E-05 9.98773E-05 0.728707 9.98773E-05 0.0303429 9.98773E-05 9.98773E-05 9.98773E-05 9.98773E-05 9.98773E-05 0.133599 9.98773E-05 9.98773E-05 0.0887951 9.98773E-05 9.98773E-05
0.0724014 0.0481167 9.99209E-05 9.99209E-05 0.182977 0.250131 9.99209E-05 9.99209E-05 9.99209E-05 9.99209E-05 9.99209E-05 0.0227285 0.109542 9.99209E-05 0.0404651 0.175521 9.99209E-05 0.05324 0.0439778
0.24966 9.98859E-05 9.98859E-05 9.98859E-05 9.98859E-05 0.561009 0.0593162 9.98859E-05 9.98859E-05 9.98859E-05 0.000471596 9.98859E-05 9.98859E-05 9.98859E-05 9.98859E-05 9.98859E-05 0.0429672 9.98859E-05 0.0852773
0.0420095 9.98772E-05 9.98772E-05 0.050416 9.98772E-05 0.70277 9.98772E-05 9.98772E-05 9.98772E-05 9.98772E-05 9.98772E-05 9.98772E-05 9.98772E-05 9.98772E-05 0.15636 0.0470458 9.98772E-05 9.98772E-05 9.98772E-05
9.99124E-05 9.99124E-05 0.0689478 9.99124E-05 9.99124E-05 0.626509 0.0466204 9.99124E-05 0.0315909 9.99124E-05 0.0902961 9.99124E-05 0.00532803 0.0785449 0.0036096 0.0475537 9.99124E-05 9.99124E-05 9.99124E-05
9.98685E-05 9.98685E-05 9.98685E-05 0.127605 9.98685E-05 0.73907 9.98685E-05 9.98685E-05 9.98685E-05 9.98685E-05 9.98685E-05 9.98685E-05 9.98685E-05 9.98685E-05 0.00504012 0.126787 9.98685E-05 9.98685E-05 9.98685E-05
9.98976E-05 9.98976E-05 9.98976E-05 9.98976E-05 0.185707 0.646973 0.0212916 9.98976E-05 9.98976E-05 9.98976E-05 9.98976E-05 9.98976E-05 0.00543179 9.98976E-05 0.0355921 9.98976E-05 0.00197479 0.101832 9.98976E-05
0.0862402 9.98946E-05 9.98946E-05 9.98946E-05 9.98946E-05 0.689818 9.98946E-05 0.0226837 0.0755254 9.98946E-05 9.98946E-05 0.00486377 9.98946E-05 9.98946E-05 9.98946E-05 0.089867 0.0298035 9.98946E-05 9.98946E-05
9.98685E-05 9.98685E-05 9.98685E-05 9.98685E-05 9.98685E-05 0.729786 9.98685E-05 9.98685E-05 9.98685E-05 9.98685E-05 9.98685E-05 0.0546316 0.0958614 9.98685E-05 9.98685E-05 0.118223 9.98685E-05 9.98685E-05 9.98685E-05
9.98859E-05 9.98859E-05 9.98859E-05 9.98859E-05 9.98859E-05 0.895828 9.98859E-05 0.000432115 0.0079064 9.98859E-05 9.98859E-05 9.98859E-05 9.98859E-05 0.0149015 9.98859E-05 0.0106275 9.98859E-05 0.0690057 9.98859E-05
0.0117773 0.116488 9.99034E-05 9.99034E-05 9.99034E-05 9.99034E-05 9.99034E-05 9.99034E-05 0.0129843 9.99034E-05 9.99034E-05 9.99034E-05 0.0902197 0.0594951 0.637418 0.0381388 0.0323805 9.99034E-05 9.99034E-05
0.0374404 9.98685E-05 9.98685E-05 9.98685E-05 9.98685E-05 9.98685E-05 9.98685E-05 9.98685E-05 9.98685E-05 9.98685E-05 0.0299789 9.98685E-05 9.98685E-05 9.98685E-05 0.853244 9.98685E-05 9.98685E-05 9.98685E-05 0.0778384
9.98596E-05 9.98596E-05 9.98596E-05 9.98596E-05 9.98596E-05 9.98596E-05 9.98596E-05 9.98596E-05 0.032386 9.98596E-05 9.98596E-05 9.98596E-05 9.98596E-05 0.0125394 0.953477 9.98596E-05 9.98596E-05 9.98596E-05 9.98596E-05
9.99035E-05 0.0930905 9.99035E-05 0.00907709 0.180416 9.99035E-05 9.99035E-05 0.313229 0.0419876 9.99035E-05 9.99035E-05 9.99035E-05 9.99035E-05 0.0923259 0.267877 0.000898801 9.99035E-05 9.99035E-05 9.99035E-05
0.0233347 0.0519091 9.98945E-05 9.98945E-05 9.98945E-05 9.98945E-05 0.0517254 9.98945E-05 9.98945E-05 9.98945E-05 0.0141636 9.98945E-05 9.98945E-05 0.0698052 0.733092 0.054771 9.98945E-05 9.98945E-05 9.98945E-05
0.0462598 0.0126451 9.98945E-05 0.03927 0.0580283 9.98945E-05 9.98945E-05 9.98945E-05 9.98945E-05 9.98945E-05 9.98945E-05 9.98945E-05 9.98945E-05 9.98945E-05 0.638526 0.162181 9.98945E-05 9.98945E-05 0.0418913
9.9877E-05 9.9877E-05 9.9877E-05 9.9877E-05 9.9877E-05 9.9877E-05 9.9877E-05 0.250449 9.9877E-05 9.9877E-05 9.9877E-05 0.0796187 9.9877E-05 0.0160525 0.550605 0.101877 9.9877E-05 9.9877E-05 9.9877E-05
9.98945E-05 0.0996056 9.98945E-05 9.98945E-05 0.0821396 9.98945E-05 9.98945E-05 0.0834812 0.114745 9.98945E-05 9.98945E-05 9.98945E-05 9.98945E-05 0.00115801 0.580138 0.0375331 9.98945E-05 9.98945E-05 9.98945E-05
9.98596E-05 9.98596E-05 9.98596E-05 9.98596E-05 9.98596E-05 9.98596E-05 9.98596E-05 0.0474999 0.0133096 9.98596E-05 9.98596E-05 9.98596E-05 9.98596E-05 9.98596E-05 0.937593 9.98596E-05 9.98596E-05 9.98596E-05 9.98596E-05
9.98683E-05 9.98683E-05 9.98683E-05 9.98683E-05 9.98683E-05 9.98683E-05 9.98683E-05 9.98683E-05 9.98683E-05 9.98683E-05 9.98683E-05 0.030802 0.06409 9.98683E-05 0.872922 0.0306881 9.98683E-05 9.98683E-05 9.98683E-05
9.98769E-05 0.0671621 9.98769E-05 9.98769E-05 9.98769E-05 9.98769E-05 0.0133482 9.98769E-05 9.98769E-05 9.98769E-05 9.98769E-05 9.98769E-05 0.160264 9.98769E-05 0.516325 0.241503 9.98769E-05 9.98769E-05 9.98769E-05
0.167654 9.99209E-05 9.99209E-05 0.105705 9.99209E-05 9.99209E-05 9.99209E-05 0.0460927 9.99209E-05 9.99209E-05 0.0130882 0.0163052 0.0350546 0.014063 0.475811 0.0477344 0.0775932 9.99209E-05 9.99209E-05
9.98858E-05 0.113627 9.98858E-05 9.98858E-05 0.0759073 9.98858E-05 9.98858E-05 9.98858E-05 9.98858E-05 9.98858E-05 0.0433977 9.98858E-05 0.0929288 9.98858E-05 0.5109 9.98858E-05 9.98858E-05 0.16194 9.98858E-05
0.184438 9.98858E-05 9.98858E-05 9.98858E-05 0.0187759 9.98858E-05 9.98858E-05 9.98858E-05 9.98858E-05 9.98858E-05 9.98858E-05 9.98858E-05 9.98858E-05 0.0370905 0.556869 0.183136 0.0183922 9.98858E-05 9.98858E-05
9.98685E-05 9.98685E-05 9.98685E-05 9.98685E-05 0.0180119 9.98685E-05 9.98685E-05 9.98685E-05 9.98685E-05 9.98685E-05 0.00160269 9.98685E-05 9.98685E-05 9.98685E-05 0.957153 9.98685E-05 0.0217348 9.98685E-05 9.98685E-05
9.98509E-05 0.0111225 9.98509E-05 9.98509E-05 9.98509E-05 9.98509E-05 9.98509E-05 9.98509E-05 9.98509E-05 9.98509E-05 9.98509E-05 9.98509E-05 9.98509E-05 9.98509E-05 0.98718 9.98509E-05 9.98509E-05 9.98509E-05 9.98509E-05
9.98681E-05 9.98681E-05 9.98681E-05 9.98681E-05 0.154123 9.98681E-05 9.98681E-05 9.98681E-05 0.0870342 9.98681E-05 9.98681E-05 9.98681E-05 9.98681E-05 9.98681E-05 0.693132 9.98681E-05 9.98681E-05 0.0642129 9.98681E-05
0.137235 0.0593785 9.9877E-05 9.9877E-05 9.9877E-05 9.9877E-05 9.9877E-05 9.9877E-05 9.9877E-05 9.9877E-05 9.9877E-05 0.09692 0.10736 9.9877E-05 0.597708 9.9877E-05 9.9877E-05 9.9877E-05 9.9877E-05
9.9877E-05 0.000768978 9.9877E-05 9.9877E-05 9.9877E-05 9.9877E-05 9.9877E-05 9.9877E-05 0.0926568 9.9877E-05 9.9877E-05 9.9877E-05 0.00983011 9.9877E-05 0.87536 0.0199862 9.9877E-05 9.9877E-05 9.9877E-05
9.98944E-05 9.98944E-05 9.98944E-05 9.98944E-05 0.0598671 9.98944E-05 0.0221023 9.98944E-05 9.98944E-05 9.98944E-05 0.00724433 9.98944E-05 9.98944E-05 0.0376222 0.642573 0.188531 9.98944E-05 9.98944E-05 0.0408614
9.98511E-05 9.98511E-05 9.98511E-05 9.98511E-05 9.98511E-05 9.98511E-05 9.98511E-05 9.98511E-05 9.98511E-05 0.0176404 9.98511E-05 9.98511E-05 9.98511E-05 9.98511E-05 0.980662 9.98511E-05 9.98511E-05 9.98511E-05 9.98511E-05
0.278892 9.98594E-05 9.98594E-05 9.98594E-05 9.98594E-05 9.98594E-05 9.98594E-05 9.98594E-05 9.98594E-05 9.98594E-05 9.98594E-05 9.98594E-05 9.98594E-05 9.98594E-05 0.675987 0.0435229 9.98594E-05 9.98594E-05 9.98594E-05
9.98773E-05 9.98773E-05 9.98773E-05 0.000892222 0.288141 9.98773E-05 9.98773E-05 0.00812582 9.98773E-05 9.98773E-05 9.98773E-05 9.98773E-05 9.98773E-05 9.98773E-05 0.679014 0.0224281 9.98773E-05 9.98773E-05 9.98773E-05
9.98947E-05 0.0910934 9.98947E-05 9.98947E-05 9.98947E-05 9.98947E-05 9.98947E-05 9.98947E-05 0.123041 9.98947E-05 9.98947E-05 0.0981509 0.0361996 9.98947E-05 0.609632 9.98947E-05 9.98947E-05 0.0137795 0.0269051
9.98594E-05 9.98594E-05 9.98594E-05 9.98594E-05 9.98594E-05 9.98594E-05 9.98594E-05 9.98594E-05 9.98594E-05 9.98594E-05 9.98594E-05 9.98594E-05 0.192556 9.98594E-05 0.793429 0.0124164 9.98594E-05 9.98594E-05 9.98594E-05
9.98773E-05 0.0203938 9.98773E-05 9.98773E-05 9.98773E-05 9.98773E-05 0.0223217 0.00455024 9.98773E-05 9.98773E-05 9.98773E-05 9.98773E-05 9.98773E-05 9.98773E-05 0.95078 9.98773E-05 0.000555974 9.98773E-05 9.98773E-05
9.98423E-05 9.98423E-05 9.98423E-05 9.98423E-05 9.98423E-05 9.98423E-05 9.98423E-05 9.98423E-05 9.98423E-05 9.98423E-05 9.98423E-05 9.98423E-05 9.98423E-05 9.98423E-05 0.998203 9.98423E-05 9.98423E-05 9.98423E-05 9.98423E-05
9.98422E-05 9.98422E-05 9.98422E-05 9.98422E-05 9.98422E-05 9.98422E-05 9.98422E-05 9.98422E-05 9.98422E-05 9.98422E-05 9.98422E-05 9.98422E-05 9.98422E-05 9.98422E-05 0.998203 9.98422E-05 9.98422E-05 9.98422E-05 9.98422E-05
9.98685E-05 0.00892107 9.98685E-05 9.98685E-05 9.98685E-05 9.98685E-05 9.98685E-05 9.98685E-05 0.115506 9.98685E-05 9.98685E-05 9.98685E-05 9.98685E-05 9.98685E-05 0.864868 9.98685E-05 0.00920695 9.98685E-05 9.98685E-05
9.98684E-05 0.0480614 0.18674 9.98684E-05 9.98684E-05 9.98684E-05 9.98684E-05 9.98684E-05 9.98684E-05 9.98684E-05 9.98684E-05 9.98684E-05 9.98684E-05 9.98684E-05 0.647632 0.116068 9.98684E-05 9.98684E-05 9.98684E-05
9.98596E-05 0.187095 9.98596E-05 9.98596E-05 0.673596 9.98596E-05 9.98596E-05 9.98596E-05 9.98596E-05 9.98596E-05 9.98596E-05 9.98596E-05 9.98596E-05 9.98596E-05 9.98596E-05 0.137711 9.98596E-05 9.98596E-05 9.98596E-05
9.98507E-05 9.98507E-05 0.954766 9.98507E-05 0.0435361 9.98507E-05 9.98507E-05 9.98507E-05 9.98507E-05 9.98507E-05 9.98507E-05 9.98507E-05 9.98507E-05 9.98507E-05 9.98507E-05 9.98507E-05 9.98507E-05 9.98507E-05 9.98507E-05
9.98596E-05 9.98596E-05 9.98596E-05 0.0147403 0.871432 9.98596E-05 9.98596E-05 9.98596E-05 9.98596E-05 9.98596E-05 9.98596E-05 9.98596E-05 9.98596E-05 9.98596E-05 9.98596E-05 0.11223 9.98596E-05 9.98596E-05 9.98596E-05
9.98594E-05 0.0126863 9.98594E-05 9.98594E-05 0.805612 9.98594E-05 9.98594E-05 9.98594E-05 9.98594E-05 9.98594E-05 9.98594E-05 9.98594E-05 9.98594E-05 9.98594E-05 9.98594E-05 0.180104 9.98594E-05 9.98594E-05 9.98594E-05
9.98683E-05 0.0281735 9.98683E-05 9.98683E-05 0.958043 9.98683E-05 9.98683E-05 9.98683E-05 9.98683E-05 9.98683E-05 9.98683E-05 9.98683E-05 9.98683E-05 9.98683E-05 9.98683E-05 9.98683E-05 0.00912052 9.98683E-05 0.00316457
9.9886E-05 0.137486 9.9886E-05 9.9886E-05 0.590756 9.9886E-05 9.9886E-05 0.0451276 9.9886E-05 0.0377114 9.9886E-05 0.0426965 9.9886E-05 9.9886E-05 9.9886E-05 0.144923 9.9886E-05 9.9886E-05 9.9886E-05
0.0204268 0.146652 9.98771E-05 9.98771E-05 0.71311 9.98771E-05 9.98771E-05 9.98771E-05 0.0345992 9.98771E-05 9.98771E-05 9.98771E-05 9.98771E-05 9.98771E-05 9.98771E-05 0.083814 9.98771E-05 9.98771E-05 9.98771E-05
9.98509E-05 0.191538 9.98509E-05 9.98509E-05 0.806765 9.98509E-05 9.98509E-05 9.98509E-05 9.98509E-05 9.98509E-05 9.98509E-05 9.98509E-05 9.98509E-05 9.98509E-05 9.98509E-05 9.98509E-05 9.98509E-05 9.98509E-05 9.98509E-05
9.98682E-05 0.209593 9.98682E-05 9.98682E-05 0.461346 9.98682E-05 9.98682E-05 0.292172 9.98682E-05 9.98682E-05 9.98682E-05 9.98682E-05 0.0353909 9.98682E-05 9.98682E-05 9.98682E-05 9.98682E-05 9.98682E-05 9.98682E-05
0.0103926 0.189932 9.98683E-05 9.98683E-05 0.507111 9.98683E-05 9.98683E-05 9.98683E-05 9.98683E-05 9.98683E-05 9.98683E-05 9.98683E-05 9.98683E-05 9.98683E-05 9.98683E-05 0.291067 9.98683E-05 9.98683E-05 9.98683E-05
9.98772E-05 9.98772E-05 9.98772E-05 0.0285149 0.432775 9.98772E-05 9.98772E-05 0.180593 9.98772E-05 0.304143 9.98772E-05 9.98772E-05 0.0525753 9.98772E-05 9.98772E-05 9.98772E-05 9.98772E-05 9.98772E-05 9.98772E-05
9.98771E-05 9.98771E-05 9.98771E-05 9.98771E-05 0.668377 9.98771E-05 9.98771E-05 0.111651 9.98771E-05 0.173402 9.98771E-05 9.98771E-05 0.00272217 9.98771E-05 9.98771E-05 0.042449 9.98771E-05 9.98771E-05 9.98771E-05
9.98684E-05 0.151234 0.264429 9.98684E-05 0.579761 9.98684E-05 9.98684E-05 9.98684E-05 9.98684E-05 9.98684E-05 9.98684E-05 0.00307861 9.98684E-05 9.98684E-05 9.98684E-05 9.98684E-05 9.98684E-05 9.98684E-05 9.98684E-05
9.98685E-05 0.12428 9.98685E-05 9.98685E-05 0.554932 9.98685E-05 9.98685E-05 9.98685E-05 9.98685E-05 0.120332 9.98685E-05 9.98685E-05 9.98685E-05 9.98685E-05 9.98685E-05 0.198958 9.98685E-05 9.98685E-05 9.98685E-05
9.98773E-05 0.0776236 9.98773E-05 9.98773E-05 0.694798 9.98773E-05 9.98773E-05 9.98773E-05 0.119804 0.0613177 0.045059 9.98773E-05 9.98773E-05 9.98773E-05 9.98773E-05 9.98773E-05 9.98773E-05 9.98773E-05 9.98773E-05
9.98861E-05 9.98861E-05 0.0692936 9.98861E-05 0.53103 9.98861E-05 9.98861E-05 0.094986 9.98861E-05 9.98861E-05 9.98861E-05 9.98861E-05 9.98861E-05 0.0206982 9.98861E-05 0.213486 0.0692074 9.98861E-05 9.98861E-05
9.98859E-05 0.0318308 9.98859E-05 9.98859E-05 0.609613 9.98859E-05 0.0449299 0.18541 9.98859E-05 0.107324 9.98859E-05 9.98859E-05 0.019593 9.98859E-05 9.98859E-05 9.98859E-05 9.98859E-05 9.98859E-05 9.98859E-05
0.0877073 0.0982957 9.98948E-05 9.98948E-05 0.732556 9.98948E-05 9.98948E-05 9.98948E-05 9.98948E-05 0.00621318 9.98948E-05 9.98948E-05 9.98948E-05 0.0157168 9.98948E-05 9.98948E-05 0.0582128 9.98948E-05 9.98948E-05
0.010612 0.0496535 9.98859E-05 9.98859E-05 0.722825 9.98859E-05 9.98859E-05 9.98859E-05 9.98859E-05 0.151517 9.98859E-05 9.98859E-05 0.0359148 9.98859E-05 9.98859E-05 9.98859E-05 9.98859E-05 0.0281796 9.98859E-05
9.98947E-05 0.120959 9.98947E-05 9.98947E-05 0.41704 9.98947E-05 0.106983 9.98947E-05 9.98947E-05 0.255127 0.0116941 9.98947E-05 9.98947E-05 9.98947E-05 0.00796197 0.0790353 9.98947E-05 9.98947E-05 9.98947E-05
9.98947E-05 0.0135284 9.98947E-05 9.98947E-05 0.60641 9.98947E-05 9.98947E-05 0.126024 9.98947E-05 0.093564 9.98947E-05 0.0842467 9.98947E-05 9.98947E-05 9.98947E-05 0.0679142 0.0071142 9.98947E-05 9.98947E-05
9.98596E-05 0.0305198 9.98596E-05 9.98596E-05 0.963669 9.98596E-05 9.98596E-05 9.98596E-05 9.98596E-05 0.00421336 9.98596E-05 9.98596E-05 9.98596E-05 9.98596E-05 9.98596E-05 9.98596E-05 9.98596E-05 9.98596E-05 9.98596E-05
9.98858E-05 0.259555 9.98858E-05 9.98858E-05 0.323414 9.98858E-05 0.111787 0.0689639 9.98858E-05 9.98858E-05 9.98858E-05 9.98858E-05 9.98858E-05 9.98858E-05 9.98858E-05 0.168417 9.98858E-05 0.0665647 9.98858E-05
9.98771E-05 0.139836 0.407896 0.0120422 0.39772 9.98771E-05 9.98771E-05 9.98771E-05 9.98771E-05 9.98771E-05 9.98771E-05 9.98771E-05 9.98771E-05 9.98771E-05 9.98771E-05 9.98771E-05 0.0411076 9.98771E-05 9.98771E-05
9.98859E-05 0.17982 9.98859E-05 9.98859E-05 0.393442 9.98859E-05 0.0864415 0.12945 9.98859E-05 9.98859E-05 9.98859E-05 9.98859E-05 9.98859E-05 0.0243363 9.98859E-05 0.185211 9.98859E-05 9.98859E-05 9.98859E-05
0.0752917 0.0889818 0.341483 9.99034E-05 0.313486 9.99034E-05 9.99034E-05 0.106791 9.99034E-05 9.99034E-05 0.00575691 9.99034E-05 9.99034E-05 9.99034E-05 0.00523114 0.0618792 9.99034E-05 9.99034E-05 9.99034E-05
9.98685E-05 9.98685E-05 9.98685E-05 9.98685E-05 0.132078 9.98685E-05 9.98685E-05 9.98685E-05 9.98685E-05 0.70448 9.98685E-05 9.98685E-05 9.98685E-05 0.0743855 9.98685E-05 9.98685E-05 9.98685E-05 9.98685E-05 0.0875585
9.98594E-05 0.0548309 9.98594E-05 9.98594E-05 0.884993 9.98594E-05 9.98594E-05 9.98594E-05 9.98594E-05 9.98594E-05 9.98594E-05 9.98594E-05 9.98594E-05 9.98594E-05 9.98594E-05 0.0585779 9.98594E-05 9.98594E-05 9.98594E-05
9.98772E-05 0.178678 0.043422 9.98772E-05 0.556984 9.98772E-05 9.98772E-05 0.0127514 9.98772E-05 9.98772E-05 9.98772E-05 9.98772E-05 9.98772E-05 9.98772E-05 9.98772E-05 0.206767 9.98772E-05 9.98772E-05 9.98772E-05
9.98684E-05 9.98684E-05 0.14042 9.98684E-05 0.677949 9.98684E-05 9.98684E-05 9.98684E-05 9.98684E-05 9.98684E-05 9.98684E-05 9.98684E-05 9.98684E-05 9.98684E-05 9.98684E-05 0.0612911 0.118842 9.98684E-05 9.98684E-05
9.98772E-05 9.98772E-05 0.0471574 9.98772E-05 0.631273 9.98772E-05 9.98772E-05 9.98772E-05 9.98772E-05 9.98772E-05 0.0583695 9.98772E-05 9.98772E-05 9.98772E-05 9.98772E-05 0.238315 9.98772E-05 0.0234865 9.98772E-05
9.98771E-05 9.98771E-05 0.0236071 9.98771E-05 0.911054 9.98771E-05 0.000564257 9.98771E-05 9.98771E-05 9.98771E-05 0.0371286 9.98771E-05 9.98771E-05 9.98771E-05 9.98771E-05 0.0262475 9.98771E-05 9.98771E-05 9.98771E-05
9.9877E-05 0.227398 9.9877E-05 9.9877E-05 0.382473 9.9877E-05 0.0528125 9.9877E-05 9.9877E-05 9.9877E-05 9.9877E-05 9.9877E-05 9.9877E-05 9.9877E-05 9.9877E-05 0.158894 0.177024 9.9877E-05 9.9877E-05
0.148775 0.0108248 9.98857E-05 0.0630678 0.694439 9.98857E-05 0.0360958 9.98857E-05 9.98857E-05 9.98857E-05 9.98857E-05 9.98857E-05 9.98857E-05 9.98857E-05 9.98857E-05 0.045499 9.98857E-05 9.98857E-05 9.98857E-05
9.98596E-05 9.98596E-05 0.122001 9.98596E-05 0.83529 9.98596E-05 9.98596E-05 9.98596E-05 9.98596E-05 9.98596E-05 9.98596E-05 9.98596E-05 9.98596E-05 9.98596E-05 9.98596E-05 0.0411107 9.98596E-05 9.98596E-05 9.98596E-05
9.98859E-05 0.0905766 9.98859E-05 9.98859E-05 0.668737 9.98859E-05 9.98859E-05 0.00657073 9.98859E-05 0.145826 9.98859E-05 0.0635285 0.0234624 9.98859E-05 9.98859E-05 9.98859E-05 9.98859E-05 9.98859E-05 9.98859E-05
9.98683E-05 0.0788866 9.98683E-05 9.98683E-05 0.67327 9.98683E-05 9.98683E-05 9.98683E-05 0.0489279 9.98683E-05 9.98683E-05 9.98683E-05 9.98683E-05 9.98683E-05 9.98683E-05 0.197417 9.98683E-05 9.98683E-05 9.98683E-05
9.98771E-05 0.0753327 9.98771E-05 9.98771E-05 0.180662 9.98771E-05 9.98771E-05 9.98771E-05 9.98771E-05 0.696608 9.98771E-05 9.98771E-05 9.98771E-05 9.98771E-05 9.98771E-05 9.98771E-05 0.0189421 0.0270571 9.98771E-05
9.98684E-05 0.0130504 0.347291 9.98684E-05 0.559354 9.98684E-05 9.98684E-05 9.98684E-05 9.98684E-05 9.98684E-05 9.98684E-05 9.98684E-05 9.98684E-05 9.98684E-05 9.98684E-05 0.0788065 9.98684E-05 9.98684E-05 9.98684E-05
9.98596E-05 9.98596E-05 0.652993 9.98596E-05 0.325908 9.98596E-05 9.98596E-05 9.98596E-05 9.98596E-05 9.98596E-05 9.98596E-05 9.98596E-05 9.98596E-05 9.98596E-05 9.98596E-05 9.98596E-05 0.0195014 9.98596E-05 9.98596E-05
9.98596E-05 0.0337989 9.98596E-05 9.98596E-05 0.474631 9.98596E-05 9.98596E-05 9.98596E-05 9.98596E-05 0.489972 9.98596E-05 9.98596E-05 9.98596E-05 9.98596E-05 9.98596E-05 9.98596E-05 9.98596E-05 9.98596E-05 9.98596E-05
9.98683E-05 0.0767917 9.98683E-05 9.98683E-05 0.531607 9.98683E-05 9.98683E-05 0.105736 9.98683E-05 9.98683E-05 9.98683E-05 9.98683E-05 9.98683E-05 9.98683E-05 9.98683E-05 0.284367 9.98683E-05 9.98683E-05 9.98683E-05
0.0948999 0.0550475 0.0192016 0.0151345 0.799499 9.98947E-05 9.98947E-05 9.98947E-05 9.98947E-05 9.98947E-05 9.98947E-05 9.98947E-05 9.98947E-05 9.98947E-05 9.98947E-05 0.0132337 0.00178553 9.98947E-05 9.98947E-05
9.98773E-05 0.178015 9.98773E-05 9.98773E-05 0.0013629 9.98773E-05 0.0300058 9.98773E-05 9.98773E-05 0.721031 9.98773E-05 9.98773E-05 9.98773E-05 9.98773E-05 9.98773E-05 0.0681874 9.98773E-05 9.98773E-05 9.98773E-05
9.98684E-05 9.98684E-05 9.98684E-05 0.0193505 0.271845 9.98684E-05 9.98684E-05 9.98684E-05 9.98684E-05 0.643956 9.98684E-05 9.98684E-05 9.98684E-05 9.98684E-05 9.98684E-05 0.0633506 9.98684E-05 9.98684E-05 9.98684E-05
0.0954782 0.161314 9.98946E-05 9.98946E-05 0.444136 9.98946E-05 0.105112 0.112449 0.0634203 9.98946E-05 9.98946E-05 9.98946E-05 9.98946E-05 9.98946E-05 9.98946E-05 0.0168926 9.98946E-05 9.98946E-05 9.98946E-05
9.98772E-05 0.0748994 9.98772E-05 9.98772E-05 0.61652 9.98772E-05 9.98772E-05 9.98772E-05 9.98772E-05 0.0300528 9.98772E-05 9.98772E-05 9.98772E-05 9.98772E-05 0.183121 0.0940083 9.98772E-05 9.98772E-05 9.98772E-05
0.0237757 0.151282 9.98948E-05 9.98948E-05 0.499551 9.98948E-05 9.98948E-05 0.106078 9.98948E-05 0.0769274 9.98948E-05 9.98948E-05 9.98948E-05 9.98948E-05 9.98948E-05 0.0279795 9.98948E-05 9.98948E-05 0.113207
0.0198692 0.295295 9.98685E-05 9.98685E-05 0.448308 9.98685E-05 9.98685E-05 9.98685E-05 9.98685E-05 9.98685E-05 9.98685E-05 9.98685E-05 9.98685E-05 9.98685E-05 9.98685E-05 0.235029 9.98685E-05 9.98685E-05 9.98685E-05
9.98596E-05 9.98596E-05 0.337897 9.98596E-05 0.377322 9.98596E-05 9.98596E-05 9.98596E-05 9.98596E-05 0.283182 9.98596E-05 9.98596E-05 9.98596E-05 9.98596E-05 9.98596E-05 9.98596E-05 9.98596E-05 9.98596E-05 9.98596E-05
0.030992 0.015325 9.99121E-05 9.99121E-05 0.685857 9.99121E-05 0.00951859 9.99121E-05 9.99121E-05 9.99121E-05 9.99121E-05 0.0371946 0.00823675 0.0531273 9.99121E-05 0.0938278 9.99121E-05 9.99121E-05 0.0649217
9.98859E-05 0.0700019 0.231264 9.98859E-05 0.216613 9.98859E-05 9.98859E-05 9.98859E-05 9.98859E-05 0.436283 9.98859E-05 9.98859E-05 9.98859E-05 9.98859E-05 9.98859E-05 0.0129408 0.0315983 9.98859E-05 9.98859E-05
9.98684E-05 0.0810038 0.22595 9.98684E-05 0.524521 9.98684E-05 9.98684E-05 9.98684E-05 9.98684E-05 9.98684E-05 9.98684E-05 9.98684E-05 9.98684E-05 9.98684E-05 9.98684E-05 0.167027 9.98684E-05 9.98684E-05 9.98684E-05
9.98859E-05 0.0871132 9.98859E-05 9.98859E-05 0.804113 9.98859E-05 9.98859E-05 0.0120282 0.00558409 9.98859E-05 0.079842 9.98859E-05 9.98859E-05 0.0100213 9.98859E-05 9.98859E-05 9.98859E-05 9.98859E-05 9.98859E-05
9.98595E-05 9.98595E-05 9.98595E-05 9.98595E-05 0.880709 9.98595E-05 9.98595E-05 9.98595E-05 9.98595E-05 9.98595E-05 9.98595E-05 0.110197 0.00749625 9.98595E-05 9.98595E-05 9.98595E-05 9.98595E-05 9.98595E-05 9.98595E-05
9.98683E-05 0.166308 9.98683E-05 9.98683E-05 0.595185 9.98683E-05 9.98683E-05 0.140645 9.98683E-05 9.98683E-05 9.98683E-05 9.98683E-05 9.98683E-05 9.98683E-05 9.98683E-05 0.0963634 9.98683E-05 9.98683E-05 9.98683E-05
9.98595E-05 0.151439 9.98595E-05 9.98595E-05 0.760443 9.98595E-05 9.98595E-05 9.98595E-05 9.98595E-05 9.98595E-05 9.98595E-05 9.98595E-05 9.98595E-05 9.98595E-05 9.98595E-05 0.0865197 9.98595E-05 9.98595E-05 9.98595E-05
9.98508E-05 0.0690507 9.98508E-05 9.98508E-05 0.929252 9.98508E-05 9.98508E-05 9.98508E-05 9.98508E-05 9.98508E-05 9.98508E-05 9.98508E-05 9.98508E-05 9.98508E-05 9.98508E-05 9.98508E-05 9.98508E-05 9.98508E-05 9.98508E-05
9.98684E-05 9.98684E-05 9.98684E-05 9.98684E-05 0.77444 9.98684E-05 0.0586765 9.98684E-05 9.98684E-05 0.0753081 9.98684E-05 9.98684E-05 9.98684E-05 9.98684E-05 9.98684E-05 0.0900771 9.98684E-05 9.98684E-05 9.98684E-05
9.98859E-05 0.127617 0.132495 9.98859E-05 0.489923 9.98859E-05 9.98859E-05 0.101834 9.98859E-05 0.0939616 9.98859E-05 9.98859E-05 9.98859E-05 9.98859E-05 9.98859E-05 0.0528708 9.98859E-05 9.98859E-05 9.98859E-05
9.98418E-05 9.98418E-05 9.98418E-05 9.98418E-05 9.98418E-05 9.98418E-05 9.98418E-05 9.98418E-05 9.98418E-05 9.98418E-05 9.98418E-05 9.98418E-05 9.98418E-05 9.98418E-05 9.98418E-05 0.998203 9.98418E-05 9.98418E-05 9.98418E-05
9.98419E-05 0.998203 9.98419E-05 9.98419E-05 9.98419E-05 9.98419E-05 9.98419E-05 9.98419E-05 9.98419E-05 9.98419E-05 9.98419E-05 9.98419E-05 9.98419E-05 9.98419E-05 9.98419E-05 9.98419E-05 9.98419E-05 9.98419E-05 9.98419E-05
9.98418E-05 9.98418E-05 9.98418E-05 9.98418E-05 9.98418E-05 9.98418E-05 9.98418E-05 9.98418E-05 9.98418E-05 9.98418E-05 9.98418E-05 9.98418E-05 9.98418E-05 9.98418E-05 9.98418E-05 0.998203 9.98418E-05 9.98418E-05 9.98418E-05
9.98417E-05 0.998203 9.98417E-05 9.98417E-05 9.98417E-05 9.98417E-05 9.98417E-05 9.98417E-05 9.98417E-05 9.98417E-05 9.98417E-05 9.98417E-05 9.98417E-05 9.98417E-05 9.98417E-05 9.98417E-05 9.98417E-05 9.98417E-05 9.98417E-05
9.98417E-05 0.998203 9.98417E-05 9.98417E-05 9.98417E-05 9.98417E-05 9.98417E-05 9.98417E-05 9.98417E-05 9.98417E-05 9.98417E-05 9.98417E-05 9.98417E-05 9.98417E-05 9.98417E-05 9.98417E-05 9.98417E-05 9.98417E-05 9.98417E-05
9.98418E-05 0.998203 9.98418E-05 9.98418E-05 9.98418E-05 9.98418E-05 9.98418E-05 9.98418E-05 9.98418E-05 9.98418E-05 9.98418E-05 9.98418E-05 9.98418E-05 9.98418E-05 9.98418E-05 9.98418E-05 9.98418E-05 9.98418E-05 9.98418E-05
9.98417E-05 9.98417E-05 9.98417E-05 9.98417E-05 9.98417E-05 9.98417E-05 9.98417E-05 9.98417E-05 9.98417E-05 9.98417E-05 9.98417E-05 9.98417E-05 9.98417E-05 9.98417E-05 9.98417E-05 0.998203 9.98417E-05 9.98417E-05 9.98417E-05
9.98417E-05 0.998203 9.98417E-05 9.98417E-05 9.98417E-05 9.98417E-05 9.98417E-05 9.98417E-05 9.98417E-05 9.98417E-05 9.98417E-05 9.98417E-05 9.98417E-05 9.98417E-05 9.98417E-05 9.98417E-05 9.98417E-05 9.98417E-05 9.98417E-05
9.98418E-05 0.998203 9.98418E-05 9.98418E-05 9.98418E-05 9.98418E-05 9.98418E-05 9.98418E-05 9.98418E-05 9.98418E-05 9.98418E-05 9.98418E-05 9.98418E-05 9.98418E-05 9.98418E-05 9.98418E-05 9.98418E-05 9.98418E-05 9.98418E-05
9.98418E-05 9.98418E-05 9.98418E-05 9.98418E-05 9.98418E-05 9.98418E-05 9.98418E-05 9.98418E-05 9.98418E-05 9.98418E-05 9.98418E-05 9.98418E-05 9.98418E-05 9.98418E-05 9.98418E-05 0.998203 9.98418E-05 9.98418E-05 9.98418E-05
9.98418E-05 9.98418E-05 9.98418E-05 9.98418E-05 9.98418E-05 9.98418E-05 9.98418E-05 9.98418E-05 9.98418E-05 9.98418E-05 9.98418E-05 9.98418E-05 9.98418E-05 9.98418E-05 9.98418E-05 0.998203 9.98418E-05 9.98418E-05 9.98418E-05
9.98418E-05 9.98418E-05 9.98418E-05 9.98418E-05 9.98418E-05 9.98418E-05 9.98418E-05 9.98418E-05 9.98418E-05 9.98418E-05 9.98418E-05 9.98418E-05 9.98418E-05 9.98418E-05 9.98418E-05 0.998203 9.98418E-05 9.98418E-05 9.98418E-05
9.98418E-05 0.998203 9.98418E-05 9.98418E-05 9.98418E-05 9.98418E-05 9.98418E-05 9.98418E-05 9.98418E-05 9.98418E-05 9.98418E-05 9.98418E-05 9.98418E-05 9.98418E-05 9.98418E-05 9.98418E-05 9.98418E-05 9.98418E-05 9.98418E-05
9.98417E-05 0.998203 9.98417E-05 9.98417E-05 9.98417E-05 9.98417E-05 9.98417E-05 9.98417E-05 9.98417E-05 9.98417E-05 9.98417E-05 9.98417E-05 9.98417E-05 9.98417E-05 9.98417E-05 9.98417E-05 9.98417E-05 9.98417E-05 9.98417E-05
9.98418E-05 9.98418E-05 9.98418E-05 9.98418E-05 9.98418E-05 9.98418E-05 9.98418E-05 9.98418E-05 9.98418E-05 9.98418E-05 9.98418E-05 9.98418E-05 9.98418E-05 9.98418E-05 9.98418E-05 0.998203 9.98418E-05 9.98418E-05 9.98418E-05
9.98417E-05 9.98417E-05 9.98417E-05 9.98417E-05 9.98417E-05 9.98417E-05 9.98417E-05 9.98417E-05 9.98417E-05 9.98417E-05 9.98417E-05 9.98417E-05 9.98417E-05 9.98417E-05 9.98417E-05 0.998203 9.98417E-05 9.98417E-05 9.98417E-05
9.98801E-05 0.0470811 9.98801E-05 0.00335486 0.637825 9.98801E-05 9.98801E-05 9.98801E-05 9.98801E-05 9.98801E-05 9.98801E-05 0.118388 9.98801E-05 0.0665383 9.98801E-05 0.0807363 9.98801E-05 9.98801E-05 0.0448786
9.98418E-05 9.98418E-05 9.98418E-05 9.98418E-05 9.98418E-05 9.98418E-05 9.98418E-05 9.98418E-05 9.98418E-05 9.98418E-05 9.98418E-05 9.98418E-05 9.98418E-05 9.98418E-05 9.98418E-05 0.998203 9.98418E-05 9.98418E-05 9.98418E-05
9.98418E-05 0.998203 9.98418E-05 9.98418E-05 9.98418E-05 9.98418E-05 9.98418E-05 9.98418E-05 9.98418E-05 9.98418E-05 9.98418E-05 9.98418E-05 9.98418E-05 9.98418E-05 9.98418E-05 9.98418E-05 9.98418E-05 9.98418E-05 9.98418E-05
9.98417E-05 9.98417E-05 9.98417E-05 9.98417E-05 9.98417E-05 9.98417E-05 9.98417E-05 9.98417E-05 9.98417E-05 9.98417E-05 9.98417E-05 9.98417E-05 9.98417E-05 9.98417E-05 9.98417E-05 0.998203 9.98417E-05 9.98417E-05 9.98417E-05
9.98418E-05 9.98418E-05 9.98418E-05 9.98418E-05 9.98418E-05 9.98418E-05 9.98418E-05 9.98418E-05 9.98418E-05 9.98418E-05 9.98418E-05 9.98418E-05 9.98418E-05 9.98418E-05 9.98418E-05 0.998203 9.98418E-05 9.98418E-05 9.98418E-05
9.98417E-05 9.98417E-05 9.98417E-05 9.98417E-05 9.98417E-05 9.98417E-05 9.98417E-05 9.98417E-05 9.98417E-05 9.98417E-05 9.98417E-05 9.98417E-05 9.98417E-05 9.98417E-05 9.98417E-05 0.998203 9.98417E-05 9.98417E-05 9.98417E-05
9.98417E-05 0.998203 9.98417E-05 9.98417E-05 9.98417E-05 9.98417E-05 9.98417E-05 9.98417E-05 9.98417E-05 9.98417E-05 9.98417E-05 9.98417E-05 9.98417E-05 9.98417E-05 9.98417E-05 9.98417E-05 9.98417E-05 9.98417E-05 9.98417E-05
9.98417E-05 9.98417E-05 9.98417E-05 9.98417E-05 9.98417E-05 9.98417E-05 9.98417E-05 9.98417E-05 9.98417E-05 9.98417E-05 9.98417E-05 9.98417E-05 9.98417E-05 9.98417E-05 9.98417E-05 0.998203 9.98417E-05 9.98417E-05 9.98417E-05
9.98418E-05 0.998203 9.98418E-05 9.98418E-05 9.98418E-05 9.98418E-05 9.98418E-05 9.98418E-05 9.98418E-05 9.98418E-05 9.98418E-05 9.98418E-05 9.98418E-05 9.98418E-05 9.98418E-05 9.98418E-05 9.98418E-05 9.98418E-05 9.98418E-05
9.98418E-05 9.98418E-05 9.98418E-05 9.98418E-05 9.98418E-05 9.98418E-05 9.98418E-05 9.98418E-05 9.98418E-05 9.98418E-05 9.98418E-05 9.98418E-05 9.98418E-05 9.98418E-05 9.98418E-05 0.998203 9.98418E-05 9.98418E-05 9.98418E-05
9.98417E-05 9.98417E-05 9.98417E-05 9.98417E-05 9.98417E-05 9.98417E-05 9.98417E-05 9.98417E-05 9.98417E-05 9.98417E-05 9.98417E-05 9.98417E-05 9.98417E-05 9.98417E-05 9.98417E-05 0.998203 9.98417E-05 9.98417E-05 9.98417E-05
9.98418E-05 0.998203 9.98418E-05 9.98418E-05 9.98418E-05 9.98418E-05 9.98418E-05 9.98418E-05 9.98418E-05 9.98418E-05 9.98418E-05 9.98418E-05 9.98418E-05 9.98418E-05 9.98418E-05 9.98418E-05 9.98418E-05 9.98418E-05 9.98418E-05
9.98417E-05 0.998203 9.98417E-05 9.98417E-05 9.98417E-05 9.98417E-05 9.98417E-05 9.98417E-05 9.98417E-05 9.98417E-05 9.98417E-05 9.98417E-05 9.98417E-05 9.98417E-05 9.98417E-05 9.98417E-05 9.98417E-05 9.98417E-05 9.98417E-05
9.98507E-05 0.98124 9.98507E-05 9.98507E-05 9.98507E-05 9.98507E-05 9.98507E-05 9.98507E-05 9.98507E-05 9.98507E-05 9.98507E-05 9.98507E-05 9.98507E-05 9.98507E-05 9.98507E-05 0.0170628 9.98507E-05 9.98507E-05 9.98507E-05
9.98418E-05 9.98418E-05 9.98418E-05 9.98418E-05 9.98418E-05 9.98418E-05 9.98418E-05 9.98418E-05 9.98418E-05 9.98418E-05 9.98418E-05 9.98418E-05 9.98418E-05 9.98418E-05 9.98418E-05 0.998203 9.98418E-05 9.98418E-05 9.98418E-05
9.98418E-05 9.98418E-05 9.98418E-05 9.98418E-05 9.98418E-05 9.98418E-05 9.98418E-05 9.98418E-05 9.98418E-05 9.98418E-05 9.98418E-05 9.98418E-05 9.98418E-05 9.98418E-05 9.98418E-05 0.998203 9.98418E-05 9.98418E-05 9.98418E-05
9.98417E-05 9.98417E-05 9.98417E-05 9.98417E-05 9.98417E-05 9.98417E-05 9.98417E-05 9.98417E-05 9.98417E-05 9.98417E-05 9.98417E-05 9.98417E-05 9.98417E-05 9.98417E-05 9.98417E-05 0.998203 9.98417E-05 9.98417E-05 9.98417E-05
9.98417E-05 9.98417E-05 9.98417E-05 9.98417E-05 9.98417E-05 9.98417E-05 9.98417E-05 9.98417E-05 9.98417E-05 9.98417E-05 9.98417E-05 9.98417E-05 9.98417E-05 9.98417E-05 9.98417E-05 0.998203 9.98417E-05 9.98417E-05 9.98417E-05
9.98418E-05 9.98418E-05 9.98418E-05 9.98418E-05 9.98418E-05 9.98418E-05 9.98418E-05 9.98418E-05 9.98418E-05 9.98418E-05 9.98418E-05 9.98418E-05 9.98418E-05 9.98418E-05 9.98418E-05 0.998203 9.98418E-05 9.98418E-05 9.98418E-05
9.98418E-05 0.998203 9.98418E-05 9.98418E-05 9.98418E-05 9.98418E-05 9.98418E-05 9.98418E-05 9.98418E-05 9.98418E-05 9.98418E-05 9.98418E-05 9.98418E-05 9.98418E-05 9.98418E-05 9.98418E-05 9.98418E-05 9.98418E-05 9.98418E-05
