0.0381331 9.98771E-05 0.0473943 9.98771E-05 9.98771E-05 0.336477 9.98771E-05 9.98771E-05 0.124641 9.98771E-05 0.199869 9.98771E-05 0.190946 9.98771E-05 9.98771E-05 9.98771E-05 9.98771E-05 9.98771E-05 0.01553 0.045611 9.98771E-05 9.98771E-05
9.98683E-05 9.98683E-05 0.104988 9.98683E-05 9.98683E-05 0.72268 0.0107702 9.98683E-05 9.98683E-05 9.98683E-05 9.98683E-05 9.98683E-05 0.129173 0.000471869 9.98683E-05 0.0202516 9.98683E-05 9.98683E-05 0.0101668 9.98683E-05 9.98683E-05 9.98683E-05
9.98508E-05 9.98508E-05 9.98508E-05 0.0277085 9.98508E-05 0.79098 9.98508E-05 9.98508E-05 9.98508E-05 9.98508E-05 0.01988 0.0604943 9.98508E-05 9.98508E-05 9.98508E-05 9.98508E-05 9.98508E-05 9.98508E-05 9.98508E-05 9.98508E-05 9.98508E-05 0.0992398
9.98773E-05 9.98773E-05 9.98773E-05 9.98773E-05 0.0184248 0.193643 0.164497 9.98773E-05 9.98773E-05 0.234218 0.209611 0.124625 9.98773E-05 9.98773E-05 9.98773E-05 9.98773E-05 9.98773E-05 9.98773E-05 0.0344958 0.0190874 9.98773E-05 9.98773E-05
0.0384936 9.98509E-05 9.98509E-05 9.98509E-05 9.98509E-05 0.819757 9.98509E-05 9.98509E-05 9.98509E-05 0.0643405 9.98509E-05 0.0728244 9.98509E-05 9.98509E-05 9.98509E-05 9.98509E-05 9.98509E-05 9.98509E-05 9.98509E-05 9.98509E-05 9.98509E-05 0.00288736
9.98773E-05 9.98773E-05 9.98773E-05 9.98773E-05 0.1337 0.179406 9.98773E-05 9.98773E-05 9.98773E-05 0.0924348 0.0476934 0.220602 0.163498 9.98773E-05 9.98773E-05 9.98773E-05 0.132621 9.98773E-05 9.98773E-05 9.98773E-05 9.98773E-05 0.0286467
9.98948E-05 0.00865886 0.031481 0.118495 9.98948E-05 0.0947547 9.98948E-05 9.98948E-05 0.010637 9.98948E-05 0.107684 9.98948E-05 0.204156 9.98948E-05 9.98948E-05 0.131578 0.0531377 9.98948E-05 0.238219 9.98948E-05 9.98948E-05 9.98948E-05
0.173438 0.0271226 9.98947E-05 9.98947E-05 0.133641 0.0956304 9.98947E-05 9.98947E-05 9.98947E-05 0.107764 0.258209 0.0524843 0.116864 9.98947E-05 9.98947E-05 9.98947E-05 0.00587548 9.98947E-05 9.98947E-05 9.98947E-05 9.98947E-05 0.0277725
9.9886E-05 9.9886E-05 0.0341363 0.183922 0.135429 0.151954 9.9886E-05 9.9886E-05 0.144951 0.0281517 0.0611804 0.221856 9.9886E-05 0.0371219 9.9886E-05 9.9886E-05 9.9886E-05 9.9886E-05 9.9886E-05 9.9886E-05 9.9886E-05 9.9886E-05
9.98333E-05 9.98333E-05 9.98333E-05 9.98333E-05 9.98333E-05 0.886957 9.98333E-05 0.00882109 0.102325 9.98333E-05 9.98333E-05 9.98333E-05 9.98333E-05 9.98333E-05 9.98333E-05 9.98333E-05 9.98333E-05 9.98333E-05 9.98333E-05 9.98333E-05 9.98333E-05 9.98333E-05
9.98772E-05 9.98772E-05 9.98772E-05 9.98772E-05 0.0595687 0.475442 9.98772E-05 9.98772E-05 0.132559 9.98772E-05 0.0715057 9.98772E-05 0.0687868 0.0997842 9.98772E-05 9.98772E-05 9.98772E-05 0.00225966 0.0886951 9.98772E-05 9.98772E-05 9.98772E-05
9.98771E-05 0.0335429 9.98771E-05 9.98771E-05 9.98771E-05 0.742929 0.00928577 9.98771E-05 9.98771E-05 0.0530134 9.98771E-05 0.00630716 0.11559 9.98771E-05 9.98771E-05 9.98771E-05 0.0171628 9.98771E-05 0.0207714 9.98771E-05 9.98771E-05 9.98771E-05
9.98509E-05 9.98509E-05 9.98509E-05 9.98509E-05 9.98509E-05 0.774382 0.00419578 9.98509E-05 0.10397 9.98509E-05 0.109965 9.98509E-05 9.98509E-05 9.98509E-05 9.98509E-05 0.00579017 9.98509E-05 9.98509E-05 9.98509E-05 9.98509E-05 9.98509E-05 9.98509E-05
9.9886E-05 9.9886E-05 0.0540761 9.9886E-05 9.9886E-05 0.629786 9.9886E-05 9.9886E-05 0.0765336 9.9886E-05 9.9886E-05 0.084819 9.9886E-05 9.9886E-05 0.0238471 9.9886E-05 9.9886E-05 0.0582362 0.00765442 9.9886E-05 0.0416702 0.0220787
9.98685E-05 9.98685E-05 9.98685E-05 9.98685E-05 0.126839 0.306266 9.98685E-05 9.98685E-05 0.124557 9.98685E-05 0.0659165 0.102607 0.176745 9.98685E-05 9.98685E-05 9.98685E-05 9.98685E-05 9.98685E-05 9.98685E-05 9.98685E-05 0.0955721 9.98685E-05
9.98859E-05 0.0623739 9.98859E-05 9.98859E-05 0.189287 0.194687 0.0990889 9.98859E-05 0.116771 9.98859E-05 0.118505 0.122067 0.0867839 9.98859E-05 9.98859E-05 9.98859E-05 0.00913817 9.98859E-05 9.98859E-05 9.98859E-05 9.98859E-05 9.98859E-05
9.9886E-05 0.00220531 0.086425 9.9886E-05 9.9886E-05 0.522137 0.0356804 9.9886E-05 0.0446538 9.9886E-05 0.0640631 9.9886E-05 9.9886E-05 9.9886E-05 0.165624 9.9886E-05 9.9886E-05 9.9886E-05 0.0199535 0.0579595 9.9886E-05 9.9886E-05
9.98772E-05 9.98772E-05 9.98772E-05 9.98772E-05 0.0111373 0.107551 9.98772E-05 0.135343 0.118511 0.0444699 0.203466 9.98772E-05 0.304751 0.0733735 9.98772E-05 9.98772E-05 9.98772E-05 9.98772E-05 9.98772E-05 9.98772E-05 9.98772E-05 9.98772E-05
9.98595E-05 9.98595E-05 9.98595E-05 9.98595E-05 0.127895 0.294657 9.98595E-05 9.98595E-05 0.182472 9.98595E-05 0.203118 9.98595E-05 0.0110418 9.98595E-05 9.98595E-05 9.98595E-05 0.179217 9.98595E-05 9.98595E-05 9.98595E-05 9.98595E-05 9.98595E-05
9.9842E-05 9.9842E-05 9.9842E-05 9.9842E-05 9.9842E-05 0.856087 0.0251377 9.9842E-05 9.9842E-05 9.9842E-05 9.9842E-05 9.9842E-05 9.9842E-05 0.115271 9.9842E-05 9.9842E-05 9.9842E-05 9.9842E-05 0.00170697 9.9842E-05 9.9842E-05 9.9842E-05
9.98685E-05 9.98685E-05 9.98685E-05 9.98685E-05 0.117645 0.459265 9.98685E-05 9.98685E-05 0.0162116 0.306315 0.0607079 9.98685E-05 9.98685E-05 9.98685E-05 9.98685E-05 9.98685E-05 0.00780992 9.98685E-05 0.0305474 9.98685E-05 9.98685E-05 9.98685E-05
0.0349554 9.98685E-05 9.98685E-05 9.98685E-05 0.127138 0.222878 9.98685E-05 9.98685E-05 9.98685E-05 9.98685E-05 0.317144 9.98685E-05 9.98685E-05 9.98685E-05 9.98685E-05 0.0694312 0.157122 9.98685E-05 9.98685E-05 9.98685E-05 9.98685E-05 0.0698335
9.98684E-05 9.98684E-05 9.98684E-05 9.98684E-05 9.98684E-05 0.460509 0.0616709 0.006222 0.0849909 9.98684E-05 9.98684E-05 0.0951776 0.249102 9.98684E-05 9.98684E-05 9.98684E-05 9.98684E-05 9.98684E-05 0.0408302 9.98684E-05 9.98684E-05 9.98684E-05
9.98596E-05 0.0458777 9.98596E-05 0.0656606 9.98596E-05 0.329661 9.98596E-05 9.98596E-05 0.266886 0.0138872 0.27643 9.98596E-05 9.98596E-05 9.98596E-05 9.98596E-05 9.98596E-05 9.98596E-05 9.98596E-05 9.98596E-05 9.98596E-05 9.98596E-05 9.98596E-05
9.98859E-05 9.98859E-05 9.98859E-05 9.98859E-05 0.0360856 0.252703 9.98859E-05 9.98859E-05 0.254108 9.98859E-05 0.10088 0.040117 9.98859E-05 0.0441612 9.98859E-05 9.98859E-05 9.98859E-05 0.125709 0.00589111 9.98859E-05 0.139047 9.98859E-05
9.98596E-05 9.98596E-05 9.98596E-05 9.98596E-05 0.0180518 0.637495 0.0517371 9.98596E-05 0.132342 9.98596E-05 0.101921 9.98596E-05 9.98596E-05 9.98596E-05 9.98596E-05 9.98596E-05 9.98596E-05 0.0568547 9.98596E-05 9.98596E-05 9.98596E-05 9.98596E-05
9.98684E-05 0.0288617 9.98684E-05 9.98684E-05 9.98684E-05 9.98684E-05 9.98684E-05 0.165605 0.0924221 9.98684E-05 0.226746 0.0552497 9.98684E-05 9.98684E-05 9.98684E-05 0.229311 9.98684E-05 0.200306 9.98684E-05 9.98684E-05 9.98684E-05 9.98684E-05
9.98597E-05 9.98597E-05 9.98597E-05 9.98597E-05 9.98597E-05 0.690463 9.98597E-05 9.98597E-05 0.0294238 9.98597E-05 0.0692338 9.98597E-05 9.98597E-05 9.98597E-05 9.98597E-05 9.98597E-05 0.105306 0.0867914 9.98597E-05 9.98597E-05 0.0171836 9.98597E-05
9.98684E-05 9.98684E-05 9.98684E-05 0.0200888 9.98684E-05 0.467047 9.98684E-05 9.98684E-05 0.166091 9.98684E-05 0.0600397 9.98684E-05 0.0469274 9.98684E-05 9.98684E-05 0.0930993 9.98684E-05 0.145209 9.98684E-05 9.98684E-05 9.98684E-05 9.98684E-05
9.98947E-05 9.98947E-05 9.98947E-05 0.00561917 0.0642249 0.732892 9.98947E-05 0.00768906 0.0857522 9.98947E-05 9.98947E-05 9.98947E-05 0.0405446 9.98947E-05 0.0293545 9.98947E-05 0.020795 0.00921148 9.98947E-05 0.0027182 9.98947E-05 9.98947E-05
9.98859E-05 9.98859E-05 9.98859E-05 9.98859E-05 0.0300041 0.611954 9.98859E-05 9.98859E-05 0.0176059 9.98859E-05 0.00684357 9.98859E-05 0.0944375 0.0649942 9.98859E-05 0.0633086 0.0243782 9.98859E-05 0.0851751 9.98859E-05 9.98859E-05 9.98859E-05
9.98772E-05 9.98772E-05 9.98772E-05 9.98772E-05 9.98772E-05 0.419984 0.00716829 9.98772E-05 0.069127 0.0454381 0.0886653 0.245132 0.070735 9.98772E-05 9.98772E-05 9.98772E-05 9.98772E-05 9.98772E-05 0.0523519 9.98772E-05 9.98772E-05 9.98772E-05
9.98859E-05 0.0454424 9.98859E-05 9.98859E-05 0.0599705 0.360234 9.98859E-05 9.98859E-05 9.98859E-05 0.135855 0.226154 0.0671478 0.0322239 9.98859E-05 9.98859E-05 9.98859E-05 9.98859E-05 9.98859E-05 0.0309047 9.98859E-05 9.98859E-05 0.0407694
9.98947E-05 0.0135102 9.98947E-05 0.0128946 9.98947E-05 0.430348 0.010133 0.0267451 0.125784 9.98947E-05 0.164593 0.203533 9.98947E-05 9.98947E-05 9.98947E-05 9.98947E-05 9.98947E-05 9.98947E-05 0.00223807 9.98947E-05 9.98947E-05 0.00902273
9.98597E-05 9.98597E-05 0.0538908 9.98597E-05 9.98597E-05 0.746873 9.98597E-05 0.0509589 0.067065 9.98597E-05 9.98597E-05 9.98597E-05 9.98597E-05 9.98597E-05 9.98597E-05 0.0602058 9.98597E-05 9.98597E-05 0.019409 9.98597E-05 9.98597E-05 9.98597E-05
9.98772E-05 9.98772E-05 9.98772E-05 9.98772E-05 0.0184157 0.596087 0.206395 9.98772E-05 0.0337841 9.98772E-05 0.0537794 9.98772E-05 0.010677 9.98772E-05 9.98772E-05 0.058632 9.98772E-05 9.98772E-05 9.98772E-05 0.0208315 9.98772E-05 9.98772E-05
9.98335E-05 9.98335E-05 9.98335E-05 9.98335E-05 9.98335E-05 0.839702 9.98335E-05 9.98335E-05 9.98335E-05 9.98335E-05 9.98335E-05 9.98335E-05 9.98335E-05 9.98335E-05 9.98335E-05 9.98335E-05 0.104989 9.98335E-05 0.0534118 9.98335E-05 9.98335E-05 9.98335E-05
9.98771E-05 9.98771E-05 0.105685 9.98771E-05 0.121931 0.559947 0.0230975 9.98771E-05 0.00507075 9.98771E-05 0.0789425 9.98771E-05 9.98771E-05 0.0836546 0.020273 9.98771E-05 9.98771E-05 9.98771E-05 9.98771E-05 9.98771E-05 9.98771E-05 9.98771E-05
9.98685E-05 9.98685E-05 0.00191358 9.98685E-05 9.98685E-05 0.568387 9.98685E-05 9.98685E-05 0.220681 9.98685E-05 0.0569868 9.98685E-05 9.98685E-05 0.0437174 0.0771912 9.98685E-05 9.98685E-05 9.98685E-05 0.0296249 9.98685E-05 9.98685E-05 9.98685E-05
9.98596E-05 0.119253 9.98596E-05 9.98596E-05 9.98596E-05 0.526893 9.98596E-05 9.98596E-05 0.136305 9.98596E-05 0.0217788 0.169661 9.98596E-05 9.98596E-05 9.98596E-05 9.98596E-05 0.0245112 9.98596E-05 9.98596E-05 9.98596E-05 9.98596E-05 9.98596E-05
9.98597E-05 9.98597E-05 9.98597E-05 9.98597E-05 9.98597E-05 0.644919 9.98597E-05 9.98597E-05 0.10288 9.98597E-05 0.0983305 9.98597E-05 9.98597E-05 9.98597E-05 9.98597E-05 0.106709 0.0253056 9.98597E-05 0.020257 9.98597E-05 9.98597E-05 9.98597E-05
9.98509E-05 9.98509E-05 9.98509E-05 0.0525291 9.98509E-05 0.452362 9.98509E-05 9.98509E-05 0.0724089 9.98509E-05 0.184355 9.98509E-05 9.98509E-05 9.98509E-05 9.98509E-05 0.236647 9.98509E-05 9.98509E-05 9.98509E-05 9.98509E-05 9.98509E-05 9.98509E-05
9.98595E-05 9.98595E-05 9.98595E-05 9.98595E-05 9.98595E-05 0.63272 9.98595E-05 9.98595E-05 9.98595E-05 9.98595E-05 0.00473227 9.98595E-05 9.98595E-05 9.98595E-05 0.0904238 0.218013 0.0494897 9.98595E-05 9.98595E-05 9.98595E-05 0.00302422 9.98595E-05
9.98683E-05 9.98683E-05 9.98683E-05 0.0360216 0.101836 0.302547 9.98683E-05 9.98683E-05 0.193307 9.98683E-05 0.146118 9.98683E-05 0.186083 9.98683E-05 9.98683E-05 9.98683E-05 9.98683E-05 9.98683E-05 0.0325887 9.98683E-05 9.98683E-05 9.98683E-05
9.98596E-05 9.98596E-05 9.98596E-05 9.98596E-05 9.98596E-05 0.232915 0.0110458 9.98596E-05 0.177146 9.98596E-05 0.451629 9.98596E-05 9.98596E-05 9.98596E-05 9.98596E-05 9.98596E-05 0.0655605 9.98596E-05 9.98596E-05 9.98596E-05 9.98596E-05 0.0601055
9.98596E-05 9.98596E-05 9.98596E-05 9.98596E-05 9.98596E-05 0.745085 0.0207405 9.98596E-05 0.0139867 0.0515636 9.98596E-05 9.98596E-05 9.98596E-05 0.0937261 9.98596E-05 9.98596E-05 0.0733003 9.98596E-05 9.98596E-05 9.98596E-05 9.98596E-05 9.98596E-05
9.98509E-05 9.98509E-05 9.98509E-05 9.98509E-05 0.0102841 0.726158 0.0726697 9.98509E-05 0.165909 9.98509E-05 9.98509E-05 9.98509E-05 9.98509E-05 9.98509E-05 9.98509E-05 9.98509E-05 9.98509E-05 9.98509E-05 0.0232818 9.98509E-05 9.98509E-05 9.98509E-05
9.98246E-05 9.98246E-05 9.98246E-05 9.98246E-05 9.98246E-05 0.794429 9.98246E-05 9.98246E-05 9.98246E-05 9.98246E-05 9.98246E-05 9.98246E-05 0.203574 9.98246E-05 9.98246E-05 9.98246E-05 9.98246E-05 9.98246E-05 9.98246E-05 9.98246E-05 9.98246E-05 9.98246E-05
9.98595E-05 9.98595E-05 9.98595E-05 9.98595E-05 9.98595E-05 0.626808 9.98595E-05 9.98595E-05 0.133125 9.98595E-05 0.150793 9.98595E-05 0.0139642 9.98595E-05 9.98595E-05 9.98595E-05 0.0442896 9.98595E-05 0.0294225 9.98595E-05 9.98595E-05 9.98595E-05
0.00763425 0.0296866 9.98774E-05 9.98774E-05 0.0398044 0.711152 9.98774E-05 9.98774E-05 9.98774E-05 9.98774E-05 0.0216586 9.98774E-05 9.98774E-05 9.98774E-05 9.98774E-05 9.98774E-05 0.140245 9.98774E-05 0.0258535 9.98774E-05 9.98774E-05 0.0225666
9.98947E-05 9.98947E-05 9.98947E-05 9.98947E-05 0.0314415 0.240766 0.00469764 0.0025327 0.180017 9.98947E-05 9.98947E-05 0.111715 9.98947E-05 9.98947E-05 9.98947E-05 0.217461 0.0368052 9.98947E-05 0.155349 0.0180149 9.98947E-05 9.98947E-05
9.98597E-05 9.98597E-05 9.98597E-05 0.0727198 9.98597E-05 0.517312 0.10472 9.98597E-05 9.98597E-05 9.98597E-05 0.256452 0.00363424 9.98597E-05 9.98597E-05 9.98597E-05 9.98597E-05 9.98597E-05 9.98597E-05 9.98597E-05 9.98597E-05 9.98597E-05 0.043564
9.98333E-05 9.98333E-05 9.98333E-05 9.98333E-05 9.98333E-05 0.84509 9.98333E-05 0.0264748 9.98333E-05 9.98333E-05 9.98333E-05 9.98333E-05 9.98333E-05 9.98333E-05 9.98333E-05 9.98333E-05 9.98333E-05 0.126539 9.98333E-05 9.98333E-05 9.98333E-05 9.98333E-05
9.9886E-05 0.206627 9.9886E-05 9.9886E-05 0.016947 0.563615 9.9886E-05 0.0216564 0.0434625 9.9886E-05 0.0298889 0.00965903 0.0461195 9.9886E-05 9.9886E-05 9.9886E-05 9.9886E-05 9.9886E-05 9.9886E-05 9.9886E-05 9.9886E-05 0.0607264
9.98335E-05 9.98335E-05 9.98335E-05 9.98335E-05 9.98335E-05 0.678303 9.98335E-05 9.98335E-05 0.144677 9.98335E-05 9.98335E-05 9.98335E-05 9.98335E-05 9.98335E-05 9.98335E-05 9.98335E-05 9.98335E-05 9.98335E-05 9.98335E-05 9.98335E-05 0.175123 9.98335E-05
9.98861E-05 0.00353382 9.98861E-05 9.98861E-05 9.98861E-05 0.614911 9.98861E-05 9.98861E-05 9.98861E-05 0.0640611 0.00613421 0.162368 9.98861E-05 0.0729119 9.98861E-05 0.0208338 0.0492504 9.98861E-05 0.00469662 9.98861E-05 9.98861E-05 9.98861E-05
9.98509E-05 9.98509E-05 0.0383934 9.98509E-05 9.98509E-05 0.717209 9.98509E-05 0.0304354 9.98509E-05 9.98509E-05 0.139813 9.98509E-05 9.98509E-05 9.98509E-05 9.98509E-05 9.98509E-05 0.0724519 9.98509E-05 9.98509E-05 9.98509E-05 9.98509E-05 9.98509E-05
9.98422E-05 9.98422E-05 9.98422E-05 9.98422E-05 9.98422E-05 0.698171 0.18694 9.98422E-05 0.0187648 9.98422E-05 9.98422E-05 9.98422E-05 9.98422E-05 9.98422E-05 9.98422E-05 9.98422E-05 9.98422E-05 9.98422E-05 0.0943272 9.98422E-05 9.98422E-05 9.98422E-05
0.00182638 0.00175233 9.98771E-05 9.98771E-05 9.98771E-05 0.855771 9.98771E-05 0.00777768 0.00929445 9.98771E-05 9.98771E-05 9.98771E-05 9.98771E-05 9.98771E-05 9.98771E-05 9.98771E-05 0.0282386 9.98771E-05 0.0678532 0.0260882 9.98771E-05 9.98771E-05
0.0462571 9.98683E-05 0.0322139 9.98683E-05 0.0818442 9.98683E-05 9.98683E-05 9.98683E-05 0.140155 9.98683E-05 0.0957709 9.98683E-05 0.601484 9.98683E-05 9.98683E-05 9.98683E-05 9.98683E-05 9.98683E-05 0.000776868 9.98683E-05 9.98683E-05 9.98683E-05
9.98248E-05 9.98248E-05 9.98248E-05 0.034312 9.98248E-05 9.98248E-05 9.98248E-05 9.98248E-05 9.98248E-05 9.98248E-05 9.98248E-05 9.98248E-05 0.963691 9.98248E-05 9.98248E-05 9.98248E-05 9.98248E-05 9.98248E-05 9.98248E-05 9.98248E-05 9.98248E-05 9.98248E-05
9.98246E-05 9.98246E-05 9.98246E-05 9.98246E-05 9.98246E-05 9.98246E-05 9.98246E-05 0.04576 9.98246E-05 9.98246E-05 9.98246E-05 9.98246E-05 0.952244 9.98246E-05 9.98246E-05 9.98246E-05 9.98246E-05 9.98246E-05 9.98246E-05 9.98246E-05 9.98246E-05 9.98246E-05
9.98772E-05 9.98772E-05 0.320798 9.98772E-05 0.019892 9.98772E-05 0.125526 9.98772E-05 0.0200569 9.98772E-05 9.98772E-05 0.0292961 0.261104 9.98772E-05 9.98772E-05 0.00309785 9.98772E-05 0.218831 9.98772E-05 9.98772E-05 9.98772E-05 9.98772E-05
9.98682E-05 9.98682E-05 9.98682E-05 9.98682E-05 0.129655 9.98682E-05 9.98682E-05 0.0877496 0.0857 9.98682E-05 0.0429083 9.98682E-05 0.586623 0.0107686 9.98682E-05 9.98682E-05 0.0550968 9.98682E-05 9.98682E-05 9.98682E-05 9.98682E-05 9.98682E-05
9.98593E-05 9.98593E-05 0.0038478 9.98593E-05 0.042259 9.98593E-05 9.98593E-05 9.98593E-05 0.172202 9.98593E-05 0.0809768 9.98593E-05 0.669145 9.98593E-05 9.98593E-05 9.98593E-05 9.98593E-05 0.0299717 9.98593E-05 9.98593E-05 9.98593E-05 9.98593E-05
9.98594E-05 9.98594E-05 0.316267 9.98594E-05 9.98594E-05 9.98594E-05 0.0861597 9.98594E-05 0.056289 9.98594E-05 9.98594E-05 9.98594E-05 0.509218 9.98594E-05 9.98594E-05 0.0125384 9.98594E-05 9.98594E-05 0.0179307 9.98594E-05 9.98594E-05 9.98594E-05
9.9877E-05 9.9877E-05 0.113729 9.9877E-05 0.091161 9.9877E-05 9.9877E-05 0.108862 0.0921663 9.9877E-05 9.9877E-05 0.00341557 0.556312 0.0155335 9.9877E-05 9.9877E-05 0.0174214 9.9877E-05 9.9877E-05 9.9877E-05 9.9877E-05 9.9877E-05
9.98333E-05 9.98333E-05 9.98333E-05 9.98333E-05 9.98333E-05 9.98333E-05 9.98333E-05 9.98333E-05 9.98333E-05 9.98333E-05 9.98333E-05 9.98333E-05 0.987993 9.98333E-05 9.98333E-05 0.0051573 9.98333E-05 0.00495271 9.98333E-05 9.98333E-05 9.98333E-05 9.98333E-05
9.98508E-05 9.98508E-05 9.98508E-05 9.98508E-05 9.98508E-05 9.98508E-05 0.0185982 9.98508E-05 0.0113746 9.98508E-05 9.98508E-05 9.98508E-05 0.941415 9.98508E-05 9.98508E-05 9.98508E-05 9.98508E-05 9.98508E-05 0.0109479 0.0159669 9.98508E-05 9.98508E-05
9.98681E-05 9.98681E-05 9.98681E-05 9.98681E-05 0.0793968 9.98681E-05 9.98681E-05 0.0310491 0.23734 9.98681E-05 9.98681E-05 9.98681E-05 0.454784 0.0368394 9.98681E-05 9.98681E-05 0.0211697 9.98681E-05 0.137923 9.98681E-05 9.98681E-05 9.98681E-05
9.98946E-05 0.029697 0.0506045 9.98946E-05 9.98946E-05 9.98946E-05 9.98946E-05 9.98946E-05 0.108138 9.98946E-05 0.140548 9.98946E-05 0.459907 9.98946E-05 9.98946E-05 9.98946E-05 0.00748864 9.98946E-05 0.0189274 0.0438684 0.087399 0.052222
9.9877E-05 0.0403661 9.9877E-05 9.9877E-05 0.0566077 9.9877E-05 9.9877E-05 9.9877E-05 9.9877E-05 0.138036 9.9877E-05 0.172381 0.487953 9.9877E-05 9.9877E-05 9.9877E-05 9.9877E-05 9.9877E-05 0.00690201 0.0740848 9.9877E-05 0.0222704
9.98594E-05 0.0370856 0.119991 9.98594E-05 9.98594E-05 9.98594E-05 9.98594E-05 9.98594E-05 0.150602 9.98594E-05 0.18145 9.98594E-05 0.485019 9.98594E-05 9.98594E-05 9.98594E-05 0.0242548 9.98594E-05 9.98594E-05 9.98594E-05 9.98594E-05 9.98594E-05
9.98423E-05 0.025537 9.98423E-05 9.98423E-05 9.98423E-05 9.98423E-05 9.98423E-05 9.98423E-05 9.98423E-05 9.98423E-05 9.98423E-05 9.98423E-05 0.854641 9.98423E-05 9.98423E-05 0.0834589 9.98423E-05 9.98423E-05 9.98423E-05 9.98423E-05 9.98423E-05 0.0345656
9.98597E-05 9.98597E-05 9.98597E-05 9.98597E-05 0.0788473 9.98597E-05 9.98597E-05 9.98597E-05 0.0107985 9.98597E-05 9.98597E-05 9.98597E-05 0.765024 9.98597E-05 0.00291768 0.135158 9.98597E-05 9.98597E-05 9.98597E-05 0.00565669 9.98597E-05 9.98597E-05
0.172386 9.98419E-05 9.98419E-05 9.98419E-05 9.98419E-05 9.98419E-05 9.98419E-05 9.98419E-05 9.98419E-05 9.98419E-05 9.98419E-05 0.0389158 0.78154 9.98419E-05 9.98419E-05 9.98419E-05 0.00536082 9.98419E-05 9.98419E-05 9.98419E-05 9.98419E-05 9.98419E-05
9.98682E-05 9.98682E-05 9.98682E-05 9.98682E-05 0.0136912 9.98682E-05 0.0140094 9.98682E-05 9.98682E-05 9.98682E-05 0.182884 9.98682E-05 0.525021 9.98682E-05 9.98682E-05 9.98682E-05 0.0972208 9.98682E-05 0.078519 0.0871572 9.98682E-05 9.98682E-05
9.9842E-05 9.9842E-05 9.9842E-05 9.9842E-05 9.9842E-05 9.9842E-05 9.9842E-05 0.113781 0.0204617 9.9842E-05 9.9842E-05 9.9842E-05 0.828423 9.9842E-05 9.9842E-05 9.9842E-05 9.9842E-05 9.9842E-05 0.0355366 9.9842E-05 9.9842E-05 9.9842E-05
9.98681E-05 0.0926712 9.98681E-05 9.98681E-05 9.98681E-05 9.98681E-05 9.98681E-05 9.98681E-05 0.198574 9.98681E-05 9.98681E-05 9.98681E-05 0.552124 0.00839235 9.98681E-05 0.123238 9.98681E-05 9.98681E-05 9.98681E-05 0.0183362 0.00516568 9.98681E-05
9.98249E-05 9.98249E-05 9.98249E-05 9.98249E-05 9.98249E-05 9.98249E-05 9.98249E-05 9.98249E-05 9.98249E-05 9.98249E-05 9.98249E-05 9.98249E-05 0.932152 9.98249E-05 0.0658512 9.98249E-05 9.98249E-05 9.98249E-05 9.98249E-05 9.98249E-05 9.98249E-05 9.98249E-05
9.98594E-05 9.98594E-05 9.98594E-05 9.98594E-05 0.00791839 9.98594E-05 9.98594E-05 9.98594E-05 0.0603016 9.98594E-05 0.298504 0.0218328 0.607523 9.98594E-05 9.98594E-05 9.98594E-05 0.00232227 9.98594E-05 9.98594E-05 9.98594E-05 9.98594E-05 9.98594E-05
9.98684E-05 9.98684E-05 0.0629125 9.98684E-05 9.98684E-05 9.98684E-05 9.98684E-05 9.98684E-05 0.00730347 9.98684E-05 0.0602868 0.020902 0.622859 9.98684E-05 9.98684E-05 9.98684E-05 9.98684E-05 0.218117 9.98684E-05 9.98684E-05 0.00612122 9.98684E-05
0.0333411 9.98595E-05 9.98595E-05 9.98595E-05 0.0493892 9.98595E-05 9.98595E-05 0.0612513 9.98595E-05 9.98595E-05 9.98595E-05 0.0501816 0.608935 9.98595E-05 9.98595E-05 9.98595E-05 0.195304 9.98595E-05 9.98595E-05 9.98595E-05 9.98595E-05 9.98595E-05
9.98419E-05 9.98419E-05 9.98419E-05 9.98419E-05 9.98419E-05 9.98419E-05 9.98419E-05 9.98419E-05 9.98419E-05 9.98419E-05 0.00408147 9.98419E-05 0.838066 9.98419E-05 9.98419E-05 9.98419E-05 9.98419E-05 9.98419E-05 0.081166 0.0748896 9.98419E-05 9.98419E-05
9.98336E-05 9.98336E-05 9.98336E-05 9.98336E-05 9.98336E-05 9.98336E-05 9.98336E-05 9.98336E-05 0.0144635 9.98336E-05 9.98336E-05 9.98336E-05 0.924667 9.98336E-05 9.98336E-05 9.98336E-05 9.98336E-05 9.98336E-05 9.98336E-05 9.98336E-05 9.98336E-05 0.0589727
9.98159E-05 9.98159E-05 9.98159E-05 9.98159E-05 9.98159E-05 9.98159E-05 9.98159E-05 9.98159E-05 9.98159E-05 9.98159E-05 9.98159E-05 9.98159E-05 0.997904 9.98159E-05 9.98159E-05 9.98159E-05 9.98159E-05 9.98159E-05 9.98159E-05 9.98159E-05 9.98159E-05 9.98159E-05
9.98159E-05 9.98159E-05 9.98159E-05 9.98159E-05 9.98159E-05 9.98159E-05 9.98159E-05 9.98159E-05 9.98159E-05 9.98159E-05 9.98159E-05 9.98159E-05 0.997904 9.98159E-05 9.98159E-05 9.98159E-05 9.98159E-05 9.98159E-05 9.98159E-05 9.98159E-05 9.98159E-05 9.98159E-05
9.98423E-05 9.98423E-05 9.98423E-05 9.98423E-05 0.0263574 9.98423E-05 0.0789644 0.0465174 9.98423E-05 9.98423E-05 9.98423E-05 9.98423E-05 0.846364 9.98423E-05 9.98423E-05 9.98423E-05 9.98423E-05 9.98423E-05 9.98423E-05 9.98423E-05 9.98423E-05 9.98423E-05
9.98772E-05 0.000633568 9.98772E-05 9.98772E-05 0.0683396 9.98772E-05 9.98772E-05 9.98772E-05 0.0440149 9.98772E-05 9.98772E-05 9.98772E-05 0.656231 0.0191384 0.100423 0.0801663 9.98772E-05 9.98772E-05 9.98772E-05 9.98772E-05 9.98772E-05 0.0296555
9.98421E-05 9.98421E-05 9.98421E-05 9.98421E-05 0.079056 9.98421E-05 9.98421E-05 9.98421E-05 0.0777599 9.98421E-05 9.98421E-05 0.781219 9.98421E-05 9.98421E-05 9.98421E-05 9.98421E-05 9.98421E-05 0.0601684 9.98421E-05 9.98421E-05 9.98421E-05 9.98421E-05
9.98509E-05 9.98509E-05 9.98509E-05 9.98509E-05 0.0197516 9.98509E-05 9.98509E-05 9.98509E-05 0.00658931 9.98509E-05 9.98509E-05 0.23847 9.98509E-05 9.98509E-05 0.399348 9.98509E-05 9.98509E-05 0.334143 9.98509E-05 9.98509E-05 9.98509E-05 9.98509E-05
9.98507E-05 9.98507E-05 9.98507E-05 9.98507E-05 9.98507E-05 9.98507E-05 9.98507E-05 0.00150264 0.0101091 9.98507E-05 9.98507E-05 0.292031 9.98507E-05 9.98507E-05 9.98507E-05 9.98507E-05 9.98507E-05 0.606696 9.98507E-05 9.98507E-05 9.98507E-05 0.0879633
9.98593E-05 9.98593E-05 9.98593E-05 9.98593E-05 0.0662665 9.98593E-05 9.98593E-05 0.0476894 0.082614 9.98593E-05 9.98593E-05 0.51294 9.98593E-05 9.98593E-05 9.98593E-05 9.98593E-05 9.98593E-05 0.277882 0.0110108 9.98593E-05 9.98593E-05 9.98593E-05
9.98244E-05 9.98244E-05 9.98244E-05 9.98244E-05 0.103852 9.98244E-05 9.98244E-05 9.98244E-05 9.98244E-05 9.98244E-05 9.98244E-05 0.894151 9.98244E-05 9.98244E-05 9.98244E-05 9.98244E-05 9.98244E-05 9.98244E-05 9.98244E-05 9.98244E-05 9.98244E-05 9.98244E-05
9.98334E-05 9.98334E-05 9.98334E-05 9.98334E-05 0.108412 9.98334E-05 9.98334E-05 9.98334E-05 0.188625 9.98334E-05 9.98334E-05 0.701066 9.98334E-05 9.98334E-05 9.98334E-05 9.98334E-05 9.98334E-05 9.98334E-05 9.98334E-05 9.98334E-05 9.98334E-05 9.98334E-05
9.98682E-05 9.98682E-05 9.98682E-05 9.98682E-05 0.0085599 9.98682E-05 9.98682E-05 0.0197172 0.0111032 9.98682E-05 0.0499702 9.98682E-05 9.98682E-05 9.98682E-05 9.98682E-05 9.98682E-05 9.98682E-05 0.821009 9.98682E-05 0.0558093 9.98682E-05 0.032333
9.9842E-05 9.9842E-05 9.9842E-05 9.9842E-05 0.176817 9.9842E-05 9.9842E-05 9.9842E-05 9.9842E-05 9.9842E-05 9.9842E-05 0.132099 9.9842E-05 0.0245305 9.9842E-05 9.9842E-05 9.9842E-05 0.664756 9.9842E-05 9.9842E-05 9.9842E-05 9.9842E-05
9.98594E-05 9.98594E-05 0.229855 9.98594E-05 0.294113 9.98594E-05 9.98594E-05 9.98594E-05 9.98594E-05 9.98594E-05 9.98594E-05 0.0875605 9.98594E-05 9.98594E-05 9.98594E-05 0.0956142 9.98594E-05 0.286624 0.00463491 9.98594E-05 9.98594E-05 9.98594E-05
9.98595E-05 9.98595E-05 9.98595E-05 9.98595E-05 0.203791 9.98595E-05 0.00562765 9.98595E-05 0.216405 9.98595E-05 9.98595E-05 0.200195 9.98595E-05 9.98595E-05 9.98595E-05 9.98595E-05 9.98595E-05 0.370563 9.98595E-05 0.00182043 9.98595E-05 9.98595E-05
9.98509E-05 9.98509E-05 0.231731 9.98509E-05 0.0189692 9.98509E-05 9.98509E-05 9.98509E-05 9.98509E-05 9.98509E-05 9.98509E-05 0.389905 9.98509E-05 9.98509E-05 0.189799 9.98509E-05 9.98509E-05 0.167899 9.98509E-05 9.98509E-05 9.98509E-05 9.98509E-05
9.98597E-05 9.98597E-05 0.156885 9.98597E-05 9.98597E-05 9.98597E-05 9.98597E-05 9.98597E-05 0.0144885 9.98597E-05 9.98597E-05 0.519689 9.98597E-05 9.98597E-05 0.00816015 9.98597E-05 9.98597E-05 0.293012 0.00616798 9.98597E-05 9.98597E-05 9.98597E-05
9.98333E-05 9.98333E-05 9.98333E-05 9.98333E-05 0.0598618 9.98333E-05 9.98333E-05 9.98333E-05 9.98333E-05 9.98333E-05 9.98333E-05 0.426888 9.98333E-05 9.98333E-05 9.98333E-05 9.98333E-05 9.98333E-05 0.511354 9.98333E-05 9.98333E-05 9.98333E-05 9.98333E-05
9.98685E-05 9.98685E-05 9.98685E-05 0.0394839 0.132528 9.98685E-05 9.98685E-05 9.98685E-05 0.114731 9.98685E-05 9.98685E-05 0.468227 9.98685E-05 9.98685E-05 0.0112065 0.0732348 9.98685E-05 0.15909 9.98685E-05 9.98685E-05 9.98685E-05 9.98685E-05
9.98947E-05 9.98947E-05 0.0362623 9.98947E-05 0.0145242 9.98947E-05 9.98947E-05 0.0431149 9.98947E-05 9.98947E-05 9.98947E-05 0.243543 9.98947E-05 9.98947E-05 0.0745812 9.98947E-05 0.0392241 0.290222 0.0413859 0.14992 9.98947E-05 0.0660244
9.9886E-05 9.9886E-05 9.9886E-05 9.9886E-05 0.123204 9.9886E-05 0.0736107 9.9886E-05 0.0592493 9.9886E-05 9.9886E-05 0.53575 9.9886E-05 9.9886E-05 0.00552222 0.0728447 9.9886E-05 0.0195664 9.9886E-05 0.0239307 9.9886E-05 0.0850233
9.98509E-05 9.98509E-05 0.219177 9.98509E-05 9.98509E-05 9.98509E-05 9.98509E-05 9.98509E-05 0.0642796 9.98509E-05 9.98509E-05 0.5149 9.98509E-05 0.0739622 9.98509E-05 9.98509E-05 9.98509E-05 0.125984 9.98509E-05 9.98509E-05 9.98509E-05 9.98509E-05
9.98598E-05 9.98598E-05 9.98598E-05 9.98598E-05 0.0350055 0.00170587 9.98598E-05 9.98598E-05 9.98598E-05 9.98598E-05 0.145401 0.720372 9.98598E-05 9.98598E-05 0.0163312 9.98598E-05 9.98598E-05 9.98598E-05 9.98598E-05 9.98598E-05 9.98598E-05 0.0795867
9.98334E-05 9.98334E-05 9.98334E-05 9.98334E-05 9.98334E-05 9.98334E-05 9.98334E-05 9.98334E-05 9.98334E-05 9.98334E-05 9.98334E-05 0.779891 9.98334E-05 9.98334E-05 9.98334E-05 9.98334E-05 9.98334E-05 0.210061 0.00815156 9.98334E-05 9.98334E-05 9.98334E-05
9.98859E-05 9.98859E-05 9.98859E-05 9.98859E-05 0.0447858 9.98859E-05 0.0399054 9.98859E-05 0.0772509 9.98859E-05 9.98859E-05 0.337956 9.98859E-05 0.0839065 0.13751 0.0580473 9.98859E-05 0.216417 0.00292253 9.98859E-05 9.98859E-05 9.98859E-05
9.98685E-05 9.98685E-05 0.0821956 9.98685E-05 0.0263636 9.98685E-05 9.98685E-05 0.0190666 0.0811179 9.98685E-05 0.00491205 0.783674 9.98685E-05 9.98685E-05 9.98685E-05 9.98685E-05 9.98685E-05 9.98685E-05 9.98685E-05 9.98685E-05 9.98685E-05 0.00117187
9.98509E-05 9.98509E-05 9.98509E-05 9.98509E-05 0.0283233 9.98509E-05 9.98509E-05 9.98509E-05 0.0547174 9.98509E-05 9.98509E-05 0.849144 9.98509E-05 9.98509E-05 9.98509E-05 9.98509E-05 9.98509E-05 0.0100338 9.98509E-05 0.056084 9.98509E-05 9.98509E-05
9.98596E-05 9.98596E-05 0.115189 0.0275156 0.134307 9.98596E-05 9.98596E-05 9.98596E-05 0.193244 9.98596E-05 9.98596E-05 0.513272 9.98596E-05 0.0148749 9.98596E-05 9.98596E-05 9.98596E-05 9.98596E-05 9.98596E-05 9.98596E-05 9.98596E-05 9.98596E-05
9.98508E-05 9.98508E-05 9.98508E-05 9.98508E-05 0.171935 9.98508E-05 9.98508E-05 9.98508E-05 9.98508E-05 9.98508E-05 9.98508E-05 0.534562 9.98508E-05 9.98508E-05 0.109256 9.98508E-05 9.98508E-05 0.156255 9.98508E-05 9.98508E-05 9.98508E-05 0.0262946
9.98596E-05 9.98596E-05 0.0986621 0.0204801 0.122168 9.98596E-05 9.98596E-05 9.98596E-05 0.184508 9.98596E-05 9.98596E-05 0.565606 9.98596E-05 0.00697724 9.98596E-05 9.98596E-05 9.98596E-05 9.98596E-05 9.98596E-05 9.98596E-05 9.98596E-05 9.98596E-05
9.98597E-05 9.98597E-05 0.102187 9.98597E-05 0.129353 9.98597E-05 9.98597E-05 9.98597E-05 0.0263981 9.98597E-05 9.98597E-05 9.98597E-05 9.98597E-05 9.98597E-05 0.0893237 9.98597E-05 9.98597E-05 0.635875 9.98597E-05 0.015266 9.98597E-05 9.98597E-05
9.98508E-05 9.98508E-05 9.98508E-05 0.120085 9.98508E-05 9.98508E-05 9.98508E-05 9.98508E-05 0.0343515 9.98508E-05 9.98508E-05 0.293967 9.98508E-05 9.98508E-05 0.512592 9.98508E-05 9.98508E-05 9.98508E-05 9.98508E-05 9.98508E-05 9.98508E-05 0.0373069
9.98507E-05 9.98507E-05 9.98507E-05 9.98507E-05 0.0445677 9.98507E-05 9.98507E-05 9.98507E-05 0.08415 9.98507E-05 9.98507E-05 0.571248 9.98507E-05 9.98507E-05 9.98507E-05 9.98507E-05 0.0452563 0.25308 9.98507E-05 9.98507E-05 9.98507E-05 9.98507E-05
9.98421E-05 9.98421E-05 9.98421E-05 9.98421E-05 0.210523 9.98421E-05 9.98421E-05 9.98421E-05 0.161122 9.98421E-05 9.98421E-05 0.23167 9.98421E-05 9.98421E-05 9.98421E-05 9.98421E-05 9.98421E-05 0.394888 9.98421E-05 9.98421E-05 9.98421E-05 9.98421E-05
9.98684E-05 9.98684E-05 9.98684E-05 9.98684E-05 9.98684E-05 9.98684E-05 9.98684E-05 9.98684E-05 0.0748236 9.98684E-05 9.98684E-05 0.689122 9.98684E-05 0.00851954 0.0467993 9.98684E-05 9.98684E-05 0.059225 0.00313956 9.98684E-05 9.98684E-05 0.116873
9.98421E-05 0.00431219 9.98421E-05 9.98421E-05 9.98421E-05 9.98421E-05 9.98421E-05 9.98421E-05 0.0716186 0.0594195 9.98421E-05 9.98421E-05 9.98421E-05 9.98421E-05 9.98421E-05 9.98421E-05 9.98421E-05 0.862853 9.98421E-05 9.98421E-05 9.98421E-05 9.98421E-05
9.98595E-05 0.00721478 9.98595E-05 9.98595E-05 9.98595E-05 9.98595E-05 9.98595E-05 0.0400832 9.98595E-05 9.98595E-05 9.98595E-05 0.249987 9.98595E-05 0.0266477 9.98595E-05 9.98595E-05 9.98595E-05 0.654347 9.98595E-05 0.0201222 9.98595E-05 9.98595E-05
9.98507E-05 9.98507E-05 9.98507E-05 9.98507E-05 0.236557 9.98507E-05 9.98507E-05 9.98507E-05 0.0896069 9.98507E-05 9.98507E-05 0.465747 9.98507E-05 0.132997 9.98507E-05 9.98507E-05 9.98507E-05 9.98507E-05 9.98507E-05 9.98507E-05 9.98507E-05 0.0733941
9.98593E-05 9.98593E-05 9.98593E-05 9.98593E-05 9.98593E-05 9.98593E-05 9.98593E-05 9.98593E-05 0.0262879 9.98593E-05 0.0653588 0.245464 9.98593E-05 9.98593E-05 9.98593E-05 9.98593E-05 0.0123082 0.641384 9.98593E-05 9.98593E-05 0.0075997 9.98593E-05
9.98243E-05 9.98243E-05 9.98243E-05 9.98243E-05 9.98243E-05 9.98243E-05 9.98243E-05 9.98243E-05 9.98243E-05 9.98243E-05 9.98243E-05 0.0998667 9.98243E-05 9.98243E-05 9.98243E-05 9.98243E-05 9.98243E-05 0.898137 9.98243E-05 9.98243E-05 9.98243E-05 9.98243E-05
9.98771E-05 9.98771E-05 9.98771E-05 9.98771E-05 0.0136595 9.98771E-05 0.0179592 9.98771E-05 9.98771E-05 9.98771E-05 9.98771E-05 0.553836 9.98771E-05 9.98771E-05 0.0564976 0.0907697 9.98771E-05 0.211879 0.0456382 0.0083626 9.98771E-05 9.98771E-05
9.98595E-05 9.98595E-05 9.98595E-05 9.98595E-05 0.111119 9.98595E-05 9.98595E-05 0.00935588 0.190276 9.98595E-05 9.98595E-05 0.484173 9.98595E-05 9.98595E-05 9.98595E-05 9.98595E-05 9.98595E-05 0.150859 9.98595E-05 0.0526187 9.98595E-05 9.98595E-05
9.9842E-05 9.9842E-05 9.9842E-05 9.9842E-05 0.0394738 9.9842E-05 9.9842E-05 9.9842E-05 0.0216999 9.9842E-05 9.9842E-05 0.368067 9.9842E-05 9.9842E-05 0.568962 9.9842E-05 9.9842E-05 9.9842E-05 9.9842E-05 9.9842E-05 9.9842E-05 9.9842E-05
9.98509E-05 9.98509E-05 9.98509E-05 9.98509E-05 0.0243937 9.98509E-05 9.98509E-05 9.98509E-05 0.00305416 9.98509E-05 9.98509E-05 0.683971 9.98509E-05 9.98509E-05 0.190105 9.98509E-05 9.98509E-05 0.0967782 9.98509E-05 9.98509E-05 9.98509E-05 9.98509E-05
9.98422E-05 9.98422E-05 9.98422E-05 9.98422E-05 9.98422E-05 9.98422E-05 9.98422E-05 9.98422E-05 9.98422E-05 9.98422E-05 9.98422E-05 0.292518 9.98422E-05 9.98422E-05 0.155388 9.98422E-05 9.98422E-05 0.518832 9.98422E-05 9.98422E-05 9.98422E-05 0.0314641
9.98685E-05 9.98685E-05 0.00285145 9.98685E-05 0.054063 9.98685E-05 0.0116666 9.98685E-05 9.98685E-05 9.98685E-05 9.98685E-05 0.465053 9.98685E-05 0.00364947 0.418097 9.98685E-05 9.98685E-05 0.0431217 9.98685E-05 9.98685E-05 9.98685E-05 9.98685E-05
9.98595E-05 9.98595E-05 0.0451369 9.98595E-05 0.0896639 9.98595E-05 9.98595E-05 9.98595E-05 0.289142 0.0147204 9.98595E-05 0.543038 9.98595E-05 9.98595E-05 9.98595E-05 9.98595E-05 9.98595E-05 9.98595E-05 0.0167007 9.98595E-05 9.98595E-05 9.98595E-05
9.98422E-05 9.98422E-05 9.98422E-05 9.98422E-05 0.0983962 9.98422E-05 9.98422E-05 9.98422E-05 9.98422E-05 9.98422E-05 9.98422E-05 0.723544 9.98422E-05 9.98422E-05 9.98422E-05 0.0722526 9.98422E-05 9.98422E-05 9.98422E-05 9.98422E-05 0.10401 9.98422E-05
9.98509E-05 9.98509E-05 9.98509E-05 9.98509E-05 0.165585 9.98509E-05 9.98509E-05 9.98509E-05 0.00113881 9.98509E-05 9.98509E-05 0.321574 9.98509E-05 0.069801 0.440203 9.98509E-05 9.98509E-05 9.98509E-05 9.98509E-05 9.98509E-05 9.98509E-05 9.98509E-05
9.98245E-05 9.98245E-05 9.98245E-05 9.98245E-05 9.98245E-05 9.98245E-05 9.98245E-05 9.98245E-05 9.98245E-05 9.98245E-05 9.98245E-05 9.98245E-05 9.98245E-05 9.98245E-05 0.239437 9.98245E-05 9.98245E-05 0.758566 9.98245E-05 9.98245E-05 9.98245E-05 9.98245E-05
9.98682E-05 9.98682E-05 0.0936757 9.98682E-05 0.196958 9.98682E-05 9.98682E-05 9.98682E-05 9.98682E-05 9.98682E-05 0.0424227 0.285161 9.98682E-05 0.114323 9.98682E-05 9.98682E-05 9.98682E-05 0.255986 9.98682E-05 9.98682E-05 9.98682E-05 0.00997512
9.98596E-05 9.98596E-05 9.98596E-05 9.98596E-05 0.105182 9.98596E-05 9.98596E-05 9.98596E-05 0.0167071 9.98596E-05 9.98596E-05 9.98596E-05 0.0378724 9.98596E-05 9.98596E-05 0.0786381 9.98596E-05 0.70307 9.98596E-05 0.0569329 9.98596E-05 9.98596E-05
9.98774E-05 0.0445023 0.0958453 0.0038881 0.093618 9.98774E-05 9.98774E-05 9.98774E-05 9.98774E-05 9.98774E-05 9.98774E-05 0.403969 9.98774E-05 9.98774E-05 9.98774E-05 0.0122584 9.98774E-05 0.196944 9.98774E-05 0.147577 9.98774E-05 9.98774E-05
9.98422E-05 9.98422E-05 9.98422E-05 9.98422E-05 0.264556 9.98422E-05 9.98422E-05 9.98422E-05 0.213317 9.98422E-05 0.0902772 0.430052 9.98422E-05 9.98422E-05 9.98422E-05 9.98422E-05 9.98422E-05 9.98422E-05 9.98422E-05 9.98422E-05 9.98422E-05 9.98422E-05
9.98333E-05 9.98333E-05 9.98333E-05 9.98333E-05 9.98333E-05 9.98333E-05 9.98333E-05 9.98333E-05 9.98333E-05 9.98333E-05 9.98333E-05 0.312381 9.98333E-05 9.98333E-05 0.436193 9.98333E-05 9.98333E-05 0.249529 9.98333E-05 9.98333E-05 9.98333E-05 9.98333E-05
9.9842E-05 9.9842E-05 9.9842E-05 9.9842E-05 9.9842E-05 9.9842E-05 0.174982 9.9842E-05 0.102703 9.9842E-05 9.9842E-05 0.56297 9.9842E-05 9.9842E-05 9.9842E-05 9.9842E-05 9.9842E-05 0.157547 9.9842E-05 9.9842E-05 9.9842E-05 9.9842E-05
9.98596E-05 9.98596E-05 9.98596E-05 9.98596E-05 0.117172 9.98596E-05 9.98596E-05 9.98596E-05 0.00989935 9.98596E-05 9.98596E-05 0.296023 0.000791382 9.98596E-05 0.557747 9.98596E-05 9.98596E-05 9.98596E-05 9.98596E-05 9.98596E-05 9.98596E-05 0.0167699
9.98422E-05 9.98422E-05 9.98422E-05 9.98422E-05 0.0888532 9.98422E-05 9.98422E-05 9.98422E-05 0.034748 9.98422E-05 9.98422E-05 0.702781 9.98422E-05 9.98422E-05 0.17182 9.98422E-05 9.98422E-05 9.98422E-05 9.98422E-05 9.98422E-05 9.98422E-05 9.98422E-05
9.98247E-05 9.98247E-05 9.98247E-05 9.98247E-05 0.0477467 9.98247E-05 9.98247E-05 9.98247E-05 9.98247E-05 9.98247E-05 9.98247E-05 0.950257 9.98247E-05 9.98247E-05 9.98247E-05 9.98247E-05 9.98247E-05 9.98247E-05 9.98247E-05 9.98247E-05 9.98247E-05 9.98247E-05
9.98419E-05 9.98419E-05 9.98419E-05 9.98419E-05 9.98419E-05 9.98419E-05 0.0646313 0.00192493 9.98419E-05 9.98419E-05 9.98419E-05 0.520569 9.98419E-05 9.98419E-05 9.98419E-05 9.98419E-05 9.98419E-05 0.411077 9.98419E-05 9.98419E-05 9.98419E-05 9.98419E-05
9.98507E-05 9.98507E-05 0.19222 9.98507E-05 0.170373 9.98507E-05 9.98507E-05 9.98507E-05 0.106322 9.98507E-05 9.98507E-05 0.41367 9.98507E-05 9.98507E-05 9.98507E-05 9.98507E-05 9.98507E-05 0.115717 9.98507E-05 9.98507E-05 9.98507E-05 9.98507E-05
9.98506E-05 9.98506E-05 9.98506E-05 9.98506E-05 0.0897021 9.98506E-05 9.98506E-05 9.98506E-05 0.0351092 9.98506E-05 9.98506E-05 0.351509 9.98506E-05 9.98506E-05 9.98506E-05 9.98506E-05 9.98506E-05 0.472062 9.98506E-05 9.98506E-05 9.98506E-05 0.0499198
9.98419E-05 9.98419E-05 9.98419E-05 9.98419E-05 9.98419E-05 9.98419E-05 9.98419E-05 9.98419E-05 0.00677573 9.98419E-05 9.98419E-05 0.408762 9.98419E-05 9.98419E-05 9.98419E-05 9.98419E-05 9.98419E-05 0.52504 9.98419E-05 9.98419E-05 9.98419E-05 0.0576253
9.98509E-05 9.98509E-05 9.98509E-05 9.98509E-05 9.98509E-05 9.98509E-05 0.0293841 9.98509E-05 9.98509E-05 9.98509E-05 9.98509E-05 0.64146 9.98509E-05 0.135582 0.060278 9.98509E-05 9.98509E-05 0.131598 9.98509E-05 9.98509E-05 9.98509E-05 9.98509E-05
9.98509E-05 9.98509E-05 0.089889 9.98509E-05 0.166389 9.98509E-05 9.98509E-05 9.98509E-05 9.98509E-05 9.98509E-05 9.98509E-05 0.309877 9.98509E-05 9.98509E-05 0.083618 9.98509E-05 9.98509E-05 0.348529 9.98509E-05 9.98509E-05 9.98509E-05 9.98509E-05
9.98155E-05 9.98155E-05 9.98155E-05 9.98155E-05 9.98155E-05 9.98155E-05 9.98155E-05 9.98155E-05 0.997904 9.98155E-05 9.98155E-05 9.98155E-05 9.98155E-05 9.98155E-05 9.98155E-05 9.98155E-05 9.98155E-05 9.98155E-05 9.98155E-05 9.98155E-05 9.98155E-05 9.98155E-05
9.98155E-05 9.98155E-05 9.98155E-05 9.98155E-05 0.997904 9.98155E-05 9.98155E-05 9.98155E-05 9.98155E-05 9.98155E-05 9.98155E-05 9.98155E-05 9.98155E-05 9.98155E-05 9.98155E-05 9.98155E-05 9.98155E-05 9.98155E-05 9.98155E-05 9.98155E-05 9.98155E-05 9.98155E-05
9.98154E-05 9.98154E-05 9.98154E-05 9.98154E-05 9.98154E-05 9.98154E-05 9.98154E-05 9.98154E-05 0.997904 9.98154E-05 9.98154E-05 9.98154E-05 9.98154E-05 9.98154E-05 9.98154E-05 9.98154E-05 9.98154E-05 9.98154E-05 9.98154E-05 9.98154E-05 9.98154E-05 9.98154E-05
9.98153E-05 9.98153E-05 9.98153E-05 9.98153E-05 0.997904 9.98153E-05 9.98153E-05 9.98153E-05 9.98153E-05 9.98153E-05 9.98153E-05 9.98153E-05 9.98153E-05 9.98153E-05 9.98153E-05 9.98153E-05 9.98153E-05 9.98153E-05 9.98153E-05 9.98153E-05 9.98153E-05 9.98153E-05
9.98155E-05 9.98155E-05 9.98155E-05 9.98155E-05 0.997904 9.98155E-05 9.98155E-05 9.98155E-05 9.98155E-05 9.98155E-05 9.98155E-05 9.98155E-05 9.98155E-05 9.98155E-05 9.98155E-05 9.98155E-05 9.98155E-05 9.98155E-05 9.98155E-05 9.98155E-05 9.98155E-05 9.98155E-05
9.98157E-05 9.98157E-05 9.98157E-05 9.98157E-05 0.997904 9.98157E-05 9.98157E-05 9.98157E-05 9.98157E-05 9.98157E-05 9.98157E-05 9.98157E-05 9.98157E-05 9.98157E-05 9.98157E-05 9.98157E-05 9.98157E-05 9.98157E-05 9.98157E-05 9.98157E-05 9.98157E-05 9.98157E-05
9.98153E-05 9.98153E-05 9.98153E-05 9.98153E-05 9.98153E-05 9.98153E-05 9.98153E-05 9.98153E-05 0.997904 9.98153E-05 9.98153E-05 9.98153E-05 9.98153E-05 9.98153E-05 9.98153E-05 9.98153E-05 9.98153E-05 9.98153E-05 9.98153E-05 9.98153E-05 9.98153E-05 9.98153E-05
9.98154E-05 9.98154E-05 9.98154E-05 9.98154E-05 0.997904 9.98154E-05 9.98154E-05 9.98154E-05 9.98154E-05 9.98154E-05 9.98154E-05 9.98154E-05 9.98154E-05 9.98154E-05 9.98154E-05 9.98154E-05 9.98154E-05 9.98154E-05 9.98154E-05 9.98154E-05 9.98154E-05 9.98154E-05
9.98155E-05 9.98155E-05 9.98155E-05 9.98155E-05 0.997904 9.98155E-05 9.98155E-05 9.98155E-05 9.98155E-05 9.98155E-05 9.98155E-05 9.98155E-05 9.98155E-05 9.98155E-05 9.98155E-05 9.98155E-05 9.98155E-05 9.98155E-05 9.98155E-05 9.98155E-05 9.98155E-05 9.98155E-05
9.98153E-05 9.98153E-05 9.98153E-05 9.98153E-05 9.98153E-05 9.98153E-05 9.98153E-05 9.98153E-05 0.997904 9.98153E-05 9.98153E-05 9.98153E-05 9.98153E-05 9.98153E-05 9.98153E-05 9.98153E-05 9.98153E-05 9.98153E-05 9.98153E-05 9.98153E-05 9.98153E-05 9.98153E-05
9.98153E-05 9.98153E-05 9.98153E-05 9.98153E-05 9.98153E-05 9.98153E-05 9.98153E-05 9.98153E-05 0.997904 9.98153E-05 9.98153E-05 9.98153E-05 9.98153E-05 9.98153E-05 9.98153E-05 9.98153E-05 9.98153E-05 9.98153E-05 9.98153E-05 9.98153E-05 9.98153E-05 9.98153E-05
