9.99209E-05 9.99209E-05 0.0787367 9.99209E-05 0.145808 9.99209E-05 9.99209E-05 9.99209E-05 0.307023 0.0755001 9.99209E-05 0.332754 0.0404978 0.000740056 9.99209E-05 0.0180413 9.99209E-05
9.99035E-05 9.99035E-05 9.99035E-05 9.99035E-05 9.99035E-05 9.99035E-05 0.0134782 9.99035E-05 0.73264 0.0165968 9.99035E-05 0.13399 9.99035E-05 0.0907884 9.99035E-05 0.0114076 9.99035E-05
0.019055 9.99122E-05 9.99122E-05 9.99122E-05 0.0454658 9.99122E-05 9.99122E-05 0.0212986 0.856758 0.0338838 9.99122E-05 9.99122E-05 0.0180347 9.99122E-05 0.00450467 9.99122E-05 9.99122E-05
9.99123E-05 0.346417 9.99123E-05 9.99123E-05 0.132704 9.99123E-05 0.0377096 9.99123E-05 0.254623 0.0237102 9.99123E-05 9.99123E-05 9.99123E-05 9.99123E-05 0.135916 0.0679218 9.99123E-05
9.98947E-05 0.0238424 9.98947E-05 0.0147064 9.98947E-05 0.0260437 9.98947E-05 0.10244 0.831769 9.98947E-05 9.98947E-05 9.98947E-05 9.98947E-05 9.98947E-05 9.98947E-05 9.98947E-05 9.98947E-05
9.99211E-05 0.114512 9.99211E-05 0.149529 9.99211E-05 0.0207514 9.99211E-05 0.0716638 0.139723 9.99211E-05 9.99211E-05 0.207815 9.99211E-05 0.0756397 0.219467 9.99211E-05 9.99211E-05
0.0773797 0.145139 9.99211E-05 9.99211E-05 0.0847796 9.99211E-05 9.99211E-05 9.99211E-05 0.291724 9.99211E-05 9.99211E-05 0.103565 0.0149002 0.174971 9.99211E-05 0.106642 9.99211E-05
9.99386E-05 0.151774 0.0807637 0.0853291 0.269309 0.0467141 9.99386E-05 0.0579936 0.143777 9.99386E-05 0.0383431 0.000749871 9.99386E-05 9.99386E-05 0.124547 9.99386E-05 9.99386E-05
9.9921E-05 9.9921E-05 9.9921E-05 0.229062 0.0578784 9.9921E-05 9.9921E-05 0.0233612 0.21395 0.156333 9.9921E-05 9.9921E-05 0.172585 0.0352444 0.110686 9.9921E-05 9.9921E-05
9.98684E-05 9.98684E-05 9.98684E-05 9.98684E-05 9.98684E-05 9.98684E-05 9.98684E-05 9.98684E-05 0.948304 0.0501982 9.98684E-05 9.98684E-05 9.98684E-05 9.98684E-05 9.98684E-05 9.98684E-05 9.98684E-05
9.99035E-05 9.99035E-05 9.99035E-05 9.99035E-05 0.0201656 0.0451652 9.99035E-05 9.99035E-05 0.50476 0.229024 9.99035E-05 0.0400282 9.99035E-05 9.99035E-05 9.99035E-05 0.159758 9.99035E-05
9.98947E-05 0.0737765 9.98947E-05 9.98947E-05 9.98947E-05 9.98947E-05 9.98947E-05 9.98947E-05 0.891452 0.00974235 9.98947E-05 0.0235359 9.98947E-05 9.98947E-05 9.98947E-05 0.000294951 9.98947E-05
9.9886E-05 9.9886E-05 9.9886E-05 0.0038788 0.0664112 9.9886E-05 9.9886E-05 9.9886E-05 0.790847 0.137564 9.9886E-05 9.9886E-05 9.9886E-05 9.9886E-05 9.9886E-05 9.9886E-05 9.9886E-05
0.00436138 9.9921E-05 9.9921E-05 9.9921E-05 0.0551447 9.9921E-05 9.9921E-05 9.9921E-05 0.610368 0.046884 0.0304362 9.9921E-05 9.9921E-05 9.9921E-05 0.0891756 0.0648736 0.0978572
9.9921E-05 0.0678721 9.9921E-05 0.0613999 0.0700065 9.9921E-05 0.0782595 9.9921E-05 0.293431 0.101092 9.9921E-05 0.124303 9.9921E-05 9.9921E-05 0.202737 9.9921E-05 9.9921E-05
9.99209E-05 0.174155 0.0479648 0.162086 0.0882019 9.99209E-05 9.99209E-05 9.99209E-05 0.162265 0.0663732 0.125559 0.172495 9.99209E-05 9.99209E-05 9.99209E-05 9.99209E-05 9.99209E-05
9.9921E-05 0.0761555 0.0725743 9.9921E-05 0.0503717 9.9921E-05 9.9921E-05 9.9921E-05 0.630217 0.027496 9.9921E-05 9.9921E-05 9.9921E-05 0.0639799 9.9921E-05 0.0320737 0.0462327
9.99122E-05 9.99122E-05 9.99122E-05 0.0459014 0.21 0.106398 0.142963 9.99122E-05 0.119714 0.14696 9.99122E-05 0.227065 9.99122E-05 9.99122E-05 9.99122E-05 9.99122E-05 9.99122E-05
9.99209E-05 0.144942 0.00248181 0.097927 0.269975 9.99209E-05 0.020945 9.99209E-05 0.293748 0.155302 0.0137802 9.99209E-05 9.99209E-05 9.99209E-05 9.99209E-05 9.99209E-05 9.99209E-05
9.98685E-05 9.98685E-05 9.98685E-05 9.98685E-05 9.98685E-05 9.98685E-05 0.102844 9.98685E-05 0.895658 9.98685E-05 9.98685E-05 9.98685E-05 9.98685E-05 9.98685E-05 9.98685E-05 9.98685E-05 9.98685E-05
9.99298E-05 0.0838286 9.99298E-05 0.119951 0.0232873 9.99298E-05 9.99298E-05 0.00878359 0.510767 0.0496932 0.13872 9.99298E-05 0.026073 9.99298E-05 9.99298E-05 0.0380973 9.99298E-05
9.99035E-05 9.99035E-05 9.99035E-05 0.0882848 0.411596 0.0340164 9.99035E-05 0.127172 0.225308 9.99035E-05 9.99035E-05 9.99035E-05 9.99035E-05 9.99035E-05 0.112524 9.99035E-05 9.99035E-05
9.98947E-05 9.98947E-05 9.98947E-05 9.98947E-05 9.98947E-05 9.98947E-05 9.98947E-05 9.98947E-05 0.605873 0.103252 9.98947E-05 0.216705 9.98947E-05 9.98947E-05 0.0296747 0.0432969 9.98947E-05
9.99034E-05 9.99034E-05 9.99034E-05 0.0411001 0.308253 9.99034E-05 9.99034E-05 9.99034E-05 0.352491 0.196731 0.0149523 9.99034E-05 0.0853739 9.99034E-05 9.99034E-05 9.99034E-05 9.99034E-05
9.9921E-05 9.9921E-05 9.9921E-05 0.042505 0.100922 9.9921E-05 0.0821509 9.9921E-05 0.281463 0.25955 9.9921E-05 9.9921E-05 0.0290893 9.9921E-05 0.174563 0.0288577 9.9921E-05
9.99035E-05 0.0342348 9.99035E-05 9.99035E-05 0.0941297 9.99035E-05 9.99035E-05 9.99035E-05 0.679118 0.110936 9.99035E-05 9.99035E-05 9.99035E-05 9.99035E-05 0.062172 0.0183102 9.99035E-05
9.98946E-05 9.98946E-05 9.98946E-05 9.98946E-05 0.387826 0.08406 9.98946E-05 0.0416835 9.98946E-05 0.10515 9.98946E-05 9.98946E-05 9.98946E-05 9.98946E-05 0.380082 9.98946E-05 9.98946E-05
9.99035E-05 0.0290012 9.99035E-05 9.99035E-05 0.114481 9.99035E-05 9.99035E-05 9.99035E-05 0.758571 0.0576065 9.99035E-05 9.99035E-05 9.99035E-05 0.0018532 9.99035E-05 0.0373878 9.99035E-05
9.99035E-05 9.99035E-05 9.99035E-05 9.99035E-05 0.0749923 9.99035E-05 9.99035E-05 9.99035E-05 0.59922 0.197459 9.99035E-05 0.0921603 0.006283 9.99035E-05 0.028787 9.99035E-05 9.99035E-05
9.99034E-05 9.99034E-05 9.99034E-05 0.0194185 9.99034E-05 9.99034E-05 9.99034E-05 9.99034E-05 0.657929 0.10753 9.99034E-05 0.0173775 9.99034E-05 0.0571389 0.139507 9.99034E-05 9.99034E-05
9.99209E-05 9.99209E-05 9.99209E-05 0.0170002 0.0969292 0.0174521 0.0256559 9.99209E-05 0.615653 0.0335075 9.99209E-05 0.0872224 9.99209E-05 9.99209E-05 9.99209E-05 0.10568 9.99209E-05
9.99123E-05 0.0609647 9.99123E-05 9.99123E-05 0.0299328 9.99123E-05 9.99123E-05 9.99123E-05 0.523643 0.0797377 9.99123E-05 0.0331052 9.99123E-05 9.99123E-05 0.213051 0.0585668 9.99123E-05
9.9921E-05 9.9921E-05 9.9921E-05 9.9921E-05 0.144055 9.9921E-05 0.0244731 9.9921E-05 0.437283 0.133891 0.0133865 0.0996106 9.9921E-05 9.9921E-05 0.0678128 0.0785881 9.9921E-05
0.0177469 9.99122E-05 9.99122E-05 9.99122E-05 0.142924 0.0300627 9.99122E-05 9.99122E-05 0.47098 0.120345 9.99122E-05 9.99122E-05 0.00979776 9.99122E-05 0.207145 9.99122E-05 9.99122E-05
9.98948E-05 9.98948E-05 9.98948E-05 0.00527365 9.98948E-05 9.98948E-05 0.0232229 9.98948E-05 0.767443 9.98948E-05 9.98948E-05 9.98948E-05 9.98948E-05 0.104677 9.98948E-05 0.0981844 9.98948E-05
9.99298E-05 0.0650563 9.99298E-05 0.028897 0.0905486 9.99298E-05 9.99298E-05 9.99298E-05 0.697687 0.0199215 9.99298E-05 0.0342919 0.0573276 0.00382494 9.99298E-05 0.00164622 9.99298E-05
0.0205713 0.0941552 9.9886E-05 9.9886E-05 9.9886E-05 9.9886E-05 9.9886E-05 9.9886E-05 0.859874 9.9886E-05 9.9886E-05 9.9886E-05 9.9886E-05 0.0241012 9.9886E-05 9.9886E-05 9.9886E-05
9.98948E-05 9.98948E-05 9.98948E-05 0.104942 9.98948E-05 9.98948E-05 0.0774448 9.98948E-05 0.676694 0.05521 9.98948E-05 9.98948E-05 9.98948E-05 0.0845101 9.98948E-05 9.98948E-05 9.98948E-05
9.99211E-05 9.99211E-05 9.99211E-05 9.99211E-05 0.022172 9.99211E-05 9.99211E-05 0.0661345 0.525772 0.195991 9.99211E-05 9.99211E-05 9.99211E-05 0.0757011 0.00459775 0.0336106 0.075122
0.017654 9.99034E-05 9.99034E-05 9.99034E-05 0.088927 9.99034E-05 9.99034E-05 9.99034E-05 0.486165 0.139601 0.120965 9.99034E-05 9.99034E-05 9.99034E-05 0.145589 9.99034E-05 9.99034E-05
9.9886E-05 0.0739887 9.9886E-05 9.9886E-05 0.0971563 9.9886E-05 9.9886E-05 9.9886E-05 0.782018 0.045538 9.9886E-05 9.9886E-05 9.9886E-05 9.9886E-05 9.9886E-05 9.9886E-05 9.9886E-05
9.9886E-05 9.9886E-05 9.9886E-05 9.9886E-05 0.22903 9.9886E-05 9.9886E-05 9.9886E-05 0.604377 0.118646 9.9886E-05 9.9886E-05 0.0466483 9.9886E-05 9.9886E-05 9.9886E-05 9.9886E-05
9.98947E-05 0.0479493 9.98947E-05 9.98947E-05 0.0490355 9.98947E-05 9.98947E-05 9.98947E-05 0.854234 9.98947E-05 9.98947E-05 0.00425299 9.98947E-05 9.98947E-05 9.98947E-05 9.98947E-05 0.0433297
9.9921E-05 9.9921E-05 9.9921E-05 0.117206 0.121495 9.9921E-05 9.9921E-05 9.9921E-05 0.373923 0.138781 9.9921E-05 0.1672 0.0208442 0.012957 9.9921E-05 0.0466948 9.9921E-05
9.98947E-05 0.0859928 9.98947E-05 9.98947E-05 0.442377 9.98947E-05 9.98947E-05 0.0165733 0.25564 0.198218 9.98947E-05 9.98947E-05 9.98947E-05 9.98947E-05 9.98947E-05 9.98947E-05 9.98947E-05
9.99034E-05 0.00336939 9.99034E-05 9.99034E-05 0.046108 9.99034E-05 0.0591721 9.99034E-05 0.838441 0.0380541 0.0137568 9.99034E-05 9.99034E-05 9.99034E-05 9.99034E-05 9.99034E-05 9.99034E-05
9.98859E-05 9.98859E-05 9.98859E-05 0.0627083 9.98859E-05 0.0811357 9.98859E-05 9.98859E-05 0.806613 0.0482442 9.98859E-05 9.98859E-05 9.98859E-05 9.98859E-05 9.98859E-05 9.98859E-05 9.98859E-05
9.98947E-05 9.98947E-05 0.0174512 9.98947E-05 9.98947E-05 0.0202547 9.98947E-05 9.98947E-05 0.902545 0.00325488 9.98947E-05 0.0552951 9.98947E-05 9.98947E-05 9.98947E-05 9.98947E-05 9.98947E-05
9.98946E-05 9.98946E-05 9.98946E-05 9.98946E-05 0.140327 9.98946E-05 9.98946E-05 9.98946E-05 0.607089 0.170759 9.98946E-05 0.053795 9.98946E-05 9.98946E-05 9.98946E-05 0.0268322 9.98946E-05
0.160665 9.98949E-05 9.98949E-05 9.98949E-05 9.98949E-05 9.98949E-05 9.98949E-05 0.0506327 0.669954 0.0568703 9.98949E-05 9.98949E-05 9.98949E-05 0.0606795 9.98949E-05 9.98949E-05 9.98949E-05
9.99297E-05 0.0212589 9.99297E-05 0.0413865 0.0699688 9.99297E-05 9.99297E-05 9.99297E-05 0.279191 0.2039 9.99297E-05 0.0471521 0.0404501 9.99297E-05 0.176875 0.119018 9.99297E-05
9.99035E-05 0.0109886 9.99035E-05 9.99035E-05 0.2496 9.99035E-05 0.0407069 0.066183 0.585882 9.99035E-05 9.99035E-05 9.99035E-05 0.0455407 9.99035E-05 9.99035E-05 9.99035E-05 9.99035E-05
9.98947E-05 9.98947E-05 9.98947E-05 9.98947E-05 0.0160453 0.0666474 9.98947E-05 9.98947E-05 0.809511 0.0647424 9.98947E-05 9.98947E-05 9.98947E-05 0.0418552 9.98947E-05 9.98947E-05 9.98947E-05
0.043751 9.99211E-05 9.99211E-05 0.00884849 9.99211E-05 0.0358168 0.0192026 0.0226286 0.652006 0.0511928 0.165655 9.99211E-05 9.99211E-05 9.99211E-05 9.99211E-05 9.99211E-05 9.99211E-05
9.98948E-05 9.98948E-05 9.98948E-05 9.98948E-05 9.98948E-05 9.98948E-05 0.0203993 9.98948E-05 0.714417 0.135844 0.0631688 9.98948E-05 0.064972 9.98948E-05 9.98948E-05 9.98948E-05 9.98948E-05
9.98948E-05 9.98948E-05 9.98948E-05 9.98948E-05 9.98948E-05 9.98948E-05 0.102488 0.0567572 0.659669 9.98948E-05 0.0236192 9.98948E-05 9.98948E-05 9.98948E-05 0.156267 9.98948E-05 9.98948E-05
9.99035E-05 0.136816 9.99035E-05 0.0224381 0.0241291 0.0150683 9.99035E-05 9.99035E-05 0.723846 9.99035E-05 9.99035E-05 9.99035E-05 9.99035E-05 0.0766033 9.99035E-05 9.99035E-05 9.99035E-05
9.98948E-05 0.0591106 9.98948E-05 9.98948E-05 9.98948E-05 0.00520788 9.98948E-05 9.98948E-05 0.807127 0.0993745 9.98948E-05 9.98948E-05 9.98948E-05 9.98948E-05 9.98948E-05 0.0279814 9.98948E-05
0.0194408 9.98947E-05 9.98947E-05 0.0225524 9.98947E-05 9.98947E-05 9.98947E-05 9.98947E-05 0.870529 0.036273 9.98947E-05 9.98947E-05 9.98947E-05 0.0500062 9.98947E-05 9.98947E-05 9.98947E-05
9.99033E-05 9.99033E-05 9.99033E-05 0.0266222 0.0111313 0.0435245 9.99033E-05 9.99033E-05 9.99033E-05 0.210107 9.99033E-05 0.68249 9.99033E-05 9.99033E-05 0.0250264 9.99033E-05 9.99033E-05
9.98685E-05 9.98685E-05 9.98685E-05 9.98685E-05 9.98685E-05 9.98685E-05 9.98685E-05 9.98685E-05 9.98685E-05 9.98685E-05 9.98685E-05 0.957159 0.0413431 9.98685E-05 9.98685E-05 9.98685E-05 9.98685E-05
9.98684E-05 9.98684E-05 9.98684E-05 9.98684E-05 9.98684E-05 0.0713722 9.98684E-05 9.98684E-05 9.98684E-05 9.98684E-05 9.98684E-05 0.92713 9.98684E-05 9.98684E-05 9.98684E-05 9.98684E-05 9.98684E-05
0.096426 9.99122E-05 9.99122E-05 0.0939389 9.99122E-05 0.0698765 9.99122E-05 9.99122E-05 9.99122E-05 0.102262 9.99122E-05 0.225177 9.99122E-05 0.233636 0.177684 9.99122E-05 9.99122E-05
0.0587786 0.0282507 9.99208E-05 0.106358 0.0673133 9.99208E-05 0.0226437 0.0649417 9.99208E-05 0.0144501 9.99208E-05 0.636364 9.99208E-05 9.99208E-05 9.99208E-05 9.99208E-05 9.99208E-05
9.99208E-05 9.99208E-05 0.00530931 0.106056 0.090714 9.99208E-05 9.99208E-05 9.99208E-05 9.99208E-05 0.126975 9.99208E-05 0.58209 0.00885019 9.99208E-05 0.0493304 0.0297753 9.99208E-05
9.98946E-05 0.0457336 9.98946E-05 9.98946E-05 9.98946E-05 9.98946E-05 9.98946E-05 9.98946E-05 9.98946E-05 0.102517 9.98946E-05 0.543223 9.98946E-05 0.260741 9.98946E-05 0.0465863 9.98946E-05
9.98945E-05 9.98945E-05 9.98945E-05 0.118037 9.98945E-05 0.179361 9.98945E-05 9.98945E-05 9.98945E-05 0.100071 9.98945E-05 0.563584 9.98945E-05 0.0377477 9.98945E-05 9.98945E-05 9.98945E-05
9.98683E-05 9.98683E-05 9.98683E-05 9.98683E-05 9.98683E-05 9.98683E-05 9.98683E-05 9.98683E-05 9.98683E-05 9.98683E-05 9.98683E-05 0.956699 9.98683E-05 0.0418034 9.98683E-05 9.98683E-05 9.98683E-05
9.9877E-05 0.0376506 9.9877E-05 9.9877E-05 9.9877E-05 9.9877E-05 9.9877E-05 9.9877E-05 9.9877E-05 9.9877E-05 9.9877E-05 0.911815 9.9877E-05 9.9877E-05 9.9877E-05 0.0491364 9.9877E-05
9.98856E-05 9.98856E-05 9.98856E-05 0.0657962 9.98856E-05 9.98856E-05 9.98856E-05 9.98856E-05 9.98856E-05 0.287394 9.98856E-05 0.484833 9.98856E-05 9.98856E-05 9.98856E-05 0.160678 9.98856E-05
0.00837191 0.052245 0.072068 9.99297E-05 0.188527 9.99297E-05 9.99297E-05 9.99297E-05 9.99297E-05 0.061378 0.0586864 0.445912 9.99297E-05 0.0668007 9.99297E-05 0.0452117 9.99297E-05
9.9912E-05 9.9912E-05 0.117049 0.156133 9.9912E-05 9.9912E-05 9.9912E-05 0.0519028 9.9912E-05 9.9912E-05 0.12889 0.44188 9.9912E-05 9.9912E-05 0.0501467 0.0530005 9.9912E-05
0.0120006 9.99033E-05 9.99033E-05 9.99033E-05 0.145305 9.99033E-05 9.99033E-05 0.0426506 9.99033E-05 0.186994 9.99033E-05 0.586825 9.99033E-05 0.0251262 9.99033E-05 9.99033E-05 9.99033E-05
9.98773E-05 9.98773E-05 9.98773E-05 9.98773E-05 9.98773E-05 9.98773E-05 9.98773E-05 9.98773E-05 9.98773E-05 9.98773E-05 9.98773E-05 0.914895 9.98773E-05 9.98773E-05 0.0323397 0.0513669 9.98773E-05
9.99035E-05 0.0149181 9.99035E-05 0.0343604 0.0127508 9.99035E-05 9.99035E-05 9.99035E-05 9.99035E-05 0.0530035 9.99035E-05 0.844071 9.99035E-05 9.99035E-05 9.99035E-05 0.0397968 9.99035E-05
0.0922395 9.99033E-05 9.99033E-05 0.0652849 9.99033E-05 0.0829728 9.99033E-05 9.99033E-05 9.99033E-05 9.99033E-05 9.99033E-05 0.648013 9.99033E-05 0.0340789 0.0763121 9.99033E-05 9.99033E-05
9.99034E-05 0.0420562 0.142955 0.0449963 0.124974 9.99034E-05 9.99034E-05 9.99034E-05 9.99034E-05 9.99034E-05 9.99034E-05 0.588585 9.99034E-05 9.99034E-05 9.99034E-05 0.0553347 9.99034E-05
9.98946E-05 9.98946E-05 9.98946E-05 0.0037101 9.98946E-05 0.105988 9.98946E-05 9.98946E-05 9.98946E-05 0.0388318 9.98946E-05 0.840883 9.98946E-05 9.98946E-05 9.98946E-05 0.00938788 9.98946E-05
9.9912E-05 9.9912E-05 0.0354768 9.9912E-05 9.9912E-05 9.9912E-05 0.0363939 9.9912E-05 9.9912E-05 0.208812 0.0794058 0.599798 9.9912E-05 9.9912E-05 0.0109854 0.0281291 9.9912E-05
0.0185913 9.98686E-05 9.98686E-05 9.98686E-05 9.98686E-05 9.98686E-05 9.98686E-05 9.98686E-05 9.98686E-05 9.98686E-05 9.98686E-05 0.979911 9.98686E-05 9.98686E-05 9.98686E-05 9.98686E-05 9.98686E-05
9.99033E-05 9.99033E-05 9.99033E-05 9.99033E-05 0.280486 0.000516726 9.99033E-05 9.99033E-05 9.99033E-05 0.00263065 9.99033E-05 0.634649 9.99033E-05 0.0715635 0.00905511 9.99033E-05 9.99033E-05
9.99035E-05 9.99035E-05 9.99035E-05 9.99035E-05 0.0571133 9.99035E-05 0.00296234 9.99035E-05 9.99035E-05 0.0484841 9.99035E-05 0.723516 9.99035E-05 0.0544128 0.112413 9.99035E-05 9.99035E-05
9.99122E-05 0.10362 9.99122E-05 0.0373526 9.99122E-05 0.088787 9.99122E-05 0.0105524 9.99122E-05 9.99122E-05 9.99122E-05 0.708123 0.0384981 9.99122E-05 0.0120679 9.99122E-05 9.99122E-05
9.98769E-05 9.98769E-05 0.192331 9.98769E-05 9.98769E-05 9.98769E-05 9.98769E-05 9.98769E-05 9.98769E-05 9.98769E-05 9.98769E-05 0.725742 9.98769E-05 9.98769E-05 9.98769E-05 0.0805282 9.98769E-05
9.98773E-05 9.98773E-05 9.98773E-05 0.0167114 9.98773E-05 9.98773E-05 9.98773E-05 9.98773E-05 9.98773E-05 9.98773E-05 9.98773E-05 0.978384 9.98773E-05 0.00350666 9.98773E-05 9.98773E-05 9.98773E-05
9.98597E-05 9.98597E-05 9.98597E-05 9.98597E-05 9.98597E-05 9.98597E-05 9.98597E-05 9.98597E-05 9.98597E-05 9.98597E-05 9.98597E-05 0.998402 9.98597E-05 9.98597E-05 9.98597E-05 9.98597E-05 9.98597E-05
9.98685E-05 9.98685E-05 9.98685E-05 9.98685E-05 9.98685E-05 9.98685E-05 9.98685E-05 9.98685E-05 9.98685E-05 0.0168069 9.98685E-05 0.981695 9.98685E-05 9.98685E-05 9.98685E-05 9.98685E-05 9.98685E-05
9.98947E-05 9.98947E-05 0.0193523 0.0186939 9.98947E-05 0.103913 9.98947E-05 9.98947E-05 9.98947E-05 0.0161035 9.98947E-05 0.840738 9.98947E-05 9.98947E-05 9.98947E-05 9.98947E-05 9.98947E-05
9.98861E-05 9.98861E-05 9.98861E-05 0.0940513 9.98861E-05 9.98861E-05 9.98861E-05 9.98861E-05 9.98861E-05 0.109822 9.98861E-05 0.643769 9.98861E-05 9.98861E-05 9.98861E-05 9.98861E-05 0.151059
9.98772E-05 9.98772E-05 9.98772E-05 0.0839116 9.98772E-05 9.98772E-05 9.98772E-05 9.98772E-05 9.98772E-05 0.0831052 9.98772E-05 9.98772E-05 9.98772E-05 9.98772E-05 0.831585 9.98772E-05 9.98772E-05
9.98772E-05 9.98772E-05 9.98772E-05 9.98772E-05 9.98772E-05 9.98772E-05 9.98772E-05 9.98772E-05 9.98772E-05 0.0998099 9.98772E-05 9.98772E-05 9.98772E-05 9.98772E-05 0.475638 9.98772E-05 0.423153
9.98683E-05 9.98683E-05 9.98683E-05 9.98683E-05 9.98683E-05 9.98683E-05 9.98683E-05 9.98683E-05 9.98683E-05 0.0606449 9.98683E-05 9.98683E-05 9.98683E-05 9.98683E-05 0.937857 9.98683E-05 9.98683E-05
9.98857E-05 9.98857E-05 9.98857E-05 0.0269156 9.98857E-05 0.0181124 9.98857E-05 9.98857E-05 9.98857E-05 0.130321 9.98857E-05 9.98857E-05 9.98857E-05 9.98857E-05 0.823352 9.98857E-05 9.98857E-05
0.0047976 9.98857E-05 9.98857E-05 0.0563153 9.98857E-05 9.98857E-05 9.98857E-05 9.98857E-05 9.98857E-05 9.98857E-05 9.98857E-05 9.98857E-05 0.0218901 9.98857E-05 0.915699 9.98857E-05 9.98857E-05
9.98859E-05 9.98859E-05 9.98859E-05 0.144427 9.98859E-05 9.98859E-05 9.98859E-05 9.98859E-05 9.98859E-05 0.137868 9.98859E-05 9.98859E-05 9.98859E-05 0.0424302 0.673977 9.98859E-05 9.98859E-05
9.99122E-05 9.99122E-05 0.0122541 0.0633689 0.0283863 0.00870886 9.99122E-05 9.99122E-05 9.99122E-05 0.0998813 9.99122E-05 9.99122E-05 9.99122E-05 9.99122E-05 0.774682 0.0117196 9.99122E-05
9.98683E-05 9.98683E-05 9.98683E-05 0.199123 9.98683E-05 9.98683E-05 9.98683E-05 9.98683E-05 9.98683E-05 9.98683E-05 9.98683E-05 9.98683E-05 9.98683E-05 9.98683E-05 0.799379 9.98683E-05 9.98683E-05
9.98946E-05 9.98946E-05 9.98946E-05 0.306455 0.0563878 9.98946E-05 9.98946E-05 9.98946E-05 9.98946E-05 0.0650192 9.98946E-05 9.98946E-05 9.98946E-05 0.196063 0.374876 9.98946E-05 9.98946E-05
9.98771E-05 9.98771E-05 9.98771E-05 0.208009 9.98771E-05 9.98771E-05 9.98771E-05 9.98771E-05 9.98771E-05 0.213107 9.98771E-05 9.98771E-05 9.98771E-05 9.98771E-05 0.577485 9.98771E-05 9.98771E-05
9.98947E-05 9.98947E-05 9.98947E-05 9.98947E-05 9.98947E-05 9.98947E-05 9.98947E-05 9.98947E-05 9.98947E-05 0.0300899 9.98947E-05 9.98947E-05 9.98947E-05 0.26099 0.478718 0.0116649 0.217339
9.99035E-05 9.99035E-05 9.99035E-05 9.99035E-05 9.99035E-05 9.99035E-05 0.00220512 9.99035E-05 9.99035E-05 0.0304526 9.99035E-05 9.99035E-05 9.99035E-05 0.139904 0.72697 0.0379287 0.0614406
9.98773E-05 9.98773E-05 9.98773E-05 0.0651353 9.98773E-05 9.98773E-05 9.98773E-05 9.98773E-05 9.98773E-05 9.98773E-05 9.98773E-05 9.98773E-05 9.98773E-05 9.98773E-05 0.910572 9.98773E-05 0.0228941
0.0156206 9.99298E-05 0.000274843 0.13979 9.99298E-05 9.99298E-05 9.99298E-05 9.99298E-05 9.99298E-05 0.160076 9.99298E-05 9.99298E-05 0.0500228 0.0131565 0.557966 0.0240323 0.0382615
9.99123E-05 9.99123E-05 0.025217 0.047429 9.99123E-05 0.132805 9.99123E-05 9.99123E-05 9.99123E-05 9.99123E-05 0.0129187 9.99123E-05 9.99123E-05 0.0318717 0.717734 9.99123E-05 0.0310249
0.0122859 9.99035E-05 9.99035E-05 0.0426127 9.99035E-05 9.99035E-05 9.99035E-05 9.99035E-05 9.99035E-05 0.110547 9.99035E-05 9.99035E-05 9.99035E-05 0.139841 0.668831 0.0247843 9.99035E-05
9.99034E-05 9.99034E-05 9.99034E-05 0.00896751 9.99034E-05 9.99034E-05 0.0140814 9.99034E-05 9.99034E-05 0.0933159 9.99034E-05 9.99034E-05 9.99034E-05 0.237918 0.635757 9.99034E-05 0.00886127
0.0252154 9.9886E-05 9.9886E-05 0.0711855 0.0275958 9.9886E-05 9.9886E-05 9.9886E-05 9.9886E-05 9.9886E-05 9.9886E-05 9.9886E-05 9.9886E-05 9.9886E-05 0.874705 9.9886E-05 9.9886E-05
9.98772E-05 9.98772E-05 9.98772E-05 9.98772E-05 9.98772E-05 9.98772E-05 9.98772E-05 9.98772E-05 9.98772E-05 9.98772E-05 9.98772E-05 9.98772E-05 9.98772E-05 9.98772E-05 0.959106 0.0376238 0.00187176
9.99298E-05 9.99298E-05 0.00739033 0.177683 9.99298E-05 0.0198217 0.0254161 9.99298E-05 9.99298E-05 0.104669 0.00927546 9.99298E-05 9.99298E-05 9.99298E-05 0.370839 0.082924 0.201182
9.9886E-05 9.9886E-05 9.9886E-05 9.9886E-05 9.9886E-05 9.9886E-05 9.9886E-05 9.9886E-05 9.9886E-05 0.121075 9.9886E-05 9.9886E-05 9.9886E-05 0.0516009 0.809925 9.9886E-05 0.0161002
9.98859E-05 9.98859E-05 0.0528961 0.0573815 9.98859E-05 9.98859E-05 9.98859E-05 9.98859E-05 9.98859E-05 9.98859E-05 9.98859E-05 9.98859E-05 9.98859E-05 9.98859E-05 0.864094 0.0243299 9.98859E-05
9.98946E-05 9.98946E-05 9.98946E-05 0.226532 9.98946E-05 9.98946E-05 0.0525662 9.98946E-05 9.98946E-05 0.209455 9.98946E-05 9.98946E-05 9.98946E-05 0.029034 0.481214 9.98946E-05 9.98946E-05
9.98948E-05 9.98948E-05 9.98948E-05 0.151852 9.98948E-05 9.98948E-05 9.98948E-05 0.00187455 9.98948E-05 0.0476948 9.98948E-05 9.98948E-05 9.98948E-05 9.98948E-05 0.668637 9.98948E-05 0.128743
9.99122E-05 9.99122E-05 9.99122E-05 0.151707 9.99122E-05 9.99122E-05 0.078977 0.0345135 9.99122E-05 0.12795 9.99122E-05 9.99122E-05 9.99122E-05 0.105329 0.48625 0.0142752 9.99122E-05
9.98948E-05 9.98948E-05 9.98948E-05 0.115881 9.98948E-05 9.98948E-05 9.98948E-05 9.98948E-05 9.98948E-05 0.0868087 9.98948E-05 9.98948E-05 9.98948E-05 0.0628792 0.576747 9.98948E-05 0.156485
9.98947E-05 9.98947E-05 9.98947E-05 9.98947E-05 9.98947E-05 9.98947E-05 0.0134906 9.98947E-05 9.98947E-05 0.0321973 9.98947E-05 9.98947E-05 0.152915 9.98947E-05 0.275485 9.98947E-05 0.524714
9.98945E-05 9.98945E-05 9.98945E-05 0.0687159 9.98945E-05 9.98945E-05 0.00295614 9.98945E-05 9.98945E-05 0.22122 9.98945E-05 9.98945E-05 9.98945E-05 9.98945E-05 0.668935 0.036975 9.98945E-05
9.9886E-05 9.9886E-05 9.9886E-05 0.20276 9.9886E-05 9.9886E-05 9.9886E-05 9.9886E-05 9.9886E-05 0.19132 9.9886E-05 9.9886E-05 9.9886E-05 0.0178437 0.586778 9.9886E-05 9.9886E-05
9.99035E-05 9.99035E-05 9.99035E-05 9.99035E-05 9.99035E-05 9.99035E-05 0.0114233 0.0601056 9.99035E-05 0.0672334 9.99035E-05 9.99035E-05 9.99035E-05 9.99035E-05 0.762417 0.0656014 0.03212
9.98948E-05 9.98948E-05 9.98948E-05 0.0068377 9.98948E-05 9.98948E-05 9.98948E-05 9.98948E-05 9.98948E-05 0.153517 0.0231762 9.98948E-05 9.98948E-05 9.98948E-05 0.773542 0.0417289 9.98948E-05
9.98858E-05 9.98858E-05 9.98858E-05 9.98858E-05 9.98858E-05 9.98858E-05 9.98858E-05 9.98858E-05 9.98858E-05 0.00772769 0.0690543 9.98858E-05 9.98858E-05 9.98858E-05 0.908691 0.0132283 9.98858E-05
9.98946E-05 9.98946E-05 9.98946E-05 0.175495 9.98946E-05 9.98946E-05 0.220473 0.00100081 9.98946E-05 0.0699964 9.98946E-05 9.98946E-05 9.98946E-05 9.98946E-05 0.531836 9.98946E-05 9.98946E-05
9.98945E-05 9.98945E-05 9.98945E-05 0.0518761 0.0347903 9.98945E-05 0.0914566 9.98945E-05 9.98945E-05 0.148542 9.98945E-05 9.98945E-05 9.98945E-05 9.98945E-05 0.672136 9.98945E-05 9.98945E-05
9.98772E-05 9.98772E-05 9.98772E-05 9.98772E-05 9.98772E-05 9.98772E-05 9.98772E-05 9.98772E-05 9.98772E-05 0.0178133 9.98772E-05 9.98772E-05 9.98772E-05 9.98772E-05 0.96247 9.98772E-05 0.0183184
9.99034E-05 9.99034E-05 0.0563329 0.0621313 9.99034E-05 9.99034E-05 9.99034E-05 9.99034E-05 9.99034E-05 9.99034E-05 9.99034E-05 9.99034E-05 9.99034E-05 0.00919781 0.723729 0.043718 0.103792
9.98858E-05 9.98858E-05 0.026861 0.0772298 9.98858E-05 9.98858E-05 9.98858E-05 9.98858E-05 9.98858E-05 0.208712 9.98858E-05 9.98858E-05 9.98858E-05 9.98858E-05 0.685898 9.98858E-05 9.98858E-05
9.99034E-05 0.00721757 9.99034E-05 0.0557777 9.99034E-05 0.00559742 9.99034E-05 9.99034E-05 9.99034E-05 0.0203684 9.99034E-05 9.99034E-05 9.99034E-05 9.99034E-05 0.454966 9.99034E-05 0.454974
9.98773E-05 9.98773E-05 9.98773E-05 9.98773E-05 9.98773E-05 9.98773E-05 9.98773E-05 9.98773E-05 9.98773E-05 0.0721659 9.98773E-05 9.98773E-05 9.98773E-05 9.98773E-05 0.739564 9.98773E-05 0.186872
9.98685E-05 9.98685E-05 9.98685E-05 9.98685E-05 9.98685E-05 9.98685E-05 9.98685E-05 9.98685E-05 9.98685E-05 9.98685E-05 9.98685E-05 9.98685E-05 9.98685E-05 9.98685E-05 0.772954 9.98685E-05 0.225548
9.99123E-05 9.99123E-05 0.0120045 0.0333651 9.99123E-05 0.0304705 0.0421033 9.99123E-05 9.99123E-05 9.99123E-05 9.99123E-05 9.99123E-05 9.99123E-05 9.99123E-05 0.483085 0.0516858 0.346286
9.98858E-05 9.98858E-05 9.98858E-05 0.0619142 9.98858E-05 9.98858E-05 9.98858E-05 9.98858E-05 9.98858E-05 0.289673 9.98858E-05 9.98858E-05 9.98858E-05 0.118976 0.528138 9.98858E-05 9.98858E-05
9.98859E-05 9.98859E-05 9.98859E-05 0.13596 0.024825 9.98859E-05 9.98859E-05 0.00765172 9.98859E-05 9.98859E-05 9.98859E-05 9.98859E-05 9.98859E-05 9.98859E-05 0.830265 9.98859E-05 9.98859E-05
9.98947E-05 9.98947E-05 9.98947E-05 0.111572 9.98947E-05 9.98947E-05 0.0633803 9.98947E-05 9.98947E-05 0.0700053 9.98947E-05 9.98947E-05 9.98947E-05 9.98947E-05 0.200633 9.98947E-05 0.55321
9.98859E-05 9.98859E-05 9.98859E-05 0.0437801 9.98859E-05 9.98859E-05 9.98859E-05 9.98859E-05 9.98859E-05 9.98859E-05 9.98859E-05 9.98859E-05 9.98859E-05 0.0480681 0.542047 9.98859E-05 0.364806
9.99034E-05 9.99034E-05 9.99034E-05 0.164076 0.00315806 9.99034E-05 0.161087 9.99034E-05 9.99034E-05 9.99034E-05 9.99034E-05 9.99034E-05 9.99034E-05 0.144416 0.510401 0.0157633 9.99034E-05
9.99123E-05 9.99123E-05 0.0727095 0.117665 0.0326515 9.99123E-05 9.99123E-05 9.99123E-05 9.99123E-05 0.112272 0.0483626 0.240057 9.99123E-05 9.99123E-05 0.375283 9.99123E-05 9.99123E-05
9.99201E-05 9.99201E-05 0.0604229 0.0813134 0.123868 9.99201E-05 9.99201E-05 9.99201E-05 9.99201E-05 0.0578231 0.0210138 9.99201E-05 0.134226 0.0498424 0.464735 9.99201E-05 0.00595512
9.99035E-05 9.99035E-05 9.99035E-05 0.24792 0.124961 0.0213833 9.99035E-05 9.99035E-05 9.99035E-05 0.150684 9.99035E-05 9.99035E-05 9.99035E-05 9.99035E-05 0.40036 0.0535922 9.99035E-05
9.9886E-05 9.9886E-05 9.9886E-05 9.9886E-05 9.9886E-05 9.9886E-05 9.9886E-05 9.9886E-05 9.9886E-05 0.020348 0.0034188 9.9886E-05 9.9886E-05 9.9886E-05 0.576516 9.9886E-05 0.398419
0.0208817 0.142841 9.98858E-05 9.98858E-05 9.98858E-05 9.98858E-05 9.98858E-05 9.98858E-05 9.98858E-05 0.122612 9.98858E-05 9.98858E-05 9.98858E-05 9.98858E-05 0.712367 9.98858E-05 9.98858E-05
9.98859E-05 9.98859E-05 9.98859E-05 0.134948 9.98859E-05 9.98859E-05 9.98859E-05 9.98859E-05 9.98859E-05 0.012694 9.98859E-05 9.98859E-05 9.98859E-05 9.98859E-05 0.323006 9.98859E-05 0.528053
9.98861E-05 9.98861E-05 9.98861E-05 0.0710696 9.98861E-05 9.98861E-05 9.98861E-05 9.98861E-05 9.98861E-05 0.240307 9.98861E-05 9.98861E-05 9.98861E-05 9.98861E-05 0.552838 9.98861E-05 0.134487
9.98771E-05 9.98771E-05 9.98771E-05 0.00928947 9.98771E-05 9.98771E-05 9.98771E-05 9.98771E-05 9.98771E-05 9.98771E-05 0.0658883 9.98771E-05 9.98771E-05 9.98771E-05 0.923424 9.98771E-05 9.98771E-05
9.98858E-05 0.0286436 9.98858E-05 9.98858E-05 9.98858E-05 0.0854654 9.98858E-05 9.98858E-05 9.98858E-05 9.98858E-05 9.98858E-05 9.98858E-05 9.98858E-05 9.98858E-05 0.881986 0.00260682 9.98858E-05
9.99121E-05 0.0307274 9.99121E-05 0.194237 9.99121E-05 9.99121E-05 0.00667553 9.99121E-05 9.99121E-05 0.0924826 9.99121E-05 0.0349958 9.99121E-05 0.197044 0.442838 9.99121E-05 9.99121E-05
9.9877E-05 9.9877E-05 9.9877E-05 0.145517 9.9877E-05 9.9877E-05 9.9877E-05 9.9877E-05 9.9877E-05 0.0719319 9.9877E-05 9.9877E-05 9.9877E-05 9.9877E-05 0.781153 9.9877E-05 9.9877E-05
9.98771E-05 0.0282664 9.98771E-05 0.0668936 9.98771E-05 9.98771E-05 9.98771E-05 9.98771E-05 9.98771E-05 9.98771E-05 9.98771E-05 9.98771E-05 9.98771E-05 9.98771E-05 0.903442 9.98771E-05 9.98771E-05
9.98859E-05 9.98859E-05 9.98859E-05 9.98859E-05 9.98859E-05 9.98859E-05 0.122366 9.98859E-05 9.98859E-05 0.0549241 9.98859E-05 9.98859E-05 9.98859E-05 9.98859E-05 0.794087 9.98859E-05 0.0273241
9.98947E-05 9.98947E-05 9.98947E-05 0.17685 9.98947E-05 9.98947E-05 9.98947E-05 9.98947E-05 9.98947E-05 0.0402599 9.98947E-05 9.98947E-05 9.98947E-05 0.0868816 0.636775 9.98947E-05 0.0580343
9.98593E-05 9.98593E-05 9.98593E-05 9.98593E-05 9.98593E-05 9.98593E-05 9.98593E-05 9.98593E-05 9.98593E-05 0.998402 9.98593E-05 9.98593E-05 9.98593E-05 9.98593E-05 9.98593E-05 9.98593E-05 9.98593E-05
9.98593E-05 9.98593E-05 9.98593E-05 0.998402 9.98593E-05 9.98593E-05 9.98593E-05 9.98593E-05 9.98593E-05 9.98593E-05 9.98593E-05 9.98593E-05 9.98593E-05 9.98593E-05 9.98593E-05 9.98593E-05 9.98593E-05
9.98593E-05 9.98593E-05 9.98593E-05 9.98593E-05 9.98593E-05 9.98593E-05 9.98593E-05 9.98593E-05 9.98593E-05 0.998402 9.98593E-05 9.98593E-05 9.98593E-05 9.98593E-05 9.98593E-05 9.98593E-05 9.98593E-05
9.98593E-05 9.98593E-05 9.98593E-05 0.998402 9.98593E-05 9.98593E-05 9.98593E-05 9.98593E-05 9.98593E-05 9.98593E-05 9.98593E-05 9.98593E-05 9.98593E-05 9.98593E-05 9.98593E-05 9.98593E-05 9.98593E-05
9.98593E-05 9.98593E-05 9.98593E-05 0.998402 9.98593E-05 9.98593E-05 9.98593E-05 9.98593E-05 9.98593E-05 9.98593E-05 9.98593E-05 9.98593E-05 9.98593E-05 9.98593E-05 9.98593E-05 9.98593E-05 9.98593E-05
9.98593E-05 9.98593E-05 9.98593E-05 0.998402 9.98593E-05 9.98593E-05 9.98593E-05 9.98593E-05 9.98593E-05 9.98593E-05 9.98593E-05 9.98593E-05 9.98593E-05 9.98593E-05 9.98593E-05 9.98593E-05 9.98593E-05
9.98594E-05 9.98594E-05 9.98594E-05 9.98594E-05 9.98594E-05 9.98594E-05 9.98594E-05 9.98594E-05 9.98594E-05 0.998402 9.98594E-05 9.98594E-05 9.98594E-05 9.98594E-05 9.98594E-05 9.98594E-05 9.98594E-05
9.98593E-05 9.98593E-05 9.98593E-05 0.998402 9.98593E-05 9.98593E-05 9.98593E-05 9.98593E-05 9.98593E-05 9.98593E-05 9.98593E-05 9.98593E-05 9.98593E-05 9.98593E-05 9.98593E-05 9.98593E-05 9.98593E-05
9.98593E-05 9.98593E-05 9.98593E-05 0.998402 9.98593E-05 9.98593E-05 9.98593E-05 9.98593E-05 9.98593E-05 9.98593E-05 9.98593E-05 9.98593E-05 9.98593E-05 9.98593E-05 9.98593E-05 9.98593E-05 9.98593E-05
9.98593E-05 9.98593E-05 9.98593E-05 9.98593E-05 9.98593E-05 9.98593E-05 9.98593E-05 9.98593E-05 9.98593E-05 0.998402 9.98593E-05 9.98593E-05 9.98593E-05 9.98593E-05 9.98593E-05 9.98593E-05 9.98593E-05
9.9877E-05 9.9877E-05 9.9877E-05 0.0182987 9.9877E-05 0.0128449 9.9877E-05 9.9877E-05 9.9877E-05 0.967458 9.9877E-05 9.9877E-05 9.9877E-05 9.9877E-05 9.9877E-05 9.9877E-05 9.9877E-05
9.98592E-05 9.98592E-05 9.98592E-05 9.98592E-05 9.98592E-05 9.98592E-05 9.98592E-05 9.98592E-05 9.98592E-05 0.998402 9.98592E-05 9.98592E-05 9.98592E-05 9.98592E-05 9.98592E-05 9.98592E-05 9.98592E-05
9.98593E-05 9.98593E-05 9.98593E-05 0.998402 9.98593E-05 9.98593E-05 9.98593E-05 9.98593E-05 9.98593E-05 9.98593E-05 9.98593E-05 9.98593E-05 9.98593E-05 9.98593E-05 9.98593E-05 9.98593E-05 9.98593E-05
9.98593E-05 9.98593E-05 9.98593E-05 0.998402 9.98593E-05 9.98593E-05 9.98593E-05 9.98593E-05 9.98593E-05 9.98593E-05 9.98593E-05 9.98593E-05 9.98593E-05 9.98593E-05 9.98593E-05 9.98593E-05 9.98593E-05
9.98594E-05 9.98594E-05 9.98594E-05 9.98594E-05 9.98594E-05 9.98594E-05 9.98594E-05 9.98594E-05 9.98594E-05 0.998402 9.98594E-05 9.98594E-05 9.98594E-05 9.98594E-05 9.98594E-05 9.98594E-05 9.98594E-05
9.98592E-05 9.98592E-05 9.98592E-05 9.98592E-05 9.98592E-05 9.98592E-05 9.98592E-05 9.98592E-05 9.98592E-05 0.998402 9.98592E-05 9.98592E-05 9.98592E-05 9.98592E-05 9.98592E-05 9.98592E-05 9.98592E-05
0.0484239 0.0838301 9.99121E-05 0.0600746 9.99121E-05 9.99121E-05 0.0515458 9.99121E-05 9.99121E-05 0.0814162 9.99121E-05 9.99121E-05 0.0741941 9.99121E-05 0.599516 9.99121E-05 9.99121E-05
9.98594E-05 9.98594E-05 9.98594E-05 9.98594E-05 9.98594E-05 9.98594E-05 9.98594E-05 9.98594E-05 9.98594E-05 0.998402 9.98594E-05 9.98594E-05 9.98594E-05 9.98594E-05 9.98594E-05 9.98594E-05 9.98594E-05
9.98594E-05 9.98594E-05 9.98594E-05 0.998402 9.98594E-05 9.98594E-05 9.98594E-05 9.98594E-05 9.98594E-05 9.98594E-05 9.98594E-05 9.98594E-05 9.98594E-05 9.98594E-05 9.98594E-05 9.98594E-05 9.98594E-05
9.98593E-05 9.98593E-05 9.98593E-05 9.98593E-05 9.98593E-05 9.98593E-05 9.98593E-05 9.98593E-05 9.98593E-05 0.998402 9.98593E-05 9.98593E-05 9.98593E-05 9.98593E-05 9.98593E-05 9.98593E-05 9.98593E-05
9.98593E-05 9.98593E-05 9.98593E-05 9.98593E-05 9.98593E-05 9.98593E-05 9.98593E-05 9.98593E-05 9.98593E-05 0.998402 9.98593E-05 9.98593E-05 9.98593E-05 9.98593E-05 9.98593E-05 9.98593E-05 9.98593E-05
9.98594E-05 9.98594E-05 9.98594E-05 9.98594E-05 9.98594E-05 9.98594E-05 9.98594E-05 9.98594E-05 9.98594E-05 0.998402 9.98594E-05 9.98594E-05 9.98594E-05 9.98594E-05 9.98594E-05 9.98594E-05 9.98594E-05
9.98593E-05 9.98593E-05 9.98593E-05 0.998402 9.98593E-05 9.98593E-05 9.98593E-05 9.98593E-05 9.98593E-05 9.98593E-05 9.98593E-05 9.98593E-05 9.98593E-05 9.98593E-05 9.98593E-05 9.98593E-05 9.98593E-05
9.98593E-05 9.98593E-05 9.98593E-05 9.98593E-05 9.98593E-05 9.98593E-05 9.98593E-05 9.98593E-05 9.98593E-05 0.998402 9.98593E-05 9.98593E-05 9.98593E-05 9.98593E-05 9.98593E-05 9.98593E-05 9.98593E-05
9.98593E-05 9.98593E-05 9.98593E-05 0.998402 9.98593E-05 9.98593E-05 9.98593E-05 9.98593E-05 9.98593E-05 9.98593E-05 9.98593E-05 9.98593E-05 9.98593E-05 9.98593E-05 9.98593E-05 9.98593E-05 9.98593E-05
9.98594E-05 9.98594E-05 9.98594E-05 9.98594E-05 9.98594E-05 9.98594E-05 9.98594E-05 9.98594E-05 9.98594E-05 0.998402 9.98594E-05 9.98594E-05 9.98594E-05 9.98594E-05 9.98594E-05 9.98594E-05 9.98594E-05
9.98592E-05 9.98592E-05 9.98592E-05 9.98592E-05 9.98592E-05 9.98592E-05 9.98592E-05 9.98592E-05 9.98592E-05 0.998402 9.98592E-05 9.98592E-05 9.98592E-05 9.98592E-05 9.98592E-05 9.98592E-05 9.98592E-05
9.98594E-05 9.98594E-05 9.98594E-05 0.998402 9.98594E-05 9.98594E-05 9.98594E-05 9.98594E-05 9.98594E-05 9.98594E-05 9.98594E-05 9.98594E-05 9.98594E-05 9.98594E-05 9.98594E-05 9.98594E-05 9.98594E-05
9.98593E-05 9.98593E-05 9.98593E-05 0.998402 9.98593E-05 9.98593E-05 9.98593E-05 9.98593E-05 9.98593E-05 9.98593E-05 9.98593E-05 9.98593E-05 9.98593E-05 9.98593E-05 9.98593E-05 9.98593E-05 9.98593E-05
9.98593E-05 9.98593E-05 9.98593E-05 0.998402 9.98593E-05 9.98593E-05 9.98593E-05 9.98593E-05 9.98593E-05 9.98593E-05 9.98593E-05 9.98593E-05 9.98593E-05 9.98593E-05 9.98593E-05 9.98593E-05 9.98593E-05
9.98682E-05 9.98682E-05 9.98682E-05 9.98682E-05 9.98682E-05 9.98682E-05 0.0218927 9.98682E-05 9.98682E-05 0.976609 9.98682E-05 9.98682E-05 9.98682E-05 9.98682E-05 9.98682E-05 9.98682E-05 9.98682E-05
9.98593E-05 9.98593E-05 9.98593E-05 9.98593E-05 9.98593E-05 9.98593E-05 9.98593E-05 9.98593E-05 9.98593E-05 0.998402 9.98593E-05 9.98593E-05 9.98593E-05 9.98593E-05 9.98593E-05 9.98593E-05 9.98593E-05
9.98593E-05 9.98593E-05 9.98593E-05 9.98593E-05 9.98593E-05 9.98593E-05 9.98593E-05 9.98593E-05 9.98593E-05 0.998402 9.98593E-05 9.98593E-05 9.98593E-05 9.98593E-05 9.98593E-05 9.98593E-05 9.98593E-05
9.98592E-05 9.98592E-05 9.98592E-05 9.98592E-05 9.98592E-05 9.98592E-05 9.98592E-05 9.98592E-05 9.98592E-05 0.998402 9.98592E-05 9.98592E-05 9.98592E-05 9.98592E-05 9.98592E-05 9.98592E-05 9.98592E-05
9.98593E-05 9.98593E-05 9.98593E-05 9.98593E-05 9.98593E-05 9.98593E-05 9.98593E-05 9.98593E-05 9.98593E-05 0.998402 9.98593E-05 9.98593E-05 9.98593E-05 9.98593E-05 9.98593E-05 9.98593E-05 9.98593E-05
9.98593E-05 9.98593E-05 9.98593E-05 0.998402 9.98593E-05 9.98593E-05 9.98593E-05 9.98593E-05 9.98593E-05 9.98593E-05 9.98593E-05 9.98593E-05 9.98593E-05 9.98593E-05 9.98593E-05 9.98593E-05 9.98593E-05
9.98593E-05 9.98593E-05 9.98593E-05 0.998402 9.98593E-05 9.98593E-05 9.98593E-05 9.98593E-05 9.98593E-05 9.98593E-05 9.98593E-05 9.98593E-05 9.98593E-05 9.98593E-05 9.98593E-05 9.98593E-05 9.98593E-05
9.98593E-05 9.98593E-05 9.98593E-05 0.998402 9.98593E-05 9.98593E-05 9.98593E-05 9.98593E-05 9.98593E-05 9.98593E-05 9.98593E-05 9.98593E-05 9.98593E-05 9.98593E-05 9.98593E-05 9.98593E-05 9.98593E-05
9.98594E-05 9.98594E-05 9.98594E-05 9.98594E-05 9.98594E-05 9.98594E-05 9.98594E-05 9.98594E-05 9.98594E-05 0.998402 9.98594E-05 9.98594E-05 9.98594E-05 9.98594E-05 9.98594E-05 9.98594E-05 9.98594E-05
9.98593E-05 9.98593E-05 9.98593E-05 0.998402 9.98593E-05 9.98593E-05 9.98593E-05 9.98593E-05 9.98593E-05 9.98593E-05 9.98593E-05 9.98593E-05 9.98593E-05 9.98593E-05 9.98593E-05 9.98593E-05 9.98593E-05
9.98593E-05 9.98593E-05 9.98593E-05 0.998402 9.98593E-05 9.98593E-05 9.98593E-05 9.98593E-05 9.98593E-05 9.98593E-05 9.98593E-05 9.98593E-05 9.98593E-05 9.98593E-05 9.98593E-05 9.98593E-05 9.98593E-05
9.98594E-05 9.98594E-05 9.98594E-05 0.998402 9.98594E-05 9.98594E-05 9.98594E-05 9.98594E-05 9.98594E-05 9.98594E-05 9.98594E-05 9.98594E-05 9.98594E-05 9.98594E-05 9.98594E-05 9.98594E-05 9.98594E-05
9.98594E-05 9.98594E-05 9.98594E-05 0.998402 9.98594E-05 9.98594E-05 9.98594E-05 9.98594E-05 9.98594E-05 9.98594E-05 9.98594E-05 9.98594E-05 9.98594E-05 9.98594E-05 9.98594E-05 9.98594E-05 9.98594E-05
9.98592E-05 9.98592E-05 9.98592E-05 9.98592E-05 9.98592E-05 9.98592E-05 9.98592E-05 9.98592E-05 9.98592E-05 0.998402 9.98592E-05 9.98592E-05 9.98592E-05 9.98592E-05 9.98592E-05 9.98592E-05 9.98592E-05
9.98594E-05 9.98594E-05 9.98594E-05 0.998402 9.98594E-05 9.98594E-05 9.98594E-05 9.98594E-05 9.98594E-05 9.98594E-05 9.98594E-05 9.98594E-05 9.98594E-05 9.98594E-05 9.98594E-05 9.98594E-05 9.98594E-05
9.98593E-05 9.98593E-05 9.98593E-05 0.998402 9.98593E-05 9.98593E-05 9.98593E-05 9.98593E-05 9.98593E-05 9.98593E-05 9.98593E-05 9.98593E-05 9.98593E-05 9.98593E-05 9.98593E-05 9.98593E-05 9.98593E-05
0.0318441 0.163197 9.99033E-05 9.99033E-05 9.99033E-05 9.99033E-05 0.0451516 9.99033E-05 9.99033E-05 0.185867 9.99033E-05 9.99033E-05 0.0974937 9.99033E-05 0.475348 9.99033E-05 9.99033E-05
9.98594E-05 9.98594E-05 9.98594E-05 9.98594E-05 9.98594E-05 9.98594E-05 9.98594E-05 9.98594E-05 9.98594E-05 0.998402 9.98594E-05 9.98594E-05 9.98594E-05 9.98594E-05 9.98594E-05 9.98594E-05 9.98594E-05
9.98593E-05 9.98593E-05 9.98593E-05 0.998402 9.98593E-05 9.98593E-05 9.98593E-05 9.98593E-05 9.98593E-05 9.98593E-05 9.98593E-05 9.98593E-05 9.98593E-05 9.98593E-05 9.98593E-05 9.98593E-05 9.98593E-05
9.98594E-05 9.98594E-05 9.98594E-05 0.998402 9.98594E-05 9.98594E-05 9.98594E-05 9.98594E-05 9.98594E-05 9.98594E-05 9.98594E-05 9.98594E-05 9.98594E-05 9.98594E-05 9.98594E-05 9.98594E-05 9.98594E-05
9.98594E-05 9.98594E-05 9.98594E-05 0.998402 9.98594E-05 9.98594E-05 9.98594E-05 9.98594E-05 9.98594E-05 9.98594E-05 9.98594E-05 9.98594E-05 9.98594E-05 9.98594E-05 9.98594E-05 9.98594E-05 9.98594E-05
9.98593E-05 9.98593E-05 9.98593E-05 0.998402 9.98593E-05 9.98593E-05 9.98593E-05 9.98593E-05 9.98593E-05 9.98593E-05 9.98593E-05 9.98593E-05 9.98593E-05 9.98593E-05 9.98593E-05 9.98593E-05 9.98593E-05
9.98593E-05 9.98593E-05 9.98593E-05 9.98593E-05 9.98593E-05 9.98593E-05 9.98593E-05 9.98593E-05 9.98593E-05 0.998402 9.98593E-05 9.98593E-05 9.98593E-05 9.98593E-05 9.98593E-05 9.98593E-05 9.98593E-05
9.98593E-05 9.98593E-05 9.98593E-05 0.998402 9.98593E-05 9.98593E-05 9.98593E-05 9.98593E-05 9.98593E-05 9.98593E-05 9.98593E-05 9.98593E-05 9.98593E-05 9.98593E-05 9.98593E-05 9.98593E-05 9.98593E-05
9.98592E-05 9.98592E-05 9.98592E-05 9.98592E-05 9.98592E-05 9.98592E-05 9.98592E-05 9.98592E-05 9.98592E-05 0.998402 9.98592E-05 9.98592E-05 9.98592E-05 9.98592E-05 9.98592E-05 9.98592E-05 9.98592E-05
9.98592E-05 9.98592E-05 9.98592E-05 0.998402 9.98592E-05 9.98592E-05 9.98592E-05 9.98592E-05 9.98592E-05 9.98592E-05 9.98592E-05 9.98592E-05 9.98592E-05 9.98592E-05 9.98592E-05 9.98592E-05 9.98592E-05
9.98594E-05 9.98594E-05 9.98594E-05 9.98594E-05 9.98594E-05 9.98594E-05 9.98594E-05 9.98594E-05 9.98594E-05 0.998402 9.98594E-05 9.98594E-05 9.98594E-05 9.98594E-05 9.98594E-05 9.98594E-05 9.98594E-05
9.98593E-05 9.98593E-05 9.98593E-05 0.998402 9.98593E-05 9.98593E-05 9.98593E-05 9.98593E-05 9.98593E-05 9.98593E-05 9.98593E-05 9.98593E-05 9.98593E-05 9.98593E-05 9.98593E-05 9.98593E-05 9.98593E-05
