9.99473E-05 9.99473E-05 0.23346 0.036373 9.99473E-05 9.99473E-05 0.0250686 0.153574 0.0882465 0.0906652 0.349627 9.99473E-05 9.99473E-05 0.0223857
9.9921E-05 9.9921E-05 0.0558379 9.9921E-05 9.9921E-05 9.9921E-05 9.9921E-05 0.0447956 0.172511 0.0477509 0.678205 9.9921E-05 9.9921E-05 9.9921E-05
9.99298E-05 9.99298E-05 9.99298E-05 0.0130179 0.088563 9.99298E-05 9.99298E-05 0.0493271 9.99298E-05 0.0385021 0.802499 9.99298E-05 9.99298E-05 0.0072913
9.99473E-05 9.99473E-05 0.0993296 9.99473E-05 0.116186 0.253929 0.164608 0.0519767 9.99473E-05 0.0405889 0.253042 9.99473E-05 0.0197407 9.99473E-05
9.9921E-05 9.9921E-05 9.9921E-05 9.9921E-05 0.0138418 0.151896 9.9921E-05 9.9921E-05 0.0209963 9.9921E-05 0.808237 9.9921E-05 0.00412968 9.9921E-05
9.99386E-05 9.99386E-05 0.173683 9.99386E-05 0.154509 0.27002 0.0332019 9.99386E-05 0.046853 9.99386E-05 0.21465 9.99386E-05 0.106384 9.99386E-05
9.994E-05 9.994E-05 0.361997 0.0323206 9.994E-05 0.152216 9.994E-05 0.0288508 0.0709626 0.0809033 0.214257 0.0578932 9.994E-05 9.994E-05
9.99298E-05 9.99298E-05 0.284048 9.99298E-05 9.99298E-05 0.259992 9.99298E-05 9.99298E-05 9.99298E-05 9.99298E-05 0.186719 0.116399 0.142469 0.00957323
9.99385E-05 9.99385E-05 0.0589717 0.183817 0.0357586 0.000603172 9.99385E-05 0.24268 9.99385E-05 9.99385E-05 0.232073 9.99385E-05 0.245396 9.99385E-05
9.99034E-05 9.99034E-05 9.99034E-05 9.99034E-05 9.99034E-05 9.99034E-05 9.99034E-05 0.137419 9.99034E-05 9.99034E-05 0.840512 9.99034E-05 9.99034E-05 0.0209694
0.0144824 9.9921E-05 0.119624 9.9921E-05 9.9921E-05 9.9921E-05 9.9921E-05 0.182212 9.9921E-05 0.173008 0.509775 9.9921E-05 9.9921E-05 9.9921E-05
9.99035E-05 9.99035E-05 9.99035E-05 9.99035E-05 9.99035E-05 0.0949183 9.99035E-05 9.99035E-05 9.99035E-05 9.99035E-05 0.888895 9.99035E-05 0.0150873 9.99035E-05
9.99122E-05 9.99122E-05 0.184359 9.99122E-05 9.99122E-05 9.99122E-05 0.00738289 0.08478 9.99122E-05 9.99122E-05 0.722479 9.99122E-05 9.99122E-05 9.99122E-05
9.99298E-05 0.0253078 9.99298E-05 9.99298E-05 0.156443 9.99298E-05 9.99298E-05 0.0597957 9.99298E-05 0.105241 0.643361 0.00905184 9.99298E-05 9.99298E-05
9.99298E-05 9.99298E-05 0.174747 0.0424426 0.183085 9.99298E-05 9.99298E-05 0.144579 9.99298E-05 9.99298E-05 0.319259 9.99298E-05 0.135088 9.99298E-05
9.99561E-05 9.99561E-05 0.151106 9.99561E-05 0.0448357 0.0346939 0.0556306 0.118803 9.99561E-05 9.99561E-05 0.228878 0.150154 0.192435 0.0229645
9.99386E-05 0.125087 9.99386E-05 9.99386E-05 9.99386E-05 0.107074 9.99386E-05 0.0186528 0.141889 0.00658179 0.576948 0.0230692 9.99386E-05 9.99386E-05
0.190066 9.99386E-05 0.352669 0.050247 9.99386E-05 9.99386E-05 9.99386E-05 0.112411 9.99386E-05 9.99386E-05 0.118408 9.99386E-05 0.0236986 0.151799
9.99385E-05 9.99385E-05 0.192357 9.99385E-05 9.99385E-05 0.0637779 0.0185925 0.219936 9.99385E-05 9.99385E-05 0.332719 9.99385E-05 0.169551 0.00236779
9.99122E-05 9.99122E-05 9.99122E-05 9.99122E-05 9.99122E-05 9.99122E-05 0.0645119 0.0192213 9.99122E-05 9.99122E-05 0.911506 9.99122E-05 0.0037618 9.99122E-05
0.02506 9.99473E-05 9.99473E-05 0.0257541 0.00293721 0.245043 9.99473E-05 0.0632978 9.99473E-05 0.0774958 0.457505 9.99473E-05 0.102307 9.99473E-05
9.99298E-05 9.99298E-05 0.323457 9.99298E-05 0.0340857 0.290908 9.99298E-05 9.99298E-05 9.99298E-05 0.0388588 0.18466 9.99298E-05 0.127231 9.99298E-05
0.00485397 9.99298E-05 0.10064 9.99298E-05 0.024633 9.99298E-05 9.99298E-05 0.128532 9.99298E-05 0.0619527 0.678588 9.99298E-05 9.99298E-05 9.99298E-05
9.99122E-05 9.99122E-05 0.317482 0.117618 9.99122E-05 9.99122E-05 9.99122E-05 0.239607 9.99122E-05 9.99122E-05 0.324294 9.99122E-05 9.99122E-05 9.99122E-05
9.99473E-05 9.99473E-05 0.0434612 0.00401115 0.161409 9.99473E-05 0.167551 0.267596 9.99473E-05 0.0190866 0.271881 9.99473E-05 0.0644045 9.99473E-05
9.9921E-05 9.9921E-05 9.9921E-05 9.9921E-05 0.118118 0.0986185 9.9921E-05 0.0741159 9.9921E-05 9.9921E-05 0.682538 9.9921E-05 0.0257104 9.9921E-05
9.99209E-05 9.99209E-05 0.438398 9.99209E-05 0.345634 9.99209E-05 9.99209E-05 0.0924022 9.99209E-05 9.99209E-05 9.99209E-05 0.00929566 9.99209E-05 0.11337
9.9921E-05 9.9921E-05 0.0609689 0.0174266 9.9921E-05 0.0766115 9.9921E-05 0.0746299 9.9921E-05 9.9921E-05 0.769464 9.9921E-05 9.9921E-05 9.9921E-05
9.9921E-05 9.9921E-05 0.154804 9.9921E-05 0.0389267 9.9921E-05 0.030798 0.187387 9.9921E-05 9.9921E-05 0.587185 9.9921E-05 9.9921E-05 9.9921E-05
9.99122E-05 9.99122E-05 9.99122E-05 9.99122E-05 0.0458385 9.99122E-05 9.99122E-05 0.0869405 9.99122E-05 9.99122E-05 0.811443 9.99122E-05 0.0547787 9.99122E-05
9.99297E-05 9.99297E-05 0.14726 9.99297E-05 9.99297E-05 9.99297E-05 0.102589 0.0985485 9.99297E-05 0.0428081 0.59078 9.99297E-05 0.0172147 9.99297E-05
9.99298E-05 9.99298E-05 0.0692976 9.99298E-05 0.238863 0.0432404 9.99298E-05 0.0617966 9.99298E-05 0.0415779 0.544425 9.99298E-05 9.99298E-05 9.99298E-05
9.99297E-05 9.99297E-05 0.17654 9.99297E-05 0.101395 9.99297E-05 9.99297E-05 0.124585 9.99297E-05 0.0966139 0.486254 0.0138132 9.99297E-05 9.99297E-05
9.99211E-05 9.99211E-05 0.147766 9.99211E-05 0.215118 9.99211E-05 9.99211E-05 0.136458 9.99211E-05 9.99211E-05 0.424588 0.0751699 9.99211E-05 9.99211E-05
9.99211E-05 9.99211E-05 9.99211E-05 9.99211E-05 9.99211E-05 9.99211E-05 0.0948937 0.0164982 9.99211E-05 0.0416913 0.794746 9.99211E-05 0.0512711 9.99211E-05
0.00397967 9.99561E-05 0.120533 0.0695973 9.99561E-05 0.0105433 9.99561E-05 0.0376798 0.00951664 0.025521 0.69139 9.99561E-05 0.0307393 9.99561E-05
9.99123E-05 9.99123E-05 9.99123E-05 9.99123E-05 9.99123E-05 9.99123E-05 9.99123E-05 9.99123E-05 9.99123E-05 0.0551838 0.784504 0.129972 9.99123E-05 0.029341
9.99386E-05 0.00487354 9.99386E-05 9.99386E-05 0.134698 9.99386E-05 0.0363858 0.0638261 0.00923964 9.99386E-05 0.510695 9.99386E-05 0.239582 9.99386E-05
9.99386E-05 9.99386E-05 9.99386E-05 9.99386E-05 0.166559 0.0193782 0.0112312 0.154772 0.0640879 0.0348262 0.548446 9.99386E-05 9.99386E-05 9.99386E-05
9.99122E-05 9.99122E-05 9.99122E-05 9.99122E-05 0.248855 9.99122E-05 9.99122E-05 0.151481 9.99122E-05 9.99122E-05 0.445472 0.153193 9.99122E-05 9.99122E-05
9.9921E-05 9.9921E-05 9.9921E-05 9.9921E-05 9.9921E-05 0.0582812 9.9921E-05 0.0495817 9.9921E-05 0.0421812 0.799103 9.9921E-05 0.0499541 9.9921E-05
9.99124E-05 9.99124E-05 0.332265 0.0149591 9.99124E-05 9.99124E-05 9.99124E-05 0.0907455 9.99124E-05 9.99124E-05 0.561031 9.99124E-05 9.99124E-05 9.99124E-05
9.99298E-05 0.0191675 0.108779 9.99298E-05 9.99298E-05 0.093989 0.00925274 9.99298E-05 0.0488993 9.99298E-05 0.719113 9.99298E-05 9.99298E-05 9.99298E-05
9.99298E-05 9.99298E-05 0.264438 0.0582406 9.99298E-05 9.99298E-05 9.99298E-05 0.212705 0.0272512 9.99298E-05 0.389334 9.99298E-05 0.0472318 9.99298E-05
9.99122E-05 9.99122E-05 0.311526 9.99122E-05 9.99122E-05 0.228727 9.99122E-05 0.210618 9.99122E-05 9.99122E-05 0.24813 9.99122E-05 9.99122E-05 9.99122E-05
0.0725616 9.99209E-05 0.0419528 9.99209E-05 9.99209E-05 0.050364 9.99209E-05 0.063352 9.99209E-05 9.99209E-05 0.77087 9.99209E-05 9.99209E-05 9.99209E-05
0.0261085 9.99298E-05 9.99298E-05 9.99298E-05 9.99298E-05 9.99298E-05 9.99298E-05 0.0950744 9.99298E-05 0.0653521 0.725936 9.99298E-05 0.0131445 0.0735853
9.99034E-05 9.99034E-05 9.99034E-05 9.99034E-05 9.99034E-05 9.99034E-05 9.99034E-05 0.0291661 9.99034E-05 9.99034E-05 0.968842 0.000892742 9.99034E-05 9.99034E-05
9.9921E-05 9.9921E-05 0.105131 9.9921E-05 9.9921E-05 0.0491425 9.9921E-05 0.172917 9.9921E-05 0.0625037 0.609407 9.9921E-05 9.9921E-05 9.9921E-05
0.0676625 9.99387E-05 9.99387E-05 9.99387E-05 9.99387E-05 0.0150636 9.99387E-05 0.0151205 0.0417632 0.00363868 0.702334 0.153718 9.99387E-05 9.99387E-05
9.99473E-05 9.99473E-05 0.0542304 9.99473E-05 0.20695 0.0162751 0.0675183 0.212381 9.99473E-05 0.106166 0.291791 9.99473E-05 0.0440889 9.99473E-05
9.99297E-05 9.99297E-05 0.172597 0.0627832 9.99297E-05 0.172984 9.99297E-05 9.99297E-05 9.99297E-05 9.99297E-05 0.567054 0.0147459 0.00903733 9.99297E-05
9.99211E-05 9.99211E-05 9.99211E-05 0.00206891 0.0446775 9.99211E-05 9.99211E-05 9.99211E-05 0.0319656 9.99211E-05 0.826501 9.99211E-05 9.99211E-05 0.0938873
9.99298E-05 9.99298E-05 9.99298E-05 9.99298E-05 0.0185366 9.99298E-05 0.0489957 0.0474772 9.99298E-05 9.99298E-05 0.611482 0.254292 9.99298E-05 0.0184174
9.99124E-05 9.99124E-05 9.99124E-05 0.0852892 9.99124E-05 0.0378764 9.99124E-05 0.150319 9.99124E-05 9.99124E-05 0.725516 9.99124E-05 9.99124E-05 9.99124E-05
9.99123E-05 9.99123E-05 9.99123E-05 9.99123E-05 0.119161 9.99123E-05 0.176965 9.99123E-05 9.99123E-05 9.99123E-05 0.702321 0.000554172 9.99123E-05 9.99123E-05
9.99298E-05 9.99298E-05 9.99298E-05 9.99298E-05 9.99298E-05 0.100381 9.99298E-05 0.0363738 0.0441795 0.0209067 0.717777 9.99298E-05 9.99298E-05 0.0795832
9.99123E-05 9.99123E-05 9.99123E-05 9.99123E-05 9.99123E-05 0.082974 9.99123E-05 0.042026 9.99123E-05 0.109712 0.764289 9.99123E-05 9.99123E-05 9.99123E-05
9.99298E-05 9.99298E-05 9.99298E-05 9.99298E-05 9.99298E-05 0.0262179 9.99298E-05 0.046919 0.00428125 0.0338945 0.880888 9.99298E-05 0.00700017 9.99298E-05
9.99386E-05 9.99386E-05 0.480815 9.99386E-05 0.0856259 9.99386E-05 9.99386E-05 0.203507 0.156775 0.00435065 9.99386E-05 9.99386E-05 0.0120204 0.056207
9.99212E-05 9.99212E-05 0.70197 0.0699252 9.99212E-05 9.99212E-05 9.99212E-05 9.99212E-05 0.156407 9.99212E-05 0.0627332 9.99212E-05 9.99212E-05 0.00806556
9.99561E-05 0.198718 0.426221 0.0261903 9.99561E-05 0.0223049 9.99561E-05 0.00602625 0.127163 9.99561E-05 0.0759236 0.0221474 9.99561E-05 0.0948053
9.99386E-05 9.99386E-05 0.0606469 9.99386E-05 0.219205 9.99386E-05 9.99386E-05 0.0606084 0.337577 0.0133166 9.99386E-05 9.99386E-05 0.2188 0.0891472
9.99297E-05 9.99297E-05 0.551116 9.99297E-05 9.99297E-05 0.117084 9.99297E-05 0.152435 0.0139354 9.99297E-05 9.99297E-05 9.99297E-05 0.0874079 0.0772214
9.99472E-05 9.99472E-05 0.601291 0.00748249 0.106309 9.99472E-05 9.99472E-05 0.237798 0.0239468 0.000981823 9.99472E-05 9.99472E-05 0.00705712 0.0145342
0.026715 9.99385E-05 0.231701 9.99385E-05 9.99385E-05 9.99385E-05 9.99385E-05 0.186056 0.476782 0.0232678 9.99385E-05 9.99385E-05 0.00561549 0.0491638
9.99298E-05 9.99298E-05 0.289183 9.99298E-05 0.156907 9.99298E-05 9.99298E-05 0.130406 0.214022 9.99298E-05 9.99298E-05 9.99298E-05 0.0458991 0.162784
9.99298E-05 0.0443424 0.61789 0.0493109 9.99298E-05 9.99298E-05 9.99298E-05 0.0755393 0.198914 9.99298E-05 9.99298E-05 9.99298E-05 9.99298E-05 0.0132042
9.99474E-05 0.008714 0.65971 9.99474E-05 0.0741817 9.99474E-05 9.99474E-05 0.0173443 0.140814 0.0421721 0.0310968 9.99474E-05 0.0253676 9.99474E-05
0.00355238 9.99385E-05 0.311568 9.99385E-05 9.99385E-05 9.99385E-05 0.00527805 0.379705 9.99385E-05 0.187454 9.99385E-05 9.99385E-05 0.0588767 0.0528663
9.99298E-05 9.99298E-05 0.396488 9.99298E-05 9.99298E-05 0.140163 9.99298E-05 9.99298E-05 0.209325 0.0441251 9.99298E-05 0.176626 0.0324739 9.99298E-05
9.99649E-05 9.99649E-05 0.326903 9.99649E-05 0.137481 0.107167 0.0189766 0.0266974 0.104769 0.106642 9.99649E-05 0.00504037 0.109626 0.0562983
9.99297E-05 9.99297E-05 0.495086 9.99297E-05 0.02107 0.000560416 9.99297E-05 0.239235 0.243117 9.99297E-05 9.99297E-05 0.000131195 9.99297E-05 9.99297E-05
9.99387E-05 9.99387E-05 0.562073 0.034443 0.204439 9.99387E-05 9.99387E-05 9.99387E-05 0.105548 0.0136716 0.0573683 0.0217576 9.99387E-05 9.99387E-05
9.99474E-05 0.0779078 0.571213 9.99474E-05 0.00728988 9.99474E-05 9.99474E-05 0.124985 0.0943607 0.0611865 9.99474E-05 9.99474E-05 0.0293117 0.0331457
9.99385E-05 9.99385E-05 0.466076 9.99385E-05 0.134139 0.083914 9.99385E-05 0.0503375 0.0972264 9.99385E-05 9.99385E-05 0.0413464 9.99385E-05 0.126261
9.9921E-05 9.9921E-05 0.744643 9.9921E-05 0.00380316 9.9921E-05 9.9921E-05 9.9921E-05 9.9921E-05 0.12324 9.9921E-05 9.9921E-05 0.0690055 0.0584091
9.99298E-05 9.99298E-05 0.534984 9.99298E-05 9.99298E-05 9.99298E-05 9.99298E-05 0.153707 0.0435004 9.99298E-05 0.0428552 9.99298E-05 0.0378122 0.186341
9.99473E-05 9.99473E-05 0.354874 9.99473E-05 0.085251 9.99473E-05 0.0893093 0.283766 0.0211139 0.0322355 9.99473E-05 0.0791794 9.99473E-05 0.0536714
9.99299E-05 0.239178 0.51734 9.99299E-05 9.99299E-05 9.99299E-05 9.99299E-05 0.0954302 0.0866634 0.0246839 9.99299E-05 0.0359058 9.99299E-05 9.99299E-05
9.99209E-05 9.99209E-05 0.756594 9.99209E-05 0.0407442 9.99209E-05 9.99209E-05 0.113917 0.0349715 9.99209E-05 9.99209E-05 9.99209E-05 9.99209E-05 0.0528735
9.99298E-05 9.99298E-05 0.432396 9.99298E-05 0.292696 9.99298E-05 9.99298E-05 0.0799114 0.0990719 9.99298E-05 0.0868251 9.99298E-05 9.99298E-05 0.00829985
9.99474E-05 9.99474E-05 0.447717 0.0391794 0.147099 0.11178 9.99474E-05 0.0808524 9.99474E-05 9.99474E-05 0.0165623 9.99474E-05 0.0346844 0.121525
9.99209E-05 9.99209E-05 0.594441 9.99209E-05 0.00934576 9.99209E-05 9.99209E-05 0.144627 9.99209E-05 0.202216 0.0484703 9.99209E-05 9.99209E-05 9.99209E-05
9.99387E-05 0.0650504 0.470453 9.99387E-05 9.99387E-05 9.99387E-05 0.00664516 0.0615288 0.201304 9.99387E-05 0.162122 9.99387E-05 0.0321975 9.99387E-05
9.99211E-05 0.128851 0.735619 0.0718893 9.99211E-05 9.99211E-05 9.99211E-05 9.99211E-05 9.99211E-05 9.99211E-05 0.00450411 9.99211E-05 9.99211E-05 0.0582379
9.99299E-05 0.0659593 0.60748 0.0282333 9.99299E-05 9.99299E-05 0.0249057 0.142876 0.129747 9.99299E-05 9.99299E-05 9.99299E-05 9.99299E-05 9.99299E-05
9.99211E-05 9.99211E-05 0.597399 9.99211E-05 9.99211E-05 9.99211E-05 9.99211E-05 0.125199 9.99211E-05 9.99211E-05 0.091379 9.99211E-05 0.024346 0.160777
9.99299E-05 0.216532 0.305782 9.99299E-05 9.99299E-05 9.99299E-05 9.99299E-05 0.181193 0.160283 9.99299E-05 9.99299E-05 9.99299E-05 0.0863734 0.049037
9.99034E-05 9.99034E-05 9.99034E-05 9.99034E-05 0.763303 9.99034E-05 9.99034E-05 0.11612 9.99034E-05 9.99034E-05 9.99034E-05 9.99034E-05 0.119478 9.99034E-05
9.99122E-05 0.401829 9.99122E-05 9.99122E-05 0.512574 9.99122E-05 9.99122E-05 0.0417702 9.99122E-05 9.99122E-05 9.99122E-05 9.99122E-05 0.0428277 9.99122E-05
9.99122E-05 9.99122E-05 9.99122E-05 9.99122E-05 0.844667 9.99122E-05 9.99122E-05 0.0296442 9.99122E-05 0.0465266 9.99122E-05 9.99122E-05 9.99122E-05 0.0781632
9.99033E-05 9.99033E-05 9.99033E-05 9.99033E-05 0.825737 9.99033E-05 9.99033E-05 0.126091 9.99033E-05 9.99033E-05 9.99033E-05 9.99033E-05 0.0470729 9.99033E-05
9.99122E-05 9.99122E-05 9.99122E-05 9.99122E-05 0.882858 9.99122E-05 9.99122E-05 9.99122E-05 9.99122E-05 9.99122E-05 9.99122E-05 0.00816094 0.0621823 0.0458
9.99122E-05 9.99122E-05 9.99122E-05 9.99122E-05 0.591693 9.99122E-05 9.99122E-05 0.249636 0.065025 9.99122E-05 9.99122E-05 9.99122E-05 0.0926464 9.99122E-05
9.9921E-05 9.9921E-05 9.9921E-05 9.9921E-05 0.77372 9.9921E-05 9.9921E-05 0.0837067 9.9921E-05 0.0199422 9.9921E-05 9.9921E-05 0.093462 0.0282696
9.99034E-05 9.99034E-05 9.99034E-05 9.99034E-05 0.737659 9.99034E-05 9.99034E-05 0.0685155 9.99034E-05 9.99034E-05 9.99034E-05 9.99034E-05 0.192727 9.99034E-05
9.99297E-05 9.99297E-05 0.00476138 9.99297E-05 0.438653 9.99297E-05 9.99297E-05 0.00889387 0.219128 0.0331628 9.99297E-05 9.99297E-05 0.294602 9.99297E-05
9.99034E-05 9.99034E-05 9.99034E-05 9.99034E-05 0.518866 9.99034E-05 9.99034E-05 0.261568 9.99034E-05 9.99034E-05 9.99034E-05 9.99034E-05 0.218467 9.99034E-05
9.99035E-05 0.166619 9.99035E-05 9.99035E-05 0.637625 9.99035E-05 9.99035E-05 9.99035E-05 0.194658 9.99035E-05 9.99035E-05 9.99035E-05 9.99035E-05 9.99035E-05
0.0494522 0.0315942 9.99298E-05 9.99298E-05 0.786768 9.99298E-05 9.99298E-05 9.99298E-05 0.0940383 0.0240101 0.0133377 9.99298E-05 9.99298E-05 9.99298E-05
9.98948E-05 9.98948E-05 9.98948E-05 9.98948E-05 0.980765 9.98948E-05 9.98948E-05 9.98948E-05 9.98948E-05 9.98948E-05 9.98948E-05 9.98948E-05 0.0180363 9.98948E-05
9.99211E-05 0.0218062 9.99211E-05 9.99211E-05 0.600825 9.99211E-05 9.99211E-05 0.268782 0.0148432 9.99211E-05 9.99211E-05 9.99211E-05 0.0928444 9.99211E-05
0.0183281 0.0198956 9.99474E-05 9.99474E-05 0.650215 9.99474E-05 9.99474E-05 0.0433367 9.99474E-05 0.0299473 9.99474E-05 0.0312136 0.0474362 0.159028
0.0177862 9.99297E-05 9.99297E-05 9.99297E-05 0.632641 9.99297E-05 9.99297E-05 0.184233 0.0919018 0.0434361 9.99297E-05 9.99297E-05 0.0292031 9.99297E-05
0.0281339 9.9921E-05 9.9921E-05 9.9921E-05 0.638082 9.9921E-05 9.9921E-05 0.124295 0.173768 9.9921E-05 9.9921E-05 9.9921E-05 0.0348223 9.9921E-05
9.99212E-05 9.99212E-05 0.0518051 9.99212E-05 0.703112 9.99212E-05 9.99212E-05 9.99212E-05 9.99212E-05 0.0357067 9.99212E-05 0.0589845 0.149493 9.99212E-05
9.99035E-05 9.99035E-05 9.99035E-05 9.99035E-05 0.949008 9.99035E-05 9.99035E-05 9.99035E-05 0.0214161 0.0284766 9.99035E-05 9.99035E-05 9.99035E-05 9.99035E-05
0.106343 0.163861 9.99298E-05 9.99298E-05 0.504019 9.99298E-05 9.99298E-05 0.112175 9.99298E-05 0.0142532 9.99298E-05 9.99298E-05 0.0985493 9.99298E-05
0.00319852 9.9921E-05 9.9921E-05 9.9921E-05 0.727969 9.9921E-05 9.9921E-05 0.100924 0.141444 9.9921E-05 9.9921E-05 9.9921E-05 0.0255649 9.9921E-05
9.99122E-05 9.99122E-05 9.99122E-05 9.99122E-05 0.908514 9.99122E-05 9.99122E-05 0.05509 9.99122E-05 0.0133511 9.99122E-05 9.99122E-05 9.99122E-05 0.022046
0.0617476 9.9921E-05 9.9921E-05 9.9921E-05 0.4374 9.9921E-05 9.9921E-05 0.208868 0.0622351 9.9921E-05 9.9921E-05 9.9921E-05 0.22885 9.9921E-05
0.0204027 0.129486 9.9921E-05 0.0396826 0.659841 9.9921E-05 9.9921E-05 9.9921E-05 9.9921E-05 9.9921E-05 9.9921E-05 9.9921E-05 0.149689 9.9921E-05
0.063933 9.99209E-05 9.99209E-05 9.99209E-05 0.459211 9.99209E-05 9.99209E-05 0.215902 0.0843959 9.99209E-05 9.99209E-05 9.99209E-05 0.175659 9.99209E-05
9.99298E-05 0.186516 0.0315405 9.99298E-05 0.402731 9.99298E-05 9.99298E-05 0.160889 0.0733949 9.99298E-05 9.99298E-05 9.99298E-05 0.144129 9.99298E-05
9.9921E-05 0.575184 9.9921E-05 0.101684 0.204525 9.9921E-05 0.0671236 0.050584 9.9921E-05 9.9921E-05 9.9921E-05 9.9921E-05 9.9921E-05 9.9921E-05
0.0404482 9.9912E-05 9.9912E-05 9.9912E-05 0.816813 9.9912E-05 9.9912E-05 0.103002 9.9912E-05 9.9912E-05 9.9912E-05 9.9912E-05 0.0387377 9.9912E-05
9.99123E-05 9.99123E-05 9.99123E-05 9.99123E-05 0.547506 9.99123E-05 9.99123E-05 0.167319 0.0363868 9.99123E-05 9.99123E-05 9.99123E-05 0.24779 9.99123E-05
0.0794548 0.0355727 9.99211E-05 9.99211E-05 0.717751 9.99211E-05 9.99211E-05 0.122969 9.99211E-05 0.0433526 9.99211E-05 9.99211E-05 9.99211E-05 9.99211E-05
9.99123E-05 9.99123E-05 9.99123E-05 9.99123E-05 0.756685 9.99123E-05 9.99123E-05 0.193462 9.99123E-05 0.0198238 9.99123E-05 9.99123E-05 0.0290301 9.99123E-05
0.140148 9.99035E-05 9.99035E-05 9.99035E-05 0.794773 9.99035E-05 9.99035E-05 0.0639808 9.99035E-05 9.99035E-05 9.99035E-05 9.99035E-05 9.99035E-05 9.99035E-05
0.188074 9.99121E-05 9.99121E-05 9.99121E-05 0.496309 9.99121E-05 9.99121E-05 0.0687779 9.99121E-05 9.99121E-05 9.99121E-05 9.99121E-05 0.24584 9.99121E-05
9.99122E-05 9.99122E-05 0.0093173 9.99122E-05 0.878178 9.99122E-05 9.99122E-05 0.0700965 9.99122E-05 9.99122E-05 9.99122E-05 9.99122E-05 0.0414093 9.99122E-05
9.99035E-05 9.99035E-05 9.99035E-05 9.99035E-05 0.930001 9.99035E-05 9.99035E-05 0.0670772 9.99035E-05 9.99035E-05 9.99035E-05 9.99035E-05 0.00182329 9.99035E-05
9.9921E-05 0.0126656 9.9921E-05 9.9921E-05 0.802284 9.9921E-05 9.9921E-05 9.9921E-05 0.0179132 9.9921E-05 9.9921E-05 0.0643975 0.10184 9.9921E-05
9.99209E-05 9.99209E-05 9.99209E-05 9.99209E-05 0.62781 9.99209E-05 9.99209E-05 0.230136 9.99209E-05 0.0312796 9.99209E-05 9.99209E-05 0.0569463 0.052929
9.99033E-05 0.546329 9.99033E-05 9.99033E-05 0.361594 9.99033E-05 9.99033E-05 9.99033E-05 9.99033E-05 9.99033E-05 9.99033E-05 9.99033E-05 0.0909787 9.99033E-05
0.00834135 0.131466 9.99386E-05 9.99386E-05 0.670472 9.99386E-05 9.99386E-05 0.121546 9.99386E-05 0.0175691 9.99386E-05 9.99386E-05 0.0410978 0.00880787
9.99036E-05 0.20412 9.99036E-05 9.99036E-05 0.790692 9.99036E-05 9.99036E-05 9.99036E-05 9.99036E-05 0.00408901 9.99036E-05 9.99036E-05 9.99036E-05 9.99036E-05
0.0635126 0.428923 9.9921E-05 9.9921E-05 0.397945 9.9921E-05 9.9921E-05 9.9921E-05 0.0599684 9.9921E-05 9.9921E-05 9.9921E-05 0.0487521 9.9921E-05
9.99121E-05 9.99121E-05 9.99121E-05 9.99121E-05 0.526398 9.99121E-05 9.99121E-05 0.278837 0.125204 9.99121E-05 9.99121E-05 9.99121E-05 0.0685616 9.99121E-05
9.99211E-05 9.99211E-05 0.021426 9.99211E-05 0.835535 0.0110966 0.00626981 9.99211E-05 9.99211E-05 9.99211E-05 9.99211E-05 9.99211E-05 0.124774 9.99211E-05
0.0574719 0.504126 9.9921E-05 9.9921E-05 0.214915 9.9921E-05 9.9921E-05 0.137593 9.9921E-05 9.9921E-05 9.9921E-05 9.9921E-05 0.0849949 9.9921E-05
9.99035E-05 0.42719 9.99035E-05 9.99035E-05 0.51174 9.99035E-05 9.99035E-05 0.0599709 9.99035E-05 9.99035E-05 9.99035E-05 9.99035E-05 9.99035E-05 9.99035E-05
0.0873611 9.99209E-05 9.99209E-05 9.99209E-05 0.487646 9.99209E-05 9.99209E-05 9.99209E-05 0.0874174 9.99209E-05 9.99209E-05 9.99209E-05 0.292501 0.0441758
9.99298E-05 0.0348218 0.0128643 9.99298E-05 0.685056 9.99298E-05 9.99298E-05 0.109884 9.99298E-05 0.0204539 9.99298E-05 9.99298E-05 0.136121 9.99298E-05
9.99299E-05 9.99299E-05 9.99299E-05 0.0800493 0.564001 9.99299E-05 9.99299E-05 0.046142 0.167906 9.99299E-05 9.99299E-05 0.00196579 0.139136 9.99299E-05
9.99122E-05 9.99122E-05 0.0612248 9.99122E-05 0.451286 9.99122E-05 9.99122E-05 0.213438 9.99122E-05 9.99122E-05 9.99122E-05 9.99122E-05 0.273052 9.99122E-05
9.98947E-05 0.380987 9.98947E-05 9.98947E-05 0.617815 9.98947E-05 9.98947E-05 9.98947E-05 9.98947E-05 9.98947E-05 9.98947E-05 9.98947E-05 9.98947E-05 9.98947E-05
9.99209E-05 9.99209E-05 9.99209E-05 9.99209E-05 0.78085 0.0287434 0.0366587 0.137039 9.99209E-05 9.99209E-05 9.99209E-05 0.01581 9.99209E-05 9.99209E-05
9.99122E-05 0.500235 9.99122E-05 9.99122E-05 0.366997 9.99122E-05 0.0266287 9.99122E-05 9.99122E-05 9.99122E-05 9.99122E-05 9.99122E-05 0.10514 9.99122E-05
9.99211E-05 0.0975636 9.99211E-05 9.99211E-05 0.698089 9.99211E-05 9.99211E-05 0.0787952 9.99211E-05 0.0258142 9.99211E-05 9.99211E-05 0.0988383 9.99211E-05
9.99034E-05 9.99034E-05 9.99034E-05 9.99034E-05 0.91669 9.99034E-05 9.99034E-05 9.99034E-05 0.00988709 9.99034E-05 9.99034E-05 9.99034E-05 0.0723236 9.99034E-05
9.99033E-05 9.99033E-05 9.99033E-05 9.99033E-05 0.962293 9.99033E-05 9.99033E-05 9.99033E-05 9.99033E-05 0.00444868 9.99033E-05 9.99033E-05 9.99033E-05 0.0321589
9.99121E-05 9.99121E-05 9.99121E-05 9.99121E-05 0.518455 9.99121E-05 9.99121E-05 0.270348 0.0807731 9.99121E-05 9.99121E-05 9.99121E-05 0.129425 9.99121E-05
9.99034E-05 9.99034E-05 9.99034E-05 9.99034E-05 0.776783 9.99034E-05 9.99034E-05 0.0635682 9.99034E-05 9.99034E-05 9.99034E-05 9.99034E-05 0.15855 9.99034E-05
9.99034E-05 9.99034E-05 9.99034E-05 9.99034E-05 0.901365 9.99034E-05 9.99034E-05 9.99034E-05 9.99034E-05 0.00750644 9.99034E-05 9.99034E-05 0.09003 9.99034E-05
0.105717 0.00813855 9.99122E-05 9.99122E-05 0.852047 9.99122E-05 9.99122E-05 0.0330978 9.99122E-05 9.99122E-05 9.99122E-05 9.99122E-05 9.99122E-05 9.99122E-05
9.9921E-05 0.1177 9.9921E-05 9.9921E-05 0.607362 9.9921E-05 9.9921E-05 0.084266 0.0255463 9.9921E-05 9.9921E-05 9.9921E-05 0.164226 9.9921E-05
9.98857E-05 9.98857E-05 9.98857E-05 9.98857E-05 9.98857E-05 9.98857E-05 9.98857E-05 0.998701 9.98857E-05 9.98857E-05 9.98857E-05 9.98857E-05 9.98857E-05 9.98857E-05
9.98856E-05 9.98856E-05 9.98856E-05 9.98856E-05 9.98856E-05 9.98856E-05 9.98856E-05 9.98856E-05 9.98856E-05 9.98856E-05 9.98856E-05 9.98856E-05 0.998701 9.98856E-05
9.98857E-05 9.98857E-05 9.98857E-05 9.98857E-05 9.98857E-05 9.98857E-05 9.98857E-05 0.998701 9.98857E-05 9.98857E-05 9.98857E-05 9.98857E-05 9.98857E-05 9.98857E-05
9.98858E-05 9.98858E-05 9.98858E-05 9.98858E-05 9.98858E-05 9.98858E-05 9.98858E-05 9.98858E-05 9.98858E-05 9.98858E-05 9.98858E-05 9.98858E-05 0.998701 9.98858E-05
9.98857E-05 9.98857E-05 9.98857E-05 9.98857E-05 9.98857E-05 9.98857E-05 9.98857E-05 9.98857E-05 9.98857E-05 9.98857E-05 9.98857E-05 9.98857E-05 0.998701 9.98857E-05
9.98856E-05 9.98856E-05 9.98856E-05 9.98856E-05 9.98856E-05 9.98856E-05 9.98856E-05 9.98856E-05 9.98856E-05 9.98856E-05 9.98856E-05 9.98856E-05 0.998701 9.98856E-05
9.98857E-05 9.98857E-05 9.98857E-05 9.98857E-05 9.98857E-05 9.98857E-05 9.98857E-05 0.998701 9.98857E-05 9.98857E-05 9.98857E-05 9.98857E-05 9.98857E-05 9.98857E-05
9.98856E-05 9.98856E-05 9.98856E-05 9.98856E-05 9.98856E-05 9.98856E-05 9.98856E-05 9.98856E-05 9.98856E-05 9.98856E-05 9.98856E-05 9.98856E-05 0.998701 9.98856E-05
9.98856E-05 9.98856E-05 9.98856E-05 9.98856E-05 9.98856E-05 9.98856E-05 9.98856E-05 9.98856E-05 9.98856E-05 9.98856E-05 9.98856E-05 9.98856E-05 0.998701 9.98856E-05
9.98857E-05 9.98857E-05 9.98857E-05 9.98857E-05 9.98857E-05 9.98857E-05 9.98857E-05 0.998701 9.98857E-05 9.98857E-05 9.98857E-05 9.98857E-05 9.98857E-05 9.98857E-05
9.98856E-05 9.98856E-05 9.98856E-05 9.98856E-05 9.98856E-05 9.98856E-05 9.98856E-05 0.998701 9.98856E-05 9.98856E-05 9.98856E-05 9.98856E-05 9.98856E-05 9.98856E-05
9.98856E-05 9.98856E-05 9.98856E-05 9.98856E-05 9.98856E-05 9.98856E-05 9.98856E-05 0.998701 9.98856E-05 9.98856E-05 9.98856E-05 9.98856E-05 9.98856E-05 9.98856E-05
9.98856E-05 9.98856E-05 9.98856E-05 9.98856E-05 9.98856E-05 9.98856E-05 9.98856E-05 9.98856E-05 9.98856E-05 9.98856E-05 9.98856E-05 9.98856E-05 0.998701 9.98856E-05
9.98857E-05 9.98857E-05 9.98857E-05 9.98857E-05 9.98857E-05 9.98857E-05 9.98857E-05 9.98857E-05 9.98857E-05 9.98857E-05 9.98857E-05 9.98857E-05 0.998701 9.98857E-05
9.98857E-05 9.98857E-05 9.98857E-05 9.98857E-05 9.98857E-05 9.98857E-05 9.98857E-05 0.998701 9.98857E-05 9.98857E-05 9.98857E-05 9.98857E-05 9.98857E-05 9.98857E-05
9.98856E-05 9.98856E-05 9.98856E-05 9.98856E-05 9.98856E-05 9.98856E-05 9.98856E-05 0.998701 9.98856E-05 9.98856E-05 9.98856E-05 9.98856E-05 9.98856E-05 9.98856E-05
9.99472E-05 9.99472E-05 9.99472E-05 0.00604394 0.646741 9.99472E-05 0.105205 0.0726124 0.00213116 9.99472E-05 9.99472E-05 0.0727286 0.0783674 0.0155705
9.98857E-05 9.98857E-05 9.98857E-05 9.98857E-05 9.98857E-05 9.98857E-05 9.98857E-05 0.998701 9.98857E-05 9.98857E-05 9.98857E-05 9.98857E-05 9.98857E-05 9.98857E-05
9.98857E-05 9.98857E-05 9.98857E-05 9.98857E-05 9.98857E-05 9.98857E-05 9.98857E-05 9.98857E-05 9.98857E-05 9.98857E-05 9.98857E-05 9.98857E-05 0.998701 9.98857E-05
9.98856E-05 9.98856E-05 9.98856E-05 9.98856E-05 9.98856E-05 9.98856E-05 9.98856E-05 0.998701 9.98856E-05 9.98856E-05 9.98856E-05 9.98856E-05 9.98856E-05 9.98856E-05
9.98856E-05 9.98856E-05 9.98856E-05 9.98856E-05 9.98856E-05 9.98856E-05 9.98856E-05 0.998701 9.98856E-05 9.98856E-05 9.98856E-05 9.98856E-05 9.98856E-05 9.98856E-05
9.98857E-05 9.98857E-05 9.98857E-05 9.98857E-05 9.98857E-05 9.98857E-05 9.98857E-05 0.998701 9.98857E-05 9.98857E-05 9.98857E-05 9.98857E-05 9.98857E-05 9.98857E-05
9.98857E-05 9.98857E-05 9.98857E-05 9.98857E-05 9.98857E-05 9.98857E-05 9.98857E-05 9.98857E-05 9.98857E-05 9.98857E-05 9.98857E-05 9.98857E-05 0.998701 9.98857E-05
9.98857E-05 9.98857E-05 9.98857E-05 9.98857E-05 9.98857E-05 9.98857E-05 9.98857E-05 0.998701 9.98857E-05 9.98857E-05 9.98857E-05 9.98857E-05 9.98857E-05 9.98857E-05
9.98856E-05 9.98856E-05 9.98856E-05 9.98856E-05 9.98856E-05 9.98856E-05 9.98856E-05 9.98856E-05 9.98856E-05 9.98856E-05 9.98856E-05 9.98856E-05 0.998701 9.98856E-05
9.98857E-05 9.98857E-05 9.98857E-05 9.98857E-05 9.98857E-05 9.98857E-05 9.98857E-05 0.998701 9.98857E-05 9.98857E-05 9.98857E-05 9.98857E-05 9.98857E-05 9.98857E-05
9.98856E-05 9.98856E-05 9.98856E-05 9.98856E-05 9.98856E-05 9.98856E-05 9.98856E-05 0.998701 9.98856E-05 9.98856E-05 9.98856E-05 9.98856E-05 9.98856E-05 9.98856E-05
9.98856E-05 9.98856E-05 9.98856E-05 9.98856E-05 9.98856E-05 9.98856E-05 9.98856E-05 9.98856E-05 9.98856E-05 9.98856E-05 9.98856E-05 9.98856E-05 0.998701 9.98856E-05
9.98857E-05 9.98857E-05 9.98857E-05 9.98857E-05 9.98857E-05 9.98857E-05 9.98857E-05 9.98857E-05 9.98857E-05 9.98857E-05 9.98857E-05 9.98857E-05 0.998701 9.98857E-05
9.98857E-05 9.98857E-05 9.98857E-05 9.98857E-05 9.98857E-05 9.98857E-05 9.98857E-05 9.98857E-05 9.98857E-05 9.98857E-05 9.98857E-05 9.98857E-05 0.998701 9.98857E-05
9.98856E-05 9.98856E-05 9.98856E-05 9.98856E-05 9.98856E-05 9.98856E-05 9.98856E-05 0.998701 9.98856E-05 9.98856E-05 9.98856E-05 9.98856E-05 9.98856E-05 9.98856E-05
9.98857E-05 9.98857E-05 9.98857E-05 9.98857E-05 9.98857E-05 9.98857E-05 9.98857E-05 0.998701 9.98857E-05 9.98857E-05 9.98857E-05 9.98857E-05 9.98857E-05 9.98857E-05
9.98857E-05 9.98857E-05 9.98857E-05 9.98857E-05 9.98857E-05 9.98857E-05 9.98857E-05 0.998701 9.98857E-05 9.98857E-05 9.98857E-05 9.98857E-05 9.98857E-05 9.98857E-05
9.98856E-05 9.98856E-05 9.98856E-05 9.98856E-05 9.98856E-05 9.98856E-05 9.98856E-05 0.998701 9.98856E-05 9.98856E-05 9.98856E-05 9.98856E-05 9.98856E-05 9.98856E-05
9.98857E-05 9.98857E-05 9.98857E-05 9.98857E-05 9.98857E-05 9.98857E-05 9.98857E-05 0.998701 9.98857E-05 9.98857E-05 9.98857E-05 9.98857E-05 9.98857E-05 9.98857E-05
9.98856E-05 9.98856E-05 9.98856E-05 9.98856E-05 9.98856E-05 9.98856E-05 9.98856E-05 9.98856E-05 9.98856E-05 9.98856E-05 9.98856E-05 9.98856E-05 0.998701 9.98856E-05
9.98856E-05 9.98856E-05 9.98856E-05 9.98856E-05 9.98856E-05 9.98856E-05 9.98856E-05 9.98856E-05 9.98856E-05 9.98856E-05 9.98856E-05 9.98856E-05 0.998701 9.98856E-05
9.98856E-05 9.98856E-05 9.98856E-05 9.98856E-05 9.98856E-05 9.98856E-05 9.98856E-05 9.98856E-05 9.98856E-05 9.98856E-05 9.98856E-05 9.98856E-05 0.998701 9.98856E-05
9.98857E-05 9.98857E-05 9.98857E-05 9.98857E-05 9.98857E-05 9.98857E-05 9.98857E-05 0.998701 9.98857E-05 9.98857E-05 9.98857E-05 9.98857E-05 9.98857E-05 9.98857E-05
9.98857E-05 9.98857E-05 9.98857E-05 9.98857E-05 9.98857E-05 9.98857E-05 9.98857E-05 9.98857E-05 9.98857E-05 9.98857E-05 9.98857E-05 9.98857E-05 0.998701 9.98857E-05
9.98857E-05 9.98857E-05 9.98857E-05 9.98857E-05 9.98857E-05 9.98857E-05 9.98857E-05 9.98857E-05 9.98857E-05 9.98857E-05 9.98857E-05 9.98857E-05 0.998701 9.98857E-05
9.98857E-05 9.98857E-05 9.98857E-05 9.98857E-05 9.98857E-05 9.98857E-05 9.98857E-05 9.98857E-05 9.98857E-05 9.98857E-05 9.98857E-05 9.98857E-05 0.998701 9.98857E-05
9.98856E-05 9.98856E-05 9.98856E-05 9.98856E-05 9.98856E-05 9.98856E-05 9.98856E-05 9.98856E-05 9.98856E-05 9.98856E-05 9.98856E-05 9.98856E-05 0.998701 9.98856E-05
9.98857E-05 9.98857E-05 9.98857E-05 9.98857E-05 9.98857E-05 9.98857E-05 9.98857E-05 0.998701 9.98857E-05 9.98857E-05 9.98857E-05 9.98857E-05 9.98857E-05 9.98857E-05
9.98857E-05 9.98857E-05 9.98857E-05 9.98857E-05 9.98857E-05 9.98857E-05 9.98857E-05 9.98857E-05 9.98857E-05 9.98857E-05 9.98857E-05 9.98857E-05 0.998701 9.98857E-05
9.98856E-05 9.98856E-05 9.98856E-05 9.98856E-05 9.98856E-05 9.98856E-05 9.98856E-05 9.98856E-05 9.98856E-05 9.98856E-05 9.98856E-05 9.98856E-05 0.998701 9.98856E-05
9.99385E-05 9.99385E-05 9.99385E-05 0.122522 0.589713 0.0336222 0.0946865 0.0755456 9.99385E-05 9.99385E-05 9.99385E-05 0.0580287 9.99385E-05 0.0251824
9.98857E-05 9.98857E-05 9.98857E-05 9.98857E-05 9.98857E-05 9.98857E-05 9.98857E-05 0.998701 9.98857E-05 9.98857E-05 9.98857E-05 9.98857E-05 9.98857E-05 9.98857E-05
9.98856E-05 9.98856E-05 9.98856E-05 9.98856E-05 9.98856E-05 9.98856E-05 9.98856E-05 9.98856E-05 9.98856E-05 9.98856E-05 9.98856E-05 9.98856E-05 0.998701 9.98856E-05
9.98856E-05 9.98856E-05 9.98856E-05 9.98856E-05 9.98856E-05 9.98856E-05 9.98856E-05 9.98856E-05 9.98856E-05 9.98856E-05 9.98856E-05 9.98856E-05 0.998701 9.98856E-05
9.98856E-05 9.98856E-05 9.98856E-05 9.98856E-05 9.98856E-05 9.98856E-05 9.98856E-05 9.98856E-05 9.98856E-05 9.98856E-05 9.98856E-05 9.98856E-05 0.998701 9.98856E-05
9.98856E-05 9.98856E-05 9.98856E-05 9.98856E-05 9.98856E-05 9.98856E-05 9.98856E-05 9.98856E-05 9.98856E-05 9.98856E-05 9.98856E-05 9.98856E-05 0.998701 9.98856E-05
9.98857E-05 9.98857E-05 9.98857E-05 9.98857E-05 9.98857E-05 9.98857E-05 9.98857E-05 0.998701 9.98857E-05 9.98857E-05 9.98857E-05 9.98857E-05 9.98857E-05 9.98857E-05
9.98856E-05 9.98856E-05 9.98856E-05 9.98856E-05 9.98856E-05 9.98856E-05 9.98856E-05 9.98856E-05 9.98856E-05 9.98856E-05 9.98856E-05 9.98856E-05 0.998701 9.98856E-05
9.98856E-05 9.98856E-05 9.98856E-05 9.98856E-05 9.98856E-05 9.98856E-05 9.98856E-05 0.998701 9.98856E-05 9.98856E-05 9.98856E-05 9.98856E-05 9.98856E-05 9.98856E-05
9.98856E-05 9.98856E-05 9.98856E-05 9.98856E-05 9.98856E-05 9.98856E-05 9.98856E-05 9.98856E-05 9.98856E-05 9.98856E-05 9.98856E-05 9.98856E-05 0.998701 9.98856E-05
9.99033E-05 9.99033E-05 9.99033E-05 9.99033E-05 9.99033E-05 9.99033E-05 9.99033E-05 0.978465 9.99033E-05 9.99033E-05 9.99033E-05 9.99033E-05 0.0162314 0.00420481
9.98857E-05 9.98857E-05 9.98857E-05 9.98857E-05 9.98857E-05 9.98857E-05 9.98857E-05 9.98857E-05 9.98857E-05 9.98857E-05 9.98857E-05 9.98857E-05 0.998701 9.98857E-05
9.98856E-05 9.98856E-05 9.98856E-05 9.98856E-05 9.98856E-05 9.98856E-05 9.98856E-05 9.98856E-05 9.98856E-05 9.98856E-05 9.98856E-05 9.98856E-05 0.998701 9.98856E-05
9.98857E-05 9.98857E-05 9.98857E-05 9.98857E-05 9.98857E-05 9.98857E-05 9.98857E-05 9.98857E-05 9.98857E-05 9.98857E-05 9.98857E-05 9.98857E-05 0.998701 9.98857E-05
9.98856E-05 9.98856E-05 9.98856E-05 9.98856E-05 9.98856E-05 9.98856E-05 9.98856E-05 9.98856E-05 9.98856E-05 9.98856E-05 9.98856E-05 9.98856E-05 0.998701 9.98856E-05
9.98858E-05 9.98858E-05 9.98858E-05 9.98858E-05 9.98858E-05 9.98858E-05 9.98858E-05 9.98858E-05 9.98858E-05 9.98858E-05 9.98858E-05 9.98858E-05 0.998701 9.98858E-05
9.98857E-05 9.98857E-05 9.98857E-05 9.98857E-05 9.98857E-05 9.98857E-05 9.98857E-05 9.98857E-05 9.98857E-05 9.98857E-05 9.98857E-05 9.98857E-05 0.998701 9.98857E-05
9.98857E-05 9.98857E-05 9.98857E-05 9.98857E-05 9.98857E-05 9.98857E-05 9.98857E-05 0.998701 9.98857E-05 9.98857E-05 9.98857E-05 9.98857E-05 9.98857E-05 9.98857E-05
9.98856E-05 9.98856E-05 9.98856E-05 9.98856E-05 9.98856E-05 9.98856E-05 9.98856E-05 0.998701 9.98856E-05 9.98856E-05 9.98856E-05 9.98856E-05 9.98856E-05 9.98856E-05
9.98857E-05 9.98857E-05 9.98857E-05 9.98857E-05 9.98857E-05 9.98857E-05 9.98857E-05 0.998701 9.98857E-05 9.98857E-05 9.98857E-05 9.98857E-05 9.98857E-05 9.98857E-05
9.98857E-05 9.98857E-05 9.98857E-05 9.98857E-05 9.98857E-05 9.98857E-05 9.98857E-05 9.98857E-05 9.98857E-05 9.98857E-05 9.98857E-05 9.98857E-05 0.998701 9.98857E-05
9.98856E-05 9.98856E-05 9.98856E-05 9.98856E-05 9.98856E-05 9.98856E-05 9.98856E-05 0.998701 9.98856E-05 9.98856E-05 9.98856E-05 9.98856E-05 9.98856E-05 9.98856E-05
9.98857E-05 9.98857E-05 9.98857E-05 9.98857E-05 9.98857E-05 9.98857E-05 9.98857E-05 0.998701 9.98857E-05 9.98857E-05 9.98857E-05 9.98857E-05 9.98857E-05 9.98857E-05
9.98857E-05 9.98857E-05 9.98857E-05 9.98857E-05 9.98857E-05 9.98857E-05 9.98857E-05 0.998701 9.98857E-05 9.98857E-05 9.98857E-05 9.98857E-05 9.98857E-05 9.98857E-05
9.98857E-05 9.98857E-05 9.98857E-05 9.98857E-05 9.98857E-05 9.98857E-05 9.98857E-05 9.98857E-05 9.98857E-05 9.98857E-05 9.98857E-05 9.98857E-05 0.998701 9.98857E-05
9.98857E-05 9.98857E-05 9.98857E-05 9.98857E-05 9.98857E-05 9.98857E-05 9.98857E-05 9.98857E-05 9.98857E-05 9.98857E-05 9.98857E-05 9.98857E-05 0.998701 9.98857E-05
9.98857E-05 9.98857E-05 9.98857E-05 9.98857E-05 9.98857E-05 9.98857E-05 9.98857E-05 9.98857E-05 9.98857E-05 9.98857E-05 9.98857E-05 9.98857E-05 0.998701 9.98857E-05
9.98856E-05 9.98856E-05 9.98856E-05 9.98856E-05 9.98856E-05 9.98856E-05 9.98856E-05 0.998701 9.98856E-05 9.98856E-05 9.98856E-05 9.98856E-05 9.98856E-05 9.98856E-05
9.98857E-05 9.98857E-05 9.98857E-05 9.98857E-05 9.98857E-05 9.98857E-05 9.98857E-05 9.98857E-05 9.98857E-05 9.98857E-05 9.98857E-05 9.98857E-05 0.998701 9.98857E-05
9.98856E-05 9.98856E-05 9.98856E-05 9.98856E-05 9.98856E-05 9.98856E-05 9.98856E-05 9.98856E-05 9.98856E-05 9.98856E-05 9.98856E-05 9.98856E-05 0.998701 9.98856E-05
9.98857E-05 9.98857E-05 9.98857E-05 9.98857E-05 9.98857E-05 9.98857E-05 9.98857E-05 0.998701 9.98857E-05 9.98857E-05 9.98857E-05 9.98857E-05 9.98857E-05 9.98857E-05
9.98856E-05 9.98856E-05 9.98856E-05 9.98856E-05 9.98856E-05 9.98856E-05 9.98856E-05 9.98856E-05 9.98856E-05 9.98856E-05 9.98856E-05 9.98856E-05 0.998701 9.98856E-05
9.98856E-05 9.98856E-05 9.98856E-05 9.98856E-05 9.98856E-05 9.98856E-05 9.98856E-05 9.98856E-05 9.98856E-05 9.98856E-05 9.98856E-05 9.98856E-05 0.998701 9.98856E-05
9.99297E-05 9.99297E-05 9.99297E-05 9.99297E-05 0.443943 9.99297E-05 9.99297E-05 0.266252 0.0235537 0.120471 9.99297E-05 9.99297E-05 0.0604914 0.0844887
9.98856E-05 9.98856E-05 9.98856E-05 9.98856E-05 9.98856E-05 9.98856E-05 9.98856E-05 0.998701 9.98856E-05 9.98856E-05 9.98856E-05 9.98856E-05 9.98856E-05 9.98856E-05
9.98857E-05 9.98857E-05 9.98857E-05 9.98857E-05 9.98857E-05 9.98857E-05 9.98857E-05 9.98857E-05 9.98857E-05 9.98857E-05 9.98857E-05 9.98857E-05 0.998701 9.98857E-05
9.99298E-05 9.99298E-05 9.99298E-05 0.0556857 0.547437 9.99298E-05 9.99298E-05 9.99298E-05 9.99298E-05 0.00993054 9.99298E-05 0.0212259 0.325653 0.0392683
9.99209E-05 9.99209E-05 9.99209E-05 9.99209E-05 0.634578 0.0286816 0.0486753 0.0829497 9.99209E-05 9.99209E-05 9.99209E-05 9.99209E-05 0.204216 9.99209E-05
9.99121E-05 9.99121E-05 9.99121E-05 0.0169613 0.650724 9.99121E-05 9.99121E-05 0.246486 9.99121E-05 9.99121E-05 9.99121E-05 9.99121E-05 0.0848289 9.99121E-05
0.0116149 9.99208E-05 9.99208E-05 9.99208E-05 0.885163 9.99208E-05 9.99208E-05 0.0544828 9.99208E-05 9.99208E-05 9.99208E-05 0.00441776 9.99208E-05 0.0434225
9.99121E-05 9.99121E-05 9.99121E-05 9.99121E-05 0.559544 9.99121E-05 9.99121E-05 0.203501 0.020716 9.99121E-05 9.99121E-05 9.99121E-05 0.215239 9.99121E-05
9.99036E-05 0.349485 9.99036E-05 9.99036E-05 0.539746 9.99036E-05 9.99036E-05 9.99036E-05 9.99036E-05 9.99036E-05 9.99036E-05 9.99036E-05 0.10967 9.99036E-05
9.99121E-05 9.99121E-05 0.141913 9.99121E-05 0.450301 9.99121E-05 9.99121E-05 0.13588 9.99121E-05 9.99121E-05 9.99121E-05 9.99121E-05 0.270906 9.99121E-05
9.99121E-05 9.99121E-05 9.99121E-05 9.99121E-05 0.746374 9.99121E-05 9.99121E-05 9.99121E-05 9.99121E-05 0.061063 9.99121E-05 9.99121E-05 0.126658 0.0649051
9.99122E-05 0.275523 9.99122E-05 9.99122E-05 0.4342 9.99122E-05 9.99122E-05 0.0256189 9.99122E-05 9.99122E-05 9.99122E-05 9.99122E-05 0.263659 9.99122E-05
9.99122E-05 9.99122E-05 9.99122E-05 0.050866 0.784252 0.0827914 9.99122E-05 0.0810918 9.99122E-05 9.99122E-05 9.99122E-05 9.99122E-05 9.99122E-05 9.99122E-05
9.9921E-05 0.103386 9.9921E-05 9.9921E-05 0.638218 9.9921E-05 9.9921E-05 0.149868 9.9921E-05 0.0833729 9.9921E-05 9.9921E-05 0.0242553 9.9921E-05
9.98946E-05 9.98946E-05 9.98946E-05 9.98946E-05 0.456103 9.98946E-05 9.98946E-05 9.98946E-05 9.98946E-05 9.98946E-05 9.98946E-05 9.98946E-05 0.542698 9.98946E-05
9.99385E-05 9.99385E-05 0.0379421 9.99385E-05 0.441318 9.99385E-05 9.99385E-05 0.241428 0.0193593 9.99385E-05 9.99385E-05 0.0364294 0.199705 0.0231183
0.0749195 9.99121E-05 9.99121E-05 9.99121E-05 0.857696 9.99121E-05 0.0409955 9.99121E-05 9.99121E-05 9.99121E-05 9.99121E-05 9.99121E-05 9.99121E-05 0.0253897
9.99121E-05 9.99121E-05 9.99121E-05 9.99121E-05 0.719943 9.99121E-05 9.99121E-05 0.17588 9.99121E-05 0.00787066 9.99121E-05 9.99121E-05 0.0953066 9.99121E-05
9.99298E-05 9.99298E-05 0.0659323 9.99298E-05 0.487048 9.99298E-05 9.99298E-05 0.107523 0.0578694 0.00857402 9.99298E-05 9.99298E-05 0.272253 9.99298E-05
9.99298E-05 0.0739394 9.99298E-05 0.0345588 0.645671 9.99298E-05 9.99298E-05 0.0160212 0.099 9.99298E-05 9.99298E-05 9.99298E-05 0.13001 9.99298E-05
9.99297E-05 9.99297E-05 9.99297E-05 0.0410426 0.479702 9.99297E-05 9.99297E-05 0.331734 9.99297E-05 0.0473813 9.99297E-05 9.99297E-05 0.0298347 0.0695052
0.0193723 9.99121E-05 9.99121E-05 9.99121E-05 0.734211 9.99121E-05 9.99121E-05 9.99121E-05 0.149466 9.99121E-05 9.99121E-05 9.99121E-05 0.0959519 9.99121E-05
9.99034E-05 9.99034E-05 9.99034E-05 9.99034E-05 0.738587 9.99034E-05 9.99034E-05 0.14701 9.99034E-05 9.99034E-05 9.99034E-05 9.99034E-05 0.113304 9.99034E-05
9.99209E-05 9.99209E-05 9.99209E-05 9.99209E-05 0.807289 0.0314176 9.99209E-05 0.0424914 0.0365348 9.99209E-05 9.99209E-05 9.99209E-05 0.0813681 9.99209E-05
9.99035E-05 9.99035E-05 9.99035E-05 9.99035E-05 0.796857 9.99035E-05 9.99035E-05 9.99035E-05 0.0398757 9.99035E-05 9.99035E-05 9.99035E-05 0.162168 9.99035E-05
9.99122E-05 9.99122E-05 9.99122E-05 9.99122E-05 0.632133 9.99122E-05 9.99122E-05 0.125354 9.99122E-05 9.99122E-05 9.99122E-05 0.126978 0.114535 9.99122E-05
