9.98247E-05 9.98247E-05 0.232323 9.98247E-05 9.98247E-05 9.98247E-05 0.0151903 0.0860122 9.98247E-05 9.98247E-05 0.0731266 9.98247E-05 9.98247E-05 9.98247E-05 9.98247E-05 9.98247E-05 0.0258127 0.0371756 9.98247E-05 9.98247E-05 9.98247E-05 0.519978 9.98247E-05 9.98247E-05 9.98247E-05 0.00838569 9.98247E-05 9.98247E-05
9.97895E-05 9.97895E-05 0.0821657 9.97895E-05 9.97895E-05 9.97895E-05 9.97895E-05 9.97895E-05 9.97895E-05 9.97895E-05 9.97895E-05 9.97895E-05 9.97895E-05 9.97895E-05 9.97895E-05 9.97895E-05 9.97895E-05 9.97895E-05 9.97895E-05 9.97895E-05 9.97895E-05 0.506138 9.97895E-05 0.335003 9.97895E-05 0.0742984 9.97895E-05 9.97895E-05
9.97719E-05 9.97719E-05 9.97719E-05 9.97719E-05 9.97719E-05 9.97719E-05 9.97719E-05 9.97719E-05 9.97719E-05 9.97719E-05 9.97719E-05 9.97719E-05 9.97719E-05 9.97719E-05 9.97719E-05 9.97719E-05 9.97719E-05 9.97719E-05 9.97719E-05 0.018203 9.97719E-05 9.97719E-05 9.97719E-05 0.979203 9.97719E-05 9.97719E-05 9.97719E-05 9.97719E-05
9.98422E-05 9.98422E-05 0.0283002 9.98422E-05 9.98422E-05 9.98422E-05 9.98422E-05 9.98422E-05 9.98422E-05 0.20075 0.149144 9.98422E-05 0.0430032 9.98422E-05 9.98422E-05 9.98422E-05 9.98422E-05 0.0059304 9.98422E-05 0.182842 0.01863 0.00981711 9.98422E-05 9.98422E-05 0.072731 9.98422E-05 9.98422E-05 0.287054
9.98159E-05 9.98159E-05 9.98159E-05 9.98159E-05 9.98159E-05 0.02896 9.98159E-05 9.98159E-05 9.98159E-05 9.98159E-05 9.98159E-05 0.069622 9.98159E-05 9.98159E-05 9.98159E-05 9.98159E-05 9.98159E-05 9.98159E-05 9.98159E-05 9.98159E-05 9.98159E-05 0.663834 9.98159E-05 0.119097 0.0307139 9.98159E-05 0.0322708 0.0534062
9.98246E-05 9.98246E-05 0.236888 9.98246E-05 0.0107976 0.0601693 9.98246E-05 9.98246E-05 9.98246E-05 9.98246E-05 9.98246E-05 0.200649 9.98246E-05 9.98246E-05 0.115371 9.98246E-05 9.98246E-05 9.98246E-05 9.98246E-05 9.98246E-05 9.98246E-05 0.0600134 9.98246E-05 0.154338 9.98246E-05 9.98246E-05 0.159777 9.98246E-05
9.9851E-05 9.9851E-05 0.286029 9.9851E-05 9.9851E-05 9.9851E-05 0.00330019 9.9851E-05 9.9851E-05 0.114985 0.148889 9.9851E-05 9.9851E-05 9.9851E-05 9.9851E-05 0.00925462 0.0718465 0.098535 9.9851E-05 9.9851E-05 9.9851E-05 0.10196 9.9851E-05 0.0408362 0.0314503 9.9851E-05 9.9851E-05 0.0912176
9.98421E-05 9.98421E-05 0.29844 0.00446371 9.98421E-05 0.0438205 9.98421E-05 0.0539036 9.98421E-05 9.98421E-05 0.118677 9.98421E-05 9.98421E-05 9.98421E-05 0.100011 9.98421E-05 9.98421E-05 9.98421E-05 0.0584216 9.98421E-05 9.98421E-05 9.98421E-05 9.98421E-05 9.98421E-05 0.127877 9.98421E-05 0.0452683 0.14732
9.9842E-05 9.9842E-05 9.9842E-05 9.9842E-05 0.0205443 9.9842E-05 0.103818 9.9842E-05 9.9842E-05 9.9842E-05 0.0949602 0.0539262 0.225151 9.9842E-05 0.20937 0.0442252 9.9842E-05 9.9842E-05 9.9842E-05 9.9842E-05 9.9842E-05 0.073396 9.9842E-05 9.9842E-05 9.9842E-05 0.0339903 9.9842E-05 0.138822
9.9763E-05 9.9763E-05 9.9763E-05 9.9763E-05 9.9763E-05 9.9763E-05 9.9763E-05 9.9763E-05 9.9763E-05 9.9763E-05 9.9763E-05 9.9763E-05 9.9763E-05 9.9763E-05 9.9763E-05 9.9763E-05 9.9763E-05 9.9763E-05 9.9763E-05 9.9763E-05 9.9763E-05 0.997306 9.9763E-05 9.9763E-05 9.9763E-05 9.9763E-05 9.9763E-05 9.9763E-05
9.98246E-05 9.98246E-05 0.226013 9.98246E-05 9.98246E-05 9.98246E-05 0.115408 9.98246E-05 9.98246E-05 9.98246E-05 0.0897086 9.98246E-05 9.98246E-05 9.98246E-05 0.0712697 9.98246E-05 9.98246E-05 0.0838326 9.98246E-05 0.0382635 9.98246E-05 0.270283 9.98246E-05 9.98246E-05 9.98246E-05 9.98246E-05 9.98246E-05 0.103225
9.98071E-05 9.98071E-05 9.98071E-05 0.0131538 9.98071E-05 9.98071E-05 9.98071E-05 9.98071E-05 9.98071E-05 9.98071E-05 9.98071E-05 9.98071E-05 9.98071E-05 9.98071E-05 9.98071E-05 9.98071E-05 9.98071E-05 0.0566297 9.98071E-05 9.98071E-05 9.98071E-05 0.297477 9.98071E-05 0.5707 0.0597051 9.98071E-05 0.000139138 9.98071E-05
9.97895E-05 9.97895E-05 9.97895E-05 9.97895E-05 9.97895E-05 9.97895E-05 0.000539576 9.97895E-05 9.97895E-05 9.97895E-05 0.010733 9.97895E-05 9.97895E-05 9.97895E-05 9.97895E-05 9.97895E-05 9.97895E-05 9.97895E-05 9.97895E-05 9.97895E-05 9.97895E-05 0.0609974 9.97895E-05 9.97895E-05 9.97895E-05 9.97895E-05 9.97895E-05 0.925335
0.1803 9.9807E-05 9.9807E-05 0.0044012 9.9807E-05 0.0285326 9.9807E-05 9.9807E-05 9.9807E-05 9.9807E-05 9.9807E-05 9.9807E-05 9.9807E-05 9.9807E-05 9.9807E-05 9.9807E-05 9.9807E-05 0.01088 9.9807E-05 9.9807E-05 9.9807E-05 9.9807E-05 9.9807E-05 0.13043 9.9807E-05 9.9807E-05 9.9807E-05 0.64326
9.98158E-05 9.98158E-05 0.244587 9.98158E-05 9.98158E-05 9.98158E-05 0.127499 9.98158E-05 9.98158E-05 9.98158E-05 9.98158E-05 0.120316 0.039978 9.98158E-05 0.134838 9.98158E-05 9.98158E-05 9.98158E-05 9.98158E-05 9.98158E-05 9.98158E-05 0.210425 9.98158E-05 9.98158E-05 9.98158E-05 9.98158E-05 9.98158E-05 0.120261
9.98596E-05 9.98596E-05 0.112363 0.0417933 0.0769116 9.98596E-05 0.0471041 9.98596E-05 0.101451 0.0143762 0.0738142 0.0965284 9.98596E-05 9.98596E-05 0.115359 9.98596E-05 9.98596E-05 9.98596E-05 0.117699 9.98596E-05 9.98596E-05 0.195858 9.98596E-05 0.00514423 9.98596E-05 9.98596E-05 9.98596E-05 9.98596E-05
9.98158E-05 0.214954 9.98158E-05 9.98158E-05 9.98158E-05 9.98158E-05 9.98158E-05 0.0594512 0.00125898 0.150439 9.98158E-05 9.98158E-05 0.0241611 9.98158E-05 9.98158E-05 9.98158E-05 9.98158E-05 0.0105979 9.98158E-05 9.98158E-05 9.98158E-05 0.537043 9.98158E-05 9.98158E-05 9.98158E-05 9.98158E-05 9.98158E-05 9.98158E-05
9.98247E-05 9.98247E-05 0.381625 9.98247E-05 9.98247E-05 9.98247E-05 0.125465 9.98247E-05 9.98247E-05 9.98247E-05 0.0102955 9.98247E-05 9.98247E-05 0.124154 0.0389584 9.98247E-05 9.98247E-05 9.98247E-05 9.98247E-05 9.98247E-05 0.163986 0.123001 9.98247E-05 9.98247E-05 0.0305187 9.98247E-05 9.98247E-05 9.98247E-05
9.98069E-05 9.98069E-05 9.98069E-05 9.98069E-05 9.98069E-05 9.98069E-05 0.180917 9.98069E-05 9.98069E-05 9.98069E-05 0.21 9.98069E-05 9.98069E-05 9.98069E-05 0.042472 9.98069E-05 9.98069E-05 9.98069E-05 0.0528092 9.98069E-05 9.98069E-05 0.370399 9.98069E-05 9.98069E-05 9.98069E-05 9.98069E-05 0.141207 9.98069E-05
9.97808E-05 9.97808E-05 9.97808E-05 9.97808E-05 9.97808E-05 9.97808E-05 9.97808E-05 9.97808E-05 9.97808E-05 9.97808E-05 9.97808E-05 9.97808E-05 9.97808E-05 9.97808E-05 9.97808E-05 9.97808E-05 9.97808E-05 9.97808E-05 9.97808E-05 9.97808E-05 9.97808E-05 0.570694 9.97808E-05 0.139529 9.97808E-05 9.97808E-05 9.97808E-05 0.287282
9.9807E-05 9.9807E-05 9.9807E-05 0.186506 9.9807E-05 9.9807E-05 9.9807E-05 9.9807E-05 9.9807E-05 9.9807E-05 9.9807E-05 9.9807E-05 0.106544 9.9807E-05 0.0178355 9.9807E-05 9.9807E-05 9.9807E-05 9.9807E-05 9.9807E-05 0.0379939 9.9807E-05 9.9807E-05 9.9807E-05 0.0509233 9.9807E-05 9.9807E-05 0.598001
9.98071E-05 9.98071E-05 9.98071E-05 9.98071E-05 9.98071E-05 0.0474515 9.98071E-05 9.98071E-05 0.0299534 9.98071E-05 0.344014 9.98071E-05 9.98071E-05 9.98071E-05 0.123228 9.98071E-05 9.98071E-05 9.98071E-05 9.98071E-05 9.98071E-05 9.98071E-05 0.356573 9.98071E-05 9.98071E-05 9.98071E-05 9.98071E-05 0.0965853 9.98071E-05
9.97895E-05 9.97895E-05 0.163884 9.97895E-05 9.97895E-05 9.97895E-05 0.00954043 9.97895E-05 9.97895E-05 9.97895E-05 9.97895E-05 9.97895E-05 9.97895E-05 9.97895E-05 9.97895E-05 9.97895E-05 9.97895E-05 0.00504347 9.97895E-05 9.97895E-05 9.97895E-05 9.97895E-05 9.97895E-05 9.97895E-05 9.97895E-05 9.97895E-05 9.97895E-05 0.819138
9.98246E-05 9.98246E-05 0.151501 9.98246E-05 9.98246E-05 9.98246E-05 0.182761 9.98246E-05 9.98246E-05 9.98246E-05 0.283151 9.98246E-05 9.98246E-05 9.98246E-05 9.98246E-05 0.0156034 9.98246E-05 9.98246E-05 0.00105388 9.98246E-05 9.98246E-05 9.98246E-05 0.0460788 0.153046 9.98246E-05 9.98246E-05 9.98246E-05 0.164809
9.98332E-05 9.98332E-05 9.98332E-05 0.0282333 9.98332E-05 9.98332E-05 0.22248 9.98332E-05 9.98332E-05 9.98332E-05 0.0730903 9.98332E-05 9.98332E-05 9.98332E-05 0.0299794 0.0561774 9.98332E-05 0.0251151 9.98332E-05 0.212163 9.98332E-05 0.010538 9.98332E-05 9.98332E-05 9.98332E-05 9.98332E-05 9.98332E-05 0.340326
9.98596E-05 0.00582274 0.0104925 9.98596E-05 9.98596E-05 9.98596E-05 0.082768 9.98596E-05 0.00213087 0.00912325 0.0366875 0.0182196 0.0540617 9.98596E-05 9.98596E-05 9.98596E-05 9.98596E-05 0.0193707 9.98596E-05 9.98596E-05 9.98596E-05 0.33701 9.98596E-05 0.395609 9.98596E-05 9.98596E-05 9.98596E-05 0.027106
9.98158E-05 9.98158E-05 9.98158E-05 0.0178991 9.98158E-05 9.98158E-05 0.110906 9.98158E-05 9.98158E-05 9.98158E-05 0.195264 9.98158E-05 9.98158E-05 0.172932 9.98158E-05 9.98158E-05 9.98158E-05 9.98158E-05 9.98158E-05 0.232789 9.98158E-05 9.98158E-05 0.230716 9.98158E-05 9.98158E-05 9.98158E-05 9.98158E-05 0.0373968
9.97632E-05 9.97632E-05 9.97632E-05 9.97632E-05 9.97632E-05 9.97632E-05 9.97632E-05 9.97632E-05 9.97632E-05 9.97632E-05 9.97632E-05 9.97632E-05 9.97632E-05 9.97632E-05 9.97632E-05 9.97632E-05 9.97632E-05 9.97632E-05 9.97632E-05 9.97632E-05 9.97632E-05 9.97632E-05 9.97632E-05 9.97632E-05 9.97632E-05 9.97632E-05 9.97632E-05 0.997306
9.97898E-05 9.97898E-05 9.97898E-05 9.97898E-05 9.97898E-05 9.97898E-05 0.193095 9.97898E-05 9.97898E-05 9.97898E-05 9.97898E-05 9.97898E-05 9.97898E-05 9.97898E-05 9.97898E-05 9.97898E-05 9.97898E-05 9.97898E-05 9.97898E-05 0.107351 9.97898E-05 0.551052 0.146107 9.97898E-05 9.97898E-05 9.97898E-05 9.97898E-05 9.97898E-05
0.139284 9.98245E-05 9.98245E-05 9.98245E-05 0.189927 9.98245E-05 0.0224082 9.98245E-05 9.98245E-05 9.98245E-05 9.98245E-05 9.98245E-05 9.98245E-05 9.98245E-05 9.98245E-05 0.00135734 9.98245E-05 9.98245E-05 9.98245E-05 9.98245E-05 9.98245E-05 0.0662001 9.98245E-05 0.408088 9.98245E-05 9.98245E-05 0.0464264 0.124313
9.98245E-05 9.98245E-05 9.98245E-05 9.98245E-05 0.0280992 9.98245E-05 0.0014886 9.98245E-05 9.98245E-05 9.98245E-05 9.98245E-05 9.98245E-05 9.98245E-05 9.98245E-05 0.00916198 9.98245E-05 9.98245E-05 0.094457 9.98245E-05 9.98245E-05 9.98245E-05 0.689323 0.0270532 9.98245E-05 9.98245E-05 9.98245E-05 0.0229743 0.125447
9.98335E-05 9.98335E-05 0.0475004 9.98335E-05 9.98335E-05 0.0131486 0.0566873 9.98335E-05 9.98335E-05 9.98335E-05 0.0104928 0.0898369 0.0353893 9.98335E-05 9.98335E-05 9.98335E-05 9.98335E-05 0.0258509 9.98335E-05 9.98335E-05 9.98335E-05 9.98335E-05 9.98335E-05 9.98335E-05 9.98335E-05 9.98335E-05 0.0345692 0.684628
9.98245E-05 9.98245E-05 0.112578 9.98245E-05 0.053465 9.98245E-05 0.0869029 9.98245E-05 9.98245E-05 9.98245E-05 0.185641 9.98245E-05 9.98245E-05 9.98245E-05 9.98245E-05 9.98245E-05 9.98245E-05 0.0256223 9.98245E-05 0.0587235 9.98245E-05 0.207321 9.98245E-05 0.267751 9.98245E-05 9.98245E-05 9.98245E-05 9.98245E-05
9.98244E-05 9.98244E-05 9.98244E-05 0.0384747 9.98244E-05 9.98244E-05 0.110579 9.98244E-05 9.98244E-05 9.98244E-05 0.0219177 9.98244E-05 9.98244E-05 0.00987647 9.98244E-05 9.98244E-05 9.98244E-05 0.0148748 9.98244E-05 0.174788 9.98244E-05 9.98244E-05 0.0344416 0.593051 9.98244E-05 9.98244E-05 9.98244E-05 9.98244E-05
9.98159E-05 9.98159E-05 9.98159E-05 9.98159E-05 0.0249436 9.98159E-05 0.000801355 9.98159E-05 9.98159E-05 9.98159E-05 9.98159E-05 9.98159E-05 9.98159E-05 9.98159E-05 9.98159E-05 9.98159E-05 9.98159E-05 0.0152503 9.98159E-05 9.98159E-05 0.000388815 0.818459 0.0338556 9.98159E-05 9.98159E-05 9.98159E-05 9.98159E-05 0.104206
9.98071E-05 9.98071E-05 9.98071E-05 9.98071E-05 0.102849 9.98071E-05 9.98071E-05 9.98071E-05 9.98071E-05 0.0732823 0.00281284 9.98071E-05 0.182887 9.98071E-05 9.98071E-05 9.98071E-05 9.98071E-05 9.98071E-05 9.98071E-05 9.98071E-05 9.98071E-05 0.561367 9.98071E-05 9.98071E-05 9.98071E-05 9.98071E-05 9.98071E-05 0.0746062
9.97722E-05 9.97722E-05 9.97722E-05 9.97722E-05 9.97722E-05 9.97722E-05 9.97722E-05 9.97722E-05 9.97722E-05 9.97722E-05 9.97722E-05 9.97722E-05 9.97722E-05 9.97722E-05 9.97722E-05 9.97722E-05 9.97722E-05 9.97722E-05 9.97722E-05 9.97722E-05 9.97722E-05 9.97722E-05 9.97722E-05 9.97722E-05 9.97722E-05 9.97722E-05 0.0479577 0.949448
9.97807E-05 9.97807E-05 9.97807E-05 9.97807E-05 9.97807E-05 9.97807E-05 9.97807E-05 9.97807E-05 9.97807E-05 9.97807E-05 9.97807E-05 9.97807E-05 9.97807E-05 9.97807E-05 0.0870814 9.97807E-05 9.97807E-05 9.97807E-05 9.97807E-05 9.97807E-05 9.97807E-05 9.97807E-05 9.97807E-05 0.842677 9.97807E-05 0.0677472 9.97807E-05 9.97807E-05
9.98246E-05 0.0332651 9.98246E-05 9.98246E-05 9.98246E-05 0.0311919 0.137627 9.98246E-05 9.98246E-05 9.98246E-05 0.0167372 9.98246E-05 9.98246E-05 9.98246E-05 0.000101579 9.98246E-05 9.98246E-05 9.98246E-05 9.98246E-05 9.98246E-05 9.98246E-05 9.98246E-05 9.98246E-05 0.682185 9.98246E-05 0.0892871 0.00760842 9.98246E-05
9.98158E-05 9.98158E-05 9.98158E-05 9.98158E-05 9.98158E-05 9.98158E-05 0.0543925 9.98158E-05 0.0276899 9.98158E-05 9.98158E-05 9.98158E-05 9.98158E-05 9.98158E-05 9.98158E-05 9.98158E-05 9.98158E-05 9.98158E-05 0.0135038 0.14075 9.98158E-05 9.98158E-05 9.98158E-05 0.415651 9.98158E-05 9.98158E-05 0.107691 0.238226
9.98157E-05 9.98157E-05 9.98157E-05 9.98157E-05 9.98157E-05 9.98157E-05 0.0393827 9.98157E-05 9.98157E-05 0.0101653 0.0215479 9.98157E-05 9.98157E-05 9.98157E-05 9.98157E-05 9.98157E-05 9.98157E-05 0.0280868 9.98157E-05 9.98157E-05 9.98157E-05 0.859392 0.0210744 9.98157E-05 9.98157E-05 9.98157E-05 0.0182548 9.98157E-05
9.97897E-05 9.97897E-05 9.97897E-05 9.97897E-05 9.97897E-05 9.97897E-05 0.0225472 9.97897E-05 9.97897E-05 9.97897E-05 0.0905759 9.97897E-05 9.97897E-05 9.97897E-05 9.97897E-05 9.97897E-05 9.97897E-05 9.97897E-05 9.97897E-05 9.97897E-05 9.97897E-05 0.788631 0.0958505 9.97897E-05 9.97897E-05 9.97897E-05 9.97897E-05 9.97897E-05
9.97894E-05 9.97894E-05 9.97894E-05 9.97894E-05 9.97894E-05 9.97894E-05 9.97894E-05 9.97894E-05 9.97894E-05 9.97894E-05 0.00134614 9.97894E-05 9.97894E-05 9.97894E-05 9.97894E-05 9.97894E-05 9.97894E-05 9.97894E-05 9.97894E-05 9.97894E-05 9.97894E-05 0.229833 9.97894E-05 9.97894E-05 9.97894E-05 9.97894E-05 0.0189144 0.747512
9.98509E-05 9.98509E-05 0.0584992 9.98509E-05 9.98509E-05 9.98509E-05 0.16447 9.98509E-05 9.98509E-05 0.0561571 0.12459 9.98509E-05 9.98509E-05 9.98509E-05 0.0778158 0.0449231 9.98509E-05 0.0058854 9.98509E-05 0.0396801 0.00543997 0.38642 9.98509E-05 9.98509E-05 9.98509E-05 9.98509E-05 9.98509E-05 0.0344212
9.98158E-05 9.98158E-05 9.98158E-05 9.98158E-05 9.98158E-05 0.0177482 0.146268 9.98158E-05 9.98158E-05 0.0571324 0.407986 9.98158E-05 9.98158E-05 9.98158E-05 9.98158E-05 9.98158E-05 9.98158E-05 9.98158E-05 9.98158E-05 9.98158E-05 9.98158E-05 9.98158E-05 9.98158E-05 0.286618 9.98158E-05 9.98158E-05 0.0357334 0.0464176
9.9807E-05 9.9807E-05 9.9807E-05 9.9807E-05 9.9807E-05 9.9807E-05 9.9807E-05 9.9807E-05 9.9807E-05 0.00676022 9.9807E-05 9.9807E-05 9.9807E-05 9.9807E-05 9.9807E-05 9.9807E-05 9.9807E-05 9.9807E-05 9.9807E-05 9.9807E-05 0.0532601 0.756783 9.9807E-05 0.0970268 0.0309023 9.9807E-05 0.053072 9.9807E-05
9.98071E-05 9.98071E-05 9.98071E-05 9.98071E-05 9.98071E-05 9.98071E-05 0.00491197 9.98071E-05 9.98071E-05 0.0245028 9.98071E-05 9.98071E-05 9.98071E-05 9.98071E-05 0.0468308 9.98071E-05 9.98071E-05 9.98071E-05 9.98071E-05 9.98071E-05 9.98071E-05 0.0107658 9.98071E-05 0.664892 9.98071E-05 9.98071E-05 9.98071E-05 0.245901
9.97808E-05 9.97808E-05 9.97808E-05 9.97808E-05 0.00615862 9.97808E-05 9.97808E-05 9.97808E-05 9.97808E-05 9.97808E-05 9.97808E-05 9.97808E-05 9.97808E-05 9.97808E-05 9.97808E-05 9.97808E-05 9.97808E-05 9.97808E-05 9.97808E-05 9.97808E-05 9.97808E-05 0.446004 9.97808E-05 0.545342 9.97808E-05 9.97808E-05 9.97808E-05 9.97808E-05
9.98157E-05 9.98157E-05 9.98157E-05 9.98157E-05 0.00299211 9.98157E-05 0.0677464 9.98157E-05 9.98157E-05 9.98157E-05 0.153375 9.98157E-05 9.98157E-05 9.98157E-05 9.98157E-05 9.98157E-05 9.98157E-05 0.0166497 9.98157E-05 9.98157E-05 9.98157E-05 0.326839 9.98157E-05 9.98157E-05 9.98157E-05 9.98157E-05 0.0584558 0.371846
9.97899E-05 9.97899E-05 9.97899E-05 9.97899E-05 9.97899E-05 9.97899E-05 9.97899E-05 9.97899E-05 9.97899E-05 9.97899E-05 9.97899E-05 9.97899E-05 9.97899E-05 9.97899E-05 9.97899E-05 9.97899E-05 0.0615963 0.0259911 9.97899E-05 9.97899E-05 9.97899E-05 9.97899E-05 9.97899E-05 0.842231 9.97899E-05 9.97899E-05 0.0677867 9.97899E-05
9.98419E-05 9.98419E-05 9.98419E-05 9.98419E-05 9.98419E-05 9.98419E-05 0.14187 9.98419E-05 0.00758099 0.0404897 0.0531855 9.98419E-05 9.98419E-05 9.98419E-05 0.0556887 0.0259735 9.98419E-05 0.167625 0.0228695 0.0246819 9.98419E-05 9.98419E-05 9.98419E-05 9.98419E-05 9.98419E-05 9.98419E-05 9.98419E-05 0.458238
9.9816E-05 9.9816E-05 9.9816E-05 0.0235398 9.9816E-05 9.9816E-05 9.9816E-05 9.9816E-05 9.9816E-05 0.152428 0.243069 0.00263882 9.9816E-05 9.9816E-05 9.9816E-05 0.0137037 9.9816E-05 9.9816E-05 9.9816E-05 9.9816E-05 9.9816E-05 0.0927458 9.9816E-05 0.469778 9.9816E-05 9.9816E-05 9.9816E-05 9.9816E-05
9.97809E-05 9.97809E-05 9.97809E-05 9.97809E-05 9.97809E-05 9.97809E-05 0.0363466 9.97809E-05 9.97809E-05 9.97809E-05 9.97809E-05 9.97809E-05 9.97809E-05 0.0308735 9.97809E-05 9.97809E-05 9.97809E-05 9.97809E-05 9.97809E-05 9.97809E-05 9.97809E-05 0.930285 9.97809E-05 9.97809E-05 9.97809E-05 9.97809E-05 9.97809E-05 9.97809E-05
9.97895E-05 9.97895E-05 9.97895E-05 0.103887 9.97895E-05 9.97895E-05 9.97895E-05 9.97895E-05 9.97895E-05 9.97895E-05 9.97895E-05 9.97895E-05 9.97895E-05 9.97895E-05 9.97895E-05 9.97895E-05 9.97895E-05 0.00857855 0.0389267 9.97895E-05 9.97895E-05 9.97895E-05 9.97895E-05 0.846213 9.97895E-05 9.97895E-05 9.97895E-05 9.97895E-05
9.97811E-05 9.97811E-05 9.97811E-05 0.0102047 9.97811E-05 9.97811E-05 0.0216876 9.97811E-05 9.97811E-05 9.97811E-05 9.97811E-05 9.97811E-05 9.97811E-05 9.97811E-05 9.97811E-05 9.97811E-05 9.97811E-05 9.97811E-05 9.97811E-05 9.97811E-05 9.97811E-05 9.97811E-05 9.97811E-05 9.97811E-05 9.97811E-05 9.97811E-05 9.97811E-05 0.965613
9.9816E-05 9.9816E-05 9.9816E-05 9.9816E-05 0.123436 0.0304627 9.9816E-05 9.9816E-05 9.9816E-05 9.9816E-05 9.9816E-05 0.0496324 9.9816E-05 9.9816E-05 9.9816E-05 9.9816E-05 9.9816E-05 9.9816E-05 0.00840687 9.9816E-05 0.0187377 0.751658 9.9816E-05 9.9816E-05 9.9816E-05 9.9816E-05 0.0155711 9.9816E-05
9.98247E-05 9.98247E-05 9.98247E-05 9.98247E-05 9.98247E-05 9.98247E-05 0.0347493 9.98247E-05 9.98247E-05 9.98247E-05 9.98247E-05 9.98247E-05 0.0519893 0.0465305 9.98247E-05 9.98247E-05 9.98247E-05 0.0609374 0.0275962 9.98247E-05 9.98247E-05 0.719017 9.98247E-05 9.98247E-05 9.98247E-05 0.0275745 0.0296094 9.98247E-05
9.97984E-05 9.97984E-05 9.97984E-05 9.97984E-05 9.97984E-05 9.97984E-05 0.0229035 9.97984E-05 9.97984E-05 0.098145 0.00590243 9.97984E-05 9.97984E-05 9.97984E-05 9.97984E-05 9.97984E-05 9.97984E-05 9.97984E-05 9.97984E-05 9.97984E-05 9.97984E-05 9.97984E-05 9.97984E-05 0.446073 9.97984E-05 9.97984E-05 9.97984E-05 0.42468
9.97896E-05 9.97896E-05 9.97896E-05 9.97896E-05 9.97896E-05 9.97896E-05 9.97896E-05 9.97896E-05 9.97896E-05 9.97896E-05 9.97896E-05 9.97896E-05 9.97896E-05 9.97896E-05 9.97896E-05 9.97896E-05 0.0233347 9.97896E-05 9.97896E-05 9.97896E-05 9.97896E-05 0.0586886 9.97896E-05 0.254539 9.97896E-05 9.97896E-05 9.97896E-05 0.661043
9.97894E-05 9.97894E-05 0.906362 9.97894E-05 9.97894E-05 9.97894E-05 0.0680662 9.97894E-05 9.97894E-05 9.97894E-05 9.97894E-05 9.97894E-05 9.97894E-05 9.97894E-05 0.00309051 9.97894E-05 9.97894E-05 0.0200861 9.97894E-05 9.97894E-05 9.97894E-05 9.97894E-05 9.97894E-05 9.97894E-05 9.97894E-05 9.97894E-05 9.97894E-05 9.97894E-05
9.97808E-05 9.97808E-05 9.97808E-05 9.97808E-05 0.938031 9.97808E-05 9.97808E-05 9.97808E-05 9.97808E-05 9.97808E-05 9.97808E-05 9.97808E-05 9.97808E-05 9.97808E-05 9.97808E-05 0.00397667 9.97808E-05 9.97808E-05 9.97808E-05 9.97808E-05 9.97808E-05 9.97808E-05 9.97808E-05 9.97808E-05 9.97808E-05 9.97808E-05 0.0554983 9.97808E-05
9.98071E-05 9.98071E-05 0.595743 9.98071E-05 0.310716 9.98071E-05 9.98071E-05 9.98071E-05 9.98071E-05 9.98071E-05 9.98071E-05 9.98071E-05 9.98071E-05 0.0734583 9.98071E-05 9.98071E-05 0.00570396 0.00296189 0.0092207 9.98071E-05 9.98071E-05 9.98071E-05 9.98071E-05 9.98071E-05 9.98071E-05 9.98071E-05 9.98071E-05 9.98071E-05
9.98071E-05 9.98071E-05 0.554517 9.98071E-05 9.98071E-05 9.98071E-05 9.98071E-05 9.98071E-05 9.98071E-05 9.98071E-05 9.98071E-05 0.0538874 9.98071E-05 9.98071E-05 0.113548 9.98071E-05 0.0285285 9.98071E-05 9.98071E-05 0.0317124 9.98071E-05 9.98071E-05 9.98071E-05 9.98071E-05 9.98071E-05 0.215612 9.98071E-05 9.98071E-05
9.97981E-05 9.97981E-05 0.783266 9.97981E-05 9.97981E-05 9.97981E-05 9.97981E-05 9.97981E-05 9.97981E-05 9.97981E-05 0.0274621 9.97981E-05 9.97981E-05 9.97981E-05 0.0685243 9.97981E-05 9.97981E-05 9.97981E-05 9.97981E-05 9.97981E-05 0.0630198 9.97981E-05 9.97981E-05 9.97981E-05 0.0554324 9.97981E-05 9.97981E-05 9.97981E-05
9.97803E-05 9.97803E-05 0.90316 9.97803E-05 9.97803E-05 9.97803E-05 0.090821 0.00352454 9.97803E-05 9.97803E-05 9.97803E-05 9.97803E-05 9.97803E-05 9.97803E-05 9.97803E-05 9.97803E-05 9.97803E-05 9.97803E-05 9.97803E-05 9.97803E-05 9.97803E-05 9.97803E-05 9.97803E-05 9.97803E-05 9.97803E-05 9.97803E-05 9.97803E-05 9.97803E-05
9.98069E-05 9.98069E-05 0.607825 0.0060927 9.98069E-05 9.98069E-05 0.0808491 9.98069E-05 9.98069E-05 0.0240552 9.98069E-05 9.98069E-05 0.154952 9.98069E-05 9.98069E-05 9.98069E-05 9.98069E-05 9.98069E-05 9.98069E-05 9.98069E-05 9.98069E-05 9.98069E-05 9.98069E-05 9.98069E-05 9.98069E-05 0.12403 9.98069E-05 9.98069E-05
9.98067E-05 9.98067E-05 0.779339 9.98067E-05 9.98067E-05 9.98067E-05 0.0266526 9.98067E-05 9.98067E-05 9.98067E-05 9.98067E-05 0.0173782 9.98067E-05 0.0900227 0.0515519 9.98067E-05 9.98067E-05 9.98067E-05 9.98067E-05 9.98067E-05 9.98067E-05 9.98067E-05 9.98067E-05 9.98067E-05 9.98067E-05 0.0328602 9.98067E-05 9.98067E-05
9.97722E-05 9.97722E-05 0.986273 9.97722E-05 9.97722E-05 9.97722E-05 9.97722E-05 9.97722E-05 9.97722E-05 9.97722E-05 9.97722E-05 9.97722E-05 9.97722E-05 9.97722E-05 9.97722E-05 9.97722E-05 9.97722E-05 9.97722E-05 9.97722E-05 9.97722E-05 9.97722E-05 9.97722E-05 0.0111332 9.97722E-05 9.97722E-05 9.97722E-05 9.97722E-05 9.97722E-05
9.98067E-05 9.98067E-05 0.103192 9.98067E-05 0.777215 9.98067E-05 9.98067E-05 0.0441052 9.98067E-05 0.000227144 0.0176027 9.98067E-05 9.98067E-05 9.98067E-05 9.98067E-05 9.98067E-05 9.98067E-05 0.0554623 9.98067E-05 9.98067E-05 9.98067E-05 9.98067E-05 9.98067E-05 9.98067E-05 9.98067E-05 9.98067E-05 9.98067E-05 9.98067E-05
9.97891E-05 9.97891E-05 0.659419 9.97891E-05 9.97891E-05 9.97891E-05 0.172373 9.97891E-05 9.97891E-05 9.97891E-05 9.97891E-05 9.97891E-05 9.97891E-05 9.97891E-05 0.0396747 9.97891E-05 9.97891E-05 0.126138 9.97891E-05 9.97891E-05 9.97891E-05 9.97891E-05 9.97891E-05 9.97891E-05 9.97891E-05 9.97891E-05 9.97891E-05 9.97891E-05
9.98244E-05 9.98244E-05 0.695958 0.0961123 9.98244E-05 0.00378585 0.0223674 0.0398107 9.98244E-05 9.98244E-05 0.0893958 9.98244E-05 9.98244E-05 9.98244E-05 9.98244E-05 9.98244E-05 9.98244E-05 0.0305182 9.98244E-05 9.98244E-05 9.98244E-05 9.98244E-05 9.98244E-05 9.98244E-05 9.98244E-05 9.98244E-05 0.0200556 9.98244E-05
9.98156E-05 9.98156E-05 0.512345 0.0670258 9.98156E-05 9.98156E-05 9.98156E-05 0.05865 9.98156E-05 9.98156E-05 9.98156E-05 0.078214 9.98156E-05 9.98156E-05 0.108335 9.98156E-05 9.98156E-05 9.98156E-05 9.98156E-05 9.98156E-05 9.98156E-05 9.98156E-05 9.98156E-05 9.98156E-05 0.138596 9.98156E-05 0.0347376 9.98156E-05
9.97893E-05 9.97893E-05 0.718297 9.97893E-05 9.97893E-05 0.00638905 0.154494 9.97893E-05 9.97893E-05 9.97893E-05 0.118425 9.97893E-05 9.97893E-05 9.97893E-05 9.97893E-05 9.97893E-05 9.97893E-05 9.97893E-05 9.97893E-05 9.97893E-05 9.97893E-05 9.97893E-05 9.97893E-05 9.97893E-05 9.97893E-05 9.97893E-05 9.97893E-05 9.97893E-05
9.97725E-05 9.97725E-05 0.986626 9.97725E-05 9.97725E-05 0.0107799 9.97725E-05 9.97725E-05 9.97725E-05 9.97725E-05 9.97725E-05 9.97725E-05 9.97725E-05 9.97725E-05 9.97725E-05 9.97725E-05 9.97725E-05 9.97725E-05 9.97725E-05 9.97725E-05 9.97725E-05 9.97725E-05 9.97725E-05 9.97725E-05 9.97725E-05 9.97725E-05 9.97725E-05 9.97725E-05
9.9781E-05 9.9781E-05 0.494776 9.9781E-05 0.469901 9.9781E-05 9.9781E-05 9.9781E-05 9.9781E-05 9.9781E-05 9.9781E-05 9.9781E-05 9.9781E-05 9.9781E-05 0.0328285 9.9781E-05 9.9781E-05 9.9781E-05 9.9781E-05 9.9781E-05 9.9781E-05 9.9781E-05 9.9781E-05 9.9781E-05 9.9781E-05 9.9781E-05 9.9781E-05 9.9781E-05
9.97805E-05 9.97805E-05 0.867356 9.97805E-05 9.97805E-05 9.97805E-05 9.97805E-05 9.97805E-05 9.97805E-05 9.97805E-05 9.97805E-05 9.97805E-05 9.97805E-05 9.97805E-05 9.97805E-05 9.97805E-05 0.0426194 9.97805E-05 9.97805E-05 9.97805E-05 9.97805E-05 9.97805E-05 9.97805E-05 9.97805E-05 9.97805E-05 9.97805E-05 0.0875302 9.97805E-05
9.9807E-05 9.9807E-05 0.660578 9.9807E-05 9.9807E-05 9.9807E-05 9.9807E-05 0.193278 9.9807E-05 0.0697136 0.0335055 9.9807E-05 9.9807E-05 9.9807E-05 9.9807E-05 9.9807E-05 9.9807E-05 0.0331898 9.9807E-05 9.9807E-05 9.9807E-05 9.9807E-05 9.9807E-05 9.9807E-05 9.9807E-05 9.9807E-05 0.00753954 9.9807E-05
9.9807E-05 9.9807E-05 0.700149 9.9807E-05 0.233503 9.9807E-05 0.0135854 9.9807E-05 9.9807E-05 0.00865002 9.9807E-05 9.9807E-05 9.9807E-05 0.0106475 9.9807E-05 9.9807E-05 9.9807E-05 0.0312693 9.9807E-05 9.9807E-05 9.9807E-05 9.9807E-05 9.9807E-05 9.9807E-05 9.9807E-05 9.9807E-05 9.9807E-05 9.9807E-05
9.97891E-05 9.97891E-05 0.737884 9.97891E-05 9.97891E-05 9.97891E-05 0.117249 9.97891E-05 9.97891E-05 9.97891E-05 9.97891E-05 9.97891E-05 9.97891E-05 9.97891E-05 9.97891E-05 9.97891E-05 9.97891E-05 9.97891E-05 0.0845249 9.97891E-05 9.97891E-05 9.97891E-05 0.0579476 9.97891E-05 9.97891E-05 9.97891E-05 9.97891E-05 9.97891E-05
9.97634E-05 9.97634E-05 9.97634E-05 9.97634E-05 0.997306 9.97634E-05 9.97634E-05 9.97634E-05 9.97634E-05 9.97634E-05 9.97634E-05 9.97634E-05 9.97634E-05 9.97634E-05 9.97634E-05 9.97634E-05 9.97634E-05 9.97634E-05 9.97634E-05 9.97634E-05 9.97634E-05 9.97634E-05 9.97634E-05 9.97634E-05 9.97634E-05 9.97634E-05 9.97634E-05 9.97634E-05
9.97805E-05 9.97805E-05 0.842826 9.97805E-05 9.97805E-05 9.97805E-05 0.012038 9.97805E-05 9.97805E-05 9.97805E-05 0.142641 9.97805E-05 9.97805E-05 9.97805E-05 9.97805E-05 9.97805E-05 9.97805E-05 9.97805E-05 9.97805E-05 9.97805E-05 9.97805E-05 9.97805E-05 9.97805E-05 9.97805E-05 9.97805E-05 9.97805E-05 9.97805E-05 9.97805E-05
9.97898E-05 9.97898E-05 0.867135 9.97898E-05 9.97898E-05 9.97898E-05 9.97898E-05 9.97898E-05 9.97898E-05 9.97898E-05 9.97898E-05 0.0234139 9.97898E-05 9.97898E-05 9.97898E-05 9.97898E-05 9.97898E-05 9.97898E-05 9.97898E-05 0.106333 9.97898E-05 9.97898E-05 9.97898E-05 9.97898E-05 9.97898E-05 0.000722751 9.97898E-05 9.97898E-05
9.9807E-05 9.9807E-05 0.481263 9.9807E-05 0.241173 9.9807E-05 9.9807E-05 9.9807E-05 0.117267 9.9807E-05 9.9807E-05 0.0248946 9.9807E-05 9.9807E-05 0.0146241 9.9807E-05 9.9807E-05 9.9807E-05 9.9807E-05 9.9807E-05 9.9807E-05 9.9807E-05 9.9807E-05 9.9807E-05 9.9807E-05 9.9807E-05 0.118583 9.9807E-05
9.97803E-05 9.97803E-05 9.97803E-05 9.97803E-05 0.787798 9.97803E-05 9.97803E-05 0.130124 9.97803E-05 9.97803E-05 9.97803E-05 9.97803E-05 9.97803E-05 9.97803E-05 9.97803E-05 9.97803E-05 9.97803E-05 0.0795835 9.97803E-05 9.97803E-05 9.97803E-05 9.97803E-05 9.97803E-05 9.97803E-05 9.97803E-05 9.97803E-05 9.97803E-05 9.97803E-05
9.97808E-05 9.97808E-05 9.97808E-05 9.97808E-05 0.970413 0.00561214 9.97808E-05 9.97808E-05 9.97808E-05 9.97808E-05 9.97808E-05 9.97808E-05 9.97808E-05 9.97808E-05 0.0214806 9.97808E-05 9.97808E-05 9.97808E-05 9.97808E-05 9.97808E-05 9.97808E-05 9.97808E-05 9.97808E-05 9.97808E-05 9.97808E-05 9.97808E-05 9.97808E-05 9.97808E-05
0.0767068 9.97723E-05 0.920699 9.97723E-05 9.97723E-05 9.97723E-05 9.97723E-05 9.97723E-05 9.97723E-05 9.97723E-05 9.97723E-05 9.97723E-05 9.97723E-05 9.97723E-05 9.97723E-05 9.97723E-05 9.97723E-05 9.97723E-05 9.97723E-05 9.97723E-05 9.97723E-05 9.97723E-05 9.97723E-05 9.97723E-05 9.97723E-05 9.97723E-05 9.97723E-05 9.97723E-05
9.97719E-05 9.97719E-05 9.97719E-05 9.97719E-05 0.989602 9.97719E-05 0.00780387 9.97719E-05 9.97719E-05 9.97719E-05 9.97719E-05 9.97719E-05 9.97719E-05 9.97719E-05 9.97719E-05 9.97719E-05 9.97719E-05 9.97719E-05 9.97719E-05 9.97719E-05 9.97719E-05 9.97719E-05 9.97719E-05 9.97719E-05 9.97719E-05 9.97719E-05 9.97719E-05 9.97719E-05
9.97721E-05 9.97721E-05 0.930667 9.97721E-05 9.97721E-05 9.97721E-05 9.97721E-05 0.0667385 9.97721E-05 9.97721E-05 9.97721E-05 9.97721E-05 9.97721E-05 9.97721E-05 9.97721E-05 9.97721E-05 9.97721E-05 9.97721E-05 9.97721E-05 9.97721E-05 9.97721E-05 9.97721E-05 9.97721E-05 9.97721E-05 9.97721E-05 9.97721E-05 9.97721E-05 9.97721E-05
0.0802764 9.97985E-05 9.97985E-05 9.97985E-05 0.759955 9.97985E-05 0.105332 9.97985E-05 9.97985E-05 9.97985E-05 9.97985E-05 9.97985E-05 9.97985E-05 9.97985E-05 0.0500342 9.97985E-05 9.97985E-05 9.97985E-05 9.97985E-05 9.97985E-05 9.97985E-05 9.97985E-05 0.00210762 9.97985E-05 9.97985E-05 9.97985E-05 9.97985E-05 9.97985E-05
9.97895E-05 9.97895E-05 9.97895E-05 9.97895E-05 9.97895E-05 9.97895E-05 0.113772 9.97895E-05 9.97895E-05 9.97895E-05 9.97895E-05 0.356671 9.97895E-05 9.97895E-05 0.0949956 9.97895E-05 9.97895E-05 9.97895E-05 9.97895E-05 0.432166 9.97895E-05 9.97895E-05 9.97895E-05 9.97895E-05 9.97895E-05 9.97895E-05 9.97895E-05 9.97895E-05
0.645417 9.97808E-05 9.97808E-05 9.97808E-05 9.97808E-05 9.97808E-05 9.97808E-05 9.97808E-05 9.97808E-05 9.97808E-05 9.97808E-05 9.97808E-05 9.97808E-05 9.97808E-05 0.0244856 9.97808E-05 9.97808E-05 9.97808E-05 9.97808E-05 0.327603 9.97808E-05 9.97808E-05 9.97808E-05 9.97808E-05 9.97808E-05 9.97808E-05 9.97808E-05 9.97808E-05
9.97981E-05 9.97981E-05 9.97981E-05 9.97981E-05 9.97981E-05 0.00466441 0.0542915 9.97981E-05 0.0497866 9.97981E-05 9.97981E-05 0.171248 9.97981E-05 9.97981E-05 9.97981E-05 9.97981E-05 9.97981E-05 9.97981E-05 9.97981E-05 0.717714 9.97981E-05 9.97981E-05 9.97981E-05 9.97981E-05 9.97981E-05 9.97981E-05 9.97981E-05 9.97981E-05
9.98068E-05 9.98068E-05 9.98068E-05 9.98068E-05 9.98068E-05 9.98068E-05 0.0990577 9.98068E-05 9.98068E-05 9.98068E-05 9.98068E-05 0.250465 9.98068E-05 0.0540327 0.0621688 9.98068E-05 9.98068E-05 0.01665 9.98068E-05 0.51543 9.98068E-05 9.98068E-05 9.98068E-05 9.98068E-05 9.98068E-05 9.98068E-05 9.98068E-05 9.98068E-05
9.98068E-05 9.98068E-05 9.98068E-05 9.98068E-05 9.98068E-05 0.0179315 0.0178915 9.98068E-05 9.98068E-05 9.98068E-05 9.98068E-05 0.630139 9.98068E-05 0.0244671 9.98068E-05 9.98068E-05 0.0532876 9.98068E-05 9.98068E-05 0.254088 9.98068E-05 9.98068E-05 9.98068E-05 9.98068E-05 9.98068E-05 9.98068E-05 9.98068E-05 9.98068E-05
9.98158E-05 0.0238053 9.98158E-05 9.98158E-05 9.98158E-05 9.98158E-05 0.0746783 9.98158E-05 9.98158E-05 0.0396049 9.98158E-05 0.663445 9.98158E-05 9.98158E-05 0.10595 9.98158E-05 9.98158E-05 9.98158E-05 9.98158E-05 0.0885095 9.98158E-05 9.98158E-05 9.98158E-05 9.98158E-05 9.98158E-05 0.00191059 9.98158E-05 9.98158E-05
9.97807E-05 9.97807E-05 9.97807E-05 9.97807E-05 9.97807E-05 9.97807E-05 9.97807E-05 9.97807E-05 9.97807E-05 9.97807E-05 9.97807E-05 9.97807E-05 9.97807E-05 0.041793 0.0353516 9.97807E-05 9.97807E-05 9.97807E-05 9.97807E-05 0.920361 9.97807E-05 9.97807E-05 9.97807E-05 9.97807E-05 9.97807E-05 9.97807E-05 9.97807E-05 9.97807E-05
9.97718E-05 9.97718E-05 9.97718E-05 9.97718E-05 9.97718E-05 9.97718E-05 9.97718E-05 9.97718E-05 9.97718E-05 9.97718E-05 9.97718E-05 9.97718E-05 9.97718E-05 9.97718E-05 0.138287 9.97718E-05 9.97718E-05 9.97718E-05 9.97718E-05 0.859119 9.97718E-05 9.97718E-05 9.97718E-05 9.97718E-05 9.97718E-05 9.97718E-05 9.97718E-05 9.97718E-05
9.98331E-05 9.98331E-05 9.98331E-05 0.0242031 9.98331E-05 9.98331E-05 0.0804065 0.0169671 9.98331E-05 9.98331E-05 9.98331E-05 0.108045 9.98331E-05 9.98331E-05 0.271064 9.98331E-05 9.98331E-05 0.0285298 9.98331E-05 0.145471 9.98331E-05 9.98331E-05 0.0994788 9.98331E-05 9.98331E-05 0.223938 9.98331E-05 9.98331E-05
9.98157E-05 9.98157E-05 9.98157E-05 9.98157E-05 9.98157E-05 9.98157E-05 0.282291 0.00767034 9.98157E-05 0.0448759 9.98157E-05 0.0262389 9.98157E-05 0.00940212 0.176014 9.98157E-05 9.98157E-05 9.98157E-05 9.98157E-05 0.451413 9.98157E-05 9.98157E-05 9.98157E-05 9.98157E-05 9.98157E-05 9.98157E-05 9.98157E-05 9.98157E-05
9.97898E-05 0.290482 9.97898E-05 9.97898E-05 9.97898E-05 9.97898E-05 9.97898E-05 9.97898E-05 9.97898E-05 9.97898E-05 9.97898E-05 0.596919 9.97898E-05 9.97898E-05 9.97898E-05 9.97898E-05 9.97898E-05 9.97898E-05 9.97898E-05 9.97898E-05 9.97898E-05 9.97898E-05 9.97898E-05 9.97898E-05 9.97898E-05 0.105459 0.00474486 9.97898E-05
9.98069E-05 0.0847791 9.98069E-05 9.98069E-05 9.98069E-05 9.98069E-05 9.98069E-05 9.98069E-05 9.98069E-05 9.98069E-05 9.98069E-05 0.472513 9.98069E-05 9.98069E-05 9.98069E-05 9.98069E-05 9.98069E-05 0.0201993 9.98069E-05 0.274309 9.98069E-05 9.98069E-05 9.98069E-05 0.014164 9.98069E-05 0.13184 9.98069E-05 9.98069E-05
9.9781E-05 9.9781E-05 9.9781E-05 9.9781E-05 9.9781E-05 9.9781E-05 9.9781E-05 9.9781E-05 9.9781E-05 0.0657658 9.9781E-05 9.9781E-05 9.9781E-05 9.9781E-05 0.0301785 9.9781E-05 9.9781E-05 9.9781E-05 9.9781E-05 0.901561 9.9781E-05 9.9781E-05 9.9781E-05 9.9781E-05 9.9781E-05 9.9781E-05 9.9781E-05 9.9781E-05
9.98072E-05 0.0110219 9.98072E-05 9.98072E-05 9.98072E-05 9.98072E-05 0.17897 9.98072E-05 9.98072E-05 9.98072E-05 9.98072E-05 0.305159 9.98072E-05 9.98072E-05 0.117327 9.98072E-05 9.98072E-05 9.98072E-05 9.98072E-05 0.357377 9.98072E-05 9.98072E-05 9.98072E-05 9.98072E-05 9.98072E-05 9.98072E-05 9.98072E-05 0.0279504
0.0975119 0.0502503 9.98333E-05 0.0551129 9.98333E-05 9.98333E-05 9.98333E-05 0.0285308 0.108151 9.98333E-05 9.98333E-05 0.286744 9.98333E-05 0.085942 0.052516 9.98333E-05 9.98333E-05 9.98333E-05 9.98333E-05 0.233344 9.98333E-05 9.98333E-05 9.98333E-05 9.98333E-05 9.98333E-05 9.98333E-05 9.98333E-05 9.98333E-05
9.98333E-05 9.98333E-05 9.98333E-05 9.98333E-05 9.98333E-05 0.0300692 0.120062 9.98333E-05 9.98333E-05 0.0182639 9.98333E-05 0.318662 9.98333E-05 9.98333E-05 0.034366 9.98333E-05 9.98333E-05 0.00125353 9.98333E-05 0.176257 9.98333E-05 9.98333E-05 0.175488 9.98333E-05 9.98333E-05 0.123682 9.98333E-05 9.98333E-05
9.98157E-05 0.0747403 9.98157E-05 9.98157E-05 9.98157E-05 9.98157E-05 0.000375756 9.98157E-05 9.98157E-05 9.98157E-05 9.98157E-05 0.123364 9.98157E-05 0.0125648 9.98157E-05 9.98157E-05 9.98157E-05 9.98157E-05 9.98157E-05 0.569987 0.0530378 9.98157E-05 9.98157E-05 9.98157E-05 9.98157E-05 0.163834 9.98157E-05 9.98157E-05
9.98161E-05 9.98161E-05 9.98161E-05 9.98161E-05 9.98161E-05 0.017206 9.98161E-05 9.98161E-05 0.0825353 0.00705479 0.0862377 0.46112 9.98161E-05 9.98161E-05 0.055656 9.98161E-05 9.98161E-05 9.98161E-05 9.98161E-05 0.288094 9.98161E-05 9.98161E-05 9.98161E-05 9.98161E-05 9.98161E-05 9.98161E-05 9.98161E-05 9.98161E-05
9.97897E-05 0.0043181 9.97897E-05 9.97897E-05 9.97897E-05 9.97897E-05 9.97897E-05 9.97897E-05 9.97897E-05 9.97897E-05 9.97897E-05 0.690866 9.97897E-05 9.97897E-05 9.97897E-05 9.97897E-05 9.97897E-05 0.00309103 9.97897E-05 0.29933 9.97897E-05 9.97897E-05 9.97897E-05 9.97897E-05 9.97897E-05 9.97897E-05 9.97897E-05 9.97897E-05
9.98158E-05 0.133775 9.98158E-05 0.0404988 9.98158E-05 9.98158E-05 0.092622 9.98158E-05 9.98158E-05 9.98158E-05 9.98158E-05 0.420676 0.0942492 9.98158E-05 9.98158E-05 9.98158E-05 9.98158E-05 9.98158E-05 9.98158E-05 9.98158E-05 0.0898873 9.98158E-05 0.126195 9.98158E-05 9.98158E-05 9.98158E-05 9.98158E-05 9.98158E-05
0.0511868 9.98334E-05 9.98334E-05 9.98334E-05 9.98334E-05 0.0118482 0.0770205 9.98334E-05 0.0317376 0.0709499 0.00850268 0.691218 9.98334E-05 9.98334E-05 0.054367 9.98334E-05 9.98334E-05 9.98334E-05 9.98334E-05 9.98334E-05 9.98334E-05 9.98334E-05 9.98334E-05 9.98334E-05 9.98334E-05 0.00127286 9.98334E-05 9.98334E-05
9.97807E-05 9.97807E-05 9.97807E-05 9.97807E-05 9.97807E-05 9.97807E-05 9.97807E-05 0.0363794 9.97807E-05 9.97807E-05 9.97807E-05 0.540576 9.97807E-05 9.97807E-05 9.97807E-05 9.97807E-05 9.97807E-05 9.97807E-05 9.97807E-05 0.42055 9.97807E-05 9.97807E-05 9.97807E-05 9.97807E-05 9.97807E-05 9.97807E-05 9.97807E-05 9.97807E-05
9.98071E-05 9.98071E-05 9.98071E-05 9.98071E-05 9.98071E-05 9.98071E-05 0.133147 9.98071E-05 9.98071E-05 9.98071E-05 9.98071E-05 0.546839 0.0109868 9.98071E-05 0.218294 9.98071E-05 9.98071E-05 9.98071E-05 9.98071E-05 0.0233896 9.98071E-05 9.98071E-05 9.98071E-05 9.98071E-05 9.98071E-05 9.98071E-05 0.0651476 9.98071E-05
0.251972 9.98071E-05 9.98071E-05 9.98071E-05 9.98071E-05 0.0782797 0.0184395 9.98071E-05 9.98071E-05 9.98071E-05 9.98071E-05 0.341868 9.98071E-05 9.98071E-05 0.132134 9.98071E-05 9.98071E-05 9.98071E-05 9.98071E-05 0.175111 9.98071E-05 9.98071E-05 9.98071E-05 9.98071E-05 9.98071E-05 9.98071E-05 9.98071E-05 9.98071E-05
9.9807E-05 9.9807E-05 9.9807E-05 9.9807E-05 9.9807E-05 9.9807E-05 0.1423 9.9807E-05 9.9807E-05 9.9807E-05 9.9807E-05 0.498381 9.9807E-05 9.9807E-05 0.172697 9.9807E-05 9.9807E-05 0.0226893 9.9807E-05 9.9807E-05 0.158533 9.9807E-05 9.9807E-05 9.9807E-05 9.9807E-05 0.00320469 9.9807E-05 9.9807E-05
9.98072E-05 0.21985 0.00639981 9.98072E-05 9.98072E-05 9.98072E-05 0.0795475 9.98072E-05 9.98072E-05 9.98072E-05 9.98072E-05 9.98072E-05 9.98072E-05 9.98072E-05 0.082397 9.98072E-05 9.98072E-05 9.98072E-05 9.98072E-05 0.569797 9.98072E-05 9.98072E-05 9.98072E-05 9.98072E-05 9.98072E-05 0.0398131 9.98072E-05 9.98072E-05
0.698696 0.111663 9.98072E-05 9.98072E-05 9.98072E-05 9.98072E-05 0.0440248 9.98072E-05 0.0699919 9.98072E-05 9.98072E-05 9.98072E-05 9.98072E-05 9.98072E-05 9.98072E-05 0.0414838 9.98072E-05 9.98072E-05 9.98072E-05 9.98072E-05 0.0319444 9.98072E-05 9.98072E-05 9.98072E-05 9.98072E-05 9.98072E-05 9.98072E-05 9.98072E-05
9.98154E-05 9.98154E-05 9.98154E-05 9.98154E-05 9.98154E-05 9.98154E-05 0.0224505 9.98154E-05 9.98154E-05 9.98154E-05 9.98154E-05 0.0995138 9.98154E-05 9.98154E-05 0.0869553 9.98154E-05 9.98154E-05 9.98154E-05 9.98154E-05 0.643137 0.00712952 9.98154E-05 9.98154E-05 9.98154E-05 0.0720227 9.98154E-05 0.0666947 9.98154E-05
9.97897E-05 9.97897E-05 9.97897E-05 9.97897E-05 9.97897E-05 9.97897E-05 0.187103 9.97897E-05 9.97897E-05 9.97897E-05 9.97897E-05 0.557632 9.97897E-05 9.97897E-05 0.183124 9.97897E-05 9.97897E-05 9.97897E-05 9.97897E-05 0.0697466 9.97897E-05 9.97897E-05 9.97897E-05 9.97897E-05 9.97897E-05 9.97897E-05 9.97897E-05 9.97897E-05
0.23544 9.98159E-05 9.98159E-05 9.98159E-05 9.98159E-05 0.145372 0.0777629 9.98159E-05 9.98159E-05 9.98159E-05 9.98159E-05 0.468734 9.98159E-05 0.0284866 9.98159E-05 9.98159E-05 9.98159E-05 0.023061 9.98159E-05 0.0190479 9.98159E-05 9.98159E-05 9.98159E-05 9.98159E-05 9.98159E-05 9.98159E-05 9.98159E-05 9.98159E-05
9.97897E-05 9.97897E-05 9.97897E-05 0.0030087 9.97897E-05 9.97897E-05 0.130462 9.97897E-05 9.97897E-05 9.97897E-05 9.97897E-05 9.97897E-05 9.97897E-05 9.97897E-05 9.97897E-05 9.97897E-05 9.97897E-05 0.0143566 9.97897E-05 0.849777 9.97897E-05 9.97897E-05 9.97897E-05 9.97897E-05 9.97897E-05 9.97897E-05 9.97897E-05 9.97897E-05
0.0184368 9.97982E-05 9.97982E-05 9.97982E-05 9.97982E-05 9.97982E-05 9.97982E-05 9.97982E-05 9.97982E-05 9.97982E-05 9.97982E-05 0.0894251 9.97982E-05 9.97982E-05 9.97982E-05 9.97982E-05 9.97982E-05 0.0048442 0.0835867 0.801412 9.97982E-05 9.97982E-05 9.97982E-05 9.97982E-05 9.97982E-05 9.97982E-05 9.97982E-05 9.97982E-05
9.98069E-05 9.98069E-05 9.98069E-05 9.98069E-05 9.98069E-05 0.139348 0.0916817 9.98069E-05 9.98069E-05 9.98069E-05 9.98069E-05 0.186839 9.98069E-05 9.98069E-05 0.302555 9.98069E-05 9.98069E-05 9.98069E-05 9.98069E-05 0.131516 0.145865 9.98069E-05 9.98069E-05 9.98069E-05 9.98069E-05 9.98069E-05 9.98069E-05 9.98069E-05
9.9798E-05 9.9798E-05 9.9798E-05 9.9798E-05 9.9798E-05 9.9798E-05 0.0445421 9.9798E-05 9.9798E-05 9.9798E-05 0.100813 0.210475 9.9798E-05 9.9798E-05 0.0342633 9.9798E-05 9.9798E-05 9.9798E-05 9.9798E-05 0.607612 9.9798E-05 9.9798E-05 9.9798E-05 9.9798E-05 9.9798E-05 9.9798E-05 9.9798E-05 9.9798E-05
9.97633E-05 9.97633E-05 9.97633E-05 9.97633E-05 9.97633E-05 9.97633E-05 9.97633E-05 9.97633E-05 9.97633E-05 9.97633E-05 9.97633E-05 9.97633E-05 9.97633E-05 9.97633E-05 9.97633E-05 9.97633E-05 9.97633E-05 9.97633E-05 9.97633E-05 0.997306 9.97633E-05 9.97633E-05 9.97633E-05 9.97633E-05 9.97633E-05 9.97633E-05 9.97633E-05 9.97633E-05
9.98245E-05 0.0891547 9.98245E-05 9.98245E-05 9.98245E-05 9.98245E-05 9.98245E-05 9.98245E-05 0.0723117 0.0123906 9.98245E-05 0.253883 9.98245E-05 9.98245E-05 0.0509596 9.98245E-05 9.98245E-05 0.0124031 9.98245E-05 0.350145 9.98245E-05 9.98245E-05 0.156756 9.98245E-05 9.98245E-05 9.98245E-05 9.98245E-05 9.98245E-05
