0.0316746 9.98702E-05 9.98702E-05 0.167151 0.0747254 0.047351 9.98702E-05 9.98702E-05 9.98702E-05 9.98702E-05 0.154612 9.98702E-05 0.261512 9.98702E-05 9.98702E-05 9.98702E-05 9.98702E-05 0.0573281 9.98702E-05 9.98702E-05 0.204348
9.98332E-05 9.98332E-05 9.98332E-05 0.772365 9.98332E-05 9.98332E-05 9.98332E-05 9.98332E-05 9.98332E-05 9.98332E-05 9.98332E-05 9.98332E-05 9.98332E-05 9.98332E-05 0.225738 9.98332E-05 9.98332E-05 9.98332E-05 9.98332E-05 9.98332E-05 9.98332E-05
9.98333E-05 9.98333E-05 9.98333E-05 9.98333E-05 9.98333E-05 9.98333E-05 0.0725506 9.98333E-05 9.98333E-05 9.98333E-05 9.98333E-05 9.98333E-05 9.98333E-05 9.98333E-05 9.98333E-05 9.98333E-05 9.98333E-05 9.98333E-05 9.98333E-05 9.98333E-05 0.925553
9.98859E-05 0.132626 9.98859E-05 0.294583 9.98859E-05 0.0221064 9.98859E-05 9.98859E-05 9.98859E-05 9.98859E-05 0.111639 0.354977 9.98859E-05 0.0177695 9.98859E-05 9.98859E-05 9.98859E-05 0.0500324 0.0149679 9.98859E-05 9.98859E-05
9.98509E-05 9.98509E-05 9.98509E-05 0.851051 9.98509E-05 9.98509E-05 0.0219518 0.0919903 9.98509E-05 9.98509E-05 9.98509E-05 0.0333091 9.98509E-05 9.98509E-05 9.98509E-05 9.98509E-05 9.98509E-05 9.98509E-05 9.98509E-05 9.98509E-05 9.98509E-05
9.98948E-05 0.152231 9.98948E-05 9.98948E-05 0.0958609 0.00400934 0.101554 9.98948E-05 9.98948E-05 9.98948E-05 9.98948E-05 0.128795 0.112775 9.98948E-05 9.98948E-05 0.0397108 9.98948E-05 9.98948E-05 0.136107 9.98948E-05 0.227757
0.0199831 9.98947E-05 9.98947E-05 0.362998 0.162902 0.0111559 9.98947E-05 9.98947E-05 9.98947E-05 0.0936692 0.0817474 0.180101 0.00916029 9.98947E-05 9.98947E-05 9.98947E-05 9.98947E-05 0.0770852 9.98947E-05 9.98947E-05 9.98947E-05
9.99035E-05 9.99035E-05 9.99035E-05 0.151924 9.99035E-05 9.99035E-05 0.0641657 0.029617 9.99035E-05 9.99035E-05 0.212286 0.169993 0.0629888 9.99035E-05 9.99035E-05 0.0282685 9.99035E-05 9.99035E-05 0.140153 0.0611746 0.0783298
0.208487 0.115266 9.99035E-05 9.99035E-05 9.99035E-05 0.128691 0.0775989 0.0122236 9.99035E-05 9.99035E-05 0.0235895 9.99035E-05 0.0255537 0.0160158 9.99035E-05 9.99035E-05 9.99035E-05 9.99035E-05 0.162919 9.99035E-05 0.228556
0.0139561 9.98508E-05 9.98508E-05 0.178008 9.98508E-05 0.0388103 9.98508E-05 9.98508E-05 9.98508E-05 9.98508E-05 9.98508E-05 9.98508E-05 9.98508E-05 9.98508E-05 9.98508E-05 9.98508E-05 9.98508E-05 9.98508E-05 9.98508E-05 9.98508E-05 0.767528
9.98771E-05 9.98771E-05 9.98771E-05 0.185826 9.98771E-05 0.168121 9.98771E-05 9.98771E-05 9.98771E-05 9.98771E-05 0.101129 9.98771E-05 0.0361699 9.98771E-05 9.98771E-05 9.98771E-05 9.98771E-05 0.131417 0.00834139 9.98771E-05 0.367598
9.98333E-05 9.98333E-05 9.98333E-05 9.98333E-05 9.98333E-05 9.98333E-05 9.98333E-05 9.98333E-05 9.98333E-05 9.98333E-05 9.98333E-05 9.98333E-05 9.98333E-05 9.98333E-05 9.98333E-05 9.98333E-05 9.98333E-05 9.98333E-05 9.98333E-05 0.0250221 0.973081
9.98421E-05 9.98421E-05 9.98421E-05 0.894914 9.98421E-05 0.0819715 9.98421E-05 9.98421E-05 9.98421E-05 9.98421E-05 0.0213174 9.98421E-05 9.98421E-05 9.98421E-05 9.98421E-05 9.98421E-05 9.98421E-05 9.98421E-05 9.98421E-05 9.98421E-05 9.98421E-05
9.98596E-05 9.98596E-05 9.98596E-05 0.767742 9.98596E-05 9.98596E-05 0.000687663 9.98596E-05 0.0825182 9.98596E-05 9.98596E-05 9.98596E-05 9.98596E-05 9.98596E-05 9.98596E-05 9.98596E-05 0.0945512 0.0529031 9.98596E-05 9.98596E-05 9.98596E-05
9.98771E-05 0.0130787 0.13649 9.98771E-05 9.98771E-05 0.131222 9.98771E-05 9.98771E-05 9.98771E-05 9.98771E-05 9.98771E-05 9.98771E-05 0.250898 9.98771E-05 9.98771E-05 9.98771E-05 0.0645641 9.98771E-05 0.136583 9.98771E-05 0.265765
9.99122E-05 0.0278614 9.99122E-05 0.204251 9.99122E-05 0.0636685 9.99122E-05 9.99122E-05 9.99122E-05 9.99122E-05 0.0431714 9.99122E-05 0.191088 0.0136529 9.99122E-05 0.00760633 0.0447591 9.99122E-05 0.149903 0.252709 0.000329996
0.0395667 9.99123E-05 0.148278 0.0285728 0.051326 0.0500787 9.99123E-05 9.99123E-05 9.99123E-05 9.99123E-05 0.00671593 0.0141678 9.99123E-05 9.99123E-05 0.0262794 9.99123E-05 9.99123E-05 0.0484663 9.99123E-05 0.00468509 0.580864
0.00575534 0.0485628 9.98948E-05 0.202754 9.98948E-05 0.112455 9.98948E-05 9.98948E-05 9.98948E-05 9.98948E-05 0.150066 9.98948E-05 0.163485 0.156907 9.98948E-05 0.136815 9.98948E-05 9.98948E-05 0.0220016 9.98948E-05 9.98948E-05
9.98763E-05 9.98763E-05 9.98763E-05 9.98763E-05 9.98763E-05 0.193362 9.98763E-05 9.98763E-05 9.98763E-05 9.98763E-05 0.171041 0.0354085 9.98763E-05 9.98763E-05 9.98763E-05 9.98763E-05 0.0731722 9.98763E-05 0.101963 9.98763E-05 0.423556
9.98509E-05 9.98509E-05 9.98509E-05 0.168142 0.00944054 9.98509E-05 9.98509E-05 9.98509E-05 9.98509E-05 9.98509E-05 9.98509E-05 9.98509E-05 9.98509E-05 0.0338236 9.98509E-05 9.98509E-05 9.98509E-05 9.98509E-05 9.98509E-05 9.98509E-05 0.786896
0.00411116 9.98859E-05 9.98859E-05 0.14805 9.98859E-05 0.0343768 9.98859E-05 0.205751 9.98859E-05 9.98859E-05 9.98859E-05 9.98859E-05 9.98859E-05 9.98859E-05 9.98859E-05 9.98859E-05 9.98859E-05 0.0387403 0.082985 0.104717 0.379971
9.98685E-05 0.114539 9.98685E-05 9.98685E-05 0.0410288 9.98685E-05 0.109566 9.98685E-05 9.98685E-05 9.98685E-05 0.323572 9.98685E-05 9.98685E-05 9.98685E-05 9.98685E-05 9.98685E-05 9.98685E-05 9.98685E-05 0.123853 9.98685E-05 0.285943
9.98596E-05 0.0279852 9.98596E-05 9.98596E-05 9.98596E-05 0.180545 9.98596E-05 9.98596E-05 9.98596E-05 9.98596E-05 9.98596E-05 9.98596E-05 0.0704627 9.98596E-05 9.98596E-05 9.98596E-05 9.98596E-05 0.070884 9.98596E-05 9.98596E-05 0.648525
0.0538648 9.98595E-05 9.98595E-05 0.405026 9.98595E-05 0.236313 9.98595E-05 9.98595E-05 9.98595E-05 9.98595E-05 0.29514 9.98595E-05 9.98595E-05 9.98595E-05 9.98595E-05 9.98595E-05 9.98595E-05 9.98595E-05 9.98595E-05 9.98595E-05 0.00805808
0.00303336 0.133614 9.99034E-05 0.160282 9.99034E-05 0.262235 9.99034E-05 9.99034E-05 9.99034E-05 9.99034E-05 0.0791087 9.99034E-05 9.99034E-05 0.0517169 9.99034E-05 9.99034E-05 0.133183 0.0073181 0.0396534 9.99034E-05 0.128756
9.98772E-05 0.0911849 9.98772E-05 9.98772E-05 9.98772E-05 0.0929435 0.0341122 9.98772E-05 9.98772E-05 9.98772E-05 0.0156437 0.00606163 9.98772E-05 9.98772E-05 9.98772E-05 9.98772E-05 9.98772E-05 9.98772E-05 0.0232714 9.98772E-05 0.735384
0.0090594 0.318754 9.98771E-05 9.98771E-05 9.98771E-05 0.125364 9.98771E-05 9.98771E-05 9.98771E-05 9.98771E-05 0.315582 9.98771E-05 9.98771E-05 9.98771E-05 9.98771E-05 0.0858696 9.98771E-05 9.98771E-05 9.98771E-05 0.0452157 0.0987564
9.98686E-05 9.98686E-05 9.98686E-05 0.0478592 0.0437062 0.0329214 9.98686E-05 9.98686E-05 9.98686E-05 9.98686E-05 0.0384231 0.144746 9.98686E-05 9.98686E-05 9.98686E-05 9.98686E-05 9.98686E-05 9.98686E-05 9.98686E-05 9.98686E-05 0.690846
0.0167678 0.0669988 9.98772E-05 0.464359 9.98772E-05 0.181792 9.98772E-05 9.98772E-05 9.98772E-05 9.98772E-05 0.0732075 9.98772E-05 0.0497045 9.98772E-05 9.98772E-05 9.98772E-05 9.98772E-05 9.98772E-05 9.98772E-05 9.98772E-05 0.145772
0.0209823 9.98685E-05 0.138335 9.98685E-05 9.98685E-05 0.0105493 9.98685E-05 9.98685E-05 9.98685E-05 9.98685E-05 9.98685E-05 9.98685E-05 9.98685E-05 9.98685E-05 9.98685E-05 9.98685E-05 9.98685E-05 0.0154236 0.00386254 9.98685E-05 0.80935
0.00350868 9.98858E-05 9.98858E-05 9.98858E-05 0.00437859 9.98858E-05 9.98858E-05 9.98858E-05 9.98858E-05 9.98858E-05 9.98858E-05 9.98858E-05 0.0207107 0.0462631 9.98858E-05 0.0194506 0.121404 9.98858E-05 0.114303 9.98858E-05 0.668682
9.98861E-05 0.142214 0.0130463 0.4831 9.98861E-05 0.076599 9.98861E-05 9.98861E-05 9.98861E-05 9.98861E-05 9.98861E-05 0.113346 0.0210211 9.98861E-05 9.98861E-05 9.98861E-05 9.98861E-05 0.0423308 9.98861E-05 9.98861E-05 0.107044
9.9877E-05 0.0602758 9.9877E-05 0.543232 9.9877E-05 0.12342 9.9877E-05 9.9877E-05 9.9877E-05 9.9877E-05 0.105854 9.9877E-05 0.01445 9.9877E-05 9.9877E-05 9.9877E-05 9.9877E-05 0.0571238 9.9877E-05 0.0942459 9.9877E-05
0.0288034 0.0593831 9.99035E-05 0.0329022 9.99035E-05 0.0876466 0.040375 9.99035E-05 0.13631 9.99035E-05 0.12978 9.99035E-05 9.99035E-05 9.99035E-05 9.99035E-05 0.0364288 9.99035E-05 0.0223373 9.99035E-05 9.99035E-05 0.424935
9.98685E-05 9.98685E-05 9.98685E-05 0.0323991 0.0786311 0.00918457 9.98685E-05 9.98685E-05 9.98685E-05 9.98685E-05 9.98685E-05 9.98685E-05 9.98685E-05 0.042177 9.98685E-05 9.98685E-05 9.98685E-05 0.0410417 9.98685E-05 9.98685E-05 0.795069
0.113695 9.9886E-05 9.9886E-05 9.9886E-05 9.9886E-05 9.9886E-05 9.9886E-05 9.9886E-05 9.9886E-05 9.9886E-05 0.0614331 0.0348193 0.0112555 0.0427689 0.0421137 9.9886E-05 9.9886E-05 0.00694644 9.9886E-05 9.9886E-05 0.68567
9.98423E-05 9.98423E-05 9.98423E-05 9.98423E-05 0.0957219 9.98423E-05 9.98423E-05 9.98423E-05 9.98423E-05 0.00470157 9.98423E-05 9.98423E-05 9.98423E-05 9.98423E-05 9.98423E-05 9.98423E-05 9.98423E-05 9.98423E-05 9.98423E-05 9.98423E-05 0.897779
9.98598E-05 9.98598E-05 9.98598E-05 0.675247 9.98598E-05 0.0951802 9.98598E-05 9.98598E-05 9.98598E-05 9.98598E-05 9.98598E-05 9.98598E-05 9.98598E-05 0.0205975 0.109556 9.98598E-05 9.98598E-05 9.98598E-05 0.0978214 9.98598E-05 9.98598E-05
9.98597E-05 0.0748733 9.98597E-05 9.98597E-05 9.98597E-05 9.98597E-05 9.98597E-05 9.98597E-05 9.98597E-05 9.98597E-05 0.000787218 0.119397 9.98597E-05 9.98597E-05 0.246507 9.98597E-05 9.98597E-05 9.98597E-05 9.98597E-05 9.98597E-05 0.556837
9.98771E-05 0.112079 9.98771E-05 0.32111 9.98771E-05 0.144219 9.98771E-05 9.98771E-05 0.0435405 9.98771E-05 0.0449586 9.98771E-05 9.98771E-05 9.98771E-05 9.98771E-05 9.98771E-05 9.98771E-05 9.98771E-05 9.98771E-05 0.162727 0.169967
0.00426573 9.98684E-05 9.98684E-05 9.98684E-05 9.98684E-05 9.98684E-05 9.98684E-05 0.0612914 9.98684E-05 9.98684E-05 0.00998808 0.000949763 9.98684E-05 9.98684E-05 9.98684E-05 9.98684E-05 9.98684E-05 0.00386638 9.98684E-05 9.98684E-05 0.918141
0.0164847 9.98772E-05 9.98772E-05 0.339364 0.0851638 0.0428203 9.98772E-05 9.98772E-05 9.98772E-05 9.98772E-05 0.218201 9.98772E-05 0.0211759 9.98772E-05 9.98772E-05 9.98772E-05 9.98772E-05 9.98772E-05 9.98772E-05 9.98772E-05 0.275392
9.98419E-05 9.98419E-05 0.0588955 0.922223 0.0170846 9.98419E-05 9.98419E-05 9.98419E-05 9.98419E-05 9.98419E-05 9.98419E-05 9.98419E-05 9.98419E-05 9.98419E-05 9.98419E-05 9.98419E-05 9.98419E-05 9.98419E-05 9.98419E-05 9.98419E-05 9.98419E-05
0.0217492 9.98772E-05 9.98772E-05 9.98772E-05 9.98772E-05 0.141706 9.98772E-05 9.98772E-05 9.98772E-05 9.98772E-05 0.0979576 9.98772E-05 0.111795 9.98772E-05 9.98772E-05 9.98772E-05 9.98772E-05 0.0367285 0.145847 9.98772E-05 0.442819
9.98684E-05 9.98684E-05 9.98684E-05 0.105374 9.98684E-05 0.105551 0.00654881 9.98684E-05 9.98684E-05 9.98684E-05 0.389547 0.208366 9.98684E-05 9.98684E-05 9.98684E-05 9.98684E-05 9.98684E-05 9.98684E-05 9.98684E-05 9.98684E-05 0.183115
9.9877E-05 9.9877E-05 9.9877E-05 9.9877E-05 0.0439871 9.9877E-05 9.9877E-05 0.093325 9.9877E-05 9.9877E-05 0.00209765 0.00986992 9.9877E-05 0.0130752 9.9877E-05 9.9877E-05 9.9877E-05 9.9877E-05 0.00199868 9.9877E-05 0.834248
9.98332E-05 9.98332E-05 9.98332E-05 0.956811 9.98332E-05 0.0412924 9.98332E-05 9.98332E-05 9.98332E-05 9.98332E-05 9.98332E-05 9.98332E-05 9.98332E-05 9.98332E-05 9.98332E-05 9.98332E-05 9.98332E-05 9.98332E-05 9.98332E-05 9.98332E-05 9.98332E-05
9.98509E-05 9.98509E-05 9.98509E-05 9.98509E-05 9.98509E-05 0.0350848 0.0158489 9.98509E-05 9.98509E-05 9.98509E-05 9.98509E-05 9.98509E-05 9.98509E-05 9.98509E-05 0.0152792 9.98509E-05 9.98509E-05 9.98509E-05 9.98509E-05 9.98509E-05 0.93209
9.98684E-05 9.98684E-05 9.98684E-05 0.268999 9.98684E-05 0.171772 9.98684E-05 0.134953 9.98684E-05 9.98684E-05 0.132142 9.98684E-05 9.98684E-05 9.98684E-05 9.98684E-05 9.98684E-05 9.98684E-05 0.00391239 9.98684E-05 9.98684E-05 0.286723
9.98511E-05 9.98511E-05 9.98511E-05 0.798252 9.98511E-05 9.98511E-05 0.112113 9.98511E-05 9.98511E-05 0.0717076 9.98511E-05 9.98511E-05 9.98511E-05 9.98511E-05 9.98511E-05 0.0162303 9.98511E-05 9.98511E-05 9.98511E-05 9.98511E-05 9.98511E-05
0.00819673 0.117455 9.99122E-05 0.0941431 9.99122E-05 0.271217 9.99122E-05 0.0392628 9.99122E-05 9.99122E-05 0.0239502 0.0511386 0.079021 9.99122E-05 9.99122E-05 9.99122E-05 9.99122E-05 0.0445079 0.0671901 9.99122E-05 0.202919
0.053158 0.0606235 9.98859E-05 0.620717 9.98859E-05 9.98859E-05 9.98859E-05 0.0715736 9.98859E-05 9.98859E-05 0.0571265 9.98859E-05 9.98859E-05 0.0615012 9.98859E-05 9.98859E-05 9.98859E-05 9.98859E-05 0.0422252 0.031776 9.98859E-05
0.002252 9.98598E-05 9.98598E-05 9.98598E-05 0.0349538 9.98598E-05 9.98598E-05 9.98598E-05 9.98598E-05 9.98598E-05 9.98598E-05 9.98598E-05 9.98598E-05 9.98598E-05 9.98598E-05 0.0148164 0.0595904 9.98598E-05 9.98598E-05 9.98598E-05 0.88679
9.98947E-05 0.0427477 9.98947E-05 0.728639 9.98947E-05 0.0320733 0.0252607 0.00784361 9.98947E-05 0.0380401 9.98947E-05 9.98947E-05 0.0188494 9.98947E-05 9.98947E-05 9.98947E-05 0.00803741 9.98947E-05 9.98947E-05 0.0973105 9.98947E-05
9.98511E-05 9.98511E-05 9.98511E-05 9.98511E-05 9.98511E-05 0.0903642 9.98511E-05 9.98511E-05 9.98511E-05 9.98511E-05 9.98511E-05 9.98511E-05 0.0113648 9.98511E-05 9.98511E-05 9.98511E-05 0.12635 9.98511E-05 9.98511E-05 9.98511E-05 0.770223
9.98598E-05 0.107124 9.98598E-05 9.98598E-05 9.98598E-05 9.98598E-05 9.98598E-05 0.0313994 9.98598E-05 9.98598E-05 9.98598E-05 9.98598E-05 0.0395104 0.0648704 9.98598E-05 9.98598E-05 9.98598E-05 9.98598E-05 9.98598E-05 9.98598E-05 0.755498
9.98684E-05 9.98684E-05 9.98684E-05 9.98684E-05 0.0290229 9.98684E-05 9.98684E-05 0.00216638 9.98684E-05 9.98684E-05 0.0557556 0.0451082 9.98684E-05 9.98684E-05 9.98684E-05 0.0616757 9.98684E-05 9.98684E-05 9.98684E-05 9.98684E-05 0.804773
9.98509E-05 9.98509E-05 9.98509E-05 9.98509E-05 9.98509E-05 0.0306227 9.98509E-05 9.98509E-05 9.98509E-05 9.98509E-05 9.98509E-05 0.0674525 9.98509E-05 9.98509E-05 9.98509E-05 9.98509E-05 9.98509E-05 0.0202002 9.98509E-05 9.98509E-05 0.880027
9.98419E-05 9.98419E-05 9.98419E-05 0.986184 0.00638658 0.00563189 9.98419E-05 9.98419E-05 9.98419E-05 9.98419E-05 9.98419E-05 9.98419E-05 9.98419E-05 9.98419E-05 9.98419E-05 9.98419E-05 9.98419E-05 9.98419E-05 9.98419E-05 9.98419E-05 9.98419E-05
9.98858E-05 9.98858E-05 9.98858E-05 9.98858E-05 0.0585608 0.0814369 9.98858E-05 9.98858E-05 9.98858E-05 0.0331624 0.0331251 9.98858E-05 0.750881 9.98858E-05 9.98858E-05 0.0118498 9.98858E-05 0.0209657 0.00871926 9.98858E-05 9.98858E-05
0.0466992 9.98423E-05 9.98423E-05 9.98423E-05 9.98423E-05 9.98423E-05 9.98423E-05 9.98423E-05 9.98423E-05 9.98423E-05 9.98423E-05 9.98423E-05 0.934563 9.98423E-05 9.98423E-05 9.98423E-05 9.98423E-05 9.98423E-05 9.98423E-05 0.0169403 9.98423E-05
9.98683E-05 9.98683E-05 9.98683E-05 0.0134734 9.98683E-05 9.98683E-05 9.98683E-05 9.98683E-05 9.98683E-05 9.98683E-05 9.98683E-05 9.98683E-05 0.83611 9.98683E-05 0.118989 0.00949111 9.98683E-05 0.0140956 9.98683E-05 0.00634312 9.98683E-05
9.98771E-05 0.216993 9.98771E-05 9.98771E-05 0.314288 0.0440676 9.98771E-05 9.98771E-05 9.98771E-05 0.0599089 9.98771E-05 9.98771E-05 0.294302 9.98771E-05 9.98771E-05 0.00087156 9.98771E-05 9.98771E-05 0.0681713 9.98771E-05 9.98771E-05
9.99033E-05 9.99033E-05 9.99033E-05 9.99033E-05 9.99033E-05 0.0263675 0.0058762 0.0223519 9.99033E-05 0.0106364 0.0600208 0.0719932 0.680812 0.0476532 9.99033E-05 0.00718242 9.99033E-05 9.99033E-05 0.0660076 9.99033E-05 9.99033E-05
9.98505E-05 9.98505E-05 9.98505E-05 9.98505E-05 9.98505E-05 0.204389 9.98505E-05 9.98505E-05 9.98505E-05 9.98505E-05 0.124555 9.98505E-05 0.628417 9.98505E-05 9.98505E-05 9.98505E-05 9.98505E-05 9.98505E-05 0.0409421 9.98505E-05 9.98505E-05
9.98594E-05 9.98594E-05 9.98594E-05 9.98594E-05 0.349191 0.103937 9.98594E-05 9.98594E-05 9.98594E-05 9.98594E-05 9.98594E-05 0.00268321 0.528491 9.98594E-05 9.98594E-05 9.98594E-05 9.98594E-05 0.0140998 9.98594E-05 9.98594E-05 9.98594E-05
9.9877E-05 0.109351 9.9877E-05 9.9877E-05 0.135182 0.0805324 9.9877E-05 9.9877E-05 9.9877E-05 0.0234621 9.9877E-05 9.9877E-05 0.459048 9.9877E-05 9.9877E-05 0.172665 9.9877E-05 9.9877E-05 0.0183616 9.9877E-05 9.9877E-05
0.0853802 9.98596E-05 9.98596E-05 9.98596E-05 9.98596E-05 9.98596E-05 9.98596E-05 9.98596E-05 9.98596E-05 0.00862133 9.98596E-05 9.98596E-05 0.804859 9.98596E-05 0.0867363 0.0128054 9.98596E-05 9.98596E-05 9.98596E-05 9.98596E-05 9.98596E-05
9.98332E-05 9.98332E-05 9.98332E-05 9.98332E-05 9.98332E-05 9.98332E-05 9.98332E-05 9.98332E-05 9.98332E-05 9.98332E-05 9.98332E-05 9.98332E-05 0.94998 9.98332E-05 9.98332E-05 9.98332E-05 9.98332E-05 0.0481233 9.98332E-05 9.98332E-05 9.98332E-05
9.98505E-05 9.98505E-05 9.98505E-05 9.98505E-05 9.98505E-05 0.247732 9.98505E-05 9.98505E-05 9.98505E-05 9.98505E-05 9.98505E-05 9.98505E-05 0.518577 9.98505E-05 9.98505E-05 9.98505E-05 9.98505E-05 0.163238 0.0687555 9.98505E-05 9.98505E-05
9.98946E-05 9.98946E-05 9.98946E-05 9.98946E-05 0.0681004 0.092349 9.98946E-05 9.98946E-05 9.98946E-05 0.0445299 0.161702 0.0376342 0.400395 9.98946E-05 9.98946E-05 9.98946E-05 0.123188 0.070198 9.98946E-05 0.000705337 9.98946E-05
9.9877E-05 0.040826 9.9877E-05 9.9877E-05 9.9877E-05 9.9877E-05 9.9877E-05 0.0777777 9.9877E-05 9.9877E-05 9.9877E-05 0.0176508 0.514101 9.9877E-05 9.9877E-05 9.9877E-05 9.9877E-05 0.14854 0.133776 0.06593 9.9877E-05
9.98594E-05 9.98594E-05 9.98594E-05 9.98594E-05 0.106321 0.177368 9.98594E-05 0.00321108 9.98594E-05 9.98594E-05 0.154314 9.98594E-05 0.557188 9.98594E-05 9.98594E-05 9.98594E-05 9.98594E-05 9.98594E-05 9.98594E-05 9.98594E-05 9.98594E-05
9.98423E-05 9.98423E-05 9.98423E-05 9.98423E-05 9.98423E-05 9.98423E-05 0.062879 9.98423E-05 9.98423E-05 9.98423E-05 9.98423E-05 9.98423E-05 0.914227 9.98423E-05 9.98423E-05 9.98423E-05 9.98423E-05 9.98423E-05 9.98423E-05 0.0210968 9.98423E-05
9.98421E-05 9.98421E-05 9.98421E-05 9.98421E-05 9.98421E-05 9.98421E-05 9.98421E-05 9.98421E-05 9.98421E-05 9.98421E-05 9.98421E-05 9.98421E-05 0.954982 9.98421E-05 0.0359659 9.98421E-05 9.98421E-05 9.98421E-05 0.0072551 9.98421E-05 9.98421E-05
9.98769E-05 0.0675175 9.98769E-05 9.98769E-05 9.98769E-05 0.00509545 9.98769E-05 9.98769E-05 9.98769E-05 0.102093 9.98769E-05 0.00297965 0.73259 9.98769E-05 9.98769E-05 0.0700902 9.98769E-05 9.98769E-05 0.0182354 9.98769E-05 9.98769E-05
9.98595E-05 9.98595E-05 9.98595E-05 9.98595E-05 9.98595E-05 9.98595E-05 9.98595E-05 9.98595E-05 9.98595E-05 9.98595E-05 0.0910291 0.168528 0.572218 9.98595E-05 9.98595E-05 9.98595E-05 9.98595E-05 0.12529 0.0413378 9.98595E-05 9.98595E-05
9.98508E-05 9.98508E-05 9.98508E-05 9.98508E-05 9.98508E-05 0.0192387 9.98508E-05 9.98508E-05 9.98508E-05 9.98508E-05 0.0600818 9.98508E-05 0.851464 9.98508E-05 9.98508E-05 0.0675181 9.98508E-05 9.98508E-05 9.98508E-05 9.98508E-05 9.98508E-05
9.98593E-05 9.98593E-05 9.98593E-05 9.98593E-05 0.0410569 0.159163 9.98593E-05 9.98593E-05 9.98593E-05 0.0172301 9.98593E-05 9.98593E-05 0.729736 9.98593E-05 9.98593E-05 9.98593E-05 9.98593E-05 9.98593E-05 9.98593E-05 0.0512158 9.98593E-05
9.98423E-05 9.98423E-05 9.98423E-05 9.98423E-05 9.98423E-05 9.98423E-05 9.98423E-05 9.98423E-05 9.98423E-05 0.00878795 9.98423E-05 9.98423E-05 0.962888 9.98423E-05 0.0265264 9.98423E-05 9.98423E-05 9.98423E-05 9.98423E-05 9.98423E-05 9.98423E-05
9.98681E-05 0.00414144 9.98681E-05 9.98681E-05 0.0266569 0.0596286 9.98681E-05 9.98681E-05 9.98681E-05 9.98681E-05 0.272034 9.98681E-05 0.635011 9.98681E-05 9.98681E-05 9.98681E-05 0.00103008 9.98681E-05 9.98681E-05 9.98681E-05 9.98681E-05
9.98597E-05 0.195752 9.98597E-05 9.98597E-05 0.063828 9.98597E-05 9.98597E-05 9.98597E-05 0.00200888 9.98597E-05 0.0282885 9.98597E-05 0.708525 9.98597E-05 9.98597E-05 9.98597E-05 9.98597E-05 9.98597E-05 9.98597E-05 9.98597E-05 9.98597E-05
9.98595E-05 9.98595E-05 9.98595E-05 9.98595E-05 9.98595E-05 9.98595E-05 9.98595E-05 9.98595E-05 9.98595E-05 0.0237487 9.98595E-05 0.167502 0.694619 9.98595E-05 9.98595E-05 9.98595E-05 9.98595E-05 0.0443767 0.068156 9.98595E-05 9.98595E-05
9.98419E-05 9.98419E-05 9.98419E-05 9.98419E-05 9.98419E-05 9.98419E-05 9.98419E-05 9.98419E-05 9.98419E-05 9.98419E-05 9.98419E-05 9.98419E-05 0.850653 9.98419E-05 9.98419E-05 9.98419E-05 9.98419E-05 0.142526 0.00502366 9.98419E-05 9.98419E-05
9.98597E-05 9.98597E-05 9.98597E-05 9.98597E-05 9.98597E-05 9.98597E-05 9.98597E-05 9.98597E-05 9.98597E-05 9.98597E-05 9.98597E-05 9.98597E-05 0.800462 0.022388 0.128875 9.98597E-05 9.98597E-05 9.98597E-05 0.0187886 9.98597E-05 0.0278881
9.98335E-05 9.98335E-05 9.98335E-05 9.98335E-05 9.98335E-05 9.98335E-05 9.98335E-05 9.98335E-05 0.0079437 9.98335E-05 9.98335E-05 9.98335E-05 0.990159 9.98335E-05 9.98335E-05 9.98335E-05 9.98335E-05 9.98335E-05 9.98335E-05 9.98335E-05 9.98335E-05
9.98246E-05 9.98246E-05 9.98246E-05 9.98246E-05 9.98246E-05 9.98246E-05 9.98246E-05 9.98246E-05 9.98246E-05 9.98246E-05 9.98246E-05 9.98246E-05 0.998004 9.98246E-05 9.98246E-05 9.98246E-05 9.98246E-05 9.98246E-05 9.98246E-05 9.98246E-05 9.98246E-05
9.98422E-05 9.98422E-05 9.98422E-05 9.98422E-05 9.98422E-05 9.98422E-05 9.98422E-05 9.98422E-05 9.98422E-05 9.98422E-05 9.98422E-05 9.98422E-05 0.845322 9.98422E-05 9.98422E-05 0.126403 9.98422E-05 9.98422E-05 0.0264779 9.98422E-05 9.98422E-05
9.98598E-05 9.98598E-05 9.98598E-05 9.98598E-05 9.98598E-05 0.0958035 9.98598E-05 9.98598E-05 0.206747 9.98598E-05 9.98598E-05 9.98598E-05 0.546576 9.98598E-05 0.086867 9.98598E-05 9.98598E-05 9.98598E-05 0.0624086 9.98598E-05 9.98598E-05
9.98421E-05 0.7848 9.98421E-05 9.98421E-05 9.98421E-05 0.0915583 9.98421E-05 9.98421E-05 9.98421E-05 9.98421E-05 9.98421E-05 9.98421E-05 9.98421E-05 9.98421E-05 9.98421E-05 9.98421E-05 9.98421E-05 9.98421E-05 0.121844 9.98421E-05 9.98421E-05
9.9851E-05 0.387725 0.523585 9.9851E-05 9.9851E-05 0.0364324 9.9851E-05 9.9851E-05 0.0505603 9.9851E-05 9.9851E-05 9.9851E-05 9.9851E-05 9.9851E-05 9.9851E-05 9.9851E-05 9.9851E-05 9.9851E-05 9.9851E-05 9.9851E-05 9.9851E-05
9.98683E-05 0.811987 9.98683E-05 9.98683E-05 9.98683E-05 0.0496 0.0986729 9.98683E-05 9.98683E-05 9.98683E-05 9.98683E-05 9.98683E-05 9.98683E-05 9.98683E-05 9.98683E-05 0.0127846 9.98683E-05 0.0165908 0.00886624 9.98683E-05 9.98683E-05
9.98594E-05 0.726513 9.98594E-05 9.98594E-05 9.98594E-05 0.155837 0.00214201 9.98594E-05 9.98594E-05 9.98594E-05 9.98594E-05 9.98594E-05 9.98594E-05 9.98594E-05 9.98594E-05 0.0535168 9.98594E-05 9.98594E-05 0.0603933 9.98594E-05 9.98594E-05
0.00161149 0.872776 9.98506E-05 9.98506E-05 9.98506E-05 9.98506E-05 9.98506E-05 9.98506E-05 9.98506E-05 0.0231214 9.98506E-05 9.98506E-05 9.98506E-05 9.98506E-05 9.98506E-05 9.98506E-05 9.98506E-05 9.98506E-05 0.100793 9.98506E-05 9.98506E-05
9.98683E-05 0.422561 9.98683E-05 9.98683E-05 0.111382 0.140413 9.98683E-05 9.98683E-05 0.124534 9.98683E-05 9.98683E-05 0.0572769 9.98683E-05 9.98683E-05 9.98683E-05 9.98683E-05 9.98683E-05 9.98683E-05 0.142336 9.98683E-05 9.98683E-05
9.98771E-05 0.66737 9.98771E-05 9.98771E-05 9.98771E-05 0.0635358 9.98771E-05 9.98771E-05 0.123197 9.98771E-05 0.0589062 9.98771E-05 9.98771E-05 9.98771E-05 9.98771E-05 0.00499861 9.98771E-05 0.00149719 0.0790963 9.98771E-05 9.98771E-05
9.98332E-05 0.837972 9.98332E-05 9.98332E-05 9.98332E-05 9.98332E-05 9.98332E-05 9.98332E-05 9.98332E-05 9.98332E-05 9.98332E-05 9.98332E-05 9.98332E-05 9.98332E-05 9.98332E-05 9.98332E-05 9.98332E-05 9.98332E-05 0.160131 9.98332E-05 9.98332E-05
9.98595E-05 0.351793 9.98595E-05 9.98595E-05 0.21173 9.98595E-05 9.98595E-05 9.98595E-05 9.98595E-05 9.98595E-05 0.050896 9.98595E-05 9.98595E-05 9.98595E-05 9.98595E-05 9.98595E-05 9.98595E-05 0.00709646 0.376887 9.98595E-05 9.98595E-05
9.98508E-05 0.47443 9.98508E-05 9.98508E-05 9.98508E-05 0.241185 9.98508E-05 9.98508E-05 9.98508E-05 9.98508E-05 0.024857 9.98508E-05 9.98508E-05 9.98508E-05 9.98508E-05 9.98508E-05 9.98508E-05 9.98508E-05 0.257831 9.98508E-05 9.98508E-05
9.98684E-05 0.322757 0.337816 9.98684E-05 0.273943 0.0345482 9.98684E-05 9.98684E-05 9.98684E-05 9.98684E-05 9.98684E-05 9.98684E-05 9.98684E-05 9.98684E-05 9.98684E-05 9.98684E-05 0.0158518 0.0135862 9.98684E-05 9.98684E-05 9.98684E-05
9.98596E-05 0.552549 0.220876 9.98596E-05 0.110258 0.0971901 9.98596E-05 9.98596E-05 9.98596E-05 9.98596E-05 9.98596E-05 9.98596E-05 9.98596E-05 0.0175291 9.98596E-05 9.98596E-05 9.98596E-05 9.98596E-05 9.98596E-05 9.98596E-05 9.98596E-05
9.98423E-05 0.855079 9.98423E-05 9.98423E-05 9.98423E-05 9.98423E-05 9.98423E-05 9.98423E-05 0.117913 9.98423E-05 9.98423E-05 9.98423E-05 9.98423E-05 9.98423E-05 9.98423E-05 9.98423E-05 9.98423E-05 9.98423E-05 0.0252111 9.98423E-05 9.98423E-05
0.0155769 0.465096 9.98597E-05 9.98597E-05 9.98597E-05 0.153117 9.98597E-05 9.98597E-05 0.19737 9.98597E-05 9.98597E-05 9.98597E-05 9.98597E-05 9.98597E-05 9.98597E-05 9.98597E-05 9.98597E-05 9.98597E-05 0.167243 9.98597E-05 9.98597E-05
9.98772E-05 0.520924 9.98772E-05 9.98772E-05 9.98772E-05 9.98772E-05 9.98772E-05 9.98772E-05 0.257127 9.98772E-05 9.98772E-05 9.98772E-05 9.98772E-05 0.0167515 0.00853558 0.100934 0.0638909 9.98772E-05 0.0304386 9.98772E-05 9.98772E-05
9.98772E-05 0.692975 0.0072881 9.98772E-05 0.093941 0.140181 0.01316 9.98772E-05 9.98772E-05 0.0328542 9.98772E-05 9.98772E-05 9.98772E-05 9.98772E-05 9.98772E-05 9.98772E-05 9.98772E-05 9.98772E-05 0.0182032 9.98772E-05 9.98772E-05
9.98595E-05 0.528901 0.134419 9.98595E-05 0.186561 0.134969 9.98595E-05 9.98595E-05 9.98595E-05 9.98595E-05 9.98595E-05 9.98595E-05 9.98595E-05 0.0135534 9.98595E-05 9.98595E-05 9.98595E-05 9.98595E-05 9.98595E-05 9.98595E-05 9.98595E-05
9.98686E-05 0.662679 0.0890185 9.98686E-05 9.98686E-05 9.98686E-05 0.0966812 9.98686E-05 9.98686E-05 0.0382618 0.0183252 9.98686E-05 9.98686E-05 9.98686E-05 9.98686E-05 9.98686E-05 9.98686E-05 9.98686E-05 0.0935361 9.98686E-05 9.98686E-05
9.98596E-05 0.900206 0.0318903 9.98596E-05 9.98596E-05 9.98596E-05 9.98596E-05 9.98596E-05 9.98596E-05 9.98596E-05 9.98596E-05 9.98596E-05 9.98596E-05 9.98596E-05 0.0228689 9.98596E-05 9.98596E-05 0.0231003 0.0203367 9.98596E-05 9.98596E-05
9.98772E-05 0.368674 0.355156 9.98772E-05 9.98772E-05 0.0904806 9.98772E-05 9.98772E-05 9.98772E-05 9.98772E-05 9.98772E-05 9.98772E-05 0.00386266 0.0794543 9.98772E-05 9.98772E-05 9.98772E-05 9.98772E-05 0.0443844 0.0565903 9.98772E-05
9.98771E-05 0.771083 9.98771E-05 9.98771E-05 9.98771E-05 0.0344944 0.0559476 9.98771E-05 0.0397636 9.98771E-05 9.98771E-05 0.0041543 9.98771E-05 9.98771E-05 0.0851173 9.98771E-05 9.98771E-05 9.98771E-05 0.00804194 9.98771E-05 9.98771E-05
9.98684E-05 0.944423 9.98684E-05 9.98684E-05 9.98684E-05 0.00557084 9.98684E-05 9.98684E-05 9.98684E-05 9.98684E-05 9.98684E-05 9.98684E-05 9.98684E-05 0.00586245 9.98684E-05 0.00974175 9.98684E-05 0.0133502 0.0195541 9.98684E-05 9.98684E-05
9.98596E-05 0.470837 9.98596E-05 9.98596E-05 0.0303866 0.154083 9.98596E-05 9.98596E-05 9.98596E-05 9.98596E-05 9.98596E-05 9.98596E-05 9.98596E-05 0.0784509 9.98596E-05 9.98596E-05 9.98596E-05 9.98596E-05 0.264645 9.98596E-05 9.98596E-05
9.98597E-05 0.589651 0.154761 9.98597E-05 9.98597E-05 9.98597E-05 0.000468949 9.98597E-05 0.0150109 9.98597E-05 9.98597E-05 9.98597E-05 9.98597E-05 9.98597E-05 9.98597E-05 9.98597E-05 9.98597E-05 9.98597E-05 0.238511 9.98597E-05 9.98597E-05
9.98771E-05 0.510743 9.98771E-05 9.98771E-05 0.1094 0.128222 0.0201797 0.0125388 9.98771E-05 9.98771E-05 9.98771E-05 9.98771E-05 9.98771E-05 0.00314441 9.98771E-05 9.98771E-05 9.98771E-05 9.98771E-05 0.214373 9.98771E-05 9.98771E-05
9.98685E-05 0.316363 0.3201 9.98685E-05 9.98685E-05 0.156351 9.98685E-05 9.98685E-05 9.98685E-05 9.98685E-05 0.0248002 9.98685E-05 0.0263832 9.98685E-05 9.98685E-05 9.98685E-05 9.98685E-05 9.98685E-05 0.154505 9.98685E-05 9.98685E-05
0.139973 9.98683E-05 9.98683E-05 9.98683E-05 9.98683E-05 0.0580964 0.00179829 9.98683E-05 0.778227 0.0191533 9.98683E-05 9.98683E-05 9.98683E-05 0.00125374 9.98683E-05 9.98683E-05 9.98683E-05 9.98683E-05 9.98683E-05 9.98683E-05 9.98683E-05
9.98506E-05 0.8501 9.98506E-05 9.98506E-05 9.98506E-05 0.0248149 9.98506E-05 9.98506E-05 9.98506E-05 9.98506E-05 9.98506E-05 0.0233991 9.98506E-05 9.98506E-05 9.98506E-05 9.98506E-05 9.98506E-05 9.98506E-05 0.0999884 9.98506E-05 9.98506E-05
9.98597E-05 0.534818 0.0342675 9.98597E-05 0.00461333 0.162918 9.98597E-05 9.98597E-05 9.98597E-05 9.98597E-05 9.98597E-05 9.98597E-05 9.98597E-05 9.98597E-05 9.98597E-05 9.98597E-05 9.98597E-05 9.98597E-05 0.261786 9.98597E-05 9.98597E-05
9.98508E-05 0.489848 9.98508E-05 9.98508E-05 9.98508E-05 0.0637583 0.132614 9.98508E-05 0.312083 9.98508E-05 9.98508E-05 9.98508E-05 9.98508E-05 9.98508E-05 9.98508E-05 9.98508E-05 9.98508E-05 9.98508E-05 9.98508E-05 9.98508E-05 9.98508E-05
9.9851E-05 0.735147 9.9851E-05 9.9851E-05 9.9851E-05 0.222296 9.9851E-05 9.9851E-05 9.9851E-05 9.9851E-05 9.9851E-05 9.9851E-05 9.9851E-05 9.9851E-05 9.9851E-05 9.9851E-05 9.9851E-05 9.9851E-05 0.0128703 0.0279894 9.9851E-05
9.98595E-05 0.696391 9.98595E-05 9.98595E-05 9.98595E-05 0.0103792 9.98595E-05 9.98595E-05 0.176723 9.98595E-05 9.98595E-05 9.98595E-05 9.98595E-05 9.98595E-05 9.98595E-05 9.98595E-05 9.98595E-05 0.0163121 9.98595E-05 0.0985967 9.98595E-05
9.98595E-05 0.359524 9.98595E-05 9.98595E-05 9.98595E-05 0.107083 0.182824 9.98595E-05 9.98595E-05 9.98595E-05 9.98595E-05 9.98595E-05 9.98595E-05 0.0812582 9.98595E-05 9.98595E-05 9.98595E-05 9.98595E-05 0.267713 9.98595E-05 9.98595E-05
9.98419E-05 0.910682 9.98419E-05 9.98419E-05 9.98419E-05 9.98419E-05 9.98419E-05 9.98419E-05 9.98419E-05 9.98419E-05 0.0555195 9.98419E-05 9.98419E-05 9.98419E-05 9.98419E-05 9.98419E-05 9.98419E-05 9.98419E-05 0.0320016 9.98419E-05 9.98419E-05
9.9851E-05 0.942595 0.0507976 9.9851E-05 9.9851E-05 0.00370973 9.9851E-05 9.9851E-05 9.9851E-05 9.9851E-05 9.9851E-05 9.9851E-05 9.9851E-05 9.9851E-05 9.9851E-05 9.9851E-05 9.9851E-05 9.9851E-05 0.0011998 9.9851E-05 9.9851E-05
0.0126732 0.582012 0.188225 9.98859E-05 9.98859E-05 9.98859E-05 9.98859E-05 9.98859E-05 9.98859E-05 9.98859E-05 9.98859E-05 0.109617 9.98859E-05 0.0234615 9.98859E-05 0.0219139 9.98859E-05 0.031038 0.0297604 9.98859E-05 9.98859E-05
9.98595E-05 0.619913 9.98595E-05 9.98595E-05 9.98595E-05 0.211206 9.98595E-05 9.98595E-05 9.98595E-05 9.98595E-05 9.98595E-05 9.98595E-05 9.98595E-05 9.98595E-05 9.98595E-05 0.048559 9.98595E-05 0.0294979 0.0892254 9.98595E-05 9.98595E-05
0.00128617 0.181372 0.112106 9.98859E-05 9.98859E-05 9.98859E-05 9.98859E-05 0.117821 0.529071 9.98859E-05 9.98859E-05 9.98859E-05 9.98859E-05 0.0268115 9.98859E-05 0.0296699 9.98859E-05 9.98859E-05 0.000563966 9.98859E-05 9.98859E-05
9.98596E-05 0.356375 9.98596E-05 9.98596E-05 9.98596E-05 0.0571383 9.98596E-05 9.98596E-05 0.516829 9.98596E-05 9.98596E-05 9.98596E-05 9.98596E-05 0.0202491 9.98596E-05 9.98596E-05 9.98596E-05 9.98596E-05 0.0478112 9.98596E-05 9.98596E-05
9.98334E-05 0.256778 9.98334E-05 9.98334E-05 9.98334E-05 9.98334E-05 9.98334E-05 9.98334E-05 0.741325 9.98334E-05 9.98334E-05 9.98334E-05 9.98334E-05 9.98334E-05 9.98334E-05 9.98334E-05 9.98334E-05 9.98334E-05 9.98334E-05 9.98334E-05 9.98334E-05
9.98598E-05 0.204661 0.648289 9.98598E-05 9.98598E-05 9.98598E-05 9.98598E-05 9.98598E-05 9.98598E-05 9.98598E-05 9.98598E-05 9.98598E-05 9.98598E-05 9.98598E-05 9.98598E-05 0.0104178 9.98598E-05 0.0835635 0.0514709 9.98598E-05 9.98598E-05
9.98508E-05 0.522299 9.98508E-05 9.98508E-05 0.116472 0.278937 9.98508E-05 9.98508E-05 9.98508E-05 9.98508E-05 9.98508E-05 9.98508E-05 9.98508E-05 9.98508E-05 9.98508E-05 9.98508E-05 9.98508E-05 9.98508E-05 0.0805953 9.98508E-05 9.98508E-05
9.98509E-05 0.710929 9.98509E-05 9.98509E-05 9.98509E-05 9.98509E-05 9.98509E-05 9.98509E-05 9.98509E-05 9.98509E-05 0.0441776 9.98509E-05 9.98509E-05 9.98509E-05 9.98509E-05 9.98509E-05 0.108589 9.98509E-05 0.134607 9.98509E-05 9.98509E-05
9.98596E-05 9.98596E-05 0.707673 9.98596E-05 9.98596E-05 0.0530312 0.0267116 9.98596E-05 9.98596E-05 9.98596E-05 9.98596E-05 9.98596E-05 9.98596E-05 0.0332905 9.98596E-05 9.98596E-05 9.98596E-05 9.98596E-05 0.177696 9.98596E-05 9.98596E-05
9.98421E-05 0.320004 0.632758 9.98421E-05 9.98421E-05 0.0454403 9.98421E-05 9.98421E-05 9.98421E-05 9.98421E-05 9.98421E-05 9.98421E-05 9.98421E-05 9.98421E-05 9.98421E-05 9.98421E-05 9.98421E-05 9.98421E-05 9.98421E-05 9.98421E-05 9.98421E-05
9.9877E-05 0.540622 9.9877E-05 9.9877E-05 0.182482 9.9877E-05 9.9877E-05 9.9877E-05 9.9877E-05 0.0147868 9.9877E-05 9.9877E-05 9.9877E-05 0.0783876 9.9877E-05 0.0501439 9.9877E-05 0.00770762 0.124471 9.9877E-05 9.9877E-05
9.98771E-05 0.532331 0.0524464 9.98771E-05 9.98771E-05 0.0926188 9.98771E-05 9.98771E-05 9.98771E-05 9.98771E-05 9.98771E-05 9.98771E-05 0.192213 9.98771E-05 9.98771E-05 0.00675748 9.98771E-05 0.0283845 0.0938508 9.98771E-05 9.98771E-05
0.217942 0.346804 9.98774E-05 9.98774E-05 0.14401 0.0329773 9.98774E-05 9.98774E-05 0.140138 9.98774E-05 0.0382643 9.98774E-05 9.98774E-05 9.98774E-05 9.98774E-05 9.98774E-05 9.98774E-05 9.98774E-05 0.0784662 9.98774E-05 9.98774E-05
0.00110333 0.509058 9.98947E-05 9.98947E-05 9.98947E-05 0.135073 0.00478392 9.98947E-05 9.98947E-05 9.98947E-05 0.0576557 9.98947E-05 0.0166752 0.0446696 9.98947E-05 9.98947E-05 9.98947E-05 0.0145841 0.215199 9.98947E-05 9.98947E-05
9.9842E-05 0.218904 0.0156094 9.9842E-05 9.9842E-05 9.9842E-05 9.9842E-05 9.9842E-05 0.76369 9.9842E-05 9.9842E-05 9.9842E-05 9.9842E-05 9.9842E-05 9.9842E-05 9.9842E-05 9.9842E-05 9.9842E-05 9.9842E-05 9.9842E-05 9.9842E-05
9.98507E-05 0.753917 9.98507E-05 9.98507E-05 9.98507E-05 0.102558 9.98507E-05 9.98507E-05 9.98507E-05 0.015242 9.98507E-05 0.126586 9.98507E-05 9.98507E-05 9.98507E-05 9.98507E-05 9.98507E-05 9.98507E-05 9.98507E-05 9.98507E-05 9.98507E-05
9.98596E-05 0.117017 9.98596E-05 9.98596E-05 0.0613009 9.98596E-05 0.0681955 9.98596E-05 0.724798 9.98596E-05 9.98596E-05 9.98596E-05 9.98596E-05 9.98596E-05 9.98596E-05 9.98596E-05 9.98596E-05 9.98596E-05 0.0270916 9.98596E-05 9.98596E-05
9.98597E-05 0.420178 9.98597E-05 9.98597E-05 9.98597E-05 0.118858 9.98597E-05 9.98597E-05 0.306274 9.98597E-05 9.98597E-05 9.98597E-05 9.98597E-05 9.98597E-05 9.98597E-05 9.98597E-05 9.98597E-05 0.04197 0.111122 9.98597E-05 9.98597E-05
9.98508E-05 0.845561 9.98508E-05 9.98508E-05 9.98508E-05 9.98508E-05 9.98508E-05 9.98508E-05 9.98508E-05 9.98508E-05 9.98508E-05 9.98508E-05 9.98508E-05 9.98508E-05 9.98508E-05 0.00576341 9.98508E-05 9.98508E-05 0.0599717 0.0870067 9.98508E-05
9.98507E-05 0.95382 9.98507E-05 9.98507E-05 9.98507E-05 9.98507E-05 9.98507E-05 9.98507E-05 9.98507E-05 9.98507E-05 9.98507E-05 0.024672 9.98507E-05 9.98507E-05 9.98507E-05 0.00609541 9.98507E-05 0.0137155 9.98507E-05 9.98507E-05 9.98507E-05
9.98508E-05 0.413847 9.98508E-05 9.98508E-05 0.290749 0.114448 9.98508E-05 9.98508E-05 9.98508E-05 9.98508E-05 9.98508E-05 9.98508E-05 9.98508E-05 9.98508E-05 9.98508E-05 9.98508E-05 9.98508E-05 9.98508E-05 0.179259 9.98508E-05 9.98508E-05
9.98419E-05 0.763289 9.98419E-05 9.98419E-05 9.98419E-05 0.0758111 9.98419E-05 9.98419E-05 9.98419E-05 9.98419E-05 9.98419E-05 9.98419E-05 9.98419E-05 9.98419E-05 9.98419E-05 9.98419E-05 9.98419E-05 9.98419E-05 0.159102 9.98419E-05 9.98419E-05
9.9842E-05 0.982822 9.9842E-05 9.9842E-05 9.9842E-05 9.9842E-05 0.00784375 9.9842E-05 9.9842E-05 9.9842E-05 9.9842E-05 9.9842E-05 9.9842E-05 9.9842E-05 9.9842E-05 9.9842E-05 9.9842E-05 9.9842E-05 0.00753671 9.9842E-05 9.9842E-05
9.98595E-05 0.621771 9.98595E-05 9.98595E-05 9.98595E-05 0.0934688 9.98595E-05 9.98595E-05 0.197511 9.98595E-05 9.98595E-05 9.98595E-05 9.98595E-05 0.0654554 9.98595E-05 9.98595E-05 9.98595E-05 9.98595E-05 9.98595E-05 0.0201966 9.98595E-05
9.98596E-05 0.446148 9.98596E-05 9.98596E-05 0.0635973 0.00686945 9.98596E-05 9.98596E-05 0.313138 9.98596E-05 9.98596E-05 9.98596E-05 9.98596E-05 9.98596E-05 9.98596E-05 9.98596E-05 9.98596E-05 9.98596E-05 0.168649 9.98596E-05 9.98596E-05
9.98243E-05 9.98243E-05 9.98243E-05 9.98243E-05 9.98243E-05 0.998004 9.98243E-05 9.98243E-05 9.98243E-05 9.98243E-05 9.98243E-05 9.98243E-05 9.98243E-05 9.98243E-05 9.98243E-05 9.98243E-05 9.98243E-05 9.98243E-05 9.98243E-05 9.98243E-05 9.98243E-05
9.98241E-05 9.98241E-05 9.98241E-05 9.98241E-05 9.98241E-05 9.98241E-05 9.98241E-05 9.98241E-05 9.98241E-05 9.98241E-05 9.98241E-05 9.98241E-05 9.98241E-05 9.98241E-05 9.98241E-05 9.98241E-05 9.98241E-05 9.98241E-05 0.998004 9.98241E-05 9.98241E-05
9.98241E-05 9.98241E-05 9.98241E-05 9.98241E-05 9.98241E-05 0.998004 9.98241E-05 9.98241E-05 9.98241E-05 9.98241E-05 9.98241E-05 9.98241E-05 9.98241E-05 9.98241E-05 9.98241E-05 9.98241E-05 9.98241E-05 9.98241E-05 9.98241E-05 9.98241E-05 9.98241E-05
9.98104E-05 9.98104E-05 9.98104E-05 9.98104E-05 9.98104E-05 9.98104E-05 9.98104E-05 9.98104E-05 9.98104E-05 9.98104E-05 9.98104E-05 9.98104E-05 9.98104E-05 9.98104E-05 9.98104E-05 9.98104E-05 9.98104E-05 9.98104E-05 0.998004 9.98104E-05 9.98104E-05
9.98242E-05 9.98242E-05 9.98242E-05 9.98242E-05 9.98242E-05 9.98242E-05 9.98242E-05 9.98242E-05 9.98242E-05 9.98242E-05 9.98242E-05 9.98242E-05 9.98242E-05 9.98242E-05 9.98242E-05 9.98242E-05 9.98242E-05 9.98242E-05 0.998004 9.98242E-05 9.98242E-05
9.98241E-05 9.98241E-05 9.98241E-05 9.98241E-05 9.98241E-05 9.98241E-05 9.98241E-05 9.98241E-05 9.98241E-05 9.98241E-05 9.98241E-05 9.98241E-05 9.98241E-05 9.98241E-05 9.98241E-05 9.98241E-05 9.98241E-05 9.98241E-05 0.998004 9.98241E-05 9.98241E-05
9.98242E-05 9.98242E-05 9.98242E-05 9.98242E-05 9.98242E-05 0.998004 9.98242E-05 9.98242E-05 9.98242E-05 9.98242E-05 9.98242E-05 9.98242E-05 9.98242E-05 9.98242E-05 9.98242E-05 9.98242E-05 9.98242E-05 9.98242E-05 9.98242E-05 9.98242E-05 9.98242E-05
9.98243E-05 9.98243E-05 9.98243E-05 9.98243E-05 9.98243E-05 9.98243E-05 9.98243E-05 9.98243E-05 9.98243E-05 9.98243E-05 9.98243E-05 9.98243E-05 9.98243E-05 9.98243E-05 9.98243E-05 9.98243E-05 9.98243E-05 9.98243E-05 0.998004 9.98243E-05 9.98243E-05
9.98242E-05 9.98242E-05 9.98242E-05 9.98242E-05 9.98242E-05 9.98242E-05 9.98242E-05 9.98242E-05 9.98242E-05 9.98242E-05 9.98242E-05 9.98242E-05 9.98242E-05 9.98242E-05 9.98242E-05 9.98242E-05 9.98242E-05 9.98242E-05 0.998004 9.98242E-05 9.98242E-05
9.98242E-05 9.98242E-05 9.98242E-05 9.98242E-05 9.98242E-05 0.998004 9.98242E-05 9.98242E-05 9.98242E-05 9.98242E-05 9.98242E-05 9.98242E-05 9.98242E-05 9.98242E-05 9.98242E-05 9.98242E-05 9.98242E-05 9.98242E-05 9.98242E-05 9.98242E-05 9.98242E-05
9.98242E-05 9.98242E-05 9.98242E-05 9.98242E-05 9.98242E-05 0.998004 9.98242E-05 9.98242E-05 9.98242E-05 9.98242E-05 9.98242E-05 9.98242E-05 9.98242E-05 9.98242E-05 9.98242E-05 9.98242E-05 9.98242E-05 9.98242E-05 9.98242E-05 9.98242E-05 9.98242E-05
9.98242E-05 9.98242E-05 9.98242E-05 9.98242E-05 9.98242E-05 0.998004 9.98242E-05 9.98242E-05 9.98242E-05 9.98242E-05 9.98242E-05 9.98242E-05 9.98242E-05 9.98242E-05 9.98242E-05 9.98242E-05 9.98242E-05 9.98242E-05 9.98242E-05 9.98242E-05 9.98242E-05
9.98241E-05 9.98241E-05 9.98241E-05 9.98241E-05 9.98241E-05 9.98241E-05 9.98241E-05 9.98241E-05 9.98241E-05 9.98241E-05 9.98241E-05 9.98241E-05 9.98241E-05 9.98241E-05 9.98241E-05 9.98241E-05 9.98241E-05 9.98241E-05 0.998004 9.98241E-05 9.98241E-05
9.98242E-05 9.98242E-05 9.98242E-05 9.98242E-05 9.98242E-05 9.98242E-05 9.98242E-05 9.98242E-05 9.98242E-05 9.98242E-05 9.98242E-05 9.98242E-05 9.98242E-05 9.98242E-05 9.98242E-05 9.98242E-05 9.98242E-05 9.98242E-05 0.998004 9.98242E-05 9.98242E-05
9.98331E-05 9.98331E-05 9.98331E-05 9.98331E-05 9.98331E-05 0.990254 9.98331E-05 9.98331E-05 9.98331E-05 9.98331E-05 9.98331E-05 9.98331E-05 9.98331E-05 0.00784908 9.98331E-05 9.98331E-05 9.98331E-05 9.98331E-05 9.98331E-05 9.98331E-05 9.98331E-05
9.98242E-05 9.98242E-05 9.98242E-05 9.98242E-05 9.98242E-05 0.998004 9.98242E-05 9.98242E-05 9.98242E-05 9.98242E-05 9.98242E-05 9.98242E-05 9.98242E-05 9.98242E-05 9.98242E-05 9.98242E-05 9.98242E-05 9.98242E-05 9.98242E-05 9.98242E-05 9.98242E-05
0.0477167 0.666614 9.98683E-05 9.98683E-05 9.98683E-05 0.0653248 9.98683E-05 9.98683E-05 9.98683E-05 0.0433568 9.98683E-05 0.132705 9.98683E-05 9.98683E-05 9.98683E-05 9.98683E-05 9.98683E-05 9.98683E-05 0.0427847 9.98683E-05 9.98683E-05
9.98242E-05 9.98242E-05 9.98242E-05 9.98242E-05 9.98242E-05 0.998004 9.98242E-05 9.98242E-05 9.98242E-05 9.98242E-05 9.98242E-05 9.98242E-05 9.98242E-05 9.98242E-05 9.98242E-05 9.98242E-05 9.98242E-05 9.98242E-05 9.98242E-05 9.98242E-05 9.98242E-05
