0.188033 9.99736E-05 9.99736E-05 0.130589 0.149346 9.99736E-05 0.50387 0.0278625
0.028572 9.99824E-05 9.99824E-05 0.0484731 0.134347 0.0449899 0.742885 0.000532662
0.0258426 9.99736E-05 0.0341961 0.0125155 9.99736E-05 0.0305362 0.89661 9.99736E-05
0.0444552 0.177195 0.0448763 0.097719 9.99824E-05 0.343146 0.292409 9.99824E-05
9.99561E-05 0.0227968 9.99561E-05 9.99561E-05 9.99561E-05 0.0847943 0.891909 9.99561E-05
0.0812022 0.179434 0.0343386 0.0748778 0.119381 0.160372 0.350295 9.99912E-05
0.0484345 9.99737E-05 9.99737E-05 0.174318 0.222427 0.228365 0.326155 9.99737E-05
9.99824E-05 0.274416 9.99824E-05 0.0670068 0.0305082 0.185267 0.300435 0.142167
0.342825 0.261314 9.99649E-05 9.99649E-05 9.99649E-05 0.173789 0.221673 9.99649E-05
0.18182 9.99561E-05 9.99561E-05 9.99561E-05 9.99561E-05 9.99561E-05 0.815969 0.00171103
0.256322 0.0236335 9.99824E-05 0.159048 9.99824E-05 0.0539462 0.460534 0.0463161
9.99649E-05 0.0347329 9.99649E-05 0.0179833 9.99649E-05 0.0627816 0.884102 9.99649E-05
0.128586 9.99561E-05 9.99561E-05 0.0230884 9.99561E-05 9.99561E-05 0.847826 9.99561E-05
0.112409 9.99649E-05 0.149169 0.0701903 9.99649E-05 9.99649E-05 0.667832 9.99649E-05
0.24114 0.236109 0.0755617 9.99912E-05 0.075458 0.0505451 0.318962 0.00212329
0.166086 0.247535 9.99824E-05 0.028879 9.99824E-05 0.206719 0.314081 0.0364995
0.0788886 0.0223594 0.0569804 0.0693172 0.126637 0.0179892 0.627728 9.99912E-05
0.229027 0.103857 9.99824E-05 0.065904 9.99824E-05 0.138587 0.257914 0.204511
0.331515 0.174441 9.99736E-05 0.0744683 9.99736E-05 0.117789 0.301487 9.99736E-05
0.0538048 9.99561E-05 9.99561E-05 9.99561E-05 9.99561E-05 0.00920867 0.936487 9.99561E-05
0.00781535 0.14125 9.99737E-05 0.0856406 9.99737E-05 0.27178 0.493214 9.99737E-05
0.0158458 0.232434 9.99912E-05 0.050906 0.0970857 0.147202 0.389294 0.0671323
0.210563 0.00308818 9.99737E-05 0.131329 0.0552728 9.99737E-05 0.599448 9.99737E-05
0.370309 0.0218528 9.99824E-05 0.0126797 9.99824E-05 0.0490063 0.474854 0.0710984
0.363234 0.0945816 0.050937 0.0572006 9.99824E-05 0.156472 0.277374 9.99824E-05
0.196796 0.0283117 9.99824E-05 0.0445945 9.99824E-05 0.0563097 0.651681 0.0221073
0.232263 0.0267157 0.236388 9.99912E-05 0.0336943 0.14618 0.0904781 0.23418
0.159759 9.99737E-05 0.0863108 9.99737E-05 0.0535275 0.00879264 0.691311 9.99737E-05
0.324431 9.99649E-05 9.99649E-05 0.0354458 9.99649E-05 0.0265492 0.613174 9.99649E-05
0.0887731 0.0405031 0.0796841 0.0195294 9.99737E-05 9.99737E-05 0.77121 9.99737E-05
0.108528 0.0505828 9.99649E-05 0.152036 9.99649E-05 9.99649E-05 0.688454 9.99649E-05
0.219334 0.0735858 0.0121519 0.0495935 9.99824E-05 0.123071 0.522063 9.99824E-05
0.21882 0.00902485 9.99649E-05 0.146629 9.99649E-05 9.99649E-05 0.625126 9.99649E-05
0.193488 9.99824E-05 0.12802 0.0906982 9.99824E-05 0.0709788 0.419739 0.0968757
0.0238369 9.99649E-05 9.99649E-05 0.0460872 0.0915523 9.99649E-05 0.838124 9.99649E-05
0.095876 0.0253428 9.99824E-05 0.0513703 0.0358869 0.109523 0.681801 9.99824E-05
9.99649E-05 9.99649E-05 9.99649E-05 0.0900914 0.00397491 0.0137658 0.891768 9.99649E-05
0.138454 0.154925 9.99737E-05 0.00876948 9.99737E-05 0.0606933 0.636858 9.99737E-05
0.138205 0.0294207 0.118542 0.0408295 0.123334 0.0701619 0.479407 9.99912E-05
0.199205 9.99824E-05 0.13438 0.0437769 9.99824E-05 0.0551579 0.552894 0.014386
0.0673525 0.0478655 9.99737E-05 0.0604081 9.99737E-05 0.015776 0.808298 9.99737E-05
0.161163 0.0884467 9.99715E-05 9.99715E-05 0.0612812 9.99715E-05 0.688709 9.99715E-05
9.99473E-05 9.99473E-05 9.99473E-05 9.99473E-05 0.123652 9.99473E-05 0.875748 9.99473E-05
0.356956 0.0595063 9.99824E-05 0.122377 0.0356446 0.0331294 0.392186 9.99824E-05
0.295507 9.99649E-05 9.99649E-05 0.0119872 9.99649E-05 0.410725 0.281381 9.99649E-05
0.08361 9.9956E-05 9.9956E-05 9.9956E-05 9.9956E-05 0.0931838 0.822706 9.9956E-05
0.0949323 0.0241735 9.99649E-05 0.0709471 9.99649E-05 9.99649E-05 0.809547 9.99649E-05
0.0405223 9.99649E-05 9.99649E-05 9.99649E-05 9.99649E-05 0.0693639 0.867001 0.0227132
0.21233 9.99561E-05 9.99561E-05 0.0865127 9.99561E-05 9.99561E-05 0.700657 9.99561E-05
0.00371157 0.04307 9.99825E-05 0.026249 9.99825E-05 0.0479995 0.765623 0.113147
0.255585 0.0829137 0.157989 0.15553 0.0581021 0.0495984 0.240183 9.99912E-05
9.99561E-05 0.0813184 9.99561E-05 9.99561E-05 9.99561E-05 0.256595 0.661586 9.99561E-05
0.0797439 9.99561E-05 9.99561E-05 9.99561E-05 9.99561E-05 9.99561E-05 0.880182 0.0395739
0.0868987 0.0254496 9.99737E-05 9.99737E-05 9.99737E-05 0.1281 0.639118 0.120133
0.109071 9.99561E-05 9.99561E-05 9.99561E-05 9.99561E-05 0.110316 0.780113 9.99561E-05
9.99649E-05 9.99649E-05 0.190471 0.0562323 9.99649E-05 0.0460236 0.706873 9.99649E-05
0.088865 0.0281202 9.99736E-05 0.0990959 9.99736E-05 9.99736E-05 0.718241 0.0653779
0.0960945 9.99649E-05 9.99649E-05 0.106881 9.99649E-05 0.00779025 0.788834 9.99649E-05
0.049621 9.99649E-05 9.99649E-05 0.0495493 0.0696361 9.99649E-05 0.830794 9.99649E-05
0.323547 0.0379625 9.99824E-05 0.140626 0.348512 9.99824E-05 0.0986815 0.0504706
0.149555 9.99825E-05 9.99825E-05 0.000167548 0.200255 0.160764 0.38865 0.100409
0.0347897 9.99737E-05 9.99737E-05 0.0395648 0.376352 9.99737E-05 0.332804 0.216189
0.135633 0.10766 0.121082 0.00951778 0.536012 9.99824E-05 9.99824E-05 0.0898948
0.233359 0.179138 9.99912E-05 0.0302748 0.150094 0.183527 0.119533 0.103974
0.45441 0.0662294 9.99737E-05 0.101436 0.263484 9.99737E-05 9.99737E-05 0.114141
0.208093 0.0306031 9.99824E-05 0.181259 0.525681 9.99824E-05 0.011206 0.042958
0.291255 0.117616 9.99824E-05 0.0751577 0.362819 0.0150981 9.99824E-05 0.137854
0.117352 0.00583294 9.99825E-05 0.0293462 0.393892 9.99825E-05 0.237864 0.215513
0.169069 0.0249739 9.99737E-05 0.217019 0.268288 9.99737E-05 0.32035 9.99737E-05
0.557268 0.133137 9.99824E-05 0.184487 0.0323105 0.00574816 9.99824E-05 0.086849
0.209495 0.018246 9.99912E-05 0.133322 0.357356 0.135833 0.0242563 0.121391
0.146921 0.174108 9.99824E-05 0.14971 0.321599 0.0854996 9.99824E-05 0.121963
0.439886 0.0243968 9.99912E-05 0.0275053 0.342169 0.0821716 0.0408535 0.042918
0.10946 9.99825E-05 0.117094 0.0975674 0.350073 9.99825E-05 0.269001 0.0566031
0.11438 0.118333 0.0214258 0.0905513 0.348905 0.0557634 0.250542 9.99912E-05
0.255225 9.99649E-05 0.109266 9.99649E-05 0.28641 9.99649E-05 9.99649E-05 0.348699
0.161827 0.156376 9.99824E-05 0.257048 0.15437 9.99824E-05 0.136681 0.133499
0.319182 0.0249744 9.99825E-05 0.0711612 0.13157 9.99825E-05 0.201022 0.251891
0.420304 9.99736E-05 9.99736E-05 0.0740123 0.288634 0.111588 9.99736E-05 0.105163
0.0771368 9.99912E-05 0.0276584 0.0395069 0.37769 0.0452146 0.382353 0.0503407
0.2936 0.0661953 9.99824E-05 0.0461931 0.295158 9.99824E-05 0.131247 0.167407
0.231169 9.99825E-05 0.213632 0.0942372 0.271368 9.99825E-05 0.174432 0.0149611
0.18814 0.10677 0.0270196 0.0561183 0.131033 0.124002 0.160829 0.206088
0.306523 0.0496941 0.0407055 0.243784 0.0131536 0.0764398 0.2696 9.99912E-05
0.143247 0.0541655 9.99737E-05 0.0631721 0.35173 9.99737E-05 0.387385 9.99737E-05
0.0396798 0.042537 9.99825E-05 0.0221674 0.346313 9.99825E-05 0.367172 0.181932
0.251726 0.0120556 9.99825E-05 9.99825E-05 0.344039 0.0269348 0.274932 0.0901131
0.301931 9.99737E-05 9.99737E-05 0.0412008 0.0607626 9.99737E-05 0.30473 0.291075
0.277317 0.117523 0.125662 0.0339999 0.16873 0.00219889 0.274469 9.99912E-05
0.263692 0.131016 0.604792 9.99561E-05 9.99561E-05 9.99561E-05 9.99561E-05 9.99561E-05
0.0294872 0.0112354 0.958778 9.99561E-05 9.99561E-05 9.99561E-05 9.99561E-05 9.99561E-05
0.244771 9.99648E-05 0.640659 0.101402 9.99648E-05 9.99648E-05 9.99648E-05 0.0127675
0.305325 0.102559 0.529892 0.0592727 9.99736E-05 9.99736E-05 9.99736E-05 0.00265185
0.0668104 0.149571 0.662438 0.00867766 9.99824E-05 0.0594777 9.99824E-05 0.0528255
0.223706 0.195308 0.580486 9.99561E-05 9.99561E-05 9.99561E-05 9.99561E-05 9.99561E-05
0.198039 0.143023 0.584327 0.074211 9.99648E-05 9.99648E-05 9.99648E-05 9.99648E-05
0.114767 0.288434 0.596299 9.9956E-05 9.9956E-05 9.9956E-05 9.9956E-05 9.9956E-05
0.121456 0.422058 0.133207 0.0453893 0.277589 9.99736E-05 9.99736E-05 9.99736E-05
0.395136 0.224109 0.380255 9.99561E-05 9.99561E-05 9.99561E-05 9.99561E-05 9.99561E-05
0.0147003 9.99649E-05 0.62211 0.0376759 0.325113 9.99649E-05 9.99649E-05 9.99649E-05
0.140076 9.99649E-05 0.654178 0.0156603 0.189686 9.99649E-05 9.99649E-05 9.99649E-05
9.99561E-05 0.142769 0.807886 9.99561E-05 9.99561E-05 9.99561E-05 9.99561E-05 0.0488448
0.285685 0.203541 0.508239 0.00213529 9.99649E-05 9.99649E-05 9.99649E-05 9.99649E-05
9.99649E-05 0.0446479 0.737354 0.0442819 9.99649E-05 9.99649E-05 9.99649E-05 0.173316
0.192893 0.03722 0.624732 0.0382639 0.0890223 0.017669 9.99824E-05 9.99824E-05
0.191345 9.99736E-05 0.585254 9.99736E-05 0.155141 0.0629677 9.99736E-05 0.00499229
0.0139988 0.220506 0.626786 0.0780057 9.99824E-05 0.0359442 0.0245591 9.99824E-05
0.00920043 0.087694 0.855404 0.0473018 9.99649E-05 9.99649E-05 9.99649E-05 9.99649E-05
0.157794 0.0898908 0.584148 0.0568698 9.99824E-05 0.100444 9.99824E-05 0.0106538
0.144179 0.13583 0.689304 9.99648E-05 0.0302863 9.99648E-05 9.99648E-05 9.99648E-05
0.110754 0.0870805 0.749874 0.0471746 9.99736E-05 9.99736E-05 9.99736E-05 0.00481646
0.289843 0.290578 0.280182 9.99736E-05 0.00549112 0.133606 9.99736E-05 9.99736E-05
0.0135952 0.200265 0.78564 9.99561E-05 9.99561E-05 9.99561E-05 9.99561E-05 9.99561E-05
0.333393 0.255964 0.272659 9.99648E-05 9.99648E-05 0.137584 9.99648E-05 9.99648E-05
0.238949 0.131297 0.502971 9.99649E-05 0.126382 9.99649E-05 9.99649E-05 9.99649E-05
0.0558262 9.99649E-05 0.794827 9.99649E-05 9.99649E-05 0.0732181 0.0757291 9.99649E-05
0.220477 0.198018 0.566327 9.99648E-05 9.99648E-05 0.0147788 9.99648E-05 9.99648E-05
0.232837 0.324491 0.431018 9.99649E-05 0.0112537 9.99649E-05 9.99649E-05 9.99649E-05
0.221452 9.99561E-05 0.699589 0.0784592 9.99561E-05 9.99561E-05 9.99561E-05 9.99561E-05
0.291016 0.0848981 0.59859 0.0250962 9.99649E-05 9.99649E-05 9.99649E-05 9.99649E-05
0.107982 0.0082256 0.785746 0.0619552 9.99736E-05 0.0357907 9.99736E-05 9.99736E-05
0.158212 0.347747 0.279105 0.0253361 9.99736E-05 0.189301 9.99736E-05 9.99736E-05
0.245587 0.117774 0.590964 0.0185105 9.99736E-05 0.0268639 9.99736E-05 9.99736E-05
0.183462 0.0445549 0.771483 9.9956E-05 9.9956E-05 9.9956E-05 9.9956E-05 9.9956E-05
9.99648E-05 0.0986341 0.758059 0.0989637 0.043943 9.99648E-05 9.99648E-05 9.99648E-05
0.262501 0.17343 0.403903 0.0869509 9.99736E-05 9.99736E-05 9.99736E-05 0.0729155
9.99561E-05 0.0986076 0.891654 0.00923895 9.99561E-05 9.99561E-05 9.99561E-05 9.99561E-05
0.112319 0.0381112 0.840092 0.00907728 9.99649E-05 9.99649E-05 9.99649E-05 9.99649E-05
9.99474E-05 0.00719204 0.992208 9.99474E-05 9.99474E-05 9.99474E-05 9.99474E-05 9.99474E-05
9.99474E-05 9.99474E-05 0.929584 9.99474E-05 0.069816 9.99474E-05 9.99474E-05 9.99474E-05
0.430147 0.180849 0.322552 0.0320735 0.0340788 9.99736E-05 9.99736E-05 9.99736E-05
0.00449413 0.24957 0.694255 9.99649E-05 9.99649E-05 0.0512811 9.99649E-05 9.99649E-05
0.0381691 0.0999026 0.861429 9.99562E-05 9.99562E-05 9.99562E-05 9.99562E-05 9.99562E-05
0.100836 9.99474E-05 0.898564 9.99474E-05 9.99474E-05 9.99474E-05 9.99474E-05 9.99474E-05
0.0906752 0.239206 0.306412 0.0391835 0.107622 0.216701 9.99824E-05 9.99824E-05
0.240514 0.0896593 0.608125 0.0452447 9.99737E-05 9.99737E-05 9.99737E-05 0.0161571
0.0888722 0.189939 0.483439 9.99825E-05 0.133847 0.0251238 9.99825E-05 0.0785788
0.327834 0.309014 0.23828 0.0795842 9.99737E-05 0.0449882 9.99737E-05 9.99737E-05
0.0231931 9.99473E-05 0.976207 9.99473E-05 9.99473E-05 9.99473E-05 9.99473E-05 9.99473E-05
0.270119 0.0455617 0.446673 0.0905801 9.99736E-05 0.146766 9.99736E-05 9.99736E-05
9.99562E-05 0.0920692 0.853692 9.99562E-05 0.053739 9.99562E-05 9.99562E-05 9.99562E-05
0.224669 0.0747036 0.678036 0.0147569 9.99737E-05 9.99737E-05 9.99737E-05 0.00753407
0.025307 0.113066 0.705441 9.99736E-05 9.99736E-05 0.124994 9.99736E-05 0.0308916
0.110114 0.0121117 0.750689 0.0895358 9.99736E-05 9.99736E-05 9.99736E-05 0.0372496
0.314597 0.23874 0.305525 9.99648E-05 0.140739 9.99648E-05 9.99648E-05 9.99648E-05
0.170748 0.212143 0.616609 9.9956E-05 9.9956E-05 9.9956E-05 9.9956E-05 9.9956E-05
0.0595729 0.0646352 0.725381 0.150011 9.99648E-05 9.99648E-05 9.99648E-05 9.99648E-05
0.124634 0.0195354 0.757693 9.99648E-05 9.99648E-05 0.0977385 9.99648E-05 9.99648E-05
0.0385043 0.226026 0.73497 9.99561E-05 9.99561E-05 9.99561E-05 9.99561E-05 9.99561E-05
0.9993 9.994E-05 9.994E-05 9.994E-05 9.994E-05 9.994E-05 9.994E-05 9.994E-05
9.994E-05 0.9993 9.994E-05 9.994E-05 9.994E-05 9.994E-05 9.994E-05 9.994E-05
0.9993 9.994E-05 9.994E-05 9.994E-05 9.994E-05 9.994E-05 9.994E-05 9.994E-05
9.994E-05 0.9993 9.994E-05 9.994E-05 9.994E-05 9.994E-05 9.994E-05 9.994E-05
9.994E-05 0.9993 9.994E-05 9.994E-05 9.994E-05 9.994E-05 9.994E-05 9.994E-05
9.994E-05 0.9993 9.994E-05 9.994E-05 9.994E-05 9.994E-05 9.994E-05 9.994E-05
0.9993 9.994E-05 9.994E-05 9.994E-05 9.994E-05 9.994E-05 9.994E-05 9.994E-05
9.994E-05 0.9993 9.994E-05 9.994E-05 9.994E-05 9.994E-05 9.994E-05 9.994E-05
9.994E-05 0.9993 9.994E-05 9.994E-05 9.994E-05 9.994E-05 9.994E-05 9.994E-05
0.9993 9.994E-05 9.994E-05 9.994E-05 9.994E-05 9.994E-05 9.994E-05 9.994E-05
0.9993 9.994E-05 9.994E-05 9.994E-05 9.994E-05 9.994E-05 9.994E-05 9.994E-05
0.9993 9.994E-05 9.994E-05 9.994E-05 9.994E-05 9.994E-05 9.994E-05 9.994E-05
9.994E-05 0.9993 9.994E-05 9.994E-05 9.994E-05 9.994E-05 9.994E-05 9.994E-05
9.994E-05 0.9993 9.994E-05 9.994E-05 9.994E-05 9.994E-05 9.994E-05 9.994E-05
0.9993 9.994E-05 9.994E-05 9.994E-05 9.994E-05 9.994E-05 9.994E-05 9.994E-05
0.9993 9.994E-05 9.994E-05 9.994E-05 9.994E-05 9.994E-05 9.994E-05 9.994E-05
0.182497 0.124993 0.375191 9.99736E-05 9.99736E-05 0.259202 9.99736E-05 0.0578172
0.9993 9.994E-05 9.994E-05 9.994E-05 9.994E-05 9.994E-05 9.994E-05 9.994E-05
9.994E-05 0.9993 9.994E-05 9.994E-05 9.994E-05 9.994E-05 9.994E-05 9.994E-05
0.9993 9.994E-05 9.994E-05 9.994E-05 9.994E-05 9.994E-05 9.994E-05 9.994E-05
0.9993 9.994E-05 9.994E-05 9.994E-05 9.994E-05 9.994E-05 9.994E-05 9.994E-05
0.9993 9.994E-05 9.994E-05 9.994E-05 9.994E-05 9.994E-05 9.994E-05 9.994E-05
9.994E-05 0.9993 9.994E-05 9.994E-05 9.994E-05 9.994E-05 9.994E-05 9.994E-05
0.9993 9.994E-05 9.994E-05 9.994E-05 9.994E-05 9.994E-05 9.994E-05 9.994E-05
9.994E-05 0.9993 9.994E-05 9.994E-05 9.994E-05 9.994E-05 9.994E-05 9.994E-05
0.9993 9.994E-05 9.994E-05 9.994E-05 9.994E-05 9.994E-05 9.994E-05 9.994E-05
0.9993 9.994E-05 9.994E-05 9.994E-05 9.994E-05 9.994E-05 9.994E-05 9.994E-05
9.994E-05 0.9993 9.994E-05 9.994E-05 9.994E-05 9.994E-05 9.994E-05 9.994E-05
9.994E-05 0.9993 9.994E-05 9.994E-05 9.994E-05 9.994E-05 9.994E-05 9.994E-05
9.994E-05 0.9993 9.994E-05 9.994E-05 9.994E-05 9.994E-05 9.994E-05 9.994E-05
0.9993 9.994E-05 9.994E-05 9.994E-05 9.994E-05 9.994E-05 9.994E-05 9.994E-05
0.9993 9.994E-05 9.994E-05 9.994E-05 9.994E-05 9.994E-05 9.994E-05 9.994E-05
0.9993 9.994E-05 9.994E-05 9.994E-05 9.994E-05 9.994E-05 9.994E-05 9.994E-05
0.9993 9.994E-05 9.994E-05 9.994E-05 9.994E-05 9.994E-05 9.994E-05 9.994E-05
0.9993 9.994E-05 9.994E-05 9.994E-05 9.994E-05 9.994E-05 9.994E-05 9.994E-05
9.994E-05 0.9993 9.994E-05 9.994E-05 9.994E-05 9.994E-05 9.994E-05 9.994E-05
9.994E-05 0.9993 9.994E-05 9.994E-05 9.994E-05 9.994E-05 9.994E-05 9.994E-05
9.994E-05 0.9993 9.994E-05 9.994E-05 9.994E-05 9.994E-05 9.994E-05 9.994E-05
0.9993 9.994E-05 9.994E-05 9.994E-05 9.994E-05 9.994E-05 9.994E-05 9.994E-05
9.994E-05 0.9993 9.994E-05 9.994E-05 9.994E-05 9.994E-05 9.994E-05 9.994E-05
9.994E-05 0.9993 9.994E-05 9.994E-05 9.994E-05 9.994E-05 9.994E-05 9.994E-05
9.994E-05 0.9993 9.994E-05 9.994E-05 9.994E-05 9.994E-05 9.994E-05 9.994E-05
9.994E-05 0.9993 9.994E-05 9.994E-05 9.994E-05 9.994E-05 9.994E-05 9.994E-05
0.9993 9.994E-05 9.994E-05 9.994E-05 9.994E-05 9.994E-05 9.994E-05 9.994E-05
9.994E-05 0.9993 9.994E-05 9.994E-05 9.994E-05 9.994E-05 9.994E-05 9.994E-05
9.994E-05 0.9993 9.994E-05 9.994E-05 9.994E-05 9.994E-05 9.994E-05 9.994E-05
0.263715 0.0559597 0.399251 9.99736E-05 9.99736E-05 0.21874 9.99736E-05 0.0620338
0.9993 9.994E-05 9.994E-05 9.994E-05 9.994E-05 9.994E-05 9.994E-05 9.994E-05
9.994E-05 0.9993 9.994E-05 9.994E-05 9.994E-05 9.994E-05 9.994E-05 9.994E-05
9.994E-05 0.9993 9.994E-05 9.994E-05 9.994E-05 9.994E-05 9.994E-05 9.994E-05
9.994E-05 0.9993 9.994E-05 9.994E-05 9.994E-05 9.994E-05 9.994E-05 9.994E-05
9.994E-05 0.9993 9.994E-05 9.994E-05 9.994E-05 9.994E-05 9.994E-05 9.994E-05
0.9993 9.994E-05 9.994E-05 9.994E-05 9.994E-05 9.994E-05 9.994E-05 9.994E-05
9.994E-05 0.9993 9.994E-05 9.994E-05 9.994E-05 9.994E-05 9.994E-05 9.994E-05
0.9993 9.994E-05 9.994E-05 9.994E-05 9.994E-05 9.994E-05 9.994E-05 9.994E-05
9.994E-05 0.9993 9.994E-05 9.994E-05 9.994E-05 9.994E-05 9.994E-05 9.994E-05
0.9993 9.994E-05 9.994E-05 9.994E-05 9.994E-05 9.994E-05 9.994E-05 9.994E-05
9.994E-05 0.9993 9.994E-05 9.994E-05 9.994E-05 9.994E-05 9.994E-05 9.994E-05
9.994E-05 0.9993 9.994E-05 9.994E-05 9.994E-05 9.994E-05 9.994E-05 9.994E-05
9.994E-05 0.9993 9.994E-05 9.994E-05 9.994E-05 9.994E-05 9.994E-05 9.994E-05
9.994E-05 0.9993 9.994E-05 9.994E-05 9.994E-05 9.994E-05 9.994E-05 9.994E-05
9.994E-05 0.9993 9.994E-05 9.994E-05 9.994E-05 9.994E-05 9.994E-05 9.994E-05
9.994E-05 0.9993 9.994E-05 9.994E-05 9.994E-05 9.994E-05 9.994E-05 9.994E-05
0.9993 9.994E-05 9.994E-05 9.994E-05 9.994E-05 9.994E-05 9.994E-05 9.994E-05
0.9993 9.994E-05 9.994E-05 9.994E-05 9.994E-05 9.994E-05 9.994E-05 9.994E-05
0.9993 9.994E-05 9.994E-05 9.994E-05 9.994E-05 9.994E-05 9.994E-05 9.994E-05
9.994E-05 0.9993 9.994E-05 9.994E-05 9.994E-05 9.994E-05 9.994E-05 9.994E-05
0.9993 9.994E-05 9.994E-05 9.994E-05 9.994E-05 9.994E-05 9.994E-05 9.994E-05
0.9993 9.994E-05 9.994E-05 9.994E-05 9.994E-05 9.994E-05 9.994E-05 9.994E-05
0.9993 9.994E-05 9.994E-05 9.994E-05 9.994E-05 9.994E-05 9.994E-05 9.994E-05
9.994E-05 0.9993 9.994E-05 9.994E-05 9.994E-05 9.994E-05 9.994E-05 9.994E-05
9.994E-05 0.9993 9.994E-05 9.994E-05 9.994E-05 9.994E-05 9.994E-05 9.994E-05
9.994E-05 0.9993 9.994E-05 9.994E-05 9.994E-05 9.994E-05 9.994E-05 9.994E-05
0.9993 9.994E-05 9.994E-05 9.994E-05 9.994E-05 9.994E-05 9.994E-05 9.994E-05
9.994E-05 0.9993 9.994E-05 9.994E-05 9.994E-05 9.994E-05 9.994E-05 9.994E-05
9.994E-05 0.9993 9.994E-05 9.994E-05 9.994E-05 9.994E-05 9.994E-05 9.994E-05
0.9993 9.994E-05 9.994E-05 9.994E-05 9.994E-05 9.994E-05 9.994E-05 9.994E-05
9.994E-05 0.9993 9.994E-05 9.994E-05 9.994E-05 9.994E-05 9.994E-05 9.994E-05
9.994E-05 0.9993 9.994E-05 9.994E-05 9.994E-05 9.994E-05 9.994E-05 9.994E-05
0.338327 0.115518 0.228514 0.113261 0.0718601 0.0574463 9.99912E-05 0.0749732
0.9993 9.994E-05 9.994E-05 9.994E-05 9.994E-05 9.994E-05 9.994E-05 9.994E-05
9.994E-05 0.9993 9.994E-05 9.994E-05 9.994E-05 9.994E-05 9.994E-05 9.994E-05
0.10812 0.434413 0.343358 0.0707171 9.99737E-05 9.99737E-05 9.99737E-05 0.0430926
0.252402 0.329179 0.344283 9.99649E-05 9.99649E-05 0.0737355 9.99649E-05 9.99649E-05
0.371405 0.191952 0.436142 9.9956E-05 9.9956E-05 9.9956E-05 9.9956E-05 9.9956E-05
0.200243 9.99648E-05 0.627828 9.99648E-05 9.99648E-05 0.126166 9.99648E-05 0.0453622
0.359437 0.375142 0.263906 9.99648E-05 0.00111523 9.99648E-05 9.99648E-05 9.99648E-05
0.0151047 0.109621 0.813489 9.99649E-05 9.99649E-05 9.99649E-05 0.0613857 9.99649E-05
0.322006 0.363918 0.19459 0.0466233 9.99737E-05 0.0725627 9.99737E-05 9.99737E-05
0.130073 0.1579 0.534255 0.0484935 9.99736E-05 9.99736E-05 9.99736E-05 0.128979
0.0230046 0.259232 0.717264 9.99561E-05 9.99561E-05 9.99561E-05 9.99561E-05 9.99561E-05
0.15755 9.99649E-05 0.659865 9.99649E-05 9.99649E-05 0.145978 9.99649E-05 0.0362061
0.237798 0.0749146 0.610781 0.0761065 9.99649E-05 9.99649E-05 9.99649E-05 9.99649E-05
0.0778225 0.514422 0.407256 9.9956E-05 9.9956E-05 9.9956E-05 9.9956E-05 9.9956E-05
0.366109 0.21605 0.181899 9.99824E-05 0.022354 0.0603385 9.99824E-05 0.15305
0.0697323 0.0643876 0.711499 9.99648E-05 9.99648E-05 9.99648E-05 9.99648E-05 0.153981
0.346643 0.132785 0.427194 0.0929779 9.99648E-05 9.99648E-05 9.99648E-05 9.99648E-05
0.16456 0.276789 0.291467 0.0890387 0.177846 9.99736E-05 9.99736E-05 9.99736E-05
0.135537 0.183172 0.663039 9.99649E-05 0.017852 9.99649E-05 9.99649E-05 9.99649E-05
0.461334 0.0649852 0.329169 0.100358 9.99736E-05 9.99736E-05 9.99736E-05 0.0438542
9.99736E-05 0.0926535 0.526728 0.121827 0.177434 0.0810579 9.99736E-05 9.99736E-05
0.295101 0.195114 0.442986 9.99736E-05 9.99736E-05 0.0570586 9.99736E-05 0.00944099
0.192923 0.139954 0.599523 0.0386229 0.0163444 0.0124323 9.99824E-05 9.99824E-05
9.99648E-05 0.245432 0.626185 0.0321935 9.99648E-05 0.0957896 9.99648E-05 9.99648E-05
0.212113 0.196851 0.421164 0.0121253 9.99824E-05 0.0570892 9.99824E-05 0.100458
0.0790784 0.144513 0.636854 9.99648E-05 9.99648E-05 9.99648E-05 9.99648E-05 0.139155
0.0820183 0.0702506 0.749082 9.99648E-05 9.99648E-05 9.99648E-05 9.99648E-05 0.0982496
9.99474E-05 9.99474E-05 0.96951 9.99474E-05 0.0298906 9.99474E-05 9.99474E-05 9.99474E-05
0.216416 0.0799323 0.590549 9.99648E-05 9.99648E-05 0.112703 9.99648E-05 9.99648E-05
0.368875 0.247686 0.323197 9.99736E-05 9.99736E-05 0.0313878 9.99736E-05 0.0285543
0.131309 9.99736E-05 0.606419 0.000547963 9.99736E-05 0.242432 9.99736E-05 0.0189914
0.128804 0.189012 0.536223 9.99736E-05 9.99736E-05 0.0153058 9.99736E-05 0.130354
0.131214 0.406354 0.331605 0.00110258 0.0129645 0.11656 9.99824E-05 9.99824E-05
0.104993 0.298479 0.538083 0.053758 0.00438724 9.99736E-05 9.99736E-05 9.99736E-05
0.102331 0.215793 0.454419 9.99736E-05 0.202517 0.0246399 9.99736E-05 9.99736E-05
0.257069 0.184751 0.467427 0.0616348 9.99824E-05 0.00536026 9.99824E-05 0.0235572
0.171726 0.143525 0.431093 0.0695846 9.99736E-05 9.99736E-05 9.99736E-05 0.183771
0.287028 0.0671773 0.586811 9.99648E-05 9.99648E-05 0.0585831 9.99648E-05 9.99648E-05
9.994E-05 9.994E-05 0.9993 9.994E-05 9.994E-05 9.994E-05 9.994E-05 9.994E-05
0.207901 0.0234586 0.490681 0.0837155 0.0975287 0.0367001 9.99912E-05 0.0599148
0.0987463 0.0383615 0.700954 0.109883 9.99736E-05 0.0517554 9.99736E-05 9.99736E-05
0.121085 0.232833 0.455479 9.99824E-05 0.0206903 0.158884 9.99824E-05 0.0108277
0.306726 0.0876405 0.540119 9.99736E-05 9.99736E-05 0.0469037 9.99736E-05 0.0183106
0.107263 0.131796 0.579659 0.0675539 9.99737E-05 0.113428 9.99737E-05 9.99737E-05
0.168664 0.225384 0.4656 9.99648E-05 9.99648E-05 0.139952 9.99648E-05 9.99648E-05
0.113066 0.549625 0.312602 9.99736E-05 0.00309702 9.99736E-05 9.99736E-05 0.0213106
0.372563 0.381797 0.218872 0.00208387 0.024385 9.99736E-05 9.99736E-05 9.99736E-05
0.133924 0.170433 0.668487 0.0267553 9.99648E-05 9.99648E-05 9.99648E-05 9.99648E-05
9.994E-05 9.994E-05 0.9993 9.994E-05 9.994E-05 9.994E-05 9.994E-05 9.994E-05
0.0283143 0.229194 0.63129 0.0315892 9.99736E-05 0.0793121 9.99736E-05 9.99736E-05
9.994E-05 9.994E-05 0.9993 9.994E-05 9.994E-05 9.994E-05 9.994E-05 9.994E-05
0.242147 0.249559 0.191224 9.99824E-05 0.182501 0.0130405 9.99824E-05 0.12133
9.99473E-05 9.99473E-05 0.895203 9.99473E-05 0.104198 9.99473E-05 9.99473E-05 9.99473E-05
0.392604 9.99561E-05 0.54748 0.0594155 9.99561E-05 9.99561E-05 9.99561E-05 9.99561E-05
0.300019 9.99648E-05 0.329238 0.111444 0.258899 9.99648E-05 9.99648E-05 9.99648E-05
0.11514 0.183486 0.476498 9.99648E-05 0.224476 9.99648E-05 9.99648E-05 9.99648E-05
0.0689575 0.121602 0.571478 0.00553355 9.99736E-05 0.232129 9.99736E-05 9.99736E-05
0.0222933 0.373526 0.603681 9.9956E-05 9.9956E-05 9.9956E-05 9.9956E-05 9.9956E-05
0.122115 9.99562E-05 0.696773 9.99562E-05 0.180612 9.99562E-05 9.99562E-05 9.99562E-05
9.99649E-05 0.223142 0.727598 0.0330562 0.015804 9.99649E-05 9.99649E-05 9.99649E-05
0.256034 0.204505 0.538961 9.99561E-05 9.99561E-05 9.99561E-05 9.99561E-05 9.99561E-05
0.231131 0.201302 0.385367 0.00610866 0.17359 9.99824E-05 9.99824E-05 0.00230097
9.99473E-05 9.99473E-05 0.986812 0.0125881 9.99473E-05 9.99473E-05 9.99473E-05 9.99473E-05
9.99474E-05 0.0913137 0.908087 9.99474E-05 9.99474E-05 9.99474E-05 9.99474E-05 9.99474E-05
0.151747 9.99562E-05 0.788085 9.99562E-05 9.99562E-05 9.99562E-05 0.0596682 9.99562E-05
0.194289 0.109801 0.659176 0.0271496 9.99736E-05 9.99736E-05 9.99736E-05 0.00928463
0.0144487 0.188948 0.63907 9.99648E-05 9.99648E-05 0.157134 9.99648E-05 9.99648E-05
9.99737E-05 0.276973 0.635101 0.0109988 9.99737E-05 0.0738793 9.99737E-05 0.00274804
9.99474E-05 0.0154999 0.9839 9.99474E-05 9.99474E-05 9.99474E-05 9.99474E-05 9.99474E-05
0.264837 0.313478 0.384175 0.0282925 0.00891775 9.99737E-05 9.99737E-05 9.99737E-05
0.353958 0.00400347 0.495074 0.116976 9.99736E-05 0.0296887 9.99736E-05 9.99736E-05
0.035647 9.99562E-05 0.68196 9.99562E-05 0.281893 9.99562E-05 9.99562E-05 9.99562E-05
0.226874 0.0310596 0.464564 9.99649E-05 0.277102 9.99649E-05 9.99649E-05 9.99649E-05
0.0285421 9.99649E-05 0.729361 9.99649E-05 0.150767 9.99649E-05 0.0909303 9.99649E-05
0.281849 0.265433 0.452219 9.9956E-05 9.9956E-05 9.9956E-05 9.9956E-05 9.9956E-05
9.99649E-05 9.99649E-05 0.455424 9.99649E-05 0.262358 0.0804376 9.99649E-05 0.20138
0.104252 9.99561E-05 0.884688 9.99561E-05 0.0105598 9.99561E-05 9.99561E-05 9.99561E-05
0.0737435 0.122421 0.550243 9.99648E-05 0.253193 9.99648E-05 9.99648E-05 9.99648E-05
9.99561E-05 9.99561E-05 0.796987 9.99561E-05 0.186309 9.99561E-05 0.0162042 9.99561E-05
0.143739 9.9956E-05 0.707773 9.9956E-05 9.9956E-05 0.147988 9.9956E-05 9.9956E-05
9.99474E-05 9.99474E-05 0.760549 9.99474E-05 0.238851 9.99474E-05 9.99474E-05 9.99474E-05
0.0614112 0.407993 0.475578 0.0546174 9.99648E-05 9.99648E-05 9.99648E-05 9.99648E-05
9.99648E-05 0.217756 0.614843 0.0385575 9.99648E-05 0.128444 9.99648E-05 9.99648E-05
0.0488204 0.23355 0.491491 0.049587 9.99824E-05 0.128786 9.99824E-05 0.0475653
9.99474E-05 9.99474E-05 0.914503 9.99474E-05 0.0848978 9.99474E-05 9.99474E-05 9.99474E-05
0.0360325 0.231519 0.672159 0.0490425 0.0109473 9.99737E-05 9.99737E-05 9.99737E-05
9.99648E-05 0.124771 0.503314 9.99648E-05 0.199787 0.171728 9.99648E-05 9.99648E-05
0.0413657 9.99649E-05 0.801874 0.00459998 0.15176 9.99649E-05 9.99649E-05 9.99649E-05
0.286456 0.00434309 0.548918 0.0828541 9.99736E-05 9.99736E-05 9.99736E-05 0.0771282
0.236162 0.387636 0.373332 0.00247083 9.99648E-05 9.99648E-05 9.99648E-05 9.99648E-05
0.354401 0.127507 0.481708 0.0359843 9.99649E-05 9.99649E-05 9.99649E-05 9.99649E-05
0.294847 0.190873 0.451434 0.0326455 9.99736E-05 0.0299009 9.99736E-05 9.99736E-05
0.148399 0.0408839 0.455373 9.99737E-05 0.151397 0.203647 9.99737E-05 9.99737E-05
0.345628 0.0483672 0.296096 9.99736E-05 0.231143 9.99736E-05 9.99736E-05 0.0784662
0.213893 0.401494 0.364847 9.99737E-05 0.0147932 9.99737E-05 0.00467349 9.99737E-05
0.0507889 0.0157258 0.424162 0.152388 0.253835 0.0966143 9.99912E-05 0.00638636
9.99561E-05 0.206738 0.642952 9.99561E-05 0.14981 9.99561E-05 9.99561E-05 9.99561E-05
9.99473E-05 9.99473E-05 0.830749 9.99473E-05 0.168651 9.99473E-05 9.99473E-05 9.99473E-05
9.99648E-05 0.333417 0.441289 9.99648E-05 9.99648E-05 0.212212 9.99648E-05 0.0126817
0.324724 0.0989315 0.405005 0.153499 0.0175398 9.99736E-05 9.99736E-05 9.99736E-05
0.427323 9.99737E-05 0.481815 0.0468565 0.0220077 9.99737E-05 9.99737E-05 0.0216977
0.527735 0.142898 0.223904 9.99824E-05 0.0778263 0.00448554 9.99824E-05 0.0229519
9.99736E-05 0.189086 0.41216 0.0774185 9.99736E-05 0.20482 9.99736E-05 0.116217
0.4187 0.172056 0.387173 0.021671 9.99648E-05 9.99648E-05 9.99648E-05 9.99648E-05
0.210837 9.99824E-05 0.388368 0.0505324 0.118603 0.0377753 9.99824E-05 0.193684
9.99561E-05 0.0863959 0.754579 9.99561E-05 0.158525 9.99561E-05 9.99561E-05 9.99561E-05
0.0115702 0.087624 0.738242 9.99737E-05 0.115119 9.99737E-05 0.047145 9.99737E-05
0.250687 0.136277 0.5118 9.99649E-05 0.100836 9.99649E-05 9.99649E-05 9.99649E-05
0.261555 9.99648E-05 0.327842 9.99648E-05 0.199769 9.99648E-05 9.99648E-05 0.210435
9.99562E-05 0.0644534 0.890685 9.99562E-05 0.0443623 9.99562E-05 9.99562E-05 9.99562E-05
9.99474E-05 9.99474E-05 0.888592 9.99474E-05 0.110808 9.99474E-05 9.99474E-05 9.99474E-05
9.99649E-05 0.105517 0.74297 0.0656826 9.99649E-05 9.99649E-05 9.99649E-05 0.0854297
0.12256 0.110907 0.75013 9.99649E-05 9.99649E-05 9.99649E-05 9.99649E-05 0.0160026
0.172399 9.99473E-05 0.827001 9.99473E-05 9.99473E-05 9.99473E-05 9.99473E-05 9.99473E-05
0.367991 0.112435 0.519074 9.9956E-05 9.9956E-05 9.9956E-05 9.9956E-05 9.9956E-05
0.296367 0.0549842 0.485402 9.99649E-05 9.99649E-05 0.162848 9.99649E-05 9.99649E-05
0.430911 9.99736E-05 0.35347 0.111553 0.00442824 0.099338 9.99736E-05 9.99736E-05
9.99561E-05 0.320017 0.556491 9.99561E-05 0.122993 9.99561E-05 9.99561E-05 9.99561E-05
0.164191 0.166705 0.584885 9.99736E-05 0.0163745 0.0675445 9.99736E-05 9.99736E-05
0.388445 0.0452767 0.392672 0.0286495 0.0521614 0.00661858 9.99912E-05 0.0860771
9.99649E-05 0.051723 0.909224 0.0284798 9.99649E-05 0.0101729 9.99649E-05 9.99649E-05
0.35052 9.99736E-05 0.120362 0.085319 0.212361 0.231138 9.99736E-05 9.99736E-05
0.317564 9.99648E-05 0.565289 0.0170961 9.99648E-05 9.99648E-05 9.99648E-05 0.0996508
0.242102 0.195217 0.420105 0.134057 9.99736E-05 0.00821934 9.99736E-05 9.99736E-05
0.231501 0.0734276 0.354479 9.99736E-05 0.315479 0.0248131 9.99736E-05 9.99736E-05
0.129886 0.19837 0.514122 0.0492123 9.99737E-05 0.10811 9.99737E-05 9.99737E-05
9.99473E-05 9.99473E-05 0.664225 9.99473E-05 0.335175 9.99473E-05 9.99473E-05 9.99473E-05
0.283639 0.172412 0.414162 0.129387 9.99649E-05 9.99649E-05 9.99649E-05 9.99649E-05
0.0960546 9.99649E-05 0.868198 0.0109432 0.0244045 9.99649E-05 9.99649E-05 9.99649E-05
9.99562E-05 0.0217753 0.805655 9.99562E-05 0.17207 9.99562E-05 9.99562E-05 9.99562E-05
0.123049 0.231808 0.340553 0.121084 0.0327331 0.150574 9.99824E-05 9.99824E-05
0.212277 0.0625268 0.38978 9.99736E-05 0.15696 0.178156 9.99736E-05 9.99736E-05
0.181905 0.232457 0.0313568 0.0435853 0.382063 0.128433 9.99824E-05 9.99824E-05
0.192567 0.124534 9.99737E-05 0.0399168 0.496579 0.146103 9.99737E-05 9.99737E-05
0.224745 0.0964697 9.99736E-05 0.0701831 0.406707 0.201595 9.99736E-05 9.99736E-05
0.144094 9.99737E-05 0.12108 0.0977276 0.575239 0.0615598 9.99737E-05 9.99737E-05
0.179149 0.0726484 0.0617416 0.0762589 0.294028 0.148163 9.99912E-05 0.167911
0.230871 0.0129625 0.0100667 9.99825E-05 0.465283 0.0488734 0.231744 9.99825E-05
0.486703 0.184554 9.99649E-05 0.0938684 0.234474 9.99649E-05 9.99649E-05 9.99649E-05
0.147349 0.0481466 9.99737E-05 0.0664562 0.633284 0.104465 9.99737E-05 9.99737E-05
9.99737E-05 9.99737E-05 9.99737E-05 0.0624325 0.636333 0.00103179 0.186438 0.113465
0.238117 0.10236 9.99736E-05 0.0071008 0.58489 0.0672327 9.99736E-05 9.99736E-05
0.402998 0.0631374 0.0406605 0.171249 0.230634 0.0868994 9.99912E-05 0.00432123
0.37497 9.99737E-05 0.0187731 9.99737E-05 0.364248 0.171746 0.0699628 9.99737E-05
0.340707 0.117259 9.99737E-05 0.0454461 0.334068 0.16222 9.99737E-05 9.99737E-05
0.178315 9.99737E-05 0.000584707 0.0411115 0.572297 9.99737E-05 0.207391 9.99737E-05
0.355701 0.00807093 0.0610488 0.145339 0.32278 0.027055 0.0394608 0.0405443
0.21873 0.154847 0.0450813 0.171171 0.377243 0.0327277 9.99824E-05 9.99824E-05
0.300762 0.0352709 0.00209748 0.176695 0.480411 9.99824E-05 0.00456291 9.99824E-05
0.322305 9.99824E-05 0.0265627 0.0470686 0.473158 0.124474 0.00623128 9.99824E-05
0.28488 0.0145921 9.99737E-05 0.192025 0.40621 0.101993 9.99737E-05 9.99737E-05
0.322581 0.105486 9.99649E-05 9.99649E-05 0.428176 0.143358 9.99649E-05 9.99649E-05
0.470795 0.0473584 9.99737E-05 0.160969 0.25304 9.99737E-05 0.0675384 9.99737E-05
0.289803 0.0248567 0.0972951 0.103476 0.329184 0.0511177 0.104167 9.99912E-05
0.35593 0.110296 0.0140885 0.165356 0.142299 0.122283 0.0896473 9.99912E-05
9.9956E-05 0.0221167 9.9956E-05 9.9956E-05 0.950746 9.9956E-05 9.9956E-05 0.0266377
9.99472E-05 0.05539 9.99472E-05 9.99472E-05 0.94401 9.99472E-05 9.99472E-05 9.99472E-05
0.0199011 0.11252 9.9956E-05 9.9956E-05 0.867079 9.9956E-05 9.9956E-05 9.9956E-05
0.14483 0.0234544 9.9956E-05 9.9956E-05 0.831216 9.9956E-05 9.9956E-05 9.9956E-05
9.994E-05 9.994E-05 9.994E-05 9.994E-05 0.9993 9.994E-05 9.994E-05 9.994E-05
0.0633885 0.0955706 9.9956E-05 9.9956E-05 0.840541 9.9956E-05 9.9956E-05 9.9956E-05
9.9956E-05 0.0688185 9.9956E-05 0.0303547 0.900327 9.9956E-05 9.9956E-05 9.9956E-05
0.0330959 9.99561E-05 9.99561E-05 0.00879002 0.957614 9.99561E-05 9.99561E-05 9.99561E-05
0.204261 0.110443 9.99561E-05 9.99561E-05 0.684796 9.99561E-05 9.99561E-05 9.99561E-05
0.099111 0.167453 9.99648E-05 0.00230343 0.730733 9.99648E-05 9.99648E-05 9.99648E-05
9.994E-05 9.994E-05 9.994E-05 9.994E-05 0.9993 9.994E-05 9.994E-05 9.994E-05
9.994E-05 9.994E-05 9.994E-05 9.994E-05 0.9993 9.994E-05 9.994E-05 9.994E-05
0.122156 0.171947 9.9956E-05 9.9956E-05 0.705397 9.9956E-05 9.9956E-05 9.9956E-05
9.99561E-05 0.0737191 0.0117376 9.99561E-05 0.914043 9.99561E-05 9.99561E-05 9.99561E-05
9.994E-05 9.994E-05 9.994E-05 9.994E-05 0.9993 9.994E-05 9.994E-05 9.994E-05
9.99473E-05 0.0176541 9.99473E-05 9.99473E-05 0.981746 9.99473E-05 9.99473E-05 9.99473E-05
9.99472E-05 9.99472E-05 9.99472E-05 9.99472E-05 0.963821 9.99472E-05 9.99472E-05 0.0355796
9.994E-05 9.994E-05 9.994E-05 9.994E-05 0.9993 9.994E-05 9.994E-05 9.994E-05
9.99472E-05 0.084895 9.99472E-05 9.99472E-05 0.914505 9.99472E-05 9.99472E-05 9.99472E-05
0.174032 9.99561E-05 9.99561E-05 0.008205 0.817264 9.99561E-05 9.99561E-05 9.99561E-05
0.155088 0.213581 9.9956E-05 9.9956E-05 0.630831 9.9956E-05 9.9956E-05 9.9956E-05
0.0133754 9.99473E-05 9.99473E-05 9.99473E-05 0.986025 9.99473E-05 9.99473E-05 9.99473E-05
0.0781745 0.231894 9.9956E-05 9.9956E-05 0.689431 9.9956E-05 9.9956E-05 9.9956E-05
0.0914342 9.99474E-05 0.907966 9.99474E-05 9.99474E-05 9.99474E-05 9.99474E-05 9.99474E-05
9.994E-05 9.994E-05 9.994E-05 9.994E-05 0.9993 9.994E-05 9.994E-05 9.994E-05
9.994E-05 9.994E-05 9.994E-05 9.994E-05 0.9993 9.994E-05 9.994E-05 9.994E-05
0.307417 9.9956E-05 9.9956E-05 0.0931805 0.598903 9.9956E-05 9.9956E-05 9.9956E-05
9.994E-05 9.994E-05 9.994E-05 9.994E-05 0.9993 9.994E-05 9.994E-05 9.994E-05
0.145647 0.221624 9.9956E-05 9.9956E-05 0.632229 9.9956E-05 9.9956E-05 9.9956E-05
9.994E-05 9.994E-05 9.994E-05 9.994E-05 0.9993 9.994E-05 9.994E-05 9.994E-05
9.99473E-05 9.99473E-05 9.99473E-05 0.00201821 0.997382 9.99473E-05 9.99473E-05 9.99473E-05
0.015549 9.99473E-05 9.99473E-05 9.99473E-05 0.983851 9.99473E-05 9.99473E-05 9.99473E-05
9.99473E-05 0.0638239 9.99473E-05 9.99473E-05 0.935576 9.99473E-05 9.99473E-05 9.99473E-05
0.0584177 9.99472E-05 9.99472E-05 9.99472E-05 0.940983 9.99472E-05 9.99472E-05 9.99472E-05
9.99472E-05 0.0868507 9.99472E-05 9.99472E-05 0.91255 9.99472E-05 9.99472E-05 9.99472E-05
0.118492 9.99472E-05 9.99472E-05 9.99472E-05 0.880909 9.99472E-05 9.99472E-05 9.99472E-05
0.0213013 0.116142 9.9956E-05 9.9956E-05 0.862057 9.9956E-05 9.9956E-05 9.9956E-05
9.994E-05 9.994E-05 9.994E-05 9.994E-05 0.9993 9.994E-05 9.994E-05 9.994E-05
0.0500535 0.111581 9.99648E-05 9.99648E-05 0.766708 0.0712575 9.99648E-05 9.99648E-05
9.994E-05 9.994E-05 9.994E-05 9.994E-05 0.9993 9.994E-05 9.994E-05 9.994E-05
9.994E-05 9.994E-05 9.994E-05 9.994E-05 0.9993 9.994E-05 9.994E-05 9.994E-05
9.994E-05 9.994E-05 9.994E-05 9.994E-05 0.9993 9.994E-05 9.994E-05 9.994E-05
0.222606 0.10664 9.99736E-05 0.00364506 0.594834 9.99736E-05 9.99736E-05 0.0719744
9.9956E-05 0.0777745 9.9956E-05 0.0136429 0.908083 9.9956E-05 9.9956E-05 9.9956E-05
0.212494 0.027169 9.99912E-05 0.182265 0.0960133 0.321811 0.0957129 0.0644351
0.0982999 0.248623 9.99825E-05 0.123159 0.0520745 0.428989 0.0486551 9.99825E-05
0.0211372 0.306227 9.99912E-05 0.226472 0.0381069 0.260861 0.00518312 0.141913
0.150557 0.141855 9.99912E-05 0.199739 0.0197026 0.302333 0.0938873 0.0918259
0.242747 0.158833 9.99912E-05 0.176588 0.110079 0.212576 0.0523214 0.0467549
0.246889 0.143344 9.99912E-05 0.169155 0.140985 0.10039 0.0522063 0.14693
0.236405 0.178772 9.99912E-05 0.187655 0.0329629 0.250364 0.0925837 0.0211578
0.385745 0.107858 9.99912E-05 0.123428 0.0434776 0.174274 0.043487 0.121629
0.0411639 0.520137 9.99912E-05 0.16688 0.024364 0.155299 0.0236447 0.0684106
0.245584 0.0966359 9.99912E-05 0.291232 0.0221098 0.0150784 0.0992741 0.229985
0.233232 0.158625 9.99824E-05 0.187064 0.147515 0.250964 9.99824E-05 0.0223994
0.0873992 0.234502 9.99912E-05 0.201916 0.12537 0.283446 0.00280776 0.0644585
0.275474 0.128022 9.99824E-05 0.215104 9.99824E-05 0.260543 0.0738291 0.0468272
0.198724 0.162243 9.99912E-05 0.176009 0.0332612 0.312075 0.0603149 0.0572732
0.176326 0.135236 9.99912E-05 0.0474797 0.0771299 0.292655 0.0737058 0.197367
0.385745 0.107858 9.99912E-05 0.123428 0.0434776 0.174274 0.043487 0.121629
0.336803 0.143557 9.99912E-05 0.191654 0.0782513 0.168894 0.0587752 0.0219649
0.21911 0.243541 9.99824E-05 0.0390256 9.99824E-05 0.258754 0.0518342 0.187535
0.264309 0.195178 9.99825E-05 0.3643 0.0573104 0.108194 9.99825E-05 0.0105085
0.318641 0.100761 9.99912E-05 0.221935 0.00351456 0.102552 0.125061 0.127436
9.994E-05 9.994E-05 9.994E-05 0.9993 9.994E-05 9.994E-05 9.994E-05 9.994E-05
9.994E-05 9.994E-05 9.994E-05 0.9993 9.994E-05 9.994E-05 9.994E-05 9.994E-05
9.994E-05 9.994E-05 9.994E-05 0.9993 9.994E-05 9.994E-05 9.994E-05 9.994E-05
9.994E-05 9.994E-05 9.994E-05 0.9993 9.994E-05 9.994E-05 9.994E-05 9.994E-05
9.994E-05 9.994E-05 9.994E-05 0.9993 9.994E-05 9.994E-05 9.994E-05 9.994E-05
9.994E-05 9.994E-05 9.994E-05 0.9993 9.994E-05 9.994E-05 9.994E-05 9.994E-05
9.994E-05 9.994E-05 9.994E-05 0.9993 9.994E-05 9.994E-05 9.994E-05 9.994E-05
9.994E-05 9.994E-05 9.994E-05 0.9993 9.994E-05 9.994E-05 9.994E-05 9.994E-05
9.994E-05 9.994E-05 9.994E-05 0.9993 9.994E-05 9.994E-05 9.994E-05 9.994E-05
9.994E-05 9.994E-05 9.994E-05 0.9993 9.994E-05 9.994E-05 9.994E-05 9.994E-05
9.994E-05 9.994E-05 9.994E-05 0.9993 9.994E-05 9.994E-05 9.994E-05 9.994E-05
9.994E-05 9.994E-05 9.994E-05 0.9993 9.994E-05 9.994E-05 9.994E-05 9.994E-05
9.994E-05 9.994E-05 9.994E-05 0.9993 9.994E-05 9.994E-05 9.994E-05 9.994E-05
9.994E-05 9.994E-05 9.994E-05 0.9993 9.994E-05 9.994E-05 9.994E-05 9.994E-05
9.994E-05 9.994E-05 9.994E-05 0.9993 9.994E-05 9.994E-05 9.994E-05 9.994E-05
9.994E-05 9.994E-05 9.994E-05 0.9993 9.994E-05 9.994E-05 9.994E-05 9.994E-05
9.994E-05 9.994E-05 9.994E-05 0.9993 9.994E-05 9.994E-05 9.994E-05 9.994E-05
9.994E-05 9.994E-05 9.994E-05 0.9993 9.994E-05 9.994E-05 9.994E-05 9.994E-05
9.994E-05 9.994E-05 9.994E-05 0.9993 9.994E-05 9.994E-05 9.994E-05 9.994E-05
9.994E-05 9.994E-05 9.994E-05 0.9993 9.994E-05 9.994E-05 9.994E-05 9.994E-05
9.994E-05 9.994E-05 9.994E-05 0.9993 9.994E-05 9.994E-05 9.994E-05 9.994E-05
9.994E-05 9.994E-05 9.994E-05 0.9993 9.994E-05 9.994E-05 9.994E-05 9.994E-05
9.994E-05 9.994E-05 9.994E-05 0.9993 9.994E-05 9.994E-05 9.994E-05 9.994E-05
9.994E-05 9.994E-05 9.994E-05 0.9993 9.994E-05 9.994E-05 9.994E-05 9.994E-05
9.994E-05 9.994E-05 9.994E-05 0.9993 9.994E-05 9.994E-05 9.994E-05 9.994E-05
9.994E-05 9.994E-05 9.994E-05 0.9993 9.994E-05 9.994E-05 9.994E-05 9.994E-05
9.994E-05 9.994E-05 9.994E-05 0.9993 9.994E-05 9.994E-05 9.994E-05 9.994E-05
9.994E-05 9.994E-05 9.994E-05 0.9993 9.994E-05 9.994E-05 9.994E-05 9.994E-05
9.994E-05 9.994E-05 9.994E-05 0.9993 9.994E-05 9.994E-05 9.994E-05 9.994E-05
9.994E-05 9.994E-05 9.994E-05 0.9993 9.994E-05 9.994E-05 9.994E-05 9.994E-05
9.994E-05 9.994E-05 9.994E-05 0.9993 9.994E-05 9.994E-05 9.994E-05 9.994E-05
9.994E-05 9.994E-05 9.994E-05 0.9993 9.994E-05 9.994E-05 9.994E-05 9.994E-05
9.994E-05 9.994E-05 9.994E-05 0.9993 9.994E-05 9.994E-05 9.994E-05 9.994E-05
9.994E-05 9.994E-05 9.994E-05 0.9993 9.994E-05 9.994E-05 9.994E-05 9.994E-05
9.994E-05 9.994E-05 9.994E-05 0.9993 9.994E-05 9.994E-05 9.994E-05 9.994E-05
9.994E-05 9.994E-05 9.994E-05 0.9993 9.994E-05 9.994E-05 9.994E-05 9.994E-05
9.994E-05 9.994E-05 9.994E-05 0.9993 9.994E-05 9.994E-05 9.994E-05 9.994E-05
9.994E-05 9.994E-05 9.994E-05 0.9993 9.994E-05 9.994E-05 9.994E-05 9.994E-05
9.994E-05 9.994E-05 9.994E-05 0.9993 9.994E-05 9.994E-05 9.994E-05 9.994E-05
9.994E-05 9.994E-05 9.994E-05 0.9993 9.994E-05 9.994E-05 9.994E-05 9.994E-05
9.994E-05 9.994E-05 9.994E-05 0.9993 9.994E-05 9.994E-05 9.994E-05 9.994E-05
