9.98421E-05 9.98421E-05 9.98421E-05 9.98421E-05 9.98421E-05 0.101218 9.98421E-05 0.0707202 9.98421E-05 9.98421E-05 0.0168559 9.98421E-05 0.0220232 0.133384 9.98421E-05 9.98421E-05 0.355927 9.98421E-05 9.98421E-05 9.98421E-05 0.033577 0.244163 0.0203349 9.98421E-05 9.98421E-05 9.98421E-05 9.98421E-05
9.97985E-05 9.97985E-05 9.97985E-05 9.97985E-05 9.97985E-05 0.0157266 9.97985E-05 0.157785 9.97985E-05 9.97985E-05 9.97985E-05 9.97985E-05 9.97985E-05 0.0442434 9.97985E-05 9.97985E-05 0.77995 9.97985E-05 9.97985E-05 9.97985E-05 9.97985E-05 9.97985E-05 9.97985E-05 9.97985E-05 9.97985E-05 9.97985E-05 9.97985E-05
9.97896E-05 9.97896E-05 9.97896E-05 9.97896E-05 9.97896E-05 9.97896E-05 9.97896E-05 9.97896E-05 9.97896E-05 9.97896E-05 0.948762 9.97896E-05 9.97896E-05 9.97896E-05 9.97896E-05 9.97896E-05 9.97896E-05 0.0192465 9.97896E-05 9.97896E-05 9.97896E-05 9.97896E-05 9.97896E-05 9.97896E-05 9.97896E-05 9.97896E-05 0.0295964
9.98509E-05 9.98509E-05 9.98509E-05 9.98509E-05 9.98509E-05 0.156156 9.98509E-05 9.98509E-05 9.98509E-05 9.98509E-05 0.0630462 0.0469136 0.325794 9.98509E-05 0.0455797 9.98509E-05 0.198029 9.98509E-05 9.98509E-05 9.98509E-05 0.0513897 0.051564 0.00675375 9.98509E-05 9.98509E-05 0.0530765 9.98509E-05
9.98246E-05 9.98246E-05 9.98246E-05 0.0828893 9.98246E-05 9.98246E-05 9.98246E-05 0.00430276 9.98246E-05 9.98246E-05 0.107272 9.98246E-05 9.98246E-05 9.98246E-05 0.00459612 9.98246E-05 0.76365 9.98246E-05 9.98246E-05 9.98246E-05 9.98246E-05 9.98246E-05 9.98246E-05 9.98246E-05 9.98246E-05 0.00493486 0.0303583
9.98334E-05 9.98334E-05 9.98334E-05 0.130222 9.98334E-05 9.98334E-05 9.98334E-05 9.98334E-05 9.98334E-05 9.98334E-05 0.278441 0.175703 9.98334E-05 0.183204 9.98334E-05 9.98334E-05 9.98334E-05 0.00635085 9.98334E-05 9.98334E-05 9.98334E-05 9.98334E-05 0.0184542 9.98334E-05 9.98334E-05 0.154652 0.0510752
9.98421E-05 9.98421E-05 9.98421E-05 9.98421E-05 9.98421E-05 9.98421E-05 0.0568779 0.0542917 9.98421E-05 9.98421E-05 9.98421E-05 9.98421E-05 9.98421E-05 0.121099 9.98421E-05 0.1175 0.29218 0.0686998 9.98421E-05 0.0427536 0.126718 0.118083 9.98421E-05 9.98421E-05 9.98421E-05 9.98421E-05 9.98421E-05
0.00182224 9.98511E-05 9.98511E-05 9.98511E-05 9.98511E-05 9.98511E-05 9.98511E-05 9.98511E-05 9.98511E-05 0.100257 9.98511E-05 0.157127 9.98511E-05 0.0638305 0.0718592 9.98511E-05 0.193347 9.98511E-05 9.98511E-05 0.161956 9.98511E-05 0.161156 9.98511E-05 9.98511E-05 0.000809987 9.98511E-05 0.0861378
9.98247E-05 9.98247E-05 9.98247E-05 9.98247E-05 9.98247E-05 9.98247E-05 9.98247E-05 0.00578927 9.98247E-05 9.98247E-05 0.243403 0.201155 9.98247E-05 9.98247E-05 0.0209297 9.98247E-05 9.98247E-05 0.275177 9.98247E-05 9.98247E-05 9.98247E-05 9.98247E-05 0.234594 9.98247E-05 9.98247E-05 9.98247E-05 0.0169555
9.97807E-05 9.97807E-05 9.97807E-05 9.97807E-05 9.97807E-05 9.97807E-05 9.97807E-05 9.97807E-05 9.97807E-05 9.97807E-05 9.97807E-05 9.97807E-05 9.97807E-05 9.97807E-05 9.97807E-05 9.97807E-05 0.941804 9.97807E-05 9.97807E-05 9.97807E-05 9.97807E-05 9.97807E-05 0.0557019 9.97807E-05 9.97807E-05 9.97807E-05 9.97807E-05
9.98421E-05 9.98421E-05 9.98421E-05 9.98421E-05 9.98421E-05 9.98421E-05 9.98421E-05 9.98421E-05 0.0254145 9.98421E-05 9.98421E-05 0.0407134 0.0246686 0.0472928 9.98421E-05 9.98421E-05 0.574428 9.98421E-05 9.98421E-05 9.98421E-05 0.0811258 0.012632 0.131742 9.98421E-05 9.98421E-05 0.060186 9.98421E-05
9.97895E-05 9.97895E-05 9.97895E-05 9.97895E-05 0.0283742 9.97895E-05 9.97895E-05 9.97895E-05 9.97895E-05 9.97895E-05 0.966429 9.97895E-05 9.97895E-05 9.97895E-05 9.97895E-05 9.97895E-05 9.97895E-05 9.97895E-05 9.97895E-05 9.97895E-05 0.00280227 9.97895E-05 9.97895E-05 9.97895E-05 9.97895E-05 9.97895E-05 9.97895E-05
0.0103098 9.98157E-05 9.98157E-05 9.98157E-05 9.98157E-05 0.00852724 9.98157E-05 9.98157E-05 9.98157E-05 9.98157E-05 9.98157E-05 9.98157E-05 9.98157E-05 9.98157E-05 0.00241541 9.98157E-05 0.854029 9.98157E-05 9.98157E-05 9.98157E-05 9.98157E-05 0.065157 0.0574656 9.98157E-05 9.98157E-05 9.98157E-05 9.98157E-05
9.98333E-05 9.98333E-05 9.98333E-05 9.98333E-05 0.0157524 9.98333E-05 9.98333E-05 9.98333E-05 9.98333E-05 9.98333E-05 9.98333E-05 9.98333E-05 9.98333E-05 9.98333E-05 9.98333E-05 9.98333E-05 0.548319 9.98333E-05 0.229883 9.98333E-05 0.0268244 0.00945883 0.0179701 0.0198029 9.98333E-05 9.98333E-05 0.130092
9.98247E-05 0.0996777 9.98247E-05 9.98247E-05 9.98247E-05 9.98247E-05 9.98247E-05 9.98247E-05 9.98247E-05 9.98247E-05 0.111385 0.131975 9.98247E-05 0.285841 9.98247E-05 9.98247E-05 0.153655 9.98247E-05 9.98247E-05 9.98247E-05 9.98247E-05 9.98247E-05 0.126908 9.98247E-05 9.98247E-05 0.0885621 9.98247E-05
0.145559 9.98595E-05 9.98595E-05 0.0112121 0.0127629 0.0292672 9.98595E-05 9.98595E-05 9.98595E-05 9.98595E-05 9.98595E-05 0.161065 9.98595E-05 0.2716 0.0187987 9.98595E-05 0.155936 9.98595E-05 9.98595E-05 9.98595E-05 9.98595E-05 0.0665366 0.0582902 9.98595E-05 0.0673741 9.98595E-05 9.98595E-05
9.98597E-05 9.98597E-05 0.16835 9.98597E-05 9.98597E-05 9.98597E-05 9.98597E-05 0.0468287 9.98597E-05 0.0179055 0.415855 9.98597E-05 9.98597E-05 9.98597E-05 9.98597E-05 0.0297442 0.0728164 9.98597E-05 9.98597E-05 0.0169574 0.0237724 0.0965675 0.0482646 9.98597E-05 0.0613407 9.98597E-05 9.98597E-05
9.98421E-05 9.98421E-05 9.98421E-05 9.98421E-05 9.98421E-05 9.98421E-05 9.98421E-05 9.98421E-05 0.162121 0.0944057 9.98421E-05 0.0106548 9.98421E-05 0.273688 9.98421E-05 9.98421E-05 0.189731 0.00077212 9.98421E-05 9.98421E-05 9.98421E-05 0.151812 0.086833 9.98421E-05 9.98421E-05 0.0281858 9.98421E-05
9.98245E-05 0.0375622 9.98245E-05 0.189281 9.98245E-05 9.98245E-05 9.98245E-05 9.98245E-05 9.98245E-05 9.98245E-05 0.303886 0.109101 9.98245E-05 9.98245E-05 9.98245E-05 9.98245E-05 0.0461016 9.98245E-05 9.98245E-05 9.98245E-05 9.98245E-05 0.147157 0.164915 9.98245E-05 9.98245E-05 9.98245E-05 9.98245E-05
9.9807E-05 9.9807E-05 9.9807E-05 9.9807E-05 9.9807E-05 0.0777315 9.9807E-05 9.9807E-05 9.9807E-05 9.9807E-05 0.256712 0.000349003 9.9807E-05 9.9807E-05 9.9807E-05 9.9807E-05 0.616152 9.9807E-05 9.9807E-05 9.9807E-05 9.9807E-05 9.9807E-05 0.0468601 9.9807E-05 9.9807E-05 9.9807E-05 9.9807E-05
9.98335E-05 9.98335E-05 9.98335E-05 9.98335E-05 0.125358 9.98335E-05 9.98335E-05 9.98335E-05 9.98335E-05 9.98335E-05 0.178381 0.0832475 0.115165 9.98335E-05 0.157056 9.98335E-05 0.30121 9.98335E-05 9.98335E-05 9.98335E-05 0.0154389 9.98335E-05 0.0222463 9.98335E-05 9.98335E-05 9.98335E-05 9.98335E-05
9.98159E-05 9.98159E-05 9.98159E-05 0.114043 9.98159E-05 9.98159E-05 0.0503186 9.98159E-05 9.98159E-05 9.98159E-05 0.33917 0.122818 9.98159E-05 9.98159E-05 9.98159E-05 9.98159E-05 9.98159E-05 9.98159E-05 9.98159E-05 9.98159E-05 9.98159E-05 0.337306 9.98159E-05 9.98159E-05 9.98159E-05 9.98159E-05 0.0342482
9.98248E-05 9.98248E-05 9.98248E-05 9.98248E-05 0.00675353 9.98248E-05 9.98248E-05 9.98248E-05 9.98248E-05 0.0225037 9.98248E-05 9.98248E-05 0.0892044 0.0746048 9.98248E-05 9.98248E-05 0.678917 9.98248E-05 9.98248E-05 9.98248E-05 9.98248E-05 9.98248E-05 0.0941682 9.98248E-05 9.98248E-05 0.0318521 9.98248E-05
9.97983E-05 9.97983E-05 9.97983E-05 9.97983E-05 9.97983E-05 9.97983E-05 9.97983E-05 9.97983E-05 9.97983E-05 9.97983E-05 9.97983E-05 9.97983E-05 9.97983E-05 9.97983E-05 9.97983E-05 9.97983E-05 0.387489 0.0613406 9.97983E-05 9.97983E-05 9.97983E-05 0.345135 0.20374 9.97983E-05 9.97983E-05 9.97983E-05 9.97983E-05
9.98333E-05 0.0999 9.98333E-05 9.98333E-05 9.98333E-05 0.14522 9.98333E-05 9.98333E-05 9.98333E-05 9.98333E-05 0.0792016 0.0642023 9.98333E-05 9.98333E-05 9.98333E-05 9.98333E-05 0.177677 9.98333E-05 9.98333E-05 9.98333E-05 9.98333E-05 0.0945671 0.22194 9.98333E-05 9.98333E-05 0.115395 9.98333E-05
9.98158E-05 9.98158E-05 0.0217087 9.98158E-05 9.98158E-05 9.98158E-05 9.98158E-05 9.98158E-05 9.98158E-05 9.98158E-05 0.684558 9.98158E-05 0.190302 9.98158E-05 9.98158E-05 9.98158E-05 0.0267276 9.98158E-05 9.98158E-05 9.98158E-05 9.98158E-05 0.0250568 0.0495501 9.98158E-05 9.98158E-05 9.98158E-05 9.98158E-05
0.0493525 9.98244E-05 9.98244E-05 9.98244E-05 9.98244E-05 9.98244E-05 0.255796 9.98244E-05 9.98244E-05 0.115979 0.0393184 9.98244E-05 9.98244E-05 9.98244E-05 9.98244E-05 9.98244E-05 9.98244E-05 9.98244E-05 9.98244E-05 9.98244E-05 9.98244E-05 0.218762 0.0631714 9.98244E-05 9.98244E-05 0.255624 9.98244E-05
9.98247E-05 0.0311113 9.98247E-05 9.98247E-05 0.0489121 9.98247E-05 9.98247E-05 9.98247E-05 9.98247E-05 9.98247E-05 9.98247E-05 9.98247E-05 0.0221131 9.98247E-05 9.98247E-05 9.98247E-05 0.769098 9.98247E-05 9.98247E-05 9.98247E-05 9.98247E-05 0.01615 0.0887389 9.98247E-05 9.98247E-05 0.0218799 9.98247E-05
9.98246E-05 9.98246E-05 9.98246E-05 9.98246E-05 9.98246E-05 9.98246E-05 0.0678908 9.98246E-05 9.98246E-05 9.98246E-05 9.98246E-05 9.98246E-05 9.98246E-05 0.0151531 9.98246E-05 9.98246E-05 0.596518 0.0234233 9.98246E-05 9.98246E-05 9.98246E-05 0.0555628 0.190608 9.98246E-05 9.98246E-05 0.0488475 9.98246E-05
9.9807E-05 9.9807E-05 9.9807E-05 9.9807E-05 9.9807E-05 9.9807E-05 9.9807E-05 9.9807E-05 9.9807E-05 9.9807E-05 0.584881 0.0338269 9.9807E-05 9.9807E-05 9.9807E-05 9.9807E-05 0.218187 9.9807E-05 9.9807E-05 9.9807E-05 9.9807E-05 9.9807E-05 0.0569073 0.104002 9.9807E-05 9.9807E-05 9.9807E-05
9.98158E-05 9.98158E-05 9.98158E-05 0.0639764 9.98158E-05 0.06034 0.074818 9.98158E-05 9.98158E-05 9.98158E-05 9.98158E-05 9.98158E-05 9.98158E-05 0.147544 9.98158E-05 9.98158E-05 0.547369 9.98158E-05 9.98158E-05 9.98158E-05 0.103856 9.98158E-05 9.98158E-05 9.98158E-05 9.98158E-05 9.98158E-05 9.98158E-05
9.98422E-05 9.98422E-05 9.98422E-05 0.0125714 9.98422E-05 9.98422E-05 9.98422E-05 9.98422E-05 9.98422E-05 9.98422E-05 9.98422E-05 9.98422E-05 0.0370872 0.0551939 0.0440186 9.98422E-05 0.562536 9.98422E-05 9.98422E-05 9.98422E-05 0.02457 0.0303728 0.0279514 9.98422E-05 9.98422E-05 0.203901 9.98422E-05
9.9842E-05 9.9842E-05 9.9842E-05 9.9842E-05 0.013415 9.9842E-05 9.9842E-05 9.9842E-05 9.9842E-05 9.9842E-05 0.203558 9.9842E-05 0.0777231 0.17698 9.9842E-05 9.9842E-05 0.294095 9.9842E-05 9.9842E-05 9.9842E-05 0.0720766 0.0166228 0.118221 9.9842E-05 9.9842E-05 0.0255118 9.9842E-05
9.98334E-05 9.98334E-05 9.98334E-05 9.98334E-05 0.0303479 9.98334E-05 9.98334E-05 9.98334E-05 9.98334E-05 0.0400249 0.499793 9.98334E-05 9.98334E-05 9.98334E-05 9.98334E-05 9.98334E-05 9.98334E-05 9.98334E-05 9.98334E-05 9.98334E-05 9.98334E-05 0.133951 0.044452 0.0517877 0.0841634 0.113582 9.98334E-05
9.9816E-05 9.9816E-05 9.9816E-05 9.9816E-05 9.9816E-05 0.114495 0.036986 0.0328985 9.9816E-05 9.9816E-05 0.080746 9.9816E-05 9.9816E-05 9.9816E-05 9.9816E-05 9.9816E-05 0.729894 9.9816E-05 9.9816E-05 9.9816E-05 9.9816E-05 9.9816E-05 0.00288384 9.9816E-05 9.9816E-05 9.9816E-05 9.9816E-05
9.98073E-05 9.98073E-05 9.98073E-05 9.98073E-05 9.98073E-05 9.98073E-05 9.98073E-05 9.98073E-05 9.98073E-05 9.98073E-05 0.676806 9.98073E-05 0.245707 9.98073E-05 9.98073E-05 9.98073E-05 9.98073E-05 0.0263809 9.98073E-05 9.98073E-05 9.98073E-05 0.00129896 0.0476117 9.98073E-05 9.98073E-05 9.98073E-05 9.98073E-05
0.0675154 9.97986E-05 9.97986E-05 9.97986E-05 9.97986E-05 9.97986E-05 9.97986E-05 9.97986E-05 9.97986E-05 9.97986E-05 0.804144 9.97986E-05 9.97986E-05 9.97986E-05 9.97986E-05 0.0260065 0.100039 9.97986E-05 9.97986E-05 9.97986E-05 9.97986E-05 9.97986E-05 9.97986E-05 9.97986E-05 9.97986E-05 9.97986E-05 9.97986E-05
9.98422E-05 9.98422E-05 9.98422E-05 9.98422E-05 9.98422E-05 0.0611764 9.98422E-05 0.00534701 0.0253017 9.98422E-05 0.247612 0.197765 0.00563426 9.98422E-05 9.98422E-05 9.98422E-05 0.363248 9.98422E-05 0.0271236 9.98422E-05 9.98422E-05 9.98422E-05 0.0649951 9.98422E-05 9.98422E-05 9.98422E-05 9.98422E-05
9.98246E-05 9.98246E-05 0.0684873 9.98246E-05 0.0116409 9.98246E-05 9.98246E-05 0.0857346 9.98246E-05 9.98246E-05 0.646881 9.98246E-05 9.98246E-05 9.98246E-05 9.98246E-05 9.98246E-05 9.98246E-05 9.98246E-05 9.98246E-05 9.98246E-05 9.98246E-05 0.000616142 0.127915 9.98246E-05 9.98246E-05 9.98246E-05 0.0567288
0.0831373 9.98421E-05 9.98421E-05 0.0195016 9.98421E-05 9.98421E-05 9.98421E-05 9.98421E-05 9.98421E-05 9.98421E-05 0.531754 9.98421E-05 9.98421E-05 9.98421E-05 9.98421E-05 0.00724184 9.98421E-05 9.98421E-05 9.98421E-05 9.98421E-05 0.0291231 0.0214029 0.111537 0.100929 9.98421E-05 0.0935759 9.98421E-05
9.97894E-05 9.97894E-05 9.97894E-05 9.97894E-05 9.97894E-05 9.97894E-05 9.97894E-05 9.97894E-05 9.97894E-05 9.97894E-05 0.910418 9.97894E-05 9.97894E-05 9.97894E-05 9.97894E-05 9.97894E-05 9.97894E-05 9.97894E-05 9.97894E-05 9.97894E-05 0.0563378 9.97894E-05 0.0308497 9.97894E-05 9.97894E-05 9.97894E-05 9.97894E-05
9.98161E-05 9.98161E-05 9.98161E-05 9.98161E-05 9.98161E-05 9.98161E-05 0.0648227 9.98161E-05 9.98161E-05 9.98161E-05 9.98161E-05 0.0487504 9.98161E-05 9.98161E-05 9.98161E-05 9.98161E-05 0.677544 0.0100764 9.98161E-05 9.98161E-05 9.98161E-05 0.137797 0.0589134 9.98161E-05 9.98161E-05 9.98161E-05 9.98161E-05
0.00414892 9.97983E-05 9.97983E-05 0.0704965 9.97983E-05 9.97983E-05 9.97983E-05 9.97983E-05 9.97983E-05 9.97983E-05 9.97983E-05 9.97983E-05 9.97983E-05 9.97983E-05 9.97983E-05 9.97983E-05 0.809365 9.97983E-05 9.97983E-05 9.97983E-05 9.97983E-05 9.97983E-05 9.97983E-05 0.113694 9.97983E-05 9.97983E-05 9.97983E-05
9.98248E-05 9.98248E-05 9.98248E-05 9.98248E-05 9.98248E-05 9.98248E-05 9.98248E-05 0.0367102 9.98248E-05 9.98248E-05 0.447415 0.101775 9.98248E-05 0.00458948 9.98248E-05 9.98248E-05 9.98248E-05 0.070843 9.98248E-05 9.98248E-05 9.98248E-05 0.0832119 0.253459 9.98248E-05 9.98248E-05 9.98248E-05 9.98248E-05
9.98159E-05 9.98159E-05 9.98159E-05 0.10822 9.98159E-05 9.98159E-05 9.98159E-05 9.98159E-05 9.98159E-05 9.98159E-05 0.279622 9.98159E-05 9.98159E-05 9.98159E-05 9.98159E-05 9.98159E-05 9.98159E-05 9.98159E-05 9.98159E-05 9.98159E-05 9.98159E-05 0.276124 0.182182 9.98159E-05 0.151054 9.98159E-05 0.000702324
9.98244E-05 9.98244E-05 9.98244E-05 0.000465071 9.98244E-05 9.98244E-05 9.98244E-05 9.98244E-05 0.0420961 9.98244E-05 0.9039 9.98244E-05 0.022123 9.98244E-05 9.98244E-05 9.98244E-05 9.98244E-05 9.98244E-05 9.98244E-05 9.98244E-05 9.98244E-05 0.00944675 0.00795799 9.98244E-05 0.0120144 9.98244E-05 9.98244E-05
9.97983E-05 9.97983E-05 9.97983E-05 9.97983E-05 9.97983E-05 9.97983E-05 9.97983E-05 9.97983E-05 9.97983E-05 9.97983E-05 9.97983E-05 0.0469602 0.0132141 9.97983E-05 9.97983E-05 9.97983E-05 0.921281 9.97983E-05 9.97983E-05 9.97983E-05 9.97983E-05 9.97983E-05 0.0162489 9.97983E-05 9.97983E-05 9.97983E-05 9.97983E-05
9.97809E-05 9.97809E-05 9.97809E-05 9.97809E-05 9.97809E-05 9.97809E-05 9.97809E-05 9.97809E-05 9.97809E-05 9.97809E-05 0.944873 9.97809E-05 9.97809E-05 9.97809E-05 9.97809E-05 9.97809E-05 9.97809E-05 9.97809E-05 9.97809E-05 9.97809E-05 9.97809E-05 9.97809E-05 0.0526321 9.97809E-05 9.97809E-05 9.97809E-05 9.97809E-05
9.98157E-05 9.98157E-05 9.98157E-05 0.0571057 0.00523319 9.98157E-05 0.0737693 9.98157E-05 9.98157E-05 9.98157E-05 9.98157E-05 9.98157E-05 9.98157E-05 9.98157E-05 9.98157E-05 9.98157E-05 0.606587 9.98157E-05 9.98157E-05 9.98157E-05 9.98157E-05 0.094841 0.160368 9.98157E-05 9.98157E-05 9.98157E-05 9.98157E-05
9.98249E-05 9.98249E-05 9.98249E-05 0.0835412 9.98249E-05 9.98249E-05 9.98249E-05 9.98249E-05 9.98249E-05 9.98249E-05 9.98249E-05 0.0149579 9.98249E-05 9.98249E-05 9.98249E-05 0.0820844 0.782721 9.98249E-05 9.98249E-05 0.00560161 9.98249E-05 9.98249E-05 9.98249E-05 0.000468609 9.98249E-05 9.98249E-05 0.028629
9.98507E-05 9.98507E-05 9.98507E-05 9.98507E-05 9.98507E-05 0.0650744 0.0718716 9.98507E-05 9.98507E-05 9.98507E-05 9.98507E-05 0.0376993 9.98507E-05 0.0507622 0.0211424 9.98507E-05 0.294365 9.98507E-05 9.98507E-05 9.98507E-05 0.0876325 9.98507E-05 0.182354 9.98507E-05 0.0400172 0.147384 9.98507E-05
9.98159E-05 9.98159E-05 9.98159E-05 9.98159E-05 0.0365925 9.98159E-05 9.98159E-05 9.98159E-05 9.98159E-05 9.98159E-05 9.98159E-05 9.98159E-05 0.0871007 9.98159E-05 9.98159E-05 9.98159E-05 0.612935 0.02015 9.98159E-05 9.98159E-05 9.98159E-05 0.166893 9.98159E-05 9.98159E-05 9.98159E-05 9.98159E-05 0.0742325
9.97984E-05 9.97984E-05 9.97984E-05 9.97984E-05 9.97984E-05 9.97984E-05 9.97984E-05 0.00840277 9.97984E-05 0.0513285 0.248216 9.97984E-05 9.97984E-05 9.97984E-05 9.97984E-05 9.97984E-05 0.689758 9.97984E-05 9.97984E-05 9.97984E-05 9.97984E-05 9.97984E-05 9.97984E-05 9.97984E-05 9.97984E-05 9.97984E-05 9.97984E-05
0.000269321 0.0200188 9.98246E-05 9.98246E-05 0.0964715 9.98246E-05 9.98246E-05 9.98246E-05 9.98246E-05 9.98246E-05 0.304799 9.98246E-05 9.98246E-05 9.98246E-05 9.98246E-05 0.0528325 0.0456398 9.98246E-05 9.98246E-05 9.98246E-05 9.98246E-05 9.98246E-05 9.98246E-05 0.477973 9.98246E-05 9.98246E-05 9.98246E-05
9.97899E-05 0.155846 9.97899E-05 9.97899E-05 9.97899E-05 9.97899E-05 9.97899E-05 9.97899E-05 9.97899E-05 9.97899E-05 0.783836 9.97899E-05 9.97899E-05 9.97899E-05 9.97899E-05 9.97899E-05 9.97899E-05 9.97899E-05 9.97899E-05 9.97899E-05 9.97899E-05 9.97899E-05 0.0579237 9.97899E-05 9.97899E-05 9.97899E-05 9.97899E-05
9.98072E-05 9.98072E-05 9.98072E-05 0.013438 9.98072E-05 0.118835 9.98072E-05 9.98072E-05 9.98072E-05 9.98072E-05 0.71755 9.98072E-05 9.98072E-05 0.0539185 9.98072E-05 9.98072E-05 9.98072E-05 9.98072E-05 9.98072E-05 9.98072E-05 9.98072E-05 9.98072E-05 9.98072E-05 9.98072E-05 9.98072E-05 0.0940636 9.98072E-05
9.98157E-05 9.98157E-05 9.98157E-05 0.0565933 9.98157E-05 9.98157E-05 9.98157E-05 0.00435524 9.98157E-05 0.0706891 0.800943 9.98157E-05 9.98157E-05 9.98157E-05 9.98157E-05 9.98157E-05 9.98157E-05 9.98157E-05 9.98157E-05 9.98157E-05 9.98157E-05 0.0455434 0.0197794 9.98157E-05 9.98157E-05 9.98157E-05 9.98157E-05
9.97983E-05 9.97983E-05 9.97983E-05 9.97983E-05 9.97983E-05 9.97983E-05 9.97983E-05 9.97983E-05 9.97983E-05 9.97983E-05 9.97983E-05 9.97983E-05 0.0322146 9.97983E-05 9.97983E-05 9.97983E-05 0.857397 9.97983E-05 9.97983E-05 9.97983E-05 9.97983E-05 9.97983E-05 0.0462371 9.97983E-05 0.0618558 9.97983E-05 9.97983E-05
9.9807E-05 9.9807E-05 9.9807E-05 9.9807E-05 9.9807E-05 9.9807E-05 0.04052 9.9807E-05 9.9807E-05 9.9807E-05 9.9807E-05 0.00553569 9.9807E-05 9.9807E-05 9.9807E-05 9.9807E-05 0.861235 9.9807E-05 9.9807E-05 0.0737337 9.9807E-05 9.9807E-05 0.0167794 9.9807E-05 9.9807E-05 9.9807E-05 9.9807E-05
9.98421E-05 9.98421E-05 9.98421E-05 9.98421E-05 9.98421E-05 9.98421E-05 9.98421E-05 0.0125821 9.98421E-05 0.0587378 9.98421E-05 0.0239305 9.98421E-05 0.742393 9.98421E-05 9.98421E-05 9.98421E-05 9.98421E-05 9.98421E-05 0.00700008 0.000561688 0.000482894 0.129716 9.98421E-05 9.98421E-05 0.0227989 9.98421E-05
9.97811E-05 9.97811E-05 9.97811E-05 9.97811E-05 9.97811E-05 9.97811E-05 9.97811E-05 9.97811E-05 9.97811E-05 9.97811E-05 9.97811E-05 9.97811E-05 0.0905185 0.906987 9.97811E-05 9.97811E-05 9.97811E-05 9.97811E-05 9.97811E-05 9.97811E-05 9.97811E-05 9.97811E-05 9.97811E-05 9.97811E-05 9.97811E-05 9.97811E-05 9.97811E-05
0.00174289 9.97983E-05 9.97983E-05 9.97983E-05 9.97983E-05 9.97983E-05 9.97983E-05 9.97983E-05 9.97983E-05 0.00622291 9.97983E-05 9.97983E-05 9.97983E-05 0.986372 9.97983E-05 0.00336679 9.97983E-05 9.97983E-05 9.97983E-05 9.97983E-05 9.97983E-05 9.97983E-05 9.97983E-05 9.97983E-05 9.97983E-05 9.97983E-05 9.97983E-05
9.98158E-05 9.98158E-05 9.98158E-05 9.98158E-05 9.98158E-05 9.98158E-05 9.98158E-05 0.275099 9.98158E-05 9.98158E-05 9.98158E-05 0.108511 9.98158E-05 0.371833 9.98158E-05 0.0395437 9.98158E-05 9.98158E-05 9.98158E-05 9.98158E-05 9.98158E-05 9.98158E-05 0.0243643 9.98158E-05 9.98158E-05 0.178552 9.98158E-05
9.98505E-05 9.98505E-05 9.98505E-05 0.00179263 9.98505E-05 0.000271812 9.98505E-05 9.98505E-05 0.0567002 0.00832283 9.98505E-05 0.0177829 9.98505E-05 0.715503 9.98505E-05 0.022772 9.98505E-05 9.98505E-05 9.98505E-05 9.98505E-05 9.98505E-05 0.119571 0.0418633 9.98505E-05 9.98505E-05 9.98505E-05 0.0137226
9.98243E-05 0.0107677 9.98243E-05 9.98243E-05 0.0145662 9.98243E-05 9.98243E-05 9.98243E-05 9.98243E-05 9.98243E-05 9.98243E-05 0.00860045 9.98243E-05 0.666365 9.98243E-05 9.98243E-05 9.98243E-05 0.0595877 9.98243E-05 9.98243E-05 9.98243E-05 0.0712404 0.166877 9.98243E-05 9.98243E-05 9.98243E-05 9.98243E-05
9.9798E-05 9.9798E-05 9.9798E-05 9.9798E-05 9.9798E-05 9.9798E-05 9.9798E-05 0.25528 9.9798E-05 9.9798E-05 9.9798E-05 9.9798E-05 0.056868 0.589187 9.9798E-05 9.9798E-05 9.9798E-05 9.9798E-05 9.9798E-05 9.9798E-05 9.9798E-05 9.9798E-05 0.0963697 9.9798E-05 9.9798E-05 9.9798E-05 9.9798E-05
9.98155E-05 9.98155E-05 9.98155E-05 9.98155E-05 9.98155E-05 9.98155E-05 9.98155E-05 0.0755726 9.98155E-05 0.0991632 9.98155E-05 0.05783 9.98155E-05 0.647614 9.98155E-05 9.98155E-05 9.98155E-05 9.98155E-05 9.98155E-05 9.98155E-05 9.98155E-05 9.98155E-05 0.0535187 9.98155E-05 9.98155E-05 0.0642058 9.98155E-05
9.97721E-05 9.97721E-05 9.97721E-05 9.97721E-05 9.97721E-05 9.97721E-05 9.97721E-05 9.97721E-05 9.97721E-05 9.97721E-05 9.97721E-05 9.97721E-05 9.97721E-05 0.997406 9.97721E-05 9.97721E-05 9.97721E-05 9.97721E-05 9.97721E-05 9.97721E-05 9.97721E-05 9.97721E-05 9.97721E-05 9.97721E-05 9.97721E-05 9.97721E-05 9.97721E-05
9.97895E-05 9.97895E-05 9.97895E-05 9.97895E-05 9.97895E-05 9.97895E-05 9.97895E-05 9.97895E-05 9.97895E-05 9.97895E-05 9.97895E-05 9.97895E-05 0.00425352 0.951129 9.97895E-05 9.97895E-05 9.97895E-05 9.97895E-05 9.97895E-05 9.97895E-05 0.0422222 9.97895E-05 9.97895E-05 9.97895E-05 9.97895E-05 9.97895E-05 9.97895E-05
9.98067E-05 9.98067E-05 9.98067E-05 0.0121208 9.98067E-05 9.98067E-05 9.98067E-05 9.98067E-05 9.98067E-05 9.98067E-05 9.98067E-05 0.0419312 9.98067E-05 0.543856 9.98067E-05 9.98067E-05 9.98067E-05 9.98067E-05 9.98067E-05 9.98067E-05 0.13115 9.98067E-05 0.268746 9.98067E-05 9.98067E-05 9.98067E-05 9.98067E-05
9.98858E-05 0.0837423 9.98858E-05 0.00361051 0.0358736 0.0113627 9.98858E-05 0.0519201 9.98858E-05 9.98858E-05 9.98858E-05 9.98858E-05 0.0657074 0.416435 0.0306847 0.00722598 9.98858E-05 9.98858E-05 9.98858E-05 0.0136173 0.0474011 0.0425015 0.148582 9.98858E-05 9.98858E-05 9.98858E-05 0.040037
9.98155E-05 9.98155E-05 9.98155E-05 9.98155E-05 0.101833 9.98155E-05 9.98155E-05 9.98155E-05 9.98155E-05 9.98155E-05 9.98155E-05 0.115269 9.98155E-05 0.573659 0.0971754 9.98155E-05 9.98155E-05 9.98155E-05 9.98155E-05 9.98155E-05 0.0729102 9.98155E-05 9.98155E-05 9.98155E-05 9.98155E-05 0.0370577 9.98155E-05
9.98068E-05 9.98068E-05 9.98068E-05 0.0429911 9.98068E-05 9.98068E-05 9.98068E-05 0.0926825 9.98068E-05 9.98068E-05 9.98068E-05 9.98068E-05 9.98068E-05 0.461481 9.98068E-05 9.98068E-05 9.98068E-05 9.98068E-05 9.98068E-05 9.98068E-05 9.98068E-05 0.220656 0.179994 9.98068E-05 9.98068E-05 9.98068E-05 9.98068E-05
0.0222164 9.97988E-05 9.97988E-05 9.97988E-05 9.97988E-05 9.97988E-05 0.112349 9.97988E-05 9.97988E-05 9.97988E-05 9.97988E-05 9.97988E-05 9.97988E-05 0.860742 9.97988E-05 9.97988E-05 9.97988E-05 9.97988E-05 9.97988E-05 9.97988E-05 9.97988E-05 9.97988E-05 9.97988E-05 9.97988E-05 9.97988E-05 9.97988E-05 0.00239784
9.97898E-05 9.97898E-05 9.97898E-05 9.97898E-05 9.97898E-05 9.97898E-05 9.97898E-05 9.97898E-05 9.97898E-05 9.97898E-05 9.97898E-05 0.0630534 9.97898E-05 0.865795 9.97898E-05 9.97898E-05 9.97898E-05 9.97898E-05 9.97898E-05 9.97898E-05 9.97898E-05 9.97898E-05 0.0687564 9.97898E-05 9.97898E-05 9.97898E-05 9.97898E-05
9.97979E-05 9.97979E-05 9.97979E-05 0.0885527 9.97979E-05 9.97979E-05 9.97979E-05 9.97979E-05 9.97979E-05 9.97979E-05 9.97979E-05 9.97979E-05 9.97979E-05 0.755424 9.97979E-05 9.97979E-05 9.97979E-05 9.97979E-05 9.97979E-05 0.11924 9.97979E-05 9.97979E-05 9.97979E-05 9.97979E-05 9.97979E-05 0.0344883 9.97979E-05
9.98157E-05 9.98157E-05 9.98157E-05 0.0877217 9.98157E-05 9.98157E-05 9.98157E-05 9.98157E-05 9.98157E-05 9.98157E-05 9.98157E-05 0.0220014 0.0434154 0.649138 9.98157E-05 9.98157E-05 9.98157E-05 9.98157E-05 9.98157E-05 9.98157E-05 0.126491 0.0691367 9.98157E-05 9.98157E-05 9.98157E-05 9.98157E-05 9.98157E-05
9.9807E-05 9.9807E-05 9.9807E-05 0.00114383 9.9807E-05 9.9807E-05 9.9807E-05 9.9807E-05 9.9807E-05 0.0561645 9.9807E-05 9.9807E-05 9.9807E-05 0.910377 9.9807E-05 9.9807E-05 9.9807E-05 9.9807E-05 9.9807E-05 9.9807E-05 0.00398403 9.9807E-05 0.0261345 9.9807E-05 9.9807E-05 9.9807E-05 9.9807E-05
0.146475 9.98242E-05 9.98242E-05 9.98242E-05 9.98242E-05 0.0740629 0.109324 9.98242E-05 9.98242E-05 9.98242E-05 9.98242E-05 0.000170943 9.98242E-05 0.560524 9.98242E-05 9.98242E-05 9.98242E-05 9.98242E-05 9.98242E-05 0.000424219 9.98242E-05 9.98242E-05 0.107022 9.98242E-05 9.98242E-05 9.98242E-05 9.98242E-05
9.97812E-05 9.97812E-05 9.97812E-05 9.97812E-05 9.97812E-05 9.97812E-05 9.97812E-05 9.97812E-05 9.97812E-05 9.97812E-05 9.97812E-05 9.97812E-05 9.97812E-05 0.933721 9.97812E-05 9.97812E-05 9.97812E-05 9.97812E-05 9.97812E-05 9.97812E-05 9.97812E-05 9.97812E-05 9.97812E-05 0.0637847 9.97812E-05 9.97812E-05 9.97812E-05
9.98154E-05 0.00387627 9.98154E-05 0.0361846 9.98154E-05 9.98154E-05 9.98154E-05 0.0617113 9.98154E-05 9.98154E-05 9.98154E-05 9.98154E-05 9.98154E-05 0.612389 9.98154E-05 9.98154E-05 9.98154E-05 9.98154E-05 9.98154E-05 9.98154E-05 9.98154E-05 0.246947 0.036796 9.98154E-05 9.98154E-05 9.98154E-05 9.98154E-05
9.97985E-05 0.0107734 9.97985E-05 9.97985E-05 9.97985E-05 9.97985E-05 9.97985E-05 0.0213089 9.97985E-05 9.97985E-05 9.97985E-05 9.97985E-05 9.97985E-05 0.737372 9.97985E-05 9.97985E-05 9.97985E-05 9.97985E-05 9.97985E-05 9.97985E-05 9.97985E-05 9.97985E-05 9.97985E-05 9.97985E-05 9.97985E-05 0.228251 9.97985E-05
9.97983E-05 9.97983E-05 9.97983E-05 0.189195 9.97983E-05 9.97983E-05 9.97983E-05 9.97983E-05 9.97983E-05 9.97983E-05 9.97983E-05 0.0266793 9.97983E-05 0.715096 9.97983E-05 9.97983E-05 9.97983E-05 9.97983E-05 9.97983E-05 9.97983E-05 9.97983E-05 9.97983E-05 9.97983E-05 9.97983E-05 0.0667345 9.97983E-05 9.97983E-05
9.9798E-05 9.9798E-05 9.9798E-05 9.9798E-05 9.9798E-05 9.9798E-05 9.9798E-05 9.9798E-05 9.9798E-05 9.9798E-05 9.9798E-05 9.9798E-05 0.0354627 0.829767 9.9798E-05 9.9798E-05 9.9798E-05 9.9798E-05 9.9798E-05 9.9798E-05 0.112998 9.9798E-05 0.0194768 9.9798E-05 9.9798E-05 9.9798E-05 9.9798E-05
9.98161E-05 9.98161E-05 9.98161E-05 9.98161E-05 9.98161E-05 9.98161E-05 9.98161E-05 9.98161E-05 0.006894 9.98161E-05 0.00379256 0.0117197 9.98161E-05 0.937187 9.98161E-05 9.98161E-05 9.98161E-05 9.98161E-05 0.0330667 9.98161E-05 9.98161E-05 9.98161E-05 0.00524355 9.98161E-05 9.98161E-05 9.98161E-05 9.98161E-05
9.97723E-05 9.97723E-05 9.97723E-05 9.97723E-05 9.97723E-05 9.97723E-05 9.97723E-05 9.97723E-05 9.97723E-05 9.97723E-05 9.97723E-05 9.97723E-05 9.97723E-05 0.997406 9.97723E-05 9.97723E-05 9.97723E-05 9.97723E-05 9.97723E-05 9.97723E-05 9.97723E-05 9.97723E-05 9.97723E-05 9.97723E-05 9.97723E-05 9.97723E-05 9.97723E-05
9.97722E-05 9.97722E-05 9.97722E-05 9.97722E-05 9.97722E-05 9.97722E-05 9.97722E-05 9.97722E-05 9.97722E-05 9.97722E-05 9.97722E-05 9.97722E-05 9.97722E-05 0.997406 9.97722E-05 9.97722E-05 9.97722E-05 9.97722E-05 9.97722E-05 9.97722E-05 9.97722E-05 9.97722E-05 9.97722E-05 9.97722E-05 9.97722E-05 9.97722E-05 9.97722E-05
9.97809E-05 9.97809E-05 9.97809E-05 9.97809E-05 9.97809E-05 9.97809E-05 9.97809E-05 9.97809E-05 9.97809E-05 0.121409 9.97809E-05 9.97809E-05 9.97809E-05 0.876096 9.97809E-05 9.97809E-05 9.97809E-05 9.97809E-05 9.97809E-05 9.97809E-05 9.97809E-05 9.97809E-05 9.97809E-05 9.97809E-05 9.97809E-05 9.97809E-05 9.97809E-05
9.97895E-05 9.97895E-05 9.97895E-05 9.97895E-05 9.97895E-05 9.97895E-05 9.97895E-05 9.97895E-05 9.97895E-05 9.97895E-05 9.97895E-05 9.97895E-05 9.97895E-05 0.32013 9.97895E-05 9.97895E-05 9.97895E-05 9.97895E-05 9.97895E-05 9.97895E-05 9.97895E-05 9.97895E-05 0.0789076 0.598568 9.97895E-05 9.97895E-05 9.97895E-05
9.97896E-05 9.97896E-05 9.97896E-05 9.97896E-05 9.97896E-05 9.97896E-05 9.97896E-05 9.97896E-05 9.97896E-05 9.97896E-05 9.97896E-05 0.107698 9.97896E-05 9.97896E-05 9.97896E-05 9.97896E-05 9.97896E-05 9.97896E-05 9.97896E-05 9.97896E-05 9.97896E-05 9.97896E-05 0.0792307 9.97896E-05 9.97896E-05 0.810676 9.97896E-05
9.97894E-05 9.97894E-05 9.97894E-05 0.0312118 9.97894E-05 9.97894E-05 9.97894E-05 9.97894E-05 9.97894E-05 9.97894E-05 9.97894E-05 0.0087714 9.97894E-05 9.97894E-05 9.97894E-05 9.97894E-05 9.97894E-05 9.97894E-05 0.957622 9.97894E-05 9.97894E-05 9.97894E-05 9.97894E-05 9.97894E-05 9.97894E-05 9.97894E-05 9.97894E-05
9.97808E-05 9.97808E-05 9.97808E-05 9.97808E-05 9.97808E-05 9.97808E-05 9.97808E-05 9.97808E-05 9.97808E-05 9.97808E-05 9.97808E-05 9.97808E-05 9.97808E-05 9.97808E-05 9.97808E-05 9.97808E-05 9.97808E-05 9.97808E-05 9.97808E-05 9.97808E-05 9.97808E-05 9.97808E-05 0.0940278 9.97808E-05 9.97808E-05 0.903478 9.97808E-05
9.98068E-05 9.98068E-05 9.98068E-05 9.98068E-05 9.98068E-05 9.98068E-05 9.98068E-05 9.98068E-05 9.98068E-05 0.0753731 9.98068E-05 0.0753049 0.0115953 9.98068E-05 9.98068E-05 9.98068E-05 9.98068E-05 9.98068E-05 9.98068E-05 9.98068E-05 9.98068E-05 9.98068E-05 0.122214 9.98068E-05 9.98068E-05 0.713317 9.98068E-05
9.97805E-05 9.97805E-05 9.97805E-05 9.97805E-05 9.97805E-05 9.97805E-05 9.97805E-05 9.97805E-05 9.97805E-05 9.97805E-05 9.97805E-05 0.0530148 9.97805E-05 9.97805E-05 9.97805E-05 9.97805E-05 9.97805E-05 9.97805E-05 9.97805E-05 9.97805E-05 9.97805E-05 9.97805E-05 9.97805E-05 9.97805E-05 9.97805E-05 0.944491 9.97805E-05
9.98158E-05 9.98158E-05 9.98158E-05 9.98158E-05 9.98158E-05 9.98158E-05 9.98158E-05 0.00542265 9.98158E-05 9.98158E-05 9.98158E-05 0.074445 9.98158E-05 9.98158E-05 9.98158E-05 9.98158E-05 9.98158E-05 9.98158E-05 9.98158E-05 9.98158E-05 9.98158E-05 9.98158E-05 0.136419 0.0526858 0.0859843 0.642947 9.98158E-05
9.98157E-05 9.98157E-05 9.98157E-05 9.98157E-05 9.98157E-05 9.98157E-05 9.98157E-05 9.98157E-05 9.98157E-05 0.00387847 9.98157E-05 0.0915742 9.98157E-05 9.98157E-05 9.98157E-05 9.98157E-05 9.98157E-05 9.98157E-05 0.175502 9.98157E-05 9.98157E-05 0.0770735 0.0805864 9.98157E-05 9.98157E-05 0.569289 9.98157E-05
9.97807E-05 9.97807E-05 9.97807E-05 9.97807E-05 9.97807E-05 9.97807E-05 9.97807E-05 9.97807E-05 9.97807E-05 9.97807E-05 9.97807E-05 0.161219 9.97807E-05 9.97807E-05 9.97807E-05 9.97807E-05 9.97807E-05 9.97807E-05 9.97807E-05 9.97807E-05 9.97807E-05 9.97807E-05 9.97807E-05 9.97807E-05 9.97807E-05 0.836287 9.97807E-05
9.9798E-05 9.9798E-05 9.9798E-05 9.9798E-05 9.9798E-05 9.9798E-05 0.0463891 0.18375 9.9798E-05 9.9798E-05 9.9798E-05 0.299447 9.9798E-05 9.9798E-05 9.9798E-05 9.9798E-05 9.9798E-05 9.9798E-05 9.9798E-05 9.9798E-05 9.9798E-05 9.9798E-05 9.9798E-05 9.9798E-05 9.9798E-05 0.468119 9.9798E-05
9.97982E-05 0.0286635 9.97982E-05 9.97982E-05 9.97982E-05 9.97982E-05 9.97982E-05 9.97982E-05 9.97982E-05 9.97982E-05 9.97982E-05 0.209527 9.97982E-05 9.97982E-05 9.97982E-05 9.97982E-05 9.97982E-05 9.97982E-05 9.97982E-05 9.97982E-05 9.97982E-05 9.97982E-05 0.231384 9.97982E-05 9.97982E-05 0.528131 9.97982E-05
9.98159E-05 9.98159E-05 0.263331 9.98159E-05 9.98159E-05 9.98159E-05 9.98159E-05 0.236196 9.98159E-05 9.98159E-05 9.98159E-05 0.0284937 9.98159E-05 9.98159E-05 9.98159E-05 9.98159E-05 9.98159E-05 9.98159E-05 0.109107 9.98159E-05 9.98159E-05 9.98159E-05 0.00151591 9.98159E-05 9.98159E-05 0.359261 9.98159E-05
9.98071E-05 9.98071E-05 0.154492 9.98071E-05 9.98071E-05 9.98071E-05 9.98071E-05 0.187675 9.98071E-05 9.98071E-05 9.98071E-05 9.98071E-05 9.98071E-05 9.98071E-05 9.98071E-05 9.98071E-05 9.98071E-05 9.98071E-05 9.98071E-05 9.98071E-05 0.0303072 9.98071E-05 0.0107084 9.98071E-05 9.98071E-05 0.614622 9.98071E-05
9.97895E-05 9.97895E-05 9.97895E-05 9.97895E-05 9.97895E-05 9.97895E-05 9.97895E-05 9.97895E-05 9.97895E-05 9.97895E-05 9.97895E-05 0.0911623 9.97895E-05 9.97895E-05 9.97895E-05 9.97895E-05 9.97895E-05 9.97895E-05 0.308176 9.97895E-05 9.97895E-05 9.97895E-05 9.97895E-05 9.97895E-05 9.97895E-05 0.598267 9.97895E-05
9.98072E-05 9.98072E-05 0.114661 9.98072E-05 9.98072E-05 9.98072E-05 9.98072E-05 9.98072E-05 9.98072E-05 9.98072E-05 9.98072E-05 0.0851252 9.98072E-05 9.98072E-05 9.98072E-05 9.98072E-05 9.98072E-05 0.0390307 9.98072E-05 9.98072E-05 9.98072E-05 9.98072E-05 0.146622 9.98072E-05 9.98072E-05 0.612365 9.98072E-05
9.98159E-05 9.98159E-05 0.104374 9.98159E-05 0.0243913 9.98159E-05 9.98159E-05 9.98159E-05 9.98159E-05 0.087573 9.98159E-05 0.0540861 9.98159E-05 9.98159E-05 9.98159E-05 9.98159E-05 9.98159E-05 9.98159E-05 9.98159E-05 9.98159E-05 9.98159E-05 9.98159E-05 9.98159E-05 9.98159E-05 0.0674094 0.66007 9.98159E-05
9.98334E-05 9.98334E-05 9.98334E-05 9.98334E-05 9.98334E-05 9.98334E-05 0.104445 0.0539259 9.98334E-05 9.98334E-05 9.98334E-05 0.00722625 9.98334E-05 9.98334E-05 9.98334E-05 9.98334E-05 9.98334E-05 9.98334E-05 0.0118404 0.0218472 9.98334E-05 9.98334E-05 0.115764 9.98334E-05 0.0474354 0.635619 9.98334E-05
9.98159E-05 9.98159E-05 0.0805917 9.98159E-05 9.98159E-05 9.98159E-05 9.98159E-05 0.243409 0.0337999 9.98159E-05 9.98159E-05 0.0291765 9.98159E-05 9.98159E-05 9.98159E-05 9.98159E-05 9.98159E-05 9.98159E-05 9.98159E-05 9.98159E-05 9.98159E-05 9.98159E-05 0.0672856 9.98159E-05 9.98159E-05 0.543641 9.98159E-05
9.97986E-05 9.97986E-05 0.102539 9.97986E-05 9.97986E-05 9.97986E-05 9.97986E-05 9.97986E-05 9.97986E-05 9.97986E-05 9.97986E-05 0.200113 9.97986E-05 9.97986E-05 9.97986E-05 9.97986E-05 9.97986E-05 9.97986E-05 9.97986E-05 9.97986E-05 9.97986E-05 9.97986E-05 9.97986E-05 9.97986E-05 0.139916 0.555137 9.97986E-05
9.97896E-05 9.97896E-05 0.0765886 9.97896E-05 9.97896E-05 9.97896E-05 9.97896E-05 0.0230818 9.97896E-05 9.97896E-05 9.97896E-05 9.97896E-05 9.97896E-05 9.97896E-05 9.97896E-05 9.97896E-05 9.97896E-05 9.97896E-05 9.97896E-05 9.97896E-05 9.97896E-05 9.97896E-05 9.97896E-05 9.97896E-05 9.97896E-05 0.897935 9.97896E-05
9.98335E-05 9.98335E-05 0.169003 9.98335E-05 9.98335E-05 9.98335E-05 0.0491929 9.98335E-05 0.135714 9.98335E-05 9.98335E-05 0.102462 9.98335E-05 9.98335E-05 9.98335E-05 9.98335E-05 9.98335E-05 9.98335E-05 0.0555252 9.98335E-05 0.0117986 9.98335E-05 0.0626474 9.98335E-05 9.98335E-05 0.41176 9.98335E-05
9.98071E-05 9.98071E-05 0.0216424 9.98071E-05 9.98071E-05 9.98071E-05 9.98071E-05 0.112098 9.98071E-05 9.98071E-05 9.98071E-05 9.98071E-05 9.98071E-05 9.98071E-05 9.98071E-05 9.98071E-05 9.98071E-05 9.98071E-05 9.98071E-05 9.98071E-05 9.98071E-05 9.98071E-05 0.0535951 9.98071E-05 0.104383 0.706086 9.98071E-05
9.97983E-05 9.97983E-05 0.0529854 9.97983E-05 9.97983E-05 9.97983E-05 9.97983E-05 9.97983E-05 9.97983E-05 9.97983E-05 9.97983E-05 0.0177159 9.97983E-05 9.97983E-05 9.97983E-05 9.97983E-05 9.97983E-05 9.97983E-05 9.97983E-05 9.97983E-05 9.97983E-05 9.97983E-05 0.0535454 9.97983E-05 9.97983E-05 0.873458 9.97983E-05
9.98245E-05 9.98245E-05 9.98245E-05 9.98245E-05 9.98245E-05 9.98245E-05 9.98245E-05 0.106075 0.117275 9.98245E-05 9.98245E-05 0.220487 0.0300931 9.98245E-05 0.0399435 9.98245E-05 9.98245E-05 9.98245E-05 9.98245E-05 9.98245E-05 9.98245E-05 9.98245E-05 0.146704 9.98245E-05 9.98245E-05 0.337426 9.98245E-05
9.97983E-05 9.97983E-05 9.97983E-05 9.97983E-05 9.97983E-05 9.97983E-05 9.97983E-05 9.97983E-05 9.97983E-05 9.97983E-05 9.97983E-05 0.19327 9.97983E-05 9.97983E-05 9.97983E-05 9.97983E-05 9.97983E-05 9.97983E-05 0.350943 9.97983E-05 9.97983E-05 9.97983E-05 9.97983E-05 9.97983E-05 9.97983E-05 0.430551 0.0229402
9.98156E-05 9.98156E-05 9.98156E-05 0.0678141 9.98156E-05 9.98156E-05 9.98156E-05 0.085068 0.0178698 9.98156E-05 9.98156E-05 0.225839 9.98156E-05 9.98156E-05 9.98156E-05 9.98156E-05 9.98156E-05 9.98156E-05 9.98156E-05 9.98156E-05 9.98156E-05 9.98156E-05 0.156265 9.98156E-05 9.98156E-05 0.445048 9.98156E-05
0.0509249 9.98244E-05 9.98244E-05 9.98244E-05 9.98244E-05 9.98244E-05 9.98244E-05 0.0847681 9.98244E-05 0.0530396 9.98244E-05 0.139152 9.98244E-05 9.98244E-05 0.0164674 9.98244E-05 9.98244E-05 9.98244E-05 0.600117 9.98244E-05 9.98244E-05 9.98244E-05 0.053534 9.98244E-05 9.98244E-05 9.98244E-05 9.98244E-05
9.97983E-05 9.97983E-05 0.492491 9.97983E-05 9.97983E-05 9.97983E-05 9.97983E-05 9.97983E-05 9.97983E-05 9.97983E-05 9.97983E-05 9.97983E-05 9.97983E-05 9.97983E-05 9.97983E-05 9.97983E-05 9.97983E-05 0.115857 9.97983E-05 9.97983E-05 9.97983E-05 9.97983E-05 9.97983E-05 0.225693 9.97983E-05 0.163665 9.97983E-05
9.9798E-05 9.9798E-05 9.9798E-05 9.9798E-05 9.9798E-05 9.9798E-05 9.9798E-05 9.9798E-05 9.9798E-05 9.9798E-05 9.9798E-05 0.0288604 0.0181655 9.9798E-05 9.9798E-05 9.9798E-05 9.9798E-05 9.9798E-05 9.9798E-05 9.9798E-05 9.9798E-05 9.9798E-05 0.0730009 9.9798E-05 9.9798E-05 0.877678 9.9798E-05
9.9807E-05 9.9807E-05 9.9807E-05 9.9807E-05 9.9807E-05 9.9807E-05 9.9807E-05 0.0765459 9.9807E-05 9.9807E-05 9.9807E-05 0.211383 9.9807E-05 9.9807E-05 9.9807E-05 9.9807E-05 9.9807E-05 9.9807E-05 0.206584 9.9807E-05 9.9807E-05 9.9807E-05 0.132849 9.9807E-05 9.9807E-05 0.370442 9.9807E-05
9.98072E-05 9.98072E-05 0.0994199 9.98072E-05 9.98072E-05 9.98072E-05 9.98072E-05 9.98072E-05 0.0109793 9.98072E-05 9.98072E-05 9.98072E-05 9.98072E-05 9.98072E-05 9.98072E-05 9.98072E-05 9.98072E-05 9.98072E-05 9.98072E-05 9.98072E-05 9.98072E-05 9.98072E-05 0.0810174 9.98072E-05 9.98072E-05 0.69817 0.108217
9.98158E-05 9.98158E-05 9.98158E-05 9.98158E-05 0.0444423 9.98158E-05 9.98158E-05 9.98158E-05 9.98158E-05 9.98158E-05 9.98158E-05 0.0079127 9.98158E-05 9.98158E-05 9.98158E-05 9.98158E-05 9.98158E-05 9.98158E-05 0.284293 9.98158E-05 0.00990932 9.98158E-05 0.162475 9.98158E-05 9.98158E-05 0.488872 9.98158E-05
0.0574854 9.97895E-05 9.97895E-05 9.97895E-05 9.97895E-05 9.97895E-05 9.97895E-05 9.97895E-05 0.0353674 9.97895E-05 9.97895E-05 9.97895E-05 9.97895E-05 9.97895E-05 9.97895E-05 9.97895E-05 9.97895E-05 9.97895E-05 9.97895E-05 9.97895E-05 9.97895E-05 9.97895E-05 9.97895E-05 9.97895E-05 9.97895E-05 0.904752 9.97895E-05
9.98069E-05 9.98069E-05 9.98069E-05 9.98069E-05 9.98069E-05 9.98069E-05 9.98069E-05 9.98069E-05 0.11523 9.98069E-05 9.98069E-05 0.217791 9.98069E-05 9.98069E-05 9.98069E-05 9.98069E-05 9.98069E-05 9.98069E-05 9.98069E-05 9.98069E-05 9.98069E-05 9.98069E-05 0.122677 9.98069E-05 9.98069E-05 0.420497 0.12161
9.9807E-05 0.0223395 9.9807E-05 9.9807E-05 9.9807E-05 9.9807E-05 9.9807E-05 9.9807E-05 0.0307825 9.9807E-05 9.9807E-05 9.9807E-05 9.9807E-05 9.9807E-05 9.9807E-05 9.9807E-05 9.9807E-05 9.9807E-05 9.9807E-05 9.9807E-05 9.9807E-05 0.0984233 0.0316387 9.9807E-05 9.9807E-05 0.81462 9.9807E-05
9.97894E-05 9.97894E-05 9.97894E-05 9.97894E-05 9.97894E-05 9.97894E-05 9.97894E-05 9.97894E-05 9.97894E-05 9.97894E-05 9.97894E-05 9.97894E-05 9.97894E-05 9.97894E-05 9.97894E-05 9.97894E-05 9.97894E-05 9.97894E-05 0.303666 9.97894E-05 9.97894E-05 9.97894E-05 0.0163534 9.97894E-05 9.97894E-05 0.677585 9.97894E-05
9.98069E-05 9.98069E-05 0.169563 9.98069E-05 9.98069E-05 9.98069E-05 0.115588 9.98069E-05 9.98069E-05 9.98069E-05 9.98069E-05 0.0707542 9.98069E-05 9.98069E-05 9.98069E-05 9.98069E-05 9.98069E-05 9.98069E-05 9.98069E-05 9.98069E-05 9.98069E-05 9.98069E-05 9.98069E-05 9.98069E-05 0.110165 0.531733 9.98069E-05
9.9807E-05 9.9807E-05 9.9807E-05 9.9807E-05 0.0209739 9.9807E-05 9.9807E-05 9.9807E-05 9.9807E-05 0.0229044 9.9807E-05 0.0522965 9.9807E-05 9.9807E-05 9.9807E-05 9.9807E-05 9.9807E-05 9.9807E-05 9.9807E-05 9.9807E-05 9.9807E-05 9.9807E-05 0.240481 9.9807E-05 9.9807E-05 0.661148 9.9807E-05
9.97983E-05 9.97983E-05 0.677582 9.97983E-05 9.97983E-05 9.97983E-05 9.97983E-05 9.97983E-05 9.97983E-05 9.97983E-05 9.97983E-05 0.0946738 9.97983E-05 9.97983E-05 9.97983E-05 9.97983E-05 9.97983E-05 9.97983E-05 9.97983E-05 9.97983E-05 9.97983E-05 9.97983E-05 9.97983E-05 9.97983E-05 0.0494508 0.175998 9.97983E-05
9.9816E-05 9.9816E-05 0.277047 9.9816E-05 9.9816E-05 9.9816E-05 9.9816E-05 9.9816E-05 0.0368024 9.9816E-05 9.9816E-05 9.9816E-05 9.9816E-05 9.9816E-05 9.9816E-05 9.9816E-05 9.9816E-05 9.9816E-05 0.00693827 9.9816E-05 0.0187719 9.9816E-05 0.0789067 9.9816E-05 9.9816E-05 0.579438 9.9816E-05
9.97984E-05 9.97984E-05 9.97984E-05 9.97984E-05 9.97984E-05 9.97984E-05 9.97984E-05 9.97984E-05 9.97984E-05 9.97984E-05 9.97984E-05 9.97984E-05 9.97984E-05 9.97984E-05 9.97984E-05 9.97984E-05 9.97984E-05 9.97984E-05 0.519452 9.97984E-05 9.97984E-05 9.97984E-05 9.97984E-05 0.0593423 9.97984E-05 0.416117 0.00279352
