0.0939328 9.98332E-05 9.98332E-05 9.98332E-05 9.98332E-05 9.98332E-05 9.98332E-05 9.98332E-05 9.98332E-05 9.98332E-05 9.98332E-05 0.0603151 9.98332E-05 0.194147 9.98332E-05 9.98332E-05 9.98332E-05 9.98332E-05 0.0344455 0.388377 9.98332E-05 9.98332E-05 0.160157 9.98332E-05 0.0667289 9.98332E-05
9.9807E-05 0.00149127 9.9807E-05 9.9807E-05 9.9807E-05 9.9807E-05 0.251557 9.9807E-05 9.9807E-05 9.9807E-05 9.9807E-05 9.9807E-05 9.9807E-05 0.513048 9.9807E-05 9.9807E-05 9.9807E-05 9.9807E-05 9.9807E-05 9.9807E-05 9.9807E-05 9.9807E-05 0.231709 9.9807E-05 9.9807E-05 9.9807E-05
9.97807E-05 9.97807E-05 9.97807E-05 9.97807E-05 9.97807E-05 9.97807E-05 9.97807E-05 9.97807E-05 0.997505 9.97807E-05 9.97807E-05 9.97807E-05 9.97807E-05 9.97807E-05 9.97807E-05 9.97807E-05 9.97807E-05 9.97807E-05 9.97807E-05 9.97807E-05 9.97807E-05 9.97807E-05 9.97807E-05 9.97807E-05 9.97807E-05 9.97807E-05
0.128617 0.00630576 9.98684E-05 9.98684E-05 9.98684E-05 9.98684E-05 9.98684E-05 9.98684E-05 0.068397 9.98684E-05 9.98684E-05 9.98684E-05 0.0960868 0.113443 0.200386 9.98684E-05 0.0141673 0.111662 9.98684E-05 9.98684E-05 0.00996166 9.98684E-05 0.119178 9.98684E-05 0.130297 9.98684E-05
9.98071E-05 9.98071E-05 9.98071E-05 9.98071E-05 9.98071E-05 9.98071E-05 9.98071E-05 9.98071E-05 9.98071E-05 9.98071E-05 0.0914199 9.98071E-05 9.98071E-05 9.98071E-05 9.98071E-05 9.98071E-05 9.98071E-05 9.98071E-05 9.98071E-05 9.98071E-05 9.98071E-05 0.032726 0.862628 0.0110304 9.98071E-05 9.98071E-05
0.00673758 9.98597E-05 9.98597E-05 9.98597E-05 9.98597E-05 9.98597E-05 9.98597E-05 9.98597E-05 0.175243 9.98597E-05 9.98597E-05 9.98597E-05 9.98597E-05 9.98597E-05 9.98597E-05 0.00386349 0.0069119 0.102555 0.0243903 0.349308 0.133259 0.143361 9.98597E-05 0.0527729 9.98597E-05 9.98597E-05
0.0620232 0.0489217 0.101175 9.98685E-05 9.98685E-05 9.98685E-05 0.196316 9.98685E-05 9.98685E-05 0.000184925 0.0688786 9.98685E-05 9.98685E-05 9.98685E-05 0.0843578 9.98685E-05 0.0825934 9.98685E-05 0.0644967 9.98685E-05 9.98685E-05 0.0370945 0.25246 9.98685E-05 9.98685E-05 9.98685E-05
0.179529 9.98948E-05 9.98948E-05 0.0710626 9.98948E-05 9.98948E-05 9.98948E-05 9.98948E-05 0.0569402 9.98948E-05 0.142331 0.0477292 0.0961333 0.0213626 9.98948E-05 9.98948E-05 0.0199926 0.0935375 9.98948E-05 0.0127684 0.10984 0.0227133 0.10877 0.0160917 9.98948E-05 9.98948E-05
9.98334E-05 0.320162 0.109761 9.98334E-05 9.98334E-05 9.98334E-05 9.98334E-05 9.98334E-05 9.98334E-05 9.98334E-05 0.0364949 9.98334E-05 9.98334E-05 0.249868 9.98334E-05 9.98334E-05 9.98334E-05 0.00967948 9.98334E-05 0.0380048 0.234134 9.98334E-05 9.98334E-05 9.98334E-05 9.98334E-05 9.98334E-05
9.97806E-05 9.97806E-05 9.97806E-05 9.97806E-05 9.97806E-05 9.97806E-05 9.97806E-05 9.97806E-05 9.97806E-05 9.97806E-05 9.97806E-05 9.97806E-05 9.97806E-05 9.97806E-05 9.97806E-05 9.97806E-05 9.97806E-05 9.97806E-05 9.97806E-05 9.97806E-05 9.97806E-05 9.97806E-05 0.997505 9.97806E-05 9.97806E-05 9.97806E-05
0.0426263 0.125803 9.98246E-05 9.98246E-05 9.98246E-05 9.98246E-05 9.98246E-05 9.98246E-05 9.98246E-05 9.98246E-05 9.98246E-05 9.98246E-05 9.98246E-05 0.520651 9.98246E-05 9.98246E-05 0.0953318 9.98246E-05 9.98246E-05 0.147181 9.98246E-05 9.98246E-05 0.0664097 9.98246E-05 9.98246E-05 9.98246E-05
9.97982E-05 9.97982E-05 9.97982E-05 9.97982E-05 9.97982E-05 9.97982E-05 9.97982E-05 9.97982E-05 0.943777 9.97982E-05 9.97982E-05 9.97982E-05 9.97982E-05 9.97982E-05 0.0186749 9.97982E-05 9.97982E-05 9.97982E-05 9.97982E-05 9.97982E-05 9.97982E-05 0.0352531 9.97982E-05 9.97982E-05 9.97982E-05 9.97982E-05
0.0829397 0.053324 9.98158E-05 9.98158E-05 9.98158E-05 9.98158E-05 9.98158E-05 9.98158E-05 9.98158E-05 9.98158E-05 9.98158E-05 9.98158E-05 9.98158E-05 0.122169 9.98158E-05 9.98158E-05 0.00327216 9.98158E-05 9.98158E-05 9.98158E-05 9.98158E-05 9.98158E-05 0.736199 9.98158E-05 9.98158E-05 9.98158E-05
9.98424E-05 0.0179968 9.98424E-05 9.98424E-05 9.98424E-05 9.98424E-05 0.065223 9.98424E-05 0.529067 9.98424E-05 9.98424E-05 9.98424E-05 9.98424E-05 9.98424E-05 9.98424E-05 9.98424E-05 0.10811 0.00580579 0.0159091 9.98424E-05 9.98424E-05 9.98424E-05 0.122602 9.98424E-05 9.98424E-05 0.13349
9.98509E-05 0.0893103 9.98509E-05 9.98509E-05 0.0800571 0.0353357 9.98509E-05 9.98509E-05 9.98509E-05 9.98509E-05 9.98509E-05 9.98509E-05 9.98509E-05 0.18551 9.98509E-05 9.98509E-05 9.98509E-05 0.0239584 9.98509E-05 0.35009 0.0993048 9.98509E-05 0.120052 9.98509E-05 9.98509E-05 0.014684
0.0991137 0.100727 9.98419E-05 0.163969 9.98419E-05 9.98419E-05 9.98419E-05 9.98419E-05 9.98419E-05 9.98419E-05 0.0849563 0.000245641 9.98419E-05 9.98419E-05 9.98419E-05 9.98419E-05 9.98419E-05 9.98419E-05 9.98419E-05 0.333376 0.0130102 9.98419E-05 0.202805 9.98419E-05 9.98419E-05 9.98419E-05
0.00854552 0.0566045 9.98595E-05 9.98595E-05 0.00443221 0.0979705 9.98595E-05 9.98595E-05 0.280003 9.98595E-05 9.98595E-05 0.013573 0.136797 9.98595E-05 9.98595E-05 9.98595E-05 0.0247663 9.98595E-05 0.0570348 9.98595E-05 9.98595E-05 9.98595E-05 0.318675 9.98595E-05 9.98595E-05 9.98595E-05
0.229926 0.0858591 9.98334E-05 9.98334E-05 9.98334E-05 9.98334E-05 9.98334E-05 0.0758794 9.98334E-05 9.98334E-05 0.0172162 9.98334E-05 9.98334E-05 9.98334E-05 9.98334E-05 0.121841 9.98334E-05 9.98334E-05 9.98334E-05 0.3352 9.98334E-05 9.98334E-05 0.132181 9.98334E-05 9.98334E-05 9.98334E-05
0.131459 0.134585 9.98332E-05 9.98332E-05 9.98332E-05 9.98332E-05 9.98332E-05 9.98332E-05 9.98332E-05 9.98332E-05 9.98332E-05 9.98332E-05 9.98332E-05 0.42747 9.98332E-05 0.00250037 9.98332E-05 9.98332E-05 9.98332E-05 0.0145924 0.103636 0.183861 9.98332E-05 9.98332E-05 9.98332E-05 9.98332E-05
9.97896E-05 9.97896E-05 9.97896E-05 9.97896E-05 9.97896E-05 9.97896E-05 9.97896E-05 9.97896E-05 9.97896E-05 9.97896E-05 9.97896E-05 9.97896E-05 9.97896E-05 0.239987 9.97896E-05 9.97896E-05 9.97896E-05 9.97896E-05 9.97896E-05 9.97896E-05 9.97896E-05 9.97896E-05 0.757618 9.97896E-05 9.97896E-05 9.97896E-05
9.98421E-05 9.98421E-05 9.98421E-05 0.0735606 9.98421E-05 9.98421E-05 9.98421E-05 0.0177178 9.98421E-05 9.98421E-05 0.128583 9.98421E-05 0.0714005 0.578716 9.98421E-05 0.0640389 9.98421E-05 9.98421E-05 9.98421E-05 9.98421E-05 0.0551472 9.98421E-05 9.98421E-05 9.98421E-05 9.98421E-05 0.00903835
0.302275 9.98247E-05 9.98247E-05 9.98247E-05 9.98247E-05 9.98247E-05 9.98247E-05 9.98247E-05 9.98247E-05 0.0482241 9.98247E-05 9.98247E-05 9.98247E-05 9.98247E-05 9.98247E-05 9.98247E-05 9.98247E-05 9.98247E-05 9.98247E-05 9.98247E-05 0.131368 0.122037 0.305599 0.0885011 9.98247E-05 9.98247E-05
9.9807E-05 0.0640352 9.9807E-05 9.9807E-05 9.9807E-05 9.9807E-05 9.9807E-05 9.9807E-05 9.9807E-05 9.9807E-05 9.9807E-05 9.9807E-05 9.9807E-05 0.781361 9.9807E-05 9.9807E-05 0.00387632 9.9807E-05 9.9807E-05 0.148532 9.9807E-05 9.9807E-05 9.9807E-05 9.9807E-05 9.9807E-05 9.9807E-05
0.195575 0.199615 0.0722 9.98246E-05 9.98246E-05 9.98246E-05 9.98246E-05 9.98246E-05 9.98246E-05 9.98246E-05 9.98246E-05 9.98246E-05 9.98246E-05 0.113761 9.98246E-05 9.98246E-05 9.98246E-05 9.98246E-05 9.98246E-05 0.151143 9.98246E-05 9.98246E-05 0.265709 9.98246E-05 9.98246E-05 9.98246E-05
0.0889441 0.319428 0.015034 9.98508E-05 0.123295 9.98508E-05 9.98508E-05 9.98508E-05 0.0428511 9.98508E-05 9.98508E-05 9.98508E-05 9.98508E-05 0.223314 9.98508E-05 9.98508E-05 9.98508E-05 0.104644 9.98508E-05 9.98508E-05 9.98508E-05 9.98508E-05 9.98508E-05 9.98508E-05 0.0806018 0.000190427
0.0263752 0.0440951 9.98158E-05 9.98158E-05 9.98158E-05 9.98158E-05 9.98158E-05 9.98158E-05 9.98158E-05 9.98158E-05 9.98158E-05 9.98158E-05 0.0302319 9.98158E-05 0.0173482 9.98158E-05 9.98158E-05 9.98158E-05 9.98158E-05 9.98158E-05 9.98158E-05 9.98158E-05 0.879854 9.98158E-05 9.98158E-05 9.98158E-05
0.215113 0.0512566 9.98332E-05 0.00785255 9.98332E-05 9.98332E-05 9.98332E-05 9.98332E-05 9.98332E-05 0.308947 9.98332E-05 9.98332E-05 9.98332E-05 0.0807934 9.98332E-05 0.13557 9.98332E-05 0.19857 9.98332E-05 9.98332E-05 9.98332E-05 9.98332E-05 9.98332E-05 9.98332E-05 9.98332E-05 9.98332E-05
0.00423442 9.97983E-05 9.97983E-05 9.97983E-05 9.97983E-05 9.97983E-05 9.97983E-05 9.97983E-05 9.97983E-05 9.97983E-05 9.97983E-05 9.97983E-05 9.97983E-05 0.945019 0.0484515 9.97983E-05 9.97983E-05 9.97983E-05 9.97983E-05 9.97983E-05 9.97983E-05 9.97983E-05 9.97983E-05 9.97983E-05 9.97983E-05 9.97983E-05
0.0225376 0.136083 9.98246E-05 9.98246E-05 9.98246E-05 9.98246E-05 0.0439861 9.98246E-05 9.98246E-05 9.98246E-05 9.98246E-05 9.98246E-05 9.98246E-05 0.792753 9.98246E-05 9.98246E-05 9.98246E-05 0.000471723 9.98246E-05 0.00217223 9.98246E-05 9.98246E-05 9.98246E-05 9.98246E-05 9.98246E-05 9.98246E-05
9.98421E-05 0.0436037 0.0229617 9.98421E-05 9.98421E-05 0.0428666 0.00778169 9.98421E-05 0.0497967 9.98421E-05 9.98421E-05 9.98421E-05 9.98421E-05 0.788736 9.98421E-05 9.98421E-05 9.98421E-05 9.98421E-05 9.98421E-05 9.98421E-05 0.00223445 0.0402218 9.98421E-05 9.98421E-05 9.98421E-05 9.98421E-05
9.98158E-05 9.98158E-05 9.98158E-05 9.98158E-05 0.0569992 9.98158E-05 9.98158E-05 9.98158E-05 9.98158E-05 9.98158E-05 9.98158E-05 9.98158E-05 9.98158E-05 0.614657 9.98158E-05 9.98158E-05 0.0675129 9.98158E-05 9.98158E-05 0.2375 9.98158E-05 0.0212352 9.98158E-05 9.98158E-05 9.98158E-05 9.98158E-05
9.98511E-05 0.0298066 9.98511E-05 9.98511E-05 9.98511E-05 9.98511E-05 9.98511E-05 9.98511E-05 0.101143 9.98511E-05 9.98511E-05 0.00786259 0.112997 0.229992 9.98511E-05 9.98511E-05 0.0931341 0.158723 9.98511E-05 9.98511E-05 9.98511E-05 9.98511E-05 0.242482 9.98511E-05 0.022161 9.98511E-05
0.14581 0.117409 9.98333E-05 9.98333E-05 9.98333E-05 9.98333E-05 9.98333E-05 9.98333E-05 0.565028 9.98333E-05 9.98333E-05 9.98333E-05 9.98333E-05 9.98333E-05 0.0388198 9.98333E-05 0.0671846 9.98333E-05 9.98333E-05 0.0293515 9.98333E-05 9.98333E-05 0.0345001 9.98333E-05 9.98333E-05 9.98333E-05
0.133192 0.120874 0.015377 9.9842E-05 9.9842E-05 9.9842E-05 9.9842E-05 9.9842E-05 0.668087 0.0192011 9.9842E-05 9.9842E-05 9.9842E-05 9.9842E-05 9.9842E-05 0.00637221 9.9842E-05 0.0292874 9.9842E-05 9.9842E-05 9.9842E-05 0.00581176 9.9842E-05 9.9842E-05 9.9842E-05 9.9842E-05
9.97896E-05 9.97896E-05 9.97896E-05 9.97896E-05 9.97896E-05 9.97896E-05 9.97896E-05 9.97896E-05 9.97896E-05 9.97896E-05 9.97896E-05 9.97896E-05 9.97896E-05 0.955856 9.97896E-05 9.97896E-05 9.97896E-05 9.97896E-05 9.97896E-05 9.97896E-05 9.97896E-05 9.97896E-05 9.97896E-05 9.97896E-05 0.0417491 9.97896E-05
0.00950239 9.98334E-05 9.98334E-05 9.98334E-05 9.98334E-05 9.98334E-05 0.0701705 9.98334E-05 9.98334E-05 0.108528 9.98334E-05 9.98334E-05 0.0766708 9.98334E-05 0.064168 9.98334E-05 9.98334E-05 9.98334E-05 9.98334E-05 9.98334E-05 0.00056744 9.98334E-05 0.668496 9.98334E-05 9.98334E-05 9.98334E-05
9.97985E-05 9.97985E-05 9.97985E-05 0.026091 9.97985E-05 9.97985E-05 9.97985E-05 9.97985E-05 9.97985E-05 9.97985E-05 9.97985E-05 9.97985E-05 9.97985E-05 0.94508 9.97985E-05 9.97985E-05 9.97985E-05 9.97985E-05 9.97985E-05 9.97985E-05 9.97985E-05 0.0265332 9.97985E-05 9.97985E-05 9.97985E-05 9.97985E-05
0.0473439 0.0557676 9.98421E-05 9.98421E-05 9.98421E-05 9.98421E-05 9.98421E-05 9.98421E-05 0.493316 9.98421E-05 9.98421E-05 9.98421E-05 9.98421E-05 0.0762251 9.98421E-05 9.98421E-05 9.98421E-05 9.98421E-05 0.0938759 9.98421E-05 0.096125 9.98421E-05 0.0903118 9.98421E-05 0.0452377 9.98421E-05
0.0325711 0.191624 9.98423E-05 9.98423E-05 9.98423E-05 9.98423E-05 9.98423E-05 9.98423E-05 0.642999 9.98423E-05 9.98423E-05 9.98423E-05 9.98423E-05 9.98423E-05 9.98423E-05 9.98423E-05 0.0136176 9.98423E-05 0.073858 9.98423E-05 0.0140155 0.0120748 9.98423E-05 0.0174429 9.98423E-05 9.98423E-05
0.0157243 0.114304 9.98332E-05 0.104067 9.98332E-05 9.98332E-05 9.98332E-05 9.98332E-05 0.390425 9.98332E-05 9.98332E-05 9.98332E-05 9.98332E-05 0.244867 9.98332E-05 9.98332E-05 9.98332E-05 0.124948 9.98332E-05 9.98332E-05 9.98332E-05 0.00376795 9.98332E-05 9.98332E-05 9.98332E-05 9.98332E-05
9.97984E-05 9.97984E-05 9.97984E-05 9.97984E-05 9.97984E-05 9.97984E-05 9.97984E-05 9.97984E-05 9.97984E-05 0.0726935 9.97984E-05 9.97984E-05 9.97984E-05 9.97984E-05 9.97984E-05 9.97984E-05 0.0139832 9.97984E-05 9.97984E-05 9.97984E-05 9.97984E-05 9.97984E-05 0.911028 9.97984E-05 9.97984E-05 9.97984E-05
0.0972718 0.0455534 9.9816E-05 9.9816E-05 9.9816E-05 9.9816E-05 9.9816E-05 9.9816E-05 9.9816E-05 0.157353 9.9816E-05 9.9816E-05 9.9816E-05 0.159263 9.9816E-05 9.9816E-05 9.9816E-05 9.9816E-05 9.9816E-05 9.9816E-05 9.9816E-05 9.9816E-05 0.538462 9.9816E-05 9.9816E-05 9.9816E-05
9.97897E-05 9.97897E-05 9.97897E-05 9.97897E-05 9.97897E-05 9.97897E-05 0.126104 9.97897E-05 9.97897E-05 9.97897E-05 9.97897E-05 9.97897E-05 9.97897E-05 9.97897E-05 9.97897E-05 9.97897E-05 9.97897E-05 9.97897E-05 9.97897E-05 9.97897E-05 9.97897E-05 9.97897E-05 0.871501 9.97897E-05 9.97897E-05 9.97897E-05
0.085571 0.156396 9.98597E-05 9.98597E-05 9.98597E-05 9.98597E-05 9.98597E-05 9.98597E-05 0.196237 9.98597E-05 9.98597E-05 9.98597E-05 9.98597E-05 0.303453 0.0414509 0.0133206 9.98597E-05 9.98597E-05 0.0534622 0.0610822 0.0779501 9.98597E-05 9.98597E-05 9.98597E-05 0.0094794 9.98597E-05
0.420959 0.121464 9.98246E-05 9.98246E-05 9.98246E-05 9.98246E-05 9.98246E-05 9.98246E-05 0.176858 9.98246E-05 9.98246E-05 9.98246E-05 9.98246E-05 9.98246E-05 0.0967031 9.98246E-05 9.98246E-05 9.98246E-05 9.98246E-05 9.98246E-05 9.98246E-05 0.0687581 0.113262 9.98246E-05 9.98246E-05 9.98246E-05
9.98333E-05 0.0342671 9.98333E-05 9.98333E-05 9.98333E-05 9.98333E-05 9.98333E-05 0.0181026 0.436677 0.0529274 9.98333E-05 9.98333E-05 9.98333E-05 9.98333E-05 0.040073 9.98333E-05 9.98333E-05 9.98333E-05 9.98333E-05 9.98333E-05 9.98333E-05 0.0314202 0.384635 9.98333E-05 9.98333E-05 9.98333E-05
9.97982E-05 0.0442402 9.97982E-05 9.97982E-05 9.97982E-05 9.97982E-05 9.97982E-05 9.97982E-05 9.97982E-05 9.97982E-05 9.97982E-05 9.97982E-05 9.97982E-05 9.97982E-05 9.97982E-05 9.97982E-05 0.0209778 9.97982E-05 9.97982E-05 9.97982E-05 9.97982E-05 9.97982E-05 0.932487 9.97982E-05 9.97982E-05 9.97982E-05
9.97806E-05 9.97806E-05 9.97806E-05 9.97806E-05 9.97806E-05 9.97806E-05 9.97806E-05 9.97806E-05 0.997505 9.97806E-05 9.97806E-05 9.97806E-05 9.97806E-05 9.97806E-05 9.97806E-05 9.97806E-05 9.97806E-05 9.97806E-05 9.97806E-05 9.97806E-05 9.97806E-05 9.97806E-05 9.97806E-05 9.97806E-05 9.97806E-05 9.97806E-05
0.0873034 0.0668582 9.98245E-05 0.0459826 9.98245E-05 9.98245E-05 9.98245E-05 9.98245E-05 9.98245E-05 9.98245E-05 9.98245E-05 9.98245E-05 9.98245E-05 0.724667 0.0702614 0.00293095 9.98245E-05 9.98245E-05 9.98245E-05 9.98245E-05 9.98245E-05 9.98245E-05 9.98245E-05 9.98245E-05 9.98245E-05 9.98245E-05
0.00495243 9.98337E-05 9.98337E-05 0.0467188 9.98337E-05 9.98337E-05 9.98337E-05 9.98337E-05 0.2769 9.98337E-05 9.98337E-05 9.98337E-05 9.98337E-05 9.98337E-05 9.98337E-05 9.98337E-05 0.010793 9.98337E-05 9.98337E-05 9.98337E-05 0.000275232 0.101389 0.557075 9.98337E-05 9.98337E-05 9.98337E-05
9.98507E-05 0.153903 9.98507E-05 9.98507E-05 9.98507E-05 9.98507E-05 9.98507E-05 9.98507E-05 9.98507E-05 0.0316711 9.98507E-05 9.98507E-05 9.98507E-05 0.477832 0.0502178 9.98507E-05 0.0714629 0.102432 9.98507E-05 0.0301074 0.0356298 9.98507E-05 9.98507E-05 9.98507E-05 0.0450459 9.98507E-05
0.135682 9.98335E-05 9.98335E-05 9.98335E-05 9.98335E-05 9.98335E-05 9.98335E-05 9.98335E-05 0.146038 9.98335E-05 0.0274088 9.98335E-05 9.98335E-05 9.98335E-05 0.101025 9.98335E-05 9.98335E-05 9.98335E-05 9.98335E-05 9.98335E-05 0.0408458 9.98335E-05 0.532247 9.98335E-05 0.0148573 9.98335E-05
9.97808E-05 9.97808E-05 9.97808E-05 9.97808E-05 9.97808E-05 9.97808E-05 9.97808E-05 9.97808E-05 9.97808E-05 9.97808E-05 9.97808E-05 9.97808E-05 9.97808E-05 9.97808E-05 9.97808E-05 9.97808E-05 9.97808E-05 9.97808E-05 9.97808E-05 9.97808E-05 9.97808E-05 9.97808E-05 0.997505 9.97808E-05 9.97808E-05 9.97808E-05
9.98246E-05 0.00297704 9.98246E-05 0.142714 9.98246E-05 9.98246E-05 9.98246E-05 9.98246E-05 0.804708 9.98246E-05 9.98246E-05 9.98246E-05 9.98246E-05 9.98246E-05 9.98246E-05 0.00110746 9.98246E-05 9.98246E-05 9.98246E-05 9.98246E-05 9.98246E-05 9.98246E-05 9.98246E-05 0.00906987 0.0374276 9.98246E-05
9.98072E-05 0.0405464 9.98072E-05 9.98072E-05 0.112293 9.98072E-05 9.98072E-05 9.98072E-05 0.294215 9.98072E-05 9.98072E-05 9.98072E-05 9.98072E-05 0.55075 9.98072E-05 9.98072E-05 9.98072E-05 9.98072E-05 9.98072E-05 9.98072E-05 9.98072E-05 9.98072E-05 9.98072E-05 9.98072E-05 9.98072E-05 9.98072E-05
9.98159E-05 9.98159E-05 9.98159E-05 9.98159E-05 9.98159E-05 9.98159E-05 9.98159E-05 9.98159E-05 0.818208 0.0211674 9.98159E-05 9.98159E-05 9.98159E-05 9.98159E-05 9.98159E-05 9.98159E-05 9.98159E-05 0.0548573 9.98159E-05 9.98159E-05 9.98159E-05 0.0716792 9.98159E-05 9.98159E-05 0.0319915 9.98159E-05
9.98246E-05 0.0631993 9.98246E-05 9.98246E-05 9.98246E-05 9.98246E-05 9.98246E-05 9.98246E-05 9.98246E-05 9.98246E-05 9.98246E-05 0.0520541 0.00341376 9.98246E-05 9.98246E-05 9.98246E-05 0.00153048 9.98246E-05 9.98246E-05 9.98246E-05 9.98246E-05 0.0191639 0.858642 9.98246E-05 9.98246E-05 9.98246E-05
9.98072E-05 9.98072E-05 9.98072E-05 9.98072E-05 9.98072E-05 9.98072E-05 9.98072E-05 9.98072E-05 9.98072E-05 9.98072E-05 9.98072E-05 9.98072E-05 9.98072E-05 0.169395 0.111343 9.98072E-05 0.0110445 9.98072E-05 9.98072E-05 9.98072E-05 9.98072E-05 9.98072E-05 0.706021 9.98072E-05 9.98072E-05 9.98072E-05
9.97982E-05 9.97982E-05 9.97982E-05 9.97982E-05 9.97982E-05 9.97982E-05 0.0126176 9.97982E-05 9.97982E-05 9.97982E-05 9.97982E-05 9.97982E-05 9.97982E-05 0.944768 9.97982E-05 9.97982E-05 9.97982E-05 9.97982E-05 9.97982E-05 9.97982E-05 9.97982E-05 9.97982E-05 9.97982E-05 0.0403191 9.97982E-05 9.97982E-05
9.9842E-05 0.133186 9.9842E-05 9.9842E-05 9.9842E-05 9.9842E-05 0.151774 9.9842E-05 9.9842E-05 9.9842E-05 9.9842E-05 9.9842E-05 9.9842E-05 9.9842E-05 9.9842E-05 0.0956697 0.00900911 0.0267023 0.00664549 0.568084 0.00713251 9.9842E-05 9.9842E-05 9.9842E-05 9.9842E-05 9.9842E-05
9.97899E-05 9.97899E-05 9.97899E-05 9.97899E-05 9.97899E-05 9.97899E-05 9.97899E-05 9.97899E-05 9.97899E-05 9.97899E-05 9.97899E-05 9.97899E-05 9.97899E-05 9.97899E-05 0.0115669 9.97899E-05 9.97899E-05 9.97899E-05 9.97899E-05 0.986038 9.97899E-05 9.97899E-05 9.97899E-05 9.97899E-05 9.97899E-05 9.97899E-05
9.9798E-05 9.9798E-05 9.9798E-05 9.9798E-05 9.9798E-05 9.9798E-05 0.853496 9.9798E-05 9.9798E-05 9.9798E-05 9.9798E-05 9.9798E-05 9.9798E-05 9.9798E-05 9.9798E-05 0.0942527 9.9798E-05 9.9798E-05 9.9798E-05 0.0499556 9.9798E-05 9.9798E-05 9.9798E-05 9.9798E-05 9.9798E-05 9.9798E-05
9.98333E-05 0.041359 9.98333E-05 9.98333E-05 9.98333E-05 9.98333E-05 0.131316 9.98333E-05 9.98333E-05 9.98333E-05 9.98333E-05 9.98333E-05 9.98333E-05 9.98333E-05 9.98333E-05 0.0204646 9.98333E-05 0.180561 0.277339 0.23709 0.109973 9.98333E-05 9.98333E-05 9.98333E-05 9.98333E-05 9.98333E-05
0.00549579 0.0130078 9.98506E-05 0.0114974 9.98506E-05 9.98506E-05 9.98506E-05 0.0401851 9.98506E-05 9.98506E-05 9.98506E-05 9.98506E-05 9.98506E-05 9.98506E-05 9.98506E-05 0.0339505 0.0237573 9.98506E-05 9.98506E-05 0.798189 0.0523926 9.98506E-05 9.98506E-05 0.0198272 9.98506E-05 9.98506E-05
0.0654281 0.246699 9.98242E-05 9.98242E-05 9.98242E-05 9.98242E-05 0.0487078 9.98242E-05 9.98242E-05 9.98242E-05 9.98242E-05 0.0519672 9.98242E-05 9.98242E-05 9.98242E-05 9.98242E-05 9.98242E-05 0.00926786 9.98242E-05 0.575933 9.98242E-05 9.98242E-05 9.98242E-05 9.98242E-05 9.98242E-05 9.98242E-05
9.98068E-05 0.0923666 9.98068E-05 9.98068E-05 9.98068E-05 9.98068E-05 9.98068E-05 9.98068E-05 9.98068E-05 9.98068E-05 9.98068E-05 9.98068E-05 9.98068E-05 9.98068E-05 9.98068E-05 9.98068E-05 0.00612512 9.98068E-05 0.275066 0.624246 9.98068E-05 9.98068E-05 9.98068E-05 9.98068E-05 9.98068E-05 9.98068E-05
9.98155E-05 0.0703386 9.98155E-05 9.98155E-05 9.98155E-05 9.98155E-05 9.98155E-05 9.98155E-05 9.98155E-05 9.98155E-05 9.98155E-05 9.98155E-05 9.98155E-05 9.98155E-05 9.98155E-05 0.189286 9.98155E-05 9.98155E-05 0.00578018 0.704752 0.0277472 9.98155E-05 9.98155E-05 9.98155E-05 9.98155E-05 9.98155E-05
9.9798E-05 0.00337496 9.9798E-05 9.9798E-05 9.9798E-05 9.9798E-05 0.987858 9.9798E-05 9.9798E-05 9.9798E-05 9.9798E-05 9.9798E-05 9.9798E-05 9.9798E-05 9.9798E-05 9.9798E-05 9.9798E-05 9.9798E-05 9.9798E-05 0.00647198 9.9798E-05 9.9798E-05 9.9798E-05 9.9798E-05 9.9798E-05 9.9798E-05
9.97806E-05 9.97806E-05 9.97806E-05 9.97806E-05 9.97806E-05 9.97806E-05 9.97806E-05 9.97806E-05 9.97806E-05 9.97806E-05 9.97806E-05 9.97806E-05 9.97806E-05 9.97806E-05 9.97806E-05 9.97806E-05 9.97806E-05 9.97806E-05 9.97806E-05 0.997505 9.97806E-05 9.97806E-05 9.97806E-05 9.97806E-05 9.97806E-05 9.97806E-05
9.98155E-05 0.266525 9.98155E-05 9.98155E-05 9.98155E-05 9.98155E-05 9.98155E-05 9.98155E-05 9.98155E-05 9.98155E-05 9.98155E-05 9.98155E-05 9.98155E-05 9.98155E-05 9.98155E-05 9.98155E-05 0.0905019 9.98155E-05 9.98155E-05 0.579087 0.0357863 0.0260045 9.98155E-05 9.98155E-05 9.98155E-05 9.98155E-05
0.0562963 0.0644015 9.98595E-05 0.0803147 9.98595E-05 9.98595E-05 9.98595E-05 9.98595E-05 9.98595E-05 9.98595E-05 0.00575659 0.0207728 9.98595E-05 9.98595E-05 0.0291506 9.98595E-05 9.98595E-05 9.98595E-05 0.0911398 0.528633 9.98595E-05 0.00511244 9.98595E-05 9.98595E-05 9.98595E-05 0.116824
9.98507E-05 9.98507E-05 9.98507E-05 0.106247 9.98507E-05 9.98507E-05 0.0753803 9.98507E-05 9.98507E-05 9.98507E-05 9.98507E-05 0.0922812 9.98507E-05 9.98507E-05 9.98507E-05 9.98507E-05 0.0445832 0.0584605 9.98507E-05 0.398971 0.126926 9.98507E-05 9.98507E-05 0.0517379 0.0437157 9.98507E-05
0.156764 0.183892 9.98155E-05 9.98155E-05 9.98155E-05 9.98155E-05 9.98155E-05 9.98155E-05 9.98155E-05 9.98155E-05 9.98155E-05 9.98155E-05 9.98155E-05 9.98155E-05 9.98155E-05 9.98155E-05 9.98155E-05 9.98155E-05 0.0490793 0.601425 9.98155E-05 0.00674261 9.98155E-05 9.98155E-05 9.98155E-05 9.98155E-05
9.98158E-05 9.98158E-05 9.98158E-05 9.98158E-05 9.98158E-05 9.98158E-05 0.938571 9.98158E-05 9.98158E-05 9.98158E-05 9.98158E-05 0.00753665 9.98158E-05 9.98158E-05 9.98158E-05 9.98158E-05 0.0293117 9.98158E-05 9.98158E-05 9.98158E-05 0.0052175 0.0172671 9.98158E-05 9.98158E-05 9.98158E-05 9.98158E-05
9.98335E-05 0.0157401 9.98335E-05 9.98335E-05 9.98335E-05 0.00456834 9.98335E-05 9.98335E-05 9.98335E-05 9.98335E-05 9.98335E-05 9.98335E-05 0.0153432 9.98335E-05 0.0303245 9.98335E-05 0.0488722 9.98335E-05 9.98335E-05 0.8738 0.00945498 9.98335E-05 9.98335E-05 9.98335E-05 9.98335E-05 9.98335E-05
9.98068E-05 9.98068E-05 9.98068E-05 0.0207943 9.98068E-05 9.98068E-05 9.98068E-05 9.98068E-05 9.98068E-05 9.98068E-05 9.98068E-05 9.98068E-05 9.98068E-05 9.98068E-05 9.98068E-05 0.0456297 9.98068E-05 9.98068E-05 9.98068E-05 0.845736 9.98068E-05 0.0856443 9.98068E-05 9.98068E-05 9.98068E-05 9.98068E-05
0.0364083 9.98157E-05 9.98157E-05 9.98157E-05 9.98157E-05 9.98157E-05 9.98157E-05 9.98157E-05 9.98157E-05 9.98157E-05 9.98157E-05 0.159683 9.98157E-05 9.98157E-05 9.98157E-05 9.98157E-05 0.0722866 9.98157E-05 9.98157E-05 0.723023 9.98157E-05 0.00650314 9.98157E-05 9.98157E-05 9.98157E-05 9.98157E-05
9.97894E-05 9.97894E-05 9.97894E-05 9.97894E-05 9.97894E-05 9.97894E-05 9.97894E-05 9.97894E-05 9.97894E-05 9.97894E-05 9.97894E-05 9.97894E-05 9.97894E-05 9.97894E-05 9.97894E-05 0.0729813 9.97894E-05 9.97894E-05 9.97894E-05 0.924624 9.97894E-05 9.97894E-05 9.97894E-05 9.97894E-05 9.97894E-05 9.97894E-05
9.98154E-05 0.164595 9.98154E-05 0.0327011 9.98154E-05 9.98154E-05 9.98154E-05 9.98154E-05 9.98154E-05 0.112633 9.98154E-05 9.98154E-05 9.98154E-05 9.98154E-05 9.98154E-05 9.98154E-05 9.98154E-05 9.98154E-05 9.98154E-05 0.671361 9.98154E-05 9.98154E-05 9.98154E-05 9.98154E-05 0.0166131 9.98154E-05
9.97898E-05 9.97898E-05 9.97898E-05 9.97898E-05 9.97898E-05 9.97898E-05 0.892478 9.97898E-05 9.97898E-05 9.97898E-05 9.97898E-05 9.97898E-05 9.97898E-05 9.97898E-05 9.97898E-05 9.97898E-05 9.97898E-05 9.97898E-05 9.97898E-05 0.105127 9.97898E-05 9.97898E-05 9.97898E-05 9.97898E-05 9.97898E-05 9.97898E-05
0.186452 0.0629624 9.98244E-05 9.98244E-05 9.98244E-05 9.98244E-05 9.98244E-05 9.98244E-05 9.98244E-05 0.0308593 9.98244E-05 9.98244E-05 9.98244E-05 9.98244E-05 9.98244E-05 9.98244E-05 9.98244E-05 9.98244E-05 9.98244E-05 0.693046 9.98244E-05 0.0023302 9.98244E-05 9.98244E-05 9.98244E-05 0.0223531
0.0493606 9.98246E-05 9.98246E-05 9.98246E-05 9.98246E-05 9.98246E-05 0.220213 9.98246E-05 9.98246E-05 9.98246E-05 9.98246E-05 9.98246E-05 9.98246E-05 9.98246E-05 9.98246E-05 9.98246E-05 9.98246E-05 0.151206 9.98246E-05 0.539581 9.98246E-05 9.98246E-05 9.98246E-05 9.98246E-05 0.00437757 0.0332656
9.98157E-05 9.98157E-05 0.0581766 0.00759084 9.98157E-05 9.98157E-05 9.98157E-05 9.98157E-05 9.98157E-05 9.98157E-05 9.98157E-05 9.98157E-05 9.98157E-05 9.98157E-05 9.98157E-05 9.98157E-05 0.041465 9.98157E-05 9.98157E-05 0.787773 9.98157E-05 0.102899 9.98157E-05 9.98157E-05 9.98157E-05 9.98157E-05
9.9798E-05 9.9798E-05 9.9798E-05 9.9798E-05 9.9798E-05 9.9798E-05 9.9798E-05 9.9798E-05 9.9798E-05 9.9798E-05 9.9798E-05 0.0496628 9.9798E-05 9.9798E-05 9.9798E-05 9.9798E-05 0.095486 9.9798E-05 9.9798E-05 0.852556 9.9798E-05 9.9798E-05 9.9798E-05 9.9798E-05 9.9798E-05 9.9798E-05
9.98161E-05 9.98161E-05 9.98161E-05 9.98161E-05 9.98161E-05 9.98161E-05 0.0418979 9.98161E-05 0.0299882 9.98161E-05 9.98161E-05 9.98161E-05 9.98161E-05 9.98161E-05 9.98161E-05 9.98161E-05 9.98161E-05 9.98161E-05 0.00944662 0.880649 0.0359225 9.98161E-05 9.98161E-05 9.98161E-05 9.98161E-05 9.98161E-05
9.97896E-05 9.97896E-05 9.97896E-05 9.97896E-05 9.97896E-05 9.97896E-05 0.739507 9.97896E-05 9.97896E-05 9.97896E-05 9.97896E-05 9.97896E-05 9.97896E-05 9.97896E-05 9.97896E-05 9.97896E-05 9.97896E-05 9.97896E-05 9.97896E-05 0.258098 9.97896E-05 9.97896E-05 9.97896E-05 9.97896E-05 9.97896E-05 9.97896E-05
9.97897E-05 9.97897E-05 9.97897E-05 9.97897E-05 9.97897E-05 9.97897E-05 0.126925 9.97897E-05 9.97897E-05 9.97897E-05 9.97897E-05 9.97897E-05 9.97897E-05 9.97897E-05 9.97897E-05 9.97897E-05 9.97897E-05 9.97897E-05 9.97897E-05 0.87068 9.97897E-05 9.97897E-05 9.97897E-05 9.97897E-05 9.97897E-05 9.97897E-05
9.97896E-05 9.97896E-05 9.97896E-05 9.97896E-05 9.97896E-05 9.97896E-05 9.97896E-05 9.97896E-05 9.97896E-05 9.97896E-05 9.97896E-05 9.97896E-05 9.97896E-05 9.97896E-05 9.97896E-05 0.0474534 9.97896E-05 9.97896E-05 9.97896E-05 0.950152 9.97896E-05 9.97896E-05 9.97896E-05 9.97896E-05 9.97896E-05 9.97896E-05
9.9807E-05 0.0812731 9.9807E-05 9.9807E-05 9.9807E-05 9.9807E-05 0.874895 9.9807E-05 9.9807E-05 9.9807E-05 9.9807E-05 9.9807E-05 9.9807E-05 9.9807E-05 9.9807E-05 9.9807E-05 9.9807E-05 9.9807E-05 9.9807E-05 9.9807E-05 0.0292659 9.9807E-05 9.9807E-05 9.9807E-05 0.0123704 9.9807E-05
9.98071E-05 0.0684924 9.98071E-05 9.98071E-05 9.98071E-05 9.98071E-05 9.98071E-05 9.98071E-05 9.98071E-05 9.98071E-05 9.98071E-05 9.98071E-05 9.98071E-05 9.98071E-05 9.98071E-05 9.98071E-05 9.98071E-05 0.737767 9.98071E-05 9.98071E-05 0.153917 9.98071E-05 9.98071E-05 0.0376272 9.98071E-05 9.98071E-05
9.98072E-05 0.0330631 9.98072E-05 9.98072E-05 9.98072E-05 0.429559 9.98072E-05 9.98072E-05 9.98072E-05 9.98072E-05 9.98072E-05 9.98072E-05 9.98072E-05 9.98072E-05 9.98072E-05 9.98072E-05 9.98072E-05 0.512311 9.98072E-05 9.98072E-05 0.0228714 9.98072E-05 9.98072E-05 9.98072E-05 9.98072E-05 9.98072E-05
0.0353191 0.0994603 9.9807E-05 9.9807E-05 9.9807E-05 9.9807E-05 9.9807E-05 9.9807E-05 9.9807E-05 9.9807E-05 9.9807E-05 9.9807E-05 9.9807E-05 9.9807E-05 9.9807E-05 9.9807E-05 9.9807E-05 0.78595 9.9807E-05 9.9807E-05 9.9807E-05 9.9807E-05 9.9807E-05 0.0770754 9.9807E-05 9.9807E-05
9.98068E-05 0.111404 9.98068E-05 9.98068E-05 9.98068E-05 9.98068E-05 9.98068E-05 9.98068E-05 9.98068E-05 9.98068E-05 9.98068E-05 9.98068E-05 9.98068E-05 9.98068E-05 9.98068E-05 0.0506632 9.98068E-05 0.825573 9.98068E-05 9.98068E-05 0.0101642 9.98068E-05 9.98068E-05 9.98068E-05 9.98068E-05 9.98068E-05
9.98068E-05 9.98068E-05 0.0104551 9.98068E-05 9.98068E-05 9.98068E-05 9.98068E-05 9.98068E-05 9.98068E-05 9.98068E-05 9.98068E-05 0.00167427 9.98068E-05 9.98068E-05 9.98068E-05 9.98068E-05 9.98068E-05 0.936344 9.98068E-05 9.98068E-05 0.0493309 9.98068E-05 9.98068E-05 9.98068E-05 9.98068E-05 9.98068E-05
9.98158E-05 0.153151 9.98158E-05 9.98158E-05 9.98158E-05 9.98158E-05 9.98158E-05 9.98158E-05 9.98158E-05 9.98158E-05 9.98158E-05 9.98158E-05 9.98158E-05 9.98158E-05 0.0329513 9.98158E-05 9.98158E-05 0.596746 0.0834915 9.98158E-05 0.131564 9.98158E-05 9.98158E-05 9.98158E-05 9.98158E-05 9.98158E-05
0.037986 0.110018 9.98333E-05 9.98333E-05 9.98333E-05 9.98333E-05 0.0755311 9.98333E-05 9.98333E-05 9.98333E-05 9.98333E-05 9.98333E-05 9.98333E-05 9.98333E-05 9.98333E-05 0.0205967 9.98333E-05 0.714756 9.98333E-05 9.98333E-05 0.0365485 9.98333E-05 9.98333E-05 9.98333E-05 9.98333E-05 0.00266686
9.98069E-05 9.98069E-05 9.98069E-05 9.98069E-05 9.98069E-05 9.98069E-05 9.98069E-05 9.98069E-05 9.98069E-05 9.98069E-05 9.98069E-05 9.98069E-05 9.98069E-05 9.98069E-05 9.98069E-05 0.0210614 9.98069E-05 0.771648 9.98069E-05 0.00491318 0.200182 9.98069E-05 9.98069E-05 9.98069E-05 9.98069E-05 9.98069E-05
9.98243E-05 0.0340464 9.98243E-05 9.98243E-05 0.0645268 9.98243E-05 9.98243E-05 9.98243E-05 9.98243E-05 0.0980866 9.98243E-05 9.98243E-05 9.98243E-05 9.98243E-05 9.98243E-05 9.98243E-05 9.98243E-05 0.40186 0.121387 9.98243E-05 0.278097 9.98243E-05 9.98243E-05 9.98243E-05 9.98243E-05 9.98243E-05
9.9807E-05 0.270393 9.9807E-05 9.9807E-05 9.9807E-05 9.9807E-05 9.9807E-05 9.9807E-05 9.9807E-05 9.9807E-05 9.9807E-05 9.9807E-05 9.9807E-05 9.9807E-05 0.00887516 9.9807E-05 9.9807E-05 0.515224 9.9807E-05 9.9807E-05 0.203311 9.9807E-05 9.9807E-05 9.9807E-05 9.9807E-05 9.9807E-05
9.97984E-05 9.97984E-05 9.97984E-05 9.97984E-05 9.97984E-05 0.199331 9.97984E-05 9.97984E-05 9.97984E-05 9.97984E-05 9.97984E-05 9.97984E-05 9.97984E-05 9.97984E-05 9.97984E-05 9.97984E-05 9.97984E-05 0.515457 0.282917 9.97984E-05 9.97984E-05 9.97984E-05 9.97984E-05 9.97984E-05 9.97984E-05 9.97984E-05
9.98159E-05 0.032705 9.98159E-05 9.98159E-05 9.98159E-05 0.0459897 9.98159E-05 9.98159E-05 9.98159E-05 9.98159E-05 9.98159E-05 9.98159E-05 9.98159E-05 9.98159E-05 9.98159E-05 9.98159E-05 9.98159E-05 0.769192 0.145524 9.98159E-05 9.98159E-05 9.98159E-05 0.00449286 9.98159E-05 9.98159E-05 9.98159E-05
9.97897E-05 9.97897E-05 9.97897E-05 9.97897E-05 9.97897E-05 9.97897E-05 9.97897E-05 9.97897E-05 9.97897E-05 9.97897E-05 9.97897E-05 9.97897E-05 9.97897E-05 9.97897E-05 9.97897E-05 9.97897E-05 9.97897E-05 0.940451 9.97897E-05 9.97897E-05 0.0571537 9.97897E-05 9.97897E-05 9.97897E-05 9.97897E-05 9.97897E-05
9.98335E-05 0.207855 0.0337607 9.98335E-05 9.98335E-05 0.010902 0.00496601 9.98335E-05 9.98335E-05 9.98335E-05 9.98335E-05 9.98335E-05 9.98335E-05 9.98335E-05 9.98335E-05 9.98335E-05 9.98335E-05 0.575684 0.0492877 9.98335E-05 0.115648 9.98335E-05 9.98335E-05 9.98335E-05 9.98335E-05 9.98335E-05
9.98159E-05 9.98159E-05 9.98159E-05 9.98159E-05 9.98159E-05 0.0560022 9.98159E-05 9.98159E-05 9.98159E-05 9.98159E-05 9.98159E-05 0.0388197 9.98159E-05 9.98159E-05 9.98159E-05 0.117098 9.98159E-05 0.726526 9.98159E-05 9.98159E-05 0.0594573 9.98159E-05 9.98159E-05 9.98159E-05 9.98159E-05 9.98159E-05
9.98508E-05 0.147942 9.98508E-05 0.0512551 9.98508E-05 9.98508E-05 9.98508E-05 0.00623733 9.98508E-05 0.014498 9.98508E-05 9.98508E-05 9.98508E-05 9.98508E-05 0.0505985 9.98508E-05 9.98508E-05 0.669219 0.0351901 0.0057764 0.0175862 9.98508E-05 9.98508E-05 9.98508E-05 9.98508E-05 9.98508E-05
9.98245E-05 0.102916 9.98245E-05 9.98245E-05 9.98245E-05 0.0135183 9.98245E-05 0.0283032 9.98245E-05 9.98245E-05 9.98245E-05 9.98245E-05 9.98245E-05 9.98245E-05 9.98245E-05 9.98245E-05 9.98245E-05 0.611281 0.235423 9.98245E-05 0.00656268 9.98245E-05 9.98245E-05 9.98245E-05 9.98245E-05 9.98245E-05
0.0631176 9.98336E-05 9.98336E-05 9.98336E-05 9.98336E-05 9.98336E-05 9.98336E-05 9.98336E-05 0.0153343 9.98336E-05 9.98336E-05 9.98336E-05 9.98336E-05 9.98336E-05 0.0377189 9.98336E-05 9.98336E-05 0.722717 9.98336E-05 9.98336E-05 0.103122 9.98336E-05 0.0173381 0.0387551 9.98336E-05 9.98336E-05
9.97984E-05 9.97984E-05 9.97984E-05 9.97984E-05 9.97984E-05 9.97984E-05 9.97984E-05 9.97984E-05 9.97984E-05 9.97984E-05 9.97984E-05 9.97984E-05 9.97984E-05 9.97984E-05 9.97984E-05 9.97984E-05 0.00905891 0.97718 0.0114653 9.97984E-05 9.97984E-05 9.97984E-05 9.97984E-05 9.97984E-05 9.97984E-05 9.97984E-05
9.98421E-05 0.0774689 9.98421E-05 9.98421E-05 9.98421E-05 0.123303 9.98421E-05 0.089554 9.98421E-05 0.125245 9.98421E-05 9.98421E-05 0.0187493 9.98421E-05 0.0155442 9.98421E-05 9.98421E-05 0.444805 9.98421E-05 9.98421E-05 0.103534 9.98421E-05 9.98421E-05 9.98421E-05 9.98421E-05 9.98421E-05
9.98072E-05 0.0744887 9.98072E-05 9.98072E-05 9.98072E-05 9.98072E-05 9.98072E-05 9.98072E-05 9.98072E-05 9.98072E-05 9.98072E-05 9.98072E-05 9.98072E-05 9.98072E-05 0.0696634 9.98072E-05 9.98072E-05 0.633934 0.219718 9.98072E-05 9.98072E-05 9.98072E-05 9.98072E-05 9.98072E-05 9.98072E-05 9.98072E-05
9.98158E-05 9.98158E-05 9.98158E-05 9.98158E-05 9.98158E-05 9.98158E-05 9.98158E-05 9.98158E-05 9.98158E-05 9.98158E-05 9.98158E-05 0.0814254 9.98158E-05 9.98158E-05 9.98158E-05 0.0332129 0.0296922 0.853449 9.98158E-05 9.98158E-05 0.000124631 9.98158E-05 9.98158E-05 9.98158E-05 9.98158E-05 9.98158E-05
9.98245E-05 0.180454 9.98245E-05 9.98245E-05 9.98245E-05 9.98245E-05 9.98245E-05 0.0301045 9.98245E-05 9.98245E-05 0.0274 9.98245E-05 9.98245E-05 9.98245E-05 9.98245E-05 9.98245E-05 9.98245E-05 0.483196 0.0285552 9.98245E-05 0.248293 9.98245E-05 9.98245E-05 9.98245E-05 9.98245E-05 9.98245E-05
9.98071E-05 9.98071E-05 9.98071E-05 9.98071E-05 0.0663372 0.0712281 9.98071E-05 9.98071E-05 9.98071E-05 9.98071E-05 9.98071E-05 9.98071E-05 9.98071E-05 9.98071E-05 9.98071E-05 9.98071E-05 9.98071E-05 0.695266 9.98071E-05 9.98071E-05 0.164972 9.98071E-05 9.98071E-05 9.98071E-05 9.98071E-05 9.98071E-05
9.98157E-05 0.208104 9.98157E-05 9.98157E-05 9.98157E-05 9.98157E-05 9.98157E-05 0.043349 9.98157E-05 9.98157E-05 0.0203258 9.98157E-05 9.98157E-05 9.98157E-05 9.98157E-05 9.98157E-05 9.98157E-05 0.513417 9.98157E-05 9.98157E-05 0.212707 9.98157E-05 9.98157E-05 9.98157E-05 9.98157E-05 9.98157E-05
9.98422E-05 0.0493845 9.98422E-05 9.98422E-05 9.98422E-05 0.154762 9.98422E-05 9.98422E-05 9.98422E-05 9.98422E-05 9.98422E-05 0.0312108 9.98422E-05 9.98422E-05 9.98422E-05 9.98422E-05 9.98422E-05 0.384958 0.119269 0.0851497 0.154469 9.98422E-05 9.98422E-05 9.98422E-05 0.0190001 9.98422E-05
9.98247E-05 0.0231487 0.166061 9.98247E-05 9.98247E-05 0.531611 9.98247E-05 9.98247E-05 9.98247E-05 9.98247E-05 9.98247E-05 0.0155558 9.98247E-05 9.98247E-05 9.98247E-05 9.98247E-05 9.98247E-05 0.245993 9.98247E-05 9.98247E-05 9.98247E-05 9.98247E-05 9.98247E-05 9.98247E-05 0.0156339 9.98247E-05
9.98068E-05 0.124199 9.98068E-05 9.98068E-05 9.98068E-05 9.98068E-05 9.98068E-05 9.98068E-05 9.98068E-05 9.98068E-05 9.98068E-05 9.98068E-05 9.98068E-05 9.98068E-05 9.98068E-05 9.98068E-05 9.98068E-05 0.782549 9.98068E-05 9.98068E-05 0.0391578 0.0518987 9.98068E-05 9.98068E-05 9.98068E-05 9.98068E-05
9.97985E-05 0.218976 9.97985E-05 9.97985E-05 9.97985E-05 9.97985E-05 9.97985E-05 9.97985E-05 9.97985E-05 9.97985E-05 9.97985E-05 9.97985E-05 9.97985E-05 9.97985E-05 9.97985E-05 9.97985E-05 9.97985E-05 0.482393 9.97985E-05 9.97985E-05 0.296335 9.97985E-05 9.97985E-05 9.97985E-05 9.97985E-05 9.97985E-05
9.9816E-05 0.0877713 9.9816E-05 9.9816E-05 9.9816E-05 9.9816E-05 9.9816E-05 0.0283006 9.9816E-05 9.9816E-05 9.9816E-05 9.9816E-05 9.9816E-05 9.9816E-05 9.9816E-05 9.9816E-05 0.0230719 0.837531 9.9816E-05 9.9816E-05 9.9816E-05 9.9816E-05 9.9816E-05 0.0212286 9.9816E-05 9.9816E-05
9.98159E-05 0.221136 9.98159E-05 9.98159E-05 9.98159E-05 9.98159E-05 9.98159E-05 9.98159E-05 9.98159E-05 9.98159E-05 0.00415162 9.98159E-05 9.98159E-05 9.98159E-05 9.98159E-05 9.98159E-05 0.0436207 0.693544 9.98159E-05 9.98159E-05 0.035451 9.98159E-05 9.98159E-05 9.98159E-05 9.98159E-05 9.98159E-05
9.98071E-05 0.0138593 9.98071E-05 0.0154206 9.98071E-05 9.98071E-05 9.98071E-05 0.0119057 9.98071E-05 9.98071E-05 9.98071E-05 9.98071E-05 9.98071E-05 9.98071E-05 9.98071E-05 9.98071E-05 9.98071E-05 0.956619 9.98071E-05 9.98071E-05 9.98071E-05 9.98071E-05 9.98071E-05 9.98071E-05 9.98071E-05 9.98071E-05
9.98157E-05 0.115555 9.98157E-05 9.98157E-05 9.98157E-05 9.98157E-05 9.98157E-05 0.14874 9.98157E-05 9.98157E-05 9.98157E-05 9.98157E-05 9.98157E-05 9.98157E-05 9.98157E-05 9.98157E-05 9.98157E-05 0.328146 9.98157E-05 9.98157E-05 0.254477 9.98157E-05 9.98157E-05 0.150987 9.98157E-05 9.98157E-05
0.0874621 0.0330136 9.97981E-05 9.97981E-05 9.97981E-05 9.97981E-05 9.97981E-05 9.97981E-05 9.97981E-05 9.97981E-05 9.97981E-05 9.97981E-05 9.97981E-05 9.97981E-05 9.97981E-05 9.97981E-05 9.97981E-05 0.877229 9.97981E-05 9.97981E-05 9.97981E-05 9.97981E-05 9.97981E-05 9.97981E-05 9.97981E-05 9.97981E-05
9.97896E-05 0.0583211 9.97896E-05 9.97896E-05 9.97896E-05 9.97896E-05 9.97896E-05 9.97896E-05 9.97896E-05 9.97896E-05 9.97896E-05 9.97896E-05 9.97896E-05 9.97896E-05 9.97896E-05 9.97896E-05 9.97896E-05 0.939284 9.97896E-05 9.97896E-05 9.97896E-05 9.97896E-05 9.97896E-05 9.97896E-05 9.97896E-05 9.97896E-05
9.98245E-05 9.98245E-05 9.98245E-05 9.98245E-05 9.98245E-05 0.037843 9.98245E-05 9.98245E-05 9.98245E-05 0.226841 9.98245E-05 0.0185476 9.98245E-05 9.98245E-05 0.0823746 9.98245E-05 9.98245E-05 0.615601 9.98245E-05 9.98245E-05 0.0167961 9.98245E-05 9.98245E-05 9.98245E-05 9.98245E-05 9.98245E-05
9.98069E-05 0.277003 9.98069E-05 9.98069E-05 9.98069E-05 9.98069E-05 9.98069E-05 9.98069E-05 9.98069E-05 9.98069E-05 9.98069E-05 0.014264 9.98069E-05 9.98069E-05 9.98069E-05 9.98069E-05 9.98069E-05 0.652773 9.98069E-05 9.98069E-05 0.053764 9.98069E-05 9.98069E-05 9.98069E-05 9.98069E-05 9.98069E-05
9.9807E-05 9.9807E-05 9.9807E-05 9.9807E-05 9.9807E-05 0.418182 9.9807E-05 9.9807E-05 9.9807E-05 9.9807E-05 9.9807E-05 9.9807E-05 9.9807E-05 9.9807E-05 0.0010402 9.9807E-05 9.9807E-05 0.471554 9.9807E-05 9.9807E-05 0.107028 9.9807E-05 9.9807E-05 9.9807E-05 9.9807E-05 9.9807E-05
9.98336E-05 0.0479155 9.98336E-05 9.98336E-05 9.98336E-05 0.0984068 9.98336E-05 9.98336E-05 9.98336E-05 9.98336E-05 9.98336E-05 0.00036343 9.98336E-05 9.98336E-05 9.98336E-05 0.0262818 0.0147417 0.765601 9.98336E-05 9.98336E-05 0.0447929 9.98336E-05 9.98336E-05 9.98336E-05 9.98336E-05 9.98336E-05
9.97901E-05 9.97901E-05 9.97901E-05 9.97901E-05 9.97901E-05 0.210505 9.97901E-05 9.97901E-05 9.97901E-05 9.97901E-05 9.97901E-05 9.97901E-05 9.97901E-05 9.97901E-05 9.97901E-05 9.97901E-05 9.97901E-05 0.7871 9.97901E-05 9.97901E-05 9.97901E-05 9.97901E-05 9.97901E-05 9.97901E-05 9.97901E-05 9.97901E-05
9.97985E-05 9.97985E-05 9.97985E-05 9.97985E-05 9.97985E-05 0.359318 9.97985E-05 9.97985E-05 9.97985E-05 9.97985E-05 9.97985E-05 9.97985E-05 9.97985E-05 9.97985E-05 9.97985E-05 9.97985E-05 9.97985E-05 0.529589 0.108798 9.97985E-05 9.97985E-05 9.97985E-05 9.97985E-05 9.97985E-05 9.97985E-05 9.97985E-05
9.98332E-05 0.26679 9.98332E-05 9.98332E-05 9.98332E-05 9.98332E-05 9.98332E-05 9.98332E-05 9.98332E-05 9.98332E-05 9.98332E-05 9.98332E-05 9.98332E-05 9.98332E-05 9.98332E-05 9.98332E-05 0.0256752 0.45164 0.139029 9.98332E-05 0.057115 9.98332E-05 9.98332E-05 0.00329236 0.0545613 9.98332E-05
9.9807E-05 9.9807E-05 9.9807E-05 9.9807E-05 9.9807E-05 9.9807E-05 9.9807E-05 9.9807E-05 9.9807E-05 0.0624387 9.9807E-05 9.9807E-05 9.9807E-05 9.9807E-05 9.9807E-05 9.9807E-05 9.9807E-05 0.720558 9.9807E-05 9.9807E-05 0.131054 9.9807E-05 9.9807E-05 9.9807E-05 9.9807E-05 0.0837535
9.98246E-05 0.0577569 9.98246E-05 9.98246E-05 9.98246E-05 0.594438 9.98246E-05 0.112861 9.98246E-05 9.98246E-05 0.0195592 9.98246E-05 9.98246E-05 9.98246E-05 9.98246E-05 9.98246E-05 9.98246E-05 0.0658235 9.98246E-05 9.98246E-05 0.147564 9.98246E-05 9.98246E-05 9.98246E-05 9.98246E-05 9.98246E-05
9.98246E-05 0.0147915 9.98246E-05 9.98246E-05 0.0308833 0.447766 9.98246E-05 9.98246E-05 9.98246E-05 9.98246E-05 9.98246E-05 9.98246E-05 9.98246E-05 9.98246E-05 9.98246E-05 9.98246E-05 0.0106395 0.470254 9.98246E-05 9.98246E-05 9.98246E-05 9.98246E-05 0.0236694 9.98246E-05 9.98246E-05 9.98246E-05
