9.9921E-05 0.0183056 0.00673215 0.074182 0.0957522 9.9921E-05 9.9921E-05 0.017933 9.9921E-05 9.9921E-05 9.9921E-05 0.245419 0.388055 9.9921E-05 9.9921E-05 0.152721 9.9921E-05
9.98859E-05 9.98859E-05 0.130839 9.98859E-05 9.98859E-05 9.98859E-05 9.98859E-05 0.00860825 9.98859E-05 9.98859E-05 9.98859E-05 0.145482 0.713772 9.98859E-05 9.98859E-05 9.98859E-05 9.98859E-05
9.98947E-05 9.98947E-05 9.98947E-05 9.98947E-05 0.0360055 9.98947E-05 9.98947E-05 0.000922185 9.98947E-05 9.98947E-05 9.98947E-05 0.0311818 0.83364 9.98947E-05 9.98947E-05 0.0970512 9.98947E-05
9.99386E-05 9.99386E-05 9.99386E-05 9.99386E-05 0.0835654 0.0493896 0.204111 0.0546508 0.0273363 9.99386E-05 0.0355307 0.0189747 0.291136 0.109357 9.99386E-05 0.12525 9.99386E-05
9.98859E-05 9.98859E-05 0.000397628 9.98859E-05 9.98859E-05 9.98859E-05 9.98859E-05 9.98859E-05 0.0708329 9.98859E-05 9.98859E-05 9.98859E-05 0.822559 0.104911 9.98859E-05 9.98859E-05 9.98859E-05
9.99035E-05 9.99035E-05 0.0289969 9.99035E-05 9.99035E-05 9.99035E-05 9.99035E-05 9.99035E-05 0.046414 9.99035E-05 0.175567 0.326877 0.181079 0.239968 9.99035E-05 9.99035E-05 9.99035E-05
9.99101E-05 0.0386721 0.110595 9.99101E-05 9.99101E-05 9.99101E-05 0.123579 0.137401 9.99101E-05 9.99101E-05 9.99101E-05 0.176024 0.176077 0.085842 9.99101E-05 0.15091 9.99101E-05
0.15385 9.99211E-05 9.99211E-05 0.103841 9.99211E-05 9.99211E-05 9.99211E-05 9.99211E-05 0.115194 9.99211E-05 0.13258 0.14894 0.122672 0.0205195 9.99211E-05 0.201504 9.99211E-05
9.99035E-05 0.180939 0.0473794 9.99035E-05 0.23836 9.99035E-05 9.99035E-05 9.99035E-05 9.99035E-05 9.99035E-05 0.260303 9.99035E-05 0.260721 9.99035E-05 9.99035E-05 0.011199 9.99035E-05
9.98771E-05 9.98771E-05 9.98771E-05 9.98771E-05 0.105894 9.98771E-05 9.98771E-05 9.98771E-05 9.98771E-05 9.98771E-05 9.98771E-05 9.98771E-05 0.878928 9.98771E-05 0.0137791 9.98771E-05 9.98771E-05
9.99034E-05 9.99034E-05 9.99034E-05 9.99034E-05 0.164103 0.00208283 9.99034E-05 0.176962 9.99034E-05 9.99034E-05 0.0470123 9.99034E-05 0.537523 9.99034E-05 9.99034E-05 0.0712178 9.99034E-05
0.0390086 9.98947E-05 9.98947E-05 9.98947E-05 9.98947E-05 9.98947E-05 9.98947E-05 0.0010827 9.98947E-05 9.98947E-05 9.98947E-05 0.0545392 0.885913 0.0182576 9.98947E-05 9.98947E-05 9.98947E-05
9.98771E-05 9.98771E-05 9.98771E-05 9.98771E-05 0.0696158 9.98771E-05 9.98771E-05 9.98771E-05 9.98771E-05 9.98771E-05 9.98771E-05 9.98771E-05 0.724756 9.98771E-05 9.98771E-05 0.20423 9.98771E-05
9.99035E-05 9.99035E-05 0.0106885 9.99035E-05 0.109499 9.99035E-05 9.99035E-05 0.0595417 9.99035E-05 0.144897 9.99035E-05 9.99035E-05 0.622601 9.99035E-05 9.99035E-05 9.99035E-05 0.0516736
9.99385E-05 0.00688852 0.00441049 9.99385E-05 0.10498 9.99385E-05 9.99385E-05 9.99385E-05 9.99385E-05 0.0177707 0.122118 0.234558 0.346026 0.0173421 9.99385E-05 0.0505091 0.0946978
0.0619419 9.99385E-05 9.99385E-05 9.99385E-05 0.0822267 9.99385E-05 0.109356 0.0471274 0.0425518 9.99385E-05 0.236607 0.185177 0.179361 0.0483557 9.99385E-05 0.00659464 9.99385E-05
0.0713288 0.00708689 0.105384 9.99386E-05 0.0261287 9.99386E-05 0.0710097 0.0234803 9.99386E-05 0.0787112 0.00924095 0.000432121 0.606497 9.99386E-05 9.99386E-05 9.99386E-05 9.99386E-05
9.99122E-05 9.99122E-05 9.99122E-05 9.99122E-05 0.138321 0.10845 9.99122E-05 9.99122E-05 9.99122E-05 9.99122E-05 0.0244627 0.302598 0.136681 9.99122E-05 0.160091 0.128398 9.99122E-05
9.99209E-05 9.99209E-05 9.99209E-05 0.00879107 0.173527 9.99209E-05 9.99209E-05 9.99209E-05 9.99209E-05 9.99209E-05 0.064168 0.0104056 0.360606 0.150787 0.00251701 0.228298 9.99209E-05
9.98683E-05 9.98683E-05 9.98683E-05 9.98683E-05 9.98683E-05 0.00403407 9.98683E-05 9.98683E-05 9.98683E-05 9.98683E-05 9.98683E-05 9.98683E-05 0.994468 9.98683E-05 9.98683E-05 9.98683E-05 9.98683E-05
0.0281237 9.99298E-05 9.99298E-05 9.99298E-05 0.0479076 0.0163697 0.00706082 0.102491 0.0695004 9.99298E-05 0.0766469 9.99298E-05 0.488211 0.16289 9.99298E-05 9.99298E-05 9.99298E-05
9.9921E-05 0.0327379 9.9921E-05 9.9921E-05 9.9921E-05 9.9921E-05 9.9921E-05 9.9921E-05 0.09451 9.9921E-05 0.0982476 9.9921E-05 0.150292 0.114468 0.0284447 0.461629 0.0187717
9.9886E-05 9.9886E-05 9.9886E-05 9.9886E-05 0.0978756 9.9886E-05 9.9886E-05 0.086183 9.9886E-05 9.9886E-05 9.9886E-05 0.234492 0.580151 9.9886E-05 9.9886E-05 9.9886E-05 9.9886E-05
0.00596118 0.0375331 9.99034E-05 9.99034E-05 0.320165 9.99034E-05 9.99034E-05 9.99034E-05 9.99034E-05 9.99034E-05 9.99034E-05 0.0214385 0.301373 9.99034E-05 9.99034E-05 0.31243 9.99034E-05
9.99122E-05 9.99122E-05 9.99122E-05 9.99122E-05 0.324469 0.00926573 9.99122E-05 0.0107441 9.99122E-05 9.99122E-05 0.0856495 9.99122E-05 0.303948 9.99122E-05 9.99122E-05 0.158405 0.106519
9.99035E-05 9.99035E-05 9.99035E-05 9.99035E-05 0.135032 9.99035E-05 0.0481309 9.99035E-05 9.99035E-05 0.0239169 9.99035E-05 9.99035E-05 0.697854 0.0871874 9.99035E-05 0.00677991 9.99035E-05
0.0157204 9.9921E-05 9.9921E-05 9.9921E-05 0.117268 9.9921E-05 0.108724 0.0172567 9.9921E-05 0.0847336 0.0293316 9.9921E-05 9.9921E-05 9.9921E-05 0.143269 0.482797 9.9921E-05
9.9921E-05 9.9921E-05 0.00264796 9.9921E-05 0.0438702 9.9921E-05 0.0852945 9.9921E-05 9.9921E-05 0.0117246 9.9921E-05 9.9921E-05 0.70025 0.0609953 9.9921E-05 0.0676156 0.0267029
9.98947E-05 9.98947E-05 9.98947E-05 9.98947E-05 0.220773 0.000726699 9.98947E-05 9.98947E-05 9.98947E-05 9.98947E-05 9.98947E-05 0.0717219 0.587404 9.98947E-05 9.98947E-05 0.118176 9.98947E-05
9.99122E-05 0.0307151 9.99122E-05 0.00949315 0.0669616 9.99122E-05 9.99122E-05 0.00707193 9.99122E-05 0.0153047 0.0729309 9.99122E-05 0.796524 9.99122E-05 9.99122E-05 9.99122E-05 9.99122E-05
9.99297E-05 9.99297E-05 9.99297E-05 9.99297E-05 9.99297E-05 0.0161516 9.99297E-05 0.138944 9.99297E-05 9.99297E-05 0.0596773 0.00781456 0.588276 0.0370073 0.0370537 0.102037 0.0122392
9.99123E-05 9.99123E-05 9.99123E-05 9.99123E-05 0.104166 9.99123E-05 9.99123E-05 0.0881436 9.99123E-05 0.233891 9.99123E-05 0.016277 0.35962 0.0806902 9.99123E-05 0.116213 9.99123E-05
0.00492004 9.9921E-05 9.9921E-05 9.9921E-05 0.132807 0.0646674 0.0546802 0.122889 9.9921E-05 9.9921E-05 9.9921E-05 0.0400601 0.498085 9.9921E-05 9.9921E-05 0.0809932 9.9921E-05
0.0366912 9.99298E-05 9.99298E-05 9.99298E-05 0.138773 9.99298E-05 9.99298E-05 0.0225743 0.0187228 0.113874 9.99298E-05 9.99298E-05 0.474146 0.00793413 0.0534784 0.133007 9.99298E-05
9.99035E-05 9.99035E-05 0.0305752 9.99035E-05 0.0101808 0.0649953 9.99035E-05 0.0629746 9.99035E-05 9.99035E-05 9.99035E-05 9.99035E-05 0.829684 9.99035E-05 0.000491348 9.99035E-05 9.99035E-05
9.99123E-05 9.99123E-05 0.0363564 0.0424533 9.99123E-05 9.99123E-05 0.169499 0.0431569 9.99123E-05 9.99123E-05 9.99123E-05 0.00864243 0.611224 9.99123E-05 9.99123E-05 0.0876684 9.99123E-05
0.0281051 9.9886E-05 0.00760382 9.9886E-05 9.9886E-05 9.9886E-05 9.9886E-05 9.9886E-05 9.9886E-05 9.9886E-05 9.9886E-05 9.9886E-05 0.872816 0.0901761 9.9886E-05 9.9886E-05 9.9886E-05
9.98947E-05 9.98947E-05 0.185257 9.98947E-05 0.048887 9.98947E-05 0.0076126 9.98947E-05 9.98947E-05 9.98947E-05 0.105523 9.98947E-05 0.651521 9.98947E-05 9.98947E-05 9.98947E-05 9.98947E-05
9.99298E-05 9.99298E-05 0.0168449 9.99298E-05 0.17566 9.99298E-05 9.99298E-05 0.0286319 0.0538093 0.0535601 0.013313 9.99298E-05 0.555786 0.017459 9.99298E-05 0.0841363 9.99298E-05
0.135119 9.99034E-05 9.99034E-05 9.99034E-05 0.172575 9.99034E-05 9.99034E-05 9.99034E-05 9.99034E-05 0.0582577 9.99034E-05 9.99034E-05 0.573774 0.0378666 9.99034E-05 0.0213089 9.99034E-05
9.98948E-05 9.98948E-05 9.98948E-05 9.98948E-05 0.0182103 9.98948E-05 9.98948E-05 9.98948E-05 9.98948E-05 9.98948E-05 9.98948E-05 9.98948E-05 0.794618 0.0486209 0.0108281 0.126524 9.98948E-05
9.98948E-05 9.98948E-05 0.00432971 9.98948E-05 0.0966204 9.98948E-05 9.98948E-05 9.98948E-05 9.98948E-05 9.98948E-05 0.0248128 9.98948E-05 0.601135 9.98948E-05 9.98948E-05 0.271903 9.98948E-05
9.98947E-05 9.98947E-05 0.00912127 9.98947E-05 9.98947E-05 9.98947E-05 9.98947E-05 9.98947E-05 9.98947E-05 0.0279892 9.98947E-05 9.98947E-05 0.80048 9.98947E-05 0.0115882 0.149622 9.98947E-05
9.99123E-05 0.0630272 9.99123E-05 9.99123E-05 0.219212 9.99123E-05 9.99123E-05 0.0614478 9.99123E-05 9.99123E-05 0.0695483 0.270514 0.314265 9.99123E-05 9.99123E-05 0.000986333 9.99123E-05
9.98947E-05 9.98947E-05 9.98947E-05 9.98947E-05 0.151598 9.98947E-05 0.192504 9.98947E-05 0.0667735 9.98947E-05 9.98947E-05 9.98947E-05 0.210643 9.98947E-05 9.98947E-05 0.377283 9.98947E-05
9.99034E-05 9.99034E-05 9.99034E-05 9.99034E-05 0.0394548 0.0461837 9.99034E-05 9.99034E-05 9.99034E-05 9.99034E-05 0.0207056 9.99034E-05 0.826096 0.0322022 9.99034E-05 0.0342586 9.99034E-05
9.98946E-05 9.98946E-05 9.98946E-05 9.98946E-05 9.98946E-05 9.98946E-05 0.0559568 0.0011053 9.98946E-05 9.98946E-05 0.0268739 9.98946E-05 0.890566 9.98946E-05 0.0242991 9.98946E-05 9.98946E-05
0.0649059 9.9886E-05 9.9886E-05 9.9886E-05 0.0371068 9.9886E-05 9.9886E-05 9.9886E-05 0.0625307 9.9886E-05 9.9886E-05 9.9886E-05 0.834158 9.9886E-05 9.9886E-05 9.9886E-05 9.9886E-05
9.99033E-05 9.99033E-05 9.99033E-05 9.99033E-05 0.0974758 9.99033E-05 9.99033E-05 0.0402574 9.99033E-05 9.99033E-05 9.99033E-05 0.0652041 0.554545 0.0473629 9.99033E-05 0.194056 9.99033E-05
0.0220742 9.99299E-05 0.0302212 9.99299E-05 9.99299E-05 9.99299E-05 9.99299E-05 0.0185248 9.99299E-05 9.99299E-05 0.018394 9.99299E-05 0.793191 0.0318944 0.0256753 0.00999323 0.049232
9.99473E-05 0.0769353 9.99473E-05 9.99473E-05 0.281019 0.00512639 9.99473E-05 0.118661 0.00442296 0.0244118 0.0597383 0.0138143 0.319891 0.00306787 9.99473E-05 0.0923132 9.99473E-05
9.98859E-05 9.98859E-05 9.98859E-05 9.98859E-05 9.98859E-05 0.155565 0.109257 9.98859E-05 9.98859E-05 9.98859E-05 9.98859E-05 9.98859E-05 0.611338 9.98859E-05 9.98859E-05 0.122542 9.98859E-05
9.98947E-05 9.98947E-05 0.0067853 9.98947E-05 0.0266709 9.98947E-05 9.98947E-05 9.98947E-05 9.98947E-05 9.98947E-05 9.98947E-05 9.98947E-05 0.849713 9.98947E-05 0.0949912 9.98947E-05 0.0206414
0.193736 9.99123E-05 9.99123E-05 9.99123E-05 0.0295448 0.0519933 9.99123E-05 9.99123E-05 9.99123E-05 9.99123E-05 0.0141062 9.99123E-05 0.627308 9.99123E-05 0.00933787 9.99123E-05 0.0729746
9.98948E-05 9.98948E-05 9.98948E-05 9.98948E-05 0.084179 9.98948E-05 9.98948E-05 9.98948E-05 9.98948E-05 9.98948E-05 9.98948E-05 0.0329259 0.730149 9.98948E-05 0.00734561 9.98948E-05 0.144202
0.0512395 9.99035E-05 9.99035E-05 9.99035E-05 9.99035E-05 0.0950972 9.99035E-05 9.99035E-05 9.99035E-05 0.0543131 9.99035E-05 9.99035E-05 0.713142 0.0826292 9.99035E-05 0.00247977 9.99035E-05
9.99034E-05 9.99034E-05 0.02922 9.99034E-05 0.0147428 9.99034E-05 9.99034E-05 9.99034E-05 9.99034E-05 9.99034E-05 9.99034E-05 9.99034E-05 0.690418 0.142202 0.0659953 0.056323 9.99034E-05
9.9886E-05 9.9886E-05 9.9886E-05 9.9886E-05 0.0401054 9.9886E-05 0.161047 0.00427705 9.9886E-05 9.9886E-05 9.9886E-05 9.9886E-05 0.793272 9.9886E-05 9.9886E-05 9.9886E-05 9.9886E-05
0.000356842 9.99122E-05 0.0371006 9.99122E-05 0.0411677 9.99122E-05 0.0843098 0.00705194 9.99122E-05 9.99122E-05 0.00853133 9.99122E-05 0.820483 9.99122E-05 9.99122E-05 9.99122E-05 9.99122E-05
9.99034E-05 9.99034E-05 0.0232686 9.99034E-05 0.156332 9.99034E-05 9.99034E-05 0.0301596 9.99034E-05 9.99034E-05 0.0794609 0.693424 9.99034E-05 9.99034E-05 0.0162561 9.99034E-05 9.99034E-05
9.98598E-05 9.98598E-05 9.98598E-05 9.98598E-05 9.98598E-05 9.98598E-05 9.98598E-05 9.98598E-05 9.98598E-05 9.98598E-05 9.98598E-05 0.998402 9.98598E-05 9.98598E-05 9.98598E-05 9.98598E-05 9.98598E-05
9.98684E-05 9.98684E-05 9.98684E-05 9.98684E-05 9.98684E-05 9.98684E-05 9.98684E-05 9.98684E-05 9.98684E-05 9.98684E-05 9.98684E-05 0.916826 9.98684E-05 9.98684E-05 0.0816762 9.98684E-05 9.98684E-05
9.98947E-05 9.98947E-05 0.33267 9.98947E-05 0.0628835 9.98947E-05 9.98947E-05 9.98947E-05 9.98947E-05 9.98947E-05 0.1903 0.370601 9.98947E-05 9.98947E-05 0.0423461 9.98947E-05 9.98947E-05
0.0159973 9.99296E-05 9.99296E-05 9.99296E-05 0.037073 0.063176 9.99296E-05 9.99296E-05 0.00133246 9.99296E-05 0.0649794 0.72533 9.99296E-05 0.0271075 0.0394592 0.0247457 9.99296E-05
9.98944E-05 9.98944E-05 9.98944E-05 9.98944E-05 0.197886 9.98944E-05 9.98944E-05 9.98944E-05 9.98944E-05 9.98944E-05 0.0194106 0.664753 9.98944E-05 9.98944E-05 9.98944E-05 0.103387 0.0133641
9.98946E-05 9.98946E-05 0.226277 9.98946E-05 0.120941 9.98946E-05 0.0755197 0.0512021 9.98946E-05 9.98946E-05 9.98946E-05 0.524862 9.98946E-05 9.98946E-05 9.98946E-05 9.98946E-05 9.98946E-05
9.99034E-05 9.99034E-05 0.0778306 9.99034E-05 0.108751 9.99034E-05 9.99034E-05 9.99034E-05 9.99034E-05 9.99034E-05 0.06394 0.581157 9.99034E-05 0.00397842 0.163243 9.99034E-05 9.99034E-05
9.98596E-05 9.98596E-05 9.98596E-05 9.98596E-05 9.98596E-05 9.98596E-05 9.98596E-05 9.98596E-05 9.98596E-05 9.98596E-05 9.98596E-05 0.998402 9.98596E-05 9.98596E-05 9.98596E-05 9.98596E-05 9.98596E-05
9.9877E-05 9.9877E-05 9.9877E-05 9.9877E-05 0.0270231 9.9877E-05 9.9877E-05 0.0855492 9.9877E-05 9.9877E-05 9.9877E-05 0.886029 9.9877E-05 9.9877E-05 9.9877E-05 9.9877E-05 9.9877E-05
9.98856E-05 9.98856E-05 9.98856E-05 9.98856E-05 0.291648 9.98856E-05 9.98856E-05 0.157963 9.98856E-05 9.98856E-05 0.0519256 0.497166 9.98856E-05 9.98856E-05 9.98856E-05 9.98856E-05 9.98856E-05
0.0404169 9.99297E-05 0.00602337 0.0959237 0.066633 9.99297E-05 9.99297E-05 0.0384624 9.99297E-05 9.99297E-05 0.0349729 0.503759 9.99297E-05 9.99297E-05 9.99297E-05 0.160146 0.0528633
0.0370986 9.99033E-05 9.99033E-05 0.099922 9.99033E-05 9.99033E-05 9.99033E-05 0.0555845 0.08806 9.99033E-05 0.0866386 0.631597 9.99033E-05 9.99033E-05 9.99033E-05 9.99033E-05 9.99033E-05
9.98857E-05 9.98857E-05 0.096339 9.98857E-05 0.232119 9.98857E-05 9.98857E-05 9.98857E-05 9.98857E-05 9.98857E-05 9.98857E-05 0.573143 9.98857E-05 9.98857E-05 9.98857E-05 0.0971 9.98857E-05
0.0874024 9.98686E-05 9.98686E-05 9.98686E-05 9.98686E-05 9.98686E-05 9.98686E-05 9.98686E-05 9.98686E-05 9.98686E-05 9.98686E-05 0.9111 9.98686E-05 9.98686E-05 9.98686E-05 9.98686E-05 9.98686E-05
9.98684E-05 9.98684E-05 9.98684E-05 9.98684E-05 9.98684E-05 9.98684E-05 9.98684E-05 9.98684E-05 9.98684E-05 9.98684E-05 0.0758818 0.92262 9.98684E-05 9.98684E-05 9.98684E-05 9.98684E-05 9.98684E-05
9.98769E-05 9.98769E-05 9.98769E-05 9.98769E-05 9.98769E-05 9.98769E-05 9.98769E-05 9.98769E-05 9.98769E-05 9.98769E-05 9.98769E-05 0.711648 9.98769E-05 0.241647 0.0453061 9.98769E-05 9.98769E-05
9.99121E-05 9.99121E-05 9.99121E-05 0.100967 9.99121E-05 9.99121E-05 0.0421517 0.078581 9.99121E-05 9.99121E-05 0.0315026 0.67504 9.99121E-05 0.0027687 9.99121E-05 0.0679901 9.99121E-05
9.98858E-05 9.98858E-05 9.98858E-05 9.98858E-05 0.0127346 9.98858E-05 9.98858E-05 0.0101672 9.98858E-05 9.98858E-05 9.98858E-05 0.894196 9.98858E-05 9.98858E-05 0.0816036 9.98858E-05 9.98858E-05
0.0154108 9.98945E-05 9.98945E-05 9.98945E-05 0.285765 9.98945E-05 9.98945E-05 0.0608224 9.98945E-05 9.98945E-05 9.98945E-05 0.635528 9.98945E-05 9.98945E-05 9.98945E-05 9.98945E-05 0.00127515
9.98599E-05 9.98599E-05 9.98599E-05 9.98599E-05 9.98599E-05 9.98599E-05 9.98599E-05 9.98599E-05 9.98599E-05 9.98599E-05 9.98599E-05 0.998402 9.98599E-05 9.98599E-05 9.98599E-05 9.98599E-05 9.98599E-05
9.98946E-05 9.98946E-05 0.0385144 9.98946E-05 0.056977 9.98946E-05 9.98946E-05 9.98946E-05 9.98946E-05 9.98946E-05 9.98946E-05 0.590299 9.98946E-05 9.98946E-05 9.98946E-05 0.274157 0.0388538
9.9921E-05 9.9921E-05 9.9921E-05 9.9921E-05 0.0223238 9.9921E-05 9.9921E-05 0.0146299 9.9921E-05 0.0174164 0.0105402 0.796114 9.9921E-05 9.9921E-05 0.00379968 0.0869673 0.0473089
9.99034E-05 0.0936024 9.99034E-05 9.99034E-05 0.0802307 9.99034E-05 9.99034E-05 9.99034E-05 9.99034E-05 9.99034E-05 0.0485701 0.533054 9.99034E-05 0.183861 0.0595824 9.99034E-05 9.99034E-05
9.98769E-05 9.98769E-05 9.98769E-05 0.167826 9.98769E-05 9.98769E-05 9.98769E-05 0.0689737 9.98769E-05 9.98769E-05 9.98769E-05 0.761802 9.98769E-05 9.98769E-05 9.98769E-05 9.98769E-05 9.98769E-05
9.98948E-05 9.98948E-05 9.98948E-05 9.98948E-05 0.0449444 0.0257625 9.98948E-05 0.00728222 9.98948E-05 9.98948E-05 0.0454825 0.87533 9.98948E-05 9.98948E-05 9.98948E-05 9.98948E-05 9.98948E-05
9.98596E-05 9.98596E-05 9.98596E-05 9.98596E-05 9.98596E-05 9.98596E-05 9.98596E-05 9.98596E-05 9.98596E-05 9.98596E-05 9.98596E-05 0.998402 9.98596E-05 9.98596E-05 9.98596E-05 9.98596E-05 9.98596E-05
9.98772E-05 9.98772E-05 9.98772E-05 9.98772E-05 0.0659953 0.0230174 9.98772E-05 9.98772E-05 9.98772E-05 9.98772E-05 9.98772E-05 0.909589 9.98772E-05 9.98772E-05 9.98772E-05 9.98772E-05 9.98772E-05
9.9886E-05 9.9886E-05 9.9886E-05 0.0303914 0.0182658 9.9886E-05 9.9886E-05 9.9886E-05 9.9886E-05 9.9886E-05 9.9886E-05 0.841665 9.9886E-05 9.9886E-05 0.108379 9.9886E-05 9.9886E-05
9.98949E-05 9.98949E-05 9.98949E-05 9.98949E-05 0.150087 9.98949E-05 9.98949E-05 9.98949E-05 0.0114897 0.0427386 0.0836936 0.710793 9.98949E-05 9.98949E-05 9.98949E-05 9.98949E-05 9.98949E-05
9.9877E-05 9.9877E-05 9.9877E-05 9.9877E-05 0.240569 9.9877E-05 9.9877E-05 9.9877E-05 9.9877E-05 0.582644 0.175388 9.9877E-05 9.9877E-05 9.9877E-05 9.9877E-05 9.9877E-05 9.9877E-05
9.9886E-05 9.9886E-05 9.9886E-05 9.9886E-05 0.0401754 9.9886E-05 9.9886E-05 9.9886E-05 9.9886E-05 0.853844 0.09023 9.9886E-05 0.0144517 9.9886E-05 9.9886E-05 9.9886E-05 9.9886E-05
9.99121E-05 9.99121E-05 9.99121E-05 9.99121E-05 0.185269 9.99121E-05 9.99121E-05 0.0202554 0.00658889 0.531516 0.116938 9.99121E-05 9.99121E-05 9.99121E-05 0.0169939 0.121439 9.99121E-05
9.98945E-05 9.98945E-05 9.98945E-05 9.98945E-05 0.22279 0.0251773 9.98945E-05 0.121296 9.98945E-05 0.472017 0.157521 9.98945E-05 9.98945E-05 9.98945E-05 9.98945E-05 9.98945E-05 9.98945E-05
9.99121E-05 0.141618 9.99121E-05 0.0837027 0.090101 0.0145436 9.99121E-05 9.99121E-05 9.99121E-05 0.464543 0.173658 9.99121E-05 9.99121E-05 9.99121E-05 9.99121E-05 9.99121E-05 0.0308348
9.98946E-05 9.98946E-05 9.98946E-05 9.98946E-05 0.203031 0.0384635 0.0335838 9.98946E-05 9.98946E-05 0.540045 0.183677 9.98946E-05 9.98946E-05 9.98946E-05 9.98946E-05 9.98946E-05 9.98946E-05
9.99121E-05 9.99121E-05 9.99121E-05 0.0398515 0.167383 9.99121E-05 9.99121E-05 0.0273369 9.99121E-05 0.510936 0.102951 9.99121E-05 9.99121E-05 9.99121E-05 0.0143824 0.13616 9.99121E-05
9.99121E-05 9.99121E-05 9.99121E-05 9.99121E-05 0.0802137 0.0128302 9.99121E-05 9.99121E-05 9.99121E-05 0.395385 0.364835 9.99121E-05 9.99121E-05 0.0640224 0.0221504 0.0595651 9.99121E-05
9.99121E-05 9.99121E-05 0.136798 0.0151849 0.0868037 9.99121E-05 9.99121E-05 0.0375026 9.99121E-05 0.156016 0.376028 9.99121E-05 9.99121E-05 9.99121E-05 9.99121E-05 0.190668 9.99121E-05
9.99209E-05 9.99209E-05 9.99209E-05 0.034333 0.272115 9.99209E-05 9.99209E-05 0.0283746 9.99209E-05 0.254973 0.237576 9.99209E-05 9.99209E-05 9.99209E-05 0.049484 0.114201 0.00804362
9.98948E-05 9.98948E-05 0.179909 9.98948E-05 0.0412789 9.98948E-05 9.98948E-05 0.0436554 9.98948E-05 0.677247 0.0567112 9.98948E-05 9.98948E-05 9.98948E-05 9.98948E-05 9.98948E-05 9.98948E-05
9.98947E-05 9.98947E-05 0.175707 9.98947E-05 0.206134 9.98947E-05 9.98947E-05 0.0396457 9.98947E-05 0.565373 0.0119419 9.98947E-05 9.98947E-05 9.98947E-05 9.98947E-05 9.98947E-05 9.98947E-05
9.98771E-05 9.98771E-05 9.98771E-05 9.98771E-05 9.98771E-05 9.98771E-05 0.0620013 9.98771E-05 9.98771E-05 0.78912 0.147481 9.98771E-05 9.98771E-05 9.98771E-05 9.98771E-05 9.98771E-05 9.98771E-05
9.98859E-05 9.98859E-05 9.98859E-05 9.98859E-05 0.225986 9.98859E-05 9.98859E-05 0.023975 9.98859E-05 0.547451 0.201289 9.98859E-05 9.98859E-05 9.98859E-05 9.98859E-05 9.98859E-05 9.98859E-05
0.0893768 9.99298E-05 9.99298E-05 0.0152884 0.0240625 0.0489058 0.0239166 0.00658706 9.99298E-05 0.605706 0.0812294 9.99298E-05 9.99298E-05 9.99298E-05 0.104128 9.99298E-05 9.99298E-05
9.99034E-05 9.99034E-05 0.112238 9.99034E-05 0.194225 9.99034E-05 0.0961908 0.0446832 9.99034E-05 0.479193 0.0723713 9.99034E-05 9.99034E-05 9.99034E-05 9.99034E-05 9.99034E-05 9.99034E-05
9.99033E-05 9.99033E-05 0.233503 9.99033E-05 0.157163 0.107232 9.99033E-05 9.99033E-05 9.99033E-05 0.437064 0.0417965 9.99033E-05 9.99033E-05 9.99033E-05 0.0221431 9.99033E-05 9.99033E-05
9.98947E-05 9.98947E-05 9.98947E-05 9.98947E-05 9.98947E-05 9.98947E-05 0.0495254 9.98947E-05 0.0957134 0.534625 0.124777 9.98947E-05 9.98947E-05 9.98947E-05 9.98947E-05 0.194161 9.98947E-05
9.99209E-05 9.99209E-05 9.99209E-05 9.99209E-05 9.99209E-05 0.0148928 0.00211105 0.0044491 0.109156 0.783591 0.0528341 9.99209E-05 9.99209E-05 0.0244137 9.99209E-05 0.00765301 9.99209E-05
9.99035E-05 9.99035E-05 9.99035E-05 9.99035E-05 0.153684 0.05 0.187363 9.99035E-05 9.99035E-05 0.511758 0.0699161 0.0261804 9.99035E-05 9.99035E-05 9.99035E-05 9.99035E-05 9.99035E-05
9.99033E-05 9.99033E-05 0.109817 9.99033E-05 0.155163 9.99033E-05 0.0388104 9.99033E-05 0.0614759 0.561635 0.0719996 9.99033E-05 9.99033E-05 9.99033E-05 9.99033E-05 9.99033E-05 9.99033E-05
9.99033E-05 9.99033E-05 9.99033E-05 0.0289705 0.0841877 9.99033E-05 9.99033E-05 0.0593433 9.99033E-05 0.669331 0.146249 9.99033E-05 9.99033E-05 9.99033E-05 0.0108199 9.99033E-05 9.99033E-05
9.99122E-05 9.99122E-05 0.126065 9.99122E-05 0.288103 0.127534 9.99122E-05 0.027714 9.99122E-05 0.113363 0.310445 9.99122E-05 9.99122E-05 0.00577723 9.99122E-05 9.99122E-05 9.99122E-05
9.98859E-05 9.98859E-05 9.98859E-05 9.98859E-05 0.0820818 9.98859E-05 9.98859E-05 9.98859E-05 9.98859E-05 0.667016 0.233009 9.98859E-05 9.98859E-05 9.98859E-05 9.98859E-05 9.98859E-05 0.0165956
9.99122E-05 9.99122E-05 0.138697 9.99122E-05 0.335164 9.99122E-05 9.99122E-05 0.121466 0.021511 0.132481 0.244842 9.99122E-05 9.99122E-05 0.00483949 9.99122E-05 9.99122E-05 9.99122E-05
9.99035E-05 9.99035E-05 0.0556249 0.00250366 0.1654 9.99035E-05 9.99035E-05 9.99035E-05 9.99035E-05 0.531042 0.169368 0.0749614 9.99035E-05 9.99035E-05 9.99035E-05 9.99035E-05 9.99035E-05
9.98774E-05 0.174889 9.98774E-05 9.98774E-05 0.0186232 9.98774E-05 9.98774E-05 9.98774E-05 9.98774E-05 0.80509 9.98774E-05 9.98774E-05 9.98774E-05 9.98774E-05 9.98774E-05 9.98774E-05 9.98774E-05
9.99032E-05 9.99032E-05 9.99032E-05 9.99032E-05 0.241205 0.020908 9.99032E-05 9.99032E-05 9.99032E-05 0.363266 0.221017 9.99032E-05 9.99032E-05 0.128859 9.99032E-05 0.0236452 9.99032E-05
9.99035E-05 9.99035E-05 0.0473684 9.99035E-05 0.286379 0.00679175 9.99035E-05 9.99035E-05 9.99035E-05 0.358867 0.296744 9.99035E-05 9.99035E-05 9.99035E-05 9.99035E-05 0.0027507 9.99035E-05
9.98858E-05 9.98858E-05 9.98858E-05 9.98858E-05 0.199057 9.98858E-05 9.98858E-05 0.0170801 0.154753 0.627812 9.98858E-05 9.98858E-05 9.98858E-05 9.98858E-05 9.98858E-05 9.98858E-05 9.98858E-05
0.0248516 9.99123E-05 0.0484925 9.99123E-05 0.252169 9.99123E-05 9.99123E-05 0.102147 0.00885784 0.495648 0.0668357 9.99123E-05 9.99123E-05 9.99123E-05 9.99123E-05 9.99123E-05 9.99123E-05
0.0615368 9.99033E-05 9.99033E-05 9.99033E-05 0.12752 0.0452569 9.99033E-05 0.0391953 9.99033E-05 0.703135 0.0222567 9.99033E-05 9.99033E-05 9.99033E-05 9.99033E-05 9.99033E-05 9.99033E-05
9.99034E-05 9.99034E-05 9.99034E-05 9.99034E-05 0.21992 0.185179 9.99034E-05 0.00248578 0.0820493 0.197642 0.311625 9.99034E-05 9.99034E-05 9.99034E-05 9.99034E-05 9.99034E-05 9.99034E-05
9.99121E-05 9.99121E-05 9.99121E-05 9.99121E-05 0.100385 0.0609531 9.99121E-05 9.99121E-05 9.99121E-05 0.363767 0.118677 9.99121E-05 9.99121E-05 0.073669 9.99121E-05 0.230092 0.0514585
9.98858E-05 9.98858E-05 9.98858E-05 9.98858E-05 0.127774 9.98858E-05 0.0539464 9.98858E-05 9.98858E-05 0.789793 0.0271888 9.98858E-05 9.98858E-05 9.98858E-05 9.98858E-05 9.98858E-05 9.98858E-05
0.0169871 9.99121E-05 0.0459643 9.99121E-05 9.99121E-05 9.99121E-05 0.0809979 0.0312703 9.99121E-05 0.610232 0.120131 9.99121E-05 9.99121E-05 9.99121E-05 9.99121E-05 0.0934188 9.99121E-05
9.99033E-05 9.99033E-05 9.99033E-05 0.0574597 0.303852 9.99033E-05 9.99033E-05 0.0386332 9.99033E-05 0.371369 0.196292 9.99033E-05 9.99033E-05 9.99033E-05 0.0312958 9.99033E-05 9.99033E-05
9.98776E-05 9.98776E-05 9.98776E-05 9.98776E-05 9.98776E-05 9.98776E-05 0.00717061 9.98776E-05 9.98776E-05 0.911995 0.0794362 9.98776E-05 9.98776E-05 9.98776E-05 9.98776E-05 9.98776E-05 9.98776E-05
9.99035E-05 9.99035E-05 9.99035E-05 9.99035E-05 0.174396 0.0304076 9.99035E-05 0.0248549 9.99035E-05 0.734592 0.0227836 9.99035E-05 9.99035E-05 9.99035E-05 0.0118665 9.99035E-05 9.99035E-05
9.99036E-05 9.99036E-05 9.99036E-05 0.0209386 9.99036E-05 0.0187506 9.99036E-05 0.0140291 0.0503681 0.862772 0.0320424 9.99036E-05 9.99036E-05 9.99036E-05 9.99036E-05 9.99036E-05 9.99036E-05
9.99036E-05 9.99036E-05 0.0373649 9.99036E-05 9.99036E-05 0.00942433 0.0314172 0.0240518 9.99036E-05 0.889327 0.00731571 9.99036E-05 9.99036E-05 9.99036E-05 9.99036E-05 9.99036E-05 9.99036E-05
9.98946E-05 9.98946E-05 0.128056 9.98946E-05 0.371366 9.98946E-05 9.98946E-05 0.0311793 9.98946E-05 0.297814 0.170387 9.98946E-05 9.98946E-05 9.98946E-05 9.98946E-05 9.98946E-05 9.98946E-05
9.98945E-05 9.98945E-05 9.98945E-05 9.98945E-05 9.98945E-05 9.98945E-05 9.98945E-05 9.98945E-05 0.0377955 0.60844 0.188496 9.98945E-05 9.98945E-05 9.98945E-05 9.98945E-05 0.0204934 0.143577
9.98949E-05 9.98949E-05 9.98949E-05 9.98949E-05 0.0705836 0.0845634 9.98949E-05 9.98949E-05 9.98949E-05 0.702658 0.137758 9.98949E-05 0.00323881 9.98949E-05 9.98949E-05 9.98949E-05 9.98949E-05
9.98685E-05 9.98685E-05 9.98685E-05 9.98685E-05 0.0478687 9.98685E-05 9.98685E-05 9.98685E-05 9.98685E-05 0.950633 9.98685E-05 9.98685E-05 9.98685E-05 9.98685E-05 9.98685E-05 9.98685E-05 9.98685E-05
9.99209E-05 9.99209E-05 0.181474 9.99209E-05 0.0435774 0.114861 9.99209E-05 9.99209E-05 9.99209E-05 0.202638 0.256059 9.99209E-05 9.99209E-05 0.0824711 0.0497859 0.0682334 9.99209E-05
9.99034E-05 9.99034E-05 9.99034E-05 0.0566092 0.15688 9.99034E-05 9.99034E-05 0.0196689 9.99034E-05 0.368936 0.176406 0.220401 9.99034E-05 9.99034E-05 9.99034E-05 9.99034E-05 9.99034E-05
0.0487896 0.072495 0.0643741 0.0221478 0.0668515 9.99211E-05 9.99211E-05 9.99211E-05 9.99211E-05 0.432788 0.198318 9.99211E-05 9.99211E-05 9.99211E-05 9.99211E-05 0.0933366 9.99211E-05
9.98947E-05 9.98947E-05 9.98947E-05 9.98947E-05 0.219907 0.0109153 9.98947E-05 9.98947E-05 9.98947E-05 0.251011 0.312827 9.98947E-05 9.98947E-05 9.98947E-05 9.98947E-05 0.204141 9.98947E-05
9.98685E-05 9.98685E-05 9.98685E-05 9.98685E-05 0.0794288 9.98685E-05 9.98685E-05 9.98685E-05 9.98685E-05 0.919073 9.98685E-05 9.98685E-05 9.98685E-05 9.98685E-05 9.98685E-05 9.98685E-05 9.98685E-05
0.0358517 9.99297E-05 9.99297E-05 9.99297E-05 0.1881 0.0251002 0.196977 0.0148459 9.99297E-05 0.308309 0.0851672 9.99297E-05 9.99297E-05 0.0222857 9.99297E-05 0.122564 9.99297E-05
0.00996995 9.99123E-05 0.0406297 9.99123E-05 9.99123E-05 9.99123E-05 9.99123E-05 9.99123E-05 0.0243567 0.696104 0.0996464 0.110172 9.99123E-05 9.99123E-05 9.99123E-05 9.99123E-05 0.0181215
9.9886E-05 9.9886E-05 9.9886E-05 9.9886E-05 0.188012 9.9886E-05 9.9886E-05 0.0185816 9.9886E-05 0.625536 0.166572 9.9886E-05 9.9886E-05 9.9886E-05 9.9886E-05 9.9886E-05 9.9886E-05
0.14232 9.99122E-05 0.0720374 9.99122E-05 0.0403095 9.99122E-05 9.99122E-05 9.99122E-05 9.99122E-05 0.527279 0.173477 9.99122E-05 9.99122E-05 9.99122E-05 0.0175115 0.0260673 9.99122E-05
9.99296E-05 9.99296E-05 9.99296E-05 0.0171737 0.0724683 9.99296E-05 0.088109 0.0369492 9.99296E-05 0.607231 0.0334363 9.99296E-05 9.99296E-05 0.0249422 0.0221708 0.0967202 9.99296E-05
9.99122E-05 9.99122E-05 0.260343 9.99122E-05 0.359438 0.0488282 0.000342731 9.99122E-05 9.99122E-05 0.121202 0.202378 9.99122E-05 9.99122E-05 0.00646931 9.99122E-05 9.99122E-05 9.99122E-05
9.98945E-05 9.98945E-05 9.98945E-05 9.98945E-05 0.189254 9.98945E-05 9.98945E-05 0.0676346 9.98945E-05 0.50621 0.234922 9.98945E-05 9.98945E-05 9.98945E-05 9.98945E-05 9.98945E-05 0.000780862
0.0461205 0.0296675 9.99209E-05 9.99209E-05 0.0390428 0.0269307 9.99209E-05 0.145794 9.99209E-05 0.533379 0.151452 9.99209E-05 9.99209E-05 0.0267139 9.99209E-05 9.99209E-05 9.99209E-05
0.0162333 0.0488857 9.98947E-05 9.98947E-05 0.0774871 0.255869 9.98947E-05 9.98947E-05 9.98947E-05 0.600326 9.98947E-05 9.98947E-05 9.98947E-05 9.98947E-05 9.98947E-05 9.98947E-05 9.98947E-05
9.98858E-05 9.98858E-05 0.060749 9.98858E-05 0.0890198 9.98858E-05 9.98858E-05 9.98858E-05 9.98858E-05 0.624945 0.223988 9.98858E-05 9.98858E-05 9.98858E-05 9.98858E-05 9.98858E-05 9.98858E-05
9.98593E-05 9.98593E-05 9.98593E-05 9.98593E-05 0.998402 9.98593E-05 9.98593E-05 9.98593E-05 9.98593E-05 9.98593E-05 9.98593E-05 9.98593E-05 9.98593E-05 9.98593E-05 9.98593E-05 9.98593E-05 9.98593E-05
9.98593E-05 9.98593E-05 9.98593E-05 9.98593E-05 9.98593E-05 9.98593E-05 9.98593E-05 9.98593E-05 9.98593E-05 9.98593E-05 0.998402 9.98593E-05 9.98593E-05 9.98593E-05 9.98593E-05 9.98593E-05 9.98593E-05
9.98592E-05 9.98592E-05 9.98592E-05 9.98592E-05 0.998402 9.98592E-05 9.98592E-05 9.98592E-05 9.98592E-05 9.98592E-05 9.98592E-05 9.98592E-05 9.98592E-05 9.98592E-05 9.98592E-05 9.98592E-05 9.98592E-05
9.98592E-05 9.98592E-05 9.98592E-05 9.98592E-05 9.98592E-05 9.98592E-05 9.98592E-05 9.98592E-05 9.98592E-05 9.98592E-05 0.998402 9.98592E-05 9.98592E-05 9.98592E-05 9.98592E-05 9.98592E-05 9.98592E-05
9.98592E-05 9.98592E-05 9.98592E-05 9.98592E-05 9.98592E-05 9.98592E-05 9.98592E-05 9.98592E-05 9.98592E-05 9.98592E-05 0.998402 9.98592E-05 9.98592E-05 9.98592E-05 9.98592E-05 9.98592E-05 9.98592E-05
9.98594E-05 9.98594E-05 9.98594E-05 9.98594E-05 9.98594E-05 9.98594E-05 9.98594E-05 9.98594E-05 9.98594E-05 9.98594E-05 0.998402 9.98594E-05 9.98594E-05 9.98594E-05 9.98594E-05 9.98594E-05 9.98594E-05
9.98593E-05 9.98593E-05 9.98593E-05 9.98593E-05 0.998402 9.98593E-05 9.98593E-05 9.98593E-05 9.98593E-05 9.98593E-05 9.98593E-05 9.98593E-05 9.98593E-05 9.98593E-05 9.98593E-05 9.98593E-05 9.98593E-05
9.98593E-05 9.98593E-05 9.98593E-05 9.98593E-05 9.98593E-05 9.98593E-05 9.98593E-05 9.98593E-05 9.98593E-05 9.98593E-05 0.998402 9.98593E-05 9.98593E-05 9.98593E-05 9.98593E-05 9.98593E-05 9.98593E-05
9.98593E-05 9.98593E-05 9.98593E-05 9.98593E-05 9.98593E-05 9.98593E-05 9.98593E-05 9.98593E-05 9.98593E-05 9.98593E-05 0.998402 9.98593E-05 9.98593E-05 9.98593E-05 9.98593E-05 9.98593E-05 9.98593E-05
9.98592E-05 9.98592E-05 9.98592E-05 9.98592E-05 0.998402 9.98592E-05 9.98592E-05 9.98592E-05 9.98592E-05 9.98592E-05 9.98592E-05 9.98592E-05 9.98592E-05 9.98592E-05 9.98592E-05 9.98592E-05 9.98592E-05
9.98592E-05 9.98592E-05 9.98592E-05 9.98592E-05 0.998402 9.98592E-05 9.98592E-05 9.98592E-05 9.98592E-05 9.98592E-05 9.98592E-05 9.98592E-05 9.98592E-05 9.98592E-05 9.98592E-05 9.98592E-05 9.98592E-05
9.98592E-05 9.98592E-05 9.98592E-05 9.98592E-05 0.998402 9.98592E-05 9.98592E-05 9.98592E-05 9.98592E-05 9.98592E-05 9.98592E-05 9.98592E-05 9.98592E-05 9.98592E-05 9.98592E-05 9.98592E-05 9.98592E-05
9.98593E-05 9.98593E-05 9.98593E-05 9.98593E-05 9.98593E-05 9.98593E-05 9.98593E-05 9.98593E-05 9.98593E-05 9.98593E-05 0.998402 9.98593E-05 9.98593E-05 9.98593E-05 9.98593E-05 9.98593E-05 9.98593E-05
9.98592E-05 9.98592E-05 9.98592E-05 9.98592E-05 9.98592E-05 9.98592E-05 9.98592E-05 9.98592E-05 9.98592E-05 9.98592E-05 0.998402 9.98592E-05 9.98592E-05 9.98592E-05 9.98592E-05 9.98592E-05 9.98592E-05
9.98593E-05 9.98593E-05 9.98593E-05 9.98593E-05 0.998402 9.98593E-05 9.98593E-05 9.98593E-05 9.98593E-05 9.98593E-05 9.98593E-05 9.98593E-05 9.98593E-05 9.98593E-05 9.98593E-05 9.98593E-05 9.98593E-05
9.98592E-05 9.98592E-05 9.98592E-05 9.98592E-05 0.998402 9.98592E-05 9.98592E-05 9.98592E-05 9.98592E-05 9.98592E-05 9.98592E-05 9.98592E-05 9.98592E-05 9.98592E-05 9.98592E-05 9.98592E-05 9.98592E-05
0.0496917 0.0483005 9.99385E-05 0.0467855 0.270776 0.0250078 0.0184424 9.99385E-05 9.99385E-05 0.241714 0.140288 9.99385E-05 9.99385E-05 0.156281 9.99385E-05 9.99385E-05 0.00201371
9.98594E-05 9.98594E-05 9.98594E-05 9.98594E-05 0.998402 9.98594E-05 9.98594E-05 9.98594E-05 9.98594E-05 9.98594E-05 9.98594E-05 9.98594E-05 9.98594E-05 9.98594E-05 9.98594E-05 9.98594E-05 9.98594E-05
9.98594E-05 9.98594E-05 9.98594E-05 9.98594E-05 9.98594E-05 9.98594E-05 9.98594E-05 9.98594E-05 9.98594E-05 9.98594E-05 0.998402 9.98594E-05 9.98594E-05 9.98594E-05 9.98594E-05 9.98594E-05 9.98594E-05
9.98592E-05 9.98592E-05 9.98592E-05 9.98592E-05 0.998402 9.98592E-05 9.98592E-05 9.98592E-05 9.98592E-05 9.98592E-05 9.98592E-05 9.98592E-05 9.98592E-05 9.98592E-05 9.98592E-05 9.98592E-05 9.98592E-05
9.98593E-05 9.98593E-05 9.98593E-05 9.98593E-05 0.998402 9.98593E-05 9.98593E-05 9.98593E-05 9.98593E-05 9.98593E-05 9.98593E-05 9.98593E-05 9.98593E-05 9.98593E-05 9.98593E-05 9.98593E-05 9.98593E-05
9.98592E-05 9.98592E-05 9.98592E-05 9.98592E-05 0.998402 9.98592E-05 9.98592E-05 9.98592E-05 9.98592E-05 9.98592E-05 9.98592E-05 9.98592E-05 9.98592E-05 9.98592E-05 9.98592E-05 9.98592E-05 9.98592E-05
9.98593E-05 9.98593E-05 9.98593E-05 9.98593E-05 9.98593E-05 9.98593E-05 9.98593E-05 9.98593E-05 9.98593E-05 9.98593E-05 0.998402 9.98593E-05 9.98593E-05 9.98593E-05 9.98593E-05 9.98593E-05 9.98593E-05
9.98592E-05 9.98592E-05 9.98592E-05 9.98592E-05 0.998402 9.98592E-05 9.98592E-05 9.98592E-05 9.98592E-05 9.98592E-05 9.98592E-05 9.98592E-05 9.98592E-05 9.98592E-05 9.98592E-05 9.98592E-05 9.98592E-05
9.98593E-05 9.98593E-05 9.98593E-05 9.98593E-05 9.98593E-05 9.98593E-05 9.98593E-05 9.98593E-05 9.98593E-05 9.98593E-05 0.998402 9.98593E-05 9.98593E-05 9.98593E-05 9.98593E-05 9.98593E-05 9.98593E-05
9.98593E-05 9.98593E-05 9.98593E-05 9.98593E-05 0.998402 9.98593E-05 9.98593E-05 9.98593E-05 9.98593E-05 9.98593E-05 9.98593E-05 9.98593E-05 9.98593E-05 9.98593E-05 9.98593E-05 9.98593E-05 9.98593E-05
9.98593E-05 9.98593E-05 9.98593E-05 9.98593E-05 0.998402 9.98593E-05 9.98593E-05 9.98593E-05 9.98593E-05 9.98593E-05 9.98593E-05 9.98593E-05 9.98593E-05 9.98593E-05 9.98593E-05 9.98593E-05 9.98593E-05
9.98592E-05 9.98592E-05 9.98592E-05 9.98592E-05 9.98592E-05 9.98592E-05 9.98592E-05 9.98592E-05 9.98592E-05 9.98592E-05 0.998402 9.98592E-05 9.98592E-05 9.98592E-05 9.98592E-05 9.98592E-05 9.98592E-05
9.98593E-05 9.98593E-05 9.98593E-05 9.98593E-05 9.98593E-05 9.98593E-05 9.98593E-05 9.98593E-05 9.98593E-05 9.98593E-05 0.998402 9.98593E-05 9.98593E-05 9.98593E-05 9.98593E-05 9.98593E-05 9.98593E-05
9.98593E-05 9.98593E-05 9.98593E-05 9.98593E-05 9.98593E-05 9.98593E-05 9.98593E-05 9.98593E-05 9.98593E-05 9.98593E-05 0.998402 9.98593E-05 9.98593E-05 9.98593E-05 9.98593E-05 9.98593E-05 9.98593E-05
9.98593E-05 9.98593E-05 9.98593E-05 9.98593E-05 0.998402 9.98593E-05 9.98593E-05 9.98593E-05 9.98593E-05 9.98593E-05 9.98593E-05 9.98593E-05 9.98593E-05 9.98593E-05 9.98593E-05 9.98593E-05 9.98593E-05
9.98592E-05 9.98592E-05 9.98592E-05 9.98592E-05 0.998402 9.98592E-05 9.98592E-05 9.98592E-05 9.98592E-05 9.98592E-05 9.98592E-05 9.98592E-05 9.98592E-05 9.98592E-05 9.98592E-05 9.98592E-05 9.98592E-05
9.98592E-05 9.98592E-05 9.98592E-05 9.98592E-05 0.998402 9.98592E-05 9.98592E-05 9.98592E-05 9.98592E-05 9.98592E-05 9.98592E-05 9.98592E-05 9.98592E-05 9.98592E-05 9.98592E-05 9.98592E-05 9.98592E-05
9.98592E-05 9.98592E-05 9.98592E-05 9.98592E-05 0.998402 9.98592E-05 9.98592E-05 9.98592E-05 9.98592E-05 9.98592E-05 9.98592E-05 9.98592E-05 9.98592E-05 9.98592E-05 9.98592E-05 9.98592E-05 9.98592E-05
9.98593E-05 9.98593E-05 9.98593E-05 9.98593E-05 0.998402 9.98593E-05 9.98593E-05 9.98593E-05 9.98593E-05 9.98593E-05 9.98593E-05 9.98593E-05 9.98593E-05 9.98593E-05 9.98593E-05 9.98593E-05 9.98593E-05
9.98594E-05 9.98594E-05 9.98594E-05 9.98594E-05 9.98594E-05 9.98594E-05 9.98594E-05 9.98594E-05 9.98594E-05 9.98594E-05 0.998402 9.98594E-05 9.98594E-05 9.98594E-05 9.98594E-05 9.98594E-05 9.98594E-05
9.98593E-05 9.98593E-05 9.98593E-05 9.98593E-05 9.98593E-05 9.98593E-05 9.98593E-05 9.98593E-05 9.98593E-05 9.98593E-05 0.998402 9.98593E-05 9.98593E-05 9.98593E-05 9.98593E-05 9.98593E-05 9.98593E-05
9.98594E-05 9.98594E-05 9.98594E-05 9.98594E-05 9.98594E-05 9.98594E-05 9.98594E-05 9.98594E-05 9.98594E-05 9.98594E-05 0.998402 9.98594E-05 9.98594E-05 9.98594E-05 9.98594E-05 9.98594E-05 9.98594E-05
9.98592E-05 9.98592E-05 9.98592E-05 9.98592E-05 0.998402 9.98592E-05 9.98592E-05 9.98592E-05 9.98592E-05 9.98592E-05 9.98592E-05 9.98592E-05 9.98592E-05 9.98592E-05 9.98592E-05 9.98592E-05 9.98592E-05
9.98593E-05 9.98593E-05 9.98593E-05 9.98593E-05 9.98593E-05 9.98593E-05 9.98593E-05 9.98593E-05 9.98593E-05 9.98593E-05 0.998402 9.98593E-05 9.98593E-05 9.98593E-05 9.98593E-05 9.98593E-05 9.98593E-05
9.98593E-05 9.98593E-05 9.98593E-05 9.98593E-05 9.98593E-05 9.98593E-05 9.98593E-05 9.98593E-05 9.98593E-05 9.98593E-05 0.998402 9.98593E-05 9.98593E-05 9.98593E-05 9.98593E-05 9.98593E-05 9.98593E-05
9.98592E-05 9.98592E-05 9.98592E-05 9.98592E-05 9.98592E-05 9.98592E-05 9.98592E-05 9.98592E-05 9.98592E-05 9.98592E-05 0.998402 9.98592E-05 9.98592E-05 9.98592E-05 9.98592E-05 9.98592E-05 9.98592E-05
9.98593E-05 9.98593E-05 9.98593E-05 9.98593E-05 9.98593E-05 9.98593E-05 9.98593E-05 9.98593E-05 9.98593E-05 9.98593E-05 0.998402 9.98593E-05 9.98593E-05 9.98593E-05 9.98593E-05 9.98593E-05 9.98593E-05
9.98592E-05 9.98592E-05 9.98592E-05 9.98592E-05 0.998402 9.98592E-05 9.98592E-05 9.98592E-05 9.98592E-05 9.98592E-05 9.98592E-05 9.98592E-05 9.98592E-05 9.98592E-05 9.98592E-05 9.98592E-05 9.98592E-05
9.98593E-05 9.98593E-05 9.98593E-05 9.98593E-05 9.98593E-05 9.98593E-05 9.98593E-05 9.98593E-05 9.98593E-05 9.98593E-05 0.998402 9.98593E-05 9.98593E-05 9.98593E-05 9.98593E-05 9.98593E-05 9.98593E-05
9.98594E-05 9.98594E-05 9.98594E-05 9.98594E-05 9.98594E-05 9.98594E-05 9.98594E-05 9.98594E-05 9.98594E-05 9.98594E-05 0.998402 9.98594E-05 9.98594E-05 9.98594E-05 9.98594E-05 9.98594E-05 9.98594E-05
9.99121E-05 0.0855379 9.99121E-05 9.99121E-05 0.223712 0.040249 9.99121E-05 9.99121E-05 9.99121E-05 0.232133 0.0915563 9.99121E-05 9.99121E-05 0.26431 9.99121E-05 9.99121E-05 0.0615024
9.98593E-05 9.98593E-05 9.98593E-05 9.98593E-05 0.998402 9.98593E-05 9.98593E-05 9.98593E-05 9.98593E-05 9.98593E-05 9.98593E-05 9.98593E-05 9.98593E-05 9.98593E-05 9.98593E-05 9.98593E-05 9.98593E-05
9.98592E-05 9.98592E-05 9.98592E-05 9.98592E-05 9.98592E-05 9.98592E-05 9.98592E-05 9.98592E-05 9.98592E-05 9.98592E-05 0.998402 9.98592E-05 9.98592E-05 9.98592E-05 9.98592E-05 9.98592E-05 9.98592E-05
9.98592E-05 9.98592E-05 9.98592E-05 9.98592E-05 9.98592E-05 9.98592E-05 9.98592E-05 9.98592E-05 9.98592E-05 9.98592E-05 0.998402 9.98592E-05 9.98592E-05 9.98592E-05 9.98592E-05 9.98592E-05 9.98592E-05
9.98593E-05 9.98593E-05 9.98593E-05 9.98593E-05 9.98593E-05 9.98593E-05 9.98593E-05 9.98593E-05 9.98593E-05 9.98593E-05 0.998402 9.98593E-05 9.98593E-05 9.98593E-05 9.98593E-05 9.98593E-05 9.98593E-05
9.98593E-05 9.98593E-05 9.98593E-05 9.98593E-05 9.98593E-05 9.98593E-05 9.98593E-05 9.98593E-05 9.98593E-05 9.98593E-05 0.998402 9.98593E-05 9.98593E-05 9.98593E-05 9.98593E-05 9.98593E-05 9.98593E-05
9.98593E-05 9.98593E-05 9.98593E-05 9.98593E-05 0.998402 9.98593E-05 9.98593E-05 9.98593E-05 9.98593E-05 9.98593E-05 9.98593E-05 9.98593E-05 9.98593E-05 9.98593E-05 9.98593E-05 9.98593E-05 9.98593E-05
9.98592E-05 9.98592E-05 9.98592E-05 9.98592E-05 9.98592E-05 9.98592E-05 9.98592E-05 9.98592E-05 9.98592E-05 9.98592E-05 0.998402 9.98592E-05 9.98592E-05 9.98592E-05 9.98592E-05 9.98592E-05 9.98592E-05
9.98593E-05 9.98593E-05 9.98593E-05 9.98593E-05 0.998402 9.98593E-05 9.98593E-05 9.98593E-05 9.98593E-05 9.98593E-05 9.98593E-05 9.98593E-05 9.98593E-05 9.98593E-05 9.98593E-05 9.98593E-05 9.98593E-05
9.98593E-05 9.98593E-05 9.98593E-05 9.98593E-05 9.98593E-05 9.98593E-05 9.98593E-05 9.98593E-05 9.98593E-05 9.98593E-05 0.998402 9.98593E-05 9.98593E-05 9.98593E-05 9.98593E-05 9.98593E-05 9.98593E-05
9.98593E-05 9.98593E-05 9.98593E-05 9.98593E-05 0.998402 9.98593E-05 9.98593E-05 9.98593E-05 9.98593E-05 9.98593E-05 9.98593E-05 9.98593E-05 9.98593E-05 9.98593E-05 9.98593E-05 9.98593E-05 9.98593E-05
9.98593E-05 9.98593E-05 9.98593E-05 9.98593E-05 9.98593E-05 9.98593E-05 9.98593E-05 9.98593E-05 9.98593E-05 9.98593E-05 0.998402 9.98593E-05 9.98593E-05 9.98593E-05 9.98593E-05 9.98593E-05 9.98593E-05
9.98593E-05 9.98593E-05 9.98593E-05 9.98593E-05 9.98593E-05 9.98593E-05 9.98593E-05 9.98593E-05 9.98593E-05 9.98593E-05 0.998402 9.98593E-05 9.98593E-05 9.98593E-05 9.98593E-05 9.98593E-05 9.98593E-05
