9.99034E-05 0.0407018 9.99034E-05 0.0422596 0.175697 0.314033 9.99034E-05 9.99034E-05 9.99034E-05 9.99034E-05 0.0335671 0.202979 9.99034E-05 0.152793 9.99034E-05 9.99034E-05 0.0214749 9.99034E-05 0.015395 9.99034E-05
9.98596E-05 9.98596E-05 9.98596E-05 9.98596E-05 0.809203 0.0815318 9.98596E-05 9.98596E-05 9.98596E-05 9.98596E-05 0.0898681 9.98596E-05 9.98596E-05 9.98596E-05 9.98596E-05 9.98596E-05 0.0177995 9.98596E-05 9.98596E-05 9.98596E-05
9.98509E-05 9.98509E-05 9.98509E-05 9.98509E-05 0.14421 9.98509E-05 9.98509E-05 9.98509E-05 9.98509E-05 9.98509E-05 9.98509E-05 0.809127 9.98509E-05 9.98509E-05 9.98509E-05 9.98509E-05 0.0449661 9.98509E-05 9.98509E-05 9.98509E-05
0.224864 9.98947E-05 0.117337 9.98947E-05 0.272796 9.98947E-05 9.98947E-05 9.98947E-05 9.98947E-05 9.98947E-05 9.98947E-05 9.98947E-05 0.154069 0.171269 0.0097887 0.0211309 0.0275476 9.98947E-05 9.98947E-05 9.98947E-05
9.98772E-05 9.98772E-05 9.98772E-05 9.98772E-05 0.668783 9.98772E-05 9.98772E-05 9.98772E-05 0.0258078 9.98772E-05 0.00513595 0.252342 9.98772E-05 9.98772E-05 0.0223399 0.0241931 9.98772E-05 9.98772E-05 9.98772E-05 9.98772E-05
9.9886E-05 9.9886E-05 0.0137188 9.9886E-05 9.9886E-05 0.115707 9.9886E-05 9.9886E-05 0.0759925 9.9886E-05 9.9886E-05 0.258409 0.218561 9.9886E-05 0.163509 0.152804 9.9886E-05 9.9886E-05 9.9886E-05 9.9886E-05
0.0667162 9.99123E-05 9.99123E-05 0.0851845 0.256446 0.003216 9.99123E-05 9.99123E-05 9.99123E-05 0.195478 0.0653646 9.99123E-05 9.99123E-05 0.0480167 9.99123E-05 0.0916957 0.0675809 9.99123E-05 9.99123E-05 0.119302
9.98947E-05 0.0798332 9.98947E-05 9.98947E-05 0.276544 0.0801074 9.98947E-05 9.98947E-05 0.114148 9.98947E-05 9.98947E-05 9.98947E-05 9.98947E-05 0.191485 0.138066 0.0874718 9.98947E-05 0.0311464 9.98947E-05 9.98947E-05
9.98771E-05 9.98771E-05 9.98771E-05 0.145009 9.98771E-05 9.98771E-05 9.98771E-05 9.98771E-05 0.0330484 9.98771E-05 9.98771E-05 0.267059 9.98771E-05 0.130692 0.228826 9.98771E-05 9.98771E-05 9.98771E-05 0.193968 9.98771E-05
9.9842E-05 9.9842E-05 9.9842E-05 0.0249891 9.9842E-05 9.9842E-05 9.9842E-05 9.9842E-05 9.9842E-05 9.9842E-05 9.9842E-05 0.973214 9.9842E-05 9.9842E-05 9.9842E-05 9.9842E-05 9.9842E-05 9.9842E-05 9.9842E-05 9.9842E-05
9.98859E-05 9.98859E-05 9.98859E-05 0.123876 0.0879179 0.0551169 9.98859E-05 9.98859E-05 9.98859E-05 9.98859E-05 9.98859E-05 0.461546 9.98859E-05 0.126634 0.0453341 9.98859E-05 0.0982766 9.98859E-05 9.98859E-05 9.98859E-05
9.98421E-05 9.98421E-05 9.98421E-05 9.98421E-05 9.98421E-05 9.98421E-05 9.98421E-05 9.98421E-05 9.98421E-05 9.98421E-05 9.98421E-05 0.984979 9.98421E-05 9.98421E-05 9.98421E-05 9.98421E-05 9.98421E-05 0.0132236 9.98421E-05 9.98421E-05
9.98684E-05 9.98684E-05 9.98684E-05 0.0481667 0.572467 9.98684E-05 9.98684E-05 9.98684E-05 9.98684E-05 0.0712319 9.98684E-05 0.245126 9.98684E-05 0.0615095 9.98684E-05 9.98684E-05 9.98684E-05 9.98684E-05 9.98684E-05 9.98684E-05
9.98602E-05 9.98602E-05 9.98602E-05 0.0118625 0.815923 9.98602E-05 9.98602E-05 0.022452 9.98602E-05 9.98602E-05 9.98602E-05 9.98602E-05 0.0586479 9.98602E-05 9.98602E-05 9.98602E-05 0.0502695 0.0394475 9.98602E-05 9.98602E-05
9.98947E-05 9.98947E-05 9.98947E-05 0.121652 9.98947E-05 0.243286 9.98947E-05 9.98947E-05 9.98947E-05 0.0269988 9.98947E-05 0.335804 0.119418 9.98947E-05 0.141335 0.00103013 9.98947E-05 9.98947E-05 0.00927755 9.98947E-05
0.0759625 0.0376568 9.98946E-05 0.0829045 0.223263 0.202612 9.98946E-05 9.98946E-05 9.98946E-05 9.98946E-05 9.98946E-05 9.98946E-05 9.98946E-05 0.0851789 0.17228 9.98946E-05 9.98946E-05 0.118944 9.98946E-05 9.98946E-05
0.0840556 0.015618 9.98948E-05 0.0273497 9.98948E-05 9.98948E-05 9.98948E-05 0.117024 9.98948E-05 9.98948E-05 0.0886077 0.647534 9.98948E-05 0.00715726 9.98948E-05 9.98948E-05 0.0114548 9.98948E-05 9.98948E-05 9.98948E-05
9.9886E-05 9.9886E-05 0.12476 0.164432 0.163349 0.195315 0.163674 9.9886E-05 9.9886E-05 9.9886E-05 9.9886E-05 9.9886E-05 9.9886E-05 0.161018 0.0261537 9.9886E-05 9.9886E-05 9.9886E-05 9.9886E-05 9.9886E-05
9.9877E-05 0.00787375 9.9877E-05 0.15856 9.9877E-05 9.9877E-05 9.9877E-05 9.9877E-05 9.9877E-05 9.9877E-05 9.9877E-05 0.427309 9.9877E-05 0.130042 0.111279 0.163539 9.9877E-05 9.9877E-05 9.9877E-05 9.9877E-05
9.98509E-05 9.98509E-05 0.0617352 9.98509E-05 0.469544 9.98509E-05 9.98509E-05 9.98509E-05 9.98509E-05 9.98509E-05 9.98509E-05 0.467024 9.98509E-05 9.98509E-05 9.98509E-05 9.98509E-05 9.98509E-05 9.98509E-05 9.98509E-05 9.98509E-05
0.0390904 9.99035E-05 9.99035E-05 0.00760983 0.559696 9.99035E-05 9.99035E-05 9.99035E-05 0.0208105 9.99035E-05 9.99035E-05 9.99035E-05 9.99035E-05 0.0819792 0.0955295 9.99035E-05 0.0382868 0.134918 0.0209803 9.99035E-05
9.9886E-05 9.9886E-05 9.9886E-05 9.9886E-05 9.9886E-05 9.9886E-05 9.9886E-05 9.9886E-05 0.00985171 0.164465 9.9886E-05 0.307007 0.00029154 0.243959 0.144614 0.128512 9.9886E-05 9.9886E-05 9.9886E-05 9.9886E-05
9.98684E-05 9.98684E-05 9.98684E-05 0.162744 0.672433 0.11339 0.0414454 9.98684E-05 9.98684E-05 9.98684E-05 9.98684E-05 9.98684E-05 9.98684E-05 9.98684E-05 9.98684E-05 9.98684E-05 0.00848965 9.98684E-05 9.98684E-05 9.98684E-05
9.98771E-05 9.98771E-05 9.98771E-05 0.233296 0.409175 0.0158118 9.98771E-05 9.98771E-05 9.98771E-05 9.98771E-05 9.98771E-05 0.0115759 9.98771E-05 0.289228 9.98771E-05 9.98771E-05 9.98771E-05 9.98771E-05 0.039515 9.98771E-05
9.99034E-05 9.99034E-05 0.0948387 0.249557 0.237527 9.99034E-05 9.99034E-05 9.99034E-05 9.99034E-05 9.99034E-05 9.99034E-05 0.054471 0.147573 0.108968 0.0544458 9.99034E-05 0.018083 9.99034E-05 0.0334381 9.99034E-05
0.112721 9.98772E-05 9.98772E-05 0.0530058 9.98772E-05 9.98772E-05 9.98772E-05 9.98772E-05 0.000228619 9.98772E-05 9.98772E-05 0.74911 0.0251502 9.98772E-05 0.058386 9.98772E-05 9.98772E-05 9.98772E-05 9.98772E-05 9.98772E-05
9.98702E-05 9.98702E-05 9.98702E-05 0.0466208 9.98702E-05 9.98702E-05 0.12557 9.98702E-05 9.98702E-05 0.256966 9.98702E-05 0.0132969 0.296707 0.236958 9.98702E-05 9.98702E-05 9.98702E-05 0.0225831 9.98702E-05 9.98702E-05
0.114195 9.98684E-05 9.98684E-05 0.0982134 0.527331 9.98684E-05 9.98684E-05 9.98684E-05 9.98684E-05 9.98684E-05 9.98684E-05 0.226463 9.98684E-05 0.0322989 9.98684E-05 9.98684E-05 9.98684E-05 9.98684E-05 9.98684E-05 9.98684E-05
9.9886E-05 9.9886E-05 9.9886E-05 0.236422 0.520507 0.0117399 9.9886E-05 9.9886E-05 9.9886E-05 9.9886E-05 9.9886E-05 0.156193 0.0301032 0.0276065 9.9886E-05 9.9886E-05 9.9886E-05 9.9886E-05 0.0161288 9.9886E-05
9.98772E-05 0.0378844 9.98772E-05 0.0368115 0.355659 9.98772E-05 9.98772E-05 0.0475911 9.98772E-05 9.98772E-05 9.98772E-05 0.503225 9.98772E-05 9.98772E-05 0.017431 9.98772E-05 9.98772E-05 9.98772E-05 9.98772E-05 9.98772E-05
9.98858E-05 9.98858E-05 0.0596255 9.98858E-05 9.98858E-05 0.0459031 0.047709 9.98858E-05 9.98858E-05 9.98858E-05 9.98858E-05 0.702976 9.98858E-05 9.98858E-05 0.074647 0.0454043 9.98858E-05 9.98858E-05 0.0224367 9.98858E-05
9.98948E-05 9.98948E-05 9.98948E-05 0.0573061 0.345992 0.0254625 9.98948E-05 9.98948E-05 9.98948E-05 9.98948E-05 9.98948E-05 0.2531 0.193929 0.0341679 9.98948E-05 0.0481962 0.0406484 9.98948E-05 9.98948E-05 9.98948E-05
9.98885E-05 9.98885E-05 9.98885E-05 0.169885 0.356934 9.98885E-05 9.98885E-05 9.98885E-05 9.98885E-05 9.98885E-05 9.98885E-05 0.157127 0.0648771 0.119791 9.98885E-05 9.98885E-05 0.104113 0.0259743 9.98885E-05 9.98885E-05
9.98859E-05 9.98859E-05 9.98859E-05 0.108504 0.28083 9.98859E-05 0.0210324 9.98859E-05 9.98859E-05 9.98859E-05 9.98859E-05 0.258443 0.204534 0.110556 9.98859E-05 9.98859E-05 9.98859E-05 9.98859E-05 9.98859E-05 0.0148022
9.98773E-05 9.98773E-05 0.0510221 9.98773E-05 0.00535031 9.98773E-05 9.98773E-05 9.98773E-05 9.98773E-05 0.0645258 9.98773E-05 0.797765 9.98773E-05 9.98773E-05 9.98773E-05 0.0199657 0.0599728 9.98773E-05 9.98773E-05 9.98773E-05
0.0219458 9.98686E-05 0.0314809 9.98686E-05 9.98686E-05 9.98686E-05 9.98686E-05 9.98686E-05 9.98686E-05 0.22089 9.98686E-05 0.683419 9.98686E-05 9.98686E-05 9.98686E-05 9.98686E-05 9.98686E-05 9.98686E-05 0.0407672 9.98686E-05
9.98773E-05 9.98773E-05 9.98773E-05 9.98773E-05 0.664011 9.98773E-05 0.00329665 9.98773E-05 9.98773E-05 9.98773E-05 0.017268 0.191239 9.98773E-05 9.98773E-05 9.98773E-05 0.0892499 0.033537 9.98773E-05 9.98773E-05 9.98773E-05
9.98685E-05 9.98685E-05 0.00565297 0.0365661 0.738986 9.98685E-05 9.98685E-05 0.0701351 9.98685E-05 9.98685E-05 9.98685E-05 9.98685E-05 9.98685E-05 9.98685E-05 0.147162 9.98685E-05 9.98685E-05 9.98685E-05 9.98685E-05 9.98685E-05
9.99123E-05 9.99123E-05 9.99123E-05 0.0575663 9.99123E-05 9.99123E-05 9.99123E-05 0.0177828 0.0217716 0.0264391 0.120522 0.657675 0.0129239 0.0373777 0.0076392 0.039303 9.99123E-05 9.99123E-05 9.99123E-05 9.99123E-05
9.98859E-05 9.98859E-05 9.98859E-05 0.128233 0.576751 9.98859E-05 9.98859E-05 9.98859E-05 9.98859E-05 9.98859E-05 9.98859E-05 0.00244643 0.124489 0.0246524 9.98859E-05 0.0703003 9.98859E-05 0.0718294 9.98859E-05 9.98859E-05
9.98333E-05 9.98333E-05 9.98333E-05 9.98333E-05 9.98333E-05 9.98333E-05 9.98333E-05 9.98333E-05 9.98333E-05 9.98333E-05 9.98333E-05 0.998103 9.98333E-05 9.98333E-05 9.98333E-05 9.98333E-05 9.98333E-05 9.98333E-05 9.98333E-05 9.98333E-05
9.98596E-05 9.98596E-05 9.98596E-05 0.0225313 9.98596E-05 9.98596E-05 9.98596E-05 9.98596E-05 9.98596E-05 0.204509 9.98596E-05 0.647856 9.98596E-05 0.123506 9.98596E-05 9.98596E-05 9.98596E-05 9.98596E-05 9.98596E-05 9.98596E-05
9.98595E-05 9.98595E-05 9.98595E-05 9.98595E-05 0.708065 9.98595E-05 9.98595E-05 0.0506544 9.98595E-05 0.113982 9.98595E-05 0.125701 9.98595E-05 9.98595E-05 9.98595E-05 9.98595E-05 9.98595E-05 9.98595E-05 9.98595E-05 9.98595E-05
9.98859E-05 9.98859E-05 9.98859E-05 0.16715 9.98859E-05 0.113859 9.98859E-05 9.98859E-05 9.98859E-05 9.98859E-05 9.98859E-05 0.479659 9.98859E-05 0.107462 0.0829444 9.98859E-05 0.0208934 9.98859E-05 0.0267337 9.98859E-05
0.0729391 9.98684E-05 9.98684E-05 0.120294 0.32905 9.98684E-05 9.98684E-05 9.98684E-05 9.98684E-05 9.98684E-05 9.98684E-05 9.98684E-05 9.98684E-05 0.409668 9.98684E-05 0.066551 9.98684E-05 9.98684E-05 9.98684E-05 9.98684E-05
9.98595E-05 9.98595E-05 9.98595E-05 9.98595E-05 9.98595E-05 9.98595E-05 9.98595E-05 9.98595E-05 9.98595E-05 0.0341429 9.98595E-05 0.886187 9.98595E-05 0.0242729 9.98595E-05 0.053799 9.98595E-05 9.98595E-05 9.98595E-05 9.98595E-05
9.9842E-05 9.9842E-05 9.9842E-05 0.0136061 0.984597 9.9842E-05 9.9842E-05 9.9842E-05 9.9842E-05 9.9842E-05 9.9842E-05 9.9842E-05 9.9842E-05 9.9842E-05 9.9842E-05 9.9842E-05 9.9842E-05 9.9842E-05 9.9842E-05 9.9842E-05
9.9851E-05 9.9851E-05 9.9851E-05 0.00311074 9.9851E-05 0.00650494 9.9851E-05 9.9851E-05 9.9851E-05 9.9851E-05 9.9851E-05 0.988687 9.9851E-05 9.9851E-05 9.9851E-05 9.9851E-05 9.9851E-05 9.9851E-05 9.9851E-05 9.9851E-05
9.98502E-05 9.98502E-05 9.98502E-05 0.182794 0.610836 9.98502E-05 9.98502E-05 9.98502E-05 9.98502E-05 9.98502E-05 9.98502E-05 9.98502E-05 9.98502E-05 0.139736 9.98502E-05 0.0371752 0.0279613 9.98502E-05 9.98502E-05 9.98502E-05
9.98598E-05 9.98598E-05 9.98598E-05 9.98598E-05 0.848522 9.98598E-05 9.98598E-05 9.98598E-05 9.98598E-05 9.98598E-05 9.98598E-05 9.98598E-05 9.98598E-05 9.98598E-05 0.00646968 0.106621 9.98598E-05 9.98598E-05 9.98598E-05 0.0367893
0.0441442 0.011658 0.00948188 0.194394 0.372809 0.01136 9.99385E-05 9.99385E-05 9.99385E-05 0.0907242 9.99385E-05 9.99385E-05 0.0868391 0.000579367 0.0684853 9.99385E-05 0.0550458 0.0190477 0.034732 9.99385E-05
0.0257294 0.0542277 0.0770167 0.051565 0.67424 9.9886E-05 9.9886E-05 9.9886E-05 9.9886E-05 9.9886E-05 9.9886E-05 9.9886E-05 9.9886E-05 0.108023 0.00790063 9.9886E-05 9.9886E-05 9.9886E-05 9.9886E-05 9.9886E-05
9.98422E-05 9.98422E-05 9.98422E-05 9.98422E-05 9.98422E-05 9.98422E-05 0.0366483 9.98422E-05 9.98422E-05 9.98422E-05 9.98422E-05 0.961555 9.98422E-05 9.98422E-05 9.98422E-05 9.98422E-05 9.98422E-05 9.98422E-05 9.98422E-05 9.98422E-05
9.98801E-05 9.98801E-05 9.98801E-05 0.0257521 0.691444 0.0698453 9.98801E-05 9.98801E-05 0.0201061 9.98801E-05 9.98801E-05 9.98801E-05 0.0454328 0.0204347 9.98801E-05 9.98801E-05 9.98801E-05 0.0792815 9.98801E-05 0.0465046
9.98861E-05 9.98861E-05 9.98861E-05 0.10189 0.221097 0.00821994 9.98861E-05 9.98861E-05 0.0123194 9.98861E-05 9.98861E-05 0.631181 9.98861E-05 9.98861E-05 9.98861E-05 0.0161071 9.98861E-05 9.98861E-05 0.00788776 9.98861E-05
9.9851E-05 9.9851E-05 0.03604 9.9851E-05 9.9851E-05 9.9851E-05 9.9851E-05 9.9851E-05 9.9851E-05 9.9851E-05 9.9851E-05 0.836437 0.125826 9.9851E-05 9.9851E-05 9.9851E-05 9.9851E-05 9.9851E-05 9.9851E-05 9.9851E-05
9.98683E-05 9.98683E-05 9.98683E-05 9.98683E-05 9.98683E-05 9.98683E-05 0.0717415 9.98683E-05 9.98683E-05 9.98683E-05 0.0413954 0.809178 9.98683E-05 0.0351323 9.98683E-05 0.0410543 9.98683E-05 9.98683E-05 9.98683E-05 9.98683E-05
0.063133 9.98684E-05 9.98684E-05 0.0269489 0.77033 9.98684E-05 9.98684E-05 9.98684E-05 9.98684E-05 9.98684E-05 9.98684E-05 0.120641 9.98684E-05 0.01745 9.98684E-05 9.98684E-05 9.98684E-05 9.98684E-05 9.98684E-05 9.98684E-05
9.98419E-05 9.98419E-05 9.98419E-05 9.98419E-05 0.994986 9.98419E-05 9.98419E-05 9.98419E-05 9.98419E-05 9.98419E-05 9.98419E-05 9.98419E-05 9.98419E-05 9.98419E-05 9.98419E-05 9.98419E-05 9.98419E-05 9.98419E-05 9.98419E-05 0.00321706
9.98946E-05 9.98946E-05 9.98946E-05 0.0836463 9.98946E-05 0.753286 0.0160147 9.98946E-05 9.98946E-05 9.98946E-05 0.0299362 9.98946E-05 9.98946E-05 0.0727523 0.00575409 9.98946E-05 0.0176027 9.98946E-05 9.98946E-05 0.0198085
0.0232158 9.9851E-05 9.9851E-05 9.9851E-05 9.9851E-05 0.970061 9.9851E-05 9.9851E-05 9.9851E-05 9.9851E-05 9.9851E-05 9.9851E-05 9.9851E-05 9.9851E-05 9.9851E-05 9.9851E-05 9.9851E-05 9.9851E-05 0.00502562 9.9851E-05
9.98596E-05 9.98596E-05 9.98596E-05 9.98596E-05 9.98596E-05 0.956142 0.0180128 9.98596E-05 9.98596E-05 9.98596E-05 9.98596E-05 9.98596E-05 9.98596E-05 9.98596E-05 9.98596E-05 9.98596E-05 0.021967 9.98596E-05 9.98596E-05 0.00228092
9.98772E-05 9.98772E-05 9.98772E-05 0.0762317 9.98772E-05 0.23061 9.98772E-05 9.98772E-05 9.98772E-05 9.98772E-05 0.334552 9.98772E-05 0.208175 9.98772E-05 0.0709415 9.98772E-05 9.98772E-05 9.98772E-05 9.98772E-05 0.0780915
9.99033E-05 9.99033E-05 0.04553 0.0300585 9.99033E-05 0.688323 0.0281574 9.99033E-05 9.99033E-05 9.99033E-05 9.99033E-05 9.99033E-05 9.99033E-05 0.106614 0.0535248 0.0258341 0.0169044 9.99033E-05 9.99033E-05 0.00395522
9.98681E-05 0.0277899 9.98681E-05 0.185388 9.98681E-05 0.639048 9.98681E-05 9.98681E-05 9.98681E-05 9.98681E-05 9.98681E-05 9.98681E-05 9.98681E-05 0.132633 0.0136426 9.98681E-05 9.98681E-05 9.98681E-05 9.98681E-05 9.98681E-05
0.0154564 9.98683E-05 9.98683E-05 0.0982646 9.98683E-05 0.540213 9.98683E-05 9.98683E-05 9.98683E-05 9.98683E-05 0.337252 9.98683E-05 9.98683E-05 9.98683E-05 9.98683E-05 9.98683E-05 0.00731591 9.98683E-05 9.98683E-05 9.98683E-05
9.98857E-05 9.98857E-05 9.98857E-05 0.10574 9.98857E-05 0.523461 0.169252 9.98857E-05 9.98857E-05 9.98857E-05 0.0644283 9.98857E-05 0.101759 9.98857E-05 0.0250954 0.00896554 9.98857E-05 9.98857E-05 9.98857E-05 9.98857E-05
9.98596E-05 9.98596E-05 9.98596E-05 9.98596E-05 9.98596E-05 0.83644 9.98596E-05 9.98596E-05 9.98596E-05 9.98596E-05 0.0312902 9.98596E-05 9.98596E-05 9.98596E-05 9.98596E-05 9.98596E-05 9.98596E-05 9.98596E-05 0.0959068 0.0347657
9.9842E-05 9.9842E-05 9.9842E-05 9.9842E-05 9.9842E-05 0.983745 9.9842E-05 9.9842E-05 9.9842E-05 9.9842E-05 9.9842E-05 9.9842E-05 9.9842E-05 9.9842E-05 9.9842E-05 9.9842E-05 0.0144579 9.9842E-05 9.9842E-05 9.9842E-05
9.98593E-05 9.98593E-05 9.98593E-05 0.244799 9.98593E-05 0.558655 9.98593E-05 9.98593E-05 9.98593E-05 9.98593E-05 9.98593E-05 9.98593E-05 9.98593E-05 9.98593E-05 0.0214296 9.98593E-05 0.173518 9.98593E-05 9.98593E-05 9.98593E-05
9.99034E-05 0.0924401 9.99034E-05 0.0939921 9.99034E-05 0.40939 9.99034E-05 9.99034E-05 9.99034E-05 9.99034E-05 0.0457341 9.99034E-05 9.99034E-05 0.183639 9.99034E-05 0.0741377 0.0364822 0.0518159 9.99034E-05 0.0112703
9.98945E-05 0.145229 0.0055538 9.98945E-05 9.98945E-05 0.485866 9.98945E-05 9.98945E-05 0.123089 9.98945E-05 9.98945E-05 9.98945E-05 0.0681064 9.98945E-05 0.127097 9.98945E-05 0.0377995 0.00606074 9.98945E-05 9.98945E-05
9.98682E-05 9.98682E-05 9.98682E-05 0.194838 9.98682E-05 0.501366 9.98682E-05 9.98682E-05 9.98682E-05 9.98682E-05 0.0990952 9.98682E-05 9.98682E-05 0.16706 9.98682E-05 0.0361434 9.98682E-05 9.98682E-05 9.98682E-05 9.98682E-05
9.98599E-05 9.98599E-05 9.98599E-05 9.98599E-05 9.98599E-05 0.882488 9.98599E-05 9.98599E-05 9.98599E-05 0.0679732 9.98599E-05 9.98599E-05 9.98599E-05 9.98599E-05 9.98599E-05 9.98599E-05 0.0127646 0.0351768 9.98599E-05 9.98599E-05
9.98423E-05 9.98423E-05 9.98423E-05 9.98423E-05 9.98423E-05 0.988735 9.98423E-05 9.98423E-05 9.98423E-05 9.98423E-05 9.98423E-05 9.98423E-05 9.98423E-05 9.98423E-05 0.00946773 9.98423E-05 9.98423E-05 9.98423E-05 9.98423E-05 9.98423E-05
9.9877E-05 9.9877E-05 9.9877E-05 0.010838 9.9877E-05 0.653579 0.000306678 9.9877E-05 9.9877E-05 9.9877E-05 9.9877E-05 9.9877E-05 0.067885 9.9877E-05 9.9877E-05 0.243406 9.9877E-05 9.9877E-05 9.9877E-05 0.0225871
0.0228852 0.0444568 9.98858E-05 9.98858E-05 9.98858E-05 0.592497 9.98858E-05 9.98858E-05 9.98858E-05 9.98858E-05 9.98858E-05 9.98858E-05 9.98858E-05 0.0751767 0.0408909 0.112651 0.110144 9.98858E-05 9.98858E-05 9.98858E-05
9.98596E-05 9.98596E-05 9.98596E-05 0.0372181 9.98596E-05 0.859177 0.0436808 9.98596E-05 9.98596E-05 9.98596E-05 9.98596E-05 9.98596E-05 9.98596E-05 9.98596E-05 9.98596E-05 0.058326 9.98596E-05 9.98596E-05 9.98596E-05 9.98596E-05
9.98681E-05 9.98681E-05 9.98681E-05 0.14122 9.98681E-05 0.554058 9.98681E-05 9.98681E-05 9.98681E-05 0.203334 9.98681E-05 9.98681E-05 9.98681E-05 9.98681E-05 9.98681E-05 9.98681E-05 0.0583397 0.0415503 9.98681E-05 9.98681E-05
9.98336E-05 9.98336E-05 9.98336E-05 9.98336E-05 9.98336E-05 0.998103 9.98336E-05 9.98336E-05 9.98336E-05 9.98336E-05 9.98336E-05 9.98336E-05 9.98336E-05 9.98336E-05 9.98336E-05 9.98336E-05 9.98336E-05 9.98336E-05 9.98336E-05 9.98336E-05
9.98594E-05 9.98594E-05 9.98594E-05 0.0651267 9.98594E-05 0.654426 9.98594E-05 9.98594E-05 9.98594E-05 9.98594E-05 9.98594E-05 9.98594E-05 9.98594E-05 0.249266 9.98594E-05 0.0295835 9.98594E-05 9.98594E-05 9.98594E-05 9.98594E-05
9.98685E-05 9.98685E-05 9.98685E-05 9.98685E-05 9.98685E-05 0.648602 9.98685E-05 9.98685E-05 9.98685E-05 0.0703999 0.041979 9.98685E-05 0.231391 0.00613035 9.98685E-05 9.98685E-05 9.98685E-05 9.98685E-05 9.98685E-05 9.98685E-05
9.98771E-05 9.98771E-05 9.98771E-05 9.98771E-05 9.98771E-05 0.590007 0.0367931 9.98771E-05 9.98771E-05 9.98771E-05 9.98771E-05 9.98771E-05 0.0944521 9.98771E-05 0.0325207 0.180658 0.0641701 9.98771E-05 9.98771E-05 9.98771E-05
9.98506E-05 0.0874097 9.98506E-05 9.98506E-05 9.98506E-05 0.825069 9.98506E-05 9.98506E-05 9.98506E-05 9.98506E-05 9.98506E-05 9.98506E-05 9.98506E-05 9.98506E-05 9.98506E-05 9.98506E-05 0.0858235 9.98506E-05 9.98506E-05 9.98506E-05
9.9851E-05 9.9851E-05 9.9851E-05 0.00800731 9.9851E-05 0.973528 9.9851E-05 9.9851E-05 9.9851E-05 9.9851E-05 9.9851E-05 9.9851E-05 9.9851E-05 9.9851E-05 0.0167672 9.9851E-05 9.9851E-05 9.9851E-05 9.9851E-05 9.9851E-05
9.98334E-05 9.98334E-05 9.98334E-05 9.98334E-05 9.98334E-05 0.998103 9.98334E-05 9.98334E-05 9.98334E-05 9.98334E-05 9.98334E-05 9.98334E-05 9.98334E-05 9.98334E-05 9.98334E-05 9.98334E-05 9.98334E-05 9.98334E-05 9.98334E-05 9.98334E-05
9.98334E-05 9.98334E-05 9.98334E-05 9.98334E-05 9.98334E-05 0.998103 9.98334E-05 9.98334E-05 9.98334E-05 9.98334E-05 9.98334E-05 9.98334E-05 9.98334E-05 9.98334E-05 9.98334E-05 9.98334E-05 9.98334E-05 9.98334E-05 9.98334E-05 9.98334E-05
9.98597E-05 0.0111637 9.98597E-05 9.98597E-05 9.98597E-05 0.870002 0.11569 9.98597E-05 9.98597E-05 9.98597E-05 9.98597E-05 9.98597E-05 9.98597E-05 9.98597E-05 0.00154626 9.98597E-05 9.98597E-05 9.98597E-05 9.98597E-05 9.98597E-05
9.98598E-05 9.98598E-05 9.98598E-05 0.111421 9.98598E-05 0.711028 9.98598E-05 0.120828 9.98598E-05 9.98598E-05 9.98598E-05 9.98598E-05 9.98598E-05 9.98598E-05 0.0551257 9.98598E-05 9.98598E-05 9.98598E-05 9.98598E-05 9.98598E-05
9.98509E-05 9.98509E-05 9.98509E-05 0.152295 9.98509E-05 9.98509E-05 9.98509E-05 9.98509E-05 9.98509E-05 9.98509E-05 9.98509E-05 9.98509E-05 0.730627 9.98509E-05 0.11538 9.98509E-05 9.98509E-05 9.98509E-05 9.98509E-05 9.98509E-05
9.98509E-05 9.98509E-05 9.98509E-05 9.98509E-05 9.98509E-05 9.98509E-05 9.98509E-05 0.438542 9.98509E-05 9.98509E-05 9.98509E-05 9.98509E-05 0.552198 9.98509E-05 0.00756279 9.98509E-05 9.98509E-05 9.98509E-05 9.98509E-05 9.98509E-05
9.98785E-05 0.0675729 9.98785E-05 0.0820731 9.98785E-05 9.98785E-05 0.0118737 9.98785E-05 9.98785E-05 9.98785E-05 9.98785E-05 9.98785E-05 0.778072 9.98785E-05 0.0221351 9.98785E-05 0.0368746 9.98785E-05 9.98785E-05 9.98785E-05
9.98683E-05 9.98683E-05 0.0106684 0.103676 9.98683E-05 9.98683E-05 0.0365602 9.98683E-05 9.98683E-05 9.98683E-05 9.98683E-05 9.98683E-05 0.831732 9.98683E-05 9.98683E-05 9.98683E-05 0.0158662 9.98683E-05 9.98683E-05 9.98683E-05
9.98506E-05 0.00411076 9.98506E-05 9.98506E-05 9.98506E-05 9.98506E-05 9.98506E-05 9.98506E-05 9.98506E-05 9.98506E-05 9.98506E-05 9.98506E-05 0.932017 9.98506E-05 0.0621746 9.98506E-05 9.98506E-05 9.98506E-05 9.98506E-05 9.98506E-05
0.0601409 9.98772E-05 9.98772E-05 0.208531 9.98772E-05 9.98772E-05 9.98772E-05 0.0102876 9.98772E-05 9.98772E-05 0.106807 9.98772E-05 0.491315 9.98772E-05 0.12152 9.98772E-05 9.98772E-05 9.98772E-05 9.98772E-05 9.98772E-05
9.98684E-05 9.98684E-05 9.98684E-05 0.0935893 9.98684E-05 9.98684E-05 0.0613057 9.98684E-05 9.98684E-05 9.98684E-05 9.98684E-05 9.98684E-05 0.673896 0.0703426 0.099368 9.98684E-05 9.98684E-05 9.98684E-05 9.98684E-05 9.98684E-05
9.98508E-05 9.98508E-05 9.98508E-05 0.0118246 9.98508E-05 9.98508E-05 9.98508E-05 9.98508E-05 9.98508E-05 9.98508E-05 9.98508E-05 9.98508E-05 0.817022 9.98508E-05 0.169456 9.98508E-05 9.98508E-05 9.98508E-05 9.98508E-05 9.98508E-05
9.98945E-05 0.0159527 9.98945E-05 0.0247283 9.98945E-05 9.98945E-05 9.98945E-05 9.98945E-05 9.98945E-05 0.0946764 0.191792 9.98945E-05 0.311385 0.0482724 0.292187 9.98945E-05 0.0198073 9.98945E-05 9.98945E-05 9.98945E-05
0.0397346 9.98596E-05 9.98596E-05 0.288818 9.98596E-05 9.98596E-05 9.98596E-05 9.98596E-05 9.98596E-05 9.98596E-05 9.98596E-05 9.98596E-05 0.430606 9.98596E-05 0.239244 9.98596E-05 9.98596E-05 9.98596E-05 9.98596E-05 9.98596E-05
9.98772E-05 9.98772E-05 9.98772E-05 0.047308 9.98772E-05 9.98772E-05 9.98772E-05 0.158301 9.98772E-05 0.0075049 0.300599 9.98772E-05 0.458553 9.98772E-05 9.98772E-05 9.98772E-05 0.0263364 9.98772E-05 9.98772E-05 9.98772E-05
9.98772E-05 9.98772E-05 0.00371507 0.164292 0.000324533 9.98772E-05 9.98772E-05 0.131476 9.98772E-05 9.98772E-05 0.0846161 9.98772E-05 0.614178 9.98772E-05 9.98772E-05 9.98772E-05 9.98772E-05 9.98772E-05 9.98772E-05 9.98772E-05
9.98423E-05 9.98423E-05 9.98423E-05 9.98423E-05 9.98423E-05 9.98423E-05 9.98423E-05 9.98423E-05 9.98423E-05 9.98423E-05 9.98423E-05 9.98423E-05 0.929396 9.98423E-05 0.0688072 9.98423E-05 9.98423E-05 9.98423E-05 9.98423E-05 9.98423E-05
9.98686E-05 9.98686E-05 9.98686E-05 0.173058 9.98686E-05 9.98686E-05 9.98686E-05 0.0292204 9.98686E-05 9.98686E-05 9.98686E-05 9.98686E-05 0.620761 9.98686E-05 0.170034 9.98686E-05 9.98686E-05 9.98686E-05 0.00542792 9.98686E-05
9.98772E-05 0.0296542 9.98772E-05 9.98772E-05 9.98772E-05 9.98772E-05 0.168244 0.0377212 9.98772E-05 9.98772E-05 0.0387448 9.98772E-05 0.688385 9.98772E-05 0.0358523 9.98772E-05 9.98772E-05 9.98772E-05 9.98772E-05 9.98772E-05
0.0213323 9.99035E-05 9.99035E-05 0.118199 9.99035E-05 9.99035E-05 9.99035E-05 0.00741045 9.99035E-05 0.100104 0.00904216 9.99035E-05 0.59978 9.99035E-05 0.0779384 9.99035E-05 0.0465617 9.99035E-05 9.99035E-05 0.0185329
9.98595E-05 9.98595E-05 0.0377111 0.143689 9.98595E-05 9.98595E-05 9.98595E-05 9.98595E-05 9.98595E-05 9.98595E-05 0.251621 9.98595E-05 0.565381 9.98595E-05 9.98595E-05 9.98595E-05 9.98595E-05 9.98595E-05 9.98595E-05 9.98595E-05
0.045693 9.98861E-05 9.98861E-05 9.98861E-05 9.98861E-05 9.98861E-05 9.98861E-05 0.0116012 0.0852774 0.0427919 9.98861E-05 9.98861E-05 0.672026 9.98861E-05 0.0796229 9.98861E-05 9.98861E-05 9.98861E-05 9.98861E-05 0.0616889
9.98502E-05 9.98502E-05 9.98502E-05 9.98502E-05 9.98502E-05 9.98502E-05 9.98502E-05 9.98502E-05 9.98502E-05 9.98502E-05 0.0105647 9.98502E-05 0.879554 0.037345 0.0634232 9.98502E-05 0.00761552 9.98502E-05 9.98502E-05 9.98502E-05
0.0109927 9.98859E-05 0.0795427 0.0836627 9.98859E-05 9.98859E-05 9.98859E-05 0.198518 9.98859E-05 0.119635 9.98859E-05 9.98859E-05 0.426177 9.98859E-05 0.0801741 9.98859E-05 9.98859E-05 9.98859E-05 9.98859E-05 9.98859E-05
0.00774494 9.98772E-05 9.98772E-05 0.0799581 9.98772E-05 9.98772E-05 9.98772E-05 9.98772E-05 0.00127815 9.98772E-05 0.168734 9.98772E-05 0.726019 9.98772E-05 0.0148675 9.98772E-05 9.98772E-05 9.98772E-05 9.98772E-05 9.98772E-05
9.98502E-05 9.98502E-05 9.98502E-05 0.01644 9.98502E-05 9.98502E-05 0.0167905 9.98502E-05 9.98502E-05 9.98502E-05 9.98502E-05 9.98502E-05 0.924664 9.98502E-05 0.0183634 9.98502E-05 0.0222446 9.98502E-05 9.98502E-05 9.98502E-05
9.98771E-05 9.98771E-05 0.0686461 0.182454 9.98771E-05 9.98771E-05 9.98771E-05 9.98771E-05 9.98771E-05 9.98771E-05 0.0800077 9.98771E-05 0.442159 9.98771E-05 0.204268 0.0210671 9.98771E-05 9.98771E-05 9.98771E-05 9.98771E-05
9.98509E-05 9.98509E-05 9.98509E-05 9.98509E-05 9.98509E-05 9.98509E-05 9.98509E-05 0.119273 9.98509E-05 9.98509E-05 9.98509E-05 9.98509E-05 0.699686 9.98509E-05 0.179343 9.98509E-05 9.98509E-05 9.98509E-05 9.98509E-05 9.98509E-05
9.98771E-05 9.98771E-05 9.98771E-05 0.15333 9.98771E-05 9.98771E-05 9.98771E-05 9.98771E-05 9.98771E-05 9.98771E-05 0.0687707 9.98771E-05 0.48868 9.98771E-05 0.229002 9.98771E-05 0.0126306 9.98771E-05 0.0461891 9.98771E-05
9.98947E-05 0.0295148 9.98947E-05 0.143 9.98947E-05 0.0403789 9.98947E-05 0.246678 9.98947E-05 9.98947E-05 0.0170111 9.98947E-05 0.33845 9.98947E-05 0.155581 9.98947E-05 9.98947E-05 0.0281878 9.98947E-05 9.98947E-05
9.98702E-05 0.0112654 0.034008 0.0973131 9.98702E-05 9.98702E-05 9.98702E-05 0.516188 9.98702E-05 9.98702E-05 9.98702E-05 9.98702E-05 0.221378 9.98702E-05 9.98702E-05 9.98702E-05 9.98702E-05 9.98702E-05 0.107969 0.0105804
9.98506E-05 9.98506E-05 9.98506E-05 0.1426 9.98506E-05 9.98506E-05 9.98506E-05 9.98506E-05 9.98506E-05 9.98506E-05 9.98506E-05 9.98506E-05 0.818225 9.98506E-05 0.0374777 9.98506E-05 9.98506E-05 9.98506E-05 9.98506E-05 9.98506E-05
9.98597E-05 9.98597E-05 9.98597E-05 0.167445 9.98597E-05 9.98597E-05 9.98597E-05 9.98597E-05 9.98597E-05 9.98597E-05 0.0325678 9.98597E-05 0.545905 9.98597E-05 0.252485 9.98597E-05 9.98597E-05 9.98597E-05 9.98597E-05 9.98597E-05
9.98597E-05 9.98597E-05 0.0689788 0.150343 9.98597E-05 9.98597E-05 9.98597E-05 0.0128049 9.98597E-05 9.98597E-05 9.98597E-05 9.98597E-05 0.766276 9.98597E-05 9.98597E-05 9.98597E-05 9.98597E-05 9.98597E-05 9.98597E-05 9.98597E-05
9.98685E-05 9.98685E-05 9.98685E-05 0.17866 9.98685E-05 9.98685E-05 9.98685E-05 9.98685E-05 9.98685E-05 9.98685E-05 0.0144763 9.98685E-05 0.710059 9.98685E-05 0.0266401 9.98685E-05 0.0686668 9.98685E-05 9.98685E-05 9.98685E-05
9.98508E-05 9.98508E-05 9.98508E-05 0.00525901 9.98508E-05 9.98508E-05 9.98508E-05 9.98508E-05 9.98508E-05 9.98508E-05 9.98508E-05 9.98508E-05 0.967502 9.98508E-05 9.98508E-05 9.98508E-05 9.98508E-05 0.0255415 9.98508E-05 9.98508E-05
9.98602E-05 9.98602E-05 0.097106 0.125395 9.98602E-05 9.98602E-05 0.026327 9.98602E-05 0.106135 9.98602E-05 9.98602E-05 9.98602E-05 0.383901 9.98602E-05 0.259737 9.98602E-05 9.98602E-05 9.98602E-05 9.98602E-05 9.98602E-05
9.98595E-05 9.98595E-05 9.98595E-05 0.0896932 9.98595E-05 9.98595E-05 9.98595E-05 9.98595E-05 9.98595E-05 9.98595E-05 9.98595E-05 9.98595E-05 0.828405 0.0615628 0.0187415 9.98595E-05 9.98595E-05 9.98595E-05 9.98595E-05 9.98595E-05
0.0421425 9.98422E-05 9.98422E-05 9.98422E-05 9.98422E-05 9.98422E-05 9.98422E-05 9.98422E-05 9.98422E-05 9.98422E-05 9.98422E-05 9.98422E-05 0.95606 9.98422E-05 9.98422E-05 9.98422E-05 9.98422E-05 9.98422E-05 9.98422E-05 9.98422E-05
0.0873865 0.0289535 9.98771E-05 9.98771E-05 9.98771E-05 9.98771E-05 9.98771E-05 0.091867 9.98771E-05 0.172494 9.98771E-05 9.98771E-05 0.593741 9.98771E-05 0.0241598 9.98771E-05 9.98771E-05 9.98771E-05 9.98771E-05 9.98771E-05
9.98683E-05 0.0368492 9.98683E-05 0.177617 9.98683E-05 9.98683E-05 9.98683E-05 9.98683E-05 9.98683E-05 9.98683E-05 9.98683E-05 9.98683E-05 0.680596 9.98683E-05 0.0547538 9.98683E-05 0.0486855 9.98683E-05 9.98683E-05 9.98683E-05
0.00830965 9.98683E-05 9.98683E-05 9.98683E-05 9.98683E-05 9.98683E-05 9.98683E-05 0.383608 0.0583554 9.98683E-05 9.98683E-05 9.98683E-05 0.498522 9.98683E-05 0.049707 9.98683E-05 9.98683E-05 9.98683E-05 9.98683E-05 9.98683E-05
9.98597E-05 9.98597E-05 9.98597E-05 0.113123 9.98597E-05 9.98597E-05 9.98597E-05 0.299967 9.98597E-05 9.98597E-05 9.98597E-05 9.98597E-05 0.566933 9.98597E-05 9.98597E-05 9.98597E-05 0.0183794 9.98597E-05 9.98597E-05 9.98597E-05
9.98423E-05 9.98423E-05 9.98423E-05 9.98423E-05 9.98423E-05 9.98423E-05 9.98423E-05 0.240522 9.98423E-05 9.98423E-05 9.98423E-05 9.98423E-05 0.757681 9.98423E-05 9.98423E-05 9.98423E-05 9.98423E-05 9.98423E-05 9.98423E-05 9.98423E-05
9.98861E-05 9.98861E-05 0.0351349 9.98861E-05 9.98861E-05 9.98861E-05 0.070272 0.393231 9.98861E-05 9.98861E-05 0.0262405 9.98861E-05 0.420627 9.98861E-05 0.0461715 9.98861E-05 9.98861E-05 0.00702534 9.98861E-05 9.98861E-05
9.98596E-05 9.98596E-05 9.98596E-05 0.291313 9.98596E-05 9.98596E-05 9.98596E-05 9.98596E-05 9.98596E-05 9.98596E-05 0.0967627 9.98596E-05 0.528178 9.98596E-05 0.0821494 9.98596E-05 9.98596E-05 9.98596E-05 9.98596E-05 9.98596E-05
9.98596E-05 9.98596E-05 9.98596E-05 9.98596E-05 9.98596E-05 9.98596E-05 9.98596E-05 9.98596E-05 0.0475683 9.98596E-05 9.98596E-05 9.98596E-05 0.71053 0.0945442 0.14576 9.98596E-05 9.98596E-05 9.98596E-05 9.98596E-05 9.98596E-05
9.98684E-05 9.98684E-05 0.0636935 0.0746276 9.98684E-05 9.98684E-05 9.98684E-05 0.541485 9.98684E-05 9.98684E-05 9.98684E-05 9.98684E-05 0.109624 9.98684E-05 0.209072 9.98684E-05 9.98684E-05 9.98684E-05 9.98684E-05 9.98684E-05
9.98509E-05 9.98509E-05 9.98509E-05 0.0627315 9.98509E-05 9.98509E-05 9.98509E-05 0.434759 9.98509E-05 9.98509E-05 9.98509E-05 9.98509E-05 0.500812 9.98509E-05 9.98509E-05 9.98509E-05 9.98509E-05 9.98509E-05 9.98509E-05 9.98509E-05
9.98857E-05 9.98857E-05 0.115456 0.0190192 9.98857E-05 9.98857E-05 0.0199256 9.98857E-05 9.98857E-05 9.98857E-05 0.165965 9.98857E-05 0.493934 0.0387875 0.145615 9.98857E-05 9.98857E-05 9.98857E-05 9.98857E-05 9.98857E-05
9.98947E-05 0.0201554 9.98947E-05 0.0808792 9.98947E-05 0.204434 9.98947E-05 0.0709315 9.98947E-05 0.048898 9.98947E-05 9.98947E-05 0.466581 9.98947E-05 0.102576 9.98947E-05 0.00434712 9.98947E-05 9.98947E-05 9.98947E-05
9.9886E-05 0.0386701 9.9886E-05 9.9886E-05 9.9886E-05 9.9886E-05 9.9886E-05 9.9886E-05 9.9886E-05 0.0215865 0.215888 9.9886E-05 0.484419 0.103635 9.9886E-05 9.9886E-05 9.9886E-05 0.0666226 0.0678805 9.9886E-05
9.98702E-05 9.98702E-05 9.98702E-05 0.176098 9.98702E-05 9.98702E-05 9.98702E-05 9.98702E-05 9.98702E-05 0.00871149 9.98702E-05 9.98702E-05 0.456319 0.0130373 0.255329 9.98702E-05 0.00848202 9.98702E-05 0.0807249 9.98702E-05
9.98422E-05 9.98422E-05 9.98422E-05 9.98422E-05 9.98422E-05 9.98422E-05 9.98422E-05 0.459132 9.98422E-05 9.98422E-05 9.98422E-05 9.98422E-05 0.539071 9.98422E-05 9.98422E-05 9.98422E-05 9.98422E-05 9.98422E-05 9.98422E-05 9.98422E-05
0.166153 9.98595E-05 9.98595E-05 0.0966629 9.98595E-05 9.98595E-05 9.98595E-05 9.98595E-05 9.98595E-05 9.98595E-05 9.98595E-05 9.98595E-05 0.719745 9.98595E-05 9.98595E-05 9.98595E-05 9.98595E-05 9.98595E-05 9.98595E-05 0.0158418
9.98772E-05 9.98772E-05 9.98772E-05 0.0283617 9.98772E-05 0.0124659 9.98772E-05 0.478178 9.98772E-05 9.98772E-05 0.0222162 9.98772E-05 0.345867 9.98772E-05 0.111513 9.98772E-05 9.98772E-05 9.98772E-05 9.98772E-05 9.98772E-05
9.9886E-05 0.00897125 9.9886E-05 0.135615 9.9886E-05 9.9886E-05 9.9886E-05 0.165672 9.9886E-05 0.00859208 9.9886E-05 9.9886E-05 0.523261 9.9886E-05 0.111393 9.9886E-05 0.0451981 9.9886E-05 9.9886E-05 9.9886E-05
9.98596E-05 9.98596E-05 9.98596E-05 9.98596E-05 9.98596E-05 9.98596E-05 0.00774207 9.98596E-05 9.98596E-05 9.98596E-05 9.98596E-05 9.98596E-05 0.802602 9.98596E-05 0.0782274 9.98596E-05 9.98596E-05 0.10983 9.98596E-05 9.98596E-05
9.98403E-05 9.98403E-05 9.98403E-05 9.98403E-05 9.98403E-05 9.98403E-05 0.0245585 9.98403E-05 9.98403E-05 9.98403E-05 9.98403E-05 9.98403E-05 0.904328 0.0498077 9.98403E-05 9.98403E-05 0.0197088 9.98403E-05 9.98403E-05 9.98403E-05
9.98594E-05 9.98594E-05 9.98594E-05 0.140767 9.98594E-05 9.98594E-05 9.98594E-05 9.98594E-05 9.98594E-05 9.98594E-05 0.255424 9.98594E-05 0.402477 9.98594E-05 0.199735 9.98594E-05 9.98594E-05 9.98594E-05 9.98594E-05 9.98594E-05
9.98507E-05 9.98507E-05 9.98507E-05 0.0847886 9.98507E-05 9.98507E-05 9.98507E-05 9.98507E-05 9.98507E-05 9.98507E-05 9.98507E-05 9.98507E-05 0.755703 9.98507E-05 0.157811 9.98507E-05 9.98507E-05 9.98507E-05 9.98507E-05 9.98507E-05
9.98507E-05 9.98507E-05 9.98507E-05 9.98507E-05 9.98507E-05 9.98507E-05 9.98507E-05 9.98507E-05 9.98507E-05 9.98507E-05 9.98507E-05 9.98507E-05 0.976135 9.98507E-05 0.0162236 9.98507E-05 0.00594378 9.98507E-05 9.98507E-05 9.98507E-05
9.98772E-05 9.98772E-05 0.0699288 0.114014 9.98772E-05 9.98772E-05 0.0108559 0.0232993 9.98772E-05 9.98772E-05 9.98772E-05 9.98772E-05 0.780167 9.98772E-05 9.98772E-05 9.98772E-05 9.98772E-05 0.000336431 9.98772E-05 9.98772E-05
9.98684E-05 9.98684E-05 9.98684E-05 0.00421995 9.98684E-05 9.98684E-05 9.98684E-05 0.0634615 9.98684E-05 9.98684E-05 0.0698902 9.98684E-05 0.719195 9.98684E-05 0.141736 9.98684E-05 9.98684E-05 9.98684E-05 9.98684E-05 9.98684E-05
9.98419E-05 9.98419E-05 0.0131688 0.985034 9.98419E-05 9.98419E-05 9.98419E-05 9.98419E-05 9.98419E-05 9.98419E-05 9.98419E-05 9.98419E-05 9.98419E-05 9.98419E-05 9.98419E-05 9.98419E-05 9.98419E-05 9.98419E-05 9.98419E-05 9.98419E-05
9.9833E-05 9.9833E-05 9.9833E-05 9.9833E-05 9.9833E-05 9.9833E-05 9.9833E-05 9.9833E-05 9.9833E-05 9.9833E-05 9.9833E-05 9.9833E-05 9.9833E-05 9.9833E-05 0.998103 9.9833E-05 9.9833E-05 9.9833E-05 9.9833E-05 9.9833E-05
9.9833E-05 9.9833E-05 9.9833E-05 0.998103 9.9833E-05 9.9833E-05 9.9833E-05 9.9833E-05 9.9833E-05 9.9833E-05 9.9833E-05 9.9833E-05 9.9833E-05 9.9833E-05 9.9833E-05 9.9833E-05 9.9833E-05 9.9833E-05 9.9833E-05 9.9833E-05
9.98329E-05 9.98329E-05 9.98329E-05 9.98329E-05 9.98329E-05 9.98329E-05 9.98329E-05 9.98329E-05 9.98329E-05 9.98329E-05 9.98329E-05 9.98329E-05 9.98329E-05 9.98329E-05 0.998103 9.98329E-05 9.98329E-05 9.98329E-05 9.98329E-05 9.98329E-05
9.98331E-05 9.98331E-05 9.98331E-05 9.98331E-05 9.98331E-05 9.98331E-05 9.98331E-05 9.98331E-05 9.98331E-05 9.98331E-05 9.98331E-05 9.98331E-05 9.98331E-05 9.98331E-05 0.998103 9.98331E-05 9.98331E-05 9.98331E-05 9.98331E-05 9.98331E-05
9.98329E-05 9.98329E-05 9.98329E-05 9.98329E-05 9.98329E-05 9.98329E-05 9.98329E-05 9.98329E-05 9.98329E-05 9.98329E-05 9.98329E-05 9.98329E-05 9.98329E-05 9.98329E-05 0.998103 9.98329E-05 9.98329E-05 9.98329E-05 9.98329E-05 9.98329E-05
9.9833E-05 9.9833E-05 9.9833E-05 0.998103 9.9833E-05 9.9833E-05 9.9833E-05 9.9833E-05 9.9833E-05 9.9833E-05 9.9833E-05 9.9833E-05 9.9833E-05 9.9833E-05 9.9833E-05 9.9833E-05 9.9833E-05 9.9833E-05 9.9833E-05 9.9833E-05
9.98332E-05 9.98332E-05 9.98332E-05 9.98332E-05 9.98332E-05 9.98332E-05 9.98332E-05 9.98332E-05 9.98332E-05 9.98332E-05 9.98332E-05 9.98332E-05 9.98332E-05 9.98332E-05 0.998103 9.98332E-05 9.98332E-05 9.98332E-05 9.98332E-05 9.98332E-05
9.9833E-05 9.9833E-05 9.9833E-05 9.9833E-05 9.9833E-05 9.9833E-05 9.9833E-05 9.9833E-05 9.9833E-05 9.9833E-05 9.9833E-05 9.9833E-05 9.9833E-05 9.9833E-05 0.998103 9.9833E-05 9.9833E-05 9.9833E-05 9.9833E-05 9.9833E-05
9.98331E-05 9.98331E-05 9.98331E-05 0.998103 9.98331E-05 9.98331E-05 9.98331E-05 9.98331E-05 9.98331E-05 9.98331E-05 9.98331E-05 9.98331E-05 9.98331E-05 9.98331E-05 9.98331E-05 9.98331E-05 9.98331E-05 9.98331E-05 9.98331E-05 9.98331E-05
9.9833E-05 9.9833E-05 9.9833E-05 0.998103 9.9833E-05 9.9833E-05 9.9833E-05 9.9833E-05 9.9833E-05 9.9833E-05 9.9833E-05 9.9833E-05 9.9833E-05 9.9833E-05 9.9833E-05 9.9833E-05 9.9833E-05 9.9833E-05 9.9833E-05 9.9833E-05
9.9833E-05 9.9833E-05 9.9833E-05 0.998103 9.9833E-05 9.9833E-05 9.9833E-05 9.9833E-05 9.9833E-05 9.9833E-05 9.9833E-05 9.9833E-05 9.9833E-05 9.9833E-05 9.9833E-05 9.9833E-05 9.9833E-05 9.9833E-05 9.9833E-05 9.9833E-05
9.98329E-05 9.98329E-05 9.98329E-05 9.98329E-05 9.98329E-05 9.98329E-05 9.98329E-05 9.98329E-05 9.98329E-05 9.98329E-05 9.98329E-05 9.98329E-05 9.98329E-05 9.98329E-05 0.998103 9.98329E-05 9.98329E-05 9.98329E-05 9.98329E-05 9.98329E-05
9.98331E-05 9.98331E-05 9.98331E-05 9.98331E-05 9.98331E-05 9.98331E-05 9.98331E-05 9.98331E-05 9.98331E-05 9.98331E-05 9.98331E-05 9.98331E-05 9.98331E-05 9.98331E-05 0.998103 9.98331E-05 9.98331E-05 9.98331E-05 9.98331E-05 9.98331E-05
9.98331E-05 9.98331E-05 9.98331E-05 0.998103 9.98331E-05 9.98331E-05 9.98331E-05 9.98331E-05 9.98331E-05 9.98331E-05 9.98331E-05 9.98331E-05 9.98331E-05 9.98331E-05 9.98331E-05 9.98331E-05 9.98331E-05 9.98331E-05 9.98331E-05 9.98331E-05
9.98329E-05 9.98329E-05 9.98329E-05 0.998103 9.98329E-05 9.98329E-05 9.98329E-05 9.98329E-05 9.98329E-05 9.98329E-05 9.98329E-05 9.98329E-05 9.98329E-05 9.98329E-05 9.98329E-05 9.98329E-05 9.98329E-05 9.98329E-05 9.98329E-05 9.98329E-05
9.98857E-05 9.98857E-05 0.0326652 0.0778122 9.98857E-05 9.98857E-05 9.98857E-05 9.98857E-05 9.98857E-05 9.98857E-05 9.98857E-05 9.98857E-05 0.587893 9.98857E-05 0.0471618 0.104446 9.98857E-05 9.98857E-05 0.0578166 0.0909063
9.98329E-05 9.98329E-05 9.98329E-05 0.998103 9.98329E-05 9.98329E-05 9.98329E-05 9.98329E-05 9.98329E-05 9.98329E-05 9.98329E-05 9.98329E-05 9.98329E-05 9.98329E-05 9.98329E-05 9.98329E-05 9.98329E-05 9.98329E-05 9.98329E-05 9.98329E-05
9.9833E-05 9.9833E-05 9.9833E-05 9.9833E-05 9.9833E-05 9.9833E-05 9.9833E-05 9.9833E-05 9.9833E-05 9.9833E-05 9.9833E-05 9.9833E-05 9.9833E-05 9.9833E-05 0.998103 9.9833E-05 9.9833E-05 9.9833E-05 9.9833E-05 9.9833E-05
9.98331E-05 9.98331E-05 9.98331E-05 0.998103 9.98331E-05 9.98331E-05 9.98331E-05 9.98331E-05 9.98331E-05 9.98331E-05 9.98331E-05 9.98331E-05 9.98331E-05 9.98331E-05 9.98331E-05 9.98331E-05 9.98331E-05 9.98331E-05 9.98331E-05 9.98331E-05
9.9833E-05 9.9833E-05 9.9833E-05 0.998103 9.9833E-05 9.9833E-05 9.9833E-05 9.9833E-05 9.9833E-05 9.9833E-05 9.9833E-05 9.9833E-05 9.9833E-05 9.9833E-05 9.9833E-05 9.9833E-05 9.9833E-05 9.9833E-05 9.9833E-05 9.9833E-05
9.9833E-05 9.9833E-05 9.9833E-05 0.998103 9.9833E-05 9.9833E-05 9.9833E-05 9.9833E-05 9.9833E-05 9.9833E-05 9.9833E-05 9.9833E-05 9.9833E-05 9.9833E-05 9.9833E-05 9.9833E-05 9.9833E-05 9.9833E-05 9.9833E-05 9.9833E-05
9.98331E-05 9.98331E-05 9.98331E-05 9.98331E-05 9.98331E-05 9.98331E-05 9.98331E-05 9.98331E-05 9.98331E-05 9.98331E-05 9.98331E-05 9.98331E-05 9.98331E-05 9.98331E-05 0.998103 9.98331E-05 9.98331E-05 9.98331E-05 9.98331E-05 9.98331E-05
9.98331E-05 9.98331E-05 9.98331E-05 0.998103 9.98331E-05 9.98331E-05 9.98331E-05 9.98331E-05 9.98331E-05 9.98331E-05 9.98331E-05 9.98331E-05 9.98331E-05 9.98331E-05 9.98331E-05 9.98331E-05 9.98331E-05 9.98331E-05 9.98331E-05 9.98331E-05
9.9833E-05 9.9833E-05 9.9833E-05 9.9833E-05 9.9833E-05 9.9833E-05 9.9833E-05 9.9833E-05 9.9833E-05 9.9833E-05 9.9833E-05 9.9833E-05 9.9833E-05 9.9833E-05 0.998103 9.9833E-05 9.9833E-05 9.9833E-05 9.9833E-05 9.9833E-05
9.9833E-05 9.9833E-05 9.9833E-05 0.998103 9.9833E-05 9.9833E-05 9.9833E-05 9.9833E-05 9.9833E-05 9.9833E-05 9.9833E-05 9.9833E-05 9.9833E-05 9.9833E-05 9.9833E-05 9.9833E-05 9.9833E-05 9.9833E-05 9.9833E-05 9.9833E-05
9.98203E-05 9.98203E-05 9.98203E-05 0.998103 9.98203E-05 9.98203E-05 9.98203E-05 9.98203E-05 9.98203E-05 9.98203E-05 9.98203E-05 9.98203E-05 9.98203E-05 9.98203E-05 9.98203E-05 9.98203E-05 9.98203E-05 9.98203E-05 9.98203E-05 9.98203E-05
9.98329E-05 9.98329E-05 9.98329E-05 9.98329E-05 9.98329E-05 9.98329E-05 9.98329E-05 9.98329E-05 9.98329E-05 9.98329E-05 9.98329E-05 9.98329E-05 9.98329E-05 9.98329E-05 0.998103 9.98329E-05 9.98329E-05 9.98329E-05 9.98329E-05 9.98329E-05
