0.0157214 9.9921E-05 9.9921E-05 9.9921E-05 9.9921E-05 0.0161492 9.9921E-05 0.115438 9.9921E-05 0.386901 9.9921E-05 0.113621 0.0468615 9.9921E-05 0.304408 9.9921E-05
0.124321 0.0259783 9.99123E-05 9.99123E-05 9.99123E-05 9.99123E-05 9.99123E-05 0.0437826 0.0362458 0.711085 9.99123E-05 9.99123E-05 0.0575887 9.99123E-05 9.99123E-05 9.99123E-05
9.98946E-05 9.98946E-05 9.98946E-05 9.98946E-05 0.0471464 0.0315402 9.98946E-05 0.0495574 9.98946E-05 0.870557 9.98946E-05 9.98946E-05 9.98946E-05 9.98946E-05 9.98946E-05 9.98946E-05
9.99473E-05 0.314792 9.99473E-05 9.99473E-05 0.197003 9.99473E-05 9.99473E-05 0.0265683 0.0159653 0.164626 0.0298226 9.99473E-05 0.115934 0.00902395 0.120594 0.00507154
9.98947E-05 9.98947E-05 0.0535341 9.98947E-05 0.0474968 9.98947E-05 9.98947E-05 9.98947E-05 9.98947E-05 0.841994 9.98947E-05 9.98947E-05 9.98947E-05 0.0557759 9.98947E-05 9.98947E-05
0.0698939 9.9921E-05 0.072301 9.9921E-05 0.233731 9.9921E-05 9.9921E-05 9.9921E-05 9.9921E-05 0.27336 9.9921E-05 9.9921E-05 9.9921E-05 0.166432 0.0567674 0.126615
0.16473 0.0921495 0.0685659 9.99298E-05 9.99298E-05 9.99298E-05 9.99298E-05 0.00394493 9.99298E-05 0.28713 0.0326612 9.99298E-05 0.133303 9.99298E-05 0.216716 9.99298E-05
9.99386E-05 0.0498333 0.00614648 9.99386E-05 0.0125971 9.99386E-05 9.99386E-05 9.99386E-05 9.99386E-05 0.172056 0.115679 0.0722106 9.99386E-05 0.173861 0.279609 0.117308
0.0268567 9.99123E-05 9.99123E-05 9.99123E-05 9.99123E-05 0.156851 9.99123E-05 0.304604 9.99123E-05 0.287662 9.99123E-05 9.99123E-05 9.99123E-05 0.037494 9.99123E-05 0.185533
9.98859E-05 9.98859E-05 9.98859E-05 0.0397973 9.98859E-05 9.98859E-05 9.98859E-05 0.0641637 9.98859E-05 0.89474 9.98859E-05 9.98859E-05 9.98859E-05 9.98859E-05 9.98859E-05 9.98859E-05
9.99035E-05 9.99035E-05 9.99035E-05 9.99035E-05 9.99035E-05 9.99035E-05 9.99035E-05 0.222963 9.99035E-05 0.478694 9.99035E-05 9.99035E-05 0.164935 9.99035E-05 0.108035 0.0242744
9.98947E-05 0.0637647 9.98947E-05 9.98947E-05 9.98947E-05 9.98947E-05 9.98947E-05 9.98947E-05 9.98947E-05 0.889822 0.0188737 9.98947E-05 0.026341 9.98947E-05 9.98947E-05 9.98947E-05
9.98948E-05 9.98948E-05 9.98948E-05 9.98948E-05 9.98948E-05 9.98948E-05 9.98948E-05 0.0967622 9.98948E-05 0.6904 9.98948E-05 9.98948E-05 9.98948E-05 9.98948E-05 0.194298 0.017341
9.9921E-05 9.9921E-05 9.9921E-05 9.9921E-05 0.113787 9.9921E-05 0.0533063 0.0504118 9.9921E-05 0.560076 0.115232 9.9921E-05 0.0612989 9.9921E-05 0.0449894 9.9921E-05
0.031343 9.99386E-05 0.0838342 9.99386E-05 0.109416 0.0666447 0.00267297 0.211338 9.99386E-05 0.299988 9.99386E-05 9.99386E-05 9.99386E-05 9.99386E-05 0.0821473 0.111916
9.99297E-05 0.142022 0.0623665 9.99297E-05 9.99297E-05 9.99297E-05 9.99297E-05 0.184322 9.99297E-05 0.249199 0.0681501 0.0593074 9.99297E-05 9.99297E-05 0.0703959 0.163438
0.124363 9.99298E-05 9.99298E-05 9.99298E-05 9.99298E-05 0.00753034 0.134172 0.0515094 9.99298E-05 0.53396 0.0147596 0.122248 0.0106583 9.99298E-05 9.99298E-05 9.99298E-05
9.99123E-05 9.99123E-05 9.99123E-05 0.16681 9.99123E-05 0.100199 9.99123E-05 0.222825 0.0855167 0.122848 9.99123E-05 9.99123E-05 9.99123E-05 9.99123E-05 0.300804 9.99123E-05
9.9921E-05 9.9921E-05 0.147982 0.0559625 9.9921E-05 9.9921E-05 9.9921E-05 0.2134 9.9921E-05 0.336103 9.9921E-05 0.0178887 9.9921E-05 9.9921E-05 0.152582 0.0751819
9.98859E-05 9.98859E-05 9.98859E-05 9.98859E-05 9.98859E-05 9.98859E-05 9.98859E-05 0.0592244 0.0189398 0.920537 9.98859E-05 9.98859E-05 9.98859E-05 9.98859E-05 9.98859E-05 9.98859E-05
9.9921E-05 0.257169 9.9921E-05 9.9921E-05 9.9921E-05 9.9921E-05 9.9921E-05 0.0845014 9.9921E-05 0.414308 0.0144897 9.9921E-05 0.081039 0.0447953 9.9921E-05 0.102798
9.99123E-05 9.99123E-05 0.218259 9.99123E-05 0.0320254 9.99123E-05 9.99123E-05 9.99123E-05 9.99123E-05 0.159574 9.99123E-05 9.99123E-05 9.99123E-05 0.0828788 0.382119 0.124146
0.00839614 9.9921E-05 9.9921E-05 0.0470435 0.165184 9.9921E-05 9.9921E-05 0.097264 9.9921E-05 0.622525 9.9921E-05 9.9921E-05 0.0528455 9.9921E-05 0.00584188 9.9921E-05
9.99034E-05 9.99034E-05 9.99034E-05 9.99034E-05 0.0349011 9.99034E-05 9.99034E-05 0.253861 9.99034E-05 0.289829 0.0664771 9.99034E-05 9.99034E-05 9.99034E-05 0.353833 9.99034E-05
9.99297E-05 0.111637 9.99297E-05 9.99297E-05 0.161073 0.0153153 9.99297E-05 0.220278 0.0876351 0.273085 9.99297E-05 9.99297E-05 0.0431943 9.99297E-05 9.99297E-05 0.0869827
9.98947E-05 0.120006 9.98947E-05 9.98947E-05 0.0927693 9.98947E-05 9.98947E-05 0.097049 9.98947E-05 0.688977 9.98947E-05 9.98947E-05 9.98947E-05 9.98947E-05 9.98947E-05 9.98947E-05
9.9921E-05 9.9921E-05 9.9921E-05 0.113892 0.377646 9.9921E-05 9.9921E-05 0.0901647 9.9921E-05 0.0016416 0.0304732 9.9921E-05 0.0176068 9.9921E-05 0.367676 9.9921E-05
9.99035E-05 0.126611 9.99035E-05 9.99035E-05 0.0533761 9.99035E-05 9.99035E-05 0.0570056 9.99035E-05 0.712337 9.99035E-05 9.99035E-05 0.0495713 9.99035E-05 9.99035E-05 9.99035E-05
9.99123E-05 9.99123E-05 9.99123E-05 9.99123E-05 0.0099586 0.104063 9.99123E-05 0.238358 9.99123E-05 0.514118 9.99123E-05 9.99123E-05 0.0655869 9.99123E-05 0.0669158 9.99123E-05
9.9921E-05 9.9921E-05 9.9921E-05 9.9921E-05 0.05798 0.0293281 0.0270517 0.0777952 9.9921E-05 0.763088 9.9921E-05 9.9921E-05 0.00957848 9.9921E-05 9.9921E-05 0.0342794
9.9921E-05 9.9921E-05 0.0806056 0.0261071 9.9921E-05 9.9921E-05 9.9921E-05 0.0476645 9.9921E-05 0.602369 9.9921E-05 9.9921E-05 0.112052 9.9921E-05 0.061189 0.069114
9.99123E-05 0.0844142 9.99123E-05 9.99123E-05 0.235328 9.99123E-05 9.99123E-05 0.0643889 9.99123E-05 0.520153 9.99123E-05 9.99123E-05 0.0529398 9.99123E-05 0.0417779 9.99123E-05
9.99122E-05 9.99122E-05 9.99122E-05 9.99122E-05 0.0793274 9.99122E-05 9.99122E-05 0.232795 9.99122E-05 0.415542 0.050956 9.99122E-05 0.0652846 9.99122E-05 0.155096 9.99122E-05
9.99297E-05 9.99297E-05 9.99297E-05 0.0322855 0.220054 0.0199267 9.99297E-05 0.140775 9.99297E-05 0.537151 0.00907115 9.99297E-05 0.0240236 9.99297E-05 0.0159136 9.99297E-05
0.0950006 9.9921E-05 0.00899052 9.9921E-05 9.9921E-05 9.9921E-05 9.9921E-05 0.0336954 0.0611291 0.72999 9.9921E-05 9.9921E-05 0.0622321 9.9921E-05 0.00806306 9.9921E-05
0.0324636 0.228927 9.9921E-05 9.9921E-05 9.9921E-05 9.9921E-05 9.9921E-05 0.03684 9.9921E-05 0.617665 9.9921E-05 9.9921E-05 0.000732303 9.9921E-05 0.0519608 0.0305124
9.98859E-05 9.98859E-05 0.129789 9.98859E-05 9.98859E-05 9.98859E-05 9.98859E-05 9.98859E-05 9.98859E-05 0.846369 0.0225433 9.98859E-05 9.98859E-05 9.98859E-05 9.98859E-05 9.98859E-05
0.0752862 0.0132139 9.99123E-05 9.99123E-05 9.99123E-05 9.99123E-05 9.99123E-05 0.11512 0.0247997 0.608867 9.99123E-05 9.99123E-05 9.99123E-05 9.99123E-05 9.99123E-05 0.161713
0.110618 9.99298E-05 9.99298E-05 9.99298E-05 0.0525069 9.99298E-05 0.0355481 0.192046 9.99298E-05 0.528304 9.99298E-05 9.99298E-05 0.0214882 0.0441858 9.99298E-05 0.0145034
9.98947E-05 9.98947E-05 9.98947E-05 9.98947E-05 0.18013 9.98947E-05 9.98947E-05 0.139393 9.98947E-05 0.544884 0.134395 9.98947E-05 9.98947E-05 9.98947E-05 9.98947E-05 9.98947E-05
9.98947E-05 9.98947E-05 9.98947E-05 9.98947E-05 9.98947E-05 9.98947E-05 9.98947E-05 0.125515 9.98947E-05 0.833005 9.98947E-05 9.98947E-05 0.0230047 9.98947E-05 9.98947E-05 0.0172764
9.99036E-05 9.99036E-05 9.99036E-05 9.99036E-05 9.99036E-05 0.0103974 9.99036E-05 0.0722176 9.99036E-05 0.55655 9.99036E-05 9.99036E-05 9.99036E-05 9.99036E-05 0.347848 0.011888
9.99122E-05 9.99122E-05 0.0747454 9.99122E-05 0.0201138 9.99122E-05 0.0264067 9.99122E-05 9.99122E-05 0.737913 0.0292213 9.99122E-05 9.99122E-05 9.99122E-05 0.110601 9.99122E-05
0.0401051 9.9921E-05 9.9921E-05 9.9921E-05 9.9921E-05 0.0908514 9.9921E-05 0.179141 9.9921E-05 0.367118 9.9921E-05 9.9921E-05 0.0617462 9.9921E-05 0.168157 0.0919815
9.99122E-05 9.99122E-05 0.182772 9.99122E-05 9.99122E-05 9.99122E-05 9.99122E-05 0.172809 9.99122E-05 0.213021 9.99122E-05 9.99122E-05 0.0419919 0.00369397 0.384713 9.99122E-05
9.99034E-05 0.0153821 9.99034E-05 9.99034E-05 9.99034E-05 9.99034E-05 9.99034E-05 0.0549342 0.0622038 0.85366 9.99034E-05 9.99034E-05 9.99034E-05 0.0127212 9.99034E-05 9.99034E-05
9.99122E-05 0.0693167 9.99122E-05 0.0314379 9.99122E-05 9.99122E-05 9.99122E-05 0.0958856 9.99122E-05 0.779339 9.99122E-05 9.99122E-05 0.0215069 9.99122E-05 9.99122E-05 0.00151434
0.0159743 9.98947E-05 9.98947E-05 9.98947E-05 9.98947E-05 9.98947E-05 9.98947E-05 0.019031 9.98947E-05 0.935838 0.0279582 9.98947E-05 9.98947E-05 9.98947E-05 9.98947E-05 9.98947E-05
9.99034E-05 0.0331099 9.99034E-05 9.99034E-05 9.99034E-05 9.99034E-05 9.99034E-05 0.14716 9.99034E-05 0.633575 9.99034E-05 9.99034E-05 0.050849 9.99034E-05 0.134207 9.99034E-05
9.99212E-05 9.99212E-05 9.99212E-05 0.0720393 0.0141369 9.99212E-05 9.99212E-05 9.99212E-05 0.0473971 0.71345 0.0640177 9.99212E-05 0.0487611 9.99212E-05 9.99212E-05 0.039299
9.99298E-05 0.0405065 9.99298E-05 9.99298E-05 0.186581 0.0343408 9.99298E-05 0.220697 9.99298E-05 0.300188 9.99298E-05 9.99298E-05 0.132083 9.99298E-05 0.0420082 0.042796
9.99123E-05 0.143253 9.99123E-05 9.99123E-05 0.0983404 0.098785 9.99123E-05 9.99123E-05 9.99123E-05 0.55661 9.99123E-05 9.99123E-05 9.99123E-05 0.0465651 0.0554476 9.99123E-05
0.0107981 9.99123E-05 9.99123E-05 0.10337 0.000444261 9.99123E-05 9.99123E-05 0.0209168 9.99123E-05 0.843601 9.99123E-05 9.99123E-05 9.99123E-05 9.99123E-05 0.0198714 9.99123E-05
9.99211E-05 9.99211E-05 9.99211E-05 9.99211E-05 0.0115488 9.99211E-05 9.99211E-05 0.0785537 9.99211E-05 0.606422 0.236365 9.99211E-05 0.00665898 0.041664 9.99211E-05 0.0178882
9.99123E-05 9.99123E-05 0.0372439 9.99123E-05 9.99123E-05 9.99123E-05 9.99123E-05 0.128576 0.0786456 0.719226 9.99123E-05 9.99123E-05 0.00783221 0.0274769 9.99123E-05 9.99123E-05
9.99035E-05 9.99035E-05 9.99035E-05 9.99035E-05 0.206891 9.99035E-05 9.99035E-05 9.99035E-05 0.0539325 0.696104 9.99035E-05 9.99035E-05 0.00475615 0.0372178 9.99035E-05 9.99035E-05
0.0972735 0.0273386 9.99298E-05 0.105482 9.99298E-05 9.99298E-05 9.99298E-05 9.99298E-05 9.99298E-05 0.724123 0.011666 9.99298E-05 0.00412686 0.0218889 9.99298E-05 0.00730148
9.98948E-05 0.105972 9.98948E-05 9.98948E-05 9.98948E-05 9.98948E-05 9.98948E-05 0.116695 9.98948E-05 0.715467 9.98948E-05 9.98948E-05 0.0606675 9.98948E-05 9.98948E-05 9.98948E-05
0.00494042 9.99034E-05 9.99034E-05 9.99034E-05 9.99034E-05 9.99034E-05 9.99034E-05 0.0482964 9.99034E-05 0.892484 9.99034E-05 9.99034E-05 0.0455895 9.99034E-05 9.99034E-05 0.00759074
0.161135 9.99298E-05 9.99298E-05 0.0474749 0.0800247 9.99298E-05 9.99298E-05 0.196874 9.99298E-05 9.99298E-05 9.99298E-05 0.00492524 0.0124121 9.99298E-05 0.479851 0.016504
0.136888 0.0733392 9.99125E-05 9.99125E-05 9.99125E-05 0.0650351 9.99125E-05 9.99125E-05 0.021122 0.15564 9.99125E-05 9.99125E-05 9.99125E-05 9.99125E-05 0.546977 9.99125E-05
0.0945822 9.9921E-05 9.9921E-05 0.152258 9.9921E-05 9.9921E-05 0.230073 9.9921E-05 9.9921E-05 0.0174733 0.0046522 9.9921E-05 0.00214338 9.9921E-05 0.497918 9.9921E-05
0.340274 9.99298E-05 9.99298E-05 0.0659338 0.21798 9.99298E-05 9.99298E-05 0.115945 9.99298E-05 9.99298E-05 9.99298E-05 0.00779377 0.0148863 9.99298E-05 0.098785 0.137604
0.0338027 0.0250178 9.99209E-05 0.0846269 9.99209E-05 9.99209E-05 9.99209E-05 0.128728 0.0642851 9.99209E-05 9.99209E-05 9.99209E-05 9.99209E-05 9.99209E-05 0.582373 0.0802673
0.0037182 9.99033E-05 9.99033E-05 9.99033E-05 9.99033E-05 9.99033E-05 9.99033E-05 0.192339 9.99033E-05 9.99033E-05 9.99033E-05 0.0842341 9.99033E-05 9.99033E-05 0.672227 0.0463834
0.385103 0.147656 9.99122E-05 9.99122E-05 9.99122E-05 9.99122E-05 9.99122E-05 0.245917 9.99122E-05 0.0350619 9.99122E-05 9.99122E-05 0.0282748 9.99122E-05 0.156987 9.99122E-05
0.186798 9.99121E-05 9.99121E-05 0.193997 0.17683 9.99121E-05 9.99121E-05 0.0952867 9.99121E-05 9.99121E-05 9.99121E-05 9.99121E-05 9.99121E-05 9.99121E-05 0.320406 0.0256832
0.209595 9.99123E-05 9.99123E-05 0.0554066 9.99123E-05 0.0207576 0.142863 0.0471114 9.99123E-05 9.99123E-05 9.99123E-05 9.99123E-05 9.99123E-05 9.99123E-05 0.523268 9.99123E-05
0.107195 0.135144 9.99298E-05 9.99298E-05 9.99298E-05 9.99298E-05 0.000202213 0.108222 9.99298E-05 0.140103 9.99298E-05 0.0296132 0.0648137 9.99298E-05 0.413907 9.99298E-05
9.99121E-05 9.99121E-05 0.00387143 0.0400199 9.99121E-05 9.99121E-05 9.99121E-05 0.351923 9.99121E-05 9.99121E-05 9.99121E-05 9.99121E-05 0.187744 9.99121E-05 0.359034 0.0564086
0.0945445 0.0545025 9.99385E-05 9.99385E-05 9.99385E-05 9.99385E-05 9.99385E-05 0.0611363 0.025269 9.99385E-05 0.0886075 0.0910589 0.0336001 9.99385E-05 0.542929 0.00765266
9.99473E-05 0.142147 0.0166805 9.99473E-05 0.273042 0.00406035 9.99473E-05 9.99473E-05 0.0437737 9.99473E-05 0.032847 0.151465 9.99473E-05 0.0665568 0.0805075 0.18832
0.0867437 9.98858E-05 9.98858E-05 9.98858E-05 9.98858E-05 9.98858E-05 9.98858E-05 0.306146 9.98858E-05 9.98858E-05 9.98858E-05 9.98858E-05 9.98858E-05 9.98858E-05 0.605812 9.98858E-05
0.046275 9.993E-05 9.993E-05 9.993E-05 0.270531 0.0449405 9.993E-05 0.0469216 9.993E-05 0.111002 9.993E-05 0.0261953 0.00545421 9.993E-05 0.447881 9.993E-05
0.0975054 0.11698 9.99299E-05 0.0567189 9.99299E-05 9.99299E-05 0.138512 0.0573009 9.99299E-05 9.99299E-05 9.99299E-05 9.99299E-05 0.0398805 9.99299E-05 0.455798 0.0365051
0.124273 9.99209E-05 0.0851233 0.0605972 0.207103 9.99209E-05 9.99209E-05 0.0457958 9.99209E-05 9.99209E-05 0.0806405 9.99209E-05 9.99209E-05 9.99209E-05 0.395568 9.99209E-05
9.99122E-05 0.0338314 0.0488736 9.99122E-05 9.99122E-05 9.99122E-05 9.99122E-05 9.99122E-05 9.99122E-05 9.99122E-05 9.99122E-05 0.0795847 0.0946914 9.99122E-05 0.645153 0.0968669
0.0142116 0.0302285 9.99298E-05 0.133104 9.99298E-05 9.99298E-05 9.99298E-05 0.05741 9.99298E-05 0.0831059 9.99298E-05 9.99298E-05 0.0906852 9.99298E-05 0.480932 0.109523
0.0756251 9.99297E-05 9.99297E-05 0.00853936 0.0827098 9.99297E-05 9.99297E-05 0.324805 9.99297E-05 9.99297E-05 0.0797301 0.0120268 0.0197186 9.99297E-05 0.396046 9.99297E-05
9.99037E-05 9.99037E-05 9.99037E-05 0.0336261 9.99037E-05 9.99037E-05 0.251769 0.197942 9.99037E-05 9.99037E-05 0.054314 9.99037E-05 9.99037E-05 9.99037E-05 0.461249 9.99037E-05
0.0886793 9.99121E-05 9.99121E-05 0.00175775 0.0521417 9.99121E-05 9.99121E-05 0.119578 0.0107192 9.99121E-05 9.99121E-05 9.99121E-05 9.99121E-05 9.99121E-05 0.726124 9.99121E-05
0.143571 9.99211E-05 9.99211E-05 0.00824248 0.255775 9.99211E-05 0.0167673 0.0829635 9.99211E-05 0.0142654 9.99211E-05 9.99211E-05 9.99211E-05 9.99211E-05 0.477517 9.99211E-05
9.99298E-05 9.99298E-05 0.102431 0.115109 0.113329 0.0732844 9.99298E-05 0.0959874 9.99298E-05 0.0319047 9.99298E-05 9.99298E-05 9.99298E-05 9.99298E-05 0.421272 0.0458816
9.99297E-05 0.0530133 9.99297E-05 9.99297E-05 0.0442121 9.99297E-05 9.99297E-05 0.117096 9.99297E-05 0.0649329 9.99297E-05 0.121855 0.0277914 9.99297E-05 0.549056 0.0212443
0.159631 9.99299E-05 9.99299E-05 9.99299E-05 0.0712144 9.99299E-05 0.114645 0.088123 0.0944206 0.200876 9.99299E-05 9.99299E-05 9.99299E-05 9.99299E-05 0.216592 0.0536984
0.0273197 9.99123E-05 9.99123E-05 9.99123E-05 9.99123E-05 0.0119215 0.142039 9.99123E-05 9.99123E-05 0.084028 9.99123E-05 0.10178 9.99123E-05 9.99123E-05 0.631912 9.99123E-05
0.150813 0.0825802 9.99125E-05 9.99125E-05 9.99125E-05 0.0644982 0.0872318 0.162854 9.99125E-05 9.99125E-05 9.99125E-05 9.99125E-05 9.99125E-05 9.99125E-05 0.451023 9.99125E-05
9.99036E-05 9.99036E-05 9.99036E-05 0.192179 9.99036E-05 9.99036E-05 9.99036E-05 0.126238 9.99036E-05 0.101175 9.99036E-05 9.99036E-05 9.99036E-05 9.99036E-05 0.552466 0.0268428
0.0901522 9.9921E-05 9.9921E-05 9.9921E-05 9.9921E-05 9.9921E-05 0.216339 0.227597 9.9921E-05 0.136193 0.0130169 9.9921E-05 9.9921E-05 9.9921E-05 0.198821 0.116981
9.98859E-05 9.98859E-05 9.98859E-05 9.98859E-05 0.730538 9.98859E-05 9.98859E-05 0.167705 9.98859E-05 9.98859E-05 9.98859E-05 9.98859E-05 9.98859E-05 9.98859E-05 9.98859E-05 0.100459
9.98947E-05 9.98947E-05 9.98947E-05 9.98947E-05 0.546985 9.98947E-05 0.314594 0.0721411 9.98947E-05 9.98947E-05 9.98947E-05 9.98947E-05 9.98947E-05 9.98947E-05 9.98947E-05 0.0650809
9.98858E-05 9.98858E-05 9.98858E-05 0.0135789 0.846091 9.98858E-05 9.98858E-05 0.139032 9.98858E-05 9.98858E-05 9.98858E-05 9.98858E-05 9.98858E-05 9.98858E-05 9.98858E-05 9.98858E-05
9.98945E-05 9.98945E-05 9.98945E-05 9.98945E-05 0.795774 9.98945E-05 9.98945E-05 0.123745 9.98945E-05 9.98945E-05 9.98945E-05 9.98945E-05 0.040519 9.98945E-05 9.98945E-05 0.0387643
9.98858E-05 9.98858E-05 9.98858E-05 9.98858E-05 0.855723 9.98858E-05 9.98858E-05 9.98858E-05 9.98858E-05 9.98858E-05 9.98858E-05 0.0244327 9.98858E-05 9.98858E-05 9.98858E-05 0.118546
0.0423836 9.98947E-05 9.98947E-05 9.98947E-05 0.645294 9.98947E-05 9.98947E-05 0.163514 9.98947E-05 9.98947E-05 9.98947E-05 9.98947E-05 9.98947E-05 9.98947E-05 9.98947E-05 0.14761
9.99035E-05 9.99035E-05 9.99035E-05 0.0559673 0.690809 9.99035E-05 9.99035E-05 0.088814 9.99035E-05 9.99035E-05 9.99035E-05 9.99035E-05 0.0628086 9.99035E-05 9.99035E-05 0.100502
9.98859E-05 9.98859E-05 9.98859E-05 9.98859E-05 0.774775 9.98859E-05 9.98859E-05 0.0298666 9.98859E-05 9.98859E-05 9.98859E-05 9.98859E-05 9.98859E-05 9.98859E-05 9.98859E-05 0.19406
0.191669 9.98946E-05 9.98946E-05 9.98946E-05 0.441533 9.98946E-05 9.98946E-05 9.98946E-05 9.98946E-05 9.98946E-05 9.98946E-05 0.00507279 9.98946E-05 9.98946E-05 9.98946E-05 0.360526
9.98946E-05 9.98946E-05 9.98946E-05 9.98946E-05 0.516253 9.98946E-05 9.98946E-05 0.246713 9.98946E-05 9.98946E-05 9.98946E-05 0.040985 9.98946E-05 9.98946E-05 9.98946E-05 0.19485
0.269402 9.98947E-05 9.98947E-05 9.98947E-05 0.587736 9.98947E-05 0.135999 9.98947E-05 9.98947E-05 9.98947E-05 9.98947E-05 9.98947E-05 9.98947E-05 9.98947E-05 9.98947E-05 0.00566381
0.141843 9.98948E-05 9.98948E-05 9.98948E-05 0.805719 9.98948E-05 0.0106648 9.98948E-05 0.0405746 9.98948E-05 9.98948E-05 9.98948E-05 9.98948E-05 9.98948E-05 9.98948E-05 9.98948E-05
9.98773E-05 9.98773E-05 9.98773E-05 9.98773E-05 0.861202 9.98773E-05 9.98773E-05 9.98773E-05 9.98773E-05 9.98773E-05 9.98773E-05 9.98773E-05 9.98773E-05 9.98773E-05 9.98773E-05 0.1374
9.98948E-05 9.98948E-05 9.98948E-05 9.98948E-05 0.675197 9.98948E-05 9.98948E-05 0.172246 9.98948E-05 9.98948E-05 9.98948E-05 9.98948E-05 0.00192676 9.98948E-05 9.98948E-05 0.149432
9.99123E-05 9.99123E-05 9.99123E-05 0.0891745 0.758526 9.99123E-05 9.99123E-05 9.99123E-05 9.99123E-05 9.99123E-05 0.0146156 0.0346484 0.00164239 9.99123E-05 9.99123E-05 0.100394
0.165683 0.06243 9.9921E-05 9.9921E-05 0.551601 9.9921E-05 9.9921E-05 0.03188 9.9921E-05 9.9921E-05 9.9921E-05 0.058842 0.089186 9.9921E-05 9.9921E-05 0.0394787
0.187391 9.99034E-05 9.99034E-05 9.99034E-05 0.672993 9.99034E-05 9.99034E-05 0.107751 0.0104468 9.99034E-05 9.99034E-05 9.99034E-05 9.99034E-05 9.99034E-05 9.99034E-05 0.0203191
9.9895E-05 9.9895E-05 9.9895E-05 9.9895E-05 0.73563 9.9895E-05 9.9895E-05 9.9895E-05 9.9895E-05 9.9895E-05 9.9895E-05 9.9895E-05 9.9895E-05 0.0190565 0.141029 0.103086
9.98772E-05 9.98772E-05 9.98772E-05 9.98772E-05 0.96127 9.98772E-05 9.98772E-05 9.98772E-05 9.98772E-05 9.98772E-05 9.98772E-05 9.98772E-05 0.0373313 9.98772E-05 9.98772E-05 9.98772E-05
9.99123E-05 0.117931 9.99123E-05 9.99123E-05 0.511594 9.99123E-05 0.149696 0.10889 0.0279654 9.99123E-05 9.99123E-05 9.99123E-05 9.99123E-05 9.99123E-05 9.99123E-05 0.0829249
0.121855 9.99034E-05 0.00538614 9.99034E-05 0.77798 9.99034E-05 9.99034E-05 0.0810115 9.99034E-05 9.99034E-05 9.99034E-05 9.99034E-05 9.99034E-05 9.99034E-05 9.99034E-05 0.0126691
9.98859E-05 9.98859E-05 9.98859E-05 9.98859E-05 0.927238 9.98859E-05 9.98859E-05 9.98859E-05 9.98859E-05 9.98859E-05 9.98859E-05 9.98859E-05 0.0382669 9.98859E-05 9.98859E-05 0.0331962
0.0439394 0.00729521 9.9921E-05 9.9921E-05 0.391858 9.9921E-05 9.9921E-05 0.218114 0.0866016 9.9921E-05 9.9921E-05 9.9921E-05 9.9921E-05 0.0153563 9.9921E-05 0.235937
9.98948E-05 9.98948E-05 9.98948E-05 9.98948E-05 0.741701 9.98948E-05 0.0709351 0.035156 9.98948E-05 9.98948E-05 9.98948E-05 9.98948E-05 9.98948E-05 9.98948E-05 9.98948E-05 0.15101
0.00613943 0.0717686 9.9921E-05 9.9921E-05 0.364083 9.9921E-05 9.9921E-05 0.245806 0.0273813 9.9921E-05 9.9921E-05 9.9921E-05 9.9921E-05 0.0218116 9.9921E-05 0.262111
0.106021 9.99298E-05 9.99298E-05 0.0115877 0.41158 9.99298E-05 0.143223 0.0933556 9.99298E-05 9.99298E-05 0.0131166 0.0485617 9.99298E-05 9.99298E-05 9.99298E-05 0.171755
9.98948E-05 9.98948E-05 9.98948E-05 9.98948E-05 0.350885 0.14294 0.487498 0.0174787 9.98948E-05 9.98948E-05 9.98948E-05 9.98948E-05 9.98948E-05 9.98948E-05 9.98948E-05 9.98948E-05
9.98945E-05 0.0148492 9.98945E-05 9.98945E-05 0.8257 9.98945E-05 9.98945E-05 0.115058 9.98945E-05 9.98945E-05 9.98945E-05 9.98945E-05 9.98945E-05 9.98945E-05 9.98945E-05 0.0431934
9.9886E-05 9.9886E-05 9.9886E-05 9.9886E-05 0.653895 9.9886E-05 9.9886E-05 0.132568 9.9886E-05 9.9886E-05 9.9886E-05 9.9886E-05 9.9886E-05 9.9886E-05 9.9886E-05 0.212238
9.99123E-05 9.99123E-05 9.99123E-05 0.0400769 0.726823 9.99123E-05 0.0392455 0.136846 0.0371769 9.99123E-05 9.99123E-05 9.99123E-05 0.0188321 9.99123E-05 9.99123E-05 9.99123E-05
9.9886E-05 9.9886E-05 9.9886E-05 9.9886E-05 0.714291 9.9886E-05 9.9886E-05 0.204883 9.9886E-05 9.9886E-05 9.9886E-05 9.9886E-05 0.0795272 9.9886E-05 9.9886E-05 9.9886E-05
9.98859E-05 9.98859E-05 9.98859E-05 9.98859E-05 0.966278 9.98859E-05 9.98859E-05 0.0140419 0.018382 9.98859E-05 9.98859E-05 9.98859E-05 9.98859E-05 9.98859E-05 9.98859E-05 9.98859E-05
9.99033E-05 9.99033E-05 9.99033E-05 9.99033E-05 0.305947 9.99033E-05 9.99033E-05 0.106031 0.18823 9.99033E-05 9.99033E-05 9.99033E-05 9.99033E-05 0.0687288 9.99033E-05 0.329965
9.98946E-05 9.98946E-05 9.98946E-05 9.98946E-05 0.87503 9.98946E-05 9.98946E-05 0.0209083 0.0737458 9.98946E-05 9.98946E-05 9.98946E-05 9.98946E-05 9.98946E-05 0.0291169 9.98946E-05
9.98771E-05 9.98771E-05 9.98771E-05 9.98771E-05 0.933246 9.98771E-05 9.98771E-05 0.0653555 9.98771E-05 9.98771E-05 9.98771E-05 9.98771E-05 9.98771E-05 9.98771E-05 9.98771E-05 9.98771E-05
0.0466276 9.9921E-05 0.0366945 9.9921E-05 0.795339 9.9921E-05 0.0422734 9.9921E-05 9.9921E-05 9.9921E-05 9.9921E-05 0.0101574 0.0357219 9.9921E-05 9.9921E-05 0.0322871
9.99121E-05 9.99121E-05 9.99121E-05 0.0181344 0.653141 9.99121E-05 9.99121E-05 0.196775 9.99121E-05 9.99121E-05 9.99121E-05 0.0520475 0.00226166 9.99121E-05 9.99121E-05 0.0766409
9.99034E-05 0.0579048 9.99034E-05 9.99034E-05 0.316618 9.99034E-05 0.396112 9.99034E-05 9.99034E-05 9.99034E-05 9.99034E-05 9.99034E-05 9.99034E-05 0.078521 9.99034E-05 0.149745
9.99123E-05 9.99123E-05 9.99123E-05 0.0310586 0.684281 9.99123E-05 0.17093 0.0643819 0.0459559 9.99123E-05 9.99123E-05 9.99123E-05 9.99123E-05 9.99123E-05 9.99123E-05 0.00239374
9.98861E-05 9.98861E-05 9.98861E-05 9.98861E-05 0.807437 9.98861E-05 0.171052 9.98861E-05 9.98861E-05 9.98861E-05 9.98861E-05 0.0202128 9.98861E-05 9.98861E-05 9.98861E-05 9.98861E-05
0.0131788 0.0407492 9.98947E-05 9.98947E-05 0.635882 9.98947E-05 0.308991 9.98947E-05 9.98947E-05 9.98947E-05 9.98947E-05 9.98947E-05 9.98947E-05 9.98947E-05 9.98947E-05 9.98947E-05
0.0136034 9.99034E-05 9.99034E-05 9.99034E-05 0.443507 9.99034E-05 9.99034E-05 0.286946 9.99034E-05 9.99034E-05 9.99034E-05 9.99034E-05 0.0993792 9.99034E-05 9.99034E-05 0.155466
9.98947E-05 9.98947E-05 9.98947E-05 9.98947E-05 0.810749 9.98947E-05 9.98947E-05 9.98947E-05 9.98947E-05 9.98947E-05 9.98947E-05 9.98947E-05 9.98947E-05 0.0334428 0.0302346 0.124375
9.99034E-05 9.99034E-05 9.99034E-05 9.99034E-05 0.234613 9.99034E-05 0.469192 0.130211 0.0370286 9.99034E-05 9.99034E-05 9.99034E-05 9.99034E-05 9.99034E-05 9.99034E-05 0.127856
9.98859E-05 9.98859E-05 9.98859E-05 9.98859E-05 0.54093 9.98859E-05 0.385888 0.0718843 9.98859E-05 9.98859E-05 9.98859E-05 9.98859E-05 9.98859E-05 9.98859E-05 9.98859E-05 9.98859E-05
0.159634 9.99034E-05 9.99034E-05 0.0107696 0.526305 9.99034E-05 9.99034E-05 9.99034E-05 0.113798 9.99034E-05 9.99034E-05 9.99034E-05 9.99034E-05 9.99034E-05 9.99034E-05 0.188394
9.99211E-05 9.99211E-05 9.99211E-05 9.99211E-05 0.647187 9.99211E-05 0.0469489 0.131551 9.99211E-05 9.99211E-05 9.99211E-05 0.039069 0.000281106 9.99211E-05 0.00836363 0.125701
0.19795 9.99124E-05 9.99124E-05 9.99124E-05 0.513828 0.0499173 9.99124E-05 0.0554983 9.99124E-05 9.99124E-05 9.99124E-05 0.123303 9.99124E-05 9.99124E-05 9.99124E-05 0.058505
9.99035E-05 9.99035E-05 9.99035E-05 9.99035E-05 0.456041 0.0471708 9.99035E-05 0.172613 9.99035E-05 9.99035E-05 9.99035E-05 9.99035E-05 9.99035E-05 9.99035E-05 0.0809608 0.242116
9.98771E-05 9.98771E-05 9.98771E-05 9.98771E-05 0.678262 9.98771E-05 0.320339 9.98771E-05 9.98771E-05 9.98771E-05 9.98771E-05 9.98771E-05 9.98771E-05 9.98771E-05 9.98771E-05 9.98771E-05
9.98858E-05 0.193626 9.98858E-05 9.98858E-05 0.717809 9.98858E-05 9.98858E-05 0.0872673 9.98858E-05 9.98858E-05 9.98858E-05 9.98858E-05 9.98858E-05 9.98858E-05 9.98858E-05 9.98858E-05
9.98947E-05 9.98947E-05 9.98947E-05 9.98947E-05 0.461745 9.98947E-05 0.357917 0.0628151 9.98947E-05 9.98947E-05 9.98947E-05 9.98947E-05 9.98947E-05 9.98947E-05 9.98947E-05 0.116325
9.99123E-05 0.000419149 9.99123E-05 0.0673347 0.565186 9.99123E-05 0.114727 0.130813 9.99123E-05 9.99123E-05 9.99123E-05 9.99123E-05 9.99123E-05 9.99123E-05 9.99123E-05 0.120521
9.9877E-05 9.9877E-05 9.9877E-05 9.9877E-05 0.968622 9.9877E-05 9.9877E-05 9.9877E-05 9.9877E-05 9.9877E-05 0.0299797 9.9877E-05 9.9877E-05 9.9877E-05 9.9877E-05 9.9877E-05
9.99121E-05 0.0925944 9.99121E-05 0.0202283 0.797623 9.99121E-05 9.99121E-05 9.99121E-05 0.0252333 9.99121E-05 9.99121E-05 0.0254307 0.0378912 9.99121E-05 9.99121E-05 9.99121E-05
0.145901 9.98946E-05 9.98946E-05 9.98946E-05 0.504701 9.98946E-05 9.98946E-05 0.17454 9.98946E-05 9.98946E-05 9.98946E-05 9.98946E-05 9.98946E-05 9.98946E-05 9.98946E-05 0.173659
9.98859E-05 9.98859E-05 9.98859E-05 9.98859E-05 0.77846 9.98859E-05 9.98859E-05 0.0758485 9.98859E-05 9.98859E-05 9.98859E-05 9.98859E-05 9.98859E-05 9.98859E-05 9.98859E-05 0.144393
9.98946E-05 9.98946E-05 9.98946E-05 9.98946E-05 0.858636 9.98946E-05 9.98946E-05 0.06035 9.98946E-05 9.98946E-05 9.98946E-05 9.98946E-05 0.0577944 9.98946E-05 9.98946E-05 0.0220211
9.99035E-05 9.99035E-05 9.99035E-05 9.99035E-05 0.79387 9.99035E-05 0.0106209 0.0798766 0.112405 9.99035E-05 0.00212852 9.99035E-05 9.99035E-05 9.99035E-05 9.99035E-05 9.99035E-05
0.00549917 9.98948E-05 9.98948E-05 9.98948E-05 0.707899 9.98948E-05 0.0767778 9.98948E-05 9.98948E-05 9.98948E-05 9.98948E-05 9.98948E-05 9.98948E-05 9.98948E-05 9.98948E-05 0.208625
9.98681E-05 9.98681E-05 9.98681E-05 9.98681E-05 9.98681E-05 9.98681E-05 9.98681E-05 0.998502 9.98681E-05 9.98681E-05 9.98681E-05 9.98681E-05 9.98681E-05 9.98681E-05 9.98681E-05 9.98681E-05
9.98681E-05 9.98681E-05 9.98681E-05 9.98681E-05 9.98681E-05 9.98681E-05 9.98681E-05 9.98681E-05 9.98681E-05 9.98681E-05 9.98681E-05 9.98681E-05 9.98681E-05 9.98681E-05 9.98681E-05 0.998502
9.98681E-05 9.98681E-05 9.98681E-05 9.98681E-05 9.98681E-05 9.98681E-05 9.98681E-05 0.998502 9.98681E-05 9.98681E-05 9.98681E-05 9.98681E-05 9.98681E-05 9.98681E-05 9.98681E-05 9.98681E-05
9.9868E-05 9.9868E-05 9.9868E-05 9.9868E-05 9.9868E-05 9.9868E-05 9.9868E-05 9.9868E-05 9.9868E-05 9.9868E-05 9.9868E-05 9.9868E-05 9.9868E-05 9.9868E-05 9.9868E-05 0.998502
9.9868E-05 9.9868E-05 9.9868E-05 9.9868E-05 9.9868E-05 9.9868E-05 9.9868E-05 9.9868E-05 9.9868E-05 9.9868E-05 9.9868E-05 9.9868E-05 9.9868E-05 9.9868E-05 9.9868E-05 0.998502
9.98681E-05 9.98681E-05 9.98681E-05 9.98681E-05 9.98681E-05 9.98681E-05 9.98681E-05 9.98681E-05 9.98681E-05 9.98681E-05 9.98681E-05 9.98681E-05 9.98681E-05 9.98681E-05 9.98681E-05 0.998502
9.9868E-05 9.9868E-05 9.9868E-05 9.9868E-05 9.9868E-05 9.9868E-05 9.9868E-05 0.998502 9.9868E-05 9.9868E-05 9.9868E-05 9.9868E-05 9.9868E-05 9.9868E-05 9.9868E-05 9.9868E-05
9.98681E-05 9.98681E-05 9.98681E-05 9.98681E-05 9.98681E-05 9.98681E-05 9.98681E-05 9.98681E-05 9.98681E-05 9.98681E-05 9.98681E-05 9.98681E-05 9.98681E-05 9.98681E-05 9.98681E-05 0.998502
9.98681E-05 9.98681E-05 9.98681E-05 9.98681E-05 9.98681E-05 9.98681E-05 9.98681E-05 9.98681E-05 9.98681E-05 9.98681E-05 9.98681E-05 9.98681E-05 9.98681E-05 9.98681E-05 9.98681E-05 0.998502
9.9868E-05 9.9868E-05 9.9868E-05 9.9868E-05 9.9868E-05 9.9868E-05 9.9868E-05 0.998502 9.9868E-05 9.9868E-05 9.9868E-05 9.9868E-05 9.9868E-05 9.9868E-05 9.9868E-05 9.9868E-05
9.98945E-05 9.98945E-05 9.98945E-05 9.98945E-05 9.98945E-05 9.98945E-05 9.98945E-05 0.973887 0.00670111 9.98945E-05 0.00970642 9.98945E-05 9.98945E-05 0.00850642 9.98945E-05 9.98945E-05
9.9868E-05 9.9868E-05 9.9868E-05 9.9868E-05 9.9868E-05 9.9868E-05 9.9868E-05 0.998502 9.9868E-05 9.9868E-05 9.9868E-05 9.9868E-05 9.9868E-05 9.9868E-05 9.9868E-05 9.9868E-05
9.98681E-05 9.98681E-05 9.98681E-05 9.98681E-05 9.98681E-05 9.98681E-05 9.98681E-05 9.98681E-05 9.98681E-05 9.98681E-05 9.98681E-05 9.98681E-05 9.98681E-05 9.98681E-05 9.98681E-05 0.998502
9.98681E-05 9.98681E-05 9.98681E-05 9.98681E-05 9.98681E-05 9.98681E-05 9.98681E-05 9.98681E-05 9.98681E-05 9.98681E-05 9.98681E-05 9.98681E-05 9.98681E-05 9.98681E-05 9.98681E-05 0.998502
9.98681E-05 9.98681E-05 9.98681E-05 9.98681E-05 9.98681E-05 9.98681E-05 9.98681E-05 0.998502 9.98681E-05 9.98681E-05 9.98681E-05 9.98681E-05 9.98681E-05 9.98681E-05 9.98681E-05 9.98681E-05
9.98681E-05 9.98681E-05 9.98681E-05 9.98681E-05 9.98681E-05 9.98681E-05 9.98681E-05 0.998502 9.98681E-05 9.98681E-05 9.98681E-05 9.98681E-05 9.98681E-05 9.98681E-05 9.98681E-05 9.98681E-05
9.99121E-05 9.99121E-05 0.147629 9.99121E-05 0.57307 0.107194 9.99121E-05 0.0825931 0.0385627 9.99121E-05 9.99121E-05 9.99121E-05 9.99121E-05 9.99121E-05 9.99121E-05 0.0499517
9.98682E-05 9.98682E-05 9.98682E-05 9.98682E-05 9.98682E-05 9.98682E-05 9.98682E-05 0.998502 9.98682E-05 9.98682E-05 9.98682E-05 9.98682E-05 9.98682E-05 9.98682E-05 9.98682E-05 9.98682E-05
9.98681E-05 9.98681E-05 9.98681E-05 9.98681E-05 9.98681E-05 9.98681E-05 9.98681E-05 9.98681E-05 9.98681E-05 9.98681E-05 9.98681E-05 9.98681E-05 9.98681E-05 9.98681E-05 9.98681E-05 0.998502
9.98681E-05 9.98681E-05 9.98681E-05 9.98681E-05 9.98681E-05 9.98681E-05 9.98681E-05 0.998502 9.98681E-05 9.98681E-05 9.98681E-05 9.98681E-05 9.98681E-05 9.98681E-05 9.98681E-05 9.98681E-05
9.98681E-05 9.98681E-05 9.98681E-05 9.98681E-05 9.98681E-05 9.98681E-05 9.98681E-05 0.998502 9.98681E-05 9.98681E-05 9.98681E-05 9.98681E-05 9.98681E-05 9.98681E-05 9.98681E-05 9.98681E-05
9.98681E-05 9.98681E-05 9.98681E-05 9.98681E-05 9.98681E-05 9.98681E-05 9.98681E-05 0.998502 9.98681E-05 9.98681E-05 9.98681E-05 9.98681E-05 9.98681E-05 9.98681E-05 9.98681E-05 9.98681E-05
9.98681E-05 9.98681E-05 9.98681E-05 9.98681E-05 9.98681E-05 9.98681E-05 9.98681E-05 9.98681E-05 9.98681E-05 9.98681E-05 9.98681E-05 9.98681E-05 9.98681E-05 9.98681E-05 9.98681E-05 0.998502
9.98682E-05 9.98682E-05 9.98682E-05 9.98682E-05 9.98682E-05 9.98682E-05 9.98682E-05 0.998502 9.98682E-05 9.98682E-05 9.98682E-05 9.98682E-05 9.98682E-05 9.98682E-05 9.98682E-05 9.98682E-05
9.98681E-05 9.98681E-05 9.98681E-05 9.98681E-05 9.98681E-05 9.98681E-05 9.98681E-05 9.98681E-05 9.98681E-05 9.98681E-05 9.98681E-05 9.98681E-05 9.98681E-05 9.98681E-05 9.98681E-05 0.998502
9.98681E-05 9.98681E-05 9.98681E-05 9.98681E-05 9.98681E-05 9.98681E-05 9.98681E-05 0.998502 9.98681E-05 9.98681E-05 9.98681E-05 9.98681E-05 9.98681E-05 9.98681E-05 9.98681E-05 9.98681E-05
9.98681E-05 9.98681E-05 9.98681E-05 9.98681E-05 9.98681E-05 9.98681E-05 9.98681E-05 0.998502 9.98681E-05 9.98681E-05 9.98681E-05 9.98681E-05 9.98681E-05 9.98681E-05 9.98681E-05 9.98681E-05
9.9868E-05 9.9868E-05 9.9868E-05 9.9868E-05 9.9868E-05 9.9868E-05 9.9868E-05 9.9868E-05 9.9868E-05 9.9868E-05 9.9868E-05 9.9868E-05 9.9868E-05 9.9868E-05 9.9868E-05 0.998502
9.98681E-05 9.98681E-05 9.98681E-05 9.98681E-05 9.98681E-05 9.98681E-05 9.98681E-05 9.98681E-05 9.98681E-05 9.98681E-05 9.98681E-05 9.98681E-05 9.98681E-05 9.98681E-05 9.98681E-05 0.998502
9.98681E-05 9.98681E-05 9.98681E-05 9.98681E-05 9.98681E-05 9.98681E-05 9.98681E-05 9.98681E-05 9.98681E-05 9.98681E-05 9.98681E-05 9.98681E-05 9.98681E-05 9.98681E-05 9.98681E-05 0.998502
9.98681E-05 9.98681E-05 9.98681E-05 9.98681E-05 9.98681E-05 9.98681E-05 9.98681E-05 0.998502 9.98681E-05 9.98681E-05 9.98681E-05 9.98681E-05 9.98681E-05 9.98681E-05 9.98681E-05 9.98681E-05
9.98681E-05 9.98681E-05 9.98681E-05 9.98681E-05 9.98681E-05 9.98681E-05 9.98681E-05 0.998502 9.98681E-05 9.98681E-05 9.98681E-05 9.98681E-05 9.98681E-05 9.98681E-05 9.98681E-05 9.98681E-05
9.98681E-05 9.98681E-05 9.98681E-05 9.98681E-05 9.98681E-05 9.98681E-05 9.98681E-05 0.998502 9.98681E-05 9.98681E-05 9.98681E-05 9.98681E-05 9.98681E-05 9.98681E-05 9.98681E-05 9.98681E-05
9.9868E-05 9.9868E-05 9.9868E-05 9.9868E-05 9.9868E-05 9.9868E-05 9.9868E-05 0.998502 9.9868E-05 9.9868E-05 9.9868E-05 9.9868E-05 9.9868E-05 9.9868E-05 9.9868E-05 9.9868E-05
9.98681E-05 9.98681E-05 9.98681E-05 9.98681E-05 9.98681E-05 9.98681E-05 9.98681E-05 0.998502 9.98681E-05 9.98681E-05 9.98681E-05 9.98681E-05 9.98681E-05 9.98681E-05 9.98681E-05 9.98681E-05
9.9877E-05 9.9877E-05 9.9877E-05 9.9877E-05 9.9877E-05 9.9877E-05 9.9877E-05 9.9877E-05 9.9877E-05 9.9877E-05 9.9877E-05 9.9877E-05 0.0047892 9.9877E-05 9.9877E-05 0.993813
9.98681E-05 9.98681E-05 9.98681E-05 9.98681E-05 9.98681E-05 9.98681E-05 9.98681E-05 9.98681E-05 9.98681E-05 9.98681E-05 9.98681E-05 9.98681E-05 9.98681E-05 9.98681E-05 9.98681E-05 0.998502
9.9868E-05 9.9868E-05 9.9868E-05 9.9868E-05 9.9868E-05 9.9868E-05 9.9868E-05 9.9868E-05 9.9868E-05 9.9868E-05 9.9868E-05 9.9868E-05 9.9868E-05 9.9868E-05 9.9868E-05 0.998502
9.98681E-05 9.98681E-05 9.98681E-05 9.98681E-05 9.98681E-05 9.98681E-05 9.98681E-05 0.998502 9.98681E-05 9.98681E-05 9.98681E-05 9.98681E-05 9.98681E-05 9.98681E-05 9.98681E-05 9.98681E-05
9.98681E-05 9.98681E-05 9.98681E-05 9.98681E-05 9.98681E-05 9.98681E-05 9.98681E-05 9.98681E-05 9.98681E-05 9.98681E-05 9.98681E-05 9.98681E-05 9.98681E-05 9.98681E-05 9.98681E-05 0.998502
9.98681E-05 9.98681E-05 9.98681E-05 9.98681E-05 9.98681E-05 9.98681E-05 9.98681E-05 9.98681E-05 9.98681E-05 9.98681E-05 9.98681E-05 9.98681E-05 9.98681E-05 9.98681E-05 9.98681E-05 0.998502
9.98681E-05 9.98681E-05 9.98681E-05 9.98681E-05 9.98681E-05 9.98681E-05 9.98681E-05 9.98681E-05 9.98681E-05 9.98681E-05 9.98681E-05 9.98681E-05 9.98681E-05 9.98681E-05 9.98681E-05 0.998502
9.98681E-05 9.98681E-05 9.98681E-05 9.98681E-05 9.98681E-05 9.98681E-05 9.98681E-05 9.98681E-05 9.98681E-05 9.98681E-05 9.98681E-05 9.98681E-05 9.98681E-05 9.98681E-05 9.98681E-05 0.998502
9.98681E-05 9.98681E-05 9.98681E-05 9.98681E-05 9.98681E-05 9.98681E-05 9.98681E-05 0.998502 9.98681E-05 9.98681E-05 9.98681E-05 9.98681E-05 9.98681E-05 9.98681E-05 9.98681E-05 9.98681E-05
9.98681E-05 9.98681E-05 9.98681E-05 9.98681E-05 9.98681E-05 9.98681E-05 9.98681E-05 9.98681E-05 9.98681E-05 9.98681E-05 9.98681E-05 9.98681E-05 9.98681E-05 9.98681E-05 9.98681E-05 0.998502
9.98681E-05 9.98681E-05 9.98681E-05 9.98681E-05 9.98681E-05 9.98681E-05 9.98681E-05 9.98681E-05 9.98681E-05 9.98681E-05 9.98681E-05 9.98681E-05 9.98681E-05 9.98681E-05 9.98681E-05 0.998502
9.99033E-05 9.99033E-05 0.167547 9.99033E-05 0.612555 0.0664547 9.99033E-05 0.088409 9.99033E-05 9.99033E-05 9.99033E-05 9.99033E-05 9.99033E-05 9.99033E-05 9.99033E-05 0.0639355
9.98681E-05 9.98681E-05 9.98681E-05 9.98681E-05 9.98681E-05 9.98681E-05 9.98681E-05 0.998502 9.98681E-05 9.98681E-05 9.98681E-05 9.98681E-05 9.98681E-05 9.98681E-05 9.98681E-05 9.98681E-05
9.98681E-05 9.98681E-05 9.98681E-05 9.98681E-05 9.98681E-05 9.98681E-05 9.98681E-05 9.98681E-05 9.98681E-05 9.98681E-05 9.98681E-05 9.98681E-05 9.98681E-05 9.98681E-05 9.98681E-05 0.998502
9.9868E-05 9.9868E-05 9.9868E-05 9.9868E-05 9.9868E-05 9.9868E-05 9.9868E-05 9.9868E-05 9.9868E-05 9.9868E-05 9.9868E-05 9.9868E-05 9.9868E-05 9.9868E-05 9.9868E-05 0.998502
9.98681E-05 9.98681E-05 9.98681E-05 9.98681E-05 9.98681E-05 9.98681E-05 9.98681E-05 9.98681E-05 9.98681E-05 9.98681E-05 9.98681E-05 9.98681E-05 9.98681E-05 9.98681E-05 9.98681E-05 0.998502
9.98681E-05 9.98681E-05 9.98681E-05 9.98681E-05 9.98681E-05 9.98681E-05 9.98681E-05 9.98681E-05 9.98681E-05 9.98681E-05 9.98681E-05 9.98681E-05 9.98681E-05 9.98681E-05 9.98681E-05 0.998502
9.9868E-05 9.9868E-05 9.9868E-05 9.9868E-05 9.9868E-05 9.9868E-05 9.9868E-05 0.998502 9.9868E-05 9.9868E-05 9.9868E-05 9.9868E-05 9.9868E-05 9.9868E-05 9.9868E-05 9.9868E-05
9.98681E-05 9.98681E-05 9.98681E-05 9.98681E-05 9.98681E-05 9.98681E-05 9.98681E-05 9.98681E-05 9.98681E-05 9.98681E-05 9.98681E-05 9.98681E-05 9.98681E-05 9.98681E-05 9.98681E-05 0.998502
9.98681E-05 9.98681E-05 9.98681E-05 9.98681E-05 9.98681E-05 9.98681E-05 9.98681E-05 0.998502 9.98681E-05 9.98681E-05 9.98681E-05 9.98681E-05 9.98681E-05 9.98681E-05 9.98681E-05 9.98681E-05
9.98681E-05 9.98681E-05 9.98681E-05 9.98681E-05 9.98681E-05 9.98681E-05 9.98681E-05 9.98681E-05 9.98681E-05 9.98681E-05 9.98681E-05 9.98681E-05 9.98681E-05 9.98681E-05 9.98681E-05 0.998502
9.9868E-05 9.9868E-05 9.9868E-05 9.9868E-05 9.9868E-05 9.9868E-05 9.9868E-05 0.998502 9.9868E-05 9.9868E-05 9.9868E-05 9.9868E-05 9.9868E-05 9.9868E-05 9.9868E-05 9.9868E-05
9.98681E-05 9.98681E-05 9.98681E-05 9.98681E-05 9.98681E-05 9.98681E-05 9.98681E-05 9.98681E-05 9.98681E-05 9.98681E-05 9.98681E-05 9.98681E-05 9.98681E-05 9.98681E-05 9.98681E-05 0.998502
9.98681E-05 9.98681E-05 9.98681E-05 9.98681E-05 9.98681E-05 9.98681E-05 9.98681E-05 9.98681E-05 9.98681E-05 9.98681E-05 9.98681E-05 9.98681E-05 9.98681E-05 9.98681E-05 9.98681E-05 0.998502
9.98681E-05 9.98681E-05 9.98681E-05 9.98681E-05 9.98681E-05 9.98681E-05 9.98681E-05 9.98681E-05 9.98681E-05 9.98681E-05 9.98681E-05 9.98681E-05 9.98681E-05 9.98681E-05 9.98681E-05 0.998502
9.98681E-05 9.98681E-05 9.98681E-05 9.98681E-05 9.98681E-05 9.98681E-05 9.98681E-05 9.98681E-05 9.98681E-05 9.98681E-05 9.98681E-05 9.98681E-05 9.98681E-05 9.98681E-05 9.98681E-05 0.998502
9.98681E-05 9.98681E-05 9.98681E-05 9.98681E-05 9.98681E-05 9.98681E-05 9.98681E-05 9.98681E-05 9.98681E-05 9.98681E-05 9.98681E-05 9.98681E-05 9.98681E-05 9.98681E-05 9.98681E-05 0.998502
9.98681E-05 9.98681E-05 9.98681E-05 9.98681E-05 9.98681E-05 9.98681E-05 9.98681E-05 9.98681E-05 9.98681E-05 9.98681E-05 9.98681E-05 9.98681E-05 9.98681E-05 9.98681E-05 9.98681E-05 0.998502
9.98681E-05 9.98681E-05 9.98681E-05 9.98681E-05 9.98681E-05 9.98681E-05 9.98681E-05 0.998502 9.98681E-05 9.98681E-05 9.98681E-05 9.98681E-05 9.98681E-05 9.98681E-05 9.98681E-05 9.98681E-05
9.9868E-05 9.9868E-05 9.9868E-05 9.9868E-05 9.9868E-05 9.9868E-05 9.9868E-05 0.998502 9.9868E-05 9.9868E-05 9.9868E-05 9.9868E-05 9.9868E-05 9.9868E-05 9.9868E-05 9.9868E-05
9.98681E-05 9.98681E-05 9.98681E-05 9.98681E-05 9.98681E-05 9.98681E-05 9.98681E-05 0.998502 9.98681E-05 9.98681E-05 9.98681E-05 9.98681E-05 9.98681E-05 9.98681E-05 9.98681E-05 9.98681E-05
9.98682E-05 9.98682E-05 9.98682E-05 9.98682E-05 9.98682E-05 9.98682E-05 9.98682E-05 9.98682E-05 9.98682E-05 9.98682E-05 9.98682E-05 9.98682E-05 9.98682E-05 9.98682E-05 9.98682E-05 0.998502
9.98681E-05 9.98681E-05 9.98681E-05 9.98681E-05 9.98681E-05 9.98681E-05 9.98681E-05 0.998502 9.98681E-05 9.98681E-05 9.98681E-05 9.98681E-05 9.98681E-05 9.98681E-05 9.98681E-05 9.98681E-05
9.98681E-05 9.98681E-05 9.98681E-05 9.98681E-05 9.98681E-05 9.98681E-05 9.98681E-05 0.998502 9.98681E-05 9.98681E-05 9.98681E-05 9.98681E-05 9.98681E-05 9.98681E-05 9.98681E-05 9.98681E-05
9.98681E-05 9.98681E-05 9.98681E-05 9.98681E-05 9.98681E-05 9.98681E-05 9.98681E-05 0.998502 9.98681E-05 9.98681E-05 9.98681E-05 9.98681E-05 9.98681E-05 9.98681E-05 9.98681E-05 9.98681E-05
9.98681E-05 9.98681E-05 9.98681E-05 9.98681E-05 9.98681E-05 9.98681E-05 9.98681E-05 9.98681E-05 9.98681E-05 9.98681E-05 9.98681E-05 9.98681E-05 9.98681E-05 9.98681E-05 9.98681E-05 0.998502
9.98681E-05 9.98681E-05 9.98681E-05 9.98681E-05 9.98681E-05 9.98681E-05 9.98681E-05 9.98681E-05 9.98681E-05 9.98681E-05 9.98681E-05 9.98681E-05 9.98681E-05 9.98681E-05 9.98681E-05 0.998502
9.98681E-05 9.98681E-05 9.98681E-05 9.98681E-05 9.98681E-05 9.98681E-05 9.98681E-05 9.98681E-05 9.98681E-05 9.98681E-05 9.98681E-05 9.98681E-05 9.98681E-05 9.98681E-05 9.98681E-05 0.998502
