0.0236977 9.98331E-05 0.30586 0.0730837 9.98331E-05 0.0415095 9.98331E-05 9.98331E-05 9.98331E-05 9.98331E-05 9.98331E-05 9.98331E-05 9.98331E-05 0.418042 9.98331E-05 9.98331E-05 9.98331E-05 9.98331E-05 0.0420671 9.98331E-05 0.0754125 9.98331E-05 9.98331E-05 9.98331E-05 0.0184307 9.98331E-05 9.98331E-05
9.98333E-05 9.98333E-05 0.045109 9.98333E-05 9.98333E-05 0.10524 9.98333E-05 9.98333E-05 0.33169 0.166358 9.98333E-05 9.98333E-05 9.98333E-05 0.0347944 0.0648134 9.98333E-05 9.98333E-05 9.98333E-05 9.98333E-05 9.98333E-05 9.98333E-05 9.98333E-05 9.98333E-05 0.00767851 0.24242 9.98333E-05 9.98333E-05
9.97983E-05 9.97983E-05 9.97983E-05 9.97983E-05 9.97983E-05 9.97983E-05 0.0075767 9.97983E-05 0.947941 9.97983E-05 9.97983E-05 9.97983E-05 9.97983E-05 9.97983E-05 9.97983E-05 9.97983E-05 9.97983E-05 9.97983E-05 9.97983E-05 9.97983E-05 0.0314829 0.0107043 9.97983E-05 9.97983E-05 9.97983E-05 9.97983E-05 9.97983E-05
0.0724089 9.98684E-05 0.090445 0.0505448 9.98684E-05 9.98684E-05 9.98684E-05 0.275323 9.98684E-05 0.222213 0.0170621 0.0414614 9.98684E-05 0.0117658 9.98684E-05 9.98684E-05 9.98684E-05 9.98684E-05 9.98684E-05 9.98684E-05 0.042857 0.0911114 9.98684E-05 9.98684E-05 0.0793987 0.00391154 9.98684E-05
9.97896E-05 9.97896E-05 9.97896E-05 9.97896E-05 9.97896E-05 0.0190488 9.97896E-05 9.97896E-05 9.97896E-05 9.97896E-05 0.0298115 9.97896E-05 9.97896E-05 9.97896E-05 9.97896E-05 9.97896E-05 9.97896E-05 9.97896E-05 9.97896E-05 9.97896E-05 9.97896E-05 9.97896E-05 9.97896E-05 9.97896E-05 0.948745 9.97896E-05 9.97896E-05
9.98333E-05 9.98333E-05 0.246619 9.98333E-05 9.98333E-05 9.98333E-05 9.98333E-05 9.98333E-05 0.051023 0.242517 0.0995287 0.157463 9.98333E-05 9.98333E-05 0.0107096 9.98333E-05 9.98333E-05 0.0325201 9.98333E-05 9.98333E-05 9.98333E-05 0.157723 9.98333E-05 9.98333E-05 9.98333E-05 9.98333E-05 9.98333E-05
0.0861047 0.102302 0.217745 0.0420526 9.98509E-05 0.0865566 0.025829 0.0618905 9.98509E-05 9.98509E-05 9.98509E-05 0.0043712 9.98509E-05 9.98509E-05 9.98509E-05 9.98509E-05 9.98509E-05 9.98509E-05 9.98509E-05 0.0374425 9.98509E-05 9.98509E-05 9.98509E-05 9.98509E-05 0.334008 9.98509E-05 9.98509E-05
0.11916 9.9842E-05 0.125455 0.0135606 9.9842E-05 9.9842E-05 9.9842E-05 9.9842E-05 9.9842E-05 0.339771 0.117672 9.9842E-05 9.9842E-05 9.9842E-05 9.9842E-05 0.0828102 9.9842E-05 0.0468607 0.125344 9.9842E-05 9.9842E-05 9.9842E-05 9.9842E-05 9.9842E-05 9.9842E-05 9.9842E-05 0.0275695
0.0503292 9.98245E-05 9.98245E-05 9.98245E-05 9.98245E-05 9.98245E-05 0.13606 9.98245E-05 9.98245E-05 0.0836319 0.231509 9.98245E-05 9.98245E-05 0.215063 9.98245E-05 9.98245E-05 9.98245E-05 9.98245E-05 9.98245E-05 0.0773455 0.204065 9.98245E-05 9.98245E-05 9.98245E-05 9.98245E-05 9.98245E-05 9.98245E-05
9.9772E-05 9.9772E-05 9.9772E-05 9.9772E-05 9.9772E-05 9.9772E-05 9.9772E-05 9.9772E-05 9.9772E-05 9.9772E-05 9.9772E-05 9.9772E-05 9.9772E-05 0.997406 9.9772E-05 9.9772E-05 9.9772E-05 9.9772E-05 9.9772E-05 9.9772E-05 9.9772E-05 9.9772E-05 9.9772E-05 9.9772E-05 9.9772E-05 9.9772E-05 9.9772E-05
9.97983E-05 9.97983E-05 0.200976 0.100551 9.97983E-05 9.97983E-05 9.97983E-05 9.97983E-05 9.97983E-05 9.97983E-05 9.97983E-05 9.97983E-05 9.97983E-05 0.593982 9.97983E-05 9.97983E-05 9.97983E-05 9.97983E-05 9.97983E-05 9.97983E-05 0.102194 9.97983E-05 9.97983E-05 9.97983E-05 9.97983E-05 9.97983E-05 9.97983E-05
9.97719E-05 9.97719E-05 9.97719E-05 9.97719E-05 9.97719E-05 9.97719E-05 9.97719E-05 9.97719E-05 0.997406 9.97719E-05 9.97719E-05 9.97719E-05 9.97719E-05 9.97719E-05 9.97719E-05 9.97719E-05 9.97719E-05 9.97719E-05 9.97719E-05 9.97719E-05 9.97719E-05 9.97719E-05 9.97719E-05 9.97719E-05 9.97719E-05 9.97719E-05 9.97719E-05
0.0140283 9.97983E-05 9.97983E-05 9.97983E-05 9.97983E-05 9.97983E-05 9.97983E-05 9.97983E-05 9.97983E-05 9.97983E-05 9.97983E-05 9.97983E-05 9.97983E-05 0.135786 9.97983E-05 9.97983E-05 9.97983E-05 9.97983E-05 9.97983E-05 9.97983E-05 0.0453632 9.97983E-05 9.97983E-05 9.97983E-05 0.802527 9.97983E-05 9.97983E-05
9.98071E-05 9.98071E-05 9.98071E-05 9.98071E-05 0.00356114 9.98071E-05 9.98071E-05 9.98071E-05 9.98071E-05 9.98071E-05 9.98071E-05 9.98071E-05 9.98071E-05 9.98071E-05 9.98071E-05 9.98071E-05 0.0968444 9.98071E-05 9.98071E-05 9.98071E-05 0.0211563 9.98071E-05 0.0207763 9.98071E-05 0.855466 9.98071E-05 9.98071E-05
9.98334E-05 9.98334E-05 0.121803 9.98334E-05 9.98334E-05 9.98334E-05 0.0106068 9.98334E-05 9.98334E-05 9.98334E-05 0.127103 9.98334E-05 9.98334E-05 0.421525 9.98334E-05 9.98334E-05 9.98334E-05 9.98334E-05 0.0339448 9.98334E-05 0.105961 0.0937021 0.0834563 9.98334E-05 9.98334E-05 9.98334E-05 9.98334E-05
0.116365 9.9842E-05 0.0755397 9.9842E-05 9.9842E-05 9.9842E-05 9.9842E-05 0.0731701 9.9842E-05 0.242364 0.170597 9.9842E-05 9.9842E-05 9.9842E-05 0.0060691 0.138889 9.9842E-05 9.9842E-05 9.9842E-05 9.9842E-05 0.0904078 9.9842E-05 9.9842E-05 9.9842E-05 0.0848013 9.9842E-05 9.9842E-05
9.98158E-05 9.98158E-05 9.98158E-05 9.98158E-05 9.98158E-05 0.030525 9.98158E-05 9.98158E-05 9.98158E-05 0.581741 9.98158E-05 9.98158E-05 0.11021 0.0955089 9.98158E-05 9.98158E-05 9.98158E-05 9.98158E-05 9.98158E-05 0.143558 0.03636 9.98158E-05 9.98158E-05 9.98158E-05 9.98158E-05 9.98158E-05 9.98158E-05
0.104133 9.98245E-05 0.440449 9.98245E-05 9.98245E-05 9.98245E-05 9.98245E-05 9.98245E-05 9.98245E-05 9.98245E-05 0.00423733 9.98245E-05 9.98245E-05 9.98245E-05 9.98245E-05 9.98245E-05 9.98245E-05 9.98245E-05 9.98245E-05 9.98245E-05 0.0734719 9.98245E-05 9.98245E-05 9.98245E-05 0.181366 0.0891864 0.10516
0.0999876 9.98157E-05 9.98157E-05 9.98157E-05 0.0542109 9.98157E-05 9.98157E-05 9.98157E-05 9.98157E-05 9.98157E-05 0.164384 0.114409 9.98157E-05 0.424574 9.98157E-05 9.98157E-05 9.98157E-05 9.98157E-05 9.98157E-05 9.98157E-05 0.140338 9.98157E-05 9.98157E-05 9.98157E-05 9.98157E-05 9.98157E-05 9.98157E-05
9.97722E-05 9.97722E-05 9.97722E-05 9.97722E-05 9.97722E-05 9.97722E-05 9.97722E-05 9.97722E-05 9.97722E-05 9.97722E-05 9.97722E-05 9.97722E-05 9.97722E-05 0.997406 9.97722E-05 9.97722E-05 9.97722E-05 9.97722E-05 9.97722E-05 9.97722E-05 9.97722E-05 9.97722E-05 9.97722E-05 9.97722E-05 9.97722E-05 9.97722E-05 9.97722E-05
9.98421E-05 9.98421E-05 9.98421E-05 0.0539913 9.98421E-05 9.98421E-05 0.0199737 9.98421E-05 9.98421E-05 0.426961 0.0659409 9.98421E-05 9.98421E-05 0.129408 9.98421E-05 0.0830281 9.98421E-05 9.98421E-05 9.98421E-05 0.202486 0.00386616 9.98421E-05 0.0125478 9.98421E-05 9.98421E-05 9.98421E-05 9.98421E-05
0.24898 9.9851E-05 9.9851E-05 0.0110819 0.0283026 9.9851E-05 9.9851E-05 9.9851E-05 9.9851E-05 9.9851E-05 0.0932933 0.0629187 9.9851E-05 0.259759 9.9851E-05 9.9851E-05 9.9851E-05 0.138281 0.0351972 9.9851E-05 9.9851E-05 9.9851E-05 9.9851E-05 0.112279 0.00821052 9.9851E-05 9.9851E-05
9.97982E-05 9.97982E-05 0.229002 9.97982E-05 9.97982E-05 9.97982E-05 9.97982E-05 9.97982E-05 0.0517832 0.694541 9.97982E-05 9.97982E-05 9.97982E-05 9.97982E-05 9.97982E-05 9.97982E-05 9.97982E-05 9.97982E-05 9.97982E-05 9.97982E-05 0.0223783 9.97982E-05 9.97982E-05 9.97982E-05 9.97982E-05 9.97982E-05 9.97982E-05
0.20872 9.98071E-05 0.0549981 9.98071E-05 9.98071E-05 9.98071E-05 0.0311326 9.98071E-05 9.98071E-05 9.98071E-05 9.98071E-05 9.98071E-05 9.98071E-05 9.98071E-05 9.98071E-05 9.98071E-05 9.98071E-05 9.98071E-05 9.98071E-05 9.98071E-05 0.229118 9.98071E-05 9.98071E-05 9.98071E-05 0.473835 9.98071E-05 9.98071E-05
0.013156 9.98332E-05 9.98332E-05 9.98332E-05 0.125251 9.98332E-05 9.98332E-05 9.98332E-05 9.98332E-05 0.0758976 9.98332E-05 9.98332E-05 9.98332E-05 0.00715833 9.98332E-05 9.98332E-05 9.98332E-05 9.98332E-05 9.98332E-05 9.98332E-05 0.305556 0.144732 9.98332E-05 9.98332E-05 0.303489 0.0228625 9.98332E-05
9.98071E-05 9.98071E-05 9.98071E-05 9.98071E-05 9.98071E-05 9.98071E-05 9.98071E-05 9.98071E-05 9.98071E-05 9.98071E-05 9.98071E-05 9.98071E-05 0.038129 0.820899 9.98071E-05 9.98071E-05 9.98071E-05 9.98071E-05 9.98071E-05 0.0688858 0.00675043 0.0631395 9.98071E-05 9.98071E-05 9.98071E-05 9.98071E-05 9.98071E-05
0.154006 9.98244E-05 9.98244E-05 9.98244E-05 9.98244E-05 9.98244E-05 9.98244E-05 0.0692601 9.98244E-05 9.98244E-05 9.98244E-05 9.98244E-05 9.98244E-05 0.165176 9.98244E-05 9.98244E-05 9.98244E-05 9.98244E-05 9.98244E-05 9.98244E-05 0.0854317 0.168082 9.98244E-05 0.283243 9.98244E-05 9.98244E-05 0.0728041
9.98159E-05 9.98159E-05 9.98159E-05 9.98159E-05 9.98159E-05 9.98159E-05 9.98159E-05 0.0646514 9.98159E-05 9.98159E-05 9.98159E-05 0.0438583 9.98159E-05 0.283835 9.98159E-05 9.98159E-05 9.98159E-05 9.98159E-05 9.98159E-05 9.98159E-05 0.0214909 9.98159E-05 0.00702068 9.98159E-05 0.577048 9.98159E-05 9.98159E-05
0.0661441 9.98333E-05 0.109304 9.98333E-05 9.98333E-05 9.98333E-05 9.98333E-05 9.98333E-05 0.586081 9.98333E-05 9.98333E-05 9.98333E-05 9.98333E-05 0.00136713 9.98333E-05 9.98333E-05 0.00544589 9.98333E-05 9.98333E-05 9.98333E-05 0.132254 0.0159847 9.98333E-05 9.98333E-05 0.0815217 9.98333E-05 9.98333E-05
9.97984E-05 9.97984E-05 9.97984E-05 9.97984E-05 9.97984E-05 9.97984E-05 9.97984E-05 9.97984E-05 0.611887 9.97984E-05 0.0155044 9.97984E-05 9.97984E-05 0.284874 0.0854393 9.97984E-05 9.97984E-05 9.97984E-05 9.97984E-05 9.97984E-05 9.97984E-05 9.97984E-05 9.97984E-05 9.97984E-05 9.97984E-05 9.97984E-05 9.97984E-05
0.0621676 9.98158E-05 9.98158E-05 0.0544488 0.0861017 9.98158E-05 9.98158E-05 9.98158E-05 9.98158E-05 9.98158E-05 9.98158E-05 9.98158E-05 9.98158E-05 0.690992 0.104047 9.98158E-05 9.98158E-05 9.98158E-05 9.98158E-05 9.98158E-05 0.000146306 9.98158E-05 9.98158E-05 9.98158E-05 9.98158E-05 9.98158E-05 9.98158E-05
9.98421E-05 9.98421E-05 0.0256194 0.00677024 9.98421E-05 9.98421E-05 9.98421E-05 0.00822239 9.98421E-05 0.608096 9.98421E-05 9.98421E-05 9.98421E-05 0.0598906 9.98421E-05 9.98421E-05 9.98421E-05 9.98421E-05 9.98421E-05 0.0203574 0.055259 0.137865 9.98421E-05 9.98421E-05 0.0761222 9.98421E-05 9.98421E-05
0.0229881 9.98332E-05 0.0654419 0.101641 0.00286693 9.98332E-05 9.98332E-05 9.98332E-05 9.98332E-05 9.98332E-05 9.98332E-05 9.98332E-05 9.98332E-05 9.98332E-05 0.0422835 0.0452597 9.98332E-05 9.98332E-05 9.98332E-05 9.98332E-05 0.108484 9.98332E-05 9.98332E-05 9.98332E-05 0.609138 9.98332E-05 9.98332E-05
0.147265 9.9807E-05 9.9807E-05 0.0190947 9.9807E-05 9.9807E-05 9.9807E-05 9.9807E-05 0.642754 9.9807E-05 9.9807E-05 9.9807E-05 9.9807E-05 9.9807E-05 9.9807E-05 9.9807E-05 9.9807E-05 9.9807E-05 9.9807E-05 9.9807E-05 0.0798886 0.108802 9.9807E-05 9.9807E-05 9.9807E-05 9.9807E-05 9.9807E-05
9.97897E-05 9.97897E-05 9.97897E-05 0.0561762 9.97897E-05 9.97897E-05 9.97897E-05 9.97897E-05 0.92664 9.97897E-05 9.97897E-05 9.97897E-05 9.97897E-05 9.97897E-05 9.97897E-05 9.97897E-05 9.97897E-05 9.97897E-05 9.97897E-05 9.97897E-05 9.97897E-05 9.97897E-05 9.97897E-05 9.97897E-05 9.97897E-05 9.97897E-05 0.014789
9.98072E-05 9.98072E-05 9.98072E-05 9.98072E-05 9.98072E-05 9.98072E-05 9.98072E-05 0.107796 9.98072E-05 9.98072E-05 9.98072E-05 9.98072E-05 9.98072E-05 0.814779 0.04611 9.98072E-05 9.98072E-05 9.98072E-05 9.98072E-05 0.0274598 9.98072E-05 9.98072E-05 9.98072E-05 0.00165991 9.98072E-05 9.98072E-05 9.98072E-05
9.97984E-05 0.0564739 9.97984E-05 9.97984E-05 9.97984E-05 9.97984E-05 9.97984E-05 9.97984E-05 9.97984E-05 0.608686 9.97984E-05 9.97984E-05 9.97984E-05 0.299307 0.0332371 9.97984E-05 9.97984E-05 9.97984E-05 9.97984E-05 9.97984E-05 9.97984E-05 9.97984E-05 9.97984E-05 9.97984E-05 9.97984E-05 9.97984E-05 9.97984E-05
0.0123419 9.97985E-05 9.97985E-05 9.97985E-05 9.97985E-05 9.97985E-05 9.97985E-05 9.97985E-05 0.709897 9.97985E-05 0.24145 9.97985E-05 9.97985E-05 9.97985E-05 9.97985E-05 9.97985E-05 0.0340148 9.97985E-05 9.97985E-05 9.97985E-05 9.97985E-05 9.97985E-05 9.97985E-05 9.97985E-05 9.97985E-05 9.97985E-05 9.97985E-05
0.00898695 9.98245E-05 9.98245E-05 0.0152997 9.98245E-05 0.0464948 9.98245E-05 9.98245E-05 0.800329 9.98245E-05 0.0111117 9.98245E-05 9.98245E-05 9.98245E-05 9.98245E-05 9.98245E-05 9.98245E-05 0.0195208 9.98245E-05 9.98245E-05 0.096261 9.98245E-05 9.98245E-05 9.98245E-05 9.98245E-05 9.98245E-05 9.98245E-05
9.98154E-05 9.98154E-05 9.98154E-05 0.00855667 9.98154E-05 9.98154E-05 9.98154E-05 9.98154E-05 9.98154E-05 0.709825 9.98154E-05 0.0208123 9.98154E-05 9.98154E-05 9.98154E-05 0.0386453 9.98154E-05 9.98154E-05 9.98154E-05 9.98154E-05 0.128961 0.0911034 9.98154E-05 9.98154E-05 9.98154E-05 9.98154E-05 9.98154E-05
9.97813E-05 9.97813E-05 9.97813E-05 0.00728661 9.97813E-05 9.97813E-05 9.97813E-05 9.97813E-05 9.97813E-05 9.97813E-05 9.97813E-05 9.97813E-05 9.97813E-05 0.990219 9.97813E-05 9.97813E-05 9.97813E-05 9.97813E-05 9.97813E-05 9.97813E-05 9.97813E-05 9.97813E-05 9.97813E-05 9.97813E-05 9.97813E-05 9.97813E-05 9.97813E-05
0.105975 9.98161E-05 9.98161E-05 9.98161E-05 9.98161E-05 9.98161E-05 9.98161E-05 9.98161E-05 0.321856 9.98161E-05 9.98161E-05 9.98161E-05 9.98161E-05 0.0634575 9.98161E-05 9.98161E-05 9.98161E-05 9.98161E-05 9.98161E-05 9.98161E-05 0.0215925 9.98161E-05 9.98161E-05 0.0715274 0.413495 9.98161E-05 9.98161E-05
9.97719E-05 9.97719E-05 9.97719E-05 9.97719E-05 9.97719E-05 9.97719E-05 9.97719E-05 9.97719E-05 9.97719E-05 9.97719E-05 9.97719E-05 9.97719E-05 9.97719E-05 9.97719E-05 9.97719E-05 9.97719E-05 9.97719E-05 9.97719E-05 9.97719E-05 9.97719E-05 9.97719E-05 9.97719E-05 9.97719E-05 9.97719E-05 0.997406 9.97719E-05 9.97719E-05
0.0497287 9.98158E-05 0.241254 9.98158E-05 9.98158E-05 9.98158E-05 0.0409925 9.98158E-05 0.486072 9.98158E-05 0.0712423 9.98158E-05 9.98158E-05 9.98158E-05 9.98158E-05 9.98158E-05 9.98158E-05 9.98158E-05 9.98158E-05 9.98158E-05 0.108615 9.98158E-05 9.98158E-05 9.98158E-05 9.98158E-05 9.98158E-05 9.98158E-05
0.346591 9.98159E-05 9.98159E-05 9.98159E-05 9.98159E-05 9.98159E-05 9.98159E-05 0.101745 0.307206 0.00633504 9.98159E-05 0.0331088 9.98159E-05 9.98159E-05 9.98159E-05 9.98159E-05 9.98159E-05 9.98159E-05 9.98159E-05 9.98159E-05 0.202918 9.98159E-05 9.98159E-05 9.98159E-05 9.98159E-05 9.98159E-05 9.98159E-05
9.9807E-05 9.9807E-05 9.9807E-05 9.9807E-05 9.9807E-05 9.9807E-05 9.9807E-05 9.9807E-05 0.407492 9.9807E-05 9.9807E-05 0.00727797 9.9807E-05 0.511131 9.9807E-05 9.9807E-05 9.9807E-05 9.9807E-05 9.9807E-05 9.9807E-05 0.0430653 9.9807E-05 9.9807E-05 9.9807E-05 9.9807E-05 0.0288381 9.9807E-05
9.97895E-05 9.97895E-05 9.97895E-05 9.97895E-05 9.97895E-05 9.97895E-05 9.97895E-05 9.97895E-05 9.97895E-05 9.97895E-05 9.97895E-05 9.97895E-05 9.97895E-05 9.97895E-05 9.97895E-05 9.97895E-05 9.97895E-05 9.97895E-05 9.97895E-05 9.97895E-05 0.0625082 9.97895E-05 9.97895E-05 9.97895E-05 0.917099 9.97895E-05 0.0179973
9.9772E-05 9.9772E-05 9.9772E-05 9.9772E-05 9.9772E-05 9.9772E-05 9.9772E-05 9.9772E-05 0.997406 9.9772E-05 9.9772E-05 9.9772E-05 9.9772E-05 9.9772E-05 9.9772E-05 9.9772E-05 9.9772E-05 9.9772E-05 9.9772E-05 9.9772E-05 9.9772E-05 9.9772E-05 9.9772E-05 9.9772E-05 9.9772E-05 9.9772E-05 9.9772E-05
0.125018 9.98244E-05 0.021145 9.98244E-05 9.98244E-05 9.98244E-05 9.98244E-05 0.0106448 0.27035 0.443998 9.98244E-05 9.98244E-05 9.98244E-05 9.98244E-05 9.98244E-05 9.98244E-05 9.98244E-05 9.98244E-05 9.98244E-05 9.98244E-05 0.0990906 9.98244E-05 9.98244E-05 9.98244E-05 0.0277577 9.98244E-05 9.98244E-05
9.97808E-05 9.97808E-05 9.97808E-05 9.97808E-05 9.97808E-05 9.97808E-05 9.97808E-05 9.97808E-05 9.97808E-05 0.989863 9.97808E-05 0.0076424 9.97808E-05 9.97808E-05 9.97808E-05 9.97808E-05 9.97808E-05 9.97808E-05 9.97808E-05 9.97808E-05 9.97808E-05 9.97808E-05 9.97808E-05 9.97808E-05 9.97808E-05 9.97808E-05 9.97808E-05
9.98596E-05 9.98596E-05 0.0770718 0.095782 9.98596E-05 9.98596E-05 0.00627471 0.0658826 0.260422 9.98596E-05 0.035807 9.98596E-05 9.98596E-05 9.98596E-05 9.98596E-05 9.98596E-05 9.98596E-05 9.98596E-05 9.98596E-05 9.98596E-05 0.16258 0.08749 0.0051568 0.103281 0.0986543 9.98596E-05 9.98596E-05
0.188038 9.97982E-05 9.97982E-05 9.97982E-05 9.97982E-05 9.97982E-05 0.0216299 0.0650545 9.97982E-05 9.97982E-05 9.97982E-05 9.97982E-05 9.97982E-05 9.97982E-05 9.97982E-05 9.97982E-05 9.97982E-05 9.97982E-05 9.97982E-05 9.97982E-05 9.97982E-05 9.97982E-05 9.97982E-05 9.97982E-05 0.722982 9.97982E-05 9.97982E-05
9.9781E-05 9.9781E-05 9.9781E-05 9.9781E-05 9.9781E-05 9.9781E-05 9.9781E-05 9.9781E-05 9.9781E-05 9.9781E-05 9.9781E-05 9.9781E-05 9.9781E-05 0.986916 9.9781E-05 9.9781E-05 9.9781E-05 9.9781E-05 9.9781E-05 9.9781E-05 9.9781E-05 9.9781E-05 9.9781E-05 9.9781E-05 9.9781E-05 9.9781E-05 0.0105893
9.98157E-05 9.98157E-05 9.98157E-05 9.98157E-05 9.98157E-05 9.98157E-05 9.98157E-05 9.98157E-05 0.126494 0.712825 9.98157E-05 9.98157E-05 9.98157E-05 9.98157E-05 0.0482252 0.101756 9.98157E-05 9.98157E-05 9.98157E-05 9.98157E-05 0.00784919 9.98157E-05 9.98157E-05 9.98157E-05 9.98157E-05 9.98157E-05 0.000755228
9.97986E-05 9.97986E-05 9.97986E-05 9.97986E-05 0.157071 9.97986E-05 9.97986E-05 9.97986E-05 0.758771 0.0603865 9.97986E-05 0.0214761 9.97986E-05 9.97986E-05 9.97986E-05 9.97986E-05 9.97986E-05 9.97986E-05 9.97986E-05 9.97986E-05 9.97986E-05 9.97986E-05 9.97986E-05 9.97986E-05 9.97986E-05 9.97986E-05 9.97986E-05
9.98247E-05 9.98247E-05 9.98247E-05 9.98247E-05 9.98247E-05 9.98247E-05 9.98247E-05 9.98247E-05 0.474695 0.043118 9.98247E-05 0.100348 9.98247E-05 9.98247E-05 0.0726222 9.98247E-05 9.98247E-05 9.98247E-05 9.98247E-05 9.98247E-05 9.98247E-05 0.0118369 9.98247E-05 9.98247E-05 0.251121 0.044262 9.98247E-05
9.97981E-05 9.97981E-05 9.97981E-05 9.97981E-05 9.97981E-05 0.0315981 9.97981E-05 9.97981E-05 9.97981E-05 9.97981E-05 9.97981E-05 0.0234829 9.97981E-05 0.907321 9.97981E-05 9.97981E-05 9.97981E-05 9.97981E-05 9.97981E-05 9.97981E-05 9.97981E-05 9.97981E-05 9.97981E-05 9.97981E-05 9.97981E-05 9.97981E-05 0.035303
9.97985E-05 9.97985E-05 9.97985E-05 0.00976293 9.97985E-05 9.97985E-05 9.97985E-05 0.149579 9.97985E-05 0.00762404 9.97985E-05 9.97985E-05 9.97985E-05 0.830739 9.97985E-05 9.97985E-05 9.97985E-05 9.97985E-05 9.97985E-05 9.97985E-05 9.97985E-05 9.97985E-05 9.97985E-05 9.97985E-05 9.97985E-05 9.97985E-05 9.97985E-05
9.97807E-05 9.97807E-05 9.97807E-05 9.97807E-05 9.97807E-05 9.97807E-05 9.97807E-05 9.97807E-05 0.462393 9.97807E-05 9.97807E-05 9.97807E-05 9.97807E-05 9.97807E-05 9.97807E-05 9.97807E-05 9.97807E-05 9.97807E-05 9.97807E-05 9.97807E-05 9.97807E-05 9.97807E-05 9.97807E-05 9.97807E-05 0.535113 9.97807E-05 9.97807E-05
9.98071E-05 9.98071E-05 0.843946 0.0102199 9.98071E-05 0.0709894 9.98071E-05 9.98071E-05 9.98071E-05 9.98071E-05 9.98071E-05 9.98071E-05 9.98071E-05 9.98071E-05 9.98071E-05 9.98071E-05 9.98071E-05 9.98071E-05 9.98071E-05 9.98071E-05 0.069763 9.98071E-05 0.00288613 9.98071E-05 9.98071E-05 9.98071E-05 9.98071E-05
9.97718E-05 9.97718E-05 9.97718E-05 9.97718E-05 9.97718E-05 9.97718E-05 9.97718E-05 9.97718E-05 9.97718E-05 9.97718E-05 9.97718E-05 9.97718E-05 9.97718E-05 9.97718E-05 0.997406 9.97718E-05 9.97718E-05 9.97718E-05 9.97718E-05 9.97718E-05 9.97718E-05 9.97718E-05 9.97718E-05 9.97718E-05 9.97718E-05 9.97718E-05 9.97718E-05
9.97982E-05 9.97982E-05 0.122697 9.97982E-05 9.97982E-05 9.97982E-05 9.97982E-05 9.97982E-05 9.97982E-05 9.97982E-05 9.97982E-05 9.97982E-05 0.00254417 9.97982E-05 0.823336 9.97982E-05 9.97982E-05 9.97982E-05 9.97982E-05 9.97982E-05 9.97982E-05 9.97982E-05 9.97982E-05 9.97982E-05 9.97982E-05 9.97982E-05 0.0491281
9.98159E-05 0.0430166 0.448844 9.98159E-05 9.98159E-05 0.291401 9.98159E-05 9.98159E-05 9.98159E-05 9.98159E-05 0.13602 9.98159E-05 9.98159E-05 9.98159E-05 9.98159E-05 9.98159E-05 9.98159E-05 9.98159E-05 9.98159E-05 9.98159E-05 9.98159E-05 0.0633365 9.98159E-05 9.98159E-05 9.98159E-05 9.98159E-05 0.015285
0.121187 9.98068E-05 0.703142 9.98068E-05 9.98068E-05 9.98068E-05 9.98068E-05 9.98068E-05 9.98068E-05 9.98068E-05 0.0513758 9.98068E-05 9.98068E-05 9.98068E-05 9.98068E-05 9.98068E-05 9.98068E-05 0.0746094 9.98068E-05 9.98068E-05 0.0474902 9.98068E-05 9.98068E-05 9.98068E-05 9.98068E-05 9.98068E-05 9.98068E-05
0.0717665 9.97978E-05 0.792238 9.97978E-05 9.97978E-05 9.97978E-05 9.97978E-05 9.97978E-05 9.97978E-05 9.97978E-05 9.97978E-05 9.97978E-05 9.97978E-05 9.97978E-05 9.97978E-05 9.97978E-05 9.97978E-05 9.97978E-05 9.97978E-05 9.97978E-05 0.129871 9.97978E-05 0.0038295 9.97978E-05 9.97978E-05 9.97978E-05 9.97978E-05
9.97981E-05 9.97981E-05 0.657442 9.97981E-05 9.97981E-05 0.241624 9.97981E-05 9.97981E-05 9.97981E-05 9.97981E-05 9.97981E-05 9.97981E-05 9.97981E-05 9.97981E-05 9.97981E-05 9.97981E-05 9.97981E-05 9.97981E-05 9.97981E-05 0.0144226 0.0842159 9.97981E-05 9.97981E-05 9.97981E-05 9.97981E-05 9.97981E-05 9.97981E-05
9.98244E-05 0.0168735 0.696707 9.98244E-05 9.98244E-05 0.0693427 9.98244E-05 9.98244E-05 9.98244E-05 9.98244E-05 9.98244E-05 0.0105903 9.98244E-05 9.98244E-05 9.98244E-05 9.98244E-05 9.98244E-05 9.98244E-05 9.98244E-05 9.98244E-05 0.122335 0.0169532 9.98244E-05 9.98244E-05 9.98244E-05 9.98244E-05 0.0652025
9.97983E-05 9.97983E-05 0.833879 9.97983E-05 9.97983E-05 9.97983E-05 0.0196664 9.97983E-05 9.97983E-05 9.97983E-05 9.97983E-05 9.97983E-05 9.97983E-05 9.97983E-05 0.109317 9.97983E-05 9.97983E-05 9.97983E-05 9.97983E-05 9.97983E-05 9.97983E-05 9.97983E-05 9.97983E-05 0.0348423 9.97983E-05 9.97983E-05 9.97983E-05
9.97895E-05 9.97895E-05 0.603578 0.0570025 9.97895E-05 9.97895E-05 9.97895E-05 9.97895E-05 9.97895E-05 9.97895E-05 9.97895E-05 9.97895E-05 9.97895E-05 9.97895E-05 0.337024 9.97895E-05 9.97895E-05 9.97895E-05 9.97895E-05 9.97895E-05 9.97895E-05 9.97895E-05 9.97895E-05 9.97895E-05 9.97895E-05 9.97895E-05 9.97895E-05
9.98066E-05 9.98066E-05 0.590537 0.135716 9.98066E-05 9.98066E-05 9.98066E-05 9.98066E-05 9.98066E-05 9.98066E-05 0.00675885 0.0303291 9.98066E-05 9.98066E-05 9.98066E-05 9.98066E-05 9.98066E-05 9.98066E-05 9.98066E-05 9.98066E-05 0.234463 9.98066E-05 9.98066E-05 9.98066E-05 9.98066E-05 9.98066E-05 9.98066E-05
0.0607437 0.0519716 0.545156 9.98332E-05 0.0506833 0.0856011 9.98332E-05 0.0680794 9.98332E-05 9.98332E-05 9.98332E-05 9.98332E-05 9.98332E-05 9.98332E-05 9.98332E-05 9.98332E-05 9.98332E-05 0.0612302 9.98332E-05 9.98332E-05 9.98332E-05 9.98332E-05 0.0746384 9.98332E-05 9.98332E-05 9.98332E-05 9.98332E-05
9.98157E-05 9.98157E-05 0.708812 0.0316026 9.98157E-05 9.98157E-05 9.98157E-05 9.98157E-05 9.98157E-05 9.98157E-05 0.0831147 0.0115612 9.98157E-05 9.98157E-05 9.98157E-05 0.0956133 9.98157E-05 0.0671999 9.98157E-05 9.98157E-05 9.98157E-05 9.98157E-05 9.98157E-05 9.98157E-05 9.98157E-05 9.98157E-05 9.98157E-05
0.162303 9.98068E-05 0.557717 9.98068E-05 9.98068E-05 0.0535099 9.98068E-05 9.98068E-05 9.98068E-05 9.98068E-05 9.98068E-05 0.0285094 9.98068E-05 9.98068E-05 9.98068E-05 9.98068E-05 9.98068E-05 9.98068E-05 9.98068E-05 9.98068E-05 0.195765 9.98068E-05 9.98068E-05 9.98068E-05 9.98068E-05 9.98068E-05 9.98068E-05
9.97812E-05 9.97812E-05 0.885707 9.97812E-05 9.97812E-05 9.97812E-05 9.97812E-05 9.97812E-05 9.97812E-05 9.97812E-05 9.97812E-05 9.97812E-05 9.97812E-05 9.97812E-05 0.111798 9.97812E-05 9.97812E-05 9.97812E-05 9.97812E-05 9.97812E-05 9.97812E-05 9.97812E-05 9.97812E-05 9.97812E-05 9.97812E-05 9.97812E-05 9.97812E-05
9.97984E-05 9.97984E-05 0.88133 0.0491277 9.97984E-05 9.97984E-05 9.97984E-05 9.97984E-05 9.97984E-05 9.97984E-05 0.051701 9.97984E-05 9.97984E-05 9.97984E-05 0.0155458 9.97984E-05 9.97984E-05 9.97984E-05 9.97984E-05 9.97984E-05 9.97984E-05 9.97984E-05 9.97984E-05 9.97984E-05 9.97984E-05 9.97984E-05 9.97984E-05
9.97892E-05 9.97892E-05 0.847893 9.97892E-05 9.97892E-05 9.97892E-05 9.97892E-05 9.97892E-05 9.97892E-05 9.97892E-05 9.97892E-05 0.0375627 9.97892E-05 9.97892E-05 9.97892E-05 9.97892E-05 9.97892E-05 9.97892E-05 0.112149 9.97892E-05 9.97892E-05 9.97892E-05 9.97892E-05 9.97892E-05 9.97892E-05 9.97892E-05 9.97892E-05
9.97982E-05 9.97982E-05 0.806207 0.0694395 9.97982E-05 9.97982E-05 9.97982E-05 9.97982E-05 9.97982E-05 9.97982E-05 0.0650954 0.0569625 9.97982E-05 9.97982E-05 9.97982E-05 9.97982E-05 9.97982E-05 9.97982E-05 9.97982E-05 9.97982E-05 9.97982E-05 9.97982E-05 9.97982E-05 9.97982E-05 9.97982E-05 9.97982E-05 9.97982E-05
9.98069E-05 9.98069E-05 0.717191 9.98069E-05 9.98069E-05 9.98069E-05 9.98069E-05 0.00510593 9.98069E-05 9.98069E-05 9.98069E-05 0.0828554 9.98069E-05 9.98069E-05 0.17573 9.98069E-05 9.98069E-05 9.98069E-05 9.98069E-05 9.98069E-05 0.016922 9.98069E-05 9.98069E-05 9.98069E-05 9.98069E-05 9.98069E-05 9.98069E-05
9.98331E-05 9.98331E-05 0.716731 0.0154104 0.0217078 9.98331E-05 9.98331E-05 9.98331E-05 9.98331E-05 9.98331E-05 9.98331E-05 9.98331E-05 9.98331E-05 9.98331E-05 9.98331E-05 0.00675434 9.98331E-05 9.98331E-05 0.0125176 9.98331E-05 0.129023 9.98331E-05 9.98331E-05 0.052663 9.98331E-05 0.0432955 9.98331E-05
9.97721E-05 9.97721E-05 9.97721E-05 9.97721E-05 9.97721E-05 9.97721E-05 9.97721E-05 9.97721E-05 9.97721E-05 9.97721E-05 9.97721E-05 9.97721E-05 9.97721E-05 9.97721E-05 0.997406 9.97721E-05 9.97721E-05 9.97721E-05 9.97721E-05 9.97721E-05 9.97721E-05 9.97721E-05 9.97721E-05 9.97721E-05 9.97721E-05 9.97721E-05 9.97721E-05
0.157829 0.0129385 0.772339 9.98069E-05 9.98069E-05 9.98069E-05 9.98069E-05 9.98069E-05 9.98069E-05 9.98069E-05 9.98069E-05 9.98069E-05 9.98069E-05 9.98069E-05 9.98069E-05 9.98069E-05 9.98069E-05 9.98069E-05 9.98069E-05 9.98069E-05 9.98069E-05 9.98069E-05 0.0287082 0.0259895 9.98069E-05 9.98069E-05 9.98069E-05
0.0103711 9.98334E-05 0.768399 9.98334E-05 9.98334E-05 0.0200827 9.98334E-05 9.98334E-05 0.0155948 9.98334E-05 9.98334E-05 9.98334E-05 9.98334E-05 9.98334E-05 9.98334E-05 9.98334E-05 0.0707982 9.98334E-05 9.98334E-05 9.98334E-05 0.00728738 0.0848297 0.0207403 9.98334E-05 9.98334E-05 9.98334E-05 9.98334E-05
9.98245E-05 9.98245E-05 0.557476 9.98245E-05 9.98245E-05 9.98245E-05 0.0344166 9.98245E-05 9.98245E-05 9.98245E-05 0.0377978 0.163531 9.98245E-05 9.98245E-05 0.17525 9.98245E-05 9.98245E-05 9.98245E-05 9.98245E-05 9.98245E-05 0.00181996 9.98245E-05 9.98245E-05 9.98245E-05 9.98245E-05 9.98245E-05 0.0277123
0.00527224 9.98067E-05 0.410427 0.207233 9.98067E-05 9.98067E-05 9.98067E-05 9.98067E-05 9.98067E-05 9.98067E-05 9.98067E-05 9.98067E-05 9.98067E-05 9.98067E-05 0.368786 9.98067E-05 9.98067E-05 9.98067E-05 9.98067E-05 9.98067E-05 0.00608537 9.98067E-05 9.98067E-05 9.98067E-05 9.98067E-05 9.98067E-05 9.98067E-05
9.97895E-05 9.97895E-05 9.97895E-05 9.97895E-05 9.97895E-05 9.97895E-05 9.97895E-05 9.97895E-05 9.97895E-05 9.97895E-05 0.00524286 9.97895E-05 9.97895E-05 9.97895E-05 0.988305 9.97895E-05 9.97895E-05 9.97895E-05 9.97895E-05 9.97895E-05 0.00405703 9.97895E-05 9.97895E-05 9.97895E-05 9.97895E-05 9.97895E-05 9.97895E-05
0.0150159 9.97987E-05 0.95706 9.97987E-05 9.97987E-05 9.97987E-05 0.0167247 9.97987E-05 9.97987E-05 9.97987E-05 9.97987E-05 9.97987E-05 0.00890352 9.97987E-05 9.97987E-05 9.97987E-05 9.97987E-05 9.97987E-05 9.97987E-05 9.97987E-05 9.97987E-05 9.97987E-05 9.97987E-05 9.97987E-05 9.97987E-05 9.97987E-05 9.97987E-05
9.9772E-05 9.9772E-05 9.9772E-05 9.9772E-05 9.9772E-05 9.9772E-05 9.9772E-05 9.9772E-05 9.9772E-05 9.9772E-05 9.9772E-05 9.9772E-05 9.9772E-05 9.9772E-05 0.997406 9.9772E-05 9.9772E-05 9.9772E-05 9.9772E-05 9.9772E-05 9.9772E-05 9.9772E-05 9.9772E-05 9.9772E-05 9.9772E-05 9.9772E-05 9.9772E-05
9.97809E-05 9.97809E-05 0.988641 9.97809E-05 9.97809E-05 9.97809E-05 9.97809E-05 9.97809E-05 9.97809E-05 9.97809E-05 9.97809E-05 9.97809E-05 9.97809E-05 9.97809E-05 9.97809E-05 9.97809E-05 9.97809E-05 9.97809E-05 9.97809E-05 9.97809E-05 9.97809E-05 9.97809E-05 9.97809E-05 9.97809E-05 9.97809E-05 9.97809E-05 0.00886468
9.97984E-05 9.97984E-05 9.97984E-05 9.97984E-05 9.97984E-05 9.97984E-05 9.97984E-05 9.97984E-05 9.97984E-05 9.97984E-05 0.041468 9.97984E-05 9.97984E-05 9.97984E-05 0.620342 9.97984E-05 0.160303 9.97984E-05 9.97984E-05 9.97984E-05 0.175591 9.97984E-05 9.97984E-05 9.97984E-05 9.97984E-05 9.97984E-05 9.97984E-05
9.97896E-05 9.97896E-05 9.97896E-05 9.97896E-05 9.97896E-05 9.97896E-05 9.97896E-05 9.97896E-05 9.97896E-05 9.97896E-05 0.0686926 9.97896E-05 9.97896E-05 9.97896E-05 9.97896E-05 9.97896E-05 9.97896E-05 9.97896E-05 9.97896E-05 9.97896E-05 0.0915588 0.837354 9.97896E-05 9.97896E-05 9.97896E-05 9.97896E-05 9.97896E-05
9.97805E-05 9.97805E-05 9.97805E-05 9.97805E-05 9.97805E-05 9.97805E-05 9.97805E-05 9.97805E-05 9.97805E-05 9.97805E-05 9.97805E-05 9.97805E-05 9.97805E-05 9.97805E-05 9.97805E-05 9.97805E-05 0.947632 9.97805E-05 9.97805E-05 9.97805E-05 9.97805E-05 0.0498737 9.97805E-05 9.97805E-05 9.97805E-05 9.97805E-05 9.97805E-05
0.00440022 9.98157E-05 0.031522 9.98157E-05 0.0139994 9.98157E-05 9.98157E-05 9.98157E-05 9.98157E-05 9.98157E-05 9.98157E-05 9.98157E-05 9.98157E-05 9.98157E-05 9.98157E-05 9.98157E-05 9.98157E-05 0.0165405 9.98157E-05 9.98157E-05 0.0842767 0.847165 9.98157E-05 9.98157E-05 9.98157E-05 9.98157E-05 9.98157E-05
9.97892E-05 9.97892E-05 9.97892E-05 9.97892E-05 9.97892E-05 9.97892E-05 9.97892E-05 9.97892E-05 9.97892E-05 9.97892E-05 0.0180122 9.97892E-05 9.97892E-05 9.97892E-05 9.97892E-05 9.97892E-05 9.97892E-05 9.97892E-05 9.97892E-05 9.97892E-05 0.119386 0.860207 9.97892E-05 9.97892E-05 9.97892E-05 9.97892E-05 9.97892E-05
9.97981E-05 0.0448622 9.97981E-05 9.97981E-05 9.97981E-05 9.97981E-05 9.97981E-05 9.97981E-05 9.97981E-05 9.97981E-05 0.0529977 9.97981E-05 9.97981E-05 9.97981E-05 9.97981E-05 9.97981E-05 9.97981E-05 9.97981E-05 9.97981E-05 9.97981E-05 9.97981E-05 0.875407 9.97981E-05 9.97981E-05 9.97981E-05 9.97981E-05 0.0244377
9.98159E-05 9.98159E-05 9.98159E-05 9.98159E-05 9.98159E-05 0.0511799 9.98159E-05 0.116214 9.98159E-05 9.98159E-05 0.0643339 9.98159E-05 0.0581701 9.98159E-05 9.98159E-05 9.98159E-05 9.98159E-05 9.98159E-05 9.98159E-05 9.98159E-05 0.203012 0.504993 9.98159E-05 9.98159E-05 9.98159E-05 9.98159E-05 9.98159E-05
0.0374998 9.98159E-05 9.98159E-05 9.98159E-05 9.98159E-05 9.98159E-05 9.98159E-05 9.98159E-05 9.98159E-05 9.98159E-05 0.085161 9.98159E-05 9.98159E-05 9.98159E-05 9.98159E-05 9.98159E-05 0.0127242 9.98159E-05 9.98159E-05 9.98159E-05 0.0743895 0.720039 9.98159E-05 9.98159E-05 9.98159E-05 9.98159E-05 0.0680908
9.97894E-05 9.97894E-05 9.97894E-05 9.97894E-05 9.97894E-05 9.97894E-05 9.97894E-05 9.97894E-05 9.97894E-05 9.97894E-05 0.228211 9.97894E-05 9.97894E-05 9.97894E-05 9.97894E-05 9.97894E-05 9.97894E-05 9.97894E-05 9.97894E-05 9.97894E-05 0.0287581 0.740635 9.97894E-05 9.97894E-05 9.97894E-05 9.97894E-05 9.97894E-05
0.0721174 9.98243E-05 9.98243E-05 0.029402 0.0635329 0.192683 9.98243E-05 9.98243E-05 9.98243E-05 9.98243E-05 0.248039 9.98243E-05 9.98243E-05 9.98243E-05 9.98243E-05 9.98243E-05 9.98243E-05 9.98243E-05 9.98243E-05 9.98243E-05 9.98243E-05 0.357669 9.98243E-05 0.0345598 9.98243E-05 9.98243E-05 9.98243E-05
9.9807E-05 9.9807E-05 9.9807E-05 9.9807E-05 0.0068697 9.9807E-05 9.9807E-05 0.00665644 9.9807E-05 9.9807E-05 0.216581 9.9807E-05 9.9807E-05 9.9807E-05 9.9807E-05 9.9807E-05 9.9807E-05 9.9807E-05 9.9807E-05 9.9807E-05 0.256013 0.511684 9.9807E-05 9.9807E-05 9.9807E-05 9.9807E-05 9.9807E-05
9.98071E-05 9.98071E-05 9.98071E-05 0.0306468 9.98071E-05 0.131132 9.98071E-05 9.98071E-05 9.98071E-05 9.98071E-05 9.98071E-05 0.0103509 0.386088 9.98071E-05 9.98071E-05 9.98071E-05 9.98071E-05 9.98071E-05 9.98071E-05 9.98071E-05 9.98071E-05 0.439587 9.98071E-05 9.98071E-05 9.98071E-05 9.98071E-05 9.98071E-05
9.98072E-05 9.98072E-05 9.98072E-05 0.00757914 9.98072E-05 0.0585575 9.98072E-05 9.98072E-05 9.98072E-05 9.98072E-05 9.98072E-05 9.98072E-05 0.146 0.0350698 9.98072E-05 9.98072E-05 9.98072E-05 9.98072E-05 9.98072E-05 9.98072E-05 9.98072E-05 0.750597 9.98072E-05 9.98072E-05 9.98072E-05 9.98072E-05 9.98072E-05
9.97897E-05 9.97897E-05 9.97897E-05 9.97897E-05 9.97897E-05 9.97897E-05 9.97897E-05 9.97897E-05 9.97897E-05 9.97897E-05 0.00713484 9.97897E-05 9.97897E-05 9.97897E-05 9.97897E-05 9.97897E-05 0.110043 9.97897E-05 9.97897E-05 9.97897E-05 9.97897E-05 0.880427 9.97897E-05 9.97897E-05 9.97897E-05 9.97897E-05 9.97897E-05
9.97985E-05 9.97985E-05 9.97985E-05 9.97985E-05 9.97985E-05 9.97985E-05 9.97985E-05 9.97985E-05 9.97985E-05 9.97985E-05 0.145972 9.97985E-05 0.169951 9.97985E-05 9.97985E-05 9.97985E-05 9.97985E-05 9.97985E-05 9.97985E-05 9.97985E-05 0.184183 0.497598 9.97985E-05 9.97985E-05 9.97985E-05 9.97985E-05 9.97985E-05
9.98334E-05 9.98334E-05 9.98334E-05 0.0100085 9.98334E-05 0.0279031 9.98334E-05 0.0258157 9.98334E-05 9.98334E-05 0.048616 9.98334E-05 9.98334E-05 9.98334E-05 9.98334E-05 0.0197562 0.218196 9.98334E-05 9.98334E-05 9.98334E-05 9.98334E-05 0.50675 9.98334E-05 9.98334E-05 9.98334E-05 9.98334E-05 0.141058
9.98072E-05 9.98072E-05 9.98072E-05 0.0270081 9.98072E-05 0.0511461 9.98072E-05 9.98072E-05 9.98072E-05 9.98072E-05 9.98072E-05 9.98072E-05 9.98072E-05 9.98072E-05 9.98072E-05 9.98072E-05 9.98072E-05 9.98072E-05 9.98072E-05 9.98072E-05 0.210332 0.575266 9.98072E-05 0.134053 9.98072E-05 9.98072E-05 9.98072E-05
9.98245E-05 9.98245E-05 9.98245E-05 9.98245E-05 9.98245E-05 0.195761 9.98245E-05 9.98245E-05 9.98245E-05 9.98245E-05 0.0261864 9.98245E-05 0.0444387 9.98245E-05 9.98245E-05 9.98245E-05 9.98245E-05 9.98245E-05 9.98245E-05 9.98245E-05 0.126908 0.565765 0.0176818 9.98245E-05 9.98245E-05 0.0212621 9.98245E-05
0.0545434 0.0316792 9.98335E-05 9.98335E-05 9.98335E-05 9.98335E-05 9.98335E-05 9.98335E-05 9.98335E-05 9.98335E-05 0.126682 9.98335E-05 0.03704 9.98335E-05 9.98335E-05 9.98335E-05 9.98335E-05 0.0298383 0.00339426 9.98335E-05 9.98335E-05 0.673761 9.98335E-05 9.98335E-05 0.0411647 9.98335E-05 9.98335E-05
9.98071E-05 9.98071E-05 9.98071E-05 0.0068329 9.98071E-05 0.0161681 9.98071E-05 9.98071E-05 9.98071E-05 9.98071E-05 9.98071E-05 9.98071E-05 0.0408637 9.98071E-05 9.98071E-05 9.98071E-05 9.98071E-05 0.000327241 9.98071E-05 9.98071E-05 9.98071E-05 0.933612 9.98071E-05 9.98071E-05 9.98071E-05 9.98071E-05 9.98071E-05
9.98509E-05 9.98509E-05 0.0926755 9.98509E-05 9.98509E-05 9.98509E-05 9.98509E-05 0.0373521 9.98509E-05 9.98509E-05 0.0570575 9.98509E-05 0.245464 9.98509E-05 9.98509E-05 9.98509E-05 9.98509E-05 9.98509E-05 9.98509E-05 0.03526 0.0516515 0.322609 0.0333035 0.0318955 9.98509E-05 0.0910338 9.98509E-05
9.98157E-05 9.98157E-05 9.98157E-05 9.98157E-05 9.98157E-05 0.131047 9.98157E-05 9.98157E-05 9.98157E-05 9.98157E-05 0.0128018 9.98157E-05 0.0560396 9.98157E-05 9.98157E-05 9.98157E-05 9.98157E-05 0.0261374 9.98157E-05 9.98157E-05 0.0818489 0.690029 9.98157E-05 9.98157E-05 9.98157E-05 9.98157E-05 9.98157E-05
9.97983E-05 9.97983E-05 9.97983E-05 9.97983E-05 9.97983E-05 9.97983E-05 9.97983E-05 9.97983E-05 9.97983E-05 9.97983E-05 9.97983E-05 9.97983E-05 0.0473212 9.97983E-05 9.97983E-05 9.97983E-05 9.97983E-05 9.97983E-05 9.97983E-05 9.97983E-05 0.0205711 0.912544 9.97983E-05 9.97983E-05 9.97983E-05 9.97983E-05 0.0172683
9.9807E-05 9.9807E-05 9.9807E-05 9.9807E-05 9.9807E-05 0.048443 9.9807E-05 9.9807E-05 9.9807E-05 9.9807E-05 0.246785 9.9807E-05 9.9807E-05 9.9807E-05 9.9807E-05 9.9807E-05 9.9807E-05 9.9807E-05 9.9807E-05 9.9807E-05 0.183445 0.497507 9.9807E-05 9.9807E-05 9.9807E-05 0.0216248 9.9807E-05
9.98159E-05 9.98159E-05 9.98159E-05 9.98159E-05 0.125843 9.98159E-05 0.00626526 9.98159E-05 9.98159E-05 9.98159E-05 0.119096 9.98159E-05 9.98159E-05 9.98159E-05 9.98159E-05 9.98159E-05 0.208056 9.98159E-05 9.98159E-05 9.98159E-05 9.98159E-05 0.523855 9.98159E-05 9.98159E-05 9.98159E-05 0.0147884 9.98159E-05
9.98157E-05 9.98157E-05 9.98157E-05 9.98157E-05 9.98157E-05 0.110869 9.98157E-05 9.98157E-05 9.98157E-05 9.98157E-05 0.148229 0.0111365 9.98157E-05 9.98157E-05 9.98157E-05 9.98157E-05 9.98157E-05 9.98157E-05 9.98157E-05 9.98157E-05 0.200118 0.444165 9.98157E-05 9.98157E-05 9.98157E-05 0.0833864 9.98157E-05
9.98159E-05 9.98159E-05 0.125544 9.98159E-05 9.98159E-05 0.0321449 9.98159E-05 9.98159E-05 9.98159E-05 9.98159E-05 0.135529 9.98159E-05 9.98159E-05 9.98159E-05 9.98159E-05 9.98159E-05 0.423785 9.98159E-05 9.98159E-05 9.98159E-05 0.0767351 0.204166 9.98159E-05 9.98159E-05 9.98159E-05 9.98159E-05 9.98159E-05
9.98073E-05 0.0206387 9.98073E-05 9.98073E-05 9.98073E-05 9.98073E-05 0.105156 9.98073E-05 9.98073E-05 9.98073E-05 9.98073E-05 9.98073E-05 0.776968 9.98073E-05 9.98073E-05 9.98073E-05 9.98073E-05 9.98073E-05 9.98073E-05 9.98073E-05 0.0218535 9.98073E-05 0.0731877 9.98073E-05 9.98073E-05 9.98073E-05 9.98073E-05
9.97979E-05 9.97979E-05 9.97979E-05 9.97979E-05 9.97979E-05 9.97979E-05 9.97979E-05 9.97979E-05 9.97979E-05 9.97979E-05 0.0286896 0.0441913 9.97979E-05 9.97979E-05 9.97979E-05 9.97979E-05 9.97979E-05 9.97979E-05 9.97979E-05 9.97979E-05 0.114497 0.810327 9.97979E-05 9.97979E-05 9.97979E-05 9.97979E-05 9.97979E-05
9.97897E-05 9.97897E-05 9.97897E-05 9.97897E-05 9.97897E-05 9.97897E-05 9.97897E-05 9.97897E-05 9.97897E-05 9.97897E-05 0.272952 9.97897E-05 9.97897E-05 9.97897E-05 9.97897E-05 9.97897E-05 9.97897E-05 9.97897E-05 9.97897E-05 9.97897E-05 0.184838 0.539816 9.97897E-05 9.97897E-05 9.97897E-05 9.97897E-05 9.97897E-05
9.98159E-05 9.98159E-05 9.98159E-05 0.0290828 9.98159E-05 9.98159E-05 9.98159E-05 9.98159E-05 9.98159E-05 9.98159E-05 9.98159E-05 9.98159E-05 0.106358 9.98159E-05 9.98159E-05 9.98159E-05 9.98159E-05 9.98159E-05 9.98159E-05 9.98159E-05 0.124465 0.68265 0.00191696 9.98159E-05 9.98159E-05 0.0534308 9.98159E-05
9.98248E-05 9.98248E-05 9.98248E-05 0.0129225 9.98248E-05 0.00428024 9.98248E-05 9.98248E-05 9.98248E-05 9.98248E-05 0.037351 9.98248E-05 0.0102698 9.98248E-05 9.98248E-05 0.00303594 9.98248E-05 9.98248E-05 9.98248E-05 9.98248E-05 0.17828 0.751864 9.98248E-05 9.98248E-05 9.98248E-05 9.98248E-05 9.98248E-05
9.9807E-05 9.9807E-05 9.9807E-05 9.9807E-05 9.9807E-05 9.9807E-05 9.9807E-05 9.9807E-05 9.9807E-05 9.9807E-05 9.9807E-05 9.9807E-05 9.9807E-05 9.9807E-05 9.9807E-05 0.0730363 0.0383082 9.9807E-05 9.9807E-05 9.9807E-05 0.0560878 0.818468 9.9807E-05 9.9807E-05 9.9807E-05 0.0119037 9.9807E-05
9.9798E-05 9.9798E-05 9.9798E-05 9.9798E-05 9.9798E-05 9.9798E-05 9.9798E-05 9.9798E-05 9.9798E-05 9.9798E-05 0.167368 9.9798E-05 9.9798E-05 9.9798E-05 9.9798E-05 9.9798E-05 9.9798E-05 9.9798E-05 9.9798E-05 9.9798E-05 0.144203 0.520679 9.9798E-05 9.9798E-05 9.9798E-05 0.165455 9.9798E-05
0.122763 9.97894E-05 9.97894E-05 9.97894E-05 9.97894E-05 9.97894E-05 9.97894E-05 9.97894E-05 9.97894E-05 9.97894E-05 9.97894E-05 9.97894E-05 9.97894E-05 9.97894E-05 9.97894E-05 9.97894E-05 9.97894E-05 9.97894E-05 9.97894E-05 9.97894E-05 0.0324378 0.842404 9.97894E-05 9.97894E-05 9.97894E-05 9.97894E-05 9.97894E-05
9.98072E-05 9.98072E-05 9.98072E-05 9.98072E-05 9.98072E-05 9.98072E-05 9.98072E-05 0.022869 9.98072E-05 9.98072E-05 0.00877962 9.98072E-05 9.98072E-05 9.98072E-05 9.98072E-05 9.98072E-05 0.0626556 9.98072E-05 9.98072E-05 9.98072E-05 0.0288529 0.874647 9.98072E-05 9.98072E-05 9.98072E-05 9.98072E-05 9.98072E-05
9.98157E-05 9.98157E-05 9.98157E-05 0.0163028 9.98157E-05 9.98157E-05 9.98157E-05 0.0473275 9.98157E-05 9.98157E-05 0.0803727 9.98157E-05 0.151045 9.98157E-05 9.98157E-05 9.98157E-05 9.98157E-05 9.98157E-05 9.98157E-05 9.98157E-05 9.98157E-05 0.560607 9.98157E-05 0.142248 9.98157E-05 9.98157E-05 9.98157E-05
9.98068E-05 9.98068E-05 9.98068E-05 0.0294729 9.98068E-05 9.98068E-05 9.98068E-05 9.98068E-05 9.98068E-05 9.98068E-05 0.0627275 9.98068E-05 9.98068E-05 9.98068E-05 9.98068E-05 9.98068E-05 9.98068E-05 9.98068E-05 9.98068E-05 9.98068E-05 0.251994 0.607066 9.98068E-05 9.98068E-05 9.98068E-05 9.98068E-05 0.0465432
9.97894E-05 9.97894E-05 9.97894E-05 9.97894E-05 9.97894E-05 9.97894E-05 9.97894E-05 9.97894E-05 9.97894E-05 9.97894E-05 0.0756081 9.97894E-05 0.805529 9.97894E-05 9.97894E-05 9.97894E-05 9.97894E-05 9.97894E-05 9.97894E-05 9.97894E-05 9.97894E-05 0.116468 9.97894E-05 9.97894E-05 9.97894E-05 9.97894E-05 9.97894E-05
9.97984E-05 9.97984E-05 9.97984E-05 9.97984E-05 9.97984E-05 9.97984E-05 9.97984E-05 9.97984E-05 9.97984E-05 9.97984E-05 0.0267635 9.97984E-05 9.97984E-05 9.97984E-05 9.97984E-05 9.97984E-05 0.242674 9.97984E-05 9.97984E-05 9.97984E-05 0.00545914 0.722808 9.97984E-05 9.97984E-05 9.97984E-05 9.97984E-05 9.97984E-05
9.97897E-05 9.97897E-05 9.97897E-05 9.97897E-05 9.97897E-05 9.97897E-05 9.97897E-05 9.97897E-05 9.97897E-05 9.97897E-05 9.97897E-05 9.97897E-05 9.97897E-05 9.97897E-05 9.97897E-05 9.97897E-05 0.551717 0.0354917 9.97897E-05 9.97897E-05 9.97897E-05 0.410397 9.97897E-05 9.97897E-05 9.97897E-05 9.97897E-05 9.97897E-05
