9.99122E-05 0.142478 9.99122E-05 9.99122E-05 9.99122E-05 9.99122E-05 9.99122E-05 9.99122E-05 9.99122E-05 9.99122E-05 9.99122E-05 0.026899 0.248278 0.139399 0.0512686 0.390678
9.99122E-05 9.99122E-05 0.0306398 9.99122E-05 9.99122E-05 9.99122E-05 9.99122E-05 9.99122E-05 9.99122E-05 0.0369497 9.99122E-05 0.0450447 9.99122E-05 0.161299 0.0380092 0.687058
9.98947E-05 9.98947E-05 9.98947E-05 9.98947E-05 9.98947E-05 0.0698996 9.98947E-05 9.98947E-05 9.98947E-05 9.98947E-05 0.0213153 9.98947E-05 9.98947E-05 9.98947E-05 0.027657 0.879929
9.99298E-05 9.99298E-05 0.0338678 9.99298E-05 9.99298E-05 9.99298E-05 0.151813 0.0165426 9.99298E-05 0.363043 9.99298E-05 0.062975 0.0731017 9.99298E-05 0.0357116 0.262146
9.99035E-05 9.99035E-05 9.99035E-05 9.99035E-05 9.99035E-05 0.0602607 0.0376659 0.104872 9.99035E-05 9.99035E-05 9.99035E-05 9.99035E-05 9.99035E-05 0.00541733 9.99035E-05 0.790686
0.0205916 9.99386E-05 9.99386E-05 9.99386E-05 9.99386E-05 0.0565124 0.232605 0.132419 9.99386E-05 0.0955406 0.039603 9.99386E-05 0.0425383 0.117101 9.99386E-05 0.262389
9.99298E-05 0.0347622 9.99298E-05 9.99298E-05 9.99298E-05 9.99298E-05 9.99298E-05 9.99298E-05 9.99298E-05 0.137808 0.0805046 0.113962 0.17918 0.134943 0.0207325 0.297309
0.0216872 9.99298E-05 9.99298E-05 0.177131 9.99298E-05 0.136716 0.0611922 0.140963 9.99298E-05 0.056655 9.99298E-05 9.99298E-05 0.191479 9.99298E-05 9.99298E-05 0.213378
9.99156E-05 0.190974 9.99156E-05 9.99156E-05 9.99156E-05 9.99156E-05 0.0377212 0.232183 9.99156E-05 9.99156E-05 9.99156E-05 9.99156E-05 9.99156E-05 0.00860842 0.239182 0.290332
9.98858E-05 0.0369427 9.98858E-05 9.98858E-05 9.98858E-05 9.98858E-05 9.98858E-05 9.98858E-05 9.98858E-05 9.98858E-05 9.98858E-05 9.98858E-05 9.98858E-05 9.98858E-05 0.0421571 0.919602
9.99298E-05 0.000735783 0.0384987 9.99298E-05 9.99298E-05 9.99298E-05 0.0519873 0.0214542 9.99298E-05 9.99298E-05 9.99298E-05 0.191457 0.120844 9.99298E-05 0.13377 0.440454
9.99122E-05 9.99122E-05 9.99122E-05 0.0264863 9.99122E-05 9.99122E-05 0.034979 0.0465112 9.99122E-05 0.046483 9.99122E-05 0.00239641 9.99122E-05 9.99122E-05 9.99122E-05 0.842145
9.98947E-05 9.98947E-05 9.98947E-05 9.98947E-05 9.98947E-05 9.98947E-05 9.98947E-05 0.0134207 9.98947E-05 9.98947E-05 9.98947E-05 9.98947E-05 0.088826 9.98947E-05 0.156417 0.740138
9.9921E-05 9.9921E-05 9.9921E-05 0.0751067 0.157201 0.023389 9.9921E-05 9.9921E-05 9.9921E-05 9.9921E-05 0.0482362 0.0241055 9.9921E-05 9.9921E-05 0.137061 0.534001
9.99297E-05 0.0306897 9.99297E-05 9.99297E-05 9.99297E-05 9.99297E-05 0.090237 0.0864426 9.99297E-05 0.0234216 9.99297E-05 9.99297E-05 0.259298 0.055233 0.121272 0.332607
9.99209E-05 9.99209E-05 9.99209E-05 0.183404 9.99209E-05 9.99209E-05 0.033865 0.146458 9.99209E-05 0.106102 9.99209E-05 9.99209E-05 0.166385 9.99209E-05 0.143122 0.219766
9.99123E-05 9.99123E-05 9.99123E-05 9.99123E-05 9.99123E-05 9.99123E-05 9.99123E-05 9.99123E-05 0.202494 0.0448573 9.99123E-05 0.119003 9.99123E-05 0.0366741 0.0921897 0.503783
0.167027 0.121218 0.0821274 9.9921E-05 9.9921E-05 9.9921E-05 0.133724 9.9921E-05 9.9921E-05 9.9921E-05 9.9921E-05 9.9921E-05 0.268261 9.9921E-05 0.0499721 0.176771
9.99034E-05 9.99034E-05 9.99034E-05 9.99034E-05 9.99034E-05 9.99034E-05 9.99034E-05 0.100354 9.99034E-05 0.223066 9.99034E-05 9.99034E-05 0.192946 9.99034E-05 0.206636 0.275899
9.98771E-05 9.98771E-05 0.0345494 9.98771E-05 9.98771E-05 9.98771E-05 9.98771E-05 9.98771E-05 9.98771E-05 9.98771E-05 9.98771E-05 9.98771E-05 9.98771E-05 9.98771E-05 9.98771E-05 0.964052
9.99474E-05 0.00078198 0.038992 0.178632 9.99474E-05 0.066537 0.0129683 0.118851 9.99474E-05 0.000180875 9.99474E-05 0.0666833 9.99474E-05 9.99474E-05 0.0259782 0.489796
9.99211E-05 9.99211E-05 9.99211E-05 9.99211E-05 9.99211E-05 0.1451 0.0885322 0.162446 9.99211E-05 0.0460666 9.99211E-05 9.99211E-05 0.325931 0.0200549 9.99211E-05 0.210969
0.0235628 9.99035E-05 9.99035E-05 9.99035E-05 9.99035E-05 9.99035E-05 0.0831757 9.99035E-05 9.99035E-05 9.99035E-05 9.99035E-05 0.048837 9.99035E-05 9.99035E-05 0.19525 0.648075
9.99034E-05 0.000761308 9.99034E-05 0.0537805 9.99034E-05 9.99034E-05 9.99034E-05 9.99034E-05 9.99034E-05 9.99034E-05 9.99034E-05 9.99034E-05 0.350465 9.99034E-05 0.254764 0.33913
9.9921E-05 9.9921E-05 0.093856 9.9921E-05 9.9921E-05 9.9921E-05 0.15864 0.0787302 9.9921E-05 9.9921E-05 9.9921E-05 0.0765353 0.0450798 9.9921E-05 0.295235 0.251024
9.99034E-05 9.99034E-05 9.99034E-05 9.99034E-05 9.99034E-05 9.99034E-05 9.99034E-05 0.035601 9.99034E-05 0.0937167 9.99034E-05 9.99034E-05 0.0623835 9.99034E-05 0.152967 0.654233
0.127001 9.99122E-05 9.99122E-05 0.090537 9.99122E-05 9.99122E-05 0.412473 9.99122E-05 9.99122E-05 9.99122E-05 9.99122E-05 9.99122E-05 0.303827 9.99122E-05 0.0632366 0.00192555
9.98948E-05 9.98948E-05 9.98948E-05 9.98948E-05 9.98948E-05 9.98948E-05 0.0250659 9.98948E-05 9.98948E-05 0.154707 9.98948E-05 9.98948E-05 9.98948E-05 9.98948E-05 0.0390466 0.779982
9.99035E-05 0.0621458 9.99035E-05 9.99035E-05 9.99035E-05 9.99035E-05 0.00430857 9.99035E-05 9.99035E-05 9.99035E-05 9.99035E-05 9.99035E-05 0.14346 9.99035E-05 0.276866 0.512121
9.99386E-05 0.0118688 9.99386E-05 9.99386E-05 9.99386E-05 9.99386E-05 0.0748755 0.0448712 0.0287819 9.99386E-05 0.000585566 0.0623302 9.99386E-05 0.0408724 0.0588399 0.676275
0.0728545 9.9921E-05 0.00176563 9.9921E-05 9.9921E-05 9.9921E-05 9.9921E-05 0.0290925 9.9921E-05 9.9921E-05 9.9921E-05 0.0739444 0.0966994 9.9921E-05 0.0343244 0.69042
9.99124E-05 9.99124E-05 9.99124E-05 9.99124E-05 9.99124E-05 0.0565242 0.261392 9.99124E-05 9.99124E-05 0.116311 9.99124E-05 0.0813223 9.99124E-05 9.99124E-05 0.0169105 0.466541
9.99122E-05 9.99122E-05 0.0328205 9.99122E-05 9.99122E-05 9.99122E-05 0.041909 9.99122E-05 9.99122E-05 9.99122E-05 9.99122E-05 0.151493 0.130145 9.99122E-05 0.128055 0.514578
0.0513609 9.99386E-05 0.100011 9.99386E-05 9.99386E-05 0.0167139 0.0995036 9.99386E-05 9.99386E-05 0.00369628 0.0555028 0.0404366 9.99386E-05 9.99386E-05 0.0985762 0.533499
9.99123E-05 9.99123E-05 0.0528 9.99123E-05 9.99123E-05 9.99123E-05 9.99123E-05 0.0227565 9.99123E-05 9.99123E-05 9.99123E-05 0.0336981 9.99123E-05 0.0914897 0.0155392 0.782717
9.9921E-05 0.00810544 0.0409808 9.9921E-05 9.9921E-05 9.9921E-05 9.9921E-05 0.0576792 9.9921E-05 0.111632 9.9921E-05 9.9921E-05 0.0733891 0.0578454 9.9921E-05 0.649469
9.98948E-05 9.98948E-05 9.98948E-05 9.98948E-05 9.98948E-05 9.98948E-05 9.98948E-05 9.98948E-05 9.98948E-05 0.0482772 0.0896403 9.98948E-05 9.98948E-05 0.0654545 9.98948E-05 0.795429
9.99035E-05 9.99035E-05 0.06287 9.99035E-05 9.99035E-05 9.99035E-05 9.99035E-05 0.155356 9.99035E-05 9.99035E-05 9.99035E-05 9.99035E-05 9.99035E-05 0.0211196 0.073088 0.686468
9.99386E-05 9.99386E-05 0.00249136 9.99386E-05 0.0400596 9.99386E-05 9.99386E-05 9.99386E-05 0.00811199 0.039497 9.99386E-05 0.0332048 0.0182666 0.0810164 0.235904 0.540748
9.99034E-05 9.99034E-05 9.99034E-05 0.118299 9.99034E-05 9.99034E-05 0.171644 9.99034E-05 9.99034E-05 9.99034E-05 0.00699102 9.99034E-05 9.99034E-05 9.99034E-05 0.132622 0.569345
9.99123E-05 9.99123E-05 9.99123E-05 9.99123E-05 9.99123E-05 9.99123E-05 9.99123E-05 0.0133287 9.99123E-05 0.0339903 9.99123E-05 0.0205108 0.0767636 9.99123E-05 0.0786968 0.775711
9.99035E-05 0.020897 9.99035E-05 9.99035E-05 9.99035E-05 9.99035E-05 9.99035E-05 0.0231599 9.99035E-05 9.99035E-05 9.99035E-05 9.99035E-05 0.275942 9.99035E-05 0.0701594 0.608743
9.9921E-05 9.9921E-05 9.9921E-05 9.9921E-05 0.0904852 0.011091 9.9921E-05 9.9921E-05 9.9921E-05 0.0549166 9.9921E-05 0.0110439 0.0830513 0.0278051 9.9921E-05 0.720708
9.9921E-05 0.0906143 9.9921E-05 9.9921E-05 9.9921E-05 9.9921E-05 9.9921E-05 0.0627057 9.9921E-05 9.9921E-05 9.9921E-05 0.0601535 0.141955 0.0776901 0.20377 0.362212
9.99035E-05 0.1335 9.99035E-05 9.99035E-05 9.99035E-05 9.99035E-05 9.99035E-05 9.99035E-05 9.99035E-05 0.0545986 9.99035E-05 9.99035E-05 0.3143 9.99035E-05 0.251416 0.245086
9.98946E-05 9.98946E-05 0.0785831 9.98946E-05 9.98946E-05 0.0450787 9.98946E-05 9.98946E-05 9.98946E-05 9.98946E-05 9.98946E-05 9.98946E-05 9.98946E-05 9.98946E-05 0.0156074 0.859532
0.0688037 9.98947E-05 9.98947E-05 9.98947E-05 9.98947E-05 9.98947E-05 9.98947E-05 9.98947E-05 9.98947E-05 0.0409943 9.98947E-05 9.98947E-05 9.98947E-05 9.98947E-05 0.0997127 0.789291
9.98947E-05 9.98947E-05 9.98947E-05 0.0226767 9.98947E-05 9.98947E-05 9.98947E-05 9.98947E-05 9.98947E-05 9.98947E-05 0.0193024 9.98947E-05 9.98947E-05 9.98947E-05 0.0395032 0.917319
9.99034E-05 9.99034E-05 9.99034E-05 9.99034E-05 9.99034E-05 9.99034E-05 9.99034E-05 9.99034E-05 9.99034E-05 0.0631274 9.99034E-05 0.0130882 0.154851 9.99034E-05 0.130276 0.637558
0.00802041 9.99299E-05 0.000953815 9.99299E-05 9.99299E-05 0.0345841 9.99299E-05 0.030565 9.99299E-05 9.99299E-05 0.156388 0.00946565 9.99299E-05 0.0309399 9.99299E-05 0.728284
9.99297E-05 0.0432657 9.99297E-05 9.99297E-05 9.99297E-05 9.99297E-05 0.204049 0.0495925 9.99297E-05 0.067352 9.99297E-05 0.125557 0.0534422 9.99297E-05 0.18679 0.269153
9.99123E-05 0.170906 9.99123E-05 9.99123E-05 9.99123E-05 0.0185919 0.0646266 9.99123E-05 9.99123E-05 0.0193199 9.99123E-05 9.99123E-05 0.148811 9.99123E-05 9.99123E-05 0.576746
0.00957818 0.00420121 9.9921E-05 0.001337 9.9921E-05 9.9921E-05 0.0359031 9.9921E-05 9.9921E-05 9.9921E-05 9.9921E-05 9.9921E-05 0.100035 9.9921E-05 0.0861514 0.761895
0.0164182 9.99299E-05 0.013033 0.195263 9.99299E-05 9.99299E-05 0.0456363 0.00898335 9.99299E-05 9.99299E-05 0.0401411 9.99299E-05 9.99299E-05 9.99299E-05 0.0727036 0.607022
9.98948E-05 9.98948E-05 9.98948E-05 9.98948E-05 9.98948E-05 0.108756 9.98948E-05 0.0235795 9.98948E-05 9.98948E-05 9.98948E-05 9.98948E-05 9.98948E-05 9.98948E-05 0.108867 0.757598
9.99123E-05 9.99123E-05 0.0286657 0.000827503 9.99123E-05 0.0417773 0.256949 9.99123E-05 9.99123E-05 9.99123E-05 9.99123E-05 0.00903914 9.99123E-05 9.99123E-05 9.99123E-05 0.661742
0.136764 9.99298E-05 9.99298E-05 9.99298E-05 9.99298E-05 0.00716529 9.99298E-05 0.0284831 9.99298E-05 9.99298E-05 9.99298E-05 0.00488043 0.0371719 0.000564595 0.0713869 0.712784
9.98947E-05 9.98947E-05 9.98947E-05 9.98947E-05 9.98947E-05 9.98947E-05 9.98947E-05 9.98947E-05 9.98947E-05 0.125682 9.98947E-05 0.0441684 9.98947E-05 9.98947E-05 0.0659689 0.762982
0.011042 0.0107834 9.99122E-05 9.99122E-05 9.99122E-05 0.0629023 9.99122E-05 9.99122E-05 9.99122E-05 9.99122E-05 0.00512458 9.99122E-05 9.99122E-05 0.015727 9.99122E-05 0.893422
9.99211E-05 9.99211E-05 9.99211E-05 9.99211E-05 9.99211E-05 9.99211E-05 0.196834 0.0161925 9.99211E-05 9.99211E-05 0.0178592 0.0529465 0.343482 0.174835 0.196951 9.99211E-05
9.99211E-05 0.0686386 9.99211E-05 9.99211E-05 9.99211E-05 9.99211E-05 9.99211E-05 9.99211E-05 0.0463822 0.0412609 9.99211E-05 9.99211E-05 0.587629 0.11247 0.0381617 0.104558
0.125679 9.99122E-05 9.99122E-05 9.99122E-05 9.99122E-05 9.99122E-05 9.99122E-05 9.99122E-05 0.234491 9.99122E-05 0.0658858 9.99122E-05 0.328174 0.116135 9.99122E-05 0.128635
0.0505435 9.99211E-05 9.99211E-05 9.99211E-05 9.99211E-05 9.99211E-05 0.291093 0.104288 9.99211E-05 9.99211E-05 0.0958034 9.99211E-05 0.00184284 0.37758 0.0779496 9.99211E-05
9.99122E-05 9.99122E-05 0.140871 9.99122E-05 9.99122E-05 9.99122E-05 9.99122E-05 0.0436574 9.99122E-05 9.99122E-05 0.0247733 9.99122E-05 0.489456 0.138246 0.161998 9.99122E-05
9.99209E-05 0.00471719 9.99209E-05 9.99209E-05 9.99209E-05 9.99209E-05 0.0667371 0.0283495 9.99209E-05 9.99209E-05 9.99209E-05 0.00212751 0.568634 0.047655 0.280881 9.99209E-05
9.99122E-05 9.99122E-05 9.99122E-05 9.99122E-05 9.99122E-05 9.99122E-05 9.99122E-05 9.99122E-05 9.99122E-05 0.137326 0.00534539 0.0781332 0.185624 0.389008 0.203565 9.99122E-05
0.155622 9.9921E-05 9.9921E-05 9.9921E-05 9.9921E-05 9.9921E-05 0.249184 0.0160385 9.9921E-05 9.9921E-05 0.0187918 9.9921E-05 0.188395 0.246412 0.124658 9.9921E-05
0.0684232 0.0170716 9.99123E-05 9.99123E-05 0.221746 9.99123E-05 9.99123E-05 9.99123E-05 9.99123E-05 9.99123E-05 9.99123E-05 9.99123E-05 0.432553 0.222261 0.0369454 9.99123E-05
9.9921E-05 9.9921E-05 9.9921E-05 0.0186084 9.9921E-05 9.9921E-05 9.9921E-05 9.9921E-05 9.9921E-05 0.0563173 9.9921E-05 0.0945868 0.467652 0.101981 0.109727 0.150229
0.0342017 9.9921E-05 9.9921E-05 9.9921E-05 9.9921E-05 9.9921E-05 9.9921E-05 0.11233 9.9921E-05 0.0203736 9.9921E-05 0.202012 0.241909 0.0471366 0.341137 9.9921E-05
0.0127689 9.99298E-05 9.99298E-05 0.0594266 9.99298E-05 9.99298E-05 9.99298E-05 9.99298E-05 9.99298E-05 0.0558516 0.0348793 0.0845748 0.443039 0.159207 0.149453 9.99298E-05
0.0505238 9.99385E-05 0.05314 0.108967 9.99385E-05 0.0430845 0.208174 0.0987735 9.99385E-05 9.99385E-05 9.99385E-05 0.102798 0.262218 9.99385E-05 0.0716222 9.99385E-05
9.99034E-05 9.99034E-05 9.99034E-05 9.99034E-05 9.99034E-05 9.99034E-05 0.109885 9.99034E-05 9.99034E-05 9.99034E-05 0.0474386 9.99034E-05 0.525803 0.0780667 0.237707 9.99034E-05
9.99475E-05 0.0679213 9.99475E-05 0.02755 0.0470318 9.99475E-05 0.111748 9.99475E-05 9.99475E-05 9.99475E-05 0.0226077 0.0536491 0.319963 0.164665 0.0611496 0.123115
9.99211E-05 9.99211E-05 9.99211E-05 9.99211E-05 9.99211E-05 9.99211E-05 9.99211E-05 0.00196404 0.136247 9.99211E-05 9.99211E-05 0.0381134 0.544822 0.0650693 0.176366 0.0365194
0.140588 9.9921E-05 9.9921E-05 9.9921E-05 9.9921E-05 9.9921E-05 0.158138 9.9921E-05 9.9921E-05 0.0986422 0.0705989 9.9921E-05 0.22325 0.108226 0.199657 9.9921E-05
9.99034E-05 9.99034E-05 9.99034E-05 9.99034E-05 9.99034E-05 9.99034E-05 9.99034E-05 0.0856454 9.99034E-05 0.133119 9.99034E-05 0.127019 0.630686 9.99034E-05 0.0224321 9.99034E-05
0.152572 9.99387E-05 9.99387E-05 0.045963 9.99387E-05 9.99387E-05 0.0587455 9.99387E-05 0.0026432 9.99387E-05 9.99387E-05 0.0384564 0.435188 0.0573878 0.136072 0.0722717
0.0347252 9.99297E-05 9.99297E-05 0.0699779 9.99297E-05 9.99297E-05 0.0713731 9.99297E-05 9.99297E-05 9.99297E-05 0.0419281 0.0165521 0.404287 0.0841304 0.276227 9.99297E-05
9.99125E-05 9.99125E-05 9.99125E-05 9.99125E-05 9.99125E-05 9.99125E-05 9.99125E-05 9.99125E-05 0.327687 9.99125E-05 0.12491 9.99125E-05 0.365462 0.0180373 0.126396 0.0365091
0.00705267 9.99034E-05 9.99034E-05 9.99034E-05 9.99034E-05 9.99034E-05 0.0437079 9.99034E-05 9.99034E-05 9.99034E-05 9.99034E-05 9.99034E-05 0.722062 0.118907 0.107172 9.99034E-05
9.99123E-05 9.99123E-05 9.99123E-05 9.99123E-05 0.0861583 9.99123E-05 0.124349 9.99123E-05 9.99123E-05 9.99123E-05 9.99123E-05 9.99123E-05 0.379951 0.154155 0.132164 0.122223
0.168127 0.0393371 9.99474E-05 9.99474E-05 9.99474E-05 9.99474E-05 0.135298 0.0913 9.99474E-05 0.0982009 9.99474E-05 0.0408272 0.289644 0.001966 0.0834456 0.0512539
9.99122E-05 9.99122E-05 9.99122E-05 9.99122E-05 9.99122E-05 9.99122E-05 0.00857723 9.99122E-05 0.032357 9.99122E-05 9.99122E-05 0.209365 0.519232 9.99122E-05 0.188516 0.0409529
9.99299E-05 9.99299E-05 0.0359458 9.99299E-05 9.99299E-05 9.99299E-05 9.99299E-05 0.00421744 0.133088 9.99299E-05 9.99299E-05 0.0497689 0.310195 0.195863 0.109229 0.160893
9.99123E-05 0.0468955 9.99123E-05 9.99123E-05 9.99123E-05 9.99123E-05 9.99123E-05 9.99123E-05 0.212893 9.99123E-05 9.99123E-05 9.99123E-05 0.548361 0.0459419 0.0364372 0.108473
9.99125E-05 9.99125E-05 0.0618379 9.99125E-05 9.99125E-05 9.99125E-05 9.99125E-05 9.99125E-05 0.146757 0.0178452 9.99125E-05 9.99125E-05 0.498941 0.176081 0.0975393 9.99125E-05
0.179054 9.99211E-05 9.99211E-05 9.99211E-05 9.99211E-05 9.99211E-05 0.0302378 0.0243419 9.99211E-05 9.99211E-05 9.99211E-05 9.99211E-05 0.454296 0.0154825 0.131683 0.164006
9.99123E-05 9.99123E-05 9.99123E-05 9.99123E-05 0.348756 9.99123E-05 9.99123E-05 0.0946333 9.99123E-05 9.99123E-05 9.99123E-05 9.99123E-05 0.186883 0.0198798 0.258238 0.0906105
9.98858E-05 9.98858E-05 9.98858E-05 9.98858E-05 9.98858E-05 9.98858E-05 0.71972 0.104584 9.98858E-05 9.98858E-05 9.98858E-05 9.98858E-05 9.98858E-05 9.98858E-05 0.174398 9.98858E-05
9.98859E-05 9.98859E-05 9.98859E-05 9.98859E-05 0.511115 9.98859E-05 0.413295 0.0742916 9.98859E-05 9.98859E-05 9.98859E-05 9.98859E-05 9.98859E-05 9.98859E-05 9.98859E-05 9.98859E-05
0.0161026 9.99035E-05 9.99035E-05 9.99035E-05 9.99035E-05 0.00192685 0.854092 9.99035E-05 9.99035E-05 9.99035E-05 9.99035E-05 0.0283403 9.99035E-05 9.99035E-05 0.0984397 9.99035E-05
9.98857E-05 9.98857E-05 9.98857E-05 9.98857E-05 9.98857E-05 9.98857E-05 0.839291 0.0341846 9.98857E-05 9.98857E-05 9.98857E-05 9.98857E-05 9.98857E-05 9.98857E-05 0.125226 9.98857E-05
9.98857E-05 0.000891126 9.98857E-05 9.98857E-05 9.98857E-05 9.98857E-05 0.977558 0.0202524 9.98857E-05 9.98857E-05 9.98857E-05 9.98857E-05 9.98857E-05 9.98857E-05 9.98857E-05 9.98857E-05
9.99035E-05 9.99035E-05 9.99035E-05 9.99035E-05 9.99035E-05 9.99035E-05 0.581395 0.111042 9.99035E-05 0.00829337 9.99035E-05 9.99035E-05 9.99035E-05 0.101496 0.196674 9.99035E-05
0.0378184 9.99034E-05 9.99034E-05 9.99034E-05 9.99034E-05 9.99034E-05 0.748868 0.0904806 9.99034E-05 9.99034E-05 9.99034E-05 9.99034E-05 0.033949 9.99034E-05 0.0877849 9.99034E-05
9.98771E-05 9.98771E-05 9.98771E-05 9.98771E-05 9.98771E-05 9.98771E-05 0.845784 0.152817 9.98771E-05 9.98771E-05 9.98771E-05 9.98771E-05 9.98771E-05 9.98771E-05 9.98771E-05 9.98771E-05
9.98945E-05 9.98945E-05 9.98945E-05 9.98945E-05 9.98945E-05 9.98945E-05 0.437601 0.258348 9.98945E-05 9.98945E-05 9.98945E-05 0.0453917 9.98945E-05 0.25746 9.98945E-05 9.98945E-05
9.98858E-05 9.98858E-05 9.98858E-05 9.98858E-05 9.98858E-05 9.98858E-05 0.512615 0.189847 9.98858E-05 9.98858E-05 9.98858E-05 9.98858E-05 9.98858E-05 9.98858E-05 0.296239 9.98858E-05
9.99035E-05 9.99035E-05 9.99035E-05 9.99035E-05 9.99035E-05 9.99035E-05 0.547887 0.000260566 0.197049 9.99035E-05 9.99035E-05 0.0249768 9.99035E-05 0.228728 9.99035E-05 9.99035E-05
9.99035E-05 9.99035E-05 9.99035E-05 9.99035E-05 9.99035E-05 9.99035E-05 0.616813 9.99035E-05 0.0976287 9.99035E-05 9.99035E-05 0.016022 9.99035E-05 0.153472 0.114965 9.99035E-05
9.9886E-05 9.9886E-05 9.9886E-05 9.9886E-05 0.0904068 9.9886E-05 0.790994 0.117301 9.9886E-05 9.9886E-05 9.9886E-05 9.9886E-05 9.9886E-05 9.9886E-05 9.9886E-05 9.9886E-05
9.98948E-05 9.98948E-05 9.98948E-05 9.98948E-05 9.98948E-05 9.98948E-05 0.574777 0.123737 0.091882 9.98948E-05 9.98948E-05 9.98948E-05 9.98948E-05 9.98948E-05 0.208406 9.98948E-05
0.124873 9.99036E-05 9.99036E-05 0.0402192 9.99036E-05 9.99036E-05 0.748319 0.0802997 0.00518978 9.99036E-05 9.99036E-05 9.99036E-05 9.99036E-05 9.99036E-05 9.99036E-05 9.99036E-05
9.99035E-05 9.99035E-05 9.99035E-05 9.99035E-05 9.99035E-05 9.99035E-05 0.639101 0.0168473 9.99035E-05 9.99035E-05 0.0869327 9.99035E-05 9.99035E-05 0.123461 0.132559 9.99035E-05
9.98946E-05 9.98946E-05 9.98946E-05 9.98946E-05 9.98946E-05 9.98946E-05 0.567419 0.0939878 0.0165904 9.98946E-05 9.98946E-05 9.98946E-05 9.98946E-05 0.320804 9.98946E-05 9.98946E-05
9.99124E-05 9.99124E-05 9.99124E-05 9.99124E-05 9.99124E-05 0.0291816 0.788186 0.114529 9.99124E-05 9.99124E-05 0.0466132 9.99124E-05 0.0158902 9.99124E-05 9.99124E-05 0.0046008
9.99123E-05 9.99123E-05 9.99123E-05 9.99123E-05 9.99123E-05 0.0334142 0.807026 0.0603172 0.0488336 9.99123E-05 9.99123E-05 0.0371076 9.99123E-05 0.0123022 9.99123E-05 9.99123E-05
9.99122E-05 9.99122E-05 0.111176 9.99122E-05 9.99122E-05 9.99122E-05 0.459507 0.118264 0.221176 9.99122E-05 9.99122E-05 0.00228703 9.99122E-05 9.99122E-05 0.0865905 9.99122E-05
9.99122E-05 9.99122E-05 9.99122E-05 9.99122E-05 9.99122E-05 9.99122E-05 0.637804 0.00569761 0.0386532 0.13445 9.99122E-05 9.99122E-05 9.99122E-05 0.130222 0.0521733 9.99122E-05
0.018573 9.98859E-05 9.98859E-05 9.98859E-05 9.98859E-05 9.98859E-05 0.960197 9.98859E-05 9.98859E-05 9.98859E-05 9.98859E-05 9.98859E-05 9.98859E-05 9.98859E-05 0.0199311 9.98859E-05
9.99122E-05 9.99122E-05 0.145351 9.99122E-05 9.99122E-05 0.00669677 0.332653 0.268547 9.99122E-05 9.99122E-05 9.99122E-05 9.99122E-05 9.99122E-05 0.071459 0.174294 9.99122E-05
9.99123E-05 0.0142584 9.99123E-05 9.99123E-05 0.202182 0.0163202 0.584073 0.162646 9.99123E-05 9.99123E-05 9.99123E-05 0.0195215 9.99123E-05 9.99123E-05 9.99123E-05 9.99123E-05
9.99122E-05 0.0152415 0.0434734 9.99122E-05 9.99122E-05 9.99122E-05 0.508476 0.169708 9.99122E-05 9.99122E-05 9.99122E-05 9.99122E-05 9.99122E-05 0.0452561 0.216847 9.99122E-05
9.9921E-05 9.9921E-05 9.9921E-05 0.0319718 0.138427 9.9921E-05 0.455572 0.0900964 9.9921E-05 9.9921E-05 9.9921E-05 9.9921E-05 0.0012059 0.205182 0.0766451 9.9921E-05
9.99122E-05 0.0331451 0.0472202 9.99122E-05 9.99122E-05 9.99122E-05 0.227622 9.99122E-05 0.640073 9.99122E-05 0.0128042 9.99122E-05 9.99122E-05 9.99122E-05 0.0381355 9.99122E-05
9.98857E-05 9.98857E-05 9.98857E-05 9.98857E-05 9.98857E-05 9.98857E-05 0.879411 0.0592385 9.98857E-05 9.98857E-05 9.98857E-05 9.98857E-05 9.98857E-05 9.98857E-05 0.0600517 9.98857E-05
9.98947E-05 9.98947E-05 9.98947E-05 9.98947E-05 9.98947E-05 9.98947E-05 0.55632 0.214629 9.98947E-05 9.98947E-05 9.98947E-05 9.98947E-05 9.98947E-05 0.0430041 0.184848 9.98947E-05
9.99035E-05 9.99035E-05 0.0495216 9.99035E-05 0.0691175 9.99035E-05 0.785561 9.99035E-05 9.99035E-05 9.99035E-05 9.99035E-05 0.0183834 9.99035E-05 9.99035E-05 0.0763174 9.99035E-05
9.99035E-05 9.99035E-05 9.99035E-05 0.10122 9.99035E-05 9.99035E-05 0.648592 9.99035E-05 9.99035E-05 9.99035E-05 9.99035E-05 0.0111032 9.99035E-05 0.0032709 0.234715 9.99035E-05
9.98859E-05 9.98859E-05 9.98859E-05 0.0860389 9.98859E-05 9.98859E-05 0.898948 9.98859E-05 9.98859E-05 9.98859E-05 9.98859E-05 9.98859E-05 9.98859E-05 9.98859E-05 0.0137146 9.98859E-05
9.99033E-05 9.99033E-05 0.0498597 9.99033E-05 9.99033E-05 0.108413 0.396583 0.246221 9.99033E-05 9.99033E-05 9.99033E-05 9.99033E-05 9.99033E-05 9.99033E-05 0.197825 9.99033E-05
0.0203831 9.99034E-05 0.0892871 9.99034E-05 9.99034E-05 9.99034E-05 0.765969 0.102937 9.99034E-05 9.99034E-05 9.99034E-05 9.99034E-05 0.020324 9.99034E-05 9.99034E-05 9.99034E-05
9.98772E-05 9.98772E-05 9.98772E-05 9.98772E-05 9.98772E-05 9.98772E-05 0.987981 9.98772E-05 0.0106206 9.98772E-05 9.98772E-05 9.98772E-05 9.98772E-05 9.98772E-05 9.98772E-05 9.98772E-05
9.99122E-05 9.99122E-05 9.99122E-05 0.0108483 9.99122E-05 9.99122E-05 0.768383 0.0407866 0.0748738 0.0900381 9.99122E-05 0.0140708 9.99122E-05 9.99122E-05 9.99122E-05 9.99122E-05
0.058018 9.98945E-05 9.98945E-05 9.98945E-05 9.98945E-05 9.98945E-05 0.651522 0.0923655 9.98945E-05 9.98945E-05 9.98945E-05 9.98945E-05 9.98945E-05 9.98945E-05 0.196896 9.98945E-05
9.98946E-05 9.98946E-05 9.98946E-05 9.98946E-05 0.046823 9.98946E-05 0.367314 0.0908486 0.493816 9.98946E-05 9.98946E-05 9.98946E-05 9.98946E-05 9.98946E-05 9.98946E-05 9.98946E-05
9.98859E-05 9.98859E-05 9.98859E-05 9.98859E-05 0.267495 9.98859E-05 0.674527 9.98859E-05 9.98859E-05 9.98859E-05 9.98859E-05 9.98859E-05 9.98859E-05 9.98859E-05 0.0566799 9.98859E-05
9.98772E-05 9.98772E-05 9.98772E-05 9.98772E-05 0.367909 9.98772E-05 0.630693 9.98772E-05 9.98772E-05 9.98772E-05 9.98772E-05 9.98772E-05 9.98772E-05 9.98772E-05 9.98772E-05 9.98772E-05
9.98947E-05 9.98947E-05 9.98947E-05 9.98947E-05 9.98947E-05 9.98947E-05 0.527682 0.0783864 0.380271 9.98947E-05 9.98947E-05 9.98947E-05 9.98947E-05 0.0124619 9.98947E-05 9.98947E-05
9.99122E-05 9.99122E-05 9.99122E-05 9.99122E-05 9.99122E-05 0.0159912 0.502142 0.1292 9.99122E-05 9.99122E-05 9.99122E-05 0.00513525 9.99122E-05 0.067338 0.279194 9.99122E-05
9.98859E-05 9.98859E-05 9.98859E-05 9.98859E-05 9.98859E-05 0.103409 0.813648 0.0816447 9.98859E-05 9.98859E-05 9.98859E-05 9.98859E-05 9.98859E-05 9.98859E-05 9.98859E-05 9.98859E-05
9.99035E-05 9.99035E-05 0.146115 9.99035E-05 9.99035E-05 9.99035E-05 0.103011 0.108865 0.617358 9.99035E-05 9.99035E-05 9.99035E-05 9.99035E-05 9.99035E-05 0.0235522 9.99035E-05
9.98859E-05 9.98859E-05 9.98859E-05 9.98859E-05 9.98859E-05 9.98859E-05 0.443598 9.98859E-05 0.504134 9.98859E-05 9.98859E-05 9.98859E-05 9.98859E-05 9.98859E-05 0.050969 9.98859E-05
0.138338 9.9921E-05 0.00460492 9.9921E-05 9.9921E-05 9.9921E-05 0.516293 0.141096 9.9921E-05 9.9921E-05 0.0136661 9.9921E-05 0.0424115 0.142692 9.9921E-05 9.9921E-05
0.00127294 9.99211E-05 9.99211E-05 9.99211E-05 9.99211E-05 9.99211E-05 0.617792 0.135338 0.0882964 9.99211E-05 9.99211E-05 0.0151387 0.0123189 9.99211E-05 0.128944 9.99211E-05
9.99124E-05 0.132012 9.99124E-05 9.99124E-05 9.99124E-05 9.99124E-05 0.540752 0.17659 0.0271181 9.99124E-05 9.99124E-05 9.99124E-05 9.99124E-05 0.0765312 0.0459978 9.99124E-05
9.98947E-05 9.98947E-05 9.98947E-05 9.98947E-05 9.98947E-05 9.98947E-05 0.451147 0.289523 9.98947E-05 9.98947E-05 9.98947E-05 9.98947E-05 0.0200109 9.98947E-05 0.238121 9.98947E-05
9.9877E-05 9.9877E-05 9.9877E-05 9.9877E-05 0.508129 9.9877E-05 0.490473 9.9877E-05 9.9877E-05 9.9877E-05 9.9877E-05 9.9877E-05 9.9877E-05 9.9877E-05 9.9877E-05 9.9877E-05
9.98945E-05 9.98945E-05 9.98945E-05 9.98945E-05 9.98945E-05 9.98945E-05 0.747902 9.98945E-05 9.98945E-05 0.114832 0.0230514 9.98945E-05 9.98945E-05 9.98945E-05 0.113016 9.98945E-05
9.98947E-05 9.98947E-05 9.98947E-05 9.98947E-05 9.98947E-05 9.98947E-05 0.251499 0.12951 0.57405 9.98947E-05 9.98947E-05 9.98947E-05 9.98947E-05 9.98947E-05 0.0437416 9.98947E-05
9.99035E-05 9.99035E-05 9.99035E-05 9.99035E-05 0.102378 9.99035E-05 0.636727 0.0871318 9.99035E-05 9.99035E-05 9.99035E-05 0.00339062 9.99035E-05 9.99035E-05 0.169274 9.99035E-05
9.99034E-05 9.99034E-05 9.99034E-05 0.0837425 9.99034E-05 9.99034E-05 0.843581 0.0451461 9.99034E-05 9.99034E-05 9.99034E-05 9.99034E-05 9.99034E-05 0.00307062 0.0233611 9.99034E-05
9.98858E-05 9.98858E-05 9.98858E-05 9.98858E-05 9.98858E-05 9.98858E-05 0.769547 9.98858E-05 9.98858E-05 0.228319 0.000835124 9.98858E-05 9.98858E-05 9.98858E-05 9.98858E-05 9.98858E-05
9.98947E-05 9.98947E-05 9.98947E-05 9.98947E-05 9.98947E-05 9.98947E-05 0.578263 0.187327 9.98947E-05 9.98947E-05 9.98947E-05 9.98947E-05 9.98947E-05 0.110494 0.122717 9.98947E-05
9.98859E-05 9.98859E-05 9.98859E-05 9.98859E-05 9.98859E-05 9.98859E-05 0.775293 0.146368 9.98859E-05 9.98859E-05 9.98859E-05 9.98859E-05 9.98859E-05 9.98859E-05 0.0770413 9.98859E-05
9.98859E-05 9.98859E-05 9.98859E-05 9.98859E-05 9.98859E-05 9.98859E-05 0.9445 9.98859E-05 9.98859E-05 9.98859E-05 9.98859E-05 0.0310963 9.98859E-05 9.98859E-05 0.0231057 9.98859E-05
9.98947E-05 9.98947E-05 0.100361 9.98947E-05 0.0431689 9.98947E-05 0.799078 9.98947E-05 9.98947E-05 9.98947E-05 9.98947E-05 9.98947E-05 9.98947E-05 9.98947E-05 0.056193 9.98947E-05
9.99035E-05 9.99035E-05 9.99035E-05 9.99035E-05 0.137175 9.99035E-05 0.546569 0.128845 9.99035E-05 9.99035E-05 9.99035E-05 9.99035E-05 9.99035E-05 0.130952 0.0553598 9.99035E-05
9.98681E-05 9.98681E-05 9.98681E-05 9.98681E-05 9.98681E-05 9.98681E-05 9.98681E-05 9.98681E-05 9.98681E-05 9.98681E-05 9.98681E-05 9.98681E-05 9.98681E-05 9.98681E-05 0.998502 9.98681E-05
9.98682E-05 9.98682E-05 9.98682E-05 9.98682E-05 9.98682E-05 9.98682E-05 9.98682E-05 0.998502 9.98682E-05 9.98682E-05 9.98682E-05 9.98682E-05 9.98682E-05 9.98682E-05 9.98682E-05 9.98682E-05
9.98681E-05 9.98681E-05 9.98681E-05 9.98681E-05 9.98681E-05 9.98681E-05 9.98681E-05 9.98681E-05 9.98681E-05 9.98681E-05 9.98681E-05 9.98681E-05 9.98681E-05 9.98681E-05 0.998502 9.98681E-05
9.98681E-05 9.98681E-05 9.98681E-05 9.98681E-05 9.98681E-05 9.98681E-05 9.98681E-05 0.998502 9.98681E-05 9.98681E-05 9.98681E-05 9.98681E-05 9.98681E-05 9.98681E-05 9.98681E-05 9.98681E-05
9.98681E-05 9.98681E-05 9.98681E-05 9.98681E-05 9.98681E-05 9.98681E-05 9.98681E-05 0.998502 9.98681E-05 9.98681E-05 9.98681E-05 9.98681E-05 9.98681E-05 9.98681E-05 9.98681E-05 9.98681E-05
9.98681E-05 9.98681E-05 9.98681E-05 9.98681E-05 9.98681E-05 9.98681E-05 9.98681E-05 0.998502 9.98681E-05 9.98681E-05 9.98681E-05 9.98681E-05 9.98681E-05 9.98681E-05 9.98681E-05 9.98681E-05
9.9868E-05 9.9868E-05 9.9868E-05 9.9868E-05 9.9868E-05 9.9868E-05 9.9868E-05 9.9868E-05 9.9868E-05 9.9868E-05 9.9868E-05 9.9868E-05 9.9868E-05 9.9868E-05 0.998502 9.9868E-05
9.98681E-05 9.98681E-05 9.98681E-05 9.98681E-05 9.98681E-05 9.98681E-05 9.98681E-05 0.998502 9.98681E-05 9.98681E-05 9.98681E-05 9.98681E-05 9.98681E-05 9.98681E-05 9.98681E-05 9.98681E-05
9.98681E-05 9.98681E-05 9.98681E-05 9.98681E-05 9.98681E-05 9.98681E-05 9.98681E-05 0.998502 9.98681E-05 9.98681E-05 9.98681E-05 9.98681E-05 9.98681E-05 9.98681E-05 9.98681E-05 9.98681E-05
9.9868E-05 9.9868E-05 9.9868E-05 9.9868E-05 9.9868E-05 9.9868E-05 9.9868E-05 9.9868E-05 9.9868E-05 9.9868E-05 9.9868E-05 9.9868E-05 9.9868E-05 9.9868E-05 0.998502 9.9868E-05
9.98682E-05 9.98682E-05 9.98682E-05 9.98682E-05 9.98682E-05 9.98682E-05 9.98682E-05 9.98682E-05 9.98682E-05 9.98682E-05 9.98682E-05 9.98682E-05 9.98682E-05 9.98682E-05 0.998502 9.98682E-05
9.9868E-05 9.9868E-05 9.9868E-05 9.9868E-05 9.9868E-05 9.9868E-05 9.9868E-05 9.9868E-05 9.9868E-05 9.9868E-05 9.9868E-05 9.9868E-05 9.9868E-05 9.9868E-05 0.998502 9.9868E-05
9.98681E-05 9.98681E-05 9.98681E-05 9.98681E-05 9.98681E-05 9.98681E-05 9.98681E-05 0.998502 9.98681E-05 9.98681E-05 9.98681E-05 9.98681E-05 9.98681E-05 9.98681E-05 9.98681E-05 9.98681E-05
9.9868E-05 9.9868E-05 9.9868E-05 9.9868E-05 9.9868E-05 9.9868E-05 9.9868E-05 0.998502 9.9868E-05 9.9868E-05 9.9868E-05 9.9868E-05 9.9868E-05 9.9868E-05 9.9868E-05 9.9868E-05
9.98681E-05 9.98681E-05 9.98681E-05 9.98681E-05 9.98681E-05 9.98681E-05 9.98681E-05 9.98681E-05 9.98681E-05 9.98681E-05 9.98681E-05 9.98681E-05 9.98681E-05 9.98681E-05 0.998502 9.98681E-05
9.98681E-05 9.98681E-05 9.98681E-05 9.98681E-05 9.98681E-05 9.98681E-05 9.98681E-05 9.98681E-05 9.98681E-05 9.98681E-05 9.98681E-05 9.98681E-05 9.98681E-05 9.98681E-05 0.998502 9.98681E-05
9.99121E-05 0.0301463 9.99121E-05 9.99121E-05 9.99121E-05 9.99121E-05 0.624665 0.0480597 9.99121E-05 0.134148 0.0763875 9.99121E-05 9.99121E-05 9.99121E-05 0.085595 9.99121E-05
9.98681E-05 9.98681E-05 9.98681E-05 9.98681E-05 9.98681E-05 9.98681E-05 9.98681E-05 9.98681E-05 9.98681E-05 9.98681E-05 9.98681E-05 9.98681E-05 9.98681E-05 9.98681E-05 0.998502 9.98681E-05
9.98681E-05 9.98681E-05 9.98681E-05 9.98681E-05 9.98681E-05 9.98681E-05 9.98681E-05 0.998502 9.98681E-05 9.98681E-05 9.98681E-05 9.98681E-05 9.98681E-05 9.98681E-05 9.98681E-05 9.98681E-05
9.98681E-05 9.98681E-05 9.98681E-05 9.98681E-05 9.98681E-05 9.98681E-05 9.98681E-05 9.98681E-05 9.98681E-05 9.98681E-05 9.98681E-05 9.98681E-05 9.98681E-05 9.98681E-05 0.998502 9.98681E-05
9.98681E-05 9.98681E-05 9.98681E-05 9.98681E-05 9.98681E-05 9.98681E-05 9.98681E-05 9.98681E-05 9.98681E-05 9.98681E-05 9.98681E-05 9.98681E-05 9.98681E-05 9.98681E-05 0.998502 9.98681E-05
9.9868E-05 9.9868E-05 9.9868E-05 9.9868E-05 9.9868E-05 9.9868E-05 9.9868E-05 9.9868E-05 9.9868E-05 9.9868E-05 9.9868E-05 9.9868E-05 9.9868E-05 9.9868E-05 0.998502 9.9868E-05
9.9868E-05 9.9868E-05 9.9868E-05 9.9868E-05 9.9868E-05 9.9868E-05 9.9868E-05 0.998502 9.9868E-05 9.9868E-05 9.9868E-05 9.9868E-05 9.9868E-05 9.9868E-05 9.9868E-05 9.9868E-05
9.98681E-05 9.98681E-05 9.98681E-05 9.98681E-05 9.98681E-05 9.98681E-05 9.98681E-05 9.98681E-05 9.98681E-05 9.98681E-05 9.98681E-05 9.98681E-05 9.98681E-05 9.98681E-05 0.998502 9.98681E-05
9.98681E-05 9.98681E-05 9.98681E-05 9.98681E-05 9.98681E-05 9.98681E-05 9.98681E-05 0.998502 9.98681E-05 9.98681E-05 9.98681E-05 9.98681E-05 9.98681E-05 9.98681E-05 9.98681E-05 9.98681E-05
9.98681E-05 9.98681E-05 9.98681E-05 9.98681E-05 9.98681E-05 9.98681E-05 9.98681E-05 9.98681E-05 9.98681E-05 9.98681E-05 9.98681E-05 9.98681E-05 9.98681E-05 9.98681E-05 0.998502 9.98681E-05
9.9868E-05 9.9868E-05 9.9868E-05 9.9868E-05 9.9868E-05 9.9868E-05 9.9868E-05 9.9868E-05 9.9868E-05 9.9868E-05 9.9868E-05 9.9868E-05 9.9868E-05 9.9868E-05 0.998502 9.9868E-05
9.98681E-05 9.98681E-05 9.98681E-05 9.98681E-05 9.98681E-05 9.98681E-05 9.98681E-05 0.998502 9.98681E-05 9.98681E-05 9.98681E-05 9.98681E-05 9.98681E-05 9.98681E-05 9.98681E-05 9.98681E-05
9.98681E-05 9.98681E-05 9.98681E-05 9.98681E-05 9.98681E-05 9.98681E-05 9.98681E-05 0.998502 9.98681E-05 9.98681E-05 9.98681E-05 9.98681E-05 9.98681E-05 9.98681E-05 9.98681E-05 9.98681E-05
9.98682E-05 9.98682E-05 9.98682E-05 9.98682E-05 9.98682E-05 9.98682E-05 9.98682E-05 0.998502 9.98682E-05 9.98682E-05 9.98682E-05 9.98682E-05 9.98682E-05 9.98682E-05 9.98682E-05 9.98682E-05
9.98682E-05 9.98682E-05 9.98682E-05 9.98682E-05 9.98682E-05 9.98682E-05 9.98682E-05 9.98682E-05 9.98682E-05 9.98682E-05 9.98682E-05 9.98682E-05 9.98682E-05 9.98682E-05 0.998502 9.98682E-05
9.98681E-05 9.98681E-05 9.98681E-05 9.98681E-05 9.98681E-05 9.98681E-05 9.98681E-05 9.98681E-05 9.98681E-05 9.98681E-05 9.98681E-05 9.98681E-05 9.98681E-05 9.98681E-05 0.998502 9.98681E-05
9.9868E-05 9.9868E-05 9.9868E-05 9.9868E-05 9.9868E-05 9.9868E-05 9.9868E-05 9.9868E-05 9.9868E-05 9.9868E-05 9.9868E-05 9.9868E-05 9.9868E-05 9.9868E-05 0.998502 9.9868E-05
9.9868E-05 9.9868E-05 9.9868E-05 9.9868E-05 9.9868E-05 9.9868E-05 9.9868E-05 9.9868E-05 9.9868E-05 9.9868E-05 9.9868E-05 9.9868E-05 9.9868E-05 9.9868E-05 0.998502 9.9868E-05
9.98681E-05 9.98681E-05 9.98681E-05 9.98681E-05 9.98681E-05 9.98681E-05 9.98681E-05 9.98681E-05 9.98681E-05 9.98681E-05 9.98681E-05 9.98681E-05 9.98681E-05 9.98681E-05 0.998502 9.98681E-05
9.98681E-05 9.98681E-05 9.98681E-05 9.98681E-05 9.98681E-05 9.98681E-05 9.98681E-05 0.998502 9.98681E-05 9.98681E-05 9.98681E-05 9.98681E-05 9.98681E-05 9.98681E-05 9.98681E-05 9.98681E-05
9.98681E-05 9.98681E-05 9.98681E-05 9.98681E-05 9.98681E-05 9.98681E-05 9.98681E-05 0.998502 9.98681E-05 9.98681E-05 9.98681E-05 9.98681E-05 9.98681E-05 9.98681E-05 9.98681E-05 9.98681E-05
9.98681E-05 9.98681E-05 9.98681E-05 9.98681E-05 9.98681E-05 9.98681E-05 9.98681E-05 0.998502 9.98681E-05 9.98681E-05 9.98681E-05 9.98681E-05 9.98681E-05 9.98681E-05 9.98681E-05 9.98681E-05
9.98681E-05 9.98681E-05 9.98681E-05 9.98681E-05 9.98681E-05 9.98681E-05 9.98681E-05 9.98681E-05 9.98681E-05 9.98681E-05 9.98681E-05 9.98681E-05 9.98681E-05 9.98681E-05 0.998502 9.98681E-05
9.98681E-05 9.98681E-05 9.98681E-05 9.98681E-05 9.98681E-05 9.98681E-05 9.98681E-05 0.998502 9.98681E-05 9.98681E-05 9.98681E-05 9.98681E-05 9.98681E-05 9.98681E-05 9.98681E-05 9.98681E-05
9.98681E-05 9.98681E-05 9.98681E-05 9.98681E-05 9.98681E-05 9.98681E-05 9.98681E-05 0.998502 9.98681E-05 9.98681E-05 9.98681E-05 9.98681E-05 9.98681E-05 9.98681E-05 9.98681E-05 9.98681E-05
9.98682E-05 9.98682E-05 9.98682E-05 9.98682E-05 9.98682E-05 9.98682E-05 9.98682E-05 0.998502 9.98682E-05 9.98682E-05 9.98682E-05 9.98682E-05 9.98682E-05 9.98682E-05 9.98682E-05 9.98682E-05
9.98681E-05 9.98681E-05 9.98681E-05 9.98681E-05 9.98681E-05 9.98681E-05 9.98681E-05 0.998502 9.98681E-05 9.98681E-05 9.98681E-05 9.98681E-05 9.98681E-05 9.98681E-05 9.98681E-05 9.98681E-05
9.9868E-05 9.9868E-05 9.9868E-05 9.9868E-05 9.9868E-05 9.9868E-05 9.9868E-05 9.9868E-05 9.9868E-05 9.9868E-05 9.9868E-05 9.9868E-05 9.9868E-05 9.9868E-05 0.998502 9.9868E-05
9.98681E-05 9.98681E-05 9.98681E-05 9.98681E-05 9.98681E-05 9.98681E-05 9.98681E-05 0.998502 9.98681E-05 9.98681E-05 9.98681E-05 9.98681E-05 9.98681E-05 9.98681E-05 9.98681E-05 9.98681E-05
9.98681E-05 9.98681E-05 9.98681E-05 9.98681E-05 9.98681E-05 9.98681E-05 9.98681E-05 0.998502 9.98681E-05 9.98681E-05 9.98681E-05 9.98681E-05 9.98681E-05 9.98681E-05 9.98681E-05 9.98681E-05
9.99121E-05 0.0270113 9.99121E-05 9.99121E-05 9.99121E-05 9.99121E-05 0.66843 0.036305 9.99121E-05 0.121592 0.0725485 9.99121E-05 9.99121E-05 9.99121E-05 0.0731147 9.99121E-05
9.98681E-05 9.98681E-05 9.98681E-05 9.98681E-05 9.98681E-05 9.98681E-05 9.98681E-05 9.98681E-05 9.98681E-05 9.98681E-05 9.98681E-05 9.98681E-05 9.98681E-05 9.98681E-05 0.998502 9.98681E-05
9.98681E-05 9.98681E-05 9.98681E-05 9.98681E-05 9.98681E-05 9.98681E-05 9.98681E-05 0.998502 9.98681E-05 9.98681E-05 9.98681E-05 9.98681E-05 9.98681E-05 9.98681E-05 9.98681E-05 9.98681E-05
9.98682E-05 9.98682E-05 9.98682E-05 9.98682E-05 9.98682E-05 9.98682E-05 9.98682E-05 0.998502 9.98682E-05 9.98682E-05 9.98682E-05 9.98682E-05 9.98682E-05 9.98682E-05 9.98682E-05 9.98682E-05
9.98681E-05 9.98681E-05 9.98681E-05 9.98681E-05 9.98681E-05 9.98681E-05 9.98681E-05 0.998502 9.98681E-05 9.98681E-05 9.98681E-05 9.98681E-05 9.98681E-05 9.98681E-05 9.98681E-05 9.98681E-05
9.98681E-05 9.98681E-05 9.98681E-05 9.98681E-05 9.98681E-05 9.98681E-05 9.98681E-05 0.998502 9.98681E-05 9.98681E-05 9.98681E-05 9.98681E-05 9.98681E-05 9.98681E-05 9.98681E-05 9.98681E-05
9.9868E-05 9.9868E-05 9.9868E-05 9.9868E-05 9.9868E-05 9.9868E-05 9.9868E-05 9.9868E-05 9.9868E-05 9.9868E-05 9.9868E-05 9.9868E-05 9.9868E-05 9.9868E-05 0.998502 9.9868E-05
9.98681E-05 9.98681E-05 9.98681E-05 9.98681E-05 9.98681E-05 9.98681E-05 9.98681E-05 0.998502 9.98681E-05 9.98681E-05 9.98681E-05 9.98681E-05 9.98681E-05 9.98681E-05 9.98681E-05 9.98681E-05
9.98681E-05 9.98681E-05 9.98681E-05 9.98681E-05 9.98681E-05 9.98681E-05 9.98681E-05 9.98681E-05 9.98681E-05 9.98681E-05 9.98681E-05 9.98681E-05 9.98681E-05 9.98681E-05 0.998502 9.98681E-05
9.98681E-05 9.98681E-05 9.98681E-05 9.98681E-05 9.98681E-05 9.98681E-05 9.98681E-05 0.998502 9.98681E-05 9.98681E-05 9.98681E-05 9.98681E-05 9.98681E-05 9.98681E-05 9.98681E-05 9.98681E-05
9.98681E-05 9.98681E-05 9.98681E-05 9.98681E-05 9.98681E-05 9.98681E-05 9.98681E-05 9.98681E-05 9.98681E-05 9.98681E-05 9.98681E-05 9.98681E-05 9.98681E-05 9.98681E-05 0.998502 9.98681E-05
9.98681E-05 9.98681E-05 9.98681E-05 9.98681E-05 9.98681E-05 9.98681E-05 9.98681E-05 0.998502 9.98681E-05 9.98681E-05 9.98681E-05 9.98681E-05 9.98681E-05 9.98681E-05 9.98681E-05 9.98681E-05
9.98682E-05 9.98682E-05 9.98682E-05 9.98682E-05 9.98682E-05 9.98682E-05 9.98682E-05 0.998502 9.98682E-05 9.98682E-05 9.98682E-05 9.98682E-05 9.98682E-05 9.98682E-05 9.98682E-05 9.98682E-05
9.9868E-05 9.9868E-05 9.9868E-05 9.9868E-05 9.9868E-05 9.9868E-05 9.9868E-05 0.998502 9.9868E-05 9.9868E-05 9.9868E-05 9.9868E-05 9.9868E-05 9.9868E-05 9.9868E-05 9.9868E-05
9.9868E-05 9.9868E-05 9.9868E-05 9.9868E-05 9.9868E-05 9.9868E-05 9.9868E-05 0.998502 9.9868E-05 9.9868E-05 9.9868E-05 9.9868E-05 9.9868E-05 9.9868E-05 9.9868E-05 9.9868E-05
9.98681E-05 9.98681E-05 9.98681E-05 9.98681E-05 9.98681E-05 9.98681E-05 9.98681E-05 0.998502 9.98681E-05 9.98681E-05 9.98681E-05 9.98681E-05 9.98681E-05 9.98681E-05 9.98681E-05 9.98681E-05
9.9868E-05 9.9868E-05 9.9868E-05 9.9868E-05 9.9868E-05 9.9868E-05 9.9868E-05 0.998502 9.9868E-05 9.9868E-05 9.9868E-05 9.9868E-05 9.9868E-05 9.9868E-05 9.9868E-05 9.9868E-05
9.98681E-05 9.98681E-05 9.98681E-05 9.98681E-05 9.98681E-05 9.98681E-05 9.98681E-05 9.98681E-05 9.98681E-05 9.98681E-05 9.98681E-05 9.98681E-05 9.98681E-05 9.98681E-05 0.998502 9.98681E-05
9.98681E-05 9.98681E-05 9.98681E-05 9.98681E-05 9.98681E-05 9.98681E-05 9.98681E-05 9.98681E-05 9.98681E-05 9.98681E-05 9.98681E-05 9.98681E-05 9.98681E-05 9.98681E-05 0.998502 9.98681E-05
9.98681E-05 9.98681E-05 9.98681E-05 9.98681E-05 9.98681E-05 9.98681E-05 9.98681E-05 9.98681E-05 9.98681E-05 9.98681E-05 9.98681E-05 9.98681E-05 9.98681E-05 9.98681E-05 0.998502 9.98681E-05
9.98681E-05 9.98681E-05 9.98681E-05 9.98681E-05 9.98681E-05 9.98681E-05 9.98681E-05 0.998502 9.98681E-05 9.98681E-05 9.98681E-05 9.98681E-05 9.98681E-05 9.98681E-05 9.98681E-05 9.98681E-05
9.9868E-05 9.9868E-05 9.9868E-05 9.9868E-05 9.9868E-05 9.9868E-05 9.9868E-05 9.9868E-05 9.9868E-05 9.9868E-05 9.9868E-05 9.9868E-05 9.9868E-05 9.9868E-05 0.998502 9.9868E-05
9.9868E-05 9.9868E-05 9.9868E-05 9.9868E-05 9.9868E-05 9.9868E-05 9.9868E-05 9.9868E-05 9.9868E-05 9.9868E-05 9.9868E-05 9.9868E-05 9.9868E-05 9.9868E-05 0.998502 9.9868E-05
9.9868E-05 9.9868E-05 9.9868E-05 9.9868E-05 9.9868E-05 9.9868E-05 9.9868E-05 9.9868E-05 9.9868E-05 9.9868E-05 9.9868E-05 9.9868E-05 9.9868E-05 9.9868E-05 0.998502 9.9868E-05
9.98681E-05 9.98681E-05 9.98681E-05 9.98681E-05 9.98681E-05 9.98681E-05 9.98681E-05 0.998502 9.98681E-05 9.98681E-05 9.98681E-05 9.98681E-05 9.98681E-05 9.98681E-05 9.98681E-05 9.98681E-05
9.98681E-05 9.98681E-05 9.98681E-05 9.98681E-05 9.98681E-05 9.98681E-05 9.98681E-05 0.998502 9.98681E-05 9.98681E-05 9.98681E-05 9.98681E-05 9.98681E-05 9.98681E-05 9.98681E-05 9.98681E-05
9.98681E-05 9.98681E-05 9.98681E-05 9.98681E-05 9.98681E-05 9.98681E-05 9.98681E-05 0.998502 9.98681E-05 9.98681E-05 9.98681E-05 9.98681E-05 9.98681E-05 9.98681E-05 9.98681E-05 9.98681E-05
