0.0181922 9.99648E-05 9.99648E-05 0.142809 9.99648E-05 9.99648E-05 0.0364963 0.492044 0.119336 0.190722
0.0680178 9.99648E-05 9.99648E-05 0.1344 9.99648E-05 9.99648E-05 0.00927794 0.720738 0.0395219 0.0276448
9.99648E-05 9.99648E-05 0.0164341 9.99648E-05 0.0324359 0.0362822 9.99648E-05 0.863371 0.0179976 0.0330792
0.0498485 0.0555147 0.410485 9.99649E-05 9.99649E-05 9.99649E-05 9.99649E-05 0.283874 0.0850285 0.114849
9.99385E-05 0.0108578 0.151767 9.99385E-05 9.99385E-05 9.99385E-05 9.99385E-05 0.836676 9.99385E-05 9.99385E-05
9.99737E-05 0.205865 0.283129 0.120854 9.99737E-05 0.0195045 9.99737E-05 0.281496 0.0355552 0.0532959
9.99649E-05 9.99649E-05 0.324523 0.172695 0.076954 9.99649E-05 9.99649E-05 0.252662 0.15824 0.0145262
9.99737E-05 0.20513 0.322641 0.0158638 0.109942 9.99737E-05 0.0320515 0.265753 0.0483189 9.99737E-05
0.189543 0.26366 0.024297 9.99561E-05 9.99561E-05 9.99561E-05 9.99561E-05 0.214257 9.99561E-05 0.307743
9.99385E-05 9.99385E-05 9.99385E-05 9.99385E-05 9.99385E-05 9.99385E-05 0.0391122 0.793924 9.99385E-05 0.166264
0.023149 0.0286769 0.0333624 9.99736E-05 0.0482302 9.99736E-05 9.99736E-05 0.466188 0.0562156 0.343878
0.00660724 9.99561E-05 0.0977568 9.99561E-05 0.0103743 9.99561E-05 9.99561E-05 0.842734 0.0420282 9.99561E-05
9.99297E-05 9.99297E-05 9.99297E-05 9.99297E-05 9.99297E-05 9.99297E-05 9.99297E-05 0.841102 9.99297E-05 0.158099
9.99649E-05 0.0326849 9.99649E-05 9.99649E-05 0.019255 0.178111 9.99649E-05 0.618115 0.052954 0.0984798
0.0235445 0.229934 0.0124598 0.0406036 9.99824E-05 0.0945786 0.0168121 0.294584 9.99824E-05 0.287284
9.99649E-05 0.223462 0.209997 9.99649E-05 0.128544 9.99649E-05 9.99649E-05 0.273191 0.00482497 0.159581
9.99737E-05 9.99737E-05 0.0722243 0.132757 0.0332931 0.0263867 9.99737E-05 0.613161 0.0480877 0.0737906
0.0943594 0.116885 0.00539673 9.99824E-05 0.0609455 9.99824E-05 0.176449 0.265721 0.0496846 0.230359
0.0782699 0.16123 0.0951067 9.99649E-05 9.99649E-05 9.99649E-05 9.99649E-05 0.261196 0.0549261 0.348871
0.0443826 9.99385E-05 9.99385E-05 9.99385E-05 9.99385E-05 9.99385E-05 9.99385E-05 0.9391 9.99385E-05 0.0158181
0.0770107 0.165812 0.228194 9.99561E-05 9.99561E-05 9.99561E-05 9.99561E-05 0.458625 0.0698587 9.99561E-05
9.99737E-05 0.221289 0.345253 0.0388733 9.99737E-05 9.99737E-05 0.0114238 0.317663 0.0287176 0.0364802
9.99561E-05 0.00896049 9.99561E-05 0.0644338 9.99561E-05 9.99561E-05 9.99561E-05 0.563743 0.144727 0.217636
9.99561E-05 0.0411018 0.0063088 9.99561E-05 0.132516 9.99561E-05 9.99561E-05 0.433316 9.99561E-05 0.386258
0.138469 0.0803088 0.02451 9.99649E-05 9.99649E-05 9.99649E-05 9.99649E-05 0.29927 0.129382 0.327661
9.99648E-05 0.0444613 0.177494 9.99648E-05 0.00639752 9.99648E-05 9.99648E-05 0.596273 0.0401365 0.134838
9.999E-05 0.103871 0.0213374 0.0442156 0.0814857 0.174671 0.208528 0.0734956 0.0322615 0.260034
9.99561E-05 9.99561E-05 0.166086 0.0302987 9.99561E-05 0.0730724 9.99561E-05 0.666155 9.99561E-05 0.0638884
9.99386E-05 9.99386E-05 9.99386E-05 9.99386E-05 9.99386E-05 9.99386E-05 9.99386E-05 0.593464 0.0811475 0.324689
0.00403708 0.0469535 9.99649E-05 9.99649E-05 9.99649E-05 0.072394 9.99649E-05 0.753397 0.0301455 0.0926733
9.99473E-05 0.0454859 9.99473E-05 9.99473E-05 9.99473E-05 9.99473E-05 9.99473E-05 0.656468 0.197104 0.100342
9.99649E-05 0.0539474 0.0531415 9.99649E-05 9.99649E-05 0.144534 9.99649E-05 0.477527 0.0665297 0.20392
9.99473E-05 9.99473E-05 9.99473E-05 9.99473E-05 0.0629709 9.99473E-05 9.99473E-05 0.5599 0.119255 0.257274
9.99649E-05 9.99649E-05 0.160485 9.99649E-05 9.99649E-05 0.155673 0.0950661 0.395616 0.0149725 0.177787
0.0513096 0.00809324 9.99649E-05 0.0516038 9.99649E-05 9.99649E-05 9.99649E-05 0.80936 0.0436429 0.035591
9.99649E-05 0.0605973 0.159054 9.99649E-05 0.000332734 9.99649E-05 9.99649E-05 0.636147 0.0502653 0.0932031
9.99473E-05 9.99473E-05 9.99473E-05 0.0789011 0.0620519 9.99473E-05 9.99473E-05 0.84012 0.0183277 9.99473E-05
0.103671 0.147452 9.99561E-05 0.03104 9.99561E-05 9.99561E-05 9.99561E-05 0.611614 9.99561E-05 0.105724
9.99737E-05 0.0216906 0.0994622 0.106901 9.99737E-05 0.121982 9.99737E-05 0.430405 0.0859724 0.133287
9.99473E-05 9.99473E-05 9.99473E-05 9.99473E-05 0.155128 0.0626889 9.99473E-05 0.53955 9.99473E-05 0.242033
9.99649E-05 0.0350918 0.0547865 9.99649E-05 0.100014 9.99649E-05 9.99649E-05 0.764145 0.00417089 0.0413924
9.99561E-05 0.0808125 0.0174538 0.0345647 9.99561E-05 9.99561E-05 9.99561E-05 0.631253 9.99561E-05 0.235416
9.99473E-05 9.99473E-05 9.99473E-05 0.102886 0.00104539 0.0457314 9.99473E-05 0.849738 9.99473E-05 9.99473E-05
9.99649E-05 0.107001 0.0383048 9.99649E-05 9.99649E-05 9.99649E-05 0.00416364 0.406159 0.108639 0.335332
0.00848785 9.99561E-05 0.35623 9.99561E-05 9.99561E-05 9.99561E-05 9.99561E-05 0.312945 0.0318055 0.290032
0.049061 9.99473E-05 0.0970639 9.99473E-05 9.99473E-05 9.99473E-05 9.99473E-05 0.786833 9.99473E-05 0.0664428
9.99561E-05 0.044912 9.99561E-05 9.99561E-05 9.99561E-05 9.99561E-05 0.056706 0.768302 0.016451 0.113129
9.99385E-05 9.99385E-05 9.99385E-05 9.99385E-05 0.0469807 9.99385E-05 9.99385E-05 0.914998 9.99385E-05 0.0373221
9.99473E-05 9.99473E-05 0.0596072 9.99473E-05 9.99473E-05 9.99473E-05 9.99473E-05 0.663012 0.0737243 0.203056
0.0479295 0.0510664 9.99737E-05 9.99737E-05 0.0766974 9.99737E-05 0.0158809 0.749898 0.0493011 0.00892699
9.99737E-05 0.0380133 0.184712 0.00358705 9.99737E-05 0.176713 9.99737E-05 0.201772 0.142856 0.252046
0.0346222 0.0214769 0.236351 9.99649E-05 0.0340906 9.99649E-05 9.99649E-05 0.661555 9.99649E-05 0.0115043
9.99385E-05 9.99385E-05 9.99385E-05 9.99385E-05 9.99385E-05 9.99385E-05 0.0689284 0.880625 9.99385E-05 0.0497472
9.99561E-05 0.033171 9.99561E-05 9.99561E-05 0.255109 9.99561E-05 0.0277877 0.586438 9.99561E-05 0.0969944
9.99562E-05 9.99562E-05 0.0830412 9.99562E-05 9.99562E-05 9.99562E-05 0.0142731 0.711881 0.00814634 0.182158
0.0826567 9.99649E-05 0.0312144 9.99649E-05 0.0151367 0.161257 9.99649E-05 0.69479 0.014545 9.99649E-05
9.99737E-05 0.0768376 0.00218513 0.0346761 9.99737E-05 9.99737E-05 0.172996 0.607386 0.00275708 0.102863
9.99474E-05 9.99474E-05 0.0702852 9.99474E-05 9.99474E-05 9.99474E-05 9.99474E-05 0.762607 0.0830696 0.0834388
9.99649E-05 0.0214852 0.0264405 0.00971594 9.99649E-05 9.99649E-05 9.99649E-05 0.820201 0.0571067 0.064651
9.996E-05 0.0529154 9.996E-05 0.313722 9.996E-05 9.996E-05 0.0722111 0.0882371 0.137454 0.335061
9.99737E-05 9.99737E-05 0.237968 0.223926 0.106887 9.99737E-05 0.00545944 0.320683 0.0133023 0.0914743
9.99649E-05 9.99649E-05 9.99649E-05 0.382925 0.0356535 9.99649E-05 0.235371 0.29895 0.0137128 0.0329874
9.99737E-05 0.12104 9.99737E-05 0.467598 0.0372513 0.0976243 0.0571423 9.99737E-05 0.0185056 0.200539
0.0459568 0.133815 0.153917 0.168639 0.0250529 9.99912E-05 0.102362 0.101874 0.0360921 0.232191
9.99561E-05 0.110167 9.99561E-05 0.327135 9.99561E-05 9.99561E-05 0.0777451 9.99561E-05 0.0539911 0.430462
9.99737E-05 0.143515 0.119815 0.389673 0.033706 9.99737E-05 9.99737E-05 0.013043 0.127241 0.172707
9.99736E-05 0.117961 0.0392652 0.326438 0.055884 9.99736E-05 0.0842295 9.99736E-05 0.0710148 0.304908
9.99649E-05 9.99649E-05 9.99649E-05 0.47589 0.0501733 9.99649E-05 0.134986 0.187074 0.0100859 0.141391
9.99737E-05 0.0217813 0.123887 0.258988 9.99737E-05 9.99737E-05 0.0435161 0.288132 0.109541 0.153855
0.0255653 0.0939778 9.99649E-05 0.0886019 9.99649E-05 9.99649E-05 0.0995087 9.99649E-05 0.188715 0.503231
9.99824E-05 0.00602387 0.14599 0.323 0.169215 9.99824E-05 0.0286347 0.013158 0.132748 0.18103
9.99737E-05 0.211096 0.241685 0.143344 0.10758 9.99737E-05 0.0063799 9.99737E-05 0.179372 0.110243
9.99649E-05 0.00700455 0.156799 0.31912 0.0744228 9.99649E-05 9.99649E-05 0.012372 9.99649E-05 0.429882
9.9965E-05 9.9965E-05 9.9965E-05 0.33508 0.124199 0.0678503 9.9965E-05 0.233847 0.0748364 0.163787
9.99825E-05 0.102873 0.167358 0.31597 9.99825E-05 0.0404018 0.0491686 0.212247 0.0226321 0.089149
9.99649E-05 9.99649E-05 0.207529 0.281914 0.0931935 0.0235379 0.144112 9.99649E-05 9.99649E-05 0.249314
9.99737E-05 0.141614 0.153679 0.148549 9.99737E-05 9.99737E-05 0.0725646 0.106148 0.230553 0.146592
9.99737E-05 0.0462932 9.99737E-05 0.114675 9.99737E-05 0.00148 0.181547 0.190616 0.102613 0.362476
9.99561E-05 9.99561E-05 9.99561E-05 0.275643 0.181915 9.99561E-05 0.0391599 9.99561E-05 0.0787087 0.424074
9.99737E-05 9.99737E-05 0.0458329 0.391649 0.097411 0.00872863 9.99737E-05 0.333408 0.0389411 0.0837302
9.99649E-05 9.99649E-05 9.99649E-05 0.254551 0.161076 9.99649E-05 0.0844279 0.106184 0.0465051 0.346856
9.99649E-05 9.99649E-05 9.99649E-05 0.265584 0.0560754 0.21892 9.99649E-05 0.147026 0.080982 0.231013
9.99825E-05 0.110532 0.173248 0.0835507 9.99825E-05 0.0362666 0.184081 0.106258 0.069053 0.236811
9.99649E-05 0.0514388 0.214091 0.011916 9.99649E-05 9.99649E-05 9.99649E-05 0.226237 0.183216 0.312702
0.00395438 0.0557116 9.99649E-05 0.334691 9.99649E-05 9.99649E-05 9.99649E-05 0.343469 0.0681695 0.193605
9.99737E-05 0.00420354 0.0799859 0.316915 0.0125454 9.99737E-05 0.157948 0.365016 9.99737E-05 0.0630867
9.9965E-05 9.9965E-05 0.0374605 0.372936 0.114043 9.9965E-05 0.00203932 0.224648 9.9965E-05 0.248474
9.99649E-05 0.0328377 0.0204879 0.12927 9.99649E-05 9.99649E-05 0.247879 0.310294 9.99649E-05 0.258831
9.99649E-05 0.129037 9.99649E-05 0.16753 0.0302728 0.146289 9.99649E-05 0.246367 9.99649E-05 0.280104
9.99385E-05 0.183911 9.99385E-05 9.99385E-05 9.99385E-05 0.588646 9.99385E-05 9.99385E-05 9.99385E-05 0.226744
9.99386E-05 0.010912 9.99386E-05 9.99386E-05 9.99386E-05 0.955743 9.99386E-05 9.99386E-05 9.99386E-05 0.0326452
9.9956E-05 9.9956E-05 9.9956E-05 9.9956E-05 0.00112411 0.65731 0.0142298 9.9956E-05 0.0659828 0.260854
0.0632041 0.0941172 9.9956E-05 9.9956E-05 9.9956E-05 0.499552 9.9956E-05 9.9956E-05 0.0718557 0.270771
0.0554446 0.149257 9.99648E-05 9.99648E-05 0.0396079 0.663617 0.0486077 9.99648E-05 9.99648E-05 0.0430652
0.0138113 0.211216 9.99473E-05 9.99473E-05 9.99473E-05 0.546118 9.99473E-05 9.99473E-05 9.99473E-05 0.228255
9.994E-05 0.14069 9.994E-05 9.994E-05 9.994E-05 0.576383 9.994E-05 9.994E-05 0.0760374 0.206291
9.99473E-05 0.252758 9.99473E-05 9.99473E-05 9.99473E-05 0.524455 0.0705056 9.99473E-05 9.99473E-05 0.151681
9.99648E-05 0.428867 9.99648E-05 0.239616 0.0246406 0.157597 9.99648E-05 9.99648E-05 0.00118565 0.147694
9.99385E-05 0.249913 9.99385E-05 9.99385E-05 9.99385E-05 0.365966 9.99385E-05 9.99385E-05 9.99385E-05 0.383421
9.99473E-05 0.0237956 9.99473E-05 0.296588 9.99473E-05 0.647188 9.99473E-05 9.99473E-05 0.0318286 9.99473E-05
9.99473E-05 9.99473E-05 9.99473E-05 0.109402 9.99473E-05 0.684953 9.99473E-05 9.99473E-05 0.0395901 0.165456
9.99473E-05 0.174516 9.99473E-05 9.99473E-05 9.99473E-05 0.760555 0.030863 9.99473E-05 0.033467 9.99473E-05
9.99473E-05 0.184603 9.99473E-05 9.99473E-05 9.99473E-05 0.488778 9.99473E-05 9.99473E-05 0.0434713 0.282548
0.0223647 0.0734922 9.99649E-05 9.99649E-05 0.116269 0.653053 0.104138 9.99649E-05 9.99649E-05 0.0302828
9.99736E-05 0.0490717 0.0331361 0.0375771 0.0471146 0.580709 9.99736E-05 9.99736E-05 0.0675648 0.184527
0.0645668 0.0454771 9.99648E-05 0.165437 9.99648E-05 0.5698 0.029976 9.99648E-05 9.99648E-05 0.124344
9.99561E-05 0.204583 0.0622546 9.99561E-05 0.0583721 0.626231 9.99561E-05 9.99561E-05 0.048059 9.99561E-05
9.99473E-05 0.0563247 0.00359136 9.99473E-05 9.99473E-05 0.867612 9.99473E-05 9.99473E-05 0.0718724 9.99473E-05
0.0706457 0.139081 9.996E-05 9.996E-05 0.0278811 0.561866 9.996E-05 9.996E-05 0.0495682 0.150558
9.99561E-05 0.175349 0.100224 0.00597137 9.99561E-05 0.645427 9.99561E-05 9.99561E-05 9.99561E-05 0.0725287
0.0247136 0.105828 9.99648E-05 9.99648E-05 9.99648E-05 0.653833 0.00539179 9.99648E-05 0.0974099 0.112424
0.0687648 0.269507 9.99561E-05 0.0219504 9.99561E-05 0.311887 9.99561E-05 9.99561E-05 9.99561E-05 0.327391
9.99385E-05 0.190215 9.99385E-05 9.99385E-05 9.99385E-05 0.755593 9.99385E-05 9.99385E-05 9.99385E-05 0.0534918
0.0908339 0.250948 0.0290564 9.99561E-05 9.99561E-05 0.311052 9.99561E-05 9.99561E-05 9.99561E-05 0.31761
9.99474E-05 0.145792 9.99474E-05 0.100035 9.99474E-05 0.550417 9.99474E-05 9.99474E-05 9.99474E-05 0.203157
0.0854566 9.99474E-05 9.99474E-05 9.99474E-05 9.99474E-05 0.75698 9.99474E-05 0.0570895 9.99474E-05 0.0998741
0.0416965 0.149957 0.0723331 9.9956E-05 9.9956E-05 0.52682 9.9956E-05 9.9956E-05 9.9956E-05 0.208694
9.99473E-05 0.328341 9.99473E-05 0.0073475 9.99473E-05 0.428341 9.99473E-05 9.99473E-05 9.99473E-05 0.235371
0.0515047 9.99473E-05 9.99473E-05 9.99473E-05 9.99473E-05 0.676825 9.99473E-05 9.99473E-05 0.0563241 0.214746
9.99561E-05 0.0894189 9.99561E-05 9.99561E-05 0.0719598 0.551832 9.99561E-05 9.99561E-05 0.00827731 0.278013
0.0538045 0.0138608 9.99648E-05 9.99648E-05 0.0535857 0.744247 9.99648E-05 9.99648E-05 0.041138 0.092964
0.224963 0.378247 9.9956E-05 9.9956E-05 9.9956E-05 0.252351 9.9956E-05 9.9956E-05 0.0170591 0.126881
0.0610844 0.115609 9.9956E-05 9.9956E-05 9.9956E-05 0.573193 9.9956E-05 9.9956E-05 0.0082626 0.241351
9.99297E-05 9.99297E-05 9.99297E-05 9.99297E-05 9.99297E-05 0.834529 9.99297E-05 9.99297E-05 9.99297E-05 0.164672
0.0362843 0.132355 9.99561E-05 9.99561E-05 0.0987248 0.704877 9.99561E-05 9.99561E-05 0.0272595 9.99561E-05
9.99648E-05 0.147205 9.99648E-05 9.99648E-05 0.0309692 0.434941 0.0701053 9.99648E-05 0.0549701 0.26141
9.99298E-05 0.135852 9.99298E-05 9.99298E-05 9.99298E-05 0.863349 9.99298E-05 9.99298E-05 9.99298E-05 9.99298E-05
9.99561E-05 0.027791 9.99561E-05 9.99561E-05 9.99561E-05 0.817897 0.0100354 9.99561E-05 0.00323115 0.140545
9.99474E-05 0.00624424 9.99474E-05 9.99474E-05 9.99474E-05 0.960482 0.0239666 9.99474E-05 0.00870755 9.99474E-05
9.99386E-05 0.0349801 9.99386E-05 0.0198158 9.99386E-05 0.944505 9.99386E-05 9.99386E-05 9.99386E-05 9.99386E-05
9.99473E-05 0.15507 9.99473E-05 9.99473E-05 9.99473E-05 0.366039 9.99473E-05 9.99473E-05 0.0119976 0.466295
9.99385E-05 0.237848 0.08543 9.99385E-05 9.99385E-05 0.676022 9.99385E-05 9.99385E-05 9.99385E-05 9.99385E-05
0.00258203 0.117479 9.99474E-05 9.99474E-05 9.99474E-05 0.825326 9.99474E-05 9.99474E-05 9.99474E-05 0.054014
9.99298E-05 9.99298E-05 9.99298E-05 9.99298E-05 9.99298E-05 0.881268 9.99298E-05 9.99298E-05 9.99298E-05 0.117932
0.199907 0.248143 9.99824E-05 0.186581 0.0281086 0.232525 0.0482128 9.99824E-05 0.0438824 0.0124398
9.99561E-05 0.0763884 9.99561E-05 9.99561E-05 9.99561E-05 0.577602 0.051834 9.99561E-05 0.0652178 0.228458
9.99649E-05 0.243656 9.99649E-05 0.0872463 0.149758 0.423511 0.0358563 9.99649E-05 9.99649E-05 0.059573
0.0374353 0.327473 9.99561E-05 9.99561E-05 9.99561E-05 0.241958 9.99561E-05 9.99561E-05 0.0411395 0.351495
9.99298E-05 9.99298E-05 9.99298E-05 9.99298E-05 9.99298E-05 0.964992 9.99298E-05 9.99298E-05 9.99298E-05 0.0342087
0.0102125 0.0780734 0.134882 9.99736E-05 0.0585862 0.461576 9.99736E-05 9.99736E-05 0.0241686 0.232201
9.99386E-05 0.0900272 9.99386E-05 0.0544435 9.99386E-05 0.85483 9.99386E-05 9.99386E-05 9.99386E-05 9.99386E-05
9.99473E-05 0.093677 9.99473E-05 9.99473E-05 9.99473E-05 0.700949 9.99473E-05 9.99473E-05 0.0348242 0.16995
9.99473E-05 0.164159 9.99473E-05 9.99473E-05 0.143714 0.689213 9.99473E-05 9.99473E-05 9.99473E-05 0.00231457
0.00534511 0.0153624 9.99736E-05 9.99736E-05 0.0149238 0.727133 0.0556793 9.99736E-05 0.0776235 0.103633
9.99473E-05 0.245216 9.99473E-05 0.14912 9.99473E-05 0.290846 9.99473E-05 9.99473E-05 9.99473E-05 0.314219
9.99385E-05 0.21315 9.99385E-05 9.99385E-05 9.99385E-05 0.607776 9.99385E-05 9.99385E-05 9.99385E-05 0.178374
0.0106195 0.105079 9.99648E-05 9.99648E-05 0.0550533 0.670603 9.99648E-05 9.99648E-05 0.0630231 0.0952224
0.161481 9.99385E-05 9.99385E-05 9.99385E-05 9.99385E-05 0.728723 9.99385E-05 9.99385E-05 9.99385E-05 0.109096
9.99385E-05 0.163556 9.99385E-05 9.99385E-05 9.99385E-05 0.725608 9.99385E-05 9.99385E-05 9.99385E-05 0.110136
9.99208E-05 9.99208E-05 9.99208E-05 9.99208E-05 9.99208E-05 9.99208E-05 9.99208E-05 9.99208E-05 9.99208E-05 0.999101
9.99208E-05 0.999101 9.99208E-05 9.99208E-05 9.99208E-05 9.99208E-05 9.99208E-05 9.99208E-05 9.99208E-05 9.99208E-05
9.99207E-05 9.99207E-05 9.99207E-05 9.99207E-05 9.99207E-05 9.99207E-05 9.99207E-05 9.99207E-05 9.99207E-05 0.999101
9.99208E-05 0.999101 9.99208E-05 9.99208E-05 9.99208E-05 9.99208E-05 9.99208E-05 9.99208E-05 9.99208E-05 9.99208E-05
9.99207E-05 0.999101 9.99207E-05 9.99207E-05 9.99207E-05 9.99207E-05 9.99207E-05 9.99207E-05 9.99207E-05 9.99207E-05
9.99208E-05 0.999101 9.99208E-05 9.99208E-05 9.99208E-05 9.99208E-05 9.99208E-05 9.99208E-05 9.99208E-05 9.99208E-05
9.99207E-05 9.99207E-05 9.99207E-05 9.99207E-05 9.99207E-05 9.99207E-05 9.99207E-05 9.99207E-05 9.99207E-05 0.999101
9.99208E-05 0.999101 9.99208E-05 9.99208E-05 9.99208E-05 9.99208E-05 9.99208E-05 9.99208E-05 9.99208E-05 9.99208E-05
9.99208E-05 0.999101 9.99208E-05 9.99208E-05 9.99208E-05 9.99208E-05 9.99208E-05 9.99208E-05 9.99208E-05 9.99208E-05
9.99208E-05 9.99208E-05 9.99208E-05 9.99208E-05 9.99208E-05 9.99208E-05 9.99208E-05 9.99208E-05 9.99208E-05 0.999101
9.99208E-05 9.99208E-05 9.99208E-05 9.99208E-05 9.99208E-05 9.99208E-05 9.99208E-05 9.99208E-05 9.99208E-05 0.999101
9.99207E-05 9.99207E-05 9.99207E-05 9.99207E-05 9.99207E-05 9.99207E-05 9.99207E-05 9.99207E-05 9.99207E-05 0.999101
9.99208E-05 0.999101 9.99208E-05 9.99208E-05 9.99208E-05 9.99208E-05 9.99208E-05 9.99208E-05 9.99208E-05 9.99208E-05
9.99208E-05 0.999101 9.99208E-05 9.99208E-05 9.99208E-05 9.99208E-05 9.99208E-05 9.99208E-05 9.99208E-05 9.99208E-05
0.000834565 9.99296E-05 9.99296E-05 9.99296E-05 9.99296E-05 9.99296E-05 9.99296E-05 9.99296E-05 9.99296E-05 0.998366
9.99207E-05 9.99207E-05 9.99207E-05 9.99207E-05 9.99207E-05 9.99207E-05 9.99207E-05 9.99207E-05 9.99207E-05 0.999101
0.0833491 0.16208 0.0664001 0.0467754 0.112996 0.292582 0.00582436 9.99824E-05 9.99824E-05 0.229793
9.99208E-05 9.99208E-05 9.99208E-05 9.99208E-05 9.99208E-05 9.99208E-05 9.99208E-05 9.99208E-05 9.99208E-05 0.999101
9.99208E-05 0.999101 9.99208E-05 9.99208E-05 9.99208E-05 9.99208E-05 9.99208E-05 9.99208E-05 9.99208E-05 9.99208E-05
9.99208E-05 9.99208E-05 9.99208E-05 9.99208E-05 9.99208E-05 9.99208E-05 9.99208E-05 9.99208E-05 9.99208E-05 0.999101
9.99208E-05 9.99208E-05 9.99208E-05 9.99208E-05 9.99208E-05 9.99208E-05 9.99208E-05 9.99208E-05 9.99208E-05 0.999101
9.99207E-05 9.99207E-05 9.99207E-05 9.99207E-05 9.99207E-05 9.99207E-05 9.99207E-05 9.99207E-05 9.99207E-05 0.999101
9.99208E-05 0.999101 9.99208E-05 9.99208E-05 9.99208E-05 9.99208E-05 9.99208E-05 9.99208E-05 9.99208E-05 9.99208E-05
9.99207E-05 9.99207E-05 9.99207E-05 9.99207E-05 9.99207E-05 9.99207E-05 9.99207E-05 9.99207E-05 9.99207E-05 0.999101
9.99208E-05 0.999101 9.99208E-05 9.99208E-05 9.99208E-05 9.99208E-05 9.99208E-05 9.99208E-05 9.99208E-05 9.99208E-05
9.99208E-05 9.99208E-05 9.99208E-05 9.99208E-05 9.99208E-05 9.99208E-05 9.99208E-05 9.99208E-05 9.99208E-05 0.999101
9.99207E-05 9.99207E-05 9.99207E-05 9.99207E-05 9.99207E-05 9.99207E-05 9.99207E-05 9.99207E-05 9.99207E-05 0.999101
9.99208E-05 0.999101 9.99208E-05 9.99208E-05 9.99208E-05 9.99208E-05 9.99208E-05 9.99208E-05 9.99208E-05 9.99208E-05
9.99208E-05 0.999101 9.99208E-05 9.99208E-05 9.99208E-05 9.99208E-05 9.99208E-05 9.99208E-05 9.99208E-05 9.99208E-05
9.99208E-05 0.999101 9.99208E-05 9.99208E-05 9.99208E-05 9.99208E-05 9.99208E-05 9.99208E-05 9.99208E-05 9.99208E-05
9.99207E-05 9.99207E-05 9.99207E-05 9.99207E-05 9.99207E-05 9.99207E-05 9.99207E-05 9.99207E-05 9.99207E-05 0.999101
9.99208E-05 9.99208E-05 9.99208E-05 9.99208E-05 9.99208E-05 9.99208E-05 9.99208E-05 9.99208E-05 9.99208E-05 0.999101
9.99207E-05 9.99207E-05 9.99207E-05 9.99207E-05 9.99207E-05 9.99207E-05 9.99207E-05 9.99207E-05 9.99207E-05 0.999101
9.99207E-05 9.99207E-05 9.99207E-05 9.99207E-05 9.99207E-05 9.99207E-05 9.99207E-05 9.99207E-05 9.99207E-05 0.999101
9.99207E-05 9.99207E-05 9.99207E-05 9.99207E-05 9.99207E-05 9.99207E-05 9.99207E-05 9.99207E-05 9.99207E-05 0.999101
9.99208E-05 0.999101 9.99208E-05 9.99208E-05 9.99208E-05 9.99208E-05 9.99208E-05 9.99208E-05 9.99208E-05 9.99208E-05
9.99208E-05 0.999101 9.99208E-05 9.99208E-05 9.99208E-05 9.99208E-05 9.99208E-05 9.99208E-05 9.99208E-05 9.99208E-05
9.99208E-05 0.999101 9.99208E-05 9.99208E-05 9.99208E-05 9.99208E-05 9.99208E-05 9.99208E-05 9.99208E-05 9.99208E-05
9.99208E-05 9.99208E-05 9.99208E-05 9.99208E-05 9.99208E-05 9.99208E-05 9.99208E-05 9.99208E-05 9.99208E-05 0.999101
9.99208E-05 0.999101 9.99208E-05 9.99208E-05 9.99208E-05 9.99208E-05 9.99208E-05 9.99208E-05 9.99208E-05 9.99208E-05
9.99208E-05 0.999101 9.99208E-05 9.99208E-05 9.99208E-05 9.99208E-05 9.99208E-05 9.99208E-05 9.99208E-05 9.99208E-05
9.99208E-05 0.999101 9.99208E-05 9.99208E-05 9.99208E-05 9.99208E-05 9.99208E-05 9.99208E-05 9.99208E-05 9.99208E-05
9.99208E-05 0.999101 9.99208E-05 9.99208E-05 9.99208E-05 9.99208E-05 9.99208E-05 9.99208E-05 9.99208E-05 9.99208E-05
9.99207E-05 9.99207E-05 9.99207E-05 9.99207E-05 9.99207E-05 9.99207E-05 9.99207E-05 9.99207E-05 9.99207E-05 0.999101
9.99208E-05 0.999101 9.99208E-05 9.99208E-05 9.99208E-05 9.99208E-05 9.99208E-05 9.99208E-05 9.99208E-05 9.99208E-05
9.99208E-05 0.999101 9.99208E-05 9.99208E-05 9.99208E-05 9.99208E-05 9.99208E-05 9.99208E-05 9.99208E-05 9.99208E-05
0.093452 0.0936014 0.0963689 9.99736E-05 0.120483 0.350991 0.0239756 9.99736E-05 9.99736E-05 0.220828
9.99207E-05 9.99207E-05 9.99207E-05 9.99207E-05 9.99207E-05 9.99207E-05 9.99207E-05 9.99207E-05 9.99207E-05 0.999101
9.99208E-05 0.999101 9.99208E-05 9.99208E-05 9.99208E-05 9.99208E-05 9.99208E-05 9.99208E-05 9.99208E-05 9.99208E-05
9.99208E-05 0.999101 9.99208E-05 9.99208E-05 9.99208E-05 9.99208E-05 9.99208E-05 9.99208E-05 9.99208E-05 9.99208E-05
9.99208E-05 0.999101 9.99208E-05 9.99208E-05 9.99208E-05 9.99208E-05 9.99208E-05 9.99208E-05 9.99208E-05 9.99208E-05
9.99208E-05 0.999101 9.99208E-05 9.99208E-05 9.99208E-05 9.99208E-05 9.99208E-05 9.99208E-05 9.99208E-05 9.99208E-05
9.99208E-05 9.99208E-05 9.99208E-05 9.99208E-05 9.99208E-05 9.99208E-05 9.99208E-05 9.99208E-05 9.99208E-05 0.999101
9.99208E-05 0.999101 9.99208E-05 9.99208E-05 9.99208E-05 9.99208E-05 9.99208E-05 9.99208E-05 9.99208E-05 9.99208E-05
9.99207E-05 9.99207E-05 9.99207E-05 9.99207E-05 9.99207E-05 9.99207E-05 9.99207E-05 9.99207E-05 9.99207E-05 0.999101
9.99208E-05 0.999101 9.99208E-05 9.99208E-05 9.99208E-05 9.99208E-05 9.99208E-05 9.99208E-05 9.99208E-05 9.99208E-05
9.99207E-05 9.99207E-05 9.99207E-05 9.99207E-05 9.99207E-05 9.99207E-05 9.99207E-05 9.99207E-05 9.99207E-05 0.999101
9.99208E-05 0.999101 9.99208E-05 9.99208E-05 9.99208E-05 9.99208E-05 9.99208E-05 9.99208E-05 9.99208E-05 9.99208E-05
9.99207E-05 0.999101 9.99207E-05 9.99207E-05 9.99207E-05 9.99207E-05 9.99207E-05 9.99207E-05 9.99207E-05 9.99207E-05
9.99208E-05 0.999101 9.99208E-05 9.99208E-05 9.99208E-05 9.99208E-05 9.99208E-05 9.99208E-05 9.99208E-05 9.99208E-05
9.99208E-05 0.999101 9.99208E-05 9.99208E-05 9.99208E-05 9.99208E-05 9.99208E-05 9.99208E-05 9.99208E-05 9.99208E-05
9.99208E-05 0.999101 9.99208E-05 9.99208E-05 9.99208E-05 9.99208E-05 9.99208E-05 9.99208E-05 9.99208E-05 9.99208E-05
9.99208E-05 0.999101 9.99208E-05 9.99208E-05 9.99208E-05 9.99208E-05 9.99208E-05 9.99208E-05 9.99208E-05 9.99208E-05
9.99208E-05 9.99208E-05 9.99208E-05 9.99208E-05 9.99208E-05 9.99208E-05 9.99208E-05 9.99208E-05 9.99208E-05 0.999101
9.99208E-05 9.99208E-05 9.99208E-05 9.99208E-05 9.99208E-05 9.99208E-05 9.99208E-05 9.99208E-05 9.99208E-05 0.999101
9.99208E-05 9.99208E-05 9.99208E-05 9.99208E-05 9.99208E-05 9.99208E-05 9.99208E-05 9.99208E-05 9.99208E-05 0.999101
9.99208E-05 0.999101 9.99208E-05 9.99208E-05 9.99208E-05 9.99208E-05 9.99208E-05 9.99208E-05 9.99208E-05 9.99208E-05
9.99208E-05 9.99208E-05 9.99208E-05 9.99208E-05 9.99208E-05 9.99208E-05 9.99208E-05 9.99208E-05 9.99208E-05 0.999101
9.99207E-05 9.99207E-05 9.99207E-05 9.99207E-05 9.99207E-05 9.99207E-05 9.99207E-05 9.99207E-05 9.99207E-05 0.999101
9.99207E-05 9.99207E-05 9.99207E-05 9.99207E-05 9.99207E-05 9.99207E-05 9.99207E-05 9.99207E-05 9.99207E-05 0.999101
9.99208E-05 0.999101 9.99208E-05 9.99208E-05 9.99208E-05 9.99208E-05 9.99208E-05 9.99208E-05 9.99208E-05 9.99208E-05
9.99208E-05 0.999101 9.99208E-05 9.99208E-05 9.99208E-05 9.99208E-05 9.99208E-05 9.99208E-05 9.99208E-05 9.99208E-05
9.99208E-05 0.999101 9.99208E-05 9.99208E-05 9.99208E-05 9.99208E-05 9.99208E-05 9.99208E-05 9.99208E-05 9.99208E-05
9.99207E-05 9.99207E-05 9.99207E-05 9.99207E-05 9.99207E-05 9.99207E-05 9.99207E-05 9.99207E-05 9.99207E-05 0.999101
9.99208E-05 0.999101 9.99208E-05 9.99208E-05 9.99208E-05 9.99208E-05 9.99208E-05 9.99208E-05 9.99208E-05 9.99208E-05
9.99208E-05 0.999101 9.99208E-05 9.99208E-05 9.99208E-05 9.99208E-05 9.99208E-05 9.99208E-05 9.99208E-05 9.99208E-05
9.99208E-05 9.99208E-05 9.99208E-05 9.99208E-05 9.99208E-05 9.99208E-05 9.99208E-05 9.99208E-05 9.99208E-05 0.999101
9.99209E-05 0.999101 9.99209E-05 9.99209E-05 9.99209E-05 9.99209E-05 9.99209E-05 9.99209E-05 9.99209E-05 9.99209E-05
9.99208E-05 0.999101 9.99208E-05 9.99208E-05 9.99208E-05 9.99208E-05 9.99208E-05 9.99208E-05 9.99208E-05 9.99208E-05
0.079658 0.187155 9.99736E-05 9.99736E-05 0.0951899 0.148092 0.0823539 9.99736E-05 0.0992644 0.307987
9.99207E-05 9.99207E-05 9.99207E-05 9.99207E-05 9.99207E-05 9.99207E-05 9.99207E-05 9.99207E-05 9.99207E-05 0.999101
9.99208E-05 0.999101 9.99208E-05 9.99208E-05 9.99208E-05 9.99208E-05 9.99208E-05 9.99208E-05 9.99208E-05 9.99208E-05
9.99561E-05 0.377988 9.99561E-05 9.99561E-05 0.0603297 0.322592 9.99561E-05 9.99561E-05 0.125521 0.113068
0.0599796 0.278018 0.147295 9.99561E-05 9.99561E-05 0.350905 9.99561E-05 9.99561E-05 9.99561E-05 0.163303
9.99472E-05 0.234336 9.99472E-05 0.0193581 9.99472E-05 0.446232 9.99472E-05 9.99472E-05 9.99472E-05 0.299475
0.056154 9.9956E-05 9.9956E-05 9.9956E-05 0.0492822 0.652882 0.0752899 9.9956E-05 9.9956E-05 0.165892
9.99472E-05 0.314257 9.99472E-05 0.0585318 9.99472E-05 0.262589 9.99472E-05 9.99472E-05 9.99472E-05 0.364023
9.99474E-05 0.121287 9.99474E-05 9.99474E-05 9.99474E-05 0.769191 9.99474E-05 0.0721716 9.99474E-05 0.0367504
9.99561E-05 0.352754 0.0650307 9.99561E-05 9.99561E-05 0.172507 9.99561E-05 9.99561E-05 0.0920932 0.317115
0.0352121 0.134028 9.99648E-05 9.99648E-05 9.99648E-05 0.584415 0.0822589 9.99648E-05 0.0853212 0.0783652
9.99386E-05 0.238023 9.99386E-05 9.99386E-05 9.99386E-05 0.685411 9.99386E-05 9.99386E-05 9.99386E-05 0.0758661
9.9956E-05 0.054241 0.25108 9.9956E-05 0.0167385 0.564908 9.9956E-05 9.9956E-05 9.9956E-05 0.112533
9.99473E-05 0.0611076 9.99473E-05 9.99473E-05 9.99473E-05 0.63866 9.99473E-05 9.99473E-05 0.0726192 0.227013
9.99385E-05 0.541907 9.99385E-05 9.99385E-05 9.99385E-05 0.381575 9.99385E-05 9.99385E-05 9.99385E-05 0.0758184
9.99737E-05 0.209426 0.00282719 0.0198288 0.182871 0.198292 0.121078 9.99737E-05 9.99737E-05 0.265376
0.045932 0.0482119 9.9956E-05 9.9956E-05 9.9956E-05 0.721393 0.153095 9.9956E-05 9.9956E-05 0.0308683
9.99472E-05 0.117446 9.99472E-05 9.99472E-05 9.99472E-05 0.482364 9.99472E-05 9.99472E-05 0.0842913 0.315299
9.996E-05 0.282735 0.0550707 0.147608 9.996E-05 0.282968 9.996E-05 9.996E-05 0.0685308 0.162688
0.0726437 0.181136 9.99649E-05 0.00614257 9.99649E-05 0.611048 9.99649E-05 9.99649E-05 0.0042922 0.124337
9.99648E-05 0.05981 9.99648E-05 9.99648E-05 0.103423 0.281743 0.0296481 9.99648E-05 0.104532 0.420445
0.106252 0.129386 9.9956E-05 0.214489 9.9956E-05 0.50112 9.9956E-05 9.9956E-05 0.048253 9.9956E-05
9.9956E-05 0.191971 0.0510678 9.9956E-05 0.0302225 0.427367 9.9956E-05 9.9956E-05 9.9956E-05 0.298873
0.0685955 0.166657 0.0451239 9.9956E-05 9.9956E-05 0.598989 9.9956E-05 9.9956E-05 9.9956E-05 0.120135
9.9956E-05 0.236298 0.043762 9.9956E-05 0.0759763 0.616644 9.9956E-05 9.9956E-05 0.0268204 9.9956E-05
0.0550622 0.245244 9.99736E-05 9.99736E-05 0.0718857 0.409304 0.00778573 9.99736E-05 0.0228142 0.187604
9.9956E-05 0.17456 9.9956E-05 9.9956E-05 9.9956E-05 0.635683 0.030022 9.9956E-05 0.017902 0.141333
0.00427932 0.0750324 9.9956E-05 9.9956E-05 9.9956E-05 0.744385 0.128482 9.9956E-05 9.9956E-05 0.0473216
9.99298E-05 9.99298E-05 9.99298E-05 0.0269999 9.99298E-05 0.972201 9.99298E-05 9.99298E-05 9.99298E-05 9.99298E-05
9.99472E-05 0.0576986 0.189301 9.99472E-05 9.99472E-05 0.557144 9.99472E-05 9.99472E-05 9.99472E-05 0.195256
9.99473E-05 0.250688 9.99473E-05 9.99473E-05 9.99473E-05 0.324674 0.0520649 9.99473E-05 9.99473E-05 0.371973
0.0115052 9.99736E-05 0.0729999 9.99736E-05 0.0361562 0.652453 0.0908785 9.99736E-05 0.0382006 0.0975064
0.0736718 0.202714 9.9956E-05 9.9956E-05 9.9956E-05 0.489422 0.12381 9.9956E-05 9.9956E-05 0.109883
9.9956E-05 0.383045 0.149576 0.0336905 9.9956E-05 0.293198 9.9956E-05 9.9956E-05 9.9956E-05 0.13999
9.99561E-05 0.275199 0.0403852 9.99561E-05 9.99561E-05 0.52356 9.99561E-05 9.99561E-05 0.077024 0.0833319
9.9956E-05 0.200948 0.0628189 0.155194 9.9956E-05 0.426889 9.9956E-05 9.9956E-05 9.9956E-05 0.15365
9.99649E-05 0.26823 0.0568756 9.99649E-05 9.99649E-05 0.382154 0.0647221 9.99649E-05 0.0369329 0.190685
9.99648E-05 0.102876 0.0476242 9.99648E-05 0.0896123 0.50213 9.99648E-05 9.99648E-05 0.0413579 0.215999
9.99473E-05 0.0987583 0.105696 9.99473E-05 9.99473E-05 0.561478 9.99473E-05 9.99473E-05 9.99473E-05 0.233467
9.9921E-05 9.9921E-05 9.9921E-05 9.9921E-05 9.9921E-05 0.999101 9.9921E-05 9.9921E-05 9.9921E-05 9.9921E-05
9.99736E-05 0.00586885 0.0141594 0.0491077 0.181 0.473593 9.99736E-05 9.99736E-05 0.0582115 0.21776
0.0271083 0.0115696 9.99648E-05 9.99648E-05 0.0967856 0.690454 9.99648E-05 9.99648E-05 0.0855842 0.0880982
9.99472E-05 0.19222 0.302583 9.99472E-05 9.99472E-05 0.36297 9.99472E-05 9.99472E-05 9.99472E-05 0.141627
9.99472E-05 0.101546 9.99472E-05 9.99472E-05 9.99472E-05 0.561074 0.015977 9.99472E-05 9.99472E-05 0.320803
9.99649E-05 0.0878045 0.101568 0.032854 9.99649E-05 0.571814 9.99649E-05 9.99649E-05 0.053036 0.152524
9.99472E-05 0.212755 0.189329 9.99472E-05 9.99472E-05 0.44493 9.99472E-05 9.99472E-05 9.99472E-05 0.152385
9.99473E-05 0.504886 9.99473E-05 9.99473E-05 9.99473E-05 0.366982 0.0624272 9.99473E-05 9.99473E-05 0.0651055
9.99648E-05 0.383989 9.99648E-05 0.019815 9.99648E-05 0.214366 0.00991312 9.99648E-05 0.00123791 0.370279
9.9956E-05 0.17456 9.9956E-05 9.9956E-05 9.9956E-05 0.635683 0.030022 9.9956E-05 0.017902 0.141333
9.9921E-05 9.9921E-05 9.9921E-05 9.9921E-05 9.9921E-05 0.999101 9.9921E-05 9.9921E-05 9.9921E-05 9.9921E-05
0.0682985 0.240384 9.9956E-05 9.9956E-05 9.9956E-05 0.624064 9.9956E-05 9.9956E-05 0.0405114 0.0262422
9.99298E-05 0.0228303 9.99298E-05 9.99298E-05 9.99298E-05 0.97637 9.99298E-05 9.99298E-05 9.99298E-05 9.99298E-05
0.00323312 0.241937 0.18392 0.126594 9.99824E-05 0.178974 0.0294448 9.99824E-05 0.00141714 0.23428
9.99386E-05 9.99386E-05 9.99386E-05 0.107261 9.99386E-05 0.882856 0.00918286 9.99386E-05 9.99386E-05 9.99386E-05
9.99385E-05 9.99385E-05 9.99385E-05 9.99385E-05 9.99385E-05 0.549887 9.99385E-05 9.99385E-05 0.064256 0.385157
9.9956E-05 9.9956E-05 0.144348 0.19971 9.9956E-05 0.277936 9.9956E-05 9.9956E-05 0.0392375 0.338268
9.99473E-05 0.187759 9.99473E-05 0.21388 9.99473E-05 0.477839 9.99473E-05 9.99473E-05 9.99473E-05 0.119922
9.99473E-05 0.135159 0.353019 9.99473E-05 9.99473E-05 0.493759 9.99473E-05 9.99473E-05 9.99473E-05 0.017464
0.0257156 0.339973 9.99473E-05 9.99473E-05 9.99473E-05 0.614366 0.0193452 9.99473E-05 9.99473E-05 9.99473E-05
9.99474E-05 9.99474E-05 9.99474E-05 0.170792 9.99474E-05 0.691005 9.99474E-05 9.99474E-05 0.00227031 0.135333
9.99385E-05 0.226869 9.99385E-05 9.99385E-05 9.99385E-05 0.733864 9.99385E-05 9.99385E-05 0.0385677 9.99385E-05
9.99385E-05 0.213272 9.99385E-05 9.99385E-05 9.99385E-05 0.520436 9.99385E-05 9.99385E-05 9.99385E-05 0.265592
9.99561E-05 0.199531 9.99561E-05 0.0879769 9.99561E-05 0.413034 0.028171 9.99561E-05 9.99561E-05 0.270787
9.99385E-05 0.0200795 9.99385E-05 9.99385E-05 9.99385E-05 0.978566 9.99385E-05 9.99385E-05 9.99385E-05 0.000655019
9.99299E-05 0.0868901 9.99299E-05 9.99299E-05 9.99299E-05 0.91231 9.99299E-05 9.99299E-05 9.99299E-05 9.99299E-05
0.0964154 0.0319753 9.9965E-05 9.9965E-05 9.9965E-05 0.720299 9.9965E-05 0.0388869 0.0101744 0.101849
9.99561E-05 0.11508 9.99561E-05 9.99561E-05 9.99561E-05 0.647494 0.025568 9.99561E-05 0.0256694 0.185688
0.095178 0.214299 9.995E-05 9.995E-05 9.995E-05 0.559402 9.995E-05 9.995E-05 0.0716551 0.058966
9.99561E-05 0.229788 0.00108358 9.99561E-05 9.99561E-05 0.605075 0.154707 9.99561E-05 9.99561E-05 0.00884713
9.99299E-05 0.0125888 9.99299E-05 9.99299E-05 9.99299E-05 0.986612 9.99299E-05 9.99299E-05 9.99299E-05 9.99299E-05
0.0129027 0.29232 9.99561E-05 0.00972173 9.99561E-05 0.413055 9.99561E-05 9.99561E-05 9.99561E-05 0.271501
0.0185097 0.0163832 9.9956E-05 9.9956E-05 9.9956E-05 0.521987 9.9956E-05 9.9956E-05 0.0635232 0.379097
0.00827414 9.99474E-05 9.99474E-05 0.284506 9.99474E-05 0.697121 9.99474E-05 9.99474E-05 9.99474E-05 0.00949943
0.0195624 0.00171312 9.99561E-05 0.326452 9.99561E-05 0.451967 9.99561E-05 9.99561E-05 9.99561E-05 0.199806
9.99474E-05 9.99474E-05 9.99474E-05 0.114135 9.99474E-05 0.732637 9.99474E-05 0.0658492 9.99474E-05 0.0867794
9.99385E-05 0.272884 9.99385E-05 9.99385E-05 9.99385E-05 0.439897 9.99385E-05 9.99385E-05 9.99385E-05 0.286519
0.0309498 9.99561E-05 9.99561E-05 0.269035 0.108127 0.445248 0.146141 9.99561E-05 9.99561E-05 9.99561E-05
9.99473E-05 0.0192783 9.99473E-05 0.0854344 9.99473E-05 0.812958 9.99473E-05 9.99473E-05 9.99473E-05 0.0817292
9.99473E-05 0.102058 9.99473E-05 0.270736 9.99473E-05 0.557094 9.99473E-05 9.99473E-05 9.99473E-05 0.0695126
9.99386E-05 9.99386E-05 9.99386E-05 0.201431 9.99386E-05 0.7658 9.99386E-05 0.0320687 9.99386E-05 9.99386E-05
9.99472E-05 9.99472E-05 9.99472E-05 9.99472E-05 9.99472E-05 0.731349 0.0305395 9.99472E-05 0.100487 0.137025
9.99299E-05 9.99299E-05 9.99299E-05 0.266602 9.99299E-05 0.732599 9.99299E-05 9.99299E-05 9.99299E-05 9.99299E-05
9.99472E-05 0.403089 9.99472E-05 9.99472E-05 9.99472E-05 0.481343 9.99472E-05 9.99472E-05 0.0541659 0.060802
9.99472E-05 0.223315 0.106974 9.99472E-05 9.99472E-05 0.607371 9.99472E-05 9.99472E-05 0.06174 9.99472E-05
0.0447816 0.219927 0.0411594 9.99824E-05 0.0230567 0.434671 0.03837 9.99824E-05 0.126189 0.0716448
9.99299E-05 9.99299E-05 9.99299E-05 0.0821237 9.99299E-05 0.917077 9.99299E-05 9.99299E-05 9.99299E-05 9.99299E-05
0.00839859 0.269822 0.00474533 0.0274805 9.99649E-05 0.645455 9.99649E-05 9.99649E-05 0.0436987 9.99649E-05
0.186739 0.183245 9.99473E-05 0.199673 9.99473E-05 0.429743 9.99473E-05 9.99473E-05 9.99473E-05 9.99473E-05
9.99473E-05 9.99473E-05 9.99473E-05 0.0846674 9.99473E-05 0.798241 9.99473E-05 9.99473E-05 0.0333134 0.0831781
0.00801419 0.0487011 9.99648E-05 9.99648E-05 9.99648E-05 0.494282 0.0597547 9.99648E-05 0.117378 0.271471
9.99473E-05 0.356067 9.99473E-05 9.99473E-05 9.99473E-05 0.362745 0.0755785 9.99473E-05 9.99473E-05 0.20501
9.99561E-05 0.150414 9.99561E-05 9.99561E-05 0.0692334 0.385058 9.99561E-05 9.99561E-05 0.0277651 0.36703
9.99472E-05 0.167339 9.99472E-05 9.99472E-05 9.99472E-05 0.455729 9.99472E-05 9.99472E-05 0.118674 0.257658
0.199886 0.0865295 9.99561E-05 0.130652 9.99561E-05 0.419699 9.99561E-05 9.99561E-05 9.99561E-05 0.162734
9.9956E-05 0.0240815 9.9956E-05 0.181775 9.9956E-05 0.346835 0.130309 9.9956E-05 9.9956E-05 0.316501
9.99473E-05 0.342154 9.99473E-05 0.0346366 9.99473E-05 0.39776 9.99473E-05 9.99473E-05 9.99473E-05 0.224849
0.127011 0.0313994 9.99736E-05 0.244035 0.02678 0.403545 9.99736E-05 9.99736E-05 0.13056 0.0363699
9.99385E-05 0.211158 9.99385E-05 0.145028 9.99385E-05 0.643114 9.99385E-05 9.99385E-05 9.99385E-05 9.99385E-05
9.99298E-05 9.99298E-05 9.99298E-05 0.21915 9.99298E-05 0.78005 9.99298E-05 9.99298E-05 9.99298E-05 9.99298E-05
9.99384E-05 0.315278 0.263214 9.99384E-05 9.99384E-05 0.420809 9.99384E-05 9.99384E-05 9.99384E-05 9.99384E-05
9.99648E-05 0.0835975 0.0932451 0.020421 9.99648E-05 0.392709 9.99648E-05 9.99648E-05 0.116197 0.293431
9.99385E-05 9.99385E-05 9.99385E-05 9.99385E-05 9.99385E-05 0.506188 9.99385E-05 9.99385E-05 0.0320239 0.461088
9.99561E-05 0.117558 0.0895486 0.0211344 9.99561E-05 0.257206 9.99561E-05 9.99561E-05 9.99561E-05 0.514054
0.0668103 0.177035 0.156183 9.99736E-05 0.0742216 0.34909 0.0897043 9.99736E-05 0.0866559 9.99736E-05
9.99473E-05 0.0676204 0.00710775 9.99473E-05 9.99473E-05 0.469508 9.99473E-05 9.99473E-05 9.99473E-05 0.455164
0.191115 0.0251967 9.99736E-05 0.197799 9.99736E-05 0.386322 0.0639946 9.99736E-05 0.0429006 0.0923719
9.99386E-05 0.0961929 9.99386E-05 0.132468 9.99386E-05 0.77064 9.99386E-05 9.99386E-05 9.99386E-05 9.99386E-05
9.99474E-05 0.098805 9.99474E-05 0.160721 9.99474E-05 0.69437 9.99474E-05 9.99474E-05 9.99474E-05 0.0455036
9.99474E-05 0.15484 9.99474E-05 0.122761 9.99474E-05 0.504752 9.99474E-05 9.99474E-05 9.99474E-05 0.217048
9.99648E-05 9.99648E-05 9.99648E-05 0.189911 0.0173806 0.303534 0.169882 9.99648E-05 0.0460349 0.272858
9.99299E-05 9.99299E-05 9.99299E-05 0.126414 9.99299E-05 0.872786 9.99299E-05 9.99299E-05 9.99299E-05 9.99299E-05
9.99387E-05 9.99387E-05 9.99387E-05 0.0763148 9.99387E-05 0.909002 9.99387E-05 9.99387E-05 9.99387E-05 0.013984
0.142328 0.0720803 9.99561E-05 9.99561E-05 9.99561E-05 0.71981 0.048859 9.99561E-05 9.99561E-05 0.0164229
9.99473E-05 0.0846194 9.99473E-05 9.99473E-05 9.99473E-05 0.749003 0.0396649 9.99473E-05 9.99473E-05 0.126113
9.99385E-05 9.99385E-05 9.99385E-05 9.99385E-05 9.99385E-05 0.770614 9.99385E-05 9.99385E-05 0.0252949 0.203391
9.99473E-05 0.120357 0.00727455 9.99473E-05 9.99473E-05 0.514503 9.99473E-05 9.99473E-05 9.99473E-05 0.357267
9.99473E-05 0.0521676 0.159596 9.99473E-05 9.99473E-05 0.466622 9.99473E-05 9.99473E-05 9.99473E-05 0.321015
0.143871 9.99561E-05 9.99561E-05 9.99561E-05 0.0589325 0.292165 9.99561E-05 9.99561E-05 0.0451357 0.459396
9.99385E-05 0.315961 9.99385E-05 0.114839 9.99385E-05 0.568501 9.99385E-05 9.99385E-05 9.99385E-05 9.99385E-05
9.9956E-05 0.175141 0.0509894 0.0279146 9.9956E-05 0.574732 9.9956E-05 9.9956E-05 9.9956E-05 0.170724
0.0919204 0.0299736 9.9956E-05 9.9956E-05 9.9956E-05 0.410501 0.0576193 9.9956E-05 9.9956E-05 0.409486
0.00852165 0.0307688 9.99386E-05 9.99386E-05 9.99386E-05 0.96001 9.99386E-05 9.99386E-05 9.99386E-05 9.99386E-05
0.00840515 9.99736E-05 0.0812051 0.203035 0.12271 0.155032 9.99736E-05 9.99736E-05 0.0591637 0.370149
9.99472E-05 9.99472E-05 9.99472E-05 9.99472E-05 9.99472E-05 0.567747 0.120804 9.99472E-05 0.00581226 0.305038
0.0521073 0.197569 9.9956E-05 9.9956E-05 9.9956E-05 0.411608 9.9956E-05 9.9956E-05 0.114508 0.223707
0.080016 0.0633804 9.9956E-05 0.286713 9.9956E-05 0.367619 9.9956E-05 9.9956E-05 9.9956E-05 0.201772
9.99473E-05 0.163485 0.234347 9.99473E-05 9.99473E-05 0.523632 9.99473E-05 9.99473E-05 9.99473E-05 0.0779352
9.99386E-05 0.0202728 9.99386E-05 0.402615 9.99386E-05 0.576413 9.99386E-05 9.99386E-05 9.99386E-05 9.99386E-05
9.9956E-05 0.180233 9.9956E-05 9.9956E-05 9.9956E-05 0.370083 0.0394396 9.9956E-05 0.120257 0.289488
0.00355801 9.99474E-05 9.99474E-05 0.0281736 9.99474E-05 0.859566 9.99474E-05 9.99474E-05 9.99474E-05 0.108103
9.99387E-05 0.04541 9.99387E-05 0.201885 9.99387E-05 0.752005 9.99387E-05 9.99387E-05 9.99387E-05 9.99387E-05
0.017985 0.272675 0.0263129 9.99736E-05 0.12823 0.348843 9.99736E-05 9.99736E-05 0.104545 0.101109
0.075059 0.0890845 0.088692 0.118637 9.99648E-05 0.438861 9.99648E-05 9.99648E-05 9.99648E-05 0.189266
9.99561E-05 0.188742 0.255109 0.357226 9.99561E-05 9.99561E-05 9.99561E-05 9.99561E-05 0.00958409 0.188839
9.99561E-05 0.055595 0.246726 0.447725 9.99561E-05 9.99561E-05 9.99561E-05 9.99561E-05 0.0579115 0.191543
0.0407479 0.0818026 0.11404 0.383271 0.0628827 9.99736E-05 9.99736E-05 9.99736E-05 0.0967421 0.220213
0.0321699 9.9965E-05 9.9965E-05 0.555921 0.0840029 0.10751 9.9965E-05 9.9965E-05 0.076534 0.143462
0.0377918 0.07782 9.99824E-05 0.285422 0.184597 0.0599321 0.101304 9.99824E-05 0.0727239 0.18021
9.9965E-05 0.00751373 0.088907 0.4622 9.9965E-05 0.00704614 9.9965E-05 0.202985 9.9965E-05 0.230949
9.99561E-05 0.179285 0.0290323 0.142603 9.99561E-05 9.99561E-05 9.99561E-05 9.99561E-05 0.0756796 0.5729
