9.9921E-05 0.048163 9.9921E-05 0.0152949 0.177237 0.0748043 9.9921E-05 0.204498 0.0530808 0.0868081 9.9921E-05 9.9921E-05 0.000429963 0.338785 9.9921E-05 9.9921E-05 9.9921E-05 9.9921E-05
9.98859E-05 0.0432942 9.98859E-05 9.98859E-05 9.98859E-05 9.98859E-05 9.98859E-05 0.070036 0.00245278 0.143323 9.98859E-05 9.98859E-05 9.98859E-05 0.739595 9.98859E-05 9.98859E-05 9.98859E-05 9.98859E-05
0.00770778 9.98859E-05 0.0502896 9.98859E-05 9.98859E-05 0.081659 9.98859E-05 9.98859E-05 9.98859E-05 9.98859E-05 9.98859E-05 9.98859E-05 9.98859E-05 0.848688 9.98859E-05 0.0103567 9.98859E-05 9.98859E-05
0.0370287 9.99123E-05 0.179679 0.00908826 0.171941 9.99123E-05 9.99123E-05 9.99123E-05 0.0150156 9.99123E-05 9.99123E-05 9.99123E-05 0.0804936 0.221242 0.284512 9.99123E-05 9.99123E-05 9.99123E-05
9.98684E-05 9.98684E-05 9.98684E-05 9.98684E-05 9.98684E-05 9.98684E-05 9.98684E-05 9.98684E-05 9.98684E-05 9.98684E-05 9.98684E-05 9.98684E-05 9.98684E-05 0.898204 0.0731578 9.98684E-05 9.98684E-05 0.0271402
0.18503 9.99036E-05 0.16188 0.120323 9.99036E-05 9.99036E-05 9.99036E-05 0.122271 9.99036E-05 9.99036E-05 9.99036E-05 9.99036E-05 9.99036E-05 0.170735 0.0129189 0.225743 9.99036E-05 9.99036E-05
9.9921E-05 0.0413539 9.9921E-05 0.141093 0.113611 0.0351896 9.9921E-05 0.229871 9.9921E-05 0.0860459 9.9921E-05 0.0229087 9.9921E-05 0.131851 0.197176 9.9921E-05 9.9921E-05 9.9921E-05
0.134213 9.99386E-05 0.0450986 0.00684399 0.234354 9.99386E-05 9.99386E-05 0.0955381 0.025756 9.99386E-05 0.0785136 0.0381139 9.99386E-05 0.119254 0.155042 0.0665725 9.99386E-05 9.99386E-05
0.158298 0.178668 0.13205 9.9921E-05 0.0827274 0.154986 9.9921E-05 9.9921E-05 9.9921E-05 0.0643591 9.9921E-05 9.9921E-05 0.0345034 0.183273 0.0102361 9.9921E-05 9.9921E-05 9.9921E-05
9.98684E-05 0.106701 9.98684E-05 9.98684E-05 9.98684E-05 9.98684E-05 9.98684E-05 9.98684E-05 9.98684E-05 9.98684E-05 9.98684E-05 9.98684E-05 9.98684E-05 0.890004 9.98684E-05 9.98684E-05 9.98684E-05 0.00179687
0.0141692 0.179425 9.99123E-05 0.160884 0.0430719 0.0281505 9.99123E-05 0.0487762 9.99123E-05 9.99123E-05 9.99123E-05 9.99123E-05 0.0152774 0.509246 9.99123E-05 9.99123E-05 9.99123E-05 9.99123E-05
0.00489487 9.98947E-05 9.98947E-05 0.0150978 9.98947E-05 9.98947E-05 9.98947E-05 0.156924 9.98947E-05 9.98947E-05 0.0158344 9.98947E-05 9.98947E-05 0.749006 0.0570445 9.98947E-05 9.98947E-05 9.98947E-05
9.98684E-05 0.056006 9.98684E-05 9.98684E-05 0.163796 9.98684E-05 9.98684E-05 9.98684E-05 9.98684E-05 9.98684E-05 9.98684E-05 9.98684E-05 9.98684E-05 0.7787 9.98684E-05 9.98684E-05 9.98684E-05 9.98684E-05
9.99035E-05 0.0779031 0.0996341 0.025609 0.0160763 9.99035E-05 0.0847127 9.99035E-05 9.99035E-05 9.99035E-05 9.99035E-05 9.99035E-05 9.99035E-05 0.645316 9.99035E-05 9.99035E-05 0.0496502 9.99035E-05
0.13911 0.137174 0.10729 9.99034E-05 0.032849 9.99034E-05 0.0681593 0.183624 9.99034E-05 9.99034E-05 9.99034E-05 9.99034E-05 9.99034E-05 0.330694 9.99034E-05 9.99034E-05 9.99034E-05 9.99034E-05
0.178662 0.100332 9.99122E-05 9.99122E-05 0.0854883 9.99122E-05 9.99122E-05 0.139242 0.0316749 9.99122E-05 0.149079 9.99122E-05 9.99122E-05 0.230677 0.0838454 9.99122E-05 9.99122E-05 9.99122E-05
9.99123E-05 0.0515329 9.99123E-05 0.0223646 9.99123E-05 9.99123E-05 9.99123E-05 9.99123E-05 0.0652746 0.0805493 0.0160255 9.99123E-05 9.99123E-05 0.604222 0.00982101 9.99123E-05 0.149211 9.99123E-05
0.0500451 0.153835 9.99035E-05 9.99035E-05 0.126004 9.99035E-05 9.99035E-05 0.263201 9.99035E-05 9.99035E-05 9.99035E-05 9.99035E-05 0.146855 0.153052 9.99035E-05 9.99035E-05 9.99035E-05 0.105909
0.135089 0.186395 9.99121E-05 9.99121E-05 0.208535 9.99121E-05 0.0473077 0.00430517 0.0151965 9.99121E-05 9.99121E-05 9.99121E-05 9.99121E-05 0.326047 0.0761239 9.99121E-05 9.99121E-05 9.99121E-05
9.98683E-05 0.00695705 9.98683E-05 9.98683E-05 9.98683E-05 9.98683E-05 9.98683E-05 9.98683E-05 9.98683E-05 9.98683E-05 9.98683E-05 9.98683E-05 0.0515534 0.939992 9.98683E-05 9.98683E-05 9.98683E-05 9.98683E-05
0.0960533 0.0368458 0.0488703 0.0766832 0.00169649 9.99211E-05 9.99211E-05 9.99211E-05 9.99211E-05 9.99211E-05 0.113817 9.99211E-05 9.99211E-05 0.499257 0.121968 0.00390883 9.99211E-05 9.99211E-05
0.155514 9.98861E-05 0.00578667 9.98861E-05 0.447391 9.98861E-05 9.98861E-05 9.98861E-05 9.98861E-05 9.98861E-05 9.98861E-05 9.98861E-05 9.98861E-05 0.205857 9.98861E-05 0.184153 9.98861E-05 9.98861E-05
9.98772E-05 0.0994935 9.98772E-05 0.063841 9.98772E-05 9.98772E-05 9.98772E-05 0.308968 9.98772E-05 9.98772E-05 9.98772E-05 9.98772E-05 9.98772E-05 0.526299 9.98772E-05 9.98772E-05 9.98772E-05 9.98772E-05
9.98947E-05 0.182609 0.0340356 9.98947E-05 0.369016 0.0449054 9.98947E-05 9.98947E-05 9.98947E-05 9.98947E-05 0.0580602 9.98947E-05 9.98947E-05 0.310174 9.98947E-05 9.98947E-05 9.98947E-05 9.98947E-05
0.0269305 0.255815 0.169152 0.00572916 0.077991 9.99122E-05 0.138686 9.99122E-05 9.99122E-05 9.99122E-05 9.99122E-05 9.99122E-05 0.0457084 0.278989 9.99122E-05 9.99122E-05 9.99122E-05 9.99122E-05
9.98947E-05 0.114106 0.0602635 0.0151929 0.0980521 9.98947E-05 9.98947E-05 9.98947E-05 9.98947E-05 9.98947E-05 9.98947E-05 0.0281554 9.98947E-05 0.683031 9.98947E-05 9.98947E-05 9.98947E-05 9.98947E-05
9.99035E-05 0.0814443 0.31694 9.99035E-05 0.401471 0.00314209 9.99035E-05 9.99035E-05 9.99035E-05 9.99035E-05 0.042378 9.99035E-05 9.99035E-05 0.000101404 9.99035E-05 9.99035E-05 9.99035E-05 0.153425
9.98947E-05 0.0508716 0.0674819 9.98947E-05 0.0455005 9.98947E-05 0.0162591 9.98947E-05 9.98947E-05 9.98947E-05 9.98947E-05 9.98947E-05 9.98947E-05 0.73311 0.0855779 9.98947E-05 9.98947E-05 9.98947E-05
9.98948E-05 0.197014 0.0345939 9.98948E-05 0.0881024 0.0198998 9.98948E-05 0.115187 9.98948E-05 9.98948E-05 9.98948E-05 9.98948E-05 9.98948E-05 0.544004 9.98948E-05 9.98948E-05 9.98948E-05 9.98948E-05
0.0590083 0.0599233 0.0335727 0.00405144 9.9921E-05 0.00997916 9.9921E-05 9.9921E-05 0.0130414 0.0257296 9.9921E-05 9.9921E-05 9.9921E-05 0.772295 9.9921E-05 9.9921E-05 0.0215002 9.9921E-05
0.0235416 0.0375793 9.99122E-05 0.108215 0.0386198 9.99122E-05 0.025629 0.127715 9.99122E-05 9.99122E-05 9.99122E-05 9.99122E-05 0.00424319 0.633459 9.99122E-05 9.99122E-05 9.99122E-05 9.99122E-05
9.99035E-05 0.106062 0.166738 0.0252295 0.0424186 9.99035E-05 9.99035E-05 0.048126 9.99035E-05 9.99035E-05 9.99035E-05 9.99035E-05 9.99035E-05 0.507815 0.102512 9.99035E-05 9.99035E-05 9.99035E-05
0.0466398 0.0234645 9.99122E-05 0.0760021 0.22488 9.99122E-05 9.99122E-05 0.0598648 9.99122E-05 9.99122E-05 0.154907 9.99122E-05 9.99122E-05 0.398112 9.99122E-05 0.0151298 9.99122E-05 9.99122E-05
9.99035E-05 0.123773 0.192175 9.99035E-05 0.18457 0.00992606 9.99035E-05 9.99035E-05 9.99035E-05 9.99035E-05 9.99035E-05 0.0177527 9.99035E-05 0.439144 9.99035E-05 9.99035E-05 9.99035E-05 0.0315603
9.9886E-05 0.0126022 9.9886E-05 0.0611753 0.0337734 9.9886E-05 9.9886E-05 9.9886E-05 9.9886E-05 0.101472 9.9886E-05 9.9886E-05 9.9886E-05 0.789679 9.9886E-05 9.9886E-05 9.9886E-05 9.9886E-05
0.031371 0.00442118 9.9921E-05 0.00367169 0.09374 9.9921E-05 9.9921E-05 0.044584 0.012587 0.0252552 9.9921E-05 9.9921E-05 9.9921E-05 0.653549 0.129922 9.9921E-05 9.9921E-05 9.9921E-05
9.9886E-05 9.9886E-05 9.9886E-05 0.059921 0.028194 9.9886E-05 9.9886E-05 9.9886E-05 9.9886E-05 9.9886E-05 9.9886E-05 0.0337543 9.9886E-05 0.867273 0.00955948 9.9886E-05 9.9886E-05 9.9886E-05
0.13919 0.0382198 0.00628375 9.99035E-05 9.99035E-05 9.99035E-05 9.99035E-05 9.99035E-05 9.99035E-05 0.11934 9.99035E-05 9.99035E-05 0.0716131 0.594462 9.99035E-05 9.99035E-05 0.0297915 9.99035E-05
0.0521282 0.207261 0.0624564 0.0174861 9.99211E-05 9.99211E-05 9.99211E-05 9.99211E-05 9.99211E-05 0.00797019 9.99211E-05 9.99211E-05 0.00719558 0.567238 9.99211E-05 0.0082775 0.0690875 9.99211E-05
9.98947E-05 0.14342 0.160617 9.98947E-05 0.00327439 9.98947E-05 9.98947E-05 9.98947E-05 9.98947E-05 9.98947E-05 0.123273 0.00723474 9.98947E-05 0.560981 9.98947E-05 9.98947E-05 9.98947E-05 9.98947E-05
9.98773E-05 0.12698 9.98773E-05 0.072071 0.11816 9.98773E-05 9.98773E-05 9.98773E-05 9.98773E-05 9.98773E-05 9.98773E-05 9.98773E-05 9.98773E-05 0.681391 9.98773E-05 9.98773E-05 9.98773E-05 9.98773E-05
0.0489681 0.0382931 9.98861E-05 9.98861E-05 0.330119 0.0652721 9.98861E-05 9.98861E-05 9.98861E-05 9.98861E-05 9.98861E-05 9.98861E-05 9.98861E-05 0.51605 9.98861E-05 9.98861E-05 9.98861E-05 9.98861E-05
9.98946E-05 9.98946E-05 9.98946E-05 9.98946E-05 0.135674 9.98946E-05 0.0174561 0.000543894 9.98946E-05 0.0353489 9.98946E-05 9.98946E-05 9.98946E-05 0.694986 9.98946E-05 9.98946E-05 0.114793 9.98946E-05
0.10559 0.190763 9.99034E-05 0.0404555 0.110876 0.0402457 9.99034E-05 0.176339 9.99034E-05 9.99034E-05 9.99034E-05 9.99034E-05 9.99034E-05 0.334632 9.99034E-05 9.99034E-05 9.99034E-05 9.99034E-05
9.98771E-05 0.130583 9.98771E-05 9.98771E-05 0.41721 9.98771E-05 9.98771E-05 9.98771E-05 9.98771E-05 9.98771E-05 9.98771E-05 9.98771E-05 9.98771E-05 0.212879 0.23793 9.98771E-05 9.98771E-05 9.98771E-05
9.98859E-05 0.00863935 9.98859E-05 9.98859E-05 0.0353422 9.98859E-05 9.98859E-05 9.98859E-05 9.98859E-05 9.98859E-05 9.98859E-05 9.98859E-05 0.0644922 0.801379 0.0888485 9.98859E-05 9.98859E-05 9.98859E-05
0.0424615 0.110032 9.98947E-05 0.0515859 9.98947E-05 9.98947E-05 9.98947E-05 9.98947E-05 9.98947E-05 9.98947E-05 9.98947E-05 9.98947E-05 9.98947E-05 0.753141 0.0290329 9.98947E-05 9.98947E-05 0.0125477
9.9886E-05 0.0530557 9.9886E-05 9.9886E-05 9.9886E-05 9.9886E-05 9.9886E-05 0.044485 9.9886E-05 9.9886E-05 0.0142001 9.9886E-05 9.9886E-05 0.872203 9.9886E-05 0.0147577 9.9886E-05 9.9886E-05
9.98946E-05 0.129604 9.98946E-05 0.0381632 0.163784 9.98946E-05 9.98946E-05 0.0112825 9.98946E-05 9.98946E-05 9.98946E-05 9.98946E-05 9.98946E-05 0.643594 0.0123734 9.98946E-05 9.98946E-05 9.98946E-05
0.0219585 0.0128757 9.99124E-05 0.0194126 9.99124E-05 9.99124E-05 0.0139954 9.99124E-05 9.99124E-05 0.0228932 9.99124E-05 0.130507 9.99124E-05 0.757381 9.99124E-05 0.0199775 9.99124E-05 9.99124E-05
0.0394241 0.218189 0.176328 0.171882 0.0342778 9.99122E-05 9.99122E-05 9.99122E-05 9.99122E-05 9.99122E-05 9.99122E-05 9.99122E-05 9.99122E-05 0.296292 0.0535804 9.99122E-05 9.99122E-05 0.00902799
9.99035E-05 9.99035E-05 9.99035E-05 9.99035E-05 0.259811 0.0891302 9.99035E-05 9.99035E-05 9.99035E-05 9.99035E-05 0.00942744 9.99035E-05 0.0191252 0.546154 0.0449499 0.0303035 9.99035E-05 9.99035E-05
9.98684E-05 0.0248823 9.98684E-05 9.98684E-05 9.98684E-05 9.98684E-05 9.98684E-05 9.98684E-05 9.98684E-05 9.98684E-05 9.98684E-05 9.98684E-05 9.98684E-05 0.921038 9.98684E-05 9.98684E-05 9.98684E-05 0.0525818
0.0199383 0.0493787 9.99298E-05 9.99298E-05 0.00264684 9.99298E-05 0.00935759 0.0182802 9.99298E-05 9.99298E-05 0.18574 0.0315033 9.99298E-05 0.613156 9.99298E-05 0.0405271 9.99298E-05 0.0286722
9.98685E-05 0.0865679 9.98685E-05 9.98685E-05 9.98685E-05 9.98685E-05 0.234419 9.98685E-05 9.98685E-05 9.98685E-05 9.98685E-05 9.98685E-05 9.98685E-05 0.677515 9.98685E-05 9.98685E-05 9.98685E-05 9.98685E-05
9.99036E-05 9.99036E-05 0.119922 0.0544171 9.99036E-05 9.99036E-05 9.99036E-05 0.125407 9.99036E-05 9.99036E-05 0.0682803 9.99036E-05 0.070245 0.557245 9.99036E-05 0.00338476 9.99036E-05 9.99036E-05
0.0459846 0.036558 9.98947E-05 9.98947E-05 0.0862171 9.98947E-05 9.98947E-05 9.98947E-05 9.98947E-05 0.0279069 9.98947E-05 9.98947E-05 9.98947E-05 0.700906 9.98947E-05 9.98947E-05 9.98947E-05 0.101228
9.98772E-05 0.0421072 9.98772E-05 0.0646288 9.98772E-05 9.98772E-05 9.98772E-05 9.98772E-05 9.98772E-05 9.98772E-05 9.98772E-05 9.98772E-05 9.98772E-05 0.749342 0.142523 9.98772E-05 9.98772E-05 9.98772E-05
0.00281593 9.99034E-05 9.99034E-05 0.0329267 9.99034E-05 9.99034E-05 9.99034E-05 9.99034E-05 9.99034E-05 0.0145207 9.99034E-05 0.0125991 9.99034E-05 0.842723 0.0183623 0.0749531 9.99034E-05 9.99034E-05
0.0593015 0.107095 9.99121E-05 0.021368 0.0371276 9.99121E-05 0.00472929 0.651805 9.99121E-05 0.0615026 9.99121E-05 9.99121E-05 9.99121E-05 9.99121E-05 9.99121E-05 9.99121E-05 9.99121E-05 0.0560726
9.98686E-05 9.98686E-05 9.98686E-05 9.98686E-05 9.98686E-05 0.0069874 9.98686E-05 0.958022 9.98686E-05 9.98686E-05 0.0334926 9.98686E-05 9.98686E-05 9.98686E-05 9.98686E-05 9.98686E-05 9.98686E-05 9.98686E-05
9.98684E-05 9.98684E-05 9.98684E-05 0.0316691 9.98684E-05 9.98684E-05 9.98684E-05 0.914217 9.98684E-05 9.98684E-05 9.98684E-05 9.98684E-05 9.98684E-05 9.98684E-05 9.98684E-05 9.98684E-05 9.98684E-05 0.0526162
0.146605 0.0263509 0.127282 0.0530509 9.99122E-05 9.99122E-05 9.99122E-05 0.360839 9.99122E-05 0.229027 9.99122E-05 0.0437362 9.99122E-05 9.99122E-05 9.99122E-05 9.99122E-05 9.99122E-05 0.0121099
0.127125 0.104898 9.99121E-05 9.99121E-05 0.00882654 9.99121E-05 9.99121E-05 0.600216 9.99121E-05 9.99121E-05 9.99121E-05 0.0444438 0.0428812 9.99121E-05 0.0266313 9.99121E-05 9.99121E-05 0.0439791
9.98768E-05 0.218409 0.00234227 9.98768E-05 0.0802129 9.98768E-05 9.98768E-05 0.697637 9.98768E-05 9.98768E-05 9.98768E-05 9.98768E-05 9.98768E-05 9.98768E-05 9.98768E-05 9.98768E-05 9.98768E-05 9.98768E-05
9.9877E-05 0.0795547 9.9877E-05 0.0468704 9.9877E-05 9.9877E-05 9.9877E-05 0.516443 9.9877E-05 0.355734 9.9877E-05 9.9877E-05 9.9877E-05 9.9877E-05 9.9877E-05 9.9877E-05 9.9877E-05 9.9877E-05
0.0577967 0.132843 9.98945E-05 9.98945E-05 9.98945E-05 9.98945E-05 9.98945E-05 0.548221 9.98945E-05 0.10689 9.98945E-05 0.0288371 9.98945E-05 9.98945E-05 9.98945E-05 9.98945E-05 9.98945E-05 0.124213
9.98508E-05 9.98508E-05 9.98508E-05 9.98508E-05 9.98508E-05 9.98508E-05 9.98508E-05 0.998303 9.98508E-05 9.98508E-05 9.98508E-05 9.98508E-05 9.98508E-05 9.98508E-05 9.98508E-05 9.98508E-05 9.98508E-05 9.98508E-05
0.0253999 0.00352791 9.98858E-05 0.021919 9.98858E-05 9.98858E-05 9.98858E-05 0.931071 0.0167841 9.98858E-05 9.98858E-05 9.98858E-05 9.98858E-05 9.98858E-05 9.98858E-05 9.98858E-05 9.98858E-05 9.98858E-05
0.0448231 0.244589 9.98944E-05 0.15477 9.98944E-05 9.98944E-05 9.98944E-05 0.50932 9.98944E-05 9.98944E-05 9.98944E-05 9.98944E-05 0.0185463 9.98944E-05 9.98944E-05 9.98944E-05 9.98944E-05 0.0267527
9.99297E-05 0.0626015 9.99297E-05 0.0579528 0.074032 9.99297E-05 0.132092 0.45357 0.116363 0.05224 9.99297E-05 0.000326735 9.99297E-05 9.99297E-05 0.0439516 0.00607089 9.99297E-05 9.99297E-05
0.109303 9.99033E-05 0.0498779 0.005425 9.99033E-05 9.99033E-05 9.99033E-05 0.48208 0.0723778 9.99033E-05 0.189871 9.99033E-05 9.99033E-05 9.99033E-05 9.99033E-05 0.0899657 9.99033E-05 9.99033E-05
9.99033E-05 0.223458 9.99033E-05 9.99033E-05 0.0997582 9.99033E-05 9.99033E-05 0.469883 9.99033E-05 0.0871389 9.99033E-05 0.106781 9.99033E-05 9.99033E-05 0.0110054 0.00087576 9.99033E-05 9.99033E-05
9.98685E-05 9.98685E-05 0.0179276 9.98685E-05 9.98685E-05 9.98685E-05 9.98685E-05 0.974381 9.98685E-05 9.98685E-05 0.00619347 9.98685E-05 9.98685E-05 9.98685E-05 9.98685E-05 9.98685E-05 9.98685E-05 9.98685E-05
0.0755476 9.98948E-05 9.98948E-05 0.0262305 9.98948E-05 9.98948E-05 9.98948E-05 0.784792 9.98948E-05 0.057488 9.98948E-05 9.98948E-05 9.98948E-05 9.98948E-05 0.0386798 9.98948E-05 9.98948E-05 0.0160634
9.98857E-05 0.0216831 0.0818802 9.98857E-05 9.98857E-05 9.98857E-05 9.98857E-05 0.750191 9.98857E-05 9.98857E-05 9.98857E-05 0.108892 9.98857E-05 9.98857E-05 9.98857E-05 9.98857E-05 9.98857E-05 0.0360555
0.049276 9.98945E-05 9.98945E-05 0.0743844 0.113906 9.98945E-05 9.98945E-05 0.623311 0.0683326 9.98945E-05 9.98945E-05 9.98945E-05 9.98945E-05 9.98945E-05 0.0695915 9.98945E-05 9.98945E-05 9.98945E-05
9.9877E-05 0.0831432 9.9877E-05 0.0362113 9.9877E-05 9.9877E-05 9.9877E-05 0.774917 9.9877E-05 9.9877E-05 9.9877E-05 9.9877E-05 9.9877E-05 9.9877E-05 9.9877E-05 9.9877E-05 9.9877E-05 0.10433
9.98857E-05 0.217286 9.98857E-05 9.98857E-05 9.98857E-05 9.98857E-05 9.98857E-05 0.639562 0.010967 0.0718979 0.058989 9.98857E-05 9.98857E-05 9.98857E-05 9.98857E-05 9.98857E-05 9.98857E-05 9.98857E-05
9.98599E-05 9.98599E-05 9.98599E-05 9.98599E-05 9.98599E-05 9.98599E-05 9.98599E-05 0.987237 9.98599E-05 9.98599E-05 9.98599E-05 9.98599E-05 9.98599E-05 9.98599E-05 9.98599E-05 9.98599E-05 0.011165 9.98599E-05
9.98681E-05 0.0798008 9.98681E-05 9.98681E-05 0.301683 9.98681E-05 9.98681E-05 0.617018 9.98681E-05 9.98681E-05 9.98681E-05 9.98681E-05 9.98681E-05 9.98681E-05 9.98681E-05 9.98681E-05 9.98681E-05 9.98681E-05
9.98948E-05 0.0366121 0.21485 9.98948E-05 0.0302404 9.98948E-05 0.0351421 0.652046 9.98948E-05 0.0299105 9.98948E-05 9.98948E-05 9.98948E-05 9.98948E-05 9.98948E-05 9.98948E-05 9.98948E-05 9.98948E-05
0.0541944 9.98771E-05 9.98771E-05 9.98771E-05 9.98771E-05 9.98771E-05 9.98771E-05 0.630153 9.98771E-05 9.98771E-05 9.98771E-05 9.98771E-05 9.98771E-05 9.98771E-05 0.236769 9.98771E-05 9.98771E-05 0.0774856
9.98682E-05 9.98682E-05 9.98682E-05 0.0767829 9.98682E-05 9.98682E-05 9.98682E-05 0.798999 0.12272 9.98682E-05 9.98682E-05 9.98682E-05 9.98682E-05 9.98682E-05 9.98682E-05 9.98682E-05 9.98682E-05 9.98682E-05
0.00190371 9.98686E-05 9.98686E-05 9.98686E-05 9.98686E-05 9.98686E-05 9.98686E-05 0.954866 9.98686E-05 9.98686E-05 9.98686E-05 9.98686E-05 0.0417327 9.98686E-05 9.98686E-05 9.98686E-05 9.98686E-05 9.98686E-05
9.98509E-05 9.98509E-05 9.98509E-05 9.98509E-05 9.98509E-05 9.98509E-05 9.98509E-05 0.998303 9.98509E-05 9.98509E-05 9.98509E-05 9.98509E-05 9.98509E-05 9.98509E-05 9.98509E-05 9.98509E-05 9.98509E-05 9.98509E-05
9.98509E-05 9.98509E-05 9.98509E-05 9.98509E-05 9.98509E-05 9.98509E-05 9.98509E-05 0.998303 9.98509E-05 9.98509E-05 9.98509E-05 9.98509E-05 9.98509E-05 9.98509E-05 9.98509E-05 9.98509E-05 9.98509E-05 9.98509E-05
0.0242678 9.98772E-05 9.98772E-05 9.98772E-05 9.98772E-05 9.98772E-05 9.98772E-05 0.892674 0.0124676 9.98772E-05 9.98772E-05 9.98772E-05 9.98772E-05 9.98772E-05 9.98772E-05 9.98772E-05 9.98772E-05 0.0691926
0.0909734 0.0666713 9.99035E-05 9.99035E-05 9.99035E-05 9.99035E-05 9.99035E-05 0.708345 9.99035E-05 9.99035E-05 0.0290042 9.99035E-05 0.00394017 9.99035E-05 9.99035E-05 0.00144329 0.0985232 9.99035E-05
0.110329 0.0375102 0.789886 9.98772E-05 9.98772E-05 9.98772E-05 9.98772E-05 9.98772E-05 9.98772E-05 9.98772E-05 9.98772E-05 9.98772E-05 9.98772E-05 9.98772E-05 9.98772E-05 0.0608764 9.98772E-05 9.98772E-05
0.0275235 0.0355866 0.503087 9.98772E-05 9.98772E-05 9.98772E-05 9.98772E-05 9.98772E-05 9.98772E-05 9.98772E-05 9.98772E-05 9.98772E-05 9.98772E-05 9.98772E-05 9.98772E-05 9.98772E-05 0.432404 9.98772E-05
9.98947E-05 0.0757757 0.890961 0.00617351 9.98947E-05 9.98947E-05 9.98947E-05 9.98947E-05 0.00325981 9.98947E-05 9.98947E-05 9.98947E-05 9.98947E-05 9.98947E-05 9.98947E-05 0.0193438 9.98947E-05 0.00328762
0.0097974 0.183424 0.765519 9.9877E-05 9.9877E-05 9.9877E-05 9.9877E-05 9.9877E-05 9.9877E-05 9.9877E-05 9.9877E-05 9.9877E-05 9.9877E-05 9.9877E-05 9.9877E-05 9.9877E-05 9.9877E-05 0.0398607
0.0785626 9.98682E-05 0.919216 9.98682E-05 9.98682E-05 9.98682E-05 9.98682E-05 9.98682E-05 0.000723685 9.98682E-05 9.98682E-05 9.98682E-05 9.98682E-05 9.98682E-05 9.98682E-05 9.98682E-05 9.98682E-05 9.98682E-05
0.162903 0.17418 0.651008 9.98772E-05 9.98772E-05 9.98772E-05 9.98772E-05 9.98772E-05 9.98772E-05 0.0105109 9.98772E-05 9.98772E-05 9.98772E-05 9.98772E-05 9.98772E-05 9.98772E-05 9.98772E-05 9.98772E-05
0.0604042 0.0632783 0.678278 0.0856817 0.0463756 9.98947E-05 9.98947E-05 9.98947E-05 0.0647838 9.98947E-05 9.98947E-05 9.98947E-05 9.98947E-05 9.98947E-05 9.98947E-05 9.98947E-05 9.98947E-05 9.98947E-05
0.211456 9.98595E-05 0.786946 9.98595E-05 9.98595E-05 9.98595E-05 9.98595E-05 9.98595E-05 9.98595E-05 9.98595E-05 9.98595E-05 9.98595E-05 9.98595E-05 9.98595E-05 9.98595E-05 9.98595E-05 9.98595E-05 9.98595E-05
0.309243 9.98682E-05 0.448972 9.98682E-05 9.98682E-05 9.98682E-05 9.98682E-05 9.98682E-05 9.98682E-05 0.240287 9.98682E-05 9.98682E-05 9.98682E-05 9.98682E-05 9.98682E-05 9.98682E-05 9.98682E-05 9.98682E-05
0.22579 0.267509 0.433697 9.98859E-05 0.0113152 9.98859E-05 9.98859E-05 9.98859E-05 0.0603899 9.98859E-05 9.98859E-05 9.98859E-05 9.98859E-05 9.98859E-05 9.98859E-05 9.98859E-05 9.98859E-05 9.98859E-05
0.00525174 9.98772E-05 0.506564 9.98772E-05 9.98772E-05 9.98772E-05 9.98772E-05 9.98772E-05 9.98772E-05 0.270645 9.98772E-05 9.98772E-05 9.98772E-05 9.98772E-05 9.98772E-05 9.98772E-05 0.216141 9.98772E-05
9.9886E-05 0.0539319 0.724168 0.0126297 9.9886E-05 9.9886E-05 9.9886E-05 9.9886E-05 9.9886E-05 0.152184 9.9886E-05 9.9886E-05 9.9886E-05 9.9886E-05 9.9886E-05 9.9886E-05 0.0557878 9.9886E-05
0.0688305 9.98597E-05 0.929572 9.98597E-05 9.98597E-05 9.98597E-05 9.98597E-05 9.98597E-05 9.98597E-05 9.98597E-05 9.98597E-05 9.98597E-05 9.98597E-05 9.98597E-05 9.98597E-05 9.98597E-05 9.98597E-05 9.98597E-05
0.151231 0.1368 0.54754 9.98948E-05 9.98948E-05 0.0759861 9.98948E-05 9.98948E-05 9.98948E-05 9.98948E-05 9.98948E-05 0.031386 9.98948E-05 9.98948E-05 9.98948E-05 9.98948E-05 0.0558578 9.98948E-05
0.060414 9.99035E-05 0.578611 0.0330308 9.99035E-05 9.99035E-05 9.99035E-05 9.99035E-05 0.0560254 0.00980478 9.99035E-05 9.99035E-05 9.99035E-05 9.99035E-05 9.99035E-05 9.99035E-05 0.109881 0.151134
0.109061 0.100014 0.605908 0.0238149 9.99298E-05 9.99298E-05 9.99298E-05 9.99298E-05 0.0918395 0.0109402 9.99298E-05 0.0196104 0.00434762 9.99298E-05 0.0109108 9.99298E-05 0.0227548 9.99298E-05
0.0135782 0.106453 0.646841 9.98859E-05 9.98859E-05 9.98859E-05 9.98859E-05 9.98859E-05 9.98859E-05 0.217378 9.98859E-05 9.98859E-05 0.0144513 9.98859E-05 9.98859E-05 9.98859E-05 9.98859E-05 9.98859E-05
0.0194125 9.98949E-05 0.800907 0.0138087 0.0631433 9.98949E-05 9.98949E-05 9.98949E-05 9.98949E-05 9.98949E-05 9.98949E-05 0.0579573 9.98949E-05 9.98949E-05 0.0435728 9.98949E-05 9.98949E-05 9.98949E-05
0.00223591 9.98684E-05 0.993214 0.00305213 9.98684E-05 9.98684E-05 9.98684E-05 9.98684E-05 9.98684E-05 9.98684E-05 9.98684E-05 9.98684E-05 9.98684E-05 9.98684E-05 9.98684E-05 9.98684E-05 9.98684E-05 9.98684E-05
0.0570613 0.118885 0.523954 0.0136659 9.9921E-05 9.9921E-05 9.9921E-05 0.014969 9.9921E-05 9.9921E-05 0.00854546 9.9921E-05 0.0941651 9.9921E-05 0.00584766 9.9921E-05 0.162007 9.9921E-05
0.0369099 0.0895211 0.770578 9.98859E-05 9.98859E-05 9.98859E-05 9.98859E-05 9.98859E-05 9.98859E-05 0.0863199 9.98859E-05 9.98859E-05 9.98859E-05 9.98859E-05 9.98859E-05 0.0153723 9.98859E-05 9.98859E-05
0.048924 0.051885 0.886155 9.98771E-05 9.98771E-05 9.98771E-05 9.98771E-05 9.98771E-05 0.011638 9.98771E-05 9.98771E-05 9.98771E-05 9.98771E-05 9.98771E-05 9.98771E-05 9.98771E-05 9.98771E-05 9.98771E-05
0.133349 0.235681 0.351637 9.98946E-05 9.98946E-05 9.98946E-05 9.98946E-05 9.98946E-05 9.98946E-05 0.109962 9.98946E-05 9.98946E-05 0.0859343 9.98946E-05 9.98946E-05 0.0822394 9.98946E-05 9.98946E-05
0.177283 9.98684E-05 0.698783 9.98684E-05 9.98684E-05 9.98684E-05 9.98684E-05 9.98684E-05 9.98684E-05 9.98684E-05 9.98684E-05 9.98684E-05 9.98684E-05 9.98684E-05 9.98684E-05 9.98684E-05 0.122435 9.98684E-05
0.229373 0.214161 0.399308 9.98858E-05 9.98858E-05 9.98858E-05 9.98858E-05 9.98858E-05 9.98858E-05 0.0934587 9.98858E-05 9.98858E-05 0.062401 9.98858E-05 9.98858E-05 9.98858E-05 9.98858E-05 9.98858E-05
0.168362 0.108496 0.320962 9.9921E-05 0.00954535 9.9921E-05 9.9921E-05 0.00678495 0.0330952 0.0786115 0.018433 9.9921E-05 9.9921E-05 9.9921E-05 9.9921E-05 9.9921E-05 0.254811 9.9921E-05
9.98859E-05 0.0601186 0.284651 9.98859E-05 9.98859E-05 0.14367 9.98859E-05 9.98859E-05 9.98859E-05 9.98859E-05 9.98859E-05 0.0149553 9.98859E-05 9.98859E-05 9.98859E-05 9.98859E-05 0.495307 9.98859E-05
0.0592778 0.0684038 0.87082 9.98681E-05 9.98681E-05 9.98681E-05 9.98681E-05 9.98681E-05 9.98681E-05 9.98681E-05 9.98681E-05 9.98681E-05 9.98681E-05 9.98681E-05 9.98681E-05 9.98681E-05 9.98681E-05 9.98681E-05
0.226141 0.20021 0.572151 9.98684E-05 9.98684E-05 9.98684E-05 9.98684E-05 9.98684E-05 9.98684E-05 9.98684E-05 9.98684E-05 9.98684E-05 9.98684E-05 9.98684E-05 9.98684E-05 9.98684E-05 9.98684E-05 9.98684E-05
0.0312122 0.0776361 0.811945 0.0176849 9.98947E-05 9.98947E-05 9.98947E-05 9.98947E-05 9.98947E-05 9.98947E-05 9.98947E-05 9.98947E-05 0.0472113 9.98947E-05 9.98947E-05 9.98947E-05 0.0131117 9.98947E-05
0.00101829 0.153701 0.733857 0.0147862 9.9886E-05 9.9886E-05 9.9886E-05 9.9886E-05 9.9886E-05 9.9886E-05 0.0953386 9.9886E-05 9.9886E-05 9.9886E-05 9.9886E-05 9.9886E-05 9.9886E-05 9.9886E-05
9.98684E-05 9.98684E-05 0.932035 9.98684E-05 9.98684E-05 9.98684E-05 9.98684E-05 9.98684E-05 9.98684E-05 9.98684E-05 0.0599882 9.98684E-05 0.00647908 9.98684E-05 9.98684E-05 9.98684E-05 9.98684E-05 9.98684E-05
0.245385 0.0940551 0.459003 9.98858E-05 9.98858E-05 9.98858E-05 9.98858E-05 9.98858E-05 9.98858E-05 9.98858E-05 9.98858E-05 9.98858E-05 0.150665 9.98858E-05 9.98858E-05 0.0495923 9.98858E-05 9.98858E-05
9.98857E-05 0.0607467 0.799815 9.98857E-05 0.108365 9.98857E-05 0.0234425 9.98857E-05 9.98857E-05 9.98857E-05 9.98857E-05 9.98857E-05 0.006332 9.98857E-05 9.98857E-05 9.98857E-05 9.98857E-05 9.98857E-05
9.98596E-05 0.00313024 0.995272 9.98596E-05 9.98596E-05 9.98596E-05 9.98596E-05 9.98596E-05 9.98596E-05 9.98596E-05 9.98596E-05 9.98596E-05 9.98596E-05 9.98596E-05 9.98596E-05 9.98596E-05 9.98596E-05 9.98596E-05
0.0406967 9.98946E-05 0.737805 9.98946E-05 9.98946E-05 9.98946E-05 9.98946E-05 9.98946E-05 0.00309409 0.0153663 0.113247 9.98946E-05 9.98946E-05 9.98946E-05 9.98946E-05 9.98946E-05 0.0885925 9.98946E-05
0.0997487 0.198816 0.644811 9.98858E-05 9.98858E-05 9.98858E-05 0.00504397 9.98858E-05 0.0502821 9.98858E-05 9.98858E-05 9.98858E-05 9.98858E-05 9.98858E-05 9.98858E-05 9.98858E-05 9.98858E-05 9.98858E-05
0.0533185 9.98683E-05 0.453211 9.98683E-05 9.98683E-05 9.98683E-05 9.98683E-05 9.98683E-05 9.98683E-05 9.98683E-05 9.98683E-05 9.98683E-05 9.98683E-05 9.98683E-05 9.98683E-05 9.98683E-05 0.491973 9.98683E-05
0.0186667 0.00656252 0.786864 0.0171349 9.9886E-05 9.9886E-05 9.9886E-05 9.9886E-05 9.9886E-05 9.9886E-05 9.9886E-05 9.9886E-05 9.9886E-05 9.9886E-05 9.9886E-05 9.9886E-05 0.169473 9.9886E-05
9.98598E-05 9.98598E-05 0.779248 9.98598E-05 9.98598E-05 9.98598E-05 9.98598E-05 9.98598E-05 9.98598E-05 9.98598E-05 9.98598E-05 9.98598E-05 9.98598E-05 9.98598E-05 9.98598E-05 9.98598E-05 0.219154 9.98598E-05
9.98685E-05 9.98685E-05 0.615727 9.98685E-05 9.98685E-05 9.98685E-05 9.98685E-05 9.98685E-05 9.98685E-05 0.0376211 9.98685E-05 9.98685E-05 9.98685E-05 9.98685E-05 9.98685E-05 9.98685E-05 0.345154 9.98685E-05
0.105172 0.298198 0.47143 0.0197308 9.98946E-05 9.98946E-05 9.98946E-05 9.98946E-05 9.98946E-05 0.0695242 9.98946E-05 9.98946E-05 9.98946E-05 9.98946E-05 9.98946E-05 0.0347467 9.98946E-05 9.98946E-05
0.113375 9.98684E-05 0.779758 9.98684E-05 9.98684E-05 9.98684E-05 0.105369 9.98684E-05 9.98684E-05 9.98684E-05 9.98684E-05 9.98684E-05 9.98684E-05 9.98684E-05 9.98684E-05 9.98684E-05 9.98684E-05 9.98684E-05
0.143478 0.0246537 0.280443 9.98859E-05 9.98859E-05 9.98859E-05 9.98859E-05 9.98859E-05 9.98859E-05 9.98859E-05 9.98859E-05 9.98859E-05 0.138648 9.98859E-05 9.98859E-05 9.98859E-05 0.411478 9.98859E-05
0.0217132 0.0116861 0.560656 0.0044151 9.98859E-05 9.98859E-05 9.98859E-05 9.98859E-05 9.98859E-05 9.98859E-05 9.98859E-05 9.98859E-05 9.98859E-05 9.98859E-05 9.98859E-05 9.98859E-05 0.400231 9.98859E-05
0.206011 9.98858E-05 0.53126 9.98858E-05 0.0450591 9.98858E-05 9.98858E-05 9.98858E-05 9.98858E-05 0.0949678 9.98858E-05 9.98858E-05 0.121403 9.98858E-05 9.98858E-05 9.98858E-05 9.98858E-05 9.98858E-05
0.136957 0.0853276 0.562636 9.9886E-05 9.9886E-05 9.9886E-05 9.9886E-05 0.166828 0.0469535 9.9886E-05 9.9886E-05 9.9886E-05 9.9886E-05 9.9886E-05 9.9886E-05 9.9886E-05 9.9886E-05 9.9886E-05
0.132095 9.99036E-05 0.518373 9.99036E-05 9.99036E-05 0.073879 9.99036E-05 9.99036E-05 0.0512465 0.0875901 0.0933215 9.99036E-05 9.99036E-05 9.99036E-05 9.99036E-05 9.99036E-05 0.0423958 9.99036E-05
0.269467 0.215909 0.444753 9.98772E-05 0.0684731 9.98772E-05 9.98772E-05 9.98772E-05 9.98772E-05 9.98772E-05 9.98772E-05 9.98772E-05 9.98772E-05 9.98772E-05 9.98772E-05 9.98772E-05 9.98772E-05 9.98772E-05
9.98684E-05 0.0131074 0.550255 9.98684E-05 9.98684E-05 9.98684E-05 9.98684E-05 9.98684E-05 9.98684E-05 9.98684E-05 9.98684E-05 9.98684E-05 9.98684E-05 9.98684E-05 9.98684E-05 9.98684E-05 0.435139 9.98684E-05
9.9877E-05 0.126846 0.719145 9.9877E-05 9.9877E-05 9.9877E-05 9.9877E-05 9.9877E-05 9.9877E-05 9.9877E-05 9.9877E-05 0.0131543 9.9877E-05 9.9877E-05 0.139456 9.9877E-05 9.9877E-05 9.9877E-05
0.133072 0.0182772 0.33597 9.9886E-05 9.9886E-05 9.9886E-05 9.9886E-05 0.00454988 9.9886E-05 9.9886E-05 9.9886E-05 9.9886E-05 9.9886E-05 9.9886E-05 9.9886E-05 9.9886E-05 0.506832 9.9886E-05
0.10041 0.170958 0.541835 9.98773E-05 9.98773E-05 9.98773E-05 9.98773E-05 9.98773E-05 9.98773E-05 9.98773E-05 9.98773E-05 9.98773E-05 9.98773E-05 9.98773E-05 9.98773E-05 9.98773E-05 0.185399 9.98773E-05
0.0272532 9.98684E-05 0.918964 9.98684E-05 9.98684E-05 9.98684E-05 9.98684E-05 9.98684E-05 9.98684E-05 9.98684E-05 0.0522847 9.98684E-05 9.98684E-05 9.98684E-05 9.98684E-05 9.98684E-05 9.98684E-05 9.98684E-05
9.98858E-05 9.98858E-05 0.885711 0.0173595 9.98858E-05 9.98858E-05 9.98858E-05 9.98858E-05 0.00809237 9.98858E-05 9.98858E-05 9.98858E-05 9.98858E-05 9.98858E-05 0.0746392 9.98858E-05 9.98858E-05 0.0128994
0.184838 0.135578 0.489429 9.9877E-05 9.9877E-05 9.9877E-05 9.9877E-05 9.9877E-05 9.9877E-05 0.188757 9.9877E-05 9.9877E-05 9.9877E-05 9.9877E-05 9.9877E-05 9.9877E-05 9.9877E-05 9.9877E-05
0.105626 0.0882468 0.804629 9.98682E-05 9.98682E-05 9.98682E-05 9.98682E-05 9.98682E-05 9.98682E-05 9.98682E-05 9.98682E-05 9.98682E-05 9.98682E-05 9.98682E-05 9.98682E-05 9.98682E-05 9.98682E-05 9.98682E-05
0.0518754 0.00669236 0.853121 9.98946E-05 9.98946E-05 0.0166217 9.98946E-05 9.98946E-05 9.98946E-05 9.98946E-05 9.98946E-05 9.98946E-05 0.0273236 9.98946E-05 9.98946E-05 0.0431674 9.98946E-05 9.98946E-05
9.98772E-05 0.0193754 0.850116 9.98772E-05 9.98772E-05 9.98772E-05 9.98772E-05 9.98772E-05 9.98772E-05 9.98772E-05 9.98772E-05 9.98772E-05 0.119371 9.98772E-05 9.98772E-05 9.98772E-05 0.00974026 9.98772E-05
0.158061 0.0105022 0.691152 9.9886E-05 9.9886E-05 9.9886E-05 9.9886E-05 9.9886E-05 9.9886E-05 0.0501404 9.9886E-05 9.9886E-05 9.9886E-05 9.9886E-05 9.9886E-05 9.9886E-05 0.0888459 9.9886E-05
9.98506E-05 0.998303 9.98506E-05 9.98506E-05 9.98506E-05 9.98506E-05 9.98506E-05 9.98506E-05 9.98506E-05 9.98506E-05 9.98506E-05 9.98506E-05 9.98506E-05 9.98506E-05 9.98506E-05 9.98506E-05 9.98506E-05 9.98506E-05
0.998303 9.98505E-05 9.98505E-05 9.98505E-05 9.98505E-05 9.98505E-05 9.98505E-05 9.98505E-05 9.98505E-05 9.98505E-05 9.98505E-05 9.98505E-05 9.98505E-05 9.98505E-05 9.98505E-05 9.98505E-05 9.98505E-05 9.98505E-05
9.98506E-05 0.998303 9.98506E-05 9.98506E-05 9.98506E-05 9.98506E-05 9.98506E-05 9.98506E-05 9.98506E-05 9.98506E-05 9.98506E-05 9.98506E-05 9.98506E-05 9.98506E-05 9.98506E-05 9.98506E-05 9.98506E-05 9.98506E-05
0.998303 9.98504E-05 9.98504E-05 9.98504E-05 9.98504E-05 9.98504E-05 9.98504E-05 9.98504E-05 9.98504E-05 9.98504E-05 9.98504E-05 9.98504E-05 9.98504E-05 9.98504E-05 9.98504E-05 9.98504E-05 9.98504E-05 9.98504E-05
0.998303 9.98506E-05 9.98506E-05 9.98506E-05 9.98506E-05 9.98506E-05 9.98506E-05 9.98506E-05 9.98506E-05 9.98506E-05 9.98506E-05 9.98506E-05 9.98506E-05 9.98506E-05 9.98506E-05 9.98506E-05 9.98506E-05 9.98506E-05
0.998303 9.98507E-05 9.98507E-05 9.98507E-05 9.98507E-05 9.98507E-05 9.98507E-05 9.98507E-05 9.98507E-05 9.98507E-05 9.98507E-05 9.98507E-05 9.98507E-05 9.98507E-05 9.98507E-05 9.98507E-05 9.98507E-05 9.98507E-05
9.98505E-05 0.998303 9.98505E-05 9.98505E-05 9.98505E-05 9.98505E-05 9.98505E-05 9.98505E-05 9.98505E-05 9.98505E-05 9.98505E-05 9.98505E-05 9.98505E-05 9.98505E-05 9.98505E-05 9.98505E-05 9.98505E-05 9.98505E-05
0.998303 9.98505E-05 9.98505E-05 9.98505E-05 9.98505E-05 9.98505E-05 9.98505E-05 9.98505E-05 9.98505E-05 9.98505E-05 9.98505E-05 9.98505E-05 9.98505E-05 9.98505E-05 9.98505E-05 9.98505E-05 9.98505E-05 9.98505E-05
0.998303 9.98505E-05 9.98505E-05 9.98505E-05 9.98505E-05 9.98505E-05 9.98505E-05 9.98505E-05 9.98505E-05 9.98505E-05 9.98505E-05 9.98505E-05 9.98505E-05 9.98505E-05 9.98505E-05 9.98505E-05 9.98505E-05 9.98505E-05
9.98505E-05 0.998303 9.98505E-05 9.98505E-05 9.98505E-05 9.98505E-05 9.98505E-05 9.98505E-05 9.98505E-05 9.98505E-05 9.98505E-05 9.98505E-05 9.98505E-05 9.98505E-05 9.98505E-05 9.98505E-05 9.98505E-05 9.98505E-05
9.98505E-05 0.998303 9.98505E-05 9.98505E-05 9.98505E-05 9.98505E-05 9.98505E-05 9.98505E-05 9.98505E-05 9.98505E-05 9.98505E-05 9.98505E-05 9.98505E-05 9.98505E-05 9.98505E-05 9.98505E-05 9.98505E-05 9.98505E-05
9.98505E-05 0.998303 9.98505E-05 9.98505E-05 9.98505E-05 9.98505E-05 9.98505E-05 9.98505E-05 9.98505E-05 9.98505E-05 9.98505E-05 9.98505E-05 9.98505E-05 9.98505E-05 9.98505E-05 9.98505E-05 9.98505E-05 9.98505E-05
0.998303 9.98505E-05 9.98505E-05 9.98505E-05 9.98505E-05 9.98505E-05 9.98505E-05 9.98505E-05 9.98505E-05 9.98505E-05 9.98505E-05 9.98505E-05 9.98505E-05 9.98505E-05 9.98505E-05 9.98505E-05 9.98505E-05 9.98505E-05
0.998303 9.98506E-05 9.98506E-05 9.98506E-05 9.98506E-05 9.98506E-05 9.98506E-05 9.98506E-05 9.98506E-05 9.98506E-05 9.98506E-05 9.98506E-05 9.98506E-05 9.98506E-05 9.98506E-05 9.98506E-05 9.98506E-05 9.98506E-05
9.98505E-05 0.998303 9.98505E-05 9.98505E-05 9.98505E-05 9.98505E-05 9.98505E-05 9.98505E-05 9.98505E-05 9.98505E-05 9.98505E-05 9.98505E-05 9.98505E-05 9.98505E-05 9.98505E-05 9.98505E-05 9.98505E-05 9.98505E-05
9.98505E-05 0.998303 9.98505E-05 9.98505E-05 9.98505E-05 9.98505E-05 9.98505E-05 9.98505E-05 9.98505E-05 9.98505E-05 9.98505E-05 9.98505E-05 9.98505E-05 9.98505E-05 9.98505E-05 9.98505E-05 9.98505E-05 9.98505E-05
0.0821888 0.0399023 0.603517 9.99121E-05 9.99121E-05 0.0499589 9.99121E-05 9.99121E-05 0.00793592 9.99121E-05 9.99121E-05 0.0918469 0.00828203 9.99121E-05 0.115369 9.99121E-05 9.99121E-05 9.99121E-05
9.98507E-05 0.998303 9.98507E-05 9.98507E-05 9.98507E-05 9.98507E-05 9.98507E-05 9.98507E-05 9.98507E-05 9.98507E-05 9.98507E-05 9.98507E-05 9.98507E-05 9.98507E-05 9.98507E-05 9.98507E-05 9.98507E-05 9.98507E-05
0.998303 9.98505E-05 9.98505E-05 9.98505E-05 9.98505E-05 9.98505E-05 9.98505E-05 9.98505E-05 9.98505E-05 9.98505E-05 9.98505E-05 9.98505E-05 9.98505E-05 9.98505E-05 9.98505E-05 9.98505E-05 9.98505E-05 9.98505E-05
9.98505E-05 0.998303 9.98505E-05 9.98505E-05 9.98505E-05 9.98505E-05 9.98505E-05 9.98505E-05 9.98505E-05 9.98505E-05 9.98505E-05 9.98505E-05 9.98505E-05 9.98505E-05 9.98505E-05 9.98505E-05 9.98505E-05 9.98505E-05
9.98506E-05 0.998303 9.98506E-05 9.98506E-05 9.98506E-05 9.98506E-05 9.98506E-05 9.98506E-05 9.98506E-05 9.98506E-05 9.98506E-05 9.98506E-05 9.98506E-05 9.98506E-05 9.98506E-05 9.98506E-05 9.98506E-05 9.98506E-05
9.98506E-05 0.998303 9.98506E-05 9.98506E-05 9.98506E-05 9.98506E-05 9.98506E-05 9.98506E-05 9.98506E-05 9.98506E-05 9.98506E-05 9.98506E-05 9.98506E-05 9.98506E-05 9.98506E-05 9.98506E-05 9.98506E-05 9.98506E-05
0.998303 9.98505E-05 9.98505E-05 9.98505E-05 9.98505E-05 9.98505E-05 9.98505E-05 9.98505E-05 9.98505E-05 9.98505E-05 9.98505E-05 9.98505E-05 9.98505E-05 9.98505E-05 9.98505E-05 9.98505E-05 9.98505E-05 9.98505E-05
9.98505E-05 0.998303 9.98505E-05 9.98505E-05 9.98505E-05 9.98505E-05 9.98505E-05 9.98505E-05 9.98505E-05 9.98505E-05 9.98505E-05 9.98505E-05 9.98505E-05 9.98505E-05 9.98505E-05 9.98505E-05 9.98505E-05 9.98505E-05
0.998303 9.98505E-05 9.98505E-05 9.98505E-05 9.98505E-05 9.98505E-05 9.98505E-05 9.98505E-05 9.98505E-05 9.98505E-05 9.98505E-05 9.98505E-05 9.98505E-05 9.98505E-05 9.98505E-05 9.98505E-05 9.98505E-05 9.98505E-05
9.98506E-05 0.998303 9.98506E-05 9.98506E-05 9.98506E-05 9.98506E-05 9.98506E-05 9.98506E-05 9.98506E-05 9.98506E-05 9.98506E-05 9.98506E-05 9.98506E-05 9.98506E-05 9.98506E-05 9.98506E-05 9.98506E-05 9.98506E-05
9.98504E-05 0.998303 9.98504E-05 9.98504E-05 9.98504E-05 9.98504E-05 9.98504E-05 9.98504E-05 9.98504E-05 9.98504E-05 9.98504E-05 9.98504E-05 9.98504E-05 9.98504E-05 9.98504E-05 9.98504E-05 9.98504E-05 9.98504E-05
0.998303 9.98505E-05 9.98505E-05 9.98505E-05 9.98505E-05 9.98505E-05 9.98505E-05 9.98505E-05 9.98505E-05 9.98505E-05 9.98505E-05 9.98505E-05 9.98505E-05 9.98505E-05 9.98505E-05 9.98505E-05 9.98505E-05 9.98505E-05
0.998303 9.98505E-05 9.98505E-05 9.98505E-05 9.98505E-05 9.98505E-05 9.98505E-05 9.98505E-05 9.98505E-05 9.98505E-05 9.98505E-05 9.98505E-05 9.98505E-05 9.98505E-05 9.98505E-05 9.98505E-05 9.98505E-05 9.98505E-05
0.998303 9.98505E-05 9.98505E-05 9.98505E-05 9.98505E-05 9.98505E-05 9.98505E-05 9.98505E-05 9.98505E-05 9.98505E-05 9.98505E-05 9.98505E-05 9.98505E-05 9.98505E-05 9.98505E-05 9.98505E-05 9.98505E-05 9.98505E-05
9.98506E-05 0.998303 9.98506E-05 9.98506E-05 9.98506E-05 9.98506E-05 9.98506E-05 9.98506E-05 9.98506E-05 9.98506E-05 9.98506E-05 9.98506E-05 9.98506E-05 9.98506E-05 9.98506E-05 9.98506E-05 9.98506E-05 9.98506E-05
9.98505E-05 0.998303 9.98505E-05 9.98505E-05 9.98505E-05 9.98505E-05 9.98505E-05 9.98505E-05 9.98505E-05 9.98505E-05 9.98505E-05 9.98505E-05 9.98505E-05 9.98505E-05 9.98505E-05 9.98505E-05 9.98505E-05 9.98505E-05
9.98504E-05 0.998303 9.98504E-05 9.98504E-05 9.98504E-05 9.98504E-05 9.98504E-05 9.98504E-05 9.98504E-05 9.98504E-05 9.98504E-05 9.98504E-05 9.98504E-05 9.98504E-05 9.98504E-05 9.98504E-05 9.98504E-05 9.98504E-05
9.98505E-05 0.998303 9.98505E-05 9.98505E-05 9.98505E-05 9.98505E-05 9.98505E-05 9.98505E-05 9.98505E-05 9.98505E-05 9.98505E-05 9.98505E-05 9.98505E-05 9.98505E-05 9.98505E-05 9.98505E-05 9.98505E-05 9.98505E-05
9.98505E-05 0.998303 9.98505E-05 9.98505E-05 9.98505E-05 9.98505E-05 9.98505E-05 9.98505E-05 9.98505E-05 9.98505E-05 9.98505E-05 9.98505E-05 9.98505E-05 9.98505E-05 9.98505E-05 9.98505E-05 9.98505E-05 9.98505E-05
0.998303 9.98505E-05 9.98505E-05 9.98505E-05 9.98505E-05 9.98505E-05 9.98505E-05 9.98505E-05 9.98505E-05 9.98505E-05 9.98505E-05 9.98505E-05 9.98505E-05 9.98505E-05 9.98505E-05 9.98505E-05 9.98505E-05 9.98505E-05
0.998303 9.98504E-05 9.98504E-05 9.98504E-05 9.98504E-05 9.98504E-05 9.98504E-05 9.98504E-05 9.98504E-05 9.98504E-05 9.98504E-05 9.98504E-05 9.98504E-05 9.98504E-05 9.98504E-05 9.98504E-05 9.98504E-05 9.98504E-05
0.998303 9.98506E-05 9.98506E-05 9.98506E-05 9.98506E-05 9.98506E-05 9.98506E-05 9.98506E-05 9.98506E-05 9.98506E-05 9.98506E-05 9.98506E-05 9.98506E-05 9.98506E-05 9.98506E-05 9.98506E-05 9.98506E-05 9.98506E-05
9.98506E-05 0.998303 9.98506E-05 9.98506E-05 9.98506E-05 9.98506E-05 9.98506E-05 9.98506E-05 9.98506E-05 9.98506E-05 9.98506E-05 9.98506E-05 9.98506E-05 9.98506E-05 9.98506E-05 9.98506E-05 9.98506E-05 9.98506E-05
0.998303 9.98505E-05 9.98505E-05 9.98505E-05 9.98505E-05 9.98505E-05 9.98505E-05 9.98505E-05 9.98505E-05 9.98505E-05 9.98505E-05 9.98505E-05 9.98505E-05 9.98505E-05 9.98505E-05 9.98505E-05 9.98505E-05 9.98505E-05
0.998303 9.98505E-05 9.98505E-05 9.98505E-05 9.98505E-05 9.98505E-05 9.98505E-05 9.98505E-05 9.98505E-05 9.98505E-05 9.98505E-05 9.98505E-05 9.98505E-05 9.98505E-05 9.98505E-05 9.98505E-05 9.98505E-05 9.98505E-05
0.998303 9.98505E-05 9.98505E-05 9.98505E-05 9.98505E-05 9.98505E-05 9.98505E-05 9.98505E-05 9.98505E-05 9.98505E-05 9.98505E-05 9.98505E-05 9.98505E-05 9.98505E-05 9.98505E-05 9.98505E-05 9.98505E-05 9.98505E-05
0.998303 9.98507E-05 9.98507E-05 9.98507E-05 9.98507E-05 9.98507E-05 9.98507E-05 9.98507E-05 9.98507E-05 9.98507E-05 9.98507E-05 9.98507E-05 9.98507E-05 9.98507E-05 9.98507E-05 9.98507E-05 9.98507E-05 9.98507E-05
9.98506E-05 0.998303 9.98506E-05 9.98506E-05 9.98506E-05 9.98506E-05 9.98506E-05 9.98506E-05 9.98506E-05 9.98506E-05 9.98506E-05 9.98506E-05 9.98506E-05 9.98506E-05 9.98506E-05 9.98506E-05 9.98506E-05 9.98506E-05
0.998303 9.98507E-05 9.98507E-05 9.98507E-05 9.98507E-05 9.98507E-05 9.98507E-05 9.98507E-05 9.98507E-05 9.98507E-05 9.98507E-05 9.98507E-05 9.98507E-05 9.98507E-05 9.98507E-05 9.98507E-05 9.98507E-05 9.98507E-05
0.998303 9.98504E-05 9.98504E-05 9.98504E-05 9.98504E-05 9.98504E-05 9.98504E-05 9.98504E-05 9.98504E-05 9.98504E-05 9.98504E-05 9.98504E-05 9.98504E-05 9.98504E-05 9.98504E-05 9.98504E-05 9.98504E-05 9.98504E-05
0.0437016 0.138998 0.571922 9.98945E-05 9.98945E-05 9.98945E-05 9.98945E-05 9.98945E-05 9.98945E-05 9.98945E-05 9.98945E-05 0.140096 9.98945E-05 9.98945E-05 0.101036 9.98945E-05 9.98945E-05 0.00304731
