0.417886 0.323097 9.99912E-05 0.0795105 0.179407
0.788923 0.205569 9.99824E-05 9.99824E-05 0.0053077
0.841569 9.99912E-05 0.0407482 0.025887 0.0916963
0.303312 0.132459 0.12575 0.160036 0.278443
0.868543 9.99824E-05 9.99824E-05 0.0340599 0.0971973
0.214488 0.0525421 0.442025 9.99912E-05 0.290845
0.237207 0.311985 9.99912E-05 0.0123457 0.438362
0.20388 9.99825E-05 0.296575 9.99825E-05 0.499344
0.174866 0.311223 0.334967 0.154522 0.0244229
0.896935 0.102765 9.99736E-05 9.99736E-05 9.99736E-05
0.493736 0.234497 0.0705386 0.0857551 0.115474
0.863108 9.99824E-05 0.00915268 9.99824E-05 0.127539
0.829777 0.0626848 9.99824E-05 9.99824E-05 0.107338
0.69495 0.13247 0.100128 9.99912E-05 0.0723522
0.372777 0.282665 0.30691 0.0375486 9.99912E-05
0.23995 0.270361 0.259371 9.99912E-05 0.230218
0.633984 0.274652 9.99825E-05 9.99825E-05 0.0911641
0.210375 0.437421 0.0416658 0.22707 0.0834674
0.344375 0.338583 0.0682694 0.00829475 0.240477
0.931225 0.0111904 9.99824E-05 0.0573851 9.99824E-05
0.472719 0.0674699 0.116871 0.0609899 0.28195
0.269519 9.99825E-05 0.314464 9.99825E-05 0.415817
0.561028 0.336781 9.99824E-05 9.99824E-05 0.101991
0.391256 0.391338 0.0075936 9.99912E-05 0.209712
0.315865 0.241912 0.235309 0.203919 0.00299423
0.684207 0.11807 0.120951 9.99912E-05 0.0766722
0.0824028 0.341496 0.232893 9.99912E-05 0.343108
0.771322 0.129515 9.99824E-05 9.99824E-05 0.0989637
0.595236 0.343068 9.99824E-05 0.0614955 9.99824E-05
0.793739 0.117911 0.0881505 9.99824E-05 9.99824E-05
0.694136 0.159058 9.99912E-05 0.0220079 0.124698
0.541171 0.132939 0.186071 0.00930121 0.130517
0.495365 0.168048 0.0380529 9.99912E-05 0.298434
0.501684 0.214171 0.0701275 9.99912E-05 0.213918
0.762929 0.221916 0.0149556 9.99824E-05 9.99824E-05
0.661533 0.149578 9.99824E-05 9.99824E-05 0.188689
0.850763 9.99737E-05 9.99737E-05 9.99737E-05 0.148937
0.584695 0.104346 0.240775 0.0700841 9.99912E-05
0.570298 0.253604 0.0144785 0.0734916 0.0881273
0.600412 0.109941 0.13214 9.99912E-05 0.157406
0.757041 0.095494 9.99824E-05 9.99824E-05 0.147265
0.605787 0.28122 9.99912E-05 0.00719909 0.105694
0.827691 9.99824E-05 0.0672298 9.99824E-05 0.104879
0.398643 0.420594 0.0843458 0.00843561 0.0879823
0.297095 0.3721 9.99912E-05 0.0394122 0.291293
0.799856 0.0266421 9.99912E-05 0.155493 0.0179091
0.776544 0.150156 9.99824E-05 9.99824E-05 0.0730997
0.907341 0.0721851 9.99824E-05 0.020274 9.99824E-05
0.69602 0.159567 9.99824E-05 9.99824E-05 0.144214
0.754657 9.99825E-05 0.0103332 9.99825E-05 0.23481
0.263118 0.299666 0.192804 0.00638908 0.238023
0.650177 0.00126887 0.0506681 0.12004 0.177846
0.917405 0.0822955 9.99736E-05 9.99736E-05 9.99736E-05
0.612718 0.0673081 9.99825E-05 9.99825E-05 0.319774
0.729922 0.123142 9.99912E-05 0.0503044 0.096532
0.690997 9.99912E-05 0.0752214 0.133082 0.1006
0.775907 0.0680307 9.99824E-05 9.99824E-05 0.155862
0.793417 0.0329204 9.99912E-05 0.0510697 0.122492
0.796095 9.99737E-05 9.99737E-05 9.99737E-05 0.203605
9.99825E-05 0.787068 0.0181003 9.99825E-05 0.194632
0.293159 0.511467 9.99825E-05 9.99825E-05 0.195173
0.374124 0.34574 0.00669913 9.99912E-05 0.273337
9.99825E-05 0.497612 0.365757 9.99825E-05 0.136432
0.0197726 0.602571 9.99912E-05 0.0175771 0.35998
9.99824E-05 0.869012 0.0292101 9.99824E-05 0.101578
9.99737E-05 0.832099 9.99737E-05 9.99737E-05 0.167601
9.99824E-05 0.588134 0.156659 9.99824E-05 0.255008
0.185501 0.618505 0.059179 9.99912E-05 0.136715
0.213801 0.467853 9.99825E-05 9.99825E-05 0.318147
9.99824E-05 0.611687 9.99824E-05 0.0143622 0.373751
9.99737E-05 0.560186 9.99737E-05 9.99737E-05 0.439514
9.99824E-05 0.320232 0.257046 9.99824E-05 0.422522
9.99737E-05 0.725378 9.99737E-05 9.99737E-05 0.274322
0.255871 0.394208 0.19806 9.99912E-05 0.151761
0.12238 0.665016 0.133705 9.99912E-05 0.0787988
9.99824E-05 0.575094 0.0699151 9.99824E-05 0.354791
0.0446413 0.419393 0.0410751 9.99912E-05 0.494791
0.140708 0.484324 9.99825E-05 9.99825E-05 0.374768
9.99824E-05 0.761082 9.99824E-05 0.0212944 0.217424
0.300585 0.466143 0.0335646 9.99913E-05 0.199607
0.0656659 0.662722 0.0212271 9.99912E-05 0.250285
0.202022 0.559653 0.171644 9.99912E-05 0.0665809
0.0715204 0.305654 0.176845 9.99912E-05 0.445881
0.210625 0.400501 0.0771049 9.99912E-05 0.31167
0.33578 0.515311 0.0904494 0.0583592 9.99912E-05
0.337895 0.42431 9.99825E-05 9.99825E-05 0.237595
0.153518 0.678461 9.99825E-05 9.99825E-05 0.167821
0.214611 0.399262 0.0692003 9.99912E-05 0.316826
0.304205 0.309541 0.240942 0.037937 0.107374
9.99824E-05 9.99824E-05 0.878425 0.00241688 0.118958
0.101419 9.99737E-05 0.898281 9.99737E-05 9.99737E-05
9.99912E-05 0.115665 0.698808 0.0155369 0.169891
9.99912E-05 0.0439726 0.820641 0.0545743 0.0807118
9.99736E-05 9.99736E-05 0.924415 0.0752849 9.99736E-05
9.99736E-05 0.192901 0.806799 9.99736E-05 9.99736E-05
9.99912E-05 0.120901 0.669842 0.0339778 0.17518
9.99736E-05 9.99736E-05 0.962396 0.0373037 9.99736E-05
9.99736E-05 0.251521 0.748179 9.99736E-05 9.99736E-05
9.99824E-05 0.178247 0.76052 9.99824E-05 0.0610335
0.0164111 0.20495 0.778439 9.99825E-05 9.99825E-05
0.022983 0.257596 0.696164 0.0231565 9.99912E-05
9.997E-05 9.997E-05 0.9996 9.997E-05 9.997E-05
9.99825E-05 0.259716 0.701533 9.99825E-05 0.0385517
9.99912E-05 0.00547757 0.645529 0.140427 0.208467
9.99912E-05 0.281318 0.616163 0.027612 0.0748073
9.99824E-05 0.288488 0.654456 0.0568555 9.99824E-05
0.00707084 9.99912E-05 0.821357 0.0959084 0.0755636
9.99737E-05 9.99737E-05 0.913631 0.0860689 9.99737E-05
9.99825E-05 0.126034 0.726484 0.147281 9.99825E-05
9.99824E-05 0.0980452 0.788345 9.99824E-05 0.11341
9.99824E-05 9.99824E-05 0.943387 0.0294239 0.0269889
9.99824E-05 0.38967 0.439867 0.170263 9.99824E-05
9.997E-05 9.997E-05 0.9996 9.997E-05 9.997E-05
9.99824E-05 0.204877 0.670144 0.124778 9.99824E-05
9.99737E-05 0.254239 0.745461 9.99737E-05 9.99737E-05
0.191561 9.99825E-05 0.699787 0.108452 9.99825E-05
9.99736E-05 9.99736E-05 0.860849 0.138851 9.99736E-05
9.99736E-05 0.245414 0.754286 9.99736E-05 9.99736E-05
9.99824E-05 0.0958819 0.770793 0.133125 9.99824E-05
9.99824E-05 0.24422 0.692494 0.0630863 9.99824E-05
9.99824E-05 9.99824E-05 0.801171 0.131656 0.0669726
9.99736E-05 9.99736E-05 0.774387 0.225313 9.99736E-05
9.99824E-05 0.155999 0.744528 0.0992734 9.99824E-05
9.99737E-05 9.99737E-05 0.941218 0.0584824 9.99737E-05
9.99912E-05 0.00862019 0.84641 0.0404441 0.104425
9.99824E-05 0.175052 0.719501 9.99824E-05 0.105247
9.99737E-05 9.99737E-05 0.997845 0.00185541 9.99737E-05
9.99737E-05 9.99737E-05 0.998768 0.000932421 9.99737E-05
9.997E-05 9.997E-05 0.9996 9.997E-05 9.997E-05
0.0156036 0.0176719 0.958795 0.00782914 9.99912E-05
9.99736E-05 0.474194 0.525506 9.99736E-05 9.99736E-05
9.99737E-05 9.99737E-05 0.932723 9.99737E-05 0.066977
0.048476 9.99825E-05 0.898373 0.0529511 9.99825E-05
0.143964 0.0473996 0.808437 9.99825E-05 9.99825E-05
9.99824E-05 0.12483 0.741138 0.133832 9.99824E-05
9.99912E-05 0.260265 0.665939 0.0157514 0.0579452
9.99912E-05 0.0590551 0.737666 0.118225 0.0849537
9.99737E-05 0.322531 0.677169 9.99737E-05 9.99737E-05
0.0856507 0.0205189 0.89363 9.99825E-05 9.99825E-05
9.99912E-05 0.206409 0.554217 0.121075 0.118198
0.0402481 9.99737E-05 0.959452 9.99737E-05 9.99737E-05
9.99737E-05 0.0485753 0.951125 9.99737E-05 9.99737E-05
9.99912E-05 0.0078556 0.941857 0.0301803 0.0200074
9.99824E-05 0.00107306 0.746035 9.99824E-05 0.252692
9.99736E-05 0.346346 0.653354 9.99736E-05 9.99736E-05
9.99824E-05 0.00912605 0.97064 0.0200337 9.99824E-05
9.99824E-05 9.99824E-05 0.83452 0.129255 0.0360247
9.99824E-05 0.0121678 0.749645 0.237987 9.99824E-05
9.99737E-05 0.024916 0.974784 9.99737E-05 9.99737E-05
9.99736E-05 0.995767 9.99736E-05 0.00393345 9.99736E-05
9.997E-05 9.997E-05 0.9996 9.997E-05 9.997E-05
9.997E-05 0.9996 9.997E-05 9.997E-05 9.997E-05
9.997E-05 9.997E-05 0.9996 9.997E-05 9.997E-05
9.997E-05 9.997E-05 0.9996 9.997E-05 9.997E-05
9.997E-05 9.997E-05 0.9996 9.997E-05 9.997E-05
9.997E-05 0.9996 9.997E-05 9.997E-05 9.997E-05
9.997E-05 9.997E-05 0.9996 9.997E-05 9.997E-05
9.997E-05 9.997E-05 0.9996 9.997E-05 9.997E-05
9.997E-05 0.9996 9.997E-05 9.997E-05 9.997E-05
9.997E-05 0.9996 9.997E-05 9.997E-05 9.997E-05
9.997E-05 0.9996 9.997E-05 9.997E-05 9.997E-05
9.997E-05 9.997E-05 0.9996 9.997E-05 9.997E-05
9.997E-05 9.997E-05 0.9996 9.997E-05 9.997E-05
9.997E-05 0.9996 9.997E-05 9.997E-05 9.997E-05
9.997E-05 0.9996 9.997E-05 9.997E-05 9.997E-05
9.99912E-05 0.15892 0.550404 0.169336 0.12124
9.997E-05 0.9996 9.997E-05 9.997E-05 9.997E-05
9.997E-05 9.997E-05 0.9996 9.997E-05 9.997E-05
9.997E-05 0.9996 9.997E-05 9.997E-05 9.997E-05
9.997E-05 0.9996 9.997E-05 9.997E-05 9.997E-05
9.997E-05 0.9996 9.997E-05 9.997E-05 9.997E-05
9.997E-05 9.997E-05 0.9996 9.997E-05 9.997E-05
9.997E-05 0.9996 9.997E-05 9.997E-05 9.997E-05
9.997E-05 9.997E-05 0.9996 9.997E-05 9.997E-05
9.997E-05 0.9996 9.997E-05 9.997E-05 9.997E-05
9.997E-05 0.9996 9.997E-05 9.997E-05 9.997E-05
9.997E-05 9.997E-05 0.9996 9.997E-05 9.997E-05
9.997E-05 9.997E-05 0.9996 9.997E-05 9.997E-05
9.997E-05 9.997E-05 0.9996 9.997E-05 9.997E-05
9.99736E-05 0.966106 9.99736E-05 0.0335945 9.99736E-05
9.997E-05 0.9996 9.997E-05 9.997E-05 9.997E-05
9.997E-05 0.9996 9.997E-05 9.997E-05 9.997E-05
9.997E-05 0.9996 9.997E-05 9.997E-05 9.997E-05
9.997E-05 0.9996 9.997E-05 9.997E-05 9.997E-05
9.997E-05 9.997E-05 0.9996 9.997E-05 9.997E-05
9.997E-05 9.997E-05 0.9996 9.997E-05 9.997E-05
9.997E-05 9.997E-05 0.9996 9.997E-05 9.997E-05
9.99736E-05 0.976422 9.99736E-05 0.0232782 9.99736E-05
9.997E-05 9.997E-05 0.9996 9.997E-05 9.997E-05
9.997E-05 9.997E-05 0.9996 9.997E-05 9.997E-05
9.997E-05 9.997E-05 0.9996 9.997E-05 9.997E-05
9.997E-05 9.997E-05 0.9996 9.997E-05 9.997E-05
9.997E-05 0.9996 9.997E-05 9.997E-05 9.997E-05
9.997E-05 9.997E-05 0.9996 9.997E-05 9.997E-05
9.997E-05 9.997E-05 0.9996 9.997E-05 9.997E-05
9.99912E-05 0.122899 0.513238 0.187079 0.176685
9.997E-05 0.9996 9.997E-05 9.997E-05 9.997E-05
9.997E-05 9.997E-05 0.9996 9.997E-05 9.997E-05
9.997E-05 9.997E-05 0.9996 9.997E-05 9.997E-05
9.997E-05 9.997E-05 0.9996 9.997E-05 9.997E-05
9.997E-05 9.997E-05 0.9996 9.997E-05 9.997E-05
9.997E-05 0.9996 9.997E-05 9.997E-05 9.997E-05
9.997E-05 9.997E-05 0.9996 9.997E-05 9.997E-05
9.997E-05 0.9996 9.997E-05 9.997E-05 9.997E-05
9.997E-05 9.997E-05 0.9996 9.997E-05 9.997E-05
9.997E-05 0.9996 9.997E-05 9.997E-05 9.997E-05
9.997E-05 9.997E-05 0.9996 9.997E-05 9.997E-05
9.997E-05 9.997E-05 0.9996 9.997E-05 9.997E-05
9.997E-05 9.997E-05 0.9996 9.997E-05 9.997E-05
9.997E-05 9.997E-05 0.9996 9.997E-05 9.997E-05
9.997E-05 9.997E-05 0.9996 9.997E-05 9.997E-05
9.997E-05 9.997E-05 0.9996 9.997E-05 9.997E-05
9.997E-05 0.9996 9.997E-05 9.997E-05 9.997E-05
9.997E-05 0.9996 9.997E-05 9.997E-05 9.997E-05
9.997E-05 0.9996 9.997E-05 9.997E-05 9.997E-05
9.997E-05 9.997E-05 0.9996 9.997E-05 9.997E-05
9.997E-05 0.9996 9.997E-05 9.997E-05 9.997E-05
9.997E-05 0.9996 9.997E-05 9.997E-05 9.997E-05
9.997E-05 0.9996 9.997E-05 9.997E-05 9.997E-05
9.997E-05 9.997E-05 0.9996 9.997E-05 9.997E-05
9.997E-05 9.997E-05 0.9996 9.997E-05 9.997E-05
9.997E-05 9.997E-05 0.9996 9.997E-05 9.997E-05
9.997E-05 0.9996 9.997E-05 9.997E-05 9.997E-05
9.997E-05 9.997E-05 0.9996 9.997E-05 9.997E-05
9.997E-05 9.997E-05 0.9996 9.997E-05 9.997E-05
9.997E-05 0.9996 9.997E-05 9.997E-05 9.997E-05
9.997E-05 9.997E-05 0.9996 9.997E-05 9.997E-05
9.997E-05 9.997E-05 0.9996 9.997E-05 9.997E-05
9.99912E-05 0.430106 0.310452 0.105432 0.15391
9.997E-05 0.9996 9.997E-05 9.997E-05 9.997E-05
9.997E-05 9.997E-05 0.9996 9.997E-05 9.997E-05
9.99737E-05 9.99737E-05 0.942977 9.99737E-05 0.0567226
9.99824E-05 0.157691 0.7137 0.128409 9.99824E-05
9.99824E-05 0.358025 0.625197 0.0165781 9.99824E-05
9.99912E-05 0.0117563 0.706264 0.171774 0.110106
9.99824E-05 0.38402 0.615248 0.000531827 9.99824E-05
0.0918846 9.99738E-05 0.907815 9.99738E-05 9.99738E-05
9.99824E-05 0.304958 0.58994 9.99824E-05 0.104902
9.99912E-05 0.0181465 0.788481 0.0507519 0.142521
9.997E-05 9.997E-05 0.9996 9.997E-05 9.997E-05
9.99824E-05 0.15815 0.710034 0.131617 9.99824E-05
9.99824E-05 0.359465 0.624838 9.99824E-05 0.015497
9.997E-05 9.997E-05 0.9996 9.997E-05 9.997E-05
9.99824E-05 0.328905 0.500043 9.99824E-05 0.170851
9.99824E-05 9.99824E-05 0.776124 0.110819 0.112857
9.99824E-05 0.209701 0.788242 0.00185708 9.99824E-05
9.99824E-05 0.284621 0.691332 9.99824E-05 0.0238474
9.99825E-05 0.147872 0.765794 0.0861343 9.99825E-05
9.99824E-05 0.451607 0.409243 9.99824E-05 0.13895
9.99912E-05 0.136693 0.743802 0.115977 0.00342772
9.99824E-05 0.109614 0.753891 0.136295 9.99824E-05
9.99824E-05 0.0419874 0.791277 0.166535 9.99824E-05
9.99736E-05 9.99736E-05 0.921639 9.99736E-05 0.0780613
9.99912E-05 0.0418228 0.716547 0.165104 0.0764261
9.99912E-05 0.074645 0.856941 0.0448391 0.0234746
9.99912E-05 0.0299919 0.720747 0.0590753 0.190086
9.997E-05 9.997E-05 0.9996 9.997E-05 9.997E-05
9.99912E-05 0.125128 0.718484 0.0122133 0.144075
9.99824E-05 0.268656 0.625934 0.10521 9.99824E-05
9.99824E-05 9.99824E-05 0.829686 0.0754822 0.0946314
9.99824E-05 9.99824E-05 0.803118 0.147757 0.0489243
9.99824E-05 0.187265 0.807506 9.99824E-05 0.00502838
9.99737E-05 0.177727 0.821974 9.99737E-05 9.99737E-05
9.99736E-05 0.278064 0.721636 9.99736E-05 9.99736E-05
9.99824E-05 0.131968 0.778819 9.99824E-05 0.0890134
9.99824E-05 0.0774409 0.667545 9.99824E-05 0.254814
9.99824E-05 0.0705726 0.831698 0.0975295 9.99824E-05
0.0791898 9.99737E-05 0.92051 9.99737E-05 9.99737E-05
9.99824E-05 0.355874 0.346514 9.99824E-05 0.297412
9.99825E-05 9.99825E-05 0.78031 0.114952 0.104538
9.99912E-05 0.0556742 0.788961 0.0917111 0.0635535
9.99912E-05 0.174078 0.731348 0.0639406 0.030533
9.99825E-05 0.244138 0.630301 0.12536 9.99825E-05
9.99824E-05 0.016972 0.853973 0.128856 9.99824E-05
9.99736E-05 0.0675124 0.932188 9.99736E-05 9.99736E-05
9.99736E-05 0.469763 0.529937 9.99736E-05 9.99736E-05
9.99824E-05 0.0319801 0.912291 9.99824E-05 0.0555293
9.997E-05 9.997E-05 0.9996 9.997E-05 9.997E-05
9.99824E-05 9.99824E-05 0.954426 0.0377181 0.007656
0.0296201 9.99825E-05 0.895874 9.99825E-05 0.0743062
9.99912E-05 0.41092 0.47989 0.0957485 0.0133412
9.99737E-05 0.0794408 0.920259 9.99737E-05 9.99737E-05
9.99737E-05 0.487509 0.512191 9.99737E-05 9.99737E-05
9.99824E-05 0.475976 0.348835 9.99824E-05 0.174988
9.99736E-05 0.350193 0.649507 9.99736E-05 9.99736E-05
9.99824E-05 9.99824E-05 0.756082 0.107462 0.136255
9.99824E-05 0.163419 0.795142 0.0412385 9.99824E-05
9.99738E-05 0.30657 0.693131 9.99738E-05 9.99738E-05
9.997E-05 9.997E-05 0.9996 9.997E-05 9.997E-05
9.99824E-05 0.0593535 0.89751 0.0429368 9.99824E-05
9.99737E-05 0.303018 0.696682 9.99737E-05 9.99737E-05
9.997E-05 9.997E-05 0.9996 9.997E-05 9.997E-05
0.0669413 9.99737E-05 0.932759 9.99737E-05 9.99737E-05
0.203447 0.0537191 0.734358 0.00837569 9.99912E-05
9.99824E-05 0.139913 0.776995 0.0828921 9.99824E-05
9.99736E-05 9.99736E-05 0.813434 0.186267 9.99736E-05
9.99824E-05 9.99824E-05 0.968991 0.0219517 0.00885763
0.00734954 9.99737E-05 0.992351 9.99737E-05 9.99737E-05
9.99824E-05 0.334843 0.645887 0.01907 9.99824E-05
9.99824E-05 0.307633 0.609571 0.0825959 9.99824E-05
9.99888E-05 0.253163 0.66422 0.0824164 9.99888E-05
9.99825E-05 0.40753 0.549889 0.0423812 9.99825E-05
0.248209 0.160902 0.590689 9.99825E-05 9.99825E-05
9.99736E-05 0.11198 0.88772 9.99736E-05 9.99736E-05
9.99912E-05 0.252994 0.463706 0.0493036 0.233896
9.99737E-05 0.202986 0.796714 9.99737E-05 9.99737E-05
9.99737E-05 0.205693 0.794007 9.99737E-05 9.99737E-05
0.0957388 0.0997591 0.804302 9.99825E-05 9.99825E-05
9.99912E-05 0.181433 0.597624 0.0824831 0.13836
9.99738E-05 0.146148 0.853552 9.99738E-05 9.99738E-05
9.99736E-05 0.0197485 0.979952 9.99736E-05 9.99736E-05
9.99737E-05 9.99737E-05 0.912676 0.0870241 9.99737E-05
9.99824E-05 9.99824E-05 0.813345 0.160557 0.0258976
0.131735 0.0357765 0.832288 9.99825E-05 9.99825E-05
9.99737E-05 0.0155204 0.98418 9.99737E-05 9.99737E-05
9.99824E-05 0.117139 0.665808 0.216852 9.99824E-05
9.99825E-05 0.138941 0.798315 0.0625445 9.99825E-05
9.99912E-05 0.217191 0.639355 0.0634769 0.0798772
9.99824E-05 0.0702083 0.920747 9.99824E-05 0.00884467
9.99824E-05 0.287034 0.657188 0.0555779 9.99824E-05
9.99824E-05 0.114929 0.793923 0.090948 9.99824E-05
0.00239441 0.30953 0.476564 0.211412 9.99912E-05
9.99824E-05 0.39998 0.456843 9.99824E-05 0.142977
9.99737E-05 0.361286 0.638414 9.99737E-05 9.99737E-05
9.99912E-05 0.229881 0.532302 0.123038 0.114678
9.997E-05 9.997E-05 0.9996 9.997E-05 9.997E-05
0.0730066 0.153356 0.773437 9.99825E-05 9.99825E-05
9.99824E-05 9.99824E-05 0.859798 0.138522 0.00148049
9.99824E-05 0.402432 0.503143 9.99824E-05 0.0942249
9.99825E-05 0.515723 0.439357 9.99825E-05 0.0447202
9.99824E-05 0.587602 0.402835 0.00936308 9.99824E-05
9.99824E-05 9.99824E-05 0.636348 0.0451279 0.318324
9.99824E-05 0.415377 0.571547 0.0128758 9.99824E-05
9.99912E-05 0.196266 0.473991 0.169899 0.159744
0.142642 0.0139526 0.843206 9.99825E-05 9.99825E-05
0.0815303 0.0821604 0.836109 9.99825E-05 9.99825E-05
9.99737E-05 0.341667 0.658033 9.99737E-05 9.99737E-05
9.99912E-05 0.473543 0.253737 0.00806974 0.26455
9.997E-05 9.997E-05 0.9996 9.997E-05 9.997E-05
0.067023 0.0726865 0.860091 9.99825E-05 9.99825E-05
9.99737E-05 9.99737E-05 0.868393 0.131307 9.99737E-05
9.99824E-05 0.0477319 0.910505 0.0415629 9.99824E-05
0.0135365 0.260487 0.716584 0.00929275 9.99912E-05
9.99736E-05 0.335222 0.664478 9.99736E-05 9.99736E-05
9.99912E-05 0.377218 0.438588 0.118997 0.0650962
9.99912E-05 0.456969 0.230657 0.222331 0.0899433
9.99736E-05 0.0327477 0.966952 9.99736E-05 9.99736E-05
9.99824E-05 0.212008 0.756431 0.0313607 9.99824E-05
9.99912E-05 0.404511 0.503939 0.0522973 0.0391527
9.99737E-05 9.99737E-05 0.92296 0.07674 9.99737E-05
9.99912E-05 0.631813 0.126835 0.100305 0.140946
9.99912E-05 0.223701 0.518934 0.0570728 0.200192
9.99824E-05 0.109759 0.758614 0.131427 9.99824E-05
9.99824E-05 0.487946 0.47966 0.0321941 9.99824E-05
9.99912E-05 0.0942638 0.744634 0.0711763 0.0898254
0.0309818 0.105354 0.863464 9.99825E-05 9.99825E-05
9.99824E-05 0.0956296 0.706882 9.99824E-05 0.197288
9.99825E-05 0.193925 0.769113 0.0367615 9.99825E-05
0.0611992 0.086036 0.852565 9.99825E-05 9.99825E-05
9.99912E-05 0.138486 0.703556 0.0282884 0.12957
9.99824E-05 0.28852 0.651448 0.0598322 9.99824E-05
9.99824E-05 0.496232 0.137976 9.99824E-05 0.365592
9.99824E-05 0.749918 0.098052 9.99824E-05 0.15183
9.99824E-05 0.575404 0.151282 9.99824E-05 0.273114
9.99825E-05 0.654941 0.149782 9.99825E-05 0.195077
9.99824E-05 0.499037 0.227875 9.99824E-05 0.272888
0.216145 0.573113 0.133152 9.99912E-05 0.0774904
9.99824E-05 0.689332 0.248747 9.99824E-05 0.0617217
9.99825E-05 0.702881 0.119705 9.99825E-05 0.177215
0.274278 0.433951 0.0345404 9.99912E-05 0.25713
9.99824E-05 0.516602 0.388434 9.99824E-05 0.0947636
9.99824E-05 0.570443 0.0909997 9.99824E-05 0.338358
0.0457532 0.780239 9.99912E-05 0.16583 0.00807781
9.99912E-05 0.569912 0.239714 0.0275305 0.162744
0.32107 0.664009 0.014721 9.99825E-05 9.99825E-05
9.99824E-05 0.688685 0.112699 9.99824E-05 0.198416
9.99824E-05 0.488674 0.318548 9.99824E-05 0.192577
9.99824E-05 0.682578 0.19043 9.99824E-05 0.126792
9.99912E-05 0.903852 0.00715217 0.0107217 0.0781747
9.99912E-05 0.652752 0.0488457 0.00265166 0.29565
9.99737E-05 0.778477 9.99737E-05 9.99737E-05 0.221223
0.0022716 0.688527 0.173391 9.99912E-05 0.13571
0.145897 0.527297 0.0997855 9.99912E-05 0.22692
0.0499472 0.722359 0.0384193 0.0158248 0.17345
9.99824E-05 0.65312 0.283663 9.99824E-05 0.0630173
9.99737E-05 0.857023 0.142677 9.99737E-05 9.99737E-05
9.99736E-05 0.733472 0.266228 9.99736E-05 9.99736E-05
9.997E-05 0.9996 9.997E-05 9.997E-05 9.997E-05
9.99737E-05 0.926175 0.0735248 9.99737E-05 9.99737E-05
9.99737E-05 0.796411 0.203289 9.99737E-05 9.99737E-05
9.99736E-05 0.701407 0.298293 9.99736E-05 9.99736E-05
9.99737E-05 0.8022 0.1975 9.99737E-05 9.99737E-05
9.99736E-05 0.778224 0.221476 9.99736E-05 9.99736E-05
9.99736E-05 0.80283 0.19687 9.99736E-05 9.99736E-05
9.99736E-05 0.941031 0.0586691 9.99736E-05 9.99736E-05
9.99737E-05 0.886195 0.113505 9.99737E-05 9.99737E-05
9.99736E-05 0.823658 0.176042 9.99736E-05 9.99736E-05
9.99737E-05 0.615235 0.384465 9.99737E-05 9.99737E-05
9.99737E-05 0.959712 0.0399879 9.99737E-05 9.99737E-05
9.99825E-05 0.612288 0.366433 9.99825E-05 0.0210792
9.99736E-05 0.733958 0.265742 9.99736E-05 9.99736E-05
9.99737E-05 0.773323 0.226377 9.99737E-05 9.99737E-05
9.99737E-05 0.815732 0.183968 9.99737E-05 9.99737E-05
9.99737E-05 0.859169 0.140531 9.99737E-05 9.99737E-05
9.99736E-05 0.649659 0.350041 9.99736E-05 9.99736E-05
9.997E-05 0.9996 9.997E-05 9.997E-05 9.997E-05
9.99736E-05 0.703999 0.295702 9.99736E-05 9.99736E-05
0.000937944 0.137979 0.769338 0.0916448 9.99912E-05
9.99825E-05 0.877674 0.105052 0.0170738 9.99825E-05
9.99825E-05 0.876077 0.10779 9.99825E-05 0.0159336
9.99824E-05 0.960644 0.0110517 9.99824E-05 0.0281047
9.99737E-05 0.938983 0.0607171 9.99737E-05 9.99737E-05
9.99736E-05 0.810558 0.189142 9.99736E-05 9.99736E-05
9.99737E-05 0.798648 0.201052 9.99737E-05 9.99737E-05
9.99825E-05 0.825594 0.162499 9.99825E-05 0.0117074
9.997E-05 0.9996 9.997E-05 9.997E-05 9.997E-05
9.99737E-05 0.772215 0.227485 9.99737E-05 9.99737E-05
9.997E-05 0.9996 9.997E-05 9.997E-05 9.997E-05
9.99737E-05 0.876314 0.123386 9.99737E-05 9.99737E-05
9.99736E-05 0.86844 0.13126 9.99736E-05 9.99736E-05
9.99736E-05 0.750562 0.249138 9.99736E-05 9.99736E-05
9.99737E-05 0.988503 0.0111972 9.99737E-05 9.99737E-05
9.99736E-05 0.878151 0.121549 9.99736E-05 9.99736E-05
9.99737E-05 0.803367 0.196333 9.99737E-05 9.99737E-05
9.997E-05 0.9996 9.997E-05 9.997E-05 9.997E-05
9.99737E-05 0.807121 0.192579 9.99737E-05 9.99737E-05
9.99736E-05 0.785722 0.213978 9.99736E-05 9.99736E-05
9.99737E-05 0.978734 9.99737E-05 9.99737E-05 0.0209665
0.0580779 0.426134 9.99912E-05 0.0177297 0.497959
0.016024 0.295397 0.153589 9.99912E-05 0.534889
9.99825E-05 0.131946 0.212917 9.99825E-05 0.654937
0.0292471 0.33242 0.0666049 9.99912E-05 0.571628
9.99825E-05 0.323421 0.218384 9.99825E-05 0.457995
9.99737E-05 0.354728 9.99737E-05 9.99737E-05 0.644973
9.99824E-05 0.356207 0.0584278 9.99824E-05 0.585166
9.99737E-05 0.52793 9.99737E-05 9.99737E-05 0.47177
9.99824E-05 0.111298 0.419874 9.99824E-05 0.468628
0.051457 0.355392 9.99825E-05 9.99825E-05 0.592951
9.99824E-05 0.43139 0.0973583 9.99824E-05 0.471052
9.99825E-05 0.324722 0.0582215 9.99825E-05 0.616856
0.0147196 0.398945 0.0327122 9.99912E-05 0.553524
0.0176331 0.409437 0.0283915 9.99912E-05 0.544439
9.99824E-05 0.396625 9.99824E-05 0.0318327 0.571342
9.99737E-05 0.477994 9.99737E-05 9.99737E-05 0.521706
9.99737E-05 0.535826 9.99737E-05 9.99737E-05 0.463874
9.99824E-05 0.220481 0.272508 9.99824E-05 0.50681
9.99824E-05 0.424053 0.0434832 9.99824E-05 0.532263
0.0384166 0.483507 9.99824E-05 9.99824E-05 0.477877
9.997E-05 9.997E-05 9.997E-05 9.997E-05 0.9996
9.997E-05 9.997E-05 9.997E-05 9.997E-05 0.9996
9.997E-05 9.997E-05 9.997E-05 9.997E-05 0.9996
9.997E-05 9.997E-05 9.997E-05 9.997E-05 0.9996
9.997E-05 9.997E-05 9.997E-05 9.997E-05 0.9996
9.997E-05 9.997E-05 9.997E-05 9.997E-05 0.9996
9.997E-05 9.997E-05 9.997E-05 9.997E-05 0.9996
9.997E-05 9.997E-05 9.997E-05 9.997E-05 0.9996
9.997E-05 9.997E-05 9.997E-05 9.997E-05 0.9996
9.997E-05 9.997E-05 9.997E-05 9.997E-05 0.9996
9.997E-05 9.997E-05 9.997E-05 9.997E-05 0.9996
9.997E-05 9.997E-05 9.997E-05 9.997E-05 0.9996
9.997E-05 9.997E-05 9.997E-05 9.997E-05 0.9996
9.997E-05 9.997E-05 9.997E-05 9.997E-05 0.9996
9.997E-05 9.997E-05 9.997E-05 9.997E-05 0.9996
9.997E-05 9.997E-05 9.997E-05 9.997E-05 0.9996
9.997E-05 9.997E-05 9.997E-05 9.997E-05 0.9996
9.997E-05 9.997E-05 9.997E-05 9.997E-05 0.9996
9.997E-05 9.997E-05 9.997E-05 9.997E-05 0.9996
9.997E-05 9.997E-05 9.997E-05 9.997E-05 0.9996
9.997E-05 9.997E-05 9.997E-05 9.997E-05 0.9996
9.997E-05 9.997E-05 9.997E-05 9.997E-05 0.9996
9.997E-05 9.997E-05 9.997E-05 9.997E-05 0.9996
9.997E-05 9.997E-05 9.997E-05 9.997E-05 0.9996
9.997E-05 9.997E-05 9.997E-05 9.997E-05 0.9996
9.997E-05 9.997E-05 9.997E-05 9.997E-05 0.9996
9.997E-05 9.997E-05 9.997E-05 9.997E-05 0.9996
9.997E-05 9.997E-05 9.997E-05 9.997E-05 0.9996
9.997E-05 9.997E-05 9.997E-05 9.997E-05 0.9996
9.997E-05 9.997E-05 9.997E-05 9.997E-05 0.9996
9.997E-05 9.997E-05 9.997E-05 9.997E-05 0.9996
9.997E-05 9.997E-05 9.997E-05 9.997E-05 0.9996
9.997E-05 9.997E-05 9.997E-05 9.997E-05 0.9996
9.997E-05 9.997E-05 9.997E-05 9.997E-05 0.9996
9.997E-05 9.997E-05 9.997E-05 9.997E-05 0.9996
9.997E-05 9.997E-05 9.997E-05 9.997E-05 0.9996
9.997E-05 9.997E-05 9.997E-05 9.997E-05 0.9996
9.997E-05 9.997E-05 9.997E-05 9.997E-05 0.9996
9.997E-05 9.997E-05 9.997E-05 9.997E-05 0.9996
9.997E-05 9.997E-05 9.997E-05 9.997E-05 0.9996
9.997E-05 9.997E-05 9.997E-05 9.997E-05 0.9996
9.997E-05 9.997E-05 9.997E-05 9.997E-05 0.9996
9.997E-05 9.997E-05 9.997E-05 9.997E-05 0.9996
9.997E-05 9.997E-05 9.997E-05 9.997E-05 0.9996
9.997E-05 9.997E-05 9.997E-05 9.997E-05 0.9996
9.997E-05 9.997E-05 9.997E-05 9.997E-05 0.9996
9.997E-05 9.997E-05 9.997E-05 9.997E-05 0.9996
9.997E-05 9.997E-05 9.997E-05 9.997E-05 0.9996
9.997E-05 9.997E-05 9.997E-05 9.997E-05 0.9996
9.997E-05 9.997E-05 9.997E-05 9.997E-05 0.9996
9.997E-05 9.997E-05 9.997E-05 9.997E-05 0.9996
9.997E-05 9.997E-05 9.997E-05 9.997E-05 0.9996
9.997E-05 9.997E-05 9.997E-05 9.997E-05 0.9996
9.997E-05 9.997E-05 9.997E-05 9.997E-05 0.9996
9.997E-05 9.997E-05 9.997E-05 9.997E-05 0.9996
9.997E-05 9.997E-05 9.997E-05 9.997E-05 0.9996
9.997E-05 9.997E-05 9.997E-05 9.997E-05 0.9996
9.997E-05 9.997E-05 9.997E-05 9.997E-05 0.9996
9.997E-05 9.997E-05 9.997E-05 9.997E-05 0.9996
9.997E-05 9.997E-05 9.997E-05 9.997E-05 0.9996
9.997E-05 9.997E-05 9.997E-05 9.997E-05 0.9996
9.997E-05 9.997E-05 9.997E-05 9.997E-05 0.9996
9.997E-05 9.997E-05 9.997E-05 9.997E-05 0.9996
9.997E-05 9.997E-05 9.997E-05 9.997E-05 0.9996
9.997E-05 9.997E-05 9.997E-05 9.997E-05 0.9996
9.997E-05 9.997E-05 9.997E-05 9.997E-05 0.9996
9.997E-05 9.997E-05 9.997E-05 9.997E-05 0.9996
9.997E-05 9.997E-05 9.997E-05 9.997E-05 0.9996
9.997E-05 9.997E-05 9.997E-05 9.997E-05 0.9996
9.997E-05 9.997E-05 9.997E-05 9.997E-05 0.9996
9.997E-05 9.997E-05 9.997E-05 9.997E-05 0.9996
9.997E-05 9.997E-05 9.997E-05 9.997E-05 0.9996
9.997E-05 9.997E-05 9.997E-05 9.997E-05 0.9996
9.997E-05 9.997E-05 9.997E-05 9.997E-05 0.9996
9.997E-05 9.997E-05 9.997E-05 9.997E-05 0.9996
9.997E-05 9.997E-05 9.997E-05 9.997E-05 0.9996
9.997E-05 9.997E-05 9.997E-05 9.997E-05 0.9996
9.997E-05 9.997E-05 9.997E-05 9.997E-05 0.9996
9.997E-05 9.997E-05 9.997E-05 9.997E-05 0.9996
9.997E-05 9.997E-05 9.997E-05 9.997E-05 0.9996
9.997E-05 9.997E-05 9.997E-05 9.997E-05 0.9996
9.997E-05 9.997E-05 9.997E-05 9.997E-05 0.9996
9.997E-05 9.997E-05 9.997E-05 9.997E-05 0.9996
9.997E-05 9.997E-05 9.997E-05 9.997E-05 0.9996
9.997E-05 9.997E-05 9.997E-05 9.997E-05 0.9996
9.997E-05 9.997E-05 9.997E-05 9.997E-05 0.9996
9.997E-05 9.997E-05 9.997E-05 9.997E-05 0.9996
9.997E-05 9.997E-05 9.997E-05 9.997E-05 0.9996
9.997E-05 9.997E-05 9.997E-05 9.997E-05 0.9996
9.997E-05 9.997E-05 9.997E-05 9.997E-05 0.9996
9.997E-05 9.997E-05 9.997E-05 9.997E-05 0.9996
9.997E-05 9.997E-05 9.997E-05 9.997E-05 0.9996
9.997E-05 9.997E-05 9.997E-05 9.997E-05 0.9996
9.997E-05 9.997E-05 9.997E-05 9.997E-05 0.9996
9.997E-05 9.997E-05 9.997E-05 9.997E-05 0.9996
9.997E-05 9.997E-05 9.997E-05 9.997E-05 0.9996
9.997E-05 9.997E-05 9.997E-05 9.997E-05 0.9996
9.997E-05 9.997E-05 9.997E-05 9.997E-05 0.9996
9.997E-05 9.997E-05 9.997E-05 9.997E-05 0.9996
9.997E-05 9.997E-05 9.997E-05 9.997E-05 0.9996
9.997E-05 9.997E-05 9.997E-05 9.997E-05 0.9996
9.997E-05 9.997E-05 9.997E-05 9.997E-05 0.9996
9.997E-05 9.997E-05 9.997E-05 9.997E-05 0.9996
9.997E-05 9.997E-05 9.997E-05 9.997E-05 0.9996
9.997E-05 9.997E-05 9.997E-05 9.997E-05 0.9996
9.997E-05 9.997E-05 9.997E-05 9.997E-05 0.9996
9.997E-05 9.997E-05 9.997E-05 9.997E-05 0.9996
9.997E-05 9.997E-05 9.997E-05 9.997E-05 0.9996
9.997E-05 9.997E-05 9.997E-05 9.997E-05 0.9996
9.997E-05 9.997E-05 9.997E-05 9.997E-05 0.9996
9.997E-05 9.997E-05 9.997E-05 9.997E-05 0.9996
9.997E-05 9.997E-05 9.997E-05 9.997E-05 0.9996
9.997E-05 9.997E-05 9.997E-05 9.997E-05 0.9996
9.997E-05 9.997E-05 9.997E-05 9.997E-05 0.9996
9.997E-05 9.997E-05 9.997E-05 9.997E-05 0.9996
9.997E-05 9.997E-05 9.997E-05 9.997E-05 0.9996
9.997E-05 9.997E-05 9.997E-05 9.997E-05 0.9996
9.997E-05 9.997E-05 9.997E-05 9.997E-05 0.9996
9.997E-05 9.997E-05 9.997E-05 9.997E-05 0.9996
9.997E-05 9.997E-05 9.997E-05 9.997E-05 0.9996
9.997E-05 9.997E-05 9.997E-05 9.997E-05 0.9996
9.997E-05 9.997E-05 9.997E-05 9.997E-05 0.9996
9.997E-05 9.997E-05 9.997E-05 9.997E-05 0.9996
9.997E-05 9.997E-05 9.997E-05 9.997E-05 0.9996
9.997E-05 9.997E-05 9.997E-05 9.997E-05 0.9996
9.997E-05 9.997E-05 9.997E-05 9.997E-05 0.9996
9.997E-05 9.997E-05 9.997E-05 9.997E-05 0.9996
9.997E-05 9.997E-05 9.997E-05 9.997E-05 0.9996
9.997E-05 9.997E-05 9.997E-05 9.997E-05 0.9996
9.997E-05 9.997E-05 9.997E-05 9.997E-05 0.9996
9.99736E-05 9.99736E-05 9.99736E-05 0.155792 0.843908
9.99736E-05 9.99736E-05 9.99736E-05 0.0916011 0.908099
9.99736E-05 9.99736E-05 9.99736E-05 0.104782 0.894918
9.99736E-05 9.99736E-05 9.99736E-05 0.0968855 0.902815
9.99736E-05 9.99736E-05 9.99736E-05 0.154766 0.844934
9.99736E-05 9.99736E-05 9.99736E-05 0.200704 0.798996
9.99737E-05 9.99737E-05 9.99737E-05 0.123128 0.876573
9.99737E-05 9.99737E-05 9.99737E-05 0.11292 0.88678
9.99736E-05 9.99736E-05 9.99736E-05 0.154702 0.844998
9.99736E-05 9.99736E-05 9.99736E-05 0.178142 0.821558
9.99736E-05 9.99736E-05 9.99736E-05 0.175596 0.824104
9.99737E-05 9.99737E-05 9.99737E-05 0.049479 0.950221
9.99736E-05 9.99736E-05 9.99736E-05 0.107102 0.892598
9.99736E-05 9.99736E-05 9.99736E-05 0.102055 0.897645
9.99736E-05 9.99736E-05 9.99736E-05 0.0364797 0.96322
9.99736E-05 9.99736E-05 9.99736E-05 0.153672 0.846028
9.99737E-05 9.99737E-05 9.99737E-05 0.257312 0.742388
9.99736E-05 9.99736E-05 9.99736E-05 0.100737 0.898963
9.99736E-05 9.99736E-05 9.99736E-05 0.229963 0.769737
9.99824E-05 9.99824E-05 0.0468183 0.0255902 0.927392
9.99824E-05 0.0271145 9.99824E-05 0.169316 0.803369
9.99736E-05 9.99736E-05 9.99736E-05 0.202038 0.797663
9.997E-05 9.997E-05 9.997E-05 9.997E-05 0.9996
9.99736E-05 9.99736E-05 9.99736E-05 0.22557 0.77413
9.99736E-05 9.99736E-05 9.99736E-05 0.13437 0.86533
9.99824E-05 9.99824E-05 0.109739 0.160587 0.729474
9.99736E-05 9.99736E-05 9.99736E-05 0.129761 0.869939
9.99824E-05 9.99824E-05 0.154597 0.30071 0.544494
9.99912E-05 0.00104693 0.021562 0.110002 0.867289
9.99824E-05 9.99824E-05 0.0408647 0.349797 0.609138
9.99737E-05 9.99737E-05 9.99737E-05 0.473094 0.526606
9.99824E-05 9.99824E-05 0.0389866 0.393974 0.56684
9.99825E-05 9.99825E-05 0.103701 0.320307 0.575792
9.99736E-05 9.99736E-05 9.99736E-05 0.373507 0.626193
9.99737E-05 9.99737E-05 9.99737E-05 0.198536 0.801164
9.99824E-05 9.99824E-05 0.0297264 0.0854839 0.88459
9.99737E-05 9.99737E-05 9.99737E-05 0.545931 0.453769
9.99736E-05 9.99736E-05 9.99736E-05 0.425154 0.574546
9.99736E-05 9.99736E-05 9.99736E-05 0.416758 0.582942
9.99736E-05 9.99736E-05 9.99736E-05 0.562245 0.437455
9.99912E-05 0.0869384 0.0594141 0.113406 0.740141
9.99736E-05 9.99736E-05 9.99736E-05 0.193482 0.806218
9.99736E-05 9.99736E-05 9.99736E-05 0.195048 0.804652
9.99737E-05 9.99737E-05 9.99737E-05 0.049951 0.949749
9.99736E-05 9.99736E-05 9.99736E-05 0.206132 0.793568
9.99736E-05 9.99736E-05 9.99736E-05 0.245464 0.754237
9.99736E-05 9.99736E-05 9.99736E-05 0.343268 0.656433
9.99736E-05 9.99736E-05 9.99736E-05 0.235893 0.763807
9.99824E-05 0.0743501 9.99824E-05 0.212003 0.713447
9.99824E-05 0.0739105 9.99824E-05 0.252628 0.673261
9.99736E-05 9.99736E-05 9.99736E-05 0.277915 0.721786
9.99736E-05 9.99736E-05 9.99736E-05 0.397328 0.602372
9.99737E-05 9.99737E-05 9.99737E-05 0.272996 0.726704
9.99736E-05 9.99736E-05 9.99736E-05 0.270073 0.729627
9.99736E-05 9.99736E-05 9.99736E-05 0.267956 0.731744
9.99736E-05 9.99736E-05 9.99736E-05 0.552648 0.447052
9.99736E-05 9.99736E-05 9.99736E-05 0.211334 0.788366
9.99736E-05 0.207139 9.99736E-05 9.99736E-05 0.792561
9.99824E-05 0.0218914 9.99824E-05 0.343639 0.63427
9.99824E-05 0.0252388 9.99824E-05 0.359161 0.6154
9.99824E-05 0.119606 9.99824E-05 0.0296946 0.850499
9.99824E-05 0.0478679 9.99824E-05 0.379233 0.572699
9.99736E-05 9.99736E-05 9.99736E-05 0.212375 0.787325
9.99824E-05 0.00170595 9.99824E-05 0.391894 0.6062
9.99737E-05 9.99737E-05 9.99737E-05 0.405639 0.594061
9.99736E-05 9.99736E-05 9.99736E-05 0.223722 0.775978
9.99824E-05 0.0153855 9.99824E-05 0.345305 0.63911
9.99736E-05 0.153285 9.99736E-05 9.99736E-05 0.846415
9.99824E-05 0.0653596 0.0122232 9.99824E-05 0.922217
9.99736E-05 9.99736E-05 9.99736E-05 0.188869 0.810831
9.99736E-05 9.99736E-05 9.99736E-05 0.29531 0.70439
9.99824E-05 0.0966436 0.0396858 9.99824E-05 0.863471
9.99736E-05 9.99736E-05 9.99736E-05 0.384144 0.615556
9.99736E-05 9.99736E-05 9.99736E-05 0.390666 0.609034
9.99824E-05 0.0262943 9.99824E-05 0.34166 0.631845
9.99824E-05 0.0206679 9.99824E-05 0.344211 0.634921
9.99824E-05 0.0153855 9.99824E-05 0.345305 0.63911
9.99736E-05 9.99736E-05 9.99736E-05 0.145957 0.853743
9.99736E-05 9.99736E-05 9.99736E-05 0.223822 0.775878
9.99736E-05 9.99736E-05 9.99736E-05 0.563983 0.435717
9.99824E-05 0.0203184 9.99824E-05 0.331597 0.647885
9.99824E-05 0.166295 0.0353893 9.99824E-05 0.798116
9.99736E-05 9.99736E-05 9.99736E-05 0.206707 0.792993
9.99824E-05 0.012721 9.99824E-05 0.305197 0.681882
9.99736E-05 9.99736E-05 9.99736E-05 0.225279 0.774421
9.99736E-05 9.99736E-05 9.99736E-05 0.421495 0.578205
9.99824E-05 0.0630405 9.99824E-05 0.26777 0.668989
9.99912E-05 0.0981378 0.0219612 0.312354 0.567448
9.99736E-05 0.116778 9.99736E-05 9.99736E-05 0.882922
9.99736E-05 9.99736E-05 9.99736E-05 0.287915 0.711785
9.99825E-05 9.99825E-05 0.116942 0.283048 0.59981
9.99912E-05 0.064405 0.0755647 0.227315 0.632616
9.99736E-05 9.99736E-05 9.99736E-05 0.212138 0.787562
9.99736E-05 9.99736E-05 9.99736E-05 0.272425 0.727275
9.99737E-05 9.99737E-05 9.99737E-05 0.309093 0.690608
9.99736E-05 9.99736E-05 9.99736E-05 0.232295 0.767406
9.99736E-05 9.99736E-05 9.99736E-05 0.31078 0.68892
9.99824E-05 0.214208 9.99824E-05 0.189572 0.59602
9.99912E-05 0.0290788 0.0770598 0.0331803 0.860581
9.99736E-05 9.99736E-05 9.99736E-05 0.159854 0.839846
9.99824E-05 0.00493053 9.99824E-05 0.29992 0.69495
9.99824E-05 9.99824E-05 0.0372103 0.342508 0.620082
9.99824E-05 9.99824E-05 0.0093264 0.12445 0.866024
9.99736E-05 9.99736E-05 9.99736E-05 0.1354 0.8643
9.99912E-05 0.0019003 0.0258384 0.0484089 0.923752
9.99824E-05 9.99824E-05 0.0691694 0.212165 0.718465
9.99912E-05 0.0110093 0.0303713 0.0638882 0.894631
9.99737E-05 9.99737E-05 9.99737E-05 0.212133 0.787567
9.99824E-05 9.99824E-05 0.0206772 0.327975 0.651148
9.99736E-05 9.99736E-05 9.99736E-05 0.292514 0.707186
9.99824E-05 9.99824E-05 0.0634174 0.122604 0.813779
9.99737E-05 9.99737E-05 9.99737E-05 0.504526 0.495174
9.99736E-05 9.99736E-05 9.99736E-05 0.237918 0.761782
9.99736E-05 9.99736E-05 9.99736E-05 0.189844 0.809856
9.99736E-05 9.99736E-05 9.99736E-05 0.302597 0.697103
9.99912E-05 0.0549272 0.0932084 0.195483 0.656282
9.99824E-05 0.0288788 9.99824E-05 0.2078 0.763121
9.99737E-05 9.99737E-05 9.99737E-05 0.185756 0.813944
9.99736E-05 9.99736E-05 9.99736E-05 0.3791 0.6206
9.99736E-05 9.99736E-05 9.99736E-05 0.216752 0.782948
9.99912E-05 0.0315205 0.139406 0.227887 0.601086
9.99824E-05 9.99824E-05 0.0166043 0.253703 0.729493
9.99736E-05 9.99736E-05 9.99736E-05 0.322662 0.677038
9.99736E-05 9.99736E-05 9.99736E-05 0.299564 0.700136
9.99825E-05 9.99825E-05 0.152677 0.225138 0.621985
9.99736E-05 9.99736E-05 9.99736E-05 0.18965 0.81005
9.99736E-05 9.99736E-05 9.99736E-05 0.22059 0.77911
9.99825E-05 9.99825E-05 0.0500544 0.0259308 0.923815
9.99824E-05 9.99824E-05 0.0263601 0.123101 0.850339
9.99737E-05 9.99737E-05 9.99737E-05 0.137469 0.862231
9.99736E-05 9.99736E-05 9.99736E-05 0.0831712 0.916529
9.99824E-05 9.99824E-05 0.0870783 0.209527 0.703195
9.99737E-05 9.99737E-05 9.99737E-05 0.356568 0.643132
9.997E-05 9.997E-05 9.997E-05 9.997E-05 0.9996
9.99737E-05 9.99737E-05 9.99737E-05 0.237973 0.761727
9.99737E-05 9.99737E-05 9.99737E-05 0.0736965 0.926004
9.99736E-05 9.99736E-05 9.99736E-05 0.349359 0.650341
9.99736E-05 9.99736E-05 9.99736E-05 0.232214 0.767486
9.99737E-05 0.0494715 9.99737E-05 9.99737E-05 0.950229
9.99737E-05 9.99737E-05 9.99737E-05 0.18766 0.812041
9.99736E-05 9.99736E-05 9.99736E-05 0.410692 0.589008
9.99736E-05 9.99736E-05 9.99736E-05 0.257986 0.741714
9.99824E-05 9.99824E-05 0.0228466 0.217866 0.759087
9.99824E-05 0.147344 9.99824E-05 0.339557 0.5129
9.99736E-05 9.99736E-05 9.99736E-05 0.18522 0.81448
9.99824E-05 9.99824E-05 0.00185699 0.173585 0.824358
9.99824E-05 0.0351881 9.99824E-05 0.219121 0.745491
9.99824E-05 9.99824E-05 0.0126424 0.303316 0.683841
9.99736E-05 9.99736E-05 9.99736E-05 0.367647 0.632053
9.99736E-05 9.99736E-05 9.99736E-05 0.36857 0.63113
9.99736E-05 9.99736E-05 9.99736E-05 0.153373 0.846328
9.99824E-05 9.99824E-05 0.0241178 0.292644 0.683038
9.99736E-05 9.99736E-05 9.99736E-05 0.190526 0.809174
9.99736E-05 9.99736E-05 9.99736E-05 0.254401 0.745299
9.99736E-05 9.99736E-05 9.99736E-05 0.309017 0.690683
9.99737E-05 9.99737E-05 9.99737E-05 0.124731 0.874969
9.99824E-05 9.99824E-05 0.0586241 0.332261 0.608915
9.99824E-05 0.0389011 9.99824E-05 0.0874958 0.873403
9.99824E-05 0.0392769 9.99824E-05 0.133804 0.826719
9.99737E-05 9.99737E-05 9.99737E-05 0.555617 0.444083
9.99736E-05 9.99736E-05 9.99736E-05 0.772244 0.227456
9.99736E-05 9.99736E-05 9.99736E-05 0.101828 0.897872
9.99736E-05 9.99736E-05 9.99736E-05 0.28662 0.71308
9.99736E-05 9.99736E-05 9.99736E-05 0.717223 0.282477
9.99736E-05 9.99736E-05 9.99736E-05 0.197248 0.802452
9.99736E-05 9.99736E-05 9.99736E-05 0.0581592 0.941541
9.99736E-05 9.99736E-05 9.99736E-05 0.338383 0.661317
9.99736E-05 9.99736E-05 9.99736E-05 0.0906112 0.909089
9.99736E-05 9.99736E-05 9.99736E-05 0.475192 0.524508
9.99736E-05 9.99736E-05 9.99736E-05 0.340335 0.659365
9.99736E-05 9.99736E-05 9.99736E-05 0.315404 0.684296
9.99736E-05 9.99736E-05 9.99736E-05 0.0836977 0.916002
9.99736E-05 9.99736E-05 9.99736E-05 0.474018 0.525682
9.99736E-05 9.99736E-05 9.99736E-05 0.625567 0.374133
9.99736E-05 9.99736E-05 9.99736E-05 0.394318 0.605382
9.99736E-05 9.99736E-05 9.99736E-05 0.307627 0.692074
9.99736E-05 9.99736E-05 9.99736E-05 0.227154 0.772546
9.99736E-05 9.99736E-05 9.99736E-05 0.227709 0.771991
9.99736E-05 9.99736E-05 9.99736E-05 0.585767 0.413933
9.99736E-05 9.99736E-05 9.99736E-05 0.478237 0.521463
9.99736E-05 9.99736E-05 9.99736E-05 0.269308 0.730392
9.99736E-05 9.99736E-05 9.99736E-05 0.36375 0.63595
9.99736E-05 9.99736E-05 9.99736E-05 0.291913 0.707787
9.99736E-05 9.99736E-05 9.99736E-05 0.338815 0.660885
9.99736E-05 9.99736E-05 9.99736E-05 0.196867 0.802833
9.99736E-05 9.99736E-05 9.99736E-05 0.182425 0.817276
9.99736E-05 9.99736E-05 9.99736E-05 0.366427 0.633273
9.99736E-05 9.99736E-05 9.99736E-05 0.206581 0.793119
9.99824E-05 9.99824E-05 0.025721 0.37142 0.602659
9.99825E-05 9.99825E-05 0.0115377 0.231019 0.757244
9.99736E-05 9.99736E-05 9.99736E-05 0.396524 0.603176
9.99736E-05 9.99736E-05 9.99736E-05 0.233509 0.766191
9.99736E-05 9.99736E-05 9.99736E-05 0.344139 0.655561
9.99824E-05 0.0502104 9.99824E-05 0.238657 0.710933
9.99824E-05 9.99824E-05 0.175445 0.235289 0.589067
9.99736E-05 9.99736E-05 9.99736E-05 0.344665 0.655035
9.99737E-05 9.99737E-05 9.99737E-05 0.318621 0.681079
9.99736E-05 9.99736E-05 9.99736E-05 0.219144 0.780556
9.99736E-05 9.99736E-05 9.99736E-05 0.242774 0.756926
9.99824E-05 0.0931776 9.99824E-05 0.206297 0.700325
9.99736E-05 9.99736E-05 9.99736E-05 0.27868 0.72102
9.99824E-05 9.99824E-05 0.029561 0.310155 0.660084
9.99736E-05 9.99736E-05 9.99736E-05 0.172162 0.827538
9.99736E-05 9.99736E-05 9.99736E-05 0.412662 0.587038
9.99737E-05 9.99737E-05 9.99737E-05 0.381204 0.618496
9.99824E-05 9.99824E-05 0.0158962 0.39336 0.590543
9.99737E-05 9.99737E-05 9.99737E-05 0.236543 0.763157
9.99736E-05 9.99736E-05 9.99736E-05 0.268163 0.731538
9.99824E-05 9.99824E-05 0.149412 0.200487 0.649901
9.99736E-05 9.99736E-05 9.99736E-05 0.0936492 0.906051
9.99824E-05 9.99824E-05 0.132779 0.262345 0.604676
9.99824E-05 9.99824E-05 0.0436662 0.300829 0.655305
