0.0716193 9.98683E-05 9.98683E-05 9.98683E-05 9.98683E-05 0.0624708 9.98683E-05 9.98683E-05 0.17197 0.05301 9.98683E-05 9.98683E-05 9.98683E-05 9.98683E-05 0.229252 9.98683E-05 9.98683E-05 0.027488 9.98683E-05 0.382692 9.98683E-05 9.98683E-05
9.98595E-05 9.98595E-05 9.98595E-05 9.98595E-05 0.0506389 0.0525835 9.98595E-05 9.98595E-05 9.98595E-05 0.0219644 9.98595E-05 9.98595E-05 9.98595E-05 9.98595E-05 0.143176 0.0582728 9.98595E-05 9.98595E-05 9.98595E-05 0.671767 9.98595E-05 9.98595E-05
9.98419E-05 9.98419E-05 0.0518523 9.98419E-05 9.98419E-05 9.98419E-05 9.98419E-05 9.98419E-05 9.98419E-05 9.98419E-05 0.0750674 9.98419E-05 9.98419E-05 9.98419E-05 9.98419E-05 9.98419E-05 9.98419E-05 0.0139682 9.98419E-05 0.857315 9.98419E-05 9.98419E-05
0.01914 0.210271 9.98947E-05 0.0189387 0.0230881 9.98947E-05 9.98947E-05 9.98947E-05 0.131981 0.0316826 0.131605 9.98947E-05 0.015766 9.98947E-05 9.98947E-05 9.98947E-05 9.98947E-05 9.98947E-05 9.98947E-05 0.27984 0.136489 9.98947E-05
9.98684E-05 9.98684E-05 0.0166397 0.00530647 9.98684E-05 0.00735164 9.98684E-05 9.98684E-05 9.98684E-05 9.98684E-05 9.98684E-05 9.98684E-05 0.0669463 9.98684E-05 9.98684E-05 0.00626486 9.98684E-05 9.98684E-05 9.98684E-05 0.852276 0.0437173 9.98684E-05
0.000118979 9.9886E-05 0.0205128 0.141295 9.9886E-05 0.00530063 9.9886E-05 9.9886E-05 0.0111472 9.9886E-05 0.0658898 9.9886E-05 0.221118 9.9886E-05 0.323101 9.9886E-05 9.9886E-05 9.9886E-05 9.9886E-05 0.210217 9.9886E-05 9.9886E-05
9.98773E-05 0.114741 9.98773E-05 9.98773E-05 9.98773E-05 0.112293 9.98773E-05 9.98773E-05 0.120076 0.137429 9.98773E-05 9.98773E-05 0.050097 9.98773E-05 9.98773E-05 9.98773E-05 9.98773E-05 0.0734814 0.0880801 0.302404 9.98773E-05 9.98773E-05
9.98948E-05 9.98948E-05 0.107831 0.19865 9.98948E-05 9.98948E-05 0.0540125 9.98948E-05 0.108216 0.0418565 9.98948E-05 9.98948E-05 0.0680544 9.98948E-05 0.0922934 9.98948E-05 0.0689928 9.98948E-05 9.98948E-05 0.189799 0.0690957 9.98948E-05
0.243263 9.98772E-05 9.98772E-05 0.248112 0.0267989 0.0169028 9.98772E-05 9.98772E-05 9.98772E-05 9.98772E-05 0.00325973 9.98772E-05 9.98772E-05 9.98772E-05 9.98772E-05 9.98772E-05 9.98772E-05 0.181253 9.98772E-05 0.254992 0.0240186 9.98772E-05
0.176024 9.98246E-05 9.98246E-05 9.98246E-05 9.98246E-05 9.98246E-05 9.98246E-05 9.98246E-05 9.98246E-05 9.98246E-05 9.98246E-05 9.98246E-05 9.98246E-05 9.98246E-05 9.98246E-05 9.98246E-05 9.98246E-05 9.98246E-05 9.98246E-05 0.821979 9.98246E-05 9.98246E-05
0.170178 0.0073184 9.98683E-05 0.0532732 9.98683E-05 9.98683E-05 9.98683E-05 9.98683E-05 0.0935324 0.110973 9.98683E-05 9.98683E-05 9.98683E-05 9.98683E-05 0.0545903 9.98683E-05 9.98683E-05 9.98683E-05 9.98683E-05 0.508637 9.98683E-05 9.98683E-05
9.98508E-05 9.98508E-05 9.98508E-05 9.98508E-05 9.98508E-05 9.98508E-05 0.0330662 9.98508E-05 9.98508E-05 0.0334275 9.98508E-05 9.98508E-05 0.0510546 9.98508E-05 9.98508E-05 9.98508E-05 9.98508E-05 9.98508E-05 9.98508E-05 0.872491 0.00826304 9.98508E-05
0.072134 9.98509E-05 9.98509E-05 9.98509E-05 9.98509E-05 9.98509E-05 9.98509E-05 9.98509E-05 0.0773194 9.98509E-05 9.98509E-05 0.0119955 9.98509E-05 9.98509E-05 9.98509E-05 9.98509E-05 9.98509E-05 9.98509E-05 9.98509E-05 0.805726 0.0311272 9.98509E-05
0.0317007 9.98685E-05 0.135157 9.98685E-05 9.98685E-05 9.98685E-05 9.98685E-05 9.98685E-05 0.0184377 0.00238976 0.035048 0.170933 9.98685E-05 9.98685E-05 9.98685E-05 9.98685E-05 9.98685E-05 9.98685E-05 9.98685E-05 0.604836 9.98685E-05 9.98685E-05
0.149484 9.9886E-05 9.9886E-05 0.149748 9.9886E-05 9.9886E-05 9.9886E-05 0.0131265 0.0410838 9.9886E-05 0.105627 9.9886E-05 9.9886E-05 0.0775078 0.209279 9.9886E-05 9.9886E-05 9.9886E-05 9.9886E-05 0.238863 9.9886E-05 0.0139812
0.0882423 0.0513432 9.98771E-05 0.176095 9.98771E-05 9.98771E-05 0.169491 9.98771E-05 0.138544 9.98771E-05 0.00405853 9.98771E-05 9.98771E-05 9.98771E-05 0.208998 9.98771E-05 9.98771E-05 9.98771E-05 9.98771E-05 0.16183 9.98771E-05 9.98771E-05
0.0487162 9.98772E-05 9.98772E-05 9.98772E-05 9.98772E-05 0.0864759 9.98772E-05 0.00880068 0.0342168 0.094282 9.98772E-05 9.98772E-05 9.98772E-05 9.98772E-05 9.98772E-05 9.98772E-05 0.00571339 9.98772E-05 9.98772E-05 0.555185 9.98772E-05 0.165212
0.111567 9.98773E-05 9.98773E-05 0.0551956 0.080454 9.98773E-05 9.98773E-05 9.98773E-05 0.166534 9.98773E-05 0.0587742 9.98773E-05 9.98773E-05 9.98773E-05 0.244932 9.98773E-05 0.143436 9.98773E-05 9.98773E-05 0.137709 9.98773E-05 9.98773E-05
0.206097 9.98683E-05 9.98683E-05 0.122674 9.98683E-05 9.98683E-05 9.98683E-05 0.0745119 0.216119 9.98683E-05 9.98683E-05 9.98683E-05 0.14825 0.00202347 9.98683E-05 9.98683E-05 9.98683E-05 9.98683E-05 9.98683E-05 0.228827 9.98683E-05 9.98683E-05
9.98245E-05 9.98245E-05 9.98245E-05 9.98245E-05 0.0263002 9.98245E-05 9.98245E-05 9.98245E-05 9.98245E-05 9.98245E-05 9.98245E-05 9.98245E-05 9.98245E-05 9.98245E-05 9.98245E-05 9.98245E-05 9.98245E-05 9.98245E-05 9.98245E-05 0.971703 9.98245E-05 9.98245E-05
9.98772E-05 9.98772E-05 9.98772E-05 0.0929544 9.98772E-05 9.98772E-05 0.093598 9.98772E-05 0.0390038 0.0399869 9.98772E-05 9.98772E-05 9.98772E-05 0.00567554 9.98772E-05 9.98772E-05 9.98772E-05 0.0049793 9.98772E-05 0.484019 0.238385 9.98772E-05
9.98772E-05 9.98772E-05 0.0667628 0.144263 9.98772E-05 9.98772E-05 9.98772E-05 0.0391043 0.295005 9.98772E-05 0.0360829 9.98772E-05 0.0906865 9.98772E-05 9.98772E-05 0.0681505 9.98772E-05 9.98772E-05 9.98772E-05 0.258547 9.98772E-05 9.98772E-05
0.116471 9.98509E-05 9.98509E-05 9.98509E-05 9.98509E-05 9.98509E-05 9.98509E-05 9.98509E-05 9.98509E-05 0.0411011 0.0408725 9.98509E-05 9.98509E-05 9.98509E-05 0.260045 9.98509E-05 9.98509E-05 9.98509E-05 9.98509E-05 0.539813 9.98509E-05 9.98509E-05
0.171349 9.98508E-05 9.98508E-05 9.98508E-05 9.98508E-05 9.98508E-05 9.98508E-05 9.98508E-05 0.313856 9.98508E-05 9.98508E-05 9.98508E-05 9.98508E-05 9.98508E-05 0.0428103 9.98508E-05 9.98508E-05 0.123807 9.98508E-05 0.34648 9.98508E-05 9.98508E-05
0.2535 9.98771E-05 9.98771E-05 9.98771E-05 0.0879271 9.98771E-05 9.98771E-05 0.103697 0.132615 0.014694 0.115389 9.98771E-05 9.98771E-05 0.0147041 9.98771E-05 9.98771E-05 9.98771E-05 9.98771E-05 9.98771E-05 0.276075 9.98771E-05 9.98771E-05
0.114613 0.0438148 0.00750636 0.0178298 9.98947E-05 9.98947E-05 9.98947E-05 9.98947E-05 0.0970316 9.98947E-05 0.112983 9.98947E-05 0.00295528 9.98947E-05 0.0627535 0.0015122 9.98947E-05 9.98947E-05 9.98947E-05 0.537802 9.98947E-05 9.98947E-05
0.0559659 9.98596E-05 9.98596E-05 9.98596E-05 9.98596E-05 9.98596E-05 0.00972316 9.98596E-05 0.223074 9.98596E-05 0.233067 9.98596E-05 9.98596E-05 9.98596E-05 9.98596E-05 0.299577 0.176995 9.98596E-05 9.98596E-05 9.98596E-05 9.98596E-05 9.98596E-05
0.128949 0.0488229 9.98597E-05 9.98597E-05 9.98597E-05 9.98597E-05 9.98597E-05 9.98597E-05 0.0570038 9.98597E-05 9.98597E-05 0.0990201 0.0372327 9.98597E-05 9.98597E-05 9.98597E-05 9.98597E-05 9.98597E-05 9.98597E-05 0.627373 9.98597E-05 9.98597E-05
0.194254 9.98685E-05 9.98685E-05 9.98685E-05 9.98685E-05 9.98685E-05 9.98685E-05 9.98685E-05 9.98685E-05 0.054635 0.00234683 9.98685E-05 9.98685E-05 9.98685E-05 0.0764618 0.127947 9.98685E-05 0.00258185 9.98685E-05 0.540275 9.98685E-05 9.98685E-05
0.0750186 9.98421E-05 9.98421E-05 0.0290263 9.98421E-05 9.98421E-05 9.98421E-05 9.98421E-05 9.98421E-05 9.98421E-05 9.98421E-05 9.98421E-05 9.98421E-05 9.98421E-05 9.98421E-05 9.98421E-05 9.98421E-05 9.98421E-05 9.98421E-05 0.703054 9.98421E-05 0.191104
0.0410293 9.98859E-05 9.98859E-05 0.0141594 9.98859E-05 9.98859E-05 9.98859E-05 0.0670553 0.00487139 0.100531 9.98859E-05 9.98859E-05 0.0138426 9.98859E-05 0.0853724 0.0424524 9.98859E-05 9.98859E-05 9.98859E-05 0.629388 9.98859E-05 9.98859E-05
0.0660604 0.0301869 9.9886E-05 9.9886E-05 9.9886E-05 9.9886E-05 9.9886E-05 0.019887 0.0617072 0.0111128 0.238383 9.9886E-05 9.9886E-05 9.9886E-05 0.0509866 9.9886E-05 9.9886E-05 9.9886E-05 9.9886E-05 0.462156 0.0582214 9.9886E-05
0.0860696 9.98683E-05 9.98683E-05 9.98683E-05 9.98683E-05 9.98683E-05 0.0426997 9.98683E-05 0.1704 0.0780883 0.0696798 9.98683E-05 9.98683E-05 9.98683E-05 0.0506463 9.98683E-05 9.98683E-05 9.98683E-05 9.98683E-05 0.500919 9.98683E-05 9.98683E-05
0.0924297 0.0998679 0.00813452 9.98947E-05 9.98947E-05 9.98947E-05 9.98947E-05 9.98947E-05 0.16462 0.00784959 0.151673 0.0202326 9.98947E-05 9.98947E-05 9.98947E-05 9.98947E-05 0.00159393 0.0543489 9.98947E-05 0.398051 9.98947E-05 9.98947E-05
0.00897782 9.98597E-05 9.98597E-05 9.98597E-05 0.0265107 0.0303223 9.98597E-05 9.98597E-05 9.98597E-05 0.0320975 9.98597E-05 9.98597E-05 9.98597E-05 9.98597E-05 9.98597E-05 0.076317 9.98597E-05 9.98597E-05 9.98597E-05 0.824177 9.98597E-05 9.98597E-05
0.0410545 0.19247 9.98684E-05 0.00407835 9.98684E-05 9.98684E-05 9.98684E-05 9.98684E-05 0.0670787 9.98684E-05 9.98684E-05 9.98684E-05 9.98684E-05 9.98684E-05 0.0173671 0.111816 9.98684E-05 9.98684E-05 9.98684E-05 0.564637 9.98684E-05 9.98684E-05
9.98422E-05 9.98422E-05 9.98422E-05 9.98422E-05 9.98422E-05 9.98422E-05 9.98422E-05 9.98422E-05 9.98422E-05 0.00432623 9.98422E-05 9.98422E-05 0.126247 9.98422E-05 9.98422E-05 9.98422E-05 9.98422E-05 9.98422E-05 0.0147744 0.852855 9.98422E-05 9.98422E-05
0.145617 9.9851E-05 9.9851E-05 0.123601 0.0746847 0.00966758 9.9851E-05 9.9851E-05 9.9851E-05 9.9851E-05 9.9851E-05 9.9851E-05 9.9851E-05 9.9851E-05 9.9851E-05 9.9851E-05 9.9851E-05 9.9851E-05 9.9851E-05 0.644732 9.9851E-05 9.9851E-05
0.0687381 9.98772E-05 0.109216 0.0415545 9.98772E-05 0.0654873 9.98772E-05 9.98772E-05 0.0857703 0.031386 9.98772E-05 9.98772E-05 9.98772E-05 9.98772E-05 9.98772E-05 9.98772E-05 9.98772E-05 9.98772E-05 9.98772E-05 0.421862 9.98772E-05 0.174588
0.21738 9.98684E-05 9.98684E-05 9.98684E-05 9.98684E-05 9.98684E-05 0.085612 9.98684E-05 0.050581 9.98684E-05 0.0666222 9.98684E-05 0.0228898 9.98684E-05 9.98684E-05 9.98684E-05 9.98684E-05 9.98684E-05 9.98684E-05 0.53229 9.98684E-05 0.0231267
9.98422E-05 9.98422E-05 9.98422E-05 9.98422E-05 9.98422E-05 9.98422E-05 9.98422E-05 9.98422E-05 0.0574998 9.98422E-05 9.98422E-05 9.98422E-05 0.078653 9.98422E-05 9.98422E-05 0.095817 9.98422E-05 9.98422E-05 9.98422E-05 0.766233 9.98422E-05 9.98422E-05
0.0263995 9.98509E-05 9.98509E-05 9.98509E-05 9.98509E-05 0.0756388 9.98509E-05 9.98509E-05 0.195574 9.98509E-05 9.98509E-05 9.98509E-05 9.98509E-05 9.98509E-05 9.98509E-05 0.135365 9.98509E-05 9.98509E-05 9.98509E-05 0.565325 9.98509E-05 9.98509E-05
9.98422E-05 9.98422E-05 9.98422E-05 9.98422E-05 9.98422E-05 9.98422E-05 9.98422E-05 9.98422E-05 9.98422E-05 9.98422E-05 9.98422E-05 9.98422E-05 0.0155159 9.98422E-05 9.98422E-05 0.0759193 9.98422E-05 9.98422E-05 9.98422E-05 0.801655 9.98422E-05 0.105112
0.21518 9.98684E-05 9.98684E-05 0.0614619 9.98684E-05 9.98684E-05 9.98684E-05 9.98684E-05 0.157857 0.0440762 9.98684E-05 9.98684E-05 9.98684E-05 9.98684E-05 0.131919 9.98684E-05 9.98684E-05 0.0582577 9.98684E-05 0.32975 9.98684E-05 9.98684E-05
0.147865 0.101126 0.118562 9.98685E-05 9.98685E-05 9.98685E-05 9.98685E-05 9.98685E-05 0.332393 0.0359989 9.98685E-05 9.98685E-05 0.053239 9.98685E-05 9.98685E-05 9.98685E-05 9.98685E-05 9.98685E-05 9.98685E-05 0.209318 9.98685E-05 9.98685E-05
0.0476799 9.9877E-05 9.9877E-05 9.9877E-05 0.0308177 9.9877E-05 9.9877E-05 9.9877E-05 0.0116967 9.9877E-05 9.9877E-05 9.9877E-05 0.0430691 0.0109514 9.9877E-05 9.9877E-05 0.0147299 9.9877E-05 9.9877E-05 0.826205 0.0134517 9.9877E-05
0.0953899 0.0409417 9.98509E-05 0.0304546 9.98509E-05 9.98509E-05 9.98509E-05 9.98509E-05 9.98509E-05 9.98509E-05 9.98509E-05 9.98509E-05 9.98509E-05 9.98509E-05 9.98509E-05 9.98509E-05 0.0337314 9.98509E-05 9.98509E-05 0.797785 9.98509E-05 9.98509E-05
0.0130037 9.98421E-05 9.98421E-05 9.98421E-05 9.98421E-05 9.98421E-05 9.98421E-05 0.0138055 9.98421E-05 9.98421E-05 9.98421E-05 9.98421E-05 9.98421E-05 9.98421E-05 0.0843462 9.98421E-05 9.98421E-05 9.98421E-05 9.98421E-05 0.887048 9.98421E-05 9.98421E-05
0.100499 0.00186181 9.98859E-05 9.98859E-05 9.98859E-05 9.98859E-05 9.98859E-05 9.98859E-05 0.127857 0.0113909 9.98859E-05 9.98859E-05 0.00314812 9.98859E-05 0.0237485 0.0409853 9.98859E-05 9.98859E-05 9.98859E-05 0.640414 0.0487964 9.98859E-05
9.98862E-05 9.98862E-05 0.0106185 0.0388386 0.0232736 9.98862E-05 9.98862E-05 0.00227884 0.0355972 0.0398585 9.98862E-05 9.98862E-05 9.98862E-05 0.0282838 9.98862E-05 9.98862E-05 9.98862E-05 9.98862E-05 0.0643412 0.755611 9.98862E-05 9.98862E-05
0.21656 0.0265184 9.98947E-05 0.0029899 0.00657507 9.98947E-05 9.98947E-05 9.98947E-05 9.98947E-05 0.122325 0.157251 9.98947E-05 9.98947E-05 9.98947E-05 9.98947E-05 0.127229 9.98947E-05 0.0191604 9.98947E-05 0.268126 0.0520662 9.98947E-05
9.98597E-05 0.0830272 0.10966 0.0155611 9.98597E-05 9.98597E-05 0.00550688 9.98597E-05 0.174337 9.98597E-05 9.98597E-05 9.98597E-05 9.98597E-05 9.98597E-05 9.98597E-05 9.98597E-05 9.98597E-05 9.98597E-05 9.98597E-05 0.61031 9.98597E-05 9.98597E-05
0.0250243 9.98509E-05 9.98509E-05 9.98509E-05 9.98509E-05 0.00345929 9.98509E-05 0.0105788 9.98509E-05 9.98509E-05 9.98509E-05 9.98509E-05 9.98509E-05 9.98509E-05 9.98509E-05 9.98509E-05 0.0499992 9.98509E-05 9.98509E-05 0.909241 9.98509E-05 9.98509E-05
0.0589986 9.9886E-05 0.0243 9.9886E-05 9.9886E-05 9.9886E-05 0.172289 9.9886E-05 0.0286298 9.9886E-05 9.9886E-05 9.9886E-05 9.9886E-05 0.0193578 9.9886E-05 9.9886E-05 0.0116624 9.9886E-05 0.0315723 0.543579 9.9886E-05 0.108313
0.147354 9.98423E-05 9.98423E-05 9.98423E-05 9.98423E-05 9.98423E-05 9.98423E-05 0.0788626 9.98423E-05 9.98423E-05 9.98423E-05 9.98423E-05 9.98423E-05 0.0420799 9.98423E-05 9.98423E-05 9.98423E-05 9.98423E-05 9.98423E-05 0.729907 9.98423E-05 9.98423E-05
9.98597E-05 9.98597E-05 0.0398743 9.98597E-05 9.98597E-05 9.98597E-05 9.98597E-05 9.98597E-05 9.98597E-05 9.98597E-05 0.233417 9.98597E-05 0.0186394 9.98597E-05 0.00835413 9.98597E-05 9.98597E-05 9.98597E-05 9.98597E-05 0.624149 0.0739679 9.98597E-05
0.0586116 9.98772E-05 9.98772E-05 0.0107724 9.98772E-05 0.0241294 9.98772E-05 9.98772E-05 0.0747884 0.0665207 9.98772E-05 9.98772E-05 0.0817292 9.98772E-05 9.98772E-05 9.98772E-05 0.0702773 9.98772E-05 9.98772E-05 0.611773 9.98772E-05 9.98772E-05
0.037281 0.159018 9.98422E-05 9.98422E-05 9.98422E-05 9.98422E-05 9.98422E-05 9.98422E-05 9.98422E-05 0.0373179 9.98422E-05 9.98422E-05 9.98422E-05 9.98422E-05 9.98422E-05 9.98422E-05 9.98422E-05 9.98422E-05 9.98422E-05 0.764586 9.98422E-05 9.98422E-05
9.98596E-05 9.98596E-05 9.98596E-05 9.98596E-05 9.98596E-05 0.0277126 9.98596E-05 9.98596E-05 9.98596E-05 0.00604671 9.98596E-05 9.98596E-05 9.98596E-05 9.98596E-05 0.00635471 0.0560012 9.98596E-05 9.98596E-05 0.0299305 0.872356 9.98596E-05 9.98596E-05
0.140685 9.98596E-05 9.98596E-05 0.0328018 9.98596E-05 0.0405479 9.98596E-05 9.98596E-05 0.0256741 0.0330082 9.98596E-05 9.98596E-05 9.98596E-05 9.98596E-05 0.725685 9.98596E-05 9.98596E-05 9.98596E-05 9.98596E-05 9.98596E-05 9.98596E-05 9.98596E-05
9.98336E-05 9.98336E-05 9.98336E-05 9.98336E-05 9.98336E-05 9.98336E-05 9.98336E-05 9.98336E-05 9.98336E-05 9.98336E-05 9.98336E-05 9.98336E-05 0.0210109 9.98336E-05 0.976422 0.000670125 9.98336E-05 9.98336E-05 9.98336E-05 9.98336E-05 9.98336E-05 9.98336E-05
9.98333E-05 9.98333E-05 9.98333E-05 9.98333E-05 9.98333E-05 9.98333E-05 9.98333E-05 9.98333E-05 9.98333E-05 9.98333E-05 9.98333E-05 9.98333E-05 9.98333E-05 9.98333E-05 0.919023 9.98333E-05 0.0692636 9.98333E-05 9.98333E-05 9.98333E-05 9.98333E-05 0.00981662
0.030025 9.98684E-05 9.98684E-05 0.139954 9.98684E-05 0.284674 9.98684E-05 9.98684E-05 9.98684E-05 9.98684E-05 0.102777 9.98684E-05 9.98684E-05 9.98684E-05 0.322449 0.00806756 9.98684E-05 9.98684E-05 0.110555 9.98684E-05 9.98684E-05 9.98684E-05
9.98593E-05 9.98593E-05 0.00284559 0.0675933 0.0986497 9.98593E-05 9.98593E-05 9.98593E-05 0.100102 9.98593E-05 9.98593E-05 9.98593E-05 9.98593E-05 9.98593E-05 0.672391 9.98593E-05 0.0568208 9.98593E-05 9.98593E-05 9.98593E-05 9.98593E-05 9.98593E-05
0.230562 9.98507E-05 9.98507E-05 0.00452315 9.98507E-05 9.98507E-05 9.98507E-05 9.98507E-05 0.0722208 9.98507E-05 9.98507E-05 9.98507E-05 9.98507E-05 0.0269116 0.664085 9.98507E-05 9.98507E-05 9.98507E-05 9.98507E-05 9.98507E-05 9.98507E-05 9.98507E-05
0.0747477 0.0730535 9.98683E-05 0.0409684 9.98683E-05 0.319092 9.98683E-05 9.98683E-05 9.98683E-05 0.0196296 9.98683E-05 9.98683E-05 9.98683E-05 9.98683E-05 0.461802 0.00920867 9.98683E-05 9.98683E-05 9.98683E-05 9.98683E-05 9.98683E-05 9.98683E-05
0.112069 9.98857E-05 9.98857E-05 0.0829874 9.98857E-05 0.078681 9.98857E-05 9.98857E-05 9.98857E-05 0.00819712 0.101537 9.98857E-05 0.0756 9.98857E-05 0.522639 9.98857E-05 0.0142173 9.98857E-05 0.00277388 9.98857E-05 9.98857E-05 9.98857E-05
9.98333E-05 9.98333E-05 9.98333E-05 9.98333E-05 9.98333E-05 9.98333E-05 9.98333E-05 9.98333E-05 0.0249202 9.98333E-05 9.98333E-05 9.98333E-05 9.98333E-05 9.98333E-05 0.931527 9.98333E-05 9.98333E-05 0.0416559 9.98333E-05 9.98333E-05 9.98333E-05 9.98333E-05
9.98245E-05 9.98245E-05 9.98245E-05 9.98245E-05 9.98245E-05 9.98245E-05 9.98245E-05 9.98245E-05 9.98245E-05 0.0646538 9.98245E-05 9.98245E-05 9.98245E-05 9.98245E-05 0.93335 9.98245E-05 9.98245E-05 9.98245E-05 9.98245E-05 9.98245E-05 9.98245E-05 9.98245E-05
0.330287 9.98506E-05 9.98506E-05 0.0329686 0.000370158 9.98506E-05 9.98506E-05 9.98506E-05 9.98506E-05 0.140449 9.98506E-05 9.98506E-05 9.98506E-05 9.98506E-05 0.494227 9.98506E-05 9.98506E-05 9.98506E-05 9.98506E-05 9.98506E-05 9.98506E-05 9.98506E-05
0.0169856 9.98857E-05 9.98857E-05 9.98857E-05 9.98857E-05 0.0889834 0.0557211 0.0571477 0.17261 0.0930777 9.98857E-05 9.98857E-05 9.98857E-05 0.0349771 0.429584 9.98857E-05 9.98857E-05 9.98857E-05 0.0496147 9.98857E-05 9.98857E-05 9.98857E-05
9.98683E-05 9.98683E-05 9.98683E-05 0.134257 9.98683E-05 9.98683E-05 0.0180529 9.98683E-05 9.98683E-05 0.148724 0.00884563 9.98683E-05 0.055189 9.98683E-05 0.530829 9.98683E-05 9.98683E-05 9.98683E-05 9.98683E-05 9.98683E-05 0.102604 9.98683E-05
0.199863 9.98506E-05 9.98506E-05 9.98506E-05 9.98506E-05 0.0780675 9.98506E-05 9.98506E-05 0.18039 9.98506E-05 9.98506E-05 9.98506E-05 0.0225458 9.98506E-05 0.517435 9.98506E-05 9.98506E-05 9.98506E-05 9.98506E-05 9.98506E-05 9.98506E-05 9.98506E-05
9.98337E-05 9.98337E-05 0.0218486 9.98337E-05 9.98337E-05 9.98337E-05 9.98337E-05 9.98337E-05 9.98337E-05 9.98337E-05 9.98337E-05 9.98337E-05 9.98337E-05 9.98337E-05 0.87478 0.101475 9.98337E-05 9.98337E-05 9.98337E-05 9.98337E-05 9.98337E-05 9.98337E-05
9.98335E-05 0.0792167 9.98335E-05 0.0718285 9.98335E-05 9.98335E-05 9.98335E-05 9.98335E-05 9.98335E-05 9.98335E-05 9.98335E-05 9.98335E-05 9.98335E-05 9.98335E-05 0.847058 9.98335E-05 9.98335E-05 9.98335E-05 9.98335E-05 9.98335E-05 9.98335E-05 9.98335E-05
9.98506E-05 9.98506E-05 9.98506E-05 9.98506E-05 9.98506E-05 9.98506E-05 9.98506E-05 9.98506E-05 9.98506E-05 9.98506E-05 0.110802 9.98506E-05 0.0693724 9.98506E-05 0.685315 9.98506E-05 0.0407704 9.98506E-05 0.0920425 9.98506E-05 9.98506E-05 9.98506E-05
9.98683E-05 0.0626191 9.98683E-05 0.0208992 9.98683E-05 9.98683E-05 9.98683E-05 9.98683E-05 0.113808 0.0657267 9.98683E-05 9.98683E-05 0.0474339 9.98683E-05 0.634567 9.98683E-05 0.0534477 9.98683E-05 9.98683E-05 9.98683E-05 9.98683E-05 9.98683E-05
0.0751844 9.98595E-05 9.98595E-05 9.98595E-05 9.98595E-05 9.98595E-05 9.98595E-05 9.98595E-05 0.0126113 0.0246273 9.98595E-05 9.98595E-05 0.0201381 9.98595E-05 0.791661 9.98595E-05 0.0741804 9.98595E-05 9.98595E-05 9.98595E-05 9.98595E-05 9.98595E-05
0.204315 9.98417E-05 9.98417E-05 9.98417E-05 9.98417E-05 9.98417E-05 0.0650666 9.98417E-05 9.98417E-05 9.98417E-05 9.98417E-05 9.98417E-05 9.98417E-05 9.98417E-05 0.567161 0.16166 9.98417E-05 9.98417E-05 9.98417E-05 9.98417E-05 9.98417E-05 9.98417E-05
9.98425E-05 9.98425E-05 9.98425E-05 9.98425E-05 9.98425E-05 9.98425E-05 9.98425E-05 9.98425E-05 9.98425E-05 9.98425E-05 9.98425E-05 0.00952677 9.98425E-05 0.00927865 0.96257 9.98425E-05 9.98425E-05 9.98425E-05 9.98425E-05 9.98425E-05 9.98425E-05 0.0168271
0.0764039 0.00505811 9.98682E-05 9.98682E-05 9.98682E-05 9.98682E-05 9.98682E-05 0.00522826 0.289449 9.98682E-05 9.98682E-05 9.98682E-05 0.00336397 0.014391 0.604607 9.98682E-05 9.98682E-05 9.98682E-05 9.98682E-05 9.98682E-05 9.98682E-05 9.98682E-05
0.0325014 9.9851E-05 9.9851E-05 9.9851E-05 9.9851E-05 0.0115471 9.9851E-05 9.9851E-05 0.0124636 9.9851E-05 0.209533 9.9851E-05 9.9851E-05 9.9851E-05 0.732257 9.9851E-05 9.9851E-05 9.9851E-05 9.9851E-05 9.9851E-05 9.9851E-05 9.9851E-05
0.0131606 9.98771E-05 9.98771E-05 0.0340618 9.98771E-05 9.98771E-05 9.98771E-05 9.98771E-05 0.0658236 9.98771E-05 0.0347107 9.98771E-05 0.149294 9.98771E-05 0.59801 9.98771E-05 0.0492093 0.0543314 9.98771E-05 9.98771E-05 9.98771E-05 9.98771E-05
0.0421307 9.98418E-05 9.98418E-05 0.0100756 9.98418E-05 9.98418E-05 9.98418E-05 9.98418E-05 9.98418E-05 0.11721 9.98418E-05 9.98418E-05 9.98418E-05 9.98418E-05 0.828787 9.98418E-05 9.98418E-05 9.98418E-05 9.98418E-05 9.98418E-05 9.98418E-05 9.98418E-05
9.98335E-05 9.98335E-05 9.98335E-05 0.0495638 9.98335E-05 0.00635096 9.98335E-05 9.98335E-05 9.98335E-05 9.98335E-05 9.98335E-05 9.98335E-05 9.98335E-05 9.98335E-05 0.942188 9.98335E-05 9.98335E-05 9.98335E-05 9.98335E-05 9.98335E-05 9.98335E-05 9.98335E-05
9.98247E-05 9.98247E-05 9.98247E-05 9.98247E-05 9.98247E-05 9.98247E-05 9.98247E-05 9.98247E-05 9.98247E-05 9.98247E-05 9.98247E-05 9.98247E-05 9.98247E-05 9.98247E-05 0.995636 9.98247E-05 9.98247E-05 0.00236722 9.98247E-05 9.98247E-05 9.98247E-05 9.98247E-05
9.9816E-05 9.9816E-05 9.9816E-05 9.9816E-05 9.9816E-05 9.9816E-05 9.9816E-05 9.9816E-05 9.9816E-05 9.9816E-05 9.9816E-05 9.9816E-05 9.9816E-05 9.9816E-05 0.997904 9.9816E-05 9.9816E-05 9.9816E-05 9.9816E-05 9.9816E-05 9.9816E-05 9.9816E-05
9.98335E-05 9.98335E-05 9.98335E-05 9.98335E-05 9.98335E-05 9.98335E-05 9.98335E-05 9.98335E-05 0.0421329 9.98335E-05 9.98335E-05 9.98335E-05 9.98335E-05 9.98335E-05 0.871813 9.98335E-05 0.0841573 9.98335E-05 9.98335E-05 9.98335E-05 9.98335E-05 9.98335E-05
0.1475 9.9851E-05 9.9851E-05 0.0656177 9.9851E-05 9.9851E-05 9.9851E-05 9.9851E-05 9.9851E-05 9.9851E-05 9.9851E-05 9.9851E-05 9.9851E-05 9.9851E-05 0.412627 0.0860789 9.9851E-05 9.9851E-05 9.9851E-05 9.9851E-05 9.9851E-05 0.286479
0.105621 9.98333E-05 9.98333E-05 0.0865494 9.98333E-05 9.98333E-05 9.98333E-05 9.98333E-05 9.98333E-05 9.98333E-05 0.805933 9.98333E-05 9.98333E-05 9.98333E-05 9.98333E-05 9.98333E-05 9.98333E-05 9.98333E-05 9.98333E-05 9.98333E-05 9.98333E-05 9.98333E-05
9.98245E-05 9.98245E-05 9.98245E-05 9.98245E-05 9.98245E-05 9.98245E-05 9.98245E-05 9.98245E-05 9.98245E-05 9.98245E-05 0.311315 9.98245E-05 9.98245E-05 9.98245E-05 9.98245E-05 9.98245E-05 9.98245E-05 9.98245E-05 9.98245E-05 9.98245E-05 9.98245E-05 0.686688
0.0804542 9.98508E-05 9.98508E-05 9.98508E-05 9.98508E-05 9.98508E-05 9.98508E-05 0.0126151 0.0182229 0.014878 0.872132 9.98508E-05 9.98508E-05 9.98508E-05 9.98508E-05 9.98508E-05 9.98508E-05 9.98508E-05 9.98508E-05 9.98508E-05 9.98508E-05 9.98508E-05
0.129894 9.98418E-05 9.98418E-05 0.0246986 9.98418E-05 9.98418E-05 9.98418E-05 9.98418E-05 9.98418E-05 0.000696177 0.842914 9.98418E-05 9.98418E-05 9.98418E-05 9.98418E-05 9.98418E-05 9.98418E-05 9.98418E-05 9.98418E-05 9.98418E-05 9.98418E-05 9.98418E-05
9.98418E-05 9.98418E-05 0.0624172 0.0158417 9.98418E-05 9.98418E-05 9.98418E-05 9.98418E-05 9.98418E-05 9.98418E-05 0.91642 9.98418E-05 9.98418E-05 9.98418E-05 9.98418E-05 9.98418E-05 0.00352365 9.98418E-05 9.98418E-05 9.98418E-05 9.98418E-05 9.98418E-05
0.1405 0.0186901 9.98509E-05 0.126697 9.98509E-05 0.0570115 9.98509E-05 9.98509E-05 9.98509E-05 9.98509E-05 0.655404 9.98509E-05 9.98509E-05 9.98509E-05 9.98509E-05 9.98509E-05 9.98509E-05 9.98509E-05 9.98509E-05 9.98509E-05 9.98509E-05 9.98509E-05
0.0950157 9.98684E-05 0.000103642 0.0827152 9.98684E-05 9.98684E-05 9.98684E-05 9.98684E-05 0.0425775 0.0659301 0.67834 0.03382 9.98684E-05 9.98684E-05 9.98684E-05 9.98684E-05 9.98684E-05 9.98684E-05 9.98684E-05 9.98684E-05 9.98684E-05 9.98684E-05
0.0336324 9.98508E-05 9.98508E-05 0.167178 9.98508E-05 9.98508E-05 9.98508E-05 9.98508E-05 0.00135051 9.98508E-05 0.786122 9.98508E-05 9.98508E-05 9.98508E-05 9.98508E-05 9.98508E-05 0.0100189 9.98508E-05 9.98508E-05 9.98508E-05 9.98508E-05 9.98508E-05
0.0310193 9.98594E-05 9.98594E-05 0.326714 9.98594E-05 0.197438 9.98594E-05 0.0746449 9.98594E-05 9.98594E-05 0.324731 9.98594E-05 9.98594E-05 9.98594E-05 9.98594E-05 0.0438548 9.98594E-05 9.98594E-05 9.98594E-05 9.98594E-05 9.98594E-05 9.98594E-05
0.307625 9.98333E-05 9.98333E-05 0.180309 9.98333E-05 9.98333E-05 9.98333E-05 9.98333E-05 9.98333E-05 9.98333E-05 0.51017 9.98333E-05 9.98333E-05 9.98333E-05 9.98333E-05 9.98333E-05 9.98333E-05 9.98333E-05 9.98333E-05 9.98333E-05 9.98333E-05 9.98333E-05
9.98509E-05 9.98509E-05 9.98509E-05 0.00239176 9.98509E-05 0.241286 9.98509E-05 9.98509E-05 9.98509E-05 0.0269642 0.334676 0.392984 9.98509E-05 9.98509E-05 9.98509E-05 9.98509E-05 9.98509E-05 9.98509E-05 9.98509E-05 9.98509E-05 9.98509E-05 9.98509E-05
0.0910002 9.9851E-05 9.9851E-05 9.9851E-05 0.00451446 0.150479 9.9851E-05 9.9851E-05 9.9851E-05 9.9851E-05 0.649973 0.102336 9.9851E-05 9.9851E-05 9.9851E-05 9.9851E-05 9.9851E-05 9.9851E-05 9.9851E-05 9.9851E-05 9.9851E-05 9.9851E-05
9.98466E-05 0.0482946 9.98466E-05 0.0624781 9.98466E-05 9.98466E-05 9.98466E-05 9.98466E-05 9.98466E-05 9.98466E-05 0.799029 0.0884006 9.98466E-05 9.98466E-05 9.98466E-05 9.98466E-05 9.98466E-05 9.98466E-05 9.98466E-05 9.98466E-05 9.98466E-05 9.98466E-05
0.210194 9.98598E-05 9.98598E-05 0.142646 9.98598E-05 9.98598E-05 9.98598E-05 9.98598E-05 9.98598E-05 0.0397123 0.359054 0.229794 9.98598E-05 9.98598E-05 9.98598E-05 9.98598E-05 9.98598E-05 0.017001 9.98598E-05 9.98598E-05 9.98598E-05 9.98598E-05
9.98509E-05 9.98509E-05 9.98509E-05 9.98509E-05 9.98509E-05 9.98509E-05 0.0487177 9.98509E-05 9.98509E-05 0.00474822 0.73745 9.98509E-05 9.98509E-05 9.98509E-05 9.98509E-05 9.98509E-05 0.117459 9.98509E-05 9.98509E-05 9.98509E-05 9.98509E-05 0.0899276
0.0717305 0.105592 0.000752513 9.98859E-05 0.00374597 0.0590992 9.98859E-05 9.98859E-05 9.98859E-05 0.000317319 0.62822 9.98859E-05 9.98859E-05 9.98859E-05 9.98859E-05 0.0190675 9.98859E-05 9.98859E-05 9.98859E-05 9.98859E-05 9.98859E-05 0.110176
0.0733272 9.98595E-05 9.98595E-05 0.0680035 9.98595E-05 0.124111 9.98595E-05 9.98595E-05 9.98595E-05 9.98595E-05 0.533023 0.152591 9.98595E-05 9.98595E-05 9.98595E-05 9.98595E-05 0.0473462 9.98595E-05 9.98595E-05 9.98595E-05 9.98595E-05 9.98595E-05
9.98598E-05 9.98598E-05 0.0748588 0.172841 9.98598E-05 9.98598E-05 9.98598E-05 9.98598E-05 0.0591346 9.98598E-05 0.573514 9.98598E-05 9.98598E-05 9.98598E-05 9.98598E-05 9.98598E-05 9.98598E-05 9.98598E-05 0.019764 9.98598E-05 9.98598E-05 0.0982891
9.98334E-05 9.98334E-05 9.98334E-05 9.98334E-05 9.98334E-05 9.98334E-05 9.98334E-05 9.98334E-05 9.98334E-05 0.00584707 0.888055 0.104201 9.98334E-05 9.98334E-05 9.98334E-05 9.98334E-05 9.98334E-05 9.98334E-05 9.98334E-05 9.98334E-05 9.98334E-05 9.98334E-05
0.0361485 0.0430327 9.98947E-05 0.0686536 0.0172418 9.98947E-05 9.98947E-05 9.98947E-05 9.98947E-05 0.0326738 0.364011 9.98947E-05 9.98947E-05 0.0815733 0.00424087 0.0739714 9.98947E-05 9.98947E-05 9.98947E-05 9.98947E-05 9.98947E-05 0.277254
0.076893 0.0502193 0.0556303 0.0103076 9.98684E-05 0.0979903 9.98684E-05 9.98684E-05 9.98684E-05 9.98684E-05 0.646292 0.0611691 9.98684E-05 9.98684E-05 9.98684E-05 9.98684E-05 9.98684E-05 9.98684E-05 9.98684E-05 9.98684E-05 9.98684E-05 9.98684E-05
0.00629231 9.98508E-05 9.98508E-05 0.0582514 9.98508E-05 9.98508E-05 9.98508E-05 9.98508E-05 9.98508E-05 0.0698167 0.827126 0.0368158 9.98508E-05 9.98508E-05 9.98508E-05 9.98508E-05 9.98508E-05 9.98508E-05 9.98508E-05 9.98508E-05 9.98508E-05 9.98508E-05
0.268268 9.98508E-05 9.98508E-05 0.198027 0.0259048 0.0401163 9.98508E-05 9.98508E-05 9.98508E-05 9.98508E-05 0.465986 9.98508E-05 9.98508E-05 9.98508E-05 9.98508E-05 9.98508E-05 9.98508E-05 9.98508E-05 9.98508E-05 9.98508E-05 9.98508E-05 9.98508E-05
9.98509E-05 9.98509E-05 0.000692848 0.150194 9.98509E-05 9.98509E-05 9.98509E-05 0.0444493 9.98509E-05 9.98509E-05 0.574475 0.228491 9.98509E-05 9.98509E-05 9.98509E-05 9.98509E-05 9.98509E-05 9.98509E-05 9.98509E-05 9.98509E-05 9.98509E-05 9.98509E-05
0.243825 9.9842E-05 9.9842E-05 0.187082 0.0893466 9.9842E-05 9.9842E-05 9.9842E-05 9.9842E-05 9.9842E-05 0.47795 9.9842E-05 9.9842E-05 9.9842E-05 9.9842E-05 9.9842E-05 9.9842E-05 9.9842E-05 9.9842E-05 9.9842E-05 9.9842E-05 9.9842E-05
0.120735 9.98597E-05 9.98597E-05 0.0902255 9.98597E-05 0.0654662 9.98597E-05 9.98597E-05 9.98597E-05 9.98597E-05 0.368496 0.334045 9.98597E-05 9.98597E-05 0.0194338 9.98597E-05 9.98597E-05 9.98597E-05 9.98597E-05 9.98597E-05 9.98597E-05 9.98597E-05
0.0145438 9.98683E-05 0.054495 9.98683E-05 9.98683E-05 9.98683E-05 9.98683E-05 9.98683E-05 9.98683E-05 9.98683E-05 0.0512872 9.98683E-05 9.98683E-05 0.0209134 9.98683E-05 9.98683E-05 9.98683E-05 0.0937429 0.00212792 9.98683E-05 9.98683E-05 0.761392
0.0868799 9.9833E-05 9.9833E-05 0.0710752 9.9833E-05 9.9833E-05 9.9833E-05 9.9833E-05 9.9833E-05 9.9833E-05 0.840148 9.9833E-05 9.9833E-05 9.9833E-05 9.9833E-05 9.9833E-05 9.9833E-05 9.9833E-05 9.9833E-05 9.9833E-05 9.9833E-05 9.9833E-05
0.14528 9.98421E-05 9.98421E-05 0.249352 9.98421E-05 0.0424707 9.98421E-05 9.98421E-05 9.98421E-05 9.98421E-05 0.5611 9.98421E-05 9.98421E-05 9.98421E-05 9.98421E-05 9.98421E-05 9.98421E-05 9.98421E-05 9.98421E-05 9.98421E-05 9.98421E-05 9.98421E-05
0.0974666 9.98421E-05 0.115176 9.98421E-05 9.98421E-05 9.98421E-05 9.98421E-05 9.98421E-05 9.98421E-05 9.98421E-05 0.713974 9.98421E-05 9.98421E-05 9.98421E-05 9.98421E-05 9.98421E-05 9.98421E-05 9.98421E-05 9.98421E-05 9.98421E-05 9.98421E-05 0.0715871
0.169517 9.98509E-05 9.98509E-05 0.0094055 9.98509E-05 9.98509E-05 0.0791995 9.98509E-05 9.98509E-05 9.98509E-05 0.680811 0.0593696 9.98509E-05 9.98509E-05 9.98509E-05 9.98509E-05 9.98509E-05 9.98509E-05 9.98509E-05 9.98509E-05 9.98509E-05 9.98509E-05
9.98245E-05 9.98245E-05 9.98245E-05 9.98245E-05 9.98245E-05 9.98245E-05 0.0468601 9.98245E-05 9.98245E-05 9.98245E-05 0.951143 9.98245E-05 9.98245E-05 9.98245E-05 9.98245E-05 9.98245E-05 9.98245E-05 9.98245E-05 9.98245E-05 9.98245E-05 9.98245E-05 9.98245E-05
0.103079 9.98507E-05 0.140192 0.272096 0.0951084 9.98507E-05 9.98507E-05 9.98507E-05 9.98507E-05 9.98507E-05 0.387827 9.98507E-05 9.98507E-05 9.98507E-05 9.98507E-05 9.98507E-05 9.98507E-05 9.98507E-05 9.98507E-05 9.98507E-05 9.98507E-05 9.98507E-05
0.0429644 9.98331E-05 9.98331E-05 9.98331E-05 9.98331E-05 9.98331E-05 9.98331E-05 9.98331E-05 0.104455 9.98331E-05 0.850683 9.98331E-05 9.98331E-05 9.98331E-05 9.98331E-05 9.98331E-05 9.98331E-05 9.98331E-05 9.98331E-05 9.98331E-05 9.98331E-05 9.98331E-05
0.0981454 9.98333E-05 9.98333E-05 9.98333E-05 9.98333E-05 9.98333E-05 9.98333E-05 9.98333E-05 9.98333E-05 9.98333E-05 0.847843 0.0521148 9.98333E-05 9.98333E-05 9.98333E-05 9.98333E-05 9.98333E-05 9.98333E-05 9.98333E-05 9.98333E-05 9.98333E-05 9.98333E-05
9.98595E-05 9.98595E-05 9.98595E-05 0.0510821 9.98595E-05 9.98595E-05 0.047561 0.014059 9.98595E-05 9.98595E-05 0.568016 0.137531 9.98595E-05 9.98595E-05 9.98595E-05 0.180153 9.98595E-05 9.98595E-05 9.98595E-05 9.98595E-05 9.98595E-05 9.98595E-05
0.154098 9.98595E-05 0.00100694 0.100522 9.98595E-05 9.98595E-05 9.98595E-05 9.98595E-05 9.98595E-05 0.0302324 0.649406 9.98595E-05 9.98595E-05 9.98595E-05 9.98595E-05 9.98595E-05 0.0631359 9.98595E-05 9.98595E-05 9.98595E-05 9.98595E-05 9.98595E-05
9.9842E-05 9.9842E-05 9.9842E-05 0.082122 9.9842E-05 9.9842E-05 9.9842E-05 9.9842E-05 9.9842E-05 9.9842E-05 0.246528 0.559248 9.9842E-05 9.9842E-05 9.9842E-05 9.9842E-05 9.9842E-05 9.9842E-05 9.9842E-05 9.9842E-05 9.9842E-05 0.110305
0.109678 9.98335E-05 9.98335E-05 9.98335E-05 9.98335E-05 9.98335E-05 9.98335E-05 9.98335E-05 9.98335E-05 9.98335E-05 0.58974 9.98335E-05 9.98335E-05 9.98335E-05 9.98335E-05 9.98335E-05 9.98335E-05 9.98335E-05 9.98335E-05 9.98335E-05 9.98335E-05 0.298686
9.98336E-05 9.98336E-05 0.0010733 9.98336E-05 9.98336E-05 9.98336E-05 9.98336E-05 9.98336E-05 9.98336E-05 9.98336E-05 0.565767 0.431263 9.98336E-05 9.98336E-05 9.98336E-05 9.98336E-05 9.98336E-05 9.98336E-05 9.98336E-05 9.98336E-05 9.98336E-05 9.98336E-05
9.9851E-05 9.9851E-05 9.9851E-05 0.0279988 0.0641551 9.9851E-05 9.9851E-05 9.9851E-05 9.9851E-05 9.9851E-05 0.228731 0.651101 9.9851E-05 9.9851E-05 9.9851E-05 9.9851E-05 0.0263165 9.9851E-05 9.9851E-05 9.9851E-05 9.9851E-05 9.9851E-05
0.294156 9.9842E-05 9.9842E-05 0.0804961 9.9842E-05 0.0403132 9.9842E-05 9.9842E-05 9.9842E-05 9.9842E-05 0.583238 9.9842E-05 9.9842E-05 9.9842E-05 9.9842E-05 9.9842E-05 9.9842E-05 9.9842E-05 9.9842E-05 9.9842E-05 9.9842E-05 9.9842E-05
9.98422E-05 9.98422E-05 9.98422E-05 0.0824767 9.98422E-05 9.98422E-05 9.98422E-05 9.98422E-05 9.98422E-05 9.98422E-05 0.807541 9.98422E-05 9.98422E-05 0.0893708 9.98422E-05 0.0188145 9.98422E-05 9.98422E-05 9.98422E-05 9.98422E-05 9.98422E-05 9.98422E-05
0.0457119 9.98595E-05 9.98595E-05 0.118533 0.0187902 9.98595E-05 9.98595E-05 9.98595E-05 9.98595E-05 9.98595E-05 0.0356951 0.177119 9.98595E-05 9.98595E-05 9.98595E-05 9.98595E-05 9.98595E-05 9.98595E-05 9.98595E-05 9.98595E-05 9.98595E-05 0.602553
0.102878 9.98422E-05 9.98422E-05 9.98422E-05 9.98422E-05 9.98422E-05 9.98422E-05 9.98422E-05 9.98422E-05 9.98422E-05 0.309666 0.376976 9.98422E-05 9.98422E-05 9.98422E-05 9.98422E-05 9.98422E-05 9.98422E-05 9.98422E-05 9.98422E-05 9.98422E-05 0.208683
0.000423538 9.9877E-05 0.0106508 0.142204 0.105019 0.138654 9.9877E-05 9.9877E-05 0.0362011 9.9877E-05 0.541666 9.9877E-05 9.9877E-05 9.9877E-05 9.9877E-05 9.9877E-05 0.0237837 9.9877E-05 9.9877E-05 9.9877E-05 9.9877E-05 9.9877E-05
0.0642992 9.98684E-05 9.98684E-05 0.0134768 9.98684E-05 9.98684E-05 9.98684E-05 9.98684E-05 9.98684E-05 0.00580387 0.608564 9.98684E-05 9.98684E-05 9.98684E-05 0.251116 0.0122925 9.98684E-05 9.98684E-05 9.98684E-05 9.98684E-05 9.98684E-05 0.0429489
0.0243105 9.98949E-05 9.98949E-05 0.13941 9.98949E-05 0.0717708 0.0789628 0.0194135 9.98949E-05 9.98949E-05 0.412389 0.144272 9.98949E-05 9.98949E-05 9.98949E-05 0.0457079 0.0177401 0.0448255 9.98949E-05 9.98949E-05 9.98949E-05 9.98949E-05
0.229658 9.98509E-05 9.98509E-05 0.250422 9.98509E-05 9.98509E-05 9.98509E-05 9.98509E-05 0.0719768 0.00129372 0.444952 9.98509E-05 9.98509E-05 9.98509E-05 9.98509E-05 9.98509E-05 9.98509E-05 9.98509E-05 9.98509E-05 9.98509E-05 9.98509E-05 9.98509E-05
0.0771824 9.98421E-05 9.98421E-05 9.98421E-05 9.98421E-05 9.98421E-05 9.98421E-05 9.98421E-05 9.98421E-05 9.98421E-05 0.336292 0.571502 9.98421E-05 9.98421E-05 9.98421E-05 9.98421E-05 9.98421E-05 9.98421E-05 9.98421E-05 9.98421E-05 9.98421E-05 0.0132269
0.0876261 0.151846 9.98507E-05 9.98507E-05 9.98507E-05 9.98507E-05 9.98507E-05 9.98507E-05 9.98507E-05 9.98507E-05 0.731385 9.98507E-05 9.98507E-05 9.98507E-05 9.98507E-05 0.0198793 9.98507E-05 9.98507E-05 0.00756661 9.98507E-05 9.98507E-05 9.98507E-05
9.9842E-05 9.9842E-05 0.0703764 0.0777525 9.9842E-05 9.9842E-05 9.9842E-05 9.9842E-05 9.9842E-05 9.9842E-05 0.0300989 9.9842E-05 9.9842E-05 9.9842E-05 9.9842E-05 9.9842E-05 9.9842E-05 9.9842E-05 9.9842E-05 9.9842E-05 9.9842E-05 0.819975
0.127183 9.98597E-05 9.98597E-05 0.0564966 9.98597E-05 9.98597E-05 9.98597E-05 9.98597E-05 9.98597E-05 0.00994448 0.534614 9.98597E-05 9.98597E-05 9.98597E-05 9.98597E-05 0.0261514 9.98597E-05 9.98597E-05 9.98597E-05 9.98597E-05 9.98597E-05 0.244013
9.98333E-05 9.98333E-05 9.98333E-05 9.98333E-05 9.98333E-05 0.0149569 0.00352836 9.98333E-05 9.98333E-05 9.98333E-05 0.979618 9.98333E-05 9.98333E-05 9.98333E-05 9.98333E-05 9.98333E-05 9.98333E-05 9.98333E-05 9.98333E-05 9.98333E-05 9.98333E-05 9.98333E-05
9.98332E-05 0.0667196 9.98332E-05 9.98332E-05 9.98332E-05 9.98332E-05 9.98332E-05 9.98332E-05 9.98332E-05 0.0370539 0.89433 9.98332E-05 9.98332E-05 9.98332E-05 9.98332E-05 9.98332E-05 9.98332E-05 9.98332E-05 9.98332E-05 9.98332E-05 9.98332E-05 9.98332E-05
0.168391 9.9842E-05 9.9842E-05 0.149663 9.9842E-05 0.144817 9.9842E-05 9.9842E-05 9.9842E-05 9.9842E-05 0.535331 9.9842E-05 9.9842E-05 9.9842E-05 9.9842E-05 9.9842E-05 9.9842E-05 9.9842E-05 9.9842E-05 9.9842E-05 9.9842E-05 9.9842E-05
0.122656 9.98333E-05 9.98333E-05 0.171276 9.98333E-05 9.98333E-05 9.98333E-05 9.98333E-05 9.98333E-05 9.98333E-05 0.704171 9.98333E-05 9.98333E-05 9.98333E-05 9.98333E-05 9.98333E-05 9.98333E-05 9.98333E-05 9.98333E-05 9.98333E-05 9.98333E-05 9.98333E-05
9.9842E-05 9.9842E-05 9.9842E-05 0.0170801 9.9842E-05 9.9842E-05 0.00651474 9.9842E-05 9.9842E-05 0.0104116 0.964196 9.9842E-05 9.9842E-05 9.9842E-05 9.9842E-05 9.9842E-05 9.9842E-05 9.9842E-05 9.9842E-05 9.9842E-05 9.9842E-05 9.9842E-05
0.065346 9.98597E-05 9.98597E-05 9.98597E-05 0.0909312 9.98597E-05 0.0107219 9.98597E-05 9.98597E-05 9.98597E-05 0.777077 0.0492799 9.98597E-05 9.98597E-05 9.98597E-05 9.98597E-05 9.98597E-05 9.98597E-05 9.98597E-05 9.98597E-05 9.98597E-05 0.00504585
0.00424917 9.98509E-05 9.98509E-05 0.171678 9.98509E-05 0.0262205 9.98509E-05 9.98509E-05 9.98509E-05 9.98509E-05 0.626231 9.98509E-05 9.98509E-05 9.98509E-05 9.98509E-05 9.98509E-05 9.98509E-05 9.98509E-05 9.98509E-05 9.98509E-05 9.98509E-05 0.169924
0.997904 9.98155E-05 9.98155E-05 9.98155E-05 9.98155E-05 9.98155E-05 9.98155E-05 9.98155E-05 9.98155E-05 9.98155E-05 9.98155E-05 9.98155E-05 9.98155E-05 9.98155E-05 9.98155E-05 9.98155E-05 9.98155E-05 9.98155E-05 9.98155E-05 9.98155E-05 9.98155E-05 9.98155E-05
9.98155E-05 9.98155E-05 9.98155E-05 0.997904 9.98155E-05 9.98155E-05 9.98155E-05 9.98155E-05 9.98155E-05 9.98155E-05 9.98155E-05 9.98155E-05 9.98155E-05 9.98155E-05 9.98155E-05 9.98155E-05 9.98155E-05 9.98155E-05 9.98155E-05 9.98155E-05 9.98155E-05 9.98155E-05
0.997904 9.98154E-05 9.98154E-05 9.98154E-05 9.98154E-05 9.98154E-05 9.98154E-05 9.98154E-05 9.98154E-05 9.98154E-05 9.98154E-05 9.98154E-05 9.98154E-05 9.98154E-05 9.98154E-05 9.98154E-05 9.98154E-05 9.98154E-05 9.98154E-05 9.98154E-05 9.98154E-05 9.98154E-05
9.98155E-05 9.98155E-05 9.98155E-05 0.997904 9.98155E-05 9.98155E-05 9.98155E-05 9.98155E-05 9.98155E-05 9.98155E-05 9.98155E-05 9.98155E-05 9.98155E-05 9.98155E-05 9.98155E-05 9.98155E-05 9.98155E-05 9.98155E-05 9.98155E-05 9.98155E-05 9.98155E-05 9.98155E-05
9.98154E-05 9.98154E-05 9.98154E-05 0.997904 9.98154E-05 9.98154E-05 9.98154E-05 9.98154E-05 9.98154E-05 9.98154E-05 9.98154E-05 9.98154E-05 9.98154E-05 9.98154E-05 9.98154E-05 9.98154E-05 9.98154E-05 9.98154E-05 9.98154E-05 9.98154E-05 9.98154E-05 9.98154E-05
9.98155E-05 9.98155E-05 9.98155E-05 0.997904 9.98155E-05 9.98155E-05 9.98155E-05 9.98155E-05 9.98155E-05 9.98155E-05 9.98155E-05 9.98155E-05 9.98155E-05 9.98155E-05 9.98155E-05 9.98155E-05 9.98155E-05 9.98155E-05 9.98155E-05 9.98155E-05 9.98155E-05 9.98155E-05
0.997904 9.98154E-05 9.98154E-05 9.98154E-05 9.98154E-05 9.98154E-05 9.98154E-05 9.98154E-05 9.98154E-05 9.98154E-05 9.98154E-05 9.98154E-05 9.98154E-05 9.98154E-05 9.98154E-05 9.98154E-05 9.98154E-05 9.98154E-05 9.98154E-05 9.98154E-05 9.98154E-05 9.98154E-05
9.98154E-05 9.98154E-05 9.98154E-05 0.997904 9.98154E-05 9.98154E-05 9.98154E-05 9.98154E-05 9.98154E-05 9.98154E-05 9.98154E-05 9.98154E-05 9.98154E-05 9.98154E-05 9.98154E-05 9.98154E-05 9.98154E-05 9.98154E-05 9.98154E-05 9.98154E-05 9.98154E-05 9.98154E-05
9.98155E-05 9.98155E-05 9.98155E-05 0.997904 9.98155E-05 9.98155E-05 9.98155E-05 9.98155E-05 9.98155E-05 9.98155E-05 9.98155E-05 9.98155E-05 9.98155E-05 9.98155E-05 9.98155E-05 9.98155E-05 9.98155E-05 9.98155E-05 9.98155E-05 9.98155E-05 9.98155E-05 9.98155E-05
0.997904 9.98154E-05 9.98154E-05 9.98154E-05 9.98154E-05 9.98154E-05 9.98154E-05 9.98154E-05 9.98154E-05 9.98154E-05 9.98154E-05 9.98154E-05 9.98154E-05 9.98154E-05 9.98154E-05 9.98154E-05 9.98154E-05 9.98154E-05 9.98154E-05 9.98154E-05 9.98154E-05 9.98154E-05
0.997904 9.98154E-05 9.98154E-05 9.98154E-05 9.98154E-05 9.98154E-05 9.98154E-05 9.98154E-05 9.98154E-05 9.98154E-05 9.98154E-05 9.98154E-05 9.98154E-05 9.98154E-05 9.98154E-05 9.98154E-05 9.98154E-05 9.98154E-05 9.98154E-05 9.98154E-05 9.98154E-05 9.98154E-05
