9.99649E-05 0.523282 0.159453 0.151404 9.99649E-05 0.165462 9.99649E-05 9.99649E-05
9.99649E-05 0.777442 0.0437134 0.140324 9.99649E-05 0.0381215 9.99649E-05 9.99649E-05
9.99473E-05 0.889604 9.99473E-05 9.99473E-05 9.99473E-05 0.109797 9.99473E-05 9.99473E-05
0.143253 0.305538 0.0166782 9.99825E-05 9.99825E-05 0.147303 0.32793 0.0590964
9.99737E-05 0.80818 9.99737E-05 0.0476706 0.0285656 9.99737E-05 0.112099 0.00318538
0.000903871 0.276099 0.0198217 0.137339 0.185981 0.0368562 0.276656 0.0663428
9.99737E-05 0.330988 0.105673 0.119628 9.99737E-05 0.113187 0.330224 9.99737E-05
9.99737E-05 0.222707 0.0786054 0.0544 0.225284 9.99737E-05 0.418704 9.99737E-05
0.0870363 0.274643 9.99824E-05 0.000149013 0.239434 0.245122 0.153415 9.99824E-05
9.99473E-05 0.850058 9.99473E-05 9.99473E-05 9.99473E-05 0.149342 9.99473E-05 9.99473E-05
9.99649E-05 0.446277 0.154972 9.99649E-05 0.0977076 0.300644 9.99649E-05 9.99649E-05
0.0579182 0.821552 0.0312888 9.99737E-05 9.99737E-05 0.0209707 0.0679701 9.99737E-05
9.99649E-05 0.825536 0.00708634 9.99649E-05 0.00267428 0.164303 9.99649E-05 9.99649E-05
9.99649E-05 0.672412 0.0846765 9.99649E-05 9.99649E-05 0.0616536 9.99649E-05 0.180858
0.031439 0.350598 0.0396457 9.99912E-05 0.211392 0.265693 0.00334836 0.097784
9.99824E-05 0.285141 0.0564271 9.99824E-05 0.199446 0.139442 0.298532 0.0208114
9.99824E-05 0.620724 0.0667817 0.0281077 9.99824E-05 0.0898578 0.128647 0.065682
0.164366 0.233712 0.24546 9.99824E-05 0.0171469 0.328013 0.0111024 9.99824E-05
9.99736E-05 0.364622 0.105454 9.99736E-05 0.0986976 0.309787 0.121139 9.99736E-05
0.063879 0.918915 9.99561E-05 9.99561E-05 9.99561E-05 0.0167059 9.99561E-05 9.99561E-05
0.105592 0.463951 9.99737E-05 9.99737E-05 0.0718562 0.0536917 0.304609 9.99737E-05
9.99824E-05 0.336127 0.00685629 0.0522459 0.229459 0.0138897 0.361222 9.99824E-05
9.99649E-05 0.668325 0.0748873 0.0573435 9.99649E-05 0.199044 9.99649E-05 9.99649E-05
9.99561E-05 0.390153 9.99561E-05 9.99561E-05 9.99561E-05 0.411153 0.198193 9.99561E-05
0.0418387 0.32101 0.0416435 9.99912E-05 0.12898 0.412548 0.0465052 0.00737378
9.99737E-05 0.677814 9.99737E-05 9.99737E-05 0.000768088 0.144515 0.167724 0.00887838
9.999E-05 0.0665539 0.150719 0.138644 0.001809 0.243115 0.188622 0.210436
9.99561E-05 0.770056 9.99561E-05 9.99561E-05 9.99561E-05 0.146395 0.0830492 9.99561E-05
0.00561292 0.574686 9.99737E-05 9.99737E-05 0.0172434 0.386898 9.99737E-05 0.0152598
0.0775078 0.680087 9.99824E-05 9.99824E-05 0.0154424 0.029415 0.087445 0.109903
0.0404407 0.720711 0.127501 9.99736E-05 0.0465411 0.0645061 9.99736E-05 9.99736E-05
9.99649E-05 0.55681 9.99649E-05 9.99649E-05 9.99649E-05 0.132205 0.135931 0.174654
9.99648E-05 0.57428 0.110118 9.99648E-05 9.99648E-05 0.27291 0.0422917 9.99648E-05
9.99736E-05 0.440032 0.0685687 9.99736E-05 9.99736E-05 0.199978 0.0876278 0.203494
0.054181 0.854737 0.033123 0.0494839 9.99736E-05 0.00817486 9.99736E-05 9.99736E-05
0.0737621 0.700453 0.0367687 0.0495951 0.033939 0.0393012 0.0660808 9.99912E-05
0.0334202 0.828708 9.99561E-05 9.99561E-05 9.99561E-05 9.99561E-05 0.137372 9.99561E-05
0.0660109 0.674069 9.99737E-05 0.0165357 0.163056 0.0800289 9.99737E-05 9.99737E-05
0.0171583 0.571102 9.99912E-05 0.0557141 0.00944123 0.218007 0.0191698 0.109307
9.99737E-05 0.544575 0.0464496 9.99737E-05 9.99737E-05 0.125854 0.192348 0.0904735
9.99649E-05 0.734921 9.99649E-05 9.99649E-05 0.0478544 0.14544 0.0713839 9.99649E-05
9.99737E-05 0.719361 0.00284979 0.042643 0.0696979 0.165148 9.99737E-05 9.99737E-05
9.99561E-05 0.870953 9.99561E-05 9.99561E-05 9.99561E-05 9.99561E-05 0.0983511 0.0301964
0.00284407 0.405053 0.077501 0.0442362 0.171674 0.167513 0.131078 9.99912E-05
9.99649E-05 0.371126 0.000863746 9.99649E-05 9.99649E-05 0.330068 0.297543 9.99649E-05
0.0553459 0.782158 0.0252191 9.99824E-05 0.00926926 0.0906428 0.0371655 9.99824E-05
9.99649E-05 0.832787 0.0615392 9.99649E-05 0.0156764 0.0895979 9.99649E-05 9.99649E-05
0.0316309 0.967769 9.99473E-05 9.99473E-05 9.99473E-05 9.99473E-05 9.99473E-05 9.99473E-05
9.99648E-05 0.658865 0.055494 9.99648E-05 9.99648E-05 0.182405 0.102836 9.99648E-05
0.0802211 0.733461 0.0957488 9.99737E-05 0.0170943 9.99737E-05 0.0731748 9.99737E-05
0.0124311 0.28082 0.151319 9.99912E-05 0.0862311 0.356663 0.0877365 0.0246986
0.0141107 0.595734 9.99737E-05 9.99737E-05 0.0478969 0.0207931 0.321165 9.99737E-05
9.99737E-05 0.831005 0.072124 0.0150608 0.0055898 0.0759209 9.99737E-05 9.99737E-05
9.99649E-05 0.619966 0.0167854 9.99649E-05 9.99649E-05 0.0915761 0.271273 9.99649E-05
9.99561E-05 0.784944 9.99561E-05 9.99561E-05 9.99561E-05 0.130137 0.0844192 9.99561E-05
0.0814843 0.759192 0.0219672 9.99737E-05 9.99737E-05 9.99737E-05 0.0148351 0.122221
9.99737E-05 0.599705 0.196336 0.123821 9.99737E-05 0.0163272 0.0635113 9.99737E-05
9.99561E-05 0.802114 0.0710707 9.99561E-05 9.99561E-05 0.126316 9.99561E-05 9.99561E-05
9.99736E-05 0.866096 0.00118121 9.99736E-05 0.00948681 0.0359495 0.0869864 9.99736E-05
9.99737E-05 0.0818591 0.184136 0.344968 0.0483502 0.340387 9.99737E-05 9.99737E-05
9.99649E-05 0.311775 9.99649E-05 0.333096 9.99649E-05 0.105252 0.249477 9.99649E-05
9.999E-05 0.271173 0.288433 0.336075 0.00375035 0.04736 0.052997 0.000112381
0.00156395 9.99825E-05 0.160305 0.479307 0.117438 0.132849 9.99825E-05 0.108338
9.99824E-05 0.0722715 0.112206 0.191773 0.163396 0.189416 0.270737 9.99824E-05
9.99649E-05 9.99649E-05 0.24875 0.237393 0.0944857 0.418971 9.99649E-05 9.99649E-05
9.99737E-05 0.0139982 0.184002 0.439216 9.99737E-05 0.328654 0.0338299 9.99737E-05
9.99649E-05 9.99649E-05 0.252429 0.345197 0.0701021 0.331872 9.99649E-05 9.99649E-05
9.99737E-05 0.154515 0.167788 0.480291 9.99737E-05 0.126328 9.99737E-05 0.070778
9.99737E-05 0.308967 0.221652 0.218045 0.0590009 0.192036 9.99737E-05 9.99737E-05
0.0279133 9.99736E-05 0.311144 0.126328 0.100329 0.433986 9.99736E-05 9.99736E-05
9.99649E-05 9.99649E-05 0.177801 0.22308 9.99649E-05 0.287659 0.31106 9.99649E-05
9.99824E-05 9.99824E-05 0.28112 0.164475 0.160316 0.144391 0.168597 0.0809018
9.99649E-05 9.99649E-05 0.0510651 0.300278 9.99649E-05 0.397579 0.250677 9.99649E-05
9.99825E-05 0.253441 0.0743319 0.325426 9.99825E-05 0.105794 0.118084 0.122723
9.99737E-05 0.232928 0.144105 0.353789 0.0325443 0.236333 9.99737E-05 9.99737E-05
9.99649E-05 9.99649E-05 0.0576157 0.32383 9.99649E-05 0.237413 0.380741 9.99649E-05
9.99824E-05 0.130545 0.3332 0.152354 0.141761 0.145155 0.0967847 9.99824E-05
9.99737E-05 0.224332 0.266975 0.140444 0.0616216 0.306327 9.99737E-05 9.99737E-05
9.99649E-05 9.99649E-05 0.168135 0.265595 9.99649E-05 0.468022 0.0978479 9.99649E-05
9.99737E-05 0.335346 0.056835 0.324913 9.99737E-05 0.218311 0.0642961 9.99737E-05
9.99737E-05 0.0843374 0.0551425 0.369782 9.99737E-05 0.317828 0.17261 9.99737E-05
0.000518367 0.133638 0.199914 0.302608 9.99825E-05 0.131801 9.99825E-05 0.231321
9.99912E-05 0.18373 0.213832 0.140828 0.0729339 0.161549 0.213804 0.0132231
9.99824E-05 0.248855 0.373077 0.0578485 0.0474324 0.227436 9.99824E-05 0.0451517
0.016095 0.354351 0.00440612 0.354489 0.06408 0.195388 9.99912E-05 0.0110905
9.99825E-05 0.365782 0.177072 0.279241 9.99825E-05 0.118151 0.053376 0.00617848
0.0775045 0.237256 0.0642889 0.324633 9.99825E-05 0.249836 0.0462821 9.99825E-05
9.99737E-05 0.283269 0.256471 0.11012 0.0803483 0.269492 9.99737E-05 9.99737E-05
0.033502 0.287213 9.99825E-05 0.226155 0.101141 0.244029 9.99825E-05 0.107759
9.99561E-05 9.99561E-05 9.99561E-05 9.99561E-05 0.178567 0.226693 9.99561E-05 0.59424
9.99562E-05 9.99562E-05 9.99562E-05 9.99562E-05 0.070509 0.0603867 9.99562E-05 0.868605
9.9956E-05 9.9956E-05 0.0672943 9.9956E-05 9.9956E-05 0.249809 9.9956E-05 0.682397
9.99648E-05 9.99648E-05 0.135916 9.99648E-05 0.180025 0.235796 9.99648E-05 0.447863
0.0269026 9.99824E-05 0.0265469 9.99824E-05 0.14223 0.0880949 0.0217956 0.69423
9.99561E-05 9.99561E-05 9.99561E-05 9.99561E-05 0.245428 0.12991 9.99561E-05 0.624162
9.99648E-05 9.99648E-05 0.115958 9.99648E-05 0.101725 0.244614 9.99648E-05 0.537304
9.99561E-05 9.99561E-05 9.99561E-05 9.99561E-05 0.283364 0.164725 9.99561E-05 0.551411
9.99736E-05 9.99736E-05 0.090265 0.401294 0.287725 0.122446 9.99736E-05 0.09797
9.99648E-05 9.99648E-05 0.0318844 9.99648E-05 0.253565 0.43857 9.99648E-05 0.27558
9.99561E-05 9.99561E-05 9.99561E-05 0.223358 0.000480854 9.99561E-05 9.99561E-05 0.775661
9.99648E-05 9.99648E-05 0.039983 0.160364 9.99648E-05 0.142925 9.99648E-05 0.656329
9.99649E-05 9.99649E-05 0.0548712 9.99649E-05 0.166742 9.99649E-05 0.00753845 0.770448
9.99561E-05 9.99561E-05 9.99561E-05 9.99561E-05 0.19458 0.274885 9.99561E-05 0.530036
0.00650588 9.99824E-05 0.188626 9.99824E-05 0.0683604 0.0148928 0.0158587 0.705557
0.0518619 9.99912E-05 0.0108378 0.204032 0.132933 0.159402 0.0923072 0.348525
0.0531015 9.99824E-05 0.024243 0.128254 0.0676164 0.119339 9.99824E-05 0.607246
9.99561E-05 9.99561E-05 9.99561E-05 9.99561E-05 0.176551 9.99561E-05 0.160337 0.662612
0.00746063 9.99736E-05 0.0102169 9.99736E-05 0.0676941 9.99736E-05 0.0181662 0.896162
0.106876 9.99737E-05 0.0949705 9.99737E-05 0.0561416 0.141253 9.99737E-05 0.600459
0.0150233 9.99824E-05 9.99824E-05 0.0319119 0.0721472 0.188164 0.0789936 0.61356
9.99648E-05 9.99648E-05 0.0645679 9.99648E-05 0.0857254 0.122507 9.99648E-05 0.7268
0.0659347 9.99736E-05 9.99736E-05 9.99736E-05 0.306468 0.301999 0.00809642 0.317202
0.0168572 9.99649E-05 9.99649E-05 9.99649E-05 0.221516 0.0217466 9.99649E-05 0.739481
0.118339 9.996E-05 9.996E-05 9.996E-05 0.314863 0.258667 9.996E-05 0.307731
9.99649E-05 9.99649E-05 9.99649E-05 0.0523335 0.165742 0.218972 9.99649E-05 0.562552
0.0517216 0.0706557 9.99649E-05 9.99649E-05 9.99649E-05 0.0509663 9.99649E-05 0.826257
0.0188615 9.99736E-05 9.99736E-05 9.99736E-05 0.190825 0.166487 0.179655 0.443871
9.99561E-05 9.99561E-05 9.99561E-05 9.99561E-05 0.339562 0.262524 9.99561E-05 0.397414
0.0400367 9.99737E-05 0.0696157 9.99737E-05 0.0148118 0.205504 9.99737E-05 0.669732
9.99649E-05 9.99649E-05 0.0161157 9.99649E-05 0.0910581 0.288381 9.99649E-05 0.604045
0.010672 9.99648E-05 0.117609 9.99648E-05 9.99648E-05 0.098674 9.99648E-05 0.772646
0.259586 9.99736E-05 0.0387278 9.99736E-05 0.319417 0.212658 9.99736E-05 0.169312
0.0319963 9.99648E-05 9.99648E-05 9.99648E-05 0.132123 0.269098 9.99648E-05 0.566383
0.0043002 9.99648E-05 9.99648E-05 9.99648E-05 0.0547468 0.133814 9.99648E-05 0.806739
0.0283439 9.99736E-05 0.149187 0.0287991 0.123461 9.99736E-05 9.99736E-05 0.669909
9.99648E-05 9.99648E-05 0.076975 9.99648E-05 0.202262 0.367384 9.99648E-05 0.35298
9.994E-05 9.994E-05 9.994E-05 9.994E-05 9.994E-05 9.994E-05 9.994E-05 0.9993
0.0115536 9.99649E-05 9.99649E-05 9.99649E-05 0.00500303 0.0921558 9.99649E-05 0.890888
9.99474E-05 9.99474E-05 9.99474E-05 9.99474E-05 0.00820597 9.99474E-05 9.99474E-05 0.991194
0.001194 9.99649E-05 9.99649E-05 0.100725 0.00383258 9.99649E-05 9.99649E-05 0.893849
9.99648E-05 9.99648E-05 9.99648E-05 0.18737 0.207448 0.396145 9.99648E-05 0.208638
0.0177809 9.99736E-05 9.99736E-05 9.99736E-05 0.225578 0.0868787 0.0501151 0.619348
0.0233764 9.99649E-05 9.99649E-05 9.99649E-05 0.104023 0.0157406 9.99649E-05 0.85646
9.99474E-05 9.99474E-05 9.99474E-05 9.99474E-05 9.99474E-05 0.0597964 9.99474E-05 0.939604
0.126599 9.99736E-05 9.99736E-05 0.294969 0.21117 0.158248 9.99736E-05 0.208714
9.99649E-05 9.99649E-05 0.153131 9.99649E-05 0.13606 0.162884 9.99649E-05 0.547525
9.99824E-05 9.99824E-05 0.017606 0.114951 0.187894 0.0922174 0.193368 0.393763
9.99737E-05 9.99737E-05 0.133683 9.99737E-05 0.348574 0.279874 0.0210232 0.216546
9.99474E-05 9.99474E-05 9.99474E-05 9.99474E-05 9.99474E-05 0.0041941 9.99474E-05 0.995206
9.99648E-05 9.99648E-05 9.99648E-05 9.99648E-05 0.0311449 0.266571 0.268309 0.433575
9.99562E-05 9.99562E-05 9.99562E-05 0.0433411 0.0943676 9.99562E-05 9.99562E-05 0.861792
9.99561E-05 9.99561E-05 9.99561E-05 9.99561E-05 0.138561 0.154609 9.99561E-05 0.70633
9.99561E-05 9.99561E-05 9.99561E-05 9.99561E-05 0.202611 9.99561E-05 0.131425 0.665464
9.99736E-05 9.99736E-05 0.142059 9.99736E-05 0.00892538 0.0909116 0.0495687 0.708236
0.0561842 9.99736E-05 9.99736E-05 0.168079 0.315192 0.145606 9.99736E-05 0.31464
9.9956E-05 9.9956E-05 9.9956E-05 9.9956E-05 0.1955 0.20557 9.9956E-05 0.59843
9.99648E-05 9.99648E-05 0.115594 9.99648E-05 0.103501 0.0857713 9.99648E-05 0.694733
0.143984 9.99561E-05 9.99561E-05 9.99561E-05 9.99561E-05 0.0863968 9.99561E-05 0.76912
9.99649E-05 9.99649E-05 9.99649E-05 0.059858 0.220698 0.0565312 9.99649E-05 0.662513
9.994E-05 9.994E-05 9.994E-05 9.994E-05 9.994E-05 0.9993 9.994E-05 9.994E-05
9.994E-05 9.994E-05 9.994E-05 9.994E-05 0.9993 9.994E-05 9.994E-05 9.994E-05
9.994E-05 9.994E-05 9.994E-05 9.994E-05 9.994E-05 0.9993 9.994E-05 9.994E-05
9.994E-05 9.994E-05 9.994E-05 9.994E-05 0.9993 9.994E-05 9.994E-05 9.994E-05
9.994E-05 9.994E-05 9.994E-05 9.994E-05 0.9993 9.994E-05 9.994E-05 9.994E-05
9.994E-05 9.994E-05 9.994E-05 9.994E-05 0.9993 9.994E-05 9.994E-05 9.994E-05
9.994E-05 9.994E-05 9.994E-05 9.994E-05 9.994E-05 0.9993 9.994E-05 9.994E-05
9.994E-05 9.994E-05 9.994E-05 9.994E-05 0.9993 9.994E-05 9.994E-05 9.994E-05
9.994E-05 9.994E-05 9.994E-05 9.994E-05 0.9993 9.994E-05 9.994E-05 9.994E-05
9.994E-05 9.994E-05 9.994E-05 9.994E-05 9.994E-05 0.9993 9.994E-05 9.994E-05
9.994E-05 9.994E-05 9.994E-05 9.994E-05 9.994E-05 0.9993 9.994E-05 9.994E-05
9.994E-05 9.994E-05 9.994E-05 9.994E-05 9.994E-05 0.9993 9.994E-05 9.994E-05
9.994E-05 9.994E-05 9.994E-05 9.994E-05 0.9993 9.994E-05 9.994E-05 9.994E-05
9.994E-05 9.994E-05 9.994E-05 9.994E-05 0.9993 9.994E-05 9.994E-05 9.994E-05
9.994E-05 9.994E-05 9.994E-05 9.994E-05 9.994E-05 0.9993 9.994E-05 9.994E-05
9.994E-05 9.994E-05 9.994E-05 9.994E-05 9.994E-05 0.9993 9.994E-05 9.994E-05
0.0914711 9.99736E-05 9.99736E-05 9.99736E-05 0.15775 0.0949251 0.1795 0.476054
9.994E-05 9.994E-05 9.994E-05 9.994E-05 9.994E-05 0.9993 9.994E-05 9.994E-05
9.994E-05 9.994E-05 9.994E-05 9.994E-05 0.9993 9.994E-05 9.994E-05 9.994E-05
9.994E-05 9.994E-05 9.994E-05 9.994E-05 9.994E-05 0.9993 9.994E-05 9.994E-05
9.994E-05 9.994E-05 9.994E-05 9.994E-05 9.994E-05 0.9993 9.994E-05 9.994E-05
9.994E-05 9.994E-05 9.994E-05 9.994E-05 9.994E-05 0.9993 9.994E-05 9.994E-05
9.994E-05 9.994E-05 9.994E-05 9.994E-05 0.9993 9.994E-05 9.994E-05 9.994E-05
9.994E-05 9.994E-05 9.994E-05 9.994E-05 9.994E-05 0.9993 9.994E-05 9.994E-05
9.994E-05 9.994E-05 9.994E-05 9.994E-05 0.9993 9.994E-05 9.994E-05 9.994E-05
9.994E-05 9.994E-05 9.994E-05 9.994E-05 9.994E-05 0.9993 9.994E-05 9.994E-05
9.994E-05 9.994E-05 9.994E-05 9.994E-05 9.994E-05 0.9993 9.994E-05 9.994E-05
9.994E-05 9.994E-05 9.994E-05 9.994E-05 0.9993 9.994E-05 9.994E-05 9.994E-05
9.994E-05 9.994E-05 9.994E-05 9.994E-05 0.9993 9.994E-05 9.994E-05 9.994E-05
9.994E-05 9.994E-05 9.994E-05 9.994E-05 0.9993 9.994E-05 9.994E-05 9.994E-05
9.994E-05 9.994E-05 9.994E-05 9.994E-05 9.994E-05 0.9993 9.994E-05 9.994E-05
9.994E-05 9.994E-05 9.994E-05 9.994E-05 9.994E-05 0.9993 9.994E-05 9.994E-05
9.994E-05 9.994E-05 9.994E-05 9.994E-05 9.994E-05 0.9993 9.994E-05 9.994E-05
9.994E-05 9.994E-05 9.994E-05 9.994E-05 9.994E-05 0.9993 9.994E-05 9.994E-05
9.994E-05 9.994E-05 9.994E-05 9.994E-05 9.994E-05 0.9993 9.994E-05 9.994E-05
9.994E-05 9.994E-05 9.994E-05 9.994E-05 0.9993 9.994E-05 9.994E-05 9.994E-05
9.994E-05 9.994E-05 9.994E-05 9.994E-05 0.9993 9.994E-05 9.994E-05 9.994E-05
9.994E-05 9.994E-05 9.994E-05 9.994E-05 0.9993 9.994E-05 9.994E-05 9.994E-05
9.994E-05 9.994E-05 9.994E-05 9.994E-05 9.994E-05 0.9993 9.994E-05 9.994E-05
9.994E-05 9.994E-05 9.994E-05 9.994E-05 0.9993 9.994E-05 9.994E-05 9.994E-05
9.994E-05 9.994E-05 9.994E-05 9.994E-05 0.9993 9.994E-05 9.994E-05 9.994E-05
9.994E-05 9.994E-05 9.994E-05 9.994E-05 0.9993 9.994E-05 9.994E-05 9.994E-05
9.994E-05 9.994E-05 9.994E-05 9.994E-05 0.9993 9.994E-05 9.994E-05 9.994E-05
9.994E-05 9.994E-05 9.994E-05 9.994E-05 9.994E-05 0.9993 9.994E-05 9.994E-05
9.994E-05 9.994E-05 9.994E-05 9.994E-05 0.9993 9.994E-05 9.994E-05 9.994E-05
9.994E-05 9.994E-05 9.994E-05 9.994E-05 0.9993 9.994E-05 9.994E-05 9.994E-05
0.107971 9.99824E-05 9.99824E-05 0.0290496 0.143836 0.185178 0.217334 0.316432
9.994E-05 9.994E-05 9.994E-05 9.994E-05 9.994E-05 0.9993 9.994E-05 9.994E-05
9.994E-05 9.994E-05 9.994E-05 9.994E-05 0.9993 9.994E-05 9.994E-05 9.994E-05
9.994E-05 9.994E-05 9.994E-05 9.994E-05 0.9993 9.994E-05 9.994E-05 9.994E-05
9.994E-05 9.994E-05 9.994E-05 9.994E-05 0.9993 9.994E-05 9.994E-05 9.994E-05
9.994E-05 9.994E-05 9.994E-05 9.994E-05 0.9993 9.994E-05 9.994E-05 9.994E-05
9.994E-05 9.994E-05 9.994E-05 9.994E-05 9.994E-05 0.9993 9.994E-05 9.994E-05
9.994E-05 9.994E-05 9.994E-05 9.994E-05 0.9993 9.994E-05 9.994E-05 9.994E-05
9.994E-05 9.994E-05 9.994E-05 9.994E-05 9.994E-05 0.9993 9.994E-05 9.994E-05
9.994E-05 9.994E-05 9.994E-05 9.994E-05 0.9993 9.994E-05 9.994E-05 9.994E-05
9.994E-05 9.994E-05 9.994E-05 9.994E-05 9.994E-05 0.9993 9.994E-05 9.994E-05
9.994E-05 9.994E-05 9.994E-05 9.994E-05 0.9993 9.994E-05 9.994E-05 9.994E-05
9.994E-05 9.994E-05 9.994E-05 9.994E-05 0.9993 9.994E-05 9.994E-05 9.994E-05
9.994E-05 9.994E-05 9.994E-05 9.994E-05 0.9993 9.994E-05 9.994E-05 9.994E-05
9.994E-05 9.994E-05 9.994E-05 9.994E-05 0.9993 9.994E-05 9.994E-05 9.994E-05
9.994E-05 9.994E-05 9.994E-05 9.994E-05 0.9993 9.994E-05 9.994E-05 9.994E-05
9.994E-05 9.994E-05 9.994E-05 9.994E-05 0.9993 9.994E-05 9.994E-05 9.994E-05
9.994E-05 9.994E-05 9.994E-05 9.994E-05 9.994E-05 0.9993 9.994E-05 9.994E-05
9.994E-05 9.994E-05 9.994E-05 9.994E-05 9.994E-05 0.9993 9.994E-05 9.994E-05
9.994E-05 9.994E-05 9.994E-05 9.994E-05 9.994E-05 0.9993 9.994E-05 9.994E-05
9.994E-05 9.994E-05 9.994E-05 9.994E-05 0.9993 9.994E-05 9.994E-05 9.994E-05
9.994E-05 9.994E-05 9.994E-05 9.994E-05 9.994E-05 0.9993 9.994E-05 9.994E-05
9.994E-05 9.994E-05 9.994E-05 9.994E-05 9.994E-05 0.9993 9.994E-05 9.994E-05
9.994E-05 9.994E-05 9.994E-05 9.994E-05 9.994E-05 0.9993 9.994E-05 9.994E-05
9.994E-05 9.994E-05 9.994E-05 9.994E-05 0.9993 9.994E-05 9.994E-05 9.994E-05
9.994E-05 9.994E-05 9.994E-05 9.994E-05 0.9993 9.994E-05 9.994E-05 9.994E-05
9.994E-05 9.994E-05 9.994E-05 9.994E-05 0.9993 9.994E-05 9.994E-05 9.994E-05
9.994E-05 9.994E-05 9.994E-05 9.994E-05 9.994E-05 0.9993 9.994E-05 9.994E-05
9.994E-05 9.994E-05 9.994E-05 9.994E-05 0.9993 9.994E-05 9.994E-05 9.994E-05
9.994E-05 9.994E-05 9.994E-05 9.994E-05 0.9993 9.994E-05 9.994E-05 9.994E-05
9.994E-05 9.994E-05 9.994E-05 9.994E-05 9.994E-05 0.9993 9.994E-05 9.994E-05
9.994E-05 9.994E-05 9.994E-05 9.994E-05 0.9993 9.994E-05 9.994E-05 9.994E-05
9.994E-05 9.994E-05 9.994E-05 9.994E-05 0.9993 9.994E-05 9.994E-05 9.994E-05
0.00772128 9.99824E-05 0.253259 0.0700317 0.0995675 0.320997 9.99824E-05 0.248223
9.994E-05 9.994E-05 9.994E-05 9.994E-05 9.994E-05 0.9993 9.994E-05 9.994E-05
9.994E-05 9.994E-05 9.994E-05 9.994E-05 0.9993 9.994E-05 9.994E-05 9.994E-05
0.0438321 9.99737E-05 0.105562 9.99737E-05 0.466548 0.0582336 9.99737E-05 0.325524
0.0831936 9.99736E-05 9.99736E-05 9.99736E-05 0.281956 0.186408 0.0755514 0.372591
0.0379274 9.99736E-05 9.99736E-05 9.99736E-05 0.0625345 0.366946 0.024354 0.507938
0.0397533 9.99736E-05 0.0602626 9.99736E-05 9.99736E-05 0.244112 0.0553414 0.60023
9.99648E-05 9.99648E-05 9.99648E-05 0.0146423 0.278559 0.386473 9.99648E-05 0.319926
9.99562E-05 0.0256619 9.99562E-05 9.99562E-05 0.122724 9.99562E-05 9.99562E-05 0.851114
0.00934886 9.99824E-05 0.0362279 9.99824E-05 0.302316 0.341347 0.0732709 0.237289
0.0227662 9.99736E-05 0.158873 9.99736E-05 0.184043 0.0852817 9.99736E-05 0.548737
9.99561E-05 9.99561E-05 9.99561E-05 9.99561E-05 0.225616 0.0710752 9.99561E-05 0.702809
0.00537686 9.99648E-05 9.99648E-05 9.99648E-05 9.99648E-05 0.17115 0.192945 0.630128
9.99648E-05 9.99648E-05 0.0624376 9.99648E-05 0.0988186 0.302585 9.99648E-05 0.535759
9.99561E-05 9.99561E-05 9.99561E-05 9.99561E-05 0.527632 0.055315 9.99561E-05 0.416553
9.99649E-05 9.99649E-05 9.99649E-05 9.99649E-05 0.224502 0.325856 0.229919 0.219324
0.0480275 9.99736E-05 0.0808015 9.99736E-05 0.073757 0.0633067 9.99736E-05 0.733807
0.0226645 9.99736E-05 9.99736E-05 9.99736E-05 0.123703 0.311649 0.0494731 0.49221
9.99824E-05 9.99824E-05 0.031028 0.123104 0.31191 0.193554 0.048516 0.291688
9.99649E-05 9.99649E-05 0.0297192 9.99649E-05 0.135333 0.145934 9.99649E-05 0.688613
9.99736E-05 9.99736E-05 0.145042 0.00262402 0.0681134 0.458641 9.99736E-05 0.32528
0.132017 9.99648E-05 9.99648E-05 0.240134 0.140042 9.99648E-05 9.99648E-05 0.487408
9.99648E-05 9.99648E-05 9.99648E-05 9.99648E-05 0.187436 0.283941 0.0887342 0.439488
0.00868367 9.99824E-05 9.99824E-05 0.0421048 0.179023 0.0876808 0.097766 0.584542
9.99561E-05 9.99561E-05 9.99561E-05 9.99561E-05 0.255285 9.99561E-05 0.103857 0.640357
0.101072 9.99824E-05 0.0692404 9.99824E-05 0.162004 0.218577 0.0695456 0.379361
0.00565898 9.99736E-05 0.0600398 9.99736E-05 0.19624 0.155579 9.99736E-05 0.582182
0.0479714 9.99736E-05 0.0762037 9.99736E-05 0.0618313 0.0508359 9.99736E-05 0.762858
9.99474E-05 9.99474E-05 9.99474E-05 0.0633908 9.99474E-05 9.99474E-05 9.99474E-05 0.936009
0.00445799 9.99824E-05 9.99824E-05 0.000478084 0.0878738 0.147593 0.116422 0.642975
0.0134895 9.99736E-05 9.99736E-05 9.99736E-05 0.293903 0.351328 0.00957256 0.331407
0.0532331 9.99736E-05 0.0221144 9.99736E-05 9.99736E-05 0.117027 0.0950634 0.712262
0.147215 9.99736E-05 0.0481204 9.99736E-05 0.145277 0.145582 9.99736E-05 0.513506
9.99736E-05 9.99736E-05 9.99736E-05 0.0183087 0.404615 0.19809 0.063803 0.314883
9.99649E-05 9.99649E-05 9.99649E-05 0.00839724 0.306599 0.156229 9.99649E-05 0.528375
0.0123146 9.99736E-05 9.99736E-05 0.108609 0.236428 0.176171 9.99736E-05 0.466178
9.99648E-05 9.99648E-05 0.204902 9.99648E-05 0.271248 0.138707 9.99648E-05 0.384744
9.99736E-05 9.99736E-05 0.0763255 9.99736E-05 0.184886 0.244506 0.0866443 0.407339
9.99648E-05 9.99648E-05 9.99648E-05 9.99648E-05 0.112837 0.229483 0.127699 0.529582
9.994E-05 9.994E-05 9.994E-05 9.994E-05 9.994E-05 9.994E-05 9.994E-05 0.9993
9.99736E-05 9.99736E-05 0.0722574 0.0637725 9.99736E-05 0.329418 0.187323 0.346929
0.0311554 9.99824E-05 0.0510461 9.99824E-05 0.0860849 0.0966068 0.0160949 0.718812
9.99648E-05 9.99648E-05 9.99648E-05 9.99648E-05 0.225347 0.213199 0.204105 0.356949
9.99648E-05 9.99648E-05 0.035844 9.99648E-05 0.0657545 0.290587 9.99648E-05 0.607415
0.0330789 9.99824E-05 9.99824E-05 0.062093 0.0247951 0.14268 0.111604 0.625549
0.0134517 9.99736E-05 9.99736E-05 9.99736E-05 0.200043 0.233744 0.104189 0.448273
9.99649E-05 9.99649E-05 9.99649E-05 0.0426741 0.575049 0.0966375 9.99649E-05 0.28524
9.99736E-05 9.99736E-05 0.0605345 0.00726625 0.447019 0.341255 9.99736E-05 0.143626
9.99648E-05 9.99648E-05 0.0186896 9.99648E-05 0.219966 0.189156 9.99648E-05 0.571788
9.994E-05 9.994E-05 9.994E-05 9.994E-05 9.994E-05 9.994E-05 9.994E-05 0.9993
0.026632 9.99736E-05 0.110381 9.99736E-05 0.147592 0.0863008 9.99736E-05 0.628795
9.994E-05 9.994E-05 9.994E-05 9.994E-05 9.994E-05 9.994E-05 9.994E-05 0.9993
9.99736E-05 9.99736E-05 9.99736E-05 0.195067 0.14155 0.160988 0.219892 0.282202
9.99473E-05 9.99473E-05 9.99473E-05 0.0298085 9.99473E-05 9.99473E-05 9.99473E-05 0.969592
9.99649E-05 9.99649E-05 0.0232763 9.99649E-05 0.00209533 0.344123 9.99649E-05 0.630105
9.99736E-05 9.99736E-05 0.0174161 0.244945 9.99736E-05 0.299713 0.113223 0.324402
9.99648E-05 9.99648E-05 9.99648E-05 0.25349 0.129506 0.145429 9.99648E-05 0.471175
0.000297556 9.99736E-05 9.99736E-05 9.99736E-05 0.041603 0.0906366 0.204574 0.662589
0.0381112 9.99736E-05 0.0150605 9.99736E-05 0.33114 0.0389692 9.99736E-05 0.576419
9.9965E-05 9.9965E-05 0.0148902 0.0594852 9.9965E-05 0.163573 9.9965E-05 0.761651
9.99473E-05 9.99473E-05 9.99473E-05 9.99473E-05 0.214858 9.99473E-05 9.99473E-05 0.784543
0.0276476 9.99649E-05 9.99649E-05 9.99649E-05 0.234794 0.2184 9.99649E-05 0.518759
9.99649E-05 9.99649E-05 9.99649E-05 0.0745048 0.235243 0.256555 9.99649E-05 0.433298
9.994E-05 9.994E-05 9.994E-05 9.994E-05 9.994E-05 9.994E-05 9.994E-05 0.9993
9.99474E-05 9.99474E-05 9.99474E-05 9.99474E-05 0.0998191 9.99474E-05 9.99474E-05 0.899581
9.99649E-05 0.0539625 9.99649E-05 9.99649E-05 0.00304463 0.167174 9.99649E-05 0.775419
9.99649E-05 9.99649E-05 0.0609914 9.99649E-05 0.135496 0.12557 9.99649E-05 0.677543
0.142647 9.99648E-05 9.99648E-05 9.99648E-05 0.247588 0.0574376 9.99648E-05 0.551927
0.00459307 9.99737E-05 9.99737E-05 9.99737E-05 0.323747 0.0314365 0.00682885 0.633095
9.99561E-05 9.99561E-05 9.99561E-05 9.99561E-05 0.0345255 0.063862 9.99561E-05 0.901113
9.99737E-05 9.99737E-05 0.0153571 0.0523694 0.276822 0.30311 9.99737E-05 0.352042
0.0751754 9.99648E-05 9.99648E-05 9.99648E-05 0.0335401 0.363698 9.99648E-05 0.527186
9.99562E-05 9.99562E-05 9.99562E-05 0.209231 9.99562E-05 0.0449199 9.99562E-05 0.745349
9.99649E-05 9.99649E-05 9.99649E-05 0.349139 0.0728049 0.223407 9.99649E-05 0.35425
9.99649E-05 0.086053 9.99649E-05 0.0840918 9.99649E-05 0.0933659 9.99649E-05 0.736089
9.99561E-05 9.99561E-05 9.99561E-05 9.99561E-05 0.323818 0.291323 9.99561E-05 0.38436
0.0631629 9.99737E-05 0.0948511 0.297742 9.99737E-05 9.99737E-05 0.0583564 0.485588
9.99474E-05 9.99474E-05 9.99474E-05 9.99474E-05 9.99474E-05 0.084955 9.99474E-05 0.914445
9.99648E-05 9.99648E-05 9.99648E-05 0.305201 0.0945323 0.0436471 9.99648E-05 0.55622
9.99562E-05 0.0109341 9.99562E-05 0.216364 9.99562E-05 9.99562E-05 9.99562E-05 0.772202
9.9956E-05 9.9956E-05 0.0226245 9.9956E-05 9.9956E-05 0.213518 9.9956E-05 0.763358
9.99474E-05 9.99474E-05 9.99474E-05 0.261499 9.99474E-05 9.99474E-05 9.99474E-05 0.737901
9.99736E-05 9.99736E-05 0.0560824 0.0737182 0.368044 0.0826856 9.99736E-05 0.41917
0.0219948 9.99648E-05 9.99648E-05 9.99648E-05 0.271205 9.99648E-05 0.104891 0.601509
0.110694 9.99824E-05 0.0996528 9.99824E-05 0.203689 0.0220021 0.179701 0.384061
9.99474E-05 9.99474E-05 9.99474E-05 0.09416 9.99474E-05 9.99474E-05 9.99474E-05 0.90524
9.99649E-05 9.99649E-05 0.0371967 9.99649E-05 0.18041 0.0595338 9.99649E-05 0.72246
0.202932 9.99648E-05 9.99648E-05 0.139767 0.159115 9.99648E-05 9.99648E-05 0.497787
0.00526331 9.99736E-05 9.99736E-05 0.151791 0.000441697 0.134753 9.99736E-05 0.707451
0.0442692 9.99736E-05 0.160247 9.99736E-05 0.0265568 0.205322 9.99736E-05 0.563306
9.99648E-05 9.99648E-05 0.0411204 9.99648E-05 0.354483 0.250479 9.99648E-05 0.353518
0.0899811 9.99737E-05 9.99737E-05 9.99737E-05 0.114997 0.345117 0.074249 0.375356
0.0414011 9.99736E-05 0.00252804 9.99736E-05 0.188415 0.331581 9.99736E-05 0.435775
0.182272 9.99737E-05 9.99737E-05 0.10749 0.0652554 0.158368 9.99737E-05 0.486315
9.99736E-05 9.99736E-05 0.0833595 0.24819 0.0530451 0.315408 9.99736E-05 0.299698
9.99737E-05 0.0232422 9.99737E-05 0.0671573 0.371475 0.219148 9.99737E-05 0.318678
0.239339 9.99736E-05 0.0904187 0.176575 0.0631224 9.99736E-05 9.99736E-05 0.430245
9.99561E-05 9.99561E-05 9.99561E-05 0.20192 0.186591 9.99561E-05 9.99561E-05 0.610989
9.99561E-05 9.99561E-05 0.0222207 0.125243 9.99561E-05 9.99561E-05 9.99561E-05 0.852037
0.00256393 9.99648E-05 9.99648E-05 9.99648E-05 0.297648 9.99648E-05 0.189469 0.509919
9.99648E-05 9.99648E-05 0.141539 9.99648E-05 0.0707402 0.353839 9.99648E-05 0.433482
9.99649E-05 9.99649E-05 0.0952384 0.00619872 9.99649E-05 0.439912 9.99649E-05 0.458251
0.000127022 9.99824E-05 9.99824E-05 0.0342049 0.0614077 0.516996 0.0716325 0.315432
0.0448082 9.99736E-05 0.144063 9.99736E-05 0.229537 9.99736E-05 0.185506 0.395786
9.99561E-05 9.99561E-05 9.99561E-05 9.99561E-05 0.0836784 0.445322 9.99561E-05 0.4705
0.159143 9.99824E-05 0.121992 0.0831384 0.118993 0.117649 9.99824E-05 0.398886
9.99649E-05 0.011657 9.99649E-05 0.128537 0.0810233 9.99649E-05 9.99649E-05 0.778383
0.00333887 0.033257 0.010405 0.14434 0.101991 0.10896 9.99912E-05 0.597608
9.99649E-05 9.99649E-05 9.99649E-05 0.0810354 0.16518 0.223678 9.99649E-05 0.529707
0.00998699 9.99736E-05 0.200716 0.165222 9.99736E-05 0.244985 9.99736E-05 0.37879
9.99562E-05 9.99562E-05 9.99562E-05 0.127676 0.00426754 9.99562E-05 9.99562E-05 0.867557
9.99474E-05 9.99474E-05 9.99474E-05 0.135912 9.99474E-05 9.99474E-05 9.99474E-05 0.863489
0.0181701 9.99649E-05 0.135395 9.99649E-05 0.0697715 9.99649E-05 9.99649E-05 0.776264
0.0338665 9.99648E-05 9.99648E-05 9.99648E-05 0.0895537 0.128667 9.99648E-05 0.747513
9.99473E-05 9.99473E-05 9.99473E-05 9.99473E-05 9.99473E-05 0.198409 9.99473E-05 0.800991
9.99561E-05 9.99561E-05 9.99561E-05 9.99561E-05 0.115784 0.31752 9.99561E-05 0.566197
9.99648E-05 9.99648E-05 9.99648E-05 9.99648E-05 0.0889977 0.292233 0.0958579 0.522511
0.164311 9.99648E-05 0.119496 9.99648E-05 9.99648E-05 0.400769 9.99648E-05 0.315024
9.99561E-05 9.99561E-05 9.99561E-05 0.164045 0.308193 9.99561E-05 9.99561E-05 0.527262
9.9956E-05 9.9956E-05 9.9956E-05 9.9956E-05 0.208512 0.157462 9.9956E-05 0.633526
0.0226664 9.99648E-05 0.207723 9.99648E-05 9.99648E-05 0.345384 9.99648E-05 0.423826
0.0504308 9.99737E-05 0.00795254 9.99737E-05 0.0115775 0.0487701 9.99737E-05 0.880969
9.99648E-05 9.99648E-05 9.99648E-05 0.137672 9.99648E-05 0.394748 0.19218 0.275
9.9956E-05 9.9956E-05 0.133081 9.9956E-05 9.9956E-05 0.336261 9.9956E-05 0.530158
9.99648E-05 9.99648E-05 0.0978336 9.99648E-05 0.233489 0.18588 9.99648E-05 0.482398
9.99648E-05 9.99648E-05 9.99648E-05 0.319072 0.0881878 0.338408 9.99648E-05 0.253932
9.99649E-05 9.99649E-05 9.99649E-05 9.99649E-05 0.198744 0.137886 0.191618 0.471352
9.99561E-05 9.99561E-05 9.99561E-05 0.411924 0.00946483 9.99561E-05 9.99561E-05 0.578111
9.99648E-05 9.99648E-05 0.164565 9.99648E-05 0.132702 0.349044 9.99648E-05 0.353289
0.0509803 9.99649E-05 9.99649E-05 0.0606667 9.99649E-05 0.0742317 9.99649E-05 0.813721
9.99475E-05 9.99475E-05 9.99475E-05 0.306304 9.99475E-05 9.99475E-05 9.99475E-05 0.693097
0.0158017 9.99736E-05 9.99736E-05 9.99736E-05 0.218445 0.186069 0.205274 0.374109
0.0399976 9.99824E-05 9.99824E-05 0.145371 0.11748 0.18936 0.0580191 0.449573
9.99912E-05 0.0141586 0.0385995 0.423969 0.137635 0.221233 0.109044 0.0552619
9.99737E-05 9.99737E-05 0.0639583 0.421763 0.0416861 0.342096 0.130196 9.99737E-05
9.99737E-05 9.99737E-05 0.100955 0.410485 0.177053 0.116708 0.194499 9.99737E-05
9.99737E-05 9.99737E-05 0.0796444 0.537079 9.99737E-05 0.124892 0.195904 0.0621799
0.14608 9.99824E-05 0.136092 0.426815 0.0352787 0.179709 0.0758258 9.99824E-05
9.99737E-05 0.216875 9.99737E-05 0.49719 0.00820348 0.231671 0.0457604 9.99737E-05
9.99737E-05 9.99737E-05 0.0692278 0.187624 0.155616 0.582505 0.00472705 9.99737E-05
0.00929895 9.99825E-05 0.0458346 0.544154 0.0487681 0.187062 0.164682 9.99825E-05
9.9965E-05 0.160041 0.11565 0.70034 9.9965E-05 9.9965E-05 0.0235685 9.9965E-05
9.99648E-05 9.99648E-05 9.99648E-05 0.580619 0.124331 0.247971 0.0466797 9.99648E-05
0.0069563 9.99912E-05 0.179258 0.207962 0.0617306 0.405177 0.0809601 0.0578571
0.240182 0.105678 0.00357726 0.375818 9.99737E-05 0.274444 9.99737E-05 9.99737E-05
0.024373 9.99737E-05 9.99737E-05 0.352912 0.0819432 0.376079 0.164393 9.99737E-05
9.99737E-05 0.284899 0.011411 0.576928 9.99737E-05 0.122555 0.00390689 9.99737E-05
9.99737E-05 9.99737E-05 0.182099 0.37836 9.99737E-05 0.366946 0.0166386 0.0556566
9.99649E-05 9.99649E-05 9.99649E-05 0.408098 0.136719 0.214335 0.240449 9.99649E-05
9.99736E-05 9.99736E-05 0.075361 0.477402 0.0259 0.277879 0.143158 9.99736E-05
0.0421627 9.99737E-05 0.0025409 0.522774 9.99737E-05 0.277895 0.154328 9.99737E-05
0.0341792 9.99824E-05 0.149574 0.462601 0.0397761 0.21927 0.0943987 9.99824E-05
9.99649E-05 9.99649E-05 9.99649E-05 0.482973 0.124937 0.219556 0.172133 9.99649E-05
9.99824E-05 0.00344001 0.149632 0.345327 0.119691 0.3688 0.0129109 9.99824E-05
9.99912E-05 0.0389142 0.0151318 0.350919 0.00960043 0.329762 0.2527 0.00287347
0.102469 0.0646028 0.115882 0.185015 0.029047 0.502784 9.99825E-05 9.99825E-05
9.9956E-05 9.9956E-05 0.0175799 0.930734 0.0511862 9.9956E-05 9.9956E-05 9.9956E-05
9.99472E-05 9.99472E-05 9.99472E-05 0.89039 0.109011 9.99472E-05 9.99472E-05 9.99472E-05
0.0289787 9.99648E-05 9.99648E-05 0.877575 0.0267183 0.0663281 9.99648E-05 9.99648E-05
0.0266218 9.99648E-05 0.0122259 0.857904 9.99648E-05 0.102848 9.99648E-05 9.99648E-05
0.00689357 9.99473E-05 9.99473E-05 0.992507 9.99473E-05 9.99473E-05 9.99473E-05 9.99473E-05
9.99473E-05 9.99473E-05 9.99473E-05 0.929087 0.070313 9.99473E-05 9.99473E-05 9.99473E-05
9.99472E-05 9.99472E-05 9.99472E-05 0.916477 0.0829233 9.99472E-05 9.99472E-05 9.99472E-05
9.99474E-05 9.99474E-05 9.99474E-05 0.946185 9.99474E-05 0.0532155 9.99474E-05 9.99474E-05
9.99736E-05 9.99736E-05 9.99736E-05 0.748914 0.0416233 0.126381 0.0572476 0.025534
9.9956E-05 9.9956E-05 9.9956E-05 0.742942 0.185615 0.0709435 9.9956E-05 9.9956E-05
0.0489921 9.99472E-05 9.99472E-05 0.950408 9.99472E-05 9.99472E-05 9.99472E-05 9.99472E-05
9.994E-05 9.994E-05 9.994E-05 0.9993 9.994E-05 9.994E-05 9.994E-05 9.994E-05
9.9956E-05 9.9956E-05 9.9956E-05 0.762943 0.17169 0.0648669 9.9956E-05 9.9956E-05
9.99473E-05 9.99473E-05 9.99473E-05 0.967529 0.0318712 9.99473E-05 9.99473E-05 9.99473E-05
9.994E-05 9.994E-05 9.994E-05 0.9993 9.994E-05 9.994E-05 9.994E-05 9.994E-05
9.99473E-05 9.99473E-05 9.99473E-05 0.946536 0.0528642 9.99473E-05 9.99473E-05 9.99473E-05
9.99472E-05 9.99472E-05 0.0220922 0.977308 9.99472E-05 9.99472E-05 9.99472E-05 9.99472E-05
9.994E-05 9.994E-05 9.994E-05 0.9993 9.994E-05 9.994E-05 9.994E-05 9.994E-05
9.99472E-05 9.99472E-05 9.99472E-05 0.918146 0.0812541 9.99472E-05 9.99472E-05 9.99472E-05
9.994E-05 9.994E-05 9.994E-05 0.9993 9.994E-05 9.994E-05 9.994E-05 9.994E-05
9.9956E-05 9.9956E-05 9.9956E-05 0.652887 0.315266 0.0313472 9.9956E-05 9.9956E-05
9.994E-05 9.994E-05 9.994E-05 0.9993 9.994E-05 9.994E-05 9.994E-05 9.994E-05
9.9956E-05 9.9956E-05 9.9956E-05 0.625973 0.264303 0.109224 9.9956E-05 9.9956E-05
0.0151621 9.99561E-05 9.99561E-05 9.99561E-05 9.99561E-05 0.1038 9.99561E-05 0.880538
9.994E-05 9.994E-05 9.994E-05 0.9993 9.994E-05 9.994E-05 9.994E-05 9.994E-05
9.994E-05 9.994E-05 9.994E-05 0.9993 9.994E-05 9.994E-05 9.994E-05 9.994E-05
9.9956E-05 9.9956E-05 9.9956E-05 0.715477 9.9956E-05 0.25274 0.0312828 9.9956E-05
9.994E-05 9.994E-05 9.994E-05 0.9993 9.994E-05 9.994E-05 9.994E-05 9.994E-05
9.9956E-05 9.9956E-05 9.9956E-05 0.696441 0.193001 0.110058 9.9956E-05 9.9956E-05
9.994E-05 9.994E-05 9.994E-05 0.9993 9.994E-05 9.994E-05 9.994E-05 9.994E-05
9.994E-05 9.994E-05 9.994E-05 0.9993 9.994E-05 9.994E-05 9.994E-05 9.994E-05
9.99472E-05 9.99472E-05 9.99472E-05 0.966962 9.99472E-05 0.0324381 9.99472E-05 9.99472E-05
9.99561E-05 9.99561E-05 0.0314152 0.940682 0.0274032 9.99561E-05 9.99561E-05 9.99561E-05
9.99472E-05 9.99472E-05 9.99472E-05 0.898479 0.100921 9.99472E-05 9.99472E-05 9.99472E-05
9.99472E-05 9.99472E-05 9.99472E-05 0.998743 9.99472E-05 0.000657393 9.99472E-05 9.99472E-05
9.99472E-05 9.99472E-05 9.99472E-05 0.92142 9.99472E-05 0.0779802 9.99472E-05 9.99472E-05
9.9956E-05 9.9956E-05 9.9956E-05 0.824554 0.0528336 0.122113 9.9956E-05 9.9956E-05
9.994E-05 9.994E-05 9.994E-05 0.9993 9.994E-05 9.994E-05 9.994E-05 9.994E-05
9.99648E-05 9.99648E-05 9.99648E-05 0.735633 0.0509278 0.180378 0.032661 9.99648E-05
9.99473E-05 9.99473E-05 9.99473E-05 0.987527 0.0118731 9.99473E-05 9.99473E-05 9.99473E-05
9.994E-05 9.994E-05 9.994E-05 0.9993 9.994E-05 9.994E-05 9.994E-05 9.994E-05
9.994E-05 9.994E-05 9.994E-05 0.9993 9.994E-05 9.994E-05 9.994E-05 9.994E-05
9.99648E-05 9.99648E-05 0.0662219 0.549068 0.18473 0.19958 9.99648E-05 9.99648E-05
9.9956E-05 9.9956E-05 9.9956E-05 0.953059 0.0427855 0.00365587 9.9956E-05 9.9956E-05
9.99825E-05 0.0537849 0.0322759 0.141694 0.0566099 0.234135 0.481301 9.99825E-05
9.99737E-05 0.0120906 9.99737E-05 0.0309794 0.162227 0.136425 0.657978 9.99737E-05
0.0421718 9.99779E-05 0.339872 0.0972338 0.282114 9.99779E-05 0.238308 9.99779E-05
9.99824E-05 0.0819259 0.105904 0.0118381 0.134369 0.185097 0.480667 9.99824E-05
9.99825E-05 0.0167432 0.0349199 0.0981672 0.153314 0.262528 0.434127 9.99825E-05
9.99825E-05 0.0205008 0.194899 0.0931483 0.123023 0.253353 0.314877 9.99825E-05
9.99825E-05 0.0298683 0.135404 0.0190284 0.138604 0.222665 0.45423 9.99825E-05
9.99737E-05 9.99737E-05 0.0381038 0.0140174 0.0585448 0.423867 0.465167 9.99737E-05
9.99737E-05 9.99737E-05 0.117076 0.0908415 0.399976 0.0122342 0.379572 9.99737E-05
0.0568981 0.0827261 0.442632 0.0158672 0.108068 0.250885 0.0428237 9.99912E-05
9.99737E-05 9.99737E-05 0.0999872 0.148894 0.125517 0.219373 0.40593 9.99737E-05
9.99737E-05 9.99737E-05 0.135724 0.129538 0.199201 0.0790972 0.45614 9.99737E-05
9.99737E-05 0.0626813 0.140033 9.99737E-05 0.0777104 0.249732 0.469543 9.99737E-05
9.99824E-05 0.0700832 0.006144 0.06523 0.0888283 0.222804 0.546711 9.99824E-05
9.99825E-05 0.0417117 0.0639177 0.103068 0.114353 0.128289 0.548461 9.99825E-05
9.99649E-05 9.99649E-05 0.12223 9.99649E-05 0.0420781 0.32125 0.514042 9.99649E-05
9.99825E-05 0.00941713 0.075668 0.0735922 0.111723 0.322359 0.40704 9.99825E-05
9.99825E-05 0.00582558 0.0464716 0.0388452 0.23677 0.183988 0.4879 9.99825E-05
9.99737E-05 9.99737E-05 0.342889 0.0369362 0.215655 0.201479 0.202741 9.99737E-05
9.99824E-05 0.0259085 0.149682 0.0187436 0.0418222 0.369514 0.394129 9.99824E-05
9.994E-05 9.994E-05 0.9993 9.994E-05 9.994E-05 9.994E-05 9.994E-05 9.994E-05
9.994E-05 9.994E-05 0.9993 9.994E-05 9.994E-05 9.994E-05 9.994E-05 9.994E-05
9.994E-05 9.994E-05 0.9993 9.994E-05 9.994E-05 9.994E-05 9.994E-05 9.994E-05
9.994E-05 9.994E-05 0.9993 9.994E-05 9.994E-05 9.994E-05 9.994E-05 9.994E-05
9.994E-05 9.994E-05 0.9993 9.994E-05 9.994E-05 9.994E-05 9.994E-05 9.994E-05
9.994E-05 9.994E-05 0.9993 9.994E-05 9.994E-05 9.994E-05 9.994E-05 9.994E-05
9.994E-05 9.994E-05 0.9993 9.994E-05 9.994E-05 9.994E-05 9.994E-05 9.994E-05
9.994E-05 9.994E-05 0.9993 9.994E-05 9.994E-05 9.994E-05 9.994E-05 9.994E-05
9.994E-05 9.994E-05 0.9993 9.994E-05 9.994E-05 9.994E-05 9.994E-05 9.994E-05
9.994E-05 9.994E-05 0.9993 9.994E-05 9.994E-05 9.994E-05 9.994E-05 9.994E-05
9.994E-05 9.994E-05 0.9993 9.994E-05 9.994E-05 9.994E-05 9.994E-05 9.994E-05
9.994E-05 9.994E-05 0.9993 9.994E-05 9.994E-05 9.994E-05 9.994E-05 9.994E-05
9.994E-05 9.994E-05 0.9993 9.994E-05 9.994E-05 9.994E-05 9.994E-05 9.994E-05
9.994E-05 9.994E-05 0.9993 9.994E-05 9.994E-05 9.994E-05 9.994E-05 9.994E-05
9.994E-05 9.994E-05 0.9993 9.994E-05 9.994E-05 9.994E-05 9.994E-05 9.994E-05
9.994E-05 9.994E-05 0.9993 9.994E-05 9.994E-05 9.994E-05 9.994E-05 9.994E-05
9.994E-05 9.994E-05 0.9993 9.994E-05 9.994E-05 9.994E-05 9.994E-05 9.994E-05
9.994E-05 9.994E-05 0.9993 9.994E-05 9.994E-05 9.994E-05 9.994E-05 9.994E-05
9.994E-05 9.994E-05 0.9993 9.994E-05 9.994E-05 9.994E-05 9.994E-05 9.994E-05
9.994E-05 9.994E-05 0.9993 9.994E-05 9.994E-05 9.994E-05 9.994E-05 9.994E-05
9.994E-05 9.994E-05 0.9993 9.994E-05 9.994E-05 9.994E-05 9.994E-05 9.994E-05
9.994E-05 9.994E-05 0.9993 9.994E-05 9.994E-05 9.994E-05 9.994E-05 9.994E-05
9.994E-05 9.994E-05 0.9993 9.994E-05 9.994E-05 9.994E-05 9.994E-05 9.994E-05
9.994E-05 9.994E-05 0.9993 9.994E-05 9.994E-05 9.994E-05 9.994E-05 9.994E-05
9.994E-05 9.994E-05 0.9993 9.994E-05 9.994E-05 9.994E-05 9.994E-05 9.994E-05
9.994E-05 9.994E-05 0.9993 9.994E-05 9.994E-05 9.994E-05 9.994E-05 9.994E-05
9.994E-05 9.994E-05 0.9993 9.994E-05 9.994E-05 9.994E-05 9.994E-05 9.994E-05
9.994E-05 9.994E-05 0.9993 9.994E-05 9.994E-05 9.994E-05 9.994E-05 9.994E-05
9.994E-05 9.994E-05 0.9993 9.994E-05 9.994E-05 9.994E-05 9.994E-05 9.994E-05
9.994E-05 9.994E-05 0.9993 9.994E-05 9.994E-05 9.994E-05 9.994E-05 9.994E-05
9.994E-05 9.994E-05 0.9993 9.994E-05 9.994E-05 9.994E-05 9.994E-05 9.994E-05
9.994E-05 9.994E-05 0.9993 9.994E-05 9.994E-05 9.994E-05 9.994E-05 9.994E-05
9.994E-05 9.994E-05 0.9993 9.994E-05 9.994E-05 9.994E-05 9.994E-05 9.994E-05
9.994E-05 9.994E-05 0.9993 9.994E-05 9.994E-05 9.994E-05 9.994E-05 9.994E-05
9.994E-05 9.994E-05 0.9993 9.994E-05 9.994E-05 9.994E-05 9.994E-05 9.994E-05
9.994E-05 9.994E-05 0.9993 9.994E-05 9.994E-05 9.994E-05 9.994E-05 9.994E-05
9.994E-05 9.994E-05 0.9993 9.994E-05 9.994E-05 9.994E-05 9.994E-05 9.994E-05
9.994E-05 9.994E-05 0.9993 9.994E-05 9.994E-05 9.994E-05 9.994E-05 9.994E-05
9.994E-05 9.994E-05 0.9993 9.994E-05 9.994E-05 9.994E-05 9.994E-05 9.994E-05
9.994E-05 9.994E-05 0.9993 9.994E-05 9.994E-05 9.994E-05 9.994E-05 9.994E-05
