9.99649E-05 9.99649E-05 9.99649E-05 0.667192 0.131425 0.176067 0.024916 9.99649E-05
9.9965E-05 9.9965E-05 9.9965E-05 0.750085 0.0365416 0.204607 0.00836601 9.9965E-05
9.9965E-05 9.9965E-05 0.0277535 0.871353 0.0950835 9.9965E-05 0.00541062 9.9965E-05
0.0750703 0.0223655 0.353035 0.410636 0.0926254 9.99825E-05 9.99825E-05 0.0460674
9.99563E-05 9.99563E-05 0.255943 0.665974 9.99563E-05 0.0775834 9.99563E-05 9.99563E-05
0.18876 0.140609 0.313107 0.279421 9.99825E-05 0.0737558 9.99825E-05 0.00414722
9.997E-05 9.997E-05 0.293995 0.395703 0.128889 0.166516 9.997E-05 0.014596
9.99825E-05 0.185206 0.461812 0.254018 0.0525445 0.0266778 0.0195415 9.99825E-05
0.0486067 0.230808 0.117753 0.461665 0.00671804 9.99824E-05 9.99824E-05 0.134249
9.99562E-05 9.99562E-05 9.99562E-05 0.975706 0.00448618 9.99562E-05 0.019308 9.99562E-05
9.99562E-05 0.00434708 9.99562E-05 0.835193 0.15996 9.99562E-05 9.99562E-05 9.99562E-05
9.99475E-05 9.99475E-05 0.0741745 0.925226 9.99475E-05 9.99475E-05 9.99475E-05 9.99475E-05
9.9965E-05 9.9965E-05 0.109166 0.821649 0.0518492 9.9965E-05 0.0169357 9.9965E-05
0.204748 9.9965E-05 0.0482557 0.620657 0.125939 9.9965E-05 9.9965E-05 9.9965E-05
0.150855 0.128021 0.0548598 0.582403 9.99737E-05 0.0835615 9.99737E-05 9.99737E-05
9.99561E-05 0.18307 0.302732 0.513698 9.99561E-05 9.99561E-05 9.99561E-05 9.99561E-05
0.0856078 9.99738E-05 0.0775494 0.643021 0.0181116 0.175411 9.99738E-05 9.99738E-05
9.997E-05 0.0665283 9.997E-05 0.662943 0.0167253 9.997E-05 0.170711 0.0827924
9.99825E-05 0.153746 0.0638469 0.658284 0.0561215 9.99825E-05 0.0549176 0.0128848
9.99563E-05 9.99563E-05 9.99563E-05 0.958594 0.011386 9.99563E-05 9.99563E-05 0.0295198
9.99737E-05 0.0474456 0.236421 0.532855 0.143869 0.0391088 9.99737E-05 9.99737E-05
0.138093 0.168376 0.273451 0.272807 0.0379654 0.0913149 0.0178933 9.99912E-05
9.99474E-05 9.99474E-05 9.99474E-05 0.891992 0.107409 9.99474E-05 9.99474E-05 9.99474E-05
9.99473E-05 9.99473E-05 0.110959 0.888441 9.99473E-05 9.99473E-05 9.99473E-05 9.99473E-05
0.0816726 0.0779388 9.99736E-05 0.589805 0.0801362 9.99736E-05 9.99736E-05 0.170147
0.00732761 9.99562E-05 0.144344 0.847829 9.99562E-05 9.99562E-05 9.99562E-05 9.99562E-05
0.238379 0.0264302 0.159894 0.356572 0.0122752 0.0555589 0.150791 9.99912E-05
9.9965E-05 9.9965E-05 0.143088 0.821533 0.0309293 0.00404991 9.9965E-05 9.9965E-05
9.99562E-05 9.99562E-05 9.99562E-05 0.954096 0.0426959 9.99562E-05 9.99562E-05 0.00270876
0.117616 9.99563E-05 9.99563E-05 0.825238 0.0566463 9.99563E-05 9.99563E-05 9.99563E-05
9.999E-05 0.0413983 0.0190832 0.67744 0.0843794 0.059646 0.0534777 0.0644757
0.212843 9.9965E-05 0.0571027 0.650304 0.0793509 9.9965E-05 9.9965E-05 9.9965E-05
9.99561E-05 9.99561E-05 0.179894 0.694436 0.125171 9.99561E-05 9.99561E-05 9.99561E-05
0.234551 9.99737E-05 0.073629 0.650996 0.0257013 9.99737E-05 0.0148228 9.99737E-05
9.9965E-05 9.9965E-05 9.9965E-05 0.735849 0.114189 0.112358 9.9965E-05 0.0372037
0.0076775 9.99825E-05 0.111714 0.689257 0.0868077 0.0960651 9.99825E-05 0.00827875
9.99651E-05 9.99651E-05 0.0196173 0.739394 0.0848348 0.155754 9.99651E-05 9.99651E-05
0.108416 0.0765043 9.99737E-05 0.743372 9.99737E-05 0.0255033 9.99737E-05 0.045905
0.12122 0.00437493 0.0991985 0.638281 0.0224187 0.114307 9.99825E-05 9.99825E-05
0.194696 9.99649E-05 0.182656 0.614032 0.0082159 9.99649E-05 9.99649E-05 9.99649E-05
9.99563E-05 9.99563E-05 0.0380851 0.914744 0.0466713 9.99563E-05 9.99563E-05 9.99563E-05
9.99825E-05 0.0013749 0.0141542 0.851862 0.0354696 0.0893542 0.00758533 9.99825E-05
0.166733 9.9965E-05 0.0117547 0.681242 9.9965E-05 0.13987 9.9965E-05 9.9965E-05
9.99649E-05 0.0710817 9.99649E-05 0.743615 0.0667656 0.118138 9.99649E-05 9.99649E-05
9.99561E-05 9.99561E-05 0.315837 0.661068 0.0225959 9.99561E-05 9.99561E-05 9.99561E-05
9.99562E-05 9.99562E-05 0.0660365 0.889092 9.99562E-05 9.99562E-05 9.99562E-05 0.0443721
9.99563E-05 9.99563E-05 0.0264668 0.932681 0.040352 9.99563E-05 9.99563E-05 9.99563E-05
9.99563E-05 9.99563E-05 0.00968984 0.987085 9.99563E-05 0.00272585 9.99563E-05 9.99563E-05
9.99561E-05 9.99561E-05 0.108354 0.813884 0.0772623 9.99561E-05 9.99561E-05 9.99561E-05
9.99651E-05 9.99651E-05 0.176204 0.731254 0.0655957 0.0265463 9.99651E-05 9.99651E-05
0.129349 0.0654646 0.0787428 0.668006 0.0581383 9.99737E-05 9.99737E-05 9.99737E-05
0.0515857 0.0223029 0.417603 0.505214 0.00299502 9.99737E-05 9.99737E-05 9.99737E-05
9.99738E-05 9.99738E-05 0.0195146 0.835707 9.99738E-05 0.066195 0.0618821 0.0164008
0.0765995 9.9965E-05 0.236117 0.627034 0.05985 9.9965E-05 9.9965E-05 9.9965E-05
9.99475E-05 9.99475E-05 0.11512 0.88428 9.99475E-05 9.99475E-05 9.99475E-05 9.99475E-05
0.294271 9.9965E-05 0.134355 0.511507 0.0594666 9.9965E-05 9.9965E-05 9.9965E-05
9.997E-05 9.997E-05 0.110874 0.743949 0.0832709 0.0373394 0.0242674 9.997E-05
9.99563E-05 9.99563E-05 9.99563E-05 0.920048 0.0633189 9.99563E-05 0.016133 9.99563E-05
9.99563E-05 9.99563E-05 9.99563E-05 0.877812 0.0465423 0.0751462 9.99563E-05 9.99563E-05
9.99649E-05 9.99649E-05 9.99649E-05 0.470091 0.021552 0.337923 0.170035 9.99649E-05
9.99562E-05 9.99562E-05 0.222782 0.47427 9.99562E-05 0.302448 9.99562E-05 9.99562E-05
9.997E-05 9.997E-05 0.0318247 0.409986 0.0730937 0.330616 0.15418 9.997E-05
0.231497 0.107202 9.99824E-05 0.059564 9.99824E-05 0.506905 0.0647438 0.0298879
9.99912E-05 0.0949519 0.172914 0.405323 0.0126184 0.183075 0.0920153 0.0390019
9.99736E-05 0.118831 9.99736E-05 0.551605 0.0215223 0.233993 0.0737493 9.99736E-05
9.99736E-05 9.99736E-05 0.00940838 0.322107 0.0736532 0.570717 0.0238146 9.99736E-05
0.0297304 0.0533086 9.99736E-05 0.264719 9.99736E-05 0.397564 0.254378 9.99736E-05
0.0673816 9.99737E-05 9.99737E-05 0.352873 9.99737E-05 0.394927 0.170754 0.013765
9.99649E-05 0.0206702 9.99649E-05 0.539438 0.139923 0.299569 9.99649E-05 9.99649E-05
9.99824E-05 0.121104 9.99824E-05 0.392927 0.228074 0.136899 0.0750234 0.0457729
9.99736E-05 9.99736E-05 0.324111 0.292815 0.108219 0.252054 0.0225014 9.99736E-05
0.0618182 0.171079 0.238501 0.0706824 0.150208 0.240215 0.0673965 9.999E-05
9.99649E-05 0.00134928 0.155891 0.465591 9.99649E-05 0.376768 9.99649E-05 9.99649E-05
0.142619 9.998E-05 0.113389 0.319936 0.103224 0.304434 0.0161981 9.998E-05
9.99737E-05 0.0457632 9.99737E-05 0.506398 0.092704 0.332723 0.0221119 9.99737E-05
0.0592726 9.997E-05 0.246443 0.219492 9.997E-05 0.323794 0.150699 9.997E-05
9.99825E-05 0.149275 0.278488 0.245804 0.211382 0.0909737 0.0238773 9.99825E-05
9.99737E-05 0.0180513 9.99737E-05 0.530867 0.0741163 0.2064 0.170266 9.99737E-05
9.99648E-05 9.99648E-05 0.18264 0.365516 0.0867449 0.3647 9.99648E-05 9.99648E-05
0.0540281 9.998E-05 0.0777557 0.476774 0.0355027 0.316721 0.0390191 9.998E-05
9.99736E-05 0.0566199 0.115244 0.458865 9.99736E-05 0.302058 0.0669124 9.99736E-05
0.340019 9.99825E-05 9.99825E-05 0.30355 0.0124559 0.274016 0.031354 0.0384055
0.102395 0.0631608 0.280656 0.279493 0.0685157 0.121457 0.0842231 9.99912E-05
0.00201544 0.0506791 0.00198385 0.59102 0.2893 0.0648015 9.99824E-05 9.99824E-05
9.99737E-05 0.0301455 9.99737E-05 0.496515 0.0712581 0.379837 9.99737E-05 0.0219445
9.9965E-05 9.9965E-05 0.0192467 0.556693 9.9965E-05 0.314132 0.109529 9.9965E-05
9.9965E-05 9.9965E-05 0.0383735 0.523116 9.9965E-05 0.391857 0.0462536 9.9965E-05
9.9965E-05 0.0368209 9.9965E-05 0.555024 9.9965E-05 0.161359 0.246397 9.9965E-05
0.15576 0.0723261 9.998E-05 0.494139 0.0309812 0.231417 0.0151767 9.998E-05
0.78798 0.211421 9.99473E-05 9.99473E-05 9.99473E-05 9.99473E-05 9.99473E-05 9.99473E-05
0.9993 9.994E-05 9.994E-05 9.994E-05 9.994E-05 9.994E-05 9.994E-05 9.994E-05
0.771899 0.0713975 0.072773 9.99736E-05 0.0581105 9.99736E-05 0.02552 9.99736E-05
0.732986 0.168143 9.99648E-05 9.99648E-05 0.00152253 9.99648E-05 0.0969483 9.99648E-05
0.712418 0.213534 9.99648E-05 9.99648E-05 0.00093441 9.99648E-05 0.0727135 9.99648E-05
0.634871 0.227226 9.99648E-05 9.99648E-05 9.99648E-05 0.0943682 9.99648E-05 0.043135
0.667202 0.165396 9.99736E-05 0.0593308 0.00944197 9.99736E-05 0.0983298 9.99736E-05
0.752547 0.245732 9.99561E-05 9.99561E-05 9.99561E-05 0.00122171 9.99561E-05 9.99561E-05
0.267923 0.370579 9.996E-05 9.996E-05 0.0410738 0.320024 9.996E-05 9.996E-05
0.480915 0.312235 9.996E-05 0.168261 9.996E-05 9.996E-05 0.038189 9.996E-05
0.656058 0.0659686 9.99561E-05 9.99561E-05 9.99561E-05 0.277473 9.99561E-05 9.99561E-05
0.800445 9.99736E-05 9.99736E-05 0.0368324 0.00191776 0.126322 9.99736E-05 0.0341827
0.872883 0.117637 9.995E-05 9.995E-05 9.995E-05 9.995E-05 0.00898071 9.995E-05
0.695288 0.243274 9.99649E-05 0.0571627 0.003875 9.99649E-05 9.99649E-05 9.99649E-05
0.678353 0.127556 9.99561E-05 9.99561E-05 9.99561E-05 9.99561E-05 0.19359 9.99561E-05
0.626587 0.128993 0.0896373 9.998E-05 0.0527005 0.0944547 9.998E-05 0.00742781
0.598772 0.0247376 9.997E-05 9.997E-05 9.997E-05 0.242269 0.0106433 0.123278
0.677587 0.190115 0.09825 9.996E-05 0.0336483 9.996E-05 9.996E-05 9.996E-05
0.838896 0.0867583 0.0108128 9.99649E-05 0.0631332 9.99649E-05 9.99649E-05 9.99649E-05
0.812079 0.0924324 9.99561E-05 9.99561E-05 9.99561E-05 9.99561E-05 9.99561E-05 0.0949887
0.674966 0.144051 0.0191239 9.99824E-05 0.0209551 0.0780712 0.0626323 9.99824E-05
0.818301 0.0983473 9.99648E-05 9.99648E-05 0.0565527 9.99648E-05 0.0263994 9.99648E-05
0.416866 0.286721 0.0328844 9.997E-05 9.997E-05 0.124267 9.997E-05 0.138961
0.759541 0.23986 9.99473E-05 9.99473E-05 9.99473E-05 9.99473E-05 9.99473E-05 9.99473E-05
0.466729 0.329192 0.0447287 9.99736E-05 9.99736E-05 0.0718898 9.99736E-05 0.08716
0.691863 0.200266 9.99649E-05 0.0531737 9.99649E-05 0.0542973 9.99649E-05 9.99649E-05
0.917315 9.99474E-05 9.99474E-05 9.99474E-05 9.99474E-05 9.99474E-05 9.99474E-05 0.0820848
0.669053 0.203766 0.102864 9.99648E-05 9.99648E-05 9.99648E-05 9.99648E-05 0.0239173
0.558333 0.329791 9.99649E-05 0.0251224 9.99649E-05 0.0863537 9.99649E-05 9.99649E-05
0.826216 0.052775 9.99561E-05 9.99561E-05 9.99561E-05 9.99561E-05 9.99561E-05 0.12051
0.751851 0.117001 9.99649E-05 0.0673298 0.0634189 9.99649E-05 9.99649E-05 9.99649E-05
0.813534 0.0495919 0.0710312 9.99736E-05 0.0519858 9.99736E-05 9.99736E-05 0.0135569
0.36407 0.358688 0.0285584 9.99736E-05 0.0452752 9.99736E-05 9.99736E-05 0.203109
0.755729 0.162235 0.0110636 9.99648E-05 9.99648E-05 9.99648E-05 9.99648E-05 0.0705725
0.945276 0.0420088 9.99561E-05 9.99561E-05 9.99561E-05 9.99561E-05 0.0122158 9.99561E-05
0.747336 0.0809143 9.998E-05 9.998E-05 0.0261431 0.0462455 0.0405526 0.0586089
0.527427 0.232051 9.99736E-05 0.042367 0.079597 9.99736E-05 0.118258 9.99736E-05
0.951239 0.0252271 9.99649E-05 9.99649E-05 9.99649E-05 9.99649E-05 0.0141769 0.00895671
0.93971 0.0269877 9.99561E-05 9.99561E-05 9.99561E-05 9.99561E-05 9.99561E-05 0.0328023
0.9993 9.994E-05 9.994E-05 9.994E-05 9.994E-05 9.994E-05 9.994E-05 9.994E-05
0.980482 0.0116354 9.9965E-05 9.9965E-05 9.9965E-05 0.00512212 9.9965E-05 0.00236086
0.513747 0.179767 9.99736E-05 0.158339 0.0101465 0.137701 9.99736E-05 9.99736E-05
0.615109 0.237086 0.106271 9.99649E-05 9.99649E-05 9.99649E-05 0.0411342 9.99649E-05
0.848697 0.149349 9.99562E-05 9.99562E-05 9.99562E-05 9.99562E-05 9.99562E-05 0.001454
0.9993 9.994E-05 9.994E-05 9.994E-05 9.994E-05 9.994E-05 9.994E-05 9.994E-05
0.374448 0.29164 9.997E-05 9.997E-05 9.997E-05 0.168196 0.0135346 0.151882
0.64514 0.151539 9.997E-05 0.0820945 0.105064 9.997E-05 0.0158626 9.997E-05
0.604804 9.99737E-05 0.000608771 9.99737E-05 9.99737E-05 0.255929 0.128871 0.00948829
0.399449 0.32494 9.99736E-05 0.150653 0.0398298 9.99736E-05 9.99736E-05 0.084828
0.9993 9.994E-05 9.994E-05 9.994E-05 9.994E-05 9.994E-05 9.994E-05 9.994E-05
0.588924 0.0897492 0.267195 0.0537315 9.99648E-05 9.99648E-05 9.99648E-05 9.99648E-05
0.878782 0.0827443 9.99562E-05 9.99562E-05 9.99562E-05 0.0379739 9.99562E-05 9.99562E-05
0.707034 0.141462 9.99649E-05 9.99649E-05 0.099397 9.99649E-05 0.0517073 9.99649E-05
0.6342 0.142163 0.117976 9.99736E-05 9.99736E-05 9.99736E-05 0.0770108 0.0283498
0.869823 0.0213485 9.99648E-05 9.99648E-05 0.0596144 9.99648E-05 0.0488141 9.99648E-05
0.401183 0.281055 9.99649E-05 9.99649E-05 9.99649E-05 0.305349 9.99649E-05 0.0120143
0.754505 0.244895 9.99472E-05 9.99472E-05 9.99472E-05 9.99472E-05 9.99472E-05 9.99472E-05
0.807292 0.110907 0.0362416 9.99648E-05 0.0451599 9.99648E-05 9.99648E-05 9.99648E-05
0.863491 0.0097746 9.99561E-05 9.99561E-05 9.99561E-05 9.99561E-05 9.99561E-05 0.126235
0.698235 0.207432 9.99561E-05 9.99561E-05 9.99561E-05 0.093833 9.99561E-05 9.99561E-05
9.99559E-05 9.99559E-05 9.99559E-05 0.95519 9.99559E-05 0.0272538 9.99559E-05 0.0170564
9.994E-05 0.9993 9.994E-05 9.994E-05 9.994E-05 9.994E-05 9.994E-05 9.994E-05
9.99471E-05 0.0372166 9.99471E-05 0.962184 9.99471E-05 9.99471E-05 9.99471E-05 9.99471E-05
9.994E-05 0.9993 9.994E-05 9.994E-05 9.994E-05 9.994E-05 9.994E-05 9.994E-05
9.994E-05 0.9993 9.994E-05 9.994E-05 9.994E-05 9.994E-05 9.994E-05 9.994E-05
9.994E-05 0.9993 9.994E-05 9.994E-05 9.994E-05 9.994E-05 9.994E-05 9.994E-05
9.99471E-05 0.0322436 9.99471E-05 0.967157 9.99471E-05 9.99471E-05 9.99471E-05 9.99471E-05
9.994E-05 0.9993 9.994E-05 9.994E-05 9.994E-05 9.994E-05 9.994E-05 9.994E-05
9.994E-05 0.9993 9.994E-05 9.994E-05 9.994E-05 9.994E-05 9.994E-05 9.994E-05
9.99559E-05 0.0849682 9.99559E-05 0.876122 9.99559E-05 9.99559E-05 9.99559E-05 0.0384101
9.99471E-05 0.0430171 9.99471E-05 0.956383 9.99471E-05 9.99471E-05 9.99471E-05 9.99471E-05
9.99471E-05 0.0754302 9.99471E-05 0.92397 9.99471E-05 9.99471E-05 9.99471E-05 9.99471E-05
9.994E-05 0.9993 9.994E-05 9.994E-05 9.994E-05 9.994E-05 9.994E-05 9.994E-05
9.994E-05 0.9993 9.994E-05 9.994E-05 9.994E-05 9.994E-05 9.994E-05 9.994E-05
9.99471E-05 9.99471E-05 9.99471E-05 0.921761 9.99471E-05 9.99471E-05 9.99471E-05 0.0776391
9.99471E-05 0.0621544 9.99471E-05 0.937246 9.99471E-05 9.99471E-05 9.99471E-05 9.99471E-05
0.524361 0.1491 0.175936 9.99824E-05 9.99824E-05 0.00510921 0.0376141 0.10768
9.99471E-05 0.00344194 9.99471E-05 0.995958 9.99471E-05 9.99471E-05 9.99471E-05 9.99471E-05
9.994E-05 0.9993 9.994E-05 9.994E-05 9.994E-05 9.994E-05 9.994E-05 9.994E-05
9.99471E-05 0.0142066 9.99471E-05 0.985194 9.99471E-05 9.99471E-05 9.99471E-05 9.99471E-05
9.99471E-05 0.0906711 9.99471E-05 0.908729 9.99471E-05 9.99471E-05 9.99471E-05 9.99471E-05
9.99471E-05 0.00337662 9.99471E-05 0.996024 9.99471E-05 9.99471E-05 9.99471E-05 9.99471E-05
9.994E-05 0.9993 9.994E-05 9.994E-05 9.994E-05 9.994E-05 9.994E-05 9.994E-05
9.99559E-05 0.0412399 9.99559E-05 0.933323 9.99559E-05 9.99559E-05 9.99559E-05 0.0249375
9.994E-05 0.9993 9.994E-05 9.994E-05 9.994E-05 9.994E-05 9.994E-05 9.994E-05
9.99471E-05 0.0123571 9.99471E-05 0.987043 9.99471E-05 9.99471E-05 9.99471E-05 9.99471E-05
9.994E-05 9.994E-05 9.994E-05 0.9993 9.994E-05 9.994E-05 9.994E-05 9.994E-05
9.994E-05 0.9993 9.994E-05 9.994E-05 9.994E-05 9.994E-05 9.994E-05 9.994E-05
9.994E-05 0.9993 9.994E-05 9.994E-05 9.994E-05 9.994E-05 9.994E-05 9.994E-05
9.994E-05 0.9993 9.994E-05 9.994E-05 9.994E-05 9.994E-05 9.994E-05 9.994E-05
9.99559E-05 0.00944313 9.99559E-05 0.945556 9.99559E-05 9.99559E-05 9.99559E-05 0.0445008
9.99471E-05 9.99471E-05 9.99471E-05 0.996137 9.99471E-05 9.99471E-05 9.99471E-05 0.00326326
9.994E-05 9.994E-05 9.994E-05 0.9993 9.994E-05 9.994E-05 9.994E-05 9.994E-05
9.994E-05 9.994E-05 9.994E-05 0.9993 9.994E-05 9.994E-05 9.994E-05 9.994E-05
9.99559E-05 0.0828706 9.99559E-05 0.904901 9.99559E-05 9.99559E-05 9.99559E-05 0.0117285
9.994E-05 0.9993 9.994E-05 9.994E-05 9.994E-05 9.994E-05 9.994E-05 9.994E-05
9.994E-05 0.9993 9.994E-05 9.994E-05 9.994E-05 9.994E-05 9.994E-05 9.994E-05
9.994E-05 0.9993 9.994E-05 9.994E-05 9.994E-05 9.994E-05 9.994E-05 9.994E-05
9.99471E-05 0.0501702 9.99471E-05 0.94923 9.99471E-05 9.99471E-05 9.99471E-05 9.99471E-05
9.994E-05 0.9993 9.994E-05 9.994E-05 9.994E-05 9.994E-05 9.994E-05 9.994E-05
9.994E-05 0.9993 9.994E-05 9.994E-05 9.994E-05 9.994E-05 9.994E-05 9.994E-05
9.994E-05 0.9993 9.994E-05 9.994E-05 9.994E-05 9.994E-05 9.994E-05 9.994E-05
9.994E-05 0.9993 9.994E-05 9.994E-05 9.994E-05 9.994E-05 9.994E-05 9.994E-05
9.99471E-05 0.0487262 9.99471E-05 0.950674 9.99471E-05 9.99471E-05 9.99471E-05 9.99471E-05
9.994E-05 0.9993 9.994E-05 9.994E-05 9.994E-05 9.994E-05 9.994E-05 9.994E-05
9.994E-05 0.9993 9.994E-05 9.994E-05 9.994E-05 9.994E-05 9.994E-05 9.994E-05
0.530639 0.143369 0.203757 9.99736E-05 9.99736E-05 9.99736E-05 0.0281446 0.0937904
9.99647E-05 0.00213283 9.99647E-05 0.894409 9.99647E-05 9.99647E-05 0.0321775 0.0708804
9.994E-05 0.9993 9.994E-05 9.994E-05 9.994E-05 9.994E-05 9.994E-05 9.994E-05
9.994E-05 0.9993 9.994E-05 9.994E-05 9.994E-05 9.994E-05 9.994E-05 9.994E-05
9.994E-05 0.9993 9.994E-05 9.994E-05 9.994E-05 9.994E-05 9.994E-05 9.994E-05
9.994E-05 0.9993 9.994E-05 9.994E-05 9.994E-05 9.994E-05 9.994E-05 9.994E-05
9.99471E-05 0.0567495 9.99471E-05 0.942651 9.99471E-05 9.99471E-05 9.99471E-05 9.99471E-05
9.994E-05 0.9993 9.994E-05 9.994E-05 9.994E-05 9.994E-05 9.994E-05 9.994E-05
9.99471E-05 0.0233059 9.99471E-05 0.976094 9.99471E-05 9.99471E-05 9.99471E-05 9.99471E-05
9.994E-05 0.9993 9.994E-05 9.994E-05 9.994E-05 9.994E-05 9.994E-05 9.994E-05
9.99471E-05 0.0454682 9.99471E-05 0.953932 9.99471E-05 9.99471E-05 9.99471E-05 9.99471E-05
9.994E-05 0.9993 9.994E-05 9.994E-05 9.994E-05 9.994E-05 9.994E-05 9.994E-05
9.994E-05 0.9993 9.994E-05 9.994E-05 9.994E-05 9.994E-05 9.994E-05 9.994E-05
9.994E-05 0.9993 9.994E-05 9.994E-05 9.994E-05 9.994E-05 9.994E-05 9.994E-05
9.994E-05 0.9993 9.994E-05 9.994E-05 9.994E-05 9.994E-05 9.994E-05 9.994E-05
9.994E-05 0.9993 9.994E-05 9.994E-05 9.994E-05 9.994E-05 9.994E-05 9.994E-05
9.994E-05 0.9993 9.994E-05 9.994E-05 9.994E-05 9.994E-05 9.994E-05 9.994E-05
9.99471E-05 0.00633935 9.99471E-05 0.993061 9.99471E-05 9.99471E-05 9.99471E-05 9.99471E-05
9.99471E-05 0.0298592 9.99471E-05 0.969541 9.99471E-05 9.99471E-05 9.99471E-05 9.99471E-05
9.99647E-05 0.0049248 9.99647E-05 0.9429 9.99647E-05 9.99647E-05 0.00862272 0.0431523
9.994E-05 0.9993 9.994E-05 9.994E-05 9.994E-05 9.994E-05 9.994E-05 9.994E-05
9.99471E-05 0.0249928 9.99471E-05 0.974408 9.99471E-05 9.99471E-05 9.99471E-05 9.99471E-05
9.99471E-05 0.0862578 9.99471E-05 0.913143 9.99471E-05 9.99471E-05 9.99471E-05 9.99471E-05
9.99471E-05 0.0721091 9.99471E-05 0.927291 9.99471E-05 9.99471E-05 9.99471E-05 9.99471E-05
9.994E-05 0.9993 9.994E-05 9.994E-05 9.994E-05 9.994E-05 9.994E-05 9.994E-05
9.994E-05 0.9993 9.994E-05 9.994E-05 9.994E-05 9.994E-05 9.994E-05 9.994E-05
9.994E-05 0.9993 9.994E-05 9.994E-05 9.994E-05 9.994E-05 9.994E-05 9.994E-05
9.994E-05 9.994E-05 9.994E-05 0.9993 9.994E-05 9.994E-05 9.994E-05 9.994E-05
9.994E-05 0.9993 9.994E-05 9.994E-05 9.994E-05 9.994E-05 9.994E-05 9.994E-05
9.994E-05 0.9993 9.994E-05 9.994E-05 9.994E-05 9.994E-05 9.994E-05 9.994E-05
9.994E-05 9.994E-05 9.994E-05 0.9993 9.994E-05 9.994E-05 9.994E-05 9.994E-05
9.994E-05 0.9993 9.994E-05 9.994E-05 9.994E-05 9.994E-05 9.994E-05 9.994E-05
9.994E-05 0.9993 9.994E-05 9.994E-05 9.994E-05 9.994E-05 9.994E-05 9.994E-05
0.325545 0.169212 9.999E-05 0.150098 0.140145 0.122384 0.0866366 0.00587985
9.994E-05 9.994E-05 9.994E-05 0.9993 9.994E-05 9.994E-05 9.994E-05 9.994E-05
9.994E-05 0.9993 9.994E-05 9.994E-05 9.994E-05 9.994E-05 9.994E-05 9.994E-05
0.493236 0.439933 9.99561E-05 9.99561E-05 0.0663319 9.99561E-05 9.99561E-05 9.99561E-05
0.573219 0.250216 0.0977474 0.0360592 9.99736E-05 9.99736E-05 9.99736E-05 0.0424587
0.634673 0.21865 9.99736E-05 0.0857156 9.99736E-05 0.0178861 9.99736E-05 0.0427751
0.806455 9.9956E-05 9.9956E-05 9.9956E-05 9.9956E-05 9.9956E-05 0.110016 0.0830292
0.556877 0.329029 9.99648E-05 0.020855 9.99648E-05 0.0928394 9.99648E-05 9.99648E-05
0.882469 0.116931 9.99475E-05 9.99475E-05 9.99475E-05 9.99475E-05 9.99475E-05 9.99475E-05
0.342199 0.361355 9.997E-05 0.163014 0.105085 9.997E-05 9.997E-05 0.0280479
0.599741 0.213961 9.997E-05 9.997E-05 0.0754334 9.997E-05 0.0813887 0.0291762
0.743503 0.255897 9.99474E-05 9.99474E-05 9.99474E-05 9.99474E-05 9.99474E-05 9.99474E-05
0.878455 9.99473E-05 0.120945 9.99473E-05 9.99473E-05 9.99473E-05 9.99473E-05 9.99473E-05
0.725437 0.144228 9.99649E-05 9.99649E-05 0.113831 0.0161046 9.99649E-05 9.99649E-05
0.332568 0.635083 9.99561E-05 9.99561E-05 9.99561E-05 0.0318492 9.99561E-05 9.99561E-05
0.299825 0.255351 0.155778 0.213074 9.99824E-05 0.0637175 0.0120549 9.99824E-05
0.846242 0.0442067 9.9956E-05 9.9956E-05 9.9956E-05 9.9956E-05 0.109052 9.9956E-05
0.750913 0.18244 9.99648E-05 9.99648E-05 0.0535651 0.012682 9.99648E-05 9.99648E-05
0.478031 0.36401 9.996E-05 9.996E-05 0.0520355 0.105524 9.996E-05 9.996E-05
0.792265 0.143742 9.997E-05 9.997E-05 9.997E-05 0.0184574 0.0125528 0.0326828
0.513609 0.0978494 9.99912E-05 0.171598 0.0750003 0.0637795 0.0569245 0.0211394
0.535803 0.122667 9.99736E-05 9.99736E-05 0.0349847 0.225626 9.99736E-05 0.0806203
0.740635 0.16023 0.0986357 9.9956E-05 9.9956E-05 9.9956E-05 9.9956E-05 9.9956E-05
0.738479 0.141252 0.00860323 9.99736E-05 9.99736E-05 0.0738326 9.99736E-05 0.0375326
0.655917 0.241723 0.101861 9.99561E-05 9.99561E-05 9.99561E-05 9.99561E-05 9.99561E-05
0.582284 0.226895 0.0598186 9.99824E-05 0.00256039 9.99824E-05 0.0709095 0.0573332
0.694535 0.217708 0.0470197 9.99736E-05 0.00453228 9.99736E-05 9.99736E-05 0.0359051
0.813546 0.0531579 9.9956E-05 9.9956E-05 9.9956E-05 9.9956E-05 0.132797 9.9956E-05
0.973657 0.00701772 9.99562E-05 9.99562E-05 9.99562E-05 0.0188257 9.99562E-05 9.99562E-05
0.777869 0.0755705 0.0790248 9.99736E-05 9.99736E-05 0.0641993 0.0030361 9.99736E-05
0.496432 0.344021 9.99736E-05 0.090953 9.99736E-05 9.99736E-05 0.0460539 0.0222407
0.870898 9.996E-05 0.0255367 9.996E-05 9.996E-05 9.996E-05 0.0740018 0.0291638
0.541487 0.213402 9.996E-05 9.996E-05 9.996E-05 9.996E-05 0.17897 0.0657403
0.354483 0.414175 0.145873 9.99736E-05 0.0315464 0.053623 9.99736E-05 9.99736E-05
0.667942 0.28095 9.99648E-05 9.99648E-05 0.0453762 0.00533221 9.99648E-05 9.99648E-05
0.405309 0.250485 9.99648E-05 9.99648E-05 9.99648E-05 0.304868 0.0389375 9.99648E-05
0.662647 0.197423 0.0544454 9.997E-05 0.0252077 9.997E-05 0.059977 9.997E-05
0.692834 0.141571 9.996E-05 9.996E-05 0.0930911 9.996E-05 0.0721038 9.996E-05
0.811168 0.0661836 0.0295558 0.0471382 9.99736E-05 9.99736E-05 9.99736E-05 0.0456549
0.9993 9.994E-05 9.994E-05 9.994E-05 9.994E-05 9.994E-05 9.994E-05 9.994E-05
0.586999 9.997E-05 0.158308 0.0623819 0.0610704 0.130941 9.997E-05 9.997E-05
0.811762 0.0539575 0.0636101 9.99736E-05 0.0208957 9.99736E-05 9.99736E-05 0.049475
0.542254 0.228471 0.193418 9.99648E-05 9.99648E-05 9.99648E-05 9.99648E-05 0.0354576
0.724642 0.192427 9.997E-05 9.997E-05 0.0199708 9.997E-05 0.019824 0.0428363
0.728733 0.0802598 0.0626436 9.99736E-05 9.99736E-05 0.0790217 9.99736E-05 0.0490425
0.573568 0.241831 0.137656 9.99736E-05 9.99736E-05 0.00658976 9.99736E-05 0.040056
0.318624 0.574135 9.99649E-05 9.99649E-05 9.99649E-05 0.0596794 0.0471616 9.99649E-05
0.362526 0.374482 9.99736E-05 0.110532 9.99736E-05 0.116445 0.0357145 9.99736E-05
0.709041 0.197586 9.997E-05 9.997E-05 0.0288853 9.997E-05 0.0373989 0.0267889
0.9993 9.994E-05 9.994E-05 9.994E-05 9.994E-05 9.994E-05 9.994E-05 9.994E-05
0.627746 0.21688 9.99648E-05 9.99648E-05 0.0861114 9.99648E-05 9.99648E-05 0.0688628
0.9993 9.994E-05 9.994E-05 9.994E-05 9.994E-05 9.994E-05 9.994E-05 9.994E-05
0.367225 0.215499 0.101277 9.997E-05 9.997E-05 0.278265 0.0374351 9.997E-05
0.860201 9.99562E-05 9.99562E-05 9.99562E-05 9.99562E-05 0.129376 0.00992354 9.99562E-05
0.825836 9.99648E-05 9.99648E-05 0.0791929 0.0622346 0.0323364 9.99648E-05 9.99648E-05
0.454581 0.0183959 0.0607325 0.149963 0.0562629 0.259865 9.99824E-05 9.99824E-05
0.559423 0.186661 9.99561E-05 9.99561E-05 9.99561E-05 0.253416 9.99561E-05 9.99561E-05
0.716239 0.0680076 0.194059 9.99648E-05 9.99648E-05 9.99648E-05 9.99648E-05 0.0212945
0.664835 0.334566 9.99473E-05 9.99473E-05 9.99473E-05 9.99473E-05 9.99473E-05 9.99473E-05
0.861175 0.043245 9.99649E-05 0.0529943 9.99649E-05 0.0421862 9.99649E-05 9.99649E-05
0.816493 0.182907 9.99473E-05 9.99473E-05 9.99473E-05 9.99473E-05 9.99473E-05 9.99473E-05
0.670369 0.190479 9.99649E-05 0.0960629 9.99649E-05 9.99649E-05 9.99649E-05 0.0426884
0.558004 0.277061 9.99561E-05 9.99561E-05 9.99561E-05 0.164435 9.99561E-05 9.99561E-05
0.9993 9.994E-05 9.994E-05 9.994E-05 9.994E-05 9.994E-05 9.994E-05 9.994E-05
0.923072 0.0763288 9.99474E-05 9.99474E-05 9.99474E-05 9.99474E-05 9.99474E-05 9.99474E-05
0.884181 0.000365758 9.99562E-05 0.114954 9.99562E-05 9.99562E-05 9.99562E-05 9.99562E-05
0.821582 0.126519 9.99561E-05 9.99561E-05 0.0513993 9.99561E-05 9.99561E-05 9.99561E-05
0.713729 0.224184 9.995E-05 9.995E-05 9.995E-05 9.995E-05 9.995E-05 0.0615879
0.74295 0.241377 9.99561E-05 9.99561E-05 9.99561E-05 9.99561E-05 9.99561E-05 0.0151734
0.878794 0.120607 9.99474E-05 9.99474E-05 9.99474E-05 9.99474E-05 9.99474E-05 9.99474E-05
0.531065 0.285965 9.998E-05 0.0361134 0.0364212 0.0986743 9.998E-05 0.0115616
0.657309 0.115805 9.997E-05 0.0899431 0.0393064 9.997E-05 9.997E-05 0.097337
0.789547 9.99475E-05 9.99475E-05 9.99475E-05 9.99475E-05 0.209853 9.99475E-05 9.99475E-05
0.557934 0.0645643 9.99649E-05 9.99649E-05 9.99649E-05 0.321754 9.99649E-05 0.0553487
0.737282 9.99562E-05 9.99562E-05 0.160299 9.99562E-05 0.101919 9.99562E-05 9.99562E-05
0.538573 0.391729 9.99561E-05 0.0691976 9.99561E-05 9.99561E-05 9.99561E-05 9.99561E-05
0.565338 9.997E-05 0.0425161 9.997E-05 0.058527 0.289702 0.0436172 9.997E-05
0.962829 9.99473E-05 9.99473E-05 9.99473E-05 9.99473E-05 0.0365711 9.99473E-05 9.99473E-05
0.59649 0.169281 9.99561E-05 9.99561E-05 9.99561E-05 0.233729 9.99561E-05 9.99561E-05
0.841044 9.995E-05 9.995E-05 9.995E-05 9.995E-05 0.153681 9.995E-05 0.00477549
0.86676 9.995E-05 9.995E-05 9.995E-05 9.995E-05 9.995E-05 0.0638551 0.0688856
0.727936 9.99474E-05 9.99474E-05 9.99474E-05 9.99474E-05 0.271464 9.99474E-05 9.99474E-05
0.527647 0.391232 9.99648E-05 9.99648E-05 0.0692957 0.0114248 9.99648E-05 9.99648E-05
0.605397 0.206618 0.126441 9.996E-05 0.0611439 9.996E-05 9.996E-05 9.996E-05
0.489152 0.240037 0.0800896 9.99912E-05 0.0543509 0.00647039 0.0572927 0.0725076
0.953175 9.99474E-05 9.99474E-05 9.99474E-05 9.99474E-05 0.0462257 9.99474E-05 9.99474E-05
0.765403 0.225024 9.99561E-05 9.99561E-05 9.99561E-05 9.99561E-05 9.99561E-05 0.00907334
0.534603 0.100008 9.99648E-05 9.99648E-05 9.99648E-05 0.176854 9.99648E-05 0.188135
0.847811 0.0166303 9.99561E-05 9.99561E-05 9.99561E-05 0.135059 9.99561E-05 9.99561E-05
0.7741 0.0509189 9.99648E-05 9.99648E-05 9.99648E-05 9.99648E-05 0.159914 0.0146668
0.45221 0.453141 9.99648E-05 0.006854 9.99648E-05 9.99648E-05 0.087395 9.99648E-05
0.676903 0.220942 0.0491306 9.996E-05 9.996E-05 9.996E-05 9.996E-05 0.0526241
0.604647 0.206105 9.99736E-05 0.0723132 0.0251338 9.99736E-05 9.99736E-05 0.0915012
0.479346 0.0625351 9.99737E-05 0.0734014 9.99737E-05 0.138807 9.99737E-05 0.245611
0.306931 0.126896 9.99736E-05 9.99736E-05 0.00325858 0.339529 0.223086 9.99736E-05
0.340415 0.346346 9.99736E-05 0.184779 9.99736E-05 0.127714 0.000447 9.99736E-05
0.441666 0.0122939 9.99736E-05 9.99736E-05 0.143933 0.246034 9.99736E-05 0.155773
0.659875 0.237567 9.99561E-05 9.99561E-05 9.99561E-05 0.102059 9.99561E-05 9.99561E-05
0.777263 0.0086672 9.99561E-05 9.99561E-05 9.99561E-05 0.21357 9.99561E-05 9.99561E-05
0.463615 0.374091 0.136257 9.996E-05 0.0256377 9.996E-05 9.996E-05 9.996E-05
0.539802 0.095798 0.15985 0.0503817 0.111789 0.0421794 9.99824E-05 9.99824E-05
0.744454 0.00724308 9.99649E-05 0.203589 9.99649E-05 9.99649E-05 0.0443138 9.99649E-05
0.379601 0.171735 9.99736E-05 0.364731 9.99736E-05 0.063442 9.99736E-05 0.0201915
0.480935 0.196503 0.178978 9.99824E-05 0.0550031 9.99824E-05 0.0659187 0.0224615
0.521913 0.24394 9.997E-05 0.166659 9.997E-05 9.997E-05 0.0104646 0.0567233
0.49238 0.110931 9.99824E-05 9.99824E-05 0.0153562 0.196841 0.0535406 0.130751
0.845606 0.0592917 9.99649E-05 0.0734827 9.99649E-05 0.02122 9.99649E-05 9.99649E-05
0.774969 0.105828 9.99562E-05 9.99562E-05 9.99562E-05 0.118703 9.99562E-05 9.99562E-05
0.642406 0.19254 9.99649E-05 0.0333849 9.99649E-05 0.131269 9.99649E-05 9.99649E-05
0.54684 9.99824E-05 9.99824E-05 0.0021257 0.00554804 0.198508 0.150938 0.0958392
0.892362 9.99474E-05 9.99474E-05 9.99474E-05 9.99474E-05 0.107039 9.99474E-05 9.99474E-05
0.971624 9.99475E-05 9.99475E-05 9.99475E-05 9.99475E-05 0.0277762 9.99475E-05 9.99475E-05
0.774247 0.107531 9.99649E-05 9.99649E-05 9.99649E-05 9.99649E-05 0.02136 0.096462
0.841293 0.0982397 9.99561E-05 9.99561E-05 9.99561E-05 9.99561E-05 0.0599674 9.99561E-05
0.883231 9.99561E-05 0.0123449 0.103924 9.99561E-05 9.99561E-05 9.99561E-05 9.99561E-05
0.828657 0.158556 9.9956E-05 9.9956E-05 9.9956E-05 9.9956E-05 0.0122878 9.9956E-05
0.68234 0.0951365 0.0852658 0.136858 9.996E-05 9.996E-05 9.996E-05 9.996E-05
0.453839 9.99736E-05 9.99736E-05 0.247048 0.0269392 0.03459 9.99736E-05 0.237283
0.471689 0.386553 9.99561E-05 9.99561E-05 9.99561E-05 0.141259 9.99561E-05 9.99561E-05
0.716091 0.164989 0.0419013 9.99648E-05 9.99648E-05 0.0766184 9.99648E-05 9.99648E-05
0.674269 0.0373729 9.99912E-05 0.107829 0.00643441 0.0347303 0.128858 0.0104075
0.970065 0.0293356 9.99473E-05 9.99473E-05 9.99473E-05 9.99473E-05 9.99473E-05 9.99473E-05
0.369957 9.998E-05 0.205697 0.0594176 0.0314204 0.27784 9.998E-05 0.0554692
0.812534 9.9956E-05 9.9956E-05 0.0486588 9.9956E-05 9.9956E-05 0.138307 9.9956E-05
0.662784 0.264362 9.996E-05 9.996E-05 0.054508 9.996E-05 9.996E-05 0.0179462
0.453895 0.0926376 0.0152082 0.00913666 9.99824E-05 0.362621 9.99824E-05 0.0663017
0.604416 0.212335 0.156306 9.996E-05 0.026543 9.996E-05 9.996E-05 9.996E-05
0.536817 0.105008 9.995E-05 9.995E-05 9.995E-05 0.357676 9.995E-05 9.995E-05
0.57048 0.223372 9.998E-05 0.0797965 0.0546541 9.998E-05 0.0160507 0.055447
0.995799 9.99474E-05 9.99474E-05 9.99474E-05 9.99474E-05 0.00360132 9.99474E-05 9.99474E-05
0.739995 0.0367094 9.99562E-05 9.99562E-05 9.99562E-05 0.222796 9.99562E-05 9.99562E-05
0.51586 0.239401 9.99824E-05 9.99824E-05 0.0517363 0.00132615 0.0369521 0.154525
0.600368 0.1199 0.0295212 9.998E-05 0.0183711 0.134582 9.998E-05 0.0970567
9.99737E-05 0.177738 0.126455 0.25008 0.0658003 0.379626 9.99737E-05 9.99737E-05
0.0753185 0.0640551 0.0349958 0.220358 0.106289 0.498783 9.99824E-05 9.99824E-05
0.109117 0.135954 0.321137 0.0307633 9.99736E-05 0.40273 9.99736E-05 9.99736E-05
0.192421 9.99912E-05 0.137126 0.064206 0.0532171 0.500833 0.015804 0.0362926
0.163057 0.00859229 0.0794381 0.0832863 0.0420726 0.435707 0.137694 0.0501531
0.0260875 0.0221 0.040694 0.432195 9.997E-05 0.478623 9.997E-05 9.997E-05
9.99648E-05 0.206694 9.99648E-05 0.547436 0.0845701 0.1609 9.99648E-05 9.99648E-05
0.0442159 0.0256688 0.0766486 0.0195442 0.0338913 0.739649 9.999E-05 0.0602825
0.0528286 9.998E-05 0.0436479 0.158062 0.0722634 0.648221 0.0247773 9.998E-05
9.99648E-05 0.109144 0.280197 0.0921442 9.99648E-05 0.518115 9.99648E-05 9.99648E-05
0.105724 0.154346 0.108762 0.330763 0.127557 0.137148 0.00355804 0.0321428
0.0158597 9.996E-05 9.996E-05 0.335177 9.996E-05 0.509515 9.996E-05 0.139049
0.0658364 0.119131 0.21391 0.2765 0.0109572 0.313465 9.998E-05 9.998E-05
9.9965E-05 9.9965E-05 0.0124902 0.407514 0.0365789 0.543017 9.9965E-05 9.9965E-05
0.159551 9.99737E-05 9.99737E-05 0.399176 0.104034 0.305809 9.99737E-05 0.0311307
0.0208425 0.130805 0.116758 0.24185 0.118469 0.371076 9.998E-05 9.998E-05
9.99736E-05 0.0205475 0.0718635 0.315607 0.155001 0.43668 9.99736E-05 9.99736E-05
9.99649E-05 9.99649E-05 0.0354206 0.327705 9.99649E-05 0.486689 9.99649E-05 0.149786
9.99824E-05 0.0310228 0.105099 0.123333 0.176922 0.558845 9.99824E-05 0.00457822
9.99649E-05 0.0809371 0.0749494 0.231012 9.99649E-05 0.612702 9.99649E-05 9.99649E-05
9.99649E-05 0.103857 9.99649E-05 0.434222 0.143764 0.317757 9.99649E-05 9.99649E-05
0.0994842 0.0713058 0.14299 0.355222 0.0370366 0.293761 9.998E-05 9.998E-05
0.00414873 0.0614681 9.99912E-05 0.629042 0.0730622 0.141166 0.0291877 0.061825
9.9956E-05 0.0243293 9.9956E-05 9.9956E-05 9.9956E-05 0.972901 0.00226977 9.9956E-05
9.9956E-05 0.0680659 9.9956E-05 9.9956E-05 9.9956E-05 0.897554 9.9956E-05 0.03388
9.99472E-05 0.110234 9.99472E-05 9.99472E-05 9.99472E-05 0.889166 9.99472E-05 9.99472E-05
9.9956E-05 0.0648815 9.9956E-05 9.9956E-05 9.9956E-05 0.92575 9.9956E-05 0.00886894
9.994E-05 9.994E-05 9.994E-05 9.994E-05 9.994E-05 0.9993 9.994E-05 9.994E-05
9.99473E-05 0.0730986 9.99473E-05 9.99473E-05 9.99473E-05 0.926302 9.99473E-05 9.99473E-05
9.9956E-05 0.0349163 9.9956E-05 9.9956E-05 9.9956E-05 0.886696 0.0778877 9.9956E-05
9.994E-05 9.994E-05 9.994E-05 9.994E-05 9.994E-05 0.9993 9.994E-05 9.994E-05
9.99648E-05 0.104677 9.99648E-05 9.99648E-05 9.99648E-05 0.803518 0.0415437 0.0498616
9.9956E-05 0.193829 9.9956E-05 9.9956E-05 0.0158047 0.789867 9.9956E-05 9.9956E-05
9.994E-05 9.994E-05 9.994E-05 9.994E-05 9.994E-05 0.9993 9.994E-05 9.994E-05
9.9956E-05 0.0341425 0.0183191 9.9956E-05 9.9956E-05 0.947039 9.9956E-05 9.9956E-05
9.99648E-05 0.231811 9.99648E-05 9.99648E-05 0.0360988 0.727533 9.99648E-05 0.00415753
9.994E-05 9.994E-05 9.994E-05 9.994E-05 9.994E-05 0.9993 9.994E-05 9.994E-05
9.994E-05 9.994E-05 9.994E-05 9.994E-05 9.994E-05 0.9993 9.994E-05 9.994E-05
9.99473E-05 0.0208432 9.99473E-05 9.99473E-05 9.99473E-05 0.978557 9.99473E-05 9.99473E-05
9.9956E-05 0.00161517 9.9956E-05 9.9956E-05 9.9956E-05 0.990616 0.0072687 9.9956E-05
9.99473E-05 0.0197325 9.99473E-05 9.99473E-05 9.99473E-05 0.979668 9.99473E-05 9.99473E-05
9.99473E-05 0.0924509 9.99473E-05 9.99473E-05 9.99473E-05 0.906949 9.99473E-05 9.99473E-05
9.994E-05 9.994E-05 9.994E-05 9.994E-05 9.994E-05 0.9993 9.994E-05 9.994E-05
9.99472E-05 0.267603 9.99472E-05 9.99472E-05 9.99472E-05 0.731797 9.99472E-05 9.99472E-05
9.994E-05 9.994E-05 9.994E-05 9.994E-05 9.994E-05 0.9993 9.994E-05 9.994E-05
9.9956E-05 0.262054 9.9956E-05 9.9956E-05 9.9956E-05 0.735318 9.9956E-05 0.00212807
0.943337 9.99474E-05 9.99474E-05 9.99474E-05 9.99474E-05 9.99474E-05 9.99474E-05 0.0560628
9.99473E-05 9.99473E-05 9.99473E-05 9.99473E-05 9.99473E-05 0.995975 0.00342517 9.99473E-05
9.994E-05 9.994E-05 9.994E-05 9.994E-05 9.994E-05 0.9993 9.994E-05 9.994E-05
9.9956E-05 9.9956E-05 9.9956E-05 9.9956E-05 0.101342 0.845905 9.9956E-05 0.0522526
9.994E-05 9.994E-05 9.994E-05 9.994E-05 9.994E-05 0.9993 9.994E-05 9.994E-05
9.99472E-05 0.211974 9.99472E-05 9.99472E-05 9.99472E-05 0.787427 9.99472E-05 9.99472E-05
9.994E-05 9.994E-05 9.994E-05 9.994E-05 9.994E-05 0.9993 9.994E-05 9.994E-05
9.994E-05 9.994E-05 9.994E-05 9.994E-05 9.994E-05 0.9993 9.994E-05 9.994E-05
9.994E-05 9.994E-05 9.994E-05 9.994E-05 9.994E-05 0.9993 9.994E-05 9.994E-05
9.99561E-05 0.0268654 9.99561E-05 9.99561E-05 9.99561E-05 0.962704 0.00993114 9.99561E-05
9.99472E-05 0.0332648 9.99472E-05 9.99472E-05 9.99472E-05 0.966136 9.99472E-05 9.99472E-05
9.99472E-05 0.0712645 9.99472E-05 9.99472E-05 9.99472E-05 0.928136 9.99472E-05 9.99472E-05
9.994E-05 9.994E-05 9.994E-05 9.994E-05 9.994E-05 0.9993 9.994E-05 9.994E-05
9.99472E-05 0.110851 9.99472E-05 9.99472E-05 9.99472E-05 0.888549 9.99472E-05 9.99472E-05
9.99473E-05 9.99473E-05 9.99473E-05 9.99473E-05 9.99473E-05 0.989851 0.0095495 9.99473E-05
9.99472E-05 0.110104 9.99472E-05 9.99472E-05 9.99472E-05 0.889297 9.99472E-05 9.99472E-05
9.994E-05 9.994E-05 9.994E-05 9.994E-05 9.994E-05 0.9993 9.994E-05 9.994E-05
9.994E-05 9.994E-05 9.994E-05 9.994E-05 9.994E-05 0.9993 9.994E-05 9.994E-05
9.994E-05 9.994E-05 9.994E-05 9.994E-05 9.994E-05 0.9993 9.994E-05 9.994E-05
0.124121 0.134749 9.99736E-05 9.99736E-05 9.99736E-05 0.617694 0.0809945 0.0421414
9.994E-05 9.994E-05 9.994E-05 9.994E-05 9.994E-05 0.9993 9.994E-05 9.994E-05
9.99737E-05 0.0376766 0.37722 0.335502 0.138469 0.110833 9.99737E-05 9.99737E-05
9.997E-05 0.112917 0.550006 0.191513 0.0181 0.127164 9.997E-05 9.997E-05
9.99912E-05 0.232128 0.291355 0.0285092 0.231095 0.130827 0.076698 0.00928696
9.99649E-05 0.107412 0.521647 0.267952 0.102589 9.99649E-05 9.99649E-05 9.99649E-05
9.996E-05 0.186207 0.319424 0.381136 0.112833 9.996E-05 9.996E-05 9.996E-05
9.99824E-05 0.132025 0.280493 0.333954 0.100795 0.0633489 0.0891836 9.99824E-05
9.996E-05 0.191509 0.391896 0.299814 0.116381 9.996E-05 9.996E-05 9.996E-05
9.99736E-05 0.0572121 0.372823 0.47087 0.0550537 0.0437408 9.99736E-05 9.99736E-05
9.99737E-05 0.440206 0.342626 0.0304957 0.136338 0.0500342 9.99737E-05 9.99737E-05
9.99824E-05 0.102257 9.99824E-05 0.385597 0.277418 0.000153418 0.207057 0.027317
9.99736E-05 0.0543664 0.59496 0.0970406 0.0974457 0.155887 9.99736E-05 9.99736E-05
9.997E-05 0.18528 0.416913 0.141124 0.157553 0.0988298 9.997E-05 9.997E-05
9.99736E-05 0.0898788 0.353693 0.40578 0.108289 9.99736E-05 0.0420587 9.99736E-05
9.99736E-05 0.111785 0.348533 0.326382 0.192659 0.0203404 9.99736E-05 9.99736E-05
9.99824E-05 0.12676 0.367074 0.288151 0.0568183 0.0370418 0.123954 9.99824E-05
9.996E-05 0.107727 0.364482 0.438621 0.0887704 9.996E-05 9.996E-05 9.996E-05
9.99736E-05 0.117475 0.346224 0.383833 0.103532 0.0486365 9.99736E-05 9.99736E-05
9.997E-05 0.22886 0.399856 0.288041 0.051468 9.997E-05 0.0314744 9.997E-05
9.99737E-05 0.233774 0.228978 0.254138 0.274158 0.00865281 9.99737E-05 9.99737E-05
9.99736E-05 0.0550433 0.221634 0.438773 0.224546 9.99736E-05 0.0597038 9.99736E-05
9.994E-05 9.994E-05 9.994E-05 9.994E-05 0.9993 9.994E-05 9.994E-05 9.994E-05
9.994E-05 9.994E-05 9.994E-05 9.994E-05 0.9993 9.994E-05 9.994E-05 9.994E-05
9.994E-05 9.994E-05 9.994E-05 9.994E-05 0.9993 9.994E-05 9.994E-05 9.994E-05
9.994E-05 9.994E-05 9.994E-05 9.994E-05 0.9993 9.994E-05 9.994E-05 9.994E-05
9.994E-05 9.994E-05 9.994E-05 9.994E-05 0.9993 9.994E-05 9.994E-05 9.994E-05
9.994E-05 9.994E-05 9.994E-05 9.994E-05 0.9993 9.994E-05 9.994E-05 9.994E-05
9.994E-05 9.994E-05 9.994E-05 9.994E-05 0.9993 9.994E-05 9.994E-05 9.994E-05
9.994E-05 9.994E-05 9.994E-05 9.994E-05 0.9993 9.994E-05 9.994E-05 9.994E-05
9.994E-05 9.994E-05 9.994E-05 9.994E-05 0.9993 9.994E-05 9.994E-05 9.994E-05
9.994E-05 9.994E-05 9.994E-05 9.994E-05 0.9993 9.994E-05 9.994E-05 9.994E-05
9.994E-05 9.994E-05 9.994E-05 9.994E-05 0.9993 9.994E-05 9.994E-05 9.994E-05
9.994E-05 9.994E-05 9.994E-05 9.994E-05 0.9993 9.994E-05 9.994E-05 9.994E-05
9.994E-05 9.994E-05 9.994E-05 9.994E-05 0.9993 9.994E-05 9.994E-05 9.994E-05
9.994E-05 9.994E-05 9.994E-05 9.994E-05 0.9993 9.994E-05 9.994E-05 9.994E-05
9.994E-05 9.994E-05 9.994E-05 9.994E-05 0.9993 9.994E-05 9.994E-05 9.994E-05
9.994E-05 9.994E-05 9.994E-05 9.994E-05 0.9993 9.994E-05 9.994E-05 9.994E-05
9.994E-05 9.994E-05 9.994E-05 9.994E-05 0.9993 9.994E-05 9.994E-05 9.994E-05
9.994E-05 9.994E-05 9.994E-05 9.994E-05 0.9993 9.994E-05 9.994E-05 9.994E-05
9.994E-05 9.994E-05 9.994E-05 9.994E-05 0.9993 9.994E-05 9.994E-05 9.994E-05
9.994E-05 9.994E-05 9.994E-05 9.994E-05 0.9993 9.994E-05 9.994E-05 9.994E-05
9.994E-05 9.994E-05 9.994E-05 9.994E-05 0.9993 9.994E-05 9.994E-05 9.994E-05
9.994E-05 9.994E-05 9.994E-05 9.994E-05 0.9993 9.994E-05 9.994E-05 9.994E-05
9.994E-05 9.994E-05 9.994E-05 9.994E-05 0.9993 9.994E-05 9.994E-05 9.994E-05
9.994E-05 9.994E-05 9.994E-05 9.994E-05 0.9993 9.994E-05 9.994E-05 9.994E-05
9.994E-05 9.994E-05 9.994E-05 9.994E-05 0.9993 9.994E-05 9.994E-05 9.994E-05
9.994E-05 9.994E-05 9.994E-05 9.994E-05 0.9993 9.994E-05 9.994E-05 9.994E-05
9.994E-05 9.994E-05 9.994E-05 9.994E-05 0.9993 9.994E-05 9.994E-05 9.994E-05
9.994E-05 9.994E-05 9.994E-05 9.994E-05 0.9993 9.994E-05 9.994E-05 9.994E-05
9.994E-05 9.994E-05 9.994E-05 9.994E-05 0.9993 9.994E-05 9.994E-05 9.994E-05
9.994E-05 9.994E-05 9.994E-05 9.994E-05 0.9993 9.994E-05 9.994E-05 9.994E-05
9.994E-05 9.994E-05 9.994E-05 9.994E-05 0.9993 9.994E-05 9.994E-05 9.994E-05
9.994E-05 9.994E-05 9.994E-05 9.994E-05 0.9993 9.994E-05 9.994E-05 9.994E-05
9.994E-05 9.994E-05 9.994E-05 9.994E-05 0.9993 9.994E-05 9.994E-05 9.994E-05
9.994E-05 9.994E-05 9.994E-05 9.994E-05 0.9993 9.994E-05 9.994E-05 9.994E-05
9.994E-05 9.994E-05 9.994E-05 9.994E-05 0.9993 9.994E-05 9.994E-05 9.994E-05
9.994E-05 9.994E-05 9.994E-05 9.994E-05 0.9993 9.994E-05 9.994E-05 9.994E-05
9.994E-05 9.994E-05 9.994E-05 9.994E-05 0.9993 9.994E-05 9.994E-05 9.994E-05
