0.0849223 0.0600546 9.98332E-05 0.0824675 0.0713806 9.98332E-05 9.98332E-05 9.98332E-05 9.98332E-05 9.98332E-05 0.396198 9.98332E-05 9.98332E-05 0.233082 9.98332E-05 9.98332E-05 9.98332E-05 0.0699976 9.98332E-05 9.98332E-05 9.98332E-05 9.98332E-05 9.98332E-05 9.98332E-05 9.98332E-05 9.98332E-05
9.98334E-05 0.110012 0.0232188 0.00964488 9.98334E-05 9.98334E-05 9.98334E-05 9.98334E-05 9.98334E-05 9.98334E-05 0.306521 9.98334E-05 9.98334E-05 9.98334E-05 9.98334E-05 0.0276702 9.98334E-05 9.98334E-05 9.98334E-05 9.98334E-05 9.98334E-05 9.98334E-05 9.98334E-05 0.465997 9.98334E-05 0.0550391
9.98069E-05 9.98069E-05 9.98069E-05 9.98069E-05 9.98069E-05 9.98069E-05 0.0087037 9.98069E-05 9.98069E-05 9.98069E-05 9.98069E-05 9.98069E-05 9.98069E-05 9.98069E-05 0.00756585 9.98069E-05 9.98069E-05 0.00558324 9.98069E-05 9.98069E-05 9.98069E-05 9.98069E-05 9.98069E-05 0.975951 9.98069E-05 9.98069E-05
9.98596E-05 9.98596E-05 0.126155 0.178767 0.111329 9.98596E-05 9.98596E-05 9.98596E-05 9.98596E-05 0.096979 0.28874 9.98596E-05 9.98596E-05 9.98596E-05 9.98596E-05 0.0519602 9.98596E-05 0.0443017 9.98596E-05 0.0066852 9.98596E-05 0.00924666 0.0842382 9.98596E-05 9.98596E-05 9.98596E-05
9.98158E-05 9.98158E-05 9.98158E-05 9.98158E-05 9.98158E-05 9.98158E-05 9.98158E-05 9.98158E-05 9.98158E-05 9.98158E-05 0.69582 9.98158E-05 9.98158E-05 9.98158E-05 0.0505584 9.98158E-05 9.98158E-05 9.98158E-05 9.98158E-05 0.0429461 9.98158E-05 9.98158E-05 9.98158E-05 0.188722 9.98158E-05 0.0198573
9.98422E-05 9.98422E-05 9.98422E-05 9.98422E-05 9.98422E-05 9.98422E-05 9.98422E-05 9.98422E-05 9.98422E-05 0.163674 9.98422E-05 0.0370176 9.98422E-05 0.208895 0.123826 9.98422E-05 0.0347941 9.98422E-05 9.98422E-05 0.110339 9.98422E-05 0.0788617 9.98422E-05 0.240796 9.98422E-05 9.98422E-05
9.9851E-05 0.070137 0.123131 9.9851E-05 0.00333192 9.9851E-05 0.0874077 9.9851E-05 9.9851E-05 9.9851E-05 0.30654 9.9851E-05 9.9851E-05 0.0871529 9.9851E-05 0.11482 0.123218 9.9851E-05 9.9851E-05 0.0825635 9.9851E-05 9.9851E-05 9.9851E-05 9.9851E-05 9.9851E-05 9.9851E-05
0.0817937 9.98685E-05 9.98685E-05 9.98685E-05 0.196146 9.98685E-05 9.98685E-05 0.0114083 0.0476142 0.0216981 0.132784 9.98685E-05 9.98685E-05 0.122881 0.0632776 9.98685E-05 9.98685E-05 9.98685E-05 9.98685E-05 0.0951753 9.98685E-05 0.149277 9.98685E-05 9.98685E-05 9.98685E-05 0.0764467
9.98334E-05 9.98334E-05 9.98334E-05 9.98334E-05 9.98334E-05 9.98334E-05 0.123387 9.98334E-05 9.98334E-05 9.98334E-05 0.158961 9.98334E-05 9.98334E-05 9.98334E-05 0.00257124 9.98334E-05 9.98334E-05 0.223447 9.98334E-05 9.98334E-05 9.98334E-05 0.260002 0.154425 0.0753088 9.98334E-05 9.98334E-05
9.97895E-05 9.97895E-05 9.97895E-05 9.97895E-05 9.97895E-05 9.97895E-05 9.97895E-05 9.97895E-05 9.97895E-05 9.97895E-05 0.877092 9.97895E-05 9.97895E-05 9.97895E-05 9.97895E-05 9.97895E-05 9.97895E-05 0.120513 9.97895E-05 9.97895E-05 9.97895E-05 9.97895E-05 9.97895E-05 9.97895E-05 9.97895E-05 9.97895E-05
9.98421E-05 9.98421E-05 9.98421E-05 9.98421E-05 0.021996 9.98421E-05 9.98421E-05 9.98421E-05 9.98421E-05 0.00429164 0.547051 9.98421E-05 9.98421E-05 0.110596 9.98421E-05 0.1333 9.98421E-05 0.164332 9.98421E-05 9.98421E-05 9.98421E-05 0.00588864 0.0107479 9.98421E-05 9.98421E-05 9.98421E-05
9.97806E-05 9.97806E-05 9.97806E-05 9.97806E-05 9.97806E-05 9.97806E-05 9.97806E-05 9.97806E-05 9.97806E-05 9.97806E-05 9.97806E-05 9.97806E-05 9.97806E-05 9.97806E-05 9.97806E-05 9.97806E-05 9.97806E-05 9.97806E-05 9.97806E-05 9.97806E-05 9.97806E-05 9.97806E-05 9.97806E-05 0.997505 9.97806E-05 9.97806E-05
9.98069E-05 9.98069E-05 9.98069E-05 9.98069E-05 0.00492244 9.98069E-05 9.98069E-05 9.98069E-05 9.98069E-05 9.98069E-05 0.874314 9.98069E-05 9.98069E-05 9.98069E-05 9.98069E-05 9.98069E-05 9.98069E-05 0.0785614 9.98069E-05 9.98069E-05 9.98069E-05 0.0400066 9.98069E-05 9.98069E-05 9.98069E-05 9.98069E-05
9.98597E-05 9.98597E-05 9.98597E-05 9.98597E-05 0.00506114 0.0379814 9.98597E-05 0.00481261 9.98597E-05 9.98597E-05 0.357476 9.98597E-05 9.98597E-05 9.98597E-05 0.144394 0.0695891 9.98597E-05 0.0023669 0.0395005 9.98597E-05 0.0518526 9.98597E-05 9.98597E-05 0.285368 9.98597E-05 9.98597E-05
9.98684E-05 9.98684E-05 9.98684E-05 9.98684E-05 0.0757119 0.0468056 0.0116002 9.98684E-05 9.98684E-05 0.0881609 0.110408 9.98684E-05 9.98684E-05 0.175442 9.98684E-05 9.98684E-05 9.98684E-05 0.140932 9.98684E-05 0.00705778 9.98684E-05 0.140647 0.0102435 0.191493 9.98684E-05 9.98684E-05
0.01647 9.98947E-05 0.107856 0.00954459 0.00673808 0.0129446 9.98947E-05 0.020938 0.1311 0.0175109 0.160882 0.0499976 9.98947E-05 0.145127 9.98947E-05 9.98947E-05 9.98947E-05 0.0817922 9.98947E-05 9.98947E-05 9.98947E-05 0.170191 9.98947E-05 0.0677104 9.98947E-05 9.98947E-05
0.0883003 0.0449699 9.98422E-05 9.98422E-05 9.98422E-05 0.0164677 9.98422E-05 9.98422E-05 9.98422E-05 9.98422E-05 0.486306 9.98422E-05 9.98422E-05 9.98422E-05 9.98422E-05 0.0115874 9.98422E-05 0.143525 0.117844 9.98422E-05 9.98422E-05 9.98422E-05 0.0892025 9.98422E-05 9.98422E-05 9.98422E-05
9.9851E-05 9.9851E-05 9.9851E-05 9.9851E-05 0.190015 9.9851E-05 9.9851E-05 9.9851E-05 9.9851E-05 9.9851E-05 0.163938 9.9851E-05 0.0721245 0.0854507 9.9851E-05 9.9851E-05 9.9851E-05 0.16172 9.9851E-05 0.00544548 9.9851E-05 0.0376334 0.067495 9.9851E-05 0.21448 9.9851E-05
0.023017 9.9842E-05 9.9842E-05 9.9842E-05 0.194901 0.000761707 9.9842E-05 9.9842E-05 9.9842E-05 9.9842E-05 0.177655 9.9842E-05 9.9842E-05 9.9842E-05 9.9842E-05 9.9842E-05 9.9842E-05 0.159078 9.9842E-05 0.144965 9.9842E-05 0.111037 9.9842E-05 0.186788 9.9842E-05 9.9842E-05
9.97984E-05 9.97984E-05 9.97984E-05 0.111108 9.97984E-05 9.97984E-05 9.97984E-05 9.97984E-05 9.97984E-05 9.97984E-05 0.844561 9.97984E-05 9.97984E-05 9.97984E-05 9.97984E-05 9.97984E-05 9.97984E-05 9.97984E-05 9.97984E-05 9.97984E-05 9.97984E-05 9.97984E-05 9.97984E-05 0.0420356 9.97984E-05 9.97984E-05
9.98158E-05 9.98158E-05 9.98158E-05 9.98158E-05 9.98158E-05 9.98158E-05 9.98158E-05 0.142923 9.98158E-05 9.98158E-05 0.51077 9.98158E-05 9.98158E-05 9.98158E-05 9.98158E-05 0.0472414 9.98158E-05 9.98158E-05 9.98158E-05 9.98158E-05 9.98158E-05 0.0564214 0.240548 9.98158E-05 9.98158E-05 9.98158E-05
9.98422E-05 9.98422E-05 9.98422E-05 9.98422E-05 0.373431 0.0320954 9.98422E-05 9.98422E-05 9.98422E-05 0.0683366 0.244898 9.98422E-05 9.98422E-05 9.98422E-05 0.0739008 9.98422E-05 9.98422E-05 9.98422E-05 9.98422E-05 0.0569698 9.98422E-05 0.0900282 9.98422E-05 9.98422E-05 0.0585429 9.98422E-05
9.98423E-05 9.98423E-05 0.0249705 9.98423E-05 9.98423E-05 9.98423E-05 9.98423E-05 9.98423E-05 9.98423E-05 0.0174004 0.240904 9.98423E-05 9.98423E-05 0.209673 9.98423E-05 0.0415477 9.98423E-05 0.140563 9.98423E-05 9.98423E-05 9.98423E-05 9.98423E-05 9.98423E-05 0.305611 0.0175326 9.98423E-05
9.98246E-05 9.98246E-05 9.98246E-05 9.98246E-05 0.174092 9.98246E-05 0.0605919 9.98246E-05 9.98246E-05 0.16284 0.389975 9.98246E-05 9.98246E-05 9.98246E-05 9.98246E-05 9.98246E-05 9.98246E-05 0.19648 9.98246E-05 9.98246E-05 9.98246E-05 9.98246E-05 9.98246E-05 0.0140242 9.98246E-05 9.98246E-05
9.98508E-05 9.98508E-05 9.98508E-05 0.11197 0.0767177 0.107571 9.98508E-05 9.98508E-05 9.98508E-05 0.132356 0.134164 9.98508E-05 9.98508E-05 9.98508E-05 9.98508E-05 0.00194509 9.98508E-05 0.25171 9.98508E-05 9.98508E-05 9.98508E-05 0.0358015 9.98508E-05 0.146067 9.98508E-05 9.98508E-05
9.9807E-05 9.9807E-05 9.9807E-05 9.9807E-05 9.9807E-05 9.9807E-05 9.9807E-05 9.9807E-05 9.9807E-05 9.9807E-05 0.710303 9.9807E-05 9.9807E-05 9.9807E-05 0.11538 9.9807E-05 9.9807E-05 0.0882769 9.9807E-05 9.9807E-05 9.9807E-05 9.9807E-05 0.083844 9.9807E-05 9.9807E-05 9.9807E-05
9.98244E-05 9.98244E-05 9.98244E-05 9.98244E-05 0.367395 9.98244E-05 9.98244E-05 0.0657172 9.98244E-05 0.251583 0.123428 9.98244E-05 9.98244E-05 9.98244E-05 9.98244E-05 9.98244E-05 9.98244E-05 0.082089 9.98244E-05 9.98244E-05 9.98244E-05 9.98244E-05 9.98244E-05 9.98244E-05 0.107791 9.98244E-05
9.98422E-05 9.98422E-05 0.0517996 9.98422E-05 0.0796944 9.98422E-05 9.98422E-05 0.0231922 9.98422E-05 9.98422E-05 0.750312 9.98422E-05 9.98422E-05 9.98422E-05 9.98422E-05 9.98422E-05 9.98422E-05 0.0577067 9.98422E-05 0.00336825 0.0239627 9.98422E-05 9.98422E-05 0.00816661 9.98422E-05 9.98422E-05
9.98334E-05 9.98334E-05 9.98334E-05 9.98334E-05 0.0311083 9.98334E-05 0.0102604 9.98334E-05 9.98334E-05 0.10228 0.00353453 9.98334E-05 9.98334E-05 0.0413916 9.98334E-05 9.98334E-05 9.98334E-05 0.155594 9.98334E-05 9.98334E-05 9.98334E-05 9.98334E-05 9.98334E-05 0.653935 9.98334E-05 9.98334E-05
9.98246E-05 9.98246E-05 9.98246E-05 9.98246E-05 9.98246E-05 9.98246E-05 9.98246E-05 9.98246E-05 0.0160234 9.98246E-05 9.98246E-05 0.00352938 9.98246E-05 9.98246E-05 9.98246E-05 9.98246E-05 9.98246E-05 0.0350518 0.138485 9.98246E-05 9.98246E-05 0.0214196 9.98246E-05 0.783495 9.98246E-05 9.98246E-05
9.98421E-05 9.98421E-05 9.98421E-05 0.0174309 9.98421E-05 0.0615881 9.98421E-05 9.98421E-05 9.98421E-05 9.98421E-05 0.540369 9.98421E-05 9.98421E-05 0.203819 9.98421E-05 0.0861662 9.98421E-05 9.98421E-05 9.98421E-05 0.00183102 9.98421E-05 0.0129303 9.98421E-05 0.0740679 9.98421E-05 9.98421E-05
9.98509E-05 9.98509E-05 9.98509E-05 9.98509E-05 0.0120276 0.01069 9.98509E-05 9.98509E-05 9.98509E-05 9.98509E-05 0.517392 9.98509E-05 9.98509E-05 9.98509E-05 9.98509E-05 0.0449179 9.98509E-05 0.0916409 9.98509E-05 0.0187517 0.167394 9.98509E-05 0.0983606 9.98509E-05 9.98509E-05 0.0371281
9.9842E-05 9.9842E-05 9.9842E-05 9.9842E-05 0.121351 9.9842E-05 9.9842E-05 0.0407837 9.9842E-05 0.0179887 0.300086 9.9842E-05 9.9842E-05 0.115102 9.9842E-05 0.0581172 9.9842E-05 0.125439 9.9842E-05 9.9842E-05 9.9842E-05 9.9842E-05 9.9842E-05 0.219336 9.9842E-05 9.9842E-05
9.98508E-05 9.98508E-05 0.027955 9.98508E-05 0.11396 9.98508E-05 9.98508E-05 0.0894468 9.98508E-05 0.0841236 9.98508E-05 0.0141242 9.98508E-05 9.98508E-05 9.98508E-05 0.0025009 9.98508E-05 0.0579111 9.98508E-05 9.98508E-05 9.98508E-05 9.98508E-05 9.98508E-05 0.590739 0.0175416 9.98508E-05
9.98334E-05 0.0107452 9.98334E-05 0.0611825 9.98334E-05 9.98334E-05 9.98334E-05 9.98334E-05 9.98334E-05 9.98334E-05 0.0567552 9.98334E-05 9.98334E-05 9.98334E-05 9.98334E-05 0.0366316 9.98334E-05 0.0180171 9.98334E-05 9.98334E-05 9.98334E-05 0.0102445 9.98334E-05 0.804527 9.98334E-05 9.98334E-05
9.98334E-05 9.98334E-05 0.159997 9.98334E-05 0.0233383 9.98334E-05 0.00133758 9.98334E-05 9.98334E-05 9.98334E-05 0.723394 9.98334E-05 9.98334E-05 0.060912 9.98334E-05 9.98334E-05 9.98334E-05 9.98334E-05 9.98334E-05 9.98334E-05 9.98334E-05 0.00344942 0.0256749 9.98334E-05 9.98334E-05 9.98334E-05
9.98158E-05 9.98158E-05 0.0117231 0.0256223 9.98158E-05 9.98158E-05 9.98158E-05 9.98158E-05 9.98158E-05 9.98158E-05 0.864692 9.98158E-05 9.98158E-05 9.98158E-05 9.98158E-05 9.98158E-05 0.00332003 9.98158E-05 9.98158E-05 0.0925463 9.98158E-05 9.98158E-05 9.98158E-05 9.98158E-05 9.98158E-05 9.98158E-05
9.98247E-05 0.0558248 0.0669249 0.062047 9.98247E-05 9.98247E-05 9.98247E-05 9.98247E-05 9.98247E-05 9.98247E-05 9.98247E-05 9.98247E-05 9.98247E-05 9.98247E-05 9.98247E-05 9.98247E-05 9.98247E-05 9.98247E-05 9.98247E-05 9.98247E-05 9.98247E-05 0.0911136 0.0667251 0.655368 9.98247E-05 9.98247E-05
9.98334E-05 0.0637471 9.98334E-05 9.98334E-05 0.00853052 9.98334E-05 9.98334E-05 9.98334E-05 9.98334E-05 9.98334E-05 9.98334E-05 9.98334E-05 9.98334E-05 9.98334E-05 0.061497 9.98334E-05 9.98334E-05 0.0792427 0.0793751 0.0135184 9.98334E-05 9.98334E-05 9.98334E-05 0.692192 9.98334E-05 9.98334E-05
9.9842E-05 9.9842E-05 9.9842E-05 9.9842E-05 0.00971819 9.9842E-05 9.9842E-05 0.0195711 0.0358875 0.145585 9.9842E-05 9.9842E-05 9.9842E-05 9.9842E-05 9.9842E-05 9.9842E-05 9.9842E-05 0.113922 0.00436639 0.0500288 9.9842E-05 9.9842E-05 9.9842E-05 0.619124 9.9842E-05 9.9842E-05
9.98158E-05 9.98158E-05 9.98158E-05 9.98158E-05 0.021495 9.98158E-05 9.98158E-05 9.98158E-05 9.98158E-05 9.98158E-05 0.875381 9.98158E-05 9.98158E-05 9.98158E-05 9.98158E-05 9.98158E-05 0.00209572 0.0469022 9.98158E-05 0.05203 9.98158E-05 9.98158E-05 9.98158E-05 9.98158E-05 9.98158E-05 9.98158E-05
9.98336E-05 0.00450617 9.98336E-05 9.98336E-05 0.239038 9.98336E-05 9.98336E-05 9.98336E-05 9.98336E-05 9.98336E-05 0.303484 9.98336E-05 9.98336E-05 0.0489465 9.98336E-05 9.98336E-05 9.98336E-05 0.0647106 9.98336E-05 9.98336E-05 9.98336E-05 0.00711839 9.98336E-05 0.3303 9.98336E-05 9.98336E-05
9.97983E-05 9.97983E-05 9.97983E-05 9.97983E-05 9.97983E-05 9.97983E-05 9.97983E-05 9.97983E-05 9.97983E-05 9.97983E-05 0.892248 9.97983E-05 9.97983E-05 9.97983E-05 9.97983E-05 9.97983E-05 9.97983E-05 9.97983E-05 0.102396 0.00306083 9.97983E-05 9.97983E-05 9.97983E-05 9.97983E-05 9.97983E-05 9.97983E-05
9.98333E-05 9.98333E-05 9.98333E-05 9.98333E-05 0.0966175 9.98333E-05 0.0769236 9.98333E-05 9.98333E-05 9.98333E-05 9.98333E-05 9.98333E-05 9.98333E-05 0.176922 9.98333E-05 0.0478169 9.98333E-05 0.133936 9.98333E-05 9.98333E-05 9.98333E-05 0.136395 9.98333E-05 0.329492 9.98333E-05 9.98333E-05
9.98336E-05 9.98336E-05 0.046979 9.98336E-05 0.398549 9.98336E-05 9.98336E-05 9.98336E-05 9.98336E-05 9.98336E-05 0.0103476 9.98336E-05 9.98336E-05 9.98336E-05 0.0347887 9.98336E-05 9.98336E-05 0.20567 9.98336E-05 0.0836875 9.98336E-05 9.98336E-05 9.98336E-05 0.218081 9.98336E-05 9.98336E-05
9.98332E-05 9.98332E-05 0.00495013 9.98332E-05 0.0828633 9.98332E-05 9.98332E-05 9.98332E-05 9.98332E-05 9.98332E-05 0.221579 9.98332E-05 0.0434894 9.98332E-05 9.98332E-05 9.98332E-05 9.98332E-05 0.00706798 9.98332E-05 0.0117109 9.98332E-05 9.98332E-05 9.98332E-05 0.626442 9.98332E-05 9.98332E-05
9.98246E-05 9.98246E-05 0.0191413 9.98246E-05 9.98246E-05 9.98246E-05 9.98246E-05 9.98246E-05 9.98246E-05 9.98246E-05 0.768481 9.98246E-05 9.98246E-05 9.98246E-05 9.98246E-05 0.0343561 9.98246E-05 0.0883623 9.98246E-05 9.98246E-05 9.98246E-05 0.0241564 9.98246E-05 9.98246E-05 0.0635063 9.98246E-05
9.97808E-05 9.97808E-05 9.97808E-05 9.97808E-05 9.97808E-05 9.97808E-05 9.97808E-05 9.97808E-05 9.97808E-05 9.97808E-05 9.97808E-05 9.97808E-05 9.97808E-05 9.97808E-05 9.97808E-05 9.97808E-05 9.97808E-05 9.97808E-05 9.97808E-05 9.97808E-05 9.97808E-05 9.97808E-05 9.97808E-05 0.997505 9.97808E-05 9.97808E-05
9.98508E-05 9.98508E-05 9.98508E-05 0.0211646 0.102017 9.98508E-05 9.98508E-05 0.0447081 9.98508E-05 0.0759187 0.155343 9.98508E-05 9.98508E-05 9.98508E-05 9.98508E-05 0.0202278 9.98508E-05 0.0507654 9.98508E-05 9.98508E-05 9.98508E-05 9.98508E-05 9.98508E-05 0.522274 9.98508E-05 0.00588457
9.98251E-05 9.98251E-05 9.98251E-05 9.98251E-05 0.00504619 9.98251E-05 9.98251E-05 9.98251E-05 9.98251E-05 9.98251E-05 0.0428638 9.98251E-05 9.98251E-05 9.98251E-05 9.98251E-05 9.98251E-05 0.111264 9.98251E-05 9.98251E-05 0.0645352 9.98251E-05 0.0861873 9.98251E-05 0.688107 9.98251E-05 9.98251E-05
9.98596E-05 9.98596E-05 9.98596E-05 0.0597375 0.0576555 9.98596E-05 9.98596E-05 9.98596E-05 9.98596E-05 0.126014 0.213245 9.98596E-05 9.98596E-05 0.00569178 9.98596E-05 0.10113 9.98596E-05 0.246259 9.98596E-05 9.98596E-05 9.98596E-05 0.0331937 9.98596E-05 0.140235 9.98596E-05 0.0152401
9.98334E-05 9.98334E-05 0.0998364 9.98334E-05 0.20621 9.98334E-05 0.0773366 0.0275318 9.98334E-05 9.98334E-05 0.555366 9.98334E-05 0.00074318 9.98334E-05 0.0310788 9.98334E-05 9.98334E-05 9.98334E-05 9.98334E-05 9.98334E-05 9.98334E-05 9.98334E-05 9.98334E-05 9.98334E-05 9.98334E-05 9.98334E-05
9.98335E-05 0.0251062 9.98335E-05 9.98335E-05 9.98335E-05 0.0775969 9.98335E-05 9.98335E-05 9.98335E-05 0.00628061 0.236438 9.98335E-05 9.98335E-05 9.98335E-05 9.98335E-05 9.98335E-05 9.98335E-05 0.0225394 9.98335E-05 9.98335E-05 9.98335E-05 9.98335E-05 9.98335E-05 0.563855 0.066287 9.98335E-05
9.98072E-05 9.98072E-05 9.98072E-05 9.98072E-05 9.98072E-05 9.98072E-05 9.98072E-05 0.113072 0.0801056 9.98072E-05 9.98072E-05 9.98072E-05 9.98072E-05 9.98072E-05 9.98072E-05 9.98072E-05 9.98072E-05 9.98072E-05 9.98072E-05 9.98072E-05 9.98072E-05 9.98072E-05 9.98072E-05 0.75829 0.0463372 9.98072E-05
9.97985E-05 9.97985E-05 9.97985E-05 9.97985E-05 9.97985E-05 0.107577 9.97985E-05 9.97985E-05 9.97985E-05 9.97985E-05 9.97985E-05 9.97985E-05 9.97985E-05 9.97985E-05 9.97985E-05 9.97985E-05 9.97985E-05 0.101395 9.97985E-05 9.97985E-05 9.97985E-05 9.97985E-05 9.97985E-05 0.788733 9.97985E-05 9.97985E-05
9.98071E-05 9.98071E-05 9.98071E-05 0.0811614 9.98071E-05 9.98071E-05 9.98071E-05 9.98071E-05 9.98071E-05 0.15086 9.98071E-05 9.98071E-05 9.98071E-05 9.98071E-05 9.98071E-05 9.98071E-05 9.98071E-05 9.98071E-05 9.98071E-05 0.0278255 9.98071E-05 9.98071E-05 9.98071E-05 0.737958 9.98071E-05 9.98071E-05
9.98332E-05 0.0123373 9.98332E-05 9.98332E-05 0.00371951 9.98332E-05 9.98332E-05 9.98332E-05 9.98332E-05 9.98332E-05 0.792614 9.98332E-05 9.98332E-05 9.98332E-05 9.98332E-05 9.98332E-05 9.98332E-05 0.0379235 9.98332E-05 0.0476986 9.98332E-05 9.98332E-05 0.0309874 9.98332E-05 0.0728225 9.98332E-05
9.98072E-05 9.98072E-05 0.123181 9.98072E-05 9.98072E-05 9.98072E-05 9.98072E-05 9.98072E-05 9.98072E-05 9.98072E-05 0.808235 9.98072E-05 9.98072E-05 9.98072E-05 9.98072E-05 0.0280214 0.0383666 9.98072E-05 9.98072E-05 9.98072E-05 9.98072E-05 9.98072E-05 9.98072E-05 9.98072E-05 9.98072E-05 9.98072E-05
0.0143868 9.98158E-05 9.98158E-05 9.98158E-05 9.98158E-05 9.98158E-05 9.98158E-05 9.98158E-05 9.98158E-05 9.98158E-05 0.148006 9.98158E-05 9.98158E-05 9.98158E-05 9.98158E-05 0.0426755 9.98158E-05 9.98158E-05 9.98158E-05 9.98158E-05 9.98158E-05 9.98158E-05 9.98158E-05 0.760816 9.98158E-05 0.0320203
0.0137462 9.9842E-05 9.9842E-05 9.9842E-05 9.9842E-05 9.9842E-05 9.9842E-05 9.9842E-05 9.9842E-05 0.0146692 9.9842E-05 9.9842E-05 9.9842E-05 0.654139 9.9842E-05 0.0541519 9.9842E-05 0.147976 9.9842E-05 9.9842E-05 9.9842E-05 0.0518337 0.00931074 9.9842E-05 0.052376 9.9842E-05
9.97897E-05 9.97897E-05 9.97897E-05 9.97897E-05 9.97897E-05 9.97897E-05 9.97897E-05 9.97897E-05 0.005237 9.97897E-05 9.97897E-05 9.97897E-05 9.97897E-05 0.992368 9.97897E-05 9.97897E-05 9.97897E-05 9.97897E-05 9.97897E-05 9.97897E-05 9.97897E-05 9.97897E-05 9.97897E-05 9.97897E-05 9.97897E-05 9.97897E-05
9.97894E-05 9.97894E-05 9.97894E-05 9.97894E-05 9.97894E-05 9.97894E-05 9.97894E-05 9.97894E-05 9.97894E-05 9.97894E-05 9.97894E-05 9.97894E-05 9.97894E-05 0.955047 9.97894E-05 9.97894E-05 9.97894E-05 9.97894E-05 9.97894E-05 9.97894E-05 9.97894E-05 9.97894E-05 9.97894E-05 9.97894E-05 0.042558 9.97894E-05
9.98334E-05 0.332982 9.98334E-05 9.98334E-05 9.98334E-05 9.98334E-05 9.98334E-05 9.98334E-05 9.98334E-05 0.164035 9.98334E-05 9.98334E-05 9.98334E-05 0.311069 9.98334E-05 9.98334E-05 0.0379204 0.0253996 9.98334E-05 9.98334E-05 9.98334E-05 0.112497 9.98334E-05 9.98334E-05 0.014201 9.98334E-05
9.98505E-05 9.98505E-05 9.98505E-05 9.98505E-05 0.0546682 0.0166377 9.98505E-05 9.98505E-05 9.98505E-05 9.98505E-05 9.98505E-05 9.98505E-05 0.0747404 0.574597 9.98505E-05 0.0107497 0.0575394 0.0758605 9.98505E-05 9.98505E-05 9.98505E-05 0.0388058 9.98505E-05 9.98505E-05 0.0947041 9.98505E-05
9.98066E-05 9.98066E-05 9.98066E-05 9.98066E-05 0.113949 9.98066E-05 9.98066E-05 9.98066E-05 9.98066E-05 9.98066E-05 9.98066E-05 9.98066E-05 9.98066E-05 0.636363 9.98066E-05 9.98066E-05 9.98066E-05 0.16693 9.98066E-05 9.98066E-05 9.98066E-05 0.0805621 9.98066E-05 9.98066E-05 9.98066E-05 9.98066E-05
9.98331E-05 0.319513 9.98331E-05 9.98331E-05 9.98331E-05 9.98331E-05 9.98331E-05 0.0780952 9.98331E-05 9.98331E-05 9.98331E-05 9.98331E-05 9.98331E-05 0.360456 9.98331E-05 0.0200217 9.98331E-05 0.049289 9.98331E-05 9.98331E-05 9.98331E-05 0.0222855 0.148443 9.98331E-05 9.98331E-05 9.98331E-05
9.98243E-05 0.0299812 9.98243E-05 9.98243E-05 9.98243E-05 9.98243E-05 9.98243E-05 9.98243E-05 9.98243E-05 0.0937452 9.98243E-05 9.98243E-05 9.98243E-05 0.476901 9.98243E-05 9.98243E-05 9.98243E-05 0.136311 9.98243E-05 9.98243E-05 9.98243E-05 0.0577657 9.98243E-05 9.98243E-05 0.2033 9.98243E-05
9.97983E-05 9.97983E-05 9.97983E-05 9.97983E-05 9.97983E-05 9.97983E-05 0.063049 9.97983E-05 9.97983E-05 9.97983E-05 9.97983E-05 9.97983E-05 9.97983E-05 0.931109 9.97983E-05 9.97983E-05 9.97983E-05 9.97983E-05 9.97983E-05 9.97983E-05 9.97983E-05 9.97983E-05 9.97983E-05 9.97983E-05 0.00354664 9.97983E-05
9.97893E-05 9.97893E-05 9.97893E-05 9.97893E-05 9.97893E-05 9.97893E-05 9.97893E-05 9.97893E-05 9.97893E-05 9.97893E-05 9.97893E-05 9.97893E-05 9.97893E-05 0.941051 9.97893E-05 0.0565536 9.97893E-05 9.97893E-05 9.97893E-05 9.97893E-05 9.97893E-05 9.97893E-05 9.97893E-05 9.97893E-05 9.97893E-05 9.97893E-05
9.9833E-05 9.9833E-05 9.9833E-05 9.9833E-05 9.9833E-05 9.9833E-05 9.9833E-05 9.9833E-05 9.9833E-05 9.9833E-05 9.9833E-05 0.0343966 0.00166688 0.478169 9.9833E-05 0.169912 9.9833E-05 0.203425 9.9833E-05 0.0509156 9.9833E-05 0.0596173 9.9833E-05 9.9833E-05 9.9833E-05 9.9833E-05
0.0767255 0.0614235 9.98682E-05 0.00158292 0.159636 0.0265764 9.98682E-05 0.0993696 9.98682E-05 9.98682E-05 9.98682E-05 9.98682E-05 9.98682E-05 0.441511 0.00421173 0.0300836 9.98682E-05 0.0650778 9.98682E-05 0.0323041 9.98682E-05 9.98682E-05 9.98682E-05 9.98682E-05 9.98682E-05 9.98682E-05
0.0943155 9.98419E-05 9.98419E-05 9.98419E-05 9.98419E-05 9.98419E-05 9.98419E-05 0.0977633 9.98419E-05 0.080694 9.98419E-05 9.98419E-05 9.98419E-05 0.517839 9.98419E-05 0.0334715 9.98419E-05 0.0343473 9.98419E-05 9.98419E-05 9.98419E-05 0.0871546 9.98419E-05 9.98419E-05 9.98419E-05 0.0526175
9.98243E-05 0.0202551 9.98243E-05 9.98243E-05 0.228678 9.98243E-05 9.98243E-05 9.98243E-05 9.98243E-05 9.98243E-05 9.98243E-05 9.98243E-05 9.98243E-05 0.494062 9.98243E-05 9.98243E-05 9.98243E-05 0.182423 9.98243E-05 0.0635022 9.98243E-05 0.00908379 9.98243E-05 9.98243E-05 9.98243E-05 9.98243E-05
0.0296961 9.98074E-05 9.98074E-05 9.98074E-05 9.98074E-05 9.98074E-05 9.98074E-05 9.98074E-05 0.0157401 9.98074E-05 9.98074E-05 9.98074E-05 9.98074E-05 0.929214 0.0231537 9.98074E-05 9.98074E-05 9.98074E-05 9.98074E-05 9.98074E-05 9.98074E-05 9.98074E-05 9.98074E-05 9.98074E-05 9.98074E-05 9.98074E-05
0.0209315 9.98245E-05 9.98245E-05 9.98245E-05 9.98245E-05 9.98245E-05 9.98245E-05 9.98245E-05 9.98245E-05 9.98245E-05 9.98245E-05 9.98245E-05 9.98245E-05 0.844624 9.98245E-05 9.98245E-05 9.98245E-05 0.0425824 9.98245E-05 9.98245E-05 0.00254573 0.0546823 0.0326376 9.98245E-05 9.98245E-05 9.98245E-05
9.98419E-05 9.98419E-05 9.98419E-05 9.98419E-05 9.98419E-05 9.98419E-05 9.98419E-05 0.0182885 9.98419E-05 0.0135229 9.98419E-05 9.98419E-05 9.98419E-05 0.69065 9.98419E-05 9.98419E-05 9.98419E-05 0.0243381 9.98419E-05 0.127172 9.98419E-05 0.00291295 0.0747358 9.98419E-05 0.0465827 9.98419E-05
0.0261996 9.9842E-05 0.0780082 9.9842E-05 0.0462413 9.9842E-05 9.9842E-05 0.0122141 9.9842E-05 9.9842E-05 9.9842E-05 9.9842E-05 9.9842E-05 0.607693 9.9842E-05 0.0911204 9.9842E-05 9.9842E-05 9.9842E-05 0.0973501 9.9842E-05 0.0393763 9.9842E-05 9.9842E-05 9.9842E-05 9.9842E-05
9.98246E-05 9.98246E-05 9.98246E-05 9.98246E-05 9.98246E-05 9.98246E-05 9.98246E-05 9.98246E-05 9.98246E-05 9.98246E-05 9.98246E-05 9.98246E-05 9.98246E-05 0.649956 9.98246E-05 0.027693 9.98246E-05 0.108585 9.98246E-05 0.0382806 9.98246E-05 0.070937 9.98246E-05 9.98246E-05 0.102552 9.98246E-05
0.00319747 9.98154E-05 9.98154E-05 0.0370714 9.98154E-05 9.98154E-05 9.98154E-05 9.98154E-05 0.114618 9.98154E-05 9.98154E-05 9.98154E-05 9.98154E-05 0.614871 9.98154E-05 9.98154E-05 9.98154E-05 0.228146 9.98154E-05 9.98154E-05 9.98154E-05 9.98154E-05 9.98154E-05 9.98154E-05 9.98154E-05 9.98154E-05
9.979E-05 9.979E-05 9.979E-05 9.979E-05 9.979E-05 9.979E-05 9.979E-05 9.979E-05 9.979E-05 9.979E-05 9.979E-05 9.979E-05 9.979E-05 0.979798 9.979E-05 9.979E-05 9.979E-05 9.979E-05 0.0178069 9.979E-05 9.979E-05 9.979E-05 9.979E-05 9.979E-05 9.979E-05 9.979E-05
9.98243E-05 0.0135483 9.98243E-05 9.98243E-05 0.258727 9.98243E-05 9.98243E-05 9.98243E-05 9.98243E-05 0.0296291 9.98243E-05 9.98243E-05 9.98243E-05 0.651807 9.98243E-05 9.98243E-05 9.98243E-05 9.98243E-05 9.98243E-05 0.0279025 9.98243E-05 0.0163899 9.98243E-05 9.98243E-05 9.98243E-05 9.98243E-05
9.98072E-05 9.98072E-05 9.98072E-05 0.0404488 9.98072E-05 9.98072E-05 9.98072E-05 9.98072E-05 9.98072E-05 0.28284 9.98072E-05 9.98072E-05 9.98072E-05 0.659323 9.98072E-05 0.0151925 9.98072E-05 9.98072E-05 9.98072E-05 9.98072E-05 9.98072E-05 9.98072E-05 9.98072E-05 9.98072E-05 9.98072E-05 9.98072E-05
9.9842E-05 9.9842E-05 9.9842E-05 9.9842E-05 9.9842E-05 9.9842E-05 0.011432 9.9842E-05 9.9842E-05 9.9842E-05 9.9842E-05 0.0965153 9.9842E-05 0.651122 0.0153843 9.9842E-05 0.0623896 0.0170947 9.9842E-05 0.107741 9.9842E-05 9.9842E-05 9.9842E-05 9.9842E-05 0.0365239 9.9842E-05
0.140749 9.9798E-05 9.9798E-05 9.9798E-05 9.9798E-05 9.9798E-05 9.9798E-05 9.9798E-05 9.9798E-05 9.9798E-05 9.9798E-05 9.9798E-05 9.9798E-05 0.809607 9.9798E-05 0.0473481 9.9798E-05 9.9798E-05 9.9798E-05 9.9798E-05 9.9798E-05 9.9798E-05 9.9798E-05 9.9798E-05 9.9798E-05 9.9798E-05
9.97985E-05 9.97985E-05 9.97985E-05 9.97985E-05 9.97985E-05 9.97985E-05 9.97985E-05 9.97985E-05 9.97985E-05 9.97985E-05 9.97985E-05 9.97985E-05 9.97985E-05 0.891527 9.97985E-05 9.97985E-05 9.97985E-05 9.97985E-05 9.97985E-05 9.97985E-05 9.97985E-05 0.0819705 9.97985E-05 0.0242067 9.97985E-05 9.97985E-05
9.97896E-05 9.97896E-05 9.97896E-05 9.97896E-05 0.00275361 9.97896E-05 9.97896E-05 9.97896E-05 9.97896E-05 9.97896E-05 9.97896E-05 9.97896E-05 9.97896E-05 0.994851 9.97896E-05 9.97896E-05 9.97896E-05 9.97896E-05 9.97896E-05 9.97896E-05 9.97896E-05 9.97896E-05 9.97896E-05 9.97896E-05 9.97896E-05 9.97896E-05
9.97808E-05 9.97808E-05 9.97808E-05 9.97808E-05 9.97808E-05 9.97808E-05 9.97808E-05 9.97808E-05 9.97808E-05 9.97808E-05 9.97808E-05 9.97808E-05 9.97808E-05 0.997505 9.97808E-05 9.97808E-05 9.97808E-05 9.97808E-05 9.97808E-05 9.97808E-05 9.97808E-05 9.97808E-05 9.97808E-05 9.97808E-05 9.97808E-05 9.97808E-05
0.0935794 9.98072E-05 9.98072E-05 9.98072E-05 9.98072E-05 9.98072E-05 9.98072E-05 9.98072E-05 9.98072E-05 9.98072E-05 9.98072E-05 9.98072E-05 9.98072E-05 0.843883 9.98072E-05 9.98072E-05 9.98072E-05 0.0351062 9.98072E-05 9.98072E-05 9.98072E-05 9.98072E-05 9.98072E-05 9.98072E-05 0.0252356 9.98072E-05
9.9816E-05 9.9816E-05 9.9816E-05 9.9816E-05 9.9816E-05 9.9816E-05 9.9816E-05 9.9816E-05 9.9816E-05 9.9816E-05 9.9816E-05 9.9816E-05 9.9816E-05 0.595302 9.9816E-05 9.9816E-05 9.9816E-05 0.138674 0.171233 9.9816E-05 9.9816E-05 0.0571635 9.9816E-05 0.0355315 9.9816E-05 9.9816E-05
9.97982E-05 9.97982E-05 9.97982E-05 9.97982E-05 9.97982E-05 9.97982E-05 9.97982E-05 9.97982E-05 9.97982E-05 0.837587 9.97982E-05 9.97982E-05 9.97982E-05 9.97982E-05 9.97982E-05 9.97982E-05 9.97982E-05 0.07846 9.97982E-05 9.97982E-05 9.97982E-05 0.081658 9.97982E-05 9.97982E-05 9.97982E-05 9.97982E-05
9.97982E-05 9.97982E-05 9.97982E-05 9.97982E-05 9.97982E-05 9.97982E-05 9.97982E-05 9.97982E-05 9.97982E-05 0.358189 9.97982E-05 9.97982E-05 9.97982E-05 9.97982E-05 9.97982E-05 9.97982E-05 9.97982E-05 9.97982E-05 0.625607 9.97982E-05 9.97982E-05 0.0139084 9.97982E-05 9.97982E-05 9.97982E-05 9.97982E-05
9.98157E-05 9.98157E-05 9.98157E-05 9.98157E-05 9.98157E-05 9.98157E-05 9.98157E-05 9.98157E-05 9.98157E-05 0.804549 9.98157E-05 0.0107225 9.98157E-05 9.98157E-05 0.00522887 9.98157E-05 9.98157E-05 0.171794 9.98157E-05 9.98157E-05 9.98157E-05 9.98157E-05 9.98157E-05 9.98157E-05 0.00560968 9.98157E-05
9.9798E-05 9.9798E-05 9.9798E-05 9.9798E-05 9.9798E-05 9.9798E-05 9.9798E-05 9.9798E-05 9.9798E-05 0.777831 9.9798E-05 9.9798E-05 9.9798E-05 9.9798E-05 9.9798E-05 9.9798E-05 9.9798E-05 0.122499 9.9798E-05 9.9798E-05 9.9798E-05 9.9798E-05 9.9798E-05 9.9798E-05 0.0973737 9.9798E-05
9.9798E-05 9.9798E-05 9.9798E-05 9.9798E-05 9.9798E-05 9.9798E-05 9.9798E-05 9.9798E-05 9.9798E-05 0.931379 9.9798E-05 9.9798E-05 9.9798E-05 9.9798E-05 0.0126121 9.9798E-05 9.9798E-05 9.9798E-05 9.9798E-05 9.9798E-05 9.9798E-05 0.0537139 9.9798E-05 9.9798E-05 9.9798E-05 9.9798E-05
9.98245E-05 0.0543199 0.0219986 9.98245E-05 9.98245E-05 9.98245E-05 9.98245E-05 9.98245E-05 9.98245E-05 0.444961 9.98245E-05 9.98245E-05 9.98245E-05 9.98245E-05 9.98245E-05 9.98245E-05 9.98245E-05 0.169684 9.98245E-05 9.98245E-05 0.14397 0.16307 9.98245E-05 9.98245E-05 9.98245E-05 9.98245E-05
0.0255965 9.98246E-05 9.98246E-05 9.98246E-05 0.0125564 9.98246E-05 9.98246E-05 9.98246E-05 9.98246E-05 0.835811 9.98246E-05 9.98246E-05 9.98246E-05 9.98246E-05 9.98246E-05 0.0724777 9.98246E-05 0.0442182 9.98246E-05 9.98246E-05 9.98246E-05 0.00734398 9.98246E-05 9.98246E-05 9.98246E-05 9.98246E-05
9.98071E-05 9.98071E-05 9.98071E-05 9.98071E-05 9.98071E-05 9.98071E-05 9.98071E-05 9.98071E-05 9.98071E-05 0.798947 9.98071E-05 9.98071E-05 9.98071E-05 9.98071E-05 9.98071E-05 9.98071E-05 9.98071E-05 9.98071E-05 9.98071E-05 9.98071E-05 9.98071E-05 0.175159 0.0167347 9.98071E-05 0.00696388 9.98071E-05
0.0257444 0.208414 9.98156E-05 9.98156E-05 9.98156E-05 9.98156E-05 9.98156E-05 9.98156E-05 9.98156E-05 0.423056 9.98156E-05 9.98156E-05 9.98156E-05 9.98156E-05 9.98156E-05 0.0143915 9.98156E-05 9.98156E-05 9.98156E-05 9.98156E-05 9.98156E-05 0.326298 9.98156E-05 9.98156E-05 9.98156E-05 9.98156E-05
9.98157E-05 9.98157E-05 0.0262466 9.98157E-05 9.98157E-05 0.0334415 9.98157E-05 9.98157E-05 9.98157E-05 0.45635 9.98157E-05 9.98157E-05 9.98157E-05 9.98157E-05 9.98157E-05 9.98157E-05 9.98157E-05 0.293873 9.98157E-05 9.98157E-05 9.98157E-05 0.187993 9.98157E-05 9.98157E-05 9.98157E-05 9.98157E-05
9.98158E-05 0.180606 9.98158E-05 9.98158E-05 9.98158E-05 9.98158E-05 9.98158E-05 9.98158E-05 9.98158E-05 0.287804 9.98158E-05 9.98158E-05 9.98158E-05 9.98158E-05 9.98158E-05 9.98158E-05 9.98158E-05 0.00910756 9.98158E-05 9.98158E-05 0.499231 0.0211555 9.98158E-05 9.98158E-05 9.98158E-05 9.98158E-05
9.98247E-05 0.17268 9.98247E-05 9.98247E-05 9.98247E-05 9.98247E-05 9.98247E-05 9.98247E-05 9.98247E-05 0.723732 9.98247E-05 9.98247E-05 0.00530984 9.98247E-05 9.98247E-05 0.0151802 9.98247E-05 0.00899802 9.98247E-05 9.98247E-05 0.0721032 9.98247E-05 9.98247E-05 9.98247E-05 9.98247E-05 9.98247E-05
9.97984E-05 9.97984E-05 9.97984E-05 9.97984E-05 9.97984E-05 9.97984E-05 9.97984E-05 9.97984E-05 9.97984E-05 0.797879 9.97984E-05 9.97984E-05 9.97984E-05 9.97984E-05 9.97984E-05 9.97984E-05 9.97984E-05 9.97984E-05 9.97984E-05 9.97984E-05 0.111697 0.0881287 9.97984E-05 9.97984E-05 9.97984E-05 9.97984E-05
9.98071E-05 9.98071E-05 9.98071E-05 9.98071E-05 9.98071E-05 9.98071E-05 9.98071E-05 9.98071E-05 9.98071E-05 0.419706 9.98071E-05 9.98071E-05 9.98071E-05 9.98071E-05 9.98071E-05 9.98071E-05 9.98071E-05 0.200124 9.98071E-05 9.98071E-05 0.247601 0.130374 9.98071E-05 9.98071E-05 9.98071E-05 9.98071E-05
9.98598E-05 9.98598E-05 9.98598E-05 9.98598E-05 9.98598E-05 0.00438741 9.98598E-05 0.000832132 9.98598E-05 0.690903 9.98598E-05 0.0504724 0.00571385 9.98598E-05 9.98598E-05 0.0186502 9.98598E-05 9.98598E-05 0.0318224 9.98598E-05 0.0236767 0.108431 9.98598E-05 9.98598E-05 0.0635141 9.98598E-05
9.98159E-05 0.141156 0.0464351 9.98159E-05 9.98159E-05 9.98159E-05 9.98159E-05 9.98159E-05 9.98159E-05 0.662909 9.98159E-05 9.98159E-05 9.98159E-05 9.98159E-05 9.98159E-05 9.98159E-05 9.98159E-05 0.104202 0.0432016 9.98159E-05 9.98159E-05 9.98159E-05 9.98159E-05 9.98159E-05 9.98159E-05 9.98159E-05
9.98244E-05 0.23647 9.98244E-05 9.98244E-05 9.98244E-05 9.98244E-05 9.98244E-05 9.98244E-05 9.98244E-05 0.482976 9.98244E-05 9.98244E-05 0.0985485 9.98244E-05 9.98244E-05 9.98244E-05 9.98244E-05 0.115772 9.98244E-05 9.98244E-05 0.0469359 9.98244E-05 9.98244E-05 9.98244E-05 0.0173004 9.98244E-05
9.98423E-05 9.98423E-05 0.0395019 9.98423E-05 0.0598841 9.98423E-05 9.98423E-05 9.98423E-05 9.98423E-05 0.638883 9.98423E-05 0.0336059 9.98423E-05 9.98423E-05 0.0540868 9.98423E-05 0.0161126 9.98423E-05 9.98423E-05 9.98423E-05 0.0386666 0.117462 9.98423E-05 9.98423E-05 9.98423E-05 9.98423E-05
0.0565946 9.98072E-05 9.98072E-05 9.98072E-05 9.98072E-05 9.98072E-05 9.98072E-05 9.98072E-05 9.98072E-05 0.860567 9.98072E-05 9.98072E-05 9.98072E-05 9.98072E-05 0.0170188 9.98072E-05 9.98072E-05 9.98072E-05 9.98072E-05 9.98072E-05 0.0636241 9.98072E-05 9.98072E-05 9.98072E-05 9.98072E-05 9.98072E-05
9.98333E-05 9.98333E-05 9.98333E-05 9.98333E-05 9.98333E-05 9.98333E-05 9.98333E-05 0.00991529 9.98333E-05 0.353966 9.98333E-05 9.98333E-05 0.0579962 9.98333E-05 9.98333E-05 9.98333E-05 9.98333E-05 0.071689 0.352791 9.98333E-05 9.98333E-05 0.0984369 0.0533085 9.98333E-05 9.98333E-05 9.98333E-05
9.98421E-05 0.019817 0.0508405 9.98421E-05 9.98421E-05 9.98421E-05 9.98421E-05 9.98421E-05 9.98421E-05 0.572025 9.98421E-05 0.0745771 9.98421E-05 9.98421E-05 9.98421E-05 9.98421E-05 9.98421E-05 0.0602619 9.98421E-05 0.0455763 0.153901 0.0212039 9.98421E-05 9.98421E-05 9.98421E-05 9.98421E-05
0.043341 9.9807E-05 9.9807E-05 9.9807E-05 9.9807E-05 9.9807E-05 9.9807E-05 9.9807E-05 9.9807E-05 0.816502 9.9807E-05 9.9807E-05 9.9807E-05 9.9807E-05 9.9807E-05 9.9807E-05 9.9807E-05 0.0970041 9.9807E-05 9.9807E-05 9.9807E-05 0.0409572 9.9807E-05 9.9807E-05 9.9807E-05 9.9807E-05
9.98004E-05 9.98004E-05 9.98004E-05 9.98004E-05 9.98004E-05 9.98004E-05 9.98004E-05 9.98004E-05 0.0383918 0.576886 9.98004E-05 9.98004E-05 0.0405762 9.98004E-05 9.98004E-05 9.98004E-05 9.98004E-05 0.147341 9.98004E-05 9.98004E-05 9.98004E-05 0.17746 0.0173484 9.98004E-05 9.98004E-05 9.98004E-05
9.98158E-05 9.98158E-05 9.98158E-05 9.98158E-05 9.98158E-05 0.055864 9.98158E-05 9.98158E-05 9.98158E-05 0.664399 9.98158E-05 9.98158E-05 9.98158E-05 9.98158E-05 9.98158E-05 9.98158E-05 9.98158E-05 0.00225604 9.98158E-05 9.98158E-05 0.154652 0.120733 9.98158E-05 9.98158E-05 9.98158E-05 9.98158E-05
9.98421E-05 0.0652578 9.98421E-05 9.98421E-05 9.98421E-05 9.98421E-05 9.98421E-05 9.98421E-05 0.0740958 0.321592 9.98421E-05 9.98421E-05 0.00161271 9.98421E-05 0.0308093 9.98421E-05 9.98421E-05 0.296405 9.98421E-05 0.0324629 9.98421E-05 0.175967 9.98421E-05 9.98421E-05 9.98421E-05 9.98421E-05
0.00178504 0.00220628 9.98334E-05 9.98334E-05 9.98334E-05 9.98334E-05 9.98334E-05 9.98334E-05 9.98334E-05 0.198232 9.98334E-05 9.98334E-05 9.98334E-05 0.177313 9.98334E-05 9.98334E-05 9.98334E-05 0.155888 9.98334E-05 9.98334E-05 0.331918 0.130761 9.98334E-05 9.98334E-05 9.98334E-05 9.98334E-05
9.98158E-05 9.98158E-05 9.98158E-05 9.98158E-05 9.98158E-05 9.98158E-05 0.115701 9.98158E-05 9.98158E-05 0.10866 9.98158E-05 9.98158E-05 9.98158E-05 9.98158E-05 0.0462169 9.98158E-05 9.98158E-05 0.0358078 0.691518 9.98158E-05 9.98158E-05 9.98158E-05 9.98158E-05 9.98158E-05 9.98158E-05 9.98158E-05
9.98066E-05 9.98066E-05 9.98066E-05 9.98066E-05 9.98066E-05 9.98066E-05 9.98066E-05 9.98066E-05 9.98066E-05 0.811013 9.98066E-05 9.98066E-05 9.98066E-05 9.98066E-05 9.98066E-05 9.98066E-05 9.98066E-05 0.0915105 9.98066E-05 0.0530729 9.98066E-05 0.0422081 9.98066E-05 9.98066E-05 9.98066E-05 9.98066E-05
9.98073E-05 9.98073E-05 9.98073E-05 9.98073E-05 9.98073E-05 9.98073E-05 9.98073E-05 9.98073E-05 9.98073E-05 0.545107 9.98073E-05 9.98073E-05 0.0138052 9.98073E-05 9.98073E-05 9.98073E-05 9.98073E-05 0.206004 9.98073E-05 9.98073E-05 9.98073E-05 0.232888 9.98073E-05 9.98073E-05 9.98073E-05 9.98073E-05
9.98159E-05 9.98159E-05 9.98159E-05 9.98159E-05 9.98159E-05 9.98159E-05 9.98159E-05 9.98159E-05 9.98159E-05 0.694361 9.98159E-05 9.98159E-05 0.0345376 9.98159E-05 0.111804 9.98159E-05 9.98159E-05 0.110317 0.0468842 9.98159E-05 9.98159E-05 9.98159E-05 9.98159E-05 9.98159E-05 9.98159E-05 9.98159E-05
9.98246E-05 9.98246E-05 9.98246E-05 9.98246E-05 9.98246E-05 9.98246E-05 9.98246E-05 0.0843075 9.98246E-05 0.526805 9.98246E-05 9.98246E-05 9.98246E-05 9.98246E-05 9.98246E-05 0.0533448 9.98246E-05 0.104874 9.98246E-05 9.98246E-05 0.132307 0.0963653 9.98246E-05 9.98246E-05 9.98246E-05 9.98246E-05
9.98071E-05 9.98071E-05 9.98071E-05 9.98071E-05 9.98071E-05 9.98071E-05 0.00378943 9.98071E-05 0.0979086 0.882565 9.98071E-05 9.98071E-05 9.98071E-05 9.98071E-05 9.98071E-05 0.0135416 9.98071E-05 9.98071E-05 9.98071E-05 9.98071E-05 9.98071E-05 9.98071E-05 9.98071E-05 9.98071E-05 9.98071E-05 9.98071E-05
9.98157E-05 9.98157E-05 9.98157E-05 9.98157E-05 9.98157E-05 9.98157E-05 9.98157E-05 9.98157E-05 9.98157E-05 0.318605 9.98157E-05 9.98157E-05 0.0461455 9.98157E-05 0.160871 9.98157E-05 9.98157E-05 0.236517 9.98157E-05 9.98157E-05 9.98157E-05 0.235766 9.98157E-05 9.98157E-05 9.98157E-05 9.98157E-05
9.9798E-05 9.9798E-05 9.9798E-05 9.9798E-05 0.135455 9.9798E-05 9.9798E-05 9.9798E-05 9.9798E-05 0.837818 9.9798E-05 9.9798E-05 0.0244317 9.9798E-05 9.9798E-05 9.9798E-05 9.9798E-05 9.9798E-05 9.9798E-05 9.9798E-05 9.9798E-05 9.9798E-05 9.9798E-05 9.9798E-05 9.9798E-05 9.9798E-05
9.98247E-05 9.98247E-05 0.0231921 9.98247E-05 9.98247E-05 0.00338183 9.98247E-05 9.98247E-05 9.98247E-05 0.939331 9.98247E-05 9.98247E-05 0.0123488 9.98247E-05 9.98247E-05 9.98247E-05 9.98247E-05 9.98247E-05 9.98247E-05 9.98247E-05 9.98247E-05 0.0174711 9.98247E-05 9.98247E-05 0.00227856 9.98247E-05
9.98245E-05 9.98245E-05 0.0625075 9.98245E-05 0.00977965 9.98245E-05 9.98245E-05 9.98245E-05 9.98245E-05 0.545381 9.98245E-05 0.0394219 9.98245E-05 9.98245E-05 9.98245E-05 9.98245E-05 9.98245E-05 9.98245E-05 9.98245E-05 9.98245E-05 0.275219 0.0656942 9.98245E-05 9.98245E-05 9.98245E-05 9.98245E-05
9.98155E-05 9.98155E-05 9.98155E-05 9.98155E-05 9.98155E-05 9.98155E-05 9.98155E-05 0.00543943 9.98155E-05 0.621484 9.98155E-05 9.98155E-05 9.98155E-05 9.98155E-05 9.98155E-05 9.98155E-05 9.98155E-05 0.175393 9.98155E-05 9.98155E-05 9.98155E-05 0.0893981 9.98155E-05 9.98155E-05 0.106188 9.98155E-05
9.97982E-05 9.97982E-05 9.97982E-05 9.97982E-05 9.97982E-05 9.97982E-05 9.97982E-05 9.97982E-05 9.97982E-05 0.219044 9.97982E-05 9.97982E-05 9.97982E-05 9.97982E-05 9.97982E-05 9.97982E-05 9.97982E-05 9.97982E-05 9.97982E-05 9.97982E-05 0.715235 0.0634262 9.97982E-05 9.97982E-05 9.97982E-05 9.97982E-05
0.0261569 9.98334E-05 9.98334E-05 9.98334E-05 9.98334E-05 9.98334E-05 9.98334E-05 9.98334E-05 9.98334E-05 0.666681 9.98334E-05 9.98334E-05 0.0324711 9.98334E-05 9.98334E-05 9.98334E-05 9.98334E-05 0.0439719 0.124524 9.98334E-05 0.103576 9.98334E-05 9.98334E-05 9.98334E-05 0.000722885 9.98334E-05
9.98073E-05 9.98073E-05 9.98073E-05 9.98073E-05 9.98073E-05 9.98073E-05 9.98073E-05 9.98073E-05 9.98073E-05 0.644144 9.98073E-05 9.98073E-05 9.98073E-05 9.98073E-05 0.0259788 0.00399354 9.98073E-05 9.98073E-05 0.323688 9.98073E-05 9.98073E-05 9.98073E-05 9.98073E-05 9.98073E-05 9.98073E-05 9.98073E-05
9.98072E-05 9.98072E-05 9.98072E-05 9.98072E-05 9.98072E-05 9.98072E-05 9.98072E-05 9.98072E-05 9.98072E-05 0.250344 9.98072E-05 9.98072E-05 0.00982086 9.98072E-05 9.98072E-05 9.98072E-05 9.98072E-05 9.98072E-05 9.98072E-05 9.98072E-05 0.719869 9.98072E-05 9.98072E-05 9.98072E-05 0.01777 9.98072E-05
9.98245E-05 0.0866392 9.98245E-05 0.00556155 9.98245E-05 9.98245E-05 9.98245E-05 9.98245E-05 9.98245E-05 0.578365 9.98245E-05 0.0531913 9.98245E-05 9.98245E-05 9.98245E-05 9.98245E-05 9.98245E-05 0.230354 9.98245E-05 9.98245E-05 9.98245E-05 0.0438931 9.98245E-05 9.98245E-05 9.98245E-05 9.98245E-05
9.97983E-05 9.97983E-05 9.97983E-05 9.97983E-05 9.97983E-05 9.97983E-05 9.97983E-05 9.97983E-05 9.97983E-05 0.804715 9.97983E-05 9.97983E-05 9.97983E-05 9.97983E-05 0.0708378 9.97983E-05 9.97983E-05 9.97983E-05 9.97983E-05 9.97983E-05 9.97983E-05 0.122152 9.97983E-05 9.97983E-05 9.97983E-05 9.97983E-05
9.98158E-05 9.98158E-05 9.98158E-05 9.98158E-05 9.98158E-05 9.98158E-05 9.98158E-05 9.98158E-05 9.98158E-05 9.98158E-05 9.98158E-05 9.98158E-05 0.120843 9.98158E-05 9.98158E-05 9.98158E-05 9.98158E-05 0.0702698 0.294224 9.98158E-05 0.43086 0.0817066 9.98158E-05 9.98158E-05 9.98158E-05 9.98158E-05
9.98072E-05 9.98072E-05 9.98072E-05 9.98072E-05 9.98072E-05 0.00877168 9.98072E-05 9.98072E-05 9.98072E-05 0.310377 9.98072E-05 9.98072E-05 9.98072E-05 9.98072E-05 9.98072E-05 9.98072E-05 9.98072E-05 0.038532 9.98072E-05 9.98072E-05 0.640124 9.98072E-05 9.98072E-05 9.98072E-05 9.98072E-05 9.98072E-05
9.98332E-05 0.0947063 9.98332E-05 9.98332E-05 9.98332E-05 9.98332E-05 9.98332E-05 9.98332E-05 9.98332E-05 0.532207 9.98332E-05 9.98332E-05 0.103488 9.98332E-05 0.0339339 9.98332E-05 9.98332E-05 0.0375253 9.98332E-05 9.98332E-05 9.98332E-05 0.190997 9.98332E-05 9.98332E-05 0.00524569 9.98332E-05
