9.99473E-05 9.99473E-05 9.99473E-05 9.99473E-05 0.13846 0.0584579 0.512189 0.122766 9.99473E-05 0.147279 0.0202491 9.99473E-05
9.99385E-05 9.99385E-05 9.99385E-05 9.99385E-05 0.140627 9.99385E-05 0.803861 0.024473 9.99385E-05 0.0182606 0.0120781 9.99385E-05
0.0855061 9.9921E-05 9.9921E-05 9.9921E-05 9.9921E-05 9.9921E-05 0.891125 0.0224698 9.9921E-05 9.9921E-05 9.9921E-05 9.9921E-05
0.0831865 0.202989 9.99649E-05 9.99649E-05 0.0348048 0.130187 0.336315 0.0694582 9.99649E-05 0.0400974 0.102561 9.99649E-05
9.9921E-05 0.106114 9.9921E-05 0.0649458 9.9921E-05 9.9921E-05 0.828041 9.9921E-05 9.9921E-05 9.9921E-05 9.9921E-05 9.9921E-05
0.24621 0.245085 9.99473E-05 0.133846 0.0757688 9.99473E-05 0.263139 9.99473E-05 9.99473E-05 0.0353521 9.99473E-05 9.99473E-05
9.99474E-05 9.99474E-05 9.99474E-05 9.99474E-05 0.115845 0.265918 0.323904 0.0785358 0.0596092 0.155588 9.99474E-05 9.99474E-05
0.162345 0.260137 0.0863631 0.123878 9.99561E-05 9.99561E-05 0.255075 9.99561E-05 0.082432 0.0292696 9.99561E-05 9.99561E-05
9.99473E-05 0.035504 9.99473E-05 0.31579 9.99473E-05 0.15855 0.260433 0.189041 9.99473E-05 9.99473E-05 0.0400829 9.99473E-05
9.9921E-05 9.9921E-05 0.0195899 9.9921E-05 9.9921E-05 9.9921E-05 0.884213 0.0952978 9.9921E-05 9.9921E-05 9.9921E-05 9.9921E-05
9.99473E-05 9.99473E-05 9.99473E-05 0.0566389 9.99473E-05 0.0420436 0.516127 0.217837 9.99473E-05 0.15287 0.0138835 9.99473E-05
0.0552928 0.0877235 9.99473E-05 9.99473E-05 9.99473E-05 0.0102302 0.783434 9.99473E-05 0.0282683 0.0344512 9.99473E-05 9.99473E-05
9.99209E-05 9.99209E-05 9.99209E-05 0.0212071 9.99209E-05 9.99209E-05 0.853341 0.124553 9.99209E-05 9.99209E-05 9.99209E-05 9.99209E-05
0.121108 9.99474E-05 9.99474E-05 9.99474E-05 9.99474E-05 9.99474E-05 0.64433 0.0550155 0.0352445 0.0634561 9.99474E-05 0.080246
0.226529 9.99386E-05 9.99386E-05 0.173258 9.99386E-05 0.076698 0.329791 0.193024 9.99386E-05 9.99386E-05 9.99386E-05 9.99386E-05
0.0673511 0.0250588 9.99649E-05 0.201489 9.99649E-05 0.111449 0.303743 0.139645 0.140582 0.0102822 9.99649E-05 9.99649E-05
9.99649E-05 0.0906096 9.99649E-05 9.99649E-05 0.0481097 0.00252628 0.479851 0.0764072 0.0344676 0.0702866 9.99649E-05 0.197342
9.99561E-05 0.0549809 0.226326 0.0458015 9.99561E-05 9.99561E-05 0.25946 0.229254 9.99561E-05 0.0172942 0.166383 9.99561E-05
9.9956E-05 0.110801 0.0799888 0.096704 9.9956E-05 0.0102689 0.388769 0.268197 9.9956E-05 0.0447717 9.9956E-05 9.9956E-05
9.9921E-05 9.9921E-05 9.9921E-05 9.9921E-05 9.9921E-05 9.9921E-05 0.916222 0.0170154 9.9921E-05 9.9921E-05 0.0658634 9.9921E-05
9.99561E-05 0.262413 9.99561E-05 0.106084 9.99561E-05 0.0298023 0.4516 0.0187804 9.99561E-05 0.104016 0.0268046 9.99561E-05
0.081824 0.349173 9.99473E-05 0.17703 0.0471867 0.00809925 0.336088 9.99473E-05 9.99473E-05 9.99473E-05 9.99473E-05 9.99473E-05
0.0563643 9.99473E-05 9.99473E-05 9.99473E-05 0.00675049 0.000698069 0.709068 0.128575 9.99473E-05 0.0979442 9.99473E-05 9.99473E-05
9.99298E-05 9.99298E-05 9.99298E-05 9.99298E-05 9.99298E-05 0.179544 0.372377 0.360371 0.0869088 9.99298E-05 9.99298E-05 9.99298E-05
0.165107 9.9956E-05 9.9956E-05 0.0608871 9.9956E-05 0.086702 0.324744 0.279268 9.9956E-05 0.0595779 0.023214 9.9956E-05
0.0690194 0.124392 9.99386E-05 9.99386E-05 9.99386E-05 9.99386E-05 0.680819 0.121502 9.99386E-05 0.0035679 9.99386E-05 9.99386E-05
0.407039 9.99385E-05 0.176308 9.99385E-05 9.99385E-05 9.99385E-05 0.0863243 0.21301 0.116618 9.99385E-05 9.99385E-05 9.99385E-05
0.0433901 9.99298E-05 9.99298E-05 9.99298E-05 9.99298E-05 0.0801136 0.801502 0.0741944 9.99298E-05 9.99298E-05 9.99298E-05 9.99298E-05
0.144235 9.99298E-05 9.99298E-05 9.99298E-05 9.99298E-05 0.0280225 0.588124 0.238819 9.99298E-05 9.99298E-05 9.99298E-05 9.99298E-05
9.99561E-05 0.122816 9.99561E-05 0.0187349 9.99561E-05 9.99561E-05 0.71239 0.0443532 0.00874062 9.99561E-05 0.00990568 0.0825592
9.99473E-05 9.99473E-05 9.99473E-05 0.0850852 0.0242579 9.99473E-05 0.730451 0.0278728 9.99473E-05 0.112796 0.0189371 9.99473E-05
0.183178 0.0681943 9.99474E-05 0.0311347 9.99474E-05 9.99474E-05 0.533219 0.0848858 9.99474E-05 0.0987887 9.99474E-05 9.99474E-05
0.0797026 9.99385E-05 9.99385E-05 9.99385E-05 9.99385E-05 9.99385E-05 0.54058 0.229994 0.0469807 0.102042 9.99385E-05 9.99385E-05
0.260516 0.0329236 0.0248661 9.99561E-05 9.99561E-05 9.99561E-05 0.459306 0.136584 0.0371805 0.0481235 9.99561E-05 9.99561E-05
9.99298E-05 9.99298E-05 9.99298E-05 9.99298E-05 0.0276749 9.99298E-05 0.812622 0.0614202 9.99298E-05 9.99298E-05 0.0974832 9.99298E-05
9.99561E-05 9.99561E-05 9.99561E-05 0.0337823 0.0166709 0.188969 0.6838 0.0329821 9.99561E-05 0.0307742 0.0125215 9.99561E-05
9.9921E-05 9.9921E-05 9.9921E-05 9.9921E-05 9.9921E-05 9.9921E-05 0.85081 9.9921E-05 0.122424 0.0258671 9.9921E-05 9.9921E-05
9.99473E-05 9.99473E-05 9.99473E-05 0.162111 0.0325787 9.99473E-05 0.660339 0.0689142 9.99473E-05 9.99473E-05 0.0674485 0.00800941
0.0874043 0.0289504 9.99561E-05 9.99561E-05 9.99561E-05 9.99561E-05 0.540822 0.222954 9.99561E-05 0.00540291 0.0257078 0.0882588
0.233063 9.99386E-05 9.99386E-05 9.99386E-05 9.99386E-05 9.99386E-05 0.527989 0.0650452 0.160893 0.0123102 9.99386E-05 9.99386E-05
9.99473E-05 9.99473E-05 9.99473E-05 0.0315913 9.99473E-05 0.0542091 0.735199 0.103906 0.0156621 0.0588331 9.99473E-05 9.99473E-05
0.00378203 9.99474E-05 9.99474E-05 0.0631238 0.0452286 0.0397466 0.730861 0.116658 9.99474E-05 9.99474E-05 9.99474E-05 9.99474E-05
0.0281222 0.104651 9.99209E-05 9.99209E-05 9.99209E-05 9.99209E-05 0.866327 9.99209E-05 9.99209E-05 9.99209E-05 9.99209E-05 9.99209E-05
9.99473E-05 9.99473E-05 0.0475491 0.131633 9.99473E-05 0.149512 0.419945 0.231443 9.99473E-05 0.0193178 9.99473E-05 9.99473E-05
9.99298E-05 0.138935 9.99298E-05 9.99298E-05 9.99298E-05 0.253424 0.347822 0.259021 9.99298E-05 9.99298E-05 9.99298E-05 9.99298E-05
9.99297E-05 0.0974615 9.99297E-05 9.99297E-05 9.99297E-05 9.99297E-05 0.792206 0.052532 9.99297E-05 9.99297E-05 0.0570006 9.99297E-05
9.99385E-05 9.99385E-05 0.0245172 0.0711673 9.99385E-05 9.99385E-05 0.846523 0.0462605 9.99385E-05 0.0108328 9.99385E-05 9.99385E-05
9.99122E-05 9.99122E-05 9.99122E-05 9.99122E-05 9.99122E-05 9.99122E-05 0.951404 0.047597 9.99122E-05 9.99122E-05 9.99122E-05 9.99122E-05
9.99384E-05 0.0942045 9.99384E-05 9.99384E-05 9.99384E-05 9.99384E-05 0.670025 0.148332 0.0111772 0.0755622 9.99384E-05 9.99384E-05
9.99387E-05 0.00979246 0.0799316 9.99387E-05 9.99387E-05 9.99387E-05 0.707748 0.0850899 0.116738 9.99387E-05 9.99387E-05 9.99387E-05
0.16734 9.99473E-05 9.99473E-05 0.0582257 9.99473E-05 0.188044 0.262337 0.205265 9.99473E-05 0.118189 9.99473E-05 9.99473E-05
0.00415038 0.103022 9.99473E-05 0.0672074 9.99473E-05 0.229665 0.584087 9.99473E-05 0.0112685 9.99473E-05 9.99473E-05 9.99473E-05
9.9921E-05 9.9921E-05 0.120105 9.9921E-05 9.9921E-05 9.9921E-05 0.834163 0.0448321 9.9921E-05 9.9921E-05 9.9921E-05 9.9921E-05
0.00728528 9.99561E-05 0.0281718 9.99561E-05 9.99561E-05 9.99561E-05 0.607442 0.0654747 0.262509 0.00303947 0.0255779 9.99561E-05
9.99386E-05 0.0426168 9.99386E-05 9.99386E-05 9.99386E-05 9.99386E-05 0.793579 0.129693 0.0271391 9.99386E-05 0.00627284 9.99386E-05
0.170808 0.0435913 9.99386E-05 9.99386E-05 9.99386E-05 9.99386E-05 0.729075 9.99386E-05 9.99386E-05 0.00650295 0.049323 9.99386E-05
9.99474E-05 0.0988722 0.0650118 9.99474E-05 0.0620784 9.99474E-05 0.620244 0.104847 9.99474E-05 0.0483464 9.99474E-05 9.99474E-05
9.99298E-05 9.99298E-05 9.99298E-05 9.99298E-05 9.99298E-05 0.0256133 0.812694 0.0951238 9.99298E-05 0.0657698 9.99298E-05 9.99298E-05
9.99298E-05 9.99298E-05 9.99298E-05 9.99298E-05 9.99298E-05 9.99298E-05 0.864587 0.0421967 9.99298E-05 0.0655569 0.0268596 9.99298E-05
0.152939 9.99561E-05 0.0815977 0.0343769 0.294388 9.99561E-05 0.0994682 0.261898 9.99561E-05 0.0748319 9.99561E-05 9.99561E-05
9.99562E-05 0.0927052 0.0502447 9.99562E-05 0.317442 0.134816 0.309811 0.0415336 9.99562E-05 0.0529478 9.99562E-05 9.99562E-05
9.99561E-05 9.99561E-05 0.187365 0.00063208 0.242278 9.99561E-05 0.230354 0.10149 0.0959075 9.99561E-05 9.99561E-05 0.141474
0.258698 9.99386E-05 0.0493871 0.133398 0.500093 9.99386E-05 9.99386E-05 0.0577242 9.99386E-05 9.99386E-05 9.99386E-05 9.99386E-05
9.99736E-05 0.0776727 0.0923219 0.123346 0.202087 0.0637442 0.120505 0.17513 0.102812 0.0420816 9.99736E-05 9.99736E-05
0.0675897 9.99561E-05 0.0558562 0.079763 0.20248 0.213199 9.99561E-05 0.308771 9.99561E-05 0.0718413 9.99561E-05 9.99561E-05
0.000917505 9.99473E-05 9.99473E-05 9.99473E-05 0.451356 0.145968 0.0219819 0.253387 9.99473E-05 0.12579 9.99473E-05 9.99473E-05
0.164292 9.99386E-05 0.249547 0.0466032 0.298586 9.99386E-05 9.99386E-05 0.240273 9.99386E-05 9.99386E-05 9.99386E-05 9.99386E-05
0.0564664 9.99649E-05 0.102535 9.99649E-05 0.422713 0.0964981 0.174498 0.107697 0.0134749 9.99649E-05 9.99649E-05 0.0257183
9.99473E-05 9.99473E-05 9.99473E-05 0.0717737 0.239538 0.0240795 0.288229 0.194871 9.99473E-05 0.18091 9.99473E-05 9.99473E-05
0.0013828 9.99473E-05 9.99473E-05 0.106952 0.193661 9.99473E-05 9.99473E-05 0.402295 9.99473E-05 0.260104 0.035005 9.99473E-05
9.99561E-05 0.00296979 9.99561E-05 9.99561E-05 0.231208 0.0333208 0.0217131 0.251929 0.329348 0.129013 9.99561E-05 9.99561E-05
0.221748 0.228785 0.0983305 0.144413 0.190174 9.99649E-05 9.99649E-05 0.0166082 0.0331092 0.0664325 9.99649E-05 9.99649E-05
0.151004 0.126983 9.99649E-05 9.99649E-05 0.260663 0.0333964 0.0054162 0.311966 0.0704954 0.0396758 9.99649E-05 9.99649E-05
0.25963 9.99475E-05 9.99475E-05 9.99475E-05 0.241258 0.0716697 0.252937 0.0269485 0.146957 9.99475E-05 9.99475E-05 9.99475E-05
9.99649E-05 9.99649E-05 9.99649E-05 0.0303132 0.307097 0.0764689 0.230591 0.194889 0.0195635 0.093831 9.99649E-05 0.046847
0.295324 0.0758754 0.138013 9.99561E-05 0.220323 0.0487699 9.99561E-05 0.131332 0.0898622 9.99561E-05 9.99561E-05 9.99561E-05
9.99561E-05 9.99561E-05 0.0414141 0.131827 0.167731 0.202866 0.140207 0.0892879 9.99561E-05 0.226168 9.99561E-05 9.99561E-05
0.0148804 9.99562E-05 0.113151 0.0271225 0.210969 9.99562E-05 0.252742 0.222059 9.99562E-05 0.158576 9.99562E-05 9.99562E-05
0.1561 9.99561E-05 0.0615308 9.99561E-05 0.209203 0.030406 9.99561E-05 0.353863 0.180746 0.00765177 9.99561E-05 9.99561E-05
9.9965E-05 0.026766 0.00682679 9.9965E-05 0.255797 9.9965E-05 0.288325 0.158955 0.117987 0.0290148 9.9965E-05 0.115929
0.0805768 9.99473E-05 9.99473E-05 9.99473E-05 0.319198 0.114831 0.0822809 0.262849 0.139664 9.99473E-05 9.99473E-05 9.99473E-05
0.36343 9.99562E-05 0.0568603 9.99562E-05 0.276935 9.99562E-05 0.180131 0.0650963 0.0257648 0.0312825 9.99562E-05 9.99562E-05
0.219212 0.113866 0.0524058 0.0504753 0.0559704 0.137429 0.17397 0.109271 0.04848 0.0387209 9.99825E-05 9.99825E-05
0.124898 9.99561E-05 9.99561E-05 0.0479884 0.00999744 0.0230903 0.271016 0.202001 9.99561E-05 0.320509 9.99561E-05 9.99561E-05
9.99737E-05 9.99737E-05 0.0548124 0.0785367 0.302676 9.99737E-05 0.312914 0.134042 0.00839039 0.0436692 0.00760736 0.0570524
0.0012991 9.99737E-05 0.100313 0.00952545 0.242889 0.103128 0.361208 0.107297 0.00848362 9.99737E-05 9.99737E-05 0.0655564
9.9965E-05 9.9965E-05 9.9965E-05 0.00942057 0.388446 0.0674463 0.227973 0.183251 0.0268275 0.0261682 0.0700674 9.9965E-05
0.0410151 9.99474E-05 0.245977 0.0806518 0.107022 9.99474E-05 0.316716 0.208019 9.99474E-05 9.99474E-05 9.99474E-05 9.99474E-05
9.99562E-05 9.99562E-05 9.99562E-05 0.0936725 0.118795 9.99562E-05 0.177516 0.240274 0.130497 9.99562E-05 0.0102191 0.228526
0.767593 9.9921E-05 9.9921E-05 0.116368 9.9921E-05 9.9921E-05 9.9921E-05 0.115141 9.9921E-05 9.9921E-05 9.9921E-05 9.9921E-05
0.554504 9.99298E-05 9.99298E-05 0.0296974 9.99298E-05 9.99298E-05 9.99298E-05 0.0610882 9.99298E-05 9.99298E-05 9.99298E-05 0.353911
0.90402 9.99121E-05 9.99121E-05 9.99121E-05 9.99121E-05 9.99121E-05 9.99121E-05 0.0949804 9.99121E-05 9.99121E-05 9.99121E-05 9.99121E-05
0.741727 9.99384E-05 0.00163595 0.0485817 9.99384E-05 9.99384E-05 9.99384E-05 0.204551 9.99384E-05 0.00280384 9.99384E-05 9.99384E-05
0.865739 9.99209E-05 0.00543814 9.99209E-05 9.99209E-05 0.127924 9.99209E-05 9.99209E-05 9.99209E-05 9.99209E-05 9.99209E-05 9.99209E-05
0.797176 9.9921E-05 9.9921E-05 0.144228 9.9921E-05 9.9921E-05 9.9921E-05 0.0576968 9.9921E-05 9.9921E-05 9.9921E-05 9.9921E-05
0.734653 9.99298E-05 0.0773384 0.0621689 9.99298E-05 9.99298E-05 9.99298E-05 0.12504 9.99298E-05 9.99298E-05 9.99298E-05 9.99298E-05
0.751996 9.9921E-05 9.9921E-05 0.233062 9.9921E-05 9.9921E-05 9.9921E-05 0.0140424 9.9921E-05 9.9921E-05 9.9921E-05 9.9921E-05
0.412947 9.99384E-05 9.99384E-05 0.304748 0.166989 9.99384E-05 9.99384E-05 0.110073 9.99384E-05 0.00454264 9.99384E-05 9.99384E-05
0.452162 9.99298E-05 0.0140755 0.176659 9.99298E-05 9.99298E-05 9.99298E-05 0.356305 9.99298E-05 9.99298E-05 9.99298E-05 9.99298E-05
0.567937 9.99298E-05 9.99298E-05 0.0148281 0.202044 9.99298E-05 9.99298E-05 9.99298E-05 9.99298E-05 9.99298E-05 9.99298E-05 0.214392
0.822582 9.99297E-05 9.99297E-05 9.99297E-05 0.131659 9.99297E-05 9.99297E-05 9.99297E-05 9.99297E-05 0.0198602 9.99297E-05 0.0250988
0.896866 9.99123E-05 9.99123E-05 0.102135 9.99123E-05 9.99123E-05 9.99123E-05 9.99123E-05 9.99123E-05 9.99123E-05 9.99123E-05 9.99123E-05
0.675888 9.99298E-05 9.99298E-05 0.1283 9.99298E-05 9.99298E-05 9.99298E-05 0.166958 9.99298E-05 9.99298E-05 9.99298E-05 0.0280538
0.607348 9.99386E-05 0.165925 0.0964997 9.99386E-05 9.99386E-05 9.99386E-05 9.99386E-05 0.0450838 9.99386E-05 9.99386E-05 0.0844443
0.583745 9.99561E-05 9.99561E-05 0.0765804 0.156368 0.00185056 9.99561E-05 0.0934811 0.0240514 0.0634238 9.99561E-05 9.99561E-05
0.774425 9.99561E-05 0.00932633 0.0322645 0.117352 9.99561E-05 9.99561E-05 0.0408653 9.99561E-05 9.99561E-05 0.021645 0.0036213
0.875902 9.99299E-05 9.99299E-05 0.0965047 9.99299E-05 0.0211288 9.99299E-05 9.99299E-05 9.99299E-05 0.00566462 9.99299E-05 9.99299E-05
0.975979 9.99211E-05 9.99211E-05 0.0045439 9.99211E-05 9.99211E-05 9.99211E-05 9.99211E-05 9.99211E-05 9.99211E-05 9.99211E-05 0.018578
0.523742 9.99561E-05 9.99561E-05 0.000441912 9.99561E-05 0.0345979 9.99561E-05 0.195049 9.99561E-05 0.0251837 0.0951371 0.125349
0.687367 0.098254 9.99474E-05 0.0811731 0.0299159 9.99474E-05 9.99474E-05 0.0537141 9.99474E-05 9.99474E-05 9.99474E-05 0.0489763
0.961905 9.99122E-05 9.99122E-05 0.037096 9.99122E-05 9.99122E-05 9.99122E-05 9.99122E-05 9.99122E-05 9.99122E-05 9.99122E-05 9.99122E-05
0.521109 0.0151204 9.99385E-05 0.238479 9.99385E-05 9.99385E-05 9.99385E-05 0.195557 9.99385E-05 9.99385E-05 0.0290341 9.99385E-05
0.734726 9.99211E-05 9.99211E-05 0.170114 9.99211E-05 9.99211E-05 9.99211E-05 9.99211E-05 9.99211E-05 9.99211E-05 9.99211E-05 0.0942609
0.485604 9.99385E-05 9.99385E-05 0.243843 0.0159679 9.99385E-05 9.99385E-05 0.189895 9.99385E-05 9.99385E-05 0.0639908 9.99385E-05
0.42067 9.99386E-05 9.99386E-05 0.156952 0.00335731 9.99386E-05 9.99386E-05 0.180853 9.99386E-05 9.99386E-05 9.99386E-05 0.237468
0.13226 9.99473E-05 9.99473E-05 9.99473E-05 9.99473E-05 0.0102937 0.000706148 0.0593533 9.99473E-05 9.99473E-05 0.142972 0.653816
0.86909 9.99208E-05 9.99208E-05 0.0747653 9.99208E-05 9.99208E-05 9.99208E-05 0.0552452 9.99208E-05 9.99208E-05 9.99208E-05 9.99208E-05
0.569018 9.99299E-05 9.99299E-05 0.21151 0.0288368 9.99299E-05 9.99299E-05 0.189836 9.99299E-05 9.99299E-05 9.99299E-05 9.99299E-05
0.712551 9.99474E-05 0.111989 0.000191987 9.99474E-05 9.99474E-05 9.99474E-05 0.0674175 9.99474E-05 0.0503562 9.99474E-05 0.0568944
0.792228 9.99298E-05 9.99298E-05 0.0237523 9.99298E-05 9.99298E-05 9.99298E-05 0.175911 9.99298E-05 0.00730929 9.99298E-05 9.99298E-05
0.959208 9.9921E-05 9.9921E-05 9.9921E-05 9.9921E-05 9.9921E-05 9.9921E-05 9.9921E-05 0.0253526 0.0145406 9.9921E-05 9.9921E-05
0.273718 9.99297E-05 9.99297E-05 0.320669 9.99297E-05 9.99297E-05 9.99297E-05 0.179172 9.99297E-05 9.99297E-05 0.225641 9.99297E-05
0.83774 9.99209E-05 9.99209E-05 0.0463396 9.99209E-05 9.99209E-05 9.99209E-05 0.115021 9.99209E-05 9.99209E-05 9.99209E-05 9.99209E-05
0.980409 9.99122E-05 9.99122E-05 9.99122E-05 9.99122E-05 9.99122E-05 9.99122E-05 0.0185922 9.99122E-05 9.99122E-05 9.99122E-05 9.99122E-05
0.705808 9.99385E-05 0.0123102 0.102777 9.99385E-05 9.99385E-05 9.99385E-05 9.99385E-05 9.99385E-05 0.0898588 9.99385E-05 0.0885462
0.540993 9.99297E-05 0.0386806 0.119999 9.99297E-05 9.99297E-05 9.99297E-05 0.299528 9.99297E-05 9.99297E-05 9.99297E-05 9.99297E-05
0.357663 9.99297E-05 9.99297E-05 0.0287864 9.99297E-05 9.99297E-05 9.99297E-05 9.99297E-05 9.99297E-05 9.99297E-05 0.0388947 0.573857
0.662619 9.99473E-05 0.0332399 0.0324059 9.99473E-05 9.99473E-05 9.99473E-05 0.0217163 9.99473E-05 0.0338635 9.99473E-05 0.215556
0.794399 9.99123E-05 9.99123E-05 9.99123E-05 9.99123E-05 9.99123E-05 9.99123E-05 9.99123E-05 9.99123E-05 9.99123E-05 9.99123E-05 0.204602
0.539141 9.99298E-05 9.99298E-05 9.99298E-05 0.0137692 9.99298E-05 9.99298E-05 9.99298E-05 9.99298E-05 9.99298E-05 0.0263313 0.419959
0.477384 9.99297E-05 9.99297E-05 0.133179 0.0962389 9.99297E-05 9.99297E-05 0.292399 9.99297E-05 9.99297E-05 9.99297E-05 9.99297E-05
0.759573 0.0315411 0.00041658 0.200302 9.99385E-05 9.99385E-05 9.99385E-05 0.00746775 9.99385E-05 9.99385E-05 9.99385E-05 9.99385E-05
0.328531 9.99385E-05 9.99385E-05 0.0769625 9.99385E-05 9.99385E-05 9.99385E-05 0.0462201 9.99385E-05 9.99385E-05 0.071024 0.476563
0.590633 9.9921E-05 9.9921E-05 9.9921E-05 9.9921E-05 9.9921E-05 9.9921E-05 0.0692955 9.9921E-05 9.9921E-05 9.9921E-05 0.339173
0.571481 9.99385E-05 0.03279 0.160168 0.186174 9.99385E-05 9.99385E-05 9.99385E-05 9.99385E-05 9.99385E-05 0.0486874 9.99385E-05
0.730143 9.99561E-05 0.00308424 0.0868682 9.99561E-05 9.99561E-05 9.99561E-05 0.0796154 0.00204669 0.0816086 9.99561E-05 0.0161341
0.48602 9.99562E-05 0.0120055 0.193102 0.0785739 0.0327059 9.99562E-05 0.0884151 0.108678 9.99562E-05 9.99562E-05 9.99562E-05
0.469422 9.99473E-05 9.99473E-05 0.257424 9.99473E-05 9.99473E-05 9.99473E-05 0.218873 0.00190585 0.0259934 0.0257817 9.99473E-05
0.553412 9.99122E-05 9.99122E-05 9.99122E-05 9.99122E-05 9.99122E-05 9.99122E-05 9.99122E-05 9.99122E-05 9.99122E-05 9.99122E-05 0.445589
0.756005 9.99297E-05 9.99297E-05 9.99297E-05 9.99297E-05 0.115485 9.99297E-05 0.118117 0.00959297 9.99297E-05 9.99297E-05 9.99297E-05
0.31731 9.9921E-05 9.9921E-05 0.121021 9.9921E-05 9.9921E-05 9.9921E-05 9.9921E-05 9.9921E-05 9.9921E-05 9.9921E-05 0.56077
0.599365 9.99298E-05 9.99298E-05 0.113294 9.99298E-05 9.99298E-05 9.99298E-05 0.110828 9.99298E-05 9.99298E-05 9.99298E-05 0.175714
0.945056 9.9921E-05 9.9921E-05 0.0433362 9.9921E-05 9.9921E-05 9.9921E-05 9.9921E-05 0.0107081 9.9921E-05 9.9921E-05 9.9921E-05
0.932814 9.99297E-05 0.0182735 9.99297E-05 9.99297E-05 0.0260115 9.99297E-05 9.99297E-05 9.99297E-05 0.0221019 9.99297E-05 9.99297E-05
0.618048 9.99385E-05 9.99385E-05 0.265582 0.0473622 9.99385E-05 9.99385E-05 0.0563795 9.99385E-05 9.99385E-05 0.011928 9.99385E-05
0.783927 9.99209E-05 9.99209E-05 0.123716 9.99209E-05 9.99209E-05 9.99209E-05 0.0914576 9.99209E-05 9.99209E-05 9.99209E-05 9.99209E-05
0.983621 9.99209E-05 9.99209E-05 0.0147975 9.99209E-05 9.99209E-05 9.99209E-05 9.99209E-05 9.99209E-05 0.000681953 9.99209E-05 9.99209E-05
0.852686 9.99298E-05 9.99298E-05 9.99298E-05 9.99298E-05 9.99298E-05 9.99298E-05 0.0125965 9.99298E-05 9.99298E-05 0.0992725 0.0346459
0.689117 9.9921E-05 9.9921E-05 0.171394 9.9921E-05 9.9921E-05 9.9921E-05 9.9921E-05 9.9921E-05 9.9921E-05 9.9921E-05 0.138589
9.99032E-05 9.99032E-05 9.99032E-05 9.99032E-05 9.99032E-05 9.99032E-05 9.99032E-05 0.998901 9.99032E-05 9.99032E-05 9.99032E-05 9.99032E-05
9.99032E-05 9.99032E-05 9.99032E-05 0.998901 9.99032E-05 9.99032E-05 9.99032E-05 9.99032E-05 9.99032E-05 9.99032E-05 9.99032E-05 9.99032E-05
9.99033E-05 9.99033E-05 9.99033E-05 9.99033E-05 9.99033E-05 9.99033E-05 9.99033E-05 0.998901 9.99033E-05 9.99033E-05 9.99033E-05 9.99033E-05
9.99032E-05 9.99032E-05 9.99032E-05 0.998901 9.99032E-05 9.99032E-05 9.99032E-05 9.99032E-05 9.99032E-05 9.99032E-05 9.99032E-05 9.99032E-05
9.99032E-05 9.99032E-05 9.99032E-05 0.998901 9.99032E-05 9.99032E-05 9.99032E-05 9.99032E-05 9.99032E-05 9.99032E-05 9.99032E-05 9.99032E-05
9.99032E-05 9.99032E-05 9.99032E-05 0.998901 9.99032E-05 9.99032E-05 9.99032E-05 9.99032E-05 9.99032E-05 9.99032E-05 9.99032E-05 9.99032E-05
9.99032E-05 9.99032E-05 9.99032E-05 9.99032E-05 9.99032E-05 9.99032E-05 9.99032E-05 0.998901 9.99032E-05 9.99032E-05 9.99032E-05 9.99032E-05
9.99032E-05 9.99032E-05 9.99032E-05 0.998901 9.99032E-05 9.99032E-05 9.99032E-05 9.99032E-05 9.99032E-05 9.99032E-05 9.99032E-05 9.99032E-05
9.99033E-05 9.99033E-05 9.99033E-05 0.998901 9.99033E-05 9.99033E-05 9.99033E-05 9.99033E-05 9.99033E-05 9.99033E-05 9.99033E-05 9.99033E-05
9.99032E-05 9.99032E-05 9.99032E-05 9.99032E-05 9.99032E-05 9.99032E-05 9.99032E-05 0.998901 9.99032E-05 9.99032E-05 9.99032E-05 9.99032E-05
9.99032E-05 9.99032E-05 9.99032E-05 9.99032E-05 9.99032E-05 9.99032E-05 9.99032E-05 0.998901 9.99032E-05 9.99032E-05 9.99032E-05 9.99032E-05
9.99032E-05 9.99032E-05 9.99032E-05 9.99032E-05 9.99032E-05 9.99032E-05 9.99032E-05 0.998901 9.99032E-05 9.99032E-05 9.99032E-05 9.99032E-05
9.99032E-05 9.99032E-05 9.99032E-05 0.998901 9.99032E-05 9.99032E-05 9.99032E-05 9.99032E-05 9.99032E-05 9.99032E-05 9.99032E-05 9.99032E-05
9.99032E-05 9.99032E-05 9.99032E-05 0.998901 9.99032E-05 9.99032E-05 9.99032E-05 9.99032E-05 9.99032E-05 9.99032E-05 9.99032E-05 9.99032E-05
9.99032E-05 9.99032E-05 9.99032E-05 9.99032E-05 9.99032E-05 9.99032E-05 9.99032E-05 0.998901 9.99032E-05 9.99032E-05 9.99032E-05 9.99032E-05
9.99032E-05 9.99032E-05 9.99032E-05 9.99032E-05 9.99032E-05 9.99032E-05 9.99032E-05 0.998901 9.99032E-05 9.99032E-05 9.99032E-05 9.99032E-05
0.6707 9.99472E-05 9.99472E-05 0.0586664 9.99472E-05 0.112454 9.99472E-05 0.0650251 0.0413026 9.99472E-05 0.0512521 9.99472E-05
9.99032E-05 9.99032E-05 9.99032E-05 9.99032E-05 9.99032E-05 9.99032E-05 9.99032E-05 0.998901 9.99032E-05 9.99032E-05 9.99032E-05 9.99032E-05
9.99033E-05 9.99033E-05 9.99033E-05 0.998901 9.99033E-05 9.99033E-05 9.99033E-05 9.99033E-05 9.99033E-05 9.99033E-05 9.99033E-05 9.99033E-05
9.99032E-05 9.99032E-05 9.99032E-05 9.99032E-05 9.99032E-05 9.99032E-05 9.99032E-05 0.998901 9.99032E-05 9.99032E-05 9.99032E-05 9.99032E-05
9.99032E-05 9.99032E-05 9.99032E-05 9.99032E-05 9.99032E-05 9.99032E-05 9.99032E-05 0.998901 9.99032E-05 9.99032E-05 9.99032E-05 9.99032E-05
9.99032E-05 9.99032E-05 9.99032E-05 9.99032E-05 9.99032E-05 9.99032E-05 9.99032E-05 0.998901 9.99032E-05 9.99032E-05 9.99032E-05 9.99032E-05
9.99033E-05 9.99033E-05 9.99033E-05 0.998901 9.99033E-05 9.99033E-05 9.99033E-05 9.99033E-05 9.99033E-05 9.99033E-05 9.99033E-05 9.99033E-05
9.99033E-05 9.99033E-05 9.99033E-05 9.99033E-05 9.99033E-05 9.99033E-05 9.99033E-05 0.998901 9.99033E-05 9.99033E-05 9.99033E-05 9.99033E-05
9.99032E-05 9.99032E-05 9.99032E-05 0.998901 9.99032E-05 9.99032E-05 9.99032E-05 9.99032E-05 9.99032E-05 9.99032E-05 9.99032E-05 9.99032E-05
9.99032E-05 9.99032E-05 9.99032E-05 9.99032E-05 9.99032E-05 9.99032E-05 9.99032E-05 0.998901 9.99032E-05 9.99032E-05 9.99032E-05 9.99032E-05
9.99031E-05 9.99031E-05 9.99031E-05 9.99031E-05 9.99031E-05 9.99031E-05 9.99031E-05 0.998901 9.99031E-05 9.99031E-05 9.99031E-05 9.99031E-05
9.99033E-05 9.99033E-05 9.99033E-05 0.998901 9.99033E-05 9.99033E-05 9.99033E-05 9.99033E-05 9.99033E-05 9.99033E-05 9.99033E-05 9.99033E-05
9.99032E-05 9.99032E-05 9.99032E-05 0.998901 9.99032E-05 9.99032E-05 9.99032E-05 9.99032E-05 9.99032E-05 9.99032E-05 9.99032E-05 9.99032E-05
9.99033E-05 9.99033E-05 9.99033E-05 0.998901 9.99033E-05 9.99033E-05 9.99033E-05 9.99033E-05 9.99033E-05 9.99033E-05 9.99033E-05 9.99033E-05
9.99033E-05 9.99033E-05 9.99033E-05 9.99033E-05 9.99033E-05 9.99033E-05 9.99033E-05 0.998901 9.99033E-05 9.99033E-05 9.99033E-05 9.99033E-05
9.99032E-05 9.99032E-05 9.99032E-05 9.99032E-05 9.99032E-05 9.99032E-05 9.99032E-05 0.998901 9.99032E-05 9.99032E-05 9.99032E-05 9.99032E-05
9.99032E-05 9.99032E-05 9.99032E-05 9.99032E-05 9.99032E-05 9.99032E-05 9.99032E-05 0.998901 9.99032E-05 9.99032E-05 9.99032E-05 9.99032E-05
9.99031E-05 9.99031E-05 9.99031E-05 9.99031E-05 9.99031E-05 9.99031E-05 9.99031E-05 0.998901 9.99031E-05 9.99031E-05 9.99031E-05 9.99031E-05
9.99032E-05 9.99032E-05 9.99032E-05 9.99032E-05 9.99032E-05 9.99032E-05 9.99032E-05 0.998901 9.99032E-05 9.99032E-05 9.99032E-05 9.99032E-05
9.99032E-05 9.99032E-05 9.99032E-05 0.998901 9.99032E-05 9.99032E-05 9.99032E-05 9.99032E-05 9.99032E-05 9.99032E-05 9.99032E-05 9.99032E-05
9.99032E-05 9.99032E-05 9.99032E-05 0.998901 9.99032E-05 9.99032E-05 9.99032E-05 9.99032E-05 9.99032E-05 9.99032E-05 9.99032E-05 9.99032E-05
9.99033E-05 9.99033E-05 9.99033E-05 0.998901 9.99033E-05 9.99033E-05 9.99033E-05 9.99033E-05 9.99033E-05 9.99033E-05 9.99033E-05 9.99033E-05
9.9912E-05 9.9912E-05 9.9912E-05 0.0220444 9.9912E-05 9.9912E-05 9.9912E-05 0.976956 9.9912E-05 9.9912E-05 9.9912E-05 9.9912E-05
9.99032E-05 9.99032E-05 9.99032E-05 0.998901 9.99032E-05 9.99032E-05 9.99032E-05 9.99032E-05 9.99032E-05 9.99032E-05 9.99032E-05 9.99032E-05
9.99033E-05 9.99033E-05 9.99033E-05 0.998901 9.99033E-05 9.99033E-05 9.99033E-05 9.99033E-05 9.99033E-05 9.99033E-05 9.99033E-05 9.99033E-05
9.99032E-05 9.99032E-05 9.99032E-05 0.998901 9.99032E-05 9.99032E-05 9.99032E-05 9.99032E-05 9.99032E-05 9.99032E-05 9.99032E-05 9.99032E-05
9.99032E-05 9.99032E-05 9.99032E-05 0.998901 9.99032E-05 9.99032E-05 9.99032E-05 9.99032E-05 9.99032E-05 9.99032E-05 9.99032E-05 9.99032E-05
9.99031E-05 9.99031E-05 9.99031E-05 9.99031E-05 9.99031E-05 9.99031E-05 9.99031E-05 0.998901 9.99031E-05 9.99031E-05 9.99031E-05 9.99031E-05
9.99033E-05 9.99033E-05 9.99033E-05 0.998901 9.99033E-05 9.99033E-05 9.99033E-05 9.99033E-05 9.99033E-05 9.99033E-05 9.99033E-05 9.99033E-05
9.99032E-05 9.99032E-05 9.99032E-05 0.998901 9.99032E-05 9.99032E-05 9.99032E-05 9.99032E-05 9.99032E-05 9.99032E-05 9.99032E-05 9.99032E-05
0.576075 9.99473E-05 9.99473E-05 0.0677078 9.99473E-05 0.105557 9.99473E-05 0.144934 0.0472829 9.99473E-05 0.0578433 9.99473E-05
9.99032E-05 9.99032E-05 9.99032E-05 9.99032E-05 9.99032E-05 9.99032E-05 9.99032E-05 0.998901 9.99032E-05 9.99032E-05 9.99032E-05 9.99032E-05
9.99121E-05 9.99121E-05 9.99121E-05 0.984894 9.99121E-05 9.99121E-05 9.99121E-05 0.0141071 9.99121E-05 9.99121E-05 9.99121E-05 9.99121E-05
9.99032E-05 9.99032E-05 9.99032E-05 0.998901 9.99032E-05 9.99032E-05 9.99032E-05 9.99032E-05 9.99032E-05 9.99032E-05 9.99032E-05 9.99032E-05
9.99032E-05 9.99032E-05 9.99032E-05 0.998901 9.99032E-05 9.99032E-05 9.99032E-05 9.99032E-05 9.99032E-05 9.99032E-05 9.99032E-05 9.99032E-05
9.99032E-05 9.99032E-05 9.99032E-05 0.998901 9.99032E-05 9.99032E-05 9.99032E-05 9.99032E-05 9.99032E-05 9.99032E-05 9.99032E-05 9.99032E-05
9.99031E-05 9.99031E-05 9.99031E-05 9.99031E-05 9.99031E-05 9.99031E-05 9.99031E-05 0.998901 9.99031E-05 9.99031E-05 9.99031E-05 9.99031E-05
9.99032E-05 9.99032E-05 9.99032E-05 0.998901 9.99032E-05 9.99032E-05 9.99032E-05 9.99032E-05 9.99032E-05 9.99032E-05 9.99032E-05 9.99032E-05
9.99032E-05 9.99032E-05 9.99032E-05 9.99032E-05 9.99032E-05 9.99032E-05 9.99032E-05 0.998901 9.99032E-05 9.99032E-05 9.99032E-05 9.99032E-05
9.99032E-05 9.99032E-05 9.99032E-05 0.998901 9.99032E-05 9.99032E-05 9.99032E-05 9.99032E-05 9.99032E-05 9.99032E-05 9.99032E-05 9.99032E-05
9.99032E-05 9.99032E-05 9.99032E-05 9.99032E-05 9.99032E-05 9.99032E-05 9.99032E-05 0.998901 9.99032E-05 9.99032E-05 9.99032E-05 9.99032E-05
9.99032E-05 9.99032E-05 9.99032E-05 0.998901 9.99032E-05 9.99032E-05 9.99032E-05 9.99032E-05 9.99032E-05 9.99032E-05 9.99032E-05 9.99032E-05
9.99032E-05 9.99032E-05 9.99032E-05 0.998901 9.99032E-05 9.99032E-05 9.99032E-05 9.99032E-05 9.99032E-05 9.99032E-05 9.99032E-05 9.99032E-05
9.99032E-05 9.99032E-05 9.99032E-05 0.998901 9.99032E-05 9.99032E-05 9.99032E-05 9.99032E-05 9.99032E-05 9.99032E-05 9.99032E-05 9.99032E-05
9.99032E-05 9.99032E-05 9.99032E-05 0.998901 9.99032E-05 9.99032E-05 9.99032E-05 9.99032E-05 9.99032E-05 9.99032E-05 9.99032E-05 9.99032E-05
9.99032E-05 9.99032E-05 9.99032E-05 0.998901 9.99032E-05 9.99032E-05 9.99032E-05 9.99032E-05 9.99032E-05 9.99032E-05 9.99032E-05 9.99032E-05
9.99032E-05 9.99032E-05 9.99032E-05 0.998901 9.99032E-05 9.99032E-05 9.99032E-05 9.99032E-05 9.99032E-05 9.99032E-05 9.99032E-05 9.99032E-05
9.99032E-05 9.99032E-05 9.99032E-05 9.99032E-05 9.99032E-05 9.99032E-05 9.99032E-05 0.998901 9.99032E-05 9.99032E-05 9.99032E-05 9.99032E-05
9.99031E-05 9.99031E-05 9.99031E-05 9.99031E-05 9.99031E-05 9.99031E-05 9.99031E-05 0.998901 9.99031E-05 9.99031E-05 9.99031E-05 9.99031E-05
0.0418224 9.99208E-05 9.99208E-05 9.99208E-05 9.99208E-05 9.99208E-05 9.99208E-05 0.944855 9.99208E-05 9.99208E-05 0.0124234 9.99208E-05
9.99033E-05 9.99033E-05 9.99033E-05 0.998901 9.99033E-05 9.99033E-05 9.99033E-05 9.99033E-05 9.99033E-05 9.99033E-05 9.99033E-05 9.99033E-05
9.99033E-05 9.99033E-05 9.99033E-05 9.99033E-05 9.99033E-05 9.99033E-05 9.99033E-05 0.998901 9.99033E-05 9.99033E-05 9.99033E-05 9.99033E-05
9.99032E-05 9.99032E-05 9.99032E-05 9.99032E-05 9.99032E-05 9.99032E-05 9.99032E-05 0.998901 9.99032E-05 9.99032E-05 9.99032E-05 9.99032E-05
9.99032E-05 9.99032E-05 9.99032E-05 9.99032E-05 9.99032E-05 9.99032E-05 9.99032E-05 0.998901 9.99032E-05 9.99032E-05 9.99032E-05 9.99032E-05
9.99032E-05 9.99032E-05 9.99032E-05 0.998901 9.99032E-05 9.99032E-05 9.99032E-05 9.99032E-05 9.99032E-05 9.99032E-05 9.99032E-05 9.99032E-05
9.99032E-05 9.99032E-05 9.99032E-05 0.998901 9.99032E-05 9.99032E-05 9.99032E-05 9.99032E-05 9.99032E-05 9.99032E-05 9.99032E-05 9.99032E-05
9.99033E-05 9.99033E-05 9.99033E-05 0.998901 9.99033E-05 9.99033E-05 9.99033E-05 9.99033E-05 9.99033E-05 9.99033E-05 9.99033E-05 9.99033E-05
9.99032E-05 9.99032E-05 9.99032E-05 9.99032E-05 9.99032E-05 9.99032E-05 9.99032E-05 0.998901 9.99032E-05 9.99032E-05 9.99032E-05 9.99032E-05
9.99032E-05 9.99032E-05 9.99032E-05 0.998901 9.99032E-05 9.99032E-05 9.99032E-05 9.99032E-05 9.99032E-05 9.99032E-05 9.99032E-05 9.99032E-05
9.99032E-05 9.99032E-05 9.99032E-05 0.998901 9.99032E-05 9.99032E-05 9.99032E-05 9.99032E-05 9.99032E-05 9.99032E-05 9.99032E-05 9.99032E-05
9.99031E-05 9.99031E-05 9.99031E-05 9.99031E-05 9.99031E-05 9.99031E-05 9.99031E-05 0.998901 9.99031E-05 9.99031E-05 9.99031E-05 9.99031E-05
9.99032E-05 9.99032E-05 9.99032E-05 0.998901 9.99032E-05 9.99032E-05 9.99032E-05 9.99032E-05 9.99032E-05 9.99032E-05 9.99032E-05 9.99032E-05
9.99032E-05 9.99032E-05 9.99032E-05 0.998901 9.99032E-05 9.99032E-05 9.99032E-05 9.99032E-05 9.99032E-05 9.99032E-05 9.99032E-05 9.99032E-05
0.579665 9.9956E-05 0.0151774 0.0134336 9.9956E-05 9.9956E-05 9.9956E-05 0.196426 0.0273475 0.160041 0.00741007 9.9956E-05
9.99033E-05 9.99033E-05 9.99033E-05 9.99033E-05 9.99033E-05 9.99033E-05 9.99033E-05 0.998901 9.99033E-05 9.99033E-05 9.99033E-05 9.99033E-05
9.99032E-05 9.99032E-05 9.99032E-05 0.998901 9.99032E-05 9.99032E-05 9.99032E-05 9.99032E-05 9.99032E-05 9.99032E-05 9.99032E-05 9.99032E-05
0.526408 9.99298E-05 0.0645829 0.400847 9.99298E-05 9.99298E-05 9.99298E-05 9.99298E-05 9.99298E-05 9.99298E-05 0.00736337 9.99298E-05
0.646494 9.99385E-05 9.99385E-05 0.222298 9.99385E-05 0.0267854 9.99385E-05 0.095159 9.99385E-05 9.99385E-05 0.00856419 9.99385E-05
0.769635 9.99209E-05 9.99209E-05 9.99209E-05 9.99209E-05 9.99209E-05 9.99209E-05 0.19524 9.99209E-05 9.99209E-05 0.0342253 9.99209E-05
0.92285 9.99209E-05 9.99209E-05 9.99209E-05 9.99209E-05 0.0523678 9.99209E-05 0.0238826 9.99209E-05 9.99209E-05 9.99209E-05 9.99209E-05
0.543143 9.99209E-05 9.99209E-05 0.171725 9.99209E-05 9.99209E-05 9.99209E-05 0.284234 9.99209E-05 9.99209E-05 9.99209E-05 9.99209E-05
0.505686 9.99299E-05 9.99299E-05 0.0909041 9.99299E-05 9.99299E-05 0.00755191 9.99299E-05 9.99299E-05 9.99299E-05 9.99299E-05 0.395059
0.473854 9.99298E-05 9.99298E-05 0.214515 9.99298E-05 0.0622094 9.99298E-05 0.248622 9.99298E-05 9.99298E-05 9.99298E-05 9.99298E-05
0.734031 9.99385E-05 0.0044402 0.118367 9.99385E-05 9.99385E-05 9.99385E-05 9.99385E-05 9.99385E-05 0.0891531 0.0533084 9.99385E-05
0.421686 9.99298E-05 9.99298E-05 0.235679 9.99298E-05 9.99298E-05 9.99298E-05 0.0562686 9.99298E-05 9.99298E-05 9.99298E-05 0.285567
0.796356 0.0426572 9.99386E-05 9.99386E-05 9.99386E-05 9.99386E-05 9.99386E-05 0.0705974 9.99386E-05 9.99386E-05 0.0705348 0.0191551
0.623665 9.99385E-05 9.99385E-05 0.0801918 9.99385E-05 9.99385E-05 9.99385E-05 0.15954 9.99385E-05 0.0687082 9.99385E-05 0.0671953
0.512332 0.0232044 9.9921E-05 0.463564 9.9921E-05 9.9921E-05 9.9921E-05 9.9921E-05 9.9921E-05 9.9921E-05 9.9921E-05 9.9921E-05
0.479732 9.99385E-05 0.0352494 0.170899 9.99385E-05 9.99385E-05 9.99385E-05 0.233772 0.0796479 9.99385E-05 9.99385E-05 9.99385E-05
0.924981 9.99121E-05 0.0740195 9.99121E-05 9.99121E-05 9.99121E-05 9.99121E-05 9.99121E-05 9.99121E-05 9.99121E-05 9.99121E-05 9.99121E-05
0.780907 9.99209E-05 9.99209E-05 0.0442333 9.99209E-05 9.99209E-05 9.99209E-05 0.173961 9.99209E-05 9.99209E-05 9.99209E-05 9.99209E-05
0.530962 0.0532522 9.99385E-05 0.232765 0.0920589 9.99385E-05 9.99385E-05 0.0902629 9.99385E-05 9.99385E-05 9.99385E-05 9.99385E-05
0.710008 9.99298E-05 9.99298E-05 0.15158 9.99298E-05 9.99298E-05 9.99298E-05 0.0412462 9.99298E-05 9.99298E-05 9.99298E-05 0.0963663
0.586547 9.99385E-05 9.99385E-05 0.000573744 9.99385E-05 9.99385E-05 9.99385E-05 0.325286 0.0272441 0.0596494 9.99385E-05 9.99385E-05
0.792015 9.99296E-05 9.99296E-05 0.0433596 0.127604 9.99296E-05 9.99296E-05 9.99296E-05 9.99296E-05 9.99296E-05 0.0362214 9.99296E-05
0.712483 0.0588224 0.0167895 0.0863411 9.99385E-05 9.99385E-05 9.99385E-05 0.124864 9.99385E-05 9.99385E-05 9.99385E-05 9.99385E-05
0.859616 0.0506503 9.99297E-05 0.0769574 9.99297E-05 9.99297E-05 9.99297E-05 0.0119767 9.99297E-05 9.99297E-05 9.99297E-05 9.99297E-05
0.799919 9.99122E-05 9.99122E-05 0.199082 9.99122E-05 9.99122E-05 9.99122E-05 9.99122E-05 9.99122E-05 9.99122E-05 9.99122E-05 9.99122E-05
0.621581 9.99473E-05 0.0304018 0.0751345 9.99473E-05 9.99473E-05 9.99473E-05 0.134023 0.119519 0.0187415 9.99473E-05 9.99473E-05
0.820273 0.0352039 9.99385E-05 0.0923063 9.99385E-05 9.99385E-05 9.99385E-05 9.99385E-05 9.99385E-05 0.0139522 0.0375653 9.99385E-05
0.923317 9.99121E-05 0.0756836 9.99121E-05 9.99121E-05 9.99121E-05 9.99121E-05 9.99121E-05 9.99121E-05 9.99121E-05 9.99121E-05 9.99121E-05
0.426568 9.99209E-05 9.99209E-05 9.99209E-05 0.0282491 9.99209E-05 9.99209E-05 9.99209E-05 9.99209E-05 9.99209E-05 9.99209E-05 0.544284
0.857079 0.0761777 9.99208E-05 9.99208E-05 9.99208E-05 9.99208E-05 9.99208E-05 0.0658444 9.99208E-05 9.99208E-05 9.99208E-05 9.99208E-05
0.566948 9.99297E-05 9.99297E-05 0.200236 9.99297E-05 0.00199641 9.99297E-05 0.23002 9.99297E-05 9.99297E-05 9.99297E-05 9.99297E-05
0.927303 9.99209E-05 0.0498479 9.99209E-05 9.99209E-05 9.99209E-05 9.99209E-05 9.99209E-05 9.99209E-05 9.99209E-05 0.02195 9.99209E-05
0.759078 9.99385E-05 0.0532921 0.101027 9.99385E-05 9.99385E-05 9.99385E-05 9.99385E-05 0.00145814 9.99385E-05 0.0844456 9.99385E-05
0.522018 0.037804 9.99297E-05 0.334633 9.99297E-05 9.99297E-05 9.99297E-05 0.104746 9.99297E-05 9.99297E-05 9.99297E-05 9.99297E-05
0.688681 9.99298E-05 9.99298E-05 0.244592 9.99298E-05 9.99298E-05 9.99298E-05 0.0623455 9.99298E-05 0.00358222 9.99298E-05 9.99298E-05
0.704607 9.99297E-05 9.99297E-05 0.188903 0.0313512 9.99297E-05 9.99297E-05 0.0743392 9.99297E-05 9.99297E-05 9.99297E-05 9.99297E-05
0.626281 9.99385E-05 0.094782 0.202261 9.99385E-05 9.99385E-05 9.99385E-05 0.0383212 9.99385E-05 0.0376558 9.99385E-05 9.99385E-05
0.724804 9.99384E-05 0.0366805 0.0859546 9.99384E-05 9.99384E-05 9.99384E-05 0.109129 9.99384E-05 0.0427328 9.99384E-05 9.99384E-05
0.901531 9.9921E-05 9.9921E-05 0.026531 9.9921E-05 9.9921E-05 9.9921E-05 0.071039 9.9921E-05 9.9921E-05 9.9921E-05 9.9921E-05
0.547989 9.99121E-05 9.99121E-05 9.99121E-05 9.99121E-05 9.99121E-05 9.99121E-05 9.99121E-05 9.99121E-05 9.99121E-05 9.99121E-05 0.451012
0.62597 9.99472E-05 9.99472E-05 9.99472E-05 0.0402829 0.0553917 9.99472E-05 0.141324 0.0416373 0.0947948 9.99472E-05 9.99472E-05
0.910358 9.9921E-05 9.9921E-05 9.9921E-05 9.9921E-05 9.9921E-05 9.9921E-05 9.9921E-05 0.0592382 0.0295044 9.9921E-05 9.9921E-05
0.607827 0.171034 9.99297E-05 0.172187 9.99297E-05 9.99297E-05 9.99297E-05 0.0481523 9.99297E-05 9.99297E-05 9.99297E-05 9.99297E-05
0.792389 9.99209E-05 9.99209E-05 0.0240099 9.99209E-05 9.99209E-05 9.99209E-05 0.182701 9.99209E-05 9.99209E-05 9.99209E-05 9.99209E-05
0.923531 0.0567658 9.9921E-05 9.9921E-05 9.9921E-05 9.9921E-05 9.9921E-05 0.0188042 9.9921E-05 9.9921E-05 9.9921E-05 9.9921E-05
0.664173 0.109076 9.99385E-05 0.115184 9.99385E-05 0.0323805 9.99385E-05 0.0784866 9.99385E-05 9.99385E-05 9.99385E-05 9.99385E-05
0.482734 0.0119562 0.0103863 0.490319 0.00390441 9.99386E-05 9.99386E-05 9.99386E-05 9.99386E-05 9.99386E-05 9.99386E-05 9.99386E-05
0.414156 9.99384E-05 0.00111768 0.298858 0.0522892 9.99384E-05 9.99384E-05 0.23288 9.99384E-05 9.99384E-05 9.99384E-05 9.99384E-05
0.897774 9.99208E-05 9.99208E-05 0.0922033 9.99208E-05 9.99208E-05 9.99208E-05 0.00912371 9.99208E-05 9.99208E-05 9.99208E-05 9.99208E-05
0.552156 9.99121E-05 9.99121E-05 9.99121E-05 9.99121E-05 9.99121E-05 9.99121E-05 9.99121E-05 9.99121E-05 9.99121E-05 9.99121E-05 0.446845
0.841717 9.99209E-05 9.99209E-05 0.136016 9.99209E-05 9.99209E-05 9.99209E-05 9.99209E-05 9.99209E-05 0.0213677 9.99209E-05 9.99209E-05
0.651927 9.99122E-05 9.99122E-05 9.99122E-05 9.99122E-05 9.99122E-05 9.99122E-05 9.99122E-05 9.99122E-05 9.99122E-05 9.99122E-05 0.347074
0.448267 9.99473E-05 0.0258366 0.138249 0.132139 9.99473E-05 9.99473E-05 0.139821 0.115088 9.99473E-05 9.99473E-05 9.99473E-05
0.595962 9.99122E-05 9.99122E-05 9.99122E-05 9.99122E-05 9.99122E-05 9.99122E-05 9.99122E-05 9.99122E-05 9.99122E-05 9.99122E-05 0.403039
0.79864 9.99122E-05 9.99122E-05 9.99122E-05 9.99122E-05 9.99122E-05 9.99122E-05 0.200361 9.99122E-05 9.99122E-05 9.99122E-05 9.99122E-05
0.603863 0.0670927 9.99384E-05 9.99384E-05 0.169826 9.99384E-05 9.99384E-05 0.145098 9.99384E-05 0.0134204 9.99384E-05 9.99384E-05
0.670417 9.99297E-05 9.99297E-05 0.0859129 0.209627 9.99297E-05 9.99297E-05 0.0332438 9.99297E-05 9.99297E-05 9.99297E-05 9.99297E-05
0.861315 0.137686 9.99122E-05 9.99122E-05 9.99122E-05 9.99122E-05 9.99122E-05 9.99122E-05 9.99122E-05 9.99122E-05 9.99122E-05 9.99122E-05
0.734424 9.99123E-05 9.99123E-05 0.264577 9.99123E-05 9.99123E-05 9.99123E-05 9.99123E-05 9.99123E-05 9.99123E-05 9.99123E-05 9.99123E-05
0.0922498 9.99561E-05 0.0207668 0.0467225 0.0295404 9.99561E-05 9.99561E-05 0.161562 9.99561E-05 0.0981851 9.99561E-05 0.550473
0.652068 9.9921E-05 9.9921E-05 0.160631 9.9921E-05 9.9921E-05 9.9921E-05 9.9921E-05 9.9921E-05 9.9921E-05 9.9921E-05 0.186402
0.785494 9.99211E-05 9.99211E-05 0.140127 9.99211E-05 9.99211E-05 9.99211E-05 0.0734798 9.99211E-05 9.99211E-05 9.99211E-05 9.99211E-05
0.416884 9.99385E-05 9.99385E-05 0.172082 0.159486 9.99385E-05 9.99385E-05 0.160863 9.99385E-05 9.99385E-05 9.99385E-05 0.0899848
0.444058 9.99297E-05 9.99297E-05 0.0142238 9.99297E-05 9.99297E-05 9.99297E-05 9.99297E-05 9.99297E-05 0.0210413 9.99297E-05 0.519878
0.401192 0.0162964 9.99298E-05 0.120448 9.99298E-05 9.99298E-05 9.99298E-05 9.99298E-05 9.99298E-05 9.99298E-05 9.99298E-05 0.461264
0.217932 9.99473E-05 9.99473E-05 0.0239682 9.99473E-05 0.0407108 9.99473E-05 0.162188 9.99473E-05 0.0266245 9.99473E-05 0.527977
0.864463 9.99298E-05 9.99298E-05 0.0356559 9.99298E-05 9.99298E-05 9.99298E-05 0.0578038 9.99298E-05 0.0412782 9.99298E-05 9.99298E-05
0.671746 9.99385E-05 9.99385E-05 0.169351 9.99385E-05 9.99385E-05 9.99385E-05 0.0127048 9.99385E-05 0.00599948 0.139499 9.99385E-05
0.821907 9.99123E-05 9.99123E-05 0.177094 9.99123E-05 9.99123E-05 9.99123E-05 9.99123E-05 9.99123E-05 9.99123E-05 9.99123E-05 9.99123E-05
0.527018 9.99211E-05 9.99211E-05 9.99211E-05 9.99211E-05 9.99211E-05 9.99211E-05 0.113439 9.99211E-05 9.99211E-05 9.99211E-05 0.358644
0.521637 0.0336428 9.99298E-05 0.261996 9.99298E-05 9.99298E-05 9.99298E-05 0.181924 9.99298E-05 9.99298E-05 9.99298E-05 9.99298E-05
