9.98596E-05 0.0270847 9.98596E-05 9.98596E-05 9.98596E-05 0.0497309 0.056379 9.98596E-05 9.98596E-05 0.0461048 9.98596E-05 0.385179 9.98596E-05 9.98596E-05 0.117121 9.98596E-05 9.98596E-05 9.98596E-05 0.0875956 0.229207 9.98596E-05 9.98596E-05 9.98596E-05 9.98596E-05
9.98509E-05 0.0957113 9.98509E-05 0.01228 9.98509E-05 9.98509E-05 0.000690261 0.021721 9.98509E-05 9.98509E-05 9.98509E-05 0.771644 9.98509E-05 0.023493 9.98509E-05 9.98509E-05 9.98509E-05 9.98509E-05 0.072763 9.98509E-05 9.98509E-05 9.98509E-05 9.98509E-05 9.98509E-05
9.97982E-05 9.97982E-05 9.97982E-05 9.97982E-05 9.97982E-05 9.97982E-05 9.97982E-05 9.97982E-05 9.97982E-05 9.97982E-05 9.97982E-05 9.97982E-05 9.97982E-05 9.97982E-05 9.97982E-05 9.97982E-05 0.997705 9.97982E-05 9.97982E-05 9.97982E-05 9.97982E-05 9.97982E-05 9.97982E-05 9.97982E-05
9.98772E-05 9.98772E-05 9.98772E-05 0.0129795 0.142096 9.98772E-05 0.0482356 0.0594253 9.98772E-05 9.98772E-05 9.98772E-05 0.0631703 9.98772E-05 9.98772E-05 0.120494 9.98772E-05 0.196527 9.98772E-05 0.215599 9.98772E-05 9.98772E-05 0.0101461 9.98772E-05 0.129929
9.98245E-05 9.98245E-05 9.98245E-05 9.98245E-05 0.0445095 9.98245E-05 9.98245E-05 9.98245E-05 9.98245E-05 9.98245E-05 9.98245E-05 0.828899 9.98245E-05 9.98245E-05 9.98245E-05 9.98245E-05 9.98245E-05 9.98245E-05 9.98245E-05 9.98245E-05 9.98245E-05 0.0355331 9.98245E-05 0.0890619
9.9851E-05 9.9851E-05 0.0550096 9.9851E-05 0.0704101 9.9851E-05 9.9851E-05 9.9851E-05 9.9851E-05 9.9851E-05 9.9851E-05 9.9851E-05 9.9851E-05 0.115614 9.9851E-05 9.9851E-05 0.27066 0.101429 9.9851E-05 0.168669 9.9851E-05 9.9851E-05 9.9851E-05 0.216511
9.9886E-05 0.0118031 0.0373628 9.9886E-05 0.0228959 9.9886E-05 0.053284 0.0921895 9.9886E-05 9.9886E-05 0.063518 0.321185 0.0826697 9.9886E-05 0.130105 9.9886E-05 9.9886E-05 9.9886E-05 0.053068 0.13062 9.9886E-05 9.9886E-05 9.9886E-05 9.9886E-05
0.0971694 9.98861E-05 9.98861E-05 9.98861E-05 9.98861E-05 9.98861E-05 9.98861E-05 9.98861E-05 9.98861E-05 0.0456337 0.0552789 0.0114433 9.98861E-05 0.103373 0.168192 9.98861E-05 0.137969 0.125061 0.0886823 0.102221 9.98861E-05 9.98861E-05 9.98861E-05 0.0636785
9.98597E-05 9.98597E-05 9.98597E-05 9.98597E-05 9.98597E-05 9.98597E-05 0.189129 0.00405799 9.98597E-05 9.98597E-05 9.98597E-05 0.057681 0.185893 9.98597E-05 9.98597E-05 9.98597E-05 0.179595 0.222574 9.98597E-05 9.98597E-05 9.98597E-05 0.143443 9.98597E-05 0.0160286
9.98246E-05 9.98246E-05 9.98246E-05 9.98246E-05 9.98246E-05 9.98246E-05 0.0965614 9.98246E-05 0.0906082 9.98246E-05 9.98246E-05 0.771254 9.98246E-05 9.98246E-05 9.98246E-05 9.98246E-05 0.0395798 9.98246E-05 9.98246E-05 9.98246E-05 9.98246E-05 9.98246E-05 9.98246E-05 9.98246E-05
9.98509E-05 9.98509E-05 9.98509E-05 9.98509E-05 9.98509E-05 9.98509E-05 0.227354 0.126695 0.0304211 9.98509E-05 9.98509E-05 0.456715 9.98509E-05 9.98509E-05 0.066914 9.98509E-05 9.98509E-05 9.98509E-05 9.98509E-05 0.0788743 0.0113296 9.98509E-05 9.98509E-05 9.98509E-05
9.97981E-05 9.97981E-05 9.97981E-05 9.97981E-05 9.97981E-05 9.97981E-05 9.97981E-05 9.97981E-05 9.97981E-05 9.97981E-05 9.97981E-05 9.97981E-05 9.97981E-05 9.97981E-05 9.97981E-05 9.97981E-05 0.997705 9.97981E-05 9.97981E-05 9.97981E-05 9.97981E-05 9.97981E-05 9.97981E-05 9.97981E-05
9.98155E-05 9.98155E-05 9.98155E-05 9.98155E-05 9.98155E-05 9.98155E-05 0.0632032 9.98155E-05 9.98155E-05 9.98155E-05 9.98155E-05 0.830008 9.98155E-05 9.98155E-05 0.104693 9.98155E-05 9.98155E-05 9.98155E-05 9.98155E-05 9.98155E-05 9.98155E-05 9.98155E-05 9.98155E-05 9.98155E-05
9.98685E-05 9.98685E-05 9.98685E-05 9.98685E-05 9.98685E-05 0.0988296 0.0180218 0.0836837 9.98685E-05 0.00122973 9.98685E-05 0.467539 9.98685E-05 0.0133789 9.98685E-05 0.122154 0.15482 9.98685E-05 0.0388454 9.98685E-05 9.98685E-05 9.98685E-05 9.98685E-05 9.98685E-05
9.98685E-05 9.98685E-05 9.98685E-05 9.98685E-05 9.98685E-05 0.0793316 0.127824 9.98685E-05 9.98685E-05 9.98685E-05 0.00651759 0.270423 9.98685E-05 9.98685E-05 0.0180874 9.98685E-05 0.0164156 0.16875 9.98685E-05 0.180201 9.98685E-05 9.98685E-05 9.98685E-05 0.130952
0.146405 9.98771E-05 9.98771E-05 9.98771E-05 9.98771E-05 9.98771E-05 0.0968075 9.98771E-05 9.98771E-05 0.0221649 9.98771E-05 0.221018 9.98771E-05 9.98771E-05 0.0563308 9.98771E-05 9.98771E-05 0.175701 0.0660962 0.142873 9.98771E-05 0.0448458 9.98771E-05 0.0263598
0.0390156 0.136132 9.98773E-05 9.98773E-05 9.98773E-05 9.98773E-05 0.0277197 0.0127 0.0621563 0.0966544 9.98773E-05 0.00932529 9.98773E-05 9.98773E-05 9.98773E-05 0.0440671 0.532162 9.98773E-05 9.98773E-05 9.98773E-05 9.98773E-05 9.98773E-05 0.0386694 9.98773E-05
9.98597E-05 9.98597E-05 9.98597E-05 0.0965136 9.98597E-05 9.98597E-05 0.0780716 9.98597E-05 9.98597E-05 9.98597E-05 9.98597E-05 0.120361 9.98597E-05 9.98597E-05 0.13998 9.98597E-05 9.98597E-05 0.0292578 9.98597E-05 0.18483 0.175467 0.173921 9.98597E-05 9.98597E-05
9.98507E-05 9.98507E-05 9.98507E-05 9.98507E-05 0.157247 0.0191597 0.118485 9.98507E-05 9.98507E-05 9.98507E-05 9.98507E-05 0.11478 9.98507E-05 9.98507E-05 0.190198 9.98507E-05 0.237774 0.16066 9.98507E-05 9.98507E-05 9.98507E-05 9.98507E-05 9.98507E-05 9.98507E-05
9.98158E-05 9.98158E-05 9.98158E-05 0.0290149 0.036325 9.98158E-05 9.98158E-05 9.98158E-05 9.98158E-05 9.98158E-05 9.98158E-05 0.932564 9.98158E-05 9.98158E-05 9.98158E-05 9.98158E-05 9.98158E-05 9.98158E-05 9.98158E-05 9.98158E-05 9.98158E-05 9.98158E-05 9.98158E-05 9.98158E-05
0.0783695 9.98684E-05 9.98684E-05 9.98684E-05 9.98684E-05 9.98684E-05 0.0258952 0.0398403 0.0158449 9.98684E-05 9.98684E-05 0.335948 9.98684E-05 9.98684E-05 9.98684E-05 9.98684E-05 0.157796 0.0752009 0.041104 9.98684E-05 9.98684E-05 0.228503 9.98684E-05 9.98684E-05
9.98422E-05 9.98422E-05 9.98422E-05 9.98422E-05 0.103485 9.98422E-05 9.98422E-05 9.98422E-05 9.98422E-05 9.98422E-05 9.98422E-05 9.98422E-05 9.98422E-05 0.0509508 0.412597 9.98422E-05 0.288809 0.113912 9.98422E-05 9.98422E-05 9.98422E-05 9.98422E-05 9.98422E-05 0.0284487
9.9851E-05 9.9851E-05 9.9851E-05 9.9851E-05 9.9851E-05 9.9851E-05 0.151327 0.0365621 9.9851E-05 9.9851E-05 9.9851E-05 0.603168 9.9851E-05 9.9851E-05 9.9851E-05 9.9851E-05 9.9851E-05 9.9851E-05 0.0156282 0.104145 0.0205517 9.9851E-05 9.9851E-05 0.0669207
9.98421E-05 9.98421E-05 9.98421E-05 9.98421E-05 9.98421E-05 9.98421E-05 0.278492 9.98421E-05 0.0104646 9.98421E-05 9.98421E-05 0.384946 0.0454038 9.98421E-05 0.276206 9.98421E-05 9.98421E-05 9.98421E-05 9.98421E-05 0.00269047 9.98421E-05 9.98421E-05 9.98421E-05 9.98421E-05
9.98683E-05 9.98683E-05 9.98683E-05 0.0276151 9.98683E-05 0.104475 0.238706 0.00753168 0.168559 9.98683E-05 9.98683E-05 9.98683E-05 9.98683E-05 9.98683E-05 0.0580479 9.98683E-05 0.271122 0.0273719 0.0950732 9.98683E-05 9.98683E-05 9.98683E-05 9.98683E-05 9.98683E-05
9.98334E-05 9.98334E-05 9.98334E-05 9.98334E-05 9.98334E-05 9.98334E-05 0.0985885 9.98334E-05 9.98334E-05 9.98334E-05 9.98334E-05 0.124206 9.98334E-05 9.98334E-05 0.0307151 9.98334E-05 0.582978 9.98334E-05 0.161616 9.98334E-05 9.98334E-05 9.98334E-05 9.98334E-05 9.98334E-05
0.0474177 9.9842E-05 9.9842E-05 9.9842E-05 9.9842E-05 9.9842E-05 0.107884 9.9842E-05 9.9842E-05 9.9842E-05 9.9842E-05 0.0566058 9.9842E-05 9.9842E-05 0.460792 9.9842E-05 9.9842E-05 9.9842E-05 9.9842E-05 9.9842E-05 0.115744 9.9842E-05 9.9842E-05 0.209759
9.98335E-05 9.98335E-05 9.98335E-05 9.98335E-05 9.98335E-05 9.98335E-05 0.120657 9.98335E-05 9.98335E-05 9.98335E-05 9.98335E-05 0.78102 9.98335E-05 9.98335E-05 0.0115583 0.00517855 9.98335E-05 9.98335E-05 0.0796889 9.98335E-05 9.98335E-05 9.98335E-05 9.98335E-05 9.98335E-05
9.98334E-05 9.98334E-05 9.98334E-05 9.98334E-05 9.98334E-05 9.98334E-05 0.172994 9.98334E-05 0.157597 9.98334E-05 9.98334E-05 0.638051 0.0245801 9.98334E-05 0.00488087 9.98334E-05 9.98334E-05 9.98334E-05 9.98334E-05 9.98334E-05 9.98334E-05 9.98334E-05 9.98334E-05 9.98334E-05
9.98421E-05 9.98421E-05 9.98421E-05 9.98421E-05 0.0325174 9.98421E-05 9.98421E-05 9.98421E-05 9.98421E-05 9.98421E-05 9.98421E-05 0.466475 0.0215357 9.98421E-05 9.98421E-05 9.98421E-05 0.150927 0.00167721 9.98421E-05 9.98421E-05 9.98421E-05 9.98421E-05 0.325071 9.98421E-05
9.98595E-05 9.98595E-05 9.98595E-05 9.98595E-05 0.0251046 0.0257535 0.0112391 0.0952543 9.98595E-05 9.98595E-05 9.98595E-05 0.684459 9.98595E-05 9.98595E-05 0.0394027 9.98595E-05 9.98595E-05 0.0279911 9.98595E-05 0.0891978 9.98595E-05 9.98595E-05 9.98595E-05 9.98595E-05
9.98773E-05 9.98773E-05 9.98773E-05 9.98773E-05 0.0141964 9.98773E-05 0.148079 0.0878042 0.00816379 9.98773E-05 9.98773E-05 0.230021 9.98773E-05 9.98773E-05 0.0395964 0.153445 0.215221 9.98773E-05 0.0957119 9.98773E-05 9.98773E-05 0.00636265 9.98773E-05 9.98773E-05
9.98507E-05 9.98507E-05 9.98507E-05 9.98507E-05 9.98507E-05 9.98507E-05 0.115777 0.0482215 0.0229467 9.98507E-05 9.98507E-05 9.98507E-05 9.98507E-05 9.98507E-05 0.104439 9.98507E-05 0.537086 9.98507E-05 0.052273 0.117561 9.98507E-05 9.98507E-05 9.98507E-05 9.98507E-05
9.9842E-05 9.9842E-05 0.0624987 9.9842E-05 9.9842E-05 9.9842E-05 0.0736087 9.9842E-05 0.12822 9.9842E-05 9.9842E-05 9.9842E-05 9.9842E-05 9.9842E-05 0.165708 9.9842E-05 0.559311 9.9842E-05 9.9842E-05 9.9842E-05 0.00885626 9.9842E-05 9.9842E-05 9.9842E-05
9.98421E-05 9.98421E-05 9.98421E-05 0.04335 0.000905524 9.98421E-05 0.0604677 0.0497931 9.98421E-05 9.98421E-05 9.98421E-05 0.819274 9.98421E-05 9.98421E-05 9.98421E-05 9.98421E-05 9.98421E-05 0.0244127 9.98421E-05 9.98421E-05 9.98421E-05 9.98421E-05 9.98421E-05 9.98421E-05
9.98597E-05 9.98597E-05 9.98597E-05 9.98597E-05 9.98597E-05 9.98597E-05 0.000471265 9.98597E-05 9.98597E-05 9.98597E-05 9.98597E-05 0.213009 0.0105954 9.98597E-05 0.0726317 9.98597E-05 0.483904 0.0166698 0.163525 0.037596 9.98597E-05 9.98597E-05 9.98597E-05 9.98597E-05
0.00423512 9.98421E-05 0.00896443 9.98421E-05 0.140461 9.98421E-05 9.98421E-05 0.0222873 9.98421E-05 9.98421E-05 9.98421E-05 0.779384 9.98421E-05 9.98421E-05 0.0428719 9.98421E-05 9.98421E-05 9.98421E-05 9.98421E-05 9.98421E-05 9.98421E-05 9.98421E-05 9.98421E-05 9.98421E-05
9.98772E-05 0.0649576 9.98772E-05 0.0371535 9.98772E-05 9.98772E-05 0.0305998 0.0256202 9.98772E-05 9.98772E-05 9.98772E-05 0.353937 9.98772E-05 9.98772E-05 9.98772E-05 9.98772E-05 0.161275 0.0854496 0.12626 9.98772E-05 9.98772E-05 9.98772E-05 0.0945365 0.0188121
9.98422E-05 0.112614 9.98422E-05 9.98422E-05 0.0121598 9.98422E-05 0.0658779 0.0641942 9.98422E-05 9.98422E-05 9.98422E-05 9.98422E-05 9.98422E-05 9.98422E-05 9.98422E-05 9.98422E-05 0.607407 9.98422E-05 9.98422E-05 9.98422E-05 9.98422E-05 9.98422E-05 0.13595 9.98422E-05
0.0621034 9.9842E-05 9.9842E-05 9.9842E-05 0.0367684 9.9842E-05 0.121381 9.9842E-05 0.0423767 9.9842E-05 9.9842E-05 9.9842E-05 9.9842E-05 9.9842E-05 9.9842E-05 9.9842E-05 0.648511 9.9842E-05 9.9842E-05 9.9842E-05 9.9842E-05 9.9842E-05 9.9842E-05 0.0870621
9.98158E-05 9.98158E-05 9.98158E-05 9.98158E-05 9.98158E-05 9.98158E-05 0.0151916 9.98158E-05 9.98158E-05 9.98158E-05 9.98158E-05 9.98158E-05 9.98158E-05 9.98158E-05 0.0659363 9.98158E-05 0.916776 9.98158E-05 9.98158E-05 9.98158E-05 9.98158E-05 9.98158E-05 9.98158E-05 9.98158E-05
9.98598E-05 0.00519634 9.98598E-05 9.98598E-05 9.98598E-05 9.98598E-05 0.0838963 9.98598E-05 9.98598E-05 9.98598E-05 9.98598E-05 0.562587 9.98598E-05 9.98598E-05 0.277808 9.98598E-05 0.0417256 0.014081 9.98598E-05 0.00420209 9.98598E-05 9.98598E-05 9.98598E-05 0.00890567
9.98245E-05 9.98245E-05 9.98245E-05 9.98245E-05 0.0189839 9.98245E-05 9.98245E-05 9.98245E-05 9.98245E-05 9.98245E-05 9.98245E-05 0.806492 9.98245E-05 9.98245E-05 0.0475666 9.98245E-05 9.98245E-05 9.98245E-05 9.98245E-05 9.98245E-05 9.98245E-05 9.98245E-05 0.124961 9.98245E-05
9.98596E-05 9.98596E-05 9.98596E-05 9.98596E-05 9.98596E-05 9.98596E-05 0.13533 0.0408957 9.98596E-05 9.98596E-05 9.98596E-05 0.0388561 0.0761338 9.98596E-05 0.122793 9.98596E-05 0.280874 0.131513 9.98596E-05 0.172007 9.98596E-05 9.98596E-05 9.98596E-05 9.98596E-05
9.98596E-05 9.98596E-05 9.98596E-05 0.00199408 9.98596E-05 9.98596E-05 0.0463585 0.0180224 9.98596E-05 9.98596E-05 0.156696 9.98596E-05 0.0284962 0.0368246 0.449815 9.98596E-05 0.260196 9.98596E-05 9.98596E-05 9.98596E-05 9.98596E-05 9.98596E-05 9.98596E-05 9.98596E-05
9.98331E-05 9.98331E-05 9.98331E-05 0.0542342 0.00262569 9.98331E-05 0.0177448 9.98331E-05 9.98331E-05 9.98331E-05 9.98331E-05 9.98331E-05 9.98331E-05 9.98331E-05 9.98331E-05 9.98331E-05 0.92224 9.98331E-05 0.00125889 9.98331E-05 9.98331E-05 9.98331E-05 9.98331E-05 9.98331E-05
9.98333E-05 9.98333E-05 9.98333E-05 9.98333E-05 9.98333E-05 9.98333E-05 0.0510122 0.0177546 9.98333E-05 9.98333E-05 9.98333E-05 0.788591 9.98333E-05 9.98333E-05 9.98333E-05 9.98333E-05 9.98333E-05 9.98333E-05 0.101154 9.98333E-05 0.0395911 9.98333E-05 9.98333E-05 9.98333E-05
9.97984E-05 9.97984E-05 9.97984E-05 9.97984E-05 9.97984E-05 9.97984E-05 9.97984E-05 9.97984E-05 9.97984E-05 9.97984E-05 9.97984E-05 9.97984E-05 9.97984E-05 9.97984E-05 9.97984E-05 9.97984E-05 0.997705 9.97984E-05 9.97984E-05 9.97984E-05 9.97984E-05 9.97984E-05 9.97984E-05 9.97984E-05
0.10898 9.98421E-05 9.98421E-05 9.98421E-05 0.0397596 9.98421E-05 0.0621327 9.98421E-05 9.98421E-05 9.98421E-05 9.98421E-05 0.631054 9.98421E-05 9.98421E-05 0.0771631 9.98421E-05 9.98421E-05 9.98421E-05 9.98421E-05 9.98421E-05 9.98421E-05 9.98421E-05 9.98421E-05 0.0791135
9.986E-05 9.986E-05 0.125637 0.0237934 0.0407579 0.00436723 9.986E-05 9.986E-05 9.986E-05 9.986E-05 9.986E-05 0.393403 9.986E-05 9.986E-05 9.986E-05 9.986E-05 0.311042 0.0494701 9.986E-05 9.986E-05 9.986E-05 9.986E-05 0.0499314 9.986E-05
0.00722281 9.98771E-05 9.98771E-05 9.98771E-05 9.98771E-05 9.98771E-05 0.164763 0.170484 9.98771E-05 9.98771E-05 9.98771E-05 0.357504 9.98771E-05 0.022222 0.0820685 9.98771E-05 9.98771E-05 0.0166716 0.0179311 9.98771E-05 0.0216656 9.98771E-05 9.98771E-05 0.138069
9.98421E-05 9.98421E-05 9.98421E-05 9.98421E-05 9.98421E-05 9.98421E-05 9.98421E-05 9.98421E-05 9.98421E-05 9.98421E-05 0.0127716 0.0353128 0.0715513 9.98421E-05 0.226493 9.98421E-05 0.518336 9.98421E-05 0.133739 9.98421E-05 9.98421E-05 9.98421E-05 9.98421E-05 9.98421E-05
9.98335E-05 9.98335E-05 9.98335E-05 9.98335E-05 9.98335E-05 0.0160504 0.0197636 9.98335E-05 0.12678 9.98335E-05 9.98335E-05 0.761192 9.98335E-05 9.98335E-05 9.98335E-05 9.98335E-05 9.98335E-05 9.98335E-05 9.98335E-05 9.98335E-05 0.0743167 9.98335E-05 9.98335E-05 9.98335E-05
0.114796 9.98423E-05 0.0267293 9.98423E-05 9.98423E-05 0.0888381 0.0373884 9.98423E-05 9.98423E-05 9.98423E-05 9.98423E-05 9.98423E-05 9.98423E-05 9.98423E-05 9.98423E-05 9.98423E-05 0.724028 9.98423E-05 9.98423E-05 9.98423E-05 0.00642349 9.98423E-05 9.98423E-05 9.98423E-05
9.98246E-05 9.98246E-05 9.98246E-05 9.98246E-05 9.98246E-05 0.156445 0.0791877 9.98246E-05 9.98246E-05 9.98246E-05 9.98246E-05 0.308273 9.98246E-05 9.98246E-05 9.98246E-05 9.98246E-05 0.454098 9.98246E-05 9.98246E-05 9.98246E-05 9.98246E-05 9.98246E-05 9.98246E-05 9.98246E-05
9.98333E-05 9.98333E-05 9.98333E-05 0.0506936 0.00308325 9.98333E-05 9.98333E-05 0.00116744 9.98333E-05 9.98333E-05 9.98333E-05 9.98333E-05 9.98333E-05 9.98333E-05 9.98333E-05 9.98333E-05 0.808 9.98333E-05 9.98333E-05 9.98333E-05 9.98333E-05 9.98333E-05 9.98333E-05 0.135159
9.98332E-05 0.037587 9.98332E-05 9.98332E-05 0.0484325 9.98332E-05 9.98332E-05 9.98332E-05 9.98332E-05 9.98332E-05 9.98332E-05 9.98332E-05 9.98332E-05 9.98332E-05 0.0383627 9.98332E-05 0.757773 9.98332E-05 9.98332E-05 9.98332E-05 0.115948 9.98332E-05 9.98332E-05 9.98332E-05
9.98422E-05 9.98422E-05 9.98422E-05 9.98422E-05 9.98422E-05 9.98422E-05 0.0159808 0.0355334 9.98422E-05 9.98422E-05 0.0621844 0.771041 9.98422E-05 9.98422E-05 0.0140865 9.98422E-05 9.98422E-05 9.98422E-05 0.0993766 9.98422E-05 9.98422E-05 9.98422E-05 9.98422E-05 9.98422E-05
9.98333E-05 9.98333E-05 0.00854652 9.98333E-05 9.98333E-05 9.98333E-05 9.98333E-05 9.98333E-05 9.98333E-05 0.0405695 9.98333E-05 0.867956 9.98333E-05 0.0662707 9.98333E-05 9.98333E-05 9.98333E-05 9.98333E-05 0.0147604 9.98333E-05 9.98333E-05 9.98333E-05 9.98333E-05 9.98333E-05
9.9842E-05 9.9842E-05 9.9842E-05 9.9842E-05 9.9842E-05 9.9842E-05 0.132893 0.0505608 0.104228 9.9842E-05 9.9842E-05 9.9842E-05 9.9842E-05 9.9842E-05 9.9842E-05 9.9842E-05 9.9842E-05 0.0331564 9.9842E-05 0.621138 0.0562275 9.9842E-05 9.9842E-05 9.9842E-05
0.0020263 9.98159E-05 9.98159E-05 9.98159E-05 9.98159E-05 9.98159E-05 9.98159E-05 9.98159E-05 9.98159E-05 9.98159E-05 9.98159E-05 9.98159E-05 9.98159E-05 9.98159E-05 9.98159E-05 9.98159E-05 9.98159E-05 9.98159E-05 0.0110916 0.984786 9.98159E-05 9.98159E-05 9.98159E-05 9.98159E-05
9.98158E-05 9.98158E-05 0.0117823 9.98158E-05 9.98158E-05 9.98158E-05 9.98158E-05 9.98158E-05 9.98158E-05 9.98158E-05 9.98158E-05 9.98158E-05 9.98158E-05 9.98158E-05 9.98158E-05 9.98158E-05 9.98158E-05 9.98158E-05 9.98158E-05 0.924242 0.0618792 9.98158E-05 9.98158E-05 9.98158E-05
9.98597E-05 0.290252 0.0521524 9.98597E-05 9.98597E-05 9.98597E-05 0.0212303 9.98597E-05 0.148724 9.98597E-05 9.98597E-05 9.98597E-05 9.98597E-05 9.98597E-05 9.98597E-05 9.98597E-05 9.98597E-05 0.123764 9.98597E-05 0.323882 0.00656745 9.98597E-05 9.98597E-05 0.0318294
9.9868E-05 9.9868E-05 0.040222 0.0467977 0.0295693 9.9868E-05 0.0925468 9.9868E-05 9.9868E-05 9.9868E-05 9.9868E-05 9.9868E-05 9.9868E-05 0.00966109 0.0647609 9.9868E-05 9.9868E-05 0.0541728 9.9868E-05 0.593407 0.0673641 9.9868E-05 9.9868E-05 9.9868E-05
9.98417E-05 9.98417E-05 9.98417E-05 9.98417E-05 9.98417E-05 9.98417E-05 0.175058 9.98417E-05 0.0333357 0.0152927 9.98417E-05 9.98417E-05 9.98417E-05 9.98417E-05 0.074551 9.98417E-05 9.98417E-05 0.0310223 9.98417E-05 0.668943 9.98417E-05 9.98417E-05 9.98417E-05 9.98417E-05
9.98507E-05 0.253695 9.98507E-05 9.98507E-05 9.98507E-05 9.98507E-05 0.100972 0.128873 9.98507E-05 9.98507E-05 9.98507E-05 9.98507E-05 9.98507E-05 9.98507E-05 9.98507E-05 9.98507E-05 9.98507E-05 0.00732897 0.0826265 0.413664 9.98507E-05 0.0111423 9.98507E-05 9.98507E-05
9.98418E-05 0.0260706 9.98418E-05 9.98418E-05 9.98418E-05 9.98418E-05 0.118291 9.98418E-05 9.98418E-05 9.98418E-05 9.98418E-05 9.98418E-05 9.98418E-05 9.98418E-05 9.98418E-05 9.98418E-05 9.98418E-05 0.100025 9.98418E-05 0.466686 0.185196 9.98418E-05 9.98418E-05 0.101934
9.98246E-05 0.0115833 9.98246E-05 9.98246E-05 9.98246E-05 9.98246E-05 9.98246E-05 9.98246E-05 9.98246E-05 9.98246E-05 9.98246E-05 9.98246E-05 0.0196466 9.98246E-05 9.98246E-05 9.98246E-05 9.98246E-05 9.98246E-05 9.98246E-05 0.936953 0.0298208 9.98246E-05 9.98246E-05 9.98246E-05
9.98156E-05 9.98156E-05 9.98156E-05 9.98156E-05 9.98156E-05 9.98156E-05 9.98156E-05 0.0344143 9.98156E-05 9.98156E-05 9.98156E-05 9.98156E-05 9.98156E-05 9.98156E-05 9.98156E-05 9.98156E-05 9.98156E-05 9.98156E-05 0.0358211 0.927669 9.98156E-05 9.98156E-05 9.98156E-05 9.98156E-05
9.98417E-05 9.98417E-05 9.98417E-05 0.0143018 0.0456706 9.98417E-05 0.201498 0.178461 9.98417E-05 9.98417E-05 9.98417E-05 9.98417E-05 9.98417E-05 9.98417E-05 9.98417E-05 9.98417E-05 9.98417E-05 0.0636907 9.98417E-05 0.494581 9.98417E-05 9.98417E-05 9.98417E-05 9.98417E-05
0.00192398 0.0567758 0.0204748 9.98858E-05 0.0292393 0.115251 0.070582 0.0436954 9.98858E-05 0.0517643 9.98858E-05 9.98858E-05 9.98858E-05 9.98858E-05 0.140449 9.98858E-05 9.98858E-05 9.98858E-05 0.00863062 0.459916 9.98858E-05 9.98858E-05 9.98858E-05 9.98858E-05
0.0371358 9.98508E-05 9.98508E-05 9.98508E-05 0.0145983 9.98508E-05 9.98508E-05 0.0749903 9.98508E-05 0.156247 9.98508E-05 9.98508E-05 9.98508E-05 9.98508E-05 9.98508E-05 9.98508E-05 9.98508E-05 0.156305 9.98508E-05 0.488022 9.98508E-05 9.98508E-05 9.98508E-05 0.0710036
9.98507E-05 0.106736 9.98507E-05 9.98507E-05 0.0440296 9.98507E-05 0.158301 9.98507E-05 9.98507E-05 9.98507E-05 9.98507E-05 9.98507E-05 9.98507E-05 0.0105442 0.225748 9.98507E-05 9.98507E-05 0.0286754 9.98507E-05 0.424268 9.98507E-05 9.98507E-05 9.98507E-05 9.98507E-05
0.0264065 9.98249E-05 9.98249E-05 9.98249E-05 9.98249E-05 9.98249E-05 9.98249E-05 9.98249E-05 0.00227018 9.98249E-05 9.98249E-05 9.98249E-05 9.98249E-05 9.98249E-05 9.98249E-05 9.98249E-05 9.98249E-05 9.98249E-05 9.98249E-05 0.95148 9.98249E-05 9.98249E-05 9.98249E-05 0.0178464
9.98245E-05 9.98245E-05 9.98245E-05 9.98245E-05 9.98245E-05 9.98245E-05 0.0180795 9.98245E-05 9.98245E-05 9.98245E-05 9.98245E-05 9.98245E-05 9.98245E-05 9.98245E-05 9.98245E-05 9.98245E-05 9.98245E-05 0.0388345 0.0498897 0.8912 9.98245E-05 9.98245E-05 9.98245E-05 9.98245E-05
9.98331E-05 9.98331E-05 0.0415972 9.98331E-05 0.197605 9.98331E-05 9.98331E-05 9.98331E-05 9.98331E-05 9.98331E-05 9.98331E-05 9.98331E-05 9.98331E-05 9.98331E-05 9.98331E-05 9.98331E-05 9.98331E-05 9.98331E-05 9.98331E-05 0.630947 0.0807917 9.98331E-05 9.98331E-05 0.0471618
9.98507E-05 9.98507E-05 9.98507E-05 9.98507E-05 0.0420801 9.98507E-05 9.98507E-05 0.080818 9.98507E-05 0.0772955 9.98507E-05 9.98507E-05 9.98507E-05 9.98507E-05 0.0905709 9.98507E-05 9.98507E-05 0.0412044 0.0447794 0.621554 9.98507E-05 9.98507E-05 9.98507E-05 9.98507E-05
9.98245E-05 9.98245E-05 9.98245E-05 9.98245E-05 9.98245E-05 9.98245E-05 0.0349583 0.0300443 9.98245E-05 9.98245E-05 9.98245E-05 9.98245E-05 9.98245E-05 9.98245E-05 9.98245E-05 9.98245E-05 9.98245E-05 9.98245E-05 9.98245E-05 0.8227 0.110301 9.98245E-05 9.98245E-05 9.98245E-05
0.0733847 9.98243E-05 9.98243E-05 9.98243E-05 9.98243E-05 9.98243E-05 0.247045 0.0669275 9.98243E-05 9.98243E-05 9.98243E-05 9.98243E-05 9.98243E-05 9.98243E-05 9.98243E-05 9.98243E-05 9.98243E-05 9.98243E-05 9.98243E-05 0.610646 9.98243E-05 9.98243E-05 9.98243E-05 9.98243E-05
9.98075E-05 9.98075E-05 9.98075E-05 9.98075E-05 9.98075E-05 9.98075E-05 9.98075E-05 9.98075E-05 9.98075E-05 9.98075E-05 9.98075E-05 9.98075E-05 9.98075E-05 9.98075E-05 9.98075E-05 9.98075E-05 9.98075E-05 9.98075E-05 9.98075E-05 0.908475 9.98075E-05 9.98075E-05 0.089329 9.98075E-05
9.98331E-05 0.0316206 9.98331E-05 9.98331E-05 9.98331E-05 9.98331E-05 9.98331E-05 9.98331E-05 9.98331E-05 9.98331E-05 9.98331E-05 9.98331E-05 9.98331E-05 9.98331E-05 0.254978 9.98331E-05 9.98331E-05 9.98331E-05 9.98331E-05 0.594462 0.0534515 9.98331E-05 9.98331E-05 0.0635902
9.98334E-05 9.98334E-05 9.98334E-05 0.0151567 9.98334E-05 9.98334E-05 9.98334E-05 9.98334E-05 9.98334E-05 9.98334E-05 9.98334E-05 9.98334E-05 9.98334E-05 9.98334E-05 0.0136563 9.98334E-05 9.98334E-05 9.98334E-05 9.98334E-05 0.691314 0.0140765 9.98334E-05 9.98334E-05 0.263899
9.98421E-05 9.98421E-05 9.98421E-05 9.98421E-05 0.0678392 9.98421E-05 9.98421E-05 0.0284007 9.98421E-05 9.98421E-05 9.98421E-05 9.98421E-05 0.117934 9.98421E-05 9.98421E-05 9.98421E-05 9.98421E-05 9.98421E-05 9.98421E-05 0.642813 0.0751193 9.98421E-05 9.98421E-05 0.0660965
9.98243E-05 9.98243E-05 9.98243E-05 9.98243E-05 9.98243E-05 9.98243E-05 9.98243E-05 0.0633454 9.98243E-05 0.150355 9.98243E-05 9.98243E-05 9.98243E-05 9.98243E-05 9.98243E-05 9.98243E-05 9.98243E-05 9.98243E-05 0.0152349 0.769068 9.98243E-05 9.98243E-05 9.98243E-05 9.98243E-05
9.98422E-05 0.00715312 9.98422E-05 9.98422E-05 9.98422E-05 9.98422E-05 0.0157568 9.98422E-05 9.98422E-05 9.98422E-05 9.98422E-05 9.98422E-05 9.98422E-05 9.98422E-05 9.98422E-05 9.98422E-05 0.0399624 0.0356588 9.98422E-05 0.856328 9.98422E-05 9.98422E-05 0.0433439 9.98422E-05
9.97983E-05 9.97983E-05 9.97983E-05 9.97983E-05 9.97983E-05 9.97983E-05 9.97983E-05 9.97983E-05 9.97983E-05 9.97983E-05 9.97983E-05 9.97983E-05 9.97983E-05 9.97983E-05 9.97983E-05 9.97983E-05 9.97983E-05 9.97983E-05 9.97983E-05 0.997705 9.97983E-05 9.97983E-05 9.97983E-05 9.97983E-05
9.97984E-05 9.97984E-05 9.97984E-05 9.97984E-05 9.97984E-05 9.97984E-05 9.97984E-05 9.97984E-05 9.97984E-05 9.97984E-05 9.97984E-05 9.97984E-05 9.97984E-05 9.97984E-05 9.97984E-05 9.97984E-05 9.97984E-05 9.97984E-05 9.97984E-05 0.997705 9.97984E-05 9.97984E-05 9.97984E-05 9.97984E-05
9.98159E-05 9.98159E-05 9.98159E-05 9.98159E-05 9.98159E-05 9.98159E-05 9.98159E-05 9.98159E-05 9.98159E-05 0.0115303 9.98159E-05 9.98159E-05 9.98159E-05 9.98159E-05 9.98159E-05 9.98159E-05 9.98159E-05 9.98159E-05 9.98159E-05 0.897631 0.0887426 9.98159E-05 9.98159E-05 9.98159E-05
9.98247E-05 9.98247E-05 9.98247E-05 9.98247E-05 9.98247E-05 9.98247E-05 0.0925204 9.98247E-05 9.98247E-05 9.98247E-05 9.98247E-05 9.98247E-05 9.98247E-05 9.98247E-05 9.98247E-05 9.98247E-05 9.98247E-05 0.108629 9.98247E-05 0.632449 9.98247E-05 9.98247E-05 0.164405 9.98247E-05
9.98158E-05 9.98158E-05 9.98158E-05 9.98158E-05 9.98158E-05 9.98158E-05 0.0824053 9.98158E-05 9.98158E-05 9.98158E-05 9.98158E-05 9.98158E-05 9.98158E-05 9.98158E-05 9.98158E-05 9.98158E-05 9.98158E-05 0.054162 9.98158E-05 9.98158E-05 9.98158E-05 9.98158E-05 9.98158E-05 0.861337
9.98245E-05 9.98245E-05 9.98245E-05 9.98245E-05 9.98245E-05 9.98245E-05 9.98245E-05 9.98245E-05 0.315894 9.98245E-05 9.98245E-05 9.98245E-05 9.98245E-05 9.98245E-05 9.98245E-05 9.98245E-05 9.98245E-05 0.00175286 9.98245E-05 9.98245E-05 9.98245E-05 9.98245E-05 0.560376 0.119981
9.98243E-05 9.98243E-05 9.98243E-05 9.98243E-05 9.98243E-05 9.98243E-05 0.0416934 9.98243E-05 0.658962 9.98243E-05 9.98243E-05 9.98243E-05 9.98243E-05 0.0567124 9.98243E-05 9.98243E-05 9.98243E-05 9.98243E-05 9.98243E-05 9.98243E-05 9.98243E-05 9.98243E-05 9.98243E-05 0.240635
9.98419E-05 9.98419E-05 9.98419E-05 9.98419E-05 9.98419E-05 9.98419E-05 0.168826 0.00487293 0.336069 9.98419E-05 9.98419E-05 9.98419E-05 9.98419E-05 0.0496291 9.98419E-05 9.98419E-05 9.98419E-05 9.98419E-05 9.98419E-05 9.98419E-05 0.0248003 9.98419E-05 9.98419E-05 0.414006
9.98068E-05 9.98068E-05 9.98068E-05 9.98068E-05 9.98068E-05 9.98068E-05 9.98068E-05 9.98068E-05 9.98068E-05 9.98068E-05 9.98068E-05 9.98068E-05 9.98068E-05 9.98068E-05 9.98068E-05 9.98068E-05 9.98068E-05 0.025866 9.98068E-05 9.98068E-05 9.98068E-05 9.98068E-05 9.98068E-05 0.971938
9.98509E-05 0.0243209 9.98509E-05 9.98509E-05 9.98509E-05 9.98509E-05 0.173339 9.98509E-05 9.98509E-05 9.98509E-05 0.054409 9.98509E-05 9.98509E-05 9.98509E-05 9.98509E-05 0.0359162 9.98509E-05 0.151358 9.98509E-05 9.98509E-05 0.00417135 9.98509E-05 9.98509E-05 0.554789
9.98419E-05 9.98419E-05 9.98419E-05 9.98419E-05 9.98419E-05 9.98419E-05 0.0693194 9.98419E-05 0.855701 0.00526786 9.98419E-05 9.98419E-05 9.98419E-05 9.98419E-05 9.98419E-05 9.98419E-05 9.98419E-05 0.0435567 9.98419E-05 9.98419E-05 0.007383 9.98419E-05 9.98419E-05 0.0169752
9.98157E-05 9.98157E-05 9.98157E-05 9.98157E-05 9.98157E-05 9.98157E-05 9.98157E-05 9.98157E-05 0.539643 9.98157E-05 9.98157E-05 9.98157E-05 9.98157E-05 9.98157E-05 9.98157E-05 9.98157E-05 9.98157E-05 0.191323 9.98157E-05 9.98157E-05 9.98157E-05 9.98157E-05 9.98157E-05 0.266938
9.98244E-05 0.183478 9.98244E-05 9.98244E-05 9.98244E-05 9.98244E-05 9.98244E-05 9.98244E-05 0.427152 0.0772075 9.98244E-05 9.98244E-05 9.98244E-05 9.98244E-05 9.98244E-05 9.98244E-05 9.98244E-05 0.310166 9.98244E-05 9.98244E-05 9.98244E-05 9.98244E-05 9.98244E-05 9.98244E-05
9.98331E-05 9.98331E-05 9.98331E-05 9.98331E-05 9.98331E-05 9.98331E-05 0.243637 9.98331E-05 0.580064 0.0120912 0.00567061 9.98331E-05 9.98331E-05 9.98331E-05 9.98331E-05 9.98331E-05 9.98331E-05 0.15664 9.98331E-05 9.98331E-05 9.98331E-05 9.98331E-05 9.98331E-05 9.98331E-05
9.98332E-05 0.198928 9.98332E-05 9.98332E-05 9.98332E-05 9.98332E-05 9.98332E-05 9.98332E-05 0.342241 9.98332E-05 9.98332E-05 9.98332E-05 9.98332E-05 9.98332E-05 9.98332E-05 0.310262 9.98332E-05 0.0145243 9.98332E-05 9.98332E-05 9.98332E-05 9.98332E-05 9.98332E-05 0.132148
9.98334E-05 0.093901 9.98334E-05 9.98334E-05 9.98334E-05 9.98334E-05 0.0431357 9.98334E-05 0.141182 9.98334E-05 9.98334E-05 9.98334E-05 9.98334E-05 9.98334E-05 9.98334E-05 9.98334E-05 9.98334E-05 9.98334E-05 9.98334E-05 9.98334E-05 9.98334E-05 9.98334E-05 0.0980284 0.621857
9.98159E-05 9.98159E-05 9.98159E-05 9.98159E-05 9.98159E-05 9.98159E-05 9.98159E-05 9.98159E-05 0.956843 9.98159E-05 9.98159E-05 9.98159E-05 9.98159E-05 0.00764327 9.98159E-05 9.98159E-05 9.98159E-05 0.0334179 9.98159E-05 9.98159E-05 9.98159E-05 9.98159E-05 9.98159E-05 9.98159E-05
9.98422E-05 9.98422E-05 9.98422E-05 9.98422E-05 9.98422E-05 9.98422E-05 0.217364 9.98422E-05 0.353824 9.98422E-05 9.98422E-05 9.98422E-05 0.0370072 9.98422E-05 9.98422E-05 0.105501 9.98422E-05 0.0861611 9.98422E-05 9.98422E-05 9.98422E-05 9.98422E-05 9.98422E-05 0.198345
0.00701072 9.98773E-05 9.98773E-05 0.0110403 0.000139104 0.0439044 9.98773E-05 0.0358019 0.281022 9.98773E-05 9.98773E-05 9.98773E-05 9.98773E-05 9.98773E-05 9.98773E-05 9.98773E-05 9.98773E-05 0.0312504 9.98773E-05 9.98773E-05 0.0720867 9.98773E-05 0.0129255 0.503421
9.98334E-05 0.0850502 9.98334E-05 9.98334E-05 9.98334E-05 9.98334E-05 0.102885 9.98334E-05 9.98334E-05 9.98334E-05 0.0952099 9.98334E-05 9.98334E-05 9.98334E-05 9.98334E-05 9.98334E-05 9.98334E-05 9.98334E-05 9.98334E-05 9.98334E-05 9.98334E-05 9.98334E-05 0.0580179 0.65694
9.9842E-05 0.238687 9.9842E-05 0.0661828 9.9842E-05 9.9842E-05 0.139267 9.9842E-05 0.11491 9.9842E-05 9.9842E-05 9.9842E-05 9.9842E-05 9.9842E-05 9.9842E-05 0.0279131 9.9842E-05 9.9842E-05 9.9842E-05 9.9842E-05 9.9842E-05 9.9842E-05 9.9842E-05 0.411243
9.98248E-05 9.98248E-05 9.98248E-05 9.98248E-05 9.98248E-05 9.98248E-05 9.98248E-05 9.98248E-05 0.309838 9.98248E-05 0.159347 9.98248E-05 9.98248E-05 9.98248E-05 9.98248E-05 9.98248E-05 9.98248E-05 0.0733664 9.98248E-05 9.98248E-05 9.98248E-05 9.98248E-05 9.98248E-05 0.455451
9.98335E-05 9.98335E-05 9.98335E-05 0.00263247 9.98335E-05 0.0129747 9.98335E-05 9.98335E-05 9.98335E-05 9.98335E-05 9.98335E-05 9.98335E-05 9.98335E-05 9.98335E-05 9.98335E-05 0.0647599 9.98335E-05 9.98335E-05 0.016387 9.98335E-05 9.98335E-05 9.98335E-05 9.98335E-05 0.901349
9.98596E-05 9.98596E-05 9.98596E-05 0.0133498 9.98596E-05 9.98596E-05 0.0472788 9.98596E-05 9.98596E-05 9.98596E-05 0.0496612 9.98596E-05 0.00327253 9.98596E-05 9.98596E-05 9.98596E-05 9.98596E-05 0.0847801 9.98596E-05 0.00402172 9.98596E-05 9.98596E-05 0.349043 0.446995
9.98508E-05 0.0146987 9.98508E-05 9.98508E-05 0.0108735 9.98508E-05 0.0567425 9.98508E-05 9.98508E-05 9.98508E-05 0.119516 9.98508E-05 9.98508E-05 9.98508E-05 9.98508E-05 0.133493 9.98508E-05 0.0036591 9.98508E-05 9.98508E-05 9.98508E-05 9.98508E-05 9.98508E-05 0.65932
9.98246E-05 9.98246E-05 9.98246E-05 9.98246E-05 9.98246E-05 9.98246E-05 0.100101 9.98246E-05 9.98246E-05 9.98246E-05 9.98246E-05 9.98246E-05 9.98246E-05 9.98246E-05 9.98246E-05 9.98246E-05 9.98246E-05 0.0741156 0.0100432 9.98246E-05 9.98246E-05 9.98246E-05 9.98246E-05 0.813743
9.98508E-05 0.00760737 9.98508E-05 0.0144235 0.0557199 9.98508E-05 0.170674 9.98508E-05 9.98508E-05 9.98508E-05 9.98508E-05 9.98508E-05 9.98508E-05 9.98508E-05 9.98508E-05 9.98508E-05 9.98508E-05 0.172517 9.98508E-05 9.98508E-05 9.98508E-05 0.0360029 9.98508E-05 0.541358
9.98333E-05 9.98333E-05 9.98333E-05 9.98333E-05 9.98333E-05 0.0249373 9.98333E-05 9.98333E-05 0.282926 9.98333E-05 9.98333E-05 9.98333E-05 9.98333E-05 9.98333E-05 9.98333E-05 0.122991 9.98333E-05 0.107787 9.98333E-05 9.98333E-05 9.98333E-05 9.98333E-05 9.98333E-05 0.459463
9.98508E-05 0.0333605 9.98508E-05 9.98508E-05 0.0224747 9.98508E-05 0.18712 9.98508E-05 9.98508E-05 9.98508E-05 9.98508E-05 9.98508E-05 9.98508E-05 9.98508E-05 9.98508E-05 9.98508E-05 9.98508E-05 0.1736 0.00982951 9.98508E-05 9.98508E-05 0.129639 9.98508E-05 0.442278
9.98334E-05 0.116042 9.98334E-05 9.98334E-05 9.98334E-05 9.98334E-05 0.041023 9.98334E-05 0.700563 9.98334E-05 9.98334E-05 9.98334E-05 9.98334E-05 9.98334E-05 9.98334E-05 0.0472918 9.98334E-05 0.0931832 9.98334E-05 9.98334E-05 9.98334E-05 9.98334E-05 9.98334E-05 9.98334E-05
9.98246E-05 9.98246E-05 0.0154191 9.98246E-05 9.98246E-05 9.98246E-05 9.98246E-05 9.98246E-05 9.98246E-05 9.98246E-05 9.98246E-05 9.98246E-05 0.0524935 9.98246E-05 9.98246E-05 9.98246E-05 9.98246E-05 9.98246E-05 9.98246E-05 9.98246E-05 9.98246E-05 9.98246E-05 0.689968 0.240123
9.98417E-05 9.98417E-05 9.98417E-05 9.98417E-05 0.0330763 9.98417E-05 0.0632514 9.98417E-05 0.296652 9.98417E-05 9.98417E-05 9.98417E-05 9.98417E-05 9.98417E-05 9.98417E-05 9.98417E-05 9.98417E-05 0.00252372 0.0119754 9.98417E-05 9.98417E-05 9.98417E-05 9.98417E-05 0.590724
9.98336E-05 0.034948 9.98336E-05 9.98336E-05 9.98336E-05 9.98336E-05 0.133289 9.98336E-05 0.250746 9.98336E-05 9.98336E-05 9.98336E-05 9.98336E-05 9.98336E-05 9.98336E-05 9.98336E-05 9.98336E-05 0.182707 9.98336E-05 9.98336E-05 9.98336E-05 9.98336E-05 9.98336E-05 0.396413
9.98335E-05 9.98335E-05 9.98335E-05 9.98335E-05 9.98335E-05 9.98335E-05 0.0909548 0.0298496 9.98335E-05 9.98335E-05 9.98335E-05 9.98335E-05 9.98335E-05 0.037262 9.98335E-05 0.080001 9.98335E-05 9.98335E-05 9.98335E-05 9.98335E-05 9.98335E-05 9.98335E-05 9.98335E-05 0.760036
9.98334E-05 9.98334E-05 9.98334E-05 9.98334E-05 9.98334E-05 9.98334E-05 0.189108 0.0185632 0.655474 9.98334E-05 9.98334E-05 9.98334E-05 9.98334E-05 9.98334E-05 9.98334E-05 9.98334E-05 9.98334E-05 0.0484682 9.98334E-05 9.98334E-05 9.98334E-05 9.98334E-05 9.98334E-05 0.0864893
0.0817867 9.98332E-05 9.98332E-05 9.98332E-05 9.98332E-05 9.98332E-05 9.98332E-05 0.0186248 0.569603 9.98332E-05 9.98332E-05 9.98332E-05 9.98332E-05 9.98332E-05 9.98332E-05 9.98332E-05 9.98332E-05 9.98332E-05 0.021583 9.98332E-05 9.98332E-05 9.98332E-05 9.98332E-05 0.306506
9.98683E-05 9.98683E-05 9.98683E-05 0.111269 9.98683E-05 9.98683E-05 0.151852 0.0121088 0.0577861 9.98683E-05 9.98683E-05 9.98683E-05 0.00767193 0.0824546 9.98683E-05 9.98683E-05 9.98683E-05 0.247191 9.98683E-05 9.98683E-05 0.0279421 9.98683E-05 9.98683E-05 0.300227
9.98242E-05 9.98242E-05 9.98242E-05 0.0355752 9.98242E-05 9.98242E-05 9.98242E-05 9.98242E-05 0.351384 9.98242E-05 9.98242E-05 9.98242E-05 9.98242E-05 9.98242E-05 0.111353 9.98242E-05 9.98242E-05 9.98242E-05 9.98242E-05 9.98242E-05 9.98242E-05 9.98242E-05 9.98242E-05 0.499692
9.98244E-05 9.98244E-05 9.98244E-05 9.98244E-05 9.98244E-05 9.98244E-05 9.98244E-05 9.98244E-05 0.692517 9.98244E-05 9.98244E-05 9.98244E-05 9.98244E-05 9.98244E-05 9.98244E-05 9.98244E-05 9.98244E-05 0.0107274 0.0248124 9.98244E-05 9.98244E-05 9.98244E-05 9.98244E-05 0.269946
9.98421E-05 9.98421E-05 9.98421E-05 9.98421E-05 9.98421E-05 9.98421E-05 9.98421E-05 9.98421E-05 0.264614 9.98421E-05 0.0918701 9.98421E-05 9.98421E-05 9.98421E-05 9.98421E-05 0.0614903 9.98421E-05 0.0313805 9.98421E-05 9.98421E-05 9.98421E-05 9.98421E-05 0.0711415 0.477706
9.98331E-05 9.98331E-05 9.98331E-05 9.98331E-05 9.98331E-05 9.98331E-05 0.202397 9.98331E-05 0.0156184 0.0532036 9.98331E-05 9.98331E-05 9.98331E-05 9.98331E-05 9.98331E-05 9.98331E-05 9.98331E-05 0.0928349 9.98331E-05 9.98331E-05 9.98331E-05 9.98331E-05 9.98331E-05 0.634049
9.98158E-05 9.98158E-05 9.98158E-05 9.98158E-05 9.98158E-05 9.98158E-05 9.98158E-05 9.98158E-05 9.98158E-05 9.98158E-05 9.98158E-05 9.98158E-05 9.98158E-05 9.98158E-05 9.98158E-05 0.708095 9.98158E-05 0.0696396 9.98158E-05 9.98158E-05 9.98158E-05 9.98158E-05 9.98158E-05 0.220169
9.98423E-05 9.98423E-05 9.98423E-05 9.98423E-05 9.98423E-05 9.98423E-05 0.0841412 9.98423E-05 0.188727 9.98423E-05 9.98423E-05 9.98423E-05 9.98423E-05 9.98423E-05 9.98423E-05 0.143452 9.98423E-05 0.00253194 9.98423E-05 9.98423E-05 9.98423E-05 9.98423E-05 0.0101759 0.569174
9.98247E-05 9.98247E-05 9.98247E-05 9.98247E-05 9.98247E-05 9.98247E-05 9.98247E-05 9.98247E-05 0.637979 9.98247E-05 9.98247E-05 9.98247E-05 9.98247E-05 0.0943686 9.98247E-05 0.248507 9.98247E-05 9.98247E-05 0.0171483 9.98247E-05 9.98247E-05 9.98247E-05 9.98247E-05 9.98247E-05
9.98246E-05 9.98246E-05 9.98246E-05 0.0469881 9.98246E-05 9.98246E-05 9.98246E-05 9.98246E-05 0.22496 9.98246E-05 9.98246E-05 9.98246E-05 9.98246E-05 9.98246E-05 9.98246E-05 0.566391 9.98246E-05 9.98246E-05 9.98246E-05 9.98246E-05 9.98246E-05 9.98246E-05 9.98246E-05 0.159665
9.9842E-05 0.0922019 9.9842E-05 9.9842E-05 9.9842E-05 9.9842E-05 0.239603 0.0334142 0.123623 9.9842E-05 9.9842E-05 9.9842E-05 9.9842E-05 9.9842E-05 9.9842E-05 9.9842E-05 9.9842E-05 0.033693 9.9842E-05 9.9842E-05 9.9842E-05 9.9842E-05 9.9842E-05 0.475668
9.98332E-05 9.98332E-05 9.98332E-05 9.98332E-05 9.98332E-05 0.0809067 9.98332E-05 9.98332E-05 0.052243 9.98332E-05 9.98332E-05 9.98332E-05 9.98332E-05 9.98332E-05 9.98332E-05 0.0224623 9.98332E-05 0.0971522 9.98332E-05 9.98332E-05 9.98332E-05 9.98332E-05 9.98332E-05 0.745339
9.98333E-05 9.98333E-05 9.98333E-05 0.0828315 9.98333E-05 9.98333E-05 0.0378834 9.98333E-05 9.98333E-05 9.98333E-05 9.98333E-05 9.98333E-05 9.98333E-05 9.98333E-05 9.98333E-05 9.98333E-05 9.98333E-05 0.0699073 9.98333E-05 9.98333E-05 9.98333E-05 9.98333E-05 0.765078 0.0424028
9.98071E-05 9.98071E-05 9.98071E-05 9.98071E-05 9.98071E-05 9.98071E-05 9.98071E-05 9.98071E-05 0.605647 9.98071E-05 9.98071E-05 9.98071E-05 9.98071E-05 9.98071E-05 9.98071E-05 9.98071E-05 9.98071E-05 9.98071E-05 9.98071E-05 9.98071E-05 9.98071E-05 9.98071E-05 0.392157 9.98071E-05
9.98507E-05 0.175047 9.98507E-05 0.103631 9.98507E-05 9.98507E-05 9.98507E-05 9.98507E-05 0.194586 9.98507E-05 9.98507E-05 9.98507E-05 9.98507E-05 9.98507E-05 0.00517104 9.98507E-05 9.98507E-05 0.149053 9.98507E-05 9.98507E-05 0.00759272 9.98507E-05 9.98507E-05 0.363222
9.98335E-05 9.98335E-05 9.98335E-05 9.98335E-05 9.98335E-05 9.98335E-05 9.98335E-05 9.98335E-05 0.69442 0.0261795 9.98335E-05 9.98335E-05 9.98335E-05 9.98335E-05 9.98335E-05 9.98335E-05 9.98335E-05 0.13627 9.98335E-05 0.128717 9.98335E-05 9.98335E-05 0.0125178 9.98335E-05
9.98686E-05 0.0315344 9.98686E-05 9.98686E-05 9.98686E-05 9.98686E-05 0.0430444 9.98686E-05 0.531729 0.058438 9.98686E-05 9.98686E-05 0.167363 0.00204697 9.98686E-05 0.0255409 9.98686E-05 0.134244 9.98686E-05 9.98686E-05 9.98686E-05 9.98686E-05 9.98686E-05 0.00456156
9.98335E-05 9.98335E-05 0.000777742 9.98335E-05 9.98335E-05 9.98335E-05 0.213322 9.98335E-05 9.98335E-05 9.98335E-05 9.98335E-05 9.98335E-05 9.98335E-05 9.98335E-05 0.0775396 9.98335E-05 9.98335E-05 0.237744 9.98335E-05 9.98335E-05 9.98335E-05 9.98335E-05 9.98335E-05 0.46872
9.98246E-05 9.98246E-05 9.98246E-05 9.98246E-05 9.98246E-05 9.98246E-05 9.98246E-05 9.98246E-05 0.405876 9.98246E-05 9.98246E-05 9.98246E-05 0.0137571 9.98246E-05 9.98246E-05 0.51958 9.98246E-05 9.98246E-05 9.98246E-05 9.98246E-05 9.98246E-05 9.98246E-05 9.98246E-05 0.0587904
9.98332E-05 9.98332E-05 0.00481124 9.98332E-05 9.98332E-05 9.98332E-05 0.125314 9.98332E-05 0.193406 9.98332E-05 9.98332E-05 9.98332E-05 9.98332E-05 9.98332E-05 9.98332E-05 9.98332E-05 9.98332E-05 9.98332E-05 0.134596 9.98332E-05 9.98332E-05 9.98332E-05 9.98332E-05 0.539976
9.98246E-05 9.98246E-05 9.98246E-05 9.98246E-05 9.98246E-05 9.98246E-05 9.98246E-05 9.98246E-05 9.98246E-05 9.98246E-05 9.98246E-05 9.98246E-05 9.98246E-05 0.043086 9.98246E-05 9.98246E-05 9.98246E-05 0.057095 9.98246E-05 9.98246E-05 9.98246E-05 9.98246E-05 0.655831 0.241992
9.98334E-05 9.98334E-05 9.98334E-05 9.98334E-05 9.98334E-05 9.98334E-05 0.105216 0.00285049 9.98334E-05 9.98334E-05 9.98334E-05 9.98334E-05 9.98334E-05 9.98334E-05 9.98334E-05 0.171723 9.98334E-05 0.0672239 9.98334E-05 9.98334E-05 9.98334E-05 9.98334E-05 9.98334E-05 0.651089
0.0680123 9.98334E-05 9.98334E-05 9.98334E-05 9.98334E-05 9.98334E-05 9.98334E-05 9.98334E-05 0.0126615 9.98334E-05 0.0232259 9.98334E-05 9.98334E-05 9.98334E-05 9.98334E-05 9.98334E-05 9.98334E-05 0.0794839 9.98334E-05 9.98334E-05 9.98334E-05 9.98334E-05 9.98334E-05 0.81472
9.98331E-05 9.98331E-05 9.98331E-05 9.98331E-05 9.98331E-05 9.98331E-05 9.98331E-05 0.0157027 0.457584 9.98331E-05 9.98331E-05 9.98331E-05 9.98331E-05 9.98331E-05 9.98331E-05 9.98331E-05 9.98331E-05 9.98331E-05 0.0932894 9.98331E-05 0.00195589 9.98331E-05 9.98331E-05 0.429571
9.98332E-05 0.134593 9.98332E-05 9.98332E-05 9.98332E-05 9.98332E-05 0.11816 9.98332E-05 0.0318165 9.98332E-05 9.98332E-05 9.98332E-05 9.98332E-05 9.98332E-05 9.98332E-05 9.98332E-05 9.98332E-05 0.173172 9.98332E-05 9.98332E-05 9.98332E-05 9.98332E-05 9.98332E-05 0.540362
9.98244E-05 9.98244E-05 9.98244E-05 9.98244E-05 9.98244E-05 9.98244E-05 0.0706324 9.98244E-05 0.289924 9.98244E-05 9.98244E-05 9.98244E-05 9.98244E-05 9.98244E-05 9.98244E-05 9.98244E-05 9.98244E-05 0.132612 9.98244E-05 9.98244E-05 9.98244E-05 9.98244E-05 9.98244E-05 0.504835
