0.173362 9.98508E-05 9.98508E-05 0.438749 9.98508E-05 9.98508E-05 0.104596 9.98508E-05 9.98508E-05 0.0210735 0.00988037 9.98508E-05 0.0328076 9.98508E-05 9.98508E-05 9.98508E-05 9.98508E-05 9.98508E-05 9.98508E-05 9.98508E-05 0.0446435 9.98508E-05 9.98508E-05 0.150408 9.98508E-05 0.0227814
0.0956211 9.98247E-05 9.98247E-05 0.232255 9.98247E-05 9.98247E-05 0.0193072 9.98247E-05 9.98247E-05 9.98247E-05 0.0490014 9.98247E-05 9.98247E-05 9.98247E-05 9.98247E-05 9.98247E-05 0.00889388 9.98247E-05 9.98247E-05 9.98247E-05 9.98247E-05 9.98247E-05 9.98247E-05 9.98247E-05 9.98247E-05 0.592925
9.97808E-05 9.97808E-05 9.97808E-05 9.97808E-05 9.97808E-05 9.97808E-05 9.97808E-05 9.97808E-05 9.97808E-05 9.97808E-05 9.97808E-05 0.997505 9.97808E-05 9.97808E-05 9.97808E-05 9.97808E-05 9.97808E-05 9.97808E-05 9.97808E-05 9.97808E-05 9.97808E-05 9.97808E-05 9.97808E-05 9.97808E-05 9.97808E-05 9.97808E-05
9.98332E-05 9.98332E-05 9.98332E-05 9.98332E-05 0.0489991 9.98332E-05 0.0898068 0.233884 9.98332E-05 9.98332E-05 9.98332E-05 9.98332E-05 9.98332E-05 9.98332E-05 9.98332E-05 9.98332E-05 9.98332E-05 9.98332E-05 0.0691255 9.98332E-05 9.98332E-05 0.0281447 0.448108 0.080036 9.98332E-05 9.98332E-05
9.97983E-05 9.97983E-05 0.0550569 9.97983E-05 9.97983E-05 9.97983E-05 9.97983E-05 9.97983E-05 9.97983E-05 9.97983E-05 9.97983E-05 9.97983E-05 9.97983E-05 9.97983E-05 9.97983E-05 9.97983E-05 0.0103348 9.97983E-05 9.97983E-05 9.97983E-05 9.97983E-05 9.97983E-05 9.97983E-05 9.97983E-05 9.97983E-05 0.932313
0.0303237 9.98245E-05 0.142321 9.98245E-05 9.98245E-05 9.98245E-05 9.98245E-05 9.98245E-05 9.98245E-05 9.98245E-05 0.0950336 9.98245E-05 9.98245E-05 9.98245E-05 9.98245E-05 9.98245E-05 9.98245E-05 9.98245E-05 0.174855 9.98245E-05 9.98245E-05 9.98245E-05 0.49597 9.98245E-05 0.0595 9.98245E-05
0.0701536 0.0963149 0.034109 9.98685E-05 9.98685E-05 9.98685E-05 9.98685E-05 0.111133 9.98685E-05 9.98685E-05 0.120677 9.98685E-05 0.0377749 9.98685E-05 0.00459726 9.98685E-05 9.98685E-05 9.98685E-05 9.98685E-05 9.98685E-05 0.00734227 0.120371 9.98685E-05 0.0105985 9.98685E-05 0.38543
0.065833 9.98509E-05 0.0647137 9.98509E-05 9.98509E-05 9.98509E-05 9.98509E-05 9.98509E-05 9.98509E-05 0.0758697 9.98509E-05 9.98509E-05 9.98509E-05 9.98509E-05 9.98509E-05 9.98509E-05 0.0810392 9.98509E-05 0.112566 0.0510024 9.98509E-05 9.98509E-05 0.291625 0.19602 9.98509E-05 0.0596332
9.98158E-05 9.98158E-05 9.98158E-05 9.98158E-05 9.98158E-05 9.98158E-05 9.98158E-05 9.98158E-05 9.98158E-05 9.98158E-05 9.98158E-05 0.19287 0.201061 9.98158E-05 9.98158E-05 9.98158E-05 9.98158E-05 9.98158E-05 0.215519 9.98158E-05 0.189277 9.98158E-05 0.199176 9.98158E-05 9.98158E-05 9.98158E-05
9.97894E-05 9.97894E-05 9.97894E-05 0.844258 9.97894E-05 9.97894E-05 9.97894E-05 9.97894E-05 9.97894E-05 9.97894E-05 9.97894E-05 9.97894E-05 9.97894E-05 9.97894E-05 9.97894E-05 9.97894E-05 9.97894E-05 9.97894E-05 9.97894E-05 9.97894E-05 9.97894E-05 9.97894E-05 9.97894E-05 9.97894E-05 9.97894E-05 0.153347
0.0528222 9.98421E-05 9.98421E-05 0.393989 9.98421E-05 9.98421E-05 9.98421E-05 9.98421E-05 9.98421E-05 9.98421E-05 9.98421E-05 9.98421E-05 9.98421E-05 0.00475717 9.98421E-05 9.98421E-05 9.98421E-05 9.98421E-05 9.98421E-05 9.98421E-05 0.157951 0.0726543 0.10641 0.133817 9.98421E-05 0.0758015
9.98159E-05 0.0316008 9.98159E-05 0.945703 9.98159E-05 0.00751891 9.98159E-05 9.98159E-05 9.98159E-05 9.98159E-05 9.98159E-05 9.98159E-05 9.98159E-05 9.98159E-05 9.98159E-05 9.98159E-05 0.00536695 9.98159E-05 9.98159E-05 0.00771419 9.98159E-05 9.98159E-05 9.98159E-05 9.98159E-05 9.98159E-05 9.98159E-05
9.97897E-05 9.97897E-05 9.97897E-05 9.97897E-05 9.97897E-05 9.97897E-05 9.97897E-05 9.97897E-05 9.97897E-05 9.97897E-05 9.97897E-05 9.97897E-05 9.97897E-05 9.97897E-05 9.97897E-05 9.97897E-05 9.97897E-05 9.97897E-05 9.97897E-05 9.97897E-05 0.0633021 9.97897E-05 9.97897E-05 9.97897E-05 9.97897E-05 0.934303
9.98072E-05 9.98072E-05 9.98072E-05 9.98072E-05 0.164122 9.98072E-05 9.98072E-05 9.98072E-05 9.98072E-05 9.98072E-05 9.98072E-05 9.98072E-05 9.98072E-05 9.98072E-05 9.98072E-05 9.98072E-05 9.98072E-05 9.98072E-05 9.98072E-05 9.98072E-05 0.0373873 0.0577724 9.98072E-05 9.98072E-05 9.98072E-05 0.738523
0.230585 9.98509E-05 9.98509E-05 0.1709 9.98509E-05 9.98509E-05 9.98509E-05 9.98509E-05 9.98509E-05 9.98509E-05 9.98509E-05 0.105384 9.98509E-05 9.98509E-05 0.0329228 0.0907859 9.98509E-05 0.0550488 0.123184 9.98509E-05 0.108561 9.98509E-05 9.98509E-05 9.98509E-05 0.0809306 9.98509E-05
0.136481 9.98421E-05 9.98421E-05 9.98421E-05 9.98421E-05 9.98421E-05 0.0625209 9.98421E-05 9.98421E-05 9.98421E-05 9.98421E-05 9.98421E-05 9.98421E-05 9.98421E-05 9.98421E-05 9.98421E-05 9.98421E-05 9.98421E-05 0.138536 0.131431 0.178212 9.98421E-05 0.153196 0.0579716 9.98421E-05 0.139855
9.98246E-05 9.98246E-05 9.98246E-05 0.577556 9.98246E-05 9.98246E-05 9.98246E-05 0.0418551 9.98246E-05 0.0354025 0.0296433 0.0354223 9.98246E-05 9.98246E-05 9.98246E-05 9.98246E-05 9.98246E-05 0.278125 9.98246E-05 9.98246E-05 9.98246E-05 9.98246E-05 9.98246E-05 9.98246E-05 9.98246E-05 9.98246E-05
0.145924 9.98421E-05 9.98421E-05 9.98421E-05 9.98421E-05 9.98421E-05 9.98421E-05 9.98421E-05 0.145111 9.98421E-05 9.98421E-05 9.98421E-05 9.98421E-05 0.100046 9.98421E-05 9.98421E-05 9.98421E-05 9.98421E-05 0.0280966 9.98421E-05 0.131739 9.98421E-05 0.0522708 0.191361 9.98421E-05 0.203655
9.98332E-05 9.98332E-05 0.140495 0.255182 9.98332E-05 9.98332E-05 9.98332E-05 9.98332E-05 9.98332E-05 9.98332E-05 9.98332E-05 9.98332E-05 9.98332E-05 9.98332E-05 9.98332E-05 0.0439443 9.98332E-05 9.98332E-05 0.0880525 9.98332E-05 0.117949 9.98332E-05 0.238877 0.113603 9.98332E-05 9.98332E-05
9.98071E-05 9.98071E-05 9.98071E-05 0.0631736 9.98071E-05 9.98071E-05 0.0101182 9.98071E-05 9.98071E-05 9.98071E-05 9.98071E-05 0.907464 9.98071E-05 9.98071E-05 9.98071E-05 9.98071E-05 9.98071E-05 9.98071E-05 9.98071E-05 9.98071E-05 9.98071E-05 9.98071E-05 9.98071E-05 9.98071E-05 9.98071E-05 0.0170488
9.98333E-05 9.98333E-05 9.98333E-05 9.98333E-05 9.98333E-05 9.98333E-05 9.98333E-05 0.046533 9.98333E-05 9.98333E-05 0.00826539 9.98333E-05 9.98333E-05 9.98333E-05 9.98333E-05 9.98333E-05 9.98333E-05 9.98333E-05 0.0495512 0.090572 9.98333E-05 0.0467281 0.710794 0.0456591 9.98333E-05 9.98333E-05
9.98597E-05 0.0184219 0.00179066 0.23503 0.0564476 9.98597E-05 9.98597E-05 9.98597E-05 9.98597E-05 9.98597E-05 9.98597E-05 9.98597E-05 9.98597E-05 9.98597E-05 0.0095209 0.0259291 0.16942 9.98597E-05 0.115717 9.98597E-05 9.98597E-05 9.98597E-05 0.0702456 0.29588 9.98597E-05 9.98597E-05
0.16164 9.9807E-05 9.9807E-05 9.9807E-05 9.9807E-05 9.9807E-05 9.9807E-05 9.9807E-05 9.9807E-05 9.9807E-05 9.9807E-05 0.793406 9.9807E-05 9.9807E-05 9.9807E-05 9.9807E-05 9.9807E-05 9.9807E-05 9.9807E-05 9.9807E-05 0.0358951 0.00686291 9.9807E-05 9.9807E-05 9.9807E-05 9.9807E-05
9.98247E-05 9.98247E-05 9.98247E-05 0.0136188 9.98247E-05 9.98247E-05 9.98247E-05 9.98247E-05 9.98247E-05 9.98247E-05 9.98247E-05 0.0390192 0.0830156 9.98247E-05 9.98247E-05 9.98247E-05 9.98247E-05 9.98247E-05 9.98247E-05 9.98247E-05 0.167766 9.98247E-05 9.98247E-05 0.264987 9.98247E-05 0.429597
9.98771E-05 9.98771E-05 9.98771E-05 0.0391596 0.041881 9.98771E-05 0.161489 0.0124196 9.98771E-05 9.98771E-05 9.98771E-05 0.0558878 9.98771E-05 9.98771E-05 9.98771E-05 0.0896606 9.98771E-05 9.98771E-05 0.0323047 9.98771E-05 0.245064 0.0702144 0.242164 0.00458983 0.00376761 9.98771E-05
9.98334E-05 0.0263497 9.98334E-05 0.395454 9.98334E-05 9.98334E-05 9.98334E-05 0.0526262 9.98334E-05 9.98334E-05 9.98334E-05 0.293344 9.98334E-05 9.98334E-05 9.98334E-05 9.98334E-05 9.98334E-05 9.98334E-05 9.98334E-05 9.98334E-05 0.0602082 9.98334E-05 9.98334E-05 0.0728714 9.98334E-05 0.0972497
9.98332E-05 9.98332E-05 9.98332E-05 9.98332E-05 9.98332E-05 9.98332E-05 9.98332E-05 9.98332E-05 0.12323 9.98332E-05 9.98332E-05 0.0408573 9.98332E-05 9.98332E-05 0.311289 9.98332E-05 9.98332E-05 9.98332E-05 9.98332E-05 0.0318057 0.0479403 9.98332E-05 9.98332E-05 0.21308 0.229901 9.98332E-05
9.98246E-05 9.98246E-05 9.98246E-05 9.98246E-05 0.0139774 9.98246E-05 9.98246E-05 0.0429495 9.98246E-05 9.98246E-05 9.98246E-05 0.79154 9.98246E-05 9.98246E-05 9.98246E-05 9.98246E-05 9.98246E-05 9.98246E-05 9.98246E-05 9.98246E-05 0.0582887 9.98246E-05 9.98246E-05 0.0814766 9.98246E-05 0.00977149
0.0395809 9.98422E-05 9.98422E-05 0.655167 9.98422E-05 9.98422E-05 0.00773107 9.98422E-05 9.98422E-05 9.98422E-05 9.98422E-05 9.98422E-05 9.98422E-05 9.98422E-05 0.0882269 9.98422E-05 9.98422E-05 9.98422E-05 9.98422E-05 9.98422E-05 0.144018 9.98422E-05 0.0392618 0.00343696 0.0207808 9.98422E-05
9.97983E-05 0.0138192 9.97983E-05 9.97983E-05 9.97983E-05 9.97983E-05 9.97983E-05 9.97983E-05 9.97983E-05 9.97983E-05 9.97983E-05 0.865228 9.97983E-05 9.97983E-05 9.97983E-05 9.97983E-05 9.97983E-05 0.118657 9.97983E-05 9.97983E-05 9.97983E-05 9.97983E-05 9.97983E-05 9.97983E-05 9.97983E-05 9.97983E-05
0.124299 9.98334E-05 0.0100548 0.708172 9.98334E-05 9.98334E-05 9.98334E-05 9.98334E-05 9.98334E-05 9.98334E-05 9.98334E-05 0.046158 9.98334E-05 9.98334E-05 9.98334E-05 9.98334E-05 9.98334E-05 9.98334E-05 0.0238815 9.98334E-05 0.0167894 0.0687478 9.98334E-05 9.98334E-05 9.98334E-05 9.98334E-05
9.98246E-05 9.98246E-05 9.98246E-05 9.98246E-05 9.98246E-05 0.0340886 9.98246E-05 9.98246E-05 9.98246E-05 9.98246E-05 9.98246E-05 9.98246E-05 9.98246E-05 9.98246E-05 9.98246E-05 9.98246E-05 9.98246E-05 9.98246E-05 9.98246E-05 9.98246E-05 0.0695053 0.0337067 0.777657 0.0376177 0.0454283 9.98246E-05
0.0680647 9.98332E-05 9.98332E-05 9.98332E-05 9.98332E-05 9.98332E-05 9.98332E-05 9.98332E-05 9.98332E-05 9.98332E-05 9.98332E-05 9.98332E-05 9.98332E-05 9.98332E-05 9.98332E-05 9.98332E-05 9.98332E-05 9.98332E-05 9.98332E-05 0.00324856 0.122278 0.0771512 0.126117 0.0565805 9.98332E-05 0.544663
9.98246E-05 9.98246E-05 9.98246E-05 9.98246E-05 9.98246E-05 0.0187462 9.98246E-05 0.00254623 9.98246E-05 9.98246E-05 9.98246E-05 9.98246E-05 9.98246E-05 9.98246E-05 9.98246E-05 9.98246E-05 9.98246E-05 9.98246E-05 9.98246E-05 9.98246E-05 0.078161 9.98246E-05 0.738725 0.104473 0.0553518 9.98246E-05
9.97984E-05 9.97984E-05 9.97984E-05 0.906746 9.97984E-05 9.97984E-05 0.073117 9.97984E-05 9.97984E-05 9.97984E-05 0.0178416 9.97984E-05 9.97984E-05 9.97984E-05 9.97984E-05 9.97984E-05 9.97984E-05 9.97984E-05 9.97984E-05 9.97984E-05 9.97984E-05 9.97984E-05 9.97984E-05 9.97984E-05 9.97984E-05 9.97984E-05
9.98334E-05 9.98334E-05 9.98334E-05 0.478175 9.98334E-05 9.98334E-05 9.98334E-05 0.170939 9.98334E-05 9.98334E-05 0.0359234 0.0247761 9.98334E-05 0.0117628 0.0596639 9.98334E-05 9.98334E-05 9.98334E-05 9.98334E-05 9.98334E-05 9.98334E-05 9.98334E-05 9.98334E-05 9.98334E-05 9.98334E-05 0.216863
9.97897E-05 9.97897E-05 0.0370589 9.97897E-05 9.97897E-05 9.97897E-05 9.97897E-05 9.97897E-05 9.97897E-05 9.97897E-05 9.97897E-05 0.960546 9.97897E-05 9.97897E-05 9.97897E-05 9.97897E-05 9.97897E-05 9.97897E-05 9.97897E-05 9.97897E-05 9.97897E-05 9.97897E-05 9.97897E-05 9.97897E-05 9.97897E-05 9.97897E-05
9.98159E-05 9.98159E-05 9.98159E-05 9.98159E-05 9.98159E-05 9.98159E-05 0.120902 9.98159E-05 9.98159E-05 9.98159E-05 9.98159E-05 0.63177 9.98159E-05 9.98159E-05 9.98159E-05 9.98159E-05 9.98159E-05 9.98159E-05 0.152502 9.98159E-05 0.0216779 9.98159E-05 9.98159E-05 9.98159E-05 9.98159E-05 0.0710512
9.9851E-05 9.9851E-05 9.9851E-05 0.159398 9.9851E-05 0.117356 9.9851E-05 9.9851E-05 9.9851E-05 9.9851E-05 0.0334735 0.442427 9.9851E-05 9.9851E-05 9.9851E-05 9.9851E-05 0.0628395 9.9851E-05 0.000760333 9.9851E-05 0.127633 0.0159918 9.9851E-05 0.0384228 9.9851E-05 9.9851E-05
9.97894E-05 9.97894E-05 9.97894E-05 9.97894E-05 9.97894E-05 9.97894E-05 9.97894E-05 9.97894E-05 9.97894E-05 9.97894E-05 9.97894E-05 9.97894E-05 9.97894E-05 9.97894E-05 9.97894E-05 9.97894E-05 9.97894E-05 9.97894E-05 9.97894E-05 9.97894E-05 0.0895452 9.97894E-05 0.90806 9.97894E-05 9.97894E-05 9.97894E-05
9.97983E-05 9.97983E-05 9.97983E-05 0.963586 9.97983E-05 9.97983E-05 9.97983E-05 9.97983E-05 9.97983E-05 9.97983E-05 9.97983E-05 9.97983E-05 9.97983E-05 9.97983E-05 9.97983E-05 9.97983E-05 9.97983E-05 9.97983E-05 9.97983E-05 9.97983E-05 9.97983E-05 0.0257222 9.97983E-05 0.00839619 9.97983E-05 9.97983E-05
9.97984E-05 9.97984E-05 9.97984E-05 0.791883 9.97984E-05 9.97984E-05 9.97984E-05 9.97984E-05 9.97984E-05 9.97984E-05 9.97984E-05 9.97984E-05 9.97984E-05 9.97984E-05 0.117789 9.97984E-05 9.97984E-05 9.97984E-05 9.97984E-05 9.97984E-05 9.97984E-05 9.97984E-05 9.97984E-05 0.0880322 9.97984E-05 9.97984E-05
9.97808E-05 9.97808E-05 9.97808E-05 9.97808E-05 9.97808E-05 9.97808E-05 9.97808E-05 9.97808E-05 9.97808E-05 9.97808E-05 9.97808E-05 9.97808E-05 9.97808E-05 9.97808E-05 9.97808E-05 9.97808E-05 9.97808E-05 9.97808E-05 9.97808E-05 9.97808E-05 9.97808E-05 9.97808E-05 9.97808E-05 9.97808E-05 9.97808E-05 0.997505
0.116879 9.98421E-05 9.98421E-05 0.493305 9.98421E-05 9.98421E-05 0.0125466 9.98421E-05 9.98421E-05 9.98421E-05 9.98421E-05 9.98421E-05 0.0753465 9.98421E-05 9.98421E-05 9.98421E-05 9.98421E-05 9.98421E-05 0.0779392 9.98421E-05 0.140079 9.98421E-05 0.00607127 0.0760365 9.98421E-05 9.98421E-05
9.98246E-05 9.98246E-05 0.0832293 9.98246E-05 9.98246E-05 9.98246E-05 9.98246E-05 0.0159988 9.98246E-05 9.98246E-05 9.98246E-05 0.204598 9.98246E-05 9.98246E-05 9.98246E-05 9.98246E-05 9.98246E-05 9.98246E-05 9.98246E-05 9.98246E-05 0.160547 9.98246E-05 0.120606 0.413025 9.98246E-05 9.98246E-05
9.97893E-05 9.97893E-05 9.97893E-05 0.418565 9.97893E-05 9.97893E-05 9.97893E-05 9.97893E-05 9.97893E-05 9.97893E-05 9.97893E-05 9.97893E-05 9.97893E-05 9.97893E-05 9.97893E-05 9.97893E-05 9.97893E-05 9.97893E-05 9.97893E-05 9.97893E-05 9.97893E-05 9.97893E-05 0.57904 9.97893E-05 9.97893E-05 9.97893E-05
9.97894E-05 9.97894E-05 9.97894E-05 9.97894E-05 9.97894E-05 9.97894E-05 9.97894E-05 9.97894E-05 9.97894E-05 9.97894E-05 9.97894E-05 9.97894E-05 9.97894E-05 9.97894E-05 9.97894E-05 9.97894E-05 9.97894E-05 9.97894E-05 9.97894E-05 9.97894E-05 0.0148546 9.97894E-05 9.97894E-05 9.97894E-05 9.97894E-05 0.98275
9.97809E-05 9.97809E-05 9.97809E-05 0.997505 9.97809E-05 9.97809E-05 9.97809E-05 9.97809E-05 9.97809E-05 9.97809E-05 9.97809E-05 9.97809E-05 9.97809E-05 9.97809E-05 9.97809E-05 9.97809E-05 9.97809E-05 9.97809E-05 9.97809E-05 9.97809E-05 9.97809E-05 9.97809E-05 9.97809E-05 9.97809E-05 9.97809E-05 9.97809E-05
9.98069E-05 9.98069E-05 9.98069E-05 0.0954362 9.98069E-05 9.98069E-05 9.98069E-05 9.98069E-05 9.98069E-05 9.98069E-05 9.98069E-05 9.98069E-05 9.98069E-05 9.98069E-05 9.98069E-05 9.98069E-05 9.98069E-05 9.98069E-05 9.98069E-05 9.98069E-05 0.144141 9.98069E-05 0.702171 0.0560565 9.98069E-05 9.98069E-05
9.97811E-05 9.97811E-05 9.97811E-05 9.97811E-05 9.97811E-05 9.97811E-05 9.97811E-05 9.97811E-05 9.97811E-05 9.97811E-05 9.97811E-05 9.97811E-05 9.97811E-05 9.97811E-05 9.97811E-05 9.97811E-05 9.97811E-05 9.97811E-05 9.97811E-05 9.97811E-05 9.97811E-05 9.97811E-05 0.997505 9.97811E-05 9.97811E-05 9.97811E-05
0.0151565 9.9877E-05 9.9877E-05 9.9877E-05 9.9877E-05 9.9877E-05 0.0211525 0.0479749 9.9877E-05 9.9877E-05 9.9877E-05 0.120247 0.00138449 9.9877E-05 0.022864 9.9877E-05 9.9877E-05 9.9877E-05 0.00447901 9.9877E-05 0.161263 0.0730146 0.357351 9.9877E-05 0.111204 0.0625108
9.98158E-05 9.98158E-05 9.98158E-05 9.98158E-05 9.98158E-05 9.98158E-05 9.98158E-05 0.0338743 9.98158E-05 9.98158E-05 9.98158E-05 9.98158E-05 0.0490315 0.0460278 9.98158E-05 9.98158E-05 9.98158E-05 9.98158E-05 9.98158E-05 9.98158E-05 9.98158E-05 9.98158E-05 9.98158E-05 0.100636 9.98158E-05 0.768334
9.97896E-05 9.97896E-05 9.97896E-05 0.975288 9.97896E-05 9.97896E-05 9.97896E-05 9.97896E-05 0.0223171 9.97896E-05 9.97896E-05 9.97896E-05 9.97896E-05 9.97896E-05 9.97896E-05 9.97896E-05 9.97896E-05 9.97896E-05 9.97896E-05 9.97896E-05 9.97896E-05 9.97896E-05 9.97896E-05 9.97896E-05 9.97896E-05 9.97896E-05
9.97983E-05 0.0152974 9.97983E-05 9.97983E-05 9.97983E-05 9.97983E-05 9.97983E-05 9.97983E-05 9.97983E-05 9.97983E-05 9.97983E-05 9.97983E-05 9.97983E-05 9.97983E-05 9.97983E-05 9.97983E-05 9.97983E-05 9.97983E-05 9.97983E-05 0.0339199 9.97983E-05 9.97983E-05 0.948487 9.97983E-05 9.97983E-05 9.97983E-05
9.9816E-05 9.9816E-05 9.9816E-05 9.9816E-05 9.9816E-05 9.9816E-05 9.9816E-05 9.9816E-05 9.9816E-05 9.9816E-05 9.9816E-05 0.599172 0.0272903 9.9816E-05 9.9816E-05 0.117665 9.9816E-05 9.9816E-05 9.9816E-05 9.9816E-05 0.0109625 9.9816E-05 0.242814 9.9816E-05 9.9816E-05 9.9816E-05
9.98071E-05 9.98071E-05 9.98071E-05 0.344135 9.98071E-05 9.98071E-05 0.0365945 9.98071E-05 9.98071E-05 9.98071E-05 9.98071E-05 9.98071E-05 9.98071E-05 9.98071E-05 9.98071E-05 9.98071E-05 9.98071E-05 9.98071E-05 9.98071E-05 9.98071E-05 9.98071E-05 9.98071E-05 0.587979 9.98071E-05 0.0290956 9.98071E-05
9.97985E-05 9.97985E-05 0.136592 0.826917 9.97985E-05 9.97985E-05 9.97985E-05 9.97985E-05 0.0341956 9.97985E-05 9.97985E-05 9.97985E-05 9.97985E-05 9.97985E-05 9.97985E-05 9.97985E-05 9.97985E-05 9.97985E-05 9.97985E-05 9.97985E-05 9.97985E-05 9.97985E-05 9.97985E-05 9.97985E-05 9.97985E-05 9.97985E-05
9.97895E-05 9.97895E-05 9.97895E-05 9.97895E-05 9.97895E-05 9.97895E-05 9.97895E-05 0.00452525 9.97895E-05 9.97895E-05 9.97895E-05 0.99308 9.97895E-05 9.97895E-05 9.97895E-05 9.97895E-05 9.97895E-05 9.97895E-05 9.97895E-05 9.97895E-05 9.97895E-05 9.97895E-05 9.97895E-05 9.97895E-05 9.97895E-05 9.97895E-05
9.9807E-05 0.0144667 9.9807E-05 9.9807E-05 9.9807E-05 9.9807E-05 9.9807E-05 9.9807E-05 9.9807E-05 9.9807E-05 9.9807E-05 0.123018 9.9807E-05 9.9807E-05 9.9807E-05 9.9807E-05 9.9807E-05 9.9807E-05 9.9807E-05 9.9807E-05 9.9807E-05 0.00168076 9.9807E-05 9.9807E-05 9.9807E-05 0.858639
0.762496 9.98158E-05 9.98158E-05 9.98158E-05 9.98158E-05 9.98158E-05 9.98158E-05 9.98158E-05 0.0537814 9.98158E-05 9.98158E-05 9.98158E-05 9.98158E-05 9.98158E-05 9.98158E-05 0.0505373 9.98158E-05 9.98158E-05 9.98158E-05 9.98158E-05 0.0914181 0.0396711 9.98158E-05 9.98158E-05 9.98158E-05 9.98158E-05
0.997505 9.97811E-05 9.97811E-05 9.97811E-05 9.97811E-05 9.97811E-05 9.97811E-05 9.97811E-05 9.97811E-05 9.97811E-05 9.97811E-05 9.97811E-05 9.97811E-05 9.97811E-05 9.97811E-05 9.97811E-05 9.97811E-05 9.97811E-05 9.97811E-05 9.97811E-05 9.97811E-05 9.97811E-05 9.97811E-05 9.97811E-05 9.97811E-05 9.97811E-05
0.993305 9.97896E-05 9.97896E-05 9.97896E-05 9.97896E-05 9.97896E-05 9.97896E-05 9.97896E-05 0.00429997 9.97896E-05 9.97896E-05 9.97896E-05 9.97896E-05 9.97896E-05 9.97896E-05 9.97896E-05 9.97896E-05 9.97896E-05 9.97896E-05 9.97896E-05 9.97896E-05 9.97896E-05 9.97896E-05 9.97896E-05 9.97896E-05 9.97896E-05
0.322815 0.00641344 9.98246E-05 9.98246E-05 9.98246E-05 9.98246E-05 9.98246E-05 9.98246E-05 0.0332198 9.98246E-05 0.263604 9.98246E-05 9.98246E-05 9.98246E-05 9.98246E-05 9.98246E-05 9.98246E-05 9.98246E-05 0.134947 9.98246E-05 9.98246E-05 9.98246E-05 9.98246E-05 9.98246E-05 0.237004 9.98246E-05
0.751762 0.0187779 9.9833E-05 9.9833E-05 9.9833E-05 9.9833E-05 9.9833E-05 9.9833E-05 0.024094 9.9833E-05 9.9833E-05 9.9833E-05 9.9833E-05 0.0547563 9.9833E-05 9.9833E-05 9.9833E-05 9.9833E-05 0.0574428 9.9833E-05 0.00904705 9.9833E-05 9.9833E-05 0.0822229 9.9833E-05 9.9833E-05
0.826245 9.98243E-05 9.98243E-05 9.98243E-05 9.98243E-05 9.98243E-05 9.98243E-05 9.98243E-05 9.98243E-05 9.98243E-05 9.98243E-05 9.98243E-05 0.0111109 9.98243E-05 9.98243E-05 9.98243E-05 9.98243E-05 9.98243E-05 0.00629388 9.98243E-05 0.140479 9.98243E-05 9.98243E-05 0.0121807 0.00169417 9.98243E-05
0.669678 9.9798E-05 9.9798E-05 9.9798E-05 9.9798E-05 9.9798E-05 9.9798E-05 9.9798E-05 9.9798E-05 9.9798E-05 0.253013 9.9798E-05 9.9798E-05 9.9798E-05 9.9798E-05 9.9798E-05 9.9798E-05 9.9798E-05 9.9798E-05 9.9798E-05 0.0750139 9.9798E-05 9.9798E-05 9.9798E-05 9.9798E-05 9.9798E-05
0.646074 9.98243E-05 9.98243E-05 9.98243E-05 9.98243E-05 9.98243E-05 9.98243E-05 9.98243E-05 0.125574 9.98243E-05 0.071891 9.98243E-05 9.98243E-05 9.98243E-05 9.98243E-05 9.98243E-05 9.98243E-05 9.98243E-05 0.0655939 9.98243E-05 0.0400707 9.98243E-05 9.98243E-05 9.98243E-05 0.0488002 9.98243E-05
0.976087 9.97983E-05 9.97983E-05 9.97983E-05 9.97983E-05 9.97983E-05 9.97983E-05 9.97983E-05 9.97983E-05 9.97983E-05 0.0168047 9.97983E-05 9.97983E-05 9.97983E-05 0.00481274 9.97983E-05 9.97983E-05 9.97983E-05 9.97983E-05 9.97983E-05 9.97983E-05 9.97983E-05 9.97983E-05 9.97983E-05 9.97983E-05 9.97983E-05
0.990072 9.97895E-05 9.97895E-05 9.97895E-05 9.97895E-05 9.97895E-05 9.97895E-05 9.97895E-05 9.97895E-05 9.97895E-05 9.97895E-05 9.97895E-05 9.97895E-05 9.97895E-05 9.97895E-05 9.97895E-05 9.97895E-05 9.97895E-05 9.97895E-05 9.97895E-05 9.97895E-05 0.00753307 9.97895E-05 9.97895E-05 9.97895E-05 9.97895E-05
0.626876 9.98067E-05 9.98067E-05 9.98067E-05 9.98067E-05 9.98067E-05 9.98067E-05 9.98067E-05 9.98067E-05 9.98067E-05 9.98067E-05 9.98067E-05 9.98067E-05 9.98067E-05 9.98067E-05 9.98067E-05 9.98067E-05 9.98067E-05 0.0114529 9.98067E-05 0.209202 0.150273 9.98067E-05 9.98067E-05 9.98067E-05 9.98067E-05
0.565573 9.98419E-05 9.98419E-05 9.98419E-05 9.98419E-05 9.98419E-05 0.0152432 0.0374743 9.98419E-05 0.0687076 9.98419E-05 9.98419E-05 9.98419E-05 9.98419E-05 9.98419E-05 0.129838 0.0214438 9.98419E-05 9.98419E-05 9.98419E-05 9.98419E-05 0.0499449 9.98419E-05 0.109978 9.98419E-05 9.98419E-05
0.650555 9.9833E-05 9.9833E-05 9.9833E-05 9.9833E-05 9.9833E-05 9.9833E-05 9.9833E-05 9.9833E-05 0.0827854 9.9833E-05 9.9833E-05 9.9833E-05 9.9833E-05 9.9833E-05 9.9833E-05 0.0462409 9.9833E-05 0.0850249 0.0262751 9.9833E-05 0.0364825 9.9833E-05 9.9833E-05 0.0707395 9.9833E-05
0.567035 9.9833E-05 0.0415921 9.9833E-05 9.9833E-05 9.9833E-05 9.9833E-05 9.9833E-05 9.9833E-05 9.9833E-05 0.104808 9.9833E-05 9.9833E-05 9.9833E-05 9.9833E-05 9.9833E-05 0.0373913 9.9833E-05 0.00495204 9.9833E-05 0.0999956 9.9833E-05 9.9833E-05 0.142329 9.9833E-05 9.9833E-05
0.856384 9.98074E-05 9.98074E-05 9.98074E-05 9.98074E-05 9.98074E-05 9.98074E-05 9.98074E-05 9.98074E-05 9.98074E-05 9.98074E-05 9.98074E-05 9.98074E-05 9.98074E-05 0.0387142 9.98074E-05 9.98074E-05 9.98074E-05 9.98074E-05 0.0127862 9.98074E-05 9.98074E-05 9.98074E-05 9.98074E-05 0.0899202 9.98074E-05
0.932643 9.97985E-05 9.97985E-05 9.97985E-05 9.97985E-05 9.97985E-05 9.97985E-05 0.0195421 9.97985E-05 9.97985E-05 9.97985E-05 9.97985E-05 9.97985E-05 9.97985E-05 9.97985E-05 9.97985E-05 9.97985E-05 9.97985E-05 9.97985E-05 9.97985E-05 9.97985E-05 0.0455199 9.97985E-05 9.97985E-05 9.97985E-05 9.97985E-05
0.782412 0.0803086 0.134984 9.97981E-05 9.97981E-05 9.97981E-05 9.97981E-05 9.97981E-05 9.97981E-05 9.97981E-05 9.97981E-05 9.97981E-05 9.97981E-05 9.97981E-05 9.97981E-05 9.97981E-05 9.97981E-05 9.97981E-05 9.97981E-05 9.97981E-05 9.97981E-05 9.97981E-05 9.97981E-05 9.97981E-05 9.97981E-05 9.97981E-05
0.672906 9.98244E-05 0.0561001 9.98244E-05 9.98244E-05 9.98244E-05 9.98244E-05 9.98244E-05 9.98244E-05 0.05872 9.98244E-05 9.98244E-05 9.98244E-05 9.98244E-05 9.98244E-05 9.98244E-05 9.98244E-05 9.98244E-05 0.0272185 9.98244E-05 9.98244E-05 0.0771968 9.98244E-05 0.105862 9.98244E-05 9.98244E-05
0.812022 9.98158E-05 9.98158E-05 9.98158E-05 9.98158E-05 9.98158E-05 9.98158E-05 0.0619067 0.0772287 9.98158E-05 9.98158E-05 9.98158E-05 9.98158E-05 9.98158E-05 9.98158E-05 9.98158E-05 9.98158E-05 9.98158E-05 9.98158E-05 9.98158E-05 0.0249886 0.0217576 9.98158E-05 9.98158E-05 9.98158E-05 9.98158E-05
0.662837 9.98068E-05 9.98068E-05 9.98068E-05 9.98068E-05 9.98068E-05 9.98068E-05 9.98068E-05 9.98068E-05 9.98068E-05 9.98068E-05 9.98068E-05 9.98068E-05 9.98068E-05 0.099208 9.98068E-05 9.98068E-05 9.98068E-05 9.98068E-05 0.0851435 0.150616 9.98068E-05 9.98068E-05 9.98068E-05 9.98068E-05 9.98068E-05
0.911204 0.0134829 9.98075E-05 9.98075E-05 9.98075E-05 9.98075E-05 9.98075E-05 9.98075E-05 9.98075E-05 9.98075E-05 9.98075E-05 9.98075E-05 9.98075E-05 9.98075E-05 9.98075E-05 9.98075E-05 0.0283132 0.044804 9.98075E-05 9.98075E-05 9.98075E-05 9.98075E-05 9.98075E-05 9.98075E-05 9.98075E-05 9.98075E-05
0.771294 9.98157E-05 9.98157E-05 9.98157E-05 9.98157E-05 9.98157E-05 0.000962921 9.98157E-05 9.98157E-05 9.98157E-05 9.98157E-05 9.98157E-05 9.98157E-05 9.98157E-05 0.00626401 9.98157E-05 9.98157E-05 9.98157E-05 9.98157E-05 9.98157E-05 0.0207574 9.98157E-05 9.98157E-05 0.198625 9.98157E-05 9.98157E-05
0.787906 9.98072E-05 9.98072E-05 9.98072E-05 9.98072E-05 9.98072E-05 9.98072E-05 9.98072E-05 9.98072E-05 9.98072E-05 9.98072E-05 9.98072E-05 9.98072E-05 9.98072E-05 0.0529304 9.98072E-05 9.98072E-05 9.98072E-05 9.98072E-05 9.98072E-05 0.0110653 9.98072E-05 9.98072E-05 9.98072E-05 0.145903 9.98072E-05
0.744323 9.9842E-05 0.0451659 9.9842E-05 9.9842E-05 9.9842E-05 9.9842E-05 9.9842E-05 0.114388 9.9842E-05 9.9842E-05 9.9842E-05 0.00816437 9.9842E-05 9.9842E-05 9.9842E-05 9.9842E-05 9.9842E-05 0.0522282 9.9842E-05 0.00895781 0.0160054 9.9842E-05 9.9842E-05 0.00897004 9.9842E-05
0.840682 9.9798E-05 9.9798E-05 9.9798E-05 9.9798E-05 9.9798E-05 9.9798E-05 9.9798E-05 9.9798E-05 0.117926 9.9798E-05 9.9798E-05 9.9798E-05 9.9798E-05 9.9798E-05 9.9798E-05 9.9798E-05 9.9798E-05 9.9798E-05 9.9798E-05 9.9798E-05 0.0390962 9.9798E-05 9.9798E-05 9.9798E-05 9.9798E-05
0.874406 9.97898E-05 9.97898E-05 9.97898E-05 9.97898E-05 9.97898E-05 9.97898E-05 9.97898E-05 9.97898E-05 9.97898E-05 9.97898E-05 0.123199 9.97898E-05 9.97898E-05 9.97898E-05 9.97898E-05 9.97898E-05 9.97898E-05 9.97898E-05 9.97898E-05 9.97898E-05 9.97898E-05 9.97898E-05 9.97898E-05 9.97898E-05 9.97898E-05
0.986847 9.97897E-05 9.97897E-05 9.97897E-05 9.97897E-05 9.97897E-05 9.97897E-05 9.97897E-05 9.97897E-05 9.97897E-05 9.97897E-05 0.0107577 9.97897E-05 9.97897E-05 9.97897E-05 9.97897E-05 9.97897E-05 9.97897E-05 9.97897E-05 9.97897E-05 9.97897E-05 9.97897E-05 9.97897E-05 9.97897E-05 9.97897E-05 9.97897E-05
0.997505 9.9781E-05 9.9781E-05 9.9781E-05 9.9781E-05 9.9781E-05 9.9781E-05 9.9781E-05 9.9781E-05 9.9781E-05 9.9781E-05 9.9781E-05 9.9781E-05 9.9781E-05 9.9781E-05 9.9781E-05 9.9781E-05 9.9781E-05 9.9781E-05 9.9781E-05 9.9781E-05 9.9781E-05 9.9781E-05 9.9781E-05 9.9781E-05 9.9781E-05
0.917034 9.97984E-05 9.97984E-05 9.97984E-05 9.97984E-05 9.97984E-05 9.97984E-05 9.97984E-05 0.0773903 0.00328011 9.97984E-05 9.97984E-05 9.97984E-05 9.97984E-05 9.97984E-05 9.97984E-05 9.97984E-05 9.97984E-05 9.97984E-05 9.97984E-05 9.97984E-05 9.97984E-05 9.97984E-05 9.97984E-05 9.97984E-05 9.97984E-05
0.533178 9.98336E-05 9.98336E-05 9.98336E-05 9.98336E-05 9.98336E-05 0.00909665 9.98336E-05 9.98336E-05 9.98336E-05 9.98336E-05 9.98336E-05 9.98336E-05 9.98336E-05 9.98336E-05 9.98336E-05 9.98336E-05 0.262705 0.0963795 0.00395331 0.056442 9.98336E-05 9.98336E-05 9.98336E-05 9.98336E-05 0.0363486
9.97983E-05 9.97983E-05 9.97983E-05 9.97983E-05 9.97983E-05 9.97983E-05 9.97983E-05 9.97983E-05 9.97983E-05 9.97983E-05 9.97983E-05 9.97983E-05 9.97983E-05 9.97983E-05 9.97983E-05 9.97983E-05 9.97983E-05 9.97983E-05 0.0374367 9.97983E-05 0.121653 9.97983E-05 9.97983E-05 9.97983E-05 0.838615 9.97983E-05
9.97806E-05 9.97806E-05 9.97806E-05 9.97806E-05 0.997505 9.97806E-05 9.97806E-05 9.97806E-05 9.97806E-05 9.97806E-05 9.97806E-05 9.97806E-05 9.97806E-05 9.97806E-05 9.97806E-05 9.97806E-05 9.97806E-05 9.97806E-05 9.97806E-05 9.97806E-05 9.97806E-05 9.97806E-05 9.97806E-05 9.97806E-05 9.97806E-05 9.97806E-05
9.98158E-05 9.98158E-05 9.98158E-05 9.98158E-05 9.98158E-05 9.98158E-05 9.98158E-05 9.98158E-05 9.98158E-05 9.98158E-05 9.98158E-05 9.98158E-05 9.98158E-05 9.98158E-05 9.98158E-05 9.98158E-05 0.00658122 9.98158E-05 9.98158E-05 9.98158E-05 0.0404759 0.00489778 9.98158E-05 0.0618279 0.884121 9.98158E-05
9.98068E-05 9.98068E-05 9.98068E-05 9.98068E-05 9.98068E-05 9.98068E-05 9.98068E-05 9.98068E-05 0.0763258 9.98068E-05 9.98068E-05 9.98068E-05 9.98068E-05 9.98068E-05 9.98068E-05 9.98068E-05 9.98068E-05 9.98068E-05 0.00918995 9.98068E-05 0.0881893 9.98068E-05 9.98068E-05 9.98068E-05 0.824099 9.98068E-05
9.98069E-05 9.98069E-05 9.98069E-05 9.98069E-05 9.98069E-05 9.98069E-05 9.98069E-05 9.98069E-05 9.98069E-05 9.98069E-05 9.98069E-05 9.98069E-05 0.0331387 9.98069E-05 9.98069E-05 9.98069E-05 9.98069E-05 9.98069E-05 0.0849572 9.98069E-05 0.00453594 9.98069E-05 9.98069E-05 9.98069E-05 0.875172 9.98069E-05
9.98333E-05 9.98333E-05 9.98333E-05 9.98333E-05 9.98333E-05 9.98333E-05 9.98333E-05 0.0825356 9.98333E-05 9.98333E-05 0.0320714 9.98333E-05 9.98333E-05 0.0397155 9.98333E-05 9.98333E-05 9.98333E-05 0.0773172 0.140141 9.98333E-05 0.119692 9.98333E-05 9.98333E-05 9.98333E-05 0.506631 9.98333E-05
9.98333E-05 9.98333E-05 9.98333E-05 9.98333E-05 0.187398 9.98333E-05 9.98333E-05 9.98333E-05 9.98333E-05 0.00754509 9.98333E-05 9.98333E-05 9.98333E-05 9.98333E-05 9.98333E-05 9.98333E-05 9.98333E-05 9.98333E-05 0.0986145 9.98333E-05 0.0890586 0.00261185 9.98333E-05 0.0378315 0.575043 9.98333E-05
9.97894E-05 9.97894E-05 9.97894E-05 9.97894E-05 9.97894E-05 9.97894E-05 9.97894E-05 9.97894E-05 9.97894E-05 9.97894E-05 9.97894E-05 9.97894E-05 9.97894E-05 9.97894E-05 9.97894E-05 9.97894E-05 9.97894E-05 9.97894E-05 0.256624 9.97894E-05 9.97894E-05 9.97894E-05 9.97894E-05 9.97894E-05 0.740981 9.97894E-05
9.98244E-05 9.98244E-05 9.98244E-05 9.98244E-05 9.98244E-05 9.98244E-05 9.98244E-05 9.98244E-05 9.98244E-05 9.98244E-05 0.194722 9.98244E-05 9.98244E-05 9.98244E-05 0.0728354 9.98244E-05 9.98244E-05 9.98244E-05 0.319815 9.98244E-05 9.98244E-05 0.0185768 9.98244E-05 0.0295357 0.362518 9.98244E-05
9.9807E-05 9.9807E-05 9.9807E-05 9.9807E-05 0.0500974 9.9807E-05 9.9807E-05 9.9807E-05 9.9807E-05 9.9807E-05 9.9807E-05 9.9807E-05 9.9807E-05 9.9807E-05 9.9807E-05 9.9807E-05 9.9807E-05 9.9807E-05 0.248378 9.9807E-05 0.228753 9.9807E-05 9.9807E-05 9.9807E-05 0.470576 9.9807E-05
9.98335E-05 9.98335E-05 9.98335E-05 9.98335E-05 0.00484242 0.401509 9.98335E-05 9.98335E-05 9.98335E-05 9.98335E-05 0.176265 0.00460928 9.98335E-05 9.98335E-05 9.98335E-05 9.98335E-05 9.98335E-05 9.98335E-05 0.0115273 9.98335E-05 9.98335E-05 0.0272988 9.98335E-05 9.98335E-05 0.372052 9.98335E-05
9.98159E-05 9.98159E-05 9.98159E-05 9.98159E-05 9.98159E-05 0.141345 9.98159E-05 9.98159E-05 9.98159E-05 9.98159E-05 0.086826 0.0859383 9.98159E-05 0.00625385 9.98159E-05 9.98159E-05 9.98159E-05 9.98159E-05 9.98159E-05 9.98159E-05 9.98159E-05 9.98159E-05 9.98159E-05 9.98159E-05 0.677541 9.98159E-05
9.9807E-05 9.9807E-05 9.9807E-05 9.9807E-05 0.46048 9.9807E-05 9.9807E-05 9.9807E-05 0.00708972 9.9807E-05 9.9807E-05 9.9807E-05 9.9807E-05 9.9807E-05 9.9807E-05 9.9807E-05 9.9807E-05 9.9807E-05 0.110522 9.9807E-05 9.9807E-05 9.9807E-05 9.9807E-05 9.9807E-05 0.419712 9.9807E-05
9.98422E-05 0.0151651 9.98422E-05 9.98422E-05 9.98422E-05 0.112144 9.98422E-05 9.98422E-05 9.98422E-05 0.00739033 0.0927589 9.98422E-05 0.0134057 9.98422E-05 9.98422E-05 9.98422E-05 9.98422E-05 9.98422E-05 0.171822 9.98422E-05 0.206063 9.98422E-05 9.98422E-05 9.98422E-05 0.379454 9.98422E-05
9.98335E-05 9.98335E-05 9.98335E-05 9.98335E-05 0.022258 0.00688755 9.98335E-05 9.98335E-05 0.182209 9.98335E-05 9.98335E-05 9.98335E-05 9.98335E-05 9.98335E-05 9.98335E-05 9.98335E-05 9.98335E-05 0.139712 0.0504938 0.0413215 9.98335E-05 9.98335E-05 9.98335E-05 9.98335E-05 0.555222 9.98335E-05
9.98334E-05 9.98334E-05 9.98334E-05 9.98334E-05 9.98334E-05 9.98334E-05 9.98334E-05 9.98334E-05 9.98334E-05 9.98334E-05 0.0150359 9.98334E-05 9.98334E-05 0.0158841 0.149633 9.98334E-05 9.98334E-05 0.0735385 9.98334E-05 9.98334E-05 0.125788 0.0529305 9.98334E-05 9.98334E-05 0.565293 9.98334E-05
9.98158E-05 9.98158E-05 9.98158E-05 9.98158E-05 9.98158E-05 0.0900065 9.98158E-05 9.98158E-05 9.98158E-05 9.98158E-05 0.256166 9.98158E-05 9.98158E-05 0.0765259 9.98158E-05 9.98158E-05 9.98158E-05 9.98158E-05 9.98158E-05 9.98158E-05 0.0862901 9.98158E-05 9.98158E-05 9.98158E-05 0.488915 9.98158E-05
9.98335E-05 0.024442 9.98335E-05 9.98335E-05 9.98335E-05 9.98335E-05 9.98335E-05 9.98335E-05 9.98335E-05 9.98335E-05 9.98335E-05 9.98335E-05 9.98335E-05 9.98335E-05 9.98335E-05 9.98335E-05 0.0413418 0.0774964 0.108743 9.98335E-05 9.98335E-05 9.98335E-05 9.98335E-05 0.0726146 0.645184 0.0282805
9.97982E-05 9.97982E-05 9.97982E-05 9.97982E-05 9.97982E-05 0.181387 9.97982E-05 9.97982E-05 9.97982E-05 9.97982E-05 9.97982E-05 9.97982E-05 9.97982E-05 9.97982E-05 9.97982E-05 9.97982E-05 9.97982E-05 9.97982E-05 9.97982E-05 9.97982E-05 9.97982E-05 0.0145373 9.97982E-05 9.97982E-05 0.801781 9.97982E-05
9.98246E-05 9.98246E-05 9.98246E-05 9.98246E-05 9.98246E-05 9.98246E-05 9.98246E-05 9.98246E-05 9.98246E-05 9.98246E-05 9.98246E-05 9.98246E-05 9.98246E-05 9.98246E-05 0.13035 9.98246E-05 9.98246E-05 0.304957 0.0991614 9.98246E-05 0.114018 0.00108784 9.98246E-05 9.98246E-05 0.34843 9.98246E-05
9.98246E-05 9.98246E-05 0.0193639 9.98246E-05 9.98246E-05 0.0709293 9.98246E-05 9.98246E-05 9.98246E-05 9.98246E-05 0.13268 9.98246E-05 9.98246E-05 9.98246E-05 9.98246E-05 9.98246E-05 0.160245 9.98246E-05 9.98246E-05 9.98246E-05 0.0890299 9.98246E-05 9.98246E-05 9.98246E-05 0.525755 9.98246E-05
9.9807E-05 9.9807E-05 9.9807E-05 9.9807E-05 9.9807E-05 0.0115179 9.9807E-05 9.9807E-05 9.9807E-05 0.0345665 9.9807E-05 9.9807E-05 9.9807E-05 9.9807E-05 9.9807E-05 9.9807E-05 9.9807E-05 9.9807E-05 0.0195312 9.9807E-05 9.9807E-05 9.9807E-05 9.9807E-05 9.9807E-05 0.932189 9.9807E-05
9.98157E-05 9.98157E-05 9.98157E-05 9.98157E-05 9.98157E-05 9.98157E-05 9.98157E-05 9.98157E-05 9.98157E-05 9.98157E-05 0.115897 9.98157E-05 9.98157E-05 0.045491 9.98157E-05 9.98157E-05 9.98157E-05 9.98157E-05 0.146952 9.98157E-05 0.184232 9.98157E-05 9.98157E-05 9.98157E-05 0.505331 9.98157E-05
9.97981E-05 9.97981E-05 9.97981E-05 9.97981E-05 0.563428 9.97981E-05 9.97981E-05 9.97981E-05 9.97981E-05 9.97981E-05 9.97981E-05 9.97981E-05 9.97981E-05 9.97981E-05 9.97981E-05 9.97981E-05 9.97981E-05 9.97981E-05 0.122222 9.97981E-05 9.97981E-05 9.97981E-05 9.97981E-05 9.97981E-05 0.312054 9.97981E-05
9.98158E-05 9.98158E-05 9.98158E-05 9.98158E-05 9.98158E-05 9.98158E-05 9.98158E-05 9.98158E-05 9.98158E-05 9.98158E-05 0.0609987 9.98158E-05 9.98158E-05 0.0572374 9.98158E-05 9.98158E-05 9.98158E-05 9.98158E-05 0.171299 9.98158E-05 0.176489 9.98158E-05 9.98158E-05 9.98158E-05 0.531879 9.98158E-05
0.0406937 9.98596E-05 9.98596E-05 9.98596E-05 0.391169 0.0773001 9.98596E-05 9.98596E-05 9.98596E-05 0.0679337 0.109154 9.98596E-05 9.98596E-05 9.98596E-05 9.98596E-05 9.98596E-05 9.98596E-05 9.98596E-05 0.0784278 0.0371726 0.0795484 9.98596E-05 9.98596E-05 0.0323969 0.0846059 9.98596E-05
9.98071E-05 9.98071E-05 9.98071E-05 9.98071E-05 9.98071E-05 9.98071E-05 0.0344633 9.98071E-05 9.98071E-05 9.98071E-05 9.98071E-05 9.98071E-05 0.0576337 9.98071E-05 9.98071E-05 9.98071E-05 9.98071E-05 0.720619 9.98071E-05 9.98071E-05 9.98071E-05 9.98071E-05 9.98071E-05 9.98071E-05 0.185089 9.98071E-05
9.98067E-05 9.98067E-05 0.0541744 9.98067E-05 9.98067E-05 9.98067E-05 9.98067E-05 9.98067E-05 9.98067E-05 9.98067E-05 9.98067E-05 9.98067E-05 9.98067E-05 9.98067E-05 9.98067E-05 9.98067E-05 9.98067E-05 9.98067E-05 0.0747534 9.98067E-05 0.0683433 9.98067E-05 9.98067E-05 9.98067E-05 0.800533 9.98067E-05
9.98333E-05 9.98333E-05 9.98333E-05 9.98333E-05 0.0961475 9.98333E-05 9.98333E-05 9.98333E-05 9.98333E-05 9.98333E-05 0.0106261 9.98333E-05 9.98333E-05 0.00351674 9.98333E-05 9.98333E-05 9.98333E-05 9.98333E-05 0.0999195 9.98333E-05 0.205817 9.98333E-05 9.98333E-05 0.0408054 0.541271 9.98333E-05
9.98247E-05 9.98247E-05 9.98247E-05 9.98247E-05 0.0730091 9.98247E-05 9.98247E-05 9.98247E-05 9.98247E-05 9.98247E-05 9.98247E-05 9.98247E-05 9.98247E-05 0.0465243 9.98247E-05 9.98247E-05 9.98247E-05 0.0245785 9.98247E-05 9.98247E-05 0.106942 0.0182368 9.98247E-05 9.98247E-05 0.728713 9.98247E-05
9.98159E-05 9.98159E-05 9.98159E-05 9.98159E-05 0.106622 9.98159E-05 9.98159E-05 9.98159E-05 9.98159E-05 9.98159E-05 9.98159E-05 9.98159E-05 9.98159E-05 9.98159E-05 9.98159E-05 9.98159E-05 9.98159E-05 9.98159E-05 0.0636932 0.0988013 0.189828 9.98159E-05 9.98159E-05 9.98159E-05 0.538959 9.98159E-05
9.98157E-05 9.98157E-05 9.98157E-05 9.98157E-05 0.124415 9.98157E-05 9.98157E-05 9.98157E-05 9.98157E-05 9.98157E-05 9.98157E-05 9.98157E-05 9.98157E-05 0.00312001 9.98157E-05 9.98157E-05 9.98157E-05 9.98157E-05 9.98157E-05 0.0549992 0.0232026 9.98157E-05 9.98157E-05 9.98157E-05 0.792167 9.98157E-05
9.98245E-05 0.029002 9.98245E-05 9.98245E-05 9.98245E-05 9.98245E-05 9.98245E-05 9.98245E-05 9.98245E-05 9.98245E-05 9.98245E-05 9.98245E-05 9.98245E-05 0.113444 9.98245E-05 9.98245E-05 9.98245E-05 9.98245E-05 0.269836 0.00820524 0.0634522 9.98245E-05 9.98245E-05 9.98245E-05 0.514064 9.98245E-05
9.98069E-05 9.98069E-05 9.98069E-05 9.98069E-05 9.98069E-05 9.98069E-05 9.98069E-05 9.98069E-05 9.98069E-05 9.98069E-05 9.98069E-05 9.98069E-05 9.98069E-05 9.98069E-05 9.98069E-05 0.0199485 9.98069E-05 9.98069E-05 9.98069E-05 9.98069E-05 0.0157459 9.98069E-05 9.98069E-05 0.142538 0.819572 9.98069E-05
9.97982E-05 9.97982E-05 9.97982E-05 9.97982E-05 0.209349 9.97982E-05 9.97982E-05 9.97982E-05 9.97982E-05 9.97982E-05 9.97982E-05 9.97982E-05 9.97982E-05 9.97982E-05 9.97982E-05 9.97982E-05 9.97982E-05 9.97982E-05 9.97982E-05 9.97982E-05 0.0236305 9.97982E-05 9.97982E-05 9.97982E-05 0.764725 9.97982E-05
9.98244E-05 9.98244E-05 9.98244E-05 9.98244E-05 9.98244E-05 0.275366 9.98244E-05 0.0327627 9.98244E-05 9.98244E-05 9.98244E-05 9.98244E-05 9.98244E-05 9.98244E-05 0.158023 9.98244E-05 9.98244E-05 9.98244E-05 0.0401721 9.98244E-05 9.98244E-05 0.000123469 9.98244E-05 9.98244E-05 0.491556 9.98244E-05
9.98156E-05 9.98156E-05 9.98156E-05 9.98156E-05 9.98156E-05 9.98156E-05 9.98156E-05 9.98156E-05 0.000435848 0.0500071 9.98156E-05 9.98156E-05 9.98156E-05 9.98156E-05 9.98156E-05 9.98156E-05 9.98156E-05 9.98156E-05 0.0546754 9.98156E-05 0.237361 9.98156E-05 9.98156E-05 9.98156E-05 0.655424 9.98156E-05
9.98069E-05 9.98069E-05 9.98069E-05 9.98069E-05 9.98069E-05 0.178927 9.98069E-05 9.98069E-05 9.98069E-05 9.98069E-05 9.98069E-05 9.98069E-05 9.98069E-05 9.98069E-05 9.98069E-05 9.98069E-05 9.98069E-05 0.601944 0.0304039 9.98069E-05 9.98069E-05 9.98069E-05 9.98069E-05 9.98069E-05 0.186529 9.98069E-05
9.9816E-05 9.9816E-05 9.9816E-05 9.9816E-05 0.145829 0.169406 9.9816E-05 9.9816E-05 9.9816E-05 9.9816E-05 9.9816E-05 9.9816E-05 9.9816E-05 9.9816E-05 9.9816E-05 9.9816E-05 9.9816E-05 0.0484512 9.9816E-05 9.9816E-05 0.113459 9.9816E-05 9.9816E-05 9.9816E-05 0.520759 9.9816E-05
9.98069E-05 9.98069E-05 9.98069E-05 9.98069E-05 0.896669 9.98069E-05 9.98069E-05 9.98069E-05 9.98069E-05 9.98069E-05 9.98069E-05 9.98069E-05 9.98069E-05 0.0104988 9.98069E-05 9.98069E-05 0.0651477 9.98069E-05 9.98069E-05 9.98069E-05 9.98069E-05 9.98069E-05 9.98069E-05 9.98069E-05 0.0254884 9.98069E-05
9.98248E-05 9.98248E-05 9.98248E-05 9.98248E-05 9.98248E-05 0.361203 9.98248E-05 9.98248E-05 0.00249454 9.98248E-05 9.98248E-05 9.98248E-05 9.98248E-05 0.0361262 9.98248E-05 9.98248E-05 9.98248E-05 0.192742 0.0560237 9.98248E-05 9.98248E-05 9.98248E-05 9.98248E-05 9.98248E-05 0.349413 9.98248E-05
9.98157E-05 9.98157E-05 9.98157E-05 9.98157E-05 9.98157E-05 9.98157E-05 9.98157E-05 9.98157E-05 9.98157E-05 9.98157E-05 0.118544 9.98157E-05 9.98157E-05 9.98157E-05 0.00677633 9.98157E-05 9.98157E-05 9.98157E-05 0.0567664 9.98157E-05 0.317245 9.98157E-05 9.98157E-05 9.98157E-05 0.498572 9.98157E-05
9.98158E-05 9.98158E-05 9.98158E-05 9.98158E-05 0.0175616 9.98158E-05 9.98158E-05 9.98158E-05 9.98158E-05 9.98158E-05 9.98158E-05 9.98158E-05 9.98158E-05 9.98158E-05 0.0201303 0.0813649 9.98158E-05 9.98158E-05 0.138081 9.98158E-05 9.98158E-05 9.98158E-05 9.98158E-05 9.98158E-05 0.740766 9.98158E-05
9.98246E-05 9.98246E-05 9.98246E-05 9.98246E-05 9.98246E-05 0.180743 9.98246E-05 9.98246E-05 9.98246E-05 9.98246E-05 9.98246E-05 9.98246E-05 9.98246E-05 0.0216535 9.98246E-05 9.98246E-05 9.98246E-05 0.61216 0.0953935 9.98246E-05 0.0246567 9.98246E-05 9.98246E-05 9.98246E-05 0.0633973 9.98246E-05
9.98071E-05 9.98071E-05 9.98071E-05 9.98071E-05 9.98071E-05 0.109091 9.98071E-05 9.98071E-05 9.98071E-05 9.98071E-05 9.98071E-05 9.98071E-05 9.98071E-05 9.98071E-05 9.98071E-05 9.98071E-05 9.98071E-05 0.512656 9.98071E-05 9.98071E-05 0.00441638 9.98071E-05 9.98071E-05 9.98071E-05 0.371641 9.98071E-05
