9.9842E-05 9.9842E-05 9.9842E-05 9.9842E-05 9.9842E-05 0.387921 9.9842E-05 9.9842E-05 0.0648182 9.9842E-05 0.286264 9.9842E-05 9.9842E-05 0.186587 9.9842E-05 9.9842E-05 9.9842E-05 9.9842E-05 0.0726122 9.9842E-05 9.9842E-05 9.9842E-05 9.9842E-05
9.98683E-05 0.017558 0.00815934 9.98683E-05 0.0278975 0.615405 9.98683E-05 9.98683E-05 9.98683E-05 9.98683E-05 9.98683E-05 9.98683E-05 9.98683E-05 9.98683E-05 9.98683E-05 0.188108 9.98683E-05 9.98683E-05 0.118086 9.98683E-05 0.00664857 0.0166396 9.98683E-05
9.98246E-05 9.98246E-05 9.98246E-05 9.98246E-05 0.972171 0.00688543 9.98246E-05 9.98246E-05 9.98246E-05 9.98246E-05 9.98246E-05 9.98246E-05 9.98246E-05 9.98246E-05 9.98246E-05 9.98246E-05 9.98246E-05 9.98246E-05 9.98246E-05 0.0189472 9.98246E-05 9.98246E-05 9.98246E-05
0.243587 0.032555 0.0109453 9.98859E-05 0.04654 0.235625 9.98859E-05 9.98859E-05 0.1012 9.98859E-05 0.0250798 9.98859E-05 9.98859E-05 9.98859E-05 9.98859E-05 9.98859E-05 9.98859E-05 9.98859E-05 9.98859E-05 9.98859E-05 0.126825 0.0338164 0.142528
9.98335E-05 9.98335E-05 9.98335E-05 9.98335E-05 0.260435 0.578353 9.98335E-05 0.079552 9.98335E-05 9.98335E-05 9.98335E-05 9.98335E-05 9.98335E-05 9.98335E-05 9.98335E-05 9.98335E-05 9.98335E-05 9.98335E-05 9.98335E-05 0.0797625 9.98335E-05 9.98335E-05 9.98335E-05
9.98685E-05 9.98685E-05 9.98685E-05 9.98685E-05 0.193189 0.00841409 9.98685E-05 0.117975 9.98685E-05 9.98685E-05 0.289331 9.98685E-05 9.98685E-05 9.98685E-05 9.98685E-05 9.98685E-05 9.98685E-05 0.166623 0.0676583 0.0453753 9.98685E-05 9.98685E-05 0.109936
0.031137 0.0555321 0.033301 9.99035E-05 9.99035E-05 0.323864 9.99035E-05 0.0143591 0.0502545 0.058902 0.210122 9.99035E-05 9.99035E-05 0.0721947 9.99035E-05 9.99035E-05 9.99035E-05 9.99035E-05 0.0547888 0.00316079 9.99035E-05 0.0912855 9.99035E-05
9.98947E-05 9.98947E-05 9.98947E-05 9.98947E-05 9.98947E-05 0.254766 9.98947E-05 0.067108 0.160754 0.00120986 0.0789414 9.98947E-05 0.0559375 9.98947E-05 9.98947E-05 9.98947E-05 0.0891954 0.139944 9.98947E-05 0.0655391 0.080864 9.98947E-05 0.00454121
9.98508E-05 9.98508E-05 0.192477 9.98508E-05 0.170983 0.140634 9.98508E-05 9.98508E-05 9.98508E-05 9.98508E-05 0.0477169 9.98508E-05 9.98508E-05 0.224222 9.98508E-05 9.98508E-05 9.98508E-05 0.222269 9.98508E-05 9.98508E-05 9.98508E-05 9.98508E-05 9.98508E-05
9.98244E-05 9.98244E-05 0.050207 9.98244E-05 0.422984 0.524813 9.98244E-05 9.98244E-05 9.98244E-05 9.98244E-05 9.98244E-05 9.98244E-05 9.98244E-05 9.98244E-05 9.98244E-05 9.98244E-05 9.98244E-05 9.98244E-05 9.98244E-05 9.98244E-05 9.98244E-05 9.98244E-05 9.98244E-05
9.98596E-05 9.98596E-05 0.105729 9.98596E-05 9.98596E-05 0.488619 9.98596E-05 9.98596E-05 0.0287513 9.98596E-05 0.245629 9.98596E-05 9.98596E-05 9.98596E-05 9.98596E-05 9.98596E-05 0.00426149 0.031406 9.98596E-05 9.98596E-05 9.98596E-05 0.094006 9.98596E-05
9.98158E-05 9.98158E-05 9.98158E-05 9.98158E-05 0.988452 9.98158E-05 9.98158E-05 9.98158E-05 9.98158E-05 9.98158E-05 9.98158E-05 9.98158E-05 9.98158E-05 9.98158E-05 9.98158E-05 9.98158E-05 9.98158E-05 9.98158E-05 9.98158E-05 9.98158E-05 9.98158E-05 0.00945144 9.98158E-05
9.98243E-05 9.98243E-05 0.0873157 9.98243E-05 9.98243E-05 0.85979 9.98243E-05 9.98243E-05 0.0508977 9.98243E-05 9.98243E-05 9.98243E-05 9.98243E-05 9.98243E-05 9.98243E-05 9.98243E-05 9.98243E-05 9.98243E-05 9.98243E-05 9.98243E-05 9.98243E-05 9.98243E-05 9.98243E-05
9.9842E-05 9.9842E-05 0.031955 9.9842E-05 9.9842E-05 0.705735 9.9842E-05 9.9842E-05 9.9842E-05 9.9842E-05 9.9842E-05 0.139385 9.9842E-05 9.9842E-05 9.9842E-05 9.9842E-05 9.9842E-05 9.9842E-05 9.9842E-05 0.0879948 9.9842E-05 0.0331331 9.9842E-05
9.9877E-05 9.9877E-05 0.0184864 0.0522281 0.323033 9.9877E-05 9.9877E-05 9.9877E-05 0.0495583 9.9877E-05 0.356653 9.9877E-05 9.9877E-05 0.0634628 9.9877E-05 9.9877E-05 9.9877E-05 0.125228 9.9877E-05 0.0053345 9.9877E-05 9.9877E-05 0.00461806
0.0737842 9.98771E-05 0.101881 9.98771E-05 9.98771E-05 0.208946 0.0210273 9.98771E-05 0.0771535 9.98771E-05 0.173781 9.98771E-05 0.143859 9.98771E-05 9.98771E-05 9.98771E-05 0.0478854 0.150284 9.98771E-05 9.98771E-05 9.98771E-05 9.98771E-05 9.98771E-05
0.0707372 9.98772E-05 0.00405992 0.156792 0.61624 0.0490691 0.0202375 9.98772E-05 9.98772E-05 9.98772E-05 9.98772E-05 9.98772E-05 9.98772E-05 9.98772E-05 9.98772E-05 9.98772E-05 0.0132293 9.98772E-05 0.0550273 9.98772E-05 9.98772E-05 0.0132088 9.98772E-05
9.98771E-05 0.109798 9.98771E-05 9.98771E-05 9.98771E-05 0.0995734 0.0260978 9.98771E-05 0.0766173 9.98771E-05 0.494298 9.98771E-05 9.98771E-05 0.00197639 0.129116 9.98771E-05 9.98771E-05 9.98771E-05 9.98771E-05 9.98771E-05 0.0117396 9.98771E-05 0.0493857
9.98508E-05 9.98508E-05 0.218237 9.98508E-05 0.310583 0.0157421 9.98508E-05 0.188436 0.166748 9.98508E-05 9.98508E-05 9.98508E-05 9.98508E-05 9.98508E-05 9.98508E-05 9.98508E-05 9.98508E-05 0.0985574 9.98508E-05 9.98508E-05 9.98508E-05 9.98508E-05 9.98508E-05
9.98158E-05 9.98158E-05 9.98158E-05 9.98158E-05 0.419903 0.578001 9.98158E-05 9.98158E-05 9.98158E-05 9.98158E-05 9.98158E-05 9.98158E-05 9.98158E-05 9.98158E-05 9.98158E-05 9.98158E-05 9.98158E-05 9.98158E-05 9.98158E-05 9.98158E-05 9.98158E-05 9.98158E-05 9.98158E-05
9.98596E-05 0.0115605 0.0347942 9.98596E-05 9.98596E-05 0.565988 0.119766 9.98596E-05 9.98596E-05 9.98596E-05 9.98596E-05 9.98596E-05 9.98596E-05 9.98596E-05 9.98596E-05 9.98596E-05 9.98596E-05 0.0572671 9.98596E-05 9.98596E-05 0.205079 0.0039463 9.98596E-05
9.98508E-05 9.98508E-05 9.98508E-05 9.98508E-05 0.300841 9.98508E-05 9.98508E-05 0.092529 0.344405 9.98508E-05 9.98508E-05 9.98508E-05 9.98508E-05 9.98508E-05 9.98508E-05 9.98508E-05 9.98508E-05 0.152795 9.98508E-05 0.0442343 9.98508E-05 9.98508E-05 0.063498
9.98247E-05 9.98247E-05 0.103687 9.98247E-05 9.98247E-05 0.577238 9.98247E-05 9.98247E-05 9.98247E-05 9.98247E-05 0.317079 9.98247E-05 9.98247E-05 9.98247E-05 9.98247E-05 9.98247E-05 9.98247E-05 9.98247E-05 9.98247E-05 9.98247E-05 9.98247E-05 9.98247E-05 9.98247E-05
9.98507E-05 9.98507E-05 0.229075 9.98507E-05 0.00522965 0.385177 9.98507E-05 9.98507E-05 0.264466 9.98507E-05 0.0898218 9.98507E-05 0.0245331 9.98507E-05 9.98507E-05 9.98507E-05 9.98507E-05 9.98507E-05 9.98507E-05 9.98507E-05 9.98507E-05 9.98507E-05 9.98507E-05
9.98859E-05 0.0526129 0.240449 9.98859E-05 0.109655 0.222544 0.0344367 9.98859E-05 0.0435797 9.98859E-05 9.98859E-05 9.98859E-05 9.98859E-05 0.0182101 9.98859E-05 9.98859E-05 9.98859E-05 0.0410096 9.98859E-05 9.98859E-05 9.98859E-05 0.0832042 0.153
0.0281852 9.98507E-05 0.133859 9.98507E-05 0.324047 0.406456 9.98507E-05 9.98507E-05 0.0877466 9.98507E-05 9.98507E-05 9.98507E-05 9.98507E-05 9.98507E-05 9.98507E-05 9.98507E-05 9.98507E-05 0.0180086 9.98507E-05 9.98507E-05 9.98507E-05 9.98507E-05 9.98507E-05
9.98508E-05 9.98508E-05 0.0519993 9.98508E-05 0.0508272 9.98508E-05 9.98508E-05 9.98508E-05 0.311494 9.98508E-05 9.98508E-05 9.98508E-05 0.061162 9.98508E-05 0.141513 9.98508E-05 9.98508E-05 9.98508E-05 9.98508E-05 9.98508E-05 9.98508E-05 9.98508E-05 0.381306
0.050829 9.98334E-05 0.0166368 9.98334E-05 9.98334E-05 0.868662 9.98334E-05 9.98334E-05 0.0619749 9.98334E-05 9.98334E-05 9.98334E-05 9.98334E-05 9.98334E-05 9.98334E-05 9.98334E-05 9.98334E-05 9.98334E-05 9.98334E-05 9.98334E-05 9.98334E-05 9.98334E-05 9.98334E-05
9.98335E-05 9.98335E-05 0.196377 9.98335E-05 0.587048 9.98335E-05 9.98335E-05 9.98335E-05 9.98335E-05 9.98335E-05 0.204139 9.98335E-05 9.98335E-05 0.0105388 9.98335E-05 9.98335E-05 9.98335E-05 9.98335E-05 9.98335E-05 9.98335E-05 9.98335E-05 9.98335E-05 9.98335E-05
9.98596E-05 9.98596E-05 0.0551009 0.134412 0.331129 0.410362 9.98596E-05 0.0129531 9.98596E-05 9.98596E-05 9.98596E-05 9.98596E-05 9.98596E-05 9.98596E-05 9.98596E-05 9.98596E-05 0.00046881 0.0539764 9.98596E-05 9.98596E-05 9.98596E-05 9.98596E-05 9.98596E-05
9.98509E-05 9.98509E-05 9.98509E-05 9.98509E-05 0.556541 0.140556 9.98509E-05 0.0357804 9.98509E-05 9.98509E-05 0.137267 9.98509E-05 9.98509E-05 9.98509E-05 9.98509E-05 9.98509E-05 9.98509E-05 0.0439086 9.98509E-05 9.98509E-05 9.98509E-05 0.0842499 9.98509E-05
9.98684E-05 9.98684E-05 0.0654152 9.98684E-05 9.98684E-05 0.545281 9.98684E-05 0.0294263 9.98684E-05 9.98684E-05 0.0611771 0.0228561 9.98684E-05 9.98684E-05 9.98684E-05 9.98684E-05 9.98684E-05 9.98684E-05 9.98684E-05 9.98684E-05 0.0519397 0.0423721 0.180034
9.98596E-05 9.98596E-05 0.11384 9.98596E-05 9.98596E-05 0.500888 9.98596E-05 9.98596E-05 0.026696 9.98596E-05 0.178931 9.98596E-05 0.0201744 9.98596E-05 9.98596E-05 9.98596E-05 9.98596E-05 9.98596E-05 9.98596E-05 0.018446 9.98596E-05 0.139427 9.98596E-05
9.98771E-05 9.98771E-05 0.066415 9.98771E-05 0.581789 9.98771E-05 0.0304221 9.98771E-05 0.0945396 0.0347859 9.98771E-05 0.109717 9.98771E-05 9.98771E-05 0.0354915 9.98771E-05 9.98771E-05 9.98771E-05 9.98771E-05 0.0303914 9.98771E-05 0.0150502 9.98771E-05
9.98248E-05 9.98248E-05 9.98248E-05 9.98248E-05 0.90327 9.98248E-05 9.98248E-05 9.98248E-05 9.98248E-05 9.98248E-05 9.98248E-05 9.98248E-05 9.98248E-05 9.98248E-05 9.98248E-05 9.98248E-05 9.98248E-05 9.98248E-05 0.0360127 9.98248E-05 9.98248E-05 0.0587206 9.98248E-05
0.0926129 0.028064 9.98772E-05 9.98772E-05 0.224094 0.432719 9.98772E-05 9.98772E-05 0.0362184 9.98772E-05 9.98772E-05 9.98772E-05 9.98772E-05 9.98772E-05 9.98772E-05 0.105079 9.98772E-05 0.0456138 0.0149472 9.98772E-05 0.0192532 9.98772E-05 9.98772E-05
9.98335E-05 9.98335E-05 9.98335E-05 9.98335E-05 9.98335E-05 0.808617 9.98335E-05 0.0534437 9.98335E-05 9.98335E-05 9.98335E-05 9.98335E-05 9.98335E-05 9.98335E-05 9.98335E-05 0.126358 9.98335E-05 9.98335E-05 0.00968486 9.98335E-05 9.98335E-05 9.98335E-05 9.98335E-05
9.98509E-05 0.0445922 0.047883 9.98509E-05 0.392856 0.349404 9.98509E-05 9.98509E-05 9.98509E-05 9.98509E-05 9.98509E-05 9.98509E-05 9.98509E-05 9.98509E-05 9.98509E-05 9.98509E-05 9.98509E-05 0.139715 0.023853 9.98509E-05 9.98509E-05 9.98509E-05 9.98509E-05
9.98598E-05 9.98598E-05 0.143936 0.0680913 0.584211 9.98598E-05 0.0179629 9.98598E-05 9.98598E-05 9.98598E-05 9.98598E-05 9.98598E-05 9.98598E-05 9.98598E-05 9.98598E-05 9.98598E-05 9.98598E-05 9.98598E-05 0.0570043 0.067218 9.98598E-05 0.0599782 9.98598E-05
9.98684E-05 9.98684E-05 0.0903475 9.98684E-05 0.67166 9.98684E-05 0.0219132 0.0135916 9.98684E-05 0.007342 9.98684E-05 0.00311945 0.0614907 9.98684E-05 9.98684E-05 9.98684E-05 9.98684E-05 9.98684E-05 9.98684E-05 9.98684E-05 9.98684E-05 9.98684E-05 0.129038
9.98246E-05 9.98246E-05 0.00232119 9.98246E-05 0.955725 9.98246E-05 9.98246E-05 9.98246E-05 9.98246E-05 9.98246E-05 9.98246E-05 9.98246E-05 9.98246E-05 9.98246E-05 9.98246E-05 9.98246E-05 9.98246E-05 0.0399571 9.98246E-05 9.98246E-05 9.98246E-05 9.98246E-05 9.98246E-05
9.98249E-05 9.98249E-05 0.028459 9.98249E-05 0.777637 9.98249E-05 9.98249E-05 9.98249E-05 0.191907 9.98249E-05 9.98249E-05 9.98249E-05 9.98249E-05 9.98249E-05 9.98249E-05 9.98249E-05 9.98249E-05 9.98249E-05 9.98249E-05 9.98249E-05 9.98249E-05 9.98249E-05 9.98249E-05
9.98596E-05 9.98596E-05 9.98596E-05 0.15274 0.0238981 0.742719 9.98596E-05 9.98596E-05 0.0502422 9.98596E-05 9.98596E-05 9.98596E-05 9.98596E-05 0.00415861 9.98596E-05 0.00566491 9.98596E-05 9.98596E-05 9.98596E-05 0.0189802 9.98596E-05 9.98596E-05 9.98596E-05
9.98597E-05 9.98597E-05 0.141938 9.98597E-05 0.452555 9.98597E-05 9.98597E-05 9.98597E-05 0.128774 9.98597E-05 0.106654 9.98597E-05 9.98597E-05 0.107833 9.98597E-05 9.98597E-05 9.98597E-05 0.0177364 9.98597E-05 9.98597E-05 9.98597E-05 0.0429133 9.98597E-05
0.0243295 9.98509E-05 0.18029 9.98509E-05 9.98509E-05 0.282945 9.98509E-05 0.0641191 0.391683 9.98509E-05 9.98509E-05 9.98509E-05 9.98509E-05 9.98509E-05 9.98509E-05 9.98509E-05 9.98509E-05 9.98509E-05 9.98509E-05 0.0549357 9.98509E-05 9.98509E-05 9.98509E-05
9.98158E-05 0.0691708 9.98158E-05 9.98158E-05 0.928733 9.98158E-05 9.98158E-05 9.98158E-05 9.98158E-05 9.98158E-05 9.98158E-05 9.98158E-05 9.98158E-05 9.98158E-05 9.98158E-05 9.98158E-05 9.98158E-05 9.98158E-05 9.98158E-05 9.98158E-05 9.98158E-05 9.98158E-05 9.98158E-05
9.98245E-05 9.98245E-05 0.0914845 9.98245E-05 9.98245E-05 0.875811 9.98245E-05 9.98245E-05 9.98245E-05 9.98245E-05 9.98245E-05 9.98245E-05 9.98245E-05 9.98245E-05 9.98245E-05 9.98245E-05 9.98245E-05 0.0307081 9.98245E-05 9.98245E-05 9.98245E-05 9.98245E-05 9.98245E-05
9.98158E-05 9.98158E-05 9.98158E-05 9.98158E-05 0.988141 9.98158E-05 9.98158E-05 9.98158E-05 9.98158E-05 9.98158E-05 9.98158E-05 9.98158E-05 9.98158E-05 9.98158E-05 9.98158E-05 0.00976258 9.98158E-05 9.98158E-05 9.98158E-05 9.98158E-05 9.98158E-05 9.98158E-05 9.98158E-05
9.98595E-05 9.98595E-05 0.0994219 9.98595E-05 0.539039 0.137427 9.98595E-05 0.0203103 0.124322 9.98595E-05 0.0650055 9.98595E-05 9.98595E-05 9.98595E-05 9.98595E-05 9.98595E-05 9.98595E-05 9.98595E-05 9.98595E-05 9.98595E-05 9.98595E-05 0.0128765 9.98595E-05
9.98423E-05 9.98423E-05 9.98423E-05 9.98423E-05 9.98423E-05 0.76574 9.98423E-05 0.0545237 9.98423E-05 0.110224 9.98423E-05 9.98423E-05 9.98423E-05 9.98423E-05 9.98423E-05 9.98423E-05 9.98423E-05 0.00891133 9.98423E-05 0.0588037 9.98423E-05 9.98423E-05 9.98423E-05
9.98596E-05 9.98596E-05 0.118021 9.98596E-05 9.98596E-05 0.298553 9.98596E-05 9.98596E-05 9.98596E-05 9.98596E-05 0.0512023 9.98596E-05 9.98596E-05 9.98596E-05 9.98596E-05 9.98596E-05 9.98596E-05 0.0892112 9.98596E-05 9.98596E-05 0.139941 0.0590603 0.242413
0.0882344 9.98422E-05 9.98422E-05 9.98422E-05 9.98422E-05 0.593569 9.98422E-05 9.98422E-05 0.279263 9.98422E-05 9.98422E-05 9.98422E-05 9.98422E-05 0.0264729 9.98422E-05 9.98422E-05 9.98422E-05 9.98422E-05 9.98422E-05 0.0106635 9.98422E-05 9.98422E-05 9.98422E-05
9.98247E-05 9.98247E-05 0.0129738 9.98247E-05 0.954276 9.98247E-05 9.98247E-05 9.98247E-05 9.98247E-05 9.98247E-05 9.98247E-05 9.98247E-05 9.98247E-05 9.98247E-05 0.0307539 9.98247E-05 9.98247E-05 9.98247E-05 9.98247E-05 9.98247E-05 9.98247E-05 9.98247E-05 9.98247E-05
9.98774E-05 9.98774E-05 9.98774E-05 9.98774E-05 0.466161 0.087418 0.0766955 9.98774E-05 9.98774E-05 9.98774E-05 9.98774E-05 9.98774E-05 0.0457081 0.00995663 0.0791161 0.144035 9.98774E-05 9.98774E-05 9.98774E-05 0.0611989 9.98774E-05 0.0283128 9.98774E-05
9.98337E-05 9.98337E-05 0.0609696 9.98337E-05 0.861727 9.98337E-05 9.98337E-05 0.0167869 9.98337E-05 9.98337E-05 9.98337E-05 9.98337E-05 9.98337E-05 9.98337E-05 9.98337E-05 9.98337E-05 9.98337E-05 9.98337E-05 9.98337E-05 0.0586193 9.98337E-05 9.98337E-05 9.98337E-05
9.98597E-05 0.0201076 9.98597E-05 9.98597E-05 0.770888 9.98597E-05 9.98597E-05 0.0589395 9.98597E-05 9.98597E-05 9.98597E-05 9.98597E-05 0.00377554 9.98597E-05 9.98597E-05 9.98597E-05 9.98597E-05 9.98597E-05 9.98597E-05 0.0138306 9.98597E-05 0.0268189 0.104042
9.98507E-05 9.98507E-05 9.98507E-05 9.98507E-05 0.812631 9.98507E-05 0.0288846 0.0465459 0.0117766 9.98507E-05 9.98507E-05 9.98507E-05 9.98507E-05 9.98507E-05 0.059415 9.98507E-05 9.98507E-05 9.98507E-05 0.0390493 9.98507E-05 9.98507E-05 9.98507E-05 9.98507E-05
0.00898831 9.98245E-05 0.115473 9.98245E-05 9.98245E-05 0.873543 9.98245E-05 9.98245E-05 9.98245E-05 9.98245E-05 9.98245E-05 9.98245E-05 9.98245E-05 9.98245E-05 9.98245E-05 9.98245E-05 9.98245E-05 9.98245E-05 9.98245E-05 9.98245E-05 9.98245E-05 9.98245E-05 9.98245E-05
9.98509E-05 9.98509E-05 0.0076227 9.98509E-05 9.98509E-05 0.938453 0.0193488 0.0030279 9.98509E-05 9.98509E-05 9.98509E-05 9.98509E-05 9.98509E-05 9.98509E-05 0.022592 9.98509E-05 9.98509E-05 9.98509E-05 9.98509E-05 9.98509E-05 0.00725814 9.98509E-05 9.98509E-05
9.98333E-05 9.98333E-05 0.114636 9.98333E-05 9.98333E-05 9.98333E-05 9.98333E-05 9.98333E-05 9.98333E-05 9.98333E-05 0.85535 9.98333E-05 9.98333E-05 9.98333E-05 9.98333E-05 9.98333E-05 9.98333E-05 0.0246912 9.98333E-05 9.98333E-05 9.98333E-05 0.00342571 9.98333E-05
9.98244E-05 9.98244E-05 9.98244E-05 9.98244E-05 9.98244E-05 9.98244E-05 9.98244E-05 9.98244E-05 9.98244E-05 9.98244E-05 9.98244E-05 9.98244E-05 0.0413557 0.0355476 9.98244E-05 0.9211 9.98244E-05 9.98244E-05 9.98244E-05 9.98244E-05 9.98244E-05 9.98244E-05 9.98244E-05
9.98244E-05 9.98244E-05 9.98244E-05 9.98244E-05 9.98244E-05 9.98244E-05 9.98244E-05 9.98244E-05 9.98244E-05 9.98244E-05 0.471342 9.98244E-05 9.98244E-05 9.98244E-05 0.0655596 0.461102 9.98244E-05 9.98244E-05 9.98244E-05 9.98244E-05 9.98244E-05 9.98244E-05 9.98244E-05
9.98509E-05 9.98509E-05 9.98509E-05 9.98509E-05 9.98509E-05 9.98509E-05 9.98509E-05 9.98509E-05 9.98509E-05 0.0576309 0.478579 9.98509E-05 9.98509E-05 9.98509E-05 0.00283562 9.98509E-05 9.98509E-05 0.107768 0.221761 9.98509E-05 9.98509E-05 9.98509E-05 0.129728
9.98682E-05 0.127618 0.0116029 9.98682E-05 9.98682E-05 9.98682E-05 9.98682E-05 9.98682E-05 9.98682E-05 0.0163866 0.792093 9.98682E-05 9.98682E-05 9.98682E-05 0.00117293 9.98682E-05 9.98682E-05 0.0289413 9.98682E-05 0.00727411 0.0134133 9.98682E-05 9.98682E-05
9.9833E-05 9.9833E-05 0.120197 9.9833E-05 9.9833E-05 9.9833E-05 9.9833E-05 9.9833E-05 9.9833E-05 9.9833E-05 0.840115 9.9833E-05 9.9833E-05 0.022531 9.9833E-05 9.9833E-05 9.9833E-05 0.0152601 9.9833E-05 9.9833E-05 9.9833E-05 9.9833E-05 9.9833E-05
0.0336762 9.98418E-05 0.10703 9.98418E-05 9.98418E-05 9.98418E-05 9.98418E-05 9.98418E-05 9.98418E-05 9.98418E-05 0.623026 9.98418E-05 9.98418E-05 9.98418E-05 9.98418E-05 9.98418E-05 9.98418E-05 9.98418E-05 0.218843 9.98418E-05 9.98418E-05 0.0156279 9.98418E-05
9.98419E-05 9.98419E-05 9.98419E-05 9.98419E-05 9.98419E-05 9.98419E-05 9.98419E-05 9.98419E-05 9.98419E-05 9.98419E-05 0.776563 9.98419E-05 9.98419E-05 9.98419E-05 0.0871129 9.98419E-05 9.98419E-05 0.0864739 0.0106825 9.98419E-05 9.98419E-05 9.98419E-05 0.037371
9.98072E-05 9.98072E-05 9.98072E-05 9.98072E-05 9.98072E-05 9.98072E-05 9.98072E-05 9.98072E-05 9.98072E-05 9.98072E-05 0.997804 9.98072E-05 9.98072E-05 9.98072E-05 9.98072E-05 9.98072E-05 9.98072E-05 9.98072E-05 9.98072E-05 9.98072E-05 9.98072E-05 9.98072E-05 9.98072E-05
0.00982335 9.98419E-05 9.98419E-05 9.98419E-05 9.98419E-05 9.98419E-05 9.98419E-05 9.98419E-05 9.98419E-05 9.98419E-05 0.670325 9.98419E-05 9.98419E-05 9.98419E-05 9.98419E-05 0.238 0.000602511 9.98419E-05 9.98419E-05 9.98419E-05 9.98419E-05 0.0794515 9.98419E-05
9.98506E-05 0.0301508 0.206564 9.98506E-05 9.98506E-05 9.98506E-05 9.98506E-05 0.00260136 9.98506E-05 9.98506E-05 0.563014 9.98506E-05 9.98506E-05 9.98506E-05 9.98506E-05 9.98506E-05 9.98506E-05 0.0539303 9.98506E-05 9.98506E-05 9.98506E-05 0.142043 9.98506E-05
9.9877E-05 9.9877E-05 0.0229952 9.9877E-05 9.9877E-05 9.9877E-05 0.113284 0.0208652 0.109273 9.9877E-05 0.624519 9.9877E-05 9.9877E-05 9.9877E-05 9.9877E-05 9.9877E-05 0.0346198 9.9877E-05 0.017065 0.0245749 9.9877E-05 0.0314054 9.9877E-05
9.98506E-05 9.98506E-05 9.98506E-05 9.98506E-05 9.98506E-05 9.98506E-05 0.159679 9.98506E-05 9.98506E-05 9.98506E-05 0.586093 9.98506E-05 9.98506E-05 9.98506E-05 9.98506E-05 9.98506E-05 0.0128588 0.0765626 9.98506E-05 9.98506E-05 0.0896547 0.0734542 9.98506E-05
9.98595E-05 9.98595E-05 0.158253 9.98595E-05 9.98595E-05 9.98595E-05 9.98595E-05 0.00255898 0.121034 9.98595E-05 0.630713 9.98595E-05 9.98595E-05 9.98595E-05 9.98595E-05 9.98595E-05 9.98595E-05 9.98595E-05 0.0120302 0.00773179 0.0660812 9.98595E-05 9.98595E-05
9.98162E-05 9.98162E-05 9.98162E-05 9.98162E-05 9.98162E-05 9.98162E-05 9.98162E-05 9.98162E-05 9.98162E-05 9.98162E-05 0.997671 9.98162E-05 9.98162E-05 9.98162E-05 9.98162E-05 9.98162E-05 9.98162E-05 9.98162E-05 9.98162E-05 9.98162E-05 9.98162E-05 9.98162E-05 0.000232817
9.98335E-05 9.98335E-05 0.0235743 9.98335E-05 9.98335E-05 9.98335E-05 9.98335E-05 9.98335E-05 9.98335E-05 9.98335E-05 0.842147 9.98335E-05 9.98335E-05 9.98335E-05 9.98335E-05 0.0913389 9.98335E-05 0.0410425 9.98335E-05 9.98335E-05 9.98335E-05 9.98335E-05 9.98335E-05
9.9833E-05 9.9833E-05 9.9833E-05 9.9833E-05 9.9833E-05 9.9833E-05 9.9833E-05 0.107035 9.9833E-05 9.9833E-05 0.864015 9.9833E-05 0.00375479 9.9833E-05 0.0232983 9.9833E-05 9.9833E-05 9.9833E-05 9.9833E-05 9.9833E-05 9.9833E-05 9.9833E-05 9.9833E-05
9.98507E-05 9.98507E-05 9.98507E-05 9.98507E-05 9.98507E-05 9.98507E-05 9.98507E-05 0.0863191 0.0312171 9.98507E-05 0.70581 9.98507E-05 9.98507E-05 9.98507E-05 9.98507E-05 9.98507E-05 0.0671114 0.0179779 9.98507E-05 9.98507E-05 9.98507E-05 0.0898668 9.98507E-05
9.98333E-05 9.98333E-05 9.98333E-05 9.98333E-05 9.98333E-05 9.98333E-05 9.98333E-05 0.0133133 9.98333E-05 9.98333E-05 0.908567 9.98333E-05 9.98333E-05 9.98333E-05 0.0680631 9.98333E-05 9.98333E-05 9.98333E-05 9.98333E-05 9.98333E-05 9.98333E-05 0.00815979 9.98333E-05
9.9824E-05 9.9824E-05 0.106268 9.9824E-05 9.9824E-05 9.9824E-05 9.9824E-05 9.9824E-05 9.9824E-05 9.9824E-05 0.793573 9.9824E-05 0.0981622 9.9824E-05 9.9824E-05 9.9824E-05 9.9824E-05 9.9824E-05 9.9824E-05 9.9824E-05 9.9824E-05 9.9824E-05 9.9824E-05
9.9807E-05 9.9807E-05 9.9807E-05 9.9807E-05 9.9807E-05 9.9807E-05 9.9807E-05 9.9807E-05 9.9807E-05 9.9807E-05 9.9807E-05 9.9807E-05 9.9807E-05 9.9807E-05 9.9807E-05 0.997804 9.9807E-05 9.9807E-05 9.9807E-05 9.9807E-05 9.9807E-05 9.9807E-05 9.9807E-05
9.9833E-05 9.9833E-05 0.000723235 9.9833E-05 9.9833E-05 9.9833E-05 9.9833E-05 0.0109786 0.198081 9.9833E-05 0.78832 9.9833E-05 9.9833E-05 9.9833E-05 9.9833E-05 9.9833E-05 9.9833E-05 9.9833E-05 9.9833E-05 9.9833E-05 9.9833E-05 9.9833E-05 9.9833E-05
9.98335E-05 9.98335E-05 9.98335E-05 9.98335E-05 0.00407302 9.98335E-05 9.98335E-05 9.98335E-05 9.98335E-05 9.98335E-05 0.787394 0.05093 9.98335E-05 9.98335E-05 9.98335E-05 9.98335E-05 9.98335E-05 9.98335E-05 9.98335E-05 9.98335E-05 9.98335E-05 9.98335E-05 0.155706
9.98772E-05 9.98772E-05 0.053741 9.98772E-05 9.98772E-05 9.98772E-05 9.98772E-05 0.150075 9.98772E-05 0.0145492 0.652557 9.98772E-05 9.98772E-05 0.0210144 0.0582068 9.98772E-05 9.98772E-05 0.0354806 9.98772E-05 9.98772E-05 0.00962979 0.00334819 9.98772E-05
9.9833E-05 9.9833E-05 9.9833E-05 9.9833E-05 9.9833E-05 9.9833E-05 9.9833E-05 9.9833E-05 9.9833E-05 9.9833E-05 0.462482 9.9833E-05 9.9833E-05 9.9833E-05 9.9833E-05 0.297305 0.127124 9.9833E-05 9.9833E-05 9.9833E-05 9.9833E-05 0.111193 9.9833E-05
9.98332E-05 9.98332E-05 0.0324026 9.98332E-05 9.98332E-05 9.98332E-05 9.98332E-05 9.98332E-05 9.98332E-05 9.98332E-05 9.98332E-05 9.98332E-05 9.98332E-05 9.98332E-05 9.98332E-05 0.914144 9.98332E-05 0.0265243 9.98332E-05 9.98332E-05 9.98332E-05 0.0250319 9.98332E-05
9.98073E-05 9.98073E-05 9.98073E-05 9.98073E-05 9.98073E-05 9.98073E-05 9.98073E-05 9.98073E-05 9.98073E-05 9.98073E-05 0.997804 9.98073E-05 9.98073E-05 9.98073E-05 9.98073E-05 9.98073E-05 9.98073E-05 9.98073E-05 9.98073E-05 9.98073E-05 9.98073E-05 9.98073E-05 9.98073E-05
9.98068E-05 9.98068E-05 9.98068E-05 9.98068E-05 9.98068E-05 9.98068E-05 9.98068E-05 9.98068E-05 9.98068E-05 9.98068E-05 9.98068E-05 9.98068E-05 9.98068E-05 9.98068E-05 9.98068E-05 0.997804 9.98068E-05 9.98068E-05 9.98068E-05 9.98068E-05 9.98068E-05 9.98068E-05 9.98068E-05
9.98248E-05 9.98248E-05 9.98248E-05 9.98248E-05 0.00966999 9.98248E-05 9.98248E-05 9.98248E-05 9.98248E-05 9.98248E-05 0.922748 9.98248E-05 9.98248E-05 9.98248E-05 0.0655854 9.98248E-05 9.98248E-05 9.98248E-05 9.98248E-05 9.98248E-05 9.98248E-05 9.98248E-05 9.98248E-05
9.98332E-05 9.98332E-05 0.161448 9.98332E-05 9.98332E-05 9.98332E-05 9.98332E-05 9.98332E-05 9.98332E-05 9.98332E-05 9.98332E-05 0.0984458 9.98332E-05 9.98332E-05 9.98332E-05 0.659414 9.98332E-05 0.0787958 9.98332E-05 9.98332E-05 9.98332E-05 9.98332E-05 9.98332E-05
9.98246E-05 9.98246E-05 0.0812512 9.98246E-05 9.98246E-05 9.98246E-05 9.98246E-05 9.98246E-05 9.98246E-05 9.98246E-05 9.98246E-05 9.98246E-05 9.98246E-05 9.98246E-05 9.98246E-05 9.98246E-05 9.98246E-05 0.103672 9.98246E-05 9.98246E-05 9.98246E-05 9.98246E-05 0.81308
9.98246E-05 9.98246E-05 0.00891382 9.98246E-05 9.98246E-05 9.98246E-05 9.98246E-05 9.98246E-05 9.98246E-05 9.98246E-05 9.98246E-05 0.620998 9.98246E-05 9.98246E-05 9.98246E-05 9.98246E-05 9.98246E-05 9.98246E-05 9.98246E-05 9.98246E-05 9.98246E-05 9.98246E-05 0.368092
9.98245E-05 9.98245E-05 0.104072 9.98245E-05 9.98245E-05 9.98245E-05 9.98245E-05 9.98245E-05 9.98245E-05 9.98245E-05 0.0411013 9.98245E-05 9.98245E-05 9.98245E-05 9.98245E-05 9.98245E-05 9.98245E-05 9.98245E-05 9.98245E-05 9.98245E-05 9.98245E-05 9.98245E-05 0.852831
9.98243E-05 9.98243E-05 0.108649 9.98243E-05 9.98243E-05 9.98243E-05 9.98243E-05 9.98243E-05 9.98243E-05 9.98243E-05 9.98243E-05 9.98243E-05 9.98243E-05 9.98243E-05 9.98243E-05 9.98243E-05 9.98243E-05 0.0683483 9.98243E-05 9.98243E-05 9.98243E-05 9.98243E-05 0.821007
9.98243E-05 9.98243E-05 9.98243E-05 9.98243E-05 9.98243E-05 9.98243E-05 9.98243E-05 9.98243E-05 9.98243E-05 9.98243E-05 9.98243E-05 9.98243E-05 9.98243E-05 9.98243E-05 9.98243E-05 9.98243E-05 9.98243E-05 0.00969809 9.98243E-05 0.013897 9.98243E-05 9.98243E-05 0.974408
0.0816134 9.98509E-05 0.0694741 0.050469 9.98509E-05 9.98509E-05 9.98509E-05 9.98509E-05 9.98509E-05 9.98509E-05 9.98509E-05 9.98509E-05 9.98509E-05 9.98509E-05 9.98509E-05 9.98509E-05 9.98509E-05 0.139049 0.0585458 9.98509E-05 9.98509E-05 9.98509E-05 0.599151
9.98421E-05 9.98421E-05 0.0990037 9.98421E-05 9.98421E-05 9.98421E-05 9.98421E-05 9.98421E-05 0.0660922 9.98421E-05 9.98421E-05 9.98421E-05 9.98421E-05 9.98421E-05 9.98421E-05 9.98421E-05 0.0230057 0.100536 9.98421E-05 9.98421E-05 9.98421E-05 9.98421E-05 0.709565
9.98158E-05 9.98158E-05 9.98158E-05 9.98158E-05 9.98158E-05 9.98158E-05 9.98158E-05 9.98158E-05 9.98158E-05 9.98158E-05 9.98158E-05 9.98158E-05 9.98158E-05 9.98158E-05 9.98158E-05 9.98158E-05 9.98158E-05 0.157118 9.98158E-05 9.98158E-05 9.98158E-05 9.98158E-05 0.840786
9.98331E-05 9.98331E-05 9.98331E-05 9.98331E-05 9.98331E-05 9.98331E-05 9.98331E-05 9.98331E-05 9.98331E-05 9.98331E-05 0.0123825 9.98331E-05 9.98331E-05 9.98331E-05 9.98331E-05 9.98331E-05 9.98331E-05 0.278794 0.250262 9.98331E-05 9.98331E-05 9.98331E-05 0.456665
0.0151529 9.98421E-05 0.281129 9.98421E-05 9.98421E-05 9.98421E-05 9.98421E-05 9.98421E-05 9.98421E-05 9.98421E-05 9.98421E-05 9.98421E-05 9.98421E-05 9.98421E-05 9.98421E-05 9.98421E-05 0.0284266 0.181218 9.98421E-05 9.98421E-05 9.98421E-05 9.98421E-05 0.492276
9.98246E-05 9.98246E-05 9.98246E-05 0.302416 9.98246E-05 9.98246E-05 9.98246E-05 9.98246E-05 9.98246E-05 9.98246E-05 9.98246E-05 9.98246E-05 9.98246E-05 9.98246E-05 9.98246E-05 9.98246E-05 9.98246E-05 9.98246E-05 0.213955 9.98246E-05 9.98246E-05 9.98246E-05 0.481632
9.98509E-05 9.98509E-05 0.0709991 0.180399 9.98509E-05 0.0111905 9.98509E-05 9.98509E-05 9.98509E-05 9.98509E-05 9.98509E-05 9.98509E-05 9.98509E-05 9.98509E-05 9.98509E-05 9.98509E-05 9.98509E-05 9.98509E-05 0.129126 9.98509E-05 9.98509E-05 0.0247894 0.581799
9.98246E-05 9.98246E-05 9.98246E-05 9.98246E-05 9.98246E-05 9.98246E-05 9.98246E-05 9.98246E-05 9.98246E-05 9.98246E-05 9.98246E-05 0.166131 9.98246E-05 9.98246E-05 9.98246E-05 9.98246E-05 9.98246E-05 0.104318 9.98246E-05 9.98246E-05 9.98246E-05 9.98246E-05 0.727554
9.98335E-05 9.98335E-05 0.191783 0.086073 9.98335E-05 9.98335E-05 9.98335E-05 9.98335E-05 9.98335E-05 9.98335E-05 9.98335E-05 9.98335E-05 9.98335E-05 9.98335E-05 9.98335E-05 9.98335E-05 9.98335E-05 0.119405 9.98335E-05 9.98335E-05 9.98335E-05 9.98335E-05 0.600842
9.98598E-05 9.98598E-05 9.98598E-05 0.0240796 9.98598E-05 9.98598E-05 0.0447075 9.98598E-05 9.98598E-05 9.98598E-05 9.98598E-05 0.00907679 9.98598E-05 9.98598E-05 0.0865281 9.98598E-05 0.0456932 0.0809998 9.98598E-05 9.98598E-05 9.98598E-05 9.98598E-05 0.707317
0.0917023 9.98684E-05 0.0632137 9.98684E-05 9.98684E-05 9.98684E-05 9.98684E-05 9.98684E-05 9.98684E-05 0.0132289 0.0227055 9.98684E-05 9.98684E-05 9.98684E-05 9.98684E-05 9.98684E-05 0.00710495 0.0212163 0.113573 9.98684E-05 9.98684E-05 9.98684E-05 0.665757
9.9842E-05 9.9842E-05 0.0364442 0.102688 9.9842E-05 9.9842E-05 9.9842E-05 9.9842E-05 9.9842E-05 9.9842E-05 9.9842E-05 9.9842E-05 9.9842E-05 9.9842E-05 9.9842E-05 9.9842E-05 9.9842E-05 0.0825249 0.152603 9.9842E-05 9.9842E-05 9.9842E-05 0.623943
0.0672319 9.98599E-05 9.98599E-05 0.0143221 9.98599E-05 9.98599E-05 9.98599E-05 9.98599E-05 0.0645058 0.001823 9.98599E-05 9.98599E-05 9.98599E-05 9.98599E-05 9.98599E-05 9.98599E-05 9.98599E-05 0.0883301 9.98599E-05 0.0364384 9.98599E-05 9.98599E-05 0.725751
9.98421E-05 9.98421E-05 9.98421E-05 0.143068 9.98421E-05 9.98421E-05 9.98421E-05 9.98421E-05 9.98421E-05 9.98421E-05 9.98421E-05 9.98421E-05 9.98421E-05 9.98421E-05 9.98421E-05 9.98421E-05 9.98421E-05 0.0135648 0.00632373 9.98421E-05 9.98421E-05 0.0236468 0.811599
9.98508E-05 0.120114 0.102393 0.337942 9.98508E-05 9.98508E-05 9.98508E-05 9.98508E-05 9.98508E-05 9.98508E-05 0.032388 9.98508E-05 9.98508E-05 9.98508E-05 9.98508E-05 9.98508E-05 9.98508E-05 0.0904563 9.98508E-05 9.98508E-05 9.98508E-05 9.98508E-05 0.315009
0.0223189 9.98596E-05 0.0265852 0.0852368 9.98596E-05 9.98596E-05 9.98596E-05 9.98596E-05 9.98596E-05 9.98596E-05 9.98596E-05 9.98596E-05 9.98596E-05 9.98596E-05 9.98596E-05 9.98596E-05 9.98596E-05 0.0363945 0.123968 0.0435179 9.98596E-05 9.98596E-05 0.660381
9.98246E-05 9.98246E-05 9.98246E-05 9.98246E-05 9.98246E-05 9.98246E-05 9.98246E-05 9.98246E-05 9.98246E-05 9.98246E-05 9.98246E-05 9.98246E-05 9.98246E-05 9.98246E-05 9.98246E-05 9.98246E-05 0.000823036 0.0150837 9.98246E-05 9.98246E-05 9.98246E-05 9.98246E-05 0.982097
9.98507E-05 0.0777851 0.19752 9.98507E-05 9.98507E-05 9.98507E-05 9.98507E-05 9.98507E-05 9.98507E-05 9.98507E-05 9.98507E-05 9.98507E-05 9.98507E-05 9.98507E-05 9.98507E-05 9.98507E-05 9.98507E-05 0.249481 0.0477089 9.98507E-05 0.00612369 9.98507E-05 0.419683
9.98421E-05 9.98421E-05 0.0313497 9.98421E-05 9.98421E-05 9.98421E-05 9.98421E-05 9.98421E-05 9.98421E-05 9.98421E-05 9.98421E-05 0.267711 9.98421E-05 9.98421E-05 9.98421E-05 9.98421E-05 9.98421E-05 0.172441 9.98421E-05 0.0119546 9.98421E-05 9.98421E-05 0.514746
9.98508E-05 0.0701475 0.257985 9.98508E-05 9.98508E-05 9.98508E-05 9.98508E-05 0.024441 9.98508E-05 9.98508E-05 9.98508E-05 9.98508E-05 9.98508E-05 9.98508E-05 9.98508E-05 9.98508E-05 9.98508E-05 0.152538 0.0249934 9.98508E-05 9.98508E-05 9.98508E-05 0.468197
9.98683E-05 9.98683E-05 0.0329462 9.98683E-05 9.98683E-05 9.98683E-05 9.98683E-05 9.98683E-05 9.98683E-05 9.98683E-05 0.0562583 0.40657 9.98683E-05 9.98683E-05 9.98683E-05 9.98683E-05 0.016448 0.114504 0.127032 9.98683E-05 9.98683E-05 0.0532386 0.191506
9.98597E-05 0.00477213 0.0322258 0.827279 9.98597E-05 9.98597E-05 9.98597E-05 9.98597E-05 9.98597E-05 0.0122624 9.98597E-05 9.98597E-05 9.98597E-05 0.0415418 9.98597E-05 9.98597E-05 9.98597E-05 9.98597E-05 9.98597E-05 0.0703124 9.98597E-05 9.98597E-05 0.0100093
9.98243E-05 9.98243E-05 0.0588031 9.98243E-05 9.98243E-05 9.98243E-05 9.98243E-05 9.98243E-05 9.98243E-05 9.98243E-05 9.98243E-05 9.98243E-05 9.98243E-05 9.98243E-05 9.98243E-05 9.98243E-05 9.98243E-05 0.0442256 9.98243E-05 9.98243E-05 9.98243E-05 9.98243E-05 0.894975
9.98334E-05 9.98334E-05 0.178817 9.98334E-05 9.98334E-05 9.98334E-05 9.98334E-05 9.98334E-05 9.98334E-05 9.98334E-05 9.98334E-05 9.98334E-05 9.98334E-05 9.98334E-05 9.98334E-05 9.98334E-05 9.98334E-05 0.211563 0.0459939 9.98334E-05 9.98334E-05 9.98334E-05 0.56173
9.98334E-05 9.98334E-05 0.0667556 9.98334E-05 9.98334E-05 9.98334E-05 9.98334E-05 9.98334E-05 9.98334E-05 9.98334E-05 9.98334E-05 0.086414 9.98334E-05 9.98334E-05 9.98334E-05 9.98334E-05 9.98334E-05 9.98334E-05 9.98334E-05 0.12649 9.98334E-05 9.98334E-05 0.718444
9.98506E-05 9.98506E-05 0.215435 9.98506E-05 9.98506E-05 9.98506E-05 0.112818 9.98506E-05 9.98506E-05 9.98506E-05 9.98506E-05 0.0624689 9.98506E-05 9.98506E-05 9.98506E-05 9.98506E-05 9.98506E-05 9.98506E-05 9.98506E-05 9.98506E-05 9.98506E-05 0.014908 0.592572
9.98246E-05 9.98246E-05 9.98246E-05 9.98246E-05 9.98246E-05 9.98246E-05 9.98246E-05 9.98246E-05 9.98246E-05 9.98246E-05 9.98246E-05 0.000734388 0.036076 9.98246E-05 9.98246E-05 9.98246E-05 9.98246E-05 9.98246E-05 9.98246E-05 9.98246E-05 9.98246E-05 9.98246E-05 0.961193
9.98419E-05 0.0260604 0.183072 9.98419E-05 9.98419E-05 9.98419E-05 9.98419E-05 9.98419E-05 9.98419E-05 9.98419E-05 9.98419E-05 9.98419E-05 9.98419E-05 9.98419E-05 9.98419E-05 9.98419E-05 9.98419E-05 0.235758 9.98419E-05 0.152328 9.98419E-05 9.98419E-05 0.400985
9.98595E-05 0.0462751 0.0307462 9.98595E-05 9.98595E-05 9.98595E-05 9.98595E-05 9.98595E-05 0.128765 9.98595E-05 9.98595E-05 9.98595E-05 0.0157383 9.98595E-05 9.98595E-05 9.98595E-05 9.98595E-05 0.0645082 9.98595E-05 9.98595E-05 9.98595E-05 0.023568 0.688802
9.98246E-05 9.98246E-05 0.000890966 0.104014 9.98246E-05 9.98246E-05 9.98246E-05 9.98246E-05 9.98246E-05 9.98246E-05 9.98246E-05 9.98246E-05 9.98246E-05 9.98246E-05 9.98246E-05 9.98246E-05 9.98246E-05 9.98246E-05 9.98246E-05 9.98246E-05 9.98246E-05 9.98246E-05 0.893098
0.11041 9.9842E-05 9.9842E-05 0.183047 9.9842E-05 9.9842E-05 9.9842E-05 9.9842E-05 9.9842E-05 9.9842E-05 9.9842E-05 9.9842E-05 9.9842E-05 9.9842E-05 9.9842E-05 9.9842E-05 9.9842E-05 0.0348536 9.9842E-05 9.9842E-05 9.9842E-05 0.0615028 0.608389
9.98331E-05 9.98331E-05 0.203806 9.98331E-05 9.98331E-05 9.98331E-05 9.98331E-05 9.98331E-05 9.98331E-05 9.98331E-05 9.98331E-05 9.98331E-05 9.98331E-05 9.98331E-05 9.98331E-05 9.98331E-05 0.0340722 0.0853378 9.98331E-05 9.98331E-05 9.98331E-05 9.98331E-05 0.674887
9.98245E-05 9.98245E-05 9.98245E-05 0.736663 9.98245E-05 9.98245E-05 9.98245E-05 9.98245E-05 9.98245E-05 9.98245E-05 9.98245E-05 9.98245E-05 9.98245E-05 9.98245E-05 9.98245E-05 9.98245E-05 9.98245E-05 0.0767409 9.98245E-05 9.98245E-05 9.98245E-05 9.98245E-05 0.1846
9.98334E-05 9.98334E-05 0.0584043 9.98334E-05 9.98334E-05 9.98334E-05 9.98334E-05 9.98334E-05 9.98334E-05 9.98334E-05 9.98334E-05 0.292566 9.98334E-05 9.98334E-05 9.98334E-05 9.98334E-05 0.00421263 9.98334E-05 9.98334E-05 9.98334E-05 9.98334E-05 9.98334E-05 0.64292
9.98247E-05 9.98247E-05 9.98247E-05 9.98247E-05 9.98247E-05 9.98247E-05 9.98247E-05 9.98247E-05 9.98247E-05 9.98247E-05 9.98247E-05 0.424747 9.98247E-05 9.98247E-05 9.98247E-05 9.98247E-05 9.98247E-05 9.98247E-05 9.98247E-05 0.042381 9.98247E-05 9.98247E-05 0.530875
9.98334E-05 0.0128754 9.98334E-05 0.513936 9.98334E-05 9.98334E-05 9.98334E-05 9.98334E-05 9.98334E-05 9.98334E-05 9.98334E-05 9.98334E-05 9.98334E-05 9.98334E-05 9.98334E-05 9.98334E-05 9.98334E-05 0.02458 9.98334E-05 9.98334E-05 9.98334E-05 9.98334E-05 0.446712
9.9842E-05 9.9842E-05 0.265083 9.9842E-05 9.9842E-05 9.9842E-05 9.9842E-05 9.9842E-05 9.9842E-05 9.9842E-05 9.9842E-05 9.9842E-05 9.9842E-05 9.9842E-05 9.9842E-05 9.9842E-05 9.9842E-05 0.121876 0.061853 9.9842E-05 0.0389995 9.9842E-05 0.510391
9.98509E-05 9.98509E-05 0.0251837 9.98509E-05 9.98509E-05 9.98509E-05 9.98509E-05 9.98509E-05 0.115481 9.98509E-05 9.98509E-05 9.98509E-05 0.0211144 9.98509E-05 9.98509E-05 9.98509E-05 9.98509E-05 0.0403554 9.98509E-05 0.000571132 9.98509E-05 9.98509E-05 0.795597
9.98334E-05 0.0327343 0.0930398 0.784616 9.98334E-05 9.98334E-05 9.98334E-05 9.98334E-05 9.98334E-05 9.98334E-05 9.98334E-05 9.98334E-05 9.98334E-05 9.98334E-05 9.98334E-05 9.98334E-05 9.98334E-05 0.0877127 9.98334E-05 9.98334E-05 9.98334E-05 9.98334E-05 9.98334E-05
9.98246E-05 9.98246E-05 0.0504552 0.73527 9.98246E-05 9.98246E-05 9.98246E-05 9.98246E-05 9.98246E-05 9.98246E-05 9.98246E-05 9.98246E-05 9.98246E-05 9.98246E-05 9.98246E-05 9.98246E-05 9.98246E-05 9.98246E-05 9.98246E-05 9.98246E-05 9.98246E-05 9.98246E-05 0.212279
9.98595E-05 0.0774174 0.0169118 9.98595E-05 9.98595E-05 9.98595E-05 9.98595E-05 9.98595E-05 0.0881689 9.98595E-05 9.98595E-05 9.98595E-05 9.98595E-05 9.98595E-05 0.12232 9.98595E-05 9.98595E-05 0.152672 0.111753 9.98595E-05 9.98595E-05 9.98595E-05 0.429159
9.98685E-05 0.00422038 0.145801 0.0500044 9.98685E-05 9.98685E-05 9.98685E-05 9.98685E-05 9.98685E-05 9.98685E-05 0.131895 9.98685E-05 9.98685E-05 9.98685E-05 9.98685E-05 0.0267518 0.00174795 0.0580745 9.98685E-05 9.98685E-05 9.98685E-05 9.98685E-05 0.580007
9.98686E-05 9.98686E-05 0.0430624 0.106539 9.98686E-05 9.98686E-05 9.98686E-05 9.98686E-05 0.0427172 9.98686E-05 9.98686E-05 9.98686E-05 9.98686E-05 0.0969623 9.98686E-05 9.98686E-05 0.0497516 0.162744 0.0474832 9.98686E-05 9.98686E-05 9.98686E-05 0.449241
9.98421E-05 9.98421E-05 0.194677 9.98421E-05 9.98421E-05 9.98421E-05 9.98421E-05 9.98421E-05 0.0443411 9.98421E-05 0.0444261 9.98421E-05 9.98421E-05 9.98421E-05 9.98421E-05 9.98421E-05 9.98421E-05 0.263305 9.98421E-05 9.98421E-05 9.98421E-05 9.98421E-05 0.451454
9.98245E-05 9.98245E-05 9.98245E-05 0.0285358 9.98245E-05 9.98245E-05 9.98245E-05 9.98245E-05 9.98245E-05 9.98245E-05 9.98245E-05 0.491943 9.98245E-05 9.98245E-05 9.98245E-05 9.98245E-05 9.98245E-05 9.98245E-05 9.98245E-05 9.98245E-05 9.98245E-05 9.98245E-05 0.477525
0.157076 9.98332E-05 0.0508893 9.98332E-05 9.98332E-05 9.98332E-05 9.98332E-05 9.98332E-05 9.98332E-05 0.0760396 9.98332E-05 9.98332E-05 9.98332E-05 9.98332E-05 9.98332E-05 9.98332E-05 9.98332E-05 9.98332E-05 9.98332E-05 9.98332E-05 9.98332E-05 9.98332E-05 0.714098
9.98509E-05 9.98509E-05 0.0412965 0.525945 9.98509E-05 9.98509E-05 9.98509E-05 9.98509E-05 9.98509E-05 9.98509E-05 9.98509E-05 0.171377 9.98509E-05 9.98509E-05 9.98509E-05 9.98509E-05 9.98509E-05 0.0640731 9.98509E-05 0.0510236 9.98509E-05 9.98509E-05 0.144587
9.98509E-05 9.98509E-05 0.14931 9.98509E-05 9.98509E-05 9.98509E-05 9.98509E-05 9.98509E-05 9.98509E-05 9.98509E-05 9.98509E-05 0.199433 9.98509E-05 9.98509E-05 9.98509E-05 9.98509E-05 0.00699029 0.0559739 9.98509E-05 9.98509E-05 9.98509E-05 0.0355016 0.551094
9.98245E-05 9.98245E-05 9.98245E-05 9.98245E-05 9.98245E-05 9.98245E-05 0.070591 9.98245E-05 9.98245E-05 9.98245E-05 9.98245E-05 9.98245E-05 9.98245E-05 9.98245E-05 9.98245E-05 9.98245E-05 9.98245E-05 0.0734646 9.98245E-05 9.98245E-05 9.98245E-05 9.98245E-05 0.853948
0.108341 9.98244E-05 9.98244E-05 9.98244E-05 9.98244E-05 9.98244E-05 9.98244E-05 9.98244E-05 9.98244E-05 9.98244E-05 9.98244E-05 9.98244E-05 9.98244E-05 9.98244E-05 9.98244E-05 9.98244E-05 9.98244E-05 9.98244E-05 9.98244E-05 9.98244E-05 9.98244E-05 0.0136697 0.875993
9.98332E-05 9.98332E-05 0.0500387 9.98332E-05 9.98332E-05 9.98332E-05 9.98332E-05 9.98332E-05 9.98332E-05 9.98332E-05 9.98332E-05 9.98332E-05 9.98332E-05 9.98332E-05 9.98332E-05 9.98332E-05 9.98332E-05 0.182335 0.127799 9.98332E-05 9.98332E-05 9.98332E-05 0.637931
9.98245E-05 9.98245E-05 0.0754579 9.98245E-05 9.98245E-05 9.98245E-05 9.98245E-05 9.98245E-05 9.98245E-05 9.98245E-05 9.98245E-05 9.98245E-05 9.98245E-05 9.98245E-05 9.98245E-05 9.98245E-05 9.98245E-05 0.146801 9.98245E-05 9.98245E-05 9.98245E-05 9.98245E-05 0.775745
9.98332E-05 9.98332E-05 0.0309127 9.98332E-05 9.98332E-05 9.98332E-05 9.98332E-05 9.98332E-05 9.98332E-05 9.98332E-05 9.98332E-05 9.98332E-05 0.0439197 9.98332E-05 9.98332E-05 9.98332E-05 9.98332E-05 0.0161884 9.98332E-05 9.98332E-05 9.98332E-05 9.98332E-05 0.907082
9.98335E-05 0.0974094 0.104629 0.0754306 9.98335E-05 9.98335E-05 9.98335E-05 9.98335E-05 9.98335E-05 9.98335E-05 9.98335E-05 9.98335E-05 9.98335E-05 9.98335E-05 9.98335E-05 9.98335E-05 9.98335E-05 9.98335E-05 9.98335E-05 9.98335E-05 9.98335E-05 9.98335E-05 0.720634
9.98509E-05 9.98509E-05 0.0472689 0.071339 9.98509E-05 9.98509E-05 9.98509E-05 9.98509E-05 9.98509E-05 9.98509E-05 9.98509E-05 0.109174 9.98509E-05 9.98509E-05 9.98509E-05 9.98509E-05 9.98509E-05 0.122997 0.126046 9.98509E-05 9.98509E-05 9.98509E-05 0.521477
9.98068E-05 9.98068E-05 0.997804 9.98068E-05 9.98068E-05 9.98068E-05 9.98068E-05 9.98068E-05 9.98068E-05 9.98068E-05 9.98068E-05 9.98068E-05 9.98068E-05 9.98068E-05 9.98068E-05 9.98068E-05 9.98068E-05 9.98068E-05 9.98068E-05 9.98068E-05 9.98068E-05 9.98068E-05 9.98068E-05
9.98069E-05 9.98069E-05 9.98069E-05 9.98069E-05 9.98069E-05 9.98069E-05 9.98069E-05 9.98069E-05 9.98069E-05 9.98069E-05 9.98069E-05 9.98069E-05 9.98069E-05 9.98069E-05 9.98069E-05 9.98069E-05 9.98069E-05 0.997804 9.98069E-05 9.98069E-05 9.98069E-05 9.98069E-05 9.98069E-05
9.98069E-05 9.98069E-05 0.997804 9.98069E-05 9.98069E-05 9.98069E-05 9.98069E-05 9.98069E-05 9.98069E-05 9.98069E-05 9.98069E-05 9.98069E-05 9.98069E-05 9.98069E-05 9.98069E-05 9.98069E-05 9.98069E-05 9.98069E-05 9.98069E-05 9.98069E-05 9.98069E-05 9.98069E-05 9.98069E-05
