0.0146729 9.99649E-05 0.154143 0.0109539 9.99649E-05 0.0631663 9.99649E-05 0.111671 0.173691 9.99649E-05 0.471303
9.99385E-05 9.99385E-05 0.172899 9.99385E-05 9.99385E-05 0.0452665 9.99385E-05 0.0267371 9.99385E-05 9.99385E-05 0.754398
9.99648E-05 9.99648E-05 9.99648E-05 9.99648E-05 0.0433684 0.00140125 0.0217984 0.0373459 0.0339169 0.0116903 0.850079
0.0854321 0.0132934 9.99737E-05 0.0286356 0.335455 0.0958371 9.99737E-05 0.0611843 9.99737E-05 0.0599006 0.319962
0.0148082 9.99297E-05 9.99297E-05 9.99297E-05 0.131288 9.99297E-05 9.99297E-05 9.99297E-05 9.99297E-05 9.99297E-05 0.853104
0.207431 0.0454803 0.0687066 9.99649E-05 0.296206 0.0651321 9.99649E-05 0.0513706 9.99649E-05 9.99649E-05 0.265273
9.99649E-05 9.99649E-05 0.193741 9.99649E-05 0.0785821 0.186173 0.120385 0.0620126 0.112337 9.99649E-05 0.24637
0.218295 9.99561E-05 9.99561E-05 0.00224892 0.339918 0.0776774 0.106196 9.99561E-05 9.99561E-05 9.99561E-05 0.255164
0.206405 9.99649E-05 0.0217452 9.99649E-05 0.088266 9.99649E-05 9.99649E-05 0.269133 0.193555 0.0114889 0.209007
9.99385E-05 9.99385E-05 9.99385E-05 0.0365541 9.99385E-05 9.99385E-05 9.99385E-05 0.0830567 0.00182854 9.99385E-05 0.877861
0.0644214 9.99561E-05 9.99561E-05 9.99561E-05 9.99561E-05 0.173556 9.99561E-05 0.199505 0.00661074 0.0110511 0.544356
0.00810504 9.99561E-05 9.99561E-05 9.99561E-05 0.0838818 0.0266338 0.0119514 0.0255034 9.99561E-05 9.99561E-05 0.843425
9.99386E-05 9.99386E-05 9.99386E-05 0.00537261 0.0508441 9.99386E-05 9.99386E-05 0.0976769 9.99386E-05 9.99386E-05 0.845407
9.99473E-05 0.11067 9.99473E-05 9.99473E-05 9.99473E-05 0.0811651 0.05958 0.0762495 9.99473E-05 9.99473E-05 0.671736
0.182621 0.0443691 0.0790627 9.99561E-05 9.99561E-05 9.99561E-05 9.99561E-05 0.203971 0.0816804 9.99561E-05 0.407796
0.216285 9.99561E-05 9.99561E-05 0.00144296 0.134074 9.99561E-05 0.141958 0.13995 9.99561E-05 9.99561E-05 0.365791
9.995E-05 0.0535633 0.13001 9.995E-05 9.995E-05 0.0592466 0.0549922 0.0776611 9.995E-05 9.995E-05 0.624027
0.108731 9.99474E-05 9.99474E-05 0.224541 9.99474E-05 9.99474E-05 9.99474E-05 0.274561 9.99474E-05 0.131389 0.260177
0.166839 9.99561E-05 9.99561E-05 0.0335216 0.152445 0.0140824 9.99561E-05 0.253095 9.99561E-05 9.99561E-05 0.379517
0.0126083 9.99297E-05 9.99297E-05 9.99297E-05 9.99297E-05 9.99297E-05 9.99297E-05 9.99297E-05 9.99297E-05 0.043511 0.943081
0.0929405 9.99649E-05 9.99649E-05 9.99649E-05 0.205446 0.119721 9.99649E-05 0.0521671 0.00562131 0.0527031 0.471001
0.211706 9.99561E-05 0.033934 0.00115289 0.3907 0.00307694 9.99561E-05 9.99561E-05 9.99561E-05 9.99561E-05 0.35893
9.99474E-05 9.99474E-05 0.019189 0.071452 9.99474E-05 0.0919885 9.99474E-05 0.152651 9.99474E-05 9.99474E-05 0.66412
0.0116991 9.99473E-05 9.99473E-05 9.99473E-05 9.99473E-05 9.99473E-05 0.131984 0.328053 0.0992977 9.99473E-05 0.428367
0.103116 0.0462607 9.99649E-05 9.99649E-05 9.99649E-05 0.052029 9.99649E-05 0.341451 0.0283783 0.111523 0.316842
0.0258232 9.99473E-05 9.99473E-05 9.99473E-05 0.103461 9.99473E-05 0.00211189 0.160532 9.99473E-05 9.99473E-05 0.707472
0.106148 0.16275 0.0499139 0.1376 0.00576629 0.023683 0.153586 0.250066 9.99824E-05 9.99824E-05 0.110287
9.99298E-05 9.99298E-05 9.99298E-05 9.99298E-05 0.134822 9.99298E-05 9.99298E-05 0.086446 9.99298E-05 9.99298E-05 0.777932
9.99561E-05 0.0046401 9.99561E-05 9.99561E-05 9.99561E-05 0.0308402 9.99561E-05 0.308493 0.0427967 0.000861916 0.611868
0.0777849 9.99386E-05 0.02997 9.99386E-05 9.99386E-05 9.99386E-05 9.99386E-05 0.0668082 9.99386E-05 9.99386E-05 0.824737
0.0466781 9.99561E-05 9.99561E-05 0.0117927 9.99561E-05 0.12425 9.99561E-05 0.0744085 9.99561E-05 0.0227936 0.719577
9.99473E-05 0.123075 9.99473E-05 9.99473E-05 0.061944 0.0670606 9.99473E-05 0.17406 9.99473E-05 9.99473E-05 0.573261
0.105716 0.00994705 9.99649E-05 9.99649E-05 0.00980615 0.120597 0.0941745 0.168609 9.99649E-05 9.99649E-05 0.490751
9.99736E-05 0.159916 9.99736E-05 0.0240299 0.0528422 0.0325501 0.0552842 0.21192 0.00909695 9.99736E-05 0.454061
0.00614668 9.99649E-05 0.0690693 0.0104824 9.99649E-05 0.0288573 9.99649E-05 0.0483006 9.99649E-05 0.0244562 0.812288
0.0707529 9.99561E-05 0.0714763 9.99561E-05 9.99561E-05 0.0329473 9.99561E-05 0.0506455 0.0870221 9.99561E-05 0.686656
9.99386E-05 9.99386E-05 0.0015638 9.99386E-05 9.99386E-05 0.0195075 0.0882153 9.99386E-05 9.99386E-05 9.99386E-05 0.890014
0.140198 9.99473E-05 0.0766927 9.99473E-05 9.99473E-05 9.99473E-05 9.99473E-05 0.0752223 9.99473E-05 0.100011 0.607276
0.0098444 0.139836 0.0114041 9.99737E-05 0.00646886 0.0238559 9.99737E-05 0.243112 9.99737E-05 0.0143387 0.55084
9.99385E-05 0.101306 9.99385E-05 9.99385E-05 9.99385E-05 9.99385E-05 0.159374 0.18399 9.99385E-05 9.99385E-05 0.55463
0.0442455 9.99386E-05 9.99386E-05 9.99386E-05 9.99386E-05 0.0927384 9.99386E-05 0.133905 9.99386E-05 9.99386E-05 0.728412
0.110162 9.99474E-05 0.0271549 9.99474E-05 9.99474E-05 9.99474E-05 9.99474E-05 0.154494 0.030088 9.99474E-05 0.677502
9.99385E-05 0.0893032 0.0612382 9.99385E-05 0.078096 9.99385E-05 9.99385E-05 9.99385E-05 9.99385E-05 9.99385E-05 0.770663
0.126777 9.99561E-05 0.046289 9.99561E-05 9.99561E-05 0.0706086 9.99561E-05 0.258572 0.0552046 9.99561E-05 0.442049
0.00478533 9.99473E-05 9.99473E-05 9.99473E-05 0.353002 0.00786791 9.99473E-05 0.249567 9.99473E-05 9.99473E-05 0.384178
9.99385E-05 9.99385E-05 9.99385E-05 9.99385E-05 0.0601244 9.99385E-05 9.99385E-05 0.055183 9.99385E-05 0.0913241 0.792669
0.0425642 9.99473E-05 9.99473E-05 0.0256424 9.99473E-05 0.0533526 9.99473E-05 0.140668 9.99473E-05 9.99473E-05 0.737173
9.99298E-05 9.99298E-05 9.99298E-05 9.99298E-05 9.99298E-05 9.99298E-05 0.0346735 0.056001 9.99298E-05 9.99298E-05 0.908526
9.99385E-05 9.99385E-05 9.99385E-05 9.99385E-05 0.0565419 0.062684 9.99385E-05 0.184043 9.99385E-05 9.99385E-05 0.696032
0.0177742 9.99562E-05 0.0340276 0.0747378 0.0127759 9.99562E-05 0.115376 9.99562E-05 9.99562E-05 9.99562E-05 0.744809
0.0600087 0.062588 9.99737E-05 0.0290245 0.0441224 0.130672 9.99737E-05 0.356706 0.0510647 9.99737E-05 0.265514
0.0812947 9.99561E-05 9.99561E-05 9.99561E-05 0.157314 9.99561E-05 0.0086692 9.99561E-05 0.0944029 0.029757 0.628062
9.99298E-05 9.99298E-05 9.99298E-05 0.0574227 9.99298E-05 9.99298E-05 9.99298E-05 0.0325201 9.99298E-05 9.99298E-05 0.909258
0.0079003 9.99561E-05 9.99561E-05 0.0116577 9.99561E-05 9.99561E-05 0.222811 0.100398 9.99561E-05 0.0285718 0.628162
9.99299E-05 9.99299E-05 9.99299E-05 9.99299E-05 0.0999126 9.99299E-05 9.99299E-05 0.165386 9.99299E-05 9.99299E-05 0.733902
9.99474E-05 0.0444322 9.99474E-05 9.99474E-05 9.99474E-05 0.0553585 0.179076 9.99474E-05 9.99474E-05 0.0383005 0.682233
0.0153979 9.99556E-05 0.0410467 0.171255 9.99556E-05 9.99556E-05 9.99556E-05 0.0454511 9.99556E-05 9.99556E-05 0.72625
9.99561E-05 9.99561E-05 9.99561E-05 9.99561E-05 0.048089 0.102108 0.0139229 0.0842422 0.011093 9.99561E-05 0.740046
0.000563037 9.99561E-05 9.99561E-05 9.99561E-05 0.101746 0.0317857 0.0110947 0.0303466 9.99561E-05 9.99561E-05 0.823964
0.0923121 9.99649E-05 0.339583 0.0925062 9.99649E-05 0.111072 9.99649E-05 0.300147 0.00897765 9.99649E-05 0.0550023
9.99562E-05 9.99562E-05 0.376618 9.99562E-05 0.00627883 9.99562E-05 0.0825449 0.108765 0.104934 9.99562E-05 0.320359
9.99562E-05 9.99562E-05 0.415833 0.160083 9.99562E-05 0.0238158 0.068535 0.0293797 9.99562E-05 9.99562E-05 0.301854
0.215535 0.0251013 0.473248 0.0603254 9.99649E-05 0.0765784 0.0413476 0.107464 9.99649E-05 9.99649E-05 9.99649E-05
0.105731 9.99824E-05 0.234672 0.100062 0.125554 0.0157339 0.0731547 0.235222 9.99824E-05 0.0485537 0.061116
0.0476335 9.99561E-05 0.375372 0.0348975 9.99561E-05 0.0535692 9.99561E-05 0.407755 0.0802732 9.99561E-05 9.99561E-05
0.00575199 9.99561E-05 0.66281 9.99561E-05 0.00665139 0.122366 0.0428153 0.159105 9.99561E-05 9.99561E-05 9.99561E-05
0.0270416 9.99473E-05 0.489793 0.258351 9.99473E-05 9.99473E-05 0.000789989 0.223424 9.99473E-05 9.99473E-05 9.99473E-05
9.99562E-05 9.99562E-05 0.520363 0.120889 9.99562E-05 0.00811431 9.99562E-05 0.142771 0.0506452 9.99562E-05 0.156718
0.00092935 9.99649E-05 0.327341 0.0294589 0.0506613 0.201939 9.99649E-05 0.134906 9.99649E-05 9.99649E-05 0.254365
0.0963485 9.99649E-05 0.10327 0.125844 0.0234906 0.190385 9.99649E-05 0.387221 9.99649E-05 0.0730403 9.99649E-05
9.99561E-05 9.99561E-05 0.307018 0.0663847 0.210294 0.140111 0.0760438 0.199648 9.99561E-05 9.99561E-05 9.99561E-05
0.122532 0.062552 0.190593 9.99649E-05 0.251119 0.0556422 0.226217 0.0909447 9.99649E-05 9.99649E-05 9.99649E-05
0.00226109 9.99561E-05 0.400071 9.99561E-05 0.0949257 0.0234343 0.150296 0.328512 9.99561E-05 9.99561E-05 9.99561E-05
0.00159927 0.0495319 0.406315 9.99737E-05 9.99737E-05 0.059477 0.101068 0.078563 0.0558286 9.99737E-05 0.247318
0.0580666 9.99737E-05 0.355832 0.14738 0.086789 0.0300441 0.0118208 0.179796 9.99737E-05 9.99737E-05 0.129973
9.99561E-05 9.99561E-05 0.365687 0.1535 0.176567 9.99561E-05 0.0825876 0.215991 0.00516794 9.99561E-05 9.99561E-05
0.139453 9.99649E-05 0.146659 0.12936 0.0782604 0.230166 9.99649E-05 0.221444 9.99649E-05 9.99649E-05 0.0542575
9.99649E-05 9.99649E-05 0.19568 0.170672 0.0124948 0.078495 0.0688924 0.275497 9.99649E-05 9.99649E-05 0.197869
9.99561E-05 9.99561E-05 0.28968 0.0693323 9.99561E-05 0.00741029 0.19833 0.425536 9.99561E-05 0.00921239 9.99561E-05
9.99475E-05 9.99475E-05 0.405332 9.99475E-05 9.99475E-05 0.0277877 0.127024 0.139563 9.99475E-05 9.99475E-05 0.299693
0.0124058 9.99649E-05 0.354819 0.0931048 9.99649E-05 0.0138255 0.126414 0.289025 9.99649E-05 9.99649E-05 0.110007
9.99737E-05 0.179373 0.311093 0.0605557 9.99737E-05 0.0178423 0.0309614 0.178854 9.99737E-05 0.0193883 0.201633
0.120493 9.99825E-05 0.195199 0.109868 0.224499 0.0180842 0.0392752 0.106038 0.0925056 9.99825E-05 0.0938372
0.0566484 9.99561E-05 0.106105 9.99561E-05 0.0568246 0.276327 9.99561E-05 0.238232 9.99561E-05 9.99561E-05 0.265363
0.0282279 9.99562E-05 0.37096 9.99562E-05 9.99562E-05 0.0706866 9.99562E-05 0.13311 9.99562E-05 0.0523577 0.344158
9.99562E-05 9.99562E-05 0.347404 0.100249 9.99562E-05 9.99562E-05 0.0248481 0.0621716 0.102602 9.99562E-05 0.362225
0.0399369 9.9965E-05 0.356927 0.000587345 9.9965E-05 9.9965E-05 0.0387466 0.221824 0.120746 9.9965E-05 0.220832
0.0873951 9.99562E-05 0.237459 0.272897 0.0549457 9.99562E-05 9.99562E-05 0.158951 9.99562E-05 9.99562E-05 0.187852
0.0561227 0.169242 0.238529 9.99737E-05 9.99737E-05 0.0051342 0.0690926 0.188952 9.99737E-05 0.0079165 0.264711
0.178133 0.615455 9.9956E-05 9.9956E-05 0.0386335 0.00537945 9.9956E-05 0.141935 9.9956E-05 0.0199642 9.9956E-05
0.0167007 0.91144 9.99299E-05 9.99299E-05 9.99299E-05 9.99299E-05 9.99299E-05 0.0710594 9.99299E-05 9.99299E-05 9.99299E-05
0.00458355 0.65526 9.9956E-05 0.0194087 0.0119538 0.0569142 9.9956E-05 0.25138 9.9956E-05 9.9956E-05 9.9956E-05
0.127807 0.479712 9.9956E-05 0.092485 9.9956E-05 0.0173137 9.9956E-05 0.258419 9.9956E-05 0.0237626 9.9956E-05
0.201725 0.583157 9.99472E-05 0.0877517 9.99472E-05 9.99472E-05 9.99472E-05 0.102688 9.99472E-05 0.0240788 9.99472E-05
0.196047 0.507649 9.99385E-05 9.99385E-05 9.99385E-05 9.99385E-05 9.99385E-05 0.28609 9.99385E-05 0.00951555 9.99385E-05
0.115645 0.548576 9.99473E-05 9.99473E-05 9.99473E-05 0.108238 0.0202106 0.206731 9.99473E-05 9.99473E-05 9.99473E-05
0.323585 0.517299 9.99473E-05 9.99473E-05 9.99473E-05 0.00377314 9.99473E-05 0.142496 9.99473E-05 0.0122478 9.99473E-05
0.386293 0.158312 0.337817 9.9956E-05 9.9956E-05 0.0139312 0.02421 0.0789374 9.9956E-05 9.9956E-05 9.9956E-05
0.275522 0.310407 9.99385E-05 9.99385E-05 0.052158 9.99385E-05 9.99385E-05 0.361213 9.99385E-05 9.99385E-05 9.99385E-05
0.0315542 0.66908 0.298566 9.99298E-05 9.99298E-05 9.99298E-05 9.99298E-05 9.99298E-05 9.99298E-05 9.99298E-05 9.99298E-05
9.99385E-05 0.691514 0.138917 9.99385E-05 9.99385E-05 0.0498459 9.99385E-05 0.119023 9.99385E-05 9.99385E-05 9.99385E-05
0.151557 0.75619 9.99473E-05 0.0482858 9.99473E-05 0.0425102 0.000857035 9.99473E-05 9.99473E-05 9.99473E-05 9.99473E-05
0.182282 0.480366 0.0415487 9.99561E-05 9.99561E-05 0.0227048 9.99561E-05 0.193581 0.0790177 9.99561E-05 9.99561E-05
0.1278 0.550452 9.99561E-05 0.173426 9.99561E-05 0.0956712 0.0384923 9.99561E-05 9.99561E-05 0.0136583 9.99561E-05
0.109304 0.475563 0.0268796 9.99649E-05 9.99649E-05 0.0318997 0.107578 0.186735 9.99649E-05 0.0616404 9.99649E-05
0.068862 0.549192 0.148239 9.99561E-05 9.99561E-05 0.00518321 9.99561E-05 0.181804 9.99561E-05 0.0462201 9.99561E-05
0.165414 0.613387 9.99561E-05 9.99561E-05 0.10167 0.0514385 0.0538469 0.0137443 9.99561E-05 9.99561E-05 9.99561E-05
0.0876574 0.813612 9.99385E-05 9.99385E-05 0.025658 0.0723725 9.99385E-05 9.99385E-05 9.99385E-05 9.99385E-05 9.99385E-05
0.139657 0.582833 9.99473E-05 9.99473E-05 9.99473E-05 0.00854702 9.99473E-05 0.153604 9.99473E-05 0.114759 9.99473E-05
0.175831 0.539599 0.0605375 9.99473E-05 0.129404 9.99473E-05 9.99473E-05 0.0940291 9.99473E-05 9.99473E-05 9.99473E-05
0.0904118 0.64521 9.99473E-05 0.0187346 9.99473E-05 0.0859357 9.99473E-05 0.159109 9.99473E-05 9.99473E-05 9.99473E-05
0.263559 0.181755 0.0852862 9.99649E-05 0.059042 9.99649E-05 9.99649E-05 0.305875 0.0301559 0.0739266 9.99649E-05
0.216858 0.694222 9.99473E-05 9.99473E-05 9.99473E-05 0.032071 9.99473E-05 0.0427891 0.01346 9.99473E-05 9.99473E-05
0.291186 0.199089 0.0384593 9.99649E-05 0.0343126 0.0238892 9.99649E-05 0.253086 9.99649E-05 0.159578 9.99649E-05
0.18186 0.520007 0.134247 0.0139715 9.99474E-05 9.99474E-05 9.99474E-05 0.149315 9.99474E-05 9.99474E-05 9.99474E-05
9.99386E-05 0.826518 9.99386E-05 9.99386E-05 9.99386E-05 9.99386E-05 9.99386E-05 0.0429463 0.119599 9.99386E-05 0.0102371
0.175709 0.471807 9.99472E-05 9.99472E-05 0.109298 9.99472E-05 9.99472E-05 0.240867 9.99472E-05 0.00171939 9.99472E-05
0.294718 0.414216 9.99298E-05 9.99298E-05 9.99298E-05 9.99298E-05 9.99298E-05 0.290266 9.99298E-05 9.99298E-05 9.99298E-05
0.0674571 0.694446 9.99473E-05 9.99473E-05 9.99473E-05 0.0460734 9.99473E-05 0.122168 9.99473E-05 0.0692555 9.99473E-05
0.0738186 0.558857 9.99473E-05 9.99473E-05 9.99473E-05 0.0319806 0.07645 0.258294 9.99473E-05 9.99473E-05 9.99473E-05
0.0293639 0.640825 9.99736E-05 0.0438351 9.99736E-05 0.0320024 0.0186976 0.143356 0.0649924 0.0266278 9.99736E-05
0.334283 0.238255 9.9956E-05 9.9956E-05 9.9956E-05 0.0382843 0.00400043 0.170466 9.9956E-05 0.214211 9.9956E-05
0.0967366 0.551063 9.99472E-05 9.99472E-05 9.99472E-05 0.018825 9.99472E-05 0.254534 9.99472E-05 0.0782417 9.99472E-05
0.0373274 0.823577 9.99385E-05 9.99385E-05 9.99385E-05 9.99385E-05 9.99385E-05 0.122924 9.99385E-05 0.0154726 9.99385E-05
0.103147 0.710527 0.0362699 9.99648E-05 9.99648E-05 0.031648 0.090549 9.99648E-05 0.00636136 0.021097 9.99648E-05
0.219206 0.337173 9.99473E-05 0.173827 9.99473E-05 0.0108653 9.99473E-05 0.258329 9.99473E-05 9.99473E-05 9.99473E-05
0.0514611 0.940431 9.99298E-05 0.00730821 9.99298E-05 9.99298E-05 9.99298E-05 9.99298E-05 9.99298E-05 9.99298E-05 9.99298E-05
0.0314853 0.822423 9.99386E-05 0.057838 9.99386E-05 9.99386E-05 9.99386E-05 0.0875539 9.99386E-05 9.99386E-05 9.99386E-05
0.00227596 0.989105 9.99298E-05 9.99298E-05 9.99298E-05 0.00781932 9.99298E-05 9.99298E-05 9.99298E-05 9.99298E-05 9.99298E-05
0.0297558 0.87538 0.0671144 9.99386E-05 9.99386E-05 9.99386E-05 9.99386E-05 9.99386E-05 9.99386E-05 0.0270502 9.99386E-05
0.165807 0.279651 0.109202 9.9956E-05 0.0108753 0.0298969 9.9956E-05 0.404067 9.9956E-05 9.9956E-05 9.9956E-05
0.232383 0.635938 9.99561E-05 0.0360438 0.0650108 9.99561E-05 0.00940386 0.0207212 9.99561E-05 9.99561E-05 9.99561E-05
0.106514 0.723965 9.99386E-05 9.99386E-05 9.99386E-05 9.99386E-05 9.99386E-05 0.0583421 9.99386E-05 0.110479 9.99386E-05
9.99386E-05 0.950447 9.99386E-05 9.99386E-05 9.99386E-05 9.99386E-05 9.99386E-05 0.0191594 0.0283085 9.99386E-05 0.00138566
0.305341 0.243252 0.162759 9.99472E-05 9.99472E-05 9.99472E-05 9.99472E-05 0.0951932 9.99472E-05 0.192855 9.99472E-05
0.171568 0.442504 9.99561E-05 0.00477706 9.99561E-05 0.0395881 0.0770954 0.263968 9.99561E-05 9.99561E-05 9.99561E-05
0.189362 0.409723 0.117814 0.0969519 0.0347031 9.99649E-05 9.99649E-05 0.0489866 0.10206 9.99649E-05 9.99649E-05
0.29413 0.26533 9.99386E-05 9.99386E-05 9.99386E-05 0.0137628 9.99386E-05 0.426077 9.99386E-05 9.99386E-05 9.99386E-05
9.99123E-05 0.999001 9.99123E-05 9.99123E-05 9.99123E-05 9.99123E-05 9.99123E-05 9.99123E-05 9.99123E-05 9.99123E-05 9.99123E-05
0.0568853 0.405724 9.99648E-05 9.99648E-05 0.0870225 0.0409985 0.101287 0.289377 9.99648E-05 0.0183061 9.99648E-05
0.100998 0.860265 0.0379379 9.99299E-05 9.99299E-05 9.99299E-05 9.99299E-05 9.99299E-05 9.99299E-05 9.99299E-05 9.99299E-05
0.16921 0.683192 9.99386E-05 9.99386E-05 9.99386E-05 0.036515 9.99386E-05 0.110384 9.99386E-05 9.99386E-05 9.99386E-05
0.15971 0.618823 0.0318705 0.0693639 9.99561E-05 9.99561E-05 0.112201 0.00753261 9.99561E-05 9.99561E-05 9.99561E-05
0.0700106 0.621652 9.9956E-05 0.119568 9.9956E-05 0.0513129 0.0667305 0.0702262 9.9956E-05 9.9956E-05 9.9956E-05
0.269001 0.218202 0.253568 9.99385E-05 9.99385E-05 9.99385E-05 9.99385E-05 0.25853 9.99385E-05 9.99385E-05 9.99385E-05
0.191206 0.577115 9.99472E-05 9.99472E-05 9.99472E-05 0.0167619 9.99472E-05 0.196624 0.0176936 9.99472E-05 9.99472E-05
0.0935851 0.58008 9.9956E-05 9.9956E-05 0.0967344 9.9956E-05 9.9956E-05 0.11202 0.0337747 0.0833055 9.9956E-05
0.0208297 0.72921 9.99385E-05 9.99385E-05 9.99385E-05 9.99385E-05 9.99385E-05 0.0769787 9.99385E-05 0.172282 9.99385E-05
0.196611 0.683181 0.103059 9.99385E-05 9.99385E-05 9.99385E-05 9.99385E-05 0.0164497 9.99385E-05 9.99385E-05 9.99385E-05
9.9912E-05 9.9912E-05 9.9912E-05 9.9912E-05 9.9912E-05 9.9912E-05 9.9912E-05 0.999001 9.9912E-05 9.9912E-05 9.9912E-05
0.999001 9.9912E-05 9.9912E-05 9.9912E-05 9.9912E-05 9.9912E-05 9.9912E-05 9.9912E-05 9.9912E-05 9.9912E-05 9.9912E-05
9.9912E-05 9.9912E-05 9.9912E-05 9.9912E-05 9.9912E-05 9.9912E-05 9.9912E-05 0.999001 9.9912E-05 9.9912E-05 9.9912E-05
0.999001 9.9912E-05 9.9912E-05 9.9912E-05 9.9912E-05 9.9912E-05 9.9912E-05 9.9912E-05 9.9912E-05 9.9912E-05 9.9912E-05
0.999001 9.9912E-05 9.9912E-05 9.9912E-05 9.9912E-05 9.9912E-05 9.9912E-05 9.9912E-05 9.9912E-05 9.9912E-05 9.9912E-05
0.999001 9.9912E-05 9.9912E-05 9.9912E-05 9.9912E-05 9.9912E-05 9.9912E-05 9.9912E-05 9.9912E-05 9.9912E-05 9.9912E-05
9.99119E-05 9.99119E-05 9.99119E-05 9.99119E-05 9.99119E-05 9.99119E-05 9.99119E-05 0.999001 9.99119E-05 9.99119E-05 9.99119E-05
0.999001 9.9912E-05 9.9912E-05 9.9912E-05 9.9912E-05 9.9912E-05 9.9912E-05 9.9912E-05 9.9912E-05 9.9912E-05 9.9912E-05
0.999001 9.9912E-05 9.9912E-05 9.9912E-05 9.9912E-05 9.9912E-05 9.9912E-05 9.9912E-05 9.9912E-05 9.9912E-05 9.9912E-05
9.9912E-05 9.9912E-05 9.9912E-05 9.9912E-05 9.9912E-05 9.9912E-05 9.9912E-05 0.999001 9.9912E-05 9.9912E-05 9.9912E-05
9.99119E-05 9.99119E-05 9.99119E-05 9.99119E-05 9.99119E-05 9.99119E-05 9.99119E-05 0.999001 9.99119E-05 9.99119E-05 9.99119E-05
9.9912E-05 9.9912E-05 9.9912E-05 9.9912E-05 9.9912E-05 9.9912E-05 9.9912E-05 0.999001 9.9912E-05 9.9912E-05 9.9912E-05
0.999001 9.99119E-05 9.99119E-05 9.99119E-05 9.99119E-05 9.99119E-05 9.99119E-05 9.99119E-05 9.99119E-05 9.99119E-05 9.99119E-05
0.999001 9.9912E-05 9.9912E-05 9.9912E-05 9.9912E-05 9.9912E-05 9.9912E-05 9.9912E-05 9.9912E-05 9.9912E-05 9.9912E-05
9.9912E-05 9.9912E-05 9.9912E-05 9.9912E-05 9.9912E-05 9.9912E-05 9.9912E-05 0.999001 9.9912E-05 9.9912E-05 9.9912E-05
9.99119E-05 9.99119E-05 9.99119E-05 9.99119E-05 9.99119E-05 9.99119E-05 9.99119E-05 0.999001 9.99119E-05 9.99119E-05 9.99119E-05
0.163634 0.360557 9.99648E-05 9.99648E-05 0.0478289 9.99648E-05 0.101765 0.18759 0.0721209 0.0661036 9.99648E-05
9.9912E-05 9.9912E-05 9.9912E-05 9.9912E-05 9.9912E-05 9.9912E-05 9.9912E-05 0.999001 9.9912E-05 9.9912E-05 9.9912E-05
0.999001 9.9912E-05 9.9912E-05 9.9912E-05 9.9912E-05 9.9912E-05 9.9912E-05 9.9912E-05 9.9912E-05 9.9912E-05 9.9912E-05
9.9912E-05 9.9912E-05 9.9912E-05 9.9912E-05 9.9912E-05 9.9912E-05 9.9912E-05 0.999001 9.9912E-05 9.9912E-05 9.9912E-05
9.9912E-05 9.9912E-05 9.9912E-05 9.9912E-05 9.9912E-05 9.9912E-05 9.9912E-05 0.999001 9.9912E-05 9.9912E-05 9.9912E-05
9.9912E-05 9.9912E-05 9.9912E-05 9.9912E-05 9.9912E-05 9.9912E-05 9.9912E-05 0.999001 9.9912E-05 9.9912E-05 9.9912E-05
0.999001 9.9912E-05 9.9912E-05 9.9912E-05 9.9912E-05 9.9912E-05 9.9912E-05 9.9912E-05 9.9912E-05 9.9912E-05 9.9912E-05
9.9912E-05 9.9912E-05 9.9912E-05 9.9912E-05 9.9912E-05 9.9912E-05 9.9912E-05 0.999001 9.9912E-05 9.9912E-05 9.9912E-05
0.999001 9.9912E-05 9.9912E-05 9.9912E-05 9.9912E-05 9.9912E-05 9.9912E-05 9.9912E-05 9.9912E-05 9.9912E-05 9.9912E-05
9.9912E-05 9.9912E-05 9.9912E-05 9.9912E-05 9.9912E-05 9.9912E-05 9.9912E-05 0.999001 9.9912E-05 9.9912E-05 9.9912E-05
9.99119E-05 9.99119E-05 9.99119E-05 9.99119E-05 9.99119E-05 9.99119E-05 9.99119E-05 0.999001 9.99119E-05 9.99119E-05 9.99119E-05
0.999001 9.99119E-05 9.99119E-05 9.99119E-05 9.99119E-05 9.99119E-05 9.99119E-05 9.99119E-05 9.99119E-05 9.99119E-05 9.99119E-05
0.999001 9.9912E-05 9.9912E-05 9.9912E-05 9.9912E-05 9.9912E-05 9.9912E-05 9.9912E-05 9.9912E-05 9.9912E-05 9.9912E-05
0.999001 9.9912E-05 9.9912E-05 9.9912E-05 9.9912E-05 9.9912E-05 9.9912E-05 9.9912E-05 9.9912E-05 9.9912E-05 9.9912E-05
9.9912E-05 9.9912E-05 9.9912E-05 9.9912E-05 9.9912E-05 9.9912E-05 9.9912E-05 0.999001 9.9912E-05 9.9912E-05 9.9912E-05
9.9912E-05 9.9912E-05 9.9912E-05 9.9912E-05 9.9912E-05 9.9912E-05 9.9912E-05 0.999001 9.9912E-05 9.9912E-05 9.9912E-05
9.99119E-05 9.99119E-05 9.99119E-05 9.99119E-05 9.99119E-05 9.99119E-05 9.99119E-05 0.999001 9.99119E-05 9.99119E-05 9.99119E-05
9.9912E-05 9.9912E-05 9.9912E-05 9.9912E-05 9.9912E-05 9.9912E-05 9.9912E-05 0.999001 9.9912E-05 9.9912E-05 9.9912E-05
9.9912E-05 9.9912E-05 9.9912E-05 9.9912E-05 9.9912E-05 9.9912E-05 9.9912E-05 0.999001 9.9912E-05 9.9912E-05 9.9912E-05
0.999001 9.9912E-05 9.9912E-05 9.9912E-05 9.9912E-05 9.9912E-05 9.9912E-05 9.9912E-05 9.9912E-05 9.9912E-05 9.9912E-05
0.999001 9.9912E-05 9.9912E-05 9.9912E-05 9.9912E-05 9.9912E-05 9.9912E-05 9.9912E-05 9.9912E-05 9.9912E-05 9.9912E-05
0.999001 9.9912E-05 9.9912E-05 9.9912E-05 9.9912E-05 9.9912E-05 9.9912E-05 9.9912E-05 9.9912E-05 9.9912E-05 9.9912E-05
9.9912E-05 9.9912E-05 9.9912E-05 9.9912E-05 9.9912E-05 9.9912E-05 9.9912E-05 0.999001 9.9912E-05 9.9912E-05 9.9912E-05
0.999001 9.9912E-05 9.9912E-05 9.9912E-05 9.9912E-05 9.9912E-05 9.9912E-05 9.9912E-05 9.9912E-05 9.9912E-05 9.9912E-05
0.999001 9.9912E-05 9.9912E-05 9.9912E-05 9.9912E-05 9.9912E-05 9.9912E-05 9.9912E-05 9.9912E-05 9.9912E-05 9.9912E-05
0.999001 9.9912E-05 9.9912E-05 9.9912E-05 9.9912E-05 9.9912E-05 9.9912E-05 9.9912E-05 9.9912E-05 9.9912E-05 9.9912E-05
0.999001 9.9912E-05 9.9912E-05 9.9912E-05 9.9912E-05 9.9912E-05 9.9912E-05 9.9912E-05 9.9912E-05 9.9912E-05 9.9912E-05
9.9912E-05 9.9912E-05 9.9912E-05 9.9912E-05 9.9912E-05 9.9912E-05 9.9912E-05 0.999001 9.9912E-05 9.9912E-05 9.9912E-05
0.999001 9.99121E-05 9.99121E-05 9.99121E-05 9.99121E-05 9.99121E-05 9.99121E-05 9.99121E-05 9.99121E-05 9.99121E-05 9.99121E-05
0.999001 9.99119E-05 9.99119E-05 9.99119E-05 9.99119E-05 9.99119E-05 9.99119E-05 9.99119E-05 9.99119E-05 9.99119E-05 9.99119E-05
0.133205 0.306594 9.99736E-05 0.0543415 0.025991 9.99736E-05 0.145283 0.252541 0.0372502 0.0444949 9.99736E-05
9.99119E-05 9.99119E-05 9.99119E-05 9.99119E-05 9.99119E-05 9.99119E-05 9.99119E-05 0.999001 9.99119E-05 9.99119E-05 9.99119E-05
0.999001 9.9912E-05 9.9912E-05 9.9912E-05 9.9912E-05 9.9912E-05 9.9912E-05 9.9912E-05 9.9912E-05 9.9912E-05 9.9912E-05
0.999001 9.9912E-05 9.9912E-05 9.9912E-05 9.9912E-05 9.9912E-05 9.9912E-05 9.9912E-05 9.9912E-05 9.9912E-05 9.9912E-05
0.999001 9.9912E-05 9.9912E-05 9.9912E-05 9.9912E-05 9.9912E-05 9.9912E-05 9.9912E-05 9.9912E-05 9.9912E-05 9.9912E-05
0.999001 9.9912E-05 9.9912E-05 9.9912E-05 9.9912E-05 9.9912E-05 9.9912E-05 9.9912E-05 9.9912E-05 9.9912E-05 9.9912E-05
9.9912E-05 9.9912E-05 9.9912E-05 9.9912E-05 9.9912E-05 9.9912E-05 9.9912E-05 0.999001 9.9912E-05 9.9912E-05 9.9912E-05
0.999001 9.9912E-05 9.9912E-05 9.9912E-05 9.9912E-05 9.9912E-05 9.9912E-05 9.9912E-05 9.9912E-05 9.9912E-05 9.9912E-05
9.99119E-05 9.99119E-05 9.99119E-05 9.99119E-05 9.99119E-05 9.99119E-05 9.99119E-05 0.999001 9.99119E-05 9.99119E-05 9.99119E-05
0.999001 9.9912E-05 9.9912E-05 9.9912E-05 9.9912E-05 9.9912E-05 9.9912E-05 9.9912E-05 9.9912E-05 9.9912E-05 9.9912E-05
9.99119E-05 9.99119E-05 9.99119E-05 9.99119E-05 9.99119E-05 9.99119E-05 9.99119E-05 0.999001 9.99119E-05 9.99119E-05 9.99119E-05
0.999001 9.9912E-05 9.9912E-05 9.9912E-05 9.9912E-05 9.9912E-05 9.9912E-05 9.9912E-05 9.9912E-05 9.9912E-05 9.9912E-05
0.999001 9.9912E-05 9.9912E-05 9.9912E-05 9.9912E-05 9.9912E-05 9.9912E-05 9.9912E-05 9.9912E-05 9.9912E-05 9.9912E-05
0.999001 9.9912E-05 9.9912E-05 9.9912E-05 9.9912E-05 9.9912E-05 9.9912E-05 9.9912E-05 9.9912E-05 9.9912E-05 9.9912E-05
0.999001 9.9912E-05 9.9912E-05 9.9912E-05 9.9912E-05 9.9912E-05 9.9912E-05 9.9912E-05 9.9912E-05 9.9912E-05 9.9912E-05
0.999001 9.9912E-05 9.9912E-05 9.9912E-05 9.9912E-05 9.9912E-05 9.9912E-05 9.9912E-05 9.9912E-05 9.9912E-05 9.9912E-05
0.999001 9.9912E-05 9.9912E-05 9.9912E-05 9.9912E-05 9.9912E-05 9.9912E-05 9.9912E-05 9.9912E-05 9.9912E-05 9.9912E-05
9.99119E-05 9.99119E-05 9.99119E-05 9.99119E-05 9.99119E-05 9.99119E-05 9.99119E-05 0.999001 9.99119E-05 9.99119E-05 9.99119E-05
9.99119E-05 9.99119E-05 9.99119E-05 9.99119E-05 9.99119E-05 9.99119E-05 9.99119E-05 0.999001 9.99119E-05 9.99119E-05 9.99119E-05
9.9912E-05 9.9912E-05 9.9912E-05 9.9912E-05 9.9912E-05 9.9912E-05 9.9912E-05 0.999001 9.9912E-05 9.9912E-05 9.9912E-05
0.999001 9.9912E-05 9.9912E-05 9.9912E-05 9.9912E-05 9.9912E-05 9.9912E-05 9.9912E-05 9.9912E-05 9.9912E-05 9.9912E-05
9.99119E-05 9.99119E-05 9.99119E-05 9.99119E-05 9.99119E-05 9.99119E-05 9.99119E-05 0.999001 9.99119E-05 9.99119E-05 9.99119E-05
9.99119E-05 9.99119E-05 9.99119E-05 9.99119E-05 9.99119E-05 9.99119E-05 9.99119E-05 0.999001 9.99119E-05 9.99119E-05 9.99119E-05
9.9912E-05 9.9912E-05 9.9912E-05 9.9912E-05 9.9912E-05 9.9912E-05 9.9912E-05 0.999001 9.9912E-05 9.9912E-05 9.9912E-05
0.999001 9.9912E-05 9.9912E-05 9.9912E-05 9.9912E-05 9.9912E-05 9.9912E-05 9.9912E-05 9.9912E-05 9.9912E-05 9.9912E-05
0.999001 9.9912E-05 9.9912E-05 9.9912E-05 9.9912E-05 9.9912E-05 9.9912E-05 9.9912E-05 9.9912E-05 9.9912E-05 9.9912E-05
0.999001 9.9912E-05 9.9912E-05 9.9912E-05 9.9912E-05 9.9912E-05 9.9912E-05 9.9912E-05 9.9912E-05 9.9912E-05 9.9912E-05
9.99119E-05 9.99119E-05 9.99119E-05 9.99119E-05 9.99119E-05 9.99119E-05 9.99119E-05 0.999001 9.99119E-05 9.99119E-05 9.99119E-05
0.999001 9.9912E-05 9.9912E-05 9.9912E-05 9.9912E-05 9.9912E-05 9.9912E-05 9.9912E-05 9.9912E-05 9.9912E-05 9.9912E-05
0.999001 9.9912E-05 9.9912E-05 9.9912E-05 9.9912E-05 9.9912E-05 9.9912E-05 9.9912E-05 9.9912E-05 9.9912E-05 9.9912E-05
9.99119E-05 9.99119E-05 9.99119E-05 9.99119E-05 9.99119E-05 9.99119E-05 9.99119E-05 0.999001 9.99119E-05 9.99119E-05 9.99119E-05
0.999001 9.9912E-05 9.9912E-05 9.9912E-05 9.9912E-05 9.9912E-05 9.9912E-05 9.9912E-05 9.9912E-05 9.9912E-05 9.9912E-05
0.999001 9.9912E-05 9.9912E-05 9.9912E-05 9.9912E-05 9.9912E-05 9.9912E-05 9.9912E-05 9.9912E-05 9.9912E-05 9.9912E-05
0.16699 0.095037 0.073012 0.103545 9.99736E-05 0.107709 0.056037 0.338919 9.99736E-05 0.0584508 9.99736E-05
9.9912E-05 9.9912E-05 9.9912E-05 9.9912E-05 9.9912E-05 9.9912E-05 9.9912E-05 0.999001 9.9912E-05 9.9912E-05 9.9912E-05
0.999001 9.9912E-05 9.9912E-05 9.9912E-05 9.9912E-05 9.9912E-05 9.9912E-05 9.9912E-05 9.9912E-05 9.9912E-05 9.9912E-05
0.49365 0.367684 9.99561E-05 9.99561E-05 9.99561E-05 0.00856883 0.00144778 0.0375317 0.0906173 9.99561E-05 9.99561E-05
0.262934 0.365761 9.99649E-05 9.99649E-05 0.00348508 9.99649E-05 0.0415003 0.202173 0.0443166 0.0794305 9.99649E-05
0.156251 0.346157 9.99385E-05 9.99385E-05 9.99385E-05 9.99385E-05 9.99385E-05 0.439798 0.0570949 9.99385E-05 9.99385E-05
9.9956E-05 0.595351 9.9956E-05 0.0916282 9.9956E-05 9.9956E-05 0.0626042 0.168455 0.0130376 0.0684247 9.9956E-05
0.240821 0.248623 0.204872 9.99384E-05 9.99384E-05 9.99384E-05 9.99384E-05 0.304984 9.99384E-05 9.99384E-05 9.99384E-05
0.0953973 0.877733 9.99387E-05 9.99387E-05 9.99387E-05 9.99387E-05 9.99387E-05 0.0219831 9.99387E-05 9.99387E-05 0.00418734
0.344511 0.111175 0.1075 9.99649E-05 0.157918 0.0644121 9.99649E-05 0.207954 0.00613023 9.99649E-05 9.99649E-05
0.154192 0.527697 9.99648E-05 0.0604334 9.99648E-05 0.0989243 9.99648E-05 0.0967532 0.0582944 0.00330576 9.99648E-05
0.217114 0.722236 9.99298E-05 0.0598505 9.99298E-05 9.99298E-05 9.99298E-05 9.99298E-05 9.99298E-05 9.99298E-05 9.99298E-05
9.99561E-05 0.592343 9.99561E-05 0.0161777 0.0525535 9.99561E-05 0.0353048 0.278694 0.0244274 9.99561E-05 9.99561E-05
0.0835841 0.535485 9.99385E-05 9.99385E-05 9.99385E-05 0.101667 9.99385E-05 0.278564 9.99385E-05 9.99385E-05 9.99385E-05
0.514903 0.365109 9.99385E-05 9.99385E-05 0.0208992 9.99385E-05 9.99385E-05 0.0983891 9.99385E-05 9.99385E-05 9.99385E-05
0.22549 0.168869 0.0475624 0.105793 9.99561E-05 9.99561E-05 0.169448 0.282339 9.99561E-05 9.99561E-05 9.99561E-05
0.103821 0.671428 9.9944E-05 0.137748 0.0863034 9.9944E-05 9.9944E-05 9.9944E-05 9.9944E-05 9.9944E-05 9.9944E-05
0.170957 0.460746 9.99384E-05 9.99384E-05 9.99384E-05 0.0657339 9.99384E-05 0.301863 9.99384E-05 9.99384E-05 9.99384E-05
0.278743 0.272429 0.121311 9.99561E-05 0.0248889 0.0502673 9.99561E-05 0.251861 9.99561E-05 9.99561E-05 9.99561E-05
0.210456 0.574118 0.028579 9.99561E-05 9.99561E-05 9.99561E-05 9.99561E-05 0.102021 0.0795019 0.0048238 9.99561E-05
0.0749204 0.279386 0.0193697 0.00616439 9.99648E-05 0.0856937 0.091299 0.442767 9.99648E-05 9.99648E-05 9.99648E-05
0.130066 0.433107 0.269718 9.9956E-05 0.00517319 0.0466899 9.9956E-05 9.9956E-05 9.9956E-05 0.114746 9.9956E-05
0.175157 0.38567 9.99472E-05 9.99472E-05 0.0912474 9.99472E-05 9.99472E-05 0.268185 0.0791414 9.99472E-05 9.99472E-05
0.133087 0.53327 0.0197377 9.9956E-05 0.13192 9.9956E-05 9.9956E-05 0.086251 9.9956E-05 0.0952339 9.9956E-05
0.252796 0.520392 0.043769 9.99648E-05 0.02991 0.00454144 0.142726 0.0054656 9.99648E-05 9.99648E-05 9.99648E-05
0.217897 0.337333 9.99561E-05 0.0424323 9.99561E-05 9.99561E-05 0.105195 0.213736 9.99561E-05 0.0829065 9.99561E-05
0.234052 0.445699 9.99384E-05 9.99384E-05 9.99384E-05 0.0329321 9.99384E-05 0.286617 9.99384E-05 9.99384E-05 9.99384E-05
0.0269356 0.575441 0.0551308 0.147097 9.99648E-05 0.00697085 9.99648E-05 0.0844388 0.103587 9.99648E-05 9.99648E-05
0.00521254 0.961429 0.0325588 9.99298E-05 9.99298E-05 9.99298E-05 9.99298E-05 9.99298E-05 9.99298E-05 9.99298E-05 9.99298E-05
0.0902153 0.53877 0.00789142 9.9956E-05 0.179431 9.9956E-05 9.9956E-05 0.163979 0.0192131 9.9956E-05 9.9956E-05
0.315007 0.181081 9.99561E-05 0.115053 9.99561E-05 9.99561E-05 9.99561E-05 0.23113 0.1109 0.0463285 9.99561E-05
0.00582197 0.715796 9.99648E-05 0.0610145 0.0379988 9.99648E-05 0.0110872 0.152952 9.99648E-05 0.01493 9.99648E-05
0.216203 0.4452 9.99473E-05 0.123973 9.99473E-05 9.99473E-05 9.99473E-05 0.144041 9.99473E-05 0.0699842 9.99473E-05
0.383442 0.218668 0.0494016 9.99561E-05 0.02091 0.0742594 9.99561E-05 0.252819 9.99561E-05 9.99561E-05 9.99561E-05
0.240535 0.575523 0.0651622 9.99473E-05 9.99473E-05 0.00291343 9.99473E-05 0.115267 9.99473E-05 9.99473E-05 9.99473E-05
0.215782 0.344904 0.191047 0.0315775 0.0558313 9.9956E-05 9.9956E-05 0.160359 9.9956E-05 9.9956E-05 9.9956E-05
0.241485 0.391994 9.99561E-05 0.01965 0.0325509 0.083951 9.99561E-05 0.229869 9.99561E-05 9.99561E-05 9.99561E-05
0.195655 0.372278 9.99472E-05 0.173253 9.99472E-05 0.0155747 9.99472E-05 0.24264 9.99472E-05 9.99472E-05 9.99472E-05
0.0885971 0.610574 9.99385E-05 9.99385E-05 0.073768 9.99385E-05 9.99385E-05 0.226361 9.99385E-05 9.99385E-05 9.99385E-05
9.99122E-05 0.999001 9.99122E-05 9.99122E-05 9.99122E-05 9.99122E-05 9.99122E-05 9.99122E-05 9.99122E-05 9.99122E-05 9.99122E-05
9.9956E-05 0.35725 0.10324 0.007813 9.9956E-05 0.112155 0.130499 0.288544 9.9956E-05 9.9956E-05 9.9956E-05
0.0168405 0.665181 9.99561E-05 9.99561E-05 9.99561E-05 0.0820327 0.119468 0.0982941 9.99561E-05 0.0176844 9.99561E-05
0.25174 0.373897 0.0178546 9.99472E-05 0.261339 9.99472E-05 9.99472E-05 0.0945691 9.99472E-05 9.99472E-05 9.99472E-05
0.119338 0.479728 9.9956E-05 0.0465592 0.0218631 9.9956E-05 9.9956E-05 0.308601 9.9956E-05 0.0234107 9.9956E-05
0.0550772 0.542874 0.0825117 9.99649E-05 9.99649E-05 0.00671465 9.99649E-05 0.150094 0.13993 0.0223986 9.99649E-05
0.214461 0.377797 9.99472E-05 9.99472E-05 0.207224 9.99472E-05 9.99472E-05 0.143215 0.0567031 9.99472E-05 9.99472E-05
0.606793 0.149662 0.135214 0.0305684 0.0311546 9.99561E-05 9.99561E-05 0.0461084 9.99561E-05 9.99561E-05 9.99561E-05
0.235412 0.145985 0.108543 0.0645871 9.9956E-05 0.0363612 9.9956E-05 0.408612 9.9956E-05 9.9956E-05 9.9956E-05
0.1786 0.581857 9.99472E-05 0.0693536 9.99472E-05 0.0363636 9.99472E-05 0.133226 9.99472E-05 9.99472E-05 9.99472E-05
0.0638501 0.935251 9.99209E-05 9.99209E-05 9.99209E-05 9.99209E-05 9.99209E-05 9.99209E-05 9.99209E-05 9.99209E-05 9.99209E-05
0.28508 0.569028 9.99472E-05 9.99472E-05 0.0686295 0.0683276 9.99472E-05 9.99472E-05 9.99472E-05 0.00833526 9.99472E-05
9.99299E-05 0.890033 9.99299E-05 9.99299E-05 0.0716843 9.99299E-05 9.99299E-05 0.0374831 9.99299E-05 9.99299E-05 9.99299E-05
0.214506 0.237376 0.214361 0.0190124 9.9956E-05 9.9956E-05 0.109873 0.204371 9.9956E-05 9.9956E-05 9.9956E-05
9.9921E-05 0.874628 0.124473 9.9921E-05 9.9921E-05 9.9921E-05 9.9921E-05 9.9921E-05 9.9921E-05 9.9921E-05 9.9921E-05
0.00549407 0.516326 0.0372354 9.99473E-05 9.99473E-05 0.087998 9.99473E-05 0.352346 9.99473E-05 9.99473E-05 9.99473E-05
9.99472E-05 0.274494 0.227627 9.99472E-05 0.240611 0.0145731 9.99472E-05 0.242095 9.99472E-05 9.99472E-05 9.99472E-05
0.167943 0.364169 0.367023 0.00879425 9.99472E-05 9.99472E-05 9.99472E-05 0.0914709 9.99472E-05 9.99472E-05 9.99472E-05
0.124162 0.535767 9.99736E-05 9.99736E-05 0.0699491 0.107041 0.0490671 0.0258305 0.0615492 0.0263348 9.99736E-05
0.306555 0.466896 0.0340112 9.9956E-05 9.9956E-05 9.9956E-05 9.9956E-05 0.160472 0.0303047 0.00126111 9.9956E-05
9.99299E-05 0.676767 0.145293 9.99299E-05 9.99299E-05 9.99299E-05 9.99299E-05 0.177141 9.99299E-05 9.99299E-05 9.99299E-05
0.230949 0.72643 0.0224206 9.99385E-05 9.99385E-05 0.0195017 9.99385E-05 9.99385E-05 9.99385E-05 9.99385E-05 9.99385E-05
0.266068 0.380181 9.99386E-05 9.99386E-05 9.99386E-05 9.99386E-05 9.99386E-05 0.290675 9.99386E-05 0.0623762 9.99386E-05
0.218802 0.434663 0.150166 9.99386E-05 9.99386E-05 9.99386E-05 9.99386E-05 0.19567 9.99386E-05 9.99386E-05 9.99386E-05
9.99122E-05 0.999001 9.99122E-05 9.99122E-05 9.99122E-05 9.99122E-05 9.99122E-05 9.99122E-05 9.99122E-05 9.99122E-05 9.99122E-05
0.0990422 0.900059 9.99211E-05 9.99211E-05 9.99211E-05 9.99211E-05 9.99211E-05 9.99211E-05 9.99211E-05 9.99211E-05 9.99211E-05
0.0127658 0.733764 9.99387E-05 9.99387E-05 9.99387E-05 9.99387E-05 9.99387E-05 0.18222 9.99387E-05 9.99387E-05 0.0705503
0.0897198 0.606699 9.99473E-05 0.0248904 9.99473E-05 0.127782 9.99473E-05 0.150309 9.99473E-05 9.99473E-05 9.99473E-05
0.298219 0.440476 9.9956E-05 9.9956E-05 9.9956E-05 0.0451249 0.00928076 0.0466438 9.9956E-05 0.159756 9.9956E-05
0.273622 0.60791 9.99473E-05 9.99473E-05 0.00152415 9.99473E-05 0.108299 0.00804568 9.99473E-05 9.99473E-05 9.99473E-05
0.0601045 0.858987 9.99298E-05 9.99298E-05 9.99298E-05 9.99298E-05 9.99298E-05 0.0801087 9.99298E-05 9.99298E-05 9.99298E-05
0.289602 0.246629 0.12384 9.99649E-05 0.0385733 0.00492766 9.99649E-05 0.271441 9.99649E-05 0.0245868 9.99649E-05
0.0687578 0.445994 9.99472E-05 9.99472E-05 9.99472E-05 0.068043 9.99472E-05 0.404474 9.99472E-05 0.0121307 9.99472E-05
9.99298E-05 0.73685 0.22338 9.99298E-05 9.99298E-05 9.99298E-05 9.99298E-05 0.0389711 9.99298E-05 9.99298E-05 9.99298E-05
0.032579 0.425796 0.283391 9.99473E-05 9.99473E-05 9.99473E-05 9.99473E-05 0.240608 9.99473E-05 0.017027 9.99473E-05
9.99387E-05 0.775864 0.0295202 9.99387E-05 9.99387E-05 9.99387E-05 9.99387E-05 0.0915167 9.99387E-05 9.99387E-05 0.1024
0.335713 0.309318 9.99385E-05 9.99385E-05 9.99385E-05 0.0134225 9.99385E-05 0.340847 9.99385E-05 9.99385E-05 9.99385E-05
9.99473E-05 0.476928 0.27475 0.0829009 9.99473E-05 9.99473E-05 0.131926 9.99473E-05 9.99473E-05 0.0328953 9.99473E-05
0.00120972 0.771116 0.0291289 9.99385E-05 9.99385E-05 9.99385E-05 9.99385E-05 0.197846 9.99385E-05 9.99385E-05 9.99385E-05
0.134693 0.547544 0.241897 9.99385E-05 9.99385E-05 9.99385E-05 9.99385E-05 0.0751659 9.99385E-05 9.99385E-05 9.99385E-05
9.99299E-05 0.760853 0.218902 9.99299E-05 9.99299E-05 9.99299E-05 9.99299E-05 0.0194447 9.99299E-05 9.99299E-05 9.99299E-05
9.99385E-05 0.590748 9.99385E-05 0.0110124 0.200419 9.99385E-05 9.99385E-05 0.197121 9.99385E-05 9.99385E-05 9.99385E-05
0.0612369 0.733152 0.204812 9.99299E-05 9.99299E-05 9.99299E-05 9.99299E-05 9.99299E-05 9.99299E-05 9.99299E-05 9.99299E-05
0.414969 0.426014 0.0482318 9.99473E-05 9.99473E-05 0.0538679 9.99473E-05 0.0563175 9.99473E-05 9.99473E-05 9.99473E-05
0.242088 0.541216 9.9956E-05 9.9956E-05 0.0973404 0.0501165 9.9956E-05 0.00389397 0.0648459 9.9956E-05 9.9956E-05
0.195328 0.453884 9.99648E-05 0.00720648 0.198685 0.0101153 9.99648E-05 0.0468714 9.99648E-05 0.0875104 9.99648E-05
9.99299E-05 0.885673 0.112127 9.99299E-05 9.99299E-05 9.99299E-05 9.99299E-05 0.00140027 9.99299E-05 9.99299E-05 9.99299E-05
0.268134 0.652607 9.99386E-05 9.99386E-05 9.99386E-05 0.0383649 9.99386E-05 0.0401947 9.99386E-05 9.99386E-05 9.99386E-05
0.202851 0.416504 0.176596 9.9956E-05 9.9956E-05 9.9956E-05 0.0420595 9.9956E-05 0.06952 0.091969 9.9956E-05
0.0407779 0.788818 0.0470627 9.99561E-05 9.99561E-05 0.0262112 0.00809296 0.0885372 9.99561E-05 9.99561E-05 9.99561E-05
0.017585 0.522289 9.9956E-05 0.100522 9.9956E-05 0.0641122 9.9956E-05 0.281479 0.0135125 9.9956E-05 9.9956E-05
0.421866 0.276306 9.99473E-05 0.0224245 9.99473E-05 0.0111765 9.99473E-05 0.267627 9.99473E-05 9.99473E-05 9.99473E-05
0.0957513 0.418746 9.99561E-05 9.99561E-05 9.99561E-05 0.0198656 0.0847686 0.379267 9.99561E-05 0.00110137 9.99561E-05
0.218014 0.38851 9.9956E-05 9.9956E-05 9.9956E-05 0.00891142 0.0106992 0.282348 9.9956E-05 0.0910179 9.9956E-05
0.0652377 0.450029 0.125082 9.99561E-05 9.99561E-05 0.0276038 9.99561E-05 0.158217 9.99561E-05 0.17333 9.99561E-05
0.0479355 0.293001 0.130655 0.128218 9.9956E-05 0.049442 9.9956E-05 0.350249 9.9956E-05 9.9956E-05 9.9956E-05
0.281887 0.292449 0.150142 9.99561E-05 9.99561E-05 9.99561E-05 9.99561E-05 0.227227 0.0306949 9.99561E-05 0.0171002
0.0452055 0.344583 0.286264 9.99648E-05 9.99648E-05 0.128801 0.0382557 0.0311562 9.99648E-05 0.125335 9.99648E-05
0.328859 0.522857 0.147484 9.99298E-05 9.99298E-05 9.99298E-05 9.99298E-05 9.99298E-05 9.99298E-05 9.99298E-05 9.99298E-05
9.9921E-05 0.769628 0.229472 9.9921E-05 9.9921E-05 9.9921E-05 9.9921E-05 9.9921E-05 9.9921E-05 9.9921E-05 9.9921E-05
0.357527 0.391538 9.99385E-05 9.99385E-05 0.242951 9.99385E-05 9.99385E-05 9.99385E-05 9.99385E-05 0.00728489 9.99385E-05
0.0783188 0.353763 0.0535056 9.995E-05 0.0402587 0.128412 9.995E-05 0.345242 9.995E-05 9.995E-05 9.995E-05
9.99385E-05 0.45316 9.99385E-05 0.0320302 9.99385E-05 0.005063 9.99385E-05 0.509047 9.99385E-05 9.99385E-05 9.99385E-05
0.116549 0.225292 0.0470395 9.99473E-05 0.0544777 9.99473E-05 9.99473E-05 0.556042 9.99473E-05 9.99473E-05 9.99473E-05
0.256784 0.352932 9.99736E-05 0.0907311 0.0871991 0.0682318 0.0847448 9.99736E-05 0.0128108 0.0462673 9.99736E-05
0.187911 0.387483 9.99473E-05 9.99473E-05 0.00941823 9.99473E-05 9.99473E-05 0.370842 0.0437471 9.99473E-05 9.99473E-05
0.114732 0.209362 0.273926 0.112719 9.99736E-05 0.0672019 0.0175401 0.0329082 9.99736E-05 0.171311 9.99736E-05
0.0402952 0.769507 0.149545 9.99474E-05 9.99474E-05 9.99474E-05 9.99474E-05 9.99474E-05 0.011939 9.99474E-05 0.0281142
0.103658 0.737795 0.0443249 0.000824751 9.99562E-05 9.99562E-05 9.99562E-05 0.102996 9.99562E-05 0.00990119 9.99562E-05
0.174205 0.473223 0.122487 9.99386E-05 9.99386E-05 9.99386E-05 9.99386E-05 0.229385 9.99386E-05 9.99386E-05 9.99386E-05
