0.347908 0.456312 0.0171565 9.99648E-05 0.136291 9.99648E-05 9.99648E-05 9.99648E-05 0.0419339
0.159005 0.803255 9.99561E-05 9.99561E-05 0.0112113 9.99561E-05 9.99561E-05 0.0260287 9.99561E-05
0.0173708 0.912463 9.99561E-05 9.99561E-05 9.99561E-05 0.0123583 9.99561E-05 9.99561E-05 0.057308
0.0687694 0.272968 0.00996997 9.99824E-05 0.119956 0.0393919 0.0705556 0.418189 9.99824E-05
9.99561E-05 0.802525 9.99561E-05 9.99561E-05 9.99561E-05 0.035398 0.00501137 0.156566 9.99561E-05
0.0879277 0.297994 9.99824E-05 0.065897 0.0140188 0.0622852 0.170289 0.301389 9.99824E-05
0.24978 0.302465 9.99649E-05 0.066431 0.113787 9.99649E-05 9.99649E-05 0.267137 9.99649E-05
9.99825E-05 0.228527 9.99825E-05 0.0961518 0.0315196 0.0436697 0.238488 0.346308 0.0151363
0.361956 0.221938 0.137805 9.99561E-05 9.99561E-05 9.99561E-05 0.277801 9.99561E-05 9.99561E-05
9.99561E-05 0.915567 0.00968817 9.99561E-05 9.99561E-05 9.99561E-05 9.99561E-05 0.00800609 0.0662387
0.227366 0.554513 9.99561E-05 9.99561E-05 0.154258 9.99561E-05 0.0633645 9.99561E-05 9.99561E-05
0.00398171 0.798653 9.99561E-05 0.0243809 9.99561E-05 9.99561E-05 9.99561E-05 0.172485 9.99561E-05
0.133949 0.797289 9.99561E-05 9.99561E-05 9.99561E-05 9.99561E-05 0.0319101 0.0363519 9.99561E-05
0.0537148 0.571626 9.99649E-05 0.157771 0.098479 0.118009 9.99649E-05 9.99649E-05 9.99649E-05
0.254692 0.406421 0.0153108 9.99736E-05 9.99736E-05 0.0977994 0.167013 0.0584631 9.99736E-05
0.25199 0.302933 9.99824E-05 0.0894215 0.0206425 9.99824E-05 0.112227 0.216426 0.00616071
0.173033 0.572931 9.99736E-05 0.0435038 0.0704313 0.0839725 9.99736E-05 0.0558288 9.99736E-05
0.311191 0.272597 0.0827552 9.99649E-05 9.99649E-05 9.99649E-05 0.0933975 9.99649E-05 0.239659
0.242832 0.384268 0.0474216 9.99824E-05 0.0246163 9.99824E-05 0.19326 0.0784893 0.0289133
9.99385E-05 0.951914 0.0473865 9.99385E-05 9.99385E-05 9.99385E-05 9.99385E-05 9.99385E-05 9.99385E-05
9.99824E-05 0.448893 0.0987028 0.176109 0.0549206 9.99824E-05 0.135705 0.0718333 0.0136358
0.0574513 0.330134 9.99649E-05 9.99649E-05 0.00663237 9.99649E-05 0.205599 0.399784 9.99649E-05
0.2978 0.618355 9.99473E-05 9.99473E-05 0.0832458 9.99473E-05 9.99473E-05 9.99473E-05 9.99473E-05
0.42325 0.415359 9.99561E-05 0.138041 9.99561E-05 9.99561E-05 9.99561E-05 0.0228496 9.99561E-05
0.327218 0.196484 0.178648 9.99736E-05 9.99736E-05 0.118325 0.0347532 0.144271 9.99736E-05
0.104986 0.708351 9.99736E-05 9.99736E-05 0.0166444 0.0349113 0.0264971 0.10831 9.99736E-05
0.30658 0.08915 9.99912E-05 0.114588 0.0185604 0.259927 0.0175126 0.0530645 0.140517
0.0330944 0.78588 9.99561E-05 9.99561E-05 0.0158799 9.99561E-05 9.99561E-05 0.164646 9.99561E-05
0.238117 0.700163 0.0611205 9.99473E-05 9.99473E-05 9.99473E-05 9.99473E-05 9.99473E-05 9.99473E-05
0.106354 0.75546 0.0157586 0.0137944 0.0465002 0.022021 0.0399114 9.99824E-05 9.99824E-05
0.128884 0.653181 0.0295559 9.99649E-05 0.165341 9.99649E-05 0.0226392 9.99649E-05 9.99649E-05
0.0152053 0.540207 9.99649E-05 9.99649E-05 0.079018 0.193801 9.99649E-05 0.171369 9.99649E-05
0.20432 0.560755 9.99648E-05 0.040852 0.17242 0.0212521 9.99648E-05 9.99648E-05 9.99648E-05
0.139519 0.524833 9.99824E-05 0.0107628 0.0274138 0.157035 9.99824E-05 0.111141 0.0290961
0.0860313 0.781921 0.0642022 9.99649E-05 0.0472166 9.99649E-05 0.0202295 9.99649E-05 9.99649E-05
0.0871183 0.7109 0.0481489 9.99736E-05 0.0510128 9.99736E-05 0.0333571 0.0691629 9.99736E-05
9.99386E-05 0.892501 9.99386E-05 0.106799 9.99386E-05 9.99386E-05 9.99386E-05 9.99386E-05 9.99386E-05
0.16568 0.608076 0.0707364 9.99649E-05 0.0194915 9.99649E-05 0.135617 9.99649E-05 9.99649E-05
0.267145 0.542496 9.99737E-05 9.99737E-05 0.0229298 0.0829436 0.00776933 0.0764155 9.99737E-05
0.0962418 0.494006 9.99648E-05 0.170996 0.0111034 0.227253 9.99648E-05 9.99648E-05 9.99648E-05
0.0741895 0.780168 9.996E-05 9.996E-05 0.0519729 9.996E-05 0.0121602 0.0811092 9.996E-05
0.198479 0.693659 9.99561E-05 9.99561E-05 9.99561E-05 9.99561E-05 0.0495875 0.0577743 9.99561E-05
9.99561E-05 0.818676 0.00640894 9.99561E-05 9.99561E-05 0.0856437 9.99561E-05 0.0887717 9.99561E-05
0.336892 0.450581 9.99649E-05 9.99649E-05 0.086013 9.99649E-05 0.122528 9.99649E-05 0.00358581
0.304801 0.323499 0.0357272 9.99649E-05 0.0203194 9.99649E-05 9.99649E-05 0.315254 9.99649E-05
0.107345 0.746638 0.0904363 9.99561E-05 9.99561E-05 9.99561E-05 9.99561E-05 0.0550801 9.99561E-05
0.0709439 0.822405 9.99649E-05 9.99649E-05 0.0322755 9.99649E-05 0.0274099 9.99649E-05 0.0465658
9.99473E-05 0.91522 9.99473E-05 0.0461261 9.99473E-05 9.99473E-05 9.99473E-05 0.0380541 9.99473E-05
0.184478 0.646551 9.99649E-05 0.0394851 0.0674604 9.99649E-05 9.99649E-05 0.0616259 9.99649E-05
0.0263655 0.740089 9.99825E-05 0.140133 0.0354523 9.99825E-05 0.0273728 0.0200063 0.010381
0.296432 0.301695 0.00100839 9.99824E-05 0.128414 0.10276 0.0446021 0.124889 9.99824E-05
9.99649E-05 0.620057 0.00309069 0.0256853 9.99649E-05 9.99649E-05 0.0870734 0.263694 9.99649E-05
0.0313374 0.934341 9.99561E-05 9.99561E-05 9.99561E-05 9.99561E-05 0.00663116 9.99561E-05 0.0271905
0.00087979 0.583646 0.0374419 0.273247 0.0210045 0.0451039 0.0250693 9.99912E-05 0.0135083
0.055121 0.783284 0.039723 0.017718 9.99649E-05 9.99649E-05 9.99649E-05 0.103754 9.99649E-05
9.99737E-05 0.72581 0.0747902 0.0504827 0.02528 0.113377 9.99737E-05 0.00996069 9.99737E-05
0.210977 0.682336 9.99736E-05 0.0047899 0.0081535 9.99736E-05 0.000243293 9.99736E-05 0.0931998
9.99473E-05 0.808334 9.99473E-05 9.99473E-05 0.0897459 9.99473E-05 9.99473E-05 0.10132 9.99473E-05
0.0725133 0.831504 9.99648E-05 9.99648E-05 0.062142 9.99648E-05 0.0088264 0.0246144 9.99648E-05
0.596028 0.0437769 9.99825E-05 9.99825E-05 0.0684892 0.0738945 0.0391051 0.0088063 0.1697
0.362739 0.386179 0.00343976 0.186425 0.0326226 9.99737E-05 9.99737E-05 9.99737E-05 0.0282945
0.297746 0.277121 9.99737E-05 0.145394 0.0762581 9.99737E-05 0.00639501 9.99737E-05 0.196786
0.47345 9.99737E-05 9.99737E-05 0.0276263 0.0311749 0.217747 0.163288 9.99737E-05 0.0864149
0.486523 0.055065 0.0253616 0.0645748 0.0304567 9.99912E-05 0.111744 0.139168 0.0870064
0.751714 9.99561E-05 9.99561E-05 9.99561E-05 0.0314527 9.99561E-05 0.0708617 9.99561E-05 0.145472
0.826213 9.99561E-05 9.99561E-05 9.99561E-05 0.114565 9.99561E-05 0.0423864 9.99561E-05 0.0163354
0.562697 9.99824E-05 9.99824E-05 0.0494571 0.0198968 0.00150875 0.115204 0.00803351 0.243003
0.510767 0.2115 9.99737E-05 0.0260359 9.99737E-05 0.161813 0.0140617 9.99737E-05 0.0755223
0.442385 0.331796 9.99649E-05 9.99649E-05 0.11609 9.99649E-05 0.0598176 0.0495108 9.99649E-05
0.685931 9.99561E-05 9.99561E-05 9.99561E-05 0.200445 9.99561E-05 0.0875479 9.99561E-05 0.0255759
0.518307 0.0167109 9.99824E-05 0.182299 0.120895 9.99824E-05 0.0207028 0.133478 0.00740727
0.311859 9.99737E-05 9.99737E-05 0.193259 0.219048 0.0755721 0.120652 0.0793099 9.99737E-05
0.743977 0.0154228 9.99649E-05 0.0764352 9.99649E-05 9.99649E-05 0.0305314 0.133234 9.99649E-05
0.309116 0.268857 9.99737E-05 0.218614 0.0871118 0.10162 0.0143813 9.99737E-05 9.99737E-05
0.417881 0.177121 9.99825E-05 0.0949212 0.105996 0.0127397 0.147168 9.99825E-05 0.0439743
0.582387 9.99649E-05 9.99649E-05 0.070751 9.99649E-05 0.0267893 9.99649E-05 0.169542 0.15013
0.300999 0.122853 9.99737E-05 9.99737E-05 0.216323 9.99737E-05 0.137918 0.147635 0.0739713
0.491855 0.188689 9.99737E-05 9.99737E-05 0.0492287 9.99737E-05 0.0688564 0.00557999 0.195491
0.76164 9.99561E-05 9.99561E-05 0.149043 0.0620689 9.99561E-05 9.99561E-05 9.99561E-05 0.026749
0.48437 0.346914 9.9965E-05 0.0949658 0.0249334 0.0484165 9.9965E-05 9.9965E-05 9.9965E-05
0.652022 0.0906611 9.99649E-05 0.111596 9.99649E-05 9.99649E-05 0.0203253 0.124996 9.99649E-05
0.361845 0.218929 9.99825E-05 0.071661 0.0287872 0.244888 0.0362079 9.99825E-05 0.0374825
0.299537 0.174148 9.99912E-05 0.0930525 0.0328944 0.0253205 0.0623369 0.271334 0.0412762
0.302747 0.257094 9.99649E-05 9.99649E-05 0.26235 9.99649E-05 0.0578218 0.119588 9.99649E-05
0.396523 0.388521 0.0140024 9.99737E-05 0.0631752 9.99737E-05 0.107695 0.0297838 9.99737E-05
0.34515 0.41837 9.99737E-05 0.0735299 9.99737E-05 0.0246651 0.00248559 9.99737E-05 0.135499
0.630828 0.249427 9.9965E-05 0.0738516 9.9965E-05 9.9965E-05 9.9965E-05 0.0159283 0.0295648
0.375639 0.228857 9.99737E-05 9.99737E-05 9.99737E-05 0.0120136 0.120822 0.010284 0.252085
0.468814 0.220538 9.99649E-05 0.039081 9.99649E-05 0.183604 0.0875622 9.99649E-05 9.99649E-05
0.0523789 9.99561E-05 9.99561E-05 9.99561E-05 9.99561E-05 0.686927 0.165305 0.0948896 9.99561E-05
9.993E-05 9.993E-05 9.993E-05 9.993E-05 9.993E-05 0.999201 9.993E-05 9.993E-05 9.993E-05
0.15776 9.99473E-05 9.99473E-05 9.99473E-05 9.99473E-05 0.760757 9.99473E-05 0.0808833 9.99473E-05
0.0661313 9.99648E-05 9.99648E-05 9.99648E-05 0.00808398 0.689278 0.149644 9.99648E-05 0.0864627
9.9956E-05 9.9956E-05 0.0441305 9.9956E-05 9.9956E-05 0.763452 0.161375 9.9956E-05 0.0305435
0.210165 9.99473E-05 9.99473E-05 9.99473E-05 9.99473E-05 0.604561 0.184674 9.99473E-05 9.99473E-05
0.031729 9.99648E-05 9.99648E-05 0.0342723 9.99648E-05 0.768325 0.125735 9.99648E-05 0.0395391
9.9956E-05 9.9956E-05 0.00409868 9.9956E-05 9.9956E-05 0.629247 0.279668 9.9956E-05 0.0864858
0.218323 9.9956E-05 9.9956E-05 9.9956E-05 0.0475412 0.350589 0.383046 9.9956E-05 9.9956E-05
0.260913 9.9956E-05 9.9956E-05 9.9956E-05 9.9956E-05 0.480696 0.246386 9.9956E-05 0.0115061
0.0533058 9.99562E-05 9.99562E-05 9.99562E-05 0.0851453 0.769714 0.0913346 9.99562E-05 9.99562E-05
0.122148 9.99473E-05 9.99473E-05 9.99473E-05 0.0239312 0.853321 9.99473E-05 9.99473E-05 9.99473E-05
9.99473E-05 9.99473E-05 9.99473E-05 9.99473E-05 9.99473E-05 0.962584 0.0320975 9.99473E-05 0.00471864
0.239727 9.99473E-05 9.99473E-05 9.99473E-05 9.99473E-05 0.660729 0.0989439 9.99473E-05 9.99473E-05
9.99648E-05 9.99648E-05 0.0156195 9.99648E-05 0.0310917 0.705849 0.108322 9.99648E-05 0.138718
0.180497 9.99736E-05 0.0590282 0.0383731 0.0324142 0.620401 0.0689864 9.99736E-05 9.99736E-05
0.25396 9.99561E-05 0.0420241 9.99561E-05 9.99561E-05 0.628342 0.0751733 9.99561E-05 9.99561E-05
9.99561E-05 9.99561E-05 9.99561E-05 0.0661964 0.0526973 0.750004 0.130603 9.99561E-05 9.99561E-05
9.99473E-05 9.99473E-05 9.99473E-05 9.99473E-05 0.0514984 0.897476 0.0504255 9.99473E-05 9.99473E-05
0.0649694 9.99649E-05 0.139452 9.99649E-05 0.00959622 0.649121 0.136461 9.99649E-05 9.99649E-05
0.173857 9.99561E-05 9.99561E-05 9.99561E-05 9.99561E-05 0.698142 0.0790566 9.99561E-05 0.0484447
9.99561E-05 9.99561E-05 9.99561E-05 9.99561E-05 0.0671883 0.817732 0.0530232 9.99561E-05 0.0615565
0.240165 9.99561E-05 0.0813045 9.99561E-05 9.99561E-05 0.368568 0.309463 9.99561E-05 9.99561E-05
9.99473E-05 9.99473E-05 9.99473E-05 9.99473E-05 0.0122009 0.784123 0.203076 9.99473E-05 9.99473E-05
0.297521 9.99561E-05 0.0984334 9.99561E-05 9.99561E-05 0.332243 0.271303 9.99561E-05 9.99561E-05
0.164596 9.99649E-05 9.99649E-05 0.0155856 9.99649E-05 0.602916 0.191761 9.99649E-05 0.0247415
9.99474E-05 0.028294 0.107489 9.99474E-05 9.99474E-05 0.863617 9.99474E-05 9.99474E-05 9.99474E-05
9.9956E-05 9.9956E-05 0.00455816 9.9956E-05 9.9956E-05 0.733095 0.139358 0.12249 9.9956E-05
0.190802 9.99473E-05 9.99473E-05 9.99473E-05 9.99473E-05 0.492426 0.316172 9.99473E-05 9.99473E-05
0.0592693 9.99649E-05 0.0632914 9.99649E-05 0.0514971 0.821227 0.00431521 9.99649E-05 9.99649E-05
0.229907 9.99736E-05 0.000249795 0.0202704 0.0547404 0.630141 0.0643918 9.99736E-05 9.99736E-05
9.9956E-05 9.9956E-05 0.0577973 0.0287035 0.012165 0.900834 9.9956E-05 9.9956E-05 9.9956E-05
0.0497712 9.99648E-05 0.23885 9.99648E-05 0.0142388 0.346661 0.35008 9.99648E-05 9.99648E-05
0.0578344 9.99648E-05 0.0683837 9.99648E-05 0.00215451 0.789071 0.0821562 9.99648E-05 9.99648E-05
0.0316994 9.99561E-05 9.99561E-05 9.99561E-05 9.99561E-05 0.940686 0.0187183 9.99561E-05 0.00839654
9.99561E-05 9.99561E-05 9.99561E-05 9.99561E-05 0.107513 0.7474 0.10303 9.99561E-05 0.0415572
0.285231 9.99736E-05 9.99736E-05 0.00148028 0.0271828 0.537751 0.108352 9.99736E-05 0.0397039
9.99385E-05 9.99385E-05 9.99385E-05 9.99385E-05 9.99385E-05 0.963193 0.036107 9.99385E-05 9.99385E-05
9.99649E-05 9.99649E-05 0.0341565 9.99649E-05 0.0143935 0.908573 0.0142096 9.99649E-05 0.0282671
9.993E-05 9.993E-05 9.993E-05 9.993E-05 9.993E-05 0.999201 9.993E-05 9.993E-05 9.993E-05
9.993E-05 9.993E-05 9.993E-05 9.993E-05 9.993E-05 0.999201 9.993E-05 9.993E-05 9.993E-05
0.461975 9.99648E-05 9.99648E-05 9.99648E-05 0.0305173 0.365989 0.115311 0.0258081 9.99648E-05
9.99472E-05 9.99472E-05 9.99472E-05 9.99472E-05 9.99472E-05 0.710062 0.206778 0.0825604 9.99472E-05
9.99562E-05 0.037178 0.0698624 9.99562E-05 9.99562E-05 0.821297 0.0711624 9.99562E-05 9.99562E-05
9.99387E-05 0.0167064 9.99387E-05 9.99387E-05 9.99387E-05 0.982594 9.99387E-05 9.99387E-05 9.99387E-05
0.193626 9.99648E-05 0.117413 9.99648E-05 0.0629423 0.360241 0.265378 9.99648E-05 9.99648E-05
0.105248 9.99737E-05 0.0238406 9.99737E-05 0.0473789 0.678658 0.114746 9.99737E-05 0.0298292
0.0629158 9.99649E-05 9.99649E-05 0.141022 9.99649E-05 0.557442 0.206664 9.99649E-05 0.0315559
0.214107 9.997E-05 0.0359562 9.997E-05 0.00693775 0.400438 0.317871 9.997E-05 0.0243904
9.993E-05 9.993E-05 9.993E-05 9.993E-05 9.993E-05 0.999201 9.993E-05 9.993E-05 9.993E-05
0.151932 9.99648E-05 9.99648E-05 0.0316059 0.0659752 0.568873 9.99648E-05 0.181214 9.99648E-05
9.99387E-05 9.99387E-05 9.99387E-05 9.99387E-05 9.99387E-05 0.878107 0.121193 9.99387E-05 9.99387E-05
0.122904 9.99562E-05 9.99562E-05 9.99562E-05 9.99562E-05 0.742168 0.102288 9.99562E-05 0.0321395
9.9956E-05 9.9956E-05 9.9956E-05 0.156951 9.9956E-05 0.661 0.177694 9.9956E-05 0.00385449
0.00926179 9.99648E-05 0.0516101 9.99648E-05 0.0140546 0.829261 9.99648E-05 9.99648E-05 0.095413
0.387137 9.9956E-05 9.9956E-05 9.9956E-05 0.0327725 0.27765 0.301941 9.9956E-05 9.9956E-05
0.00702795 9.9956E-05 9.9956E-05 9.9956E-05 0.0401326 0.720194 0.232146 9.9956E-05 9.9956E-05
0.0504019 9.99736E-05 0.0292442 0.0465515 0.00328259 0.784507 0.0857127 9.99736E-05 9.99736E-05
9.99473E-05 9.99473E-05 0.190197 9.99473E-05 9.99473E-05 0.807596 0.00160752 9.99473E-05 9.99473E-05
0.0359991 9.99473E-05 9.99473E-05 9.99473E-05 9.99473E-05 0.839559 0.123843 9.99473E-05 9.99473E-05
0.999201 9.993E-05 9.993E-05 9.993E-05 9.993E-05 9.993E-05 9.993E-05 9.993E-05 9.993E-05
9.993E-05 9.993E-05 9.993E-05 9.993E-05 9.993E-05 9.993E-05 0.999201 9.993E-05 9.993E-05
0.999201 9.993E-05 9.993E-05 9.993E-05 9.993E-05 9.993E-05 9.993E-05 9.993E-05 9.993E-05
9.993E-05 9.993E-05 9.993E-05 9.993E-05 9.993E-05 9.993E-05 0.999201 9.993E-05 9.993E-05
9.993E-05 9.993E-05 9.993E-05 9.993E-05 9.993E-05 9.993E-05 0.999201 9.993E-05 9.993E-05
9.993E-05 9.993E-05 9.993E-05 9.993E-05 9.993E-05 9.993E-05 0.999201 9.993E-05 9.993E-05
0.999201 9.993E-05 9.993E-05 9.993E-05 9.993E-05 9.993E-05 9.993E-05 9.993E-05 9.993E-05
9.993E-05 9.993E-05 9.993E-05 9.993E-05 9.993E-05 9.993E-05 0.999201 9.993E-05 9.993E-05
9.993E-05 9.993E-05 9.993E-05 9.993E-05 9.993E-05 9.993E-05 0.999201 9.993E-05 9.993E-05
0.999201 9.993E-05 9.993E-05 9.993E-05 9.993E-05 9.993E-05 9.993E-05 9.993E-05 9.993E-05
0.999201 9.993E-05 9.993E-05 9.993E-05 9.993E-05 9.993E-05 9.993E-05 9.993E-05 9.993E-05
0.999201 9.993E-05 9.993E-05 9.993E-05 9.993E-05 9.993E-05 9.993E-05 9.993E-05 9.993E-05
9.993E-05 9.993E-05 9.993E-05 9.993E-05 9.993E-05 9.993E-05 0.999201 9.993E-05 9.993E-05
9.993E-05 9.993E-05 9.993E-05 9.993E-05 9.993E-05 9.993E-05 0.999201 9.993E-05 9.993E-05
0.999201 9.993E-05 9.993E-05 9.993E-05 9.993E-05 9.993E-05 9.993E-05 9.993E-05 9.993E-05
0.999201 9.993E-05 9.993E-05 9.993E-05 9.993E-05 9.993E-05 9.993E-05 9.993E-05 9.993E-05
0.152023 9.99824E-05 0.136778 0.105277 9.99824E-05 0.348112 0.234464 0.00769352 0.0154525
0.999201 9.993E-05 9.993E-05 9.993E-05 9.993E-05 9.993E-05 9.993E-05 9.993E-05 9.993E-05
9.993E-05 9.993E-05 9.993E-05 9.993E-05 9.993E-05 9.993E-05 0.999201 9.993E-05 9.993E-05
0.999201 9.993E-05 9.993E-05 9.993E-05 9.993E-05 9.993E-05 9.993E-05 9.993E-05 9.993E-05
0.999201 9.993E-05 9.993E-05 9.993E-05 9.993E-05 9.993E-05 9.993E-05 9.993E-05 9.993E-05
0.999201 9.993E-05 9.993E-05 9.993E-05 9.993E-05 9.993E-05 9.993E-05 9.993E-05 9.993E-05
9.993E-05 9.993E-05 9.993E-05 9.993E-05 9.993E-05 9.993E-05 0.999201 9.993E-05 9.993E-05
0.999201 9.993E-05 9.993E-05 9.993E-05 9.993E-05 9.993E-05 9.993E-05 9.993E-05 9.993E-05
9.993E-05 9.993E-05 9.993E-05 9.993E-05 9.993E-05 9.993E-05 0.999201 9.993E-05 9.993E-05
0.999201 9.993E-05 9.993E-05 9.993E-05 9.993E-05 9.993E-05 9.993E-05 9.993E-05 9.993E-05
0.989732 9.99384E-05 0.00956849 9.99384E-05 9.99384E-05 9.99384E-05 9.99384E-05 9.99384E-05 9.99384E-05
9.993E-05 9.993E-05 9.993E-05 9.993E-05 9.993E-05 9.993E-05 0.999201 9.993E-05 9.993E-05
9.993E-05 9.993E-05 9.993E-05 9.993E-05 9.993E-05 9.993E-05 0.999201 9.993E-05 9.993E-05
9.993E-05 9.993E-05 9.993E-05 9.993E-05 9.993E-05 9.993E-05 0.999201 9.993E-05 9.993E-05
0.999201 9.993E-05 9.993E-05 9.993E-05 9.993E-05 9.993E-05 9.993E-05 9.993E-05 9.993E-05
0.999201 9.993E-05 9.993E-05 9.993E-05 9.993E-05 9.993E-05 9.993E-05 9.993E-05 9.993E-05
0.999201 9.993E-05 9.993E-05 9.993E-05 9.993E-05 9.993E-05 9.993E-05 9.993E-05 9.993E-05
0.999201 9.993E-05 9.993E-05 9.993E-05 9.993E-05 9.993E-05 9.993E-05 9.993E-05 9.993E-05
0.999201 9.993E-05 9.993E-05 9.993E-05 9.993E-05 9.993E-05 9.993E-05 9.993E-05 9.993E-05
9.993E-05 9.993E-05 9.993E-05 9.993E-05 9.993E-05 9.993E-05 0.999201 9.993E-05 9.993E-05
9.993E-05 9.993E-05 9.993E-05 9.993E-05 9.993E-05 9.993E-05 0.999201 9.993E-05 9.993E-05
9.993E-05 9.993E-05 9.993E-05 9.993E-05 9.993E-05 9.993E-05 0.999201 9.993E-05 9.993E-05
0.999201 9.993E-05 9.993E-05 9.993E-05 9.993E-05 9.993E-05 9.993E-05 9.993E-05 9.993E-05
9.993E-05 9.993E-05 9.993E-05 9.993E-05 9.993E-05 9.993E-05 0.999201 9.993E-05 9.993E-05
9.993E-05 9.993E-05 9.993E-05 9.993E-05 9.993E-05 9.993E-05 0.999201 9.993E-05 9.993E-05
9.993E-05 9.993E-05 9.993E-05 9.993E-05 9.993E-05 9.993E-05 0.999201 9.993E-05 9.993E-05
9.993E-05 9.993E-05 9.993E-05 9.993E-05 9.993E-05 9.993E-05 0.999201 9.993E-05 9.993E-05
0.999201 9.993E-05 9.993E-05 9.993E-05 9.993E-05 9.993E-05 9.993E-05 9.993E-05 9.993E-05
9.993E-05 9.993E-05 9.993E-05 9.993E-05 9.993E-05 9.993E-05 0.999201 9.993E-05 9.993E-05
9.993E-05 9.993E-05 9.993E-05 9.993E-05 9.993E-05 9.993E-05 0.999201 9.993E-05 9.993E-05
0.208235 9.99736E-05 0.0564521 0.0781864 9.99736E-05 0.39427 0.144294 0.118262 9.99736E-05
0.999201 9.993E-05 9.993E-05 9.993E-05 9.993E-05 9.993E-05 9.993E-05 9.993E-05 9.993E-05
9.993E-05 9.993E-05 9.993E-05 9.993E-05 9.993E-05 9.993E-05 0.999201 9.993E-05 9.993E-05
9.993E-05 9.993E-05 9.993E-05 9.993E-05 9.993E-05 9.993E-05 0.999201 9.993E-05 9.993E-05
9.993E-05 9.993E-05 9.993E-05 9.993E-05 9.993E-05 9.993E-05 0.999201 9.993E-05 9.993E-05
9.993E-05 9.993E-05 9.993E-05 9.993E-05 9.993E-05 9.993E-05 0.999201 9.993E-05 9.993E-05
0.999201 9.993E-05 9.993E-05 9.993E-05 9.993E-05 9.993E-05 9.993E-05 9.993E-05 9.993E-05
9.993E-05 9.993E-05 9.993E-05 9.993E-05 9.993E-05 9.993E-05 0.999201 9.993E-05 9.993E-05
0.999201 9.993E-05 9.993E-05 9.993E-05 9.993E-05 9.993E-05 9.993E-05 9.993E-05 9.993E-05
9.993E-05 9.993E-05 9.993E-05 9.993E-05 9.993E-05 9.993E-05 0.999201 9.993E-05 9.993E-05
0.999201 9.993E-05 9.993E-05 9.993E-05 9.993E-05 9.993E-05 9.993E-05 9.993E-05 9.993E-05
9.993E-05 9.993E-05 9.993E-05 9.993E-05 9.993E-05 9.993E-05 0.999201 9.993E-05 9.993E-05
9.993E-05 9.993E-05 9.993E-05 9.993E-05 9.993E-05 9.993E-05 0.999201 9.993E-05 9.993E-05
9.993E-05 9.993E-05 9.993E-05 9.993E-05 9.993E-05 9.993E-05 0.999201 9.993E-05 9.993E-05
9.993E-05 9.993E-05 9.993E-05 9.993E-05 9.993E-05 9.993E-05 0.999201 9.993E-05 9.993E-05
9.993E-05 9.993E-05 9.993E-05 9.993E-05 9.993E-05 9.993E-05 0.999201 9.993E-05 9.993E-05
9.993E-05 9.993E-05 9.993E-05 9.993E-05 9.993E-05 9.993E-05 0.999201 9.993E-05 9.993E-05
0.999201 9.993E-05 9.993E-05 9.993E-05 9.993E-05 9.993E-05 9.993E-05 9.993E-05 9.993E-05
0.999201 9.993E-05 9.993E-05 9.993E-05 9.993E-05 9.993E-05 9.993E-05 9.993E-05 9.993E-05
0.999201 9.993E-05 9.993E-05 9.993E-05 9.993E-05 9.993E-05 9.993E-05 9.993E-05 9.993E-05
9.993E-05 9.993E-05 9.993E-05 9.993E-05 9.993E-05 9.993E-05 0.999201 9.993E-05 9.993E-05
0.999201 9.993E-05 9.993E-05 9.993E-05 9.993E-05 9.993E-05 9.993E-05 9.993E-05 9.993E-05
0.999201 9.993E-05 9.993E-05 9.993E-05 9.993E-05 9.993E-05 9.993E-05 9.993E-05 9.993E-05
0.999201 9.993E-05 9.993E-05 9.993E-05 9.993E-05 9.993E-05 9.993E-05 9.993E-05 9.993E-05
9.993E-05 9.993E-05 9.993E-05 9.993E-05 9.993E-05 9.993E-05 0.999201 9.993E-05 9.993E-05
9.993E-05 9.993E-05 9.993E-05 9.993E-05 9.993E-05 9.993E-05 0.999201 9.993E-05 9.993E-05
9.993E-05 9.993E-05 9.993E-05 9.993E-05 9.993E-05 9.993E-05 0.999201 9.993E-05 9.993E-05
0.999201 9.993E-05 9.993E-05 9.993E-05 9.993E-05 9.993E-05 9.993E-05 9.993E-05 9.993E-05
9.993E-05 9.993E-05 9.993E-05 9.993E-05 9.993E-05 9.993E-05 0.999201 9.993E-05 9.993E-05
9.993E-05 9.993E-05 9.993E-05 9.993E-05 9.993E-05 9.993E-05 0.999201 9.993E-05 9.993E-05
0.999201 9.993E-05 9.993E-05 9.993E-05 9.993E-05 9.993E-05 9.993E-05 9.993E-05 9.993E-05
9.993E-05 9.993E-05 9.993E-05 9.993E-05 9.993E-05 9.993E-05 0.999201 9.993E-05 9.993E-05
9.993E-05 9.993E-05 9.993E-05 9.993E-05 9.993E-05 9.993E-05 0.999201 9.993E-05 9.993E-05
0.376182 9.99736E-05 9.99736E-05 0.0271292 0.182855 0.257351 0.0714577 9.99736E-05 0.084725
0.999201 9.993E-05 9.993E-05 9.993E-05 9.993E-05 9.993E-05 9.993E-05 9.993E-05 9.993E-05
9.993E-05 9.993E-05 9.993E-05 9.993E-05 9.993E-05 9.993E-05 0.999201 9.993E-05 9.993E-05
9.99649E-05 9.99649E-05 9.99649E-05 0.0406835 0.0427262 0.462378 0.446391 9.99649E-05 0.00742181
0.0393654 9.99649E-05 0.00597228 9.99649E-05 9.99649E-05 0.513474 0.260716 0.180072 9.99649E-05
0.358082 9.9956E-05 0.064459 9.9956E-05 9.9956E-05 0.516658 0.0603011 9.9956E-05 9.9956E-05
9.9956E-05 9.9956E-05 0.074123 0.0315228 9.9956E-05 0.81886 9.9956E-05 9.9956E-05 0.0749943
0.324832 9.99472E-05 9.99472E-05 9.99472E-05 9.99472E-05 0.400544 0.274025 9.99472E-05 9.99472E-05
9.99475E-05 0.0287671 9.99475E-05 9.99475E-05 9.99475E-05 0.868089 0.102544 9.99475E-05 9.99475E-05
0.31356 9.99737E-05 0.060985 9.99737E-05 0.0589073 0.24071 0.307456 0.0180816 9.99737E-05
9.99648E-05 9.99648E-05 0.0482878 9.99648E-05 0.102733 0.620021 0.151012 9.99648E-05 0.0775461
9.99386E-05 9.99386E-05 9.99386E-05 9.99386E-05 9.99386E-05 0.840098 0.159203 9.99386E-05 9.99386E-05
0.0763848 9.99473E-05 9.99473E-05 9.99473E-05 9.99473E-05 0.772729 9.99473E-05 0.150287 9.99473E-05
0.105978 9.99561E-05 9.99561E-05 9.99561E-05 0.0476365 0.766542 0.079344 9.99561E-05 9.99561E-05
0.0265012 9.99473E-05 9.99473E-05 9.99473E-05 9.99473E-05 0.345613 0.627286 9.99473E-05 9.99473E-05
0.356656 9.99648E-05 9.99648E-05 0.148883 9.99648E-05 0.29225 0.138367 9.99648E-05 0.0634442
9.99472E-05 9.99472E-05 9.99472E-05 9.99472E-05 9.99472E-05 0.844692 0.0403171 9.99472E-05 0.114391
0.192098 9.9956E-05 9.9956E-05 9.9956E-05 0.0474257 0.638067 0.12191 9.9956E-05 9.9956E-05
0.330594 9.99561E-05 9.99561E-05 9.99561E-05 9.99561E-05 0.327185 0.308833 0.0328884 9.99561E-05
0.100586 9.99561E-05 0.0525242 9.99561E-05 9.99561E-05 0.695767 0.150623 9.99561E-05 9.99561E-05
0.500135 9.99648E-05 9.99648E-05 9.99648E-05 0.147814 0.306589 0.0325133 9.99648E-05 0.0125485
0.154885 9.99736E-05 0.0276129 0.0304963 0.0798867 0.541674 0.165145 9.99736E-05 9.99736E-05
0.16661 9.9956E-05 9.9956E-05 9.9956E-05 9.9956E-05 0.587367 0.200781 0.0447424 9.9956E-05
0.0720127 9.99648E-05 0.0117726 9.99648E-05 9.99648E-05 0.663891 0.138918 0.113005 9.99648E-05
9.99473E-05 9.99473E-05 9.99473E-05 0.119242 9.99473E-05 0.647567 0.232591 9.99473E-05 9.99473E-05
9.99736E-05 9.99736E-05 0.0912113 0.123439 0.0462398 0.522415 0.193427 9.99736E-05 0.0229679
0.0977078 9.997E-05 9.997E-05 9.997E-05 0.0167467 0.620322 0.201992 0.0212005 0.0417307
9.9956E-05 9.9956E-05 0.00417645 9.9956E-05 9.9956E-05 0.788063 0.0972439 9.9956E-05 0.110016
9.993E-05 9.993E-05 9.993E-05 9.993E-05 9.993E-05 0.999201 9.993E-05 9.993E-05 9.993E-05
0.0908918 9.9956E-05 9.9956E-05 9.9956E-05 9.9956E-05 0.69831 0.0746873 0.135611 9.9956E-05
0.306758 9.99561E-05 9.99561E-05 9.99561E-05 9.99561E-05 0.390288 0.267616 9.99561E-05 0.0348386
9.99648E-05 9.99648E-05 0.0682534 0.0453183 9.99648E-05 0.796488 9.99648E-05 0.014375 0.0751655
9.99561E-05 9.99561E-05 0.0747304 9.99561E-05 9.99561E-05 0.648399 0.159853 9.99561E-05 0.116518
0.179374 9.996E-05 9.996E-05 9.996E-05 0.00786752 0.285823 0.396677 0.129859 9.996E-05
0.125688 9.99561E-05 9.99561E-05 9.99561E-05 0.0219472 0.603613 0.248252 9.99561E-05 9.99561E-05
0.303423 9.99648E-05 9.99648E-05 9.99648E-05 9.99648E-05 0.460269 0.185693 0.0417915 0.00842329
0.159708 9.99648E-05 9.99648E-05 9.99648E-05 0.0502125 0.50585 0.224266 0.0595636 9.99648E-05
0.193917 9.99736E-05 9.99736E-05 9.99736E-05 0.0782786 0.560257 0.0708471 0.0627873 0.0336128
0.180944 9.99473E-05 9.99473E-05 9.99473E-05 9.99473E-05 0.785289 0.0331673 9.99473E-05 9.99473E-05
9.993E-05 9.993E-05 9.993E-05 9.993E-05 9.993E-05 0.999201 9.993E-05 9.993E-05 9.993E-05
0.305782 9.99648E-05 0.0045699 0.0800196 0.0763657 0.532863 9.99648E-05 9.99648E-05 9.99648E-05
9.99649E-05 9.99649E-05 0.0402414 0.116436 0.0755611 0.737779 0.0295828 9.99649E-05 9.99649E-05
0.0350257 9.9956E-05 9.9956E-05 9.9956E-05 9.9956E-05 0.497771 0.246865 0.219838 9.9956E-05
0.270038 9.99648E-05 0.100133 9.99648E-05 9.99648E-05 0.542642 0.0622349 9.99648E-05 0.0245515
0.134735 9.99561E-05 9.99561E-05 9.99561E-05 9.99561E-05 0.649544 0.0271326 0.188088 9.99561E-05
0.0417978 9.9956E-05 9.9956E-05 9.9956E-05 9.9956E-05 0.479348 0.250881 0.227473 9.9956E-05
0.0793831 9.99473E-05 9.99473E-05 9.99473E-05 9.99473E-05 0.370015 0.550002 9.99473E-05 9.99473E-05
0.443108 9.9956E-05 9.9956E-05 9.9956E-05 9.9956E-05 0.229144 0.310567 9.9956E-05 0.0166816
0.0346962 9.99648E-05 0.041036 9.99648E-05 9.99648E-05 0.704714 0.191168 9.99648E-05 0.0279862
9.993E-05 9.993E-05 9.993E-05 9.993E-05 9.993E-05 0.999201 9.993E-05 9.993E-05 9.993E-05
9.9956E-05 9.9956E-05 0.0315253 9.9956E-05 0.0476039 0.718623 0.201748 9.9956E-05 9.9956E-05
9.993E-05 9.993E-05 9.993E-05 9.993E-05 9.993E-05 0.999201 9.993E-05 9.993E-05 9.993E-05
0.279038 9.99736E-05 9.99736E-05 0.13988 0.0155811 0.384792 0.125903 9.99736E-05 0.0545059
9.993E-05 9.993E-05 9.993E-05 9.993E-05 9.993E-05 0.999201 9.993E-05 9.993E-05 9.993E-05
0.346623 9.99473E-05 9.99473E-05 9.99473E-05 0.0321791 0.620598 9.99473E-05 9.99473E-05 9.99473E-05
0.3094 9.99648E-05 9.99648E-05 9.99648E-05 0.115781 0.352238 0.0605711 0.16161 9.99648E-05
0.130094 9.99649E-05 9.99649E-05 9.99649E-05 0.0117325 0.514869 0.219965 0.122939 9.99649E-05
9.99472E-05 9.99472E-05 9.99472E-05 9.99472E-05 9.99472E-05 0.730053 0.0453473 0.224 9.99472E-05
0.0394154 9.99473E-05 9.99473E-05 9.99473E-05 9.99473E-05 0.729888 0.230096 9.99473E-05 9.99473E-05
0.251096 9.99387E-05 9.99387E-05 9.99387E-05 9.99387E-05 0.748205 9.99387E-05 9.99387E-05 9.99387E-05
9.99385E-05 9.99385E-05 9.99385E-05 9.99385E-05 9.99385E-05 0.790899 0.208401 9.99385E-05 9.99385E-05
0.152073 9.99561E-05 0.0596693 9.99561E-05 9.99561E-05 0.542708 0.24505 9.99561E-05 9.99561E-05
0.199461 9.99473E-05 9.99473E-05 9.99473E-05 9.99473E-05 0.606033 0.193907 9.99473E-05 9.99473E-05
9.993E-05 9.993E-05 9.993E-05 9.993E-05 9.993E-05 0.999201 9.993E-05 9.993E-05 9.993E-05
9.99387E-05 9.99387E-05 9.99387E-05 9.99387E-05 9.99387E-05 0.946875 0.0524256 9.99387E-05 9.99387E-05
9.99475E-05 0.0581568 0.0295537 9.99475E-05 9.99475E-05 0.91169 9.99475E-05 9.99475E-05 9.99475E-05
0.0704413 9.99561E-05 9.99561E-05 9.99561E-05 0.094784 0.767174 0.0671012 9.99561E-05 9.99561E-05
9.99472E-05 9.99472E-05 0.0941247 9.99472E-05 9.99472E-05 0.693163 0.212113 9.99472E-05 9.99472E-05
9.99473E-05 9.99473E-05 9.99473E-05 9.99473E-05 0.0418215 0.681876 0.275703 9.99473E-05 9.99473E-05
9.993E-05 9.993E-05 9.993E-05 9.993E-05 9.993E-05 0.999201 9.993E-05 9.993E-05 9.993E-05
0.174193 9.99649E-05 0.0572804 9.99649E-05 9.99649E-05 0.569616 0.154895 0.0436157 9.99649E-05
0.31462 9.99736E-05 0.0192539 9.99736E-05 0.0312479 0.60962 0.010528 9.99736E-05 0.0144307
0.177996 9.99387E-05 9.99387E-05 9.99387E-05 9.99387E-05 0.821304 9.99387E-05 9.99387E-05 9.99387E-05
0.378291 9.99561E-05 0.0418966 9.99561E-05 9.99561E-05 0.505149 0.0741629 9.99561E-05 9.99561E-05
0.0635631 0.170081 9.99475E-05 9.99475E-05 9.99475E-05 0.765757 9.99475E-05 9.99475E-05 9.99475E-05
0.243461 9.9956E-05 9.9956E-05 9.9956E-05 0.00484222 0.526036 0.225161 9.9956E-05 9.9956E-05
0.161093 9.99649E-05 9.99649E-05 0.0638536 0.0122996 0.642895 9.99649E-05 9.99649E-05 0.119459
0.0692814 9.99474E-05 9.99474E-05 9.99474E-05 9.99474E-05 0.914 0.0161188 9.99474E-05 9.99474E-05
0.16275 9.99473E-05 9.99473E-05 9.99473E-05 9.99473E-05 0.69903 0.13762 9.99473E-05 9.99473E-05
0.00997148 0.081876 9.99474E-05 9.99474E-05 9.99474E-05 0.907553 9.99474E-05 9.99474E-05 9.99474E-05
0.132399 9.99473E-05 9.99473E-05 9.99473E-05 0.0459609 0.821041 9.99473E-05 9.99473E-05 9.99473E-05
0.0774885 9.99475E-05 9.99475E-05 9.99475E-05 9.99475E-05 0.912919 0.00899267 9.99475E-05 9.99475E-05
0.0680529 9.9956E-05 9.9956E-05 9.9956E-05 0.00726369 0.587084 0.3371 9.9956E-05 9.9956E-05
9.99561E-05 9.99561E-05 9.99561E-05 9.99561E-05 0.0196537 0.646297 0.195574 0.137976 9.99561E-05
0.0469362 9.99824E-05 0.0569732 9.99824E-05 0.0376704 0.55254 0.223969 0.0382255 0.043486
9.993E-05 9.993E-05 9.993E-05 9.993E-05 9.993E-05 0.999201 9.993E-05 9.993E-05 9.993E-05
0.0579289 9.99561E-05 9.99561E-05 9.99561E-05 0.074621 0.692089 0.174861 9.99561E-05 9.99561E-05
0.0183784 9.99561E-05 0.224553 9.99561E-05 9.99561E-05 0.596123 0.160445 9.99561E-05 9.99561E-05
0.0620069 9.99473E-05 0.0204755 9.99473E-05 9.99473E-05 0.916918 9.99473E-05 9.99473E-05 9.99473E-05
0.0783957 9.9956E-05 9.9956E-05 9.9956E-05 9.9956E-05 0.743618 0.0438063 9.9956E-05 0.13368
0.0635757 9.9956E-05 9.9956E-05 9.9956E-05 0.0291794 0.524297 0.382448 9.9956E-05 9.9956E-05
0.317715 9.99648E-05 0.0219579 0.0601052 9.99648E-05 0.496786 0.103036 9.99648E-05 9.99648E-05
0.168736 9.99736E-05 0.0903705 0.00636396 0.0288781 0.533955 0.171396 9.99736E-05 9.99736E-05
0.199823 9.99649E-05 0.205511 9.99649E-05 9.99649E-05 0.446243 0.0393805 0.108642 9.99649E-05
0.494838 9.9956E-05 9.9956E-05 9.9956E-05 9.9956E-05 0.400831 0.00093422 9.9956E-05 0.102897
0.263416 0.00512722 9.99649E-05 9.99649E-05 9.99649E-05 0.442308 0.283346 0.00540313 9.99649E-05
0.196644 9.99736E-05 0.0885781 0.0663054 0.134526 0.51067 0.0029761 9.99736E-05 9.99736E-05
0.0462029 9.99474E-05 9.99474E-05 9.99474E-05 9.99474E-05 0.67126 0.281937 9.99474E-05 9.99474E-05
0.0643142 0.00112142 9.99562E-05 9.99562E-05 9.99562E-05 0.918226 9.99562E-05 0.0158389 9.99562E-05
9.99472E-05 9.99472E-05 9.99472E-05 9.99472E-05 9.99472E-05 0.485375 0.310522 0.203504 9.99472E-05
0.335694 9.99648E-05 9.99648E-05 9.99648E-05 0.0970044 0.505342 0.0269773 0.0345824 9.99648E-05
0.410383 9.995E-05 9.995E-05 9.995E-05 0.0234523 0.544061 9.995E-05 9.995E-05 0.0216037
0.487234 9.99561E-05 9.99561E-05 9.99561E-05 9.99561E-05 0.292933 0.0695462 0.149788 9.99561E-05
9.99824E-05 9.99824E-05 0.159315 0.0185087 0.0584614 0.397886 0.22948 0.067262 0.0688859
0.38004 9.99473E-05 9.99473E-05 9.99473E-05 9.99473E-05 0.573747 0.0456131 9.99473E-05 9.99473E-05
0.179785 9.99736E-05 0.136953 9.99736E-05 0.0302372 0.409437 0.18749 9.99736E-05 0.0557981
0.0175622 0.0160416 9.99562E-05 9.99562E-05 9.99562E-05 0.875293 0.090603 9.99562E-05 9.99562E-05
0.0486469 0.030365 9.99562E-05 9.99562E-05 9.99562E-05 0.822392 0.0980966 9.99562E-05 9.99562E-05
0.131809 9.99473E-05 9.99473E-05 9.99473E-05 9.99473E-05 0.715857 0.151734 9.99473E-05 9.99473E-05
0.396275 9.9956E-05 9.9956E-05 0.0390662 9.9956E-05 0.39644 9.9956E-05 9.9956E-05 0.16772
9.99387E-05 9.99387E-05 9.99387E-05 9.99387E-05 9.99387E-05 0.997025 0.00227576 9.99387E-05 9.99387E-05
0.0580986 0.00812549 9.99474E-05 9.99474E-05 9.99474E-05 0.933176 9.99474E-05 9.99474E-05 9.99474E-05
9.99561E-05 9.99561E-05 0.00465462 9.99561E-05 9.99561E-05 0.794604 0.130428 0.0698132 9.99561E-05
0.0371991 9.99649E-05 0.0111319 9.99649E-05 9.99649E-05 0.825781 0.0935065 9.99649E-05 0.0319812
0.111613 9.99473E-05 9.99473E-05 9.99473E-05 0.0125835 0.875204 9.99473E-05 9.99473E-05 9.99473E-05
0.276397 9.99736E-05 0.0455924 9.99736E-05 9.99736E-05 0.542029 0.0571096 0.0235025 0.0550696
0.223269 9.99736E-05 0.0491566 0.00696075 9.99736E-05 0.556824 0.0613768 0.102114 9.99736E-05
0.402421 9.99648E-05 0.236347 0.0967389 0.0167701 0.247323 9.99648E-05 9.99648E-05 9.99648E-05
0.0455173 9.99473E-05 9.99473E-05 9.99473E-05 9.99473E-05 0.689745 0.264138 9.99473E-05 9.99473E-05
0.161752 9.9956E-05 9.9956E-05 9.9956E-05 9.9956E-05 0.647508 0.13846 0.05178 9.9956E-05
0.326389 9.9956E-05 9.9956E-05 9.9956E-05 0.00560327 0.54725 9.9956E-05 9.9956E-05 0.120258
9.99561E-05 9.99561E-05 0.0323043 9.99561E-05 0.0237353 0.87865 9.99561E-05 0.0648105 9.99561E-05
0.423091 9.99736E-05 0.0301958 0.114678 0.0551173 0.277002 9.99736E-05 0.0996151 9.99736E-05
0.151106 9.9956E-05 9.9956E-05 9.9956E-05 9.9956E-05 0.73213 0.00462301 9.9956E-05 0.111642
0.0793839 9.9956E-05 9.9956E-05 9.9956E-05 0.107919 0.603108 0.20909 9.9956E-05 9.9956E-05
0.394576 9.99648E-05 0.0171532 9.99648E-05 9.99648E-05 0.416635 0.0534809 0.117755 9.99648E-05
0.0415272 9.99649E-05 9.99649E-05 9.99649E-05 0.0248014 0.58066 0.182525 0.170087 9.99649E-05
0.190268 9.99474E-05 9.99474E-05 9.99474E-05 9.99474E-05 0.688838 0.120295 9.99474E-05 9.99474E-05
0.139785 9.99649E-05 9.99649E-05 9.99649E-05 0.109825 0.458556 0.230472 9.99649E-05 0.0609629
0.0498761 9.99386E-05 9.99386E-05 9.99386E-05 9.99386E-05 0.949424 9.99386E-05 9.99386E-05 9.99386E-05
0.0743999 0.0134384 9.99562E-05 9.99562E-05 9.99562E-05 0.819557 0.0921049 9.99562E-05 9.99562E-05
0.136721 9.99736E-05 0.0081592 0.0634407 0.0983955 0.479922 0.213062 9.99736E-05 9.99736E-05
0.26257 9.99648E-05 0.0342959 9.99648E-05 9.99648E-05 0.547186 0.141235 0.0143134 9.99648E-05
0.572032 9.99649E-05 9.99649E-05 9.99649E-05 0.0638114 0.011092 0.134813 0.217852 9.99649E-05
0.639011 9.99737E-05 9.99737E-05 0.0154765 0.00698701 0.0749781 0.0664466 0.1968 9.99737E-05
0.543505 9.99649E-05 9.99649E-05 9.99649E-05 0.0446258 0.0886564 0.103387 0.219426 9.99649E-05
0.556846 9.99737E-05 9.99737E-05 0.0472751 0.0885001 0.237981 0.0249996 0.0440977 9.99737E-05
0.451997 9.99737E-05 9.99737E-05 0.163963 0.0447227 0.165658 0.0932206 9.99737E-05 0.0801385
0.591071 0.170983 9.9965E-05 9.9965E-05 9.9965E-05 0.113346 0.0668868 0.0573133 9.9965E-05
0.745879 9.99473E-05 9.99473E-05 9.99473E-05 0.144988 9.99473E-05 0.108533 9.99473E-05 9.99473E-05
0.637111 0.0095942 0.0344155 0.0668746 0.0289622 9.99825E-05 0.173567 0.0492758 9.99825E-05
0.40307 0.241749 9.998E-05 0.0445046 0.050974 0.194031 0.0120407 9.998E-05 0.0534302
0.654975 9.99649E-05 9.99649E-05 9.99649E-05 0.00439537 0.000147516 0.167598 0.172485 9.99649E-05
0.510595 9.99824E-05 9.99824E-05 0.0130523 0.163988 0.0791009 0.0643204 0.121995 0.0467479
0.680366 0.0198853 0.118306 9.99649E-05 0.0310082 0.150035 9.99649E-05 9.99649E-05 9.99649E-05
0.577651 9.99649E-05 9.99649E-05 0.165365 0.0284545 0.0906583 0.137471 9.99649E-05 9.99649E-05
0.575106 0.357313 9.99562E-05 9.99562E-05 9.99562E-05 0.0565137 0.0105666 9.99562E-05 9.99562E-05
0.646031 9.99737E-05 9.99737E-05 0.021169 0.133111 0.141206 0.0540519 9.99737E-05 0.004131
0.449493 9.99561E-05 9.99561E-05 9.99561E-05 0.0721211 9.99561E-05 0.200944 0.276942 9.99561E-05
0.631902 9.99649E-05 9.99649E-05 9.99649E-05 0.129896 0.119022 0.0736904 0.0450907 9.99649E-05
0.783619 0.0495187 9.99737E-05 0.0601859 0.00485033 0.0231493 9.99737E-05 0.0783764 9.99737E-05
0.564755 9.99649E-05 0.019038 0.135312 0.201622 9.99649E-05 0.0788734 9.99649E-05 9.99649E-05
0.794772 9.99473E-05 9.99473E-05 9.99473E-05 9.99473E-05 9.99473E-05 0.0858158 0.118812 9.99473E-05
0.73413 0.0269789 9.99561E-05 9.99561E-05 0.121296 9.99561E-05 0.117096 9.99561E-05 9.99561E-05
0.55111 0.0748171 9.99825E-05 0.051498 0.0392322 0.133877 0.0229352 0.12633 9.99825E-05
0.58677 0.0161407 0.0641611 9.99912E-05 0.0230658 0.0669727 0.0899057 0.112316 0.0405678
0.711249 9.99474E-05 9.99474E-05 9.99474E-05 9.99474E-05 9.99474E-05 0.226309 9.99474E-05 0.0618424
0.650413 9.995E-05 0.017009 9.995E-05 9.995E-05 9.995E-05 0.179687 9.995E-05 0.152391
0.703269 9.99385E-05 9.99385E-05 9.99385E-05 9.99385E-05 9.99385E-05 0.296032 9.99385E-05 9.99385E-05
0.744939 9.99473E-05 9.99473E-05 0.0377056 9.99473E-05 9.99473E-05 0.216756 9.99473E-05 9.99473E-05
0.816798 9.99562E-05 9.99562E-05 9.99562E-05 9.99562E-05 0.0501974 0.0939626 0.0385424 9.99562E-05
0.722843 9.99386E-05 9.99386E-05 9.99386E-05 9.99386E-05 9.99386E-05 0.276458 9.99386E-05 9.99386E-05
0.603323 9.99561E-05 9.99561E-05 9.99561E-05 9.99561E-05 0.0357778 0.25468 9.99561E-05 0.105719
0.756464 0.000866382 9.9965E-05 9.9965E-05 0.078433 0.0866933 0.0771433 9.9965E-05 9.9965E-05
0.77211 9.99649E-05 9.99649E-05 0.00162435 9.99649E-05 0.0259851 0.197849 9.99649E-05 0.00203184
0.629745 9.99473E-05 9.99473E-05 9.99473E-05 0.0593742 9.99473E-05 0.310282 9.99473E-05 9.99473E-05
0.765021 9.99649E-05 9.99649E-05 9.99649E-05 0.0163464 9.99649E-05 0.147616 0.00515925 0.0654572
0.779215 9.99386E-05 9.99386E-05 9.99386E-05 9.99386E-05 9.99386E-05 0.220085 9.99386E-05 9.99386E-05
0.696525 9.99472E-05 9.99472E-05 9.99472E-05 0.0638886 9.99472E-05 0.238987 9.99472E-05 9.99472E-05
0.55836 9.99474E-05 9.99474E-05 9.99474E-05 9.99474E-05 0.229561 0.211479 9.99474E-05 9.99474E-05
0.791667 9.99474E-05 9.99474E-05 9.99474E-05 9.99474E-05 0.121056 0.0866772 9.99474E-05 9.99474E-05
0.519634 9.99561E-05 9.99561E-05 9.99561E-05 9.99561E-05 0.198513 0.274305 9.99561E-05 0.00704883
0.614319 9.99649E-05 9.99649E-05 9.99649E-05 0.0188858 0.0778388 0.202928 9.99649E-05 0.085628
0.767334 9.99474E-05 9.99474E-05 9.99474E-05 9.99474E-05 0.00636808 0.225699 9.99474E-05 9.99474E-05
0.686045 9.99386E-05 9.99386E-05 9.99386E-05 9.99386E-05 9.99386E-05 0.313255 9.99386E-05 9.99386E-05
0.756315 9.99387E-05 9.99387E-05 9.99387E-05 9.99387E-05 9.99387E-05 0.242985 9.99387E-05 9.99387E-05
0.611752 9.99385E-05 9.99385E-05 9.99385E-05 9.99385E-05 9.99385E-05 0.387548 9.99385E-05 9.99385E-05
0.838823 9.99386E-05 9.99386E-05 9.99386E-05 9.99386E-05 9.99386E-05 0.160477 9.99386E-05 9.99386E-05
0.747114 9.99385E-05 9.99385E-05 9.99385E-05 9.99385E-05 9.99385E-05 0.252186 9.99385E-05 9.99385E-05
0.00230947 9.99474E-05 0.0799105 9.99474E-05 9.99474E-05 0.91718 9.99474E-05 9.99474E-05 9.99474E-05
0.660278 9.99475E-05 9.99475E-05 9.99475E-05 9.99475E-05 9.99475E-05 0.281867 0.0572561 9.99475E-05
0.678123 9.99473E-05 9.99473E-05 9.99473E-05 9.99473E-05 0.0775241 0.243754 9.99473E-05 9.99473E-05
0.824335 9.9956E-05 9.9956E-05 0.0669932 0.0170725 9.9956E-05 0.0910995 9.9956E-05 9.9956E-05
0.820463 9.99474E-05 9.99474E-05 9.99474E-05 9.99474E-05 0.0353804 0.143557 9.99474E-05 9.99474E-05
0.64455 9.99472E-05 9.99472E-05 9.99472E-05 9.99472E-05 9.99472E-05 0.330607 0.0242431 9.99472E-05
0.678305 9.99474E-05 9.99474E-05 9.99474E-05 9.99474E-05 0.118194 0.202902 9.99474E-05 9.99474E-05
0.687514 9.99474E-05 9.99474E-05 9.99474E-05 0.127412 9.99474E-05 0.184474 9.99474E-05 9.99474E-05
0.906757 9.99473E-05 9.99473E-05 9.99473E-05 9.99473E-05 9.99473E-05 0.0189301 0.0737134 9.99473E-05
0.64716 9.99562E-05 9.99562E-05 9.99562E-05 9.99562E-05 0.103414 0.23721 9.99562E-05 0.0117162
0.741186 9.99386E-05 9.99386E-05 9.99386E-05 9.99386E-05 9.99386E-05 0.258114 9.99386E-05 9.99386E-05
0.703649 9.99386E-05 9.99386E-05 9.99386E-05 9.99386E-05 9.99386E-05 0.295652 9.99386E-05 9.99386E-05
0.876542 9.99385E-05 9.99385E-05 9.99385E-05 9.99385E-05 9.99385E-05 0.122758 9.99385E-05 9.99385E-05
0.687338 9.99561E-05 9.99561E-05 9.99561E-05 9.99561E-05 0.0350271 0.258935 0.0181997 9.99561E-05
0.880768 9.99386E-05 9.99386E-05 9.99386E-05 9.99386E-05 9.99386E-05 0.118532 9.99386E-05 9.99386E-05
0.740308 9.99473E-05 9.99473E-05 9.99473E-05 9.99473E-05 9.99473E-05 0.208966 0.0501264 9.99473E-05
