0.0722845 0.152661 0.00240892 9.9921E-05 9.9921E-05 0.223312 0.0530016 0.365443 9.9921E-05 9.9921E-05 9.9921E-05 0.0523537 9.9921E-05 9.9921E-05 0.0776355 9.9921E-05 9.9921E-05
9.98947E-05 0.0932532 9.98947E-05 9.98947E-05 9.98947E-05 9.98947E-05 0.138877 0.727494 9.98947E-05 0.0076709 9.98947E-05 9.98947E-05 9.98947E-05 9.98947E-05 0.0315057 9.98947E-05 9.98947E-05
0.00148859 9.98947E-05 0.0562383 9.98947E-05 9.98947E-05 9.98947E-05 9.98947E-05 0.827418 9.98947E-05 9.98947E-05 0.0907403 9.98947E-05 9.98947E-05 9.98947E-05 0.0229156 9.98947E-05 9.98947E-05
0.0351499 9.99297E-05 0.031817 0.0569433 9.99297E-05 0.256845 9.99297E-05 0.232976 9.99297E-05 0.0382155 9.99297E-05 0.315292 9.99297E-05 9.99297E-05 0.0217749 0.0101875 9.99297E-05
9.98772E-05 9.98772E-05 9.98772E-05 9.98772E-05 9.98772E-05 9.98772E-05 9.98772E-05 0.816394 9.98772E-05 9.98772E-05 0.104323 9.98772E-05 9.98772E-05 9.98772E-05 9.98772E-05 0.0778849 9.98772E-05
9.9921E-05 0.270908 9.9921E-05 0.146066 9.9921E-05 0.026127 0.029554 0.21946 9.9921E-05 9.9921E-05 0.0962663 9.9921E-05 9.9921E-05 9.9921E-05 0.0172133 0.193505 9.9921E-05
0.154963 0.16451 0.08714 9.99386E-05 0.0890541 0.14177 0.0961956 0.215485 9.99386E-05 9.99386E-05 9.99386E-05 0.00220739 9.99386E-05 9.99386E-05 0.0181588 0.0298164 9.99386E-05
9.99299E-05 0.0520916 9.99299E-05 0.159275 0.00356502 0.160347 9.99299E-05 0.199804 0.19232 9.99299E-05 0.172198 0.0252633 9.99299E-05 9.99299E-05 9.99299E-05 9.99299E-05 0.0343373
9.99122E-05 9.99122E-05 0.196169 0.221989 9.99122E-05 9.99122E-05 0.00224266 0.240674 9.99122E-05 0.025819 0.0319656 9.99122E-05 9.99122E-05 9.99122E-05 0.280142 9.99122E-05 9.99122E-05
9.98771E-05 9.98771E-05 9.98771E-05 9.98771E-05 9.98771E-05 9.98771E-05 9.98771E-05 0.904237 0.00533561 9.98771E-05 9.98771E-05 9.98771E-05 9.98771E-05 9.98771E-05 0.0890294 9.98771E-05 9.98771E-05
0.153143 9.99035E-05 0.0399887 9.99035E-05 9.99035E-05 0.0201436 9.99035E-05 0.516795 9.99035E-05 0.0323104 9.99035E-05 9.99035E-05 9.99035E-05 9.99035E-05 0.23652 9.99035E-05 9.99035E-05
0.0069387 0.0369271 9.99122E-05 9.99122E-05 9.99122E-05 9.99122E-05 9.99122E-05 0.886582 9.99122E-05 0.0180629 9.99122E-05 0.0381839 9.99122E-05 9.99122E-05 0.00143769 9.99122E-05 0.0108689
9.9877E-05 9.9877E-05 9.9877E-05 9.9877E-05 9.9877E-05 0.192682 9.9877E-05 0.711327 9.9877E-05 9.9877E-05 9.9877E-05 9.9877E-05 9.9877E-05 9.9877E-05 0.0945925 9.9877E-05 9.9877E-05
0.0662434 9.99123E-05 9.99123E-05 9.99123E-05 0.0137162 0.0200219 9.99123E-05 0.59588 9.99123E-05 9.99123E-05 9.99123E-05 9.99123E-05 0.0886011 0.142036 0.0725019 9.99123E-05 9.99123E-05
9.99298E-05 0.263825 9.99298E-05 0.147917 9.99298E-05 0.00608101 0.0441333 0.247017 9.99298E-05 9.99298E-05 9.99298E-05 9.99298E-05 0.0822814 0.0301021 0.142358 0.0354865 9.99298E-05
0.0189948 0.118219 9.99297E-05 0.193293 9.99297E-05 0.124669 9.99297E-05 0.171163 9.99297E-05 9.99297E-05 9.99297E-05 0.103466 9.99297E-05 9.99297E-05 0.101108 0.0178043 0.150484
0.059421 9.99211E-05 9.99211E-05 9.99211E-05 9.99211E-05 0.0552546 0.056432 0.524047 9.99211E-05 9.99211E-05 9.99211E-05 0.0772511 9.99211E-05 0.0975594 0.0833487 9.99211E-05 0.0457872
9.99201E-05 0.242431 0.0194236 0.0184383 9.99201E-05 0.184789 9.99201E-05 0.129383 0.119734 0.151702 9.99201E-05 9.99201E-05 9.99201E-05 9.99201E-05 0.130964 0.00233499 9.99201E-05
0.0167315 9.99034E-05 9.99034E-05 0.113283 9.99034E-05 0.191909 9.99034E-05 0.3234 9.99034E-05 9.99034E-05 9.99034E-05 9.99034E-05 9.99034E-05 9.99034E-05 0.187889 0.165689 9.99034E-05
9.99034E-05 9.99034E-05 9.99034E-05 0.0255926 9.99034E-05 9.99034E-05 0.00501743 0.852581 9.99034E-05 0.0432475 9.99034E-05 9.99034E-05 9.99034E-05 9.99034E-05 0.071524 0.000939002 9.99034E-05
0.078679 9.99298E-05 0.0219589 0.106665 9.99298E-05 0.00566448 9.99298E-05 0.468016 9.99298E-05 9.99298E-05 0.0786097 0.0359914 9.99298E-05 9.99298E-05 0.0591937 9.99298E-05 0.144422
9.99122E-05 9.99122E-05 9.99122E-05 0.149089 9.99122E-05 0.37576 9.99122E-05 0.234558 0.0238974 9.99122E-05 0.0577128 9.99122E-05 9.99122E-05 9.99122E-05 0.00109037 0.156893 9.99122E-05
0.0389034 0.116687 0.0278635 0.0386307 9.99123E-05 9.99123E-05 9.99123E-05 0.63305 9.99123E-05 9.99123E-05 9.99123E-05 0.0281861 9.99123E-05 9.99123E-05 0.11568 9.99123E-05 9.99123E-05
9.98947E-05 9.98947E-05 0.0574012 9.98947E-05 9.98947E-05 0.354688 9.98947E-05 0.331415 9.98947E-05 9.98947E-05 9.98947E-05 9.98947E-05 9.98947E-05 9.98947E-05 0.235043 9.98947E-05 0.0202547
9.9921E-05 9.9921E-05 0.0331039 0.0729899 9.9921E-05 0.0947158 9.9921E-05 0.236642 9.9921E-05 0.0940013 9.9921E-05 9.9921E-05 0.159929 0.0133187 0.2944 9.9921E-05 9.9921E-05
9.98947E-05 9.98947E-05 9.98947E-05 9.98947E-05 9.98947E-05 0.0827034 9.98947E-05 0.66952 9.98947E-05 9.98947E-05 9.98947E-05 0.0854382 9.98947E-05 0.0967378 0.0644021 9.98947E-05 9.98947E-05
9.99122E-05 0.0147737 9.99122E-05 9.99122E-05 9.99122E-05 0.407963 0.0764425 9.99122E-05 0.177076 9.99122E-05 9.99122E-05 9.99122E-05 9.99122E-05 0.175378 0.0873927 9.99122E-05 0.0599744
9.99035E-05 9.99035E-05 9.99035E-05 9.99035E-05 9.99035E-05 0.0806613 0.000640363 0.753867 9.99035E-05 9.99035E-05 9.99035E-05 0.0281887 9.99035E-05 9.99035E-05 0.091976 0.0435682 9.99035E-05
9.99035E-05 0.0666477 0.0745312 9.99035E-05 9.99035E-05 0.127862 9.99035E-05 0.493451 9.99035E-05 0.017789 9.99035E-05 9.99035E-05 9.99035E-05 9.99035E-05 0.21862 9.99035E-05 9.99035E-05
9.99034E-05 0.0537636 0.00979835 0.0653395 9.99034E-05 9.99034E-05 9.99034E-05 0.769445 9.99034E-05 9.99034E-05 9.99034E-05 9.99034E-05 9.99034E-05 9.99034E-05 0.0848304 0.0157247 9.99034E-05
0.102638 0.236226 9.99034E-05 9.99034E-05 9.99034E-05 0.037474 9.99034E-05 0.511119 9.99034E-05 0.0139388 9.99034E-05 9.99034E-05 9.99034E-05 9.99034E-05 9.99034E-05 0.0975059 9.99034E-05
0.0637549 0.0442997 9.99211E-05 0.000813388 9.99211E-05 0.0883878 9.99211E-05 0.499806 9.99211E-05 9.99211E-05 9.99211E-05 9.99211E-05 9.99211E-05 0.105601 0.132486 0.0639517 9.99211E-05
0.112771 0.0958526 9.99034E-05 9.99034E-05 9.99034E-05 0.132102 9.99034E-05 0.449782 9.99034E-05 9.99034E-05 9.99034E-05 9.99034E-05 9.99034E-05 9.99034E-05 0.164536 9.99034E-05 0.043857
9.99122E-05 9.99122E-05 9.99122E-05 9.99122E-05 0.0300213 0.144963 9.99122E-05 0.466046 0.00773709 9.99122E-05 9.99122E-05 9.99122E-05 9.99122E-05 0.17546 0.136972 0.0378015 9.99122E-05
0.0811445 9.99123E-05 9.99123E-05 9.99123E-05 9.99123E-05 0.0082053 0.0353482 0.777956 9.99123E-05 0.0323228 9.99123E-05 9.99123E-05 9.99123E-05 9.99123E-05 0.0330682 0.0309561 9.99123E-05
9.98947E-05 9.98947E-05 9.98947E-05 0.024418 9.98947E-05 0.0856555 9.98947E-05 0.591532 9.98947E-05 9.98947E-05 9.98947E-05 0.196277 9.98947E-05 9.98947E-05 0.100919 9.98947E-05 9.98947E-05
9.98773E-05 9.98773E-05 9.98773E-05 9.98773E-05 0.0388153 9.98773E-05 9.98773E-05 0.850445 9.98773E-05 9.98773E-05 9.98773E-05 9.98773E-05 9.98773E-05 9.98773E-05 9.98773E-05 0.109342 9.98773E-05
0.0208306 9.99122E-05 9.99122E-05 0.160009 9.99122E-05 9.99122E-05 0.0188877 0.620864 9.99122E-05 0.0480247 9.99122E-05 0.00504969 9.99122E-05 9.99122E-05 0.125335 9.99122E-05 9.99122E-05
0.0369236 9.99298E-05 9.99298E-05 0.00405991 9.99298E-05 0.0219754 0.0981654 0.560742 9.99298E-05 9.99298E-05 9.99298E-05 9.99298E-05 9.99298E-05 0.022829 0.153043 0.005237 0.0962256
0.0280093 9.99122E-05 9.99122E-05 9.99122E-05 9.99122E-05 9.99122E-05 9.99122E-05 0.50425 9.99122E-05 9.99122E-05 0.00793989 9.99122E-05 9.99122E-05 0.14266 0.203116 0.0200188 0.0930075
0.0571818 9.99034E-05 0.00412712 9.99034E-05 9.99034E-05 0.110411 9.99034E-05 0.767858 9.99034E-05 9.99034E-05 9.99034E-05 9.99034E-05 9.99034E-05 9.99034E-05 0.0562578 0.00306574 9.99034E-05
9.98948E-05 9.98948E-05 0.0186521 0.0508968 9.98948E-05 0.232162 9.98948E-05 0.628444 9.98948E-05 9.98948E-05 9.98948E-05 9.98948E-05 9.98948E-05 9.98948E-05 0.0686461 9.98948E-05 9.98948E-05
9.98947E-05 9.98947E-05 9.98947E-05 9.98947E-05 9.98947E-05 0.093275 0.0455805 0.80671 9.98947E-05 9.98947E-05 9.98947E-05 9.98947E-05 9.98947E-05 0.0198646 9.98947E-05 0.033371 9.98947E-05
9.99123E-05 0.0808984 0.171155 0.0478174 9.99123E-05 0.127363 9.99123E-05 0.364971 0.0247428 9.99123E-05 9.99123E-05 9.99123E-05 9.99123E-05 9.99123E-05 0.182054 9.99123E-05 9.99123E-05
9.99035E-05 9.99035E-05 9.99035E-05 9.99035E-05 9.99035E-05 0.298077 9.99035E-05 0.2904 9.99035E-05 9.99035E-05 0.0406551 0.0981344 9.99035E-05 9.99035E-05 0.16833 0.103304 9.99035E-05
9.98946E-05 9.98946E-05 9.98946E-05 9.98946E-05 9.98946E-05 0.038893 9.98946E-05 0.812742 9.98946E-05 0.0569964 9.98946E-05 9.98946E-05 9.98946E-05 9.98946E-05 0.046331 0.0438391 9.98946E-05
0.00773382 9.99035E-05 9.99035E-05 0.0117248 9.99035E-05 9.99035E-05 9.99035E-05 0.79884 0.00536194 9.99035E-05 9.99035E-05 0.108614 9.99035E-05 9.99035E-05 0.0666264 9.99035E-05 9.99035E-05
9.9886E-05 0.0161119 9.9886E-05 9.9886E-05 9.9886E-05 9.9886E-05 9.9886E-05 0.874154 0.0663254 9.9886E-05 9.9886E-05 9.9886E-05 9.9886E-05 9.9886E-05 0.0421098 9.9886E-05 9.9886E-05
9.98946E-05 9.98946E-05 9.98946E-05 9.98946E-05 9.98946E-05 0.231218 9.98946E-05 0.545741 9.98946E-05 9.98946E-05 9.98946E-05 0.0162954 9.98946E-05 9.98946E-05 0.139456 0.0660901 9.98946E-05
9.98949E-05 9.98949E-05 9.98949E-05 0.0292131 0.127239 9.98949E-05 0.0203758 0.71836 9.98949E-05 9.98949E-05 9.98949E-05 9.98949E-05 9.98949E-05 9.98949E-05 9.98949E-05 0.103613 9.98949E-05
0.120024 0.070221 9.99298E-05 0.12126 9.99298E-05 0.0676307 9.99298E-05 0.283892 9.99298E-05 9.99298E-05 9.99298E-05 0.0510752 9.99298E-05 0.0252664 0.239805 9.99298E-05 0.0200269
9.99035E-05 9.99035E-05 0.0547829 9.99035E-05 9.99035E-05 0.246284 9.99035E-05 0.541858 9.99035E-05 0.0108104 0.0191587 0.126007 9.99035E-05 9.99035E-05 9.99035E-05 9.99035E-05 9.99035E-05
9.98947E-05 9.98947E-05 9.98947E-05 0.0205739 9.98947E-05 9.98947E-05 0.0104944 0.911759 0.0212526 9.98947E-05 9.98947E-05 9.98947E-05 9.98947E-05 9.98947E-05 0.034721 9.98947E-05 9.98947E-05
9.99211E-05 9.99211E-05 9.99211E-05 0.0202995 0.024963 0.0105225 9.99211E-05 0.608166 0.00159339 9.99211E-05 0.0713585 9.99211E-05 9.99211E-05 9.99211E-05 0.0816044 9.99211E-05 0.180594
9.9886E-05 0.0193772 9.9886E-05 9.9886E-05 9.9886E-05 9.9886E-05 9.9886E-05 0.716157 9.9886E-05 9.9886E-05 9.9886E-05 9.9886E-05 0.174713 9.9886E-05 0.088455 9.9886E-05 9.9886E-05
0.0468779 0.0796136 9.9921E-05 9.9921E-05 9.9921E-05 0.00273212 9.9921E-05 0.646829 9.9921E-05 0.0370917 0.0442755 9.9921E-05 9.9921E-05 0.0465761 9.9921E-05 0.0951044 9.9921E-05
9.98947E-05 9.98947E-05 9.98947E-05 9.98947E-05 9.98947E-05 9.98947E-05 0.103789 0.674744 0.0741537 9.98947E-05 9.98947E-05 9.98947E-05 9.98947E-05 9.98947E-05 0.0341466 0.111967 9.98947E-05
0.0283398 9.98859E-05 9.98859E-05 9.98859E-05 9.98859E-05 9.98859E-05 9.98859E-05 0.809923 9.98859E-05 9.98859E-05 9.98859E-05 0.10438 9.98859E-05 9.98859E-05 0.0560586 9.98859E-05 9.98859E-05
0.010845 9.9921E-05 9.9921E-05 0.0175977 0.0277148 0.0291737 9.9921E-05 0.791534 0.0190775 9.9921E-05 9.9921E-05 0.0680615 9.9921E-05 9.9921E-05 0.0350966 9.9921E-05 9.9921E-05
9.99034E-05 0.669914 9.99034E-05 0.0333582 9.99034E-05 9.99034E-05 0.0142882 9.99034E-05 0.0943535 9.99034E-05 9.99034E-05 9.99034E-05 0.0498102 9.99034E-05 0.137177 9.99034E-05 9.99034E-05
9.98685E-05 0.926668 9.98685E-05 9.98685E-05 9.98685E-05 9.98685E-05 9.98685E-05 9.98685E-05 9.98685E-05 9.98685E-05 9.98685E-05 9.98685E-05 9.98685E-05 9.98685E-05 9.98685E-05 9.98685E-05 0.0718342
9.98771E-05 0.934901 9.98771E-05 9.98771E-05 0.0176648 9.98771E-05 9.98771E-05 9.98771E-05 0.046036 9.98771E-05 9.98771E-05 9.98771E-05 9.98771E-05 9.98771E-05 9.98771E-05 9.98771E-05 9.98771E-05
0.00615407 0.362846 9.9921E-05 0.161905 0.0598821 9.9921E-05 0.310342 9.9921E-05 0.0119806 9.9921E-05 9.9921E-05 9.9921E-05 9.9921E-05 0.0114196 0.0745709 9.9921E-05 9.9921E-05
0.00614755 0.602158 9.99208E-05 0.0282068 0.0590536 0.0994321 9.99208E-05 9.99208E-05 0.0479673 0.109937 9.99208E-05 9.99208E-05 9.99208E-05 9.99208E-05 0.0461987 9.99208E-05 9.99208E-05
9.9912E-05 0.619555 0.0259189 0.0236169 9.9912E-05 0.0946013 9.9912E-05 9.9912E-05 0.00364068 9.9912E-05 9.9912E-05 9.9912E-05 0.0293906 9.9912E-05 0.202278 9.9912E-05 9.9912E-05
0.0271613 0.484772 9.98946E-05 9.98946E-05 9.98946E-05 9.98946E-05 0.295259 9.98946E-05 9.98946E-05 9.98946E-05 9.98946E-05 0.0651631 9.98946E-05 9.98946E-05 0.126446 9.98946E-05 9.98946E-05
9.99121E-05 0.567798 9.99121E-05 0.0925317 0.0146169 9.99121E-05 0.0874258 9.99121E-05 0.121581 9.99121E-05 9.99121E-05 9.99121E-05 9.99121E-05 9.99121E-05 0.0894929 0.0255551 9.99121E-05
9.98683E-05 0.991028 9.98683E-05 9.98683E-05 9.98683E-05 9.98683E-05 9.98683E-05 9.98683E-05 0.00747431 9.98683E-05 9.98683E-05 9.98683E-05 9.98683E-05 9.98683E-05 9.98683E-05 9.98683E-05 9.98683E-05
0.0319524 0.953352 9.9877E-05 9.9877E-05 9.9877E-05 9.9877E-05 9.9877E-05 9.9877E-05 9.9877E-05 9.9877E-05 9.9877E-05 0.0132974 9.9877E-05 9.9877E-05 9.9877E-05 9.9877E-05 9.9877E-05
0.137813 0.503559 9.98944E-05 0.0456796 9.98944E-05 9.98944E-05 9.98944E-05 9.98944E-05 9.98944E-05 9.98944E-05 9.98944E-05 9.98944E-05 9.98944E-05 9.98944E-05 0.265221 0.046528 9.98944E-05
0.10448 0.392034 9.99297E-05 9.99297E-05 0.00431479 0.10557 0.0458649 9.99297E-05 9.99297E-05 9.99297E-05 0.0121327 0.0511938 0.152559 9.99297E-05 0.131051 9.99297E-05 9.99297E-05
0.0923325 0.517094 9.99121E-05 0.127938 9.99121E-05 9.99121E-05 9.99121E-05 9.99121E-05 9.99121E-05 9.99121E-05 0.16003 0.0248212 9.99121E-05 9.99121E-05 0.0381196 9.99121E-05 0.0386663
9.98945E-05 0.456656 9.98945E-05 9.98945E-05 9.98945E-05 0.205461 0.039621 9.98945E-05 9.98945E-05 9.98945E-05 9.98945E-05 9.98945E-05 9.98945E-05 9.98945E-05 0.241175 0.055889 9.98945E-05
0.00786823 0.958296 9.98773E-05 9.98773E-05 9.98773E-05 9.98773E-05 9.98773E-05 9.98773E-05 9.98773E-05 9.98773E-05 9.98773E-05 9.98773E-05 9.98773E-05 9.98773E-05 9.98773E-05 9.98773E-05 0.0324376
9.98772E-05 0.914477 9.98772E-05 0.043424 9.98772E-05 9.98772E-05 9.98772E-05 9.98772E-05 9.98772E-05 9.98772E-05 9.98772E-05 9.98772E-05 9.98772E-05 9.98772E-05 0.0407009 9.98772E-05 9.98772E-05
9.98856E-05 0.708767 9.98856E-05 0.0116549 0.101253 9.98856E-05 9.98856E-05 9.98856E-05 9.98856E-05 9.98856E-05 9.98856E-05 9.98856E-05 9.98856E-05 9.98856E-05 9.98856E-05 0.177026 9.98856E-05
0.130179 0.544247 9.99034E-05 0.0577932 9.99034E-05 0.15251 9.99034E-05 9.99034E-05 9.99034E-05 9.99034E-05 9.99034E-05 0.00348502 9.99034E-05 9.99034E-05 9.99034E-05 0.110687 9.99034E-05
0.029332 0.847271 9.98946E-05 9.98946E-05 9.98946E-05 9.98946E-05 9.98946E-05 9.98946E-05 0.0708688 9.98946E-05 9.98946E-05 9.98946E-05 9.98946E-05 9.98946E-05 0.0283265 0.0230026 9.98946E-05
9.99033E-05 0.625547 9.99033E-05 9.99033E-05 9.99033E-05 9.99033E-05 0.00104006 9.99033E-05 9.99033E-05 9.99033E-05 0.00677025 9.99033E-05 9.99033E-05 9.99033E-05 0.136878 0.0202319 0.208433
9.98686E-05 0.974993 9.98686E-05 9.98686E-05 9.98686E-05 9.98686E-05 9.98686E-05 9.98686E-05 9.98686E-05 9.98686E-05 0.0235085 9.98686E-05 9.98686E-05 9.98686E-05 9.98686E-05 9.98686E-05 9.98686E-05
9.99209E-05 0.540778 9.99209E-05 0.0309415 0.0532421 0.26827 0.0381621 9.99209E-05 0.0170882 9.99209E-05 9.99209E-05 9.99209E-05 9.99209E-05 9.99209E-05 0.0316117 0.0190078 9.99209E-05
9.98859E-05 0.773231 9.98859E-05 9.98859E-05 9.98859E-05 9.98859E-05 9.98859E-05 9.98859E-05 9.98859E-05 9.98859E-05 9.98859E-05 9.98859E-05 0.0708367 0.0850888 0.0695452 9.98859E-05 9.98859E-05
0.0142086 0.663366 9.99034E-05 0.0502947 9.99034E-05 9.99034E-05 9.99034E-05 9.99034E-05 0.0605216 9.99034E-05 9.99034E-05 9.99034E-05 9.99034E-05 9.99034E-05 0.0163139 0.194196 9.99034E-05
0.146983 0.779708 9.98857E-05 9.98857E-05 9.98857E-05 9.98857E-05 9.98857E-05 9.98857E-05 9.98857E-05 9.98857E-05 9.98857E-05 0.0401623 9.98857E-05 9.98857E-05 0.0318488 9.98857E-05 9.98857E-05
9.9886E-05 0.891432 9.9886E-05 0.0191256 9.9886E-05 9.9886E-05 0.0826716 9.9886E-05 9.9886E-05 9.9886E-05 9.9886E-05 9.9886E-05 9.9886E-05 9.9886E-05 9.9886E-05 0.00547204 9.9886E-05
9.98684E-05 0.982757 0.0157455 9.98684E-05 9.98684E-05 9.98684E-05 9.98684E-05 9.98684E-05 9.98684E-05 9.98684E-05 9.98684E-05 9.98684E-05 9.98684E-05 9.98684E-05 9.98684E-05 9.98684E-05 9.98684E-05
9.98596E-05 0.998402 9.98596E-05 9.98596E-05 9.98596E-05 9.98596E-05 9.98596E-05 9.98596E-05 9.98596E-05 9.98596E-05 9.98596E-05 9.98596E-05 9.98596E-05 9.98596E-05 9.98596E-05 9.98596E-05 9.98596E-05
9.98684E-05 0.885642 9.98684E-05 9.98684E-05 9.98684E-05 9.98684E-05 9.98684E-05 9.98684E-05 0.11286 9.98684E-05 9.98684E-05 9.98684E-05 9.98684E-05 9.98684E-05 9.98684E-05 9.98684E-05 9.98684E-05
9.98862E-05 0.777063 9.98862E-05 0.089965 9.98862E-05 9.98862E-05 0.000180486 9.98862E-05 9.98862E-05 9.98862E-05 9.98862E-05 9.98862E-05 9.98862E-05 9.98862E-05 0.131493 9.98862E-05 9.98862E-05
9.98859E-05 9.98859E-05 9.98859E-05 0.177296 9.98859E-05 9.98859E-05 9.98859E-05 9.98859E-05 9.98859E-05 9.98859E-05 0.0240888 9.98859E-05 9.98859E-05 0.595655 0.201661 9.98859E-05 9.98859E-05
9.98861E-05 9.98861E-05 9.98861E-05 0.0441063 9.98861E-05 9.98861E-05 9.98861E-05 0.0232169 9.98861E-05 9.98861E-05 9.98861E-05 9.98861E-05 9.98861E-05 0.89481 0.0365679 9.98861E-05 9.98861E-05
0.0631632 9.99033E-05 9.99033E-05 9.99033E-05 9.99033E-05 0.0624229 9.99033E-05 9.99033E-05 0.0413358 9.99033E-05 0.0160585 9.99033E-05 9.99033E-05 0.621931 0.19399 9.99033E-05 9.99033E-05
0.105491 9.98945E-05 9.98945E-05 0.129266 9.98945E-05 9.98945E-05 9.98945E-05 9.98945E-05 0.101781 9.98945E-05 9.98945E-05 9.98945E-05 9.98945E-05 0.451575 0.210687 9.98945E-05 9.98945E-05
9.99033E-05 9.99033E-05 0.0531099 0.214888 0.0503505 9.99033E-05 9.99033E-05 9.99033E-05 9.99033E-05 0.00826674 9.99033E-05 9.99033E-05 9.99033E-05 0.586165 0.0861215 9.99033E-05 9.99033E-05
9.98858E-05 9.98858E-05 9.98858E-05 0.149024 9.98858E-05 9.98858E-05 9.98858E-05 9.98858E-05 9.98858E-05 9.98858E-05 9.98858E-05 0.106329 9.98858E-05 0.525842 0.217507 9.98858E-05 9.98858E-05
0.017978 9.99033E-05 9.99033E-05 0.157286 9.99033E-05 0.133275 9.99033E-05 9.99033E-05 0.0245341 9.99033E-05 9.99033E-05 9.99033E-05 9.99033E-05 0.511079 0.154749 9.99033E-05 9.99033E-05
9.98858E-05 9.98858E-05 9.98858E-05 0.280851 9.98858E-05 9.98858E-05 9.98858E-05 9.98858E-05 9.98858E-05 0.0487752 9.98858E-05 9.98858E-05 9.98858E-05 0.53374 0.135336 9.98858E-05 9.98858E-05
0.0387583 9.99033E-05 9.99033E-05 0.358491 9.99033E-05 0.0707185 0.26122 9.99033E-05 9.99033E-05 9.99033E-05 9.99033E-05 9.99033E-05 9.99033E-05 0.158227 0.111487 9.99033E-05 9.99033E-05
9.98946E-05 9.98946E-05 9.98946E-05 0.288703 9.98946E-05 0.0225066 9.98946E-05 9.98946E-05 9.98946E-05 9.98946E-05 9.98946E-05 9.98946E-05 0.0200808 0.317858 0.349652 9.98946E-05 9.98946E-05
0.029475 9.9886E-05 9.9886E-05 0.0766245 9.9886E-05 9.9886E-05 0.340016 9.9886E-05 9.9886E-05 9.9886E-05 9.9886E-05 9.9886E-05 9.9886E-05 0.552586 9.9886E-05 9.9886E-05 9.9886E-05
0.0503797 9.98946E-05 9.98946E-05 9.98946E-05 9.98946E-05 9.98946E-05 0.171107 9.98946E-05 9.98946E-05 0.00219942 9.98946E-05 9.98946E-05 9.98946E-05 0.658651 0.116464 9.98946E-05 9.98946E-05
0.0134006 9.98858E-05 9.98858E-05 0.165306 9.98858E-05 9.98858E-05 9.98858E-05 9.98858E-05 0.0239875 9.98858E-05 9.98858E-05 9.98858E-05 9.98858E-05 0.796008 9.98858E-05 9.98858E-05 9.98858E-05
9.9886E-05 9.9886E-05 0.0868214 0.151995 9.9886E-05 9.9886E-05 9.9886E-05 9.9886E-05 9.9886E-05 9.9886E-05 9.9886E-05 9.9886E-05 9.9886E-05 0.559795 0.20009 9.9886E-05 9.9886E-05
9.99122E-05 9.99122E-05 9.99122E-05 0.152578 0.00465419 9.99122E-05 0.0763772 9.99122E-05 0.209043 9.99122E-05 9.99122E-05 9.99122E-05 9.99122E-05 0.511484 9.99122E-05 0.0357907 0.0090734
0.00692257 9.99122E-05 9.99122E-05 0.0325726 0.0513277 9.99122E-05 0.155375 9.99122E-05 9.99122E-05 9.99122E-05 9.99122E-05 0.142065 9.99122E-05 0.460437 0.150302 9.99122E-05 9.99122E-05
9.98946E-05 9.98946E-05 9.98946E-05 0.105966 9.98946E-05 9.98946E-05 0.224707 9.98946E-05 9.98946E-05 0.0994215 9.98946E-05 9.98946E-05 9.98946E-05 0.443609 0.125098 9.98946E-05 9.98946E-05
9.98947E-05 9.98947E-05 9.98947E-05 0.235851 0.0604475 0.114842 9.98947E-05 9.98947E-05 9.98947E-05 9.98947E-05 0.0177748 9.98947E-05 9.98947E-05 0.569886 9.98947E-05 9.98947E-05 9.98947E-05
0.0649947 9.99033E-05 9.99033E-05 0.0556427 9.99033E-05 0.0320841 0.00569154 9.99033E-05 9.99033E-05 9.99033E-05 0.0435544 9.99033E-05 9.99033E-05 0.796934 9.99033E-05 9.99033E-05 9.99033E-05
0.0232969 0.0714887 9.99122E-05 0.118874 9.99122E-05 9.99122E-05 9.99122E-05 9.99122E-05 9.99122E-05 0.0591132 9.99122E-05 0.0680185 9.99122E-05 0.483643 0.174566 9.99122E-05 9.99122E-05
9.99033E-05 9.99033E-05 9.99033E-05 0.107038 9.99033E-05 9.99033E-05 0.146934 9.99033E-05 9.99033E-05 9.99033E-05 0.01059 0.089559 9.99033E-05 0.543715 0.101065 9.99033E-05 9.99033E-05
0.0469135 9.98945E-05 9.98945E-05 0.141543 9.98945E-05 9.98945E-05 9.98945E-05 9.98945E-05 0.060538 9.98945E-05 9.98945E-05 9.98945E-05 9.98945E-05 0.638668 0.111139 9.98945E-05 9.98945E-05
9.99122E-05 9.99122E-05 0.0604719 0.282393 9.99122E-05 9.99122E-05 0.0978509 9.99122E-05 9.99122E-05 0.104919 0.00707693 9.99122E-05 9.99122E-05 0.166316 0.279973 9.99122E-05 9.99122E-05
9.9886E-05 9.9886E-05 9.9886E-05 0.237953 9.9886E-05 9.9886E-05 9.9886E-05 9.9886E-05 9.9886E-05 9.9886E-05 9.9886E-05 9.9886E-05 0.0469795 0.655661 0.0581076 9.9886E-05 9.9886E-05
0.00177483 9.99209E-05 0.0118309 0.324491 9.99209E-05 9.99209E-05 0.0911719 9.99209E-05 9.99209E-05 0.0602837 9.99209E-05 9.99209E-05 9.99209E-05 0.208621 0.243394 0.0575331 9.99209E-05
9.99123E-05 0.0837451 9.99123E-05 0.176862 9.99123E-05 9.99123E-05 0.113894 9.99123E-05 0.018788 9.99123E-05 9.99123E-05 9.99123E-05 9.99123E-05 0.440063 0.0966025 9.99123E-05 0.0690462
9.98774E-05 9.98774E-05 0.151718 9.98774E-05 9.98774E-05 9.98774E-05 9.98774E-05 9.98774E-05 9.98774E-05 9.98774E-05 9.98774E-05 9.98774E-05 9.98774E-05 0.811866 0.0350176 9.98774E-05 9.98774E-05
9.98857E-05 9.98857E-05 9.98857E-05 0.108782 9.98857E-05 9.98857E-05 9.98857E-05 9.98857E-05 9.98857E-05 9.98857E-05 9.98857E-05 9.98857E-05 9.98857E-05 0.465103 0.317648 0.107168 9.98857E-05
9.99035E-05 9.99035E-05 9.99035E-05 0.31056 9.99035E-05 0.0112746 0.125201 9.99035E-05 9.99035E-05 0.00847594 9.99035E-05 9.99035E-05 9.99035E-05 0.352798 0.190592 9.99035E-05 9.99035E-05
9.98947E-05 9.98947E-05 9.98947E-05 0.0379495 9.98947E-05 9.98947E-05 9.98947E-05 9.98947E-05 9.98947E-05 0.0874007 0.0625086 9.98947E-05 9.98947E-05 0.632789 0.178154 9.98947E-05 9.98947E-05
0.0516141 9.99034E-05 9.99034E-05 0.0797087 9.99034E-05 9.99034E-05 0.0087305 9.99034E-05 9.99034E-05 9.99034E-05 9.99034E-05 9.99034E-05 9.99034E-05 0.545332 0.256868 9.99034E-05 0.0566476
9.98945E-05 9.98945E-05 9.98945E-05 0.0644949 9.98945E-05 9.98945E-05 9.98945E-05 9.98945E-05 9.98945E-05 0.0122518 9.98945E-05 9.98945E-05 9.98945E-05 0.634387 0.123297 9.98945E-05 0.16437
9.99209E-05 9.99209E-05 0.0239128 0.34411 0.03349 9.99209E-05 9.99209E-05 9.99209E-05 9.99209E-05 0.187935 0.019484 9.99209E-05 9.99209E-05 0.193538 0.154024 9.99209E-05 0.0426072
9.99121E-05 9.99121E-05 9.99121E-05 0.0718113 9.99121E-05 0.199266 9.99121E-05 9.99121E-05 9.99121E-05 0.0211154 9.99121E-05 9.99121E-05 0.0681644 0.459007 0.155483 0.0241534 9.99121E-05
9.98946E-05 9.98946E-05 9.98946E-05 0.0348016 9.98946E-05 9.98946E-05 9.98946E-05 9.98946E-05 9.98946E-05 0.0195703 9.98946E-05 0.00310232 9.98946E-05 0.810878 0.130449 9.98946E-05 9.98946E-05
0.0403649 9.99209E-05 9.99209E-05 0.0851128 9.99209E-05 9.99209E-05 0.146768 9.99209E-05 9.99209E-05 0.0255064 9.99209E-05 0.0715178 9.99209E-05 0.524636 0.0350288 9.99209E-05 0.0701653
0.0384364 9.98945E-05 9.98945E-05 0.176768 9.98945E-05 9.98945E-05 9.98945E-05 9.98945E-05 0.0691764 9.98945E-05 9.98945E-05 9.98945E-05 9.98945E-05 0.397476 0.316945 9.98945E-05 9.98945E-05
9.98774E-05 9.98774E-05 9.98774E-05 0.0909643 9.98774E-05 9.98774E-05 9.98774E-05 9.98774E-05 9.98774E-05 9.98774E-05 9.98774E-05 0.0115483 9.98774E-05 0.896089 9.98774E-05 9.98774E-05 9.98774E-05
9.98859E-05 9.98859E-05 9.98859E-05 0.031007 9.98859E-05 9.98859E-05 9.98859E-05 9.98859E-05 9.98859E-05 0.0325179 9.98859E-05 9.98859E-05 9.98859E-05 0.837676 0.0975009 9.98859E-05 9.98859E-05
0.0325782 9.98861E-05 9.98861E-05 0.0539532 9.98861E-05 9.98861E-05 9.98861E-05 9.98861E-05 9.98861E-05 0.00997915 9.98861E-05 9.98861E-05 9.98861E-05 0.902191 9.98861E-05 9.98861E-05 9.98861E-05
9.98948E-05 9.98948E-05 0.0129447 0.0511157 9.98948E-05 9.98948E-05 0.0375274 9.98948E-05 9.98948E-05 0.0119874 9.98948E-05 9.98948E-05 9.98948E-05 0.885226 9.98948E-05 9.98948E-05 9.98948E-05
0.00993094 9.9921E-05 0.0152364 0.163067 9.9921E-05 9.9921E-05 0.157523 9.9921E-05 9.9921E-05 9.9921E-05 0.0122393 9.9921E-05 9.9921E-05 0.260413 0.376247 0.00444288 9.9921E-05
9.99034E-05 9.99034E-05 9.99034E-05 0.177308 9.99034E-05 0.0114734 9.99034E-05 9.99034E-05 9.99034E-05 9.99034E-05 0.0649494 9.99034E-05 0.121943 0.593024 0.0302029 9.99034E-05 9.99034E-05
9.9886E-05 9.9886E-05 9.9886E-05 0.117352 9.9886E-05 9.9886E-05 9.9886E-05 9.9886E-05 9.9886E-05 0.0405055 9.9886E-05 9.9886E-05 9.9886E-05 0.79137 0.0494746 9.9886E-05 9.9886E-05
9.99036E-05 9.99036E-05 0.0032836 0.000412367 9.99036E-05 9.99036E-05 0.00896643 0.0200547 9.99036E-05 9.99036E-05 9.99036E-05 9.99036E-05 9.99036E-05 0.85375 0.112434 9.99036E-05 9.99036E-05
0.0125039 9.99297E-05 9.99297E-05 0.276597 0.0045309 0.115571 0.246594 9.99297E-05 0.039452 0.123539 9.99297E-05 9.99297E-05 9.99297E-05 0.178546 9.99297E-05 0.00186718 9.99297E-05
0.032541 0.199216 9.99034E-05 0.156944 9.99034E-05 9.99034E-05 9.99034E-05 9.99034E-05 0.015613 9.99034E-05 9.99034E-05 9.99034E-05 9.99034E-05 0.480927 0.11366 9.99034E-05 9.99034E-05
9.99211E-05 9.99211E-05 0.0562241 0.127082 9.99211E-05 0.0707273 0.139796 9.99211E-05 0.0327597 9.99211E-05 9.99211E-05 9.99211E-05 9.99211E-05 0.355586 0.107726 9.99211E-05 0.109199
9.98948E-05 9.98948E-05 9.98948E-05 0.377493 9.98948E-05 0.113299 9.98948E-05 9.98948E-05 9.98948E-05 0.0479623 9.98948E-05 9.98948E-05 9.98948E-05 0.206996 0.253051 9.98948E-05 9.98948E-05
9.9886E-05 9.9886E-05 0.00050335 9.9886E-05 9.9886E-05 9.9886E-05 0.0517834 9.9886E-05 9.9886E-05 9.9886E-05 9.9886E-05 9.9886E-05 9.9886E-05 0.903215 0.0432002 9.9886E-05 9.9886E-05
0.00649071 9.99034E-05 9.99034E-05 0.168494 0.0603562 9.99034E-05 9.99034E-05 9.99034E-05 9.99034E-05 9.99034E-05 9.99034E-05 0.219435 9.99034E-05 0.340626 0.203499 9.99034E-05 9.99034E-05
9.98861E-05 0.0468803 9.98861E-05 0.10062 9.98861E-05 9.98861E-05 0.0422422 9.98861E-05 9.98861E-05 9.98861E-05 9.98861E-05 9.98861E-05 9.98861E-05 0.808959 9.98861E-05 9.98861E-05 9.98861E-05
0.0172265 9.99035E-05 9.99035E-05 0.141461 9.99035E-05 9.99035E-05 0.0447413 9.99035E-05 0.0599795 9.99035E-05 9.99035E-05 9.99035E-05 9.99035E-05 0.647882 0.08761 9.99035E-05 9.99035E-05
9.99121E-05 9.99121E-05 9.99121E-05 0.172578 9.99121E-05 0.0118628 0.0205361 9.99121E-05 0.0235873 9.99121E-05 9.99121E-05 9.99121E-05 9.99121E-05 0.594785 0.0127541 9.99121E-05 0.162898
0.0590945 9.99296E-05 9.99296E-05 0.0822663 9.99296E-05 0.0967122 9.99296E-05 9.99296E-05 0.0337246 0.00676229 9.99296E-05 0.123519 9.99296E-05 0.523668 0.0405425 0.032911 9.99296E-05
0.00593801 9.99128E-05 9.99128E-05 0.267324 9.99128E-05 0.0102249 0.24056 9.99128E-05 9.99128E-05 9.99128E-05 9.99128E-05 9.99128E-05 0.0472833 0.193551 0.23412 9.99128E-05 9.99128E-05
0.014381 9.98945E-05 9.98945E-05 0.275333 9.98945E-05 9.98945E-05 9.98945E-05 9.98945E-05 9.98945E-05 9.98945E-05 9.98945E-05 9.98945E-05 0.0527632 0.434885 0.221439 9.98945E-05 9.98945E-05
0.0339451 9.99296E-05 0.00669715 0.0819575 9.99296E-05 9.99296E-05 0.0101875 9.99296E-05 9.99296E-05 0.0499004 9.99296E-05 9.99296E-05 9.99296E-05 0.612979 0.0944054 0.0179375 0.0911912
0.0418132 9.99034E-05 9.99034E-05 0.00570023 0.0220918 9.99034E-05 9.99034E-05 9.99034E-05 9.99034E-05 0.125004 9.99034E-05 9.99034E-05 9.99034E-05 0.658417 0.145875 9.99034E-05 9.99034E-05
9.98859E-05 9.98859E-05 9.98859E-05 0.200303 9.98859E-05 9.98859E-05 0.170214 9.98859E-05 9.98859E-05 9.98859E-05 9.98859E-05 9.98859E-05 9.98859E-05 0.581501 0.0466836 9.98859E-05 9.98859E-05
9.98594E-05 9.98594E-05 9.98594E-05 9.98594E-05 9.98594E-05 9.98594E-05 9.98594E-05 9.98594E-05 9.98594E-05 9.98594E-05 9.98594E-05 9.98594E-05 9.98594E-05 9.98594E-05 0.998402 9.98594E-05 9.98594E-05
9.98594E-05 9.98594E-05 9.98594E-05 0.998402 9.98594E-05 9.98594E-05 9.98594E-05 9.98594E-05 9.98594E-05 9.98594E-05 9.98594E-05 9.98594E-05 9.98594E-05 9.98594E-05 9.98594E-05 9.98594E-05 9.98594E-05
9.98593E-05 9.98593E-05 9.98593E-05 9.98593E-05 9.98593E-05 9.98593E-05 9.98593E-05 9.98593E-05 9.98593E-05 9.98593E-05 9.98593E-05 9.98593E-05 9.98593E-05 9.98593E-05 0.998402 9.98593E-05 9.98593E-05
9.98594E-05 9.98594E-05 9.98594E-05 0.998402 9.98594E-05 9.98594E-05 9.98594E-05 9.98594E-05 9.98594E-05 9.98594E-05 9.98594E-05 9.98594E-05 9.98594E-05 9.98594E-05 9.98594E-05 9.98594E-05 9.98594E-05
9.98592E-05 9.98592E-05 9.98592E-05 0.998402 9.98592E-05 9.98592E-05 9.98592E-05 9.98592E-05 9.98592E-05 9.98592E-05 9.98592E-05 9.98592E-05 9.98592E-05 9.98592E-05 9.98592E-05 9.98592E-05 9.98592E-05
9.98592E-05 9.98592E-05 9.98592E-05 0.998402 9.98592E-05 9.98592E-05 9.98592E-05 9.98592E-05 9.98592E-05 9.98592E-05 9.98592E-05 9.98592E-05 9.98592E-05 9.98592E-05 9.98592E-05 9.98592E-05 9.98592E-05
9.98593E-05 9.98593E-05 9.98593E-05 9.98593E-05 9.98593E-05 9.98593E-05 9.98593E-05 9.98593E-05 9.98593E-05 9.98593E-05 9.98593E-05 9.98593E-05 9.98593E-05 9.98593E-05 0.998402 9.98593E-05 9.98593E-05
9.98592E-05 9.98592E-05 9.98592E-05 0.998402 9.98592E-05 9.98592E-05 9.98592E-05 9.98592E-05 9.98592E-05 9.98592E-05 9.98592E-05 9.98592E-05 9.98592E-05 9.98592E-05 9.98592E-05 9.98592E-05 9.98592E-05
9.98593E-05 9.98593E-05 9.98593E-05 0.998402 9.98593E-05 9.98593E-05 9.98593E-05 9.98593E-05 9.98593E-05 9.98593E-05 9.98593E-05 9.98593E-05 9.98593E-05 9.98593E-05 9.98593E-05 9.98593E-05 9.98593E-05
9.98593E-05 9.98593E-05 9.98593E-05 9.98593E-05 9.98593E-05 9.98593E-05 9.98593E-05 9.98593E-05 9.98593E-05 9.98593E-05 9.98593E-05 9.98593E-05 9.98593E-05 9.98593E-05 0.998402 9.98593E-05 9.98593E-05
9.98593E-05 9.98593E-05 9.98593E-05 9.98593E-05 9.98593E-05 9.98593E-05 9.98593E-05 9.98593E-05 9.98593E-05 9.98593E-05 9.98593E-05 9.98593E-05 9.98593E-05 9.98593E-05 0.998402 9.98593E-05 9.98593E-05
9.98593E-05 9.98593E-05 9.98593E-05 9.98593E-05 9.98593E-05 9.98593E-05 9.98593E-05 9.98593E-05 9.98593E-05 9.98593E-05 9.98593E-05 9.98593E-05 9.98593E-05 9.98593E-05 0.998402 9.98593E-05 9.98593E-05
9.98592E-05 9.98592E-05 9.98592E-05 0.998402 9.98592E-05 9.98592E-05 9.98592E-05 9.98592E-05 9.98592E-05 9.98592E-05 9.98592E-05 9.98592E-05 9.98592E-05 9.98592E-05 9.98592E-05 9.98592E-05 9.98592E-05
9.98594E-05 9.98594E-05 9.98594E-05 0.998402 9.98594E-05 9.98594E-05 9.98594E-05 9.98594E-05 9.98594E-05 9.98594E-05 9.98594E-05 9.98594E-05 9.98594E-05 9.98594E-05 9.98594E-05 9.98594E-05 9.98594E-05
9.98593E-05 9.98593E-05 9.98593E-05 9.98593E-05 9.98593E-05 9.98593E-05 9.98593E-05 9.98593E-05 9.98593E-05 9.98593E-05 9.98593E-05 9.98593E-05 9.98593E-05 9.98593E-05 0.998402 9.98593E-05 9.98593E-05
9.98592E-05 9.98592E-05 9.98592E-05 9.98592E-05 9.98592E-05 9.98592E-05 9.98592E-05 9.98592E-05 9.98592E-05 9.98592E-05 9.98592E-05 9.98592E-05 9.98592E-05 9.98592E-05 0.998402 9.98592E-05 9.98592E-05
9.99208E-05 9.99208E-05 0.0744693 0.158677 0.0875587 9.99208E-05 9.99208E-05 9.99208E-05 9.99208E-05 0.0150165 9.99208E-05 9.99208E-05 0.0102668 0.285599 0.205239 0.162274 9.99208E-05
9.98592E-05 9.98592E-05 9.98592E-05 9.98592E-05 9.98592E-05 9.98592E-05 9.98592E-05 9.98592E-05 9.98592E-05 9.98592E-05 9.98592E-05 9.98592E-05 9.98592E-05 9.98592E-05 0.998402 9.98592E-05 9.98592E-05
9.98593E-05 9.98593E-05 9.98593E-05 0.998402 9.98593E-05 9.98593E-05 9.98593E-05 9.98593E-05 9.98593E-05 9.98593E-05 9.98593E-05 9.98593E-05 9.98593E-05 9.98593E-05 9.98593E-05 9.98593E-05 9.98593E-05
9.98592E-05 9.98592E-05 9.98592E-05 9.98592E-05 9.98592E-05 9.98592E-05 9.98592E-05 9.98592E-05 9.98592E-05 9.98592E-05 9.98592E-05 9.98592E-05 9.98592E-05 9.98592E-05 0.998402 9.98592E-05 9.98592E-05
9.98592E-05 9.98592E-05 9.98592E-05 9.98592E-05 9.98592E-05 9.98592E-05 9.98592E-05 9.98592E-05 9.98592E-05 9.98592E-05 9.98592E-05 9.98592E-05 9.98592E-05 9.98592E-05 0.998402 9.98592E-05 9.98592E-05
9.98592E-05 9.98592E-05 9.98592E-05 9.98592E-05 9.98592E-05 9.98592E-05 9.98592E-05 9.98592E-05 9.98592E-05 9.98592E-05 9.98592E-05 9.98592E-05 9.98592E-05 9.98592E-05 0.998402 9.98592E-05 9.98592E-05
9.98593E-05 9.98593E-05 9.98593E-05 0.998402 9.98593E-05 9.98593E-05 9.98593E-05 9.98593E-05 9.98593E-05 9.98593E-05 9.98593E-05 9.98593E-05 9.98593E-05 9.98593E-05 9.98593E-05 9.98593E-05 9.98593E-05
9.98593E-05 9.98593E-05 9.98593E-05 9.98593E-05 9.98593E-05 9.98593E-05 9.98593E-05 9.98593E-05 9.98593E-05 9.98593E-05 9.98593E-05 9.98593E-05 9.98593E-05 9.98593E-05 0.998402 9.98593E-05 9.98593E-05
9.98593E-05 9.98593E-05 9.98593E-05 0.998402 9.98593E-05 9.98593E-05 9.98593E-05 9.98593E-05 9.98593E-05 9.98593E-05 9.98593E-05 9.98593E-05 9.98593E-05 9.98593E-05 9.98593E-05 9.98593E-05 9.98593E-05
9.98593E-05 9.98593E-05 9.98593E-05 9.98593E-05 9.98593E-05 9.98593E-05 9.98593E-05 9.98593E-05 9.98593E-05 9.98593E-05 9.98593E-05 9.98593E-05 9.98593E-05 9.98593E-05 0.998402 9.98593E-05 9.98593E-05
9.98592E-05 9.98592E-05 9.98592E-05 9.98592E-05 9.98592E-05 9.98592E-05 9.98592E-05 9.98592E-05 9.98592E-05 9.98592E-05 9.98592E-05 9.98592E-05 9.98592E-05 9.98592E-05 0.998402 9.98592E-05 9.98592E-05
9.98594E-05 9.98594E-05 9.98594E-05 0.998402 9.98594E-05 9.98594E-05 9.98594E-05 9.98594E-05 9.98594E-05 9.98594E-05 9.98594E-05 9.98594E-05 9.98594E-05 9.98594E-05 9.98594E-05 9.98594E-05 9.98594E-05
9.98592E-05 9.98592E-05 9.98592E-05 0.998402 9.98592E-05 9.98592E-05 9.98592E-05 9.98592E-05 9.98592E-05 9.98592E-05 9.98592E-05 9.98592E-05 9.98592E-05 9.98592E-05 9.98592E-05 9.98592E-05 9.98592E-05
9.98593E-05 9.98593E-05 9.98593E-05 0.998402 9.98593E-05 9.98593E-05 9.98593E-05 9.98593E-05 9.98593E-05 9.98593E-05 9.98593E-05 9.98593E-05 9.98593E-05 9.98593E-05 9.98593E-05 9.98593E-05 9.98593E-05
9.98594E-05 9.98594E-05 9.98594E-05 9.98594E-05 9.98594E-05 9.98594E-05 9.98594E-05 9.98594E-05 9.98594E-05 9.98594E-05 9.98594E-05 9.98594E-05 9.98594E-05 9.98594E-05 0.998402 9.98594E-05 9.98594E-05
9.98593E-05 9.98593E-05 9.98593E-05 9.98593E-05 9.98593E-05 9.98593E-05 9.98593E-05 9.98593E-05 9.98593E-05 9.98593E-05 9.98593E-05 9.98593E-05 9.98593E-05 9.98593E-05 0.998402 9.98593E-05 9.98593E-05
9.98592E-05 9.98592E-05 9.98592E-05 9.98592E-05 9.98592E-05 9.98592E-05 9.98592E-05 9.98592E-05 9.98592E-05 9.98592E-05 9.98592E-05 9.98592E-05 9.98592E-05 9.98592E-05 0.998402 9.98592E-05 9.98592E-05
9.98592E-05 9.98592E-05 9.98592E-05 9.98592E-05 9.98592E-05 9.98592E-05 9.98592E-05 9.98592E-05 9.98592E-05 9.98592E-05 9.98592E-05 9.98592E-05 9.98592E-05 9.98592E-05 0.998402 9.98592E-05 9.98592E-05
9.98594E-05 9.98594E-05 9.98594E-05 9.98594E-05 9.98594E-05 9.98594E-05 9.98594E-05 9.98594E-05 9.98594E-05 9.98594E-05 9.98594E-05 9.98594E-05 9.98594E-05 9.98594E-05 0.998402 9.98594E-05 9.98594E-05
9.98592E-05 9.98592E-05 9.98592E-05 0.998402 9.98592E-05 9.98592E-05 9.98592E-05 9.98592E-05 9.98592E-05 9.98592E-05 9.98592E-05 9.98592E-05 9.98592E-05 9.98592E-05 9.98592E-05 9.98592E-05 9.98592E-05
9.98593E-05 9.98593E-05 9.98593E-05 0.998402 9.98593E-05 9.98593E-05 9.98593E-05 9.98593E-05 9.98593E-05 9.98593E-05 9.98593E-05 9.98593E-05 9.98593E-05 9.98593E-05 9.98593E-05 9.98593E-05 9.98593E-05
9.98593E-05 9.98593E-05 9.98593E-05 0.998402 9.98593E-05 9.98593E-05 9.98593E-05 9.98593E-05 9.98593E-05 9.98593E-05 9.98593E-05 9.98593E-05 9.98593E-05 9.98593E-05 9.98593E-05 9.98593E-05 9.98593E-05
9.98592E-05 9.98592E-05 9.98592E-05 9.98592E-05 9.98592E-05 9.98592E-05 9.98592E-05 9.98592E-05 9.98592E-05 9.98592E-05 9.98592E-05 9.98592E-05 9.98592E-05 9.98592E-05 0.998402 9.98592E-05 9.98592E-05
9.98592E-05 9.98592E-05 9.98592E-05 0.998402 9.98592E-05 9.98592E-05 9.98592E-05 9.98592E-05 9.98592E-05 9.98592E-05 9.98592E-05 9.98592E-05 9.98592E-05 9.98592E-05 9.98592E-05 9.98592E-05 9.98592E-05
9.98593E-05 9.98593E-05 9.98593E-05 0.998402 9.98593E-05 9.98593E-05 9.98593E-05 9.98593E-05 9.98593E-05 9.98593E-05 9.98593E-05 9.98593E-05 9.98593E-05 9.98593E-05 9.98593E-05 9.98593E-05 9.98593E-05
9.98593E-05 9.98593E-05 9.98593E-05 0.998402 9.98593E-05 9.98593E-05 9.98593E-05 9.98593E-05 9.98593E-05 9.98593E-05 9.98593E-05 9.98593E-05 9.98593E-05 9.98593E-05 9.98593E-05 9.98593E-05 9.98593E-05
9.98593E-05 9.98593E-05 9.98593E-05 0.998402 9.98593E-05 9.98593E-05 9.98593E-05 9.98593E-05 9.98593E-05 9.98593E-05 9.98593E-05 9.98593E-05 9.98593E-05 9.98593E-05 9.98593E-05 9.98593E-05 9.98593E-05
9.98593E-05 9.98593E-05 9.98593E-05 9.98593E-05 9.98593E-05 9.98593E-05 9.98593E-05 9.98593E-05 9.98593E-05 9.98593E-05 9.98593E-05 9.98593E-05 9.98593E-05 9.98593E-05 0.998402 9.98593E-05 9.98593E-05
9.98593E-05 9.98593E-05 9.98593E-05 0.998402 9.98593E-05 9.98593E-05 9.98593E-05 9.98593E-05 9.98593E-05 9.98593E-05 9.98593E-05 9.98593E-05 9.98593E-05 9.98593E-05 9.98593E-05 9.98593E-05 9.98593E-05
9.98593E-05 9.98593E-05 9.98593E-05 0.998402 9.98593E-05 9.98593E-05 9.98593E-05 9.98593E-05 9.98593E-05 9.98593E-05 9.98593E-05 9.98593E-05 9.98593E-05 9.98593E-05 9.98593E-05 9.98593E-05 9.98593E-05
9.99033E-05 9.99033E-05 0.0627724 0.155819 0.0725426 9.99033E-05 9.99033E-05 9.99033E-05 9.99033E-05 9.99033E-05 9.99033E-05 9.99033E-05 9.99033E-05 0.273688 0.204803 0.229276 9.99033E-05
9.98593E-05 9.98593E-05 9.98593E-05 9.98593E-05 9.98593E-05 9.98593E-05 9.98593E-05 9.98593E-05 9.98593E-05 9.98593E-05 9.98593E-05 9.98593E-05 9.98593E-05 9.98593E-05 0.998402 9.98593E-05 9.98593E-05
9.98594E-05 9.98594E-05 9.98594E-05 0.998402 9.98594E-05 9.98594E-05 9.98594E-05 9.98594E-05 9.98594E-05 9.98594E-05 9.98594E-05 9.98594E-05 9.98594E-05 9.98594E-05 9.98594E-05 9.98594E-05 9.98594E-05
9.98594E-05 9.98594E-05 9.98594E-05 0.998402 9.98594E-05 9.98594E-05 9.98594E-05 9.98594E-05 9.98594E-05 9.98594E-05 9.98594E-05 9.98594E-05 9.98594E-05 9.98594E-05 9.98594E-05 9.98594E-05 9.98594E-05
9.98593E-05 9.98593E-05 9.98593E-05 0.998402 9.98593E-05 9.98593E-05 9.98593E-05 9.98593E-05 9.98593E-05 9.98593E-05 9.98593E-05 9.98593E-05 9.98593E-05 9.98593E-05 9.98593E-05 9.98593E-05 9.98593E-05
9.98593E-05 9.98593E-05 9.98593E-05 0.998402 9.98593E-05 9.98593E-05 9.98593E-05 9.98593E-05 9.98593E-05 9.98593E-05 9.98593E-05 9.98593E-05 9.98593E-05 9.98593E-05 9.98593E-05 9.98593E-05 9.98593E-05
9.98592E-05 9.98592E-05 9.98592E-05 9.98592E-05 9.98592E-05 9.98592E-05 9.98592E-05 9.98592E-05 9.98592E-05 9.98592E-05 9.98592E-05 9.98592E-05 9.98592E-05 9.98592E-05 0.998402 9.98592E-05 9.98592E-05
9.98593E-05 9.98593E-05 9.98593E-05 0.998402 9.98593E-05 9.98593E-05 9.98593E-05 9.98593E-05 9.98593E-05 9.98593E-05 9.98593E-05 9.98593E-05 9.98593E-05 9.98593E-05 9.98593E-05 9.98593E-05 9.98593E-05
9.98592E-05 9.98592E-05 9.98592E-05 9.98592E-05 9.98592E-05 9.98592E-05 9.98592E-05 9.98592E-05 9.98592E-05 9.98592E-05 9.98592E-05 9.98592E-05 9.98592E-05 9.98592E-05 0.998402 9.98592E-05 9.98592E-05
9.98592E-05 9.98592E-05 9.98592E-05 0.998402 9.98592E-05 9.98592E-05 9.98592E-05 9.98592E-05 9.98592E-05 9.98592E-05 9.98592E-05 9.98592E-05 9.98592E-05 9.98592E-05 9.98592E-05 9.98592E-05 9.98592E-05
9.98592E-05 9.98592E-05 9.98592E-05 9.98592E-05 9.98592E-05 9.98592E-05 9.98592E-05 9.98592E-05 9.98592E-05 9.98592E-05 9.98592E-05 9.98592E-05 9.98592E-05 9.98592E-05 0.998402 9.98592E-05 9.98592E-05
9.98593E-05 9.98593E-05 9.98593E-05 0.998402 9.98593E-05 9.98593E-05 9.98593E-05 9.98593E-05 9.98593E-05 9.98593E-05 9.98593E-05 9.98593E-05 9.98593E-05 9.98593E-05 9.98593E-05 9.98593E-05 9.98593E-05
9.98592E-05 9.98592E-05 9.98592E-05 0.998402 9.98592E-05 9.98592E-05 9.98592E-05 9.98592E-05 9.98592E-05 9.98592E-05 9.98592E-05 9.98592E-05 9.98592E-05 9.98592E-05 9.98592E-05 9.98592E-05 9.98592E-05
