9.98508E-05 9.98508E-05 9.98508E-05 9.98508E-05 0.0458243 9.98508E-05 9.98508E-05 9.98508E-05 0.031703 0.144437 9.98508E-05 0.0365199 9.98508E-05 9.98508E-05 9.98508E-05 0.372277 9.98508E-05 9.98508E-05 9.98508E-05 9.98508E-05 9.98508E-05 0.00107996 9.98508E-05 0.317304 0.0491574
9.98071E-05 9.98071E-05 9.98071E-05 9.98071E-05 9.98071E-05 0.021155 9.98071E-05 9.98071E-05 9.98071E-05 9.98071E-05 9.98071E-05 9.98071E-05 9.98071E-05 9.98071E-05 9.98071E-05 9.98071E-05 0.915078 9.98071E-05 9.98071E-05 9.98071E-05 9.98071E-05 9.98071E-05 9.98071E-05 9.98071E-05 0.0615712
9.98158E-05 9.98158E-05 9.98158E-05 9.98158E-05 9.98158E-05 9.98158E-05 9.98158E-05 9.98158E-05 9.98158E-05 0.0421914 9.98158E-05 9.98158E-05 9.98158E-05 0.0379164 9.98158E-05 0.0393033 0.878493 9.98158E-05 9.98158E-05 9.98158E-05 9.98158E-05 9.98158E-05 9.98158E-05 9.98158E-05 9.98158E-05
9.98772E-05 0.0233092 9.98772E-05 9.98772E-05 9.98772E-05 9.98772E-05 0.0439822 9.98772E-05 9.98772E-05 0.117198 9.98772E-05 0.00853884 9.98772E-05 9.98772E-05 9.98772E-05 0.0735627 0.152961 0.0160191 9.98772E-05 0.0543717 9.98772E-05 0.270237 9.98772E-05 0.235901 0.00252044
9.98333E-05 9.98333E-05 0.0400382 0.00413498 9.98333E-05 9.98333E-05 9.98333E-05 9.98333E-05 9.98333E-05 9.98333E-05 9.98333E-05 9.98333E-05 9.98333E-05 0.0634952 9.98333E-05 0.88725 0.00291493 0.000269613 9.98333E-05 9.98333E-05 9.98333E-05 9.98333E-05 9.98333E-05 9.98333E-05 9.98333E-05
9.9851E-05 0.202843 9.9851E-05 0.12355 9.9851E-05 9.9851E-05 0.0634592 9.9851E-05 9.9851E-05 9.9851E-05 9.9851E-05 9.9851E-05 9.9851E-05 0.115495 9.9851E-05 0.0649241 0.118625 9.9851E-05 9.9851E-05 0.0886186 9.9851E-05 9.9851E-05 9.9851E-05 0.220789 9.9851E-05
9.9886E-05 9.9886E-05 9.9886E-05 0.049765 9.9886E-05 9.9886E-05 0.0381248 9.9886E-05 0.049726 0.140753 9.9886E-05 0.0955479 0.0280057 9.9886E-05 9.9886E-05 0.0891105 0.120142 9.9886E-05 9.9886E-05 9.9886E-05 9.9886E-05 0.0244883 0.0390832 0.269203 0.0547517
9.98597E-05 0.120716 0.0804306 0.0179079 9.98597E-05 9.98597E-05 0.0969991 9.98597E-05 9.98597E-05 0.216529 9.98597E-05 9.98597E-05 9.98597E-05 0.072594 9.98597E-05 0.0726934 9.98597E-05 9.98597E-05 9.98597E-05 9.98597E-05 9.98597E-05 9.98597E-05 0.0238348 0.296697 9.98597E-05
9.98772E-05 0.147082 9.98772E-05 9.98772E-05 0.158741 9.98772E-05 0.015375 9.98772E-05 0.14634 0.0451416 9.98772E-05 9.98772E-05 9.98772E-05 9.98772E-05 9.98772E-05 0.150041 0.053262 0.0272491 9.98772E-05 0.136296 9.98772E-05 0.0547567 9.98772E-05 9.98772E-05 0.0643162
9.98069E-05 9.98069E-05 9.98069E-05 9.98069E-05 0.0832739 9.98069E-05 9.98069E-05 9.98069E-05 9.98069E-05 9.98069E-05 9.98069E-05 9.98069E-05 9.98069E-05 9.98069E-05 9.98069E-05 0.904275 0.0102552 9.98069E-05 9.98069E-05 9.98069E-05 9.98069E-05 9.98069E-05 9.98069E-05 9.98069E-05 9.98069E-05
9.98597E-05 0.0437019 9.98597E-05 9.98597E-05 0.0804796 9.98597E-05 0.0542824 9.98597E-05 0.0155637 0.0208245 9.98597E-05 0.0349041 9.98597E-05 9.98597E-05 9.98597E-05 0.526875 9.98597E-05 0.0633048 9.98597E-05 9.98597E-05 9.98597E-05 9.98597E-05 9.98597E-05 0.158467 9.98597E-05
9.98071E-05 9.98071E-05 9.98071E-05 0.00604765 9.98071E-05 9.98071E-05 9.98071E-05 9.98071E-05 9.98071E-05 9.98071E-05 9.98071E-05 9.98071E-05 9.98071E-05 9.98071E-05 9.98071E-05 9.98071E-05 0.989208 9.98071E-05 9.98071E-05 9.98071E-05 9.98071E-05 0.00254846 9.98071E-05 9.98071E-05 9.98071E-05
9.98159E-05 9.98159E-05 9.98159E-05 9.98159E-05 0.0815906 0.00244532 9.98159E-05 9.98159E-05 9.98159E-05 0.0502526 9.98159E-05 9.98159E-05 9.98159E-05 9.98159E-05 9.98159E-05 0.863615 9.98159E-05 9.98159E-05 9.98159E-05 9.98159E-05 9.98159E-05 9.98159E-05 9.98159E-05 9.98159E-05 9.98159E-05
0.0137588 9.98509E-05 9.98509E-05 9.98509E-05 0.0345769 9.98509E-05 9.98509E-05 0.0443962 9.98509E-05 9.98509E-05 9.98509E-05 0.0158329 9.98509E-05 0.0552644 9.98509E-05 0.257754 0.417037 9.98509E-05 9.98509E-05 9.98509E-05 0.159683 9.98509E-05 9.98509E-05 9.98509E-05 9.98509E-05
9.98509E-05 0.103767 9.98509E-05 9.98509E-05 0.14987 9.98509E-05 9.98509E-05 0.0632824 0.0398429 0.0323542 9.98509E-05 9.98509E-05 9.98509E-05 9.98509E-05 9.98509E-05 0.311511 9.98509E-05 9.98509E-05 0.136263 9.98509E-05 9.98509E-05 9.98509E-05 9.98509E-05 0.161412 9.98509E-05
9.98683E-05 0.201245 0.107103 9.98683E-05 0.135238 9.98683E-05 9.98683E-05 9.98683E-05 9.98683E-05 0.120667 9.98683E-05 9.98683E-05 9.98683E-05 9.98683E-05 0.0244674 0.156429 0.0826812 9.98683E-05 9.98683E-05 0.0680432 9.98683E-05 0.0251104 9.98683E-05 0.0775176 9.98683E-05
9.98423E-05 9.98423E-05 0.0526053 9.98423E-05 0.0720785 9.98423E-05 9.98423E-05 9.98423E-05 9.98423E-05 9.98423E-05 9.98423E-05 0.00842204 9.98423E-05 9.98423E-05 9.98423E-05 0.571904 9.98423E-05 9.98423E-05 0.203191 9.98423E-05 9.98423E-05 9.98423E-05 0.0186548 9.98423E-05 0.0713469
9.9851E-05 0.000880927 9.9851E-05 9.9851E-05 0.0894403 9.9851E-05 0.0671634 9.9851E-05 9.9851E-05 0.0733757 0.0300091 9.9851E-05 9.9851E-05 9.9851E-05 9.9851E-05 9.9851E-05 0.112694 0.133763 9.9851E-05 9.9851E-05 9.9851E-05 9.9851E-05 9.9851E-05 0.490975 9.9851E-05
9.98333E-05 0.188152 9.98333E-05 0.149936 0.162281 9.98333E-05 9.98333E-05 9.98333E-05 9.98333E-05 0.14211 9.98333E-05 9.98333E-05 9.98333E-05 9.98333E-05 0.0157399 0.339884 9.98333E-05 9.98333E-05 9.98333E-05 9.98333E-05 9.98333E-05 9.98333E-05 9.98333E-05 9.98333E-05 9.98333E-05
9.97982E-05 9.97982E-05 9.97982E-05 9.97982E-05 9.97982E-05 9.97982E-05 9.97982E-05 9.97982E-05 9.97982E-05 9.97982E-05 9.97982E-05 9.97982E-05 9.97982E-05 9.97982E-05 9.97982E-05 0.90574 9.97982E-05 0.0919646 9.97982E-05 9.97982E-05 9.97982E-05 9.97982E-05 9.97982E-05 9.97982E-05 9.97982E-05
0.151295 0.0601724 9.98421E-05 9.98421E-05 9.98421E-05 9.98421E-05 0.126301 9.98421E-05 9.98421E-05 0.0716543 9.98421E-05 0.0062748 9.98421E-05 9.98421E-05 9.98421E-05 0.539797 9.98421E-05 9.98421E-05 9.98421E-05 9.98421E-05 9.98421E-05 0.042708 9.98421E-05 9.98421E-05 9.98421E-05
9.98422E-05 0.136239 9.98422E-05 0.122482 9.98422E-05 0.039627 9.98422E-05 9.98422E-05 9.98422E-05 0.207987 9.98422E-05 9.98422E-05 9.98422E-05 0.0936436 9.98422E-05 0.288762 9.98422E-05 9.98422E-05 9.98422E-05 9.98422E-05 9.98422E-05 9.98422E-05 0.109462 9.98422E-05 9.98422E-05
9.98247E-05 9.98247E-05 9.98247E-05 9.98247E-05 0.0744289 9.98247E-05 9.98247E-05 9.98247E-05 9.98247E-05 9.98247E-05 9.98247E-05 0.00197259 9.98247E-05 9.98247E-05 9.98247E-05 0.546347 9.98247E-05 9.98247E-05 9.98247E-05 9.98247E-05 9.98247E-05 9.98247E-05 9.98247E-05 0.336761 0.0384935
0.0105698 9.98596E-05 0.0520457 9.98596E-05 0.178487 9.98596E-05 0.0761749 9.98596E-05 9.98596E-05 0.212912 9.98596E-05 9.98596E-05 9.98596E-05 9.98596E-05 9.98596E-05 0.236914 0.142799 9.98596E-05 9.98596E-05 0.0248873 9.98596E-05 9.98596E-05 9.98596E-05 0.063613 9.98596E-05
9.98596E-05 0.0169839 9.98596E-05 9.98596E-05 0.305529 9.98596E-05 9.98596E-05 0.129836 9.98596E-05 0.0531473 9.98596E-05 9.98596E-05 9.98596E-05 9.98596E-05 9.98596E-05 0.0787052 0.257182 0.0117601 9.98596E-05 0.12538 9.98596E-05 0.0198789 9.98596E-05 9.98596E-05 9.98596E-05
9.98333E-05 9.98333E-05 9.98333E-05 9.98333E-05 0.0910819 9.98333E-05 9.98333E-05 9.98333E-05 9.98333E-05 0.0321158 9.98333E-05 9.98333E-05 9.98333E-05 0.00682788 9.98333E-05 0.74724 9.98333E-05 9.98333E-05 9.98333E-05 0.0634422 9.98333E-05 0.0573959 9.98333E-05 9.98333E-05 9.98333E-05
9.9842E-05 9.9842E-05 0.059602 9.9842E-05 0.0440577 0.241778 9.9842E-05 9.9842E-05 9.9842E-05 0.246676 0.146111 9.9842E-05 9.9842E-05 9.9842E-05 9.9842E-05 0.016815 9.9842E-05 9.9842E-05 9.9842E-05 0.243163 9.9842E-05 9.9842E-05 9.9842E-05 9.9842E-05 9.9842E-05
9.98334E-05 9.98334E-05 9.98334E-05 9.98334E-05 0.0862513 9.98334E-05 9.98334E-05 9.98334E-05 9.98334E-05 0.0223301 9.98334E-05 9.98334E-05 9.98334E-05 9.98334E-05 9.98334E-05 0.783739 9.98334E-05 9.98334E-05 0.0205666 0.0042479 9.98334E-05 0.0809678 9.98334E-05 9.98334E-05 9.98334E-05
9.98423E-05 9.98423E-05 9.98423E-05 9.98423E-05 0.168209 0.107168 9.98423E-05 9.98423E-05 0.00168598 0.046523 9.98423E-05 9.98423E-05 9.98423E-05 9.98423E-05 9.98423E-05 0.0165924 0.602103 9.98423E-05 9.98423E-05 9.98423E-05 9.98423E-05 9.98423E-05 9.98423E-05 0.055922 9.98423E-05
9.98159E-05 0.0517476 9.98159E-05 9.98159E-05 0.00479444 9.98159E-05 9.98159E-05 9.98159E-05 9.98159E-05 9.98159E-05 9.98159E-05 9.98159E-05 9.98159E-05 9.98159E-05 9.98159E-05 9.98159E-05 0.932664 9.98159E-05 0.0086979 9.98159E-05 9.98159E-05 9.98159E-05 9.98159E-05 9.98159E-05 9.98159E-05
9.98508E-05 0.0205902 9.98508E-05 0.0105223 0.00685385 9.98508E-05 9.98508E-05 9.98508E-05 9.98508E-05 9.98508E-05 9.98508E-05 0.0765299 9.98508E-05 9.98508E-05 0.0606868 0.723497 9.98508E-05 0.0606795 9.98508E-05 9.98508E-05 9.98508E-05 9.98508E-05 9.98508E-05 0.0389427 9.98508E-05
9.98509E-05 9.98509E-05 9.98509E-05 9.98509E-05 0.090127 9.98509E-05 9.98509E-05 9.98509E-05 9.98509E-05 0.0473654 9.98509E-05 0.0175627 9.98509E-05 9.98509E-05 9.98509E-05 0.454525 9.98509E-05 9.98509E-05 0.0807942 0.079574 9.98509E-05 0.104381 9.98509E-05 0.123974 9.98509E-05
0.0169419 9.98508E-05 0.0107812 9.98508E-05 0.0847537 9.98508E-05 9.98508E-05 9.98508E-05 9.98508E-05 0.164485 9.98508E-05 0.0663867 9.98508E-05 9.98508E-05 9.98508E-05 9.98508E-05 0.503001 9.98508E-05 9.98508E-05 9.98508E-05 9.98508E-05 0.0257377 9.98508E-05 0.126215 9.98508E-05
0.0362656 9.98245E-05 9.98245E-05 9.98245E-05 0.0690841 9.98245E-05 9.98245E-05 9.98245E-05 9.98245E-05 0.131718 9.98245E-05 9.98245E-05 9.98245E-05 9.98245E-05 9.98245E-05 9.98245E-05 0.646775 9.98245E-05 9.98245E-05 0.114162 9.98245E-05 9.98245E-05 9.98245E-05 9.98245E-05 9.98245E-05
9.98422E-05 9.98422E-05 9.98422E-05 9.98422E-05 0.00123676 0.0413669 9.98422E-05 0.00933119 9.98422E-05 9.98422E-05 9.98422E-05 0.00581747 9.98422E-05 9.98422E-05 9.98422E-05 0.0833213 0.815047 9.98422E-05 9.98422E-05 9.98422E-05 9.98422E-05 9.98422E-05 9.98422E-05 9.98422E-05 0.0420822
9.98509E-05 0.0405069 9.98509E-05 9.98509E-05 0.00750179 9.98509E-05 9.98509E-05 9.98509E-05 9.98509E-05 0.0309945 9.98509E-05 9.98509E-05 9.98509E-05 9.98509E-05 0.111768 0.607724 0.0160569 9.98509E-05 9.98509E-05 9.98509E-05 9.98509E-05 0.156984 9.98509E-05 9.98509E-05 0.0267666
9.98159E-05 9.98159E-05 9.98159E-05 0.055852 9.98159E-05 9.98159E-05 9.98159E-05 9.98159E-05 9.98159E-05 9.98159E-05 9.98159E-05 9.98159E-05 0.010764 9.98159E-05 0.0802956 0.850992 9.98159E-05 9.98159E-05 9.98159E-05 9.98159E-05 9.98159E-05 9.98159E-05 9.98159E-05 9.98159E-05 9.98159E-05
9.98333E-05 0.106755 9.98333E-05 9.98333E-05 9.98333E-05 9.98333E-05 9.98333E-05 9.98333E-05 9.98333E-05 0.00922174 9.98333E-05 9.98333E-05 9.98333E-05 9.98333E-05 9.98333E-05 9.98333E-05 0.742195 0.0133286 9.98333E-05 9.98333E-05 9.98333E-05 0.063512 9.98333E-05 9.98333E-05 0.0630914
9.98247E-05 9.98247E-05 9.98247E-05 9.98247E-05 0.153844 9.98247E-05 9.98247E-05 9.98247E-05 9.98247E-05 9.98247E-05 9.98247E-05 9.98247E-05 9.98247E-05 0.0171985 9.98247E-05 9.98247E-05 0.777848 0.0142197 0.0348934 9.98247E-05 9.98247E-05 9.98247E-05 9.98247E-05 9.98247E-05 9.98247E-05
0.00115566 9.98597E-05 0.0541512 0.031453 0.11482 9.98597E-05 9.98597E-05 9.98597E-05 9.98597E-05 9.98597E-05 9.98597E-05 0.0222178 0.00431642 9.98597E-05 9.98597E-05 9.98597E-05 0.683696 9.98597E-05 9.98597E-05 0.0718729 0.0147192 9.98597E-05 9.98597E-05 9.98597E-05 9.98597E-05
9.98246E-05 9.98246E-05 9.98246E-05 0.0267722 0.0689434 9.98246E-05 9.98246E-05 9.98246E-05 9.98246E-05 0.0988072 9.98246E-05 0.0259761 9.98246E-05 9.98246E-05 9.98246E-05 0.777505 9.98246E-05 9.98246E-05 9.98246E-05 9.98246E-05 9.98246E-05 9.98246E-05 9.98246E-05 9.98246E-05 9.98246E-05
9.98334E-05 9.98334E-05 9.98334E-05 9.98334E-05 0.0475167 0.265605 9.98334E-05 9.98334E-05 0.0328145 0.126216 9.98334E-05 9.98334E-05 9.98334E-05 9.98334E-05 9.98334E-05 0.260017 0.265934 9.98334E-05 9.98334E-05 9.98334E-05 9.98334E-05 9.98334E-05 9.98334E-05 9.98334E-05 9.98334E-05
9.98157E-05 9.98157E-05 9.98157E-05 0.0266956 9.98157E-05 0.145773 9.98157E-05 9.98157E-05 9.98157E-05 9.98157E-05 9.98157E-05 9.98157E-05 9.98157E-05 9.98157E-05 9.98157E-05 0.650125 9.98157E-05 9.98157E-05 9.98157E-05 9.98157E-05 0.17531 9.98157E-05 9.98157E-05 9.98157E-05 9.98157E-05
9.9842E-05 0.0929886 9.9842E-05 9.9842E-05 0.151806 9.9842E-05 9.9842E-05 9.9842E-05 0.0224201 0.107452 9.9842E-05 0.00704367 9.9842E-05 9.9842E-05 9.9842E-05 9.9842E-05 0.494699 9.9842E-05 9.9842E-05 9.9842E-05 9.9842E-05 9.9842E-05 9.9842E-05 0.121794 9.9842E-05
9.98333E-05 9.98333E-05 9.98333E-05 0.0120614 0.116815 9.98333E-05 9.98333E-05 9.98333E-05 9.98333E-05 0.442395 9.98333E-05 9.98333E-05 9.98333E-05 9.98333E-05 9.98333E-05 0.154359 0.118833 9.98333E-05 9.98333E-05 9.98333E-05 9.98333E-05 9.98333E-05 0.15364 9.98333E-05 9.98333E-05
9.98245E-05 9.98245E-05 9.98245E-05 0.0474362 9.98245E-05 9.98245E-05 9.98245E-05 9.98245E-05 9.98245E-05 9.98245E-05 9.98245E-05 9.98245E-05 9.98245E-05 9.98245E-05 9.98245E-05 0.175635 0.708989 0.043573 9.98245E-05 9.98245E-05 9.98245E-05 0.0223698 9.98245E-05 9.98245E-05 9.98245E-05
9.98246E-05 0.0288443 9.98246E-05 9.98246E-05 0.0839794 9.98246E-05 9.98246E-05 9.98246E-05 9.98246E-05 9.98246E-05 9.98246E-05 0.0203733 9.98246E-05 9.98246E-05 9.98246E-05 0.801246 9.98246E-05 9.98246E-05 9.98246E-05 9.98246E-05 9.98246E-05 0.063561 9.98246E-05 9.98246E-05 9.98246E-05
9.97896E-05 9.97896E-05 9.97896E-05 9.97896E-05 9.97896E-05 9.97896E-05 9.97896E-05 9.97896E-05 9.97896E-05 9.97896E-05 9.97896E-05 9.97896E-05 9.97896E-05 9.97896E-05 9.97896E-05 9.97896E-05 0.997605 9.97896E-05 9.97896E-05 9.97896E-05 9.97896E-05 9.97896E-05 9.97896E-05 9.97896E-05 9.97896E-05
9.9842E-05 9.9842E-05 9.9842E-05 0.0212458 0.108589 9.9842E-05 9.9842E-05 9.9842E-05 9.9842E-05 0.112492 9.9842E-05 0.021275 9.9842E-05 9.9842E-05 9.9842E-05 0.364998 0.349843 9.9842E-05 9.9842E-05 9.9842E-05 9.9842E-05 9.9842E-05 9.9842E-05 0.0197596 9.9842E-05
9.98337E-05 9.98337E-05 9.98337E-05 0.0248533 9.98337E-05 9.98337E-05 9.98337E-05 9.98337E-05 9.98337E-05 9.98337E-05 9.98337E-05 9.98337E-05 0.101315 0.035388 0.114241 0.693092 9.98337E-05 9.98337E-05 9.98337E-05 9.98337E-05 9.98337E-05 9.98337E-05 9.98337E-05 9.98337E-05 0.0292137
9.98946E-05 0.0415074 0.00277213 9.98946E-05 0.19444 0.067216 0.0536156 9.98946E-05 0.00195913 9.98946E-05 9.98946E-05 0.110364 9.98946E-05 9.98946E-05 9.98946E-05 0.17233 0.135993 9.98946E-05 9.98946E-05 0.152366 9.98946E-05 0.0159003 0.00232933 0.048008 9.98946E-05
0.00843418 9.98509E-05 9.98509E-05 9.98509E-05 9.98509E-05 9.98509E-05 9.98509E-05 9.98509E-05 0.0316149 0.201164 9.98509E-05 9.98509E-05 9.98509E-05 0.0121422 9.98509E-05 0.00973876 0.650515 9.98509E-05 9.98509E-05 9.98509E-05 9.98509E-05 0.0522862 0.0324079 9.98509E-05 9.98509E-05
9.98071E-05 9.98071E-05 9.98071E-05 9.98071E-05 9.98071E-05 9.98071E-05 9.98071E-05 9.98071E-05 9.98071E-05 9.98071E-05 0.0284745 9.98071E-05 9.98071E-05 9.98071E-05 9.98071E-05 0.656222 0.313108 9.98071E-05 9.98071E-05 9.98071E-05 9.98071E-05 9.98071E-05 9.98071E-05 9.98071E-05 9.98071E-05
0.0840312 9.98334E-05 0.0397349 9.98334E-05 9.98334E-05 9.98334E-05 9.98334E-05 9.98334E-05 9.98334E-05 9.98334E-05 0.00205736 9.98334E-05 0.0152521 0.0323312 9.98334E-05 9.98334E-05 0.824696 9.98334E-05 9.98334E-05 9.98334E-05 9.98334E-05 9.98334E-05 9.98334E-05 9.98334E-05 9.98334E-05
9.98162E-05 9.98162E-05 9.98162E-05 9.98162E-05 0.0600519 9.98162E-05 9.98162E-05 0.22765 9.98162E-05 9.98162E-05 9.98162E-05 9.98162E-05 9.98162E-05 9.98162E-05 9.98162E-05 0.452719 0.257483 9.98162E-05 9.98162E-05 9.98162E-05 9.98162E-05 9.98162E-05 9.98162E-05 9.98162E-05 9.98162E-05
9.9851E-05 9.9851E-05 0.0466661 0.0948834 9.9851E-05 9.9851E-05 9.9851E-05 9.9851E-05 9.9851E-05 9.9851E-05 9.9851E-05 0.0512576 9.9851E-05 9.9851E-05 0.0798665 0.323513 0.27721 0.0180361 9.9851E-05 0.106871 9.9851E-05 9.9851E-05 9.9851E-05 9.9851E-05 9.9851E-05
9.9842E-05 9.9842E-05 9.9842E-05 0.04584 0.0212341 9.9842E-05 9.9842E-05 9.9842E-05 9.9842E-05 0.0196506 0.0389893 0.0100244 9.9842E-05 9.9842E-05 9.9842E-05 0.853812 9.9842E-05 9.9842E-05 9.9842E-05 9.9842E-05 9.9842E-05 9.9842E-05 9.9842E-05 9.9842E-05 0.00865286
9.98246E-05 9.98246E-05 9.98246E-05 9.98246E-05 0.0142377 9.98246E-05 9.98246E-05 9.98246E-05 9.98246E-05 9.98246E-05 9.98246E-05 0.0362784 9.98246E-05 9.98246E-05 9.98246E-05 0.812709 9.98246E-05 9.98246E-05 9.98246E-05 9.98246E-05 9.98246E-05 0.0345312 0.100247 9.98246E-05 9.98246E-05
9.98159E-05 9.98159E-05 9.98159E-05 9.98159E-05 9.98159E-05 9.98159E-05 0.0244477 9.98159E-05 9.98159E-05 9.98159E-05 9.98159E-05 0.0171033 9.98159E-05 9.98159E-05 9.98159E-05 9.98159E-05 0.926888 9.98159E-05 9.98159E-05 9.98159E-05 9.98159E-05 9.98159E-05 0.0294647 9.98159E-05 9.98159E-05
9.9842E-05 0.0602567 9.9842E-05 9.9842E-05 0.084579 9.9842E-05 9.9842E-05 0.00166197 9.9842E-05 0.00801952 9.9842E-05 0.0204675 9.9842E-05 9.9842E-05 9.9842E-05 9.9842E-05 9.9842E-05 9.9842E-05 9.9842E-05 9.9842E-05 9.9842E-05 9.9842E-05 9.9842E-05 0.818444 0.0047743
9.97982E-05 9.97982E-05 9.97982E-05 9.97982E-05 9.97982E-05 9.97982E-05 9.97982E-05 9.97982E-05 9.97982E-05 9.97982E-05 9.97982E-05 9.97982E-05 9.97982E-05 9.97982E-05 0.949896 9.97982E-05 9.97982E-05 9.97982E-05 9.97982E-05 9.97982E-05 9.97982E-05 0.0478086 9.97982E-05 9.97982E-05 9.97982E-05
9.98157E-05 9.98157E-05 0.0056931 9.98157E-05 9.98157E-05 9.98157E-05 9.98157E-05 9.98157E-05 9.98157E-05 9.98157E-05 0.0332474 9.98157E-05 9.98157E-05 9.98157E-05 0.424286 9.98157E-05 9.98157E-05 9.98157E-05 9.98157E-05 9.98157E-05 9.98157E-05 9.98157E-05 9.98157E-05 0.534678 9.98157E-05
9.98421E-05 0.13111 9.98421E-05 9.98421E-05 9.98421E-05 9.98421E-05 9.98421E-05 9.98421E-05 9.98421E-05 9.98421E-05 9.98421E-05 0.0114461 0.025514 9.98421E-05 9.98421E-05 9.98421E-05 9.98421E-05 9.98421E-05 9.98421E-05 0.0321988 9.98421E-05 9.98421E-05 0.0170535 0.616631 0.164249
9.98506E-05 0.0553609 9.98506E-05 0.00171782 0.0225938 9.98506E-05 9.98506E-05 9.98506E-05 9.98506E-05 0.0240207 9.98506E-05 9.98506E-05 0.0261534 0.0257781 9.98506E-05 9.98506E-05 9.98506E-05 0.0682937 9.98506E-05 9.98506E-05 9.98506E-05 9.98506E-05 9.98506E-05 0.774384 9.98506E-05
9.97978E-05 9.97978E-05 9.97978E-05 9.97978E-05 0.117799 9.97978E-05 9.97978E-05 9.97978E-05 9.97978E-05 9.97978E-05 9.97978E-05 9.97978E-05 9.97978E-05 9.97978E-05 9.97978E-05 9.97978E-05 9.97978E-05 9.97978E-05 9.97978E-05 9.97978E-05 9.97978E-05 9.97978E-05 9.97978E-05 0.879905 9.97978E-05
0.0138708 0.0260044 9.9842E-05 9.9842E-05 0.0487906 9.9842E-05 9.9842E-05 9.9842E-05 9.9842E-05 9.9842E-05 9.9842E-05 0.044244 9.9842E-05 9.9842E-05 9.9842E-05 9.9842E-05 9.9842E-05 9.9842E-05 9.9842E-05 9.9842E-05 9.9842E-05 0.00875093 9.9842E-05 0.536062 0.32048
9.98418E-05 0.0199502 9.98418E-05 0.00521683 0.0623454 9.98418E-05 9.98418E-05 9.98418E-05 9.98418E-05 9.98418E-05 0.0514285 9.98418E-05 0.0425054 9.98418E-05 9.98418E-05 9.98418E-05 9.98418E-05 9.98418E-05 9.98418E-05 9.98418E-05 9.98418E-05 9.98418E-05 9.98418E-05 0.722051 0.0947051
9.97985E-05 9.97985E-05 9.97985E-05 9.97985E-05 9.97985E-05 0.0347826 9.97985E-05 9.97985E-05 9.97985E-05 9.97985E-05 9.97985E-05 9.97985E-05 9.97985E-05 9.97985E-05 9.97985E-05 9.97985E-05 9.97985E-05 9.97985E-05 9.97985E-05 9.97985E-05 9.97985E-05 9.97985E-05 9.97985E-05 0.962922 9.97985E-05
9.98157E-05 9.98157E-05 9.98157E-05 9.98157E-05 9.98157E-05 9.98157E-05 9.98157E-05 9.98157E-05 9.98157E-05 9.98157E-05 9.98157E-05 0.0216437 9.98157E-05 9.98157E-05 0.247904 9.98157E-05 9.98157E-05 9.98157E-05 9.98157E-05 9.98157E-05 9.98157E-05 0.045538 9.98157E-05 0.682818 9.98157E-05
9.98242E-05 0.0438854 9.98242E-05 9.98242E-05 0.172815 9.98242E-05 9.98242E-05 9.98242E-05 9.98242E-05 9.98242E-05 9.98242E-05 0.102211 9.98242E-05 9.98242E-05 9.98242E-05 9.98242E-05 9.98242E-05 0.0474771 9.98242E-05 9.98242E-05 9.98242E-05 9.98242E-05 9.98242E-05 0.631615 9.98242E-05
0.0571956 9.98507E-05 9.98507E-05 9.98507E-05 0.0376648 9.98507E-05 9.98507E-05 0.0690268 9.98507E-05 0.0777424 9.98507E-05 0.0293854 0.0593194 9.98507E-05 9.98507E-05 9.98507E-05 9.98507E-05 9.98507E-05 9.98507E-05 9.98507E-05 9.98507E-05 9.98507E-05 9.98507E-05 0.66074 0.00722801
0.106363 0.103361 9.98243E-05 9.98243E-05 9.98243E-05 9.98243E-05 0.159318 9.98243E-05 9.98243E-05 9.98243E-05 9.98243E-05 9.98243E-05 9.98243E-05 9.98243E-05 9.98243E-05 9.98243E-05 9.98243E-05 9.98243E-05 9.98243E-05 0.061098 9.98243E-05 9.98243E-05 9.98243E-05 0.567863 9.98243E-05
0.000881735 9.9842E-05 9.9842E-05 0.0621662 0.192867 9.9842E-05 9.9842E-05 9.9842E-05 9.9842E-05 0.0199721 9.9842E-05 9.9842E-05 0.0780014 9.9842E-05 9.9842E-05 9.9842E-05 9.9842E-05 9.9842E-05 9.9842E-05 9.9842E-05 9.9842E-05 9.9842E-05 9.9842E-05 0.593887 0.0504267
9.98338E-05 9.98338E-05 0.0375611 9.98338E-05 9.98338E-05 0.0432882 9.98338E-05 9.98338E-05 9.98338E-05 9.98338E-05 9.98338E-05 0.0198747 9.98338E-05 0.0093261 9.98338E-05 9.98338E-05 9.98338E-05 9.98338E-05 9.98338E-05 9.98338E-05 0.0277524 9.98338E-05 9.98338E-05 0.860301 9.98338E-05
9.98247E-05 0.0054825 9.98247E-05 9.98247E-05 9.98247E-05 9.98247E-05 9.98247E-05 9.98247E-05 9.98247E-05 9.98247E-05 9.98247E-05 0.0307691 9.98247E-05 9.98247E-05 0.0702651 9.98247E-05 9.98247E-05 9.98247E-05 9.98247E-05 9.98247E-05 9.98247E-05 0.15015 9.98247E-05 0.741337 9.98247E-05
9.98066E-05 9.98066E-05 9.98066E-05 0.0658949 9.98066E-05 9.98066E-05 9.98066E-05 9.98066E-05 9.98066E-05 9.98066E-05 9.98066E-05 9.98066E-05 0.0156579 9.98066E-05 9.98066E-05 9.98066E-05 9.98066E-05 9.98066E-05 9.98066E-05 9.98066E-05 9.98066E-05 9.98066E-05 9.98066E-05 0.916251 9.98066E-05
9.98331E-05 0.027084 9.98331E-05 0.0107196 9.98331E-05 9.98331E-05 9.98331E-05 9.98331E-05 9.98331E-05 0.0966967 9.98331E-05 0.106786 9.98331E-05 9.98331E-05 9.98331E-05 9.98331E-05 9.98331E-05 9.98331E-05 9.98331E-05 9.98331E-05 9.98331E-05 0.067289 9.98331E-05 0.689528 9.98331E-05
9.98421E-05 9.98421E-05 9.98421E-05 0.0870697 0.0336402 9.98421E-05 9.98421E-05 9.98421E-05 9.98421E-05 9.98421E-05 0.0172795 0.00665294 9.98421E-05 9.98421E-05 0.0171204 9.98421E-05 9.98421E-05 9.98421E-05 9.98421E-05 9.98421E-05 9.98421E-05 0.00575619 9.98421E-05 0.830684 9.98421E-05
9.98154E-05 9.98154E-05 0.0730283 9.98154E-05 0.150715 0.0379655 9.98154E-05 9.98154E-05 9.98154E-05 9.98154E-05 9.98154E-05 9.98154E-05 9.98154E-05 9.98154E-05 9.98154E-05 9.98154E-05 9.98154E-05 9.98154E-05 9.98154E-05 9.98154E-05 9.98154E-05 9.98154E-05 9.98154E-05 0.736195 9.98154E-05
9.97895E-05 9.97895E-05 9.97895E-05 9.97895E-05 9.97895E-05 9.97895E-05 9.97895E-05 9.97895E-05 9.97895E-05 9.97895E-05 9.97895E-05 9.97895E-05 9.97895E-05 9.97895E-05 0.997605 9.97895E-05 9.97895E-05 9.97895E-05 9.97895E-05 9.97895E-05 9.97895E-05 9.97895E-05 9.97895E-05 9.97895E-05 9.97895E-05
9.98068E-05 9.98068E-05 9.98068E-05 9.98068E-05 0.0202812 9.98068E-05 9.98068E-05 9.98068E-05 9.98068E-05 0.23048 9.98068E-05 9.98068E-05 9.98068E-05 9.98068E-05 9.98068E-05 9.98068E-05 9.98068E-05 9.98068E-05 9.98068E-05 9.98068E-05 9.98068E-05 9.98068E-05 9.98068E-05 0.747043 9.98068E-05
9.98334E-05 9.98334E-05 9.98334E-05 9.98334E-05 0.00266491 9.98334E-05 9.98334E-05 9.98334E-05 9.98334E-05 0.0134681 9.98334E-05 9.98334E-05 9.98334E-05 9.98334E-05 9.98334E-05 9.98334E-05 9.98334E-05 9.98334E-05 9.98334E-05 0.067061 0.0856024 9.98334E-05 9.98334E-05 0.821787 0.00751941
9.9842E-05 0.0812858 9.9842E-05 0.143051 0.0246414 9.9842E-05 9.9842E-05 9.9842E-05 9.9842E-05 9.9842E-05 0.062644 9.9842E-05 9.9842E-05 9.9842E-05 0.204082 9.9842E-05 9.9842E-05 9.9842E-05 9.9842E-05 9.9842E-05 9.9842E-05 9.9842E-05 0.0202284 0.462271 9.9842E-05
9.98067E-05 9.98067E-05 9.98067E-05 9.98067E-05 9.98067E-05 9.98067E-05 9.98067E-05 9.98067E-05 9.98067E-05 9.98067E-05 9.98067E-05 0.135305 9.98067E-05 9.98067E-05 0.293587 9.98067E-05 9.98067E-05 9.98067E-05 9.98067E-05 9.98067E-05 9.98067E-05 9.98067E-05 9.98067E-05 0.568912 9.98067E-05
9.98158E-05 9.98158E-05 9.98158E-05 9.98158E-05 0.0236553 9.98158E-05 9.98158E-05 9.98158E-05 9.98158E-05 9.98158E-05 9.98158E-05 9.98158E-05 9.98158E-05 0.0282317 0.945495 9.98158E-05 9.98158E-05 9.98158E-05 9.98158E-05 9.98158E-05 9.98158E-05 9.98158E-05 9.98158E-05 9.98158E-05 0.000521343
9.97897E-05 9.97897E-05 9.97897E-05 9.97897E-05 9.97897E-05 9.97897E-05 9.97897E-05 9.97897E-05 9.97897E-05 9.97897E-05 9.97897E-05 9.97897E-05 9.97897E-05 9.97897E-05 9.97897E-05 9.97897E-05 9.97897E-05 9.97897E-05 9.97897E-05 9.97897E-05 9.97897E-05 9.97897E-05 9.97897E-05 0.997605 9.97897E-05
9.97893E-05 9.97893E-05 9.97893E-05 9.97893E-05 9.97893E-05 9.97893E-05 9.97893E-05 9.97893E-05 9.97893E-05 9.97893E-05 9.97893E-05 9.97893E-05 9.97893E-05 9.97893E-05 0.997605 9.97893E-05 9.97893E-05 9.97893E-05 9.97893E-05 9.97893E-05 9.97893E-05 9.97893E-05 9.97893E-05 9.97893E-05 9.97893E-05
9.97984E-05 9.97984E-05 9.97984E-05 9.97984E-05 9.97984E-05 9.97984E-05 9.97984E-05 9.97984E-05 9.97984E-05 9.97984E-05 0.0906948 9.97984E-05 9.97984E-05 9.97984E-05 9.97984E-05 9.97984E-05 9.97984E-05 9.97984E-05 9.97984E-05 9.97984E-05 9.97984E-05 9.97984E-05 9.97984E-05 0.90701 9.97984E-05
0.00353813 0.116297 0.0255033 9.98509E-05 0.0315593 9.98509E-05 9.98509E-05 9.98509E-05 9.98509E-05 9.98509E-05 9.98509E-05 9.98509E-05 9.98509E-05 0.0307604 0.592091 9.98509E-05 9.98509E-05 0.0395572 9.98509E-05 9.98509E-05 0.158996 9.98509E-05 9.98509E-05 9.98509E-05 9.98509E-05
9.98334E-05 0.113724 9.98334E-05 9.98334E-05 0.0460278 9.98334E-05 0.018416 9.98334E-05 9.98334E-05 9.98334E-05 9.98334E-05 9.98334E-05 9.98334E-05 0.0308972 9.98334E-05 9.98334E-05 9.98334E-05 9.98334E-05 9.98334E-05 0.781934 0.00710428 9.98334E-05 9.98334E-05 9.98334E-05 9.98334E-05
9.9816E-05 9.9816E-05 9.9816E-05 9.9816E-05 0.0141555 9.9816E-05 9.9816E-05 9.9816E-05 9.9816E-05 9.9816E-05 9.9816E-05 9.9816E-05 9.9816E-05 9.9816E-05 9.9816E-05 9.9816E-05 9.9816E-05 9.9816E-05 0.204661 0.443991 0.335097 9.9816E-05 9.9816E-05 9.9816E-05 9.9816E-05
9.98158E-05 9.98158E-05 9.98158E-05 9.98158E-05 0.0779574 9.98158E-05 9.98158E-05 9.98158E-05 9.98158E-05 9.98158E-05 9.98158E-05 0.0163611 9.98158E-05 0.000852226 9.98158E-05 9.98158E-05 9.98158E-05 9.98158E-05 9.98158E-05 0.902733 9.98158E-05 9.98158E-05 9.98158E-05 9.98158E-05 9.98158E-05
9.98243E-05 0.0592928 9.98243E-05 9.98243E-05 0.1041 9.98243E-05 9.98243E-05 9.98243E-05 9.98243E-05 9.98243E-05 0.0152204 0.00799728 9.98243E-05 9.98243E-05 9.98243E-05 9.98243E-05 9.98243E-05 9.98243E-05 9.98243E-05 0.811393 9.98243E-05 9.98243E-05 9.98243E-05 9.98243E-05 9.98243E-05
9.98068E-05 0.0611375 9.98068E-05 9.98068E-05 9.98068E-05 9.98068E-05 9.98068E-05 9.98068E-05 9.98068E-05 9.98068E-05 9.98068E-05 9.98068E-05 9.98068E-05 0.00192231 9.98068E-05 9.98068E-05 9.98068E-05 9.98068E-05 9.98068E-05 0.934744 9.98068E-05 9.98068E-05 9.98068E-05 9.98068E-05 9.98068E-05
9.98421E-05 0.148584 9.98421E-05 9.98421E-05 0.161009 9.98421E-05 9.98421E-05 9.98421E-05 9.98421E-05 9.98421E-05 9.98421E-05 9.98421E-05 9.98421E-05 9.98421E-05 9.98421E-05 9.98421E-05 9.98421E-05 9.98421E-05 0.0141238 0.631452 0.0186799 0.00689496 9.98421E-05 9.98421E-05 0.0174588
9.98156E-05 9.98156E-05 9.98156E-05 9.98156E-05 0.116908 9.98156E-05 9.98156E-05 9.98156E-05 9.98156E-05 0.0899145 9.98156E-05 9.98156E-05 9.98156E-05 9.98156E-05 9.98156E-05 9.98156E-05 9.98156E-05 9.98156E-05 9.98156E-05 0.721843 0.0692378 9.98156E-05 9.98156E-05 9.98156E-05 9.98156E-05
9.97983E-05 0.196467 9.97983E-05 9.97983E-05 9.97983E-05 9.97983E-05 9.97983E-05 9.97983E-05 9.97983E-05 9.97983E-05 9.97983E-05 9.97983E-05 9.97983E-05 9.97983E-05 9.97983E-05 9.97983E-05 9.97983E-05 9.97983E-05 9.97983E-05 0.801238 9.97983E-05 9.97983E-05 9.97983E-05 9.97983E-05 9.97983E-05
9.98156E-05 0.309144 9.98156E-05 9.98156E-05 9.98156E-05 0.110467 9.98156E-05 9.98156E-05 9.98156E-05 9.98156E-05 9.98156E-05 9.98156E-05 9.98156E-05 9.98156E-05 9.98156E-05 9.98156E-05 9.98156E-05 9.98156E-05 9.98156E-05 0.392879 9.98156E-05 9.98156E-05 9.98156E-05 9.98156E-05 0.185413
9.98158E-05 0.205756 9.98158E-05 9.98158E-05 0.261555 9.98158E-05 9.98158E-05 9.98158E-05 9.98158E-05 9.98158E-05 9.98158E-05 9.98158E-05 9.98158E-05 9.98158E-05 9.98158E-05 9.98158E-05 9.98158E-05 9.98158E-05 9.98158E-05 0.529221 9.98158E-05 9.98158E-05 0.00137158 9.98158E-05 9.98158E-05
9.98245E-05 0.019452 9.98245E-05 9.98245E-05 0.0217625 9.98245E-05 9.98245E-05 9.98245E-05 9.98245E-05 9.98245E-05 9.98245E-05 9.98245E-05 9.98245E-05 9.98245E-05 9.98245E-05 9.98245E-05 9.98245E-05 9.98245E-05 0.530437 0.292901 9.98245E-05 9.98245E-05 9.98245E-05 9.98245E-05 0.133451
9.98333E-05 9.98333E-05 9.98333E-05 9.98333E-05 0.0489194 9.98333E-05 9.98333E-05 9.98333E-05 9.98333E-05 9.98333E-05 9.98333E-05 0.0144718 9.98333E-05 9.98333E-05 9.98333E-05 0.00547652 9.98333E-05 9.98333E-05 0.165417 0.652808 9.98333E-05 9.98333E-05 9.98333E-05 9.98333E-05 0.111011
9.9816E-05 0.054457 9.9816E-05 9.9816E-05 9.9816E-05 9.9816E-05 9.9816E-05 9.9816E-05 9.9816E-05 9.9816E-05 9.9816E-05 9.9816E-05 9.9816E-05 9.9816E-05 9.9816E-05 9.9816E-05 9.9816E-05 9.9816E-05 9.9816E-05 0.874368 0.0184912 9.9816E-05 0.0505873 9.9816E-05 9.9816E-05
9.98422E-05 0.152716 9.98422E-05 9.98422E-05 0.13265 0.0236851 9.98422E-05 9.98422E-05 0.0834226 9.98422E-05 9.98422E-05 9.98422E-05 0.00272594 9.98422E-05 9.98422E-05 9.98422E-05 9.98422E-05 9.98422E-05 0.0823698 0.520633 9.98422E-05 9.98422E-05 9.98422E-05 9.98422E-05 9.98422E-05
0.0653061 0.101979 9.98422E-05 9.98422E-05 9.98422E-05 0.00103378 9.98422E-05 9.98422E-05 9.98422E-05 9.98422E-05 0.0532827 9.98422E-05 9.98422E-05 9.98422E-05 9.98422E-05 9.98422E-05 9.98422E-05 9.98422E-05 9.98422E-05 0.500629 0.200692 9.98422E-05 0.0752793 9.98422E-05 9.98422E-05
9.98334E-05 0.0734406 9.98334E-05 9.98334E-05 0.0835983 9.98334E-05 9.98334E-05 9.98334E-05 9.98334E-05 9.98334E-05 9.98334E-05 9.98334E-05 9.98334E-05 0.046951 9.98334E-05 9.98334E-05 9.98334E-05 9.98334E-05 9.98334E-05 0.581 0.0179249 9.98334E-05 0.195188 9.98334E-05 9.98334E-05
9.98333E-05 0.0166186 9.98333E-05 9.98333E-05 0.0892501 9.98333E-05 9.98333E-05 9.98333E-05 9.98333E-05 9.98333E-05 9.98333E-05 9.98333E-05 9.98333E-05 9.98333E-05 9.98333E-05 9.98333E-05 9.98333E-05 0.0539401 0.0595201 0.575334 9.98333E-05 9.98333E-05 9.98333E-05 9.98333E-05 0.20344
9.98335E-05 0.0602962 9.98335E-05 9.98335E-05 9.98335E-05 9.98335E-05 9.98335E-05 9.98335E-05 9.98335E-05 0.0364381 9.98335E-05 9.98335E-05 9.98335E-05 0.0269413 9.98335E-05 9.98335E-05 9.98335E-05 9.98335E-05 0.0191362 0.74145 9.98335E-05 9.98335E-05 0.113841 9.98335E-05 9.98335E-05
9.97984E-05 9.97984E-05 9.97984E-05 9.97984E-05 9.97984E-05 9.97984E-05 9.97984E-05 9.97984E-05 9.97984E-05 9.97984E-05 9.97984E-05 9.97984E-05 9.97984E-05 9.97984E-05 9.97984E-05 9.97984E-05 9.97984E-05 9.97984E-05 0.00142665 0.996278 9.97984E-05 9.97984E-05 9.97984E-05 9.97984E-05 9.97984E-05
0.010476 0.0448442 9.98509E-05 9.98509E-05 0.0837697 9.98509E-05 9.98509E-05 9.98509E-05 9.98509E-05 9.98509E-05 9.98509E-05 9.98509E-05 9.98509E-05 9.98509E-05 9.98509E-05 9.98509E-05 9.98509E-05 0.0856233 0.249158 0.434916 9.98509E-05 0.0182711 9.98509E-05 0.0712445 9.98509E-05
9.98333E-05 0.0333251 9.98333E-05 9.98333E-05 0.0686186 9.98333E-05 9.98333E-05 9.98333E-05 9.98333E-05 9.98333E-05 9.98333E-05 9.98333E-05 9.98333E-05 9.98333E-05 9.98333E-05 9.98333E-05 9.98333E-05 9.98333E-05 9.98333E-05 0.685908 0.0602166 9.98333E-05 0.0719521 9.98333E-05 0.0780826
9.98159E-05 0.050729 9.98159E-05 9.98159E-05 0.083859 9.98159E-05 9.98159E-05 9.98159E-05 9.98159E-05 9.98159E-05 0.0161983 9.98159E-05 9.98159E-05 9.98159E-05 9.98159E-05 9.98159E-05 9.98159E-05 9.98159E-05 9.98159E-05 0.847118 9.98159E-05 9.98159E-05 9.98159E-05 9.98159E-05 9.98159E-05
9.98333E-05 0.146208 9.98333E-05 9.98333E-05 0.237014 9.98333E-05 9.98333E-05 9.98333E-05 9.98333E-05 9.98333E-05 9.98333E-05 9.98333E-05 9.98333E-05 9.98333E-05 9.98333E-05 9.98333E-05 9.98333E-05 0.0974638 9.98333E-05 0.386565 9.98333E-05 0.055611 9.98333E-05 9.98333E-05 0.0752425
9.98245E-05 0.18011 9.98245E-05 9.98245E-05 9.98245E-05 9.98245E-05 9.98245E-05 9.98245E-05 9.98245E-05 9.98245E-05 9.98245E-05 9.98245E-05 9.98245E-05 0.0376049 9.98245E-05 9.98245E-05 9.98245E-05 9.98245E-05 0.151987 0.606304 0.0219975 9.98245E-05 9.98245E-05 9.98245E-05 9.98245E-05
9.98421E-05 0.24481 0.00322731 9.98421E-05 0.163802 9.98421E-05 9.98421E-05 9.98421E-05 9.98421E-05 9.98421E-05 9.98421E-05 0.00209041 9.98421E-05 9.98421E-05 9.98421E-05 9.98421E-05 9.98421E-05 0.066725 9.98421E-05 0.447782 9.98421E-05 9.98421E-05 9.98421E-05 9.98421E-05 0.069767
9.9851E-05 0.159001 0.0104501 9.9851E-05 0.0795221 9.9851E-05 9.9851E-05 9.9851E-05 9.9851E-05 0.00954068 9.9851E-05 9.9851E-05 9.9851E-05 9.9851E-05 9.9851E-05 9.9851E-05 9.9851E-05 9.9851E-05 0.281864 0.345522 9.9851E-05 9.9851E-05 9.9851E-05 0.097769 0.0146329
9.98244E-05 9.98244E-05 9.98244E-05 9.98244E-05 0.0276526 9.98244E-05 9.98244E-05 9.98244E-05 0.129119 9.98244E-05 9.98244E-05 9.98244E-05 0.00995187 0.0348766 9.98244E-05 9.98244E-05 9.98244E-05 9.98244E-05 9.98244E-05 9.98244E-05 0.796404 9.98244E-05 9.98244E-05 9.98244E-05 9.98244E-05
9.98155E-05 0.0617059 9.98155E-05 0.00762181 0.0750984 9.98155E-05 9.98155E-05 9.98155E-05 9.98155E-05 9.98155E-05 9.98155E-05 9.98155E-05 9.98155E-05 9.98155E-05 9.98155E-05 9.98155E-05 9.98155E-05 9.98155E-05 9.98155E-05 0.853478 9.98155E-05 9.98155E-05 9.98155E-05 9.98155E-05 9.98155E-05
9.98246E-05 0.219796 9.98246E-05 9.98246E-05 0.197033 9.98246E-05 9.98246E-05 9.98246E-05 9.98246E-05 9.98246E-05 9.98246E-05 9.98246E-05 9.98246E-05 9.98246E-05 9.98246E-05 9.98246E-05 9.98246E-05 9.98246E-05 0.0425227 0.537871 9.98246E-05 9.98246E-05 9.98246E-05 9.98246E-05 0.000780307
9.98332E-05 9.98332E-05 9.98332E-05 9.98332E-05 0.0705393 9.98332E-05 9.98332E-05 9.98332E-05 9.98332E-05 9.98332E-05 9.98332E-05 0.00270257 9.98332E-05 0.123632 9.98332E-05 9.98332E-05 9.98332E-05 0.0151853 9.98332E-05 0.571554 0.21449 9.98332E-05 9.98332E-05 9.98332E-05 9.98332E-05
0.0645294 0.0186988 9.98335E-05 9.98335E-05 0.165841 9.98335E-05 9.98335E-05 9.98335E-05 9.98335E-05 9.98335E-05 9.98335E-05 0.0335959 9.98335E-05 9.98335E-05 9.98335E-05 9.98335E-05 9.98335E-05 9.98335E-05 0.0493425 0.666095 9.98335E-05 9.98335E-05 9.98335E-05 9.98335E-05 9.98335E-05
9.98246E-05 9.98246E-05 0.0845158 9.98246E-05 9.98246E-05 9.98246E-05 9.98246E-05 9.98246E-05 9.98246E-05 9.98246E-05 9.98246E-05 9.98246E-05 9.98246E-05 9.98246E-05 9.98246E-05 9.98246E-05 9.98246E-05 0.0313485 9.98246E-05 0.867787 0.00719263 0.00715978 9.98246E-05 9.98246E-05 9.98246E-05
9.98244E-05 0.24946 9.98244E-05 9.98244E-05 0.095614 9.98244E-05 9.98244E-05 9.98244E-05 9.98244E-05 9.98244E-05 9.98244E-05 9.98244E-05 9.98244E-05 0.068797 9.98244E-05 9.98244E-05 9.98244E-05 0.142387 9.98244E-05 0.441745 9.98244E-05 9.98244E-05 9.98244E-05 9.98244E-05 9.98244E-05
9.98155E-05 9.98155E-05 9.98155E-05 9.98155E-05 0.0731773 9.98155E-05 9.98155E-05 0.0292739 9.98155E-05 0.0508156 9.98155E-05 9.98155E-05 9.98155E-05 9.98155E-05 9.98155E-05 9.98155E-05 9.98155E-05 9.98155E-05 9.98155E-05 0.844637 9.98155E-05 9.98155E-05 9.98155E-05 9.98155E-05 9.98155E-05
9.98071E-05 9.98071E-05 9.98071E-05 9.98071E-05 0.0274669 9.98071E-05 9.98071E-05 9.98071E-05 9.98071E-05 9.98071E-05 9.98071E-05 9.98071E-05 9.98071E-05 9.98071E-05 9.98071E-05 9.98071E-05 9.98071E-05 9.98071E-05 9.98071E-05 0.952244 0.0180935 9.98071E-05 9.98071E-05 9.98071E-05 9.98071E-05
9.98156E-05 0.0320132 9.98156E-05 9.98156E-05 9.98156E-05 9.98156E-05 9.98156E-05 9.98156E-05 9.98156E-05 9.98156E-05 9.98156E-05 9.98156E-05 9.98156E-05 9.98156E-05 9.98156E-05 9.98156E-05 9.98156E-05 9.98156E-05 0.20885 0.6372 9.98156E-05 9.98156E-05 0.119841 9.98156E-05 9.98156E-05
9.98157E-05 0.138504 9.98157E-05 9.98157E-05 0.16515 9.98157E-05 9.98157E-05 9.98157E-05 9.98157E-05 9.98157E-05 0.145078 9.98157E-05 9.98157E-05 9.98157E-05 9.98157E-05 9.98157E-05 9.98157E-05 9.98157E-05 9.98157E-05 0.549172 9.98157E-05 9.98157E-05 9.98157E-05 9.98157E-05 9.98157E-05
9.98245E-05 0.105393 9.98245E-05 9.98245E-05 9.98245E-05 9.98245E-05 9.98245E-05 9.98245E-05 9.98245E-05 9.98245E-05 9.98245E-05 9.98245E-05 9.98245E-05 9.98245E-05 9.98245E-05 9.98245E-05 9.98245E-05 9.98245E-05 0.210205 0.225214 0.441499 9.98245E-05 0.015693 9.98245E-05 9.98245E-05
9.98158E-05 0.0340299 9.98158E-05 9.98158E-05 0.0208912 9.98158E-05 9.98158E-05 9.98158E-05 9.98158E-05 9.98158E-05 9.98158E-05 9.98158E-05 9.98158E-05 9.98158E-05 9.98158E-05 9.98158E-05 9.98158E-05 9.98158E-05 9.98158E-05 0.625667 0.317316 9.98158E-05 9.98158E-05 9.98158E-05 9.98158E-05
9.97982E-05 9.97982E-05 9.97982E-05 9.97982E-05 9.97982E-05 9.97982E-05 9.97982E-05 9.97982E-05 9.97982E-05 9.97982E-05 9.97982E-05 9.97982E-05 9.97982E-05 9.97982E-05 9.97982E-05 9.97982E-05 9.97982E-05 9.97982E-05 9.97982E-05 0.41945 0.578254 9.97982E-05 9.97982E-05 9.97982E-05 9.97982E-05
9.98072E-05 9.98072E-05 9.98072E-05 9.98072E-05 9.98072E-05 9.98072E-05 9.98072E-05 9.98072E-05 9.98072E-05 9.98072E-05 9.98072E-05 9.98072E-05 9.98072E-05 9.98072E-05 9.98072E-05 9.98072E-05 9.98072E-05 0.00330239 0.623491 0.371011 9.98072E-05 9.98072E-05 9.98072E-05 9.98072E-05 9.98072E-05
9.98157E-05 0.108107 9.98157E-05 9.98157E-05 0.312511 9.98157E-05 9.98157E-05 9.98157E-05 9.98157E-05 9.98157E-05 9.98157E-05 9.98157E-05 9.98157E-05 9.98157E-05 9.98157E-05 9.98157E-05 9.98157E-05 9.98157E-05 9.98157E-05 0.508958 9.98157E-05 9.98157E-05 9.98157E-05 9.98157E-05 0.0683276
9.98071E-05 0.0914747 9.98071E-05 9.98071E-05 9.98071E-05 9.98071E-05 9.98071E-05 0.0347351 9.98071E-05 9.98071E-05 9.98071E-05 9.98071E-05 9.98071E-05 9.98071E-05 9.98071E-05 9.98071E-05 9.98071E-05 9.98071E-05 9.98071E-05 0.871594 9.98071E-05 9.98071E-05 9.98071E-05 9.98071E-05 9.98071E-05
9.98334E-05 0.123289 9.98334E-05 9.98334E-05 0.00754381 9.98334E-05 9.98334E-05 9.98334E-05 9.98334E-05 9.98334E-05 9.98334E-05 9.98334E-05 9.98334E-05 9.98334E-05 9.98334E-05 9.98334E-05 9.98334E-05 0.136139 0.205318 0.18298 0.342833 9.98334E-05 9.98334E-05 9.98334E-05 9.98334E-05
9.98159E-05 0.00696904 9.98159E-05 9.98159E-05 9.98159E-05 9.98159E-05 9.98159E-05 9.98159E-05 9.98159E-05 9.98159E-05 9.98159E-05 0.000749672 9.98159E-05 9.98159E-05 9.98159E-05 9.98159E-05 9.98159E-05 9.98159E-05 0.602233 0.387952 9.98159E-05 9.98159E-05 9.98159E-05 9.98159E-05 9.98159E-05
9.98419E-05 0.259206 9.98419E-05 9.98419E-05 0.00347601 9.98419E-05 9.98419E-05 9.98419E-05 9.98419E-05 0.0451999 9.98419E-05 9.98419E-05 9.98419E-05 0.00776006 9.98419E-05 9.98419E-05 9.98419E-05 0.104352 9.98419E-05 0.520658 9.98419E-05 9.98419E-05 9.98419E-05 9.98419E-05 0.0575512
9.98598E-05 0.121401 9.98598E-05 9.98598E-05 0.0742126 0.115793 9.98598E-05 9.98598E-05 9.98598E-05 9.98598E-05 0.00900623 0.0076527 9.98598E-05 9.98598E-05 0.0737101 9.98598E-05 9.98598E-05 9.98598E-05 9.98598E-05 0.506122 0.0434695 9.98598E-05 9.98598E-05 0.0470351 9.98598E-05
9.98686E-05 0.15094 0.0422218 9.98686E-05 0.0272242 0.0243328 9.98686E-05 9.98686E-05 0.0266688 0.024706 9.98686E-05 9.98686E-05 9.98686E-05 9.98686E-05 9.98686E-05 9.98686E-05 9.98686E-05 9.98686E-05 9.98686E-05 0.463656 0.0523895 9.98686E-05 0.0828739 9.98686E-05 0.103489
9.9816E-05 0.249387 9.9816E-05 9.9816E-05 0.274973 9.9816E-05 9.9816E-05 9.9816E-05 9.9816E-05 0.0364565 9.9816E-05 9.9816E-05 9.9816E-05 9.9816E-05 9.9816E-05 9.9816E-05 9.9816E-05 9.9816E-05 9.9816E-05 0.437087 9.9816E-05 9.9816E-05 9.9816E-05 9.9816E-05 9.9816E-05
9.9807E-05 9.9807E-05 9.9807E-05 9.9807E-05 9.9807E-05 9.9807E-05 9.9807E-05 9.9807E-05 9.9807E-05 9.9807E-05 9.9807E-05 9.9807E-05 9.9807E-05 9.9807E-05 9.9807E-05 9.9807E-05 9.9807E-05 9.9807E-05 0.216001 0.367955 0.413848 9.9807E-05 9.9807E-05 9.9807E-05 9.9807E-05
9.98156E-05 9.98156E-05 9.98156E-05 9.98156E-05 0.110146 9.98156E-05 9.98156E-05 9.98156E-05 9.98156E-05 9.98156E-05 9.98156E-05 9.98156E-05 0.0185356 9.98156E-05 9.98156E-05 9.98156E-05 9.98156E-05 9.98156E-05 9.98156E-05 0.71448 9.98156E-05 0.154742 9.98156E-05 9.98156E-05 9.98156E-05
