9.98947E-05 9.98947E-05 0.184039 9.98947E-05 9.98947E-05 9.98947E-05 9.98947E-05 0.139716 0.00907873 0.383269 0.0102075 0.0286344 0.0525056 9.98947E-05 9.98947E-05 9.98947E-05 0.0225173 9.98947E-05 0.158803 9.98947E-05 0.0014502 9.98947E-05 0.0085817
9.98334E-05 9.98334E-05 0.0943929 9.98334E-05 9.98334E-05 9.98334E-05 0.01727 9.98334E-05 9.98334E-05 9.98334E-05 9.98334E-05 0.0921663 9.98334E-05 9.98334E-05 0.794274 9.98334E-05 9.98334E-05 9.98334E-05 9.98334E-05 9.98334E-05 9.98334E-05 9.98334E-05 9.98334E-05
0.0211853 9.98509E-05 9.98509E-05 9.98509E-05 9.98509E-05 9.98509E-05 9.98509E-05 9.98509E-05 9.98509E-05 0.189896 9.98509E-05 9.98509E-05 9.98509E-05 9.98509E-05 0.749959 0.00591391 0.0185131 9.98509E-05 9.98509E-05 9.98509E-05 9.98509E-05 9.98509E-05 0.0128352
9.9886E-05 9.9886E-05 9.9886E-05 9.9886E-05 0.0211524 9.9886E-05 0.0517666 0.0547277 9.9886E-05 0.336451 0.120386 9.9886E-05 0.035026 0.0248946 9.9886E-05 9.9886E-05 9.9886E-05 9.9886E-05 0.0887905 9.9886E-05 0.0737334 9.9886E-05 0.191773
9.98333E-05 9.98333E-05 9.98333E-05 9.98333E-05 9.98333E-05 9.98333E-05 0.0390535 9.98333E-05 9.98333E-05 0.795006 9.98333E-05 9.98333E-05 9.98333E-05 9.98333E-05 9.98333E-05 0.0508895 9.98333E-05 9.98333E-05 9.98333E-05 9.98333E-05 9.98333E-05 0.113154 9.98333E-05
9.98509E-05 0.126356 0.241168 9.98509E-05 0.148503 9.98509E-05 9.98509E-05 9.98509E-05 9.98509E-05 0.222249 9.98509E-05 9.98509E-05 9.98509E-05 9.98509E-05 9.98509E-05 0.0867397 9.98509E-05 9.98509E-05 9.98509E-05 9.98509E-05 9.98509E-05 0.173286 9.98509E-05
0.112876 9.99035E-05 0.037377 9.99035E-05 0.0413556 9.99035E-05 0.00282002 0.0243766 9.99035E-05 0.313275 9.99035E-05 0.146059 0.121344 9.99035E-05 9.99035E-05 9.99035E-05 0.0613571 9.99035E-05 0.0883275 9.99035E-05 0.0252765 9.99035E-05 0.0244563
9.99035E-05 0.156265 0.0770271 0.112085 0.0553718 9.99035E-05 0.0302936 9.99035E-05 0.0306412 0.186761 9.99035E-05 9.99035E-05 9.99035E-05 9.99035E-05 0.0165704 0.0894719 9.99035E-05 9.99035E-05 0.185915 9.99035E-05 0.0490582 0.00944057 9.99035E-05
9.98596E-05 0.224402 9.98596E-05 9.98596E-05 9.98596E-05 9.98596E-05 9.98596E-05 0.215184 9.98596E-05 0.304631 9.98596E-05 9.98596E-05 9.98596E-05 9.98596E-05 9.98596E-05 0.00559938 0.14588 9.98596E-05 9.98596E-05 9.98596E-05 0.0466317 0.0560743 9.98596E-05
9.98157E-05 9.98157E-05 9.98157E-05 9.98157E-05 9.98157E-05 9.98157E-05 9.98157E-05 0.0243902 9.98157E-05 0.973514 9.98157E-05 9.98157E-05 9.98157E-05 9.98157E-05 9.98157E-05 9.98157E-05 9.98157E-05 9.98157E-05 9.98157E-05 9.98157E-05 9.98157E-05 9.98157E-05 9.98157E-05
9.98508E-05 9.98508E-05 0.0438291 9.98508E-05 9.98508E-05 9.98508E-05 9.98508E-05 0.162578 9.98508E-05 0.632911 0.0237495 9.98508E-05 0.130387 9.98508E-05 9.98508E-05 9.98508E-05 9.98508E-05 9.98508E-05 0.00484843 9.98508E-05 9.98508E-05 9.98508E-05 9.98508E-05
9.9807E-05 9.9807E-05 9.9807E-05 9.9807E-05 9.9807E-05 9.9807E-05 9.9807E-05 9.9807E-05 9.9807E-05 9.9807E-05 9.9807E-05 9.9807E-05 9.9807E-05 9.9807E-05 0.997804 9.9807E-05 9.9807E-05 9.9807E-05 9.9807E-05 9.9807E-05 9.9807E-05 9.9807E-05 9.9807E-05
9.98334E-05 9.98334E-05 9.98334E-05 0.00710831 9.98334E-05 9.98334E-05 9.98334E-05 0.0226967 9.98334E-05 0.875136 9.98334E-05 9.98334E-05 9.98334E-05 9.98334E-05 9.98334E-05 9.98334E-05 9.98334E-05 9.98334E-05 0.0931618 9.98334E-05 9.98334E-05 9.98334E-05 9.98334E-05
9.98597E-05 9.98597E-05 9.98597E-05 9.98597E-05 9.98597E-05 0.0591548 9.98597E-05 0.000896041 9.98597E-05 0.488831 9.98597E-05 9.98597E-05 0.046712 9.98597E-05 0.0218948 0.098882 9.98597E-05 9.98597E-05 9.98597E-05 0.282032 9.98597E-05 9.98597E-05 9.98597E-05
9.98771E-05 0.103534 0.205315 9.98771E-05 9.98771E-05 0.0967932 9.98771E-05 0.148149 9.98771E-05 0.294976 9.98771E-05 9.98771E-05 9.98771E-05 9.98771E-05 9.98771E-05 9.98771E-05 0.03559 0.0311764 0.0347712 9.98771E-05 9.98771E-05 0.0482961 9.98771E-05
9.98683E-05 0.161716 0.127981 0.134441 9.98683E-05 9.98683E-05 9.98683E-05 0.074429 9.98683E-05 9.98683E-05 9.98683E-05 9.98683E-05 9.98683E-05 9.98683E-05 0.205929 9.98683E-05 9.98683E-05 9.98683E-05 0.214782 9.98683E-05 9.98683E-05 0.0176214 0.0616026
9.98597E-05 9.98597E-05 9.98597E-05 9.98597E-05 9.98597E-05 9.98597E-05 9.98597E-05 0.0472263 9.98597E-05 0.39315 9.98597E-05 0.0271221 0.0216055 9.98597E-05 0.186423 9.98597E-05 9.98597E-05 0.205867 9.98597E-05 9.98597E-05 0.117008 9.98597E-05 9.98597E-05
9.98684E-05 9.98684E-05 0.256468 9.98684E-05 9.98684E-05 9.98684E-05 9.98684E-05 0.172167 0.143803 0.131931 0.0717756 9.98684E-05 9.98684E-05 0.0814344 9.98684E-05 9.98684E-05 0.00604521 9.98684E-05 0.134877 9.98684E-05 9.98684E-05 9.98684E-05 9.98684E-05
9.98683E-05 0.103346 9.98683E-05 9.98683E-05 0.223352 9.98683E-05 9.98683E-05 0.15681 0.0143354 0.280494 9.98683E-05 9.98683E-05 0.00778237 9.98683E-05 0.0985079 9.98683E-05 9.98683E-05 9.98683E-05 0.113875 9.98683E-05 9.98683E-05 9.98683E-05 9.98683E-05
9.9807E-05 9.9807E-05 9.9807E-05 9.9807E-05 9.9807E-05 9.9807E-05 9.9807E-05 9.9807E-05 9.9807E-05 0.997804 9.9807E-05 9.9807E-05 9.9807E-05 9.9807E-05 9.9807E-05 9.9807E-05 9.9807E-05 9.9807E-05 9.9807E-05 9.9807E-05 9.9807E-05 9.9807E-05 9.9807E-05
9.98771E-05 0.0492288 9.98771E-05 0.0750074 9.98771E-05 9.98771E-05 0.0750883 0.018988 9.98771E-05 0.332993 0.0439886 9.98771E-05 0.00649993 9.98771E-05 0.171735 9.98771E-05 9.98771E-05 9.98771E-05 9.98771E-05 9.98771E-05 0.225073 9.98771E-05 9.98771E-05
9.98509E-05 0.124705 9.98509E-05 9.98509E-05 0.124289 9.98509E-05 9.98509E-05 9.98509E-05 9.98509E-05 0.317673 9.98509E-05 9.98509E-05 9.98509E-05 9.98509E-05 9.98509E-05 0.0370469 9.98509E-05 9.98509E-05 0.345339 9.98509E-05 9.98509E-05 0.0492496 9.98509E-05
9.98421E-05 9.98421E-05 0.146639 9.98421E-05 9.98421E-05 9.98421E-05 9.98421E-05 0.066878 9.98421E-05 9.98421E-05 9.98421E-05 9.98421E-05 0.0557671 9.98421E-05 0.712169 9.98421E-05 9.98421E-05 9.98421E-05 9.98421E-05 9.98421E-05 9.98421E-05 9.98421E-05 0.0167494
9.98508E-05 9.98508E-05 0.0267861 0.00691484 9.98508E-05 9.98508E-05 9.98508E-05 0.213705 9.98508E-05 0.352499 9.98508E-05 9.98508E-05 9.98508E-05 9.98508E-05 9.98508E-05 9.98508E-05 0.0930421 9.98508E-05 0.305356 9.98508E-05 9.98508E-05 9.98508E-05 9.98508E-05
9.98683E-05 0.026902 9.98683E-05 9.98683E-05 9.98683E-05 0.0876252 9.98683E-05 0.229986 9.98683E-05 0.120348 0.21508 9.98683E-05 9.98683E-05 0.105631 0.132713 9.98683E-05 9.98683E-05 9.98683E-05 0.0802169 9.98683E-05 9.98683E-05 9.98683E-05 9.98683E-05
9.98509E-05 9.98509E-05 9.98509E-05 9.98509E-05 9.98509E-05 9.98509E-05 9.98509E-05 0.116096 9.98509E-05 0.692971 0.00568627 9.98509E-05 0.0181993 9.98509E-05 9.98509E-05 9.98509E-05 9.98509E-05 9.98509E-05 9.98509E-05 9.98509E-05 0.0190284 0.146322 9.98509E-05
9.98595E-05 9.98595E-05 9.98595E-05 0.0413143 9.98595E-05 9.98595E-05 9.98595E-05 0.0760851 0.107524 0.0897842 0.340394 9.98595E-05 9.98595E-05 9.98595E-05 9.98595E-05 9.98595E-05 9.98595E-05 9.98595E-05 0.342949 9.98595E-05 9.98595E-05 0.000352536 9.98595E-05
9.98948E-05 9.98948E-05 9.98948E-05 9.98948E-05 0.00668105 9.98948E-05 9.98948E-05 0.00290469 9.98948E-05 0.645897 0.0345801 0.0272493 9.98948E-05 9.98948E-05 0.0754123 0.00732239 0.0457069 9.98948E-05 0.0896362 0.00690696 9.98948E-05 9.98948E-05 0.0565049
9.98333E-05 9.98333E-05 9.98333E-05 9.98333E-05 9.98333E-05 9.98333E-05 9.98333E-05 0.163198 9.98333E-05 9.98333E-05 0.0925922 9.98333E-05 9.98333E-05 9.98333E-05 0.66503 9.98333E-05 9.98333E-05 9.98333E-05 0.0772829 9.98333E-05 9.98333E-05 9.98333E-05 9.98333E-05
9.98596E-05 0.0516407 9.98596E-05 9.98596E-05 0.00759483 9.98596E-05 9.98596E-05 0.0117661 9.98596E-05 9.98596E-05 9.98596E-05 9.98596E-05 9.98596E-05 0.0130392 0.899412 9.98596E-05 0.00454905 9.98596E-05 9.98596E-05 9.98596E-05 9.98596E-05 0.0104008 9.98596E-05
9.98596E-05 0.015582 0.0839453 9.98596E-05 0.0455993 9.98596E-05 9.98596E-05 0.0383041 9.98596E-05 0.589348 9.98596E-05 9.98596E-05 0.101276 9.98596E-05 0.124347 9.98596E-05 9.98596E-05 9.98596E-05 9.98596E-05 9.98596E-05 9.98596E-05 9.98596E-05 9.98596E-05
9.98598E-05 9.98598E-05 9.98598E-05 9.98598E-05 9.98598E-05 9.98598E-05 9.98598E-05 0.0824311 9.98598E-05 0.577265 0.115419 9.98598E-05 0.0575317 9.98598E-05 9.98598E-05 9.98598E-05 9.98598E-05 9.98598E-05 0.0144541 0.0391464 0.112155 9.98598E-05 9.98598E-05
0.0307817 9.98683E-05 0.089221 0.0115767 9.98683E-05 9.98683E-05 9.98683E-05 0.112877 9.98683E-05 0.535973 0.0835173 9.98683E-05 0.0663552 9.98683E-05 9.98683E-05 9.98683E-05 9.98683E-05 9.98683E-05 0.0682004 9.98683E-05 9.98683E-05 9.98683E-05 9.98683E-05
9.98596E-05 9.98596E-05 9.98596E-05 9.98596E-05 9.98596E-05 9.98596E-05 9.98596E-05 0.0934586 0.00806542 9.98596E-05 0.072032 9.98596E-05 9.98596E-05 9.98596E-05 0.654806 0.00901984 9.98596E-05 9.98596E-05 0.133885 9.98596E-05 9.98596E-05 9.98596E-05 0.0271351
9.98334E-05 9.98334E-05 9.98334E-05 9.98334E-05 9.98334E-05 9.98334E-05 9.98334E-05 9.98334E-05 9.98334E-05 9.98334E-05 9.98334E-05 0.0412579 0.0211665 0.00436224 0.931316 9.98334E-05 9.98334E-05 9.98334E-05 9.98334E-05 9.98334E-05 9.98334E-05 9.98334E-05 9.98334E-05
9.98596E-05 9.98596E-05 0.0590321 9.98596E-05 9.98596E-05 9.98596E-05 9.98596E-05 0.0100706 9.98596E-05 0.691759 9.98596E-05 9.98596E-05 0.00559414 0.0294872 9.98596E-05 9.98596E-05 9.98596E-05 9.98596E-05 9.98596E-05 9.98596E-05 0.184303 9.98596E-05 0.0181563
0.025337 9.98422E-05 0.0316442 9.98422E-05 0.0687986 9.98422E-05 9.98422E-05 9.98422E-05 9.98422E-05 0.627808 9.98422E-05 9.98422E-05 9.98422E-05 9.98422E-05 0.244615 9.98422E-05 9.98422E-05 9.98422E-05 9.98422E-05 9.98422E-05 9.98422E-05 9.98422E-05 9.98422E-05
9.98421E-05 0.123435 9.98421E-05 9.98421E-05 9.98421E-05 9.98421E-05 9.98421E-05 0.0237627 9.98421E-05 9.98421E-05 9.98421E-05 0.0531379 9.98421E-05 0.0172563 0.78061 9.98421E-05 9.98421E-05 9.98421E-05 9.98421E-05 9.98421E-05 9.98421E-05 9.98421E-05 9.98421E-05
9.98422E-05 9.98422E-05 9.98422E-05 9.98422E-05 9.98422E-05 9.98422E-05 9.98422E-05 0.103887 9.98422E-05 9.98422E-05 9.98422E-05 0.113972 9.98422E-05 9.98422E-05 0.646131 0.0600163 9.98422E-05 0.0741967 9.98422E-05 9.98422E-05 9.98422E-05 9.98422E-05 9.98422E-05
9.98509E-05 9.98509E-05 9.98509E-05 0.114641 0.0455676 9.98509E-05 9.98509E-05 0.0429301 9.98509E-05 9.98509E-05 0.0152778 9.98509E-05 9.98509E-05 9.98509E-05 0.650613 9.98509E-05 9.98509E-05 9.98509E-05 9.98509E-05 9.98509E-05 9.98509E-05 0.129272 9.98509E-05
9.98334E-05 0.0341875 9.98334E-05 9.98334E-05 9.98334E-05 9.98334E-05 9.98334E-05 0.00209677 9.98334E-05 0.858233 9.98334E-05 9.98334E-05 9.98334E-05 9.98334E-05 9.98334E-05 9.98334E-05 9.98334E-05 9.98334E-05 0.103586 9.98334E-05 9.98334E-05 9.98334E-05 9.98334E-05
9.98422E-05 9.98422E-05 9.98422E-05 9.98422E-05 9.98422E-05 9.98422E-05 9.98422E-05 0.112333 9.98422E-05 0.570797 9.98422E-05 9.98422E-05 9.98422E-05 9.98422E-05 0.0199968 9.98422E-05 0.0583901 9.98422E-05 0.236686 9.98422E-05 9.98422E-05 9.98422E-05 9.98422E-05
9.98245E-05 9.98245E-05 9.98245E-05 9.98245E-05 0.0176867 9.98245E-05 9.98245E-05 9.98245E-05 9.98245E-05 0.77269 9.98245E-05 9.98245E-05 9.98245E-05 9.98245E-05 9.98245E-05 9.98245E-05 9.98245E-05 9.98245E-05 9.98245E-05 0.207627 9.98245E-05 9.98245E-05 9.98245E-05
9.98595E-05 0.09663 0.0994925 9.98595E-05 9.98595E-05 9.98595E-05 9.98595E-05 0.171931 9.98595E-05 9.98595E-05 9.98595E-05 9.98595E-05 0.0715306 9.98595E-05 0.457654 9.98595E-05 0.0251498 9.98595E-05 0.0760141 9.98595E-05 9.98595E-05 9.98595E-05 9.98595E-05
9.98597E-05 9.98597E-05 9.98597E-05 9.98597E-05 0.0575194 9.98597E-05 9.98597E-05 0.169486 9.98597E-05 0.119366 9.98597E-05 9.98597E-05 9.98597E-05 9.98597E-05 0.0848785 0.0689436 9.98597E-05 9.98597E-05 0.416425 9.98597E-05 9.98597E-05 9.98597E-05 0.0817831
9.9842E-05 9.9842E-05 9.9842E-05 9.9842E-05 0.0120874 9.9842E-05 0.00602832 0.0187749 9.9842E-05 0.90835 9.9842E-05 9.9842E-05 9.9842E-05 0.0529624 9.9842E-05 9.9842E-05 9.9842E-05 9.9842E-05 9.9842E-05 9.9842E-05 9.9842E-05 9.9842E-05 9.9842E-05
9.98508E-05 0.00459043 9.98508E-05 9.98508E-05 9.98508E-05 9.98508E-05 9.98508E-05 0.0505469 0.0149095 0.893803 9.98508E-05 9.98508E-05 0.00572545 9.98508E-05 9.98508E-05 9.98508E-05 9.98508E-05 9.98508E-05 9.98508E-05 9.98508E-05 9.98508E-05 9.98508E-05 0.0287272
9.98071E-05 9.98071E-05 9.98071E-05 9.98071E-05 9.98071E-05 9.98071E-05 9.98071E-05 9.98071E-05 9.98071E-05 9.98071E-05 9.98071E-05 9.98071E-05 9.98071E-05 9.98071E-05 0.997804 9.98071E-05 9.98071E-05 9.98071E-05 9.98071E-05 9.98071E-05 9.98071E-05 9.98071E-05 9.98071E-05
9.98595E-05 9.98595E-05 0.00585673 9.98595E-05 0.0244789 9.98595E-05 9.98595E-05 0.140748 9.98595E-05 0.174801 9.98595E-05 9.98595E-05 0.019635 9.98595E-05 0.503392 9.98595E-05 9.98595E-05 9.98595E-05 0.129491 9.98595E-05 9.98595E-05 9.98595E-05 9.98595E-05
0.135469 9.98425E-05 9.98425E-05 9.98425E-05 0.0710376 9.98425E-05 9.98425E-05 9.98425E-05 9.98425E-05 0.164142 9.98425E-05 9.98425E-05 9.98425E-05 9.98425E-05 0.576849 0.0507048 9.98425E-05 9.98425E-05 9.98425E-05 9.98425E-05 9.98425E-05 9.98425E-05 9.98425E-05
9.9886E-05 0.00733651 0.00519499 9.9886E-05 9.9886E-05 9.9886E-05 0.0019786 0.273269 9.9886E-05 9.9886E-05 0.0481444 9.9886E-05 0.13502 9.9886E-05 0.315972 9.9886E-05 0.0182717 9.9886E-05 0.056061 9.9886E-05 9.9886E-05 0.137453 9.9886E-05
9.98508E-05 9.98508E-05 9.98508E-05 0.0317235 9.98508E-05 9.98508E-05 9.98508E-05 9.98508E-05 9.98508E-05 0.676726 9.98508E-05 9.98508E-05 9.98508E-05 9.98508E-05 9.98508E-05 0.0385447 0.0522258 9.98508E-05 0.128549 9.98508E-05 9.98508E-05 9.98508E-05 0.0705336
9.98421E-05 9.98421E-05 9.98421E-05 9.98421E-05 9.98421E-05 9.98421E-05 9.98421E-05 0.00864453 0.0373161 0.745935 0.0212645 9.98421E-05 9.98421E-05 9.98421E-05 0.185043 9.98421E-05 9.98421E-05 9.98421E-05 9.98421E-05 9.98421E-05 9.98421E-05 9.98421E-05 9.98421E-05
0.0027102 0.107081 9.98685E-05 0.148289 9.98685E-05 0.0201801 0.0107751 0.0348398 9.98685E-05 9.98685E-05 9.98685E-05 9.98685E-05 9.98685E-05 9.98685E-05 0.667798 0.00682943 9.98685E-05 9.98685E-05 9.98685E-05 9.98685E-05 9.98685E-05 9.98685E-05 9.98685E-05
9.98335E-05 9.98335E-05 9.98335E-05 9.98335E-05 9.98335E-05 0.177983 9.98335E-05 0.0519152 9.98335E-05 9.98335E-05 9.98335E-05 9.98335E-05 9.98335E-05 9.98335E-05 0.755599 0.0126064 9.98335E-05 9.98335E-05 9.98335E-05 9.98335E-05 9.98335E-05 9.98335E-05 9.98335E-05
9.98422E-05 9.98422E-05 0.0687019 9.98422E-05 0.082867 9.98422E-05 9.98422E-05 9.98422E-05 9.98422E-05 0.342985 9.98422E-05 9.98422E-05 9.98422E-05 9.98422E-05 0.391012 9.98422E-05 9.98422E-05 9.98422E-05 9.98422E-05 9.98422E-05 9.98422E-05 0.112637 9.98422E-05
9.98596E-05 0.0185236 9.98596E-05 9.98596E-05 0.0132553 9.98596E-05 9.98596E-05 0.0400583 0.0159115 0.822896 9.98596E-05 0.0508782 9.98596E-05 9.98596E-05 9.98596E-05 9.98596E-05 9.98596E-05 9.98596E-05 9.98596E-05 9.98596E-05 0.0368793 9.98596E-05 9.98596E-05
9.98335E-05 9.98335E-05 9.98335E-05 9.98335E-05 9.98335E-05 9.98335E-05 9.98335E-05 0.046102 9.98335E-05 0.83305 9.98335E-05 9.98335E-05 0.00241104 9.98335E-05 9.98335E-05 9.98335E-05 9.98335E-05 9.98335E-05 9.98335E-05 9.98335E-05 9.98335E-05 9.98335E-05 0.11654
0.0643966 9.98334E-05 9.98334E-05 9.98334E-05 9.98334E-05 9.98334E-05 9.98334E-05 9.98334E-05 9.98334E-05 0.458584 9.98334E-05 9.98334E-05 0.0544901 9.98334E-05 0.420633 9.98334E-05 9.98334E-05 9.98334E-05 9.98334E-05 9.98334E-05 9.98334E-05 9.98334E-05 9.98334E-05
9.98595E-05 0.0452345 0.616588 9.98595E-05 9.98595E-05 9.98595E-05 9.98595E-05 0.146532 0.0270235 9.98595E-05 0.138932 0.000506873 0.0235847 9.98595E-05 9.98595E-05 9.98595E-05 9.98595E-05 9.98595E-05 9.98595E-05 9.98595E-05 9.98595E-05 9.98595E-05 9.98595E-05
9.98423E-05 9.98423E-05 0.912668 0.0158991 0.00526924 0.0507162 9.98423E-05 9.98423E-05 9.98423E-05 9.98423E-05 9.98423E-05 9.98423E-05 9.98423E-05 9.98423E-05 9.98423E-05 9.98423E-05 9.98423E-05 9.98423E-05 0.0136505 9.98423E-05 9.98423E-05 9.98423E-05 9.98423E-05
9.98158E-05 9.98158E-05 0.955907 9.98158E-05 9.98158E-05 9.98158E-05 9.98158E-05 9.98158E-05 0.0419971 9.98158E-05 9.98158E-05 9.98158E-05 9.98158E-05 9.98158E-05 9.98158E-05 9.98158E-05 9.98158E-05 9.98158E-05 9.98158E-05 9.98158E-05 9.98158E-05 9.98158E-05 9.98158E-05
0.0467319 0.0549517 0.312458 9.98508E-05 9.98508E-05 9.98508E-05 9.98508E-05 0.0277205 9.98508E-05 9.98508E-05 0.322392 0.234048 9.98508E-05 9.98508E-05 9.98508E-05 9.98508E-05 9.98508E-05 9.98508E-05 9.98508E-05 9.98508E-05 9.98508E-05 9.98508E-05 9.98508E-05
0.0266987 0.110233 0.500004 9.98857E-05 0.00861163 9.98857E-05 9.98857E-05 9.98857E-05 0.015577 9.98857E-05 9.98857E-05 9.98857E-05 0.0226736 0.051781 9.98857E-05 0.108208 9.98857E-05 9.98857E-05 0.073031 9.98857E-05 0.0818835 9.98857E-05 9.98857E-05
9.9868E-05 0.0518783 0.576506 9.9868E-05 9.9868E-05 0.0157822 9.9868E-05 0.1523 9.9868E-05 9.9868E-05 0.121964 0.00985031 0.000474729 9.9868E-05 9.9868E-05 9.9868E-05 9.9868E-05 9.9868E-05 0.0697468 9.9868E-05 9.9868E-05 9.9868E-05 9.9868E-05
9.98506E-05 9.98506E-05 0.553124 9.98506E-05 9.98506E-05 9.98506E-05 9.98506E-05 0.089137 9.98506E-05 9.98506E-05 9.98506E-05 0.243041 0.0287708 9.98506E-05 9.98506E-05 9.98506E-05 9.98506E-05 9.98506E-05 9.98506E-05 9.98506E-05 0.0202423 9.98506E-05 0.0639869
9.9877E-05 0.0616195 0.499459 9.9877E-05 0.0140954 9.9877E-05 9.9877E-05 0.0654268 0.211395 9.9877E-05 0.0276869 0.102191 0.00399634 9.9877E-05 9.9877E-05 9.9877E-05 0.012733 9.9877E-05 9.9877E-05 9.9877E-05 9.9877E-05 9.9877E-05 9.9877E-05
9.98334E-05 9.98334E-05 0.886306 9.98334E-05 9.98334E-05 9.98334E-05 9.98334E-05 0.0027299 9.98334E-05 9.98334E-05 9.98334E-05 0.0847612 9.98334E-05 9.98334E-05 9.98334E-05 9.98334E-05 0.0243061 9.98334E-05 9.98334E-05 9.98334E-05 9.98334E-05 9.98334E-05 9.98334E-05
9.98332E-05 9.98332E-05 0.807305 9.98332E-05 0.00979128 9.98332E-05 9.98332E-05 9.98332E-05 9.98332E-05 9.98332E-05 9.98332E-05 9.98332E-05 0.0576616 9.98332E-05 9.98332E-05 9.98332E-05 9.98332E-05 9.98332E-05 9.98332E-05 9.98332E-05 9.98332E-05 9.98332E-05 0.123345
9.98418E-05 0.0724294 0.394332 9.98418E-05 0.0504436 9.98418E-05 9.98418E-05 0.315734 9.98418E-05 9.98418E-05 9.98418E-05 9.98418E-05 0.165264 9.98418E-05 9.98418E-05 9.98418E-05 9.98418E-05 9.98418E-05 9.98418E-05 9.98418E-05 9.98418E-05 9.98418E-05 9.98418E-05
9.98946E-05 0.031161 0.337808 9.98946E-05 0.0811251 0.0517249 9.98946E-05 0.0764043 0.0175665 9.98946E-05 9.98946E-05 0.0589664 0.0969712 9.98946E-05 9.98946E-05 0.0535786 9.98946E-05 9.98946E-05 0.169855 9.98946E-05 9.98946E-05 9.98946E-05 0.0236406
9.98769E-05 0.139725 0.486186 0.136927 9.98769E-05 9.98769E-05 0.0668736 9.98769E-05 9.98769E-05 9.98769E-05 0.0176789 0.0272264 0.100557 0.00982705 9.98769E-05 9.98769E-05 9.98769E-05 9.98769E-05 9.98769E-05 9.98769E-05 9.98769E-05 0.0136005 9.98769E-05
9.98419E-05 9.98419E-05 0.475068 9.98419E-05 0.0955749 9.98419E-05 9.98419E-05 0.215856 9.98419E-05 9.98419E-05 9.98419E-05 0.0421676 9.98419E-05 9.98419E-05 9.98419E-05 9.98419E-05 9.98419E-05 9.98419E-05 0.169536 9.98419E-05 9.98419E-05 9.98419E-05 9.98419E-05
9.98248E-05 9.98248E-05 0.94995 9.98248E-05 9.98248E-05 9.98248E-05 9.98248E-05 9.98248E-05 9.98248E-05 9.98248E-05 0.0320075 9.98248E-05 0.016046 9.98248E-05 9.98248E-05 9.98248E-05 9.98248E-05 9.98248E-05 9.98248E-05 9.98248E-05 9.98248E-05 9.98248E-05 9.98248E-05
9.98333E-05 0.0374527 0.875499 9.98333E-05 9.98333E-05 9.98333E-05 9.98333E-05 9.98333E-05 9.98333E-05 9.98333E-05 9.98333E-05 9.98333E-05 0.00345244 9.98333E-05 9.98333E-05 9.98333E-05 9.98333E-05 9.98333E-05 9.98333E-05 9.98333E-05 0.0816991 9.98333E-05 9.98333E-05
0.000333876 9.98505E-05 0.674345 9.98505E-05 0.0655327 9.98505E-05 9.98505E-05 0.0559109 9.98505E-05 9.98505E-05 0.0681951 9.98505E-05 9.98505E-05 9.98505E-05 9.98505E-05 9.98505E-05 0.133985 9.98505E-05 9.98505E-05 9.98505E-05 9.98505E-05 9.98505E-05 9.98505E-05
9.98507E-05 0.00973447 0.596424 9.98507E-05 0.125878 9.98507E-05 9.98507E-05 9.98507E-05 9.98507E-05 9.98507E-05 9.98507E-05 9.98507E-05 0.110403 9.98507E-05 9.98507E-05 9.98507E-05 9.98507E-05 9.98507E-05 0.0792162 9.98507E-05 9.98507E-05 9.98507E-05 0.0766469
9.98507E-05 0.0283552 0.761016 9.98507E-05 9.98507E-05 9.98507E-05 9.98507E-05 0.0941278 0.0778983 9.98507E-05 9.98507E-05 9.98507E-05 0.0124484 9.98507E-05 9.98507E-05 9.98507E-05 9.98507E-05 9.98507E-05 0.0244564 9.98507E-05 9.98507E-05 9.98507E-05 9.98507E-05
9.98418E-05 9.98418E-05 0.58346 0.097806 9.98418E-05 9.98418E-05 9.98418E-05 0.260375 9.98418E-05 9.98418E-05 0.0347988 9.98418E-05 0.0217635 9.98418E-05 9.98418E-05 9.98418E-05 9.98418E-05 9.98418E-05 9.98418E-05 9.98418E-05 9.98418E-05 9.98418E-05 9.98418E-05
9.98074E-05 9.98074E-05 0.997804 9.98074E-05 9.98074E-05 9.98074E-05 9.98074E-05 9.98074E-05 9.98074E-05 9.98074E-05 9.98074E-05 9.98074E-05 9.98074E-05 9.98074E-05 9.98074E-05 9.98074E-05 9.98074E-05 9.98074E-05 9.98074E-05 9.98074E-05 9.98074E-05 9.98074E-05 9.98074E-05
9.98593E-05 9.98593E-05 0.459582 9.98593E-05 0.0974361 9.98593E-05 9.98593E-05 0.00573151 9.98593E-05 9.98593E-05 9.98593E-05 0.0351503 9.98593E-05 9.98593E-05 9.98593E-05 9.98593E-05 9.98593E-05 9.98593E-05 0.258346 9.98593E-05 0.0110839 0.131073 9.98593E-05
9.9842E-05 9.9842E-05 0.638446 9.9842E-05 9.9842E-05 0.044071 9.9842E-05 0.0450191 9.9842E-05 9.9842E-05 0.243731 9.9842E-05 9.9842E-05 9.9842E-05 9.9842E-05 9.9842E-05 9.9842E-05 9.9842E-05 0.0269355 9.9842E-05 9.9842E-05 9.9842E-05 9.9842E-05
0.0650816 0.0471095 0.51776 9.98596E-05 0.236598 9.98596E-05 0.0700612 9.98596E-05 0.0208094 9.98596E-05 9.98596E-05 9.98596E-05 9.98596E-05 9.98596E-05 9.98596E-05 9.98596E-05 0.0409833 9.98596E-05 9.98596E-05 9.98596E-05 9.98596E-05 9.98596E-05 9.98596E-05
9.98418E-05 9.98418E-05 0.738775 9.98418E-05 9.98418E-05 9.98418E-05 9.98418E-05 0.0395536 9.98418E-05 9.98418E-05 9.98418E-05 9.98418E-05 0.184149 9.98418E-05 9.98418E-05 9.98418E-05 9.98418E-05 9.98418E-05 0.0025259 9.98418E-05 0.0331998 9.98418E-05 9.98418E-05
9.98335E-05 0.0259769 0.943931 9.98335E-05 9.98335E-05 9.98335E-05 9.98335E-05 0.016491 9.98335E-05 9.98335E-05 9.98335E-05 9.98335E-05 9.98335E-05 9.98335E-05 9.98335E-05 9.98335E-05 9.98335E-05 0.0117047 9.98335E-05 9.98335E-05 9.98335E-05 9.98335E-05 9.98335E-05
0.026645 9.98247E-05 0.907051 9.98247E-05 9.98247E-05 9.98247E-05 9.98247E-05 9.98247E-05 0.0643075 9.98247E-05 9.98247E-05 9.98247E-05 9.98247E-05 9.98247E-05 9.98247E-05 9.98247E-05 9.98247E-05 9.98247E-05 9.98247E-05 9.98247E-05 9.98247E-05 9.98247E-05 9.98247E-05
9.98071E-05 9.98071E-05 0.997804 9.98071E-05 9.98071E-05 9.98071E-05 9.98071E-05 9.98071E-05 9.98071E-05 9.98071E-05 9.98071E-05 9.98071E-05 9.98071E-05 9.98071E-05 9.98071E-05 9.98071E-05 9.98071E-05 9.98071E-05 9.98071E-05 9.98071E-05 9.98071E-05 9.98071E-05 9.98071E-05
9.98333E-05 0.0203763 0.813503 9.98333E-05 9.98333E-05 9.98333E-05 9.98333E-05 0.0320094 0.132214 9.98333E-05 9.98333E-05 9.98333E-05 9.98333E-05 9.98333E-05 9.98333E-05 9.98333E-05 9.98333E-05 9.98333E-05 9.98333E-05 9.98333E-05 9.98333E-05 9.98333E-05 9.98333E-05
9.98336E-05 0.110413 0.599176 9.98336E-05 9.98336E-05 9.98336E-05 9.98336E-05 0.0997807 9.98336E-05 9.98336E-05 9.98336E-05 9.98336E-05 9.98336E-05 9.98336E-05 9.98336E-05 9.98336E-05 9.98336E-05 9.98336E-05 9.98336E-05 0.188733 9.98336E-05 9.98336E-05 9.98336E-05
9.98334E-05 0.112305 9.98334E-05 9.98334E-05 9.98334E-05 9.98334E-05 9.98334E-05 0.0649261 9.98334E-05 9.98334E-05 0.250583 9.98334E-05 9.98334E-05 9.98334E-05 9.98334E-05 9.98334E-05 9.98334E-05 9.98334E-05 9.98334E-05 9.98334E-05 9.98334E-05 0.57029 9.98334E-05
9.98421E-05 9.98421E-05 9.98421E-05 9.98421E-05 9.98421E-05 9.98421E-05 9.98421E-05 0.014128 9.98421E-05 9.98421E-05 0.316335 9.98421E-05 9.98421E-05 9.98421E-05 9.98421E-05 9.98421E-05 9.98421E-05 9.98421E-05 0.00318551 0.580423 9.98421E-05 0.0841316 9.98421E-05
9.98332E-05 9.98332E-05 9.98332E-05 9.98332E-05 9.98332E-05 9.98332E-05 9.98332E-05 0.00836156 9.98332E-05 9.98332E-05 0.795479 9.98332E-05 9.98332E-05 9.98332E-05 9.98332E-05 0.0570668 9.98332E-05 9.98332E-05 9.98332E-05 9.98332E-05 9.98332E-05 0.137195 9.98332E-05
9.98419E-05 9.98419E-05 9.98419E-05 9.98419E-05 9.98419E-05 9.98419E-05 9.98419E-05 0.141588 0.0356328 9.98419E-05 0.709932 9.98419E-05 9.98419E-05 9.98419E-05 9.98419E-05 0.0311662 9.98419E-05 9.98419E-05 9.98419E-05 9.98419E-05 9.98419E-05 0.0798833 9.98419E-05
9.98418E-05 0.124231 9.98418E-05 9.98418E-05 9.98418E-05 9.98418E-05 9.98418E-05 9.98418E-05 0.0137873 9.98418E-05 0.348667 9.98418E-05 9.98418E-05 9.98418E-05 9.98418E-05 0.0340775 9.98418E-05 9.98418E-05 9.98418E-05 9.98418E-05 9.98418E-05 0.477441 9.98418E-05
9.98596E-05 0.105704 9.98596E-05 9.98596E-05 9.98596E-05 9.98596E-05 9.98596E-05 0.111638 9.98596E-05 9.98596E-05 9.98596E-05 0.0362291 9.98596E-05 9.98596E-05 9.98596E-05 9.98596E-05 9.98596E-05 0.0175006 9.98596E-05 0.0208578 9.98596E-05 0.628157 0.0783155
9.98508E-05 0.0391336 9.98508E-05 9.98508E-05 9.98508E-05 9.98508E-05 9.98508E-05 0.0546571 0.0168999 9.98508E-05 0.857623 9.98508E-05 0.00786475 9.98508E-05 9.98508E-05 9.98508E-05 9.98508E-05 9.98508E-05 9.98508E-05 0.0221238 9.98508E-05 9.98508E-05 9.98508E-05
9.98157E-05 0.140671 9.98157E-05 9.98157E-05 9.98157E-05 9.98157E-05 9.98157E-05 9.98157E-05 9.98157E-05 9.98157E-05 0.857233 9.98157E-05 9.98157E-05 9.98157E-05 9.98157E-05 9.98157E-05 9.98157E-05 9.98157E-05 9.98157E-05 9.98157E-05 9.98157E-05 9.98157E-05 9.98157E-05
9.98243E-05 0.27072 9.98243E-05 9.98243E-05 9.98243E-05 9.98243E-05 9.98243E-05 9.98243E-05 9.98243E-05 9.98243E-05 0.460895 0.266388 9.98243E-05 9.98243E-05 9.98243E-05 9.98243E-05 9.98243E-05 9.98243E-05 9.98243E-05 9.98243E-05 9.98243E-05 9.98243E-05 9.98243E-05
9.98333E-05 0.193486 9.98333E-05 9.98333E-05 9.98333E-05 9.98333E-05 9.98333E-05 0.238951 9.98333E-05 9.98333E-05 0.500139 9.98333E-05 9.98333E-05 9.98333E-05 9.98333E-05 9.98333E-05 9.98333E-05 9.98333E-05 9.98333E-05 9.98333E-05 9.98333E-05 9.98333E-05 0.0655265
9.98508E-05 0.00793108 9.98508E-05 9.98508E-05 9.98508E-05 9.98508E-05 9.98508E-05 0.00614758 9.98508E-05 9.98508E-05 0.00656399 0.129594 9.98508E-05 9.98508E-05 9.98508E-05 9.98508E-05 9.98508E-05 0.451558 9.98508E-05 9.98508E-05 9.98508E-05 0.396507 9.98508E-05
9.98509E-05 9.98509E-05 9.98509E-05 9.98509E-05 9.98509E-05 9.98509E-05 9.98509E-05 0.0446457 9.98509E-05 9.98509E-05 0.272406 0.0297641 0.040719 9.98509E-05 9.98509E-05 9.98509E-05 9.98509E-05 0.158272 9.98509E-05 9.98509E-05 9.98509E-05 0.452497 9.98509E-05
9.98422E-05 0.11065 9.98422E-05 9.98422E-05 9.98422E-05 9.98422E-05 9.98422E-05 9.98422E-05 9.98422E-05 9.98422E-05 0.828706 9.98422E-05 9.98422E-05 9.98422E-05 9.98422E-05 0.0388383 9.98422E-05 9.98422E-05 9.98422E-05 0.0057231 9.98422E-05 9.98422E-05 0.0142862
9.98421E-05 0.162801 9.98421E-05 9.98421E-05 9.98421E-05 9.98421E-05 9.98421E-05 0.173493 9.98421E-05 9.98421E-05 0.288526 9.98421E-05 9.98421E-05 9.98421E-05 9.98421E-05 9.98421E-05 9.98421E-05 9.98421E-05 9.98421E-05 0.15723 9.98421E-05 0.216153 9.98421E-05
9.98596E-05 0.0336248 9.98596E-05 9.98596E-05 9.98596E-05 9.98596E-05 9.98596E-05 9.98596E-05 0.14543 9.98596E-05 0.7072 9.98596E-05 0.00147941 9.98596E-05 9.98596E-05 0.0239487 9.98596E-05 9.98596E-05 9.98596E-05 0.0336393 9.98596E-05 0.0530795 9.98596E-05
9.98731E-05 9.98731E-05 9.98731E-05 9.98731E-05 9.98731E-05 9.98731E-05 9.98731E-05 0.130654 9.98731E-05 9.98731E-05 0.130166 0.0677199 0.0064208 9.98731E-05 9.98731E-05 0.0365376 9.98731E-05 0.0790729 9.98731E-05 9.98731E-05 9.98731E-05 0.510543 0.0373878
9.98596E-05 0.00779643 9.98596E-05 9.98596E-05 9.98596E-05 9.98596E-05 9.98596E-05 0.0824268 9.98596E-05 9.98596E-05 0.404718 0.207094 9.98596E-05 0.0706512 9.98596E-05 9.98596E-05 9.98596E-05 0.0704028 9.98596E-05 9.98596E-05 9.98596E-05 0.155313 9.98596E-05
0.0419511 0.111541 9.9851E-05 9.9851E-05 9.9851E-05 9.9851E-05 9.9851E-05 9.9851E-05 9.9851E-05 9.9851E-05 0.257335 9.9851E-05 9.9851E-05 9.9851E-05 9.9851E-05 0.0924778 9.9851E-05 9.9851E-05 0.010836 9.9851E-05 9.9851E-05 0.484161 9.9851E-05
9.98246E-05 9.98246E-05 9.98246E-05 9.98246E-05 9.98246E-05 9.98246E-05 9.98246E-05 9.98246E-05 9.98246E-05 9.98246E-05 0.35945 9.98246E-05 0.0385441 9.98246E-05 9.98246E-05 9.98246E-05 9.98246E-05 9.98246E-05 9.98246E-05 9.98246E-05 9.98246E-05 0.60001 9.98246E-05
9.98947E-05 0.131594 0.137402 0.0188546 9.98947E-05 9.98947E-05 9.98947E-05 0.0702665 0.00117869 9.98947E-05 0.162882 9.98947E-05 0.00706095 0.0219836 9.98947E-05 9.98947E-05 9.98947E-05 0.16218 9.98947E-05 0.00193533 9.98947E-05 0.283464 9.98947E-05
9.98595E-05 0.0112776 9.98595E-05 9.98595E-05 9.98595E-05 9.98595E-05 9.98595E-05 0.0777138 9.98595E-05 9.98595E-05 9.98595E-05 0.120564 9.98595E-05 9.98595E-05 9.98595E-05 0.0135747 9.98595E-05 9.98595E-05 9.98595E-05 0.0668359 9.98595E-05 0.660737 0.0476992
9.98333E-05 9.98333E-05 9.98333E-05 9.98333E-05 9.98333E-05 9.98333E-05 9.98333E-05 0.0683485 0.0163871 9.98333E-05 0.227046 9.98333E-05 9.98333E-05 9.98333E-05 9.98333E-05 9.98333E-05 9.98333E-05 9.98333E-05 9.98333E-05 9.98333E-05 9.98333E-05 0.686322 9.98333E-05
9.98683E-05 0.252834 9.98683E-05 0.00370574 0.0218571 9.98683E-05 9.98683E-05 0.187417 9.98683E-05 9.98683E-05 0.0114946 0.0133743 9.98683E-05 0.0265732 9.98683E-05 9.98683E-05 9.98683E-05 9.98683E-05 9.98683E-05 9.98683E-05 9.98683E-05 0.481246 9.98683E-05
9.98772E-05 0.030821 9.98772E-05 9.98772E-05 9.98772E-05 9.98772E-05 9.98772E-05 0.0849016 0.0178197 9.98772E-05 0.357985 9.98772E-05 9.98772E-05 9.98772E-05 9.98772E-05 0.00381973 0.021956 0.0781644 9.98772E-05 0.00399002 9.98772E-05 0.399145 9.98772E-05
9.98508E-05 0.217652 9.98508E-05 0.0534063 9.98508E-05 9.98508E-05 9.98508E-05 0.199675 9.98508E-05 9.98508E-05 9.98508E-05 0.0186566 9.98508E-05 0.0222764 9.98508E-05 9.98508E-05 9.98508E-05 9.98508E-05 9.98508E-05 9.98508E-05 9.98508E-05 0.486637 9.98508E-05
9.98509E-05 0.0949542 9.98509E-05 9.98509E-05 9.98509E-05 9.98509E-05 9.98509E-05 0.0920531 9.98509E-05 9.98509E-05 0.549698 0.0800678 9.98509E-05 9.98509E-05 9.98509E-05 9.98509E-05 9.98509E-05 0.0682156 9.98509E-05 0.113314 9.98509E-05 9.98509E-05 9.98509E-05
9.98508E-05 9.98508E-05 9.98508E-05 9.98508E-05 9.98508E-05 9.98508E-05 9.98508E-05 0.04474 9.98508E-05 9.98508E-05 9.98508E-05 9.98508E-05 9.98508E-05 9.98508E-05 9.98508E-05 0.00335843 0.0833047 9.98508E-05 9.98508E-05 0.600073 0.0296236 0.237202 9.98508E-05
9.98417E-05 0.0506177 9.98417E-05 9.98417E-05 0.0260144 9.98417E-05 9.98417E-05 0.0575891 9.98417E-05 9.98417E-05 0.737365 9.98417E-05 9.98417E-05 9.98417E-05 9.98417E-05 9.98417E-05 9.98417E-05 9.98417E-05 9.98417E-05 9.98417E-05 9.98417E-05 0.126617 9.98417E-05
9.98334E-05 0.306065 9.98334E-05 9.98334E-05 9.98334E-05 9.98334E-05 9.98334E-05 0.167574 9.98334E-05 9.98334E-05 0.0755457 9.98334E-05 9.98334E-05 9.98334E-05 9.98334E-05 9.98334E-05 9.98334E-05 9.98334E-05 9.98334E-05 9.98334E-05 9.98334E-05 0.448918 9.98334E-05
9.98508E-05 9.98508E-05 9.98508E-05 9.98508E-05 9.98508E-05 9.98508E-05 9.98508E-05 0.097959 9.98508E-05 9.98508E-05 0.15551 9.98508E-05 9.98508E-05 0.0818538 9.98508E-05 0.102847 9.98508E-05 9.98508E-05 9.98508E-05 0.130069 9.98508E-05 0.430063 9.98508E-05
9.98159E-05 9.98159E-05 9.98159E-05 9.98159E-05 9.98159E-05 9.98159E-05 9.98159E-05 0.133617 9.98159E-05 9.98159E-05 0.864287 9.98159E-05 9.98159E-05 9.98159E-05 9.98159E-05 9.98159E-05 9.98159E-05 9.98159E-05 9.98159E-05 9.98159E-05 9.98159E-05 9.98159E-05 9.98159E-05
9.98245E-05 9.98245E-05 9.98245E-05 0.0551388 9.98245E-05 9.98245E-05 9.98245E-05 9.98245E-05 9.98245E-05 9.98245E-05 0.905518 9.98245E-05 9.98245E-05 9.98245E-05 9.98245E-05 9.98245E-05 9.98245E-05 9.98245E-05 9.98245E-05 9.98245E-05 9.98245E-05 0.0373467 9.98245E-05
9.98507E-05 0.237953 9.98507E-05 9.98507E-05 9.98507E-05 9.98507E-05 9.98507E-05 0.0696909 9.98507E-05 9.98507E-05 0.305414 9.98507E-05 9.98507E-05 0.122452 9.98507E-05 0.157904 9.98507E-05 9.98507E-05 9.98507E-05 9.98507E-05 9.98507E-05 0.10489 9.98507E-05
9.98419E-05 9.98419E-05 9.98419E-05 9.98419E-05 9.98419E-05 0.0197221 9.98419E-05 0.0732539 9.98419E-05 9.98419E-05 0.808522 9.98419E-05 9.98419E-05 9.98419E-05 9.98419E-05 9.98419E-05 9.98419E-05 9.98419E-05 0.0476102 9.98419E-05 9.98419E-05 0.0490952 9.98419E-05
9.98245E-05 9.98245E-05 9.98245E-05 9.98245E-05 9.98245E-05 9.98245E-05 9.98245E-05 9.98245E-05 9.98245E-05 9.98245E-05 0.916064 9.98245E-05 9.98245E-05 9.98245E-05 9.98245E-05 9.98245E-05 9.98245E-05 9.98245E-05 9.98245E-05 0.0118027 9.98245E-05 9.98245E-05 0.0701367
9.98507E-05 0.065501 9.98507E-05 9.98507E-05 9.98507E-05 9.98507E-05 9.98507E-05 9.98507E-05 9.98507E-05 9.98507E-05 0.45856 9.98507E-05 0.0318902 9.98507E-05 9.98507E-05 9.98507E-05 9.98507E-05 0.145866 9.98507E-05 9.98507E-05 9.98507E-05 0.252506 0.0439786
9.98506E-05 0.0299706 9.98506E-05 9.98506E-05 9.98506E-05 9.98506E-05 9.98506E-05 0.221398 0.0242409 9.98506E-05 0.543992 9.98506E-05 0.00354734 9.98506E-05 9.98506E-05 9.98506E-05 9.98506E-05 9.98506E-05 9.98506E-05 9.98506E-05 9.98506E-05 0.175154 9.98506E-05
9.98683E-05 0.0278585 9.98683E-05 9.98683E-05 9.98683E-05 9.98683E-05 0.0286195 9.98683E-05 9.98683E-05 9.98683E-05 9.98683E-05 9.98683E-05 9.98683E-05 0.0683372 9.98683E-05 0.00161372 9.98683E-05 0.0419831 9.98683E-05 0.561063 0.0120976 0.25693 9.98683E-05
9.98596E-05 0.0188486 9.98596E-05 9.98596E-05 9.98596E-05 9.98596E-05 9.98596E-05 0.10741 0.0146749 9.98596E-05 0.165611 9.98596E-05 0.0388973 9.98596E-05 9.98596E-05 9.98596E-05 9.98596E-05 9.98596E-05 9.98596E-05 0.293953 9.98596E-05 0.359007 9.98596E-05
9.98245E-05 9.98245E-05 9.98245E-05 9.98245E-05 9.98245E-05 9.98245E-05 9.98245E-05 9.98245E-05 9.98245E-05 9.98245E-05 0.514174 9.98245E-05 9.98245E-05 9.98245E-05 9.98245E-05 0.0355299 9.98245E-05 9.98245E-05 9.98245E-05 0.4483 9.98245E-05 9.98245E-05 9.98245E-05
9.98509E-05 0.00902856 9.98509E-05 9.98509E-05 9.98509E-05 9.98509E-05 9.98509E-05 9.98509E-05 0.0531944 9.98509E-05 0.299821 9.98509E-05 9.98509E-05 0.00170167 9.98509E-05 9.98509E-05 9.98509E-05 0.59828 9.98509E-05 9.98509E-05 9.98509E-05 0.0362775 9.98509E-05
9.9842E-05 0.100657 9.9842E-05 9.9842E-05 9.9842E-05 9.9842E-05 9.9842E-05 0.246152 9.9842E-05 9.9842E-05 0.127623 0.110371 9.9842E-05 9.9842E-05 9.9842E-05 9.9842E-05 9.9842E-05 9.9842E-05 9.9842E-05 9.9842E-05 9.9842E-05 0.413399 9.9842E-05
9.98421E-05 0.0741789 9.98421E-05 9.98421E-05 9.98421E-05 0.121474 9.98421E-05 9.98421E-05 9.98421E-05 9.98421E-05 0.139576 9.98421E-05 9.98421E-05 9.98421E-05 9.98421E-05 9.98421E-05 9.98421E-05 9.98421E-05 0.0356236 9.98421E-05 9.98421E-05 0.62735 9.98421E-05
9.98422E-05 0.14081 9.98422E-05 9.98422E-05 9.98422E-05 9.98422E-05 9.98422E-05 0.087337 9.98422E-05 9.98422E-05 9.98422E-05 9.98422E-05 9.98422E-05 0.0177877 9.98422E-05 9.98422E-05 9.98422E-05 0.660149 9.98422E-05 9.98422E-05 9.98422E-05 0.0921198 9.98422E-05
9.98246E-05 9.98246E-05 9.98246E-05 9.98246E-05 9.98246E-05 9.98246E-05 9.98246E-05 0.0150987 9.98246E-05 9.98246E-05 0.433371 9.98246E-05 9.98246E-05 9.98246E-05 9.98246E-05 9.98246E-05 9.98246E-05 0.549534 9.98246E-05 9.98246E-05 9.98246E-05 9.98246E-05 9.98246E-05
9.98507E-05 0.162254 9.98507E-05 9.98507E-05 9.98507E-05 9.98507E-05 9.98507E-05 9.98507E-05 9.98507E-05 9.98507E-05 0.500229 0.142312 9.98507E-05 0.0844155 9.98507E-05 0.0402756 9.98507E-05 9.98507E-05 9.98507E-05 9.98507E-05 9.98507E-05 0.0688157 9.98507E-05
9.98509E-05 0.0505726 0.162597 9.98509E-05 9.98509E-05 9.98509E-05 9.98509E-05 0.106475 0.0314054 9.98509E-05 0.638648 0.00860415 9.98509E-05 9.98509E-05 9.98509E-05 9.98509E-05 9.98509E-05 9.98509E-05 9.98509E-05 9.98509E-05 9.98509E-05 9.98509E-05 9.98509E-05
9.98598E-05 0.110111 9.98598E-05 9.98598E-05 9.98598E-05 9.98598E-05 9.98598E-05 0.0202263 9.98598E-05 9.98598E-05 0.383268 0.118821 9.98598E-05 9.98598E-05 9.98598E-05 9.98598E-05 0.125136 9.98598E-05 0.0462792 9.98598E-05 9.98598E-05 0.194561 9.98598E-05
9.98684E-05 0.199817 9.98684E-05 9.98684E-05 9.98684E-05 9.98684E-05 9.98684E-05 0.132001 9.98684E-05 9.98684E-05 0.140441 9.98684E-05 0.0114051 0.0428287 9.98684E-05 9.98684E-05 9.98684E-05 9.98684E-05 0.150362 9.98684E-05 0.00651147 0.315135 9.98684E-05
9.98157E-05 9.98157E-05 9.98157E-05 9.98157E-05 9.98157E-05 9.98157E-05 9.98157E-05 9.98157E-05 9.98157E-05 9.98157E-05 0.389697 9.98157E-05 9.98157E-05 9.98157E-05 9.98157E-05 9.98157E-05 9.98157E-05 9.98157E-05 9.98157E-05 0.608207 9.98157E-05 9.98157E-05 9.98157E-05
0.0130351 9.98419E-05 9.98419E-05 9.98419E-05 9.98419E-05 9.98419E-05 9.98419E-05 0.0732605 9.98419E-05 9.98419E-05 0.576013 9.98419E-05 9.98419E-05 9.98419E-05 9.98419E-05 9.98419E-05 9.98419E-05 9.98419E-05 9.98419E-05 9.98419E-05 9.98419E-05 0.210036 0.125858
9.98506E-05 0.117784 9.98506E-05 9.98506E-05 9.98506E-05 9.98506E-05 9.98506E-05 9.98506E-05 9.98506E-05 9.98506E-05 0.0435777 0.0518377 9.98506E-05 9.98506E-05 9.98506E-05 0.00832268 9.98506E-05 9.98506E-05 9.98506E-05 0.723501 9.98506E-05 0.0532792 9.98506E-05
9.98422E-05 9.98422E-05 9.98422E-05 9.98422E-05 9.98422E-05 9.98422E-05 9.98422E-05 0.0300876 9.98422E-05 9.98422E-05 9.98422E-05 9.98422E-05 0.0964267 9.98422E-05 9.98422E-05 0.0196709 9.98422E-05 9.98422E-05 9.98422E-05 0.187824 9.98422E-05 0.664193 9.98422E-05
9.98333E-05 0.0581256 9.98333E-05 0.0811817 9.98333E-05 9.98333E-05 9.98333E-05 9.98333E-05 9.98333E-05 9.98333E-05 0.112134 9.98333E-05 9.98333E-05 9.98333E-05 9.98333E-05 9.98333E-05 9.98333E-05 9.98333E-05 9.98333E-05 9.98333E-05 9.98333E-05 0.746661 9.98333E-05
9.98419E-05 9.98419E-05 9.98419E-05 9.98419E-05 9.98419E-05 9.98419E-05 9.98419E-05 9.98419E-05 0.000214153 9.98419E-05 0.826285 9.98419E-05 0.0138688 9.98419E-05 9.98419E-05 9.98419E-05 9.98419E-05 9.98419E-05 9.98419E-05 9.98419E-05 9.98419E-05 0.0528301 0.105005
9.9842E-05 0.25005 9.9842E-05 9.9842E-05 9.9842E-05 9.9842E-05 9.9842E-05 0.127919 9.9842E-05 9.9842E-05 0.308039 0.163992 9.9842E-05 9.9842E-05 9.9842E-05 9.9842E-05 9.9842E-05 9.9842E-05 9.9842E-05 9.9842E-05 9.9842E-05 0.148202 9.9842E-05
9.9842E-05 0.0757808 9.9842E-05 9.9842E-05 9.9842E-05 9.9842E-05 9.9842E-05 0.0904302 9.9842E-05 9.9842E-05 0.355215 9.9842E-05 9.9842E-05 9.9842E-05 9.9842E-05 0.0394776 9.9842E-05 9.9842E-05 9.9842E-05 9.9842E-05 9.9842E-05 0.437299 9.9842E-05
9.98244E-05 9.98244E-05 9.98244E-05 9.98244E-05 9.98244E-05 9.98244E-05 9.98244E-05 9.98244E-05 9.98244E-05 9.98244E-05 0.924378 9.98244E-05 0.0504001 9.98244E-05 9.98244E-05 9.98244E-05 9.98244E-05 9.98244E-05 9.98244E-05 9.98244E-05 9.98244E-05 0.0232253 9.98244E-05
9.98509E-05 9.98509E-05 9.98509E-05 9.98509E-05 9.98509E-05 9.98509E-05 9.98509E-05 0.0421331 9.98509E-05 9.98509E-05 0.160174 9.98509E-05 9.98509E-05 0.150766 9.98509E-05 9.98509E-05 9.98509E-05 0.0535865 9.98509E-05 9.98509E-05 9.98509E-05 0.58962 0.00202272
9.98508E-05 0.1289 9.98508E-05 9.98508E-05 9.98508E-05 9.98508E-05 9.98508E-05 0.0129133 9.98508E-05 9.98508E-05 0.383753 0.093281 9.98508E-05 9.98508E-05 9.98508E-05 9.98508E-05 9.98508E-05 9.98508E-05 9.98508E-05 0.129291 9.98508E-05 0.250164 9.98508E-05
9.98067E-05 9.98067E-05 9.98067E-05 9.98067E-05 9.98067E-05 9.98067E-05 9.98067E-05 0.997804 9.98067E-05 9.98067E-05 9.98067E-05 9.98067E-05 9.98067E-05 9.98067E-05 9.98067E-05 9.98067E-05 9.98067E-05 9.98067E-05 9.98067E-05 9.98067E-05 9.98067E-05 9.98067E-05 9.98067E-05
9.98066E-05 0.997804 9.98066E-05 9.98066E-05 9.98066E-05 9.98066E-05 9.98066E-05 9.98066E-05 9.98066E-05 9.98066E-05 9.98066E-05 9.98066E-05 9.98066E-05 9.98066E-05 9.98066E-05 9.98066E-05 9.98066E-05 9.98066E-05 9.98066E-05 9.98066E-05 9.98066E-05 9.98066E-05 9.98066E-05
9.98066E-05 9.98066E-05 9.98066E-05 9.98066E-05 9.98066E-05 9.98066E-05 9.98066E-05 0.997804 9.98066E-05 9.98066E-05 9.98066E-05 9.98066E-05 9.98066E-05 9.98066E-05 9.98066E-05 9.98066E-05 9.98066E-05 9.98066E-05 9.98066E-05 9.98066E-05 9.98066E-05 9.98066E-05 9.98066E-05
9.98067E-05 0.997804 9.98067E-05 9.98067E-05 9.98067E-05 9.98067E-05 9.98067E-05 9.98067E-05 9.98067E-05 9.98067E-05 9.98067E-05 9.98067E-05 9.98067E-05 9.98067E-05 9.98067E-05 9.98067E-05 9.98067E-05 9.98067E-05 9.98067E-05 9.98067E-05 9.98067E-05 9.98067E-05 9.98067E-05
