9.99736E-05 0.0218227 0.267934 9.99736E-05 0.0289006 0.116201 0.0684952 0.494885 0.00146116 9.99736E-05
9.99473E-05 0.0516404 0.207643 9.99473E-05 9.99473E-05 9.99473E-05 9.99473E-05 0.718979 0.0211379 9.99473E-05
0.0140318 9.99385E-05 9.99385E-05 9.99385E-05 9.99385E-05 9.99385E-05 9.99385E-05 0.933711 9.99385E-05 0.0515578
9.99736E-05 0.00412813 0.129505 9.99736E-05 0.0310383 0.185713 9.99736E-05 0.335908 0.109579 0.203829
9.99298E-05 9.99298E-05 9.99298E-05 9.99298E-05 9.99298E-05 9.99298E-05 9.99298E-05 0.857261 9.99298E-05 0.14194
9.99649E-05 9.99649E-05 0.156144 0.0869778 0.16614 9.99649E-05 0.0491885 0.242889 9.99649E-05 0.298261
0.0715601 9.99649E-05 0.223902 9.99649E-05 9.99649E-05 0.161298 9.99649E-05 0.346429 0.148443 0.0479693
0.0220736 9.99825E-05 0.0110177 9.99825E-05 0.172248 0.0534155 0.0720994 0.258882 0.0434982 0.366566
9.99561E-05 9.99561E-05 0.273681 9.99561E-05 0.238867 9.99561E-05 9.99561E-05 0.217649 0.0561641 0.21314
9.99297E-05 9.99297E-05 9.99297E-05 9.99297E-05 9.99297E-05 9.99297E-05 0.0203145 0.978886 9.99297E-05 9.99297E-05
9.99561E-05 0.00401631 0.24779 9.99561E-05 0.0110347 9.99561E-05 9.99561E-05 0.569835 0.166824 9.99561E-05
0.0161473 0.00870943 9.99561E-05 9.99561E-05 9.99561E-05 9.99561E-05 9.99561E-05 0.918897 0.0232692 0.0324775
9.99385E-05 9.99385E-05 9.99385E-05 9.99385E-05 0.0520772 9.99385E-05 9.99385E-05 0.890353 9.99385E-05 0.0568702
0.0688869 9.99474E-05 9.99474E-05 0.11721 9.99474E-05 9.99474E-05 9.99474E-05 0.735851 0.0774525 9.99474E-05
9.99561E-05 9.99561E-05 0.238548 0.0801306 0.208344 0.0854784 9.99561E-05 0.386999 9.99561E-05 9.99561E-05
0.115355 9.99824E-05 0.182157 0.0124027 0.18751 0.136515 9.99824E-05 0.280203 0.0158622 0.0697963
0.00212646 9.99737E-05 0.174791 0.0653011 9.99737E-05 0.0704249 0.0394006 0.609601 0.0380546 9.99737E-05
9.99649E-05 0.136505 0.27834 9.99649E-05 0.0701081 9.99649E-05 0.215834 0.274789 9.99649E-05 0.0240249
9.99736E-05 0.0397639 0.327851 9.99736E-05 0.215462 0.0294117 0.0212424 0.353857 9.99736E-05 0.0121129
9.99385E-05 0.115689 0.0014609 9.99385E-05 9.99385E-05 9.99385E-05 9.99385E-05 0.882151 9.99385E-05 9.99385E-05
0.0056341 0.0212827 0.0470088 9.99912E-05 0.0136744 0.0807763 0.0332902 0.492749 0.0847021 0.220782
9.99386E-05 9.99386E-05 9.99386E-05 9.99386E-05 0.25827 9.99386E-05 9.99386E-05 0.302145 9.99386E-05 0.438886
9.99473E-05 9.99473E-05 0.321063 0.00723893 9.99473E-05 9.99473E-05 9.99473E-05 0.62199 0.049108 9.99473E-05
0.136691 9.99473E-05 0.37137 9.99473E-05 9.99473E-05 0.0568376 9.99473E-05 0.434503 9.99473E-05 9.99473E-05
9.99736E-05 0.113743 0.248911 0.119183 0.0813488 0.109557 9.99736E-05 0.290852 0.0361068 9.99736E-05
9.99736E-05 9.99736E-05 0.107754 0.0794004 0.0130635 0.0157582 9.99736E-05 0.696994 0.0380733 0.0486565
0.0964748 9.99737E-05 0.329452 0.161775 0.0510471 9.99737E-05 0.189953 0.108335 0.0626636 9.99737E-05
9.99386E-05 9.99386E-05 0.0572222 9.99386E-05 9.99386E-05 0.145896 9.99386E-05 0.796183 9.99386E-05 9.99386E-05
9.99561E-05 0.0344677 0.296313 0.0123317 9.99561E-05 9.99561E-05 9.99561E-05 0.652482 0.00390587 9.99561E-05
9.99561E-05 9.99561E-05 0.0564003 0.0521121 0.0163108 9.99561E-05 9.99561E-05 0.806534 0.0681433 9.99561E-05
9.99474E-05 9.99474E-05 0.105602 9.99474E-05 9.99474E-05 9.99474E-05 0.156251 0.655098 0.0824491 9.99474E-05
9.99649E-05 9.99649E-05 0.151958 0.19146 9.99649E-05 0.000777838 9.99649E-05 0.516888 0.0777668 0.0607507
0.111217 9.9956E-05 0.131362 9.9956E-05 0.0254485 9.9956E-05 9.9956E-05 0.599249 0.132224 9.9956E-05
0.0553105 9.99824E-05 0.0619883 0.218012 9.99824E-05 0.0610226 0.0439772 0.496606 0.035856 0.0270282
9.99474E-05 0.0317348 0.0506526 9.99474E-05 9.99474E-05 9.99474E-05 9.99474E-05 0.822509 0.0945044 9.99474E-05
9.99561E-05 9.99561E-05 0.0748176 9.99561E-05 0.0265123 0.158131 9.99561E-05 0.707695 0.0323447 9.99561E-05
0.0696599 9.99474E-05 9.99474E-05 9.99474E-05 9.99474E-05 9.99474E-05 9.99474E-05 0.869857 0.0397224 0.0201612
9.99473E-05 0.0813012 0.104923 9.99473E-05 0.171042 9.99473E-05 9.99473E-05 0.642135 9.99473E-05 9.99473E-05
9.99561E-05 9.99561E-05 0.277576 0.0837658 9.99561E-05 9.99561E-05 9.99561E-05 0.547391 0.00490445 0.0858637
0.202208 9.99561E-05 9.99561E-05 0.1636 0.0404026 9.99561E-05 9.99561E-05 0.547963 9.99561E-05 0.0453261
9.99561E-05 9.99561E-05 0.0610985 9.99561E-05 0.00754251 0.0894881 9.99561E-05 0.765854 0.075517 9.99561E-05
0.0218583 9.99561E-05 0.285135 9.99561E-05 0.0607994 0.00453331 9.99561E-05 0.627174 9.99561E-05 9.99561E-05
0.00719476 9.99385E-05 9.99385E-05 0.071367 9.99385E-05 9.99385E-05 9.99385E-05 0.920739 9.99385E-05 9.99385E-05
9.99649E-05 9.99649E-05 0.297788 9.99649E-05 0.0876366 0.0517766 0.0376978 0.389422 0.135279 9.99649E-05
9.99737E-05 0.0133013 0.239106 9.99737E-05 0.0442277 0.137485 9.99737E-05 0.332564 0.0885977 0.144419
9.99648E-05 0.0866606 9.99648E-05 9.99648E-05 0.0187573 0.0100774 0.0461917 0.771963 9.99648E-05 0.0659504
9.99736E-05 0.0226809 0.076317 9.99736E-05 0.0450395 0.0109947 0.0150237 0.829179 0.000465139 9.99736E-05
9.99473E-05 0.0536765 0.0456491 9.99473E-05 9.99473E-05 9.99473E-05 0.0410676 0.859007 9.99473E-05 9.99473E-05
0.0176238 9.9956E-05 0.134651 9.9956E-05 9.9956E-05 9.9956E-05 9.9956E-05 0.679331 0.0743154 0.0935787
0.0676434 9.99474E-05 9.99474E-05 9.99474E-05 0.0178008 9.99474E-05 9.99474E-05 0.763547 9.99474E-05 0.150409
9.99824E-05 0.0104047 0.334185 0.0875905 0.0382712 0.0558673 9.99824E-05 0.304781 0.133154 0.0355466
9.99561E-05 0.0315726 9.99561E-05 9.99561E-05 0.0577116 0.196868 9.99561E-05 0.673468 9.99561E-05 0.0398803
9.99298E-05 9.99298E-05 9.99298E-05 9.99298E-05 9.99298E-05 9.99298E-05 0.058335 0.940866 9.99298E-05 9.99298E-05
0.193028 0.0784469 9.99649E-05 9.99649E-05 0.0256635 9.99649E-05 9.99649E-05 0.573564 0.0285958 0.100302
0.108207 0.0253274 0.0905551 9.99649E-05 9.99649E-05 0.00532039 9.99649E-05 0.729492 9.99649E-05 0.0406974
9.99474E-05 9.99474E-05 9.99474E-05 0.0633081 9.99474E-05 9.99474E-05 9.99474E-05 0.677578 0.0641331 0.194381
9.99561E-05 9.99561E-05 0.0541881 9.99561E-05 0.00835598 9.99561E-05 0.121802 0.761408 9.99561E-05 0.0537465
9.99473E-05 9.99473E-05 9.99473E-05 9.99473E-05 9.99473E-05 0.0742748 0.0174746 0.856719 0.0509316 9.99473E-05
9.99386E-05 9.99386E-05 0.0770848 9.99386E-05 0.0443147 9.99386E-05 9.99386E-05 0.877901 9.99386E-05 9.99386E-05
0.0395711 9.99825E-05 0.672967 0.0321462 0.0580862 0.00884373 0.0633655 0.0452986 0.079522 9.99825E-05
0.0414558 9.99562E-05 0.411021 9.99562E-05 9.99562E-05 0.159379 9.99562E-05 0.338867 0.048778 9.99562E-05
0.0593162 9.99737E-05 0.331458 0.0300213 0.0506316 9.99737E-05 0.152993 0.348717 0.0265621 9.99737E-05
9.99562E-05 9.99562E-05 0.523205 0.235532 0.176458 9.99562E-05 0.0597914 9.99562E-05 0.00451294 9.99562E-05
0.105276 0.0118583 0.446964 9.99824E-05 0.0708522 0.0774816 0.0549131 0.137575 0.0948811 9.99824E-05
9.99561E-05 9.99561E-05 0.681927 9.99561E-05 0.077134 0.0330612 0.110529 9.99561E-05 0.0968498 9.99561E-05
0.0100245 9.99562E-05 0.802623 9.99562E-05 0.0623283 0.0404139 9.99562E-05 9.99562E-05 0.0841106 9.99562E-05
9.99473E-05 9.99473E-05 0.503263 9.99473E-05 0.188954 9.99473E-05 0.272781 9.99473E-05 0.0344025 9.99473E-05
9.99474E-05 9.99474E-05 0.583104 0.123156 9.99474E-05 9.99474E-05 0.130064 0.163077 9.99474E-05 9.99474E-05
9.99561E-05 9.99561E-05 0.425289 9.99561E-05 0.0652893 0.00756967 9.99561E-05 0.310704 0.190649 9.99561E-05
9.99561E-05 0.00219266 0.687636 9.99561E-05 0.0534159 9.99561E-05 0.0484851 9.99561E-05 0.207771 9.99561E-05
0.231471 9.99649E-05 0.51194 9.99649E-05 9.99649E-05 9.99649E-05 0.0263924 0.00503687 0.137014 0.0877468
0.129246 9.99736E-05 0.32418 0.0402553 0.15614 9.99736E-05 0.0258466 9.99736E-05 0.151397 0.172635
0.0394759 9.99473E-05 0.764543 9.99473E-05 9.99473E-05 9.99473E-05 9.99473E-05 0.0122832 9.99473E-05 0.183099
0.0887281 9.99737E-05 0.27564 0.198918 0.0297177 9.99737E-05 0.0103935 0.269123 0.12718 9.99737E-05
9.99649E-05 9.99649E-05 0.412883 0.13096 0.037279 0.0147483 9.99649E-05 0.277611 0.126119 9.99649E-05
0.0922971 9.99649E-05 0.464015 0.108063 0.0237634 9.99649E-05 0.0523471 9.99649E-05 9.99649E-05 0.259114
9.99649E-05 9.99649E-05 0.429415 9.99649E-05 0.0959737 0.156608 0.0306134 0.0565439 0.230446 9.99649E-05
0.0662491 0.00359032 0.358602 9.99737E-05 0.0605595 9.99737E-05 0.16961 0.217393 0.123696 9.99737E-05
0.2566 0.0113021 0.681955 9.99561E-05 9.99561E-05 9.99561E-05 0.0464136 9.99561E-05 0.00322925 9.99561E-05
0.0844034 9.99737E-05 0.483986 0.0301771 9.99737E-05 9.99737E-05 0.00343296 0.346308 0.00868363 0.0427091
0.136878 9.99737E-05 0.622633 9.99737E-05 0.044128 0.0238779 0.0525114 0.109724 0.00994758 9.99737E-05
0.0448471 9.99737E-05 0.390766 0.312834 0.00733065 9.99737E-05 0.0568392 0.136291 0.0507923 9.99737E-05
0.0329545 9.99912E-05 0.304835 0.0813438 0.0504352 0.152044 0.105654 0.149609 0.0612685 0.061756
9.99561E-05 9.99561E-05 0.346013 0.0528197 0.0748927 9.99561E-05 9.99561E-05 0.25476 0.271015 9.99561E-05
9.9965E-05 9.9965E-05 0.465775 0.103446 0.054895 9.9965E-05 9.9965E-05 0.319767 0.027045 0.0286726
0.039267 9.99649E-05 0.370991 0.0722292 0.00455822 9.99649E-05 0.0967495 0.415805 9.99649E-05 9.99649E-05
0.0582483 9.9965E-05 0.600933 9.9965E-05 9.9965E-05 0.0324102 0.0925079 0.211822 0.00367823 9.9965E-05
9.99474E-05 9.99474E-05 0.369352 9.99474E-05 0.108107 9.99474E-05 0.227655 0.294287 9.99474E-05 9.99474E-05
0.0871215 9.99825E-05 0.349436 0.132911 0.0522164 9.99825E-05 0.00401039 0.299174 0.0163422 0.0585878
9.99473E-05 9.99473E-05 0.0213818 0.774222 0.189259 9.99473E-05 9.99473E-05 9.99473E-05 9.99473E-05 0.0145377
9.99299E-05 9.99299E-05 9.99299E-05 0.923531 0.0756698 9.99299E-05 9.99299E-05 9.99299E-05 9.99299E-05 9.99299E-05
9.9956E-05 9.9956E-05 0.126732 0.782462 9.9956E-05 9.9956E-05 0.00345146 9.9956E-05 0.0308718 0.0559836
9.99648E-05 0.00855101 0.124664 0.673893 0.0818384 9.99648E-05 0.0564159 9.99648E-05 0.0542379 9.99648E-05
0.00110806 0.0359605 9.99736E-05 0.63356 0.192194 0.0788302 0.0497524 9.99736E-05 0.00829428 9.99736E-05
9.99473E-05 9.99473E-05 0.196546 0.588381 0.192187 0.0222868 9.99473E-05 9.99473E-05 9.99473E-05 9.99473E-05
0.0142044 9.99649E-05 0.00271528 0.680159 0.166844 9.99649E-05 0.100801 9.99649E-05 0.0348755 9.99649E-05
9.99473E-05 0.0107195 0.00251821 0.694063 0.292099 9.99473E-05 9.99473E-05 9.99473E-05 9.99473E-05 9.99473E-05
9.99472E-05 9.99472E-05 0.23562 0.335755 0.41076 9.99472E-05 9.99472E-05 9.99472E-05 0.0172659 9.99472E-05
9.99561E-05 0.0264283 0.216044 0.441297 0.283603 9.99561E-05 9.99561E-05 9.99561E-05 0.0321279 9.99561E-05
9.99474E-05 9.99474E-05 0.0988428 0.813517 0.0684072 9.99474E-05 9.99474E-05 9.99474E-05 0.0186337 9.99474E-05
9.99385E-05 9.99385E-05 0.205209 0.710023 9.99385E-05 9.99385E-05 9.99385E-05 9.99385E-05 0.0840689 9.99385E-05
9.99298E-05 9.99298E-05 9.99298E-05 0.88906 0.110141 9.99298E-05 9.99298E-05 9.99298E-05 9.99298E-05 9.99298E-05
9.99386E-05 9.99386E-05 0.266241 0.597431 0.135628 9.99386E-05 9.99386E-05 9.99386E-05 9.99386E-05 9.99386E-05
0.0452532 0.0428447 9.99561E-05 0.61944 0.101194 9.99561E-05 0.190769 9.99561E-05 9.99561E-05 9.99561E-05
9.99473E-05 9.99473E-05 0.206512 0.653749 0.103658 9.99473E-05 9.99473E-05 9.99473E-05 0.035481 9.99473E-05
9.99473E-05 0.0420385 0.248569 0.594449 0.114343 9.99473E-05 9.99473E-05 9.99473E-05 9.99473E-05 9.99473E-05
0.0486758 9.99561E-05 9.99561E-05 0.710493 0.160291 9.99561E-05 9.99561E-05 9.99561E-05 0.0445811 0.0354594
9.99473E-05 9.99473E-05 9.99473E-05 0.876284 0.0607456 9.99473E-05 9.99473E-05 9.99473E-05 0.0485625 0.0138078
9.99561E-05 0.132166 0.0480067 0.679154 0.138346 0.0018274 9.99561E-05 9.99561E-05 9.99561E-05 9.99561E-05
9.99473E-05 9.99473E-05 0.129388 0.720776 0.0764764 9.99473E-05 9.99473E-05 9.99473E-05 9.99473E-05 0.0727598
9.99472E-05 9.99472E-05 9.99472E-05 0.800834 0.0999187 9.99472E-05 0.0502049 9.99472E-05 0.0484432 9.99472E-05
9.9956E-05 0.0972597 0.342337 0.337637 0.205643 9.9956E-05 9.9956E-05 9.9956E-05 9.9956E-05 0.0166237
9.99298E-05 9.99298E-05 9.99298E-05 0.776224 0.222976 9.99298E-05 9.99298E-05 9.99298E-05 9.99298E-05 9.99298E-05
9.99561E-05 0.0781056 0.350687 0.273814 0.226061 9.99561E-05 9.99561E-05 9.99561E-05 9.99561E-05 0.0708328
0.0210258 9.99474E-05 0.262758 0.54774 0.167877 9.99474E-05 9.99474E-05 9.99474E-05 9.99474E-05 9.99474E-05
9.99474E-05 0.02105 9.99474E-05 0.915001 9.99474E-05 0.0421981 9.99474E-05 0.021151 9.99474E-05 9.99474E-05
9.99384E-05 9.99384E-05 9.99384E-05 0.63514 0.1867 9.99384E-05 9.99384E-05 9.99384E-05 9.99384E-05 0.17746
9.99473E-05 0.0201219 0.278349 0.406576 0.294353 9.99473E-05 9.99473E-05 9.99473E-05 9.99473E-05 9.99473E-05
9.99561E-05 0.0870223 0.0727044 0.786966 0.0170006 9.99561E-05 9.99561E-05 9.99561E-05 0.0358072 9.99561E-05
0.00577385 9.99561E-05 0.231023 0.658421 0.0584197 9.99561E-05 9.99561E-05 9.99561E-05 0.0458632 9.99561E-05
9.99385E-05 0.110208 9.99385E-05 0.865873 9.99385E-05 9.99385E-05 0.0232197 9.99385E-05 9.99385E-05 9.99385E-05
9.99648E-05 0.200164 0.0610129 0.32935 0.343878 9.99648E-05 9.99648E-05 9.99648E-05 0.0475493 0.0176455
9.99473E-05 0.0687483 0.134522 0.626311 0.169819 9.99473E-05 9.99473E-05 9.99473E-05 9.99473E-05 9.99473E-05
9.99385E-05 0.00889626 9.99385E-05 0.977905 0.0124994 9.99385E-05 9.99385E-05 9.99385E-05 9.99385E-05 9.99385E-05
0.0613679 9.99561E-05 9.99561E-05 0.789987 0.110356 0.00746002 9.99561E-05 9.99561E-05 0.0303295 9.99561E-05
9.9956E-05 9.9956E-05 0.166773 0.566246 0.150562 9.9956E-05 0.113744 9.9956E-05 0.0021752 9.9956E-05
9.99298E-05 9.99298E-05 9.99298E-05 0.976548 0.0226523 9.99298E-05 9.99298E-05 9.99298E-05 9.99298E-05 9.99298E-05
9.99386E-05 0.0129849 9.99386E-05 0.968043 0.0182725 9.99386E-05 9.99386E-05 9.99386E-05 9.99386E-05 9.99386E-05
9.99299E-05 9.99299E-05 9.99299E-05 0.978011 9.99299E-05 9.99299E-05 9.99299E-05 9.99299E-05 0.0211899 9.99299E-05
9.99474E-05 0.0557477 9.99474E-05 0.907225 9.99474E-05 0.0182217 0.0182057 9.99474E-05 9.99474E-05 9.99474E-05
9.99472E-05 9.99472E-05 0.455221 0.356233 0.142967 9.99472E-05 9.99472E-05 9.99472E-05 9.99472E-05 0.0449783
9.99385E-05 9.99385E-05 9.99385E-05 0.697362 0.198752 9.99385E-05 9.99385E-05 9.99385E-05 9.99385E-05 0.103187
9.99386E-05 0.0228319 9.99386E-05 0.829934 0.146535 9.99386E-05 9.99386E-05 9.99386E-05 9.99386E-05 9.99386E-05
9.99299E-05 9.99299E-05 9.99299E-05 0.895272 9.99299E-05 9.99299E-05 9.99299E-05 0.103928 9.99299E-05 9.99299E-05
9.99736E-05 0.127679 0.275787 0.281158 0.306057 9.99736E-05 0.0046497 9.99736E-05 0.00200854 0.00235999
9.99561E-05 9.99561E-05 0.167066 0.600626 0.13733 9.99561E-05 0.0359973 9.99561E-05 0.0584815 9.99561E-05
0.131428 9.99649E-05 0.0861228 0.466603 0.217654 0.0827723 0.0150202 9.99649E-05 9.99649E-05 9.99649E-05
9.99561E-05 0.0827955 0.23049 0.329179 0.310313 9.99561E-05 9.99561E-05 9.99561E-05 0.0467222 9.99561E-05
9.99212E-05 9.99212E-05 9.99212E-05 0.999101 9.99212E-05 9.99212E-05 9.99212E-05 9.99212E-05 9.99212E-05 9.99212E-05
9.99648E-05 0.0223285 0.24619 0.467258 0.0166821 0.212886 9.99648E-05 9.99648E-05 0.0342548 9.99648E-05
9.99387E-05 9.99387E-05 0.0165721 0.901382 0.0813466 9.99387E-05 9.99387E-05 9.99387E-05 9.99387E-05 9.99387E-05
9.99473E-05 9.99473E-05 0.0789011 0.802662 0.0942524 9.99473E-05 9.99473E-05 9.99473E-05 0.0235852 9.99473E-05
0.225802 9.99561E-05 0.0125457 0.545089 0.172131 9.99561E-05 9.99561E-05 9.99561E-05 9.99561E-05 0.0439328
9.99736E-05 0.0261581 0.06045 0.708541 0.0363095 0.0450967 0.0474384 9.99736E-05 0.0757067 9.99736E-05
9.99385E-05 9.99385E-05 0.434265 0.289981 0.275055 9.99385E-05 9.99385E-05 9.99385E-05 9.99385E-05 9.99385E-05
9.99472E-05 9.99472E-05 0.206885 0.624914 0.122895 9.99472E-05 9.99472E-05 9.99472E-05 0.0447064 9.99472E-05
0.0528005 0.0417988 9.99648E-05 0.713268 0.102104 9.99648E-05 9.99648E-05 9.99648E-05 0.0616855 0.0279435
9.99473E-05 0.184939 0.0401638 0.747085 0.0272122 9.99473E-05 9.99473E-05 9.99473E-05 9.99473E-05 9.99473E-05
9.99298E-05 9.99298E-05 9.99298E-05 0.829419 0.169781 9.99298E-05 9.99298E-05 9.99298E-05 9.99298E-05 9.99298E-05
9.99207E-05 9.99207E-05 0.999101 9.99207E-05 9.99207E-05 9.99207E-05 9.99207E-05 9.99207E-05 9.99207E-05 9.99207E-05
9.99208E-05 9.99208E-05 9.99208E-05 9.99208E-05 0.999101 9.99208E-05 9.99208E-05 9.99208E-05 9.99208E-05 9.99208E-05
9.99207E-05 9.99207E-05 0.999101 9.99207E-05 9.99207E-05 9.99207E-05 9.99207E-05 9.99207E-05 9.99207E-05 9.99207E-05
9.99207E-05 9.99207E-05 9.99207E-05 9.99207E-05 0.999101 9.99207E-05 9.99207E-05 9.99207E-05 9.99207E-05 9.99207E-05
9.99208E-05 9.99208E-05 9.99208E-05 9.99208E-05 0.999101 9.99208E-05 9.99208E-05 9.99208E-05 9.99208E-05 9.99208E-05
9.99208E-05 9.99208E-05 9.99208E-05 9.99208E-05 0.999101 9.99208E-05 9.99208E-05 9.99208E-05 9.99208E-05 9.99208E-05
9.99208E-05 9.99208E-05 0.999101 9.99208E-05 9.99208E-05 9.99208E-05 9.99208E-05 9.99208E-05 9.99208E-05 9.99208E-05
9.99208E-05 9.99208E-05 9.99208E-05 9.99208E-05 0.999101 9.99208E-05 9.99208E-05 9.99208E-05 9.99208E-05 9.99208E-05
9.99208E-05 9.99208E-05 9.99208E-05 9.99208E-05 0.999101 9.99208E-05 9.99208E-05 9.99208E-05 9.99208E-05 9.99208E-05
9.99207E-05 9.99207E-05 0.999101 9.99207E-05 9.99207E-05 9.99207E-05 9.99207E-05 9.99207E-05 9.99207E-05 9.99207E-05
9.99296E-05 9.99296E-05 0.976493 9.99296E-05 0.0227075 9.99296E-05 9.99296E-05 9.99296E-05 9.99296E-05 9.99296E-05
9.99207E-05 9.99207E-05 0.999101 9.99207E-05 9.99207E-05 9.99207E-05 9.99207E-05 9.99207E-05 9.99207E-05 9.99207E-05
9.99208E-05 9.99208E-05 9.99208E-05 9.99208E-05 0.999101 9.99208E-05 9.99208E-05 9.99208E-05 9.99208E-05 9.99208E-05
9.99208E-05 9.99208E-05 9.99208E-05 9.99208E-05 0.999101 9.99208E-05 9.99208E-05 9.99208E-05 9.99208E-05 9.99208E-05
9.99295E-05 0.0328925 0.966308 9.99295E-05 9.99295E-05 9.99295E-05 9.99295E-05 9.99295E-05 9.99295E-05 9.99295E-05
9.99207E-05 9.99207E-05 0.999101 9.99207E-05 9.99207E-05 9.99207E-05 9.99207E-05 9.99207E-05 9.99207E-05 9.99207E-05
0.0892363 0.0643024 0.157588 0.457685 0.093313 0.137475 9.99648E-05 9.99648E-05 9.99648E-05 9.99648E-05
9.99207E-05 9.99207E-05 0.999101 9.99207E-05 9.99207E-05 9.99207E-05 9.99207E-05 9.99207E-05 9.99207E-05 9.99207E-05
9.99208E-05 9.99208E-05 9.99208E-05 9.99208E-05 0.999101 9.99208E-05 9.99208E-05 9.99208E-05 9.99208E-05 9.99208E-05
9.99207E-05 9.99207E-05 0.999101 9.99207E-05 9.99207E-05 9.99207E-05 9.99207E-05 9.99207E-05 9.99207E-05 9.99207E-05
9.99208E-05 9.99208E-05 0.999101 9.99208E-05 9.99208E-05 9.99208E-05 9.99208E-05 9.99208E-05 9.99208E-05 9.99208E-05
9.99207E-05 9.99207E-05 0.999101 9.99207E-05 9.99207E-05 9.99207E-05 9.99207E-05 9.99207E-05 9.99207E-05 9.99207E-05
9.99208E-05 9.99208E-05 9.99208E-05 9.99208E-05 0.999101 9.99208E-05 9.99208E-05 9.99208E-05 9.99208E-05 9.99208E-05
9.99296E-05 0.0223588 0.976842 9.99296E-05 9.99296E-05 9.99296E-05 9.99296E-05 9.99296E-05 9.99296E-05 9.99296E-05
9.99208E-05 9.99208E-05 9.99208E-05 9.99208E-05 0.999101 9.99208E-05 9.99208E-05 9.99208E-05 9.99208E-05 9.99208E-05
9.99208E-05 9.99208E-05 0.999101 9.99208E-05 9.99208E-05 9.99208E-05 9.99208E-05 9.99208E-05 9.99208E-05 9.99208E-05
9.99208E-05 9.99208E-05 0.999101 9.99208E-05 9.99208E-05 9.99208E-05 9.99208E-05 9.99208E-05 9.99208E-05 9.99208E-05
9.99208E-05 9.99208E-05 9.99208E-05 9.99208E-05 0.999101 9.99208E-05 9.99208E-05 9.99208E-05 9.99208E-05 9.99208E-05
9.99208E-05 9.99208E-05 9.99208E-05 9.99208E-05 0.999101 9.99208E-05 9.99208E-05 9.99208E-05 9.99208E-05 9.99208E-05
9.99208E-05 9.99208E-05 9.99208E-05 9.99208E-05 0.999101 9.99208E-05 9.99208E-05 9.99208E-05 9.99208E-05 9.99208E-05
9.99208E-05 9.99208E-05 0.999101 9.99208E-05 9.99208E-05 9.99208E-05 9.99208E-05 9.99208E-05 9.99208E-05 9.99208E-05
9.99207E-05 9.99207E-05 0.999101 9.99207E-05 9.99207E-05 9.99207E-05 9.99207E-05 9.99207E-05 9.99207E-05 9.99207E-05
9.99208E-05 9.99208E-05 0.999101 9.99208E-05 9.99208E-05 9.99208E-05 9.99208E-05 9.99208E-05 9.99208E-05 9.99208E-05
9.99207E-05 9.99207E-05 0.999101 9.99207E-05 9.99207E-05 9.99207E-05 9.99207E-05 9.99207E-05 9.99207E-05 9.99207E-05
9.99207E-05 9.99207E-05 0.999101 9.99207E-05 9.99207E-05 9.99207E-05 9.99207E-05 9.99207E-05 9.99207E-05 9.99207E-05
9.99207E-05 9.99207E-05 9.99207E-05 9.99207E-05 0.999101 9.99207E-05 9.99207E-05 9.99207E-05 9.99207E-05 9.99207E-05
9.99208E-05 9.99208E-05 9.99208E-05 9.99208E-05 0.999101 9.99208E-05 9.99208E-05 9.99208E-05 9.99208E-05 9.99208E-05
9.99208E-05 9.99208E-05 9.99208E-05 9.99208E-05 0.999101 9.99208E-05 9.99208E-05 9.99208E-05 9.99208E-05 9.99208E-05
9.99207E-05 9.99207E-05 0.999101 9.99207E-05 9.99207E-05 9.99207E-05 9.99207E-05 9.99207E-05 9.99207E-05 9.99207E-05
9.99208E-05 9.99208E-05 9.99208E-05 9.99208E-05 0.999101 9.99208E-05 9.99208E-05 9.99208E-05 9.99208E-05 9.99208E-05
9.99208E-05 9.99208E-05 9.99208E-05 9.99208E-05 0.999101 9.99208E-05 9.99208E-05 9.99208E-05 9.99208E-05 9.99208E-05
9.99208E-05 9.99208E-05 9.99208E-05 9.99208E-05 0.999101 9.99208E-05 9.99208E-05 9.99208E-05 9.99208E-05 9.99208E-05
9.99207E-05 9.99207E-05 9.99207E-05 9.99207E-05 0.999101 9.99207E-05 9.99207E-05 9.99207E-05 9.99207E-05 9.99207E-05
9.99207E-05 9.99207E-05 0.999101 9.99207E-05 9.99207E-05 9.99207E-05 9.99207E-05 9.99207E-05 9.99207E-05 9.99207E-05
9.99208E-05 9.99208E-05 9.99208E-05 9.99208E-05 0.999101 9.99208E-05 9.99208E-05 9.99208E-05 9.99208E-05 9.99208E-05
9.99208E-05 9.99208E-05 9.99208E-05 9.99208E-05 0.999101 9.99208E-05 9.99208E-05 9.99208E-05 9.99208E-05 9.99208E-05
0.0636477 0.0972824 0.167249 0.426525 0.115771 0.126904 0.0023213 9.99736E-05 9.99736E-05 9.99736E-05
9.99207E-05 9.99207E-05 0.999101 9.99207E-05 9.99207E-05 9.99207E-05 9.99207E-05 9.99207E-05 9.99207E-05 9.99207E-05
9.99208E-05 9.99208E-05 9.99208E-05 9.99208E-05 0.999101 9.99208E-05 9.99208E-05 9.99208E-05 9.99208E-05 9.99208E-05
9.99208E-05 9.99208E-05 9.99208E-05 9.99208E-05 0.999101 9.99208E-05 9.99208E-05 9.99208E-05 9.99208E-05 9.99208E-05
9.99208E-05 9.99208E-05 9.99208E-05 9.99208E-05 0.999101 9.99208E-05 9.99208E-05 9.99208E-05 9.99208E-05 9.99208E-05
9.99208E-05 9.99208E-05 9.99208E-05 9.99208E-05 0.999101 9.99208E-05 9.99208E-05 9.99208E-05 9.99208E-05 9.99208E-05
9.99207E-05 9.99207E-05 0.999101 9.99207E-05 9.99207E-05 9.99207E-05 9.99207E-05 9.99207E-05 9.99207E-05 9.99207E-05
9.99208E-05 9.99208E-05 9.99208E-05 9.99208E-05 0.999101 9.99208E-05 9.99208E-05 9.99208E-05 9.99208E-05 9.99208E-05
9.99207E-05 9.99207E-05 0.999101 9.99207E-05 9.99207E-05 9.99207E-05 9.99207E-05 9.99207E-05 9.99207E-05 9.99207E-05
9.99208E-05 9.99208E-05 9.99208E-05 9.99208E-05 0.999101 9.99208E-05 9.99208E-05 9.99208E-05 9.99208E-05 9.99208E-05
9.99207E-05 9.99207E-05 0.999101 9.99207E-05 9.99207E-05 9.99207E-05 9.99207E-05 9.99207E-05 9.99207E-05 9.99207E-05
9.99208E-05 9.99208E-05 9.99208E-05 9.99208E-05 0.999101 9.99208E-05 9.99208E-05 9.99208E-05 9.99208E-05 9.99208E-05
9.99208E-05 9.99208E-05 9.99208E-05 9.99208E-05 0.999101 9.99208E-05 9.99208E-05 9.99208E-05 9.99208E-05 9.99208E-05
9.99208E-05 9.99208E-05 9.99208E-05 9.99208E-05 0.999101 9.99208E-05 9.99208E-05 9.99208E-05 9.99208E-05 9.99208E-05
9.99208E-05 9.99208E-05 9.99208E-05 9.99208E-05 0.999101 9.99208E-05 9.99208E-05 9.99208E-05 9.99208E-05 9.99208E-05
9.99208E-05 9.99208E-05 9.99208E-05 9.99208E-05 0.999101 9.99208E-05 9.99208E-05 9.99208E-05 9.99208E-05 9.99208E-05
9.99208E-05 9.99208E-05 9.99208E-05 9.99208E-05 0.999101 9.99208E-05 9.99208E-05 9.99208E-05 9.99208E-05 9.99208E-05
9.99207E-05 9.99207E-05 0.999101 9.99207E-05 9.99207E-05 9.99207E-05 9.99207E-05 9.99207E-05 9.99207E-05 9.99207E-05
9.99208E-05 9.99208E-05 0.999101 9.99208E-05 9.99208E-05 9.99208E-05 9.99208E-05 9.99208E-05 9.99208E-05 9.99208E-05
9.99207E-05 9.99207E-05 0.999101 9.99207E-05 9.99207E-05 9.99207E-05 9.99207E-05 9.99207E-05 9.99207E-05 9.99207E-05
9.99208E-05 9.99208E-05 9.99208E-05 9.99208E-05 0.999101 9.99208E-05 9.99208E-05 9.99208E-05 9.99208E-05 9.99208E-05
9.99207E-05 9.99207E-05 0.999101 9.99207E-05 9.99207E-05 9.99207E-05 9.99207E-05 9.99207E-05 9.99207E-05 9.99207E-05
9.99207E-05 9.99207E-05 0.999101 9.99207E-05 9.99207E-05 9.99207E-05 9.99207E-05 9.99207E-05 9.99207E-05 9.99207E-05
9.99207E-05 9.99207E-05 0.999101 9.99207E-05 9.99207E-05 9.99207E-05 9.99207E-05 9.99207E-05 9.99207E-05 9.99207E-05
9.99207E-05 9.99207E-05 9.99207E-05 9.99207E-05 0.999101 9.99207E-05 9.99207E-05 9.99207E-05 9.99207E-05 9.99207E-05
9.99208E-05 9.99208E-05 9.99208E-05 9.99208E-05 0.999101 9.99208E-05 9.99208E-05 9.99208E-05 9.99208E-05 9.99208E-05
9.99208E-05 9.99208E-05 9.99208E-05 9.99208E-05 0.999101 9.99208E-05 9.99208E-05 9.99208E-05 9.99208E-05 9.99208E-05
9.99207E-05 9.99207E-05 0.999101 9.99207E-05 9.99207E-05 9.99207E-05 9.99207E-05 9.99207E-05 9.99207E-05 9.99207E-05
9.99208E-05 9.99208E-05 9.99208E-05 9.99208E-05 0.999101 9.99208E-05 9.99208E-05 9.99208E-05 9.99208E-05 9.99208E-05
9.99208E-05 9.99208E-05 9.99208E-05 9.99208E-05 0.999101 9.99208E-05 9.99208E-05 9.99208E-05 9.99208E-05 9.99208E-05
9.99296E-05 0.0307378 0.968463 9.99296E-05 9.99296E-05 9.99296E-05 9.99296E-05 9.99296E-05 9.99296E-05 9.99296E-05
9.99208E-05 9.99208E-05 9.99208E-05 9.99208E-05 0.999101 9.99208E-05 9.99208E-05 9.99208E-05 9.99208E-05 9.99208E-05
9.99208E-05 9.99208E-05 9.99208E-05 9.99208E-05 0.999101 9.99208E-05 9.99208E-05 9.99208E-05 9.99208E-05 9.99208E-05
0.032395 9.99648E-05 0.325196 0.358053 0.0430271 9.99648E-05 0.0862309 9.99648E-05 0.154697 9.99648E-05
9.99207E-05 9.99207E-05 0.999101 9.99207E-05 9.99207E-05 9.99207E-05 9.99207E-05 9.99207E-05 9.99207E-05 9.99207E-05
9.99209E-05 9.99209E-05 9.99209E-05 9.99209E-05 0.999101 9.99209E-05 9.99209E-05 9.99209E-05 9.99209E-05 9.99209E-05
0.0733794 0.0618106 9.99561E-05 0.401093 0.440919 9.99561E-05 0.022298 9.99561E-05 9.99561E-05 9.99561E-05
9.99561E-05 0.042567 0.00299931 0.526318 0.312022 9.99561E-05 9.99561E-05 9.99561E-05 9.99561E-05 0.115594
9.99472E-05 0.0132823 0.355334 0.486431 0.144353 9.99472E-05 9.99472E-05 9.99472E-05 9.99472E-05 9.99472E-05
0.0456783 0.0351541 0.00898597 0.784223 9.99648E-05 0.0792235 0.0463356 9.99648E-05 9.99648E-05 9.99648E-05
9.99472E-05 0.00265684 0.357337 0.378687 0.260719 9.99472E-05 9.99472E-05 9.99472E-05 9.99472E-05 9.99472E-05
9.993E-05 9.993E-05 9.993E-05 0.898779 0.100421 9.993E-05 9.993E-05 9.993E-05 9.993E-05 9.993E-05
9.99473E-05 9.99473E-05 0.254905 0.317264 0.295097 0.132135 9.99473E-05 9.99473E-05 9.99473E-05 9.99473E-05
0.00223018 0.0590214 9.99648E-05 0.5714 0.21651 9.99648E-05 0.0699933 9.99648E-05 0.0804455 9.99648E-05
9.99298E-05 9.99298E-05 9.99298E-05 0.803722 0.195478 9.99298E-05 9.99298E-05 9.99298E-05 9.99298E-05 9.99298E-05
0.0418542 9.99648E-05 0.142686 0.616585 0.0260891 0.0714776 9.99648E-05 9.99648E-05 9.99648E-05 0.100909
9.99473E-05 9.99473E-05 0.188164 0.680335 0.0637353 9.99473E-05 9.99473E-05 9.99473E-05 0.0671654 9.99473E-05
9.99385E-05 9.99385E-05 0.078411 0.331801 0.589088 9.99385E-05 9.99385E-05 9.99385E-05 9.99385E-05 9.99385E-05
0.0659475 9.9956E-05 0.374661 0.228738 0.23768 9.9956E-05 0.0924749 9.9956E-05 9.9956E-05 9.9956E-05
9.99472E-05 0.0170701 9.99472E-05 0.794547 0.0727033 9.99472E-05 0.11508 9.99472E-05 9.99472E-05 9.99472E-05
9.99648E-05 0.0191844 0.189614 0.584195 0.147537 9.99648E-05 9.99648E-05 9.99648E-05 0.0333821 0.0256875
9.99561E-05 9.99561E-05 0.258038 0.308245 0.321481 9.99561E-05 9.99561E-05 9.99561E-05 0.0347519 0.0769831
9.99561E-05 0.0389566 0.0307837 0.735292 0.172464 9.99561E-05 9.99561E-05 9.99561E-05 0.022004 9.99561E-05
0.0622488 9.99648E-05 0.432774 0.369719 0.0436575 9.99648E-05 0.0110882 9.99648E-05 0.0801125 9.99648E-05
9.99648E-05 0.0903937 0.105768 0.55041 0.198523 9.99648E-05 9.99648E-05 9.99648E-05 0.0228113 0.0316947
9.99473E-05 9.99473E-05 0.215736 0.483638 0.16486 9.99473E-05 9.99473E-05 9.99473E-05 9.99473E-05 0.135167
9.9956E-05 0.0123087 0.179677 0.502812 0.142161 9.9956E-05 9.9956E-05 9.9956E-05 9.9956E-05 0.162542
0.0114206 9.99473E-05 9.99473E-05 0.700374 0.242762 9.99473E-05 9.99473E-05 9.99473E-05 9.99473E-05 0.0448432
0.120883 0.0865791 9.99736E-05 0.499313 0.199634 9.99736E-05 0.0282807 9.99736E-05 0.0225357 0.042475
9.99472E-05 9.99472E-05 0.0892818 0.717167 0.134086 9.99472E-05 9.99472E-05 9.99472E-05 9.99472E-05 0.0588656
9.9956E-05 0.0164956 9.9956E-05 0.791979 0.0687372 9.9956E-05 0.107986 9.9956E-05 9.9956E-05 0.0143019
9.99299E-05 9.99299E-05 9.99299E-05 0.953592 0.0456083 9.99299E-05 9.99299E-05 9.99299E-05 9.99299E-05 9.99299E-05
9.99472E-05 9.99472E-05 0.115926 0.645644 0.0683106 9.99472E-05 9.99472E-05 9.99472E-05 9.99472E-05 0.16952
9.99561E-05 9.99561E-05 0.274807 0.399596 0.225515 0.0431927 0.0563901 9.99561E-05 9.99561E-05 9.99561E-05
0.030824 0.11702 9.99472E-05 0.773007 9.99472E-05 9.99472E-05 9.99472E-05 9.99472E-05 9.99472E-05 0.0785489
9.99473E-05 0.109022 9.99473E-05 0.544909 0.139888 9.99473E-05 0.205581 9.99473E-05 9.99473E-05 9.99473E-05
9.99473E-05 9.99473E-05 0.190118 0.31282 0.396026 9.99473E-05 9.99473E-05 9.99473E-05 9.99473E-05 0.100436
9.99473E-05 9.99473E-05 0.108384 0.634606 0.242039 9.99473E-05 9.99473E-05 9.99473E-05 0.0143716 9.99473E-05
9.99472E-05 9.99472E-05 0.354835 0.423051 0.177295 9.99472E-05 9.99472E-05 9.99472E-05 9.99472E-05 0.0442194
9.9956E-05 9.9956E-05 0.131004 0.497194 0.207249 9.9956E-05 0.0210547 9.9956E-05 9.9956E-05 0.142998
9.99648E-05 9.99648E-05 0.048479 0.516134 0.164977 9.99648E-05 0.07678 9.99648E-05 0.079956 0.113275
9.99561E-05 0.0198119 0.216408 0.616838 0.058539 9.99561E-05 9.99561E-05 9.99561E-05 9.99561E-05 0.087903
9.9921E-05 9.9921E-05 9.9921E-05 0.999101 9.9921E-05 9.9921E-05 9.9921E-05 9.9921E-05 9.9921E-05 9.9921E-05
0.0597383 9.99472E-05 0.331856 0.451981 9.99472E-05 9.99472E-05 9.99472E-05 9.99472E-05 0.155825 9.99472E-05
0.10541 0.0333222 9.99561E-05 0.789796 0.00515942 9.99561E-05 9.99561E-05 9.99561E-05 0.0658129 9.99561E-05
9.99472E-05 9.99472E-05 0.109559 0.431722 0.199787 9.99472E-05 9.99472E-05 9.99472E-05 9.99472E-05 0.258332
9.9956E-05 0.00487191 0.152133 0.660972 0.0819639 9.9956E-05 9.9956E-05 9.9956E-05 9.9956E-05 0.0995594
9.99473E-05 9.99473E-05 0.0844049 0.687017 0.0721329 9.99473E-05 9.99473E-05 9.99473E-05 9.99473E-05 0.155845
9.99648E-05 0.0262469 0.0376893 0.427913 0.216174 0.0869142 9.99648E-05 9.99648E-05 9.99648E-05 0.204663
9.99561E-05 9.99561E-05 0.16691 0.273069 0.5183 9.99561E-05 0.0115793 9.99561E-05 9.99561E-05 0.0296416
9.99384E-05 9.99384E-05 0.471484 0.23008 0.297736 9.99384E-05 9.99384E-05 9.99384E-05 9.99384E-05 9.99384E-05
9.99648E-05 0.00394993 0.159761 0.551483 0.105434 9.99648E-05 0.0198118 9.99648E-05 9.99648E-05 0.15916
9.9921E-05 9.9921E-05 9.9921E-05 0.999101 9.9921E-05 9.9921E-05 9.9921E-05 9.9921E-05 9.9921E-05 9.9921E-05
9.99385E-05 9.99385E-05 9.99385E-05 0.723586 0.203268 9.99385E-05 9.99385E-05 9.99385E-05 0.0724474 9.99385E-05
9.99211E-05 9.99211E-05 9.99211E-05 0.999101 9.99211E-05 9.99211E-05 9.99211E-05 9.99211E-05 9.99211E-05 9.99211E-05
0.0922856 9.99473E-05 0.371089 0.312074 0.223952 9.99473E-05 9.99473E-05 9.99473E-05 9.99473E-05 9.99473E-05
9.99299E-05 9.99299E-05 9.99299E-05 0.94485 9.99299E-05 9.99299E-05 0.0543507 9.99299E-05 9.99299E-05 9.99299E-05
9.99385E-05 9.99385E-05 0.416913 0.541125 9.99385E-05 9.99385E-05 9.99385E-05 9.99385E-05 0.0412627 9.99385E-05
9.99472E-05 9.99472E-05 0.483714 0.345888 9.99472E-05 9.99472E-05 9.99472E-05 9.99472E-05 0.0221992 0.147599
9.99385E-05 9.99385E-05 0.224611 0.569698 0.204992 9.99385E-05 9.99385E-05 9.99385E-05 9.99385E-05 9.99385E-05
0.143145 9.99472E-05 9.99472E-05 0.614385 0.0799687 9.99472E-05 9.99472E-05 9.99472E-05 9.99472E-05 0.161901
9.99385E-05 9.99385E-05 9.99385E-05 0.629369 0.326838 0.0430931 9.99385E-05 9.99385E-05 9.99385E-05 9.99385E-05
9.99475E-05 9.99475E-05 0.245753 0.748961 0.000325676 9.99475E-05 0.00436079 9.99475E-05 9.99475E-05 9.99475E-05
9.99297E-05 9.99297E-05 9.99297E-05 0.851294 0.147906 9.99297E-05 9.99297E-05 9.99297E-05 9.99297E-05 9.99297E-05
9.99473E-05 0.00904431 0.0688766 0.638088 0.283391 9.99473E-05 9.99473E-05 9.99473E-05 9.99473E-05 9.99473E-05
9.99473E-05 0.0686639 0.142101 0.560575 0.22806 9.99473E-05 9.99473E-05 9.99473E-05 9.99473E-05 9.99473E-05
9.99297E-05 9.99297E-05 9.99297E-05 0.978453 0.0207474 9.99297E-05 9.99297E-05 9.99297E-05 9.99297E-05 9.99297E-05
9.99298E-05 9.99298E-05 9.99298E-05 0.895018 0.104182 9.99298E-05 9.99298E-05 9.99298E-05 9.99298E-05 9.99298E-05
9.99386E-05 9.99386E-05 9.99386E-05 0.921662 9.99386E-05 0.0103118 9.99386E-05 0.0673264 9.99386E-05 9.99386E-05
9.99648E-05 0.020969 0.0500721 0.686693 0.0871315 0.0938912 9.99648E-05 9.99648E-05 0.0608432 9.99648E-05
9.9956E-05 0.119148 0.020623 0.590031 0.240441 9.9956E-05 9.9956E-05 9.9956E-05 0.0292577 9.9956E-05
9.99473E-05 9.99473E-05 9.99473E-05 0.666761 0.287131 9.99473E-05 0.00139221 9.99473E-05 9.99473E-05 0.0441159
9.99299E-05 9.99299E-05 9.99299E-05 0.948766 0.0504346 9.99299E-05 9.99299E-05 9.99299E-05 9.99299E-05 9.99299E-05
9.99649E-05 0.0477808 0.23203 0.416861 0.223042 9.99649E-05 0.0597462 9.99649E-05 9.99649E-05 0.0201401
9.9956E-05 0.036856 0.318113 0.586477 0.0201341 9.9956E-05 9.9956E-05 9.9956E-05 0.0379195 9.9956E-05
9.99387E-05 9.99387E-05 0.177123 0.762765 9.99387E-05 9.99387E-05 9.99387E-05 9.99387E-05 0.0594124 9.99387E-05
9.99385E-05 9.99385E-05 0.338407 0.590709 0.0701848 9.99385E-05 9.99385E-05 9.99385E-05 9.99385E-05 9.99385E-05
9.99387E-05 9.99387E-05 0.0963359 0.814109 9.99387E-05 9.99387E-05 9.99387E-05 0.0888559 9.99387E-05 9.99387E-05
9.99385E-05 9.99385E-05 0.182833 0.503752 0.312715 9.99385E-05 9.99385E-05 9.99385E-05 9.99385E-05 9.99385E-05
0.0937532 0.083427 0.118904 0.618142 9.99649E-05 9.99649E-05 0.0533696 9.99649E-05 0.0320043 9.99649E-05
9.99298E-05 9.99298E-05 0.0206369 0.978564 9.99298E-05 9.99298E-05 9.99298E-05 9.99298E-05 9.99298E-05 9.99298E-05
9.99385E-05 9.99385E-05 0.207286 0.636046 0.155968 9.99385E-05 9.99385E-05 9.99385E-05 9.99385E-05 9.99385E-05
9.99386E-05 9.99386E-05 0.0416957 0.874601 9.99386E-05 9.99386E-05 9.99386E-05 0.0830035 9.99386E-05 9.99386E-05
9.99384E-05 9.99384E-05 0.145644 0.743596 9.99384E-05 9.99384E-05 9.99384E-05 9.99384E-05 9.99384E-05 0.11006
9.99387E-05 9.99387E-05 0.0457396 0.94213 0.0114312 9.99387E-05 9.99387E-05 9.99387E-05 9.99387E-05 9.99387E-05
9.9956E-05 9.9956E-05 0.00554462 0.551773 0.368719 9.9956E-05 9.9956E-05 9.9956E-05 0.0692417 0.00422184
9.9956E-05 9.9956E-05 9.9956E-05 0.69557 0.185327 0.0544967 9.9956E-05 9.9956E-05 0.0517641 0.0123425
0.0325078 0.0753059 0.102984 0.499025 0.112289 9.99648E-05 9.99648E-05 9.99648E-05 9.99648E-05 0.177487
9.99211E-05 9.99211E-05 9.99211E-05 0.999101 9.99211E-05 9.99211E-05 9.99211E-05 9.99211E-05 9.99211E-05 9.99211E-05
9.99386E-05 9.99386E-05 9.99386E-05 0.699 0.237836 9.99386E-05 9.99386E-05 9.99386E-05 0.0624651 9.99386E-05
9.99473E-05 0.15731 0.195647 0.503612 0.142831 9.99473E-05 9.99473E-05 9.99473E-05 9.99473E-05 9.99473E-05
9.99298E-05 9.99298E-05 0.12898 0.870221 9.99298E-05 9.99298E-05 9.99298E-05 9.99298E-05 9.99298E-05 9.99298E-05
9.99648E-05 0.0660724 0.146966 0.630253 9.99648E-05 0.00679748 0.100988 9.99648E-05 0.0485237 9.99648E-05
9.99561E-05 9.99561E-05 0.0361273 0.479351 0.440859 9.99561E-05 0.00467364 9.99561E-05 0.0384896 9.99561E-05
9.99648E-05 0.0723077 0.192114 0.524269 0.111495 0.0216065 9.99648E-05 9.99648E-05 0.0778073 9.99648E-05
9.9956E-05 9.9956E-05 0.339387 0.446194 0.155784 9.9956E-05 9.9956E-05 9.9956E-05 0.00314908 0.0549858
9.99561E-05 0.218272 0.18026 0.457475 0.125062 9.99561E-05 0.0184313 9.99561E-05 9.99561E-05 9.99561E-05
9.99472E-05 9.99472E-05 0.596414 0.272895 0.0681513 9.99472E-05 0.0619399 9.99472E-05 9.99472E-05 9.99472E-05
9.99386E-05 9.99386E-05 0.247213 0.393523 0.358564 9.99386E-05 9.99386E-05 9.99386E-05 9.99386E-05 9.99386E-05
0.000888659 0.165847 0.225778 0.346624 0.0805067 9.99648E-05 9.99648E-05 9.99648E-05 0.179955 9.99648E-05
9.99299E-05 9.99299E-05 9.99299E-05 0.756759 0.242441 9.99299E-05 9.99299E-05 9.99299E-05 9.99299E-05 9.99299E-05
9.99562E-05 9.99562E-05 0.0988067 0.828942 0.0423986 0.0226196 0.00673332 9.99562E-05 9.99562E-05 9.99562E-05
0.0398482 9.99473E-05 9.99473E-05 0.481863 0.27502 9.99473E-05 9.99473E-05 9.99473E-05 9.99473E-05 0.202669
9.9956E-05 9.9956E-05 0.338943 0.442786 0.0292975 9.9956E-05 9.9956E-05 9.9956E-05 0.0619713 0.126502
9.99385E-05 9.99385E-05 0.522232 0.361872 9.99385E-05 9.99385E-05 0.115197 9.99385E-05 9.99385E-05 9.99385E-05
9.99561E-05 9.99561E-05 0.501954 0.276909 0.141549 0.072599 0.00648918 9.99561E-05 9.99561E-05 9.99561E-05
0.0537011 0.054386 9.99736E-05 0.424218 0.211312 9.99736E-05 0.0687983 9.99736E-05 0.0563467 0.130937
9.9956E-05 9.9956E-05 0.40546 0.518336 0.0449224 0.0272048 0.00357689 9.9956E-05 9.9956E-05 9.9956E-05
9.99649E-05 0.185815 0.157046 0.386853 0.145571 9.99649E-05 0.0752583 9.99649E-05 0.0490567 9.99649E-05
9.99387E-05 9.99387E-05 9.99387E-05 0.850039 0.104584 9.99387E-05 9.99387E-05 0.0446773 9.99387E-05 9.99387E-05
9.99474E-05 9.99474E-05 9.99474E-05 0.711743 0.156287 9.99474E-05 0.0737171 0.0576535 9.99474E-05 9.99474E-05
9.99386E-05 9.99386E-05 0.371078 0.514088 0.114134 9.99386E-05 9.99386E-05 9.99386E-05 9.99386E-05 9.99386E-05
0.0601315 0.00467452 0.347921 0.347532 9.99648E-05 9.99648E-05 0.178657 9.99648E-05 0.0606842 9.99648E-05
9.99299E-05 9.99299E-05 9.99299E-05 0.957501 0.0416998 9.99299E-05 9.99299E-05 9.99299E-05 9.99299E-05 9.99299E-05
9.99387E-05 9.99387E-05 9.99387E-05 0.946335 0.0152235 9.99387E-05 9.99387E-05 0.0377422 9.99387E-05 9.99387E-05
9.99561E-05 0.13209 9.99561E-05 0.724124 0.105787 9.99561E-05 0.00559116 9.99561E-05 9.99561E-05 0.0319081
9.99561E-05 0.0802274 0.0926619 0.630731 0.159339 9.99561E-05 0.0365402 9.99561E-05 9.99561E-05 9.99561E-05
9.99385E-05 9.99385E-05 0.155564 0.819091 9.99385E-05 9.99385E-05 9.99385E-05 9.99385E-05 0.0246453 9.99385E-05
9.99472E-05 9.99472E-05 0.225006 0.593111 0.0622543 9.99472E-05 9.99472E-05 9.99472E-05 9.99472E-05 0.119029
0.00863392 9.99648E-05 0.142655 0.688907 0.0522676 0.0627527 9.99648E-05 9.99648E-05 9.99648E-05 0.0443841
0.0928285 0.092044 0.425268 0.340342 9.995E-05 9.995E-05 9.995E-05 9.995E-05 0.0490178 9.995E-05
9.99385E-05 9.99385E-05 0.00944826 0.685745 0.304107 9.99385E-05 9.99385E-05 9.99385E-05 9.99385E-05 9.99385E-05
9.9956E-05 0.084681 0.141187 0.631271 0.129137 9.9956E-05 0.013224 9.9956E-05 9.9956E-05 9.9956E-05
9.9956E-05 0.00381396 0.346551 0.522469 9.9956E-05 9.9956E-05 0.121173 9.9956E-05 0.00549307 9.9956E-05
9.99473E-05 9.99473E-05 9.99473E-05 0.904155 0.0874366 0.00529069 9.99473E-05 9.99473E-05 0.00251767 9.99473E-05
0.114049 0.0265515 0.551583 0.250964 9.9956E-05 0.0563526 9.9956E-05 9.9956E-05 9.9956E-05 9.9956E-05
9.99385E-05 9.99385E-05 0.254597 0.589025 9.99385E-05 9.99385E-05 0.155678 9.99385E-05 9.99385E-05 9.99385E-05
9.99648E-05 0.0210198 0.0759469 0.50151 0.236323 9.99648E-05 0.0426273 9.99648E-05 0.122173 9.99648E-05
9.99561E-05 0.0509619 0.373284 0.413139 0.107373 0.0547426 9.99561E-05 9.99561E-05 9.99561E-05 9.99561E-05
9.99648E-05 9.99648E-05 0.0180707 0.577741 0.161182 0.0119975 9.99648E-05 9.99648E-05 0.0339417 0.196667
9.99386E-05 9.99386E-05 0.105487 0.749489 0.144325 9.99386E-05 9.99386E-05 9.99386E-05 9.99386E-05 9.99386E-05
9.99472E-05 9.99472E-05 0.117637 0.569109 0.17284 9.99472E-05 9.99472E-05 9.99472E-05 0.139814 9.99472E-05
9.99298E-05 9.99298E-05 0.0513218 0.947879 9.99298E-05 9.99298E-05 9.99298E-05 9.99298E-05 9.99298E-05 9.99298E-05
9.99387E-05 9.99387E-05 0.0748105 0.849068 0.0754215 9.99387E-05 9.99387E-05 9.99387E-05 9.99387E-05 9.99387E-05
0.0475428 0.0235533 0.130411 0.382023 0.187342 0.148801 9.99736E-05 9.99736E-05 0.0800271 9.99736E-05
9.99473E-05 0.089013 0.260337 0.513032 0.137019 9.99473E-05 9.99473E-05 9.99473E-05 9.99473E-05 9.99473E-05
9.99473E-05 9.99473E-05 0.595077 9.99473E-05 0.170168 9.99473E-05 9.99473E-05 9.99473E-05 0.0360257 0.198129
9.99561E-05 9.99561E-05 0.723875 0.0044609 0.040361 9.99561E-05 9.99561E-05 9.99561E-05 0.0885651 0.142238
0.103645 9.99561E-05 0.625512 9.99561E-05 0.119046 9.99561E-05 9.99561E-05 9.99561E-05 0.00257387 0.148724
