0.244797 9.99034E-05 0.0551894 9.99034E-05 0.0950312 0.0644437 9.99034E-05 0.204359 9.99034E-05 9.99034E-05 9.99034E-05 9.99034E-05 0.0286047 9.99034E-05 9.99034E-05 9.99034E-05 9.99034E-05 0.306476
0.693893 9.98771E-05 0.0842878 9.98771E-05 9.98771E-05 9.98771E-05 9.98771E-05 9.98771E-05 9.98771E-05 9.98771E-05 0.0747783 9.98771E-05 9.98771E-05 9.98771E-05 9.98771E-05 9.98771E-05 9.98771E-05 0.145643
0.833942 9.98946E-05 9.98946E-05 9.98946E-05 0.0214833 0.0395676 9.98946E-05 0.0312927 9.98946E-05 9.98946E-05 9.98946E-05 9.98946E-05 9.98946E-05 0.00166393 9.98946E-05 0.0708518 9.98946E-05 9.98946E-05
0.250626 9.9921E-05 9.9921E-05 0.0835708 9.9921E-05 0.0123906 9.9921E-05 0.115992 9.9921E-05 0.241881 9.9921E-05 9.9921E-05 0.115004 0.0151757 9.9921E-05 0.138271 9.9921E-05 0.0261898
0.761858 9.98772E-05 9.98772E-05 0.0726305 9.98772E-05 9.98772E-05 9.98772E-05 9.98772E-05 0.0977872 9.98772E-05 9.98772E-05 9.98772E-05 9.98772E-05 0.0663255 9.98772E-05 9.98772E-05 9.98772E-05 9.98772E-05
0.115827 9.9921E-05 0.0325387 0.130757 9.9921E-05 9.9921E-05 9.9921E-05 0.0444791 0.173944 0.0276365 9.9921E-05 0.0142116 9.9921E-05 0.0707537 9.9921E-05 9.9921E-05 9.9921E-05 0.388953
0.153039 9.99211E-05 0.0560108 9.99211E-05 0.011673 9.99211E-05 9.99211E-05 0.188301 9.99211E-05 0.182248 0.0585221 0.115545 0.0581215 9.99211E-05 9.99211E-05 9.99211E-05 9.99211E-05 0.175641
0.133419 9.99123E-05 9.99123E-05 0.172304 9.99123E-05 9.99123E-05 0.0470492 0.286906 9.99123E-05 0.0851123 9.99123E-05 9.99123E-05 9.99123E-05 0.0369927 9.99123E-05 9.99123E-05 0.0418785 0.195339
0.242212 9.98947E-05 9.98947E-05 0.210275 0.165813 0.231631 9.98947E-05 0.0438519 0.10502 9.98947E-05 9.98947E-05 9.98947E-05 9.98947E-05 9.98947E-05 9.98947E-05 9.98947E-05 9.98947E-05 9.98947E-05
0.888561 9.98595E-05 9.98595E-05 9.98595E-05 9.98595E-05 0.109841 9.98595E-05 9.98595E-05 9.98595E-05 9.98595E-05 9.98595E-05 9.98595E-05 9.98595E-05 9.98595E-05 9.98595E-05 9.98595E-05 9.98595E-05 9.98595E-05
0.454597 9.98947E-05 9.98947E-05 0.0103168 9.98947E-05 0.11074 9.98947E-05 0.134828 9.98947E-05 9.98947E-05 9.98947E-05 9.98947E-05 0.122776 9.98947E-05 9.98947E-05 9.98947E-05 9.98947E-05 0.165544
0.71575 9.98947E-05 9.98947E-05 9.98947E-05 9.98947E-05 0.149645 9.98947E-05 9.98947E-05 0.00635764 0.042555 9.98947E-05 0.0554007 9.98947E-05 0.0290932 9.98947E-05 9.98947E-05 9.98947E-05 9.98947E-05
0.830273 9.98683E-05 9.98683E-05 9.98683E-05 9.98683E-05 0.0643633 9.98683E-05 0.103866 9.98683E-05 9.98683E-05 9.98683E-05 9.98683E-05 9.98683E-05 9.98683E-05 9.98683E-05 9.98683E-05 9.98683E-05 9.98683E-05
0.590152 0.0576234 0.033205 9.9921E-05 9.9921E-05 0.0669151 9.9921E-05 0.0666245 9.9921E-05 9.9921E-05 9.9921E-05 0.0279348 0.018056 9.9921E-05 9.9921E-05 0.10182 0.0367699 9.9921E-05
0.298368 9.99035E-05 9.99035E-05 0.152159 0.0117558 0.123305 9.99035E-05 0.031381 0.135542 9.99035E-05 9.99035E-05 9.99035E-05 9.99035E-05 9.99035E-05 9.99035E-05 9.99035E-05 9.99035E-05 0.24639
0.17929 9.99121E-05 9.99121E-05 0.175474 9.99121E-05 0.0832429 9.99121E-05 0.0863445 0.0104065 0.103749 9.99121E-05 9.99121E-05 9.99121E-05 9.99121E-05 9.99121E-05 9.99121E-05 0.126894 0.2336
0.537879 0.126197 0.0220757 0.00531072 9.99298E-05 0.0503163 9.99298E-05 0.153232 9.99298E-05 0.0105836 9.99298E-05 9.99298E-05 0.0582185 0.0193203 9.99298E-05 9.99298E-05 0.0160664 9.99298E-05
0.0915568 9.99035E-05 9.99035E-05 0.0150824 9.99035E-05 0.103267 0.105647 0.183267 9.99035E-05 9.99035E-05 9.99035E-05 9.99035E-05 9.99035E-05 9.99035E-05 0.161532 9.99035E-05 9.99035E-05 0.338548
0.329217 9.98946E-05 9.98946E-05 0.0789471 9.98946E-05 0.199267 0.0677308 0.232768 9.98946E-05 0.0908717 9.98946E-05 9.98946E-05 9.98946E-05 9.98946E-05 9.98946E-05 9.98946E-05 9.98946E-05 9.98946E-05
0.882043 9.98859E-05 9.98859E-05 0.0178122 9.98859E-05 0.00290206 9.98859E-05 9.98859E-05 0.0218646 9.98859E-05 9.98859E-05 9.98859E-05 9.98859E-05 9.98859E-05 0.0740801 9.98859E-05 9.98859E-05 9.98859E-05
0.429389 9.9921E-05 9.9921E-05 0.0476219 0.0350065 0.0282087 9.9921E-05 9.9921E-05 9.9921E-05 9.9921E-05 9.9921E-05 9.9921E-05 0.0625984 0.0460417 0.0323291 0.168825 0.14908 9.9921E-05
0.240481 9.99123E-05 9.99123E-05 0.105444 9.99123E-05 9.99123E-05 0.0313262 0.405792 9.99123E-05 0.0563926 0.0839664 9.99123E-05 9.99123E-05 0.0712102 9.99123E-05 0.00438829 9.99123E-05 9.99123E-05
0.484486 9.98947E-05 9.98947E-05 9.98947E-05 9.98947E-05 0.0710951 9.98947E-05 9.98947E-05 0.0545124 9.98947E-05 0.00884424 9.98947E-05 0.0356975 9.98947E-05 9.98947E-05 9.98947E-05 9.98947E-05 0.344166
0.351457 9.98859E-05 9.98859E-05 9.98859E-05 0.0409891 0.242877 9.98859E-05 0.294941 9.98859E-05 9.98859E-05 9.98859E-05 9.98859E-05 9.98859E-05 9.98859E-05 9.98859E-05 9.98859E-05 9.98859E-05 0.0684376
0.248306 9.99122E-05 9.99122E-05 0.0226841 0.0203677 0.23016 9.99122E-05 0.10169 9.99122E-05 9.99122E-05 9.99122E-05 9.99122E-05 0.0115655 9.99122E-05 0.0875661 0.276661 9.99122E-05 9.99122E-05
0.665298 9.98859E-05 9.98859E-05 9.98859E-05 9.98859E-05 0.0948458 9.98859E-05 0.100036 0.12118 0.0173411 9.98859E-05 9.98859E-05 9.98859E-05 9.98859E-05 9.98859E-05 9.98859E-05 9.98859E-05 9.98859E-05
9.98945E-05 9.98945E-05 9.98945E-05 9.98945E-05 9.98945E-05 9.98945E-05 0.078193 0.231517 9.98945E-05 9.98945E-05 0.302602 9.98945E-05 9.98945E-05 9.98945E-05 0.00114517 0.315461 0.0698827 9.98945E-05
0.705581 9.9886E-05 9.9886E-05 9.9886E-05 9.9886E-05 0.068061 9.9886E-05 0.14537 9.9886E-05 0.0622645 9.9886E-05 9.9886E-05 9.9886E-05 9.9886E-05 9.9886E-05 0.017425 9.9886E-05 9.9886E-05
0.543462 9.98947E-05 9.98947E-05 9.98947E-05 0.0494783 0.0387338 9.98947E-05 9.98947E-05 9.98947E-05 9.98947E-05 0.0333733 9.98947E-05 9.98947E-05 9.98947E-05 0.0239468 0.309807 9.98947E-05 9.98947E-05
0.712257 0.05643 9.99035E-05 0.0313577 0.0338349 0.0759311 9.99035E-05 9.99035E-05 9.99035E-05 9.99035E-05 9.99035E-05 9.99035E-05 0.0522337 9.99035E-05 9.99035E-05 9.99035E-05 9.99035E-05 0.0368566
0.591558 9.99035E-05 9.99035E-05 0.00738524 9.99035E-05 0.00866095 9.99035E-05 0.136497 9.99035E-05 9.99035E-05 9.99035E-05 9.99035E-05 0.0506449 9.99035E-05 0.0195133 9.99035E-05 9.99035E-05 0.184642
0.451524 9.99123E-05 9.99123E-05 9.99123E-05 9.99123E-05 0.0452652 9.99123E-05 0.0281215 0.135893 0.0886063 9.99123E-05 9.99123E-05 0.0601122 9.99123E-05 9.99123E-05 0.10923 9.99123E-05 0.0802485
0.433176 9.99034E-05 9.99034E-05 9.99034E-05 9.99034E-05 0.121345 9.99034E-05 0.117826 9.99034E-05 9.99034E-05 9.99034E-05 0.0794795 0.0501472 9.99034E-05 9.99034E-05 0.0985382 9.99034E-05 0.0983887
0.414918 9.98947E-05 9.98947E-05 9.98947E-05 9.98947E-05 0.09642 0.0745674 0.123975 9.98947E-05 0.0408872 9.98947E-05 9.98947E-05 9.98947E-05 9.98947E-05 9.98947E-05 0.248035 9.98947E-05 9.98947E-05
0.749381 9.99035E-05 0.104328 0.0136867 9.99035E-05 0.00884825 9.99035E-05 9.99035E-05 9.99035E-05 9.99035E-05 0.0558582 9.99035E-05 0.0300393 9.99035E-05 0.0367599 9.99035E-05 9.99035E-05 9.99035E-05
0.61179 9.9921E-05 0.0283195 0.00977018 9.9921E-05 0.0147457 9.9921E-05 0.0646632 9.9921E-05 0.186515 0.0769143 9.9921E-05 0.00374184 9.9921E-05 0.0026417 9.9921E-05 9.9921E-05 9.9921E-05
0.840559 9.9886E-05 0.0539755 9.9886E-05 9.9886E-05 9.9886E-05 9.9886E-05 9.9886E-05 9.9886E-05 0.0578324 9.9886E-05 0.038317 0.00801795 9.9886E-05 9.9886E-05 9.9886E-05 9.9886E-05 9.9886E-05
0.648134 9.98948E-05 0.14243 0.095922 9.98948E-05 0.029282 9.98948E-05 9.98948E-05 0.0334587 9.98948E-05 9.98948E-05 9.98948E-05 9.98948E-05 9.98948E-05 0.0495754 9.98948E-05 9.98948E-05 9.98948E-05
0.53702 0.073813 0.0220181 0.0485456 9.99122E-05 0.141348 9.99122E-05 0.0738522 9.99122E-05 9.99122E-05 9.99122E-05 9.99122E-05 0.0249137 0.0774896 9.99122E-05 9.99122E-05 9.99122E-05 9.99122E-05
0.52242 9.99122E-05 9.99122E-05 9.99122E-05 9.99122E-05 0.0954601 9.99122E-05 9.99122E-05 0.0658317 9.99122E-05 9.99122E-05 0.0264022 0.0257981 0.0253506 9.99122E-05 0.105963 0.131776 9.99122E-05
0.695876 9.98947E-05 9.98947E-05 9.98947E-05 9.98947E-05 0.106021 9.98947E-05 0.11893 9.98947E-05 0.00137728 0.0395899 9.98947E-05 0.0370074 9.98947E-05 9.98947E-05 9.98947E-05 9.98947E-05 9.98947E-05
0.54807 9.98948E-05 9.98948E-05 0.0175349 0.0037908 0.0380379 9.98948E-05 0.176921 9.98948E-05 9.98948E-05 0.214447 9.98948E-05 9.98948E-05 9.98948E-05 9.98948E-05 9.98948E-05 9.98948E-05 9.98948E-05
0.793733 0.0410886 9.98683E-05 9.98683E-05 9.98683E-05 9.98683E-05 9.98683E-05 9.98683E-05 9.98683E-05 9.98683E-05 0.16368 9.98683E-05 9.98683E-05 9.98683E-05 9.98683E-05 9.98683E-05 9.98683E-05 9.98683E-05
0.276373 9.99122E-05 0.0123328 0.135394 0.0653309 0.115236 9.99122E-05 0.162613 9.99122E-05 9.99122E-05 9.99122E-05 9.99122E-05 0.0419433 9.99122E-05 9.99122E-05 9.99122E-05 9.99122E-05 0.189778
0.243405 9.98859E-05 9.98859E-05 9.98859E-05 9.98859E-05 0.213527 9.98859E-05 0.405458 9.98859E-05 0.0912139 9.98859E-05 9.98859E-05 9.98859E-05 0.0450979 9.98859E-05 9.98859E-05 9.98859E-05 9.98859E-05
0.765541 9.99034E-05 9.99034E-05 9.99034E-05 9.99034E-05 0.0600747 9.99034E-05 0.0543166 9.99034E-05 0.0194249 0.0233895 9.99034E-05 9.99034E-05 0.00241908 0.0737348 9.99034E-05 9.99034E-05 9.99034E-05
0.853359 9.98859E-05 9.98859E-05 0.0281889 9.98859E-05 0.0757074 0.0260757 9.98859E-05 9.98859E-05 9.98859E-05 9.98859E-05 9.98859E-05 0.0153703 9.98859E-05 9.98859E-05 9.98859E-05 9.98859E-05 9.98859E-05
0.862295 9.98946E-05 9.98946E-05 9.98946E-05 9.98946E-05 0.0238532 9.98946E-05 9.98946E-05 9.98946E-05 9.98946E-05 0.00510516 0.00968284 9.98946E-05 9.98946E-05 9.98946E-05 9.98946E-05 0.00937904 0.0884856
0.613961 9.98858E-05 9.98858E-05 9.98858E-05 9.98858E-05 0.125055 9.98858E-05 0.180808 9.98858E-05 9.98858E-05 9.98858E-05 9.98858E-05 0.024 9.98858E-05 9.98858E-05 9.98858E-05 9.98858E-05 0.0548771
0.695795 9.98949E-05 9.98949E-05 0.0215296 9.98949E-05 9.98949E-05 0.0447293 0.0308108 9.98949E-05 9.98949E-05 9.98949E-05 0.114872 9.98949E-05 0.0910645 9.98949E-05 9.98949E-05 9.98949E-05 9.98949E-05
0.27983 9.993E-05 9.993E-05 0.0207472 0.0379719 0.171889 9.993E-05 0.0848737 9.993E-05 0.079432 0.0813869 9.993E-05 0.122516 9.993E-05 9.993E-05 0.0774197 0.0120433 0.0311916
0.597768 9.99123E-05 9.99123E-05 9.99123E-05 0.069283 9.99123E-05 9.99123E-05 0.155319 0.0184736 0.020605 9.99123E-05 0.00582651 9.99123E-05 0.0416874 9.99123E-05 9.99123E-05 0.0900385 9.99123E-05
0.853791 9.9886E-05 0.0169931 9.9886E-05 0.0127936 9.9886E-05 0.0356661 9.9886E-05 9.9886E-05 9.9886E-05 9.9886E-05 9.9886E-05 9.9886E-05 9.9886E-05 9.9886E-05 0.0794581 9.9886E-05 9.9886E-05
0.664622 9.99123E-05 9.99123E-05 0.00875037 9.99123E-05 0.0666272 0.000766415 9.99123E-05 0.00571598 9.99123E-05 9.99123E-05 0.0363094 9.99123E-05 0.0341635 9.99123E-05 9.99123E-05 0.182046 9.99123E-05
0.757352 9.99036E-05 9.99036E-05 0.00696456 0.0350463 0.0857064 9.99036E-05 9.99036E-05 9.99036E-05 0.0612506 9.99036E-05 9.99036E-05 0.00514419 0.047437 9.99036E-05 9.99036E-05 9.99036E-05 9.99036E-05
0.705957 9.98948E-05 9.98948E-05 9.98948E-05 9.98948E-05 9.98948E-05 9.98948E-05 9.98948E-05 9.98948E-05 9.98948E-05 9.98948E-05 9.98948E-05 0.0111204 0.0684767 0.0603454 0.117086 9.98948E-05 0.0358154
0.709066 9.98859E-05 0.050927 9.98859E-05 9.98859E-05 0.0356481 0.0893324 0.113728 9.98859E-05 9.98859E-05 9.98859E-05 9.98859E-05 9.98859E-05 9.98859E-05 9.98859E-05 9.98859E-05 9.98859E-05 9.98859E-05
0.784833 9.9886E-05 9.9886E-05 9.9886E-05 9.9886E-05 0.0696014 9.9886E-05 0.0444454 9.9886E-05 0.0566572 9.9886E-05 9.9886E-05 0.0431643 9.9886E-05 9.9886E-05 9.9886E-05 9.9886E-05 9.9886E-05
0.800617 9.98772E-05 9.98772E-05 9.98772E-05 9.98772E-05 9.98772E-05 9.98772E-05 9.98772E-05 9.98772E-05 9.98772E-05 0.0936896 0.080022 0.0242731 9.98772E-05 9.98772E-05 9.98772E-05 9.98772E-05 9.98772E-05
9.98946E-05 9.98946E-05 9.98946E-05 0.0569282 9.98946E-05 0.151203 0.00885816 0.0123899 9.98946E-05 9.98946E-05 9.98946E-05 9.98946E-05 9.98946E-05 9.98946E-05 9.98946E-05 0.0112001 9.98946E-05 0.758222
9.98511E-05 9.98511E-05 9.98511E-05 9.98511E-05 9.98511E-05 9.98511E-05 9.98511E-05 9.98511E-05 9.98511E-05 9.98511E-05 9.98511E-05 9.98511E-05 9.98511E-05 9.98511E-05 9.98511E-05 9.98511E-05 9.98511E-05 0.998303
9.98596E-05 9.98596E-05 9.98596E-05 9.98596E-05 9.98596E-05 9.98596E-05 0.000551561 9.98596E-05 9.98596E-05 9.98596E-05 9.98596E-05 9.98596E-05 9.98596E-05 9.98596E-05 9.98596E-05 9.98596E-05 9.98596E-05 0.997851
9.98946E-05 9.98946E-05 0.203516 0.164189 9.98946E-05 0.0321279 9.98946E-05 9.98946E-05 9.98946E-05 9.98946E-05 9.98946E-05 0.0392151 9.98946E-05 9.98946E-05 9.98946E-05 0.178565 9.98946E-05 0.381189
9.99033E-05 9.99033E-05 9.99033E-05 0.0563841 9.99033E-05 0.0278611 0.00639996 0.0978078 9.99033E-05 9.99033E-05 9.99033E-05 0.0194927 9.99033E-05 9.99033E-05 0.0671692 9.99033E-05 9.99033E-05 0.723786
9.98945E-05 9.98945E-05 9.98945E-05 0.00188992 9.98945E-05 0.144316 0.0186915 0.103398 9.98945E-05 9.98945E-05 9.98945E-05 9.98945E-05 0.0205793 9.98945E-05 9.98945E-05 9.98945E-05 9.98945E-05 0.709926
9.9877E-05 9.9877E-05 0.259048 9.9877E-05 9.9877E-05 0.111397 9.9877E-05 9.9877E-05 9.9877E-05 9.9877E-05 9.9877E-05 9.9877E-05 0.0141634 9.9877E-05 9.9877E-05 9.9877E-05 9.9877E-05 0.613993
9.98945E-05 9.98945E-05 0.0779308 0.068025 9.98945E-05 0.0601993 0.107055 9.98945E-05 0.0235307 9.98945E-05 9.98945E-05 9.98945E-05 9.98945E-05 9.98945E-05 9.98945E-05 9.98945E-05 9.98945E-05 0.66206
9.98596E-05 9.98596E-05 9.98596E-05 9.98596E-05 9.98596E-05 9.98596E-05 9.98596E-05 9.98596E-05 9.98596E-05 9.98596E-05 0.0587772 9.98596E-05 9.98596E-05 9.98596E-05 9.98596E-05 9.98596E-05 9.98596E-05 0.939625
9.98596E-05 9.98596E-05 9.98596E-05 9.98596E-05 9.98596E-05 9.98596E-05 9.98596E-05 9.98596E-05 9.98596E-05 9.98596E-05 9.98596E-05 9.98596E-05 0.0450066 9.98596E-05 9.98596E-05 9.98596E-05 9.98596E-05 0.953396
9.98769E-05 9.98769E-05 9.98769E-05 0.0404157 9.98769E-05 0.257821 9.98769E-05 9.98769E-05 9.98769E-05 9.98769E-05 9.98769E-05 9.98769E-05 0.136256 9.98769E-05 9.98769E-05 9.98769E-05 9.98769E-05 0.564108
9.99209E-05 9.99209E-05 0.0873939 0.0175862 9.99209E-05 0.0552639 9.99209E-05 0.172406 9.99209E-05 0.0572264 9.99209E-05 0.0238349 0.0633497 9.99209E-05 9.99209E-05 9.99209E-05 0.0608137 0.461226
9.98857E-05 9.98857E-05 9.98857E-05 0.120237 9.98857E-05 9.98857E-05 9.98857E-05 9.98857E-05 0.0270734 9.98857E-05 9.98857E-05 9.98857E-05 0.0885744 0.155848 9.98857E-05 9.98857E-05 9.98857E-05 0.606969
9.98946E-05 9.98946E-05 0.0152331 0.0268793 9.98946E-05 0.185092 9.98946E-05 0.242892 9.98946E-05 9.98946E-05 9.98946E-05 0.00446289 9.98946E-05 9.98946E-05 9.98946E-05 9.98946E-05 9.98946E-05 0.524242
9.98861E-05 9.98861E-05 9.98861E-05 9.98861E-05 0.0112671 9.98861E-05 9.98861E-05 9.98861E-05 9.98861E-05 9.98861E-05 0.0451883 9.98861E-05 9.98861E-05 9.98861E-05 9.98861E-05 0.0660296 0.046855 0.829361
9.98597E-05 9.98597E-05 9.98597E-05 0.0224965 9.98597E-05 9.98597E-05 9.98597E-05 9.98597E-05 9.98597E-05 9.98597E-05 9.98597E-05 9.98597E-05 9.98597E-05 9.98597E-05 9.98597E-05 9.98597E-05 9.98597E-05 0.975906
9.99032E-05 9.99032E-05 9.99032E-05 9.99032E-05 9.99032E-05 0.00940468 0.0187964 9.99032E-05 0.0184006 0.0681907 9.99032E-05 0.0625228 9.99032E-05 9.99032E-05 9.99032E-05 0.0504131 9.99032E-05 0.771173
9.98857E-05 9.98857E-05 9.98857E-05 0.035454 9.98857E-05 9.98857E-05 9.98857E-05 0.127545 9.98857E-05 0.00383886 9.98857E-05 9.98857E-05 0.128551 9.98857E-05 9.98857E-05 9.98857E-05 9.98857E-05 0.703313
9.98771E-05 9.98771E-05 9.98771E-05 9.98771E-05 9.98771E-05 0.00605976 0.0268453 9.98771E-05 9.98771E-05 0.0700118 9.98771E-05 9.98771E-05 9.98771E-05 9.98771E-05 9.98771E-05 9.98771E-05 9.98771E-05 0.895685
9.98945E-05 9.98945E-05 9.98945E-05 9.98945E-05 9.98945E-05 0.179127 9.98945E-05 9.98945E-05 9.98945E-05 9.98945E-05 0.11369 9.98945E-05 0.00875031 9.98945E-05 0.00384681 9.98945E-05 0.100765 0.592622
9.98599E-05 0.0506672 9.98599E-05 9.98599E-05 9.98599E-05 9.98599E-05 9.98599E-05 9.98599E-05 9.98599E-05 9.98599E-05 9.98599E-05 9.98599E-05 9.98599E-05 9.98599E-05 9.98599E-05 9.98599E-05 9.98599E-05 0.947735
9.98945E-05 9.98945E-05 0.0367372 9.98945E-05 9.98945E-05 0.0665818 9.98945E-05 0.159226 0.0482387 9.98945E-05 0.0263632 9.98945E-05 9.98945E-05 9.98945E-05 9.98945E-05 9.98945E-05 9.98945E-05 0.661655
9.98947E-05 9.98947E-05 0.0101418 9.98947E-05 9.98947E-05 0.0171046 9.98947E-05 0.0169712 0.0189269 9.98947E-05 9.98947E-05 9.98947E-05 9.98947E-05 9.98947E-05 9.98947E-05 0.199832 9.98947E-05 0.735825
9.98947E-05 9.98947E-05 9.98947E-05 9.98947E-05 0.0175541 9.98947E-05 0.000328052 9.98947E-05 0.109566 0.197331 9.98947E-05 9.98947E-05 0.0192906 9.98947E-05 9.98947E-05 9.98947E-05 9.98947E-05 0.654732
9.98682E-05 9.98682E-05 9.98682E-05 9.98682E-05 9.98682E-05 0.0616088 9.98682E-05 9.98682E-05 9.98682E-05 9.98682E-05 9.98682E-05 9.98682E-05 0.0936435 9.98682E-05 9.98682E-05 9.98682E-05 9.98682E-05 0.84325
9.98598E-05 9.98598E-05 9.98598E-05 0.00849081 9.98598E-05 9.98598E-05 9.98598E-05 9.98598E-05 9.98598E-05 9.98598E-05 9.98598E-05 9.98598E-05 9.98598E-05 9.98598E-05 9.98598E-05 9.98598E-05 9.98598E-05 0.989911
9.98511E-05 9.98511E-05 9.98511E-05 9.98511E-05 9.98511E-05 9.98511E-05 9.98511E-05 9.98511E-05 9.98511E-05 9.98511E-05 9.98511E-05 9.98511E-05 9.98511E-05 9.98511E-05 9.98511E-05 9.98511E-05 9.98511E-05 0.998303
9.9851E-05 9.9851E-05 9.9851E-05 9.9851E-05 9.9851E-05 9.9851E-05 9.9851E-05 9.9851E-05 9.9851E-05 9.9851E-05 9.9851E-05 9.9851E-05 9.9851E-05 9.9851E-05 9.9851E-05 9.9851E-05 9.9851E-05 0.998303
9.98596E-05 9.98596E-05 9.98596E-05 9.98596E-05 9.98596E-05 9.98596E-05 0.0735109 9.98596E-05 9.98596E-05 9.98596E-05 9.98596E-05 9.98596E-05 9.98596E-05 9.98596E-05 9.98596E-05 9.98596E-05 9.98596E-05 0.924891
9.9886E-05 0.181862 9.9886E-05 0.0868475 9.9886E-05 0.0448727 9.9886E-05 9.9886E-05 9.9886E-05 9.9886E-05 0.226291 9.9886E-05 9.9886E-05 9.9886E-05 9.9886E-05 9.9886E-05 9.9886E-05 0.458828
9.98772E-05 9.98772E-05 9.98772E-05 0.0621047 9.98772E-05 0.0627213 9.98772E-05 9.98772E-05 0.619431 9.98772E-05 9.98772E-05 9.98772E-05 9.98772E-05 9.98772E-05 9.98772E-05 0.254344 9.98772E-05 9.98772E-05
0.0135484 0.369195 9.98773E-05 9.98773E-05 9.98773E-05 9.98773E-05 9.98773E-05 9.98773E-05 0.00292221 9.98773E-05 9.98773E-05 9.98773E-05 9.98773E-05 9.98773E-05 9.98773E-05 0.612937 9.98773E-05 9.98773E-05
9.9877E-05 9.9877E-05 9.9877E-05 9.9877E-05 9.9877E-05 0.0455325 9.9877E-05 9.9877E-05 0.260245 9.9877E-05 9.9877E-05 9.9877E-05 9.9877E-05 0.0672574 9.9877E-05 0.625567 9.9877E-05 9.9877E-05
9.98945E-05 9.98945E-05 9.98945E-05 0.033104 9.98945E-05 0.102176 0.0124903 9.98945E-05 0.354063 9.98945E-05 9.98945E-05 9.98945E-05 0.0227142 9.98945E-05 9.98945E-05 0.474254 9.98945E-05 9.98945E-05
9.99033E-05 9.99033E-05 9.99033E-05 0.00946563 0.0238822 0.0362858 0.00998212 9.99033E-05 0.609178 9.99033E-05 9.99033E-05 9.99033E-05 9.99033E-05 9.99033E-05 0.00208803 0.308019 9.99033E-05 9.99033E-05
9.98772E-05 9.98772E-05 0.102005 0.136234 9.98772E-05 0.179076 9.98772E-05 9.98772E-05 0.581287 9.98772E-05 9.98772E-05 9.98772E-05 9.98772E-05 9.98772E-05 9.98772E-05 9.98772E-05 9.98772E-05 9.98772E-05
9.98771E-05 9.98771E-05 9.98771E-05 0.0261756 9.98771E-05 9.98771E-05 0.0297977 9.98771E-05 9.98771E-05 9.98771E-05 9.98771E-05 9.98771E-05 9.98771E-05 0.0209235 9.98771E-05 0.921705 9.98771E-05 9.98771E-05
9.98595E-05 9.98595E-05 9.98595E-05 0.175469 9.98595E-05 9.98595E-05 9.98595E-05 9.98595E-05 9.98595E-05 9.98595E-05 9.98595E-05 9.98595E-05 9.98595E-05 9.98595E-05 9.98595E-05 0.822933 9.98595E-05 9.98595E-05
9.98857E-05 9.98857E-05 0.10538 0.230564 9.98857E-05 0.0381353 9.98857E-05 9.98857E-05 9.98857E-05 9.98857E-05 0.13198 9.98857E-05 9.98857E-05 9.98857E-05 9.98857E-05 0.492641 9.98857E-05 9.98857E-05
9.98946E-05 9.98946E-05 9.98946E-05 0.153003 9.98946E-05 0.19382 0.00980012 9.98946E-05 0.105926 9.98946E-05 9.98946E-05 9.98946E-05 9.98946E-05 0.0417628 9.98946E-05 0.49449 9.98946E-05 9.98946E-05
9.98685E-05 0.175748 0.215818 9.98685E-05 9.98685E-05 9.98685E-05 9.98685E-05 9.98685E-05 0.606936 9.98685E-05 9.98685E-05 9.98685E-05 9.98685E-05 9.98685E-05 9.98685E-05 9.98685E-05 9.98685E-05 9.98685E-05
9.98948E-05 0.0350484 0.0339565 9.98948E-05 9.98948E-05 0.0443196 9.98948E-05 9.98948E-05 0.563087 9.98948E-05 9.98948E-05 9.98948E-05 0.0550178 9.98948E-05 9.98948E-05 0.267372 9.98948E-05 9.98948E-05
9.98685E-05 9.98685E-05 9.98685E-05 0.0749635 9.98685E-05 9.98685E-05 0.00698398 9.98685E-05 9.98685E-05 9.98685E-05 9.98685E-05 9.98685E-05 9.98685E-05 9.98685E-05 9.98685E-05 0.916555 9.98685E-05 9.98685E-05
9.9886E-05 0.0176508 9.9886E-05 0.0470997 9.9886E-05 0.195674 9.9886E-05 9.9886E-05 0.610448 9.9886E-05 9.9886E-05 9.9886E-05 9.9886E-05 9.9886E-05 9.9886E-05 0.127829 9.9886E-05 9.9886E-05
9.98948E-05 0.0375792 9.98948E-05 0.0246795 9.98948E-05 9.98948E-05 0.151461 9.98948E-05 0.34526 9.98948E-05 9.98948E-05 9.98948E-05 0.0429055 9.98948E-05 9.98948E-05 0.396916 9.98948E-05 9.98948E-05
9.98859E-05 9.98859E-05 0.0304954 0.00744275 9.98859E-05 0.134858 9.98859E-05 9.98859E-05 0.643094 9.98859E-05 0.182812 9.98859E-05 9.98859E-05 9.98859E-05 9.98859E-05 9.98859E-05 9.98859E-05 9.98859E-05
9.98858E-05 9.98858E-05 0.193469 0.00832297 9.98858E-05 0.0224395 9.98858E-05 9.98858E-05 0.294842 9.98858E-05 9.98858E-05 9.98858E-05 9.98858E-05 9.98858E-05 9.98858E-05 0.479628 9.98858E-05 9.98858E-05
9.98949E-05 0.0155963 9.98949E-05 0.12082 9.98949E-05 9.98949E-05 9.98949E-05 0.109453 0.592735 9.98949E-05 9.98949E-05 0.0504583 9.98949E-05 9.98949E-05 9.98949E-05 0.109738 9.98949E-05 9.98949E-05
9.98685E-05 0.0217264 9.98685E-05 9.98685E-05 9.98685E-05 9.98685E-05 9.98685E-05 9.98685E-05 0.796865 9.98685E-05 9.98685E-05 9.98685E-05 9.98685E-05 9.98685E-05 9.98685E-05 0.17991 9.98685E-05 9.98685E-05
9.99034E-05 0.111901 9.99034E-05 0.0655929 9.99034E-05 0.0492217 9.99034E-05 9.99034E-05 0.254557 9.99034E-05 0.119623 9.99034E-05 9.99034E-05 9.99034E-05 0.0729055 0.3251 9.99034E-05 9.99034E-05
9.99035E-05 9.99035E-05 0.160703 0.0316272 9.99035E-05 0.0469228 0.00474642 9.99035E-05 0.691431 9.99035E-05 9.99035E-05 9.99035E-05 0.0274836 9.99035E-05 9.99035E-05 0.0359869 9.99035E-05 9.99035E-05
9.98859E-05 9.98859E-05 9.98859E-05 0.00255494 9.98859E-05 9.98859E-05 0.0174475 9.98859E-05 0.778307 9.98859E-05 9.98859E-05 9.98859E-05 0.0272811 9.98859E-05 9.98859E-05 0.173111 9.98859E-05 9.98859E-05
9.99034E-05 9.99034E-05 0.0310552 0.202813 0.00624956 0.19409 9.99034E-05 9.99034E-05 0.533816 9.99034E-05 9.99034E-05 9.99034E-05 9.99034E-05 9.99034E-05 0.0250972 9.99034E-05 0.0057793 9.99034E-05
9.98772E-05 0.0844783 9.98772E-05 0.142023 9.98772E-05 9.98772E-05 9.98772E-05 9.98772E-05 0.470699 9.98772E-05 9.98772E-05 9.98772E-05 9.98772E-05 9.98772E-05 9.98772E-05 0.301401 9.98772E-05 9.98772E-05
9.98858E-05 9.98858E-05 0.0564889 0.180812 9.98858E-05 0.184014 9.98858E-05 9.98858E-05 0.557791 9.98858E-05 9.98858E-05 9.98858E-05 9.98858E-05 9.98858E-05 0.0195962 9.98858E-05 9.98858E-05 9.98858E-05
9.9886E-05 0.101252 0.139963 0.0705941 9.9886E-05 0.0493398 9.9886E-05 9.9886E-05 9.9886E-05 9.9886E-05 9.9886E-05 9.9886E-05 9.9886E-05 9.9886E-05 9.9886E-05 0.637553 9.9886E-05 9.9886E-05
9.98859E-05 0.474271 9.98859E-05 9.98859E-05 0.0764992 0.00100968 9.98859E-05 9.98859E-05 0.403851 9.98859E-05 9.98859E-05 0.0430699 9.98859E-05 9.98859E-05 9.98859E-05 9.98859E-05 9.98859E-05 9.98859E-05
9.98857E-05 9.98857E-05 9.98857E-05 0.134025 9.98857E-05 0.0374756 9.98857E-05 9.98857E-05 0.220368 9.98857E-05 9.98857E-05 9.98857E-05 9.98857E-05 9.98857E-05 0.0928192 0.514014 9.98857E-05 9.98857E-05
9.9886E-05 9.9886E-05 0.105232 0.250411 9.9886E-05 0.163154 9.9886E-05 9.9886E-05 0.276387 9.9886E-05 9.9886E-05 9.9886E-05 9.9886E-05 9.9886E-05 9.9886E-05 0.203518 9.9886E-05 9.9886E-05
9.99036E-05 0.0460255 9.99036E-05 9.99036E-05 9.99036E-05 0.147435 9.99036E-05 9.99036E-05 0.597914 9.99036E-05 9.99036E-05 9.99036E-05 0.0367874 0.0561099 0.0456728 0.0689566 9.99036E-05 9.99036E-05
9.98947E-05 9.98947E-05 0.0353835 0.00336474 9.98947E-05 0.0883446 9.98947E-05 9.98947E-05 9.98947E-05 9.98947E-05 9.98947E-05 9.98947E-05 0.00293791 9.98947E-05 9.98947E-05 0.779161 0.08961 9.98947E-05
9.9877E-05 9.9877E-05 9.9877E-05 9.9877E-05 9.9877E-05 9.9877E-05 9.9877E-05 9.9877E-05 0.174366 9.9877E-05 9.9877E-05 9.9877E-05 9.9877E-05 9.9877E-05 0.00499328 0.799114 0.0201288 9.9877E-05
9.98945E-05 9.98945E-05 9.98945E-05 0.238862 9.98945E-05 0.162338 9.98945E-05 9.98945E-05 0.264188 9.98945E-05 9.98945E-05 9.98945E-05 9.98945E-05 0.0332988 0.171118 0.128997 9.98945E-05 9.98945E-05
9.98771E-05 9.98771E-05 9.98771E-05 0.0337724 9.98771E-05 9.98771E-05 9.98771E-05 0.0903109 0.153282 9.98771E-05 9.98771E-05 9.98771E-05 9.98771E-05 9.98771E-05 9.98771E-05 0.721237 9.98771E-05 9.98771E-05
9.98597E-05 9.98597E-05 9.98597E-05 0.0241802 9.98597E-05 9.98597E-05 9.98597E-05 9.98597E-05 9.98597E-05 9.98597E-05 9.98597E-05 9.98597E-05 9.98597E-05 9.98597E-05 9.98597E-05 0.974222 9.98597E-05 9.98597E-05
9.98947E-05 0.0213674 9.98947E-05 0.0276245 9.98947E-05 9.98947E-05 9.98947E-05 9.98947E-05 0.356207 9.98947E-05 0.173913 9.98947E-05 0.00176064 9.98947E-05 9.98947E-05 0.417929 9.98947E-05 9.98947E-05
9.98946E-05 9.98946E-05 9.98946E-05 0.0590304 9.98946E-05 0.17289 0.0812184 9.98946E-05 0.219934 9.98946E-05 9.98946E-05 9.98946E-05 0.000476568 9.98946E-05 9.98946E-05 0.465252 9.98946E-05 9.98946E-05
9.98946E-05 0.533418 9.98946E-05 0.0553393 9.98946E-05 9.98946E-05 9.98946E-05 9.98946E-05 0.235106 9.98946E-05 9.98946E-05 9.98946E-05 0.0312239 0.0860406 0.0576733 9.98946E-05 9.98946E-05 9.98946E-05
9.98772E-05 0.208627 9.98772E-05 9.98772E-05 9.98772E-05 0.0721262 9.98772E-05 9.98772E-05 0.639956 9.98772E-05 9.98772E-05 9.98772E-05 9.98772E-05 9.98772E-05 9.98772E-05 0.0778918 9.98772E-05 9.98772E-05
9.98685E-05 0.137879 9.98685E-05 9.98685E-05 9.98685E-05 9.98685E-05 9.98685E-05 9.98685E-05 0.0643461 9.98685E-05 9.98685E-05 9.98685E-05 9.98685E-05 9.98685E-05 9.98685E-05 0.796277 9.98685E-05 9.98685E-05
9.98947E-05 0.306485 0.080593 0.0198715 9.98947E-05 9.98947E-05 0.0149935 9.98947E-05 0.215791 9.98947E-05 9.98947E-05 9.98947E-05 9.98947E-05 9.98947E-05 9.98947E-05 0.361067 9.98947E-05 9.98947E-05
9.98683E-05 9.98683E-05 0.236612 9.98683E-05 9.98683E-05 0.310417 9.98683E-05 9.98683E-05 0.451474 9.98683E-05 9.98683E-05 9.98683E-05 9.98683E-05 9.98683E-05 9.98683E-05 9.98683E-05 9.98683E-05 9.98683E-05
9.98772E-05 9.98772E-05 9.98772E-05 0.167943 9.98772E-05 9.98772E-05 9.98772E-05 0.0434303 0.73564 9.98772E-05 9.98772E-05 9.98772E-05 9.98772E-05 9.98772E-05 9.98772E-05 0.0515885 9.98772E-05 9.98772E-05
9.98859E-05 0.533844 9.98859E-05 0.107697 9.98859E-05 0.0392996 9.98859E-05 9.98859E-05 0.229313 9.98859E-05 9.98859E-05 9.98859E-05 9.98859E-05 9.98859E-05 0.0885476 9.98859E-05 9.98859E-05 9.98859E-05
9.98596E-05 0.323384 9.98596E-05 9.98596E-05 9.98596E-05 9.98596E-05 9.98596E-05 9.98596E-05 9.98596E-05 9.98596E-05 9.98596E-05 9.98596E-05 9.98596E-05 9.98596E-05 9.98596E-05 0.675018 9.98596E-05 9.98596E-05
9.99034E-05 9.99034E-05 0.143685 0.151367 9.99034E-05 9.99034E-05 9.99034E-05 0.053628 0.294867 9.99034E-05 9.99034E-05 0.00320666 9.99034E-05 9.99034E-05 0.0504566 0.30169 9.99034E-05 9.99034E-05
9.98947E-05 9.98947E-05 9.98947E-05 0.0572304 9.98947E-05 0.0474752 9.98947E-05 9.98947E-05 9.98947E-05 9.98947E-05 0.00247307 9.98947E-05 0.0279093 9.98947E-05 9.98947E-05 0.734483 9.98947E-05 0.12923
9.99036E-05 9.99036E-05 0.0597339 0.0565356 0.152893 0.00738712 9.99036E-05 9.99036E-05 0.187526 9.99036E-05 9.99036E-05 0.012372 9.99036E-05 9.99036E-05 9.99036E-05 0.522454 9.99036E-05 9.99036E-05
9.99122E-05 9.99122E-05 9.99122E-05 0.240439 9.99122E-05 0.237801 9.99122E-05 0.0570559 0.11223 9.99122E-05 9.99122E-05 9.99122E-05 0.00786495 9.99122E-05 0.017463 0.325992 9.99122E-05 0.000155348
9.98947E-05 0.313502 9.98947E-05 9.98947E-05 9.98947E-05 0.0721738 9.98947E-05 9.98947E-05 0.0217191 9.98947E-05 9.98947E-05 9.98947E-05 9.98947E-05 9.98947E-05 0.0405732 0.507947 0.0428855 9.98947E-05
9.98858E-05 9.98858E-05 9.98858E-05 9.98858E-05 9.98858E-05 0.0408303 9.98858E-05 9.98858E-05 0.273744 0.17391 9.98858E-05 0.0172921 9.98858E-05 9.98858E-05 9.98858E-05 0.492925 9.98858E-05 9.98858E-05
9.98947E-05 0.512557 9.98947E-05 0.113642 9.98947E-05 0.0326427 9.98947E-05 9.98947E-05 0.284458 9.98947E-05 9.98947E-05 9.98947E-05 9.98947E-05 9.98947E-05 9.98947E-05 0.0427692 0.0127325 9.98947E-05
9.98861E-05 0.0267879 9.98861E-05 0.00516154 9.98861E-05 0.0697933 9.98861E-05 9.98861E-05 0.823643 9.98861E-05 9.98861E-05 9.98861E-05 0.0733153 9.98861E-05 9.98861E-05 9.98861E-05 9.98861E-05 9.98861E-05
9.98771E-05 9.98771E-05 9.98771E-05 0.0113372 9.98771E-05 9.98771E-05 9.98771E-05 9.98771E-05 0.751777 9.98771E-05 9.98771E-05 9.98771E-05 9.98771E-05 9.98771E-05 9.98771E-05 0.214803 0.0206848 9.98771E-05
9.9877E-05 9.9877E-05 9.9877E-05 9.9877E-05 9.9877E-05 9.9877E-05 0.00110188 9.9877E-05 0.104753 0.0400043 9.9877E-05 9.9877E-05 9.9877E-05 9.9877E-05 9.9877E-05 0.852742 9.9877E-05 9.9877E-05
9.98858E-05 9.98858E-05 0.194035 0.189367 9.98858E-05 0.12435 9.98858E-05 9.98858E-05 0.338543 9.98858E-05 9.98858E-05 9.98858E-05 9.98858E-05 9.98858E-05 9.98858E-05 0.152407 9.98858E-05 9.98858E-05
9.9877E-05 9.9877E-05 9.9877E-05 0.140816 9.9877E-05 0.0589076 9.9877E-05 9.9877E-05 0.362101 9.9877E-05 9.9877E-05 9.9877E-05 9.9877E-05 9.9877E-05 9.9877E-05 0.436776 9.9877E-05 9.9877E-05
9.98682E-05 9.98682E-05 9.98682E-05 0.0485583 9.98682E-05 9.98682E-05 9.98682E-05 9.98682E-05 0.19421 9.98682E-05 9.98682E-05 9.98682E-05 9.98682E-05 9.98682E-05 9.98682E-05 0.755734 9.98682E-05 9.98682E-05
9.98772E-05 0.0143357 9.98772E-05 9.98772E-05 9.98772E-05 0.0148576 9.98772E-05 9.98772E-05 0.878791 9.98772E-05 9.98772E-05 9.98772E-05 9.98772E-05 9.98772E-05 0.0906171 9.98772E-05 9.98772E-05 9.98772E-05
9.98948E-05 0.12588 0.00936427 0.20337 9.98948E-05 9.98948E-05 9.98948E-05 9.98948E-05 0.373611 9.98948E-05 9.98948E-05 9.98948E-05 9.98948E-05 9.98948E-05 0.0148128 0.271763 9.98948E-05 9.98948E-05
9.98506E-05 9.98506E-05 9.98506E-05 9.98506E-05 9.98506E-05 0.998303 9.98506E-05 9.98506E-05 9.98506E-05 9.98506E-05 9.98506E-05 9.98506E-05 9.98506E-05 9.98506E-05 9.98506E-05 9.98506E-05 9.98506E-05 9.98506E-05
9.98505E-05 9.98505E-05 9.98505E-05 0.998303 9.98505E-05 9.98505E-05 9.98505E-05 9.98505E-05 9.98505E-05 9.98505E-05 9.98505E-05 9.98505E-05 9.98505E-05 9.98505E-05 9.98505E-05 9.98505E-05 9.98505E-05 9.98505E-05
9.98506E-05 9.98506E-05 9.98506E-05 9.98506E-05 9.98506E-05 0.998303 9.98506E-05 9.98506E-05 9.98506E-05 9.98506E-05 9.98506E-05 9.98506E-05 9.98506E-05 9.98506E-05 9.98506E-05 9.98506E-05 9.98506E-05 9.98506E-05
9.98506E-05 9.98506E-05 9.98506E-05 0.998303 9.98506E-05 9.98506E-05 9.98506E-05 9.98506E-05 9.98506E-05 9.98506E-05 9.98506E-05 9.98506E-05 9.98506E-05 9.98506E-05 9.98506E-05 9.98506E-05 9.98506E-05 9.98506E-05
9.98505E-05 9.98505E-05 9.98505E-05 0.998303 9.98505E-05 9.98505E-05 9.98505E-05 9.98505E-05 9.98505E-05 9.98505E-05 9.98505E-05 9.98505E-05 9.98505E-05 9.98505E-05 9.98505E-05 9.98505E-05 9.98505E-05 9.98505E-05
9.98506E-05 9.98506E-05 9.98506E-05 0.998303 9.98506E-05 9.98506E-05 9.98506E-05 9.98506E-05 9.98506E-05 9.98506E-05 9.98506E-05 9.98506E-05 9.98506E-05 9.98506E-05 9.98506E-05 9.98506E-05 9.98506E-05 9.98506E-05
9.98505E-05 9.98505E-05 9.98505E-05 9.98505E-05 9.98505E-05 0.998303 9.98505E-05 9.98505E-05 9.98505E-05 9.98505E-05 9.98505E-05 9.98505E-05 9.98505E-05 9.98505E-05 9.98505E-05 9.98505E-05 9.98505E-05 9.98505E-05
9.98505E-05 9.98505E-05 9.98505E-05 0.998303 9.98505E-05 9.98505E-05 9.98505E-05 9.98505E-05 9.98505E-05 9.98505E-05 9.98505E-05 9.98505E-05 9.98505E-05 9.98505E-05 9.98505E-05 9.98505E-05 9.98505E-05 9.98505E-05
9.98505E-05 9.98505E-05 9.98505E-05 0.998303 9.98505E-05 9.98505E-05 9.98505E-05 9.98505E-05 9.98505E-05 9.98505E-05 9.98505E-05 9.98505E-05 9.98505E-05 9.98505E-05 9.98505E-05 9.98505E-05 9.98505E-05 9.98505E-05
9.98506E-05 9.98506E-05 9.98506E-05 9.98506E-05 9.98506E-05 0.998303 9.98506E-05 9.98506E-05 9.98506E-05 9.98506E-05 9.98506E-05 9.98506E-05 9.98506E-05 9.98506E-05 9.98506E-05 9.98506E-05 9.98506E-05 9.98506E-05
9.98507E-05 9.98507E-05 9.98507E-05 9.98507E-05 9.98507E-05 0.998303 9.98507E-05 9.98507E-05 9.98507E-05 9.98507E-05 9.98507E-05 9.98507E-05 9.98507E-05 9.98507E-05 9.98507E-05 9.98507E-05 9.98507E-05 9.98507E-05
9.98505E-05 9.98505E-05 9.98505E-05 9.98505E-05 9.98505E-05 0.998303 9.98505E-05 9.98505E-05 9.98505E-05 9.98505E-05 9.98505E-05 9.98505E-05 9.98505E-05 9.98505E-05 9.98505E-05 9.98505E-05 9.98505E-05 9.98505E-05
9.98506E-05 9.98506E-05 9.98506E-05 0.998303 9.98506E-05 9.98506E-05 9.98506E-05 9.98506E-05 9.98506E-05 9.98506E-05 9.98506E-05 9.98506E-05 9.98506E-05 9.98506E-05 9.98506E-05 9.98506E-05 9.98506E-05 9.98506E-05
9.98505E-05 9.98505E-05 9.98505E-05 0.998303 9.98505E-05 9.98505E-05 9.98505E-05 9.98505E-05 9.98505E-05 9.98505E-05 9.98505E-05 9.98505E-05 9.98505E-05 9.98505E-05 9.98505E-05 9.98505E-05 9.98505E-05 9.98505E-05
9.98505E-05 9.98505E-05 9.98505E-05 9.98505E-05 9.98505E-05 0.998303 9.98505E-05 9.98505E-05 9.98505E-05 9.98505E-05 9.98505E-05 9.98505E-05 9.98505E-05 9.98505E-05 9.98505E-05 9.98505E-05 9.98505E-05 9.98505E-05
9.98506E-05 9.98506E-05 9.98506E-05 9.98506E-05 9.98506E-05 0.998303 9.98506E-05 9.98506E-05 9.98506E-05 9.98506E-05 9.98506E-05 9.98506E-05 9.98506E-05 9.98506E-05 9.98506E-05 9.98506E-05 9.98506E-05 9.98506E-05
9.99033E-05 9.99033E-05 9.99033E-05 0.0167007 0.0484528 0.0648967 9.99033E-05 9.99033E-05 0.614126 0.178608 9.99033E-05 0.0726342 9.99033E-05 9.99033E-05 0.00348178 9.99033E-05 9.99033E-05 9.99033E-05
9.98506E-05 9.98506E-05 9.98506E-05 9.98506E-05 9.98506E-05 0.998303 9.98506E-05 9.98506E-05 9.98506E-05 9.98506E-05 9.98506E-05 9.98506E-05 9.98506E-05 9.98506E-05 9.98506E-05 9.98506E-05 9.98506E-05 9.98506E-05
9.98506E-05 9.98506E-05 9.98506E-05 0.998303 9.98506E-05 9.98506E-05 9.98506E-05 9.98506E-05 9.98506E-05 9.98506E-05 9.98506E-05 9.98506E-05 9.98506E-05 9.98506E-05 9.98506E-05 9.98506E-05 9.98506E-05 9.98506E-05
9.98505E-05 9.98505E-05 9.98505E-05 9.98505E-05 9.98505E-05 0.998303 9.98505E-05 9.98505E-05 9.98505E-05 9.98505E-05 9.98505E-05 9.98505E-05 9.98505E-05 9.98505E-05 9.98505E-05 9.98505E-05 9.98505E-05 9.98505E-05
9.98505E-05 9.98505E-05 9.98505E-05 9.98505E-05 9.98505E-05 0.998303 9.98505E-05 9.98505E-05 9.98505E-05 9.98505E-05 9.98505E-05 9.98505E-05 9.98505E-05 9.98505E-05 9.98505E-05 9.98505E-05 9.98505E-05 9.98505E-05
9.98505E-05 9.98505E-05 9.98505E-05 9.98505E-05 9.98505E-05 0.998303 9.98505E-05 9.98505E-05 9.98505E-05 9.98505E-05 9.98505E-05 9.98505E-05 9.98505E-05 9.98505E-05 9.98505E-05 9.98505E-05 9.98505E-05 9.98505E-05
9.98505E-05 9.98505E-05 9.98505E-05 0.998303 9.98505E-05 9.98505E-05 9.98505E-05 9.98505E-05 9.98505E-05 9.98505E-05 9.98505E-05 9.98505E-05 9.98505E-05 9.98505E-05 9.98505E-05 9.98505E-05 9.98505E-05 9.98505E-05
9.98506E-05 9.98506E-05 9.98506E-05 9.98506E-05 9.98506E-05 0.998303 9.98506E-05 9.98506E-05 9.98506E-05 9.98506E-05 9.98506E-05 9.98506E-05 9.98506E-05 9.98506E-05 9.98506E-05 9.98506E-05 9.98506E-05 9.98506E-05
9.98506E-05 9.98506E-05 9.98506E-05 0.998303 9.98506E-05 9.98506E-05 9.98506E-05 9.98506E-05 9.98506E-05 9.98506E-05 9.98506E-05 9.98506E-05 9.98506E-05 9.98506E-05 9.98506E-05 9.98506E-05 9.98506E-05 9.98506E-05
9.98506E-05 9.98506E-05 9.98506E-05 9.98506E-05 9.98506E-05 0.998303 9.98506E-05 9.98506E-05 9.98506E-05 9.98506E-05 9.98506E-05 9.98506E-05 9.98506E-05 9.98506E-05 9.98506E-05 9.98506E-05 9.98506E-05 9.98506E-05
9.98505E-05 9.98505E-05 9.98505E-05 9.98505E-05 9.98505E-05 0.998303 9.98505E-05 9.98505E-05 9.98505E-05 9.98505E-05 9.98505E-05 9.98505E-05 9.98505E-05 9.98505E-05 9.98505E-05 9.98505E-05 9.98505E-05 9.98505E-05
9.98506E-05 9.98506E-05 9.98506E-05 0.998303 9.98506E-05 9.98506E-05 9.98506E-05 9.98506E-05 9.98506E-05 9.98506E-05 9.98506E-05 9.98506E-05 9.98506E-05 9.98506E-05 9.98506E-05 9.98506E-05 9.98506E-05 9.98506E-05
9.98506E-05 9.98506E-05 9.98506E-05 0.998303 9.98506E-05 9.98506E-05 9.98506E-05 9.98506E-05 9.98506E-05 9.98506E-05 9.98506E-05 9.98506E-05 9.98506E-05 9.98506E-05 9.98506E-05 9.98506E-05 9.98506E-05 9.98506E-05
9.98506E-05 9.98506E-05 9.98506E-05 0.998303 9.98506E-05 9.98506E-05 9.98506E-05 9.98506E-05 9.98506E-05 9.98506E-05 9.98506E-05 9.98506E-05 9.98506E-05 9.98506E-05 9.98506E-05 9.98506E-05 9.98506E-05 9.98506E-05
9.98505E-05 9.98505E-05 9.98505E-05 9.98505E-05 9.98505E-05 0.998303 9.98505E-05 9.98505E-05 9.98505E-05 9.98505E-05 9.98505E-05 9.98505E-05 9.98505E-05 9.98505E-05 9.98505E-05 9.98505E-05 9.98505E-05 9.98505E-05
9.98507E-05 9.98507E-05 9.98507E-05 9.98507E-05 9.98507E-05 0.998303 9.98507E-05 9.98507E-05 9.98507E-05 9.98507E-05 9.98507E-05 9.98507E-05 9.98507E-05 9.98507E-05 9.98507E-05 9.98507E-05 9.98507E-05 9.98507E-05
9.98505E-05 9.98505E-05 9.98505E-05 9.98505E-05 9.98505E-05 0.998303 9.98505E-05 9.98505E-05 9.98505E-05 9.98505E-05 9.98505E-05 9.98505E-05 9.98505E-05 9.98505E-05 9.98505E-05 9.98505E-05 9.98505E-05 9.98505E-05
9.98506E-05 9.98506E-05 9.98506E-05 9.98506E-05 9.98506E-05 0.998303 9.98506E-05 9.98506E-05 9.98506E-05 9.98506E-05 9.98506E-05 9.98506E-05 9.98506E-05 9.98506E-05 9.98506E-05 9.98506E-05 9.98506E-05 9.98506E-05
9.98505E-05 9.98505E-05 9.98505E-05 9.98505E-05 9.98505E-05 0.998303 9.98505E-05 9.98505E-05 9.98505E-05 9.98505E-05 9.98505E-05 9.98505E-05 9.98505E-05 9.98505E-05 9.98505E-05 9.98505E-05 9.98505E-05 9.98505E-05
9.98505E-05 9.98505E-05 9.98505E-05 0.998303 9.98505E-05 9.98505E-05 9.98505E-05 9.98505E-05 9.98505E-05 9.98505E-05 9.98505E-05 9.98505E-05 9.98505E-05 9.98505E-05 9.98505E-05 9.98505E-05 9.98505E-05 9.98505E-05
9.98505E-05 9.98505E-05 9.98505E-05 0.998303 9.98505E-05 9.98505E-05 9.98505E-05 9.98505E-05 9.98505E-05 9.98505E-05 9.98505E-05 9.98505E-05 9.98505E-05 9.98505E-05 9.98505E-05 9.98505E-05 9.98505E-05 9.98505E-05
9.98505E-05 9.98505E-05 9.98505E-05 0.998303 9.98505E-05 9.98505E-05 9.98505E-05 9.98505E-05 9.98505E-05 9.98505E-05 9.98505E-05 9.98505E-05 9.98505E-05 9.98505E-05 9.98505E-05 9.98505E-05 9.98505E-05 9.98505E-05
9.98506E-05 9.98506E-05 9.98506E-05 9.98506E-05 9.98506E-05 0.998303 9.98506E-05 9.98506E-05 9.98506E-05 9.98506E-05 9.98506E-05 9.98506E-05 9.98506E-05 9.98506E-05 9.98506E-05 9.98506E-05 9.98506E-05 9.98506E-05
9.98506E-05 9.98506E-05 9.98506E-05 0.998303 9.98506E-05 9.98506E-05 9.98506E-05 9.98506E-05 9.98506E-05 9.98506E-05 9.98506E-05 9.98506E-05 9.98506E-05 9.98506E-05 9.98506E-05 9.98506E-05 9.98506E-05 9.98506E-05
9.98505E-05 9.98505E-05 9.98505E-05 0.998303 9.98505E-05 9.98505E-05 9.98505E-05 9.98505E-05 9.98505E-05 9.98505E-05 9.98505E-05 9.98505E-05 9.98505E-05 9.98505E-05 9.98505E-05 9.98505E-05 9.98505E-05 9.98505E-05
9.98505E-05 9.98505E-05 9.98505E-05 0.998303 9.98505E-05 9.98505E-05 9.98505E-05 9.98505E-05 9.98505E-05 9.98505E-05 9.98505E-05 9.98505E-05 9.98505E-05 9.98505E-05 9.98505E-05 9.98505E-05 9.98505E-05 9.98505E-05
9.98506E-05 9.98506E-05 9.98506E-05 0.998303 9.98506E-05 9.98506E-05 9.98506E-05 9.98506E-05 9.98506E-05 9.98506E-05 9.98506E-05 9.98506E-05 9.98506E-05 9.98506E-05 9.98506E-05 9.98506E-05 9.98506E-05 9.98506E-05
9.98505E-05 9.98505E-05 9.98505E-05 9.98505E-05 9.98505E-05 0.998303 9.98505E-05 9.98505E-05 9.98505E-05 9.98505E-05 9.98505E-05 9.98505E-05 9.98505E-05 9.98505E-05 9.98505E-05 9.98505E-05 9.98505E-05 9.98505E-05
9.98506E-05 9.98506E-05 9.98506E-05 0.998303 9.98506E-05 9.98506E-05 9.98506E-05 9.98506E-05 9.98506E-05 9.98506E-05 9.98506E-05 9.98506E-05 9.98506E-05 9.98506E-05 9.98506E-05 9.98506E-05 9.98506E-05 9.98506E-05
9.98504E-05 9.98504E-05 9.98504E-05 0.998303 9.98504E-05 9.98504E-05 9.98504E-05 9.98504E-05 9.98504E-05 9.98504E-05 9.98504E-05 9.98504E-05 9.98504E-05 9.98504E-05 9.98504E-05 9.98504E-05 9.98504E-05 9.98504E-05
9.99033E-05 9.99033E-05 9.99033E-05 0.0140355 0.00649173 0.113692 9.99033E-05 9.99033E-05 0.646037 0.17556 9.99033E-05 0.00478302 9.99033E-05 9.99033E-05 0.0383015 9.99033E-05 9.99033E-05 9.99033E-05
