9.98946E-05 9.98946E-05 9.98946E-05 9.98946E-05 9.98946E-05 0.331113 0.16139 9.98946E-05 0.0429159 0.0544451 9.98946E-05 0.0129694 0.294706 0.0343828 9.98946E-05 0.0668791 9.98946E-05 9.98946E-05 9.98946E-05 9.98946E-05
9.98771E-05 9.98771E-05 9.98771E-05 9.98771E-05 9.98771E-05 0.645071 9.98771E-05 9.98771E-05 0.0436751 0.0646356 9.98771E-05 9.98771E-05 0.147945 0.0144783 9.98771E-05 9.98771E-05 0.0827966 9.98771E-05 9.98771E-05 9.98771E-05
9.98682E-05 9.98682E-05 9.98682E-05 9.98682E-05 0.0450679 0.855651 0.0035499 0.0567186 9.98682E-05 9.98682E-05 9.98682E-05 9.98682E-05 9.98682E-05 9.98682E-05 9.98682E-05 9.98682E-05 9.98682E-05 9.98682E-05 9.98682E-05 0.0375148
9.98947E-05 0.0147062 9.98947E-05 0.33295 0.109548 0.227352 0.143621 9.98947E-05 9.98947E-05 0.119834 9.98947E-05 9.98947E-05 9.98947E-05 0.0218835 9.98947E-05 0.0289069 9.98947E-05 9.98947E-05 9.98947E-05 9.98947E-05
9.98683E-05 0.011776 9.98683E-05 9.98683E-05 9.98683E-05 0.835655 9.98683E-05 0.0685413 0.0112533 9.98683E-05 9.98683E-05 9.98683E-05 9.98683E-05 9.98683E-05 0.0712769 9.98683E-05 9.98683E-05 9.98683E-05 9.98683E-05 9.98683E-05
9.9886E-05 0.110234 9.9886E-05 9.9886E-05 0.202255 0.161823 9.9886E-05 0.0016049 0.057417 9.9886E-05 9.9886E-05 9.9886E-05 0.223731 9.9886E-05 0.241636 9.9886E-05 9.9886E-05 9.9886E-05 9.9886E-05 9.9886E-05
9.99036E-05 9.99036E-05 0.101698 0.144283 9.99036E-05 0.200575 0.14046 9.99036E-05 0.134056 9.99036E-05 9.99036E-05 0.0493776 0.048285 0.137066 0.043101 9.99036E-05 9.99036E-05 9.99036E-05 9.99036E-05 9.99036E-05
0.0419013 0.18206 9.99035E-05 9.99035E-05 9.99035E-05 0.1534 0.106603 0.207455 9.99035E-05 9.99035E-05 9.99035E-05 9.99035E-05 0.15062 0.0297512 0.0553537 9.99035E-05 9.99035E-05 9.99035E-05 0.0717565 9.99035E-05
9.9886E-05 0.242265 9.9886E-05 9.9886E-05 9.9886E-05 0.258747 9.9886E-05 9.9886E-05 0.0156832 0.0804418 0.00678592 0.153701 9.9886E-05 9.9886E-05 9.9886E-05 0.241077 9.9886E-05 9.9886E-05 9.9886E-05 9.9886E-05
9.98596E-05 9.98596E-05 9.98596E-05 9.98596E-05 9.98596E-05 0.822582 9.98596E-05 9.98596E-05 9.98596E-05 9.98596E-05 9.98596E-05 0.00675393 9.98596E-05 9.98596E-05 9.98596E-05 0.138037 9.98596E-05 9.98596E-05 0.0310285 9.98596E-05
9.98771E-05 0.0184547 9.98771E-05 9.98771E-05 9.98771E-05 0.437559 0.122247 9.98771E-05 9.98771E-05 9.98771E-05 9.98771E-05 9.98771E-05 0.137284 0.0791713 9.98771E-05 0.203886 9.98771E-05 9.98771E-05 9.98771E-05 9.98771E-05
0.0326899 9.98771E-05 9.98771E-05 9.98771E-05 9.98771E-05 0.841521 9.98771E-05 0.00762326 9.98771E-05 9.98771E-05 9.98771E-05 9.98771E-05 0.0189262 0.0397522 0.0580892 9.98771E-05 9.98771E-05 9.98771E-05 9.98771E-05 9.98771E-05
9.98597E-05 9.98597E-05 9.98597E-05 9.98597E-05 9.98597E-05 0.777735 0.120796 9.98597E-05 9.98597E-05 9.98597E-05 9.98597E-05 9.98597E-05 9.98597E-05 9.98597E-05 9.98597E-05 0.0840007 0.0158704 9.98597E-05 9.98597E-05 9.98597E-05
0.0180741 9.98948E-05 9.98948E-05 9.98948E-05 0.091595 0.626224 0.024871 9.98948E-05 9.98948E-05 9.98948E-05 9.98948E-05 9.98948E-05 9.98948E-05 0.0905333 9.98948E-05 0.0676445 9.98948E-05 0.050671 9.98948E-05 0.0291882
9.98772E-05 0.0853249 9.98772E-05 9.98772E-05 0.170702 0.258921 9.98772E-05 9.98772E-05 9.98772E-05 9.98772E-05 9.98772E-05 9.98772E-05 0.317374 9.98772E-05 9.98772E-05 0.0760829 9.98772E-05 9.98772E-05 9.98772E-05 0.0901968
0.149889 0.168417 9.99034E-05 0.0416478 9.99034E-05 0.145629 0.128828 9.99034E-05 9.99034E-05 0.0251635 9.99034E-05 9.99034E-05 0.251182 9.99034E-05 0.00535868 0.0827857 9.99034E-05 9.99034E-05 9.99034E-05 9.99034E-05
0.0321194 9.98947E-05 9.98947E-05 0.0296943 9.98947E-05 0.553841 0.0489766 9.98947E-05 0.0876953 9.98947E-05 9.98947E-05 9.98947E-05 9.98947E-05 0.0470404 9.98947E-05 0.0638004 9.98947E-05 0.135634 9.98947E-05 9.98947E-05
9.98947E-05 9.98947E-05 9.98947E-05 9.98947E-05 0.026217 0.0677904 0.160223 9.98947E-05 9.98947E-05 9.98947E-05 0.127286 0.00292137 0.355541 9.98947E-05 9.98947E-05 0.0924404 9.98947E-05 9.98947E-05 0.166382 9.98947E-05
9.98859E-05 0.117186 9.98859E-05 9.98859E-05 9.98859E-05 0.197763 0.231985 9.98859E-05 9.98859E-05 0.0440869 0.0250837 9.98859E-05 9.98859E-05 9.98859E-05 0.130797 0.251799 9.98859E-05 9.98859E-05 9.98859E-05 9.98859E-05
9.98508E-05 9.98508E-05 9.98508E-05 9.98508E-05 9.98508E-05 0.942829 9.98508E-05 9.98508E-05 9.98508E-05 0.0524245 9.98508E-05 9.98508E-05 9.98508E-05 9.98508E-05 9.98508E-05 0.0030486 9.98508E-05 9.98508E-05 9.98508E-05 9.98508E-05
0.141583 0.150172 9.99123E-05 0.0257294 9.99123E-05 0.455991 0.056902 0.0328549 9.99123E-05 0.0304724 0.0359276 9.99123E-05 9.99123E-05 0.0443565 9.99123E-05 0.025013 9.99123E-05 9.99123E-05 9.99123E-05 9.99123E-05
9.9886E-05 0.146788 9.9886E-05 9.9886E-05 0.0300793 0.244515 0.310332 0.106983 9.9886E-05 9.9886E-05 9.9886E-05 9.9886E-05 9.9886E-05 9.9886E-05 0.0945091 9.9886E-05 0.065495 9.9886E-05 9.9886E-05 9.9886E-05
9.98773E-05 9.98773E-05 9.98773E-05 0.0624651 0.000723127 0.479344 9.98773E-05 9.98773E-05 9.98773E-05 9.98773E-05 9.98773E-05 9.98773E-05 0.226674 0.116283 9.98773E-05 0.113113 9.98773E-05 9.98773E-05 9.98773E-05 9.98773E-05
9.98684E-05 9.98684E-05 9.98684E-05 9.98684E-05 9.98684E-05 0.321786 0.268233 9.98684E-05 9.98684E-05 9.98684E-05 9.98684E-05 0.16994 0.0321468 9.98684E-05 9.98684E-05 0.206396 9.98684E-05 9.98684E-05 9.98684E-05 9.98684E-05
9.98859E-05 0.0111511 9.98859E-05 9.98859E-05 0.137309 0.236539 0.146946 9.98859E-05 9.98859E-05 0.137028 9.98859E-05 9.98859E-05 9.98859E-05 9.98859E-05 9.98859E-05 0.230952 9.98859E-05 9.98859E-05 9.98859E-05 0.0987761
9.99034E-05 0.00920252 9.99034E-05 0.0528746 0.109319 0.527914 0.135767 0.0190181 9.99034E-05 9.99034E-05 9.99034E-05 9.99034E-05 0.067998 9.99034E-05 9.99034E-05 0.0721136 0.00469406 9.99034E-05 9.99034E-05 9.99034E-05
0.0427391 9.98771E-05 9.98771E-05 9.98771E-05 0.22202 9.98771E-05 0.225202 9.98771E-05 9.98771E-05 9.98771E-05 9.98771E-05 9.98771E-05 9.98771E-05 9.98771E-05 9.98771E-05 0.127495 0.262881 9.98771E-05 0.118264 9.98771E-05
9.98772E-05 9.98772E-05 9.98772E-05 0.123106 0.0184228 0.649338 0.137523 9.98772E-05 0.0211123 9.98772E-05 9.98772E-05 9.98772E-05 9.98772E-05 9.98772E-05 9.98772E-05 0.0490995 9.98772E-05 9.98772E-05 9.98772E-05 9.98772E-05
9.98948E-05 9.98948E-05 9.98948E-05 0.0488192 9.98948E-05 0.517169 0.0301689 9.98948E-05 9.98948E-05 9.98948E-05 9.98948E-05 0.00574574 0.0742423 0.0293708 9.98948E-05 0.199312 0.0939739 9.98948E-05 9.98948E-05 9.98948E-05
9.99035E-05 0.0423147 9.99035E-05 9.99035E-05 0.0155955 0.723807 9.99035E-05 9.99035E-05 9.99035E-05 9.99035E-05 9.99035E-05 0.00828637 0.0551631 0.01653 0.0236706 0.0794605 9.99035E-05 0.0340732 9.99035E-05 9.99035E-05
9.99034E-05 0.0157676 9.99034E-05 9.99034E-05 9.99034E-05 0.61946 0.00478817 9.99034E-05 9.99034E-05 9.99034E-05 9.99034E-05 9.99034E-05 0.0580998 0.10781 0.0251179 0.0394404 0.102815 9.99034E-05 9.99034E-05 0.0256023
9.9886E-05 9.9886E-05 9.9886E-05 9.9886E-05 0.243799 0.418672 0.0385994 9.9886E-05 9.9886E-05 0.016154 9.9886E-05 9.9886E-05 0.150175 0.0214912 9.9886E-05 0.109811 9.9886E-05 9.9886E-05 9.9886E-05 9.9886E-05
0.028932 9.98859E-05 9.98859E-05 9.98859E-05 0.0185139 0.465628 0.135344 9.98859E-05 9.98859E-05 9.98859E-05 9.98859E-05 9.98859E-05 0.115565 0.0709322 9.98859E-05 0.163786 9.98859E-05 9.98859E-05 9.98859E-05 9.98859E-05
9.99034E-05 9.99034E-05 9.99034E-05 0.00483124 0.173588 0.420697 0.186484 9.99034E-05 9.99034E-05 9.99034E-05 9.99034E-05 0.0195877 9.99034E-05 0.0241139 0.0165302 0.109975 9.99034E-05 9.99034E-05 0.0430932 9.99034E-05
9.98772E-05 9.98772E-05 9.98772E-05 9.98772E-05 9.98772E-05 0.789868 9.98772E-05 9.98772E-05 0.0398262 0.0839486 9.98772E-05 9.98772E-05 9.98772E-05 0.0152436 9.98772E-05 0.0104775 0.0592377 9.98772E-05 9.98772E-05 9.98772E-05
9.98947E-05 9.98947E-05 9.98947E-05 0.186198 9.98947E-05 0.544584 0.048356 9.98947E-05 9.98947E-05 9.98947E-05 0.00409805 9.98947E-05 0.00100056 0.0494771 9.98947E-05 0.0314522 0.133636 9.98947E-05 9.98947E-05 9.98947E-05
9.98685E-05 9.98685E-05 0.0222295 9.98685E-05 9.98685E-05 0.838087 9.98685E-05 9.98685E-05 0.000118085 9.98685E-05 9.98685E-05 9.98685E-05 9.98685E-05 0.0127942 0.125273 9.98685E-05 9.98685E-05 9.98685E-05 9.98685E-05 9.98685E-05
9.98684E-05 0.140542 9.98684E-05 9.98684E-05 9.98684E-05 0.635698 9.98684E-05 9.98684E-05 0.0201106 0.102354 9.98684E-05 9.98684E-05 9.98684E-05 9.98684E-05 9.98684E-05 0.0997975 9.98684E-05 9.98684E-05 9.98684E-05 9.98684E-05
0.0206557 0.0427948 9.99123E-05 9.99123E-05 9.99123E-05 0.49254 0.052224 0.090668 0.0714747 0.0275568 9.99123E-05 9.99123E-05 9.99123E-05 0.0124337 9.99123E-05 0.13142 9.99123E-05 0.0572331 9.99123E-05 9.99123E-05
0.0933475 9.98772E-05 9.98772E-05 9.98772E-05 0.140089 0.474822 0.155799 9.98772E-05 9.98772E-05 9.98772E-05 9.98772E-05 9.98772E-05 9.98772E-05 9.98772E-05 0.0237751 0.11077 9.98772E-05 9.98772E-05 9.98772E-05 9.98772E-05
9.98859E-05 0.0121757 9.98859E-05 9.98859E-05 9.98859E-05 0.727384 0.0791166 9.98859E-05 9.98859E-05 9.98859E-05 9.98859E-05 9.98859E-05 9.98859E-05 0.0186463 0.0360839 0.0122966 0.112998 9.98859E-05 9.98859E-05 9.98859E-05
9.98772E-05 0.000240193 9.98772E-05 9.98772E-05 9.98772E-05 0.53003 0.181497 9.98772E-05 9.98772E-05 9.98772E-05 9.98772E-05 0.018115 9.98772E-05 9.98772E-05 9.98772E-05 0.0967851 0.171934 9.98772E-05 9.98772E-05 9.98772E-05
9.98597E-05 9.98597E-05 0.0219565 9.98597E-05 9.98597E-05 0.778656 9.98597E-05 9.98597E-05 9.98597E-05 9.98597E-05 9.98597E-05 9.98597E-05 9.98597E-05 9.98597E-05 9.98597E-05 9.98597E-05 0.194819 9.98597E-05 9.98597E-05 0.0029708
9.99123E-05 0.0228236 9.99123E-05 0.00146166 9.99123E-05 0.285481 0.160953 0.00959744 0.0193833 9.99123E-05 9.99123E-05 0.140882 0.07585 0.0421275 9.99123E-05 0.240441 9.99123E-05 9.99123E-05 9.99123E-05 9.99123E-05
9.99036E-05 9.99036E-05 9.99036E-05 0.160296 9.99036E-05 0.17326 0.33708 0.0513497 9.99036E-05 0.00723088 0.0497494 0.0202293 9.99036E-05 9.99036E-05 0.064309 0.135397 9.99036E-05 9.99036E-05 9.99036E-05 9.99036E-05
9.98683E-05 9.98683E-05 9.98683E-05 9.98683E-05 9.98683E-05 0.811223 9.98683E-05 9.98683E-05 9.98683E-05 9.98683E-05 0.116587 9.98683E-05 9.98683E-05 9.98683E-05 0.0177006 0.0455127 9.98683E-05 9.98683E-05 0.00747885 9.98683E-05
9.98684E-05 0.0357186 9.98684E-05 0.0557714 9.98684E-05 0.777029 9.98684E-05 9.98684E-05 9.98684E-05 9.98684E-05 9.98684E-05 9.98684E-05 9.98684E-05 9.98684E-05 9.98684E-05 0.0954642 9.98684E-05 9.98684E-05 0.0345192 9.98684E-05
0.00920207 9.98859E-05 0.0101875 9.98859E-05 9.98859E-05 0.836431 9.98859E-05 0.0272371 9.98859E-05 9.98859E-05 0.00020935 9.98859E-05 0.0568431 9.98859E-05 9.98859E-05 0.0585911 9.98859E-05 9.98859E-05 9.98859E-05 9.98859E-05
9.98859E-05 9.98859E-05 9.98859E-05 9.98859E-05 9.98859E-05 0.619376 0.155817 9.98859E-05 9.98859E-05 9.98859E-05 9.98859E-05 9.98859E-05 0.04119 0.0235936 0.0302815 0.124809 0.00363518 9.98859E-05 9.98859E-05 9.98859E-05
9.98862E-05 0.0345906 0.107005 9.98862E-05 9.98862E-05 0.740439 0.0201766 9.98862E-05 9.98862E-05 9.98862E-05 9.98862E-05 9.98862E-05 9.98862E-05 0.0123092 0.0553572 9.98862E-05 9.98862E-05 9.98862E-05 0.0288236 9.98862E-05
9.98947E-05 9.98947E-05 9.98947E-05 0.0560413 0.176704 0.204049 9.98947E-05 9.98947E-05 9.98947E-05 0.150337 9.98947E-05 0.0229347 9.98947E-05 0.0513098 9.98947E-05 0.215064 0.122361 9.98947E-05 9.98947E-05 9.98947E-05
9.98684E-05 9.98684E-05 9.98684E-05 0.129109 9.98684E-05 0.579615 0.186065 0.00481586 9.98684E-05 9.98684E-05 9.98684E-05 0.0988977 9.98684E-05 9.98684E-05 9.98684E-05 9.98684E-05 9.98684E-05 9.98684E-05 9.98684E-05 9.98684E-05
9.98597E-05 9.98597E-05 9.98597E-05 9.98597E-05 9.98597E-05 0.86897 9.98597E-05 9.98597E-05 0.0100424 9.98597E-05 9.98597E-05 9.98597E-05 9.98597E-05 9.98597E-05 9.98597E-05 0.0716432 9.98597E-05 9.98597E-05 0.0477467 9.98597E-05
0.17927 9.99036E-05 0.0257847 9.99036E-05 9.99036E-05 0.531899 9.99036E-05 9.99036E-05 9.99036E-05 0.0868993 9.99036E-05 9.99036E-05 0.11869 0.0241239 9.99036E-05 0.0287512 9.99036E-05 9.99036E-05 0.00175861 0.00172439
9.98509E-05 9.98509E-05 9.98509E-05 9.98509E-05 9.98509E-05 0.730512 9.98509E-05 9.98509E-05 9.98509E-05 9.98509E-05 9.98509E-05 9.98509E-05 9.98509E-05 9.98509E-05 9.98509E-05 0.11969 9.98509E-05 9.98509E-05 9.98509E-05 0.148101
9.98773E-05 9.98773E-05 9.98773E-05 9.98773E-05 0.161397 0.595979 9.98773E-05 0.171866 9.98773E-05 0.0365578 9.98773E-05 9.98773E-05 0.0312637 9.98773E-05 0.00153799 9.98773E-05 9.98773E-05 9.98773E-05 9.98773E-05 9.98773E-05
9.98772E-05 0.066916 9.98772E-05 9.98772E-05 9.98772E-05 0.610235 0.0365789 9.98772E-05 9.98772E-05 9.98772E-05 9.98772E-05 9.98772E-05 9.98772E-05 9.98772E-05 0.094412 0.100776 9.98772E-05 9.98772E-05 0.0896836 9.98772E-05
9.98685E-05 9.98685E-05 9.98685E-05 0.1464 9.98685E-05 0.738732 0.00679923 9.98685E-05 9.98685E-05 9.98685E-05 9.98685E-05 9.98685E-05 9.98685E-05 0.0201529 9.98685E-05 0.0864176 9.98685E-05 9.98685E-05 9.98685E-05 9.98685E-05
9.98859E-05 9.98859E-05 0.0789936 0.0036963 9.98859E-05 0.833302 9.98859E-05 9.98859E-05 0.0327659 9.98859E-05 9.98859E-05 9.98859E-05 9.98859E-05 0.00104799 9.98859E-05 0.00895541 0.0399407 9.98859E-05 9.98859E-05 9.98859E-05
9.98595E-05 0.0440747 9.98595E-05 9.98595E-05 9.98595E-05 9.98595E-05 9.98595E-05 9.98595E-05 0.0477106 9.98595E-05 9.98595E-05 9.98595E-05 0.745346 9.98595E-05 9.98595E-05 0.161271 9.98595E-05 9.98595E-05 9.98595E-05 9.98595E-05
9.9851E-05 9.9851E-05 9.9851E-05 0.0117812 9.9851E-05 9.9851E-05 9.9851E-05 9.9851E-05 9.9851E-05 0.0131934 9.9851E-05 9.9851E-05 0.973328 9.9851E-05 9.9851E-05 9.9851E-05 9.9851E-05 9.9851E-05 9.9851E-05 9.9851E-05
9.9842E-05 9.9842E-05 9.9842E-05 9.9842E-05 9.9842E-05 9.9842E-05 9.9842E-05 9.9842E-05 9.9842E-05 9.9842E-05 9.9842E-05 9.9842E-05 0.98328 9.9842E-05 9.9842E-05 9.9842E-05 9.9842E-05 9.9842E-05 0.0149229 9.9842E-05
9.98772E-05 0.123927 0.0272861 9.98772E-05 0.110137 9.98772E-05 9.98772E-05 9.98772E-05 0.393189 9.98772E-05 9.98772E-05 9.98772E-05 0.295977 9.98772E-05 9.98772E-05 9.98772E-05 9.98772E-05 9.98772E-05 0.0480852 9.98772E-05
9.98769E-05 0.0653269 9.98769E-05 9.98769E-05 9.98769E-05 9.98769E-05 0.124757 9.98769E-05 9.98769E-05 9.98769E-05 0.0739593 9.98769E-05 0.705577 9.98769E-05 0.0125336 9.98769E-05 9.98769E-05 9.98769E-05 0.016447 9.98769E-05
9.98682E-05 0.0675354 9.98682E-05 9.98682E-05 9.98682E-05 9.98682E-05 0.050074 9.98682E-05 9.98682E-05 9.98682E-05 9.98682E-05 0.0316241 0.674038 9.98682E-05 9.98682E-05 0.175231 9.98682E-05 9.98682E-05 9.98682E-05 9.98682E-05
9.9877E-05 0.00224762 9.9877E-05 0.127884 9.9877E-05 9.9877E-05 9.9877E-05 9.9877E-05 0.16386 9.9877E-05 9.9877E-05 9.9877E-05 0.589707 0.0370445 9.9877E-05 0.0778584 9.9877E-05 9.9877E-05 9.9877E-05 9.9877E-05
9.99032E-05 0.0827828 0.00325691 9.99032E-05 0.0789879 9.99032E-05 9.99032E-05 9.99032E-05 0.062896 9.99032E-05 9.99032E-05 9.99032E-05 0.557231 0.0129545 0.0765978 0.115858 9.99032E-05 9.99032E-05 0.00833591 9.99032E-05
9.98333E-05 9.98333E-05 9.98333E-05 9.98333E-05 9.98333E-05 9.98333E-05 9.98333E-05 9.98333E-05 9.98333E-05 9.98333E-05 9.98333E-05 9.98333E-05 0.998103 9.98333E-05 9.98333E-05 9.98333E-05 9.98333E-05 9.98333E-05 9.98333E-05 9.98333E-05
9.98332E-05 9.98332E-05 9.98332E-05 9.98332E-05 9.98332E-05 9.98332E-05 9.98332E-05 9.98332E-05 9.98332E-05 9.98332E-05 9.98332E-05 9.98332E-05 0.998103 9.98332E-05 9.98332E-05 9.98332E-05 9.98332E-05 9.98332E-05 9.98332E-05 9.98332E-05
9.98682E-05 0.0207034 9.98682E-05 9.98682E-05 9.98682E-05 9.98682E-05 9.98682E-05 9.98682E-05 9.98682E-05 9.98682E-05 0.0684801 9.98682E-05 0.493826 0.101356 9.98682E-05 0.314136 9.98682E-05 9.98682E-05 9.98682E-05 9.98682E-05
0.0215694 9.99209E-05 0.0206311 0.0041683 9.99209E-05 9.99209E-05 0.138033 9.99209E-05 0.120084 0.00967412 9.99209E-05 9.99209E-05 0.435153 0.0679686 0.0136944 0.0545034 9.99209E-05 9.99209E-05 9.99209E-05 0.113621
0.049489 0.175542 9.99033E-05 0.0069866 9.99033E-05 9.99033E-05 0.0386769 0.100804 9.99033E-05 0.00763745 9.99033E-05 0.0146403 0.518002 0.0871236 9.99033E-05 9.99033E-05 9.99033E-05 9.99033E-05 9.99033E-05 9.99033E-05
9.98682E-05 9.98682E-05 9.98682E-05 9.98682E-05 9.98682E-05 9.98682E-05 0.194821 9.98682E-05 0.0682565 9.98682E-05 9.98682E-05 9.98682E-05 0.516417 9.98682E-05 0.0148041 0.204203 9.98682E-05 9.98682E-05 9.98682E-05 9.98682E-05
9.986E-05 9.986E-05 9.986E-05 9.986E-05 9.986E-05 9.986E-05 9.986E-05 9.986E-05 9.986E-05 9.986E-05 9.986E-05 0.0194931 0.865948 9.986E-05 9.986E-05 0.0317215 0.0812398 9.986E-05 9.986E-05 9.986E-05
9.9851E-05 0.0744169 9.9851E-05 9.9851E-05 9.9851E-05 9.9851E-05 9.9851E-05 9.9851E-05 9.9851E-05 0.011448 9.9851E-05 9.9851E-05 0.912438 9.9851E-05 9.9851E-05 9.9851E-05 9.9851E-05 9.9851E-05 9.9851E-05 9.9851E-05
9.98681E-05 9.98681E-05 0.0421704 9.98681E-05 0.0717155 9.98681E-05 9.98681E-05 9.98681E-05 9.98681E-05 9.98681E-05 9.98681E-05 9.98681E-05 0.757578 9.98681E-05 0.0472004 9.98681E-05 9.98681E-05 9.98681E-05 0.0798373 9.98681E-05
9.98771E-05 0.0313318 9.98771E-05 0.0267852 9.98771E-05 9.98771E-05 0.10604 9.98771E-05 9.98771E-05 9.98771E-05 9.98771E-05 9.98771E-05 0.701513 0.100759 0.0321735 9.98771E-05 9.98771E-05 9.98771E-05 9.98771E-05 9.98771E-05
9.98771E-05 9.98771E-05 9.98771E-05 9.98771E-05 9.98771E-05 9.98771E-05 0.00887782 9.98771E-05 9.98771E-05 9.98771E-05 9.98771E-05 9.98771E-05 0.854891 0.0165231 0.000927716 0.0492083 9.98771E-05 9.98771E-05 0.0681733 9.98771E-05
0.0547399 9.98681E-05 9.98681E-05 9.98681E-05 9.98681E-05 9.98681E-05 9.98681E-05 9.98681E-05 9.98681E-05 0.0208803 9.98681E-05 9.98681E-05 0.549468 9.98681E-05 9.98681E-05 0.199734 0.17368 9.98681E-05 9.98681E-05 9.98681E-05
9.98424E-05 9.98424E-05 9.98424E-05 9.98424E-05 9.98424E-05 9.98424E-05 9.98424E-05 9.98424E-05 9.98424E-05 9.98424E-05 9.98424E-05 9.98424E-05 0.96183 9.98424E-05 9.98424E-05 9.98424E-05 9.98424E-05 0.0363728 9.98424E-05 9.98424E-05
9.98594E-05 9.98594E-05 9.98594E-05 9.98594E-05 9.98594E-05 9.98594E-05 0.298161 9.98594E-05 9.98594E-05 9.98594E-05 9.98594E-05 9.98594E-05 0.613259 9.98594E-05 0.00667787 0.0803047 9.98594E-05 9.98594E-05 9.98594E-05 9.98594E-05
9.98772E-05 9.98772E-05 9.98772E-05 9.98772E-05 0.162956 9.98772E-05 0.0252447 9.98772E-05 0.0165478 0.010747 9.98772E-05 9.98772E-05 0.746672 9.98772E-05 9.98772E-05 0.0364348 9.98772E-05 9.98772E-05 9.98772E-05 9.98772E-05
9.98859E-05 0.061244 9.98859E-05 9.98859E-05 0.0075422 9.98859E-05 9.98859E-05 9.98859E-05 9.98859E-05 9.98859E-05 9.98859E-05 9.98859E-05 0.601296 0.0192822 0.150895 0.0634244 9.98859E-05 9.98859E-05 0.0950182 9.98859E-05
9.98506E-05 9.98506E-05 9.98506E-05 9.98506E-05 9.98506E-05 9.98506E-05 9.98506E-05 9.98506E-05 9.98506E-05 9.98506E-05 9.98506E-05 9.98506E-05 0.830885 0.0952403 9.98506E-05 0.0721768 9.98506E-05 9.98506E-05 9.98506E-05 9.98506E-05
9.9851E-05 0.000623983 9.9851E-05 9.9851E-05 9.9851E-05 9.9851E-05 9.9851E-05 9.9851E-05 9.9851E-05 9.9851E-05 9.9851E-05 9.9851E-05 0.993981 9.9851E-05 9.9851E-05 0.00369794 9.9851E-05 9.9851E-05 9.9851E-05 9.9851E-05
9.98336E-05 9.98336E-05 9.98336E-05 9.98336E-05 9.98336E-05 9.98336E-05 9.98336E-05 9.98336E-05 9.98336E-05 9.98336E-05 9.98336E-05 9.98336E-05 0.998103 9.98336E-05 9.98336E-05 9.98336E-05 9.98336E-05 9.98336E-05 9.98336E-05 9.98336E-05
9.98334E-05 9.98334E-05 9.98334E-05 9.98334E-05 9.98334E-05 9.98334E-05 9.98334E-05 9.98334E-05 9.98334E-05 9.98334E-05 9.98334E-05 9.98334E-05 0.998103 9.98334E-05 9.98334E-05 9.98334E-05 9.98334E-05 9.98334E-05 9.98334E-05 9.98334E-05
9.98509E-05 9.98509E-05 9.98509E-05 9.98509E-05 9.98509E-05 9.98509E-05 9.98509E-05 9.98509E-05 9.98509E-05 9.98509E-05 9.98509E-05 9.98509E-05 0.761345 9.98509E-05 9.98509E-05 0.0276178 9.98509E-05 9.98509E-05 0.209339 9.98509E-05
9.98685E-05 0.0804765 9.98685E-05 9.98685E-05 9.98685E-05 9.98685E-05 9.98685E-05 9.98685E-05 9.98685E-05 9.98685E-05 9.98685E-05 9.98685E-05 0.446944 9.98685E-05 9.98685E-05 0.166096 0.141432 0.163554 9.98685E-05 9.98685E-05
9.98508E-05 0.124675 9.98508E-05 9.98508E-05 0.728761 9.98508E-05 9.98508E-05 9.98508E-05 9.98508E-05 9.98508E-05 9.98508E-05 9.98508E-05 9.98508E-05 9.98508E-05 9.98508E-05 0.144867 9.98508E-05 9.98508E-05 9.98508E-05 9.98508E-05
9.98597E-05 0.0117678 9.98597E-05 9.98597E-05 0.544597 9.98597E-05 9.98597E-05 9.98597E-05 9.98597E-05 9.98597E-05 9.98597E-05 9.98597E-05 9.98597E-05 9.98597E-05 9.98597E-05 0.022984 9.98597E-05 0.419053 9.98597E-05 9.98597E-05
9.98508E-05 9.98508E-05 9.98508E-05 9.98508E-05 0.882302 9.98508E-05 0.00977693 9.98508E-05 9.98508E-05 9.98508E-05 9.98508E-05 9.98508E-05 9.98508E-05 9.98508E-05 9.98508E-05 0.106223 9.98508E-05 9.98508E-05 9.98508E-05 9.98508E-05
9.98506E-05 0.0130925 9.98506E-05 9.98506E-05 0.796869 9.98506E-05 9.98506E-05 9.98506E-05 9.98506E-05 9.98506E-05 9.98506E-05 9.98506E-05 9.98506E-05 9.98506E-05 9.98506E-05 0.188341 9.98506E-05 9.98506E-05 9.98506E-05 9.98506E-05
9.98594E-05 0.0222849 9.98594E-05 9.98594E-05 0.929794 9.98594E-05 9.98594E-05 9.98594E-05 9.98594E-05 9.98594E-05 0.0187565 9.98594E-05 9.98594E-05 9.98594E-05 9.98594E-05 9.98594E-05 9.98594E-05 9.98594E-05 0.0275672 9.98594E-05
9.98685E-05 0.127724 9.98685E-05 0.0163737 0.623227 9.98685E-05 9.98685E-05 9.98685E-05 0.0807097 9.98685E-05 9.98685E-05 9.98685E-05 9.98685E-05 9.98685E-05 9.98685E-05 0.150468 9.98685E-05 9.98685E-05 9.98685E-05 9.98685E-05
9.98683E-05 0.0849145 9.98683E-05 9.98683E-05 0.732906 9.98683E-05 0.0702295 9.98683E-05 9.98683E-05 9.98683E-05 9.98683E-05 9.98683E-05 9.98683E-05 0.0123032 9.98683E-05 0.0981492 9.98683E-05 9.98683E-05 9.98683E-05 9.98683E-05
9.9842E-05 0.184548 9.9842E-05 9.9842E-05 0.813654 9.9842E-05 9.9842E-05 9.9842E-05 9.9842E-05 9.9842E-05 9.9842E-05 9.9842E-05 9.9842E-05 9.9842E-05 9.9842E-05 9.9842E-05 9.9842E-05 9.9842E-05 9.9842E-05 9.9842E-05
9.98769E-05 0.392897 9.98769E-05 9.98769E-05 0.36187 9.98769E-05 9.98769E-05 9.98769E-05 0.212395 9.98769E-05 9.98769E-05 9.98769E-05 9.98769E-05 9.98769E-05 9.98769E-05 0.0159477 0.00136547 9.98769E-05 9.98769E-05 0.0141264
9.98595E-05 0.221576 9.98595E-05 0.00495546 0.524111 9.98595E-05 9.98595E-05 9.98595E-05 9.98595E-05 9.98595E-05 9.98595E-05 9.98595E-05 9.98595E-05 9.98595E-05 9.98595E-05 0.247759 9.98595E-05 9.98595E-05 9.98595E-05 9.98595E-05
9.98685E-05 9.98685E-05 9.98685E-05 9.98685E-05 0.463907 9.98685E-05 9.98685E-05 9.98685E-05 0.281003 9.98685E-05 9.98685E-05 9.98685E-05 9.98685E-05 0.0468817 9.98685E-05 0.0247921 9.98685E-05 0.181918 9.98685E-05 9.98685E-05
9.98685E-05 9.98685E-05 9.98685E-05 9.98685E-05 0.642976 9.98685E-05 9.98685E-05 9.98685E-05 0.183625 9.98685E-05 0.0238057 9.98685E-05 9.98685E-05 9.98685E-05 9.98685E-05 0.0683921 9.98685E-05 0.0797038 9.98685E-05 9.98685E-05
9.98598E-05 0.0598851 9.98598E-05 0.0110165 0.893273 9.98598E-05 9.98598E-05 9.98598E-05 9.98598E-05 9.98598E-05 9.98598E-05 9.98598E-05 9.98598E-05 0.0342278 9.98598E-05 9.98598E-05 9.98598E-05 9.98598E-05 9.98598E-05 9.98598E-05
9.98686E-05 0.112348 9.98686E-05 9.98686E-05 0.649324 9.98686E-05 9.98686E-05 9.98686E-05 9.98686E-05 9.98686E-05 9.98686E-05 0.0176325 9.98686E-05 9.98686E-05 9.98686E-05 0.209927 9.98686E-05 0.00927009 9.98686E-05 9.98686E-05
0.0318897 0.00121659 9.9886E-05 9.9886E-05 0.758095 9.9886E-05 9.9886E-05 9.9886E-05 9.9886E-05 9.9886E-05 9.9886E-05 9.9886E-05 9.9886E-05 0.00523321 9.9886E-05 9.9886E-05 0.0159719 0.0468075 0.139488 9.9886E-05
9.98772E-05 9.98772E-05 9.98772E-05 0.0342503 0.705646 9.98772E-05 9.98772E-05 9.98772E-05 0.0164338 9.98772E-05 0.00684026 9.98772E-05 9.98772E-05 9.98772E-05 9.98772E-05 0.0842891 0.151143 9.98772E-05 9.98772E-05 9.98772E-05
9.98683E-05 9.98683E-05 9.98683E-05 9.98683E-05 0.617448 9.98683E-05 9.98683E-05 9.98683E-05 0.252525 9.98683E-05 0.0156063 9.98683E-05 9.98683E-05 9.98683E-05 9.98683E-05 0.0843949 9.98683E-05 0.0285286 9.98683E-05 9.98683E-05
9.98774E-05 0.103371 0.0221051 9.98774E-05 0.750258 0.00161268 0.0871137 9.98774E-05 9.98774E-05 9.98774E-05 9.98774E-05 9.98774E-05 9.98774E-05 0.0341411 9.98774E-05 9.98774E-05 9.98774E-05 9.98774E-05 9.98774E-05 9.98774E-05
9.98509E-05 9.98509E-05 9.98509E-05 9.98509E-05 0.976567 9.98509E-05 9.98509E-05 9.98509E-05 0.018648 9.98509E-05 9.98509E-05 9.98509E-05 9.98509E-05 0.00308718 9.98509E-05 9.98509E-05 9.98509E-05 9.98509E-05 9.98509E-05 9.98509E-05
0.0361555 0.0583658 9.99123E-05 0.125901 0.445984 9.99123E-05 9.99123E-05 9.99123E-05 9.99123E-05 9.99123E-05 0.0101295 9.99123E-05 0.0192074 0.0109136 9.99123E-05 0.0932623 0.0838607 0.115221 9.99123E-05 9.99123E-05
9.98772E-05 0.0422232 9.98772E-05 0.0271502 0.745458 9.98772E-05 9.98772E-05 0.0272981 0.0980929 9.98772E-05 9.98772E-05 9.98772E-05 9.98772E-05 9.98772E-05 9.98772E-05 0.0583797 9.98772E-05 9.98772E-05 9.98772E-05 9.98772E-05
9.98683E-05 0.0433655 9.98683E-05 9.98683E-05 0.904577 9.98683E-05 9.98683E-05 9.98683E-05 9.98683E-05 9.98683E-05 9.98683E-05 9.98683E-05 9.98683E-05 0.00288083 9.98683E-05 0.030679 9.98683E-05 9.98683E-05 0.0169993 9.98683E-05
9.98683E-05 0.256114 9.98683E-05 9.98683E-05 0.363217 9.98683E-05 9.98683E-05 9.98683E-05 0.0937179 9.98683E-05 0.105602 9.98683E-05 9.98683E-05 9.98683E-05 9.98683E-05 0.179851 9.98683E-05 9.98683E-05 9.98683E-05 9.98683E-05
9.98596E-05 0.147533 9.98596E-05 9.98596E-05 0.735324 9.98596E-05 9.98596E-05 9.98596E-05 9.98596E-05 9.98596E-05 9.98596E-05 9.98596E-05 9.98596E-05 9.98596E-05 9.98596E-05 0.0139132 9.98596E-05 0.101632 9.98596E-05 9.98596E-05
9.98683E-05 0.19535 9.98683E-05 9.98683E-05 0.470212 9.98683E-05 9.98683E-05 9.98683E-05 9.98683E-05 9.98683E-05 0.0780592 9.98683E-05 9.98683E-05 9.98683E-05 0.00377931 0.251101 9.98683E-05 9.98683E-05 9.98683E-05 9.98683E-05
9.98772E-05 0.125052 9.98772E-05 9.98772E-05 0.357617 9.98772E-05 9.98772E-05 9.98772E-05 0.0269648 9.98772E-05 9.98772E-05 9.98772E-05 0.138516 9.98772E-05 9.98772E-05 0.11729 9.98772E-05 0.233162 9.98772E-05 9.98772E-05
9.98772E-05 9.98772E-05 0.0135489 9.98772E-05 0.212674 9.98772E-05 9.98772E-05 9.98772E-05 9.98772E-05 0.0606058 9.98772E-05 0.128923 9.98772E-05 9.98772E-05 9.98772E-05 0.063401 9.98772E-05 0.519449 9.98772E-05 9.98772E-05
9.98505E-05 0.108372 9.98505E-05 9.98505E-05 0.821156 9.98505E-05 9.98505E-05 9.98505E-05 9.98505E-05 9.98505E-05 9.98505E-05 9.98505E-05 9.98505E-05 9.98505E-05 9.98505E-05 0.0687745 9.98505E-05 9.98505E-05 9.98505E-05 9.98505E-05
9.98597E-05 0.233002 9.98597E-05 9.98597E-05 0.526747 9.98597E-05 9.98597E-05 9.98597E-05 0.0427852 9.98597E-05 9.98597E-05 9.98597E-05 9.98597E-05 9.98597E-05 9.98597E-05 0.195868 9.98597E-05 9.98597E-05 9.98597E-05 9.98597E-05
9.98598E-05 9.98598E-05 9.98598E-05 9.98598E-05 0.76153 9.98598E-05 9.98598E-05 9.98598E-05 9.98598E-05 9.98598E-05 0.100447 9.98598E-05 9.98598E-05 9.98598E-05 9.98598E-05 0.109192 9.98598E-05 0.0272337 9.98598E-05 9.98598E-05
0.0374928 0.0174273 9.98597E-05 9.98597E-05 0.759148 9.98597E-05 9.98597E-05 9.98597E-05 9.98597E-05 9.98597E-05 9.98597E-05 9.98597E-05 9.98597E-05 9.98597E-05 9.98597E-05 0.184334 9.98597E-05 9.98597E-05 9.98597E-05 9.98597E-05
0.0485519 9.9842E-05 9.9842E-05 9.9842E-05 0.949651 9.9842E-05 9.9842E-05 9.9842E-05 9.9842E-05 9.9842E-05 9.9842E-05 9.9842E-05 9.9842E-05 9.9842E-05 9.9842E-05 9.9842E-05 9.9842E-05 9.9842E-05 9.9842E-05 9.9842E-05
9.98683E-05 0.235013 9.98683E-05 9.98683E-05 0.4188 9.98683E-05 9.98683E-05 0.0748935 9.98683E-05 9.98683E-05 0.14633 9.98683E-05 9.98683E-05 9.98683E-05 9.98683E-05 0.123466 9.98683E-05 9.98683E-05 9.98683E-05 9.98683E-05
9.98507E-05 9.98507E-05 9.98507E-05 9.98507E-05 0.804071 9.98507E-05 0.144961 9.98507E-05 9.98507E-05 9.98507E-05 9.98507E-05 9.98507E-05 9.98507E-05 9.98507E-05 9.98507E-05 0.0492703 9.98507E-05 9.98507E-05 9.98507E-05 9.98507E-05
9.98421E-05 9.98421E-05 9.98421E-05 9.98421E-05 0.928579 9.98421E-05 9.98421E-05 9.98421E-05 9.98421E-05 9.98421E-05 9.98421E-05 9.98421E-05 9.98421E-05 9.98421E-05 9.98421E-05 0.0696242 9.98421E-05 9.98421E-05 9.98421E-05 9.98421E-05
0.0307324 0.030467 9.98684E-05 9.98684E-05 0.737703 9.98684E-05 9.98684E-05 9.98684E-05 9.98684E-05 9.98684E-05 9.98684E-05 9.98684E-05 9.98684E-05 9.98684E-05 9.98684E-05 9.98684E-05 0.161795 0.0378042 9.98684E-05 9.98684E-05
9.98595E-05 0.0856762 9.98595E-05 9.98595E-05 0.587268 9.98595E-05 9.98595E-05 9.98595E-05 9.98595E-05 9.98595E-05 9.98595E-05 9.98595E-05 9.98595E-05 9.98595E-05 9.98595E-05 0.205259 9.98595E-05 9.98595E-05 0.120199 9.98595E-05
9.98596E-05 0.0707498 9.98596E-05 9.98596E-05 0.473245 9.98596E-05 9.98596E-05 9.98596E-05 9.98596E-05 9.98596E-05 9.98596E-05 9.98596E-05 9.98596E-05 0.0101427 9.98596E-05 9.98596E-05 9.98596E-05 0.444265 9.98596E-05 9.98596E-05
9.98598E-05 9.98598E-05 9.98598E-05 9.98598E-05 0.640673 9.98598E-05 9.98598E-05 9.98598E-05 9.98598E-05 9.98598E-05 0.0123603 9.98598E-05 9.98598E-05 9.98598E-05 9.98598E-05 0.152258 9.98598E-05 0.193111 9.98598E-05 9.98598E-05
9.98511E-05 9.98511E-05 9.98511E-05 9.98511E-05 0.720393 9.98511E-05 9.98511E-05 0.0309863 9.98511E-05 9.98511E-05 9.98511E-05 9.98511E-05 9.98511E-05 9.98511E-05 9.98511E-05 9.98511E-05 9.98511E-05 0.246924 9.98511E-05 9.98511E-05
9.98598E-05 9.98598E-05 9.98598E-05 9.98598E-05 0.561889 9.98598E-05 9.98598E-05 9.98598E-05 0.0602113 9.98598E-05 0.00225866 9.98598E-05 9.98598E-05 9.98598E-05 9.98598E-05 9.98598E-05 9.98598E-05 0.374043 9.98598E-05 9.98598E-05
9.98596E-05 0.0836196 9.98596E-05 9.98596E-05 0.553057 9.98596E-05 9.98596E-05 9.98596E-05 0.0884311 9.98596E-05 9.98596E-05 9.98596E-05 9.98596E-05 9.98596E-05 9.98596E-05 0.273294 9.98596E-05 9.98596E-05 9.98596E-05 9.98596E-05
9.98509E-05 0.127463 9.98509E-05 9.98509E-05 0.802822 9.98509E-05 9.98509E-05 9.98509E-05 9.98509E-05 9.98509E-05 9.98509E-05 9.98509E-05 9.98509E-05 9.98509E-05 9.98509E-05 9.98509E-05 9.98509E-05 9.98509E-05 9.98509E-05 0.0680172
9.98683E-05 0.132356 9.98683E-05 9.98683E-05 0.164615 9.98683E-05 9.98683E-05 9.98683E-05 9.98683E-05 9.98683E-05 0.06306 9.98683E-05 9.98683E-05 9.98683E-05 9.98683E-05 0.0676167 9.98683E-05 0.570855 9.98683E-05 9.98683E-05
9.9851E-05 9.9851E-05 9.9851E-05 9.9851E-05 0.510649 9.9851E-05 9.9851E-05 9.9851E-05 9.9851E-05 9.9851E-05 9.9851E-05 9.9851E-05 9.9851E-05 9.9851E-05 9.9851E-05 0.119659 9.9851E-05 0.367994 9.9851E-05 9.9851E-05
9.9877E-05 0.190061 9.9877E-05 9.9877E-05 0.500423 9.9877E-05 0.0183013 9.9877E-05 0.119946 9.9877E-05 0.159364 9.9877E-05 9.9877E-05 0.0105058 9.9877E-05 9.9877E-05 9.9877E-05 9.9877E-05 9.9877E-05 9.9877E-05
9.98597E-05 9.98597E-05 9.98597E-05 9.98597E-05 0.709329 9.98597E-05 9.98597E-05 9.98597E-05 9.98597E-05 9.98597E-05 9.98597E-05 9.98597E-05 0.242657 9.98597E-05 9.98597E-05 0.0448287 0.00158734 9.98597E-05 9.98597E-05 9.98597E-05
0.0856378 0.14267 9.99037E-05 9.99037E-05 0.525989 9.99037E-05 9.99037E-05 9.99037E-05 0.0873064 9.99037E-05 9.99037E-05 0.053174 9.99037E-05 9.99037E-05 9.99037E-05 0.0196251 0.0646054 0.0120514 0.00784282 9.99037E-05
9.98684E-05 0.256962 9.98684E-05 9.98684E-05 0.423991 9.98684E-05 0.0681098 9.98684E-05 9.98684E-05 9.98684E-05 0.0120846 9.98684E-05 9.98684E-05 9.98684E-05 9.98684E-05 0.237355 9.98684E-05 9.98684E-05 9.98684E-05 9.98684E-05
9.98508E-05 9.98508E-05 9.98508E-05 9.98508E-05 0.530848 9.98508E-05 9.98508E-05 9.98508E-05 9.98508E-05 9.98508E-05 9.98508E-05 9.98508E-05 9.98508E-05 9.98508E-05 9.98508E-05 0.0321429 9.98508E-05 0.435311 9.98508E-05 9.98508E-05
9.98507E-05 9.98507E-05 9.98507E-05 0.226195 0.68313 9.98507E-05 9.98507E-05 9.98507E-05 9.98507E-05 9.98507E-05 9.98507E-05 9.98507E-05 9.98507E-05 9.98507E-05 9.98507E-05 0.0889781 9.98507E-05 9.98507E-05 9.98507E-05 9.98507E-05
9.98596E-05 0.132415 9.98596E-05 9.98596E-05 0.268649 9.98596E-05 9.98596E-05 9.98596E-05 9.98596E-05 9.98596E-05 9.98596E-05 9.98596E-05 9.98596E-05 9.98596E-05 9.98596E-05 0.0298926 9.98596E-05 0.567445 9.98596E-05 9.98596E-05
9.98772E-05 0.0423421 9.98772E-05 9.98772E-05 0.56129 9.98772E-05 9.98772E-05 9.98772E-05 9.98772E-05 9.98772E-05 9.98772E-05 9.98772E-05 9.98772E-05 0.00668791 9.98772E-05 0.162761 0.0475438 0.177976 9.98772E-05 9.98772E-05
0.0198727 9.98509E-05 9.98509E-05 9.98509E-05 0.969093 9.98509E-05 9.98509E-05 9.98509E-05 0.00933643 9.98509E-05 9.98509E-05 9.98509E-05 9.98509E-05 9.98509E-05 9.98509E-05 9.98509E-05 9.98509E-05 9.98509E-05 9.98509E-05 9.98509E-05
9.98595E-05 9.98595E-05 9.98595E-05 0.0828325 0.880433 9.98595E-05 9.98595E-05 9.98595E-05 9.98595E-05 9.98595E-05 0.00780302 9.98595E-05 9.98595E-05 0.0273338 9.98595E-05 9.98595E-05 9.98595E-05 9.98595E-05 9.98595E-05 9.98595E-05
9.98595E-05 0.158189 9.98595E-05 9.98595E-05 0.51206 9.98595E-05 9.98595E-05 9.98595E-05 0.150385 9.98595E-05 9.98595E-05 9.98595E-05 9.98595E-05 9.98595E-05 9.98595E-05 0.177769 9.98595E-05 9.98595E-05 9.98595E-05 9.98595E-05
9.98508E-05 0.215927 9.98508E-05 9.98508E-05 0.652179 9.98508E-05 9.98508E-05 9.98508E-05 9.98508E-05 9.98508E-05 9.98508E-05 9.98508E-05 9.98508E-05 9.98508E-05 9.98508E-05 0.130196 9.98508E-05 9.98508E-05 9.98508E-05 9.98508E-05
9.9842E-05 9.9842E-05 9.9842E-05 9.9842E-05 0.962596 9.9842E-05 9.9842E-05 9.9842E-05 9.9842E-05 9.9842E-05 9.9842E-05 9.9842E-05 9.9842E-05 0.0356066 9.9842E-05 9.9842E-05 9.9842E-05 9.9842E-05 9.9842E-05 9.9842E-05
9.9851E-05 9.9851E-05 9.9851E-05 9.9851E-05 0.849268 9.9851E-05 9.9851E-05 9.9851E-05 9.9851E-05 9.9851E-05 0.102052 9.9851E-05 9.9851E-05 9.9851E-05 9.9851E-05 0.046983 9.9851E-05 9.9851E-05 9.9851E-05 9.9851E-05
9.98596E-05 0.157535 9.98596E-05 9.98596E-05 0.674756 9.98596E-05 9.98596E-05 9.98596E-05 0.0653176 9.98596E-05 9.98596E-05 9.98596E-05 9.98596E-05 9.98596E-05 9.98596E-05 9.98596E-05 9.98596E-05 0.100794 9.98596E-05 9.98596E-05
9.9833E-05 9.9833E-05 9.9833E-05 9.9833E-05 9.9833E-05 9.9833E-05 9.9833E-05 9.9833E-05 9.9833E-05 9.9833E-05 9.9833E-05 9.9833E-05 9.9833E-05 9.9833E-05 9.9833E-05 0.998103 9.9833E-05 9.9833E-05 9.9833E-05 9.9833E-05
9.9833E-05 0.998103 9.9833E-05 9.9833E-05 9.9833E-05 9.9833E-05 9.9833E-05 9.9833E-05 9.9833E-05 9.9833E-05 9.9833E-05 9.9833E-05 9.9833E-05 9.9833E-05 9.9833E-05 9.9833E-05 9.9833E-05 9.9833E-05 9.9833E-05 9.9833E-05
9.98329E-05 9.98329E-05 9.98329E-05 9.98329E-05 9.98329E-05 9.98329E-05 9.98329E-05 9.98329E-05 9.98329E-05 9.98329E-05 9.98329E-05 9.98329E-05 9.98329E-05 9.98329E-05 9.98329E-05 0.998103 9.98329E-05 9.98329E-05 9.98329E-05 9.98329E-05
9.98329E-05 0.998103 9.98329E-05 9.98329E-05 9.98329E-05 9.98329E-05 9.98329E-05 9.98329E-05 9.98329E-05 9.98329E-05 9.98329E-05 9.98329E-05 9.98329E-05 9.98329E-05 9.98329E-05 9.98329E-05 9.98329E-05 9.98329E-05 9.98329E-05 9.98329E-05
9.9833E-05 0.998103 9.9833E-05 9.9833E-05 9.9833E-05 9.9833E-05 9.9833E-05 9.9833E-05 9.9833E-05 9.9833E-05 9.9833E-05 9.9833E-05 9.9833E-05 9.9833E-05 9.9833E-05 9.9833E-05 9.9833E-05 9.9833E-05 9.9833E-05 9.9833E-05
9.9833E-05 0.998103 9.9833E-05 9.9833E-05 9.9833E-05 9.9833E-05 9.9833E-05 9.9833E-05 9.9833E-05 9.9833E-05 9.9833E-05 9.9833E-05 9.9833E-05 9.9833E-05 9.9833E-05 9.9833E-05 9.9833E-05 9.9833E-05 9.9833E-05 9.9833E-05
9.9833E-05 9.9833E-05 9.9833E-05 9.9833E-05 9.9833E-05 9.9833E-05 9.9833E-05 9.9833E-05 9.9833E-05 9.9833E-05 9.9833E-05 9.9833E-05 9.9833E-05 9.9833E-05 9.9833E-05 0.998103 9.9833E-05 9.9833E-05 9.9833E-05 9.9833E-05
9.9833E-05 0.998103 9.9833E-05 9.9833E-05 9.9833E-05 9.9833E-05 9.9833E-05 9.9833E-05 9.9833E-05 9.9833E-05 9.9833E-05 9.9833E-05 9.9833E-05 9.9833E-05 9.9833E-05 9.9833E-05 9.9833E-05 9.9833E-05 9.9833E-05 9.9833E-05
9.9833E-05 0.998103 9.9833E-05 9.9833E-05 9.9833E-05 9.9833E-05 9.9833E-05 9.9833E-05 9.9833E-05 9.9833E-05 9.9833E-05 9.9833E-05 9.9833E-05 9.9833E-05 9.9833E-05 9.9833E-05 9.9833E-05 9.9833E-05 9.9833E-05 9.9833E-05
9.9833E-05 9.9833E-05 9.9833E-05 9.9833E-05 9.9833E-05 9.9833E-05 9.9833E-05 9.9833E-05 9.9833E-05 9.9833E-05 9.9833E-05 9.9833E-05 9.9833E-05 9.9833E-05 9.9833E-05 0.998103 9.9833E-05 9.9833E-05 9.9833E-05 9.9833E-05
9.9833E-05 9.9833E-05 9.9833E-05 9.9833E-05 9.9833E-05 9.9833E-05 9.9833E-05 9.9833E-05 9.9833E-05 9.9833E-05 9.9833E-05 9.9833E-05 9.9833E-05 9.9833E-05 9.9833E-05 0.998103 9.9833E-05 9.9833E-05 9.9833E-05 9.9833E-05
9.98329E-05 9.98329E-05 9.98329E-05 9.98329E-05 9.98329E-05 9.98329E-05 9.98329E-05 9.98329E-05 9.98329E-05 9.98329E-05 9.98329E-05 9.98329E-05 9.98329E-05 9.98329E-05 9.98329E-05 0.998103 9.98329E-05 9.98329E-05 9.98329E-05 9.98329E-05
9.9833E-05 0.998103 9.9833E-05 9.9833E-05 9.9833E-05 9.9833E-05 9.9833E-05 9.9833E-05 9.9833E-05 9.9833E-05 9.9833E-05 9.9833E-05 9.9833E-05 9.9833E-05 9.9833E-05 9.9833E-05 9.9833E-05 9.9833E-05 9.9833E-05 9.9833E-05
9.9833E-05 0.998103 9.9833E-05 9.9833E-05 9.9833E-05 9.9833E-05 9.9833E-05 9.9833E-05 9.9833E-05 9.9833E-05 9.9833E-05 9.9833E-05 9.9833E-05 9.9833E-05 9.9833E-05 9.9833E-05 9.9833E-05 9.9833E-05 9.9833E-05 9.9833E-05
9.98331E-05 9.98331E-05 9.98331E-05 9.98331E-05 9.98331E-05 9.98331E-05 9.98331E-05 9.98331E-05 9.98331E-05 9.98331E-05 9.98331E-05 9.98331E-05 9.98331E-05 9.98331E-05 9.98331E-05 0.998103 9.98331E-05 9.98331E-05 9.98331E-05 9.98331E-05
9.9833E-05 9.9833E-05 9.9833E-05 9.9833E-05 9.9833E-05 9.9833E-05 9.9833E-05 9.9833E-05 9.9833E-05 9.9833E-05 9.9833E-05 9.9833E-05 9.9833E-05 9.9833E-05 9.9833E-05 0.998103 9.9833E-05 9.9833E-05 9.9833E-05 9.9833E-05
9.98858E-05 0.0473106 0.022262 9.98858E-05 0.578037 9.98858E-05 9.98858E-05 9.98858E-05 9.98858E-05 0.0240175 9.98858E-05 0.1046 9.98858E-05 9.98858E-05 0.138254 0.0842198 9.98858E-05 9.98858E-05 9.98858E-05 9.98858E-05
9.98418E-05 9.98418E-05 9.98418E-05 9.98418E-05 9.98418E-05 9.98418E-05 9.98418E-05 9.98418E-05 9.98418E-05 9.98418E-05 0.0323059 9.98418E-05 9.98418E-05 9.98418E-05 9.98418E-05 0.965897 9.98418E-05 9.98418E-05 9.98418E-05 9.98418E-05
9.98331E-05 0.998103 9.98331E-05 9.98331E-05 9.98331E-05 9.98331E-05 9.98331E-05 9.98331E-05 9.98331E-05 9.98331E-05 9.98331E-05 9.98331E-05 9.98331E-05 9.98331E-05 9.98331E-05 9.98331E-05 9.98331E-05 9.98331E-05 9.98331E-05 9.98331E-05
9.9833E-05 9.9833E-05 9.9833E-05 9.9833E-05 9.9833E-05 9.9833E-05 9.9833E-05 9.9833E-05 9.9833E-05 9.9833E-05 9.9833E-05 9.9833E-05 9.9833E-05 9.9833E-05 9.9833E-05 0.998103 9.9833E-05 9.9833E-05 9.9833E-05 9.9833E-05
9.9833E-05 9.9833E-05 9.9833E-05 9.9833E-05 9.9833E-05 9.9833E-05 9.9833E-05 9.9833E-05 9.9833E-05 9.9833E-05 9.9833E-05 9.9833E-05 9.9833E-05 9.9833E-05 9.9833E-05 0.998103 9.9833E-05 9.9833E-05 9.9833E-05 9.9833E-05
9.98329E-05 9.98329E-05 9.98329E-05 9.98329E-05 9.98329E-05 9.98329E-05 9.98329E-05 9.98329E-05 9.98329E-05 9.98329E-05 9.98329E-05 9.98329E-05 9.98329E-05 9.98329E-05 9.98329E-05 0.998103 9.98329E-05 9.98329E-05 9.98329E-05 9.98329E-05
9.9833E-05 0.998103 9.9833E-05 9.9833E-05 9.9833E-05 9.9833E-05 9.9833E-05 9.9833E-05 9.9833E-05 9.9833E-05 9.9833E-05 9.9833E-05 9.9833E-05 9.9833E-05 9.9833E-05 9.9833E-05 9.9833E-05 9.9833E-05 9.9833E-05 9.9833E-05
9.98329E-05 9.98329E-05 9.98329E-05 9.98329E-05 9.98329E-05 9.98329E-05 9.98329E-05 9.98329E-05 9.98329E-05 9.98329E-05 9.98329E-05 9.98329E-05 9.98329E-05 9.98329E-05 9.98329E-05 0.998103 9.98329E-05 9.98329E-05 9.98329E-05 9.98329E-05
9.9833E-05 0.998103 9.9833E-05 9.9833E-05 9.9833E-05 9.9833E-05 9.9833E-05 9.9833E-05 9.9833E-05 9.9833E-05 9.9833E-05 9.9833E-05 9.9833E-05 9.9833E-05 9.9833E-05 9.9833E-05 9.9833E-05 9.9833E-05 9.9833E-05 9.9833E-05
9.9833E-05 9.9833E-05 9.9833E-05 9.9833E-05 9.9833E-05 9.9833E-05 9.9833E-05 9.9833E-05 9.9833E-05 9.9833E-05 9.9833E-05 9.9833E-05 9.9833E-05 9.9833E-05 9.9833E-05 0.998103 9.9833E-05 9.9833E-05 9.9833E-05 9.9833E-05
9.98331E-05 9.98331E-05 9.98331E-05 9.98331E-05 9.98331E-05 9.98331E-05 9.98331E-05 9.98331E-05 9.98331E-05 9.98331E-05 9.98331E-05 9.98331E-05 9.98331E-05 9.98331E-05 9.98331E-05 0.998103 9.98331E-05 9.98331E-05 9.98331E-05 9.98331E-05
9.98331E-05 0.998103 9.98331E-05 9.98331E-05 9.98331E-05 9.98331E-05 9.98331E-05 9.98331E-05 9.98331E-05 9.98331E-05 9.98331E-05 9.98331E-05 9.98331E-05 9.98331E-05 9.98331E-05 9.98331E-05 9.98331E-05 9.98331E-05 9.98331E-05 9.98331E-05
