9.98332E-05 9.98332E-05 9.98332E-05 9.98332E-05 0.0199216 9.98332E-05 9.98332E-05 9.98332E-05 0.0770242 9.98332E-05 0.11902 0.057554 9.98332E-05 9.98332E-05 0.531198 0.0639421 9.98332E-05 9.98332E-05 9.98332E-05 9.98332E-05 0.108481 9.98332E-05 9.98332E-05 9.98332E-05 9.98332E-05 0.0209623 9.98332E-05
9.97984E-05 9.97984E-05 9.97984E-05 0.537057 9.97984E-05 9.97984E-05 9.97984E-05 9.97984E-05 0.0499022 9.97984E-05 9.97984E-05 9.97984E-05 9.97984E-05 9.97984E-05 0.336144 0.074602 9.97984E-05 9.97984E-05 9.97984E-05 9.97984E-05 9.97984E-05 9.97984E-05 9.97984E-05 9.97984E-05 9.97984E-05 9.97984E-05 9.97984E-05
9.97895E-05 9.97895E-05 0.950322 9.97895E-05 9.97895E-05 9.97895E-05 9.97895E-05 9.97895E-05 9.97895E-05 9.97895E-05 9.97895E-05 0.0120108 9.97895E-05 9.97895E-05 9.97895E-05 9.97895E-05 9.97895E-05 9.97895E-05 0.035272 9.97895E-05 9.97895E-05 9.97895E-05 9.97895E-05 9.97895E-05 9.97895E-05 9.97895E-05 9.97895E-05
9.98511E-05 9.98511E-05 0.226994 0.0381867 9.98511E-05 9.98511E-05 9.98511E-05 0.0832682 9.98511E-05 9.98511E-05 0.07394 0.0499528 9.98511E-05 9.98511E-05 9.98511E-05 9.98511E-05 9.98511E-05 9.98511E-05 0.0945741 9.98511E-05 9.98511E-05 0.167345 9.98511E-05 0.00856667 9.98511E-05 0.177188 0.0782877
9.97983E-05 9.97983E-05 9.97983E-05 0.89043 9.97983E-05 9.97983E-05 0.0129999 9.97983E-05 9.97983E-05 9.97983E-05 9.97983E-05 9.97983E-05 9.97983E-05 9.97983E-05 9.97983E-05 9.97983E-05 9.97983E-05 9.97983E-05 9.97983E-05 9.97983E-05 9.97983E-05 0.0912742 9.97983E-05 0.00300067 9.97983E-05 9.97983E-05 9.97983E-05
9.98159E-05 9.98159E-05 0.280321 9.98159E-05 0.102924 9.98159E-05 0.128404 9.98159E-05 9.98159E-05 9.98159E-05 9.98159E-05 9.98159E-05 9.98159E-05 9.98159E-05 9.98159E-05 0.143016 9.98159E-05 9.98159E-05 0.191445 9.98159E-05 9.98159E-05 9.98159E-05 9.98159E-05 0.151794 9.98159E-05 9.98159E-05 9.98159E-05
0.0100427 0.0721525 9.98597E-05 0.371226 9.98597E-05 9.98597E-05 9.98597E-05 9.98597E-05 0.0712057 9.98597E-05 0.0945958 0.0234441 9.98597E-05 9.98597E-05 9.98597E-05 0.0852766 9.98597E-05 9.98597E-05 9.98597E-05 9.98597E-05 9.98597E-05 0.0300467 9.98597E-05 0.102651 0.104329 9.98597E-05 0.0334321
9.98597E-05 9.98597E-05 9.98597E-05 0.252067 0.149509 9.98597E-05 0.0193326 0.0186573 9.98597E-05 9.98597E-05 0.168616 9.98597E-05 9.98597E-05 0.145462 9.98597E-05 0.0642036 9.98597E-05 9.98597E-05 9.98597E-05 0.0229419 0.0216691 0.00968708 9.98597E-05 0.126256 9.98597E-05 9.98597E-05 9.98597E-05
9.98158E-05 9.98158E-05 0.332196 9.98158E-05 0.23429 9.98158E-05 0.00188897 9.98158E-05 9.98158E-05 9.98158E-05 0.0432558 0.219385 9.98158E-05 9.98158E-05 9.98158E-05 9.98158E-05 9.98158E-05 9.98158E-05 9.98158E-05 9.98158E-05 9.98158E-05 9.98158E-05 9.98158E-05 9.98158E-05 9.98158E-05 9.98158E-05 0.166889
9.97721E-05 9.97721E-05 9.97721E-05 9.97721E-05 9.97721E-05 9.97721E-05 9.97721E-05 9.97721E-05 9.97721E-05 9.97721E-05 9.97721E-05 9.97721E-05 9.97721E-05 9.97721E-05 0.997406 9.97721E-05 9.97721E-05 9.97721E-05 9.97721E-05 9.97721E-05 9.97721E-05 9.97721E-05 9.97721E-05 9.97721E-05 9.97721E-05 9.97721E-05 9.97721E-05
9.98072E-05 9.98072E-05 9.98072E-05 9.98072E-05 0.0195824 9.98072E-05 9.98072E-05 9.98072E-05 9.98072E-05 9.98072E-05 0.0540949 0.0884631 9.98072E-05 9.98072E-05 0.709944 9.98072E-05 9.98072E-05 9.98072E-05 9.98072E-05 9.98072E-05 9.98072E-05 9.98072E-05 9.98072E-05 9.98072E-05 0.12572 9.98072E-05 9.98072E-05
9.97984E-05 0.00289471 0.663539 9.97984E-05 9.97984E-05 9.97984E-05 9.97984E-05 9.97984E-05 9.97984E-05 9.97984E-05 9.97984E-05 9.97984E-05 9.97984E-05 9.97984E-05 0.285817 9.97984E-05 9.97984E-05 0.0454538 9.97984E-05 9.97984E-05 9.97984E-05 9.97984E-05 9.97984E-05 9.97984E-05 9.97984E-05 9.97984E-05 9.97984E-05
9.97983E-05 9.97983E-05 9.97983E-05 0.592999 9.97983E-05 9.97983E-05 9.97983E-05 9.97983E-05 9.97983E-05 9.97983E-05 0.0400889 0.0051618 9.97983E-05 9.97983E-05 0.359455 9.97983E-05 9.97983E-05 9.97983E-05 9.97983E-05 9.97983E-05 9.97983E-05 9.97983E-05 9.97983E-05 9.97983E-05 9.97983E-05 9.97983E-05 9.97983E-05
9.98158E-05 9.98158E-05 9.98158E-05 0.863373 9.98158E-05 0.019152 0.0154951 9.98158E-05 9.98158E-05 9.98158E-05 9.98158E-05 0.0436965 9.98158E-05 9.98158E-05 9.98158E-05 9.98158E-05 0.0553459 9.98158E-05 9.98158E-05 9.98158E-05 9.98158E-05 9.98158E-05 9.98158E-05 9.98158E-05 0.000841635 9.98158E-05 9.98158E-05
9.98509E-05 9.98509E-05 0.218116 9.98509E-05 0.0743974 0.0982857 9.98509E-05 9.98509E-05 9.98509E-05 9.98509E-05 0.046912 0.0854838 9.98509E-05 9.98509E-05 0.0974309 0.200563 9.98509E-05 9.98509E-05 0.096018 9.98509E-05 9.98509E-05 9.98509E-05 0.08071 0.000385393 9.98509E-05 9.98509E-05 9.98509E-05
9.9842E-05 9.9842E-05 9.9842E-05 0.040954 0.175461 0.0248558 9.9842E-05 9.9842E-05 9.9842E-05 9.9842E-05 0.139707 0.0723053 9.9842E-05 0.100552 0.204485 0.204405 9.9842E-05 9.9842E-05 9.9842E-05 9.9842E-05 0.035477 9.9842E-05 9.9842E-05 9.9842E-05 9.9842E-05 9.9842E-05 9.9842E-05
9.98421E-05 9.98421E-05 0.591764 9.98421E-05 9.98421E-05 9.98421E-05 9.98421E-05 0.0207809 0.0624901 9.98421E-05 0.0149607 0.0256243 0.141314 9.98421E-05 9.98421E-05 9.98421E-05 9.98421E-05 9.98421E-05 9.98421E-05 9.98421E-05 0.0400844 9.98421E-05 0.0781998 9.98421E-05 0.0229845 9.98421E-05 9.98421E-05
9.98334E-05 9.98334E-05 9.98334E-05 0.0600121 0.0247511 9.98334E-05 9.98334E-05 9.98334E-05 9.98334E-05 9.98334E-05 0.1993 0.117437 9.98334E-05 9.98334E-05 0.096638 0.259311 9.98334E-05 0.105649 9.98334E-05 0.135005 9.98334E-05 9.98334E-05 9.98334E-05 9.98334E-05 9.98334E-05 9.98334E-05 9.98334E-05
9.98245E-05 9.98245E-05 9.98245E-05 9.98245E-05 0.0777753 9.98245E-05 9.98245E-05 9.98245E-05 9.98245E-05 9.98245E-05 0.122491 0.0944717 9.98245E-05 9.98245E-05 0.447541 9.98245E-05 9.98245E-05 9.98245E-05 9.98245E-05 0.0213732 0.0100536 9.98245E-05 9.98245E-05 0.224297 9.98245E-05 9.98245E-05 9.98245E-05
9.97808E-05 9.97808E-05 0.951977 9.97808E-05 9.97808E-05 9.97808E-05 9.97808E-05 9.97808E-05 9.97808E-05 9.97808E-05 9.97808E-05 9.97808E-05 9.97808E-05 9.97808E-05 9.97808E-05 9.97808E-05 9.97808E-05 9.97808E-05 9.97808E-05 9.97808E-05 9.97808E-05 9.97808E-05 9.97808E-05 9.97808E-05 9.97808E-05 0.0455285 9.97808E-05
9.98246E-05 9.98246E-05 0.358006 9.98246E-05 0.0800677 9.98246E-05 9.98246E-05 9.98246E-05 9.98246E-05 9.98246E-05 9.98246E-05 0.0558831 9.98246E-05 0.108765 0.15057 9.98246E-05 9.98246E-05 9.98246E-05 9.98246E-05 9.98246E-05 9.98246E-05 0.185056 9.98246E-05 9.98246E-05 0.059656 9.98246E-05 9.98246E-05
0.0540719 9.98247E-05 0.28849 9.98247E-05 0.115541 9.98247E-05 0.0405969 9.98247E-05 9.98247E-05 9.98247E-05 0.334824 9.98247E-05 9.98247E-05 9.98247E-05 9.98247E-05 9.98247E-05 9.98247E-05 9.98247E-05 0.0507919 9.98247E-05 9.98247E-05 9.98247E-05 9.98247E-05 0.113688 9.98247E-05 9.98247E-05 9.98247E-05
9.97985E-05 9.97985E-05 9.97985E-05 9.97985E-05 0.0198342 9.97985E-05 9.97985E-05 9.97985E-05 9.97985E-05 9.97985E-05 9.97985E-05 9.97985E-05 9.97985E-05 9.97985E-05 0.867446 0.0518473 9.97985E-05 9.97985E-05 9.97985E-05 9.97985E-05 9.97985E-05 9.97985E-05 9.97985E-05 9.97985E-05 0.0585775 9.97985E-05 9.97985E-05
9.98157E-05 9.98157E-05 9.98157E-05 0.291599 9.98157E-05 9.98157E-05 9.98157E-05 9.98157E-05 9.98157E-05 9.98157E-05 0.328844 0.177333 9.98157E-05 9.98157E-05 0.109571 0.0231625 9.98157E-05 9.98157E-05 9.98157E-05 9.98157E-05 9.98157E-05 9.98157E-05 9.98157E-05 9.98157E-05 9.98157E-05 9.98157E-05 0.0673941
9.98245E-05 9.98245E-05 9.98245E-05 9.98245E-05 0.0258892 0.0941302 9.98245E-05 9.98245E-05 9.98245E-05 9.98245E-05 0.0571391 0.21698 9.98245E-05 9.98245E-05 0.328571 9.98245E-05 9.98245E-05 9.98245E-05 0.163179 9.98245E-05 9.98245E-05 9.98245E-05 9.98245E-05 9.98245E-05 9.98245E-05 0.112115 9.98245E-05
9.98159E-05 9.98159E-05 0.597672 0.0810503 9.98159E-05 9.98159E-05 9.98159E-05 0.0586647 9.98159E-05 9.98159E-05 0.102762 0.100886 9.98159E-05 9.98159E-05 9.98159E-05 9.98159E-05 9.98159E-05 9.98159E-05 0.0568688 9.98159E-05 9.98159E-05 9.98159E-05 9.98159E-05 9.98159E-05 9.98159E-05 9.98159E-05 9.98159E-05
0.21205 9.98333E-05 0.0155943 9.98333E-05 9.98333E-05 9.98333E-05 9.98333E-05 9.98333E-05 9.98333E-05 9.98333E-05 0.273401 0.0353699 9.98333E-05 0.0492087 0.0174728 9.98333E-05 9.98333E-05 9.98333E-05 0.293258 0.101749 9.98333E-05 9.98333E-05 9.98333E-05 9.98333E-05 9.98333E-05 9.98333E-05 9.98333E-05
9.9816E-05 9.9816E-05 9.9816E-05 9.9816E-05 9.9816E-05 9.9816E-05 0.011698 0.0535685 9.9816E-05 9.9816E-05 0.00575497 9.9816E-05 9.9816E-05 9.9816E-05 0.805938 9.9816E-05 0.117255 9.9816E-05 9.9816E-05 9.9816E-05 9.9816E-05 9.9816E-05 9.9816E-05 0.00368941 9.9816E-05 9.9816E-05 9.9816E-05
0.0716317 9.97895E-05 9.97895E-05 9.97895E-05 9.97895E-05 9.97895E-05 9.97895E-05 9.97895E-05 9.97895E-05 9.97895E-05 9.97895E-05 0.107501 9.97895E-05 9.97895E-05 0.818472 9.97895E-05 9.97895E-05 9.97895E-05 9.97895E-05 9.97895E-05 9.97895E-05 9.97895E-05 9.97895E-05 9.97895E-05 9.97895E-05 9.97895E-05 9.97895E-05
9.97807E-05 9.97807E-05 9.97807E-05 9.97807E-05 9.97807E-05 9.97807E-05 9.97807E-05 9.97807E-05 9.97807E-05 9.97807E-05 9.97807E-05 9.97807E-05 9.97807E-05 9.97807E-05 0.733363 9.97807E-05 9.97807E-05 9.97807E-05 9.97807E-05 9.97807E-05 9.97807E-05 9.97807E-05 0.264142 9.97807E-05 9.97807E-05 9.97807E-05 9.97807E-05
9.97894E-05 9.97894E-05 9.97894E-05 9.97894E-05 9.97894E-05 9.97894E-05 9.97894E-05 9.97894E-05 9.97894E-05 9.97894E-05 9.97894E-05 9.97894E-05 9.97894E-05 9.97894E-05 0.917916 9.97894E-05 9.97894E-05 9.97894E-05 9.97894E-05 9.97894E-05 9.97894E-05 9.97894E-05 9.97894E-05 0.0251074 0.0545814 9.97894E-05 9.97894E-05
9.98334E-05 9.98334E-05 0.252067 0.30826 9.98334E-05 9.98334E-05 9.98334E-05 9.98334E-05 9.98334E-05 0.163677 0.0659417 0.102088 9.98334E-05 9.98334E-05 9.98334E-05 9.98334E-05 9.98334E-05 9.98334E-05 0.01093 9.98334E-05 9.98334E-05 9.98334E-05 9.98334E-05 0.0174927 0.077647 9.98334E-05 9.98334E-05
9.98069E-05 9.98069E-05 9.98069E-05 0.664932 9.98069E-05 9.98069E-05 9.98069E-05 9.98069E-05 9.98069E-05 9.98069E-05 0.125936 0.111642 9.98069E-05 0.0136196 9.98069E-05 9.98069E-05 9.98069E-05 9.98069E-05 9.98069E-05 9.98069E-05 9.98069E-05 9.98069E-05 9.98069E-05 9.98069E-05 0.0816745 9.98069E-05 9.98069E-05
9.98333E-05 0.0234318 0.499264 0.00475073 9.98333E-05 9.98333E-05 9.98333E-05 0.00760276 9.98333E-05 9.98333E-05 0.168805 0.104113 9.98333E-05 9.98333E-05 9.98333E-05 9.98333E-05 0.163794 9.98333E-05 9.98333E-05 0.0263415 9.98333E-05 9.98333E-05 9.98333E-05 9.98333E-05 9.98333E-05 9.98333E-05 9.98333E-05
9.97809E-05 9.97809E-05 9.97809E-05 9.97809E-05 9.97809E-05 9.97809E-05 9.97809E-05 9.97809E-05 9.97809E-05 9.97809E-05 9.97809E-05 9.97809E-05 9.97809E-05 9.97809E-05 0.981471 9.97809E-05 9.97809E-05 9.97809E-05 9.97809E-05 9.97809E-05 9.97809E-05 9.97809E-05 9.97809E-05 9.97809E-05 9.97809E-05 0.0160347 9.97809E-05
0.0582686 9.98159E-05 0.691731 9.98159E-05 0.0310314 9.98159E-05 9.98159E-05 0.0963383 9.98159E-05 9.98159E-05 0.10389 9.98159E-05 9.98159E-05 9.98159E-05 9.98159E-05 9.98159E-05 9.98159E-05 9.98159E-05 9.98159E-05 9.98159E-05 9.98159E-05 9.98159E-05 9.98159E-05 9.98159E-05 9.98159E-05 9.98159E-05 0.016645
9.97897E-05 0.0567895 0.856733 9.97897E-05 9.97897E-05 9.97897E-05 9.97897E-05 9.97897E-05 9.97897E-05 9.97897E-05 9.97897E-05 9.97897E-05 9.97897E-05 9.97897E-05 9.97897E-05 9.97897E-05 9.97897E-05 9.97897E-05 9.97897E-05 9.97897E-05 9.97897E-05 9.97897E-05 9.97897E-05 0.084082 9.97897E-05 9.97897E-05 9.97897E-05
9.98159E-05 9.98159E-05 0.371721 0.370631 0.131318 9.98159E-05 9.98159E-05 9.98159E-05 0.0295461 9.98159E-05 9.98159E-05 0.0615744 9.98159E-05 9.98159E-05 9.98159E-05 9.98159E-05 9.98159E-05 9.98159E-05 9.98159E-05 9.98159E-05 9.98159E-05 9.98159E-05 9.98159E-05 9.98159E-05 9.98159E-05 0.0331127 9.98159E-05
9.98247E-05 9.98247E-05 0.566433 9.98247E-05 0.0245699 9.98247E-05 0.0659033 9.98247E-05 0.103507 9.98247E-05 0.00135956 0.0968768 9.98247E-05 9.98247E-05 9.98247E-05 9.98247E-05 9.98247E-05 9.98247E-05 9.98247E-05 9.98247E-05 9.98247E-05 9.98247E-05 0.139354 9.98247E-05 9.98247E-05 9.98247E-05 9.98247E-05
9.98245E-05 9.98245E-05 0.56316 0.0346785 9.98245E-05 9.98245E-05 9.98245E-05 9.98245E-05 9.98245E-05 9.98245E-05 9.98245E-05 0.0436655 9.98245E-05 0.113089 9.98245E-05 9.98245E-05 0.0389116 9.98245E-05 0.167659 9.98245E-05 9.98245E-05 9.98245E-05 9.98245E-05 0.0368399 9.98245E-05 9.98245E-05 9.98245E-05
9.97896E-05 9.97896E-05 0.844426 9.97896E-05 0.0526217 9.97896E-05 9.97896E-05 9.97896E-05 9.97896E-05 9.97896E-05 0.100558 9.97896E-05 9.97896E-05 9.97896E-05 9.97896E-05 9.97896E-05 9.97896E-05 9.97896E-05 9.97896E-05 9.97896E-05 9.97896E-05 9.97896E-05 9.97896E-05 9.97896E-05 9.97896E-05 9.97896E-05 9.97896E-05
0.213374 9.97983E-05 0.0736625 9.97983E-05 9.97983E-05 9.97983E-05 9.97983E-05 9.97983E-05 9.97983E-05 9.97983E-05 0.176197 9.97983E-05 9.97983E-05 9.97983E-05 0.534471 9.97983E-05 9.97983E-05 9.97983E-05 9.97983E-05 9.97983E-05 9.97983E-05 9.97983E-05 9.97983E-05 9.97983E-05 9.97983E-05 9.97983E-05 9.97983E-05
0.0516162 9.97809E-05 9.97809E-05 0.945889 9.97809E-05 9.97809E-05 9.97809E-05 9.97809E-05 9.97809E-05 9.97809E-05 9.97809E-05 9.97809E-05 9.97809E-05 9.97809E-05 9.97809E-05 9.97809E-05 9.97809E-05 9.97809E-05 9.97809E-05 9.97809E-05 9.97809E-05 9.97809E-05 9.97809E-05 9.97809E-05 9.97809E-05 9.97809E-05 9.97809E-05
9.98332E-05 9.98332E-05 0.165094 9.98332E-05 0.047879 9.98332E-05 9.98332E-05 9.98332E-05 9.98332E-05 9.98332E-05 0.109836 0.179197 9.98332E-05 9.98332E-05 0.26802 0.160442 9.98332E-05 9.98332E-05 9.98332E-05 9.98332E-05 9.98332E-05 9.98332E-05 9.98332E-05 9.98332E-05 0.0296718 9.98332E-05 0.0379642
9.98247E-05 9.98247E-05 0.165515 0.0711607 9.98247E-05 9.98247E-05 0.0855183 0.0890505 9.98247E-05 9.98247E-05 0.364604 0.151748 9.98247E-05 9.98247E-05 9.98247E-05 9.98247E-05 9.98247E-05 9.98247E-05 9.98247E-05 9.98247E-05 9.98247E-05 9.98247E-05 9.98247E-05 0.0704069 9.98247E-05 9.98247E-05 9.98247E-05
9.98156E-05 9.98156E-05 0.927816 9.98156E-05 9.98156E-05 9.98156E-05 9.98156E-05 0.00766254 9.98156E-05 9.98156E-05 0.00383897 0.00700142 9.98156E-05 9.98156E-05 9.98156E-05 9.98156E-05 9.98156E-05 0.0513646 9.98156E-05 9.98156E-05 9.98156E-05 9.98156E-05 9.98156E-05 0.000219938 9.98156E-05 9.98156E-05 9.98156E-05
9.97718E-05 9.97718E-05 9.97718E-05 0.997406 9.97718E-05 9.97718E-05 9.97718E-05 9.97718E-05 9.97718E-05 9.97718E-05 9.97718E-05 9.97718E-05 9.97718E-05 9.97718E-05 9.97718E-05 9.97718E-05 9.97718E-05 9.97718E-05 9.97718E-05 9.97718E-05 9.97718E-05 9.97718E-05 9.97718E-05 9.97718E-05 9.97718E-05 9.97718E-05 9.97718E-05
9.97896E-05 0.000742079 0.976811 9.97896E-05 9.97896E-05 9.97896E-05 9.97896E-05 9.97896E-05 9.97896E-05 9.97896E-05 9.97896E-05 0.0200524 9.97896E-05 9.97896E-05 9.97896E-05 9.97896E-05 9.97896E-05 9.97896E-05 9.97896E-05 9.97896E-05 9.97896E-05 9.97896E-05 9.97896E-05 9.97896E-05 9.97896E-05 9.97896E-05 9.97896E-05
9.98158E-05 9.98158E-05 9.98158E-05 0.0691417 9.98158E-05 9.98158E-05 9.98158E-05 9.98158E-05 9.98158E-05 9.98158E-05 0.0308169 0.0500538 9.98158E-05 9.98158E-05 0.660263 9.98158E-05 9.98158E-05 9.98158E-05 9.98158E-05 9.98158E-05 9.98158E-05 0.10712 9.98158E-05 9.98158E-05 0.0805084 9.98158E-05 9.98158E-05
9.97987E-05 0.103405 9.97987E-05 0.808737 9.97987E-05 9.97987E-05 0.0120509 9.97987E-05 9.97987E-05 9.97987E-05 9.97987E-05 9.97987E-05 9.97987E-05 9.97987E-05 9.97987E-05 9.97987E-05 9.97987E-05 9.97987E-05 9.97987E-05 9.97987E-05 9.97987E-05 9.97987E-05 9.97987E-05 0.0735121 9.97987E-05 9.97987E-05 9.97987E-05
0.0838147 9.98245E-05 9.98245E-05 9.98245E-05 0.0139235 9.98245E-05 9.98245E-05 9.98245E-05 9.98245E-05 9.98245E-05 9.98245E-05 0.140236 9.98245E-05 9.98245E-05 0.390761 9.98245E-05 9.98245E-05 9.98245E-05 0.191732 9.98245E-05 9.98245E-05 9.98245E-05 9.98245E-05 9.98245E-05 0.124083 0.0534533 9.98245E-05
9.9807E-05 9.9807E-05 9.9807E-05 0.714241 9.9807E-05 9.9807E-05 9.9807E-05 0.0589053 9.9807E-05 9.9807E-05 0.169095 9.9807E-05 9.9807E-05 0.00138317 9.9807E-05 9.9807E-05 9.9807E-05 9.9807E-05 9.9807E-05 9.9807E-05 9.9807E-05 9.9807E-05 9.9807E-05 9.9807E-05 9.9807E-05 9.9807E-05 0.0541805
9.97984E-05 9.97984E-05 0.0643586 9.97984E-05 9.97984E-05 9.97984E-05 9.97984E-05 9.97984E-05 9.97984E-05 9.97984E-05 9.97984E-05 9.97984E-05 0.0770357 9.97984E-05 0.853589 9.97984E-05 9.97984E-05 9.97984E-05 9.97984E-05 0.00272149 9.97984E-05 9.97984E-05 9.97984E-05 9.97984E-05 9.97984E-05 9.97984E-05 9.97984E-05
9.98246E-05 0.033719 9.98246E-05 0.744992 9.98246E-05 0.0079349 9.98246E-05 9.98246E-05 9.98246E-05 9.98246E-05 9.98246E-05 0.0439948 9.98246E-05 0.111023 9.98246E-05 9.98246E-05 9.98246E-05 9.98246E-05 9.98246E-05 0.0134066 9.98246E-05 9.98246E-05 9.98246E-05 9.98246E-05 9.98246E-05 0.0429326 9.98246E-05
9.97984E-05 9.97984E-05 0.796511 9.97984E-05 9.97984E-05 0.162826 9.97984E-05 9.97984E-05 9.97984E-05 9.97984E-05 9.97984E-05 0.0361916 9.97984E-05 9.97984E-05 9.97984E-05 9.97984E-05 9.97984E-05 9.97984E-05 9.97984E-05 9.97984E-05 9.97984E-05 9.97984E-05 9.97984E-05 9.97984E-05 9.97984E-05 0.00217681 9.97984E-05
9.98072E-05 9.98072E-05 0.736435 9.98072E-05 9.98072E-05 9.98072E-05 9.98072E-05 9.98072E-05 9.98072E-05 9.98072E-05 9.98072E-05 9.98072E-05 9.98072E-05 9.98072E-05 9.98072E-05 0.0324711 9.98072E-05 9.98072E-05 0.116001 9.98072E-05 9.98072E-05 9.98072E-05 9.98072E-05 9.98072E-05 0.0186884 0.0942081 9.98072E-05
9.97981E-05 9.97981E-05 0.830432 9.97981E-05 9.97981E-05 9.97981E-05 9.97981E-05 9.97981E-05 9.97981E-05 9.97981E-05 0.0649583 9.97981E-05 9.97981E-05 9.97981E-05 9.97981E-05 9.97981E-05 9.97981E-05 9.97981E-05 9.97981E-05 0.0569104 9.97981E-05 9.97981E-05 9.97981E-05 0.0454036 9.97981E-05 9.97981E-05 9.97981E-05
9.97897E-05 9.97897E-05 0.00776745 9.97897E-05 9.97897E-05 9.97897E-05 9.97897E-05 0.0892573 9.97897E-05 9.97897E-05 9.97897E-05 9.97897E-05 9.97897E-05 9.97897E-05 0.90058 9.97897E-05 9.97897E-05 9.97897E-05 9.97897E-05 9.97897E-05 9.97897E-05 9.97897E-05 9.97897E-05 9.97897E-05 9.97897E-05 9.97897E-05 9.97897E-05
9.97982E-05 0.0224302 9.97982E-05 0.493968 9.97982E-05 9.97982E-05 9.97982E-05 9.97982E-05 9.97982E-05 9.97982E-05 9.97982E-05 9.97982E-05 9.97982E-05 9.97982E-05 0.461712 9.97982E-05 9.97982E-05 9.97982E-05 9.97982E-05 9.97982E-05 9.97982E-05 9.97982E-05 9.97982E-05 9.97982E-05 0.0195937 9.97982E-05 9.97982E-05
9.98332E-05 9.98332E-05 9.98332E-05 9.98332E-05 0.0414481 9.98332E-05 9.98332E-05 9.98332E-05 0.0160052 9.98332E-05 0.00535862 0.145966 9.98332E-05 9.98332E-05 9.98332E-05 0.730542 9.98332E-05 9.98332E-05 0.0291638 0.0136396 9.98332E-05 9.98332E-05 9.98332E-05 9.98332E-05 0.0159801 9.98332E-05 9.98332E-05
9.97811E-05 9.97811E-05 9.97811E-05 9.97811E-05 9.97811E-05 9.97811E-05 9.97811E-05 9.97811E-05 9.97811E-05 9.97811E-05 9.97811E-05 9.97811E-05 9.97811E-05 9.97811E-05 9.97811E-05 0.969007 9.97811E-05 9.97811E-05 9.97811E-05 9.97811E-05 9.97811E-05 9.97811E-05 9.97811E-05 9.97811E-05 9.97811E-05 0.0284981 9.97811E-05
9.97896E-05 9.97896E-05 9.97896E-05 9.97896E-05 9.97896E-05 9.97896E-05 9.97896E-05 9.97896E-05 9.97896E-05 9.97896E-05 9.97896E-05 9.97896E-05 9.97896E-05 9.97896E-05 9.97896E-05 0.954842 9.97896E-05 9.97896E-05 9.97896E-05 0.0351485 9.97896E-05 9.97896E-05 9.97896E-05 9.97896E-05 0.00761473 9.97896E-05 9.97896E-05
9.98246E-05 0.0497574 9.98246E-05 9.98246E-05 0.074782 9.98246E-05 9.98246E-05 9.98246E-05 0.225554 9.98246E-05 9.98246E-05 0.0386325 0.0202682 9.98246E-05 9.98246E-05 0.350666 9.98246E-05 9.98246E-05 0.238343 9.98246E-05 9.98246E-05 9.98246E-05 9.98246E-05 9.98246E-05 9.98246E-05 9.98246E-05 9.98246E-05
9.9833E-05 9.9833E-05 9.9833E-05 9.9833E-05 0.0592742 9.9833E-05 0.0448559 9.9833E-05 9.9833E-05 9.9833E-05 0.074243 0.0513944 9.9833E-05 9.9833E-05 9.9833E-05 0.599953 9.9833E-05 0.0765938 9.9833E-05 0.0637656 9.9833E-05 9.9833E-05 9.9833E-05 0.0280231 9.9833E-05 9.9833E-05 9.9833E-05
9.98242E-05 9.98242E-05 9.98242E-05 9.98242E-05 0.0427299 0.00644142 9.98242E-05 9.98242E-05 9.98242E-05 9.98242E-05 0.0819649 0.131085 9.98242E-05 9.98242E-05 9.98242E-05 0.665837 9.98242E-05 9.98242E-05 9.98242E-05 9.98242E-05 0.051906 9.98242E-05 9.98242E-05 9.98242E-05 0.018039 9.98242E-05 9.98242E-05
0.044224 9.98068E-05 9.98068E-05 9.98068E-05 9.98068E-05 9.98068E-05 9.98068E-05 0.0768457 0.258711 9.98068E-05 9.98068E-05 0.116564 9.98068E-05 9.98068E-05 9.98068E-05 0.50146 9.98068E-05 9.98068E-05 9.98068E-05 9.98068E-05 9.98068E-05 9.98068E-05 9.98068E-05 9.98068E-05 9.98068E-05 9.98068E-05 9.98068E-05
9.98243E-05 0.0241469 9.98243E-05 9.98243E-05 0.0398244 9.98243E-05 9.98243E-05 9.98243E-05 0.0599258 9.98243E-05 9.98243E-05 0.112621 9.98243E-05 9.98243E-05 9.98243E-05 0.533831 9.98243E-05 9.98243E-05 0.0693809 0.158273 9.98243E-05 9.98243E-05 9.98243E-05 9.98243E-05 9.98243E-05 9.98243E-05 9.98243E-05
0.0789606 9.97896E-05 9.97896E-05 9.97896E-05 9.97896E-05 9.97896E-05 9.97896E-05 9.97896E-05 9.97896E-05 9.97896E-05 9.97896E-05 9.97896E-05 9.97896E-05 9.97896E-05 9.97896E-05 0.899101 9.97896E-05 9.97896E-05 9.97896E-05 9.97896E-05 9.97896E-05 9.97896E-05 9.97896E-05 9.97896E-05 9.97896E-05 9.97896E-05 0.0195434
9.97895E-05 9.97895E-05 9.97895E-05 9.97895E-05 9.97895E-05 9.97895E-05 9.97895E-05 9.97895E-05 9.97895E-05 9.97895E-05 9.97895E-05 9.97895E-05 9.97895E-05 9.97895E-05 9.97895E-05 0.89499 9.97895E-05 9.97895E-05 9.97895E-05 9.97895E-05 0.00915607 9.97895E-05 9.97895E-05 9.97895E-05 0.0934587 9.97895E-05 9.97895E-05
9.98068E-05 9.98068E-05 9.98068E-05 9.98068E-05 0.0632466 9.98068E-05 9.98068E-05 9.98068E-05 9.98068E-05 9.98068E-05 9.98068E-05 0.307472 9.98068E-05 9.98068E-05 9.98068E-05 0.433277 9.98068E-05 9.98068E-05 9.98068E-05 9.98068E-05 9.98068E-05 9.98068E-05 9.98068E-05 0.0392572 0.154552 9.98068E-05 9.98068E-05
9.98506E-05 0.0219036 9.98506E-05 9.98506E-05 9.98506E-05 0.0931473 9.98506E-05 9.98506E-05 0.10645 9.98506E-05 0.196054 0.0844987 9.98506E-05 0.0220064 9.98506E-05 0.330256 9.98506E-05 9.98506E-05 9.98506E-05 9.98506E-05 0.0711799 9.98506E-05 9.98506E-05 0.036338 0.0364681 9.98506E-05 9.98506E-05
9.98507E-05 9.98507E-05 9.98507E-05 9.98507E-05 0.111142 9.98507E-05 9.98507E-05 9.98507E-05 0.0531145 9.98507E-05 9.98507E-05 0.00558224 9.98507E-05 0.0832698 9.98507E-05 0.480972 9.98507E-05 9.98507E-05 0.0769213 9.98507E-05 0.111298 0.0280183 9.98507E-05 0.00409076 0.0438935 9.98507E-05 9.98507E-05
9.98068E-05 0.014383 9.98068E-05 9.98068E-05 9.98068E-05 9.98068E-05 9.98068E-05 9.98068E-05 0.0409026 9.98068E-05 0.228818 0.194779 9.98068E-05 9.98068E-05 9.98068E-05 0.518922 9.98068E-05 9.98068E-05 9.98068E-05 9.98068E-05 9.98068E-05 9.98068E-05 9.98068E-05 9.98068E-05 9.98068E-05 9.98068E-05 9.98068E-05
9.97813E-05 9.97813E-05 9.97813E-05 9.97813E-05 9.97813E-05 9.97813E-05 9.97813E-05 9.97813E-05 9.97813E-05 9.97813E-05 9.97813E-05 9.97813E-05 9.97813E-05 0.0789303 9.97813E-05 0.918575 9.97813E-05 9.97813E-05 9.97813E-05 9.97813E-05 9.97813E-05 9.97813E-05 9.97813E-05 9.97813E-05 9.97813E-05 9.97813E-05 9.97813E-05
9.9807E-05 9.9807E-05 9.9807E-05 9.9807E-05 0.0269834 9.9807E-05 9.9807E-05 0.0135829 9.9807E-05 0.0420498 9.9807E-05 9.9807E-05 9.9807E-05 9.9807E-05 9.9807E-05 0.905126 9.9807E-05 9.9807E-05 9.9807E-05 9.9807E-05 9.9807E-05 9.9807E-05 9.9807E-05 9.9807E-05 0.0100624 9.9807E-05 9.9807E-05
9.98068E-05 9.98068E-05 9.98068E-05 9.98068E-05 9.98068E-05 9.98068E-05 9.98068E-05 9.98068E-05 9.98068E-05 9.98068E-05 9.98068E-05 0.0354569 9.98068E-05 9.98068E-05 9.98068E-05 0.695278 9.98068E-05 9.98068E-05 0.0919946 9.98068E-05 9.98068E-05 9.98068E-05 9.98068E-05 0.0570404 9.98068E-05 9.98068E-05 0.118035
9.98156E-05 9.98156E-05 9.98156E-05 9.98156E-05 0.0533629 9.98156E-05 9.98156E-05 9.98156E-05 9.98156E-05 9.98156E-05 0.122147 9.98156E-05 9.98156E-05 9.98156E-05 9.98156E-05 0.619846 9.98156E-05 9.98156E-05 9.98156E-05 9.98156E-05 0.0728542 9.98156E-05 9.98156E-05 0.0603778 0.0693158 9.98156E-05 9.98156E-05
9.97981E-05 9.97981E-05 9.97981E-05 9.97981E-05 9.97981E-05 9.97981E-05 9.97981E-05 9.97981E-05 9.97981E-05 9.97981E-05 9.97981E-05 0.050272 9.97981E-05 9.97981E-05 9.97981E-05 0.849984 9.97981E-05 9.97981E-05 9.97981E-05 0.084329 9.97981E-05 9.97981E-05 9.97981E-05 9.97981E-05 0.0131197 9.97981E-05 9.97981E-05
0.0600108 9.98242E-05 9.98242E-05 9.98242E-05 9.98242E-05 9.98242E-05 9.98242E-05 9.98242E-05 9.98242E-05 9.98242E-05 9.98242E-05 0.227202 9.98242E-05 0.102483 9.98242E-05 0.523069 9.98242E-05 9.98242E-05 9.98242E-05 9.98242E-05 0.0226189 9.98242E-05 9.98242E-05 9.98242E-05 0.00831954 0.0543001 9.98242E-05
9.97725E-05 9.97725E-05 9.97725E-05 9.97725E-05 9.97725E-05 9.97725E-05 9.97725E-05 9.97725E-05 9.97725E-05 9.97725E-05 9.97725E-05 9.97725E-05 9.97725E-05 9.97725E-05 9.97725E-05 0.997406 9.97725E-05 9.97725E-05 9.97725E-05 9.97725E-05 9.97725E-05 9.97725E-05 9.97725E-05 9.97725E-05 9.97725E-05 9.97725E-05 9.97725E-05
9.98154E-05 9.98154E-05 9.98154E-05 9.98154E-05 9.98154E-05 9.98154E-05 9.98154E-05 9.98154E-05 0.0447261 9.98154E-05 0.298233 0.019695 9.98154E-05 9.98154E-05 9.98154E-05 0.539212 9.98154E-05 9.98154E-05 0.0465231 9.98154E-05 9.98154E-05 9.98154E-05 9.98154E-05 0.0495149 9.98154E-05 9.98154E-05 9.98154E-05
0.032342 9.98071E-05 9.98071E-05 9.98071E-05 9.98071E-05 9.98071E-05 9.98071E-05 9.98071E-05 0.0609713 9.98071E-05 9.98071E-05 0.00498389 9.98071E-05 9.98071E-05 9.98071E-05 0.712803 9.98071E-05 9.98071E-05 0.186704 9.98071E-05 9.98071E-05 9.98071E-05 9.98071E-05 9.98071E-05 9.98071E-05 9.98071E-05 9.98071E-05
0.106511 0.0131486 9.98245E-05 9.98245E-05 0.0857689 9.98245E-05 9.98245E-05 9.98245E-05 9.98245E-05 9.98245E-05 9.98245E-05 9.98245E-05 9.98245E-05 9.98245E-05 9.98245E-05 0.537839 9.98245E-05 9.98245E-05 9.98245E-05 0.0642516 9.98245E-05 9.98245E-05 9.98245E-05 0.160768 9.98245E-05 9.98245E-05 0.0297166
9.9798E-05 9.9798E-05 9.9798E-05 9.9798E-05 9.9798E-05 9.9798E-05 9.9798E-05 9.9798E-05 9.9798E-05 9.9798E-05 9.9798E-05 9.9798E-05 9.9798E-05 9.9798E-05 9.9798E-05 0.70891 9.9798E-05 9.9798E-05 0.040737 9.9798E-05 0.152613 9.9798E-05 9.9798E-05 9.9798E-05 0.095445 9.9798E-05 9.9798E-05
9.98162E-05 9.98162E-05 0.0410063 9.98162E-05 0.00568412 9.98162E-05 9.98162E-05 9.98162E-05 9.98162E-05 0.0128861 9.98162E-05 0.00279122 9.98162E-05 9.98162E-05 9.98162E-05 0.930706 9.98162E-05 0.00483029 9.98162E-05 9.98162E-05 9.98162E-05 9.98162E-05 9.98162E-05 9.98162E-05 9.98162E-05 9.98162E-05 9.98162E-05
9.97809E-05 9.97809E-05 9.97809E-05 9.97809E-05 9.97809E-05 9.97809E-05 9.97809E-05 9.97809E-05 9.97809E-05 9.97809E-05 9.97809E-05 9.97809E-05 9.97809E-05 9.97809E-05 9.97809E-05 0.987483 9.97809E-05 9.97809E-05 9.97809E-05 9.97809E-05 0.0100226 9.97809E-05 9.97809E-05 9.97809E-05 9.97809E-05 9.97809E-05 9.97809E-05
9.97722E-05 9.97722E-05 9.97722E-05 9.97722E-05 9.97722E-05 9.97722E-05 9.97722E-05 9.97722E-05 9.97722E-05 9.97722E-05 9.97722E-05 9.97722E-05 9.97722E-05 9.97722E-05 9.97722E-05 0.997406 9.97722E-05 9.97722E-05 9.97722E-05 9.97722E-05 9.97722E-05 9.97722E-05 9.97722E-05 9.97722E-05 9.97722E-05 9.97722E-05 9.97722E-05
9.97985E-05 9.97985E-05 9.97985E-05 9.97985E-05 9.97985E-05 9.97985E-05 9.97985E-05 9.97985E-05 9.97985E-05 9.97985E-05 9.97985E-05 0.00929038 9.97985E-05 9.97985E-05 9.97985E-05 0.883475 9.97985E-05 9.97985E-05 9.97985E-05 0.0785919 0.0263478 9.97985E-05 9.97985E-05 9.97985E-05 9.97985E-05 9.97985E-05 9.97985E-05
0.0109797 9.98073E-05 9.98073E-05 9.98073E-05 0.0644953 9.98073E-05 9.98073E-05 9.98073E-05 9.98073E-05 9.98073E-05 9.98073E-05 0.120073 9.98073E-05 9.98073E-05 9.98073E-05 0.565825 9.98073E-05 9.98073E-05 9.98073E-05 9.98073E-05 9.98073E-05 9.98073E-05 0.236431 9.98073E-05 9.98073E-05 9.98073E-05 9.98073E-05
9.97984E-05 9.97984E-05 9.97984E-05 9.97984E-05 0.0814726 9.97984E-05 9.97984E-05 9.97984E-05 9.97984E-05 0.00453551 9.97984E-05 0.0868239 9.97984E-05 9.97984E-05 9.97984E-05 9.97984E-05 9.97984E-05 9.97984E-05 0.824873 9.97984E-05 9.97984E-05 9.97984E-05 9.97984E-05 9.97984E-05 9.97984E-05 9.97984E-05 9.97984E-05
9.97896E-05 9.97896E-05 9.97896E-05 9.97896E-05 9.97896E-05 9.97896E-05 9.97896E-05 9.97896E-05 9.97896E-05 9.97896E-05 9.97896E-05 9.97896E-05 0.0281895 9.97896E-05 9.97896E-05 9.97896E-05 9.97896E-05 9.97896E-05 0.303907 9.97896E-05 9.97896E-05 9.97896E-05 0.665508 9.97896E-05 9.97896E-05 9.97896E-05 9.97896E-05
9.97982E-05 9.97982E-05 9.97982E-05 9.97982E-05 9.97982E-05 9.97982E-05 0.00955409 9.97982E-05 9.97982E-05 9.97982E-05 9.97982E-05 0.00621845 0.028303 9.97982E-05 9.97982E-05 9.97982E-05 9.97982E-05 9.97982E-05 0.953629 9.97982E-05 9.97982E-05 9.97982E-05 9.97982E-05 9.97982E-05 9.97982E-05 9.97982E-05 9.97982E-05
9.97982E-05 9.97982E-05 9.97982E-05 9.97982E-05 9.97982E-05 9.97982E-05 9.97982E-05 9.97982E-05 9.97982E-05 9.97982E-05 9.97982E-05 0.139984 9.97982E-05 9.97982E-05 9.97982E-05 9.97982E-05 9.97982E-05 9.97982E-05 0.835288 0.0171049 9.97982E-05 9.97982E-05 9.97982E-05 9.97982E-05 0.00532836 9.97982E-05 9.97982E-05
9.97893E-05 9.97893E-05 9.97893E-05 9.97893E-05 0.122516 9.97893E-05 9.97893E-05 9.97893E-05 9.97893E-05 9.97893E-05 9.97893E-05 9.97893E-05 9.97893E-05 9.97893E-05 9.97893E-05 9.97893E-05 9.97893E-05 9.97893E-05 0.790545 9.97893E-05 0.0845437 9.97893E-05 9.97893E-05 9.97893E-05 9.97893E-05 9.97893E-05 9.97893E-05
9.98157E-05 9.98157E-05 9.98157E-05 9.98157E-05 0.0775946 9.98157E-05 9.98157E-05 0.0703908 0.0391151 0.20556 9.98157E-05 0.150866 9.98157E-05 9.98157E-05 9.98157E-05 9.98157E-05 9.98157E-05 9.98157E-05 0.454377 9.98157E-05 9.98157E-05 9.98157E-05 9.98157E-05 9.98157E-05 9.98157E-05 9.98157E-05 9.98157E-05
9.98156E-05 9.98156E-05 9.98156E-05 9.98156E-05 0.0666707 9.98156E-05 9.98156E-05 9.98156E-05 9.98156E-05 9.98156E-05 9.98156E-05 0.0613924 9.98156E-05 9.98156E-05 9.98156E-05 9.98156E-05 0.379614 9.98156E-05 0.415788 0.0264227 9.98156E-05 9.98156E-05 9.98156E-05 9.98156E-05 0.0480162 9.98156E-05 9.98156E-05
9.97808E-05 9.97808E-05 9.97808E-05 9.97808E-05 0.167844 9.97808E-05 9.97808E-05 9.97808E-05 9.97808E-05 9.97808E-05 9.97808E-05 9.97808E-05 9.97808E-05 9.97808E-05 9.97808E-05 9.97808E-05 9.97808E-05 9.97808E-05 0.829662 9.97808E-05 9.97808E-05 9.97808E-05 9.97808E-05 9.97808E-05 9.97808E-05 9.97808E-05 9.97808E-05
0.0195178 9.98156E-05 9.98156E-05 9.98156E-05 0.285371 9.98156E-05 9.98156E-05 0.0711252 0.255195 9.98156E-05 0.0373032 9.98156E-05 9.98156E-05 9.98156E-05 9.98156E-05 9.98156E-05 9.98156E-05 9.98156E-05 0.329391 9.98156E-05 9.98156E-05 9.98156E-05 9.98156E-05 9.98156E-05 9.98156E-05 9.98156E-05 9.98156E-05
9.98157E-05 9.98157E-05 9.98157E-05 9.98157E-05 0.188732 9.98157E-05 9.98157E-05 0.0476795 9.98157E-05 9.98157E-05 9.98157E-05 0.260973 9.98157E-05 9.98157E-05 9.98157E-05 9.98157E-05 0.133292 9.98157E-05 0.353742 9.98157E-05 0.0134854 9.98157E-05 9.98157E-05 9.98157E-05 9.98157E-05 9.98157E-05 9.98157E-05
9.98246E-05 9.98246E-05 9.98246E-05 9.98246E-05 0.0138425 9.98246E-05 9.98246E-05 9.98246E-05 0.210949 0.25583 9.98246E-05 0.0135876 0.313091 9.98246E-05 9.98246E-05 9.98246E-05 9.98246E-05 9.98246E-05 0.14003 9.98246E-05 9.98246E-05 9.98246E-05 9.98246E-05 9.98246E-05 0.0506732 9.98246E-05 9.98246E-05
9.97983E-05 9.97983E-05 9.97983E-05 9.97983E-05 9.97983E-05 9.97983E-05 9.97983E-05 9.97983E-05 0.0702683 9.97983E-05 9.97983E-05 0.0225058 0.257582 9.97983E-05 9.97983E-05 9.97983E-05 9.97983E-05 9.97983E-05 0.647349 9.97983E-05 9.97983E-05 9.97983E-05 9.97983E-05 9.97983E-05 9.97983E-05 9.97983E-05 9.97983E-05
9.9816E-05 9.9816E-05 9.9816E-05 9.9816E-05 0.161165 9.9816E-05 0.0201433 0.0164046 9.9816E-05 9.9816E-05 9.9816E-05 9.9816E-05 0.110983 9.9816E-05 9.9816E-05 9.9816E-05 0.0672409 9.9816E-05 0.621967 9.9816E-05 9.9816E-05 9.9816E-05 9.9816E-05 9.9816E-05 9.9816E-05 9.9816E-05 9.9816E-05
9.98072E-05 9.98072E-05 9.98072E-05 9.98072E-05 0.149988 9.98072E-05 9.98072E-05 9.98072E-05 9.98072E-05 0.246901 9.98072E-05 0.177036 0.0819934 9.98072E-05 9.98072E-05 9.98072E-05 9.98072E-05 9.98072E-05 0.341886 9.98072E-05 9.98072E-05 9.98072E-05 9.98072E-05 9.98072E-05 9.98072E-05 9.98072E-05 9.98072E-05
9.98157E-05 9.98157E-05 9.98157E-05 9.98157E-05 0.0777994 9.98157E-05 9.98157E-05 9.98157E-05 9.98157E-05 9.98157E-05 9.98157E-05 9.98157E-05 9.98157E-05 9.98157E-05 9.98157E-05 9.98157E-05 0.263781 9.98157E-05 0.502966 0.124267 0.0220975 9.98157E-05 9.98157E-05 9.98157E-05 0.00699243 9.98157E-05 9.98157E-05
0.0653211 0.0203532 9.98422E-05 9.98422E-05 9.98422E-05 9.98422E-05 9.98422E-05 0.0236064 0.0591568 9.98422E-05 9.98422E-05 0.107801 0.0238783 9.98422E-05 9.98422E-05 9.98422E-05 9.98422E-05 9.98422E-05 0.629904 9.98422E-05 0.00133432 9.98422E-05 0.0668473 9.98422E-05 9.98422E-05 9.98422E-05 9.98422E-05
9.9807E-05 9.9807E-05 9.9807E-05 9.9807E-05 9.9807E-05 9.9807E-05 9.9807E-05 9.9807E-05 0.151655 0.160322 9.9807E-05 0.0589469 9.9807E-05 9.9807E-05 9.9807E-05 9.9807E-05 9.9807E-05 0.0901412 0.536739 9.9807E-05 9.9807E-05 9.9807E-05 9.9807E-05 9.9807E-05 9.9807E-05 9.9807E-05 9.9807E-05
9.98248E-05 0.01087 9.98248E-05 9.98248E-05 0.170958 9.98248E-05 0.0683884 9.98248E-05 9.98248E-05 9.98248E-05 0.0519415 9.98248E-05 9.98248E-05 9.98248E-05 9.98248E-05 9.98248E-05 9.98248E-05 9.98248E-05 0.60089 9.98248E-05 9.98248E-05 9.98248E-05 0.0535052 9.98248E-05 0.0414508 9.98248E-05 9.98248E-05
9.97984E-05 9.97984E-05 9.97984E-05 9.97984E-05 9.97984E-05 9.97984E-05 9.97984E-05 9.97984E-05 0.0007925 0.0177583 9.97984E-05 9.97984E-05 9.97984E-05 9.97984E-05 9.97984E-05 9.97984E-05 9.97984E-05 9.97984E-05 0.962316 9.97984E-05 9.97984E-05 9.97984E-05 9.97984E-05 9.97984E-05 0.0168382 9.97984E-05 9.97984E-05
9.98246E-05 9.98246E-05 9.98246E-05 9.98246E-05 0.0572706 9.98246E-05 9.98246E-05 0.0192718 9.98246E-05 9.98246E-05 9.98246E-05 0.0307974 9.98246E-05 0.00253263 9.98246E-05 9.98246E-05 9.98246E-05 9.98246E-05 0.403993 9.98246E-05 9.98246E-05 9.98246E-05 0.41701 9.98246E-05 9.98246E-05 0.0671288 9.98246E-05
9.98332E-05 9.98332E-05 9.98332E-05 9.98332E-05 0.0128381 9.98332E-05 0.0182266 0.0167993 0.146154 0.0991608 9.98332E-05 0.0752315 9.98332E-05 9.98332E-05 9.98332E-05 9.98332E-05 0.137327 9.98332E-05 0.492367 9.98332E-05 9.98332E-05 9.98332E-05 9.98332E-05 9.98332E-05 9.98332E-05 9.98332E-05 9.98332E-05
9.97982E-05 9.97982E-05 9.97982E-05 9.97982E-05 0.0519705 9.97982E-05 9.97982E-05 9.97982E-05 9.97982E-05 0.115023 9.97982E-05 0.0310735 9.97982E-05 9.97982E-05 9.97982E-05 9.97982E-05 9.97982E-05 9.97982E-05 0.799638 9.97982E-05 9.97982E-05 9.97982E-05 9.97982E-05 9.97982E-05 9.97982E-05 9.97982E-05 9.97982E-05
9.98158E-05 9.98158E-05 9.98158E-05 9.98158E-05 0.216376 9.98158E-05 9.98158E-05 9.98158E-05 0.0139885 9.98158E-05 9.98158E-05 0.187723 9.98158E-05 9.98158E-05 9.98158E-05 9.98158E-05 9.98158E-05 0.0905636 0.48661 9.98158E-05 9.98158E-05 9.98158E-05 9.98158E-05 0.00264343 9.98158E-05 9.98158E-05 9.98158E-05
9.98158E-05 9.98158E-05 9.98158E-05 9.98158E-05 0.0574115 9.98158E-05 0.0349194 9.98158E-05 9.98158E-05 0.210849 9.98158E-05 0.0497823 9.98158E-05 9.98158E-05 9.98158E-05 9.98158E-05 0.152921 9.98158E-05 0.49202 9.98158E-05 9.98158E-05 9.98158E-05 9.98158E-05 9.98158E-05 9.98158E-05 9.98158E-05 9.98158E-05
9.9807E-05 9.9807E-05 9.9807E-05 9.9807E-05 0.218769 9.9807E-05 9.9807E-05 9.9807E-05 0.0329058 9.9807E-05 9.9807E-05 0.196605 9.9807E-05 9.9807E-05 9.9807E-05 9.9807E-05 9.9807E-05 0.0504022 0.499122 9.9807E-05 9.9807E-05 9.9807E-05 9.9807E-05 9.9807E-05 9.9807E-05 9.9807E-05 9.9807E-05
9.98157E-05 9.98157E-05 9.98157E-05 9.98157E-05 0.108945 9.98157E-05 9.98157E-05 9.98157E-05 9.98157E-05 9.98157E-05 0.00766322 0.100038 0.683368 9.98157E-05 9.98157E-05 9.98157E-05 9.98157E-05 9.98157E-05 0.0700126 9.98157E-05 0.0278766 9.98157E-05 9.98157E-05 9.98157E-05 9.98157E-05 9.98157E-05 9.98157E-05
9.97982E-05 9.97982E-05 9.97982E-05 9.97982E-05 9.97982E-05 9.97982E-05 0.0442738 9.97982E-05 9.97982E-05 9.97982E-05 9.97982E-05 9.97982E-05 9.97982E-05 9.97982E-05 9.97982E-05 9.97982E-05 0.208463 9.97982E-05 9.97982E-05 9.97982E-05 9.97982E-05 9.97982E-05 0.704631 9.97982E-05 9.97982E-05 9.97982E-05 0.0403367
9.98068E-05 9.98068E-05 9.98068E-05 9.98068E-05 0.0303134 9.98068E-05 9.98068E-05 9.98068E-05 9.98068E-05 9.98068E-05 9.98068E-05 0.0393252 9.98068E-05 9.98068E-05 9.98068E-05 9.98068E-05 9.98068E-05 0.00106513 0.853403 9.98068E-05 9.98068E-05 9.98068E-05 9.98068E-05 0.0736972 9.98068E-05 9.98068E-05 9.98068E-05
9.98159E-05 9.98159E-05 9.98159E-05 9.98159E-05 0.259132 9.98159E-05 9.98159E-05 9.98159E-05 0.0338969 9.98159E-05 9.98159E-05 0.17478 0.0228265 9.98159E-05 9.98159E-05 9.98159E-05 9.98159E-05 9.98159E-05 0.495894 9.98159E-05 9.98159E-05 9.98159E-05 0.0113737 9.98159E-05 9.98159E-05 9.98159E-05 9.98159E-05
9.98246E-05 9.98246E-05 9.98246E-05 9.98246E-05 9.98246E-05 9.98246E-05 0.0415413 9.98246E-05 9.98246E-05 9.98246E-05 0.0301897 0.10364 9.98246E-05 9.98246E-05 9.98246E-05 9.98246E-05 0.448912 0.0433135 0.307829 9.98246E-05 9.98246E-05 9.98246E-05 9.98246E-05 9.98246E-05 0.022578 9.98246E-05 9.98246E-05
9.9807E-05 9.9807E-05 9.9807E-05 9.9807E-05 9.9807E-05 9.9807E-05 9.9807E-05 9.9807E-05 9.9807E-05 9.9807E-05 9.9807E-05 0.146494 0.351323 0.0106442 9.9807E-05 9.9807E-05 9.9807E-05 9.9807E-05 0.470095 9.9807E-05 9.9807E-05 9.9807E-05 9.9807E-05 9.9807E-05 0.019248 9.9807E-05 9.9807E-05
9.97894E-05 9.97894E-05 9.97894E-05 9.97894E-05 9.97894E-05 9.97894E-05 9.97894E-05 9.97894E-05 9.97894E-05 9.97894E-05 9.97894E-05 9.97894E-05 9.97894E-05 0.0656675 9.97894E-05 9.97894E-05 0.268156 9.97894E-05 0.663781 9.97894E-05 9.97894E-05 9.97894E-05 9.97894E-05 9.97894E-05 9.97894E-05 9.97894E-05 9.97894E-05
9.98069E-05 9.98069E-05 9.98069E-05 9.98069E-05 0.221871 9.98069E-05 0.139491 9.98069E-05 9.98069E-05 9.98069E-05 9.98069E-05 0.0577983 9.98069E-05 9.98069E-05 9.98069E-05 9.98069E-05 9.98069E-05 0.114579 0.464065 9.98069E-05 9.98069E-05 9.98069E-05 9.98069E-05 9.98069E-05 9.98069E-05 9.98069E-05 9.98069E-05
9.97981E-05 9.97981E-05 9.97981E-05 9.97981E-05 9.97981E-05 0.0197455 9.97981E-05 9.97981E-05 9.97981E-05 9.97981E-05 0.0575107 0.0803622 9.97981E-05 9.97981E-05 9.97981E-05 9.97981E-05 9.97981E-05 9.97981E-05 0.840086 9.97981E-05 9.97981E-05 9.97981E-05 9.97981E-05 9.97981E-05 9.97981E-05 9.97981E-05 9.97981E-05
9.9807E-05 9.9807E-05 9.9807E-05 9.9807E-05 9.9807E-05 9.9807E-05 9.9807E-05 9.9807E-05 9.9807E-05 0.0265418 9.9807E-05 0.027576 9.9807E-05 9.9807E-05 9.9807E-05 9.9807E-05 0.00982623 9.9807E-05 0.830334 9.9807E-05 9.9807E-05 9.9807E-05 0.103526 9.9807E-05 9.9807E-05 9.9807E-05 9.9807E-05
0.0472086 9.98332E-05 9.98332E-05 9.98332E-05 0.0892163 9.98332E-05 9.98332E-05 9.98332E-05 9.98332E-05 0.21141 9.98332E-05 9.98332E-05 0.0150051 0.0227296 9.98332E-05 9.98332E-05 9.98332E-05 0.00478042 0.586525 9.98332E-05 9.98332E-05 9.98332E-05 9.98332E-05 9.98332E-05 0.0212279 9.98332E-05 9.98332E-05
9.9798E-05 9.9798E-05 9.9798E-05 9.9798E-05 0.0415976 9.9798E-05 9.9798E-05 9.9798E-05 9.9798E-05 9.9798E-05 9.9798E-05 0.162549 9.9798E-05 9.9798E-05 9.9798E-05 9.9798E-05 9.9798E-05 9.9798E-05 0.746726 9.9798E-05 0.0468319 9.9798E-05 9.9798E-05 9.9798E-05 9.9798E-05 9.9798E-05 9.9798E-05
9.97894E-05 9.97894E-05 9.97894E-05 9.97894E-05 0.0495417 9.97894E-05 9.97894E-05 9.97894E-05 9.97894E-05 0.732677 9.97894E-05 9.97894E-05 9.97894E-05 9.97894E-05 9.97894E-05 9.97894E-05 0.215386 9.97894E-05 9.97894E-05 9.97894E-05 9.97894E-05 9.97894E-05 9.97894E-05 9.97894E-05 9.97894E-05 9.97894E-05 9.97894E-05
9.98335E-05 9.98335E-05 9.98335E-05 9.98335E-05 9.98335E-05 9.98335E-05 9.98335E-05 9.98335E-05 9.98335E-05 0.329757 9.98335E-05 0.12245 0.0122852 9.98335E-05 9.98335E-05 9.98335E-05 0.121155 9.98335E-05 0.361846 0.0120154 0.000651902 9.98335E-05 9.98335E-05 9.98335E-05 0.0379428 9.98335E-05 9.98335E-05
9.97808E-05 9.97808E-05 9.97808E-05 9.97808E-05 9.97808E-05 9.97808E-05 0.0022586 9.97808E-05 9.97808E-05 9.97808E-05 9.97808E-05 9.97808E-05 9.97808E-05 9.97808E-05 9.97808E-05 9.97808E-05 0.995247 9.97808E-05 9.97808E-05 9.97808E-05 9.97808E-05 9.97808E-05 9.97808E-05 9.97808E-05 9.97808E-05 9.97808E-05 9.97808E-05
