0.0258768 0.31383 9.98508E-05 9.98508E-05 9.98508E-05 9.98508E-05 9.98508E-05 0.0407086 9.98508E-05 9.98508E-05 9.98508E-05 0.034694 9.98508E-05 9.98508E-05 9.98508E-05 0.0987013 9.98508E-05 0.267984 0.183003 9.98508E-05 0.00715007 9.98508E-05 9.98508E-05 0.0263548 9.98508E-05 9.98508E-05
9.98159E-05 0.0822943 9.98159E-05 9.98159E-05 9.98159E-05 9.98159E-05 9.98159E-05 9.98159E-05 9.98159E-05 9.98159E-05 9.98159E-05 9.98159E-05 9.98159E-05 9.98159E-05 9.98159E-05 0.05641 9.98159E-05 0.694683 9.98159E-05 9.98159E-05 0.0530722 9.98159E-05 9.98159E-05 0.111444 9.98159E-05 9.98159E-05
9.97895E-05 9.97895E-05 9.97895E-05 9.97895E-05 9.97895E-05 9.97895E-05 9.97895E-05 9.97895E-05 9.97895E-05 9.97895E-05 9.97895E-05 9.97895E-05 9.97895E-05 9.97895E-05 9.97895E-05 0.957103 9.97895E-05 9.97895E-05 9.97895E-05 9.97895E-05 9.97895E-05 9.97895E-05 9.97895E-05 9.97895E-05 9.97895E-05 0.0405021
0.0173829 9.98684E-05 9.98684E-05 0.103086 9.98684E-05 9.98684E-05 9.98684E-05 9.98684E-05 0.0226262 9.98684E-05 0.29642 0.0241295 9.98684E-05 9.98684E-05 9.98684E-05 9.98684E-05 0.016365 0.278508 0.140254 0.0123657 0.0437371 0.0436279 9.98684E-05 9.98684E-05 9.98684E-05 9.98684E-05
9.98246E-05 9.98246E-05 9.98246E-05 0.0812601 9.98246E-05 9.98246E-05 9.98246E-05 9.98246E-05 0.00695938 9.98246E-05 9.98246E-05 9.98246E-05 9.98246E-05 9.98246E-05 9.98246E-05 0.0813699 9.98246E-05 0.757171 9.98246E-05 9.98246E-05 9.98246E-05 0.0512722 9.98246E-05 9.98246E-05 9.98246E-05 0.0199705
9.98421E-05 0.235242 9.98421E-05 0.169415 9.98421E-05 9.98421E-05 9.98421E-05 9.98421E-05 9.98421E-05 9.98421E-05 9.98421E-05 9.98421E-05 9.98421E-05 9.98421E-05 9.98421E-05 0.180265 9.98421E-05 0.0544338 0.0156316 0.15298 9.98421E-05 0.0798055 9.98421E-05 9.98421E-05 9.98421E-05 0.110429
9.98684E-05 0.121401 9.98684E-05 9.98684E-05 9.98684E-05 9.98684E-05 9.98684E-05 9.98684E-05 0.00673605 9.98684E-05 0.0599364 0.0923013 9.98684E-05 9.98684E-05 0.0328039 9.98684E-05 9.98684E-05 0.353657 0.0510532 9.98684E-05 0.0639027 0.0779579 9.98684E-05 0.0326677 0.106084 9.98684E-05
9.98684E-05 0.0765985 9.98684E-05 0.0255183 9.98684E-05 9.98684E-05 9.98684E-05 0.0389425 0.0529722 0.127431 9.98684E-05 9.98684E-05 9.98684E-05 9.98684E-05 9.98684E-05 9.98684E-05 9.98684E-05 0.226205 0.184927 0.135981 9.98684E-05 0.0824497 0.0156432 9.98684E-05 9.98684E-05 0.0318331
9.98508E-05 9.98508E-05 9.98508E-05 0.0931293 9.98508E-05 9.98508E-05 9.98508E-05 9.98508E-05 9.98508E-05 0.0141718 9.98508E-05 0.0941711 9.98508E-05 9.98508E-05 0.237495 0.145087 9.98508E-05 0.0832144 0.102619 0.199692 9.98508E-05 9.98508E-05 9.98508E-05 9.98508E-05 9.98508E-05 0.0287227
9.97983E-05 9.97983E-05 9.97983E-05 9.97983E-05 9.97983E-05 9.97983E-05 9.97983E-05 9.97983E-05 9.97983E-05 9.97983E-05 9.97983E-05 0.0845047 9.97983E-05 9.97983E-05 9.97983E-05 0.563638 9.97983E-05 0.349562 9.97983E-05 9.97983E-05 9.97983E-05 9.97983E-05 9.97983E-05 9.97983E-05 9.97983E-05 9.97983E-05
9.98333E-05 0.0542991 9.98333E-05 9.98333E-05 9.98333E-05 9.98333E-05 9.98333E-05 9.98333E-05 9.98333E-05 9.98333E-05 9.98333E-05 0.152904 9.98333E-05 9.98333E-05 9.98333E-05 0.155621 0.00904083 0.410334 0.0976259 9.98333E-05 0.118279 9.98333E-05 9.98333E-05 9.98333E-05 9.98333E-05 9.98333E-05
9.97896E-05 9.97896E-05 9.97896E-05 9.97896E-05 9.97896E-05 9.97896E-05 9.97896E-05 9.97896E-05 9.97896E-05 9.97896E-05 9.97896E-05 9.97896E-05 9.97896E-05 9.97896E-05 9.97896E-05 0.978251 9.97896E-05 9.97896E-05 9.97896E-05 9.97896E-05 9.97896E-05 9.97896E-05 0.0193545 9.97896E-05 9.97896E-05 9.97896E-05
9.98246E-05 9.98246E-05 9.98246E-05 9.98246E-05 0.00148603 9.98246E-05 9.98246E-05 9.98246E-05 9.98246E-05 9.98246E-05 9.98246E-05 0.0203412 9.98246E-05 9.98246E-05 9.98246E-05 9.98246E-05 9.98246E-05 0.839778 0.107221 9.98246E-05 0.0201918 9.98246E-05 9.98246E-05 9.98246E-05 9.98246E-05 0.00898554
9.98421E-05 9.98421E-05 9.98421E-05 0.0245277 9.98421E-05 0.0110201 9.98421E-05 9.98421E-05 9.98421E-05 9.98421E-05 9.98421E-05 0.0572048 0.0403961 9.98421E-05 9.98421E-05 9.98421E-05 9.98421E-05 0.769056 9.98421E-05 9.98421E-05 0.0127235 9.98421E-05 9.98421E-05 0.0190505 9.98421E-05 0.064224
9.98684E-05 0.165156 9.98684E-05 0.0717987 9.98684E-05 0.00424687 0.0220824 9.98684E-05 9.98684E-05 0.0216858 9.98684E-05 0.15144 0.0470555 9.98684E-05 9.98684E-05 0.354155 9.98684E-05 9.98684E-05 0.0127622 0.119366 9.98684E-05 0.0287535 9.98684E-05 9.98684E-05 9.98684E-05 9.98684E-05
9.98683E-05 0.19324 9.98683E-05 0.0145295 9.98683E-05 9.98683E-05 9.98683E-05 0.0366553 9.98683E-05 9.98683E-05 0.052025 0.0895285 9.98683E-05 0.102403 9.98683E-05 9.98683E-05 9.98683E-05 0.224893 0.0856816 0.166849 9.98683E-05 0.0104541 0.022243 9.98683E-05 9.98683E-05 9.98683E-05
9.98422E-05 9.98422E-05 9.98422E-05 9.98422E-05 9.98422E-05 9.98422E-05 9.98422E-05 0.0363937 9.98422E-05 9.98422E-05 9.98422E-05 0.0551222 0.243919 9.98422E-05 9.98422E-05 0.476307 9.98422E-05 0.0479801 0.000275569 9.98422E-05 0.019329 9.98422E-05 9.98422E-05 0.118876 9.98422E-05 9.98422E-05
0.149651 0.200051 9.98422E-05 9.98422E-05 0.188703 9.98422E-05 9.98422E-05 9.98422E-05 9.98422E-05 9.98422E-05 9.98422E-05 0.0890901 9.98422E-05 9.98422E-05 0.0385859 9.98422E-05 9.98422E-05 0.200909 0.128017 0.00319746 9.98422E-05 9.98422E-05 9.98422E-05 9.98422E-05 9.98422E-05 9.98422E-05
9.98244E-05 9.98244E-05 9.98244E-05 9.98244E-05 9.98244E-05 9.98244E-05 9.98244E-05 0.00683667 9.98244E-05 9.98244E-05 9.98244E-05 0.157861 9.98244E-05 9.98244E-05 9.98244E-05 0.407067 9.98244E-05 9.98244E-05 0.135471 0.12312 9.98244E-05 0.167647 9.98244E-05 9.98244E-05 9.98244E-05 9.98244E-05
0.0774117 9.98071E-05 9.98071E-05 9.98071E-05 9.98071E-05 9.98071E-05 9.98071E-05 9.98071E-05 9.98071E-05 9.98071E-05 9.98071E-05 9.98071E-05 9.98071E-05 9.98071E-05 9.98071E-05 0.455973 9.98071E-05 0.462178 9.98071E-05 9.98071E-05 9.98071E-05 0.00224072 9.98071E-05 9.98071E-05 9.98071E-05 9.98071E-05
9.98246E-05 9.98246E-05 9.98246E-05 9.98246E-05 9.98246E-05 9.98246E-05 9.98246E-05 9.98246E-05 0.165819 9.98246E-05 9.98246E-05 9.98246E-05 9.98246E-05 9.98246E-05 9.98246E-05 9.98246E-05 0.116231 0.511219 9.98246E-05 0.039234 0.0407366 9.98246E-05 0.124765 9.98246E-05 9.98246E-05 9.98246E-05
9.98597E-05 9.98597E-05 9.98597E-05 0.0687822 9.98597E-05 0.0304695 0.166201 9.98597E-05 9.98597E-05 0.0110169 9.98597E-05 9.98597E-05 9.98597E-05 9.98597E-05 9.98597E-05 0.249059 0.0403942 9.98597E-05 0.214717 0.100882 9.98597E-05 0.0542819 9.98597E-05 9.98597E-05 9.98597E-05 0.0625987
9.98421E-05 0.0979876 9.98421E-05 0.0497585 0.00155319 9.98421E-05 0.00294925 9.98421E-05 9.98421E-05 9.98421E-05 9.98421E-05 0.138441 9.98421E-05 9.98421E-05 9.98421E-05 0.35351 9.98421E-05 0.288364 9.98421E-05 9.98421E-05 0.0656393 9.98421E-05 9.98421E-05 9.98421E-05 9.98421E-05 9.98421E-05
9.98157E-05 0.0160417 9.98157E-05 9.98157E-05 9.98157E-05 9.98157E-05 9.98157E-05 9.98157E-05 9.98157E-05 9.98157E-05 9.98157E-05 0.228766 9.98157E-05 9.98157E-05 0.0560236 9.98157E-05 9.98157E-05 0.432543 0.264529 9.98157E-05 9.98157E-05 9.98157E-05 9.98157E-05 9.98157E-05 9.98157E-05 9.98157E-05
0.121564 9.98508E-05 9.98508E-05 9.98508E-05 9.98508E-05 0.0684228 9.98508E-05 9.98508E-05 9.98508E-05 9.98508E-05 9.98508E-05 0.239614 9.98508E-05 9.98508E-05 9.98508E-05 0.105527 0.164748 0.16649 0.0413449 0.0347879 0.0558047 9.98508E-05 9.98508E-05 9.98508E-05 9.98508E-05 9.98508E-05
9.98422E-05 9.98422E-05 9.98422E-05 0.0313873 9.98422E-05 9.98422E-05 9.98422E-05 9.98422E-05 9.98422E-05 9.98422E-05 0.0671834 0.0243935 0.0281094 9.98422E-05 9.98422E-05 0.458112 9.98422E-05 0.231024 9.98422E-05 0.054368 9.98422E-05 9.98422E-05 9.98422E-05 9.98422E-05 9.98422E-05 0.103625
9.9842E-05 9.9842E-05 9.9842E-05 0.0818429 0.129406 9.9842E-05 0.272282 9.9842E-05 9.9842E-05 9.9842E-05 9.9842E-05 0.0388072 9.9842E-05 0.0332542 9.9842E-05 0.0224499 0.213979 9.9842E-05 0.206182 9.9842E-05 9.9842E-05 9.9842E-05 9.9842E-05 9.9842E-05 9.9842E-05 9.9842E-05
9.98422E-05 9.98422E-05 9.98422E-05 9.98422E-05 9.98422E-05 9.98422E-05 0.0431684 9.98422E-05 9.98422E-05 9.98422E-05 0.172499 0.0334408 9.98422E-05 9.98422E-05 9.98422E-05 0.471958 9.98422E-05 0.216555 0.0499093 9.98422E-05 9.98422E-05 9.98422E-05 0.00814535 0.00252634 9.98422E-05 9.98422E-05
9.98422E-05 0.0023537 9.98422E-05 9.98422E-05 9.98422E-05 9.98422E-05 0.0563211 9.98422E-05 9.98422E-05 9.98422E-05 9.98422E-05 0.12345 9.98422E-05 9.98422E-05 0.00990864 0.552601 0.163253 0.0615425 0.0287735 9.98422E-05 9.98422E-05 9.98422E-05 9.98422E-05 9.98422E-05 9.98422E-05 9.98422E-05
9.97983E-05 9.97983E-05 9.97983E-05 9.97983E-05 9.97983E-05 9.97983E-05 9.97983E-05 0.0336004 9.97983E-05 9.97983E-05 9.97983E-05 9.97983E-05 0.321363 9.97983E-05 9.97983E-05 0.642741 9.97983E-05 9.97983E-05 9.97983E-05 9.97983E-05 9.97983E-05 9.97983E-05 9.97983E-05 9.97983E-05 9.97983E-05 9.97983E-05
0.0230204 0.126159 9.9842E-05 9.9842E-05 0.0158592 0.0590666 9.9842E-05 9.9842E-05 9.9842E-05 9.9842E-05 9.9842E-05 9.9842E-05 9.9842E-05 9.9842E-05 9.9842E-05 0.657596 9.9842E-05 9.9842E-05 9.9842E-05 0.0271482 0.0609057 0.0284468 9.9842E-05 9.9842E-05 9.9842E-05 9.9842E-05
9.98597E-05 9.98597E-05 0.0416454 0.0572485 9.98597E-05 9.98597E-05 9.98597E-05 9.98597E-05 0.0201791 9.98597E-05 9.98597E-05 0.0836612 9.98597E-05 9.98597E-05 9.98597E-05 9.98597E-05 0.0512675 0.647233 0.00702454 9.98597E-05 0.0530251 0.0361177 9.98597E-05 9.98597E-05 0.00100011 9.98597E-05
9.98332E-05 9.98332E-05 9.98332E-05 9.98332E-05 9.98332E-05 9.98332E-05 9.98332E-05 9.98332E-05 9.98332E-05 9.98332E-05 0.0168921 0.132027 9.98332E-05 9.98332E-05 9.98332E-05 9.98332E-05 0.0526602 0.506441 0.134665 9.98332E-05 0.107151 9.98332E-05 0.0482676 9.98332E-05 9.98332E-05 9.98332E-05
9.98334E-05 9.98334E-05 0.00994191 0.168035 9.98334E-05 9.98334E-05 9.98334E-05 9.98334E-05 9.98334E-05 9.98334E-05 9.98334E-05 0.108206 9.98334E-05 9.98334E-05 9.98334E-05 0.502051 9.98334E-05 0.0126634 0.113523 9.98334E-05 9.98334E-05 9.98334E-05 0.0836827 9.98334E-05 9.98334E-05 9.98334E-05
0.0323604 9.98247E-05 9.98247E-05 9.98247E-05 9.98247E-05 9.98247E-05 0.0282212 9.98247E-05 9.98247E-05 9.98247E-05 9.98247E-05 9.98247E-05 9.98247E-05 9.98247E-05 9.98247E-05 0.859334 9.98247E-05 9.98247E-05 9.98247E-05 9.98247E-05 0.0514365 0.00857611 9.98247E-05 0.0180757 9.98247E-05 9.98247E-05
9.98598E-05 0.0808449 9.98598E-05 9.98598E-05 9.98598E-05 9.98598E-05 0.0312175 9.98598E-05 9.98598E-05 9.98598E-05 0.0363002 0.0532315 9.98598E-05 0.0610953 0.0488765 0.370259 9.98598E-05 0.259621 0.0564244 9.98598E-05 0.000531785 9.98598E-05 9.98598E-05 9.98598E-05 9.98598E-05 9.98598E-05
9.98161E-05 9.98161E-05 9.98161E-05 9.98161E-05 9.98161E-05 9.98161E-05 9.98161E-05 9.98161E-05 9.98161E-05 9.98161E-05 9.98161E-05 9.98161E-05 9.98161E-05 9.98161E-05 9.98161E-05 0.676452 9.98161E-05 0.178081 9.98161E-05 9.98161E-05 0.0196853 0.0499001 9.98161E-05 0.0737863 9.98161E-05 9.98161E-05
0.0387977 9.98334E-05 9.98334E-05 9.98334E-05 9.98334E-05 9.98334E-05 9.98334E-05 9.98334E-05 9.98334E-05 9.98334E-05 9.98334E-05 0.0626707 0.0624366 9.98334E-05 9.98334E-05 0.0759551 9.98334E-05 0.590152 9.98334E-05 0.138378 9.98334E-05 9.98334E-05 9.98334E-05 0.0297136 9.98334E-05 9.98334E-05
9.98684E-05 9.98684E-05 9.98684E-05 0.0472245 9.98684E-05 9.98684E-05 9.98684E-05 9.98684E-05 9.98684E-05 9.98684E-05 9.98684E-05 0.0514655 0.0951684 9.98684E-05 9.98684E-05 0.593357 9.98684E-05 9.98684E-05 0.0225673 0.0273481 0.00321903 0.0140876 0.0354639 0.104404 9.98684E-05 0.00419662
9.98334E-05 9.98334E-05 9.98334E-05 0.221323 9.98334E-05 9.98334E-05 9.98334E-05 9.98334E-05 9.98334E-05 9.98334E-05 9.98334E-05 0.111511 9.98334E-05 9.98334E-05 9.98334E-05 0.523946 9.98334E-05 0.0693501 9.98334E-05 9.98334E-05 9.98334E-05 0.0143325 0.0463065 9.98334E-05 0.011334 9.98334E-05
9.97984E-05 9.97984E-05 9.97984E-05 9.97984E-05 9.97984E-05 9.97984E-05 9.97984E-05 9.97984E-05 0.0684529 9.97984E-05 9.97984E-05 9.97984E-05 9.97984E-05 9.97984E-05 9.97984E-05 0.924186 9.97984E-05 9.97984E-05 9.97984E-05 9.97984E-05 0.00506592 9.97984E-05 9.97984E-05 9.97984E-05 9.97984E-05 9.97984E-05
9.98159E-05 9.98159E-05 9.98159E-05 9.98159E-05 9.98159E-05 9.98159E-05 0.183328 9.98159E-05 9.98159E-05 9.98159E-05 9.98159E-05 0.00266993 9.98159E-05 9.98159E-05 0.0495323 0.625076 9.98159E-05 9.98159E-05 0.137298 9.98159E-05 9.98159E-05 9.98159E-05 9.98159E-05 9.98159E-05 9.98159E-05 9.98159E-05
9.97981E-05 9.97981E-05 9.97981E-05 9.97981E-05 9.97981E-05 9.97981E-05 0.127307 9.97981E-05 9.97981E-05 9.97981E-05 9.97981E-05 9.97981E-05 0.0980545 9.97981E-05 9.97981E-05 9.97981E-05 9.97981E-05 0.772343 9.97981E-05 9.97981E-05 9.97981E-05 9.97981E-05 9.97981E-05 9.97981E-05 9.97981E-05 9.97981E-05
9.98421E-05 0.119572 9.98421E-05 9.98421E-05 9.98421E-05 9.98421E-05 9.98421E-05 9.98421E-05 9.98421E-05 0.0316912 9.98421E-05 0.162402 9.98421E-05 9.98421E-05 0.00546317 0.457931 9.98421E-05 9.98421E-05 0.0657565 0.0890982 0.0662885 9.98421E-05 9.98421E-05 9.98421E-05 9.98421E-05 9.98421E-05
9.98246E-05 9.98246E-05 9.98246E-05 9.98246E-05 9.98246E-05 9.98246E-05 9.98246E-05 9.98246E-05 9.98246E-05 9.98246E-05 0.0706476 0.116085 9.98246E-05 9.98246E-05 9.98246E-05 0.108974 9.98246E-05 0.187581 0.388557 9.98246E-05 9.98246E-05 0.126159 9.98246E-05 9.98246E-05 9.98246E-05 9.98246E-05
0.00274581 9.98332E-05 9.98332E-05 9.98332E-05 9.98332E-05 9.98332E-05 9.98332E-05 9.98332E-05 0.072227 9.98332E-05 9.98332E-05 9.98332E-05 9.98332E-05 9.98332E-05 9.98332E-05 0.838981 9.98332E-05 9.98332E-05 0.00104153 0.0119718 9.98332E-05 0.0491036 9.98332E-05 0.0220327 9.98332E-05 9.98332E-05
9.97805E-05 9.97805E-05 9.97805E-05 9.97805E-05 9.97805E-05 9.97805E-05 9.97805E-05 9.97805E-05 9.97805E-05 9.97805E-05 9.97805E-05 9.97805E-05 9.97805E-05 9.97805E-05 9.97805E-05 9.97805E-05 9.97805E-05 0.997505 9.97805E-05 9.97805E-05 9.97805E-05 9.97805E-05 9.97805E-05 9.97805E-05 9.97805E-05 9.97805E-05
9.98072E-05 9.98072E-05 9.98072E-05 9.98072E-05 9.98072E-05 9.98072E-05 9.98072E-05 9.98072E-05 9.98072E-05 9.98072E-05 9.98072E-05 9.98072E-05 9.98072E-05 0.0282285 9.98072E-05 0.922098 9.98072E-05 9.98072E-05 9.98072E-05 9.98072E-05 9.98072E-05 9.98072E-05 9.98072E-05 9.98072E-05 0.00967755 0.0378005
9.98334E-05 9.98334E-05 9.98334E-05 9.98334E-05 9.98334E-05 9.98334E-05 0.072326 9.98334E-05 9.98334E-05 9.98334E-05 9.98334E-05 0.254512 9.98334E-05 9.98334E-05 9.98334E-05 0.29456 9.98334E-05 0.266292 0.0736962 9.98334E-05 0.014541 0.0221756 9.98334E-05 9.98334E-05 9.98334E-05 9.98334E-05
9.98074E-05 9.98074E-05 9.98074E-05 9.98074E-05 9.98074E-05 9.98074E-05 9.98074E-05 9.98074E-05 9.98074E-05 9.98074E-05 9.98074E-05 9.98074E-05 9.98074E-05 9.98074E-05 9.98074E-05 9.98074E-05 9.98074E-05 0.787911 9.98074E-05 9.98074E-05 9.98074E-05 0.0462578 9.98074E-05 9.98074E-05 0.0807101 0.082925
9.98683E-05 9.98683E-05 9.98683E-05 0.0333214 9.98683E-05 9.98683E-05 0.23441 9.98683E-05 0.0389109 9.98683E-05 0.0257624 0.209238 0.0198886 0.0187225 0.013571 9.98683E-05 9.98683E-05 0.275403 9.98683E-05 0.092999 0.0362754 9.98683E-05 9.98683E-05 9.98683E-05 9.98683E-05 9.98683E-05
0.0811776 9.98246E-05 9.98246E-05 0.0944922 9.98246E-05 9.98246E-05 9.98246E-05 9.98246E-05 9.98246E-05 9.98246E-05 9.98246E-05 9.98246E-05 9.98246E-05 9.98246E-05 0.0582636 9.98246E-05 9.98246E-05 0.634865 0.0960868 0.0331187 9.98246E-05 9.98246E-05 9.98246E-05 9.98246E-05 9.98246E-05 9.98246E-05
9.97985E-05 9.97985E-05 9.97985E-05 9.97985E-05 0.0497864 9.97985E-05 9.97985E-05 9.97985E-05 9.97985E-05 9.97985E-05 9.97985E-05 9.97985E-05 9.97985E-05 9.97985E-05 9.97985E-05 0.941299 9.97985E-05 9.97985E-05 9.97985E-05 9.97985E-05 9.97985E-05 9.97985E-05 9.97985E-05 0.00661921 9.97985E-05 9.97985E-05
9.98597E-05 0.0222706 9.98597E-05 0.0127784 9.98597E-05 9.98597E-05 9.98597E-05 9.98597E-05 0.00410192 9.98597E-05 9.98597E-05 0.0231444 9.98597E-05 0.0620582 9.98597E-05 9.98597E-05 9.98597E-05 0.697902 9.98597E-05 0.0142775 9.98597E-05 9.98597E-05 0.0217057 9.98597E-05 0.117318 0.0228462
9.98073E-05 9.98073E-05 9.98073E-05 9.98073E-05 9.98073E-05 0.0957638 9.98073E-05 9.98073E-05 9.98073E-05 9.98073E-05 9.98073E-05 0.0515105 0.0912007 9.98073E-05 9.98073E-05 0.759329 9.98073E-05 9.98073E-05 9.98073E-05 9.98073E-05 9.98073E-05 9.98073E-05 9.98073E-05 9.98073E-05 9.98073E-05 9.98073E-05
0.0575957 0.0263039 9.9816E-05 0.128972 9.9816E-05 9.9816E-05 9.9816E-05 9.9816E-05 9.9816E-05 9.9816E-05 9.9816E-05 9.9816E-05 9.9816E-05 9.9816E-05 9.9816E-05 0.770208 9.9816E-05 9.9816E-05 9.9816E-05 9.9816E-05 9.9816E-05 0.0148247 9.9816E-05 9.9816E-05 9.9816E-05 9.9816E-05
9.98245E-05 9.98245E-05 9.98245E-05 9.98245E-05 0.0549318 9.98245E-05 9.98245E-05 9.98245E-05 9.98245E-05 9.98245E-05 9.98245E-05 0.0292278 9.98245E-05 9.98245E-05 9.98245E-05 0.807076 9.98245E-05 9.98245E-05 0.0273244 0.0318002 9.98245E-05 0.0476433 9.98245E-05 9.98245E-05 9.98245E-05 9.98245E-05
9.98158E-05 9.98158E-05 9.98158E-05 9.98158E-05 9.98158E-05 9.98158E-05 9.98158E-05 9.98158E-05 9.98158E-05 9.98158E-05 0.0912294 0.0505066 9.98158E-05 9.98158E-05 9.98158E-05 0.102189 9.98158E-05 0.752059 0.00191936 9.98158E-05 9.98158E-05 9.98158E-05 9.98158E-05 9.98158E-05 9.98158E-05 9.98158E-05
9.98069E-05 9.98069E-05 9.98069E-05 9.98069E-05 9.98069E-05 9.98069E-05 9.98069E-05 9.98069E-05 9.98069E-05 0.0133928 9.98069E-05 0.00776394 9.98069E-05 9.98069E-05 9.98069E-05 9.98069E-05 9.98069E-05 0.950697 9.98069E-05 0.0259508 9.98069E-05 9.98069E-05 9.98069E-05 9.98069E-05 9.98069E-05 9.98069E-05
9.98157E-05 0.67527 9.98157E-05 9.98157E-05 9.98157E-05 9.98157E-05 9.98157E-05 9.98157E-05 9.98157E-05 0.185643 9.98157E-05 0.0969437 9.98157E-05 9.98157E-05 9.98157E-05 9.98157E-05 0.011399 9.98157E-05 9.98157E-05 9.98157E-05 9.98157E-05 9.98157E-05 9.98157E-05 9.98157E-05 0.0286483 9.98157E-05
9.97986E-05 0.93541 9.97986E-05 9.97986E-05 9.97986E-05 9.97986E-05 9.97986E-05 9.97986E-05 9.97986E-05 9.97986E-05 0.0495644 9.97986E-05 9.97986E-05 9.97986E-05 0.0127307 9.97986E-05 9.97986E-05 9.97986E-05 9.97986E-05 9.97986E-05 9.97986E-05 9.97986E-05 9.97986E-05 9.97986E-05 9.97986E-05 9.97986E-05
9.97896E-05 0.984748 9.97896E-05 9.97896E-05 9.97896E-05 9.97896E-05 9.97896E-05 9.97896E-05 9.97896E-05 9.97896E-05 9.97896E-05 9.97896E-05 9.97896E-05 0.0128571 9.97896E-05 9.97896E-05 9.97896E-05 9.97896E-05 9.97896E-05 9.97896E-05 9.97896E-05 9.97896E-05 9.97896E-05 9.97896E-05 9.97896E-05 9.97896E-05
0.0332608 0.305374 9.98334E-05 9.98334E-05 9.98334E-05 9.98334E-05 9.98334E-05 9.98334E-05 9.98334E-05 9.98334E-05 9.98334E-05 0.0279631 9.98334E-05 9.98334E-05 9.98334E-05 9.98334E-05 0.196545 9.98334E-05 9.98334E-05 0.0547153 9.98334E-05 9.98334E-05 9.98334E-05 0.289956 0.0902889 9.98334E-05
0.039131 0.636338 9.98331E-05 9.98331E-05 9.98331E-05 9.98331E-05 9.98331E-05 9.98331E-05 9.98331E-05 9.98331E-05 9.98331E-05 0.0656787 9.98331E-05 9.98331E-05 9.98331E-05 9.98331E-05 9.98331E-05 9.98331E-05 0.0855325 0.0723627 9.98331E-05 0.0491797 9.98331E-05 9.98331E-05 9.98331E-05 0.0498802
9.98155E-05 0.726961 9.98155E-05 9.98155E-05 9.98155E-05 9.98155E-05 9.98155E-05 0.0284992 9.98155E-05 9.98155E-05 9.98155E-05 0.173854 9.98155E-05 9.98155E-05 9.98155E-05 9.98155E-05 9.98155E-05 9.98155E-05 0.0540399 0.0145496 9.98155E-05 9.98155E-05 9.98155E-05 9.98155E-05 9.98155E-05 9.98155E-05
9.98068E-05 0.590136 9.98068E-05 9.98068E-05 9.98068E-05 9.98068E-05 9.98068E-05 9.98068E-05 9.98068E-05 9.98068E-05 0.0513085 0.0891292 9.98068E-05 9.98068E-05 9.98068E-05 9.98068E-05 9.98068E-05 9.98068E-05 9.98068E-05 9.98068E-05 9.98068E-05 9.98068E-05 9.98068E-05 0.267231 9.98068E-05 9.98068E-05
9.98331E-05 0.518353 9.98331E-05 0.0859685 0.190189 9.98331E-05 9.98331E-05 9.98331E-05 9.98331E-05 9.98331E-05 9.98331E-05 0.0980684 9.98331E-05 9.98331E-05 9.98331E-05 9.98331E-05 9.98331E-05 9.98331E-05 9.98331E-05 0.0231232 9.98331E-05 9.98331E-05 9.98331E-05 0.0458093 0.0365918 9.98331E-05
9.9807E-05 0.869985 9.9807E-05 9.9807E-05 9.9807E-05 9.9807E-05 9.9807E-05 9.9807E-05 9.9807E-05 9.9807E-05 9.9807E-05 9.9807E-05 9.9807E-05 9.9807E-05 0.0254241 9.9807E-05 0.0763123 9.9807E-05 9.9807E-05 9.9807E-05 9.9807E-05 9.9807E-05 9.9807E-05 0.0260832 9.9807E-05 9.9807E-05
9.97982E-05 0.942335 9.97982E-05 9.97982E-05 9.97982E-05 9.97982E-05 9.97982E-05 9.97982E-05 9.97982E-05 9.97982E-05 9.97982E-05 9.97982E-05 9.97982E-05 9.97982E-05 9.97982E-05 9.97982E-05 9.97982E-05 9.97982E-05 9.97982E-05 0.0227175 0.0326523 9.97982E-05 9.97982E-05 9.97982E-05 9.97982E-05 9.97982E-05
0.0103584 0.50853 9.9833E-05 9.9833E-05 9.9833E-05 9.9833E-05 9.9833E-05 0.0224921 9.9833E-05 9.9833E-05 9.9833E-05 0.232386 9.9833E-05 9.9833E-05 9.9833E-05 9.9833E-05 9.9833E-05 9.9833E-05 9.9833E-05 0.0434511 0.176824 0.0040623 9.9833E-05 9.9833E-05 9.9833E-05 9.9833E-05
9.98683E-05 0.47592 9.98683E-05 9.98683E-05 9.98683E-05 0.0312208 9.98683E-05 0.0330087 9.98683E-05 9.98683E-05 0.032003 0.0803412 9.98683E-05 9.98683E-05 9.98683E-05 9.98683E-05 9.98683E-05 9.98683E-05 0.146283 9.98683E-05 0.0453263 0.0424426 0.0921667 0.0178933 9.98683E-05 0.00189677
9.9833E-05 0.513537 9.9833E-05 0.108774 9.9833E-05 9.9833E-05 9.9833E-05 0.0920407 9.9833E-05 9.9833E-05 9.9833E-05 9.9833E-05 9.9833E-05 9.9833E-05 9.9833E-05 9.9833E-05 9.9833E-05 9.9833E-05 9.9833E-05 0.103728 0.0493338 0.0347072 0.0959825 9.9833E-05 9.9833E-05 9.9833E-05
9.98156E-05 0.549206 9.98156E-05 9.98156E-05 9.98156E-05 9.98156E-05 9.98156E-05 9.98156E-05 9.98156E-05 9.98156E-05 9.98156E-05 0.21004 9.98156E-05 9.98156E-05 9.98156E-05 9.98156E-05 9.98156E-05 9.98156E-05 0.159547 9.98156E-05 9.98156E-05 0.0312196 9.98156E-05 0.0478905 9.98156E-05 9.98156E-05
9.97986E-05 0.934545 9.97986E-05 9.97986E-05 9.97986E-05 9.97986E-05 0.0459345 9.97986E-05 9.97986E-05 9.97986E-05 9.97986E-05 9.97986E-05 9.97986E-05 9.97986E-05 9.97986E-05 9.97986E-05 9.97986E-05 9.97986E-05 9.97986E-05 9.97986E-05 9.97986E-05 9.97986E-05 9.97986E-05 9.97986E-05 9.97986E-05 0.0172249
9.97985E-05 0.985714 9.97985E-05 9.97985E-05 9.97985E-05 9.97985E-05 9.97985E-05 9.97985E-05 9.97985E-05 9.97985E-05 9.97985E-05 0.00100012 9.97985E-05 9.97985E-05 9.97985E-05 9.97985E-05 9.97985E-05 9.97985E-05 9.97985E-05 0.0109903 9.97985E-05 9.97985E-05 9.97985E-05 9.97985E-05 9.97985E-05 9.97985E-05
9.98067E-05 0.694623 9.98067E-05 9.98067E-05 9.98067E-05 9.98067E-05 9.98067E-05 9.98067E-05 9.98067E-05 0.148796 9.98067E-05 0.00570439 9.98067E-05 9.98067E-05 9.98067E-05 9.98067E-05 9.98067E-05 9.98067E-05 9.98067E-05 9.98067E-05 9.98067E-05 0.148682 9.98067E-05 9.98067E-05 9.98067E-05 9.98067E-05
9.98245E-05 0.676615 9.98245E-05 9.98245E-05 9.98245E-05 9.98245E-05 9.98245E-05 0.0395159 9.98245E-05 9.98245E-05 9.98245E-05 9.98245E-05 9.98245E-05 9.98245E-05 9.98245E-05 9.98245E-05 9.98245E-05 9.98245E-05 0.0812267 0.0365558 0.0908293 0.0732604 9.98245E-05 9.98245E-05 9.98245E-05 9.98245E-05
9.98245E-05 0.868329 9.98245E-05 9.98245E-05 0.0449371 0.00354837 9.98245E-05 9.98245E-05 9.98245E-05 9.98245E-05 0.00645683 0.0200463 9.98245E-05 9.98245E-05 9.98245E-05 9.98245E-05 9.98245E-05 9.98245E-05 9.98245E-05 9.98245E-05 9.98245E-05 0.0546859 9.98245E-05 9.98245E-05 9.98245E-05 9.98245E-05
9.98066E-05 0.584855 9.98066E-05 9.98066E-05 9.98066E-05 9.98066E-05 0.138031 9.98066E-05 9.98066E-05 9.98066E-05 9.98066E-05 0.189429 9.98066E-05 0.0854893 9.98066E-05 9.98066E-05 9.98066E-05 9.98066E-05 9.98066E-05 9.98066E-05 9.98066E-05 9.98066E-05 9.98066E-05 9.98066E-05 9.98066E-05 9.98066E-05
9.979E-05 0.971024 9.979E-05 9.979E-05 9.979E-05 9.979E-05 9.979E-05 9.979E-05 9.979E-05 9.979E-05 9.979E-05 9.979E-05 9.979E-05 9.979E-05 9.979E-05 9.979E-05 9.979E-05 9.979E-05 9.979E-05 9.979E-05 9.979E-05 9.979E-05 9.979E-05 9.979E-05 0.0265814 9.979E-05
9.98156E-05 0.620981 9.98156E-05 0.0632157 9.98156E-05 9.98156E-05 9.98156E-05 9.98156E-05 9.98156E-05 9.98156E-05 9.98156E-05 0.0449182 9.98156E-05 9.98156E-05 9.98156E-05 9.98156E-05 9.98156E-05 9.98156E-05 0.235925 9.98156E-05 9.98156E-05 0.0328637 9.98156E-05 9.98156E-05 9.98156E-05 9.98156E-05
0.015276 0.672253 9.98335E-05 0.166508 9.98335E-05 9.98335E-05 0.0142608 9.98335E-05 9.98335E-05 9.98335E-05 9.98335E-05 9.98335E-05 9.98335E-05 9.98335E-05 9.98335E-05 9.98335E-05 0.123627 9.98335E-05 0.00296533 9.98335E-05 9.98335E-05 9.98335E-05 9.98335E-05 0.00321277 9.98335E-05 9.98335E-05
9.98508E-05 0.62677 9.98508E-05 0.0501138 0.0441951 9.98508E-05 9.98508E-05 9.98508E-05 0.0288235 0.0271206 9.98508E-05 9.98508E-05 9.98508E-05 9.98508E-05 0.00859273 9.98508E-05 9.98508E-05 9.98508E-05 9.98508E-05 0.0433525 0.00366392 0.165671 9.98508E-05 9.98508E-05 9.98508E-05 9.98508E-05
9.9798E-05 0.837488 9.9798E-05 9.9798E-05 9.9798E-05 9.9798E-05 9.9798E-05 0.0696852 9.9798E-05 9.9798E-05 9.9798E-05 9.9798E-05 9.9798E-05 9.9798E-05 9.9798E-05 9.9798E-05 9.9798E-05 9.9798E-05 9.9798E-05 9.9798E-05 0.0905312 9.9798E-05 9.9798E-05 9.9798E-05 9.9798E-05 9.9798E-05
9.9816E-05 0.939599 9.9816E-05 9.9816E-05 9.9816E-05 9.9816E-05 9.9816E-05 9.9816E-05 9.9816E-05 9.9816E-05 9.9816E-05 0.017956 9.9816E-05 9.9816E-05 9.9816E-05 0.0076944 9.9816E-05 9.9816E-05 9.9816E-05 0.0217724 9.9816E-05 9.9816E-05 9.9816E-05 0.0108817 9.9816E-05 9.9816E-05
9.97809E-05 0.997505 9.97809E-05 9.97809E-05 9.97809E-05 9.97809E-05 9.97809E-05 9.97809E-05 9.97809E-05 9.97809E-05 9.97809E-05 9.97809E-05 9.97809E-05 9.97809E-05 9.97809E-05 9.97809E-05 9.97809E-05 9.97809E-05 9.97809E-05 9.97809E-05 9.97809E-05 9.97809E-05 9.97809E-05 9.97809E-05 9.97809E-05 9.97809E-05
9.97809E-05 0.997505 9.97809E-05 9.97809E-05 9.97809E-05 9.97809E-05 9.97809E-05 9.97809E-05 9.97809E-05 9.97809E-05 9.97809E-05 9.97809E-05 9.97809E-05 9.97809E-05 9.97809E-05 9.97809E-05 9.97809E-05 9.97809E-05 9.97809E-05 9.97809E-05 9.97809E-05 9.97809E-05 9.97809E-05 9.97809E-05 9.97809E-05 9.97809E-05
9.97896E-05 0.872702 9.97896E-05 9.97896E-05 0.124903 9.97896E-05 9.97896E-05 9.97896E-05 9.97896E-05 9.97896E-05 9.97896E-05 9.97896E-05 9.97896E-05 9.97896E-05 9.97896E-05 9.97896E-05 9.97896E-05 9.97896E-05 9.97896E-05 9.97896E-05 9.97896E-05 9.97896E-05 9.97896E-05 9.97896E-05 9.97896E-05 9.97896E-05
9.98073E-05 0.727386 9.98073E-05 9.98073E-05 9.98073E-05 9.98073E-05 9.98073E-05 9.98073E-05 9.98073E-05 9.98073E-05 9.98073E-05 0.0789651 0.156623 9.98073E-05 9.98073E-05 9.98073E-05 9.98073E-05 9.98073E-05 9.98073E-05 0.0348306 9.98073E-05 9.98073E-05 9.98073E-05 9.98073E-05 9.98073E-05 9.98073E-05
9.97984E-05 9.97984E-05 9.97984E-05 0.833091 9.97984E-05 9.97984E-05 9.97984E-05 9.97984E-05 9.97984E-05 9.97984E-05 9.97984E-05 0.10665 9.97984E-05 9.97984E-05 9.97984E-05 9.97984E-05 9.97984E-05 9.97984E-05 9.97984E-05 0.0579637 9.97984E-05 9.97984E-05 9.97984E-05 9.97984E-05 9.97984E-05 9.97984E-05
9.98071E-05 9.98071E-05 0.0795495 0.0586951 9.98071E-05 9.98071E-05 9.98071E-05 9.98071E-05 9.98071E-05 9.98071E-05 9.98071E-05 9.98071E-05 0.327615 9.98071E-05 9.98071E-05 9.98071E-05 0.531944 9.98071E-05 9.98071E-05 9.98071E-05 9.98071E-05 9.98071E-05 9.98071E-05 9.98071E-05 9.98071E-05 9.98071E-05
9.98332E-05 9.98332E-05 9.98332E-05 0.313336 0.0170043 9.98332E-05 9.98332E-05 0.0396382 9.98332E-05 9.98332E-05 9.98332E-05 0.0499595 9.98332E-05 9.98332E-05 9.98332E-05 9.98332E-05 0.493249 9.98332E-05 9.98332E-05 9.98332E-05 0.0294515 9.98332E-05 9.98332E-05 9.98332E-05 9.98332E-05 0.0554649
9.98242E-05 9.98242E-05 9.98242E-05 0.392704 0.0610349 9.98242E-05 9.98242E-05 9.98242E-05 9.98242E-05 9.98242E-05 9.98242E-05 0.11592 9.98242E-05 9.98242E-05 9.98242E-05 9.98242E-05 0.389708 9.98242E-05 9.98242E-05 0.0235926 9.98242E-05 9.98242E-05 9.98242E-05 9.98242E-05 9.98242E-05 0.0150443
9.98068E-05 9.98068E-05 9.98068E-05 0.855538 9.98068E-05 9.98068E-05 9.98068E-05 0.0386342 9.98068E-05 9.98068E-05 9.98068E-05 9.98068E-05 9.98068E-05 9.98068E-05 0.00564547 9.98068E-05 9.98068E-05 9.98068E-05 9.98068E-05 0.0979861 9.98068E-05 9.98068E-05 9.98068E-05 9.98068E-05 9.98068E-05 9.98068E-05
9.98246E-05 9.98246E-05 0.0697373 0.532015 9.98246E-05 9.98246E-05 9.98246E-05 9.98246E-05 9.98246E-05 9.98246E-05 0.0575113 0.181614 9.98246E-05 9.98246E-05 9.98246E-05 9.98246E-05 9.98246E-05 9.98246E-05 9.98246E-05 0.0965464 9.98246E-05 9.98246E-05 9.98246E-05 0.0605802 9.98246E-05 9.98246E-05
9.98156E-05 9.98156E-05 9.98156E-05 9.98156E-05 0.00358515 9.98156E-05 9.98156E-05 0.0163759 9.98156E-05 9.98156E-05 9.98156E-05 0.00863271 9.98156E-05 9.98156E-05 9.98156E-05 9.98156E-05 0.939119 9.98156E-05 9.98156E-05 0.0301909 9.98156E-05 9.98156E-05 9.98156E-05 9.98156E-05 9.98156E-05 9.98156E-05
9.97981E-05 9.97981E-05 9.97981E-05 0.265989 9.97981E-05 9.97981E-05 9.97981E-05 9.97981E-05 9.97981E-05 9.97981E-05 9.97981E-05 9.97981E-05 9.97981E-05 9.97981E-05 9.97981E-05 9.97981E-05 0.56105 9.97981E-05 9.97981E-05 0.170666 9.97981E-05 9.97981E-05 9.97981E-05 9.97981E-05 9.97981E-05 9.97981E-05
9.98419E-05 9.98419E-05 9.98419E-05 0.0256363 9.98419E-05 9.98419E-05 0.149469 0.0314653 9.98419E-05 9.98419E-05 9.98419E-05 0.000114856 9.98419E-05 9.98419E-05 9.98419E-05 9.98419E-05 0.261891 9.98419E-05 9.98419E-05 0.304194 0.016283 9.98419E-05 9.98419E-05 0.20915 9.98419E-05 9.98419E-05
9.98156E-05 9.98156E-05 9.98156E-05 9.98156E-05 9.98156E-05 9.98156E-05 9.98156E-05 0.033109 9.98156E-05 9.98156E-05 9.98156E-05 0.205189 9.98156E-05 9.98156E-05 9.98156E-05 9.98156E-05 0.513438 9.98156E-05 9.98156E-05 0.236514 9.98156E-05 9.98156E-05 9.98156E-05 9.98156E-05 9.98156E-05 0.00965458
9.98423E-05 9.98423E-05 0.205766 0.317891 9.98423E-05 0.0122094 0.0940766 9.98423E-05 9.98423E-05 9.98423E-05 9.98423E-05 0.00469043 0.019953 9.98423E-05 9.98423E-05 9.98423E-05 0.158023 9.98423E-05 9.98423E-05 9.98423E-05 9.98423E-05 9.98423E-05 9.98423E-05 0.185593 9.98423E-05 9.98423E-05
9.98158E-05 9.98158E-05 9.98158E-05 0.609294 9.98158E-05 9.98158E-05 9.98158E-05 9.98158E-05 9.98158E-05 9.98158E-05 9.98158E-05 0.0102606 0.219247 9.98158E-05 9.98158E-05 9.98158E-05 9.98158E-05 9.98158E-05 9.98158E-05 9.98158E-05 0.0462007 9.98158E-05 9.98158E-05 0.112902 9.98158E-05 9.98158E-05
9.97896E-05 9.97896E-05 9.97896E-05 0.0413836 9.97896E-05 9.97896E-05 9.97896E-05 9.97896E-05 9.97896E-05 9.97896E-05 9.97896E-05 9.97896E-05 9.97896E-05 9.97896E-05 9.97896E-05 9.97896E-05 0.956221 9.97896E-05 9.97896E-05 9.97896E-05 9.97896E-05 9.97896E-05 9.97896E-05 9.97896E-05 9.97896E-05 9.97896E-05
9.98335E-05 9.98335E-05 0.103564 0.522206 9.98335E-05 9.98335E-05 9.98335E-05 9.98335E-05 9.98335E-05 9.98335E-05 9.98335E-05 0.150809 9.98335E-05 9.98335E-05 0.00371473 9.98335E-05 0.0650449 9.98335E-05 9.98335E-05 0.148614 9.98335E-05 9.98335E-05 9.98335E-05 0.00415047 9.98335E-05 9.98335E-05
9.98335E-05 9.98335E-05 0.0155373 0.399246 0.127638 9.98335E-05 9.98335E-05 0.0212157 9.98335E-05 9.98335E-05 9.98335E-05 9.98335E-05 9.98335E-05 9.98335E-05 9.98335E-05 9.98335E-05 0.350536 9.98335E-05 9.98335E-05 0.019785 9.98335E-05 9.98335E-05 0.064145 9.98335E-05 9.98335E-05 9.98335E-05
9.98422E-05 9.98422E-05 0.0291178 0.62515 9.98422E-05 9.98422E-05 0.146901 9.98422E-05 9.98422E-05 9.98422E-05 9.98422E-05 0.137313 9.98422E-05 9.98422E-05 9.98422E-05 9.98422E-05 9.98422E-05 9.98422E-05 9.98422E-05 0.0174061 0.0179056 9.98422E-05 9.98422E-05 0.0110683 9.98422E-05 0.0133406
0.0137398 9.98245E-05 0.102616 0.379693 9.98245E-05 9.98245E-05 9.98245E-05 9.98245E-05 9.98245E-05 9.98245E-05 9.98245E-05 0.0898479 9.98245E-05 9.98245E-05 9.98245E-05 9.98245E-05 0.197583 9.98245E-05 9.98245E-05 9.98245E-05 9.98245E-05 9.98245E-05 9.98245E-05 0.214524 9.98245E-05 9.98245E-05
9.98336E-05 9.98336E-05 9.98336E-05 0.53284 9.98336E-05 9.98336E-05 9.98336E-05 9.98336E-05 9.98336E-05 9.98336E-05 9.98336E-05 9.98336E-05 0.122766 9.98336E-05 9.98336E-05 9.98336E-05 0.023415 9.98336E-05 0.0614911 0.079485 9.98336E-05 9.98336E-05 9.98336E-05 9.98336E-05 0.102972 0.075134
9.98071E-05 9.98071E-05 9.98071E-05 0.628259 9.98071E-05 9.98071E-05 9.98071E-05 9.98071E-05 9.98071E-05 9.98071E-05 9.98071E-05 9.98071E-05 9.98071E-05 9.98071E-05 9.98071E-05 9.98071E-05 0.282481 9.98071E-05 9.98071E-05 0.00649318 0.0805714 9.98071E-05 9.98071E-05 9.98071E-05 9.98071E-05 9.98071E-05
0.0557902 9.98332E-05 9.98332E-05 0.360493 9.98332E-05 9.98332E-05 9.98332E-05 9.98332E-05 9.98332E-05 9.98332E-05 0.0392389 0.0641029 0.395268 9.98332E-05 9.98332E-05 9.98332E-05 9.98332E-05 9.98332E-05 9.98332E-05 0.0799774 0.00323198 9.98332E-05 9.98332E-05 9.98332E-05 9.98332E-05 9.98332E-05
9.98247E-05 9.98247E-05 0.0315547 0.760301 9.98247E-05 9.98247E-05 9.98247E-05 9.98247E-05 9.98247E-05 9.98247E-05 0.0324043 0.0931551 9.98247E-05 9.98247E-05 9.98247E-05 9.98247E-05 9.98247E-05 9.98247E-05 9.98247E-05 9.98247E-05 9.98247E-05 9.98247E-05 9.98247E-05 0.0657432 9.98247E-05 0.0148449
9.98158E-05 9.98158E-05 9.98158E-05 0.916486 0.0159156 9.98158E-05 9.98158E-05 9.98158E-05 9.98158E-05 9.98158E-05 9.98158E-05 0.0181227 9.98158E-05 9.98158E-05 9.98158E-05 9.98158E-05 9.98158E-05 9.98158E-05 9.98158E-05 0.0155049 0.0318746 9.98158E-05 9.98158E-05 9.98158E-05 9.98158E-05 9.98158E-05
0.0719978 9.98157E-05 9.98157E-05 0.524093 9.98157E-05 9.98157E-05 9.98157E-05 9.98157E-05 9.98157E-05 9.98157E-05 9.98157E-05 0.160652 9.98157E-05 9.98157E-05 9.98157E-05 9.98157E-05 9.98157E-05 9.98157E-05 9.98157E-05 0.189362 9.98157E-05 9.98157E-05 9.98157E-05 0.0517993 9.98157E-05 9.98157E-05
9.98246E-05 9.98246E-05 9.98246E-05 0.257804 9.98246E-05 0.0478549 9.98246E-05 9.98246E-05 9.98246E-05 9.98246E-05 9.98246E-05 9.98246E-05 0.0918375 9.98246E-05 9.98246E-05 9.98246E-05 0.381109 9.98246E-05 9.98246E-05 0.195527 9.98246E-05 9.98246E-05 9.98246E-05 9.98246E-05 9.98246E-05 0.0238712
0.0173789 9.98157E-05 9.98157E-05 0.566037 9.98157E-05 9.98157E-05 9.98157E-05 9.98157E-05 9.98157E-05 9.98157E-05 9.98157E-05 0.151807 9.98157E-05 9.98157E-05 9.98157E-05 9.98157E-05 9.98157E-05 9.98157E-05 9.98157E-05 0.196961 9.98157E-05 9.98157E-05 9.98157E-05 0.06572 9.98157E-05 9.98157E-05
9.98159E-05 9.98159E-05 9.98159E-05 9.98159E-05 9.98159E-05 9.98159E-05 9.98159E-05 9.98159E-05 9.98159E-05 9.98159E-05 9.98159E-05 0.0826061 0.158461 9.98159E-05 9.98159E-05 9.98159E-05 0.639576 9.98159E-05 9.98159E-05 0.106325 9.98159E-05 9.98159E-05 9.98159E-05 0.0109358 9.98159E-05 9.98159E-05
9.98158E-05 9.98158E-05 9.98158E-05 0.150003 9.98158E-05 9.98158E-05 9.98158E-05 9.98158E-05 9.98158E-05 9.98158E-05 9.98158E-05 0.0455196 0.646082 9.98158E-05 0.0582336 9.98158E-05 9.98158E-05 9.98158E-05 9.98158E-05 9.98158E-05 9.98158E-05 9.98158E-05 9.98158E-05 9.98158E-05 9.98158E-05 0.0980648
9.98154E-05 9.98154E-05 9.98154E-05 0.563334 9.98154E-05 9.98154E-05 9.98154E-05 9.98154E-05 9.98154E-05 9.98154E-05 9.98154E-05 0.051072 9.98154E-05 9.98154E-05 9.98154E-05 9.98154E-05 0.318655 9.98154E-05 9.98154E-05 0.045204 9.98154E-05 0.0196391 9.98154E-05 9.98154E-05 9.98154E-05 9.98154E-05
9.9816E-05 9.9816E-05 9.9816E-05 0.446599 9.9816E-05 9.9816E-05 9.9816E-05 9.9816E-05 9.9816E-05 9.9816E-05 9.9816E-05 0.119967 9.9816E-05 9.9816E-05 9.9816E-05 9.9816E-05 0.135506 9.9816E-05 9.9816E-05 0.210087 9.9816E-05 9.9816E-05 9.9816E-05 0.0857437 9.9816E-05 9.9816E-05
9.98071E-05 9.98071E-05 0.119365 0.575354 9.98071E-05 9.98071E-05 9.98071E-05 9.98071E-05 9.98071E-05 9.98071E-05 9.98071E-05 0.125023 9.98071E-05 9.98071E-05 9.98071E-05 9.98071E-05 9.98071E-05 9.98071E-05 9.98071E-05 9.98071E-05 9.98071E-05 9.98071E-05 9.98071E-05 9.98071E-05 9.98071E-05 0.178061
9.97904E-05 9.97904E-05 9.97904E-05 9.97904E-05 9.97904E-05 9.97904E-05 9.97904E-05 9.97904E-05 9.97904E-05 9.97904E-05 9.97904E-05 0.0976929 9.97904E-05 9.97904E-05 9.97904E-05 9.97904E-05 0.824015 9.97904E-05 9.97904E-05 0.0291176 0.0444624 9.97904E-05 0.0026162 9.97904E-05 9.97904E-05 9.97904E-05
9.98158E-05 9.98158E-05 9.98158E-05 0.308722 9.98158E-05 9.98158E-05 9.98158E-05 9.98158E-05 9.98158E-05 9.98158E-05 9.98158E-05 0.0466492 9.98158E-05 0.0723048 9.98158E-05 9.98158E-05 0.551923 9.98158E-05 9.98158E-05 9.98158E-05 0.0183046 9.98158E-05 9.98158E-05 9.98158E-05 9.98158E-05 9.98158E-05
0.113588 9.98157E-05 9.98157E-05 0.378373 9.98157E-05 9.98157E-05 9.98157E-05 9.98157E-05 9.98157E-05 9.98157E-05 9.98157E-05 0.118566 9.98157E-05 9.98157E-05 9.98157E-05 9.98157E-05 9.98157E-05 9.98157E-05 9.98157E-05 0.264312 9.98157E-05 9.98157E-05 9.98157E-05 9.98157E-05 9.98157E-05 0.123064
0.0337393 9.98331E-05 9.98331E-05 0.256307 9.98331E-05 0.0126469 9.98331E-05 9.98331E-05 9.98331E-05 9.98331E-05 9.98331E-05 0.0203512 9.98331E-05 9.98331E-05 9.98331E-05 9.98331E-05 0.622886 9.98331E-05 0.0486262 0.00354627 9.98331E-05 9.98331E-05 9.98331E-05 9.98331E-05 9.98331E-05 9.98331E-05
9.97982E-05 9.97982E-05 9.97982E-05 0.0519841 9.97982E-05 9.97982E-05 9.97982E-05 9.97982E-05 9.97982E-05 9.97982E-05 0.0215549 9.97982E-05 9.97982E-05 9.97982E-05 9.97982E-05 9.97982E-05 0.924166 9.97982E-05 9.97982E-05 9.97982E-05 9.97982E-05 9.97982E-05 9.97982E-05 9.97982E-05 9.97982E-05 9.97982E-05
9.9842E-05 9.9842E-05 0.0737509 0.517209 9.9842E-05 9.9842E-05 0.192897 0.0299659 9.9842E-05 9.9842E-05 0.038346 9.9842E-05 9.9842E-05 9.9842E-05 9.9842E-05 9.9842E-05 0.121663 9.9842E-05 9.9842E-05 0.0171374 0.00723394 9.9842E-05 9.9842E-05 9.9842E-05 9.9842E-05 9.9842E-05
9.98156E-05 9.98156E-05 9.98156E-05 0.344708 9.98156E-05 9.98156E-05 9.98156E-05 0.138048 9.98156E-05 9.98156E-05 9.98156E-05 0.15464 9.98156E-05 9.98156E-05 9.98156E-05 9.98156E-05 0.253508 9.98156E-05 9.98156E-05 0.106999 9.98156E-05 9.98156E-05 9.98156E-05 9.98156E-05 9.98156E-05 9.98156E-05
0.0168948 9.9842E-05 0.571788 0.240265 0.0107585 9.9842E-05 9.9842E-05 9.9842E-05 0.101487 9.9842E-05 0.0238139 0.00358253 9.9842E-05 9.9842E-05 9.9842E-05 9.9842E-05 9.9842E-05 9.9842E-05 9.9842E-05 0.0296137 9.9842E-05 9.9842E-05 9.9842E-05 9.9842E-05 9.9842E-05 9.9842E-05
0.0653502 9.9816E-05 0.323352 0.415084 9.9816E-05 9.9816E-05 9.9816E-05 9.9816E-05 9.9816E-05 9.9816E-05 9.9816E-05 0.124253 9.9816E-05 9.9816E-05 9.9816E-05 9.9816E-05 0.069864 9.9816E-05 9.9816E-05 9.9816E-05 9.9816E-05 9.9816E-05 9.9816E-05 9.9816E-05 9.9816E-05 9.9816E-05
9.98072E-05 9.98072E-05 0.294306 0.0781212 9.98072E-05 9.98072E-05 9.98072E-05 9.98072E-05 9.98072E-05 9.98072E-05 9.98072E-05 9.98072E-05 9.98072E-05 9.98072E-05 9.98072E-05 9.98072E-05 0.60569 9.98072E-05 9.98072E-05 9.98072E-05 9.98072E-05 9.98072E-05 9.98072E-05 9.98072E-05 9.98072E-05 0.019687
0.0194549 9.9816E-05 0.496003 0.0802653 9.9816E-05 9.9816E-05 9.9816E-05 9.9816E-05 9.9816E-05 9.9816E-05 9.9816E-05 9.9816E-05 9.9816E-05 9.9816E-05 9.9816E-05 9.9816E-05 0.370354 9.9816E-05 9.9816E-05 0.031827 9.9816E-05 9.9816E-05 9.9816E-05 9.9816E-05 9.9816E-05 9.9816E-05
9.9807E-05 9.9807E-05 9.9807E-05 0.539507 9.9807E-05 9.9807E-05 9.9807E-05 9.9807E-05 9.9807E-05 9.9807E-05 9.9807E-05 0.291229 9.9807E-05 9.9807E-05 9.9807E-05 9.9807E-05 9.9807E-05 9.9807E-05 9.9807E-05 0.076239 9.9807E-05 9.9807E-05 9.9807E-05 0.0908287 9.9807E-05 9.9807E-05
9.98071E-05 9.98071E-05 9.98071E-05 0.739526 9.98071E-05 9.98071E-05 0.0704927 9.98071E-05 9.98071E-05 9.98071E-05 9.98071E-05 9.98071E-05 9.98071E-05 9.98071E-05 9.98071E-05 9.98071E-05 9.98071E-05 9.98071E-05 0.0200641 0.167721 9.98071E-05 9.98071E-05 9.98071E-05 9.98071E-05 9.98071E-05 9.98071E-05
0.006925 9.98245E-05 9.98245E-05 0.0078246 9.98245E-05 9.98245E-05 9.98245E-05 9.98245E-05 9.98245E-05 9.98245E-05 9.98245E-05 0.0216044 0.751866 9.98245E-05 9.98245E-05 9.98245E-05 9.98245E-05 9.98245E-05 9.98245E-05 0.207353 9.98245E-05 9.98245E-05 9.98245E-05 9.98245E-05 9.98245E-05 0.00243111
9.97895E-05 9.97895E-05 9.97895E-05 9.97895E-05 9.97895E-05 9.97895E-05 9.97895E-05 9.97895E-05 9.97895E-05 9.97895E-05 9.97895E-05 9.97895E-05 0.427939 9.97895E-05 9.97895E-05 9.97895E-05 0.569666 9.97895E-05 9.97895E-05 9.97895E-05 9.97895E-05 9.97895E-05 9.97895E-05 9.97895E-05 9.97895E-05 9.97895E-05
0.0975859 9.98243E-05 9.98243E-05 0.182045 9.98243E-05 9.98243E-05 9.98243E-05 9.98243E-05 9.98243E-05 9.98243E-05 9.98243E-05 9.98243E-05 9.98243E-05 9.98243E-05 9.98243E-05 9.98243E-05 0.375191 9.98243E-05 9.98243E-05 0.136934 9.98243E-05 9.98243E-05 9.98243E-05 0.152997 9.98243E-05 0.0532509
