0.342633 9.98946E-05 0.0942003 9.98946E-05 9.98946E-05 0.0855238 9.98946E-05 0.223386 9.98946E-05 9.98946E-05 0.1859 0.028842 9.98946E-05 9.98946E-05 0.0383161 9.98946E-05 9.98946E-05 9.98946E-05 9.98946E-05
0.611438 9.99035E-05 9.99035E-05 9.99035E-05 0.0905138 0.0183165 9.99035E-05 0.0550957 9.99035E-05 9.99035E-05 9.99035E-05 0.0754203 0.0248132 0.093455 9.99035E-05 0.0298489 9.99035E-05 9.99035E-05 9.99035E-05
0.857403 9.98858E-05 0.0560352 9.98858E-05 9.98858E-05 9.98858E-05 9.98858E-05 9.98858E-05 9.98858E-05 0.00464873 0.0454375 9.98858E-05 9.98858E-05 9.98858E-05 0.0347811 0.000396509 9.98858E-05 9.98858E-05 9.98858E-05
0.216882 0.0542944 0.0797399 0.0352658 9.9921E-05 9.9921E-05 9.9921E-05 9.9921E-05 9.9921E-05 9.9921E-05 0.187383 0.0431343 9.9921E-05 0.00572422 9.9921E-05 0.170042 9.9921E-05 0.199967 0.00666806
0.835512 0.11316 9.98597E-05 9.98597E-05 9.98597E-05 9.98597E-05 9.98597E-05 9.98597E-05 9.98597E-05 9.98597E-05 9.98597E-05 9.98597E-05 9.98597E-05 9.98597E-05 9.98597E-05 0.04973 9.98597E-05 9.98597E-05 9.98597E-05
0.250803 0.191484 0.0196508 0.163971 0.063006 9.9921E-05 0.0398749 0.0750715 9.9921E-05 0.0292103 0.0882744 9.9921E-05 9.9921E-05 9.9921E-05 9.9921E-05 0.0777556 9.9921E-05 9.9921E-05 9.9921E-05
0.264962 0.0582943 0.0652433 9.99123E-05 0.145271 9.99123E-05 9.99123E-05 0.0257961 9.99123E-05 0.102643 0.137 0.111176 9.99123E-05 9.99123E-05 9.99123E-05 9.99123E-05 9.99123E-05 0.0886146 9.99123E-05
0.153112 0.0984269 9.99035E-05 0.117064 9.99035E-05 0.0976387 9.99035E-05 0.0623059 9.99035E-05 9.99035E-05 0.245955 9.99035E-05 9.99035E-05 9.99035E-05 9.99035E-05 0.119186 0.105212 9.99035E-05 9.99035E-05
0.290155 9.98859E-05 0.250817 0.216475 9.98859E-05 9.98859E-05 9.98859E-05 9.98859E-05 9.98859E-05 9.98859E-05 0.0258101 9.98859E-05 9.98859E-05 9.98859E-05 0.178661 9.98859E-05 9.98859E-05 9.98859E-05 0.0367832
0.854926 0.00222772 0.0829096 9.98684E-05 9.98684E-05 9.98684E-05 9.98684E-05 9.98684E-05 9.98684E-05 9.98684E-05 9.98684E-05 9.98684E-05 0.058439 9.98684E-05 9.98684E-05 9.98684E-05 9.98684E-05 9.98684E-05 9.98684E-05
0.441337 9.98859E-05 0.206117 0.0225997 9.98859E-05 9.98859E-05 9.98859E-05 0.118293 9.98859E-05 9.98859E-05 0.0496519 0.160702 9.98859E-05 9.98859E-05 9.98859E-05 9.98859E-05 9.98859E-05 9.98859E-05 9.98859E-05
0.884323 0.0353232 9.98772E-05 9.98772E-05 9.98772E-05 9.98772E-05 9.98772E-05 9.98772E-05 9.98772E-05 9.98772E-05 9.98772E-05 0.0239634 9.98772E-05 9.98772E-05 9.98772E-05 0.0247891 0.0302028 9.98772E-05 9.98772E-05
0.698051 9.98685E-05 0.128439 9.98685E-05 9.98685E-05 9.98685E-05 9.98685E-05 9.98685E-05 9.98685E-05 9.98685E-05 0.145413 0.0265981 9.98685E-05 9.98685E-05 9.98685E-05 9.98685E-05 9.98685E-05 9.98685E-05 9.98685E-05
0.517168 9.99035E-05 0.0913001 9.99035E-05 9.99035E-05 9.99035E-05 0.185015 9.99035E-05 0.0456571 0.00686385 0.064338 0.0554071 9.99035E-05 9.99035E-05 9.99035E-05 9.99035E-05 9.99035E-05 9.99035E-05 0.0331522
0.255507 9.99034E-05 0.137246 0.150858 9.99034E-05 9.99034E-05 0.0741903 0.184626 0.000459557 9.99034E-05 0.0580866 9.99034E-05 9.99034E-05 9.99034E-05 9.99034E-05 9.99034E-05 9.99034E-05 9.99034E-05 0.137928
0.206979 0.0184894 0.149986 0.196148 9.99122E-05 9.99122E-05 9.99122E-05 0.168215 0.00374115 9.99122E-05 0.0335454 9.99122E-05 9.99122E-05 9.99122E-05 9.99122E-05 9.99122E-05 0.143472 0.0784241 9.99122E-05
0.58523 9.98948E-05 0.0522437 9.98948E-05 0.129325 0.111918 0.0508155 9.98948E-05 0.0403191 9.98948E-05 9.98948E-05 9.98948E-05 9.98948E-05 9.98948E-05 9.98948E-05 9.98948E-05 0.0289503 9.98948E-05 9.98948E-05
0.060362 9.98948E-05 0.190781 9.98948E-05 9.98948E-05 9.98948E-05 9.98948E-05 0.185634 9.98948E-05 9.98948E-05 0.126604 9.98948E-05 0.222911 0.0745828 0.137927 9.98948E-05 9.98948E-05 9.98948E-05 9.98948E-05
0.334112 0.123711 0.198818 0.0680561 9.99033E-05 0.0471115 9.99033E-05 9.99033E-05 0.0544372 9.99033E-05 0.153444 9.99033E-05 0.0192112 9.99033E-05 9.99033E-05 9.99033E-05 9.99033E-05 9.99033E-05 9.99033E-05
0.973033 9.98509E-05 9.98509E-05 9.98509E-05 9.98509E-05 9.98509E-05 9.98509E-05 9.98509E-05 9.98509E-05 9.98509E-05 9.98509E-05 9.98509E-05 9.98509E-05 0.0252699 9.98509E-05 9.98509E-05 9.98509E-05 9.98509E-05 9.98509E-05
0.393344 0.00445723 0.0430266 0.133456 9.99298E-05 9.99298E-05 9.99298E-05 9.99298E-05 9.99298E-05 9.99298E-05 0.0176017 0.0783711 9.99298E-05 9.99298E-05 0.0433408 0.0731186 0.115914 0.0464893 0.0500818
0.162423 0.146374 9.9886E-05 0.106623 0.0366925 9.9886E-05 9.9886E-05 9.9886E-05 9.9886E-05 9.9886E-05 0.490658 9.9886E-05 9.9886E-05 9.9886E-05 9.9886E-05 0.0559305 9.9886E-05 9.9886E-05 9.9886E-05
0.527206 9.99034E-05 0.0734861 0.00177742 9.99034E-05 9.99034E-05 9.99034E-05 0.266148 9.99034E-05 9.99034E-05 9.99034E-05 0.0471437 0.00771717 0.0490753 0.0263474 9.99034E-05 9.99034E-05 9.99034E-05 9.99034E-05
0.281242 9.98684E-05 0.249505 9.98684E-05 9.98684E-05 9.98684E-05 9.98684E-05 9.98684E-05 9.98684E-05 9.98684E-05 0.333309 9.98684E-05 9.98684E-05 9.98684E-05 9.98684E-05 9.98684E-05 0.134447 9.98684E-05 9.98684E-05
0.27616 9.99122E-05 0.313064 0.0603752 9.99122E-05 9.99122E-05 0.062675 9.99122E-05 0.134147 9.99122E-05 0.0500181 0.0301468 9.99122E-05 0.0511496 9.99122E-05 9.99122E-05 9.99122E-05 9.99122E-05 0.0212655
0.669542 0.030043 0.120122 0.0582562 9.9886E-05 9.9886E-05 9.9886E-05 9.9886E-05 9.9886E-05 9.9886E-05 0.0923225 9.9886E-05 9.9886E-05 9.9886E-05 9.9886E-05 9.9886E-05 9.9886E-05 0.0284159 9.9886E-05
0.00837301 9.99034E-05 0.138389 0.0236443 9.99034E-05 9.99034E-05 0.173007 9.99034E-05 9.99034E-05 9.99034E-05 0.448693 9.99034E-05 0.117952 9.99034E-05 9.99034E-05 9.99034E-05 0.0469212 0.0419217 9.99034E-05
0.705117 0.0044234 0.0221072 9.99035E-05 9.99035E-05 9.99035E-05 9.99035E-05 9.99035E-05 0.0126744 9.99035E-05 0.178288 0.0212558 9.99035E-05 9.99035E-05 9.99035E-05 9.99035E-05 0.00289444 0.0521404 9.99035E-05
0.493956 9.98948E-05 0.214999 9.98948E-05 9.98948E-05 9.98948E-05 9.98948E-05 0.0871881 9.98948E-05 9.98948E-05 0.0830002 0.0996998 9.98948E-05 9.98948E-05 0.0141346 9.98948E-05 9.98948E-05 0.0058235 9.98948E-05
0.717074 0.0182527 0.0563361 0.0233252 9.99122E-05 0.0294887 0.0724489 0.00263977 9.99122E-05 9.99122E-05 9.99122E-05 0.0188788 9.99122E-05 9.99122E-05 0.0605565 9.99122E-05 9.99122E-05 9.99122E-05 9.99122E-05
0.561466 9.99122E-05 0.0119686 0.0550482 9.99122E-05 9.99122E-05 9.99122E-05 0.0887887 0.079594 9.99122E-05 0.0417107 0.0875369 0.00823295 0.0646546 9.99122E-05 9.99122E-05 9.99122E-05 9.99122E-05 9.99122E-05
0.516019 0.0558102 0.106034 9.99036E-05 9.99036E-05 9.99036E-05 9.99036E-05 0.00928114 0.027266 9.99036E-05 0.0395177 0.0617873 9.99036E-05 9.99036E-05 9.99036E-05 0.183186 9.99036E-05 9.99036E-05 9.99036E-05
0.362986 9.99034E-05 0.202184 9.99034E-05 9.99034E-05 9.99034E-05 9.99034E-05 0.100541 9.99034E-05 0.00214621 0.172862 0.0732511 9.99034E-05 9.99034E-05 9.99034E-05 9.99034E-05 0.0773226 0.00760835 9.99034E-05
0.469568 9.99034E-05 0.177117 9.99034E-05 9.99034E-05 9.99034E-05 0.164826 9.99034E-05 9.99034E-05 9.99034E-05 0.0769502 0.0271701 0.0466711 9.99034E-05 0.0199027 9.99034E-05 0.0166964 9.99034E-05 9.99034E-05
0.759857 0.00139802 0.0358431 9.98947E-05 0.0906636 9.98947E-05 9.98947E-05 9.98947E-05 9.98947E-05 9.98947E-05 0.0125073 0.0446628 9.98947E-05 0.0538691 9.98947E-05 9.98947E-05 9.98947E-05 9.98947E-05 9.98947E-05
0.597339 9.99122E-05 0.0263759 0.0262499 0.0173737 9.99122E-05 9.99122E-05 0.0366156 9.99122E-05 9.99122E-05 0.104492 0.00181172 9.99122E-05 9.99122E-05 0.0256731 9.99122E-05 9.99122E-05 0.16307 9.99122E-05
0.807334 0.13853 9.98684E-05 9.98684E-05 0.0436903 9.98684E-05 9.98684E-05 9.98684E-05 9.98684E-05 9.98684E-05 9.98684E-05 9.98684E-05 9.98684E-05 9.98684E-05 9.98684E-05 9.98684E-05 0.00894827 9.98684E-05 9.98684E-05
0.646031 9.9886E-05 0.0704478 0.145182 0.0717637 9.9886E-05 9.9886E-05 9.9886E-05 9.9886E-05 9.9886E-05 9.9886E-05 0.00582577 9.9886E-05 0.0594506 9.9886E-05 9.9886E-05 9.9886E-05 9.9886E-05 9.9886E-05
0.538019 0.00639963 0.159019 9.99035E-05 0.091171 9.99035E-05 0.0444879 9.99035E-05 9.99035E-05 9.99035E-05 0.0559064 0.015006 9.99035E-05 9.99035E-05 9.99035E-05 0.0888926 9.99035E-05 9.99035E-05 9.99035E-05
0.537835 0.0525604 0.186995 9.98859E-05 9.98859E-05 9.98859E-05 0.0657718 9.98859E-05 9.98859E-05 9.98859E-05 0.0357568 9.98859E-05 9.98859E-05 9.98859E-05 9.98859E-05 9.98859E-05 0.119783 9.98859E-05 9.98859E-05
0.79416 0.00441623 0.102599 9.98684E-05 9.98684E-05 9.98684E-05 9.98684E-05 9.98684E-05 9.98684E-05 9.98684E-05 0.0973269 9.98684E-05 9.98684E-05 9.98684E-05 9.98684E-05 9.98684E-05 9.98684E-05 9.98684E-05 9.98684E-05
0.588072 9.98773E-05 0.0751201 0.0537824 9.98773E-05 9.98773E-05 9.98773E-05 9.98773E-05 9.98773E-05 9.98773E-05 0.280855 9.98773E-05 9.98773E-05 9.98773E-05 0.000773039 9.98773E-05 9.98773E-05 9.98773E-05 9.98773E-05
0.718151 9.98772E-05 9.98772E-05 9.98772E-05 0.031325 9.98772E-05 0.0756445 9.98772E-05 9.98772E-05 9.98772E-05 0.126843 9.98772E-05 9.98772E-05 9.98772E-05 9.98772E-05 9.98772E-05 9.98772E-05 9.98772E-05 0.0466381
0.33078 9.98947E-05 0.162889 0.156898 9.98947E-05 9.98947E-05 9.98947E-05 0.160729 9.98947E-05 9.98947E-05 0.0823546 0.0104794 9.98947E-05 9.98947E-05 0.0946717 9.98947E-05 9.98947E-05 9.98947E-05 9.98947E-05
0.199289 0.0795637 0.140781 9.98859E-05 9.98859E-05 9.98859E-05 9.98859E-05 9.98859E-05 9.98859E-05 9.98859E-05 0.497291 9.98859E-05 9.98859E-05 9.98859E-05 9.98859E-05 0.00150283 9.98859E-05 0.080274 9.98859E-05
0.828676 0.0632753 0.0763821 0.00575269 9.98858E-05 9.98858E-05 9.98858E-05 9.98858E-05 9.98858E-05 9.98858E-05 9.98858E-05 9.98858E-05 0.0145454 0.0100695 9.98858E-05 9.98858E-05 9.98858E-05 9.98858E-05 9.98858E-05
0.773721 9.98771E-05 0.0939817 9.98771E-05 9.98771E-05 9.98771E-05 9.98771E-05 9.98771E-05 9.98771E-05 9.98771E-05 9.98771E-05 0.0206374 0.0321495 9.98771E-05 9.98771E-05 9.98771E-05 9.98771E-05 0.0781122 9.98771E-05
0.875401 9.98859E-05 0.00514953 9.98859E-05 9.98859E-05 0.0176011 9.98859E-05 0.0599621 9.98859E-05 0.0215119 9.98859E-05 9.98859E-05 9.98859E-05 9.98859E-05 9.98859E-05 9.98859E-05 0.0190763 9.98859E-05 9.98859E-05
0.604403 0.0500066 0.148446 9.98858E-05 9.98858E-05 9.98858E-05 9.98858E-05 0.0317452 9.98858E-05 9.98858E-05 0.127536 0.0365642 9.98858E-05 9.98858E-05 9.98858E-05 9.98858E-05 9.98858E-05 9.98858E-05 9.98858E-05
0.682519 9.99037E-05 9.99037E-05 0.0829038 9.99037E-05 9.99037E-05 9.99037E-05 9.99037E-05 0.0278922 0.0715473 9.99037E-05 0.038521 0.0456059 0.0243591 9.99037E-05 9.99037E-05 9.99037E-05 9.99037E-05 0.0255529
0.278106 0.0151015 0.20144 0.0950862 9.99122E-05 9.99122E-05 0.0171084 9.99122E-05 9.99122E-05 9.99122E-05 0.153262 0.127908 9.99122E-05 9.99122E-05 0.0585388 9.99122E-05 9.99122E-05 0.0524508 9.99122E-05
0.519574 9.98948E-05 9.98948E-05 9.98948E-05 9.98948E-05 9.98948E-05 9.98948E-05 9.98948E-05 9.98948E-05 9.98948E-05 0.151388 9.98948E-05 9.98948E-05 0.0179056 0.067834 0.0687791 0.0282059 0.145114 9.98948E-05
0.796652 9.9886E-05 0.0157035 0.0262057 0.0209352 9.9886E-05 9.9886E-05 9.9886E-05 0.077474 9.9886E-05 9.9886E-05 9.9886E-05 0.0617313 9.9886E-05 9.9886E-05 9.9886E-05 9.9886E-05 9.9886E-05 9.9886E-05
0.567674 9.99298E-05 0.0246443 0.0315827 9.99298E-05 9.99298E-05 9.99298E-05 0.0370005 9.99298E-05 0.00426344 0.0376088 0.00968429 0.00243082 9.99298E-05 9.99298E-05 0.0310791 0.211827 9.99298E-05 0.0414053
0.703239 9.9886E-05 0.0981267 9.9886E-05 9.9886E-05 9.9886E-05 9.9886E-05 9.9886E-05 0.12584 9.9886E-05 9.9886E-05 9.9886E-05 9.9886E-05 0.00490275 9.9886E-05 0.0515688 9.9886E-05 9.9886E-05 0.015024
0.69442 0.0726168 9.99035E-05 9.99035E-05 9.99035E-05 9.99035E-05 0.08821 0.0293417 9.99035E-05 9.99035E-05 0.00453573 0.0181716 9.99035E-05 0.0551078 9.99035E-05 0.0364977 9.99035E-05 9.99035E-05 9.99035E-05
0.68539 0.0756261 0.0716759 0.0131871 0.0423333 9.98946E-05 9.98946E-05 9.98946E-05 9.98946E-05 9.98946E-05 0.0486899 9.98946E-05 0.0618986 9.98946E-05 9.98946E-05 9.98946E-05 9.98946E-05 9.98946E-05 9.98946E-05
0.72749 9.98773E-05 0.0404212 9.98773E-05 9.98773E-05 0.0341918 9.98773E-05 9.98773E-05 9.98773E-05 9.98773E-05 9.98773E-05 0.0281198 9.98773E-05 9.98773E-05 9.98773E-05 9.98773E-05 9.98773E-05 0.168379 9.98773E-05
0.869069 9.98771E-05 9.98771E-05 0.0428252 9.98771E-05 9.98771E-05 9.98771E-05 9.98771E-05 9.98771E-05 0.044179 9.98771E-05 0.0174367 9.98771E-05 9.98771E-05 9.98771E-05 0.0250921 9.98771E-05 9.98771E-05 9.98771E-05
9.98858E-05 9.98858E-05 0.146282 0.0497409 9.98858E-05 9.98858E-05 9.98858E-05 0.735842 9.98858E-05 9.98858E-05 0.0202301 0.0243064 9.98858E-05 9.98858E-05 9.98858E-05 9.98858E-05 9.98858E-05 9.98858E-05 0.0223005
9.98686E-05 0.0334758 9.98686E-05 9.98686E-05 9.98686E-05 9.98686E-05 9.98686E-05 0.934936 9.98686E-05 9.98686E-05 9.98686E-05 9.98686E-05 9.98686E-05 9.98686E-05 9.98686E-05 9.98686E-05 0.0266946 9.98686E-05 0.00339519
9.98596E-05 9.98596E-05 9.98596E-05 9.98596E-05 9.98596E-05 9.98596E-05 9.98596E-05 0.966789 9.98596E-05 0.00810701 9.98596E-05 9.98596E-05 0.0235061 9.98596E-05 9.98596E-05 9.98596E-05 9.98596E-05 9.98596E-05 9.98596E-05
9.99034E-05 9.99034E-05 0.137627 0.145318 0.212002 9.99034E-05 9.99034E-05 0.367812 0.0120223 0.0786331 9.99034E-05 0.0172566 0.0282284 9.99034E-05 9.99034E-05 9.99034E-05 9.99034E-05 9.99034E-05 9.99034E-05
9.99032E-05 0.0170782 0.0471524 0.0663122 9.99032E-05 9.99032E-05 9.99032E-05 0.63463 9.99032E-05 0.0338556 0.100456 9.99032E-05 0.0390811 0.0603349 9.99032E-05 9.99032E-05 9.99032E-05 9.99032E-05 9.99032E-05
9.98857E-05 9.98857E-05 0.177839 0.0335637 9.98857E-05 9.98857E-05 9.98857E-05 0.614341 0.00352393 9.98857E-05 0.0719138 9.98857E-05 9.98857E-05 9.98857E-05 0.09752 9.98857E-05 9.98857E-05 9.98857E-05 9.98857E-05
9.98945E-05 9.98945E-05 0.101418 0.0823587 0.268445 9.98945E-05 9.98945E-05 0.502913 9.98945E-05 9.98945E-05 9.98945E-05 0.0171975 0.00248892 0.023981 9.98945E-05 9.98945E-05 9.98945E-05 9.98945E-05 9.98945E-05
9.98945E-05 0.00476241 0.0705301 0.0773397 0.0848309 9.98945E-05 9.98945E-05 0.59504 9.98945E-05 0.0192233 9.98945E-05 9.98945E-05 0.147075 9.98945E-05 9.98945E-05 9.98945E-05 9.98945E-05 9.98945E-05 9.98945E-05
9.98508E-05 9.98508E-05 9.98508E-05 9.98508E-05 0.0459539 9.98508E-05 9.98508E-05 0.952349 9.98508E-05 9.98508E-05 9.98508E-05 9.98508E-05 9.98508E-05 9.98508E-05 9.98508E-05 9.98508E-05 9.98508E-05 9.98508E-05 9.98508E-05
9.98682E-05 9.98682E-05 9.98682E-05 9.98682E-05 9.98682E-05 0.00617891 9.98682E-05 0.900968 9.98682E-05 9.98682E-05 9.98682E-05 0.071096 9.98682E-05 9.98682E-05 9.98682E-05 9.98682E-05 9.98682E-05 0.0202591 9.98682E-05
9.98769E-05 0.0231466 0.282288 0.0523299 9.98769E-05 9.98769E-05 9.98769E-05 0.489731 9.98769E-05 9.98769E-05 9.98769E-05 0.151107 9.98769E-05 9.98769E-05 9.98769E-05 9.98769E-05 9.98769E-05 9.98769E-05 9.98769E-05
9.99384E-05 0.0262008 0.0432115 0.00624471 0.0263144 0.0756793 9.99384E-05 0.416632 0.0447984 0.0218413 0.209162 0.0460062 9.99384E-05 9.99384E-05 9.99384E-05 9.99384E-05 0.00197836 9.99384E-05 0.0812309
9.98945E-05 0.0583473 9.98945E-05 0.198279 9.98945E-05 0.205227 9.98945E-05 0.406885 9.98945E-05 9.98945E-05 9.98945E-05 0.00272718 9.98945E-05 9.98945E-05 9.98945E-05 0.0823623 0.0449732 9.98945E-05 9.98945E-05
9.98682E-05 0.0211892 0.266014 9.98682E-05 9.98682E-05 9.98682E-05 9.98682E-05 0.517738 9.98682E-05 9.98682E-05 0.193561 9.98682E-05 9.98682E-05 9.98682E-05 9.98682E-05 9.98682E-05 9.98682E-05 9.98682E-05 9.98682E-05
9.98686E-05 9.98686E-05 9.98686E-05 9.98686E-05 9.98686E-05 0.012397 9.98686E-05 0.907504 9.98686E-05 9.98686E-05 9.98686E-05 0.0202623 9.98686E-05 9.98686E-05 9.98686E-05 9.98686E-05 0.0583389 9.98686E-05 9.98686E-05
9.98598E-05 9.98598E-05 9.98598E-05 0.0595026 9.98598E-05 9.98598E-05 9.98598E-05 0.880604 9.98598E-05 9.98598E-05 9.98598E-05 0.058296 9.98598E-05 9.98598E-05 9.98598E-05 9.98598E-05 9.98598E-05 9.98598E-05 9.98598E-05
9.98945E-05 0.153415 0.0089099 0.0109007 9.98945E-05 9.98945E-05 9.98945E-05 0.669664 0.0031445 0.14131 9.98945E-05 9.98945E-05 9.98945E-05 9.98945E-05 9.98945E-05 9.98945E-05 0.0114582 9.98945E-05 9.98945E-05
9.98858E-05 0.0892975 9.98858E-05 0.0265076 9.98858E-05 0.100429 9.98858E-05 0.586708 9.98858E-05 9.98858E-05 0.132166 0.0635926 9.98858E-05 9.98858E-05 9.98858E-05 9.98858E-05 9.98858E-05 9.98858E-05 9.98858E-05
9.98859E-05 0.0617434 9.98859E-05 0.0130183 9.98859E-05 9.98859E-05 9.98859E-05 0.735526 9.98859E-05 9.98859E-05 9.98859E-05 0.00160377 0.132482 9.98859E-05 9.98859E-05 9.98859E-05 9.98859E-05 0.0543272 9.98859E-05
9.98769E-05 9.98769E-05 0.266427 9.98769E-05 9.98769E-05 9.98769E-05 9.98769E-05 0.622012 0.0269326 9.98769E-05 9.98769E-05 0.0191066 9.98769E-05 9.98769E-05 9.98769E-05 9.98769E-05 0.0641231 9.98769E-05 9.98769E-05
9.98599E-05 9.98599E-05 0.0122152 9.98599E-05 9.98599E-05 9.98599E-05 9.98599E-05 0.96562 9.98599E-05 0.0205674 9.98599E-05 9.98599E-05 9.98599E-05 9.98599E-05 9.98599E-05 9.98599E-05 9.98599E-05 9.98599E-05 9.98599E-05
9.98681E-05 0.00907433 0.083477 9.98681E-05 9.98681E-05 9.98681E-05 9.98681E-05 0.645346 9.98681E-05 9.98681E-05 0.260605 9.98681E-05 9.98681E-05 9.98681E-05 9.98681E-05 9.98681E-05 9.98681E-05 9.98681E-05 9.98681E-05
9.98948E-05 9.98948E-05 0.0785149 9.98948E-05 0.0906536 9.98948E-05 0.104166 0.626173 9.98948E-05 9.98948E-05 0.0743157 9.98948E-05 9.98948E-05 0.000525317 9.98948E-05 9.98948E-05 9.98948E-05 9.98948E-05 0.0244524
9.98859E-05 0.185494 0.0894682 9.98859E-05 9.98859E-05 9.98859E-05 9.98859E-05 0.605225 9.98859E-05 9.98859E-05 9.98859E-05 0.0611158 0.0250679 9.98859E-05 0.0323303 9.98859E-05 9.98859E-05 9.98859E-05 9.98859E-05
9.98769E-05 9.98769E-05 0.00791692 9.98769E-05 9.98769E-05 0.0940708 9.98769E-05 0.805926 9.98769E-05 9.98769E-05 0.0258325 0.064855 9.98769E-05 9.98769E-05 9.98769E-05 9.98769E-05 9.98769E-05 9.98769E-05 9.98769E-05
9.98685E-05 9.98685E-05 0.00615163 0.0150028 9.98685E-05 9.98685E-05 9.98685E-05 0.956342 9.98685E-05 9.98685E-05 9.98685E-05 9.98685E-05 9.98685E-05 0.0210054 9.98685E-05 9.98685E-05 9.98685E-05 9.98685E-05 9.98685E-05
9.98422E-05 9.98422E-05 9.98422E-05 9.98422E-05 9.98422E-05 9.98422E-05 9.98422E-05 0.998203 9.98422E-05 9.98422E-05 9.98422E-05 9.98422E-05 9.98422E-05 9.98422E-05 9.98422E-05 9.98422E-05 9.98422E-05 9.98422E-05 9.98422E-05
9.98422E-05 9.98422E-05 9.98422E-05 9.98422E-05 9.98422E-05 9.98422E-05 9.98422E-05 0.998203 9.98422E-05 9.98422E-05 9.98422E-05 9.98422E-05 9.98422E-05 9.98422E-05 9.98422E-05 9.98422E-05 9.98422E-05 9.98422E-05 9.98422E-05
9.98683E-05 9.98683E-05 9.98683E-05 0.0272285 9.98683E-05 0.0403636 9.98683E-05 0.890476 9.98683E-05 9.98683E-05 9.98683E-05 9.98683E-05 0.0404334 9.98683E-05 9.98683E-05 9.98683E-05 9.98683E-05 9.98683E-05 9.98683E-05
9.98773E-05 9.98773E-05 0.123851 0.100634 0.0143559 9.98773E-05 0.0351371 0.724623 9.98773E-05 9.98773E-05 9.98773E-05 9.98773E-05 9.98773E-05 9.98773E-05 9.98773E-05 9.98773E-05 9.98773E-05 9.98773E-05 9.98773E-05
9.98683E-05 9.98683E-05 0.163311 0.215039 9.98683E-05 9.98683E-05 0.583645 9.98683E-05 9.98683E-05 9.98683E-05 9.98683E-05 9.98683E-05 9.98683E-05 9.98683E-05 9.98683E-05 0.0365077 9.98683E-05 9.98683E-05 9.98683E-05
0.00193668 9.98685E-05 0.102577 0.0209328 9.98685E-05 9.98685E-05 0.873055 9.98685E-05 9.98685E-05 9.98685E-05 9.98685E-05 9.98685E-05 9.98685E-05 9.98685E-05 9.98685E-05 9.98685E-05 9.98685E-05 9.98685E-05 9.98685E-05
9.9877E-05 9.9877E-05 0.239262 9.9877E-05 9.9877E-05 9.9877E-05 0.576338 9.9877E-05 0.0459728 9.9877E-05 9.9877E-05 9.9877E-05 0.0124769 9.9877E-05 9.9877E-05 0.124552 9.9877E-05 9.9877E-05 9.9877E-05
9.9877E-05 9.9877E-05 0.246768 0.130196 9.9877E-05 9.9877E-05 0.508449 9.9877E-05 9.9877E-05 9.9877E-05 9.9877E-05 0.0266563 0.0865337 9.9877E-05 9.9877E-05 9.9877E-05 9.9877E-05 9.9877E-05 9.9877E-05
9.98857E-05 9.98857E-05 0.0659119 0.173314 9.98857E-05 0.0754045 0.598309 9.98857E-05 9.98857E-05 9.98857E-05 9.98857E-05 9.98857E-05 9.98857E-05 0.0404951 9.98857E-05 9.98857E-05 0.045267 9.98857E-05 9.98857E-05
9.9877E-05 9.9877E-05 0.21155 0.196538 0.0397303 9.9877E-05 0.470359 9.9877E-05 9.9877E-05 9.9877E-05 9.9877E-05 9.9877E-05 9.9877E-05 9.9877E-05 9.9877E-05 9.9877E-05 9.9877E-05 0.0804247 9.9877E-05
9.98858E-05 9.98858E-05 0.138176 0.132334 9.98858E-05 9.98858E-05 0.500654 9.98858E-05 9.98858E-05 9.98858E-05 0.111911 0.0558102 0.0598162 9.98858E-05 9.98858E-05 9.98858E-05 9.98858E-05 9.98858E-05 9.98858E-05
9.98682E-05 9.98682E-05 0.108599 0.31707 9.98682E-05 9.98682E-05 0.550207 9.98682E-05 9.98682E-05 9.98682E-05 9.98682E-05 9.98682E-05 0.0226257 9.98682E-05 9.98682E-05 9.98682E-05 9.98682E-05 9.98682E-05 9.98682E-05
9.98945E-05 9.98945E-05 0.0874079 0.39832 0.242314 9.98945E-05 0.160782 9.98945E-05 0.0296389 9.98945E-05 0.0599966 0.0203416 9.98945E-05 9.98945E-05 9.98945E-05 9.98945E-05 9.98945E-05 9.98945E-05 9.98945E-05
9.98858E-05 9.98858E-05 0.219654 0.233145 9.98858E-05 0.100946 0.323438 9.98858E-05 0.0457782 9.98858E-05 0.0757399 9.98858E-05 9.98858E-05 9.98858E-05 9.98858E-05 9.98858E-05 9.98858E-05 9.98858E-05 9.98858E-05
9.98596E-05 9.98596E-05 9.98596E-05 0.0687293 0.278591 9.98596E-05 0.651081 9.98596E-05 9.98596E-05 9.98596E-05 9.98596E-05 9.98596E-05 9.98596E-05 9.98596E-05 9.98596E-05 9.98596E-05 9.98596E-05 9.98596E-05 9.98596E-05
9.98771E-05 9.98771E-05 0.0605903 0.0153483 0.160102 9.98771E-05 0.694844 9.98771E-05 9.98771E-05 9.98771E-05 9.98771E-05 9.98771E-05 9.98771E-05 0.0677163 9.98771E-05 9.98771E-05 9.98771E-05 9.98771E-05 9.98771E-05
9.98771E-05 9.98771E-05 9.98771E-05 0.143869 9.98771E-05 0.00477898 0.782117 9.98771E-05 9.98771E-05 9.98771E-05 9.98771E-05 9.98771E-05 0.0233294 9.98771E-05 9.98771E-05 9.98771E-05 9.98771E-05 0.0445078 9.98771E-05
9.98772E-05 9.98772E-05 0.207926 0.191689 9.98772E-05 9.98772E-05 0.551914 9.98772E-05 9.98772E-05 0.019438 9.98772E-05 0.0276352 9.98772E-05 9.98772E-05 9.98772E-05 9.98772E-05 9.98772E-05 9.98772E-05 9.98772E-05
9.99035E-05 9.99035E-05 0.0549517 0.13604 9.99035E-05 0.0986394 0.48225 9.99035E-05 0.00625695 9.99035E-05 9.99035E-05 9.99035E-05 0.0852845 0.0221587 9.99035E-05 9.99035E-05 9.99035E-05 9.99035E-05 0.113321
9.98946E-05 9.98946E-05 0.128742 0.0609824 0.128855 0.00560473 0.488542 9.98946E-05 9.98946E-05 9.98946E-05 9.98946E-05 0.0759628 9.98946E-05 9.98946E-05 9.98946E-05 9.98946E-05 9.98946E-05 0.110112 9.98946E-05
9.98771E-05 9.98771E-05 0.146745 0.0434246 0.190824 9.98771E-05 0.543712 9.98771E-05 9.98771E-05 9.98771E-05 9.98771E-05 9.98771E-05 9.98771E-05 9.98771E-05 9.98771E-05 9.98771E-05 9.98771E-05 9.98771E-05 0.0738962
9.98859E-05 9.98859E-05 9.98859E-05 0.166773 9.98859E-05 9.98859E-05 0.567586 9.98859E-05 9.98859E-05 0.0292085 0.169808 9.98859E-05 9.98859E-05 9.98859E-05 9.98859E-05 0.0375837 9.98859E-05 0.0277424 9.98859E-05
9.99034E-05 9.99034E-05 0.00622639 0.0366275 9.99034E-05 0.024618 0.700193 9.99034E-05 9.99034E-05 9.99034E-05 0.0676283 0.10572 9.99034E-05 0.0447792 9.99034E-05 9.99034E-05 0.0131089 9.99034E-05 9.99034E-05
9.98948E-05 9.98948E-05 0.147785 0.119079 9.98948E-05 9.98948E-05 0.587435 9.98948E-05 9.98948E-05 9.98948E-05 9.98948E-05 0.00578564 9.98948E-05 0.0705263 9.98948E-05 9.98948E-05 9.98948E-05 0.026625 0.0415647
9.99033E-05 0.00267603 0.141334 0.0652594 0.115901 9.99033E-05 0.597995 9.99033E-05 9.99033E-05 9.99033E-05 9.99033E-05 9.99033E-05 0.000998288 9.99033E-05 9.99033E-05 0.0472751 9.99033E-05 0.0274618 9.99033E-05
9.98858E-05 9.98858E-05 0.0679153 0.100832 9.98858E-05 0.0746209 0.687255 9.98858E-05 9.98858E-05 9.98858E-05 9.98858E-05 0.0480364 0.0200418 9.98858E-05 9.98858E-05 9.98858E-05 9.98858E-05 9.98858E-05 9.98858E-05
9.98859E-05 0.0399822 0.385443 0.316113 9.98859E-05 9.98859E-05 0.189943 9.98859E-05 9.98859E-05 9.98859E-05 9.98859E-05 9.98859E-05 9.98859E-05 0.0620285 9.98859E-05 0.00519078 9.98859E-05 9.98859E-05 9.98859E-05
9.98684E-05 9.98684E-05 0.0848371 0.228294 9.98684E-05 9.98684E-05 0.620821 9.98684E-05 0.0645503 9.98684E-05 9.98684E-05 9.98684E-05 9.98684E-05 9.98684E-05 9.98684E-05 9.98684E-05 9.98684E-05 9.98684E-05 9.98684E-05
9.99122E-05 0.0884287 0.315045 0.31578 0.0052287 9.99122E-05 0.177338 9.99122E-05 9.99122E-05 9.99122E-05 9.99122E-05 0.0206752 9.99122E-05 0.00529632 0.0587785 0.0124295 9.99122E-05 9.99122E-05 9.99122E-05
9.99035E-05 9.99035E-05 0.0912491 0.182327 0.0825575 0.0778181 0.476376 9.99035E-05 9.99035E-05 9.99035E-05 0.0367198 9.99035E-05 0.00225515 9.99035E-05 9.99035E-05 9.99035E-05 0.0495982 9.99035E-05 9.99035E-05
9.98686E-05 9.98686E-05 0.022624 9.98686E-05 9.98686E-05 9.98686E-05 0.833683 9.98686E-05 9.98686E-05 9.98686E-05 9.98686E-05 9.98686E-05 9.98686E-05 9.98686E-05 0.130294 9.98686E-05 9.98686E-05 9.98686E-05 0.0119004
9.98768E-05 0.104676 0.215639 0.180188 9.98768E-05 9.98768E-05 0.4857 9.98768E-05 9.98768E-05 9.98768E-05 9.98768E-05 9.98768E-05 9.98768E-05 9.98768E-05 9.98768E-05 9.98768E-05 9.98768E-05 9.98768E-05 0.0123983
9.98684E-05 9.98684E-05 0.19542 0.292619 0.00122881 9.98684E-05 0.509234 9.98684E-05 9.98684E-05 9.98684E-05 9.98684E-05 9.98684E-05 9.98684E-05 9.98684E-05 9.98684E-05 9.98684E-05 9.98684E-05 9.98684E-05 9.98684E-05
9.98772E-05 9.98772E-05 0.103407 0.0862692 9.98772E-05 9.98772E-05 0.664529 9.98772E-05 9.98772E-05 9.98772E-05 9.98772E-05 0.056169 9.98772E-05 0.0882281 9.98772E-05 9.98772E-05 9.98772E-05 9.98772E-05 9.98772E-05
9.98772E-05 9.98772E-05 0.224235 0.0694182 9.98772E-05 9.98772E-05 0.554859 9.98772E-05 9.98772E-05 9.98772E-05 9.98772E-05 0.067886 9.98772E-05 9.98772E-05 9.98772E-05 9.98772E-05 0.0822031 9.98772E-05 9.98772E-05
9.9877E-05 9.9877E-05 0.154192 0.000331276 9.9877E-05 9.9877E-05 0.707856 9.9877E-05 9.9877E-05 9.9877E-05 9.9877E-05 0.0743995 9.9877E-05 9.9877E-05 9.9877E-05 9.9877E-05 0.0618234 9.9877E-05 9.9877E-05
9.98858E-05 9.98858E-05 0.162527 0.389953 9.98858E-05 9.98858E-05 0.117897 9.98858E-05 9.98858E-05 9.98858E-05 9.98858E-05 0.00177869 9.98858E-05 0.193212 9.98858E-05 0.133334 9.98858E-05 9.98858E-05 9.98858E-05
9.98945E-05 9.98945E-05 0.102006 0.0198223 9.98945E-05 9.98945E-05 0.456662 9.98945E-05 0.0120639 9.98945E-05 0.184018 0.0368746 9.98945E-05 9.98945E-05 9.98945E-05 9.98945E-05 9.98945E-05 9.98945E-05 0.187355
9.98682E-05 9.98682E-05 0.121915 0.0249441 9.98682E-05 9.98682E-05 0.774425 9.98682E-05 9.98682E-05 9.98682E-05 9.98682E-05 9.98682E-05 9.98682E-05 9.98682E-05 9.98682E-05 9.98682E-05 9.98682E-05 0.0772181 9.98682E-05
9.99033E-05 9.99033E-05 9.99033E-05 0.106982 0.0442402 0.00285076 0.644821 9.99033E-05 9.99033E-05 9.99033E-05 0.0876005 0.0303178 9.99033E-05 9.99033E-05 9.99033E-05 9.99033E-05 0.0172501 0.064839 9.99033E-05
9.98857E-05 9.98857E-05 0.298605 0.151344 9.98857E-05 0.0734299 0.392368 9.98857E-05 9.98857E-05 9.98857E-05 9.98857E-05 0.0371817 0.0457725 9.98857E-05 9.98857E-05 9.98857E-05 9.98857E-05 9.98857E-05 9.98857E-05
9.98597E-05 9.98597E-05 9.98597E-05 0.0968461 9.98597E-05 9.98597E-05 0.86679 9.98597E-05 9.98597E-05 9.98597E-05 9.98597E-05 9.98597E-05 9.98597E-05 9.98597E-05 9.98597E-05 9.98597E-05 9.98597E-05 0.0347666 9.98597E-05
9.98772E-05 9.98772E-05 0.0943464 0.0382273 9.98772E-05 9.98772E-05 0.780239 9.98772E-05 9.98772E-05 9.98772E-05 9.98772E-05 0.000401808 9.98772E-05 0.0853871 9.98772E-05 9.98772E-05 9.98772E-05 9.98772E-05 9.98772E-05
9.98686E-05 9.98686E-05 9.98686E-05 0.000158504 9.98686E-05 0.0349727 0.900024 9.98686E-05 9.98686E-05 9.98686E-05 9.98686E-05 9.98686E-05 9.98686E-05 9.98686E-05 9.98686E-05 0.0633466 9.98686E-05 9.98686E-05 9.98686E-05
9.98861E-05 9.98861E-05 9.98861E-05 9.98861E-05 0.00899442 0.0157343 0.901994 9.98861E-05 9.98861E-05 9.98861E-05 9.98861E-05 0.0295688 9.98861E-05 0.032385 9.98861E-05 9.98861E-05 9.98861E-05 0.0100252 9.98861E-05
9.99034E-05 9.99034E-05 0.360954 0.205342 0.0583599 9.99034E-05 0.248694 9.99034E-05 0.017101 9.99034E-05 0.00939522 0.076405 9.99034E-05 9.99034E-05 9.99034E-05 0.022649 9.99034E-05 9.99034E-05 9.99034E-05
9.98682E-05 9.98682E-05 9.98682E-05 0.162251 9.98682E-05 9.98682E-05 0.577407 9.98682E-05 9.98682E-05 9.98682E-05 0.096951 9.98682E-05 9.98682E-05 9.98682E-05 9.98682E-05 9.98682E-05 9.98682E-05 9.98682E-05 0.161892
9.98685E-05 9.98685E-05 0.0745599 0.0931207 0.0254501 9.98685E-05 0.805371 9.98685E-05 9.98685E-05 9.98685E-05 9.98685E-05 9.98685E-05 9.98685E-05 9.98685E-05 9.98685E-05 9.98685E-05 9.98685E-05 9.98685E-05 9.98685E-05
0.00326378 9.98686E-05 0.0721547 9.98686E-05 0.00028951 9.98686E-05 0.922794 9.98686E-05 9.98686E-05 9.98686E-05 9.98686E-05 9.98686E-05 9.98686E-05 9.98686E-05 9.98686E-05 9.98686E-05 9.98686E-05 9.98686E-05 9.98686E-05
9.98946E-05 9.98946E-05 0.0361927 0.251721 0.191716 9.98946E-05 0.255808 9.98946E-05 9.98946E-05 9.98946E-05 0.0858417 9.98946E-05 0.0282095 0.149313 9.98946E-05 9.98946E-05 9.98946E-05 9.98946E-05 9.98946E-05
9.98859E-05 9.98859E-05 0.114211 0.190582 9.98859E-05 0.0288938 0.494867 0.158899 9.98859E-05 0.0112486 9.98859E-05 9.98859E-05 9.98859E-05 9.98859E-05 9.98859E-05 9.98859E-05 9.98859E-05 9.98859E-05 9.98859E-05
9.99035E-05 9.99035E-05 0.027277 0.111523 0.172543 0.0935696 0.432048 9.99035E-05 9.99035E-05 9.99035E-05 0.0951134 9.99035E-05 9.99035E-05 9.99035E-05 0.0211415 9.99035E-05 0.0456857 9.99035E-05 9.99035E-05
9.98947E-05 9.98947E-05 0.35997 0.308113 9.98947E-05 9.98947E-05 0.209699 9.98947E-05 9.98947E-05 9.98947E-05 0.0995884 0.0113967 9.98947E-05 0.00662814 0.00340546 9.98947E-05 9.98947E-05 9.98947E-05 9.98947E-05
9.98509E-05 9.98509E-05 9.98509E-05 9.98509E-05 9.98509E-05 9.98509E-05 0.965663 9.98509E-05 9.98509E-05 9.98509E-05 9.98509E-05 9.98509E-05 9.98509E-05 9.98509E-05 9.98509E-05 9.98509E-05 9.98509E-05 9.98509E-05 0.0326398
9.98858E-05 9.98858E-05 0.197678 0.0242787 9.98858E-05 9.98858E-05 0.418733 9.98858E-05 9.98858E-05 0.0293944 9.98858E-05 9.98858E-05 9.98858E-05 9.98858E-05 9.98858E-05 9.98858E-05 0.084912 0.243706 9.98858E-05
9.98773E-05 9.98773E-05 0.0323623 0.133933 0.000685841 9.98773E-05 0.794433 0.0371875 9.98773E-05 9.98773E-05 9.98773E-05 9.98773E-05 9.98773E-05 9.98773E-05 9.98773E-05 9.98773E-05 9.98773E-05 9.98773E-05 9.98773E-05
9.98773E-05 9.98773E-05 0.123016 0.115683 9.98773E-05 9.98773E-05 0.622572 9.98773E-05 9.98773E-05 9.98773E-05 9.98773E-05 9.98773E-05 0.107071 9.98773E-05 9.98773E-05 0.0302587 9.98773E-05 9.98773E-05 9.98773E-05
9.98946E-05 9.98946E-05 0.0393999 0.112699 9.98946E-05 9.98946E-05 0.642371 9.98946E-05 9.98946E-05 0.000944023 0.0491556 9.98946E-05 0.0224184 9.98946E-05 9.98946E-05 9.98946E-05 0.131813 9.98946E-05 9.98946E-05
9.99121E-05 0.0712501 0.0181102 9.99121E-05 9.99121E-05 0.0346019 0.595317 9.99121E-05 9.99121E-05 9.99121E-05 0.0837883 0.0738224 0.0355825 0.0222293 9.99121E-05 9.99121E-05 9.99121E-05 0.0642993 9.99121E-05
9.98946E-05 0.00628527 0.287323 0.258761 0.183334 9.98946E-05 0.249746 9.98946E-05 9.98946E-05 9.98946E-05 9.98946E-05 0.0112591 9.98946E-05 9.98946E-05 9.98946E-05 9.98946E-05 9.98946E-05 9.98946E-05 0.00209381
9.98682E-05 9.98682E-05 0.184653 0.225399 9.98682E-05 9.98682E-05 0.565946 9.98682E-05 0.0225045 9.98682E-05 9.98682E-05 9.98682E-05 9.98682E-05 9.98682E-05 9.98682E-05 9.98682E-05 9.98682E-05 9.98682E-05 9.98682E-05
9.99121E-05 0.00439211 0.137951 0.0964428 9.99121E-05 9.99121E-05 0.587277 9.99121E-05 9.99121E-05 9.99121E-05 9.99121E-05 0.0865186 9.99121E-05 0.0191975 0.0136653 0.0142959 0.0392602 9.99121E-05 9.99121E-05
9.98857E-05 9.98857E-05 0.0946993 0.0167703 9.98857E-05 9.98857E-05 0.727034 9.98857E-05 9.98857E-05 9.98857E-05 9.98857E-05 0.0360225 9.98857E-05 0.0944224 9.98857E-05 9.98857E-05 0.0297526 9.98857E-05 9.98857E-05
9.98684E-05 9.98684E-05 0.103496 0.19714 0.0290665 9.98684E-05 0.6688 9.98684E-05 9.98684E-05 9.98684E-05 9.98684E-05 9.98684E-05 9.98684E-05 9.98684E-05 9.98684E-05 9.98684E-05 9.98684E-05 9.98684E-05 9.98684E-05
9.98417E-05 9.98417E-05 0.998203 9.98417E-05 9.98417E-05 9.98417E-05 9.98417E-05 9.98417E-05 9.98417E-05 9.98417E-05 9.98417E-05 9.98417E-05 9.98417E-05 9.98417E-05 9.98417E-05 9.98417E-05 9.98417E-05 9.98417E-05 9.98417E-05
9.98417E-05 9.98417E-05 9.98417E-05 0.998203 9.98417E-05 9.98417E-05 9.98417E-05 9.98417E-05 9.98417E-05 9.98417E-05 9.98417E-05 9.98417E-05 9.98417E-05 9.98417E-05 9.98417E-05 9.98417E-05 9.98417E-05 9.98417E-05 9.98417E-05
9.98416E-05 9.98416E-05 0.998203 9.98416E-05 9.98416E-05 9.98416E-05 9.98416E-05 9.98416E-05 9.98416E-05 9.98416E-05 9.98416E-05 9.98416E-05 9.98416E-05 9.98416E-05 9.98416E-05 9.98416E-05 9.98416E-05 9.98416E-05 9.98416E-05
9.98416E-05 9.98416E-05 9.98416E-05 0.998203 9.98416E-05 9.98416E-05 9.98416E-05 9.98416E-05 9.98416E-05 9.98416E-05 9.98416E-05 9.98416E-05 9.98416E-05 9.98416E-05 9.98416E-05 9.98416E-05 9.98416E-05 9.98416E-05 9.98416E-05
9.98416E-05 9.98416E-05 9.98416E-05 0.998203 9.98416E-05 9.98416E-05 9.98416E-05 9.98416E-05 9.98416E-05 9.98416E-05 9.98416E-05 9.98416E-05 9.98416E-05 9.98416E-05 9.98416E-05 9.98416E-05 9.98416E-05 9.98416E-05 9.98416E-05
9.98418E-05 9.98418E-05 9.98418E-05 0.998203 9.98418E-05 9.98418E-05 9.98418E-05 9.98418E-05 9.98418E-05 9.98418E-05 9.98418E-05 9.98418E-05 9.98418E-05 9.98418E-05 9.98418E-05 9.98418E-05 9.98418E-05 9.98418E-05 9.98418E-05
9.98417E-05 9.98417E-05 0.998203 9.98417E-05 9.98417E-05 9.98417E-05 9.98417E-05 9.98417E-05 9.98417E-05 9.98417E-05 9.98417E-05 9.98417E-05 9.98417E-05 9.98417E-05 9.98417E-05 9.98417E-05 9.98417E-05 9.98417E-05 9.98417E-05
9.98417E-05 9.98417E-05 9.98417E-05 0.998203 9.98417E-05 9.98417E-05 9.98417E-05 9.98417E-05 9.98417E-05 9.98417E-05 9.98417E-05 9.98417E-05 9.98417E-05 9.98417E-05 9.98417E-05 9.98417E-05 9.98417E-05 9.98417E-05 9.98417E-05
9.98419E-05 9.98419E-05 9.98419E-05 0.998203 9.98419E-05 9.98419E-05 9.98419E-05 9.98419E-05 9.98419E-05 9.98419E-05 9.98419E-05 9.98419E-05 9.98419E-05 9.98419E-05 9.98419E-05 9.98419E-05 9.98419E-05 9.98419E-05 9.98419E-05
9.98416E-05 9.98416E-05 0.998203 9.98416E-05 9.98416E-05 9.98416E-05 9.98416E-05 9.98416E-05 9.98416E-05 9.98416E-05 9.98416E-05 9.98416E-05 9.98416E-05 9.98416E-05 9.98416E-05 9.98416E-05 9.98416E-05 9.98416E-05 9.98416E-05
9.98419E-05 9.98419E-05 0.998203 9.98419E-05 9.98419E-05 9.98419E-05 9.98419E-05 9.98419E-05 9.98419E-05 9.98419E-05 9.98419E-05 9.98419E-05 9.98419E-05 9.98419E-05 9.98419E-05 9.98419E-05 9.98419E-05 9.98419E-05 9.98419E-05
9.98416E-05 9.98416E-05 0.998203 9.98416E-05 9.98416E-05 9.98416E-05 9.98416E-05 9.98416E-05 9.98416E-05 9.98416E-05 9.98416E-05 9.98416E-05 9.98416E-05 9.98416E-05 9.98416E-05 9.98416E-05 9.98416E-05 9.98416E-05 9.98416E-05
9.98417E-05 9.98417E-05 9.98417E-05 0.998203 9.98417E-05 9.98417E-05 9.98417E-05 9.98417E-05 9.98417E-05 9.98417E-05 9.98417E-05 9.98417E-05 9.98417E-05 9.98417E-05 9.98417E-05 9.98417E-05 9.98417E-05 9.98417E-05 9.98417E-05
9.98418E-05 9.98418E-05 9.98418E-05 0.998203 9.98418E-05 9.98418E-05 9.98418E-05 9.98418E-05 9.98418E-05 9.98418E-05 9.98418E-05 9.98418E-05 9.98418E-05 9.98418E-05 9.98418E-05 9.98418E-05 9.98418E-05 9.98418E-05 9.98418E-05
9.98417E-05 9.98417E-05 0.998203 9.98417E-05 9.98417E-05 9.98417E-05 9.98417E-05 9.98417E-05 9.98417E-05 9.98417E-05 9.98417E-05 9.98417E-05 9.98417E-05 9.98417E-05 9.98417E-05 9.98417E-05 9.98417E-05 9.98417E-05 9.98417E-05
9.98416E-05 9.98416E-05 0.998203 9.98416E-05 9.98416E-05 9.98416E-05 9.98416E-05 9.98416E-05 9.98416E-05 9.98416E-05 9.98416E-05 9.98416E-05 9.98416E-05 9.98416E-05 9.98416E-05 9.98416E-05 9.98416E-05 9.98416E-05 9.98416E-05
9.99033E-05 0.217981 0.177412 0.134492 9.99033E-05 9.99033E-05 0.286572 9.99033E-05 9.99033E-05 0.00120581 9.99033E-05 9.99033E-05 9.99033E-05 0.0437684 0.0986274 9.99033E-05 9.99033E-05 9.99033E-05 0.0388426
9.98418E-05 9.98418E-05 0.998203 9.98418E-05 9.98418E-05 9.98418E-05 9.98418E-05 9.98418E-05 9.98418E-05 9.98418E-05 9.98418E-05 9.98418E-05 9.98418E-05 9.98418E-05 9.98418E-05 9.98418E-05 9.98418E-05 9.98418E-05 9.98418E-05
9.98417E-05 9.98417E-05 9.98417E-05 0.998203 9.98417E-05 9.98417E-05 9.98417E-05 9.98417E-05 9.98417E-05 9.98417E-05 9.98417E-05 9.98417E-05 9.98417E-05 9.98417E-05 9.98417E-05 9.98417E-05 9.98417E-05 9.98417E-05 9.98417E-05
9.98417E-05 9.98417E-05 0.998203 9.98417E-05 9.98417E-05 9.98417E-05 9.98417E-05 9.98417E-05 9.98417E-05 9.98417E-05 9.98417E-05 9.98417E-05 9.98417E-05 9.98417E-05 9.98417E-05 9.98417E-05 9.98417E-05 9.98417E-05 9.98417E-05
9.98417E-05 9.98417E-05 0.998203 9.98417E-05 9.98417E-05 9.98417E-05 9.98417E-05 9.98417E-05 9.98417E-05 9.98417E-05 9.98417E-05 9.98417E-05 9.98417E-05 9.98417E-05 9.98417E-05 9.98417E-05 9.98417E-05 9.98417E-05 9.98417E-05
9.98418E-05 9.98418E-05 0.998203 9.98418E-05 9.98418E-05 9.98418E-05 9.98418E-05 9.98418E-05 9.98418E-05 9.98418E-05 9.98418E-05 9.98418E-05 9.98418E-05 9.98418E-05 9.98418E-05 9.98418E-05 9.98418E-05 9.98418E-05 9.98418E-05
9.98418E-05 9.98418E-05 9.98418E-05 0.998203 9.98418E-05 9.98418E-05 9.98418E-05 9.98418E-05 9.98418E-05 9.98418E-05 9.98418E-05 9.98418E-05 9.98418E-05 9.98418E-05 9.98418E-05 9.98418E-05 9.98418E-05 9.98418E-05 9.98418E-05
9.98418E-05 9.98418E-05 0.998203 9.98418E-05 9.98418E-05 9.98418E-05 9.98418E-05 9.98418E-05 9.98418E-05 9.98418E-05 9.98418E-05 9.98418E-05 9.98418E-05 9.98418E-05 9.98418E-05 9.98418E-05 9.98418E-05 9.98418E-05 9.98418E-05
9.98418E-05 9.98418E-05 9.98418E-05 0.998203 9.98418E-05 9.98418E-05 9.98418E-05 9.98418E-05 9.98418E-05 9.98418E-05 9.98418E-05 9.98418E-05 9.98418E-05 9.98418E-05 9.98418E-05 9.98418E-05 9.98418E-05 9.98418E-05 9.98418E-05
9.98418E-05 9.98418E-05 0.998203 9.98418E-05 9.98418E-05 9.98418E-05 9.98418E-05 9.98418E-05 9.98418E-05 9.98418E-05 9.98418E-05 9.98418E-05 9.98418E-05 9.98418E-05 9.98418E-05 9.98418E-05 9.98418E-05 9.98418E-05 9.98418E-05
9.98417E-05 9.98417E-05 0.998203 9.98417E-05 9.98417E-05 9.98417E-05 9.98417E-05 9.98417E-05 9.98417E-05 9.98417E-05 9.98417E-05 9.98417E-05 9.98417E-05 9.98417E-05 9.98417E-05 9.98417E-05 9.98417E-05 9.98417E-05 9.98417E-05
9.98417E-05 9.98417E-05 9.98417E-05 0.998203 9.98417E-05 9.98417E-05 9.98417E-05 9.98417E-05 9.98417E-05 9.98417E-05 9.98417E-05 9.98417E-05 9.98417E-05 9.98417E-05 9.98417E-05 9.98417E-05 9.98417E-05 9.98417E-05 9.98417E-05
9.98416E-05 9.98416E-05 9.98416E-05 0.998203 9.98416E-05 9.98416E-05 9.98416E-05 9.98416E-05 9.98416E-05 9.98416E-05 9.98416E-05 9.98416E-05 9.98416E-05 9.98416E-05 9.98416E-05 9.98416E-05 9.98416E-05 9.98416E-05 9.98416E-05
9.98417E-05 9.98417E-05 9.98417E-05 0.998203 9.98417E-05 9.98417E-05 9.98417E-05 9.98417E-05 9.98417E-05 9.98417E-05 9.98417E-05 9.98417E-05 9.98417E-05 9.98417E-05 9.98417E-05 9.98417E-05 9.98417E-05 9.98417E-05 9.98417E-05
9.98417E-05 9.98417E-05 0.998203 9.98417E-05 9.98417E-05 9.98417E-05 9.98417E-05 9.98417E-05 9.98417E-05 9.98417E-05 9.98417E-05 9.98417E-05 9.98417E-05 9.98417E-05 9.98417E-05 9.98417E-05 9.98417E-05 9.98417E-05 9.98417E-05
9.98506E-05 9.98506E-05 0.996667 9.98506E-05 9.98506E-05 9.98506E-05 9.98506E-05 9.98506E-05 9.98506E-05 9.98506E-05 9.98506E-05 9.98506E-05 9.98506E-05 0.00163582 9.98506E-05 9.98506E-05 9.98506E-05 9.98506E-05 9.98506E-05
9.98417E-05 9.98417E-05 0.998203 9.98417E-05 9.98417E-05 9.98417E-05 9.98417E-05 9.98417E-05 9.98417E-05 9.98417E-05 9.98417E-05 9.98417E-05 9.98417E-05 9.98417E-05 9.98417E-05 9.98417E-05 9.98417E-05 9.98417E-05 9.98417E-05
9.98416E-05 9.98416E-05 0.998203 9.98416E-05 9.98416E-05 9.98416E-05 9.98416E-05 9.98416E-05 9.98416E-05 9.98416E-05 9.98416E-05 9.98416E-05 9.98416E-05 9.98416E-05 9.98416E-05 9.98416E-05 9.98416E-05 9.98416E-05 9.98416E-05
9.98418E-05 9.98418E-05 0.998203 9.98418E-05 9.98418E-05 9.98418E-05 9.98418E-05 9.98418E-05 9.98418E-05 9.98418E-05 9.98418E-05 9.98418E-05 9.98418E-05 9.98418E-05 9.98418E-05 9.98418E-05 9.98418E-05 9.98418E-05 9.98418E-05
9.98418E-05 9.98418E-05 9.98418E-05 0.998203 9.98418E-05 9.98418E-05 9.98418E-05 9.98418E-05 9.98418E-05 9.98418E-05 9.98418E-05 9.98418E-05 9.98418E-05 9.98418E-05 9.98418E-05 9.98418E-05 9.98418E-05 9.98418E-05 9.98418E-05
9.98417E-05 9.98417E-05 9.98417E-05 0.998203 9.98417E-05 9.98417E-05 9.98417E-05 9.98417E-05 9.98417E-05 9.98417E-05 9.98417E-05 9.98417E-05 9.98417E-05 9.98417E-05 9.98417E-05 9.98417E-05 9.98417E-05 9.98417E-05 9.98417E-05
