0.191236 9.99034E-05 0.0554008 9.99034E-05 9.99034E-05 9.99034E-05 9.99034E-05 0.384731 0.209612 9.99034E-05 9.99034E-05 9.99034E-05 0.0335788 9.99034E-05 0.0518359 9.99034E-05 9.99034E-05 0.0725077
0.182393 9.98858E-05 0.0133876 9.98858E-05 9.98858E-05 9.98858E-05 9.98858E-05 0.648646 9.98858E-05 9.98858E-05 9.98858E-05 0.0648454 0.0894295 9.98858E-05 9.98858E-05 9.98858E-05 9.98858E-05 9.98858E-05
9.9877E-05 9.9877E-05 9.9877E-05 0.0236455 9.9877E-05 9.9877E-05 9.9877E-05 0.848925 9.9877E-05 0.0950373 9.9877E-05 9.9877E-05 9.9877E-05 9.9877E-05 9.9877E-05 9.9877E-05 9.9877E-05 0.0309937
9.9921E-05 9.9921E-05 0.0442278 9.9921E-05 0.0404897 9.9921E-05 9.9921E-05 0.257889 0.169057 9.9921E-05 0.250972 0.0380903 9.9921E-05 0.0358104 9.9921E-05 9.9921E-05 0.0891092 0.0734547
9.98947E-05 9.98947E-05 9.98947E-05 9.98947E-05 0.0762581 9.98947E-05 9.98947E-05 0.837723 9.98947E-05 0.0256925 0.0348848 9.98947E-05 0.0205819 0.00366071 9.98947E-05 9.98947E-05 9.98947E-05 9.98947E-05
0.250962 9.99035E-05 9.99035E-05 9.99035E-05 0.134125 9.99035E-05 9.99035E-05 0.195762 9.99035E-05 0.130845 0.0224098 9.99035E-05 0.0471034 0.217695 9.99035E-05 9.99035E-05 9.99035E-05 9.99035E-05
9.99123E-05 9.99123E-05 0.101898 0.0842835 9.99123E-05 9.99123E-05 9.99123E-05 0.255404 0.155535 9.99123E-05 0.222819 9.99123E-05 0.156225 9.99123E-05 0.0195102 9.99123E-05 0.00332497 9.99123E-05
0.049303 9.99298E-05 9.99298E-05 0.0518596 0.0295863 0.0522626 9.99298E-05 0.19648 0.232618 0.103974 0.119836 9.99298E-05 9.99298E-05 0.152723 9.99298E-05 0.0105577 9.99298E-05 9.99298E-05
9.98948E-05 9.98948E-05 9.98948E-05 9.98948E-05 9.98948E-05 9.98948E-05 9.98948E-05 0.235619 9.98948E-05 9.98948E-05 9.98948E-05 0.0221202 9.98948E-05 0.221931 0.178725 9.98948E-05 0.131956 0.208449
9.98684E-05 9.98684E-05 9.98684E-05 9.98684E-05 9.98684E-05 9.98684E-05 9.98684E-05 0.79914 9.98684E-05 9.98684E-05 0.111267 9.98684E-05 9.98684E-05 9.98684E-05 9.98684E-05 9.98684E-05 9.98684E-05 0.0880953
0.0270511 9.99122E-05 0.0868285 9.99122E-05 9.99122E-05 9.99122E-05 9.99122E-05 0.455598 0.0691808 9.99122E-05 0.0767939 9.99122E-05 9.99122E-05 0.0615648 0.0462395 9.99122E-05 9.99122E-05 0.175744
9.98859E-05 9.98859E-05 0.0331427 9.98859E-05 0.0288916 0.0200606 9.98859E-05 0.850346 9.98859E-05 9.98859E-05 0.066261 9.98859E-05 9.98859E-05 9.98859E-05 9.98859E-05 9.98859E-05 9.98859E-05 9.98859E-05
9.98683E-05 9.98683E-05 9.98683E-05 9.98683E-05 9.98683E-05 9.98683E-05 9.98683E-05 0.784306 0.110602 9.98683E-05 9.98683E-05 9.98683E-05 9.98683E-05 9.98683E-05 9.98683E-05 9.98683E-05 9.98683E-05 0.103594
9.99035E-05 0.00725915 0.0896959 9.99035E-05 9.99035E-05 0.020971 0.130511 0.645671 9.99035E-05 0.0408811 9.99035E-05 9.99035E-05 9.99035E-05 9.99035E-05 9.99035E-05 9.99035E-05 9.99035E-05 0.0639121
0.220967 0.072555 9.99122E-05 9.99122E-05 9.99122E-05 9.99122E-05 0.0228109 0.248676 0.0589207 9.99122E-05 9.99122E-05 9.99122E-05 9.99122E-05 0.177673 0.0175632 9.99122E-05 9.99122E-05 0.179835
0.19696 9.99034E-05 9.99034E-05 9.99034E-05 9.99034E-05 0.147449 9.99034E-05 0.173263 0.088093 9.99034E-05 0.114693 9.99034E-05 9.99034E-05 0.191993 9.99034E-05 9.99034E-05 9.99034E-05 0.0864497
9.98948E-05 9.98948E-05 0.034563 9.98948E-05 9.98948E-05 9.98948E-05 0.00807948 0.615922 9.98948E-05 9.98948E-05 9.98948E-05 9.98948E-05 0.143758 9.98948E-05 9.98948E-05 9.98948E-05 0.143701 0.0527774
0.176988 9.9921E-05 9.9921E-05 9.9921E-05 0.0557785 9.9921E-05 9.9921E-05 0.150272 0.130768 9.9921E-05 9.9921E-05 0.0370902 9.9921E-05 0.0994794 0.0613018 0.120762 9.9921E-05 0.166661
9.99034E-05 0.0400448 0.0157307 9.99034E-05 9.99034E-05 9.99034E-05 9.99034E-05 0.258627 0.216915 9.99034E-05 0.0921827 9.99034E-05 9.99034E-05 0.177286 9.99034E-05 9.99034E-05 9.99034E-05 0.198114
9.98684E-05 9.98684E-05 9.98684E-05 9.98684E-05 9.98684E-05 9.98684E-05 9.98684E-05 0.940308 9.98684E-05 9.98684E-05 9.98684E-05 0.0322529 9.98684E-05 0.0259413 9.98684E-05 9.98684E-05 9.98684E-05 9.98684E-05
9.9886E-05 9.9886E-05 0.048739 9.9886E-05 0.104933 9.9886E-05 9.9886E-05 0.409599 9.9886E-05 9.9886E-05 9.9886E-05 9.9886E-05 9.9886E-05 0.0756347 9.9886E-05 9.9886E-05 0.359796 9.9886E-05
9.99123E-05 0.0376955 9.99123E-05 9.99123E-05 0.0462869 9.99123E-05 9.99123E-05 0.245332 0.333286 0.0752082 0.0178714 9.99123E-05 0.120689 0.122632 9.99123E-05 9.99123E-05 9.99123E-05 9.99123E-05
0.238174 9.9886E-05 0.0642099 9.9886E-05 9.9886E-05 9.9886E-05 9.9886E-05 0.504866 9.9886E-05 9.9886E-05 9.9886E-05 9.9886E-05 0.019948 9.9886E-05 9.9886E-05 9.9886E-05 9.9886E-05 0.171503
9.98859E-05 9.98859E-05 9.98859E-05 9.98859E-05 9.98859E-05 0.00745848 9.98859E-05 0.346658 0.352623 9.98859E-05 9.98859E-05 9.98859E-05 9.98859E-05 9.98859E-05 0.0820946 9.98859E-05 9.98859E-05 0.209867
9.99034E-05 0.134394 0.0266872 9.99034E-05 9.99034E-05 9.99034E-05 9.99034E-05 0.261974 0.174255 9.99034E-05 9.99034E-05 0.0885806 9.99034E-05 0.0387679 9.99034E-05 9.99034E-05 9.99034E-05 0.274242
0.0195244 9.99122E-05 0.00333334 9.99122E-05 9.99122E-05 9.99122E-05 9.99122E-05 0.541109 0.15399 9.99122E-05 0.0133091 9.99122E-05 9.99122E-05 0.0507887 9.99122E-05 9.99122E-05 0.0939829 0.122964
9.99034E-05 9.99034E-05 9.99034E-05 9.99034E-05 9.99034E-05 0.10546 0.186772 0.00245571 0.417455 9.99034E-05 9.99034E-05 0.00604636 9.99034E-05 9.99034E-05 9.99034E-05 0.145424 9.99034E-05 0.135287
9.98948E-05 9.98948E-05 0.0147072 9.98948E-05 9.98948E-05 9.98948E-05 9.98948E-05 0.680562 0.0925758 9.98948E-05 0.112001 9.98948E-05 0.0594738 9.98948E-05 9.98948E-05 9.98948E-05 9.98948E-05 0.0394813
0.136538 9.98947E-05 0.0429668 9.98947E-05 9.98947E-05 9.98947E-05 9.98947E-05 0.520177 0.0907178 9.98947E-05 9.98947E-05 9.98947E-05 9.98947E-05 9.98947E-05 0.00161947 9.98947E-05 9.98947E-05 0.206782
0.0346164 9.99122E-05 0.00669201 0.000434591 9.99122E-05 9.99122E-05 0.040213 0.778072 9.99122E-05 9.99122E-05 9.99122E-05 9.99122E-05 9.99122E-05 0.0535783 0.00183142 9.99122E-05 9.99122E-05 0.083563
0.0785428 0.0615225 0.108036 9.99122E-05 9.99122E-05 9.99122E-05 9.99122E-05 0.620573 0.0517625 9.99122E-05 0.00576546 9.99122E-05 9.99122E-05 0.0214332 9.99122E-05 9.99122E-05 9.99122E-05 0.0513658
0.0275314 9.9921E-05 9.9921E-05 0.00729829 0.0510834 9.9921E-05 0.0303561 0.460648 0.0215924 9.9921E-05 0.0379461 9.9921E-05 9.9921E-05 9.9921E-05 9.9921E-05 9.9921E-05 0.204542 0.158104
0.0826604 9.99034E-05 0.0847828 0.0104484 9.99034E-05 0.0427479 9.99034E-05 0.472949 0.191348 9.99034E-05 9.99034E-05 9.99034E-05 9.99034E-05 9.99034E-05 9.99034E-05 9.99034E-05 9.99034E-05 0.113965
9.99035E-05 9.99035E-05 9.99035E-05 0.027353 9.99035E-05 9.99035E-05 0.13992 0.385583 0.204986 9.99035E-05 0.029808 9.99035E-05 9.99035E-05 9.99035E-05 0.0165586 9.99035E-05 9.99035E-05 0.194693
9.99035E-05 0.0363497 0.00449082 9.99035E-05 9.99035E-05 9.99035E-05 9.99035E-05 0.819062 9.99035E-05 9.99035E-05 0.0205819 9.99035E-05 0.0699614 9.99035E-05 9.99035E-05 0.00565915 9.99035E-05 0.0427962
0.0524447 9.99122E-05 0.0591927 9.99122E-05 9.99122E-05 9.99122E-05 9.99122E-05 0.551547 0.100508 9.99122E-05 0.00416387 0.00642135 9.99122E-05 9.99122E-05 9.99122E-05 9.99122E-05 0.173786 0.050937
9.9886E-05 9.9886E-05 0.0107836 0.039404 9.9886E-05 9.9886E-05 9.9886E-05 0.841079 9.9886E-05 9.9886E-05 0.106239 9.9886E-05 0.00119529 9.9886E-05 9.9886E-05 9.9886E-05 9.9886E-05 9.9886E-05
9.9886E-05 9.9886E-05 9.9886E-05 9.9886E-05 9.9886E-05 9.9886E-05 9.9886E-05 0.642845 9.9886E-05 9.9886E-05 9.9886E-05 0.0961727 0.011948 0.145428 9.9886E-05 9.9886E-05 9.9886E-05 0.102308
9.9921E-05 9.9921E-05 9.9921E-05 9.9921E-05 0.000604211 9.9921E-05 0.020303 0.49939 0.0548701 0.170877 9.9921E-05 0.0160706 0.119275 0.0517755 9.9921E-05 9.9921E-05 9.9921E-05 0.0659352
9.9886E-05 9.9886E-05 9.9886E-05 9.9886E-05 9.9886E-05 0.0794122 0.0065764 0.505605 0.173739 9.9886E-05 9.9886E-05 9.9886E-05 9.9886E-05 9.9886E-05 9.9886E-05 9.9886E-05 9.9886E-05 0.23337
9.98772E-05 9.98772E-05 9.98772E-05 9.98772E-05 9.98772E-05 9.98772E-05 9.98772E-05 0.776478 0.10738 9.98772E-05 9.98772E-05 9.98772E-05 9.98772E-05 9.98772E-05 9.98772E-05 9.98772E-05 0.0922184 0.0225251
0.0176976 9.98947E-05 9.98947E-05 9.98947E-05 9.98947E-05 9.98947E-05 9.98947E-05 0.543358 0.328585 9.98947E-05 9.98947E-05 9.98947E-05 0.0147102 0.0254443 9.98947E-05 9.98947E-05 9.98947E-05 0.0690057
9.98684E-05 9.98684E-05 9.98684E-05 9.98684E-05 9.98684E-05 9.98684E-05 9.98684E-05 0.860318 0.0426103 9.98684E-05 9.98684E-05 9.98684E-05 0.0955741 9.98684E-05 9.98684E-05 9.98684E-05 9.98684E-05 9.98684E-05
0.0730329 9.99123E-05 9.99123E-05 9.99123E-05 9.99123E-05 9.99123E-05 9.99123E-05 0.292979 0.103489 0.00872288 0.082131 9.99123E-05 9.99123E-05 0.0408689 0.138213 9.99123E-05 9.99123E-05 0.259564
9.99035E-05 9.99035E-05 0.0203451 9.99035E-05 9.99035E-05 9.99035E-05 9.99035E-05 0.187469 0.364256 0.108274 0.134519 9.99035E-05 9.99035E-05 9.99035E-05 0.0038624 9.99035E-05 9.99035E-05 0.180175
9.98946E-05 9.98946E-05 9.98946E-05 9.98946E-05 0.0297578 9.98946E-05 9.98946E-05 0.790642 0.0252009 9.98946E-05 0.0465504 0.0483052 9.98946E-05 9.98946E-05 9.98946E-05 9.98946E-05 9.98946E-05 0.0583449
9.9886E-05 9.9886E-05 9.9886E-05 9.9886E-05 9.9886E-05 9.9886E-05 9.9886E-05 0.784364 9.9886E-05 9.9886E-05 0.00779631 9.9886E-05 9.9886E-05 0.0148445 9.9886E-05 0.0476845 9.9886E-05 0.144012
0.193201 9.98684E-05 9.98684E-05 9.98684E-05 9.98684E-05 9.98684E-05 9.98684E-05 0.799669 9.98684E-05 0.00563206 9.98684E-05 9.98684E-05 9.98684E-05 9.98684E-05 9.98684E-05 9.98684E-05 9.98684E-05 9.98684E-05
0.0164699 9.98946E-05 0.0263775 9.98946E-05 9.98946E-05 9.98946E-05 9.98946E-05 0.610376 0.16692 9.98946E-05 0.042844 9.98946E-05 9.98946E-05 9.98946E-05 9.98946E-05 9.98946E-05 9.98946E-05 0.135814
9.99124E-05 9.99124E-05 0.0399185 0.0767149 9.99124E-05 9.99124E-05 9.99124E-05 0.740391 0.0320789 0.0258975 9.99124E-05 0.0350167 9.99124E-05 0.0445938 9.99124E-05 0.0043895 9.99124E-05 9.99124E-05
9.9921E-05 9.9921E-05 0.148562 9.9921E-05 0.0750712 0.0273192 0.0722244 0.262633 0.0436347 9.9921E-05 0.0646721 9.9921E-05 9.9921E-05 0.0863332 9.9921E-05 9.9921E-05 9.9921E-05 0.218651
9.98947E-05 9.98947E-05 9.98947E-05 9.98947E-05 9.98947E-05 0.0143235 9.98947E-05 0.605401 0.208845 0.0335087 0.0526752 9.98947E-05 9.98947E-05 9.98947E-05 0.0840473 9.98947E-05 9.98947E-05 9.98947E-05
9.9886E-05 0.00600505 9.9886E-05 9.9886E-05 9.9886E-05 9.9886E-05 9.9886E-05 0.897716 9.9886E-05 9.9886E-05 9.9886E-05 9.9886E-05 0.00966274 9.9886E-05 9.9886E-05 0.0580606 9.9886E-05 0.0272572
0.151951 9.99035E-05 9.99035E-05 0.0516136 9.99035E-05 0.210166 9.99035E-05 0.513917 9.99035E-05 9.99035E-05 9.99035E-05 0.0017399 9.99035E-05 9.99035E-05 9.99035E-05 0.0331738 9.99035E-05 0.0363393
0.00565123 0.128223 9.9886E-05 9.9886E-05 9.9886E-05 9.9886E-05 9.9886E-05 0.733812 9.9886E-05 0.00858506 9.9886E-05 9.9886E-05 9.9886E-05 9.9886E-05 9.9886E-05 9.9886E-05 9.9886E-05 0.12243
0.0967096 9.98948E-05 9.98948E-05 9.98948E-05 0.0933076 9.98948E-05 0.0716964 0.685164 9.98948E-05 0.00280515 9.98948E-05 0.0491182 9.98948E-05 9.98948E-05 9.98948E-05 9.98948E-05 9.98948E-05 9.98948E-05
9.98947E-05 9.98947E-05 9.98947E-05 9.98947E-05 9.98947E-05 9.98947E-05 9.98947E-05 0.60284 0.00470206 9.98947E-05 9.98947E-05 9.98947E-05 9.98947E-05 0.10392 9.98947E-05 0.0683549 0.157626 0.0613591
9.98772E-05 9.98772E-05 0.0633499 9.98772E-05 9.98772E-05 9.98772E-05 9.98772E-05 0.755706 9.98772E-05 9.98772E-05 0.0745218 9.98772E-05 9.98772E-05 9.98772E-05 9.98772E-05 9.98772E-05 9.98772E-05 0.105024
9.99008E-05 9.99008E-05 0.00981324 0.0879816 9.99008E-05 9.99008E-05 9.99008E-05 0.83239 9.99008E-05 9.99008E-05 0.0150077 9.99008E-05 9.99008E-05 0.0172723 9.99008E-05 9.99008E-05 9.99008E-05 0.0363367
0.669717 9.98946E-05 0.0606118 9.98946E-05 9.98946E-05 9.98946E-05 9.98946E-05 9.98946E-05 9.98946E-05 9.98946E-05 9.98946E-05 9.98946E-05 0.0600746 0.0321428 9.98946E-05 9.98946E-05 0.0370084 0.139246
0.953495 9.98597E-05 9.98597E-05 9.98597E-05 9.98597E-05 9.98597E-05 9.98597E-05 9.98597E-05 9.98597E-05 9.98597E-05 0.0449073 9.98597E-05 9.98597E-05 9.98597E-05 9.98597E-05 9.98597E-05 9.98597E-05 9.98597E-05
0.909861 9.98595E-05 9.98595E-05 9.98595E-05 9.98595E-05 9.98595E-05 9.98595E-05 9.98595E-05 9.98595E-05 9.98595E-05 9.98595E-05 9.98595E-05 9.98595E-05 9.98595E-05 9.98595E-05 0.0885414 9.98595E-05 9.98595E-05
0.293328 9.98947E-05 9.98947E-05 0.105864 9.98947E-05 9.98947E-05 9.98947E-05 9.98947E-05 9.98947E-05 9.98947E-05 9.98947E-05 9.98947E-05 0.353813 0.161308 9.98947E-05 0.0618142 9.98947E-05 0.022673
0.62685 9.99033E-05 9.99033E-05 9.99033E-05 9.99033E-05 0.074411 9.99033E-05 9.99033E-05 0.0732081 0.00870171 9.99033E-05 0.0918113 9.99033E-05 0.0757523 9.99033E-05 0.0481664 9.99033E-05 9.99033E-05
0.610187 9.98857E-05 9.98857E-05 9.98857E-05 9.98857E-05 9.98857E-05 9.98857E-05 9.98857E-05 0.0870756 9.98857E-05 9.98857E-05 9.98857E-05 0.00864971 0.0855638 9.98857E-05 9.98857E-05 9.98857E-05 0.207225
0.483634 9.98945E-05 0.0468958 9.98945E-05 9.98945E-05 9.98945E-05 9.98945E-05 9.98945E-05 9.98945E-05 9.98945E-05 9.98945E-05 9.98945E-05 0.136391 0.114334 9.98945E-05 9.98945E-05 0.152176 0.0653707
0.501766 9.9912E-05 0.0352721 0.0425775 9.9912E-05 9.9912E-05 9.9912E-05 9.9912E-05 9.9912E-05 9.9912E-05 0.00100207 9.9912E-05 0.089411 0.127235 9.9912E-05 0.048311 9.9912E-05 0.153426
0.929035 9.98771E-05 9.98771E-05 9.98771E-05 9.98771E-05 9.98771E-05 9.98771E-05 9.98771E-05 0.0149348 9.98771E-05 9.98771E-05 9.98771E-05 0.00381733 9.98771E-05 0.0508143 9.98771E-05 9.98771E-05 9.98771E-05
0.951635 9.98595E-05 0.0467674 9.98595E-05 9.98595E-05 9.98595E-05 9.98595E-05 9.98595E-05 9.98595E-05 9.98595E-05 9.98595E-05 9.98595E-05 9.98595E-05 9.98595E-05 9.98595E-05 9.98595E-05 9.98595E-05 9.98595E-05
0.475152 9.98769E-05 0.142263 9.98769E-05 9.98769E-05 9.98769E-05 9.98769E-05 9.98769E-05 9.98769E-05 9.98769E-05 9.98769E-05 9.98769E-05 9.98769E-05 0.0833267 9.98769E-05 9.98769E-05 9.98769E-05 0.29786
0.234673 0.0418966 0.0711767 0.0379439 9.99298E-05 0.0194207 9.99298E-05 9.99298E-05 0.151001 9.99298E-05 0.0821298 9.99298E-05 0.212054 9.99298E-05 9.99298E-05 0.0721466 9.99298E-05 0.0767593
0.408424 9.99209E-05 0.0813821 0.0332998 0.164627 0.0228845 9.99209E-05 9.99209E-05 0.0568602 9.99209E-05 0.0220105 9.99209E-05 9.99209E-05 0.159388 9.99209E-05 0.0502245 9.99209E-05 9.99209E-05
0.45187 0.00237671 9.98946E-05 9.98946E-05 0.0509602 9.98946E-05 9.98946E-05 9.98946E-05 0.197347 9.98946E-05 9.98946E-05 9.98946E-05 0.0606054 9.98946E-05 9.98946E-05 9.98946E-05 9.98946E-05 0.235642
0.906172 9.98686E-05 9.98686E-05 9.98686E-05 9.98686E-05 9.98686E-05 9.98686E-05 9.98686E-05 9.98686E-05 0.0737509 9.98686E-05 9.98686E-05 9.98686E-05 9.98686E-05 0.0185787 9.98686E-05 9.98686E-05 9.98686E-05
0.831526 9.98684E-05 9.98684E-05 9.98684E-05 9.98684E-05 9.98684E-05 9.98684E-05 9.98684E-05 9.98684E-05 9.98684E-05 9.98684E-05 9.98684E-05 9.98684E-05 0.063011 9.98684E-05 9.98684E-05 0.103965 9.98684E-05
0.733483 9.98769E-05 9.98769E-05 0.0828879 9.98769E-05 9.98769E-05 9.98769E-05 9.98769E-05 9.98769E-05 9.98769E-05 9.98769E-05 9.98769E-05 9.98769E-05 9.98769E-05 9.98769E-05 0.143459 9.98769E-05 0.0387714
0.615305 9.98858E-05 0.114088 9.98858E-05 9.98858E-05 9.98858E-05 9.98858E-05 9.98858E-05 0.101016 9.98858E-05 0.133963 9.98858E-05 9.98858E-05 0.0343294 9.98858E-05 9.98858E-05 9.98858E-05 9.98858E-05
0.821283 9.98771E-05 9.98771E-05 9.98771E-05 9.98771E-05 9.98771E-05 9.98771E-05 9.98771E-05 9.98771E-05 9.98771E-05 0.0772434 9.98771E-05 9.98771E-05 9.98771E-05 9.98771E-05 0.0968965 9.98771E-05 0.00317869
0.599858 0.00942046 0.0294933 9.98945E-05 9.98945E-05 0.111277 9.98945E-05 9.98945E-05 9.98945E-05 9.98945E-05 9.98945E-05 0.0122206 9.98945E-05 9.98945E-05 9.98945E-05 9.98945E-05 9.98945E-05 0.236531
0.958423 9.98686E-05 9.98686E-05 0.00329016 9.98686E-05 9.98686E-05 9.98686E-05 9.98686E-05 9.98686E-05 0.0367888 9.98686E-05 9.98686E-05 9.98686E-05 9.98686E-05 9.98686E-05 9.98686E-05 9.98686E-05 9.98686E-05
0.501035 0.00558817 9.98945E-05 0.02093 9.98945E-05 9.98945E-05 9.98945E-05 9.98945E-05 0.383315 9.98945E-05 9.98945E-05 9.98945E-05 9.98945E-05 9.98945E-05 9.98945E-05 0.0102726 9.98945E-05 0.07766
0.707506 0.013826 9.99034E-05 9.99034E-05 9.99034E-05 9.99034E-05 0.0696969 9.99034E-05 0.0994924 9.99034E-05 9.99034E-05 0.00630161 0.0315891 9.99034E-05 9.99034E-05 9.99034E-05 9.99034E-05 0.070489
0.617041 9.99122E-05 9.99122E-05 0.0147198 0.0536675 9.99122E-05 9.99122E-05 9.99122E-05 9.99122E-05 9.99122E-05 0.159966 9.99122E-05 9.99122E-05 0.0545002 0.00903602 0.0639927 9.99122E-05 0.0260776
0.819007 9.98769E-05 0.134003 9.98769E-05 9.98769E-05 9.98769E-05 9.98769E-05 9.98769E-05 9.98769E-05 9.98769E-05 9.98769E-05 9.98769E-05 9.98769E-05 0.00679557 9.98769E-05 9.98769E-05 9.98769E-05 0.0387961
0.973452 9.98685E-05 9.98685E-05 9.98685E-05 9.98685E-05 9.98685E-05 9.98685E-05 9.98685E-05 9.98685E-05 9.98685E-05 9.98685E-05 9.98685E-05 9.98685E-05 0.0245451 9.98685E-05 9.98685E-05 9.98685E-05 0.000504496
0.998303 9.98508E-05 9.98508E-05 9.98508E-05 9.98508E-05 9.98508E-05 9.98508E-05 9.98508E-05 9.98508E-05 9.98508E-05 9.98508E-05 9.98508E-05 9.98508E-05 9.98508E-05 9.98508E-05 9.98508E-05 9.98508E-05 9.98508E-05
0.998303 9.98508E-05 9.98508E-05 9.98508E-05 9.98508E-05 9.98508E-05 9.98508E-05 9.98508E-05 9.98508E-05 9.98508E-05 9.98508E-05 9.98508E-05 9.98508E-05 9.98508E-05 9.98508E-05 9.98508E-05 9.98508E-05 9.98508E-05
0.75743 9.98771E-05 9.98771E-05 9.98771E-05 9.98771E-05 9.98771E-05 9.98771E-05 9.98771E-05 0.0228507 9.98771E-05 9.98771E-05 9.98771E-05 9.98771E-05 9.98771E-05 9.98771E-05 0.15425 9.98771E-05 0.0640711
0.617158 9.99036E-05 9.99036E-05 9.99036E-05 0.0225177 9.99036E-05 0.0443025 0.0434031 9.99036E-05 0.0051716 9.99036E-05 9.99036E-05 9.99036E-05 0.101147 9.99036E-05 9.99036E-05 9.99036E-05 0.165201
9.9877E-05 9.9877E-05 9.9877E-05 9.9877E-05 0.010401 9.9877E-05 0.597729 9.9877E-05 9.9877E-05 9.9877E-05 9.9877E-05 9.9877E-05 9.9877E-05 0.172742 9.9877E-05 9.9877E-05 9.9877E-05 0.21773
9.98686E-05 9.98686E-05 9.98686E-05 9.98686E-05 9.98686E-05 9.98686E-05 0.933174 9.98686E-05 9.98686E-05 9.98686E-05 9.98686E-05 9.98686E-05 9.98686E-05 0.0239772 9.98686E-05 9.98686E-05 9.98686E-05 0.0413503
9.99033E-05 0.0238082 0.014717 9.99033E-05 9.99033E-05 9.99033E-05 0.627629 9.99033E-05 0.0762422 0.0633421 9.99033E-05 9.99033E-05 9.99033E-05 0.00356349 9.99033E-05 9.99033E-05 9.99033E-05 0.189599
9.98945E-05 9.98945E-05 0.0609444 9.98945E-05 9.98945E-05 9.98945E-05 0.502089 9.98945E-05 9.98945E-05 0.00711162 9.98945E-05 9.98945E-05 9.98945E-05 0.131145 9.98945E-05 0.0377372 9.98945E-05 0.259774
9.98944E-05 9.98944E-05 9.98944E-05 9.98944E-05 9.98944E-05 9.98944E-05 0.589521 9.98944E-05 9.98944E-05 0.123844 9.98944E-05 0.054736 9.98944E-05 0.147629 9.98944E-05 0.0536464 9.98944E-05 0.0294253
9.98859E-05 9.98859E-05 9.98859E-05 9.98859E-05 9.98859E-05 9.98859E-05 0.536231 9.98859E-05 9.98859E-05 9.98859E-05 0.0344457 9.98859E-05 0.00773951 0.200031 9.98859E-05 9.98859E-05 9.98859E-05 0.220254
9.99121E-05 9.99121E-05 0.0865648 9.99121E-05 9.99121E-05 0.000435153 0.522933 9.99121E-05 0.0774598 0.0337431 9.99121E-05 9.99121E-05 9.99121E-05 0.124917 9.99121E-05 0.00226204 9.99121E-05 0.150686
9.99034E-05 9.99034E-05 0.00153979 9.99034E-05 9.99034E-05 9.99034E-05 0.554966 9.99034E-05 0.0335018 9.99034E-05 9.99034E-05 9.99034E-05 9.99034E-05 0.276398 9.99034E-05 0.024217 0.0420309 0.0662477
9.98945E-05 0.0752649 0.00917688 9.98945E-05 9.98945E-05 9.98945E-05 0.138388 9.98945E-05 9.98945E-05 9.98945E-05 9.98945E-05 9.98945E-05 0.269335 0.43484 9.98945E-05 9.98945E-05 9.98945E-05 0.0717965
9.98858E-05 0.0821791 9.98858E-05 9.98858E-05 9.98858E-05 9.98858E-05 0.322352 9.98858E-05 0.0621003 9.98858E-05 9.98858E-05 9.98858E-05 9.98858E-05 0.209884 9.98858E-05 9.98858E-05 9.98858E-05 0.322186
9.98772E-05 9.98772E-05 0.0295607 9.98772E-05 9.98772E-05 9.98772E-05 0.563749 9.98772E-05 9.98772E-05 9.98772E-05 9.98772E-05 9.98772E-05 0.345045 9.98772E-05 9.98772E-05 9.98772E-05 9.98772E-05 0.0602468
9.98771E-05 9.98771E-05 0.0550267 9.98771E-05 9.98771E-05 9.98771E-05 0.661375 9.98771E-05 9.98771E-05 9.98771E-05 9.98771E-05 9.98771E-05 0.156138 9.98771E-05 9.98771E-05 9.98771E-05 9.98771E-05 0.126061
9.98946E-05 9.98946E-05 0.00793199 9.98946E-05 9.98946E-05 9.98946E-05 0.781903 9.98946E-05 9.98946E-05 0.0363686 0.0220009 9.98946E-05 9.98946E-05 0.148251 9.98946E-05 0.00234608 9.98946E-05 9.98946E-05
9.98947E-05 9.98947E-05 9.98947E-05 0.0191085 9.98947E-05 9.98947E-05 0.43996 9.98947E-05 9.98947E-05 9.98947E-05 9.98947E-05 9.98947E-05 0.0140696 0.170617 0.104482 9.98947E-05 9.98947E-05 0.250565
9.99122E-05 9.99122E-05 9.99122E-05 9.99122E-05 9.99122E-05 0.0866275 0.619643 9.99122E-05 9.99122E-05 0.0431551 0.0434698 0.0135421 9.99122E-05 0.0831364 9.99122E-05 0.098811 9.99122E-05 0.010616
9.9921E-05 9.9921E-05 0.0355038 0.00933682 9.9921E-05 9.9921E-05 0.529805 9.9921E-05 9.9921E-05 0.0273948 0.0639943 0.0372948 0.112837 0.0218602 9.9921E-05 9.9921E-05 9.9921E-05 0.161074
9.98858E-05 9.98858E-05 9.98858E-05 9.98858E-05 9.98858E-05 9.98858E-05 0.496929 9.98858E-05 0.0106794 9.98858E-05 9.98858E-05 0.113075 0.24036 9.98858E-05 9.98858E-05 9.98858E-05 9.98858E-05 0.137658
9.99035E-05 9.99035E-05 0.00337277 0.0754844 0.0108136 9.99035E-05 0.556804 9.99035E-05 0.122015 0.0259458 9.99035E-05 9.99035E-05 9.99035E-05 0.204465 9.99035E-05 9.99035E-05 9.99035E-05 9.99035E-05
9.98946E-05 9.98946E-05 0.0563708 9.98946E-05 0.0446468 9.98946E-05 0.807499 9.98946E-05 0.0194166 9.98946E-05 9.98946E-05 9.98946E-05 0.0121799 0.0586887 9.98946E-05 9.98946E-05 9.98946E-05 9.98946E-05
0.0852177 9.99035E-05 0.00570113 9.99035E-05 9.99035E-05 9.99035E-05 0.433096 9.99035E-05 9.99035E-05 9.99035E-05 0.0432008 9.99035E-05 9.99035E-05 0.127425 9.99035E-05 9.99035E-05 0.194417 0.109844
9.98946E-05 9.98946E-05 9.98946E-05 9.98946E-05 9.98946E-05 9.98946E-05 0.571807 9.98946E-05 9.98946E-05 0.0355465 0.029493 9.98946E-05 0.158525 0.0983208 9.98946E-05 9.98946E-05 9.98946E-05 0.105109
9.98857E-05 9.98857E-05 0.0459959 9.98857E-05 9.98857E-05 9.98857E-05 0.672437 9.98857E-05 9.98857E-05 9.98857E-05 9.98857E-05 9.98857E-05 9.98857E-05 0.118038 9.98857E-05 0.0575177 9.98857E-05 0.104713
9.98946E-05 9.98946E-05 9.98946E-05 9.98946E-05 0.0650214 9.98946E-05 0.200491 9.98946E-05 9.98946E-05 9.98946E-05 9.98946E-05 0.098911 0.0232691 0.27532 9.98946E-05 9.98946E-05 9.98946E-05 0.335789
9.98858E-05 0.033336 9.98858E-05 9.98858E-05 9.98858E-05 9.98858E-05 0.691896 9.98858E-05 9.98858E-05 0.0433971 9.98858E-05 9.98858E-05 9.98858E-05 0.181397 9.98858E-05 9.98858E-05 9.98858E-05 0.0486755
9.99034E-05 9.99034E-05 9.99034E-05 9.99034E-05 0.00996076 9.99034E-05 0.212724 9.99034E-05 9.99034E-05 0.0179486 9.99034E-05 0.0931717 0.0466381 0.309418 9.99034E-05 9.99034E-05 9.99034E-05 0.30904
0.104362 9.9886E-05 9.9886E-05 9.9886E-05 9.9886E-05 9.9886E-05 0.569036 9.9886E-05 9.9886E-05 9.9886E-05 9.9886E-05 9.9886E-05 0.0416716 0.137446 9.9886E-05 9.9886E-05 9.9886E-05 0.146186
0.0154806 9.98948E-05 9.98948E-05 9.98948E-05 9.98948E-05 9.98948E-05 0.736839 0.0377232 9.98948E-05 0.0172078 9.98948E-05 9.98948E-05 9.98948E-05 9.98948E-05 0.148676 9.98948E-05 9.98948E-05 0.0428747
9.98944E-05 9.98944E-05 9.98944E-05 9.98944E-05 9.98944E-05 9.98944E-05 0.487226 9.98944E-05 0.0614824 9.98944E-05 0.0411979 0.0673399 9.98944E-05 0.161981 9.98944E-05 9.98944E-05 9.98944E-05 0.179574
9.98771E-05 9.98771E-05 9.98771E-05 9.98771E-05 9.98771E-05 9.98771E-05 0.395916 9.98771E-05 9.98771E-05 9.98771E-05 9.98771E-05 9.98771E-05 0.052627 0.330046 9.98771E-05 9.98771E-05 9.98771E-05 0.220013
9.98946E-05 9.98946E-05 0.0204419 9.98946E-05 9.98946E-05 9.98946E-05 0.631567 9.98946E-05 9.98946E-05 0.151128 9.98946E-05 0.0228012 9.98946E-05 0.0127213 9.98946E-05 9.98946E-05 9.98946E-05 0.160141
9.98947E-05 9.98947E-05 0.00265453 9.98947E-05 9.98947E-05 0.0625316 0.580773 9.98947E-05 9.98947E-05 9.98947E-05 9.98947E-05 9.98947E-05 0.0272872 0.0747313 9.98947E-05 9.98947E-05 9.98947E-05 0.250823
9.98945E-05 9.98945E-05 0.0316773 9.98945E-05 9.98945E-05 0.105054 0.709777 9.98945E-05 9.98945E-05 9.98945E-05 9.98945E-05 0.0303937 9.98945E-05 0.018978 9.98945E-05 9.98945E-05 9.98945E-05 0.102921
9.98858E-05 9.98858E-05 9.98858E-05 9.98858E-05 9.98858E-05 9.98858E-05 0.203329 9.98858E-05 9.98858E-05 0.186179 9.98858E-05 0.147775 9.98858E-05 0.320335 9.98858E-05 9.98858E-05 9.98858E-05 0.141083
9.98945E-05 0.0286454 9.98945E-05 9.98945E-05 9.98945E-05 9.98945E-05 0.514839 9.98945E-05 0.228921 9.98945E-05 9.98945E-05 0.00486375 9.98945E-05 0.0759103 9.98945E-05 9.98945E-05 9.98945E-05 0.145621
9.98858E-05 9.98858E-05 9.98858E-05 9.98858E-05 9.98858E-05 9.98858E-05 0.754002 9.98858E-05 0.0213097 9.98858E-05 9.98858E-05 9.98858E-05 9.98858E-05 0.0176386 9.98858E-05 0.00456068 9.98858E-05 0.20119
9.99034E-05 9.99034E-05 0.0587231 9.99034E-05 9.99034E-05 0.0762825 0.679083 9.99034E-05 0.017658 9.99034E-05 0.0387536 9.99034E-05 0.0344849 0.0939158 9.99034E-05 9.99034E-05 9.99034E-05 9.99034E-05
9.98945E-05 9.98945E-05 0.0596689 9.98945E-05 9.98945E-05 9.98945E-05 0.389943 9.98945E-05 9.98945E-05 0.00587014 9.98945E-05 9.98945E-05 9.98945E-05 0.153377 9.98945E-05 0.0838653 9.98945E-05 0.306077
9.98684E-05 9.98684E-05 9.98684E-05 9.98684E-05 9.98684E-05 9.98684E-05 0.875443 9.98684E-05 9.98684E-05 0.00409999 9.98684E-05 9.98684E-05 9.98684E-05 0.118959 9.98684E-05 9.98684E-05 9.98684E-05 9.98684E-05
9.9886E-05 9.9886E-05 0.0099653 9.9886E-05 9.9886E-05 9.9886E-05 0.775157 9.9886E-05 9.9886E-05 9.9886E-05 9.9886E-05 9.9886E-05 9.9886E-05 0.0261972 9.9886E-05 0.00417348 9.9886E-05 0.183208
9.98685E-05 9.98685E-05 9.98685E-05 9.98685E-05 9.98685E-05 9.98685E-05 0.944474 9.98685E-05 9.98685E-05 0.0307885 9.98685E-05 9.98685E-05 9.98685E-05 0.0232392 9.98685E-05 9.98685E-05 9.98685E-05 9.98685E-05
9.98685E-05 9.98685E-05 9.98685E-05 9.98685E-05 9.98685E-05 9.98685E-05 0.923882 9.98685E-05 9.98685E-05 9.98685E-05 9.98685E-05 9.98685E-05 0.0720678 0.00255202 9.98685E-05 9.98685E-05 9.98685E-05 9.98685E-05
9.98858E-05 9.98858E-05 9.98858E-05 9.98858E-05 0.097711 9.98858E-05 0.32615 9.98858E-05 9.98858E-05 9.98858E-05 9.98858E-05 9.98858E-05 0.0286133 0.155562 9.98858E-05 9.98858E-05 9.98858E-05 0.390665
9.99034E-05 0.0167926 9.99034E-05 9.99034E-05 9.99034E-05 9.99034E-05 0.550377 9.99034E-05 0.0985839 0.0586432 9.99034E-05 9.99034E-05 0.0306469 0.209904 9.99034E-05 9.99034E-05 9.99034E-05 0.0339533
9.98861E-05 9.98861E-05 9.98861E-05 9.98861E-05 9.98861E-05 9.98861E-05 0.815427 0.00584801 9.98861E-05 9.98861E-05 9.98861E-05 0.0247196 9.98861E-05 0.105182 9.98861E-05 9.98861E-05 9.98861E-05 0.0475251
9.98685E-05 0.0152058 9.98685E-05 9.98685E-05 9.98685E-05 9.98685E-05 0.887877 9.98685E-05 9.98685E-05 9.98685E-05 9.98685E-05 9.98685E-05 9.98685E-05 9.98685E-05 9.98685E-05 9.98685E-05 9.98685E-05 0.0954191
9.99209E-05 9.99209E-05 9.99209E-05 9.99209E-05 9.99209E-05 9.99209E-05 0.272876 9.99209E-05 0.0862361 0.0115887 9.99209E-05 0.138054 0.142087 0.218498 9.99209E-05 0.0324511 0.0424266 0.0548836
0.288659 9.98946E-05 0.0445391 9.98946E-05 9.98946E-05 9.98946E-05 0.451609 9.98946E-05 9.98946E-05 9.98946E-05 9.98946E-05 9.98946E-05 9.98946E-05 0.0671818 9.98946E-05 0.0201439 9.98946E-05 0.126668
9.99036E-05 9.99036E-05 9.99036E-05 9.99036E-05 9.99036E-05 0.0308688 0.401892 9.99036E-05 0.0732961 9.99036E-05 9.99036E-05 9.99036E-05 0.11137 0.227744 0.114975 9.99036E-05 9.99036E-05 0.0387545
9.98947E-05 9.98947E-05 9.98947E-05 9.98947E-05 9.98947E-05 9.98947E-05 0.20982 9.98947E-05 0.149173 0.0181973 9.98947E-05 0.0321916 9.98947E-05 0.342848 9.98947E-05 9.98947E-05 9.98947E-05 0.246571
9.98685E-05 9.98685E-05 9.98685E-05 9.98685E-05 9.98685E-05 9.98685E-05 0.945186 9.98685E-05 9.98685E-05 0.00081195 9.98685E-05 9.98685E-05 9.98685E-05 9.98685E-05 9.98685E-05 9.98685E-05 9.98685E-05 0.0525039
9.98946E-05 9.98946E-05 9.98946E-05 0.0427813 9.98946E-05 9.98946E-05 0.411068 9.98946E-05 9.98946E-05 9.98946E-05 0.238054 9.98946E-05 9.98946E-05 0.0894173 9.98946E-05 9.98946E-05 0.00258488 0.214895
0.0382498 9.98773E-05 9.98773E-05 9.98773E-05 9.98773E-05 9.98773E-05 0.814745 9.98773E-05 9.98773E-05 9.98773E-05 9.98773E-05 9.98773E-05 0.043575 0.102032 9.98773E-05 9.98773E-05 9.98773E-05 9.98773E-05
9.98773E-05 9.98773E-05 9.98773E-05 9.98773E-05 9.98773E-05 9.98773E-05 0.629437 9.98773E-05 9.98773E-05 9.98773E-05 9.98773E-05 9.98773E-05 9.98773E-05 0.118474 9.98773E-05 0.0389717 9.98773E-05 0.21172
9.99209E-05 9.99209E-05 9.99209E-05 0.0306311 9.99209E-05 0.050789 0.625446 9.99209E-05 9.99209E-05 0.0238603 0.0207077 9.99209E-05 0.0457882 0.122262 9.99209E-05 0.0341856 9.99209E-05 0.0454307
9.99033E-05 9.99033E-05 0.0175286 0.059084 9.99033E-05 9.99033E-05 0.648266 9.99033E-05 0.0342135 9.99033E-05 0.139975 9.99033E-05 9.99033E-05 0.0267974 9.99033E-05 9.99033E-05 9.99033E-05 0.0730372
9.98858E-05 9.98858E-05 9.98858E-05 9.98858E-05 9.98858E-05 9.98858E-05 0.248687 9.98858E-05 9.98858E-05 9.98858E-05 9.98858E-05 9.98858E-05 0.164381 0.235935 9.98858E-05 9.98858E-05 0.0874805 0.262219
9.98858E-05 0.00128605 9.98858E-05 9.98858E-05 9.98858E-05 9.98858E-05 0.561758 9.98858E-05 9.98858E-05 0.0183434 9.98858E-05 9.98858E-05 9.98858E-05 0.2275 9.98858E-05 9.98858E-05 9.98858E-05 0.189814
9.99033E-05 9.99033E-05 0.0879151 9.99033E-05 9.99033E-05 0.0247048 0.630208 9.99033E-05 9.99033E-05 0.0440976 9.99033E-05 0.0311745 9.99033E-05 0.106418 9.99033E-05 9.99033E-05 9.99033E-05 0.0743826
9.98771E-05 9.98771E-05 9.98771E-05 9.98771E-05 9.98771E-05 9.98771E-05 0.696363 9.98771E-05 9.98771E-05 9.98771E-05 9.98771E-05 0.148591 9.98771E-05 0.0169246 9.98771E-05 9.98771E-05 9.98771E-05 0.136723
9.98771E-05 9.98771E-05 9.98771E-05 9.98771E-05 9.98771E-05 9.98771E-05 0.682082 9.98771E-05 9.98771E-05 9.98771E-05 9.98771E-05 9.98771E-05 0.0343637 0.257368 9.98771E-05 9.98771E-05 9.98771E-05 0.0247882
9.98505E-05 9.98505E-05 9.98505E-05 9.98505E-05 9.98505E-05 9.98505E-05 9.98505E-05 9.98505E-05 9.98505E-05 9.98505E-05 9.98505E-05 9.98505E-05 9.98505E-05 9.98505E-05 9.98505E-05 9.98505E-05 9.98505E-05 0.998303
9.98506E-05 9.98506E-05 9.98506E-05 9.98506E-05 9.98506E-05 9.98506E-05 9.98506E-05 9.98506E-05 9.98506E-05 9.98506E-05 9.98506E-05 9.98506E-05 9.98506E-05 0.998303 9.98506E-05 9.98506E-05 9.98506E-05 9.98506E-05
9.98504E-05 9.98504E-05 9.98504E-05 9.98504E-05 9.98504E-05 9.98504E-05 9.98504E-05 9.98504E-05 9.98504E-05 9.98504E-05 9.98504E-05 9.98504E-05 9.98504E-05 9.98504E-05 9.98504E-05 9.98504E-05 9.98504E-05 0.998303
9.98504E-05 9.98504E-05 9.98504E-05 9.98504E-05 9.98504E-05 9.98504E-05 9.98504E-05 9.98504E-05 9.98504E-05 9.98504E-05 9.98504E-05 9.98504E-05 9.98504E-05 0.998303 9.98504E-05 9.98504E-05 9.98504E-05 9.98504E-05
9.98505E-05 9.98505E-05 9.98505E-05 9.98505E-05 9.98505E-05 9.98505E-05 9.98505E-05 9.98505E-05 9.98505E-05 9.98505E-05 9.98505E-05 9.98505E-05 9.98505E-05 0.998303 9.98505E-05 9.98505E-05 9.98505E-05 9.98505E-05
9.98505E-05 9.98505E-05 9.98505E-05 9.98505E-05 9.98505E-05 9.98505E-05 9.98505E-05 9.98505E-05 9.98505E-05 9.98505E-05 9.98505E-05 9.98505E-05 9.98505E-05 0.998303 9.98505E-05 9.98505E-05 9.98505E-05 9.98505E-05
9.98505E-05 9.98505E-05 9.98505E-05 9.98505E-05 9.98505E-05 9.98505E-05 9.98505E-05 9.98505E-05 9.98505E-05 9.98505E-05 9.98505E-05 9.98505E-05 9.98505E-05 9.98505E-05 9.98505E-05 9.98505E-05 9.98505E-05 0.998303
9.98505E-05 9.98505E-05 9.98505E-05 9.98505E-05 9.98505E-05 9.98505E-05 9.98505E-05 9.98505E-05 9.98505E-05 9.98505E-05 9.98505E-05 9.98505E-05 9.98505E-05 0.998303 9.98505E-05 9.98505E-05 9.98505E-05 9.98505E-05
9.98505E-05 9.98505E-05 9.98505E-05 9.98505E-05 9.98505E-05 9.98505E-05 9.98505E-05 9.98505E-05 9.98505E-05 9.98505E-05 9.98505E-05 9.98505E-05 9.98505E-05 0.998303 9.98505E-05 9.98505E-05 9.98505E-05 9.98505E-05
9.98504E-05 9.98504E-05 9.98504E-05 9.98504E-05 9.98504E-05 9.98504E-05 9.98504E-05 9.98504E-05 9.98504E-05 9.98504E-05 9.98504E-05 9.98504E-05 9.98504E-05 9.98504E-05 9.98504E-05 9.98504E-05 9.98504E-05 0.998303
9.98505E-05 9.98505E-05 9.98505E-05 9.98505E-05 9.98505E-05 9.98505E-05 9.98505E-05 9.98505E-05 9.98505E-05 9.98505E-05 9.98505E-05 9.98505E-05 9.98505E-05 9.98505E-05 9.98505E-05 9.98505E-05 9.98505E-05 0.998303
9.98504E-05 9.98504E-05 9.98504E-05 9.98504E-05 9.98504E-05 9.98504E-05 9.98504E-05 9.98504E-05 9.98504E-05 9.98504E-05 9.98504E-05 9.98504E-05 9.98504E-05 9.98504E-05 9.98504E-05 9.98504E-05 9.98504E-05 0.998303
9.98505E-05 9.98505E-05 9.98505E-05 9.98505E-05 9.98505E-05 9.98505E-05 9.98505E-05 9.98505E-05 9.98505E-05 9.98505E-05 9.98505E-05 9.98505E-05 9.98505E-05 0.998303 9.98505E-05 9.98505E-05 9.98505E-05 9.98505E-05
9.98505E-05 9.98505E-05 9.98505E-05 9.98505E-05 9.98505E-05 9.98505E-05 9.98505E-05 9.98505E-05 9.98505E-05 9.98505E-05 9.98505E-05 9.98505E-05 9.98505E-05 0.998303 9.98505E-05 9.98505E-05 9.98505E-05 9.98505E-05
9.98505E-05 9.98505E-05 9.98505E-05 9.98505E-05 9.98505E-05 9.98505E-05 9.98505E-05 9.98505E-05 9.98505E-05 9.98505E-05 9.98505E-05 9.98505E-05 9.98505E-05 9.98505E-05 9.98505E-05 9.98505E-05 9.98505E-05 0.998303
9.98504E-05 9.98504E-05 9.98504E-05 9.98504E-05 9.98504E-05 9.98504E-05 9.98504E-05 9.98504E-05 9.98504E-05 9.98504E-05 9.98504E-05 9.98504E-05 9.98504E-05 9.98504E-05 9.98504E-05 9.98504E-05 9.98504E-05 0.998303
9.99121E-05 9.99121E-05 9.99121E-05 0.0592013 9.99121E-05 9.99121E-05 0.286272 9.99121E-05 9.99121E-05 9.99121E-05 0.175286 0.013896 0.0367148 0.12801 0.129062 9.99121E-05 9.99121E-05 0.170558
9.98594E-05 9.98594E-05 9.98594E-05 9.98594E-05 9.98594E-05 9.98594E-05 9.98594E-05 9.98594E-05 9.98594E-05 9.98594E-05 9.98594E-05 0.0450576 9.98594E-05 9.98594E-05 9.98594E-05 9.98594E-05 9.98594E-05 0.953345
9.98506E-05 9.98506E-05 9.98506E-05 9.98506E-05 9.98506E-05 9.98506E-05 9.98506E-05 9.98506E-05 9.98506E-05 9.98506E-05 9.98506E-05 9.98506E-05 9.98506E-05 0.998303 9.98506E-05 9.98506E-05 9.98506E-05 9.98506E-05
9.98505E-05 9.98505E-05 9.98505E-05 9.98505E-05 9.98505E-05 9.98505E-05 9.98505E-05 9.98505E-05 9.98505E-05 9.98505E-05 9.98505E-05 9.98505E-05 9.98505E-05 9.98505E-05 9.98505E-05 9.98505E-05 9.98505E-05 0.998303
9.98505E-05 9.98505E-05 9.98505E-05 9.98505E-05 9.98505E-05 9.98505E-05 9.98505E-05 9.98505E-05 9.98505E-05 9.98505E-05 9.98505E-05 9.98505E-05 9.98505E-05 9.98505E-05 9.98505E-05 9.98505E-05 9.98505E-05 0.998303
9.98505E-05 9.98505E-05 9.98505E-05 9.98505E-05 9.98505E-05 9.98505E-05 9.98505E-05 9.98505E-05 9.98505E-05 9.98505E-05 9.98505E-05 9.98505E-05 9.98505E-05 9.98505E-05 9.98505E-05 9.98505E-05 9.98505E-05 0.998303
9.98505E-05 9.98505E-05 9.98505E-05 9.98505E-05 9.98505E-05 9.98505E-05 9.98505E-05 9.98505E-05 9.98505E-05 9.98505E-05 9.98505E-05 9.98505E-05 9.98505E-05 0.998303 9.98505E-05 9.98505E-05 9.98505E-05 9.98505E-05
9.98504E-05 9.98504E-05 9.98504E-05 9.98504E-05 9.98504E-05 9.98504E-05 9.98504E-05 9.98504E-05 9.98504E-05 9.98504E-05 9.98504E-05 9.98504E-05 9.98504E-05 9.98504E-05 9.98504E-05 9.98504E-05 9.98504E-05 0.998303
9.98506E-05 9.98506E-05 9.98506E-05 9.98506E-05 9.98506E-05 9.98506E-05 9.98506E-05 9.98506E-05 9.98506E-05 9.98506E-05 9.98506E-05 9.98506E-05 9.98506E-05 0.998303 9.98506E-05 9.98506E-05 9.98506E-05 9.98506E-05
9.98505E-05 9.98505E-05 9.98505E-05 9.98505E-05 9.98505E-05 9.98505E-05 9.98505E-05 9.98505E-05 9.98505E-05 9.98505E-05 9.98505E-05 9.98505E-05 9.98505E-05 9.98505E-05 9.98505E-05 9.98505E-05 9.98505E-05 0.998303
9.98504E-05 9.98504E-05 9.98504E-05 9.98504E-05 9.98504E-05 9.98504E-05 9.98504E-05 9.98504E-05 9.98504E-05 9.98504E-05 9.98504E-05 9.98504E-05 9.98504E-05 9.98504E-05 9.98504E-05 9.98504E-05 9.98504E-05 0.998303
9.98505E-05 9.98505E-05 9.98505E-05 9.98505E-05 9.98505E-05 9.98505E-05 9.98505E-05 9.98505E-05 9.98505E-05 9.98505E-05 9.98505E-05 9.98505E-05 9.98505E-05 0.998303 9.98505E-05 9.98505E-05 9.98505E-05 9.98505E-05
9.98504E-05 9.98504E-05 9.98504E-05 9.98504E-05 9.98504E-05 9.98504E-05 9.98504E-05 9.98504E-05 9.98504E-05 9.98504E-05 9.98504E-05 9.98504E-05 9.98504E-05 0.998303 9.98504E-05 9.98504E-05 9.98504E-05 9.98504E-05
9.98506E-05 9.98506E-05 9.98506E-05 9.98506E-05 9.98506E-05 9.98506E-05 9.98506E-05 9.98506E-05 9.98506E-05 9.98506E-05 9.98506E-05 9.98506E-05 9.98506E-05 0.998303 9.98506E-05 9.98506E-05 9.98506E-05 9.98506E-05
9.98505E-05 9.98505E-05 9.98505E-05 9.98505E-05 9.98505E-05 9.98505E-05 9.98505E-05 9.98505E-05 9.98505E-05 9.98505E-05 9.98505E-05 9.98505E-05 9.98505E-05 9.98505E-05 9.98505E-05 9.98505E-05 9.98505E-05 0.998303
9.98504E-05 9.98504E-05 9.98504E-05 9.98504E-05 9.98504E-05 9.98504E-05 9.98504E-05 9.98504E-05 9.98504E-05 9.98504E-05 9.98504E-05 9.98504E-05 9.98504E-05 9.98504E-05 9.98504E-05 9.98504E-05 9.98504E-05 0.998303
9.98505E-05 9.98505E-05 9.98505E-05 9.98505E-05 9.98505E-05 9.98505E-05 9.98505E-05 9.98505E-05 9.98505E-05 9.98505E-05 9.98505E-05 9.98505E-05 9.98505E-05 9.98505E-05 9.98505E-05 9.98505E-05 9.98505E-05 0.998303
9.98504E-05 9.98504E-05 9.98504E-05 9.98504E-05 9.98504E-05 9.98504E-05 9.98504E-05 9.98504E-05 9.98504E-05 9.98504E-05 9.98504E-05 9.98504E-05 9.98504E-05 9.98504E-05 9.98504E-05 9.98504E-05 9.98504E-05 0.998303
9.98505E-05 9.98505E-05 9.98505E-05 9.98505E-05 9.98505E-05 9.98505E-05 9.98505E-05 9.98505E-05 9.98505E-05 9.98505E-05 9.98505E-05 9.98505E-05 9.98505E-05 9.98505E-05 9.98505E-05 9.98505E-05 9.98505E-05 0.998303
9.98506E-05 9.98506E-05 9.98506E-05 9.98506E-05 9.98506E-05 9.98506E-05 9.98506E-05 9.98506E-05 9.98506E-05 9.98506E-05 9.98506E-05 9.98506E-05 9.98506E-05 0.998303 9.98506E-05 9.98506E-05 9.98506E-05 9.98506E-05
9.98506E-05 9.98506E-05 9.98506E-05 9.98506E-05 9.98506E-05 9.98506E-05 9.98506E-05 9.98506E-05 9.98506E-05 9.98506E-05 9.98506E-05 9.98506E-05 9.98506E-05 0.998303 9.98506E-05 9.98506E-05 9.98506E-05 9.98506E-05
9.98505E-05 9.98505E-05 9.98505E-05 9.98505E-05 9.98505E-05 9.98505E-05 9.98505E-05 9.98505E-05 9.98505E-05 9.98505E-05 9.98505E-05 9.98505E-05 9.98505E-05 0.998303 9.98505E-05 9.98505E-05 9.98505E-05 9.98505E-05
9.98505E-05 9.98505E-05 9.98505E-05 9.98505E-05 9.98505E-05 9.98505E-05 9.98505E-05 9.98505E-05 9.98505E-05 9.98505E-05 9.98505E-05 9.98505E-05 9.98505E-05 9.98505E-05 9.98505E-05 9.98505E-05 9.98505E-05 0.998303
9.98504E-05 9.98504E-05 9.98504E-05 9.98504E-05 9.98504E-05 9.98504E-05 9.98504E-05 9.98504E-05 9.98504E-05 9.98504E-05 9.98504E-05 9.98504E-05 9.98504E-05 0.998303 9.98504E-05 9.98504E-05 9.98504E-05 9.98504E-05
9.98505E-05 9.98505E-05 9.98505E-05 9.98505E-05 9.98505E-05 9.98505E-05 9.98505E-05 9.98505E-05 9.98505E-05 9.98505E-05 9.98505E-05 9.98505E-05 9.98505E-05 0.998303 9.98505E-05 9.98505E-05 9.98505E-05 9.98505E-05
9.98505E-05 9.98505E-05 9.98505E-05 9.98505E-05 9.98505E-05 9.98505E-05 9.98505E-05 9.98505E-05 9.98505E-05 9.98505E-05 9.98505E-05 9.98505E-05 9.98505E-05 0.998303 9.98505E-05 9.98505E-05 9.98505E-05 9.98505E-05
9.98504E-05 9.98504E-05 9.98504E-05 9.98504E-05 9.98504E-05 9.98504E-05 9.98504E-05 9.98504E-05 9.98504E-05 9.98504E-05 9.98504E-05 9.98504E-05 9.98504E-05 0.998303 9.98504E-05 9.98504E-05 9.98504E-05 9.98504E-05
9.98504E-05 9.98504E-05 9.98504E-05 9.98504E-05 9.98504E-05 9.98504E-05 9.98504E-05 9.98504E-05 9.98504E-05 9.98504E-05 9.98504E-05 9.98504E-05 9.98504E-05 9.98504E-05 9.98504E-05 9.98504E-05 9.98504E-05 0.998303
9.98505E-05 9.98505E-05 9.98505E-05 9.98505E-05 9.98505E-05 9.98505E-05 9.98505E-05 9.98505E-05 9.98505E-05 9.98505E-05 9.98505E-05 9.98505E-05 9.98505E-05 0.998303 9.98505E-05 9.98505E-05 9.98505E-05 9.98505E-05
9.98506E-05 9.98506E-05 9.98506E-05 9.98506E-05 9.98506E-05 9.98506E-05 9.98506E-05 9.98506E-05 9.98506E-05 9.98506E-05 9.98506E-05 9.98506E-05 9.98506E-05 0.998303 9.98506E-05 9.98506E-05 9.98506E-05 9.98506E-05
9.99121E-05 9.99121E-05 9.99121E-05 0.084755 9.99121E-05 9.99121E-05 0.329965 9.99121E-05 9.99121E-05 9.99121E-05 0.213704 0.0185086 0.00242105 0.111045 0.0415678 9.99121E-05 9.99121E-05 0.197035
