0.264159 0.108499 9.98683E-05 9.98683E-05 0.0152403 9.98683E-05 9.98683E-05 9.98683E-05 0.0136789 9.98683E-05 9.98683E-05 9.98683E-05 9.98683E-05 9.98683E-05 0.0189502 9.98683E-05 9.98683E-05 0.0383621 0.147402 9.98683E-05 9.98683E-05 0.392211 9.98683E-05
0.247371 9.98333E-05 9.98333E-05 9.98333E-05 0.0164946 9.98333E-05 9.98333E-05 9.98333E-05 9.98333E-05 9.98333E-05 9.98333E-05 9.98333E-05 9.98333E-05 9.98333E-05 9.98333E-05 9.98333E-05 9.98333E-05 9.98333E-05 0.07327 9.98333E-05 9.98333E-05 0.660967 9.98333E-05
0.0230441 0.0646832 9.98508E-05 9.98508E-05 9.98508E-05 9.98508E-05 9.98508E-05 0.00934487 9.98508E-05 9.98508E-05 0.0256013 9.98508E-05 9.98508E-05 9.98508E-05 0.0271282 9.98508E-05 9.98508E-05 9.98508E-05 9.98508E-05 9.98508E-05 9.98508E-05 0.848501 9.98508E-05
9.98773E-05 0.145615 9.98773E-05 9.98773E-05 0.00387406 0.0349202 9.98773E-05 9.98773E-05 9.98773E-05 0.0429191 0.11409 9.98773E-05 9.98773E-05 9.98773E-05 0.0496939 9.98773E-05 9.98773E-05 9.98773E-05 9.98773E-05 9.98773E-05 0.0248624 0.245637 0.336989
9.98333E-05 9.98333E-05 9.98333E-05 9.98333E-05 9.98333E-05 9.98333E-05 9.98333E-05 9.98333E-05 9.98333E-05 9.98333E-05 0.0656573 9.98333E-05 9.98333E-05 9.98333E-05 9.98333E-05 9.98333E-05 0.0631915 9.98333E-05 9.98333E-05 9.98333E-05 0.0621876 0.807067 9.98333E-05
0.315551 9.98509E-05 9.98509E-05 9.98509E-05 9.98509E-05 9.98509E-05 9.98509E-05 9.98509E-05 9.98509E-05 9.98509E-05 0.149656 9.98509E-05 9.98509E-05 9.98509E-05 9.98509E-05 0.129969 0.175299 9.98509E-05 9.98509E-05 9.98509E-05 0.0532501 0.174577 9.98509E-05
0.189439 0.166188 9.98772E-05 9.98772E-05 0.118149 9.98772E-05 9.98772E-05 0.0270375 0.0463565 9.98772E-05 9.98772E-05 9.98772E-05 9.98772E-05 9.98772E-05 9.98772E-05 9.98772E-05 0.0563024 9.98772E-05 0.0895771 9.98772E-05 9.98772E-05 0.208363 0.0971886
0.187238 0.140063 9.99035E-05 0.0540373 9.99035E-05 9.99035E-05 9.99035E-05 0.0853894 9.99035E-05 9.99035E-05 0.0438409 9.99035E-05 0.0335892 0.00430921 9.99035E-05 0.110885 0.0797894 0.0272342 9.99035E-05 9.99035E-05 0.0929058 0.139619 9.99035E-05
9.98509E-05 0.0370804 9.98509E-05 9.98509E-05 9.98509E-05 0.115514 9.98509E-05 9.98509E-05 0.115871 9.98509E-05 9.98509E-05 9.98509E-05 9.98509E-05 9.98509E-05 0.215373 0.258492 9.98509E-05 9.98509E-05 9.98509E-05 9.98509E-05 9.98509E-05 0.255972 9.98509E-05
9.98333E-05 0.0019866 9.98333E-05 0.0288414 9.98333E-05 9.98333E-05 9.98333E-05 9.98333E-05 9.98333E-05 9.98333E-05 9.98333E-05 9.98333E-05 9.98333E-05 9.98333E-05 0.0549716 9.98333E-05 9.98333E-05 9.98333E-05 9.98333E-05 9.98333E-05 9.98333E-05 0.912304 9.98333E-05
0.0506683 0.0931565 9.98509E-05 9.98509E-05 0.154121 9.98509E-05 9.98509E-05 9.98509E-05 9.98509E-05 9.98509E-05 9.98509E-05 9.98509E-05 9.98509E-05 9.98509E-05 0.13306 0.0324239 9.98509E-05 9.98509E-05 9.98509E-05 9.98509E-05 9.98509E-05 0.534873 9.98509E-05
0.0427548 9.98421E-05 9.98421E-05 9.98421E-05 0.00224316 9.98421E-05 9.98421E-05 9.98421E-05 9.98421E-05 9.98421E-05 9.98421E-05 9.98421E-05 0.045603 9.98421E-05 9.98421E-05 9.98421E-05 0.00713118 9.98421E-05 9.98421E-05 9.98421E-05 9.98421E-05 0.900471 9.98421E-05
9.98334E-05 0.0487865 9.98334E-05 9.98334E-05 9.98334E-05 9.98334E-05 9.98334E-05 9.98334E-05 9.98334E-05 9.98334E-05 9.98334E-05 9.98334E-05 9.98334E-05 9.98334E-05 0.132648 0.0227114 9.98334E-05 9.98334E-05 9.98334E-05 9.98334E-05 9.98334E-05 0.793957 9.98334E-05
9.98684E-05 9.98684E-05 9.98684E-05 9.98684E-05 0.0340314 9.98684E-05 9.98684E-05 9.98684E-05 9.98684E-05 0.00805534 9.98684E-05 0.180564 0.0877085 9.98684E-05 0.0909263 9.98684E-05 9.98684E-05 9.98684E-05 9.98684E-05 0.00751015 0.00774599 0.58196 9.98684E-05
0.313418 0.0383389 0.0860973 9.98859E-05 9.98859E-05 9.98859E-05 0.0618687 9.98859E-05 0.0329753 9.98859E-05 0.00120603 9.98859E-05 9.98859E-05 9.98859E-05 0.0703988 0.0901274 9.98859E-05 9.98859E-05 9.98859E-05 0.0582827 9.98859E-05 0.245988 9.98859E-05
0.25253 0.0935401 9.98771E-05 9.98771E-05 9.98771E-05 9.98771E-05 9.98771E-05 9.98771E-05 9.98771E-05 9.98771E-05 9.98771E-05 9.98771E-05 0.0336962 0.121283 0.0898455 0.176554 0.00618518 9.98771E-05 9.98771E-05 9.98771E-05 9.98771E-05 0.14684 0.0781275
9.98772E-05 0.0300833 0.232762 9.98772E-05 0.0193437 9.98772E-05 9.98772E-05 0.02808 9.98772E-05 9.98772E-05 9.98772E-05 9.98772E-05 0.0231721 9.98772E-05 0.0417186 9.98772E-05 9.98772E-05 9.98772E-05 9.98772E-05 0.0603513 9.98772E-05 0.521467 0.0416235
0.352481 0.179612 9.98598E-05 0.111457 0.0496708 9.98598E-05 9.98598E-05 9.98598E-05 9.98598E-05 0.0756192 9.98598E-05 9.98598E-05 9.98598E-05 9.98598E-05 0.109775 9.98598E-05 9.98598E-05 9.98598E-05 9.98598E-05 9.98598E-05 9.98598E-05 0.119788 9.98598E-05
0.0506062 0.189779 9.98509E-05 9.98509E-05 9.98509E-05 9.98509E-05 9.98509E-05 9.98509E-05 9.98509E-05 9.98509E-05 9.98509E-05 9.98509E-05 9.98509E-05 9.98509E-05 0.181315 0.164003 0.120568 9.98509E-05 9.98509E-05 9.98509E-05 9.98509E-05 0.292031 9.98509E-05
9.98158E-05 9.98158E-05 9.98158E-05 9.98158E-05 9.98158E-05 9.98158E-05 9.98158E-05 9.98158E-05 9.98158E-05 0.00158276 9.98158E-05 9.98158E-05 9.98158E-05 9.98158E-05 9.98158E-05 9.98158E-05 9.98158E-05 9.98158E-05 9.98158E-05 9.98158E-05 9.98158E-05 0.996321 9.98158E-05
9.98508E-05 9.98508E-05 9.98508E-05 9.98508E-05 0.0493457 0.248797 9.98508E-05 9.98508E-05 9.98508E-05 9.98508E-05 9.98508E-05 9.98508E-05 0.169321 9.98508E-05 0.0477623 0.0134829 9.98508E-05 9.98508E-05 9.98508E-05 9.98508E-05 9.98508E-05 0.469594 9.98508E-05
9.98772E-05 0.328707 9.98772E-05 9.98772E-05 9.98772E-05 9.98772E-05 0.0475608 9.98772E-05 9.98772E-05 9.98772E-05 0.0312728 9.98772E-05 9.98772E-05 9.98772E-05 0.0418433 0.163047 0.0484724 9.98772E-05 9.98772E-05 0.0734635 0.088206 0.176029 9.98772E-05
0.232675 9.98422E-05 9.98422E-05 9.98422E-05 0.0774497 9.98422E-05 0.00576795 9.98422E-05 9.98422E-05 9.98422E-05 9.98422E-05 9.98422E-05 9.98422E-05 9.98422E-05 0.0861466 9.98422E-05 9.98422E-05 9.98422E-05 9.98422E-05 9.98422E-05 9.98422E-05 0.596164 9.98422E-05
0.107566 0.299174 9.98596E-05 9.98596E-05 9.98596E-05 9.98596E-05 9.98596E-05 9.98596E-05 0.0301056 9.98596E-05 0.01828 9.98596E-05 9.98596E-05 0.0145439 0.234477 9.98596E-05 9.98596E-05 9.98596E-05 9.98596E-05 9.98596E-05 9.98596E-05 0.294255 9.98596E-05
9.98683E-05 0.152154 9.98683E-05 9.98683E-05 0.011357 9.98683E-05 9.98683E-05 9.98683E-05 9.98683E-05 0.0263525 0.0818685 9.98683E-05 9.98683E-05 9.98683E-05 0.231177 0.0324607 9.98683E-05 9.98683E-05 9.98683E-05 0.127424 9.98683E-05 0.335708 9.98683E-05
9.98683E-05 0.0208589 9.98683E-05 9.98683E-05 0.00335215 9.98683E-05 9.98683E-05 9.98683E-05 9.98683E-05 9.98683E-05 0.0285482 9.98683E-05 9.98683E-05 0.0193656 0.115971 9.98683E-05 9.98683E-05 9.98683E-05 9.98683E-05 9.98683E-05 0.0101548 0.70242 0.0978308
9.98859E-05 0.25633 9.98859E-05 0.094275 9.98859E-05 9.98859E-05 0.347141 9.98859E-05 0.008554 9.98859E-05 0.104649 9.98859E-05 0.0082521 0.0716523 0.0730513 9.98859E-05 9.98859E-05 9.98859E-05 9.98859E-05 9.98859E-05 9.98859E-05 0.0141722 0.0206254
9.98597E-05 0.110384 9.98597E-05 9.98597E-05 9.98597E-05 9.98597E-05 9.98597E-05 9.98597E-05 9.98597E-05 9.98597E-05 0.0308112 9.98597E-05 9.98597E-05 9.98597E-05 0.0486509 9.98597E-05 0.0557139 9.98597E-05 0.0177283 9.98597E-05 9.98597E-05 0.718859 0.0162551
0.0318784 0.0114057 9.98509E-05 9.98509E-05 9.98509E-05 9.98509E-05 0.197808 9.98509E-05 9.98509E-05 9.98509E-05 0.0790923 9.98509E-05 9.98509E-05 9.98509E-05 0.103178 9.98509E-05 9.98509E-05 9.98509E-05 9.98509E-05 9.98509E-05 9.98509E-05 0.574941 9.98509E-05
9.98684E-05 9.98684E-05 0.00512426 9.98684E-05 9.98684E-05 9.98684E-05 9.98684E-05 9.98684E-05 0.015776 9.98684E-05 0.0521468 9.98684E-05 9.98684E-05 9.98684E-05 0.052135 0.0625988 0.011812 0.00367447 9.98684E-05 9.98684E-05 9.98684E-05 0.795235 9.98684E-05
0.0141897 0.0187633 9.98771E-05 9.98771E-05 0.118157 9.98771E-05 0.125475 9.98771E-05 9.98771E-05 0.018385 9.98771E-05 9.98771E-05 9.98771E-05 9.98771E-05 0.0184094 0.0470139 0.038388 9.98771E-05 9.98771E-05 9.98771E-05 9.98771E-05 0.599821 9.98771E-05
9.9886E-05 0.0909108 0.0233076 9.9886E-05 0.0561968 9.9886E-05 0.0406148 9.9886E-05 9.9886E-05 9.9886E-05 0.132001 0.101417 9.9886E-05 9.9886E-05 0.1094 9.9886E-05 0.0655519 9.9886E-05 9.9886E-05 0.0107728 9.9886E-05 0.36853 9.9886E-05
0.138412 0.0533969 9.98684E-05 9.98684E-05 0.131215 9.98684E-05 9.98684E-05 9.98684E-05 9.98684E-05 9.98684E-05 0.00218574 9.98684E-05 0.0619272 0.0288195 0.12594 9.98684E-05 9.98684E-05 9.98684E-05 9.98684E-05 9.98684E-05 9.98684E-05 0.456605 9.98684E-05
9.98684E-05 0.16725 9.98684E-05 0.0126656 9.98684E-05 9.98684E-05 9.98684E-05 9.98684E-05 9.98684E-05 9.98684E-05 0.138374 0.0345443 0.0348758 9.98684E-05 0.120524 9.98684E-05 0.00502134 9.98684E-05 9.98684E-05 9.98684E-05 9.98684E-05 0.485247 9.98684E-05
9.98335E-05 9.98335E-05 9.98335E-05 9.98335E-05 0.0366853 9.98335E-05 9.98335E-05 9.98335E-05 9.98335E-05 0.0461326 9.98335E-05 9.98335E-05 9.98335E-05 9.98335E-05 9.98335E-05 9.98335E-05 9.98335E-05 9.98335E-05 0.0863501 9.98335E-05 9.98335E-05 0.828935 9.98335E-05
0.0557662 0.105075 9.98684E-05 9.98684E-05 9.98684E-05 0.0488129 0.0419197 9.98684E-05 9.98684E-05 9.98684E-05 9.98684E-05 9.98684E-05 9.98684E-05 9.98684E-05 0.0119458 9.98684E-05 9.98684E-05 9.98684E-05 0.0491535 9.98684E-05 9.98684E-05 0.559043 0.126786
9.98248E-05 9.98248E-05 9.98248E-05 9.98248E-05 9.98248E-05 9.98248E-05 0.0231988 9.98248E-05 9.98248E-05 9.98248E-05 9.98248E-05 9.98248E-05 9.98248E-05 9.98248E-05 9.98248E-05 9.98248E-05 0.0879253 9.98248E-05 9.98248E-05 9.98248E-05 9.98248E-05 0.886879 9.98248E-05
9.98597E-05 0.00308026 0.0346024 9.98597E-05 9.98597E-05 9.98597E-05 9.98597E-05 9.98597E-05 9.98597E-05 9.98597E-05 9.98597E-05 9.98597E-05 9.98597E-05 9.98597E-05 0.0714355 0.130445 9.98597E-05 9.98597E-05 0.116727 9.98597E-05 9.98597E-05 0.624226 0.0178852
9.9886E-05 0.0376776 0.0132299 9.9886E-05 0.0145991 9.9886E-05 9.9886E-05 9.9886E-05 9.9886E-05 9.9886E-05 0.0805188 9.9886E-05 0.029169 9.9886E-05 0.161325 0.012133 9.9886E-05 9.9886E-05 0.0201509 9.9886E-05 0.0589106 0.570988 9.9886E-05
9.98771E-05 0.0219126 9.98771E-05 9.98771E-05 9.98771E-05 9.98771E-05 9.98771E-05 0.0104296 9.98771E-05 9.98771E-05 0.12909 0.0286085 0.0684774 0.0119443 0.136119 9.98771E-05 0.0388081 9.98771E-05 9.98771E-05 9.98771E-05 9.98771E-05 0.553212 9.98771E-05
9.98335E-05 0.08919 9.98335E-05 9.98335E-05 9.98335E-05 9.98335E-05 0.10944 9.98335E-05 9.98335E-05 9.98335E-05 9.98335E-05 9.98335E-05 9.98335E-05 9.98335E-05 0.030144 9.98335E-05 9.98335E-05 9.98335E-05 9.98335E-05 9.98335E-05 9.98335E-05 0.769329 9.98335E-05
0.0168901 0.145679 9.98597E-05 9.98597E-05 9.98597E-05 9.98597E-05 0.131857 9.98597E-05 0.0246677 9.98597E-05 9.98597E-05 9.98597E-05 9.98597E-05 9.98597E-05 0.12402 0.00230932 9.98597E-05 9.98597E-05 9.98597E-05 9.98597E-05 9.98597E-05 0.552978 9.98597E-05
9.98421E-05 0.0684162 9.98421E-05 9.98421E-05 9.98421E-05 9.98421E-05 0.0930147 9.98421E-05 9.98421E-05 9.98421E-05 9.98421E-05 0.0956908 9.98421E-05 9.98421E-05 9.98421E-05 9.98421E-05 0.011008 9.98421E-05 9.98421E-05 9.98421E-05 9.98421E-05 0.730073 9.98421E-05
0.317408 0.0464659 9.98686E-05 9.98686E-05 0.0183828 9.98686E-05 9.98686E-05 9.98686E-05 0.0328937 9.98686E-05 9.98686E-05 9.98686E-05 9.98686E-05 9.98686E-05 0.225862 0.0655775 9.98686E-05 9.98686E-05 0.0260577 9.98686E-05 9.98686E-05 0.265855 9.98686E-05
9.98422E-05 0.429858 9.98422E-05 9.98422E-05 9.98422E-05 9.98422E-05 9.98422E-05 9.98422E-05 9.98422E-05 9.98422E-05 9.98422E-05 9.98422E-05 9.98422E-05 9.98422E-05 0.155716 9.98422E-05 9.98422E-05 9.98422E-05 9.98422E-05 9.98422E-05 0.08661 0.217974 0.108045
9.9842E-05 0.0377056 9.9842E-05 9.9842E-05 9.9842E-05 9.9842E-05 9.9842E-05 9.9842E-05 9.9842E-05 0.0490761 9.9842E-05 9.9842E-05 9.9842E-05 9.9842E-05 0.0478204 9.9842E-05 0.033044 9.9842E-05 9.9842E-05 9.9842E-05 9.9842E-05 0.830557 9.9842E-05
9.9842E-05 9.9842E-05 9.9842E-05 0.0250317 0.0059314 9.9842E-05 9.9842E-05 9.9842E-05 9.9842E-05 9.9842E-05 9.9842E-05 9.9842E-05 9.9842E-05 9.9842E-05 0.0259948 9.9842E-05 9.9842E-05 9.9842E-05 9.9842E-05 9.9842E-05 9.9842E-05 0.861133 0.0801117
0.0105193 9.98597E-05 9.98597E-05 9.98597E-05 9.98597E-05 9.98597E-05 9.98597E-05 0.00204756 9.98597E-05 9.98597E-05 9.98597E-05 9.98597E-05 9.98597E-05 0.0182451 0.0245407 9.98597E-05 9.98597E-05 9.98597E-05 9.98597E-05 0.0100779 0.0297922 0.903179 9.98597E-05
0.099097 0.160289 9.98595E-05 9.98595E-05 0.0286091 9.98595E-05 9.98595E-05 9.98595E-05 9.98595E-05 9.98595E-05 0.0309888 9.98595E-05 9.98595E-05 9.98595E-05 0.07867 9.98595E-05 0.0435954 9.98595E-05 9.98595E-05 9.98595E-05 9.98595E-05 0.557153 9.98595E-05
9.98425E-05 9.98425E-05 9.98425E-05 0.0441304 9.98425E-05 9.98425E-05 9.98425E-05 0.0945987 9.98425E-05 9.98425E-05 9.98425E-05 9.98425E-05 9.98425E-05 9.98425E-05 9.98425E-05 9.98425E-05 0.0764441 9.98425E-05 0.0250555 9.98425E-05 9.98425E-05 0.757974 9.98425E-05
0.0933467 9.98859E-05 9.98859E-05 9.98859E-05 0.100781 9.98859E-05 0.180252 9.98859E-05 0.0135871 9.98859E-05 0.0993873 9.98859E-05 9.98859E-05 0.0226283 0.166641 0.0239152 9.98859E-05 9.98859E-05 9.98859E-05 9.98859E-05 9.98859E-05 0.259223 0.0389402
9.98596E-05 0.219726 9.98596E-05 9.98596E-05 9.98596E-05 0.0373021 9.98596E-05 9.98596E-05 9.98596E-05 0.077158 9.98596E-05 9.98596E-05 0.0251265 9.98596E-05 9.98596E-05 9.98596E-05 9.98596E-05 9.98596E-05 9.98596E-05 9.98596E-05 0.00390867 0.603258 0.0319238
9.9851E-05 9.9851E-05 9.9851E-05 0.0550415 9.9851E-05 9.9851E-05 9.9851E-05 0.0249506 0.0387168 9.9851E-05 9.9851E-05 9.9851E-05 9.9851E-05 9.9851E-05 0.0499872 9.9851E-05 9.9851E-05 9.9851E-05 0.0174503 9.9851E-05 9.9851E-05 0.812156 9.9851E-05
9.98774E-05 9.98774E-05 9.98774E-05 0.0100789 9.98774E-05 9.98774E-05 9.98774E-05 0.00806877 9.98774E-05 0.0427022 9.98774E-05 0.0172225 0.149093 0.110496 0.0172031 9.98774E-05 9.98774E-05 9.98774E-05 9.98774E-05 9.98774E-05 0.0632696 0.580467 9.98774E-05
0.0164201 9.98511E-05 9.98511E-05 9.98511E-05 9.98511E-05 9.98511E-05 0.0283881 9.98511E-05 9.98511E-05 9.98511E-05 9.98511E-05 9.98511E-05 9.98511E-05 9.98511E-05 0.0685785 9.98511E-05 0.0446265 9.98511E-05 9.98511E-05 0.0878439 9.98511E-05 0.752446 9.98511E-05
0.00923252 9.98596E-05 9.98596E-05 9.98596E-05 0.0049935 9.98596E-05 9.98596E-05 9.98596E-05 9.98596E-05 0.0411302 0.159501 9.98596E-05 9.98596E-05 9.98596E-05 9.98596E-05 9.98596E-05 0.0781285 9.98596E-05 9.98596E-05 9.98596E-05 0.0153913 0.690026 9.98596E-05
9.98403E-05 0.0959613 9.98403E-05 0.0431055 9.98403E-05 9.98403E-05 9.98403E-05 9.98403E-05 9.98403E-05 9.98403E-05 9.98403E-05 9.98403E-05 9.98403E-05 9.98403E-05 0.0384726 0.0416839 0.0573406 9.98403E-05 0.0159667 9.98403E-05 9.98403E-05 0.705872 9.98403E-05
9.98422E-05 0.0137756 9.98422E-05 9.98422E-05 0.00157784 9.98422E-05 9.98422E-05 9.98422E-05 9.98422E-05 9.98422E-05 9.98422E-05 9.98422E-05 9.98422E-05 9.98422E-05 0.0523296 9.98422E-05 9.98422E-05 9.98422E-05 9.98422E-05 9.98422E-05 9.98422E-05 0.802613 0.127907
9.98596E-05 9.98596E-05 9.98596E-05 9.98596E-05 9.98596E-05 9.98596E-05 0.0151908 0.0433174 9.98596E-05 9.98596E-05 9.98596E-05 9.98596E-05 9.98596E-05 9.98596E-05 0.0265166 0.0119354 9.98596E-05 0.0299445 9.98596E-05 9.98596E-05 9.98596E-05 0.853722 0.0177753
0.671528 9.98508E-05 9.98508E-05 0.0571508 0.0883764 9.98508E-05 9.98508E-05 9.98508E-05 9.98508E-05 9.98508E-05 9.98508E-05 9.98508E-05 9.98508E-05 9.98508E-05 0.124985 0.032423 9.98508E-05 9.98508E-05 0.0238389 9.98508E-05 9.98508E-05 9.98508E-05 9.98508E-05
0.997804 9.98073E-05 9.98073E-05 9.98073E-05 9.98073E-05 9.98073E-05 9.98073E-05 9.98073E-05 9.98073E-05 9.98073E-05 9.98073E-05 9.98073E-05 9.98073E-05 9.98073E-05 9.98073E-05 9.98073E-05 9.98073E-05 9.98073E-05 9.98073E-05 9.98073E-05 9.98073E-05 9.98073E-05 9.98073E-05
0.84428 9.98333E-05 0.0436955 0.0748285 9.98333E-05 9.98333E-05 9.98333E-05 0.035299 9.98333E-05 9.98333E-05 9.98333E-05 9.98333E-05 9.98333E-05 9.98333E-05 9.98333E-05 9.98333E-05 9.98333E-05 9.98333E-05 9.98333E-05 9.98333E-05 9.98333E-05 9.98333E-05 9.98333E-05
0.327809 9.98509E-05 9.98509E-05 9.98509E-05 9.98509E-05 9.98509E-05 9.98509E-05 0.0393869 9.98509E-05 9.98509E-05 0.121021 9.98509E-05 9.98509E-05 9.98509E-05 0.0121908 0.146209 9.98509E-05 9.98509E-05 0.351685 9.98509E-05 9.98509E-05 9.98509E-05 9.98509E-05
0.725157 0.0864791 9.98681E-05 9.98681E-05 9.98681E-05 9.98681E-05 9.98681E-05 0.0033996 9.98681E-05 0.01374 9.98681E-05 9.98681E-05 9.98681E-05 9.98681E-05 0.0200538 0.0384302 0.0718715 9.98681E-05 9.98681E-05 9.98681E-05 0.0393707 9.98681E-05 9.98681E-05
0.726788 0.0599276 9.98418E-05 9.98418E-05 9.98418E-05 9.98418E-05 9.98418E-05 9.98418E-05 9.98418E-05 9.98418E-05 9.98418E-05 9.98418E-05 9.98418E-05 9.98418E-05 0.131843 0.0713372 9.98418E-05 0.0083075 9.98418E-05 9.98418E-05 9.98418E-05 9.98418E-05 9.98418E-05
0.547663 9.98507E-05 9.98507E-05 9.98507E-05 0.0297216 0.00181788 9.98507E-05 9.98507E-05 9.98507E-05 9.98507E-05 9.98507E-05 9.98507E-05 9.98507E-05 9.98507E-05 0.0883047 9.98507E-05 9.98507E-05 9.98507E-05 0.236109 9.98507E-05 9.98507E-05 9.98507E-05 0.0946858
0.618012 9.98506E-05 9.98506E-05 0.126208 9.98506E-05 9.98506E-05 9.98506E-05 9.98506E-05 9.98506E-05 9.98506E-05 0.057135 9.98506E-05 9.98506E-05 9.98506E-05 0.0514289 0.0549355 9.98506E-05 9.98506E-05 0.0905839 9.98506E-05 9.98506E-05 9.98506E-05 9.98506E-05
0.995719 9.98158E-05 9.98158E-05 9.98158E-05 9.98158E-05 9.98158E-05 0.00218459 9.98158E-05 9.98158E-05 9.98158E-05 9.98158E-05 9.98158E-05 9.98158E-05 9.98158E-05 9.98158E-05 9.98158E-05 9.98158E-05 9.98158E-05 9.98158E-05 9.98158E-05 9.98158E-05 9.98158E-05 9.98158E-05
0.962804 9.98244E-05 9.98244E-05 9.98244E-05 0.0298972 9.98244E-05 9.98244E-05 9.98244E-05 9.98244E-05 9.98244E-05 9.98244E-05 9.98244E-05 9.98244E-05 9.98244E-05 9.98244E-05 9.98244E-05 9.98244E-05 9.98244E-05 9.98244E-05 9.98244E-05 9.98244E-05 9.98244E-05 0.00530213
0.538488 9.98418E-05 9.98418E-05 0.0256583 0.129909 9.98418E-05 9.98418E-05 9.98418E-05 9.98418E-05 9.98418E-05 9.98418E-05 9.98418E-05 9.98418E-05 9.98418E-05 0.262461 0.0416866 9.98418E-05 9.98418E-05 9.98418E-05 9.98418E-05 9.98418E-05 9.98418E-05 9.98418E-05
0.500455 0.10804 9.98595E-05 9.98595E-05 0.0410907 9.98595E-05 9.98595E-05 9.98595E-05 9.98595E-05 9.98595E-05 9.98595E-05 9.98595E-05 0.0378954 9.98595E-05 0.144526 9.98595E-05 9.98595E-05 0.161419 0.00497558 9.98595E-05 9.98595E-05 9.98595E-05 9.98595E-05
0.585868 9.98682E-05 9.98682E-05 9.98682E-05 0.0642996 9.98682E-05 9.98682E-05 9.98682E-05 9.98682E-05 9.98682E-05 0.00763551 9.98682E-05 0.120774 9.98682E-05 0.00298531 0.0588909 9.98682E-05 0.11247 9.98682E-05 9.98682E-05 0.0455785 9.98682E-05 9.98682E-05
0.601501 0.150795 9.98506E-05 9.98506E-05 9.98506E-05 9.98506E-05 9.98506E-05 9.98506E-05 9.98506E-05 9.98506E-05 9.98506E-05 9.98506E-05 9.98506E-05 9.98506E-05 0.179003 9.98506E-05 0.0239281 9.98506E-05 0.0410559 9.98506E-05 0.00201933 9.98506E-05 9.98506E-05
0.977021 9.98248E-05 9.98248E-05 9.98248E-05 9.98248E-05 9.98248E-05 9.98248E-05 9.98248E-05 0.0158387 9.98248E-05 9.98248E-05 9.98248E-05 9.98248E-05 9.98248E-05 9.98248E-05 9.98248E-05 9.98248E-05 0.00514404 9.98248E-05 9.98248E-05 9.98248E-05 9.98248E-05 9.98248E-05
0.933359 9.9816E-05 9.9816E-05 9.9816E-05 9.9816E-05 9.9816E-05 9.9816E-05 9.9816E-05 9.9816E-05 9.9816E-05 9.9816E-05 9.9816E-05 9.9816E-05 9.9816E-05 9.9816E-05 0.0645452 9.9816E-05 9.9816E-05 9.9816E-05 9.9816E-05 9.9816E-05 9.9816E-05 9.9816E-05
0.755737 9.98331E-05 9.98331E-05 0.0248416 9.98331E-05 9.98331E-05 9.98331E-05 0.0822132 9.98331E-05 9.98331E-05 9.98331E-05 9.98331E-05 9.98331E-05 9.98331E-05 9.98331E-05 9.98331E-05 0.135312 9.98331E-05 9.98331E-05 9.98331E-05 9.98331E-05 9.98331E-05 9.98331E-05
0.683597 0.10211 9.98507E-05 9.98507E-05 0.081109 9.98507E-05 9.98507E-05 9.98507E-05 9.98507E-05 9.98507E-05 9.98507E-05 9.98507E-05 9.98507E-05 9.98507E-05 9.98507E-05 0.0237593 0.0607779 0.0469499 9.98507E-05 9.98507E-05 9.98507E-05 9.98507E-05 9.98507E-05
0.91222 9.98332E-05 9.98332E-05 0.0683412 0.00604901 9.98332E-05 9.98332E-05 9.98332E-05 9.98332E-05 9.98332E-05 9.98332E-05 9.98332E-05 9.98332E-05 9.98332E-05 0.0114932 9.98332E-05 9.98332E-05 9.98332E-05 9.98332E-05 9.98332E-05 9.98332E-05 9.98332E-05 9.98332E-05
0.633128 9.98329E-05 9.98329E-05 9.98329E-05 9.98329E-05 9.98329E-05 0.0814529 9.98329E-05 9.98329E-05 9.98329E-05 9.98329E-05 9.98329E-05 9.98329E-05 0.0898252 0.193697 9.98329E-05 9.98329E-05 9.98329E-05 9.98329E-05 9.98329E-05 9.98329E-05 9.98329E-05 9.98329E-05
0.951195 9.98249E-05 9.98249E-05 9.98249E-05 9.98249E-05 9.98249E-05 9.98249E-05 0.0277215 9.98249E-05 9.98249E-05 9.98249E-05 0.019087 9.98249E-05 9.98249E-05 9.98249E-05 9.98249E-05 9.98249E-05 9.98249E-05 9.98249E-05 9.98249E-05 9.98249E-05 9.98249E-05 9.98249E-05
0.683936 0.240594 9.98418E-05 9.98418E-05 9.98418E-05 9.98418E-05 0.0209624 9.98418E-05 9.98418E-05 9.98418E-05 9.98418E-05 9.98418E-05 9.98418E-05 9.98418E-05 0.0226814 9.98418E-05 0.0300297 9.98418E-05 9.98418E-05 9.98418E-05 9.98418E-05 9.98418E-05 9.98418E-05
0.799018 0.0288185 9.98509E-05 9.98509E-05 9.98509E-05 9.98509E-05 9.98509E-05 9.98509E-05 9.98509E-05 9.98509E-05 0.0645172 0.0724689 9.98509E-05 9.98509E-05 0.020863 0.0126174 9.98509E-05 9.98509E-05 9.98509E-05 9.98509E-05 9.98509E-05 9.98509E-05 9.98509E-05
0.585796 9.98683E-05 9.98683E-05 0.0867932 9.98683E-05 9.98683E-05 9.98683E-05 0.0391147 0.101634 9.98683E-05 0.055478 9.98683E-05 9.98683E-05 9.98683E-05 0.00137566 0.0310738 0.0972366 9.98683E-05 9.98683E-05 9.98683E-05 9.98683E-05 9.98683E-05 9.98683E-05
0.80777 9.98244E-05 9.98244E-05 9.98244E-05 0.166655 9.98244E-05 9.98244E-05 9.98244E-05 9.98244E-05 9.98244E-05 9.98244E-05 9.98244E-05 9.98244E-05 9.98244E-05 9.98244E-05 9.98244E-05 9.98244E-05 0.023579 9.98244E-05 9.98244E-05 9.98244E-05 9.98244E-05 9.98244E-05
0.900406 9.98248E-05 9.98248E-05 9.98248E-05 9.98248E-05 9.98248E-05 9.98248E-05 9.98248E-05 9.98248E-05 9.98248E-05 9.98248E-05 9.98248E-05 9.98248E-05 9.98248E-05 0.0516445 0.0459534 9.98248E-05 9.98248E-05 9.98248E-05 9.98248E-05 9.98248E-05 9.98248E-05 9.98248E-05
0.997804 9.98072E-05 9.98072E-05 9.98072E-05 9.98072E-05 9.98072E-05 9.98072E-05 9.98072E-05 9.98072E-05 9.98072E-05 9.98072E-05 9.98072E-05 9.98072E-05 9.98072E-05 9.98072E-05 9.98072E-05 9.98072E-05 9.98072E-05 9.98072E-05 9.98072E-05 9.98072E-05 9.98072E-05 9.98072E-05
0.929614 9.98247E-05 9.98247E-05 9.98247E-05 9.98247E-05 9.98247E-05 9.98247E-05 9.98247E-05 9.98247E-05 0.0191326 9.98247E-05 9.98247E-05 9.98247E-05 9.98247E-05 0.0492571 9.98247E-05 9.98247E-05 9.98247E-05 9.98247E-05 9.98247E-05 9.98247E-05 9.98247E-05 9.98247E-05
0.845148 9.98247E-05 9.98247E-05 0.127558 9.98247E-05 9.98247E-05 9.98247E-05 9.98247E-05 9.98247E-05 9.98247E-05 9.98247E-05 9.98247E-05 9.98247E-05 9.98247E-05 9.98247E-05 9.98247E-05 9.98247E-05 0.0252976 9.98247E-05 9.98247E-05 9.98247E-05 9.98247E-05 9.98247E-05
0.47284 9.98422E-05 9.98422E-05 9.98422E-05 9.98422E-05 9.98422E-05 0.108636 9.98422E-05 9.98422E-05 9.98422E-05 9.98422E-05 0.230004 9.98422E-05 9.98422E-05 0.134228 0.0524953 9.98422E-05 9.98422E-05 9.98422E-05 9.98422E-05 9.98422E-05 9.98422E-05 9.98422E-05
9.98335E-05 9.98335E-05 9.98335E-05 9.98335E-05 9.98335E-05 9.98335E-05 9.98335E-05 9.98335E-05 9.98335E-05 9.98335E-05 0.773224 9.98335E-05 9.98335E-05 9.98335E-05 0.141165 0.0664748 0.0172394 9.98335E-05 9.98335E-05 9.98335E-05 9.98335E-05 9.98335E-05 9.98335E-05
9.98509E-05 9.98509E-05 0.233452 9.98509E-05 9.98509E-05 9.98509E-05 0.0319234 9.98509E-05 9.98509E-05 9.98509E-05 0.323346 0.330067 9.98509E-05 9.98509E-05 0.0549877 0.0245256 9.98509E-05 9.98509E-05 9.98509E-05 9.98509E-05 9.98509E-05 9.98509E-05 9.98509E-05
9.98333E-05 0.00774396 9.98333E-05 9.98333E-05 9.98333E-05 9.98333E-05 9.98333E-05 9.98333E-05 9.98333E-05 9.98333E-05 0.867336 9.98333E-05 9.98333E-05 9.98333E-05 0.109127 9.98333E-05 9.98333E-05 9.98333E-05 9.98333E-05 0.013896 9.98333E-05 9.98333E-05 9.98333E-05
9.9833E-05 9.9833E-05 9.9833E-05 9.9833E-05 0.000533518 9.9833E-05 9.9833E-05 9.9833E-05 9.9833E-05 9.9833E-05 0.881429 9.9833E-05 9.9833E-05 9.9833E-05 0.0797119 0.0364283 9.9833E-05 9.9833E-05 9.9833E-05 9.9833E-05 9.9833E-05 9.9833E-05 9.9833E-05
9.98244E-05 9.98244E-05 9.98244E-05 9.98244E-05 9.98244E-05 9.98244E-05 9.98244E-05 9.98244E-05 0.024374 9.98244E-05 0.928757 9.98244E-05 9.98244E-05 9.98244E-05 9.98244E-05 0.0448724 9.98244E-05 9.98244E-05 9.98244E-05 9.98244E-05 9.98244E-05 9.98244E-05 9.98244E-05
9.98509E-05 9.98509E-05 9.98509E-05 9.98509E-05 9.98509E-05 9.98509E-05 9.98509E-05 9.98509E-05 9.98509E-05 9.98509E-05 0.625572 0.0637258 9.98509E-05 9.98509E-05 0.142442 0.116916 9.98509E-05 9.98509E-05 0.0361705 9.98509E-05 9.98509E-05 9.98509E-05 0.0134767
9.98596E-05 0.0575964 9.98596E-05 9.98596E-05 9.98596E-05 9.98596E-05 9.98596E-05 9.98596E-05 9.98596E-05 9.98596E-05 0.716285 0.0888877 9.98596E-05 9.98596E-05 0.0756743 0.0237292 9.98596E-05 0.0267347 9.98596E-05 9.98596E-05 9.98596E-05 9.98596E-05 0.00949467
9.98158E-05 9.98158E-05 9.98158E-05 9.98158E-05 9.98158E-05 9.98158E-05 9.98158E-05 9.98158E-05 9.98158E-05 9.98158E-05 0.761779 9.98158E-05 9.98158E-05 9.98158E-05 9.98158E-05 0.236125 9.98158E-05 9.98158E-05 9.98158E-05 9.98158E-05 9.98158E-05 9.98158E-05 9.98158E-05
9.98769E-05 0.00558057 9.98769E-05 9.98769E-05 0.00700853 9.98769E-05 0.176244 9.98769E-05 9.98769E-05 9.98769E-05 0.419457 9.98769E-05 9.98769E-05 9.98769E-05 0.0195966 0.291139 9.98769E-05 0.00342547 0.0339313 0.0422186 9.98769E-05 9.98769E-05 9.98769E-05
9.98508E-05 0.0139257 9.98508E-05 9.98508E-05 9.98508E-05 9.98508E-05 9.98508E-05 9.98508E-05 9.98508E-05 9.98508E-05 0.520951 9.98508E-05 9.98508E-05 9.98508E-05 0.204222 0.147457 9.98508E-05 0.0267913 9.98508E-05 0.0849549 9.98508E-05 9.98508E-05 9.98508E-05
9.98334E-05 9.98334E-05 0.398466 9.98334E-05 9.98334E-05 9.98334E-05 9.98334E-05 9.98334E-05 9.98334E-05 9.98334E-05 0.483671 9.98334E-05 9.98334E-05 9.98334E-05 9.98334E-05 0.0275912 9.98334E-05 9.98334E-05 0.0883752 9.98334E-05 9.98334E-05 9.98334E-05 9.98334E-05
9.98422E-05 9.98422E-05 0.160347 0.0183699 9.98422E-05 9.98422E-05 9.98422E-05 9.98422E-05 9.98422E-05 9.98422E-05 0.669622 9.98422E-05 9.98422E-05 9.98422E-05 0.0807018 9.98422E-05 9.98422E-05 9.98422E-05 0.0691617 9.98422E-05 9.98422E-05 9.98422E-05 9.98422E-05
9.98334E-05 9.98334E-05 9.98334E-05 9.98334E-05 9.98334E-05 9.98334E-05 9.98334E-05 9.98334E-05 9.98334E-05 9.98334E-05 0.755303 0.172328 9.98334E-05 9.98334E-05 9.98334E-05 0.0581547 9.98334E-05 9.98334E-05 9.98334E-05 9.98334E-05 9.98334E-05 9.98334E-05 0.0123175
9.98333E-05 9.98333E-05 9.98333E-05 9.98333E-05 9.98333E-05 9.98333E-05 9.98333E-05 9.98333E-05 9.98333E-05 9.98333E-05 0.649173 0.0888428 9.98333E-05 9.98333E-05 0.170991 0.0890964 9.98333E-05 9.98333E-05 9.98333E-05 9.98333E-05 9.98333E-05 9.98333E-05 9.98333E-05
9.98509E-05 9.98509E-05 9.98509E-05 0.0931492 9.98509E-05 9.98509E-05 9.98509E-05 9.98509E-05 9.98509E-05 9.98509E-05 0.545392 0.220181 0.0456342 9.98509E-05 9.98509E-05 0.061488 9.98509E-05 0.032459 9.98509E-05 9.98509E-05 9.98509E-05 9.98509E-05 9.98509E-05
9.98509E-05 9.98509E-05 0.0675968 9.98509E-05 9.98509E-05 9.98509E-05 0.116556 9.98509E-05 9.98509E-05 9.98509E-05 0.507013 9.98509E-05 9.98509E-05 9.98509E-05 0.214056 0.0450849 9.98509E-05 9.98509E-05 9.98509E-05 9.98509E-05 9.98509E-05 9.98509E-05 0.0479952
9.98419E-05 9.98419E-05 0.118313 9.98419E-05 9.98419E-05 9.98419E-05 9.98419E-05 9.98419E-05 9.98419E-05 0.0566863 0.417113 9.98419E-05 9.98419E-05 9.98419E-05 0.139951 9.98419E-05 9.98419E-05 9.98419E-05 0.26614 9.98419E-05 9.98419E-05 9.98419E-05 9.98419E-05
9.98686E-05 0.0852358 0.0513118 9.98686E-05 9.98686E-05 9.98686E-05 9.98686E-05 0.0129733 9.98686E-05 9.98686E-05 0.702229 9.98686E-05 9.98686E-05 9.98686E-05 9.98686E-05 0.0622218 9.98686E-05 9.98686E-05 9.98686E-05 9.98686E-05 0.0570832 0.00299766 0.0244495
9.98334E-05 9.98334E-05 0.0465861 9.98334E-05 0.0309293 9.98334E-05 9.98334E-05 9.98334E-05 9.98334E-05 9.98334E-05 0.917998 9.98334E-05 9.98334E-05 9.98334E-05 9.98334E-05 9.98334E-05 9.98334E-05 9.98334E-05 9.98334E-05 9.98334E-05 0.0025898 9.98334E-05 9.98334E-05
0.0188745 9.9886E-05 0.218777 9.9886E-05 9.9886E-05 9.9886E-05 0.0411297 9.9886E-05 0.0682921 0.0296792 0.287454 9.9886E-05 0.0701664 9.9886E-05 0.133289 0.0887627 9.9886E-05 9.9886E-05 9.9886E-05 9.9886E-05 9.9886E-05 9.9886E-05 0.0422755
9.98508E-05 9.98508E-05 9.98508E-05 9.98508E-05 9.98508E-05 9.98508E-05 9.98508E-05 9.98508E-05 9.98508E-05 9.98508E-05 0.639943 0.0826775 9.98508E-05 9.98508E-05 0.0610357 0.0545285 9.98508E-05 9.98508E-05 0.0910463 9.98508E-05 0.0690716 9.98508E-05 9.98508E-05
9.98245E-05 9.98245E-05 9.98245E-05 9.98245E-05 0.0248359 9.98245E-05 9.98245E-05 9.98245E-05 9.98245E-05 9.98245E-05 0.945303 9.98245E-05 9.98245E-05 9.98245E-05 9.98245E-05 0.0278649 9.98245E-05 9.98245E-05 9.98245E-05 9.98245E-05 9.98245E-05 9.98245E-05 9.98245E-05
9.98508E-05 9.98508E-05 9.98508E-05 9.98508E-05 9.98508E-05 9.98508E-05 9.98508E-05 9.98508E-05 9.98508E-05 0.0406449 0.382372 9.98508E-05 9.98508E-05 9.98508E-05 0.207357 0.214463 0.0987405 9.98508E-05 0.0547251 9.98508E-05 9.98508E-05 9.98508E-05 9.98508E-05
9.98421E-05 9.98421E-05 0.113671 9.98421E-05 9.98421E-05 9.98421E-05 9.98421E-05 9.98421E-05 9.98421E-05 9.98421E-05 0.67315 0.0363512 9.98421E-05 9.98421E-05 9.98421E-05 0.164024 9.98421E-05 9.98421E-05 9.98421E-05 0.0110059 9.98421E-05 9.98421E-05 9.98421E-05
9.9842E-05 9.9842E-05 9.9842E-05 9.9842E-05 9.9842E-05 0.107849 9.9842E-05 9.9842E-05 9.9842E-05 9.9842E-05 0.384094 9.9842E-05 9.9842E-05 9.9842E-05 0.225745 0.186074 9.9842E-05 9.9842E-05 0.0944416 9.9842E-05 9.9842E-05 9.9842E-05 9.9842E-05
0.0745479 9.98598E-05 0.233612 9.98598E-05 9.98598E-05 9.98598E-05 9.98598E-05 9.98598E-05 9.98598E-05 9.98598E-05 0.413175 0.0104666 9.98598E-05 9.98598E-05 0.126761 0.127719 9.98598E-05 9.98598E-05 0.0121202 9.98598E-05 9.98598E-05 9.98598E-05 9.98598E-05
9.9842E-05 9.9842E-05 9.9842E-05 9.9842E-05 9.9842E-05 9.9842E-05 9.9842E-05 0.00843022 0.136089 9.9842E-05 0.0798977 0.745681 9.9842E-05 9.9842E-05 0.0281043 9.9842E-05 9.9842E-05 9.9842E-05 9.9842E-05 9.9842E-05 9.9842E-05 9.9842E-05 9.9842E-05
9.98331E-05 9.98331E-05 9.98331E-05 9.98331E-05 9.98331E-05 9.98331E-05 9.98331E-05 9.98331E-05 9.98331E-05 9.98331E-05 0.752272 9.98331E-05 9.98331E-05 9.98331E-05 0.153125 0.0720799 0.0206261 9.98331E-05 9.98331E-05 9.98331E-05 9.98331E-05 9.98331E-05 9.98331E-05
9.98248E-05 9.98248E-05 9.98248E-05 9.98248E-05 9.98248E-05 9.98248E-05 9.98248E-05 9.98248E-05 9.98248E-05 9.98248E-05 0.561997 9.98248E-05 9.98248E-05 9.98248E-05 0.209751 0.226255 9.98248E-05 9.98248E-05 9.98248E-05 9.98248E-05 9.98248E-05 9.98248E-05 9.98248E-05
9.98421E-05 9.98421E-05 9.98421E-05 0.0039208 9.98421E-05 9.98421E-05 9.98421E-05 9.98421E-05 9.98421E-05 9.98421E-05 0.593817 0.206439 9.98421E-05 9.98421E-05 0.134048 9.98421E-05 9.98421E-05 9.98421E-05 9.98421E-05 9.98421E-05 0.0599788 9.98421E-05 9.98421E-05
9.98598E-05 9.98598E-05 0.0246033 9.98598E-05 0.0272352 9.98598E-05 9.98598E-05 9.98598E-05 9.98598E-05 9.98598E-05 0.688777 9.98598E-05 9.98598E-05 0.0175006 0.187535 0.0301684 9.98598E-05 9.98598E-05 0.0225826 9.98598E-05 9.98598E-05 9.98598E-05 9.98598E-05
9.98333E-05 9.98333E-05 9.98333E-05 9.98333E-05 9.98333E-05 9.98333E-05 9.98333E-05 9.98333E-05 9.98333E-05 9.98333E-05 0.782317 0.151568 9.98333E-05 0.0174895 0.0467289 9.98333E-05 9.98333E-05 9.98333E-05 9.98333E-05 9.98333E-05 9.98333E-05 9.98333E-05 9.98333E-05
9.98419E-05 9.98419E-05 9.98419E-05 9.98419E-05 9.98419E-05 9.98419E-05 9.98419E-05 9.98419E-05 9.98419E-05 0.117586 0.394656 9.98419E-05 9.98419E-05 9.98419E-05 0.131446 0.259694 9.98419E-05 9.98419E-05 9.98419E-05 9.98419E-05 0.0948207 9.98419E-05 9.98419E-05
9.9842E-05 0.110565 9.9842E-05 9.9842E-05 9.9842E-05 9.9842E-05 9.9842E-05 9.9842E-05 9.9842E-05 9.9842E-05 0.836236 9.9842E-05 9.9842E-05 9.9842E-05 0.0393452 0.000522228 9.9842E-05 9.9842E-05 9.9842E-05 0.0115341 9.9842E-05 9.9842E-05 9.9842E-05
9.98246E-05 9.98246E-05 0.0461205 9.98246E-05 9.98246E-05 9.98246E-05 9.98246E-05 9.98246E-05 9.98246E-05 9.98246E-05 0.870658 9.98246E-05 9.98246E-05 9.98246E-05 0.0812246 9.98246E-05 9.98246E-05 9.98246E-05 9.98246E-05 9.98246E-05 9.98246E-05 9.98246E-05 9.98246E-05
9.98683E-05 9.98683E-05 0.231913 9.98683E-05 0.0196522 9.98683E-05 0.069967 9.98683E-05 9.98683E-05 9.98683E-05 0.504155 9.98683E-05 0.0607172 9.98683E-05 9.98683E-05 0.0520006 9.98683E-05 0.0182677 9.98683E-05 9.98683E-05 9.98683E-05 9.98683E-05 0.0418298
9.98331E-05 9.98331E-05 9.98331E-05 9.98331E-05 9.98331E-05 9.98331E-05 9.98331E-05 9.98331E-05 9.98331E-05 9.98331E-05 0.662788 9.98331E-05 9.98331E-05 9.98331E-05 0.194018 0.0937095 9.98331E-05 0.0475878 9.98331E-05 9.98331E-05 9.98331E-05 9.98331E-05 9.98331E-05
9.9842E-05 9.9842E-05 0.184552 9.9842E-05 0.012225 9.9842E-05 9.9842E-05 9.9842E-05 9.9842E-05 9.9842E-05 0.207724 0.524646 9.9842E-05 9.9842E-05 9.9842E-05 0.0690556 9.9842E-05 9.9842E-05 9.9842E-05 9.9842E-05 9.9842E-05 9.9842E-05 9.9842E-05
9.98422E-05 9.98422E-05 0.0958426 9.98422E-05 9.98422E-05 9.98422E-05 9.98422E-05 9.98422E-05 9.98422E-05 0.0249616 0.564883 0.215024 9.98422E-05 9.98422E-05 0.0974915 9.98422E-05 9.98422E-05 9.98422E-05 9.98422E-05 9.98422E-05 9.98422E-05 9.98422E-05 9.98422E-05
9.98245E-05 9.98245E-05 9.98245E-05 9.98245E-05 9.98245E-05 9.98245E-05 9.98245E-05 9.98245E-05 9.98245E-05 9.98245E-05 0.323902 0.61086 9.98245E-05 9.98245E-05 9.98245E-05 9.98245E-05 9.98245E-05 9.98245E-05 9.98245E-05 9.98245E-05 0.0632412 9.98245E-05 9.98245E-05
9.98246E-05 9.98246E-05 0.676578 9.98246E-05 9.98246E-05 9.98246E-05 9.98246E-05 9.98246E-05 9.98246E-05 0.0317666 0.289659 9.98246E-05 9.98246E-05 9.98246E-05 9.98246E-05 9.98246E-05 9.98246E-05 9.98246E-05 9.98246E-05 9.98246E-05 9.98246E-05 9.98246E-05 9.98246E-05
9.98331E-05 9.98331E-05 9.98331E-05 9.98331E-05 9.98331E-05 9.98331E-05 9.98331E-05 9.98331E-05 9.98331E-05 9.98331E-05 0.54469 9.98331E-05 9.98331E-05 9.98331E-05 0.257657 0.109531 9.98331E-05 9.98331E-05 0.0862243 9.98331E-05 9.98331E-05 9.98331E-05 9.98331E-05
9.98333E-05 9.98333E-05 9.98333E-05 9.98333E-05 9.98333E-05 9.98333E-05 0.0247255 9.98333E-05 9.98333E-05 9.98333E-05 0.842432 9.98333E-05 9.98333E-05 9.98333E-05 9.98333E-05 0.12104 9.98333E-05 9.98333E-05 9.98333E-05 9.98333E-05 0.00990586 9.98333E-05 9.98333E-05
9.98509E-05 9.98509E-05 0.684616 9.98509E-05 9.98509E-05 9.98509E-05 0.00968816 9.98509E-05 9.98509E-05 0.0869138 0.0330847 9.98509E-05 9.98509E-05 9.98509E-05 0.0401563 0.143844 9.98509E-05 9.98509E-05 9.98509E-05 9.98509E-05 9.98509E-05 9.98509E-05 9.98509E-05
9.98246E-05 9.98246E-05 0.683487 9.98246E-05 9.98246E-05 9.98246E-05 9.98246E-05 9.98246E-05 9.98246E-05 9.98246E-05 0.265294 9.98246E-05 9.98246E-05 9.98246E-05 0.0492226 9.98246E-05 9.98246E-05 9.98246E-05 9.98246E-05 9.98246E-05 9.98246E-05 9.98246E-05 9.98246E-05
9.9842E-05 0.0043727 9.9842E-05 9.9842E-05 9.9842E-05 9.9842E-05 9.9842E-05 9.9842E-05 9.9842E-05 0.138838 0.53922 9.9842E-05 9.9842E-05 9.9842E-05 9.9842E-05 0.169452 9.9842E-05 9.9842E-05 0.146321 9.9842E-05 9.9842E-05 9.9842E-05 9.9842E-05
0.230496 9.98596E-05 0.0208279 9.98596E-05 9.98596E-05 9.98596E-05 0.00834008 9.98596E-05 9.98596E-05 9.98596E-05 0.508505 9.98596E-05 9.98596E-05 9.98596E-05 0.0950541 0.119921 9.98596E-05 0.0152579 9.98596E-05 9.98596E-05 9.98596E-05 9.98596E-05 9.98596E-05
9.98686E-05 9.98686E-05 0.0401421 9.98686E-05 9.98686E-05 9.98686E-05 0.000518158 9.98686E-05 0.122741 9.98686E-05 0.530287 9.98686E-05 9.98686E-05 0.0242791 0.0226882 0.142161 9.98686E-05 9.98686E-05 0.115685 9.98686E-05 9.98686E-05 9.98686E-05 9.98686E-05
9.9851E-05 0.0771555 9.9851E-05 9.9851E-05 9.9851E-05 0.0134407 9.9851E-05 9.9851E-05 9.9851E-05 0.00668377 0.454134 9.9851E-05 9.9851E-05 9.9851E-05 0.162882 0.284007 9.9851E-05 9.9851E-05 9.9851E-05 9.9851E-05 9.9851E-05 9.9851E-05 9.9851E-05
9.98244E-05 9.98244E-05 0.0674802 9.98244E-05 9.98244E-05 9.98244E-05 9.98244E-05 9.98244E-05 9.98244E-05 9.98244E-05 0.326886 0.603637 9.98244E-05 9.98244E-05 9.98244E-05 9.98244E-05 9.98244E-05 9.98244E-05 9.98244E-05 9.98244E-05 9.98244E-05 9.98244E-05 9.98244E-05
9.98333E-05 9.98333E-05 9.98333E-05 9.98333E-05 9.98333E-05 9.98333E-05 9.98333E-05 9.98333E-05 9.98333E-05 0.00109349 0.779617 9.98333E-05 9.98333E-05 9.98333E-05 0.0737251 9.98333E-05 9.98333E-05 9.98333E-05 9.98333E-05 9.98333E-05 9.98333E-05 9.98333E-05 0.143668
9.98507E-05 9.98507E-05 9.98507E-05 9.98507E-05 9.98507E-05 9.98507E-05 9.98507E-05 9.98507E-05 9.98507E-05 9.98507E-05 0.0555485 0.700017 9.98507E-05 9.98507E-05 0.0112459 0.119823 9.98507E-05 9.98507E-05 0.0475371 9.98507E-05 0.0641312 9.98507E-05 9.98507E-05
9.9851E-05 9.9851E-05 0.223001 9.9851E-05 9.9851E-05 9.9851E-05 9.9851E-05 9.9851E-05 9.9851E-05 9.9851E-05 0.437343 0.0719531 9.9851E-05 9.9851E-05 0.165012 0.081774 9.9851E-05 0.0192191 9.9851E-05 9.9851E-05 9.9851E-05 9.9851E-05 9.9851E-05
9.98421E-05 9.98421E-05 9.98421E-05 9.98421E-05 9.98421E-05 9.98421E-05 9.98421E-05 0.00341228 9.98421E-05 9.98421E-05 0.887758 9.98421E-05 9.98421E-05 0.0277544 9.98421E-05 0.0473638 9.98421E-05 9.98421E-05 0.0319148 9.98421E-05 9.98421E-05 9.98421E-05 9.98421E-05
9.98157E-05 9.98157E-05 9.98157E-05 9.98157E-05 9.98157E-05 9.98157E-05 9.98157E-05 9.98157E-05 9.98157E-05 9.98157E-05 0.919582 9.98157E-05 9.98157E-05 9.98157E-05 9.98157E-05 9.98157E-05 9.98157E-05 9.98157E-05 9.98157E-05 9.98157E-05 9.98157E-05 9.98157E-05 0.0783219
9.98419E-05 9.98419E-05 9.98419E-05 9.98419E-05 9.98419E-05 0.0228851 9.98419E-05 9.98419E-05 9.98419E-05 9.98419E-05 0.38514 9.98419E-05 9.98419E-05 9.98419E-05 0.212684 0.135728 9.98419E-05 9.98419E-05 0.241766 9.98419E-05 9.98419E-05 9.98419E-05 9.98419E-05
9.98244E-05 9.98244E-05 9.98244E-05 9.98244E-05 9.98244E-05 9.98244E-05 9.98244E-05 9.98244E-05 9.98244E-05 9.98244E-05 0.76303 9.98244E-05 9.98244E-05 9.98244E-05 0.084124 0.15085 9.98244E-05 9.98244E-05 9.98244E-05 9.98244E-05 9.98244E-05 9.98244E-05 9.98244E-05
9.9842E-05 9.9842E-05 9.9842E-05 9.9842E-05 0.0107922 9.9842E-05 9.9842E-05 9.9842E-05 9.9842E-05 9.9842E-05 0.846895 9.9842E-05 9.9842E-05 0.113085 9.9842E-05 0.0231618 9.9842E-05 9.9842E-05 9.9842E-05 9.9842E-05 9.9842E-05 9.9842E-05 0.00426809
9.98422E-05 9.98422E-05 9.98422E-05 9.98422E-05 9.98422E-05 9.98422E-05 9.98422E-05 9.98422E-05 9.98422E-05 0.197048 0.612877 0.11269 0.040583 9.98422E-05 0.0350044 9.98422E-05 9.98422E-05 9.98422E-05 9.98422E-05 9.98422E-05 9.98422E-05 9.98422E-05 9.98422E-05
9.98419E-05 9.98419E-05 9.98419E-05 9.98419E-05 9.98419E-05 9.98419E-05 9.98419E-05 9.98419E-05 9.98419E-05 9.98419E-05 0.557545 0.223438 9.98419E-05 9.98419E-05 0.0115559 0.148495 9.98419E-05 9.98419E-05 0.0571689 9.98419E-05 9.98419E-05 9.98419E-05 9.98419E-05
9.98067E-05 9.98067E-05 9.98067E-05 9.98067E-05 9.98067E-05 9.98067E-05 9.98067E-05 9.98067E-05 9.98067E-05 9.98067E-05 9.98067E-05 9.98067E-05 9.98067E-05 9.98067E-05 0.997804 9.98067E-05 9.98067E-05 9.98067E-05 9.98067E-05 9.98067E-05 9.98067E-05 9.98067E-05 9.98067E-05
9.98066E-05 9.98066E-05 9.98066E-05 9.98066E-05 9.98066E-05 9.98066E-05 9.98066E-05 9.98066E-05 9.98066E-05 9.98066E-05 9.98066E-05 9.98066E-05 9.98066E-05 9.98066E-05 9.98066E-05 0.997804 9.98066E-05 9.98066E-05 9.98066E-05 9.98066E-05 9.98066E-05 9.98066E-05 9.98066E-05
9.98066E-05 9.98066E-05 9.98066E-05 9.98066E-05 9.98066E-05 9.98066E-05 9.98066E-05 9.98066E-05 9.98066E-05 9.98066E-05 9.98066E-05 9.98066E-05 9.98066E-05 9.98066E-05 0.997804 9.98066E-05 9.98066E-05 9.98066E-05 9.98066E-05 9.98066E-05 9.98066E-05 9.98066E-05 9.98066E-05
9.98066E-05 9.98066E-05 9.98066E-05 9.98066E-05 9.98066E-05 9.98066E-05 9.98066E-05 9.98066E-05 9.98066E-05 9.98066E-05 9.98066E-05 9.98066E-05 9.98066E-05 9.98066E-05 9.98066E-05 0.997804 9.98066E-05 9.98066E-05 9.98066E-05 9.98066E-05 9.98066E-05 9.98066E-05 9.98066E-05
