0.102396 0.0440062 9.9877E-05 9.9877E-05 9.9877E-05 9.9877E-05 9.9877E-05 9.9877E-05 0.0344246 0.0147212 9.9877E-05 0.214124 9.9877E-05 9.9877E-05 9.9877E-05 0.0935367 9.9877E-05 0.0520761 9.9877E-05 9.9877E-05 0.0363699 9.9877E-05 0.406947
9.98421E-05 9.98421E-05 9.98421E-05 0.0624234 9.98421E-05 9.98421E-05 9.98421E-05 9.98421E-05 9.98421E-05 9.98421E-05 9.98421E-05 0.108283 9.98421E-05 9.98421E-05 0.656611 9.98421E-05 9.98421E-05 9.98421E-05 9.98421E-05 9.98421E-05 0.103607 9.98421E-05 0.0672786
0.0522577 9.9842E-05 9.9842E-05 9.9842E-05 9.9842E-05 9.9842E-05 9.9842E-05 9.9842E-05 9.9842E-05 9.9842E-05 9.9842E-05 9.9842E-05 0.0332879 0.00450387 0.882578 9.9842E-05 0.0255749 9.9842E-05 9.9842E-05 9.9842E-05 9.9842E-05 9.9842E-05 9.9842E-05
0.00950963 0.035362 9.98684E-05 9.98684E-05 9.98684E-05 9.98684E-05 0.263052 9.98684E-05 0.148006 0.143017 9.98684E-05 9.98684E-05 9.98684E-05 9.98684E-05 9.98684E-05 9.98684E-05 9.98684E-05 9.98684E-05 0.0252571 9.98684E-05 9.98684E-05 0.0810272 0.293271
9.98246E-05 9.98246E-05 9.98246E-05 9.98246E-05 9.98246E-05 9.98246E-05 9.98246E-05 9.98246E-05 9.98246E-05 0.146732 9.98246E-05 9.98246E-05 0.0150092 9.98246E-05 9.98246E-05 9.98246E-05 9.98246E-05 9.98246E-05 9.98246E-05 9.98246E-05 9.98246E-05 9.98246E-05 0.836262
9.98684E-05 9.98684E-05 9.98684E-05 9.98684E-05 9.98684E-05 0.0619213 9.98684E-05 9.98684E-05 9.98684E-05 0.25237 9.98684E-05 0.20071 0.0511395 9.98684E-05 0.169846 9.98684E-05 9.98684E-05 9.98684E-05 9.98684E-05 0.201229 0.0362368 9.98684E-05 0.0250488
9.99036E-05 0.0881254 9.99036E-05 0.0751192 0.0980429 9.99036E-05 0.0744929 9.99036E-05 0.146575 0.0220398 9.99036E-05 0.137095 9.99036E-05 9.99036E-05 0.0894912 9.99036E-05 0.0332491 9.99036E-05 9.99036E-05 9.99036E-05 0.0139392 0.0333327 0.187399
9.99035E-05 9.99035E-05 9.99035E-05 9.99035E-05 0.0439793 0.137329 9.99035E-05 9.99035E-05 0.20906 0.0126275 9.99035E-05 0.0701368 0.0133675 9.99035E-05 0.201635 0.169736 9.99035E-05 0.0225933 9.99035E-05 0.0283127 9.99035E-05 0.0668469 0.0232771
0.188554 9.98596E-05 9.98596E-05 9.98596E-05 9.98596E-05 0.267061 9.98596E-05 9.98596E-05 0.0398914 0.0792186 9.98596E-05 9.98596E-05 9.98596E-05 9.98596E-05 0.0610565 9.98596E-05 0.15885 9.98596E-05 9.98596E-05 9.98596E-05 9.98596E-05 9.98596E-05 0.20377
0.0437284 9.98158E-05 9.98158E-05 9.98158E-05 9.98158E-05 9.98158E-05 9.98158E-05 9.98158E-05 9.98158E-05 9.98158E-05 9.98158E-05 9.98158E-05 9.98158E-05 9.98158E-05 9.98158E-05 9.98158E-05 9.98158E-05 9.98158E-05 9.98158E-05 9.98158E-05 9.98158E-05 9.98158E-05 0.954175
0.158722 0.126153 9.9842E-05 9.9842E-05 9.9842E-05 9.9842E-05 9.9842E-05 9.9842E-05 0.0254496 9.9842E-05 9.9842E-05 0.0426401 9.9842E-05 9.9842E-05 9.9842E-05 9.9842E-05 9.9842E-05 9.9842E-05 9.9842E-05 9.9842E-05 9.9842E-05 9.9842E-05 0.645238
9.98157E-05 9.98157E-05 9.98157E-05 9.98157E-05 9.98157E-05 9.98157E-05 9.98157E-05 9.98157E-05 9.98157E-05 9.98157E-05 9.98157E-05 9.98157E-05 9.98157E-05 9.98157E-05 0.966873 9.98157E-05 9.98157E-05 9.98157E-05 9.98157E-05 0.0310309 9.98157E-05 9.98157E-05 9.98157E-05
0.0685186 0.0168932 9.98334E-05 9.98334E-05 9.98334E-05 9.98334E-05 9.98334E-05 9.98334E-05 9.98334E-05 9.98334E-05 9.98334E-05 9.98334E-05 9.98334E-05 9.98334E-05 9.98334E-05 9.98334E-05 9.98334E-05 9.98334E-05 0.00857136 9.98334E-05 9.98334E-05 9.98334E-05 0.90412
0.0325595 0.0206197 0.0637803 9.98772E-05 9.98772E-05 9.98772E-05 9.98772E-05 0.0458492 0.00372547 9.98772E-05 9.98772E-05 9.98772E-05 0.0514519 0.0541785 0.559214 9.98772E-05 9.98772E-05 9.98772E-05 9.98772E-05 9.98772E-05 9.98772E-05 9.98772E-05 0.167223
0.114021 9.98686E-05 9.98686E-05 9.98686E-05 9.98686E-05 0.163531 9.98686E-05 0.0387498 0.00433898 9.98686E-05 9.98686E-05 0.146316 9.98686E-05 0.127195 9.98686E-05 0.0248183 9.98686E-05 9.98686E-05 9.98686E-05 9.98686E-05 9.98686E-05 9.98686E-05 0.379531
0.0786582 9.98771E-05 9.98771E-05 9.98771E-05 0.0790145 0.149696 0.168596 9.98771E-05 0.0849465 0.16332 0.0038629 0.117011 9.98771E-05 9.98771E-05 0.153497 9.98771E-05 9.98771E-05 9.98771E-05 9.98771E-05 9.98771E-05 9.98771E-05 9.98771E-05 9.98771E-05
0.0125173 9.98684E-05 0.110666 9.98684E-05 0.0432126 9.98684E-05 9.98684E-05 9.98684E-05 9.98684E-05 9.98684E-05 9.98684E-05 9.98684E-05 9.98684E-05 9.98684E-05 0.442813 0.0245944 9.98684E-05 0.0237562 9.98684E-05 9.98684E-05 0.132773 9.98684E-05 0.20817
0.111579 9.98597E-05 9.98597E-05 9.98597E-05 9.98597E-05 0.00958407 9.98597E-05 9.98597E-05 0.155402 9.98597E-05 0.237248 0.213697 9.98597E-05 9.98597E-05 9.98597E-05 9.98597E-05 9.98597E-05 9.98597E-05 0.102757 9.98597E-05 9.98597E-05 9.98597E-05 0.168136
0.239368 9.98509E-05 9.98509E-05 9.98509E-05 9.98509E-05 0.0495084 9.98509E-05 9.98509E-05 0.242913 9.98509E-05 9.98509E-05 9.98509E-05 9.98509E-05 9.98509E-05 0.0412296 9.98509E-05 9.98509E-05 9.98509E-05 9.98509E-05 0.135308 9.98509E-05 9.98509E-05 0.289975
0.0129651 9.98247E-05 9.98247E-05 9.98247E-05 9.98247E-05 9.98247E-05 9.98247E-05 9.98247E-05 9.98247E-05 9.98247E-05 9.98247E-05 9.98247E-05 9.98247E-05 9.98247E-05 9.98247E-05 9.98247E-05 9.98247E-05 9.98247E-05 0.00905447 9.98247E-05 9.98247E-05 9.98247E-05 0.975984
0.0300968 0.0371206 9.9886E-05 9.9886E-05 9.9886E-05 0.0682833 9.9886E-05 0.00200892 0.0534735 0.0147058 9.9886E-05 9.9886E-05 9.9886E-05 9.9886E-05 0.43094 9.9886E-05 0.00842527 9.9886E-05 9.9886E-05 9.9886E-05 9.9886E-05 0.282816 0.0708316
9.98685E-05 9.98685E-05 9.98685E-05 0.0864602 9.98685E-05 0.137256 9.98685E-05 9.98685E-05 0.306089 9.98685E-05 9.98685E-05 9.98685E-05 0.0469493 0.0112754 9.98685E-05 0.0162731 9.98685E-05 9.98685E-05 9.98685E-05 0.133649 9.98685E-05 9.98685E-05 0.260549
0.0382095 0.0436893 9.98509E-05 9.98509E-05 9.98509E-05 9.98509E-05 0.00258868 9.98509E-05 9.98509E-05 0.0455802 9.98509E-05 0.0841227 9.98509E-05 9.98509E-05 0.784112 9.98509E-05 9.98509E-05 9.98509E-05 9.98509E-05 9.98509E-05 9.98509E-05 9.98509E-05 9.98509E-05
0.227305 9.98421E-05 9.98421E-05 9.98421E-05 9.98421E-05 9.98421E-05 9.98421E-05 9.98421E-05 0.238345 9.98421E-05 9.98421E-05 0.0414535 9.98421E-05 9.98421E-05 9.98421E-05 9.98421E-05 0.0742907 9.98421E-05 9.98421E-05 9.98421E-05 9.98421E-05 9.98421E-05 0.416809
0.252473 0.00864932 9.98683E-05 9.98683E-05 9.98683E-05 0.0317201 9.98683E-05 0.146275 0.0562273 9.98683E-05 9.98683E-05 9.98683E-05 9.98683E-05 0.131425 9.98683E-05 9.98683E-05 9.98683E-05 9.98683E-05 0.0426637 9.98683E-05 9.98683E-05 9.98683E-05 0.329069
0.0600622 9.98421E-05 9.98421E-05 9.98421E-05 9.98421E-05 0.0158608 9.98421E-05 9.98421E-05 9.98421E-05 9.98421E-05 9.98421E-05 9.98421E-05 0.0195067 0.108641 9.98421E-05 9.98421E-05 9.98421E-05 9.98421E-05 9.98421E-05 9.98421E-05 9.98421E-05 9.98421E-05 0.794132
0.111627 9.98683E-05 9.98683E-05 0.263847 9.98683E-05 9.98683E-05 0.0514259 9.98683E-05 0.127811 9.98683E-05 0.0846988 9.98683E-05 9.98683E-05 0.199623 9.98683E-05 9.98683E-05 9.98683E-05 9.98683E-05 9.98683E-05 9.98683E-05 9.98683E-05 0.0630943 0.0963753
0.0509475 9.98421E-05 9.98421E-05 9.98421E-05 9.98421E-05 9.98421E-05 0.0559252 9.98421E-05 0.0478167 9.98421E-05 9.98421E-05 9.98421E-05 9.98421E-05 9.98421E-05 9.98421E-05 9.98421E-05 9.98421E-05 9.98421E-05 9.98421E-05 0.023589 9.98421E-05 9.98421E-05 0.819924
0.198681 9.98422E-05 9.98422E-05 0.0240429 9.98422E-05 9.98422E-05 9.98422E-05 9.98422E-05 0.0449144 9.98422E-05 9.98422E-05 9.98422E-05 9.98422E-05 0.0469961 0.683569 9.98422E-05 9.98422E-05 9.98422E-05 9.98422E-05 9.98422E-05 9.98422E-05 9.98422E-05 9.98422E-05
9.98334E-05 9.98334E-05 9.98334E-05 9.98334E-05 9.98334E-05 0.0292753 9.98334E-05 9.98334E-05 9.98334E-05 0.0964074 9.98334E-05 0.002039 9.98334E-05 9.98334E-05 0.870381 9.98334E-05 9.98334E-05 9.98334E-05 9.98334E-05 9.98334E-05 9.98334E-05 9.98334E-05 9.98334E-05
0.047958 0.0307405 9.98684E-05 0.0321173 9.98684E-05 0.00603865 9.98684E-05 9.98684E-05 0.0232825 9.98684E-05 9.98684E-05 0.0846812 9.98684E-05 9.98684E-05 9.98684E-05 9.98684E-05 9.98684E-05 9.98684E-05 0.0562527 9.98684E-05 9.98684E-05 9.98684E-05 0.717431
0.0446037 0.0589135 9.9851E-05 9.9851E-05 9.9851E-05 9.9851E-05 9.9851E-05 9.9851E-05 0.0111518 0.265633 9.9851E-05 9.9851E-05 9.9851E-05 9.9851E-05 9.9851E-05 9.9851E-05 9.9851E-05 9.9851E-05 9.9851E-05 0.00859728 9.9851E-05 9.9851E-05 0.609403
0.0903666 0.123223 9.98683E-05 9.98683E-05 0.0454395 9.98683E-05 9.98683E-05 9.98683E-05 0.0523963 9.98683E-05 9.98683E-05 0.112348 9.98683E-05 0.048855 0.0298307 9.98683E-05 9.98683E-05 9.98683E-05 9.98683E-05 9.98683E-05 9.98683E-05 9.98683E-05 0.496042
0.0664698 9.98421E-05 9.98421E-05 9.98421E-05 9.98421E-05 9.98421E-05 9.98421E-05 9.98421E-05 0.15776 9.98421E-05 9.98421E-05 9.98421E-05 9.98421E-05 0.186723 0.581245 9.98421E-05 9.98421E-05 0.00600561 9.98421E-05 9.98421E-05 9.98421E-05 9.98421E-05 9.98421E-05
9.98422E-05 0.0294335 9.98422E-05 0.0228097 9.98422E-05 9.98422E-05 9.98422E-05 9.98422E-05 9.98422E-05 9.98422E-05 9.98422E-05 9.98422E-05 9.98422E-05 9.98422E-05 0.837183 9.98422E-05 9.98422E-05 9.98422E-05 9.98422E-05 0.0243556 9.98422E-05 9.98422E-05 0.0844206
9.98423E-05 0.00896518 9.98423E-05 0.0182178 9.98423E-05 9.98423E-05 0.173502 9.98423E-05 9.98423E-05 9.98423E-05 9.98423E-05 9.98423E-05 9.98423E-05 9.98423E-05 9.98423E-05 9.98423E-05 9.98423E-05 9.98423E-05 9.98423E-05 9.98423E-05 0.0100891 9.98423E-05 0.787429
9.98335E-05 9.98335E-05 9.98335E-05 9.98335E-05 0.0153471 9.98335E-05 9.98335E-05 9.98335E-05 9.98335E-05 9.98335E-05 9.98335E-05 9.98335E-05 9.98335E-05 9.98335E-05 0.350786 9.98335E-05 9.98335E-05 9.98335E-05 9.98335E-05 0.106181 9.98335E-05 9.98335E-05 0.525789
0.0023405 0.0136181 9.9851E-05 9.9851E-05 9.9851E-05 0.225978 0.00263383 9.9851E-05 9.9851E-05 9.9851E-05 9.9851E-05 9.9851E-05 9.9851E-05 9.9851E-05 0.638353 9.9851E-05 9.9851E-05 9.9851E-05 9.9851E-05 9.9851E-05 0.11538 9.9851E-05 9.9851E-05
0.127346 0.061483 9.98684E-05 9.98684E-05 9.98684E-05 0.000641596 9.98684E-05 9.98684E-05 0.00801369 9.98684E-05 9.98684E-05 9.98684E-05 0.0364643 0.0291793 0.653808 9.98684E-05 9.98684E-05 9.98684E-05 9.98684E-05 9.98684E-05 0.0815659 9.98684E-05 9.98684E-05
0.104909 9.98508E-05 9.98508E-05 9.98508E-05 0.0829835 9.98508E-05 9.98508E-05 9.98508E-05 0.00902184 9.98508E-05 9.98508E-05 9.98508E-05 9.98508E-05 0.219 0.529563 9.98508E-05 9.98508E-05 9.98508E-05 9.98508E-05 0.0528245 9.98508E-05 9.98508E-05 9.98508E-05
9.9842E-05 0.0155387 9.9842E-05 0.0399951 9.9842E-05 0.00760273 9.9842E-05 9.9842E-05 9.9842E-05 9.9842E-05 9.9842E-05 9.9842E-05 9.9842E-05 9.9842E-05 9.9842E-05 9.9842E-05 9.9842E-05 9.9842E-05 9.9842E-05 0.0176785 9.9842E-05 9.9842E-05 0.917388
0.0464863 9.9851E-05 9.9851E-05 0.106434 9.9851E-05 0.0343004 9.9851E-05 9.9851E-05 0.0929574 9.9851E-05 9.9851E-05 9.9851E-05 9.9851E-05 9.9851E-05 0.00594485 9.9851E-05 9.9851E-05 9.9851E-05 9.9851E-05 9.9851E-05 9.9851E-05 9.9851E-05 0.71218
9.98596E-05 9.98596E-05 0.0289443 0.0126239 9.98596E-05 9.98596E-05 9.98596E-05 9.98596E-05 9.98596E-05 9.98596E-05 0.00650263 9.98596E-05 0.0369746 9.98596E-05 9.98596E-05 9.98596E-05 9.98596E-05 9.98596E-05 9.98596E-05 0.0217234 9.98596E-05 0.0133176 0.878316
0.164852 9.98596E-05 9.98596E-05 9.98596E-05 9.98596E-05 0.0323656 9.98596E-05 9.98596E-05 0.118603 0.0421772 9.98596E-05 0.171626 9.98596E-05 9.98596E-05 0.436186 9.98596E-05 0.0325933 9.98596E-05 9.98596E-05 9.98596E-05 9.98596E-05 9.98596E-05 9.98596E-05
0.225038 9.98508E-05 9.98508E-05 9.98508E-05 9.98508E-05 9.98508E-05 0.0637734 9.98508E-05 0.334538 9.98508E-05 9.98508E-05 9.98508E-05 0.0523583 9.98508E-05 0.316165 9.98508E-05 9.98508E-05 9.98508E-05 9.98508E-05 0.00643102 9.98508E-05 9.98508E-05 9.98508E-05
0.0358884 9.98595E-05 9.98595E-05 9.98595E-05 9.98595E-05 9.98595E-05 9.98595E-05 9.98595E-05 9.98595E-05 9.98595E-05 0.00617039 9.98595E-05 9.98595E-05 9.98595E-05 0.108755 9.98595E-05 9.98595E-05 9.98595E-05 0.0153807 0.0816034 0.0269179 9.98595E-05 0.723686
0.0517229 0.0153443 9.98508E-05 9.98508E-05 9.98508E-05 9.98508E-05 0.0249596 9.98508E-05 9.98508E-05 0.0749583 0.0276803 9.98508E-05 9.98508E-05 9.98508E-05 9.98508E-05 9.98508E-05 9.98508E-05 9.98508E-05 9.98508E-05 9.98508E-05 9.98508E-05 9.98508E-05 0.803637
9.9807E-05 9.9807E-05 9.9807E-05 9.9807E-05 9.9807E-05 9.9807E-05 9.9807E-05 9.9807E-05 9.9807E-05 9.9807E-05 9.9807E-05 9.9807E-05 9.9807E-05 9.9807E-05 0.997804 9.9807E-05 9.9807E-05 9.9807E-05 9.9807E-05 9.9807E-05 9.9807E-05 9.9807E-05 9.9807E-05
0.0930814 0.035583 9.9842E-05 9.9842E-05 9.9842E-05 9.9842E-05 9.9842E-05 9.9842E-05 0.116887 9.9842E-05 9.9842E-05 9.9842E-05 9.9842E-05 9.9842E-05 0.733101 9.9842E-05 9.9842E-05 9.9842E-05 9.9842E-05 9.9842E-05 9.9842E-05 0.019551 9.9842E-05
9.986E-05 9.986E-05 9.986E-05 9.986E-05 0.00134778 9.986E-05 9.986E-05 0.025683 0.00790986 0.0380743 0.044625 9.986E-05 9.986E-05 9.986E-05 0.830646 9.986E-05 9.986E-05 9.986E-05 9.986E-05 0.0501159 9.986E-05 9.986E-05 9.986E-05
0.147562 0.123782 9.98859E-05 0.159047 9.98859E-05 0.0562114 9.98859E-05 9.98859E-05 9.98859E-05 0.1187 0.00199143 9.98859E-05 9.98859E-05 9.98859E-05 0.335591 9.98859E-05 9.98859E-05 0.0357254 9.98859E-05 0.0108086 9.98859E-05 9.98859E-05 0.00928229
9.98333E-05 9.98333E-05 9.98333E-05 9.98333E-05 9.98333E-05 9.98333E-05 0.126983 9.98333E-05 0.166583 9.98333E-05 9.98333E-05 9.98333E-05 9.98333E-05 9.98333E-05 9.98333E-05 9.98333E-05 0.0308108 9.98333E-05 9.98333E-05 9.98333E-05 9.98333E-05 9.98333E-05 0.673726
9.98248E-05 9.98248E-05 9.98248E-05 9.98248E-05 9.98248E-05 9.98248E-05 9.98248E-05 9.98248E-05 9.98248E-05 9.98248E-05 0.0342737 9.98248E-05 9.98248E-05 9.98248E-05 9.98248E-05 9.98248E-05 9.98248E-05 9.98248E-05 9.98248E-05 9.98248E-05 0.0362643 9.98248E-05 0.927465
9.98422E-05 9.98422E-05 9.98422E-05 9.98422E-05 0.170833 9.98422E-05 9.98422E-05 0.00340355 9.98422E-05 9.98422E-05 0.0434167 9.98422E-05 9.98422E-05 9.98422E-05 0.764178 9.98422E-05 9.98422E-05 9.98422E-05 0.0163723 9.98422E-05 9.98422E-05 9.98422E-05 9.98422E-05
0.0489104 9.98335E-05 9.98335E-05 9.98335E-05 9.98335E-05 0.00999518 9.98335E-05 0.0880806 9.98335E-05 9.98335E-05 9.98335E-05 9.98335E-05 9.98335E-05 9.98335E-05 0.851117 9.98335E-05 9.98335E-05 9.98335E-05 9.98335E-05 9.98335E-05 9.98335E-05 9.98335E-05 9.98335E-05
9.98598E-05 9.98598E-05 9.98598E-05 9.98598E-05 9.98598E-05 9.98598E-05 9.98598E-05 9.98598E-05 9.98598E-05 9.98598E-05 9.98598E-05 0.0340992 0.0245402 0.0948733 0.182981 9.98598E-05 9.98598E-05 9.98598E-05 0.0350632 0.0473148 9.98598E-05 9.98598E-05 0.57953
9.98333E-05 9.98333E-05 9.98333E-05 9.98333E-05 9.98333E-05 9.98333E-05 9.98333E-05 9.98333E-05 9.98333E-05 9.98333E-05 0.0804729 9.98333E-05 9.98333E-05 9.98333E-05 9.98333E-05 9.98333E-05 9.98333E-05 9.98333E-05 9.98333E-05 0.0921948 0.0506404 9.98333E-05 0.774795
0.000324276 0.0179235 9.98423E-05 9.98423E-05 9.98423E-05 9.98423E-05 0.214779 9.98423E-05 9.98423E-05 9.98423E-05 9.98423E-05 9.98423E-05 9.98423E-05 9.98423E-05 0.097839 9.98423E-05 9.98423E-05 9.98423E-05 9.98423E-05 9.98423E-05 9.98423E-05 9.98423E-05 0.667337
9.98157E-05 9.98157E-05 9.98157E-05 9.98157E-05 9.98157E-05 9.98157E-05 9.98157E-05 9.98157E-05 9.98157E-05 9.98157E-05 9.98157E-05 9.98157E-05 9.98157E-05 9.98157E-05 0.969561 0.0283429 9.98157E-05 9.98157E-05 9.98157E-05 9.98157E-05 9.98157E-05 9.98157E-05 9.98157E-05
0.163925 9.9842E-05 9.9842E-05 9.9842E-05 9.9842E-05 0.0430837 9.9842E-05 9.9842E-05 9.9842E-05 9.9842E-05 9.9842E-05 0.730983 9.9842E-05 9.9842E-05 9.9842E-05 0.0244849 9.9842E-05 9.9842E-05 9.9842E-05 9.9842E-05 0.0357263 9.9842E-05 9.9842E-05
9.9816E-05 9.9816E-05 9.9816E-05 9.9816E-05 9.9816E-05 9.9816E-05 9.9816E-05 9.9816E-05 9.9816E-05 9.9816E-05 9.9816E-05 0.976729 9.9816E-05 9.9816E-05 9.9816E-05 9.9816E-05 0.0211751 9.9816E-05 9.9816E-05 9.9816E-05 9.9816E-05 9.9816E-05 9.9816E-05
9.98246E-05 9.98246E-05 0.00343013 9.98246E-05 9.98246E-05 9.98246E-05 9.98246E-05 9.98246E-05 9.98246E-05 9.98246E-05 9.98246E-05 0.949075 9.98246E-05 9.98246E-05 9.98246E-05 9.98246E-05 9.98246E-05 9.98246E-05 9.98246E-05 0.045498 9.98246E-05 9.98246E-05 9.98246E-05
0.0164857 9.98511E-05 9.98511E-05 9.98511E-05 9.98511E-05 0.162028 9.98511E-05 9.98511E-05 9.98511E-05 9.98511E-05 0.0987754 0.349403 9.98511E-05 0.11147 9.98511E-05 9.98511E-05 9.98511E-05 9.98511E-05 9.98511E-05 9.98511E-05 0.26014 9.98511E-05 9.98511E-05
0.0415439 9.98593E-05 9.98593E-05 9.98593E-05 9.98593E-05 0.057646 9.98593E-05 9.98593E-05 0.0858101 9.98593E-05 0.0342105 0.695248 0.0229885 9.98593E-05 9.98593E-05 9.98593E-05 9.98593E-05 9.98593E-05 0.0609549 9.98593E-05 9.98593E-05 9.98593E-05 9.98593E-05
0.232523 9.98331E-05 9.98331E-05 9.98331E-05 9.98331E-05 9.98331E-05 9.98331E-05 0.0481915 0.122565 9.98331E-05 9.98331E-05 0.594824 9.98331E-05 9.98331E-05 9.98331E-05 9.98331E-05 9.98331E-05 9.98331E-05 9.98331E-05 9.98331E-05 9.98331E-05 9.98331E-05 9.98331E-05
0.165609 9.98332E-05 9.98332E-05 9.98332E-05 9.98332E-05 9.98332E-05 9.98332E-05 9.98332E-05 9.98332E-05 9.98332E-05 9.98332E-05 0.469523 9.98332E-05 9.98332E-05 9.98332E-05 9.98332E-05 9.98332E-05 9.98332E-05 0.0437778 9.98332E-05 0.319193 9.98332E-05 9.98332E-05
0.133945 9.98595E-05 9.98595E-05 9.98595E-05 9.98595E-05 0.0867908 9.98595E-05 9.98595E-05 9.98595E-05 0.04682 0.17744 0.524295 9.98595E-05 0.0204936 9.98595E-05 9.98595E-05 9.98595E-05 9.98595E-05 9.98595E-05 9.98595E-05 0.00861844 9.98595E-05 9.98595E-05
0.0478106 9.98509E-05 9.98509E-05 0.025613 9.98509E-05 9.98509E-05 9.98509E-05 9.98509E-05 9.98509E-05 9.98509E-05 0.0120911 0.900646 9.98509E-05 9.98509E-05 9.98509E-05 9.98509E-05 0.0067782 9.98509E-05 9.98509E-05 9.98509E-05 0.00536315 9.98509E-05 9.98509E-05
9.98157E-05 0.0688922 9.98157E-05 9.98157E-05 9.98157E-05 9.98157E-05 9.98157E-05 9.98157E-05 9.98157E-05 9.98157E-05 9.98157E-05 0.929012 9.98157E-05 9.98157E-05 9.98157E-05 9.98157E-05 9.98157E-05 9.98157E-05 9.98157E-05 9.98157E-05 9.98157E-05 9.98157E-05 9.98157E-05
0.290047 0.145013 9.98418E-05 9.98418E-05 9.98418E-05 0.0481564 9.98418E-05 9.98418E-05 9.98418E-05 9.98418E-05 9.98418E-05 0.499071 9.98418E-05 9.98418E-05 9.98418E-05 9.98418E-05 9.98418E-05 9.98418E-05 9.98418E-05 0.0159163 9.98418E-05 9.98418E-05 9.98418E-05
0.0705385 0.0352313 9.9877E-05 9.9877E-05 0.0271549 9.9877E-05 0.0228722 0.110524 0.127553 9.9877E-05 9.9877E-05 0.515004 9.9877E-05 9.9877E-05 9.9877E-05 9.9877E-05 9.9877E-05 0.0408569 9.9877E-05 9.9877E-05 0.0488664 9.9877E-05 9.9877E-05
9.98522E-05 0.0438323 9.98522E-05 9.98522E-05 9.98522E-05 0.0747606 9.98522E-05 9.98522E-05 9.98522E-05 0.132976 9.98522E-05 0.589691 9.98522E-05 9.98522E-05 9.98522E-05 9.98522E-05 9.98522E-05 0.0921653 9.98522E-05 9.98522E-05 9.98522E-05 0.0648765 9.98522E-05
0.225118 9.98419E-05 9.98419E-05 9.98419E-05 9.98419E-05 9.98419E-05 9.98419E-05 9.98419E-05 0.203271 9.98419E-05 9.98419E-05 0.480956 9.98419E-05 9.98419E-05 9.98419E-05 9.98419E-05 9.98419E-05 9.98419E-05 9.98419E-05 0.0240304 0.0648285 9.98419E-05 9.98419E-05
9.98248E-05 9.98248E-05 9.98248E-05 0.0774845 9.98248E-05 9.98248E-05 9.98248E-05 9.98248E-05 9.98248E-05 9.98248E-05 9.98248E-05 0.843693 9.98248E-05 0.0768255 9.98248E-05 9.98248E-05 9.98248E-05 9.98248E-05 9.98248E-05 9.98248E-05 9.98248E-05 9.98248E-05 9.98248E-05
9.98247E-05 0.0906597 9.98247E-05 9.98247E-05 9.98247E-05 0.0334336 9.98247E-05 9.98247E-05 9.98247E-05 9.98247E-05 9.98247E-05 0.87391 9.98247E-05 9.98247E-05 9.98247E-05 9.98247E-05 9.98247E-05 9.98247E-05 9.98247E-05 9.98247E-05 9.98247E-05 9.98247E-05 9.98247E-05
9.98418E-05 9.98418E-05 9.98418E-05 9.98418E-05 9.98418E-05 9.98418E-05 9.98418E-05 9.98418E-05 9.98418E-05 9.98418E-05 0.00865986 0.676679 9.98418E-05 0.00973912 9.98418E-05 0.132315 9.98418E-05 9.98418E-05 9.98418E-05 0.17081 9.98418E-05 9.98418E-05 9.98418E-05
9.98507E-05 0.0709755 9.98507E-05 9.98507E-05 9.98507E-05 0.0286772 9.98507E-05 9.98507E-05 0.10346 9.98507E-05 9.98507E-05 0.67244 9.98507E-05 9.98507E-05 9.98507E-05 9.98507E-05 9.98507E-05 0.0617095 9.98507E-05 0.0610407 9.98507E-05 9.98507E-05 9.98507E-05
0.0544057 0.0248573 9.98419E-05 9.98419E-05 9.98419E-05 9.98419E-05 9.98419E-05 9.98419E-05 9.98419E-05 9.98419E-05 0.0480538 0.855231 9.98419E-05 9.98419E-05 9.98419E-05 9.98419E-05 9.98419E-05 9.98419E-05 9.98419E-05 0.0156549 9.98419E-05 9.98419E-05 9.98419E-05
0.168792 0.0217365 9.98681E-05 0.0478648 0.104771 9.98681E-05 9.98681E-05 9.98681E-05 9.98681E-05 9.98681E-05 9.98681E-05 0.613599 9.98681E-05 9.98681E-05 9.98681E-05 0.00332801 9.98681E-05 0.0140963 0.0243143 9.98681E-05 9.98681E-05 9.98681E-05 9.98681E-05
9.9816E-05 9.9816E-05 0.048824 9.9816E-05 9.9816E-05 9.9816E-05 9.9816E-05 9.9816E-05 9.9816E-05 9.9816E-05 9.9816E-05 0.94908 9.9816E-05 9.9816E-05 9.9816E-05 9.9816E-05 9.9816E-05 9.9816E-05 9.9816E-05 9.9816E-05 9.9816E-05 9.9816E-05 9.9816E-05
0.0378786 9.98331E-05 9.98331E-05 0.0409685 9.98331E-05 9.98331E-05 9.98331E-05 9.98331E-05 0.221921 9.98331E-05 9.98331E-05 0.697335 9.98331E-05 9.98331E-05 9.98331E-05 9.98331E-05 9.98331E-05 9.98331E-05 9.98331E-05 9.98331E-05 9.98331E-05 9.98331E-05 9.98331E-05
0.0137569 9.98685E-05 9.98685E-05 9.98685E-05 9.98685E-05 9.98685E-05 9.98685E-05 0.00335917 0.0240234 0.110403 0.0175551 0.633207 9.98685E-05 0.130293 9.98685E-05 9.98685E-05 9.98685E-05 9.98685E-05 9.98685E-05 9.98685E-05 0.0659043 9.98685E-05 9.98685E-05
0.00243467 9.98595E-05 9.98595E-05 9.98595E-05 9.98595E-05 0.0125179 9.98595E-05 9.98595E-05 9.98595E-05 0.107574 0.0682376 0.65168 9.98595E-05 9.98595E-05 9.98595E-05 9.98595E-05 0.0258127 9.98595E-05 9.98595E-05 0.130146 9.98595E-05 9.98595E-05 9.98595E-05
0.0213439 0.129179 9.98331E-05 9.98331E-05 9.98331E-05 9.98331E-05 9.98331E-05 9.98331E-05 9.98331E-05 9.98331E-05 9.98331E-05 0.781324 9.98331E-05 9.98331E-05 9.98331E-05 9.98331E-05 9.98331E-05 0.0662558 9.98331E-05 9.98331E-05 9.98331E-05 9.98331E-05 9.98331E-05
9.98161E-05 9.98161E-05 9.98161E-05 9.98161E-05 9.98161E-05 0.0152879 9.98161E-05 9.98161E-05 9.98161E-05 9.98161E-05 9.98161E-05 0.982616 9.98161E-05 9.98161E-05 9.98161E-05 9.98161E-05 9.98161E-05 9.98161E-05 9.98161E-05 9.98161E-05 9.98161E-05 9.98161E-05 9.98161E-05
9.98161E-05 9.98161E-05 9.98161E-05 9.98161E-05 9.98161E-05 9.98161E-05 9.98161E-05 9.98161E-05 9.98161E-05 9.98161E-05 9.98161E-05 0.965774 9.98161E-05 9.98161E-05 9.98161E-05 0.0321298 9.98161E-05 9.98161E-05 9.98161E-05 9.98161E-05 9.98161E-05 9.98161E-05 9.98161E-05
0.0107122 9.98159E-05 9.98159E-05 9.98159E-05 9.98159E-05 9.98159E-05 9.98159E-05 9.98159E-05 9.98159E-05 9.98159E-05 9.98159E-05 0.987192 9.98159E-05 9.98159E-05 9.98159E-05 9.98159E-05 9.98159E-05 9.98159E-05 9.98159E-05 9.98159E-05 9.98159E-05 9.98159E-05 9.98159E-05
9.98247E-05 9.98247E-05 9.98247E-05 9.98247E-05 9.98247E-05 0.00990965 9.98247E-05 9.98247E-05 9.98247E-05 9.98247E-05 0.0479447 0.940149 9.98247E-05 9.98247E-05 9.98247E-05 9.98247E-05 9.98247E-05 9.98247E-05 9.98247E-05 9.98247E-05 9.98247E-05 9.98247E-05 9.98247E-05
0.0552416 9.98423E-05 0.107827 0.189313 9.98423E-05 0.0682583 9.98423E-05 9.98423E-05 9.98423E-05 9.98423E-05 9.98423E-05 0.577563 9.98423E-05 9.98423E-05 9.98423E-05 9.98423E-05 9.98423E-05 9.98423E-05 9.98423E-05 9.98423E-05 9.98423E-05 9.98423E-05 9.98423E-05
0.181486 9.98334E-05 9.98334E-05 9.98334E-05 9.98334E-05 0.0693306 9.98334E-05 9.98334E-05 9.98334E-05 0.127006 9.98334E-05 9.98334E-05 9.98334E-05 0.62028 9.98334E-05 9.98334E-05 9.98334E-05 9.98334E-05 9.98334E-05 9.98334E-05 9.98334E-05 9.98334E-05 9.98334E-05
0.0197248 9.98334E-05 0.409321 9.98334E-05 9.98334E-05 0.0201615 9.98334E-05 9.98334E-05 9.98334E-05 9.98334E-05 9.98334E-05 9.98334E-05 9.98334E-05 0.548895 9.98334E-05 9.98334E-05 9.98334E-05 9.98334E-05 9.98334E-05 9.98334E-05 9.98334E-05 9.98334E-05 9.98334E-05
0.0893277 0.00908331 9.98508E-05 9.98508E-05 9.98508E-05 9.98508E-05 9.98508E-05 9.98508E-05 9.98508E-05 0.0439147 0.00220576 9.98508E-05 0.0439376 0.809834 9.98508E-05 9.98508E-05 9.98508E-05 9.98508E-05 9.98508E-05 9.98508E-05 9.98508E-05 9.98508E-05 9.98508E-05
0.107668 9.98331E-05 9.98331E-05 9.98331E-05 9.98331E-05 0.015249 9.98331E-05 9.98331E-05 9.98331E-05 9.98331E-05 0.0125047 9.98331E-05 9.98331E-05 0.862682 9.98331E-05 9.98331E-05 9.98331E-05 9.98331E-05 9.98331E-05 9.98331E-05 9.98331E-05 9.98331E-05 9.98331E-05
9.98332E-05 9.98332E-05 9.98332E-05 9.98332E-05 9.98332E-05 0.023601 9.98332E-05 9.98332E-05 9.98332E-05 9.98332E-05 9.98332E-05 9.98332E-05 0.078374 0.853019 9.98332E-05 9.98332E-05 9.98332E-05 0.043109 9.98332E-05 9.98332E-05 9.98332E-05 9.98332E-05 9.98332E-05
0.186845 9.98508E-05 9.98508E-05 9.98508E-05 9.98508E-05 0.0416159 0.131585 9.98508E-05 9.98508E-05 0.534532 9.98508E-05 9.98508E-05 9.98508E-05 0.0946299 9.98508E-05 9.98508E-05 9.98508E-05 9.98508E-05 9.98508E-05 9.98508E-05 0.00909548 9.98508E-05 9.98508E-05
0.0462818 0.0187947 9.98596E-05 9.98596E-05 9.98596E-05 0.0483574 9.98596E-05 9.98596E-05 0.011148 9.98596E-05 0.0184783 9.98596E-05 9.98596E-05 0.831045 9.98596E-05 9.98596E-05 9.98596E-05 0.0242968 9.98596E-05 9.98596E-05 9.98596E-05 9.98596E-05 9.98596E-05
0.00632806 9.98245E-05 9.98245E-05 9.98245E-05 9.98245E-05 0.177244 9.98245E-05 9.98245E-05 9.98245E-05 9.98245E-05 9.98245E-05 9.98245E-05 9.98245E-05 0.814432 9.98245E-05 9.98245E-05 9.98245E-05 9.98245E-05 9.98245E-05 9.98245E-05 9.98245E-05 9.98245E-05 9.98245E-05
0.00602287 0.0283093 9.98769E-05 0.0887747 9.98769E-05 0.287553 9.98769E-05 9.98769E-05 0.0354747 0.00937514 9.98769E-05 9.98769E-05 9.98769E-05 0.318667 9.98769E-05 9.98769E-05 9.98769E-05 0.0152755 9.98769E-05 9.98769E-05 0.20915 9.98769E-05 9.98769E-05
0.235491 9.98245E-05 9.98245E-05 9.98245E-05 9.98245E-05 0.196212 9.98245E-05 9.98245E-05 9.98245E-05 9.98245E-05 9.98245E-05 9.98245E-05 9.98245E-05 0.5663 9.98245E-05 9.98245E-05 9.98245E-05 9.98245E-05 9.98245E-05 9.98245E-05 9.98245E-05 9.98245E-05 9.98245E-05
9.98422E-05 9.98422E-05 0.197606 9.98422E-05 9.98422E-05 0.0099672 9.98422E-05 9.98422E-05 9.98422E-05 0.157999 9.98422E-05 9.98422E-05 9.98422E-05 0.422038 9.98422E-05 9.98422E-05 9.98422E-05 9.98422E-05 9.98422E-05 9.98422E-05 0.210593 9.98422E-05 9.98422E-05
9.98247E-05 0.0418504 0.0215608 9.98247E-05 9.98247E-05 9.98247E-05 9.98247E-05 9.98247E-05 9.98247E-05 0.934592 9.98247E-05 9.98247E-05 9.98247E-05 9.98247E-05 9.98247E-05 9.98247E-05 9.98247E-05 9.98247E-05 9.98247E-05 9.98247E-05 9.98247E-05 9.98247E-05 9.98247E-05
9.9816E-05 9.9816E-05 9.9816E-05 9.9816E-05 9.9816E-05 0.0196276 9.9816E-05 9.9816E-05 9.9816E-05 9.9816E-05 9.9816E-05 9.9816E-05 9.9816E-05 0.978276 9.9816E-05 9.9816E-05 9.9816E-05 9.9816E-05 9.9816E-05 9.9816E-05 9.9816E-05 9.9816E-05 9.9816E-05
0.173591 9.98335E-05 9.98335E-05 9.98335E-05 9.98335E-05 0.0653213 9.98335E-05 9.98335E-05 9.98335E-05 0.735189 9.98335E-05 9.98335E-05 9.98335E-05 0.0240024 9.98335E-05 9.98335E-05 9.98335E-05 9.98335E-05 9.98335E-05 9.98335E-05 9.98335E-05 9.98335E-05 9.98335E-05
9.98598E-05 0.0688221 0.0283871 0.0332526 9.98598E-05 0.0785331 9.98598E-05 9.98598E-05 9.98598E-05 0.0121117 0.122656 9.98598E-05 9.98598E-05 0.65464 9.98598E-05 9.98598E-05 9.98598E-05 9.98598E-05 9.98598E-05 9.98598E-05 9.98598E-05 9.98598E-05 9.98598E-05
0.145802 0.0354766 9.98508E-05 0.0846323 9.98508E-05 0.0036564 9.98508E-05 9.98508E-05 9.98508E-05 9.98508E-05 9.98508E-05 9.98508E-05 9.98508E-05 0.720695 9.98508E-05 9.98508E-05 9.98508E-05 9.98508E-05 9.98508E-05 0.00804101 9.98508E-05 9.98508E-05 9.98508E-05
0.0930507 9.98508E-05 0.0149438 9.98508E-05 9.98508E-05 9.98508E-05 9.98508E-05 9.98508E-05 9.98508E-05 0.162043 9.98508E-05 9.98508E-05 9.98508E-05 0.508224 9.98508E-05 9.98508E-05 9.98508E-05 9.98508E-05 0.0127024 9.98508E-05 0.207338 9.98508E-05 9.98508E-05
9.98423E-05 9.98423E-05 9.98423E-05 9.98423E-05 9.98423E-05 0.0794902 9.98423E-05 9.98423E-05 0.111345 0.275475 9.98423E-05 9.98423E-05 0.112821 0.419072 9.98423E-05 9.98423E-05 9.98423E-05 9.98423E-05 9.98423E-05 9.98423E-05 9.98423E-05 9.98423E-05 9.98423E-05
9.98246E-05 9.98246E-05 9.98246E-05 9.98246E-05 9.98246E-05 9.98246E-05 9.98246E-05 9.98246E-05 9.98246E-05 9.98246E-05 9.98246E-05 9.98246E-05 9.98246E-05 0.943656 9.98246E-05 9.98246E-05 9.98246E-05 9.98246E-05 9.98246E-05 9.98246E-05 0.0306918 0.0236556 9.98246E-05
0.0638029 0.0166161 0.192152 0.046588 9.98772E-05 0.0704263 0.0746948 9.98772E-05 9.98772E-05 9.98772E-05 9.98772E-05 0.0106718 9.98772E-05 0.434732 9.98772E-05 9.98772E-05 9.98772E-05 9.98772E-05 0.0889175 9.98772E-05 9.98772E-05 9.98772E-05 9.98772E-05
0.0630241 9.98508E-05 9.98508E-05 9.98508E-05 9.98508E-05 0.00312665 9.98508E-05 9.98508E-05 9.98508E-05 0.00804474 9.98508E-05 9.98508E-05 0.0323147 0.739124 9.98508E-05 9.98508E-05 9.98508E-05 9.98508E-05 9.98508E-05 9.98508E-05 0.152668 9.98508E-05 9.98508E-05
0.0333126 0.0233082 9.98333E-05 9.98333E-05 9.98333E-05 9.98333E-05 9.98333E-05 9.98333E-05 9.98333E-05 9.98333E-05 0.0202681 9.98333E-05 9.98333E-05 0.921214 9.98333E-05 9.98333E-05 9.98333E-05 9.98333E-05 9.98333E-05 9.98333E-05 9.98333E-05 9.98333E-05 9.98333E-05
0.151198 9.98243E-05 9.98243E-05 9.98243E-05 9.98243E-05 0.136788 9.98243E-05 9.98243E-05 9.98243E-05 0.710018 9.98243E-05 9.98243E-05 9.98243E-05 9.98243E-05 9.98243E-05 9.98243E-05 9.98243E-05 9.98243E-05 9.98243E-05 9.98243E-05 9.98243E-05 9.98243E-05 9.98243E-05
9.98334E-05 9.98334E-05 0.0509472 9.98334E-05 9.98334E-05 0.159488 9.98334E-05 9.98334E-05 9.98334E-05 9.98334E-05 9.98334E-05 9.98334E-05 0.0655619 0.722106 9.98334E-05 9.98334E-05 9.98334E-05 9.98334E-05 9.98334E-05 9.98334E-05 9.98334E-05 9.98334E-05 9.98334E-05
0.164337 9.98243E-05 9.98243E-05 9.98243E-05 9.98243E-05 0.0881144 9.98243E-05 9.98243E-05 9.98243E-05 0.745552 9.98243E-05 9.98243E-05 9.98243E-05 9.98243E-05 9.98243E-05 9.98243E-05 9.98243E-05 9.98243E-05 9.98243E-05 9.98243E-05 9.98243E-05 9.98243E-05 9.98243E-05
0.132117 9.98509E-05 0.180643 9.98509E-05 9.98509E-05 0.132684 9.98509E-05 9.98509E-05 9.98509E-05 9.98509E-05 9.98509E-05 0.114155 9.98509E-05 0.361596 9.98509E-05 9.98509E-05 9.98509E-05 9.98509E-05 9.98509E-05 9.98509E-05 0.0771084 9.98509E-05 9.98509E-05
0.0342174 9.98509E-05 0.608255 9.98509E-05 9.98509E-05 9.98509E-05 9.98509E-05 9.98509E-05 9.98509E-05 0.0924653 9.98509E-05 9.98509E-05 0.0797032 0.0654776 9.98509E-05 9.98509E-05 0.118184 9.98509E-05 9.98509E-05 9.98509E-05 9.98509E-05 9.98509E-05 9.98509E-05
0.0999695 9.9833E-05 9.9833E-05 9.9833E-05 9.9833E-05 0.0222716 9.9833E-05 9.9833E-05 9.9833E-05 9.9833E-05 9.9833E-05 9.9833E-05 9.9833E-05 0.776417 9.9833E-05 9.9833E-05 9.9833E-05 9.9833E-05 9.9833E-05 0.0994446 9.9833E-05 9.9833E-05 9.9833E-05
0.217247 9.98334E-05 9.98334E-05 9.98334E-05 9.98334E-05 0.241434 9.98334E-05 9.98334E-05 9.98334E-05 9.98334E-05 9.98334E-05 9.98334E-05 9.98334E-05 0.535836 9.98334E-05 9.98334E-05 9.98334E-05 9.98334E-05 9.98334E-05 9.98334E-05 0.00358721 9.98334E-05 9.98334E-05
0.106881 0.006217 0.00786476 9.98509E-05 9.98509E-05 9.98509E-05 9.98509E-05 9.98509E-05 9.98509E-05 0.377451 9.98509E-05 9.98509E-05 0.133513 0.366376 9.98509E-05 9.98509E-05 9.98509E-05 9.98509E-05 9.98509E-05 9.98509E-05 9.98509E-05 9.98509E-05 9.98509E-05
0.176553 0.0321379 9.98335E-05 9.98335E-05 9.98335E-05 0.00794786 9.98335E-05 9.98335E-05 9.98335E-05 9.98335E-05 9.98335E-05 9.98335E-05 9.98335E-05 0.781465 9.98335E-05 9.98335E-05 9.98335E-05 9.98335E-05 9.98335E-05 9.98335E-05 9.98335E-05 9.98335E-05 9.98335E-05
9.98159E-05 9.98159E-05 9.98159E-05 9.98159E-05 9.98159E-05 9.98159E-05 9.98159E-05 9.98159E-05 9.98159E-05 9.98159E-05 9.98159E-05 9.98159E-05 9.98159E-05 0.944962 9.98159E-05 9.98159E-05 9.98159E-05 9.98159E-05 0.0529421 9.98159E-05 9.98159E-05 9.98159E-05 9.98159E-05
0.082999 9.98507E-05 9.98507E-05 9.98507E-05 9.98507E-05 0.237066 9.98507E-05 9.98507E-05 9.98507E-05 0.130059 9.98507E-05 9.98507E-05 0.11751 0.338447 9.98507E-05 9.98507E-05 9.98507E-05 9.98507E-05 0.0922214 9.98507E-05 9.98507E-05 9.98507E-05 9.98507E-05
0.0255594 9.98332E-05 9.98332E-05 9.98332E-05 9.98332E-05 9.98332E-05 9.98332E-05 0.0222517 0.10571 9.98332E-05 9.98332E-05 9.98332E-05 9.98332E-05 0.844582 9.98332E-05 9.98332E-05 9.98332E-05 9.98332E-05 9.98332E-05 9.98332E-05 9.98332E-05 9.98332E-05 9.98332E-05
9.98159E-05 9.98159E-05 9.98159E-05 9.98159E-05 9.98159E-05 9.98159E-05 0.013596 9.98159E-05 9.98159E-05 9.98159E-05 9.98159E-05 9.98159E-05 9.98159E-05 0.984308 9.98159E-05 9.98159E-05 9.98159E-05 9.98159E-05 9.98159E-05 9.98159E-05 9.98159E-05 9.98159E-05 9.98159E-05
9.98508E-05 9.98508E-05 0.0478412 0.132182 9.98508E-05 0.048204 0.0161334 9.98508E-05 9.98508E-05 9.98508E-05 9.98508E-05 9.98508E-05 9.98508E-05 0.729428 9.98508E-05 9.98508E-05 0.0245142 9.98508E-05 9.98508E-05 9.98508E-05 9.98508E-05 9.98508E-05 9.98508E-05
0.19096 0.0230141 9.98507E-05 9.98507E-05 9.98507E-05 0.0454529 9.98507E-05 9.98507E-05 9.98507E-05 9.98507E-05 0.0352024 9.98507E-05 9.98507E-05 0.688217 9.98507E-05 9.98507E-05 9.98507E-05 0.0154571 9.98507E-05 9.98507E-05 9.98507E-05 9.98507E-05 9.98507E-05
9.98419E-05 9.98419E-05 0.538014 9.98419E-05 9.98419E-05 0.048587 9.98419E-05 9.98419E-05 9.98419E-05 0.0937595 0.00663554 9.98419E-05 9.98419E-05 0.311207 9.98419E-05 9.98419E-05 9.98419E-05 9.98419E-05 9.98419E-05 9.98419E-05 9.98419E-05 9.98419E-05 9.98419E-05
0.0464886 0.00599997 0.130286 9.98597E-05 9.98597E-05 0.00300684 9.98597E-05 9.98597E-05 9.98597E-05 0.425258 9.98597E-05 9.98597E-05 9.98597E-05 0.354801 9.98597E-05 9.98597E-05 9.98597E-05 0.0325613 9.98597E-05 9.98597E-05 9.98597E-05 9.98597E-05 9.98597E-05
9.98249E-05 9.98249E-05 0.208609 9.98249E-05 9.98249E-05 9.98249E-05 9.98249E-05 9.98249E-05 9.98249E-05 9.98249E-05 9.98249E-05 9.98249E-05 0.0418765 0.747518 9.98249E-05 9.98249E-05 9.98249E-05 9.98249E-05 9.98249E-05 9.98249E-05 9.98249E-05 9.98249E-05 9.98249E-05
9.98685E-05 0.00698447 0.430448 9.98685E-05 9.98685E-05 0.0188417 0.00379244 9.98685E-05 9.98685E-05 9.98685E-05 0.00740902 9.98685E-05 9.98685E-05 0.397058 9.98685E-05 9.98685E-05 9.98685E-05 9.98685E-05 0.060723 9.98685E-05 0.0732448 9.98685E-05 9.98685E-05
0.248525 9.98419E-05 9.98419E-05 9.98419E-05 9.98419E-05 0.0960438 9.98419E-05 9.98419E-05 9.98419E-05 0.598443 9.98419E-05 9.98419E-05 9.98419E-05 0.0106948 9.98419E-05 9.98419E-05 9.98419E-05 9.98419E-05 9.98419E-05 9.98419E-05 0.0444966 9.98419E-05 9.98419E-05
9.98333E-05 9.98333E-05 9.98333E-05 0.0837114 9.98333E-05 0.0773469 9.98333E-05 0.109254 9.98333E-05 9.98333E-05 9.98333E-05 9.98333E-05 9.98333E-05 0.727791 9.98333E-05 9.98333E-05 9.98333E-05 9.98333E-05 9.98333E-05 9.98333E-05 9.98333E-05 9.98333E-05 9.98333E-05
0.110986 9.98421E-05 0.497601 9.98421E-05 9.98421E-05 0.0489598 9.98421E-05 9.98421E-05 9.98421E-05 0.309895 9.98421E-05 9.98421E-05 9.98421E-05 9.98421E-05 9.98421E-05 9.98421E-05 9.98421E-05 9.98421E-05 0.0307608 9.98421E-05 9.98421E-05 9.98421E-05 9.98421E-05
0.0424559 9.98246E-05 0.444535 9.98246E-05 9.98246E-05 9.98246E-05 9.98246E-05 9.98246E-05 9.98246E-05 9.98246E-05 9.98246E-05 9.98246E-05 9.98246E-05 0.511013 9.98246E-05 9.98246E-05 9.98246E-05 9.98246E-05 9.98246E-05 9.98246E-05 9.98246E-05 9.98246E-05 9.98246E-05
0.00444214 9.98595E-05 9.98595E-05 0.110785 9.98595E-05 0.154667 9.98595E-05 9.98595E-05 9.98595E-05 9.98595E-05 9.98595E-05 9.98595E-05 0.0494732 0.379139 9.98595E-05 9.98595E-05 9.98595E-05 9.98595E-05 0.127085 9.98595E-05 0.172811 9.98595E-05 9.98595E-05
0.0428921 9.98334E-05 9.98334E-05 9.98334E-05 9.98334E-05 0.0770419 9.98334E-05 9.98334E-05 9.98334E-05 9.98334E-05 9.98334E-05 0.207388 9.98334E-05 0.670781 9.98334E-05 9.98334E-05 9.98334E-05 9.98334E-05 9.98334E-05 9.98334E-05 9.98334E-05 9.98334E-05 9.98334E-05
0.0104672 9.98781E-05 0.0218986 0.0444118 0.0155059 0.142104 9.98781E-05 9.98781E-05 9.98781E-05 9.98781E-05 9.98781E-05 9.98781E-05 9.98781E-05 0.511905 9.98781E-05 9.98781E-05 0.101313 0.0304555 9.98781E-05 9.98781E-05 0.120541 9.98781E-05 9.98781E-05
0.172618 0.0221986 9.98422E-05 9.98422E-05 9.98422E-05 0.297742 9.98422E-05 9.98422E-05 9.98422E-05 9.98422E-05 9.98422E-05 0.0630974 9.98422E-05 0.442547 9.98422E-05 9.98422E-05 9.98422E-05 9.98422E-05 9.98422E-05 9.98422E-05 9.98422E-05 9.98422E-05 9.98422E-05
9.98246E-05 9.98246E-05 0.428378 9.98246E-05 9.98246E-05 9.98246E-05 9.98246E-05 9.98246E-05 9.98246E-05 0.0161938 9.98246E-05 9.98246E-05 9.98246E-05 0.553431 9.98246E-05 9.98246E-05 9.98246E-05 9.98246E-05 9.98246E-05 9.98246E-05 9.98246E-05 9.98246E-05 9.98246E-05
0.0765227 0.00119248 9.98507E-05 0.00215883 0.0100643 9.98507E-05 0.208313 9.98507E-05 9.98507E-05 9.98507E-05 9.98507E-05 9.98507E-05 9.98507E-05 0.700052 9.98507E-05 9.98507E-05 9.98507E-05 9.98507E-05 9.98507E-05 9.98507E-05 9.98507E-05 9.98507E-05 9.98507E-05
9.98684E-05 0.00333116 0.535339 9.98684E-05 9.98684E-05 0.0740394 9.98684E-05 0.0183089 9.98684E-05 0.0376958 9.98684E-05 0.0183113 0.0862766 0.2252 9.98684E-05 9.98684E-05 9.98684E-05 9.98684E-05 9.98684E-05 9.98684E-05 9.98684E-05 9.98684E-05 9.98684E-05
0.0564415 0.0087409 0.137969 0.00720631 9.98772E-05 0.111763 0.0767206 9.98772E-05 9.98772E-05 0.136727 9.98772E-05 9.98772E-05 0.00539399 0.45764 9.98772E-05 9.98772E-05 9.98772E-05 9.98772E-05 9.98772E-05 9.98772E-05 9.98772E-05 9.98772E-05 9.98772E-05
9.98247E-05 9.98247E-05 9.98247E-05 9.98247E-05 0.0318804 0.0672854 9.98247E-05 9.98247E-05 9.98247E-05 9.98247E-05 9.98247E-05 9.98247E-05 9.98247E-05 0.898838 9.98247E-05 9.98247E-05 9.98247E-05 9.98247E-05 9.98247E-05 9.98247E-05 9.98247E-05 9.98247E-05 9.98247E-05
9.98157E-05 9.98157E-05 9.98157E-05 9.98157E-05 9.98157E-05 9.98157E-05 0.0503343 9.98157E-05 9.98157E-05 9.98157E-05 9.98157E-05 9.98157E-05 9.98157E-05 0.94757 9.98157E-05 9.98157E-05 9.98157E-05 9.98157E-05 9.98157E-05 9.98157E-05 9.98157E-05 9.98157E-05 9.98157E-05
0.221804 9.98682E-05 9.98682E-05 9.98682E-05 9.98682E-05 0.0678279 9.98682E-05 0.0300096 0.00407254 0.210415 9.98682E-05 0.0431497 9.98682E-05 0.324906 9.98682E-05 9.98682E-05 9.98682E-05 9.98682E-05 9.98682E-05 9.98682E-05 0.0963176 9.98682E-05 9.98682E-05
0.0530813 9.98244E-05 9.98244E-05 9.98244E-05 9.98244E-05 0.138701 9.98244E-05 9.98244E-05 9.98244E-05 9.98244E-05 9.98244E-05 9.98244E-05 9.98244E-05 0.806221 9.98244E-05 9.98244E-05 9.98244E-05 9.98244E-05 9.98244E-05 9.98244E-05 9.98244E-05 9.98244E-05 9.98244E-05
9.98332E-05 0.00780828 9.98332E-05 9.98332E-05 0.0375598 9.98332E-05 9.98332E-05 9.98332E-05 9.98332E-05 9.98332E-05 9.98332E-05 9.98332E-05 9.98332E-05 0.913539 9.98332E-05 9.98332E-05 0.0391956 9.98332E-05 9.98332E-05 9.98332E-05 9.98332E-05 9.98332E-05 9.98332E-05
0.0029822 9.98247E-05 9.98247E-05 9.98247E-05 9.98247E-05 9.98247E-05 9.98247E-05 9.98247E-05 9.98247E-05 9.98247E-05 9.98247E-05 9.98247E-05 9.98247E-05 0.881035 9.98247E-05 9.98247E-05 9.98247E-05 9.98247E-05 0.113987 9.98247E-05 9.98247E-05 9.98247E-05 9.98247E-05
0.012122 9.98509E-05 0.105792 9.98509E-05 9.98509E-05 0.159893 9.98509E-05 9.98509E-05 9.98509E-05 0.129319 9.98509E-05 9.98509E-05 9.98509E-05 0.532581 9.98509E-05 9.98509E-05 9.98509E-05 9.98509E-05 9.98509E-05 9.98509E-05 0.0585963 9.98509E-05 9.98509E-05
0.997804 9.98068E-05 9.98068E-05 9.98068E-05 9.98068E-05 9.98068E-05 9.98068E-05 9.98068E-05 9.98068E-05 9.98068E-05 9.98068E-05 9.98068E-05 9.98068E-05 9.98068E-05 9.98068E-05 9.98068E-05 9.98068E-05 9.98068E-05 9.98068E-05 9.98068E-05 9.98068E-05 9.98068E-05 9.98068E-05
9.98067E-05 9.98067E-05 9.98067E-05 9.98067E-05 9.98067E-05 0.997804 9.98067E-05 9.98067E-05 9.98067E-05 9.98067E-05 9.98067E-05 9.98067E-05 9.98067E-05 9.98067E-05 9.98067E-05 9.98067E-05 9.98067E-05 9.98067E-05 9.98067E-05 9.98067E-05 9.98067E-05 9.98067E-05 9.98067E-05
0.997804 9.98067E-05 9.98067E-05 9.98067E-05 9.98067E-05 9.98067E-05 9.98067E-05 9.98067E-05 9.98067E-05 9.98067E-05 9.98067E-05 9.98067E-05 9.98067E-05 9.98067E-05 9.98067E-05 9.98067E-05 9.98067E-05 9.98067E-05 9.98067E-05 9.98067E-05 9.98067E-05 9.98067E-05 9.98067E-05
9.98067E-05 9.98067E-05 9.98067E-05 9.98067E-05 9.98067E-05 0.997804 9.98067E-05 9.98067E-05 9.98067E-05 9.98067E-05 9.98067E-05 9.98067E-05 9.98067E-05 9.98067E-05 9.98067E-05 9.98067E-05 9.98067E-05 9.98067E-05 9.98067E-05 9.98067E-05 9.98067E-05 9.98067E-05 9.98067E-05
