0.176519 9.98684E-05 9.98684E-05 9.98684E-05 9.98684E-05 0.132173 0.067438 0.0374031 9.98684E-05 9.98684E-05 9.98684E-05 0.00458889 0.099631 0.475208 9.98684E-05 9.98684E-05 9.98684E-05 9.98684E-05 9.98684E-05 9.98684E-05 0.00554087 9.98684E-05 9.98684E-05
9.98421E-05 9.98421E-05 9.98421E-05 9.98421E-05 0.0621228 0.0387338 9.98421E-05 9.98421E-05 9.98421E-05 9.98421E-05 0.00779796 0.0806071 9.98421E-05 0.808941 9.98421E-05 9.98421E-05 9.98421E-05 9.98421E-05 9.98421E-05 9.98421E-05 9.98421E-05 9.98421E-05 9.98421E-05
9.9807E-05 9.9807E-05 9.9807E-05 9.9807E-05 9.9807E-05 9.9807E-05 9.9807E-05 9.9807E-05 9.9807E-05 9.9807E-05 9.9807E-05 9.9807E-05 9.9807E-05 9.9807E-05 9.9807E-05 0.997804 9.9807E-05 9.9807E-05 9.9807E-05 9.9807E-05 9.9807E-05 9.9807E-05 9.9807E-05
0.15195 0.113107 9.98771E-05 9.98771E-05 0.091586 9.98771E-05 9.98771E-05 9.98771E-05 0.254981 9.98771E-05 0.0287289 9.98771E-05 0.00472373 9.98771E-05 0.00238658 0.319263 9.98771E-05 9.98771E-05 9.98771E-05 9.98771E-05 0.0318748 9.98771E-05 9.98771E-05
9.98333E-05 9.98333E-05 9.98333E-05 9.98333E-05 0.0394724 9.98333E-05 9.98333E-05 9.98333E-05 9.98333E-05 0.0222126 9.98333E-05 9.98333E-05 9.98333E-05 0.826901 9.98333E-05 9.98333E-05 9.98333E-05 0.109517 9.98333E-05 9.98333E-05 9.98333E-05 9.98333E-05 9.98333E-05
9.98596E-05 0.145735 9.98596E-05 9.98596E-05 9.98596E-05 0.0312244 9.98596E-05 9.98596E-05 9.98596E-05 0.213385 9.98596E-05 0.0443609 9.98596E-05 9.98596E-05 0.125149 0.392415 9.98596E-05 0.0461322 9.98596E-05 9.98596E-05 9.98596E-05 9.98596E-05 9.98596E-05
0.0431162 9.98948E-05 9.98948E-05 0.0978166 9.98948E-05 0.107963 9.98948E-05 9.98948E-05 0.112399 0.0244233 9.98948E-05 0.123626 0.0103585 0.285005 9.98948E-05 9.98948E-05 0.0258949 9.98948E-05 0.0388337 9.98948E-05 0.129364 9.98948E-05 9.98948E-05
0.197185 0.0194283 0.102629 9.98948E-05 0.139473 0.134393 0.0666555 9.98948E-05 9.98948E-05 0.00781634 9.98948E-05 9.98948E-05 9.98948E-05 0.18606 0.103144 9.98948E-05 9.98948E-05 0.0205106 9.98948E-05 9.98948E-05 9.98948E-05 0.0215069 9.98948E-05
0.0381532 9.98509E-05 9.98509E-05 9.98509E-05 9.98509E-05 9.98509E-05 9.98509E-05 9.98509E-05 9.98509E-05 9.98509E-05 9.98509E-05 9.98509E-05 0.219909 9.98509E-05 0.218955 0.328794 0.147228 0.0452631 9.98509E-05 9.98509E-05 9.98509E-05 9.98509E-05 9.98509E-05
9.98156E-05 9.98156E-05 9.98156E-05 9.98156E-05 9.98156E-05 9.98156E-05 9.98156E-05 9.98156E-05 9.98156E-05 9.98156E-05 9.98156E-05 9.98156E-05 0.0065226 0.991381 9.98156E-05 9.98156E-05 9.98156E-05 9.98156E-05 9.98156E-05 9.98156E-05 9.98156E-05 9.98156E-05 9.98156E-05
0.135703 9.98596E-05 9.98596E-05 9.98596E-05 9.98596E-05 0.0471617 9.98596E-05 9.98596E-05 9.98596E-05 9.98596E-05 0.00229889 9.98596E-05 0.165341 0.489942 9.98596E-05 0.0723938 9.98596E-05 9.98596E-05 9.98596E-05 9.98596E-05 0.0855614 9.98596E-05 9.98596E-05
9.98158E-05 9.98158E-05 0.00840563 9.98158E-05 9.98158E-05 9.98158E-05 9.98158E-05 9.98158E-05 9.98158E-05 9.98158E-05 9.98158E-05 9.98158E-05 9.98158E-05 9.98158E-05 9.98158E-05 0.989498 9.98158E-05 9.98158E-05 9.98158E-05 9.98158E-05 9.98158E-05 9.98158E-05 9.98158E-05
0.0559804 9.98245E-05 9.98245E-05 9.98245E-05 9.98245E-05 9.98245E-05 9.98245E-05 9.98245E-05 9.98245E-05 9.98245E-05 9.98245E-05 9.98245E-05 0.0675491 0.874474 9.98245E-05 9.98245E-05 9.98245E-05 9.98245E-05 9.98245E-05 9.98245E-05 9.98245E-05 9.98245E-05 9.98245E-05
9.98422E-05 9.98422E-05 0.0107345 9.98422E-05 9.98422E-05 9.98422E-05 9.98422E-05 9.98422E-05 9.98422E-05 9.98422E-05 9.98422E-05 9.98422E-05 9.98422E-05 0.507962 9.98422E-05 9.98422E-05 9.98422E-05 0.0822929 9.98422E-05 9.98422E-05 0.0584633 9.98422E-05 0.33875
0.0115543 0.102851 9.98859E-05 9.98859E-05 9.98859E-05 0.245062 9.98859E-05 9.98859E-05 9.98859E-05 9.98859E-05 9.98859E-05 9.98859E-05 0.135307 0.161409 0.153558 0.112063 0.0554099 0.000909971 0.0205764 9.98859E-05 9.98859E-05 9.98859E-05 9.98859E-05
0.0441339 9.98859E-05 0.0355261 9.98859E-05 9.98859E-05 0.254643 0.0327991 9.98859E-05 0.0642961 9.98859E-05 9.98859E-05 9.98859E-05 0.164271 0.165403 0.172692 0.00449936 9.98859E-05 9.98859E-05 9.98859E-05 9.98859E-05 9.98859E-05 0.0604386 9.98859E-05
9.98597E-05 9.98597E-05 9.98597E-05 9.98597E-05 9.98597E-05 9.98597E-05 0.095026 9.98597E-05 0.0051209 9.98597E-05 9.98597E-05 0.100712 0.0250951 0.00401823 9.98597E-05 0.657175 9.98597E-05 9.98597E-05 9.98597E-05 0.111254 9.98597E-05 9.98597E-05 9.98597E-05
0.202319 9.98685E-05 9.98685E-05 9.98685E-05 0.0113125 0.226574 9.98685E-05 0.153645 9.98685E-05 9.98685E-05 0.0924633 9.98685E-05 0.129331 0.158539 0.024318 9.98685E-05 9.98685E-05 9.98685E-05 9.98685E-05 9.98685E-05 9.98685E-05 9.98685E-05 9.98685E-05
0.149197 9.9842E-05 9.9842E-05 9.9842E-05 9.9842E-05 9.9842E-05 9.9842E-05 9.9842E-05 9.9842E-05 0.186519 9.9842E-05 9.9842E-05 0.11645 9.9842E-05 0.133777 0.412261 9.9842E-05 9.9842E-05 9.9842E-05 9.9842E-05 9.9842E-05 9.9842E-05 9.9842E-05
9.98158E-05 9.98158E-05 9.98158E-05 9.98158E-05 9.98158E-05 9.98158E-05 9.98158E-05 9.98158E-05 9.98158E-05 9.98158E-05 9.98158E-05 9.98158E-05 9.98158E-05 0.838401 9.98158E-05 0.159503 9.98158E-05 9.98158E-05 9.98158E-05 9.98158E-05 9.98158E-05 9.98158E-05 9.98158E-05
0.0280878 9.98772E-05 0.146678 9.98772E-05 0.194779 9.98772E-05 9.98772E-05 9.98772E-05 9.98772E-05 9.98772E-05 9.98772E-05 0.00969566 0.0122851 0.150003 0.0811106 0.326645 9.98772E-05 9.98772E-05 9.98772E-05 9.98772E-05 0.0493168 9.98772E-05 9.98772E-05
0.337229 0.00834734 9.98771E-05 9.98771E-05 9.98771E-05 9.98771E-05 9.98771E-05 9.98771E-05 9.98771E-05 0.0593857 9.98771E-05 0.000613098 9.98771E-05 9.98771E-05 0.14811 0.317636 9.98771E-05 0.0864994 0.0352802 9.98771E-05 9.98771E-05 9.98771E-05 0.00550133
9.9851E-05 0.0109607 9.9851E-05 9.9851E-05 9.9851E-05 0.213136 9.9851E-05 0.00146541 9.9851E-05 9.9851E-05 9.9851E-05 9.9851E-05 0.0787052 0.660982 9.9851E-05 9.9851E-05 9.9851E-05 9.9851E-05 9.9851E-05 9.9851E-05 0.033053 9.9851E-05 9.9851E-05
0.258811 9.98509E-05 0.0523633 9.98509E-05 9.98509E-05 9.98509E-05 9.98509E-05 9.98509E-05 9.98509E-05 9.98509E-05 9.98509E-05 9.98509E-05 0.18345 0.43083 9.98509E-05 9.98509E-05 0.0716467 9.98509E-05 9.98509E-05 9.98509E-05 9.98509E-05 0.00120218 9.98509E-05
0.0909891 0.126687 0.042489 9.98946E-05 9.98946E-05 9.98946E-05 9.98946E-05 9.98946E-05 9.98946E-05 9.98946E-05 0.0636876 9.98946E-05 0.251844 0.156578 0.0499592 0.151593 0.0191395 9.98946E-05 9.98946E-05 9.98946E-05 0.0313348 9.98946E-05 0.0145011
0.069239 0.0116421 9.98684E-05 9.98684E-05 9.98684E-05 9.98684E-05 9.98684E-05 9.98684E-05 0.0154563 9.98684E-05 9.98684E-05 9.98684E-05 0.114366 0.268505 9.98684E-05 0.495774 9.98684E-05 0.000345679 9.98684E-05 0.0231738 9.98684E-05 9.98684E-05 9.98684E-05
0.20893 0.217532 0.0350628 9.98771E-05 9.98771E-05 9.98771E-05 9.98771E-05 0.150651 0.0160444 9.98771E-05 9.98771E-05 9.98771E-05 0.0448266 0.0141265 9.98771E-05 9.98771E-05 9.98771E-05 9.98771E-05 0.299382 9.98771E-05 9.98771E-05 0.0120466 9.98771E-05
0.0860076 9.98333E-05 9.98333E-05 9.98333E-05 9.98333E-05 9.98333E-05 9.98333E-05 9.98333E-05 0.0940371 9.98333E-05 9.98333E-05 9.98333E-05 0.0304511 0.787607 9.98333E-05 9.98333E-05 9.98333E-05 9.98333E-05 9.98333E-05 9.98333E-05 9.98333E-05 9.98333E-05 9.98333E-05
0.000501807 0.0106254 9.98684E-05 9.98684E-05 9.98684E-05 0.0449042 9.98684E-05 9.98684E-05 9.98684E-05 9.98684E-05 0.00322963 9.98684E-05 0.170214 0.694282 9.98684E-05 9.98684E-05 0.00130336 9.98684E-05 0.0734415 9.98684E-05 9.98684E-05 9.98684E-05 9.98684E-05
9.98597E-05 9.98597E-05 9.98597E-05 9.98597E-05 9.98597E-05 9.98597E-05 0.0195909 9.98597E-05 9.98597E-05 0.0149735 9.98597E-05 9.98597E-05 0.0223453 0.537149 0.0141603 0.353193 9.98597E-05 9.98597E-05 9.98597E-05 0.0369896 9.98597E-05 9.98597E-05 9.98597E-05
0.00184259 9.98684E-05 9.98684E-05 9.98684E-05 9.98684E-05 0.0750415 9.98684E-05 9.98684E-05 9.98684E-05 0.0899263 9.98684E-05 9.98684E-05 0.00126242 0.706019 0.00891087 9.98684E-05 9.98684E-05 9.98684E-05 0.0372724 9.98684E-05 0.0782265 9.98684E-05 9.98684E-05
0.0774718 0.103957 9.98684E-05 9.98684E-05 9.98684E-05 9.98684E-05 9.98684E-05 9.98684E-05 0.0119298 9.98684E-05 9.98684E-05 9.98684E-05 0.0693772 0.0624631 9.98684E-05 0.472399 9.98684E-05 9.98684E-05 9.98684E-05 9.98684E-05 0.068813 9.98684E-05 0.13209
0.101739 9.98596E-05 0.0119178 9.98596E-05 9.98596E-05 0.075847 9.98596E-05 9.98596E-05 9.98596E-05 9.98596E-05 9.98596E-05 9.98596E-05 0.112949 9.98596E-05 9.98596E-05 0.57592 9.98596E-05 9.98596E-05 0.042624 9.98596E-05 0.0774052 9.98596E-05 9.98596E-05
9.98597E-05 0.239255 0.00561355 9.98597E-05 9.98597E-05 9.98597E-05 9.98597E-05 0.0512097 9.98597E-05 9.98597E-05 9.98597E-05 9.98597E-05 0.0968056 9.98597E-05 9.98597E-05 0.520417 9.98597E-05 9.98597E-05 0.073383 9.98597E-05 0.0117187 9.98597E-05 9.98597E-05
9.98772E-05 9.98772E-05 9.98772E-05 9.98772E-05 9.98772E-05 9.98772E-05 9.98772E-05 0.00299299 9.98772E-05 0.00204768 0.0344443 0.0465588 0.000689018 0.72892 9.98772E-05 0.128174 9.98772E-05 9.98772E-05 0.0316833 9.98772E-05 0.0230909 9.98772E-05 9.98772E-05
0.0611335 9.98334E-05 9.98334E-05 9.98334E-05 9.98334E-05 9.98334E-05 9.98334E-05 9.98334E-05 0.127232 9.98334E-05 9.98334E-05 9.98334E-05 9.98334E-05 9.98334E-05 9.98334E-05 0.735022 9.98334E-05 9.98334E-05 0.0747155 9.98334E-05 9.98334E-05 9.98334E-05 9.98334E-05
9.98335E-05 9.98335E-05 9.98335E-05 9.98335E-05 9.98335E-05 9.98335E-05 9.98335E-05 9.98335E-05 9.98335E-05 0.0845833 9.98335E-05 0.0172177 9.98335E-05 0.487142 9.98335E-05 0.40916 9.98335E-05 9.98335E-05 9.98335E-05 9.98335E-05 9.98335E-05 9.98335E-05 9.98335E-05
9.98598E-05 9.98598E-05 9.98598E-05 9.98598E-05 9.98598E-05 9.98598E-05 9.98598E-05 9.98598E-05 9.98598E-05 9.98598E-05 0.0230517 9.98598E-05 0.123822 0.260621 0.14531 0.397451 9.98598E-05 9.98598E-05 9.98598E-05 0.0332306 0.0149164 9.98598E-05 9.98598E-05
9.9851E-05 9.9851E-05 0.00242095 9.9851E-05 9.9851E-05 9.9851E-05 9.9851E-05 9.9851E-05 9.9851E-05 9.9851E-05 9.9851E-05 0.0801592 0.164837 9.9851E-05 9.9851E-05 0.689664 9.9851E-05 0.0318748 9.9851E-05 0.0293467 9.9851E-05 9.9851E-05 9.9851E-05
0.00840109 9.98595E-05 0.0526478 0.0125782 9.98595E-05 9.98595E-05 9.98595E-05 9.98595E-05 9.98595E-05 0.0247657 9.98595E-05 9.98595E-05 0.106724 9.98595E-05 9.98595E-05 0.65002 9.98595E-05 9.98595E-05 9.98595E-05 9.98595E-05 9.98595E-05 9.98595E-05 0.143266
0.079022 9.98245E-05 9.98245E-05 9.98245E-05 9.98245E-05 9.98245E-05 9.98245E-05 9.98245E-05 9.98245E-05 9.98245E-05 9.98245E-05 9.98245E-05 0.0386529 9.98245E-05 9.98245E-05 0.880329 9.98245E-05 9.98245E-05 9.98245E-05 9.98245E-05 9.98245E-05 9.98245E-05 9.98245E-05
0.141923 9.98422E-05 9.98422E-05 9.98422E-05 9.98422E-05 9.98422E-05 9.98422E-05 9.98422E-05 9.98422E-05 9.98422E-05 9.98422E-05 9.98422E-05 0.04265 0.676089 0.00477623 9.98422E-05 9.98422E-05 9.98422E-05 0.132765 9.98422E-05 9.98422E-05 9.98422E-05 9.98422E-05
9.98159E-05 9.98159E-05 9.98159E-05 9.98159E-05 9.98159E-05 9.98159E-05 9.98159E-05 9.98159E-05 9.98159E-05 9.98159E-05 9.98159E-05 9.98159E-05 9.98159E-05 0.883795 9.98159E-05 9.98159E-05 9.98159E-05 9.98159E-05 9.98159E-05 9.98159E-05 9.98159E-05 9.98159E-05 0.114109
0.172738 9.98509E-05 9.98509E-05 9.98509E-05 9.98509E-05 0.132583 9.98509E-05 9.98509E-05 9.98509E-05 9.98509E-05 9.98509E-05 9.98509E-05 0.154682 9.98509E-05 0.0814403 0.431967 0.0248926 9.98509E-05 9.98509E-05 9.98509E-05 9.98509E-05 9.98509E-05 9.98509E-05
0.43428 9.98509E-05 9.98509E-05 9.98509E-05 9.98509E-05 9.98509E-05 9.98509E-05 9.98509E-05 9.98509E-05 0.0742243 9.98509E-05 9.98509E-05 0.167901 0.123786 9.98509E-05 0.123925 9.98509E-05 0.0741868 9.98509E-05 9.98509E-05 9.98509E-05 9.98509E-05 9.98509E-05
9.98244E-05 9.98244E-05 9.98244E-05 9.98244E-05 9.98244E-05 9.98244E-05 9.98244E-05 9.98244E-05 0.0196178 9.98244E-05 0.0199255 9.98244E-05 9.98244E-05 9.98244E-05 9.98244E-05 0.95846 9.98244E-05 9.98244E-05 9.98244E-05 9.98244E-05 9.98244E-05 9.98244E-05 9.98244E-05
9.98509E-05 9.98509E-05 9.98509E-05 9.98509E-05 9.98509E-05 9.98509E-05 9.98509E-05 0.025183 0.026129 9.98509E-05 9.98509E-05 9.98509E-05 0.065618 0.837804 0.021698 9.98509E-05 9.98509E-05 9.98509E-05 9.98509E-05 9.98509E-05 0.0218702 9.98509E-05 9.98509E-05
9.9807E-05 9.9807E-05 9.9807E-05 9.9807E-05 9.9807E-05 9.9807E-05 9.9807E-05 9.9807E-05 9.9807E-05 9.9807E-05 9.9807E-05 9.9807E-05 9.9807E-05 9.9807E-05 9.9807E-05 0.997804 9.9807E-05 9.9807E-05 9.9807E-05 9.9807E-05 9.9807E-05 9.9807E-05 9.9807E-05
0.149816 9.98513E-05 0.0223717 9.98513E-05 9.98513E-05 0.0339811 9.98513E-05 9.98513E-05 9.98513E-05 9.98513E-05 9.98513E-05 9.98513E-05 0.126466 0.602623 9.98513E-05 0.0630443 9.98513E-05 9.98513E-05 9.98513E-05 9.98513E-05 9.98513E-05 9.98513E-05 9.98513E-05
9.98337E-05 9.98337E-05 9.98337E-05 0.162508 9.98337E-05 9.98337E-05 9.98337E-05 9.98337E-05 9.98337E-05 0.056006 9.98337E-05 9.98337E-05 9.98337E-05 0.759082 9.98337E-05 9.98337E-05 9.98337E-05 0.0205078 9.98337E-05 9.98337E-05 9.98337E-05 9.98337E-05 9.98337E-05
9.98682E-05 0.142633 9.98682E-05 9.98682E-05 0.0778786 9.98682E-05 9.98682E-05 9.98682E-05 9.98682E-05 9.98682E-05 0.0215076 9.98682E-05 0.188184 0.401345 9.98682E-05 9.98682E-05 0.0205046 9.98682E-05 0.0439292 9.98682E-05 0.10252 9.98682E-05 9.98682E-05
0.128605 9.98597E-05 0.0330964 9.98597E-05 9.98597E-05 9.98597E-05 9.98597E-05 9.98597E-05 0.0320285 9.98597E-05 0.0144762 9.98597E-05 9.98597E-05 0.664013 9.98597E-05 9.98597E-05 0.0599283 0.0662554 9.98597E-05 9.98597E-05 9.98597E-05 9.98597E-05 9.98597E-05
9.98335E-05 9.98335E-05 9.98335E-05 9.98335E-05 9.98335E-05 9.98335E-05 9.98335E-05 9.98335E-05 9.98335E-05 9.98335E-05 9.98335E-05 9.98335E-05 0.0340714 0.928936 0.0303128 9.98335E-05 0.0047831 9.98335E-05 9.98335E-05 9.98335E-05 9.98335E-05 9.98335E-05 9.98335E-05
9.98598E-05 9.98598E-05 0.0891022 0.031257 9.98598E-05 9.98598E-05 0.0460608 9.98598E-05 9.98598E-05 9.98598E-05 9.98598E-05 9.98598E-05 0.0090897 9.98598E-05 9.98598E-05 0.741913 9.98598E-05 0.033626 9.98598E-05 9.98598E-05 9.98598E-05 0.0473534 9.98598E-05
9.98336E-05 9.98336E-05 9.98336E-05 9.98336E-05 9.98336E-05 9.98336E-05 9.98336E-05 0.0020492 9.98336E-05 9.98336E-05 9.98336E-05 9.98336E-05 0.0520659 9.98336E-05 9.98336E-05 0.859004 0.0849844 9.98336E-05 9.98336E-05 9.98336E-05 9.98336E-05 9.98336E-05 9.98336E-05
9.98334E-05 0.100382 9.98334E-05 9.98334E-05 9.98334E-05 9.98334E-05 9.98334E-05 9.98334E-05 9.98334E-05 0.0167688 0.0473322 9.98334E-05 9.98334E-05 9.98334E-05 9.98334E-05 0.83362 9.98334E-05 9.98334E-05 9.98334E-05 9.98334E-05 9.98334E-05 9.98334E-05 9.98334E-05
0.0300263 9.98421E-05 9.98421E-05 9.98421E-05 9.98421E-05 9.98421E-05 9.98421E-05 0.0794871 9.98421E-05 0.036226 9.98421E-05 0.0478657 9.98421E-05 9.98421E-05 9.98421E-05 0.804598 9.98421E-05 9.98421E-05 9.98421E-05 9.98421E-05 9.98421E-05 9.98421E-05 9.98421E-05
0.0159377 9.98334E-05 9.98334E-05 9.98334E-05 9.98334E-05 9.98334E-05 9.98334E-05 9.98334E-05 0.0565179 9.98334E-05 9.98334E-05 9.98334E-05 0.0603981 0.865249 9.98334E-05 9.98334E-05 9.98334E-05 9.98334E-05 9.98334E-05 9.98334E-05 9.98334E-05 9.98334E-05 9.98334E-05
9.98333E-05 9.98333E-05 9.98333E-05 0.0172807 9.98333E-05 9.98333E-05 9.98333E-05 9.98333E-05 9.98333E-05 9.98333E-05 9.98333E-05 9.98333E-05 9.98333E-05 0.890582 0.017053 9.98333E-05 9.98333E-05 9.98333E-05 0.0731874 9.98333E-05 9.98333E-05 9.98333E-05 9.98333E-05
0.0585751 9.98508E-05 9.98508E-05 9.98508E-05 9.98508E-05 0.731842 0.0187479 0.0649556 9.98508E-05 9.98508E-05 9.98508E-05 9.98508E-05 0.0911749 9.98508E-05 0.033007 9.98508E-05 9.98508E-05 9.98508E-05 9.98508E-05 9.98508E-05 9.98508E-05 9.98508E-05 9.98508E-05
9.98073E-05 9.98073E-05 9.98073E-05 9.98073E-05 9.98073E-05 0.997804 9.98073E-05 9.98073E-05 9.98073E-05 9.98073E-05 9.98073E-05 9.98073E-05 9.98073E-05 9.98073E-05 9.98073E-05 9.98073E-05 9.98073E-05 9.98073E-05 9.98073E-05 9.98073E-05 9.98073E-05 9.98073E-05 9.98073E-05
9.98159E-05 9.98159E-05 9.98159E-05 9.98159E-05 9.98159E-05 0.935085 9.98159E-05 0.0628193 9.98159E-05 9.98159E-05 9.98159E-05 9.98159E-05 9.98159E-05 9.98159E-05 9.98159E-05 9.98159E-05 9.98159E-05 9.98159E-05 9.98159E-05 9.98159E-05 9.98159E-05 9.98159E-05 9.98159E-05
9.98422E-05 0.209227 9.98422E-05 9.98422E-05 9.98422E-05 0.329146 9.98422E-05 0.041656 9.98422E-05 9.98422E-05 9.98422E-05 0.302316 9.98422E-05 9.98422E-05 0.115859 9.98422E-05 9.98422E-05 9.98422E-05 9.98422E-05 9.98422E-05 9.98422E-05 9.98422E-05 9.98422E-05
0.110915 9.98681E-05 9.98681E-05 0.00644456 9.98681E-05 0.702994 9.98681E-05 0.0369565 9.98681E-05 9.98681E-05 0.0606689 9.98681E-05 0.0232726 9.98681E-05 0.0464976 9.98681E-05 9.98681E-05 0.0107526 9.98681E-05 9.98681E-05 9.98681E-05 9.98681E-05 9.98681E-05
0.0989874 9.98418E-05 9.98418E-05 9.98418E-05 9.98418E-05 0.687297 9.98418E-05 9.98418E-05 9.98418E-05 9.98418E-05 9.98418E-05 9.98418E-05 0.167524 9.98418E-05 0.0152749 9.98418E-05 0.0291189 9.98418E-05 9.98418E-05 9.98418E-05 9.98418E-05 9.98418E-05 9.98418E-05
9.98419E-05 9.98419E-05 0.000180817 9.98419E-05 9.98419E-05 0.622255 9.98419E-05 9.98419E-05 9.98419E-05 9.98419E-05 9.98419E-05 0.268659 0.0908072 9.98419E-05 9.98419E-05 9.98419E-05 9.98419E-05 9.98419E-05 9.98419E-05 9.98419E-05 0.0163008 9.98419E-05 9.98419E-05
9.98506E-05 0.037873 9.98506E-05 9.98506E-05 9.98506E-05 0.610961 9.98506E-05 0.140139 9.98506E-05 9.98506E-05 9.98506E-05 0.0973466 0.0537696 9.98506E-05 0.0582137 9.98506E-05 9.98506E-05 9.98506E-05 9.98506E-05 9.98506E-05 9.98506E-05 9.98506E-05 9.98506E-05
9.98071E-05 9.98071E-05 9.98071E-05 9.98071E-05 9.98071E-05 0.997804 9.98071E-05 9.98071E-05 9.98071E-05 9.98071E-05 9.98071E-05 9.98071E-05 9.98071E-05 9.98071E-05 9.98071E-05 9.98071E-05 9.98071E-05 9.98071E-05 9.98071E-05 9.98071E-05 9.98071E-05 9.98071E-05 9.98071E-05
9.98244E-05 9.98244E-05 9.98244E-05 9.98244E-05 9.98244E-05 0.932191 9.98244E-05 9.98244E-05 0.0125058 9.98244E-05 9.98244E-05 9.98244E-05 9.98244E-05 9.98244E-05 9.98244E-05 9.98244E-05 9.98244E-05 9.98244E-05 9.98244E-05 9.98244E-05 0.0533072 9.98244E-05 9.98244E-05
9.98417E-05 9.98417E-05 9.98417E-05 9.98417E-05 9.98417E-05 0.57997 9.98417E-05 9.98417E-05 9.98417E-05 0.0115042 9.98417E-05 9.98417E-05 0.226161 9.98417E-05 0.0165026 9.98417E-05 9.98417E-05 9.98417E-05 9.98417E-05 9.98417E-05 0.164066 9.98417E-05 9.98417E-05
0.152593 9.98858E-05 0.0559215 9.98858E-05 9.98858E-05 0.474276 0.0907571 9.98858E-05 0.0561892 9.98858E-05 0.00948286 0.00526678 0.0248283 9.98858E-05 9.98858E-05 9.98858E-05 9.98858E-05 0.0735806 9.98858E-05 9.98858E-05 0.0558069 9.98858E-05 9.98858E-05
9.98682E-05 0.00101626 0.0786235 9.98682E-05 0.0317028 0.535056 0.125883 9.98682E-05 9.98682E-05 9.98682E-05 9.98682E-05 9.98682E-05 9.98682E-05 9.98682E-05 0.151831 9.98682E-05 9.98682E-05 0.00796737 9.98682E-05 9.98682E-05 0.0664225 9.98682E-05 9.98682E-05
0.146396 9.98681E-05 9.98681E-05 0.00284525 0.041424 0.520279 9.98681E-05 9.98681E-05 9.98681E-05 0.0408313 9.98681E-05 0.124421 0.111894 9.98681E-05 9.98681E-05 9.98681E-05 9.98681E-05 0.0104114 9.98681E-05 9.98681E-05 9.98681E-05 9.98681E-05 9.98681E-05
9.98424E-05 0.0105837 9.98424E-05 9.98424E-05 9.98424E-05 0.881889 9.98424E-05 9.98424E-05 9.98424E-05 9.98424E-05 9.98424E-05 9.98424E-05 9.98424E-05 9.98424E-05 9.98424E-05 9.98424E-05 9.98424E-05 9.98424E-05 0.046464 9.98424E-05 0.0326591 0.026607 9.98424E-05
0.00691385 9.98335E-05 9.98335E-05 9.98335E-05 9.98335E-05 0.941863 9.98335E-05 9.98335E-05 0.045505 9.98335E-05 9.98335E-05 9.98335E-05 9.98335E-05 9.98335E-05 9.98335E-05 9.98335E-05 9.98335E-05 9.98335E-05 9.98335E-05 9.98335E-05 0.00382172 9.98335E-05 9.98335E-05
9.98418E-05 0.0451524 9.98418E-05 0.0505943 9.98418E-05 0.787704 9.98418E-05 0.0355223 9.98418E-05 0.0792303 9.98418E-05 9.98418E-05 9.98418E-05 9.98418E-05 9.98418E-05 9.98418E-05 9.98418E-05 9.98418E-05 9.98418E-05 9.98418E-05 9.98418E-05 9.98418E-05 9.98418E-05
0.114377 9.98507E-05 9.98507E-05 9.98507E-05 9.98507E-05 0.65711 0.0599731 9.98507E-05 9.98507E-05 0.0585855 9.98507E-05 9.98507E-05 9.98507E-05 9.98507E-05 0.0222482 9.98507E-05 9.98507E-05 9.98507E-05 9.98507E-05 9.98507E-05 0.0860083 9.98507E-05 9.98507E-05
9.98596E-05 0.0200361 9.98596E-05 9.98596E-05 0.0211489 0.725676 9.98596E-05 0.0919411 9.98596E-05 0.0578003 9.98596E-05 9.98596E-05 9.98596E-05 9.98596E-05 0.0464704 9.98596E-05 9.98596E-05 9.98596E-05 9.98596E-05 9.98596E-05 0.035329 9.98596E-05 9.98596E-05
9.9833E-05 9.9833E-05 9.9833E-05 9.9833E-05 9.9833E-05 0.640439 9.9833E-05 9.9833E-05 9.9833E-05 9.9833E-05 9.9833E-05 9.9833E-05 0.176528 9.9833E-05 9.9833E-05 9.9833E-05 9.9833E-05 9.9833E-05 0.104866 9.9833E-05 9.9833E-05 0.0762706 9.9833E-05
9.9825E-05 9.9825E-05 9.9825E-05 9.9825E-05 9.9825E-05 0.952825 9.9825E-05 9.9825E-05 9.9825E-05 9.9825E-05 9.9825E-05 9.9825E-05 9.9825E-05 9.9825E-05 9.9825E-05 9.9825E-05 9.9825E-05 0.0406999 9.9825E-05 0.00447858 9.9825E-05 9.9825E-05 9.9825E-05
0.200757 9.98418E-05 9.98418E-05 9.98418E-05 9.98418E-05 0.707761 9.98418E-05 9.98418E-05 9.98418E-05 9.98418E-05 9.98418E-05 0.0207709 0.0485466 9.98418E-05 9.98418E-05 9.98418E-05 9.98418E-05 9.98418E-05 0.0203677 9.98418E-05 9.98418E-05 9.98418E-05 9.98418E-05
0.0201583 0.153267 9.98599E-05 9.98599E-05 9.98599E-05 0.732411 9.98599E-05 9.98599E-05 9.98599E-05 9.98599E-05 9.98599E-05 0.0615321 0.00981426 9.98599E-05 9.98599E-05 9.98599E-05 9.98599E-05 9.98599E-05 0.00390827 9.98599E-05 0.0173112 9.98599E-05 9.98599E-05
9.98508E-05 9.98508E-05 9.98508E-05 9.98508E-05 9.98508E-05 0.735885 9.98508E-05 0.112037 9.98508E-05 0.075021 9.98508E-05 9.98508E-05 0.0183408 9.98508E-05 0.0389857 9.98508E-05 9.98508E-05 9.98508E-05 9.98508E-05 9.98508E-05 0.0180339 9.98508E-05 9.98508E-05
9.98331E-05 9.98331E-05 9.98331E-05 9.98331E-05 9.98331E-05 0.790764 0.122971 9.98331E-05 0.00191923 9.98331E-05 9.98331E-05 9.98331E-05 9.98331E-05 9.98331E-05 9.98331E-05 9.98331E-05 9.98331E-05 9.98331E-05 9.98331E-05 9.98331E-05 0.0824488 9.98331E-05 9.98331E-05
9.98249E-05 9.98249E-05 9.98249E-05 9.98249E-05 9.98249E-05 0.984784 9.98249E-05 9.98249E-05 9.98249E-05 9.98249E-05 9.98249E-05 9.98249E-05 0.00582571 9.98249E-05 9.98249E-05 0.00739407 9.98249E-05 9.98249E-05 9.98249E-05 9.98249E-05 9.98249E-05 9.98249E-05 9.98249E-05
9.98072E-05 9.98072E-05 9.98072E-05 9.98072E-05 9.98072E-05 0.997804 9.98072E-05 9.98072E-05 9.98072E-05 9.98072E-05 9.98072E-05 9.98072E-05 9.98072E-05 9.98072E-05 9.98072E-05 9.98072E-05 9.98072E-05 9.98072E-05 9.98072E-05 9.98072E-05 9.98072E-05 9.98072E-05 9.98072E-05
9.98071E-05 9.98071E-05 9.98071E-05 9.98071E-05 9.98071E-05 0.997804 9.98071E-05 9.98071E-05 9.98071E-05 9.98071E-05 9.98071E-05 9.98071E-05 9.98071E-05 9.98071E-05 9.98071E-05 9.98071E-05 9.98071E-05 9.98071E-05 9.98071E-05 9.98071E-05 9.98071E-05 9.98071E-05 9.98071E-05
9.98246E-05 9.98246E-05 9.98246E-05 9.98246E-05 9.98246E-05 0.89595 9.98246E-05 0.0977712 9.98246E-05 9.98246E-05 9.98246E-05 9.98246E-05 0.0042819 9.98246E-05 9.98246E-05 9.98246E-05 9.98246E-05 9.98246E-05 9.98246E-05 9.98246E-05 9.98246E-05 9.98246E-05 9.98246E-05
9.98598E-05 9.98598E-05 0.0212165 9.98598E-05 9.98598E-05 0.561375 9.98598E-05 9.98598E-05 9.98598E-05 9.98598E-05 9.98598E-05 9.98598E-05 0.0569286 9.98598E-05 0.104372 0.0803414 9.98598E-05 9.98598E-05 0.00963278 9.98598E-05 9.98598E-05 9.98598E-05 0.164536
9.98245E-05 0.841827 9.98245E-05 9.98245E-05 9.98245E-05 9.98245E-05 9.98245E-05 9.98245E-05 9.98245E-05 9.98245E-05 9.98245E-05 9.98245E-05 0.124327 9.98245E-05 0.0318496 9.98245E-05 9.98245E-05 9.98245E-05 9.98245E-05 9.98245E-05 9.98245E-05 9.98245E-05 9.98245E-05
9.98068E-05 9.98068E-05 9.98068E-05 9.98068E-05 9.98068E-05 9.98068E-05 9.98068E-05 9.98068E-05 9.98068E-05 9.98068E-05 9.98068E-05 9.98068E-05 9.98068E-05 9.98068E-05 9.98068E-05 9.98068E-05 9.98068E-05 9.98068E-05 9.98068E-05 9.98068E-05 9.98068E-05 9.98068E-05 0.997804
0.0694803 0.877442 9.98508E-05 9.98508E-05 9.98508E-05 9.98508E-05 9.98508E-05 0.00461286 9.98508E-05 9.98508E-05 9.98508E-05 9.98508E-05 0.0401337 9.98508E-05 9.98508E-05 9.98508E-05 9.98508E-05 9.98508E-05 9.98508E-05 9.98508E-05 0.00517584 0.00145751 9.98508E-05
9.98332E-05 0.843203 9.98332E-05 9.98332E-05 9.98332E-05 9.98332E-05 9.98332E-05 0.00611468 9.98332E-05 9.98332E-05 9.98332E-05 9.98332E-05 0.130345 9.98332E-05 0.0184408 9.98332E-05 9.98332E-05 9.98332E-05 9.98332E-05 9.98332E-05 9.98332E-05 9.98332E-05 9.98332E-05
9.98419E-05 0.866606 9.98419E-05 9.98419E-05 9.98419E-05 9.98419E-05 9.98419E-05 9.98419E-05 9.98419E-05 9.98419E-05 9.98419E-05 9.98419E-05 0.011382 9.98419E-05 0.0481677 9.98419E-05 0.0164713 0.0555758 9.98419E-05 9.98419E-05 9.98419E-05 9.98419E-05 9.98419E-05
9.98508E-05 0.555329 9.98508E-05 9.98508E-05 9.98508E-05 9.98508E-05 9.98508E-05 9.98508E-05 0.0139436 9.98508E-05 9.98508E-05 0.0570823 0.169912 9.98508E-05 0.152663 9.98508E-05 9.98508E-05 9.98508E-05 9.98508E-05 0.0493729 9.98508E-05 9.98508E-05 9.98508E-05
0.0842433 0.747278 9.98684E-05 9.98684E-05 9.98684E-05 9.98684E-05 0.0094587 0.00363959 9.98684E-05 9.98684E-05 9.98684E-05 9.98684E-05 0.055401 9.98684E-05 0.0667072 9.98684E-05 9.98684E-05 9.98684E-05 9.98684E-05 9.98684E-05 0.00152686 9.98684E-05 0.0302474
9.98157E-05 0.749395 9.98157E-05 9.98157E-05 9.98157E-05 9.98157E-05 9.98157E-05 9.98157E-05 9.98157E-05 9.98157E-05 9.98157E-05 9.98157E-05 9.98157E-05 9.98157E-05 0.248509 9.98157E-05 9.98157E-05 9.98157E-05 9.98157E-05 9.98157E-05 9.98157E-05 9.98157E-05 9.98157E-05
0.00940019 0.426071 0.0203728 9.98595E-05 9.98595E-05 9.98595E-05 0.0237373 9.98595E-05 9.98595E-05 9.98595E-05 9.98595E-05 0.174622 9.98595E-05 9.98595E-05 0.308485 9.98595E-05 9.98595E-05 9.98595E-05 0.0357132 9.98595E-05 9.98595E-05 9.98595E-05 9.98595E-05
9.98333E-05 0.512869 9.98333E-05 9.98333E-05 9.98333E-05 9.98333E-05 0.0298869 9.98333E-05 9.98333E-05 9.98333E-05 9.98333E-05 9.98333E-05 0.245003 9.98333E-05 0.210345 9.98333E-05 9.98333E-05 9.98333E-05 9.98333E-05 9.98333E-05 9.98333E-05 9.98333E-05 9.98333E-05
9.98334E-05 0.421988 9.98334E-05 9.98334E-05 9.98334E-05 9.98334E-05 9.98334E-05 9.98334E-05 9.98334E-05 9.98334E-05 9.98334E-05 0.228141 9.98334E-05 9.98334E-05 9.98334E-05 9.98334E-05 9.98334E-05 9.98334E-05 9.98334E-05 0.292199 0.0557745 9.98334E-05 9.98334E-05
9.98509E-05 0.622733 9.98509E-05 9.98509E-05 9.98509E-05 9.98509E-05 9.98509E-05 9.98509E-05 9.98509E-05 9.98509E-05 9.98509E-05 0.114214 0.000316605 0.0305081 9.98509E-05 9.98509E-05 9.98509E-05 9.98509E-05 9.98509E-05 0.164104 0.066427 9.98509E-05 9.98509E-05
9.98334E-05 0.644281 9.98334E-05 9.98334E-05 9.98334E-05 9.98334E-05 9.98334E-05 0.00160558 9.98334E-05 9.98334E-05 9.98334E-05 9.98334E-05 9.98334E-05 9.98334E-05 0.0854723 9.98334E-05 9.98334E-05 9.98334E-05 9.98334E-05 9.98334E-05 9.98334E-05 9.98334E-05 0.266745
9.98423E-05 0.458167 9.98423E-05 9.98423E-05 9.98423E-05 9.98423E-05 9.98423E-05 9.98423E-05 9.98423E-05 9.98423E-05 9.98423E-05 9.98423E-05 0.150543 9.98423E-05 0.258693 9.98423E-05 0.0487569 9.98423E-05 9.98423E-05 0.0820429 9.98423E-05 9.98423E-05 9.98423E-05
9.9851E-05 0.542602 0.0274545 9.9851E-05 9.9851E-05 9.9851E-05 0.151298 0.00940337 9.9851E-05 9.9851E-05 9.9851E-05 9.9851E-05 9.9851E-05 9.9851E-05 0.0994125 9.9851E-05 9.9851E-05 9.9851E-05 9.9851E-05 0.168132 9.9851E-05 9.9851E-05 9.9851E-05
9.98684E-05 0.601927 9.98684E-05 9.98684E-05 9.98684E-05 9.98684E-05 9.98684E-05 9.98684E-05 0.0378182 9.98684E-05 9.98684E-05 0.0326395 0.129319 9.98684E-05 9.98684E-05 9.98684E-05 9.98684E-05 0.00939497 0.150076 9.98684E-05 0.00788416 9.98684E-05 0.0294438
9.98421E-05 0.56129 9.98421E-05 9.98421E-05 9.98421E-05 9.98421E-05 9.98421E-05 9.98421E-05 9.98421E-05 9.98421E-05 0.0294527 0.259822 0.105929 9.98421E-05 9.98421E-05 9.98421E-05 9.98421E-05 9.98421E-05 9.98421E-05 0.0417089 9.98421E-05 9.98421E-05 9.98421E-05
0.0495973 0.642754 9.98598E-05 9.98598E-05 9.98598E-05 9.98598E-05 9.98598E-05 9.98598E-05 9.98598E-05 9.98598E-05 9.98598E-05 9.98598E-05 9.98598E-05 9.98598E-05 0.114483 0.0620169 9.98598E-05 0.0990116 0.001727 9.98598E-05 0.0288129 9.98598E-05 9.98598E-05
9.98333E-05 0.88036 9.98333E-05 9.98333E-05 9.98333E-05 9.98333E-05 9.98333E-05 9.98333E-05 9.98333E-05 9.98333E-05 9.98333E-05 0.0053801 9.98333E-05 9.98333E-05 9.98333E-05 9.98333E-05 9.98333E-05 9.98333E-05 9.98333E-05 0.105303 0.00705986 9.98333E-05 9.98333E-05
9.98509E-05 0.338406 9.98509E-05 9.98509E-05 9.98509E-05 9.98509E-05 9.98509E-05 9.98509E-05 9.98509E-05 9.98509E-05 0.0118137 9.98509E-05 0.174454 9.98509E-05 0.0851182 9.98509E-05 9.98509E-05 9.98509E-05 0.0896441 0.298867 9.98509E-05 9.98509E-05 9.98509E-05
9.98509E-05 0.58269 0.00633552 9.98509E-05 9.98509E-05 9.98509E-05 9.98509E-05 9.98509E-05 9.98509E-05 9.98509E-05 9.98509E-05 0.160186 0.089574 9.98509E-05 9.98509E-05 9.98509E-05 9.98509E-05 0.120101 9.98509E-05 0.0394164 9.98509E-05 9.98509E-05 9.98509E-05
9.98421E-05 0.768536 9.98421E-05 9.98421E-05 9.98421E-05 9.98421E-05 0.0835828 0.0298894 9.98421E-05 9.98421E-05 9.98421E-05 9.98421E-05 9.98421E-05 9.98421E-05 0.0671917 9.98421E-05 9.98421E-05 9.98421E-05 9.98421E-05 9.98421E-05 0.0490028 9.98421E-05 9.98421E-05
9.98508E-05 0.486253 9.98508E-05 9.98508E-05 0.00195278 9.98508E-05 9.98508E-05 9.98508E-05 9.98508E-05 9.98508E-05 0.0353268 0.123994 0.206115 9.98508E-05 0.144661 9.98508E-05 9.98508E-05 9.98508E-05 9.98508E-05 9.98508E-05 9.98508E-05 9.98508E-05 9.98508E-05
9.98333E-05 0.522405 9.98333E-05 9.98333E-05 9.98333E-05 9.98333E-05 9.98333E-05 9.98333E-05 9.98333E-05 9.98333E-05 9.98333E-05 9.98333E-05 9.98333E-05 9.98333E-05 0.14683 9.98333E-05 9.98333E-05 0.0169213 9.98333E-05 9.98333E-05 9.98333E-05 9.98333E-05 0.311947
9.98596E-05 0.483329 9.98596E-05 9.98596E-05 0.0113459 9.98596E-05 9.98596E-05 9.98596E-05 9.98596E-05 9.98596E-05 0.0554065 0.0987086 0.173293 9.98596E-05 0.174921 9.98596E-05 9.98596E-05 0.00139833 9.98596E-05 9.98596E-05 9.98596E-05 9.98596E-05 9.98596E-05
0.0618808 0.180312 9.98772E-05 9.98772E-05 9.98772E-05 0.0298528 9.98772E-05 9.98772E-05 9.98772E-05 9.98772E-05 9.98772E-05 0.0635482 0.136464 9.98772E-05 0.140923 9.98772E-05 9.98772E-05 9.98772E-05 9.98772E-05 0.070157 0.0343728 9.98772E-05 0.281091
9.98422E-05 0.116137 9.98422E-05 9.98422E-05 9.98422E-05 9.98422E-05 9.98422E-05 9.98422E-05 9.98422E-05 9.98422E-05 9.98422E-05 9.98422E-05 0.0589385 9.98422E-05 9.98422E-05 9.98422E-05 0.0719591 0.123086 9.98422E-05 0.628081 9.98422E-05 9.98422E-05 9.98422E-05
9.98507E-05 0.828496 0.0104162 9.98507E-05 9.98507E-05 9.98507E-05 9.98507E-05 9.98507E-05 0.0186834 0.00294266 9.98507E-05 9.98507E-05 0.0741019 9.98507E-05 0.0636628 9.98507E-05 9.98507E-05 9.98507E-05 9.98507E-05 9.98507E-05 9.98507E-05 9.98507E-05 9.98507E-05
0.0142922 0.602162 9.98597E-05 9.98597E-05 9.98597E-05 0.00480769 9.98597E-05 9.98597E-05 9.98597E-05 9.98597E-05 0.00208986 0.0862854 0.137972 9.98597E-05 0.150793 9.98597E-05 9.98597E-05 9.98597E-05 9.98597E-05 9.98597E-05 9.98597E-05 9.98597E-05 9.98597E-05
9.98334E-05 0.718226 9.98334E-05 9.98334E-05 9.98334E-05 9.98334E-05 9.98334E-05 9.98334E-05 9.98334E-05 9.98334E-05 9.98334E-05 9.98334E-05 0.0827072 9.98334E-05 9.98334E-05 9.98334E-05 9.98334E-05 0.111898 9.98334E-05 0.0852722 9.98334E-05 9.98334E-05 9.98334E-05
9.98421E-05 0.696264 0.120614 9.98421E-05 0.0190584 9.98421E-05 9.98421E-05 9.98421E-05 9.98421E-05 9.98421E-05 9.98421E-05 9.98421E-05 0.140084 9.98421E-05 0.0221826 9.98421E-05 9.98421E-05 9.98421E-05 9.98421E-05 9.98421E-05 9.98421E-05 9.98421E-05 9.98421E-05
9.98246E-05 0.925288 9.98246E-05 9.98246E-05 9.98246E-05 9.98246E-05 9.98246E-05 9.98246E-05 9.98246E-05 9.98246E-05 9.98246E-05 9.98246E-05 0.0220852 9.98246E-05 9.98246E-05 9.98246E-05 9.98246E-05 9.98246E-05 9.98246E-05 9.98246E-05 9.98246E-05 0.0506301 9.98246E-05
9.98419E-05 0.383716 9.98419E-05 9.98419E-05 9.98419E-05 9.98419E-05 9.98419E-05 9.98419E-05 9.98419E-05 9.98419E-05 0.105487 9.98419E-05 0.128152 9.98419E-05 0.259909 9.98419E-05 9.98419E-05 0.120939 9.98419E-05 9.98419E-05 9.98419E-05 9.98419E-05 9.98419E-05
0.14207 0.825259 9.98244E-05 9.98244E-05 9.98244E-05 9.98244E-05 9.98244E-05 9.98244E-05 9.98244E-05 9.98244E-05 9.98244E-05 9.98244E-05 0.030675 9.98244E-05 9.98244E-05 9.98244E-05 9.98244E-05 9.98244E-05 9.98244E-05 9.98244E-05 9.98244E-05 9.98244E-05 9.98244E-05
9.98334E-05 0.903281 9.98334E-05 9.98334E-05 9.98334E-05 9.98334E-05 9.98334E-05 9.98334E-05 9.98334E-05 9.98334E-05 9.98334E-05 9.98334E-05 0.0211027 9.98334E-05 0.0164838 9.98334E-05 9.98334E-05 9.98334E-05 9.98334E-05 9.98334E-05 9.98334E-05 9.98334E-05 0.0572357
9.98595E-05 0.567757 9.98595E-05 9.98595E-05 9.98595E-05 9.98595E-05 0.000890505 9.98595E-05 0.0238804 9.98595E-05 9.98595E-05 9.98595E-05 9.98595E-05 9.98595E-05 0.0466017 9.98595E-05 9.98595E-05 9.98595E-05 0.158549 0.193429 0.00729488 9.98595E-05 9.98595E-05
9.98332E-05 0.643612 9.98332E-05 9.98332E-05 9.98332E-05 9.98332E-05 0.0435055 9.98332E-05 9.98332E-05 9.98332E-05 9.98332E-05 9.98332E-05 0.215563 9.98332E-05 0.0954228 9.98332E-05 9.98332E-05 9.98332E-05 9.98332E-05 9.98332E-05 9.98332E-05 9.98332E-05 9.98332E-05
9.98507E-05 0.207305 9.98507E-05 9.98507E-05 0.012604 9.98507E-05 9.98507E-05 9.98507E-05 9.98507E-05 9.98507E-05 9.98507E-05 9.98507E-05 0.00515663 9.98507E-05 0.0554641 9.98507E-05 9.98507E-05 0.0143781 9.98507E-05 0.703394 9.98507E-05 9.98507E-05 9.98507E-05
9.98335E-05 0.610302 9.98335E-05 9.98335E-05 9.98335E-05 9.98335E-05 9.98335E-05 9.98335E-05 9.98335E-05 9.98335E-05 9.98335E-05 9.98335E-05 0.0851853 9.98335E-05 9.98335E-05 9.98335E-05 9.98335E-05 9.98335E-05 9.98335E-05 0.124965 9.98335E-05 9.98335E-05 0.177651
9.98246E-05 0.305485 9.98246E-05 9.98246E-05 9.98246E-05 9.98246E-05 9.98246E-05 9.98246E-05 9.98246E-05 9.98246E-05 9.98246E-05 9.98246E-05 9.98246E-05 9.98246E-05 9.98246E-05 9.98246E-05 9.98246E-05 0.0310756 9.98246E-05 9.98246E-05 9.98246E-05 9.98246E-05 0.661443
9.9851E-05 0.364249 0.0151676 9.9851E-05 9.9851E-05 9.9851E-05 9.9851E-05 9.9851E-05 0.0254676 9.9851E-05 0.0179776 9.9851E-05 9.9851E-05 9.9851E-05 0.0610455 9.9851E-05 9.9851E-05 9.9851E-05 9.9851E-05 0.514395 9.9851E-05 9.9851E-05 9.9851E-05
9.98332E-05 0.494611 9.98332E-05 9.98332E-05 9.98332E-05 9.98332E-05 9.98332E-05 9.98332E-05 9.98332E-05 9.98332E-05 9.98332E-05 0.113235 0.297802 9.98332E-05 0.0924545 9.98332E-05 9.98332E-05 9.98332E-05 9.98332E-05 9.98332E-05 9.98332E-05 9.98332E-05 9.98332E-05
0.0273179 0.791062 9.98421E-05 9.98421E-05 9.98421E-05 9.98421E-05 9.98421E-05 9.98421E-05 9.98421E-05 9.98421E-05 9.98421E-05 9.98421E-05 9.98421E-05 9.98421E-05 0.141493 9.98421E-05 9.98421E-05 9.98421E-05 0.0328797 9.98421E-05 9.98421E-05 0.00545026 9.98421E-05
9.98421E-05 0.0174939 9.98421E-05 9.98421E-05 9.98421E-05 9.98421E-05 9.98421E-05 9.98421E-05 9.98421E-05 9.98421E-05 0.0948233 9.98421E-05 0.0523983 9.98421E-05 0.121207 9.98421E-05 9.98421E-05 9.98421E-05 9.98421E-05 0.71228 9.98421E-05 9.98421E-05 9.98421E-05
9.98246E-05 0.399191 9.98246E-05 9.98246E-05 9.98246E-05 9.98246E-05 9.98246E-05 9.98246E-05 9.98246E-05 9.98246E-05 9.98246E-05 9.98246E-05 0.052478 9.98246E-05 9.98246E-05 9.98246E-05 9.98246E-05 9.98246E-05 9.98246E-05 0.546335 9.98246E-05 9.98246E-05 9.98246E-05
0.0574264 0.510629 9.98595E-05 9.98595E-05 9.98595E-05 9.98595E-05 9.98595E-05 9.98595E-05 9.98595E-05 9.98595E-05 0.0896788 0.142259 9.98595E-05 9.98595E-05 0.165244 9.98595E-05 9.98595E-05 0.0149687 0.0181959 9.98595E-05 9.98595E-05 9.98595E-05 9.98595E-05
9.98684E-05 0.43639 9.98684E-05 9.98684E-05 9.98684E-05 0.172649 0.11234 0.0231386 9.98684E-05 9.98684E-05 9.98684E-05 9.98684E-05 0.0545345 9.98684E-05 0.113606 9.98684E-05 9.98684E-05 9.98684E-05 9.98684E-05 9.98684E-05 0.0266443 9.98684E-05 0.0591998
0.0746928 0.431319 9.98861E-05 9.98861E-05 9.98861E-05 9.98861E-05 0.0653891 9.98861E-05 9.98861E-05 9.98861E-05 9.98861E-05 0.104464 0.00316387 9.98861E-05 0.107864 9.98861E-05 0.0910094 0.0195389 9.98861E-05 0.0624389 9.98861E-05 0.0388222 9.98861E-05
0.0706281 0.428231 9.98421E-05 9.98421E-05 9.98421E-05 9.98421E-05 9.98421E-05 9.98421E-05 9.98421E-05 9.98421E-05 0.00540771 9.98421E-05 0.241973 9.98421E-05 0.251963 9.98421E-05 9.98421E-05 9.98421E-05 9.98421E-05 9.98421E-05 9.98421E-05 9.98421E-05 9.98421E-05
9.98245E-05 0.284095 9.98245E-05 9.98245E-05 9.98245E-05 9.98245E-05 9.98245E-05 9.98245E-05 9.98245E-05 9.98245E-05 9.98245E-05 9.98245E-05 9.98245E-05 9.98245E-05 9.98245E-05 9.98245E-05 9.98245E-05 9.98245E-05 9.98245E-05 0.23107 9.98245E-05 9.98245E-05 0.482838
9.98333E-05 0.740146 9.98333E-05 0.0318925 9.98333E-05 9.98333E-05 9.98333E-05 9.98333E-05 0.140596 9.98333E-05 9.98333E-05 9.98333E-05 0.0854683 9.98333E-05 9.98333E-05 9.98333E-05 9.98333E-05 9.98333E-05 9.98333E-05 9.98333E-05 9.98333E-05 9.98333E-05 9.98333E-05
9.98508E-05 0.124472 9.98508E-05 9.98508E-05 9.98508E-05 9.98508E-05 9.98508E-05 9.98508E-05 9.98508E-05 9.98508E-05 9.98508E-05 0.0327939 9.98508E-05 9.98508E-05 0.0788168 9.98508E-05 9.98508E-05 0.0315205 9.98508E-05 0.284127 9.98508E-05 9.98508E-05 0.446572
9.9851E-05 0.470313 9.9851E-05 9.9851E-05 9.9851E-05 9.9851E-05 9.9851E-05 9.9851E-05 9.9851E-05 9.9851E-05 9.9851E-05 9.9851E-05 0.123964 9.9851E-05 0.108501 9.9851E-05 9.9851E-05 9.9851E-05 0.0229638 0.268127 0.00443337 9.9851E-05 9.9851E-05
9.98333E-05 0.889922 0.0472999 9.98333E-05 9.98333E-05 9.98333E-05 9.98333E-05 9.98333E-05 9.98333E-05 9.98333E-05 9.98333E-05 0.0247588 9.98333E-05 9.98333E-05 0.0361223 9.98333E-05 9.98333E-05 9.98333E-05 9.98333E-05 9.98333E-05 9.98333E-05 9.98333E-05 9.98333E-05
9.98244E-05 0.849162 9.98244E-05 9.98244E-05 9.98244E-05 9.98244E-05 9.98244E-05 0.0127169 0.136125 9.98244E-05 9.98244E-05 9.98244E-05 9.98244E-05 9.98244E-05 9.98244E-05 9.98244E-05 9.98244E-05 9.98244E-05 9.98244E-05 9.98244E-05 9.98244E-05 9.98244E-05 9.98244E-05
9.98333E-05 0.449527 9.98333E-05 9.98333E-05 9.98333E-05 9.98333E-05 9.98333E-05 9.98333E-05 9.98333E-05 9.98333E-05 9.98333E-05 0.227324 0.130374 9.98333E-05 0.190878 9.98333E-05 9.98333E-05 9.98333E-05 9.98333E-05 9.98333E-05 9.98333E-05 9.98333E-05 9.98333E-05
9.98333E-05 0.721162 9.98333E-05 9.98333E-05 9.98333E-05 9.98333E-05 9.98333E-05 9.98333E-05 9.98333E-05 9.98333E-05 9.98333E-05 9.98333E-05 0.127318 9.98333E-05 0.13337 9.98333E-05 9.98333E-05 0.0162533 9.98333E-05 9.98333E-05 9.98333E-05 9.98333E-05 9.98333E-05
9.98244E-05 0.917435 9.98244E-05 9.98244E-05 9.98244E-05 9.98244E-05 9.98244E-05 9.98244E-05 9.98244E-05 9.98244E-05 9.98244E-05 9.98244E-05 9.98244E-05 9.98244E-05 0.0144241 9.98244E-05 9.98244E-05 9.98244E-05 9.98244E-05 9.98244E-05 9.98244E-05 0.0661442 9.98244E-05
9.98335E-05 0.825932 0.0604223 9.98335E-05 9.98335E-05 9.98335E-05 9.98335E-05 9.98335E-05 9.98335E-05 9.98335E-05 0.0543716 9.98335E-05 0.0573776 9.98335E-05 9.98335E-05 9.98335E-05 9.98335E-05 9.98335E-05 9.98335E-05 9.98335E-05 9.98335E-05 9.98335E-05 9.98335E-05
9.98247E-05 0.639402 9.98247E-05 9.98247E-05 9.98247E-05 9.98247E-05 9.98247E-05 9.98247E-05 9.98247E-05 9.98247E-05 9.98247E-05 9.98247E-05 9.98247E-05 9.98247E-05 0.186744 9.98247E-05 9.98247E-05 9.98247E-05 9.98247E-05 0.171858 9.98247E-05 9.98247E-05 9.98247E-05
9.98067E-05 9.98067E-05 9.98067E-05 9.98067E-05 9.98067E-05 9.98067E-05 9.98067E-05 9.98067E-05 9.98067E-05 9.98067E-05 9.98067E-05 9.98067E-05 0.997804 9.98067E-05 9.98067E-05 9.98067E-05 9.98067E-05 9.98067E-05 9.98067E-05 9.98067E-05 9.98067E-05 9.98067E-05 9.98067E-05
9.98067E-05 9.98067E-05 9.98067E-05 9.98067E-05 9.98067E-05 9.98067E-05 9.98067E-05 9.98067E-05 9.98067E-05 9.98067E-05 9.98067E-05 9.98067E-05 9.98067E-05 9.98067E-05 0.997804 9.98067E-05 9.98067E-05 9.98067E-05 9.98067E-05 9.98067E-05 9.98067E-05 9.98067E-05 9.98067E-05
9.98066E-05 9.98066E-05 9.98066E-05 9.98066E-05 9.98066E-05 9.98066E-05 9.98066E-05 9.98066E-05 9.98066E-05 9.98066E-05 9.98066E-05 9.98066E-05 0.997804 9.98066E-05 9.98066E-05 9.98066E-05 9.98066E-05 9.98066E-05 9.98066E-05 9.98066E-05 9.98066E-05 9.98066E-05 9.98066E-05
