9.98859E-05 9.98859E-05 0.000902605 9.98859E-05 9.98859E-05 9.98859E-05 9.98859E-05 0.0571606 0.0288813 9.98859E-05 0.019051 9.98859E-05 0.0492974 0.228223 9.98859E-05 0.0449735 9.98859E-05 9.98859E-05 9.98859E-05 9.98859E-05 0.191122 0.379091
9.98771E-05 0.00771291 9.98771E-05 9.98771E-05 9.98771E-05 9.98771E-05 9.98771E-05 0.00757967 9.98771E-05 9.98771E-05 0.0125817 9.98771E-05 9.98771E-05 0.137732 0.00302427 0.0828472 0.065452 9.98771E-05 9.98771E-05 9.98771E-05 9.98771E-05 0.681672
9.98508E-05 9.98508E-05 0.00803619 9.98508E-05 9.98508E-05 9.98508E-05 0.0723058 0.0282979 9.98508E-05 9.98508E-05 9.98508E-05 9.98508E-05 9.98508E-05 9.98508E-05 9.98508E-05 9.98508E-05 9.98508E-05 9.98508E-05 9.98508E-05 9.98508E-05 0.0971002 0.792563
9.98771E-05 0.0507225 9.98771E-05 0.0418544 9.98771E-05 9.98771E-05 9.98771E-05 9.98771E-05 9.98771E-05 9.98771E-05 9.98771E-05 0.0294877 9.98771E-05 9.98771E-05 0.11656 9.98771E-05 9.98771E-05 9.98771E-05 0.251497 0.0376826 0.2325 0.238298
9.98684E-05 0.00872798 9.98684E-05 9.98684E-05 0.0248246 9.98684E-05 0.0781122 9.98684E-05 9.98684E-05 9.98684E-05 9.98684E-05 9.98684E-05 9.98684E-05 9.98684E-05 0.0376704 9.98684E-05 9.98684E-05 9.98684E-05 9.98684E-05 0.0183267 0.0312941 0.799546
9.98948E-05 9.98948E-05 9.98948E-05 0.145704 9.98948E-05 0.00680616 0.0667446 9.98948E-05 9.98948E-05 9.98948E-05 0.00191947 0.133789 9.98948E-05 0.230304 0.059864 0.00922981 9.98948E-05 9.98948E-05 9.98948E-05 0.13654 9.98948E-05 0.207901
9.99211E-05 9.99211E-05 0.0370942 9.99211E-05 9.99211E-05 0.106414 9.99211E-05 0.0162598 0.0133145 9.99211E-05 0.063236 0.0421019 9.99211E-05 0.0137641 0.0786307 0.121029 0.0451732 9.99211E-05 0.101551 9.99211E-05 0.135755 0.224777
9.99036E-05 9.99036E-05 9.99036E-05 9.99036E-05 0.028867 0.0175503 9.99036E-05 9.99036E-05 0.0990635 9.99036E-05 0.0367177 0.115014 0.0302647 0.0874517 0.044186 9.99036E-05 9.99036E-05 9.99036E-05 9.99036E-05 0.187875 0.204293 0.147619
9.98859E-05 0.0282738 0.176352 9.98859E-05 9.98859E-05 9.98859E-05 9.98859E-05 0.192381 0.00125671 9.98859E-05 0.0073475 9.98859E-05 9.98859E-05 0.0579058 9.98859E-05 9.98859E-05 9.98859E-05 9.98859E-05 9.98859E-05 0.315945 0.0255371 0.193702
9.98421E-05 9.98421E-05 0.0926907 9.98421E-05 9.98421E-05 9.98421E-05 9.98421E-05 0.0169047 9.98421E-05 0.0259762 9.98421E-05 9.98421E-05 9.98421E-05 9.98421E-05 9.98421E-05 9.98421E-05 9.98421E-05 9.98421E-05 9.98421E-05 9.98421E-05 9.98421E-05 0.862631
9.98508E-05 9.98508E-05 9.98508E-05 9.98508E-05 9.98508E-05 9.98508E-05 9.98508E-05 0.157994 9.98508E-05 9.98508E-05 0.145458 9.98508E-05 9.98508E-05 0.154075 9.98508E-05 9.98508E-05 9.98508E-05 9.98508E-05 9.98508E-05 9.98508E-05 0.139683 0.401092
9.98596E-05 0.00442179 9.98596E-05 9.98596E-05 0.0593017 9.98596E-05 9.98596E-05 9.98596E-05 9.98596E-05 9.98596E-05 9.98596E-05 0.0235963 0.00221916 9.98596E-05 9.98596E-05 9.98596E-05 9.98596E-05 9.98596E-05 0.0223742 9.98596E-05 9.98596E-05 0.886489
9.98334E-05 9.98334E-05 9.98334E-05 9.98334E-05 9.98334E-05 9.98334E-05 9.98334E-05 0.109851 9.98334E-05 9.98334E-05 9.98334E-05 9.98334E-05 9.98334E-05 9.98334E-05 9.98334E-05 9.98334E-05 9.98334E-05 9.98334E-05 9.98334E-05 9.98334E-05 0.0797919 0.80846
0.00772441 9.98598E-05 9.98598E-05 0.150923 9.98598E-05 9.98598E-05 0.113408 0.10318 9.98598E-05 9.98598E-05 0.00264724 9.98598E-05 9.98598E-05 9.98598E-05 9.98598E-05 9.98598E-05 9.98598E-05 9.98598E-05 9.98598E-05 9.98598E-05 9.98598E-05 0.62052
9.98772E-05 9.98772E-05 9.98772E-05 0.0805956 9.98772E-05 9.98772E-05 9.98772E-05 0.144798 9.98772E-05 9.98772E-05 9.98772E-05 0.0746288 9.98772E-05 0.247314 9.98772E-05 0.0240633 9.98772E-05 0.0906191 9.98772E-05 0.0691654 9.98772E-05 0.267418
9.98859E-05 0.00653131 9.98859E-05 0.119567 0.122952 9.98859E-05 9.98859E-05 0.156557 9.98859E-05 9.98859E-05 9.98859E-05 9.98859E-05 9.98859E-05 0.139524 9.98859E-05 9.98859E-05 9.98859E-05 9.98859E-05 0.0227223 0.157417 0.0461981 0.227233
0.156349 9.9886E-05 9.9886E-05 9.9886E-05 0.0189793 9.9886E-05 9.9886E-05 0.047782 9.9886E-05 9.9886E-05 0.00238082 9.9886E-05 0.0888472 9.9886E-05 9.9886E-05 0.0878899 9.9886E-05 9.9886E-05 0.0445186 9.9886E-05 0.00264009 0.549314
9.98772E-05 0.107939 0.0213544 9.98772E-05 9.98772E-05 9.98772E-05 9.98772E-05 0.148442 9.98772E-05 0.132525 9.98772E-05 9.98772E-05 9.98772E-05 0.284866 9.98772E-05 9.98772E-05 9.98772E-05 9.98772E-05 9.98772E-05 0.00918748 0.203791 0.0904958
9.98683E-05 9.98683E-05 9.98683E-05 9.98683E-05 9.98683E-05 9.98683E-05 9.98683E-05 0.12642 9.98683E-05 9.98683E-05 9.98683E-05 0.15699 0.0131766 9.98683E-05 9.98683E-05 9.98683E-05 9.98683E-05 0.0302147 9.98683E-05 0.125476 0.2342 0.312025
9.98333E-05 0.0645868 9.98333E-05 9.98333E-05 9.98333E-05 9.98333E-05 9.98333E-05 9.98333E-05 9.98333E-05 9.98333E-05 9.98333E-05 0.00572772 9.98333E-05 9.98333E-05 9.98333E-05 9.98333E-05 9.98333E-05 9.98333E-05 9.98333E-05 9.98333E-05 9.98333E-05 0.927789
9.98684E-05 9.98684E-05 0.00211993 9.98684E-05 0.105518 9.98684E-05 9.98684E-05 9.98684E-05 9.98684E-05 9.98684E-05 0.0414188 9.98684E-05 9.98684E-05 9.98684E-05 0.261153 9.98684E-05 9.98684E-05 9.98684E-05 9.98684E-05 0.0870067 0.0574003 0.443885
9.98772E-05 9.98772E-05 9.98772E-05 9.98772E-05 9.98772E-05 9.98772E-05 0.0244779 9.98772E-05 0.0729263 0.0206648 9.98772E-05 0.119827 9.98772E-05 9.98772E-05 9.98772E-05 9.98772E-05 0.1026 9.98772E-05 9.98772E-05 0.13826 0.313745 0.2061
9.98685E-05 9.98685E-05 9.98685E-05 0.0338435 9.98685E-05 9.98685E-05 9.98685E-05 0.00330613 9.98685E-05 9.98685E-05 0.0901093 9.98685E-05 9.98685E-05 0.113053 9.98685E-05 0.119128 0.0723642 9.98685E-05 9.98685E-05 9.98685E-05 9.98685E-05 0.566699
9.98508E-05 9.98508E-05 0.067597 9.98508E-05 9.98508E-05 9.98508E-05 9.98508E-05 0.248337 9.98508E-05 9.98508E-05 9.98508E-05 9.98508E-05 9.98508E-05 0.0701309 9.98508E-05 9.98508E-05 9.98508E-05 9.98508E-05 9.98508E-05 9.98508E-05 0.288016 0.324221
9.98684E-05 0.0148539 9.98684E-05 0.104525 9.98684E-05 9.98684E-05 9.98684E-05 0.257729 9.98684E-05 9.98684E-05 9.98684E-05 9.98684E-05 9.98684E-05 9.98684E-05 9.98684E-05 9.98684E-05 9.98684E-05 0.194518 9.98684E-05 0.0748939 0.0879908 0.263992
9.98509E-05 9.98509E-05 9.98509E-05 0.174471 9.98509E-05 0.0201607 9.98509E-05 0.0495389 9.98509E-05 9.98509E-05 9.98509E-05 9.98509E-05 9.98509E-05 9.98509E-05 9.98509E-05 9.98509E-05 9.98509E-05 9.98509E-05 0.114246 9.98509E-05 9.98509E-05 0.639887
9.98595E-05 9.98595E-05 9.98595E-05 0.278244 0.0490678 9.98595E-05 9.98595E-05 0.00627257 9.98595E-05 0.136022 9.98595E-05 9.98595E-05 9.98595E-05 9.98595E-05 9.98595E-05 9.98595E-05 0.288746 9.98595E-05 9.98595E-05 9.98595E-05 0.240049 9.98595E-05
9.98509E-05 9.98509E-05 9.98509E-05 9.98509E-05 9.98509E-05 9.98509E-05 9.98509E-05 0.0339055 9.98509E-05 9.98509E-05 9.98509E-05 0.0137727 9.98509E-05 9.98509E-05 9.98509E-05 9.98509E-05 9.98509E-05 9.98509E-05 0.0930997 9.98509E-05 0.0747003 0.782824
9.98597E-05 9.98597E-05 0.0302575 9.98597E-05 9.98597E-05 9.98597E-05 9.98597E-05 0.142713 9.98597E-05 9.98597E-05 0.0480533 9.98597E-05 9.98597E-05 9.98597E-05 9.98597E-05 9.98597E-05 0.189727 9.98597E-05 9.98597E-05 9.98597E-05 0.0667189 0.520932
0.0275894 9.98685E-05 0.00280746 9.98685E-05 9.98685E-05 9.98685E-05 9.98685E-05 0.0918363 9.98685E-05 9.98685E-05 0.0207385 9.98685E-05 0.0269681 9.98685E-05 9.98685E-05 9.98685E-05 9.98685E-05 9.98685E-05 9.98685E-05 0.0754415 9.98685E-05 0.753121
9.98859E-05 9.98859E-05 9.98859E-05 9.98859E-05 9.98859E-05 9.98859E-05 9.98859E-05 0.0145647 9.98859E-05 0.0716983 0.0686582 0.0277188 9.98859E-05 0.0436322 9.98859E-05 9.98859E-05 0.107332 9.98859E-05 9.98859E-05 0.00911148 0.0437893 0.612196
9.98773E-05 9.98773E-05 9.98773E-05 0.235626 9.98773E-05 9.98773E-05 9.98773E-05 0.0615365 9.98773E-05 9.98773E-05 0.0444969 0.0142521 9.98773E-05 0.0119723 0.0446082 9.98773E-05 9.98773E-05 9.98773E-05 9.98773E-05 9.98773E-05 0.0706225 0.515487
9.98771E-05 9.98771E-05 9.98771E-05 0.0169251 0.0167919 9.98771E-05 9.98771E-05 0.148144 9.98771E-05 9.98771E-05 0.0792964 9.98771E-05 9.98771E-05 0.0875413 9.98771E-05 9.98771E-05 9.98771E-05 9.98771E-05 0.0341779 9.98771E-05 0.182462 0.433263
9.98684E-05 9.98684E-05 9.98684E-05 0.220066 0.000523532 0.0719435 9.98684E-05 0.144536 9.98684E-05 9.98684E-05 9.98684E-05 9.98684E-05 9.98684E-05 9.98684E-05 9.98684E-05 9.98684E-05 0.00882813 9.98684E-05 9.98684E-05 9.98684E-05 0.0882905 0.464314
9.98598E-05 0.051001 9.98598E-05 9.98598E-05 9.98598E-05 9.98598E-05 9.98598E-05 9.98598E-05 9.98598E-05 9.98598E-05 0.0629586 0.0333615 9.98598E-05 9.98598E-05 9.98598E-05 0.0461808 9.98598E-05 0.0273064 9.98598E-05 9.98598E-05 9.98598E-05 0.777594
9.98773E-05 9.98773E-05 0.0545414 9.98773E-05 9.98773E-05 9.98773E-05 9.98773E-05 9.98773E-05 9.98773E-05 9.98773E-05 0.0128391 9.98773E-05 9.98773E-05 0.0954387 9.98773E-05 0.0257088 9.98773E-05 9.98773E-05 0.187408 0.00042788 0.0935785 0.528659
9.98335E-05 9.98335E-05 9.98335E-05 9.98335E-05 9.98335E-05 0.028943 9.98335E-05 9.98335E-05 9.98335E-05 9.98335E-05 9.98335E-05 0.111956 9.98335E-05 9.98335E-05 9.98335E-05 9.98335E-05 9.98335E-05 9.98335E-05 9.98335E-05 9.98335E-05 9.98335E-05 0.857204
9.98509E-05 0.0535914 9.98509E-05 9.98509E-05 9.98509E-05 9.98509E-05 9.98509E-05 0.0780951 9.98509E-05 9.98509E-05 9.98509E-05 9.98509E-05 9.98509E-05 9.98509E-05 9.98509E-05 0.0537417 9.98509E-05 9.98509E-05 9.98509E-05 0.144334 9.98509E-05 0.66854
0.0697425 9.98772E-05 9.98772E-05 9.98772E-05 9.98772E-05 9.98772E-05 0.0992967 0.181669 9.98772E-05 9.98772E-05 0.0146902 0.00783412 9.98772E-05 9.98772E-05 9.98772E-05 0.0556329 9.98772E-05 9.98772E-05 9.98772E-05 9.98772E-05 0.0418896 0.527846
9.98684E-05 9.98684E-05 9.98684E-05 0.156947 0.0239935 0.00159357 9.98684E-05 0.129711 9.98684E-05 9.98684E-05 9.98684E-05 0.0943754 9.98684E-05 9.98684E-05 9.98684E-05 9.98684E-05 9.98684E-05 9.98684E-05 9.98684E-05 9.98684E-05 0.0528859 0.538996
9.98597E-05 9.98597E-05 9.98597E-05 9.98597E-05 9.98597E-05 9.98597E-05 9.98597E-05 0.0483428 9.98597E-05 9.98597E-05 0.000616722 0.0218012 9.98597E-05 9.98597E-05 9.98597E-05 9.98597E-05 0.0909981 9.98597E-05 9.98597E-05 9.98597E-05 0.0711288 0.765515
9.98422E-05 9.98422E-05 9.98422E-05 9.98422E-05 9.98422E-05 9.98422E-05 9.98422E-05 0.0936539 9.98422E-05 9.98422E-05 9.98422E-05 9.98422E-05 9.98422E-05 9.98422E-05 9.98422E-05 9.98422E-05 0.288724 9.98422E-05 9.98422E-05 9.98422E-05 0.120837 0.494989
9.98334E-05 9.98334E-05 9.98334E-05 9.98334E-05 9.98334E-05 9.98334E-05 9.98334E-05 9.98334E-05 9.98334E-05 9.98334E-05 9.98334E-05 0.0558059 9.98334E-05 9.98334E-05 9.98334E-05 9.98334E-05 0.172455 9.98334E-05 9.98334E-05 9.98334E-05 9.98334E-05 0.769842
9.98684E-05 9.98684E-05 0.0373728 9.98684E-05 9.98684E-05 9.98684E-05 9.98684E-05 0.189253 9.98684E-05 9.98684E-05 0.03738 9.98684E-05 9.98684E-05 0.198215 9.98684E-05 9.98684E-05 9.98684E-05 9.98684E-05 9.98684E-05 0.103519 0.0969873 0.335775
9.98598E-05 9.98598E-05 9.98598E-05 9.98598E-05 9.98598E-05 9.98598E-05 0.0544055 0.208094 9.98598E-05 9.98598E-05 9.98598E-05 0.0495989 9.98598E-05 9.98598E-05 9.98598E-05 9.98598E-05 9.98598E-05 9.98598E-05 0.0395159 9.98598E-05 0.431801 0.214987
9.98682E-05 0.0373377 9.98682E-05 9.98682E-05 9.98682E-05 9.98682E-05 9.98682E-05 0.0432715 9.98682E-05 9.98682E-05 9.98682E-05 0.0314723 9.98682E-05 9.98682E-05 0.0306481 9.98682E-05 9.98682E-05 9.98682E-05 0.00842792 9.98682E-05 0.00556282 0.841782
9.98597E-05 9.98597E-05 9.98597E-05 9.98597E-05 9.98597E-05 9.98597E-05 9.98597E-05 0.0789612 9.98597E-05 0.0335718 0.000349748 9.98597E-05 9.98597E-05 9.98597E-05 9.98597E-05 9.98597E-05 9.98597E-05 9.98597E-05 0.0194832 0.0288052 9.98597E-05 0.837231
9.98421E-05 9.98421E-05 9.98421E-05 9.98421E-05 9.98421E-05 0.0373107 0.0290704 0.0709084 9.98421E-05 9.98421E-05 9.98421E-05 9.98421E-05 9.98421E-05 9.98421E-05 9.98421E-05 9.98421E-05 9.98421E-05 9.98421E-05 9.98421E-05 9.98421E-05 9.98421E-05 0.860913
9.98595E-05 9.98595E-05 9.98595E-05 9.98595E-05 9.98595E-05 9.98595E-05 9.98595E-05 0.134172 9.98595E-05 9.98595E-05 0.013191 0.0406621 9.98595E-05 0.0485652 9.98595E-05 9.98595E-05 9.98595E-05 9.98595E-05 9.98595E-05 9.98595E-05 0.166923 0.594889
9.98599E-05 9.98599E-05 9.98599E-05 9.98599E-05 9.98599E-05 0.133942 0.0433106 9.98599E-05 9.98599E-05 9.98599E-05 0.00188519 0.0785085 9.98599E-05 9.98599E-05 9.98599E-05 0.0285898 9.98599E-05 9.98599E-05 9.98599E-05 9.98599E-05 9.98599E-05 0.712166
9.98771E-05 9.98771E-05 0.0742294 0.226331 0.025037 9.98771E-05 9.98771E-05 0.150831 9.98771E-05 9.98771E-05 0.135116 9.98771E-05 9.98771E-05 0.0244945 9.98771E-05 9.98771E-05 0.152845 9.98771E-05 9.98771E-05 9.98771E-05 9.98771E-05 0.209718
9.98509E-05 9.98509E-05 0.0474593 9.98509E-05 9.98509E-05 9.98509E-05 0.0412068 9.98509E-05 9.98509E-05 9.98509E-05 9.98509E-05 9.98509E-05 9.98509E-05 9.98509E-05 9.98509E-05 9.98509E-05 9.98509E-05 9.98509E-05 0.106193 9.98509E-05 0.210866 0.592577
9.98598E-05 9.98598E-05 9.98598E-05 9.98598E-05 9.98598E-05 0.00322307 9.98598E-05 0.0319785 9.98598E-05 0.0911293 9.98598E-05 9.98598E-05 9.98598E-05 9.98598E-05 9.98598E-05 9.98598E-05 9.98598E-05 0.00790374 9.98598E-05 9.98598E-05 0.0195424 0.844625
9.98774E-05 9.98774E-05 9.98774E-05 0.0269184 0.129386 0.0726201 0.106151 9.98774E-05 9.98774E-05 9.98774E-05 9.98774E-05 9.98774E-05 9.98774E-05 0.078892 9.98774E-05 9.98774E-05 9.98774E-05 9.98774E-05 9.98774E-05 0.0582837 0.0122092 0.514142
9.98334E-05 9.98334E-05 9.98334E-05 9.98334E-05 9.98334E-05 9.98334E-05 9.98334E-05 0.0925453 9.98334E-05 9.98334E-05 9.98334E-05 9.98334E-05 9.98334E-05 9.98334E-05 9.98334E-05 9.98334E-05 9.98334E-05 0.192285 9.98334E-05 9.98334E-05 9.98334E-05 0.713272
9.98685E-05 0.0665866 9.98685E-05 0.214126 0.0153557 9.98685E-05 9.98685E-05 9.98685E-05 9.98685E-05 9.98685E-05 9.98685E-05 0.0868957 0.0324981 0.0191935 9.98685E-05 9.98685E-05 9.98685E-05 9.98685E-05 9.98685E-05 9.98685E-05 9.98685E-05 0.563847
9.98595E-05 9.98595E-05 9.98595E-05 9.98595E-05 9.98595E-05 9.98595E-05 9.98595E-05 0.0285062 9.98595E-05 0.00508496 9.98595E-05 0.17317 9.98595E-05 9.98595E-05 9.98595E-05 0.0476834 9.98595E-05 9.98595E-05 9.98595E-05 9.98595E-05 0.0513488 0.692608
9.98422E-05 9.98422E-05 9.98422E-05 9.98422E-05 9.98422E-05 9.98422E-05 9.98422E-05 0.040161 9.98422E-05 9.98422E-05 0.0748399 9.98422E-05 9.98422E-05 9.98422E-05 9.98422E-05 9.98422E-05 9.98422E-05 9.98422E-05 0.145425 9.98422E-05 9.98422E-05 0.737777
9.98771E-05 9.98771E-05 9.98771E-05 9.98771E-05 9.98771E-05 0.0800605 9.98771E-05 0.0236516 0.00952875 9.98771E-05 0.00720387 9.98771E-05 0.0151407 9.98771E-05 9.98771E-05 9.98771E-05 0.0602023 9.98771E-05 9.98771E-05 0.00556122 9.98771E-05 0.797253
9.98519E-05 9.98519E-05 9.98519E-05 0.06718 9.98519E-05 9.98519E-05 9.98519E-05 0.127552 0.044633 9.98519E-05 9.98519E-05 9.98519E-05 9.98519E-05 0.735119 9.98519E-05 9.98519E-05 9.98519E-05 9.98519E-05 9.98519E-05 0.0238182 9.98519E-05 9.98519E-05
9.98248E-05 9.98248E-05 9.98248E-05 9.98248E-05 0.00301374 9.98248E-05 9.98248E-05 9.98248E-05 9.98248E-05 9.98248E-05 9.98248E-05 9.98248E-05 9.98248E-05 0.99499 9.98248E-05 9.98248E-05 9.98248E-05 9.98248E-05 9.98248E-05 9.98248E-05 9.98248E-05 9.98248E-05
9.98245E-05 9.98245E-05 9.98245E-05 9.98245E-05 9.98245E-05 9.98245E-05 9.98245E-05 9.98245E-05 9.98245E-05 0.0125948 9.98245E-05 9.98245E-05 9.98245E-05 0.985409 9.98245E-05 9.98245E-05 9.98245E-05 9.98245E-05 9.98245E-05 9.98245E-05 9.98245E-05 9.98245E-05
9.98685E-05 9.98685E-05 9.98685E-05 0.178851 9.98685E-05 0.137581 9.98685E-05 0.0558911 9.98685E-05 9.98685E-05 9.98685E-05 9.98685E-05 9.98685E-05 0.15966 9.98685E-05 0.305116 0.0208652 9.98685E-05 9.98685E-05 0.140538 9.98685E-05 9.98685E-05
9.9877E-05 0.068202 0.00132878 9.9877E-05 9.9877E-05 0.0251416 0.0330252 9.9877E-05 9.9877E-05 9.9877E-05 9.9877E-05 0.0173943 9.9877E-05 0.683604 9.9877E-05 9.9877E-05 9.9877E-05 9.9877E-05 9.9877E-05 0.0818389 0.0880671 9.9877E-05
9.98506E-05 9.98506E-05 9.98506E-05 0.00852873 9.98506E-05 9.98506E-05 9.98506E-05 0.239849 9.98506E-05 9.98506E-05 9.98506E-05 9.98506E-05 0.0129572 0.663371 9.98506E-05 9.98506E-05 9.98506E-05 9.98506E-05 9.98506E-05 0.0735965 9.98506E-05 9.98506E-05
9.98507E-05 9.98507E-05 9.98507E-05 9.98507E-05 9.98507E-05 9.98507E-05 9.98507E-05 0.10462 9.98507E-05 9.98507E-05 0.0384053 9.98507E-05 9.98507E-05 0.519091 9.98507E-05 0.277892 9.98507E-05 9.98507E-05 0.0582947 9.98507E-05 9.98507E-05 9.98507E-05
9.98858E-05 9.98858E-05 9.98858E-05 0.0653748 9.98858E-05 0.00648652 9.98858E-05 0.12153 0.0276025 0.0808337 9.98858E-05 0.00249702 9.98858E-05 0.55203 9.98858E-05 0.0880393 9.98858E-05 9.98858E-05 9.98858E-05 0.0543079 9.98858E-05 9.98858E-05
9.98246E-05 9.98246E-05 0.0185514 9.98246E-05 9.98246E-05 9.98246E-05 9.98246E-05 9.98246E-05 9.98246E-05 9.98246E-05 9.98246E-05 9.98246E-05 9.98246E-05 0.979452 9.98246E-05 9.98246E-05 9.98246E-05 9.98246E-05 9.98246E-05 9.98246E-05 9.98246E-05 9.98246E-05
9.98244E-05 9.98244E-05 9.98244E-05 9.98244E-05 9.98244E-05 9.98244E-05 9.98244E-05 9.98244E-05 9.98244E-05 9.98244E-05 9.98244E-05 9.98244E-05 9.98244E-05 0.954628 9.98244E-05 9.98244E-05 9.98244E-05 9.98244E-05 0.0433757 9.98244E-05 9.98244E-05 9.98244E-05
9.98682E-05 0.0554339 9.98682E-05 9.98682E-05 9.98682E-05 9.98682E-05 9.98682E-05 0.249557 9.98682E-05 0.00650007 0.102903 0.0432707 9.98682E-05 0.481294 9.98682E-05 9.98682E-05 9.98682E-05 9.98682E-05 9.98682E-05 0.0595434 9.98682E-05 9.98682E-05
9.98946E-05 9.98946E-05 9.98946E-05 9.98946E-05 9.98946E-05 0.0207512 9.98946E-05 0.0642984 9.98946E-05 9.98946E-05 0.0178497 0.00169324 0.0679865 0.393504 9.98946E-05 0.083613 9.98946E-05 0.0846314 0.0834322 9.98946E-05 0.181041 9.98946E-05
9.98769E-05 9.98769E-05 9.98769E-05 0.0837869 0.045079 9.98769E-05 0.0252129 9.98769E-05 9.98769E-05 9.98769E-05 0.0400415 9.98769E-05 0.116859 0.541535 0.0375362 9.98769E-05 9.98769E-05 9.98769E-05 9.98769E-05 0.10855 9.98769E-05 9.98769E-05
9.98595E-05 9.98595E-05 9.98595E-05 9.98595E-05 9.98595E-05 0.0500085 9.98595E-05 0.14486 9.98595E-05 9.98595E-05 9.98595E-05 0.0304958 9.98595E-05 0.484998 9.98595E-05 0.137371 9.98595E-05 9.98595E-05 9.98595E-05 9.98595E-05 0.150669 9.98595E-05
9.98423E-05 9.98423E-05 9.98423E-05 0.0152319 9.98423E-05 9.98423E-05 0.00553492 9.98423E-05 9.98423E-05 9.98423E-05 9.98423E-05 9.98423E-05 9.98423E-05 0.927405 9.98423E-05 9.98423E-05 0.0500311 9.98423E-05 9.98423E-05 9.98423E-05 9.98423E-05 9.98423E-05
9.98509E-05 9.98509E-05 9.98509E-05 9.98509E-05 9.98509E-05 9.98509E-05 9.98509E-05 0.0170389 9.98509E-05 9.98509E-05 0.000855618 9.98509E-05 9.98509E-05 0.92453 9.98509E-05 9.98509E-05 0.0146861 9.98509E-05 9.98509E-05 0.0411914 9.98509E-05 9.98509E-05
9.98593E-05 9.98593E-05 9.98593E-05 0.168408 9.98593E-05 0.0294577 9.98593E-05 0.0434177 0.155518 9.98593E-05 9.98593E-05 0.109452 9.98593E-05 0.492149 9.98593E-05 9.98593E-05 9.98593E-05 9.98593E-05 9.98593E-05 9.98593E-05 9.98593E-05 9.98593E-05
9.98595E-05 9.98595E-05 9.98595E-05 9.98595E-05 9.98595E-05 9.98595E-05 9.98595E-05 9.98595E-05 9.98595E-05 9.98595E-05 0.133627 0.0594313 0.070345 0.548203 9.98595E-05 9.98595E-05 9.98595E-05 9.98595E-05 9.98595E-05 0.0487924 0.138003 9.98595E-05
9.98595E-05 9.98595E-05 9.98595E-05 9.98595E-05 9.98595E-05 9.98595E-05 9.98595E-05 0.0336974 9.98595E-05 0.0809278 0.0135979 0.0203042 9.98595E-05 0.804237 9.98595E-05 9.98595E-05 9.98595E-05 9.98595E-05 9.98595E-05 0.0456374 9.98595E-05 9.98595E-05
9.98593E-05 9.98593E-05 9.98593E-05 9.98593E-05 0.0272403 9.98593E-05 9.98593E-05 0.184354 9.98593E-05 9.98593E-05 0.0102109 9.98593E-05 0.0560233 0.569213 9.98593E-05 9.98593E-05 0.151361 9.98593E-05 9.98593E-05 9.98593E-05 9.98593E-05 9.98593E-05
0.0254326 9.98248E-05 9.98248E-05 9.98248E-05 9.98248E-05 9.98248E-05 9.98248E-05 9.98248E-05 9.98248E-05 9.98248E-05 9.98248E-05 9.98248E-05 9.98248E-05 0.972571 9.98248E-05 9.98248E-05 9.98248E-05 9.98248E-05 9.98248E-05 9.98248E-05 9.98248E-05 9.98248E-05
9.98595E-05 9.98595E-05 9.98595E-05 9.98595E-05 9.98595E-05 9.98595E-05 9.98595E-05 0.103683 9.98595E-05 9.98595E-05 9.98595E-05 0.0136624 0.0116437 0.604782 9.98595E-05 9.98595E-05 0.0397173 9.98595E-05 9.98595E-05 9.98595E-05 0.224914 9.98595E-05
9.98596E-05 9.98596E-05 9.98596E-05 0.205165 9.98596E-05 9.98596E-05 9.98596E-05 0.0299459 9.98596E-05 9.98596E-05 9.98596E-05 9.98596E-05 9.98596E-05 0.645181 9.98596E-05 0.0115104 0.00739282 0.0992069 9.98596E-05 9.98596E-05 9.98596E-05 9.98596E-05
9.98859E-05 0.0134738 0.00346926 9.98859E-05 9.98859E-05 0.0455372 9.98859E-05 9.98859E-05 0.0227084 0.0505621 9.98859E-05 0.112062 9.98859E-05 0.701043 0.00996104 9.98859E-05 9.98859E-05 9.98859E-05 9.98859E-05 0.039884 9.98859E-05 9.98859E-05
9.98419E-05 9.98419E-05 9.98419E-05 9.98419E-05 9.98419E-05 9.98419E-05 9.98419E-05 0.00683477 9.98419E-05 9.98419E-05 0.172849 9.98419E-05 0.0668522 0.751666 9.98419E-05 9.98419E-05 9.98419E-05 9.98419E-05 9.98419E-05 9.98419E-05 9.98419E-05 9.98419E-05
9.98511E-05 9.98511E-05 9.98511E-05 0.0332021 9.98511E-05 9.98511E-05 9.98511E-05 0.0153998 9.98511E-05 9.98511E-05 9.98511E-05 9.98511E-05 9.98511E-05 0.85277 9.98511E-05 0.0732481 9.98511E-05 9.98511E-05 9.98511E-05 0.0236827 9.98511E-05 9.98511E-05
9.98246E-05 9.98246E-05 9.98246E-05 9.98246E-05 9.98246E-05 9.98246E-05 9.98246E-05 9.98246E-05 9.98246E-05 9.98246E-05 9.98246E-05 9.98246E-05 9.98246E-05 0.98919 9.98246E-05 9.98246E-05 9.98246E-05 9.98246E-05 9.98246E-05 9.98246E-05 0.00881322 9.98246E-05
9.98247E-05 9.98247E-05 9.98247E-05 9.98247E-05 9.98247E-05 9.98247E-05 9.98247E-05 0.0170914 9.98247E-05 9.98247E-05 9.98247E-05 9.98247E-05 9.98247E-05 0.980912 9.98247E-05 9.98247E-05 9.98247E-05 9.98247E-05 9.98247E-05 9.98247E-05 9.98247E-05 9.98247E-05
9.98421E-05 9.98421E-05 9.98421E-05 9.98421E-05 9.98421E-05 9.98421E-05 9.98421E-05 0.0263945 9.98421E-05 0.0937849 9.98421E-05 9.98421E-05 9.98421E-05 0.87361 9.98421E-05 9.98421E-05 9.98421E-05 9.98421E-05 9.98421E-05 0.0044139 9.98421E-05 9.98421E-05
0.11845 9.98511E-05 9.98511E-05 9.98511E-05 9.98511E-05 9.98511E-05 9.98511E-05 0.103268 9.98511E-05 9.98511E-05 9.98511E-05 9.98511E-05 9.98511E-05 0.570303 9.98511E-05 9.98511E-05 0.04985 9.98511E-05 9.98511E-05 0.156431 9.98511E-05 9.98511E-05
9.98334E-05 9.98334E-05 9.98334E-05 0.699795 9.98334E-05 9.98334E-05 9.98334E-05 0.218392 9.98334E-05 9.98334E-05 9.98334E-05 9.98334E-05 9.98334E-05 9.98334E-05 9.98334E-05 9.98334E-05 9.98334E-05 9.98334E-05 9.98334E-05 0.0799164 9.98334E-05 9.98334E-05
0.432296 9.98422E-05 9.98422E-05 0.489116 9.98422E-05 9.98422E-05 9.98422E-05 0.0760713 9.98422E-05 9.98422E-05 9.98422E-05 9.98422E-05 9.98422E-05 9.98422E-05 9.98422E-05 9.98422E-05 9.98422E-05 9.98422E-05 9.98422E-05 0.000719265 9.98422E-05 9.98422E-05
9.9842E-05 9.9842E-05 9.9842E-05 0.874023 9.9842E-05 9.9842E-05 0.0657517 0.0544946 9.9842E-05 0.00393363 9.9842E-05 9.9842E-05 9.9842E-05 9.9842E-05 9.9842E-05 9.9842E-05 9.9842E-05 9.9842E-05 9.9842E-05 9.9842E-05 9.9842E-05 9.9842E-05
9.98418E-05 9.98418E-05 9.98418E-05 0.851645 9.98418E-05 9.98418E-05 9.98418E-05 0.0855875 9.98418E-05 9.98418E-05 0.0156998 9.98418E-05 9.98418E-05 9.98418E-05 9.98418E-05 9.98418E-05 9.98418E-05 9.98418E-05 9.98418E-05 0.0452702 9.98418E-05 9.98418E-05
9.98331E-05 9.98331E-05 0.0341589 0.912129 9.98331E-05 9.98331E-05 9.98331E-05 9.98331E-05 9.98331E-05 9.98331E-05 9.98331E-05 9.98331E-05 9.98331E-05 9.98331E-05 9.98331E-05 9.98331E-05 9.98331E-05 9.98331E-05 9.98331E-05 0.0518151 9.98331E-05 9.98331E-05
9.98509E-05 9.98509E-05 9.98509E-05 0.582033 9.98509E-05 9.98509E-05 9.98509E-05 0.114289 9.98509E-05 9.98509E-05 9.98509E-05 9.98509E-05 9.98509E-05 9.98509E-05 9.98509E-05 0.0680788 9.98509E-05 9.98509E-05 0.0527006 0.181201 9.98509E-05 9.98509E-05
9.98509E-05 9.98509E-05 9.98509E-05 0.669274 9.98509E-05 9.98509E-05 9.98509E-05 0.083961 9.98509E-05 9.98509E-05 9.98509E-05 9.98509E-05 0.0390925 9.98509E-05 9.98509E-05 9.98509E-05 9.98509E-05 9.98509E-05 9.98509E-05 0.100277 0.105698 9.98509E-05
9.98333E-05 9.98333E-05 9.98333E-05 0.756602 9.98333E-05 9.98333E-05 9.98333E-05 0.0633517 9.98333E-05 9.98333E-05 9.98333E-05 9.98333E-05 9.98333E-05 9.98333E-05 9.98333E-05 9.98333E-05 9.98333E-05 9.98333E-05 9.98333E-05 0.178149 9.98333E-05 9.98333E-05
9.98507E-05 9.98507E-05 9.98507E-05 0.312438 9.98507E-05 9.98507E-05 9.98507E-05 9.98507E-05 9.98507E-05 9.98507E-05 9.98507E-05 9.98507E-05 0.00334833 9.98507E-05 9.98507E-05 0.172363 0.153856 9.98507E-05 9.98507E-05 0.356298 9.98507E-05 9.98507E-05
9.98508E-05 9.98508E-05 9.98508E-05 0.476727 9.98508E-05 9.98508E-05 9.98508E-05 0.222532 9.98508E-05 9.98508E-05 9.98508E-05 9.98508E-05 0.0848831 9.98508E-05 9.98508E-05 9.98508E-05 9.98508E-05 0.0266908 9.98508E-05 0.187469 9.98508E-05 9.98508E-05
0.174039 9.98422E-05 9.98422E-05 0.488305 9.98422E-05 9.98422E-05 9.98422E-05 9.98422E-05 9.98422E-05 9.98422E-05 9.98422E-05 9.98422E-05 9.98422E-05 9.98422E-05 9.98422E-05 0.319977 9.98422E-05 9.98422E-05 9.98422E-05 0.0158817 9.98422E-05 9.98422E-05
0.092275 0.0493372 9.98684E-05 0.588841 9.98684E-05 9.98684E-05 9.98684E-05 0.0380025 9.98684E-05 9.98684E-05 0.0821696 9.98684E-05 9.98684E-05 9.98684E-05 9.98684E-05 0.127406 9.98684E-05 9.98684E-05 9.98684E-05 9.98684E-05 9.98684E-05 0.020471
9.98248E-05 9.98248E-05 9.98248E-05 0.821105 9.98248E-05 9.98248E-05 9.98248E-05 9.98248E-05 9.98248E-05 9.98248E-05 9.98248E-05 9.98248E-05 9.98248E-05 9.98248E-05 9.98248E-05 9.98248E-05 9.98248E-05 9.98248E-05 9.98248E-05 0.176899 9.98248E-05 9.98248E-05
0.00196303 9.98511E-05 0.00855334 0.664353 9.98511E-05 9.98511E-05 9.98511E-05 0.184915 9.98511E-05 9.98511E-05 9.98511E-05 9.98511E-05 9.98511E-05 9.98511E-05 9.98511E-05 9.98511E-05 9.98511E-05 9.98511E-05 9.98511E-05 0.138518 9.98511E-05 9.98511E-05
0.0622719 9.98597E-05 9.98597E-05 0.67609 0.0246319 9.98597E-05 9.98597E-05 9.98597E-05 9.98597E-05 0.120102 9.98597E-05 9.98597E-05 0.0334041 9.98597E-05 9.98597E-05 9.98597E-05 9.98597E-05 9.98597E-05 9.98597E-05 0.0819022 9.98597E-05 9.98597E-05
9.98859E-05 9.98859E-05 9.98859E-05 0.670276 9.98859E-05 0.00484724 9.98859E-05 0.138066 0.00467377 9.98859E-05 0.0172848 9.98859E-05 9.98859E-05 9.98859E-05 9.98859E-05 0.0218961 0.12204 9.98859E-05 0.0184067 0.00121161 9.98859E-05 9.98859E-05
0.0342957 0.0512296 9.98772E-05 0.487043 9.98772E-05 9.98772E-05 9.98772E-05 0.10589 9.98772E-05 0.0528311 9.98772E-05 9.98772E-05 9.98772E-05 9.98772E-05 9.98772E-05 0.216205 9.98772E-05 0.0252293 9.98772E-05 0.0258786 9.98772E-05 9.98772E-05
9.98685E-05 9.98685E-05 9.98685E-05 0.661521 9.98685E-05 0.0343655 0.0145916 9.98685E-05 9.98685E-05 9.98685E-05 9.98685E-05 9.98685E-05 9.98685E-05 9.98685E-05 9.98685E-05 9.98685E-05 0.0365468 9.98685E-05 9.98685E-05 0.0801272 0.118864 0.0524863
9.98159E-05 9.98159E-05 9.98159E-05 0.997904 9.98159E-05 9.98159E-05 9.98159E-05 9.98159E-05 9.98159E-05 9.98159E-05 9.98159E-05 9.98159E-05 9.98159E-05 9.98159E-05 9.98159E-05 9.98159E-05 9.98159E-05 9.98159E-05 9.98159E-05 9.98159E-05 9.98159E-05 9.98159E-05
0.22937 0.102786 9.98859E-05 0.408884 0.00268077 9.98859E-05 9.98859E-05 0.0700229 9.98859E-05 9.98859E-05 0.0168378 9.98859E-05 9.98859E-05 9.98859E-05 9.98859E-05 9.98859E-05 0.0337927 9.98859E-05 0.0500169 0.084311 9.98859E-05 9.98859E-05
9.98509E-05 9.98509E-05 9.98509E-05 0.715932 9.98509E-05 9.98509E-05 0.0602132 0.0453812 9.98509E-05 9.98509E-05 9.98509E-05 9.98509E-05 9.98509E-05 9.98509E-05 9.98509E-05 0.143812 9.98509E-05 9.98509E-05 0.0329637 9.98509E-05 9.98509E-05 9.98509E-05
9.9842E-05 9.9842E-05 9.9842E-05 0.897539 9.9842E-05 9.9842E-05 9.9842E-05 0.0212999 9.9842E-05 9.9842E-05 9.9842E-05 9.9842E-05 0.00351297 9.9842E-05 9.9842E-05 9.9842E-05 9.9842E-05 9.9842E-05 9.9842E-05 0.0758508 9.9842E-05 9.9842E-05
9.98771E-05 0.0741635 9.98771E-05 0.304991 9.98771E-05 9.98771E-05 0.0070564 0.21371 9.98771E-05 9.98771E-05 9.98771E-05 0.0114948 9.98771E-05 9.98771E-05 0.0563939 0.116053 9.98771E-05 9.98771E-05 9.98771E-05 0.214739 9.98771E-05 9.98771E-05
0.0496687 9.98597E-05 9.98597E-05 0.727699 9.98597E-05 9.98597E-05 0.0240501 0.0186871 9.98597E-05 9.98597E-05 9.98597E-05 9.98597E-05 9.98597E-05 9.98597E-05 9.98597E-05 9.98597E-05 9.98597E-05 0.0511997 9.98597E-05 0.127098 9.98597E-05 9.98597E-05
9.98596E-05 0.0909628 9.98596E-05 0.458614 9.98596E-05 9.98596E-05 0.027513 0.225012 9.98596E-05 9.98596E-05 9.98596E-05 9.98596E-05 9.98596E-05 9.98596E-05 9.98596E-05 0.0229742 9.98596E-05 9.98596E-05 9.98596E-05 0.173326 9.98596E-05 9.98596E-05
0.233641 9.98597E-05 9.98597E-05 0.444447 0.0062798 9.98597E-05 9.98597E-05 0.161967 9.98597E-05 9.98597E-05 9.98597E-05 9.98597E-05 9.98597E-05 9.98597E-05 9.98597E-05 0.0367713 9.98597E-05 9.98597E-05 9.98597E-05 0.115295 9.98597E-05 9.98597E-05
0.547982 0.00603043 0.0868618 0.163753 9.98684E-05 9.98684E-05 0.119338 0.0612462 9.98684E-05 9.98684E-05 9.98684E-05 9.98684E-05 9.98684E-05 9.98684E-05 9.98684E-05 9.98684E-05 0.013291 9.98684E-05 9.98684E-05 9.98684E-05 9.98684E-05 9.98684E-05
9.98417E-05 9.98417E-05 9.98417E-05 0.857578 9.98417E-05 9.98417E-05 9.98417E-05 0.0152215 9.98417E-05 9.98417E-05 9.98417E-05 0.0382131 9.98417E-05 9.98417E-05 9.98417E-05 9.98417E-05 9.98417E-05 9.98417E-05 9.98417E-05 0.0871899 9.98417E-05 9.98417E-05
9.98422E-05 9.98422E-05 9.98422E-05 0.549462 9.98422E-05 9.98422E-05 9.98422E-05 0.159744 9.98422E-05 9.98422E-05 9.98422E-05 9.98422E-05 9.98422E-05 9.98422E-05 9.98422E-05 0.0472375 9.98422E-05 9.98422E-05 9.98422E-05 0.241759 9.98422E-05 9.98422E-05
0.023427 9.98422E-05 9.98422E-05 0.748004 9.98422E-05 9.98422E-05 0.133238 0.0935342 9.98422E-05 9.98422E-05 9.98422E-05 9.98422E-05 9.98422E-05 9.98422E-05 9.98422E-05 9.98422E-05 9.98422E-05 9.98422E-05 9.98422E-05 9.98422E-05 9.98422E-05 9.98422E-05
9.98422E-05 9.98422E-05 9.98422E-05 0.727372 9.98422E-05 9.98422E-05 9.98422E-05 0.182977 9.98422E-05 9.98422E-05 0.0692679 9.98422E-05 9.98422E-05 9.98422E-05 9.98422E-05 9.98422E-05 9.98422E-05 9.98422E-05 9.98422E-05 0.0185859 9.98422E-05 9.98422E-05
9.98245E-05 9.98245E-05 9.98245E-05 0.957561 0.0404428 9.98245E-05 9.98245E-05 9.98245E-05 9.98245E-05 9.98245E-05 9.98245E-05 9.98245E-05 9.98245E-05 9.98245E-05 9.98245E-05 9.98245E-05 9.98245E-05 9.98245E-05 9.98245E-05 9.98245E-05 9.98245E-05 9.98245E-05
9.98508E-05 0.0781893 9.98508E-05 0.36532 9.98508E-05 9.98508E-05 0.179511 0.143937 9.98508E-05 9.98508E-05 9.98508E-05 9.98508E-05 9.98508E-05 9.98508E-05 9.98508E-05 9.98508E-05 9.98508E-05 9.98508E-05 9.98508E-05 0.231346 9.98508E-05 9.98508E-05
9.98508E-05 9.98508E-05 9.98508E-05 0.805846 9.98508E-05 9.98508E-05 9.98508E-05 0.00319864 9.98508E-05 9.98508E-05 9.98508E-05 0.0125482 9.98508E-05 9.98508E-05 9.98508E-05 9.98508E-05 9.98508E-05 0.109322 9.98508E-05 9.98508E-05 0.0673879 9.98508E-05
9.98247E-05 9.98247E-05 9.98247E-05 0.917406 9.98247E-05 9.98247E-05 9.98247E-05 0.0805973 9.98247E-05 9.98247E-05 9.98247E-05 9.98247E-05 9.98247E-05 9.98247E-05 9.98247E-05 9.98247E-05 9.98247E-05 9.98247E-05 9.98247E-05 9.98247E-05 9.98247E-05 9.98247E-05
0.0316967 9.98596E-05 9.98596E-05 0.670964 9.98596E-05 9.98596E-05 9.98596E-05 9.98596E-05 9.98596E-05 9.98596E-05 0.00711968 9.98596E-05 9.98596E-05 9.98596E-05 9.98596E-05 9.98596E-05 0.196923 9.98596E-05 0.0454841 0.0462155 9.98596E-05 9.98596E-05
9.98419E-05 9.98419E-05 9.98419E-05 0.640996 9.98419E-05 9.98419E-05 9.98419E-05 0.155952 9.98419E-05 9.98419E-05 9.98419E-05 9.98419E-05 0.0626012 9.98419E-05 9.98419E-05 9.98419E-05 9.98419E-05 9.98419E-05 9.98419E-05 0.138654 9.98419E-05 9.98419E-05
0.513057 9.9842E-05 9.9842E-05 0.39974 9.9842E-05 9.9842E-05 9.9842E-05 9.9842E-05 0.0168433 9.9842E-05 9.9842E-05 9.9842E-05 9.9842E-05 9.9842E-05 9.9842E-05 9.9842E-05 9.9842E-05 9.9842E-05 9.9842E-05 0.0685622 9.9842E-05 9.9842E-05
0.187534 0.00661035 9.98596E-05 0.74923 9.98596E-05 9.98596E-05 9.98596E-05 0.0254713 9.98596E-05 9.98596E-05 9.98596E-05 9.98596E-05 0.011349 9.98596E-05 9.98596E-05 9.98596E-05 9.98596E-05 9.98596E-05 9.98596E-05 0.0182075 9.98596E-05 9.98596E-05
0.198679 9.98424E-05 9.98424E-05 0.777467 9.98424E-05 9.98424E-05 0.0187111 0.00334618 9.98424E-05 9.98424E-05 9.98424E-05 9.98424E-05 9.98424E-05 9.98424E-05 9.98424E-05 9.98424E-05 9.98424E-05 9.98424E-05 9.98424E-05 9.98424E-05 9.98424E-05 9.98424E-05
0.37758 0.0134785 9.9851E-05 0.564945 9.9851E-05 9.9851E-05 9.9851E-05 9.9851E-05 9.9851E-05 9.9851E-05 9.9851E-05 9.9851E-05 9.9851E-05 9.9851E-05 9.9851E-05 0.041877 9.9851E-05 9.9851E-05 9.9851E-05 0.000421699 9.9851E-05 9.9851E-05
9.98419E-05 9.98419E-05 9.98419E-05 0.464907 9.98419E-05 9.98419E-05 9.98419E-05 0.316589 9.98419E-05 9.98419E-05 9.98419E-05 9.98419E-05 9.98419E-05 9.98419E-05 9.98419E-05 0.123166 9.98419E-05 9.98419E-05 9.98419E-05 0.0935405 9.98419E-05 9.98419E-05
9.98421E-05 9.98421E-05 9.98421E-05 0.746165 9.98421E-05 9.98421E-05 0.042722 9.98421E-05 9.98421E-05 9.98421E-05 9.98421E-05 9.98421E-05 9.98421E-05 9.98421E-05 9.98421E-05 9.98421E-05 9.98421E-05 0.0596438 9.98421E-05 0.149672 9.98421E-05 9.98421E-05
0.590898 0.120495 9.98421E-05 9.98421E-05 9.98421E-05 9.98421E-05 9.98421E-05 0.0823991 9.98421E-05 9.98421E-05 9.98421E-05 9.98421E-05 9.98421E-05 9.98421E-05 9.98421E-05 9.98421E-05 9.98421E-05 9.98421E-05 9.98421E-05 0.20441 9.98421E-05 9.98421E-05
0.447391 9.98334E-05 9.98334E-05 0.507454 9.98334E-05 9.98334E-05 9.98334E-05 9.98334E-05 9.98334E-05 9.98334E-05 9.98334E-05 9.98334E-05 9.98334E-05 9.98334E-05 9.98334E-05 9.98334E-05 9.98334E-05 9.98334E-05 9.98334E-05 9.98334E-05 9.98334E-05 0.0432574
9.98859E-05 0.0473406 9.98859E-05 0.46471 9.98859E-05 0.0252074 0.0344966 9.98859E-05 9.98859E-05 0.0746463 9.98859E-05 0.0342268 9.98859E-05 9.98859E-05 9.98859E-05 0.112722 9.98859E-05 9.98859E-05 9.98859E-05 0.115059 0.0902928 9.98859E-05
9.9851E-05 9.9851E-05 9.9851E-05 0.582022 9.9851E-05 9.9851E-05 9.9851E-05 0.049306 9.9851E-05 9.9851E-05 9.9851E-05 9.9851E-05 0.0515199 0.201866 9.9851E-05 9.9851E-05 9.9851E-05 9.9851E-05 9.9851E-05 0.11359 9.9851E-05 9.9851E-05
0.0259637 0.0103743 0.093091 0.419598 9.98775E-05 9.98775E-05 9.98775E-05 0.130351 9.98775E-05 9.98775E-05 9.98775E-05 9.98775E-05 0.0158001 9.98775E-05 9.98775E-05 0.162223 9.98775E-05 9.98775E-05 9.98775E-05 0.141201 9.98775E-05 9.98775E-05
9.98597E-05 0.0180454 9.98597E-05 0.45107 9.98597E-05 9.98597E-05 9.98597E-05 0.204889 9.98597E-05 9.98597E-05 0.0123802 9.98597E-05 9.98597E-05 9.98597E-05 9.98597E-05 9.98597E-05 9.98597E-05 9.98597E-05 9.98597E-05 0.294594 0.0174232 9.98597E-05
0.430513 9.98333E-05 9.98333E-05 0.550048 9.98333E-05 9.98333E-05 9.98333E-05 0.0175424 9.98333E-05 9.98333E-05 9.98333E-05 9.98333E-05 9.98333E-05 9.98333E-05 9.98333E-05 9.98333E-05 9.98333E-05 9.98333E-05 9.98333E-05 9.98333E-05 9.98333E-05 9.98333E-05
9.98419E-05 9.98419E-05 9.98419E-05 0.700825 9.98419E-05 0.0266953 9.98419E-05 0.103006 9.98419E-05 9.98419E-05 9.98419E-05 9.98419E-05 9.98419E-05 9.98419E-05 9.98419E-05 9.98419E-05 9.98419E-05 9.98419E-05 0.167677 9.98419E-05 9.98419E-05 9.98419E-05
0.484111 9.98596E-05 9.98596E-05 0.353948 9.98596E-05 9.98596E-05 0.00181098 9.98596E-05 9.98596E-05 9.98596E-05 0.0203862 9.98596E-05 9.98596E-05 9.98596E-05 9.98596E-05 0.0200718 9.98596E-05 9.98596E-05 9.98596E-05 0.118074 9.98596E-05 9.98596E-05
0.170076 9.9851E-05 9.9851E-05 0.514881 9.9851E-05 9.9851E-05 9.9851E-05 0.0941863 9.9851E-05 9.9851E-05 9.9851E-05 9.9851E-05 9.9851E-05 9.9851E-05 9.9851E-05 9.9851E-05 0.119747 9.9851E-05 9.9851E-05 0.099413 9.9851E-05 9.9851E-05
9.9842E-05 9.9842E-05 9.9842E-05 0.844109 0.060068 9.9842E-05 9.9842E-05 9.9842E-05 9.9842E-05 9.9842E-05 9.9842E-05 9.9842E-05 9.9842E-05 9.9842E-05 9.9842E-05 0.0204685 9.9842E-05 9.9842E-05 9.9842E-05 0.0735578 9.9842E-05 9.9842E-05
9.98244E-05 9.98244E-05 9.98244E-05 0.865424 9.98244E-05 9.98244E-05 9.98244E-05 9.98244E-05 9.98244E-05 9.98244E-05 9.98244E-05 9.98244E-05 9.98244E-05 9.98244E-05 9.98244E-05 9.98244E-05 9.98244E-05 9.98244E-05 0.13258 9.98244E-05 9.98244E-05 9.98244E-05
9.98507E-05 9.98507E-05 9.98507E-05 0.466957 9.98507E-05 9.98507E-05 9.98507E-05 0.14844 9.98507E-05 9.98507E-05 9.98507E-05 9.98507E-05 9.98507E-05 9.98507E-05 9.98507E-05 0.177772 9.98507E-05 0.00996406 9.98507E-05 0.19517 9.98507E-05 9.98507E-05
9.9842E-05 9.9842E-05 9.9842E-05 0.778402 9.9842E-05 9.9842E-05 0.00678719 0.128687 9.9842E-05 9.9842E-05 9.9842E-05 9.9842E-05 9.9842E-05 9.9842E-05 9.9842E-05 9.9842E-05 9.9842E-05 9.9842E-05 9.9842E-05 0.0843268 9.9842E-05 9.9842E-05
9.98507E-05 9.98507E-05 9.98507E-05 0.910749 0.0366497 9.98507E-05 9.98507E-05 0.0213832 9.98507E-05 9.98507E-05 0.00744369 9.98507E-05 9.98507E-05 9.98507E-05 9.98507E-05 9.98507E-05 9.98507E-05 9.98507E-05 9.98507E-05 0.022077 9.98507E-05 9.98507E-05
9.98334E-05 0.117744 9.98334E-05 0.85309 9.98334E-05 9.98334E-05 9.98334E-05 0.0272697 9.98334E-05 9.98334E-05 9.98334E-05 9.98334E-05 9.98334E-05 9.98334E-05 9.98334E-05 9.98334E-05 9.98334E-05 9.98334E-05 9.98334E-05 9.98334E-05 9.98334E-05 9.98334E-05
0.0837711 9.98509E-05 9.98509E-05 0.676919 9.98509E-05 9.98509E-05 9.98509E-05 0.0187416 9.98509E-05 9.98509E-05 9.98509E-05 9.98509E-05 9.98509E-05 9.98509E-05 9.98509E-05 0.0575239 9.98509E-05 9.98509E-05 9.98509E-05 0.161347 9.98509E-05 9.98509E-05
9.98156E-05 9.98156E-05 9.98156E-05 9.98156E-05 9.98156E-05 9.98156E-05 9.98156E-05 0.997904 9.98156E-05 9.98156E-05 9.98156E-05 9.98156E-05 9.98156E-05 9.98156E-05 9.98156E-05 9.98156E-05 9.98156E-05 9.98156E-05 9.98156E-05 9.98156E-05 9.98156E-05 9.98156E-05
9.98157E-05 9.98157E-05 9.98157E-05 9.98157E-05 9.98157E-05 9.98157E-05 9.98157E-05 9.98157E-05 9.98157E-05 9.98157E-05 9.98157E-05 9.98157E-05 9.98157E-05 9.98157E-05 9.98157E-05 9.98157E-05 9.98157E-05 9.98157E-05 9.98157E-05 0.997904 9.98157E-05 9.98157E-05
9.98155E-05 9.98155E-05 9.98155E-05 9.98155E-05 9.98155E-05 9.98155E-05 9.98155E-05 0.997904 9.98155E-05 9.98155E-05 9.98155E-05 9.98155E-05 9.98155E-05 9.98155E-05 9.98155E-05 9.98155E-05 9.98155E-05 9.98155E-05 9.98155E-05 9.98155E-05 9.98155E-05 9.98155E-05
9.98155E-05 9.98155E-05 9.98155E-05 9.98155E-05 9.98155E-05 9.98155E-05 9.98155E-05 9.98155E-05 9.98155E-05 9.98155E-05 9.98155E-05 9.98155E-05 9.98155E-05 9.98155E-05 9.98155E-05 9.98155E-05 9.98155E-05 9.98155E-05 9.98155E-05 0.997904 9.98155E-05 9.98155E-05
9.98153E-05 9.98153E-05 9.98153E-05 9.98153E-05 9.98153E-05 9.98153E-05 9.98153E-05 9.98153E-05 9.98153E-05 9.98153E-05 9.98153E-05 9.98153E-05 9.98153E-05 9.98153E-05 9.98153E-05 9.98153E-05 9.98153E-05 9.98153E-05 9.98153E-05 0.997904 9.98153E-05 9.98153E-05
9.98156E-05 9.98156E-05 9.98156E-05 9.98156E-05 9.98156E-05 9.98156E-05 9.98156E-05 9.98156E-05 9.98156E-05 9.98156E-05 9.98156E-05 9.98156E-05 9.98156E-05 9.98156E-05 9.98156E-05 9.98156E-05 9.98156E-05 9.98156E-05 9.98156E-05 0.997904 9.98156E-05 9.98156E-05
9.98154E-05 9.98154E-05 9.98154E-05 9.98154E-05 9.98154E-05 9.98154E-05 9.98154E-05 0.997904 9.98154E-05 9.98154E-05 9.98154E-05 9.98154E-05 9.98154E-05 9.98154E-05 9.98154E-05 9.98154E-05 9.98154E-05 9.98154E-05 9.98154E-05 9.98154E-05 9.98154E-05 9.98154E-05
9.98154E-05 9.98154E-05 9.98154E-05 9.98154E-05 9.98154E-05 9.98154E-05 9.98154E-05 9.98154E-05 9.98154E-05 9.98154E-05 9.98154E-05 9.98154E-05 9.98154E-05 9.98154E-05 9.98154E-05 9.98154E-05 9.98154E-05 9.98154E-05 9.98154E-05 0.997904 9.98154E-05 9.98154E-05
9.98154E-05 9.98154E-05 9.98154E-05 9.98154E-05 9.98154E-05 9.98154E-05 9.98154E-05 9.98154E-05 9.98154E-05 9.98154E-05 9.98154E-05 9.98154E-05 9.98154E-05 9.98154E-05 9.98154E-05 9.98154E-05 9.98154E-05 9.98154E-05 9.98154E-05 0.997904 9.98154E-05 9.98154E-05
9.98155E-05 9.98155E-05 9.98155E-05 9.98155E-05 9.98155E-05 9.98155E-05 9.98155E-05 0.997904 9.98155E-05 9.98155E-05 9.98155E-05 9.98155E-05 9.98155E-05 9.98155E-05 9.98155E-05 9.98155E-05 9.98155E-05 9.98155E-05 9.98155E-05 9.98155E-05 9.98155E-05 9.98155E-05
9.98156E-05 9.98156E-05 9.98156E-05 9.98156E-05 9.98156E-05 9.98156E-05 9.98156E-05 0.997904 9.98156E-05 9.98156E-05 9.98156E-05 9.98156E-05 9.98156E-05 9.98156E-05 9.98156E-05 9.98156E-05 9.98156E-05 9.98156E-05 9.98156E-05 9.98156E-05 9.98156E-05 9.98156E-05
