0.0120196 0.0221348 0.0171074 9.98507E-05 9.98507E-05 9.98507E-05 0.0752651 9.98507E-05 9.98507E-05 0.212688 0.000741434 9.98507E-05 9.98507E-05 9.98507E-05 0.0773766 9.98507E-05 9.98507E-05 9.98507E-05 9.98507E-05 9.98507E-05 9.98507E-05 9.98507E-05 9.98507E-05 0.100521 0.480449 9.98507E-05
9.98072E-05 9.98072E-05 9.98072E-05 9.98072E-05 9.98072E-05 9.98072E-05 9.98072E-05 9.98072E-05 9.98072E-05 0.205327 0.0418624 9.98072E-05 9.98072E-05 9.98072E-05 9.98072E-05 9.98072E-05 9.98072E-05 9.98072E-05 9.98072E-05 9.98072E-05 9.98072E-05 9.98072E-05 9.98072E-05 0.135294 0.615321 9.98072E-05
0.00482089 9.98069E-05 9.98069E-05 9.98069E-05 9.98069E-05 9.98069E-05 0.0716653 9.98069E-05 9.98069E-05 9.98069E-05 9.98069E-05 9.98069E-05 9.98069E-05 9.98069E-05 9.98069E-05 9.98069E-05 9.98069E-05 9.98069E-05 9.98069E-05 0.850579 9.98069E-05 9.98069E-05 9.98069E-05 9.98069E-05 0.0707389 9.98069E-05
0.0465165 9.98333E-05 9.98333E-05 9.98333E-05 9.98333E-05 9.98333E-05 0.214434 9.98333E-05 0.00468397 9.98333E-05 0.0659997 9.98333E-05 9.98333E-05 9.98333E-05 9.98333E-05 9.98333E-05 9.98333E-05 9.98333E-05 9.98333E-05 0.359832 9.98333E-05 9.98333E-05 0.21694 9.98333E-05 9.98333E-05 0.0896967
9.97985E-05 9.97985E-05 9.97985E-05 0.0251274 9.97985E-05 9.97985E-05 9.97985E-05 9.97985E-05 9.97985E-05 9.97985E-05 9.97985E-05 0.161201 9.97985E-05 9.97985E-05 9.97985E-05 9.97985E-05 9.97985E-05 9.97985E-05 9.97985E-05 9.97985E-05 9.97985E-05 9.97985E-05 9.97985E-05 9.97985E-05 0.811376 9.97985E-05
9.98597E-05 0.00541913 0.00610609 0.16986 9.98597E-05 9.98597E-05 9.98597E-05 0.00426483 0.1048 0.157968 9.98597E-05 0.0788811 9.98597E-05 9.98597E-05 9.98597E-05 9.98597E-05 0.217568 0.0285032 9.98597E-05 0.225032 9.98597E-05 9.98597E-05 9.98597E-05 9.98597E-05 9.98597E-05 9.98597E-05
9.98685E-05 9.98685E-05 0.0407481 0.0369766 9.98685E-05 9.98685E-05 0.161967 9.98685E-05 9.98685E-05 0.111205 0.0991614 9.98685E-05 9.98685E-05 9.98685E-05 9.98685E-05 9.98685E-05 9.98685E-05 0.088152 9.98685E-05 0.105335 9.98685E-05 9.98685E-05 0.0574416 0.100474 0.181962 0.0150789
9.98597E-05 0.0748696 9.98597E-05 0.0234626 9.98597E-05 9.98597E-05 0.15109 9.98597E-05 0.135353 0.00114978 0.00682707 0.00968738 9.98597E-05 9.98597E-05 0.196867 9.98597E-05 9.98597E-05 9.98597E-05 9.98597E-05 0.237151 9.98597E-05 9.98597E-05 9.98597E-05 9.98597E-05 9.98597E-05 0.161945
0.263687 9.98685E-05 0.0933151 9.98685E-05 9.98685E-05 9.98685E-05 0.0570838 9.98685E-05 0.175319 9.98685E-05 9.98685E-05 9.98685E-05 9.98685E-05 0.00466525 9.98685E-05 0.00515372 0.0745291 9.98685E-05 9.98685E-05 0.154518 9.98685E-05 9.98685E-05 9.98685E-05 0.0442293 0.11103 0.0149707
0.0081466 9.97895E-05 9.97895E-05 9.97895E-05 9.97895E-05 9.97895E-05 9.97895E-05 9.97895E-05 9.97895E-05 9.97895E-05 9.97895E-05 9.97895E-05 9.97895E-05 9.97895E-05 9.97895E-05 9.97895E-05 9.97895E-05 9.97895E-05 9.97895E-05 9.97895E-05 9.97895E-05 9.97895E-05 9.97895E-05 9.97895E-05 0.989458 9.97895E-05
0.141691 9.98334E-05 9.98334E-05 9.98334E-05 9.98334E-05 0.00770582 0.0646443 9.98334E-05 0.00924754 0.0730162 0.119416 9.98334E-05 9.98334E-05 9.98334E-05 9.98334E-05 9.98334E-05 9.98334E-05 9.98334E-05 9.98334E-05 9.98334E-05 9.98334E-05 9.98334E-05 9.98334E-05 9.98334E-05 0.582383 9.98334E-05
9.97895E-05 9.97895E-05 9.97895E-05 9.97895E-05 9.97895E-05 9.97895E-05 9.97895E-05 9.97895E-05 9.97895E-05 9.97895E-05 9.97895E-05 9.97895E-05 9.97895E-05 9.97895E-05 9.97895E-05 9.97895E-05 9.97895E-05 9.97895E-05 9.97895E-05 0.991419 9.97895E-05 9.97895E-05 0.00618581 9.97895E-05 9.97895E-05 9.97895E-05
0.0343465 9.98158E-05 9.98158E-05 0.000956653 9.98158E-05 9.98158E-05 0.0285661 9.98158E-05 9.98158E-05 9.98158E-05 9.98158E-05 0.0253622 9.98158E-05 9.98158E-05 9.98158E-05 9.98158E-05 9.98158E-05 9.98158E-05 9.98158E-05 9.98158E-05 9.98158E-05 9.98158E-05 9.98158E-05 9.98158E-05 0.908672 9.98158E-05
9.98248E-05 9.98248E-05 9.98248E-05 9.98248E-05 9.98248E-05 0.134573 9.98248E-05 9.98248E-05 9.98248E-05 9.98248E-05 0.0260627 0.0590757 9.98248E-05 9.98248E-05 9.98248E-05 9.98248E-05 9.98248E-05 0.0080802 9.98248E-05 0.702719 9.98248E-05 0.067493 9.98248E-05 9.98248E-05 9.98248E-05 9.98248E-05
0.102064 9.98421E-05 9.98421E-05 9.98421E-05 9.98421E-05 9.98421E-05 9.98421E-05 9.98421E-05 0.100205 0.12441 9.98421E-05 9.98421E-05 9.98421E-05 9.98421E-05 0.0576639 9.98421E-05 0.205516 9.98421E-05 0.00613619 9.98421E-05 0.056197 9.98421E-05 9.98421E-05 9.98421E-05 0.346011 9.98421E-05
0.0149716 0.0613165 9.98595E-05 0.101496 9.98595E-05 9.98595E-05 0.000735276 9.98595E-05 0.0907272 0.222938 9.98595E-05 9.98595E-05 9.98595E-05 9.98595E-05 9.98595E-05 0.0446079 0.151681 9.98595E-05 9.98595E-05 9.98595E-05 9.98595E-05 9.98595E-05 0.14835 9.98595E-05 0.161578 9.98595E-05
0.0541401 0.0412689 9.98509E-05 9.98509E-05 0.0940561 9.98509E-05 0.0407017 9.98509E-05 9.98509E-05 9.98509E-05 0.0232819 9.98509E-05 9.98509E-05 9.98509E-05 9.98509E-05 9.98509E-05 9.98509E-05 9.98509E-05 9.98509E-05 0.542651 9.98509E-05 9.98509E-05 0.0373629 0.103982 0.0608582 9.98509E-05
0.151815 9.98597E-05 9.98597E-05 9.98597E-05 9.98597E-05 0.00546725 0.207248 0.155285 0.0261027 0.176281 9.98597E-05 9.98597E-05 9.98597E-05 0.0904184 9.98597E-05 9.98597E-05 9.98597E-05 9.98597E-05 9.98597E-05 0.108248 9.98597E-05 9.98597E-05 9.98597E-05 9.98597E-05 0.0482757 0.0292616
0.162983 9.98332E-05 9.98332E-05 0.123103 9.98332E-05 9.98332E-05 0.238372 0.0266002 0.0990738 9.98332E-05 9.98332E-05 9.98332E-05 9.98332E-05 9.98332E-05 9.98332E-05 9.98332E-05 9.98332E-05 9.98332E-05 0.00721359 9.98332E-05 9.98332E-05 9.98332E-05 9.98332E-05 9.98332E-05 0.340757 9.98332E-05
9.97895E-05 9.97895E-05 9.97895E-05 9.97895E-05 9.97895E-05 9.97895E-05 9.97895E-05 9.97895E-05 9.97895E-05 9.97895E-05 9.97895E-05 9.97895E-05 9.97895E-05 0.0739875 9.97895E-05 9.97895E-05 9.97895E-05 9.97895E-05 9.97895E-05 9.97895E-05 9.97895E-05 9.97895E-05 9.97895E-05 9.97895E-05 0.923618 9.97895E-05
0.0859423 9.98421E-05 0.000187546 9.98421E-05 9.98421E-05 0.0152419 9.98421E-05 9.98421E-05 9.98421E-05 9.98421E-05 0.00601895 9.98421E-05 9.98421E-05 9.98421E-05 9.98421E-05 9.98421E-05 9.98421E-05 9.98421E-05 9.98421E-05 0.289761 9.98421E-05 0.173704 9.98421E-05 9.98421E-05 0.169677 0.25767
9.98335E-05 9.98335E-05 9.98335E-05 0.161656 9.98335E-05 9.98335E-05 0.286658 9.98335E-05 0.120876 9.98335E-05 9.98335E-05 0.081378 0.0826625 9.98335E-05 9.98335E-05 9.98335E-05 9.98335E-05 9.98335E-05 0.0216839 9.98335E-05 9.98335E-05 9.98335E-05 9.98335E-05 9.98335E-05 0.243188 9.98335E-05
0.0401453 9.98247E-05 9.98247E-05 9.98247E-05 9.98247E-05 9.98247E-05 9.98247E-05 9.98247E-05 9.98247E-05 0.312114 0.00843433 9.98247E-05 9.98247E-05 9.98247E-05 9.98247E-05 9.98247E-05 9.98247E-05 9.98247E-05 9.98247E-05 9.98247E-05 9.98247E-05 9.98247E-05 0.0728718 0.00466006 0.559778 9.98247E-05
0.217381 9.98157E-05 0.0676596 9.98157E-05 9.98157E-05 9.98157E-05 0.311056 9.98157E-05 9.98157E-05 9.98157E-05 9.98157E-05 9.98157E-05 9.98157E-05 9.98157E-05 9.98157E-05 9.98157E-05 9.98157E-05 9.98157E-05 9.98157E-05 9.98157E-05 9.98157E-05 0.0147268 9.98157E-05 9.98157E-05 0.38708 9.98157E-05
0.219573 9.9842E-05 9.9842E-05 9.9842E-05 9.9842E-05 0.237713 0.0740291 9.9842E-05 0.0126695 9.9842E-05 9.9842E-05 9.9842E-05 9.9842E-05 0.110125 9.9842E-05 9.9842E-05 9.9842E-05 9.9842E-05 0.0836984 0.0835561 9.9842E-05 9.9842E-05 9.9842E-05 9.9842E-05 0.176839 9.9842E-05
0.107849 9.98333E-05 9.98333E-05 9.98333E-05 9.98333E-05 9.98333E-05 0.00324729 9.98333E-05 9.98333E-05 9.98333E-05 9.98333E-05 0.0147174 9.98333E-05 9.98333E-05 9.98333E-05 9.98333E-05 0.0559593 9.98333E-05 9.98333E-05 9.98333E-05 0.0555228 9.98333E-05 0.0664081 9.98333E-05 0.6944 9.98333E-05
0.0752286 9.98333E-05 9.98333E-05 9.98333E-05 9.98333E-05 0.228183 0.136763 0.137785 9.98333E-05 9.98333E-05 9.98333E-05 9.98333E-05 0.34564 9.98333E-05 9.98333E-05 0.0528655 9.98333E-05 9.98333E-05 9.98333E-05 9.98333E-05 9.98333E-05 9.98333E-05 9.98333E-05 9.98333E-05 0.0216378 9.98333E-05
0.0193113 9.98247E-05 9.98247E-05 0.0205828 9.98247E-05 0.0463174 9.98247E-05 9.98247E-05 9.98247E-05 9.98247E-05 9.98247E-05 9.98247E-05 9.98247E-05 9.98247E-05 9.98247E-05 9.98247E-05 9.98247E-05 9.98247E-05 9.98247E-05 9.98247E-05 9.98247E-05 0.00245831 0.0994477 9.98247E-05 0.809886 9.98247E-05
0.132919 9.98247E-05 0.0113278 9.98247E-05 9.98247E-05 0.150247 9.98247E-05 9.98247E-05 9.98247E-05 0.0649971 9.98247E-05 9.98247E-05 0.0559507 9.98247E-05 9.98247E-05 9.98247E-05 9.98247E-05 9.98247E-05 9.98247E-05 9.98247E-05 9.98247E-05 9.98247E-05 9.98247E-05 9.98247E-05 0.582562 9.98247E-05
0.00406883 9.9807E-05 9.9807E-05 9.9807E-05 9.9807E-05 9.9807E-05 9.9807E-05 9.9807E-05 9.9807E-05 9.9807E-05 0.0219098 9.9807E-05 9.9807E-05 9.9807E-05 9.9807E-05 9.9807E-05 9.9807E-05 9.9807E-05 9.9807E-05 9.9807E-05 0.286064 9.9807E-05 9.9807E-05 9.9807E-05 0.685762 9.9807E-05
0.0563652 0.0162211 9.98333E-05 0.0129001 9.98333E-05 9.98333E-05 9.98333E-05 0.0456129 9.98333E-05 9.98333E-05 0.077417 9.98333E-05 9.98333E-05 9.98333E-05 9.98333E-05 9.98333E-05 9.98333E-05 0.0110366 9.98333E-05 9.98333E-05 9.98333E-05 9.98333E-05 9.98333E-05 9.98333E-05 0.77855 9.98333E-05
0.0629754 9.98859E-05 9.98859E-05 0.0776025 0.118968 0.0571543 0.0241933 9.98859E-05 9.98859E-05 0.0244399 0.0828542 9.98859E-05 0.00340895 9.98859E-05 9.98859E-05 9.98859E-05 0.0104452 9.98859E-05 9.98859E-05 0.356446 9.98859E-05 9.98859E-05 0.0336176 9.98859E-05 0.137965 0.00863069
0.104385 9.98244E-05 9.98244E-05 9.98244E-05 9.98244E-05 9.98244E-05 0.188813 9.98244E-05 9.98244E-05 9.98244E-05 0.0767469 9.98244E-05 0.0029241 9.98244E-05 9.98244E-05 9.98244E-05 9.98244E-05 9.98244E-05 9.98244E-05 0.622582 9.98244E-05 9.98244E-05 0.00255173 9.98244E-05 9.98244E-05 9.98244E-05
0.0463371 0.0671073 9.98245E-05 9.98245E-05 9.98245E-05 0.0900058 0.116392 9.98245E-05 9.98245E-05 9.98245E-05 9.98245E-05 9.98245E-05 9.98245E-05 9.98245E-05 9.98245E-05 9.98245E-05 9.98245E-05 9.98245E-05 9.98245E-05 0.637681 9.98245E-05 0.0404808 9.98245E-05 9.98245E-05 9.98245E-05 9.98245E-05
0.0241106 9.98335E-05 9.98335E-05 0.00247741 9.98335E-05 9.98335E-05 9.98335E-05 9.98335E-05 0.00532903 9.98335E-05 0.0388013 9.98335E-05 9.98335E-05 0.0407538 9.98335E-05 9.98335E-05 9.98335E-05 9.98335E-05 9.98335E-05 9.98335E-05 9.98335E-05 9.98335E-05 9.98335E-05 0.02214 0.864491 9.98335E-05
0.010918 9.98335E-05 0.00261003 9.98335E-05 9.98335E-05 9.98335E-05 0.0278591 9.98335E-05 0.0234026 9.98335E-05 9.98335E-05 9.98335E-05 0.0957107 9.98335E-05 9.98335E-05 9.98335E-05 9.98335E-05 9.98335E-05 9.98335E-05 9.98335E-05 9.98335E-05 9.98335E-05 0.0759046 9.98335E-05 0.761698 9.98335E-05
9.9816E-05 9.9816E-05 9.9816E-05 0.0291589 9.9816E-05 9.9816E-05 9.9816E-05 9.9816E-05 9.9816E-05 9.9816E-05 9.9816E-05 9.9816E-05 9.9816E-05 9.9816E-05 9.9816E-05 0.00158817 9.9816E-05 0.0196341 9.9816E-05 9.9816E-05 9.9816E-05 0.0549468 9.9816E-05 9.9816E-05 0.892576 9.9816E-05
0.0969722 9.98158E-05 9.98158E-05 9.98158E-05 9.98158E-05 9.98158E-05 9.98158E-05 9.98158E-05 0.120797 9.98158E-05 9.98158E-05 9.98158E-05 9.98158E-05 0.0153519 9.98158E-05 9.98158E-05 9.98158E-05 9.98158E-05 9.98158E-05 0.717695 9.98158E-05 9.98158E-05 9.98158E-05 0.0470879 9.98158E-05 9.98158E-05
0.13943 9.98509E-05 9.98509E-05 9.98509E-05 9.98509E-05 9.98509E-05 0.0890982 9.98509E-05 9.98509E-05 9.98509E-05 0.00658988 0.0263139 9.98509E-05 9.98509E-05 9.98509E-05 9.98509E-05 9.98509E-05 9.98509E-05 9.98509E-05 0.507674 0.203024 0.00111246 9.98509E-05 0.0191175 0.00594263 9.98509E-05
0.0296766 9.9842E-05 9.9842E-05 0.0609591 9.9842E-05 0.109396 0.0158084 9.9842E-05 0.00245553 9.9842E-05 9.9842E-05 9.9842E-05 9.9842E-05 9.9842E-05 9.9842E-05 0.105003 0.0335661 9.9842E-05 9.9842E-05 0.641338 9.9842E-05 9.9842E-05 9.9842E-05 9.9842E-05 9.9842E-05 9.9842E-05
0.0352664 9.98247E-05 9.98247E-05 0.0143135 9.98247E-05 9.98247E-05 0.0310223 9.98247E-05 9.98247E-05 9.98247E-05 0.0478304 9.98247E-05 0.0591567 9.98247E-05 9.98247E-05 9.98247E-05 9.98247E-05 9.98247E-05 9.98247E-05 9.98247E-05 9.98247E-05 9.98247E-05 9.98247E-05 9.98247E-05 0.810414 9.98247E-05
0.0696704 9.98075E-05 9.98075E-05 9.98075E-05 9.98075E-05 9.98075E-05 0.244031 9.98075E-05 9.98075E-05 9.98075E-05 9.98075E-05 9.98075E-05 0.113076 9.98075E-05 9.98075E-05 9.98075E-05 9.98075E-05 9.98075E-05 9.98075E-05 9.98075E-05 9.98075E-05 9.98075E-05 9.98075E-05 9.98075E-05 0.571026 9.98075E-05
9.97983E-05 9.97983E-05 9.97983E-05 9.97983E-05 0.130584 9.97983E-05 9.97983E-05 9.97983E-05 9.97983E-05 9.97983E-05 9.97983E-05 9.97983E-05 0.00210652 9.97983E-05 9.97983E-05 9.97983E-05 9.97983E-05 9.97983E-05 9.97983E-05 9.97983E-05 9.97983E-05 9.97983E-05 9.97983E-05 9.97983E-05 0.865014 9.97983E-05
0.105584 9.98334E-05 0.110264 9.98334E-05 9.98334E-05 9.98334E-05 0.0495376 9.98334E-05 0.0754582 0.293614 0.0836407 9.98334E-05 9.98334E-05 9.98334E-05 9.98334E-05 9.98334E-05 9.98334E-05 9.98334E-05 9.98334E-05 0.280005 9.98334E-05 9.98334E-05 9.98334E-05 9.98334E-05 9.98334E-05 9.98334E-05
0.138985 9.98334E-05 0.0107434 0.0536199 9.98334E-05 9.98334E-05 0.446422 9.98334E-05 9.98334E-05 9.98334E-05 9.98334E-05 0.0142713 9.98334E-05 9.98334E-05 9.98334E-05 9.98334E-05 9.98334E-05 9.98334E-05 9.98334E-05 0.319467 9.98334E-05 9.98334E-05 0.0145947 9.98334E-05 9.98334E-05 9.98334E-05
9.9807E-05 9.9807E-05 9.9807E-05 9.9807E-05 9.9807E-05 9.9807E-05 0.015944 9.9807E-05 9.9807E-05 9.9807E-05 9.9807E-05 9.9807E-05 9.9807E-05 0.161096 9.9807E-05 9.9807E-05 9.9807E-05 9.9807E-05 9.9807E-05 0.413751 9.9807E-05 9.9807E-05 9.9807E-05 9.9807E-05 0.407013 9.9807E-05
0.0834957 9.98158E-05 9.98158E-05 9.98158E-05 9.98158E-05 9.98158E-05 9.98158E-05 9.98158E-05 0.0278728 9.98158E-05 9.98158E-05 9.98158E-05 9.98158E-05 9.98158E-05 9.98158E-05 9.98158E-05 9.98158E-05 9.98158E-05 9.98158E-05 0.319474 9.98158E-05 9.98158E-05 0.0773695 9.98158E-05 0.489692 9.98158E-05
9.97895E-05 9.97895E-05 9.97895E-05 9.97895E-05 9.97895E-05 9.97895E-05 9.97895E-05 9.97895E-05 9.97895E-05 0.0690864 9.97895E-05 9.97895E-05 9.97895E-05 9.97895E-05 9.97895E-05 9.97895E-05 9.97895E-05 9.97895E-05 9.97895E-05 0.928519 9.97895E-05 9.97895E-05 9.97895E-05 9.97895E-05 9.97895E-05 9.97895E-05
0.115098 9.98332E-05 9.98332E-05 0.032154 9.98332E-05 9.98332E-05 0.111794 9.98332E-05 9.98332E-05 0.0712095 0.0243666 9.98332E-05 9.98332E-05 9.98332E-05 9.98332E-05 9.98332E-05 9.98332E-05 9.98332E-05 9.98332E-05 0.173236 9.98332E-05 9.98332E-05 9.98332E-05 9.98332E-05 0.470245 9.98332E-05
9.98336E-05 9.98336E-05 9.98336E-05 0.0667186 9.98336E-05 9.98336E-05 0.010665 9.98336E-05 0.0164576 9.98336E-05 9.98336E-05 9.98336E-05 9.98336E-05 9.98336E-05 9.98336E-05 9.98336E-05 0.00737542 0.0839411 9.98336E-05 0.798607 9.98336E-05 9.98336E-05 9.98336E-05 0.0143389 9.98336E-05 9.98336E-05
0.171761 9.98683E-05 0.0182024 9.98683E-05 9.98683E-05 0.115643 9.98683E-05 9.98683E-05 0.0243887 9.98683E-05 0.103377 9.98683E-05 0.174814 9.98683E-05 9.98683E-05 0.00148803 9.98683E-05 9.98683E-05 9.98683E-05 0.143586 9.98683E-05 9.98683E-05 0.0295827 9.98683E-05 0.163209 0.0524492
9.98335E-05 9.98335E-05 0.042072 9.98335E-05 9.98335E-05 9.98335E-05 0.128717 9.98335E-05 9.98335E-05 9.98335E-05 9.98335E-05 0.0329916 9.98335E-05 9.98335E-05 9.98335E-05 9.98335E-05 9.98335E-05 9.98335E-05 9.98335E-05 0.426639 9.98335E-05 0.016021 0.157607 9.98335E-05 0.194055 9.98335E-05
9.97984E-05 9.97984E-05 9.97984E-05 9.97984E-05 9.97984E-05 0.0363528 9.97984E-05 0.0125638 9.97984E-05 9.97984E-05 9.97984E-05 9.97984E-05 9.97984E-05 9.97984E-05 9.97984E-05 9.97984E-05 9.97984E-05 9.97984E-05 9.97984E-05 9.97984E-05 9.97984E-05 9.97984E-05 9.97984E-05 9.97984E-05 0.948788 9.97984E-05
0.0154136 9.98421E-05 9.98421E-05 9.98421E-05 9.98421E-05 9.98421E-05 9.98421E-05 0.0338472 0.0182117 9.98421E-05 0.0104011 9.98421E-05 9.98421E-05 0.0604267 9.98421E-05 0.0383828 9.98421E-05 9.98421E-05 9.98421E-05 0.783795 9.98421E-05 0.0377247 9.98421E-05 9.98421E-05 9.98421E-05 9.98421E-05
0.086606 9.98072E-05 9.98072E-05 9.98072E-05 9.98072E-05 9.98072E-05 9.98072E-05 9.98072E-05 9.98072E-05 9.98072E-05 9.98072E-05 9.98072E-05 0.0075833 9.98072E-05 9.98072E-05 9.98072E-05 9.98072E-05 9.98072E-05 0.132904 0.770711 9.98072E-05 9.98072E-05 9.98072E-05 9.98072E-05 9.98072E-05 9.98072E-05
9.98246E-05 9.98246E-05 9.98246E-05 0.129864 9.98246E-05 0.0203374 9.98246E-05 9.98246E-05 9.98246E-05 0.0305276 0.0171257 9.98246E-05 9.98246E-05 9.98246E-05 9.98246E-05 9.98246E-05 0.0485281 9.98246E-05 9.98246E-05 0.751621 9.98246E-05 9.98246E-05 9.98246E-05 9.98246E-05 9.98246E-05 9.98246E-05
0.0416779 9.98158E-05 9.98158E-05 0.068295 9.98158E-05 9.98158E-05 9.98158E-05 0.0709086 9.98158E-05 9.98158E-05 9.98158E-05 9.98158E-05 9.98158E-05 9.98158E-05 9.98158E-05 9.98158E-05 9.98158E-05 9.98158E-05 9.98158E-05 9.98158E-05 9.98158E-05 0.00925295 9.98158E-05 9.98158E-05 0.807769 9.98158E-05
0.0881873 9.97985E-05 9.97985E-05 9.97985E-05 9.97985E-05 9.97985E-05 9.97985E-05 9.97985E-05 9.97985E-05 9.97985E-05 9.97985E-05 9.97985E-05 9.97985E-05 9.97985E-05 9.97985E-05 9.97985E-05 9.97985E-05 9.97985E-05 9.97985E-05 9.97985E-05 9.97985E-05 9.97985E-05 0.0884663 9.97985E-05 0.821051 9.97985E-05
0.00244713 9.98159E-05 9.98159E-05 9.98159E-05 9.98159E-05 9.98159E-05 9.98159E-05 9.98159E-05 0.0261085 9.98159E-05 9.98159E-05 9.98159E-05 9.98159E-05 9.98159E-05 0.0148249 9.98159E-05 9.98159E-05 9.98159E-05 9.98159E-05 0.645585 9.98159E-05 9.98159E-05 9.98159E-05 9.98159E-05 0.308938 9.98159E-05
0.0694508 9.98332E-05 9.98332E-05 9.98332E-05 9.98332E-05 0.130358 9.98332E-05 9.98332E-05 0.0164153 0.574929 9.98332E-05 9.98332E-05 9.98332E-05 9.98332E-05 0.125804 9.98332E-05 9.98332E-05 9.98332E-05 0.0316365 9.98332E-05 9.98332E-05 9.98332E-05 9.98332E-05 0.0495102 9.98332E-05 9.98332E-05
9.97811E-05 9.97811E-05 9.97811E-05 9.97811E-05 9.97811E-05 9.97811E-05 9.97811E-05 9.97811E-05 9.97811E-05 0.997505 9.97811E-05 9.97811E-05 9.97811E-05 9.97811E-05 9.97811E-05 9.97811E-05 9.97811E-05 9.97811E-05 9.97811E-05 9.97811E-05 9.97811E-05 9.97811E-05 9.97811E-05 9.97811E-05 9.97811E-05 9.97811E-05
9.98071E-05 9.98071E-05 9.98071E-05 9.98071E-05 9.98071E-05 9.98071E-05 9.98071E-05 0.0185184 9.98071E-05 0.938295 9.98071E-05 9.98071E-05 9.98071E-05 9.98071E-05 9.98071E-05 9.98071E-05 9.98071E-05 0.0344801 9.98071E-05 9.98071E-05 0.00651066 9.98071E-05 9.98071E-05 9.98071E-05 9.98071E-05 9.98071E-05
0.0187725 9.98509E-05 9.98509E-05 9.98509E-05 9.98509E-05 0.153744 9.98509E-05 0.0584585 0.104506 0.34288 0.00761335 9.98509E-05 9.98509E-05 9.98509E-05 9.98509E-05 9.98509E-05 0.00999285 0.0207831 9.98509E-05 9.98509E-05 9.98509E-05 9.98509E-05 9.98509E-05 0.281553 9.98509E-05 9.98509E-05
0.0888243 9.98506E-05 9.98506E-05 9.98506E-05 9.98506E-05 9.98506E-05 0.125065 0.016775 0.0377166 0.512444 0.0294095 9.98506E-05 9.98506E-05 0.0318059 9.98506E-05 9.98506E-05 9.98506E-05 0.0868642 9.98506E-05 9.98506E-05 9.98506E-05 9.98506E-05 0.0693973 9.98506E-05 9.98506E-05 9.98506E-05
0.133117 0.0686495 0.0510814 9.9833E-05 9.9833E-05 0.0483697 0.026883 9.9833E-05 0.052756 0.617247 9.9833E-05 9.9833E-05 9.9833E-05 9.9833E-05 9.9833E-05 9.9833E-05 9.9833E-05 9.9833E-05 9.9833E-05 9.9833E-05 9.9833E-05 9.9833E-05 9.9833E-05 9.9833E-05 9.9833E-05 9.9833E-05
0.134216 9.98244E-05 9.98244E-05 9.98244E-05 9.98244E-05 9.98244E-05 9.98244E-05 9.98244E-05 9.98244E-05 0.513804 0.0170117 9.98244E-05 9.98244E-05 9.98244E-05 9.98244E-05 9.98244E-05 9.98244E-05 9.98244E-05 9.98244E-05 9.98244E-05 9.98244E-05 0.0103555 0.0516623 0.270954 9.98244E-05 9.98244E-05
0.0793715 9.9842E-05 9.9842E-05 0.017311 9.9842E-05 9.9842E-05 9.9842E-05 0.211062 0.0655771 0.409841 9.9842E-05 9.9842E-05 9.9842E-05 9.9842E-05 9.9842E-05 0.014395 0.0294809 9.9842E-05 9.9842E-05 9.9842E-05 9.9842E-05 9.9842E-05 9.9842E-05 0.171165 9.9842E-05 9.9842E-05
9.97896E-05 9.97896E-05 9.97896E-05 9.97896E-05 9.97896E-05 9.97896E-05 9.97896E-05 9.97896E-05 9.97896E-05 0.929907 9.97896E-05 9.97896E-05 0.0676981 9.97896E-05 9.97896E-05 9.97896E-05 9.97896E-05 9.97896E-05 9.97896E-05 9.97896E-05 9.97896E-05 9.97896E-05 9.97896E-05 9.97896E-05 9.97896E-05 9.97896E-05
9.97894E-05 9.97894E-05 9.97894E-05 9.97894E-05 9.97894E-05 9.97894E-05 9.97894E-05 9.97894E-05 9.97894E-05 0.909245 0.0883602 9.97894E-05 9.97894E-05 9.97894E-05 9.97894E-05 9.97894E-05 9.97894E-05 9.97894E-05 9.97894E-05 9.97894E-05 9.97894E-05 9.97894E-05 9.97894E-05 9.97894E-05 9.97894E-05 9.97894E-05
0.276448 9.98067E-05 9.98067E-05 9.98067E-05 9.98067E-05 9.98067E-05 9.98067E-05 9.98067E-05 0.047275 0.519719 0.154362 9.98067E-05 9.98067E-05 9.98067E-05 9.98067E-05 9.98067E-05 9.98067E-05 9.98067E-05 9.98067E-05 9.98067E-05 9.98067E-05 9.98067E-05 9.98067E-05 9.98067E-05 9.98067E-05 9.98067E-05
0.0258871 0.0971996 9.9842E-05 0.0346181 9.9842E-05 9.9842E-05 0.103527 9.9842E-05 9.9842E-05 0.459203 0.0653392 9.9842E-05 9.9842E-05 9.9842E-05 9.9842E-05 9.9842E-05 9.9842E-05 9.9842E-05 9.9842E-05 9.9842E-05 9.9842E-05 0.160311 9.9842E-05 0.0521176 9.9842E-05 9.9842E-05
9.98417E-05 0.0841668 9.98417E-05 0.0639902 9.98417E-05 9.98417E-05 9.98417E-05 9.98417E-05 0.0785852 0.458223 0.0734242 9.98417E-05 9.98417E-05 0.00397521 9.98417E-05 9.98417E-05 0.132437 9.98417E-05 9.98417E-05 9.98417E-05 9.98417E-05 0.103401 9.98417E-05 9.98417E-05 9.98417E-05 9.98417E-05
0.19832 9.98067E-05 9.98067E-05 9.98067E-05 9.98067E-05 9.98067E-05 0.178469 9.98067E-05 9.98067E-05 0.607844 9.98067E-05 9.98067E-05 9.98067E-05 9.98067E-05 9.98067E-05 9.98067E-05 9.98067E-05 9.98067E-05 9.98067E-05 9.98067E-05 9.98067E-05 9.98067E-05 9.98067E-05 0.0131712 9.98067E-05 9.98067E-05
9.98249E-05 9.98249E-05 0.0307837 9.98249E-05 9.98249E-05 0.0852452 9.98249E-05 9.98249E-05 9.98249E-05 0.841052 9.98249E-05 9.98249E-05 0.0123877 9.98249E-05 9.98249E-05 0.00600284 9.98249E-05 0.0225319 9.98249E-05 9.98249E-05 9.98249E-05 9.98249E-05 9.98249E-05 9.98249E-05 9.98249E-05 9.98249E-05
9.98072E-05 9.98072E-05 9.98072E-05 9.98072E-05 9.98072E-05 9.98072E-05 9.98072E-05 9.98072E-05 0.0225318 0.88359 0.0814521 9.98072E-05 9.98072E-05 9.98072E-05 9.98072E-05 9.98072E-05 9.98072E-05 9.98072E-05 9.98072E-05 9.98072E-05 9.98072E-05 9.98072E-05 0.0102305 9.98072E-05 9.98072E-05 9.98072E-05
0.016172 9.98155E-05 9.98155E-05 0.0921332 9.98155E-05 0.0478709 9.98155E-05 9.98155E-05 9.98155E-05 0.690494 9.98155E-05 9.98155E-05 9.98155E-05 9.98155E-05 0.151234 9.98155E-05 9.98155E-05 9.98155E-05 9.98155E-05 9.98155E-05 9.98155E-05 9.98155E-05 9.98155E-05 9.98155E-05 9.98155E-05 9.98155E-05
9.98244E-05 9.98244E-05 9.98244E-05 0.0591556 9.98244E-05 9.98244E-05 0.0899017 9.98244E-05 0.00429449 0.657955 0.153432 9.98244E-05 9.98244E-05 9.98244E-05 9.98244E-05 9.98244E-05 9.98244E-05 9.98244E-05 9.98244E-05 9.98244E-05 9.98244E-05 9.98244E-05 0.0332647 9.98244E-05 9.98244E-05 9.98244E-05
0.00558101 9.98244E-05 9.98244E-05 0.0697607 9.98244E-05 9.98244E-05 9.98244E-05 0.073032 0.0301489 0.777863 0.0416178 9.98244E-05 9.98244E-05 9.98244E-05 9.98244E-05 9.98244E-05 9.98244E-05 9.98244E-05 9.98244E-05 9.98244E-05 9.98244E-05 9.98244E-05 9.98244E-05 9.98244E-05 9.98244E-05 9.98244E-05
0.284754 0.0204736 9.98417E-05 9.98417E-05 9.98417E-05 9.98417E-05 9.98417E-05 9.98417E-05 9.98417E-05 0.493354 9.98417E-05 9.98417E-05 0.0545319 0.029268 0.0262026 0.0863316 9.98417E-05 9.98417E-05 0.00328755 9.98417E-05 9.98417E-05 9.98417E-05 9.98417E-05 9.98417E-05 9.98417E-05 9.98417E-05
9.97837E-05 9.97837E-05 9.97837E-05 9.97837E-05 9.97837E-05 9.97837E-05 9.97837E-05 9.97837E-05 9.97837E-05 0.997505 9.97837E-05 9.97837E-05 9.97837E-05 9.97837E-05 9.97837E-05 9.97837E-05 9.97837E-05 9.97837E-05 9.97837E-05 9.97837E-05 9.97837E-05 9.97837E-05 9.97837E-05 9.97837E-05 9.97837E-05 9.97837E-05
0.0476182 9.98067E-05 9.98067E-05 9.98067E-05 9.98067E-05 9.98067E-05 0.321672 0.0065263 9.98067E-05 0.621988 9.98067E-05 9.98067E-05 9.98067E-05 9.98067E-05 9.98067E-05 9.98067E-05 9.98067E-05 9.98067E-05 9.98067E-05 9.98067E-05 9.98067E-05 9.98067E-05 9.98067E-05 9.98067E-05 9.98067E-05 9.98067E-05
0.027013 0.0361466 9.98422E-05 9.98422E-05 9.98422E-05 0.286199 0.047684 9.98422E-05 9.98422E-05 0.434644 9.98422E-05 9.98422E-05 0.0467169 9.98422E-05 9.98422E-05 9.98422E-05 9.98422E-05 9.98422E-05 0.00185065 9.98422E-05 9.98422E-05 9.98422E-05 9.98422E-05 0.117949 9.98422E-05 9.98422E-05
0.0122383 9.98509E-05 0.0624523 0.0957559 9.98509E-05 9.98509E-05 9.98509E-05 0.116897 0.00537469 0.585723 9.98509E-05 9.98509E-05 9.98509E-05 9.98509E-05 0.014571 9.98509E-05 0.0544246 0.0508659 9.98509E-05 9.98509E-05 9.98509E-05 9.98509E-05 9.98509E-05 9.98509E-05 9.98509E-05 9.98509E-05
0.0255757 0.0194081 9.98155E-05 9.98155E-05 9.98155E-05 9.98155E-05 9.98155E-05 9.98155E-05 0.0155175 0.733053 0.204349 9.98155E-05 9.98155E-05 9.98155E-05 9.98155E-05 9.98155E-05 9.98155E-05 9.98155E-05 9.98155E-05 9.98155E-05 9.98155E-05 9.98155E-05 9.98155E-05 9.98155E-05 9.98155E-05 9.98155E-05
9.97986E-05 9.97986E-05 9.97986E-05 9.97986E-05 9.97986E-05 9.97986E-05 9.97986E-05 9.97986E-05 0.0407264 0.955205 9.97986E-05 9.97986E-05 9.97986E-05 0.00177347 9.97986E-05 9.97986E-05 9.97986E-05 9.97986E-05 9.97986E-05 9.97986E-05 9.97986E-05 9.97986E-05 9.97986E-05 9.97986E-05 9.97986E-05 9.97986E-05
9.97809E-05 9.97809E-05 9.97809E-05 9.97809E-05 9.97809E-05 9.97809E-05 9.97809E-05 9.97809E-05 9.97809E-05 0.997505 9.97809E-05 9.97809E-05 9.97809E-05 9.97809E-05 9.97809E-05 9.97809E-05 9.97809E-05 9.97809E-05 9.97809E-05 9.97809E-05 9.97809E-05 9.97809E-05 9.97809E-05 9.97809E-05 9.97809E-05 9.97809E-05
9.97808E-05 9.97808E-05 9.97808E-05 9.97808E-05 9.97808E-05 9.97808E-05 9.97808E-05 9.97808E-05 9.97808E-05 0.997505 9.97808E-05 9.97808E-05 9.97808E-05 9.97808E-05 9.97808E-05 9.97808E-05 9.97808E-05 9.97808E-05 9.97808E-05 9.97808E-05 9.97808E-05 9.97808E-05 9.97808E-05 9.97808E-05 9.97808E-05 9.97808E-05
0.0228986 0.0143972 9.98072E-05 9.98072E-05 9.98072E-05 9.98072E-05 9.98072E-05 0.091588 9.98072E-05 0.86892 9.98072E-05 9.98072E-05 9.98072E-05 9.98072E-05 9.98072E-05 9.98072E-05 9.98072E-05 9.98072E-05 9.98072E-05 9.98072E-05 9.98072E-05 9.98072E-05 9.98072E-05 9.98072E-05 9.98072E-05 9.98072E-05
0.0811074 9.98159E-05 9.98159E-05 9.98159E-05 9.98159E-05 9.98159E-05 9.98159E-05 9.98159E-05 0.0352969 0.555457 9.98159E-05 9.98159E-05 0.13064 9.98159E-05 9.98159E-05 9.98159E-05 9.98159E-05 9.98159E-05 9.98159E-05 9.98159E-05 0.195402 9.98159E-05 9.98159E-05 9.98159E-05 9.98159E-05 9.98159E-05
0.0509499 9.9807E-05 9.9807E-05 9.9807E-05 9.9807E-05 0.256297 9.9807E-05 9.9807E-05 0.0824037 9.9807E-05 9.9807E-05 9.9807E-05 9.9807E-05 9.9807E-05 9.9807E-05 9.9807E-05 0.608153 9.9807E-05 9.9807E-05 9.9807E-05 9.9807E-05 9.9807E-05 9.9807E-05 9.9807E-05 9.9807E-05 9.9807E-05
0.00710319 9.98158E-05 9.98158E-05 9.98158E-05 9.98158E-05 0.312758 9.98158E-05 9.98158E-05 0.101404 9.98158E-05 0.00750967 9.98158E-05 9.98158E-05 9.98158E-05 9.98158E-05 9.98158E-05 9.98158E-05 9.98158E-05 9.98158E-05 9.98158E-05 0.56913 9.98158E-05 9.98158E-05 9.98158E-05 9.98158E-05 9.98158E-05
0.022875 9.98069E-05 9.98069E-05 9.98069E-05 9.98069E-05 0.772231 9.98069E-05 9.98069E-05 9.98069E-05 9.98069E-05 9.98069E-05 0.0637552 9.98069E-05 9.98069E-05 9.98069E-05 9.98069E-05 0.138943 9.98069E-05 9.98069E-05 9.98069E-05 9.98069E-05 9.98069E-05 9.98069E-05 9.98069E-05 9.98069E-05 9.98069E-05
0.109854 9.98066E-05 9.98066E-05 9.98066E-05 9.98066E-05 0.59927 9.98066E-05 0.0298323 9.98066E-05 9.98066E-05 9.98066E-05 9.98066E-05 9.98066E-05 9.98066E-05 9.98066E-05 9.98066E-05 0.258848 9.98066E-05 9.98066E-05 9.98066E-05 9.98066E-05 9.98066E-05 9.98066E-05 9.98066E-05 9.98066E-05 9.98066E-05
9.98156E-05 9.98156E-05 9.98156E-05 9.98156E-05 9.98156E-05 0.017892 9.98156E-05 9.98156E-05 0.054547 9.98156E-05 9.98156E-05 0.0629834 9.98156E-05 9.98156E-05 9.98156E-05 9.98156E-05 0.767078 0.0954033 9.98156E-05 9.98156E-05 9.98156E-05 9.98156E-05 9.98156E-05 9.98156E-05 9.98156E-05 9.98156E-05
0.17408 9.98071E-05 9.98071E-05 9.98071E-05 9.98071E-05 9.98071E-05 9.98071E-05 9.98071E-05 0.131173 9.98071E-05 9.98071E-05 9.98071E-05 9.98071E-05 9.98071E-05 9.98071E-05 9.98071E-05 0.66028 9.98071E-05 9.98071E-05 9.98071E-05 9.98071E-05 9.98071E-05 0.0322706 9.98071E-05 9.98071E-05 9.98071E-05
9.98157E-05 0.0171249 9.98157E-05 9.98157E-05 9.98157E-05 0.903798 9.98157E-05 0.0192707 0.0325031 9.98157E-05 9.98157E-05 0.0252072 9.98157E-05 9.98157E-05 9.98157E-05 9.98157E-05 9.98157E-05 9.98157E-05 9.98157E-05 9.98157E-05 9.98157E-05 9.98157E-05 9.98157E-05 9.98157E-05 9.98157E-05 9.98157E-05
9.97894E-05 9.97894E-05 9.97894E-05 9.97894E-05 9.97894E-05 0.839353 9.97894E-05 9.97894E-05 0.158252 9.97894E-05 9.97894E-05 9.97894E-05 9.97894E-05 9.97894E-05 9.97894E-05 9.97894E-05 9.97894E-05 9.97894E-05 9.97894E-05 9.97894E-05 9.97894E-05 9.97894E-05 9.97894E-05 9.97894E-05 9.97894E-05 9.97894E-05
9.98156E-05 9.98156E-05 9.98156E-05 9.98156E-05 9.98156E-05 0.441938 9.98156E-05 9.98156E-05 0.309295 9.98156E-05 9.98156E-05 9.98156E-05 0.0242468 9.98156E-05 9.98156E-05 9.98156E-05 9.98156E-05 9.98156E-05 9.98156E-05 9.98156E-05 9.98156E-05 0.00583681 9.98156E-05 0.216588 9.98156E-05 9.98156E-05
0.170127 9.98157E-05 9.98157E-05 9.98157E-05 9.98157E-05 0.679208 9.98157E-05 9.98157E-05 0.145642 9.98157E-05 9.98157E-05 9.98157E-05 9.98157E-05 9.98157E-05 9.98157E-05 9.98157E-05 0.000190012 9.98157E-05 9.98157E-05 9.98157E-05 9.98157E-05 9.98157E-05 0.00273697 9.98157E-05 9.98157E-05 9.98157E-05
9.98159E-05 9.98159E-05 9.98159E-05 9.98159E-05 0.331856 0.122156 9.98159E-05 9.98159E-05 0.0350483 9.98159E-05 9.98159E-05 9.98159E-05 9.98159E-05 9.98159E-05 9.98159E-05 9.98159E-05 0.355804 9.98159E-05 9.98159E-05 9.98159E-05 9.98159E-05 9.98159E-05 9.98159E-05 0.15304 9.98159E-05 9.98159E-05
0.0256894 9.98246E-05 9.98246E-05 9.98246E-05 9.98246E-05 0.20998 9.98246E-05 9.98246E-05 9.98246E-05 9.98246E-05 0.0563285 9.98246E-05 9.98246E-05 9.98246E-05 9.98246E-05 9.98246E-05 0.491685 9.98246E-05 9.98246E-05 9.98246E-05 0.112176 9.98246E-05 9.98246E-05 0.102144 9.98246E-05 9.98246E-05
9.97897E-05 9.97897E-05 9.97897E-05 9.97897E-05 9.97897E-05 0.940623 9.97897E-05 9.97897E-05 0.0569824 9.97897E-05 9.97897E-05 9.97897E-05 9.97897E-05 9.97897E-05 9.97897E-05 9.97897E-05 9.97897E-05 9.97897E-05 9.97897E-05 9.97897E-05 9.97897E-05 9.97897E-05 9.97897E-05 9.97897E-05 9.97897E-05 9.97897E-05
0.231703 9.98248E-05 0.00909249 9.98248E-05 0.12362 0.227882 9.98248E-05 9.98248E-05 0.0969009 9.98248E-05 9.98248E-05 9.98248E-05 9.98248E-05 9.98248E-05 9.98248E-05 9.98248E-05 0.308805 9.98248E-05 9.98248E-05 9.98248E-05 9.98248E-05 9.98248E-05 9.98248E-05 9.98248E-05 9.98248E-05 9.98248E-05
9.98422E-05 0.0610961 9.98422E-05 9.98422E-05 0.0958185 0.29055 9.98422E-05 0.0975177 0.0406476 9.98422E-05 0.00924383 9.98422E-05 9.98422E-05 9.98422E-05 9.98422E-05 9.98422E-05 0.334395 9.98422E-05 9.98422E-05 9.98422E-05 9.98422E-05 0.0689339 9.98422E-05 9.98422E-05 9.98422E-05 9.98422E-05
0.0383648 9.98334E-05 9.98334E-05 9.98334E-05 0.0121033 0.207612 9.98334E-05 9.98334E-05 9.98334E-05 9.98334E-05 9.98334E-05 0.0607032 0.163826 9.98334E-05 9.98334E-05 9.98334E-05 0.495268 9.98334E-05 9.98334E-05 9.98334E-05 9.98334E-05 9.98334E-05 9.98334E-05 0.0202259 9.98334E-05 9.98334E-05
0.0687631 9.98245E-05 9.98245E-05 9.98245E-05 0.0121483 0.435241 9.98245E-05 9.98245E-05 9.98245E-05 9.98245E-05 9.98245E-05 9.98245E-05 9.98245E-05 0.0328237 9.98245E-05 9.98245E-05 0.206066 9.98245E-05 9.98245E-05 9.98245E-05 9.98245E-05 9.98245E-05 9.98245E-05 0.242961 9.98245E-05 9.98245E-05
9.98336E-05 9.98336E-05 9.98336E-05 9.98336E-05 9.98336E-05 0.17773 0.0504045 9.98336E-05 0.060367 9.98336E-05 9.98336E-05 0.0570683 9.98336E-05 9.98336E-05 9.98336E-05 9.98336E-05 0.609982 0.0319733 9.98336E-05 0.0105774 9.98336E-05 9.98336E-05 9.98336E-05 9.98336E-05 9.98336E-05 9.98336E-05
9.97896E-05 9.97896E-05 9.97896E-05 9.97896E-05 9.97896E-05 0.388352 9.97896E-05 9.97896E-05 9.97896E-05 9.97896E-05 9.97896E-05 9.97896E-05 9.97896E-05 9.97896E-05 9.97896E-05 9.97896E-05 0.609254 9.97896E-05 9.97896E-05 9.97896E-05 9.97896E-05 9.97896E-05 9.97896E-05 9.97896E-05 9.97896E-05 9.97896E-05
0.025428 9.98594E-05 9.98594E-05 9.98594E-05 9.98594E-05 0.0917436 9.98594E-05 9.98594E-05 0.0882764 9.98594E-05 0.00428037 9.98594E-05 0.0487246 0.0824461 9.98594E-05 9.98594E-05 0.256215 9.98594E-05 9.98594E-05 9.98594E-05 0.347532 0.0254245 0.0283312 9.98594E-05 9.98594E-05 9.98594E-05
0.0676012 9.98246E-05 9.98246E-05 9.98246E-05 0.0841414 9.98246E-05 9.98246E-05 9.98246E-05 9.98246E-05 9.98246E-05 9.98246E-05 0.0227819 9.98246E-05 9.98246E-05 9.98246E-05 9.98246E-05 0.699693 9.98246E-05 9.98246E-05 9.98246E-05 9.98246E-05 9.98246E-05 0.0432255 0.0805605 9.98246E-05 9.98246E-05
9.98158E-05 0.0635934 9.98158E-05 9.98158E-05 9.98158E-05 0.412205 9.98158E-05 0.0200421 9.98158E-05 9.98158E-05 0.0294324 9.98158E-05 9.98158E-05 9.98158E-05 9.98158E-05 9.98158E-05 0.472631 9.98158E-05 9.98158E-05 9.98158E-05 9.98158E-05 9.98158E-05 9.98158E-05 9.98158E-05 9.98158E-05 9.98158E-05
0.151888 9.98157E-05 0.0292668 9.98157E-05 9.98157E-05 9.98157E-05 9.98157E-05 9.98157E-05 0.129842 9.98157E-05 9.98157E-05 9.98157E-05 9.98157E-05 9.98157E-05 9.98157E-05 9.98157E-05 0.621662 9.98157E-05 9.98157E-05 9.98157E-05 9.98157E-05 9.98157E-05 9.98157E-05 0.0652446 9.98157E-05 9.98157E-05
9.98246E-05 9.98246E-05 9.98246E-05 9.98246E-05 0.0871391 0.401563 9.98246E-05 9.98246E-05 0.101135 9.98246E-05 9.98246E-05 0.0509085 9.98246E-05 9.98246E-05 9.98246E-05 9.98246E-05 0.340135 9.98246E-05 9.98246E-05 9.98246E-05 0.0171226 9.98246E-05 9.98246E-05 9.98246E-05 9.98246E-05 9.98246E-05
0.190684 9.98158E-05 9.98158E-05 9.98158E-05 9.98158E-05 9.98158E-05 9.98158E-05 9.98158E-05 0.168878 9.98158E-05 9.98158E-05 9.98158E-05 9.98158E-05 0.0259734 9.98158E-05 9.98158E-05 0.575583 9.98158E-05 9.98158E-05 9.98158E-05 9.98158E-05 9.98158E-05 9.98158E-05 0.0367863 9.98158E-05 9.98158E-05
0.0873161 9.98421E-05 9.98421E-05 9.98421E-05 0.206464 0.439764 9.98421E-05 9.98421E-05 0.114544 0.00348272 9.98421E-05 9.98421E-05 9.98421E-05 9.98421E-05 9.98421E-05 9.98421E-05 9.98421E-05 9.98421E-05 0.0324367 9.98421E-05 9.98421E-05 9.98421E-05 0.00623934 0.107956 9.98421E-05 9.98421E-05
9.98158E-05 9.98158E-05 0.10916 9.98158E-05 9.98158E-05 9.98158E-05 9.98158E-05 9.98158E-05 9.98158E-05 9.98158E-05 9.98158E-05 0.0599506 9.98158E-05 9.98158E-05 0.00189847 9.98158E-05 0.162165 9.98158E-05 9.98158E-05 9.98158E-05 0.66473 9.98158E-05 9.98158E-05 9.98158E-05 9.98158E-05 9.98158E-05
0.0292539 9.98155E-05 9.98155E-05 0.12064 9.98155E-05 0.595288 9.98155E-05 9.98155E-05 0.0393447 9.98155E-05 9.98155E-05 9.98155E-05 9.98155E-05 9.98155E-05 9.98155E-05 9.98155E-05 0.213377 9.98155E-05 9.98155E-05 9.98155E-05 9.98155E-05 9.98155E-05 9.98155E-05 9.98155E-05 9.98155E-05 9.98155E-05
0.147412 9.98071E-05 9.98071E-05 9.98071E-05 9.98071E-05 0.187108 9.98071E-05 9.98071E-05 0.220912 9.98071E-05 9.98071E-05 9.98071E-05 9.98071E-05 9.98071E-05 9.98071E-05 9.98071E-05 0.442373 9.98071E-05 9.98071E-05 9.98071E-05 9.98071E-05 9.98071E-05 9.98071E-05 9.98071E-05 9.98071E-05 9.98071E-05
0.0792241 9.98246E-05 9.98246E-05 9.98246E-05 9.98246E-05 0.183328 9.98246E-05 9.98246E-05 9.98246E-05 9.98246E-05 9.98246E-05 0.120855 9.98246E-05 0.000448475 9.98246E-05 9.98246E-05 0.518452 9.98246E-05 9.98246E-05 9.98246E-05 0.0956957 9.98246E-05 9.98246E-05 9.98246E-05 9.98246E-05 9.98246E-05
0.133053 9.98246E-05 9.98246E-05 9.98246E-05 9.98246E-05 0.769206 9.98246E-05 9.98246E-05 0.0111627 9.98246E-05 0.000165701 9.98246E-05 9.98246E-05 9.98246E-05 9.98246E-05 9.98246E-05 9.98246E-05 9.98246E-05 9.98246E-05 9.98246E-05 9.98246E-05 0.0577631 9.98246E-05 0.0266531 9.98246E-05 9.98246E-05
0.00462896 9.98069E-05 9.98069E-05 9.98069E-05 9.98069E-05 0.844331 9.98069E-05 9.98069E-05 9.98069E-05 9.98069E-05 9.98069E-05 9.98069E-05 9.98069E-05 0.114009 9.98069E-05 9.98069E-05 0.0348356 9.98069E-05 9.98069E-05 9.98069E-05 9.98069E-05 9.98069E-05 9.98069E-05 9.98069E-05 9.98069E-05 9.98069E-05
0.124033 9.98244E-05 9.98244E-05 9.98244E-05 9.98244E-05 0.0726088 9.98244E-05 9.98244E-05 0.274307 9.98244E-05 9.98244E-05 0.129394 9.98244E-05 0.116836 9.98244E-05 9.98244E-05 0.280825 9.98244E-05 9.98244E-05 9.98244E-05 9.98244E-05 9.98244E-05 9.98244E-05 9.98244E-05 9.98244E-05 9.98244E-05
0.0470112 9.98157E-05 9.98157E-05 9.98157E-05 9.98157E-05 0.801524 0.0527372 9.98157E-05 0.026913 9.98157E-05 9.98157E-05 9.98157E-05 9.98157E-05 9.98157E-05 9.98157E-05 9.98157E-05 0.0697186 9.98157E-05 9.98157E-05 9.98157E-05 9.98157E-05 9.98157E-05 9.98157E-05 9.98157E-05 9.98157E-05 9.98157E-05
9.97807E-05 9.97807E-05 9.97807E-05 9.97807E-05 9.97807E-05 0.997505 9.97807E-05 9.97807E-05 9.97807E-05 9.97807E-05 9.97807E-05 9.97807E-05 9.97807E-05 9.97807E-05 9.97807E-05 9.97807E-05 9.97807E-05 9.97807E-05 9.97807E-05 9.97807E-05 9.97807E-05 9.97807E-05 9.97807E-05 9.97807E-05 9.97807E-05 9.97807E-05
9.98332E-05 0.0400665 9.98332E-05 9.98332E-05 0.195349 0.211649 9.98332E-05 9.98332E-05 0.023209 9.98332E-05 0.0332316 9.98332E-05 0.151197 9.98332E-05 9.98332E-05 9.98332E-05 0.3434 9.98332E-05 9.98332E-05 9.98332E-05 9.98332E-05 9.98332E-05 9.98332E-05 9.98332E-05 9.98332E-05 9.98332E-05
0.184683 9.98156E-05 9.98156E-05 9.98156E-05 9.98156E-05 0.299883 9.98156E-05 0.056447 0.0520017 9.98156E-05 9.98156E-05 9.98156E-05 9.98156E-05 9.98156E-05 9.98156E-05 9.98156E-05 0.40489 9.98156E-05 9.98156E-05 9.98156E-05 9.98156E-05 9.98156E-05 9.98156E-05 9.98156E-05 9.98156E-05 9.98156E-05
9.98069E-05 9.98069E-05 9.98069E-05 9.98069E-05 0.755652 9.98069E-05 9.98069E-05 9.98069E-05 0.0374123 9.98069E-05 9.98069E-05 0.0086286 9.98069E-05 9.98069E-05 9.98069E-05 9.98069E-05 0.196112 9.98069E-05 9.98069E-05 9.98069E-05 9.98069E-05 9.98069E-05 9.98069E-05 9.98069E-05 9.98069E-05 9.98069E-05
0.0483353 9.98073E-05 9.98073E-05 9.98073E-05 0.291055 0.0910062 9.98073E-05 9.98073E-05 9.98073E-05 9.98073E-05 9.98073E-05 9.98073E-05 9.98073E-05 9.98073E-05 9.98073E-05 9.98073E-05 0.567408 9.98073E-05 9.98073E-05 9.98073E-05 9.98073E-05 9.98073E-05 9.98073E-05 9.98073E-05 9.98073E-05 9.98073E-05
9.97984E-05 9.97984E-05 9.97984E-05 9.97984E-05 9.97984E-05 0.685542 9.97984E-05 9.97984E-05 9.97984E-05 9.97984E-05 9.97984E-05 0.0799442 9.97984E-05 9.97984E-05 9.97984E-05 9.97984E-05 9.97984E-05 9.97984E-05 9.97984E-05 9.97984E-05 0.232219 9.97984E-05 9.97984E-05 9.97984E-05 9.97984E-05 9.97984E-05
9.98159E-05 9.98159E-05 9.98159E-05 9.98159E-05 0.566552 0.100472 9.98159E-05 9.98159E-05 9.98159E-05 9.98159E-05 9.98159E-05 9.98159E-05 9.98159E-05 0.0224826 9.98159E-05 9.98159E-05 0.271728 9.98159E-05 9.98159E-05 9.98159E-05 9.98159E-05 9.98159E-05 0.0366685 9.98159E-05 9.98159E-05 9.98159E-05
0.208821 9.98244E-05 9.98244E-05 9.98244E-05 9.98244E-05 0.119142 9.98244E-05 9.98244E-05 0.0606926 9.98244E-05 9.98244E-05 9.98244E-05 9.98244E-05 9.98244E-05 9.98244E-05 9.98244E-05 0.378768 9.98244E-05 9.98244E-05 9.98244E-05 9.98244E-05 9.98244E-05 9.98244E-05 0.143826 9.98244E-05 0.0867538
9.98159E-05 9.98159E-05 9.98159E-05 9.98159E-05 9.98159E-05 0.32241 9.98159E-05 9.98159E-05 0.0843214 9.98159E-05 9.98159E-05 0.073708 0.00378993 9.98159E-05 9.98159E-05 9.98159E-05 0.513675 9.98159E-05 9.98159E-05 9.98159E-05 9.98159E-05 9.98159E-05 9.98159E-05 9.98159E-05 9.98159E-05 9.98159E-05
0.0377885 9.98246E-05 9.98246E-05 9.98246E-05 0.129863 9.98246E-05 9.98246E-05 9.98246E-05 0.102732 9.98246E-05 9.98246E-05 9.98246E-05 9.98246E-05 0.0580672 9.98246E-05 9.98246E-05 0.190013 9.98246E-05 9.98246E-05 9.98246E-05 0.47954 9.98246E-05 9.98246E-05 9.98246E-05 9.98246E-05 9.98246E-05
9.98072E-05 9.98072E-05 9.98072E-05 9.98072E-05 0.161343 0.575776 9.98072E-05 9.98072E-05 9.98072E-05 9.98072E-05 9.98072E-05 9.98072E-05 9.98072E-05 9.98072E-05 9.98072E-05 9.98072E-05 9.98072E-05 9.98072E-05 9.98072E-05 9.98072E-05 0.237377 9.98072E-05 9.98072E-05 9.98072E-05 0.0233081 9.98072E-05
