9.99649E-05 9.99649E-05 9.99649E-05 0.0400058 0.0934319 0.216546 0.360194 0.117637 0.00693775 9.99649E-05 0.164847
9.99385E-05 9.99385E-05 9.99385E-05 9.99385E-05 0.141931 0.10844 0.666274 9.99385E-05 9.99385E-05 9.99385E-05 0.0826549
9.99473E-05 9.99473E-05 0.0103929 9.99473E-05 9.99473E-05 0.137215 0.818541 0.0022589 9.99473E-05 9.99473E-05 0.0309926
0.00351157 0.0309619 0.414805 9.99824E-05 0.0331289 0.0885058 0.260228 0.0560251 9.99824E-05 0.0209877 0.0916457
9.99298E-05 9.99298E-05 0.110047 9.99298E-05 9.99298E-05 9.99298E-05 0.792999 9.99298E-05 9.99298E-05 0.0961545 9.99298E-05
9.99649E-05 9.99649E-05 0.360146 9.99649E-05 0.120178 0.003242 0.243843 0.00982322 9.99649E-05 0.157311 0.105056
9.99649E-05 9.99649E-05 0.182787 9.99649E-05 0.124068 0.0566334 0.268223 0.121993 0.0555082 9.99649E-05 0.190389
9.99649E-05 9.99649E-05 0.250886 0.0157323 9.99649E-05 9.99649E-05 0.205604 0.0237169 0.0853502 0.169969 0.248342
9.99561E-05 0.0447262 0.119065 9.99561E-05 9.99561E-05 0.27714 0.216156 9.99561E-05 9.99561E-05 0.267555 0.0748571
9.99297E-05 9.99297E-05 9.99297E-05 0.0211405 9.99297E-05 0.12914 0.84892 9.99297E-05 9.99297E-05 9.99297E-05 9.99297E-05
9.99473E-05 9.99473E-05 9.99473E-05 9.99473E-05 9.99473E-05 0.229699 0.494972 0.145931 9.99473E-05 0.020715 0.108083
9.99297E-05 9.99297E-05 0.10995 9.99297E-05 9.99297E-05 0.0684839 0.820766 9.99297E-05 9.99297E-05 9.99297E-05 9.99297E-05
9.99385E-05 9.99385E-05 9.99385E-05 9.99385E-05 9.99385E-05 0.0580506 0.701043 9.99385E-05 9.99385E-05 0.0197211 0.220486
0.156002 9.99561E-05 9.99561E-05 9.99561E-05 9.99561E-05 0.0805937 0.624136 0.0632061 0.0551698 9.99561E-05 0.0203927
0.056366 0.0208807 0.00186307 9.99649E-05 9.99649E-05 0.215506 0.314566 9.99649E-05 9.99649E-05 0.190812 0.199606
9.99561E-05 9.99561E-05 0.145327 9.99561E-05 9.99561E-05 0.142134 0.236542 9.99561E-05 0.105448 0.209057 0.160992
0.0170322 0.00383456 0.155251 9.99737E-05 0.111289 0.0581598 0.597289 0.00702964 0.0498143 9.99737E-05 9.99737E-05
9.99561E-05 0.102297 9.99561E-05 0.181989 9.99561E-05 0.182634 0.173026 9.99561E-05 9.99561E-05 0.100257 0.259298
9.99736E-05 0.0337982 0.0398077 0.0303886 9.99736E-05 0.197094 0.313538 0.0123517 9.99736E-05 0.16718 0.205543
9.99298E-05 0.0121104 9.99298E-05 9.99298E-05 9.99298E-05 0.150522 0.836568 9.99298E-05 9.99298E-05 9.99298E-05 9.99298E-05
9.99473E-05 9.99473E-05 0.305158 9.99473E-05 9.99473E-05 0.0826656 0.420994 0.0831278 9.99473E-05 0.107455 9.99473E-05
9.99386E-05 9.99386E-05 0.239859 9.99386E-05 9.99386E-05 9.99386E-05 0.173811 9.99386E-05 9.99386E-05 0.158023 0.427608
9.99473E-05 9.99473E-05 9.99473E-05 0.0117119 9.99473E-05 0.173789 0.681702 0.0834504 9.99473E-05 9.99473E-05 0.0487472
9.99298E-05 9.99298E-05 9.99298E-05 9.99298E-05 9.99298E-05 0.309864 0.321673 9.99298E-05 9.99298E-05 9.99298E-05 0.367663
0.00963927 0.135653 9.99648E-05 9.99648E-05 9.99648E-05 0.319337 0.236081 0.0342818 9.99648E-05 0.0955071 0.169101
0.0247687 9.99561E-05 0.0777228 9.99561E-05 9.99561E-05 0.123628 0.67232 9.99561E-05 9.99561E-05 0.0342123 0.0668486
0.15254 9.99473E-05 9.99473E-05 0.148463 9.99473E-05 0.160551 9.99473E-05 9.99473E-05 0.0393816 9.99473E-05 0.498464
9.99385E-05 9.99385E-05 0.0824377 9.99385E-05 9.99385E-05 0.0873921 0.682877 9.99385E-05 9.99385E-05 9.99385E-05 0.146593
9.99385E-05 0.0474274 9.99385E-05 9.99385E-05 9.99385E-05 0.287195 0.561887 9.99385E-05 9.99385E-05 9.99385E-05 0.102792
0.0427116 9.99473E-05 9.99473E-05 9.99473E-05 9.99473E-05 0.100303 0.782452 0.0109769 9.99473E-05 0.0629569 9.99473E-05
9.99561E-05 0.0868205 9.99561E-05 9.99561E-05 9.99561E-05 0.1124 0.577351 0.0597101 9.99561E-05 0.0177311 0.145488
0.153533 9.99649E-05 0.0962234 9.99649E-05 9.99649E-05 0.112923 0.498474 0.0641565 9.99649E-05 0.00235874 0.0719315
9.99473E-05 9.99473E-05 9.99473E-05 9.99473E-05 9.99473E-05 0.151735 0.544621 0.173792 0.0211037 9.99473E-05 0.108149
0.12949 0.034694 0.0344555 0.0123263 9.99736E-05 0.193437 0.389038 9.99736E-05 0.0181674 9.99736E-05 0.188093
9.99561E-05 0.0495153 9.99561E-05 0.0436792 9.99561E-05 0.00816672 0.794872 0.0981897 9.99561E-05 9.99561E-05 0.00507761
9.99737E-05 0.0269736 0.0547644 9.99737E-05 0.0154041 0.0404526 0.676921 0.0240042 9.99737E-05 0.026445 0.134735
9.99298E-05 9.99298E-05 9.99298E-05 9.99298E-05 9.99298E-05 9.99298E-05 0.783043 0.0307545 0.185403 9.99298E-05 9.99298E-05
9.99561E-05 0.0852144 9.99561E-05 9.99561E-05 0.0813236 0.0587811 0.520729 0.0168823 9.99561E-05 0.23657 9.99561E-05
0.109239 0.0310841 0.0460347 9.99824E-05 0.0692478 0.176444 0.50872 0.0356631 9.99824E-05 0.00644095 0.0169267
0.0893083 9.99561E-05 9.99561E-05 9.99561E-05 9.99561E-05 0.203406 0.427373 0.0463221 0.168349 9.99561E-05 0.0647423
9.99561E-05 9.99561E-05 0.091032 9.99561E-05 9.99561E-05 0.0265343 0.712399 0.0443126 9.99561E-05 0.053078 0.0721442
9.99386E-05 9.99386E-05 9.99386E-05 9.99386E-05 9.99386E-05 0.10252 0.5985 9.99386E-05 9.99386E-05 0.0161253 0.282155
0.0514724 9.99561E-05 0.0406693 0.0262448 0.0808423 9.99561E-05 0.676133 9.99561E-05 9.99561E-05 9.99561E-05 0.124139
9.99386E-05 9.99386E-05 9.99386E-05 9.99386E-05 9.99386E-05 0.320707 0.410426 9.99386E-05 9.99386E-05 0.105413 0.162754
9.99386E-05 9.99386E-05 0.16775 9.99386E-05 9.99386E-05 0.213827 0.19224 9.99386E-05 9.99386E-05 9.99386E-05 0.425484
9.99473E-05 0.0698309 0.0414743 9.99473E-05 9.99473E-05 0.0817029 0.719688 9.99473E-05 9.99473E-05 9.99473E-05 0.0867045
9.99473E-05 9.99473E-05 9.99473E-05 0.0483256 9.99473E-05 0.12576 0.706157 0.0765617 9.99473E-05 0.0425956 9.99473E-05
9.99297E-05 9.99297E-05 9.99297E-05 9.99297E-05 9.99297E-05 0.0711917 0.889365 9.99297E-05 0.0386437 9.99297E-05 9.99297E-05
9.99473E-05 9.99473E-05 0.100947 9.99473E-05 9.99473E-05 0.148385 0.602988 0.0154772 9.99473E-05 9.99473E-05 0.131603
9.9965E-05 0.000424501 9.9965E-05 9.9965E-05 0.0093274 0.0101129 0.713505 0.00307735 0.205891 0.0572621 9.9965E-05
0.0602671 9.99737E-05 0.0506652 0.0163535 9.99737E-05 0.276168 0.291643 0.186819 9.99737E-05 0.0640239 0.0537599
9.99473E-05 0.0020281 0.190292 9.99473E-05 9.99473E-05 9.99473E-05 0.511744 9.99473E-05 0.0117901 9.99473E-05 0.283546
9.99561E-05 9.99561E-05 9.99561E-05 0.0924917 0.0246083 0.0416544 0.804856 9.99561E-05 9.99561E-05 0.0194762 0.0164132
9.99474E-05 0.0159718 9.99474E-05 9.99474E-05 9.99474E-05 0.13895 0.603354 9.99474E-05 0.23316 0.00796461 9.99474E-05
9.99474E-05 0.0927171 0.107095 9.99474E-05 9.99474E-05 0.0563251 0.730018 9.99474E-05 0.013246 9.99474E-05 9.99474E-05
0.0206813 0.176584 9.99386E-05 9.99386E-05 9.99386E-05 9.99386E-05 0.708782 0.0932525 9.99386E-05 9.99386E-05 9.99386E-05
9.99561E-05 9.99561E-05 0.162115 0.105961 9.99561E-05 0.0185869 0.682331 9.99561E-05 9.99561E-05 0.0246565 0.00584988
9.99561E-05 9.99561E-05 0.124382 0.00785096 9.99561E-05 0.0660608 0.699808 0.0924572 9.99561E-05 9.99561E-05 0.00894072
9.99561E-05 9.99561E-05 0.0304847 9.99561E-05 9.99561E-05 0.0578663 0.835839 0.0411653 9.99561E-05 0.019138 0.0150073
9.99649E-05 9.99649E-05 9.99649E-05 0.0661695 0.249673 0.288021 0.0166629 0.0400862 9.99649E-05 0.0319823 0.307006
9.99562E-05 9.99562E-05 9.99562E-05 0.00648438 0.295578 0.0421233 0.205246 9.99562E-05 0.0891303 9.99562E-05 0.360938
9.99561E-05 9.99561E-05 9.99561E-05 0.0800109 0.293148 0.117747 0.273688 9.99561E-05 0.175815 9.99561E-05 0.0590919
0.0617837 9.99649E-05 9.99649E-05 0.0894286 0.435922 0.127631 9.99649E-05 0.0573578 9.99649E-05 0.225527 0.00194963
9.99824E-05 0.0502185 0.177788 0.00277312 0.101844 0.215955 0.0142559 9.99824E-05 0.00124663 0.0905674 0.345151
9.99561E-05 9.99561E-05 9.99561E-05 0.0100072 0.0806045 0.355389 9.99561E-05 0.0452595 9.99561E-05 0.034949 0.473291
9.99561E-05 0.00610555 9.99561E-05 0.0622886 0.51064 0.334103 9.99561E-05 0.0595452 9.99561E-05 9.99561E-05 0.0268172
9.99561E-05 9.99561E-05 9.99561E-05 0.227672 0.260162 0.26868 9.99561E-05 0.00377613 9.99561E-05 0.0720034 0.167206
0.0397441 9.99562E-05 9.99562E-05 0.0725795 0.328117 0.128989 0.0389023 9.99562E-05 9.99562E-05 9.99562E-05 0.391168
9.99561E-05 9.99561E-05 0.144591 9.99561E-05 0.259088 0.0737423 0.162709 0.0796825 9.99561E-05 9.99561E-05 0.279687
9.99561E-05 9.99561E-05 9.99561E-05 0.0351114 0.0346655 0.465024 9.99561E-05 0.24011 9.99561E-05 0.072031 0.152558
9.99649E-05 9.99649E-05 0.126509 9.99649E-05 0.280775 0.0308342 9.99649E-05 0.0981215 0.119218 0.0380457 0.306097
9.99649E-05 9.99649E-05 0.127921 9.99649E-05 0.135937 0.112351 9.99649E-05 0.16509 0.0768471 0.216255 0.165199
9.99473E-05 9.99473E-05 0.0275285 9.99473E-05 0.206402 0.345008 9.99473E-05 9.99473E-05 0.0123545 9.99473E-05 0.408108
0.0668112 9.9965E-05 9.9965E-05 9.9965E-05 0.202293 0.0820566 0.193354 0.056081 0.107429 9.9965E-05 0.291575
9.99562E-05 9.99562E-05 9.99562E-05 9.99562E-05 0.25823 0.231122 0.0898125 0.145447 9.99562E-05 0.0686078 0.206281
9.99561E-05 9.99561E-05 0.152998 0.155481 0.224999 0.151297 9.99561E-05 9.99561E-05 0.0603499 9.99561E-05 0.254375
9.99649E-05 9.99649E-05 0.0349389 0.124276 0.0580692 0.0482108 9.99649E-05 0.127857 9.99649E-05 0.0920313 0.514217
9.99561E-05 9.99561E-05 9.99561E-05 0.121506 0.159429 0.227679 0.142293 0.0789568 9.99561E-05 9.99561E-05 0.269637
9.99561E-05 9.99561E-05 9.99561E-05 0.0368948 0.0743887 0.363365 9.99561E-05 0.0535877 0.18284 9.99561E-05 0.288424
0.0177089 9.99737E-05 9.99737E-05 0.0313993 0.289907 0.181233 0.237833 0.0107268 0.0851401 9.99737E-05 0.145752
9.99473E-05 9.99473E-05 9.99473E-05 0.0907312 0.126942 0.176283 9.99473E-05 9.99473E-05 0.0418074 9.99473E-05 0.563637
0.129587 9.99562E-05 9.99562E-05 0.0675429 0.270139 0.130524 0.148439 9.99562E-05 9.99562E-05 9.99562E-05 0.253269
9.99824E-05 9.99824E-05 0.162834 0.161229 0.0702163 0.175702 0.128143 0.0198454 0.0131651 0.0844579 0.184207
9.99561E-05 9.99561E-05 0.000267602 9.99561E-05 0.0195784 0.228847 0.179038 0.254739 9.99561E-05 9.99561E-05 0.317031
9.99562E-05 0.0711313 9.99562E-05 9.99562E-05 0.293894 0.150316 0.332341 9.99562E-05 9.99562E-05 0.0504537 0.101364
0.0398302 9.99649E-05 9.99649E-05 0.118388 0.150213 0.0402394 0.232164 9.99649E-05 0.00449569 9.99649E-05 0.41427
9.9965E-05 0.0137679 9.9965E-05 0.0469491 0.275044 0.226837 0.102854 9.9965E-05 0.0516063 9.9965E-05 0.282542
9.99562E-05 9.99562E-05 9.99562E-05 0.174435 0.0776872 0.162552 0.207 9.99562E-05 9.99562E-05 0.0913533 0.286472
0.0804708 9.99737E-05 9.99737E-05 0.039381 0.282753 0.228446 0.160804 9.99737E-05 0.0461184 0.105032 0.0566954
0.585366 9.99297E-05 9.99297E-05 9.99297E-05 9.99297E-05 0.226584 9.99297E-05 9.99297E-05 9.99297E-05 0.187251 9.99297E-05
0.888558 9.99386E-05 9.99386E-05 9.99386E-05 9.99386E-05 0.0587242 0.000636492 9.99386E-05 9.99386E-05 0.051382 9.99386E-05
0.519889 9.99561E-05 9.99561E-05 0.0245603 9.99561E-05 0.279819 9.99561E-05 0.0867638 9.99561E-05 0.0851471 0.00332077
0.489405 9.99472E-05 9.99472E-05 0.0293092 9.99472E-05 0.267544 9.99472E-05 0.0602311 9.99472E-05 0.152911 9.99472E-05
0.58826 0.0449215 9.9956E-05 0.0295823 9.9956E-05 0.102443 9.9956E-05 9.9956E-05 0.0154236 0.218869 9.9956E-05
0.527973 0.00784517 0.03249 9.99473E-05 9.99473E-05 0.265595 9.99473E-05 9.99473E-05 9.99473E-05 0.165497 9.99473E-05
0.546109 9.9956E-05 9.9956E-05 0.0104821 9.9956E-05 0.164261 9.9956E-05 0.0605371 9.9956E-05 0.150153 0.0679586
0.512256 9.99297E-05 9.99297E-05 9.99297E-05 9.99297E-05 0.139194 9.99297E-05 9.99297E-05 9.99297E-05 0.347751 9.99297E-05
0.107852 9.9956E-05 9.9956E-05 9.9956E-05 0.246233 0.0951158 9.9956E-05 0.0607232 9.9956E-05 0.427884 0.0616927
0.332749 9.99385E-05 9.99385E-05 9.99385E-05 9.99385E-05 0.342448 9.99385E-05 9.99385E-05 9.99385E-05 0.291683 0.0324213
0.713368 9.99385E-05 9.99385E-05 9.99385E-05 0.210099 9.99385E-05 9.99385E-05 0.0602274 9.99385E-05 0.0156055 9.99385E-05
0.695168 0.0108334 9.99473E-05 9.99473E-05 0.108779 0.107108 9.99473E-05 0.0775121 9.99473E-05 9.99473E-05 9.99473E-05
0.865826 9.99297E-05 9.99297E-05 9.99297E-05 9.99297E-05 9.99297E-05 9.99297E-05 9.99297E-05 9.99297E-05 0.116437 0.0169368
0.525518 9.99298E-05 9.99298E-05 9.99298E-05 9.99298E-05 0.29383 9.99298E-05 9.99298E-05 9.99298E-05 0.179852 9.99298E-05
0.653176 9.99561E-05 9.99561E-05 0.135364 9.99561E-05 0.0311213 9.99561E-05 0.0477809 0.0416198 0.0904382 9.99561E-05
0.431415 0.0128727 9.99648E-05 9.99648E-05 0.0566921 0.285773 9.99648E-05 0.106246 0.00602871 0.100572 9.99648E-05
0.4857 0.0673369 9.99472E-05 9.99472E-05 0.151257 0.1908 9.99472E-05 9.99472E-05 9.99472E-05 0.104306 9.99472E-05
0.55569 9.99561E-05 0.0676062 9.99561E-05 9.99561E-05 9.99561E-05 9.99561E-05 0.0350645 0.0218975 0.170351 0.148891
0.799772 9.99297E-05 9.99297E-05 9.99297E-05 9.99297E-05 9.99297E-05 9.99297E-05 0.0951314 9.99297E-05 0.104297 9.99297E-05
0.552511 0.134624 9.99561E-05 9.99561E-05 9.99561E-05 0.137657 9.99561E-05 0.0447325 0.0218916 0.108085 9.99561E-05
0.54232 9.99736E-05 0.0281803 0.0196869 0.104076 0.190411 9.99736E-05 0.0160922 0.0112286 0.0877054 9.99736E-05
0.677575 9.99472E-05 9.99472E-05 0.0330928 9.99472E-05 0.161334 9.99472E-05 0.0836693 9.99472E-05 0.04373 9.99472E-05
0.213916 0.0879378 0.00638874 9.99561E-05 0.0590589 0.316618 9.99561E-05 9.99561E-05 9.99561E-05 0.315581 9.99561E-05
0.662133 0.111655 9.99298E-05 9.99298E-05 9.99298E-05 9.99298E-05 9.99298E-05 9.99298E-05 9.99298E-05 0.225412 9.99298E-05
0.206278 0.109528 0.0607291 9.99649E-05 0.0660855 0.305895 9.99649E-05 0.000885881 9.99649E-05 0.250198 9.99649E-05
0.534203 9.99561E-05 9.99561E-05 0.003272 0.100846 0.184109 9.99561E-05 9.99561E-05 9.99561E-05 0.161185 0.0158847
0.851805 0.0516695 9.99386E-05 9.99386E-05 9.99386E-05 0.0481587 0.047667 9.99386E-05 9.99386E-05 9.99386E-05 9.99386E-05
0.459409 0.0318919 0.0456934 9.99648E-05 9.99648E-05 0.265075 9.99648E-05 0.0207137 9.99648E-05 0.152502 0.0243151
0.335235 0.00690668 9.99473E-05 9.99473E-05 0.000714586 0.320158 9.99473E-05 9.99473E-05 9.99473E-05 0.336387 9.99473E-05
0.610227 0.0374969 9.99473E-05 9.99473E-05 9.99473E-05 0.188304 9.99473E-05 0.125736 9.99473E-05 0.0376364 9.99473E-05
0.531186 9.99385E-05 9.99385E-05 9.99385E-05 9.99385E-05 0.292328 9.99385E-05 0.0770832 9.99385E-05 0.0987035 9.99385E-05
0.686153 0.0879105 9.99385E-05 9.99385E-05 9.99385E-05 0.161147 9.99385E-05 9.99385E-05 0.06409 9.99385E-05 9.99385E-05
0.191302 0.212071 9.99472E-05 9.99472E-05 9.99472E-05 0.224958 9.99472E-05 0.0360293 9.99472E-05 0.335041 9.99472E-05
0.520719 0.0164109 9.99472E-05 9.99472E-05 9.99472E-05 0.160173 9.99472E-05 9.99472E-05 9.99472E-05 0.0967167 0.205381
0.743714 9.99385E-05 9.99385E-05 9.99385E-05 9.99385E-05 0.133223 9.99385E-05 9.99385E-05 9.99385E-05 0.101422 0.0209419
0.638322 0.0143454 9.9956E-05 9.9956E-05 9.9956E-05 9.9956E-05 9.9956E-05 0.0137289 0.094019 0.159277 0.0798072
0.393583 9.99472E-05 9.99472E-05 0.0478286 9.99472E-05 0.330179 9.99472E-05 0.096736 9.99472E-05 0.131074 9.99472E-05
0.938382 9.9921E-05 9.9921E-05 9.9921E-05 9.9921E-05 9.9921E-05 9.9921E-05 9.9921E-05 9.9921E-05 0.0607182 9.9921E-05
0.720535 0.0772209 9.99473E-05 9.99473E-05 9.99473E-05 0.109624 9.99473E-05 0.0209098 9.99473E-05 0.0711103 9.99473E-05
0.963409 0.00283696 9.99386E-05 9.99386E-05 9.99386E-05 0.01308 9.99386E-05 9.99386E-05 9.99386E-05 0.0199744 9.99386E-05
0.776827 0.0668886 9.99387E-05 9.99387E-05 0.110642 9.99387E-05 9.99387E-05 9.99387E-05 9.99387E-05 0.0449424 9.99387E-05
0.265399 9.99561E-05 0.0501132 9.99561E-05 0.108664 0.352222 9.99561E-05 0.02733 9.99561E-05 0.195772 9.99561E-05
0.602044 9.99385E-05 0.0661277 9.99385E-05 9.99385E-05 9.99385E-05 9.99385E-05 9.99385E-05 9.99385E-05 0.189037 0.142092
0.788829 0.00101918 9.99387E-05 9.99387E-05 9.99387E-05 0.13804 9.99387E-05 9.99387E-05 9.99387E-05 0.071412 9.99387E-05
0.913879 9.99298E-05 9.99298E-05 9.99298E-05 9.99298E-05 0.0628626 0.0224592 9.99298E-05 9.99298E-05 9.99298E-05 9.99298E-05
0.150993 0.167701 9.99824E-05 0.0135346 0.182159 0.0893622 9.99824E-05 0.0311509 0.0277707 0.309941 0.0271868
0.529584 9.99561E-05 9.99561E-05 9.99561E-05 9.99561E-05 0.188975 9.99561E-05 0.0743474 0.00352565 0.191705 0.0113628
0.415644 9.99561E-05 9.99561E-05 9.99561E-05 0.128383 0.0875098 9.99561E-05 9.99561E-05 0.0831335 0.194681 0.0901487
0.231906 0.00944089 9.99561E-05 9.99561E-05 9.99561E-05 0.299275 9.99561E-05 0.0139646 9.99561E-05 0.334014 0.1109
0.97142 9.9921E-05 9.9921E-05 9.9921E-05 9.9921E-05 0.0276804 9.9921E-05 9.9921E-05 9.9921E-05 9.9921E-05 9.9921E-05
0.349489 9.99648E-05 0.142321 9.99648E-05 9.99648E-05 0.241953 9.99648E-05 0.120418 0.010148 0.0318027 0.103468
0.743015 9.99299E-05 9.99299E-05 9.99299E-05 0.163146 9.99299E-05 9.99299E-05 9.99299E-05 9.99299E-05 0.0930393 9.99299E-05
0.643129 0.0579391 9.99474E-05 9.99474E-05 9.99474E-05 0.10663 9.99474E-05 0.0560839 9.99474E-05 0.135618 9.99474E-05
0.555351 9.99648E-05 0.0645153 9.99648E-05 0.0465418 0.0698111 9.99648E-05 9.99648E-05 0.00667586 0.206953 0.0497528
0.648536 0.0587881 9.9956E-05 9.9956E-05 9.9956E-05 0.0754374 9.9956E-05 0.128018 9.9956E-05 0.0288134 0.0599072
0.24223 0.0364879 9.9956E-05 9.9956E-05 0.0515386 0.418621 9.9956E-05 9.9956E-05 9.9956E-05 0.234756 0.0158676
0.515669 9.99297E-05 9.99297E-05 9.99297E-05 9.99297E-05 0.243047 9.99297E-05 9.99297E-05 9.99297E-05 0.240484 9.99297E-05
0.534059 9.99472E-05 9.99472E-05 9.99472E-05 9.99472E-05 0.108213 9.99472E-05 0.107772 0.103241 0.146115 9.99472E-05
0.730526 0.145432 9.99298E-05 9.99298E-05 9.99298E-05 0.123242 9.99298E-05 9.99298E-05 9.99298E-05 9.99298E-05 9.99298E-05
0.635838 9.99385E-05 9.99385E-05 9.99385E-05 0.045418 0.0823149 9.99385E-05 9.99385E-05 9.99385E-05 0.23573 9.99385E-05
9.9912E-05 9.9912E-05 9.9912E-05 9.9912E-05 9.9912E-05 0.999001 9.9912E-05 9.9912E-05 9.9912E-05 9.9912E-05 9.9912E-05
9.9912E-05 9.9912E-05 9.9912E-05 9.9912E-05 9.9912E-05 9.9912E-05 9.9912E-05 9.9912E-05 9.9912E-05 0.999001 9.9912E-05
9.9912E-05 9.9912E-05 9.9912E-05 9.9912E-05 9.9912E-05 0.999001 9.9912E-05 9.9912E-05 9.9912E-05 9.9912E-05 9.9912E-05
9.9912E-05 9.9912E-05 9.9912E-05 9.9912E-05 9.9912E-05 9.9912E-05 9.9912E-05 9.9912E-05 9.9912E-05 0.999001 9.9912E-05
9.9912E-05 9.9912E-05 9.9912E-05 9.9912E-05 9.9912E-05 9.9912E-05 9.9912E-05 9.9912E-05 9.9912E-05 0.999001 9.9912E-05
9.9912E-05 9.9912E-05 9.9912E-05 9.9912E-05 9.9912E-05 9.9912E-05 9.9912E-05 9.9912E-05 9.9912E-05 0.999001 9.9912E-05
9.9912E-05 9.9912E-05 9.9912E-05 9.9912E-05 9.9912E-05 0.999001 9.9912E-05 9.9912E-05 9.9912E-05 9.9912E-05 9.9912E-05
9.9912E-05 9.9912E-05 9.9912E-05 9.9912E-05 9.9912E-05 9.9912E-05 9.9912E-05 9.9912E-05 9.9912E-05 0.999001 9.9912E-05
9.9912E-05 9.9912E-05 9.9912E-05 9.9912E-05 9.9912E-05 9.9912E-05 9.9912E-05 9.9912E-05 9.9912E-05 0.999001 9.9912E-05
9.9912E-05 9.9912E-05 9.9912E-05 9.9912E-05 9.9912E-05 0.999001 9.9912E-05 9.9912E-05 9.9912E-05 9.9912E-05 9.9912E-05
9.99119E-05 9.99119E-05 9.99119E-05 9.99119E-05 9.99119E-05 0.999001 9.99119E-05 9.99119E-05 9.99119E-05 9.99119E-05 9.99119E-05
9.9912E-05 9.9912E-05 9.9912E-05 9.9912E-05 9.9912E-05 0.999001 9.9912E-05 9.9912E-05 9.9912E-05 9.9912E-05 9.9912E-05
9.9912E-05 9.9912E-05 9.9912E-05 9.9912E-05 9.9912E-05 9.9912E-05 9.9912E-05 9.9912E-05 9.9912E-05 0.999001 9.9912E-05
9.9912E-05 9.9912E-05 9.9912E-05 9.9912E-05 9.9912E-05 9.9912E-05 9.9912E-05 9.9912E-05 9.9912E-05 0.999001 9.9912E-05
9.9912E-05 9.9912E-05 9.9912E-05 9.9912E-05 9.9912E-05 0.999001 9.9912E-05 9.9912E-05 9.9912E-05 9.9912E-05 9.9912E-05
9.9912E-05 9.9912E-05 9.9912E-05 9.9912E-05 9.9912E-05 0.999001 9.9912E-05 9.9912E-05 9.9912E-05 9.9912E-05 9.9912E-05
0.286023 0.0965564 0.0820686 0.0169998 0.105927 0.134617 9.99736E-05 9.99736E-05 0.0912385 0.18627 9.99736E-05
9.9912E-05 9.9912E-05 9.9912E-05 9.9912E-05 9.9912E-05 0.999001 9.9912E-05 9.9912E-05 9.9912E-05 9.9912E-05 9.9912E-05
9.9912E-05 9.9912E-05 9.9912E-05 9.9912E-05 9.9912E-05 9.9912E-05 9.9912E-05 9.9912E-05 9.9912E-05 0.999001 9.9912E-05
9.9912E-05 9.9912E-05 9.9912E-05 9.9912E-05 9.9912E-05 0.999001 9.9912E-05 9.9912E-05 9.9912E-05 9.9912E-05 9.9912E-05
9.99121E-05 9.99121E-05 9.99121E-05 9.99121E-05 9.99121E-05 0.999001 9.99121E-05 9.99121E-05 9.99121E-05 9.99121E-05 9.99121E-05
9.9912E-05 9.9912E-05 9.9912E-05 9.9912E-05 9.9912E-05 0.999001 9.9912E-05 9.9912E-05 9.9912E-05 9.9912E-05 9.9912E-05
9.9912E-05 9.9912E-05 9.9912E-05 9.9912E-05 9.9912E-05 9.9912E-05 9.9912E-05 9.9912E-05 9.9912E-05 0.999001 9.9912E-05
9.9912E-05 9.9912E-05 9.9912E-05 9.9912E-05 9.9912E-05 0.999001 9.9912E-05 9.9912E-05 9.9912E-05 9.9912E-05 9.9912E-05
9.9912E-05 9.9912E-05 9.9912E-05 9.9912E-05 9.9912E-05 9.9912E-05 9.9912E-05 9.9912E-05 9.9912E-05 0.999001 9.9912E-05
9.9912E-05 9.9912E-05 9.9912E-05 9.9912E-05 9.9912E-05 0.999001 9.9912E-05 9.9912E-05 9.9912E-05 9.9912E-05 9.9912E-05
9.9912E-05 9.9912E-05 9.9912E-05 9.9912E-05 9.9912E-05 0.999001 9.9912E-05 9.9912E-05 9.9912E-05 9.9912E-05 9.9912E-05
9.9912E-05 9.9912E-05 9.9912E-05 9.9912E-05 9.9912E-05 9.9912E-05 9.9912E-05 9.9912E-05 9.9912E-05 0.999001 9.9912E-05
9.9912E-05 9.9912E-05 9.9912E-05 9.9912E-05 9.9912E-05 9.9912E-05 9.9912E-05 9.9912E-05 9.9912E-05 0.999001 9.9912E-05
9.9912E-05 9.9912E-05 9.9912E-05 9.9912E-05 9.9912E-05 9.9912E-05 9.9912E-05 9.9912E-05 9.9912E-05 0.999001 9.9912E-05
9.9912E-05 9.9912E-05 9.9912E-05 9.9912E-05 9.9912E-05 0.999001 9.9912E-05 9.9912E-05 9.9912E-05 9.9912E-05 9.9912E-05
9.9912E-05 9.9912E-05 9.9912E-05 9.9912E-05 9.9912E-05 0.999001 9.9912E-05 9.9912E-05 9.9912E-05 9.9912E-05 9.9912E-05
9.9912E-05 9.9912E-05 9.9912E-05 9.9912E-05 9.9912E-05 0.999001 9.9912E-05 9.9912E-05 9.9912E-05 9.9912E-05 9.9912E-05
9.9912E-05 9.9912E-05 9.9912E-05 9.9912E-05 9.9912E-05 0.999001 9.9912E-05 9.9912E-05 9.9912E-05 9.9912E-05 9.9912E-05
9.99121E-05 9.99121E-05 9.99121E-05 9.99121E-05 9.99121E-05 0.999001 9.99121E-05 9.99121E-05 9.99121E-05 9.99121E-05 9.99121E-05
9.9912E-05 9.9912E-05 9.9912E-05 9.9912E-05 9.9912E-05 9.9912E-05 9.9912E-05 9.9912E-05 9.9912E-05 0.999001 9.9912E-05
9.9912E-05 9.9912E-05 9.9912E-05 9.9912E-05 9.9912E-05 9.9912E-05 9.9912E-05 9.9912E-05 9.9912E-05 0.999001 9.9912E-05
9.9912E-05 9.9912E-05 9.9912E-05 9.9912E-05 9.9912E-05 9.9912E-05 9.9912E-05 9.9912E-05 9.9912E-05 0.999001 9.9912E-05
9.9912E-05 9.9912E-05 9.9912E-05 9.9912E-05 9.9912E-05 0.999001 9.9912E-05 9.9912E-05 9.9912E-05 9.9912E-05 9.9912E-05
9.9912E-05 9.9912E-05 9.9912E-05 9.9912E-05 9.9912E-05 9.9912E-05 9.9912E-05 9.9912E-05 9.9912E-05 0.999001 9.9912E-05
9.9912E-05 9.9912E-05 9.9912E-05 9.9912E-05 9.9912E-05 9.9912E-05 9.9912E-05 9.9912E-05 9.9912E-05 0.999001 9.9912E-05
9.99121E-05 9.99121E-05 9.99121E-05 9.99121E-05 9.99121E-05 9.99121E-05 9.99121E-05 9.99121E-05 9.99121E-05 0.999001 9.99121E-05
9.9912E-05 9.9912E-05 9.9912E-05 9.9912E-05 9.9912E-05 9.9912E-05 9.9912E-05 9.9912E-05 9.9912E-05 0.999001 9.9912E-05
9.99119E-05 9.99119E-05 9.99119E-05 9.99119E-05 9.99119E-05 0.999001 9.99119E-05 9.99119E-05 9.99119E-05 9.99119E-05 9.99119E-05
9.9912E-05 9.9912E-05 9.9912E-05 9.9912E-05 9.9912E-05 9.9912E-05 9.9912E-05 9.9912E-05 9.9912E-05 0.999001 9.9912E-05
9.9912E-05 9.9912E-05 9.9912E-05 9.9912E-05 9.9912E-05 9.9912E-05 9.9912E-05 9.9912E-05 9.9912E-05 0.999001 9.9912E-05
0.3478 0.0689271 0.0730413 0.0965459 0.00207494 0.221922 9.99736E-05 9.99736E-05 0.0944735 0.0949152 9.99736E-05
9.9912E-05 9.9912E-05 9.9912E-05 9.9912E-05 9.9912E-05 0.999001 9.9912E-05 9.9912E-05 9.9912E-05 9.9912E-05 9.9912E-05
9.9912E-05 9.9912E-05 9.9912E-05 9.9912E-05 9.9912E-05 9.9912E-05 9.9912E-05 9.9912E-05 9.9912E-05 0.999001 9.9912E-05
9.9912E-05 9.9912E-05 9.9912E-05 9.9912E-05 9.9912E-05 9.9912E-05 9.9912E-05 9.9912E-05 9.9912E-05 0.999001 9.9912E-05
9.9912E-05 9.9912E-05 9.9912E-05 9.9912E-05 9.9912E-05 9.9912E-05 9.9912E-05 9.9912E-05 9.9912E-05 0.999001 9.9912E-05
9.9912E-05 9.9912E-05 9.9912E-05 9.9912E-05 9.9912E-05 9.9912E-05 9.9912E-05 9.9912E-05 9.9912E-05 0.999001 9.9912E-05
9.9912E-05 9.9912E-05 9.9912E-05 9.9912E-05 9.9912E-05 0.999001 9.9912E-05 9.9912E-05 9.9912E-05 9.9912E-05 9.9912E-05
9.9912E-05 9.9912E-05 9.9912E-05 9.9912E-05 9.9912E-05 9.9912E-05 9.9912E-05 9.9912E-05 9.9912E-05 0.999001 9.9912E-05
9.99119E-05 9.99119E-05 9.99119E-05 9.99119E-05 9.99119E-05 0.999001 9.99119E-05 9.99119E-05 9.99119E-05 9.99119E-05 9.99119E-05
9.9912E-05 9.9912E-05 9.9912E-05 9.9912E-05 9.9912E-05 9.9912E-05 9.9912E-05 9.9912E-05 9.9912E-05 0.999001 9.9912E-05
9.9912E-05 9.9912E-05 9.9912E-05 9.9912E-05 9.9912E-05 0.999001 9.9912E-05 9.9912E-05 9.9912E-05 9.9912E-05 9.9912E-05
9.9912E-05 9.9912E-05 9.9912E-05 9.9912E-05 9.9912E-05 9.9912E-05 9.9912E-05 9.9912E-05 9.9912E-05 0.999001 9.9912E-05
9.9912E-05 9.9912E-05 9.9912E-05 9.9912E-05 9.9912E-05 9.9912E-05 9.9912E-05 9.9912E-05 9.9912E-05 0.999001 9.9912E-05
9.9912E-05 9.9912E-05 9.9912E-05 9.9912E-05 9.9912E-05 9.9912E-05 9.9912E-05 9.9912E-05 9.9912E-05 0.999001 9.9912E-05
9.9912E-05 9.9912E-05 9.9912E-05 9.9912E-05 9.9912E-05 9.9912E-05 9.9912E-05 9.9912E-05 9.9912E-05 0.999001 9.9912E-05
9.99121E-05 9.99121E-05 9.99121E-05 9.99121E-05 9.99121E-05 9.99121E-05 9.99121E-05 9.99121E-05 9.99121E-05 0.999001 9.99121E-05
9.9912E-05 9.9912E-05 9.9912E-05 9.9912E-05 9.9912E-05 9.9912E-05 9.9912E-05 9.9912E-05 9.9912E-05 0.999001 9.9912E-05
9.9912E-05 9.9912E-05 9.9912E-05 9.9912E-05 9.9912E-05 0.999001 9.9912E-05 9.9912E-05 9.9912E-05 9.9912E-05 9.9912E-05
9.9912E-05 9.9912E-05 9.9912E-05 9.9912E-05 9.9912E-05 0.999001 9.9912E-05 9.9912E-05 9.9912E-05 9.9912E-05 9.9912E-05
9.9912E-05 9.9912E-05 9.9912E-05 9.9912E-05 9.9912E-05 0.999001 9.9912E-05 9.9912E-05 9.9912E-05 9.9912E-05 9.9912E-05
9.9912E-05 9.9912E-05 9.9912E-05 9.9912E-05 9.9912E-05 9.9912E-05 9.9912E-05 9.9912E-05 9.9912E-05 0.999001 9.9912E-05
9.99119E-05 9.99119E-05 9.99119E-05 9.99119E-05 9.99119E-05 0.999001 9.99119E-05 9.99119E-05 9.99119E-05 9.99119E-05 9.99119E-05
9.9912E-05 9.9912E-05 9.9912E-05 9.9912E-05 9.9912E-05 0.999001 9.9912E-05 9.9912E-05 9.9912E-05 9.9912E-05 9.9912E-05
9.9912E-05 9.9912E-05 9.9912E-05 9.9912E-05 9.9912E-05 0.999001 9.9912E-05 9.9912E-05 9.9912E-05 9.9912E-05 9.9912E-05
9.9912E-05 9.9912E-05 9.9912E-05 9.9912E-05 9.9912E-05 9.9912E-05 9.9912E-05 9.9912E-05 9.9912E-05 0.999001 9.9912E-05
9.9912E-05 9.9912E-05 9.9912E-05 9.9912E-05 9.9912E-05 9.9912E-05 9.9912E-05 9.9912E-05 9.9912E-05 0.999001 9.9912E-05
9.99121E-05 9.99121E-05 9.99121E-05 9.99121E-05 9.99121E-05 9.99121E-05 9.99121E-05 9.99121E-05 9.99121E-05 0.999001 9.99121E-05
9.99119E-05 9.99119E-05 9.99119E-05 9.99119E-05 9.99119E-05 0.999001 9.99119E-05 9.99119E-05 9.99119E-05 9.99119E-05 9.99119E-05
9.9912E-05 9.9912E-05 9.9912E-05 9.9912E-05 9.9912E-05 9.9912E-05 9.9912E-05 9.9912E-05 9.9912E-05 0.999001 9.9912E-05
9.9912E-05 9.9912E-05 9.9912E-05 9.9912E-05 9.9912E-05 9.9912E-05 9.9912E-05 9.9912E-05 9.9912E-05 0.999001 9.9912E-05
9.9912E-05 9.9912E-05 9.9912E-05 9.9912E-05 9.9912E-05 0.999001 9.9912E-05 9.9912E-05 9.9912E-05 9.9912E-05 9.9912E-05
9.9912E-05 9.9912E-05 9.9912E-05 9.9912E-05 9.9912E-05 9.9912E-05 9.9912E-05 9.9912E-05 9.9912E-05 0.999001 9.9912E-05
9.9912E-05 9.9912E-05 9.9912E-05 9.9912E-05 9.9912E-05 9.9912E-05 9.9912E-05 9.9912E-05 9.9912E-05 0.999001 9.9912E-05
0.183535 9.99648E-05 9.99648E-05 0.0501448 0.0341933 0.363739 9.99648E-05 0.185063 0.0380756 0.14485 9.99648E-05
9.99119E-05 9.99119E-05 9.99119E-05 9.99119E-05 9.99119E-05 0.999001 9.99119E-05 9.99119E-05 9.99119E-05 9.99119E-05 9.99119E-05
9.9912E-05 9.9912E-05 9.9912E-05 9.9912E-05 9.9912E-05 9.9912E-05 9.9912E-05 9.9912E-05 9.9912E-05 0.999001 9.9912E-05
0.307317 9.99561E-05 9.99561E-05 0.0628107 9.99561E-05 0.0520129 9.99561E-05 0.0429826 0.105928 0.42845 9.99561E-05
0.271259 9.99561E-05 0.148654 9.99561E-05 9.99561E-05 0.219337 9.99561E-05 0.0171411 0.06032 0.28279 9.99561E-05
0.376206 9.99385E-05 0.0431387 9.99385E-05 9.99385E-05 0.390544 9.99385E-05 9.99385E-05 9.99385E-05 0.189412 9.99385E-05
0.531669 0.0416516 9.99472E-05 0.143795 9.99472E-05 0.191073 9.99472E-05 9.99472E-05 0.0912108 9.99472E-05 9.99472E-05
0.311091 9.99472E-05 9.99472E-05 9.99472E-05 0.108844 0.290929 9.99472E-05 9.99472E-05 9.99472E-05 0.261503 0.027033
0.810017 9.99387E-05 9.99387E-05 9.99387E-05 0.0407506 9.99387E-05 0.00414059 9.99387E-05 9.99387E-05 0.144392 9.99387E-05
0.17993 0.0224294 9.9956E-05 9.9956E-05 9.9956E-05 0.224153 9.9956E-05 0.00552283 9.9956E-05 0.344873 0.222593
0.514701 9.99472E-05 9.99472E-05 0.0765139 9.99472E-05 0.096959 9.99472E-05 0.10005 9.99472E-05 0.211176 9.99472E-05
0.693839 9.99299E-05 9.99299E-05 9.99299E-05 9.99299E-05 0.056017 9.99299E-05 9.99299E-05 9.99299E-05 0.249345 9.99299E-05
0.639093 9.99385E-05 0.14692 9.99385E-05 9.99385E-05 0.183816 9.99385E-05 9.99385E-05 9.99385E-05 0.0294711 9.99385E-05
0.614926 9.99385E-05 9.99385E-05 9.99385E-05 9.99385E-05 0.209925 9.99385E-05 0.12122 9.99385E-05 0.0532292 9.99385E-05
0.260899 9.99385E-05 0.0642714 9.99385E-05 9.99385E-05 0.0181726 9.99385E-05 9.99385E-05 9.99385E-05 0.655957 9.99385E-05
0.189301 9.9956E-05 9.9956E-05 0.0400313 9.9956E-05 0.331182 9.9956E-05 9.9956E-05 0.0666649 0.274387 0.0979343
0.639123 0.0185161 9.99472E-05 0.155608 9.99472E-05 0.126073 9.99472E-05 9.99472E-05 9.99472E-05 0.0600799 9.99472E-05
0.447054 9.99384E-05 9.99384E-05 9.99384E-05 9.99384E-05 0.283932 9.99384E-05 0.0938386 9.99384E-05 0.174476 9.99384E-05
0.217355 9.99561E-05 0.0734094 9.99561E-05 0.122892 0.19785 9.99561E-05 9.99561E-05 9.99561E-05 0.286868 0.101126
0.617462 0.0328703 9.99561E-05 9.99561E-05 0.105526 0.065149 9.99561E-05 9.99561E-05 0.000273756 0.17822 9.99561E-05
0.279985 0.00846165 9.99648E-05 0.0682155 9.99648E-05 0.421875 9.99648E-05 0.135739 0.000403108 0.0849202 9.99648E-05
0.385614 0.086779 0.00886345 9.99648E-05 0.180824 0.0522969 9.99648E-05 0.084456 9.99648E-05 0.200767 9.99648E-05
0.409242 9.99385E-05 9.99385E-05 9.99385E-05 9.99385E-05 0.294902 9.99385E-05 9.99385E-05 0.0817824 0.213374 9.99385E-05
0.543022 0.00499048 0.16229 9.99472E-05 9.99472E-05 0.125032 9.99472E-05 9.99472E-05 9.99472E-05 0.164066 9.99472E-05
0.609723 9.99385E-05 9.99385E-05 9.99385E-05 9.99385E-05 9.99385E-05 9.99385E-05 9.99385E-05 0.0703409 0.311147 0.00808927
0.363033 0.0339145 9.99561E-05 9.99561E-05 9.99561E-05 0.240298 9.99561E-05 0.0327128 0.11096 0.218582 9.99561E-05
0.533397 0.0289318 0.00577502 0.026537 9.99736E-05 0.131749 9.99736E-05 0.0394354 9.99736E-05 0.200969 0.0329054
0.555485 0.00203637 9.99472E-05 0.110864 9.99472E-05 0.171869 9.99472E-05 9.99472E-05 9.99472E-05 0.159146 9.99472E-05
0.898735 9.99298E-05 9.99298E-05 9.99298E-05 0.0631568 9.99298E-05 9.99298E-05 9.99298E-05 9.99298E-05 0.0373083 9.99298E-05
0.475636 9.99472E-05 0.202534 0.0542889 9.99472E-05 0.138384 9.99472E-05 9.99472E-05 9.99472E-05 0.128558 9.99472E-05
0.204939 0.0153639 9.99473E-05 0.0616873 9.99473E-05 0.398093 9.99473E-05 9.99473E-05 9.99473E-05 0.319318 9.99473E-05
0.643627 0.035698 0.0269555 0.150707 9.99472E-05 0.142413 9.99472E-05 9.99472E-05 9.99472E-05 9.99472E-05 9.99472E-05
0.457139 0.115084 9.99473E-05 0.0720283 9.99473E-05 0.124877 9.99473E-05 9.99473E-05 9.99473E-05 0.230272 9.99473E-05
0.244583 9.99561E-05 0.0782848 9.99561E-05 0.0327672 0.20227 9.99561E-05 0.024594 9.99561E-05 0.417001 9.99561E-05
0.437091 9.99561E-05 0.0103588 9.99561E-05 0.0202299 0.149375 9.99561E-05 0.0619843 9.99561E-05 0.320461 9.99561E-05
0.27727 9.99472E-05 0.0956507 9.99472E-05 0.205078 0.19165 9.99472E-05 9.99472E-05 9.99472E-05 0.229752 9.99472E-05
0.351087 9.9956E-05 0.18733 0.0276778 9.9956E-05 0.181387 9.9956E-05 0.0540642 9.9956E-05 0.197955 9.9956E-05
0.357683 9.99648E-05 0.0405951 0.00570076 9.99648E-05 0.258064 9.99648E-05 0.0956605 9.99648E-05 0.213138 0.0287588
0.519399 0.0325858 0.0588273 9.99473E-05 9.99473E-05 0.285482 9.99473E-05 9.99473E-05 9.99473E-05 0.103107 9.99473E-05
0.999001 9.99122E-05 9.99122E-05 9.99122E-05 9.99122E-05 9.99122E-05 9.99122E-05 9.99122E-05 9.99122E-05 9.99122E-05 9.99122E-05
0.342523 9.9956E-05 9.9956E-05 0.0561317 9.9956E-05 0.207465 9.9956E-05 0.0483855 0.0731955 9.9956E-05 0.2718
0.572916 9.99473E-05 9.99473E-05 9.99473E-05 9.99473E-05 0.086456 9.99473E-05 0.179975 0.128208 0.0318462 9.99473E-05
0.375252 9.99472E-05 0.263459 9.99472E-05 9.99472E-05 0.123715 9.99472E-05 9.99472E-05 9.99472E-05 0.178079 0.0588956
0.500948 9.99385E-05 9.99385E-05 9.99385E-05 9.99385E-05 0.356278 9.99385E-05 0.0139699 9.99385E-05 0.128104 9.99385E-05
0.582683 0.0425288 0.113963 9.99649E-05 0.028642 0.0942507 9.99649E-05 9.99649E-05 9.99649E-05 0.082552 0.0549811
0.379626 9.99385E-05 0.168609 9.99385E-05 9.99385E-05 0.191381 9.99385E-05 9.99385E-05 9.99385E-05 0.259684 9.99385E-05
0.236715 9.99473E-05 9.99473E-05 9.99473E-05 0.0504906 0.13467 9.99473E-05 9.99473E-05 9.99473E-05 0.574744 0.00278117
0.14203 9.99648E-05 0.106968 9.99648E-05 0.0248378 0.360109 9.99648E-05 0.0131699 9.99648E-05 0.332521 0.019965
0.543827 0.00479686 0.0202226 0.0555847 9.99648E-05 0.111672 9.99648E-05 0.0256178 9.99648E-05 0.23788 9.99648E-05
0.994833 9.9921E-05 9.9921E-05 9.9921E-05 9.9921E-05 9.9921E-05 9.9921E-05 9.9921E-05 9.9921E-05 0.00426819 9.9921E-05
0.593109 0.0253053 9.99472E-05 9.99472E-05 9.99472E-05 0.0906088 9.99472E-05 0.0746236 9.99472E-05 0.215753 9.99472E-05
0.803884 9.99386E-05 0.13407 9.99386E-05 9.99386E-05 9.99386E-05 9.99386E-05 0.00669232 9.99386E-05 0.054654 9.99386E-05
0.137687 0.0176223 0.00179396 9.99736E-05 0.229318 0.244416 9.99736E-05 0.0585 0.0776117 0.232751 9.99736E-05
0.927999 9.99298E-05 9.99298E-05 0.0463578 0.024844 9.99298E-05 9.99298E-05 9.99298E-05 9.99298E-05 9.99298E-05 9.99298E-05
0.481519 9.99385E-05 9.99385E-05 9.99385E-05 9.99385E-05 0.419787 9.99385E-05 0.0877922 9.99385E-05 0.0102025 9.99385E-05
0.292612 9.9956E-05 0.119345 9.9956E-05 0.179572 0.230397 9.9956E-05 0.030717 9.9956E-05 9.9956E-05 0.146857
0.395918 9.99385E-05 9.99385E-05 9.99385E-05 0.262151 0.135898 9.99385E-05 9.99385E-05 9.99385E-05 0.205333 9.99385E-05
0.597129 0.0379387 0.20742 9.99472E-05 9.99472E-05 0.0339272 9.99472E-05 9.99472E-05 9.99472E-05 0.122986 9.99472E-05
0.530007 0.00249701 9.99473E-05 9.99473E-05 9.99473E-05 0.138595 9.99473E-05 9.99473E-05 9.99473E-05 0.319691 0.00860989
0.750769 9.99299E-05 9.99299E-05 9.99299E-05 0.0752665 0.173165 9.99299E-05 9.99299E-05 9.99299E-05 9.99299E-05 9.99299E-05
0.711166 9.99473E-05 9.99473E-05 9.99473E-05 9.99473E-05 0.0617897 9.99473E-05 0.0703684 9.99473E-05 0.100713 0.0553633
0.492607 0.0108898 9.99473E-05 0.00649804 9.99473E-05 0.242928 9.99473E-05 9.99473E-05 9.99473E-05 0.246477 9.99473E-05
0.441672 9.99385E-05 9.99385E-05 9.99385E-05 0.12494 0.201882 9.99385E-05 9.99385E-05 9.99385E-05 0.230806 9.99385E-05
0.948287 9.99297E-05 9.99297E-05 9.99297E-05 9.99297E-05 0.0301723 9.99297E-05 9.99297E-05 9.99297E-05 0.0207417 9.99297E-05
0.844938 9.99211E-05 9.99211E-05 9.99211E-05 9.99211E-05 9.99211E-05 9.99211E-05 9.99211E-05 9.99211E-05 0.154163 9.99211E-05
0.792593 9.99387E-05 9.99387E-05 9.99387E-05 9.99387E-05 0.153133 0.04521 9.99387E-05 9.99387E-05 0.00836408 9.99387E-05
0.627832 0.0261598 9.99649E-05 9.99649E-05 0.0334023 0.152006 9.99649E-05 0.0507835 0.00545535 0.103961 9.99649E-05
0.494285 0.119562 9.9956E-05 9.9956E-05 9.9956E-05 0.101322 9.9956E-05 0.00989863 9.9956E-05 0.243732 0.0307012
0.666871 9.99298E-05 9.99298E-05 9.99298E-05 9.99298E-05 9.99298E-05 9.99298E-05 9.99298E-05 0.0182226 0.314107 9.99298E-05
0.807682 9.99299E-05 9.99299E-05 9.99299E-05 9.99299E-05 0.105224 9.99299E-05 9.99299E-05 9.99299E-05 0.0862945 9.99299E-05
0.361109 9.99561E-05 0.0798066 9.99561E-05 0.0487488 0.229419 9.99561E-05 9.99561E-05 9.99561E-05 0.272666 0.00775082
0.424569 9.99384E-05 9.99384E-05 9.99384E-05 9.99384E-05 0.353179 9.99384E-05 0.105005 9.99384E-05 0.116547 9.99384E-05
0.69421 0.0215036 9.99474E-05 9.99474E-05 0.202539 0.0591916 9.99474E-05 0.0219566 9.99474E-05 9.99474E-05 9.99474E-05
0.420179 0.0129556 9.99473E-05 9.99473E-05 0.268297 0.247894 9.99473E-05 9.99473E-05 9.99473E-05 0.050075 9.99473E-05
0.743145 9.99386E-05 9.99386E-05 9.99386E-05 0.110895 0.087232 0.0580286 9.99386E-05 9.99386E-05 9.99386E-05 9.99386E-05
0.365962 9.99297E-05 9.99297E-05 9.99297E-05 9.99297E-05 0.321296 9.99297E-05 9.99297E-05 9.99297E-05 0.311942 9.99297E-05
0.518054 0.0511088 9.99561E-05 0.0655481 0.207167 0.0421705 9.99561E-05 9.99561E-05 0.115452 9.99561E-05 9.99561E-05
0.789671 9.99298E-05 9.99298E-05 9.99298E-05 0.0953207 0.114209 9.99298E-05 9.99298E-05 9.99298E-05 9.99298E-05 9.99298E-05
0.46627 9.99473E-05 9.99473E-05 9.99473E-05 0.292426 0.129335 9.99473E-05 0.0145061 9.99473E-05 0.0968637 9.99473E-05
0.800827 9.99299E-05 9.99299E-05 9.99299E-05 0.184222 9.99299E-05 0.0141518 9.99299E-05 9.99299E-05 9.99299E-05 9.99299E-05
0.646544 9.99472E-05 0.0360058 0.00369854 9.99472E-05 0.270591 9.99472E-05 0.042561 9.99472E-05 9.99472E-05 9.99472E-05
0.775548 9.99211E-05 9.99211E-05 9.99211E-05 0.223552 9.99211E-05 9.99211E-05 9.99211E-05 9.99211E-05 9.99211E-05 9.99211E-05
0.401866 9.9956E-05 9.9956E-05 9.9956E-05 0.0129956 0.0694104 9.9956E-05 0.0654996 9.9956E-05 0.382283 0.0674457
0.528031 9.99472E-05 0.148613 9.99472E-05 9.99472E-05 0.0811708 9.99472E-05 0.0521185 9.99472E-05 0.189467 9.99472E-05
0.354318 0.00525815 0.0746182 9.99648E-05 0.0265017 0.157473 9.99648E-05 0.104264 9.99648E-05 0.277167 9.99648E-05
0.88753 9.99211E-05 9.99211E-05 9.99211E-05 0.111571 9.99211E-05 9.99211E-05 9.99211E-05 9.99211E-05 9.99211E-05 9.99211E-05
0.504012 0.031519 9.99562E-05 9.99562E-05 0.0538228 0.076609 9.99562E-05 0.0214847 9.99562E-05 0.312052 9.99562E-05
0.40733 0.217526 9.99385E-05 9.99385E-05 0.21235 9.99385E-05 9.99385E-05 9.99385E-05 9.99385E-05 0.162094 9.99385E-05
0.643421 9.99473E-05 9.99473E-05 9.99473E-05 0.218931 0.0533716 9.99473E-05 0.0309721 9.99473E-05 0.052705 9.99473E-05
0.509758 9.99472E-05 9.99472E-05 0.144504 9.99472E-05 0.286598 9.99472E-05 0.0147462 9.99472E-05 0.0437942 9.99472E-05
0.288423 9.99473E-05 9.99473E-05 0.0406201 9.99473E-05 0.23549 9.99473E-05 0.0273851 9.99473E-05 0.407482 9.99473E-05
0.52556 9.99385E-05 9.99385E-05 9.99385E-05 9.99385E-05 0.297485 9.99385E-05 9.99385E-05 0.034808 0.141448 9.99385E-05
0.408756 0.086947 9.99472E-05 9.99472E-05 9.99472E-05 0.221345 9.99472E-05 9.99472E-05 9.99472E-05 0.248663 0.0336887
0.397738 0.228242 0.0090674 9.99649E-05 0.123873 0.139439 9.99649E-05 0.0050898 9.99649E-05 0.0961514 9.99649E-05
0.262142 9.9956E-05 9.9956E-05 0.0737514 0.172664 0.422622 9.9956E-05 0.0467918 9.9956E-05 0.0215283 9.9956E-05
0.40961 9.99473E-05 9.99473E-05 0.0021559 0.0170112 0.174914 9.99473E-05 9.99473E-05 9.99473E-05 0.395709 9.99473E-05
0.303434 0.0494435 9.99736E-05 9.99736E-05 0.216292 0.0671674 9.99736E-05 0.156397 0.0616275 0.115971 0.0293674
0.514566 9.99298E-05 9.99298E-05 9.99298E-05 0.224026 9.99298E-05 9.99298E-05 9.99298E-05 9.99298E-05 0.260608 9.99298E-05
0.75959 9.9921E-05 9.9921E-05 9.9921E-05 0.239511 9.9921E-05 9.9921E-05 9.9921E-05 9.9921E-05 9.9921E-05 9.9921E-05
0.390722 9.99297E-05 0.241693 9.99297E-05 9.99297E-05 9.99297E-05 9.99297E-05 9.99297E-05 9.99297E-05 0.366786 9.99297E-05
0.374806 9.9956E-05 9.9956E-05 9.9956E-05 0.0318786 0.304454 9.9956E-05 0.153645 9.9956E-05 0.0609802 0.0737366
0.449401 9.99385E-05 9.99385E-05 0.0307887 9.99385E-05 0.483743 9.99385E-05 0.0353679 9.99385E-05 9.99385E-05 9.99385E-05
0.323421 0.0330088 9.99561E-05 9.99561E-05 0.00566773 0.479004 9.99561E-05 9.99561E-05 9.99561E-05 0.141083 0.0173165
0.296924 0.174101 0.0624744 0.0933983 9.99736E-05 9.99736E-05 9.99736E-05 0.00512216 0.0793894 0.250846 0.0374449
0.397383 9.99385E-05 9.99385E-05 9.99385E-05 9.99385E-05 0.302717 9.99385E-05 9.99385E-05 9.99385E-05 0.0268525 0.272348
0.273973 0.17115 9.99649E-05 9.99649E-05 0.118892 0.100806 9.99649E-05 0.0431617 9.99649E-05 0.111028 0.180589
0.737163 9.99387E-05 9.99387E-05 9.99387E-05 0.0991272 9.99387E-05 0.042852 9.99387E-05 9.99387E-05 0.120159 9.99387E-05
0.662676 9.99474E-05 9.99474E-05 9.99474E-05 0.206457 0.00479174 9.99474E-05 0.0390131 9.99474E-05 0.0864622 9.99474E-05
0.44184 9.99473E-05 9.99473E-05 9.99473E-05 0.10877 0.207465 9.99473E-05 9.99473E-05 9.99473E-05 0.179152 0.0621735
