0.0580614 9.99034E-05 0.0179266 9.99034E-05 9.99034E-05 0.232549 0.0750279 9.99034E-05 0.195653 9.99034E-05 9.99034E-05 0.0666812 0.301468 0.0515334 9.99034E-05 9.99034E-05 9.99034E-05 9.99034E-05 9.99034E-05
0.163914 9.98859E-05 0.0469904 9.98859E-05 9.98859E-05 0.0256961 9.98859E-05 0.0325891 9.98859E-05 9.98859E-05 9.98859E-05 9.98859E-05 0.725353 0.00415855 9.98859E-05 9.98859E-05 9.98859E-05 9.98859E-05 9.98859E-05
9.98771E-05 9.98771E-05 9.98771E-05 9.98771E-05 9.98771E-05 9.98771E-05 0.0339684 9.98771E-05 0.0207166 9.98771E-05 9.98771E-05 9.98771E-05 0.804274 9.98771E-05 9.98771E-05 0.045906 0.0937366 9.98771E-05 9.98771E-05
0.0181594 9.99298E-05 0.0169733 9.99298E-05 9.99298E-05 0.0461676 0.00203554 9.99298E-05 0.171863 0.035252 9.99298E-05 0.386061 0.197981 9.99298E-05 0.0120603 0.110843 9.99298E-05 9.99298E-05 0.00180366
9.98772E-05 0.00499982 9.98772E-05 9.98772E-05 9.98772E-05 9.98772E-05 9.98772E-05 0.00438199 9.98772E-05 9.98772E-05 9.98772E-05 0.125619 0.814048 9.98772E-05 9.98772E-05 9.98772E-05 0.0495523 9.98772E-05 9.98772E-05
9.99123E-05 9.99123E-05 0.0269116 0.0357364 9.99123E-05 0.172583 9.99123E-05 9.99123E-05 9.99123E-05 0.190175 9.99123E-05 0.0851237 0.146052 0.0278054 9.99123E-05 0.21743 0.0971844 9.99123E-05 9.99123E-05
0.0913851 0.0930634 0.0971172 0.00849387 9.99386E-05 0.147494 0.0798904 0.0286102 0.262708 9.99386E-05 9.99386E-05 0.00204567 0.116758 0.0107891 0.0609449 9.99386E-05 9.99386E-05 9.99386E-05 9.99386E-05
9.99211E-05 9.99211E-05 0.0153298 0.0584046 9.99211E-05 0.16796 9.99211E-05 9.99211E-05 0.264554 0.142893 0.077574 9.99211E-05 0.100156 9.99211E-05 9.99211E-05 0.0103853 0.131646 0.0301971 9.99211E-05
0.0608839 9.99123E-05 9.99123E-05 9.99123E-05 9.99123E-05 0.0220553 0.198308 9.99123E-05 0.105379 0.170565 9.99123E-05 0.00684614 0.161118 0.242436 9.99123E-05 0.0314094 9.99123E-05 9.99123E-05 9.99123E-05
9.9877E-05 0.00184831 9.9877E-05 9.9877E-05 9.9877E-05 9.9877E-05 0.0177018 9.9877E-05 9.9877E-05 9.9877E-05 0.0272984 9.9877E-05 0.877891 0.0738619 9.9877E-05 9.9877E-05 9.9877E-05 9.9877E-05 9.9877E-05
9.9921E-05 9.9921E-05 0.0732111 0.00399152 9.9921E-05 0.0922085 0.0513472 9.9921E-05 0.0832822 0.0513103 0.0178085 9.9921E-05 0.428095 0.132307 9.9921E-05 9.9921E-05 9.9921E-05 9.9921E-05 0.0655389
9.98859E-05 9.98859E-05 0.0218836 9.98859E-05 9.98859E-05 0.0774164 9.98859E-05 9.98859E-05 9.98859E-05 9.98859E-05 9.98859E-05 0.116968 0.750476 0.0199148 9.98859E-05 9.98859E-05 0.0120428 9.98859E-05 9.98859E-05
9.98684E-05 9.98684E-05 9.98684E-05 9.98684E-05 9.98684E-05 9.98684E-05 9.98684E-05 0.00888867 0.175047 9.98684E-05 9.98684E-05 9.98684E-05 0.743987 0.07058 9.98684E-05 9.98684E-05 9.98684E-05 9.98684E-05 9.98684E-05
0.00114453 9.99036E-05 0.0599659 9.99036E-05 0.0498249 9.99036E-05 9.99036E-05 9.99036E-05 9.99036E-05 9.99036E-05 9.99036E-05 9.99036E-05 0.59417 0.0909385 0.0018131 0.178614 9.99036E-05 0.0224307 9.99036E-05
9.99036E-05 0.00204251 9.99036E-05 9.99036E-05 9.99036E-05 0.224994 0.0552975 9.99036E-05 0.0756362 0.124103 9.99036E-05 9.99036E-05 0.266548 0.124786 9.99036E-05 0.125493 9.99036E-05 9.99036E-05 9.99036E-05
9.99035E-05 9.99035E-05 9.99035E-05 9.99035E-05 9.99035E-05 0.111262 9.99035E-05 9.99035E-05 0.0965077 0.197752 9.99035E-05 0.109405 0.17474 0.133028 9.99035E-05 0.0455042 9.99035E-05 0.130702 9.99035E-05
0.0924183 0.0774863 0.0438297 9.98947E-05 0.1602 9.98947E-05 9.98947E-05 9.98947E-05 0.0543732 9.98947E-05 9.98947E-05 9.98947E-05 0.511622 0.0588714 9.98947E-05 9.98947E-05 9.98947E-05 9.98947E-05 9.98947E-05
9.99035E-05 9.99035E-05 9.99035E-05 9.99035E-05 9.99035E-05 0.325253 0.0160842 9.99035E-05 0.221234 0.0146365 0.1308 9.99035E-05 0.0710396 0.129078 9.99035E-05 9.99035E-05 9.99035E-05 9.99035E-05 0.0907757
9.98858E-05 9.98858E-05 9.98858E-05 0.197062 9.98858E-05 0.020345 9.98858E-05 9.98858E-05 0.23231 0.107483 9.98858E-05 9.98858E-05 0.265392 0.17611 9.98858E-05 9.98858E-05 9.98858E-05 9.98858E-05 9.98858E-05
9.98683E-05 0.0359453 0.00287606 9.98683E-05 9.98683E-05 9.98683E-05 9.98683E-05 9.98683E-05 9.98683E-05 9.98683E-05 9.98683E-05 9.98683E-05 0.84611 9.98683E-05 9.98683E-05 9.98683E-05 9.98683E-05 9.98683E-05 0.113571
9.98948E-05 9.98948E-05 0.0432592 9.98948E-05 9.98948E-05 9.98948E-05 9.98948E-05 9.98948E-05 0.0350784 0.114166 9.98948E-05 0.25843 0.448823 0.0222771 9.98948E-05 9.98948E-05 9.98948E-05 0.0767682 9.98948E-05
0.0167744 0.0922066 9.98948E-05 0.0396966 9.98948E-05 9.98948E-05 9.98948E-05 9.98948E-05 0.293792 0.140849 9.98948E-05 9.98948E-05 0.202283 9.98948E-05 9.98948E-05 9.98948E-05 0.2132 9.98948E-05 9.98948E-05
9.98772E-05 9.98772E-05 0.119524 9.98772E-05 9.98772E-05 0.230452 9.98772E-05 9.98772E-05 9.98772E-05 9.98772E-05 9.98772E-05 0.0253138 0.501984 0.121328 9.98772E-05 9.98772E-05 9.98772E-05 9.98772E-05 9.98772E-05
9.98859E-05 9.98859E-05 9.98859E-05 9.98859E-05 9.98859E-05 9.98859E-05 0.0518851 9.98859E-05 0.278482 9.98859E-05 9.98859E-05 9.98859E-05 0.31853 0.190134 9.98859E-05 0.0810557 9.98859E-05 0.0786149 9.98859E-05
9.99034E-05 9.99034E-05 0.00192187 9.99034E-05 9.99034E-05 9.99034E-05 9.99034E-05 9.99034E-05 0.130927 0.041076 9.99034E-05 0.0879611 0.242332 0.249962 9.99034E-05 0.176461 9.99034E-05 9.99034E-05 0.0682598
9.98771E-05 9.98771E-05 9.98771E-05 9.98771E-05 9.98771E-05 9.98771E-05 9.98771E-05 9.98771E-05 0.109383 9.98771E-05 9.98771E-05 0.087463 0.633256 0.116225 9.98771E-05 0.0522749 9.98771E-05 9.98771E-05 9.98771E-05
9.98859E-05 9.98859E-05 9.98859E-05 9.98859E-05 9.98859E-05 9.98859E-05 9.98859E-05 0.262232 0.237011 9.98859E-05 0.139632 9.98859E-05 9.98859E-05 0.0509641 9.98859E-05 0.245296 9.98859E-05 0.0635665 9.98859E-05
9.9886E-05 9.9886E-05 9.9886E-05 0.0736685 9.9886E-05 9.9886E-05 9.9886E-05 9.9886E-05 0.0863706 9.9886E-05 9.9886E-05 0.0735919 0.677396 0.0727657 9.9886E-05 0.014909 9.9886E-05 9.9886E-05 9.9886E-05
9.98947E-05 9.98947E-05 9.98947E-05 9.98947E-05 9.98947E-05 0.075169 0.0191732 0.0974849 0.0750354 9.98947E-05 9.98947E-05 9.98947E-05 0.511156 0.185563 9.98947E-05 0.0352195 9.98947E-05 9.98947E-05 9.98947E-05
0.02111 9.98947E-05 9.98947E-05 0.1045 0.0739828 9.98947E-05 9.98947E-05 0.00295176 9.98947E-05 0.0515781 9.98947E-05 9.98947E-05 0.677631 0.0670473 9.98947E-05 9.98947E-05 9.98947E-05 9.98947E-05 9.98947E-05
9.99122E-05 9.99122E-05 0.0809957 0.0699214 9.99122E-05 0.0999362 9.99122E-05 0.0614055 0.0275103 0.012236 9.99122E-05 9.99122E-05 0.598832 0.0205619 9.99122E-05 9.99122E-05 9.99122E-05 9.99122E-05 0.0276018
9.99035E-05 9.99035E-05 0.0959278 9.99035E-05 9.99035E-05 0.049403 9.99035E-05 9.99035E-05 0.0441697 9.99035E-05 9.99035E-05 0.0619746 0.413152 0.0713264 0.00222281 0.260725 9.99035E-05 9.99035E-05 9.99035E-05
9.9921E-05 9.9921E-05 0.097501 9.9921E-05 9.9921E-05 0.0374805 9.9921E-05 9.9921E-05 0.200007 0.0099586 9.9921E-05 0.0437134 0.380835 0.0554238 9.9921E-05 0.0414446 0.0719319 0.0608047 9.9921E-05
9.99035E-05 0.0336744 9.99035E-05 9.99035E-05 9.99035E-05 9.99035E-05 0.00956157 9.99035E-05 0.178202 9.99035E-05 0.0172175 9.99035E-05 0.409272 0.120807 0.0137865 0.216381 9.99035E-05 9.99035E-05 9.99035E-05
0.0594217 9.9886E-05 9.9886E-05 9.9886E-05 9.9886E-05 9.9886E-05 9.9886E-05 0.108216 9.9886E-05 0.00137535 0.0462684 9.9886E-05 0.676491 0.106928 9.9886E-05 9.9886E-05 9.9886E-05 9.9886E-05 9.9886E-05
9.98859E-05 9.98859E-05 9.98859E-05 9.98859E-05 9.98859E-05 0.00782165 9.98859E-05 0.0975109 0.0648887 0.0162426 9.98859E-05 0.223539 0.588699 9.98859E-05 9.98859E-05 9.98859E-05 9.98859E-05 9.98859E-05 9.98859E-05
9.98685E-05 9.98685E-05 0.0633182 0.0996354 9.98685E-05 9.98685E-05 9.98685E-05 9.98685E-05 9.98685E-05 9.98685E-05 9.98685E-05 9.98685E-05 0.823295 9.98685E-05 0.0122533 9.98685E-05 9.98685E-05 9.98685E-05 9.98685E-05
0.0973369 9.98947E-05 9.98947E-05 9.98947E-05 9.98947E-05 9.98947E-05 9.98947E-05 9.98947E-05 0.0560505 0.117665 9.98947E-05 0.0686722 0.594359 0.00592282 9.98947E-05 9.98947E-05 9.98947E-05 9.98947E-05 0.0587955
0.0492416 9.98948E-05 0.0455938 9.98948E-05 0.0612998 9.98948E-05 9.98948E-05 9.98948E-05 9.98948E-05 0.0590703 9.98948E-05 9.98948E-05 0.514647 0.152334 9.98948E-05 9.98948E-05 0.116615 9.98948E-05 9.98948E-05
9.98946E-05 9.98946E-05 9.98946E-05 0.0574534 9.98946E-05 9.98946E-05 9.98946E-05 9.98946E-05 0.0173314 9.98946E-05 9.98946E-05 9.98946E-05 0.525712 0.149777 0.0235371 0.161948 9.98946E-05 0.0630429 9.98946E-05
9.98772E-05 9.98772E-05 0.0291831 0.0473712 9.98772E-05 9.98772E-05 9.98772E-05 9.98772E-05 0.171039 9.98772E-05 9.98772E-05 9.98772E-05 0.664686 0.0863218 9.98772E-05 9.98772E-05 9.98772E-05 9.98772E-05 9.98772E-05
9.98772E-05 9.98772E-05 9.98772E-05 9.98772E-05 9.98772E-05 9.98772E-05 0.0200161 0.147174 0.314473 9.98772E-05 9.98772E-05 9.98772E-05 0.457836 0.059102 9.98772E-05 9.98772E-05 9.98772E-05 9.98772E-05 9.98772E-05
9.98947E-05 9.98947E-05 9.98947E-05 0.0118832 0.0676833 9.98947E-05 9.98947E-05 0.248163 0.00794743 9.98947E-05 9.98947E-05 9.98947E-05 0.621629 9.98947E-05 9.98947E-05 9.98947E-05 0.014133 0.0273622 9.98947E-05
0.00898798 9.99122E-05 0.0203362 9.99122E-05 9.99122E-05 0.151297 0.0343277 9.99122E-05 0.17957 0.0956986 9.99122E-05 0.0067659 0.30701 0.195007 9.99122E-05 9.99122E-05 9.99122E-05 9.99122E-05 9.99122E-05
9.98772E-05 0.296034 9.98772E-05 0.0197782 9.98772E-05 9.98772E-05 9.98772E-05 9.98772E-05 0.389576 9.98772E-05 9.98772E-05 9.98772E-05 0.191636 0.101578 9.98772E-05 9.98772E-05 9.98772E-05 9.98772E-05 9.98772E-05
9.98858E-05 9.98858E-05 9.98858E-05 9.98858E-05 9.98858E-05 9.98858E-05 9.98858E-05 9.98858E-05 0.0371763 0.00351558 9.98858E-05 0.0592175 0.770566 0.0600033 9.98858E-05 9.98858E-05 9.98858E-05 9.98858E-05 0.0682227
9.98772E-05 9.98772E-05 0.0424189 9.98772E-05 9.98772E-05 9.98772E-05 9.98772E-05 9.98772E-05 9.98772E-05 0.0433553 9.98772E-05 0.0888328 0.716665 0.107329 9.98772E-05 9.98772E-05 9.98772E-05 9.98772E-05 9.98772E-05
9.98772E-05 9.98772E-05 9.98772E-05 9.98772E-05 9.98772E-05 0.0609044 9.98772E-05 9.98772E-05 9.98772E-05 9.98772E-05 9.98772E-05 9.98772E-05 0.848582 0.00104771 0.0677083 9.98772E-05 9.98772E-05 0.0203591 9.98772E-05
9.98859E-05 9.98859E-05 0.0208466 9.98859E-05 9.98859E-05 0.0532407 9.98859E-05 9.98859E-05 0.15902 9.98859E-05 9.98859E-05 0.0483942 0.595758 0.121442 9.98859E-05 9.98859E-05 9.98859E-05 9.98859E-05 9.98859E-05
0.0300134 9.98949E-05 0.0124197 0.0827412 9.98949E-05 9.98949E-05 9.98949E-05 9.98949E-05 0.0525052 0.0309812 9.98949E-05 9.98949E-05 0.671471 9.98949E-05 0.11867 9.98949E-05 9.98949E-05 9.98949E-05 9.98949E-05
9.9921E-05 9.9921E-05 0.127691 9.9921E-05 9.9921E-05 9.9921E-05 0.000305455 0.10556 0.00947046 0.0449129 9.9921E-05 0.0661321 0.238807 0.215681 9.9921E-05 0.173869 9.9921E-05 0.0166723 9.9921E-05
9.98948E-05 0.00824189 9.98948E-05 9.98948E-05 9.98948E-05 9.98948E-05 0.0924248 9.98948E-05 0.269396 0.0198649 9.98948E-05 0.0686052 0.538309 9.98948E-05 9.98948E-05 9.98948E-05 0.00195972 9.98948E-05 9.98948E-05
0.00794387 9.98771E-05 9.98771E-05 9.98771E-05 9.98771E-05 9.98771E-05 9.98771E-05 9.98771E-05 0.0309199 9.98771E-05 0.0591012 9.98771E-05 0.874573 0.0260635 9.98771E-05 9.98771E-05 9.98771E-05 9.98771E-05 9.98771E-05
9.99211E-05 9.99211E-05 9.99211E-05 9.99211E-05 9.99211E-05 0.0508706 9.99211E-05 9.99211E-05 9.99211E-05 0.0131508 0.00335541 9.99211E-05 0.576183 0.108417 0.0385791 0.0130647 0.0142813 0.166833 0.0143658
9.9886E-05 9.9886E-05 9.9886E-05 0.129893 9.9886E-05 9.9886E-05 0.0087466 9.9886E-05 9.9886E-05 0.00440341 9.9886E-05 9.9886E-05 0.691274 0.136814 9.9886E-05 9.9886E-05 0.0275703 9.9886E-05 9.9886E-05
9.98948E-05 9.98948E-05 0.0620617 0.11257 9.98948E-05 0.0600948 9.98948E-05 9.98948E-05 9.98948E-05 9.98948E-05 9.98948E-05 9.98948E-05 0.553669 9.98948E-05 9.98948E-05 0.138437 9.98948E-05 0.0307828 0.0411863
0.00161518 9.98859E-05 9.98859E-05 0.0974323 9.98859E-05 9.98859E-05 9.98859E-05 9.98859E-05 0.115266 9.98859E-05 0.0456118 9.98859E-05 0.704127 0.0346494 9.98859E-05 9.98859E-05 9.98859E-05 9.98859E-05 9.98859E-05
9.98772E-05 0.155869 0.0463902 9.98772E-05 9.98772E-05 9.98772E-05 9.98772E-05 9.98772E-05 0.00283174 9.98772E-05 9.98772E-05 9.98772E-05 0.70817 0.0853406 9.98772E-05 9.98772E-05 9.98772E-05 9.98772E-05 9.98772E-05
9.98772E-05 0.00875197 0.0957306 9.98772E-05 9.98772E-05 9.98772E-05 9.98772E-05 9.98772E-05 9.98772E-05 9.98772E-05 0.0434963 9.98772E-05 0.788155 9.98772E-05 9.98772E-05 9.98772E-05 0.0624674 9.98772E-05 9.98772E-05
0.0454343 9.98946E-05 9.98946E-05 9.98946E-05 9.98946E-05 0.563635 9.98946E-05 0.0239862 0.0370128 0.0528288 9.98946E-05 0.100152 9.98946E-05 0.175752 9.98946E-05 9.98946E-05 9.98946E-05 9.98946E-05 9.98946E-05
9.98511E-05 9.98511E-05 9.98511E-05 9.98511E-05 9.98511E-05 0.920829 9.98511E-05 9.98511E-05 9.98511E-05 9.98511E-05 9.98511E-05 0.0774737 9.98511E-05 9.98511E-05 9.98511E-05 9.98511E-05 9.98511E-05 9.98511E-05 9.98511E-05
9.98684E-05 9.98684E-05 0.0466965 9.98684E-05 9.98684E-05 0.927997 9.98684E-05 9.98684E-05 9.98684E-05 9.98684E-05 0.00562477 9.98684E-05 9.98684E-05 9.98684E-05 0.0181838 9.98684E-05 9.98684E-05 9.98684E-05 9.98684E-05
0.233261 9.98859E-05 9.98859E-05 9.98859E-05 9.98859E-05 0.370489 0.0670211 9.98859E-05 9.98859E-05 0.105204 9.98859E-05 9.98859E-05 9.98859E-05 9.98859E-05 0.0249709 0.197756 9.98859E-05 9.98859E-05 9.98859E-05
9.99208E-05 9.99208E-05 0.0192996 0.0111218 9.99208E-05 0.669949 9.99208E-05 9.99208E-05 0.0621493 0.0688112 0.00139267 0.0271394 9.99208E-05 0.0498643 0.0387662 9.99208E-05 9.99208E-05 9.99208E-05 0.0506069
9.9868E-05 9.9868E-05 9.9868E-05 9.9868E-05 9.9868E-05 0.675037 9.9868E-05 9.9868E-05 0.0978401 9.9868E-05 9.9868E-05 9.9868E-05 9.9868E-05 0.207629 9.9868E-05 0.0179956 9.9868E-05 9.9868E-05 9.9868E-05
0.37428 9.98946E-05 0.0481682 9.98946E-05 9.98946E-05 0.468716 9.98946E-05 9.98946E-05 9.98946E-05 0.0139195 9.98946E-05 0.0437277 9.98946E-05 0.0470153 0.00297463 9.98946E-05 9.98946E-05 9.98946E-05 9.98946E-05
0.117525 9.99033E-05 9.99033E-05 0.00774922 9.99033E-05 0.5869 9.99033E-05 9.99033E-05 9.99033E-05 0.0503997 0.0725171 9.99033E-05 9.99033E-05 0.111919 0.0471794 0.00471174 9.99033E-05 9.99033E-05 9.99033E-05
9.98509E-05 9.98509E-05 9.98509E-05 9.98509E-05 9.98509E-05 0.922376 9.98509E-05 0.0759263 9.98509E-05 9.98509E-05 9.98509E-05 9.98509E-05 9.98509E-05 9.98509E-05 9.98509E-05 9.98509E-05 9.98509E-05 9.98509E-05 9.98509E-05
9.98507E-05 9.98507E-05 0.0404465 9.98507E-05 9.98507E-05 0.957856 9.98507E-05 9.98507E-05 9.98507E-05 9.98507E-05 9.98507E-05 9.98507E-05 9.98507E-05 9.98507E-05 9.98507E-05 9.98507E-05 9.98507E-05 9.98507E-05 9.98507E-05
9.98857E-05 9.98857E-05 0.116806 9.98857E-05 9.98857E-05 0.495154 9.98857E-05 9.98857E-05 9.98857E-05 0.0877217 0.0147417 9.98857E-05 9.98857E-05 0.255785 9.98857E-05 9.98857E-05 9.98857E-05 9.98857E-05 0.0284933
0.0364109 9.99122E-05 0.0936058 0.0582713 9.99122E-05 0.486942 9.99122E-05 9.99122E-05 0.113224 9.99122E-05 9.99122E-05 0.0971792 9.99122E-05 0.0558901 0.0206901 9.99122E-05 0.0367873 9.99122E-05 9.99122E-05
9.98858E-05 9.98858E-05 0.11198 9.98858E-05 9.98858E-05 0.532861 9.98858E-05 9.98858E-05 9.98858E-05 0.0989338 9.98858E-05 9.98858E-05 9.98858E-05 9.98858E-05 9.98858E-05 0.0489405 0.135021 0.0709652 9.98858E-05
0.108439 9.98858E-05 9.98858E-05 0.0531382 9.98858E-05 0.515048 9.98858E-05 9.98858E-05 0.143209 9.98858E-05 9.98858E-05 9.98858E-05 9.98858E-05 0.153577 0.0252892 9.98858E-05 9.98858E-05 9.98858E-05 9.98858E-05
9.98773E-05 9.98773E-05 0.0108623 9.98773E-05 9.98773E-05 0.827756 0.00575127 0.111427 9.98773E-05 9.98773E-05 9.98773E-05 9.98773E-05 9.98773E-05 9.98773E-05 9.98773E-05 9.98773E-05 9.98773E-05 0.0428057 9.98773E-05
9.98685E-05 9.98685E-05 0.00182065 9.98685E-05 9.98685E-05 0.847766 9.98685E-05 9.98685E-05 9.98685E-05 9.98685E-05 9.98685E-05 0.137586 9.98685E-05 0.0113289 9.98685E-05 9.98685E-05 9.98685E-05 9.98685E-05 9.98685E-05
9.98682E-05 9.98682E-05 9.98682E-05 0.0546954 9.98682E-05 0.789959 9.98682E-05 9.98682E-05 9.98682E-05 9.98682E-05 9.98682E-05 9.98682E-05 9.98682E-05 9.98682E-05 0.123631 0.0302164 9.98682E-05 9.98682E-05 9.98682E-05
9.9877E-05 9.9877E-05 0.0658635 0.131186 9.9877E-05 0.625288 9.9877E-05 9.9877E-05 0.134344 0.0419211 9.9877E-05 9.9877E-05 9.9877E-05 9.9877E-05 9.9877E-05 9.9877E-05 9.9877E-05 9.9877E-05 9.9877E-05
9.9877E-05 9.9877E-05 0.0142255 0.0160665 9.9877E-05 0.879029 9.9877E-05 9.9877E-05 9.9877E-05 9.9877E-05 0.0575464 9.9877E-05 9.9877E-05 0.0317346 9.9877E-05 9.9877E-05 9.9877E-05 9.9877E-05 9.9877E-05
0.0137941 9.9877E-05 9.9877E-05 9.9877E-05 9.9877E-05 0.552322 9.9877E-05 0.179385 9.9877E-05 9.9877E-05 9.9877E-05 9.9877E-05 9.9877E-05 0.198032 9.9877E-05 9.9877E-05 9.9877E-05 0.0550682 9.9877E-05
9.98512E-05 9.98512E-05 9.98512E-05 9.98512E-05 0.0110481 0.987254 9.98512E-05 9.98512E-05 9.98512E-05 9.98512E-05 9.98512E-05 9.98512E-05 9.98512E-05 9.98512E-05 9.98512E-05 9.98512E-05 9.98512E-05 9.98512E-05 9.98512E-05
9.98682E-05 9.98682E-05 9.98682E-05 0.047966 9.98682E-05 0.619137 9.98682E-05 9.98682E-05 0.262946 9.98682E-05 9.98682E-05 9.98682E-05 9.98682E-05 0.0684535 9.98682E-05 9.98682E-05 9.98682E-05 9.98682E-05 9.98682E-05
0.0372221 9.98772E-05 9.98772E-05 9.98772E-05 9.98772E-05 0.669187 9.98772E-05 9.98772E-05 0.0338834 9.98772E-05 9.98772E-05 9.98772E-05 9.98772E-05 0.0220643 9.98772E-05 0.236245 9.98772E-05 9.98772E-05 9.98772E-05
9.99034E-05 0.102732 0.0364041 0.0318096 9.99034E-05 0.764978 9.99034E-05 9.99034E-05 9.99034E-05 0.0155015 0.0119048 9.99034E-05 9.99034E-05 0.000117158 0.0354544 9.99034E-05 9.99034E-05 9.99034E-05 9.99034E-05
9.98506E-05 9.98506E-05 0.143907 9.98506E-05 9.98506E-05 0.854396 9.98506E-05 9.98506E-05 9.98506E-05 9.98506E-05 9.98506E-05 9.98506E-05 9.98506E-05 9.98506E-05 9.98506E-05 9.98506E-05 9.98506E-05 9.98506E-05 9.98506E-05
9.98511E-05 9.98511E-05 9.98511E-05 9.98511E-05 9.98511E-05 0.944171 9.98511E-05 9.98511E-05 9.98511E-05 9.98511E-05 9.98511E-05 9.98511E-05 9.98511E-05 9.98511E-05 9.98511E-05 9.98511E-05 9.98511E-05 9.98511E-05 0.054132
9.98421E-05 9.98421E-05 9.98421E-05 9.98421E-05 9.98421E-05 0.998203 9.98421E-05 9.98421E-05 9.98421E-05 9.98421E-05 9.98421E-05 9.98421E-05 9.98421E-05 9.98421E-05 9.98421E-05 9.98421E-05 9.98421E-05 9.98421E-05 9.98421E-05
9.98422E-05 9.98422E-05 9.98422E-05 9.98422E-05 9.98422E-05 0.998203 9.98422E-05 9.98422E-05 9.98422E-05 9.98422E-05 9.98422E-05 9.98422E-05 9.98422E-05 9.98422E-05 9.98422E-05 9.98422E-05 9.98422E-05 9.98422E-05 9.98422E-05
9.9851E-05 9.9851E-05 9.9851E-05 9.9851E-05 9.9851E-05 0.901267 9.9851E-05 9.9851E-05 9.9851E-05 9.9851E-05 0.0970351 9.9851E-05 9.9851E-05 9.9851E-05 9.9851E-05 9.9851E-05 9.9851E-05 9.9851E-05 9.9851E-05
9.98947E-05 9.98947E-05 9.98947E-05 9.98947E-05 0.150863 0.534945 9.98947E-05 0.198252 9.98947E-05 0.00886554 9.98947E-05 9.98947E-05 9.98947E-05 0.0551583 9.98947E-05 9.98947E-05 0.0304434 9.98947E-05 0.0202737
9.98684E-05 9.98684E-05 9.98684E-05 9.98684E-05 9.98684E-05 9.98684E-05 9.98684E-05 9.98684E-05 9.98684E-05 0.143813 9.98684E-05 9.98684E-05 9.98684E-05 0.0675606 9.98684E-05 0.761214 0.0259146 9.98684E-05 9.98684E-05
9.98685E-05 9.98685E-05 9.98685E-05 9.98685E-05 0.381533 9.98685E-05 9.98685E-05 9.98685E-05 9.98685E-05 0.0141729 9.98685E-05 9.98685E-05 9.98685E-05 0.0434219 9.98685E-05 0.559374 9.98685E-05 9.98685E-05 9.98685E-05
9.98684E-05 9.98684E-05 0.0478333 9.98684E-05 9.98684E-05 9.98684E-05 9.98684E-05 9.98684E-05 9.98684E-05 9.98684E-05 9.98684E-05 9.98684E-05 9.98684E-05 0.0662513 9.98684E-05 0.858053 0.0263641 9.98684E-05 9.98684E-05
9.98682E-05 9.98682E-05 9.98682E-05 9.98682E-05 9.98682E-05 9.98682E-05 9.98682E-05 9.98682E-05 9.98682E-05 0.0458752 0.0464646 9.98682E-05 9.98682E-05 0.174655 9.98682E-05 0.731507 9.98682E-05 9.98682E-05 9.98682E-05
9.98506E-05 9.98506E-05 9.98506E-05 9.98506E-05 9.98506E-05 9.98506E-05 9.98506E-05 9.98506E-05 9.98506E-05 0.083677 9.98506E-05 9.98506E-05 9.98506E-05 9.98506E-05 9.98506E-05 0.914626 9.98506E-05 9.98506E-05 9.98506E-05
0.0114699 9.98772E-05 9.98772E-05 9.98772E-05 0.00248602 9.98772E-05 9.98772E-05 9.98772E-05 9.98772E-05 0.151195 9.98772E-05 9.98772E-05 9.98772E-05 0.22176 9.98772E-05 0.611691 9.98772E-05 9.98772E-05 9.98772E-05
9.98946E-05 9.98946E-05 0.031014 9.98946E-05 9.98946E-05 9.98946E-05 9.98946E-05 9.98946E-05 0.0921947 0.0479935 0.0381599 9.98946E-05 9.98946E-05 0.072522 9.98946E-05 0.711259 9.98946E-05 0.0056582 9.98946E-05
9.98508E-05 9.98508E-05 9.98508E-05 9.98508E-05 9.98508E-05 9.98508E-05 9.98508E-05 9.98508E-05 9.98508E-05 0.2554 9.98508E-05 9.98508E-05 9.98508E-05 9.98508E-05 9.98508E-05 0.742902 9.98508E-05 9.98508E-05 9.98508E-05
0.189516 0.0142614 9.9877E-05 9.9877E-05 9.9877E-05 9.9877E-05 9.9877E-05 0.0739268 9.9877E-05 0.294963 9.9877E-05 9.9877E-05 9.9877E-05 9.9877E-05 9.9877E-05 0.425935 9.9877E-05 9.9877E-05 9.9877E-05
9.98859E-05 0.0129434 9.98859E-05 9.98859E-05 9.98859E-05 9.98859E-05 9.98859E-05 9.98859E-05 0.0110968 0.235981 9.98859E-05 0.00580943 9.98859E-05 0.203387 9.98859E-05 0.529484 9.98859E-05 9.98859E-05 9.98859E-05
0.290737 9.98684E-05 9.98684E-05 9.98684E-05 0.214713 9.98684E-05 9.98684E-05 9.98684E-05 9.98684E-05 0.0101748 9.98684E-05 9.98684E-05 9.98684E-05 9.98684E-05 9.98684E-05 0.482877 9.98684E-05 9.98684E-05 9.98684E-05
0.170695 9.98772E-05 0.0119569 9.98772E-05 0.0657518 9.98772E-05 9.98772E-05 9.98772E-05 9.98772E-05 9.98772E-05 9.98772E-05 9.98772E-05 9.98772E-05 0.0500979 9.98772E-05 0.7001 9.98772E-05 9.98772E-05 9.98772E-05
9.9851E-05 9.9851E-05 9.9851E-05 9.9851E-05 9.9851E-05 9.9851E-05 9.9851E-05 9.9851E-05 9.9851E-05 0.128045 9.9851E-05 9.9851E-05 9.9851E-05 9.9851E-05 9.9851E-05 0.870258 9.9851E-05 9.9851E-05 9.9851E-05
9.98948E-05 9.98948E-05 9.98948E-05 9.98948E-05 0.0468097 9.98948E-05 0.0826345 0.05136 9.98948E-05 0.151665 9.98948E-05 9.98948E-05 9.98948E-05 0.131118 0.0049226 0.530291 9.98948E-05 9.98948E-05 9.98948E-05
0.01755 0.0993234 9.99122E-05 9.99122E-05 0.0916293 9.99122E-05 9.99122E-05 9.99122E-05 9.99122E-05 0.0457922 0.0894865 9.99122E-05 9.99122E-05 0.0417973 9.99122E-05 0.537189 9.99122E-05 0.0752023 0.00103101
0.00742706 0.176183 9.98859E-05 9.98859E-05 9.98859E-05 9.98859E-05 9.98859E-05 9.98859E-05 9.98859E-05 0.0478697 9.98859E-05 9.98859E-05 9.98859E-05 0.110129 0.0085026 0.64859 9.98859E-05 9.98859E-05 9.98859E-05
0.232649 9.98859E-05 9.98859E-05 9.98859E-05 0.0301674 9.98859E-05 9.98859E-05 9.98859E-05 9.98859E-05 0.00854994 9.98859E-05 9.98859E-05 9.98859E-05 0.0862033 9.98859E-05 0.631379 9.98859E-05 9.98859E-05 0.00975276
9.9886E-05 0.0672628 9.9886E-05 9.9886E-05 0.0239766 9.9886E-05 9.9886E-05 9.9886E-05 0.0872004 0.0388406 9.9886E-05 9.9886E-05 9.9886E-05 9.9886E-05 9.9886E-05 0.664848 0.116573 9.9886E-05 9.9886E-05
9.98597E-05 9.98597E-05 0.0434836 9.98597E-05 9.98597E-05 9.98597E-05 9.98597E-05 9.98597E-05 9.98597E-05 0.00775143 9.98597E-05 9.98597E-05 9.98597E-05 9.98597E-05 9.98597E-05 0.947167 9.98597E-05 9.98597E-05 9.98597E-05
9.99122E-05 9.99122E-05 0.00147664 9.99122E-05 0.185222 9.99122E-05 9.99122E-05 0.0688849 9.99122E-05 0.0592022 9.99122E-05 0.0295584 9.99122E-05 0.0950422 9.99122E-05 0.462652 9.99122E-05 0.00820889 0.0887531
0.0507697 0.0994443 9.98859E-05 9.98859E-05 9.98859E-05 9.98859E-05 9.98859E-05 9.98859E-05 9.98859E-05 0.0900653 0.00664253 9.98859E-05 9.98859E-05 0.0535803 9.98859E-05 0.698199 9.98859E-05 9.98859E-05 9.98859E-05
9.98683E-05 9.98683E-05 0.0198866 9.98683E-05 9.98683E-05 9.98683E-05 9.98683E-05 9.98683E-05 9.98683E-05 0.0788294 9.98683E-05 9.98683E-05 9.98683E-05 0.0353233 9.98683E-05 0.864463 9.98683E-05 9.98683E-05 9.98683E-05
0.103779 9.98858E-05 9.98858E-05 9.98858E-05 9.98858E-05 9.98858E-05 9.98858E-05 9.98858E-05 9.98858E-05 0.162597 9.98858E-05 0.0377004 9.98858E-05 0.193734 9.98858E-05 0.4244 9.98858E-05 9.98858E-05 0.0764912
9.98685E-05 9.98685E-05 0.000885095 9.98685E-05 0.121892 9.98685E-05 9.98685E-05 9.98685E-05 9.98685E-05 0.187149 9.98685E-05 9.98685E-05 9.98685E-05 9.98685E-05 9.98685E-05 0.688575 9.98685E-05 9.98685E-05 9.98685E-05
0.0456466 9.98947E-05 9.98947E-05 9.98947E-05 9.98947E-05 9.98947E-05 0.00768228 9.98947E-05 9.98947E-05 0.185709 9.98947E-05 9.98947E-05 9.98947E-05 0.185896 0.0749353 0.434662 9.98947E-05 9.98947E-05 0.0642698
0.0877629 9.98947E-05 9.98947E-05 9.98947E-05 0.268418 9.98947E-05 9.98947E-05 9.98947E-05 0.0568155 0.165443 9.98947E-05 9.98947E-05 9.98947E-05 0.10278 9.98947E-05 0.297531 9.98947E-05 0.0200509 9.98947E-05
9.98771E-05 9.98771E-05 9.98771E-05 9.98771E-05 0.543629 9.98771E-05 0.123548 9.98771E-05 9.98771E-05 9.98771E-05 9.98771E-05 9.98771E-05 9.98771E-05 0.057354 0.0303728 0.243698 9.98771E-05 9.98771E-05 9.98771E-05
9.98681E-05 9.98681E-05 9.98681E-05 9.98681E-05 9.98681E-05 9.98681E-05 9.98681E-05 9.98681E-05 9.98681E-05 0.0765919 9.98681E-05 9.98681E-05 9.98681E-05 0.0701332 9.98681E-05 0.83473 9.98681E-05 0.017047 9.98681E-05
9.98597E-05 9.98597E-05 9.98597E-05 9.98597E-05 9.98597E-05 9.98597E-05 9.98597E-05 9.98597E-05 9.98597E-05 0.236684 9.98597E-05 9.98597E-05 9.98597E-05 0.197206 9.98597E-05 0.564512 9.98597E-05 9.98597E-05 9.98597E-05
9.9886E-05 9.9886E-05 0.0254403 9.9886E-05 0.0118883 9.9886E-05 9.9886E-05 9.9886E-05 9.9886E-05 0.00141112 9.9886E-05 9.9886E-05 9.9886E-05 0.104107 9.9886E-05 0.804419 9.9886E-05 9.9886E-05 0.0514359
9.98773E-05 9.98773E-05 0.0286684 9.98773E-05 9.98773E-05 9.98773E-05 9.98773E-05 9.98773E-05 9.98773E-05 0.0162249 9.98773E-05 9.98773E-05 9.98773E-05 0.16025 9.98773E-05 0.742393 9.98773E-05 0.0510655 9.98773E-05
9.98596E-05 9.98596E-05 9.98596E-05 9.98596E-05 9.98596E-05 9.98596E-05 9.98596E-05 9.98596E-05 9.98596E-05 9.98596E-05 9.98596E-05 9.98596E-05 9.98596E-05 9.98596E-05 9.98596E-05 0.938057 9.98596E-05 0.0584488 0.0018962
9.98771E-05 9.98771E-05 9.98771E-05 9.98771E-05 9.98771E-05 9.98771E-05 9.98771E-05 9.98771E-05 9.98771E-05 0.298001 9.98771E-05 9.98771E-05 9.98771E-05 0.0835108 9.98771E-05 0.454314 0.00470622 9.98771E-05 0.158069
9.98683E-05 9.98683E-05 9.98683E-05 0.0677626 9.98683E-05 9.98683E-05 9.98683E-05 9.98683E-05 0.0211996 9.98683E-05 9.98683E-05 9.98683E-05 9.98683E-05 0.0755427 9.98683E-05 0.833997 9.98683E-05 9.98683E-05 9.98683E-05
9.98508E-05 9.98508E-05 9.98508E-05 9.98508E-05 9.98508E-05 9.98508E-05 9.98508E-05 9.98508E-05 9.98508E-05 9.98508E-05 9.98508E-05 9.98508E-05 9.98508E-05 0.002682 9.98508E-05 0.995621 9.98508E-05 9.98508E-05 9.98508E-05
9.9877E-05 0.106613 9.9877E-05 9.9877E-05 0.0935574 9.9877E-05 9.9877E-05 0.0561353 9.9877E-05 0.0505567 9.9877E-05 9.9877E-05 9.9877E-05 9.9877E-05 9.9877E-05 0.691739 9.9877E-05 9.9877E-05 9.9877E-05
9.98683E-05 9.98683E-05 9.98683E-05 9.98683E-05 9.98683E-05 9.98683E-05 9.98683E-05 9.98683E-05 9.98683E-05 0.15072 0.106601 9.98683E-05 9.98683E-05 0.171415 9.98683E-05 0.569766 9.98683E-05 9.98683E-05 9.98683E-05
9.98771E-05 9.98771E-05 0.00114988 9.98771E-05 0.471045 9.98771E-05 9.98771E-05 9.98771E-05 9.98771E-05 0.0767771 0.0289687 9.98771E-05 9.98771E-05 9.98771E-05 9.98771E-05 0.420661 9.98771E-05 9.98771E-05 9.98771E-05
9.98685E-05 9.98685E-05 9.98685E-05 9.98685E-05 0.188661 9.98685E-05 9.98685E-05 9.98685E-05 9.98685E-05 0.0145734 9.98685E-05 9.98685E-05 9.98685E-05 0.0591266 9.98685E-05 0.736141 9.98685E-05 9.98685E-05 9.98685E-05
9.9851E-05 9.9851E-05 9.9851E-05 9.9851E-05 0.199143 9.9851E-05 9.9851E-05 9.9851E-05 9.9851E-05 9.9851E-05 9.9851E-05 9.9851E-05 9.9851E-05 9.9851E-05 9.9851E-05 0.799159 9.9851E-05 9.9851E-05 9.9851E-05
0.0565669 9.98773E-05 9.98773E-05 9.98773E-05 0.362676 9.98773E-05 9.98773E-05 9.98773E-05 9.98773E-05 0.0168234 9.98773E-05 9.98773E-05 9.98773E-05 9.98773E-05 9.98773E-05 0.532064 9.98773E-05 9.98773E-05 0.0304706
0.0739785 9.98859E-05 0.00582153 9.98859E-05 9.98859E-05 9.98859E-05 9.98859E-05 9.98859E-05 9.98859E-05 0.100117 9.98859E-05 9.98859E-05 9.98859E-05 0.293929 9.98859E-05 0.47462 0.050235 9.98859E-05 9.98859E-05
9.98684E-05 9.98684E-05 9.98684E-05 9.98684E-05 9.98684E-05 9.98684E-05 9.98684E-05 0.00868618 9.98684E-05 0.196574 9.98684E-05 9.98684E-05 9.98684E-05 9.98684E-05 9.98684E-05 0.791866 0.00137595 9.98684E-05 9.98684E-05
9.9886E-05 9.9886E-05 9.9886E-05 9.9886E-05 0.433607 9.9886E-05 9.9886E-05 0.051767 9.9886E-05 0.108182 9.9886E-05 9.9886E-05 9.9886E-05 0.0489013 9.9886E-05 0.20138 9.9886E-05 9.9886E-05 0.154864
9.98597E-05 9.98597E-05 9.98597E-05 9.98597E-05 0.41671 9.98597E-05 9.98597E-05 9.98597E-05 9.98597E-05 9.98597E-05 9.98597E-05 9.98597E-05 9.98597E-05 0.0197016 9.98597E-05 0.561991 9.98597E-05 9.98597E-05 9.98597E-05
0.103943 9.9877E-05 9.9877E-05 9.9877E-05 9.9877E-05 9.9877E-05 9.9877E-05 9.9877E-05 0.0517949 0.20924 9.9877E-05 9.9877E-05 9.9877E-05 9.9877E-05 9.9877E-05 0.516024 9.9877E-05 9.9877E-05 0.1176
9.99035E-05 9.99035E-05 0.0141357 9.99035E-05 0.018477 0.115348 9.99035E-05 0.0878262 9.99035E-05 0.143782 0.00651164 9.99035E-05 9.99035E-05 0.086007 9.99035E-05 0.526813 9.99035E-05 9.99035E-05 9.99035E-05
0.0984362 0.121683 9.99036E-05 9.99036E-05 0.0157395 9.99036E-05 0.0949311 0.0188545 9.99036E-05 0.158499 9.99036E-05 9.99036E-05 9.99036E-05 0.00618043 9.99036E-05 0.484578 9.99036E-05 9.99036E-05 9.99036E-05
9.98684E-05 9.98684E-05 9.98684E-05 9.98684E-05 9.98684E-05 9.98684E-05 9.98684E-05 9.98684E-05 0.0695838 0.278122 9.98684E-05 9.98684E-05 9.98684E-05 0.221511 9.98684E-05 0.429285 9.98684E-05 9.98684E-05 9.98684E-05
9.98509E-05 9.98509E-05 9.98509E-05 9.98509E-05 0.435485 9.98509E-05 9.98509E-05 9.98509E-05 9.98509E-05 9.98509E-05 9.98509E-05 9.98509E-05 9.98509E-05 9.98509E-05 9.98509E-05 0.562817 9.98509E-05 9.98509E-05 9.98509E-05
9.98683E-05 9.98683E-05 9.98683E-05 9.98683E-05 9.98683E-05 9.98683E-05 9.98683E-05 9.98683E-05 9.98683E-05 9.98683E-05 9.98683E-05 0.147308 9.98683E-05 0.10784 0.0326181 0.710736 9.98683E-05 9.98683E-05 9.98683E-05
9.98696E-05 9.98696E-05 9.98696E-05 9.98696E-05 0.514264 9.98696E-05 9.98696E-05 9.98696E-05 9.98696E-05 0.128548 9.98696E-05 9.98696E-05 9.98696E-05 0.0186198 9.98696E-05 0.33707 9.98696E-05 9.98696E-05 9.98696E-05
9.9886E-05 9.9886E-05 0.0601978 9.9886E-05 0.15919 9.9886E-05 9.9886E-05 0.0169182 9.9886E-05 0.142942 9.9886E-05 9.9886E-05 9.9886E-05 0.0715114 9.9886E-05 0.547942 9.9886E-05 9.9886E-05 9.9886E-05
9.98684E-05 0.0130768 9.98684E-05 9.98684E-05 9.98684E-05 9.98684E-05 9.98684E-05 9.98684E-05 9.98684E-05 0.0228037 9.98684E-05 9.98684E-05 9.98684E-05 9.98684E-05 9.98684E-05 0.95147 9.98684E-05 0.0111514 9.98684E-05
9.98771E-05 9.98771E-05 0.0230946 9.98771E-05 9.98771E-05 9.98771E-05 9.98771E-05 9.98771E-05 0.0032785 9.98771E-05 0.00676858 0.0831927 9.98771E-05 9.98771E-05 9.98771E-05 0.882267 9.98771E-05 9.98771E-05 9.98771E-05
0.211522 9.98683E-05 9.98683E-05 9.98683E-05 9.98683E-05 9.98683E-05 9.98683E-05 9.98683E-05 9.98683E-05 0.188935 9.98683E-05 9.98683E-05 9.98683E-05 0.126254 9.98683E-05 0.471791 9.98683E-05 9.98683E-05 9.98683E-05
9.98595E-05 9.98595E-05 9.98595E-05 9.98595E-05 9.98595E-05 9.98595E-05 9.98595E-05 9.98595E-05 9.98595E-05 0.118843 9.98595E-05 9.98595E-05 9.98595E-05 0.0866199 9.98595E-05 0.792939 9.98595E-05 9.98595E-05 9.98595E-05
9.98771E-05 9.98771E-05 9.98771E-05 9.98771E-05 9.98771E-05 9.98771E-05 0.0266422 9.98771E-05 9.98771E-05 0.00144363 9.98771E-05 9.98771E-05 9.98771E-05 9.98771E-05 9.98771E-05 0.90802 0.0485377 9.98771E-05 0.0139578
9.98596E-05 9.98596E-05 9.98596E-05 9.98596E-05 0.0124144 9.98596E-05 9.98596E-05 9.98596E-05 9.98596E-05 9.98596E-05 9.98596E-05 9.98596E-05 9.98596E-05 9.98596E-05 9.98596E-05 0.884775 9.98596E-05 9.98596E-05 0.101213
0.0940663 9.98684E-05 9.98684E-05 9.98684E-05 0.083553 9.98684E-05 9.98684E-05 9.98684E-05 9.98684E-05 0.159438 9.98684E-05 9.98684E-05 9.98684E-05 9.98684E-05 9.98684E-05 0.661445 9.98684E-05 9.98684E-05 9.98684E-05
9.98418E-05 9.98418E-05 9.98418E-05 9.98418E-05 9.98418E-05 9.98418E-05 9.98418E-05 9.98418E-05 9.98418E-05 9.98418E-05 9.98418E-05 9.98418E-05 9.98418E-05 0.998203 9.98418E-05 9.98418E-05 9.98418E-05 9.98418E-05 9.98418E-05
9.98418E-05 9.98418E-05 9.98418E-05 9.98418E-05 9.98418E-05 9.98418E-05 9.98418E-05 9.98418E-05 9.98418E-05 0.998203 9.98418E-05 9.98418E-05 9.98418E-05 9.98418E-05 9.98418E-05 9.98418E-05 9.98418E-05 9.98418E-05 9.98418E-05
9.98418E-05 9.98418E-05 9.98418E-05 9.98418E-05 9.98418E-05 9.98418E-05 9.98418E-05 9.98418E-05 9.98418E-05 9.98418E-05 9.98418E-05 9.98418E-05 9.98418E-05 0.998203 9.98418E-05 9.98418E-05 9.98418E-05 9.98418E-05 9.98418E-05
9.98417E-05 9.98417E-05 9.98417E-05 9.98417E-05 9.98417E-05 9.98417E-05 9.98417E-05 9.98417E-05 9.98417E-05 0.998203 9.98417E-05 9.98417E-05 9.98417E-05 9.98417E-05 9.98417E-05 9.98417E-05 9.98417E-05 9.98417E-05 9.98417E-05
9.98418E-05 9.98418E-05 9.98418E-05 9.98418E-05 9.98418E-05 9.98418E-05 9.98418E-05 9.98418E-05 9.98418E-05 0.998203 9.98418E-05 9.98418E-05 9.98418E-05 9.98418E-05 9.98418E-05 9.98418E-05 9.98418E-05 9.98418E-05 9.98418E-05
9.98418E-05 9.98418E-05 9.98418E-05 9.98418E-05 9.98418E-05 9.98418E-05 9.98418E-05 9.98418E-05 9.98418E-05 0.998203 9.98418E-05 9.98418E-05 9.98418E-05 9.98418E-05 9.98418E-05 9.98418E-05 9.98418E-05 9.98418E-05 9.98418E-05
9.98418E-05 9.98418E-05 9.98418E-05 9.98418E-05 9.98418E-05 9.98418E-05 9.98418E-05 9.98418E-05 9.98418E-05 9.98418E-05 9.98418E-05 9.98418E-05 9.98418E-05 0.998203 9.98418E-05 9.98418E-05 9.98418E-05 9.98418E-05 9.98418E-05
9.98417E-05 9.98417E-05 9.98417E-05 9.98417E-05 9.98417E-05 9.98417E-05 9.98417E-05 9.98417E-05 9.98417E-05 0.998203 9.98417E-05 9.98417E-05 9.98417E-05 9.98417E-05 9.98417E-05 9.98417E-05 9.98417E-05 9.98417E-05 9.98417E-05
9.98418E-05 9.98418E-05 9.98418E-05 9.98418E-05 9.98418E-05 9.98418E-05 9.98418E-05 9.98418E-05 9.98418E-05 0.998203 9.98418E-05 9.98418E-05 9.98418E-05 9.98418E-05 9.98418E-05 9.98418E-05 9.98418E-05 9.98418E-05 9.98418E-05
9.98418E-05 9.98418E-05 9.98418E-05 9.98418E-05 9.98418E-05 9.98418E-05 9.98418E-05 9.98418E-05 9.98418E-05 9.98418E-05 9.98418E-05 9.98418E-05 9.98418E-05 0.998203 9.98418E-05 9.98418E-05 9.98418E-05 9.98418E-05 9.98418E-05
9.98417E-05 9.98417E-05 9.98417E-05 9.98417E-05 9.98417E-05 9.98417E-05 9.98417E-05 9.98417E-05 9.98417E-05 9.98417E-05 9.98417E-05 9.98417E-05 9.98417E-05 0.998203 9.98417E-05 9.98417E-05 9.98417E-05 9.98417E-05 9.98417E-05
9.98417E-05 9.98417E-05 9.98417E-05 9.98417E-05 9.98417E-05 9.98417E-05 9.98417E-05 9.98417E-05 9.98417E-05 9.98417E-05 9.98417E-05 9.98417E-05 9.98417E-05 0.998203 9.98417E-05 9.98417E-05 9.98417E-05 9.98417E-05 9.98417E-05
9.98417E-05 9.98417E-05 9.98417E-05 9.98417E-05 9.98417E-05 9.98417E-05 9.98417E-05 9.98417E-05 9.98417E-05 0.998203 9.98417E-05 9.98417E-05 9.98417E-05 9.98417E-05 9.98417E-05 9.98417E-05 9.98417E-05 9.98417E-05 9.98417E-05
9.98418E-05 9.98418E-05 9.98418E-05 9.98418E-05 9.98418E-05 9.98418E-05 9.98418E-05 9.98418E-05 9.98418E-05 0.998203 9.98418E-05 9.98418E-05 9.98418E-05 9.98418E-05 9.98418E-05 9.98418E-05 9.98418E-05 9.98418E-05 9.98418E-05
9.98418E-05 9.98418E-05 9.98418E-05 9.98418E-05 9.98418E-05 9.98418E-05 9.98418E-05 9.98418E-05 9.98418E-05 9.98418E-05 9.98418E-05 9.98418E-05 9.98418E-05 0.998203 9.98418E-05 9.98418E-05 9.98418E-05 9.98418E-05 9.98418E-05
9.98417E-05 9.98417E-05 9.98417E-05 9.98417E-05 9.98417E-05 9.98417E-05 9.98417E-05 9.98417E-05 9.98417E-05 9.98417E-05 9.98417E-05 9.98417E-05 9.98417E-05 0.998203 9.98417E-05 9.98417E-05 9.98417E-05 9.98417E-05 9.98417E-05
9.98858E-05 9.98858E-05 9.98858E-05 0.19396 9.98858E-05 9.98858E-05 0.0473767 9.98858E-05 9.98858E-05 0.0548815 9.98858E-05 9.98858E-05 9.98858E-05 0.0634817 0.0550278 0.583974 9.98858E-05 9.98858E-05 9.98858E-05
9.98418E-05 9.98418E-05 9.98418E-05 9.98418E-05 9.98418E-05 9.98418E-05 9.98418E-05 9.98418E-05 9.98418E-05 9.98418E-05 9.98418E-05 9.98418E-05 9.98418E-05 0.998203 9.98418E-05 9.98418E-05 9.98418E-05 9.98418E-05 9.98418E-05
9.98417E-05 9.98417E-05 9.98417E-05 9.98417E-05 9.98417E-05 9.98417E-05 9.98417E-05 9.98417E-05 9.98417E-05 0.998203 9.98417E-05 9.98417E-05 9.98417E-05 9.98417E-05 9.98417E-05 9.98417E-05 9.98417E-05 9.98417E-05 9.98417E-05
9.98418E-05 9.98418E-05 9.98418E-05 9.98418E-05 9.98418E-05 9.98418E-05 9.98418E-05 9.98418E-05 9.98418E-05 9.98418E-05 9.98418E-05 9.98418E-05 9.98418E-05 0.998203 9.98418E-05 9.98418E-05 9.98418E-05 9.98418E-05 9.98418E-05
9.98418E-05 9.98418E-05 9.98418E-05 9.98418E-05 9.98418E-05 9.98418E-05 9.98418E-05 9.98418E-05 9.98418E-05 9.98418E-05 9.98418E-05 9.98418E-05 9.98418E-05 0.998203 9.98418E-05 9.98418E-05 9.98418E-05 9.98418E-05 9.98418E-05
9.98417E-05 9.98417E-05 9.98417E-05 9.98417E-05 9.98417E-05 9.98417E-05 9.98417E-05 9.98417E-05 9.98417E-05 9.98417E-05 9.98417E-05 9.98417E-05 9.98417E-05 0.998203 9.98417E-05 9.98417E-05 9.98417E-05 9.98417E-05 9.98417E-05
9.98417E-05 9.98417E-05 9.98417E-05 9.98417E-05 9.98417E-05 9.98417E-05 9.98417E-05 9.98417E-05 9.98417E-05 0.998203 9.98417E-05 9.98417E-05 9.98417E-05 9.98417E-05 9.98417E-05 9.98417E-05 9.98417E-05 9.98417E-05 9.98417E-05
9.98417E-05 9.98417E-05 9.98417E-05 9.98417E-05 9.98417E-05 9.98417E-05 9.98417E-05 9.98417E-05 9.98417E-05 9.98417E-05 9.98417E-05 9.98417E-05 9.98417E-05 0.998203 9.98417E-05 9.98417E-05 9.98417E-05 9.98417E-05 9.98417E-05
9.98417E-05 9.98417E-05 9.98417E-05 9.98417E-05 9.98417E-05 9.98417E-05 9.98417E-05 9.98417E-05 9.98417E-05 0.998203 9.98417E-05 9.98417E-05 9.98417E-05 9.98417E-05 9.98417E-05 9.98417E-05 9.98417E-05 9.98417E-05 9.98417E-05
9.98418E-05 9.98418E-05 9.98418E-05 9.98418E-05 9.98418E-05 9.98418E-05 9.98418E-05 9.98418E-05 9.98418E-05 9.98418E-05 9.98418E-05 9.98418E-05 9.98418E-05 0.998203 9.98418E-05 9.98418E-05 9.98418E-05 9.98418E-05 9.98418E-05
9.98418E-05 9.98418E-05 9.98418E-05 9.98418E-05 9.98418E-05 9.98418E-05 9.98418E-05 9.98418E-05 9.98418E-05 9.98418E-05 9.98418E-05 9.98418E-05 9.98418E-05 0.998203 9.98418E-05 9.98418E-05 9.98418E-05 9.98418E-05 9.98418E-05
9.98417E-05 9.98417E-05 9.98417E-05 9.98417E-05 9.98417E-05 9.98417E-05 9.98417E-05 9.98417E-05 9.98417E-05 0.998203 9.98417E-05 9.98417E-05 9.98417E-05 9.98417E-05 9.98417E-05 9.98417E-05 9.98417E-05 9.98417E-05 9.98417E-05
9.98418E-05 9.98418E-05 9.98418E-05 9.98418E-05 9.98418E-05 9.98418E-05 9.98418E-05 9.98418E-05 9.98418E-05 0.998203 9.98418E-05 9.98418E-05 9.98418E-05 9.98418E-05 9.98418E-05 9.98418E-05 9.98418E-05 9.98418E-05 9.98418E-05
9.98417E-05 9.98417E-05 9.98417E-05 9.98417E-05 9.98417E-05 9.98417E-05 9.98417E-05 9.98417E-05 9.98417E-05 0.998203 9.98417E-05 9.98417E-05 9.98417E-05 9.98417E-05 9.98417E-05 9.98417E-05 9.98417E-05 9.98417E-05 9.98417E-05
9.98419E-05 9.98419E-05 9.98419E-05 9.98419E-05 9.98419E-05 9.98419E-05 9.98419E-05 9.98419E-05 9.98419E-05 9.98419E-05 9.98419E-05 9.98419E-05 9.98419E-05 0.998203 9.98419E-05 9.98419E-05 9.98419E-05 9.98419E-05 9.98419E-05
9.98418E-05 9.98418E-05 9.98418E-05 9.98418E-05 9.98418E-05 9.98418E-05 9.98418E-05 9.98418E-05 9.98418E-05 9.98418E-05 9.98418E-05 9.98418E-05 9.98418E-05 0.998203 9.98418E-05 9.98418E-05 9.98418E-05 9.98418E-05 9.98418E-05
9.98418E-05 9.98418E-05 9.98418E-05 9.98418E-05 9.98418E-05 9.98418E-05 9.98418E-05 9.98418E-05 9.98418E-05 9.98418E-05 9.98418E-05 9.98418E-05 9.98418E-05 0.998203 9.98418E-05 9.98418E-05 9.98418E-05 9.98418E-05 9.98418E-05
9.98417E-05 9.98417E-05 9.98417E-05 9.98417E-05 9.98417E-05 9.98417E-05 9.98417E-05 9.98417E-05 9.98417E-05 9.98417E-05 9.98417E-05 9.98417E-05 9.98417E-05 0.998203 9.98417E-05 9.98417E-05 9.98417E-05 9.98417E-05 9.98417E-05
9.98417E-05 9.98417E-05 9.98417E-05 9.98417E-05 9.98417E-05 9.98417E-05 9.98417E-05 9.98417E-05 9.98417E-05 9.98417E-05 9.98417E-05 9.98417E-05 9.98417E-05 0.998203 9.98417E-05 9.98417E-05 9.98417E-05 9.98417E-05 9.98417E-05
9.98418E-05 9.98418E-05 9.98418E-05 9.98418E-05 9.98418E-05 9.98418E-05 9.98418E-05 9.98418E-05 9.98418E-05 0.998203 9.98418E-05 9.98418E-05 9.98418E-05 9.98418E-05 9.98418E-05 9.98418E-05 9.98418E-05 9.98418E-05 9.98418E-05
9.98417E-05 9.98417E-05 9.98417E-05 9.98417E-05 9.98417E-05 9.98417E-05 9.98417E-05 9.98417E-05 9.98417E-05 0.998203 9.98417E-05 9.98417E-05 9.98417E-05 9.98417E-05 9.98417E-05 9.98417E-05 9.98417E-05 9.98417E-05 9.98417E-05
