9.99473E-05 0.0707191 0.0584254 9.99473E-05 9.99473E-05 0.0145273 9.99473E-05 9.99473E-05 0.0417713 0.283071 0.397161 0.133725 9.99473E-05
0.00829795 0.0560169 9.99386E-05 9.99386E-05 9.99386E-05 0.00759354 9.99386E-05 9.99386E-05 0.0339003 9.99386E-05 0.673094 0.220398 9.99386E-05
0.00387366 0.0311795 9.9921E-05 9.9921E-05 0.0495623 9.9921E-05 9.9921E-05 9.9921E-05 9.9921E-05 9.9921E-05 0.914485 9.9921E-05 9.9921E-05
0.01869 0.0270938 0.353869 9.99649E-05 0.169278 0.0167541 9.99649E-05 0.00693284 0.071752 0.065352 0.269879 9.99649E-05 9.99649E-05
0.19132 9.99123E-05 9.99123E-05 9.99123E-05 9.99123E-05 9.99123E-05 9.99123E-05 0.0184113 9.99123E-05 9.99123E-05 0.789269 9.99123E-05 9.99123E-05
0.140106 9.99561E-05 0.0329348 9.99561E-05 0.176866 0.0148657 9.99561E-05 0.141996 9.99561E-05 0.106545 0.281074 0.105113 9.99561E-05
9.99473E-05 0.0180491 0.223047 9.99473E-05 9.99473E-05 9.99473E-05 0.0175322 9.99473E-05 0.125907 0.183783 0.308548 0.122533 9.99473E-05
0.20591 9.99386E-05 9.99386E-05 9.99386E-05 0.0460735 9.99386E-05 0.196015 0.141391 9.99386E-05 0.155521 0.25439 9.99386E-05 9.99386E-05
9.99386E-05 0.242047 0.132783 9.99386E-05 9.99386E-05 0.0464026 9.99386E-05 0.23173 0.0387483 9.99386E-05 0.307589 9.99386E-05 9.99386E-05
9.99122E-05 0.0693124 9.99122E-05 9.99122E-05 9.99122E-05 9.99122E-05 9.99122E-05 9.99122E-05 0.0199846 9.99122E-05 0.909704 9.99122E-05 9.99122E-05
9.99298E-05 0.197874 9.99298E-05 9.99298E-05 9.99298E-05 9.99298E-05 9.99298E-05 0.0145992 0.153149 0.146194 0.487385 9.99298E-05 9.99298E-05
9.9921E-05 0.00676847 9.9921E-05 9.9921E-05 9.9921E-05 9.9921E-05 0.11026 9.9921E-05 0.00978017 9.9921E-05 0.872292 9.9921E-05 9.9921E-05
9.99121E-05 0.0865905 9.99121E-05 9.99121E-05 9.99121E-05 9.99121E-05 9.99121E-05 9.99121E-05 9.99121E-05 0.110113 0.802297 9.99121E-05 9.99121E-05
9.99298E-05 0.0720334 9.99298E-05 9.99298E-05 0.182383 9.99298E-05 0.0508953 9.99298E-05 0.041249 9.99298E-05 0.65264 9.99298E-05 9.99298E-05
9.99473E-05 0.116433 0.0676736 9.99473E-05 0.0989214 9.99473E-05 9.99473E-05 0.0816218 9.99473E-05 0.301089 0.313751 0.0199112 9.99473E-05
9.99561E-05 0.140599 0.158534 9.99561E-05 0.0237079 9.99561E-05 0.0997596 0.159266 0.00584064 0.183508 0.228285 9.99561E-05 9.99561E-05
9.99473E-05 0.0924154 0.0673285 9.99473E-05 9.99473E-05 9.99473E-05 0.0157461 9.99473E-05 0.0626811 9.99473E-05 0.587907 0.0645212 0.108801
0.0243656 0.069931 9.99561E-05 0.164067 0.094976 0.0857362 9.99561E-05 0.0276202 9.99561E-05 0.330754 0.202049 9.99561E-05 9.99561E-05
9.99472E-05 0.153735 0.120252 0.0329742 9.99472E-05 9.99472E-05 9.99472E-05 0.12398 0.0256666 0.248131 0.294661 9.99472E-05 9.99472E-05
9.99035E-05 9.99035E-05 9.99035E-05 9.99035E-05 9.99035E-05 9.99035E-05 9.99035E-05 0.00531456 9.99035E-05 9.99035E-05 0.993586 9.99035E-05 9.99035E-05
0.0827309 0.0659911 0.146735 9.99474E-05 9.99474E-05 0.0361589 9.99474E-05 0.0913987 0.0678868 9.99474E-05 0.508499 9.99474E-05 9.99474E-05
0.183934 9.99298E-05 0.0857813 9.99298E-05 9.99298E-05 9.99298E-05 9.99298E-05 0.183002 9.99298E-05 0.33192 0.214564 9.99298E-05 9.99298E-05
9.99386E-05 0.121468 9.99386E-05 9.99386E-05 0.040377 9.99386E-05 9.99386E-05 9.99386E-05 0.054786 0.062759 0.647702 0.0722091 9.99386E-05
9.99297E-05 0.256375 0.0230384 9.99297E-05 9.99297E-05 9.99297E-05 9.99297E-05 9.99297E-05 0.0035799 0.342478 0.373729 9.99297E-05 9.99297E-05
9.99561E-05 0.306764 9.99561E-05 9.99561E-05 0.117032 0.106019 0.00351316 0.0377576 0.0868006 0.0693824 0.272232 9.99561E-05 9.99561E-05
9.99473E-05 0.13923 9.99473E-05 9.99473E-05 0.0552258 9.99473E-05 0.0438492 0.0219629 0.0254144 0.0495335 0.664184 9.99473E-05 9.99473E-05
9.99385E-05 0.0393983 9.99385E-05 0.176032 0.402741 0.0498035 0.0385447 9.99385E-05 9.99385E-05 0.292781 9.99385E-05 9.99385E-05 9.99385E-05
9.99298E-05 0.0125335 0.126379 9.99298E-05 9.99298E-05 9.99298E-05 9.99298E-05 9.99298E-05 0.00406383 0.0689261 0.787298 9.99298E-05 9.99298E-05
9.99298E-05 0.210881 9.99298E-05 9.99298E-05 0.026451 0.0214224 9.99298E-05 9.99298E-05 9.99298E-05 0.169009 0.571437 9.99298E-05 9.99298E-05
9.99386E-05 0.0743766 9.99386E-05 9.99386E-05 0.0942335 9.99386E-05 9.99386E-05 0.0659995 0.00609409 9.99386E-05 0.719212 0.0393847 9.99386E-05
9.99385E-05 0.037459 9.99385E-05 9.99385E-05 9.99385E-05 0.015657 9.99385E-05 0.0258246 0.103907 0.145077 0.671376 9.99385E-05 9.99385E-05
0.0557307 0.0312025 0.0761843 9.99474E-05 0.229864 9.99474E-05 9.99474E-05 9.99474E-05 0.102907 0.0124654 0.491047 9.99474E-05 9.99474E-05
9.99385E-05 0.141652 9.99385E-05 9.99385E-05 0.043338 9.99385E-05 0.0203565 9.99385E-05 0.161596 0.127675 0.504683 9.99385E-05 9.99385E-05
0.0884254 0.0895159 9.99649E-05 0.0611445 0.120035 0.00656824 0.0384998 9.99649E-05 0.0384036 0.0191502 0.537857 9.99649E-05 9.99649E-05
9.99386E-05 0.00488101 9.99386E-05 9.99386E-05 9.99386E-05 0.0335642 9.99386E-05 0.00584021 0.0527436 9.99386E-05 0.812992 0.0892792 9.99386E-05
9.99386E-05 9.99386E-05 0.129313 9.99386E-05 9.99386E-05 0.00838573 9.99386E-05 0.0884564 9.99386E-05 0.0426036 0.698632 0.0319097 9.99386E-05
9.99211E-05 9.99211E-05 9.99211E-05 9.99211E-05 9.99211E-05 9.99211E-05 0.099371 9.99211E-05 0.0202759 9.99211E-05 0.813921 0.0655329 9.99211E-05
9.99298E-05 0.0706768 9.99298E-05 9.99298E-05 9.99298E-05 0.050668 9.99298E-05 0.154701 9.99298E-05 9.99298E-05 0.716405 0.00674955 9.99298E-05
0.229276 0.196136 9.99386E-05 9.99386E-05 9.99386E-05 9.99386E-05 9.99386E-05 9.99386E-05 0.0294917 9.99386E-05 0.466602 0.0068679 0.0709264
9.9921E-05 0.120194 9.9921E-05 9.9921E-05 0.168063 9.9921E-05 0.133493 9.9921E-05 9.9921E-05 9.9921E-05 0.57735 9.9921E-05 9.9921E-05
9.99385E-05 0.0801722 0.0290997 9.99385E-05 9.99385E-05 9.99385E-05 9.99385E-05 0.0153095 0.028388 0.0756961 0.770635 9.99385E-05 9.99385E-05
9.99299E-05 0.0573957 9.99299E-05 9.99299E-05 9.99299E-05 9.99299E-05 9.99299E-05 0.00695627 9.99299E-05 0.282936 0.609421 0.0424914 9.99299E-05
0.0412585 9.99297E-05 9.99297E-05 9.99297E-05 9.99297E-05 9.99297E-05 9.99297E-05 9.99297E-05 9.99297E-05 0.086973 0.74677 0.0745534 0.0496457
9.99473E-05 0.247682 9.99473E-05 9.99473E-05 0.0302442 9.99473E-05 9.99473E-05 0.0349341 0.0507947 0.248498 0.364968 0.0222789 9.99473E-05
0.0435535 0.237458 0.141836 9.99298E-05 9.99298E-05 9.99298E-05 9.99298E-05 9.99298E-05 9.99298E-05 0.315866 0.260487 9.99298E-05 9.99298E-05
0.0163095 0.0393832 9.9921E-05 9.9921E-05 9.9921E-05 0.0455903 9.9921E-05 9.9921E-05 9.9921E-05 9.9921E-05 0.897818 9.9921E-05 9.9921E-05
9.9921E-05 0.0672833 9.9921E-05 0.0969251 9.9921E-05 9.9921E-05 9.9921E-05 0.00667398 9.9921E-05 9.9921E-05 0.828218 9.9921E-05 9.9921E-05
9.99211E-05 0.0151818 9.99211E-05 0.00656161 9.99211E-05 9.99211E-05 0.0514961 9.99211E-05 9.99211E-05 9.99211E-05 0.925861 9.99211E-05 9.99211E-05
0.0119009 0.130731 9.99297E-05 9.99297E-05 9.99297E-05 9.99297E-05 9.99297E-05 9.99297E-05 0.0284245 0.186947 0.641198 9.99297E-05 9.99297E-05
9.99212E-05 9.99212E-05 9.99212E-05 9.99212E-05 9.99212E-05 9.99212E-05 0.217474 0.0166327 9.99212E-05 9.99212E-05 0.740468 0.0245264 9.99212E-05
9.994E-05 0.219352 0.0446576 9.994E-05 0.227333 9.994E-05 9.994E-05 0.0123198 0.114283 0.138934 0.242521 9.994E-05 9.994E-05
0.0861926 9.99298E-05 0.156663 9.99298E-05 9.99298E-05 9.99298E-05 9.99298E-05 0.0435308 9.99298E-05 0.107356 0.605458 9.99298E-05 9.99298E-05
9.99386E-05 0.057378 9.99386E-05 9.99386E-05 0.0744005 0.0283803 9.99386E-05 9.99386E-05 9.99386E-05 0.0285532 0.810268 0.000319992 9.99386E-05
9.99299E-05 0.0203627 9.99299E-05 0.0803303 9.99299E-05 0.00751108 0.226459 9.99299E-05 9.99299E-05 9.99299E-05 0.664538 9.99299E-05 9.99299E-05
9.99211E-05 0.100552 0.0579103 9.99211E-05 9.99211E-05 9.99211E-05 9.99211E-05 0.0771693 9.99211E-05 9.99211E-05 0.763469 9.99211E-05 9.99211E-05
0.104956 9.99298E-05 9.99298E-05 9.99298E-05 0.158628 0.0284775 9.99298E-05 9.99298E-05 0.0208607 9.99298E-05 0.686279 9.99298E-05 9.99298E-05
0.00668849 0.0456948 0.0272395 0.104027 9.99561E-05 9.99561E-05 9.99561E-05 0.00276567 9.99561E-05 0.0342111 0.723912 0.0549618 9.99561E-05
9.9921E-05 0.0731305 0.0700445 9.9921E-05 9.9921E-05 9.9921E-05 9.9921E-05 9.9921E-05 0.110434 9.9921E-05 0.745491 9.9921E-05 9.9921E-05
9.9921E-05 0.0109098 9.9921E-05 9.9921E-05 9.9921E-05 9.9921E-05 9.9921E-05 0.00112813 0.0719876 9.9921E-05 0.915075 9.9921E-05 9.9921E-05
9.99474E-05 0.200235 9.99474E-05 0.0801865 0.0624143 9.99474E-05 9.99474E-05 9.99474E-05 0.0326511 0.503509 0.00660893 0.113795 9.99474E-05
9.99562E-05 0.0485843 0.0278707 0.0226423 9.99562E-05 0.0393185 0.0419984 9.99562E-05 9.99562E-05 0.618492 0.12323 0.0773641 9.99562E-05
9.99473E-05 0.00239525 9.99473E-05 0.159065 9.99473E-05 9.99473E-05 0.0163244 9.99473E-05 9.99473E-05 0.384257 0.1398 0.126818 0.170741
9.99474E-05 0.0716504 9.99474E-05 0.0988393 0.290046 9.99474E-05 0.0150499 0.0997652 9.99474E-05 0.0358803 9.99474E-05 0.388169 9.99474E-05
9.99473E-05 0.146225 9.99473E-05 0.0654702 9.99473E-05 0.128177 9.99473E-05 0.0424516 0.0245979 0.569129 9.99473E-05 0.0233501 9.99473E-05
9.99385E-05 0.291894 9.99385E-05 9.99385E-05 0.0876778 0.00108949 9.99385E-05 0.0338979 9.99385E-05 0.503972 9.99385E-05 0.0807694 9.99385E-05
9.99297E-05 0.222982 0.162793 9.99297E-05 9.99297E-05 9.99297E-05 9.99297E-05 9.99297E-05 0.0469933 0.15624 9.99297E-05 0.410192 9.99297E-05
9.99385E-05 0.132536 9.99385E-05 0.179539 0.145676 9.99385E-05 9.99385E-05 0.0399262 9.99385E-05 0.240947 9.99385E-05 0.260677 9.99385E-05
9.99386E-05 0.0478104 9.99386E-05 0.0762959 0.0372893 9.99386E-05 9.99386E-05 9.99386E-05 9.99386E-05 0.503158 9.99386E-05 0.216918 0.117828
9.99386E-05 0.154265 0.0843829 9.99386E-05 9.99386E-05 9.99386E-05 9.99386E-05 9.99386E-05 0.0844265 0.437074 0.127836 0.111316 9.99386E-05
9.99385E-05 0.33917 9.99385E-05 0.0438523 9.99385E-05 9.99385E-05 9.99385E-05 0.0931473 0.19868 0.282944 9.99385E-05 0.041506 9.99385E-05
0.09731 0.0884145 0.0174732 9.99473E-05 9.99473E-05 9.99473E-05 0.100335 9.99473E-05 0.0434403 0.493828 9.99473E-05 0.1586 9.99473E-05
0.117864 0.0246403 9.99737E-05 0.065955 0.0919575 0.0122508 0.108197 0.180637 0.10325 0.270734 9.99737E-05 0.024215 9.99737E-05
0.0840458 0.242822 9.99385E-05 9.99385E-05 0.029214 9.99385E-05 9.99385E-05 9.99385E-05 0.0067283 0.545683 9.99385E-05 0.0908075 9.99385E-05
9.99474E-05 0.00892034 9.99474E-05 9.99474E-05 0.223291 9.99474E-05 0.0404282 9.99474E-05 0.0176281 0.448945 0.137172 0.123016 9.99474E-05
9.99386E-05 0.171386 9.99386E-05 9.99386E-05 9.99386E-05 9.99386E-05 9.99386E-05 0.0624574 0.0141523 0.566905 0.0250846 9.99386E-05 0.159316
9.994E-05 0.142182 0.145903 0.102184 0.155281 9.994E-05 0.0206653 9.994E-05 9.994E-05 0.319984 9.994E-05 0.113201 9.994E-05
9.99298E-05 0.010511 0.107992 9.99298E-05 9.99298E-05 9.99298E-05 9.99298E-05 0.0798974 0.176886 0.623914 9.99298E-05 9.99298E-05 9.99298E-05
9.99474E-05 0.128497 9.99474E-05 0.175193 0.0279038 9.99474E-05 9.99474E-05 9.99474E-05 0.127082 0.430046 0.0637477 0.0469314 9.99474E-05
9.99385E-05 0.307021 9.99385E-05 0.0329385 0.205546 0.0294468 0.0640387 9.99385E-05 9.99385E-05 0.36031 9.99385E-05 9.99385E-05 9.99385E-05
9.99562E-05 0.14738 9.99562E-05 9.99562E-05 9.99562E-05 0.00718936 0.0644568 9.99562E-05 0.0163897 0.401969 0.0371447 0.0425815 0.282389
9.99297E-05 0.109194 9.99297E-05 0.00608337 0.0441926 9.99297E-05 9.99297E-05 9.99297E-05 9.99297E-05 0.745203 9.99297E-05 0.0945272 9.99297E-05
9.99298E-05 0.101593 9.99298E-05 9.99298E-05 0.128225 9.99298E-05 9.99298E-05 9.99298E-05 9.99298E-05 0.459688 0.115989 0.193705 9.99298E-05
9.99561E-05 0.0842101 0.155223 0.135296 0.160168 9.99561E-05 9.99561E-05 0.0462337 9.99561E-05 0.366242 0.0509399 0.00118731 9.99561E-05
9.9921E-05 0.185291 9.9921E-05 9.9921E-05 9.9921E-05 9.9921E-05 9.9921E-05 9.9921E-05 0.194053 0.535551 0.0842059 9.9921E-05 9.9921E-05
9.99474E-05 0.127421 9.99474E-05 9.99474E-05 9.99474E-05 9.99474E-05 9.99474E-05 0.0137511 0.0161293 0.376293 0.172147 0.203152 0.0905074
9.99299E-05 9.99299E-05 9.99299E-05 0.0298867 9.99299E-05 9.99299E-05 9.99299E-05 9.99299E-05 9.99299E-05 0.662756 0.1373 0.0415154 0.127741
9.99475E-05 0.0816308 0.0305895 0.00186528 9.99475E-05 0.0409391 9.99475E-05 9.99475E-05 9.99475E-05 0.548292 9.99475E-05 0.194761 0.101322
9.99474E-05 0.076244 9.99474E-05 0.191854 0.0078459 9.99474E-05 9.99474E-05 0.0424931 9.99474E-05 0.442029 0.170085 0.068849 9.99474E-05
9.99298E-05 0.310544 9.99298E-05 9.99298E-05 9.99298E-05 9.99298E-05 9.99298E-05 0.0807051 9.99298E-05 0.30389 0.101177 9.99298E-05 0.202884
9.99122E-05 0.106103 9.99122E-05 9.99122E-05 0.776525 9.99122E-05 9.99122E-05 0.116373 9.99122E-05 9.99122E-05 9.99122E-05 9.99122E-05 9.99122E-05
9.99123E-05 9.99123E-05 9.99123E-05 9.99123E-05 0.539723 9.99123E-05 9.99123E-05 0.0823923 9.99123E-05 9.99123E-05 9.99123E-05 9.99123E-05 0.376886
9.99034E-05 0.100502 9.99034E-05 9.99034E-05 0.8984 9.99034E-05 9.99034E-05 9.99034E-05 9.99034E-05 9.99034E-05 9.99034E-05 9.99034E-05 9.99034E-05
9.99121E-05 0.162814 9.99121E-05 9.99121E-05 0.821247 9.99121E-05 9.99121E-05 0.0149399 9.99121E-05 9.99121E-05 9.99121E-05 9.99121E-05 9.99121E-05
9.99033E-05 9.99033E-05 9.99033E-05 9.99033E-05 0.957141 9.99033E-05 9.99033E-05 0.0417597 9.99033E-05 9.99033E-05 9.99033E-05 9.99033E-05 9.99033E-05
9.9921E-05 0.0950195 9.9921E-05 9.9921E-05 0.680454 9.9921E-05 9.9921E-05 0.147591 9.9921E-05 9.9921E-05 9.9921E-05 0.0760367 9.9921E-05
9.99298E-05 0.101653 9.99298E-05 0.00990661 0.725964 9.99298E-05 9.99298E-05 0.116186 9.99298E-05 0.0454908 9.99298E-05 9.99298E-05 9.99298E-05
9.99034E-05 9.99034E-05 9.99034E-05 9.99034E-05 0.852015 9.99034E-05 9.99034E-05 0.146886 9.99034E-05 9.99034E-05 9.99034E-05 9.99034E-05 9.99034E-05
9.99209E-05 9.99209E-05 9.99209E-05 9.99209E-05 0.525721 9.99209E-05 9.99209E-05 0.206148 0.0272168 9.99209E-05 9.99209E-05 0.240016 9.99209E-05
9.9921E-05 0.283716 9.9921E-05 9.9921E-05 0.518811 9.9921E-05 9.9921E-05 0.174355 9.9921E-05 0.0222196 9.9921E-05 9.9921E-05 9.9921E-05
9.9921E-05 9.9921E-05 9.9921E-05 9.9921E-05 0.554769 9.9921E-05 9.9921E-05 9.9921E-05 0.0573918 9.9921E-05 9.9921E-05 0.232979 0.153961
9.99298E-05 0.0656248 9.99298E-05 9.99298E-05 0.705675 9.99298E-05 9.99298E-05 9.99298E-05 0.0219782 9.99298E-05 9.99298E-05 0.168164 0.0377589
9.99123E-05 9.99123E-05 9.99123E-05 9.99123E-05 0.883586 9.99123E-05 9.99123E-05 0.0916068 9.99123E-05 9.99123E-05 9.99123E-05 9.99123E-05 0.0238083
9.99123E-05 0.197461 9.99123E-05 9.99123E-05 0.67542 9.99123E-05 9.99123E-05 0.12612 9.99123E-05 9.99123E-05 9.99123E-05 9.99123E-05 9.99123E-05
9.99211E-05 9.99211E-05 9.99211E-05 0.160113 0.712466 0.00998748 9.99211E-05 0.116534 9.99211E-05 9.99211E-05 9.99211E-05 9.99211E-05 9.99211E-05
9.99386E-05 0.140262 9.99386E-05 9.99386E-05 0.685948 9.99386E-05 0.0303373 0.0291874 0.0143222 9.99386E-05 9.99386E-05 0.0992432 9.99386E-05
9.99209E-05 9.99209E-05 9.99209E-05 9.99209E-05 0.713555 9.99209E-05 9.99209E-05 0.0465369 9.99209E-05 9.99209E-05 9.99209E-05 0.235601 0.00340779
0.0558517 9.99211E-05 9.99211E-05 9.99211E-05 0.784416 9.99211E-05 9.99211E-05 0.111565 9.99211E-05 0.0472679 9.99211E-05 9.99211E-05 9.99211E-05
9.99123E-05 9.99123E-05 9.99123E-05 9.99123E-05 0.938304 9.99123E-05 9.99123E-05 0.0476605 9.99123E-05 9.99123E-05 9.99123E-05 9.99123E-05 0.0130364
9.99298E-05 0.0804506 9.99298E-05 9.99298E-05 0.555317 0.104319 9.99298E-05 0.114718 9.99298E-05 9.99298E-05 9.99298E-05 9.99298E-05 0.144396
9.9932E-05 0.0243165 0.0660622 9.9932E-05 0.744721 9.9932E-05 9.9932E-05 0.0412648 9.9932E-05 9.9932E-05 9.9932E-05 0.122836 9.9932E-05
9.9921E-05 0.0200985 9.9921E-05 0.0115438 0.963092 9.9921E-05 9.9921E-05 9.9921E-05 0.00436622 9.9921E-05 9.9921E-05 9.9921E-05 9.9921E-05
0.016654 0.183661 9.99385E-05 9.99385E-05 0.393379 0.0943342 9.99385E-05 0.285156 9.99385E-05 9.99385E-05 9.99385E-05 0.0261163 9.99385E-05
9.99123E-05 9.99123E-05 9.99123E-05 9.99123E-05 0.683513 9.99123E-05 9.99123E-05 0.157082 9.99123E-05 9.99123E-05 9.99123E-05 9.99123E-05 0.158406
9.9921E-05 0.227967 9.9921E-05 9.9921E-05 0.450965 0.16213 9.9921E-05 0.158039 9.9921E-05 9.9921E-05 9.9921E-05 9.9921E-05 9.9921E-05
9.99473E-05 0.0603628 9.99473E-05 9.99473E-05 0.491335 9.99473E-05 0.0246324 0.0925899 9.99473E-05 0.135891 9.99473E-05 0.102605 0.0919849
9.9921E-05 0.0409316 9.9921E-05 9.9921E-05 0.308568 0.11731 9.9921E-05 9.9921E-05 9.9921E-05 9.9921E-05 9.9921E-05 9.9921E-05 0.532292
9.99121E-05 0.0452118 9.99121E-05 9.99121E-05 0.843451 9.99121E-05 9.99121E-05 0.110338 9.99121E-05 9.99121E-05 9.99121E-05 9.99121E-05 9.99121E-05
9.9921E-05 0.158378 9.9921E-05 9.9921E-05 0.571636 9.9921E-05 9.9921E-05 0.257923 9.9921E-05 9.9921E-05 9.9921E-05 0.0111638 9.9921E-05
9.99386E-05 0.110321 9.99386E-05 9.99386E-05 0.861784 0.0113113 9.99386E-05 0.00417523 0.00934935 9.99386E-05 9.99386E-05 9.99386E-05 0.00235968
9.9921E-05 0.226538 9.9921E-05 9.9921E-05 0.685703 9.9921E-05 0.0585087 9.9921E-05 0.0283511 9.9921E-05 9.9921E-05 9.9921E-05 9.9921E-05
9.9921E-05 0.0125352 9.9921E-05 0.0111624 0.960951 0.0144522 9.9921E-05 9.9921E-05 9.9921E-05 9.9921E-05 9.9921E-05 9.9921E-05 9.9921E-05
0.0994752 0.190624 9.99297E-05 9.99297E-05 0.410968 0.0528403 9.99297E-05 0.245293 9.99297E-05 9.99297E-05 9.99297E-05 9.99297E-05 9.99297E-05
9.99385E-05 0.0356513 9.99385E-05 0.00478019 0.723624 0.0938302 9.99385E-05 0.0996075 9.99385E-05 0.0418075 9.99385E-05 9.99385E-05 9.99385E-05
9.98947E-05 9.98947E-05 9.98947E-05 9.98947E-05 0.998801 9.98947E-05 9.98947E-05 9.98947E-05 9.98947E-05 9.98947E-05 9.98947E-05 9.98947E-05 9.98947E-05
9.99297E-05 9.99297E-05 0.128626 9.99297E-05 0.774927 9.99297E-05 9.99297E-05 0.0372008 0.0424967 9.99297E-05 9.99297E-05 9.99297E-05 0.0159501
9.99209E-05 0.190044 9.99209E-05 0.0527317 0.67291 9.99209E-05 9.99209E-05 0.0834147 9.99209E-05 9.99209E-05 9.99209E-05 9.99209E-05 9.99209E-05
0.0533054 9.99209E-05 9.99209E-05 9.99209E-05 0.402805 9.99209E-05 9.99209E-05 0.0819007 9.99209E-05 9.99209E-05 9.99209E-05 9.99209E-05 0.46109
9.99101E-05 0.080814 9.99101E-05 9.99101E-05 0.774737 9.99101E-05 9.99101E-05 0.0219084 9.99101E-05 9.99101E-05 9.99101E-05 9.99101E-05 0.121642
9.99036E-05 9.99036E-05 9.99036E-05 9.99036E-05 0.800694 9.99036E-05 9.99036E-05 9.99036E-05 9.99036E-05 9.99036E-05 9.99036E-05 9.99036E-05 0.198207
9.99123E-05 9.99123E-05 9.99123E-05 9.99123E-05 0.673345 9.99123E-05 9.99123E-05 0.0410619 9.99123E-05 9.99123E-05 9.99123E-05 9.99123E-05 0.284594
9.99297E-05 0.26779 9.99297E-05 9.99297E-05 0.542567 9.99297E-05 9.99297E-05 0.132121 0.00481357 9.99297E-05 9.99297E-05 0.0519095 9.99297E-05
0.0718928 9.99298E-05 9.99298E-05 0.00291967 0.846514 0.0081705 9.99298E-05 0.0697034 9.99298E-05 9.99298E-05 9.99298E-05 9.99298E-05 9.99298E-05
9.99297E-05 0.100773 9.99297E-05 9.99297E-05 0.21595 0.0477502 9.99297E-05 0.0807008 9.99297E-05 9.99297E-05 9.99297E-05 9.99297E-05 0.554026
9.99122E-05 0.0543892 9.99122E-05 9.99122E-05 0.557565 9.99122E-05 9.99122E-05 9.99122E-05 9.99122E-05 9.99122E-05 9.99122E-05 9.99122E-05 0.387046
9.99473E-05 9.99473E-05 9.99473E-05 0.0462107 0.486499 0.0819684 9.99473E-05 0.175125 0.00916243 0.0566768 9.99473E-05 0.143758 9.99473E-05
9.99474E-05 0.133078 9.99474E-05 0.000290543 0.713996 9.99474E-05 9.99474E-05 0.0835516 0.011923 0.0268593 9.99474E-05 9.99474E-05 0.0297015
9.99474E-05 0.06137 9.99474E-05 0.0455493 0.619804 0.00112982 0.0191854 0.172125 9.99474E-05 9.99474E-05 9.99474E-05 0.0802361 9.99474E-05
9.9921E-05 0.20074 9.9921E-05 9.9921E-05 0.459541 9.9921E-05 9.9921E-05 0.25642 9.9921E-05 0.0823989 9.9921E-05 9.9921E-05 9.9921E-05
9.99035E-05 9.99035E-05 9.99035E-05 9.99035E-05 0.677465 9.99035E-05 9.99035E-05 9.99035E-05 9.99035E-05 9.99035E-05 9.99035E-05 9.99035E-05 0.321437
9.99385E-05 0.109288 0.0369519 9.99385E-05 0.742878 0.0334285 0.0537475 9.99385E-05 0.0230062 9.99385E-05 9.99385E-05 9.99385E-05 9.99385E-05
9.9921E-05 0.034792 9.9921E-05 9.9921E-05 0.438461 9.9921E-05 9.9921E-05 0.0949669 9.9921E-05 9.9921E-05 9.9921E-05 9.9921E-05 0.430881
9.99298E-05 0.16571 9.99298E-05 9.99298E-05 0.673943 9.99298E-05 9.99298E-05 0.0893177 0.00192474 9.99298E-05 9.99298E-05 9.99298E-05 0.0683052
9.9921E-05 9.9921E-05 9.9921E-05 0.0179135 0.832551 9.9921E-05 0.0280979 0.120539 9.9921E-05 9.9921E-05 9.9921E-05 9.9921E-05 9.9921E-05
9.99297E-05 9.99297E-05 0.00601334 0.0119017 0.901661 0.0570326 9.99297E-05 9.99297E-05 0.0225922 9.99297E-05 9.99297E-05 9.99297E-05 9.99297E-05
9.99209E-05 0.103062 9.99209E-05 9.99209E-05 0.580979 9.99209E-05 9.99209E-05 0.171883 9.99209E-05 9.99209E-05 9.99209E-05 0.143178 9.99209E-05
9.99122E-05 0.0681401 9.99122E-05 9.99122E-05 0.779816 9.99122E-05 9.99122E-05 0.151045 9.99122E-05 9.99122E-05 9.99122E-05 9.99122E-05 9.99122E-05
9.99033E-05 9.99033E-05 9.99033E-05 9.99033E-05 0.978557 9.99033E-05 9.99033E-05 9.99033E-05 0.0203445 9.99033E-05 9.99033E-05 9.99033E-05 9.99033E-05
9.99211E-05 0.115697 9.99211E-05 9.99211E-05 0.825468 0.0506301 9.99211E-05 9.99211E-05 9.99211E-05 9.99211E-05 9.99211E-05 9.99211E-05 0.0073049
9.99298E-05 0.01306 9.99298E-05 9.99298E-05 0.719902 9.99298E-05 9.99298E-05 0.105614 9.99298E-05 9.99298E-05 9.99298E-05 0.0819176 0.0787065
9.98946E-05 0.998801 9.98946E-05 9.98946E-05 9.98946E-05 9.98946E-05 9.98946E-05 9.98946E-05 9.98946E-05 9.98946E-05 9.98946E-05 9.98946E-05 9.98946E-05
9.98945E-05 9.98945E-05 9.98945E-05 9.98945E-05 9.98945E-05 9.98945E-05 9.98945E-05 0.998801 9.98945E-05 9.98945E-05 9.98945E-05 9.98945E-05 9.98945E-05
9.98945E-05 0.998801 9.98945E-05 9.98945E-05 9.98945E-05 9.98945E-05 9.98945E-05 9.98945E-05 9.98945E-05 9.98945E-05 9.98945E-05 9.98945E-05 9.98945E-05
9.98944E-05 9.98944E-05 9.98944E-05 9.98944E-05 9.98944E-05 9.98944E-05 9.98944E-05 0.998801 9.98944E-05 9.98944E-05 9.98944E-05 9.98944E-05 9.98944E-05
9.98944E-05 9.98944E-05 9.98944E-05 9.98944E-05 9.98944E-05 9.98944E-05 9.98944E-05 0.998801 9.98944E-05 9.98944E-05 9.98944E-05 9.98944E-05 9.98944E-05
9.98944E-05 9.98944E-05 9.98944E-05 9.98944E-05 9.98944E-05 9.98944E-05 9.98944E-05 0.998801 9.98944E-05 9.98944E-05 9.98944E-05 9.98944E-05 9.98944E-05
9.98944E-05 0.998801 9.98944E-05 9.98944E-05 9.98944E-05 9.98944E-05 9.98944E-05 9.98944E-05 9.98944E-05 9.98944E-05 9.98944E-05 9.98944E-05 9.98944E-05
9.98945E-05 9.98945E-05 9.98945E-05 9.98945E-05 9.98945E-05 9.98945E-05 9.98945E-05 0.998801 9.98945E-05 9.98945E-05 9.98945E-05 9.98945E-05 9.98945E-05
9.98944E-05 9.98944E-05 9.98944E-05 9.98944E-05 9.98944E-05 9.98944E-05 9.98944E-05 0.998801 9.98944E-05 9.98944E-05 9.98944E-05 9.98944E-05 9.98944E-05
9.98944E-05 0.998801 9.98944E-05 9.98944E-05 9.98944E-05 9.98944E-05 9.98944E-05 9.98944E-05 9.98944E-05 9.98944E-05 9.98944E-05 9.98944E-05 9.98944E-05
9.98945E-05 0.998801 9.98945E-05 9.98945E-05 9.98945E-05 9.98945E-05 9.98945E-05 9.98945E-05 9.98945E-05 9.98945E-05 9.98945E-05 9.98945E-05 9.98945E-05
9.98945E-05 0.998801 9.98945E-05 9.98945E-05 9.98945E-05 9.98945E-05 9.98945E-05 9.98945E-05 9.98945E-05 9.98945E-05 9.98945E-05 9.98945E-05 9.98945E-05
9.98945E-05 9.98945E-05 9.98945E-05 9.98945E-05 9.98945E-05 9.98945E-05 9.98945E-05 0.998801 9.98945E-05 9.98945E-05 9.98945E-05 9.98945E-05 9.98945E-05
9.98944E-05 9.98944E-05 9.98944E-05 9.98944E-05 9.98944E-05 9.98944E-05 9.98944E-05 0.998801 9.98944E-05 9.98944E-05 9.98944E-05 9.98944E-05 9.98944E-05
9.98944E-05 0.998801 9.98944E-05 9.98944E-05 9.98944E-05 9.98944E-05 9.98944E-05 9.98944E-05 9.98944E-05 9.98944E-05 9.98944E-05 9.98944E-05 9.98944E-05
9.98944E-05 0.998801 9.98944E-05 9.98944E-05 9.98944E-05 9.98944E-05 9.98944E-05 9.98944E-05 9.98944E-05 9.98944E-05 9.98944E-05 9.98944E-05 9.98944E-05
9.99385E-05 0.10547 0.183342 0.00956501 0.640141 9.99385E-05 0.0219215 0.0388613 9.99385E-05 9.99385E-05 9.99385E-05 9.99385E-05 9.99385E-05
9.98945E-05 0.998801 9.98945E-05 9.98945E-05 9.98945E-05 9.98945E-05 9.98945E-05 9.98945E-05 9.98945E-05 9.98945E-05 9.98945E-05 9.98945E-05 9.98945E-05
9.98945E-05 9.98945E-05 9.98945E-05 9.98945E-05 9.98945E-05 9.98945E-05 9.98945E-05 0.998801 9.98945E-05 9.98945E-05 9.98945E-05 9.98945E-05 9.98945E-05
9.98944E-05 0.998801 9.98944E-05 9.98944E-05 9.98944E-05 9.98944E-05 9.98944E-05 9.98944E-05 9.98944E-05 9.98944E-05 9.98944E-05 9.98944E-05 9.98944E-05
9.98945E-05 0.998801 9.98945E-05 9.98945E-05 9.98945E-05 9.98945E-05 9.98945E-05 9.98945E-05 9.98945E-05 9.98945E-05 9.98945E-05 9.98945E-05 9.98945E-05
9.98944E-05 0.998801 9.98944E-05 9.98944E-05 9.98944E-05 9.98944E-05 9.98944E-05 9.98944E-05 9.98944E-05 9.98944E-05 9.98944E-05 9.98944E-05 9.98944E-05
9.98944E-05 9.98944E-05 9.98944E-05 9.98944E-05 9.98944E-05 9.98944E-05 9.98944E-05 0.998801 9.98944E-05 9.98944E-05 9.98944E-05 9.98944E-05 9.98944E-05
9.98944E-05 0.998801 9.98944E-05 9.98944E-05 9.98944E-05 9.98944E-05 9.98944E-05 9.98944E-05 9.98944E-05 9.98944E-05 9.98944E-05 9.98944E-05 9.98944E-05
9.98945E-05 9.98945E-05 9.98945E-05 9.98945E-05 9.98945E-05 9.98945E-05 9.98945E-05 0.998801 9.98945E-05 9.98945E-05 9.98945E-05 9.98945E-05 9.98945E-05
9.98945E-05 0.998801 9.98945E-05 9.98945E-05 9.98945E-05 9.98945E-05 9.98945E-05 9.98945E-05 9.98945E-05 9.98945E-05 9.98945E-05 9.98945E-05 9.98945E-05
9.98944E-05 0.998801 9.98944E-05 9.98944E-05 9.98944E-05 9.98944E-05 9.98944E-05 9.98944E-05 9.98944E-05 9.98944E-05 9.98944E-05 9.98944E-05 9.98944E-05
9.98945E-05 9.98945E-05 9.98945E-05 9.98945E-05 9.98945E-05 9.98945E-05 9.98945E-05 0.998801 9.98945E-05 9.98945E-05 9.98945E-05 9.98945E-05 9.98945E-05
9.98945E-05 9.98945E-05 9.98945E-05 9.98945E-05 9.98945E-05 9.98945E-05 9.98945E-05 0.998801 9.98945E-05 9.98945E-05 9.98945E-05 9.98945E-05 9.98945E-05
9.98946E-05 9.98946E-05 9.98946E-05 9.98946E-05 9.98946E-05 9.98946E-05 9.98946E-05 0.998801 9.98946E-05 9.98946E-05 9.98946E-05 9.98946E-05 9.98946E-05
9.98945E-05 0.998801 9.98945E-05 9.98945E-05 9.98945E-05 9.98945E-05 9.98945E-05 9.98945E-05 9.98945E-05 9.98945E-05 9.98945E-05 9.98945E-05 9.98945E-05
9.98944E-05 0.998801 9.98944E-05 9.98944E-05 9.98944E-05 9.98944E-05 9.98944E-05 9.98944E-05 9.98944E-05 9.98944E-05 9.98944E-05 9.98944E-05 9.98944E-05
9.98944E-05 0.998801 9.98944E-05 9.98944E-05 9.98944E-05 9.98944E-05 9.98944E-05 9.98944E-05 9.98944E-05 9.98944E-05 9.98944E-05 9.98944E-05 9.98944E-05
9.98944E-05 0.998801 9.98944E-05 9.98944E-05 9.98944E-05 9.98944E-05 9.98944E-05 9.98944E-05 9.98944E-05 9.98944E-05 9.98944E-05 9.98944E-05 9.98944E-05
9.98945E-05 0.998801 9.98945E-05 9.98945E-05 9.98945E-05 9.98945E-05 9.98945E-05 9.98945E-05 9.98945E-05 9.98945E-05 9.98945E-05 9.98945E-05 9.98945E-05
9.98945E-05 9.98945E-05 9.98945E-05 9.98945E-05 9.98945E-05 9.98945E-05 9.98945E-05 0.998801 9.98945E-05 9.98945E-05 9.98945E-05 9.98945E-05 9.98945E-05
9.98944E-05 9.98944E-05 9.98944E-05 9.98944E-05 9.98944E-05 9.98944E-05 9.98944E-05 0.998801 9.98944E-05 9.98944E-05 9.98944E-05 9.98944E-05 9.98944E-05
9.98945E-05 9.98945E-05 9.98945E-05 9.98945E-05 9.98945E-05 9.98945E-05 9.98945E-05 0.998801 9.98945E-05 9.98945E-05 9.98945E-05 9.98945E-05 9.98945E-05
9.98944E-05 0.998801 9.98944E-05 9.98944E-05 9.98944E-05 9.98944E-05 9.98944E-05 9.98944E-05 9.98944E-05 9.98944E-05 9.98944E-05 9.98944E-05 9.98944E-05
9.98944E-05 9.98944E-05 9.98944E-05 9.98944E-05 9.98944E-05 9.98944E-05 9.98944E-05 0.998801 9.98944E-05 9.98944E-05 9.98944E-05 9.98944E-05 9.98944E-05
9.98945E-05 9.98945E-05 9.98945E-05 9.98945E-05 9.98945E-05 9.98945E-05 9.98945E-05 0.998801 9.98945E-05 9.98945E-05 9.98945E-05 9.98945E-05 9.98945E-05
9.98944E-05 9.98944E-05 9.98944E-05 9.98944E-05 9.98944E-05 9.98944E-05 9.98944E-05 0.998801 9.98944E-05 9.98944E-05 9.98944E-05 9.98944E-05 9.98944E-05
9.98945E-05 9.98945E-05 9.98945E-05 9.98945E-05 9.98945E-05 9.98945E-05 9.98945E-05 0.998801 9.98945E-05 9.98945E-05 9.98945E-05 9.98945E-05 9.98945E-05
9.98944E-05 0.998801 9.98944E-05 9.98944E-05 9.98944E-05 9.98944E-05 9.98944E-05 9.98944E-05 9.98944E-05 9.98944E-05 9.98944E-05 9.98944E-05 9.98944E-05
9.98945E-05 9.98945E-05 9.98945E-05 9.98945E-05 9.98945E-05 9.98945E-05 9.98945E-05 0.998801 9.98945E-05 9.98945E-05 9.98945E-05 9.98945E-05 9.98945E-05
9.98944E-05 9.98944E-05 9.98944E-05 9.98944E-05 9.98944E-05 9.98944E-05 9.98944E-05 0.998801 9.98944E-05 9.98944E-05 9.98944E-05 9.98944E-05 9.98944E-05
9.99209E-05 0.116987 0.247511 9.99209E-05 0.55145 9.99209E-05 9.99209E-05 0.0831522 9.99209E-05 9.99209E-05 9.99209E-05 9.99209E-05 9.99209E-05
9.98944E-05 0.998801 9.98944E-05 9.98944E-05 9.98944E-05 9.98944E-05 9.98944E-05 9.98944E-05 9.98944E-05 9.98944E-05 9.98944E-05 9.98944E-05 9.98944E-05
9.98945E-05 9.98945E-05 9.98945E-05 9.98945E-05 9.98945E-05 9.98945E-05 9.98945E-05 0.998801 9.98945E-05 9.98945E-05 9.98945E-05 9.98945E-05 9.98945E-05
9.98945E-05 9.98945E-05 9.98945E-05 9.98945E-05 9.98945E-05 9.98945E-05 9.98945E-05 0.998801 9.98945E-05 9.98945E-05 9.98945E-05 9.98945E-05 9.98945E-05
9.98945E-05 9.98945E-05 9.98945E-05 9.98945E-05 9.98945E-05 9.98945E-05 9.98945E-05 0.998801 9.98945E-05 9.98945E-05 9.98945E-05 9.98945E-05 9.98945E-05
9.98945E-05 9.98945E-05 9.98945E-05 9.98945E-05 9.98945E-05 9.98945E-05 9.98945E-05 0.998801 9.98945E-05 9.98945E-05 9.98945E-05 9.98945E-05 9.98945E-05
9.98944E-05 0.998801 9.98944E-05 9.98944E-05 9.98944E-05 9.98944E-05 9.98944E-05 9.98944E-05 9.98944E-05 9.98944E-05 9.98944E-05 9.98944E-05 9.98944E-05
9.98944E-05 9.98944E-05 9.98944E-05 9.98944E-05 9.98944E-05 9.98944E-05 9.98944E-05 0.998801 9.98944E-05 9.98944E-05 9.98944E-05 9.98944E-05 9.98944E-05
9.98944E-05 0.998801 9.98944E-05 9.98944E-05 9.98944E-05 9.98944E-05 9.98944E-05 9.98944E-05 9.98944E-05 9.98944E-05 9.98944E-05 9.98944E-05 9.98944E-05
9.98944E-05 9.98944E-05 9.98944E-05 9.98944E-05 9.98944E-05 9.98944E-05 9.98944E-05 0.998801 9.98944E-05 9.98944E-05 9.98944E-05 9.98944E-05 9.98944E-05
9.98944E-05 0.998801 9.98944E-05 9.98944E-05 9.98944E-05 9.98944E-05 9.98944E-05 9.98944E-05 9.98944E-05 9.98944E-05 9.98944E-05 9.98944E-05 9.98944E-05
9.98944E-05 9.98944E-05 9.98944E-05 9.98944E-05 9.98944E-05 9.98944E-05 9.98944E-05 0.998801 9.98944E-05 9.98944E-05 9.98944E-05 9.98944E-05 9.98944E-05
9.98945E-05 9.98945E-05 9.98945E-05 9.98945E-05 9.98945E-05 9.98945E-05 9.98945E-05 0.998801 9.98945E-05 9.98945E-05 9.98945E-05 9.98945E-05 9.98945E-05
9.98945E-05 9.98945E-05 9.98945E-05 9.98945E-05 9.98945E-05 9.98945E-05 9.98945E-05 0.998801 9.98945E-05 9.98945E-05 9.98945E-05 9.98945E-05 9.98945E-05
9.98944E-05 9.98944E-05 9.98944E-05 9.98944E-05 9.98944E-05 9.98944E-05 9.98944E-05 0.998801 9.98944E-05 9.98944E-05 9.98944E-05 9.98944E-05 9.98944E-05
9.98945E-05 9.98945E-05 9.98945E-05 9.98945E-05 9.98945E-05 9.98945E-05 9.98945E-05 0.998801 9.98945E-05 9.98945E-05 9.98945E-05 9.98945E-05 9.98945E-05
9.98944E-05 9.98944E-05 9.98944E-05 9.98944E-05 9.98944E-05 9.98944E-05 9.98944E-05 0.998801 9.98944E-05 9.98944E-05 9.98944E-05 9.98944E-05 9.98944E-05
9.98944E-05 0.998801 9.98944E-05 9.98944E-05 9.98944E-05 9.98944E-05 9.98944E-05 9.98944E-05 9.98944E-05 9.98944E-05 9.98944E-05 9.98944E-05 9.98944E-05
9.98944E-05 0.998801 9.98944E-05 9.98944E-05 9.98944E-05 9.98944E-05 9.98944E-05 9.98944E-05 9.98944E-05 9.98944E-05 9.98944E-05 9.98944E-05 9.98944E-05
9.98944E-05 0.998801 9.98944E-05 9.98944E-05 9.98944E-05 9.98944E-05 9.98944E-05 9.98944E-05 9.98944E-05 9.98944E-05 9.98944E-05 9.98944E-05 9.98944E-05
9.98944E-05 9.98944E-05 9.98944E-05 9.98944E-05 9.98944E-05 9.98944E-05 9.98944E-05 0.998801 9.98944E-05 9.98944E-05 9.98944E-05 9.98944E-05 9.98944E-05
9.98945E-05 0.998801 9.98945E-05 9.98945E-05 9.98945E-05 9.98945E-05 9.98945E-05 9.98945E-05 9.98945E-05 9.98945E-05 9.98945E-05 9.98945E-05 9.98945E-05
9.98944E-05 0.998801 9.98944E-05 9.98944E-05 9.98944E-05 9.98944E-05 9.98944E-05 9.98944E-05 9.98944E-05 9.98944E-05 9.98944E-05 9.98944E-05 9.98944E-05
9.98945E-05 0.998801 9.98945E-05 9.98945E-05 9.98945E-05 9.98945E-05 9.98945E-05 9.98945E-05 9.98945E-05 9.98945E-05 9.98945E-05 9.98945E-05 9.98945E-05
9.98944E-05 9.98944E-05 9.98944E-05 9.98944E-05 9.98944E-05 9.98944E-05 9.98944E-05 0.998801 9.98944E-05 9.98944E-05 9.98944E-05 9.98944E-05 9.98944E-05
9.98944E-05 9.98944E-05 9.98944E-05 9.98944E-05 9.98944E-05 9.98944E-05 9.98944E-05 0.998801 9.98944E-05 9.98944E-05 9.98944E-05 9.98944E-05 9.98944E-05
9.98945E-05 9.98945E-05 9.98945E-05 9.98945E-05 9.98945E-05 9.98945E-05 9.98945E-05 0.998801 9.98945E-05 9.98945E-05 9.98945E-05 9.98945E-05 9.98945E-05
9.98944E-05 0.998801 9.98944E-05 9.98944E-05 9.98944E-05 9.98944E-05 9.98944E-05 9.98944E-05 9.98944E-05 9.98944E-05 9.98944E-05 9.98944E-05 9.98944E-05
9.98944E-05 9.98944E-05 9.98944E-05 9.98944E-05 9.98944E-05 9.98944E-05 9.98944E-05 0.998801 9.98944E-05 9.98944E-05 9.98944E-05 9.98944E-05 9.98944E-05
9.98944E-05 9.98944E-05 9.98944E-05 9.98944E-05 9.98944E-05 9.98944E-05 9.98944E-05 0.998801 9.98944E-05 9.98944E-05 9.98944E-05 9.98944E-05 9.98944E-05
9.98944E-05 0.998801 9.98944E-05 9.98944E-05 9.98944E-05 9.98944E-05 9.98944E-05 9.98944E-05 9.98944E-05 9.98944E-05 9.98944E-05 9.98944E-05 9.98944E-05
9.98945E-05 9.98945E-05 9.98945E-05 9.98945E-05 9.98945E-05 9.98945E-05 9.98945E-05 0.998801 9.98945E-05 9.98945E-05 9.98945E-05 9.98945E-05 9.98945E-05
9.98944E-05 9.98944E-05 9.98944E-05 9.98944E-05 9.98944E-05 9.98944E-05 9.98944E-05 0.998801 9.98944E-05 9.98944E-05 9.98944E-05 9.98944E-05 9.98944E-05
9.99385E-05 0.243254 9.99385E-05 0.00330376 0.461919 9.99385E-05 0.0477818 0.0562614 0.18678 9.99385E-05 9.99385E-05 9.99385E-05 9.99385E-05
9.98944E-05 0.998801 9.98944E-05 9.98944E-05 9.98944E-05 9.98944E-05 9.98944E-05 9.98944E-05 9.98944E-05 9.98944E-05 9.98944E-05 9.98944E-05 9.98944E-05
9.98944E-05 9.98944E-05 9.98944E-05 9.98944E-05 9.98944E-05 9.98944E-05 9.98944E-05 0.998801 9.98944E-05 9.98944E-05 9.98944E-05 9.98944E-05 9.98944E-05
9.99211E-05 9.99211E-05 9.99211E-05 9.99211E-05 0.557351 9.99211E-05 0.00990901 0.413733 0.0181079 9.99211E-05 9.99211E-05 9.99211E-05 9.99211E-05
9.9921E-05 0.0710629 9.9921E-05 9.9921E-05 0.618119 0.0914369 9.9921E-05 0.218482 9.9921E-05 9.9921E-05 9.9921E-05 9.9921E-05 9.9921E-05
9.99122E-05 0.256642 9.99122E-05 9.99122E-05 0.647175 9.99122E-05 9.99122E-05 0.0951835 9.99122E-05 9.99122E-05 9.99122E-05 9.99122E-05 9.99122E-05
9.99297E-05 0.0761632 0.0474013 0.00336547 0.848 9.99297E-05 0.0242704 9.99297E-05 9.99297E-05 9.99297E-05 9.99297E-05 9.99297E-05 9.99297E-05
9.99209E-05 0.204771 9.99209E-05 9.99209E-05 0.589911 9.99209E-05 9.99209E-05 0.158456 9.99209E-05 9.99209E-05 9.99209E-05 0.0459624 9.99209E-05
0.0397682 9.99387E-05 9.99387E-05 9.99387E-05 0.57419 9.99387E-05 9.99387E-05 0.0773748 9.99387E-05 9.99387E-05 0.0134886 0.0315076 0.262971
9.99297E-05 0.168025 0.0716078 9.99297E-05 0.407227 9.99297E-05 9.99297E-05 0.231658 9.99297E-05 0.120683 9.99297E-05 9.99297E-05 9.99297E-05
9.99209E-05 9.99209E-05 9.99209E-05 0.0884359 0.751748 0.0428464 9.99209E-05 0.11607 9.99209E-05 9.99209E-05 9.99209E-05 9.99209E-05 9.99209E-05
9.99386E-05 0.0117914 9.99386E-05 9.99386E-05 0.469883 0.107088 9.99386E-05 0.166758 0.0279687 9.99386E-05 9.99386E-05 9.99386E-05 0.215812
9.99122E-05 0.0796794 0.0284814 9.99122E-05 0.89084 9.99122E-05 9.99122E-05 9.99122E-05 9.99122E-05 9.99122E-05 9.99122E-05 9.99122E-05 9.99122E-05
9.99385E-05 0.0744363 9.99385E-05 9.99385E-05 0.67824 9.99385E-05 9.99385E-05 0.0634186 0.0966657 9.99385E-05 9.99385E-05 0.019655 0.0668848
9.99034E-05 9.99034E-05 9.99034E-05 9.99034E-05 0.500169 9.99034E-05 9.99034E-05 0.498732 9.99034E-05 9.99034E-05 9.99034E-05 9.99034E-05 9.99034E-05
9.99297E-05 0.249035 9.99297E-05 0.0545756 0.465168 9.99297E-05 9.99297E-05 0.19954 9.99297E-05 0.0308817 9.99297E-05 9.99297E-05 9.99297E-05
9.99033E-05 9.99033E-05 9.99033E-05 0.0314977 0.967403 9.99033E-05 9.99033E-05 9.99033E-05 9.99033E-05 9.99033E-05 9.99033E-05 9.99033E-05 9.99033E-05
9.99121E-05 0.17302 9.99121E-05 9.99121E-05 0.78442 9.99121E-05 9.99121E-05 0.041561 9.99121E-05 9.99121E-05 9.99121E-05 9.99121E-05 9.99121E-05
0.00884313 0.12722 9.99473E-05 9.99473E-05 0.546035 9.99473E-05 9.99473E-05 0.186005 0.0155198 0.0698172 9.99473E-05 0.0459615 9.99473E-05
9.99386E-05 0.0770969 9.99386E-05 9.99386E-05 0.66627 0.00788707 9.99386E-05 0.115537 9.99386E-05 9.99386E-05 9.99386E-05 0.0840777 0.0484319
9.99209E-05 0.287875 9.99209E-05 9.99209E-05 0.641509 9.99209E-05 0.0151913 9.99209E-05 0.0545253 9.99209E-05 9.99209E-05 9.99209E-05 9.99209E-05
9.99209E-05 9.99209E-05 9.99209E-05 9.99209E-05 0.757425 0.0341064 9.99209E-05 0.0340386 9.99209E-05 9.99209E-05 9.99209E-05 0.173531 9.99209E-05
0.0961292 0.160437 9.99209E-05 9.99209E-05 0.684555 9.99209E-05 9.99209E-05 0.0579786 9.99209E-05 9.99209E-05 9.99209E-05 9.99209E-05 9.99209E-05
0.00887935 9.9921E-05 9.9921E-05 9.9921E-05 0.83959 9.9921E-05 9.9921E-05 0.066967 9.9921E-05 9.9921E-05 9.9921E-05 0.083664 9.9921E-05
0.0217942 9.9921E-05 9.9921E-05 9.9921E-05 0.785534 9.9921E-05 0.00110201 0.19067 9.9921E-05 9.9921E-05 9.9921E-05 9.9921E-05 9.9921E-05
9.99385E-05 0.141222 9.99385E-05 0.00619698 0.614959 9.99385E-05 0.147855 0.0716814 0.0173862 9.99385E-05 9.99385E-05 9.99385E-05 9.99385E-05
0.0239969 0.0012081 9.99297E-05 9.99297E-05 0.833893 9.99297E-05 9.99297E-05 0.0989249 9.99297E-05 9.99297E-05 9.99297E-05 0.0411774 9.99297E-05
9.99121E-05 9.99121E-05 9.99121E-05 0.0695455 0.927042 9.99121E-05 9.99121E-05 0.00241361 9.99121E-05 9.99121E-05 9.99121E-05 9.99121E-05 9.99121E-05
9.99209E-05 9.99209E-05 9.99209E-05 9.99209E-05 0.432495 9.99209E-05 9.99209E-05 0.0660635 9.99209E-05 9.99209E-05 9.99209E-05 0.00181186 0.498731
0.0195048 0.0434664 9.99209E-05 9.99209E-05 0.914794 9.99209E-05 9.99209E-05 0.0213359 9.99209E-05 9.99209E-05 9.99209E-05 9.99209E-05 9.99209E-05
9.9921E-05 0.274138 9.9921E-05 0.013546 0.456654 9.9921E-05 9.9921E-05 0.254763 9.9921E-05 9.9921E-05 9.9921E-05 9.9921E-05 9.9921E-05
0.00565807 9.99121E-05 9.99121E-05 9.99121E-05 0.944085 0.0492582 9.99121E-05 9.99121E-05 9.99121E-05 9.99121E-05 9.99121E-05 9.99121E-05 9.99121E-05
9.9921E-05 0.0329603 9.9921E-05 0.0559111 0.798713 9.9921E-05 9.9921E-05 0.111516 9.9921E-05 9.9921E-05 9.9921E-05 9.9921E-05 9.9921E-05
9.99209E-05 0.0793784 9.99209E-05 9.99209E-05 0.549983 9.99209E-05 9.99209E-05 0.353663 0.016077 9.99209E-05 9.99209E-05 9.99209E-05 9.99209E-05
9.9921E-05 0.0501654 9.9921E-05 9.9921E-05 0.710219 9.9921E-05 9.9921E-05 0.225392 9.9921E-05 9.9921E-05 9.9921E-05 0.0133237 9.9921E-05
9.99209E-05 0.119715 9.99209E-05 9.99209E-05 0.49278 9.99209E-05 9.99209E-05 0.191451 9.99209E-05 9.99209E-05 9.99209E-05 0.195154 9.99209E-05
0.0461857 0.130381 9.99209E-05 9.99209E-05 0.673445 9.99209E-05 9.99209E-05 0.14909 9.99209E-05 9.99209E-05 9.99209E-05 9.99209E-05 9.99209E-05
9.99296E-05 0.156825 9.99296E-05 0.0198089 0.710555 9.99296E-05 9.99296E-05 0.0696869 0.0423246 9.99296E-05 9.99296E-05 9.99296E-05 9.99296E-05
9.99034E-05 0.141037 9.99034E-05 9.99034E-05 0.857864 9.99034E-05 9.99034E-05 9.99034E-05 9.99034E-05 9.99034E-05 9.99034E-05 9.99034E-05 9.99034E-05
9.99033E-05 9.99033E-05 9.99033E-05 9.99033E-05 0.495418 9.99033E-05 9.99033E-05 9.99033E-05 9.99033E-05 9.99033E-05 9.99033E-05 9.99033E-05 0.503483
9.99384E-05 0.101734 9.99384E-05 0.00294707 0.615975 9.99384E-05 0.00716268 9.99384E-05 0.0535502 0.217931 9.99384E-05 9.99384E-05 9.99384E-05
9.99122E-05 0.0245107 9.99122E-05 9.99122E-05 0.947255 9.99122E-05 0.0272354 9.99122E-05 9.99122E-05 9.99122E-05 9.99122E-05 9.99122E-05 9.99122E-05
0.188593 0.0139917 9.99209E-05 9.99209E-05 0.661603 9.99209E-05 9.99209E-05 0.134913 9.99209E-05 9.99209E-05 9.99209E-05 9.99209E-05 9.99209E-05
0.0255262 0.133543 9.99209E-05 9.99209E-05 0.77725 9.99209E-05 9.99209E-05 0.0627808 9.99209E-05 9.99209E-05 9.99209E-05 9.99209E-05 9.99209E-05
0.0240643 9.99211E-05 9.99211E-05 9.99211E-05 0.936437 9.99211E-05 9.99211E-05 0.0325837 9.99211E-05 9.99211E-05 9.99211E-05 0.00601575 9.99211E-05
9.99209E-05 0.0228304 0.131572 9.99209E-05 0.647977 9.99209E-05 9.99209E-05 0.196722 9.99209E-05 9.99209E-05 9.99209E-05 9.99209E-05 9.99209E-05
9.9921E-05 0.000792953 9.9921E-05 9.9921E-05 0.482723 9.9921E-05 9.9921E-05 0.491503 9.9921E-05 9.9921E-05 9.9921E-05 0.0240813 9.9921E-05
