0.180687 9.98859E-05 0.220016 0.409199 9.98859E-05 9.98859E-05 0.0576871 9.98859E-05 9.98859E-05 9.98859E-05 0.0517425 9.98859E-05 9.98859E-05 9.98859E-05 0.0174382 9.98859E-05 9.98859E-05 9.98859E-05 0.0221599 0.0397717 9.98859E-05
0.123922 9.98771E-05 9.98771E-05 0.705357 9.98771E-05 0.0641536 0.00485498 9.98771E-05 9.98771E-05 9.98771E-05 0.0838629 9.98771E-05 9.98771E-05 9.98771E-05 0.00951065 9.98771E-05 9.98771E-05 9.98771E-05 9.98771E-05 0.00693978 9.98771E-05
9.98595E-05 0.0162694 0.0727985 0.850791 9.98595E-05 9.98595E-05 0.00763777 9.98595E-05 9.98595E-05 0.0509054 9.98595E-05 9.98595E-05 9.98595E-05 9.98595E-05 9.98595E-05 9.98595E-05 9.98595E-05 9.98595E-05 9.98595E-05 9.98595E-05 9.98595E-05
9.99035E-05 0.114547 0.203297 0.209268 9.99035E-05 9.99035E-05 9.99035E-05 0.00891768 9.99035E-05 9.99035E-05 9.99035E-05 9.99035E-05 9.99035E-05 9.99035E-05 0.119013 0.0834952 0.0353913 0.166729 0.0280301 0.030214 9.99035E-05
9.98595E-05 9.98595E-05 9.98595E-05 0.814827 9.98595E-05 0.0174164 9.98595E-05 9.98595E-05 9.98595E-05 0.0471509 9.98595E-05 9.98595E-05 9.98595E-05 9.98595E-05 9.98595E-05 0.103289 0.0157194 9.98595E-05 9.98595E-05 9.98595E-05 9.98595E-05
0.265079 0.191367 9.98684E-05 0.190729 9.98684E-05 9.98684E-05 9.98684E-05 0.142981 9.98684E-05 0.087764 9.98684E-05 9.98684E-05 9.98684E-05 9.98684E-05 9.98684E-05 9.98684E-05 0.120581 9.98684E-05 9.98684E-05 9.98684E-05 9.98684E-05
0.133413 9.99123E-05 0.184267 0.284939 9.99123E-05 0.00838124 0.00701476 0.0474334 9.99123E-05 9.99123E-05 0.0304784 9.99123E-05 9.99123E-05 9.99123E-05 9.99123E-05 0.0493153 9.99123E-05 0.0727847 0.0730152 0.107959 9.99123E-05
0.104987 0.0770212 0.195108 0.157833 9.99123E-05 9.99123E-05 9.99123E-05 0.0226257 0.178928 0.0299592 9.99123E-05 9.99123E-05 9.99123E-05 9.99123E-05 9.99123E-05 0.0438131 0.116591 9.99123E-05 9.99123E-05 0.0227818 0.0493533
9.98684E-05 0.00662005 0.0531215 0.237263 9.98684E-05 9.98684E-05 0.287934 9.98684E-05 9.98684E-05 9.98684E-05 9.98684E-05 9.98684E-05 9.98684E-05 9.98684E-05 9.98684E-05 9.98684E-05 0.263419 9.98684E-05 0.150145 9.98684E-05 9.98684E-05
9.98509E-05 9.98509E-05 9.98509E-05 0.88362 9.98509E-05 9.98509E-05 0.0499262 9.98509E-05 9.98509E-05 9.98509E-05 9.98509E-05 9.98509E-05 9.98509E-05 9.98509E-05 9.98509E-05 9.98509E-05 9.98509E-05 9.98509E-05 0.05839 9.98509E-05 0.00636635
0.120096 9.98684E-05 0.11926 0.437676 9.98684E-05 9.98684E-05 0.148778 9.98684E-05 9.98684E-05 9.98684E-05 9.98684E-05 9.98684E-05 9.98684E-05 9.98684E-05 9.98684E-05 9.98684E-05 0.0407182 9.98684E-05 9.98684E-05 0.131974 9.98684E-05
9.98596E-05 9.98596E-05 9.98596E-05 0.85726 0.0387914 9.98596E-05 9.98596E-05 0.066681 0.0183932 9.98596E-05 9.98596E-05 9.98596E-05 9.98596E-05 9.98596E-05 0.0172765 9.98596E-05 9.98596E-05 9.98596E-05 9.98596E-05 9.98596E-05 9.98596E-05
9.9842E-05 9.9842E-05 0.0750643 0.88759 9.9842E-05 9.9842E-05 0.0355489 9.9842E-05 9.9842E-05 9.9842E-05 9.9842E-05 9.9842E-05 9.9842E-05 9.9842E-05 9.9842E-05 9.9842E-05 9.9842E-05 9.9842E-05 9.9842E-05 9.9842E-05 9.9842E-05
9.9886E-05 0.0137551 0.0152128 0.66275 0.102283 9.9886E-05 0.070916 9.9886E-05 9.9886E-05 0.0431532 9.9886E-05 0.078879 9.9886E-05 9.9886E-05 9.9886E-05 9.9886E-05 9.9886E-05 9.9886E-05 9.9886E-05 0.0117532 9.9886E-05
0.176671 0.160807 9.99035E-05 0.223501 9.99035E-05 9.99035E-05 0.0862673 0.0389023 9.99035E-05 9.99035E-05 9.99035E-05 0.0354689 9.99035E-05 0.138443 9.99035E-05 9.99035E-05 0.0580573 0.0428484 0.0379346 9.99035E-05 9.99035E-05
0.138803 0.152717 0.0173392 0.24164 9.98946E-05 9.98946E-05 0.147053 9.98946E-05 0.0659068 9.98946E-05 9.98946E-05 9.98946E-05 9.98946E-05 9.98946E-05 0.0208413 9.98946E-05 0.166102 0.0483985 9.98946E-05 9.98946E-05 9.98946E-05
9.98947E-05 9.98947E-05 9.98947E-05 0.553047 9.98947E-05 9.98947E-05 0.0429195 9.98947E-05 0.0139133 9.98947E-05 0.0784427 9.98947E-05 0.0452326 0.161597 9.98947E-05 0.0434686 9.98947E-05 0.0188375 9.98947E-05 0.0413429 9.98947E-05
0.263786 9.9886E-05 0.168038 0.0896297 9.9886E-05 9.9886E-05 0.204609 9.9886E-05 9.9886E-05 9.9886E-05 9.9886E-05 9.9886E-05 9.9886E-05 9.9886E-05 0.132222 9.9886E-05 0.0154619 9.9886E-05 0.0257217 9.9886E-05 0.099233
9.98771E-05 9.98771E-05 0.226572 0.345196 9.98771E-05 9.98771E-05 0.137779 0.169157 9.98771E-05 9.98771E-05 9.98771E-05 0.0212414 9.98771E-05 9.98771E-05 9.98771E-05 9.98771E-05 0.0948108 9.98771E-05 9.98771E-05 9.98771E-05 0.00384574
9.98334E-05 9.98334E-05 9.98334E-05 0.941893 9.98334E-05 9.98334E-05 9.98334E-05 9.98334E-05 9.98334E-05 9.98334E-05 9.98334E-05 9.98334E-05 9.98334E-05 9.98334E-05 0.0562106 9.98334E-05 9.98334E-05 9.98334E-05 9.98334E-05 9.98334E-05 9.98334E-05
9.98772E-05 9.98772E-05 0.0481205 0.458109 9.98772E-05 9.98772E-05 0.0371255 0.0249664 9.98772E-05 9.98772E-05 9.98772E-05 9.98772E-05 9.98772E-05 9.98772E-05 9.98772E-05 0.330734 0.068202 9.98772E-05 9.98772E-05 0.0313442 9.98772E-05
9.98685E-05 9.98685E-05 0.253922 0.279404 9.98685E-05 0.0786274 9.98685E-05 0.149381 9.98685E-05 0.131409 9.98685E-05 9.98685E-05 9.98685E-05 9.98685E-05 9.98685E-05 9.98685E-05 0.105759 9.98685E-05 9.98685E-05 9.98685E-05 9.98685E-05
0.184576 0.0230772 9.98772E-05 0.616471 9.98772E-05 0.0280931 0.0571106 9.98772E-05 9.98772E-05 9.98772E-05 0.0235273 9.98772E-05 9.98772E-05 9.98772E-05 9.98772E-05 9.98772E-05 9.98772E-05 9.98772E-05 9.98772E-05 0.0657466 9.98772E-05
0.0634212 9.98596E-05 0.286787 0.346472 9.98596E-05 9.98596E-05 0.24343 9.98596E-05 9.98596E-05 9.98596E-05 9.98596E-05 9.98596E-05 9.98596E-05 9.98596E-05 9.98596E-05 9.98596E-05 9.98596E-05 9.98596E-05 0.0582921 9.98596E-05 9.98596E-05
9.98859E-05 0.217033 0.042258 0.229485 9.98859E-05 9.98859E-05 0.259462 9.98859E-05 9.98859E-05 9.98859E-05 9.98859E-05 0.111706 9.98859E-05 9.98859E-05 0.077747 9.98859E-05 9.98859E-05 0.0137428 9.98859E-05 0.0472679 9.98859E-05
9.98771E-05 0.120833 0.0210914 0.621315 9.98771E-05 9.98771E-05 0.0792932 9.98771E-05 9.98771E-05 0.0247463 9.98771E-05 9.98771E-05 9.98771E-05 0.0512597 9.98771E-05 9.98771E-05 9.98771E-05 0.0800632 9.98771E-05 9.98771E-05 9.98771E-05
9.98684E-05 0.287113 0.208476 9.98684E-05 9.98684E-05 0.267631 0.0618687 9.98684E-05 0.0595436 9.98684E-05 9.98684E-05 9.98684E-05 9.98684E-05 9.98684E-05 9.98684E-05 9.98684E-05 9.98684E-05 9.98684E-05 9.98684E-05 9.98684E-05 0.113869
9.98684E-05 9.98684E-05 0.0711588 0.783895 9.98684E-05 9.98684E-05 0.0349612 0.0151078 9.98684E-05 9.98684E-05 9.98684E-05 9.98684E-05 0.0134979 9.98684E-05 9.98684E-05 9.98684E-05 9.98684E-05 0.0798809 9.98684E-05 9.98684E-05 9.98684E-05
0.0036527 9.9886E-05 0.0876467 0.544347 9.9886E-05 0.171925 0.1368 9.9886E-05 9.9886E-05 9.9886E-05 9.9886E-05 9.9886E-05 9.9886E-05 0.00685999 0.0166967 9.9886E-05 9.9886E-05 9.9886E-05 0.0307739 9.9886E-05 9.9886E-05
9.98596E-05 9.98596E-05 9.98596E-05 0.652612 9.98596E-05 9.98596E-05 0.00672378 9.98596E-05 9.98596E-05 9.98596E-05 9.98596E-05 9.98596E-05 9.98596E-05 0.31978 9.98596E-05 9.98596E-05 0.0149912 9.98596E-05 9.98596E-05 0.00429574 9.98596E-05
0.0700085 9.98859E-05 9.98859E-05 0.623718 9.98859E-05 0.07482 0.0161706 0.0125276 9.98859E-05 9.98859E-05 9.98859E-05 0.0454322 9.98859E-05 9.98859E-05 9.98859E-05 9.98859E-05 0.0144283 9.98859E-05 9.98859E-05 0.141596 9.98859E-05
9.9886E-05 0.157789 0.045727 0.534149 9.9886E-05 9.9886E-05 0.067786 0.0352021 9.9886E-05 9.9886E-05 9.9886E-05 9.9886E-05 0.0994291 9.9886E-05 9.9886E-05 0.00327013 9.9886E-05 9.9886E-05 9.9886E-05 0.0553486 9.9886E-05
0.0684025 0.00610222 0.194522 0.460737 9.9877E-05 9.9877E-05 0.174663 9.9877E-05 0.0167679 9.9877E-05 9.9877E-05 9.9877E-05 9.9877E-05 9.9877E-05 9.9877E-05 9.9877E-05 9.9877E-05 9.9877E-05 9.9877E-05 0.077407 9.9877E-05
9.98859E-05 0.0846658 0.147893 0.452421 9.98859E-05 9.98859E-05 0.125221 9.98859E-05 0.0277584 9.98859E-05 9.98859E-05 9.98859E-05 9.98859E-05 0.0789779 9.98859E-05 9.98859E-05 9.98859E-05 0.0753955 9.98859E-05 9.98859E-05 0.00636963
9.9886E-05 9.9886E-05 9.9886E-05 0.81955 9.9886E-05 0.0213977 0.0224169 0.0256654 9.9886E-05 9.9886E-05 0.0219305 0.0110087 9.9886E-05 9.9886E-05 0.0657018 9.9886E-05 9.9886E-05 9.9886E-05 9.9886E-05 9.9886E-05 0.011031
0.050092 9.98948E-05 0.0578226 0.520079 9.98948E-05 0.0235646 9.98948E-05 9.98948E-05 9.98948E-05 9.98948E-05 0.0514303 9.98948E-05 9.98948E-05 9.98948E-05 9.98948E-05 9.98948E-05 0.0181641 0.17973 0.0632132 0.0347064 9.98948E-05
9.9851E-05 9.9851E-05 9.9851E-05 0.88494 9.9851E-05 9.9851E-05 9.9851E-05 0.0635185 0.029663 9.9851E-05 9.9851E-05 9.9851E-05 9.9851E-05 9.9851E-05 9.9851E-05 9.9851E-05 9.9851E-05 9.9851E-05 9.9851E-05 0.0201815 9.9851E-05
9.98685E-05 9.98685E-05 9.98685E-05 0.688418 0.00924068 9.98685E-05 0.0657282 9.98685E-05 9.98685E-05 9.98685E-05 0.0513744 9.98685E-05 9.98685E-05 9.98685E-05 0.0484296 9.98685E-05 0.135311 9.98685E-05 9.98685E-05 9.98685E-05 9.98685E-05
9.98947E-05 9.98947E-05 0.0310805 0.510803 9.98947E-05 9.98947E-05 0.183534 0.0109293 9.98947E-05 0.0730402 0.0470965 9.98947E-05 0.0287663 0.0937297 9.98947E-05 9.98947E-05 9.98947E-05 9.98947E-05 9.98947E-05 0.0198221 9.98947E-05
9.98771E-05 0.186418 0.000390972 0.567475 9.98771E-05 9.98771E-05 0.137892 0.0344449 0.0569426 9.98771E-05 9.98771E-05 9.98771E-05 9.98771E-05 9.98771E-05 9.98771E-05 9.98771E-05 9.98771E-05 9.98771E-05 9.98771E-05 0.0150389 9.98771E-05
9.98422E-05 9.98422E-05 0.0923518 0.725062 9.98422E-05 0.180789 9.98422E-05 9.98422E-05 9.98422E-05 9.98422E-05 9.98422E-05 9.98422E-05 9.98422E-05 9.98422E-05 9.98422E-05 9.98422E-05 9.98422E-05 9.98422E-05 9.98422E-05 9.98422E-05 9.98422E-05
9.9851E-05 9.9851E-05 0.0928089 0.517697 9.9851E-05 0.259186 0.12861 9.9851E-05 9.9851E-05 9.9851E-05 9.9851E-05 9.9851E-05 9.9851E-05 9.9851E-05 9.9851E-05 9.9851E-05 9.9851E-05 9.9851E-05 9.9851E-05 9.9851E-05 9.9851E-05
9.9851E-05 9.9851E-05 9.9851E-05 0.760335 9.9851E-05 0.164623 9.9851E-05 9.9851E-05 9.9851E-05 9.9851E-05 9.9851E-05 0.0585542 9.9851E-05 0.0147899 9.9851E-05 9.9851E-05 9.9851E-05 9.9851E-05 9.9851E-05 9.9851E-05 9.9851E-05
0.176589 9.98772E-05 0.0969363 0.358303 9.98772E-05 9.98772E-05 0.186994 9.98772E-05 9.98772E-05 9.98772E-05 9.98772E-05 9.98772E-05 9.98772E-05 9.98772E-05 9.98772E-05 9.98772E-05 0.103168 9.98772E-05 0.0418652 0.0347463 9.98772E-05
9.98597E-05 9.98597E-05 0.444679 0.241723 9.98597E-05 9.98597E-05 0.237396 0.0134305 9.98597E-05 9.98597E-05 9.98597E-05 9.98597E-05 9.98597E-05 9.98597E-05 9.98597E-05 9.98597E-05 9.98597E-05 0.0611744 9.98597E-05 9.98597E-05 9.98597E-05
9.98595E-05 9.98595E-05 9.98595E-05 0.866266 9.98595E-05 9.98595E-05 0.0324305 0.0213591 9.98595E-05 9.98595E-05 9.98595E-05 9.98595E-05 9.98595E-05 9.98595E-05 0.0510979 0.0272491 9.98595E-05 9.98595E-05 9.98595E-05 9.98595E-05 9.98595E-05
9.98684E-05 9.98684E-05 9.98684E-05 0.818772 9.98684E-05 9.98684E-05 0.0791218 9.98684E-05 9.98684E-05 9.98684E-05 9.98684E-05 9.98684E-05 9.98684E-05 9.98684E-05 9.98684E-05 9.98684E-05 0.0237145 0.0264261 9.98684E-05 0.0164651 0.034002
9.98509E-05 9.98509E-05 9.98509E-05 0.89835 9.98509E-05 9.98509E-05 0.0139777 0.0296467 9.98509E-05 9.98509E-05 9.98509E-05 9.98509E-05 9.98509E-05 9.98509E-05 9.98509E-05 9.98509E-05 9.98509E-05 9.98509E-05 9.98509E-05 9.98509E-05 0.0563276
0.0263954 9.98683E-05 0.143137 0.638268 9.98683E-05 9.98683E-05 0.133634 0.0466913 9.98683E-05 9.98683E-05 9.98683E-05 9.98683E-05 9.98683E-05 9.98683E-05 9.98683E-05 9.98683E-05 9.98683E-05 9.98683E-05 9.98683E-05 0.010376 9.98683E-05
9.98774E-05 9.98774E-05 9.98774E-05 0.743739 9.98774E-05 9.98774E-05 9.98774E-05 0.0845624 0.046845 0.0743123 0.00419592 9.98774E-05 9.98774E-05 9.98774E-05 9.98774E-05 9.98774E-05 0.0402083 9.98774E-05 9.98774E-05 0.00473894 9.98774E-05
0.0492082 0.155398 0.00892634 0.25485 9.99034E-05 0.116031 0.181839 9.99034E-05 9.99034E-05 9.99034E-05 9.99034E-05 9.99034E-05 9.99034E-05 9.99034E-05 9.99034E-05 9.99034E-05 0.0284697 0.0286766 0.00690854 0.168593 9.99034E-05
9.98597E-05 9.98597E-05 0.0923991 0.607976 9.98597E-05 9.98597E-05 9.98597E-05 9.98597E-05 9.98597E-05 0.11354 9.98597E-05 9.98597E-05 9.98597E-05 9.98597E-05 9.98597E-05 9.98597E-05 9.98597E-05 0.135295 0.0491914 9.98597E-05 9.98597E-05
9.9851E-05 9.9851E-05 9.9851E-05 0.852042 9.9851E-05 9.9851E-05 9.9851E-05 9.9851E-05 9.9851E-05 9.9851E-05 0.00984098 0.0407808 9.9851E-05 9.9851E-05 9.9851E-05 9.9851E-05 9.9851E-05 9.9851E-05 9.9851E-05 9.9851E-05 0.0956391
9.98862E-05 0.0684979 9.98862E-05 0.595426 0.0111838 9.98862E-05 0.0282091 9.98862E-05 0.186023 0.0876914 9.98862E-05 9.98862E-05 9.98862E-05 0.0106901 9.98862E-05 9.98862E-05 0.0109797 9.98862E-05 9.98862E-05 9.98862E-05 9.98862E-05
9.98511E-05 9.98511E-05 9.98511E-05 0.734354 9.98511E-05 9.98511E-05 0.118606 9.98511E-05 9.98511E-05 9.98511E-05 9.98511E-05 0.144075 9.98511E-05 9.98511E-05 9.98511E-05 9.98511E-05 0.00126846 9.98511E-05 9.98511E-05 9.98511E-05 9.98511E-05
0.0737042 0.188299 0.00292769 0.544886 0.0672277 9.98947E-05 9.98947E-05 0.0235903 0.000771791 9.98947E-05 9.98947E-05 9.98947E-05 9.98947E-05 9.98947E-05 0.0726451 0.0247489 9.98947E-05 9.98947E-05 9.98947E-05 9.98947E-05 9.98947E-05
9.98683E-05 9.98683E-05 0.00973344 0.722873 9.98683E-05 9.98683E-05 0.00875174 0.0928402 9.98683E-05 9.98683E-05 0.0646849 9.98683E-05 9.98683E-05 9.98683E-05 9.98683E-05 9.98683E-05 9.98683E-05 9.98683E-05 9.98683E-05 9.98683E-05 0.0996184
9.98509E-05 9.98509E-05 9.98509E-05 0.778595 9.98509E-05 9.98509E-05 0.0387858 9.98509E-05 9.98509E-05 9.98509E-05 9.98509E-05 9.98509E-05 9.98509E-05 9.98509E-05 9.98509E-05 9.98509E-05 9.98509E-05 0.15876 9.98509E-05 0.0221621 9.98509E-05
9.98771E-05 9.98771E-05 9.98771E-05 0.832849 9.98771E-05 0.0676957 0.0209024 9.98771E-05 9.98771E-05 9.98771E-05 0.00824845 9.98771E-05 9.98771E-05 9.98771E-05 9.98771E-05 9.98771E-05 0.00399922 0.0315154 9.98771E-05 0.0333914 9.98771E-05
0.717064 0.0386935 9.9877E-05 9.9877E-05 9.9877E-05 9.9877E-05 0.141059 9.9877E-05 9.9877E-05 9.9877E-05 0.0381524 9.9877E-05 9.9877E-05 9.9877E-05 9.9877E-05 9.9877E-05 0.0347674 9.9877E-05 9.9877E-05 0.0230702 0.00579524
0.998004 9.98248E-05 9.98248E-05 9.98248E-05 9.98248E-05 9.98248E-05 9.98248E-05 9.98248E-05 9.98248E-05 9.98248E-05 9.98248E-05 9.98248E-05 9.98248E-05 9.98248E-05 9.98248E-05 9.98248E-05 9.98248E-05 9.98248E-05 9.98248E-05 9.98248E-05 9.98248E-05
0.998004 9.98246E-05 9.98246E-05 9.98246E-05 9.98246E-05 9.98246E-05 9.98246E-05 9.98246E-05 9.98246E-05 9.98246E-05 9.98246E-05 9.98246E-05 9.98246E-05 9.98246E-05 9.98246E-05 9.98246E-05 9.98246E-05 9.98246E-05 9.98246E-05 9.98246E-05 9.98246E-05
0.291162 0.22211 9.9886E-05 9.9886E-05 9.9886E-05 9.9886E-05 9.9886E-05 0.0139777 0.0185413 9.9886E-05 0.324589 9.9886E-05 9.9886E-05 9.9886E-05 0.00892954 9.9886E-05 0.10506 0.0143322 9.9886E-05 9.9886E-05 9.9886E-05
0.634351 9.98857E-05 0.0349554 9.98857E-05 9.98857E-05 9.98857E-05 9.98857E-05 0.0466373 0.00541563 0.153036 9.98857E-05 9.98857E-05 9.98857E-05 9.98857E-05 0.0206285 9.98857E-05 0.0721225 9.98857E-05 9.98857E-05 9.98857E-05 0.0315551
0.651675 0.0439159 9.98505E-05 9.98505E-05 9.98505E-05 9.98505E-05 0.232508 9.98505E-05 9.98505E-05 9.98505E-05 9.98505E-05 9.98505E-05 9.98505E-05 9.98505E-05 9.98505E-05 9.98505E-05 0.0702033 9.98505E-05 9.98505E-05 9.98505E-05 9.98505E-05
0.549087 9.98684E-05 9.98684E-05 9.98684E-05 9.98684E-05 9.98684E-05 0.0946437 9.98684E-05 9.98684E-05 9.98684E-05 0.263453 9.98684E-05 9.98684E-05 9.98684E-05 0.0612555 9.98684E-05 9.98684E-05 0.0128119 9.98684E-05 0.01725 9.98684E-05
0.587834 0.102801 9.98769E-05 9.98769E-05 9.98769E-05 9.98769E-05 0.0687457 0.0239515 9.98769E-05 9.98769E-05 0.0898879 9.98769E-05 9.98769E-05 9.98769E-05 9.98769E-05 9.98769E-05 0.0623185 9.98769E-05 9.98769E-05 9.98769E-05 0.0630633
0.963428 9.98508E-05 9.98508E-05 9.98508E-05 0.0261296 9.98508E-05 9.98508E-05 9.98508E-05 9.98508E-05 9.98508E-05 0.00608977 9.98508E-05 9.98508E-05 9.98508E-05 9.98508E-05 9.98508E-05 9.98508E-05 9.98508E-05 0.00265528 9.98508E-05 9.98508E-05
0.99386 9.98332E-05 9.98332E-05 9.98332E-05 9.98332E-05 9.98332E-05 9.98332E-05 9.98332E-05 9.98332E-05 9.98332E-05 9.98332E-05 9.98332E-05 9.98332E-05 9.98332E-05 9.98332E-05 9.98332E-05 9.98332E-05 9.98332E-05 9.98332E-05 0.00424318 9.98332E-05
0.487623 9.98593E-05 9.98593E-05 9.98593E-05 9.98593E-05 9.98593E-05 0.293136 0.0275948 9.98593E-05 9.98593E-05 9.98593E-05 9.98593E-05 9.98593E-05 9.98593E-05 9.98593E-05 9.98593E-05 0.0456861 9.98593E-05 9.98593E-05 0.144362 9.98593E-05
0.389751 9.9877E-05 0.21286 9.9877E-05 9.9877E-05 9.9877E-05 0.0891744 0.0289273 9.9877E-05 9.9877E-05 0.0805071 0.131353 9.9877E-05 9.9877E-05 9.9877E-05 9.9877E-05 9.9877E-05 9.9877E-05 9.9877E-05 0.0660284 9.9877E-05
0.564384 0.0650247 9.98769E-05 9.98769E-05 9.98769E-05 9.98769E-05 9.98769E-05 0.0211743 0.0643941 9.98769E-05 9.98769E-05 9.98769E-05 9.98769E-05 9.98769E-05 9.98769E-05 0.0379332 0.128823 9.98769E-05 9.98769E-05 0.116869 9.98769E-05
0.449469 9.98771E-05 0.131024 9.98771E-05 9.98771E-05 9.98771E-05 0.210749 0.0373562 0.0452718 9.98771E-05 0.10294 9.98771E-05 9.98771E-05 9.98771E-05 9.98771E-05 9.98771E-05 0.0217916 9.98771E-05 9.98771E-05 9.98771E-05 9.98771E-05
0.900797 0.0258092 9.98424E-05 9.98424E-05 9.98424E-05 0.0715971 9.98424E-05 9.98424E-05 9.98424E-05 9.98424E-05 9.98424E-05 9.98424E-05 9.98424E-05 9.98424E-05 9.98424E-05 9.98424E-05 9.98424E-05 9.98424E-05 9.98424E-05 9.98424E-05 9.98424E-05
0.898573 9.9851E-05 9.9851E-05 9.9851E-05 9.9851E-05 9.9851E-05 0.0211702 9.9851E-05 9.9851E-05 9.9851E-05 9.9851E-05 9.9851E-05 0.0497784 9.9851E-05 9.9851E-05 9.9851E-05 0.0287813 9.9851E-05 9.9851E-05 9.9851E-05 9.9851E-05
0.663249 0.152719 9.98506E-05 9.98506E-05 9.98506E-05 9.98506E-05 9.98506E-05 0.162576 0.0197585 9.98506E-05 9.98506E-05 9.98506E-05 9.98506E-05 9.98506E-05 9.98506E-05 9.98506E-05 9.98506E-05 9.98506E-05 9.98506E-05 9.98506E-05 9.98506E-05
0.469287 9.98771E-05 0.189732 9.98771E-05 9.98771E-05 9.98771E-05 9.98771E-05 0.133732 9.98771E-05 9.98771E-05 9.98771E-05 9.98771E-05 9.98771E-05 9.98771E-05 9.98771E-05 9.98771E-05 0.0607976 0.0215652 9.98771E-05 0.108163 0.0153249
0.794902 9.98683E-05 9.98683E-05 9.98683E-05 9.98683E-05 9.98683E-05 0.0469226 0.0212445 9.98683E-05 9.98683E-05 9.98683E-05 9.98683E-05 9.98683E-05 9.98683E-05 9.98683E-05 9.98683E-05 0.0406722 9.98683E-05 9.98683E-05 0.0471466 0.0476145
0.609666 9.98506E-05 9.98506E-05 9.98506E-05 9.98506E-05 0.160427 0.187717 9.98506E-05 0.0404929 9.98506E-05 9.98506E-05 9.98506E-05 9.98506E-05 9.98506E-05 9.98506E-05 9.98506E-05 9.98506E-05 9.98506E-05 9.98506E-05 9.98506E-05 9.98506E-05
0.955056 9.98424E-05 9.98424E-05 9.98424E-05 9.98424E-05 9.98424E-05 0.017211 9.98424E-05 9.98424E-05 9.98424E-05 9.98424E-05 9.98424E-05 9.98424E-05 0.0259358 9.98424E-05 9.98424E-05 9.98424E-05 9.98424E-05 9.98424E-05 9.98424E-05 9.98424E-05
0.607979 0.0405115 0.189363 9.98786E-05 9.98786E-05 0.0169844 9.98786E-05 0.02967 9.98786E-05 9.98786E-05 0.0551222 9.98786E-05 9.98786E-05 9.98786E-05 9.98786E-05 9.98786E-05 9.98786E-05 9.98786E-05 9.98786E-05 9.98786E-05 0.0589715
0.570698 0.0826989 0.0474436 9.98947E-05 0.158324 9.98947E-05 0.018732 9.98947E-05 9.98947E-05 9.98947E-05 0.055643 0.0481603 9.98947E-05 9.98947E-05 0.00550749 9.98947E-05 9.98947E-05 9.98947E-05 9.98947E-05 0.0115944 9.98947E-05
0.707955 9.98596E-05 9.98596E-05 9.98596E-05 9.98596E-05 9.98596E-05 9.98596E-05 0.138272 9.98596E-05 9.98596E-05 9.98596E-05 9.98596E-05 9.98596E-05 9.98596E-05 9.98596E-05 9.98596E-05 0.0776128 9.98596E-05 0.0432213 9.98596E-05 0.0313412
0.768354 9.98507E-05 9.98507E-05 9.98507E-05 9.98507E-05 9.98507E-05 0.00367603 9.98507E-05 9.98507E-05 9.98507E-05 9.98507E-05 9.98507E-05 9.98507E-05 9.98507E-05 9.98507E-05 0.0349564 9.98507E-05 9.98507E-05 9.98507E-05 0.191316 9.98507E-05
0.809683 9.98599E-05 9.98599E-05 9.98599E-05 9.98599E-05 9.98599E-05 0.0918295 9.98599E-05 9.98599E-05 9.98599E-05 0.0335132 9.98599E-05 0.0124914 9.98599E-05 9.98599E-05 9.98599E-05 0.0508854 9.98599E-05 9.98599E-05 9.98599E-05 9.98599E-05
0.99053 9.98334E-05 0.00757334 9.98334E-05 9.98334E-05 9.98334E-05 9.98334E-05 9.98334E-05 9.98334E-05 9.98334E-05 9.98334E-05 9.98334E-05 9.98334E-05 9.98334E-05 9.98334E-05 9.98334E-05 9.98334E-05 9.98334E-05 9.98334E-05 9.98334E-05 9.98334E-05
0.998004 9.98246E-05 9.98246E-05 9.98246E-05 9.98246E-05 9.98246E-05 9.98246E-05 9.98246E-05 9.98246E-05 9.98246E-05 9.98246E-05 9.98246E-05 9.98246E-05 9.98246E-05 9.98246E-05 9.98246E-05 9.98246E-05 9.98246E-05 9.98246E-05 9.98246E-05 9.98246E-05
0.909831 9.98333E-05 9.98333E-05 9.98333E-05 9.98333E-05 9.98333E-05 9.98333E-05 9.98333E-05 9.98333E-05 9.98333E-05 9.98333E-05 9.98333E-05 9.98333E-05 9.98333E-05 9.98333E-05 9.98333E-05 9.98333E-05 9.98333E-05 9.98333E-05 9.98333E-05 0.0882725
0.468468 9.98509E-05 9.98509E-05 9.98509E-05 0.40915 9.98509E-05 0.0849548 9.98509E-05 9.98509E-05 9.98509E-05 9.98509E-05 9.98509E-05 9.98509E-05 9.98509E-05 9.98509E-05 9.98509E-05 0.03573 9.98509E-05 9.98509E-05 9.98509E-05 9.98509E-05
9.98421E-05 0.793122 9.98421E-05 9.98421E-05 9.98421E-05 9.98421E-05 0.100492 9.98421E-05 9.98421E-05 9.98421E-05 9.98421E-05 9.98421E-05 9.98421E-05 9.98421E-05 9.98421E-05 9.98421E-05 0.104589 9.98421E-05 9.98421E-05 9.98421E-05 9.98421E-05
9.98508E-05 0.211319 9.98508E-05 9.98508E-05 0.369784 9.98508E-05 0.0180304 9.98508E-05 9.98508E-05 9.98508E-05 9.98508E-05 9.98508E-05 9.98508E-05 0.399168 9.98508E-05 9.98508E-05 9.98508E-05 9.98508E-05 9.98508E-05 9.98508E-05 9.98508E-05
9.98421E-05 0.875489 0.0212016 9.98421E-05 9.98421E-05 9.98421E-05 0.101512 9.98421E-05 9.98421E-05 9.98421E-05 9.98421E-05 9.98421E-05 9.98421E-05 9.98421E-05 9.98421E-05 9.98421E-05 9.98421E-05 9.98421E-05 9.98421E-05 9.98421E-05 9.98421E-05
9.98418E-05 0.897345 9.98418E-05 9.98418E-05 9.98418E-05 9.98418E-05 0.0567753 9.98418E-05 9.98418E-05 9.98418E-05 9.98418E-05 9.98418E-05 9.98418E-05 9.98418E-05 9.98418E-05 9.98418E-05 0.0440824 9.98418E-05 9.98418E-05 9.98418E-05 9.98418E-05
9.98331E-05 0.948868 9.98331E-05 9.98331E-05 9.98331E-05 9.98331E-05 9.98331E-05 9.98331E-05 9.98331E-05 9.98331E-05 9.98331E-05 9.98331E-05 9.98331E-05 9.98331E-05 9.98331E-05 9.98331E-05 0.0492353 9.98331E-05 9.98331E-05 9.98331E-05 9.98331E-05
9.98684E-05 0.584974 9.98684E-05 9.98684E-05 0.0967225 9.98684E-05 0.154905 9.98684E-05 9.98684E-05 9.98684E-05 0.0418112 9.98684E-05 9.98684E-05 9.98684E-05 9.98684E-05 9.98684E-05 0.116426 0.00366268 9.98684E-05 9.98684E-05 9.98684E-05
9.98771E-05 0.543099 0.0959892 9.98771E-05 0.12282 9.98771E-05 0.080247 9.98771E-05 9.98771E-05 0.0299513 9.98771E-05 9.98771E-05 9.98771E-05 9.98771E-05 9.98771E-05 9.98771E-05 0.104516 9.98771E-05 9.98771E-05 9.98771E-05 0.0219788
9.98333E-05 0.80498 9.98333E-05 9.98333E-05 9.98333E-05 9.98333E-05 9.98333E-05 9.98333E-05 9.98333E-05 9.98333E-05 9.98333E-05 9.98333E-05 9.98333E-05 9.98333E-05 9.98333E-05 9.98333E-05 0.193123 9.98333E-05 9.98333E-05 9.98333E-05 9.98333E-05
9.98507E-05 0.323472 9.98507E-05 9.98507E-05 9.98507E-05 0.154044 9.98507E-05 9.98507E-05 9.98507E-05 9.98507E-05 0.164959 9.98507E-05 9.98507E-05 9.98507E-05 9.98507E-05 9.98507E-05 0.355827 9.98507E-05 9.98507E-05 9.98507E-05 9.98507E-05
9.98508E-05 0.544744 9.98508E-05 9.98508E-05 9.98508E-05 9.98508E-05 0.274655 9.98508E-05 9.98508E-05 9.98508E-05 9.98508E-05 9.98508E-05 9.98508E-05 9.98508E-05 9.98508E-05 9.98508E-05 0.1712 0.00770324 9.98508E-05 9.98508E-05 9.98508E-05
9.98509E-05 0.319486 9.98509E-05 9.98509E-05 9.98509E-05 9.98509E-05 0.0988606 9.98509E-05 9.98509E-05 9.98509E-05 0.0613441 9.98509E-05 0.518612 9.98509E-05 9.98509E-05 9.98509E-05 9.98509E-05 9.98509E-05 9.98509E-05 9.98509E-05 9.98509E-05
9.98771E-05 0.46275 9.98771E-05 9.98771E-05 9.98771E-05 9.98771E-05 0.032396 9.98771E-05 9.98771E-05 9.98771E-05 0.0869728 9.98771E-05 0.270292 0.0149159 0.0553051 9.98771E-05 9.98771E-05 9.98771E-05 9.98771E-05 0.0759693 9.98771E-05
9.98509E-05 0.627585 9.98509E-05 9.98509E-05 0.242415 9.98509E-05 9.98509E-05 9.98509E-05 9.98509E-05 9.98509E-05 9.98509E-05 9.98509E-05 9.98509E-05 9.98509E-05 9.98509E-05 9.98509E-05 0.072618 9.98509E-05 9.98509E-05 0.0556844 9.98509E-05
9.98597E-05 0.515899 9.98597E-05 9.98597E-05 9.98597E-05 9.98597E-05 0.157244 9.98597E-05 9.98597E-05 9.98597E-05 9.98597E-05 9.98597E-05 0.216888 9.98597E-05 9.98597E-05 9.98597E-05 0.0921215 9.98597E-05 0.0162484 9.98597E-05 9.98597E-05
9.98771E-05 0.489725 9.98771E-05 9.98771E-05 0.270855 9.98771E-05 9.98771E-05 9.98771E-05 0.0110898 9.98771E-05 9.98771E-05 9.98771E-05 0.0154138 9.98771E-05 9.98771E-05 9.98771E-05 0.0634302 9.98771E-05 9.98771E-05 0.00782416 0.140263
9.98685E-05 0.622374 9.98685E-05 9.98685E-05 9.98685E-05 0.117951 0.0879752 9.98685E-05 9.98685E-05 9.98685E-05 0.0757734 9.98685E-05 9.98685E-05 9.98685E-05 9.98685E-05 9.98685E-05 0.02156 0.072869 9.98685E-05 9.98685E-05 9.98685E-05
9.98771E-05 0.414938 9.98771E-05 9.98771E-05 9.98771E-05 9.98771E-05 0.0156198 9.98771E-05 9.98771E-05 9.98771E-05 0.293688 9.98771E-05 0.137015 9.98771E-05 0.0760523 9.98771E-05 0.0203129 9.98771E-05 9.98771E-05 9.98771E-05 0.0409759
9.98773E-05 0.599048 0.13843 9.98773E-05 9.98773E-05 0.0204858 9.98773E-05 9.98773E-05 9.98773E-05 0.0197825 9.98773E-05 9.98773E-05 9.98773E-05 0.0575505 9.98773E-05 9.98773E-05 0.121028 0.0422768 9.98773E-05 9.98773E-05 9.98773E-05
9.98334E-05 0.808338 9.98334E-05 9.98334E-05 9.98334E-05 9.98334E-05 9.98334E-05 9.98334E-05 9.98334E-05 9.98334E-05 9.98334E-05 9.98334E-05 0.189765 9.98334E-05 9.98334E-05 9.98334E-05 9.98334E-05 9.98334E-05 9.98334E-05 9.98334E-05 9.98334E-05
9.9877E-05 0.320827 9.9877E-05 9.9877E-05 9.9877E-05 9.9877E-05 0.0336886 9.9877E-05 9.9877E-05 9.9877E-05 9.9877E-05 9.9877E-05 9.9877E-05 0.436247 0.0895443 9.9877E-05 0.0737914 0.0214198 9.9877E-05 0.0230836 9.9877E-05
9.98771E-05 0.641765 9.98771E-05 9.98771E-05 0.0605658 9.98771E-05 0.0457062 9.98771E-05 9.98771E-05 0.0501212 0.125121 9.98771E-05 0.0340262 9.98771E-05 9.98771E-05 9.98771E-05 9.98771E-05 0.0412969 9.98771E-05 9.98771E-05 9.98771E-05
9.98421E-05 0.956826 9.98421E-05 9.98421E-05 9.98421E-05 9.98421E-05 9.98421E-05 9.98421E-05 9.98421E-05 9.98421E-05 9.98421E-05 9.98421E-05 9.98421E-05 9.98421E-05 9.98421E-05 9.98421E-05 0.0293971 9.98421E-05 9.98421E-05 9.98421E-05 0.0119794
9.98684E-05 0.478178 9.98684E-05 9.98684E-05 9.98684E-05 9.98684E-05 0.142165 9.98684E-05 9.98684E-05 9.98684E-05 0.0686081 9.98684E-05 9.98684E-05 9.98684E-05 0.0372985 0.0509443 0.221309 9.98684E-05 9.98684E-05 9.98684E-05 9.98684E-05
9.98684E-05 0.560317 9.98684E-05 9.98684E-05 0.143161 9.98684E-05 0.0282297 9.98684E-05 9.98684E-05 9.98684E-05 9.98684E-05 0.0356552 0.0898095 9.98684E-05 9.98684E-05 9.98684E-05 0.141329 9.98684E-05 9.98684E-05 9.98684E-05 9.98684E-05
9.98596E-05 0.511716 9.98596E-05 9.98596E-05 9.98596E-05 9.98596E-05 0.204537 9.98596E-05 9.98596E-05 9.98596E-05 0.0157567 9.98596E-05 9.98596E-05 9.98596E-05 0.094092 9.98596E-05 0.1723 9.98596E-05 9.98596E-05 9.98596E-05 9.98596E-05
0.0048469 0.22073 0.025929 9.98947E-05 0.0401546 9.98947E-05 0.183969 9.98947E-05 0.023488 9.98947E-05 9.98947E-05 9.98947E-05 0.394676 9.98947E-05 9.98947E-05 9.98947E-05 0.0943323 9.98947E-05 9.98947E-05 0.0106764 9.98947E-05
9.98596E-05 0.0732273 9.98596E-05 9.98596E-05 9.98596E-05 9.98596E-05 0.00889355 9.98596E-05 9.98596E-05 0.120087 9.98596E-05 9.98596E-05 9.98596E-05 0.750043 9.98596E-05 9.98596E-05 9.98596E-05 9.98596E-05 0.0461518 9.98596E-05 9.98596E-05
9.98506E-05 0.888841 9.98506E-05 9.98506E-05 9.98506E-05 9.98506E-05 0.0491814 0.00247335 9.98506E-05 9.98506E-05 9.98506E-05 9.98506E-05 9.98506E-05 9.98506E-05 9.98506E-05 9.98506E-05 0.0578068 9.98506E-05 9.98506E-05 9.98506E-05 9.98506E-05
9.98597E-05 0.537402 9.98597E-05 9.98597E-05 9.98597E-05 9.98597E-05 0.139045 9.98597E-05 9.98597E-05 9.98597E-05 0.0162279 9.98597E-05 9.98597E-05 0.0671226 9.98597E-05 9.98597E-05 0.238605 9.98597E-05 9.98597E-05 9.98597E-05 9.98597E-05
9.98595E-05 0.40367 9.98595E-05 9.98595E-05 0.4034 9.98595E-05 0.0861333 9.98595E-05 9.98595E-05 0.102952 9.98595E-05 9.98595E-05 9.98595E-05 9.98595E-05 0.00224721 9.98595E-05 9.98595E-05 9.98595E-05 9.98595E-05 9.98595E-05 9.98595E-05
9.98685E-05 0.639591 9.98685E-05 9.98685E-05 9.98685E-05 9.98685E-05 0.151049 9.98685E-05 9.98685E-05 9.98685E-05 0.0392207 9.98685E-05 0.117854 9.98685E-05 9.98685E-05 9.98685E-05 0.0494189 9.98685E-05 9.98685E-05 0.00136782 9.98685E-05
9.98507E-05 0.813934 9.98507E-05 9.98507E-05 0.175611 9.98507E-05 9.98507E-05 9.98507E-05 0.00680276 9.98507E-05 9.98507E-05 9.98507E-05 9.98507E-05 9.98507E-05 9.98507E-05 9.98507E-05 9.98507E-05 9.98507E-05 9.98507E-05 0.00195462 9.98507E-05
9.98595E-05 0.381096 9.98595E-05 9.98595E-05 9.98595E-05 9.98595E-05 0.120044 9.98595E-05 9.98595E-05 0.137177 9.98595E-05 9.98595E-05 9.98595E-05 9.98595E-05 0.0950986 9.98595E-05 0.264987 9.98595E-05 9.98595E-05 9.98595E-05 9.98595E-05
9.98508E-05 0.761354 0.070951 9.98508E-05 9.98508E-05 9.98508E-05 9.98508E-05 9.98508E-05 9.98508E-05 9.98508E-05 9.98508E-05 0.157664 9.98508E-05 9.98508E-05 9.98508E-05 9.98508E-05 0.00833323 9.98508E-05 9.98508E-05 9.98508E-05 9.98508E-05
9.98421E-05 0.860858 9.98421E-05 9.98421E-05 0.116898 9.98421E-05 0.0204466 9.98421E-05 9.98421E-05 9.98421E-05 9.98421E-05 9.98421E-05 9.98421E-05 9.98421E-05 9.98421E-05 9.98421E-05 9.98421E-05 9.98421E-05 9.98421E-05 9.98421E-05 9.98421E-05
9.98683E-05 0.495221 9.98683E-05 9.98683E-05 9.98683E-05 0.175425 9.98683E-05 9.98683E-05 9.98683E-05 9.98683E-05 9.98683E-05 9.98683E-05 0.240365 9.98683E-05 9.98683E-05 9.98683E-05 0.0376606 0.0396741 9.98683E-05 0.0101566 9.98683E-05
9.98419E-05 0.700274 9.98419E-05 9.98419E-05 9.98419E-05 9.98419E-05 0.173499 9.98419E-05 9.98419E-05 9.98419E-05 9.98419E-05 9.98419E-05 9.98419E-05 9.98419E-05 9.98419E-05 9.98419E-05 0.12443 9.98419E-05 9.98419E-05 9.98419E-05 9.98419E-05
9.98508E-05 0.00954231 9.98508E-05 9.98508E-05 0.596097 9.98508E-05 9.98508E-05 9.98508E-05 9.98508E-05 9.98508E-05 9.98508E-05 9.98508E-05 0.354953 9.98508E-05 9.98508E-05 9.98508E-05 0.0377108 9.98508E-05 9.98508E-05 9.98508E-05 9.98508E-05
9.98597E-05 0.569263 9.98597E-05 9.98597E-05 0.218771 9.98597E-05 0.0504316 9.98597E-05 9.98597E-05 9.98597E-05 9.98597E-05 9.98597E-05 0.0579067 0.10203 9.98597E-05 9.98597E-05 9.98597E-05 9.98597E-05 9.98597E-05 9.98597E-05 9.98597E-05
9.98421E-05 0.38811 9.98421E-05 9.98421E-05 0.605713 9.98421E-05 9.98421E-05 9.98421E-05 9.98421E-05 0.00437919 9.98421E-05 9.98421E-05 9.98421E-05 9.98421E-05 9.98421E-05 9.98421E-05 9.98421E-05 9.98421E-05 9.98421E-05 9.98421E-05 9.98421E-05
9.98421E-05 0.198702 9.98421E-05 9.98421E-05 9.98421E-05 9.98421E-05 9.98421E-05 9.98421E-05 9.98421E-05 9.98421E-05 9.98421E-05 9.98421E-05 0.782104 9.98421E-05 0.0173968 9.98421E-05 9.98421E-05 9.98421E-05 9.98421E-05 9.98421E-05 9.98421E-05
9.98508E-05 0.506101 9.98508E-05 9.98508E-05 9.98508E-05 9.98508E-05 0.294659 9.98508E-05 9.98508E-05 9.98508E-05 0.109948 9.98508E-05 9.98508E-05 9.98508E-05 9.98508E-05 9.98508E-05 0.0875949 9.98508E-05 9.98508E-05 9.98508E-05 9.98508E-05
9.9851E-05 0.767872 9.9851E-05 9.9851E-05 9.9851E-05 9.9851E-05 9.9851E-05 9.9851E-05 9.9851E-05 0.0160882 9.9851E-05 0.0303482 9.9851E-05 9.9851E-05 9.9851E-05 9.9851E-05 0.183994 9.9851E-05 9.9851E-05 9.9851E-05 9.9851E-05
9.98595E-05 9.98595E-05 9.98595E-05 9.98595E-05 9.98595E-05 9.98595E-05 0.0161285 9.98595E-05 9.98595E-05 9.98595E-05 9.98595E-05 9.98595E-05 0.295277 0.432331 0.113096 9.98595E-05 0.14157 9.98595E-05 9.98595E-05 9.98595E-05 9.98595E-05
9.98684E-05 0.125623 9.98684E-05 0.014183 9.98684E-05 9.98684E-05 0.0419533 9.98684E-05 9.98684E-05 9.98684E-05 9.98684E-05 9.98684E-05 0.732368 0.0614293 9.98684E-05 9.98684E-05 9.98684E-05 9.98684E-05 9.98684E-05 0.0229452 9.98684E-05
9.98858E-05 0.527024 0.113792 9.98858E-05 9.98858E-05 9.98858E-05 0.0642679 9.98858E-05 9.98858E-05 0.0650187 0.0847014 9.98858E-05 9.98858E-05 9.98858E-05 9.98858E-05 9.98858E-05 0.0816502 9.98858E-05 9.98858E-05 0.00975869 0.0524884
0.175291 0.558795 9.98772E-05 9.98772E-05 9.98772E-05 9.98772E-05 0.0706268 9.98772E-05 9.98772E-05 9.98772E-05 9.98772E-05 9.98772E-05 9.98772E-05 0.0903738 9.98772E-05 9.98772E-05 0.0678287 9.98772E-05 9.98772E-05 0.0272467 0.00843968
9.98949E-05 0.429352 0.0494993 9.98949E-05 9.98949E-05 0.0188086 0.00261198 9.98949E-05 0.046209 9.98949E-05 0.0853794 9.98949E-05 9.98949E-05 0.161063 9.98949E-05 9.98949E-05 0.150494 9.98949E-05 0.0553836 9.98949E-05 9.98949E-05
9.98684E-05 0.483134 0.0279456 9.98684E-05 9.98684E-05 9.98684E-05 0.210411 9.98684E-05 9.98684E-05 9.98684E-05 9.98684E-05 9.98684E-05 9.98684E-05 9.98684E-05 0.0317391 9.98684E-05 0.21775 9.98684E-05 9.98684E-05 0.0275223 9.98684E-05
9.9842E-05 0.143538 9.9842E-05 9.9842E-05 0.70051 9.9842E-05 9.9842E-05 9.9842E-05 9.9842E-05 9.9842E-05 9.9842E-05 9.9842E-05 0.154155 9.9842E-05 9.9842E-05 9.9842E-05 9.9842E-05 9.9842E-05 9.9842E-05 9.9842E-05 9.9842E-05
9.98419E-05 0.754044 9.98419E-05 9.98419E-05 9.98419E-05 9.98419E-05 0.0860255 9.98419E-05 9.98419E-05 9.98419E-05 9.98419E-05 9.98419E-05 9.98419E-05 9.98419E-05 9.98419E-05 9.98419E-05 9.98419E-05 0.158133 9.98419E-05 9.98419E-05 9.98419E-05
9.98595E-05 0.0443435 9.98595E-05 9.98595E-05 0.645837 9.98595E-05 9.98595E-05 9.98595E-05 9.98595E-05 9.98595E-05 0.0499249 9.98595E-05 9.98595E-05 0.182177 9.98595E-05 9.98595E-05 0.0761201 9.98595E-05 9.98595E-05 9.98595E-05 9.98595E-05
9.98772E-05 0.378196 9.98772E-05 9.98772E-05 0.18976 0.0846558 0.0974935 9.98772E-05 9.98772E-05 9.98772E-05 9.98772E-05 9.98772E-05 0.0704166 0.0844426 9.98772E-05 9.98772E-05 0.0936377 9.98772E-05 9.98772E-05 9.98772E-05 9.98772E-05
9.98508E-05 0.912254 9.98508E-05 9.98508E-05 9.98508E-05 9.98508E-05 9.98508E-05 9.98508E-05 0.0246919 9.98508E-05 0.0277344 9.98508E-05 9.98508E-05 9.98508E-05 9.98508E-05 9.98508E-05 0.0336221 9.98508E-05 9.98508E-05 9.98508E-05 9.98508E-05
9.98332E-05 0.889228 9.98332E-05 9.98332E-05 9.98332E-05 9.98332E-05 9.98332E-05 9.98332E-05 9.98332E-05 9.98332E-05 9.98332E-05 9.98332E-05 9.98332E-05 9.98332E-05 9.98332E-05 9.98332E-05 9.98332E-05 0.108875 9.98332E-05 9.98332E-05 9.98332E-05
9.98508E-05 0.565254 9.98508E-05 9.98508E-05 9.98508E-05 9.98508E-05 0.161646 9.98508E-05 9.98508E-05 9.98508E-05 0.111903 9.98508E-05 9.98508E-05 9.98508E-05 9.98508E-05 9.98508E-05 0.1595 9.98508E-05 9.98508E-05 9.98508E-05 9.98508E-05
9.98508E-05 0.811435 9.98508E-05 9.98508E-05 9.98508E-05 9.98508E-05 0.0857738 9.98508E-05 9.98508E-05 9.98508E-05 9.98508E-05 9.98508E-05 9.98508E-05 9.98508E-05 9.98508E-05 9.98508E-05 0.0962945 9.98508E-05 9.98508E-05 0.00479949 9.98508E-05
9.9842E-05 0.963331 9.9842E-05 9.9842E-05 9.9842E-05 9.9842E-05 9.9842E-05 9.9842E-05 9.9842E-05 9.9842E-05 9.9842E-05 9.9842E-05 9.9842E-05 9.9842E-05 9.9842E-05 9.9842E-05 0.0283853 9.9842E-05 9.9842E-05 0.00648617 9.9842E-05
9.98421E-05 0.841364 9.98421E-05 9.98421E-05 0.0436901 9.98421E-05 9.98421E-05 9.98421E-05 9.98421E-05 9.98421E-05 9.98421E-05 9.98421E-05 9.98421E-05 9.98421E-05 0.113149 9.98421E-05 9.98421E-05 9.98421E-05 9.98421E-05 9.98421E-05 9.98421E-05
9.98595E-05 0.437043 9.98595E-05 9.98595E-05 0.350142 9.98595E-05 0.0180439 9.98595E-05 9.98595E-05 9.98595E-05 0.0448591 9.98595E-05 9.98595E-05 9.98595E-05 9.98595E-05 9.98595E-05 0.148315 9.98595E-05 9.98595E-05 9.98595E-05 9.98595E-05
9.98243E-05 9.98243E-05 9.98243E-05 9.98243E-05 9.98243E-05 9.98243E-05 0.998004 9.98243E-05 9.98243E-05 9.98243E-05 9.98243E-05 9.98243E-05 9.98243E-05 9.98243E-05 9.98243E-05 9.98243E-05 9.98243E-05 9.98243E-05 9.98243E-05 9.98243E-05 9.98243E-05
9.98244E-05 9.98244E-05 9.98244E-05 9.98244E-05 9.98244E-05 9.98244E-05 9.98244E-05 9.98244E-05 9.98244E-05 9.98244E-05 9.98244E-05 9.98244E-05 9.98244E-05 9.98244E-05 9.98244E-05 9.98244E-05 0.998004 9.98244E-05 9.98244E-05 9.98244E-05 9.98244E-05
9.98243E-05 9.98243E-05 9.98243E-05 9.98243E-05 9.98243E-05 9.98243E-05 0.998004 9.98243E-05 9.98243E-05 9.98243E-05 9.98243E-05 9.98243E-05 9.98243E-05 9.98243E-05 9.98243E-05 9.98243E-05 9.98243E-05 9.98243E-05 9.98243E-05 9.98243E-05 9.98243E-05
9.98241E-05 9.98241E-05 9.98241E-05 9.98241E-05 9.98241E-05 9.98241E-05 9.98241E-05 9.98241E-05 9.98241E-05 9.98241E-05 9.98241E-05 9.98241E-05 9.98241E-05 9.98241E-05 9.98241E-05 9.98241E-05 0.998004 9.98241E-05 9.98241E-05 9.98241E-05 9.98241E-05
9.98242E-05 9.98242E-05 9.98242E-05 9.98242E-05 9.98242E-05 9.98242E-05 9.98242E-05 9.98242E-05 9.98242E-05 9.98242E-05 9.98242E-05 9.98242E-05 9.98242E-05 9.98242E-05 9.98242E-05 9.98242E-05 0.998004 9.98242E-05 9.98242E-05 9.98242E-05 9.98242E-05
9.98243E-05 9.98243E-05 9.98243E-05 9.98243E-05 9.98243E-05 9.98243E-05 9.98243E-05 9.98243E-05 9.98243E-05 9.98243E-05 9.98243E-05 9.98243E-05 9.98243E-05 9.98243E-05 9.98243E-05 9.98243E-05 0.998004 9.98243E-05 9.98243E-05 9.98243E-05 9.98243E-05
9.98244E-05 9.98244E-05 9.98244E-05 9.98244E-05 9.98244E-05 9.98244E-05 0.998004 9.98244E-05 9.98244E-05 9.98244E-05 9.98244E-05 9.98244E-05 9.98244E-05 9.98244E-05 9.98244E-05 9.98244E-05 9.98244E-05 9.98244E-05 9.98244E-05 9.98244E-05 9.98244E-05
9.98242E-05 9.98242E-05 9.98242E-05 9.98242E-05 9.98242E-05 9.98242E-05 9.98242E-05 9.98242E-05 9.98242E-05 9.98242E-05 9.98242E-05 9.98242E-05 9.98242E-05 9.98242E-05 9.98242E-05 9.98242E-05 0.998004 9.98242E-05 9.98242E-05 9.98242E-05 9.98242E-05
9.98242E-05 9.98242E-05 9.98242E-05 9.98242E-05 9.98242E-05 9.98242E-05 9.98242E-05 9.98242E-05 9.98242E-05 9.98242E-05 9.98242E-05 9.98242E-05 9.98242E-05 9.98242E-05 9.98242E-05 9.98242E-05 0.998004 9.98242E-05 9.98242E-05 9.98242E-05 9.98242E-05
9.98242E-05 9.98242E-05 9.98242E-05 9.98242E-05 9.98242E-05 9.98242E-05 0.998004 9.98242E-05 9.98242E-05 9.98242E-05 9.98242E-05 9.98242E-05 9.98242E-05 9.98242E-05 9.98242E-05 9.98242E-05 9.98242E-05 9.98242E-05 9.98242E-05 9.98242E-05 9.98242E-05
9.98242E-05 9.98242E-05 9.98242E-05 9.98242E-05 9.98242E-05 9.98242E-05 0.998004 9.98242E-05 9.98242E-05 9.98242E-05 9.98242E-05 9.98242E-05 9.98242E-05 9.98242E-05 9.98242E-05 9.98242E-05 9.98242E-05 9.98242E-05 9.98242E-05 9.98242E-05 9.98242E-05
9.98241E-05 9.98241E-05 9.98241E-05 9.98241E-05 9.98241E-05 9.98241E-05 0.998004 9.98241E-05 9.98241E-05 9.98241E-05 9.98241E-05 9.98241E-05 9.98241E-05 9.98241E-05 9.98241E-05 9.98241E-05 9.98241E-05 9.98241E-05 9.98241E-05 9.98241E-05 9.98241E-05
9.98242E-05 9.98242E-05 9.98242E-05 9.98242E-05 9.98242E-05 9.98242E-05 9.98242E-05 9.98242E-05 9.98242E-05 9.98242E-05 9.98242E-05 9.98242E-05 9.98242E-05 9.98242E-05 9.98242E-05 9.98242E-05 0.998004 9.98242E-05 9.98242E-05 9.98242E-05 9.98242E-05
9.98242E-05 9.98242E-05 9.98242E-05 9.98242E-05 9.98242E-05 9.98242E-05 9.98242E-05 9.98242E-05 9.98242E-05 9.98242E-05 9.98242E-05 9.98242E-05 9.98242E-05 9.98242E-05 9.98242E-05 9.98242E-05 0.998004 9.98242E-05 9.98242E-05 9.98242E-05 9.98242E-05
9.98242E-05 9.98242E-05 9.98242E-05 9.98242E-05 9.98242E-05 9.98242E-05 0.998004 9.98242E-05 9.98242E-05 9.98242E-05 9.98242E-05 9.98242E-05 9.98242E-05 9.98242E-05 9.98242E-05 9.98242E-05 9.98242E-05 9.98242E-05 9.98242E-05 9.98242E-05 9.98242E-05
9.98241E-05 9.98241E-05 9.98241E-05 9.98241E-05 9.98241E-05 9.98241E-05 0.998004 9.98241E-05 9.98241E-05 9.98241E-05 9.98241E-05 9.98241E-05 9.98241E-05 9.98241E-05 9.98241E-05 9.98241E-05 9.98241E-05 9.98241E-05 9.98241E-05 9.98241E-05 9.98241E-05
9.9877E-05 0.566125 9.9877E-05 9.9877E-05 9.9877E-05 9.9877E-05 0.042455 0.16765 9.9877E-05 9.9877E-05 9.9877E-05 9.9877E-05 9.9877E-05 9.9877E-05 9.9877E-05 9.9877E-05 0.0924271 0.0250742 0.0689031 9.9877E-05 0.0359674
9.98243E-05 9.98243E-05 9.98243E-05 9.98243E-05 9.98243E-05 9.98243E-05 0.998004 9.98243E-05 9.98243E-05 9.98243E-05 9.98243E-05 9.98243E-05 9.98243E-05 9.98243E-05 9.98243E-05 9.98243E-05 9.98243E-05 9.98243E-05 9.98243E-05 9.98243E-05 9.98243E-05
9.98243E-05 9.98243E-05 9.98243E-05 9.98243E-05 9.98243E-05 9.98243E-05 9.98243E-05 9.98243E-05 9.98243E-05 9.98243E-05 9.98243E-05 9.98243E-05 9.98243E-05 9.98243E-05 9.98243E-05 9.98243E-05 0.998004 9.98243E-05 9.98243E-05 9.98243E-05 9.98243E-05
