9.98245E-05 0.224143 9.98245E-05 9.98245E-05 9.98245E-05 9.98245E-05 9.98245E-05 9.98245E-05 0.0708637 9.98245E-05 9.98245E-05 0.0315318 9.98245E-05 9.98245E-05 0.0499232 9.98245E-05 0.0893283 9.98245E-05 0.0667217 0.369226 9.98245E-05 9.98245E-05 9.98245E-05 9.98245E-05 9.98245E-05 0.0962658 9.98245E-05 9.98245E-05
9.98072E-05 9.98072E-05 9.98072E-05 9.98072E-05 9.98072E-05 0.0555294 9.98072E-05 9.98072E-05 9.98072E-05 9.98072E-05 9.98072E-05 9.98072E-05 0.436673 9.98072E-05 9.98072E-05 9.98072E-05 9.98072E-05 0.00974429 9.98072E-05 0.275303 9.98072E-05 9.98072E-05 9.98072E-05 9.98072E-05 9.98072E-05 0.12647 0.0940837 9.98072E-05
9.97809E-05 9.97809E-05 9.97809E-05 9.97809E-05 9.97809E-05 9.97809E-05 9.97809E-05 0.0402059 9.97809E-05 9.97809E-05 9.97809E-05 9.97809E-05 0.710722 9.97809E-05 9.97809E-05 9.97809E-05 9.97809E-05 9.97809E-05 9.97809E-05 0.246578 9.97809E-05 9.97809E-05 9.97809E-05 9.97809E-05 9.97809E-05 9.97809E-05 9.97809E-05 9.97809E-05
0.00237072 9.9842E-05 9.9842E-05 0.0270205 9.9842E-05 0.00792532 9.9842E-05 9.9842E-05 9.9842E-05 9.9842E-05 9.9842E-05 0.169501 9.9842E-05 9.9842E-05 0.0155424 9.9842E-05 0.115568 0.236545 0.129231 0.284335 9.9842E-05 9.9842E-05 9.9842E-05 9.9842E-05 9.9842E-05 9.9842E-05 9.9842E-05 0.0101627
9.97722E-05 9.97722E-05 9.97722E-05 9.97722E-05 9.97722E-05 9.97722E-05 9.97722E-05 0.157416 9.97722E-05 9.97722E-05 9.97722E-05 9.97722E-05 9.97722E-05 9.97722E-05 9.97722E-05 9.97722E-05 9.97722E-05 9.97722E-05 9.97722E-05 0.839989 9.97722E-05 9.97722E-05 9.97722E-05 9.97722E-05 9.97722E-05 9.97722E-05 9.97722E-05 9.97722E-05
9.9851E-05 0.264552 9.9851E-05 9.9851E-05 0.0133522 9.9851E-05 9.9851E-05 0.0327713 9.9851E-05 0.118138 9.9851E-05 0.240915 0.191997 9.9851E-05 9.9851E-05 9.9851E-05 0.00219665 9.9851E-05 0.0180433 0.0253468 9.9851E-05 9.9851E-05 9.9851E-05 0.0699209 9.9851E-05 9.9851E-05 9.9851E-05 0.0210706
9.98422E-05 0.148797 9.98422E-05 0.0748046 9.98422E-05 9.98422E-05 9.98422E-05 9.98422E-05 9.98422E-05 9.98422E-05 9.98422E-05 9.98422E-05 9.98422E-05 0.0107541 9.98422E-05 9.98422E-05 0.0807417 0.0270687 9.98422E-05 0.296259 9.98422E-05 0.133083 9.98422E-05 0.0953585 0.0169191 0.114418 9.98422E-05 9.98422E-05
9.98422E-05 9.98422E-05 0.0590308 9.98422E-05 9.98422E-05 9.98422E-05 9.98422E-05 0.0118726 9.98422E-05 0.115888 9.98422E-05 0.128582 0.118558 0.156257 9.98422E-05 9.98422E-05 0.183719 9.98422E-05 9.98422E-05 0.108065 9.98422E-05 9.98422E-05 9.98422E-05 0.0156673 9.98422E-05 9.98422E-05 9.98422E-05 0.100563
9.98246E-05 9.98246E-05 9.98246E-05 9.98246E-05 0.0900782 0.2069 9.98246E-05 9.98246E-05 0.110089 0.18731 9.98246E-05 9.98246E-05 9.98246E-05 0.0198615 0.0430261 9.98246E-05 9.98246E-05 9.98246E-05 9.98246E-05 0.304921 9.98246E-05 9.98246E-05 9.98246E-05 9.98246E-05 9.98246E-05 9.98246E-05 9.98246E-05 0.0358177
9.97808E-05 9.97808E-05 9.97808E-05 0.020816 9.97808E-05 0.021012 9.97808E-05 9.97808E-05 9.97808E-05 9.97808E-05 9.97808E-05 9.97808E-05 9.97808E-05 9.97808E-05 9.97808E-05 9.97808E-05 9.97808E-05 9.97808E-05 9.97808E-05 0.955678 9.97808E-05 9.97808E-05 9.97808E-05 9.97808E-05 9.97808E-05 9.97808E-05 9.97808E-05 9.97808E-05
0.100968 0.00993831 9.98158E-05 0.168252 9.98158E-05 0.112059 9.98158E-05 9.98158E-05 9.98158E-05 9.98158E-05 9.98158E-05 9.98158E-05 9.98158E-05 9.98158E-05 9.98158E-05 9.98158E-05 0.006613 9.98158E-05 9.98158E-05 0.577736 0.0223375 9.98158E-05 9.98158E-05 9.98158E-05 9.98158E-05 9.98158E-05 9.98158E-05 9.98158E-05
9.9772E-05 9.9772E-05 9.9772E-05 9.9772E-05 9.9772E-05 9.9772E-05 9.9772E-05 9.9772E-05 9.9772E-05 9.9772E-05 9.9772E-05 9.9772E-05 0.940205 9.9772E-05 9.9772E-05 9.9772E-05 9.9772E-05 0.057201 9.9772E-05 9.9772E-05 9.9772E-05 9.9772E-05 9.9772E-05 9.9772E-05 9.9772E-05 9.9772E-05 9.9772E-05 9.9772E-05
9.97894E-05 9.97894E-05 9.97894E-05 9.97894E-05 9.97894E-05 0.0490297 9.97894E-05 9.97894E-05 9.97894E-05 9.97894E-05 9.97894E-05 9.97894E-05 9.97894E-05 9.97894E-05 9.97894E-05 9.97894E-05 0.0499384 0.0200099 9.97894E-05 0.878627 9.97894E-05 9.97894E-05 9.97894E-05 9.97894E-05 9.97894E-05 9.97894E-05 9.97894E-05 9.97894E-05
0.0245554 9.98421E-05 9.98421E-05 0.00579171 9.98421E-05 0.0498474 9.98421E-05 0.100937 9.98421E-05 9.98421E-05 0.090951 9.98421E-05 0.386274 9.98421E-05 9.98421E-05 0.022121 0.0385876 9.98421E-05 9.98421E-05 0.23102 9.98421E-05 9.98421E-05 9.98421E-05 9.98421E-05 0.0481184 9.98421E-05 9.98421E-05 9.98421E-05
9.98596E-05 0.277321 9.98596E-05 9.98596E-05 9.98596E-05 0.0806339 9.98596E-05 9.98596E-05 0.0106981 0.0932667 0.0858899 9.98596E-05 9.98596E-05 0.00755281 0.00864815 0.0387096 0.0214378 9.98596E-05 0.0133689 0.252737 9.98596E-05 9.98596E-05 9.98596E-05 9.98596E-05 9.98596E-05 9.98596E-05 0.108138 9.98596E-05
9.98508E-05 0.232723 0.146132 9.98508E-05 9.98508E-05 0.088058 9.98508E-05 9.98508E-05 9.98508E-05 0.114584 9.98508E-05 0.0704393 9.98508E-05 9.98508E-05 9.98508E-05 0.0144653 0.0646309 0.0515929 0.00676496 0.206398 9.98508E-05 9.98508E-05 9.98508E-05 0.00251371 9.98508E-05 9.98508E-05 9.98508E-05 9.98508E-05
9.9816E-05 9.9816E-05 9.9816E-05 0.0701085 9.9816E-05 0.0119912 9.9816E-05 9.9816E-05 9.9816E-05 9.9816E-05 0.289646 9.9816E-05 0.150754 9.9816E-05 0.097773 9.9816E-05 9.9816E-05 9.9816E-05 9.9816E-05 0.325978 9.9816E-05 9.9816E-05 9.9816E-05 9.9816E-05 9.9816E-05 0.0516532 9.9816E-05 9.9816E-05
0.0778882 0.264607 9.98246E-05 9.98246E-05 9.98246E-05 0.0228546 9.98246E-05 9.98246E-05 0.0181127 9.98246E-05 9.98246E-05 9.98246E-05 9.98246E-05 9.98246E-05 9.98246E-05 9.98246E-05 0.12877 9.98246E-05 9.98246E-05 0.190645 0.13297 9.98246E-05 0.162157 9.98246E-05 9.98246E-05 9.98246E-05 9.98246E-05 9.98246E-05
9.98245E-05 9.98245E-05 9.98245E-05 9.98245E-05 9.98245E-05 0.193247 9.98245E-05 9.98245E-05 9.98245E-05 0.08411 9.98245E-05 9.98245E-05 0.0416172 9.98245E-05 9.98245E-05 0.0231705 0.0633443 9.98245E-05 9.98245E-05 0.233643 9.98245E-05 9.98245E-05 9.98245E-05 0.162489 9.98245E-05 9.98245E-05 0.196383 9.98245E-05
9.97721E-05 9.97721E-05 9.97721E-05 9.97721E-05 9.97721E-05 9.97721E-05 9.97721E-05 9.97721E-05 9.97721E-05 9.97721E-05 9.97721E-05 9.97721E-05 9.97721E-05 9.97721E-05 9.97721E-05 9.97721E-05 9.97721E-05 9.97721E-05 0.0293243 0.968082 9.97721E-05 9.97721E-05 9.97721E-05 9.97721E-05 9.97721E-05 9.97721E-05 9.97721E-05 9.97721E-05
9.98334E-05 9.98334E-05 0.0267992 0.00972072 9.98334E-05 0.0120714 9.98334E-05 9.98334E-05 9.98334E-05 0.0550479 9.98334E-05 0.0203211 0.0620739 9.98334E-05 0.289961 9.98334E-05 9.98334E-05 9.98334E-05 9.98334E-05 0.462338 9.98334E-05 9.98334E-05 9.98334E-05 9.98334E-05 9.98334E-05 9.98334E-05 9.98334E-05 0.0597698
9.98335E-05 9.98335E-05 9.98335E-05 9.98335E-05 0.00990867 9.98335E-05 9.98335E-05 0.0227149 9.98335E-05 0.190026 9.98335E-05 9.98335E-05 9.98335E-05 9.98335E-05 9.98335E-05 9.98335E-05 0.350786 9.98335E-05 9.98335E-05 0.250338 9.98335E-05 9.98335E-05 0.0196782 0.141856 9.98335E-05 9.98335E-05 0.00947376 0.00332071
9.97985E-05 0.185334 9.97985E-05 0.00709268 9.97985E-05 0.116549 9.97985E-05 9.97985E-05 9.97985E-05 9.97985E-05 9.97985E-05 0.0165862 0.672143 9.97985E-05 9.97985E-05 9.97985E-05 9.97985E-05 9.97985E-05 9.97985E-05 9.97985E-05 9.97985E-05 9.97985E-05 9.97985E-05 9.97985E-05 9.97985E-05 9.97985E-05 9.97985E-05 9.97985E-05
9.9807E-05 0.0027155 0.0264296 9.9807E-05 9.9807E-05 0.241295 9.9807E-05 9.9807E-05 9.9807E-05 9.9807E-05 9.9807E-05 9.9807E-05 9.9807E-05 9.9807E-05 9.9807E-05 9.9807E-05 0.265567 9.9807E-05 9.9807E-05 0.414374 9.9807E-05 9.9807E-05 9.9807E-05 9.9807E-05 9.9807E-05 9.9807E-05 0.0474225 9.9807E-05
0.279596 9.98333E-05 9.98333E-05 0.0288548 9.98333E-05 0.239618 9.98333E-05 9.98333E-05 0.00163121 9.98333E-05 9.98333E-05 9.98333E-05 9.98333E-05 9.98333E-05 9.98333E-05 0.00337943 0.0234313 0.0296701 0.125724 0.266198 9.98333E-05 9.98333E-05 9.98333E-05 9.98333E-05 9.98333E-05 9.98333E-05 9.98333E-05 9.98333E-05
9.97982E-05 9.97982E-05 9.97982E-05 9.97982E-05 0.0914652 0.112953 9.97982E-05 9.97982E-05 9.97982E-05 9.97982E-05 9.97982E-05 9.97982E-05 9.97982E-05 9.97982E-05 9.97982E-05 9.97982E-05 0.0666739 9.97982E-05 9.97982E-05 0.71105 9.97982E-05 0.0155629 9.97982E-05 9.97982E-05 9.97982E-05 9.97982E-05 9.97982E-05 9.97982E-05
0.158924 9.98245E-05 0.0567248 9.98245E-05 0.099434 0.0204753 9.98245E-05 9.98245E-05 9.98245E-05 9.98245E-05 9.98245E-05 9.98245E-05 9.98245E-05 9.98245E-05 9.98245E-05 9.98245E-05 0.186937 9.98245E-05 9.98245E-05 0.0186594 9.98245E-05 9.98245E-05 0.162992 9.98245E-05 9.98245E-05 9.98245E-05 0.293857 9.98245E-05
9.97809E-05 9.97809E-05 9.97809E-05 9.97809E-05 9.97809E-05 9.97809E-05 9.97809E-05 9.97809E-05 9.97809E-05 9.97809E-05 9.97809E-05 9.97809E-05 9.97809E-05 9.97809E-05 9.97809E-05 9.97809E-05 0.0695065 0.093048 9.97809E-05 0.834951 9.97809E-05 9.97809E-05 9.97809E-05 9.97809E-05 9.97809E-05 9.97809E-05 9.97809E-05 9.97809E-05
0.131747 9.97895E-05 9.97895E-05 9.97895E-05 9.97895E-05 0.150721 9.97895E-05 9.97895E-05 9.97895E-05 9.97895E-05 9.97895E-05 9.97895E-05 0.686356 9.97895E-05 9.97895E-05 9.97895E-05 0.0287803 9.97895E-05 9.97895E-05 9.97895E-05 9.97895E-05 9.97895E-05 9.97895E-05 9.97895E-05 9.97895E-05 9.97895E-05 9.97895E-05 9.97895E-05
9.9807E-05 9.9807E-05 9.9807E-05 9.9807E-05 9.9807E-05 0.034128 9.9807E-05 9.9807E-05 9.9807E-05 0.0524928 0.166963 9.9807E-05 0.508555 9.9807E-05 9.9807E-05 9.9807E-05 9.9807E-05 9.9807E-05 9.9807E-05 0.197483 9.9807E-05 9.9807E-05 9.9807E-05 9.9807E-05 9.9807E-05 9.9807E-05 0.038183 9.9807E-05
9.98071E-05 0.0384729 9.98071E-05 0.0441905 9.98071E-05 9.98071E-05 9.98071E-05 9.98071E-05 9.98071E-05 9.98071E-05 9.98071E-05 9.98071E-05 9.98071E-05 9.98071E-05 9.98071E-05 0.0268903 9.98071E-05 9.98071E-05 9.98071E-05 0.662318 9.98071E-05 9.98071E-05 0.0450949 9.98071E-05 9.98071E-05 9.98071E-05 0.180838 9.98071E-05
9.98159E-05 9.98159E-05 9.98159E-05 0.0594733 9.98159E-05 0.0614788 0.0337664 9.98159E-05 9.98159E-05 9.98159E-05 9.98159E-05 0.285573 9.98159E-05 9.98159E-05 0.0496953 0.00874476 9.98159E-05 9.98159E-05 9.98159E-05 0.499172 9.98159E-05 9.98159E-05 9.98159E-05 9.98159E-05 9.98159E-05 9.98159E-05 9.98159E-05 9.98159E-05
0.0367174 0.162213 0.0110868 0.101864 9.98245E-05 0.11823 9.98245E-05 9.98245E-05 9.98245E-05 9.98245E-05 9.98245E-05 9.98245E-05 0.0719221 9.98245E-05 9.98245E-05 9.98245E-05 0.0797709 9.98245E-05 9.98245E-05 0.416198 9.98245E-05 9.98245E-05 9.98245E-05 9.98245E-05 9.98245E-05 9.98245E-05 9.98245E-05 9.98245E-05
9.98332E-05 9.98332E-05 9.98332E-05 0.00748873 0.0185292 0.0858726 9.98332E-05 0.016358 9.98332E-05 9.98332E-05 9.98332E-05 9.98332E-05 0.684637 9.98332E-05 9.98332E-05 9.98332E-05 0.100905 9.98332E-05 9.98332E-05 9.98332E-05 9.98332E-05 0.0138417 0.0284684 0.0420031 9.98332E-05 9.98332E-05 9.98332E-05 9.98332E-05
9.9781E-05 9.9781E-05 9.9781E-05 9.9781E-05 9.9781E-05 9.9781E-05 9.9781E-05 9.9781E-05 9.9781E-05 9.9781E-05 9.9781E-05 9.9781E-05 0.92706 9.9781E-05 9.9781E-05 9.9781E-05 9.9781E-05 9.9781E-05 0.0658853 9.9781E-05 9.9781E-05 9.9781E-05 9.9781E-05 9.9781E-05 9.9781E-05 0.00455966 9.9781E-05 9.9781E-05
9.98158E-05 9.98158E-05 9.98158E-05 9.98158E-05 9.98158E-05 0.0303213 9.98158E-05 9.98158E-05 9.98158E-05 0.0209792 9.98158E-05 9.98158E-05 9.98158E-05 9.98158E-05 0.155736 9.98158E-05 0.00804624 0.00226862 9.98158E-05 0.635055 9.98158E-05 9.98158E-05 9.98158E-05 9.98158E-05 0.145498 9.98158E-05 9.98158E-05 9.98158E-05
9.97898E-05 9.97898E-05 9.97898E-05 9.97898E-05 9.97898E-05 9.97898E-05 9.97898E-05 9.97898E-05 9.97898E-05 9.97898E-05 9.97898E-05 9.97898E-05 9.97898E-05 9.97898E-05 9.97898E-05 9.97898E-05 9.97898E-05 9.97898E-05 9.97898E-05 0.816146 9.97898E-05 0.0428584 9.97898E-05 0.0584025 9.97898E-05 0.0801983 9.97898E-05 9.97898E-05
9.97985E-05 9.97985E-05 9.97985E-05 9.97985E-05 9.97985E-05 0.0132598 9.97985E-05 9.97985E-05 9.97985E-05 0.135061 9.97985E-05 9.97985E-05 0.83293 9.97985E-05 9.97985E-05 9.97985E-05 9.97985E-05 9.97985E-05 0.011188 9.97985E-05 9.97985E-05 9.97985E-05 9.97985E-05 9.97985E-05 9.97985E-05 0.00526534 9.97985E-05 9.97985E-05
9.98247E-05 9.98247E-05 9.98247E-05 0.0148885 9.98247E-05 0.156874 9.98247E-05 0.0465624 9.98247E-05 9.98247E-05 0.112908 9.98247E-05 0.544378 9.98247E-05 9.98247E-05 9.98247E-05 0.0726523 9.98247E-05 9.98247E-05 9.98247E-05 9.98247E-05 9.98247E-05 9.98247E-05 9.98247E-05 9.98247E-05 0.0447701 0.00497039 9.98247E-05
0.023333 9.98158E-05 0.0812446 9.98158E-05 0.0391942 0.106301 9.98158E-05 9.98158E-05 9.98158E-05 9.98158E-05 9.98158E-05 9.98158E-05 0.710807 9.98158E-05 9.98158E-05 9.98158E-05 0.00436545 9.98158E-05 9.98158E-05 9.98158E-05 9.98158E-05 9.98158E-05 9.98158E-05 0.0326588 9.98158E-05 9.98158E-05 9.98158E-05 9.98158E-05
9.97984E-05 9.97984E-05 9.97984E-05 0.00217123 9.97984E-05 0.0458943 9.97984E-05 9.97984E-05 9.97984E-05 9.97984E-05 9.97984E-05 9.97984E-05 9.97984E-05 9.97984E-05 9.97984E-05 9.97984E-05 0.0258782 9.97984E-05 9.97984E-05 0.826985 9.97984E-05 9.97984E-05 9.97984E-05 9.97984E-05 0.0967763 9.97984E-05 9.97984E-05 9.97984E-05
9.97897E-05 9.97897E-05 9.97897E-05 9.97897E-05 9.97897E-05 9.97897E-05 9.97897E-05 9.97897E-05 9.97897E-05 9.97897E-05 9.97897E-05 9.97897E-05 0.445097 9.97897E-05 9.97897E-05 9.97897E-05 0.118092 9.97897E-05 9.97897E-05 0.207273 9.97897E-05 9.97897E-05 9.97897E-05 9.97897E-05 9.97897E-05 9.97897E-05 0.227143 9.97897E-05
9.97894E-05 9.97894E-05 9.97894E-05 9.97894E-05 9.97894E-05 9.97894E-05 9.97894E-05 9.97894E-05 9.97894E-05 9.97894E-05 0.0788525 9.97894E-05 0.0274374 9.97894E-05 9.97894E-05 9.97894E-05 9.97894E-05 9.97894E-05 9.97894E-05 0.604439 9.97894E-05 9.97894E-05 9.97894E-05 9.97894E-05 0.286876 9.97894E-05 9.97894E-05 9.97894E-05
0.0181613 0.069335 9.98422E-05 0.09167 9.98422E-05 0.17808 9.98422E-05 9.98422E-05 0.0456195 0.0208867 9.98422E-05 0.00197879 0.483209 9.98422E-05 9.98422E-05 9.98422E-05 0.0775294 9.98422E-05 0.0117334 9.98422E-05 9.98422E-05 9.98422E-05 9.98422E-05 9.98422E-05 9.98422E-05 9.98422E-05 9.98422E-05 9.98422E-05
9.98247E-05 9.98247E-05 9.98247E-05 9.98247E-05 9.98247E-05 0.139256 9.98247E-05 0.116416 9.98247E-05 9.98247E-05 9.98247E-05 0.00384964 0.129238 9.98247E-05 9.98247E-05 9.98247E-05 0.34601 0.0458949 9.98247E-05 0.19764 9.98247E-05 9.98247E-05 9.98247E-05 0.0196989 9.98247E-05 9.98247E-05 9.98247E-05 9.98247E-05
9.97981E-05 9.97981E-05 9.97981E-05 9.97981E-05 9.97981E-05 0.0132628 9.97981E-05 9.97981E-05 9.97981E-05 9.97981E-05 9.97981E-05 9.97981E-05 0.409533 9.97981E-05 9.97981E-05 9.97981E-05 9.97981E-05 0.0229858 9.97981E-05 0.534982 0.0169405 9.97981E-05 9.97981E-05 9.97981E-05 9.97981E-05 9.97981E-05 9.97981E-05 9.97981E-05
9.97896E-05 9.97896E-05 9.97896E-05 9.97896E-05 9.97896E-05 0.0185841 9.97896E-05 9.97896E-05 9.97896E-05 9.97896E-05 9.97896E-05 9.97896E-05 9.97896E-05 9.97896E-05 9.97896E-05 9.97896E-05 9.97896E-05 0.0918033 9.97896E-05 0.847289 9.97896E-05 9.97896E-05 0.0399286 9.97896E-05 9.97896E-05 9.97896E-05 9.97896E-05 9.97896E-05
9.97633E-05 9.97633E-05 9.97633E-05 9.97633E-05 9.97633E-05 9.97633E-05 9.97633E-05 9.97633E-05 9.97633E-05 9.97633E-05 9.97633E-05 9.97633E-05 0.997306 9.97633E-05 9.97633E-05 9.97633E-05 9.97633E-05 9.97633E-05 9.97633E-05 9.97633E-05 9.97633E-05 9.97633E-05 9.97633E-05 9.97633E-05 9.97633E-05 9.97633E-05 9.97633E-05 9.97633E-05
9.98157E-05 0.00953732 9.98157E-05 9.98157E-05 9.98157E-05 0.0980317 9.98157E-05 9.98157E-05 9.98157E-05 9.98157E-05 9.98157E-05 9.98157E-05 0.667145 9.98157E-05 9.98157E-05 9.98157E-05 0.130419 0.0119663 9.98157E-05 0.0600946 9.98157E-05 9.98157E-05 9.98157E-05 0.0207102 9.98157E-05 9.98157E-05 9.98157E-05 9.98157E-05
9.98074E-05 9.98074E-05 9.98074E-05 9.98074E-05 9.98074E-05 9.98074E-05 9.98074E-05 0.0269171 9.98074E-05 9.98074E-05 9.98074E-05 0.0271358 0.552701 9.98074E-05 9.98074E-05 9.98074E-05 9.98074E-05 9.98074E-05 9.98074E-05 0.233731 9.98074E-05 0.0960567 9.98074E-05 0.0612626 9.98074E-05 9.98074E-05 9.98074E-05 9.98074E-05
9.98332E-05 9.98332E-05 9.98332E-05 0.0885115 9.98332E-05 0.117203 9.98332E-05 9.98332E-05 0.0187105 0.0257908 9.98332E-05 0.131684 0.285106 9.98332E-05 9.98332E-05 9.98332E-05 9.98332E-05 0.0500605 0.0434439 9.98332E-05 9.98332E-05 9.98332E-05 9.98332E-05 9.98332E-05 9.98332E-05 9.98332E-05 0.237593 9.98332E-05
9.98159E-05 9.98159E-05 9.98159E-05 9.98159E-05 0.0787218 9.98159E-05 9.98159E-05 0.0203516 0.066515 9.98159E-05 9.98159E-05 9.98159E-05 9.98159E-05 9.98159E-05 9.98159E-05 9.98159E-05 0.124744 0.0836586 9.98159E-05 0.618142 9.98159E-05 9.98159E-05 9.98159E-05 9.98159E-05 0.00577027 9.98159E-05 9.98159E-05 9.98159E-05
0.0824225 0.0205893 9.98071E-05 9.98071E-05 9.98071E-05 0.050693 9.98071E-05 9.98071E-05 9.98071E-05 9.98071E-05 9.98071E-05 9.98071E-05 9.98071E-05 9.98071E-05 9.98071E-05 0.0588311 0.0143416 9.98071E-05 9.98071E-05 0.770927 9.98071E-05 9.98071E-05 9.98071E-05 9.98071E-05 9.98071E-05 9.98071E-05 9.98071E-05 9.98071E-05
9.97896E-05 9.97896E-05 0.136776 9.97896E-05 9.97896E-05 9.97896E-05 9.97896E-05 0.0137186 9.97896E-05 9.97896E-05 9.97896E-05 9.97896E-05 0.844173 9.97896E-05 9.97896E-05 9.97896E-05 9.97896E-05 9.97896E-05 9.97896E-05 9.97896E-05 9.97896E-05 0.00293677 9.97896E-05 9.97896E-05 9.97896E-05 9.97896E-05 9.97896E-05 9.97896E-05
9.98161E-05 9.98161E-05 9.98161E-05 9.98161E-05 9.98161E-05 0.0421079 0.00466035 9.98161E-05 9.98161E-05 0.00245664 9.98161E-05 9.98161E-05 0.756882 9.98161E-05 9.98161E-05 0.122218 9.98161E-05 9.98161E-05 9.98161E-05 0.0579029 9.98161E-05 9.98161E-05 9.98161E-05 9.98161E-05 9.98161E-05 9.98161E-05 0.0116762 9.98161E-05
9.98334E-05 0.0872651 9.98334E-05 0.00719472 0.150448 9.98334E-05 9.98334E-05 0.0117742 9.98334E-05 9.98334E-05 0.0582122 9.98334E-05 0.0987302 9.98334E-05 9.98334E-05 9.98334E-05 9.98334E-05 9.98334E-05 9.98334E-05 0.531447 0.00453774 9.98334E-05 9.98334E-05 0.0484939 9.98334E-05 9.98334E-05 9.98334E-05 9.98334E-05
9.98157E-05 9.98157E-05 9.98157E-05 9.98157E-05 9.98157E-05 0.00263792 9.98157E-05 9.98157E-05 9.98157E-05 9.98157E-05 9.98157E-05 9.98157E-05 9.98157E-05 9.98157E-05 0.0954598 9.98157E-05 9.98157E-05 9.98157E-05 9.98157E-05 0.80135 0.0180539 9.98157E-05 0.0401393 0.00174388 9.98157E-05 0.0385188 9.98157E-05 9.98157E-05
9.97984E-05 9.97984E-05 9.97984E-05 0.060759 9.97984E-05 0.0217534 9.97984E-05 9.97984E-05 9.97984E-05 9.97984E-05 9.97984E-05 9.97984E-05 9.97984E-05 9.97984E-05 9.97984E-05 9.97984E-05 0.0182524 0.092335 9.97984E-05 0.804605 9.97984E-05 9.97984E-05 9.97984E-05 9.97984E-05 9.97984E-05 9.97984E-05 9.97984E-05 9.97984E-05
9.97808E-05 9.97808E-05 9.97808E-05 9.97808E-05 9.97808E-05 9.97808E-05 9.97808E-05 9.97808E-05 9.97808E-05 9.97808E-05 9.97808E-05 9.97808E-05 0.981678 0.00555144 9.97808E-05 9.97808E-05 9.97808E-05 9.97808E-05 9.97808E-05 9.97808E-05 9.97808E-05 9.97808E-05 9.97808E-05 9.97808E-05 9.97808E-05 9.97808E-05 9.97808E-05 0.010276
0.0558431 0.618962 9.98244E-05 0.036772 9.98244E-05 0.0523094 9.98244E-05 9.98244E-05 9.98244E-05 0.0377761 9.98244E-05 9.98244E-05 9.98244E-05 0.116857 9.98244E-05 9.98244E-05 0.0526884 9.98244E-05 9.98244E-05 9.98244E-05 9.98244E-05 9.98244E-05 9.98244E-05 9.98244E-05 9.98244E-05 0.0267951 9.98244E-05 9.98244E-05
9.97985E-05 0.84446 0.0012605 9.97985E-05 9.97985E-05 9.97985E-05 9.97985E-05 9.97985E-05 0.0473837 9.97985E-05 9.97985E-05 9.97985E-05 9.97985E-05 9.97985E-05 9.97985E-05 9.97985E-05 9.97985E-05 9.97985E-05 0.0604928 9.97985E-05 9.97985E-05 9.97985E-05 9.97985E-05 9.97985E-05 0.0441081 9.97985E-05 9.97985E-05 9.97985E-05
9.97895E-05 0.914635 9.97895E-05 9.97895E-05 9.97895E-05 9.97895E-05 9.97895E-05 9.97895E-05 9.97895E-05 9.97895E-05 0.0708436 9.97895E-05 9.97895E-05 9.97895E-05 9.97895E-05 9.97895E-05 9.97895E-05 9.97895E-05 9.97895E-05 9.97895E-05 9.97895E-05 0.0105377 0.00158861 9.97895E-05 9.97895E-05 9.97895E-05 9.97895E-05 9.97895E-05
0.153953 0.319596 9.98246E-05 9.98246E-05 0.00536104 0.032779 9.98246E-05 9.98246E-05 9.98246E-05 0.115255 9.98246E-05 9.98246E-05 9.98246E-05 9.98246E-05 9.98246E-05 9.98246E-05 9.98246E-05 9.98246E-05 9.98246E-05 9.98246E-05 9.98246E-05 0.0670489 9.98246E-05 9.98246E-05 0.0152783 0.288733 9.98246E-05 9.98246E-05
9.98156E-05 0.725481 9.98156E-05 9.98156E-05 9.98156E-05 0.00435007 9.98156E-05 9.98156E-05 9.98156E-05 0.0602709 9.98156E-05 9.98156E-05 9.98156E-05 9.98156E-05 9.98156E-05 9.98156E-05 9.98156E-05 9.98156E-05 0.00668747 9.98156E-05 0.131481 0.064823 9.98156E-05 9.98156E-05 9.98156E-05 9.98156E-05 9.98156E-05 0.00481037
9.98243E-05 0.590627 9.98243E-05 9.98243E-05 9.98243E-05 0.205385 9.98243E-05 9.98243E-05 0.0821992 0.0473593 9.98243E-05 0.0242727 9.98243E-05 9.98243E-05 9.98243E-05 9.98243E-05 0.0356914 9.98243E-05 9.98243E-05 9.98243E-05 0.00904106 9.98243E-05 9.98243E-05 9.98243E-05 9.98243E-05 9.98243E-05 0.00342809 9.98243E-05
9.98067E-05 0.518428 9.98067E-05 0.013827 9.98067E-05 0.108008 9.98067E-05 9.98067E-05 9.98067E-05 9.98067E-05 9.98067E-05 9.98067E-05 9.98067E-05 9.98067E-05 0.116638 9.98067E-05 9.98067E-05 0.00485479 9.98067E-05 9.98067E-05 9.98067E-05 9.98067E-05 9.98067E-05 9.98067E-05 9.98067E-05 0.236048 9.98067E-05 9.98067E-05
9.98331E-05 0.611689 9.98331E-05 9.98331E-05 0.00878164 0.0551179 9.98331E-05 9.98331E-05 9.98331E-05 0.0572684 9.98331E-05 0.0112428 9.98331E-05 9.98331E-05 9.98331E-05 9.98331E-05 9.98331E-05 9.98331E-05 9.98331E-05 9.98331E-05 9.98331E-05 0.0665287 0.0745904 9.98331E-05 9.98331E-05 0.0849027 0.0279814 9.98331E-05
9.97719E-05 0.826586 9.97719E-05 9.97719E-05 9.97719E-05 9.97719E-05 9.97719E-05 9.97719E-05 9.97719E-05 9.97719E-05 9.97719E-05 9.97719E-05 9.97719E-05 9.97719E-05 9.97719E-05 9.97719E-05 9.97719E-05 9.97719E-05 9.97719E-05 9.97719E-05 9.97719E-05 9.97719E-05 9.97719E-05 9.97719E-05 0.17082 9.97719E-05 9.97719E-05 9.97719E-05
9.97721E-05 0.952001 9.97721E-05 9.97721E-05 9.97721E-05 9.97721E-05 9.97721E-05 9.97721E-05 9.97721E-05 9.97721E-05 9.97721E-05 9.97721E-05 9.97721E-05 9.97721E-05 9.97721E-05 9.97721E-05 9.97721E-05 0.045405 9.97721E-05 9.97721E-05 9.97721E-05 9.97721E-05 9.97721E-05 9.97721E-05 9.97721E-05 9.97721E-05 9.97721E-05 9.97721E-05
9.98067E-05 0.489483 9.98067E-05 0.132352 9.98067E-05 0.26288 9.98067E-05 9.98067E-05 9.98067E-05 0.0691135 9.98067E-05 9.98067E-05 9.98067E-05 9.98067E-05 9.98067E-05 9.98067E-05 9.98067E-05 9.98067E-05 9.98067E-05 9.98067E-05 0.0220126 9.98067E-05 9.98067E-05 0.0219637 9.98067E-05 9.98067E-05 9.98067E-05 9.98067E-05
9.98507E-05 0.499211 0.0376565 0.0554107 9.98507E-05 0.0731644 9.98507E-05 0.00300147 9.98507E-05 9.98507E-05 9.98507E-05 9.98507E-05 9.98507E-05 9.98507E-05 9.98507E-05 0.0534801 0.146012 0.0258083 9.98507E-05 9.98507E-05 9.98507E-05 0.0303434 9.98507E-05 0.0176463 9.98507E-05 0.0565679 9.98507E-05 9.98507E-05
9.98156E-05 0.458359 0.0344527 0.0264923 9.98156E-05 9.98156E-05 9.98156E-05 9.98156E-05 9.98156E-05 0.125573 9.98156E-05 0.0760193 9.98156E-05 9.98156E-05 9.98156E-05 9.98156E-05 9.98156E-05 9.98156E-05 9.98156E-05 9.98156E-05 0.0142621 9.98156E-05 9.98156E-05 9.98156E-05 9.98156E-05 9.98156E-05 9.98156E-05 0.262746
9.98156E-05 0.574556 9.98156E-05 9.98156E-05 9.98156E-05 0.186353 9.98156E-05 0.0015546 9.98156E-05 9.98156E-05 9.98156E-05 0.0167417 9.98156E-05 9.98156E-05 9.98156E-05 9.98156E-05 0.166798 9.98156E-05 9.98156E-05 9.98156E-05 9.98156E-05 0.0261207 9.98156E-05 9.98156E-05 9.98156E-05 0.0257797 9.98156E-05 9.98156E-05
9.97897E-05 0.726482 0.00450199 9.97897E-05 9.97897E-05 9.97897E-05 9.97897E-05 0.0215065 9.97897E-05 9.97897E-05 9.97897E-05 9.97897E-05 9.97897E-05 9.97897E-05 9.97897E-05 9.97897E-05 9.97897E-05 9.97897E-05 9.97897E-05 9.97897E-05 9.97897E-05 9.97897E-05 9.97897E-05 9.97897E-05 0.245115 9.97897E-05 9.97897E-05 9.97897E-05
9.97722E-05 0.962773 9.97722E-05 9.97722E-05 9.97722E-05 9.97722E-05 9.97722E-05 9.97722E-05 9.97722E-05 0.034633 9.97722E-05 9.97722E-05 9.97722E-05 9.97722E-05 9.97722E-05 9.97722E-05 9.97722E-05 9.97722E-05 9.97722E-05 9.97722E-05 9.97722E-05 9.97722E-05 9.97722E-05 9.97722E-05 9.97722E-05 9.97722E-05 9.97722E-05 9.97722E-05
9.98154E-05 0.74424 9.98154E-05 9.98154E-05 9.98154E-05 0.0011615 9.98154E-05 9.98154E-05 9.98154E-05 9.98154E-05 9.98154E-05 0.0480161 9.98154E-05 0.12467 9.98154E-05 9.98154E-05 9.98154E-05 9.98154E-05 9.98154E-05 9.98154E-05 9.98154E-05 9.98154E-05 0.035102 0.0289845 9.98154E-05 9.98154E-05 0.0157302 9.98154E-05
9.98069E-05 0.61785 9.98069E-05 0.131475 9.98069E-05 9.98069E-05 9.98069E-05 9.98069E-05 9.98069E-05 0.0379277 9.98069E-05 9.98069E-05 9.98069E-05 9.98069E-05 9.98069E-05 9.98069E-05 0.0985698 0.0306171 9.98069E-05 9.98069E-05 9.98069E-05 9.98069E-05 9.98069E-05 0.0813654 9.98069E-05 9.98069E-05 9.98069E-05 9.98069E-05
9.97894E-05 0.908766 9.97894E-05 9.97894E-05 9.97894E-05 0.0111212 9.97894E-05 9.97894E-05 9.97894E-05 9.97894E-05 9.97894E-05 9.97894E-05 9.97894E-05 9.97894E-05 9.97894E-05 9.97894E-05 9.97894E-05 0.0265509 9.97894E-05 9.97894E-05 9.97894E-05 9.97894E-05 0.0511673 9.97894E-05 9.97894E-05 9.97894E-05 9.97894E-05 9.97894E-05
9.97977E-05 0.579471 0.0616376 9.97977E-05 9.97977E-05 0.144226 9.97977E-05 9.97977E-05 9.97977E-05 9.97977E-05 9.97977E-05 9.97977E-05 9.97977E-05 9.97977E-05 9.97977E-05 9.97977E-05 9.97977E-05 9.97977E-05 0.0419266 9.97977E-05 9.97977E-05 9.97977E-05 9.97977E-05 9.97977E-05 9.97977E-05 9.97977E-05 0.170443 9.97977E-05
9.97813E-05 0.969268 9.97813E-05 9.97813E-05 9.97813E-05 9.97813E-05 0.0247285 9.97813E-05 9.97813E-05 9.97813E-05 9.97813E-05 9.97813E-05 9.97813E-05 9.97813E-05 9.97813E-05 9.97813E-05 9.97813E-05 9.97813E-05 9.97813E-05 9.97813E-05 9.97813E-05 0.00350896 9.97813E-05 9.97813E-05 9.97813E-05 9.97813E-05 9.97813E-05 9.97813E-05
9.97892E-05 0.634057 9.97892E-05 9.97892E-05 9.97892E-05 0.0256642 9.97892E-05 9.97892E-05 9.97892E-05 9.97892E-05 9.97892E-05 9.97892E-05 9.97892E-05 9.97892E-05 9.97892E-05 9.97892E-05 0.216017 9.97892E-05 9.97892E-05 9.97892E-05 9.97892E-05 9.97892E-05 9.97892E-05 9.97892E-05 9.97892E-05 9.97892E-05 0.121867 9.97892E-05
9.98072E-05 0.700411 9.98072E-05 9.98072E-05 9.98072E-05 0.0365514 9.98072E-05 9.98072E-05 9.98072E-05 9.98072E-05 9.98072E-05 0.110541 9.98072E-05 9.98072E-05 9.98072E-05 9.98072E-05 0.050915 9.98072E-05 9.98072E-05 9.98072E-05 9.98072E-05 9.98072E-05 9.98072E-05 9.98072E-05 9.98072E-05 0.0797444 0.0196415 9.98072E-05
9.98246E-05 0.627175 9.98246E-05 9.98246E-05 0.0770038 0.0337144 9.98246E-05 0.0058612 0.12137 9.98246E-05 9.98246E-05 9.98246E-05 9.98246E-05 0.00629565 9.98246E-05 9.98246E-05 9.98246E-05 9.98246E-05 9.98246E-05 9.98246E-05 9.98246E-05 9.98246E-05 9.98246E-05 0.115418 9.98246E-05 9.98246E-05 0.0111653 9.98246E-05
9.97892E-05 0.812934 9.97892E-05 0.160984 9.97892E-05 0.00463813 9.97892E-05 9.97892E-05 9.97892E-05 9.97892E-05 9.97892E-05 9.97892E-05 9.97892E-05 9.97892E-05 0.0190499 9.97892E-05 9.97892E-05 9.97892E-05 9.97892E-05 9.97892E-05 9.97892E-05 9.97892E-05 9.97892E-05 9.97892E-05 9.97892E-05 9.97892E-05 9.97892E-05 9.97892E-05
9.97986E-05 0.956179 9.97986E-05 9.97986E-05 9.97986E-05 9.97986E-05 9.97986E-05 9.97986E-05 9.97986E-05 0.00578251 9.97986E-05 9.97986E-05 9.97986E-05 9.97986E-05 9.97986E-05 9.97986E-05 9.97986E-05 9.97986E-05 9.97986E-05 9.97986E-05 0.00922458 9.97986E-05 9.97986E-05 9.97986E-05 9.97986E-05 0.0239608 0.002558 9.97986E-05
9.97635E-05 0.997306 9.97635E-05 9.97635E-05 9.97635E-05 9.97635E-05 9.97635E-05 9.97635E-05 9.97635E-05 9.97635E-05 9.97635E-05 9.97635E-05 9.97635E-05 9.97635E-05 9.97635E-05 9.97635E-05 9.97635E-05 9.97635E-05 9.97635E-05 9.97635E-05 9.97635E-05 9.97635E-05 9.97635E-05 9.97635E-05 9.97635E-05 9.97635E-05 9.97635E-05 9.97635E-05
9.97635E-05 0.997306 9.97635E-05 9.97635E-05 9.97635E-05 9.97635E-05 9.97635E-05 9.97635E-05 9.97635E-05 9.97635E-05 9.97635E-05 9.97635E-05 9.97635E-05 9.97635E-05 9.97635E-05 9.97635E-05 9.97635E-05 9.97635E-05 9.97635E-05 9.97635E-05 9.97635E-05 9.97635E-05 9.97635E-05 9.97635E-05 9.97635E-05 9.97635E-05 9.97635E-05 9.97635E-05
9.97898E-05 0.870977 9.97898E-05 9.97898E-05 9.97898E-05 9.97898E-05 9.97898E-05 0.00518493 9.97898E-05 0.0370172 9.97898E-05 9.97898E-05 9.97898E-05 9.97898E-05 9.97898E-05 9.97898E-05 9.97898E-05 9.97898E-05 9.97898E-05 9.97898E-05 9.97898E-05 9.97898E-05 0.0844257 9.97898E-05 9.97898E-05 9.97898E-05 9.97898E-05 9.97898E-05
9.98071E-05 0.623437 9.98071E-05 9.98071E-05 9.98071E-05 0.155094 0.069554 9.98071E-05 9.98071E-05 0.0116991 9.98071E-05 9.98071E-05 0.0205436 9.98071E-05 9.98071E-05 9.98071E-05 9.98071E-05 9.98071E-05 9.98071E-05 9.98071E-05 9.98071E-05 9.98071E-05 9.98071E-05 9.98071E-05 0.117476 9.98071E-05 9.98071E-05 9.98071E-05
0.0415125 9.97983E-05 9.97983E-05 9.97983E-05 0.651691 0.125715 9.97983E-05 9.97983E-05 9.97983E-05 0.0884313 9.97983E-05 0.090355 9.97983E-05 9.97983E-05 9.97983E-05 9.97983E-05 9.97983E-05 9.97983E-05 9.97983E-05 9.97983E-05 9.97983E-05 9.97983E-05 9.97983E-05 9.97983E-05 9.97983E-05 9.97983E-05 9.97983E-05 9.97983E-05
0.581014 9.97809E-05 9.97809E-05 9.97809E-05 0.0295551 9.97809E-05 9.97809E-05 9.97809E-05 9.97809E-05 9.97809E-05 0.386936 9.97809E-05 9.97809E-05 9.97809E-05 9.97809E-05 9.97809E-05 9.97809E-05 9.97809E-05 9.97809E-05 9.97809E-05 9.97809E-05 9.97809E-05 9.97809E-05 9.97809E-05 9.97809E-05 9.97809E-05 9.97809E-05 9.97809E-05
0.520995 9.98332E-05 9.98332E-05 0.0156231 0.24979 0.0653139 9.98332E-05 0.0224686 9.98332E-05 9.98332E-05 9.98332E-05 0.0818781 9.98332E-05 9.98332E-05 9.98332E-05 0.0163354 9.98332E-05 9.98332E-05 9.98332E-05 9.98332E-05 9.98332E-05 9.98332E-05 0.0203118 9.98332E-05 9.98332E-05 9.98332E-05 0.00538648 9.98332E-05
0.282544 9.98067E-05 9.98067E-05 9.98067E-05 0.568641 0.117139 9.98067E-05 9.98067E-05 9.98067E-05 0.00804632 9.98067E-05 0.0200544 9.98067E-05 9.98067E-05 9.98067E-05 9.98067E-05 9.98067E-05 9.98067E-05 9.98067E-05 9.98067E-05 9.98067E-05 9.98067E-05 0.00137939 9.98067E-05 9.98067E-05 9.98067E-05 9.98067E-05 9.98067E-05
0.223977 9.97981E-05 9.97981E-05 9.97981E-05 0.655871 9.97981E-05 9.97981E-05 9.97981E-05 0.040548 0.031734 9.97981E-05 0.0455752 9.97981E-05 9.97981E-05 9.97981E-05 9.97981E-05 9.97981E-05 9.97981E-05 9.97981E-05 9.97981E-05 9.97981E-05 9.97981E-05 9.97981E-05 9.97981E-05 9.97981E-05 9.97981E-05 9.97981E-05 9.97981E-05
9.98158E-05 9.98158E-05 9.98158E-05 9.98158E-05 0.145301 0.140608 0.0274946 9.98158E-05 9.98158E-05 0.105931 9.98158E-05 0.502757 9.98158E-05 9.98158E-05 9.98158E-05 9.98158E-05 9.98158E-05 0.0498984 9.98158E-05 9.98158E-05 9.98158E-05 9.98158E-05 9.98158E-05 9.98158E-05 9.98158E-05 0.0259138 9.98158E-05 9.98158E-05
0.823857 9.9798E-05 9.9798E-05 9.9798E-05 9.9798E-05 0.0868767 9.9798E-05 0.0224074 9.9798E-05 0.0308872 9.9798E-05 9.9798E-05 9.9798E-05 9.9798E-05 9.9798E-05 9.9798E-05 9.9798E-05 9.9798E-05 9.9798E-05 9.9798E-05 9.9798E-05 9.9798E-05 0.0336766 9.9798E-05 9.9798E-05 9.9798E-05 9.9798E-05 9.9798E-05
0.562446 9.97893E-05 9.97893E-05 9.97893E-05 0.0295508 9.97893E-05 9.97893E-05 9.97893E-05 9.97893E-05 0.132429 9.97893E-05 0.273179 9.97893E-05 9.97893E-05 9.97893E-05 9.97893E-05 9.97893E-05 9.97893E-05 9.97893E-05 9.97893E-05 9.97893E-05 9.97893E-05 9.97893E-05 9.97893E-05 9.97893E-05 9.97893E-05 9.97893E-05 9.97893E-05
0.251438 9.98156E-05 9.98156E-05 0.0634525 0.172326 9.98156E-05 9.98156E-05 9.98156E-05 9.98156E-05 0.185179 9.98156E-05 0.0106118 9.98156E-05 9.98156E-05 9.98156E-05 9.98156E-05 9.98156E-05 9.98156E-05 9.98156E-05 9.98156E-05 9.98156E-05 9.98156E-05 9.98156E-05 9.98156E-05 9.98156E-05 0.194002 0.120894 9.98156E-05
0.419571 9.98157E-05 9.98157E-05 9.98157E-05 0.0850281 0.263587 9.98157E-05 9.98157E-05 9.98157E-05 0.169106 9.98157E-05 0.00697685 9.98157E-05 9.98157E-05 9.98157E-05 9.98157E-05 9.98157E-05 0.0195228 9.98157E-05 9.98157E-05 9.98157E-05 9.98157E-05 0.0341113 9.98157E-05 9.98157E-05 9.98157E-05 9.98157E-05 9.98157E-05
0.0294402 9.97983E-05 9.97983E-05 9.97983E-05 0.519723 9.97983E-05 0.225777 9.97983E-05 9.97983E-05 9.97983E-05 9.97983E-05 9.97983E-05 9.97983E-05 9.97983E-05 9.97983E-05 9.97983E-05 9.97983E-05 9.97983E-05 9.97983E-05 0.0220032 9.97983E-05 9.97983E-05 9.97983E-05 9.97983E-05 9.97983E-05 0.200761 9.97983E-05 9.97983E-05
9.9807E-05 9.9807E-05 9.9807E-05 0.0297313 0.293654 0.066275 9.9807E-05 9.9807E-05 9.9807E-05 9.9807E-05 0.148256 0.341273 9.9807E-05 9.9807E-05 9.9807E-05 9.9807E-05 9.9807E-05 9.9807E-05 9.9807E-05 9.9807E-05 9.9807E-05 9.9807E-05 9.9807E-05 9.9807E-05 9.9807E-05 0.118614 9.9807E-05 9.9807E-05
0.754738 9.97984E-05 9.97984E-05 9.97984E-05 9.97984E-05 9.97984E-05 0.0231063 9.97984E-05 9.97984E-05 0.0945855 9.97984E-05 0.103136 9.97984E-05 9.97984E-05 9.97984E-05 9.97984E-05 9.97984E-05 0.022139 9.97984E-05 9.97984E-05 9.97984E-05 9.97984E-05 9.97984E-05 9.97984E-05 9.97984E-05 9.97984E-05 9.97984E-05 9.97984E-05
0.114036 9.98071E-05 9.98071E-05 9.98071E-05 0.0453835 0.198296 0.0637675 9.98071E-05 9.98071E-05 0.0818152 9.98071E-05 0.494507 9.98071E-05 9.98071E-05 9.98071E-05 9.98071E-05 9.98071E-05 9.98071E-05 9.98071E-05 9.98071E-05 9.98071E-05 9.98071E-05 9.98071E-05 9.98071E-05 9.98071E-05 9.98071E-05 9.98071E-05 9.98071E-05
0.360956 9.98335E-05 0.0258665 9.98335E-05 0.306116 9.98335E-05 9.98335E-05 9.98335E-05 9.98335E-05 0.0725926 0.0428263 9.98335E-05 9.98335E-05 9.98335E-05 9.98335E-05 0.00911294 9.98335E-05 9.98335E-05 9.98335E-05 9.98335E-05 0.0164255 9.98335E-05 0.159513 0.0046942 9.98335E-05 9.98335E-05 9.98335E-05 9.98335E-05
9.98159E-05 9.98159E-05 9.98159E-05 0.0082072 0.699632 0.0244307 9.98159E-05 9.98159E-05 9.98159E-05 9.98159E-05 9.98159E-05 9.98159E-05 9.98159E-05 0.0210532 9.98159E-05 9.98159E-05 9.98159E-05 0.0589643 9.98159E-05 9.98159E-05 9.98159E-05 9.98159E-05 9.98159E-05 9.98159E-05 9.98159E-05 0.023295 0.162321 9.98159E-05
0.328255 9.98419E-05 9.98419E-05 9.98419E-05 0.0622053 0.0297356 9.98419E-05 9.98419E-05 9.98419E-05 0.00077633 0.0682623 0.268679 9.98419E-05 9.98419E-05 9.98419E-05 9.98419E-05 9.98419E-05 9.98419E-05 9.98419E-05 9.98419E-05 0.0246998 9.98419E-05 0.020041 9.98419E-05 0.0261903 0.169358 9.98419E-05 9.98419E-05
9.98248E-05 9.98248E-05 9.98248E-05 9.98248E-05 0.419293 9.98248E-05 9.98248E-05 0.0616846 9.98248E-05 0.051992 9.98248E-05 0.334906 9.98248E-05 9.98248E-05 9.98248E-05 9.98248E-05 0.0459245 0.00651392 9.98248E-05 9.98248E-05 9.98248E-05 0.00575709 9.98248E-05 9.98248E-05 9.98248E-05 9.98248E-05 0.0719328 9.98248E-05
0.118044 9.9781E-05 9.9781E-05 9.9781E-05 0.848411 9.9781E-05 9.9781E-05 9.9781E-05 9.9781E-05 9.9781E-05 0.0310505 9.9781E-05 9.9781E-05 9.9781E-05 9.9781E-05 9.9781E-05 9.9781E-05 9.9781E-05 9.9781E-05 9.9781E-05 9.9781E-05 9.9781E-05 9.9781E-05 9.9781E-05 9.9781E-05 9.9781E-05 9.9781E-05 9.9781E-05
9.98332E-05 9.98332E-05 0.00695981 9.98332E-05 0.343494 0.0312853 9.98332E-05 9.98332E-05 9.98332E-05 0.0884287 0.367628 9.98332E-05 9.98332E-05 9.98332E-05 0.0134086 9.98332E-05 9.98332E-05 0.00459301 9.98332E-05 9.98332E-05 0.0770057 9.98332E-05 9.98332E-05 9.98332E-05 9.98332E-05 9.98332E-05 0.0653001 9.98332E-05
9.98071E-05 9.98071E-05 9.98071E-05 9.98071E-05 0.709682 0.0455214 0.0390219 9.98071E-05 9.98071E-05 9.98071E-05 9.98071E-05 9.98071E-05 9.98071E-05 9.98071E-05 9.98071E-05 9.98071E-05 0.004129 0.0690061 9.98071E-05 9.98071E-05 9.98071E-05 9.98071E-05 9.98071E-05 9.98071E-05 9.98071E-05 0.130444 9.98071E-05 9.98071E-05
9.97896E-05 9.97896E-05 9.97896E-05 0.00582908 0.960493 0.0183211 9.97896E-05 9.97896E-05 9.97896E-05 9.97896E-05 9.97896E-05 9.97896E-05 9.97896E-05 9.97896E-05 9.97896E-05 9.97896E-05 9.97896E-05 9.97896E-05 9.97896E-05 9.97896E-05 9.97896E-05 9.97896E-05 0.0129619 9.97896E-05 9.97896E-05 9.97896E-05 9.97896E-05 9.97896E-05
9.97981E-05 9.97981E-05 9.97981E-05 9.97981E-05 0.0645482 0.16435 9.97981E-05 9.97981E-05 9.97981E-05 0.239174 9.97981E-05 0.404801 9.97981E-05 9.97981E-05 9.97981E-05 9.97981E-05 9.97981E-05 9.97981E-05 9.97981E-05 9.97981E-05 0.124832 9.97981E-05 9.97981E-05 9.97981E-05 9.97981E-05 9.97981E-05 9.97981E-05 9.97981E-05
0.43555 9.97984E-05 9.97984E-05 9.97984E-05 0.329139 9.97984E-05 0.0476555 0.0836212 9.97984E-05 0.101739 9.97984E-05 9.97984E-05 9.97984E-05 9.97984E-05 9.97984E-05 9.97984E-05 9.97984E-05 9.97984E-05 9.97984E-05 9.97984E-05 9.97984E-05 9.97984E-05 9.97984E-05 9.97984E-05 9.97984E-05 9.97984E-05 9.97984E-05 9.97984E-05
9.97982E-05 9.97982E-05 9.97982E-05 9.97982E-05 0.0796473 0.242977 9.97982E-05 9.97982E-05 9.97982E-05 0.14276 9.97982E-05 0.46647 9.97982E-05 9.97982E-05 9.97982E-05 9.97982E-05 9.97982E-05 9.97982E-05 9.97982E-05 9.97982E-05 0.06585 9.97982E-05 9.97982E-05 9.97982E-05 9.97982E-05 9.97982E-05 9.97982E-05 9.97982E-05
0.645341 9.98158E-05 0.00361714 9.98158E-05 9.98158E-05 0.00701582 0.0842608 9.98158E-05 9.98158E-05 0.0277852 9.98158E-05 9.98158E-05 9.98158E-05 9.98158E-05 9.98158E-05 9.98158E-05 9.98158E-05 9.98158E-05 9.98158E-05 9.98158E-05 9.98158E-05 9.98158E-05 9.98158E-05 9.98158E-05 9.98158E-05 0.161946 9.98158E-05 0.0679385
9.98245E-05 9.98245E-05 9.98245E-05 9.98245E-05 0.0357961 0.0145152 9.98245E-05 0.0403192 0.0099253 9.98245E-05 0.86348 0.0199929 9.98245E-05 0.00920228 9.98245E-05 9.98245E-05 9.98245E-05 9.98245E-05 9.98245E-05 9.98245E-05 9.98245E-05 0.00477284 9.98245E-05 9.98245E-05 9.98245E-05 9.98245E-05 9.98245E-05 9.98245E-05
0.321659 9.98067E-05 9.98067E-05 9.98067E-05 0.463131 0.0450801 9.98067E-05 9.98067E-05 9.98067E-05 0.0891522 9.98067E-05 0.0695389 9.98067E-05 9.98067E-05 9.98067E-05 9.98067E-05 9.98067E-05 9.98067E-05 9.98067E-05 9.98067E-05 9.98067E-05 9.98067E-05 9.98067E-05 0.0092438 9.98067E-05 9.98067E-05 9.98067E-05 9.98067E-05
0.1485 9.97984E-05 9.97984E-05 9.97984E-05 0.47771 0.165813 9.97984E-05 9.97984E-05 9.97984E-05 0.151556 9.97984E-05 9.97984E-05 9.97984E-05 9.97984E-05 9.97984E-05 9.97984E-05 9.97984E-05 9.97984E-05 9.97984E-05 9.97984E-05 9.97984E-05 9.97984E-05 9.97984E-05 9.97984E-05 9.97984E-05 0.0541254 9.97984E-05 9.97984E-05
0.0544734 9.98071E-05 9.98071E-05 9.98071E-05 0.403234 0.126465 0.106262 0.118234 9.98071E-05 9.98071E-05 9.98071E-05 0.189136 9.98071E-05 9.98071E-05 9.98071E-05 9.98071E-05 9.98071E-05 9.98071E-05 9.98071E-05 9.98071E-05 9.98071E-05 9.98071E-05 9.98071E-05 9.98071E-05 9.98071E-05 9.98071E-05 9.98071E-05 9.98071E-05
0.698789 9.97983E-05 0.0443166 9.97983E-05 9.97983E-05 0.19134 9.97983E-05 9.97983E-05 9.97983E-05 9.97983E-05 9.97983E-05 9.97983E-05 9.97983E-05 9.97983E-05 9.97983E-05 9.97983E-05 9.97983E-05 9.97983E-05 9.97983E-05 9.97983E-05 9.97983E-05 9.97983E-05 9.97983E-05 9.97983E-05 9.97983E-05 0.00956559 9.97983E-05 0.0536934
0.613998 9.97895E-05 0.0602538 9.97895E-05 0.303853 9.97895E-05 9.97895E-05 9.97895E-05 9.97895E-05 9.97895E-05 9.97895E-05 9.97895E-05 9.97895E-05 9.97895E-05 9.97895E-05 9.97895E-05 9.97895E-05 9.97895E-05 9.97895E-05 9.97895E-05 0.0195003 9.97895E-05 9.97895E-05 9.97895E-05 9.97895E-05 9.97895E-05 9.97895E-05 9.97895E-05
9.98157E-05 9.98157E-05 9.98157E-05 0.00282667 0.0988842 0.225676 9.98157E-05 0.115114 9.98157E-05 0.26135 9.98157E-05 0.266909 9.98157E-05 9.98157E-05 9.98157E-05 9.98157E-05 9.98157E-05 9.98157E-05 9.98157E-05 9.98157E-05 0.0271435 9.98157E-05 9.98157E-05 9.98157E-05 9.98157E-05 9.98157E-05 9.98157E-05 9.98157E-05
0.215097 9.98243E-05 9.98243E-05 9.98243E-05 0.476062 0.00451708 9.98243E-05 9.98243E-05 9.98243E-05 9.98243E-05 9.98243E-05 9.98243E-05 9.98243E-05 9.98243E-05 9.98243E-05 0.0466561 0.113304 9.98243E-05 9.98243E-05 9.98243E-05 0.0431125 9.98243E-05 9.98243E-05 0.0185257 9.98243E-05 9.98243E-05 0.0807295 9.98243E-05
0.804977 9.97807E-05 9.97807E-05 9.97807E-05 0.186412 0.00611696 9.97807E-05 9.97807E-05 9.97807E-05 9.97807E-05 9.97807E-05 9.97807E-05 9.97807E-05 9.97807E-05 9.97807E-05 9.97807E-05 9.97807E-05 9.97807E-05 9.97807E-05 9.97807E-05 9.97807E-05 9.97807E-05 9.97807E-05 9.97807E-05 9.97807E-05 9.97807E-05 9.97807E-05 9.97807E-05
0.143086 9.9807E-05 9.9807E-05 0.0606999 0.51016 9.9807E-05 0.061249 9.9807E-05 9.9807E-05 9.9807E-05 9.9807E-05 9.9807E-05 9.9807E-05 9.9807E-05 9.9807E-05 9.9807E-05 9.9807E-05 0.081708 9.9807E-05 9.9807E-05 9.9807E-05 9.9807E-05 9.9807E-05 9.9807E-05 9.9807E-05 9.9807E-05 0.140901 9.9807E-05
