9.99561E-05 0.171263 0.021473 0.138456 0.474651 9.99561E-05 9.99561E-05 0.109903 9.99561E-05 0.0837551 9.99561E-05
0.0104043 0.14508 9.99561E-05 0.0319388 0.761863 0.0365168 9.99561E-05 0.0136977 9.99561E-05 9.99561E-05 9.99561E-05
9.99473E-05 9.99473E-05 9.99473E-05 0.0726564 0.887047 9.99473E-05 9.99473E-05 0.000875401 0.00563985 0.0331817 9.99473E-05
0.0348226 9.99649E-05 9.99649E-05 0.0923445 0.297195 0.447421 0.0597034 0.0611994 0.00691428 9.99649E-05 9.99649E-05
9.99298E-05 9.99298E-05 0.0530395 9.99298E-05 0.79554 0.150621 9.99298E-05 9.99298E-05 9.99298E-05 9.99298E-05 9.99298E-05
9.99561E-05 0.0904541 0.22657 0.0183913 0.2295 0.351769 0.0828164 9.99561E-05 9.99561E-05 9.99561E-05 9.99561E-05
9.99649E-05 0.122098 9.99649E-05 0.076657 0.309606 0.276865 9.99649E-05 0.129446 0.0470622 0.0378658 9.99649E-05
9.99561E-05 0.012455 0.183382 9.99561E-05 0.244715 0.377644 9.99561E-05 0.00982634 0.171477 9.99561E-05 9.99561E-05
9.99473E-05 9.99473E-05 0.313057 0.203314 0.223514 0.0592065 9.99473E-05 9.99473E-05 9.99473E-05 0.200309 9.99473E-05
9.99385E-05 9.99385E-05 9.99385E-05 0.125962 0.826717 9.99385E-05 9.99385E-05 9.99385E-05 9.99385E-05 0.0147485 0.0318731
0.0349336 9.99473E-05 0.0841053 0.278955 0.469262 9.99473E-05 9.99473E-05 0.132145 9.99473E-05 9.99473E-05 9.99473E-05
0.00864309 9.99649E-05 9.99649E-05 0.0173188 0.75337 0.125855 0.00521776 0.0510735 0.0381213 9.99649E-05 9.99649E-05
9.99385E-05 9.99385E-05 0.00111314 0.128202 0.813729 0.0562558 9.99385E-05 9.99385E-05 9.99385E-05 9.99385E-05 9.99385E-05
9.99474E-05 9.99474E-05 9.99474E-05 0.086059 0.613582 9.99474E-05 0.158454 0.069075 0.0722295 9.99474E-05 9.99474E-05
0.000143413 0.00684169 0.187007 0.271024 0.296653 0.0221081 0.136764 9.99737E-05 9.99737E-05 0.0791598 9.99737E-05
9.99561E-05 9.99561E-05 0.218556 0.164287 0.293815 0.176032 9.99561E-05 0.00393196 0.142879 9.99561E-05 9.99561E-05
0.00549697 0.052818 9.99824E-05 0.0414344 0.585957 0.0235704 0.0976242 0.0981504 0.0910582 9.99824E-05 0.00369001
0.117601 9.99649E-05 0.0720891 0.235315 0.236745 0.057487 9.99649E-05 9.99649E-05 9.99649E-05 0.0482699 0.232094
9.99561E-05 9.99561E-05 0.138173 0.284292 0.33513 0.15938 9.99561E-05 0.041173 9.99561E-05 9.99561E-05 0.041352
0.0768313 9.99297E-05 9.99297E-05 0.013 0.909369 9.99297E-05 9.99297E-05 9.99297E-05 9.99297E-05 9.99297E-05 9.99297E-05
0.0573571 9.99737E-05 0.0852759 0.0262204 0.400638 0.272648 9.99737E-05 0.134001 9.99737E-05 0.0147219 0.0088382
9.99474E-05 0.103368 0.188981 9.99474E-05 0.310729 0.393262 9.99474E-05 0.00305946 9.99474E-05 9.99474E-05 9.99474E-05
9.99473E-05 0.0322478 9.99473E-05 0.174635 0.665427 9.99473E-05 9.99473E-05 0.0710918 9.99473E-05 0.0559989 9.99473E-05
9.99473E-05 9.99473E-05 9.99473E-05 0.379546 0.39907 0.038671 9.99473E-05 9.99473E-05 0.06135 0.120763 9.99473E-05
0.083295 9.99561E-05 0.11537 0.383286 0.302339 9.99561E-05 0.0152713 0.0999381 9.99561E-05 9.99561E-05 9.99561E-05
9.99561E-05 9.99561E-05 0.00361341 0.141155 0.6845 0.133689 0.021482 0.0150608 9.99561E-05 9.99561E-05 9.99561E-05
9.99824E-05 0.148376 0.0179387 0.231785 0.0813141 0.0229101 0.196298 0.0241939 0.137258 9.99824E-05 0.139727
9.99386E-05 9.99386E-05 9.99386E-05 0.0858967 0.77911 0.0966982 9.99386E-05 0.0375953 9.99386E-05 9.99386E-05 9.99386E-05
9.99474E-05 9.99474E-05 0.0415816 0.356623 0.551563 9.99474E-05 9.99474E-05 0.00300658 9.99474E-05 0.0466265 9.99474E-05
0.0266154 0.0243426 0.0273529 0.0492031 0.705437 9.99824E-05 0.0661377 0.0101483 0.0118954 0.078668 9.99824E-05
0.0569062 9.99561E-05 0.0364743 0.0451627 0.695686 9.99561E-05 9.99561E-05 0.143473 9.99561E-05 9.99561E-05 0.021798
9.99561E-05 9.99561E-05 0.0401789 0.0969421 0.519347 0.160348 0.098915 0.0837694 9.99561E-05 9.99561E-05 9.99561E-05
9.99473E-05 9.99473E-05 0.0073052 0.243084 0.55257 9.99473E-05 9.99473E-05 0.0888729 0.107568 9.99473E-05 9.99473E-05
9.99736E-05 9.99736E-05 9.99736E-05 0.190527 0.453484 0.0809377 0.174768 0.00437678 0.052278 0.00394946 0.0393793
0.0900553 0.0482238 9.99473E-05 0.002759 0.825924 9.99473E-05 9.99473E-05 0.032438 9.99473E-05 9.99473E-05 9.99473E-05
9.99649E-05 0.032493 0.0299581 0.0393797 0.658823 9.99649E-05 9.99649E-05 0.0249802 0.1154 0.0985653 9.99649E-05
9.99386E-05 0.0625595 9.99386E-05 9.99386E-05 0.796793 9.99386E-05 9.99386E-05 0.069448 0.0704999 9.99386E-05 9.99386E-05
0.106798 0.0713755 0.139977 0.0531985 0.628052 9.99474E-05 9.99474E-05 9.99474E-05 9.99474E-05 9.99474E-05 9.99474E-05
0.0286838 0.0311334 0.00802502 0.24629 0.566644 0.043805 0.0632776 0.0118408 9.99737E-05 9.99737E-05 9.99737E-05
9.99385E-05 9.99385E-05 9.99385E-05 0.17649 0.54544 9.99385E-05 0.104592 9.99385E-05 0.172778 9.99385E-05 9.99385E-05
9.99473E-05 9.99473E-05 0.0420406 0.130656 0.735144 0.0660902 9.99473E-05 0.0254691 9.99473E-05 9.99473E-05 9.99473E-05
9.99473E-05 0.0462499 0.0640947 0.138794 0.692629 9.99473E-05 9.99473E-05 9.99473E-05 9.99473E-05 0.0576335 9.99473E-05
9.99297E-05 9.99297E-05 9.99297E-05 9.99297E-05 0.855379 0.13101 0.0128115 9.99297E-05 9.99297E-05 9.99297E-05 9.99297E-05
9.99649E-05 0.0611081 0.17832 0.185617 0.395292 0.0487075 9.99649E-05 0.106626 9.99649E-05 0.0239301 9.99649E-05
9.99386E-05 9.99386E-05 9.99386E-05 0.311468 0.328031 0.347802 9.99386E-05 0.0119994 9.99386E-05 9.99386E-05 9.99386E-05
0.0418019 9.99473E-05 9.99473E-05 0.042333 0.749131 0.153299 9.99473E-05 0.012836 9.99473E-05 9.99473E-05 9.99473E-05
9.99473E-05 9.99473E-05 0.0247822 0.0794832 0.827368 9.99473E-05 9.99473E-05 0.0222534 9.99473E-05 9.99473E-05 0.0455139
0.0325168 9.99386E-05 9.99386E-05 0.0419945 0.857904 9.99386E-05 9.99386E-05 9.99386E-05 0.0668854 9.99386E-05 9.99386E-05
9.99385E-05 9.99385E-05 9.99385E-05 0.151434 0.635693 0.143625 9.99385E-05 0.0685485 9.99385E-05 9.99385E-05 9.99385E-05
9.99474E-05 9.99474E-05 0.0440746 0.0332719 0.696229 9.99474E-05 9.99474E-05 9.99474E-05 0.142672 9.99474E-05 0.0831522
9.99561E-05 9.99561E-05 0.0749582 0.25607 0.293058 0.172004 9.99561E-05 0.167187 9.99561E-05 0.0362227 9.99561E-05
0.0010908 9.99649E-05 0.0279556 0.0411609 0.548132 0.239245 9.99649E-05 9.99649E-05 0.0251693 0.116846 9.99649E-05
9.99385E-05 9.99385E-05 0.0174532 0.0904865 0.790291 9.99385E-05 9.99385E-05 9.99385E-05 9.99385E-05 9.99385E-05 0.101069
9.99474E-05 9.99474E-05 9.99474E-05 0.102332 0.594253 0.0197626 9.99474E-05 0.049062 0.233991 9.99474E-05 9.99474E-05
0.00544304 9.99562E-05 9.99562E-05 0.121562 0.77088 0.0876124 9.99562E-05 9.99562E-05 9.99562E-05 0.00589277 0.00811057
0.0845527 9.99561E-05 9.99561E-05 9.99561E-05 0.73046 0.002003 0.111382 0.0381738 0.0329283 9.99561E-05 9.99561E-05
9.99561E-05 0.0420917 0.0374195 0.101683 0.619609 0.118999 9.99561E-05 9.99561E-05 9.99561E-05 9.99561E-05 0.0796983
9.99298E-05 9.99298E-05 9.99298E-05 0.159753 0.771514 9.99298E-05 9.99298E-05 0.067934 9.99298E-05 9.99298E-05 9.99298E-05
9.99473E-05 9.99473E-05 0.0105068 0.0405078 0.868535 0.0447149 9.99473E-05 0.0351361 9.99473E-05 9.99473E-05 9.99473E-05
9.99561E-05 0.382156 0.0385503 0.29701 0.0822284 9.99561E-05 9.99561E-05 0.0390605 9.99561E-05 9.99561E-05 0.160495
0.00807843 0.440195 9.99649E-05 0.0550657 0.26558 0.070456 9.99649E-05 9.99649E-05 0.06133 0.0988951 9.99649E-05
9.99649E-05 0.233806 9.99649E-05 0.135789 0.290509 9.99649E-05 0.036952 0.0508727 0.119926 9.99649E-05 0.131745
9.99649E-05 0.485391 0.132114 0.130512 9.99649E-05 9.99649E-05 0.111481 0.028964 0.0185777 9.99649E-05 0.092561
0.0463357 0.177406 0.113351 0.253825 0.102599 0.110161 9.99824E-05 0.0231919 0.0773271 9.99824E-05 0.095604
9.99649E-05 0.279897 0.0793706 0.351168 9.99649E-05 9.99649E-05 9.99649E-05 0.0865763 0.00659805 0.137984 0.0580057
0.041148 0.439148 9.99737E-05 0.281556 9.99737E-05 0.0308931 9.99737E-05 0.0684656 0.0516457 0.0037394 0.083104
9.99561E-05 0.40573 0.0957929 0.242611 9.99561E-05 9.99561E-05 9.99561E-05 0.00472188 0.026371 9.99561E-05 0.224273
9.99649E-05 0.496945 9.99649E-05 0.136702 0.101076 9.99649E-05 0.00787803 9.99649E-05 0.0072112 0.184997 0.0647913
9.99561E-05 0.255096 0.0971439 0.150433 0.292725 0.00786642 9.99561E-05 0.196236 9.99561E-05 9.99561E-05 9.99561E-05
0.0181714 0.143353 0.0959804 0.447122 9.99561E-05 9.99561E-05 9.99561E-05 0.234921 9.99561E-05 9.99561E-05 0.0599521
9.99561E-05 0.291448 0.0139511 0.262277 9.99561E-05 0.180919 9.99561E-05 0.103447 0.147458 9.99561E-05 9.99561E-05
9.99737E-05 0.160434 0.186957 0.134541 9.99737E-05 0.302452 0.0292191 0.104825 0.0542588 9.99737E-05 0.0270141
9.99386E-05 0.315233 9.99386E-05 0.398707 9.99386E-05 0.270436 9.99386E-05 0.0149246 9.99386E-05 9.99386E-05 9.99386E-05
9.9965E-05 0.336608 9.9965E-05 0.0943783 0.215528 9.9965E-05 0.0979143 0.0173336 0.192515 0.0453227 9.9965E-05
9.99737E-05 0.32876 0.0519347 0.211434 0.233606 0.00435666 0.043442 0.0941537 9.99737E-05 9.99737E-05 0.0320125
9.99474E-05 0.323249 9.99474E-05 0.218136 9.99474E-05 0.235308 9.99474E-05 9.99474E-05 0.111835 9.99474E-05 0.110873
9.99737E-05 0.153646 0.127048 0.100776 0.0881873 0.124178 9.99737E-05 0.213415 9.99737E-05 0.0342503 0.158199
9.99649E-05 0.159973 0.0668684 0.288391 0.216064 9.99649E-05 9.99649E-05 0.12331 0.00795149 9.99649E-05 0.137042
0.0201608 0.270553 9.99649E-05 0.426439 9.99649E-05 9.99649E-05 9.99649E-05 0.0146828 0.19966 0.000926791 0.0671781
9.9965E-05 0.40315 9.9965E-05 0.170476 0.28312 0.0484077 9.9965E-05 0.00605013 0.0674037 9.9965E-05 0.0209936
9.99473E-05 0.345147 9.99473E-05 0.333897 0.0583873 0.0965182 9.99473E-05 9.99473E-05 0.165451 9.99473E-05 9.99473E-05
0.0300823 0.320479 9.99737E-05 0.127435 0.137121 9.99737E-05 0.206854 0.0583387 0.0399239 9.99737E-05 0.0794667
9.999E-05 0.128772 0.0795172 0.167684 0.157109 0.193521 0.0270083 0.0509533 0.0580472 0.0757398 0.0615485
9.99561E-05 0.11417 0.0242454 0.213699 0.220695 9.99561E-05 0.0606829 0.366008 9.99561E-05 9.99561E-05 9.99561E-05
0.15333 0.316143 0.0313369 0.117566 0.286386 9.99562E-05 9.99562E-05 0.094738 9.99562E-05 9.99562E-05 9.99562E-05
9.99562E-05 0.279362 9.99562E-05 0.188777 0.346185 0.0420268 9.99562E-05 9.99562E-05 9.99562E-05 0.0436809 0.0994691
0.00115254 0.381412 9.9965E-05 0.237833 0.198005 9.9965E-05 9.9965E-05 9.9965E-05 0.0656735 0.0897852 0.0257401
9.99562E-05 0.12503 0.0816084 0.248971 0.271352 9.99562E-05 9.99562E-05 0.0240413 9.99562E-05 9.99562E-05 0.248497
9.99562E-05 0.250699 0.103208 0.260852 0.244719 9.99562E-05 0.114037 9.99562E-05 0.0259847 9.99562E-05 9.99562E-05
9.99297E-05 9.99297E-05 0.173992 0.254606 9.99297E-05 9.99297E-05 0.570603 9.99297E-05 9.99297E-05 9.99297E-05 9.99297E-05
9.99299E-05 9.99299E-05 0.0442185 0.0947849 9.99299E-05 9.99299E-05 0.860197 9.99299E-05 9.99299E-05 9.99299E-05 9.99299E-05
9.99385E-05 9.99385E-05 9.99385E-05 0.265018 9.99385E-05 9.99385E-05 0.65589 0.0356347 9.99385E-05 9.99385E-05 0.042758
0.0328082 9.99648E-05 0.138363 0.261276 9.99648E-05 0.0245204 0.4644 0.0489407 9.99648E-05 9.99648E-05 0.0292921
0.0129677 9.9956E-05 0.132696 0.0541381 9.9956E-05 9.9956E-05 0.628317 9.9956E-05 9.9956E-05 0.0785782 0.0928025
9.99385E-05 9.99385E-05 0.199667 0.153374 9.99385E-05 0.0152292 0.63103 9.99385E-05 9.99385E-05 9.99385E-05 9.99385E-05
9.99561E-05 9.99561E-05 0.101633 0.213059 9.99561E-05 9.99561E-05 0.480195 0.0595454 0.0268218 9.99561E-05 0.118247
9.99385E-05 9.99385E-05 0.325312 0.160437 9.99385E-05 9.99385E-05 0.492462 0.0210894 9.99385E-05 9.99385E-05 9.99385E-05
9.99472E-05 0.270741 0.428878 0.134523 9.99472E-05 9.99472E-05 0.100542 0.0647162 9.99472E-05 9.99472E-05 9.99472E-05
9.99385E-05 9.99385E-05 0.278946 0.415666 9.99385E-05 9.99385E-05 0.272695 9.99385E-05 9.99385E-05 9.99385E-05 0.0319939
9.99298E-05 0.219014 9.99298E-05 9.99298E-05 9.99298E-05 9.99298E-05 0.767258 0.0129288 9.99298E-05 9.99298E-05 9.99298E-05
9.99472E-05 0.137957 0.00348161 0.0476691 9.99472E-05 9.99472E-05 0.737227 0.0730648 9.99472E-05 9.99472E-05 9.99472E-05
9.99473E-05 9.99473E-05 0.203578 0.00772935 9.99473E-05 9.99473E-05 0.710262 0.0626211 0.0152101 9.99473E-05 9.99473E-05
9.99386E-05 9.99386E-05 0.190943 0.260157 9.99386E-05 9.99386E-05 0.518346 9.99386E-05 9.99386E-05 0.0298549 9.99386E-05
9.99473E-05 9.99473E-05 0.106544 9.99473E-05 9.99473E-05 9.99473E-05 0.616232 0.00695483 0.076402 9.99473E-05 0.193267
9.99561E-05 0.117246 0.0944011 0.214488 9.99561E-05 9.99561E-05 0.447237 0.0774503 0.0486775 9.99561E-05 9.99561E-05
0.0965164 0.100261 0.118678 0.0716442 9.99561E-05 9.99561E-05 0.611128 9.99561E-05 9.99561E-05 9.99561E-05 0.00127351
9.99386E-05 9.99386E-05 0.178954 9.99386E-05 9.99386E-05 9.99386E-05 0.613344 0.0792546 0.127748 9.99386E-05 9.99386E-05
9.99473E-05 9.99473E-05 0.0498097 0.00121855 9.99473E-05 0.0464927 0.852503 0.0493763 9.99473E-05 9.99473E-05 9.99473E-05
0.0998622 0.0263688 0.015812 0.286802 9.99649E-05 9.99649E-05 0.485987 0.066602 0.0181664 9.99649E-05 9.99649E-05
9.99473E-05 9.99473E-05 0.116415 0.096721 9.99473E-05 0.217176 0.560743 9.99473E-05 9.99473E-05 9.99473E-05 0.00834461
9.99472E-05 9.99472E-05 0.0996464 0.0724011 9.99472E-05 9.99472E-05 0.745205 0.0456071 9.99472E-05 9.99472E-05 0.0365411
9.99561E-05 0.0263487 0.300422 0.165654 9.99561E-05 0.117324 0.360905 0.0288469 9.99561E-05 9.99561E-05 9.99561E-05
9.99473E-05 9.99473E-05 0.209999 0.0170689 9.99473E-05 9.99473E-05 0.719696 0.023471 9.99473E-05 0.0291648 9.99473E-05
0.175684 9.99473E-05 0.279605 0.221552 9.99473E-05 9.99473E-05 0.305122 0.0174381 9.99473E-05 9.99473E-05 9.99473E-05
9.99386E-05 0.0466116 0.16766 0.212541 9.99386E-05 9.99386E-05 0.572487 9.99386E-05 9.99386E-05 9.99386E-05 9.99386E-05
0.00871256 9.99474E-05 9.99474E-05 0.073906 0.031955 9.99474E-05 0.807232 9.99474E-05 9.99474E-05 0.0775948 9.99474E-05
9.99384E-05 9.99384E-05 0.228141 0.153084 9.99384E-05 0.220825 0.397251 9.99384E-05 9.99384E-05 9.99384E-05 9.99384E-05
0.0155165 0.00541507 0.308932 0.264222 9.99473E-05 9.99473E-05 0.405315 9.99473E-05 9.99473E-05 9.99473E-05 9.99473E-05
9.99473E-05 9.99473E-05 0.0213674 0.193191 9.99473E-05 9.99473E-05 0.608268 0.105468 9.99473E-05 9.99473E-05 0.0711049
9.99473E-05 9.99473E-05 0.082064 0.275475 9.99473E-05 9.99473E-05 0.561383 0.0657383 0.0147404 9.99473E-05 9.99473E-05
0.0305537 9.99473E-05 9.99473E-05 0.110375 9.99473E-05 9.99473E-05 0.739678 0.0475484 0.0712454 9.99473E-05 9.99473E-05
0.236287 9.99473E-05 0.32167 0.252317 9.99473E-05 9.99473E-05 0.147515 0.0416105 9.99473E-05 9.99473E-05 9.99473E-05
0.0509608 9.99472E-05 0.118649 0.313356 9.99472E-05 9.99472E-05 0.496438 9.99472E-05 9.99472E-05 9.99472E-05 0.0199966
0.0385824 9.99561E-05 0.0467287 0.0977084 9.99561E-05 0.038935 0.759644 9.99561E-05 9.99561E-05 9.99561E-05 0.0179022
0.0103173 0.000298677 0.134793 9.99561E-05 9.99561E-05 9.99561E-05 0.682357 0.0588195 0.112915 9.99561E-05 9.99561E-05
9.9956E-05 9.9956E-05 0.158407 0.390568 9.9956E-05 9.9956E-05 0.351652 0.0445297 0.00836356 9.9956E-05 0.0459798
9.99298E-05 9.99298E-05 0.00323428 9.99298E-05 9.99298E-05 9.99298E-05 0.994172 9.99298E-05 9.99298E-05 9.99298E-05 0.00179477
9.99386E-05 9.99386E-05 9.99386E-05 0.0824538 9.99386E-05 9.99386E-05 0.867801 0.02294 9.99386E-05 9.99386E-05 0.026106
9.99298E-05 9.99298E-05 0.0304017 9.99298E-05 9.99298E-05 9.99298E-05 0.95839 0.0104088 9.99298E-05 9.99298E-05 9.99298E-05
0.00444251 0.0132745 9.99298E-05 9.99298E-05 9.99298E-05 9.99298E-05 0.981484 9.99298E-05 9.99298E-05 9.99298E-05 9.99298E-05
9.99472E-05 0.192657 0.18057 0.377028 9.99472E-05 0.0309135 0.218232 9.99472E-05 9.99472E-05 9.99472E-05 9.99472E-05
0.107334 0.0788892 0.204474 0.00822562 9.99648E-05 9.99648E-05 0.5382 9.99648E-05 0.0186959 9.99648E-05 0.0437818
0.0146758 9.99474E-05 0.0886971 0.084669 0.00839743 9.99474E-05 0.802961 9.99474E-05 9.99474E-05 9.99474E-05 9.99474E-05
9.9921E-05 9.9921E-05 9.9921E-05 0.0999982 9.9921E-05 9.9921E-05 0.899103 9.9921E-05 9.9921E-05 9.9921E-05 9.9921E-05
0.151816 0.283905 0.258646 0.0608135 9.99473E-05 9.99473E-05 0.24422 9.99473E-05 9.99473E-05 9.99473E-05 9.99473E-05
9.99473E-05 9.99473E-05 0.120583 0.211509 9.99473E-05 9.99473E-05 0.522707 0.110491 0.0341112 9.99473E-05 9.99473E-05
9.99561E-05 0.141228 0.179604 0.0816771 9.99561E-05 9.99561E-05 0.424778 9.99561E-05 0.0500956 0.122118 9.99561E-05
0.047208 9.99473E-05 0.322356 0.308552 9.99473E-05 9.99473E-05 0.278117 0.0431663 9.99473E-05 9.99473E-05 9.99473E-05
9.9921E-05 9.9921E-05 9.9921E-05 0.00882288 9.9921E-05 9.9921E-05 0.990278 9.9921E-05 9.9921E-05 9.9921E-05 9.9921E-05
0.0523904 9.99648E-05 0.039068 0.271362 9.99648E-05 0.0457119 0.405798 0.0798278 0.105442 9.99648E-05 9.99648E-05
9.99387E-05 0.00294101 0.0836948 0.0662977 9.99387E-05 9.99387E-05 0.846367 9.99387E-05 9.99387E-05 9.99387E-05 9.99387E-05
9.99298E-05 9.99298E-05 0.125463 0.138303 9.99298E-05 9.99298E-05 0.735435 9.99298E-05 9.99298E-05 9.99298E-05 9.99298E-05
9.99472E-05 9.99472E-05 0.163851 0.00695823 9.99472E-05 9.99472E-05 0.679917 9.99472E-05 0.144162 9.99472E-05 0.00451251
0.0756847 9.99472E-05 0.019211 0.135133 9.99472E-05 9.99472E-05 0.650725 0.118647 9.99472E-05 9.99472E-05 9.99472E-05
0.0323028 0.121726 0.282233 0.19603 9.9956E-05 9.9956E-05 0.361892 0.00531609 9.9956E-05 9.9956E-05 9.9956E-05
9.99384E-05 9.99384E-05 0.184512 0.196844 9.99384E-05 9.99384E-05 0.598755 0.0191892 9.99384E-05 9.99384E-05 9.99384E-05
9.99473E-05 9.99473E-05 0.101894 0.0812172 9.99473E-05 9.99473E-05 0.675572 0.125445 0.0152717 9.99473E-05 9.99473E-05
0.149156 9.99297E-05 9.99297E-05 0.1106 9.99297E-05 9.99297E-05 0.739444 9.99297E-05 9.99297E-05 9.99297E-05 9.99297E-05
9.99385E-05 0.00803625 0.228819 0.0794837 9.99385E-05 9.99385E-05 0.682962 9.99385E-05 9.99385E-05 9.99385E-05 9.99385E-05
9.9912E-05 9.9912E-05 9.9912E-05 0.999001 9.9912E-05 9.9912E-05 9.9912E-05 9.9912E-05 9.9912E-05 9.9912E-05 9.9912E-05
9.9912E-05 9.9912E-05 0.999001 9.9912E-05 9.9912E-05 9.9912E-05 9.9912E-05 9.9912E-05 9.9912E-05 9.9912E-05 9.9912E-05
9.9912E-05 9.9912E-05 9.9912E-05 0.999001 9.9912E-05 9.9912E-05 9.9912E-05 9.9912E-05 9.9912E-05 9.9912E-05 9.9912E-05
9.9912E-05 9.9912E-05 0.999001 9.9912E-05 9.9912E-05 9.9912E-05 9.9912E-05 9.9912E-05 9.9912E-05 9.9912E-05 9.9912E-05
9.9912E-05 9.9912E-05 0.999001 9.9912E-05 9.9912E-05 9.9912E-05 9.9912E-05 9.9912E-05 9.9912E-05 9.9912E-05 9.9912E-05
9.9912E-05 9.9912E-05 0.999001 9.9912E-05 9.9912E-05 9.9912E-05 9.9912E-05 9.9912E-05 9.9912E-05 9.9912E-05 9.9912E-05
9.99119E-05 9.99119E-05 9.99119E-05 0.999001 9.99119E-05 9.99119E-05 9.99119E-05 9.99119E-05 9.99119E-05 9.99119E-05 9.99119E-05
9.9912E-05 9.9912E-05 0.999001 9.9912E-05 9.9912E-05 9.9912E-05 9.9912E-05 9.9912E-05 9.9912E-05 9.9912E-05 9.9912E-05
9.9912E-05 9.9912E-05 0.999001 9.9912E-05 9.9912E-05 9.9912E-05 9.9912E-05 9.9912E-05 9.9912E-05 9.9912E-05 9.9912E-05
9.9912E-05 9.9912E-05 9.9912E-05 0.999001 9.9912E-05 9.9912E-05 9.9912E-05 9.9912E-05 9.9912E-05 9.9912E-05 9.9912E-05
9.9912E-05 9.9912E-05 9.9912E-05 0.999001 9.9912E-05 9.9912E-05 9.9912E-05 9.9912E-05 9.9912E-05 9.9912E-05 9.9912E-05
9.99119E-05 9.99119E-05 9.99119E-05 0.999001 9.99119E-05 9.99119E-05 9.99119E-05 9.99119E-05 9.99119E-05 9.99119E-05 9.99119E-05
9.9912E-05 9.9912E-05 0.999001 9.9912E-05 9.9912E-05 9.9912E-05 9.9912E-05 9.9912E-05 9.9912E-05 9.9912E-05 9.9912E-05
9.9912E-05 9.9912E-05 0.999001 9.9912E-05 9.9912E-05 9.9912E-05 9.9912E-05 9.9912E-05 9.9912E-05 9.9912E-05 9.9912E-05
9.9912E-05 9.9912E-05 9.9912E-05 0.999001 9.9912E-05 9.9912E-05 9.9912E-05 9.9912E-05 9.9912E-05 9.9912E-05 9.9912E-05
9.9912E-05 9.9912E-05 9.9912E-05 0.999001 9.9912E-05 9.9912E-05 9.9912E-05 9.9912E-05 9.9912E-05 9.9912E-05 9.9912E-05
0.101837 0.0408172 0.147968 0.141219 9.99824E-05 0.0222663 0.355232 9.99824E-05 0.0831661 0.0996523 0.00764166
9.9912E-05 9.9912E-05 9.9912E-05 0.999001 9.9912E-05 9.9912E-05 9.9912E-05 9.9912E-05 9.9912E-05 9.9912E-05 9.9912E-05
9.9912E-05 9.9912E-05 0.999001 9.9912E-05 9.9912E-05 9.9912E-05 9.9912E-05 9.9912E-05 9.9912E-05 9.9912E-05 9.9912E-05
9.99119E-05 9.99119E-05 9.99119E-05 0.999001 9.99119E-05 9.99119E-05 9.99119E-05 9.99119E-05 9.99119E-05 9.99119E-05 9.99119E-05
9.99119E-05 9.99119E-05 9.99119E-05 0.999001 9.99119E-05 9.99119E-05 9.99119E-05 9.99119E-05 9.99119E-05 9.99119E-05 9.99119E-05
9.9912E-05 9.9912E-05 9.9912E-05 0.999001 9.9912E-05 9.9912E-05 9.9912E-05 9.9912E-05 9.9912E-05 9.9912E-05 9.9912E-05
9.9912E-05 9.9912E-05 0.999001 9.9912E-05 9.9912E-05 9.9912E-05 9.9912E-05 9.9912E-05 9.9912E-05 9.9912E-05 9.9912E-05
9.99119E-05 9.99119E-05 9.99119E-05 0.999001 9.99119E-05 9.99119E-05 9.99119E-05 9.99119E-05 9.99119E-05 9.99119E-05 9.99119E-05
9.9912E-05 9.9912E-05 0.999001 9.9912E-05 9.9912E-05 9.9912E-05 9.9912E-05 9.9912E-05 9.9912E-05 9.9912E-05 9.9912E-05
9.9912E-05 9.9912E-05 9.9912E-05 0.999001 9.9912E-05 9.9912E-05 9.9912E-05 9.9912E-05 9.9912E-05 9.9912E-05 9.9912E-05
9.9912E-05 9.9912E-05 9.9912E-05 0.999001 9.9912E-05 9.9912E-05 9.9912E-05 9.9912E-05 9.9912E-05 9.9912E-05 9.9912E-05
9.9912E-05 9.9912E-05 0.999001 9.9912E-05 9.9912E-05 9.9912E-05 9.9912E-05 9.9912E-05 9.9912E-05 9.9912E-05 9.9912E-05
9.9912E-05 9.9912E-05 0.999001 9.9912E-05 9.9912E-05 9.9912E-05 9.9912E-05 9.9912E-05 9.9912E-05 9.9912E-05 9.9912E-05
9.9912E-05 9.9912E-05 0.999001 9.9912E-05 9.9912E-05 9.9912E-05 9.9912E-05 9.9912E-05 9.9912E-05 9.9912E-05 9.9912E-05
9.9912E-05 9.9912E-05 9.9912E-05 0.999001 9.9912E-05 9.9912E-05 9.9912E-05 9.9912E-05 9.9912E-05 9.9912E-05 9.9912E-05
9.9912E-05 9.9912E-05 9.9912E-05 0.999001 9.9912E-05 9.9912E-05 9.9912E-05 9.9912E-05 9.9912E-05 9.9912E-05 9.9912E-05
9.9912E-05 9.9912E-05 9.9912E-05 0.999001 9.9912E-05 9.9912E-05 9.9912E-05 9.9912E-05 9.9912E-05 9.9912E-05 9.9912E-05
9.99119E-05 9.99119E-05 9.99119E-05 0.999001 9.99119E-05 9.99119E-05 9.99119E-05 9.99119E-05 9.99119E-05 9.99119E-05 9.99119E-05
9.9912E-05 9.9912E-05 9.9912E-05 0.999001 9.9912E-05 9.9912E-05 9.9912E-05 9.9912E-05 9.9912E-05 9.9912E-05 9.9912E-05
9.9912E-05 9.9912E-05 0.999001 9.9912E-05 9.9912E-05 9.9912E-05 9.9912E-05 9.9912E-05 9.9912E-05 9.9912E-05 9.9912E-05
9.9912E-05 9.9912E-05 0.999001 9.9912E-05 9.9912E-05 9.9912E-05 9.9912E-05 9.9912E-05 9.9912E-05 9.9912E-05 9.9912E-05
9.99121E-05 9.99121E-05 0.999001 9.99121E-05 9.99121E-05 9.99121E-05 9.99121E-05 9.99121E-05 9.99121E-05 9.99121E-05 9.99121E-05
9.99119E-05 9.99119E-05 9.99119E-05 0.999001 9.99119E-05 9.99119E-05 9.99119E-05 9.99119E-05 9.99119E-05 9.99119E-05 9.99119E-05
9.9912E-05 9.9912E-05 0.999001 9.9912E-05 9.9912E-05 9.9912E-05 9.9912E-05 9.9912E-05 9.9912E-05 9.9912E-05 9.9912E-05
9.9912E-05 9.9912E-05 0.999001 9.9912E-05 9.9912E-05 9.9912E-05 9.9912E-05 9.9912E-05 9.9912E-05 9.9912E-05 9.9912E-05
9.9912E-05 9.9912E-05 0.999001 9.9912E-05 9.9912E-05 9.9912E-05 9.9912E-05 9.9912E-05 9.9912E-05 9.9912E-05 9.9912E-05
9.9912E-05 9.9912E-05 0.999001 9.9912E-05 9.9912E-05 9.9912E-05 9.9912E-05 9.9912E-05 9.9912E-05 9.9912E-05 9.9912E-05
9.99119E-05 9.99119E-05 9.99119E-05 0.999001 9.99119E-05 9.99119E-05 9.99119E-05 9.99119E-05 9.99119E-05 9.99119E-05 9.99119E-05
9.9912E-05 9.9912E-05 0.999001 9.9912E-05 9.9912E-05 9.9912E-05 9.9912E-05 9.9912E-05 9.9912E-05 9.9912E-05 9.9912E-05
9.9912E-05 9.9912E-05 0.999001 9.9912E-05 9.9912E-05 9.9912E-05 9.9912E-05 9.9912E-05 9.9912E-05 9.9912E-05 9.9912E-05
0.0702342 0.0262886 0.17056 0.213721 9.99736E-05 0.0902329 0.303983 9.99736E-05 0.0587268 0.0659534 9.99736E-05
9.9912E-05 9.9912E-05 9.9912E-05 0.999001 9.9912E-05 9.9912E-05 9.9912E-05 9.9912E-05 9.9912E-05 9.9912E-05 9.9912E-05
9.99209E-05 9.99209E-05 0.997928 9.99209E-05 9.99209E-05 9.99209E-05 9.99209E-05 0.00117278 9.99209E-05 9.99209E-05 9.99209E-05
9.9912E-05 9.9912E-05 0.999001 9.9912E-05 9.9912E-05 9.9912E-05 9.9912E-05 9.9912E-05 9.9912E-05 9.9912E-05 9.9912E-05
9.9912E-05 9.9912E-05 0.999001 9.9912E-05 9.9912E-05 9.9912E-05 9.9912E-05 9.9912E-05 9.9912E-05 9.9912E-05 9.9912E-05
9.9912E-05 9.9912E-05 0.999001 9.9912E-05 9.9912E-05 9.9912E-05 9.9912E-05 9.9912E-05 9.9912E-05 9.9912E-05 9.9912E-05
9.99119E-05 9.99119E-05 9.99119E-05 0.999001 9.99119E-05 9.99119E-05 9.99119E-05 9.99119E-05 9.99119E-05 9.99119E-05 9.99119E-05
9.9912E-05 9.9912E-05 0.999001 9.9912E-05 9.9912E-05 9.9912E-05 9.9912E-05 9.9912E-05 9.9912E-05 9.9912E-05 9.9912E-05
9.99119E-05 9.99119E-05 9.99119E-05 0.999001 9.99119E-05 9.99119E-05 9.99119E-05 9.99119E-05 9.99119E-05 9.99119E-05 9.99119E-05
9.9912E-05 9.9912E-05 0.999001 9.9912E-05 9.9912E-05 9.9912E-05 9.9912E-05 9.9912E-05 9.9912E-05 9.9912E-05 9.9912E-05
9.9912E-05 9.9912E-05 9.9912E-05 0.999001 9.9912E-05 9.9912E-05 9.9912E-05 9.9912E-05 9.9912E-05 9.9912E-05 9.9912E-05
9.9912E-05 9.9912E-05 0.999001 9.9912E-05 9.9912E-05 9.9912E-05 9.9912E-05 9.9912E-05 9.9912E-05 9.9912E-05 9.9912E-05
9.9912E-05 9.9912E-05 0.999001 9.9912E-05 9.9912E-05 9.9912E-05 9.9912E-05 9.9912E-05 9.9912E-05 9.9912E-05 9.9912E-05
9.9912E-05 9.9912E-05 0.999001 9.9912E-05 9.9912E-05 9.9912E-05 9.9912E-05 9.9912E-05 9.9912E-05 9.9912E-05 9.9912E-05
9.99119E-05 9.99119E-05 0.999001 9.99119E-05 9.99119E-05 9.99119E-05 9.99119E-05 9.99119E-05 9.99119E-05 9.99119E-05 9.99119E-05
9.9912E-05 9.9912E-05 0.999001 9.9912E-05 9.9912E-05 9.9912E-05 9.9912E-05 9.9912E-05 9.9912E-05 9.9912E-05 9.9912E-05
9.9912E-05 9.9912E-05 0.999001 9.9912E-05 9.9912E-05 9.9912E-05 9.9912E-05 9.9912E-05 9.9912E-05 9.9912E-05 9.9912E-05
9.9912E-05 9.9912E-05 9.9912E-05 0.999001 9.9912E-05 9.9912E-05 9.9912E-05 9.9912E-05 9.9912E-05 9.9912E-05 9.9912E-05
9.99119E-05 9.99119E-05 9.99119E-05 0.999001 9.99119E-05 9.99119E-05 9.99119E-05 9.99119E-05 9.99119E-05 9.99119E-05 9.99119E-05
9.9912E-05 9.9912E-05 9.9912E-05 0.999001 9.9912E-05 9.9912E-05 9.9912E-05 9.9912E-05 9.9912E-05 9.9912E-05 9.9912E-05
9.9912E-05 9.9912E-05 0.999001 9.9912E-05 9.9912E-05 9.9912E-05 9.9912E-05 9.9912E-05 9.9912E-05 9.9912E-05 9.9912E-05
9.9912E-05 9.9912E-05 9.9912E-05 0.999001 9.9912E-05 9.9912E-05 9.9912E-05 9.9912E-05 9.9912E-05 9.9912E-05 9.9912E-05
9.99119E-05 9.99119E-05 9.99119E-05 0.999001 9.99119E-05 9.99119E-05 9.99119E-05 9.99119E-05 9.99119E-05 9.99119E-05 9.99119E-05
9.9912E-05 9.9912E-05 9.9912E-05 0.999001 9.9912E-05 9.9912E-05 9.9912E-05 9.9912E-05 9.9912E-05 9.9912E-05 9.9912E-05
9.9912E-05 9.9912E-05 0.999001 9.9912E-05 9.9912E-05 9.9912E-05 9.9912E-05 9.9912E-05 9.9912E-05 9.9912E-05 9.9912E-05
9.9912E-05 9.9912E-05 0.999001 9.9912E-05 9.9912E-05 9.9912E-05 9.9912E-05 9.9912E-05 9.9912E-05 9.9912E-05 9.9912E-05
9.9912E-05 9.9912E-05 0.999001 9.9912E-05 9.9912E-05 9.9912E-05 9.9912E-05 9.9912E-05 9.9912E-05 9.9912E-05 9.9912E-05
9.99119E-05 9.99119E-05 9.99119E-05 0.999001 9.99119E-05 9.99119E-05 9.99119E-05 9.99119E-05 9.99119E-05 9.99119E-05 9.99119E-05
9.9912E-05 9.9912E-05 0.999001 9.9912E-05 9.9912E-05 9.9912E-05 9.9912E-05 9.9912E-05 9.9912E-05 9.9912E-05 9.9912E-05
9.9912E-05 9.9912E-05 0.999001 9.9912E-05 9.9912E-05 9.9912E-05 9.9912E-05 9.9912E-05 9.9912E-05 9.9912E-05 9.9912E-05
9.99119E-05 9.99119E-05 9.99119E-05 0.999001 9.99119E-05 9.99119E-05 9.99119E-05 9.99119E-05 9.99119E-05 9.99119E-05 9.99119E-05
9.9912E-05 9.9912E-05 0.999001 9.9912E-05 9.9912E-05 9.9912E-05 9.9912E-05 9.9912E-05 9.9912E-05 9.9912E-05 9.9912E-05
9.99119E-05 9.99119E-05 0.999001 9.99119E-05 9.99119E-05 9.99119E-05 9.99119E-05 9.99119E-05 9.99119E-05 9.99119E-05 9.99119E-05
9.99648E-05 0.0579363 0.102121 0.317193 9.99648E-05 9.99648E-05 0.219762 0.140389 0.124108 9.99648E-05 0.0380896
9.9912E-05 9.9912E-05 9.9912E-05 0.999001 9.9912E-05 9.9912E-05 9.9912E-05 9.9912E-05 9.9912E-05 9.9912E-05 9.9912E-05
9.9912E-05 9.9912E-05 0.999001 9.9912E-05 9.9912E-05 9.9912E-05 9.9912E-05 9.9912E-05 9.9912E-05 9.9912E-05 9.9912E-05
9.99561E-05 9.99561E-05 0.45837 0.0550191 9.99561E-05 9.99561E-05 0.308193 0.0224551 9.99561E-05 0.119736 0.0357275
0.0497623 9.995E-05 0.280548 0.168688 9.995E-05 0.0844741 0.352999 9.995E-05 9.995E-05 0.0630286 9.995E-05
0.0231144 9.9956E-05 0.0350305 0.352566 9.9956E-05 0.0119153 0.532262 9.9956E-05 9.9956E-05 0.0446116 9.9956E-05
0.0765286 9.99472E-05 9.99472E-05 0.207602 9.99472E-05 9.99472E-05 0.58292 9.99472E-05 9.99472E-05 0.027718 0.104632
9.99297E-05 9.99297E-05 0.262765 0.356503 9.99297E-05 9.99297E-05 0.379933 9.99297E-05 9.99297E-05 9.99297E-05 9.99297E-05
9.99387E-05 9.99387E-05 0.120987 9.99387E-05 0.0160848 0.0167147 0.845514 9.99387E-05 9.99387E-05 9.99387E-05 9.99387E-05
0.0110263 0.0212159 0.3389 0.294247 9.99649E-05 0.0594568 0.238567 0.0361868 9.99649E-05 9.99649E-05 9.99649E-05
0.0789382 9.99561E-05 0.183494 0.0709411 9.99561E-05 9.99561E-05 0.516284 0.131368 9.99561E-05 9.99561E-05 0.018475
9.99298E-05 9.99298E-05 0.228107 0.0781127 9.99298E-05 9.99298E-05 0.692981 9.99298E-05 9.99298E-05 9.99298E-05 9.99298E-05
9.99473E-05 9.99473E-05 0.00239631 0.140948 9.99473E-05 0.157722 0.641569 9.99473E-05 9.99473E-05 0.0567651 9.99473E-05
9.99385E-05 9.99385E-05 0.0769609 0.262214 9.99385E-05 9.99385E-05 0.534156 0.125969 9.99385E-05 9.99385E-05 9.99385E-05
9.99385E-05 9.99385E-05 0.551992 0.0782664 9.99385E-05 0.00976764 0.359274 9.99385E-05 9.99385E-05 9.99385E-05 9.99385E-05
9.99473E-05 9.99473E-05 0.228489 0.31934 9.99473E-05 9.99473E-05 0.212762 9.99473E-05 0.158858 9.99473E-05 0.079952
0.0150869 9.99472E-05 0.113828 0.045295 9.99472E-05 9.99472E-05 0.696596 9.99472E-05 9.99472E-05 9.99472E-05 0.128595
0.0090393 9.9956E-05 0.126976 0.310301 9.9956E-05 9.9956E-05 0.461343 0.0786193 0.0132222 9.9956E-05 9.9956E-05
9.99561E-05 0.127877 0.268097 0.140469 9.99561E-05 0.161007 0.274267 0.0277831 9.99561E-05 9.99561E-05 9.99561E-05
9.99386E-05 9.99386E-05 0.151392 0.100388 9.99386E-05 9.99386E-05 0.64296 9.99386E-05 9.99386E-05 0.104561 9.99386E-05
0.00143633 0.0310561 0.0508553 0.492219 9.99649E-05 9.99649E-05 0.26348 0.0855374 0.0750158 9.99649E-05 9.99649E-05
0.119033 0.235444 0.137269 9.99472E-05 9.99472E-05 9.99472E-05 0.462072 0.0455826 9.99472E-05 9.99472E-05 9.99472E-05
9.9956E-05 9.9956E-05 0.158812 0.238601 9.9956E-05 0.0772513 0.420941 9.9956E-05 0.0913257 0.0125694 9.9956E-05
9.99472E-05 0.0312503 0.168277 0.0787969 9.99472E-05 0.198887 0.52219 9.99472E-05 9.99472E-05 9.99472E-05 9.99472E-05
9.99385E-05 0.0389412 0.267075 9.99385E-05 9.99385E-05 9.99385E-05 0.622469 9.99385E-05 0.0708159 9.99385E-05 9.99385E-05
0.0380287 9.99648E-05 0.164453 0.248497 9.99648E-05 9.99648E-05 0.374563 0.0389216 0.119711 9.99648E-05 0.0154261
0.0468738 9.99472E-05 0.160261 0.185996 9.99472E-05 9.99472E-05 0.562243 0.0440269 9.99472E-05 9.99472E-05 9.99472E-05
9.99384E-05 9.99384E-05 0.0869829 0.0135298 9.99384E-05 9.99384E-05 0.692806 9.99384E-05 9.99384E-05 9.99384E-05 0.205982
9.9921E-05 0.0434185 9.9921E-05 9.9921E-05 9.9921E-05 9.9921E-05 0.955682 9.9921E-05 9.9921E-05 9.9921E-05 9.9921E-05
9.99472E-05 9.99472E-05 0.022988 0.163454 9.99472E-05 0.142804 0.632944 9.99472E-05 9.99472E-05 0.0372102 9.99472E-05
9.99473E-05 9.99473E-05 0.267521 0.311552 9.99473E-05 9.99473E-05 0.300593 9.99473E-05 9.99473E-05 0.115952 0.00378272
0.0497532 9.9956E-05 9.9956E-05 0.154212 9.9956E-05 0.0508827 0.610696 9.9956E-05 0.0518593 9.9956E-05 0.0820974
0.109634 9.9956E-05 0.192357 0.108188 9.9956E-05 9.9956E-05 0.509616 9.9956E-05 0.0178428 9.9956E-05 0.0618627
9.9956E-05 0.00996024 0.399639 0.192835 9.9956E-05 0.106678 0.277445 0.0129428 9.9956E-05 9.9956E-05 9.9956E-05
9.99473E-05 0.0214099 0.297887 0.148424 9.99473E-05 9.99473E-05 0.511338 0.0203409 9.99473E-05 9.99473E-05 9.99473E-05
9.99472E-05 0.0201909 0.191241 0.336566 9.99472E-05 0.0373324 0.41407 9.99472E-05 9.99472E-05 9.99472E-05 9.99472E-05
9.9956E-05 9.9956E-05 0.295797 0.176118 9.9956E-05 0.104794 0.296254 0.0464585 9.9956E-05 9.9956E-05 0.0800792
9.9956E-05 9.9956E-05 0.134574 0.263475 9.9956E-05 0.0927373 0.405918 0.0265741 9.9956E-05 9.9956E-05 0.0762228
9.99473E-05 9.99473E-05 0.112193 0.223728 9.99473E-05 0.153133 0.505468 9.99473E-05 0.0048781 9.99473E-05 9.99473E-05
9.99122E-05 9.99122E-05 9.99122E-05 9.99122E-05 9.99122E-05 9.99122E-05 0.999001 9.99122E-05 9.99122E-05 9.99122E-05 9.99122E-05
9.9956E-05 0.0885498 0.0575671 0.234406 9.9956E-05 9.9956E-05 0.367239 0.123426 0.128312 9.9956E-05 9.9956E-05
0.0581054 9.99561E-05 0.0620067 0.113779 9.99561E-05 9.99561E-05 0.604199 0.0511151 0.110295 9.99561E-05 9.99561E-05
9.99473E-05 0.000469134 0.210158 0.171004 9.99473E-05 0.277554 0.340216 9.99473E-05 9.99473E-05 9.99473E-05 9.99473E-05
0.0337552 9.99561E-05 0.110875 0.314135 9.99561E-05 0.0336321 0.475015 9.99561E-05 9.99561E-05 9.99561E-05 0.0320879
0.00303765 0.065742 0.0234028 0.132642 9.99648E-05 0.0994618 0.593771 9.99648E-05 9.99648E-05 0.0815423 9.99648E-05
9.99472E-05 9.99472E-05 0.200399 0.218883 9.99472E-05 0.175934 0.379582 9.99472E-05 9.99472E-05 0.0246021 9.99472E-05
9.99561E-05 0.0458558 0.556515 0.0660667 9.99561E-05 0.0359886 0.248064 9.99561E-05 9.99561E-05 9.99561E-05 0.0470102
0.0679109 9.99473E-05 0.352385 0.360065 9.99473E-05 9.99473E-05 0.175896 9.99473E-05 9.99473E-05 9.99473E-05 0.0431447
9.99384E-05 9.99384E-05 0.21027 0.177053 9.99384E-05 0.0940343 0.517944 9.99384E-05 9.99384E-05 9.99384E-05 9.99384E-05
9.99121E-05 9.99121E-05 9.99121E-05 9.99121E-05 9.99121E-05 9.99121E-05 0.999001 9.99121E-05 9.99121E-05 9.99121E-05 9.99121E-05
0.0495384 9.99472E-05 0.183358 0.0551877 9.99472E-05 9.99472E-05 0.661132 0.0501841 9.99472E-05 9.99472E-05 9.99472E-05
9.99123E-05 9.99123E-05 9.99123E-05 9.99123E-05 9.99123E-05 9.99123E-05 0.999001 9.99123E-05 9.99123E-05 9.99123E-05 9.99123E-05
9.99649E-05 0.128679 0.223934 0.13549 9.99649E-05 0.0693251 0.311239 9.99649E-05 0.104036 9.99649E-05 0.0268968
9.9921E-05 0.0921947 9.9921E-05 9.9921E-05 9.9921E-05 9.9921E-05 0.906906 9.9921E-05 9.9921E-05 9.9921E-05 9.9921E-05
9.99298E-05 9.99298E-05 9.99298E-05 0.341671 9.99298E-05 9.99298E-05 0.618753 0.038777 9.99298E-05 9.99298E-05 9.99298E-05
9.99472E-05 0.253787 9.99472E-05 0.264336 9.99472E-05 0.155538 0.271101 0.0546377 9.99472E-05 9.99472E-05 9.99472E-05
9.99385E-05 0.164804 0.203998 0.109014 9.99385E-05 9.99385E-05 0.521484 9.99385E-05 9.99385E-05 9.99385E-05 9.99385E-05
0.00921649 9.99473E-05 0.0913681 9.99473E-05 9.99473E-05 0.193697 0.584707 9.99473E-05 0.120412 9.99473E-05 9.99473E-05
0.0420947 9.99473E-05 0.299499 0.0681838 9.99473E-05 9.99473E-05 0.544109 9.99473E-05 9.99473E-05 0.0455137 9.99473E-05
9.99387E-05 0.165739 9.99387E-05 0.0985769 9.99387E-05 9.99387E-05 0.712997 9.99387E-05 9.99387E-05 9.99387E-05 0.0219873
9.99298E-05 9.99298E-05 0.199835 9.99298E-05 9.99298E-05 9.99298E-05 0.758971 0.0403939 9.99298E-05 9.99298E-05 9.99298E-05
0.0581288 9.99473E-05 0.216164 0.177161 9.99473E-05 9.99473E-05 0.517685 9.99473E-05 0.0302623 9.99473E-05 9.99473E-05
9.99385E-05 0.0879389 0.238958 0.249797 9.99385E-05 9.99385E-05 0.422606 9.99385E-05 9.99385E-05 9.99385E-05 9.99385E-05
9.99122E-05 9.99122E-05 9.99122E-05 9.99122E-05 9.99122E-05 9.99122E-05 0.999001 9.99122E-05 9.99122E-05 9.99122E-05 9.99122E-05
0.0224739 9.99299E-05 0.101135 9.99299E-05 9.99299E-05 9.99299E-05 0.875592 9.99299E-05 9.99299E-05 9.99299E-05 9.99299E-05
9.99386E-05 9.99386E-05 0.0142368 0.17452 0.0545247 9.99386E-05 0.756019 9.99386E-05 9.99386E-05 9.99386E-05 9.99386E-05
9.99473E-05 9.99473E-05 0.104448 0.184533 9.99473E-05 9.99473E-05 0.633741 0.0715908 9.99473E-05 0.00508736 9.99473E-05
0.203257 9.9956E-05 0.240973 0.021545 9.9956E-05 9.9956E-05 0.407446 0.0648299 9.9956E-05 0.0614499 9.9956E-05
0.0645117 9.99561E-05 0.284735 0.0150131 9.99561E-05 9.99561E-05 0.604593 0.0267101 9.99561E-05 0.00393733 9.99561E-05
9.99299E-05 9.99299E-05 0.0345609 0.069357 9.99299E-05 9.99299E-05 0.895283 9.99299E-05 9.99299E-05 9.99299E-05 9.99299E-05
9.99473E-05 9.99473E-05 0.301957 0.288783 9.99473E-05 0.0217026 0.365352 9.99473E-05 9.99473E-05 9.99473E-05 0.0216044
9.99384E-05 9.99384E-05 0.0336186 0.3707 9.99384E-05 9.99384E-05 0.493764 0.101218 9.99384E-05 9.99384E-05 9.99384E-05
0.0464904 0.185338 9.99386E-05 0.0538015 9.99386E-05 9.99386E-05 0.71367 9.99386E-05 9.99386E-05 9.99386E-05 9.99386E-05
9.99561E-05 0.331265 0.0758086 0.218527 9.99561E-05 9.99561E-05 0.362117 0.00925691 9.99561E-05 0.00252624 9.99561E-05
9.99386E-05 0.0995589 9.99386E-05 0.100972 0.0646985 9.99386E-05 0.734071 9.99386E-05 9.99386E-05 9.99386E-05 9.99386E-05
9.99385E-05 9.99385E-05 0.349178 0.285084 9.99385E-05 9.99385E-05 0.356826 0.00821259 9.99385E-05 9.99385E-05 9.99385E-05
0.0612462 0.280991 9.99473E-05 9.99473E-05 9.99473E-05 9.99473E-05 0.436558 9.99473E-05 0.200826 9.99473E-05 0.0197794
9.9921E-05 9.9921E-05 9.9921E-05 0.0990297 9.9921E-05 9.9921E-05 0.900071 9.9921E-05 9.9921E-05 9.9921E-05 9.9921E-05
9.99385E-05 0.273812 0.154784 0.0256295 9.99385E-05 9.99385E-05 0.545075 9.99385E-05 9.99385E-05 9.99385E-05 9.99385E-05
9.99299E-05 0.141907 9.99299E-05 9.99299E-05 0.028609 9.99299E-05 0.828685 9.99299E-05 9.99299E-05 9.99299E-05 9.99299E-05
9.994E-05 9.994E-05 9.994E-05 0.208261 9.994E-05 0.0402802 0.732239 0.0111969 9.994E-05 9.994E-05 0.00742368
9.99211E-05 0.234622 9.99211E-05 9.99211E-05 9.99211E-05 9.99211E-05 0.764479 9.99211E-05 9.99211E-05 9.99211E-05 9.99211E-05
9.99472E-05 0.111192 0.391545 0.106864 9.99472E-05 9.99472E-05 0.339084 0.0507155 9.99472E-05 9.99472E-05 9.99472E-05
9.99561E-05 9.99561E-05 0.199174 0.038817 9.99561E-05 0.0484671 0.59983 0.0729561 9.99561E-05 0.0402561 9.99561E-05
0.107657 9.996E-05 0.200951 0.0207167 9.996E-05 0.213291 0.352648 0.00916943 9.996E-05 9.996E-05 0.0951666
9.99211E-05 0.0825903 9.99211E-05 9.99211E-05 9.99211E-05 9.99211E-05 0.91651 9.99211E-05 9.99211E-05 9.99211E-05 9.99211E-05
9.99473E-05 9.99473E-05 0.175217 0.0466262 9.99473E-05 0.048306 0.652726 0.0765252 9.99473E-05 9.99473E-05 9.99473E-05
0.11537 0.175028 0.155565 9.99472E-05 9.99472E-05 9.99472E-05 0.482028 9.99472E-05 9.99472E-05 0.0714091 9.99472E-05
9.99385E-05 0.178249 9.99385E-05 0.0993428 9.99385E-05 0.0213974 0.700311 9.99385E-05 9.99385E-05 9.99385E-05 9.99385E-05
0.00487154 9.9956E-05 0.0621606 0.194099 9.9956E-05 9.9956E-05 0.506837 0.0969132 9.9956E-05 9.9956E-05 0.134619
9.99473E-05 9.99473E-05 0.345892 0.262792 9.99473E-05 9.99473E-05 0.353484 0.0156405 9.99473E-05 9.99473E-05 0.0215914
0.0335228 9.99561E-05 0.118046 0.346535 9.99561E-05 9.99561E-05 0.353557 9.99561E-05 0.11122 0.0366204 9.99561E-05
0.0408319 9.99472E-05 0.22726 0.251976 9.99472E-05 9.99472E-05 0.421555 9.99472E-05 0.0577767 9.99472E-05 9.99472E-05
0.173687 0.142562 0.10483 0.121396 9.99737E-05 0.0318376 0.395415 0.00589407 9.99737E-05 9.99737E-05 0.0240783
9.99472E-05 0.241354 0.0465701 0.307144 9.99472E-05 9.99472E-05 0.27219 9.99472E-05 9.99472E-05 9.99472E-05 0.132142
9.99473E-05 0.0900335 0.361342 0.183949 0.0602266 9.99473E-05 0.303849 9.99473E-05 9.99473E-05 9.99473E-05 9.99473E-05
0.224384 0.265421 0.0329292 9.9956E-05 9.9956E-05 9.9956E-05 0.415985 0.0589832 9.9956E-05 0.00179751 9.9956E-05
9.99298E-05 0.132563 0.218076 9.99298E-05 9.99298E-05 9.99298E-05 0.648561 9.99298E-05 9.99298E-05 9.99298E-05 9.99298E-05
9.99298E-05 0.199096 9.99298E-05 9.99298E-05 9.99298E-05 9.99298E-05 0.783533 9.99298E-05 9.99298E-05 9.99298E-05 0.0165721
0.0627665 9.99472E-05 0.240404 9.99472E-05 9.99472E-05 0.175295 0.483014 9.99472E-05 9.99472E-05 9.99472E-05 0.0379217
9.99472E-05 9.99472E-05 0.0675254 0.329775 9.99472E-05 0.0382738 0.404268 0.159558 9.99472E-05 9.99472E-05 9.99472E-05
9.99561E-05 0.0133966 0.00219495 0.434936 9.99561E-05 9.99561E-05 0.442347 0.0345595 9.99561E-05 9.99561E-05 0.0720661
9.99473E-05 0.03076 0.0631475 0.489815 9.99473E-05 0.117621 0.298057 9.99473E-05 9.99473E-05 9.99473E-05 9.99473E-05
0.0826799 9.99648E-05 0.213072 9.99648E-05 9.99648E-05 0.165465 0.338044 0.0820545 9.99648E-05 0.0207384 0.0975463
9.99385E-05 9.99385E-05 0.0869695 0.427532 9.99385E-05 9.99385E-05 0.472713 9.99385E-05 9.99385E-05 0.0120861 9.99385E-05
0.182523 0.11767 0.132716 0.117548 9.99736E-05 9.99736E-05 0.330526 0.0419311 0.00344733 9.99736E-05 0.0733392
9.99474E-05 0.106644 0.0815115 9.99474E-05 0.0140363 9.99474E-05 0.788127 9.99474E-05 9.99474E-05 0.00908153 9.99474E-05
9.99562E-05 0.116437 0.130704 0.0629479 0.00684542 9.99562E-05 0.669279 9.99562E-05 9.99562E-05 9.99562E-05 0.0132861
9.99386E-05 0.0880379 0.176768 0.227395 9.99386E-05 9.99386E-05 0.5071 9.99386E-05 9.99386E-05 9.99386E-05 9.99386E-05
