9.98507E-05 9.98507E-05 9.98507E-05 9.98507E-05 9.98507E-05 9.98507E-05 0.205207 9.98507E-05 9.98507E-05 0.0757502 9.98507E-05 9.98507E-05 9.98507E-05 0.192415 0.0494591 9.98507E-05 0.120024 0.0620651 0.272527 9.98507E-05 9.98507E-05 9.98507E-05 9.98507E-05 0.020855 9.98507E-05
9.98245E-05 9.98245E-05 9.98245E-05 9.98245E-05 9.98245E-05 9.98245E-05 0.310397 9.98245E-05 9.98245E-05 9.98245E-05 0.134376 0.266663 9.98245E-05 0.202633 9.98245E-05 9.98245E-05 9.98245E-05 0.083934 9.98245E-05 9.98245E-05 9.98245E-05 9.98245E-05 9.98245E-05 9.98245E-05 9.98245E-05
9.9807E-05 9.9807E-05 9.9807E-05 9.9807E-05 9.9807E-05 9.9807E-05 0.364956 9.9807E-05 9.9807E-05 9.9807E-05 9.9807E-05 0.605928 9.9807E-05 9.9807E-05 9.9807E-05 9.9807E-05 9.9807E-05 9.9807E-05 9.9807E-05 9.9807E-05 9.9807E-05 9.9807E-05 9.9807E-05 0.0269203 9.9807E-05
0.00745554 9.98595E-05 9.98595E-05 9.98595E-05 9.98595E-05 9.98595E-05 9.98595E-05 0.00365266 9.98595E-05 9.98595E-05 9.98595E-05 9.98595E-05 0.0426438 9.98595E-05 9.98595E-05 0.005447 0.172896 9.98595E-05 0.446325 0.188731 9.98595E-05 9.98595E-05 9.98595E-05 0.0195033 0.111748
0.133093 0.00469328 9.98247E-05 9.98247E-05 9.98247E-05 9.98247E-05 0.42143 9.98247E-05 9.98247E-05 9.98247E-05 0.422911 9.98247E-05 9.98247E-05 9.98247E-05 9.98247E-05 9.98247E-05 9.98247E-05 9.98247E-05 9.98247E-05 9.98247E-05 9.98247E-05 9.98247E-05 9.98247E-05 9.98247E-05 0.0158761
0.172165 9.98597E-05 9.98597E-05 9.98597E-05 9.98597E-05 9.98597E-05 9.98597E-05 0.125415 0.0324967 0.0045356 9.98597E-05 9.98597E-05 9.98597E-05 0.204724 9.98597E-05 0.136379 9.98597E-05 0.0113719 0.243287 9.98597E-05 9.98597E-05 9.98597E-05 9.98597E-05 9.98597E-05 0.0680276
0.0485419 9.98596E-05 9.98596E-05 9.98596E-05 9.98596E-05 9.98596E-05 9.98596E-05 9.98596E-05 0.154241 9.98596E-05 0.466467 9.98596E-05 0.0877613 0.0968562 9.98596E-05 9.98596E-05 0.0382694 0.066308 9.98596E-05 0.0343171 9.98596E-05 9.98596E-05 9.98596E-05 0.00563994 9.98596E-05
0.0271254 9.98684E-05 9.98684E-05 9.98684E-05 9.98684E-05 9.98684E-05 9.98684E-05 0.118116 9.98684E-05 0.196302 9.98684E-05 0.0767962 0.00980946 0.0820316 9.98684E-05 9.98684E-05 0.0774039 9.98684E-05 0.227811 9.98684E-05 0.0168824 9.98684E-05 9.98684E-05 9.98684E-05 0.166223
9.98684E-05 9.98684E-05 9.98684E-05 9.98684E-05 9.98684E-05 9.98684E-05 9.98684E-05 0.235319 9.98684E-05 0.0300075 9.98684E-05 0.0833498 9.98684E-05 9.98684E-05 0.0989889 0.0395462 0.0307013 0.0554814 0.222609 9.98684E-05 9.98684E-05 9.98684E-05 9.98684E-05 0.179655 0.0228445
9.97894E-05 9.97894E-05 9.97894E-05 9.97894E-05 9.97894E-05 9.97894E-05 0.997605 9.97894E-05 9.97894E-05 9.97894E-05 9.97894E-05 9.97894E-05 9.97894E-05 9.97894E-05 9.97894E-05 9.97894E-05 9.97894E-05 9.97894E-05 9.97894E-05 9.97894E-05 9.97894E-05 9.97894E-05 9.97894E-05 9.97894E-05 9.97894E-05
9.98332E-05 9.98332E-05 9.98332E-05 0.00128633 9.98332E-05 9.98332E-05 9.98332E-05 0.0305587 9.98332E-05 9.98332E-05 9.98332E-05 9.98332E-05 0.0640418 9.98332E-05 9.98332E-05 9.98332E-05 0.0697192 9.98332E-05 0.725287 9.98332E-05 9.98332E-05 9.98332E-05 9.98332E-05 0.10721 9.98332E-05
9.97983E-05 9.97983E-05 9.97983E-05 9.97983E-05 9.97983E-05 9.97983E-05 0.482946 9.97983E-05 9.97983E-05 9.97983E-05 9.97983E-05 0.514759 9.97983E-05 9.97983E-05 9.97983E-05 9.97983E-05 9.97983E-05 9.97983E-05 9.97983E-05 9.97983E-05 9.97983E-05 9.97983E-05 9.97983E-05 9.97983E-05 9.97983E-05
9.98245E-05 9.98245E-05 9.98245E-05 9.98245E-05 9.98245E-05 9.98245E-05 0.528646 9.98245E-05 9.98245E-05 9.98245E-05 0.0200972 9.98245E-05 9.98245E-05 9.98245E-05 9.98245E-05 9.98245E-05 0.0221312 9.98245E-05 0.408054 9.98245E-05 9.98245E-05 9.98245E-05 9.98245E-05 0.0190743 9.98245E-05
9.98246E-05 9.98246E-05 9.98246E-05 9.98246E-05 9.98246E-05 9.98246E-05 9.98246E-05 9.98246E-05 9.98246E-05 9.98246E-05 9.98246E-05 0.284806 0.0227429 9.98246E-05 9.98246E-05 9.98246E-05 9.98246E-05 9.98246E-05 0.538814 9.98246E-05 9.98246E-05 0.0149736 0.136667 9.98246E-05 9.98246E-05
9.98333E-05 9.98333E-05 9.98333E-05 0.0886448 9.98333E-05 9.98333E-05 0.448423 0.105775 9.98333E-05 0.0696768 9.98333E-05 9.98333E-05 9.98333E-05 9.98333E-05 9.98333E-05 0.17975 9.98333E-05 9.98333E-05 9.98333E-05 9.98333E-05 9.98333E-05 9.98333E-05 9.98333E-05 0.105835 9.98333E-05
0.00889102 0.0900009 9.98858E-05 0.0269549 9.98858E-05 9.98858E-05 0.12295 0.129111 9.98858E-05 9.98858E-05 0.00556025 9.98858E-05 9.98858E-05 0.256956 9.98858E-05 0.0185104 0.0692622 9.98858E-05 0.0453571 0.188342 9.98858E-05 9.98858E-05 9.98858E-05 0.0368064 9.98858E-05
0.00238041 9.98684E-05 9.98684E-05 9.98684E-05 0.173903 9.98684E-05 9.98684E-05 9.98684E-05 9.98684E-05 9.98684E-05 9.98684E-05 0.331581 0.0114774 9.98684E-05 9.98684E-05 9.98684E-05 0.0476885 0.0448497 0.301696 0.0262761 9.98684E-05 0.0122993 9.98684E-05 0.0463507 9.98684E-05
9.98508E-05 9.98508E-05 9.98508E-05 9.98508E-05 9.98508E-05 0.0912949 9.98508E-05 0.0154088 9.98508E-05 9.98508E-05 0.129813 9.98508E-05 9.98508E-05 0.220579 9.98508E-05 9.98508E-05 0.134678 9.98508E-05 0.12836 9.98508E-05 0.153227 9.98508E-05 9.98508E-05 0.124942 9.98508E-05
0.0781902 9.9842E-05 9.9842E-05 9.9842E-05 9.9842E-05 9.9842E-05 0.152999 0.169748 9.9842E-05 9.9842E-05 9.9842E-05 9.9842E-05 9.9842E-05 9.9842E-05 9.9842E-05 9.9842E-05 0.143854 9.9842E-05 0.250117 9.9842E-05 9.9842E-05 0.00899999 9.9842E-05 0.194295 9.9842E-05
9.9807E-05 9.9807E-05 9.9807E-05 9.9807E-05 9.9807E-05 0.0607463 0.73458 9.9807E-05 9.9807E-05 9.9807E-05 9.9807E-05 9.9807E-05 9.9807E-05 9.9807E-05 9.9807E-05 9.9807E-05 9.9807E-05 9.9807E-05 0.202478 9.9807E-05 9.9807E-05 9.9807E-05 9.9807E-05 9.9807E-05 9.9807E-05
9.98332E-05 0.136134 9.98332E-05 9.98332E-05 9.98332E-05 9.98332E-05 9.98332E-05 9.98332E-05 9.98332E-05 9.98332E-05 9.98332E-05 9.98332E-05 9.98332E-05 9.98332E-05 0.0320831 9.98332E-05 9.98332E-05 9.98332E-05 0.651398 0.0406603 9.98332E-05 9.98332E-05 9.98332E-05 0.0349444 0.102884
0.161427 9.98421E-05 0.0147646 9.98421E-05 9.98421E-05 9.98421E-05 0.0205351 0.19722 9.98421E-05 9.98421E-05 0.348574 9.98421E-05 9.98421E-05 9.98421E-05 9.98421E-05 9.98421E-05 0.214064 9.98421E-05 9.98421E-05 9.98421E-05 9.98421E-05 9.98421E-05 9.98421E-05 9.98421E-05 0.0416177
9.98246E-05 9.98246E-05 9.98246E-05 9.98246E-05 9.98246E-05 9.98246E-05 9.98246E-05 9.98246E-05 9.98246E-05 9.98246E-05 9.98246E-05 9.98246E-05 0.00292496 0.182479 9.98246E-05 0.0204979 9.98246E-05 9.98246E-05 0.732286 9.98246E-05 9.98246E-05 9.98246E-05 9.98246E-05 0.0598153 9.98246E-05
9.98331E-05 0.000712884 9.98331E-05 9.98331E-05 9.98331E-05 9.98331E-05 9.98331E-05 9.98331E-05 9.98331E-05 9.98331E-05 0.193579 9.98331E-05 9.98331E-05 9.98331E-05 0.0640434 9.98331E-05 0.27867 9.98331E-05 0.253494 9.98331E-05 9.98331E-05 9.98331E-05 9.98331E-05 0.207604 9.98331E-05
9.9842E-05 9.9842E-05 9.9842E-05 9.9842E-05 9.9842E-05 0.0489372 9.9842E-05 0.0189609 9.9842E-05 9.9842E-05 9.9842E-05 9.9842E-05 9.9842E-05 9.9842E-05 9.9842E-05 0.148655 0.0681716 9.9842E-05 0.367891 9.9842E-05 9.9842E-05 0.106602 9.9842E-05 0.238985 9.9842E-05
9.98508E-05 9.98508E-05 9.98508E-05 9.98508E-05 0.0179478 9.98508E-05 0.0316844 0.00185961 9.98508E-05 9.98508E-05 9.98508E-05 9.98508E-05 9.98508E-05 9.98508E-05 9.98508E-05 0.0295968 0.00618987 9.98508E-05 0.800021 0.0158856 9.98508E-05 9.98508E-05 9.98508E-05 0.0951174 9.98508E-05
9.98421E-05 0.0100064 0.328959 9.98421E-05 9.98421E-05 9.98421E-05 0.0454366 9.98421E-05 9.98421E-05 9.98421E-05 9.98421E-05 9.98421E-05 9.98421E-05 9.98421E-05 9.98421E-05 0.202619 0.24377 9.98421E-05 9.98421E-05 9.98421E-05 0.12418 9.98421E-05 9.98421E-05 0.0432316 9.98421E-05
0.0261945 9.98422E-05 9.98422E-05 9.98422E-05 9.98422E-05 9.98422E-05 0.320291 9.98422E-05 9.98422E-05 9.98422E-05 0.105482 9.98422E-05 9.98422E-05 9.98422E-05 9.98422E-05 9.98422E-05 0.0684818 9.98422E-05 0.442978 0.0335289 9.98422E-05 9.98422E-05 9.98422E-05 0.00124714 9.98422E-05
9.98596E-05 9.98596E-05 9.98596E-05 0.0106345 9.98596E-05 9.98596E-05 0.311867 9.98596E-05 9.98596E-05 9.98596E-05 0.409982 9.98596E-05 0.00242779 0.0159947 0.00965562 0.0069429 0.0168256 9.98596E-05 9.98596E-05 9.98596E-05 9.98596E-05 9.98596E-05 9.98596E-05 0.214072 9.98596E-05
9.9851E-05 9.9851E-05 9.9851E-05 9.9851E-05 9.9851E-05 9.9851E-05 0.742545 0.000552607 9.9851E-05 9.9851E-05 9.9851E-05 0.105924 0.0446431 0.0327378 9.9851E-05 9.9851E-05 9.9851E-05 0.00343484 9.9851E-05 9.9851E-05 9.9851E-05 9.9851E-05 0.0480143 0.0204513 9.9851E-05
0.0187234 9.98332E-05 9.98332E-05 0.0226828 9.98332E-05 0.00465444 0.825209 9.98332E-05 9.98332E-05 9.98332E-05 9.98332E-05 9.98332E-05 0.125064 9.98332E-05 9.98332E-05 9.98332E-05 9.98332E-05 9.98332E-05 9.98332E-05 9.98332E-05 9.98332E-05 9.98332E-05 9.98332E-05 0.00176991 9.98332E-05
0.0760717 9.9842E-05 9.9842E-05 9.9842E-05 0.0461234 9.9842E-05 9.9842E-05 9.9842E-05 0.00583459 9.9842E-05 9.9842E-05 9.9842E-05 0.0423793 9.9842E-05 9.9842E-05 0.0852472 9.9842E-05 9.9842E-05 0.720681 9.9842E-05 9.9842E-05 9.9842E-05 9.9842E-05 0.0218658 9.9842E-05
9.9842E-05 0.0171465 0.0411634 9.9842E-05 9.9842E-05 9.9842E-05 9.9842E-05 9.9842E-05 9.9842E-05 9.9842E-05 9.9842E-05 0.0914779 0.0753218 9.9842E-05 9.9842E-05 9.9842E-05 0.156152 9.9842E-05 0.554925 9.9842E-05 9.9842E-05 9.9842E-05 9.9842E-05 0.062016 9.9842E-05
9.98245E-05 9.98245E-05 9.98245E-05 9.98245E-05 9.98245E-05 9.98245E-05 9.98245E-05 9.98245E-05 9.98245E-05 9.98245E-05 9.98245E-05 0.849247 0.0134795 9.98245E-05 9.98245E-05 0.0563426 0.0416714 9.98245E-05 9.98245E-05 9.98245E-05 9.98245E-05 9.98245E-05 9.98245E-05 0.0372631 9.98245E-05
9.9816E-05 9.9816E-05 9.9816E-05 9.9816E-05 9.9816E-05 9.9816E-05 0.937907 0.0107884 9.9816E-05 9.9816E-05 9.9816E-05 9.9816E-05 0.00963204 9.9816E-05 9.9816E-05 9.9816E-05 9.9816E-05 9.9816E-05 9.9816E-05 9.9816E-05 9.9816E-05 9.9816E-05 9.9816E-05 0.0395763 9.9816E-05
9.98334E-05 9.98334E-05 0.0420208 9.98334E-05 9.98334E-05 9.98334E-05 0.366762 9.98334E-05 9.98334E-05 9.98334E-05 9.98334E-05 9.98334E-05 9.98334E-05 9.98334E-05 0.0128291 9.98334E-05 0.0430585 9.98334E-05 0.432107 0.101326 9.98334E-05 9.98334E-05 9.98334E-05 9.98334E-05 9.98334E-05
0.0375274 9.98159E-05 9.98159E-05 9.98159E-05 9.98159E-05 9.98159E-05 0.173922 9.98159E-05 0.0169194 9.98159E-05 9.98159E-05 9.98159E-05 9.98159E-05 9.98159E-05 9.98159E-05 9.98159E-05 9.98159E-05 9.98159E-05 0.769535 9.98159E-05 9.98159E-05 9.98159E-05 9.98159E-05 9.98159E-05 9.98159E-05
9.98157E-05 9.98157E-05 9.98157E-05 9.98157E-05 9.98157E-05 9.98157E-05 9.98157E-05 0.118308 9.98157E-05 9.98157E-05 9.98157E-05 0.845995 9.98157E-05 9.98157E-05 9.98157E-05 9.98157E-05 9.98157E-05 0.0091269 9.98157E-05 9.98157E-05 9.98157E-05 9.98157E-05 9.98157E-05 0.0244741 9.98157E-05
9.98597E-05 9.98597E-05 9.98597E-05 9.98597E-05 0.10991 9.98597E-05 0.302402 0.00897545 9.98597E-05 9.98597E-05 9.98597E-05 0.337638 0.00404486 9.98597E-05 9.98597E-05 9.98597E-05 0.00191065 0.0747751 9.98597E-05 9.98597E-05 9.98597E-05 9.98597E-05 9.98597E-05 0.157539 0.00120585
0.068758 0.0390492 9.9842E-05 9.9842E-05 9.9842E-05 9.9842E-05 9.9842E-05 9.9842E-05 9.9842E-05 9.9842E-05 9.9842E-05 0.698493 9.9842E-05 9.9842E-05 9.9842E-05 0.0477176 0.0188298 9.9842E-05 0.0465426 9.9842E-05 9.9842E-05 9.9842E-05 9.9842E-05 0.0788126 9.9842E-05
9.98158E-05 9.98158E-05 0.0203424 9.98158E-05 9.98158E-05 9.98158E-05 0.930028 9.98158E-05 9.98158E-05 9.98158E-05 9.98158E-05 9.98158E-05 9.98158E-05 9.98158E-05 9.98158E-05 9.98158E-05 0.0327533 9.98158E-05 9.98158E-05 9.98158E-05 9.98158E-05 9.98158E-05 9.98158E-05 0.0147805 9.98158E-05
9.97981E-05 9.97981E-05 9.97981E-05 9.97981E-05 9.97981E-05 9.97981E-05 9.97981E-05 9.97981E-05 9.97981E-05 9.97981E-05 0.917495 9.97981E-05 9.97981E-05 9.97981E-05 9.97981E-05 9.97981E-05 9.97981E-05 9.97981E-05 9.97981E-05 9.97981E-05 9.97981E-05 9.97981E-05 9.97981E-05 0.0802101 9.97981E-05
9.97891E-05 9.97891E-05 9.97891E-05 9.97891E-05 9.97891E-05 9.97891E-05 9.97891E-05 9.97891E-05 9.97891E-05 9.97891E-05 0.997605 9.97891E-05 9.97891E-05 9.97891E-05 9.97891E-05 9.97891E-05 9.97891E-05 9.97891E-05 9.97891E-05 9.97891E-05 9.97891E-05 9.97891E-05 9.97891E-05 9.97891E-05 9.97891E-05
9.98597E-05 9.98597E-05 9.98597E-05 0.160286 9.98597E-05 9.98597E-05 0.00566645 0.113552 9.98597E-05 9.98597E-05 0.0643385 0.284804 0.0205511 9.98597E-05 0.0439575 9.98597E-05 0.194817 9.98597E-05 9.98597E-05 9.98597E-05 9.98597E-05 9.98597E-05 9.98597E-05 0.11043 9.98597E-05
0.0601815 9.98159E-05 9.98159E-05 9.98159E-05 9.98159E-05 9.98159E-05 9.98159E-05 9.98159E-05 9.98159E-05 9.98159E-05 9.98159E-05 0.372916 9.98159E-05 9.98159E-05 9.98159E-05 9.98159E-05 0.426675 9.98159E-05 9.98159E-05 9.98159E-05 9.98159E-05 9.98159E-05 9.98159E-05 0.138132 9.98159E-05
9.98332E-05 9.98332E-05 9.98332E-05 9.98332E-05 9.98332E-05 0.0412445 0.571906 0.00368604 9.98332E-05 9.98332E-05 9.98332E-05 0.293047 9.98332E-05 9.98332E-05 9.98332E-05 9.98332E-05 9.98332E-05 9.98332E-05 9.98332E-05 0.0520557 0.0361638 9.98332E-05 9.98332E-05 9.98332E-05 9.98332E-05
9.98157E-05 9.98157E-05 9.98157E-05 9.98157E-05 9.98157E-05 9.98157E-05 9.98157E-05 9.98157E-05 9.98157E-05 9.98157E-05 0.42116 0.0449571 9.98157E-05 9.98157E-05 9.98157E-05 9.98157E-05 9.98157E-05 9.98157E-05 0.459106 9.98157E-05 9.98157E-05 9.98157E-05 9.98157E-05 0.0726812 9.98157E-05
9.97981E-05 9.97981E-05 9.97981E-05 9.97981E-05 9.97981E-05 9.97981E-05 0.232585 9.97981E-05 9.97981E-05 9.97981E-05 9.97981E-05 0.76512 9.97981E-05 9.97981E-05 9.97981E-05 9.97981E-05 9.97981E-05 9.97981E-05 9.97981E-05 9.97981E-05 9.97981E-05 9.97981E-05 9.97981E-05 9.97981E-05 9.97981E-05
0.041354 9.98595E-05 0.0546858 0.0268744 9.98595E-05 9.98595E-05 0.419914 9.98595E-05 9.98595E-05 9.98595E-05 9.98595E-05 0.121642 0.0283432 9.98595E-05 9.98595E-05 9.98595E-05 0.102788 9.98595E-05 0.147177 9.98595E-05 9.98595E-05 9.98595E-05 9.98595E-05 0.0556241 9.98595E-05
0.0461187 9.98161E-05 9.98161E-05 9.98161E-05 9.98161E-05 9.98161E-05 9.98161E-05 9.98161E-05 0.0352168 9.98161E-05 9.98161E-05 0.828501 9.98161E-05 9.98161E-05 9.98161E-05 9.98161E-05 9.98161E-05 9.98161E-05 0.088067 9.98161E-05 9.98161E-05 9.98161E-05 9.98161E-05 9.98161E-05 9.98161E-05
0.00903343 9.98595E-05 0.141182 9.98595E-05 9.98595E-05 9.98595E-05 9.98595E-05 0.0230538 9.98595E-05 9.98595E-05 9.98595E-05 9.98595E-05 0.0939325 9.98595E-05 0.0313181 0.119101 9.98595E-05 9.98595E-05 0.418057 0.00749945 9.98595E-05 9.98595E-05 9.98595E-05 0.155225 9.98595E-05
9.98246E-05 9.98246E-05 9.98246E-05 9.98246E-05 9.98246E-05 9.98246E-05 9.98246E-05 9.98246E-05 9.98246E-05 9.98246E-05 0.34194 0.41186 9.98246E-05 9.98246E-05 0.0158775 9.98246E-05 0.110688 9.98246E-05 9.98246E-05 0.117637 9.98246E-05 9.98246E-05 9.98246E-05 9.98246E-05 9.98246E-05
9.97895E-05 9.97895E-05 9.97895E-05 9.97895E-05 9.97895E-05 9.97895E-05 0.997605 9.97895E-05 9.97895E-05 9.97895E-05 9.97895E-05 9.97895E-05 9.97895E-05 9.97895E-05 9.97895E-05 9.97895E-05 9.97895E-05 9.97895E-05 9.97895E-05 9.97895E-05 9.97895E-05 9.97895E-05 9.97895E-05 9.97895E-05 9.97895E-05
9.98157E-05 0.0193363 9.98157E-05 9.98157E-05 9.98157E-05 0.0458015 9.98157E-05 9.98157E-05 0.0112986 9.98157E-05 9.98157E-05 0.921467 9.98157E-05 9.98157E-05 9.98157E-05 9.98157E-05 9.98157E-05 9.98157E-05 9.98157E-05 9.98157E-05 9.98157E-05 9.98157E-05 9.98157E-05 9.98157E-05 9.98157E-05
0.00694198 9.9851E-05 9.9851E-05 0.0487603 9.9851E-05 0.00518695 0.501286 9.9851E-05 9.9851E-05 9.9851E-05 9.9851E-05 0.133164 9.9851E-05 9.9851E-05 9.9851E-05 9.9851E-05 9.9851E-05 9.9851E-05 0.115019 9.9851E-05 9.9851E-05 0.137424 9.9851E-05 0.05052 9.9851E-05
9.98248E-05 9.98248E-05 9.98248E-05 9.98248E-05 9.98248E-05 9.98248E-05 0.573338 9.98248E-05 9.98248E-05 9.98248E-05 9.98248E-05 0.121626 0.0757451 9.98248E-05 9.98248E-05 0.205369 9.98248E-05 9.98248E-05 9.98248E-05 9.98248E-05 9.98248E-05 9.98248E-05 9.98248E-05 9.98248E-05 0.0219262
0.0399147 9.98422E-05 9.98422E-05 9.98422E-05 9.98422E-05 9.98422E-05 0.732871 9.98422E-05 0.0188327 9.98422E-05 9.98422E-05 9.98422E-05 9.98422E-05 9.98422E-05 9.98422E-05 9.98422E-05 0.0242152 9.98422E-05 0.0788524 9.98422E-05 0.0570455 9.98422E-05 9.98422E-05 0.0464714 9.98422E-05
9.97894E-05 9.97894E-05 9.97894E-05 9.97894E-05 9.97894E-05 9.97894E-05 9.97894E-05 9.97894E-05 9.97894E-05 9.97894E-05 9.97894E-05 9.97894E-05 9.97894E-05 9.97894E-05 9.97894E-05 9.97894E-05 9.97894E-05 9.97894E-05 0.997605 9.97894E-05 9.97894E-05 9.97894E-05 9.97894E-05 9.97894E-05 9.97894E-05
9.98421E-05 9.98421E-05 9.98421E-05 9.98421E-05 9.98421E-05 9.98421E-05 0.305571 9.98421E-05 0.00927196 0.0252755 0.0297429 0.400176 0.00488706 9.98421E-05 9.98421E-05 9.98421E-05 9.98421E-05 9.98421E-05 0.223279 9.98421E-05 9.98421E-05 9.98421E-05 9.98421E-05 9.98421E-05 9.98421E-05
9.98157E-05 9.98157E-05 9.98157E-05 9.98157E-05 9.98157E-05 9.98157E-05 9.98157E-05 0.00437873 9.98157E-05 0.0430309 9.98157E-05 9.98157E-05 9.98157E-05 0.792108 9.98157E-05 9.98157E-05 9.98157E-05 9.98157E-05 9.98157E-05 9.98157E-05 9.98157E-05 9.98157E-05 9.98157E-05 0.158387 9.98157E-05
9.97892E-05 9.97892E-05 9.97892E-05 0.997605 9.97892E-05 9.97892E-05 9.97892E-05 9.97892E-05 9.97892E-05 9.97892E-05 9.97892E-05 9.97892E-05 9.97892E-05 9.97892E-05 9.97892E-05 9.97892E-05 9.97892E-05 9.97892E-05 9.97892E-05 9.97892E-05 9.97892E-05 9.97892E-05 9.97892E-05 9.97892E-05 9.97892E-05
9.97897E-05 9.97897E-05 9.97897E-05 9.97897E-05 9.97897E-05 9.97897E-05 9.97897E-05 9.97897E-05 9.97897E-05 9.97897E-05 9.97897E-05 9.97897E-05 9.97897E-05 0.997605 9.97897E-05 9.97897E-05 9.97897E-05 9.97897E-05 9.97897E-05 9.97897E-05 9.97897E-05 9.97897E-05 9.97897E-05 9.97897E-05 9.97897E-05
9.98158E-05 9.98158E-05 9.98158E-05 9.98158E-05 9.98158E-05 9.98158E-05 9.98158E-05 0.0902019 9.98158E-05 9.98158E-05 9.98158E-05 9.98158E-05 9.98158E-05 0.615886 9.98158E-05 0.109412 9.98158E-05 0.182403 9.98158E-05 9.98158E-05 9.98158E-05 9.98158E-05 9.98158E-05 9.98158E-05 9.98158E-05
0.0275129 9.98593E-05 9.98593E-05 9.98593E-05 9.98593E-05 0.0697574 9.98593E-05 0.0228635 0.0143431 9.98593E-05 9.98593E-05 9.98593E-05 9.98593E-05 0.645344 9.98593E-05 9.98593E-05 0.176578 9.98593E-05 9.98593E-05 0.00843478 0.0200465 9.98593E-05 9.98593E-05 0.0135221 9.98593E-05
9.98329E-05 9.98329E-05 9.98329E-05 9.98329E-05 9.98329E-05 9.98329E-05 9.98329E-05 0.0421337 9.98329E-05 0.0148055 9.98329E-05 9.98329E-05 9.98329E-05 0.74645 0.00707571 9.98329E-05 0.0430456 9.98329E-05 9.98329E-05 9.98329E-05 9.98329E-05 9.98329E-05 9.98329E-05 0.144593 9.98329E-05
9.98156E-05 9.98156E-05 9.98156E-05 9.98156E-05 9.98156E-05 9.98156E-05 9.98156E-05 9.98156E-05 9.98156E-05 9.98156E-05 9.98156E-05 9.98156E-05 9.98156E-05 0.647369 9.98156E-05 9.98156E-05 9.98156E-05 0.177908 9.98156E-05 0.0570945 9.98156E-05 9.98156E-05 9.98156E-05 0.115532 9.98156E-05
0.0237443 9.98419E-05 9.98419E-05 9.98419E-05 9.98419E-05 9.98419E-05 9.98419E-05 0.0252006 9.98419E-05 9.98419E-05 9.98419E-05 9.98419E-05 9.98419E-05 0.596924 9.98419E-05 0.0120017 9.98419E-05 0.11421 9.98419E-05 9.98419E-05 0.129253 9.98419E-05 9.98419E-05 0.0968693 9.98419E-05
9.97897E-05 9.97897E-05 9.97897E-05 9.97897E-05 9.97897E-05 9.97897E-05 9.97897E-05 9.97897E-05 9.97897E-05 9.97897E-05 9.97897E-05 9.97897E-05 9.97897E-05 0.997605 9.97897E-05 9.97897E-05 9.97897E-05 9.97897E-05 9.97897E-05 9.97897E-05 9.97897E-05 9.97897E-05 9.97897E-05 9.97897E-05 9.97897E-05
9.98069E-05 9.98069E-05 9.98069E-05 0.455068 9.98069E-05 9.98069E-05 9.98069E-05 9.98069E-05 9.98069E-05 9.98069E-05 9.98069E-05 9.98069E-05 0.0995929 0.443143 9.98069E-05 9.98069E-05 9.98069E-05 9.98069E-05 9.98069E-05 9.98069E-05 9.98069E-05 9.98069E-05 9.98069E-05 9.98069E-05 9.98069E-05
9.98154E-05 9.98154E-05 9.98154E-05 9.98154E-05 9.98154E-05 9.98154E-05 9.98154E-05 0.0246664 9.98154E-05 9.98154E-05 9.98154E-05 9.98154E-05 0.133164 0.581663 9.98154E-05 9.98154E-05 9.98154E-05 9.98154E-05 9.98154E-05 9.98154E-05 9.98154E-05 9.98154E-05 9.98154E-05 0.25841 9.98154E-05
0.0172308 0.0458299 9.98683E-05 9.98683E-05 9.98683E-05 9.98683E-05 9.98683E-05 9.98683E-05 0.0917739 9.98683E-05 9.98683E-05 9.98683E-05 0.0455695 0.665771 9.98683E-05 9.98683E-05 0.0561046 9.98683E-05 9.98683E-05 0.0526175 9.98683E-05 0.00628146 9.98683E-05 0.00624774 0.0110757
0.0946328 0.0554035 9.98594E-05 9.98594E-05 9.98594E-05 9.98594E-05 9.98594E-05 0.0786594 0.00864299 9.98594E-05 9.98594E-05 9.98594E-05 0.155237 0.480812 9.98594E-05 0.11353 9.98594E-05 9.98594E-05 9.98594E-05 9.98594E-05 9.98594E-05 9.98594E-05 9.98594E-05 0.00325962 0.00822495
9.98243E-05 9.98243E-05 9.98243E-05 0.0931994 9.98243E-05 9.98243E-05 9.98243E-05 9.98243E-05 9.98243E-05 9.98243E-05 9.98243E-05 9.98243E-05 9.98243E-05 0.508126 9.98243E-05 9.98243E-05 0.182145 0.016649 9.98243E-05 9.98243E-05 9.98243E-05 9.98243E-05 9.98243E-05 0.197884 9.98243E-05
9.98162E-05 9.98162E-05 0.135191 9.98162E-05 9.98162E-05 9.98162E-05 9.98162E-05 9.98162E-05 9.98162E-05 9.98162E-05 9.98162E-05 9.98162E-05 0.00586963 0.821944 9.98162E-05 9.98162E-05 9.98162E-05 9.98162E-05 9.98162E-05 9.98162E-05 9.98162E-05 9.98162E-05 0.0348995 9.98162E-05 9.98162E-05
9.98333E-05 9.98333E-05 9.98333E-05 0.739025 9.98333E-05 9.98333E-05 9.98333E-05 0.0509441 9.98333E-05 9.98333E-05 9.98333E-05 9.98333E-05 0.0624742 0.126815 9.98333E-05 9.98333E-05 9.98333E-05 0.00275528 9.98333E-05 9.98333E-05 9.98333E-05 9.98333E-05 9.98333E-05 0.0160894 9.98333E-05
0.07679 9.98155E-05 9.98155E-05 9.98155E-05 9.98155E-05 9.98155E-05 9.98155E-05 9.98155E-05 9.98155E-05 0.101223 9.98155E-05 9.98155E-05 9.98155E-05 0.72827 9.98155E-05 0.0916209 9.98155E-05 9.98155E-05 9.98155E-05 9.98155E-05 9.98155E-05 9.98155E-05 9.98155E-05 9.98155E-05 9.98155E-05
0.0679067 9.98331E-05 9.98331E-05 0.0740173 9.98331E-05 9.98331E-05 9.98331E-05 9.98331E-05 9.98331E-05 9.98331E-05 9.98331E-05 9.98331E-05 0.122229 0.619118 9.98331E-05 9.98331E-05 0.0977316 9.98331E-05 9.98331E-05 0.0171007 9.98331E-05 9.98331E-05 9.98331E-05 9.98331E-05 9.98331E-05
9.98245E-05 9.98245E-05 9.98245E-05 9.98245E-05 9.98245E-05 9.98245E-05 9.98245E-05 9.98245E-05 9.98245E-05 9.98245E-05 9.98245E-05 0.00273618 0.0381981 0.891248 9.98245E-05 9.98245E-05 9.98245E-05 9.98245E-05 9.98245E-05 9.98245E-05 0.0635035 9.98245E-05 9.98245E-05 0.00231722 9.98245E-05
9.98418E-05 0.0305272 0.0424725 9.98418E-05 9.98418E-05 0.00398565 9.98418E-05 9.98418E-05 9.98418E-05 0.0335581 9.98418E-05 9.98418E-05 9.98418E-05 0.587322 9.98418E-05 9.98418E-05 9.98418E-05 9.98418E-05 9.98418E-05 9.98418E-05 9.98418E-05 0.0854647 9.98418E-05 0.214873 9.98418E-05
9.98074E-05 9.98074E-05 9.98074E-05 0.067926 9.98074E-05 9.98074E-05 9.98074E-05 9.98074E-05 9.98074E-05 9.98074E-05 9.98074E-05 0.0301062 9.98074E-05 0.899772 9.98074E-05 9.98074E-05 9.98074E-05 9.98074E-05 9.98074E-05 9.98074E-05 9.98074E-05 9.98074E-05 9.98074E-05 9.98074E-05 9.98074E-05
9.98243E-05 9.98243E-05 9.98243E-05 0.336254 9.98243E-05 9.98243E-05 9.98243E-05 9.98243E-05 9.98243E-05 9.98243E-05 9.98243E-05 9.98243E-05 9.98243E-05 0.290429 9.98243E-05 9.98243E-05 0.320382 9.98243E-05 9.98243E-05 9.98243E-05 9.98243E-05 0.00433794 9.98243E-05 0.046601 9.98243E-05
9.98246E-05 9.98246E-05 9.98246E-05 9.98246E-05 9.98246E-05 9.98246E-05 9.98246E-05 9.98246E-05 9.98246E-05 9.98246E-05 9.98246E-05 9.98246E-05 9.98246E-05 0.596887 9.98246E-05 0.168722 0.099983 0.0240634 9.98246E-05 9.98246E-05 9.98246E-05 9.98246E-05 0.108347 9.98246E-05 9.98246E-05
0.118667 9.98595E-05 9.98595E-05 0.020849 9.98595E-05 9.98595E-05 9.98595E-05 0.00551311 9.98595E-05 0.00581035 9.98595E-05 9.98595E-05 9.98595E-05 0.688241 0.0618656 9.98595E-05 9.98595E-05 9.98595E-05 9.98595E-05 0.011233 0.0722825 9.98595E-05 9.98595E-05 0.0139405 9.98595E-05
9.98242E-05 9.98242E-05 9.98242E-05 0.240554 9.98242E-05 9.98242E-05 9.98242E-05 9.98242E-05 9.98242E-05 9.98242E-05 9.98242E-05 9.98242E-05 0.182773 0.489348 9.98242E-05 9.98242E-05 0.0415272 9.98242E-05 9.98242E-05 9.98242E-05 9.98242E-05 9.98242E-05 9.98242E-05 0.0438008 9.98242E-05
9.98073E-05 9.98073E-05 9.98073E-05 0.0147798 9.98073E-05 9.98073E-05 9.98073E-05 0.00802467 9.98073E-05 9.98073E-05 9.98073E-05 9.98073E-05 9.98073E-05 0.975 9.98073E-05 9.98073E-05 9.98073E-05 9.98073E-05 9.98073E-05 9.98073E-05 9.98073E-05 9.98073E-05 9.98073E-05 9.98073E-05 9.98073E-05
9.97898E-05 9.97898E-05 9.97898E-05 9.97898E-05 9.97898E-05 9.97898E-05 9.97898E-05 9.97898E-05 9.97898E-05 9.97898E-05 9.97898E-05 9.97898E-05 9.97898E-05 0.997605 9.97898E-05 9.97898E-05 9.97898E-05 9.97898E-05 9.97898E-05 9.97898E-05 9.97898E-05 9.97898E-05 9.97898E-05 9.97898E-05 9.97898E-05
9.97892E-05 9.97892E-05 9.97892E-05 0.997605 9.97892E-05 9.97892E-05 9.97892E-05 9.97892E-05 9.97892E-05 9.97892E-05 9.97892E-05 9.97892E-05 9.97892E-05 9.97892E-05 9.97892E-05 9.97892E-05 9.97892E-05 9.97892E-05 9.97892E-05 9.97892E-05 9.97892E-05 9.97892E-05 9.97892E-05 9.97892E-05 9.97892E-05
9.9807E-05 9.9807E-05 9.9807E-05 0.836568 9.9807E-05 9.9807E-05 9.9807E-05 9.9807E-05 9.9807E-05 9.9807E-05 9.9807E-05 9.9807E-05 9.9807E-05 9.9807E-05 9.9807E-05 0.0167705 9.9807E-05 9.9807E-05 9.9807E-05 9.9807E-05 0.144465 9.9807E-05 9.9807E-05 9.9807E-05 9.9807E-05
9.98334E-05 0.0232337 9.98334E-05 9.98334E-05 9.98334E-05 9.98334E-05 9.98334E-05 9.98334E-05 9.98334E-05 9.98334E-05 9.98334E-05 0.00552385 9.98334E-05 0.685059 9.98334E-05 9.98334E-05 9.98334E-05 9.98334E-05 9.98334E-05 9.98334E-05 9.98334E-05 9.98334E-05 0.207072 0.0705606 0.00665354
9.98071E-05 9.98071E-05 9.98071E-05 9.98071E-05 9.98071E-05 9.98071E-05 9.98071E-05 0.0803119 9.98071E-05 9.98071E-05 9.98071E-05 9.98071E-05 9.98071E-05 9.98071E-05 9.98071E-05 0.784994 9.98071E-05 9.98071E-05 9.98071E-05 9.98071E-05 9.98071E-05 9.98071E-05 9.98071E-05 0.132499 9.98071E-05
9.98421E-05 9.98421E-05 0.0445373 9.98421E-05 0.168501 9.98421E-05 9.98421E-05 0.0848454 9.98421E-05 9.98421E-05 9.98421E-05 9.98421E-05 9.98421E-05 9.98421E-05 9.98421E-05 0.215291 9.98421E-05 9.98421E-05 0.000583462 9.98421E-05 9.98421E-05 9.98421E-05 0.474318 0.0101258 9.98421E-05
9.98245E-05 9.98245E-05 9.98245E-05 9.98245E-05 9.98245E-05 9.98245E-05 9.98245E-05 9.98245E-05 9.98245E-05 9.98245E-05 9.98245E-05 9.98245E-05 9.98245E-05 9.98245E-05 9.98245E-05 0.879276 0.0322175 9.98245E-05 9.98245E-05 9.98245E-05 9.98245E-05 0.0194913 9.98245E-05 0.0567451 0.0102735
9.98155E-05 9.98155E-05 9.98155E-05 9.98155E-05 9.98155E-05 9.98155E-05 9.98155E-05 9.98155E-05 9.98155E-05 9.98155E-05 9.98155E-05 9.98155E-05 0.0150889 9.98155E-05 9.98155E-05 0.81267 9.98155E-05 9.98155E-05 9.98155E-05 9.98155E-05 0.0356869 9.98155E-05 9.98155E-05 0.134458 9.98155E-05
9.98156E-05 9.98156E-05 9.98156E-05 9.98156E-05 9.98156E-05 9.98156E-05 9.98156E-05 0.0894901 9.98156E-05 0.0374832 9.98156E-05 9.98156E-05 9.98156E-05 9.98156E-05 0.042058 0.828873 9.98156E-05 9.98156E-05 9.98156E-05 9.98156E-05 9.98156E-05 9.98156E-05 9.98156E-05 9.98156E-05 9.98156E-05
9.98333E-05 9.98333E-05 9.98333E-05 9.98333E-05 9.98333E-05 9.98333E-05 9.98333E-05 0.123514 9.98333E-05 9.98333E-05 9.98333E-05 9.98333E-05 9.98333E-05 9.98333E-05 9.98333E-05 0.574694 9.98333E-05 0.0535855 9.98333E-05 0.0495977 9.98333E-05 9.98333E-05 0.063134 0.133579 9.98333E-05
9.98508E-05 0.0034191 9.98508E-05 9.98508E-05 9.98508E-05 9.98508E-05 9.98508E-05 0.0404587 9.98508E-05 9.98508E-05 9.98508E-05 9.98508E-05 9.98508E-05 9.98508E-05 9.98508E-05 0.621667 0.123327 9.98508E-05 9.98508E-05 0.006225 0.0776823 9.98508E-05 0.109277 0.0162467 9.98508E-05
9.97983E-05 9.97983E-05 9.97983E-05 9.97983E-05 9.97983E-05 9.97983E-05 9.97983E-05 0.180649 9.97983E-05 9.97983E-05 9.97983E-05 9.97983E-05 9.97983E-05 9.97983E-05 9.97983E-05 0.817055 9.97983E-05 9.97983E-05 9.97983E-05 9.97983E-05 9.97983E-05 9.97983E-05 9.97983E-05 9.97983E-05 9.97983E-05
9.98156E-05 9.98156E-05 0.0674475 9.98156E-05 9.98156E-05 9.98156E-05 9.98156E-05 0.325778 9.98156E-05 9.98156E-05 9.98156E-05 9.98156E-05 9.98156E-05 9.98156E-05 9.98156E-05 0.406756 9.98156E-05 0.197922 9.98156E-05 9.98156E-05 9.98156E-05 9.98156E-05 9.98156E-05 9.98156E-05 9.98156E-05
9.98246E-05 9.98246E-05 9.98246E-05 9.98246E-05 9.98246E-05 9.98246E-05 9.98246E-05 0.178027 9.98246E-05 9.98246E-05 9.98246E-05 9.98246E-05 9.98246E-05 9.98246E-05 9.98246E-05 0.524827 0.0291499 9.98246E-05 9.98246E-05 9.98246E-05 9.98246E-05 0.0339524 9.98246E-05 0.232047 9.98246E-05
9.98246E-05 9.98246E-05 9.98246E-05 9.98246E-05 0.483843 9.98246E-05 9.98246E-05 0.0802997 9.98246E-05 9.98246E-05 9.98246E-05 9.98246E-05 9.98246E-05 9.98246E-05 9.98246E-05 0.29605 9.98246E-05 0.119062 9.98246E-05 9.98246E-05 9.98246E-05 9.98246E-05 9.98246E-05 0.0187484 9.98246E-05
9.98245E-05 9.98245E-05 9.98245E-05 9.98245E-05 0.169848 9.98245E-05 9.98245E-05 9.98245E-05 9.98245E-05 9.98245E-05 9.98245E-05 9.98245E-05 0.00717145 9.98245E-05 9.98245E-05 0.655409 9.98245E-05 0.110959 9.98245E-05 9.98245E-05 9.98245E-05 9.98245E-05 9.98245E-05 0.0546155 9.98245E-05
9.98073E-05 9.98073E-05 9.98073E-05 9.98073E-05 9.98073E-05 9.98073E-05 9.98073E-05 0.139795 9.98073E-05 9.98073E-05 9.98073E-05 9.98073E-05 9.98073E-05 9.98073E-05 9.98073E-05 0.732742 9.98073E-05 9.98073E-05 9.98073E-05 9.98073E-05 9.98073E-05 9.98073E-05 0.125267 9.98073E-05 9.98073E-05
9.98336E-05 9.98336E-05 9.98336E-05 9.98336E-05 0.0374811 9.98336E-05 9.98336E-05 0.109674 9.98336E-05 9.98336E-05 9.98336E-05 9.98336E-05 9.98336E-05 9.98336E-05 0.0123826 0.528105 9.98336E-05 9.98336E-05 9.98336E-05 9.98336E-05 9.98336E-05 9.98336E-05 0.075616 0.234844 9.98336E-05
9.98334E-05 0.0602754 9.98334E-05 9.98334E-05 9.98334E-05 9.98334E-05 9.98334E-05 0.0607008 9.98334E-05 9.98334E-05 9.98334E-05 9.98334E-05 0.0183117 9.98334E-05 9.98334E-05 0.508281 9.98334E-05 9.98334E-05 9.98334E-05 9.98334E-05 0.150407 9.98334E-05 0.200127 9.98334E-05 9.98334E-05
9.98509E-05 9.98509E-05 0.129488 9.98509E-05 9.98509E-05 0.00388282 9.98509E-05 0.0139966 0.0231775 0.0355666 9.98509E-05 9.98509E-05 9.98509E-05 9.98509E-05 9.98509E-05 0.685599 9.98509E-05 0.0598101 9.98509E-05 9.98509E-05 9.98509E-05 9.98509E-05 9.98509E-05 0.0467823 9.98509E-05
9.98333E-05 9.98333E-05 9.98333E-05 9.98333E-05 0.083204 0.0542306 9.98333E-05 0.00185538 9.98333E-05 9.98333E-05 9.98333E-05 9.98333E-05 9.98333E-05 9.98333E-05 9.98333E-05 0.564471 9.98333E-05 0.204161 9.98333E-05 9.98333E-05 9.98333E-05 9.98333E-05 9.98333E-05 0.0901809 9.98333E-05
9.98511E-05 9.98511E-05 9.98511E-05 9.98511E-05 0.0341005 9.98511E-05 9.98511E-05 0.126542 0.0236062 9.98511E-05 0.0102308 0.0159652 9.98511E-05 9.98511E-05 9.98511E-05 0.684692 0.0880358 9.98511E-05 9.98511E-05 9.98511E-05 9.98511E-05 9.98511E-05 9.98511E-05 9.98511E-05 0.0151299
9.98071E-05 9.98071E-05 9.98071E-05 9.98071E-05 0.0511133 9.98071E-05 9.98071E-05 9.98071E-05 9.98071E-05 9.98071E-05 9.98071E-05 9.98071E-05 0.00374891 9.98071E-05 9.98071E-05 0.942942 9.98071E-05 9.98071E-05 9.98071E-05 9.98071E-05 9.98071E-05 9.98071E-05 9.98071E-05 9.98071E-05 9.98071E-05
9.98421E-05 9.98421E-05 0.0727961 9.98421E-05 0.221772 0.125181 9.98421E-05 0.0937928 9.98421E-05 9.98421E-05 9.98421E-05 9.98421E-05 9.98421E-05 0.00579498 9.98421E-05 0.385379 9.98421E-05 9.98421E-05 9.98421E-05 9.98421E-05 9.98421E-05 9.98421E-05 9.98421E-05 0.0934869 9.98421E-05
9.98246E-05 9.98246E-05 9.98246E-05 9.98246E-05 9.98246E-05 9.98246E-05 9.98246E-05 9.98246E-05 9.98246E-05 9.98246E-05 9.98246E-05 9.98246E-05 9.98246E-05 9.98246E-05 9.98246E-05 0.700782 9.98246E-05 0.0899268 9.98246E-05 9.98246E-05 9.98246E-05 9.98246E-05 0.0965899 0.0414776 0.0692274
9.98158E-05 9.98158E-05 9.98158E-05 9.98158E-05 9.98158E-05 9.98158E-05 9.98158E-05 0.0363896 9.98158E-05 9.98158E-05 9.98158E-05 9.98158E-05 0.0071257 9.98158E-05 9.98158E-05 0.930675 9.98158E-05 9.98158E-05 9.98158E-05 9.98158E-05 0.0237133 9.98158E-05 9.98158E-05 9.98158E-05 9.98158E-05
0.0877653 9.98245E-05 9.98245E-05 9.98245E-05 9.98245E-05 9.98245E-05 9.98245E-05 0.132267 9.98245E-05 9.98245E-05 9.98245E-05 9.98245E-05 9.98245E-05 9.98245E-05 9.98245E-05 0.541266 9.98245E-05 0.0471177 9.98245E-05 9.98245E-05 9.98245E-05 9.98245E-05 9.98245E-05 0.189588 9.98245E-05
9.98159E-05 9.98159E-05 9.98159E-05 9.98159E-05 9.98159E-05 9.98159E-05 9.98159E-05 0.126094 9.98159E-05 9.98159E-05 9.98159E-05 9.98159E-05 9.98159E-05 9.98159E-05 9.98159E-05 0.598881 9.98159E-05 9.98159E-05 9.98159E-05 9.98159E-05 9.98159E-05 0.0716978 0.201232 9.98159E-05 9.98159E-05
0.0137103 9.98334E-05 9.98334E-05 9.98334E-05 9.98334E-05 0.0259737 9.98334E-05 0.175089 9.98334E-05 9.98334E-05 9.98334E-05 9.98334E-05 9.98334E-05 9.98334E-05 9.98334E-05 0.457443 9.98334E-05 0.151564 9.98334E-05 9.98334E-05 9.98334E-05 9.98334E-05 9.98334E-05 0.174323 9.98334E-05
9.98509E-05 9.98509E-05 9.98509E-05 9.98509E-05 0.302203 9.98509E-05 9.98509E-05 0.153954 9.98509E-05 0.0118767 9.98509E-05 9.98509E-05 9.98509E-05 0.0601996 9.98509E-05 0.250879 0.0309318 0.0587765 9.98509E-05 9.98509E-05 9.98509E-05 9.98509E-05 9.98509E-05 0.129482 9.98509E-05
9.98246E-05 9.98246E-05 9.98246E-05 9.98246E-05 9.98246E-05 9.98246E-05 9.98246E-05 9.98246E-05 0.0322048 0.00973172 9.98246E-05 9.98246E-05 9.98246E-05 9.98246E-05 0.156507 9.98246E-05 9.98246E-05 9.98246E-05 9.98246E-05 9.98246E-05 9.98246E-05 9.98246E-05 0.781054 0.0185064 9.98246E-05
0.123286 9.98212E-05 9.98212E-05 9.98212E-05 9.98212E-05 9.98212E-05 9.98212E-05 0.0887718 9.98212E-05 9.98212E-05 9.98212E-05 9.98212E-05 9.98212E-05 9.98212E-05 9.98212E-05 0.765941 9.98212E-05 9.98212E-05 9.98212E-05 9.98212E-05 9.98212E-05 9.98212E-05 9.98212E-05 0.0199049 9.98212E-05
9.98071E-05 9.98071E-05 9.98071E-05 9.98071E-05 9.98071E-05 9.98071E-05 9.98071E-05 0.264897 9.98071E-05 9.98071E-05 9.98071E-05 9.98071E-05 9.98071E-05 9.98071E-05 9.98071E-05 0.552218 9.98071E-05 9.98071E-05 9.98071E-05 9.98071E-05 9.98071E-05 9.98071E-05 9.98071E-05 0.18069 9.98071E-05
9.98246E-05 9.98246E-05 9.98246E-05 9.98246E-05 9.98246E-05 0.0180502 9.98246E-05 9.98246E-05 9.98246E-05 9.98246E-05 9.98246E-05 9.98246E-05 0.00751524 9.98246E-05 9.98246E-05 0.569125 9.98246E-05 9.98246E-05 9.98246E-05 9.98246E-05 9.98246E-05 9.98246E-05 0.268805 0.134509 9.98246E-05
9.98247E-05 9.98247E-05 9.98247E-05 9.98247E-05 0.0485277 9.98247E-05 9.98247E-05 0.0180725 9.98247E-05 9.98247E-05 9.98247E-05 9.98247E-05 0.0584545 9.98247E-05 9.98247E-05 0.699004 9.98247E-05 9.98247E-05 9.98247E-05 9.98247E-05 9.98247E-05 9.98247E-05 9.98247E-05 0.173945 9.98247E-05
9.98158E-05 0.0236879 9.98158E-05 9.98158E-05 9.98158E-05 9.98158E-05 9.98158E-05 9.98158E-05 9.98158E-05 9.98158E-05 9.98158E-05 9.98158E-05 0.00963949 9.98158E-05 9.98158E-05 0.933976 9.98158E-05 9.98158E-05 9.98158E-05 9.98158E-05 9.98158E-05 9.98158E-05 0.0306 9.98158E-05 9.98158E-05
9.98333E-05 9.98333E-05 9.98333E-05 9.98333E-05 9.98333E-05 0.138027 9.98333E-05 0.268192 0.0181861 9.98333E-05 9.98333E-05 9.98333E-05 0.0198447 9.98333E-05 9.98333E-05 0.429085 9.98333E-05 9.98333E-05 9.98333E-05 9.98333E-05 9.98333E-05 9.98333E-05 9.98333E-05 0.124769 9.98333E-05
9.98157E-05 9.98157E-05 9.98157E-05 9.98157E-05 9.98157E-05 9.98157E-05 9.98157E-05 0.0377862 9.98157E-05 9.98157E-05 9.98157E-05 9.98157E-05 9.98157E-05 9.98157E-05 9.98157E-05 0.787311 0.0878054 9.98157E-05 9.98157E-05 9.98157E-05 9.98157E-05 9.98157E-05 9.98157E-05 0.0850014 9.98157E-05
9.98159E-05 9.98159E-05 9.98159E-05 9.98159E-05 0.0420026 9.98159E-05 9.98159E-05 9.98159E-05 9.98159E-05 9.98159E-05 9.98159E-05 9.98159E-05 9.98159E-05 9.98159E-05 9.98159E-05 0.928528 9.98159E-05 9.98159E-05 9.98159E-05 9.98159E-05 9.98159E-05 9.98159E-05 0.0037685 0.0236049 9.98159E-05
9.98244E-05 9.98244E-05 0.174652 9.98244E-05 0.216099 0.032885 9.98244E-05 0.0291791 9.98244E-05 9.98244E-05 9.98244E-05 9.98244E-05 9.98244E-05 9.98244E-05 9.98244E-05 0.545188 9.98244E-05 9.98244E-05 9.98244E-05 9.98244E-05 9.98244E-05 9.98244E-05 9.98244E-05 9.98244E-05 9.98244E-05
9.98156E-05 9.98156E-05 9.98156E-05 9.98156E-05 9.98156E-05 9.98156E-05 9.98156E-05 0.104534 9.98156E-05 9.98156E-05 9.98156E-05 9.98156E-05 9.98156E-05 9.98156E-05 9.98156E-05 0.634743 9.98156E-05 9.98156E-05 9.98156E-05 9.98156E-05 0.0332015 9.98156E-05 9.98156E-05 0.225425 9.98156E-05
9.98244E-05 9.98244E-05 9.98244E-05 9.98244E-05 0.416958 0.0172136 9.98244E-05 0.0644257 9.98244E-05 9.98244E-05 9.98244E-05 9.98244E-05 9.98244E-05 9.98244E-05 9.98244E-05 0.100226 9.98244E-05 9.98244E-05 9.98244E-05 9.98244E-05 9.98244E-05 9.98244E-05 0.39918 9.98244E-05 9.98244E-05
9.9816E-05 9.9816E-05 9.9816E-05 9.9816E-05 9.9816E-05 9.9816E-05 9.9816E-05 0.00717618 9.9816E-05 9.9816E-05 9.9816E-05 9.9816E-05 9.9816E-05 9.9816E-05 9.9816E-05 0.447295 9.9816E-05 9.9816E-05 9.9816E-05 9.9816E-05 9.9816E-05 9.9816E-05 0.50103 0.0424025 9.9816E-05
9.98069E-05 9.98069E-05 9.98069E-05 9.98069E-05 9.98069E-05 9.98069E-05 9.98069E-05 9.98069E-05 9.98069E-05 9.98069E-05 9.98069E-05 9.98069E-05 0.0222912 9.98069E-05 9.98069E-05 0.135505 9.98069E-05 9.98069E-05 9.98069E-05 9.98069E-05 9.98069E-05 9.98069E-05 0.840008 9.98069E-05 9.98069E-05
9.98246E-05 9.98246E-05 9.98246E-05 9.98246E-05 0.556928 0.0579046 9.98246E-05 9.98246E-05 9.98246E-05 9.98246E-05 9.98246E-05 9.98246E-05 9.98246E-05 9.98246E-05 9.98246E-05 0.313585 9.98246E-05 9.98246E-05 9.98246E-05 0.0469246 0.0226612 9.98246E-05 9.98246E-05 9.98246E-05 9.98246E-05
9.98156E-05 9.98156E-05 9.98156E-05 9.98156E-05 9.98156E-05 9.98156E-05 9.98156E-05 0.0633274 9.98156E-05 9.98156E-05 9.98156E-05 9.98156E-05 9.98156E-05 9.98156E-05 9.98156E-05 0.52827 9.98156E-05 0.143194 9.98156E-05 9.98156E-05 9.98156E-05 9.98156E-05 9.98156E-05 0.263112 9.98156E-05
9.98159E-05 9.98159E-05 0.0420727 9.98159E-05 9.98159E-05 9.98159E-05 9.98159E-05 0.106171 9.98159E-05 9.98159E-05 9.98159E-05 9.98159E-05 9.98159E-05 9.98159E-05 9.98159E-05 0.844607 9.98159E-05 9.98159E-05 9.98159E-05 9.98159E-05 9.98159E-05 0.00505287 9.98159E-05 9.98159E-05 9.98159E-05
9.98334E-05 9.98334E-05 9.98334E-05 9.98334E-05 0.649514 0.0547762 9.98334E-05 0.155495 9.98334E-05 9.98334E-05 9.98334E-05 0.0182813 9.98334E-05 9.98334E-05 9.98334E-05 0.0274636 9.98334E-05 9.98334E-05 9.98334E-05 9.98334E-05 9.98334E-05 9.98334E-05 9.98334E-05 0.0925739 9.98334E-05
9.98159E-05 9.98159E-05 9.98159E-05 9.98159E-05 0.681814 9.98159E-05 9.98159E-05 9.98159E-05 9.98159E-05 9.98159E-05 0.0109805 9.98159E-05 9.98159E-05 9.98159E-05 9.98159E-05 0.202741 9.98159E-05 9.98159E-05 9.98159E-05 9.98159E-05 9.98159E-05 0.102368 9.98159E-05 9.98159E-05 9.98159E-05
9.98244E-05 9.98244E-05 9.98244E-05 9.98244E-05 9.98244E-05 0.095249 9.98244E-05 0.169218 9.98244E-05 9.98244E-05 9.98244E-05 9.98244E-05 9.98244E-05 9.98244E-05 9.98244E-05 0.5561 0.0404974 0.136939 9.98244E-05 9.98244E-05 9.98244E-05 9.98244E-05 9.98244E-05 9.98244E-05 9.98244E-05
9.98509E-05 9.98509E-05 0.0137646 0.180336 0.0186122 9.98509E-05 9.98509E-05 0.0864663 9.98509E-05 9.98509E-05 9.98509E-05 9.98509E-05 0.000535983 9.98509E-05 9.98509E-05 0.627635 9.98509E-05 9.98509E-05 9.98509E-05 9.98509E-05 0.000823831 9.98509E-05 9.98509E-05 0.0701285 9.98509E-05
9.98773E-05 0.0431743 9.98773E-05 9.98773E-05 9.98773E-05 9.98773E-05 9.98773E-05 0.155338 9.98773E-05 9.98773E-05 9.98773E-05 9.98773E-05 0.00230411 9.98773E-05 0.140811 0.253672 0.0900631 0.0523001 9.98773E-05 9.98773E-05 9.98773E-05 0.00210871 0.202632 0.0379679 0.0182314
9.98247E-05 9.98247E-05 9.98247E-05 9.98247E-05 9.98247E-05 0.0414582 9.98247E-05 0.262559 9.98247E-05 9.98247E-05 9.98247E-05 9.98247E-05 9.98247E-05 9.98247E-05 9.98247E-05 0.429383 0.068222 9.98247E-05 9.98247E-05 9.98247E-05 9.98247E-05 9.98247E-05 9.98247E-05 0.196382 9.98247E-05
9.98246E-05 9.98246E-05 9.98246E-05 9.98246E-05 0.210578 9.98246E-05 9.98246E-05 9.98246E-05 9.98246E-05 9.98246E-05 9.98246E-05 9.98246E-05 9.98246E-05 9.98246E-05 9.98246E-05 0.248738 9.98246E-05 0.00292611 9.98246E-05 9.98246E-05 9.98246E-05 9.98246E-05 0.499233 0.036528 9.98246E-05
9.98156E-05 9.98156E-05 9.98156E-05 9.98156E-05 9.98156E-05 9.98156E-05 9.98156E-05 9.98156E-05 9.98156E-05 9.98156E-05 9.98156E-05 9.98156E-05 0.0718829 9.98156E-05 9.98156E-05 0.661039 9.98156E-05 9.98156E-05 9.98156E-05 0.140585 9.98156E-05 9.98156E-05 9.98156E-05 0.124398 9.98156E-05
