0.116948 9.99034E-05 0.0822575 0.2339 0.00730273 0.155046 9.99034E-05 9.99034E-05 9.99034E-05 0.0492666 9.99034E-05 9.99034E-05 0.35418 9.99034E-05 9.99034E-05 9.99034E-05 9.99034E-05 9.99034E-05
9.98772E-05 9.98772E-05 0.150707 9.98772E-05 9.98772E-05 9.98772E-05 9.98772E-05 9.98772E-05 9.98772E-05 0.13402 0.0465874 9.98772E-05 0.667287 9.98772E-05 9.98772E-05 9.98772E-05 9.98772E-05 9.98772E-05
9.98947E-05 0.0375349 9.98947E-05 9.98947E-05 0.0153917 0.0239508 9.98947E-05 9.98947E-05 9.98947E-05 9.98947E-05 9.98947E-05 9.98947E-05 0.85303 0.041181 9.98947E-05 9.98947E-05 9.98947E-05 0.027713
9.99211E-05 9.99211E-05 9.99211E-05 0.0940929 9.99211E-05 0.0327165 0.166507 0.270212 0.0519752 9.99211E-05 9.99211E-05 9.99211E-05 0.267368 0.0582033 0.0243067 9.99211E-05 9.99211E-05 0.0337195
9.98859E-05 9.98859E-05 0.0127623 9.98859E-05 9.98859E-05 9.98859E-05 0.166212 9.98859E-05 0.00189619 9.98859E-05 9.98859E-05 9.98859E-05 0.794104 0.0237272 9.98859E-05 9.98859E-05 9.98859E-05 9.98859E-05
0.0285924 9.99123E-05 0.0326228 9.99123E-05 9.99123E-05 9.99123E-05 0.0149603 9.99123E-05 0.225078 0.170207 9.99123E-05 9.99123E-05 0.198733 0.2295 0.0993068 9.99123E-05 9.99123E-05 9.99123E-05
9.99298E-05 0.107662 0.163734 0.11967 0.0482621 0.0295077 9.99298E-05 0.0754973 0.0338526 0.0259523 0.1336 9.99298E-05 0.261462 9.99298E-05 9.99298E-05 9.99298E-05 9.99298E-05 9.99298E-05
0.088545 0.0123192 9.99386E-05 0.201818 9.99386E-05 9.99386E-05 0.131771 0.00390108 0.045352 0.0772101 9.99386E-05 9.99386E-05 0.192105 0.00059715 0.158911 0.0867701 9.99386E-05 9.99386E-05
9.99122E-05 9.99122E-05 0.0500663 0.0309482 0.178666 0.232987 0.00668033 9.99122E-05 9.99122E-05 9.99122E-05 9.99122E-05 9.99122E-05 0.264427 0.00243494 0.232791 9.99122E-05 9.99122E-05 9.99122E-05
9.98684E-05 9.98684E-05 9.98684E-05 9.98684E-05 9.98684E-05 0.0848509 9.98684E-05 9.98684E-05 9.98684E-05 9.98684E-05 9.98684E-05 9.98684E-05 0.896249 9.98684E-05 9.98684E-05 9.98684E-05 0.0174019 9.98684E-05
9.98948E-05 9.98948E-05 9.98948E-05 0.00616706 9.98948E-05 0.145623 9.98948E-05 9.98948E-05 9.98948E-05 0.0277698 0.214711 9.98948E-05 0.510396 9.98948E-05 0.0941345 9.98948E-05 9.98948E-05 9.98948E-05
9.99034E-05 9.99034E-05 9.99034E-05 9.99034E-05 9.99034E-05 0.00847367 0.0178407 9.99034E-05 0.0142549 9.99034E-05 0.0202663 9.99034E-05 0.903596 0.0169014 9.99034E-05 0.0175679 9.99034E-05 9.99034E-05
9.98684E-05 9.98684E-05 9.98684E-05 0.19948 9.98684E-05 0.0485259 9.98684E-05 9.98684E-05 9.98684E-05 9.98684E-05 9.98684E-05 9.98684E-05 0.750496 9.98684E-05 9.98684E-05 9.98684E-05 9.98684E-05 9.98684E-05
9.99035E-05 9.99035E-05 9.99035E-05 0.0702563 9.99035E-05 0.0762438 9.99035E-05 9.99035E-05 9.99035E-05 9.99035E-05 0.0648306 0.0824169 0.594315 0.0690788 9.99035E-05 0.0417595 9.99035E-05 9.99035E-05
9.9921E-05 9.9921E-05 9.9921E-05 0.0567154 0.00455285 0.0956567 9.9921E-05 0.0630647 0.00568738 0.247871 9.9921E-05 9.9921E-05 0.25421 0.106365 0.164978 9.9921E-05 9.9921E-05 9.9921E-05
0.0749937 9.9921E-05 9.9921E-05 0.0665251 9.9921E-05 0.0891367 9.9921E-05 0.0731673 9.9921E-05 0.14372 9.9921E-05 9.9921E-05 0.185084 0.0168883 0.202705 0.14688 9.9921E-05 9.9921E-05
0.056795 9.99035E-05 0.0825658 9.99035E-05 9.99035E-05 0.0646822 9.99035E-05 0.0526159 9.99035E-05 9.99035E-05 0.0325623 0.15639 0.55329 9.99035E-05 9.99035E-05 9.99035E-05 9.99035E-05 9.99035E-05
9.99123E-05 9.99123E-05 9.99123E-05 0.154335 9.99123E-05 0.190641 9.99123E-05 9.99123E-05 9.99123E-05 0.293077 9.99123E-05 9.99123E-05 0.0789637 0.0310533 0.0077316 9.99123E-05 0.154163 0.0890361
9.98947E-05 9.98947E-05 9.98947E-05 0.0922516 9.98947E-05 0.191405 9.98947E-05 9.98947E-05 0.202024 9.98947E-05 0.0507482 9.98947E-05 0.305673 9.98947E-05 0.156699 9.98947E-05 9.98947E-05 9.98947E-05
9.98596E-05 9.98596E-05 9.98596E-05 9.98596E-05 9.98596E-05 9.98596E-05 9.98596E-05 9.98596E-05 9.98596E-05 9.98596E-05 9.98596E-05 9.98596E-05 0.934803 9.98596E-05 9.98596E-05 9.98596E-05 9.98596E-05 0.0635992
9.99035E-05 9.99035E-05 9.99035E-05 9.99035E-05 9.99035E-05 0.0811898 9.99035E-05 0.1596 9.99035E-05 9.99035E-05 0.076566 9.99035E-05 0.465593 9.99035E-05 0.102189 0.0878968 0.0258662 9.99035E-05
9.9886E-05 9.9886E-05 9.9886E-05 0.417856 9.9886E-05 9.9886E-05 0.0693766 9.9886E-05 0.135784 9.9886E-05 9.9886E-05 9.9886E-05 0.237328 9.9886E-05 0.138357 9.9886E-05 9.9886E-05 9.9886E-05
9.99035E-05 0.0123779 9.99035E-05 9.99035E-05 9.99035E-05 0.104 9.99035E-05 9.99035E-05 9.99035E-05 0.224303 0.0733591 9.99035E-05 0.580558 0.00232217 0.00198102 9.99035E-05 9.99035E-05 9.99035E-05
0.00730937 9.98946E-05 9.98946E-05 0.370513 0.100157 0.191514 9.98946E-05 9.98946E-05 9.98946E-05 9.98946E-05 9.98946E-05 9.98946E-05 0.299889 9.98946E-05 9.98946E-05 0.0294195 9.98946E-05 9.98946E-05
9.98947E-05 9.98947E-05 9.98947E-05 0.114069 9.98947E-05 0.233611 9.98947E-05 9.98947E-05 9.98947E-05 9.98947E-05 9.98947E-05 9.98947E-05 0.234739 0.157522 0.0589206 9.98947E-05 9.98947E-05 0.19994
9.98859E-05 9.98859E-05 9.98859E-05 0.0748552 9.98859E-05 0.118282 9.98859E-05 0.101499 9.98859E-05 9.98859E-05 9.98859E-05 9.98859E-05 0.627012 0.0770533 9.98859E-05 9.98859E-05 9.98859E-05 9.98859E-05
9.98947E-05 9.98947E-05 9.98947E-05 0.432071 9.98947E-05 0.0955634 9.98947E-05 9.98947E-05 9.98947E-05 9.98947E-05 9.98947E-05 9.98947E-05 0.0127023 0.300968 9.98947E-05 0.0398996 0.117597 9.98947E-05
9.98861E-05 9.98861E-05 9.98861E-05 0.156717 9.98861E-05 0.0367119 9.98861E-05 0.0884631 0.0222134 9.98861E-05 9.98861E-05 9.98861E-05 0.694596 9.98861E-05 9.98861E-05 9.98861E-05 9.98861E-05 9.98861E-05
9.98947E-05 9.98947E-05 9.98947E-05 0.124263 0.0209629 0.210163 9.98947E-05 9.98947E-05 9.98947E-05 0.0593886 9.98947E-05 9.98947E-05 0.522424 0.0616004 9.98947E-05 9.98947E-05 9.98947E-05 9.98947E-05
0.00694686 9.9921E-05 9.9921E-05 9.9921E-05 0.0089254 0.0976106 9.9921E-05 9.9921E-05 0.0289801 9.9921E-05 9.9921E-05 0.0934391 0.671086 0.00306722 0.0763953 9.9921E-05 0.0126498 9.9921E-05
9.99035E-05 9.99035E-05 9.99035E-05 0.0555704 9.99035E-05 0.0942763 9.99035E-05 9.99035E-05 0.0780182 0.0613993 0.082645 9.99035E-05 0.625655 9.99035E-05 0.00133693 9.99035E-05 9.99035E-05 9.99035E-05
9.99123E-05 9.99123E-05 9.99123E-05 0.067894 9.99123E-05 0.107314 9.99123E-05 0.0131271 0.0314195 0.00602926 0.0825744 9.99123E-05 0.504048 0.186594 9.99123E-05 9.99123E-05 9.99123E-05 9.99123E-05
9.98947E-05 9.98947E-05 9.98947E-05 0.176821 9.98947E-05 0.126836 9.98947E-05 9.98947E-05 9.98947E-05 0.041548 0.107804 9.98947E-05 0.497001 9.98947E-05 9.98947E-05 0.0487913 9.98947E-05 9.98947E-05
9.99122E-05 0.020224 9.99122E-05 0.193047 9.99122E-05 0.134306 9.99122E-05 0.00958668 0.00270075 9.99122E-05 9.99122E-05 9.99122E-05 0.501318 0.106335 9.99122E-05 9.99122E-05 0.0314826 9.99122E-05
9.98948E-05 9.98948E-05 0.045064 9.98948E-05 9.98948E-05 0.0190411 9.98948E-05 9.98948E-05 0.109753 0.0277333 9.98948E-05 9.98948E-05 0.732544 9.98948E-05 9.98948E-05 9.98948E-05 9.98948E-05 0.0646658
9.99035E-05 9.99035E-05 9.99035E-05 0.0568119 9.99035E-05 0.0309704 9.99035E-05 0.171332 9.99035E-05 0.0466498 0.00664203 9.99035E-05 0.627843 9.99035E-05 0.0586512 9.99035E-05 9.99035E-05 9.99035E-05
9.98685E-05 0.0303843 9.98685E-05 9.98685E-05 9.98685E-05 9.98685E-05 9.98685E-05 9.98685E-05 0.157834 9.98685E-05 9.98685E-05 9.98685E-05 0.810283 9.98685E-05 9.98685E-05 9.98685E-05 9.98685E-05 9.98685E-05
9.98948E-05 9.98948E-05 0.0350267 9.98948E-05 9.98948E-05 0.0759551 9.98948E-05 9.98948E-05 9.98948E-05 9.98948E-05 9.98948E-05 0.0173036 0.662467 9.98948E-05 0.153638 9.98948E-05 9.98948E-05 0.0544111
9.99035E-05 9.99035E-05 0.0896338 9.99035E-05 9.99035E-05 0.157732 0.109435 9.99035E-05 0.00517907 9.99035E-05 0.0490612 0.0901873 0.497672 9.99035E-05 9.99035E-05 9.99035E-05 9.99035E-05 9.99035E-05
9.99034E-05 0.0255346 9.99034E-05 0.0030337 9.99034E-05 0.168015 9.99034E-05 9.99034E-05 0.0331683 9.99034E-05 9.99034E-05 9.99034E-05 0.546729 0.150571 9.99034E-05 0.0718482 9.99034E-05 9.99034E-05
9.98947E-05 9.98947E-05 9.98947E-05 0.174459 9.98947E-05 0.0564996 9.98947E-05 9.98947E-05 0.018544 9.98947E-05 0.0199165 9.98947E-05 0.720204 9.98947E-05 0.00917774 9.98947E-05 9.98947E-05 9.98947E-05
9.98772E-05 9.98772E-05 9.98772E-05 0.375697 0.0249102 0.116889 9.98772E-05 9.98772E-05 9.98772E-05 9.98772E-05 9.98772E-05 9.98772E-05 0.481106 9.98772E-05 9.98772E-05 9.98772E-05 9.98772E-05 9.98772E-05
9.98684E-05 9.98684E-05 9.98684E-05 0.142309 9.98684E-05 9.98684E-05 9.98684E-05 9.98684E-05 9.98684E-05 9.98684E-05 9.98684E-05 0.110851 0.745342 9.98684E-05 9.98684E-05 9.98684E-05 9.98684E-05 9.98684E-05
9.99034E-05 9.99034E-05 9.99034E-05 0.14823 0.0639588 0.193126 9.99034E-05 9.99034E-05 9.99034E-05 0.216453 0.0286158 9.99034E-05 0.300177 9.99034E-05 0.0483406 9.99034E-05 9.99034E-05 9.99034E-05
9.98948E-05 9.98948E-05 9.98948E-05 0.332708 9.98948E-05 0.226582 0.0521583 0.0847396 0.0661561 9.98948E-05 9.98948E-05 9.98948E-05 0.236457 9.98948E-05 9.98948E-05 9.98948E-05 9.98948E-05 9.98948E-05
9.98946E-05 9.98946E-05 9.98946E-05 0.0205874 9.98946E-05 0.0420134 0.0219973 0.0144009 9.98946E-05 9.98946E-05 9.98946E-05 9.98946E-05 0.84206 9.98946E-05 9.98946E-05 9.98946E-05 9.98946E-05 0.0577421
9.98947E-05 9.98947E-05 0.0282589 9.98947E-05 9.98947E-05 0.0666804 9.98947E-05 0.0249154 9.98947E-05 9.98947E-05 9.98947E-05 9.98947E-05 0.798117 9.98947E-05 0.00449943 9.98947E-05 0.0763305 9.98947E-05
9.98859E-05 0.00457257 9.98859E-05 9.98859E-05 9.98859E-05 0.0482295 9.98859E-05 9.98859E-05 9.98859E-05 0.0171249 9.98859E-05 9.98859E-05 0.91699 9.98859E-05 9.98859E-05 0.0117841 9.98859E-05 9.98859E-05
9.98946E-05 9.98946E-05 9.98946E-05 0.2087 9.98946E-05 0.121116 9.98946E-05 9.98946E-05 0.025679 0.00658229 0.0348199 9.98946E-05 0.601904 9.98946E-05 9.98946E-05 9.98946E-05 9.98946E-05 9.98946E-05
9.9895E-05 0.171216 9.9895E-05 9.9895E-05 9.9895E-05 9.9895E-05 9.9895E-05 9.9895E-05 0.0772693 9.9895E-05 0.0170711 9.9895E-05 0.679799 9.9895E-05 0.0502955 9.9895E-05 0.00315091 9.9895E-05
0.013447 9.99298E-05 9.99298E-05 0.0532624 0.071241 0.255598 9.99298E-05 9.99298E-05 9.99298E-05 0.0781285 0.0963082 9.99298E-05 0.243999 0.154282 0.028741 9.99298E-05 0.004193 9.99298E-05
9.99034E-05 9.99034E-05 9.99034E-05 0.207601 0.0290106 9.99034E-05 0.0267455 0.125589 9.99034E-05 9.99034E-05 9.99034E-05 9.99034E-05 0.584559 9.99034E-05 9.99034E-05 0.023923 9.99034E-05 0.00147259
9.98772E-05 9.98772E-05 9.98772E-05 0.00142963 9.98772E-05 0.0513235 9.98772E-05 9.98772E-05 9.98772E-05 9.98772E-05 9.98772E-05 9.98772E-05 0.87701 9.98772E-05 9.98772E-05 9.98772E-05 0.068839 9.98772E-05
9.99298E-05 0.0365763 9.99298E-05 9.99298E-05 9.99298E-05 0.0819305 0.0408706 9.99298E-05 9.99298E-05 9.99298E-05 0.0225963 9.99298E-05 0.525805 0.0417832 0.0190343 0.188454 0.0114573 0.0306922
9.9886E-05 9.9886E-05 9.9886E-05 9.9886E-05 0.0719096 0.0943197 0.083987 9.9886E-05 0.0153608 9.9886E-05 9.9886E-05 9.9886E-05 0.733124 9.9886E-05 9.9886E-05 9.9886E-05 9.9886E-05 9.9886E-05
9.98948E-05 9.98948E-05 9.98948E-05 9.98948E-05 9.98948E-05 9.98948E-05 0.0483441 9.98948E-05 0.0442582 0.0617335 9.98948E-05 9.98948E-05 0.704166 0.130799 9.98948E-05 9.98948E-05 9.98948E-05 0.00950064
9.99122E-05 9.99122E-05 0.101512 0.0134439 9.99122E-05 0.0246465 9.99122E-05 9.99122E-05 0.0386029 9.99122E-05 0.0319077 9.99122E-05 0.743 9.99122E-05 0.00328208 9.99122E-05 0.042606 9.99122E-05
9.98772E-05 9.98772E-05 9.98772E-05 9.98772E-05 9.98772E-05 0.0533722 9.98772E-05 0.166862 0.0270282 9.98772E-05 9.98772E-05 9.98772E-05 0.75134 9.98772E-05 9.98772E-05 9.98772E-05 9.98772E-05 9.98772E-05
0.0433002 0.000419891 0.041513 9.99034E-05 9.99034E-05 9.99034E-05 9.99034E-05 9.99034E-05 9.99034E-05 9.99034E-05 0.0817229 9.99034E-05 0.782263 9.99034E-05 0.0281108 9.99034E-05 0.0215718 9.99034E-05
9.99121E-05 9.99121E-05 0.0246281 0.0123865 9.99121E-05 0.1764 9.99121E-05 9.99121E-05 9.99121E-05 0.635461 0.0408924 9.99121E-05 9.99121E-05 0.0227906 0.0544865 9.99121E-05 0.0319558 9.99121E-05
9.98772E-05 9.98772E-05 9.98772E-05 0.009015 0.0102173 9.98772E-05 9.98772E-05 0.0815089 9.98772E-05 0.897861 9.98772E-05 9.98772E-05 9.98772E-05 9.98772E-05 9.98772E-05 9.98772E-05 9.98772E-05 9.98772E-05
9.98596E-05 9.98596E-05 9.98596E-05 9.98596E-05 9.98596E-05 9.98596E-05 9.98596E-05 9.98596E-05 9.98596E-05 0.912116 9.98596E-05 9.98596E-05 9.98596E-05 9.98596E-05 9.98596E-05 9.98596E-05 0.0862866 9.98596E-05
9.99034E-05 0.0486843 0.24526 9.99034E-05 9.99034E-05 0.0602772 9.99034E-05 9.99034E-05 9.99034E-05 0.322682 9.99034E-05 9.99034E-05 9.99034E-05 0.239359 0.0703735 9.99034E-05 0.0122656 9.99034E-05
9.99121E-05 9.99121E-05 9.99121E-05 0.0342791 9.99121E-05 0.0590939 0.042254 9.99121E-05 9.99121E-05 0.539116 0.0576433 9.99121E-05 9.99121E-05 9.99121E-05 0.0532533 9.99121E-05 0.139136 0.0742251
0.00808136 9.9912E-05 0.0701879 0.107794 0.0248684 0.126156 9.9912E-05 9.9912E-05 9.9912E-05 0.563266 0.022588 9.9912E-05 9.9912E-05 9.9912E-05 0.0760591 9.9912E-05 9.9912E-05 9.9912E-05
9.98857E-05 9.98857E-05 0.289645 9.98857E-05 9.98857E-05 0.13569 9.98857E-05 0.044871 9.98857E-05 0.502341 0.0261539 9.98857E-05 9.98857E-05 9.98857E-05 9.98857E-05 9.98857E-05 9.98857E-05 9.98857E-05
9.99033E-05 0.0621511 0.0854732 9.99033E-05 9.99033E-05 0.131811 9.99033E-05 9.99033E-05 9.99033E-05 0.454549 9.99033E-05 9.99033E-05 9.99033E-05 0.0187652 0.0421966 9.99033E-05 0.203955 9.99033E-05
9.98684E-05 9.98684E-05 0.0792338 9.98684E-05 9.98684E-05 0.0369228 9.98684E-05 9.98684E-05 9.98684E-05 0.882345 9.98684E-05 9.98684E-05 9.98684E-05 9.98684E-05 9.98684E-05 9.98684E-05 9.98684E-05 9.98684E-05
9.98858E-05 9.98858E-05 9.98858E-05 9.98858E-05 9.98858E-05 0.052801 9.98858E-05 0.022993 0.00357913 0.877998 0.0413304 9.98858E-05 9.98858E-05 9.98858E-05 9.98858E-05 9.98858E-05 9.98858E-05 9.98858E-05
9.98857E-05 9.98857E-05 9.98857E-05 9.98857E-05 9.98857E-05 0.398781 9.98857E-05 9.98857E-05 0.0478518 0.323454 0.173589 9.98857E-05 9.98857E-05 9.98857E-05 0.0550265 9.98857E-05 9.98857E-05 9.98857E-05
0.105232 0.0743345 0.10577 0.168557 9.9921E-05 0.130732 9.9921E-05 9.9921E-05 0.0572205 0.215918 0.0708832 9.9921E-05 9.9921E-05 9.9921E-05 0.0704537 9.9921E-05 9.9921E-05 9.9921E-05
0.0825113 9.99121E-05 9.99121E-05 9.99121E-05 9.99121E-05 9.99121E-05 0.0879869 9.99121E-05 9.99121E-05 0.461288 0.0262826 9.99121E-05 9.99121E-05 0.111573 0.10614 0.0857287 9.99121E-05 0.0374903
9.98858E-05 9.98858E-05 0.0554075 0.16184 9.98858E-05 0.215377 9.98858E-05 9.98858E-05 0.105159 0.460918 9.98858E-05 9.98858E-05 9.98858E-05 9.98858E-05 9.98858E-05 9.98858E-05 9.98858E-05 9.98858E-05
9.98686E-05 9.98686E-05 9.98686E-05 9.98686E-05 9.98686E-05 9.98686E-05 9.98686E-05 9.98686E-05 9.98686E-05 0.950521 0.0057294 9.98686E-05 9.98686E-05 9.98686E-05 9.98686E-05 0.0422516 9.98686E-05 9.98686E-05
9.98771E-05 9.98771E-05 9.98771E-05 9.98771E-05 9.98771E-05 9.98771E-05 9.98771E-05 0.0458806 9.98771E-05 0.890837 0.0231736 9.98771E-05 9.98771E-05 9.98771E-05 0.0387106 9.98771E-05 9.98771E-05 9.98771E-05
9.99033E-05 0.0613752 9.99033E-05 9.99033E-05 9.99033E-05 0.00546832 9.99033E-05 9.99033E-05 0.130611 0.6271 9.99033E-05 9.99033E-05 9.99033E-05 0.0667248 0.0336073 9.99033E-05 0.0740143 9.99033E-05
0.0412782 9.99033E-05 9.99033E-05 0.155916 9.99033E-05 9.99033E-05 9.99033E-05 0.0641087 0.0466202 0.604587 0.0608776 9.99033E-05 9.99033E-05 9.99033E-05 0.0255135 9.99033E-05 9.99033E-05 9.99033E-05
9.98858E-05 9.98858E-05 9.98858E-05 9.98858E-05 9.98858E-05 0.0546091 9.98858E-05 9.98858E-05 0.0554131 0.795749 0.0166074 9.98858E-05 9.98858E-05 9.98858E-05 9.98858E-05 9.98858E-05 0.0763234 9.98858E-05
0.109109 0.00698167 9.98946E-05 9.98946E-05 9.98946E-05 0.254765 9.98946E-05 9.98946E-05 9.98946E-05 0.480799 0.0417769 9.98946E-05 9.98946E-05 9.98946E-05 9.98946E-05 0.10537 9.98946E-05 9.98946E-05
9.98598E-05 9.98598E-05 9.98598E-05 9.98598E-05 9.98598E-05 9.98598E-05 9.98598E-05 9.98598E-05 9.98598E-05 0.98884 9.98598E-05 0.00956182 9.98598E-05 9.98598E-05 9.98598E-05 9.98598E-05 9.98598E-05 9.98598E-05
9.98945E-05 9.98945E-05 0.0672618 0.321583 9.98945E-05 0.0290764 9.98945E-05 9.98945E-05 0.104615 0.455818 9.98945E-05 9.98945E-05 9.98945E-05 0.0204472 9.98945E-05 9.98945E-05 9.98945E-05 9.98945E-05
9.98771E-05 9.98771E-05 9.98771E-05 0.0830025 9.98771E-05 0.0529776 9.98771E-05 9.98771E-05 9.98771E-05 0.675587 9.98771E-05 9.98771E-05 9.98771E-05 0.187035 9.98771E-05 9.98771E-05 9.98771E-05 9.98771E-05
9.99122E-05 0.0230856 9.99122E-05 0.00291541 0.00772439 9.99122E-05 0.0533836 9.99122E-05 0.219125 0.579096 9.99122E-05 9.99122E-05 9.99122E-05 9.99122E-05 0.056057 9.99122E-05 0.0576138 9.99122E-05
0.127947 9.98769E-05 9.98769E-05 9.98769E-05 9.98769E-05 0.0211042 9.98769E-05 9.98769E-05 9.98769E-05 0.735073 0.114477 9.98769E-05 9.98769E-05 9.98769E-05 9.98769E-05 9.98769E-05 9.98769E-05 9.98769E-05
9.98861E-05 9.98861E-05 0.00442411 9.98861E-05 9.98861E-05 0.00248509 9.98861E-05 9.98861E-05 9.98861E-05 0.949016 9.98861E-05 9.98861E-05 9.98861E-05 9.98861E-05 0.0133879 9.98861E-05 9.98861E-05 0.0293879
0.00920394 9.98597E-05 9.98597E-05 9.98597E-05 9.98597E-05 9.98597E-05 9.98597E-05 9.98597E-05 9.98597E-05 0.989198 9.98597E-05 9.98597E-05 9.98597E-05 9.98597E-05 9.98597E-05 9.98597E-05 9.98597E-05 9.98597E-05
9.98509E-05 9.98509E-05 9.98509E-05 9.98509E-05 9.98509E-05 9.98509E-05 9.98509E-05 9.98509E-05 9.98509E-05 0.998303 9.98509E-05 9.98509E-05 9.98509E-05 9.98509E-05 9.98509E-05 9.98509E-05 9.98509E-05 9.98509E-05
0.0327094 9.98859E-05 9.98859E-05 9.98859E-05 9.98859E-05 0.0375581 9.98859E-05 9.98859E-05 9.98859E-05 0.806667 9.98859E-05 9.98859E-05 9.98859E-05 9.98859E-05 0.0133953 9.98859E-05 0.108372 9.98859E-05
9.98773E-05 9.98773E-05 9.98773E-05 9.98773E-05 9.98773E-05 0.132621 9.98773E-05 9.98773E-05 9.98773E-05 0.701104 9.98773E-05 0.0737508 9.98773E-05 9.98773E-05 0.091126 9.98773E-05 9.98773E-05 9.98773E-05
9.98685E-05 9.98685E-05 9.98685E-05 9.98685E-05 9.98685E-05 0.137385 9.98685E-05 9.98685E-05 9.98685E-05 9.98685E-05 9.98685E-05 9.98685E-05 9.98685E-05 0.721505 0.139612 9.98685E-05 9.98685E-05 9.98685E-05
9.98772E-05 9.98772E-05 9.98772E-05 9.98772E-05 9.98772E-05 0.0490116 9.98772E-05 9.98772E-05 9.98772E-05 9.98772E-05 9.98772E-05 0.412963 9.98772E-05 0.525484 0.0111428 9.98772E-05 9.98772E-05 9.98772E-05
0.00154673 9.98684E-05 9.98684E-05 9.98684E-05 9.98684E-05 0.0570353 9.98684E-05 9.98684E-05 9.98684E-05 9.98684E-05 9.98684E-05 9.98684E-05 9.98684E-05 0.93992 9.98684E-05 9.98684E-05 9.98684E-05 9.98684E-05
9.9877E-05 9.9877E-05 9.9877E-05 9.9877E-05 9.9877E-05 0.185641 9.9877E-05 9.9877E-05 9.9877E-05 9.9877E-05 0.0170773 9.9877E-05 9.9877E-05 0.777462 9.9877E-05 9.9877E-05 0.018421 9.9877E-05
0.0278062 9.98769E-05 9.98769E-05 9.98769E-05 0.0152969 9.98769E-05 9.98769E-05 9.98769E-05 9.98769E-05 9.98769E-05 9.98769E-05 9.98769E-05 9.98769E-05 0.854117 0.101381 9.98769E-05 9.98769E-05 9.98769E-05
9.98947E-05 9.98947E-05 0.115312 9.98947E-05 9.98947E-05 0.101039 9.98947E-05 0.0623019 9.98947E-05 9.98947E-05 9.98947E-05 0.0040898 9.98947E-05 0.555434 0.160624 9.98947E-05 9.98947E-05 9.98947E-05
9.98859E-05 9.98859E-05 9.98859E-05 9.98859E-05 9.98859E-05 0.0914977 9.98859E-05 9.98859E-05 9.98859E-05 9.98859E-05 0.0176997 9.98859E-05 9.98859E-05 0.715085 0.0835596 9.98859E-05 0.0908598 9.98859E-05
9.98771E-05 9.98771E-05 9.98771E-05 9.98771E-05 9.98771E-05 0.0344326 9.98771E-05 9.98771E-05 9.98771E-05 9.98771E-05 9.98771E-05 9.98771E-05 9.98771E-05 0.784446 0.166866 9.98771E-05 0.0128578 9.98771E-05
9.98857E-05 9.98857E-05 0.268947 0.0163961 9.98857E-05 9.98857E-05 9.98857E-05 9.98857E-05 9.98857E-05 9.98857E-05 0.00234653 9.98857E-05 9.98857E-05 0.429538 0.281474 9.98857E-05 9.98857E-05 9.98857E-05
0.0314655 9.98859E-05 9.98859E-05 9.98859E-05 9.98859E-05 0.256406 9.98859E-05 9.98859E-05 9.98859E-05 9.98859E-05 0.00274703 9.98859E-05 9.98859E-05 0.572505 0.135578 9.98859E-05 9.98859E-05 9.98859E-05
9.9886E-05 9.9886E-05 0.314924 9.9886E-05 9.9886E-05 0.0201758 9.9886E-05 9.9886E-05 9.9886E-05 9.9886E-05 9.9886E-05 0.177365 9.9886E-05 0.458187 0.0280498 9.9886E-05 9.9886E-05 9.9886E-05
9.98772E-05 9.98772E-05 0.122723 9.98772E-05 9.98772E-05 0.0564467 9.98772E-05 9.98772E-05 9.98772E-05 9.98772E-05 9.98772E-05 0.0566859 9.98772E-05 0.762746 9.98772E-05 9.98772E-05 9.98772E-05 9.98772E-05
9.98685E-05 9.98685E-05 9.98685E-05 9.98685E-05 9.98685E-05 9.98685E-05 9.98685E-05 9.98685E-05 9.98685E-05 9.98685E-05 0.00162829 9.98685E-05 9.98685E-05 0.890011 0.106863 9.98685E-05 9.98685E-05 9.98685E-05
9.98773E-05 9.98773E-05 9.98773E-05 9.98773E-05 9.98773E-05 0.212988 9.98773E-05 9.98773E-05 9.98773E-05 9.98773E-05 9.98773E-05 0.00471691 9.98773E-05 0.651578 0.129319 9.98773E-05 9.98773E-05 9.98773E-05
0.069965 9.98947E-05 9.98947E-05 9.98947E-05 9.98947E-05 0.037148 9.98947E-05 9.98947E-05 9.98947E-05 9.98947E-05 9.98947E-05 0.00396958 9.98947E-05 0.756892 0.0255373 9.98947E-05 0.105289 9.98947E-05
9.9886E-05 0.0731164 0.145863 9.9886E-05 9.9886E-05 0.109484 9.9886E-05 0.0038477 9.9886E-05 9.9886E-05 9.9886E-05 9.9886E-05 9.9886E-05 0.66639 9.9886E-05 9.9886E-05 9.9886E-05 9.9886E-05
9.98859E-05 9.98859E-05 0.24375 9.98859E-05 9.98859E-05 0.100922 9.98859E-05 9.98859E-05 9.98859E-05 9.98859E-05 9.98859E-05 0.0230728 9.98859E-05 0.597999 9.98859E-05 9.98859E-05 9.98859E-05 0.0329565
9.9886E-05 0.0360244 9.9886E-05 0.0718298 9.9886E-05 9.9886E-05 0.0123355 9.9886E-05 9.9886E-05 9.9886E-05 9.9886E-05 9.9886E-05 9.9886E-05 0.776004 0.102508 9.9886E-05 9.9886E-05 9.9886E-05
9.98772E-05 9.98772E-05 0.0246954 9.98772E-05 9.98772E-05 9.98772E-05 9.98772E-05 9.98772E-05 9.98772E-05 9.98772E-05 0.0410329 9.98772E-05 9.98772E-05 0.915464 0.0174093 9.98772E-05 9.98772E-05 9.98772E-05
9.9921E-05 9.9921E-05 9.9921E-05 9.9921E-05 9.9921E-05 0.108326 9.9921E-05 0.023349 9.9921E-05 0.0241916 0.0183517 0.207332 9.9921E-05 0.438593 0.105643 0.0189537 9.9921E-05 0.0543605
9.98859E-05 9.98859E-05 0.157893 9.98859E-05 9.98859E-05 0.0920076 0.0173012 9.98859E-05 9.98859E-05 9.98859E-05 9.98859E-05 9.98859E-05 9.98859E-05 0.709577 0.0219231 9.98859E-05 9.98859E-05 9.98859E-05
0.0201672 9.98772E-05 9.98772E-05 9.98772E-05 9.98772E-05 0.0864126 9.98772E-05 9.98772E-05 9.98772E-05 9.98772E-05 9.98772E-05 9.98772E-05 9.98772E-05 0.864996 0.0270262 9.98772E-05 9.98772E-05 9.98772E-05
9.98946E-05 9.98946E-05 0.00153068 9.98946E-05 9.98946E-05 0.180232 9.98946E-05 9.98946E-05 0.0470003 9.98946E-05 9.98946E-05 9.98946E-05 9.98946E-05 0.493627 0.241696 9.98946E-05 9.98946E-05 0.0347153
9.9886E-05 9.9886E-05 9.9886E-05 9.9886E-05 0.017413 0.0759677 9.9886E-05 9.9886E-05 9.9886E-05 9.9886E-05 9.9886E-05 0.079942 9.9886E-05 0.760195 0.0651842 9.9886E-05 9.9886E-05 9.9886E-05
9.98859E-05 9.98859E-05 0.0346789 9.98859E-05 9.98859E-05 0.215851 9.98859E-05 9.98859E-05 9.98859E-05 9.98859E-05 9.98859E-05 9.98859E-05 9.98859E-05 0.44698 0.228596 9.98859E-05 9.98859E-05 0.0725953
9.9886E-05 9.9886E-05 0.0810523 9.9886E-05 9.9886E-05 0.15853 9.9886E-05 9.9886E-05 9.9886E-05 9.9886E-05 9.9886E-05 0.23264 9.9886E-05 0.390249 0.136231 9.9886E-05 9.9886E-05 9.9886E-05
9.98859E-05 9.98859E-05 9.98859E-05 9.98859E-05 0.0915684 0.115078 0.0740215 9.98859E-05 9.98859E-05 9.98859E-05 9.98859E-05 0.582118 9.98859E-05 0.135915 9.98859E-05 9.98859E-05 9.98859E-05 9.98859E-05
9.9877E-05 9.9877E-05 9.9877E-05 9.9877E-05 9.9877E-05 0.0617401 0.110948 9.9877E-05 9.9877E-05 9.9877E-05 9.9877E-05 9.9877E-05 9.9877E-05 0.781096 0.0448176 9.9877E-05 9.9877E-05 9.9877E-05
9.98859E-05 9.98859E-05 0.0761343 9.98859E-05 9.98859E-05 0.21527 9.98859E-05 9.98859E-05 9.98859E-05 9.98859E-05 9.98859E-05 0.00935252 9.98859E-05 0.473285 0.22466 9.98859E-05 9.98859E-05 9.98859E-05
9.98773E-05 9.98773E-05 9.98773E-05 9.98773E-05 9.98773E-05 0.0773729 9.98773E-05 9.98773E-05 9.98773E-05 9.98773E-05 0.00752457 9.98773E-05 9.98773E-05 0.791887 9.98773E-05 9.98773E-05 9.98773E-05 0.121817
9.9886E-05 9.9886E-05 9.9886E-05 9.9886E-05 9.9886E-05 0.20161 9.9886E-05 9.9886E-05 9.9886E-05 9.9886E-05 0.0253082 9.9886E-05 9.9886E-05 0.737067 0.0307316 0.00398538 9.9886E-05 9.9886E-05
9.98596E-05 9.98596E-05 9.98596E-05 9.98596E-05 9.98596E-05 9.98596E-05 9.98596E-05 9.98596E-05 9.98596E-05 9.98596E-05 9.98596E-05 9.98596E-05 9.98596E-05 0.954328 9.98596E-05 0.0440741 9.98596E-05 9.98596E-05
9.98823E-05 9.98823E-05 9.98823E-05 9.98823E-05 9.98823E-05 0.134424 9.98823E-05 9.98823E-05 9.98823E-05 9.98823E-05 9.98823E-05 9.98823E-05 9.98823E-05 0.412734 0.283687 9.98823E-05 9.98823E-05 0.167756
9.9877E-05 9.9877E-05 9.9877E-05 0.0979442 9.9877E-05 0.098036 9.9877E-05 9.9877E-05 0.000970473 9.9877E-05 9.9877E-05 9.9877E-05 9.9877E-05 0.801651 9.9877E-05 9.9877E-05 9.9877E-05 9.9877E-05
9.98596E-05 9.98596E-05 9.98596E-05 9.98596E-05 9.98596E-05 0.0870559 9.98596E-05 9.98596E-05 9.98596E-05 9.98596E-05 9.98596E-05 9.98596E-05 9.98596E-05 0.911346 9.98596E-05 9.98596E-05 9.98596E-05 9.98596E-05
0.00402492 9.98946E-05 0.0250323 9.98946E-05 9.98946E-05 9.98946E-05 9.98946E-05 9.98946E-05 9.98946E-05 9.98946E-05 9.98946E-05 0.0386525 9.98946E-05 0.787144 0.0838892 0.0600582 9.98946E-05 9.98946E-05
0.0534287 9.98769E-05 9.98769E-05 9.98769E-05 9.98769E-05 0.174082 9.98769E-05 9.98769E-05 9.98769E-05 9.98769E-05 9.98769E-05 9.98769E-05 9.98769E-05 0.723242 0.0478489 9.98769E-05 9.98769E-05 9.98769E-05
9.98771E-05 9.98771E-05 9.98771E-05 9.98771E-05 9.98771E-05 9.98771E-05 9.98771E-05 0.0225962 9.98771E-05 9.98771E-05 9.98771E-05 0.481828 9.98771E-05 0.420485 0.0736922 9.98771E-05 9.98771E-05 9.98771E-05
0.00264301 9.99035E-05 9.99035E-05 9.99035E-05 9.99035E-05 0.175991 9.99035E-05 9.99035E-05 9.99035E-05 9.99035E-05 0.0183508 0.139735 9.99035E-05 0.642537 0.0134531 9.99035E-05 0.00619093 9.99035E-05
9.98599E-05 9.98599E-05 9.98599E-05 9.98599E-05 9.98599E-05 9.98599E-05 9.98599E-05 9.98599E-05 9.98599E-05 9.98599E-05 9.98599E-05 0.157024 9.98599E-05 0.841378 9.98599E-05 9.98599E-05 9.98599E-05 9.98599E-05
9.98947E-05 9.98947E-05 0.0364112 9.98947E-05 9.98947E-05 9.98947E-05 9.98947E-05 9.98947E-05 9.98947E-05 9.98947E-05 9.98947E-05 0.411775 9.98947E-05 0.489222 0.0243774 9.98947E-05 0.0103107 0.0267052
9.98771E-05 9.98771E-05 0.0746604 9.98771E-05 9.98771E-05 0.297637 9.98771E-05 9.98771E-05 9.98771E-05 9.98771E-05 9.98771E-05 9.98771E-05 9.98771E-05 0.486193 0.140111 9.98771E-05 9.98771E-05 9.98771E-05
0.00556325 9.98772E-05 9.98772E-05 0.0831335 9.98772E-05 9.98772E-05 9.98772E-05 9.98772E-05 9.98772E-05 9.98772E-05 9.98772E-05 9.98772E-05 9.98772E-05 0.813011 0.0968937 9.98772E-05 9.98772E-05 9.98772E-05
9.98859E-05 9.98859E-05 9.98859E-05 9.98859E-05 9.98859E-05 0.0783817 9.98859E-05 9.98859E-05 9.98859E-05 9.98859E-05 9.98859E-05 0.592638 9.98859E-05 0.137852 0.131682 9.98859E-05 9.98859E-05 0.058147
9.9886E-05 9.9886E-05 9.9886E-05 9.9886E-05 0.0329849 0.137888 9.9886E-05 9.9886E-05 9.9886E-05 9.9886E-05 0.0122805 0.491868 9.9886E-05 0.32368 9.9886E-05 9.9886E-05 9.9886E-05 9.9886E-05
9.98859E-05 9.98859E-05 0.127214 9.98859E-05 9.98859E-05 9.98859E-05 9.98859E-05 9.98859E-05 9.98859E-05 9.98859E-05 9.98859E-05 9.98859E-05 9.98859E-05 0.53631 0.19919 9.98859E-05 0.0587097 0.077278
0.064504 9.98947E-05 9.98947E-05 9.98947E-05 9.98947E-05 0.0726363 9.98947E-05 9.98947E-05 9.98947E-05 0.250534 9.98947E-05 0.00527577 9.98947E-05 0.526556 0.0792954 9.98947E-05 9.98947E-05 9.98947E-05
0.0311313 9.98948E-05 0.15872 0.0175151 0.0911884 9.98948E-05 9.98948E-05 9.98948E-05 9.98948E-05 9.98948E-05 9.98948E-05 9.98948E-05 9.98948E-05 0.552988 0.147259 9.98948E-05 9.98948E-05 9.98948E-05
9.98859E-05 9.98859E-05 9.98859E-05 0.135273 9.98859E-05 0.140628 9.98859E-05 9.98859E-05 9.98859E-05 9.98859E-05 9.98859E-05 9.98859E-05 9.98859E-05 0.450239 0.209713 9.98859E-05 9.98859E-05 0.0628481
9.98772E-05 9.98772E-05 9.98772E-05 9.98772E-05 9.98772E-05 0.00368351 9.98772E-05 9.98772E-05 9.98772E-05 9.98772E-05 9.98772E-05 0.440199 9.98772E-05 0.530492 9.98772E-05 9.98772E-05 9.98772E-05 0.0242276
9.9877E-05 0.0427355 9.9877E-05 9.9877E-05 9.9877E-05 0.152322 9.9877E-05 0.146147 9.9877E-05 9.9877E-05 9.9877E-05 9.9877E-05 9.9877E-05 0.657397 9.9877E-05 9.9877E-05 9.9877E-05 9.9877E-05
9.98771E-05 9.98771E-05 9.98771E-05 9.98771E-05 9.98771E-05 9.98771E-05 9.98771E-05 9.98771E-05 9.98771E-05 9.98771E-05 0.0255006 0.537068 9.98771E-05 0.301356 0.134677 9.98771E-05 9.98771E-05 9.98771E-05
9.98947E-05 9.98947E-05 9.98947E-05 9.98947E-05 9.98947E-05 0.0321065 0.0779773 9.98947E-05 9.98947E-05 9.98947E-05 0.0609386 0.162886 9.98947E-05 0.591515 0.0733774 9.98947E-05 9.98947E-05 9.98947E-05
9.98771E-05 9.98771E-05 0.0194974 9.98771E-05 9.98771E-05 9.98771E-05 9.98771E-05 9.98771E-05 9.98771E-05 9.98771E-05 9.98771E-05 9.98771E-05 9.98771E-05 0.895777 0.046556 0.0367715 9.98771E-05 9.98771E-05
9.9877E-05 9.9877E-05 9.9877E-05 9.9877E-05 9.9877E-05 9.9877E-05 9.9877E-05 0.10099 9.9877E-05 9.9877E-05 0.0188181 9.9877E-05 9.9877E-05 0.871218 9.9877E-05 9.9877E-05 0.00757536 9.9877E-05
9.9877E-05 9.9877E-05 0.189179 9.9877E-05 9.9877E-05 0.14248 9.9877E-05 9.9877E-05 9.9877E-05 9.9877E-05 9.9877E-05 9.9877E-05 9.9877E-05 0.47383 0.193112 9.9877E-05 9.9877E-05 9.9877E-05
9.98682E-05 9.98682E-05 9.98682E-05 9.98682E-05 9.98682E-05 0.0855762 9.98682E-05 9.98682E-05 9.98682E-05 9.98682E-05 9.98682E-05 9.98682E-05 9.98682E-05 0.766823 0.146103 9.98682E-05 9.98682E-05 9.98682E-05
9.98858E-05 9.98858E-05 9.98858E-05 9.98858E-05 9.98858E-05 0.000891632 9.98858E-05 9.98858E-05 9.98858E-05 9.98858E-05 0.0135146 9.98858E-05 9.98858E-05 0.955481 0.0283057 0.000508201 9.98858E-05 9.98858E-05
9.98772E-05 9.98772E-05 9.98772E-05 9.98772E-05 9.98772E-05 0.0558589 9.98772E-05 9.98772E-05 9.98772E-05 9.98772E-05 9.98772E-05 0.0763679 9.98772E-05 0.742991 9.98772E-05 9.98772E-05 9.98772E-05 0.123384
9.9886E-05 9.9886E-05 0.103907 9.9886E-05 9.9886E-05 0.0202567 9.9886E-05 9.9886E-05 9.9886E-05 9.9886E-05 9.9886E-05 0.05343 9.9886E-05 0.69326 0.127847 9.9886E-05 9.9886E-05 9.9886E-05
9.98505E-05 9.98505E-05 9.98505E-05 9.98505E-05 9.98505E-05 0.998303 9.98505E-05 9.98505E-05 9.98505E-05 9.98505E-05 9.98505E-05 9.98505E-05 9.98505E-05 9.98505E-05 9.98505E-05 9.98505E-05 9.98505E-05 9.98505E-05
9.98505E-05 9.98505E-05 9.98505E-05 9.98505E-05 9.98505E-05 9.98505E-05 9.98505E-05 9.98505E-05 9.98505E-05 9.98505E-05 9.98505E-05 9.98505E-05 9.98505E-05 9.98505E-05 0.998303 9.98505E-05 9.98505E-05 9.98505E-05
9.98504E-05 9.98504E-05 9.98504E-05 9.98504E-05 9.98504E-05 0.998303 9.98504E-05 9.98504E-05 9.98504E-05 9.98504E-05 9.98504E-05 9.98504E-05 9.98504E-05 9.98504E-05 9.98504E-05 9.98504E-05 9.98504E-05 9.98504E-05
9.98505E-05 9.98505E-05 9.98505E-05 9.98505E-05 9.98505E-05 9.98505E-05 9.98505E-05 9.98505E-05 9.98505E-05 9.98505E-05 9.98505E-05 9.98505E-05 9.98505E-05 9.98505E-05 0.998303 9.98505E-05 9.98505E-05 9.98505E-05
9.98505E-05 9.98505E-05 9.98505E-05 9.98505E-05 9.98505E-05 9.98505E-05 9.98505E-05 9.98505E-05 9.98505E-05 9.98505E-05 9.98505E-05 9.98505E-05 9.98505E-05 9.98505E-05 0.998303 9.98505E-05 9.98505E-05 9.98505E-05
9.98505E-05 9.98505E-05 9.98505E-05 9.98505E-05 9.98505E-05 9.98505E-05 9.98505E-05 9.98505E-05 9.98505E-05 9.98505E-05 9.98505E-05 9.98505E-05 9.98505E-05 9.98505E-05 0.998303 9.98505E-05 9.98505E-05 9.98505E-05
9.98505E-05 9.98505E-05 9.98505E-05 9.98505E-05 9.98505E-05 0.998303 9.98505E-05 9.98505E-05 9.98505E-05 9.98505E-05 9.98505E-05 9.98505E-05 9.98505E-05 9.98505E-05 9.98505E-05 9.98505E-05 9.98505E-05 9.98505E-05
9.98506E-05 9.98506E-05 9.98506E-05 9.98506E-05 9.98506E-05 9.98506E-05 9.98506E-05 9.98506E-05 9.98506E-05 9.98506E-05 9.98506E-05 9.98506E-05 9.98506E-05 9.98506E-05 0.998303 9.98506E-05 9.98506E-05 9.98506E-05
9.98506E-05 9.98506E-05 9.98506E-05 9.98506E-05 9.98506E-05 9.98506E-05 9.98506E-05 9.98506E-05 9.98506E-05 9.98506E-05 9.98506E-05 9.98506E-05 9.98506E-05 9.98506E-05 0.998303 9.98506E-05 9.98506E-05 9.98506E-05
9.98506E-05 9.98506E-05 9.98506E-05 9.98506E-05 9.98506E-05 0.998303 9.98506E-05 9.98506E-05 9.98506E-05 9.98506E-05 9.98506E-05 9.98506E-05 9.98506E-05 9.98506E-05 9.98506E-05 9.98506E-05 9.98506E-05 9.98506E-05
9.98505E-05 9.98505E-05 9.98505E-05 9.98505E-05 9.98505E-05 0.998303 9.98505E-05 9.98505E-05 9.98505E-05 9.98505E-05 9.98505E-05 9.98505E-05 9.98505E-05 9.98505E-05 9.98505E-05 9.98505E-05 9.98505E-05 9.98505E-05
9.98505E-05 9.98505E-05 9.98505E-05 9.98505E-05 9.98505E-05 0.998303 9.98505E-05 9.98505E-05 9.98505E-05 9.98505E-05 9.98505E-05 9.98505E-05 9.98505E-05 9.98505E-05 9.98505E-05 9.98505E-05 9.98505E-05 9.98505E-05
9.98505E-05 9.98505E-05 9.98505E-05 9.98505E-05 9.98505E-05 9.98505E-05 9.98505E-05 9.98505E-05 9.98505E-05 9.98505E-05 9.98505E-05 9.98505E-05 9.98505E-05 9.98505E-05 0.998303 9.98505E-05 9.98505E-05 9.98505E-05
9.98505E-05 9.98505E-05 9.98505E-05 9.98505E-05 9.98505E-05 9.98505E-05 9.98505E-05 9.98505E-05 9.98505E-05 9.98505E-05 9.98505E-05 9.98505E-05 9.98505E-05 9.98505E-05 0.998303 9.98505E-05 9.98505E-05 9.98505E-05
9.98506E-05 9.98506E-05 9.98506E-05 9.98506E-05 9.98506E-05 0.998303 9.98506E-05 9.98506E-05 9.98506E-05 9.98506E-05 9.98506E-05 9.98506E-05 9.98506E-05 9.98506E-05 9.98506E-05 9.98506E-05 9.98506E-05 9.98506E-05
9.98504E-05 9.98504E-05 9.98504E-05 9.98504E-05 9.98504E-05 0.998303 9.98504E-05 9.98504E-05 9.98504E-05 9.98504E-05 9.98504E-05 9.98504E-05 9.98504E-05 9.98504E-05 9.98504E-05 9.98504E-05 9.98504E-05 9.98504E-05
9.98946E-05 0.0713501 9.98946E-05 9.98946E-05 0.0178177 0.104716 9.98946E-05 9.98946E-05 0.163427 9.98946E-05 9.98946E-05 9.98946E-05 9.98946E-05 0.591656 0.049835 9.98946E-05 9.98946E-05 9.98946E-05
9.98505E-05 9.98505E-05 9.98505E-05 9.98505E-05 9.98505E-05 0.998303 9.98505E-05 9.98505E-05 9.98505E-05 9.98505E-05 9.98505E-05 9.98505E-05 9.98505E-05 9.98505E-05 9.98505E-05 9.98505E-05 9.98505E-05 9.98505E-05
9.98594E-05 9.98594E-05 9.98594E-05 9.98594E-05 9.98594E-05 0.00250431 9.98594E-05 9.98594E-05 9.98594E-05 9.98594E-05 9.98594E-05 9.98594E-05 9.98594E-05 9.98594E-05 0.995898 9.98594E-05 9.98594E-05 9.98594E-05
9.98504E-05 9.98504E-05 9.98504E-05 9.98504E-05 9.98504E-05 0.998303 9.98504E-05 9.98504E-05 9.98504E-05 9.98504E-05 9.98504E-05 9.98504E-05 9.98504E-05 9.98504E-05 9.98504E-05 9.98504E-05 9.98504E-05 9.98504E-05
9.98506E-05 9.98506E-05 9.98506E-05 9.98506E-05 9.98506E-05 0.998303 9.98506E-05 9.98506E-05 9.98506E-05 9.98506E-05 9.98506E-05 9.98506E-05 9.98506E-05 9.98506E-05 9.98506E-05 9.98506E-05 9.98506E-05 9.98506E-05
9.98506E-05 9.98506E-05 9.98506E-05 9.98506E-05 9.98506E-05 0.998303 9.98506E-05 9.98506E-05 9.98506E-05 9.98506E-05 9.98506E-05 9.98506E-05 9.98506E-05 9.98506E-05 9.98506E-05 9.98506E-05 9.98506E-05 9.98506E-05
9.98506E-05 9.98506E-05 9.98506E-05 9.98506E-05 9.98506E-05 9.98506E-05 9.98506E-05 9.98506E-05 9.98506E-05 9.98506E-05 9.98506E-05 9.98506E-05 9.98506E-05 9.98506E-05 0.998303 9.98506E-05 9.98506E-05 9.98506E-05
9.98506E-05 9.98506E-05 9.98506E-05 9.98506E-05 9.98506E-05 0.998303 9.98506E-05 9.98506E-05 9.98506E-05 9.98506E-05 9.98506E-05 9.98506E-05 9.98506E-05 9.98506E-05 9.98506E-05 9.98506E-05 9.98506E-05 9.98506E-05
9.98505E-05 9.98505E-05 9.98505E-05 9.98505E-05 9.98505E-05 9.98505E-05 9.98505E-05 9.98505E-05 9.98505E-05 9.98505E-05 9.98505E-05 9.98505E-05 9.98505E-05 9.98505E-05 0.998303 9.98505E-05 9.98505E-05 9.98505E-05
9.98505E-05 9.98505E-05 9.98505E-05 9.98505E-05 9.98505E-05 0.998303 9.98505E-05 9.98505E-05 9.98505E-05 9.98505E-05 9.98505E-05 9.98505E-05 9.98505E-05 9.98505E-05 9.98505E-05 9.98505E-05 9.98505E-05 9.98505E-05
9.98505E-05 9.98505E-05 9.98505E-05 9.98505E-05 9.98505E-05 0.998303 9.98505E-05 9.98505E-05 9.98505E-05 9.98505E-05 9.98505E-05 9.98505E-05 9.98505E-05 9.98505E-05 9.98505E-05 9.98505E-05 9.98505E-05 9.98505E-05
9.98506E-05 9.98506E-05 9.98506E-05 9.98506E-05 9.98506E-05 9.98506E-05 9.98506E-05 9.98506E-05 9.98506E-05 9.98506E-05 9.98506E-05 9.98506E-05 9.98506E-05 9.98506E-05 0.998303 9.98506E-05 9.98506E-05 9.98506E-05
9.98505E-05 9.98505E-05 9.98505E-05 9.98505E-05 9.98505E-05 9.98505E-05 9.98505E-05 9.98505E-05 9.98505E-05 9.98505E-05 9.98505E-05 9.98505E-05 9.98505E-05 9.98505E-05 0.998303 9.98505E-05 9.98505E-05 9.98505E-05
9.98506E-05 9.98506E-05 9.98506E-05 9.98506E-05 9.98506E-05 9.98506E-05 9.98506E-05 9.98506E-05 9.98506E-05 9.98506E-05 9.98506E-05 9.98506E-05 9.98506E-05 9.98506E-05 0.998303 9.98506E-05 9.98506E-05 9.98506E-05
9.98506E-05 9.98506E-05 9.98506E-05 9.98506E-05 9.98506E-05 0.998303 9.98506E-05 9.98506E-05 9.98506E-05 9.98506E-05 9.98506E-05 9.98506E-05 9.98506E-05 9.98506E-05 9.98506E-05 9.98506E-05 9.98506E-05 9.98506E-05
9.98505E-05 9.98505E-05 9.98505E-05 9.98505E-05 9.98505E-05 0.998303 9.98505E-05 9.98505E-05 9.98505E-05 9.98505E-05 9.98505E-05 9.98505E-05 9.98505E-05 9.98505E-05 9.98505E-05 9.98505E-05 9.98505E-05 9.98505E-05
9.98505E-05 9.98505E-05 9.98505E-05 9.98505E-05 9.98505E-05 0.998303 9.98505E-05 9.98505E-05 9.98505E-05 9.98505E-05 9.98505E-05 9.98505E-05 9.98505E-05 9.98505E-05 9.98505E-05 9.98505E-05 9.98505E-05 9.98505E-05
9.98505E-05 9.98505E-05 9.98505E-05 9.98505E-05 9.98505E-05 0.998303 9.98505E-05 9.98505E-05 9.98505E-05 9.98505E-05 9.98505E-05 9.98505E-05 9.98505E-05 9.98505E-05 9.98505E-05 9.98505E-05 9.98505E-05 9.98505E-05
9.98507E-05 9.98507E-05 9.98507E-05 9.98507E-05 9.98507E-05 0.998303 9.98507E-05 9.98507E-05 9.98507E-05 9.98507E-05 9.98507E-05 9.98507E-05 9.98507E-05 9.98507E-05 9.98507E-05 9.98507E-05 9.98507E-05 9.98507E-05
9.98505E-05 9.98505E-05 9.98505E-05 9.98505E-05 9.98505E-05 9.98505E-05 9.98505E-05 9.98505E-05 9.98505E-05 9.98505E-05 9.98505E-05 9.98505E-05 9.98505E-05 9.98505E-05 0.998303 9.98505E-05 9.98505E-05 9.98505E-05
9.98505E-05 9.98505E-05 9.98505E-05 9.98505E-05 9.98505E-05 9.98505E-05 9.98505E-05 9.98505E-05 9.98505E-05 9.98505E-05 9.98505E-05 9.98505E-05 9.98505E-05 9.98505E-05 0.998303 9.98505E-05 9.98505E-05 9.98505E-05
9.98505E-05 9.98505E-05 9.98505E-05 9.98505E-05 9.98505E-05 9.98505E-05 9.98505E-05 9.98505E-05 9.98505E-05 9.98505E-05 9.98505E-05 9.98505E-05 9.98505E-05 9.98505E-05 0.998303 9.98505E-05 9.98505E-05 9.98505E-05
9.98505E-05 9.98505E-05 9.98505E-05 9.98505E-05 9.98505E-05 0.998303 9.98505E-05 9.98505E-05 9.98505E-05 9.98505E-05 9.98505E-05 9.98505E-05 9.98505E-05 9.98505E-05 9.98505E-05 9.98505E-05 9.98505E-05 9.98505E-05
9.98505E-05 9.98505E-05 9.98505E-05 9.98505E-05 9.98505E-05 9.98505E-05 9.98505E-05 9.98505E-05 9.98505E-05 9.98505E-05 9.98505E-05 9.98505E-05 9.98505E-05 9.98505E-05 0.998303 9.98505E-05 9.98505E-05 9.98505E-05
9.98505E-05 9.98505E-05 9.98505E-05 9.98505E-05 9.98505E-05 9.98505E-05 9.98505E-05 9.98505E-05 9.98505E-05 9.98505E-05 9.98505E-05 9.98505E-05 9.98505E-05 9.98505E-05 0.998303 9.98505E-05 9.98505E-05 9.98505E-05
9.98506E-05 9.98506E-05 9.98506E-05 9.98506E-05 9.98506E-05 9.98506E-05 9.98506E-05 9.98506E-05 9.98506E-05 9.98506E-05 9.98506E-05 9.98506E-05 9.98506E-05 9.98506E-05 0.998303 9.98506E-05 9.98506E-05 9.98506E-05
9.98505E-05 9.98505E-05 9.98505E-05 9.98505E-05 9.98505E-05 9.98505E-05 9.98505E-05 9.98505E-05 9.98505E-05 9.98505E-05 9.98505E-05 9.98505E-05 9.98505E-05 9.98505E-05 0.998303 9.98505E-05 9.98505E-05 9.98505E-05
9.98505E-05 9.98505E-05 9.98505E-05 9.98505E-05 9.98505E-05 0.998303 9.98505E-05 9.98505E-05 9.98505E-05 9.98505E-05 9.98505E-05 9.98505E-05 9.98505E-05 9.98505E-05 9.98505E-05 9.98505E-05 9.98505E-05 9.98505E-05
9.98506E-05 9.98506E-05 9.98506E-05 9.98506E-05 9.98506E-05 9.98506E-05 9.98506E-05 9.98506E-05 9.98506E-05 9.98506E-05 9.98506E-05 9.98506E-05 9.98506E-05 9.98506E-05 0.998303 9.98506E-05 9.98506E-05 9.98506E-05
9.98505E-05 9.98505E-05 9.98505E-05 9.98505E-05 9.98505E-05 9.98505E-05 9.98505E-05 9.98505E-05 9.98505E-05 9.98505E-05 9.98505E-05 9.98505E-05 9.98505E-05 9.98505E-05 0.998303 9.98505E-05 9.98505E-05 9.98505E-05
9.98945E-05 0.0702365 9.98945E-05 9.98945E-05 0.0224578 0.118941 9.98945E-05 9.98945E-05 0.171137 9.98945E-05 9.98945E-05 9.98945E-05 9.98945E-05 0.612256 0.00377361 9.98945E-05 9.98945E-05 9.98945E-05
