9.99297E-05 9.99297E-05 9.99297E-05 0.0678951 9.99297E-05 9.99297E-05 0.0799145 0.0929894 9.99297E-05 9.99297E-05 0.0339479 0.0350983 9.99297E-05 0.0720651 0.332807 0.284483
0.00674794 9.99122E-05 9.99122E-05 9.99122E-05 9.99122E-05 9.99122E-05 9.99122E-05 9.99122E-05 9.99122E-05 9.99122E-05 0.00373061 0.00568956 9.99122E-05 0.154931 0.79899 0.0289112
9.98946E-05 9.98946E-05 9.98946E-05 9.98946E-05 9.98946E-05 9.98946E-05 0.0460739 0.0145424 0.047525 9.98946E-05 9.98946E-05 9.98946E-05 9.98946E-05 9.98946E-05 0.89066 9.98946E-05
0.0836174 9.99298E-05 9.99298E-05 0.327326 0.02831 0.076046 0.103645 9.99298E-05 9.99298E-05 9.99298E-05 0.00190274 0.0970479 9.99298E-05 9.99298E-05 0.281305 9.99298E-05
0.0276058 9.99035E-05 9.99035E-05 9.99035E-05 9.99035E-05 0.0402345 9.99035E-05 9.99035E-05 0.0501223 9.99035E-05 9.99035E-05 9.99035E-05 9.99035E-05 0.0513514 0.829587 9.99035E-05
9.99298E-05 9.99298E-05 9.99298E-05 9.99298E-05 0.0330347 0.173295 0.00887253 9.99298E-05 0.143399 9.99298E-05 9.99298E-05 9.99298E-05 0.148855 0.109589 0.245303 0.136852
0.0365882 9.99298E-05 0.115476 0.15764 9.99298E-05 9.99298E-05 9.99298E-05 0.0404126 9.99298E-05 9.99298E-05 9.99298E-05 0.126153 9.99298E-05 0.10451 0.2324 0.186021
0.113135 0.0913746 9.99474E-05 0.0345424 9.99474E-05 0.203548 9.99474E-05 9.99474E-05 9.99474E-05 0.0555805 9.99474E-05 0.00411525 0.0193374 0.00255347 0.156096 0.319119
0.0169285 9.99122E-05 9.99122E-05 9.99122E-05 9.99122E-05 0.25237 0.264601 0.16794 0.0191327 9.99122E-05 9.99122E-05 9.99122E-05 9.99122E-05 9.99122E-05 0.278028 9.99122E-05
9.98771E-05 9.98771E-05 9.98771E-05 9.98771E-05 9.98771E-05 9.98771E-05 0.088521 9.98771E-05 9.98771E-05 9.98771E-05 9.98771E-05 9.98771E-05 9.98771E-05 9.98771E-05 0.910081 9.98771E-05
9.99034E-05 9.99034E-05 9.99034E-05 9.99034E-05 9.99034E-05 0.0358096 0.149083 9.99034E-05 9.99034E-05 9.99034E-05 9.99034E-05 0.154785 9.99034E-05 9.99034E-05 0.550544 0.10868
0.00154973 0.0463956 0.0115522 9.99298E-05 9.99298E-05 0.0217702 0.0458956 9.99298E-05 9.99298E-05 0.00248846 9.99298E-05 9.99298E-05 0.042413 9.99298E-05 0.827136 9.99298E-05
0.0070927 9.99034E-05 9.99034E-05 9.99034E-05 9.99034E-05 9.99034E-05 0.0424155 9.99034E-05 9.99034E-05 9.99034E-05 9.99034E-05 0.00286806 9.99034E-05 9.99034E-05 0.886234 0.0602913
9.9921E-05 0.0120087 0.00963393 9.9921E-05 0.114039 9.9921E-05 0.0518291 9.9921E-05 0.11378 9.9921E-05 9.9921E-05 9.9921E-05 9.9921E-05 0.0396627 0.658147 9.9921E-05
9.9921E-05 9.9921E-05 9.9921E-05 9.9921E-05 0.0790506 0.191671 0.149543 9.9921E-05 9.9921E-05 9.9921E-05 9.9921E-05 9.9921E-05 0.0990264 0.0123442 0.356117 0.111349
9.99209E-05 0.141458 9.99209E-05 0.088363 9.99209E-05 0.258784 0.0926651 9.99209E-05 9.99209E-05 9.99209E-05 9.99209E-05 9.99209E-05 0.0419671 9.99209E-05 0.272527 0.103336
0.0942928 0.0294191 9.99298E-05 0.0271423 9.99298E-05 0.0215687 0.0713127 9.99298E-05 9.99298E-05 9.99298E-05 9.99298E-05 0.0645157 9.99298E-05 0.0386215 0.652328 9.99298E-05
0.0249587 9.9921E-05 9.9921E-05 9.9921E-05 9.9921E-05 0.0436647 0.153731 9.9921E-05 9.9921E-05 0.169899 0.100648 9.9921E-05 9.9921E-05 9.9921E-05 0.164038 0.342161
9.99001E-05 9.99001E-05 9.99001E-05 9.99001E-05 9.99001E-05 0.127851 0.208323 9.99001E-05 9.99001E-05 9.99001E-05 9.99001E-05 0.0111026 0.228877 9.99001E-05 0.379205 0.0436426
9.98859E-05 9.98859E-05 9.98859E-05 9.98859E-05 9.98859E-05 0.000242575 9.98859E-05 9.98859E-05 9.98859E-05 9.98859E-05 0.0558642 9.98859E-05 9.98859E-05 9.98859E-05 0.942595 9.98859E-05
0.168223 0.148232 9.9921E-05 9.9921E-05 9.9921E-05 0.0851434 0.0276228 9.9921E-05 9.9921E-05 9.9921E-05 0.0303794 0.0499112 9.9921E-05 9.9921E-05 0.489589 9.9921E-05
0.0118373 9.99122E-05 9.99122E-05 9.99122E-05 9.99122E-05 0.184724 9.99122E-05 9.99122E-05 0.0865524 9.99122E-05 9.99122E-05 9.99122E-05 0.211906 9.99122E-05 0.269954 0.234027
9.99035E-05 9.99035E-05 9.99035E-05 9.99035E-05 9.99035E-05 9.99035E-05 0.126455 9.99035E-05 9.99035E-05 9.99035E-05 9.99035E-05 0.0622405 9.99035E-05 0.0404051 0.684503 0.0852975
9.99035E-05 0.0858956 9.99035E-05 9.99035E-05 9.99035E-05 9.99035E-05 0.236086 0.133117 9.99035E-05 9.99035E-05 9.99035E-05 9.99035E-05 9.99035E-05 9.99035E-05 0.378106 0.165697
9.99298E-05 9.99298E-05 9.99298E-05 0.0177397 0.00938298 0.0942938 0.300158 9.99298E-05 9.99298E-05 9.99298E-05 0.142159 0.00881065 0.0420777 9.99298E-05 0.384579 9.99298E-05
9.98947E-05 9.98947E-05 9.98947E-05 0.0870751 9.98947E-05 0.0807414 0.10678 9.98947E-05 9.98947E-05 9.98947E-05 9.98947E-05 9.98947E-05 9.98947E-05 9.98947E-05 0.724205 9.98947E-05
9.99472E-05 0.143827 9.99472E-05 0.0634695 0.188619 0.0438404 0.111022 9.99472E-05 9.99472E-05 0.0677034 0.013726 0.0106164 9.99472E-05 0.00568763 9.99472E-05 0.350888
9.98948E-05 9.98948E-05 9.98948E-05 0.0808962 9.98948E-05 9.98948E-05 0.116085 9.98948E-05 9.98948E-05 9.98948E-05 9.98948E-05 9.98948E-05 0.0248118 9.98948E-05 0.777008 9.98948E-05
9.99211E-05 9.99211E-05 9.99211E-05 9.99211E-05 9.99211E-05 0.0162451 0.118182 0.0448281 9.99211E-05 9.99211E-05 0.00583754 0.0565136 9.99211E-05 9.99211E-05 0.620464 0.137031
9.99298E-05 9.99298E-05 9.99298E-05 9.99298E-05 0.0314815 0.0179882 0.0724645 0.018711 9.99298E-05 0.00595702 9.99298E-05 0.0615674 9.99298E-05 0.00448003 0.786551 9.99298E-05
9.99122E-05 9.99122E-05 9.99122E-05 9.99122E-05 9.99122E-05 0.0198603 0.03908 9.99122E-05 9.99122E-05 9.99122E-05 9.99122E-05 0.0678735 0.084181 9.99122E-05 0.66994 0.118066
0.0425517 9.99298E-05 9.99298E-05 9.99298E-05 0.152225 0.0139604 0.0984333 9.99298E-05 9.99298E-05 9.99298E-05 9.99298E-05 0.0716774 0.0893084 9.99298E-05 0.466278 0.0647665
9.99122E-05 0.0634488 9.99122E-05 9.99122E-05 9.99122E-05 0.00878386 0.203656 9.99122E-05 9.99122E-05 9.99122E-05 9.99122E-05 0.113281 9.99122E-05 9.99122E-05 0.513813 0.096018
9.99385E-05 0.00428811 9.99385E-05 0.0173376 0.194797 9.99385E-05 0.171391 0.022171 9.99385E-05 0.0411695 9.99385E-05 0.0418786 0.0450873 9.99385E-05 0.46118 9.99385E-05
9.99035E-05 9.99035E-05 9.99035E-05 9.99035E-05 9.99035E-05 9.99035E-05 9.99035E-05 9.99035E-05 9.99035E-05 9.99035E-05 0.0483757 0.0291016 0.00510626 0.114036 0.802282 9.99035E-05
9.99035E-05 9.99035E-05 9.99035E-05 0.201085 9.99035E-05 9.99035E-05 0.0524366 9.99035E-05 9.99035E-05 9.99035E-05 9.99035E-05 9.99035E-05 9.99035E-05 0.0028604 0.661501 0.0810181
9.99036E-05 9.99036E-05 0.00313187 9.99036E-05 9.99036E-05 9.99036E-05 9.99036E-05 9.99036E-05 9.99036E-05 9.99036E-05 9.99036E-05 0.0502073 0.0687078 0.00623011 0.870624 9.99036E-05
9.99036E-05 9.99036E-05 9.99036E-05 9.99036E-05 9.99036E-05 0.131159 0.0398831 9.99036E-05 9.99036E-05 9.99036E-05 0.0159853 9.99036E-05 9.99036E-05 0.0914379 0.720435 9.99036E-05
9.9921E-05 9.9921E-05 9.9921E-05 9.9921E-05 0.0247832 0.0581792 0.1303 9.9921E-05 0.112807 9.9921E-05 9.9921E-05 0.013916 9.9921E-05 0.0475286 0.611586 9.9921E-05
0.00916676 0.0854217 0.00180609 9.99297E-05 0.0620531 9.99297E-05 0.155571 9.99297E-05 9.99297E-05 9.99297E-05 9.99297E-05 0.0112051 0.0767573 9.99297E-05 0.59722 9.99297E-05
9.99122E-05 9.99122E-05 9.99122E-05 0.144086 9.99122E-05 0.034031 0.0279618 9.99122E-05 9.99122E-05 9.99122E-05 9.99122E-05 0.0310152 0.0398172 9.99122E-05 0.72209 9.99122E-05
9.99035E-05 9.99035E-05 9.99035E-05 9.99035E-05 9.99035E-05 0.0228577 0.114406 0.0420731 9.99035E-05 9.99035E-05 9.99035E-05 9.99035E-05 9.99035E-05 9.99035E-05 0.570567 0.248997
9.98947E-05 9.98947E-05 9.98947E-05 9.98947E-05 0.0430067 9.98947E-05 9.98947E-05 9.98947E-05 9.98947E-05 9.98947E-05 9.98947E-05 9.98947E-05 0.00115879 0.0579291 0.896707 9.98947E-05
9.99122E-05 9.99122E-05 9.99122E-05 9.99122E-05 9.99122E-05 0.138829 0.15044 0.0929618 9.99122E-05 9.99122E-05 9.99122E-05 0.0439104 9.99122E-05 9.99122E-05 0.370676 0.202184
9.99122E-05 9.99122E-05 9.99122E-05 0.123443 9.99122E-05 9.99122E-05 0.241769 9.99122E-05 0.155534 9.99122E-05 9.99122E-05 9.99122E-05 0.0319778 9.99122E-05 0.332611 0.113666
0.0734502 9.98946E-05 9.98946E-05 9.98946E-05 9.98946E-05 9.98946E-05 0.0567771 9.98946E-05 9.98946E-05 9.98946E-05 0.0542355 9.98946E-05 9.98946E-05 9.98946E-05 0.814338 9.98946E-05
9.99122E-05 9.99122E-05 9.99122E-05 0.0516714 9.99122E-05 0.0123441 0.0532104 9.99122E-05 9.99122E-05 0.0108543 9.99122E-05 0.00195091 9.99122E-05 9.99122E-05 0.86897 9.99122E-05
9.98947E-05 9.98947E-05 0.017851 9.98947E-05 9.98947E-05 9.98947E-05 9.98947E-05 9.98947E-05 0.0424102 9.98947E-05 0.00676991 9.98947E-05 9.98947E-05 9.98947E-05 0.93177 9.98947E-05
0.0417551 0.0460017 9.99209E-05 0.0212375 9.99209E-05 9.99209E-05 0.125694 9.99209E-05 9.99209E-05 9.99209E-05 9.99209E-05 0.00660797 9.99209E-05 9.99209E-05 0.653549 0.104255
9.98949E-05 9.98949E-05 0.137519 9.98949E-05 9.98949E-05 9.98949E-05 9.98949E-05 9.98949E-05 0.0522317 9.98949E-05 9.98949E-05 9.98949E-05 0.0886324 9.98949E-05 0.720418 9.98949E-05
0.111154 0.0194903 9.99385E-05 0.0409378 9.99385E-05 0.0603247 0.22239 0.0315591 9.99385E-05 9.99385E-05 9.99385E-05 0.125709 9.99385E-05 9.99385E-05 0.36668 0.0210553
9.99123E-05 0.0647751 9.99123E-05 0.147106 9.99123E-05 9.99123E-05 9.99123E-05 0.0870596 0.0176676 9.99123E-05 0.00255562 9.99123E-05 9.99123E-05 9.99123E-05 0.679836 9.99123E-05
9.98947E-05 9.98947E-05 9.98947E-05 9.98947E-05 9.98947E-05 9.98947E-05 0.00286158 9.98947E-05 9.98947E-05 0.0582491 9.98947E-05 9.98947E-05 9.98947E-05 0.0192574 0.918433 9.98947E-05
9.99211E-05 0.165897 0.0265256 9.99211E-05 9.99211E-05 0.000376661 0.0524711 9.99211E-05 0.0612861 0.00579907 9.99211E-05 9.99211E-05 9.99211E-05 9.99211E-05 0.686745 9.99211E-05
9.98949E-05 9.98949E-05 9.98949E-05 9.98949E-05 9.98949E-05 9.98949E-05 0.0554559 9.98949E-05 0.0565661 9.98949E-05 9.98949E-05 9.98949E-05 0.137714 9.98949E-05 0.749065 9.98949E-05
9.99298E-05 0.00996744 9.99298E-05 9.99298E-05 0.105574 9.99298E-05 9.99298E-05 9.99298E-05 0.032067 9.99298E-05 0.0667064 0.0157125 0.0135066 9.99298E-05 0.735735 0.0199319
9.99034E-05 9.99034E-05 9.99034E-05 9.99034E-05 9.99034E-05 9.99034E-05 0.0346864 9.99034E-05 9.99034E-05 0.0894036 9.99034E-05 9.99034E-05 0.0626318 0.0420172 0.770162 9.99034E-05
9.98947E-05 9.98947E-05 9.98947E-05 0.0863249 9.98947E-05 9.98947E-05 0.0824247 9.98947E-05 9.98947E-05 9.98947E-05 9.98947E-05 0.0169457 9.98947E-05 9.98947E-05 0.813106 9.98947E-05
9.99035E-05 9.99035E-05 0.120701 9.99035E-05 9.99035E-05 0.00305153 0.024729 9.99035E-05 9.99035E-05 9.99035E-05 9.99035E-05 0.00496344 9.99035E-05 9.99035E-05 0.845456 9.99035E-05
9.99122E-05 9.99122E-05 9.99122E-05 9.99122E-05 9.99122E-05 0.0585996 0.234938 9.99122E-05 9.99122E-05 0.0646436 9.99122E-05 0.0154071 9.99122E-05 0.0691618 9.99122E-05 0.556251
9.99036E-05 0.00725205 9.99036E-05 9.99036E-05 9.99036E-05 9.99036E-05 9.99036E-05 0.0725358 9.99036E-05 9.99036E-05 9.99036E-05 9.99036E-05 9.99036E-05 0.0861257 0.0349307 0.798057
9.99123E-05 9.99123E-05 0.0138176 9.99123E-05 9.99123E-05 9.99123E-05 9.99123E-05 9.99123E-05 9.99123E-05 0.100872 9.99123E-05 9.99123E-05 0.0361524 0.132318 0.10641 0.609431
9.99298E-05 9.99298E-05 0.116652 9.99298E-05 0.105093 0.133739 0.130749 9.99298E-05 9.99298E-05 0.0405229 9.99298E-05 0.0170828 9.99298E-05 0.374379 9.99298E-05 0.080983
9.99209E-05 9.99209E-05 9.99209E-05 9.99209E-05 9.99209E-05 0.0506181 0.169763 9.99209E-05 0.0677214 0.0265325 0.090623 9.99209E-05 0.0288146 9.99209E-05 9.99209E-05 0.565028
9.9912E-05 9.9912E-05 9.9912E-05 9.9912E-05 9.9912E-05 0.0529586 0.273786 0.0189287 9.9912E-05 0.00938436 9.9912E-05 9.9912E-05 9.9912E-05 0.0152956 9.9912E-05 0.628647
9.99034E-05 9.99034E-05 9.99034E-05 0.0802073 9.99034E-05 9.99034E-05 0.206453 9.99034E-05 9.99034E-05 9.99034E-05 9.99034E-05 0.0448133 9.99034E-05 0.416028 9.99034E-05 0.2514
9.9921E-05 9.9921E-05 0.0737125 9.9921E-05 9.9921E-05 0.0651319 0.213212 9.9921E-05 9.9921E-05 0.123107 9.9921E-05 9.9921E-05 0.0125054 0.221544 9.9921E-05 0.289887
9.99035E-05 9.99035E-05 9.99035E-05 9.99035E-05 9.99035E-05 9.99035E-05 0.0233182 0.0149501 9.99035E-05 0.0538721 9.99035E-05 9.99035E-05 9.99035E-05 0.18831 9.99035E-05 0.718451
9.99123E-05 9.99123E-05 9.99123E-05 9.99123E-05 9.99123E-05 9.99123E-05 0.0965069 9.99123E-05 9.99123E-05 9.99123E-05 0.0080999 0.107955 9.99123E-05 0.0804275 0.113625 0.592386
9.99033E-05 9.99033E-05 9.99033E-05 9.99033E-05 9.99033E-05 0.0830565 0.374858 9.99033E-05 9.99033E-05 0.0202508 9.99033E-05 0.170505 9.99033E-05 9.99033E-05 9.99033E-05 0.350231
9.99297E-05 0.0667841 0.0523204 9.99297E-05 9.99297E-05 9.99297E-05 0.164927 9.99297E-05 0.00487721 9.99297E-05 9.99297E-05 0.0964229 0.0888361 0.12221 9.99297E-05 0.402823
0.184714 0.0446547 9.99121E-05 9.99121E-05 9.99121E-05 0.160405 0.0587685 9.99121E-05 9.99121E-05 9.99121E-05 9.99121E-05 0.102901 9.99121E-05 9.99121E-05 9.99121E-05 0.447558
9.99033E-05 9.99033E-05 0.0339535 9.99033E-05 9.99033E-05 9.99033E-05 0.228485 9.99033E-05 9.99033E-05 9.99033E-05 9.99033E-05 9.99033E-05 0.0788694 0.108416 9.99033E-05 0.549177
9.99125E-05 9.99125E-05 0.080079 9.99125E-05 0.105613 9.99125E-05 9.99125E-05 0.0313881 9.99125E-05 9.99125E-05 9.99125E-05 0.0442924 9.99125E-05 0.0976984 9.99125E-05 0.63993
9.99124E-05 9.99124E-05 9.99124E-05 9.99124E-05 9.99124E-05 0.0683166 0.137555 9.99124E-05 9.99124E-05 9.99124E-05 9.99124E-05 0.0489825 9.99124E-05 0.0324779 0.0131672 0.698502
0.0549866 9.99209E-05 0.057378 9.99209E-05 9.99209E-05 9.99209E-05 0.15223 9.99209E-05 9.99209E-05 0.05401 9.99209E-05 9.99209E-05 0.0912924 0.012477 9.99209E-05 0.576726
9.99121E-05 9.99121E-05 9.99121E-05 0.0381891 9.99121E-05 0.123732 9.99121E-05 9.99121E-05 9.99121E-05 0.122023 9.99121E-05 0.0530113 0.0235547 9.99121E-05 9.99121E-05 0.63849
9.99211E-05 9.99211E-05 9.99211E-05 0.0112082 9.99211E-05 9.99211E-05 0.132393 9.99211E-05 9.99211E-05 0.0993916 9.99211E-05 0.00592297 0.0782599 0.0867636 9.99211E-05 0.585161
9.99121E-05 0.0815008 9.99121E-05 9.99121E-05 9.99121E-05 9.99121E-05 0.36276 9.99121E-05 9.99121E-05 0.0266983 9.99121E-05 0.0238463 9.99121E-05 0.0447534 9.99121E-05 0.459442
9.99125E-05 9.99125E-05 0.0241512 9.99125E-05 0.0560518 9.99125E-05 0.089513 9.99125E-05 9.99125E-05 9.99125E-05 9.99125E-05 9.99125E-05 9.99125E-05 0.115015 0.0379983 0.676272
9.99033E-05 9.99033E-05 9.99033E-05 9.99033E-05 9.99033E-05 9.99033E-05 0.163406 9.99033E-05 9.99033E-05 0.0538521 9.99033E-05 9.99033E-05 0.0637518 0.0815204 9.99033E-05 0.636371
9.99123E-05 9.99123E-05 9.99123E-05 9.99123E-05 0.159572 9.99123E-05 0.068245 9.99123E-05 9.99123E-05 0.0494483 9.99123E-05 9.99123E-05 9.99123E-05 0.105893 0.0117828 0.60406
9.99386E-05 9.99386E-05 0.0688751 0.00577243 9.99386E-05 0.0558249 0.152682 0.00510153 9.99386E-05 0.074548 9.99386E-05 0.0523362 0.0855494 9.99386E-05 9.99386E-05 0.498611
9.98946E-05 9.98946E-05 9.98946E-05 9.98946E-05 9.98946E-05 0.0407144 0.0724785 9.98946E-05 9.98946E-05 9.98946E-05 9.98946E-05 0.172413 9.98946E-05 9.98946E-05 9.98946E-05 0.713196
9.99123E-05 9.99123E-05 9.99123E-05 9.99123E-05 9.99123E-05 0.0354074 0.111283 9.99123E-05 9.99123E-05 9.99123E-05 0.00297529 9.99123E-05 9.99123E-05 0.131155 0.172838 0.545343
9.98948E-05 9.98948E-05 9.98948E-05 9.98948E-05 0.0105415 9.98948E-05 9.98948E-05 0.0174291 9.98948E-05 9.98948E-05 9.98948E-05 9.98948E-05 9.98948E-05 9.98948E-05 0.101267 0.869564
9.99036E-05 9.99036E-05 0.00791371 9.99036E-05 9.99036E-05 9.99036E-05 0.157675 9.99036E-05 9.99036E-05 9.99036E-05 0.0134958 9.99036E-05 9.99036E-05 0.152029 9.99036E-05 0.667788
9.98948E-05 9.98948E-05 9.98948E-05 9.98948E-05 9.98948E-05 0.0321828 0.13078 9.98948E-05 9.98948E-05 0.184581 9.98948E-05 9.98948E-05 9.98948E-05 9.98948E-05 9.98948E-05 0.651257
9.99212E-05 0.000616823 9.99212E-05 9.99212E-05 0.0923573 0.11046 0.164853 9.99212E-05 9.99212E-05 9.99212E-05 9.99212E-05 9.99212E-05 9.99212E-05 0.115391 0.127614 0.387808
0.0785858 9.98946E-05 9.98946E-05 9.98946E-05 0.604815 0.145787 0.169613 9.98946E-05 9.98946E-05 9.98946E-05 9.98946E-05 9.98946E-05 9.98946E-05 9.98946E-05 9.98946E-05 9.98946E-05
9.98948E-05 9.98948E-05 9.98948E-05 9.98948E-05 0.866266 0.0382075 0.000419547 9.98948E-05 9.98948E-05 9.98948E-05 9.98948E-05 9.98948E-05 9.98948E-05 9.98948E-05 0.0939078 9.98948E-05
9.99121E-05 9.99121E-05 9.99121E-05 9.99121E-05 0.614816 0.00365271 0.18957 9.99121E-05 0.11668 0.0269235 9.99121E-05 0.0473588 9.99121E-05 9.99121E-05 9.99121E-05 9.99121E-05
9.9912E-05 9.9912E-05 9.9912E-05 9.9912E-05 0.444008 0.183194 0.232266 9.9912E-05 0.028226 0.0472343 9.9912E-05 0.0640733 9.9912E-05 9.9912E-05 9.9912E-05 9.9912E-05
9.99209E-05 9.99209E-05 9.99209E-05 9.99209E-05 0.424505 0.199084 0.112683 0.0438112 0.0747297 0.0516226 0.0926655 9.99209E-05 9.99209E-05 9.99209E-05 9.99209E-05 9.99209E-05
9.99034E-05 9.99034E-05 9.99034E-05 0.0430491 0.434732 0.235934 0.249832 9.99034E-05 9.99034E-05 9.99034E-05 9.99034E-05 9.99034E-05 9.99034E-05 0.0353533 9.99034E-05 9.99034E-05
9.99034E-05 9.99034E-05 9.99034E-05 9.99034E-05 0.572704 0.164378 0.163071 9.99034E-05 9.99034E-05 0.0432756 9.99034E-05 0.0554727 9.99034E-05 9.99034E-05 9.99034E-05 9.99034E-05
9.99122E-05 9.99122E-05 9.99122E-05 9.99122E-05 0.476449 0.351264 0.130203 9.99122E-05 9.99122E-05 0.0221415 0.0119039 9.99122E-05 0.00704026 9.99122E-05 9.99122E-05 9.99122E-05
9.99121E-05 9.99121E-05 9.99121E-05 0.0504996 0.133289 0.423204 0.0806474 9.99121E-05 9.99121E-05 9.99121E-05 9.99121E-05 0.0627245 9.99121E-05 0.248636 9.99121E-05 9.99121E-05
9.99209E-05 9.99209E-05 9.99209E-05 0.0138165 0.342127 0.247913 0.366901 9.99209E-05 0.0141441 0.00126792 9.99209E-05 0.0129325 9.99209E-05 9.99209E-05 9.99209E-05 9.99209E-05
9.99035E-05 9.99035E-05 9.99035E-05 9.99035E-05 0.598272 0.0412728 0.0232753 9.99035E-05 9.99035E-05 9.99035E-05 9.99035E-05 0.00967556 9.99035E-05 0.326405 9.99035E-05 9.99035E-05
9.99035E-05 9.99035E-05 9.99035E-05 9.99035E-05 0.638252 9.99035E-05 0.155666 9.99035E-05 9.99035E-05 9.99035E-05 9.99035E-05 0.114725 0.0284931 0.0617645 9.99035E-05 9.99035E-05
9.99122E-05 0.00651214 9.99122E-05 0.0414146 0.704754 0.176996 9.99122E-05 9.99122E-05 9.99122E-05 0.0234067 9.99122E-05 0.0459174 9.99122E-05 9.99122E-05 9.99122E-05 9.99122E-05
9.98947E-05 9.98947E-05 9.98947E-05 9.98947E-05 0.554522 0.182544 0.226083 0.0356514 9.98947E-05 9.98947E-05 9.98947E-05 9.98947E-05 9.98947E-05 9.98947E-05 9.98947E-05 9.98947E-05
9.99385E-05 0.0411522 9.99385E-05 9.99385E-05 0.562556 0.157539 0.00905734 9.99385E-05 0.0208514 0.162113 0.0118814 0.0252484 9.99385E-05 0.00890217 9.99385E-05 9.99385E-05
9.9921E-05 9.9921E-05 0.0142546 0.0732825 0.449487 0.0836455 0.205769 9.9921E-05 0.0461788 9.9921E-05 9.9921E-05 9.9921E-05 9.9921E-05 0.126484 9.9921E-05 9.9921E-05
9.99121E-05 9.99121E-05 9.99121E-05 9.99121E-05 0.541963 0.0987244 0.11579 9.99121E-05 9.99121E-05 0.0118777 0.0385098 9.99121E-05 9.99121E-05 0.192136 9.99121E-05 9.99121E-05
9.98947E-05 9.98947E-05 0.0628374 9.98947E-05 0.627684 0.229094 9.98947E-05 9.98947E-05 0.079186 9.98947E-05 9.98947E-05 9.98947E-05 9.98947E-05 9.98947E-05 9.98947E-05 9.98947E-05
0.0559518 9.99122E-05 9.99122E-05 9.99122E-05 0.787247 0.0781533 0.00426087 9.99122E-05 9.99122E-05 9.99122E-05 0.0370208 0.0363668 9.99122E-05 9.99122E-05 9.99122E-05 9.99122E-05
9.99298E-05 9.99298E-05 9.99298E-05 0.0140885 0.5526 0.0756546 0.154627 9.99298E-05 9.99298E-05 0.008089 0.0769541 0.0690373 9.99298E-05 0.0481495 9.99298E-05 9.99298E-05
9.99121E-05 9.99121E-05 9.99121E-05 0.0184042 0.55017 0.0785884 0.126521 9.99121E-05 0.0752732 9.99121E-05 9.99121E-05 9.99121E-05 9.99121E-05 0.150044 9.99121E-05 9.99121E-05
9.99034E-05 9.99034E-05 9.99034E-05 9.99034E-05 0.662804 0.11838 0.0729553 9.99034E-05 9.99034E-05 0.0781645 9.99034E-05 0.0665966 9.99034E-05 9.99034E-05 9.99034E-05 9.99034E-05
0.0748939 9.99297E-05 9.99297E-05 9.99297E-05 0.168687 0.295789 0.283205 9.99297E-05 0.0470523 9.99297E-05 0.0407201 9.99297E-05 0.00136344 0.0874896 9.99297E-05 9.99297E-05
9.98947E-05 9.98947E-05 9.98947E-05 9.98947E-05 0.657526 0.210059 0.0205736 9.98947E-05 0.110642 9.98947E-05 9.98947E-05 9.98947E-05 9.98947E-05 9.98947E-05 9.98947E-05 9.98947E-05
9.99122E-05 9.99122E-05 9.99122E-05 9.99122E-05 0.100341 0.301263 0.279618 9.99122E-05 9.99122E-05 9.99122E-05 0.124761 0.0485748 9.99122E-05 0.144442 9.99122E-05 9.99122E-05
9.99036E-05 9.99036E-05 9.99036E-05 9.99036E-05 0.548514 0.162519 0.164803 9.99036E-05 9.99036E-05 9.99036E-05 9.99036E-05 9.99036E-05 9.99036E-05 0.110929 9.99036E-05 0.0121363
9.99036E-05 9.99036E-05 0.0170764 9.99036E-05 0.85223 9.99036E-05 0.00938941 0.0767212 0.0434844 9.99036E-05 9.99036E-05 9.99036E-05 9.99036E-05 9.99036E-05 9.99036E-05 9.99036E-05
9.9912E-05 0.0607353 9.9912E-05 9.9912E-05 0.358407 0.257852 0.174014 9.9912E-05 9.9912E-05 9.9912E-05 0.114146 0.0338461 9.9912E-05 9.9912E-05 9.9912E-05 9.9912E-05
9.99035E-05 9.99035E-05 9.99035E-05 9.99035E-05 0.312727 0.368159 0.199529 9.99035E-05 9.99035E-05 9.99035E-05 0.0122794 9.99035E-05 9.99035E-05 0.106207 9.99035E-05 9.99035E-05
9.99034E-05 9.99034E-05 9.99034E-05 9.99034E-05 0.594918 0.0146709 0.136256 9.99034E-05 0.215942 9.99034E-05 9.99034E-05 0.0371131 9.99034E-05 9.99034E-05 9.99034E-05 9.99034E-05
9.99123E-05 0.0870586 9.99123E-05 9.99123E-05 0.461694 0.119396 0.222253 9.99123E-05 9.99123E-05 9.99123E-05 9.99123E-05 0.0640317 9.99123E-05 0.0445676 9.99123E-05 9.99123E-05
9.99121E-05 0.0953336 9.99121E-05 9.99121E-05 0.710479 0.0149915 0.122346 9.99121E-05 9.99121E-05 9.99121E-05 0.0286269 0.0272244 9.99121E-05 9.99121E-05 9.99121E-05 9.99121E-05
9.99033E-05 9.99033E-05 9.99033E-05 9.99033E-05 0.169244 0.301515 0.18719 9.99033E-05 0.149021 9.99033E-05 0.191931 9.99033E-05 9.99033E-05 9.99033E-05 9.99033E-05 9.99033E-05
9.98945E-05 9.98945E-05 9.98945E-05 9.98945E-05 0.501801 0.128143 0.186841 9.98945E-05 9.98945E-05 9.98945E-05 9.98945E-05 9.98945E-05 0.182017 9.98945E-05 9.98945E-05 9.98945E-05
9.98945E-05 9.98945E-05 9.98945E-05 0.0769692 0.760828 0.0828732 0.0781305 9.98945E-05 9.98945E-05 9.98945E-05 9.98945E-05 9.98945E-05 9.98945E-05 9.98945E-05 9.98945E-05 9.98945E-05
9.99209E-05 0.0194998 9.99209E-05 0.0176071 0.672226 0.112613 9.99209E-05 9.99209E-05 9.99209E-05 9.99209E-05 0.0761791 0.0225112 9.99209E-05 0.0784644 9.99209E-05 9.99209E-05
9.99121E-05 9.99121E-05 9.99121E-05 9.99121E-05 0.31603 0.12423 0.313732 9.99121E-05 0.104626 0.127868 9.99121E-05 0.0125163 9.99121E-05 9.99121E-05 9.99121E-05 9.99121E-05
9.98948E-05 9.98948E-05 9.98948E-05 9.98948E-05 0.840804 0.0933735 9.98948E-05 9.98948E-05 9.98948E-05 9.98948E-05 0.0202492 0.0443747 9.98948E-05 9.98948E-05 9.98948E-05 9.98948E-05
9.98947E-05 9.98947E-05 9.98947E-05 9.98947E-05 0.788622 0.0559812 0.126217 9.98947E-05 9.98947E-05 9.98947E-05 0.0279805 9.98947E-05 9.98947E-05 9.98947E-05 9.98947E-05 9.98947E-05
9.98947E-05 9.98947E-05 9.98947E-05 0.00446347 0.919221 0.0623388 9.98947E-05 9.98947E-05 0.0127777 9.98947E-05 9.98947E-05 9.98947E-05 9.98947E-05 9.98947E-05 9.98947E-05 9.98947E-05
9.99123E-05 9.99123E-05 9.99123E-05 0.0131443 0.82347 0.0913903 9.99123E-05 9.99123E-05 9.99123E-05 0.0408374 0.00435567 9.99123E-05 9.99123E-05 0.0258033 9.99123E-05 9.99123E-05
0.028941 9.99121E-05 9.99121E-05 9.99121E-05 0.282711 0.108005 0.391634 9.99121E-05 9.99121E-05 9.99121E-05 9.99121E-05 0.0439395 9.99121E-05 0.14377 9.99121E-05 9.99121E-05
9.99121E-05 0.0129457 9.99121E-05 9.99121E-05 0.598024 0.253781 0.0150769 9.99121E-05 0.0995906 9.99121E-05 9.99121E-05 9.99121E-05 0.0195824 9.99121E-05 9.99121E-05 9.99121E-05
9.99036E-05 9.99036E-05 9.99036E-05 9.99036E-05 0.831243 0.108282 0.0410853 9.99036E-05 9.99036E-05 9.99036E-05 0.012707 9.99036E-05 9.99036E-05 9.99036E-05 0.00558302 9.99036E-05
9.98773E-05 9.98773E-05 9.98773E-05 9.98773E-05 0.866636 9.98773E-05 0.131966 9.98773E-05 9.98773E-05 9.98773E-05 9.98773E-05 9.98773E-05 9.98773E-05 9.98773E-05 9.98773E-05 9.98773E-05
9.99297E-05 9.99297E-05 9.99297E-05 9.99297E-05 0.244635 0.289514 0.0776023 9.99297E-05 0.0301149 9.99297E-05 0.117086 9.99297E-05 0.0244543 0.215597 9.99297E-05 0.000196444
9.99034E-05 9.99034E-05 9.99034E-05 9.99034E-05 0.448989 0.138197 0.21738 9.99034E-05 9.99034E-05 9.99034E-05 9.99034E-05 0.0608581 9.99034E-05 9.99034E-05 9.99034E-05 0.133477
9.99211E-05 0.0362067 9.99211E-05 9.99211E-05 0.406443 0.217522 0.114255 0.113911 9.99211E-05 9.99211E-05 9.99211E-05 0.00587149 9.99211E-05 0.104891 9.99211E-05 9.99211E-05
9.9921E-05 9.9921E-05 9.9921E-05 9.9921E-05 0.176653 0.296537 0.304655 0.0756145 9.9921E-05 9.9921E-05 0.0234306 0.0472952 9.9921E-05 9.9921E-05 9.9921E-05 0.074916
9.98948E-05 9.98948E-05 9.98948E-05 9.98948E-05 0.815706 9.98948E-05 0.111816 9.98948E-05 9.98948E-05 9.98948E-05 0.0367087 9.98948E-05 9.98948E-05 0.0345702 9.98948E-05 9.98948E-05
9.99209E-05 9.99209E-05 0.0520192 0.194166 0.385595 0.0729673 0.254589 9.99209E-05 9.99209E-05 9.99209E-05 0.00500681 0.0347568 9.99209E-05 9.99209E-05 9.99209E-05 9.99209E-05
9.98948E-05 9.98948E-05 9.98948E-05 9.98948E-05 0.844997 0.103008 0.0186936 9.98948E-05 9.98948E-05 9.98948E-05 9.98948E-05 9.98948E-05 9.98948E-05 0.0321036 9.98948E-05 9.98948E-05
9.98948E-05 9.98948E-05 9.98948E-05 9.98948E-05 0.59104 0.120146 0.152569 9.98948E-05 9.98948E-05 9.98948E-05 9.98948E-05 0.135046 9.98948E-05 9.98948E-05 9.98948E-05 9.98948E-05
0.00177775 0.131401 9.99209E-05 9.99209E-05 0.590001 0.175697 0.0234419 9.99209E-05 9.99209E-05 0.0135463 9.99209E-05 9.99209E-05 9.99209E-05 0.0632353 9.99209E-05 9.99209E-05
9.99209E-05 9.99209E-05 0.00626512 0.154112 0.651536 0.0454848 0.0622959 9.99209E-05 9.99209E-05 0.0316482 9.99209E-05 0.0477587 9.99209E-05 9.99209E-05 9.99209E-05 9.99209E-05
9.99033E-05 9.99033E-05 9.99033E-05 9.99033E-05 0.245141 0.269025 0.225414 9.99033E-05 9.99033E-05 9.99033E-05 9.99033E-05 9.99033E-05 0.0361647 0.223156 9.99033E-05 9.99033E-05
9.98945E-05 9.98945E-05 9.98945E-05 9.98945E-05 0.537611 0.247591 0.177465 9.98945E-05 0.0361348 9.98945E-05 9.98945E-05 9.98945E-05 9.98945E-05 9.98945E-05 9.98945E-05 9.98945E-05
9.99209E-05 0.00854011 0.0201545 9.99209E-05 0.55499 0.136629 0.111028 9.99209E-05 0.141678 9.99209E-05 9.99209E-05 0.0260818 9.99209E-05 9.99209E-05 9.99209E-05 9.99209E-05
9.99034E-05 9.99034E-05 9.99034E-05 0.021721 0.697052 0.00269286 0.127955 9.99034E-05 9.99034E-05 9.99034E-05 0.14948 9.99034E-05 9.99034E-05 9.99034E-05 9.99034E-05 9.99034E-05
9.9886E-05 9.9886E-05 9.9886E-05 9.9886E-05 0.67925 0.244751 0.0747007 9.9886E-05 9.9886E-05 9.9886E-05 9.9886E-05 9.9886E-05 9.9886E-05 9.9886E-05 9.9886E-05 9.9886E-05
9.98681E-05 9.98681E-05 9.98681E-05 9.98681E-05 9.98681E-05 9.98681E-05 0.998502 9.98681E-05 9.98681E-05 9.98681E-05 9.98681E-05 9.98681E-05 9.98681E-05 9.98681E-05 9.98681E-05 9.98681E-05
9.9868E-05 9.9868E-05 9.9868E-05 9.9868E-05 9.9868E-05 0.998502 9.9868E-05 9.9868E-05 9.9868E-05 9.9868E-05 9.9868E-05 9.9868E-05 9.9868E-05 9.9868E-05 9.9868E-05 9.9868E-05
9.9868E-05 9.9868E-05 9.9868E-05 9.9868E-05 9.9868E-05 9.9868E-05 0.998502 9.9868E-05 9.9868E-05 9.9868E-05 9.9868E-05 9.9868E-05 9.9868E-05 9.9868E-05 9.9868E-05 9.9868E-05
9.98682E-05 9.98682E-05 9.98682E-05 9.98682E-05 9.98682E-05 0.998502 9.98682E-05 9.98682E-05 9.98682E-05 9.98682E-05 9.98682E-05 9.98682E-05 9.98682E-05 9.98682E-05 9.98682E-05 9.98682E-05
9.9868E-05 9.9868E-05 9.9868E-05 9.9868E-05 9.9868E-05 0.998502 9.9868E-05 9.9868E-05 9.9868E-05 9.9868E-05 9.9868E-05 9.9868E-05 9.9868E-05 9.9868E-05 9.9868E-05 9.9868E-05
9.98681E-05 9.98681E-05 9.98681E-05 9.98681E-05 9.98681E-05 0.998502 9.98681E-05 9.98681E-05 9.98681E-05 9.98681E-05 9.98681E-05 9.98681E-05 9.98681E-05 9.98681E-05 9.98681E-05 9.98681E-05
9.9868E-05 9.9868E-05 9.9868E-05 9.9868E-05 9.9868E-05 9.9868E-05 0.998502 9.9868E-05 9.9868E-05 9.9868E-05 9.9868E-05 9.9868E-05 9.9868E-05 9.9868E-05 9.9868E-05 9.9868E-05
9.9868E-05 9.9868E-05 9.9868E-05 9.9868E-05 9.9868E-05 0.998502 9.9868E-05 9.9868E-05 9.9868E-05 9.9868E-05 9.9868E-05 9.9868E-05 9.9868E-05 9.9868E-05 9.9868E-05 9.9868E-05
9.9868E-05 9.9868E-05 9.9868E-05 9.9868E-05 9.9868E-05 0.998502 9.9868E-05 9.9868E-05 9.9868E-05 9.9868E-05 9.9868E-05 9.9868E-05 9.9868E-05 9.9868E-05 9.9868E-05 9.9868E-05
9.98681E-05 9.98681E-05 9.98681E-05 9.98681E-05 9.98681E-05 9.98681E-05 0.998502 9.98681E-05 9.98681E-05 9.98681E-05 9.98681E-05 9.98681E-05 9.98681E-05 9.98681E-05 9.98681E-05 9.98681E-05
9.9868E-05 9.9868E-05 9.9868E-05 9.9868E-05 9.9868E-05 9.9868E-05 0.998502 9.9868E-05 9.9868E-05 9.9868E-05 9.9868E-05 9.9868E-05 9.9868E-05 9.9868E-05 9.9868E-05 9.9868E-05
9.98681E-05 9.98681E-05 9.98681E-05 9.98681E-05 9.98681E-05 9.98681E-05 0.998502 9.98681E-05 9.98681E-05 9.98681E-05 9.98681E-05 9.98681E-05 9.98681E-05 9.98681E-05 9.98681E-05 9.98681E-05
9.98682E-05 9.98682E-05 9.98682E-05 9.98682E-05 9.98682E-05 0.998502 9.98682E-05 9.98682E-05 9.98682E-05 9.98682E-05 9.98682E-05 9.98682E-05 9.98682E-05 9.98682E-05 9.98682E-05 9.98682E-05
9.98681E-05 9.98681E-05 9.98681E-05 9.98681E-05 9.98681E-05 0.998502 9.98681E-05 9.98681E-05 9.98681E-05 9.98681E-05 9.98681E-05 9.98681E-05 9.98681E-05 9.98681E-05 9.98681E-05 9.98681E-05
9.98681E-05 9.98681E-05 9.98681E-05 9.98681E-05 9.98681E-05 9.98681E-05 0.998502 9.98681E-05 9.98681E-05 9.98681E-05 9.98681E-05 9.98681E-05 9.98681E-05 9.98681E-05 9.98681E-05 9.98681E-05
9.9868E-05 9.9868E-05 9.9868E-05 9.9868E-05 9.9868E-05 9.9868E-05 0.998502 9.9868E-05 9.9868E-05 9.9868E-05 9.9868E-05 9.9868E-05 9.9868E-05 9.9868E-05 9.9868E-05 9.9868E-05
9.99121E-05 9.99121E-05 0.132122 9.99121E-05 0.25016 0.121567 0.180649 0.106699 9.99121E-05 9.99121E-05 9.99121E-05 9.99121E-05 0.207805 9.99121E-05 9.99121E-05 9.99121E-05
9.98681E-05 9.98681E-05 9.98681E-05 9.98681E-05 9.98681E-05 9.98681E-05 0.998502 9.98681E-05 9.98681E-05 9.98681E-05 9.98681E-05 9.98681E-05 9.98681E-05 9.98681E-05 9.98681E-05 9.98681E-05
9.98682E-05 9.98682E-05 9.98682E-05 9.98682E-05 9.98682E-05 0.998502 9.98682E-05 9.98682E-05 9.98682E-05 9.98682E-05 9.98682E-05 9.98682E-05 9.98682E-05 9.98682E-05 9.98682E-05 9.98682E-05
9.9868E-05 9.9868E-05 9.9868E-05 9.9868E-05 9.9868E-05 9.9868E-05 0.998502 9.9868E-05 9.9868E-05 9.9868E-05 9.9868E-05 9.9868E-05 9.9868E-05 9.9868E-05 9.9868E-05 9.9868E-05
9.9868E-05 9.9868E-05 9.9868E-05 9.9868E-05 9.9868E-05 9.9868E-05 0.998502 9.9868E-05 9.9868E-05 9.9868E-05 9.9868E-05 9.9868E-05 9.9868E-05 9.9868E-05 9.9868E-05 9.9868E-05
9.98682E-05 9.98682E-05 9.98682E-05 9.98682E-05 9.98682E-05 9.98682E-05 0.998502 9.98682E-05 9.98682E-05 9.98682E-05 9.98682E-05 9.98682E-05 9.98682E-05 9.98682E-05 9.98682E-05 9.98682E-05
9.98681E-05 9.98681E-05 9.98681E-05 9.98681E-05 9.98681E-05 0.998502 9.98681E-05 9.98681E-05 9.98681E-05 9.98681E-05 9.98681E-05 9.98681E-05 9.98681E-05 9.98681E-05 9.98681E-05 9.98681E-05
9.9868E-05 9.9868E-05 9.9868E-05 9.9868E-05 9.9868E-05 9.9868E-05 0.998502 9.9868E-05 9.9868E-05 9.9868E-05 9.9868E-05 9.9868E-05 9.9868E-05 9.9868E-05 9.9868E-05 9.9868E-05
9.98681E-05 9.98681E-05 9.98681E-05 9.98681E-05 9.98681E-05 0.998502 9.98681E-05 9.98681E-05 9.98681E-05 9.98681E-05 9.98681E-05 9.98681E-05 9.98681E-05 9.98681E-05 9.98681E-05 9.98681E-05
9.9868E-05 9.9868E-05 9.9868E-05 9.9868E-05 9.9868E-05 9.9868E-05 0.998502 9.9868E-05 9.9868E-05 9.9868E-05 9.9868E-05 9.9868E-05 9.9868E-05 9.9868E-05 9.9868E-05 9.9868E-05
9.98681E-05 9.98681E-05 9.98681E-05 9.98681E-05 9.98681E-05 9.98681E-05 0.998502 9.98681E-05 9.98681E-05 9.98681E-05 9.98681E-05 9.98681E-05 9.98681E-05 9.98681E-05 9.98681E-05 9.98681E-05
9.98681E-05 9.98681E-05 9.98681E-05 9.98681E-05 9.98681E-05 0.998502 9.98681E-05 9.98681E-05 9.98681E-05 9.98681E-05 9.98681E-05 9.98681E-05 9.98681E-05 9.98681E-05 9.98681E-05 9.98681E-05
9.98681E-05 9.98681E-05 9.98681E-05 9.98681E-05 9.98681E-05 0.998502 9.98681E-05 9.98681E-05 9.98681E-05 9.98681E-05 9.98681E-05 9.98681E-05 9.98681E-05 9.98681E-05 9.98681E-05 9.98681E-05
9.98681E-05 9.98681E-05 9.98681E-05 9.98681E-05 9.98681E-05 0.998502 9.98681E-05 9.98681E-05 9.98681E-05 9.98681E-05 9.98681E-05 9.98681E-05 9.98681E-05 9.98681E-05 9.98681E-05 9.98681E-05
9.98681E-05 9.98681E-05 9.98681E-05 9.98681E-05 9.98681E-05 9.98681E-05 0.998502 9.98681E-05 9.98681E-05 9.98681E-05 9.98681E-05 9.98681E-05 9.98681E-05 9.98681E-05 9.98681E-05 9.98681E-05
9.98681E-05 9.98681E-05 9.98681E-05 9.98681E-05 9.98681E-05 9.98681E-05 0.998502 9.98681E-05 9.98681E-05 9.98681E-05 9.98681E-05 9.98681E-05 9.98681E-05 9.98681E-05 9.98681E-05 9.98681E-05
9.9868E-05 9.9868E-05 9.9868E-05 9.9868E-05 9.9868E-05 9.9868E-05 0.998502 9.9868E-05 9.9868E-05 9.9868E-05 9.9868E-05 9.9868E-05 9.9868E-05 9.9868E-05 9.9868E-05 9.9868E-05
9.9868E-05 9.9868E-05 9.9868E-05 9.9868E-05 9.9868E-05 9.9868E-05 0.998502 9.9868E-05 9.9868E-05 9.9868E-05 9.9868E-05 9.9868E-05 9.9868E-05 9.9868E-05 9.9868E-05 9.9868E-05
9.9868E-05 9.9868E-05 9.9868E-05 9.9868E-05 9.9868E-05 9.9868E-05 0.998502 9.9868E-05 9.9868E-05 9.9868E-05 9.9868E-05 9.9868E-05 9.9868E-05 9.9868E-05 9.9868E-05 9.9868E-05
9.9868E-05 9.9868E-05 9.9868E-05 9.9868E-05 9.9868E-05 0.998502 9.9868E-05 9.9868E-05 9.9868E-05 9.9868E-05 9.9868E-05 9.9868E-05 9.9868E-05 9.9868E-05 9.9868E-05 9.9868E-05
9.9868E-05 9.9868E-05 9.9868E-05 9.9868E-05 9.9868E-05 0.998502 9.9868E-05 9.9868E-05 9.9868E-05 9.9868E-05 9.9868E-05 9.9868E-05 9.9868E-05 9.9868E-05 9.9868E-05 9.9868E-05
9.9868E-05 9.9868E-05 9.9868E-05 9.9868E-05 9.9868E-05 0.998502 9.9868E-05 9.9868E-05 9.9868E-05 9.9868E-05 9.9868E-05 9.9868E-05 9.9868E-05 9.9868E-05 9.9868E-05 9.9868E-05
9.98681E-05 9.98681E-05 9.98681E-05 9.98681E-05 9.98681E-05 9.98681E-05 0.998502 9.98681E-05 9.98681E-05 9.98681E-05 9.98681E-05 9.98681E-05 9.98681E-05 9.98681E-05 9.98681E-05 9.98681E-05
9.98681E-05 9.98681E-05 9.98681E-05 9.98681E-05 9.98681E-05 0.998502 9.98681E-05 9.98681E-05 9.98681E-05 9.98681E-05 9.98681E-05 9.98681E-05 9.98681E-05 9.98681E-05 9.98681E-05 9.98681E-05
9.9868E-05 9.9868E-05 9.9868E-05 9.9868E-05 9.9868E-05 0.998502 9.9868E-05 9.9868E-05 9.9868E-05 9.9868E-05 9.9868E-05 9.9868E-05 9.9868E-05 9.9868E-05 9.9868E-05 9.9868E-05
9.98681E-05 9.98681E-05 9.98681E-05 9.98681E-05 9.98681E-05 0.998502 9.98681E-05 9.98681E-05 9.98681E-05 9.98681E-05 9.98681E-05 9.98681E-05 9.98681E-05 9.98681E-05 9.98681E-05 9.98681E-05
9.98681E-05 9.98681E-05 9.98681E-05 9.98681E-05 9.98681E-05 0.998502 9.98681E-05 9.98681E-05 9.98681E-05 9.98681E-05 9.98681E-05 9.98681E-05 9.98681E-05 9.98681E-05 9.98681E-05 9.98681E-05
9.9868E-05 9.9868E-05 9.9868E-05 9.9868E-05 9.9868E-05 9.9868E-05 0.998502 9.9868E-05 9.9868E-05 9.9868E-05 9.9868E-05 9.9868E-05 9.9868E-05 9.9868E-05 9.9868E-05 9.9868E-05
9.9868E-05 9.9868E-05 9.9868E-05 9.9868E-05 9.9868E-05 0.998502 9.9868E-05 9.9868E-05 9.9868E-05 9.9868E-05 9.9868E-05 9.9868E-05 9.9868E-05 9.9868E-05 9.9868E-05 9.9868E-05
9.9868E-05 9.9868E-05 9.9868E-05 9.9868E-05 9.9868E-05 0.998502 9.9868E-05 9.9868E-05 9.9868E-05 9.9868E-05 9.9868E-05 9.9868E-05 9.9868E-05 9.9868E-05 9.9868E-05 9.9868E-05
9.99385E-05 9.99385E-05 0.00306566 0.0134296 0.248404 0.121935 0.276278 0.0202271 9.99385E-05 0.0238916 0.0763363 9.99385E-05 0.215733 9.99385E-05 9.99385E-05 9.99385E-05
9.9868E-05 9.9868E-05 9.9868E-05 9.9868E-05 9.9868E-05 9.9868E-05 0.998502 9.9868E-05 9.9868E-05 9.9868E-05 9.9868E-05 9.9868E-05 9.9868E-05 9.9868E-05 9.9868E-05 9.9868E-05
9.98681E-05 9.98681E-05 9.98681E-05 9.98681E-05 9.98681E-05 0.998502 9.98681E-05 9.98681E-05 9.98681E-05 9.98681E-05 9.98681E-05 9.98681E-05 9.98681E-05 9.98681E-05 9.98681E-05 9.98681E-05
9.98681E-05 9.98681E-05 9.98681E-05 9.98681E-05 9.98681E-05 0.998502 9.98681E-05 9.98681E-05 9.98681E-05 9.98681E-05 9.98681E-05 9.98681E-05 9.98681E-05 9.98681E-05 9.98681E-05 9.98681E-05
9.98681E-05 9.98681E-05 9.98681E-05 9.98681E-05 9.98681E-05 0.998502 9.98681E-05 9.98681E-05 9.98681E-05 9.98681E-05 9.98681E-05 9.98681E-05 9.98681E-05 9.98681E-05 9.98681E-05 9.98681E-05
9.98683E-05 9.98683E-05 9.98683E-05 9.98683E-05 9.98683E-05 0.998502 9.98683E-05 9.98683E-05 9.98683E-05 9.98683E-05 9.98683E-05 9.98683E-05 9.98683E-05 9.98683E-05 9.98683E-05 9.98683E-05
9.9868E-05 9.9868E-05 9.9868E-05 9.9868E-05 9.9868E-05 9.9868E-05 0.998502 9.9868E-05 9.9868E-05 9.9868E-05 9.9868E-05 9.9868E-05 9.9868E-05 9.9868E-05 9.9868E-05 9.9868E-05
9.9868E-05 9.9868E-05 9.9868E-05 9.9868E-05 9.9868E-05 0.998502 9.9868E-05 9.9868E-05 9.9868E-05 9.9868E-05 9.9868E-05 9.9868E-05 9.9868E-05 9.9868E-05 9.9868E-05 9.9868E-05
9.98679E-05 9.98679E-05 9.98679E-05 9.98679E-05 9.98679E-05 9.98679E-05 0.998502 9.98679E-05 9.98679E-05 9.98679E-05 9.98679E-05 9.98679E-05 9.98679E-05 9.98679E-05 9.98679E-05 9.98679E-05
9.9868E-05 9.9868E-05 9.9868E-05 9.9868E-05 9.9868E-05 0.998502 9.9868E-05 9.9868E-05 9.9868E-05 9.9868E-05 9.9868E-05 9.9868E-05 9.9868E-05 9.9868E-05 9.9868E-05 9.9868E-05
9.9868E-05 9.9868E-05 9.9868E-05 9.9868E-05 9.9868E-05 9.9868E-05 0.998502 9.9868E-05 9.9868E-05 9.9868E-05 9.9868E-05 9.9868E-05 9.9868E-05 9.9868E-05 9.9868E-05 9.9868E-05
9.98681E-05 9.98681E-05 9.98681E-05 9.98681E-05 9.98681E-05 0.998502 9.98681E-05 9.98681E-05 9.98681E-05 9.98681E-05 9.98681E-05 9.98681E-05 9.98681E-05 9.98681E-05 9.98681E-05 9.98681E-05
9.98681E-05 9.98681E-05 9.98681E-05 9.98681E-05 9.98681E-05 0.998502 9.98681E-05 9.98681E-05 9.98681E-05 9.98681E-05 9.98681E-05 9.98681E-05 9.98681E-05 9.98681E-05 9.98681E-05 9.98681E-05
9.98682E-05 9.98682E-05 9.98682E-05 9.98682E-05 9.98682E-05 0.998502 9.98682E-05 9.98682E-05 9.98682E-05 9.98682E-05 9.98682E-05 9.98682E-05 9.98682E-05 9.98682E-05 9.98682E-05 9.98682E-05
9.98681E-05 9.98681E-05 9.98681E-05 9.98681E-05 9.98681E-05 0.998502 9.98681E-05 9.98681E-05 9.98681E-05 9.98681E-05 9.98681E-05 9.98681E-05 9.98681E-05 9.98681E-05 9.98681E-05 9.98681E-05
9.98681E-05 9.98681E-05 9.98681E-05 9.98681E-05 9.98681E-05 0.998502 9.98681E-05 9.98681E-05 9.98681E-05 9.98681E-05 9.98681E-05 9.98681E-05 9.98681E-05 9.98681E-05 9.98681E-05 9.98681E-05
9.9868E-05 9.9868E-05 9.9868E-05 9.9868E-05 9.9868E-05 0.998502 9.9868E-05 9.9868E-05 9.9868E-05 9.9868E-05 9.9868E-05 9.9868E-05 9.9868E-05 9.9868E-05 9.9868E-05 9.9868E-05
9.9868E-05 9.9868E-05 9.9868E-05 9.9868E-05 9.9868E-05 9.9868E-05 0.998502 9.9868E-05 9.9868E-05 9.9868E-05 9.9868E-05 9.9868E-05 9.9868E-05 9.9868E-05 9.9868E-05 9.9868E-05
9.9868E-05 9.9868E-05 9.9868E-05 9.9868E-05 9.9868E-05 9.9868E-05 0.998502 9.9868E-05 9.9868E-05 9.9868E-05 9.9868E-05 9.9868E-05 9.9868E-05 9.9868E-05 9.9868E-05 9.9868E-05
9.98681E-05 9.98681E-05 9.98681E-05 9.98681E-05 9.98681E-05 9.98681E-05 0.998502 9.98681E-05 9.98681E-05 9.98681E-05 9.98681E-05 9.98681E-05 9.98681E-05 9.98681E-05 9.98681E-05 9.98681E-05
9.98681E-05 9.98681E-05 9.98681E-05 9.98681E-05 9.98681E-05 0.998502 9.98681E-05 9.98681E-05 9.98681E-05 9.98681E-05 9.98681E-05 9.98681E-05 9.98681E-05 9.98681E-05 9.98681E-05 9.98681E-05
9.9868E-05 9.9868E-05 9.9868E-05 9.9868E-05 9.9868E-05 9.9868E-05 0.998502 9.9868E-05 9.9868E-05 9.9868E-05 9.9868E-05 9.9868E-05 9.9868E-05 9.9868E-05 9.9868E-05 9.9868E-05
9.98681E-05 9.98681E-05 9.98681E-05 9.98681E-05 9.98681E-05 9.98681E-05 0.998502 9.98681E-05 9.98681E-05 9.98681E-05 9.98681E-05 9.98681E-05 9.98681E-05 9.98681E-05 9.98681E-05 9.98681E-05
9.98681E-05 9.98681E-05 9.98681E-05 9.98681E-05 9.98681E-05 9.98681E-05 0.998502 9.98681E-05 9.98681E-05 9.98681E-05 9.98681E-05 9.98681E-05 9.98681E-05 9.98681E-05 9.98681E-05 9.98681E-05
9.98681E-05 9.98681E-05 9.98681E-05 9.98681E-05 9.98681E-05 0.998502 9.98681E-05 9.98681E-05 9.98681E-05 9.98681E-05 9.98681E-05 9.98681E-05 9.98681E-05 9.98681E-05 9.98681E-05 9.98681E-05
9.9868E-05 9.9868E-05 9.9868E-05 9.9868E-05 9.9868E-05 0.998502 9.9868E-05 9.9868E-05 9.9868E-05 9.9868E-05 9.9868E-05 9.9868E-05 9.9868E-05 9.9868E-05 9.9868E-05 9.9868E-05
9.9868E-05 9.9868E-05 9.9868E-05 9.9868E-05 9.9868E-05 0.998502 9.9868E-05 9.9868E-05 9.9868E-05 9.9868E-05 9.9868E-05 9.9868E-05 9.9868E-05 9.9868E-05 9.9868E-05 9.9868E-05
9.98681E-05 9.98681E-05 9.98681E-05 9.98681E-05 9.98681E-05 9.98681E-05 0.998502 9.98681E-05 9.98681E-05 9.98681E-05 9.98681E-05 9.98681E-05 9.98681E-05 9.98681E-05 9.98681E-05 9.98681E-05
9.9868E-05 9.9868E-05 9.9868E-05 9.9868E-05 9.9868E-05 0.998502 9.9868E-05 9.9868E-05 9.9868E-05 9.9868E-05 9.9868E-05 9.9868E-05 9.9868E-05 9.9868E-05 9.9868E-05 9.9868E-05
