0.0978796 9.99298E-05 9.99298E-05 0.0353231 0.00627377 0.0181215 9.99298E-05 9.99298E-05 0.371831 9.99298E-05 9.99298E-05 0.0790149 0.0718695 9.99298E-05 0.318887 9.99298E-05
9.98947E-05 9.98947E-05 9.98947E-05 0.0140589 9.98947E-05 0.0729878 9.98947E-05 9.98947E-05 0.665955 9.98947E-05 9.98947E-05 9.98947E-05 9.98947E-05 9.98947E-05 0.2458 9.98947E-05
0.0545617 9.99122E-05 9.99122E-05 9.99122E-05 9.99122E-05 9.99122E-05 0.0173337 0.0182663 0.868173 9.99122E-05 9.99122E-05 0.0253337 9.99122E-05 9.99122E-05 0.015333 9.99122E-05
0.102251 0.00965261 9.99298E-05 0.032417 9.99298E-05 9.99298E-05 0.0671567 9.99298E-05 0.311371 9.99298E-05 9.99298E-05 0.0895304 0.132056 9.99298E-05 9.99298E-05 0.254766
9.98859E-05 9.98859E-05 9.98859E-05 9.98859E-05 9.98859E-05 9.98859E-05 0.0678675 9.98859E-05 0.775165 9.98859E-05 9.98859E-05 9.98859E-05 9.98859E-05 0.155669 9.98859E-05 9.98859E-05
9.99386E-05 0.101262 0.0137089 9.99386E-05 9.99386E-05 0.084466 0.183249 9.99386E-05 0.147357 9.99386E-05 9.99386E-05 9.99386E-05 0.00260683 0.11487 0.275789 0.075993
0.178104 9.9921E-05 9.9921E-05 0.132507 0.0282681 0.093199 9.9921E-05 9.9921E-05 0.171332 9.9921E-05 9.9921E-05 9.9921E-05 9.9921E-05 9.9921E-05 0.193191 0.2025
0.0994305 0.115176 0.0440163 9.99298E-05 9.99298E-05 9.99298E-05 9.99298E-05 0.0402832 0.128206 9.99298E-05 9.99298E-05 9.99298E-05 9.99298E-05 0.195208 0.259776 0.117105
0.00736399 0.217683 9.99035E-05 9.99035E-05 0.220055 9.99035E-05 9.99035E-05 9.99035E-05 0.268472 9.99035E-05 9.99035E-05 0.285327 9.99035E-05 9.99035E-05 9.99035E-05 9.99035E-05
9.98946E-05 9.98946E-05 0.0241684 9.98946E-05 0.000406382 9.98946E-05 9.98946E-05 9.98946E-05 0.906348 9.98946E-05 9.98946E-05 0.0678785 9.98946E-05 9.98946E-05 9.98946E-05 9.98946E-05
0.0717441 0.0375725 9.9921E-05 0.151851 9.9921E-05 9.9921E-05 9.9921E-05 9.9921E-05 0.532465 9.9921E-05 0.00716009 0.14168 9.9921E-05 9.9921E-05 0.0566282 9.9921E-05
9.98947E-05 9.98947E-05 9.98947E-05 0.00902485 9.98947E-05 9.98947E-05 9.98947E-05 9.98947E-05 0.914728 9.98947E-05 9.98947E-05 9.98947E-05 9.98947E-05 9.98947E-05 0.0439822 0.0310661
0.109877 9.98859E-05 9.98859E-05 9.98859E-05 9.98859E-05 9.98859E-05 9.98859E-05 9.98859E-05 0.792523 9.98859E-05 9.98859E-05 0.096302 9.98859E-05 9.98859E-05 9.98859E-05 9.98859E-05
0.0110192 0.0270913 9.99299E-05 0.0812545 9.99299E-05 9.99299E-05 0.0710337 0.0320908 0.679914 0.0183878 9.99299E-05 0.0784091 9.99299E-05 9.99299E-05 9.99299E-05 9.99299E-05
0.0505199 0.11765 9.99385E-05 9.99385E-05 0.0523202 9.99385E-05 0.093008 9.99385E-05 0.307342 9.99385E-05 9.99385E-05 0.0761065 0.00858949 9.99385E-05 0.290923 0.00284099
0.0549746 0.16982 9.99385E-05 0.000816621 9.99385E-05 9.99385E-05 9.99385E-05 0.0576486 0.214594 9.99385E-05 9.99385E-05 0.105876 0.0940156 9.99385E-05 0.199412 0.102143
0.00209365 9.99385E-05 9.99385E-05 0.066452 9.99385E-05 0.0385222 9.99385E-05 0.0292634 0.569412 0.167115 9.99385E-05 0.0740705 0.000608027 9.99385E-05 9.99385E-05 0.0517638
0.145639 0.0204955 0.139289 9.9921E-05 9.9921E-05 9.9921E-05 9.9921E-05 9.9921E-05 0.130351 9.9921E-05 0.112478 0.114288 9.9921E-05 9.9921E-05 0.336561 9.9921E-05
0.310974 0.0761535 0.0198838 9.99298E-05 9.99298E-05 9.99298E-05 9.99298E-05 9.99298E-05 0.32935 9.99298E-05 9.99298E-05 0.134217 0.00381545 9.99298E-05 0.0252073 0.0995997
9.98771E-05 9.98771E-05 9.98771E-05 9.98771E-05 9.98771E-05 9.98771E-05 9.98771E-05 9.98771E-05 0.993325 9.98771E-05 9.98771E-05 9.98771E-05 0.00527691 9.98771E-05 9.98771E-05 9.98771E-05
0.0427533 0.0499433 0.0201644 0.0608335 9.99473E-05 9.99473E-05 9.99473E-05 0.019751 0.489471 9.99473E-05 0.00497875 0.0669364 9.99473E-05 0.125228 9.99473E-05 0.119341
0.481819 0.0996259 9.99122E-05 9.99122E-05 9.99122E-05 9.99122E-05 0.0856466 9.99122E-05 0.165258 9.99122E-05 9.99122E-05 9.99122E-05 9.99122E-05 0.117286 9.99122E-05 0.0493658
9.99035E-05 9.99035E-05 9.99035E-05 0.0746922 9.99035E-05 9.99035E-05 0.0142615 9.99035E-05 0.595029 9.99035E-05 9.99035E-05 0.0908478 9.99035E-05 9.99035E-05 0.224071 9.99035E-05
0.308556 9.99034E-05 9.99034E-05 9.99034E-05 0.0466124 9.99034E-05 9.99034E-05 9.99034E-05 0.313088 9.99034E-05 9.99034E-05 0.239599 9.99034E-05 9.99034E-05 0.0910466 9.99034E-05
0.169389 0.060434 9.9921E-05 0.0414524 9.9921E-05 9.9921E-05 0.042497 9.9921E-05 0.299833 9.9921E-05 9.9921E-05 0.217758 0.167737 9.9921E-05 9.9921E-05 9.9921E-05
0.015452 9.99035E-05 9.99035E-05 9.99035E-05 9.99035E-05 9.99035E-05 0.0940531 9.99035E-05 0.695247 9.99035E-05 9.99035E-05 0.0880943 9.99035E-05 9.99035E-05 9.99035E-05 0.106055
0.460271 9.9921E-05 0.131252 9.9921E-05 0.0337625 0.0445407 0.222308 9.9921E-05 0.00739655 9.9921E-05 9.9921E-05 0.0995699 9.9921E-05 9.9921E-05 9.9921E-05 9.9921E-05
0.078271 9.98947E-05 9.98947E-05 9.98947E-05 9.98947E-05 9.98947E-05 9.98947E-05 9.98947E-05 0.732621 9.98947E-05 9.98947E-05 0.053359 9.98947E-05 9.98947E-05 9.98947E-05 0.13455
0.0877997 9.99123E-05 9.99123E-05 0.00609561 9.99123E-05 9.99123E-05 0.0537005 9.99123E-05 0.580162 9.99123E-05 9.99123E-05 0.221014 9.99123E-05 9.99123E-05 0.0502294 9.99123E-05
9.9921E-05 0.0477607 9.9921E-05 9.9921E-05 9.9921E-05 0.0349874 0.00309769 9.9921E-05 0.78639 0.0032797 0.012023 0.111562 9.9921E-05 9.9921E-05 9.9921E-05 9.9921E-05
0.0763743 0.0662165 0.0218381 0.118484 9.9921E-05 9.9921E-05 9.9921E-05 9.9921E-05 0.594755 9.9921E-05 9.9921E-05 9.9921E-05 0.0886709 9.9921E-05 0.0327624 9.9921E-05
0.0669195 9.99211E-05 9.99211E-05 0.0534781 9.99211E-05 9.99211E-05 0.24676 9.99211E-05 0.379307 9.99211E-05 9.99211E-05 0.0769297 9.99211E-05 9.99211E-05 0.121233 0.0544736
0.096993 0.0132717 9.99297E-05 0.14611 9.99297E-05 9.99297E-05 9.99297E-05 0.0749149 0.433813 9.99297E-05 9.99297E-05 0.0916339 0.0198262 9.99297E-05 0.122637 9.99297E-05
0.133786 9.99123E-05 9.99123E-05 0.0310723 9.99123E-05 9.99123E-05 0.223219 9.99123E-05 0.49488 9.99123E-05 9.99123E-05 0.0995671 9.99123E-05 9.99123E-05 9.99123E-05 0.0164773
9.99036E-05 0.0135872 9.99036E-05 0.0196173 9.99036E-05 0.0196614 9.99036E-05 9.99036E-05 0.822044 9.99036E-05 9.99036E-05 9.99036E-05 0.123991 9.99036E-05 9.99036E-05 9.99036E-05
0.114245 0.00381024 9.99298E-05 0.014266 9.99298E-05 0.0451675 9.99298E-05 9.99298E-05 0.625949 9.99298E-05 9.99298E-05 0.0232294 9.99298E-05 9.99298E-05 0.0375407 0.134993
9.98948E-05 9.98948E-05 9.98948E-05 9.98948E-05 9.98948E-05 0.0266976 9.98948E-05 0.0420513 0.910016 9.98948E-05 9.98948E-05 9.98948E-05 9.98948E-05 9.98948E-05 9.98948E-05 0.020036
9.99123E-05 0.136446 9.99123E-05 9.99123E-05 9.99123E-05 0.0629031 9.99123E-05 9.99123E-05 0.640222 0.0034324 9.99123E-05 0.139952 0.0160455 9.99123E-05 9.99123E-05 9.99123E-05
0.0242369 0.0160624 9.99298E-05 0.0218955 9.99298E-05 0.0196656 0.0956355 9.99298E-05 0.577505 9.99298E-05 9.99298E-05 0.17129 9.99298E-05 0.0729095 9.99298E-05 9.99298E-05
9.98947E-05 9.98947E-05 9.98947E-05 9.98947E-05 9.98947E-05 9.98947E-05 0.155919 0.130271 0.579907 9.98947E-05 9.98947E-05 0.132704 9.98947E-05 9.98947E-05 9.98947E-05 9.98947E-05
0.132036 9.9886E-05 9.9886E-05 9.9886E-05 9.9886E-05 9.9886E-05 9.9886E-05 9.9886E-05 0.816516 9.9886E-05 9.9886E-05 0.0501492 9.9886E-05 9.9886E-05 9.9886E-05 9.9886E-05
0.222742 0.099215 9.98948E-05 9.98948E-05 9.98948E-05 9.98948E-05 9.98948E-05 9.98948E-05 0.598952 9.98948E-05 9.98948E-05 0.0778915 9.98948E-05 9.98948E-05 9.98948E-05 9.98948E-05
0.131628 9.98947E-05 9.98947E-05 9.98947E-05 9.98947E-05 0.00938234 9.98947E-05 9.98947E-05 0.821834 0.0359572 9.98947E-05 9.98947E-05 9.98947E-05 9.98947E-05 9.98947E-05 9.98947E-05
0.0282214 0.116713 9.9921E-05 0.0282106 0.0657364 9.9921E-05 9.9921E-05 9.9921E-05 0.311448 9.9921E-05 9.9921E-05 0.117855 9.9921E-05 9.9921E-05 0.330916 9.9921E-05
0.436339 9.99035E-05 9.99035E-05 9.99035E-05 9.99035E-05 9.99035E-05 9.99035E-05 9.99035E-05 0.258725 9.99035E-05 9.99035E-05 0.159722 9.99035E-05 0.115611 9.99035E-05 0.0285031
0.0555479 9.99122E-05 9.99122E-05 9.99122E-05 9.99122E-05 9.99122E-05 9.99122E-05 9.99122E-05 0.842658 9.99122E-05 0.0538626 0.0278474 9.99122E-05 0.0179374 9.99122E-05 0.00114765
9.99122E-05 0.0386276 0.0324672 0.0168643 9.99122E-05 9.99122E-05 9.99122E-05 9.99122E-05 0.882229 9.99122E-05 9.99122E-05 0.0244817 9.99122E-05 9.99122E-05 9.99122E-05 0.00433143
9.99035E-05 9.99035E-05 9.99035E-05 0.00938064 9.99035E-05 9.99035E-05 9.99035E-05 9.99035E-05 0.894967 9.99035E-05 9.99035E-05 0.055247 9.99035E-05 0.0155921 0.0237147 9.99035E-05
0.150521 9.99121E-05 9.99121E-05 0.0341739 9.99121E-05 9.99121E-05 9.99121E-05 9.99121E-05 0.620149 9.99121E-05 9.99121E-05 0.0921 9.99121E-05 9.99121E-05 0.0929577 0.00909942
9.99212E-05 0.0174257 0.0392277 0.0263076 9.99212E-05 0.0111113 9.99212E-05 0.0645595 0.798632 9.99212E-05 0.041837 9.99212E-05 9.99212E-05 9.99212E-05 9.99212E-05 9.99212E-05
0.0317576 0.026265 9.99386E-05 0.0735614 0.0266893 9.99386E-05 0.110647 9.99386E-05 0.305114 9.99386E-05 9.99386E-05 0.253629 0.122347 9.99386E-05 0.0492909 9.99386E-05
0.203132 9.99122E-05 9.99122E-05 9.99122E-05 9.99122E-05 9.99122E-05 9.99122E-05 0.0252529 0.600147 9.99122E-05 0.0615351 9.99122E-05 0.00843978 9.99122E-05 9.99122E-05 0.100494
9.99035E-05 9.99035E-05 0.0306345 9.99035E-05 0.0116435 0.0408376 0.0671578 9.99035E-05 0.848628 9.99035E-05 9.99035E-05 9.99035E-05 9.99035E-05 9.99035E-05 9.99035E-05 9.99035E-05
9.99299E-05 0.0202251 0.00220842 0.0116424 9.99299E-05 9.99299E-05 9.99299E-05 0.199956 0.633095 9.99299E-05 9.99299E-05 0.0225034 0.0881044 0.0214659 9.99299E-05 9.99299E-05
9.99299E-05 0.0104993 9.99299E-05 9.99299E-05 0.0129279 9.99299E-05 9.99299E-05 9.99299E-05 0.769732 9.99299E-05 9.99299E-05 0.116947 0.0231269 0.00463721 0.03728 0.0240504
9.98947E-05 9.98947E-05 9.98947E-05 9.98947E-05 9.98947E-05 9.98947E-05 0.145385 9.98947E-05 0.73982 9.98947E-05 9.98947E-05 9.98947E-05 0.103385 0.0102111 9.98947E-05 9.98947E-05
9.99123E-05 9.99123E-05 0.117808 0.00101909 9.99123E-05 0.149475 9.99123E-05 9.99123E-05 0.66379 9.99123E-05 9.99123E-05 0.0124222 9.99123E-05 0.0544874 9.99123E-05 9.99123E-05
9.98947E-05 9.98947E-05 9.98947E-05 0.0261865 9.98947E-05 9.98947E-05 9.98947E-05 9.98947E-05 0.831023 9.98947E-05 9.98947E-05 0.0735058 9.98947E-05 9.98947E-05 9.98947E-05 0.0680863
9.99035E-05 9.99035E-05 9.99035E-05 0.0622399 9.99035E-05 0.0402887 9.99035E-05 9.99035E-05 0.864237 9.99035E-05 9.99035E-05 0.0280147 9.99035E-05 0.00412026 9.99035E-05 9.99035E-05
9.99034E-05 0.0908906 0.0405246 0.0489861 9.99034E-05 9.99034E-05 9.99034E-05 9.99034E-05 9.99034E-05 9.99034E-05 9.99034E-05 0.124429 9.99034E-05 9.99034E-05 0.694071 9.99034E-05
9.98686E-05 9.98686E-05 9.98686E-05 9.98686E-05 9.98686E-05 9.98686E-05 9.98686E-05 9.98686E-05 9.98686E-05 9.98686E-05 9.98686E-05 9.98686E-05 9.98686E-05 9.98686E-05 0.998502 9.98686E-05
9.98947E-05 9.98947E-05 0.113693 9.98947E-05 9.98947E-05 9.98947E-05 9.98947E-05 0.0262468 9.98947E-05 0.019688 9.98947E-05 9.98947E-05 9.98947E-05 9.98947E-05 0.839174 9.98947E-05
9.99034E-05 0.132694 9.99034E-05 9.99034E-05 9.99034E-05 0.291447 0.0799471 9.99034E-05 9.99034E-05 9.99034E-05 9.99034E-05 0.0614004 9.99034E-05 9.99034E-05 0.433413 9.99034E-05
0.0333101 0.0631125 0.0110219 9.99296E-05 9.99296E-05 9.99296E-05 9.99296E-05 9.99296E-05 9.99296E-05 9.99296E-05 0.105183 0.00799023 9.99296E-05 0.00857862 0.743549 0.0264553
0.0161431 0.0686473 9.9912E-05 9.9912E-05 0.0312306 9.9912E-05 0.00182071 9.9912E-05 9.9912E-05 9.9912E-05 9.9912E-05 0.151255 9.9912E-05 9.9912E-05 0.729905 9.9912E-05
9.98946E-05 9.98946E-05 9.98946E-05 0.0360944 9.98946E-05 0.280597 9.98946E-05 9.98946E-05 9.98946E-05 9.98946E-05 9.98946E-05 0.18387 9.98946E-05 9.98946E-05 0.49824 9.98946E-05
9.99208E-05 0.0594089 0.102006 9.99208E-05 9.99208E-05 0.0869399 0.0410196 9.99208E-05 9.99208E-05 9.99208E-05 0.0144742 0.0533406 9.99208E-05 9.99208E-05 0.641911 9.99208E-05
9.98683E-05 9.98683E-05 9.98683E-05 9.98683E-05 9.98683E-05 9.98683E-05 9.98683E-05 9.98683E-05 9.98683E-05 9.98683E-05 9.98683E-05 9.98683E-05 9.98683E-05 9.98683E-05 0.998502 9.98683E-05
9.99033E-05 0.00108573 9.99033E-05 0.0487596 9.99033E-05 9.99033E-05 9.99033E-05 9.99033E-05 9.99033E-05 9.99033E-05 9.99033E-05 0.0140207 9.99033E-05 9.99033E-05 0.930596 0.00443903
9.98945E-05 0.079448 9.98945E-05 0.134293 9.98945E-05 9.98945E-05 9.98945E-05 9.98945E-05 9.98945E-05 9.98945E-05 9.98945E-05 0.245681 9.98945E-05 9.98945E-05 0.53938 9.98945E-05
0.167371 0.00180509 9.99297E-05 0.0798863 9.99297E-05 9.99297E-05 9.99297E-05 0.0892304 9.99297E-05 9.99297E-05 9.99297E-05 0.0910809 0.0342138 9.99297E-05 0.517354 0.0182589
9.99208E-05 0.0648849 9.99208E-05 0.128584 9.99208E-05 9.99208E-05 9.99208E-05 0.0409627 9.99208E-05 9.99208E-05 9.99208E-05 0.0253879 0.0388077 0.117942 0.582532 9.99208E-05
0.13429 9.99033E-05 9.99033E-05 9.99033E-05 9.99033E-05 0.0711347 9.99033E-05 9.99033E-05 9.99033E-05 9.99033E-05 9.99033E-05 0.178716 9.99033E-05 0.00832273 0.606438 9.99033E-05
9.98773E-05 9.98773E-05 9.98773E-05 9.98773E-05 0.0249881 9.98773E-05 9.98773E-05 9.98773E-05 9.98773E-05 9.98773E-05 9.98773E-05 9.98773E-05 9.98773E-05 9.98773E-05 0.973614 9.98773E-05
9.9886E-05 0.00318079 9.9886E-05 9.9886E-05 9.9886E-05 9.9886E-05 9.9886E-05 9.9886E-05 9.9886E-05 9.9886E-05 9.9886E-05 0.0443811 9.9886E-05 9.9886E-05 0.95114 9.9886E-05
9.99033E-05 9.99033E-05 0.0795279 9.99033E-05 9.99033E-05 9.99033E-05 9.99033E-05 0.042132 9.99033E-05 9.99033E-05 9.99033E-05 9.99033E-05 9.99033E-05 0.0311747 0.806446 0.0396209
0.0353197 0.0225349 9.99033E-05 0.0936984 9.99033E-05 9.99033E-05 9.99033E-05 9.99033E-05 9.99033E-05 9.99033E-05 9.99033E-05 9.99033E-05 9.99033E-05 9.99033E-05 0.67872 0.168628
9.98771E-05 9.98771E-05 0.103352 9.98771E-05 9.98771E-05 9.98771E-05 9.98771E-05 9.98771E-05 9.98771E-05 9.98771E-05 9.98771E-05 9.98771E-05 9.98771E-05 9.98771E-05 0.89525 9.98771E-05
9.99032E-05 9.99032E-05 9.99032E-05 0.0553585 9.99032E-05 9.99032E-05 9.99032E-05 0.0292392 9.99032E-05 9.99032E-05 9.99032E-05 0.224792 0.0242923 9.99032E-05 0.665219 9.99032E-05
9.98861E-05 9.98861E-05 9.98861E-05 9.98861E-05 9.98861E-05 9.98861E-05 9.98861E-05 9.98861E-05 9.98861E-05 0.0372958 9.98861E-05 9.98861E-05 9.98861E-05 0.0120605 0.949345 9.98861E-05
0.230874 9.98945E-05 0.037942 9.98945E-05 9.98945E-05 9.98945E-05 9.98945E-05 9.98945E-05 9.98945E-05 9.98945E-05 9.98945E-05 0.0997849 9.98945E-05 9.98945E-05 0.6302 9.98945E-05
0.0153343 9.99035E-05 9.99035E-05 9.99035E-05 9.99035E-05 9.99035E-05 0.145868 9.99035E-05 9.99035E-05 9.99035E-05 9.99035E-05 0.0312101 0.00931932 9.99035E-05 0.797169 9.99035E-05
9.99297E-05 0.0377065 0.119941 9.99297E-05 0.114473 9.99297E-05 0.0624312 0.0426293 9.99297E-05 9.99297E-05 9.99297E-05 9.99297E-05 9.99297E-05 0.00165401 0.592859 0.0275057
9.9877E-05 9.9877E-05 9.9877E-05 0.157816 9.9877E-05 9.9877E-05 9.9877E-05 9.9877E-05 9.9877E-05 9.9877E-05 9.9877E-05 9.9877E-05 9.9877E-05 9.9877E-05 0.840785 9.9877E-05
9.98861E-05 0.0775194 9.98861E-05 9.98861E-05 9.98861E-05 9.98861E-05 9.98861E-05 9.98861E-05 9.98861E-05 9.98861E-05 9.98861E-05 0.0200513 9.98861E-05 9.98861E-05 0.901131 9.98861E-05
9.98685E-05 9.98685E-05 9.98685E-05 9.98685E-05 9.98685E-05 9.98685E-05 9.98685E-05 9.98685E-05 9.98685E-05 9.98685E-05 9.98685E-05 9.98685E-05 9.98685E-05 9.98685E-05 0.998502 9.98685E-05
9.98859E-05 9.98859E-05 9.98859E-05 9.98859E-05 9.98859E-05 9.98859E-05 9.98859E-05 9.98859E-05 9.98859E-05 9.98859E-05 9.98859E-05 0.056303 0.0115598 9.98859E-05 0.930839 9.98859E-05
9.98773E-05 9.98773E-05 0.105685 9.98773E-05 9.98773E-05 9.98773E-05 9.98773E-05 9.98773E-05 9.98773E-05 9.98773E-05 9.98773E-05 9.98773E-05 9.98773E-05 9.98773E-05 0.892917 9.98773E-05
9.99123E-05 0.121562 9.99123E-05 9.99123E-05 9.99123E-05 9.99123E-05 9.99123E-05 9.99123E-05 9.99123E-05 0.0992766 9.99123E-05 0.130292 0.00254475 0.0143043 0.631022 9.99123E-05
9.98859E-05 0.0953684 9.98859E-05 9.98859E-05 9.98859E-05 9.98859E-05 0.806494 9.98859E-05 9.98859E-05 9.98859E-05 9.98859E-05 0.0968391 9.98859E-05 9.98859E-05 9.98859E-05 9.98859E-05
9.98948E-05 0.0447108 9.98948E-05 9.98948E-05 9.98948E-05 9.98948E-05 0.551731 9.98948E-05 9.98948E-05 0.354953 9.98948E-05 0.0474067 9.98948E-05 9.98948E-05 9.98948E-05 9.98948E-05
0.0033011 9.98946E-05 9.98946E-05 0.0118821 9.98946E-05 9.98946E-05 0.849624 9.98946E-05 9.98946E-05 9.98946E-05 9.98946E-05 0.133995 9.98946E-05 9.98946E-05 9.98946E-05 9.98946E-05
9.98945E-05 0.0477571 9.98945E-05 0.00247865 9.98945E-05 9.98945E-05 0.864021 9.98945E-05 9.98945E-05 9.98945E-05 9.98945E-05 0.0845447 9.98945E-05 9.98945E-05 9.98945E-05 9.98945E-05
9.99033E-05 0.0559138 0.00739807 9.99033E-05 0.0641403 9.99033E-05 0.862453 9.99033E-05 9.99033E-05 9.99033E-05 0.00899578 9.99033E-05 9.99033E-05 9.99033E-05 9.99033E-05 9.99033E-05
9.98947E-05 0.151129 9.98947E-05 9.98947E-05 9.98947E-05 0.058921 0.617229 9.98947E-05 9.98947E-05 9.98947E-05 9.98947E-05 0.171523 9.98947E-05 9.98947E-05 9.98947E-05 9.98947E-05
0.0270755 0.0431404 0.0114832 0.0140351 9.99122E-05 9.99122E-05 0.806086 9.99122E-05 9.99122E-05 9.99122E-05 9.99122E-05 0.0971811 9.99122E-05 9.99122E-05 9.99122E-05 9.99122E-05
9.98771E-05 0.247196 9.98771E-05 9.98771E-05 9.98771E-05 9.98771E-05 0.751405 9.98771E-05 9.98771E-05 9.98771E-05 9.98771E-05 9.98771E-05 9.98771E-05 9.98771E-05 9.98771E-05 9.98771E-05
0.120872 0.304775 9.99121E-05 0.020399 9.99121E-05 0.0821831 0.419034 9.99121E-05 9.99121E-05 9.99121E-05 9.99121E-05 0.0517387 9.99121E-05 9.99121E-05 9.99121E-05 9.99121E-05
0.0252432 0.210519 9.99034E-05 0.0204415 9.99034E-05 9.99034E-05 0.476794 9.99034E-05 9.99034E-05 9.99034E-05 9.99034E-05 0.265904 9.99034E-05 9.99034E-05 9.99034E-05 9.99034E-05
9.99035E-05 0.0331857 9.99035E-05 9.99035E-05 9.99035E-05 0.187758 0.59915 9.99035E-05 9.99035E-05 0.161831 9.99035E-05 0.016977 9.99035E-05 9.99035E-05 9.99035E-05 9.99035E-05
9.98947E-05 9.98947E-05 9.98947E-05 9.98947E-05 9.98947E-05 0.194003 0.703265 9.98947E-05 9.98947E-05 0.0298935 9.98947E-05 0.0716401 9.98947E-05 9.98947E-05 9.98947E-05 9.98947E-05
9.98861E-05 0.0549677 9.98861E-05 9.98861E-05 9.98861E-05 9.98861E-05 0.920438 9.98861E-05 9.98861E-05 0.0232956 9.98861E-05 9.98861E-05 9.98861E-05 9.98861E-05 9.98861E-05 9.98861E-05
9.99035E-05 0.13602 9.99035E-05 0.00852276 9.99035E-05 9.99035E-05 0.625757 9.99035E-05 9.99035E-05 0.0263206 9.99035E-05 0.20228 9.99035E-05 9.99035E-05 9.99035E-05 9.99035E-05
9.99123E-05 0.0384531 0.141829 0.00889796 9.99123E-05 9.99123E-05 0.729498 0.0234122 9.99123E-05 0.0569109 9.99123E-05 9.99123E-05 9.99123E-05 9.99123E-05 9.99123E-05 9.99123E-05
9.99123E-05 0.00938984 9.99123E-05 9.99123E-05 9.99123E-05 0.0796694 0.656453 0.0151711 9.99123E-05 9.99123E-05 0.0350689 0.203249 9.99123E-05 9.99123E-05 9.99123E-05 9.99123E-05
9.99034E-05 9.99034E-05 9.99034E-05 9.99034E-05 9.99034E-05 0.283879 0.50198 9.99034E-05 9.99034E-05 0.0117741 0.0589427 0.142325 9.99034E-05 9.99034E-05 9.99034E-05 9.99034E-05
0.132249 0.0685148 9.99036E-05 9.99036E-05 9.99036E-05 9.99036E-05 0.75086 9.99036E-05 0.00286854 9.99036E-05 9.99036E-05 9.99036E-05 9.99036E-05 0.044408 9.99036E-05 9.99036E-05
9.98685E-05 9.98685E-05 9.98685E-05 9.98685E-05 9.98685E-05 9.98685E-05 0.998502 9.98685E-05 9.98685E-05 9.98685E-05 9.98685E-05 9.98685E-05 9.98685E-05 9.98685E-05 9.98685E-05 9.98685E-05
9.99386E-05 0.0506992 9.99386E-05 0.0340069 0.0468736 9.99386E-05 0.353935 9.99386E-05 9.99386E-05 0.151584 0.016323 0.165693 0.0878099 9.99386E-05 9.99386E-05 0.0923749
9.99035E-05 0.0714426 9.99035E-05 9.99035E-05 9.99035E-05 0.0835046 0.728585 9.99035E-05 9.99035E-05 9.99035E-05 9.99035E-05 0.0703164 9.99035E-05 0.0450525 9.99035E-05 9.99035E-05
9.98771E-05 0.0511021 9.98771E-05 9.98771E-05 9.98771E-05 9.98771E-05 0.9475 9.98771E-05 9.98771E-05 9.98771E-05 9.98771E-05 9.98771E-05 9.98771E-05 9.98771E-05 9.98771E-05 9.98771E-05
9.99122E-05 0.265978 9.99122E-05 9.99122E-05 9.99122E-05 0.0947007 0.353676 9.99122E-05 9.99122E-05 9.99122E-05 0.105178 0.174671 9.99122E-05 0.00479758 9.99122E-05 9.99122E-05
9.98947E-05 0.177772 9.98947E-05 9.98947E-05 9.98947E-05 9.98947E-05 0.739857 9.98947E-05 9.98947E-05 0.0768662 9.98947E-05 0.00430615 9.98947E-05 9.98947E-05 9.98947E-05 9.98947E-05
9.99034E-05 0.220837 9.99034E-05 9.99034E-05 9.99034E-05 0.0827443 0.42097 9.99034E-05 9.99034E-05 9.99034E-05 0.0683979 0.205952 9.99034E-05 9.99034E-05 9.99034E-05 9.99034E-05
9.99123E-05 0.132691 9.99123E-05 9.99123E-05 9.99123E-05 0.0178058 0.481674 9.99123E-05 9.99123E-05 0.197537 9.99123E-05 0.131255 9.99123E-05 9.99123E-05 0.0380371 9.99123E-05
9.99035E-05 9.99035E-05 9.99035E-05 9.99035E-05 0.11378 9.99035E-05 0.219519 9.99035E-05 9.99035E-05 0.563877 9.99035E-05 0.0522041 0.0495207 9.99035E-05 9.99035E-05 9.99035E-05
9.98857E-05 0.0905204 9.98857E-05 9.98857E-05 9.98857E-05 9.98857E-05 0.803013 9.98857E-05 9.98857E-05 9.98857E-05 9.98857E-05 0.105168 9.98857E-05 9.98857E-05 9.98857E-05 9.98857E-05
9.9886E-05 0.188065 9.9886E-05 9.9886E-05 9.9886E-05 9.9886E-05 0.580994 9.9886E-05 9.9886E-05 9.9886E-05 9.9886E-05 0.229643 9.9886E-05 9.9886E-05 9.9886E-05 9.9886E-05
9.99123E-05 9.99123E-05 0.0097533 0.0344895 9.99123E-05 9.99123E-05 0.655571 9.99123E-05 9.99123E-05 0.0246269 9.99123E-05 0.15421 9.99123E-05 0.12035 9.99123E-05 9.99123E-05
9.99035E-05 0.00396256 9.99035E-05 0.0462328 9.99035E-05 0.0431624 0.746684 9.99035E-05 9.99035E-05 9.99035E-05 9.99035E-05 0.15886 9.99035E-05 9.99035E-05 9.99035E-05 9.99035E-05
9.98859E-05 9.98859E-05 9.98859E-05 0.0266549 9.98859E-05 9.98859E-05 0.968525 9.98859E-05 9.98859E-05 9.98859E-05 9.98859E-05 0.0035218 9.98859E-05 9.98859E-05 9.98859E-05 9.98859E-05
9.98946E-05 0.333527 9.98946E-05 9.98946E-05 9.98946E-05 9.98946E-05 0.397975 9.98946E-05 9.98946E-05 9.98946E-05 0.129284 0.138014 9.98946E-05 9.98946E-05 9.98946E-05 9.98946E-05
0.133493 0.0416771 9.99034E-05 9.99034E-05 9.99034E-05 9.99034E-05 0.692603 9.99034E-05 9.99034E-05 9.99034E-05 0.0758995 0.0552281 9.99034E-05 9.99034E-05 9.99034E-05 9.99034E-05
9.98772E-05 9.98772E-05 9.98772E-05 9.98772E-05 9.98772E-05 9.98772E-05 0.915287 9.98772E-05 9.98772E-05 9.98772E-05 9.98772E-05 0.0833151 9.98772E-05 9.98772E-05 9.98772E-05 9.98772E-05
0.0176186 0.072218 9.99122E-05 0.0783671 9.99122E-05 0.0359396 0.723427 9.99122E-05 9.99122E-05 0.0714302 9.99122E-05 9.99122E-05 9.99122E-05 9.99122E-05 9.99122E-05 9.99122E-05
9.98945E-05 0.0634309 0.00182218 9.98945E-05 9.98945E-05 9.98945E-05 0.705753 9.98945E-05 9.98945E-05 9.98945E-05 9.98945E-05 0.227795 9.98945E-05 9.98945E-05 9.98945E-05 9.98945E-05
9.99034E-05 0.0753552 9.99034E-05 9.99034E-05 9.99034E-05 9.99034E-05 0.401383 9.99034E-05 9.99034E-05 0.49447 9.99034E-05 0.00253057 9.99034E-05 0.0251622 9.99034E-05 9.99034E-05
9.99035E-05 9.99035E-05 9.99035E-05 9.99035E-05 9.99035E-05 9.99035E-05 0.658339 9.99035E-05 9.99035E-05 0.203637 0.0184431 0.112873 0.0056076 9.99035E-05 9.99035E-05 9.99035E-05
9.98949E-05 0.0169086 9.98949E-05 9.98949E-05 9.98949E-05 9.98949E-05 0.726718 9.98949E-05 9.98949E-05 0.237676 9.98949E-05 9.98949E-05 9.98949E-05 0.0174988 9.98949E-05 9.98949E-05
9.99035E-05 0.0110252 0.00245063 9.99035E-05 9.99035E-05 9.99035E-05 0.509017 9.99035E-05 9.99035E-05 0.436278 0.0401305 9.99035E-05 9.99035E-05 9.99035E-05 9.99035E-05 9.99035E-05
9.98946E-05 0.149802 9.98946E-05 9.98946E-05 9.98946E-05 0.0718471 0.478997 9.98946E-05 9.98946E-05 9.98946E-05 9.98946E-05 0.298154 9.98946E-05 9.98946E-05 9.98946E-05 9.98946E-05
0.00691284 0.158054 9.98946E-05 9.98946E-05 9.98946E-05 9.98946E-05 0.822893 9.98946E-05 9.98946E-05 9.98946E-05 9.98946E-05 9.98946E-05 9.98946E-05 0.0109417 9.98946E-05 9.98946E-05
9.99035E-05 0.120006 9.99035E-05 9.99035E-05 9.99035E-05 9.99035E-05 0.322174 9.99035E-05 9.99035E-05 0.411929 0.086179 0.0586132 9.99035E-05 9.99035E-05 9.99035E-05 9.99035E-05
9.9886E-05 9.9886E-05 9.9886E-05 9.9886E-05 9.9886E-05 9.9886E-05 0.515339 9.9886E-05 9.9886E-05 0.441146 9.9886E-05 0.0422164 9.9886E-05 9.9886E-05 9.9886E-05 9.9886E-05
9.98946E-05 0.174063 9.98946E-05 9.98946E-05 9.98946E-05 0.134861 0.587513 9.98946E-05 9.98946E-05 9.98946E-05 0.102364 9.98946E-05 9.98946E-05 9.98946E-05 9.98946E-05 9.98946E-05
9.99035E-05 0.115946 9.99035E-05 9.99035E-05 9.99035E-05 9.99035E-05 0.539577 9.99035E-05 9.99035E-05 0.0245267 9.99035E-05 0.105662 9.99035E-05 9.99035E-05 0.213189 9.99035E-05
0.0101868 0.143355 9.99299E-05 9.99299E-05 0.128182 0.13025 0.526444 0.0101704 9.99299E-05 0.0152729 9.99299E-05 0.0353398 9.99299E-05 9.99299E-05 9.99299E-05 9.99299E-05
0.0604042 0.306926 9.99123E-05 0.00335243 9.99123E-05 9.99123E-05 0.42101 9.99123E-05 9.99123E-05 9.99123E-05 0.0274415 0.179867 9.99123E-05 9.99123E-05 9.99123E-05 9.99123E-05
9.9886E-05 9.9886E-05 9.9886E-05 9.9886E-05 9.9886E-05 9.9886E-05 0.530059 9.9886E-05 9.9886E-05 0.447161 9.9886E-05 0.021481 9.9886E-05 9.9886E-05 9.9886E-05 9.9886E-05
9.98858E-05 9.98858E-05 9.98858E-05 9.98858E-05 9.98858E-05 9.98858E-05 0.733675 9.98858E-05 9.98858E-05 9.98858E-05 9.98858E-05 0.118411 9.98858E-05 9.98858E-05 9.98858E-05 0.146615
9.99122E-05 0.118663 9.99122E-05 0.0152852 9.99122E-05 9.99122E-05 0.226339 9.99122E-05 9.99122E-05 0.492715 9.99122E-05 9.99122E-05 9.99122E-05 0.0905509 0.0554477 9.99122E-05
9.98948E-05 0.0987878 9.98948E-05 9.98948E-05 9.98948E-05 9.98948E-05 0.519372 9.98948E-05 9.98948E-05 0.222209 9.98948E-05 0.158432 9.98948E-05 9.98948E-05 9.98948E-05 9.98948E-05
9.98947E-05 0.0674435 9.98947E-05 9.98947E-05 9.98947E-05 0.0360382 0.844226 0.0510932 9.98947E-05 9.98947E-05 9.98947E-05 9.98947E-05 9.98947E-05 9.98947E-05 9.98947E-05 9.98947E-05
9.98946E-05 9.98946E-05 0.0426244 0.0370504 9.98946E-05 9.98946E-05 0.909884 9.98946E-05 9.98946E-05 9.98946E-05 9.98946E-05 9.98946E-05 9.98946E-05 9.98946E-05 9.98946E-05 0.00924282
9.98947E-05 0.205553 9.98947E-05 9.98947E-05 9.98947E-05 0.220178 0.352294 9.98947E-05 9.98947E-05 9.98947E-05 9.98947E-05 0.220776 9.98947E-05 9.98947E-05 9.98947E-05 9.98947E-05
9.98858E-05 0.21547 9.98858E-05 9.98858E-05 9.98858E-05 9.98858E-05 0.636456 9.98858E-05 9.98858E-05 9.98858E-05 9.98858E-05 0.146775 9.98858E-05 9.98858E-05 9.98858E-05 9.98858E-05
9.99034E-05 0.0565215 9.99034E-05 0.0338015 0.000563419 9.99034E-05 0.90769 0.00032477 9.99034E-05 9.99034E-05 9.99034E-05 9.99034E-05 9.99034E-05 9.99034E-05 9.99034E-05 9.99034E-05
9.99035E-05 9.99035E-05 9.99035E-05 9.99035E-05 0.0168598 9.99035E-05 0.687226 9.99035E-05 9.99035E-05 0.0461208 0.237817 0.0108773 9.99035E-05 9.99035E-05 9.99035E-05 9.99035E-05
9.99034E-05 0.20424 9.99034E-05 9.99034E-05 9.99034E-05 0.0582756 0.567878 9.99034E-05 9.99034E-05 0.0950378 9.99034E-05 0.0734699 9.99034E-05 9.99034E-05 9.99034E-05 9.99034E-05
9.98681E-05 9.98681E-05 9.98681E-05 9.98681E-05 9.98681E-05 9.98681E-05 9.98681E-05 9.98681E-05 9.98681E-05 9.98681E-05 9.98681E-05 0.998502 9.98681E-05 9.98681E-05 9.98681E-05 9.98681E-05
9.9868E-05 0.998502 9.9868E-05 9.9868E-05 9.9868E-05 9.9868E-05 9.9868E-05 9.9868E-05 9.9868E-05 9.9868E-05 9.9868E-05 9.9868E-05 9.9868E-05 9.9868E-05 9.9868E-05 9.9868E-05
9.98681E-05 9.98681E-05 9.98681E-05 9.98681E-05 9.98681E-05 9.98681E-05 9.98681E-05 9.98681E-05 9.98681E-05 9.98681E-05 9.98681E-05 0.998502 9.98681E-05 9.98681E-05 9.98681E-05 9.98681E-05
9.98681E-05 0.998502 9.98681E-05 9.98681E-05 9.98681E-05 9.98681E-05 9.98681E-05 9.98681E-05 9.98681E-05 9.98681E-05 9.98681E-05 9.98681E-05 9.98681E-05 9.98681E-05 9.98681E-05 9.98681E-05
9.9868E-05 0.998502 9.9868E-05 9.9868E-05 9.9868E-05 9.9868E-05 9.9868E-05 9.9868E-05 9.9868E-05 9.9868E-05 9.9868E-05 9.9868E-05 9.9868E-05 9.9868E-05 9.9868E-05 9.9868E-05
9.98682E-05 0.998502 9.98682E-05 9.98682E-05 9.98682E-05 9.98682E-05 9.98682E-05 9.98682E-05 9.98682E-05 9.98682E-05 9.98682E-05 9.98682E-05 9.98682E-05 9.98682E-05 9.98682E-05 9.98682E-05
9.98681E-05 9.98681E-05 9.98681E-05 9.98681E-05 9.98681E-05 9.98681E-05 9.98681E-05 9.98681E-05 9.98681E-05 9.98681E-05 9.98681E-05 0.998502 9.98681E-05 9.98681E-05 9.98681E-05 9.98681E-05
9.98681E-05 0.998502 9.98681E-05 9.98681E-05 9.98681E-05 9.98681E-05 9.98681E-05 9.98681E-05 9.98681E-05 9.98681E-05 9.98681E-05 9.98681E-05 9.98681E-05 9.98681E-05 9.98681E-05 9.98681E-05
9.9868E-05 0.998502 9.9868E-05 9.9868E-05 9.9868E-05 9.9868E-05 9.9868E-05 9.9868E-05 9.9868E-05 9.9868E-05 9.9868E-05 9.9868E-05 9.9868E-05 9.9868E-05 9.9868E-05 9.9868E-05
9.98681E-05 9.98681E-05 9.98681E-05 9.98681E-05 9.98681E-05 9.98681E-05 9.98681E-05 9.98681E-05 9.98681E-05 9.98681E-05 9.98681E-05 0.998502 9.98681E-05 9.98681E-05 9.98681E-05 9.98681E-05
9.9868E-05 9.9868E-05 9.9868E-05 9.9868E-05 9.9868E-05 9.9868E-05 9.9868E-05 9.9868E-05 9.9868E-05 9.9868E-05 9.9868E-05 0.998502 9.9868E-05 9.9868E-05 9.9868E-05 9.9868E-05
9.98681E-05 9.98681E-05 9.98681E-05 9.98681E-05 9.98681E-05 9.98681E-05 9.98681E-05 9.98681E-05 9.98681E-05 9.98681E-05 9.98681E-05 0.998502 9.98681E-05 9.98681E-05 9.98681E-05 9.98681E-05
9.98681E-05 0.998502 9.98681E-05 9.98681E-05 9.98681E-05 9.98681E-05 9.98681E-05 9.98681E-05 9.98681E-05 9.98681E-05 9.98681E-05 9.98681E-05 9.98681E-05 9.98681E-05 9.98681E-05 9.98681E-05
9.9868E-05 0.998502 9.9868E-05 9.9868E-05 9.9868E-05 9.9868E-05 9.9868E-05 9.9868E-05 9.9868E-05 9.9868E-05 9.9868E-05 9.9868E-05 9.9868E-05 9.9868E-05 9.9868E-05 9.9868E-05
9.9877E-05 9.9877E-05 9.9877E-05 0.00334371 9.9877E-05 9.9877E-05 9.9877E-05 9.9877E-05 9.9877E-05 9.9877E-05 9.9877E-05 0.995258 9.9877E-05 9.9877E-05 9.9877E-05 9.9877E-05
9.98681E-05 9.98681E-05 9.98681E-05 9.98681E-05 9.98681E-05 9.98681E-05 9.98681E-05 9.98681E-05 9.98681E-05 9.98681E-05 9.98681E-05 0.998502 9.98681E-05 9.98681E-05 9.98681E-05 9.98681E-05
9.99121E-05 0.0585428 9.99121E-05 9.99121E-05 0.0933974 9.99121E-05 0.569239 9.99121E-05 9.99121E-05 9.99121E-05 9.99121E-05 0.0842131 0.112337 9.99121E-05 9.99121E-05 0.0812724
9.98914E-05 9.98914E-05 9.98914E-05 9.98914E-05 9.98914E-05 9.98914E-05 0.00926955 0.00636022 9.98914E-05 9.98914E-05 9.98914E-05 0.983072 9.98914E-05 9.98914E-05 9.98914E-05 9.98914E-05
9.98681E-05 0.998502 9.98681E-05 9.98681E-05 9.98681E-05 9.98681E-05 9.98681E-05 9.98681E-05 9.98681E-05 9.98681E-05 9.98681E-05 9.98681E-05 9.98681E-05 9.98681E-05 9.98681E-05 9.98681E-05
9.98681E-05 9.98681E-05 9.98681E-05 9.98681E-05 9.98681E-05 9.98681E-05 9.98681E-05 9.98681E-05 9.98681E-05 9.98681E-05 9.98681E-05 0.998502 9.98681E-05 9.98681E-05 9.98681E-05 9.98681E-05
9.98681E-05 9.98681E-05 9.98681E-05 9.98681E-05 9.98681E-05 9.98681E-05 9.98681E-05 9.98681E-05 9.98681E-05 9.98681E-05 9.98681E-05 0.998502 9.98681E-05 9.98681E-05 9.98681E-05 9.98681E-05
9.98681E-05 9.98681E-05 9.98681E-05 9.98681E-05 9.98681E-05 9.98681E-05 9.98681E-05 9.98681E-05 9.98681E-05 9.98681E-05 9.98681E-05 0.998502 9.98681E-05 9.98681E-05 9.98681E-05 9.98681E-05
9.98681E-05 0.998502 9.98681E-05 9.98681E-05 9.98681E-05 9.98681E-05 9.98681E-05 9.98681E-05 9.98681E-05 9.98681E-05 9.98681E-05 9.98681E-05 9.98681E-05 9.98681E-05 9.98681E-05 9.98681E-05
9.98681E-05 9.98681E-05 9.98681E-05 9.98681E-05 9.98681E-05 9.98681E-05 9.98681E-05 9.98681E-05 9.98681E-05 9.98681E-05 9.98681E-05 0.998502 9.98681E-05 9.98681E-05 9.98681E-05 9.98681E-05
9.98681E-05 0.998502 9.98681E-05 9.98681E-05 9.98681E-05 9.98681E-05 9.98681E-05 9.98681E-05 9.98681E-05 9.98681E-05 9.98681E-05 9.98681E-05 9.98681E-05 9.98681E-05 9.98681E-05 9.98681E-05
9.98682E-05 9.98682E-05 9.98682E-05 9.98682E-05 9.98682E-05 9.98682E-05 9.98682E-05 9.98682E-05 9.98682E-05 9.98682E-05 9.98682E-05 0.998502 9.98682E-05 9.98682E-05 9.98682E-05 9.98682E-05
9.98681E-05 9.98681E-05 9.98681E-05 9.98681E-05 9.98681E-05 9.98681E-05 9.98681E-05 9.98681E-05 9.98681E-05 9.98681E-05 9.98681E-05 0.998502 9.98681E-05 9.98681E-05 9.98681E-05 9.98681E-05
9.9868E-05 0.998502 9.9868E-05 9.9868E-05 9.9868E-05 9.9868E-05 9.9868E-05 9.9868E-05 9.9868E-05 9.9868E-05 9.9868E-05 9.9868E-05 9.9868E-05 9.9868E-05 9.9868E-05 9.9868E-05
9.98681E-05 0.998502 9.98681E-05 9.98681E-05 9.98681E-05 9.98681E-05 9.98681E-05 9.98681E-05 9.98681E-05 9.98681E-05 9.98681E-05 9.98681E-05 9.98681E-05 9.98681E-05 9.98681E-05 9.98681E-05
9.98681E-05 0.998502 9.98681E-05 9.98681E-05 9.98681E-05 9.98681E-05 9.98681E-05 9.98681E-05 9.98681E-05 9.98681E-05 9.98681E-05 9.98681E-05 9.98681E-05 9.98681E-05 9.98681E-05 9.98681E-05
9.98681E-05 9.98681E-05 9.98681E-05 9.98681E-05 9.98681E-05 9.98681E-05 9.98681E-05 9.98681E-05 9.98681E-05 9.98681E-05 9.98681E-05 0.998502 9.98681E-05 9.98681E-05 9.98681E-05 9.98681E-05
9.98681E-05 9.98681E-05 9.98681E-05 9.98681E-05 9.98681E-05 9.98681E-05 9.98681E-05 9.98681E-05 9.98681E-05 9.98681E-05 9.98681E-05 0.998502 9.98681E-05 9.98681E-05 9.98681E-05 9.98681E-05
9.9868E-05 9.9868E-05 9.9868E-05 9.9868E-05 9.9868E-05 9.9868E-05 9.9868E-05 9.9868E-05 9.9868E-05 9.9868E-05 9.9868E-05 0.998502 9.9868E-05 9.9868E-05 9.9868E-05 9.9868E-05
9.98681E-05 9.98681E-05 9.98681E-05 9.98681E-05 9.98681E-05 9.98681E-05 9.98681E-05 9.98681E-05 9.98681E-05 9.98681E-05 9.98681E-05 0.998502 9.98681E-05 9.98681E-05 9.98681E-05 9.98681E-05
9.98681E-05 9.98681E-05 9.98681E-05 9.98681E-05 9.98681E-05 9.98681E-05 9.98681E-05 9.98681E-05 9.98681E-05 9.98681E-05 9.98681E-05 0.998502 9.98681E-05 9.98681E-05 9.98681E-05 9.98681E-05
9.98681E-05 0.998502 9.98681E-05 9.98681E-05 9.98681E-05 9.98681E-05 9.98681E-05 9.98681E-05 9.98681E-05 9.98681E-05 9.98681E-05 9.98681E-05 9.98681E-05 9.98681E-05 9.98681E-05 9.98681E-05
9.98681E-05 0.998502 9.98681E-05 9.98681E-05 9.98681E-05 9.98681E-05 9.98681E-05 9.98681E-05 9.98681E-05 9.98681E-05 9.98681E-05 9.98681E-05 9.98681E-05 9.98681E-05 9.98681E-05 9.98681E-05
9.98681E-05 0.998502 9.98681E-05 9.98681E-05 9.98681E-05 9.98681E-05 9.98681E-05 9.98681E-05 9.98681E-05 9.98681E-05 9.98681E-05 9.98681E-05 9.98681E-05 9.98681E-05 9.98681E-05 9.98681E-05
9.98681E-05 9.98681E-05 9.98681E-05 9.98681E-05 9.98681E-05 9.98681E-05 9.98681E-05 9.98681E-05 9.98681E-05 9.98681E-05 9.98681E-05 0.998502 9.98681E-05 9.98681E-05 9.98681E-05 9.98681E-05
9.9868E-05 0.998502 9.9868E-05 9.9868E-05 9.9868E-05 9.9868E-05 9.9868E-05 9.9868E-05 9.9868E-05 9.9868E-05 9.9868E-05 9.9868E-05 9.9868E-05 9.9868E-05 9.9868E-05 9.9868E-05
9.98681E-05 0.998502 9.98681E-05 9.98681E-05 9.98681E-05 9.98681E-05 9.98681E-05 9.98681E-05 9.98681E-05 9.98681E-05 9.98681E-05 9.98681E-05 9.98681E-05 9.98681E-05 9.98681E-05 9.98681E-05
9.9868E-05 0.998502 9.9868E-05 9.9868E-05 9.9868E-05 9.9868E-05 9.9868E-05 9.9868E-05 9.9868E-05 9.9868E-05 9.9868E-05 9.9868E-05 9.9868E-05 9.9868E-05 9.9868E-05 9.9868E-05
9.98681E-05 0.998502 9.98681E-05 9.98681E-05 9.98681E-05 9.98681E-05 9.98681E-05 9.98681E-05 9.98681E-05 9.98681E-05 9.98681E-05 9.98681E-05 9.98681E-05 9.98681E-05 9.98681E-05 9.98681E-05
9.9868E-05 9.9868E-05 9.9868E-05 9.9868E-05 9.9868E-05 9.9868E-05 9.9868E-05 9.9868E-05 9.9868E-05 9.9868E-05 9.9868E-05 0.998502 9.9868E-05 9.9868E-05 9.9868E-05 9.9868E-05
9.98682E-05 0.998502 9.98682E-05 9.98682E-05 9.98682E-05 9.98682E-05 9.98682E-05 9.98682E-05 9.98682E-05 9.98682E-05 9.98682E-05 9.98682E-05 9.98682E-05 9.98682E-05 9.98682E-05 9.98682E-05
9.98681E-05 0.998502 9.98681E-05 9.98681E-05 9.98681E-05 9.98681E-05 9.98681E-05 9.98681E-05 9.98681E-05 9.98681E-05 9.98681E-05 9.98681E-05 9.98681E-05 9.98681E-05 9.98681E-05 9.98681E-05
9.99209E-05 0.00633643 9.99209E-05 9.99209E-05 0.089211 9.99209E-05 0.622463 0.000129214 9.99209E-05 9.99209E-05 9.99209E-05 0.10712 0.0564486 9.99209E-05 9.99209E-05 0.117392
9.98681E-05 9.98681E-05 9.98681E-05 9.98681E-05 9.98681E-05 9.98681E-05 9.98681E-05 9.98681E-05 9.98681E-05 9.98681E-05 9.98681E-05 0.998502 9.98681E-05 9.98681E-05 9.98681E-05 9.98681E-05
9.98681E-05 0.998502 9.98681E-05 9.98681E-05 9.98681E-05 9.98681E-05 9.98681E-05 9.98681E-05 9.98681E-05 9.98681E-05 9.98681E-05 9.98681E-05 9.98681E-05 9.98681E-05 9.98681E-05 9.98681E-05
9.98681E-05 0.998502 9.98681E-05 9.98681E-05 9.98681E-05 9.98681E-05 9.98681E-05 9.98681E-05 9.98681E-05 9.98681E-05 9.98681E-05 9.98681E-05 9.98681E-05 9.98681E-05 9.98681E-05 9.98681E-05
9.98682E-05 0.998502 9.98682E-05 9.98682E-05 9.98682E-05 9.98682E-05 9.98682E-05 9.98682E-05 9.98682E-05 9.98682E-05 9.98682E-05 9.98682E-05 9.98682E-05 9.98682E-05 9.98682E-05 9.98682E-05
9.98681E-05 0.998502 9.98681E-05 9.98681E-05 9.98681E-05 9.98681E-05 9.98681E-05 9.98681E-05 9.98681E-05 9.98681E-05 9.98681E-05 9.98681E-05 9.98681E-05 9.98681E-05 9.98681E-05 9.98681E-05
9.98681E-05 9.98681E-05 9.98681E-05 9.98681E-05 9.98681E-05 9.98681E-05 9.98681E-05 9.98681E-05 9.98681E-05 9.98681E-05 9.98681E-05 0.998502 9.98681E-05 9.98681E-05 9.98681E-05 9.98681E-05
9.98681E-05 0.998502 9.98681E-05 9.98681E-05 9.98681E-05 9.98681E-05 9.98681E-05 9.98681E-05 9.98681E-05 9.98681E-05 9.98681E-05 9.98681E-05 9.98681E-05 9.98681E-05 9.98681E-05 9.98681E-05
9.98681E-05 9.98681E-05 9.98681E-05 9.98681E-05 9.98681E-05 9.98681E-05 9.98681E-05 9.98681E-05 9.98681E-05 9.98681E-05 9.98681E-05 0.998502 9.98681E-05 9.98681E-05 9.98681E-05 9.98681E-05
9.98681E-05 0.998502 9.98681E-05 9.98681E-05 9.98681E-05 9.98681E-05 9.98681E-05 9.98681E-05 9.98681E-05 9.98681E-05 9.98681E-05 9.98681E-05 9.98681E-05 9.98681E-05 9.98681E-05 9.98681E-05
9.98681E-05 9.98681E-05 9.98681E-05 9.98681E-05 9.98681E-05 9.98681E-05 9.98681E-05 9.98681E-05 9.98681E-05 9.98681E-05 9.98681E-05 0.998502 9.98681E-05 9.98681E-05 9.98681E-05 9.98681E-05
9.98681E-05 0.998502 9.98681E-05 9.98681E-05 9.98681E-05 9.98681E-05 9.98681E-05 9.98681E-05 9.98681E-05 9.98681E-05 9.98681E-05 9.98681E-05 9.98681E-05 9.98681E-05 9.98681E-05 9.98681E-05
9.98681E-05 0.998502 9.98681E-05 9.98681E-05 9.98681E-05 9.98681E-05 9.98681E-05 9.98681E-05 9.98681E-05 9.98681E-05 9.98681E-05 9.98681E-05 9.98681E-05 9.98681E-05 9.98681E-05 9.98681E-05
9.9868E-05 0.998502 9.9868E-05 9.9868E-05 9.9868E-05 9.9868E-05 9.9868E-05 9.9868E-05 9.9868E-05 9.9868E-05 9.9868E-05 9.9868E-05 9.9868E-05 9.9868E-05 9.9868E-05 9.9868E-05
9.98681E-05 0.998502 9.98681E-05 9.98681E-05 9.98681E-05 9.98681E-05 9.98681E-05 9.98681E-05 9.98681E-05 9.98681E-05 9.98681E-05 9.98681E-05 9.98681E-05 9.98681E-05 9.98681E-05 9.98681E-05
9.98681E-05 0.998502 9.98681E-05 9.98681E-05 9.98681E-05 9.98681E-05 9.98681E-05 9.98681E-05 9.98681E-05 9.98681E-05 9.98681E-05 9.98681E-05 9.98681E-05 9.98681E-05 9.98681E-05 9.98681E-05
9.98681E-05 0.998502 9.98681E-05 9.98681E-05 9.98681E-05 9.98681E-05 9.98681E-05 9.98681E-05 9.98681E-05 9.98681E-05 9.98681E-05 9.98681E-05 9.98681E-05 9.98681E-05 9.98681E-05 9.98681E-05
9.98681E-05 9.98681E-05 9.98681E-05 9.98681E-05 9.98681E-05 9.98681E-05 9.98681E-05 9.98681E-05 9.98681E-05 9.98681E-05 9.98681E-05 0.998502 9.98681E-05 9.98681E-05 9.98681E-05 9.98681E-05
9.98681E-05 9.98681E-05 9.98681E-05 9.98681E-05 9.98681E-05 9.98681E-05 9.98681E-05 9.98681E-05 9.98681E-05 9.98681E-05 9.98681E-05 0.998502 9.98681E-05 9.98681E-05 9.98681E-05 9.98681E-05
9.98681E-05 9.98681E-05 9.98681E-05 9.98681E-05 9.98681E-05 9.98681E-05 9.98681E-05 9.98681E-05 9.98681E-05 9.98681E-05 9.98681E-05 0.998502 9.98681E-05 9.98681E-05 9.98681E-05 9.98681E-05
9.98682E-05 0.998502 9.98682E-05 9.98682E-05 9.98682E-05 9.98682E-05 9.98682E-05 9.98682E-05 9.98682E-05 9.98682E-05 9.98682E-05 9.98682E-05 9.98682E-05 9.98682E-05 9.98682E-05 9.98682E-05
9.98682E-05 9.98682E-05 9.98682E-05 9.98682E-05 9.98682E-05 9.98682E-05 9.98682E-05 9.98682E-05 9.98682E-05 9.98682E-05 9.98682E-05 0.998502 9.98682E-05 9.98682E-05 9.98682E-05 9.98682E-05
9.98681E-05 9.98681E-05 9.98681E-05 9.98681E-05 9.98681E-05 9.98681E-05 9.98681E-05 9.98681E-05 9.98681E-05 9.98681E-05 9.98681E-05 0.998502 9.98681E-05 9.98681E-05 9.98681E-05 9.98681E-05
9.98681E-05 9.98681E-05 9.98681E-05 9.98681E-05 9.98681E-05 9.98681E-05 9.98681E-05 9.98681E-05 9.98681E-05 9.98681E-05 9.98681E-05 0.998502 9.98681E-05 9.98681E-05 9.98681E-05 9.98681E-05
9.98681E-05 0.998502 9.98681E-05 9.98681E-05 9.98681E-05 9.98681E-05 9.98681E-05 9.98681E-05 9.98681E-05 9.98681E-05 9.98681E-05 9.98681E-05 9.98681E-05 9.98681E-05 9.98681E-05 9.98681E-05
9.98682E-05 0.998502 9.98682E-05 9.98682E-05 9.98682E-05 9.98682E-05 9.98682E-05 9.98682E-05 9.98682E-05 9.98682E-05 9.98682E-05 9.98682E-05 9.98682E-05 9.98682E-05 9.98682E-05 9.98682E-05
