0.382344 9.99561E-05 0.074032 9.99561E-05 9.99561E-05 0.395864 0.0845461 0.0569182 9.99561E-05 0.00579584 9.99561E-05
0.79155 9.99561E-05 0.0212318 0.00147064 9.99561E-05 0.0134558 0.0177052 0.154086 9.99561E-05 9.99561E-05 9.99561E-05
0.94002 9.99297E-05 9.99297E-05 9.99297E-05 9.99297E-05 9.99297E-05 0.031539 9.99297E-05 9.99297E-05 9.99297E-05 0.0276412
0.246064 9.99737E-05 0.0648785 0.0485167 9.99737E-05 0.103766 0.136346 0.000374669 0.0261555 9.99737E-05 0.373598
0.80935 9.9921E-05 9.9921E-05 9.9921E-05 9.9921E-05 9.9921E-05 9.9921E-05 9.9921E-05 9.9921E-05 9.9921E-05 0.18975
0.222001 9.99561E-05 9.99561E-05 0.0123945 0.190086 0.165865 9.99561E-05 9.99561E-05 0.162619 9.99561E-05 0.246536
0.288397 0.0733229 0.0714001 9.99649E-05 9.99649E-05 0.127862 0.13259 0.100682 9.99649E-05 9.99649E-05 0.205346
0.209726 0.0528398 0.0148928 9.99649E-05 9.99649E-05 0.29007 9.99649E-05 9.99649E-05 0.145433 0.0242376 0.2624
0.227906 9.99649E-05 0.0185116 0.156669 9.99649E-05 0.0387804 0.182912 9.99649E-05 0.269097 9.99649E-05 0.105725
0.90379 9.99297E-05 9.99297E-05 9.99297E-05 9.99297E-05 9.99297E-05 0.0779449 9.99297E-05 9.99297E-05 0.0174658 9.99297E-05
0.465658 9.99473E-05 0.104546 9.99473E-05 9.99473E-05 0.208611 0.14448 9.99473E-05 0.0761048 9.99473E-05 9.99473E-05
0.930017 9.99298E-05 9.99298E-05 9.99298E-05 9.99298E-05 9.99298E-05 0.0156733 9.99298E-05 9.99298E-05 9.99298E-05 0.0535106
0.782084 9.99474E-05 0.0445238 9.99474E-05 9.99474E-05 0.0860239 0.0280216 9.99474E-05 9.99474E-05 9.99474E-05 0.0587469
0.664206 0.0990878 0.0879628 9.99474E-05 0.111928 9.99474E-05 0.0362166 9.99474E-05 9.99474E-05 9.99474E-05 9.99474E-05
0.339486 9.99562E-05 9.99562E-05 9.99562E-05 0.0706407 0.25071 0.143032 9.99562E-05 0.152432 9.99562E-05 0.0431993
0.223603 0.148181 9.99649E-05 9.99649E-05 9.99649E-05 0.190214 0.0882876 9.99649E-05 0.173859 0.0360791 0.139377
0.652414 0.0590974 0.0217839 9.99737E-05 0.0192758 9.99737E-05 0.0531908 0.137074 9.99737E-05 0.00509011 0.0517747
0.20223 9.99561E-05 9.99561E-05 0.1022 9.99561E-05 0.339228 0.155394 9.99561E-05 0.0356182 0.16483 9.99561E-05
0.347431 9.99736E-05 0.00195287 0.00327243 9.99736E-05 0.192668 0.191052 9.99736E-05 0.133179 0.0242018 0.105943
0.941354 9.9921E-05 9.9921E-05 0.0577468 9.9921E-05 9.9921E-05 9.9921E-05 9.9921E-05 9.9921E-05 9.9921E-05 9.9921E-05
0.544041 0.00307261 0.0629571 9.99561E-05 9.99561E-05 9.99561E-05 0.0419792 9.99561E-05 0.0818425 9.99561E-05 0.265608
0.238476 9.99386E-05 9.99386E-05 9.99386E-05 9.99386E-05 0.311259 9.99386E-05 9.99386E-05 0.163048 9.99386E-05 0.286518
0.675083 9.99473E-05 0.0697711 9.99473E-05 9.99473E-05 0.074391 0.171293 0.00886243 9.99473E-05 9.99473E-05 9.99473E-05
0.367582 0.0409392 9.99385E-05 9.99385E-05 9.99385E-05 0.310815 0.279965 9.99385E-05 9.99385E-05 9.99385E-05 9.99385E-05
0.286959 9.99649E-05 0.0846005 0.180334 0.00327821 0.036177 0.307723 9.99649E-05 0.100529 9.99649E-05 9.99649E-05
0.702385 0.0699166 9.99561E-05 9.99561E-05 0.00556883 9.99561E-05 0.101071 9.99561E-05 0.0325892 9.99561E-05 0.0879695
0.0125716 0.0816968 9.99736E-05 0.00425921 0.151106 0.423308 0.169883 9.99736E-05 0.0195338 0.137342 9.99736E-05
0.792368 9.99385E-05 0.0153279 9.99385E-05 9.99385E-05 9.99385E-05 0.0784733 9.99385E-05 9.99385E-05 9.99385E-05 0.113131
0.552442 9.99386E-05 9.99386E-05 0.0128453 9.99386E-05 0.199601 0.234412 9.99386E-05 9.99386E-05 9.99386E-05 9.99386E-05
0.849017 9.99386E-05 9.99386E-05 9.99386E-05 0.0419979 9.99386E-05 0.0694768 9.99386E-05 0.0388088 9.99386E-05 9.99386E-05
0.614991 9.99561E-05 0.0334972 0.0954278 9.99561E-05 0.104536 9.99561E-05 9.99561E-05 0.0913795 0.0596686 9.99561E-05
0.542482 9.99561E-05 0.0706277 9.99561E-05 0.133598 0.0733939 0.100766 9.99561E-05 9.99561E-05 9.99561E-05 0.0786329
0.462426 0.079481 0.131342 9.9956E-05 9.9956E-05 0.143994 0.164743 9.9956E-05 0.0175149 9.9956E-05 9.9956E-05
0.488016 9.99649E-05 0.0456998 9.99649E-05 0.153532 0.00885093 0.151628 9.99649E-05 9.99649E-05 0.0474425 0.104431
0.746959 9.99474E-05 0.0692684 0.0793654 9.99474E-05 0.0457303 9.99474E-05 0.0580768 9.99474E-05 9.99474E-05 9.99474E-05
0.683744 9.99561E-05 0.0197452 0.120935 9.99561E-05 0.125459 0.0222515 0.0273648 9.99561E-05 9.99561E-05 9.99561E-05
0.879517 0.0613442 9.99474E-05 9.99474E-05 9.99474E-05 0.00637486 9.99474E-05 0.0420352 9.99474E-05 9.99474E-05 0.0101286
0.732183 9.99386E-05 9.99386E-05 0.0393888 9.99386E-05 9.99386E-05 0.108094 9.99386E-05 0.119634 9.99386E-05 9.99386E-05
0.523066 9.99649E-05 0.0306416 0.00737517 0.130292 9.99649E-05 0.132475 0.0919832 9.99649E-05 9.99649E-05 0.0837672
0.510543 0.179598 0.00198941 9.99473E-05 0.136348 9.99473E-05 0.170921 9.99473E-05 9.99473E-05 9.99473E-05 9.99473E-05
0.847423 9.99298E-05 9.99298E-05 9.99298E-05 9.99298E-05 9.99298E-05 0.0615132 9.99298E-05 9.99298E-05 9.99298E-05 0.0902641
0.558233 9.99473E-05 9.99473E-05 0.0256394 9.99473E-05 0.337029 0.0695318 9.99473E-05 0.00896774 9.99473E-05 9.99473E-05
0.867458 9.99298E-05 9.99298E-05 9.99298E-05 0.0989849 9.99298E-05 9.99298E-05 0.0327573 9.99298E-05 9.99298E-05 9.99298E-05
0.419223 9.99561E-05 0.0791536 9.99561E-05 9.99561E-05 0.183875 0.211031 9.99561E-05 0.0932166 0.0130015 9.99561E-05
0.299426 9.99385E-05 9.99385E-05 9.99385E-05 9.99385E-05 0.277054 0.16133 9.99385E-05 9.99385E-05 9.99385E-05 0.261491
0.809487 9.9956E-05 9.9956E-05 0.021897 9.9956E-05 9.9956E-05 0.0180845 0.0281118 0.0202438 9.9956E-05 0.101676
0.861733 9.99298E-05 0.0640743 9.99298E-05 9.99298E-05 9.99298E-05 0.073393 9.99298E-05 9.99298E-05 9.99298E-05 9.99298E-05
0.889693 0.092817 9.99386E-05 0.00555503 9.99386E-05 9.99386E-05 0.0112352 9.99386E-05 9.99386E-05 9.99386E-05 9.99386E-05
0.514556 9.99473E-05 0.0306946 9.99473E-05 9.99473E-05 0.186189 0.181337 9.99473E-05 9.99473E-05 9.99473E-05 0.0866249
0.775824 0.148386 0.000938477 9.99562E-05 9.99562E-05 9.99562E-05 0.0265318 9.99562E-05 0.00843628 0.0393833 9.99562E-05
0.296091 9.99649E-05 0.0668439 9.99649E-05 0.0491997 0.0167648 0.309043 9.99649E-05 0.107585 9.99649E-05 0.154073
0.644114 0.0144757 9.99561E-05 0.0551963 9.99561E-05 9.99561E-05 0.0935665 9.99561E-05 0.108369 9.99561E-05 0.0837788
0.889431 0.00326068 9.99474E-05 9.99474E-05 9.99474E-05 9.99474E-05 0.0191237 0.0195933 9.99474E-05 0.0679913 9.99474E-05
0.630688 0.219202 9.99562E-05 9.99562E-05 0.00927054 9.99562E-05 0.0273408 9.99562E-05 9.99562E-05 0.00366558 0.109333
0.797137 9.99387E-05 9.99387E-05 0.0523273 9.99387E-05 9.99387E-05 0.110081 9.99387E-05 9.99387E-05 9.99387E-05 0.0397549
0.688935 0.0306387 0.0501683 0.0282317 0.139384 0.0312037 9.99649E-05 9.99649E-05 9.99649E-05 9.99649E-05 0.0310385
0.748995 0.0712736 9.99561E-05 9.99561E-05 9.99561E-05 9.99561E-05 0.0597051 0.0115358 9.99561E-05 0.074599 0.0333918
0.862941 9.99298E-05 0.0557386 9.99298E-05 9.99298E-05 9.99298E-05 0.080521 9.99298E-05 9.99298E-05 9.99298E-05 9.99298E-05
0.887681 9.99473E-05 0.0175403 9.99473E-05 9.99473E-05 9.99473E-05 0.0609503 0.00953866 0.0236897 9.99473E-05 9.99473E-05
9.99561E-05 9.99561E-05 0.0158827 9.99561E-05 9.99561E-05 0.638264 0.166188 0.0983292 0.0120618 0.0687752 9.99561E-05
0.0567201 0.000494587 0.00154793 0.0185105 9.99562E-05 0.843118 9.99562E-05 0.0791089 9.99562E-05 9.99562E-05 9.99562E-05
0.138209 0.0146796 0.0280912 9.99561E-05 9.99561E-05 0.628281 9.99561E-05 0.124005 9.99561E-05 0.0662345 9.99561E-05
9.99649E-05 9.99649E-05 0.0058841 9.99649E-05 0.106755 0.176778 0.100889 0.410943 0.133745 0.0646069 9.99649E-05
9.99561E-05 9.99561E-05 0.0208818 0.0694725 9.99561E-05 0.681815 0.0943876 9.99561E-05 0.0793285 0.053615 9.99561E-05
9.99472E-05 9.99472E-05 0.0103909 9.99472E-05 9.99472E-05 0.632391 0.268382 9.99472E-05 0.0388286 0.0494086 9.99472E-05
9.99473E-05 0.0106243 0.0391772 9.99473E-05 9.99473E-05 0.312637 0.183395 0.453567 9.99473E-05 9.99473E-05 9.99473E-05
9.99473E-05 9.99473E-05 9.99473E-05 9.99473E-05 9.99473E-05 0.371243 0.191738 0.221286 0.0301728 0.184961 9.99473E-05
9.99473E-05 9.99473E-05 9.99473E-05 9.99473E-05 0.0343384 0.702304 0.00408026 0.211484 9.99473E-05 0.0471942 9.99473E-05
9.99473E-05 9.99473E-05 0.0839082 9.99473E-05 9.99473E-05 0.793061 0.0426449 0.0705206 0.00926551 9.99473E-05 9.99473E-05
9.9956E-05 9.9956E-05 0.193809 0.00557011 9.9956E-05 0.375346 0.309202 9.9956E-05 0.0660196 0.0495535 9.9956E-05
9.99737E-05 0.0922044 0.0869135 9.99737E-05 9.99737E-05 0.503254 0.1688 0.0589161 0.022757 0.00193915 0.0649168
9.99649E-05 0.0221688 0.110539 0.0564751 9.99649E-05 0.414696 0.123791 9.99649E-05 0.145544 9.99649E-05 0.126386
9.99297E-05 9.99297E-05 9.99297E-05 9.99297E-05 9.99297E-05 0.625928 0.258442 0.114831 9.99297E-05 9.99297E-05 9.99297E-05
0.00871861 0.0750809 0.0339176 9.99562E-05 0.0873591 0.702053 9.99562E-05 0.0923712 9.99562E-05 9.99562E-05 9.99562E-05
9.99386E-05 9.99386E-05 9.99386E-05 9.99386E-05 9.99386E-05 0.81358 0.0760555 0.101476 0.00818942 9.99386E-05 9.99386E-05
9.99561E-05 9.99561E-05 9.99561E-05 9.99561E-05 9.99561E-05 0.539151 0.0773254 0.128641 0.00589693 0.171195 0.0772918
9.99473E-05 9.99473E-05 0.149139 9.99473E-05 9.99473E-05 0.701771 9.99473E-05 9.99473E-05 0.0879823 0.0322395 0.0282679
9.99298E-05 9.99298E-05 9.99298E-05 9.99298E-05 9.99298E-05 0.808427 0.0878574 9.99298E-05 9.99298E-05 0.102916 9.99298E-05
9.99473E-05 0.0404076 9.99473E-05 9.99473E-05 9.99473E-05 0.50703 0.289937 0.0974309 9.99473E-05 0.064595 9.99473E-05
0.0704251 9.99387E-05 9.99387E-05 9.99387E-05 9.99387E-05 0.79591 0.0427908 0.0901741 9.99387E-05 9.99387E-05 9.99387E-05
9.99385E-05 9.99385E-05 9.99385E-05 9.99385E-05 9.99385E-05 0.799665 0.092828 0.0782525 9.99385E-05 0.0285544 9.99385E-05
9.99473E-05 9.99473E-05 9.99473E-05 0.0210796 0.254031 0.625494 0.0201863 0.0786102 9.99473E-05 9.99473E-05 9.99473E-05
9.99561E-05 9.99561E-05 0.0388427 9.99561E-05 9.99561E-05 0.575228 0.10022 9.99561E-05 0.041744 0.0961787 0.147287
9.99298E-05 9.99298E-05 0.161534 9.99298E-05 9.99298E-05 0.766054 0.0716123 9.99298E-05 9.99298E-05 9.99298E-05 9.99298E-05
0.205 9.99561E-05 9.99561E-05 0.00426435 9.99561E-05 0.534374 0.0148204 0.214018 0.0270231 9.99561E-05 9.99561E-05
0.0962766 9.99299E-05 9.99299E-05 9.99299E-05 9.99299E-05 0.87981 9.99299E-05 0.0231135 9.99299E-05 9.99299E-05 9.99299E-05
9.99299E-05 9.99299E-05 9.99299E-05 9.99299E-05 9.99299E-05 0.788908 0.093966 0.116327 9.99299E-05 9.99299E-05 9.99299E-05
9.99299E-05 9.99299E-05 9.99299E-05 9.99299E-05 9.99299E-05 0.726869 0.113111 9.99299E-05 9.99299E-05 0.159221 9.99299E-05
0.12574 9.99562E-05 9.99562E-05 9.99562E-05 0.114479 0.382939 0.191513 0.108951 0.0758787 9.99562E-05 9.99562E-05
9.99297E-05 9.99297E-05 9.99297E-05 9.99297E-05 0.583775 9.99297E-05 0.240012 9.99297E-05 0.175414 9.99297E-05 9.99297E-05
9.99299E-05 9.99299E-05 9.99299E-05 9.99299E-05 0.876054 9.99299E-05 0.0647492 9.99299E-05 0.0583969 9.99299E-05 9.99299E-05
9.9956E-05 9.9956E-05 0.0696294 9.9956E-05 0.58424 0.0488969 0.240466 9.9956E-05 0.0290822 0.0271864 9.9956E-05
9.99472E-05 9.99472E-05 0.0454549 9.99472E-05 0.454132 9.99472E-05 0.24981 9.99472E-05 0.139869 0.110135 9.99472E-05
9.99472E-05 0.118006 0.0893537 9.99472E-05 0.537801 9.99472E-05 9.99472E-05 9.99472E-05 0.234346 0.0198932 9.99472E-05
9.99561E-05 9.99561E-05 9.99561E-05 0.0230677 0.454726 9.99561E-05 0.233531 0.058732 0.221294 9.99561E-05 0.0081502
9.99561E-05 9.99561E-05 0.0267704 9.99561E-05 0.492589 0.0144241 0.229278 9.99561E-05 0.143735 0.0927043 9.99561E-05
9.99561E-05 9.99561E-05 0.00468245 0.0225803 0.537403 9.99561E-05 0.140435 9.99561E-05 0.286292 0.00810647 9.99561E-05
9.99648E-05 0.00109166 0.0823977 9.99648E-05 0.0973229 0.090744 0.108206 0.260819 0.359018 9.99648E-05 9.99648E-05
9.99385E-05 9.99385E-05 9.99385E-05 9.99385E-05 0.340025 9.99385E-05 0.356468 9.99385E-05 0.2888 0.0140061 9.99385E-05
0.0114149 9.99561E-05 0.0335394 9.99561E-05 0.532304 9.99561E-05 0.0760525 0.328542 0.0176477 9.99561E-05 9.99561E-05
9.99385E-05 9.99385E-05 0.0814527 9.99385E-05 0.612736 9.99385E-05 0.129515 0.175596 9.99385E-05 9.99385E-05 9.99385E-05
9.99385E-05 9.99385E-05 0.0352966 9.99385E-05 0.796934 9.99385E-05 9.99385E-05 9.99385E-05 0.135595 0.0314753 9.99385E-05
9.99386E-05 9.99386E-05 0.0211436 9.99386E-05 0.507192 9.99386E-05 0.237686 9.99386E-05 0.233279 9.99386E-05 9.99386E-05
9.99561E-05 0.0169949 0.0137002 9.99561E-05 0.622169 9.99561E-05 0.0184921 9.99561E-05 0.110487 0.217658 9.99561E-05
9.99649E-05 0.043708 0.0874821 0.00907103 0.473324 9.99649E-05 0.202326 0.0510681 0.132622 9.99649E-05 9.99649E-05
9.9956E-05 9.9956E-05 9.9956E-05 0.0661241 0.425688 9.9956E-05 0.258239 0.209877 0.0389301 0.000642293 9.9956E-05
9.99649E-05 0.0478781 0.0577964 9.99649E-05 0.595186 0.026087 0.0100097 9.99649E-05 0.177443 9.99649E-05 0.0851995
9.9956E-05 9.9956E-05 0.0885318 0.0027535 0.732094 9.9956E-05 0.00908378 9.9956E-05 0.118054 9.9956E-05 0.0489826
9.99473E-05 9.99473E-05 0.00203057 0.0771717 0.627862 9.99473E-05 0.195177 9.99473E-05 0.0971594 9.99473E-05 9.99473E-05
9.99649E-05 9.99649E-05 0.0100367 9.99649E-05 0.531511 9.99649E-05 0.13228 0.0740627 0.114288 0.0389168 0.0985056
9.99472E-05 9.99472E-05 0.0513288 9.99472E-05 0.718724 9.99472E-05 0.120969 9.99472E-05 0.0889743 0.0194044 9.99472E-05
9.99561E-05 9.99561E-05 9.99561E-05 0.10602 0.253053 9.99561E-05 0.256226 0.0790666 0.285039 9.99561E-05 0.0200956
9.99385E-05 9.99385E-05 0.018847 9.99385E-05 0.627155 9.99385E-05 0.0907295 9.99385E-05 0.262569 9.99385E-05 9.99385E-05
9.99648E-05 9.99648E-05 0.0399186 0.0525955 0.257015 9.99648E-05 0.231515 0.0703819 0.314451 9.99648E-05 0.0337237
9.99474E-05 9.99474E-05 0.00208009 9.99474E-05 0.542156 9.99474E-05 0.1916 0.0912282 0.172336 9.99474E-05 9.99474E-05
0.00186101 0.00146946 9.99474E-05 0.105152 0.8121 9.99474E-05 0.0788183 9.99474E-05 9.99474E-05 9.99474E-05 9.99474E-05
9.99472E-05 9.99472E-05 9.99472E-05 0.0138715 0.479448 9.99472E-05 0.158852 9.99472E-05 0.205753 9.99472E-05 0.141476
9.99385E-05 9.99385E-05 9.99385E-05 9.99385E-05 0.381153 9.99385E-05 0.219129 0.0869509 0.312067 9.99385E-05 9.99385E-05
9.99473E-05 9.99473E-05 0.023039 0.0870202 0.668305 9.99473E-05 0.18283 9.99473E-05 0.0382055 9.99473E-05 9.99473E-05
9.99386E-05 9.99386E-05 0.119452 9.99386E-05 0.504529 9.99386E-05 0.266615 9.99386E-05 0.108704 9.99386E-05 9.99386E-05
9.99561E-05 0.0380531 0.0240225 0.0215898 0.722156 9.99561E-05 0.188664 9.99561E-05 0.00501481 9.99561E-05 9.99561E-05
9.995E-05 0.026635 0.0566755 0.165211 0.168902 9.995E-05 0.179462 9.995E-05 0.402615 9.995E-05 9.995E-05
9.9956E-05 9.9956E-05 9.9956E-05 0.0964447 0.504263 0.0514981 0.175287 9.9956E-05 0.133614 0.0383924 9.9956E-05
9.99385E-05 9.99385E-05 9.99385E-05 9.99385E-05 0.804696 9.99385E-05 0.104481 9.99385E-05 0.0774155 9.99385E-05 0.0127077
9.99473E-05 9.99473E-05 0.141908 0.106453 0.600278 9.99473E-05 9.99473E-05 0.0468259 0.103934 9.99473E-05 9.99473E-05
9.99473E-05 9.99473E-05 0.100113 9.99473E-05 0.295304 9.99473E-05 0.290718 9.99473E-05 0.213655 0.0996096 9.99473E-05
9.99386E-05 9.99386E-05 9.99386E-05 9.99386E-05 0.856015 9.99386E-05 0.0254187 9.99386E-05 0.0594622 9.99386E-05 0.0584042
9.99474E-05 9.99474E-05 0.0341039 0.0221561 0.759302 9.99474E-05 0.170883 9.99474E-05 0.012956 9.99474E-05 9.99474E-05
9.99299E-05 9.99299E-05 9.99299E-05 9.99299E-05 0.920809 9.99299E-05 0.0590545 9.99299E-05 9.99299E-05 9.99299E-05 0.0193367
9.99562E-05 9.99562E-05 0.00413539 0.00907729 0.846429 9.99562E-05 9.99562E-05 0.0167035 0.0741192 0.0490363 9.99562E-05
9.99473E-05 9.99473E-05 0.0295546 9.99473E-05 0.303807 9.99473E-05 0.391767 0.112469 0.161804 9.99473E-05 9.99473E-05
9.99561E-05 0.147758 9.99561E-05 9.99561E-05 0.533915 0.0492829 9.99561E-05 9.99561E-05 0.234441 0.011078 0.0230244
0.0140058 9.99562E-05 9.99562E-05 0.00145581 0.695478 9.99562E-05 0.0280732 0.0353661 0.225122 9.99562E-05 9.99562E-05
9.99211E-05 9.99211E-05 9.99211E-05 9.99211E-05 0.911146 9.99211E-05 0.0879546 9.99211E-05 9.99211E-05 9.99211E-05 9.99211E-05
9.99736E-05 9.99736E-05 0.0248848 0.166552 0.236957 0.0345088 0.0915031 0.177261 0.243666 0.0243678 9.99736E-05
9.99561E-05 0.00182031 0.1125 9.99561E-05 0.424796 0.153188 0.170801 9.99561E-05 0.136395 9.99561E-05 9.99561E-05
9.99562E-05 0.0818866 9.99562E-05 0.125699 0.409737 9.99562E-05 9.99562E-05 0.234216 0.141552 9.99562E-05 0.0064096
9.99561E-05 9.99561E-05 0.0475468 0.0699476 0.255092 0.088312 0.235006 9.99561E-05 0.303596 9.99561E-05 9.99561E-05
9.99211E-05 9.99211E-05 9.99211E-05 9.99211E-05 0.981316 9.99211E-05 0.0177848 9.99211E-05 9.99211E-05 9.99211E-05 9.99211E-05
9.99648E-05 0.0814728 0.033178 0.00264011 0.458813 9.99648E-05 0.261462 9.99648E-05 0.0441793 9.99648E-05 0.117856
9.99474E-05 9.99474E-05 0.0269961 9.99474E-05 0.81121 9.99474E-05 0.0167812 0.0678584 0.0765544 9.99474E-05 9.99474E-05
9.99474E-05 9.99474E-05 0.0745215 9.99474E-05 0.600509 9.99474E-05 0.166638 9.99474E-05 0.154374 0.00335811 9.99474E-05
9.99473E-05 0.173429 9.99473E-05 9.99473E-05 0.5414 9.99473E-05 9.99473E-05 9.99473E-05 0.201363 0.0323457 0.0508621
9.99648E-05 0.00545771 0.0879845 0.00879241 0.648025 0.0305069 0.164386 9.99648E-05 9.99648E-05 0.0544479 9.99648E-05
9.99473E-05 9.99473E-05 9.99473E-05 0.0100765 0.166964 9.99473E-05 0.241648 0.297627 0.283085 9.99473E-05 9.99473E-05
9.99472E-05 9.99472E-05 0.0162871 0.0285503 0.542435 9.99472E-05 0.17132 9.99472E-05 0.240808 9.99472E-05 9.99472E-05
9.99648E-05 0.0297784 0.0688804 0.0168924 0.638017 9.99648E-05 0.0921292 9.99648E-05 0.141934 9.99648E-05 0.0119683
9.99561E-05 0.034477 0.0125549 0.0888908 0.659997 9.99561E-05 0.157863 9.99561E-05 0.0457179 9.99561E-05 9.99561E-05
9.99385E-05 9.99385E-05 9.99385E-05 9.99385E-05 0.689988 9.99385E-05 0.0601384 0.0402392 0.208935 9.99385E-05 9.99385E-05
9.99121E-05 9.99121E-05 9.99121E-05 9.99121E-05 9.99121E-05 9.99121E-05 0.999001 9.99121E-05 9.99121E-05 9.99121E-05 9.99121E-05
9.9912E-05 9.9912E-05 9.9912E-05 9.9912E-05 9.9912E-05 9.9912E-05 9.9912E-05 9.9912E-05 0.999001 9.9912E-05 9.9912E-05
9.9912E-05 9.9912E-05 9.9912E-05 9.9912E-05 9.9912E-05 9.9912E-05 0.999001 9.9912E-05 9.9912E-05 9.9912E-05 9.9912E-05
9.9912E-05 9.9912E-05 9.9912E-05 9.9912E-05 9.9912E-05 9.9912E-05 9.9912E-05 9.9912E-05 0.999001 9.9912E-05 9.9912E-05
9.9912E-05 9.9912E-05 9.9912E-05 9.9912E-05 9.9912E-05 9.9912E-05 9.9912E-05 9.9912E-05 0.999001 9.9912E-05 9.9912E-05
9.9912E-05 9.9912E-05 9.9912E-05 9.9912E-05 9.9912E-05 9.9912E-05 9.9912E-05 9.9912E-05 0.999001 9.9912E-05 9.9912E-05
9.9912E-05 9.9912E-05 9.9912E-05 9.9912E-05 9.9912E-05 9.9912E-05 0.999001 9.9912E-05 9.9912E-05 9.9912E-05 9.9912E-05
9.99121E-05 9.99121E-05 9.99121E-05 9.99121E-05 9.99121E-05 9.99121E-05 9.99121E-05 9.99121E-05 0.999001 9.99121E-05 9.99121E-05
9.9912E-05 9.9912E-05 9.9912E-05 9.9912E-05 9.9912E-05 9.9912E-05 9.9912E-05 9.9912E-05 0.999001 9.9912E-05 9.9912E-05
9.99119E-05 9.99119E-05 9.99119E-05 9.99119E-05 9.99119E-05 9.99119E-05 0.999001 9.99119E-05 9.99119E-05 9.99119E-05 9.99119E-05
9.9912E-05 9.9912E-05 9.9912E-05 9.9912E-05 9.9912E-05 9.9912E-05 0.999001 9.9912E-05 9.9912E-05 9.9912E-05 9.9912E-05
9.9912E-05 9.9912E-05 9.9912E-05 9.9912E-05 9.9912E-05 9.9912E-05 0.999001 9.9912E-05 9.9912E-05 9.9912E-05 9.9912E-05
9.99119E-05 9.99119E-05 9.99119E-05 9.99119E-05 9.99119E-05 9.99119E-05 9.99119E-05 9.99119E-05 0.999001 9.99119E-05 9.99119E-05
9.9912E-05 9.9912E-05 9.9912E-05 9.9912E-05 9.9912E-05 9.9912E-05 9.9912E-05 9.9912E-05 0.999001 9.9912E-05 9.9912E-05
9.9912E-05 9.9912E-05 9.9912E-05 9.9912E-05 9.9912E-05 9.9912E-05 0.999001 9.9912E-05 9.9912E-05 9.9912E-05 9.9912E-05
9.9912E-05 9.9912E-05 9.9912E-05 9.9912E-05 9.9912E-05 9.9912E-05 0.999001 9.9912E-05 9.9912E-05 9.9912E-05 9.9912E-05
9.99736E-05 0.112819 9.99736E-05 0.113867 0.356097 9.99736E-05 0.183811 0.00240912 0.13933 0.0371786 0.0541892
9.9912E-05 9.9912E-05 9.9912E-05 9.9912E-05 9.9912E-05 9.9912E-05 0.999001 9.9912E-05 9.9912E-05 9.9912E-05 9.9912E-05
9.9912E-05 9.9912E-05 9.9912E-05 9.9912E-05 9.9912E-05 9.9912E-05 9.9912E-05 9.9912E-05 0.999001 9.9912E-05 9.9912E-05
9.9912E-05 9.9912E-05 9.9912E-05 9.9912E-05 9.9912E-05 9.9912E-05 0.999001 9.9912E-05 9.9912E-05 9.9912E-05 9.9912E-05
9.99121E-05 9.99121E-05 9.99121E-05 9.99121E-05 9.99121E-05 9.99121E-05 0.999001 9.99121E-05 9.99121E-05 9.99121E-05 9.99121E-05
9.9912E-05 9.9912E-05 9.9912E-05 9.9912E-05 9.9912E-05 9.9912E-05 0.999001 9.9912E-05 9.9912E-05 9.9912E-05 9.9912E-05
9.9912E-05 9.9912E-05 9.9912E-05 9.9912E-05 9.9912E-05 9.9912E-05 9.9912E-05 9.9912E-05 0.999001 9.9912E-05 9.9912E-05
9.9912E-05 9.9912E-05 9.9912E-05 9.9912E-05 9.9912E-05 9.9912E-05 0.999001 9.9912E-05 9.9912E-05 9.9912E-05 9.9912E-05
9.9912E-05 9.9912E-05 9.9912E-05 9.9912E-05 9.9912E-05 9.9912E-05 9.9912E-05 9.9912E-05 0.999001 9.9912E-05 9.9912E-05
9.9912E-05 9.9912E-05 9.9912E-05 9.9912E-05 9.9912E-05 9.9912E-05 0.999001 9.9912E-05 9.9912E-05 9.9912E-05 9.9912E-05
9.99119E-05 9.99119E-05 9.99119E-05 9.99119E-05 9.99119E-05 9.99119E-05 0.999001 9.99119E-05 9.99119E-05 9.99119E-05 9.99119E-05
9.9912E-05 9.9912E-05 9.9912E-05 9.9912E-05 9.9912E-05 9.9912E-05 9.9912E-05 9.9912E-05 0.999001 9.9912E-05 9.9912E-05
9.9912E-05 9.9912E-05 9.9912E-05 9.9912E-05 9.9912E-05 9.9912E-05 9.9912E-05 9.9912E-05 0.999001 9.9912E-05 9.9912E-05
9.9912E-05 9.9912E-05 9.9912E-05 9.9912E-05 9.9912E-05 9.9912E-05 9.9912E-05 9.9912E-05 0.999001 9.9912E-05 9.9912E-05
9.9912E-05 9.9912E-05 9.9912E-05 9.9912E-05 9.9912E-05 9.9912E-05 0.999001 9.9912E-05 9.9912E-05 9.9912E-05 9.9912E-05
9.9912E-05 9.9912E-05 9.9912E-05 9.9912E-05 9.9912E-05 9.9912E-05 0.999001 9.9912E-05 9.9912E-05 9.9912E-05 9.9912E-05
9.9912E-05 9.9912E-05 9.9912E-05 9.9912E-05 9.9912E-05 9.9912E-05 0.999001 9.9912E-05 9.9912E-05 9.9912E-05 9.9912E-05
9.9912E-05 9.9912E-05 9.9912E-05 9.9912E-05 9.9912E-05 9.9912E-05 0.999001 9.9912E-05 9.9912E-05 9.9912E-05 9.9912E-05
9.9912E-05 9.9912E-05 9.9912E-05 9.9912E-05 9.9912E-05 9.9912E-05 0.999001 9.9912E-05 9.9912E-05 9.9912E-05 9.9912E-05
9.9912E-05 9.9912E-05 9.9912E-05 9.9912E-05 9.9912E-05 9.9912E-05 9.9912E-05 9.9912E-05 0.999001 9.9912E-05 9.9912E-05
9.99121E-05 9.99121E-05 9.99121E-05 9.99121E-05 9.99121E-05 9.99121E-05 9.99121E-05 9.99121E-05 0.999001 9.99121E-05 9.99121E-05
9.9912E-05 9.9912E-05 9.9912E-05 9.9912E-05 9.9912E-05 9.9912E-05 9.9912E-05 9.9912E-05 0.999001 9.9912E-05 9.9912E-05
9.9912E-05 9.9912E-05 9.9912E-05 9.9912E-05 9.9912E-05 9.9912E-05 0.999001 9.9912E-05 9.9912E-05 9.9912E-05 9.9912E-05
9.9912E-05 9.9912E-05 9.9912E-05 9.9912E-05 9.9912E-05 9.9912E-05 9.9912E-05 9.9912E-05 0.999001 9.9912E-05 9.9912E-05
9.9912E-05 9.9912E-05 9.9912E-05 9.9912E-05 9.9912E-05 9.9912E-05 9.9912E-05 9.9912E-05 0.999001 9.9912E-05 9.9912E-05
9.9912E-05 9.9912E-05 9.9912E-05 9.9912E-05 9.9912E-05 9.9912E-05 9.9912E-05 9.9912E-05 0.999001 9.9912E-05 9.9912E-05
9.9912E-05 9.9912E-05 9.9912E-05 9.9912E-05 9.9912E-05 9.9912E-05 9.9912E-05 9.9912E-05 0.999001 9.9912E-05 9.9912E-05
9.9912E-05 9.9912E-05 9.9912E-05 9.9912E-05 9.9912E-05 9.9912E-05 0.999001 9.9912E-05 9.9912E-05 9.9912E-05 9.9912E-05
9.99121E-05 9.99121E-05 9.99121E-05 9.99121E-05 9.99121E-05 9.99121E-05 9.99121E-05 9.99121E-05 0.999001 9.99121E-05 9.99121E-05
9.9912E-05 9.9912E-05 9.9912E-05 9.9912E-05 9.9912E-05 9.9912E-05 9.9912E-05 9.9912E-05 0.999001 9.9912E-05 9.9912E-05
9.99648E-05 0.107487 9.99648E-05 0.0910105 0.329188 9.99648E-05 0.226678 9.99648E-05 0.107266 0.0226461 0.115324
9.9912E-05 9.9912E-05 9.9912E-05 9.9912E-05 9.9912E-05 9.9912E-05 0.999001 9.9912E-05 9.9912E-05 9.9912E-05 9.9912E-05
9.9912E-05 9.9912E-05 9.9912E-05 9.9912E-05 9.9912E-05 9.9912E-05 9.9912E-05 9.9912E-05 0.999001 9.9912E-05 9.9912E-05
9.9912E-05 9.9912E-05 9.9912E-05 9.9912E-05 9.9912E-05 9.9912E-05 9.9912E-05 9.9912E-05 0.999001 9.9912E-05 9.9912E-05
9.9912E-05 9.9912E-05 9.9912E-05 9.9912E-05 9.9912E-05 9.9912E-05 9.9912E-05 9.9912E-05 0.999001 9.9912E-05 9.9912E-05
9.9912E-05 9.9912E-05 9.9912E-05 9.9912E-05 9.9912E-05 9.9912E-05 9.9912E-05 9.9912E-05 0.999001 9.9912E-05 9.9912E-05
9.9912E-05 9.9912E-05 9.9912E-05 9.9912E-05 9.9912E-05 9.9912E-05 0.999001 9.9912E-05 9.9912E-05 9.9912E-05 9.9912E-05
9.9912E-05 9.9912E-05 9.9912E-05 9.9912E-05 9.9912E-05 9.9912E-05 9.9912E-05 9.9912E-05 0.999001 9.9912E-05 9.9912E-05
9.9912E-05 9.9912E-05 9.9912E-05 9.9912E-05 9.9912E-05 9.9912E-05 0.999001 9.9912E-05 9.9912E-05 9.9912E-05 9.9912E-05
9.9912E-05 9.9912E-05 9.9912E-05 9.9912E-05 9.9912E-05 9.9912E-05 9.9912E-05 9.9912E-05 0.999001 9.9912E-05 9.9912E-05
9.9912E-05 9.9912E-05 9.9912E-05 9.9912E-05 9.9912E-05 9.9912E-05 0.999001 9.9912E-05 9.9912E-05 9.9912E-05 9.9912E-05
9.9912E-05 9.9912E-05 9.9912E-05 9.9912E-05 9.9912E-05 9.9912E-05 9.9912E-05 9.9912E-05 0.999001 9.9912E-05 9.9912E-05
9.99121E-05 9.99121E-05 9.99121E-05 9.99121E-05 9.99121E-05 9.99121E-05 9.99121E-05 9.99121E-05 0.999001 9.99121E-05 9.99121E-05
9.99121E-05 9.99121E-05 9.99121E-05 9.99121E-05 9.99121E-05 9.99121E-05 9.99121E-05 9.99121E-05 0.999001 9.99121E-05 9.99121E-05
9.9912E-05 9.9912E-05 9.9912E-05 9.9912E-05 9.9912E-05 9.9912E-05 9.9912E-05 9.9912E-05 0.999001 9.9912E-05 9.9912E-05
9.9912E-05 9.9912E-05 9.9912E-05 9.9912E-05 9.9912E-05 9.9912E-05 9.9912E-05 9.9912E-05 0.999001 9.9912E-05 9.9912E-05
9.9912E-05 9.9912E-05 9.9912E-05 9.9912E-05 9.9912E-05 9.9912E-05 9.9912E-05 9.9912E-05 0.999001 9.9912E-05 9.9912E-05
9.9912E-05 9.9912E-05 9.9912E-05 9.9912E-05 9.9912E-05 9.9912E-05 0.999001 9.9912E-05 9.9912E-05 9.9912E-05 9.9912E-05
9.99119E-05 9.99119E-05 9.99119E-05 9.99119E-05 9.99119E-05 9.99119E-05 0.999001 9.99119E-05 9.99119E-05 9.99119E-05 9.99119E-05
9.9912E-05 9.9912E-05 9.9912E-05 9.9912E-05 9.9912E-05 9.9912E-05 0.999001 9.9912E-05 9.9912E-05 9.9912E-05 9.9912E-05
9.9912E-05 9.9912E-05 9.9912E-05 9.9912E-05 9.9912E-05 9.9912E-05 9.9912E-05 9.9912E-05 0.999001 9.9912E-05 9.9912E-05
9.9912E-05 9.9912E-05 9.9912E-05 9.9912E-05 9.9912E-05 9.9912E-05 0.999001 9.9912E-05 9.9912E-05 9.9912E-05 9.9912E-05
9.9912E-05 9.9912E-05 9.9912E-05 9.9912E-05 9.9912E-05 9.9912E-05 0.999001 9.9912E-05 9.9912E-05 9.9912E-05 9.9912E-05
9.9912E-05 9.9912E-05 9.9912E-05 9.9912E-05 9.9912E-05 9.9912E-05 0.999001 9.9912E-05 9.9912E-05 9.9912E-05 9.9912E-05
9.99296E-05 9.99296E-05 9.99296E-05 9.99296E-05 9.99296E-05 9.99296E-05 0.0311232 9.99296E-05 0.965479 0.0025987 9.99296E-05
9.9912E-05 9.9912E-05 9.9912E-05 9.9912E-05 9.9912E-05 9.9912E-05 9.9912E-05 9.9912E-05 0.999001 9.9912E-05 9.9912E-05
9.99119E-05 9.99119E-05 9.99119E-05 9.99119E-05 9.99119E-05 9.99119E-05 9.99119E-05 9.99119E-05 0.999001 9.99119E-05 9.99119E-05
9.9912E-05 9.9912E-05 9.9912E-05 9.9912E-05 9.9912E-05 9.9912E-05 0.999001 9.9912E-05 9.9912E-05 9.9912E-05 9.9912E-05
9.9912E-05 9.9912E-05 9.9912E-05 9.9912E-05 9.9912E-05 9.9912E-05 9.9912E-05 9.9912E-05 0.999001 9.9912E-05 9.9912E-05
9.99119E-05 9.99119E-05 9.99119E-05 9.99119E-05 9.99119E-05 9.99119E-05 9.99119E-05 9.99119E-05 0.999001 9.99119E-05 9.99119E-05
9.99119E-05 9.99119E-05 9.99119E-05 9.99119E-05 9.99119E-05 9.99119E-05 0.999001 9.99119E-05 9.99119E-05 9.99119E-05 9.99119E-05
9.9912E-05 9.9912E-05 9.9912E-05 9.9912E-05 9.9912E-05 9.9912E-05 9.9912E-05 9.9912E-05 0.999001 9.9912E-05 9.9912E-05
9.9912E-05 9.9912E-05 9.9912E-05 9.9912E-05 9.9912E-05 9.9912E-05 9.9912E-05 9.9912E-05 0.999001 9.9912E-05 9.9912E-05
9.99648E-05 0.0629749 0.175811 9.99648E-05 0.151822 9.99648E-05 0.301386 0.123691 0.100119 0.0837971 9.99648E-05
9.9912E-05 9.9912E-05 9.9912E-05 9.9912E-05 9.9912E-05 9.9912E-05 0.999001 9.9912E-05 9.9912E-05 9.9912E-05 9.9912E-05
9.9912E-05 9.9912E-05 9.9912E-05 9.9912E-05 9.9912E-05 9.9912E-05 9.9912E-05 9.9912E-05 0.999001 9.9912E-05 9.9912E-05
9.99474E-05 9.99474E-05 0.078908 9.99474E-05 0.371128 9.99474E-05 0.0432359 9.99474E-05 0.453453 0.0526758 9.99474E-05
9.99473E-05 9.99473E-05 9.99473E-05 0.0656438 0.389623 9.99473E-05 0.153221 9.99473E-05 0.278093 9.99473E-05 0.112819
9.99384E-05 9.99384E-05 9.99384E-05 0.0188481 0.375253 9.99384E-05 0.407039 9.99384E-05 0.19816 9.99384E-05 9.99384E-05
9.99648E-05 0.0494127 0.039203 0.026099 0.568801 9.99648E-05 0.244043 9.99648E-05 9.99648E-05 0.0627762 0.00926543
9.99385E-05 9.99385E-05 9.99385E-05 9.99385E-05 0.339295 9.99385E-05 0.304118 0.0526919 0.303196 9.99385E-05 9.99385E-05
0.0641021 9.99387E-05 9.99387E-05 9.99387E-05 0.76291 9.99387E-05 0.0230496 9.99387E-05 0.149238 9.99387E-05 9.99387E-05
9.99561E-05 9.99561E-05 0.00269295 0.0178391 0.191982 0.254082 0.206762 9.99561E-05 0.326142 9.99561E-05 9.99561E-05
9.99648E-05 0.00642311 0.107527 0.056066 0.497051 9.99648E-05 0.047113 9.99648E-05 0.20238 0.0830399 9.99648E-05
9.99298E-05 9.99298E-05 9.99298E-05 9.99298E-05 0.704971 9.99298E-05 0.0201961 9.99298E-05 0.274033 9.99298E-05 9.99298E-05
9.99472E-05 0.00616304 9.99472E-05 0.003323 0.651668 9.99472E-05 0.194229 9.99472E-05 9.99472E-05 9.99472E-05 0.144017
9.99473E-05 9.99473E-05 0.107317 9.99473E-05 0.517434 9.99473E-05 0.177405 0.00519304 0.192051 9.99473E-05 9.99473E-05
9.99297E-05 9.99297E-05 9.99297E-05 9.99297E-05 0.253459 9.99297E-05 0.0985009 9.99297E-05 0.647241 9.99297E-05 9.99297E-05
9.99473E-05 0.175507 9.99473E-05 9.99473E-05 0.165554 9.99473E-05 0.383296 0.0247526 0.25029 9.99473E-05 9.99473E-05
9.99384E-05 9.99384E-05 9.99384E-05 9.99384E-05 0.701372 9.99384E-05 0.0570003 9.99384E-05 0.117902 0.123027 9.99384E-05
9.99384E-05 9.99384E-05 0.0388956 9.99384E-05 0.452626 9.99384E-05 0.239154 9.99384E-05 0.268625 9.99384E-05 9.99384E-05
9.99561E-05 9.99561E-05 0.0397755 9.99561E-05 0.275113 0.111783 0.130402 0.0733375 0.369089 9.99561E-05 9.99561E-05
9.99561E-05 9.99561E-05 0.00632988 0.0095189 0.673527 9.99561E-05 0.0615221 0.0711886 0.177414 9.99561E-05 9.99561E-05
9.99648E-05 0.061012 0.0990288 9.99648E-05 0.291767 9.99648E-05 0.427614 0.0255655 0.0791409 0.0154719 9.99648E-05
9.9956E-05 9.9956E-05 0.0223189 0.16548 0.413503 9.9956E-05 0.0285936 0.229855 0.139749 9.9956E-05 9.9956E-05
9.99385E-05 9.99385E-05 9.99385E-05 9.99385E-05 0.446302 9.99385E-05 0.270535 9.99385E-05 0.192519 9.99385E-05 0.0899449
9.9956E-05 9.9956E-05 9.9956E-05 0.00844809 0.546625 9.9956E-05 0.134861 0.0470217 0.148392 9.9956E-05 0.114152
9.99385E-05 0.0506459 0.0337584 9.99385E-05 0.579374 9.99385E-05 9.99385E-05 9.99385E-05 0.335523 9.99385E-05 9.99385E-05
9.9956E-05 0.126587 0.043288 9.9956E-05 0.376257 9.9956E-05 0.191999 9.9956E-05 0.235625 0.0257444 9.9956E-05
9.99472E-05 9.99472E-05 0.0490208 0.044066 0.486126 9.99472E-05 0.186272 9.99472E-05 0.233915 9.99472E-05 9.99472E-05
9.99384E-05 9.99384E-05 9.99384E-05 9.99384E-05 0.666701 9.99384E-05 0.0797548 9.99384E-05 0.0775248 0.17532 9.99384E-05
9.99298E-05 9.99298E-05 9.99298E-05 9.99298E-05 0.965936 9.99298E-05 9.99298E-05 0.0300542 0.00321058 9.99298E-05 9.99298E-05
9.9956E-05 9.9956E-05 9.9956E-05 9.9956E-05 0.54228 9.9956E-05 0.174242 0.0364081 0.0932921 0.00268051 0.150598
9.99385E-05 9.99385E-05 9.99385E-05 9.99385E-05 0.288108 9.99385E-05 0.355227 9.99385E-05 0.31444 0.0415249 9.99385E-05
9.99472E-05 0.0677612 9.99472E-05 0.0511841 0.699262 9.99472E-05 0.0948501 9.99472E-05 9.99472E-05 0.0863433 9.99472E-05
9.99473E-05 9.99473E-05 9.99473E-05 0.13261 0.382845 9.99473E-05 0.139008 9.99473E-05 0.178974 0.165963 9.99473E-05
9.99561E-05 9.99561E-05 0.0264844 9.99561E-05 0.206151 9.99561E-05 0.136182 0.0722309 0.431914 9.99561E-05 0.126538
9.99473E-05 9.99473E-05 0.0294444 9.99473E-05 0.497768 9.99473E-05 0.15081 0.0635669 0.25781 9.99473E-05 9.99473E-05
9.9956E-05 9.9956E-05 9.9956E-05 9.9956E-05 0.206928 9.9956E-05 0.172952 0.22152 0.282364 0.0426712 0.0730649
9.99561E-05 9.99561E-05 0.0704727 9.99561E-05 0.440422 9.99561E-05 0.147361 9.99561E-05 0.237407 0.100147 0.00369072
9.99472E-05 9.99472E-05 0.114584 9.99472E-05 0.448911 9.99472E-05 0.23767 9.99472E-05 0.131003 0.0672322 9.99472E-05
9.99473E-05 0.0251599 9.99473E-05 9.99473E-05 0.469617 9.99473E-05 0.333935 9.99473E-05 0.0670462 9.99473E-05 0.103642
9.99122E-05 9.99122E-05 9.99122E-05 9.99122E-05 0.999001 9.99122E-05 9.99122E-05 9.99122E-05 9.99122E-05 9.99122E-05 9.99122E-05
9.9956E-05 0.0836936 0.111558 9.9956E-05 0.347269 0.235106 0.193955 9.9956E-05 9.9956E-05 0.0279177 9.9956E-05
9.9956E-05 0.113737 0.0759302 0.00567903 0.656116 9.9956E-05 0.101115 9.9956E-05 0.046923 9.9956E-05 9.9956E-05
9.99384E-05 9.99384E-05 9.99384E-05 9.99384E-05 0.392362 9.99384E-05 0.0925971 9.99384E-05 0.218505 9.99384E-05 0.295837
9.99473E-05 9.99473E-05 9.99473E-05 9.99473E-05 0.482739 9.99473E-05 0.301163 9.99473E-05 0.162438 0.0441496 0.00891044
9.99648E-05 9.99648E-05 9.99648E-05 0.0538469 0.560747 0.057421 0.103007 0.0300157 0.105999 9.99648E-05 0.0885632
9.99385E-05 9.99385E-05 9.99385E-05 9.99385E-05 0.385843 9.99385E-05 0.151454 9.99385E-05 0.228442 9.99385E-05 0.233562
9.99561E-05 9.99561E-05 0.0439031 9.99561E-05 0.163872 9.99561E-05 0.081757 0.150098 0.514599 0.045271 9.99561E-05
9.99473E-05 9.99473E-05 0.0162968 9.99473E-05 0.159484 9.99473E-05 0.370583 0.0993891 0.353647 9.99473E-05 9.99473E-05
9.9956E-05 9.9956E-05 0.0303669 0.00724321 0.589847 9.9956E-05 0.104814 9.9956E-05 0.223543 0.0436862 9.9956E-05
9.99209E-05 9.99209E-05 9.99209E-05 9.99209E-05 0.989875 9.99209E-05 9.99209E-05 9.99209E-05 0.00922578 9.99209E-05 9.99209E-05
9.99472E-05 9.99472E-05 0.0958412 0.0945202 0.495737 9.99472E-05 0.0873641 9.99472E-05 0.225938 9.99472E-05 9.99472E-05
9.99123E-05 9.99123E-05 9.99123E-05 9.99123E-05 0.999001 9.99123E-05 9.99123E-05 9.99123E-05 9.99123E-05 9.99123E-05 9.99123E-05
9.99648E-05 0.132657 0.0102047 9.99648E-05 0.255065 9.99648E-05 0.177968 0.201051 0.196268 0.0263868 9.99648E-05
9.99298E-05 9.99298E-05 9.99298E-05 9.99298E-05 0.876342 9.99298E-05 9.99298E-05 0.0918856 9.99298E-05 0.0309729 9.99298E-05
9.99297E-05 9.99297E-05 0.0742941 9.99297E-05 0.565358 9.99297E-05 0.359549 9.99297E-05 9.99297E-05 9.99297E-05 9.99297E-05
9.9956E-05 9.9956E-05 0.0637795 9.9956E-05 0.265034 0.0949006 0.232275 0.254569 9.9956E-05 9.9956E-05 0.0889414
9.99385E-05 9.99385E-05 9.99385E-05 9.99385E-05 0.408702 9.99385E-05 0.117531 0.273001 0.200066 9.99385E-05 9.99385E-05
9.99384E-05 9.99384E-05 9.99384E-05 0.00792499 0.617346 9.99384E-05 9.99384E-05 9.99384E-05 0.127875 9.99384E-05 0.246154
9.99385E-05 9.99385E-05 9.99385E-05 9.99385E-05 0.595666 0.0134838 0.0422417 9.99385E-05 0.347909 9.99385E-05 9.99385E-05
9.99386E-05 9.99386E-05 9.99386E-05 9.99386E-05 0.685441 9.99386E-05 0.183227 0.103265 9.99386E-05 0.0273665 9.99386E-05
9.99385E-05 9.99385E-05 0.0371585 9.99385E-05 0.65261 9.99385E-05 9.99385E-05 0.0503901 0.259142 9.99385E-05 9.99385E-05
9.99385E-05 9.99385E-05 9.99385E-05 0.0519022 0.375382 9.99385E-05 0.315374 9.99385E-05 0.256643 9.99385E-05 9.99385E-05
9.99473E-05 9.99473E-05 9.99473E-05 9.99473E-05 0.410987 9.99473E-05 0.113814 0.180096 0.257259 0.0372442 9.99473E-05
9.9921E-05 9.9921E-05 9.9921E-05 9.9921E-05 0.973148 9.9921E-05 0.0259523 9.9921E-05 9.9921E-05 9.9921E-05 9.9921E-05
9.99386E-05 9.99386E-05 9.99386E-05 0.00230213 0.856611 9.99386E-05 9.99386E-05 9.99386E-05 0.126121 9.99386E-05 0.014266
0.0315057 9.99387E-05 9.99387E-05 0.021111 0.739625 9.99387E-05 0.207058 9.99387E-05 9.99387E-05 9.99387E-05 9.99387E-05
9.99385E-05 9.99385E-05 0.0759982 9.99385E-05 0.603695 9.99385E-05 0.190203 9.99385E-05 0.129404 9.99385E-05 9.99385E-05
9.99472E-05 0.0450239 9.99472E-05 0.074955 0.605732 9.99472E-05 0.0743928 9.99472E-05 0.199297 9.99472E-05 9.99472E-05
9.99298E-05 0.0272334 9.99298E-05 9.99298E-05 0.647457 9.99298E-05 9.99298E-05 9.99298E-05 0.32451 9.99298E-05 9.99298E-05
9.99299E-05 9.99299E-05 9.99299E-05 9.99299E-05 0.864306 9.99299E-05 0.0441796 9.99299E-05 0.0907148 9.99299E-05 9.99299E-05
9.99737E-05 9.99737E-05 0.00924305 0.0260904 0.337061 0.014925 0.240983 0.0807173 0.282386 9.99737E-05 0.008295
9.99472E-05 9.99472E-05 0.0703662 0.0601432 0.38303 9.99472E-05 0.393229 9.99472E-05 0.0926313 9.99472E-05 9.99472E-05
9.99298E-05 9.99298E-05 9.99298E-05 9.99298E-05 0.723785 9.99298E-05 0.0429346 0.232481 9.99298E-05 9.99298E-05 9.99298E-05
9.99473E-05 9.99473E-05 9.99473E-05 0.0161466 0.412385 9.99473E-05 0.251187 0.277891 0.0417914 9.99473E-05 9.99473E-05
0.102466 9.99386E-05 9.99386E-05 9.99386E-05 0.628453 9.99386E-05 0.0656332 0.202749 9.99386E-05 9.99386E-05 9.99386E-05
9.99297E-05 9.99297E-05 9.99297E-05 9.99297E-05 0.329892 9.99297E-05 0.332681 9.99297E-05 0.336628 9.99297E-05 9.99297E-05
9.99649E-05 0.101941 0.020892 0.0162641 0.470916 9.99649E-05 0.000377028 0.325435 9.99649E-05 0.0637753 9.99649E-05
9.99298E-05 9.99298E-05 9.99298E-05 9.99298E-05 0.834272 9.99298E-05 0.14397 0.0209587 9.99298E-05 9.99298E-05 9.99298E-05
9.99385E-05 9.99385E-05 9.99385E-05 9.99385E-05 0.475615 9.99385E-05 0.127047 0.272955 0.123684 9.99385E-05 9.99385E-05
0.0105546 9.99299E-05 9.99299E-05 9.99299E-05 0.834715 9.99299E-05 9.99299E-05 0.15393 9.99299E-05 9.99299E-05 9.99299E-05
9.99472E-05 9.99472E-05 0.059834 9.99472E-05 0.644948 9.99472E-05 0.175496 9.99472E-05 9.99472E-05 0.0421847 0.0769381
9.99211E-05 9.99211E-05 9.99211E-05 9.99211E-05 0.728231 9.99211E-05 9.99211E-05 0.27087 9.99211E-05 9.99211E-05 9.99211E-05
9.99561E-05 9.99561E-05 0.0963096 9.99561E-05 0.421013 0.0102215 0.0407339 0.0152906 0.415932 9.99561E-05 9.99561E-05
9.99385E-05 9.99385E-05 0.150472 9.99385E-05 0.455954 9.99385E-05 9.99385E-05 9.99385E-05 0.215781 9.99385E-05 0.177093
9.99736E-05 9.99736E-05 0.06831 0.0603038 0.333025 9.99736E-05 0.0936271 0.028638 0.250626 0.0617864 0.103384
9.99298E-05 9.99298E-05 9.99298E-05 9.99298E-05 0.912074 9.99298E-05 9.99298E-05 0.0755672 9.99298E-05 0.0115593 9.99298E-05
9.99561E-05 9.99561E-05 9.99561E-05 0.0205631 0.548318 9.99561E-05 0.0643406 0.124143 0.211035 0.0311009 9.99561E-05
9.99385E-05 9.99385E-05 9.99385E-05 0.258777 0.396779 9.99385E-05 9.99385E-05 0.232264 0.111481 9.99385E-05 9.99385E-05
9.99385E-05 9.99385E-05 9.99385E-05 9.99385E-05 0.741437 9.99385E-05 0.0441061 0.211062 0.00269477 9.99385E-05 9.99385E-05
9.99472E-05 9.99472E-05 0.0243555 9.99472E-05 0.50708 9.99472E-05 0.282709 9.99472E-05 0.0360281 0.149228 9.99472E-05
9.99473E-05 9.99473E-05 0.0239071 9.99473E-05 0.243984 9.99473E-05 0.261527 9.99473E-05 0.440583 0.0293994 9.99473E-05
9.99473E-05 0.00976751 0.0444432 9.99473E-05 0.431673 9.99473E-05 0.269173 9.99473E-05 0.244344 9.99473E-05 9.99473E-05
9.9956E-05 9.9956E-05 0.0310157 0.060532 0.379569 0.0301438 0.269183 9.9956E-05 0.229056 9.9956E-05 9.9956E-05
0.00465193 0.0184401 0.0259832 0.113122 0.409672 0.0444192 0.152005 0.127834 0.0669082 0.0349089 0.00205598
9.99472E-05 9.99472E-05 9.99472E-05 9.99472E-05 0.192839 9.99472E-05 0.270446 0.330977 0.0723795 0.132759 9.99472E-05
9.99473E-05 9.99473E-05 9.99473E-05 9.99473E-05 0.26212 0.0538948 0.270192 0.0543967 0.358797 9.99473E-05 9.99473E-05
9.9956E-05 9.9956E-05 0.174275 0.176326 0.318137 9.9956E-05 0.0240341 0.259453 0.047276 9.9956E-05 9.9956E-05
9.99298E-05 9.99298E-05 9.99298E-05 9.99298E-05 0.595945 9.99298E-05 9.99298E-05 0.14268 0.260576 9.99298E-05 9.99298E-05
9.9921E-05 9.9921E-05 9.9921E-05 9.9921E-05 0.7583 9.9921E-05 9.9921E-05 0.240801 9.9921E-05 9.9921E-05 9.9921E-05
9.99385E-05 9.99385E-05 0.0046197 9.99385E-05 0.354192 9.99385E-05 9.99385E-05 9.99385E-05 0.410052 9.99385E-05 0.230436
9.9956E-05 9.9956E-05 0.0984451 9.9956E-05 0.311479 9.9956E-05 0.352806 0.0956187 0.0469743 9.9956E-05 0.0941778
9.99386E-05 9.99386E-05 0.00340085 9.99386E-05 0.471137 9.99386E-05 0.518583 9.99386E-05 9.99386E-05 0.00617955 9.99386E-05
9.99561E-05 9.99561E-05 9.99561E-05 0.00283479 0.318954 0.0505196 0.451347 0.0602642 0.115581 9.99561E-05 9.99561E-05
9.99648E-05 0.0377617 0.0665867 0.0549614 0.356012 9.99648E-05 9.99648E-05 9.99648E-05 0.249957 0.0803251 0.153996
9.99385E-05 9.99385E-05 9.99385E-05 9.99385E-05 0.310204 0.21385 0.313984 9.99385E-05 0.161262 9.99385E-05 9.99385E-05
9.9956E-05 9.9956E-05 9.9956E-05 0.152503 0.252416 0.187429 9.9956E-05 0.218871 0.155575 0.0327056 9.9956E-05
0.0211527 9.99562E-05 9.99562E-05 9.99562E-05 0.693338 9.99562E-05 0.0179871 0.124584 0.111824 9.99562E-05 0.0306147
9.99474E-05 9.99474E-05 9.99474E-05 9.99474E-05 0.70158 9.99474E-05 0.0299365 0.13084 0.107856 0.0291882 9.99474E-05
