9.9842E-05 9.9842E-05 0.0693971 9.9842E-05 9.9842E-05 0.0218442 9.9842E-05 9.9842E-05 9.9842E-05 9.9842E-05 9.9842E-05 0.0653038 9.9842E-05 9.9842E-05 9.9842E-05 0.0960066 9.9842E-05 0.0165961 9.9842E-05 9.9842E-05 0.27735 0.243959 9.9842E-05 9.9842E-05 0.059665 0.0284501 9.9842E-05 0.119631
9.97895E-05 9.97895E-05 9.97895E-05 9.97895E-05 9.97895E-05 0.0840255 9.97895E-05 9.97895E-05 9.97895E-05 9.97895E-05 9.97895E-05 9.97895E-05 9.97895E-05 9.97895E-05 9.97895E-05 0.230719 9.97895E-05 9.97895E-05 9.97895E-05 9.97895E-05 0.64155 0.0413107 9.97895E-05 9.97895E-05 9.97895E-05 9.97895E-05 9.97895E-05 9.97895E-05
9.97631E-05 9.97631E-05 9.97631E-05 9.97631E-05 9.97631E-05 9.97631E-05 9.97631E-05 9.97631E-05 9.97631E-05 9.97631E-05 0.997306 9.97631E-05 9.97631E-05 9.97631E-05 9.97631E-05 9.97631E-05 9.97631E-05 9.97631E-05 9.97631E-05 9.97631E-05 9.97631E-05 9.97631E-05 9.97631E-05 9.97631E-05 9.97631E-05 9.97631E-05 9.97631E-05 9.97631E-05
0.0135049 9.98509E-05 0.469927 9.98509E-05 9.98509E-05 9.98509E-05 9.98509E-05 9.98509E-05 9.98509E-05 0.261193 9.98509E-05 0.113306 9.98509E-05 0.00190897 9.98509E-05 0.0516646 0.0394149 9.98509E-05 0.00899827 9.98509E-05 9.98509E-05 9.98509E-05 0.00416179 0.00178259 9.98509E-05 9.98509E-05 9.98509E-05 0.0324416
9.97722E-05 9.97722E-05 9.97722E-05 9.97722E-05 9.97722E-05 9.97722E-05 9.97722E-05 9.97722E-05 9.97722E-05 9.97722E-05 9.97722E-05 9.97722E-05 9.97722E-05 9.97722E-05 9.97722E-05 0.981444 9.97722E-05 9.97722E-05 0.0159616 9.97722E-05 9.97722E-05 9.97722E-05 9.97722E-05 9.97722E-05 9.97722E-05 9.97722E-05 9.97722E-05 9.97722E-05
9.98157E-05 9.98157E-05 0.427978 9.98157E-05 9.98157E-05 0.00431973 9.98157E-05 0.0463059 9.98157E-05 9.98157E-05 9.98157E-05 9.98157E-05 9.98157E-05 9.98157E-05 9.98157E-05 9.98157E-05 0.196573 9.98157E-05 0.130109 0.0972376 9.98157E-05 0.0953809 9.98157E-05 9.98157E-05 9.98157E-05 9.98157E-05 9.98157E-05 9.98157E-05
9.98508E-05 9.98508E-05 9.98508E-05 9.98508E-05 0.0135964 0.0195165 9.98508E-05 9.98508E-05 9.98508E-05 9.98508E-05 0.0196419 0.129557 9.98508E-05 9.98508E-05 9.98508E-05 0.330291 9.98508E-05 0.0843746 0.0777805 9.98508E-05 9.98508E-05 0.0762044 0.0605348 9.98508E-05 0.0182386 9.98508E-05 9.98508E-05 0.168567
0.0366442 9.98509E-05 9.98509E-05 0.111983 9.98509E-05 9.98509E-05 9.98509E-05 0.00387283 9.98509E-05 9.98509E-05 9.98509E-05 9.98509E-05 0.0736206 9.98509E-05 9.98509E-05 0.329989 0.0182897 9.98509E-05 0.0772552 0.137795 9.98509E-05 0.0280377 9.98509E-05 9.98509E-05 9.98509E-05 0.0382176 9.98509E-05 0.142597
0.00201445 9.98246E-05 0.201402 9.98246E-05 9.98246E-05 0.0231884 9.98246E-05 9.98246E-05 9.98246E-05 9.98246E-05 0.0975421 9.98246E-05 9.98246E-05 9.98246E-05 9.98246E-05 9.98246E-05 0.0978472 0.136085 9.98246E-05 0.211585 9.98246E-05 9.98246E-05 9.98246E-05 9.98246E-05 0.22834 9.98246E-05 9.98246E-05 9.98246E-05
9.97809E-05 9.97809E-05 0.111544 9.97809E-05 9.97809E-05 9.97809E-05 9.97809E-05 9.97809E-05 9.97809E-05 9.97809E-05 9.97809E-05 9.97809E-05 9.97809E-05 9.97809E-05 9.97809E-05 9.97809E-05 9.97809E-05 9.97809E-05 9.97809E-05 9.97809E-05 0.846599 9.97809E-05 9.97809E-05 9.97809E-05 0.0393618 9.97809E-05 9.97809E-05 9.97809E-05
9.97895E-05 9.97895E-05 0.809357 9.97895E-05 9.97895E-05 9.97895E-05 9.97895E-05 9.97895E-05 9.97895E-05 9.97895E-05 9.97895E-05 0.0686326 9.97895E-05 9.97895E-05 9.97895E-05 9.97895E-05 9.97895E-05 9.97895E-05 9.97895E-05 9.97895E-05 9.97895E-05 0.023425 9.97895E-05 9.97895E-05 0.0961904 9.97895E-05 9.97895E-05 9.97895E-05
9.97631E-05 9.97631E-05 9.97631E-05 9.97631E-05 9.97631E-05 9.97631E-05 9.97631E-05 9.97631E-05 9.97631E-05 9.97631E-05 0.997306 9.97631E-05 9.97631E-05 9.97631E-05 9.97631E-05 9.97631E-05 9.97631E-05 9.97631E-05 9.97631E-05 9.97631E-05 9.97631E-05 9.97631E-05 9.97631E-05 9.97631E-05 9.97631E-05 9.97631E-05 9.97631E-05 9.97631E-05
9.97895E-05 9.97895E-05 9.97895E-05 9.97895E-05 9.97895E-05 9.97895E-05 9.97895E-05 9.97895E-05 9.97895E-05 9.97895E-05 9.97895E-05 9.97895E-05 9.97895E-05 9.97895E-05 9.97895E-05 0.790607 9.97895E-05 9.97895E-05 9.97895E-05 9.97895E-05 0.0955552 9.97895E-05 9.97895E-05 9.97895E-05 0.0903961 9.97895E-05 9.97895E-05 0.0210471
9.97984E-05 9.97984E-05 9.97984E-05 9.97984E-05 9.97984E-05 9.97984E-05 9.97984E-05 9.97984E-05 9.97984E-05 9.97984E-05 9.97984E-05 0.0170003 9.97984E-05 9.97984E-05 0.0199479 0.852153 9.97984E-05 9.97984E-05 9.97984E-05 9.97984E-05 9.97984E-05 9.97984E-05 9.97984E-05 0.0191667 0.0894372 9.97984E-05 9.97984E-05 9.97984E-05
9.9816E-05 9.9816E-05 0.0801263 9.9816E-05 9.9816E-05 9.9816E-05 9.9816E-05 9.9816E-05 9.9816E-05 9.9816E-05 9.9816E-05 9.9816E-05 9.9816E-05 9.9816E-05 0.0224689 9.9816E-05 0.164823 9.9816E-05 9.9816E-05 0.149944 0.376579 0.108723 9.9816E-05 9.9816E-05 0.0952391 9.9816E-05 9.9816E-05 9.9816E-05
0.0173629 9.98684E-05 0.0531737 9.98684E-05 9.98684E-05 9.98684E-05 9.98684E-05 9.98684E-05 9.98684E-05 0.0284945 9.98684E-05 9.98684E-05 0.11144 9.98684E-05 9.98684E-05 0.245668 0.0199528 9.98684E-05 9.98684E-05 0.145115 0.0868903 0.00561379 0.0290417 9.98684E-05 0.106357 0.0702843 9.98684E-05 0.0791079
9.97983E-05 9.97983E-05 0.720491 9.97983E-05 9.97983E-05 0.0499477 9.97983E-05 9.97983E-05 0.155903 9.97983E-05 9.97983E-05 9.97983E-05 9.97983E-05 9.97983E-05 9.97983E-05 9.97983E-05 9.97983E-05 9.97983E-05 9.97983E-05 9.97983E-05 9.97983E-05 9.97983E-05 0.0474281 9.97983E-05 9.97983E-05 0.0239344 9.97983E-05 9.97983E-05
0.025311 9.98333E-05 9.98333E-05 9.98333E-05 9.98333E-05 9.98333E-05 9.98333E-05 9.98333E-05 9.98333E-05 9.98333E-05 9.98333E-05 9.98333E-05 9.98333E-05 0.091683 9.98333E-05 0.281552 9.98333E-05 0.00553322 9.98333E-05 0.0418839 9.98333E-05 0.141691 9.98333E-05 9.98333E-05 0.0870995 9.98333E-05 0.157336 0.166013
9.98244E-05 9.98244E-05 0.492045 9.98244E-05 9.98244E-05 9.98244E-05 9.98244E-05 9.98244E-05 9.98244E-05 0.0308164 9.98244E-05 9.98244E-05 9.98244E-05 9.98244E-05 0.00420442 9.98244E-05 9.98244E-05 9.98244E-05 0.0904947 0.0782323 9.98244E-05 9.98244E-05 9.98244E-05 9.98244E-05 0.153489 9.98244E-05 0.0460759 0.102646
9.97633E-05 9.97633E-05 9.97633E-05 9.97633E-05 9.97633E-05 9.97633E-05 9.97633E-05 9.97633E-05 9.97633E-05 9.97633E-05 9.97633E-05 9.97633E-05 9.97633E-05 9.97633E-05 9.97633E-05 9.97633E-05 9.97633E-05 9.97633E-05 9.97633E-05 9.97633E-05 0.997306 9.97633E-05 9.97633E-05 9.97633E-05 9.97633E-05 9.97633E-05 9.97633E-05 9.97633E-05
0.165549 9.97983E-05 0.668407 9.97983E-05 9.97983E-05 9.97983E-05 9.97983E-05 9.97983E-05 9.97983E-05 0.00442163 9.97983E-05 9.97983E-05 0.062844 9.97983E-05 9.97983E-05 9.97983E-05 9.97983E-05 9.97983E-05 9.97983E-05 0.0964828 9.97983E-05 9.97983E-05 9.97983E-05 9.97983E-05 9.97983E-05 9.97983E-05 9.97983E-05 9.97983E-05
9.98158E-05 0.0688015 0.464708 9.98158E-05 9.98158E-05 9.98158E-05 9.98158E-05 0.0989571 9.98158E-05 9.98158E-05 9.98158E-05 9.98158E-05 9.98158E-05 9.98158E-05 9.98158E-05 9.98158E-05 0.0155034 9.98158E-05 0.100202 0.116062 9.98158E-05 9.98158E-05 9.98158E-05 9.98158E-05 9.98158E-05 9.98158E-05 9.98158E-05 0.13367
9.98071E-05 9.98071E-05 9.98071E-05 9.98071E-05 9.98071E-05 9.98071E-05 9.98071E-05 9.98071E-05 9.98071E-05 0.0307438 9.98071E-05 0.011766 9.98071E-05 9.98071E-05 9.98071E-05 9.98071E-05 0.134725 9.98071E-05 9.98071E-05 9.98071E-05 0.653644 0.147197 9.98071E-05 9.98071E-05 0.0197278 9.98071E-05 9.98071E-05 9.98071E-05
9.98071E-05 9.98071E-05 0.047504 9.98071E-05 9.98071E-05 9.98071E-05 9.98071E-05 9.98071E-05 9.98071E-05 9.98071E-05 9.98071E-05 9.98071E-05 9.98071E-05 9.98071E-05 9.98071E-05 0.374239 9.98071E-05 0.0628324 9.98071E-05 9.98071E-05 9.98071E-05 0.0308344 9.98071E-05 9.98071E-05 0.251651 9.98071E-05 9.98071E-05 0.230743
9.98332E-05 9.98332E-05 0.349504 9.98332E-05 9.98332E-05 9.98332E-05 9.98332E-05 9.98332E-05 9.98332E-05 0.130605 9.98332E-05 0.0151106 9.98332E-05 0.0791053 0.007502 0.0288945 9.98332E-05 9.98332E-05 9.98332E-05 0.00616928 9.98332E-05 9.98332E-05 9.98332E-05 0.177211 0.204001 9.98332E-05 9.98332E-05 9.98332E-05
9.97719E-05 9.97719E-05 0.916244 9.97719E-05 9.97719E-05 9.97719E-05 9.97719E-05 9.97719E-05 9.97719E-05 0.0811619 9.97719E-05 9.97719E-05 9.97719E-05 9.97719E-05 9.97719E-05 9.97719E-05 9.97719E-05 9.97719E-05 9.97719E-05 9.97719E-05 9.97719E-05 9.97719E-05 9.97719E-05 9.97719E-05 9.97719E-05 9.97719E-05 9.97719E-05 9.97719E-05
9.98332E-05 0.197333 0.10486 9.98332E-05 9.98332E-05 9.98332E-05 9.98332E-05 9.98332E-05 9.98332E-05 9.98332E-05 9.98332E-05 9.98332E-05 0.00199276 0.0284074 9.98332E-05 9.98332E-05 0.0880862 9.98332E-05 9.98332E-05 9.98332E-05 9.98332E-05 9.98332E-05 9.98332E-05 0.236998 0.0212904 9.98332E-05 0.111283 0.207852
9.97809E-05 9.97809E-05 9.97809E-05 9.97809E-05 9.97809E-05 9.97809E-05 9.97809E-05 9.97809E-05 9.97809E-05 0.117123 9.97809E-05 9.97809E-05 9.97809E-05 9.97809E-05 9.97809E-05 9.97809E-05 9.97809E-05 9.97809E-05 9.97809E-05 9.97809E-05 0.861011 9.97809E-05 9.97809E-05 9.97809E-05 9.97809E-05 9.97809E-05 9.97809E-05 0.0193721
9.98159E-05 9.98159E-05 9.98159E-05 9.98159E-05 9.98159E-05 9.98159E-05 9.98159E-05 9.98159E-05 9.98159E-05 0.00315805 0.121386 9.98159E-05 9.98159E-05 9.98159E-05 9.98159E-05 9.98159E-05 9.98159E-05 9.98159E-05 9.98159E-05 9.98159E-05 0.523638 0.0173366 9.98159E-05 0.146282 0.157505 9.98159E-05 9.98159E-05 0.0285992
9.97982E-05 9.97982E-05 9.97982E-05 9.97982E-05 9.97982E-05 9.97982E-05 0.136824 9.97982E-05 9.97982E-05 9.97982E-05 0.278997 9.97982E-05 9.97982E-05 9.97982E-05 9.97982E-05 9.97982E-05 9.97982E-05 9.97982E-05 9.97982E-05 0.0110207 0.545129 9.97982E-05 9.97982E-05 9.97982E-05 0.0257337 9.97982E-05 9.97982E-05 9.97982E-05
9.98244E-05 0.0110809 0.0355047 9.98244E-05 9.98244E-05 9.98244E-05 9.98244E-05 9.98244E-05 9.98244E-05 9.98244E-05 9.98244E-05 0.0620246 9.98244E-05 9.98244E-05 9.98244E-05 9.98244E-05 9.98244E-05 9.98244E-05 0.0230484 0.0286173 0.813843 0.0228701 9.98244E-05 9.98244E-05 0.00101466 9.98244E-05 9.98244E-05 9.98244E-05
9.97896E-05 9.97896E-05 0.86437 9.97896E-05 9.97896E-05 9.97896E-05 9.97896E-05 9.97896E-05 9.97896E-05 0.0222237 9.97896E-05 9.97896E-05 9.97896E-05 9.97896E-05 9.97896E-05 9.97896E-05 0.0300409 9.97896E-05 9.97896E-05 9.97896E-05 9.97896E-05 9.97896E-05 9.97896E-05 9.97896E-05 0.0809702 9.97896E-05 9.97896E-05 9.97896E-05
9.98157E-05 9.98157E-05 9.98157E-05 9.98157E-05 9.98157E-05 9.98157E-05 9.98157E-05 9.98157E-05 9.98157E-05 0.0843546 0.227013 0.0515307 9.98157E-05 9.98157E-05 9.98157E-05 0.43659 9.98157E-05 9.98157E-05 9.98157E-05 9.98157E-05 9.98157E-05 9.98157E-05 9.98157E-05 0.0243229 0.121832 9.98157E-05 9.98157E-05 0.0522607
9.9807E-05 9.9807E-05 9.9807E-05 9.9807E-05 9.9807E-05 9.9807E-05 9.9807E-05 9.9807E-05 9.9807E-05 9.9807E-05 0.675841 9.9807E-05 0.0390595 9.9807E-05 9.9807E-05 9.9807E-05 9.9807E-05 9.9807E-05 0.0204698 9.9807E-05 9.9807E-05 9.9807E-05 9.9807E-05 0.202305 0.0370561 9.9807E-05 0.0230725 9.9807E-05
9.97809E-05 9.97809E-05 9.97809E-05 9.97809E-05 9.97809E-05 0.00313182 9.97809E-05 9.97809E-05 9.97809E-05 9.97809E-05 0.400306 9.97809E-05 9.97809E-05 9.97809E-05 9.97809E-05 9.97809E-05 9.97809E-05 9.97809E-05 9.97809E-05 9.97809E-05 0.594068 9.97809E-05 9.97809E-05 9.97809E-05 9.97809E-05 9.97809E-05 9.97809E-05 9.97809E-05
9.98159E-05 0.0551395 0.297896 9.98159E-05 9.98159E-05 9.98159E-05 9.98159E-05 9.98159E-05 9.98159E-05 0.116993 0.45364 9.98159E-05 9.98159E-05 9.98159E-05 9.98159E-05 9.98159E-05 9.98159E-05 9.98159E-05 9.98159E-05 0.0169282 9.98159E-05 9.98159E-05 0.00111431 9.98159E-05 9.98159E-05 9.98159E-05 9.98159E-05 0.0561934
9.98072E-05 9.98072E-05 9.98072E-05 9.98072E-05 0.0179164 9.98072E-05 9.98072E-05 9.98072E-05 9.98072E-05 9.98072E-05 9.98072E-05 0.00138297 0.0142824 9.98072E-05 9.98072E-05 9.98072E-05 9.98072E-05 9.98072E-05 0.0205319 9.98072E-05 0.938538 9.98072E-05 9.98072E-05 9.98072E-05 9.98072E-05 0.00515214 9.98072E-05 9.98072E-05
9.98072E-05 9.98072E-05 9.98072E-05 9.98072E-05 9.98072E-05 0.0295728 9.98072E-05 9.98072E-05 9.98072E-05 0.0223881 0.582461 9.98072E-05 9.98072E-05 9.98072E-05 9.98072E-05 0.155051 9.98072E-05 9.98072E-05 9.98072E-05 0.177095 9.98072E-05 9.98072E-05 9.98072E-05 9.98072E-05 0.0312362 9.98072E-05 9.98072E-05 9.98072E-05
9.98246E-05 9.98246E-05 9.98246E-05 9.98246E-05 9.98246E-05 0.0774095 9.98246E-05 9.98246E-05 0.0497775 9.98246E-05 0.700762 0.00252391 9.98246E-05 9.98246E-05 9.98246E-05 9.98246E-05 9.98246E-05 9.98246E-05 0.0109314 0.00666625 9.98246E-05 9.98246E-05 9.98246E-05 9.98246E-05 0.139386 9.98246E-05 9.98246E-05 0.0105474
9.98157E-05 9.98157E-05 0.581538 9.98157E-05 0.0145578 9.98157E-05 0.102475 9.98157E-05 9.98157E-05 9.98157E-05 0.146174 9.98157E-05 0.0705199 9.98157E-05 9.98157E-05 9.98157E-05 9.98157E-05 9.98157E-05 0.00858097 9.98157E-05 9.98157E-05 9.98157E-05 9.98157E-05 9.98157E-05 0.0740578 9.98157E-05 9.98157E-05 9.98157E-05
9.97632E-05 9.97632E-05 0.997306 9.97632E-05 9.97632E-05 9.97632E-05 9.97632E-05 9.97632E-05 9.97632E-05 9.97632E-05 9.97632E-05 9.97632E-05 9.97632E-05 9.97632E-05 9.97632E-05 9.97632E-05 9.97632E-05 9.97632E-05 9.97632E-05 9.97632E-05 9.97632E-05 9.97632E-05 9.97632E-05 9.97632E-05 9.97632E-05 9.97632E-05 9.97632E-05 9.97632E-05
9.98248E-05 0.0398644 0.269637 9.98248E-05 9.98248E-05 9.98248E-05 9.98248E-05 9.98248E-05 9.98248E-05 9.98248E-05 9.98248E-05 9.98248E-05 9.98248E-05 9.98248E-05 9.98248E-05 0.503678 9.98248E-05 0.0719524 9.98248E-05 0.025699 9.98248E-05 9.98248E-05 0.0349008 9.98248E-05 0.0383739 9.98248E-05 9.98248E-05 0.0138983
9.97632E-05 9.97632E-05 9.97632E-05 9.97632E-05 9.97632E-05 9.97632E-05 9.97632E-05 9.97632E-05 9.97632E-05 9.97632E-05 9.97632E-05 9.97632E-05 9.97632E-05 9.97632E-05 9.97632E-05 0.997306 9.97632E-05 9.97632E-05 9.97632E-05 9.97632E-05 9.97632E-05 9.97632E-05 9.97632E-05 9.97632E-05 9.97632E-05 9.97632E-05 9.97632E-05 9.97632E-05
9.98245E-05 9.98245E-05 0.0052474 9.98245E-05 9.98245E-05 0.0755949 9.98245E-05 9.98245E-05 9.98245E-05 9.98245E-05 0.477419 9.98245E-05 9.98245E-05 9.98245E-05 9.98245E-05 9.98245E-05 9.98245E-05 0.0218374 9.98245E-05 0.0667194 9.98245E-05 0.177912 9.98245E-05 9.98245E-05 0.106797 9.98245E-05 9.98245E-05 0.066477
9.98246E-05 9.98246E-05 9.98246E-05 9.98246E-05 9.98246E-05 9.98246E-05 9.98246E-05 0.0580938 9.98246E-05 9.98246E-05 0.139746 9.98246E-05 9.98246E-05 9.98246E-05 9.98246E-05 0.0668786 9.98246E-05 9.98246E-05 0.0183128 9.98246E-05 0.0220066 9.98246E-05 0.147619 9.98246E-05 0.1484 9.98246E-05 9.98246E-05 0.396947
9.98069E-05 9.98069E-05 0.392046 9.98069E-05 9.98069E-05 9.98069E-05 9.98069E-05 9.98069E-05 9.98069E-05 9.98069E-05 0.530357 9.98069E-05 9.98069E-05 0.0138617 9.98069E-05 0.0214062 9.98069E-05 9.98069E-05 0.0031761 9.98069E-05 9.98069E-05 9.98069E-05 0.0369574 9.98069E-05 9.98069E-05 9.98069E-05 9.98069E-05 9.98069E-05
9.97718E-05 9.97718E-05 9.97718E-05 9.97718E-05 9.97718E-05 9.97718E-05 9.97718E-05 9.97718E-05 9.97718E-05 9.97718E-05 9.97718E-05 9.97718E-05 9.97718E-05 9.97718E-05 9.97718E-05 0.996918 9.97718E-05 9.97718E-05 9.97718E-05 9.97718E-05 9.97718E-05 9.97718E-05 9.97718E-05 9.97718E-05 0.000488158 9.97718E-05 9.97718E-05 9.97718E-05
9.97633E-05 9.97633E-05 9.97633E-05 9.97633E-05 9.97633E-05 9.97633E-05 9.97633E-05 9.97633E-05 9.97633E-05 9.97633E-05 0.997306 9.97633E-05 9.97633E-05 9.97633E-05 9.97633E-05 9.97633E-05 9.97633E-05 9.97633E-05 9.97633E-05 9.97633E-05 9.97633E-05 9.97633E-05 9.97633E-05 9.97633E-05 9.97633E-05 9.97633E-05 9.97633E-05 9.97633E-05
9.97982E-05 9.97982E-05 9.97982E-05 9.97982E-05 9.97982E-05 9.97982E-05 9.97982E-05 9.97982E-05 9.97982E-05 9.97982E-05 9.97982E-05 0.0612432 9.97982E-05 9.97982E-05 9.97982E-05 0.116887 9.97982E-05 9.97982E-05 9.97982E-05 9.97982E-05 0.564851 9.97982E-05 9.97982E-05 9.97982E-05 0.104071 9.97982E-05 9.97982E-05 0.150652
9.979E-05 9.979E-05 9.979E-05 9.979E-05 0.108723 9.979E-05 9.979E-05 0.0181261 9.979E-05 9.979E-05 9.979E-05 9.979E-05 9.979E-05 9.979E-05 9.979E-05 9.979E-05 9.979E-05 9.979E-05 0.0020531 9.979E-05 0.868703 9.979E-05 9.979E-05 9.979E-05 9.979E-05 9.979E-05 9.979E-05 9.979E-05
9.98683E-05 0.151295 9.98683E-05 9.98683E-05 9.98683E-05 9.98683E-05 9.98683E-05 9.98683E-05 9.98683E-05 0.0252544 0.0135208 0.120314 9.98683E-05 9.98683E-05 9.98683E-05 0.185749 0.0297308 0.054844 0.00404137 0.0703797 0.169279 9.98683E-05 0.0207165 0.010628 0.142749 9.98683E-05 9.98683E-05 9.98683E-05
9.97983E-05 9.97983E-05 9.97983E-05 9.97983E-05 9.97983E-05 9.97983E-05 9.97983E-05 9.97983E-05 9.97983E-05 0.0422151 9.97983E-05 9.97983E-05 9.97983E-05 0.00816582 9.97983E-05 0.792559 9.97983E-05 0.0654556 9.97983E-05 9.97983E-05 9.97983E-05 9.97983E-05 9.97983E-05 9.97983E-05 9.97983E-05 9.97983E-05 9.97983E-05 0.0893092
9.97898E-05 9.97898E-05 9.97898E-05 9.97898E-05 9.97898E-05 0.0229193 9.97898E-05 9.97898E-05 9.97898E-05 9.97898E-05 0.135887 9.97898E-05 9.97898E-05 9.97898E-05 9.97898E-05 9.97898E-05 9.97898E-05 9.97898E-05 9.97898E-05 9.97898E-05 0.781662 9.97898E-05 9.97898E-05 9.97898E-05 9.97898E-05 9.97898E-05 0.0571367 9.97898E-05
9.97897E-05 9.97897E-05 9.97897E-05 9.97897E-05 0.0482502 9.97897E-05 9.97897E-05 9.97897E-05 9.97897E-05 9.97897E-05 0.591543 9.97897E-05 0.146917 9.97897E-05 9.97897E-05 0.210895 9.97897E-05 9.97897E-05 9.97897E-05 9.97897E-05 9.97897E-05 9.97897E-05 9.97897E-05 9.97897E-05 9.97897E-05 9.97897E-05 9.97897E-05 9.97897E-05
9.97986E-05 9.97986E-05 0.300273 9.97986E-05 9.97986E-05 9.97986E-05 9.97986E-05 9.97986E-05 9.97986E-05 9.97986E-05 0.508959 9.97986E-05 9.97986E-05 9.97986E-05 0.117093 9.97986E-05 9.97986E-05 9.97986E-05 9.97986E-05 9.97986E-05 0.0250696 9.97986E-05 9.97986E-05 9.97986E-05 0.0463106 9.97986E-05 9.97986E-05 9.97986E-05
9.97985E-05 9.97985E-05 0.394984 9.97985E-05 9.97985E-05 9.97985E-05 9.97985E-05 9.97985E-05 9.97985E-05 9.97985E-05 0.483851 9.97985E-05 9.97985E-05 0.0109095 9.97985E-05 9.97985E-05 0.0723723 9.97985E-05 0.0355875 9.97985E-05 9.97985E-05 9.97985E-05 9.97985E-05 9.97985E-05 9.97985E-05 9.97985E-05 9.97985E-05 9.97985E-05
9.97807E-05 9.97807E-05 0.877495 9.97807E-05 9.97807E-05 9.97807E-05 9.97807E-05 9.97807E-05 9.97807E-05 9.97807E-05 9.97807E-05 9.97807E-05 9.97807E-05 9.97807E-05 9.97807E-05 9.97807E-05 9.97807E-05 9.97807E-05 0.0615921 9.97807E-05 9.97807E-05 9.97807E-05 9.97807E-05 9.97807E-05 9.97807E-05 9.97807E-05 0.0584182 9.97807E-05
9.97896E-05 9.97896E-05 9.97896E-05 9.97896E-05 9.97896E-05 9.97896E-05 9.97896E-05 9.97896E-05 9.97896E-05 0.00383948 9.97896E-05 9.97896E-05 9.97896E-05 9.97896E-05 9.97896E-05 9.97896E-05 9.97896E-05 9.97896E-05 9.97896E-05 9.97896E-05 0.914817 9.97896E-05 0.0758444 9.97896E-05 0.0031046 9.97896E-05 9.97896E-05 9.97896E-05
9.97807E-05 9.97807E-05 9.97807E-05 9.97807E-05 9.97807E-05 9.97807E-05 9.97807E-05 9.97807E-05 9.97807E-05 9.97807E-05 0.287293 9.97807E-05 9.97807E-05 9.97807E-05 9.97807E-05 0.707729 9.97807E-05 9.97807E-05 9.97807E-05 9.97807E-05 9.97807E-05 9.97807E-05 9.97807E-05 9.97807E-05 0.00248326 9.97807E-05 9.97807E-05 9.97807E-05
9.98157E-05 9.98157E-05 9.98157E-05 0.0788741 9.98157E-05 9.98157E-05 9.98157E-05 9.98157E-05 9.98157E-05 9.98157E-05 9.98157E-05 0.0564871 9.98157E-05 9.98157E-05 9.98157E-05 9.98157E-05 9.98157E-05 9.98157E-05 9.98157E-05 0.0111708 9.98157E-05 0.622206 9.98157E-05 0.085881 0.113018 9.98157E-05 0.0302664 9.98157E-05
9.979E-05 9.979E-05 9.979E-05 9.979E-05 9.979E-05 9.979E-05 9.979E-05 9.979E-05 9.979E-05 0.0307797 9.979E-05 9.979E-05 9.979E-05 9.979E-05 9.979E-05 9.979E-05 9.979E-05 0.114991 9.979E-05 9.979E-05 0.0603744 0.79146 9.979E-05 9.979E-05 9.979E-05 9.979E-05 9.979E-05 9.979E-05
9.97721E-05 9.97721E-05 9.97721E-05 9.97721E-05 9.97721E-05 9.97721E-05 9.97721E-05 9.97721E-05 9.97721E-05 9.97721E-05 9.97721E-05 9.97721E-05 9.97721E-05 9.97721E-05 9.97721E-05 9.97721E-05 9.97721E-05 9.97721E-05 9.97721E-05 9.97721E-05 9.97721E-05 0.96937 9.97721E-05 9.97721E-05 9.97721E-05 9.97721E-05 0.0280355 9.97721E-05
9.98158E-05 0.0483777 9.98158E-05 9.98158E-05 0.0622316 0.253449 9.98158E-05 9.98158E-05 9.98158E-05 9.98158E-05 9.98158E-05 9.98158E-05 9.98158E-05 9.98158E-05 9.98158E-05 9.98158E-05 0.0126362 9.98158E-05 9.98158E-05 0.0975809 9.98158E-05 0.348385 9.98158E-05 0.175244 9.98158E-05 9.98158E-05 9.98158E-05 9.98158E-05
9.98155E-05 9.98155E-05 9.98155E-05 9.98155E-05 0.00669452 9.98155E-05 9.98155E-05 9.98155E-05 9.98155E-05 9.98155E-05 9.98155E-05 9.98155E-05 9.98155E-05 0.110354 9.98155E-05 9.98155E-05 9.98155E-05 9.98155E-05 9.98155E-05 0.0984103 9.98155E-05 0.65709 9.98155E-05 9.98155E-05 0.0707221 9.98155E-05 0.0134211 0.0412125
9.98155E-05 9.98155E-05 9.98155E-05 0.0226803 9.98155E-05 9.98155E-05 9.98155E-05 9.98155E-05 9.98155E-05 9.98155E-05 9.98155E-05 9.98155E-05 9.98155E-05 9.98155E-05 9.98155E-05 9.98155E-05 9.98155E-05 9.98155E-05 9.98155E-05 9.98155E-05 9.98155E-05 0.502059 9.98155E-05 0.177908 0.225006 0.0181531 0.0225753 0.029522
9.98156E-05 0.0148171 9.98156E-05 9.98156E-05 0.00915982 0.288 9.98156E-05 9.98156E-05 9.98156E-05 0.120094 9.98156E-05 0.00325721 9.98156E-05 9.98156E-05 9.98156E-05 9.98156E-05 9.98156E-05 9.98156E-05 9.98156E-05 9.98156E-05 9.98156E-05 0.521085 9.98156E-05 9.98156E-05 0.04149 9.98156E-05 9.98156E-05 9.98156E-05
9.98156E-05 9.98156E-05 9.98156E-05 9.98156E-05 0.00169656 0.0902625 9.98156E-05 9.98156E-05 9.98156E-05 9.98156E-05 9.98156E-05 9.98156E-05 9.98156E-05 9.98156E-05 9.98156E-05 9.98156E-05 0.0575347 9.98156E-05 9.98156E-05 0.060817 9.98156E-05 0.576189 9.98156E-05 9.98156E-05 0.0703284 9.98156E-05 0.141076 9.98156E-05
9.97721E-05 0.0241158 9.97721E-05 9.97721E-05 9.97721E-05 9.97721E-05 9.97721E-05 9.97721E-05 9.97721E-05 9.97721E-05 9.97721E-05 9.97721E-05 9.97721E-05 9.97721E-05 9.97721E-05 9.97721E-05 9.97721E-05 9.97721E-05 9.97721E-05 9.97721E-05 9.97721E-05 0.97329 9.97721E-05 9.97721E-05 9.97721E-05 9.97721E-05 9.97721E-05 9.97721E-05
9.97895E-05 9.97895E-05 9.97895E-05 9.97895E-05 9.97895E-05 9.97895E-05 9.97895E-05 9.97895E-05 9.97895E-05 0.0241578 9.97895E-05 0.00495873 9.97895E-05 9.97895E-05 9.97895E-05 9.97895E-05 9.97895E-05 9.97895E-05 9.97895E-05 0.00824104 9.97895E-05 0.960247 9.97895E-05 9.97895E-05 9.97895E-05 9.97895E-05 9.97895E-05 9.97895E-05
9.98067E-05 9.98067E-05 9.98067E-05 9.98067E-05 9.98067E-05 9.98067E-05 9.98067E-05 9.98067E-05 9.98067E-05 9.98067E-05 9.98067E-05 0.189323 9.98067E-05 0.0116434 9.98067E-05 9.98067E-05 9.98067E-05 9.98067E-05 0.0073568 0.0128416 9.98067E-05 0.542407 9.98067E-05 9.98067E-05 0.234232 9.98067E-05 9.98067E-05 9.98067E-05
0.0227461 9.98594E-05 9.98594E-05 9.98594E-05 0.0228854 0.0770858 9.98594E-05 0.0762222 9.98594E-05 0.0403402 9.98594E-05 0.0203461 0.029772 9.98594E-05 9.98594E-05 9.98594E-05 9.98594E-05 9.98594E-05 0.0179092 9.98594E-05 9.98594E-05 0.40564 9.98594E-05 9.98594E-05 0.0790269 0.062475 9.98594E-05 0.143953
9.98067E-05 9.98067E-05 9.98067E-05 9.98067E-05 9.98067E-05 9.98067E-05 9.98067E-05 0.0646194 9.98067E-05 9.98067E-05 9.98067E-05 0.0371157 0.0286495 9.98067E-05 9.98067E-05 9.98067E-05 9.98067E-05 9.98067E-05 9.98067E-05 0.160264 9.98067E-05 0.596951 9.98067E-05 9.98067E-05 9.98067E-05 0.110205 9.98067E-05 9.98067E-05
9.9798E-05 9.9798E-05 9.9798E-05 9.9798E-05 0.00976332 0.0404301 9.9798E-05 9.9798E-05 9.9798E-05 9.9798E-05 9.9798E-05 9.9798E-05 9.9798E-05 9.9798E-05 9.9798E-05 9.9798E-05 9.9798E-05 9.9798E-05 9.9798E-05 9.9798E-05 9.9798E-05 0.604033 9.9798E-05 9.9798E-05 0.172505 9.9798E-05 9.9798E-05 0.170973
9.97899E-05 9.97899E-05 9.97899E-05 9.97899E-05 0.00746138 9.97899E-05 9.97899E-05 9.97899E-05 9.97899E-05 9.97899E-05 9.97899E-05 9.97899E-05 0.0261057 9.97899E-05 9.97899E-05 9.97899E-05 9.97899E-05 0.00223171 9.97899E-05 9.97899E-05 9.97899E-05 0.961806 9.97899E-05 9.97899E-05 9.97899E-05 9.97899E-05 9.97899E-05 9.97899E-05
9.9781E-05 9.9781E-05 9.9781E-05 9.9781E-05 9.9781E-05 9.9781E-05 9.9781E-05 9.9781E-05 9.9781E-05 0.0759827 9.9781E-05 9.9781E-05 9.9781E-05 9.9781E-05 9.9781E-05 9.9781E-05 9.9781E-05 9.9781E-05 9.9781E-05 9.9781E-05 9.9781E-05 0.915272 9.9781E-05 9.9781E-05 0.0062509 9.9781E-05 9.9781E-05 9.9781E-05
9.98069E-05 9.98069E-05 9.98069E-05 0.229233 0.0233542 9.98069E-05 9.98069E-05 9.98069E-05 9.98069E-05 9.98069E-05 9.98069E-05 9.98069E-05 9.98069E-05 9.98069E-05 9.98069E-05 9.98069E-05 0.042878 9.98069E-05 0.0458507 9.98069E-05 9.98069E-05 0.652662 9.98069E-05 9.98069E-05 0.00382634 9.98069E-05 9.98069E-05 9.98069E-05
9.98156E-05 9.98156E-05 9.98156E-05 9.98156E-05 9.98156E-05 9.98156E-05 9.98156E-05 9.98156E-05 9.98156E-05 0.0660001 9.98156E-05 0.0678985 9.98156E-05 9.98156E-05 9.98156E-05 9.98156E-05 9.98156E-05 9.98156E-05 0.0401064 0.0260218 9.98156E-05 0.656445 9.98156E-05 9.98156E-05 9.98156E-05 0.0600167 9.98156E-05 0.0814159
9.9807E-05 9.9807E-05 9.9807E-05 9.9807E-05 9.9807E-05 9.9807E-05 9.9807E-05 9.9807E-05 9.9807E-05 0.0237133 9.9807E-05 0.0231024 9.9807E-05 9.9807E-05 9.9807E-05 9.9807E-05 9.9807E-05 9.9807E-05 0.0275401 9.9807E-05 9.9807E-05 0.79439 9.9807E-05 9.9807E-05 0.0353449 9.9807E-05 0.0937136 9.9807E-05
9.97891E-05 0.0728169 9.97891E-05 9.97891E-05 9.97891E-05 9.97891E-05 9.97891E-05 9.97891E-05 9.97891E-05 9.97891E-05 9.97891E-05 9.97891E-05 9.97891E-05 9.97891E-05 9.97891E-05 9.97891E-05 9.97891E-05 9.97891E-05 9.97891E-05 9.97891E-05 9.97891E-05 0.63884 9.97891E-05 9.97891E-05 0.225352 9.97891E-05 0.0605963 9.97891E-05
9.97727E-05 9.97727E-05 9.97727E-05 9.97727E-05 9.97727E-05 9.97727E-05 0.0178553 9.97727E-05 9.97727E-05 9.97727E-05 9.97727E-05 9.97727E-05 9.97727E-05 9.97727E-05 9.97727E-05 9.97727E-05 9.97727E-05 9.97727E-05 9.97727E-05 9.97727E-05 9.97727E-05 0.979551 9.97727E-05 9.97727E-05 9.97727E-05 9.97727E-05 9.97727E-05 9.97727E-05
9.97981E-05 9.97981E-05 9.97981E-05 9.97981E-05 9.97981E-05 9.97981E-05 9.97981E-05 9.97981E-05 9.97981E-05 0.0895861 9.97981E-05 9.97981E-05 9.97981E-05 9.97981E-05 9.97981E-05 9.97981E-05 0.00351005 9.97981E-05 9.97981E-05 9.97981E-05 9.97981E-05 0.698231 9.97981E-05 9.97981E-05 0.0306165 9.97981E-05 9.97981E-05 0.175761
9.98072E-05 0.0224206 9.98072E-05 9.98072E-05 9.98072E-05 0.0346712 9.98072E-05 9.98072E-05 9.98072E-05 9.98072E-05 9.98072E-05 9.98072E-05 9.98072E-05 9.98072E-05 0.00611865 9.98072E-05 9.98072E-05 9.98072E-05 9.98072E-05 9.98072E-05 9.98072E-05 0.699054 9.98072E-05 0.219491 0.016048 9.98072E-05 9.98072E-05 9.98072E-05
9.98333E-05 9.98333E-05 9.98333E-05 0.00950618 9.98333E-05 9.98333E-05 9.98333E-05 9.98333E-05 9.98333E-05 9.98333E-05 9.98333E-05 9.98333E-05 9.98333E-05 9.98333E-05 9.98333E-05 9.98333E-05 0.0442341 0.0243577 0.140275 0.0179533 9.98333E-05 0.617977 0.00663454 9.98333E-05 0.0733165 9.98333E-05 0.063849 9.98333E-05
9.97804E-05 9.97804E-05 9.97804E-05 9.97804E-05 9.97804E-05 9.97804E-05 9.97804E-05 9.97804E-05 9.97804E-05 9.97804E-05 9.97804E-05 0.0970784 9.97804E-05 9.97804E-05 9.97804E-05 9.97804E-05 9.97804E-05 9.97804E-05 9.97804E-05 9.97804E-05 9.97804E-05 0.764059 9.97804E-05 9.97804E-05 9.97804E-05 0.136368 9.97804E-05 9.97804E-05
9.97986E-05 9.97986E-05 9.97986E-05 9.97986E-05 9.97986E-05 0.0579537 9.97986E-05 9.97986E-05 9.97986E-05 9.97986E-05 0.0696945 9.97986E-05 9.97986E-05 9.97986E-05 9.97986E-05 9.97986E-05 0.051622 9.97986E-05 9.97986E-05 9.97986E-05 9.97986E-05 0.813826 9.97986E-05 9.97986E-05 0.00460888 9.97986E-05 9.97986E-05 9.97986E-05
9.97634E-05 9.97634E-05 9.97634E-05 9.97634E-05 9.97634E-05 9.97634E-05 9.97634E-05 9.97634E-05 9.97634E-05 9.97634E-05 9.97634E-05 9.97634E-05 9.97634E-05 9.97634E-05 9.97634E-05 9.97634E-05 9.97634E-05 9.97634E-05 9.97634E-05 9.97634E-05 9.97634E-05 0.997306 9.97634E-05 9.97634E-05 9.97634E-05 9.97634E-05 9.97634E-05 9.97634E-05
9.97722E-05 9.97722E-05 9.97722E-05 9.97722E-05 9.97722E-05 9.97722E-05 9.97722E-05 9.97722E-05 9.97722E-05 9.97722E-05 9.97722E-05 9.97722E-05 9.97722E-05 9.97722E-05 9.97722E-05 9.97722E-05 9.97722E-05 9.97722E-05 9.97722E-05 9.97722E-05 9.97722E-05 0.966991 9.97722E-05 9.97722E-05 0.0304147 9.97722E-05 9.97722E-05 9.97722E-05
0.000785978 9.97896E-05 9.97896E-05 9.97896E-05 9.97896E-05 9.97896E-05 9.97896E-05 9.97896E-05 9.97896E-05 9.97896E-05 9.97896E-05 9.97896E-05 9.97896E-05 9.97896E-05 9.97896E-05 9.97896E-05 9.97896E-05 9.97896E-05 9.97896E-05 9.97896E-05 9.97896E-05 0.880816 9.97896E-05 9.97896E-05 9.97896E-05 0.0178035 0.0981992 9.97896E-05
9.97984E-05 0.106845 9.97984E-05 9.97984E-05 9.97984E-05 9.97984E-05 0.450126 9.97984E-05 9.97984E-05 9.97984E-05 9.97984E-05 9.97984E-05 9.97984E-05 9.97984E-05 9.97984E-05 9.97984E-05 9.97984E-05 9.97984E-05 9.97984E-05 0.0340821 9.97984E-05 0.275765 9.97984E-05 9.97984E-05 0.130886 9.97984E-05 9.97984E-05 9.97984E-05
9.97983E-05 9.97983E-05 9.97983E-05 9.97983E-05 9.97983E-05 9.97983E-05 0.0106511 9.97983E-05 9.97983E-05 9.97983E-05 9.97983E-05 9.97983E-05 9.97983E-05 9.97983E-05 9.97983E-05 9.97983E-05 0.634035 9.97983E-05 9.97983E-05 0.0641253 9.97983E-05 9.97983E-05 9.97983E-05 0.204173 0.0847206 9.97983E-05 9.97983E-05 9.97983E-05
9.97806E-05 9.97806E-05 9.97806E-05 9.97806E-05 9.97806E-05 9.97806E-05 0.808365 9.97806E-05 9.97806E-05 9.97806E-05 9.97806E-05 9.97806E-05 9.97806E-05 9.97806E-05 9.97806E-05 9.97806E-05 0.00590432 9.97806E-05 9.97806E-05 9.97806E-05 9.97806E-05 9.97806E-05 9.97806E-05 0.183236 9.97806E-05 9.97806E-05 9.97806E-05 9.97806E-05
9.9798E-05 9.9798E-05 9.9798E-05 9.9798E-05 9.9798E-05 9.9798E-05 9.9798E-05 0.0443881 9.9798E-05 9.9798E-05 9.9798E-05 9.9798E-05 9.9798E-05 9.9798E-05 9.9798E-05 9.9798E-05 0.294436 9.9798E-05 9.9798E-05 9.9798E-05 9.9798E-05 9.9798E-05 9.9798E-05 0.577192 0.0645639 9.9798E-05 0.0171244 9.9798E-05
9.9798E-05 9.9798E-05 9.9798E-05 9.9798E-05 9.9798E-05 9.9798E-05 9.9798E-05 9.9798E-05 9.9798E-05 9.9798E-05 9.9798E-05 0.125352 9.9798E-05 9.9798E-05 9.9798E-05 9.9798E-05 0.285804 9.9798E-05 9.9798E-05 9.9798E-05 9.9798E-05 9.9798E-05 9.9798E-05 0.516071 0.0414181 9.9798E-05 0.0290585 9.9798E-05
9.98245E-05 9.98245E-05 9.98245E-05 9.98245E-05 0.0328446 9.98245E-05 9.98245E-05 9.98245E-05 9.98245E-05 0.0183389 9.98245E-05 9.98245E-05 0.0241744 9.98245E-05 9.98245E-05 9.98245E-05 0.701106 0.0155607 9.98245E-05 0.0464763 9.98245E-05 9.98245E-05 9.98245E-05 0.0508515 9.98245E-05 0.108651 9.98245E-05 9.98245E-05
9.98246E-05 9.98246E-05 9.98246E-05 9.98246E-05 9.98246E-05 0.0357562 0.00575429 9.98246E-05 0.00149078 0.0831977 9.98246E-05 9.98246E-05 9.98246E-05 9.98246E-05 9.98246E-05 9.98246E-05 0.592059 9.98246E-05 9.98246E-05 0.128063 9.98246E-05 9.98246E-05 0.0334372 9.98246E-05 0.118245 9.98246E-05 9.98246E-05 9.98246E-05
9.97806E-05 9.97806E-05 9.97806E-05 9.97806E-05 9.97806E-05 9.97806E-05 9.97806E-05 9.97806E-05 9.97806E-05 9.97806E-05 9.97806E-05 9.97806E-05 9.97806E-05 9.97806E-05 9.97806E-05 9.97806E-05 9.97806E-05 9.97806E-05 9.97806E-05 0.0369437 9.97806E-05 9.97806E-05 9.97806E-05 0.942684 9.97806E-05 0.0178782 9.97806E-05 9.97806E-05
9.97806E-05 9.97806E-05 9.97806E-05 9.97806E-05 9.97806E-05 9.97806E-05 9.97806E-05 9.97806E-05 9.97806E-05 9.97806E-05 9.97806E-05 9.97806E-05 9.97806E-05 9.97806E-05 9.97806E-05 9.97806E-05 0.101916 9.97806E-05 9.97806E-05 0.158986 9.97806E-05 9.97806E-05 9.97806E-05 0.736603 9.97806E-05 9.97806E-05 9.97806E-05 9.97806E-05
9.97893E-05 9.97893E-05 9.97893E-05 9.97893E-05 9.97893E-05 0.190188 9.97893E-05 9.97893E-05 9.97893E-05 9.97893E-05 9.97893E-05 9.97893E-05 9.97893E-05 9.97893E-05 9.97893E-05 9.97893E-05 9.97893E-05 9.97893E-05 9.97893E-05 0.38062 9.97893E-05 9.97893E-05 9.97893E-05 0.36075 0.066047 9.97893E-05 9.97893E-05 9.97893E-05
9.98069E-05 9.98069E-05 9.98069E-05 9.98069E-05 9.98069E-05 9.98069E-05 9.98069E-05 9.98069E-05 9.98069E-05 9.98069E-05 9.98069E-05 9.98069E-05 9.98069E-05 9.98069E-05 9.98069E-05 9.98069E-05 0.0157863 9.98069E-05 9.98069E-05 0.151603 9.98069E-05 9.98069E-05 0.00962119 0.563287 0.253416 0.00408986 9.98069E-05 9.98069E-05
9.98072E-05 9.98072E-05 9.98072E-05 9.98072E-05 9.98072E-05 0.260123 9.98072E-05 9.98072E-05 0.425557 9.98072E-05 9.98072E-05 9.98072E-05 9.98072E-05 9.98072E-05 0.0111554 9.98072E-05 0.258453 9.98072E-05 9.98072E-05 0.0199286 9.98072E-05 9.98072E-05 9.98072E-05 9.98072E-05 9.98072E-05 9.98072E-05 0.0225871 9.98072E-05
9.97983E-05 9.97983E-05 9.97983E-05 9.97983E-05 9.97983E-05 0.104229 9.97983E-05 9.97983E-05 0.171391 9.97983E-05 9.97983E-05 9.97983E-05 9.97983E-05 9.97983E-05 9.97983E-05 9.97983E-05 0.34036 9.97983E-05 9.97983E-05 9.97983E-05 0.0105083 9.97983E-05 9.97983E-05 0.371215 9.97983E-05 9.97983E-05 9.97983E-05 9.97983E-05
9.97898E-05 9.97898E-05 9.97898E-05 9.97898E-05 9.97898E-05 9.97898E-05 9.97898E-05 9.97898E-05 9.97898E-05 9.97898E-05 9.97898E-05 9.97898E-05 9.97898E-05 9.97898E-05 9.97898E-05 9.97898E-05 0.0369634 9.97898E-05 9.97898E-05 0.0305059 9.97898E-05 9.97898E-05 0.0154183 0.914717 9.97898E-05 9.97898E-05 9.97898E-05 9.97898E-05
9.97985E-05 9.97985E-05 9.97985E-05 9.97985E-05 9.97985E-05 9.97985E-05 9.97985E-05 9.97985E-05 0.189512 9.97985E-05 9.97985E-05 9.97985E-05 9.97985E-05 9.97985E-05 9.97985E-05 9.97985E-05 0.149642 9.97985E-05 9.97985E-05 0.0817413 9.97985E-05 9.97985E-05 9.97985E-05 0.318387 0.258421 9.97985E-05 9.97985E-05 9.97985E-05
9.98159E-05 9.98159E-05 9.98159E-05 9.98159E-05 9.98159E-05 9.98159E-05 9.98159E-05 9.98159E-05 0.110169 9.98159E-05 9.98159E-05 9.98159E-05 9.98159E-05 9.98159E-05 9.98159E-05 9.98159E-05 0.217647 9.98159E-05 9.98159E-05 0.026892 9.98159E-05 9.98159E-05 0.0915265 0.464007 9.98159E-05 0.00844594 0.0792162 9.98159E-05
9.98158E-05 0.169536 9.98158E-05 9.98158E-05 9.98158E-05 0.00642064 0.0349102 9.98158E-05 9.98158E-05 9.98158E-05 9.98158E-05 9.98158E-05 9.98158E-05 9.98158E-05 9.98158E-05 9.98158E-05 0.590627 9.98158E-05 9.98158E-05 9.98158E-05 9.98158E-05 9.98158E-05 0.0599691 0.0181192 0.118322 9.98158E-05 9.98158E-05 9.98158E-05
9.98158E-05 9.98158E-05 9.98158E-05 9.98158E-05 9.98158E-05 0.243116 9.98158E-05 9.98158E-05 0.0963089 9.98158E-05 9.98158E-05 9.98158E-05 9.98158E-05 0.0479072 9.98158E-05 9.98158E-05 0.424646 9.98158E-05 9.98158E-05 0.0152995 9.98158E-05 9.98158E-05 9.98158E-05 0.119322 0.0513052 9.98158E-05 9.98158E-05 9.98158E-05
9.9816E-05 9.9816E-05 9.9816E-05 9.9816E-05 9.9816E-05 9.9816E-05 0.0394239 9.9816E-05 9.9816E-05 9.9816E-05 9.9816E-05 9.9816E-05 9.9816E-05 9.9816E-05 9.9816E-05 0.0336902 0.392708 9.9816E-05 9.9816E-05 0.149488 9.9816E-05 9.9816E-05 0.11384 0.224306 9.9816E-05 9.9816E-05 9.9816E-05 0.0444485
9.97982E-05 9.97982E-05 9.97982E-05 9.97982E-05 9.97982E-05 9.97982E-05 9.97982E-05 9.97982E-05 0.115242 0.047127 9.97982E-05 0.0484448 9.97982E-05 9.97982E-05 9.97982E-05 9.97982E-05 0.726801 9.97982E-05 9.97982E-05 9.97982E-05 9.97982E-05 9.97982E-05 9.97982E-05 0.0600897 9.97982E-05 9.97982E-05 9.97982E-05 9.97982E-05
9.98684E-05 0.0301421 9.98684E-05 9.98684E-05 9.98684E-05 9.98684E-05 0.17762 9.98684E-05 0.0657453 0.00383802 9.98684E-05 0.00697604 0.000567453 0.0766679 9.98684E-05 9.98684E-05 0.360792 9.98684E-05 9.98684E-05 0.0662938 9.98684E-05 0.00331911 0.00590624 0.0986503 0.101984 9.98684E-05 9.98684E-05 9.98684E-05
9.97982E-05 9.97982E-05 9.97982E-05 9.97982E-05 9.97982E-05 0.0438674 9.97982E-05 9.97982E-05 0.0745198 9.97982E-05 9.97982E-05 9.97982E-05 9.97982E-05 9.97982E-05 9.97982E-05 9.97982E-05 0.778996 9.97982E-05 9.97982E-05 9.97982E-05 9.97982E-05 9.97982E-05 0.0589589 9.97982E-05 0.0413625 9.97982E-05 9.97982E-05 9.97982E-05
9.98158E-05 9.98158E-05 9.98158E-05 9.98158E-05 9.98158E-05 9.98158E-05 9.98158E-05 9.98158E-05 0.0237674 9.98158E-05 9.98158E-05 0.0130385 9.98158E-05 9.98158E-05 9.98158E-05 9.98158E-05 0.650589 9.98158E-05 9.98158E-05 0.0761605 9.98158E-05 9.98158E-05 9.98158E-05 0.226571 0.00649119 0.00128568 9.98158E-05 9.98158E-05
9.97983E-05 9.97983E-05 9.97983E-05 9.97983E-05 9.97983E-05 0.0853618 9.97983E-05 9.97983E-05 9.97983E-05 9.97983E-05 9.97983E-05 9.97983E-05 9.97983E-05 0.01263 9.97983E-05 9.97983E-05 0.542752 9.97983E-05 9.97983E-05 0.169003 9.97983E-05 9.97983E-05 9.97983E-05 9.97983E-05 0.187959 9.97983E-05 9.97983E-05 9.97983E-05
9.9807E-05 9.9807E-05 9.9807E-05 9.9807E-05 9.9807E-05 9.9807E-05 0.194286 9.9807E-05 9.9807E-05 9.9807E-05 9.9807E-05 9.9807E-05 9.9807E-05 9.9807E-05 0.0207621 9.9807E-05 0.308386 9.9807E-05 9.9807E-05 0.0691564 9.9807E-05 9.9807E-05 9.9807E-05 0.385429 0.0197848 9.9807E-05 9.9807E-05 9.9807E-05
9.97983E-05 9.97983E-05 9.97983E-05 9.97983E-05 9.97983E-05 0.0268966 9.97983E-05 9.97983E-05 9.97983E-05 9.97983E-05 9.97983E-05 9.97983E-05 9.97983E-05 0.00384019 9.97983E-05 9.97983E-05 0.60121 9.97983E-05 9.97983E-05 0.171453 9.97983E-05 9.97983E-05 9.97983E-05 9.97983E-05 0.194305 9.97983E-05 9.97983E-05 9.97983E-05
9.9816E-05 9.9816E-05 9.9816E-05 9.9816E-05 9.9816E-05 0.131079 0.18046 9.9816E-05 0.0515052 9.9816E-05 9.9816E-05 9.9816E-05 0.0611539 9.9816E-05 9.9816E-05 9.9816E-05 9.9816E-05 9.9816E-05 9.9816E-05 0.113236 9.9816E-05 9.9816E-05 9.9816E-05 0.394492 0.0659772 9.9816E-05 9.9816E-05 9.9816E-05
9.97895E-05 9.97895E-05 9.97895E-05 9.97895E-05 9.97895E-05 9.97895E-05 0.602251 9.97895E-05 0.152431 9.97895E-05 9.97895E-05 9.97895E-05 9.97895E-05 9.97895E-05 9.97895E-05 9.97895E-05 0.122722 0.120201 9.97895E-05 9.97895E-05 9.97895E-05 9.97895E-05 9.97895E-05 9.97895E-05 9.97895E-05 9.97895E-05 9.97895E-05 9.97895E-05
9.98067E-05 9.98067E-05 9.98067E-05 9.98067E-05 9.98067E-05 9.98067E-05 9.98067E-05 9.98067E-05 9.98067E-05 0.0547635 9.98067E-05 9.98067E-05 9.98067E-05 9.98067E-05 9.98067E-05 9.98067E-05 0.277977 9.98067E-05 0.0700991 0.00445207 9.98067E-05 9.98067E-05 9.98067E-05 0.526489 0.0640244 9.98067E-05 9.98067E-05 9.98067E-05
9.97984E-05 9.97984E-05 9.97984E-05 9.97984E-05 9.97984E-05 0.0268256 9.97984E-05 9.97984E-05 9.97984E-05 9.97984E-05 9.97984E-05 9.97984E-05 9.97984E-05 9.97984E-05 9.97984E-05 9.97984E-05 0.427209 9.97984E-05 9.97984E-05 0.238307 9.97984E-05 9.97984E-05 9.97984E-05 0.137017 0.168345 9.97984E-05 9.97984E-05 9.97984E-05
9.98247E-05 9.98247E-05 9.98247E-05 9.98247E-05 9.98247E-05 9.98247E-05 0.055608 0.014074 0.0327166 9.98247E-05 9.98247E-05 0.0307131 9.98247E-05 0.0324158 9.98247E-05 9.98247E-05 0.663755 9.98247E-05 9.98247E-05 9.98247E-05 9.98247E-05 9.98247E-05 9.98247E-05 0.053856 0.114865 9.98247E-05 9.98247E-05 9.98247E-05
0.0521342 9.98071E-05 9.98071E-05 9.98071E-05 9.98071E-05 0.010928 9.98071E-05 9.98071E-05 9.98071E-05 9.98071E-05 9.98071E-05 0.010647 9.98071E-05 9.98071E-05 9.98071E-05 9.98071E-05 9.98071E-05 9.98071E-05 9.98071E-05 0.00520496 9.98071E-05 9.98071E-05 9.98071E-05 0.78808 0.13081 9.98071E-05 9.98071E-05 9.98071E-05
9.97894E-05 9.97894E-05 9.97894E-05 9.97894E-05 9.97894E-05 9.97894E-05 9.97894E-05 9.97894E-05 9.97894E-05 9.97894E-05 9.97894E-05 9.97894E-05 0.0625496 0.00229821 9.97894E-05 9.97894E-05 0.0817702 9.97894E-05 9.97894E-05 9.97894E-05 9.97894E-05 9.97894E-05 9.97894E-05 0.850987 9.97894E-05 9.97894E-05 9.97894E-05 9.97894E-05
9.98069E-05 9.98069E-05 9.98069E-05 9.98069E-05 9.98069E-05 9.98069E-05 9.98069E-05 0.0986667 9.98069E-05 9.98069E-05 9.98069E-05 9.98069E-05 9.98069E-05 0.12084 9.98069E-05 9.98069E-05 0.358921 9.98069E-05 9.98069E-05 0.272157 9.98069E-05 9.98069E-05 9.98069E-05 0.0159612 0.131258 9.98069E-05 9.98069E-05 9.98069E-05
9.97892E-05 9.97892E-05 9.97892E-05 9.97892E-05 9.97892E-05 9.97892E-05 9.97892E-05 9.97892E-05 9.97892E-05 9.97892E-05 9.97892E-05 9.97892E-05 9.97892E-05 9.97892E-05 0.0244798 9.97892E-05 0.23479 9.97892E-05 9.97892E-05 9.97892E-05 9.97892E-05 9.97892E-05 9.97892E-05 0.644085 9.97892E-05 9.97892E-05 9.97892E-05 0.0942509
9.97721E-05 9.97721E-05 9.97721E-05 9.97721E-05 9.97721E-05 9.97721E-05 9.97721E-05 9.97721E-05 9.97721E-05 0.0593712 9.97721E-05 9.97721E-05 9.97721E-05 9.97721E-05 9.97721E-05 9.97721E-05 9.97721E-05 9.97721E-05 9.97721E-05 9.97721E-05 9.97721E-05 9.97721E-05 9.97721E-05 0.938035 9.97721E-05 9.97721E-05 9.97721E-05 9.97721E-05
9.97982E-05 0.123253 9.97982E-05 9.97982E-05 9.97982E-05 9.97982E-05 9.97982E-05 9.97982E-05 0.178434 9.97982E-05 9.97982E-05 9.97982E-05 9.97982E-05 9.97982E-05 9.97982E-05 9.97982E-05 0.442388 9.97982E-05 9.97982E-05 9.97982E-05 9.97982E-05 9.97982E-05 0.106148 0.147482 9.97982E-05 9.97982E-05 9.97982E-05 9.97982E-05
