9.99034E-05 9.99034E-05 0.401039 9.99034E-05 9.99034E-05 9.99034E-05 9.99034E-05 0.119174 0.118308 0.249177 9.99034E-05 0.0170979 9.99034E-05 9.99034E-05 9.99034E-05 0.0941056 9.99034E-05
9.99298E-05 9.99298E-05 0.59569 9.99298E-05 0.091545 0.00531257 9.99298E-05 0.0444658 9.99298E-05 0.0488659 0.0023527 9.99298E-05 9.99298E-05 0.0354917 9.99298E-05 0.034952 0.140525
9.98683E-05 9.98683E-05 9.98683E-05 9.98683E-05 9.98683E-05 9.98683E-05 9.98683E-05 9.98683E-05 9.98683E-05 9.98683E-05 9.98683E-05 9.98683E-05 9.98683E-05 9.98683E-05 9.98683E-05 0.0101358 0.988366
0.0925543 9.9921E-05 9.9921E-05 9.9921E-05 9.9921E-05 9.9921E-05 0.0166714 0.0526924 0.191104 9.9921E-05 0.322376 0.00858065 9.9921E-05 9.9921E-05 9.9921E-05 0.0369491 0.278173
0.00430043 9.9886E-05 0.91677 9.9886E-05 9.9886E-05 0.0492819 9.9886E-05 9.9886E-05 9.9886E-05 9.9886E-05 0.0283495 9.9886E-05 9.9886E-05 9.9886E-05 9.9886E-05 9.9886E-05 9.9886E-05
0.212038 9.9921E-05 0.114004 9.9921E-05 0.0571627 0.156091 0.121869 9.9921E-05 9.9921E-05 0.106657 0.0673917 9.9921E-05 9.9921E-05 9.9921E-05 9.9921E-05 9.9921E-05 0.163888
9.99123E-05 0.0990884 0.333603 9.99123E-05 0.126974 9.99123E-05 9.99123E-05 0.105115 0.131025 0.0672821 0.135914 9.99123E-05 9.99123E-05 9.99123E-05 9.99123E-05 9.99123E-05 9.99123E-05
9.99211E-05 9.99211E-05 9.99211E-05 9.99211E-05 9.99211E-05 0.110688 0.132292 9.99211E-05 0.247627 0.131211 0.0597662 0.023735 9.99211E-05 9.99211E-05 0.103654 9.99211E-05 0.190128
9.9921E-05 9.9921E-05 0.285871 9.9921E-05 0.00117519 0.0756319 0.214075 9.9921E-05 0.0502381 9.9921E-05 9.9921E-05 9.9921E-05 9.9921E-05 0.0372684 9.9921E-05 0.262325 0.0725157
9.98683E-05 9.98683E-05 0.974804 9.98683E-05 9.98683E-05 9.98683E-05 9.98683E-05 9.98683E-05 9.98683E-05 9.98683E-05 9.98683E-05 9.98683E-05 9.98683E-05 9.98683E-05 9.98683E-05 0.0236981 9.98683E-05
9.98947E-05 9.98947E-05 0.521637 9.98947E-05 9.98947E-05 9.98947E-05 0.0516868 0.145104 9.98947E-05 0.112321 9.98947E-05 9.98947E-05 9.98947E-05 9.98947E-05 9.98947E-05 0.168052 9.98947E-05
9.98596E-05 9.98596E-05 9.98596E-05 9.98596E-05 9.98596E-05 9.98596E-05 9.98596E-05 9.98596E-05 9.98596E-05 9.98596E-05 9.98596E-05 9.98596E-05 9.98596E-05 9.98596E-05 9.98596E-05 9.98596E-05 0.998402
9.98771E-05 9.98771E-05 0.796074 9.98771E-05 9.98771E-05 9.98771E-05 9.98771E-05 9.98771E-05 0.121661 9.98771E-05 9.98771E-05 9.98771E-05 9.98771E-05 9.98771E-05 9.98771E-05 0.0808674 9.98771E-05
0.0314811 9.99122E-05 9.99122E-05 0.0457977 9.99122E-05 9.99122E-05 9.99122E-05 0.0369938 0.133279 9.99122E-05 9.99122E-05 9.99122E-05 0.0331259 9.99122E-05 9.99122E-05 0.0274705 0.690853
0.130197 9.99122E-05 0.270251 0.103675 9.99122E-05 9.99122E-05 0.110073 9.99122E-05 0.027349 0.220644 9.99122E-05 9.99122E-05 9.99122E-05 9.99122E-05 9.99122E-05 0.136811 9.99122E-05
0.0163038 9.99297E-05 0.168495 9.99297E-05 9.99297E-05 9.99297E-05 0.193336 9.99297E-05 0.0230478 0.0984918 0.103386 9.99297E-05 9.99297E-05 9.99297E-05 0.145868 0.159823 0.0904501
9.99123E-05 9.99123E-05 9.99123E-05 9.99123E-05 0.107593 9.99123E-05 9.99123E-05 0.0247069 9.99123E-05 9.99123E-05 0.0484817 0.00313777 0.114296 9.99123E-05 9.99123E-05 0.0478831 0.652902
9.99122E-05 9.99122E-05 0.145724 9.99122E-05 9.99122E-05 9.99122E-05 0.040933 9.99122E-05 0.147195 0.262605 9.99122E-05 0.154717 9.99122E-05 0.11178 9.99122E-05 0.136047 9.99122E-05
9.99297E-05 9.99297E-05 0.32889 0.123579 9.99297E-05 9.99297E-05 0.0622136 0.0222178 0.169002 0.00693883 9.99297E-05 0.0170272 9.99297E-05 9.99297E-05 9.99297E-05 0.208105 0.0612281
9.98684E-05 9.98684E-05 0.984208 9.98684E-05 9.98684E-05 9.98684E-05 9.98684E-05 9.98684E-05 9.98684E-05 9.98684E-05 9.98684E-05 9.98684E-05 9.98684E-05 0.0142939 9.98684E-05 9.98684E-05 9.98684E-05
0.00884274 9.99386E-05 0.178039 9.99386E-05 9.99386E-05 0.0106406 0.124103 0.0683462 0.0238795 9.99386E-05 0.180203 9.99386E-05 9.99386E-05 9.99386E-05 0.107328 0.0317493 0.266169
0.0568625 9.99035E-05 0.252606 9.99035E-05 0.0363573 0.147984 0.0755629 9.99035E-05 0.429529 9.99035E-05 9.99035E-05 9.99035E-05 9.99035E-05 9.99035E-05 9.99035E-05 9.99035E-05 9.99035E-05
9.98947E-05 9.98947E-05 0.00549749 9.98947E-05 9.98947E-05 9.98947E-05 9.98947E-05 0.00600258 9.98947E-05 0.279609 9.98947E-05 9.98947E-05 9.98947E-05 9.98947E-05 9.98947E-05 0.0833914 0.624301
9.98947E-05 9.98947E-05 0.380473 9.98947E-05 9.98947E-05 9.98947E-05 9.98947E-05 9.98947E-05 0.308658 0.00318316 9.98947E-05 9.98947E-05 9.98947E-05 9.98947E-05 0.0430511 0.263437 9.98947E-05
0.118728 9.99209E-05 9.99209E-05 0.160692 9.99209E-05 9.99209E-05 0.0577751 0.0225702 0.0274015 9.99209E-05 9.99209E-05 9.99209E-05 9.99209E-05 0.0464608 9.99209E-05 0.227258 0.338215
0.0592206 9.98947E-05 0.746399 9.98947E-05 9.98947E-05 9.98947E-05 9.98947E-05 9.98947E-05 0.0347061 9.98947E-05 0.0451372 9.98947E-05 9.98947E-05 9.98947E-05 9.98947E-05 0.113338 9.98947E-05
0.25788 9.99035E-05 0.0849967 9.99035E-05 9.99035E-05 9.99035E-05 9.99035E-05 9.99035E-05 0.35021 9.99035E-05 9.99035E-05 0.125251 9.99035E-05 9.99035E-05 0.0638503 0.116713 9.99035E-05
9.98947E-05 9.98947E-05 0.6332 9.98947E-05 9.98947E-05 9.98947E-05 9.98947E-05 9.98947E-05 0.0700278 9.98947E-05 0.076868 9.98947E-05 9.98947E-05 9.98947E-05 9.98947E-05 0.076628 0.142078
9.99123E-05 9.99123E-05 0.201259 9.99123E-05 9.99123E-05 9.99123E-05 9.99123E-05 0.0330875 0.0373491 0.183328 9.99123E-05 9.99123E-05 9.99123E-05 0.0188418 9.99123E-05 0.174258 0.350877
0.114333 9.9886E-05 9.9886E-05 0.0100848 9.9886E-05 9.9886E-05 9.9886E-05 9.9886E-05 9.9886E-05 9.9886E-05 9.9886E-05 9.9886E-05 9.9886E-05 9.9886E-05 9.9886E-05 0.0096058 0.864677
9.99034E-05 9.99034E-05 0.649064 0.0838737 9.99034E-05 9.99034E-05 0.0241275 0.105778 9.99034E-05 0.0665884 9.99034E-05 9.99034E-05 9.99034E-05 9.99034E-05 9.99034E-05 0.069469 9.99034E-05
0.126968 9.99386E-05 0.556219 0.070926 9.99386E-05 0.00938552 0.018098 0.0866348 0.00935929 9.99386E-05 0.0174436 9.99386E-05 9.99386E-05 9.99386E-05 0.0361062 0.06816 9.99386E-05
0.12221 9.9921E-05 0.0629506 9.9921E-05 9.9921E-05 9.9921E-05 9.9921E-05 0.0161118 0.12212 0.0933013 9.9921E-05 9.9921E-05 9.9921E-05 9.9921E-05 0.0702596 0.119738 0.39241
0.0989593 9.98858E-05 9.98858E-05 9.98858E-05 9.98858E-05 9.98858E-05 9.98858E-05 9.98858E-05 0.139902 9.98858E-05 9.98858E-05 9.98858E-05 9.98858E-05 9.98858E-05 9.98858E-05 0.0879135 0.671927
9.99035E-05 9.99035E-05 0.165223 9.99035E-05 0.111466 9.99035E-05 9.99035E-05 0.0198238 9.99035E-05 9.99035E-05 9.99035E-05 9.99035E-05 9.99035E-05 0.00339006 9.99035E-05 0.0363183 0.662679
9.99298E-05 9.99298E-05 0.681593 9.99298E-05 0.000916676 9.99298E-05 0.0252016 0.027648 0.0696068 0.0242472 0.114172 9.99298E-05 9.99298E-05 0.000281065 9.99298E-05 0.0555339 9.99298E-05
9.98861E-05 9.98861E-05 0.484361 9.98861E-05 0.00783454 9.98861E-05 9.98861E-05 9.98861E-05 9.98861E-05 9.98861E-05 0.123829 9.98861E-05 9.98861E-05 9.98861E-05 9.98861E-05 9.98861E-05 0.382677
9.9886E-05 9.9886E-05 9.9886E-05 9.9886E-05 0.00577203 9.9886E-05 0.131171 9.9886E-05 9.9886E-05 9.9886E-05 9.9886E-05 9.9886E-05 9.9886E-05 9.9886E-05 9.9886E-05 0.108377 0.753381
9.99035E-05 9.99035E-05 9.99035E-05 9.99035E-05 0.0573967 0.0296064 9.99035E-05 9.99035E-05 0.0722128 9.99035E-05 9.99035E-05 9.99035E-05 0.0619192 9.99035E-05 9.99035E-05 0.137346 0.64042
0.103311 9.99034E-05 9.99034E-05 9.99034E-05 9.99034E-05 9.99034E-05 9.99034E-05 0.00454735 0.00236856 9.99034E-05 9.99034E-05 9.99034E-05 9.99034E-05 9.99034E-05 0.0693395 0.110896 0.708439
9.98859E-05 9.98859E-05 0.888745 9.98859E-05 9.98859E-05 9.98859E-05 9.98859E-05 0.00467527 0.0643251 9.98859E-05 9.98859E-05 9.98859E-05 9.98859E-05 9.98859E-05 9.98859E-05 0.040956 9.98859E-05
9.98861E-05 9.98861E-05 0.708564 9.98861E-05 0.0297956 9.98861E-05 9.98861E-05 9.98861E-05 0.204066 9.98861E-05 9.98861E-05 9.98861E-05 9.98861E-05 9.98861E-05 9.98861E-05 0.0562755 9.98861E-05
9.99035E-05 9.99035E-05 0.860005 0.00205316 9.99035E-05 0.0302445 9.99035E-05 9.99035E-05 0.0233997 9.99035E-05 9.99035E-05 9.99035E-05 0.0697862 9.99035E-05 0.0134125 9.99035E-05 9.99035E-05
9.99035E-05 9.99035E-05 9.99035E-05 9.99035E-05 9.99035E-05 9.99035E-05 0.10352 0.0396063 0.100424 0.145163 9.99035E-05 9.99035E-05 9.99035E-05 9.99035E-05 9.99035E-05 0.169527 0.44066
9.98859E-05 9.98859E-05 9.98859E-05 9.98859E-05 9.98859E-05 9.98859E-05 9.98859E-05 9.98859E-05 0.434738 9.98859E-05 0.117097 9.98859E-05 9.98859E-05 9.98859E-05 9.98859E-05 0.16361 0.283257
9.98946E-05 9.98946E-05 0.583039 9.98946E-05 9.98946E-05 9.98946E-05 9.98946E-05 9.98946E-05 0.00423503 9.98946E-05 9.98946E-05 9.98946E-05 9.98946E-05 0.0469795 9.98946E-05 0.021825 0.342723
9.98947E-05 9.98947E-05 0.874196 9.98947E-05 9.98947E-05 9.98947E-05 0.0221349 0.023372 9.98947E-05 9.98947E-05 9.98947E-05 0.0106643 9.98947E-05 9.98947E-05 9.98947E-05 0.0684343 9.98947E-05
9.98684E-05 9.98684E-05 9.98684E-05 9.98684E-05 9.98684E-05 9.98684E-05 9.98684E-05 9.98684E-05 9.98684E-05 9.98684E-05 9.98684E-05 9.98684E-05 9.98684E-05 9.98684E-05 9.98684E-05 0.00833078 0.990171
9.99122E-05 9.99122E-05 0.339577 9.99122E-05 9.99122E-05 9.99122E-05 9.99122E-05 0.0210194 0.00187704 0.0711912 9.99122E-05 9.99122E-05 9.99122E-05 9.99122E-05 0.103911 0.129251 0.332175
9.99037E-05 0.0246475 9.99037E-05 9.99037E-05 9.99037E-05 9.99037E-05 0.00555357 0.0097263 9.99037E-05 9.99037E-05 9.99037E-05 0.0331237 9.99037E-05 9.99037E-05 0.0728564 9.99037E-05 0.852993
0.0273629 9.99385E-05 0.139408 9.99385E-05 9.99385E-05 0.0884424 0.0508524 0.0781092 0.105141 9.99385E-05 0.00809686 9.99385E-05 9.99385E-05 0.072773 9.99385E-05 0.216093 0.213021
9.98948E-05 9.98948E-05 0.489902 9.98948E-05 9.98948E-05 9.98948E-05 9.98948E-05 9.98948E-05 0.203739 9.98948E-05 0.0633163 9.98948E-05 9.98948E-05 0.110977 9.98948E-05 9.98948E-05 0.130867
9.98771E-05 9.98771E-05 0.943575 0.0251804 9.98771E-05 9.98771E-05 9.98771E-05 9.98771E-05 9.98771E-05 9.98771E-05 9.98771E-05 0.029846 9.98771E-05 9.98771E-05 9.98771E-05 9.98771E-05 9.98771E-05
9.98947E-05 9.98947E-05 9.98947E-05 9.98947E-05 9.98947E-05 9.98947E-05 0.0120416 9.98947E-05 9.98947E-05 9.98947E-05 9.98947E-05 9.98947E-05 9.98947E-05 0.0102399 0.145 0.011667 0.819853
9.98947E-05 9.98947E-05 9.98947E-05 0.118328 9.98947E-05 0.00912392 9.98947E-05 9.98947E-05 9.98947E-05 9.98947E-05 0.0297096 9.98947E-05 9.98947E-05 9.98947E-05 9.98947E-05 0.0540152 0.787625
0.0925082 9.99035E-05 0.0263357 9.99035E-05 9.99035E-05 0.0519538 9.99035E-05 9.99035E-05 9.99035E-05 0.00441683 9.99035E-05 9.99035E-05 9.99035E-05 0.0303471 9.99035E-05 9.99035E-05 0.793339
9.98859E-05 9.98859E-05 0.802904 9.98859E-05 0.0430022 9.98859E-05 9.98859E-05 9.98859E-05 9.98859E-05 9.98859E-05 9.98859E-05 0.151603 9.98859E-05 9.98859E-05 0.00119203 9.98859E-05 9.98859E-05
9.9886E-05 9.9886E-05 0.800642 9.9886E-05 9.9886E-05 9.9886E-05 9.9886E-05 0.0524875 9.9886E-05 9.9886E-05 0.0567519 9.9886E-05 9.9886E-05 9.9886E-05 9.9886E-05 0.0888203 9.9886E-05
9.98859E-05 9.98859E-05 0.38648 9.98859E-05 9.98859E-05 0.00701045 0.0290455 9.98859E-05 9.98859E-05 9.98859E-05 9.98859E-05 9.98859E-05 9.98859E-05 9.98859E-05 9.98859E-05 9.98859E-05 0.576166
0.17794 9.98858E-05 9.98858E-05 9.98858E-05 9.98858E-05 9.98858E-05 0.00728134 9.98858E-05 9.98858E-05 0.7095 9.98858E-05 9.98858E-05 9.98858E-05 9.98858E-05 9.98858E-05 0.10398 9.98858E-05
9.98774E-05 9.98774E-05 9.98774E-05 9.98774E-05 9.98774E-05 9.98774E-05 9.98774E-05 9.98774E-05 9.98774E-05 0.983324 0.00805908 9.98774E-05 9.98774E-05 9.98774E-05 0.00721838 9.98774E-05 9.98774E-05
9.98597E-05 9.98597E-05 9.98597E-05 9.98597E-05 9.98597E-05 9.98597E-05 9.98597E-05 9.98597E-05 9.98597E-05 0.998402 9.98597E-05 9.98597E-05 9.98597E-05 9.98597E-05 9.98597E-05 9.98597E-05 9.98597E-05
0.155842 0.0361061 9.99122E-05 9.99122E-05 0.212078 9.99122E-05 0.132629 9.99122E-05 9.99122E-05 0.347272 9.99122E-05 0.00631635 9.99122E-05 9.99122E-05 9.99122E-05 0.108758 9.99122E-05
9.99296E-05 0.0180827 9.99296E-05 9.99296E-05 9.99296E-05 0.0336066 0.0441207 9.99296E-05 0.0334354 0.662278 0.027943 9.99296E-05 9.99296E-05 0.0717212 0.0347476 0.0732653 9.99296E-05
9.99032E-05 9.99032E-05 9.99032E-05 0.0328876 9.99032E-05 9.99032E-05 0.038644 9.99032E-05 0.0518397 0.698234 9.99032E-05 0.001118 9.99032E-05 9.99032E-05 9.99032E-05 0.176178 9.99032E-05
9.99033E-05 9.99033E-05 9.99033E-05 9.99033E-05 0.227311 9.99033E-05 0.0204322 0.00357276 9.99033E-05 0.56327 9.99033E-05 9.99033E-05 9.99033E-05 0.0214261 9.99033E-05 0.162889 9.99033E-05
0.0358885 0.029237 9.9912E-05 9.9912E-05 0.0250227 9.9912E-05 0.0212167 9.9912E-05 9.9912E-05 0.723151 9.9912E-05 0.0810179 9.9912E-05 9.9912E-05 9.9912E-05 0.0834675 9.9912E-05
9.98772E-05 9.98772E-05 9.98772E-05 9.98772E-05 0.00289867 9.98772E-05 0.0276624 9.98772E-05 9.98772E-05 0.968041 9.98772E-05 9.98772E-05 9.98772E-05 9.98772E-05 9.98772E-05 9.98772E-05 9.98772E-05
9.98682E-05 9.98682E-05 9.98682E-05 9.98682E-05 9.98682E-05 9.98682E-05 9.98682E-05 0.06874 9.98682E-05 0.929762 9.98682E-05 9.98682E-05 9.98682E-05 9.98682E-05 9.98682E-05 9.98682E-05 9.98682E-05
9.98857E-05 9.98857E-05 9.98857E-05 9.98857E-05 9.98857E-05 9.98857E-05 0.0091306 0.160578 9.98857E-05 0.537779 9.98857E-05 9.98857E-05 9.98857E-05 9.98857E-05 9.98857E-05 0.291214 9.98857E-05
9.99121E-05 9.99121E-05 9.99121E-05 0.0529654 9.99121E-05 0.0017296 9.99121E-05 0.0615599 0.148388 0.548857 9.99121E-05 9.99121E-05 9.99121E-05 9.99121E-05 0.132028 0.0534728 9.99121E-05
0.131775 9.99209E-05 9.99209E-05 9.99209E-05 9.99209E-05 0.0553319 0.134052 0.0812668 9.99209E-05 0.390188 0.126085 9.99209E-05 9.99209E-05 0.0257952 0.0546063 9.99209E-05 9.99209E-05
9.98945E-05 9.98945E-05 9.98945E-05 9.98945E-05 0.0617628 0.0188908 9.98945E-05 9.98945E-05 0.177785 0.538311 9.98945E-05 9.98945E-05 9.98945E-05 9.98945E-05 9.98945E-05 0.202052 9.98945E-05
0.0378717 0.00345687 9.98948E-05 9.98948E-05 9.98948E-05 9.98948E-05 9.98948E-05 0.0229589 9.98948E-05 0.905934 9.98948E-05 9.98948E-05 9.98948E-05 9.98948E-05 0.02858 9.98948E-05 9.98948E-05
9.98684E-05 9.98684E-05 9.98684E-05 9.98684E-05 9.98684E-05 9.98684E-05 0.0553336 9.98684E-05 9.98684E-05 0.943168 9.98684E-05 9.98684E-05 9.98684E-05 9.98684E-05 9.98684E-05 9.98684E-05 9.98684E-05
0.103952 0.132968 9.98945E-05 9.98945E-05 9.98945E-05 0.0072988 9.98945E-05 9.98945E-05 9.98945E-05 0.718559 0.0360241 9.98945E-05 9.98945E-05 9.98945E-05 9.98945E-05 9.98945E-05 9.98945E-05
9.98946E-05 9.98946E-05 9.98946E-05 9.98946E-05 9.98946E-05 9.98946E-05 0.0627515 0.146574 0.124153 0.620388 0.0449352 9.98946E-05 9.98946E-05 9.98946E-05 9.98946E-05 9.98946E-05 9.98946E-05
9.98946E-05 9.98946E-05 9.98946E-05 9.98946E-05 9.98946E-05 9.98946E-05 0.0324363 0.0403804 9.98946E-05 0.814656 0.01858 0.0927486 9.98946E-05 9.98946E-05 9.98946E-05 9.98946E-05 9.98946E-05
9.98857E-05 9.98857E-05 9.98857E-05 9.98857E-05 9.98857E-05 9.98857E-05 9.98857E-05 0.00613594 9.98857E-05 0.674232 9.98857E-05 9.98857E-05 9.98857E-05 9.98857E-05 0.0844844 0.233849 9.98857E-05
9.98861E-05 0.00290343 9.98861E-05 9.98861E-05 9.98861E-05 9.98861E-05 9.98861E-05 9.98861E-05 9.98861E-05 0.933811 9.98861E-05 9.98861E-05 0.0246261 9.98861E-05 9.98861E-05 0.0373607 9.98861E-05
9.98857E-05 9.98857E-05 9.98857E-05 9.98857E-05 0.0135268 9.98857E-05 9.98857E-05 9.98857E-05 0.210117 0.673717 9.98857E-05 9.98857E-05 9.98857E-05 9.98857E-05 9.98857E-05 0.101341 9.98857E-05
0.163963 9.99035E-05 9.99035E-05 9.99035E-05 0.0849386 9.99035E-05 9.99035E-05 9.99035E-05 0.0105772 0.655561 9.99035E-05 9.99035E-05 9.99035E-05 0.00764192 9.99035E-05 0.0762196 9.99035E-05
9.99034E-05 9.99034E-05 9.99034E-05 9.99034E-05 9.99034E-05 9.99034E-05 0.00516794 0.00915181 9.99034E-05 0.735318 0.0893457 0.130857 9.99034E-05 9.99034E-05 9.99034E-05 0.0290605 9.99034E-05
9.99032E-05 9.99032E-05 9.99032E-05 9.99032E-05 9.99032E-05 9.99032E-05 0.00499749 0.0886651 0.0151615 0.862886 0.00703549 9.99032E-05 9.99032E-05 9.99032E-05 9.99032E-05 0.0201554 9.99032E-05
9.98949E-05 9.98949E-05 9.98949E-05 9.98949E-05 9.98949E-05 9.98949E-05 0.00424331 9.98949E-05 9.98949E-05 0.87384 9.98949E-05 9.98949E-05 9.98949E-05 0.0545768 9.98949E-05 0.00167312 0.0644679
9.98597E-05 9.98597E-05 9.98597E-05 9.98597E-05 9.98597E-05 9.98597E-05 9.98597E-05 9.98597E-05 9.98597E-05 0.998402 9.98597E-05 9.98597E-05 9.98597E-05 9.98597E-05 9.98597E-05 9.98597E-05 9.98597E-05
9.98597E-05 9.98597E-05 9.98597E-05 9.98597E-05 9.98597E-05 9.98597E-05 9.98597E-05 9.98597E-05 9.98597E-05 0.998402 9.98597E-05 9.98597E-05 9.98597E-05 9.98597E-05 9.98597E-05 9.98597E-05 9.98597E-05
9.98771E-05 9.98771E-05 9.98771E-05 9.98771E-05 9.98771E-05 9.98771E-05 0.00642133 9.98771E-05 9.98771E-05 0.926338 9.98771E-05 0.0658426 9.98771E-05 9.98771E-05 9.98771E-05 9.98771E-05 9.98771E-05
9.98947E-05 9.98947E-05 9.98947E-05 9.98947E-05 9.98947E-05 9.98947E-05 0.0988619 9.98947E-05 9.98947E-05 0.551482 9.98947E-05 9.98947E-05 0.113186 9.98947E-05 9.98947E-05 0.120556 0.114716
0.802362 9.98771E-05 9.98771E-05 9.98771E-05 9.98771E-05 9.98771E-05 0.130388 9.98771E-05 9.98771E-05 9.98771E-05 9.98771E-05 9.98771E-05 9.98771E-05 9.98771E-05 9.98771E-05 0.0658516 9.98771E-05
0.529891 9.9886E-05 9.9886E-05 9.9886E-05 9.9886E-05 9.9886E-05 0.0106839 9.9886E-05 9.9886E-05 9.9886E-05 9.9886E-05 9.9886E-05 0.365206 9.9886E-05 9.9886E-05 0.092921 9.9886E-05
0.87034 9.98771E-05 9.98771E-05 9.98771E-05 9.98771E-05 9.98771E-05 9.98771E-05 9.98771E-05 9.98771E-05 9.98771E-05 9.98771E-05 0.00758232 9.98771E-05 9.98771E-05 9.98771E-05 0.12068 9.98771E-05
0.751722 9.98858E-05 9.98858E-05 9.98858E-05 9.98858E-05 9.98858E-05 0.011381 0.0270606 9.98858E-05 9.98858E-05 9.98858E-05 9.98858E-05 9.98858E-05 9.98858E-05 9.98858E-05 0.208538 9.98858E-05
0.933192 9.98682E-05 9.98682E-05 9.98682E-05 9.98682E-05 9.98682E-05 0.0653095 9.98682E-05 9.98682E-05 9.98682E-05 9.98682E-05 9.98682E-05 9.98682E-05 9.98682E-05 9.98682E-05 9.98682E-05 9.98682E-05
0.649508 9.98859E-05 9.98859E-05 9.98859E-05 0.0515142 9.98859E-05 0.143463 9.98859E-05 9.98859E-05 9.98859E-05 9.98859E-05 9.98859E-05 9.98859E-05 9.98859E-05 9.98859E-05 0.154217 9.98859E-05
0.69779 9.99034E-05 9.99034E-05 9.99034E-05 9.99034E-05 9.99034E-05 0.0898585 0.0337469 0.0732713 9.99034E-05 9.99034E-05 0.0283276 9.99034E-05 9.99034E-05 9.99034E-05 0.0759069 9.99034E-05
0.807161 9.98771E-05 9.98771E-05 9.98771E-05 9.98771E-05 9.98771E-05 0.170547 9.98771E-05 9.98771E-05 9.98771E-05 9.98771E-05 9.98771E-05 9.98771E-05 9.98771E-05 9.98771E-05 0.0208945 9.98771E-05
0.461866 9.98946E-05 9.98946E-05 0.0170904 0.199326 9.98946E-05 0.316551 9.98946E-05 9.98946E-05 9.98946E-05 9.98946E-05 9.98946E-05 9.98946E-05 9.98946E-05 9.98946E-05 0.00396816 9.98946E-05
0.438962 9.99034E-05 9.99034E-05 0.0292018 9.99034E-05 9.99034E-05 0.217577 9.99034E-05 0.0322961 9.99034E-05 9.99034E-05 0.0950505 9.99034E-05 9.99034E-05 9.99034E-05 0.185814 9.99034E-05
0.495401 9.98859E-05 9.98859E-05 9.98859E-05 0.280887 9.98859E-05 0.014997 9.98859E-05 9.98859E-05 9.98859E-05 9.98859E-05 9.98859E-05 0.207416 9.98859E-05 9.98859E-05 9.98859E-05 9.98859E-05
0.768479 9.98948E-05 9.98948E-05 9.98948E-05 0.140903 9.98948E-05 9.98948E-05 9.98948E-05 9.98948E-05 9.98948E-05 9.98948E-05 9.98948E-05 0.0487261 0.0132469 9.98948E-05 0.0274462 9.98948E-05
0.918629 9.98686E-05 9.98686E-05 9.98686E-05 9.98686E-05 9.98686E-05 0.0798733 9.98686E-05 9.98686E-05 9.98686E-05 9.98686E-05 9.98686E-05 9.98686E-05 9.98686E-05 9.98686E-05 9.98686E-05 9.98686E-05
0.681205 9.98861E-05 9.98861E-05 9.98861E-05 9.98861E-05 9.98861E-05 0.131745 9.98861E-05 9.98861E-05 9.98861E-05 9.98861E-05 9.98861E-05 0.0093679 9.98861E-05 9.98861E-05 0.176384 9.98861E-05
0.731302 9.98948E-05 9.98948E-05 9.98948E-05 0.0449334 9.98948E-05 0.111819 0.00628309 9.98948E-05 9.98948E-05 9.98948E-05 0.104463 9.98948E-05 9.98948E-05 9.98948E-05 9.98948E-05 9.98948E-05
0.562674 9.99123E-05 9.99123E-05 9.99123E-05 0.164404 9.99123E-05 0.0315722 0.103629 0.00792724 9.99123E-05 0.105063 9.99123E-05 9.99123E-05 9.99123E-05 9.99123E-05 0.0237312 9.99123E-05
0.652301 9.98946E-05 9.98946E-05 9.98946E-05 0.20502 9.98946E-05 0.0149331 9.98946E-05 9.98946E-05 9.98946E-05 9.98946E-05 9.98946E-05 9.98946E-05 0.0177781 9.98946E-05 0.108769 9.98946E-05
0.776449 0.003757 9.98949E-05 9.98949E-05 9.98949E-05 0.0541309 0.0784914 9.98949E-05 0.0859733 9.98949E-05 9.98949E-05 9.98949E-05 9.98949E-05 9.98949E-05 9.98949E-05 9.98949E-05 9.98949E-05
0.911661 9.98947E-05 9.98947E-05 9.98947E-05 0.056451 9.98947E-05 0.0107047 0.000515294 9.98947E-05 9.98947E-05 9.98947E-05 9.98947E-05 0.0194697 9.98947E-05 9.98947E-05 9.98947E-05 9.98947E-05
0.554755 9.99123E-05 9.99123E-05 9.99123E-05 9.99123E-05 9.99123E-05 0.078401 9.99123E-05 9.99123E-05 0.0244518 0.00942395 9.99123E-05 0.162581 0.0705164 9.99123E-05 0.098871 9.99123E-05
0.796926 9.98772E-05 9.98772E-05 9.98772E-05 0.131628 9.98772E-05 9.98772E-05 9.98772E-05 9.98772E-05 9.98772E-05 9.98772E-05 9.98772E-05 9.98772E-05 9.98772E-05 9.98772E-05 0.0700481 9.98772E-05
0.947402 9.98859E-05 9.98859E-05 9.98859E-05 9.98859E-05 9.98859E-05 0.0101548 0.0154638 9.98859E-05 9.98859E-05 9.98859E-05 0.025681 9.98859E-05 9.98859E-05 9.98859E-05 9.98859E-05 9.98859E-05
0.408257 9.99034E-05 9.99034E-05 9.99034E-05 0.00186254 0.0331769 0.243954 9.99034E-05 9.99034E-05 9.99034E-05 9.99034E-05 9.99034E-05 9.99034E-05 0.0907847 9.99034E-05 0.220865 9.99034E-05
0.67085 9.9886E-05 9.9886E-05 0.0436495 9.9886E-05 9.9886E-05 0.157945 9.9886E-05 9.9886E-05 9.9886E-05 9.9886E-05 9.9886E-05 0.126257 9.9886E-05 9.9886E-05 9.9886E-05 9.9886E-05
0.389754 9.99122E-05 9.99122E-05 9.99122E-05 0.0107441 0.0297118 0.253004 9.99122E-05 9.99122E-05 9.99122E-05 0.0417493 9.99122E-05 9.99122E-05 0.0351245 9.99122E-05 0.238913 9.99122E-05
0.437197 9.9921E-05 9.9921E-05 9.9921E-05 0.0382637 9.9921E-05 0.146828 9.9921E-05 0.0398918 9.9921E-05 9.9921E-05 0.0559278 0.131426 9.9921E-05 0.0489653 0.100602 9.9921E-05
0.324187 0.0829267 9.98947E-05 9.98947E-05 9.98947E-05 9.98947E-05 9.98947E-05 9.98947E-05 9.98947E-05 9.98947E-05 9.98947E-05 9.98947E-05 0.496936 0.0488237 9.98947E-05 0.0459282 9.98947E-05
0.84222 9.98769E-05 9.98769E-05 9.98769E-05 9.98769E-05 9.98769E-05 0.0727322 9.98769E-05 9.98769E-05 9.98769E-05 9.98769E-05 9.98769E-05 9.98769E-05 9.98769E-05 9.98769E-05 0.0836498 9.98769E-05
0.615768 9.9886E-05 9.9886E-05 9.9886E-05 0.0373073 9.9886E-05 0.181372 9.9886E-05 9.9886E-05 9.9886E-05 9.9886E-05 9.9886E-05 9.9886E-05 9.9886E-05 9.9886E-05 0.164254 9.9886E-05
0.801634 9.98948E-05 9.98948E-05 9.98948E-05 9.98948E-05 9.98948E-05 9.98948E-05 0.0354825 9.98948E-05 9.98948E-05 9.98948E-05 9.98948E-05 0.0095123 0.0657666 9.98948E-05 0.0864058 9.98948E-05
0.731259 9.98773E-05 9.98773E-05 9.98773E-05 9.98773E-05 9.98773E-05 9.98773E-05 0.0707132 9.98773E-05 9.98773E-05 9.98773E-05 9.98773E-05 9.98773E-05 9.98773E-05 9.98773E-05 0.19663 9.98773E-05
0.973871 9.98771E-05 9.98771E-05 9.98771E-05 9.98771E-05 9.98771E-05 9.98771E-05 9.98771E-05 9.98771E-05 9.98771E-05 9.98771E-05 9.98771E-05 9.98771E-05 9.98771E-05 0.0236637 0.00106718 9.98771E-05
0.348022 9.98946E-05 9.98946E-05 9.98946E-05 9.98946E-05 0.0647202 0.290031 9.98946E-05 9.98946E-05 9.98946E-05 9.98946E-05 9.98946E-05 9.98946E-05 0.152866 9.98946E-05 0.143162 9.98946E-05
0.794217 9.9877E-05 9.9877E-05 0.0305331 9.9877E-05 9.9877E-05 9.9877E-05 9.9877E-05 0.173852 9.9877E-05 9.9877E-05 9.9877E-05 9.9877E-05 9.9877E-05 9.9877E-05 9.9877E-05 9.9877E-05
0.950025 9.98684E-05 9.98684E-05 9.98684E-05 9.98684E-05 9.98684E-05 9.98684E-05 9.98684E-05 9.98684E-05 9.98684E-05 9.98684E-05 9.98684E-05 9.98684E-05 9.98684E-05 9.98684E-05 0.0484772 9.98684E-05
0.711921 9.9921E-05 9.9921E-05 9.9921E-05 0.0348641 9.9921E-05 0.0630946 0.0231285 0.0575403 9.9921E-05 0.0110786 9.9921E-05 0.0893936 9.9921E-05 0.00808026 9.9921E-05 9.9921E-05
0.683251 9.98946E-05 9.98946E-05 9.98946E-05 9.98946E-05 9.98946E-05 0.0617696 0.0097567 9.98946E-05 9.98946E-05 9.98946E-05 0.052785 9.98946E-05 9.98946E-05 9.98946E-05 0.191238 9.98946E-05
0.370061 9.99034E-05 9.99034E-05 9.99034E-05 9.99034E-05 0.0450992 0.105395 9.99034E-05 9.99034E-05 9.99034E-05 0.0103882 9.99034E-05 0.467006 9.99034E-05 0.000951863 9.99034E-05 9.99034E-05
0.711206 9.98947E-05 9.98947E-05 9.98947E-05 9.98947E-05 9.98947E-05 0.00314774 9.98947E-05 9.98947E-05 9.98947E-05 9.98947E-05 0.00640833 0.193021 9.98947E-05 9.98947E-05 0.0850181 9.98947E-05
0.753708 9.98686E-05 9.98686E-05 9.98686E-05 9.98686E-05 9.98686E-05 9.98686E-05 9.98686E-05 9.98686E-05 9.98686E-05 9.98686E-05 9.98686E-05 0.244794 9.98686E-05 9.98686E-05 9.98686E-05 9.98686E-05
0.533066 9.98948E-05 9.98948E-05 9.98948E-05 9.98948E-05 9.98948E-05 9.98948E-05 9.98948E-05 9.98948E-05 9.98948E-05 0.0365875 0.0128993 0.398831 0.0174176 9.98948E-05 9.98948E-05 9.98948E-05
0.442617 9.99034E-05 9.99034E-05 9.99034E-05 0.0512209 0.0683717 0.134312 0.0272521 9.99034E-05 9.99034E-05 9.99034E-05 9.99034E-05 9.99034E-05 9.99034E-05 9.99034E-05 0.275128 9.99034E-05
0.764661 9.98859E-05 9.98859E-05 0.0641811 9.98859E-05 9.98859E-05 0.0663277 9.98859E-05 0.103532 9.98859E-05 9.98859E-05 9.98859E-05 9.98859E-05 9.98859E-05 9.98859E-05 9.98859E-05 9.98859E-05
0.253758 9.98946E-05 9.98946E-05 9.98946E-05 9.98946E-05 9.98946E-05 0.148874 9.98946E-05 9.98946E-05 9.98946E-05 9.98946E-05 9.98946E-05 0.487741 0.0630682 9.98946E-05 0.0453602 9.98946E-05
0.505185 9.98772E-05 9.98772E-05 9.98772E-05 9.98772E-05 9.98772E-05 9.98772E-05 9.98772E-05 9.98772E-05 9.98772E-05 9.98772E-05 9.98772E-05 0.430132 9.98772E-05 9.98772E-05 0.0632846 9.98772E-05
0.549912 9.98946E-05 9.98946E-05 9.98946E-05 0.161191 9.98946E-05 0.169601 9.98946E-05 0.0136219 9.98946E-05 9.98946E-05 9.98946E-05 9.98946E-05 0.104475 9.98946E-05 9.98946E-05 9.98946E-05
0.6232 9.98947E-05 9.98947E-05 9.98947E-05 9.98947E-05 9.98947E-05 0.0808373 9.98947E-05 9.98947E-05 0.149172 9.98947E-05 9.98947E-05 0.00733103 9.98947E-05 9.98947E-05 0.13826 9.98947E-05
0.595604 9.9911E-05 9.9911E-05 9.9911E-05 0.178175 9.9911E-05 0.0864713 9.9911E-05 0.0701871 9.9911E-05 9.9911E-05 0.00783432 9.9911E-05 9.9911E-05 0.0606298 9.9911E-05 9.9911E-05
0.50204 9.9886E-05 9.9886E-05 9.9886E-05 9.9886E-05 9.9886E-05 0.177736 9.9886E-05 0.127066 9.9886E-05 9.9886E-05 9.9886E-05 9.9886E-05 9.9886E-05 9.9886E-05 0.191859 9.9886E-05
0.630109 9.98771E-05 9.98771E-05 9.98771E-05 9.98771E-05 9.98771E-05 9.98771E-05 9.98771E-05 9.98771E-05 9.98771E-05 9.98771E-05 0.00185805 0.366634 9.98771E-05 9.98771E-05 9.98771E-05 9.98771E-05
0.698171 9.98771E-05 9.98771E-05 9.98771E-05 9.98771E-05 9.98771E-05 9.98771E-05 9.98771E-05 9.98771E-05 9.98771E-05 0.175659 9.98771E-05 9.98771E-05 9.98771E-05 9.98771E-05 0.124772 9.98771E-05
0.405004 9.9886E-05 9.9886E-05 9.9886E-05 9.9886E-05 9.9886E-05 0.124272 9.9886E-05 9.9886E-05 9.9886E-05 9.9886E-05 9.9886E-05 0.422164 9.9886E-05 9.9886E-05 0.0472606 9.9886E-05
0.566035 9.98948E-05 9.98948E-05 9.98948E-05 9.98948E-05 9.98948E-05 0.0880437 9.98948E-05 9.98948E-05 9.98948E-05 9.98948E-05 0.0992388 0.158569 9.98948E-05 9.98948E-05 0.0869148 9.98948E-05
0.953529 9.98771E-05 9.98771E-05 9.98771E-05 0.0430917 9.98771E-05 9.98771E-05 9.98771E-05 9.98771E-05 9.98771E-05 9.98771E-05 9.98771E-05 9.98771E-05 9.98771E-05 0.00198068 9.98771E-05 9.98771E-05
0.812599 9.98771E-05 9.98771E-05 9.98771E-05 9.98771E-05 9.98771E-05 9.98771E-05 0.112043 9.98771E-05 9.98771E-05 0.0739599 9.98771E-05 9.98771E-05 9.98771E-05 9.98771E-05 9.98771E-05 9.98771E-05
0.55933 9.98858E-05 9.98858E-05 9.98858E-05 0.11781 9.98858E-05 0.191847 9.98858E-05 9.98858E-05 9.98858E-05 9.98858E-05 9.98858E-05 9.98858E-05 9.98858E-05 9.98858E-05 0.129714 9.98858E-05
0.780589 9.9877E-05 9.9877E-05 9.9877E-05 9.9877E-05 9.9877E-05 0.133338 9.9877E-05 9.9877E-05 9.9877E-05 9.9877E-05 9.9877E-05 9.9877E-05 9.9877E-05 9.9877E-05 0.0846748 9.9877E-05
0.900137 9.98858E-05 9.98858E-05 9.98858E-05 9.98858E-05 9.98858E-05 0.00658555 0.0487863 9.98858E-05 9.98858E-05 9.98858E-05 9.98858E-05 9.98858E-05 9.98858E-05 9.98858E-05 0.0431923 9.98858E-05
0.710399 9.98859E-05 9.98859E-05 9.98859E-05 9.98859E-05 9.98859E-05 9.98859E-05 9.98859E-05 9.98859E-05 9.98859E-05 9.98859E-05 9.98859E-05 0.0485191 0.136334 9.98859E-05 0.103449 9.98859E-05
0.717426 9.98947E-05 9.98947E-05 9.98947E-05 0.00674611 9.98947E-05 0.166446 9.98947E-05 9.98947E-05 9.98947E-05 9.98947E-05 9.98947E-05 0.0910366 9.98947E-05 9.98947E-05 0.0171466 9.98947E-05
9.98594E-05 9.98594E-05 9.98594E-05 9.98594E-05 9.98594E-05 9.98594E-05 9.98594E-05 9.98594E-05 9.98594E-05 9.98594E-05 9.98594E-05 9.98594E-05 9.98594E-05 9.98594E-05 9.98594E-05 0.998402 9.98594E-05
9.98593E-05 9.98593E-05 9.98593E-05 9.98593E-05 9.98593E-05 9.98593E-05 0.998402 9.98593E-05 9.98593E-05 9.98593E-05 9.98593E-05 9.98593E-05 9.98593E-05 9.98593E-05 9.98593E-05 9.98593E-05 9.98593E-05
9.98593E-05 9.98593E-05 9.98593E-05 9.98593E-05 9.98593E-05 9.98593E-05 9.98593E-05 9.98593E-05 9.98593E-05 9.98593E-05 9.98593E-05 9.98593E-05 9.98593E-05 9.98593E-05 9.98593E-05 0.998402 9.98593E-05
9.98592E-05 9.98592E-05 9.98592E-05 9.98592E-05 9.98592E-05 9.98592E-05 0.998402 9.98592E-05 9.98592E-05 9.98592E-05 9.98592E-05 9.98592E-05 9.98592E-05 9.98592E-05 9.98592E-05 9.98592E-05 9.98592E-05
9.98592E-05 9.98592E-05 9.98592E-05 9.98592E-05 9.98592E-05 9.98592E-05 0.998402 9.98592E-05 9.98592E-05 9.98592E-05 9.98592E-05 9.98592E-05 9.98592E-05 9.98592E-05 9.98592E-05 9.98592E-05 9.98592E-05
9.98594E-05 9.98594E-05 9.98594E-05 9.98594E-05 9.98594E-05 9.98594E-05 0.998402 9.98594E-05 9.98594E-05 9.98594E-05 9.98594E-05 9.98594E-05 9.98594E-05 9.98594E-05 9.98594E-05 9.98594E-05 9.98594E-05
9.98593E-05 9.98593E-05 9.98593E-05 9.98593E-05 9.98593E-05 9.98593E-05 9.98593E-05 9.98593E-05 9.98593E-05 9.98593E-05 9.98593E-05 9.98593E-05 9.98593E-05 9.98593E-05 9.98593E-05 0.998402 9.98593E-05
9.98593E-05 9.98593E-05 9.98593E-05 9.98593E-05 9.98593E-05 9.98593E-05 0.998402 9.98593E-05 9.98593E-05 9.98593E-05 9.98593E-05 9.98593E-05 9.98593E-05 9.98593E-05 9.98593E-05 9.98593E-05 9.98593E-05
9.98593E-05 9.98593E-05 9.98593E-05 9.98593E-05 9.98593E-05 9.98593E-05 0.998402 9.98593E-05 9.98593E-05 9.98593E-05 9.98593E-05 9.98593E-05 9.98593E-05 9.98593E-05 9.98593E-05 9.98593E-05 9.98593E-05
9.98592E-05 9.98592E-05 9.98592E-05 9.98592E-05 9.98592E-05 9.98592E-05 9.98592E-05 9.98592E-05 9.98592E-05 9.98592E-05 9.98592E-05 9.98592E-05 9.98592E-05 9.98592E-05 9.98592E-05 0.998402 9.98592E-05
9.98682E-05 9.98682E-05 9.98682E-05 9.98682E-05 9.98682E-05 9.98682E-05 0.00372589 9.98682E-05 9.98682E-05 9.98682E-05 9.98682E-05 9.98682E-05 9.98682E-05 9.98682E-05 9.98682E-05 0.994776 9.98682E-05
9.98592E-05 9.98592E-05 9.98592E-05 9.98592E-05 9.98592E-05 9.98592E-05 9.98592E-05 9.98592E-05 9.98592E-05 9.98592E-05 9.98592E-05 9.98592E-05 9.98592E-05 9.98592E-05 9.98592E-05 0.998402 9.98592E-05
9.98594E-05 9.98594E-05 9.98594E-05 9.98594E-05 9.98594E-05 9.98594E-05 0.998402 9.98594E-05 9.98594E-05 9.98594E-05 9.98594E-05 9.98594E-05 9.98594E-05 9.98594E-05 9.98594E-05 9.98594E-05 9.98594E-05
9.98594E-05 9.98594E-05 9.98594E-05 9.98594E-05 9.98594E-05 9.98594E-05 0.998402 9.98594E-05 9.98594E-05 9.98594E-05 9.98594E-05 9.98594E-05 9.98594E-05 9.98594E-05 9.98594E-05 9.98594E-05 9.98594E-05
9.98593E-05 9.98593E-05 9.98593E-05 9.98593E-05 9.98593E-05 9.98593E-05 9.98593E-05 9.98593E-05 9.98593E-05 9.98593E-05 9.98593E-05 9.98593E-05 9.98593E-05 9.98593E-05 9.98593E-05 0.998402 9.98593E-05
9.98593E-05 9.98593E-05 9.98593E-05 9.98593E-05 9.98593E-05 9.98593E-05 9.98593E-05 9.98593E-05 9.98593E-05 9.98593E-05 9.98593E-05 9.98593E-05 9.98593E-05 9.98593E-05 9.98593E-05 0.998402 9.98593E-05
0.682389 0.0411011 9.99034E-05 9.99034E-05 9.99034E-05 9.99034E-05 0.0590801 9.99034E-05 9.99034E-05 9.99034E-05 0.088694 9.99034E-05 9.99034E-05 0.00849608 9.99034E-05 0.119141 9.99034E-05
9.98594E-05 9.98594E-05 9.98594E-05 9.98594E-05 9.98594E-05 9.98594E-05 9.98594E-05 9.98594E-05 9.98594E-05 9.98594E-05 9.98594E-05 9.98594E-05 9.98594E-05 9.98594E-05 9.98594E-05 0.998402 9.98594E-05
9.98594E-05 9.98594E-05 9.98594E-05 9.98594E-05 9.98594E-05 9.98594E-05 0.998402 9.98594E-05 9.98594E-05 9.98594E-05 9.98594E-05 9.98594E-05 9.98594E-05 9.98594E-05 9.98594E-05 9.98594E-05 9.98594E-05
9.98593E-05 9.98593E-05 9.98593E-05 9.98593E-05 9.98593E-05 9.98593E-05 9.98593E-05 9.98593E-05 9.98593E-05 9.98593E-05 9.98593E-05 9.98593E-05 9.98593E-05 9.98593E-05 9.98593E-05 0.998402 9.98593E-05
9.98593E-05 9.98593E-05 9.98593E-05 9.98593E-05 9.98593E-05 9.98593E-05 9.98593E-05 9.98593E-05 9.98593E-05 9.98593E-05 9.98593E-05 9.98593E-05 9.98593E-05 9.98593E-05 9.98593E-05 0.998402 9.98593E-05
9.98593E-05 9.98593E-05 9.98593E-05 9.98593E-05 9.98593E-05 9.98593E-05 9.98593E-05 9.98593E-05 9.98593E-05 9.98593E-05 9.98593E-05 9.98593E-05 9.98593E-05 9.98593E-05 9.98593E-05 0.998402 9.98593E-05
9.98593E-05 9.98593E-05 9.98593E-05 9.98593E-05 9.98593E-05 9.98593E-05 0.998402 9.98593E-05 9.98593E-05 9.98593E-05 9.98593E-05 9.98593E-05 9.98593E-05 9.98593E-05 9.98593E-05 9.98593E-05 9.98593E-05
9.98594E-05 9.98594E-05 9.98594E-05 9.98594E-05 9.98594E-05 9.98594E-05 9.98594E-05 9.98594E-05 9.98594E-05 9.98594E-05 9.98594E-05 9.98594E-05 9.98594E-05 9.98594E-05 9.98594E-05 0.998402 9.98594E-05
9.98593E-05 9.98593E-05 9.98593E-05 9.98593E-05 9.98593E-05 9.98593E-05 0.998402 9.98593E-05 9.98593E-05 9.98593E-05 9.98593E-05 9.98593E-05 9.98593E-05 9.98593E-05 9.98593E-05 9.98593E-05 9.98593E-05
9.98593E-05 9.98593E-05 9.98593E-05 9.98593E-05 9.98593E-05 9.98593E-05 9.98593E-05 9.98593E-05 9.98593E-05 9.98593E-05 9.98593E-05 9.98593E-05 9.98593E-05 9.98593E-05 9.98593E-05 0.998402 9.98593E-05
9.98593E-05 9.98593E-05 9.98593E-05 9.98593E-05 9.98593E-05 9.98593E-05 9.98593E-05 9.98593E-05 9.98593E-05 9.98593E-05 9.98593E-05 9.98593E-05 9.98593E-05 9.98593E-05 9.98593E-05 0.998402 9.98593E-05
9.98593E-05 9.98593E-05 9.98593E-05 9.98593E-05 9.98593E-05 9.98593E-05 0.998402 9.98593E-05 9.98593E-05 9.98593E-05 9.98593E-05 9.98593E-05 9.98593E-05 9.98593E-05 9.98593E-05 9.98593E-05 9.98593E-05
9.98593E-05 9.98593E-05 9.98593E-05 9.98593E-05 9.98593E-05 9.98593E-05 0.998402 9.98593E-05 9.98593E-05 9.98593E-05 9.98593E-05 9.98593E-05 9.98593E-05 9.98593E-05 9.98593E-05 9.98593E-05 9.98593E-05
9.98594E-05 9.98594E-05 9.98594E-05 9.98594E-05 9.98594E-05 9.98594E-05 0.998402 9.98594E-05 9.98594E-05 9.98594E-05 9.98594E-05 9.98594E-05 9.98594E-05 9.98594E-05 9.98594E-05 9.98594E-05 9.98594E-05
9.98593E-05 9.98593E-05 9.98593E-05 9.98593E-05 9.98593E-05 9.98593E-05 9.98593E-05 9.98593E-05 9.98593E-05 9.98593E-05 9.98593E-05 9.98593E-05 9.98593E-05 9.98593E-05 9.98593E-05 0.998402 9.98593E-05
9.98682E-05 9.98682E-05 9.98682E-05 9.98682E-05 9.98682E-05 9.98682E-05 9.98682E-05 9.98682E-05 9.98682E-05 9.98682E-05 9.98682E-05 9.98682E-05 9.98682E-05 0.000104372 9.98682E-05 0.998398 9.98682E-05
9.98593E-05 9.98593E-05 9.98593E-05 9.98593E-05 9.98593E-05 9.98593E-05 9.98593E-05 9.98593E-05 9.98593E-05 9.98593E-05 9.98593E-05 9.98593E-05 9.98593E-05 9.98593E-05 9.98593E-05 0.998402 9.98593E-05
9.98592E-05 9.98592E-05 9.98592E-05 9.98592E-05 9.98592E-05 9.98592E-05 9.98592E-05 9.98592E-05 9.98592E-05 9.98592E-05 9.98592E-05 9.98592E-05 9.98592E-05 9.98592E-05 9.98592E-05 0.998402 9.98592E-05
9.98593E-05 9.98593E-05 9.98593E-05 9.98593E-05 9.98593E-05 9.98593E-05 9.98593E-05 9.98593E-05 9.98593E-05 9.98593E-05 9.98593E-05 9.98593E-05 9.98593E-05 9.98593E-05 9.98593E-05 0.998402 9.98593E-05
9.98594E-05 9.98594E-05 9.98594E-05 9.98594E-05 9.98594E-05 9.98594E-05 0.998402 9.98594E-05 9.98594E-05 9.98594E-05 9.98594E-05 9.98594E-05 9.98594E-05 9.98594E-05 9.98594E-05 9.98594E-05 9.98594E-05
9.98593E-05 9.98593E-05 9.98593E-05 9.98593E-05 9.98593E-05 9.98593E-05 0.998402 9.98593E-05 9.98593E-05 9.98593E-05 9.98593E-05 9.98593E-05 9.98593E-05 9.98593E-05 9.98593E-05 9.98593E-05 9.98593E-05
9.98593E-05 9.98593E-05 9.98593E-05 9.98593E-05 9.98593E-05 9.98593E-05 0.998402 9.98593E-05 9.98593E-05 9.98593E-05 9.98593E-05 9.98593E-05 9.98593E-05 9.98593E-05 9.98593E-05 9.98593E-05 9.98593E-05
9.98593E-05 9.98593E-05 9.98593E-05 9.98593E-05 9.98593E-05 9.98593E-05 9.98593E-05 9.98593E-05 9.98593E-05 9.98593E-05 9.98593E-05 9.98593E-05 9.98593E-05 9.98593E-05 9.98593E-05 0.998402 9.98593E-05
9.98594E-05 9.98594E-05 9.98594E-05 9.98594E-05 9.98594E-05 9.98594E-05 0.998402 9.98594E-05 9.98594E-05 9.98594E-05 9.98594E-05 9.98594E-05 9.98594E-05 9.98594E-05 9.98594E-05 9.98594E-05 9.98594E-05
9.98593E-05 9.98593E-05 9.98593E-05 9.98593E-05 9.98593E-05 9.98593E-05 0.998402 9.98593E-05 9.98593E-05 9.98593E-05 9.98593E-05 9.98593E-05 9.98593E-05 9.98593E-05 9.98593E-05 9.98593E-05 9.98593E-05
9.98593E-05 9.98593E-05 9.98593E-05 9.98593E-05 9.98593E-05 9.98593E-05 0.998402 9.98593E-05 9.98593E-05 9.98593E-05 9.98593E-05 9.98593E-05 9.98593E-05 9.98593E-05 9.98593E-05 9.98593E-05 9.98593E-05
9.98593E-05 9.98593E-05 9.98593E-05 9.98593E-05 9.98593E-05 9.98593E-05 0.998402 9.98593E-05 9.98593E-05 9.98593E-05 9.98593E-05 9.98593E-05 9.98593E-05 9.98593E-05 9.98593E-05 9.98593E-05 9.98593E-05
9.98593E-05 9.98593E-05 9.98593E-05 9.98593E-05 9.98593E-05 9.98593E-05 9.98593E-05 9.98593E-05 9.98593E-05 9.98593E-05 9.98593E-05 9.98593E-05 9.98593E-05 9.98593E-05 9.98593E-05 0.998402 9.98593E-05
9.98594E-05 9.98594E-05 9.98594E-05 9.98594E-05 9.98594E-05 9.98594E-05 0.998402 9.98594E-05 9.98594E-05 9.98594E-05 9.98594E-05 9.98594E-05 9.98594E-05 9.98594E-05 9.98594E-05 9.98594E-05 9.98594E-05
9.98593E-05 9.98593E-05 9.98593E-05 9.98593E-05 9.98593E-05 9.98593E-05 0.998402 9.98593E-05 9.98593E-05 9.98593E-05 9.98593E-05 9.98593E-05 9.98593E-05 9.98593E-05 9.98593E-05 9.98593E-05 9.98593E-05
0.645445 0.0921894 9.99033E-05 0.00409163 9.99033E-05 9.99033E-05 0.0414388 9.99033E-05 9.99033E-05 9.99033E-05 0.12882 9.99033E-05 9.99033E-05 9.99033E-05 9.99033E-05 0.0869162 9.99033E-05
9.98593E-05 9.98593E-05 9.98593E-05 9.98593E-05 9.98593E-05 9.98593E-05 9.98593E-05 9.98593E-05 9.98593E-05 9.98593E-05 9.98593E-05 9.98593E-05 9.98593E-05 9.98593E-05 9.98593E-05 0.998402 9.98593E-05
9.98593E-05 9.98593E-05 9.98593E-05 9.98593E-05 9.98593E-05 9.98593E-05 0.998402 9.98593E-05 9.98593E-05 9.98593E-05 9.98593E-05 9.98593E-05 9.98593E-05 9.98593E-05 9.98593E-05 9.98593E-05 9.98593E-05
9.98593E-05 9.98593E-05 9.98593E-05 9.98593E-05 9.98593E-05 9.98593E-05 0.998402 9.98593E-05 9.98593E-05 9.98593E-05 9.98593E-05 9.98593E-05 9.98593E-05 9.98593E-05 9.98593E-05 9.98593E-05 9.98593E-05
9.98592E-05 9.98592E-05 9.98592E-05 9.98592E-05 9.98592E-05 9.98592E-05 0.998402 9.98592E-05 9.98592E-05 9.98592E-05 9.98592E-05 9.98592E-05 9.98592E-05 9.98592E-05 9.98592E-05 9.98592E-05 9.98592E-05
9.98593E-05 9.98593E-05 9.98593E-05 9.98593E-05 9.98593E-05 9.98593E-05 0.998402 9.98593E-05 9.98593E-05 9.98593E-05 9.98593E-05 9.98593E-05 9.98593E-05 9.98593E-05 9.98593E-05 9.98593E-05 9.98593E-05
9.98593E-05 9.98593E-05 9.98593E-05 9.98593E-05 9.98593E-05 9.98593E-05 9.98593E-05 9.98593E-05 9.98593E-05 9.98593E-05 9.98593E-05 9.98593E-05 9.98593E-05 9.98593E-05 9.98593E-05 0.998402 9.98593E-05
9.98593E-05 9.98593E-05 9.98593E-05 9.98593E-05 9.98593E-05 9.98593E-05 0.998402 9.98593E-05 9.98593E-05 9.98593E-05 9.98593E-05 9.98593E-05 9.98593E-05 9.98593E-05 9.98593E-05 9.98593E-05 9.98593E-05
9.98593E-05 9.98593E-05 9.98593E-05 9.98593E-05 9.98593E-05 9.98593E-05 9.98593E-05 9.98593E-05 9.98593E-05 9.98593E-05 9.98593E-05 9.98593E-05 9.98593E-05 9.98593E-05 9.98593E-05 0.998402 9.98593E-05
9.98593E-05 9.98593E-05 9.98593E-05 9.98593E-05 9.98593E-05 9.98593E-05 0.998402 9.98593E-05 9.98593E-05 9.98593E-05 9.98593E-05 9.98593E-05 9.98593E-05 9.98593E-05 9.98593E-05 9.98593E-05 9.98593E-05
9.98593E-05 9.98593E-05 9.98593E-05 9.98593E-05 9.98593E-05 9.98593E-05 9.98593E-05 9.98593E-05 9.98593E-05 9.98593E-05 9.98593E-05 9.98593E-05 9.98593E-05 9.98593E-05 9.98593E-05 0.998402 9.98593E-05
9.98593E-05 9.98593E-05 9.98593E-05 9.98593E-05 9.98593E-05 9.98593E-05 0.998402 9.98593E-05 9.98593E-05 9.98593E-05 9.98593E-05 9.98593E-05 9.98593E-05 9.98593E-05 9.98593E-05 9.98593E-05 9.98593E-05
