9.99034E-05 0.222045 9.99034E-05 9.99034E-05 9.99034E-05 9.99034E-05 9.99034E-05 0.0415409 0.037639 0.0162445 0.13397 9.99034E-05 0.0712597 9.99034E-05 0.368988 9.99034E-05 9.99034E-05 0.00913758 9.99034E-05 0.0980769
9.98772E-05 9.98772E-05 9.98772E-05 9.98772E-05 9.98772E-05 9.98772E-05 0.0130695 0.00499938 9.98772E-05 9.98772E-05 0.113798 9.98772E-05 0.11657 9.98772E-05 0.723021 9.98772E-05 9.98772E-05 9.98772E-05 9.98772E-05 0.0271443
0.115789 9.98509E-05 9.98509E-05 9.98509E-05 9.98509E-05 9.98509E-05 9.98509E-05 9.98509E-05 9.98509E-05 9.98509E-05 9.98509E-05 9.98509E-05 9.98509E-05 9.98509E-05 0.841738 9.98509E-05 9.98509E-05 0.0407752 9.98509E-05 9.98509E-05
9.98801E-05 0.136353 9.98801E-05 9.98801E-05 9.98801E-05 0.234859 0.0470545 0.034925 9.98801E-05 9.98801E-05 9.98801E-05 9.98801E-05 9.98801E-05 9.98801E-05 0.246356 0.125594 9.98801E-05 0.0463317 9.98801E-05 0.127328
0.00324522 9.98684E-05 9.98684E-05 9.98684E-05 9.98684E-05 9.98684E-05 0.123559 9.98684E-05 9.98684E-05 9.98684E-05 9.98684E-05 9.98684E-05 0.0085734 9.98684E-05 0.810787 0.0523374 9.98684E-05 9.98684E-05 9.98684E-05 9.98684E-05
0.0657339 9.99122E-05 9.99122E-05 9.99122E-05 9.99122E-05 0.0928395 9.99122E-05 0.00345997 0.121911 9.99122E-05 0.274918 9.99122E-05 0.0172984 0.0213176 0.212349 0.178468 9.99122E-05 9.99122E-05 9.99122E-05 0.0107054
9.98947E-05 0.159064 9.98947E-05 9.98947E-05 9.98947E-05 9.98947E-05 9.98947E-05 0.143847 9.98947E-05 0.0217437 0.144448 9.98947E-05 0.089267 0.119856 0.23737 9.98947E-05 9.98947E-05 9.98947E-05 0.0832056 9.98947E-05
0.0170118 0.22643 9.99123E-05 0.0380315 9.99123E-05 9.99123E-05 0.125666 9.99123E-05 0.122554 0.176052 0.0525596 0.0152031 9.99123E-05 9.99123E-05 0.208221 0.017271 9.99123E-05 9.99123E-05 9.99123E-05 9.99123E-05
0.0328852 9.98859E-05 9.98859E-05 9.98859E-05 9.98859E-05 9.98859E-05 0.0257808 9.98859E-05 0.234454 9.98859E-05 9.98859E-05 9.98859E-05 0.00491836 9.98859E-05 0.260584 9.98859E-05 9.98859E-05 0.224247 0.215831 9.98859E-05
9.9842E-05 9.9842E-05 9.9842E-05 9.9842E-05 9.9842E-05 9.9842E-05 9.9842E-05 9.9842E-05 9.9842E-05 9.9842E-05 9.9842E-05 9.9842E-05 9.9842E-05 9.9842E-05 0.905286 9.9842E-05 9.9842E-05 0.0929172 9.9842E-05 9.9842E-05
9.98684E-05 0.176736 9.98684E-05 9.98684E-05 9.98684E-05 9.98684E-05 9.98684E-05 0.102962 9.98684E-05 9.98684E-05 0.0145546 9.98684E-05 9.98684E-05 9.98684E-05 0.538384 9.98684E-05 9.98684E-05 0.165865 9.98684E-05 9.98684E-05
9.98684E-05 9.98684E-05 9.98684E-05 0.0337124 9.98684E-05 9.98684E-05 9.98684E-05 0.0200287 9.98684E-05 9.98684E-05 0.0286939 9.98684E-05 9.98684E-05 9.98684E-05 0.877534 9.98684E-05 9.98684E-05 9.98684E-05 9.98684E-05 0.0385334
9.98508E-05 0.136755 9.98508E-05 9.98508E-05 9.98508E-05 9.98508E-05 9.98508E-05 9.98508E-05 9.98508E-05 9.98508E-05 9.98508E-05 9.98508E-05 9.98508E-05 9.98508E-05 0.712539 9.98508E-05 9.98508E-05 0.149009 9.98508E-05 9.98508E-05
0.0684119 0.0714309 9.98947E-05 0.0191886 0.123592 9.98947E-05 9.98947E-05 0.0282656 9.98947E-05 9.98947E-05 9.98947E-05 9.98947E-05 9.98947E-05 9.98947E-05 0.556664 0.0545033 9.98947E-05 0.0767449 9.98947E-05 9.98947E-05
9.99122E-05 0.0509808 9.99122E-05 9.99122E-05 9.99122E-05 9.99122E-05 9.99122E-05 9.99122E-05 0.145263 0.00559101 0.231634 9.99122E-05 9.99122E-05 9.99122E-05 0.258664 0.0858033 0.0495936 0.120197 0.013349 0.0379255
9.99122E-05 9.99122E-05 9.99122E-05 0.182935 9.99122E-05 0.0164874 0.148507 9.99122E-05 0.130905 9.99122E-05 0.176033 0.0172981 9.99122E-05 9.99122E-05 0.15973 0.0211592 9.99122E-05 0.119263 9.99122E-05 0.0266846
9.99123E-05 0.0887345 9.99123E-05 0.00570365 9.99123E-05 0.0356695 9.99123E-05 0.0426073 9.99123E-05 0.0211012 9.99123E-05 0.0229434 9.99123E-05 9.99123E-05 0.413864 9.99123E-05 0.224132 0.12221 0.0220352 9.99123E-05
9.98947E-05 0.195592 0.0992401 9.98947E-05 9.98947E-05 9.98947E-05 0.0213523 9.98947E-05 0.0239664 9.98947E-05 0.252936 0.137762 9.98947E-05 9.98947E-05 0.138405 9.98947E-05 9.98947E-05 0.129548 9.98947E-05 9.98947E-05
9.98771E-05 0.220977 9.98771E-05 9.98771E-05 9.98771E-05 0.136736 9.98771E-05 9.98771E-05 0.123512 9.98771E-05 9.98771E-05 0.0027961 9.98771E-05 9.98771E-05 0.343138 9.98771E-05 9.98771E-05 0.171442 9.98771E-05 9.98771E-05
9.98596E-05 9.98596E-05 9.98596E-05 9.98596E-05 9.98596E-05 9.98596E-05 9.98596E-05 9.98596E-05 0.0428622 9.98596E-05 9.98596E-05 9.98596E-05 9.98596E-05 9.98596E-05 0.840342 9.98596E-05 9.98596E-05 0.0490767 9.98596E-05 0.066121
9.98947E-05 0.00418538 0.00388102 0.10332 9.98947E-05 9.98947E-05 0.258033 0.029548 0.0819892 9.98947E-05 9.98947E-05 9.98947E-05 9.98947E-05 9.98947E-05 0.475968 9.98947E-05 9.98947E-05 0.0418763 9.98947E-05 9.98947E-05
0.0847345 0.375058 9.98859E-05 9.98859E-05 9.98859E-05 0.0688204 9.98859E-05 9.98859E-05 0.150287 0.0609378 9.98859E-05 9.98859E-05 0.0106173 9.98859E-05 0.248247 9.98859E-05 9.98859E-05 9.98859E-05 9.98859E-05 9.98859E-05
9.98948E-05 9.98948E-05 0.0150166 9.98948E-05 9.98948E-05 9.98948E-05 9.98948E-05 0.0337814 9.98948E-05 9.98948E-05 0.12495 0.00919817 9.98948E-05 9.98948E-05 0.625394 0.0620473 9.98948E-05 0.119087 0.00932695 9.98948E-05
9.98596E-05 0.370877 9.98596E-05 9.98596E-05 9.98596E-05 9.98596E-05 9.98596E-05 9.98596E-05 9.98596E-05 9.98596E-05 9.98596E-05 9.98596E-05 9.98596E-05 9.98596E-05 0.311928 9.98596E-05 9.98596E-05 0.235949 0.0796478 9.98596E-05
9.98859E-05 0.0683045 9.98859E-05 9.98859E-05 9.98859E-05 9.98859E-05 9.98859E-05 9.98859E-05 0.0302347 9.98859E-05 9.98859E-05 9.98859E-05 9.98859E-05 9.98859E-05 0.221914 0.175255 9.98859E-05 0.305327 0.0389358 0.158731
9.98771E-05 0.0217055 9.98771E-05 9.98771E-05 9.98771E-05 0.157151 9.98771E-05 9.98771E-05 9.98771E-05 9.98771E-05 9.98771E-05 9.98771E-05 9.98771E-05 9.98771E-05 0.621774 0.073722 0.0738078 0.0504409 9.98771E-05 9.98771E-05
9.98771E-05 0.349599 9.98771E-05 0.016555 9.98771E-05 9.98771E-05 9.98771E-05 9.98771E-05 9.98771E-05 9.98771E-05 9.98771E-05 0.167827 0.0454767 9.98771E-05 9.98771E-05 0.382995 9.98771E-05 0.036149 9.98771E-05 9.98771E-05
9.98598E-05 0.0558651 9.98598E-05 9.98598E-05 9.98598E-05 0.100485 9.98598E-05 9.98598E-05 9.98598E-05 9.98598E-05 9.98598E-05 9.98598E-05 9.98598E-05 9.98598E-05 0.69506 9.98598E-05 9.98598E-05 0.146992 9.98598E-05 9.98598E-05
9.9886E-05 0.0893343 9.9886E-05 9.9886E-05 9.9886E-05 9.9886E-05 9.9886E-05 0.0210019 9.9886E-05 9.9886E-05 0.0413389 9.9886E-05 9.9886E-05 9.9886E-05 0.523218 0.0831556 9.9886E-05 0.195325 0.0453281 9.9886E-05
9.9877E-05 9.9877E-05 9.9877E-05 9.9877E-05 9.9877E-05 9.9877E-05 9.9877E-05 0.002415 0.0101404 9.9877E-05 9.9877E-05 9.9877E-05 9.9877E-05 0.00876715 0.632032 9.9877E-05 0.289257 0.0559899 9.9877E-05 9.9877E-05
9.98771E-05 0.00383581 9.98771E-05 9.98771E-05 9.98771E-05 0.0527426 9.98771E-05 0.101249 9.98771E-05 9.98771E-05 0.20842 9.98771E-05 9.98771E-05 9.98771E-05 0.536947 9.98771E-05 9.98771E-05 9.98771E-05 9.98771E-05 0.095407
9.98947E-05 0.0725006 9.98947E-05 9.98947E-05 9.98947E-05 0.0281659 0.0460629 0.0376364 9.98947E-05 9.98947E-05 0.0604587 9.98947E-05 9.98947E-05 9.98947E-05 0.498074 0.222797 9.98947E-05 0.0331052 9.98947E-05 9.98947E-05
9.98859E-05 9.98859E-05 9.98859E-05 0.0608712 9.98859E-05 9.98859E-05 9.98859E-05 0.155657 0.00660663 9.98859E-05 0.180861 9.98859E-05 9.98859E-05 9.98859E-05 0.450301 0.0186702 9.98859E-05 0.125734 9.98859E-05 9.98859E-05
0.00109935 0.115753 9.98859E-05 9.98859E-05 9.98859E-05 0.0240022 9.98859E-05 9.98859E-05 9.98859E-05 9.98859E-05 9.98859E-05 9.98859E-05 9.98859E-05 0.0221651 0.484056 0.258545 9.98859E-05 0.0930816 9.98859E-05 9.98859E-05
9.98685E-05 9.98685E-05 9.98685E-05 9.98685E-05 9.98685E-05 9.98685E-05 9.98685E-05 9.98685E-05 0.0318765 9.98685E-05 9.98685E-05 9.98685E-05 0.0463032 9.98685E-05 0.736348 9.98685E-05 9.98685E-05 0.0647706 9.98685E-05 0.119204
9.98772E-05 0.112469 9.98772E-05 9.98772E-05 9.98772E-05 0.102906 9.98772E-05 9.98772E-05 0.0484933 9.98772E-05 9.98772E-05 9.98772E-05 9.98772E-05 9.98772E-05 0.605301 9.98772E-05 9.98772E-05 0.0668347 0.0625978 9.98772E-05
9.98685E-05 9.98685E-05 9.98685E-05 9.98685E-05 9.98685E-05 0.0861103 9.98685E-05 0.0234619 9.98685E-05 9.98685E-05 9.98685E-05 9.98685E-05 0.0334826 0.0392447 0.816202 9.98685E-05 9.98685E-05 9.98685E-05 9.98685E-05 9.98685E-05
9.99035E-05 0.00807824 0.02544 9.99035E-05 9.99035E-05 9.99035E-05 9.99035E-05 9.99035E-05 0.165604 9.99035E-05 9.99035E-05 9.99035E-05 9.99035E-05 9.99035E-05 0.604721 0.0723545 0.00348824 0.0533474 0.0092437 0.0566244
0.0811619 0.0310525 9.98948E-05 0.0532813 9.98948E-05 9.98948E-05 9.98948E-05 0.0131744 9.98948E-05 9.98948E-05 9.98948E-05 9.98948E-05 0.04185 9.98948E-05 0.493603 9.98948E-05 0.155499 0.129179 9.98948E-05 9.98948E-05
9.98771E-05 9.98771E-05 9.98771E-05 0.0660176 9.98771E-05 9.98771E-05 9.98771E-05 9.98771E-05 9.98771E-05 9.98771E-05 9.98771E-05 9.98771E-05 9.98771E-05 0.0226031 0.493791 0.241315 0.0243251 0.15055 9.98771E-05 9.98771E-05
9.98683E-05 0.118281 9.98683E-05 9.98683E-05 9.98683E-05 9.98683E-05 9.98683E-05 0.0125248 0.00963219 9.98683E-05 9.98683E-05 9.98683E-05 9.98683E-05 9.98683E-05 0.78125 9.98683E-05 9.98683E-05 0.0768144 9.98683E-05 9.98683E-05
9.98686E-05 0.258238 9.98686E-05 9.98686E-05 9.98686E-05 9.98686E-05 9.98686E-05 9.98686E-05 9.98686E-05 9.98686E-05 9.98686E-05 9.98686E-05 0.0663208 9.98686E-05 0.595188 9.98686E-05 9.98686E-05 0.0454294 0.0333263 9.98686E-05
9.98595E-05 0.0965317 9.98595E-05 9.98595E-05 9.98595E-05 9.98595E-05 9.98595E-05 9.98595E-05 9.98595E-05 9.98595E-05 9.98595E-05 9.98595E-05 0.0301823 9.98595E-05 0.752179 9.98595E-05 0.119509 9.98595E-05 9.98595E-05 9.98595E-05
9.9886E-05 0.0949006 9.9886E-05 9.9886E-05 9.9886E-05 9.9886E-05 9.9886E-05 9.9886E-05 0.0680572 9.9886E-05 0.127551 0.0271331 9.9886E-05 9.9886E-05 0.341154 9.9886E-05 9.9886E-05 0.198404 0.141501 9.9886E-05
0.153659 0.396921 9.98685E-05 9.98685E-05 9.98685E-05 0.0221576 9.98685E-05 9.98685E-05 9.98685E-05 9.98685E-05 9.98685E-05 9.98685E-05 9.98685E-05 9.98685E-05 0.26896 9.98685E-05 9.98685E-05 0.156804 9.98685E-05 9.98685E-05
9.9877E-05 0.0318417 0.0544779 9.9877E-05 9.9877E-05 0.00937972 0.0442169 9.9877E-05 9.9877E-05 9.9877E-05 9.9877E-05 9.9877E-05 9.9877E-05 9.9877E-05 0.820517 9.9877E-05 9.9877E-05 0.0381682 9.9877E-05 9.9877E-05
9.98771E-05 9.98771E-05 9.98771E-05 9.98771E-05 9.98771E-05 0.00100879 9.98771E-05 0.0232727 0.0339907 9.98771E-05 9.98771E-05 0.0391431 9.98771E-05 9.98771E-05 0.810864 9.98771E-05 9.98771E-05 0.0903225 9.98771E-05 9.98771E-05
0.000597591 9.98773E-05 0.000411453 9.98773E-05 9.98773E-05 9.98773E-05 9.98773E-05 0.092704 9.98773E-05 9.98773E-05 0.0572411 0.000997171 9.98773E-05 9.98773E-05 0.84665 9.98773E-05 9.98773E-05 9.98773E-05 9.98773E-05 9.98773E-05
9.98771E-05 0.210271 9.98771E-05 9.98771E-05 9.98771E-05 0.0148309 0.0484452 0.0369607 9.98771E-05 9.98771E-05 9.98771E-05 9.98771E-05 9.98771E-05 9.98771E-05 0.551422 9.98771E-05 9.98771E-05 0.136672 9.98771E-05 9.98771E-05
0.00963493 0.0503136 9.98863E-05 9.98863E-05 9.98863E-05 9.98863E-05 9.98863E-05 0.0556787 0.0201877 9.98863E-05 9.98863E-05 9.98863E-05 9.98863E-05 0.149743 0.67224 9.98863E-05 0.0409035 9.98863E-05 9.98863E-05 9.98863E-05
9.99034E-05 0.0371623 9.99034E-05 9.99034E-05 9.99034E-05 9.99034E-05 0.0166959 0.0962264 0.0853492 9.99034E-05 0.0547304 9.99034E-05 9.99034E-05 9.99034E-05 0.245134 0.182198 9.99034E-05 0.206661 9.99034E-05 0.0747437
0.122413 0.239261 0.0174212 9.98684E-05 9.98684E-05 9.98684E-05 9.98684E-05 9.98684E-05 9.98684E-05 9.98684E-05 9.98684E-05 9.98684E-05 9.98684E-05 9.98684E-05 0.561954 9.98684E-05 9.98684E-05 9.98684E-05 0.0574527 9.98684E-05
9.98772E-05 9.98772E-05 9.98772E-05 9.98772E-05 9.98772E-05 9.98772E-05 9.98772E-05 9.98772E-05 0.00604589 9.98772E-05 9.98772E-05 0.0511219 0.0188714 9.98772E-05 0.893954 0.0112408 9.98772E-05 0.0173674 9.98772E-05 9.98772E-05
0.0489981 0.012405 9.98948E-05 0.15076 9.98948E-05 9.98948E-05 9.98948E-05 9.98948E-05 0.02937 9.98948E-05 9.98948E-05 9.98948E-05 9.98948E-05 0.0470126 0.610806 9.98948E-05 9.98948E-05 0.0783992 9.98948E-05 0.0210509
0.0246103 9.98773E-05 9.98773E-05 9.98773E-05 9.98773E-05 0.131097 9.98773E-05 9.98773E-05 0.0206702 9.98773E-05 9.98773E-05 9.98773E-05 9.98773E-05 9.98773E-05 0.721406 9.98773E-05 0.00206189 0.0987557 9.98773E-05 9.98773E-05
0.0317968 9.98772E-05 9.98772E-05 9.98772E-05 9.98772E-05 9.98772E-05 9.98772E-05 0.0174461 9.98772E-05 9.98772E-05 0.065788 9.98772E-05 9.98772E-05 9.98772E-05 0.631314 0.154126 9.98772E-05 9.98772E-05 9.98772E-05 0.0981299
9.98947E-05 0.0754506 9.98947E-05 0.0060494 9.98947E-05 0.00496469 0.0166455 9.98947E-05 9.98947E-05 9.98947E-05 9.98947E-05 0.0958599 0.00388626 9.98947E-05 0.694728 9.98947E-05 9.98947E-05 0.101217 9.98947E-05 9.98947E-05
9.98684E-05 0.00353039 9.98684E-05 9.98684E-05 9.98684E-05 0.0618094 9.98684E-05 0.0366274 9.98684E-05 9.98684E-05 9.98684E-05 9.98684E-05 9.98684E-05 9.98684E-05 0.811795 9.98684E-05 9.98684E-05 0.0847397 9.98684E-05 9.98684E-05
9.98859E-05 9.98859E-05 9.98859E-05 9.98859E-05 9.98859E-05 9.98859E-05 9.98859E-05 0.0207747 0.0139582 0.0887334 9.98859E-05 9.98859E-05 0.0128681 0.00483361 0.813284 9.98859E-05 9.98859E-05 0.0442492 9.98859E-05 9.98859E-05
9.98858E-05 9.98858E-05 9.98858E-05 9.98858E-05 9.98858E-05 9.98858E-05 9.98858E-05 9.98858E-05 0.0374792 0.0996169 0.646302 0.0227318 0.0277621 9.98858E-05 9.98858E-05 0.0290354 9.98858E-05 0.135774 9.98858E-05 9.98858E-05
9.98685E-05 0.0174986 9.98685E-05 0.00682571 9.98685E-05 0.0488311 9.98685E-05 9.98685E-05 9.98685E-05 9.98685E-05 0.917236 9.98685E-05 9.98685E-05 9.98685E-05 9.98685E-05 9.98685E-05 9.98685E-05 9.98685E-05 0.00811054 9.98685E-05
9.98509E-05 9.98509E-05 9.98509E-05 9.98509E-05 9.98509E-05 9.98509E-05 9.98509E-05 9.98509E-05 9.98509E-05 9.98509E-05 0.95934 0.0145783 9.98509E-05 0.0243845 9.98509E-05 9.98509E-05 9.98509E-05 9.98509E-05 9.98509E-05 9.98509E-05
9.98772E-05 9.98772E-05 9.98772E-05 9.98772E-05 9.98772E-05 9.98772E-05 9.98772E-05 9.98772E-05 0.163246 9.98772E-05 0.305522 9.98772E-05 0.265073 0.0508066 9.98772E-05 0.199672 9.98772E-05 0.0142832 9.98772E-05 9.98772E-05
0.0235081 0.119905 0.0548512 9.99032E-05 9.99032E-05 0.0234193 9.99032E-05 9.99032E-05 0.0308509 9.99032E-05 0.640637 0.0140948 9.99032E-05 0.0378947 9.99032E-05 9.99032E-05 9.99032E-05 0.0537401 9.99032E-05 9.99032E-05
9.98769E-05 0.0659241 0.00834174 9.98769E-05 9.98769E-05 9.98769E-05 9.98769E-05 9.98769E-05 0.0271864 9.98769E-05 0.662647 0.0586431 9.98769E-05 9.98769E-05 9.98769E-05 9.98769E-05 9.98769E-05 0.175859 9.98769E-05 9.98769E-05
9.9877E-05 9.9877E-05 0.0312829 9.9877E-05 9.9877E-05 9.9877E-05 0.0136807 0.0353405 9.9877E-05 9.9877E-05 0.487568 9.9877E-05 0.274843 9.9877E-05 9.9877E-05 9.9877E-05 9.9877E-05 0.155887 9.9877E-05 9.9877E-05
9.98857E-05 9.98857E-05 9.98857E-05 9.98857E-05 9.98857E-05 9.98857E-05 9.98857E-05 9.98857E-05 0.071188 9.98857E-05 0.600004 0.112667 0.0761817 0.0184784 9.98857E-05 0.0585378 9.98857E-05 0.061645 9.98857E-05 9.98857E-05
9.98333E-05 9.98333E-05 9.98333E-05 9.98333E-05 9.98333E-05 9.98333E-05 9.98333E-05 9.98333E-05 9.98333E-05 9.98333E-05 0.998103 9.98333E-05 9.98333E-05 9.98333E-05 9.98333E-05 9.98333E-05 9.98333E-05 9.98333E-05 9.98333E-05 9.98333E-05
9.98595E-05 9.98595E-05 9.98595E-05 9.98595E-05 9.98595E-05 0.0601567 9.98595E-05 0.0455709 0.0268758 9.98595E-05 0.865799 9.98595E-05 9.98595E-05 9.98595E-05 9.98595E-05 9.98595E-05 9.98595E-05 9.98595E-05 9.98595E-05 9.98595E-05
9.98593E-05 9.98593E-05 9.98593E-05 9.98593E-05 9.98593E-05 9.98593E-05 9.98593E-05 0.155693 0.0598087 9.98593E-05 0.504677 9.98593E-05 9.98593E-05 9.98593E-05 9.98593E-05 9.98593E-05 9.98593E-05 0.278224 9.98593E-05 9.98593E-05
0.026039 0.187951 9.99034E-05 0.0518393 9.99034E-05 0.109379 9.99034E-05 0.0158061 9.99034E-05 9.99034E-05 0.398038 9.99034E-05 0.0504567 0.0548265 9.99034E-05 9.99034E-05 9.99034E-05 0.104565 9.99034E-05 9.99034E-05
9.98857E-05 9.98857E-05 9.98857E-05 0.0569355 9.98857E-05 9.98857E-05 0.116982 0.095591 0.134681 9.98857E-05 0.54171 9.98857E-05 9.98857E-05 9.98857E-05 9.98857E-05 0.041903 9.98857E-05 9.98857E-05 9.98857E-05 0.0108993
9.98682E-05 0.2396 9.98682E-05 9.98682E-05 9.98682E-05 9.98682E-05 9.98682E-05 9.98682E-05 9.98682E-05 9.98682E-05 0.476349 9.98682E-05 0.057473 0.00950192 9.98682E-05 9.98682E-05 9.98682E-05 0.215578 9.98682E-05 9.98682E-05
0.0724893 9.98511E-05 9.98511E-05 9.98511E-05 9.98511E-05 9.98511E-05 9.98511E-05 0.0204227 9.98511E-05 9.98511E-05 0.905391 9.98511E-05 9.98511E-05 9.98511E-05 9.98511E-05 9.98511E-05 9.98511E-05 9.98511E-05 9.98511E-05 9.98511E-05
9.98597E-05 9.98597E-05 9.98597E-05 9.98597E-05 9.98597E-05 9.98597E-05 9.98597E-05 9.98597E-05 0.0328224 9.98597E-05 0.857869 9.98597E-05 0.0100796 9.98597E-05 9.98597E-05 9.98597E-05 9.98597E-05 0.0976315 9.98597E-05 9.98597E-05
9.98593E-05 9.98593E-05 9.98593E-05 9.98593E-05 9.98593E-05 9.98593E-05 9.98593E-05 9.98593E-05 9.98593E-05 0.176538 0.754037 9.98593E-05 9.98593E-05 0.0231449 9.98593E-05 0.0446823 9.98593E-05 9.98593E-05 9.98593E-05 9.98593E-05
9.98682E-05 0.135706 9.98682E-05 9.98682E-05 9.98682E-05 0.0817083 9.98682E-05 0.104413 0.0399402 9.98682E-05 0.636735 9.98682E-05 9.98682E-05 9.98682E-05 9.98682E-05 9.98682E-05 9.98682E-05 9.98682E-05 9.98682E-05 9.98682E-05
9.98683E-05 9.98683E-05 9.98683E-05 9.98683E-05 9.98683E-05 0.0232597 9.98683E-05 0.0160611 9.98683E-05 9.98683E-05 0.857769 0.0663703 9.98683E-05 9.98683E-05 9.98683E-05 9.98683E-05 9.98683E-05 0.0350417 9.98683E-05 9.98683E-05
9.98769E-05 9.98769E-05 9.98769E-05 0.0988101 9.98769E-05 9.98769E-05 9.98769E-05 9.98769E-05 9.98769E-05 0.0548291 0.546612 0.0376928 9.98769E-05 9.98769E-05 9.98769E-05 9.98769E-05 9.98769E-05 0.186463 9.98769E-05 0.0741948
9.98336E-05 9.98336E-05 9.98336E-05 9.98336E-05 9.98336E-05 9.98336E-05 9.98336E-05 9.98336E-05 9.98336E-05 9.98336E-05 0.998103 9.98336E-05 9.98336E-05 9.98336E-05 9.98336E-05 9.98336E-05 9.98336E-05 9.98336E-05 9.98336E-05 9.98336E-05
9.98857E-05 0.234481 9.98857E-05 9.98857E-05 9.98857E-05 0.0264383 9.98857E-05 9.98857E-05 0.0276444 9.98857E-05 0.6124 9.98857E-05 0.062944 0.0239241 9.98857E-05 9.98857E-05 9.98857E-05 0.0108695 9.98857E-05 9.98857E-05
9.98685E-05 0.0460019 9.98685E-05 9.98685E-05 9.98685E-05 9.98685E-05 9.98685E-05 9.98685E-05 9.98685E-05 9.98685E-05 0.705154 9.98685E-05 0.0183023 9.98685E-05 9.98685E-05 0.206992 9.98685E-05 0.0220517 9.98685E-05 9.98685E-05
9.98946E-05 9.98946E-05 9.98946E-05 9.98946E-05 9.98946E-05 0.102121 0.00975809 0.00523913 0.0485911 0.0707563 0.683946 0.0601087 9.98946E-05 9.98946E-05 9.98946E-05 0.01828 9.98946E-05 9.98946E-05 9.98946E-05 9.98946E-05
9.98857E-05 0.0129311 9.98857E-05 9.98857E-05 9.98857E-05 9.98857E-05 0.030122 0.136158 0.0110568 0.0288122 0.73101 9.98857E-05 9.98857E-05 9.98857E-05 9.98857E-05 9.98857E-05 9.98857E-05 0.0486108 9.98857E-05 9.98857E-05
9.98685E-05 9.98685E-05 9.98685E-05 9.98685E-05 9.98685E-05 9.98685E-05 9.98685E-05 9.98685E-05 0.0387396 9.98685E-05 0.92779 9.98685E-05 0.00284976 9.98685E-05 9.98685E-05 9.98685E-05 0.0054576 0.0236646 9.98685E-05 9.98685E-05
9.98334E-05 9.98334E-05 9.98334E-05 9.98334E-05 9.98334E-05 9.98334E-05 9.98334E-05 9.98334E-05 9.98334E-05 9.98334E-05 0.998103 9.98334E-05 9.98334E-05 9.98334E-05 9.98334E-05 9.98334E-05 9.98334E-05 9.98334E-05 9.98334E-05 9.98334E-05
9.98334E-05 9.98334E-05 9.98334E-05 9.98334E-05 9.98334E-05 9.98334E-05 9.98334E-05 9.98334E-05 9.98334E-05 9.98334E-05 0.998103 9.98334E-05 9.98334E-05 9.98334E-05 9.98334E-05 9.98334E-05 9.98334E-05 9.98334E-05 9.98334E-05 9.98334E-05
9.98422E-05 9.98422E-05 9.98422E-05 9.98422E-05 9.98422E-05 9.98422E-05 9.98422E-05 9.98422E-05 9.98422E-05 9.98422E-05 0.833724 0.164479 9.98422E-05 9.98422E-05 9.98422E-05 9.98422E-05 9.98422E-05 9.98422E-05 9.98422E-05 9.98422E-05
9.98598E-05 9.98598E-05 9.98598E-05 9.98598E-05 9.98598E-05 9.98598E-05 9.98598E-05 9.98598E-05 0.0732899 9.98598E-05 0.581517 9.98598E-05 9.98598E-05 9.98598E-05 9.98598E-05 9.98598E-05 0.205718 0.137878 9.98598E-05 9.98598E-05
9.98509E-05 9.98509E-05 9.98509E-05 9.98509E-05 9.98509E-05 9.98509E-05 9.98509E-05 9.98509E-05 0.122442 9.98509E-05 9.98509E-05 9.98509E-05 9.98509E-05 9.98509E-05 9.98509E-05 0.788821 9.98509E-05 0.0870398 9.98509E-05 9.98509E-05
9.98509E-05 9.98509E-05 9.98509E-05 9.98509E-05 9.98509E-05 9.98509E-05 9.98509E-05 9.98509E-05 0.0488519 9.98509E-05 9.98509E-05 9.98509E-05 9.98509E-05 9.98509E-05 9.98509E-05 0.362836 0.586614 9.98509E-05 9.98509E-05 9.98509E-05
9.9842E-05 9.9842E-05 9.9842E-05 9.9842E-05 9.9842E-05 9.9842E-05 9.9842E-05 9.9842E-05 9.9842E-05 9.9842E-05 9.9842E-05 9.9842E-05 9.9842E-05 9.9842E-05 9.9842E-05 0.910436 9.9842E-05 0.0877669 9.9842E-05 9.9842E-05
9.98682E-05 9.98682E-05 9.98682E-05 9.98682E-05 9.98682E-05 9.98682E-05 9.98682E-05 0.06215 0.0507694 9.98682E-05 9.98682E-05 0.0673757 9.98682E-05 9.98682E-05 9.98682E-05 0.671257 9.98682E-05 0.14695 9.98682E-05 9.98682E-05
9.98419E-05 9.98419E-05 9.98419E-05 9.98419E-05 9.98419E-05 9.98419E-05 9.98419E-05 9.98419E-05 0.0642466 9.98419E-05 9.98419E-05 9.98419E-05 9.98419E-05 9.98419E-05 9.98419E-05 0.933956 9.98419E-05 9.98419E-05 9.98419E-05 9.98419E-05
9.98772E-05 9.98772E-05 9.98772E-05 9.98772E-05 9.98772E-05 0.0275783 9.98772E-05 9.98772E-05 0.0944442 9.98772E-05 9.98772E-05 9.98772E-05 0.00179502 9.98772E-05 9.98772E-05 0.699764 0.00803964 0.16698 9.98772E-05 9.98772E-05
9.98772E-05 0.0308392 9.98772E-05 9.98772E-05 9.98772E-05 9.98772E-05 9.98772E-05 0.0338056 0.0772835 9.98772E-05 9.98772E-05 0.00550581 9.98772E-05 9.98772E-05 9.98772E-05 0.783463 9.98772E-05 0.0677042 9.98772E-05 9.98772E-05
9.98508E-05 9.98508E-05 9.98508E-05 9.98508E-05 9.98508E-05 9.98508E-05 9.98508E-05 9.98508E-05 0.151809 9.98508E-05 9.98508E-05 9.98508E-05 9.98508E-05 9.98508E-05 9.98508E-05 0.80685 9.98508E-05 0.0396434 9.98508E-05 9.98508E-05
9.98594E-05 9.98594E-05 9.98594E-05 9.98594E-05 9.98594E-05 9.98594E-05 9.98594E-05 9.98594E-05 0.311458 9.98594E-05 9.98594E-05 9.98594E-05 0.206365 9.98594E-05 9.98594E-05 0.479169 9.98594E-05 0.00141146 9.98594E-05 9.98594E-05
9.98595E-05 9.98595E-05 9.98595E-05 9.98595E-05 9.98595E-05 9.98595E-05 9.98595E-05 9.98595E-05 0.205162 9.98595E-05 9.98595E-05 0.0109375 9.98595E-05 9.98595E-05 9.98595E-05 0.499307 9.98595E-05 0.282996 9.98595E-05 9.98595E-05
9.98685E-05 9.98685E-05 9.98685E-05 9.98685E-05 0.328304 9.98685E-05 9.98685E-05 9.98685E-05 0.0604902 9.98685E-05 9.98685E-05 9.98685E-05 0.265834 9.98685E-05 9.98685E-05 0.309732 9.98685E-05 0.0341408 9.98685E-05 9.98685E-05
9.98597E-05 9.98597E-05 9.98597E-05 9.98597E-05 9.98597E-05 9.98597E-05 9.98597E-05 9.98597E-05 9.98597E-05 9.98597E-05 9.98597E-05 9.98597E-05 0.126065 9.98597E-05 9.98597E-05 0.721667 0.131484 0.0191867 9.98597E-05 9.98597E-05
9.98422E-05 9.98422E-05 9.98422E-05 9.98422E-05 9.98422E-05 9.98422E-05 9.98422E-05 9.98422E-05 0.0659893 9.98422E-05 9.98422E-05 9.98422E-05 9.98422E-05 9.98422E-05 9.98422E-05 0.932214 9.98422E-05 9.98422E-05 9.98422E-05 9.98422E-05
9.98685E-05 9.98685E-05 9.98685E-05 9.98685E-05 0.110661 9.98685E-05 9.98685E-05 9.98685E-05 0.175298 9.98685E-05 9.98685E-05 9.98685E-05 9.98685E-05 9.98685E-05 9.98685E-05 0.534754 9.98685E-05 0.173907 0.00388281 9.98685E-05
9.98598E-05 9.98598E-05 9.98598E-05 9.98598E-05 9.98598E-05 9.98598E-05 9.98598E-05 9.98598E-05 0.134336 9.98598E-05 9.98598E-05 0.184687 9.98598E-05 9.98598E-05 9.98598E-05 0.612479 0.0669003 9.98598E-05 9.98598E-05 9.98598E-05
9.98772E-05 9.98772E-05 9.98772E-05 9.98772E-05 9.98772E-05 9.98772E-05 9.98772E-05 9.98772E-05 0.00179856 0.0337888 9.98772E-05 9.98772E-05 0.217262 9.98772E-05 9.98772E-05 0.596355 0.00196975 0.147428 9.98772E-05 9.98772E-05
9.98859E-05 9.98859E-05 0.0579365 9.98859E-05 0.0529494 9.98859E-05 9.98859E-05 9.98859E-05 0.0740971 9.98859E-05 9.98859E-05 9.98859E-05 0.221174 9.98859E-05 9.98859E-05 0.51487 0.0182478 0.0594259 9.98859E-05 9.98859E-05
0.0408432 0.0616444 9.98772E-05 9.98772E-05 9.98772E-05 9.98772E-05 9.98772E-05 9.98772E-05 0.117674 9.98772E-05 9.98772E-05 9.98772E-05 9.98772E-05 0.0232187 9.98772E-05 0.644313 0.110909 9.98772E-05 9.98772E-05 9.98772E-05
9.98421E-05 9.98421E-05 9.98421E-05 9.98421E-05 0.0190629 9.98421E-05 9.98421E-05 9.98421E-05 9.98421E-05 9.98421E-05 9.98421E-05 9.98421E-05 9.98421E-05 9.98421E-05 9.98421E-05 0.97914 9.98421E-05 9.98421E-05 9.98421E-05 9.98421E-05
9.98771E-05 9.98771E-05 0.0263192 9.98771E-05 9.98771E-05 9.98771E-05 9.98771E-05 0.00964963 0.0897516 9.98771E-05 9.98771E-05 9.98771E-05 9.98771E-05 9.98771E-05 9.98771E-05 0.41708 0.315636 0.140165 9.98771E-05 9.98771E-05
9.98684E-05 9.98684E-05 9.98684E-05 9.98684E-05 0.0296286 9.98684E-05 9.98684E-05 9.98684E-05 0.0847646 9.98684E-05 9.98684E-05 9.98684E-05 0.0678983 9.98684E-05 9.98684E-05 0.738511 9.98684E-05 0.077699 9.98684E-05 9.98684E-05
9.98684E-05 9.98684E-05 9.98684E-05 9.98684E-05 0.00142057 9.98684E-05 9.98684E-05 9.98684E-05 0.0616969 9.98684E-05 9.98684E-05 0.0230954 9.98684E-05 9.98684E-05 9.98684E-05 0.889971 9.98684E-05 0.0223185 9.98684E-05 9.98684E-05
9.98859E-05 9.98859E-05 0.0981517 9.98859E-05 9.98859E-05 9.98859E-05 0.0762708 0.04608 0.197491 9.98859E-05 9.98859E-05 9.98859E-05 0.0726181 9.98859E-05 9.98859E-05 0.350495 9.98859E-05 0.157594 9.98859E-05 9.98859E-05
0.0264285 9.98772E-05 9.98772E-05 9.98772E-05 0.0934902 9.98772E-05 9.98772E-05 9.98772E-05 0.165356 9.98772E-05 9.98772E-05 9.98772E-05 9.98772E-05 9.98772E-05 9.98772E-05 0.635397 0.0347621 0.0431681 9.98772E-05 9.98772E-05
9.98858E-05 9.98858E-05 0.0376357 9.98858E-05 9.98858E-05 9.98858E-05 0.0387939 9.98858E-05 0.242302 9.98858E-05 9.98858E-05 9.98858E-05 0.0689114 9.98858E-05 9.98858E-05 0.444518 9.98858E-05 0.157682 9.98858E-05 0.00885849
9.98947E-05 0.0288668 9.98947E-05 0.0250464 0.298937 9.98947E-05 9.98947E-05 9.98947E-05 0.17338 9.98947E-05 0.0291223 9.98947E-05 0.0723949 9.98947E-05 9.98947E-05 0.256599 9.98947E-05 0.114455 9.98947E-05 9.98947E-05
0.0662027 9.98683E-05 9.98683E-05 9.98683E-05 9.98683E-05 9.98683E-05 9.98683E-05 9.98683E-05 9.98683E-05 9.98683E-05 9.98683E-05 9.98683E-05 9.98683E-05 9.98683E-05 9.98683E-05 0.0930367 0.772348 9.98683E-05 0.0664698 0.000444432
9.98506E-05 9.98506E-05 9.98506E-05 9.98506E-05 9.98506E-05 9.98506E-05 9.98506E-05 9.98506E-05 0.0307515 9.98506E-05 9.98506E-05 9.98506E-05 9.98506E-05 9.98506E-05 9.98506E-05 0.863412 9.98506E-05 0.104139 9.98506E-05 9.98506E-05
9.98597E-05 9.98597E-05 9.98597E-05 9.98597E-05 9.98597E-05 9.98597E-05 9.98597E-05 9.98597E-05 0.200419 9.98597E-05 9.98597E-05 9.98597E-05 0.129221 9.98597E-05 9.98597E-05 0.512088 9.98597E-05 0.156674 9.98597E-05 9.98597E-05
0.113572 9.98684E-05 0.0303418 9.98684E-05 0.0698378 9.98684E-05 9.98684E-05 9.98684E-05 9.98684E-05 9.98684E-05 9.98684E-05 9.98684E-05 9.98684E-05 9.98684E-05 9.98684E-05 0.673071 9.98684E-05 0.111679 9.98684E-05 9.98684E-05
9.98773E-05 9.98773E-05 9.98773E-05 0.00713949 0.0151163 9.98773E-05 9.98773E-05 0.0166142 0.0230786 9.98773E-05 9.98773E-05 9.98773E-05 9.98773E-05 9.98773E-05 9.98773E-05 0.749975 9.98773E-05 0.186678 9.98773E-05 9.98773E-05
9.98421E-05 9.98421E-05 0.0199488 9.98421E-05 9.98421E-05 9.98421E-05 9.98421E-05 9.98421E-05 9.98421E-05 9.98421E-05 9.98421E-05 9.98421E-05 9.98421E-05 9.98421E-05 9.98421E-05 0.978254 9.98421E-05 9.98421E-05 9.98421E-05 9.98421E-05
0.135674 9.98683E-05 0.146703 9.98683E-05 9.98683E-05 9.98683E-05 9.98683E-05 9.98683E-05 0.206679 9.98683E-05 9.98683E-05 9.98683E-05 9.98683E-05 9.98683E-05 9.98683E-05 0.412656 9.98683E-05 0.0967904 9.98683E-05 9.98683E-05
9.98595E-05 0.108245 0.0443885 9.98595E-05 9.98595E-05 9.98595E-05 9.98595E-05 9.98595E-05 9.98595E-05 9.98595E-05 9.98595E-05 9.98595E-05 9.98595E-05 9.98595E-05 9.98595E-05 0.800573 9.98595E-05 0.0451957 9.98595E-05 9.98595E-05
9.98509E-05 9.98509E-05 9.98509E-05 9.98509E-05 0.0356032 9.98509E-05 9.98509E-05 9.98509E-05 9.98509E-05 9.98509E-05 9.98509E-05 9.98509E-05 9.98509E-05 9.98509E-05 9.98509E-05 0.925251 9.98509E-05 0.0374486 9.98509E-05 9.98509E-05
9.98858E-05 9.98858E-05 9.98858E-05 0.0069393 9.98858E-05 0.069379 9.98858E-05 0.0544061 0.0055161 9.98858E-05 9.98858E-05 9.98858E-05 0.0947041 9.98858E-05 9.98858E-05 0.619212 0.148545 9.98858E-05 9.98858E-05 9.98858E-05
9.98595E-05 9.98595E-05 9.98595E-05 9.98595E-05 9.98595E-05 9.98595E-05 9.98595E-05 9.98595E-05 0.0594406 9.98595E-05 9.98595E-05 0.0725158 9.98595E-05 9.98595E-05 9.98595E-05 0.620851 9.98595E-05 0.245595 9.98595E-05 9.98595E-05
9.98771E-05 9.98771E-05 0.00456449 9.98771E-05 0.615489 9.98771E-05 0.00329867 9.98771E-05 0.101793 0.0127416 9.98771E-05 9.98771E-05 9.98771E-05 9.98771E-05 9.98771E-05 0.260715 9.98771E-05 9.98771E-05 9.98771E-05 9.98771E-05
9.98597E-05 9.98597E-05 9.98597E-05 9.98597E-05 0.32044 9.98597E-05 9.98597E-05 0.013717 9.98597E-05 9.98597E-05 9.98597E-05 9.98597E-05 9.98597E-05 9.98597E-05 9.98597E-05 0.615731 9.98597E-05 0.0485144 9.98597E-05 9.98597E-05
0.00493775 9.98511E-05 9.98511E-05 9.98511E-05 0.314833 9.98511E-05 9.98511E-05 9.98511E-05 9.98511E-05 9.98511E-05 9.98511E-05 9.98511E-05 9.98511E-05 9.98511E-05 9.98511E-05 0.678532 9.98511E-05 9.98511E-05 9.98511E-05 9.98511E-05
9.98597E-05 9.98597E-05 9.98597E-05 9.98597E-05 0.520727 9.98597E-05 9.98597E-05 9.98597E-05 0.0143008 9.98597E-05 9.98597E-05 9.98597E-05 0.031801 9.98597E-05 9.98597E-05 0.431573 9.98597E-05 9.98597E-05 9.98597E-05 9.98597E-05
9.98858E-05 9.98858E-05 9.98858E-05 9.98858E-05 9.98858E-05 9.98858E-05 0.0202052 0.0231811 0.100938 9.98858E-05 9.98858E-05 9.98858E-05 0.0746714 9.98858E-05 9.98858E-05 0.468294 9.98858E-05 0.219943 9.98858E-05 0.0914696
0.0662165 9.98509E-05 9.98509E-05 9.98509E-05 9.98509E-05 9.98509E-05 9.98509E-05 9.98509E-05 0.125006 9.98509E-05 9.98509E-05 9.98509E-05 9.98509E-05 9.98509E-05 9.98509E-05 0.80708 9.98509E-05 9.98509E-05 9.98509E-05 9.98509E-05
9.98683E-05 9.98683E-05 0.044421 9.98683E-05 9.98683E-05 9.98683E-05 9.98683E-05 9.98683E-05 0.108277 9.98683E-05 9.98683E-05 9.98683E-05 9.98683E-05 9.98683E-05 9.98683E-05 0.138381 0.693974 0.013449 9.98683E-05 9.98683E-05
9.98509E-05 9.98509E-05 9.98509E-05 9.98509E-05 9.98509E-05 9.98509E-05 9.98509E-05 9.98509E-05 9.98509E-05 9.98509E-05 9.98509E-05 9.98509E-05 9.98509E-05 9.98509E-05 9.98509E-05 0.359236 0.558472 0.0805942 9.98509E-05 9.98509E-05
9.98683E-05 0.0199538 0.106204 9.98683E-05 9.98683E-05 9.98683E-05 9.98683E-05 9.98683E-05 0.243302 9.98683E-05 9.98683E-05 9.98683E-05 0.155532 9.98683E-05 9.98683E-05 0.47351 9.98683E-05 9.98683E-05 9.98683E-05 9.98683E-05
9.9886E-05 9.9886E-05 9.9886E-05 9.9886E-05 9.9886E-05 9.9886E-05 9.9886E-05 9.9886E-05 0.0922633 9.9886E-05 0.149757 0.07272 9.9886E-05 0.0182725 9.9886E-05 0.590483 0.0478703 0.0273352 9.9886E-05 9.9886E-05
9.99036E-05 0.043162 9.99036E-05 0.0774008 0.0866568 9.99036E-05 9.99036E-05 9.99036E-05 0.101079 9.99036E-05 9.99036E-05 0.0159397 0.120648 9.99036E-05 9.99036E-05 0.406051 9.99036E-05 0.0531439 0.0948197 9.99036E-05
9.98685E-05 0.0790903 0.0184523 9.98685E-05 9.98685E-05 9.98685E-05 9.98685E-05 9.98685E-05 0.307121 9.98685E-05 9.98685E-05 9.98685E-05 9.98685E-05 9.98685E-05 9.98685E-05 0.413435 9.98685E-05 0.180403 9.98685E-05 9.98685E-05
9.98508E-05 9.98508E-05 9.98508E-05 9.98508E-05 0.580802 9.98508E-05 9.98508E-05 9.98508E-05 9.98508E-05 9.98508E-05 9.98508E-05 9.98508E-05 9.98508E-05 9.98508E-05 9.98508E-05 0.374478 9.98508E-05 0.0430227 9.98508E-05 9.98508E-05
9.98771E-05 9.98771E-05 9.98771E-05 9.98771E-05 9.98771E-05 0.0424962 9.98771E-05 9.98771E-05 9.98771E-05 0.026011 9.98771E-05 9.98771E-05 9.98771E-05 0.080726 9.98771E-05 0.714643 9.98771E-05 0.0807125 9.98771E-05 0.054013
0.0537854 9.98596E-05 9.98596E-05 9.98596E-05 9.98596E-05 9.98596E-05 9.98596E-05 9.98596E-05 0.0935508 9.98596E-05 9.98596E-05 9.98596E-05 9.98596E-05 9.98596E-05 9.98596E-05 0.196108 0.654958 9.98596E-05 9.98596E-05 9.98596E-05
9.98597E-05 9.98597E-05 9.98597E-05 9.98597E-05 0.216058 9.98597E-05 9.98597E-05 9.98597E-05 0.0926835 9.98597E-05 9.98597E-05 9.98597E-05 9.98597E-05 9.98597E-05 9.98597E-05 0.629663 9.98597E-05 0.0599977 9.98597E-05 9.98597E-05
9.98509E-05 9.98509E-05 9.98509E-05 0.103154 9.98509E-05 9.98509E-05 9.98509E-05 9.98509E-05 0.00482216 9.98509E-05 9.98509E-05 9.98509E-05 9.98509E-05 9.98509E-05 9.98509E-05 0.890326 9.98509E-05 9.98509E-05 9.98509E-05 9.98509E-05
9.98594E-05 9.98594E-05 9.98594E-05 9.98594E-05 9.98594E-05 0.132761 9.98594E-05 0.0267628 9.98594E-05 9.98594E-05 9.98594E-05 0.0114338 9.98594E-05 9.98594E-05 9.98594E-05 0.827445 9.98594E-05 9.98594E-05 9.98594E-05 9.98594E-05
9.98595E-05 9.98595E-05 9.98595E-05 9.98595E-05 9.98595E-05 9.98595E-05 9.98595E-05 9.98595E-05 0.194055 9.98595E-05 9.98595E-05 9.98595E-05 0.18344 9.98595E-05 9.98595E-05 0.48832 9.98595E-05 0.132587 9.98595E-05 9.98595E-05
9.98507E-05 9.98507E-05 9.98507E-05 9.98507E-05 9.98507E-05 9.98507E-05 9.98507E-05 9.98507E-05 0.187796 9.98507E-05 9.98507E-05 9.98507E-05 9.98507E-05 9.98507E-05 9.98507E-05 0.6882 9.98507E-05 0.122307 9.98507E-05 9.98507E-05
9.98507E-05 9.98507E-05 0.00753814 0.0327828 9.98507E-05 9.98507E-05 9.98507E-05 9.98507E-05 9.98507E-05 9.98507E-05 9.98507E-05 9.98507E-05 9.98507E-05 9.98507E-05 9.98507E-05 0.957982 9.98507E-05 9.98507E-05 9.98507E-05 9.98507E-05
9.98597E-05 9.98597E-05 0.111913 9.98597E-05 0.0426891 9.98597E-05 9.98597E-05 9.98597E-05 9.98597E-05 9.98597E-05 9.98597E-05 9.98597E-05 9.98597E-05 9.98597E-05 9.98597E-05 0.785444 9.98597E-05 0.0583554 9.98597E-05 9.98597E-05
9.98597E-05 9.98597E-05 9.98597E-05 9.98597E-05 0.125444 9.98597E-05 9.98597E-05 9.98597E-05 0.0967415 9.98597E-05 9.98597E-05 9.98597E-05 0.0491743 9.98597E-05 9.98597E-05 0.727042 9.98597E-05 9.98597E-05 9.98597E-05 9.98597E-05
9.98332E-05 9.98332E-05 9.98332E-05 9.98332E-05 9.98332E-05 9.98332E-05 9.98332E-05 9.98332E-05 9.98332E-05 9.98332E-05 9.98332E-05 9.98332E-05 9.98332E-05 9.98332E-05 9.98332E-05 9.98332E-05 9.98332E-05 0.998103 9.98332E-05 9.98332E-05
9.9833E-05 9.9833E-05 9.9833E-05 9.9833E-05 9.9833E-05 9.9833E-05 9.9833E-05 9.9833E-05 0.998103 9.9833E-05 9.9833E-05 9.9833E-05 9.9833E-05 9.9833E-05 9.9833E-05 9.9833E-05 9.9833E-05 9.9833E-05 9.9833E-05 9.9833E-05
9.98329E-05 9.98329E-05 9.98329E-05 9.98329E-05 9.98329E-05 9.98329E-05 9.98329E-05 9.98329E-05 9.98329E-05 9.98329E-05 9.98329E-05 9.98329E-05 9.98329E-05 9.98329E-05 9.98329E-05 9.98329E-05 9.98329E-05 0.998103 9.98329E-05 9.98329E-05
9.98332E-05 9.98332E-05 9.98332E-05 9.98332E-05 9.98332E-05 9.98332E-05 9.98332E-05 9.98332E-05 0.998103 9.98332E-05 9.98332E-05 9.98332E-05 9.98332E-05 9.98332E-05 9.98332E-05 9.98332E-05 9.98332E-05 9.98332E-05 9.98332E-05 9.98332E-05
9.98329E-05 9.98329E-05 9.98329E-05 9.98329E-05 9.98329E-05 9.98329E-05 9.98329E-05 9.98329E-05 0.998103 9.98329E-05 9.98329E-05 9.98329E-05 9.98329E-05 9.98329E-05 9.98329E-05 9.98329E-05 9.98329E-05 9.98329E-05 9.98329E-05 9.98329E-05
9.98331E-05 9.98331E-05 9.98331E-05 9.98331E-05 9.98331E-05 9.98331E-05 9.98331E-05 9.98331E-05 0.998103 9.98331E-05 9.98331E-05 9.98331E-05 9.98331E-05 9.98331E-05 9.98331E-05 9.98331E-05 9.98331E-05 9.98331E-05 9.98331E-05 9.98331E-05
9.9833E-05 9.9833E-05 9.9833E-05 9.9833E-05 9.9833E-05 9.9833E-05 9.9833E-05 9.9833E-05 9.9833E-05 9.9833E-05 9.9833E-05 9.9833E-05 9.9833E-05 9.9833E-05 9.9833E-05 9.9833E-05 9.9833E-05 0.998103 9.9833E-05 9.9833E-05
9.9833E-05 9.9833E-05 9.9833E-05 9.9833E-05 9.9833E-05 9.9833E-05 9.9833E-05 9.9833E-05 0.998103 9.9833E-05 9.9833E-05 9.9833E-05 9.9833E-05 9.9833E-05 9.9833E-05 9.9833E-05 9.9833E-05 9.9833E-05 9.9833E-05 9.9833E-05
9.9833E-05 9.9833E-05 9.9833E-05 9.9833E-05 9.9833E-05 9.9833E-05 9.9833E-05 9.9833E-05 0.998103 9.9833E-05 9.9833E-05 9.9833E-05 9.9833E-05 9.9833E-05 9.9833E-05 9.9833E-05 9.9833E-05 9.9833E-05 9.9833E-05 9.9833E-05
9.98331E-05 9.98331E-05 9.98331E-05 9.98331E-05 9.98331E-05 9.98331E-05 9.98331E-05 9.98331E-05 9.98331E-05 9.98331E-05 9.98331E-05 9.98331E-05 9.98331E-05 9.98331E-05 9.98331E-05 9.98331E-05 9.98331E-05 0.998103 9.98331E-05 9.98331E-05
9.98329E-05 9.98329E-05 9.98329E-05 9.98329E-05 9.98329E-05 9.98329E-05 9.98329E-05 9.98329E-05 9.98329E-05 9.98329E-05 9.98329E-05 9.98329E-05 9.98329E-05 9.98329E-05 9.98329E-05 9.98329E-05 9.98329E-05 0.998103 9.98329E-05 9.98329E-05
9.9833E-05 9.9833E-05 9.9833E-05 9.9833E-05 9.9833E-05 9.9833E-05 9.9833E-05 9.9833E-05 9.9833E-05 9.9833E-05 9.9833E-05 9.9833E-05 9.9833E-05 9.9833E-05 9.9833E-05 9.9833E-05 9.9833E-05 0.998103 9.9833E-05 9.9833E-05
9.98329E-05 9.98329E-05 9.98329E-05 9.98329E-05 9.98329E-05 9.98329E-05 9.98329E-05 9.98329E-05 0.998103 9.98329E-05 9.98329E-05 9.98329E-05 9.98329E-05 9.98329E-05 9.98329E-05 9.98329E-05 9.98329E-05 9.98329E-05 9.98329E-05 9.98329E-05
9.9833E-05 9.9833E-05 9.9833E-05 9.9833E-05 9.9833E-05 9.9833E-05 9.9833E-05 9.9833E-05 0.998103 9.9833E-05 9.9833E-05 9.9833E-05 9.9833E-05 9.9833E-05 9.9833E-05 9.9833E-05 9.9833E-05 9.9833E-05 9.9833E-05 9.9833E-05
9.9833E-05 9.9833E-05 9.9833E-05 9.9833E-05 9.9833E-05 9.9833E-05 9.9833E-05 9.9833E-05 9.9833E-05 9.9833E-05 9.9833E-05 9.9833E-05 9.9833E-05 9.9833E-05 9.9833E-05 9.9833E-05 9.9833E-05 0.998103 9.9833E-05 9.9833E-05
9.98329E-05 9.98329E-05 9.98329E-05 9.98329E-05 9.98329E-05 9.98329E-05 9.98329E-05 9.98329E-05 9.98329E-05 9.98329E-05 9.98329E-05 9.98329E-05 9.98329E-05 9.98329E-05 9.98329E-05 9.98329E-05 9.98329E-05 0.998103 9.98329E-05 9.98329E-05
9.98857E-05 9.98857E-05 9.98857E-05 9.98857E-05 9.98857E-05 0.0742088 9.98857E-05 9.98857E-05 0.0781755 9.98857E-05 9.98857E-05 9.98857E-05 9.98857E-05 0.0717324 9.98857E-05 0.624388 9.98857E-05 0.111189 0.020147 0.0188604
9.9833E-05 9.9833E-05 9.9833E-05 9.9833E-05 9.9833E-05 9.9833E-05 9.9833E-05 9.9833E-05 9.9833E-05 9.9833E-05 9.9833E-05 9.9833E-05 9.9833E-05 9.9833E-05 9.9833E-05 9.9833E-05 9.9833E-05 0.998103 9.9833E-05 9.9833E-05
9.9833E-05 9.9833E-05 9.9833E-05 9.9833E-05 9.9833E-05 9.9833E-05 9.9833E-05 9.9833E-05 0.998103 9.9833E-05 9.9833E-05 9.9833E-05 9.9833E-05 9.9833E-05 9.9833E-05 9.9833E-05 9.9833E-05 9.9833E-05 9.9833E-05 9.9833E-05
9.98329E-05 9.98329E-05 9.98329E-05 9.98329E-05 9.98329E-05 9.98329E-05 9.98329E-05 9.98329E-05 9.98329E-05 9.98329E-05 9.98329E-05 9.98329E-05 9.98329E-05 9.98329E-05 9.98329E-05 9.98329E-05 9.98329E-05 0.998103 9.98329E-05 9.98329E-05
9.9833E-05 9.9833E-05 9.9833E-05 9.9833E-05 9.9833E-05 9.9833E-05 9.9833E-05 9.9833E-05 9.9833E-05 9.9833E-05 9.9833E-05 9.9833E-05 9.9833E-05 9.9833E-05 9.9833E-05 9.9833E-05 9.9833E-05 0.998103 9.9833E-05 9.9833E-05
9.98329E-05 9.98329E-05 9.98329E-05 9.98329E-05 9.98329E-05 9.98329E-05 9.98329E-05 9.98329E-05 9.98329E-05 9.98329E-05 9.98329E-05 9.98329E-05 9.98329E-05 9.98329E-05 9.98329E-05 9.98329E-05 9.98329E-05 0.998103 9.98329E-05 9.98329E-05
9.9833E-05 9.9833E-05 9.9833E-05 9.9833E-05 9.9833E-05 9.9833E-05 9.9833E-05 9.9833E-05 0.998103 9.9833E-05 9.9833E-05 9.9833E-05 9.9833E-05 9.9833E-05 9.9833E-05 9.9833E-05 9.9833E-05 9.9833E-05 9.9833E-05 9.9833E-05
9.98329E-05 9.98329E-05 9.98329E-05 9.98329E-05 9.98329E-05 9.98329E-05 9.98329E-05 9.98329E-05 9.98329E-05 9.98329E-05 9.98329E-05 9.98329E-05 9.98329E-05 9.98329E-05 9.98329E-05 9.98329E-05 9.98329E-05 0.998103 9.98329E-05 9.98329E-05
9.98331E-05 9.98331E-05 9.98331E-05 9.98331E-05 9.98331E-05 9.98331E-05 9.98331E-05 9.98331E-05 0.998103 9.98331E-05 9.98331E-05 9.98331E-05 9.98331E-05 9.98331E-05 9.98331E-05 9.98331E-05 9.98331E-05 9.98331E-05 9.98331E-05 9.98331E-05
9.9833E-05 9.9833E-05 9.9833E-05 9.9833E-05 9.9833E-05 9.9833E-05 9.9833E-05 9.9833E-05 9.9833E-05 9.9833E-05 9.9833E-05 9.9833E-05 9.9833E-05 9.9833E-05 9.9833E-05 9.9833E-05 9.9833E-05 0.998103 9.9833E-05 9.9833E-05
9.98329E-05 9.98329E-05 9.98329E-05 9.98329E-05 9.98329E-05 9.98329E-05 9.98329E-05 9.98329E-05 9.98329E-05 9.98329E-05 9.98329E-05 9.98329E-05 9.98329E-05 9.98329E-05 9.98329E-05 9.98329E-05 9.98329E-05 0.998103 9.98329E-05 9.98329E-05
