9.99035E-05 0.0557256 0.0961468 0.0679203 9.99035E-05 9.99035E-05 0.209346 9.99035E-05 9.99035E-05 9.99035E-05 9.99035E-05 0.0652119 9.99035E-05 0.0343586 9.99035E-05 0.00339736 0.343683 9.99035E-05 0.123112 9.99035E-05
9.98596E-05 9.98596E-05 0.0991254 9.98596E-05 9.98596E-05 0.521113 0.0818584 9.98596E-05 9.98596E-05 9.98596E-05 9.98596E-05 9.98596E-05 9.98596E-05 9.98596E-05 9.98596E-05 9.98596E-05 0.296305 9.98596E-05 9.98596E-05 9.98596E-05
9.98421E-05 9.98421E-05 9.98421E-05 9.98421E-05 9.98421E-05 0.97938 9.98421E-05 9.98421E-05 9.98421E-05 9.98421E-05 9.98421E-05 9.98421E-05 0.0188229 9.98421E-05 9.98421E-05 9.98421E-05 9.98421E-05 9.98421E-05 9.98421E-05 9.98421E-05
9.99035E-05 9.99035E-05 9.99035E-05 0.103738 0.0572867 0.0716121 9.99035E-05 9.99035E-05 9.99035E-05 9.99035E-05 9.99035E-05 0.0920768 9.99035E-05 9.99035E-05 0.275459 0.0184515 0.203 0.167862 0.00941516 9.99035E-05
9.98596E-05 9.98596E-05 9.98596E-05 9.98596E-05 9.98596E-05 0.072074 9.98596E-05 9.98596E-05 9.98596E-05 0.141754 9.98596E-05 9.98596E-05 0.0501575 9.98596E-05 9.98596E-05 9.98596E-05 0.734417 9.98596E-05 9.98596E-05 9.98596E-05
0.040664 9.98947E-05 0.0938777 9.98947E-05 0.0978883 0.249697 0.154597 9.98947E-05 9.98947E-05 0.216428 9.98947E-05 9.98947E-05 0.0583065 9.98947E-05 0.0873432 9.98947E-05 9.98947E-05 9.98947E-05 9.98947E-05 9.98947E-05
0.0954586 9.98947E-05 0.123989 0.0397286 9.98947E-05 9.98947E-05 0.086276 9.98947E-05 9.98947E-05 9.98947E-05 9.98947E-05 0.207194 9.98947E-05 0.000447253 0.140787 9.98947E-05 0.304921 9.98947E-05 9.98947E-05 9.98947E-05
9.99035E-05 0.0864707 9.99035E-05 9.99035E-05 0.143235 9.99035E-05 0.0485066 0.0638021 0.0656985 9.99035E-05 9.99035E-05 0.184098 9.99035E-05 9.99035E-05 0.10888 9.99035E-05 0.239494 9.99035E-05 9.99035E-05 0.0587162
9.98684E-05 9.98684E-05 9.98684E-05 9.98684E-05 0.210585 0.304508 9.98684E-05 9.98684E-05 9.98684E-05 0.0954409 9.98684E-05 9.98684E-05 9.98684E-05 0.166153 9.98684E-05 9.98684E-05 9.98684E-05 9.98684E-05 0.221816 9.98684E-05
9.98508E-05 9.98508E-05 9.98508E-05 9.98508E-05 9.98508E-05 0.848619 9.98508E-05 9.98508E-05 9.98508E-05 9.98508E-05 9.98508E-05 9.98508E-05 9.98508E-05 9.98508E-05 9.98508E-05 9.98508E-05 0.147083 9.98508E-05 0.00260026 9.98508E-05
9.98859E-05 9.98859E-05 9.98859E-05 0.116211 9.98859E-05 0.408453 0.0410946 9.98859E-05 9.98859E-05 9.98859E-05 9.98859E-05 0.0459493 9.98859E-05 9.98859E-05 9.98859E-05 9.98859E-05 0.207925 0.0289826 0.150086 9.98859E-05
0.00682335 9.98684E-05 9.98684E-05 9.98684E-05 9.98684E-05 0.930281 9.98684E-05 9.98684E-05 9.98684E-05 9.98684E-05 9.98684E-05 9.98684E-05 9.98684E-05 9.98684E-05 0.0297772 9.98684E-05 9.98684E-05 9.98684E-05 0.0293514 0.00226944
9.98596E-05 9.98596E-05 9.98596E-05 9.98596E-05 9.98596E-05 9.98596E-05 9.98596E-05 9.98596E-05 9.98596E-05 9.98596E-05 9.98596E-05 0.0620657 0.00236551 9.98596E-05 9.98596E-05 9.98596E-05 0.829523 9.98596E-05 0.104448 9.98596E-05
9.98772E-05 9.98772E-05 0.000747222 9.98772E-05 9.98772E-05 9.98772E-05 9.98772E-05 9.98772E-05 9.98772E-05 9.98772E-05 0.0201225 9.98772E-05 0.111495 9.98772E-05 9.98772E-05 9.98772E-05 0.701779 0.137412 0.0270457 9.98772E-05
9.98947E-05 0.0483814 0.0233605 9.98947E-05 0.134317 0.377636 0.150274 9.98947E-05 9.98947E-05 0.208591 9.98947E-05 0.00538811 9.98947E-05 9.98947E-05 9.98947E-05 9.98947E-05 9.98947E-05 9.98947E-05 0.0508531 9.98947E-05
9.99033E-05 9.99033E-05 9.99033E-05 9.99033E-05 0.193608 0.00573338 0.173432 9.99033E-05 0.141533 0.0199177 9.99033E-05 0.0375265 9.99033E-05 9.99033E-05 0.110182 9.99033E-05 0.230842 9.99033E-05 0.0861257 9.99033E-05
9.98947E-05 0.0796881 9.98947E-05 0.120947 9.98947E-05 9.98947E-05 9.98947E-05 9.98947E-05 9.98947E-05 9.98947E-05 0.093558 9.98947E-05 9.98947E-05 0.0268252 0.0564191 9.98947E-05 0.551131 9.98947E-05 0.0463838 0.0238486
9.98901E-05 9.98901E-05 9.98901E-05 9.98901E-05 0.0234609 0.031761 0.256832 0.146838 9.98901E-05 9.98901E-05 9.98901E-05 0.167456 9.98901E-05 9.98901E-05 9.98901E-05 0.0961868 0.126632 9.98901E-05 0.118705 0.0310289
0.0135967 9.98946E-05 9.98946E-05 0.000760794 0.135483 0.426118 9.98946E-05 0.00903441 9.98946E-05 9.98946E-05 9.98946E-05 0.161963 9.98946E-05 9.98946E-05 0.079021 9.98946E-05 9.98946E-05 9.98946E-05 0.172824 9.98946E-05
9.98508E-05 9.98508E-05 9.98508E-05 9.98508E-05 9.98508E-05 9.98508E-05 9.98508E-05 9.98508E-05 9.98508E-05 9.98508E-05 9.98508E-05 9.98508E-05 9.98508E-05 9.98508E-05 9.98508E-05 0.0305735 0.922759 9.98508E-05 0.0449704 9.98508E-05
9.98859E-05 9.98859E-05 9.98859E-05 0.0334854 0.100756 9.98859E-05 9.98859E-05 9.98859E-05 0.0956866 9.98859E-05 9.98859E-05 9.98859E-05 9.98859E-05 9.98859E-05 9.98859E-05 9.98859E-05 0.467361 0.022349 0.0750774 0.203986
9.98773E-05 0.114987 9.98773E-05 9.98773E-05 0.0821631 0.228367 9.98773E-05 9.98773E-05 9.98773E-05 0.104098 9.98773E-05 0.384193 0.0847937 9.98773E-05 9.98773E-05 9.98773E-05 9.98773E-05 9.98773E-05 9.98773E-05 9.98773E-05
9.98684E-05 9.98684E-05 9.98684E-05 0.029044 9.98684E-05 9.98684E-05 0.318036 9.98684E-05 9.98684E-05 0.0274867 9.98684E-05 9.98684E-05 9.98684E-05 9.98684E-05 9.98684E-05 9.98684E-05 0.544008 9.98684E-05 0.0799272 9.98684E-05
9.98772E-05 9.98772E-05 9.98772E-05 9.98772E-05 9.98772E-05 9.98772E-05 0.00695787 9.98772E-05 0.0301426 9.98772E-05 9.98772E-05 0.226085 9.98772E-05 0.0865607 9.98772E-05 9.98772E-05 0.41127 9.98772E-05 0.237585 9.98772E-05
9.99122E-05 9.99122E-05 9.99122E-05 0.00531975 0.0119319 0.13774 9.99122E-05 9.99122E-05 0.00243567 9.99122E-05 9.99122E-05 0.0273729 9.99122E-05 0.0200671 9.99122E-05 0.0688496 0.200137 0.316497 0.20865 9.99122E-05
9.98772E-05 9.98772E-05 9.98772E-05 9.98772E-05 0.0155602 9.98772E-05 9.98772E-05 9.98772E-05 9.98772E-05 0.106741 9.98772E-05 0.0460769 9.98772E-05 9.98772E-05 9.98772E-05 9.98772E-05 0.719115 0.0241842 0.0869243 9.98772E-05
9.98946E-05 9.98946E-05 0.00762061 9.98946E-05 9.98946E-05 0.0423767 9.98946E-05 0.0542803 0.0770566 0.0894974 9.98946E-05 0.387839 9.98946E-05 9.98946E-05 9.98946E-05 9.98946E-05 9.98946E-05 0.316423 0.0237085 9.98946E-05
9.98685E-05 9.98685E-05 9.98685E-05 9.98685E-05 9.98685E-05 0.222697 9.98685E-05 9.98685E-05 9.98685E-05 9.98685E-05 9.98685E-05 0.0781065 9.98685E-05 9.98685E-05 0.0393287 9.98685E-05 0.549192 9.98685E-05 0.109177 9.98685E-05
9.98597E-05 9.98597E-05 9.98597E-05 9.98597E-05 9.98597E-05 0.742173 9.98597E-05 9.98597E-05 9.98597E-05 9.98597E-05 9.98597E-05 0.0246148 9.98597E-05 9.98597E-05 9.98597E-05 9.98597E-05 9.98597E-05 0.144372 0.0872426 9.98597E-05
9.98684E-05 9.98684E-05 9.98684E-05 9.98684E-05 0.0391141 0.840398 0.00617152 9.98684E-05 9.98684E-05 9.98684E-05 0.0556792 9.98684E-05 9.98684E-05 9.98684E-05 9.98684E-05 9.98684E-05 9.98684E-05 9.98684E-05 0.0571396 9.98684E-05
9.98772E-05 9.98772E-05 9.98772E-05 0.0548061 0.00165689 0.744419 0.0884472 9.98772E-05 9.98772E-05 9.98772E-05 9.98772E-05 0.0574943 9.98772E-05 9.98772E-05 0.051778 9.98772E-05 9.98772E-05 9.98772E-05 9.98772E-05 9.98772E-05
9.99035E-05 9.99035E-05 9.99035E-05 0.0534557 9.99035E-05 9.99035E-05 0.0229953 9.99035E-05 9.99035E-05 0.0560328 9.99035E-05 0.00678163 9.99035E-05 9.99035E-05 0.0377023 9.99035E-05 0.509812 0.186263 0.0633821 0.0624756
9.98859E-05 9.98859E-05 9.98859E-05 0.0572815 9.98859E-05 0.407994 9.98859E-05 9.98859E-05 0.0904374 9.98859E-05 9.98859E-05 0.101337 9.98859E-05 9.98859E-05 9.98859E-05 9.98859E-05 0.135619 0.0825238 0.123509 9.98859E-05
9.98859E-05 9.98859E-05 9.98859E-05 0.0139161 9.98859E-05 0.531997 9.98859E-05 0.0281147 9.98859E-05 9.98859E-05 9.98859E-05 0.0354556 9.98859E-05 9.98859E-05 0.0231503 9.98859E-05 9.98859E-05 0.222124 0.143944 9.98859E-05
9.98597E-05 9.98597E-05 0.0407553 0.023166 9.98597E-05 0.91464 9.98597E-05 9.98597E-05 9.98597E-05 9.98597E-05 9.98597E-05 9.98597E-05 9.98597E-05 9.98597E-05 9.98597E-05 0.0198412 9.98597E-05 9.98597E-05 9.98597E-05 9.98597E-05
9.9886E-05 0.0199385 9.9886E-05 9.9886E-05 9.9886E-05 9.9886E-05 0.0167209 0.0570864 9.9886E-05 9.9886E-05 9.9886E-05 0.0444889 9.9886E-05 0.0202701 9.9886E-05 9.9886E-05 0.677462 9.9886E-05 0.162735 9.9886E-05
0.0193324 9.98597E-05 9.98597E-05 9.98597E-05 9.98597E-05 9.98597E-05 9.98597E-05 9.98597E-05 9.98597E-05 9.98597E-05 9.98597E-05 9.98597E-05 9.98597E-05 9.98597E-05 0.0273313 0.0154151 0.936323 9.98597E-05 9.98597E-05 9.98597E-05
9.98774E-05 9.98774E-05 0.176241 9.98774E-05 0.0595291 0.726028 9.98774E-05 9.98774E-05 9.98774E-05 0.013095 9.98774E-05 9.98774E-05 9.98774E-05 9.98774E-05 9.98774E-05 0.00971622 0.0139918 9.98774E-05 9.98774E-05 9.98774E-05
9.98772E-05 9.98772E-05 9.98772E-05 9.98772E-05 0.0805481 0.697762 9.98772E-05 9.98772E-05 9.98772E-05 0.003482 0.0480143 9.98772E-05 0.114135 9.98772E-05 9.98772E-05 9.98772E-05 9.98772E-05 9.98772E-05 0.0546607 9.98772E-05
0.042689 9.98684E-05 9.98684E-05 9.98684E-05 9.98684E-05 0.633669 9.98684E-05 9.98684E-05 0.125438 9.98684E-05 9.98684E-05 9.98684E-05 9.98684E-05 9.98684E-05 9.98684E-05 9.98684E-05 9.98684E-05 0.12885 0.0678561 9.98684E-05
9.98684E-05 9.98684E-05 9.98684E-05 0.00935785 0.0323404 0.799554 9.98684E-05 9.98684E-05 9.98684E-05 9.98684E-05 9.98684E-05 0.130005 9.98684E-05 9.98684E-05 0.0272441 9.98684E-05 9.98684E-05 9.98684E-05 9.98684E-05 9.98684E-05
9.98508E-05 9.98508E-05 9.98508E-05 9.98508E-05 9.98508E-05 0.773137 9.98508E-05 9.98508E-05 9.98508E-05 9.98508E-05 9.98508E-05 0.187415 9.98508E-05 9.98508E-05 9.98508E-05 9.98508E-05 9.98508E-05 9.98508E-05 0.0377506 9.98508E-05
9.98596E-05 9.98596E-05 9.98596E-05 9.98596E-05 9.98596E-05 9.98596E-05 9.98596E-05 9.98596E-05 9.98596E-05 0.0251138 0.0413008 9.98596E-05 9.98596E-05 0.0408463 9.98596E-05 9.98596E-05 0.891141 9.98596E-05 9.98596E-05 9.98596E-05
9.98859E-05 0.0134181 9.98859E-05 0.0347681 0.0995133 0.511436 0.0875584 9.98859E-05 9.98859E-05 9.98859E-05 9.98859E-05 0.0531976 9.98859E-05 9.98859E-05 9.98859E-05 9.98859E-05 9.98859E-05 9.98859E-05 0.19881 9.98859E-05
9.98772E-05 9.98772E-05 9.98772E-05 9.98772E-05 9.98772E-05 0.27627 9.98772E-05 9.98772E-05 9.98772E-05 9.98772E-05 9.98772E-05 0.312891 0.0989948 9.98772E-05 0.145516 9.98772E-05 0.00614618 9.98772E-05 0.158784 9.98772E-05
9.98683E-05 9.98683E-05 9.98683E-05 9.98683E-05 9.98683E-05 0.927525 9.98683E-05 9.98683E-05 9.98683E-05 9.98683E-05 9.98683E-05 9.98683E-05 9.98683E-05 9.98683E-05 0.0113565 0.040054 9.98683E-05 9.98683E-05 0.0021703 0.0173963
9.98595E-05 9.98595E-05 9.98595E-05 9.98595E-05 0.00860412 9.98595E-05 9.98595E-05 0.00593497 9.98595E-05 9.98595E-05 9.98595E-05 9.98595E-05 9.98595E-05 9.98595E-05 9.98595E-05 9.98595E-05 0.930908 9.98595E-05 0.0529547 9.98595E-05
9.98333E-05 9.98333E-05 9.98333E-05 9.98333E-05 9.98333E-05 0.998103 9.98333E-05 9.98333E-05 9.98333E-05 9.98333E-05 9.98333E-05 9.98333E-05 9.98333E-05 9.98333E-05 9.98333E-05 9.98333E-05 9.98333E-05 9.98333E-05 9.98333E-05 9.98333E-05
9.98858E-05 9.98858E-05 9.98858E-05 9.98858E-05 9.98858E-05 0.48928 9.98858E-05 9.98858E-05 0.0367385 9.98858E-05 9.98858E-05 0.115288 9.98858E-05 9.98858E-05 0.0132173 9.98858E-05 0.228666 9.98858E-05 0.0972632 0.018249
0.156722 9.98599E-05 9.98599E-05 9.98599E-05 9.98599E-05 0.250959 9.98599E-05 9.98599E-05 9.98599E-05 9.98599E-05 9.98599E-05 9.98599E-05 0.084166 9.98599E-05 9.98599E-05 9.98599E-05 0.506556 9.98599E-05 9.98599E-05 9.98599E-05
9.99122E-05 9.99122E-05 9.99122E-05 0.0901909 0.0111843 0.212483 0.0273102 9.99122E-05 9.99122E-05 9.99122E-05 9.99122E-05 9.99122E-05 9.99122E-05 0.000275517 0.0202646 9.99122E-05 0.181833 0.170436 0.163517 0.121506
9.98772E-05 9.98772E-05 9.98772E-05 9.98772E-05 9.98772E-05 0.230958 9.98772E-05 9.98772E-05 9.98772E-05 0.050341 9.98772E-05 0.0869263 9.98772E-05 0.0814343 9.98772E-05 0.109038 0.439903 9.98772E-05 9.98772E-05 9.98772E-05
9.98422E-05 9.98422E-05 9.98422E-05 9.98422E-05 9.98422E-05 0.99513 9.98422E-05 0.00307273 9.98422E-05 9.98422E-05 9.98422E-05 9.98422E-05 9.98422E-05 9.98422E-05 9.98422E-05 9.98422E-05 9.98422E-05 9.98422E-05 9.98422E-05 9.98422E-05
0.0137591 9.98598E-05 9.98598E-05 9.98598E-05 9.98598E-05 0.779051 9.98598E-05 9.98598E-05 0.185469 9.98598E-05 9.98598E-05 9.98598E-05 0.0201229 9.98598E-05 9.98598E-05 9.98598E-05 9.98598E-05 9.98598E-05 9.98598E-05 9.98598E-05
9.98598E-05 9.98598E-05 9.98598E-05 9.98598E-05 9.98598E-05 0.851435 9.98598E-05 9.98598E-05 9.98598E-05 9.98598E-05 9.98598E-05 9.98598E-05 0.0425879 9.98598E-05 0.0682697 9.98598E-05 9.98598E-05 9.98598E-05 0.0361097 9.98598E-05
9.9886E-05 9.9886E-05 9.9886E-05 0.00246237 9.9886E-05 0.893057 0.00762515 9.9886E-05 9.9886E-05 0.0316761 9.9886E-05 9.9886E-05 0.0132244 9.9886E-05 9.9886E-05 0.0378457 9.9886E-05 0.0128107 9.9886E-05 9.9886E-05
9.98858E-05 9.98858E-05 0.0454398 9.98858E-05 9.98858E-05 0.292669 9.98858E-05 0.0915729 9.98858E-05 9.98858E-05 9.98858E-05 0.0611693 9.98858E-05 9.98858E-05 9.98858E-05 9.98858E-05 0.480194 9.98858E-05 0.0273299 0.000326142
9.98421E-05 9.98421E-05 9.98421E-05 9.98421E-05 9.98421E-05 9.98421E-05 9.98421E-05 9.98421E-05 9.98421E-05 9.98421E-05 9.98421E-05 9.98421E-05 9.98421E-05 9.98421E-05 9.98421E-05 9.98421E-05 0.865548 9.98421E-05 0.132655 9.98421E-05
9.98684E-05 0.0024629 0.0335843 0.0224291 9.98684E-05 0.679257 9.98684E-05 9.98684E-05 9.98684E-05 9.98684E-05 9.98684E-05 9.98684E-05 9.98684E-05 9.98684E-05 9.98684E-05 9.98684E-05 0.260768 9.98684E-05 9.98684E-05 9.98684E-05
9.9877E-05 0.0969194 9.9877E-05 0.0389619 0.0347883 9.9877E-05 0.659013 9.9877E-05 9.9877E-05 9.9877E-05 9.9877E-05 9.9877E-05 9.9877E-05 9.9877E-05 9.9877E-05 9.9877E-05 9.9877E-05 0.0646242 0.104295 9.9877E-05
9.98423E-05 9.98423E-05 9.98423E-05 9.98423E-05 9.98423E-05 9.98423E-05 0.990628 9.98423E-05 0.00757518 9.98423E-05 9.98423E-05 9.98423E-05 9.98423E-05 9.98423E-05 9.98423E-05 9.98423E-05 9.98423E-05 9.98423E-05 9.98423E-05 9.98423E-05
0.00472178 9.98509E-05 9.98509E-05 9.98509E-05 9.98509E-05 9.98509E-05 0.965713 0.027868 9.98509E-05 9.98509E-05 9.98509E-05 9.98509E-05 9.98509E-05 9.98509E-05 9.98509E-05 9.98509E-05 9.98509E-05 9.98509E-05 9.98509E-05 9.98509E-05
0.0474286 9.99035E-05 0.244481 0.0218138 0.0834986 9.99035E-05 0.220215 0.0467994 9.99035E-05 9.99035E-05 9.99035E-05 9.99035E-05 9.99035E-05 9.99035E-05 0.0340367 9.99035E-05 9.99035E-05 0.202352 0.0982762 9.99035E-05
0.0417434 9.98945E-05 9.98945E-05 9.98945E-05 0.071912 9.98945E-05 0.649946 0.0229832 9.98945E-05 9.98945E-05 9.98945E-05 0.0888367 0.0237133 9.98945E-05 9.98945E-05 0.0648487 9.98945E-05 9.98945E-05 0.0348182 9.98945E-05
9.98681E-05 9.98681E-05 9.98681E-05 9.98681E-05 0.0261775 9.98681E-05 0.678417 9.98681E-05 9.98681E-05 9.98681E-05 9.98681E-05 0.0763218 9.98681E-05 9.98681E-05 9.98681E-05 9.98681E-05 9.98681E-05 0.0589691 0.158617 9.98681E-05
9.98594E-05 9.98594E-05 0.260804 0.0305725 9.98594E-05 9.98594E-05 0.586397 9.98594E-05 9.98594E-05 9.98594E-05 9.98594E-05 9.98594E-05 9.98594E-05 9.98594E-05 9.98594E-05 9.98594E-05 9.98594E-05 9.98594E-05 0.120629 9.98594E-05
0.0267154 9.98857E-05 0.106866 9.98857E-05 0.0783758 9.98857E-05 0.583474 0.125386 9.98857E-05 9.98857E-05 9.98857E-05 9.98857E-05 9.98857E-05 9.98857E-05 9.98857E-05 9.98857E-05 9.98857E-05 0.00654462 0.0713398 9.98857E-05
9.98334E-05 9.98334E-05 9.98334E-05 9.98334E-05 9.98334E-05 9.98334E-05 0.998103 9.98334E-05 9.98334E-05 9.98334E-05 9.98334E-05 9.98334E-05 9.98334E-05 9.98334E-05 9.98334E-05 9.98334E-05 9.98334E-05 9.98334E-05 9.98334E-05 9.98334E-05
9.98508E-05 9.98508E-05 9.98508E-05 0.0779051 9.98508E-05 9.98508E-05 0.9194 9.98508E-05 9.98508E-05 9.98508E-05 9.98508E-05 9.98508E-05 9.98508E-05 9.98508E-05 9.98508E-05 0.000997598 9.98508E-05 9.98508E-05 9.98508E-05 9.98508E-05
9.98681E-05 9.98681E-05 9.98681E-05 0.131325 0.0376127 9.98681E-05 0.479992 0.0327223 9.98681E-05 9.98681E-05 9.98681E-05 9.98681E-05 9.98681E-05 9.98681E-05 9.98681E-05 9.98681E-05 9.98681E-05 9.98681E-05 0.31685 9.98681E-05
0.0382666 9.99033E-05 0.0849356 0.0776373 9.99033E-05 9.99033E-05 0.41274 9.99033E-05 0.0694865 9.99033E-05 9.99033E-05 0.153955 0.0263445 9.99033E-05 0.0541119 9.99033E-05 9.99033E-05 9.99033E-05 0.0814236 9.99033E-05
9.98769E-05 9.98769E-05 9.98769E-05 0.0977553 0.1409 9.98769E-05 0.535016 9.98769E-05 0.10605 0.0064996 9.98769E-05 9.98769E-05 9.98769E-05 9.98769E-05 9.98769E-05 9.98769E-05 9.98769E-05 9.98769E-05 9.98769E-05 0.11238
0.0255721 9.98946E-05 0.0443238 9.98946E-05 0.00534263 9.98946E-05 0.474855 9.98946E-05 9.98946E-05 9.98946E-05 9.98946E-05 0.193125 0.0213125 9.98946E-05 9.98946E-05 9.98946E-05 9.98946E-05 0.0749616 0.159308 9.98946E-05
0.0219354 9.98598E-05 9.98598E-05 0.0296812 9.98598E-05 9.98598E-05 0.862526 9.98598E-05 9.98598E-05 9.98598E-05 9.98598E-05 9.98598E-05 9.98598E-05 9.98598E-05 9.98598E-05 9.98598E-05 9.98598E-05 0.0842601 9.98598E-05 9.98598E-05
9.9851E-05 9.9851E-05 9.9851E-05 9.9851E-05 0.0269464 9.9851E-05 0.965031 9.9851E-05 9.9851E-05 9.9851E-05 9.9851E-05 9.9851E-05 9.9851E-05 9.9851E-05 9.9851E-05 9.9851E-05 9.9851E-05 9.9851E-05 0.00632557 9.9851E-05
9.98594E-05 0.269032 9.98594E-05 9.98594E-05 9.98594E-05 9.98594E-05 0.676325 9.98594E-05 9.98594E-05 9.98594E-05 9.98594E-05 9.98594E-05 9.98594E-05 9.98594E-05 9.98594E-05 9.98594E-05 9.98594E-05 0.0382447 0.0147998 9.98594E-05
9.98769E-05 9.98769E-05 9.98769E-05 0.0527968 0.0905308 9.98769E-05 0.598211 0.0671743 9.98769E-05 9.98769E-05 9.98769E-05 0.117512 9.98769E-05 9.98769E-05 0.0723773 9.98769E-05 9.98769E-05 9.98769E-05 9.98769E-05 9.98769E-05
9.98683E-05 9.98683E-05 9.98683E-05 0.00808015 9.98683E-05 9.98683E-05 0.883513 0.0680468 9.98683E-05 9.98683E-05 9.98683E-05 9.98683E-05 9.98683E-05 9.98683E-05 0.00774027 9.98683E-05 9.98683E-05 9.98683E-05 0.0311218 9.98683E-05
9.98681E-05 9.98681E-05 9.98681E-05 0.0267833 9.98681E-05 9.98681E-05 0.64642 9.98681E-05 0.11272 9.98681E-05 9.98681E-05 9.98681E-05 9.98681E-05 9.98681E-05 9.98681E-05 0.00728425 9.98681E-05 9.98681E-05 0.205294 9.98681E-05
0.00569013 9.98511E-05 9.98511E-05 9.98511E-05 9.98511E-05 9.98511E-05 0.950369 9.98511E-05 9.98511E-05 9.98511E-05 0.0422432 9.98511E-05 9.98511E-05 9.98511E-05 9.98511E-05 9.98511E-05 9.98511E-05 9.98511E-05 9.98511E-05 9.98511E-05
9.98769E-05 9.98769E-05 0.0321405 9.98769E-05 9.98769E-05 9.98769E-05 0.643564 9.98769E-05 9.98769E-05 0.0189826 9.98769E-05 0.162703 9.98769E-05 9.98769E-05 0.0664695 9.98769E-05 9.98769E-05 9.98769E-05 0.0747427 9.98769E-05
9.98684E-05 9.98684E-05 0.0255907 9.98684E-05 9.98684E-05 9.98684E-05 0.764519 0.0327815 9.98684E-05 9.98684E-05 9.98684E-05 0.00735384 9.98684E-05 9.98684E-05 9.98684E-05 9.98684E-05 9.98684E-05 0.168257 9.98684E-05 9.98684E-05
9.98859E-05 0.0180441 9.98859E-05 9.98859E-05 0.0355641 9.98859E-05 0.607851 0.0215881 9.98859E-05 0.108828 9.98859E-05 9.98859E-05 9.98859E-05 0.0300363 0.17679 9.98859E-05 9.98859E-05 9.98859E-05 9.98859E-05 9.98859E-05
9.98506E-05 9.98506E-05 9.98506E-05 0.156659 9.98506E-05 9.98506E-05 0.824061 9.98506E-05 9.98506E-05 9.98506E-05 9.98506E-05 0.0175824 9.98506E-05 9.98506E-05 9.98506E-05 9.98506E-05 9.98506E-05 9.98506E-05 9.98506E-05 9.98506E-05
9.9851E-05 9.9851E-05 9.9851E-05 9.9851E-05 0.0235973 9.9851E-05 0.970786 9.9851E-05 9.9851E-05 9.9851E-05 9.9851E-05 9.9851E-05 9.9851E-05 9.9851E-05 9.9851E-05 9.9851E-05 9.9851E-05 9.9851E-05 0.00391965 9.9851E-05
9.98335E-05 9.98335E-05 9.98335E-05 9.98335E-05 9.98335E-05 9.98335E-05 0.998103 9.98335E-05 9.98335E-05 9.98335E-05 9.98335E-05 9.98335E-05 9.98335E-05 9.98335E-05 9.98335E-05 9.98335E-05 9.98335E-05 9.98335E-05 9.98335E-05 9.98335E-05
9.98421E-05 9.98421E-05 9.98421E-05 9.98421E-05 9.98421E-05 9.98421E-05 0.979351 9.98421E-05 9.98421E-05 9.98421E-05 9.98421E-05 9.98421E-05 9.98421E-05 9.98421E-05 9.98421E-05 9.98421E-05 9.98421E-05 9.98421E-05 0.0188522 9.98421E-05
9.98509E-05 9.98509E-05 9.98509E-05 9.98509E-05 0.00647635 9.98509E-05 0.823915 0.167911 9.98509E-05 9.98509E-05 9.98509E-05 9.98509E-05 9.98509E-05 9.98509E-05 9.98509E-05 9.98509E-05 9.98509E-05 9.98509E-05 9.98509E-05 9.98509E-05
9.98685E-05 9.98685E-05 9.98685E-05 9.98685E-05 0.110555 9.98685E-05 0.640178 9.98685E-05 9.98685E-05 9.98685E-05 0.1437 9.98685E-05 0.000506083 9.98685E-05 9.98685E-05 9.98685E-05 9.98685E-05 9.98685E-05 0.103563 9.98685E-05
9.98596E-05 9.98596E-05 9.98596E-05 9.98596E-05 0.0436355 9.98596E-05 9.98596E-05 9.98596E-05 9.98596E-05 0.557012 9.98596E-05 9.98596E-05 9.98596E-05 9.98596E-05 9.98596E-05 9.98596E-05 9.98596E-05 0.334752 0.063003 9.98596E-05
9.98422E-05 9.98422E-05 9.98422E-05 9.98422E-05 9.98422E-05 9.98422E-05 9.98422E-05 9.98422E-05 9.98422E-05 9.98422E-05 0.399819 9.98422E-05 9.98422E-05 9.98422E-05 9.98422E-05 9.98422E-05 9.98422E-05 0.598384 9.98422E-05 9.98422E-05
9.98595E-05 9.98595E-05 9.98595E-05 9.98595E-05 9.98595E-05 9.98595E-05 9.98595E-05 9.98595E-05 9.98595E-05 0.228923 9.98595E-05 9.98595E-05 0.041707 9.98595E-05 9.98595E-05 9.98595E-05 9.98595E-05 0.718775 0.00899732 9.98595E-05
9.98769E-05 9.98769E-05 9.98769E-05 0.027765 0.0201532 9.98769E-05 9.98769E-05 0.0272308 9.98769E-05 0.190317 9.98769E-05 9.98769E-05 9.98769E-05 9.98769E-05 9.98769E-05 9.98769E-05 9.98769E-05 0.619801 0.113335 9.98769E-05
0.0206523 0.000752681 9.98945E-05 9.98945E-05 0.0616287 9.98945E-05 9.98945E-05 9.98945E-05 9.98945E-05 0.4025 9.98945E-05 9.98945E-05 0.101117 0.0230203 9.98945E-05 0.0128784 9.98945E-05 0.376251 9.98945E-05 9.98945E-05
9.98772E-05 9.98772E-05 0.0423119 9.98772E-05 0.165336 9.98772E-05 9.98772E-05 9.98772E-05 9.98772E-05 0.449731 0.0053453 9.98772E-05 9.98772E-05 9.98772E-05 9.98772E-05 9.98772E-05 9.98772E-05 0.138656 0.197222 9.98772E-05
9.98596E-05 9.98596E-05 9.98596E-05 9.98596E-05 0.0410143 9.98596E-05 9.98596E-05 0.0586298 9.98596E-05 9.98596E-05 9.98596E-05 9.98596E-05 9.98596E-05 9.98596E-05 9.98596E-05 9.98596E-05 9.98596E-05 0.897459 0.00129918 9.98596E-05
9.98419E-05 9.98419E-05 9.98419E-05 9.98419E-05 0.145357 9.98419E-05 9.98419E-05 9.98419E-05 9.98419E-05 9.98419E-05 9.98419E-05 9.98419E-05 9.98419E-05 9.98419E-05 9.98419E-05 9.98419E-05 9.98419E-05 0.852846 9.98419E-05 9.98419E-05
9.98682E-05 9.98682E-05 0.156154 9.98682E-05 0.237744 9.98682E-05 9.98682E-05 9.98682E-05 9.98682E-05 9.98682E-05 9.98682E-05 0.0644259 9.98682E-05 9.98682E-05 9.98682E-05 9.98682E-05 9.98682E-05 0.474376 0.0658009 9.98682E-05
9.98772E-05 9.98772E-05 9.98772E-05 0.0226195 0.150312 9.98772E-05 9.98772E-05 9.98772E-05 9.98772E-05 9.98772E-05 9.98772E-05 9.98772E-05 0.00521005 9.98772E-05 9.98772E-05 9.98772E-05 9.98772E-05 0.544627 0.258529 0.0173031
9.98772E-05 9.98772E-05 0.275948 0.00682653 9.98772E-05 9.98772E-05 9.98772E-05 9.98772E-05 9.98772E-05 0.489697 0.195081 9.98772E-05 9.98772E-05 9.98772E-05 9.98772E-05 9.98772E-05 9.98772E-05 0.028455 0.00259353 9.98772E-05
9.98859E-05 9.98859E-05 0.0315593 0.0520402 9.98859E-05 9.98859E-05 9.98859E-05 9.98859E-05 9.98859E-05 0.395815 0.0228944 9.98859E-05 9.98859E-05 9.98859E-05 9.98859E-05 9.98859E-05 0.0374151 0.416559 0.0424185 9.98859E-05
9.98685E-05 9.98685E-05 9.98685E-05 0.00778322 0.0607147 9.98685E-05 9.98685E-05 0.0221349 9.98685E-05 9.98685E-05 9.98685E-05 9.98685E-05 0.0185052 9.98685E-05 9.98685E-05 9.98685E-05 9.98685E-05 0.889364 9.98685E-05 9.98685E-05
9.98774E-05 9.98774E-05 9.98774E-05 0.00431388 0.116798 9.98774E-05 9.98774E-05 9.98774E-05 9.98774E-05 0.347493 0.00726495 9.98774E-05 9.98774E-05 9.98774E-05 9.98774E-05 9.98774E-05 9.98774E-05 0.315857 0.206875 9.98774E-05
9.98947E-05 9.98947E-05 0.000101505 0.00560034 0.0830769 9.98947E-05 9.98947E-05 0.14036 9.98947E-05 0.145789 0.036432 9.98947E-05 0.0361468 9.98947E-05 9.98947E-05 9.98947E-05 9.98947E-05 0.551295 9.98947E-05 9.98947E-05
9.98772E-05 0.0385708 0.092031 9.98772E-05 9.98772E-05 9.98772E-05 9.98772E-05 9.98772E-05 9.98772E-05 0.592749 9.98772E-05 9.98772E-05 0.00274369 9.98772E-05 9.98772E-05 9.98772E-05 9.98772E-05 0.116427 0.15608 9.98772E-05
9.9877E-05 9.9877E-05 0.226491 9.9877E-05 0.0307287 9.9877E-05 9.9877E-05 9.9877E-05 9.9877E-05 0.0384063 9.9877E-05 9.9877E-05 9.9877E-05 9.9877E-05 9.9877E-05 0.0109749 9.9877E-05 0.659536 0.0324643 9.9877E-05
0.00364522 9.98773E-05 9.98773E-05 9.98773E-05 0.086708 9.98773E-05 9.98773E-05 9.98773E-05 9.98773E-05 0.530056 9.98773E-05 0.039343 0.00962913 9.98773E-05 9.98773E-05 9.98773E-05 9.98773E-05 0.32922 9.98773E-05 9.98773E-05
9.98597E-05 9.98597E-05 9.98597E-05 0.00441901 9.98597E-05 9.98597E-05 9.98597E-05 9.98597E-05 9.98597E-05 0.642581 0.00661526 9.98597E-05 9.98597E-05 9.98597E-05 9.98597E-05 9.98597E-05 9.98597E-05 0.344787 9.98597E-05 9.98597E-05
9.9886E-05 9.9886E-05 9.9886E-05 9.9886E-05 0.0830772 9.9886E-05 0.00266574 9.9886E-05 9.9886E-05 0.317501 0.159933 9.9886E-05 9.9886E-05 9.9886E-05 9.9886E-05 0.0751 9.9886E-05 0.289408 0.0710162 9.9886E-05
9.98772E-05 9.98772E-05 0.181263 0.0236295 9.98772E-05 9.98772E-05 9.98772E-05 9.98772E-05 9.98772E-05 0.594167 9.98772E-05 9.98772E-05 0.00727347 9.98772E-05 9.98772E-05 9.98772E-05 9.98772E-05 0.145205 0.0470635 9.98772E-05
9.98508E-05 9.98508E-05 9.98508E-05 9.98508E-05 9.98508E-05 9.98508E-05 9.98508E-05 0.0324605 9.98508E-05 0.545856 9.98508E-05 9.98508E-05 9.98508E-05 9.98508E-05 9.98508E-05 9.98508E-05 9.98508E-05 0.419986 9.98508E-05 9.98508E-05
9.99093E-05 9.99093E-05 0.0435775 9.99093E-05 0.211322 9.99093E-05 9.99093E-05 9.99093E-05 0.00395653 0.449747 9.99093E-05 9.99093E-05 0.0113527 0.00245715 9.99093E-05 0.0406293 9.99093E-05 9.99093E-05 0.208824 0.0270347
9.98685E-05 9.98685E-05 9.98685E-05 9.98685E-05 0.171144 9.98685E-05 9.98685E-05 9.98685E-05 9.98685E-05 0.374363 0.0905695 9.98685E-05 0.0317118 9.98685E-05 9.98685E-05 9.98685E-05 9.98685E-05 0.330713 9.98685E-05 9.98685E-05
9.98771E-05 9.98771E-05 0.0785462 9.98771E-05 0.224033 9.98771E-05 9.98771E-05 9.98771E-05 9.98771E-05 0.362651 9.98771E-05 9.98771E-05 9.98771E-05 9.98771E-05 9.98771E-05 0.0676363 9.98771E-05 0.0492127 0.216523 9.98771E-05
9.98685E-05 9.98685E-05 0.0748227 9.98685E-05 0.0959289 9.98685E-05 9.98685E-05 9.98685E-05 9.98685E-05 9.98685E-05 0.13024 9.98685E-05 9.98685E-05 9.98685E-05 9.98685E-05 9.98685E-05 9.98685E-05 0.625498 0.0720124 9.98685E-05
0.0285697 0.0057353 9.98859E-05 9.98859E-05 9.98859E-05 9.98859E-05 9.98859E-05 9.98859E-05 9.98859E-05 0.362483 0.488769 9.98859E-05 0.04956 0.0631255 9.98859E-05 9.98859E-05 9.98859E-05 9.98859E-05 0.000459443 9.98859E-05
9.98594E-05 9.98594E-05 9.98594E-05 9.98594E-05 0.134456 9.98594E-05 9.98594E-05 9.98594E-05 9.98594E-05 0.122792 9.98594E-05 9.98594E-05 9.98594E-05 9.98594E-05 9.98594E-05 0.162903 9.98594E-05 0.578251 9.98594E-05 9.98594E-05
9.98772E-05 9.98772E-05 0.0209329 9.98772E-05 0.249195 9.98772E-05 9.98772E-05 9.98772E-05 9.98772E-05 0.312496 9.98772E-05 9.98772E-05 9.98772E-05 9.98772E-05 9.98772E-05 0.0229177 9.98772E-05 0.203525 0.189534 9.98772E-05
9.98772E-05 9.98772E-05 9.98772E-05 9.98772E-05 9.98772E-05 9.98772E-05 9.98772E-05 9.98772E-05 9.98772E-05 0.346533 0.0288908 9.98772E-05 0.106314 9.98772E-05 9.98772E-05 0.0622173 9.98772E-05 0.378527 0.0761194 9.98772E-05
9.98509E-05 9.98509E-05 9.98509E-05 9.98509E-05 9.98509E-05 9.98509E-05 9.98509E-05 9.98509E-05 0.0246773 9.98509E-05 9.98509E-05 9.98509E-05 9.98509E-05 9.98509E-05 9.98509E-05 9.98509E-05 9.98509E-05 0.852962 0.120664 9.98509E-05
9.9842E-05 9.9842E-05 9.9842E-05 9.9842E-05 9.9842E-05 9.9842E-05 9.9842E-05 9.9842E-05 0.0124109 9.9842E-05 9.9842E-05 9.9842E-05 9.9842E-05 9.9842E-05 9.9842E-05 9.9842E-05 9.9842E-05 0.985792 9.9842E-05 9.9842E-05
9.98682E-05 9.98682E-05 9.98682E-05 9.98682E-05 0.218857 9.98682E-05 9.98682E-05 9.98682E-05 9.98682E-05 9.98682E-05 9.98682E-05 9.98682E-05 0.128162 9.98682E-05 9.98682E-05 0.108216 9.98682E-05 0.429584 0.113683 9.98682E-05
9.98682E-05 9.98682E-05 9.98682E-05 9.98682E-05 0.00900217 9.98682E-05 9.98682E-05 9.98682E-05 9.98682E-05 0.0879867 9.98682E-05 0.11469 9.98682E-05 9.98682E-05 9.98682E-05 9.98682E-05 9.98682E-05 0.762295 0.0245273 9.98682E-05
9.98421E-05 9.98421E-05 9.98421E-05 9.98421E-05 0.0320627 9.98421E-05 9.98421E-05 9.98421E-05 9.98421E-05 9.98421E-05 9.98421E-05 9.98421E-05 9.98421E-05 9.98421E-05 9.98421E-05 9.98421E-05 9.98421E-05 0.96614 9.98421E-05 9.98421E-05
9.98947E-05 9.98947E-05 0.0705249 0.0114934 0.0173048 9.98947E-05 9.98947E-05 9.98947E-05 0.0168202 0.38942 0.0288284 9.98947E-05 9.98947E-05 9.98947E-05 9.98947E-05 0.00551499 9.98947E-05 0.458895 9.98947E-05 9.98947E-05
9.98682E-05 9.98682E-05 9.98682E-05 9.98682E-05 0.0568901 9.98682E-05 9.98682E-05 0.049972 9.98682E-05 0.131167 9.98682E-05 9.98682E-05 9.98682E-05 9.98682E-05 9.98682E-05 9.98682E-05 9.98682E-05 0.456892 0.30358 9.98682E-05
9.9877E-05 9.9877E-05 9.9877E-05 9.9877E-05 0.101363 9.9877E-05 9.9877E-05 9.9877E-05 0.0491253 0.293804 0.494207 9.9877E-05 9.9877E-05 9.9877E-05 9.9877E-05 9.9877E-05 9.9877E-05 0.0145158 9.9877E-05 0.0455874
9.98685E-05 9.98685E-05 9.98685E-05 9.98685E-05 9.98685E-05 9.98685E-05 9.98685E-05 9.98685E-05 9.98685E-05 0.590458 0.207423 9.98685E-05 9.98685E-05 9.98685E-05 9.98685E-05 0.0130574 9.98685E-05 0.133752 0.0538111 9.98685E-05
9.98422E-05 9.98422E-05 9.98422E-05 9.98422E-05 9.98422E-05 9.98422E-05 9.98422E-05 9.98422E-05 9.98422E-05 9.98422E-05 0.141885 9.98422E-05 9.98422E-05 9.98422E-05 9.98422E-05 9.98422E-05 9.98422E-05 0.856318 9.98422E-05 9.98422E-05
9.98684E-05 9.98684E-05 0.0677195 9.98684E-05 9.98684E-05 9.98684E-05 9.98684E-05 9.98684E-05 9.98684E-05 0.170112 0.298194 9.98684E-05 9.98684E-05 9.98684E-05 9.98684E-05 0.013567 9.98684E-05 0.44891 9.98684E-05 9.98684E-05
9.9877E-05 9.9877E-05 0.11869 0.0512957 0.000382859 9.9877E-05 9.9877E-05 9.9877E-05 9.9877E-05 0.316425 9.9877E-05 9.9877E-05 9.9877E-05 9.9877E-05 9.9877E-05 9.9877E-05 9.9877E-05 0.103035 0.408773 9.9877E-05
9.98596E-05 9.98596E-05 9.98596E-05 9.98596E-05 0.101813 9.98596E-05 9.98596E-05 9.98596E-05 9.98596E-05 0.519291 9.98596E-05 9.98596E-05 0.0449277 9.98596E-05 9.98596E-05 9.98596E-05 9.98596E-05 0.332371 9.98596E-05 9.98596E-05
9.98684E-05 9.98684E-05 9.98684E-05 9.98684E-05 0.118613 9.98684E-05 9.98684E-05 9.98684E-05 9.98684E-05 0.192609 0.542585 9.98684E-05 9.98684E-05 9.98684E-05 9.98684E-05 0.0919415 9.98684E-05 9.98684E-05 0.0527535 9.98684E-05
9.98421E-05 9.98421E-05 9.98421E-05 9.98421E-05 9.98421E-05 9.98421E-05 9.98421E-05 9.98421E-05 9.98421E-05 9.98421E-05 0.35292 9.98421E-05 9.98421E-05 9.98421E-05 9.98421E-05 9.98421E-05 9.98421E-05 0.645283 9.98421E-05 9.98421E-05
0.0106508 9.98946E-05 0.191915 9.98946E-05 0.194025 9.98946E-05 9.98946E-05 0.0108214 9.98946E-05 0.0258591 9.98946E-05 0.0307734 9.98946E-05 9.98946E-05 9.98946E-05 0.0890458 9.98946E-05 0.44571 9.98946E-05 9.98946E-05
9.98595E-05 9.98595E-05 9.98595E-05 9.98595E-05 0.0526089 9.98595E-05 0.158257 9.98595E-05 9.98595E-05 9.98595E-05 9.98595E-05 9.98595E-05 9.98595E-05 9.98595E-05 9.98595E-05 9.98595E-05 9.98595E-05 0.704242 0.0832946 9.98595E-05
9.98775E-05 9.98775E-05 0.126261 9.98775E-05 0.0826755 9.98775E-05 9.98775E-05 9.98775E-05 0.0150056 9.98775E-05 9.98775E-05 9.98775E-05 9.98775E-05 0.106001 9.98775E-05 9.98775E-05 9.98775E-05 0.611858 0.0568003 9.98775E-05
9.98685E-05 9.98685E-05 9.98685E-05 0.0382963 0.276676 9.98685E-05 9.98685E-05 9.98685E-05 9.98685E-05 9.98685E-05 9.98685E-05 9.98685E-05 9.98685E-05 0.0314861 9.98685E-05 9.98685E-05 9.98685E-05 0.458419 0.193624 9.98685E-05
9.98684E-05 9.98684E-05 0.0158041 9.98684E-05 9.98684E-05 9.98684E-05 9.98684E-05 9.98684E-05 0.020936 9.98684E-05 0.310251 9.98684E-05 0.0161584 9.98684E-05 9.98684E-05 9.98684E-05 9.98684E-05 0.635353 9.98684E-05 9.98684E-05
0.0285385 9.98683E-05 9.98683E-05 9.98683E-05 9.98683E-05 9.98683E-05 9.98683E-05 9.98683E-05 9.98683E-05 0.231894 9.98683E-05 9.98683E-05 9.98683E-05 9.98683E-05 0.148656 9.98683E-05 9.98683E-05 0.518109 0.0713053 9.98683E-05
9.98859E-05 9.98859E-05 9.98859E-05 9.98859E-05 0.107755 9.98859E-05 9.98859E-05 9.98859E-05 0.0403625 0.133536 0.513648 9.98859E-05 0.0298855 9.98859E-05 9.98859E-05 9.98859E-05 9.98859E-05 0.153362 0.0201515 9.98859E-05
9.98685E-05 9.98685E-05 9.98685E-05 0.0594687 0.0179781 9.98685E-05 9.98685E-05 9.98685E-05 9.98685E-05 0.781075 0.0358249 9.98685E-05 9.98685E-05 9.98685E-05 9.98685E-05 9.98685E-05 9.98685E-05 9.98685E-05 0.104155 9.98685E-05
9.98508E-05 9.98508E-05 9.98508E-05 9.98508E-05 9.98508E-05 9.98508E-05 9.98508E-05 9.98508E-05 0.0213139 0.696857 9.98508E-05 9.98508E-05 9.98508E-05 9.98508E-05 9.98508E-05 9.98508E-05 9.98508E-05 0.280132 9.98508E-05 9.98508E-05
9.98682E-05 9.98682E-05 9.98682E-05 0.00116757 9.98682E-05 9.98682E-05 9.98682E-05 0.00875113 9.98682E-05 0.0849468 9.98682E-05 9.98682E-05 9.98682E-05 9.98682E-05 0.0591406 9.98682E-05 9.98682E-05 0.844496 9.98682E-05 9.98682E-05
9.98683E-05 9.98683E-05 0.181856 9.98683E-05 0.170511 9.98683E-05 9.98683E-05 9.98683E-05 9.98683E-05 0.166613 9.98683E-05 9.98683E-05 9.98683E-05 9.98683E-05 9.98683E-05 9.98683E-05 9.98683E-05 0.382347 0.0971749 9.98683E-05
9.98595E-05 9.98595E-05 9.98595E-05 9.98595E-05 0.190513 9.98595E-05 9.98595E-05 9.98595E-05 9.98595E-05 0.31203 9.98595E-05 9.98595E-05 9.98595E-05 9.98595E-05 9.98595E-05 9.98595E-05 9.98595E-05 0.44776 0.0480987 9.98595E-05
9.98682E-05 9.98682E-05 9.98682E-05 0.00585926 0.015413 9.98682E-05 9.98682E-05 9.98682E-05 9.98682E-05 0.115534 9.98682E-05 9.98682E-05 0.0202027 9.98682E-05 9.98682E-05 9.98682E-05 9.98682E-05 0.841493 9.98682E-05 9.98682E-05
9.98685E-05 9.98685E-05 9.98685E-05 9.98685E-05 9.98685E-05 9.98685E-05 9.98685E-05 9.98685E-05 9.98685E-05 0.778251 0.00859312 9.98685E-05 9.98685E-05 9.98685E-05 9.98685E-05 0.10323 9.98685E-05 0.0932735 0.0151539 9.98685E-05
9.98772E-05 9.98772E-05 9.98772E-05 9.98772E-05 0.200544 9.98772E-05 9.98772E-05 9.98772E-05 9.98772E-05 0.295881 0.145618 9.98772E-05 9.98772E-05 9.98772E-05 9.98772E-05 0.0257873 9.98772E-05 0.290555 0.0402171 9.98772E-05
9.9833E-05 9.9833E-05 9.9833E-05 9.9833E-05 9.9833E-05 9.9833E-05 9.9833E-05 9.9833E-05 9.9833E-05 9.9833E-05 9.9833E-05 9.9833E-05 9.9833E-05 9.9833E-05 9.9833E-05 9.9833E-05 9.9833E-05 9.9833E-05 0.998103 9.9833E-05
9.98329E-05 9.98329E-05 9.98329E-05 9.98329E-05 0.998103 9.98329E-05 9.98329E-05 9.98329E-05 9.98329E-05 9.98329E-05 9.98329E-05 9.98329E-05 9.98329E-05 9.98329E-05 9.98329E-05 9.98329E-05 9.98329E-05 9.98329E-05 9.98329E-05 9.98329E-05
9.98329E-05 9.98329E-05 9.98329E-05 9.98329E-05 9.98329E-05 9.98329E-05 9.98329E-05 9.98329E-05 9.98329E-05 9.98329E-05 9.98329E-05 9.98329E-05 9.98329E-05 9.98329E-05 9.98329E-05 9.98329E-05 9.98329E-05 9.98329E-05 0.998103 9.98329E-05
9.98331E-05 9.98331E-05 9.98331E-05 9.98331E-05 0.998103 9.98331E-05 9.98331E-05 9.98331E-05 9.98331E-05 9.98331E-05 9.98331E-05 9.98331E-05 9.98331E-05 9.98331E-05 9.98331E-05 9.98331E-05 9.98331E-05 9.98331E-05 9.98331E-05 9.98331E-05
9.98329E-05 9.98329E-05 9.98329E-05 9.98329E-05 0.998103 9.98329E-05 9.98329E-05 9.98329E-05 9.98329E-05 9.98329E-05 9.98329E-05 9.98329E-05 9.98329E-05 9.98329E-05 9.98329E-05 9.98329E-05 9.98329E-05 9.98329E-05 9.98329E-05 9.98329E-05
9.98331E-05 9.98331E-05 9.98331E-05 9.98331E-05 0.998103 9.98331E-05 9.98331E-05 9.98331E-05 9.98331E-05 9.98331E-05 9.98331E-05 9.98331E-05 9.98331E-05 9.98331E-05 9.98331E-05 9.98331E-05 9.98331E-05 9.98331E-05 9.98331E-05 9.98331E-05
9.9833E-05 9.9833E-05 9.9833E-05 9.9833E-05 9.9833E-05 9.9833E-05 9.9833E-05 9.9833E-05 9.9833E-05 9.9833E-05 9.9833E-05 9.9833E-05 9.9833E-05 9.9833E-05 9.9833E-05 9.9833E-05 9.9833E-05 9.9833E-05 0.998103 9.9833E-05
9.9833E-05 9.9833E-05 9.9833E-05 9.9833E-05 0.998103 9.9833E-05 9.9833E-05 9.9833E-05 9.9833E-05 9.9833E-05 9.9833E-05 9.9833E-05 9.9833E-05 9.9833E-05 9.9833E-05 9.9833E-05 9.9833E-05 9.9833E-05 9.9833E-05 9.9833E-05
9.9833E-05 9.9833E-05 9.9833E-05 9.9833E-05 0.998103 9.9833E-05 9.9833E-05 9.9833E-05 9.9833E-05 9.9833E-05 9.9833E-05 9.9833E-05 9.9833E-05 9.9833E-05 9.9833E-05 9.9833E-05 9.9833E-05 9.9833E-05 9.9833E-05 9.9833E-05
9.9833E-05 9.9833E-05 9.9833E-05 9.9833E-05 9.9833E-05 9.9833E-05 9.9833E-05 9.9833E-05 9.9833E-05 9.9833E-05 9.9833E-05 9.9833E-05 9.9833E-05 9.9833E-05 9.9833E-05 9.9833E-05 9.9833E-05 9.9833E-05 0.998103 9.9833E-05
9.9833E-05 9.9833E-05 9.9833E-05 9.9833E-05 9.9833E-05 9.9833E-05 9.9833E-05 9.9833E-05 9.9833E-05 9.9833E-05 9.9833E-05 9.9833E-05 9.9833E-05 9.9833E-05 9.9833E-05 9.9833E-05 9.9833E-05 9.9833E-05 0.998103 9.9833E-05
9.9833E-05 9.9833E-05 9.9833E-05 9.9833E-05 9.9833E-05 9.9833E-05 9.9833E-05 9.9833E-05 9.9833E-05 9.9833E-05 9.9833E-05 9.9833E-05 9.9833E-05 9.9833E-05 9.9833E-05 9.9833E-05 9.9833E-05 9.9833E-05 0.998103 9.9833E-05
9.98331E-05 9.98331E-05 9.98331E-05 9.98331E-05 0.998103 9.98331E-05 9.98331E-05 9.98331E-05 9.98331E-05 9.98331E-05 9.98331E-05 9.98331E-05 9.98331E-05 9.98331E-05 9.98331E-05 9.98331E-05 9.98331E-05 9.98331E-05 9.98331E-05 9.98331E-05
9.9833E-05 9.9833E-05 9.9833E-05 9.9833E-05 0.998103 9.9833E-05 9.9833E-05 9.9833E-05 9.9833E-05 9.9833E-05 9.9833E-05 9.9833E-05 9.9833E-05 9.9833E-05 9.9833E-05 9.9833E-05 9.9833E-05 9.9833E-05 9.9833E-05 9.9833E-05
9.98331E-05 9.98331E-05 9.98331E-05 9.98331E-05 9.98331E-05 9.98331E-05 9.98331E-05 9.98331E-05 9.98331E-05 9.98331E-05 9.98331E-05 9.98331E-05 9.98331E-05 9.98331E-05 9.98331E-05 9.98331E-05 9.98331E-05 9.98331E-05 0.998103 9.98331E-05
9.9833E-05 9.9833E-05 9.9833E-05 9.9833E-05 9.9833E-05 9.9833E-05 9.9833E-05 9.9833E-05 9.9833E-05 9.9833E-05 9.9833E-05 9.9833E-05 9.9833E-05 9.9833E-05 9.9833E-05 9.9833E-05 9.9833E-05 9.9833E-05 0.998103 9.9833E-05
0.0498738 9.9877E-05 9.9877E-05 9.9877E-05 0.000926043 9.9877E-05 9.9877E-05 9.9877E-05 9.9877E-05 0.614759 9.9877E-05 9.9877E-05 9.9877E-05 0.0463968 0.230803 9.9877E-05 9.9877E-05 9.9877E-05 0.0558431 9.9877E-05
9.98331E-05 9.98331E-05 9.98331E-05 9.98331E-05 9.98331E-05 9.98331E-05 9.98331E-05 9.98331E-05 9.98331E-05 9.98331E-05 9.98331E-05 9.98331E-05 9.98331E-05 9.98331E-05 9.98331E-05 9.98331E-05 9.98331E-05 9.98331E-05 0.998103 9.98331E-05
9.98331E-05 9.98331E-05 9.98331E-05 9.98331E-05 0.998103 9.98331E-05 9.98331E-05 9.98331E-05 9.98331E-05 9.98331E-05 9.98331E-05 9.98331E-05 9.98331E-05 9.98331E-05 9.98331E-05 9.98331E-05 9.98331E-05 9.98331E-05 9.98331E-05 9.98331E-05
9.98329E-05 9.98329E-05 9.98329E-05 9.98329E-05 9.98329E-05 9.98329E-05 9.98329E-05 9.98329E-05 9.98329E-05 9.98329E-05 9.98329E-05 9.98329E-05 9.98329E-05 9.98329E-05 9.98329E-05 9.98329E-05 9.98329E-05 9.98329E-05 0.998103 9.98329E-05
9.9833E-05 9.9833E-05 9.9833E-05 9.9833E-05 9.9833E-05 9.9833E-05 9.9833E-05 9.9833E-05 9.9833E-05 9.9833E-05 9.9833E-05 9.9833E-05 9.9833E-05 9.9833E-05 9.9833E-05 9.9833E-05 9.9833E-05 9.9833E-05 0.998103 9.9833E-05
9.9833E-05 9.9833E-05 9.9833E-05 9.9833E-05 9.9833E-05 9.9833E-05 9.9833E-05 9.9833E-05 9.9833E-05 9.9833E-05 9.9833E-05 9.9833E-05 9.9833E-05 9.9833E-05 9.9833E-05 9.9833E-05 9.9833E-05 9.9833E-05 0.998103 9.9833E-05
9.9833E-05 9.9833E-05 9.9833E-05 9.9833E-05 0.998103 9.9833E-05 9.9833E-05 9.9833E-05 9.9833E-05 9.9833E-05 9.9833E-05 9.9833E-05 9.9833E-05 9.9833E-05 9.9833E-05 9.9833E-05 9.9833E-05 9.9833E-05 9.9833E-05 9.9833E-05
9.9833E-05 9.9833E-05 9.9833E-05 9.9833E-05 9.9833E-05 9.9833E-05 9.9833E-05 9.9833E-05 9.9833E-05 9.9833E-05 9.9833E-05 9.9833E-05 9.9833E-05 9.9833E-05 9.9833E-05 9.9833E-05 9.9833E-05 9.9833E-05 0.998103 9.9833E-05
9.9833E-05 9.9833E-05 9.9833E-05 9.9833E-05 0.998103 9.9833E-05 9.9833E-05 9.9833E-05 9.9833E-05 9.9833E-05 9.9833E-05 9.9833E-05 9.9833E-05 9.9833E-05 9.9833E-05 9.9833E-05 9.9833E-05 9.9833E-05 9.9833E-05 9.9833E-05
9.9833E-05 9.9833E-05 9.9833E-05 9.9833E-05 9.9833E-05 9.9833E-05 9.9833E-05 9.9833E-05 9.9833E-05 9.9833E-05 9.9833E-05 9.9833E-05 9.9833E-05 9.9833E-05 9.9833E-05 9.9833E-05 9.9833E-05 9.9833E-05 0.998103 9.9833E-05
9.9833E-05 9.9833E-05 9.9833E-05 9.9833E-05 9.9833E-05 9.9833E-05 9.9833E-05 9.9833E-05 9.9833E-05 9.9833E-05 9.9833E-05 9.9833E-05 9.9833E-05 9.9833E-05 9.9833E-05 9.9833E-05 9.9833E-05 9.9833E-05 0.998103 9.9833E-05
9.98331E-05 9.98331E-05 9.98331E-05 9.98331E-05 0.998103 9.98331E-05 9.98331E-05 9.98331E-05 9.98331E-05 9.98331E-05 9.98331E-05 9.98331E-05 9.98331E-05 9.98331E-05 9.98331E-05 9.98331E-05 9.98331E-05 9.98331E-05 9.98331E-05 9.98331E-05
