0.0878509 9.9842E-05 9.9842E-05 0.0993429 0.0089033 0.00227524 0.294874 9.9842E-05 9.9842E-05 9.9842E-05 9.9842E-05 9.9842E-05 9.9842E-05 0.01772 9.9842E-05 9.9842E-05 9.9842E-05 9.9842E-05 0.0732156 9.9842E-05 9.9842E-05 9.9842E-05 9.9842E-05 0.136067 0.277955 9.9842E-05 9.9842E-05
0.0589675 9.98071E-05 9.98071E-05 9.98071E-05 9.98071E-05 0.00398856 0.433325 9.98071E-05 9.98071E-05 9.98071E-05 9.98071E-05 9.98071E-05 9.98071E-05 9.98071E-05 9.98071E-05 9.98071E-05 9.98071E-05 9.98071E-05 9.98071E-05 9.98071E-05 9.98071E-05 9.98071E-05 9.98071E-05 0.30721 0.194313 9.98071E-05 9.98071E-05
9.97983E-05 9.97983E-05 0.0370855 9.97983E-05 9.97983E-05 9.97983E-05 0.822994 9.97983E-05 9.97983E-05 9.97983E-05 9.97983E-05 9.97983E-05 9.97983E-05 9.97983E-05 9.97983E-05 9.97983E-05 9.97983E-05 0.0572032 9.97983E-05 9.97983E-05 9.97983E-05 9.97983E-05 9.97983E-05 0.0804218 9.97983E-05 9.97983E-05 9.97983E-05
9.98596E-05 9.98596E-05 0.116682 0.141275 9.98596E-05 0.0290976 0.169483 0.0911842 9.98596E-05 9.98596E-05 9.98596E-05 0.0273782 9.98596E-05 0.0381075 0.00862628 0.184218 9.98596E-05 9.98596E-05 9.98596E-05 9.98596E-05 0.0686124 9.98596E-05 9.98596E-05 0.123738 9.98596E-05 9.98596E-05 9.98596E-05
9.97984E-05 9.97984E-05 9.97984E-05 9.97984E-05 9.97984E-05 9.97984E-05 0.0956589 9.97984E-05 9.97984E-05 9.97984E-05 9.97984E-05 9.97984E-05 9.97984E-05 9.97984E-05 9.97984E-05 9.97984E-05 9.97984E-05 0.00621513 9.97984E-05 9.97984E-05 9.97984E-05 9.97984E-05 9.97984E-05 0.663305 9.97984E-05 9.97984E-05 0.232526
9.98159E-05 9.98159E-05 9.98159E-05 9.98159E-05 9.98159E-05 9.98159E-05 0.16942 9.98159E-05 9.98159E-05 9.98159E-05 9.98159E-05 9.98159E-05 9.98159E-05 9.98159E-05 9.98159E-05 9.98159E-05 0.131036 0.0862737 9.98159E-05 0.101555 9.98159E-05 9.98159E-05 9.98159E-05 9.98159E-05 0.314038 9.98159E-05 0.195581
0.129076 9.98509E-05 9.98509E-05 0.0361467 9.98509E-05 0.0726298 0.0402986 9.98509E-05 9.98509E-05 0.0662586 9.98509E-05 9.98509E-05 9.98509E-05 9.98509E-05 0.0368986 0.116199 0.140239 9.98509E-05 9.98509E-05 9.98509E-05 9.98509E-05 9.98509E-05 9.98509E-05 0.153697 0.206859 9.98509E-05 9.98509E-05
9.98422E-05 9.98422E-05 9.98422E-05 0.131969 9.98422E-05 9.98422E-05 9.98422E-05 0.125255 9.98422E-05 9.98422E-05 9.98422E-05 9.98422E-05 9.98422E-05 9.98422E-05 9.98422E-05 9.98422E-05 0.0201173 0.060708 0.0434625 0.132156 9.98422E-05 9.98422E-05 9.98422E-05 0.206625 0.186809 0.0911008 9.98422E-05
9.98333E-05 9.98333E-05 9.98333E-05 0.0132126 0.0976985 9.98333E-05 0.100188 9.98333E-05 9.98333E-05 9.98333E-05 9.98333E-05 9.98333E-05 9.98333E-05 0.218842 9.98333E-05 9.98333E-05 9.98333E-05 9.98333E-05 9.98333E-05 0.201391 0.110385 9.98333E-05 9.98333E-05 0.180262 9.98333E-05 9.98333E-05 0.0761232
9.97808E-05 9.97808E-05 9.97808E-05 9.97808E-05 9.97808E-05 9.97808E-05 0.953297 9.97808E-05 9.97808E-05 9.97808E-05 9.97808E-05 9.97808E-05 9.97808E-05 9.97808E-05 9.97808E-05 9.97808E-05 9.97808E-05 9.97808E-05 9.97808E-05 9.97808E-05 9.97808E-05 0.0442084 9.97808E-05 9.97808E-05 9.97808E-05 9.97808E-05 9.97808E-05
9.98246E-05 9.98246E-05 9.98246E-05 0.0714004 9.98246E-05 0.155909 0.522162 9.98246E-05 9.98246E-05 9.98246E-05 9.98246E-05 9.98246E-05 9.98246E-05 0.124962 9.98246E-05 9.98246E-05 9.98246E-05 9.98246E-05 9.98246E-05 0.0316506 9.98246E-05 9.98246E-05 9.98246E-05 0.0636607 0.0282596 9.98246E-05 9.98246E-05
9.97721E-05 9.97721E-05 9.97721E-05 9.97721E-05 9.97721E-05 9.97721E-05 0.997406 9.97721E-05 9.97721E-05 9.97721E-05 9.97721E-05 9.97721E-05 9.97721E-05 9.97721E-05 9.97721E-05 9.97721E-05 9.97721E-05 9.97721E-05 9.97721E-05 9.97721E-05 9.97721E-05 9.97721E-05 9.97721E-05 9.97721E-05 9.97721E-05 9.97721E-05 9.97721E-05
9.97983E-05 9.97983E-05 9.97983E-05 0.0411962 9.97983E-05 9.97983E-05 9.97983E-05 9.97983E-05 9.97983E-05 9.97983E-05 9.97983E-05 9.97983E-05 9.97983E-05 0.0824278 9.97983E-05 9.97983E-05 9.97983E-05 9.97983E-05 9.97983E-05 0.0277492 9.97983E-05 9.97983E-05 9.97983E-05 0.846331 9.97983E-05 9.97983E-05 9.97983E-05
9.98158E-05 0.153793 9.98158E-05 0.0284095 9.98158E-05 9.98158E-05 9.98158E-05 9.98158E-05 9.98158E-05 9.98158E-05 9.98158E-05 9.98158E-05 9.98158E-05 0.0539941 9.98158E-05 9.98158E-05 9.98158E-05 0.0840833 9.98158E-05 9.98158E-05 9.98158E-05 9.98158E-05 9.98158E-05 0.658191 9.98158E-05 0.0194326 9.98158E-05
0.00417732 9.98508E-05 9.98508E-05 0.016452 9.98508E-05 9.98508E-05 0.304278 9.98508E-05 0.15801 9.98508E-05 0.0802904 9.98508E-05 9.98508E-05 0.0521153 9.98508E-05 9.98508E-05 0.0297235 9.98508E-05 9.98508E-05 0.0824749 0.0766919 9.98508E-05 9.98508E-05 9.98508E-05 0.19409 9.98508E-05 9.98508E-05
9.98245E-05 9.98245E-05 9.98245E-05 0.0820389 9.98245E-05 9.98245E-05 9.98245E-05 9.98245E-05 9.98245E-05 9.98245E-05 9.98245E-05 9.98245E-05 9.98245E-05 0.0976489 9.98245E-05 0.146375 9.98245E-05 9.98245E-05 9.98245E-05 0.127625 9.98245E-05 9.98245E-05 9.98245E-05 0.211774 0.256502 0.0760394 9.98245E-05
9.98421E-05 9.98421E-05 9.98421E-05 0.0105121 9.98421E-05 0.0316332 0.533654 9.98421E-05 0.21906 9.98421E-05 9.98421E-05 9.98421E-05 0.0347439 0.0878708 9.98421E-05 9.98421E-05 9.98421E-05 9.98421E-05 0.00072893 9.98421E-05 0.040638 9.98421E-05 9.98421E-05 0.0393619 9.98421E-05 9.98421E-05 9.98421E-05
9.98334E-05 9.98334E-05 9.98334E-05 0.131066 9.98334E-05 9.98334E-05 0.00919353 9.98334E-05 9.98334E-05 9.98334E-05 9.98334E-05 0.0994502 9.98334E-05 0.122086 9.98334E-05 9.98334E-05 9.98334E-05 9.98334E-05 9.98334E-05 0.00922005 9.98334E-05 0.124453 9.98334E-05 0.135837 0.366797 9.98334E-05 9.98334E-05
9.98332E-05 9.98332E-05 9.98332E-05 0.169305 9.98332E-05 9.98332E-05 0.385823 9.98332E-05 9.98332E-05 9.98332E-05 0.0737105 9.98332E-05 9.98332E-05 0.168828 9.98332E-05 9.98332E-05 0.115544 9.98332E-05 0.00518126 0.0450694 9.98332E-05 9.98332E-05 9.98332E-05 9.98332E-05 0.0346421 9.98332E-05 9.98332E-05
9.97807E-05 9.97807E-05 9.97807E-05 9.97807E-05 9.97807E-05 9.97807E-05 0.0939983 9.97807E-05 9.97807E-05 9.97807E-05 9.97807E-05 9.97807E-05 9.97807E-05 9.97807E-05 9.97807E-05 9.97807E-05 9.97807E-05 9.97807E-05 9.97807E-05 9.97807E-05 9.97807E-05 9.97807E-05 9.97807E-05 0.903507 9.97807E-05 9.97807E-05 9.97807E-05
9.98245E-05 9.98245E-05 0.103874 9.98245E-05 9.98245E-05 0.0274747 9.98245E-05 0.232025 9.98245E-05 9.98245E-05 9.98245E-05 9.98245E-05 9.98245E-05 9.98245E-05 9.98245E-05 9.98245E-05 9.98245E-05 9.98245E-05 9.98245E-05 0.0272311 0.0421823 9.98245E-05 9.98245E-05 0.479157 9.98245E-05 0.0860602 9.98245E-05
9.98421E-05 9.98421E-05 9.98421E-05 0.317499 9.98421E-05 9.98421E-05 0.250551 0.0230492 9.98421E-05 0.0908564 9.98421E-05 9.98421E-05 0.00364529 9.98421E-05 9.98421E-05 9.98421E-05 0.0811292 0.067403 9.98421E-05 0.132677 9.98421E-05 9.98421E-05 9.98421E-05 9.98421E-05 9.98421E-05 9.98421E-05 0.0313922
9.9807E-05 9.9807E-05 9.9807E-05 9.9807E-05 9.9807E-05 0.0431677 9.9807E-05 9.9807E-05 9.9807E-05 9.9807E-05 9.9807E-05 9.9807E-05 9.9807E-05 0.0572252 9.9807E-05 9.9807E-05 9.9807E-05 9.9807E-05 9.9807E-05 9.9807E-05 9.9807E-05 9.9807E-05 9.9807E-05 0.663621 0.152742 9.9807E-05 0.0810491
9.98334E-05 9.98334E-05 9.98334E-05 0.250176 0.0154774 9.98334E-05 0.091922 9.98334E-05 9.98334E-05 9.98334E-05 9.98334E-05 9.98334E-05 9.98334E-05 0.288276 9.98334E-05 9.98334E-05 9.98334E-05 9.98334E-05 0.0299319 9.98334E-05 9.98334E-05 9.98334E-05 9.98334E-05 0.227319 0.0853436 0.00965721 9.98334E-05
9.98596E-05 9.98596E-05 0.048256 0.0893889 0.0368532 9.98596E-05 0.278926 9.98596E-05 9.98596E-05 9.98596E-05 9.98596E-05 0.102503 0.00155837 0.199441 9.98596E-05 0.0382904 9.98596E-05 9.98596E-05 9.98596E-05 0.161196 9.98596E-05 9.98596E-05 9.98596E-05 0.0273635 9.98596E-05 0.014625 9.98596E-05
9.98245E-05 9.98245E-05 0.0450729 0.0366621 9.98245E-05 9.98245E-05 0.57004 9.98245E-05 9.98245E-05 9.98245E-05 9.98245E-05 9.98245E-05 9.98245E-05 0.113053 9.98245E-05 0.0294032 9.98245E-05 0.00946107 9.98245E-05 9.98245E-05 9.98245E-05 9.98245E-05 9.98245E-05 0.194311 9.98245E-05 9.98245E-05 9.98245E-05
9.9842E-05 9.9842E-05 0.170286 0.254427 0.0272739 0.0189428 9.9842E-05 9.9842E-05 9.9842E-05 0.071936 0.239408 9.9842E-05 9.9842E-05 0.0709307 9.9842E-05 9.9842E-05 9.9842E-05 9.9842E-05 9.9842E-05 9.9842E-05 9.9842E-05 0.0710442 9.9842E-05 9.9842E-05 9.9842E-05 0.0739546 9.9842E-05
9.98159E-05 9.98159E-05 0.0694551 0.0414021 9.98159E-05 9.98159E-05 9.98159E-05 9.98159E-05 9.98159E-05 9.98159E-05 0.0290065 9.98159E-05 9.98159E-05 0.0197766 9.98159E-05 0.0798282 9.98159E-05 9.98159E-05 9.98159E-05 9.98159E-05 9.98159E-05 9.98159E-05 9.98159E-05 0.758435 9.98159E-05 9.98159E-05 9.98159E-05
9.97984E-05 9.97984E-05 0.143619 9.97984E-05 9.97984E-05 9.97984E-05 0.60256 9.97984E-05 9.97984E-05 9.97984E-05 0.177847 9.97984E-05 9.97984E-05 0.0736779 9.97984E-05 9.97984E-05 9.97984E-05 9.97984E-05 9.97984E-05 9.97984E-05 9.97984E-05 9.97984E-05 9.97984E-05 9.97984E-05 9.97984E-05 9.97984E-05 9.97984E-05
9.98247E-05 9.98247E-05 0.041429 9.98247E-05 9.98247E-05 9.98247E-05 0.629666 9.98247E-05 9.98247E-05 0.0180219 9.98247E-05 9.98247E-05 9.98247E-05 0.0556942 9.98247E-05 9.98247E-05 9.98247E-05 9.98247E-05 9.98247E-05 0.0272418 9.98247E-05 9.98247E-05 0.0347594 0.191192 9.98247E-05 9.98247E-05 9.98247E-05
9.98421E-05 9.98421E-05 9.98421E-05 0.0368938 9.98421E-05 0.100124 0.253556 9.98421E-05 9.98421E-05 9.98421E-05 0.164846 9.98421E-05 9.98421E-05 9.98421E-05 9.98421E-05 9.98421E-05 0.0749577 9.98421E-05 9.98421E-05 0.0115374 9.98421E-05 0.0132237 9.98421E-05 0.323881 0.0191842 9.98421E-05 9.98421E-05
9.98509E-05 9.98509E-05 0.0957915 0.0238551 9.98509E-05 0.0843725 9.98509E-05 9.98509E-05 0.154494 9.98509E-05 0.100069 9.98509E-05 9.98509E-05 0.0617656 9.98509E-05 9.98509E-05 0.00298941 9.98509E-05 9.98509E-05 9.98509E-05 0.0634506 9.98509E-05 9.98509E-05 0.368753 9.98509E-05 9.98509E-05 0.0427611
9.98421E-05 9.98421E-05 0.0169178 9.98421E-05 9.98421E-05 0.0981487 0.442322 9.98421E-05 9.98421E-05 9.98421E-05 0.0338686 9.98421E-05 9.98421E-05 0.196678 9.98421E-05 0.0311998 9.98421E-05 9.98421E-05 9.98421E-05 9.98421E-05 9.98421E-05 9.98421E-05 9.98421E-05 0.0276988 0.04126 0.110108 9.98421E-05
9.98333E-05 9.98333E-05 0.0588697 0.126032 9.98333E-05 9.98333E-05 0.533543 9.98333E-05 9.98333E-05 9.98333E-05 9.98333E-05 9.98333E-05 9.98333E-05 0.0802158 0.007303 9.98333E-05 0.0446443 9.98333E-05 9.98333E-05 9.98333E-05 9.98333E-05 9.98333E-05 0.100709 9.98333E-05 9.98333E-05 9.98333E-05 0.0467855
0.0834143 9.97986E-05 9.97986E-05 9.97986E-05 9.97986E-05 9.97986E-05 0.860091 9.97986E-05 9.97986E-05 9.97986E-05 0.0243157 0.029884 9.97986E-05 9.97986E-05 9.97986E-05 9.97986E-05 9.97986E-05 9.97986E-05 9.97986E-05 9.97986E-05 9.97986E-05 9.97986E-05 9.97986E-05 9.97986E-05 9.97986E-05 9.97986E-05 9.97986E-05
9.98246E-05 9.98246E-05 9.98246E-05 0.0265911 9.98246E-05 0.0288574 0.48531 9.98246E-05 9.98246E-05 0.190188 9.98246E-05 9.98246E-05 9.98246E-05 9.98246E-05 9.98246E-05 0.125392 9.98246E-05 9.98246E-05 0.049223 9.98246E-05 9.98246E-05 9.98246E-05 9.98246E-05 0.0924415 9.98246E-05 9.98246E-05 9.98246E-05
9.97985E-05 9.97985E-05 9.97985E-05 9.97985E-05 9.97985E-05 9.97985E-05 9.97985E-05 9.97985E-05 9.97985E-05 9.97985E-05 0.00138074 9.97985E-05 9.97985E-05 9.97985E-05 0.00940431 9.97985E-05 0.0796649 9.97985E-05 9.97985E-05 9.97985E-05 9.97985E-05 9.97985E-05 9.97985E-05 0.907255 9.97985E-05 9.97985E-05 9.97985E-05
0.030717 9.98335E-05 9.98335E-05 9.98335E-05 9.98335E-05 9.98335E-05 0.387652 9.98335E-05 0.0165388 9.98335E-05 9.98335E-05 0.079935 9.98335E-05 0.0500741 9.98335E-05 9.98335E-05 9.98335E-05 9.98335E-05 9.98335E-05 0.133305 9.98335E-05 9.98335E-05 9.98335E-05 0.286083 9.98335E-05 9.98335E-05 0.0137983
0.0131233 9.98334E-05 9.98334E-05 0.0209983 9.98334E-05 0.0222619 0.624802 9.98334E-05 9.98334E-05 9.98334E-05 9.98334E-05 9.98334E-05 9.98334E-05 0.139389 9.98334E-05 9.98334E-05 9.98334E-05 0.0733512 9.98334E-05 0.0119116 9.98334E-05 9.98334E-05 0.0922664 9.98334E-05 9.98334E-05 9.98334E-05 9.98334E-05
9.98333E-05 0.0639611 0.0162076 0.00553957 9.98333E-05 9.98333E-05 0.622165 9.98333E-05 9.98333E-05 9.98333E-05 9.98333E-05 9.98333E-05 9.98333E-05 0.116112 9.98333E-05 9.98333E-05 0.0217111 9.98333E-05 9.98333E-05 9.98333E-05 9.98333E-05 9.98333E-05 9.98333E-05 9.98333E-05 9.98333E-05 0.110931 0.0414762
9.97808E-05 9.97808E-05 9.97808E-05 9.97808E-05 9.97808E-05 9.97808E-05 0.927958 9.97808E-05 9.97808E-05 0.069547 9.97808E-05 9.97808E-05 9.97808E-05 9.97808E-05 9.97808E-05 9.97808E-05 9.97808E-05 9.97808E-05 9.97808E-05 9.97808E-05 9.97808E-05 9.97808E-05 9.97808E-05 9.97808E-05 9.97808E-05 9.97808E-05 9.97808E-05
9.98072E-05 9.98072E-05 9.98072E-05 0.114492 9.98072E-05 9.98072E-05 0.691928 9.98072E-05 9.98072E-05 9.98072E-05 0.135718 9.98072E-05 9.98072E-05 0.0380452 9.98072E-05 9.98072E-05 9.98072E-05 9.98072E-05 9.98072E-05 0.0176216 9.98072E-05 9.98072E-05 9.98072E-05 9.98072E-05 9.98072E-05 9.98072E-05 9.98072E-05
9.97982E-05 9.97982E-05 9.97982E-05 9.97982E-05 9.97982E-05 9.97982E-05 9.97982E-05 9.97982E-05 9.97982E-05 0.200122 9.97982E-05 9.97982E-05 9.97982E-05 9.97982E-05 9.97982E-05 9.97982E-05 0.000761375 9.97982E-05 9.97982E-05 9.97982E-05 9.97982E-05 9.97982E-05 0.0785222 0.718299 9.97982E-05 9.97982E-05 9.97982E-05
9.98334E-05 9.98334E-05 9.98334E-05 0.0374376 0.0485829 0.0396123 0.418532 9.98334E-05 9.98334E-05 9.98334E-05 9.98334E-05 9.98334E-05 9.98334E-05 0.122222 9.98334E-05 9.98334E-05 9.98334E-05 9.98334E-05 9.98334E-05 0.0646743 9.98334E-05 0.00937227 9.98334E-05 9.98334E-05 0.25767 9.98334E-05 9.98334E-05
9.98158E-05 9.98158E-05 9.98158E-05 0.440174 9.98158E-05 9.98158E-05 0.0195684 9.98158E-05 9.98158E-05 9.98158E-05 9.98158E-05 9.98158E-05 9.98158E-05 0.163038 9.98158E-05 0.0803225 9.98158E-05 0.070591 9.98158E-05 9.98158E-05 9.98158E-05 9.98158E-05 9.98158E-05 0.22421 9.98158E-05 9.98158E-05 9.98158E-05
9.98158E-05 9.98158E-05 9.98158E-05 9.98158E-05 9.98158E-05 9.98158E-05 0.952831 0.00211938 9.98158E-05 9.98158E-05 9.98158E-05 0.0224721 9.98158E-05 0.0105566 9.98158E-05 0.00736901 9.98158E-05 9.98158E-05 9.98158E-05 0.00255549 9.98158E-05 9.98158E-05 9.98158E-05 9.98158E-05 9.98158E-05 9.98158E-05 9.98158E-05
9.9798E-05 9.9798E-05 9.9798E-05 9.9798E-05 9.9798E-05 9.9798E-05 9.9798E-05 9.9798E-05 9.9798E-05 9.9798E-05 9.9798E-05 9.9798E-05 9.9798E-05 0.00690622 9.9798E-05 0.0125559 9.9798E-05 9.9798E-05 9.9798E-05 9.9798E-05 9.9798E-05 0.0250172 9.9798E-05 0.953225 9.9798E-05 9.9798E-05 9.9798E-05
9.97896E-05 9.97896E-05 9.97896E-05 9.97896E-05 9.97896E-05 9.97896E-05 0.951837 9.97896E-05 9.97896E-05 9.97896E-05 9.97896E-05 9.97896E-05 9.97896E-05 9.97896E-05 0.0050195 9.97896E-05 9.97896E-05 0.0407484 9.97896E-05 9.97896E-05 9.97896E-05 9.97896E-05 9.97896E-05 9.97896E-05 9.97896E-05 9.97896E-05 9.97896E-05
9.9842E-05 9.9842E-05 0.0158202 0.144071 9.9842E-05 0.0259413 9.9842E-05 9.9842E-05 9.9842E-05 9.9842E-05 0.0323134 9.9842E-05 9.9842E-05 0.0715107 9.9842E-05 9.9842E-05 0.0103686 9.9842E-05 0.00643275 9.9842E-05 9.9842E-05 9.9842E-05 9.9842E-05 0.582375 0.109369 9.9842E-05 9.9842E-05
0.0127599 9.98075E-05 9.98075E-05 9.98075E-05 9.98075E-05 9.98075E-05 9.98075E-05 9.98075E-05 9.98075E-05 9.98075E-05 9.98075E-05 9.98075E-05 0.0318237 9.98075E-05 0.035042 9.98075E-05 9.98075E-05 9.98075E-05 9.98075E-05 9.98075E-05 9.98075E-05 0.0900732 9.98075E-05 0.828105 9.98075E-05 9.98075E-05 9.98075E-05
9.98332E-05 9.98332E-05 0.117491 9.98332E-05 0.0319109 0.0847749 9.98332E-05 0.0489301 9.98332E-05 9.98332E-05 0.162276 9.98332E-05 9.98332E-05 0.150871 9.98332E-05 9.98332E-05 9.98332E-05 9.98332E-05 9.98332E-05 0.0249885 9.98332E-05 9.98332E-05 9.98332E-05 0.376861 9.98332E-05 9.98332E-05 9.98332E-05
9.98071E-05 9.98071E-05 9.98071E-05 0.1494 9.98071E-05 9.98071E-05 0.635268 9.98071E-05 9.98071E-05 9.98071E-05 9.98071E-05 0.0362762 9.98071E-05 9.98071E-05 9.98071E-05 0.153571 9.98071E-05 9.98071E-05 9.98071E-05 9.98071E-05 9.98071E-05 9.98071E-05 9.98071E-05 9.98071E-05 9.98071E-05 0.0232897 9.98071E-05
9.97897E-05 9.97897E-05 0.0516534 9.97897E-05 9.97897E-05 9.97897E-05 0.894558 9.97897E-05 9.97897E-05 9.97897E-05 9.97897E-05 9.97897E-05 9.97897E-05 9.97897E-05 9.97897E-05 9.97897E-05 9.97897E-05 9.97897E-05 9.97897E-05 9.97897E-05 9.97897E-05 0.0513934 9.97897E-05 9.97897E-05 9.97897E-05 9.97897E-05 9.97897E-05
9.98423E-05 0.0886025 9.98423E-05 0.00320036 9.98423E-05 0.00808271 0.279224 9.98423E-05 9.98423E-05 9.98423E-05 9.98423E-05 0.031461 9.98423E-05 9.98423E-05 9.98423E-05 9.98423E-05 9.98423E-05 0.0358001 9.98423E-05 9.98423E-05 9.98423E-05 0.00806674 9.98423E-05 0.326108 9.98423E-05 0.217657 9.98423E-05
9.98336E-05 9.98336E-05 9.98336E-05 9.98336E-05 0.0619127 9.98336E-05 0.357287 9.98336E-05 9.98336E-05 9.98336E-05 0.0443472 9.98336E-05 9.98336E-05 0.0337244 0.014049 9.98336E-05 9.98336E-05 0.0238526 9.98336E-05 9.98336E-05 9.98336E-05 9.98336E-05 9.98336E-05 0.418132 0.0447973 9.98336E-05 9.98336E-05
9.97983E-05 9.97983E-05 9.97983E-05 9.97983E-05 9.97983E-05 9.97983E-05 0.809528 9.97983E-05 9.97983E-05 9.97983E-05 9.97983E-05 0.0741525 9.97983E-05 9.97983E-05 9.97983E-05 9.97983E-05 0.0696569 9.97983E-05 9.97983E-05 9.97983E-05 9.97983E-05 9.97983E-05 9.97983E-05 9.97983E-05 9.97983E-05 9.97983E-05 0.0443668
0.0713994 9.97984E-05 9.97984E-05 9.97984E-05 9.97984E-05 9.97984E-05 0.763261 9.97984E-05 9.97984E-05 9.97984E-05 9.97984E-05 9.97984E-05 9.97984E-05 9.97984E-05 9.97984E-05 9.97984E-05 0.060984 9.97984E-05 9.97984E-05 9.97984E-05 9.97984E-05 0.10206 9.97984E-05 9.97984E-05 9.97984E-05 9.97984E-05 9.97984E-05
9.97984E-05 9.97984E-05 9.97984E-05 0.00446882 9.97984E-05 9.97984E-05 9.97984E-05 9.97984E-05 9.97984E-05 9.97984E-05 9.97984E-05 9.97984E-05 9.97984E-05 0.0427599 9.97984E-05 0.0877827 9.97984E-05 9.97984E-05 9.97984E-05 9.97984E-05 9.97984E-05 9.97984E-05 9.97984E-05 0.862693 9.97984E-05 9.97984E-05 9.97984E-05
9.98159E-05 9.98159E-05 9.98159E-05 9.98159E-05 9.98159E-05 0.0685863 9.98159E-05 9.98159E-05 9.98159E-05 9.98159E-05 0.0125837 9.98159E-05 9.98159E-05 0.00886958 0.00222794 9.98159E-05 9.98159E-05 9.98159E-05 9.98159E-05 0.0327441 9.98159E-05 9.98159E-05 9.98159E-05 0.872892 9.98159E-05 9.98159E-05 9.98159E-05
9.98157E-05 9.98157E-05 0.0930641 9.98157E-05 9.98157E-05 9.98157E-05 9.98157E-05 9.98157E-05 9.98157E-05 0.0335312 9.98157E-05 9.98157E-05 9.98157E-05 0.117015 9.98157E-05 9.98157E-05 9.98157E-05 9.98157E-05 9.98157E-05 0.0246542 9.98157E-05 0.0458044 9.98157E-05 9.98157E-05 0.683835 9.98157E-05 9.98157E-05
9.97724E-05 9.97724E-05 9.97724E-05 9.97724E-05 9.97724E-05 9.97724E-05 9.97724E-05 9.97724E-05 9.97724E-05 9.97724E-05 9.97724E-05 9.97724E-05 9.97724E-05 9.97724E-05 9.97724E-05 9.97724E-05 9.97724E-05 9.97724E-05 9.97724E-05 9.97724E-05 9.97724E-05 9.97724E-05 9.97724E-05 9.97724E-05 0.997406 9.97724E-05 9.97724E-05
9.97983E-05 9.97983E-05 9.97983E-05 9.97983E-05 9.97983E-05 9.97983E-05 9.97983E-05 9.97983E-05 9.97983E-05 9.97983E-05 9.97983E-05 9.97983E-05 9.97983E-05 9.97983E-05 0.0559201 9.97983E-05 9.97983E-05 9.97983E-05 9.97983E-05 9.97983E-05 9.97983E-05 0.0719829 0.0473361 9.97983E-05 0.822466 9.97983E-05 9.97983E-05
0.25879 9.98245E-05 0.214715 9.98245E-05 9.98245E-05 9.98245E-05 9.98245E-05 9.98245E-05 9.98245E-05 0.00520128 9.98245E-05 9.98245E-05 9.98245E-05 0.0108227 0.0341504 9.98245E-05 9.98245E-05 9.98245E-05 9.98245E-05 0.0975186 9.98245E-05 9.98245E-05 9.98245E-05 9.98245E-05 0.376806 9.98245E-05 9.98245E-05
9.9833E-05 9.9833E-05 9.9833E-05 0.0733499 9.9833E-05 9.9833E-05 9.9833E-05 9.9833E-05 9.9833E-05 9.9833E-05 9.9833E-05 0.048779 9.9833E-05 0.0173692 0.01379 9.9833E-05 9.9833E-05 0.0422447 9.9833E-05 0.0425322 9.9833E-05 0.00718923 9.9833E-05 9.9833E-05 0.752849 9.9833E-05 9.9833E-05
9.98154E-05 9.98154E-05 0.0930084 0.0301893 0.0050568 9.98154E-05 9.98154E-05 9.98154E-05 9.98154E-05 9.98154E-05 9.98154E-05 9.98154E-05 9.98154E-05 0.128609 9.98154E-05 9.98154E-05 9.98154E-05 9.98154E-05 9.98154E-05 0.0390949 9.98154E-05 9.98154E-05 9.98154E-05 9.98154E-05 0.701945 9.98154E-05 9.98154E-05
0.235543 9.98069E-05 9.98069E-05 9.98069E-05 9.98069E-05 0.0150913 9.98069E-05 9.98069E-05 9.98069E-05 9.98069E-05 9.98069E-05 9.98069E-05 9.98069E-05 0.131623 9.98069E-05 0.090998 9.98069E-05 9.98069E-05 9.98069E-05 9.98069E-05 9.98069E-05 9.98069E-05 9.98069E-05 9.98069E-05 0.524548 9.98069E-05 9.98069E-05
0.0765247 9.98331E-05 0.0405687 9.98331E-05 9.98331E-05 9.98331E-05 9.98331E-05 9.98331E-05 9.98331E-05 9.98331E-05 9.98331E-05 9.98331E-05 9.98331E-05 0.04541 0.0411364 9.98331E-05 0.03923 9.98331E-05 9.98331E-05 0.0524204 9.98331E-05 0.0775025 9.98331E-05 9.98331E-05 0.625311 9.98331E-05 9.98331E-05
9.97807E-05 9.97807E-05 9.97807E-05 9.97807E-05 9.97807E-05 9.97807E-05 9.97807E-05 9.97807E-05 9.97807E-05 0.086977 9.97807E-05 9.97807E-05 9.97807E-05 9.97807E-05 9.97807E-05 9.97807E-05 9.97807E-05 9.97807E-05 9.97807E-05 9.97807E-05 9.97807E-05 9.97807E-05 9.97807E-05 9.97807E-05 0.910529 9.97807E-05 9.97807E-05
9.98068E-05 9.98068E-05 9.98068E-05 9.98068E-05 9.98068E-05 0.0197983 9.98068E-05 9.98068E-05 9.98068E-05 9.98068E-05 9.98068E-05 9.98068E-05 9.98068E-05 9.98068E-05 9.98068E-05 0.0147318 9.98068E-05 9.98068E-05 0.0188784 0.00555702 9.98068E-05 9.98068E-05 9.98068E-05 9.98068E-05 0.938839 9.98068E-05 9.98068E-05
9.98066E-05 9.98066E-05 9.98066E-05 9.98066E-05 9.98066E-05 0.130516 9.98066E-05 9.98066E-05 9.98066E-05 9.98066E-05 9.98066E-05 9.98066E-05 0.0191702 0.261099 9.98066E-05 9.98066E-05 9.98066E-05 9.98066E-05 9.98066E-05 0.0460073 9.98066E-05 9.98066E-05 9.98066E-05 9.98066E-05 0.541012 9.98066E-05 9.98066E-05
0.0554301 9.98507E-05 9.98507E-05 0.155534 9.98507E-05 0.0689366 9.98507E-05 9.98507E-05 9.98507E-05 9.98507E-05 9.98507E-05 9.98507E-05 9.98507E-05 0.033247 9.98507E-05 9.98507E-05 0.0087049 0.0229748 0.0359423 0.0109407 9.98507E-05 9.98507E-05 9.98507E-05 9.98507E-05 0.502243 0.104349 9.98507E-05
9.98332E-05 9.98332E-05 0.0199735 9.98332E-05 9.98332E-05 0.135975 9.98332E-05 0.0811741 9.98332E-05 9.98332E-05 9.98332E-05 9.98332E-05 9.98332E-05 0.00146483 9.98332E-05 9.98332E-05 9.98332E-05 9.98332E-05 0.0825092 0.045527 9.98332E-05 9.98332E-05 9.98332E-05 9.98332E-05 0.592701 0.0387791 9.98332E-05
0.0254724 9.98155E-05 9.98155E-05 0.14999 9.98155E-05 9.98155E-05 9.98155E-05 0.00792624 9.98155E-05 9.98155E-05 9.98155E-05 9.98155E-05 9.98155E-05 0.187414 9.98155E-05 9.98155E-05 0.000793673 9.98155E-05 9.98155E-05 9.98155E-05 9.98155E-05 9.98155E-05 9.98155E-05 9.98155E-05 0.626308 9.98155E-05 9.98155E-05
9.97898E-05 9.97898E-05 9.97898E-05 9.97898E-05 9.97898E-05 9.97898E-05 9.97898E-05 9.97898E-05 9.97898E-05 0.218465 9.97898E-05 9.97898E-05 9.97898E-05 9.97898E-05 9.97898E-05 9.97898E-05 9.97898E-05 9.97898E-05 9.97898E-05 9.97898E-05 9.97898E-05 9.97898E-05 9.97898E-05 9.97898E-05 0.778501 0.00063915 9.97898E-05
9.98072E-05 9.98072E-05 9.98072E-05 9.98072E-05 9.98072E-05 9.98072E-05 9.98072E-05 9.98072E-05 9.98072E-05 9.98072E-05 9.98072E-05 9.98072E-05 9.98072E-05 0.0140693 9.98072E-05 9.98072E-05 9.98072E-05 9.98072E-05 9.98072E-05 0.0257006 9.98072E-05 9.98072E-05 0.0643552 9.98072E-05 0.883325 9.98072E-05 0.0103541
9.98156E-05 9.98156E-05 0.00121893 9.98156E-05 9.98156E-05 9.98156E-05 9.98156E-05 0.00429457 9.98156E-05 9.98156E-05 9.98156E-05 9.98156E-05 9.98156E-05 9.98156E-05 0.0597874 9.98156E-05 0.110843 9.98156E-05 9.98156E-05 9.98156E-05 9.98156E-05 0.0325846 9.98156E-05 9.98156E-05 0.789175 9.98156E-05 9.98156E-05
9.98332E-05 9.98332E-05 9.98332E-05 0.0956105 9.98332E-05 0.0769158 9.98332E-05 9.98332E-05 9.98332E-05 9.98332E-05 9.98332E-05 9.98332E-05 0.017711 9.98332E-05 9.98332E-05 0.0338009 0.0248831 9.98332E-05 0.0183493 0.0230011 9.98332E-05 9.98332E-05 9.98332E-05 9.98332E-05 0.707831 9.98332E-05 9.98332E-05
9.97894E-05 9.97894E-05 9.97894E-05 9.97894E-05 9.97894E-05 9.97894E-05 9.97894E-05 9.97894E-05 9.97894E-05 9.97894E-05 9.97894E-05 9.97894E-05 9.97894E-05 0.0118979 9.97894E-05 9.97894E-05 9.97894E-05 9.97894E-05 9.97894E-05 9.97894E-05 9.97894E-05 0.0650258 9.97894E-05 9.97894E-05 0.920681 9.97894E-05 9.97894E-05
9.98067E-05 9.98067E-05 9.98067E-05 9.98067E-05 9.98067E-05 0.0467503 9.98067E-05 9.98067E-05 9.98067E-05 9.98067E-05 0.144478 9.98067E-05 9.98067E-05 0.189552 9.98067E-05 9.98067E-05 9.98067E-05 9.98067E-05 9.98067E-05 9.98067E-05 9.98067E-05 9.98067E-05 9.98067E-05 9.98067E-05 0.581643 0.0353821 9.98067E-05
9.97812E-05 9.97812E-05 9.97812E-05 9.97812E-05 9.97812E-05 9.97812E-05 9.97812E-05 9.97812E-05 9.97812E-05 9.97812E-05 9.97812E-05 9.97812E-05 9.97812E-05 9.97812E-05 9.97812E-05 9.97812E-05 9.97812E-05 9.97812E-05 9.97812E-05 9.97812E-05 9.97812E-05 9.97812E-05 0.0634663 9.97812E-05 0.934039 9.97812E-05 9.97812E-05
9.9798E-05 9.9798E-05 9.9798E-05 0.231806 9.9798E-05 9.9798E-05 9.9798E-05 9.9798E-05 9.9798E-05 9.9798E-05 0.0419748 9.9798E-05 9.9798E-05 0.0412058 9.9798E-05 9.9798E-05 9.9798E-05 9.9798E-05 9.9798E-05 9.9798E-05 9.9798E-05 9.9798E-05 9.9798E-05 9.9798E-05 0.682718 9.9798E-05 9.9798E-05
9.98072E-05 9.98072E-05 0.121476 0.0678178 9.98072E-05 0.000693635 9.98072E-05 9.98072E-05 9.98072E-05 9.98072E-05 9.98072E-05 9.98072E-05 9.98072E-05 9.98072E-05 9.98072E-05 9.98072E-05 9.98072E-05 9.98072E-05 0.00117131 9.98072E-05 9.98072E-05 9.98072E-05 9.98072E-05 9.98072E-05 0.806646 9.98072E-05 9.98072E-05
9.9842E-05 9.9842E-05 0.0281692 9.9842E-05 0.0706739 9.9842E-05 9.9842E-05 9.9842E-05 9.9842E-05 9.9842E-05 9.9842E-05 9.9842E-05 0.0623648 0.0551275 0.0331423 9.9842E-05 0.0595097 9.9842E-05 9.9842E-05 0.0158902 9.9842E-05 0.0689738 9.9842E-05 9.9842E-05 0.604351 9.9842E-05 9.9842E-05
9.97892E-05 9.97892E-05 9.97892E-05 9.97892E-05 9.97892E-05 0.0831933 9.97892E-05 9.97892E-05 9.97892E-05 9.97892E-05 9.97892E-05 9.97892E-05 9.97892E-05 9.97892E-05 9.97892E-05 9.97892E-05 9.97892E-05 9.97892E-05 0.10363 9.97892E-05 9.97892E-05 9.97892E-05 9.97892E-05 9.97892E-05 0.810782 9.97892E-05 9.97892E-05
9.97986E-05 9.97986E-05 9.97986E-05 9.97986E-05 9.97986E-05 9.97986E-05 9.97986E-05 9.97986E-05 9.97986E-05 9.97986E-05 0.0594394 9.97986E-05 9.97986E-05 0.0205675 9.97986E-05 9.97986E-05 9.97986E-05 9.97986E-05 9.97986E-05 0.0232711 9.97986E-05 9.97986E-05 9.97986E-05 9.97986E-05 0.894427 9.97986E-05 9.97986E-05
9.97724E-05 9.97724E-05 9.97724E-05 9.97724E-05 9.97724E-05 9.97724E-05 9.97724E-05 9.97724E-05 9.97724E-05 9.97724E-05 9.97724E-05 9.97724E-05 9.97724E-05 9.97724E-05 9.97724E-05 9.97724E-05 9.97724E-05 9.97724E-05 9.97724E-05 9.97724E-05 9.97724E-05 9.97724E-05 9.97724E-05 9.97724E-05 0.997406 9.97724E-05 9.97724E-05
9.97898E-05 9.97898E-05 9.97898E-05 9.97898E-05 9.97898E-05 9.97898E-05 9.97898E-05 9.97898E-05 9.97898E-05 9.97898E-05 9.97898E-05 0.00204564 9.97898E-05 0.0290653 9.97898E-05 9.97898E-05 9.97898E-05 9.97898E-05 9.97898E-05 9.97898E-05 9.97898E-05 9.97898E-05 9.97898E-05 9.97898E-05 0.966494 9.97898E-05 9.97898E-05
9.97986E-05 9.97986E-05 9.97986E-05 9.97986E-05 9.97986E-05 9.97986E-05 9.97986E-05 9.97986E-05 9.97986E-05 9.97986E-05 9.97986E-05 9.97986E-05 9.97986E-05 9.97986E-05 9.97986E-05 9.97986E-05 9.97986E-05 0.0529977 0.0206269 9.97986E-05 9.97986E-05 0.0915418 9.97986E-05 9.97986E-05 0.832538 9.97986E-05 9.97986E-05
9.98072E-05 0.191982 9.98072E-05 9.98072E-05 9.98072E-05 9.98072E-05 9.98072E-05 9.98072E-05 9.98072E-05 0.242529 9.98072E-05 9.98072E-05 9.98072E-05 0.0902004 9.98072E-05 9.98072E-05 9.98072E-05 9.98072E-05 9.98072E-05 0.0448594 9.98072E-05 9.98072E-05 9.98072E-05 9.98072E-05 0.428233 9.98072E-05 9.98072E-05
9.9807E-05 0.0159939 0.330541 9.9807E-05 9.9807E-05 9.9807E-05 9.9807E-05 9.9807E-05 9.9807E-05 9.9807E-05 9.9807E-05 9.9807E-05 9.9807E-05 0.0829967 9.9807E-05 9.9807E-05 9.9807E-05 9.9807E-05 9.9807E-05 0.0755856 9.9807E-05 9.9807E-05 9.9807E-05 9.9807E-05 9.9807E-05 9.9807E-05 0.492688
9.97894E-05 0.782218 0.19546 9.97894E-05 9.97894E-05 9.97894E-05 9.97894E-05 9.97894E-05 9.97894E-05 9.97894E-05 9.97894E-05 9.97894E-05 9.97894E-05 9.97894E-05 9.97894E-05 9.97894E-05 9.97894E-05 9.97894E-05 9.97894E-05 0.0199269 9.97894E-05 9.97894E-05 9.97894E-05 9.97894E-05 9.97894E-05 9.97894E-05 9.97894E-05
9.9807E-05 9.9807E-05 0.569063 9.9807E-05 9.9807E-05 9.9807E-05 9.9807E-05 9.9807E-05 9.9807E-05 9.9807E-05 9.9807E-05 9.9807E-05 0.0231262 0.0747823 9.9807E-05 9.9807E-05 9.9807E-05 0.0245982 9.9807E-05 9.9807E-05 9.9807E-05 9.9807E-05 9.9807E-05 9.9807E-05 9.9807E-05 9.9807E-05 0.306235
9.98067E-05 9.98067E-05 0.713979 9.98067E-05 9.98067E-05 0.00190335 9.98067E-05 9.98067E-05 9.98067E-05 9.98067E-05 9.98067E-05 9.98067E-05 9.98067E-05 0.0416728 9.98067E-05 9.98067E-05 9.98067E-05 9.98067E-05 9.98067E-05 0.0230589 9.98067E-05 9.98067E-05 9.98067E-05 9.98067E-05 9.98067E-05 9.98067E-05 0.21719
9.98156E-05 9.98156E-05 0.40674 9.98156E-05 0.0548594 9.98156E-05 9.98156E-05 9.98156E-05 9.98156E-05 9.98156E-05 9.98156E-05 0.0196354 9.98156E-05 9.98156E-05 9.98156E-05 9.98156E-05 9.98156E-05 9.98156E-05 9.98156E-05 0.0251337 9.98156E-05 0.00281907 9.98156E-05 9.98156E-05 9.98156E-05 9.98156E-05 0.488717
0.0403834 9.98246E-05 0.0441352 9.98246E-05 9.98246E-05 9.98246E-05 9.98246E-05 9.98246E-05 0.0279632 9.98246E-05 9.98246E-05 9.98246E-05 9.98246E-05 0.133661 9.98246E-05 0.024254 9.98246E-05 9.98246E-05 9.98246E-05 0.0898718 9.98246E-05 9.98246E-05 9.98246E-05 9.98246E-05 9.98246E-05 9.98246E-05 0.637735
9.97807E-05 9.97807E-05 0.943102 9.97807E-05 9.97807E-05 9.97807E-05 9.97807E-05 9.97807E-05 9.97807E-05 9.97807E-05 9.97807E-05 9.97807E-05 9.97807E-05 9.97807E-05 9.97807E-05 9.97807E-05 9.97807E-05 9.97807E-05 0.0544034 9.97807E-05 9.97807E-05 9.97807E-05 9.97807E-05 9.97807E-05 9.97807E-05 9.97807E-05 9.97807E-05
9.97808E-05 9.97808E-05 0.718997 9.97808E-05 9.97808E-05 9.97808E-05 9.97808E-05 9.97808E-05 9.97808E-05 9.97808E-05 9.97808E-05 9.97808E-05 9.97808E-05 9.97808E-05 9.97808E-05 9.97808E-05 9.97808E-05 9.97808E-05 9.97808E-05 0.278509 9.97808E-05 9.97808E-05 9.97808E-05 9.97808E-05 9.97808E-05 9.97808E-05 9.97808E-05
0.0695479 9.9798E-05 0.461494 9.9798E-05 9.9798E-05 9.9798E-05 9.9798E-05 9.9798E-05 9.9798E-05 9.9798E-05 0.183117 9.9798E-05 9.9798E-05 9.9798E-05 9.9798E-05 9.9798E-05 9.9798E-05 9.9798E-05 9.9798E-05 0.283545 9.9798E-05 9.9798E-05 9.9798E-05 9.9798E-05 9.9798E-05 9.9798E-05 9.9798E-05
9.97982E-05 9.97982E-05 0.628687 9.97982E-05 9.97982E-05 9.97982E-05 9.97982E-05 9.97982E-05 9.97982E-05 9.97982E-05 9.97982E-05 9.97982E-05 9.97982E-05 0.169468 9.97982E-05 0.0472567 9.97982E-05 9.97982E-05 9.97982E-05 0.152293 9.97982E-05 9.97982E-05 9.97982E-05 9.97982E-05 9.97982E-05 9.97982E-05 9.97982E-05
0.0728228 9.98157E-05 9.98157E-05 9.98157E-05 9.98157E-05 0.000571668 9.98157E-05 9.98157E-05 0.383069 9.98157E-05 9.98157E-05 9.98157E-05 9.98157E-05 0.0182194 9.98157E-05 9.98157E-05 9.98157E-05 9.98157E-05 9.98157E-05 0.0324404 9.98157E-05 9.98157E-05 9.98157E-05 9.98157E-05 9.98157E-05 9.98157E-05 0.49078
0.104126 9.98159E-05 0.158862 9.98159E-05 9.98159E-05 0.0134519 9.98159E-05 9.98159E-05 0.127149 9.98159E-05 9.98159E-05 9.98159E-05 9.98159E-05 0.0122407 9.98159E-05 9.98159E-05 9.98159E-05 9.98159E-05 9.98159E-05 9.98159E-05 9.98159E-05 9.98159E-05 9.98159E-05 9.98159E-05 9.98159E-05 9.98159E-05 0.582075
9.97984E-05 0.128275 0.803966 9.97984E-05 9.97984E-05 9.97984E-05 9.97984E-05 9.97984E-05 9.97984E-05 9.97984E-05 9.97984E-05 9.97984E-05 9.97984E-05 9.97984E-05 9.97984E-05 9.97984E-05 9.97984E-05 9.97984E-05 9.97984E-05 0.0259346 9.97984E-05 9.97984E-05 9.97984E-05 9.97984E-05 9.97984E-05 9.97984E-05 0.0395284
9.98159E-05 9.98159E-05 0.0739297 9.98159E-05 9.98159E-05 9.98159E-05 9.98159E-05 9.98159E-05 9.98159E-05 9.98159E-05 9.98159E-05 9.98159E-05 0.0016705 0.156796 9.98159E-05 9.98159E-05 9.98159E-05 9.98159E-05 9.98159E-05 0.072467 9.98159E-05 9.98159E-05 0.0802383 9.98159E-05 9.98159E-05 9.98159E-05 0.612803
9.98335E-05 0.028086 0.385591 9.98335E-05 9.98335E-05 9.98335E-05 9.98335E-05 9.98335E-05 9.98335E-05 9.98335E-05 9.98335E-05 9.98335E-05 0.112005 9.98335E-05 9.98335E-05 9.98335E-05 9.98335E-05 9.98335E-05 9.98335E-05 0.00250001 9.98335E-05 0.0787065 0.0762259 9.98335E-05 9.98335E-05 0.0021775 0.312811
0.000556357 0.0674917 0.173277 9.98246E-05 9.98246E-05 9.98246E-05 9.98246E-05 9.98246E-05 9.98246E-05 9.98246E-05 0.146751 9.98246E-05 9.98246E-05 0.152825 9.98246E-05 0.0737871 9.98246E-05 9.98246E-05 9.98246E-05 9.98246E-05 9.98246E-05 9.98246E-05 9.98246E-05 9.98246E-05 9.98246E-05 9.98246E-05 0.383315
0.273646 9.98156E-05 0.426312 9.98156E-05 9.98156E-05 9.98156E-05 9.98156E-05 9.98156E-05 0.103933 9.98156E-05 9.98156E-05 0.0596716 9.98156E-05 0.111438 9.98156E-05 9.98156E-05 9.98156E-05 9.98156E-05 9.98156E-05 9.98156E-05 9.98156E-05 9.98156E-05 9.98156E-05 9.98156E-05 9.98156E-05 9.98156E-05 0.0229025
9.98249E-05 9.98249E-05 9.98249E-05 0.0799466 9.98249E-05 9.98249E-05 0.00351329 9.98249E-05 0.0447872 9.98249E-05 9.98249E-05 9.98249E-05 0.0475018 9.98249E-05 9.98249E-05 0.0752603 9.98249E-05 9.98249E-05 9.98249E-05 0.0311697 9.98249E-05 9.98249E-05 9.98249E-05 9.98249E-05 9.98249E-05 9.98249E-05 0.715825
9.98158E-05 9.98158E-05 0.297697 9.98158E-05 9.98158E-05 0.00350251 9.98158E-05 9.98158E-05 9.98158E-05 9.98158E-05 9.98158E-05 9.98158E-05 9.98158E-05 9.98158E-05 9.98158E-05 9.98158E-05 9.98158E-05 0.0419302 9.98158E-05 9.98158E-05 9.98158E-05 9.98158E-05 0.12362 9.98158E-05 9.98158E-05 0.00377591 0.527378
9.98332E-05 9.98332E-05 0.255217 9.98332E-05 9.98332E-05 9.98332E-05 9.98332E-05 9.98332E-05 0.281919 0.0403644 9.98332E-05 0.073743 9.98332E-05 0.0911096 9.98332E-05 9.98332E-05 9.98332E-05 9.98332E-05 9.98332E-05 0.0563795 0.0528349 9.98332E-05 9.98332E-05 9.98332E-05 9.98332E-05 9.98332E-05 0.146535
0.110965 9.9807E-05 9.9807E-05 9.9807E-05 9.9807E-05 9.9807E-05 9.9807E-05 9.9807E-05 9.9807E-05 9.9807E-05 9.9807E-05 9.9807E-05 9.9807E-05 0.06476 9.9807E-05 0.0275987 9.9807E-05 9.9807E-05 9.9807E-05 9.9807E-05 9.9807E-05 9.9807E-05 0.105505 9.9807E-05 9.9807E-05 9.9807E-05 0.688976
9.97982E-05 9.97982E-05 0.277051 9.97982E-05 9.97982E-05 0.0560822 9.97982E-05 9.97982E-05 9.97982E-05 9.97982E-05 9.97982E-05 9.97982E-05 9.97982E-05 9.97982E-05 9.97982E-05 9.97982E-05 9.97982E-05 9.97982E-05 9.97982E-05 9.97982E-05 9.97982E-05 9.97982E-05 0.0461626 9.97982E-05 9.97982E-05 9.97982E-05 0.618409
0.0262593 9.9807E-05 9.9807E-05 9.9807E-05 9.9807E-05 9.9807E-05 9.9807E-05 9.9807E-05 9.9807E-05 9.9807E-05 9.9807E-05 0.0797891 9.9807E-05 0.190443 9.9807E-05 9.9807E-05 9.9807E-05 9.9807E-05 9.9807E-05 0.184146 9.9807E-05 9.9807E-05 9.9807E-05 9.9807E-05 9.9807E-05 9.9807E-05 0.517167
9.98159E-05 0.0668624 0.231811 9.98159E-05 9.98159E-05 9.98159E-05 9.98159E-05 9.98159E-05 0.0917679 9.98159E-05 9.98159E-05 9.98159E-05 9.98159E-05 9.98159E-05 9.98159E-05 9.98159E-05 9.98159E-05 0.0006129 9.98159E-05 0.145515 9.98159E-05 9.98159E-05 9.98159E-05 9.98159E-05 9.98159E-05 9.98159E-05 0.461334
0.0132995 9.9807E-05 9.9807E-05 9.9807E-05 9.9807E-05 9.9807E-05 9.9807E-05 9.9807E-05 9.9807E-05 9.9807E-05 9.9807E-05 0.0278671 9.9807E-05 0.190458 9.9807E-05 9.9807E-05 9.9807E-05 9.9807E-05 9.9807E-05 0.23597 9.9807E-05 9.9807E-05 9.9807E-05 9.9807E-05 9.9807E-05 9.9807E-05 0.530209
0.00851327 0.279792 0.567743 9.98074E-05 9.98074E-05 9.98074E-05 9.98074E-05 9.98074E-05 9.98074E-05 9.98074E-05 9.98074E-05 9.98074E-05 9.98074E-05 0.0969068 9.98074E-05 9.98074E-05 9.98074E-05 9.98074E-05 9.98074E-05 0.0448491 9.98074E-05 9.98074E-05 9.98074E-05 9.98074E-05 9.98074E-05 9.98074E-05 9.98074E-05
9.98246E-05 9.98246E-05 9.98246E-05 9.98246E-05 0.0967168 9.98246E-05 9.98246E-05 9.98246E-05 9.98246E-05 9.98246E-05 9.98246E-05 9.98246E-05 0.00864297 0.0169858 9.98246E-05 9.98246E-05 9.98246E-05 0.0106767 9.98246E-05 9.98246E-05 0.0299629 9.98246E-05 0.752583 9.98246E-05 9.98246E-05 9.98246E-05 0.082435
9.98067E-05 9.98067E-05 0.783265 9.98067E-05 9.98067E-05 9.98067E-05 9.98067E-05 9.98067E-05 9.98067E-05 9.98067E-05 9.98067E-05 9.98067E-05 9.98067E-05 0.0652481 9.98067E-05 9.98067E-05 0.0198551 9.98067E-05 9.98067E-05 0.0799773 9.98067E-05 9.98067E-05 9.98067E-05 9.98067E-05 9.98067E-05 9.98067E-05 0.0494588
9.97984E-05 9.97984E-05 0.152895 9.97984E-05 9.97984E-05 9.97984E-05 9.97984E-05 9.97984E-05 9.97984E-05 9.97984E-05 9.97984E-05 9.97984E-05 9.97984E-05 0.183361 9.97984E-05 9.97984E-05 9.97984E-05 9.97984E-05 9.97984E-05 0.203088 9.97984E-05 9.97984E-05 9.97984E-05 9.97984E-05 9.97984E-05 9.97984E-05 0.458361
9.98158E-05 0.179505 0.0938229 0.0190261 9.98158E-05 9.98158E-05 9.98158E-05 9.98158E-05 9.98158E-05 9.98158E-05 9.98158E-05 9.98158E-05 9.98158E-05 0.0405296 9.98158E-05 9.98158E-05 9.98158E-05 0.241605 9.98158E-05 9.98158E-05 9.98158E-05 9.98158E-05 9.98158E-05 9.98158E-05 9.98158E-05 9.98158E-05 0.423415
0.0172171 9.98072E-05 0.843397 9.98072E-05 9.98072E-05 9.98072E-05 9.98072E-05 0.00404393 0.0243224 9.98072E-05 9.98072E-05 9.98072E-05 9.98072E-05 0.108824 9.98072E-05 9.98072E-05 9.98072E-05 9.98072E-05 9.98072E-05 9.98072E-05 9.98072E-05 9.98072E-05 9.98072E-05 9.98072E-05 9.98072E-05 9.98072E-05 9.98072E-05
9.9807E-05 0.0419387 0.848157 9.9807E-05 9.9807E-05 9.9807E-05 9.9807E-05 9.9807E-05 9.9807E-05 9.9807E-05 9.9807E-05 0.0086534 9.9807E-05 9.9807E-05 9.9807E-05 9.9807E-05 9.9807E-05 9.9807E-05 9.9807E-05 9.9807E-05 9.9807E-05 9.9807E-05 9.9807E-05 9.9807E-05 9.9807E-05 0.0146404 0.0844148
9.98156E-05 9.98156E-05 0.389096 9.98156E-05 9.98156E-05 9.98156E-05 9.98156E-05 9.98156E-05 9.98156E-05 9.98156E-05 9.98156E-05 0.0854702 9.98156E-05 0.17145 9.98156E-05 9.98156E-05 9.98156E-05 0.13839 9.98156E-05 0.181068 9.98156E-05 9.98156E-05 9.98156E-05 9.98156E-05 9.98156E-05 9.98156E-05 0.0324297
9.97982E-05 9.97982E-05 0.918037 0.0366056 9.97982E-05 9.97982E-05 9.97982E-05 9.97982E-05 9.97982E-05 9.97982E-05 0.0134483 9.97982E-05 9.97982E-05 0.0296138 9.97982E-05 9.97982E-05 9.97982E-05 9.97982E-05 9.97982E-05 9.97982E-05 9.97982E-05 9.97982E-05 9.97982E-05 9.97982E-05 9.97982E-05 9.97982E-05 9.97982E-05
9.97808E-05 0.00928361 0.988222 9.97808E-05 9.97808E-05 9.97808E-05 9.97808E-05 9.97808E-05 9.97808E-05 9.97808E-05 9.97808E-05 9.97808E-05 9.97808E-05 9.97808E-05 9.97808E-05 9.97808E-05 9.97808E-05 9.97808E-05 9.97808E-05 9.97808E-05 9.97808E-05 9.97808E-05 9.97808E-05 9.97808E-05 9.97808E-05 9.97808E-05 9.97808E-05
9.98419E-05 9.98419E-05 0.371876 9.98419E-05 9.98419E-05 0.00213465 9.98419E-05 9.98419E-05 0.238348 9.98419E-05 0.0947581 9.98419E-05 0.0667747 9.98419E-05 9.98419E-05 0.0149324 9.98419E-05 9.98419E-05 9.98419E-05 0.0288555 9.98419E-05 9.98419E-05 9.98419E-05 9.98419E-05 9.98419E-05 0.0400931 0.14043
9.98156E-05 9.98156E-05 0.598515 9.98156E-05 9.98156E-05 9.98156E-05 9.98156E-05 9.98156E-05 9.98156E-05 9.98156E-05 9.98156E-05 9.98156E-05 9.98156E-05 0.167276 9.98156E-05 9.98156E-05 9.98156E-05 9.98156E-05 0.0363962 0.0897486 9.98156E-05 0.00664519 9.98156E-05 9.98156E-05 9.98156E-05 9.98156E-05 0.0993233
9.97982E-05 0.0835185 9.97982E-05 9.97982E-05 9.97982E-05 9.97982E-05 9.97982E-05 9.97982E-05 0.301893 9.97982E-05 9.97982E-05 9.97982E-05 9.97982E-05 9.97982E-05 9.97982E-05 9.97982E-05 9.97982E-05 9.97982E-05 9.97982E-05 9.97982E-05 9.97982E-05 9.97982E-05 0.242184 9.97982E-05 9.97982E-05 9.97982E-05 0.370109
9.98072E-05 0.2888 9.98072E-05 9.98072E-05 9.98072E-05 9.98072E-05 9.98072E-05 9.98072E-05 9.98072E-05 9.98072E-05 9.98072E-05 0.00487959 9.98072E-05 0.0598667 9.98072E-05 9.98072E-05 9.98072E-05 9.98072E-05 9.98072E-05 9.98072E-05 9.98072E-05 9.98072E-05 0.0243235 9.98072E-05 9.98072E-05 9.98072E-05 0.619934
9.98071E-05 0.28988 0.419293 9.98071E-05 9.98071E-05 9.98071E-05 9.98071E-05 9.98071E-05 9.98071E-05 9.98071E-05 9.98071E-05 9.98071E-05 9.98071E-05 9.98071E-05 9.98071E-05 9.98071E-05 9.98071E-05 0.0228774 9.98071E-05 9.98071E-05 9.98071E-05 9.98071E-05 0.252976 9.98071E-05 9.98071E-05 9.98071E-05 0.0127782
9.98158E-05 9.98158E-05 0.101709 9.98158E-05 9.98158E-05 9.98158E-05 9.98158E-05 9.98158E-05 0.641784 9.98158E-05 9.98158E-05 0.0321951 9.98158E-05 9.98158E-05 9.98158E-05 9.98158E-05 9.98158E-05 0.0106875 9.98158E-05 9.98158E-05 9.98158E-05 0.0100416 9.98158E-05 9.98158E-05 9.98158E-05 9.98158E-05 0.201487
