0.224427 9.98508E-05 9.98508E-05 9.98508E-05 9.98508E-05 9.98508E-05 9.98508E-05 0.181928 9.98508E-05 9.98508E-05 9.98508E-05 9.98508E-05 0.062559 0.0973408 9.98508E-05 0.162698 9.98508E-05 0.00583937 0.0202373 9.98508E-05 9.98508E-05 0.243273 9.98508E-05 9.98508E-05 9.98508E-05
9.98247E-05 9.98247E-05 9.98247E-05 9.98247E-05 9.98247E-05 9.98247E-05 9.98247E-05 9.98247E-05 9.98247E-05 9.98247E-05 9.98247E-05 9.98247E-05 9.98247E-05 9.98247E-05 9.98247E-05 0.0732397 9.98247E-05 0.0545781 0.0055922 0.0298057 9.98247E-05 0.834788 9.98247E-05 9.98247E-05 9.98247E-05
9.97984E-05 9.97984E-05 9.97984E-05 9.97984E-05 9.97984E-05 9.97984E-05 9.97984E-05 9.97984E-05 9.97984E-05 9.97984E-05 9.97984E-05 9.97984E-05 9.97984E-05 9.97984E-05 9.97984E-05 9.97984E-05 9.97984E-05 9.97984E-05 9.97984E-05 9.97984E-05 9.97984E-05 9.97984E-05 9.97984E-05 0.00532364 0.992381
0.368214 9.9842E-05 9.9842E-05 9.9842E-05 9.9842E-05 9.9842E-05 0.00366857 0.119843 9.9842E-05 9.9842E-05 9.9842E-05 9.9842E-05 0.163578 9.9842E-05 0.0363231 9.9842E-05 9.9842E-05 9.9842E-05 0.0300438 9.9842E-05 0.276532 9.9842E-05 9.9842E-05 9.9842E-05 9.9842E-05
9.98072E-05 9.98072E-05 9.98072E-05 9.98072E-05 9.98072E-05 9.98072E-05 9.98072E-05 9.98072E-05 9.98072E-05 0.0847299 9.98072E-05 9.98072E-05 9.98072E-05 9.98072E-05 9.98072E-05 9.98072E-05 9.98072E-05 9.98072E-05 9.98072E-05 9.98072E-05 9.98072E-05 0.789753 9.98072E-05 9.98072E-05 0.123322
0.171455 9.9851E-05 9.9851E-05 9.9851E-05 9.9851E-05 9.9851E-05 0.142929 9.9851E-05 9.9851E-05 9.9851E-05 9.9851E-05 9.9851E-05 9.9851E-05 0.0433526 0.142427 0.187332 9.9851E-05 9.9851E-05 9.9851E-05 0.13713 9.9851E-05 9.9851E-05 9.9851E-05 0.0191545 0.154523
0.229588 9.98772E-05 9.98772E-05 9.98772E-05 9.98772E-05 9.98772E-05 9.98772E-05 0.0695243 0.0360943 9.98772E-05 9.98772E-05 9.98772E-05 9.98772E-05 9.98772E-05 9.98772E-05 0.135033 0.0774234 0.0748699 0.142005 0.00545139 0.0238422 0.0840866 9.98772E-05 0.120685 9.98772E-05
0.352896 9.98597E-05 9.98597E-05 0.0399579 0.106132 9.98597E-05 9.98597E-05 0.145119 9.98597E-05 0.0172674 9.98597E-05 0.073786 9.98597E-05 9.98597E-05 0.154366 0.0574965 9.98597E-05 9.98597E-05 9.98597E-05 0.051381 9.98597E-05 9.98597E-05 9.98597E-05 9.98597E-05 9.98597E-05
0.177175 9.98333E-05 9.98333E-05 9.98333E-05 9.98333E-05 9.98333E-05 9.98333E-05 9.98333E-05 9.98333E-05 0.0266068 9.98333E-05 9.98333E-05 9.98333E-05 0.200423 0.232989 9.98333E-05 9.98333E-05 9.98333E-05 9.98333E-05 9.98333E-05 9.98333E-05 9.98333E-05 9.98333E-05 0.205396 0.155514
0.589306 9.98069E-05 9.98069E-05 9.98069E-05 9.98069E-05 9.98069E-05 9.98069E-05 9.98069E-05 9.98069E-05 9.98069E-05 9.98069E-05 9.98069E-05 9.98069E-05 0.00162763 9.98069E-05 9.98069E-05 9.98069E-05 9.98069E-05 9.98069E-05 9.98069E-05 9.98069E-05 0.40687 9.98069E-05 9.98069E-05 9.98069E-05
0.776653 9.98158E-05 9.98158E-05 9.98158E-05 9.98158E-05 9.98158E-05 9.98158E-05 0.0472445 9.98158E-05 9.98158E-05 9.98158E-05 9.98158E-05 9.98158E-05 0.0807919 9.98158E-05 9.98158E-05 9.98158E-05 9.98158E-05 0.0932145 9.98158E-05 9.98158E-05 9.98158E-05 9.98158E-05 9.98158E-05 9.98158E-05
9.97895E-05 9.97895E-05 9.97895E-05 9.97895E-05 9.97895E-05 9.97895E-05 9.97895E-05 9.97895E-05 9.97895E-05 9.97895E-05 9.97895E-05 9.97895E-05 9.97895E-05 9.97895E-05 9.97895E-05 9.97895E-05 9.97895E-05 9.97895E-05 9.97895E-05 9.97895E-05 9.97895E-05 9.97895E-05 9.97895E-05 9.97895E-05 0.997605
0.000693809 9.98157E-05 9.98157E-05 9.98157E-05 9.98157E-05 9.98157E-05 9.98157E-05 0.0624679 9.98157E-05 9.98157E-05 9.98157E-05 9.98157E-05 9.98157E-05 0.0387976 9.98157E-05 9.98157E-05 9.98157E-05 9.98157E-05 9.98157E-05 9.98157E-05 9.98157E-05 0.895945 9.98157E-05 9.98157E-05 9.98157E-05
0.445304 9.98509E-05 0.0842052 9.98509E-05 9.98509E-05 9.98509E-05 0.0409326 0.0265241 9.98509E-05 9.98509E-05 9.98509E-05 9.98509E-05 9.98509E-05 0.0367813 9.98509E-05 9.98509E-05 9.98509E-05 9.98509E-05 0.0219147 9.98509E-05 9.98509E-05 0.275511 0.0671296 9.98509E-05 9.98509E-05
9.98334E-05 9.98334E-05 0.0188185 9.98334E-05 9.98334E-05 9.98334E-05 9.98334E-05 9.98334E-05 9.98334E-05 9.98334E-05 9.98334E-05 9.98334E-05 9.98334E-05 0.108941 0.213343 0.219273 9.98334E-05 9.98334E-05 9.98334E-05 9.98334E-05 9.98334E-05 0.344483 0.0932442 9.98334E-05 9.98334E-05
0.23 9.98595E-05 9.98595E-05 9.98595E-05 0.121997 9.98595E-05 0.00972333 0.0881471 9.98595E-05 0.0246691 9.98595E-05 9.98595E-05 9.98595E-05 0.0764428 0.173002 0.144159 9.98595E-05 9.98595E-05 9.98595E-05 9.98595E-05 0.130263 9.98595E-05 9.98595E-05 9.98595E-05 9.98595E-05
0.178853 0.0629222 0.172009 0.0022957 9.98596E-05 9.98596E-05 9.98596E-05 0.0879537 9.98596E-05 9.98596E-05 9.98596E-05 9.98596E-05 9.98596E-05 0.0481379 9.98596E-05 9.98596E-05 9.98596E-05 0.0313306 0.0339642 9.98596E-05 9.98596E-05 9.98596E-05 9.98596E-05 9.98596E-05 0.380936
0.32576 9.98421E-05 9.98421E-05 9.98421E-05 9.98421E-05 0.181831 9.98421E-05 0.137629 9.98421E-05 9.98421E-05 0.0615319 9.98421E-05 9.98421E-05 0.0839753 0.00838424 0.199091 9.98421E-05 9.98421E-05 9.98421E-05 9.98421E-05 9.98421E-05 9.98421E-05 9.98421E-05 9.98421E-05 9.98421E-05
0.343925 9.98332E-05 9.98332E-05 9.98332E-05 9.98332E-05 9.98332E-05 9.98332E-05 0.136824 9.98332E-05 9.98332E-05 9.98332E-05 9.98332E-05 9.98332E-05 0.141409 0.15834 9.98332E-05 9.98332E-05 9.98332E-05 9.98332E-05 0.139531 9.98332E-05 9.98332E-05 9.98332E-05 9.98332E-05 0.0780746
0.7463 9.98069E-05 9.98069E-05 9.98069E-05 9.98069E-05 9.98069E-05 9.98069E-05 9.98069E-05 9.98069E-05 9.98069E-05 9.98069E-05 9.98069E-05 0.0392883 9.98069E-05 9.98069E-05 9.98069E-05 9.98069E-05 9.98069E-05 9.98069E-05 9.98069E-05 9.98069E-05 9.98069E-05 9.98069E-05 9.98069E-05 0.212216
0.584874 9.98333E-05 9.98333E-05 9.98333E-05 0.0755897 9.98333E-05 9.98333E-05 9.98333E-05 9.98333E-05 0.233583 9.98333E-05 9.98333E-05 9.98333E-05 9.98333E-05 0.0711851 9.98333E-05 9.98333E-05 9.98333E-05 0.00394078 9.98333E-05 0.0289312 9.98333E-05 9.98333E-05 9.98333E-05 9.98333E-05
9.98597E-05 0.00941144 9.98597E-05 9.98597E-05 9.98597E-05 0.0237555 9.98597E-05 0.290123 0.0989947 9.98597E-05 9.98597E-05 0.0498307 9.98597E-05 9.98597E-05 0.128353 9.98597E-05 9.98597E-05 9.98597E-05 9.98597E-05 0.120103 9.98597E-05 9.98597E-05 0.000895441 9.98597E-05 0.276935
9.98247E-05 9.98247E-05 9.98247E-05 9.98247E-05 9.98247E-05 9.98247E-05 9.98247E-05 9.98247E-05 9.98247E-05 9.98247E-05 9.98247E-05 9.98247E-05 9.98247E-05 0.100557 9.98247E-05 0.0499312 9.98247E-05 9.98247E-05 0.0452782 9.98247E-05 0.0126061 0.789631 9.98247E-05 9.98247E-05 9.98247E-05
0.221835 9.98333E-05 9.98333E-05 0.0135143 9.98333E-05 9.98333E-05 9.98333E-05 0.34929 9.98333E-05 9.98333E-05 9.98333E-05 9.98333E-05 9.98333E-05 0.190002 9.98333E-05 9.98333E-05 9.98333E-05 9.98333E-05 9.98333E-05 9.98333E-05 9.98333E-05 0.176396 9.98333E-05 0.0470653 9.98333E-05
0.341979 9.9842E-05 9.9842E-05 9.9842E-05 9.9842E-05 9.9842E-05 0.152234 0.0349011 9.9842E-05 9.9842E-05 9.9842E-05 9.9842E-05 0.103917 0.213859 0.07615 9.9842E-05 9.9842E-05 9.9842E-05 9.9842E-05 9.9842E-05 9.9842E-05 9.9842E-05 0.075164 9.9842E-05 9.9842E-05
0.368351 9.98245E-05 9.98245E-05 9.98245E-05 9.98245E-05 9.98245E-05 0.0628913 9.98245E-05 9.98245E-05 9.98245E-05 9.98245E-05 9.98245E-05 9.98245E-05 0.0249706 9.98245E-05 9.98245E-05 9.98245E-05 9.98245E-05 9.98245E-05 9.98245E-05 0.13114 9.98245E-05 9.98245E-05 9.98245E-05 0.410651
9.98419E-05 9.98419E-05 9.98419E-05 9.98419E-05 0.0522819 0.137561 0.275379 0.227835 0.277309 9.98419E-05 9.98419E-05 9.98419E-05 9.98419E-05 0.00967585 9.98419E-05 9.98419E-05 9.98419E-05 9.98419E-05 9.98419E-05 9.98419E-05 9.98419E-05 0.0181606 9.98419E-05 9.98419E-05 9.98419E-05
9.98422E-05 9.98422E-05 9.98422E-05 9.98422E-05 0.014411 9.98422E-05 9.98422E-05 0.000985562 9.98422E-05 9.98422E-05 9.98422E-05 9.98422E-05 9.98422E-05 0.0660413 9.98422E-05 9.98422E-05 9.98422E-05 9.98422E-05 0.0106044 9.98422E-05 0.0320712 0.859948 0.014141 9.98422E-05 9.98422E-05
9.98158E-05 9.98158E-05 9.98158E-05 9.98158E-05 9.98158E-05 9.98158E-05 9.98158E-05 9.98158E-05 9.98158E-05 9.98158E-05 9.98158E-05 9.98158E-05 9.98158E-05 0.192594 9.98158E-05 9.98158E-05 9.98158E-05 9.98158E-05 9.98158E-05 9.98158E-05 0.0316743 0.765151 9.98158E-05 0.00848527 9.98158E-05
9.98246E-05 9.98246E-05 0.0162621 9.98246E-05 9.98246E-05 9.98246E-05 9.98246E-05 9.98246E-05 9.98246E-05 9.98246E-05 9.98246E-05 9.98246E-05 9.98246E-05 0.0401142 0.0325623 9.98246E-05 9.98246E-05 9.98246E-05 9.98246E-05 9.98246E-05 9.98246E-05 0.445908 9.98246E-05 9.98246E-05 0.463157
9.98421E-05 9.98421E-05 9.98421E-05 9.98421E-05 9.98421E-05 0.0491051 9.98421E-05 9.98421E-05 0.00345884 9.98421E-05 0.0250448 9.98421E-05 9.98421E-05 9.98421E-05 9.98421E-05 0.10892 9.98421E-05 9.98421E-05 0.12942 0.0401107 9.98421E-05 0.642143 9.98421E-05 9.98421E-05 9.98421E-05
0.751645 9.98245E-05 9.98245E-05 9.98245E-05 9.98245E-05 9.98245E-05 0.169824 9.98245E-05 0.0427892 9.98245E-05 9.98245E-05 9.98245E-05 9.98245E-05 9.98245E-05 9.98245E-05 9.98245E-05 9.98245E-05 9.98245E-05 0.0119321 0.0218124 9.98245E-05 9.98245E-05 9.98245E-05 9.98245E-05 9.98245E-05
0.637113 9.98595E-05 9.98595E-05 9.98595E-05 9.98595E-05 9.98595E-05 0.0560021 0.0253407 0.00431711 9.98595E-05 9.98595E-05 9.98595E-05 9.98595E-05 0.102736 9.98595E-05 0.107319 9.98595E-05 9.98595E-05 0.0424519 9.98595E-05 0.0141401 9.98595E-05 9.98595E-05 9.98595E-05 0.00898246
9.98421E-05 0.00853591 9.98421E-05 9.98421E-05 9.98421E-05 0.0312884 0.099944 0.18575 9.98421E-05 9.98421E-05 9.98421E-05 9.98421E-05 9.98421E-05 0.0701763 9.98421E-05 9.98421E-05 0.00916741 9.98421E-05 9.98421E-05 9.98421E-05 9.98421E-05 9.98421E-05 9.98421E-05 9.98421E-05 0.593341
9.98159E-05 9.98159E-05 9.98159E-05 9.98159E-05 9.98159E-05 9.98159E-05 9.98159E-05 9.98159E-05 9.98159E-05 9.98159E-05 9.98159E-05 9.98159E-05 0.047625 0.000326614 0.00484615 9.98159E-05 9.98159E-05 9.98159E-05 9.98159E-05 9.98159E-05 9.98159E-05 0.945106 9.98159E-05 9.98159E-05 9.98159E-05
0.362993 9.98333E-05 9.98333E-05 9.98333E-05 9.98333E-05 9.98333E-05 9.98333E-05 0.0699174 9.98333E-05 9.98333E-05 9.98333E-05 9.98333E-05 9.98333E-05 0.0262367 0.0325278 9.98333E-05 9.98333E-05 9.98333E-05 9.98333E-05 9.98333E-05 0.141203 9.98333E-05 9.98333E-05 9.98333E-05 0.365226
0.0127968 0.0122164 9.98423E-05 9.98423E-05 9.98423E-05 9.98423E-05 9.98423E-05 9.98423E-05 9.98423E-05 9.98423E-05 9.98423E-05 9.98423E-05 9.98423E-05 9.98423E-05 9.98423E-05 9.98423E-05 0.00195196 0.0257786 9.98423E-05 0.0624057 9.98423E-05 0.262478 9.98423E-05 9.98423E-05 0.620575
0.018617 9.9851E-05 9.9851E-05 9.9851E-05 9.9851E-05 9.9851E-05 9.9851E-05 0.0234913 9.9851E-05 9.9851E-05 0.0535483 9.9851E-05 9.9851E-05 0.045504 0.163646 9.9851E-05 9.9851E-05 9.9851E-05 9.9851E-05 9.9851E-05 0.051765 0.263357 9.9851E-05 9.9851E-05 0.378374
9.98247E-05 9.98247E-05 9.98247E-05 9.98247E-05 9.98247E-05 9.98247E-05 9.98247E-05 0.0311837 9.98247E-05 9.98247E-05 9.98247E-05 9.98247E-05 9.98247E-05 0.132113 9.98247E-05 9.98247E-05 9.98247E-05 0.0786944 0.0384698 9.98247E-05 9.98247E-05 9.98247E-05 9.98247E-05 9.98247E-05 0.717543
9.98159E-05 9.98159E-05 9.98159E-05 9.98159E-05 0.0802053 9.98159E-05 0.175099 9.98159E-05 9.98159E-05 9.98159E-05 9.98159E-05 9.98159E-05 9.98159E-05 0.142045 9.98159E-05 9.98159E-05 9.98159E-05 9.98159E-05 9.98159E-05 9.98159E-05 9.98159E-05 9.98159E-05 9.98159E-05 9.98159E-05 0.600555
9.98245E-05 9.98245E-05 9.98245E-05 9.98245E-05 9.98245E-05 9.98245E-05 9.98245E-05 9.98245E-05 0.00926869 9.98245E-05 9.98245E-05 9.98245E-05 9.98245E-05 0.0165044 9.98245E-05 9.98245E-05 9.98245E-05 9.98245E-05 0.0117852 0.0103866 9.98245E-05 9.98245E-05 9.98245E-05 9.98245E-05 0.950059
9.9816E-05 9.9816E-05 9.9816E-05 9.9816E-05 9.9816E-05 9.9816E-05 9.9816E-05 0.0814162 9.9816E-05 9.9816E-05 9.9816E-05 9.9816E-05 9.9816E-05 0.0124023 9.9816E-05 9.9816E-05 9.9816E-05 9.9816E-05 9.9816E-05 9.9816E-05 9.9816E-05 0.832765 9.9816E-05 0.07132 9.9816E-05
9.98072E-05 9.98072E-05 9.98072E-05 9.98072E-05 9.98072E-05 9.98072E-05 9.98072E-05 9.98072E-05 0.0102887 9.98072E-05 9.98072E-05 9.98072E-05 9.98072E-05 9.98072E-05 9.98072E-05 9.98072E-05 9.98072E-05 9.98072E-05 9.98072E-05 0.0192863 9.98072E-05 0.968229 9.98072E-05 9.98072E-05 9.98072E-05
9.98509E-05 9.98509E-05 9.98509E-05 9.98509E-05 9.98509E-05 9.98509E-05 9.98509E-05 0.135518 9.98509E-05 9.98509E-05 9.98509E-05 9.98509E-05 9.98509E-05 0.246544 0.0814966 0.0440783 9.98509E-05 9.98509E-05 0.0143712 9.98509E-05 9.98509E-05 0.097459 9.98509E-05 0.0312812 0.347554
0.137494 0.0813076 9.98334E-05 9.98334E-05 9.98334E-05 9.98334E-05 9.98334E-05 0.314354 9.98334E-05 9.98334E-05 9.98334E-05 9.98334E-05 9.98334E-05 0.187588 9.98334E-05 9.98334E-05 9.98334E-05 9.98334E-05 9.98334E-05 0.0752456 9.98334E-05 9.98334E-05 9.98334E-05 9.98334E-05 0.202114
9.98245E-05 9.98245E-05 9.98245E-05 9.98245E-05 9.98245E-05 9.98245E-05 9.98245E-05 0.0171505 9.98245E-05 9.98245E-05 0.0234516 9.98245E-05 9.98245E-05 0.0123918 9.98245E-05 9.98245E-05 9.98245E-05 9.98245E-05 9.98245E-05 9.98245E-05 0.0174211 9.98245E-05 9.98245E-05 9.98245E-05 0.927589
0.987466 9.97982E-05 9.97982E-05 9.97982E-05 9.97982E-05 9.97982E-05 9.97982E-05 9.97982E-05 9.97982E-05 9.97982E-05 9.97982E-05 9.97982E-05 9.97982E-05 0.0102386 9.97982E-05 9.97982E-05 9.97982E-05 9.97982E-05 9.97982E-05 9.97982E-05 9.97982E-05 9.97982E-05 9.97982E-05 9.97982E-05 9.97982E-05
9.97895E-05 9.97895E-05 9.97895E-05 9.97895E-05 9.97895E-05 9.97895E-05 9.97895E-05 9.97895E-05 9.97895E-05 9.97895E-05 9.97895E-05 9.97895E-05 9.97895E-05 9.97895E-05 9.97895E-05 9.97895E-05 9.97895E-05 9.97895E-05 9.97895E-05 9.97895E-05 9.97895E-05 9.97895E-05 9.97895E-05 9.97895E-05 0.997605
0.100876 9.9842E-05 9.9842E-05 9.9842E-05 0.00346248 9.9842E-05 9.9842E-05 0.116551 9.9842E-05 9.9842E-05 9.9842E-05 9.9842E-05 9.9842E-05 0.100059 9.9842E-05 9.9842E-05 9.9842E-05 9.9842E-05 0.0313254 0.0409527 9.9842E-05 0.604977 9.9842E-05 9.9842E-05 9.9842E-05
0.83145 9.98075E-05 9.98075E-05 9.98075E-05 9.98075E-05 9.98075E-05 9.98075E-05 9.98075E-05 9.98075E-05 9.98075E-05 9.98075E-05 9.98075E-05 9.98075E-05 9.98075E-05 9.98075E-05 9.98075E-05 0.0941493 9.98075E-05 9.98075E-05 0.0722049 9.98075E-05 9.98075E-05 9.98075E-05 9.98075E-05 9.98075E-05
0.0335383 9.98683E-05 9.98683E-05 9.98683E-05 0.025178 9.98683E-05 0.112507 9.98683E-05 0.0544931 9.98683E-05 9.98683E-05 9.98683E-05 0.0786437 0.18275 0.0510874 0.0462576 9.98683E-05 9.98683E-05 0.0954651 9.98683E-05 9.98683E-05 0.318582 9.98683E-05 9.98683E-05 9.98683E-05
0.770584 9.98333E-05 9.98333E-05 9.98333E-05 0.0112557 9.98333E-05 9.98333E-05 0.127613 9.98333E-05 9.98333E-05 9.98333E-05 0.0197299 9.98333E-05 9.98333E-05 9.98333E-05 9.98333E-05 9.98333E-05 9.98333E-05 9.98333E-05 9.98333E-05 0.043584 9.98333E-05 9.98333E-05 0.0253367 9.98333E-05
9.97984E-05 9.97984E-05 9.97984E-05 9.97984E-05 9.97984E-05 0.0301496 9.97984E-05 9.97984E-05 9.97984E-05 9.97984E-05 9.97984E-05 9.97984E-05 9.97984E-05 9.97984E-05 9.97984E-05 9.97984E-05 9.97984E-05 9.97984E-05 9.97984E-05 9.97984E-05 9.97984E-05 0.967555 9.97984E-05 9.97984E-05 9.97984E-05
0.0443082 9.98511E-05 9.98511E-05 9.98511E-05 0.148804 0.0392277 9.98511E-05 0.0158366 9.98511E-05 9.98511E-05 9.98511E-05 9.98511E-05 0.0401301 0.0336101 9.98511E-05 9.98511E-05 0.0311186 9.98511E-05 9.98511E-05 9.98511E-05 9.98511E-05 9.98511E-05 9.98511E-05 9.98511E-05 0.645267
9.98159E-05 9.98159E-05 9.98159E-05 9.98159E-05 9.98159E-05 9.98159E-05 9.98159E-05 9.98159E-05 9.98159E-05 9.98159E-05 9.98159E-05 9.98159E-05 9.98159E-05 0.0652372 9.98159E-05 9.98159E-05 9.98159E-05 9.98159E-05 9.98159E-05 9.98159E-05 9.98159E-05 0.319645 0.0702787 9.98159E-05 0.542743
9.98334E-05 9.98334E-05 9.98334E-05 9.98334E-05 9.98334E-05 9.98334E-05 0.0872154 9.98334E-05 9.98334E-05 9.98334E-05 9.98334E-05 9.98334E-05 0.0799737 9.98334E-05 9.98334E-05 0.0552715 9.98334E-05 9.98334E-05 0.0153088 0.0192051 9.98334E-05 9.98334E-05 9.98334E-05 9.98334E-05 0.741129
9.98334E-05 9.98334E-05 9.98334E-05 9.98334E-05 9.98334E-05 0.0481252 9.98334E-05 0.0270097 9.98334E-05 9.98334E-05 9.98334E-05 9.98334E-05 9.98334E-05 0.0144806 0.00441468 9.98334E-05 9.98334E-05 9.98334E-05 9.98334E-05 0.0835462 9.98334E-05 9.98334E-05 9.98334E-05 9.98334E-05 0.820527
0.997605 9.97893E-05 9.97893E-05 9.97893E-05 9.97893E-05 9.97893E-05 9.97893E-05 9.97893E-05 9.97893E-05 9.97893E-05 9.97893E-05 9.97893E-05 9.97893E-05 9.97893E-05 9.97893E-05 9.97893E-05 9.97893E-05 9.97893E-05 9.97893E-05 9.97893E-05 9.97893E-05 9.97893E-05 9.97893E-05 9.97893E-05 9.97893E-05
9.98071E-05 9.98071E-05 9.98071E-05 9.98071E-05 9.98071E-05 9.98071E-05 9.98071E-05 9.98071E-05 9.98071E-05 9.98071E-05 9.98071E-05 0.0072264 9.98071E-05 9.98071E-05 9.98071E-05 9.98071E-05 0.00979149 9.98071E-05 9.98071E-05 9.98071E-05 9.98071E-05 0.980786 9.98071E-05 9.98071E-05 9.98071E-05
9.98508E-05 9.98508E-05 9.98508E-05 9.98508E-05 9.98508E-05 0.0407421 0.0202153 9.98508E-05 9.98508E-05 9.98508E-05 9.98508E-05 9.98508E-05 9.98508E-05 0.131818 0.0290483 0.748006 9.98508E-05 0.00915072 9.98508E-05 9.98508E-05 0.00450076 9.98508E-05 0.0148214 9.98508E-05 9.98508E-05
9.9816E-05 9.9816E-05 9.9816E-05 9.9816E-05 9.9816E-05 9.9816E-05 9.9816E-05 9.9816E-05 0.0601471 9.9816E-05 9.9816E-05 9.9816E-05 0.00887747 9.9816E-05 9.9816E-05 0.871572 9.9816E-05 9.9816E-05 9.9816E-05 9.9816E-05 0.0573076 9.9816E-05 9.9816E-05 9.9816E-05 9.9816E-05
9.98071E-05 9.98071E-05 9.98071E-05 9.98071E-05 9.98071E-05 0.0113262 9.98071E-05 9.98071E-05 9.98071E-05 9.98071E-05 9.98071E-05 9.98071E-05 9.98071E-05 9.98071E-05 9.98071E-05 0.981979 0.00449919 9.98071E-05 9.98071E-05 9.98071E-05 9.98071E-05 9.98071E-05 9.98071E-05 9.98071E-05 9.98071E-05
9.98333E-05 9.98333E-05 9.98333E-05 9.98333E-05 9.98333E-05 9.98333E-05 0.162915 9.98333E-05 9.98333E-05 9.98333E-05 9.98333E-05 9.98333E-05 9.98333E-05 0.0280363 0.116241 0.372549 0.0422367 0.276125 9.98333E-05 9.98333E-05 9.98333E-05 9.98333E-05 9.98333E-05 9.98333E-05 9.98333E-05
9.98505E-05 9.98505E-05 9.98505E-05 9.98505E-05 9.98505E-05 9.98505E-05 9.98505E-05 0.122024 9.98505E-05 0.00755177 9.98505E-05 0.0324948 0.0659431 0.0260469 9.98505E-05 0.695288 0.0413815 9.98505E-05 9.98505E-05 0.00757301 9.98505E-05 9.98505E-05 9.98505E-05 9.98505E-05 9.98505E-05
9.98418E-05 9.98418E-05 9.98418E-05 0.0370536 9.98418E-05 0.0061593 9.98418E-05 0.0791224 9.98418E-05 9.98418E-05 9.98418E-05 9.98418E-05 9.98418E-05 0.160088 0.00380224 0.704724 9.98418E-05 9.98418E-05 9.98418E-05 9.98418E-05 9.98418E-05 9.98418E-05 0.00725402 9.98418E-05 9.98418E-05
9.98156E-05 9.98156E-05 9.98156E-05 9.98156E-05 9.98156E-05 9.98156E-05 9.98156E-05 9.98156E-05 9.98156E-05 9.98156E-05 9.98156E-05 9.98156E-05 9.98156E-05 0.136962 9.98156E-05 0.50673 9.98156E-05 0.267695 9.98156E-05 9.98156E-05 0.0865166 9.98156E-05 9.98156E-05 9.98156E-05 9.98156E-05
9.98331E-05 9.98331E-05 9.98331E-05 9.98331E-05 9.98331E-05 0.132828 0.0321337 9.98331E-05 9.98331E-05 9.98331E-05 9.98331E-05 9.98331E-05 9.98331E-05 0.0558579 0.0654926 0.631843 9.98331E-05 0.0799475 9.98331E-05 9.98331E-05 9.98331E-05 9.98331E-05 9.98331E-05 9.98331E-05 9.98331E-05
9.97895E-05 9.97895E-05 9.97895E-05 9.97895E-05 9.97895E-05 9.97895E-05 9.97895E-05 9.97895E-05 9.97895E-05 9.97895E-05 9.97895E-05 9.97895E-05 9.97895E-05 9.97895E-05 9.97895E-05 0.997605 9.97895E-05 9.97895E-05 9.97895E-05 9.97895E-05 9.97895E-05 9.97895E-05 9.97895E-05 9.97895E-05 9.97895E-05
9.9807E-05 9.9807E-05 9.9807E-05 9.9807E-05 9.9807E-05 9.9807E-05 9.9807E-05 9.9807E-05 9.9807E-05 9.9807E-05 9.9807E-05 9.9807E-05 9.9807E-05 9.9807E-05 9.9807E-05 0.931027 9.9807E-05 9.9807E-05 0.0412727 9.9807E-05 0.025505 9.9807E-05 9.9807E-05 9.9807E-05 9.9807E-05
9.98243E-05 9.98243E-05 9.98243E-05 9.98243E-05 9.98243E-05 9.98243E-05 9.98243E-05 9.98243E-05 9.98243E-05 9.98243E-05 9.98243E-05 9.98243E-05 9.98243E-05 0.267077 0.0481435 0.545011 9.98243E-05 9.98243E-05 0.137632 0.000138936 9.98243E-05 9.98243E-05 9.98243E-05 9.98243E-05 9.98243E-05
9.98858E-05 9.98858E-05 9.98858E-05 9.98858E-05 0.0497207 9.98858E-05 9.98858E-05 0.120775 9.98858E-05 0.00904867 9.98858E-05 9.98858E-05 0.0581262 0.117186 9.98858E-05 0.492578 0.0305186 0.0393365 0.00586999 0.0184445 0.00682059 9.98858E-05 0.050277 9.98858E-05 9.98858E-05
9.98506E-05 9.98506E-05 9.98506E-05 0.0933717 0.0473486 9.98506E-05 0.0365929 9.98506E-05 9.98506E-05 9.98506E-05 9.98506E-05 0.0489779 0.0120062 9.98506E-05 0.122575 0.577569 9.98506E-05 9.98506E-05 0.0598618 9.98506E-05 9.98506E-05 9.98506E-05 9.98506E-05 9.98506E-05 9.98506E-05
9.98156E-05 9.98156E-05 9.98156E-05 9.98156E-05 9.98156E-05 9.98156E-05 9.98156E-05 0.241054 9.98156E-05 9.98156E-05 9.98156E-05 9.98156E-05 9.98156E-05 0.167002 9.98156E-05 0.51096 9.98156E-05 0.0788871 9.98156E-05 9.98156E-05 9.98156E-05 9.98156E-05 9.98156E-05 9.98156E-05 9.98156E-05
9.98162E-05 9.98162E-05 9.98162E-05 0.00467337 9.98162E-05 9.98162E-05 9.98162E-05 9.98162E-05 0.0558923 9.98162E-05 9.98162E-05 9.98162E-05 9.98162E-05 9.98162E-05 9.98162E-05 0.912599 9.98162E-05 9.98162E-05 0.0247395 9.98162E-05 9.98162E-05 9.98162E-05 9.98162E-05 9.98162E-05 9.98162E-05
9.98247E-05 9.98247E-05 9.98247E-05 9.98247E-05 9.98247E-05 9.98247E-05 9.98247E-05 9.98247E-05 9.98247E-05 9.98247E-05 9.98247E-05 9.98247E-05 9.98247E-05 0.00697534 0.0106048 0.931914 9.98247E-05 9.98247E-05 0.0190431 9.98247E-05 0.0294664 9.98247E-05 9.98247E-05 9.98247E-05 9.98247E-05
9.98154E-05 9.98154E-05 9.98154E-05 9.98154E-05 9.98154E-05 0.0628631 9.98154E-05 9.98154E-05 9.98154E-05 9.98154E-05 9.98154E-05 9.98154E-05 9.98154E-05 9.98154E-05 9.98154E-05 0.768237 0.0121 9.98154E-05 9.98154E-05 0.154703 9.98154E-05 9.98154E-05 9.98154E-05 9.98154E-05 9.98154E-05
9.9842E-05 9.9842E-05 9.9842E-05 0.0832899 9.9842E-05 9.9842E-05 9.9842E-05 0.0776006 9.9842E-05 9.9842E-05 9.9842E-05 9.9842E-05 9.9842E-05 9.9842E-05 0.0140362 0.624848 9.9842E-05 9.9842E-05 0.0883266 0.0556317 0.0544702 9.9842E-05 9.9842E-05 9.9842E-05 9.9842E-05
9.98157E-05 9.98157E-05 9.98157E-05 9.98157E-05 9.98157E-05 0.0676035 9.98157E-05 9.98157E-05 9.98157E-05 9.98157E-05 9.98157E-05 9.98157E-05 9.98157E-05 0.0296053 9.98157E-05 0.892058 9.98157E-05 9.98157E-05 0.00863696 9.98157E-05 9.98157E-05 9.98157E-05 9.98157E-05 9.98157E-05 9.98157E-05
9.98242E-05 9.98242E-05 9.98242E-05 9.98242E-05 0.0826468 9.98242E-05 9.98242E-05 9.98242E-05 0.0487662 9.98242E-05 9.98242E-05 9.98242E-05 0.0861881 0.15086 9.98242E-05 0.629542 9.98242E-05 9.98242E-05 9.98242E-05 9.98242E-05 9.98242E-05 9.98242E-05 9.98242E-05 9.98242E-05 9.98242E-05
9.97987E-05 9.97987E-05 0.00295578 9.97987E-05 9.97987E-05 9.97987E-05 9.97987E-05 9.97987E-05 9.97987E-05 9.97987E-05 9.97987E-05 9.97987E-05 9.97987E-05 9.97987E-05 9.97987E-05 0.994749 9.97987E-05 9.97987E-05 9.97987E-05 9.97987E-05 9.97987E-05 9.97987E-05 9.97987E-05 9.97987E-05 9.97987E-05
9.98331E-05 9.98331E-05 9.98331E-05 9.98331E-05 9.98331E-05 0.0273765 9.98331E-05 0.253574 9.98331E-05 9.98331E-05 9.98331E-05 9.98331E-05 9.98331E-05 0.0211636 9.98331E-05 0.616869 9.98331E-05 0.0544677 9.98331E-05 9.98331E-05 9.98331E-05 9.98331E-05 0.0246517 9.98331E-05 9.98331E-05
9.98072E-05 9.98072E-05 9.98072E-05 9.98072E-05 9.98072E-05 9.98072E-05 0.185128 9.98072E-05 9.98072E-05 9.98072E-05 9.98072E-05 9.98072E-05 9.98072E-05 9.98072E-05 9.98072E-05 0.768085 9.98072E-05 0.0445913 9.98072E-05 9.98072E-05 9.98072E-05 9.98072E-05 9.98072E-05 9.98072E-05 9.98072E-05
0.0492647 0.0419401 9.98333E-05 9.98333E-05 9.98333E-05 0.0378203 9.98333E-05 9.98333E-05 9.98333E-05 9.98333E-05 9.98333E-05 9.98333E-05 9.98333E-05 9.98333E-05 0.0201218 0.689126 9.98333E-05 9.98333E-05 9.98333E-05 0.15983 9.98333E-05 9.98333E-05 9.98333E-05 9.98333E-05 9.98333E-05
9.98331E-05 9.98331E-05 9.98331E-05 0.134638 9.98331E-05 9.98331E-05 9.98331E-05 9.98331E-05 9.98331E-05 9.98331E-05 9.98331E-05 9.98331E-05 9.98331E-05 0.0284501 0.00174979 0.742407 9.98331E-05 9.98331E-05 0.0634779 9.98331E-05 0.0273805 9.98331E-05 9.98331E-05 9.98331E-05 9.98331E-05
9.9816E-05 9.9816E-05 9.9816E-05 9.9816E-05 9.9816E-05 9.9816E-05 9.9816E-05 9.9816E-05 9.9816E-05 9.9816E-05 9.9816E-05 9.9816E-05 9.9816E-05 9.9816E-05 0.0278844 0.958362 9.9816E-05 0.00452727 9.9816E-05 9.9816E-05 9.9816E-05 9.9816E-05 9.9816E-05 9.9816E-05 0.00712994
9.97897E-05 9.97897E-05 9.97897E-05 9.97897E-05 9.97897E-05 9.97897E-05 9.97897E-05 9.97897E-05 9.97897E-05 9.97897E-05 9.97897E-05 9.97897E-05 9.97897E-05 9.97897E-05 9.97897E-05 0.997605 9.97897E-05 9.97897E-05 9.97897E-05 9.97897E-05 9.97897E-05 9.97897E-05 9.97897E-05 9.97897E-05 9.97897E-05
9.97897E-05 9.97897E-05 9.97897E-05 9.97897E-05 9.97897E-05 9.97897E-05 9.97897E-05 9.97897E-05 9.97897E-05 9.97897E-05 9.97897E-05 9.97897E-05 9.97897E-05 9.97897E-05 9.97897E-05 0.997605 9.97897E-05 9.97897E-05 9.97897E-05 9.97897E-05 9.97897E-05 9.97897E-05 9.97897E-05 9.97897E-05 9.97897E-05
9.98071E-05 9.98071E-05 9.98071E-05 0.00923193 9.98071E-05 0.0597216 9.98071E-05 9.98071E-05 9.98071E-05 9.98071E-05 9.98071E-05 9.98071E-05 9.98071E-05 9.98071E-05 9.98071E-05 0.928851 9.98071E-05 9.98071E-05 9.98071E-05 9.98071E-05 9.98071E-05 9.98071E-05 9.98071E-05 9.98071E-05 9.98071E-05
9.98336E-05 9.98336E-05 0.0668468 9.98336E-05 9.98336E-05 9.98336E-05 9.98336E-05 9.98336E-05 0.0791677 9.98336E-05 9.98336E-05 9.98336E-05 9.98336E-05 0.113435 0.0611351 0.593713 9.98336E-05 9.98336E-05 9.98336E-05 9.98336E-05 9.98336E-05 9.98336E-05 9.98336E-05 9.98336E-05 0.0838053
9.98071E-05 9.98071E-05 9.98071E-05 9.98071E-05 9.98071E-05 9.98071E-05 0.786562 9.98071E-05 9.98071E-05 9.98071E-05 9.98071E-05 9.98071E-05 9.98071E-05 0.0976681 0.113574 9.98071E-05 9.98071E-05 9.98071E-05 9.98071E-05 9.98071E-05 9.98071E-05 9.98071E-05 9.98071E-05 9.98071E-05 9.98071E-05
0.0259747 9.98248E-05 0.370483 9.98248E-05 9.98248E-05 9.98248E-05 0.511454 9.98248E-05 9.98248E-05 9.98248E-05 9.98248E-05 9.98248E-05 9.98248E-05 0.0195381 0.0705538 9.98248E-05 9.98248E-05 9.98248E-05 9.98248E-05 9.98248E-05 9.98248E-05 9.98248E-05 9.98248E-05 9.98248E-05 9.98248E-05
9.98069E-05 9.98069E-05 9.98069E-05 9.98069E-05 9.98069E-05 9.98069E-05 0.90619 9.98069E-05 9.98069E-05 9.98069E-05 9.98069E-05 0.005843 9.98069E-05 0.0857711 9.98069E-05 9.98069E-05 9.98069E-05 9.98069E-05 9.98069E-05 9.98069E-05 9.98069E-05 9.98069E-05 9.98069E-05 9.98069E-05 9.98069E-05
9.98242E-05 9.98242E-05 9.98242E-05 9.98242E-05 9.98242E-05 0.0968483 0.749509 9.98242E-05 9.98242E-05 9.98242E-05 9.98242E-05 9.98242E-05 9.98242E-05 0.122099 0.0231797 9.98242E-05 9.98242E-05 9.98242E-05 9.98242E-05 9.98242E-05 0.00636733 9.98242E-05 9.98242E-05 9.98242E-05 9.98242E-05
9.98156E-05 9.98156E-05 9.98156E-05 0.00512561 9.98156E-05 9.98156E-05 0.920169 9.98156E-05 9.98156E-05 9.98156E-05 9.98156E-05 9.98156E-05 9.98156E-05 9.98156E-05 0.0696178 9.98156E-05 9.98156E-05 9.98156E-05 9.98156E-05 9.98156E-05 9.98156E-05 9.98156E-05 9.98156E-05 0.00299137 9.98156E-05
9.98247E-05 0.0271919 9.98247E-05 9.98247E-05 9.98247E-05 9.98247E-05 0.646843 9.98247E-05 9.98247E-05 9.98247E-05 9.98247E-05 9.98247E-05 9.98247E-05 0.174898 0.104064 9.98247E-05 9.98247E-05 0.0450055 9.98247E-05 9.98247E-05 9.98247E-05 9.98247E-05 9.98247E-05 9.98247E-05 9.98247E-05
9.98421E-05 9.98421E-05 9.98421E-05 0.0311311 9.98421E-05 0.00539244 0.799041 0.0282922 9.98421E-05 9.98421E-05 9.98421E-05 9.98421E-05 9.98421E-05 0.0650496 0.0686819 9.98421E-05 9.98421E-05 9.98421E-05 0.000614888 9.98421E-05 9.98421E-05 9.98421E-05 9.98421E-05 9.98421E-05 9.98421E-05
9.9807E-05 9.9807E-05 9.9807E-05 9.9807E-05 9.9807E-05 9.9807E-05 0.826913 9.9807E-05 9.9807E-05 9.9807E-05 9.9807E-05 9.9807E-05 9.9807E-05 9.9807E-05 0.17065 9.9807E-05 9.9807E-05 9.9807E-05 9.9807E-05 9.9807E-05 0.000241372 9.9807E-05 9.9807E-05 9.9807E-05 9.9807E-05
9.98243E-05 9.98243E-05 9.98243E-05 9.98243E-05 9.98243E-05 9.98243E-05 0.412312 9.98243E-05 0.112274 9.98243E-05 9.98243E-05 9.98243E-05 9.98243E-05 0.0182297 0.281722 9.98243E-05 9.98243E-05 0.173465 9.98243E-05 9.98243E-05 9.98243E-05 9.98243E-05 9.98243E-05 9.98243E-05 9.98243E-05
9.98069E-05 9.98069E-05 9.98069E-05 9.98069E-05 9.98069E-05 9.98069E-05 0.550505 9.98069E-05 9.98069E-05 9.98069E-05 9.98069E-05 9.98069E-05 9.98069E-05 0.23145 0.215849 9.98069E-05 9.98069E-05 9.98069E-05 9.98069E-05 9.98069E-05 9.98069E-05 9.98069E-05 9.98069E-05 9.98069E-05 9.98069E-05
0.0459959 9.98597E-05 0.189256 9.98597E-05 9.98597E-05 9.98597E-05 0.45609 9.98597E-05 9.98597E-05 9.98597E-05 0.0074575 9.98597E-05 9.98597E-05 0.0383286 0.0115196 9.98597E-05 9.98597E-05 0.222669 0.00646259 9.98597E-05 9.98597E-05 9.98597E-05 0.0206239 9.98597E-05 9.98597E-05
9.98334E-05 9.98334E-05 0.0374585 9.98334E-05 9.98334E-05 9.98334E-05 0.699789 9.98334E-05 9.98334E-05 9.98334E-05 9.98334E-05 9.98334E-05 9.98334E-05 0.00127291 9.98334E-05 9.98334E-05 9.98334E-05 0.223002 0.0199103 9.98334E-05 9.98334E-05 0.0166704 9.98334E-05 9.98334E-05 9.98334E-05
9.97985E-05 9.97985E-05 9.97985E-05 9.97985E-05 9.97985E-05 9.97985E-05 0.942801 9.97985E-05 9.97985E-05 9.97985E-05 9.97985E-05 9.97985E-05 9.97985E-05 9.97985E-05 0.0549038 9.97985E-05 9.97985E-05 9.97985E-05 9.97985E-05 9.97985E-05 9.97985E-05 9.97985E-05 9.97985E-05 9.97985E-05 9.97985E-05
9.98161E-05 9.98161E-05 0.00735299 9.98161E-05 9.98161E-05 9.98161E-05 0.757542 9.98161E-05 9.98161E-05 9.98161E-05 9.98161E-05 9.98161E-05 9.98161E-05 0.14726 0.0857483 9.98161E-05 9.98161E-05 9.98161E-05 9.98161E-05 9.98161E-05 9.98161E-05 9.98161E-05 9.98161E-05 9.98161E-05 9.98161E-05
9.9816E-05 0.065271 9.9816E-05 9.9816E-05 9.9816E-05 0.138481 0.715295 9.9816E-05 9.9816E-05 9.9816E-05 9.9816E-05 9.9816E-05 9.9816E-05 9.9816E-05 0.0788577 9.9816E-05 9.9816E-05 9.9816E-05 9.9816E-05 9.9816E-05 9.9816E-05 9.9816E-05 9.9816E-05 9.9816E-05 9.9816E-05
9.98422E-05 0.0514461 9.98422E-05 9.98422E-05 9.98422E-05 9.98422E-05 0.596391 9.98422E-05 0.0656271 9.98422E-05 0.0416495 9.98422E-05 9.98422E-05 0.122137 0.0169367 9.98422E-05 9.98422E-05 0.104015 9.98422E-05 9.98422E-05 9.98422E-05 9.98422E-05 9.98422E-05 9.98422E-05 9.98422E-05
9.98335E-05 9.98335E-05 0.0114194 9.98335E-05 9.98335E-05 9.98335E-05 0.527809 9.98335E-05 9.98335E-05 9.98335E-05 0.0582839 9.98335E-05 9.98335E-05 0.0610121 0.166244 9.98335E-05 9.98335E-05 0.173335 9.98335E-05 9.98335E-05 9.98335E-05 9.98335E-05 9.98335E-05 9.98335E-05 9.98335E-05
0.0338205 0.192106 9.98161E-05 9.98161E-05 9.98161E-05 9.98161E-05 0.646204 9.98161E-05 9.98161E-05 9.98161E-05 9.98161E-05 9.98161E-05 9.98161E-05 9.98161E-05 0.125773 9.98161E-05 9.98161E-05 9.98161E-05 9.98161E-05 9.98161E-05 9.98161E-05 9.98161E-05 9.98161E-05 9.98161E-05 9.98161E-05
9.97984E-05 9.97984E-05 9.97984E-05 9.97984E-05 9.97984E-05 9.97984E-05 0.988826 9.97984E-05 9.97984E-05 9.97984E-05 9.97984E-05 9.97984E-05 9.97984E-05 9.97984E-05 9.97984E-05 9.97984E-05 9.97984E-05 9.97984E-05 0.00887843 9.97984E-05 9.97984E-05 9.97984E-05 9.97984E-05 9.97984E-05 9.97984E-05
9.98421E-05 9.98421E-05 0.140768 9.98421E-05 0.0131987 9.98421E-05 0.48629 9.98421E-05 0.0610747 9.98421E-05 0.0946643 9.98421E-05 9.98421E-05 0.0875822 0.114624 9.98421E-05 9.98421E-05 9.98421E-05 9.98421E-05 9.98421E-05 9.98421E-05 9.98421E-05 9.98421E-05 9.98421E-05 9.98421E-05
9.98246E-05 0.0646595 9.98246E-05 9.98246E-05 9.98246E-05 9.98246E-05 0.732702 9.98246E-05 9.98246E-05 9.98246E-05 9.98246E-05 9.98246E-05 9.98246E-05 0.0702544 0.0106655 9.98246E-05 9.98246E-05 0.119722 9.98246E-05 9.98246E-05 9.98246E-05 9.98246E-05 9.98246E-05 9.98246E-05 9.98246E-05
9.98158E-05 9.98158E-05 9.98158E-05 0.029865 9.98158E-05 9.98158E-05 0.859943 9.98158E-05 9.98158E-05 9.98158E-05 9.98158E-05 9.98158E-05 9.98158E-05 0.0697979 0.0382979 9.98158E-05 9.98158E-05 9.98158E-05 9.98158E-05 9.98158E-05 9.98158E-05 9.98158E-05 9.98158E-05 9.98158E-05 9.98158E-05
9.98333E-05 9.98333E-05 9.98333E-05 9.98333E-05 9.98333E-05 9.98333E-05 0.33256 9.98333E-05 9.98333E-05 0.0836426 0.0781941 9.98333E-05 9.98333E-05 0.183432 0.198164 9.98333E-05 9.98333E-05 0.12211 9.98333E-05 9.98333E-05 9.98333E-05 9.98333E-05 9.98333E-05 9.98333E-05 9.98333E-05
9.98072E-05 9.98072E-05 0.0878052 9.98072E-05 9.98072E-05 9.98072E-05 0.688105 9.98072E-05 9.98072E-05 9.98072E-05 9.98072E-05 9.98072E-05 9.98072E-05 9.98072E-05 0.221894 9.98072E-05 9.98072E-05 9.98072E-05 9.98072E-05 9.98072E-05 9.98072E-05 9.98072E-05 9.98072E-05 9.98072E-05 9.98072E-05
9.98419E-05 9.98419E-05 9.98419E-05 9.98419E-05 9.98419E-05 9.98419E-05 0.429191 9.98419E-05 9.98419E-05 0.043125 0.0201532 9.98419E-05 9.98419E-05 0.175365 0.239368 9.98419E-05 9.98419E-05 0.0693492 9.98419E-05 0.0216518 9.98419E-05 9.98419E-05 9.98419E-05 9.98419E-05 9.98419E-05
9.9851E-05 9.9851E-05 0.201581 0.102352 0.0171211 9.9851E-05 0.301198 9.9851E-05 9.9851E-05 9.9851E-05 9.9851E-05 9.9851E-05 9.9851E-05 0.0725139 0.161652 0.075016 9.9851E-05 0.0668681 9.9851E-05 9.9851E-05 9.9851E-05 9.9851E-05 9.9851E-05 9.9851E-05 9.9851E-05
9.98422E-05 9.98422E-05 0.538349 9.98422E-05 9.98422E-05 9.98422E-05 0.235345 9.98422E-05 9.98422E-05 9.98422E-05 9.98422E-05 9.98422E-05 9.98422E-05 0.0877967 9.98422E-05 9.98422E-05 9.98422E-05 9.98422E-05 9.98422E-05 9.98422E-05 0.0145074 9.98422E-05 0.0206324 0.0937818 0.00779098
9.98155E-05 9.98155E-05 9.98155E-05 9.98155E-05 9.98155E-05 9.98155E-05 0.799816 9.98155E-05 9.98155E-05 9.98155E-05 9.98155E-05 9.98155E-05 9.98155E-05 0.154608 0.00776649 9.98155E-05 9.98155E-05 9.98155E-05 9.98155E-05 0.0357136 9.98155E-05 9.98155E-05 9.98155E-05 9.98155E-05 9.98155E-05
9.98159E-05 9.98159E-05 9.98159E-05 9.98159E-05 9.98159E-05 9.98159E-05 0.515817 9.98159E-05 9.98159E-05 9.98159E-05 9.98159E-05 9.98159E-05 9.98159E-05 0.174013 0.215516 9.98159E-05 9.98159E-05 0.0925577 9.98159E-05 9.98159E-05 9.98159E-05 9.98159E-05 9.98159E-05 9.98159E-05 9.98159E-05
9.98247E-05 9.98247E-05 0.0239665 9.98247E-05 9.98247E-05 9.98247E-05 0.724826 9.98247E-05 9.98247E-05 9.98247E-05 0.0448435 0.0314243 9.98247E-05 0.172943 9.98247E-05 9.98247E-05 9.98247E-05 9.98247E-05 9.98247E-05 9.98247E-05 9.98247E-05 9.98247E-05 9.98247E-05 9.98247E-05 9.98247E-05
9.98335E-05 9.98335E-05 9.98335E-05 9.98335E-05 0.0384971 9.98335E-05 0.672169 9.98335E-05 9.98335E-05 9.98335E-05 9.98335E-05 9.98335E-05 9.98335E-05 0.148893 0.0460299 9.98335E-05 9.98335E-05 0.0561256 0.0363888 9.98335E-05 9.98335E-05 9.98335E-05 9.98335E-05 9.98335E-05 9.98335E-05
9.98158E-05 9.98158E-05 9.98158E-05 9.98158E-05 0.0975865 9.98158E-05 0.884231 9.98158E-05 9.98158E-05 9.98158E-05 0.00688343 9.98158E-05 9.98158E-05 0.00920321 9.98158E-05 9.98158E-05 9.98158E-05 9.98158E-05 9.98158E-05 9.98158E-05 9.98158E-05 9.98158E-05 9.98158E-05 9.98158E-05 9.98158E-05
9.9842E-05 9.9842E-05 9.9842E-05 9.9842E-05 0.00568665 9.9842E-05 0.406999 9.9842E-05 9.9842E-05 9.9842E-05 0.133077 0.0842657 9.9842E-05 0.141648 0.222357 9.9842E-05 0.00416858 9.9842E-05 9.9842E-05 9.9842E-05 9.9842E-05 9.9842E-05 9.9842E-05 9.9842E-05 9.9842E-05
9.98244E-05 9.98244E-05 9.98244E-05 9.98244E-05 9.98244E-05 9.98244E-05 0.786372 0.113212 9.98244E-05 9.98244E-05 0.0416118 9.98244E-05 9.98244E-05 0.0333796 9.98244E-05 9.98244E-05 9.98244E-05 9.98244E-05 9.98244E-05 9.98244E-05 9.98244E-05 9.98244E-05 0.0234278 9.98244E-05 9.98244E-05
9.97984E-05 9.97984E-05 9.97984E-05 9.97984E-05 9.97984E-05 9.97984E-05 0.965674 9.97984E-05 9.97984E-05 9.97984E-05 9.97984E-05 9.97984E-05 9.97984E-05 0.0320308 9.97984E-05 9.97984E-05 9.97984E-05 9.97984E-05 9.97984E-05 9.97984E-05 9.97984E-05 9.97984E-05 9.97984E-05 9.97984E-05 9.97984E-05
9.98419E-05 0.100574 0.0681772 9.98419E-05 9.98419E-05 9.98419E-05 0.562082 9.98419E-05 0.154301 9.98419E-05 0.0294722 9.98419E-05 9.98419E-05 9.98419E-05 9.98419E-05 9.98419E-05 9.98419E-05 0.0721735 0.0114229 9.98419E-05 9.98419E-05 9.98419E-05 9.98419E-05 9.98419E-05 9.98419E-05
9.98157E-05 9.98157E-05 9.98157E-05 9.98157E-05 9.98157E-05 0.0572707 0.677729 9.98157E-05 9.98157E-05 9.98157E-05 9.98157E-05 9.98157E-05 9.98157E-05 0.191908 0.0709958 9.98157E-05 9.98157E-05 9.98157E-05 9.98157E-05 9.98157E-05 9.98157E-05 9.98157E-05 9.98157E-05 9.98157E-05 9.98157E-05
9.98157E-05 9.98157E-05 0.468621 9.98157E-05 9.98157E-05 0.0275929 0.406238 9.98157E-05 9.98157E-05 9.98157E-05 9.98157E-05 9.98157E-05 9.98157E-05 9.98157E-05 0.0954525 9.98157E-05 9.98157E-05 9.98157E-05 9.98157E-05 9.98157E-05 9.98157E-05 9.98157E-05 9.98157E-05 9.98157E-05 9.98157E-05
9.98072E-05 9.98072E-05 0.149443 9.98072E-05 9.98072E-05 9.98072E-05 0.75886 9.98072E-05 9.98072E-05 9.98072E-05 9.98072E-05 9.98072E-05 9.98072E-05 0.0895014 9.98072E-05 9.98072E-05 9.98072E-05 9.98072E-05 9.98072E-05 9.98072E-05 9.98072E-05 9.98072E-05 9.98072E-05 9.98072E-05 9.98072E-05
9.97987E-05 9.97987E-05 0.188384 9.97987E-05 9.97987E-05 9.97987E-05 0.809321 9.97987E-05 9.97987E-05 9.97987E-05 9.97987E-05 9.97987E-05 9.97987E-05 9.97987E-05 9.97987E-05 9.97987E-05 9.97987E-05 9.97987E-05 9.97987E-05 9.97987E-05 9.97987E-05 9.97987E-05 9.97987E-05 9.97987E-05 9.97987E-05
9.98248E-05 0.0126984 0.316469 9.98248E-05 0.0158258 9.98248E-05 0.618635 9.98248E-05 9.98248E-05 9.98248E-05 9.98248E-05 9.98248E-05 9.98248E-05 9.98248E-05 9.98248E-05 9.98248E-05 9.98248E-05 9.98248E-05 9.98248E-05 9.98248E-05 0.0343749 9.98248E-05 9.98248E-05 9.98248E-05 9.98248E-05
9.98421E-05 9.98421E-05 9.98421E-05 9.98421E-05 9.98421E-05 9.98421E-05 0.404 9.98421E-05 9.98421E-05 9.98421E-05 9.98421E-05 0.0278776 0.128503 0.215766 0.100159 9.98421E-05 9.98421E-05 0.0846269 0.0372698 9.98421E-05 9.98421E-05 9.98421E-05 9.98421E-05 9.98421E-05 9.98421E-05
9.98158E-05 9.98158E-05 9.98158E-05 9.98158E-05 9.98158E-05 9.98158E-05 0.811921 9.98158E-05 0.00843687 9.98158E-05 9.98158E-05 9.98158E-05 9.98158E-05 9.98158E-05 0.114845 9.98158E-05 9.98158E-05 9.98158E-05 9.98158E-05 9.98158E-05 9.98158E-05 9.98158E-05 0.0627016 9.98158E-05 9.98158E-05
9.98245E-05 9.98245E-05 0.467029 9.98245E-05 9.98245E-05 9.98245E-05 0.264402 9.98245E-05 9.98245E-05 9.98245E-05 0.0739489 9.98245E-05 9.98245E-05 0.0664546 0.126168 9.98245E-05 9.98245E-05 9.98245E-05 9.98245E-05 9.98245E-05 9.98245E-05 9.98245E-05 9.98245E-05 9.98245E-05 9.98245E-05
9.98247E-05 9.98247E-05 0.3558 9.98247E-05 9.98247E-05 9.98247E-05 0.497065 9.98247E-05 9.98247E-05 9.98247E-05 9.98247E-05 9.98247E-05 9.98247E-05 0.0624832 9.98247E-05 9.98247E-05 9.98247E-05 9.98247E-05 9.98247E-05 9.98247E-05 9.98247E-05 0.0513122 0.0313434 9.98247E-05 9.98247E-05
9.98419E-05 9.98419E-05 9.98419E-05 9.98419E-05 9.98419E-05 0.0151241 0.353032 0.0995636 9.98419E-05 9.98419E-05 0.0344388 9.98419E-05 0.0293085 9.98419E-05 0.225627 9.98419E-05 9.98419E-05 0.241109 9.98419E-05 9.98419E-05 9.98419E-05 9.98419E-05 9.98419E-05 9.98419E-05 9.98419E-05
9.98246E-05 9.98246E-05 9.98246E-05 0.0680918 9.98246E-05 9.98246E-05 0.613448 9.98246E-05 9.98246E-05 9.98246E-05 9.98246E-05 9.98246E-05 9.98246E-05 0.0268656 0.0878119 0.201787 9.98246E-05 9.98246E-05 9.98246E-05 9.98246E-05 9.98246E-05 9.98246E-05 9.98246E-05 9.98246E-05 9.98246E-05
9.98686E-05 9.98686E-05 0.0461094 0.123691 0.0599188 9.98686E-05 0.401378 0.021621 0.0779981 9.98686E-05 9.98686E-05 9.98686E-05 9.98686E-05 0.034023 0.104541 9.98686E-05 9.98686E-05 0.0973947 9.98686E-05 9.98686E-05 9.98686E-05 9.98686E-05 9.98686E-05 0.0318274 9.98686E-05
9.98159E-05 9.98159E-05 9.98159E-05 9.98159E-05 9.98159E-05 9.98159E-05 0.446041 0.0664245 9.98159E-05 9.98159E-05 9.98159E-05 9.98159E-05 9.98159E-05 0.215899 0.269539 9.98159E-05 9.98159E-05 9.98159E-05 9.98159E-05 9.98159E-05 9.98159E-05 9.98159E-05 9.98159E-05 9.98159E-05 9.98159E-05
9.98158E-05 9.98158E-05 0.401282 9.98158E-05 9.98158E-05 9.98158E-05 0.544163 9.98158E-05 9.98158E-05 9.98158E-05 9.98158E-05 9.98158E-05 9.98158E-05 0.04763 9.98158E-05 9.98158E-05 9.98158E-05 0.00482927 9.98158E-05 9.98158E-05 9.98158E-05 9.98158E-05 9.98158E-05 9.98158E-05 9.98158E-05
9.98244E-05 0.0223865 9.98244E-05 9.98244E-05 9.98244E-05 9.98244E-05 0.67587 9.98244E-05 9.98244E-05 9.98244E-05 9.98244E-05 9.98244E-05 9.98244E-05 0.0735257 9.98244E-05 9.98244E-05 0.0411735 9.98244E-05 9.98244E-05 9.98244E-05 0.185048 9.98244E-05 9.98244E-05 9.98244E-05 9.98244E-05
