0.0183469 9.99561E-05 0.104688 9.99561E-05 0.0733591 9.99561E-05 0.0367434 0.272386 9.99561E-05 0.493977 9.99561E-05
9.9921E-05 9.9921E-05 9.9921E-05 9.9921E-05 9.9921E-05 9.9921E-05 9.9921E-05 0.250253 9.9921E-05 0.748848 9.9921E-05
9.99298E-05 9.99298E-05 9.99298E-05 9.99298E-05 0.06259 9.99298E-05 9.99298E-05 0.0245722 9.99298E-05 0.912038 9.99298E-05
0.338828 0.0491299 0.0489699 9.99737E-05 9.99737E-05 0.0981067 0.0302753 0.0962211 0.0298078 0.308361 9.99737E-05
9.9921E-05 9.9921E-05 9.9921E-05 9.9921E-05 9.9921E-05 9.9921E-05 9.9921E-05 9.9921E-05 0.152906 0.846194 9.9921E-05
0.135171 0.0838966 9.99649E-05 9.99649E-05 9.99649E-05 9.99649E-05 0.196087 0.0339625 0.201385 0.345762 0.0033365
0.315614 9.99386E-05 0.109995 9.99386E-05 9.99386E-05 9.99386E-05 9.99386E-05 0.245849 9.99386E-05 0.327843 9.99386E-05
0.110351 9.99649E-05 0.067984 0.181043 9.99649E-05 9.99649E-05 0.21186 9.99649E-05 0.0660618 0.314845 0.0474547
9.99473E-05 9.99473E-05 9.99473E-05 9.99473E-05 0.294521 0.00607752 0.238507 0.221283 9.99473E-05 0.239012 9.99473E-05
9.99297E-05 9.99297E-05 9.99297E-05 9.99297E-05 9.99297E-05 9.99297E-05 9.99297E-05 0.0248193 9.99297E-05 0.94219 0.0321913
9.99473E-05 9.99473E-05 0.174287 9.99473E-05 0.00412179 9.99473E-05 0.0234205 0.201769 9.99473E-05 0.595802 9.99473E-05
0.0202193 9.99298E-05 0.0332116 9.99298E-05 9.99298E-05 9.99298E-05 9.99298E-05 9.99298E-05 9.99298E-05 0.94577 9.99298E-05
0.0112119 9.99385E-05 9.99385E-05 9.99385E-05 9.99385E-05 9.99385E-05 9.99385E-05 0.0904574 0.00430605 0.893325 9.99385E-05
9.99474E-05 0.204399 0.0679853 0.0427581 9.99474E-05 9.99474E-05 9.99474E-05 0.020979 9.99474E-05 0.663279 9.99474E-05
0.168317 0.0272389 9.99561E-05 9.99561E-05 0.0208388 9.99561E-05 0.197431 0.207439 9.99561E-05 0.378236 9.99561E-05
0.196883 9.99473E-05 9.99473E-05 0.0976585 9.99473E-05 9.99473E-05 0.244268 0.15722 9.99473E-05 0.303371 9.99473E-05
0.0611969 0.0692678 0.0627163 0.0218494 9.99561E-05 9.99561E-05 9.99561E-05 0.131099 9.99561E-05 0.653371 9.99561E-05
9.99561E-05 9.99561E-05 0.0743914 9.99561E-05 0.0203446 0.128603 9.99561E-05 0.237711 9.99561E-05 0.390413 0.148037
0.138655 9.99648E-05 0.0550375 9.99648E-05 9.99648E-05 0.0165527 0.142559 0.177756 9.99648E-05 0.407277 0.0617625
9.9921E-05 9.9921E-05 9.9921E-05 9.9921E-05 9.9921E-05 0.0571677 9.9921E-05 9.9921E-05 9.9921E-05 0.941933 9.9921E-05
0.149995 9.99561E-05 0.0794503 9.99561E-05 0.0465933 9.99561E-05 0.099254 9.99561E-05 0.0706709 0.553537 9.99561E-05
0.214792 9.99473E-05 0.0246089 9.99473E-05 9.99473E-05 9.99473E-05 0.193623 9.99473E-05 0.172394 0.393982 9.99473E-05
9.99298E-05 9.99298E-05 0.0661044 9.99298E-05 9.99298E-05 9.99298E-05 9.99298E-05 0.214869 9.99298E-05 0.718227 9.99298E-05
0.016998 9.99473E-05 9.99473E-05 0.0377482 0.107839 9.99473E-05 9.99473E-05 0.353337 9.99473E-05 0.483478 9.99473E-05
0.0578081 0.0909568 0.068577 9.99736E-05 0.0221182 0.138898 0.133901 0.158687 9.99736E-05 0.328754 9.99736E-05
0.0903295 0.0561728 0.0172268 9.99561E-05 9.99561E-05 9.99561E-05 0.0466007 0.0797277 9.99561E-05 0.709443 9.99561E-05
0.0302989 0.127312 0.0275905 0.133032 9.99824E-05 9.99824E-05 0.0404637 0.347291 0.0187136 0.132354 0.142745
0.143475 9.99298E-05 9.99298E-05 9.99298E-05 9.99298E-05 9.99298E-05 9.99298E-05 0.0314727 9.99298E-05 0.824253 9.99298E-05
9.99561E-05 0.024278 0.00921086 9.99561E-05 0.0446017 0.00618988 9.99561E-05 0.246334 9.99561E-05 0.668885 9.99561E-05
9.99561E-05 0.0308074 0.0103359 9.99561E-05 0.0605135 9.99561E-05 0.0643237 0.0848769 9.99561E-05 0.748643 9.99561E-05
0.000233088 9.99561E-05 0.0671218 9.99561E-05 9.99561E-05 0.0525015 0.0641113 0.046417 9.99561E-05 0.769115 9.99561E-05
0.0606952 0.272017 0.0708227 9.99474E-05 9.99474E-05 9.99474E-05 9.99474E-05 9.99474E-05 0.0413206 0.554545 9.99474E-05
9.99473E-05 0.00409857 0.117044 0.0675821 9.99473E-05 9.99473E-05 9.99473E-05 0.184079 9.99473E-05 0.626596 9.99473E-05
0.0754227 0.181008 0.0760695 9.99649E-05 0.0447993 9.99649E-05 9.99649E-05 0.192521 9.99649E-05 0.410408 0.019371
9.99386E-05 9.99386E-05 0.0735252 9.99386E-05 9.99386E-05 0.0914155 9.99386E-05 0.0134398 9.99386E-05 0.82092 9.99386E-05
0.105091 9.99649E-05 0.00505167 9.99649E-05 0.0560269 0.000992702 0.00501976 0.0856808 9.99649E-05 0.741738 9.99649E-05
0.095642 9.99299E-05 0.01538 9.99299E-05 9.99299E-05 9.99299E-05 9.99299E-05 9.99299E-05 9.99299E-05 0.888179 9.99299E-05
9.99474E-05 0.0545011 9.99474E-05 9.99474E-05 9.99474E-05 0.037836 0.123103 0.222843 9.99474E-05 0.561117 9.99474E-05
9.99562E-05 0.0623732 9.99562E-05 9.99562E-05 9.99562E-05 9.99562E-05 0.0283822 0.309459 0.0313263 0.544583 0.0233762
9.99385E-05 0.172675 9.99385E-05 0.203554 9.99385E-05 9.99385E-05 9.99385E-05 0.0703407 9.99385E-05 0.552731 9.99385E-05
9.99385E-05 9.99385E-05 9.99385E-05 0.0711255 9.99385E-05 9.99385E-05 0.0333254 0.0262285 9.99385E-05 0.868621 9.99385E-05
9.99386E-05 9.99386E-05 9.99386E-05 9.99386E-05 0.0244953 9.99386E-05 0.0873876 0.209025 9.99386E-05 0.678393 9.99386E-05
9.99298E-05 0.0775024 9.99298E-05 9.99298E-05 9.99298E-05 9.99298E-05 9.99298E-05 9.99298E-05 0.104474 0.817224 9.99298E-05
9.99561E-05 0.00163901 0.101817 9.99561E-05 0.137409 9.99561E-05 0.117509 0.282857 9.99561E-05 0.358269 9.99561E-05
0.33435 9.99474E-05 9.99474E-05 9.99474E-05 9.99474E-05 0.0235249 9.99474E-05 0.332542 0.0336346 0.275349 9.99474E-05
9.99297E-05 9.99297E-05 9.99297E-05 9.99297E-05 9.99297E-05 0.0755367 9.99297E-05 9.99297E-05 0.0284309 0.895233 9.99297E-05
9.99473E-05 9.99473E-05 0.0260192 9.99473E-05 9.99473E-05 9.99473E-05 0.0806625 0.0117785 9.99473E-05 0.845186 0.0357538
9.99123E-05 9.99123E-05 9.99123E-05 9.99123E-05 9.99123E-05 9.99123E-05 9.99123E-05 9.99123E-05 9.99123E-05 0.999001 9.99123E-05
0.0598137 9.9956E-05 0.0337412 0.0216566 9.9956E-05 9.9956E-05 9.9956E-05 0.113479 0.0678081 0.703001 9.9956E-05
9.99387E-05 9.99387E-05 9.99387E-05 9.99387E-05 9.99387E-05 0.126757 0.0204743 9.99387E-05 9.99387E-05 0.779466 0.0726037
0.0645883 0.161021 0.0749355 9.99824E-05 0.124585 0.00891358 0.0410226 0.225492 0.0296364 0.269606 9.99824E-05
0.0456455 0.0311461 9.99561E-05 0.0626834 9.99561E-05 0.117309 0.0436287 9.99561E-05 9.99561E-05 0.699088 9.99561E-05
9.9921E-05 9.9921E-05 9.9921E-05 9.9921E-05 9.9921E-05 9.9921E-05 9.9921E-05 9.9921E-05 9.9921E-05 0.897695 0.101406
9.99737E-05 0.00929116 9.99737E-05 0.215936 9.99737E-05 0.00643705 0.0100621 0.0170623 0.0596017 0.666124 0.0151859
9.99561E-05 9.99561E-05 9.99561E-05 0.00388901 0.0227136 0.0141043 9.99561E-05 0.0574048 0.0365733 0.864815 9.99561E-05
9.99474E-05 0.0708382 9.99474E-05 0.0161971 9.99474E-05 0.158188 9.99474E-05 9.99474E-05 0.0459198 0.708257 9.99474E-05
0.062522 9.99648E-05 0.0236268 0.00181984 9.99648E-05 9.99648E-05 0.034224 9.99648E-05 0.023573 0.797653 0.0561814
0.123422 9.99386E-05 0.0198094 9.99386E-05 9.99386E-05 9.99386E-05 0.00908711 9.99386E-05 9.99386E-05 0.846982 9.99386E-05
0.00452639 9.99561E-05 0.0513837 9.99561E-05 9.99561E-05 9.99561E-05 0.0159884 0.0472127 9.99561E-05 0.873957 0.00643183
9.99474E-05 9.99474E-05 0.0895832 9.99474E-05 9.99474E-05 9.99474E-05 0.0891004 0.642034 9.99474E-05 0.0731505 0.105532
0.210308 9.99562E-05 0.0173932 0.0675843 0.0014442 9.99562E-05 9.99562E-05 0.353801 9.99562E-05 0.34897 9.99562E-05
9.99474E-05 0.0238521 9.99474E-05 0.137503 9.99474E-05 9.99474E-05 9.99474E-05 0.357709 9.99474E-05 0.285018 0.195319
0.00170227 0.200934 0.0341809 9.99561E-05 9.99561E-05 9.99561E-05 0.202216 0.48099 9.99561E-05 9.99561E-05 0.0794775
0.161977 9.99736E-05 0.0305635 0.0421297 9.99736E-05 0.0241416 0.115101 0.420519 9.99736E-05 0.122494 0.0827741
9.99473E-05 9.99473E-05 0.0750327 9.99473E-05 0.0860726 9.99473E-05 0.0729951 0.73438 9.99473E-05 9.99473E-05 0.0309199
0.126669 9.99474E-05 0.0734895 9.99474E-05 9.99474E-05 9.99474E-05 0.0259071 0.763205 9.99474E-05 0.0101302 9.99474E-05
9.99473E-05 9.99473E-05 0.0352078 0.035777 9.99473E-05 9.99473E-05 0.137428 0.617536 9.99473E-05 9.99473E-05 0.173451
9.99562E-05 0.107815 0.0211317 9.99562E-05 0.108195 9.99562E-05 9.99562E-05 0.50509 9.99562E-05 0.178236 0.0790331
0.15591 9.99473E-05 0.137393 9.99473E-05 9.99473E-05 9.99473E-05 0.128905 0.30737 9.99473E-05 0.269822 9.99473E-05
0.038507 9.99473E-05 0.217199 9.99473E-05 9.99473E-05 9.99473E-05 0.0601402 0.657182 9.99473E-05 9.99473E-05 0.0263724
0.185421 9.99561E-05 0.137086 0.136528 9.99561E-05 9.99561E-05 0.022211 0.515313 9.99561E-05 0.00294019 9.99561E-05
0.10825 0.0441326 0.160977 0.070779 9.99737E-05 9.99737E-05 0.166785 0.329035 0.111757 0.00798492 9.99737E-05
0.0124397 9.99561E-05 9.99561E-05 0.0415409 9.99561E-05 9.99561E-05 0.0144756 0.715949 0.164877 0.0502176 9.99561E-05
9.99562E-05 0.223202 0.0307157 0.141145 0.0664871 9.99562E-05 9.99562E-05 0.299791 9.99562E-05 0.238159 9.99562E-05
0.0998042 0.030565 0.0820225 9.99562E-05 9.99562E-05 9.99562E-05 0.0750523 0.452762 9.99562E-05 0.259294 9.99562E-05
0.270547 0.0471782 9.99474E-05 0.0163032 9.99474E-05 9.99474E-05 9.99474E-05 0.47448 9.99474E-05 9.99474E-05 0.190892
0.373295 9.99561E-05 0.223143 9.99561E-05 9.99561E-05 9.99561E-05 0.0766311 0.25252 9.99561E-05 0.0636156 0.0102952
0.111109 9.99561E-05 0.0798916 9.99561E-05 9.99561E-05 9.99561E-05 0.00309432 0.474342 9.99561E-05 0.198765 0.132298
9.99473E-05 9.99473E-05 0.0462102 0.107343 9.99473E-05 9.99473E-05 9.99473E-05 0.754247 0.0649267 9.99473E-05 0.0266732
9.99562E-05 0.0362719 0.0262139 0.0706411 9.99562E-05 9.99562E-05 9.99562E-05 0.441282 0.0820484 0.343043 9.99562E-05
0.460726 9.99386E-05 9.99386E-05 9.99386E-05 9.99386E-05 9.99386E-05 0.0118796 0.451447 9.99386E-05 0.0752474 9.99386E-05
0.00273915 0.241096 0.0341593 0.0101758 9.99824E-05 0.0130871 0.011915 0.423736 9.99824E-05 0.183309 0.0795833
0.167287 0.0492727 0.0285583 0.0495356 0.0904276 9.998E-05 0.0738449 0.26653 9.998E-05 0.172162 0.102181
0.144919 0.0154744 0.262097 9.99561E-05 9.99561E-05 9.99561E-05 0.0202862 0.326738 9.99561E-05 0.229985 9.99561E-05
0.00884993 0.0195232 0.083544 0.000630828 9.99825E-05 0.0179698 0.0547064 0.470049 0.00656871 0.337958 9.99825E-05
0.0394943 0.0555926 9.99649E-05 9.99649E-05 0.0389702 9.99649E-05 0.00550676 0.34495 9.99649E-05 0.433004 0.0820824
0.123772 9.99562E-05 9.99562E-05 9.99562E-05 0.0321824 9.99562E-05 0.0124207 0.583408 9.99562E-05 0.242058 0.00565957
0.00362786 9.99474E-05 9.99474E-05 9.99474E-05 9.99474E-05 9.99474E-05 0.106365 0.352132 9.99474E-05 0.297626 0.23965
9.99474E-05 0.197096 9.99474E-05 0.0158135 9.99474E-05 9.99474E-05 0.078951 0.444695 9.99474E-05 0.262844 9.99474E-05
9.99385E-05 0.728854 9.99385E-05 9.99385E-05 9.99385E-05 9.99385E-05 0.0878289 0.148107 0.0345105 9.99385E-05 9.99385E-05
9.99299E-05 0.965937 9.99299E-05 9.99299E-05 9.99299E-05 9.99299E-05 0.0190818 9.99299E-05 9.99299E-05 0.0141814 9.99299E-05
9.9956E-05 0.69783 9.9956E-05 0.0228987 9.9956E-05 9.9956E-05 0.0521575 0.0758808 0.087199 9.9956E-05 0.0635337
9.99472E-05 0.672627 0.0749707 9.99472E-05 9.99472E-05 9.99472E-05 0.130013 0.0450678 9.99472E-05 9.99472E-05 0.0767221
9.9956E-05 0.707188 9.9956E-05 9.9956E-05 0.0757893 0.000509945 0.12286 9.9956E-05 0.085181 9.9956E-05 0.0079712
0.0677255 0.509122 9.99385E-05 9.99385E-05 9.99385E-05 9.99385E-05 0.241261 0.181192 9.99385E-05 9.99385E-05 9.99385E-05
9.99473E-05 0.648847 0.0620541 9.99473E-05 9.99473E-05 0.0026613 0.171093 9.99473E-05 9.99473E-05 9.99473E-05 0.114745
9.99297E-05 0.686092 9.99297E-05 9.99297E-05 9.99297E-05 9.99297E-05 0.290573 0.0225352 9.99297E-05 9.99297E-05 9.99297E-05
9.99385E-05 0.246465 0.0632695 9.99385E-05 9.99385E-05 9.99385E-05 0.486909 0.202657 9.99385E-05 9.99385E-05 9.99385E-05
0.0881271 0.436237 9.99385E-05 9.99385E-05 9.99385E-05 9.99385E-05 0.204922 0.270014 9.99385E-05 9.99385E-05 9.99385E-05
9.99299E-05 0.78809 9.99299E-05 9.99299E-05 9.99299E-05 9.99299E-05 0.0560764 0.155034 9.99299E-05 9.99299E-05 9.99299E-05
9.99385E-05 0.710343 0.0138313 9.99385E-05 9.99385E-05 0.0331319 9.99385E-05 0.241995 9.99385E-05 9.99385E-05 9.99385E-05
9.99386E-05 0.801313 9.99386E-05 0.0109049 9.99386E-05 9.99386E-05 0.127359 9.99386E-05 9.99386E-05 9.99386E-05 0.0597231
9.99385E-05 0.619269 9.99385E-05 9.99385E-05 0.00946987 9.99385E-05 0.167159 0.203403 9.99385E-05 9.99385E-05 9.99385E-05
9.99473E-05 0.710857 0.00717435 0.0258891 9.99473E-05 9.99473E-05 0.102439 9.99473E-05 9.99473E-05 9.99473E-05 0.153041
9.99385E-05 0.550068 0.0324189 9.99385E-05 9.99385E-05 9.99385E-05 0.0833417 0.333472 9.99385E-05 9.99385E-05 9.99385E-05
9.99385E-05 0.593004 9.99385E-05 9.99385E-05 9.99385E-05 0.0916593 0.0847548 0.229883 9.99385E-05 9.99385E-05 9.99385E-05
9.99386E-05 0.696705 0.015694 9.99386E-05 9.99386E-05 9.99386E-05 0.16673 9.99386E-05 0.120172 9.99386E-05 9.99386E-05
0.0396824 0.776215 0.0528295 9.99473E-05 9.99473E-05 9.99473E-05 0.0529336 9.99473E-05 0.07774 9.99473E-05 9.99473E-05
9.99649E-05 0.649755 0.0212004 0.00140623 9.99649E-05 0.043834 0.129546 0.10532 9.99649E-05 9.99649E-05 0.0485388
0.0552388 0.677463 9.99385E-05 9.99385E-05 9.99385E-05 9.99385E-05 0.0720663 0.194532 9.99385E-05 9.99385E-05 9.99385E-05
9.99472E-05 0.796473 0.0375062 9.99472E-05 9.99472E-05 9.99472E-05 0.047891 0.0714747 9.99472E-05 9.99472E-05 0.0460558
9.99473E-05 0.28229 9.99473E-05 9.99473E-05 9.99473E-05 0.113594 0.303092 0.247813 0.0526109 9.99473E-05 9.99473E-05
9.99298E-05 0.719749 0.0392882 9.99298E-05 9.99298E-05 9.99298E-05 0.240164 9.99298E-05 9.99298E-05 9.99298E-05 9.99298E-05
9.9956E-05 0.255872 9.9956E-05 9.9956E-05 0.040714 0.0805177 0.298644 0.29831 0.0254418 9.9956E-05 9.9956E-05
9.99298E-05 0.631115 9.99298E-05 9.99298E-05 9.99298E-05 9.99298E-05 0.146675 0.221411 9.99298E-05 9.99298E-05 9.99298E-05
9.99386E-05 0.778347 9.99386E-05 9.99386E-05 0.126406 0.0397082 9.99386E-05 9.99386E-05 9.99386E-05 0.0548384 9.99386E-05
0.121098 0.689941 9.99384E-05 9.99384E-05 9.99384E-05 9.99384E-05 0.150206 9.99384E-05 0.0380554 9.99384E-05 9.99384E-05
9.99385E-05 0.530789 9.99385E-05 9.99385E-05 9.99385E-05 0.00243592 0.28429 0.181786 9.99385E-05 9.99385E-05 9.99385E-05
9.99561E-05 0.795103 0.0677892 9.99561E-05 9.99561E-05 0.0852465 0.0262879 0.0203603 0.00471293 9.99561E-05 9.99561E-05
9.99474E-05 0.690137 0.026735 0.129845 9.99474E-05 9.99474E-05 0.0314005 0.121282 9.99474E-05 9.99474E-05 9.99474E-05
9.99385E-05 0.861408 9.99385E-05 0.098386 0.0283576 9.99385E-05 9.99385E-05 0.0111487 9.99385E-05 9.99385E-05 9.99385E-05
9.99473E-05 0.242217 9.99473E-05 9.99473E-05 9.99473E-05 0.215084 0.37514 0.0690475 0.097912 9.99473E-05 9.99473E-05
0.0014889 0.703975 9.99472E-05 9.99472E-05 9.99472E-05 0.0750595 0.116021 0.102856 9.99472E-05 9.99472E-05 9.99472E-05
9.99209E-05 0.898736 9.99209E-05 9.99209E-05 9.99209E-05 9.99209E-05 0.100365 9.99209E-05 9.99209E-05 9.99209E-05 9.99209E-05
9.99561E-05 0.7393 0.0359199 0.00307119 0.0687009 9.99561E-05 0.126073 9.99561E-05 9.99561E-05 9.99561E-05 0.0264355
9.99472E-05 0.520082 0.0460361 9.99472E-05 9.99472E-05 9.99472E-05 0.127232 0.21018 9.99472E-05 9.99472E-05 0.0958707
9.99211E-05 0.947348 9.99211E-05 9.99211E-05 9.99211E-05 9.99211E-05 0.0517524 9.99211E-05 9.99211E-05 9.99211E-05 9.99211E-05
9.99298E-05 0.924374 9.99298E-05 9.99298E-05 9.99298E-05 0.0347224 0.0401041 9.99298E-05 9.99298E-05 9.99298E-05 9.99298E-05
9.99123E-05 0.999001 9.99123E-05 9.99123E-05 9.99123E-05 9.99123E-05 9.99123E-05 9.99123E-05 9.99123E-05 9.99123E-05 9.99123E-05
9.99299E-05 0.955537 9.99299E-05 9.99299E-05 9.99299E-05 9.99299E-05 0.00238717 9.99299E-05 9.99299E-05 9.99299E-05 0.041276
9.99385E-05 0.260001 9.99385E-05 9.99385E-05 9.99385E-05 9.99385E-05 0.218314 0.487238 0.0337466 9.99385E-05 9.99385E-05
0.025193 0.681838 9.99385E-05 9.99385E-05 9.99385E-05 9.99385E-05 0.222463 9.99385E-05 0.0698066 9.99385E-05 9.99385E-05
9.99299E-05 0.874712 9.99299E-05 9.99299E-05 9.99299E-05 0.0109508 0.113537 9.99299E-05 9.99299E-05 9.99299E-05 9.99299E-05
9.99211E-05 0.984387 9.99211E-05 9.99211E-05 9.99211E-05 9.99211E-05 9.99211E-05 9.99211E-05 9.99211E-05 0.0147135 9.99211E-05
9.9956E-05 0.359591 0.010946 9.9956E-05 9.9956E-05 0.142045 0.292294 0.162519 9.9956E-05 9.9956E-05 0.0321047
9.99473E-05 0.625448 0.0314528 9.99473E-05 9.99473E-05 9.99473E-05 0.142001 0.183219 9.99473E-05 9.99473E-05 0.0172785
9.99561E-05 0.565971 9.99561E-05 0.0114662 0.129816 9.99561E-05 0.196997 0.0575669 9.99561E-05 9.99561E-05 0.0376834
9.99473E-05 0.334165 0.0459468 9.99473E-05 9.99473E-05 0.0789922 0.319877 0.22042 9.99473E-05 9.99473E-05 9.99473E-05
9.99123E-05 0.999001 9.99123E-05 9.99123E-05 9.99123E-05 9.99123E-05 9.99123E-05 9.99123E-05 9.99123E-05 9.99123E-05 9.99123E-05
0.302144 0.56413 9.99385E-05 9.99385E-05 9.99385E-05 9.99385E-05 0.0513551 0.0816715 9.99385E-05 9.99385E-05 9.99385E-05
9.99211E-05 0.914288 9.99211E-05 9.99211E-05 9.99211E-05 9.99211E-05 0.0848127 9.99211E-05 9.99211E-05 9.99211E-05 9.99211E-05
9.99386E-05 0.757836 0.0712735 9.99386E-05 9.99386E-05 9.99386E-05 0.124646 9.99386E-05 9.99386E-05 9.99386E-05 0.045545
9.99385E-05 0.675408 9.99385E-05 0.176507 9.99385E-05 9.99385E-05 0.114447 9.99385E-05 9.99385E-05 9.99385E-05 0.0329383
0.18856 0.71558 0.0369372 9.99472E-05 9.99472E-05 9.99472E-05 0.0548558 9.99472E-05 9.99472E-05 9.99472E-05 0.00346717
0.00205772 0.370187 0.00984202 9.9956E-05 9.9956E-05 0.0285597 0.253713 0.335141 9.9956E-05 9.9956E-05 9.9956E-05
9.99297E-05 0.777044 9.99297E-05 9.99297E-05 0.013988 9.99297E-05 0.208169 9.99297E-05 9.99297E-05 9.99297E-05 9.99297E-05
9.99648E-05 0.758839 0.0513341 0.0454147 9.99648E-05 0.00961529 0.0567202 0.0437307 0.0339461 9.99648E-05 9.99648E-05
9.99385E-05 0.788329 9.99385E-05 9.99385E-05 0.0127587 0.187945 9.99385E-05 0.0102685 9.99385E-05 9.99385E-05 9.99385E-05
9.9921E-05 0.79452 9.9921E-05 9.9921E-05 9.9921E-05 9.9921E-05 0.204581 9.9921E-05 9.9921E-05 9.9921E-05 9.9921E-05
9.99119E-05 9.99119E-05 9.99119E-05 9.99119E-05 9.99119E-05 9.99119E-05 9.99119E-05 0.999001 9.99119E-05 9.99119E-05 9.99119E-05
9.99119E-05 9.99119E-05 9.99119E-05 9.99119E-05 9.99119E-05 9.99119E-05 0.999001 9.99119E-05 9.99119E-05 9.99119E-05 9.99119E-05
9.99119E-05 9.99119E-05 9.99119E-05 9.99119E-05 9.99119E-05 9.99119E-05 9.99119E-05 0.999001 9.99119E-05 9.99119E-05 9.99119E-05
9.9912E-05 9.9912E-05 9.9912E-05 9.9912E-05 9.9912E-05 9.9912E-05 0.999001 9.9912E-05 9.9912E-05 9.9912E-05 9.9912E-05
9.99119E-05 9.99119E-05 9.99119E-05 9.99119E-05 9.99119E-05 9.99119E-05 0.999001 9.99119E-05 9.99119E-05 9.99119E-05 9.99119E-05
9.99121E-05 9.99121E-05 9.99121E-05 9.99121E-05 9.99121E-05 9.99121E-05 0.999001 9.99121E-05 9.99121E-05 9.99121E-05 9.99121E-05
9.99119E-05 9.99119E-05 9.99119E-05 9.99119E-05 9.99119E-05 9.99119E-05 9.99119E-05 0.999001 9.99119E-05 9.99119E-05 9.99119E-05
9.99119E-05 9.99119E-05 9.99119E-05 9.99119E-05 9.99119E-05 9.99119E-05 0.999001 9.99119E-05 9.99119E-05 9.99119E-05 9.99119E-05
9.9912E-05 9.9912E-05 9.9912E-05 9.9912E-05 9.9912E-05 9.9912E-05 0.999001 9.9912E-05 9.9912E-05 9.9912E-05 9.9912E-05
9.9912E-05 9.9912E-05 9.9912E-05 9.9912E-05 9.9912E-05 9.9912E-05 9.9912E-05 0.999001 9.9912E-05 9.9912E-05 9.9912E-05
9.9912E-05 9.9912E-05 9.9912E-05 9.9912E-05 9.9912E-05 9.9912E-05 9.9912E-05 0.999001 9.9912E-05 9.9912E-05 9.9912E-05
9.99119E-05 9.99119E-05 9.99119E-05 9.99119E-05 9.99119E-05 9.99119E-05 9.99119E-05 0.999001 9.99119E-05 9.99119E-05 9.99119E-05
9.9912E-05 9.9912E-05 9.9912E-05 9.9912E-05 9.9912E-05 9.9912E-05 0.999001 9.9912E-05 9.9912E-05 9.9912E-05 9.9912E-05
9.99119E-05 9.99119E-05 9.99119E-05 9.99119E-05 9.99119E-05 9.99119E-05 0.999001 9.99119E-05 9.99119E-05 9.99119E-05 9.99119E-05
9.9912E-05 9.9912E-05 9.9912E-05 9.9912E-05 9.9912E-05 9.9912E-05 9.9912E-05 0.999001 9.9912E-05 9.9912E-05 9.9912E-05
9.99119E-05 9.99119E-05 9.99119E-05 9.99119E-05 9.99119E-05 9.99119E-05 9.99119E-05 0.999001 9.99119E-05 9.99119E-05 9.99119E-05
0.117536 0.343479 9.99736E-05 0.0530488 0.0575601 0.0434421 0.0817089 0.179876 0.12305 9.99736E-05 9.99736E-05
9.99119E-05 9.99119E-05 9.99119E-05 9.99119E-05 9.99119E-05 9.99119E-05 9.99119E-05 0.999001 9.99119E-05 9.99119E-05 9.99119E-05
9.9912E-05 9.9912E-05 9.9912E-05 9.9912E-05 9.9912E-05 9.9912E-05 0.999001 9.9912E-05 9.9912E-05 9.9912E-05 9.9912E-05
9.99119E-05 9.99119E-05 9.99119E-05 9.99119E-05 9.99119E-05 9.99119E-05 9.99119E-05 0.999001 9.99119E-05 9.99119E-05 9.99119E-05
9.99119E-05 9.99119E-05 9.99119E-05 9.99119E-05 9.99119E-05 9.99119E-05 9.99119E-05 0.999001 9.99119E-05 9.99119E-05 9.99119E-05
9.9912E-05 9.9912E-05 9.9912E-05 9.9912E-05 9.9912E-05 9.9912E-05 9.9912E-05 0.999001 9.9912E-05 9.9912E-05 9.9912E-05
9.9912E-05 9.9912E-05 9.9912E-05 9.9912E-05 9.9912E-05 9.9912E-05 0.999001 9.9912E-05 9.9912E-05 9.9912E-05 9.9912E-05
9.99119E-05 9.99119E-05 9.99119E-05 9.99119E-05 9.99119E-05 9.99119E-05 9.99119E-05 0.999001 9.99119E-05 9.99119E-05 9.99119E-05
9.9912E-05 9.9912E-05 9.9912E-05 9.9912E-05 9.9912E-05 9.9912E-05 0.999001 9.9912E-05 9.9912E-05 9.9912E-05 9.9912E-05
9.9912E-05 9.9912E-05 9.9912E-05 9.9912E-05 9.9912E-05 9.9912E-05 9.9912E-05 0.999001 9.9912E-05 9.9912E-05 9.9912E-05
9.99119E-05 9.99119E-05 9.99119E-05 9.99119E-05 9.99119E-05 9.99119E-05 9.99119E-05 0.999001 9.99119E-05 9.99119E-05 9.99119E-05
9.9912E-05 9.9912E-05 9.9912E-05 9.9912E-05 9.9912E-05 9.9912E-05 0.999001 9.9912E-05 9.9912E-05 9.9912E-05 9.9912E-05
9.9912E-05 9.9912E-05 9.9912E-05 9.9912E-05 9.9912E-05 9.9912E-05 0.999001 9.9912E-05 9.9912E-05 9.9912E-05 9.9912E-05
9.9912E-05 9.9912E-05 9.9912E-05 9.9912E-05 9.9912E-05 9.9912E-05 0.999001 9.9912E-05 9.9912E-05 9.9912E-05 9.9912E-05
9.99119E-05 9.99119E-05 9.99119E-05 9.99119E-05 9.99119E-05 9.99119E-05 9.99119E-05 0.999001 9.99119E-05 9.99119E-05 9.99119E-05
9.9912E-05 9.9912E-05 9.9912E-05 9.9912E-05 9.9912E-05 9.9912E-05 9.9912E-05 0.999001 9.9912E-05 9.9912E-05 9.9912E-05
9.99119E-05 9.99119E-05 9.99119E-05 9.99119E-05 9.99119E-05 9.99119E-05 9.99119E-05 0.999001 9.99119E-05 9.99119E-05 9.99119E-05
9.99119E-05 9.99119E-05 9.99119E-05 9.99119E-05 9.99119E-05 9.99119E-05 9.99119E-05 0.999001 9.99119E-05 9.99119E-05 9.99119E-05
9.99119E-05 9.99119E-05 9.99119E-05 9.99119E-05 9.99119E-05 9.99119E-05 9.99119E-05 0.999001 9.99119E-05 9.99119E-05 9.99119E-05
9.9912E-05 9.9912E-05 9.9912E-05 9.9912E-05 9.9912E-05 9.9912E-05 0.999001 9.9912E-05 9.9912E-05 9.9912E-05 9.9912E-05
9.99119E-05 9.99119E-05 9.99119E-05 9.99119E-05 9.99119E-05 9.99119E-05 0.999001 9.99119E-05 9.99119E-05 9.99119E-05 9.99119E-05
9.9912E-05 9.9912E-05 9.9912E-05 9.9912E-05 9.9912E-05 9.9912E-05 0.999001 9.9912E-05 9.9912E-05 9.9912E-05 9.9912E-05
9.99119E-05 9.99119E-05 9.99119E-05 9.99119E-05 9.99119E-05 9.99119E-05 9.99119E-05 0.999001 9.99119E-05 9.99119E-05 9.99119E-05
9.99119E-05 9.99119E-05 9.99119E-05 9.99119E-05 9.99119E-05 9.99119E-05 0.999001 9.99119E-05 9.99119E-05 9.99119E-05 9.99119E-05
9.99119E-05 9.99119E-05 9.99119E-05 9.99119E-05 9.99119E-05 9.99119E-05 0.999001 9.99119E-05 9.99119E-05 9.99119E-05 9.99119E-05
9.9912E-05 9.9912E-05 9.9912E-05 9.9912E-05 9.9912E-05 9.9912E-05 0.999001 9.9912E-05 9.9912E-05 9.9912E-05 9.9912E-05
9.9912E-05 9.9912E-05 9.9912E-05 9.9912E-05 9.9912E-05 9.9912E-05 0.999001 9.9912E-05 9.9912E-05 9.9912E-05 9.9912E-05
9.99119E-05 9.99119E-05 9.99119E-05 9.99119E-05 9.99119E-05 9.99119E-05 9.99119E-05 0.999001 9.99119E-05 9.99119E-05 9.99119E-05
9.99121E-05 9.99121E-05 9.99121E-05 9.99121E-05 9.99121E-05 9.99121E-05 0.999001 9.99121E-05 9.99121E-05 9.99121E-05 9.99121E-05
9.9912E-05 9.9912E-05 9.9912E-05 9.9912E-05 9.9912E-05 9.9912E-05 0.999001 9.9912E-05 9.9912E-05 9.9912E-05 9.9912E-05
0.153258 0.378792 9.99648E-05 0.0452417 0.0652355 0.0474076 0.113413 0.196252 9.99648E-05 9.99648E-05 9.99648E-05
9.99208E-05 9.99208E-05 9.99208E-05 9.99208E-05 9.99208E-05 0.0218067 9.99208E-05 0.977294 9.99208E-05 9.99208E-05 9.99208E-05
9.9912E-05 9.9912E-05 9.9912E-05 9.9912E-05 9.9912E-05 9.9912E-05 0.999001 9.9912E-05 9.9912E-05 9.9912E-05 9.9912E-05
9.9912E-05 9.9912E-05 9.9912E-05 9.9912E-05 9.9912E-05 9.9912E-05 0.999001 9.9912E-05 9.9912E-05 9.9912E-05 9.9912E-05
9.9912E-05 9.9912E-05 9.9912E-05 9.9912E-05 9.9912E-05 9.9912E-05 0.999001 9.9912E-05 9.9912E-05 9.9912E-05 9.9912E-05
9.9912E-05 9.9912E-05 9.9912E-05 9.9912E-05 9.9912E-05 9.9912E-05 0.999001 9.9912E-05 9.9912E-05 9.9912E-05 9.9912E-05
9.9912E-05 9.9912E-05 9.9912E-05 9.9912E-05 9.9912E-05 9.9912E-05 9.9912E-05 0.999001 9.9912E-05 9.9912E-05 9.9912E-05
9.9912E-05 9.9912E-05 9.9912E-05 9.9912E-05 9.9912E-05 9.9912E-05 0.999001 9.9912E-05 9.9912E-05 9.9912E-05 9.9912E-05
9.9912E-05 9.9912E-05 9.9912E-05 9.9912E-05 9.9912E-05 9.9912E-05 9.9912E-05 0.999001 9.9912E-05 9.9912E-05 9.9912E-05
9.9912E-05 9.9912E-05 9.9912E-05 9.9912E-05 9.9912E-05 9.9912E-05 0.999001 9.9912E-05 9.9912E-05 9.9912E-05 9.9912E-05
9.99119E-05 9.99119E-05 9.99119E-05 9.99119E-05 9.99119E-05 9.99119E-05 9.99119E-05 0.999001 9.99119E-05 9.99119E-05 9.99119E-05
9.9912E-05 9.9912E-05 9.9912E-05 9.9912E-05 9.9912E-05 9.9912E-05 0.999001 9.9912E-05 9.9912E-05 9.9912E-05 9.9912E-05
9.9912E-05 9.9912E-05 9.9912E-05 9.9912E-05 9.9912E-05 9.9912E-05 0.999001 9.9912E-05 9.9912E-05 9.9912E-05 9.9912E-05
9.99121E-05 9.99121E-05 9.99121E-05 9.99121E-05 9.99121E-05 9.99121E-05 0.999001 9.99121E-05 9.99121E-05 9.99121E-05 9.99121E-05
9.9912E-05 9.9912E-05 9.9912E-05 9.9912E-05 9.9912E-05 9.9912E-05 0.999001 9.9912E-05 9.9912E-05 9.9912E-05 9.9912E-05
9.9912E-05 9.9912E-05 9.9912E-05 9.9912E-05 9.9912E-05 9.9912E-05 0.999001 9.9912E-05 9.9912E-05 9.9912E-05 9.9912E-05
9.9912E-05 9.9912E-05 9.9912E-05 9.9912E-05 9.9912E-05 9.9912E-05 0.999001 9.9912E-05 9.9912E-05 9.9912E-05 9.9912E-05
9.9912E-05 9.9912E-05 9.9912E-05 9.9912E-05 9.9912E-05 9.9912E-05 9.9912E-05 0.999001 9.9912E-05 9.9912E-05 9.9912E-05
9.99119E-05 9.99119E-05 9.99119E-05 9.99119E-05 9.99119E-05 9.99119E-05 9.99119E-05 0.999001 9.99119E-05 9.99119E-05 9.99119E-05
9.99119E-05 9.99119E-05 9.99119E-05 9.99119E-05 9.99119E-05 9.99119E-05 9.99119E-05 0.999001 9.99119E-05 9.99119E-05 9.99119E-05
9.9912E-05 9.9912E-05 9.9912E-05 9.9912E-05 9.9912E-05 9.9912E-05 0.999001 9.9912E-05 9.9912E-05 9.9912E-05 9.9912E-05
9.9912E-05 9.9912E-05 9.9912E-05 9.9912E-05 9.9912E-05 9.9912E-05 9.9912E-05 0.999001 9.9912E-05 9.9912E-05 9.9912E-05
9.99208E-05 9.99208E-05 9.99208E-05 9.99208E-05 9.99208E-05 0.0178761 9.99208E-05 0.981225 9.99208E-05 9.99208E-05 9.99208E-05
9.9912E-05 9.9912E-05 9.9912E-05 9.9912E-05 9.9912E-05 9.9912E-05 9.9912E-05 0.999001 9.9912E-05 9.9912E-05 9.9912E-05
9.99119E-05 9.99119E-05 9.99119E-05 9.99119E-05 9.99119E-05 9.99119E-05 0.999001 9.99119E-05 9.99119E-05 9.99119E-05 9.99119E-05
9.9912E-05 9.9912E-05 9.9912E-05 9.9912E-05 9.9912E-05 9.9912E-05 0.999001 9.9912E-05 9.9912E-05 9.9912E-05 9.9912E-05
9.9912E-05 9.9912E-05 9.9912E-05 9.9912E-05 9.9912E-05 9.9912E-05 0.999001 9.9912E-05 9.9912E-05 9.9912E-05 9.9912E-05
9.99119E-05 9.99119E-05 9.99119E-05 9.99119E-05 9.99119E-05 9.99119E-05 9.99119E-05 0.999001 9.99119E-05 9.99119E-05 9.99119E-05
9.9912E-05 9.9912E-05 9.9912E-05 9.9912E-05 9.9912E-05 9.9912E-05 0.999001 9.9912E-05 9.9912E-05 9.9912E-05 9.9912E-05
9.99119E-05 9.99119E-05 9.99119E-05 9.99119E-05 9.99119E-05 9.99119E-05 0.999001 9.99119E-05 9.99119E-05 9.99119E-05 9.99119E-05
9.99119E-05 9.99119E-05 9.99119E-05 9.99119E-05 9.99119E-05 9.99119E-05 9.99119E-05 0.999001 9.99119E-05 9.99119E-05 9.99119E-05
9.9912E-05 9.9912E-05 9.9912E-05 9.9912E-05 9.9912E-05 9.9912E-05 0.999001 9.9912E-05 9.9912E-05 9.9912E-05 9.9912E-05
9.9912E-05 9.9912E-05 9.9912E-05 9.9912E-05 9.9912E-05 9.9912E-05 0.999001 9.9912E-05 9.9912E-05 9.9912E-05 9.9912E-05
9.99648E-05 0.254339 0.110882 0.0416292 9.99648E-05 0.0643038 0.186299 0.208702 9.99648E-05 9.99648E-05 0.133446
9.99119E-05 9.99119E-05 9.99119E-05 9.99119E-05 9.99119E-05 9.99119E-05 9.99119E-05 0.999001 9.99119E-05 9.99119E-05 9.99119E-05
9.9912E-05 9.9912E-05 9.9912E-05 9.9912E-05 9.9912E-05 9.9912E-05 0.999001 9.9912E-05 9.9912E-05 9.9912E-05 9.9912E-05
9.99561E-05 0.261238 0.0116946 0.0110999 0.126414 9.99561E-05 0.542078 9.99561E-05 0.0469756 9.99561E-05 9.99561E-05
0.106295 0.445066 9.99648E-05 9.99648E-05 0.0457818 0.0753407 0.268039 0.0362452 0.0228333 9.99648E-05 9.99648E-05
9.99385E-05 0.50631 9.99385E-05 9.99385E-05 0.0438389 9.99385E-05 0.1263 0.322852 9.99385E-05 9.99385E-05 9.99385E-05
0.128941 0.777636 9.9956E-05 0.0177842 9.9956E-05 0.0152779 9.9956E-05 0.00844094 9.9956E-05 9.9956E-05 0.0514207
9.99384E-05 0.373354 9.99384E-05 9.99384E-05 9.99384E-05 0.0640801 0.281907 0.279959 9.99384E-05 9.99384E-05 9.99384E-05
9.993E-05 0.879923 9.993E-05 9.993E-05 9.993E-05 9.993E-05 0.0960928 9.993E-05 9.993E-05 0.0231848 9.993E-05
0.129865 0.322075 9.99385E-05 9.99385E-05 9.99385E-05 9.99385E-05 0.329886 0.217474 9.99385E-05 9.99385E-05 9.99385E-05
9.99472E-05 0.576506 0.0942509 9.99472E-05 0.0223838 9.99472E-05 0.227698 9.99472E-05 9.99472E-05 9.99472E-05 0.0785618
9.9921E-05 0.816113 9.9921E-05 9.9921E-05 9.9921E-05 9.9921E-05 0.182988 9.9921E-05 9.9921E-05 9.9921E-05 9.9921E-05
0.0600291 0.770432 9.99472E-05 9.99472E-05 0.077896 9.99472E-05 9.99472E-05 0.0711711 0.0198718 9.99472E-05 9.99472E-05
9.99385E-05 0.705971 0.0885853 9.99385E-05 9.99385E-05 9.99385E-05 0.0516507 0.153093 9.99385E-05 9.99385E-05 9.99385E-05
9.99297E-05 0.408141 9.99297E-05 9.99297E-05 9.99297E-05 9.99297E-05 0.589663 0.00139685 9.99297E-05 9.99297E-05 9.99297E-05
0.0130902 0.292102 9.99561E-05 0.000197273 9.99561E-05 9.99561E-05 0.256862 0.342308 9.99561E-05 9.99561E-05 0.0949407
9.99384E-05 0.750622 9.99384E-05 9.99384E-05 9.99384E-05 9.99384E-05 0.0959234 9.99384E-05 0.0119101 9.99384E-05 0.140845
9.99384E-05 0.588087 0.0173102 9.99384E-05 9.99384E-05 9.99384E-05 0.165943 0.227959 9.99384E-05 9.99384E-05 9.99384E-05
9.99473E-05 0.326569 0.0302748 9.99473E-05 9.99473E-05 9.99473E-05 0.286457 0.291436 0.0646629 9.99473E-05 9.99473E-05
9.99473E-05 0.77693 9.99473E-05 9.99473E-05 0.0397845 9.99473E-05 0.139396 0.0395987 9.99473E-05 9.99473E-05 0.00369111
9.9956E-05 0.339738 0.089919 0.0677712 0.00268045 9.9956E-05 9.9956E-05 0.478417 9.9956E-05 9.9956E-05 0.0209746
9.9956E-05 0.520377 0.0184096 9.9956E-05 9.9956E-05 0.0634267 0.145591 0.180831 0.0708653 9.9956E-05 9.9956E-05
9.99472E-05 0.559051 9.99472E-05 9.99472E-05 0.037649 9.99472E-05 0.16293 0.154574 0.0851954 9.99472E-05 9.99472E-05
0.170044 0.591161 9.99472E-05 9.99472E-05 9.99472E-05 0.0239593 0.120289 0.0939472 9.99472E-05 9.99472E-05 9.99472E-05
9.99385E-05 0.626054 9.99385E-05 0.011675 9.99385E-05 9.99385E-05 0.27038 9.99385E-05 0.0911916 9.99385E-05 9.99385E-05
9.99648E-05 0.561275 0.0165845 0.127714 9.99648E-05 0.0608554 0.209363 0.00620244 9.99648E-05 9.99648E-05 0.0176053
9.9956E-05 0.639834 9.9956E-05 9.9956E-05 9.9956E-05 0.0177641 0.184705 0.0411696 0.0800298 9.9956E-05 0.0359981
9.99472E-05 0.750343 9.99472E-05 9.99472E-05 0.0276352 0.0247529 0.0537501 9.99472E-05 9.99472E-05 9.99472E-05 0.142919
9.99211E-05 0.988298 9.99211E-05 9.99211E-05 9.99211E-05 9.99211E-05 0.0108024 9.99211E-05 9.99211E-05 9.99211E-05 9.99211E-05
9.99472E-05 0.64639 9.99472E-05 9.99472E-05 0.0372589 9.99472E-05 0.0883518 0.0915382 0.135862 9.99472E-05 9.99472E-05
9.99385E-05 0.288887 9.99385E-05 9.99385E-05 0.160691 9.99385E-05 0.238103 0.311619 9.99385E-05 9.99385E-05 9.99385E-05
9.99472E-05 0.774399 9.99472E-05 0.0485633 9.99472E-05 0.00442328 9.99472E-05 9.99472E-05 0.122468 9.99472E-05 0.0495467
9.99385E-05 0.592936 9.99385E-05 9.99385E-05 9.99385E-05 0.113215 0.146058 9.99385E-05 9.99385E-05 9.99385E-05 0.147092
9.99385E-05 0.264181 9.99385E-05 9.99385E-05 9.99385E-05 9.99385E-05 0.362418 0.254616 0.118086 9.99385E-05 9.99385E-05
9.99473E-05 0.564556 0.0219042 9.99473E-05 9.99473E-05 9.99473E-05 0.240974 0.119609 0.0523571 9.99473E-05 9.99473E-05
9.99473E-05 0.418296 0.0169162 9.99473E-05 9.99473E-05 0.0580403 0.158608 0.34754 9.99473E-05 9.99473E-05 9.99473E-05
9.99472E-05 0.508624 9.99472E-05 9.99472E-05 9.99472E-05 9.99472E-05 0.233475 0.0890154 0.127295 9.99472E-05 0.0409906
9.995E-05 0.506278 0.0742539 9.995E-05 9.995E-05 9.995E-05 0.143553 0.0768703 0.114524 9.995E-05 0.0840205
0.0220743 0.744514 9.99385E-05 9.99385E-05 9.99385E-05 9.99385E-05 0.0612913 0.17142 9.99385E-05 9.99385E-05 9.99385E-05
9.99122E-05 0.999001 9.99122E-05 9.99122E-05 9.99122E-05 9.99122E-05 9.99122E-05 9.99122E-05 9.99122E-05 9.99122E-05 9.99122E-05
0.0701583 0.446356 0.0869603 0.0607334 9.99472E-05 9.99472E-05 9.99472E-05 0.335193 9.99472E-05 9.99472E-05 9.99472E-05
9.99385E-05 0.724857 0.079312 0.167216 9.99385E-05 9.99385E-05 0.0279151 9.99385E-05 9.99385E-05 9.99385E-05 9.99385E-05
0.061846 0.45239 9.99473E-05 9.99473E-05 9.99473E-05 9.99473E-05 0.202363 0.0950754 0.187726 9.99473E-05 9.99473E-05
9.9956E-05 0.608964 9.9956E-05 9.9956E-05 9.9956E-05 0.0461114 0.126847 0.130469 0.0581994 9.9956E-05 0.0289092
9.99473E-05 0.681171 9.99473E-05 9.99473E-05 0.0789306 9.99473E-05 0.0650205 0.0913441 0.0829345 9.99473E-05 9.99473E-05
0.0688424 0.411584 9.9956E-05 9.9956E-05 0.210972 9.9956E-05 0.269232 0.0292245 0.0096445 9.9956E-05 9.9956E-05
9.99473E-05 0.375009 0.00158813 9.99473E-05 9.99473E-05 9.99473E-05 0.442443 0.157694 0.0226663 9.99473E-05 9.99473E-05
9.99384E-05 0.21704 9.99384E-05 9.99384E-05 9.99384E-05 9.99384E-05 0.36049 0.405816 9.99384E-05 9.99384E-05 0.0159538
9.99472E-05 0.590119 9.99472E-05 9.99472E-05 9.99472E-05 0.0234379 0.158462 9.99472E-05 0.182424 9.99472E-05 0.044957
9.99122E-05 0.999001 9.99122E-05 9.99122E-05 9.99122E-05 9.99122E-05 9.99122E-05 9.99122E-05 9.99122E-05 9.99122E-05 9.99122E-05
9.9956E-05 0.643289 0.087585 9.9956E-05 9.9956E-05 0.00278875 0.198983 9.9956E-05 0.0446485 9.9956E-05 0.0222055
9.9921E-05 0.995995 9.9921E-05 9.9921E-05 9.9921E-05 9.9921E-05 9.9921E-05 9.9921E-05 0.00310533 9.9921E-05 9.9921E-05
0.0215039 0.292135 9.99561E-05 0.0921317 9.99561E-05 9.99561E-05 0.223502 0.366914 9.99561E-05 9.99561E-05 0.00331409
9.9921E-05 0.929464 0.0696368 9.9921E-05 9.9921E-05 9.9921E-05 9.9921E-05 9.9921E-05 9.9921E-05 9.9921E-05 9.9921E-05
9.99297E-05 0.649407 0.0499691 9.99297E-05 9.99297E-05 9.99297E-05 9.99297E-05 0.299824 9.99297E-05 9.99297E-05 9.99297E-05
0.140007 0.312432 9.99472E-05 0.0250148 9.99472E-05 9.99472E-05 9.99472E-05 0.435435 0.0865113 9.99472E-05 9.99472E-05
9.99297E-05 0.514235 9.99297E-05 9.99297E-05 9.99297E-05 9.99297E-05 0.183562 0.301404 9.99297E-05 9.99297E-05 9.99297E-05
0.0116276 0.686569 9.9956E-05 9.9956E-05 0.00911978 0.0631316 0.0973 9.9956E-05 0.131753 9.9956E-05 9.9956E-05
9.99297E-05 0.626243 9.99297E-05 9.99297E-05 0.0352521 9.99297E-05 0.337705 9.99297E-05 9.99297E-05 9.99297E-05 9.99297E-05
9.99212E-05 0.733333 9.99212E-05 9.99212E-05 9.99212E-05 9.99212E-05 9.99212E-05 0.265768 9.99212E-05 9.99212E-05 9.99212E-05
9.9921E-05 0.812243 9.9921E-05 9.9921E-05 9.9921E-05 9.9921E-05 0.186857 9.9921E-05 9.9921E-05 9.9921E-05 9.9921E-05
9.99385E-05 0.712949 9.99385E-05 9.99385E-05 9.99385E-05 0.0255468 0.193575 0.0672302 9.99385E-05 9.99385E-05 9.99385E-05
9.99298E-05 0.515728 9.99298E-05 9.99298E-05 9.99298E-05 9.99298E-05 0.2274 0.256073 9.99298E-05 9.99298E-05 9.99298E-05
9.99122E-05 0.999001 9.99122E-05 9.99122E-05 9.99122E-05 9.99122E-05 9.99122E-05 9.99122E-05 9.99122E-05 9.99122E-05 9.99122E-05
9.99212E-05 0.919066 9.99212E-05 9.99212E-05 9.99212E-05 9.99212E-05 0.080035 9.99212E-05 9.99212E-05 9.99212E-05 9.99212E-05
0.00506357 0.885444 9.99387E-05 9.99387E-05 9.99387E-05 9.99387E-05 9.99387E-05 9.99387E-05 9.99387E-05 0.0814893 0.0273035
9.99473E-05 0.627121 0.126963 9.99473E-05 9.99473E-05 9.99473E-05 0.129017 0.107698 9.99473E-05 9.99473E-05 0.00860077
9.99384E-05 0.648069 0.0252754 9.99384E-05 9.99384E-05 0.141297 0.184658 9.99384E-05 9.99384E-05 9.99384E-05 9.99384E-05
9.99298E-05 0.672622 9.99298E-05 9.99298E-05 9.99298E-05 9.99298E-05 0.248737 9.99298E-05 0.0778413 9.99298E-05 9.99298E-05
9.99212E-05 0.958891 9.99212E-05 9.99212E-05 9.99212E-05 9.99212E-05 0.0402094 9.99212E-05 9.99212E-05 9.99212E-05 9.99212E-05
9.99385E-05 0.390036 9.99385E-05 9.99385E-05 9.99385E-05 0.0510554 0.264565 0.293644 9.99385E-05 9.99385E-05 9.99385E-05
9.99472E-05 0.652381 0.033337 9.99472E-05 9.99472E-05 0.116979 0.0138478 0.182856 9.99472E-05 9.99472E-05 9.99472E-05
9.99212E-05 0.881188 9.99212E-05 9.99212E-05 9.99212E-05 9.99212E-05 9.99212E-05 0.117913 9.99212E-05 9.99212E-05 9.99212E-05
9.99298E-05 0.557688 9.99298E-05 9.99298E-05 9.99298E-05 9.99298E-05 0.0719192 0.369593 9.99298E-05 9.99298E-05 9.99298E-05
9.993E-05 0.809302 9.993E-05 9.993E-05 9.993E-05 9.993E-05 9.993E-05 0.124664 9.993E-05 0.065235 9.993E-05
9.99297E-05 0.484807 9.99297E-05 9.99297E-05 9.99297E-05 9.99297E-05 0.305664 0.208729 9.99297E-05 9.99297E-05 9.99297E-05
9.99473E-05 0.621537 9.99473E-05 0.149325 9.99473E-05 0.0193301 9.99473E-05 0.125143 9.99473E-05 9.99473E-05 0.0840661
9.99211E-05 0.960656 9.99211E-05 9.99211E-05 9.99211E-05 9.99211E-05 9.99211E-05 0.0384443 9.99211E-05 9.99211E-05 9.99211E-05
9.99298E-05 0.67241 9.99298E-05 9.99298E-05 9.99298E-05 9.99298E-05 0.166246 0.160545 9.99298E-05 9.99298E-05 9.99298E-05
9.99299E-05 0.923684 9.99299E-05 9.99299E-05 9.99299E-05 9.99299E-05 9.99299E-05 0.00463834 9.99299E-05 0.0708785 9.99299E-05
9.99385E-05 0.773545 9.99385E-05 9.99385E-05 9.99385E-05 9.99385E-05 9.99385E-05 0.100806 0.113274 9.99385E-05 0.0116751
9.99299E-05 0.827843 9.99299E-05 9.99299E-05 9.99299E-05 9.99299E-05 0.0749434 0.0964145 9.99299E-05 9.99299E-05 9.99299E-05
9.99561E-05 0.49234 0.0419983 9.99561E-05 9.99561E-05 0.0132866 0.387849 9.99561E-05 0.0484273 9.99561E-05 0.0155992
0.0233147 0.649952 0.0265816 9.99561E-05 0.0322898 9.99561E-05 0.204932 9.99561E-05 0.0624295 9.99561E-05 9.99561E-05
9.99648E-05 0.453663 0.0778001 9.99648E-05 9.99648E-05 0.0208406 0.212269 0.0121337 0.198463 9.99648E-05 0.0244309
9.99124E-05 0.999001 9.99124E-05 9.99124E-05 9.99124E-05 9.99124E-05 9.99124E-05 9.99124E-05 9.99124E-05 9.99124E-05 9.99124E-05
9.99386E-05 0.727746 0.00747595 9.99386E-05 9.99386E-05 9.99386E-05 0.241563 9.99386E-05 9.99386E-05 9.99386E-05 0.0225158
9.9956E-05 0.42961 9.9956E-05 9.9956E-05 0.0979456 0.0900611 0.187559 0.191293 9.9956E-05 9.9956E-05 0.00303074
9.99298E-05 0.821252 9.99298E-05 9.99298E-05 9.99298E-05 9.99298E-05 0.00599771 0.171951 9.99298E-05 9.99298E-05 9.99298E-05
9.99472E-05 0.619703 9.99472E-05 9.99472E-05 0.0484378 9.99472E-05 0.0127989 0.195148 9.99472E-05 9.99472E-05 0.123312
9.99385E-05 0.456843 9.99385E-05 9.99385E-05 9.99385E-05 9.99385E-05 0.397648 9.99385E-05 0.0918184 9.99385E-05 0.0529914
0.101169 0.568429 9.99473E-05 0.0063988 9.99473E-05 9.99473E-05 0.10703 0.216373 9.99473E-05 9.99473E-05 9.99473E-05
9.99472E-05 0.466718 0.0696718 9.99472E-05 9.99472E-05 0.0623343 0.200616 0.20006 9.99472E-05 9.99472E-05 9.99472E-05
0.105734 0.398217 9.99474E-05 9.99474E-05 9.99474E-05 0.115146 0.136607 0.243696 9.99474E-05 9.99474E-05 9.99474E-05
9.99384E-05 0.258273 9.99384E-05 9.99384E-05 9.99384E-05 9.99384E-05 0.0404773 0.570969 9.99384E-05 9.99384E-05 0.129581
9.99298E-05 0.397591 9.99298E-05 9.99298E-05 9.99298E-05 9.99298E-05 0.405591 0.196018 9.99298E-05 9.99298E-05 9.99298E-05
0.100736 0.481528 0.108149 9.99648E-05 9.99648E-05 0.176748 0.0467183 0.073955 9.99648E-05 9.99648E-05 0.0117659
9.99211E-05 0.744966 9.99211E-05 9.99211E-05 9.99211E-05 9.99211E-05 0.254134 9.99211E-05 9.99211E-05 9.99211E-05 9.99211E-05
0.0253899 0.872082 9.99298E-05 9.99298E-05 9.99298E-05 9.99298E-05 9.99298E-05 0.101729 9.99298E-05 9.99298E-05 9.99298E-05
0.0474862 0.437025 9.9956E-05 9.9956E-05 9.9956E-05 0.0602808 0.300667 9.9956E-05 0.130903 9.9956E-05 0.0231382
9.99472E-05 0.463102 0.0888264 9.99472E-05 9.99472E-05 9.99472E-05 0.0375793 0.341676 0.0682165 9.99472E-05 9.99472E-05
9.99298E-05 0.576273 9.99298E-05 9.99298E-05 9.99298E-05 9.99298E-05 9.99298E-05 0.408352 9.99298E-05 9.99298E-05 0.0145765
0.0587563 0.299703 9.99385E-05 9.99385E-05 9.99385E-05 9.99385E-05 0.109625 0.531216 9.99385E-05 9.99385E-05 9.99385E-05
0.0230234 0.42173 0.0629189 0.0484382 0.0185264 0.0582225 0.218549 9.99824E-05 0.0831173 9.99824E-05 0.065274
