0.00437078 0.0350368 9.98333E-05 9.98333E-05 9.98333E-05 9.98333E-05 9.98333E-05 0.250268 9.98333E-05 9.98333E-05 9.98333E-05 0.0743279 0.0438198 9.98333E-05 9.98333E-05 0.433151 9.98333E-05 9.98333E-05 9.98333E-05 9.98333E-05 9.98333E-05 9.98333E-05 9.98333E-05 0.0802703 9.98333E-05 0.011222 9.98333E-05 0.0656372
9.97896E-05 9.97896E-05 9.97896E-05 9.97896E-05 9.97896E-05 9.97896E-05 9.97896E-05 0.108755 0.687617 9.97896E-05 9.97896E-05 0.102951 9.97896E-05 9.97896E-05 9.97896E-05 0.0982825 9.97896E-05 9.97896E-05 9.97896E-05 9.97896E-05 9.97896E-05 9.97896E-05 9.97896E-05 9.97896E-05 9.97896E-05 9.97896E-05 9.97896E-05 9.97896E-05
9.97983E-05 9.97983E-05 9.97983E-05 9.97983E-05 9.97983E-05 9.97983E-05 9.97983E-05 9.97983E-05 0.91996 9.97983E-05 9.97983E-05 9.97983E-05 9.97983E-05 9.97983E-05 9.97983E-05 9.97983E-05 9.97983E-05 9.97983E-05 9.97983E-05 0.00336773 9.97983E-05 0.00435358 9.97983E-05 0.0533649 9.97983E-05 9.97983E-05 0.0166584 9.97983E-05
9.98422E-05 9.98422E-05 9.98422E-05 9.98422E-05 0.0228032 0.24327 9.98422E-05 0.0618333 0.0729299 9.98422E-05 9.98422E-05 9.98422E-05 0.0324726 9.98422E-05 9.98422E-05 0.176722 9.98422E-05 9.98422E-05 9.98422E-05 9.98422E-05 9.98422E-05 9.98422E-05 9.98422E-05 0.0978401 9.98422E-05 0.00949332 0.147658 0.133181
9.97984E-05 9.97984E-05 9.97984E-05 9.97984E-05 0.0108543 9.97984E-05 9.97984E-05 9.97984E-05 9.97984E-05 9.97984E-05 9.97984E-05 0.00415816 9.97984E-05 9.97984E-05 9.97984E-05 0.865249 0.032401 9.97984E-05 9.97984E-05 0.0850423 9.97984E-05 9.97984E-05 9.97984E-05 9.97984E-05 9.97984E-05 9.97984E-05 9.97984E-05 9.97984E-05
9.98246E-05 9.98246E-05 9.98246E-05 9.98246E-05 0.12217 9.98246E-05 9.98246E-05 0.147014 0.215934 9.98246E-05 9.98246E-05 9.98246E-05 9.98246E-05 9.98246E-05 9.98246E-05 0.00251789 0.164562 9.98246E-05 0.119991 0.059279 9.98246E-05 9.98246E-05 9.98246E-05 9.98246E-05 9.98246E-05 9.98246E-05 0.166535 9.98246E-05
9.98334E-05 9.98334E-05 9.98334E-05 9.98334E-05 9.98334E-05 0.0863382 9.98334E-05 0.243369 9.98334E-05 0.0398543 0.0185386 0.118341 9.98334E-05 9.98334E-05 9.98334E-05 0.231113 0.0398095 9.98334E-05 9.98334E-05 9.98334E-05 9.98334E-05 9.98334E-05 9.98334E-05 0.115622 9.98334E-05 0.105117 9.98334E-05 9.98334E-05
9.98422E-05 0.140961 9.98422E-05 0.0456384 0.11826 9.98422E-05 9.98422E-05 0.247278 0.0989794 9.98422E-05 9.98422E-05 9.98422E-05 9.98422E-05 9.98422E-05 9.98422E-05 0.043463 0.0469204 9.98422E-05 9.98422E-05 0.0347805 9.98422E-05 9.98422E-05 0.0952172 0.126706 9.98422E-05 9.98422E-05 9.98422E-05 9.98422E-05
9.98159E-05 9.98159E-05 9.98159E-05 9.98159E-05 0.218965 9.98159E-05 9.98159E-05 9.98159E-05 9.98159E-05 9.98159E-05 0.21553 9.98159E-05 0.218779 9.98159E-05 9.98159E-05 0.291687 9.98159E-05 9.98159E-05 9.98159E-05 9.98159E-05 9.98159E-05 9.98159E-05 0.0306314 0.00812605 9.98159E-05 9.98159E-05 0.0141851 9.98159E-05
9.97807E-05 9.97807E-05 9.97807E-05 9.97807E-05 9.97807E-05 9.97807E-05 9.97807E-05 9.97807E-05 9.97807E-05 9.97807E-05 9.97807E-05 9.97807E-05 0.0357008 0.00656844 9.97807E-05 0.955236 9.97807E-05 9.97807E-05 9.97807E-05 9.97807E-05 9.97807E-05 9.97807E-05 9.97807E-05 9.97807E-05 9.97807E-05 9.97807E-05 9.97807E-05 9.97807E-05
9.98158E-05 9.98158E-05 0.000320272 9.98158E-05 0.0103237 9.98158E-05 9.98158E-05 0.123486 9.98158E-05 9.98158E-05 9.98158E-05 9.98158E-05 0.119751 9.98158E-05 9.98158E-05 0.570104 9.98158E-05 9.98158E-05 9.98158E-05 9.98158E-05 9.98158E-05 9.98158E-05 9.98158E-05 0.0232938 9.98158E-05 0.150625 9.98158E-05 9.98158E-05
9.97632E-05 9.97632E-05 9.97632E-05 9.97632E-05 9.97632E-05 9.97632E-05 9.97632E-05 9.97632E-05 0.997306 9.97632E-05 9.97632E-05 9.97632E-05 9.97632E-05 9.97632E-05 9.97632E-05 9.97632E-05 9.97632E-05 9.97632E-05 9.97632E-05 9.97632E-05 9.97632E-05 9.97632E-05 9.97632E-05 9.97632E-05 9.97632E-05 9.97632E-05 9.97632E-05 9.97632E-05
9.97984E-05 9.97984E-05 9.97984E-05 9.97984E-05 0.0191435 9.97984E-05 9.97984E-05 9.97984E-05 9.97984E-05 9.97984E-05 9.97984E-05 9.97984E-05 0.0975722 9.97984E-05 9.97984E-05 0.864154 9.97984E-05 9.97984E-05 9.97984E-05 9.97984E-05 9.97984E-05 9.97984E-05 9.97984E-05 0.0130259 9.97984E-05 0.00380906 9.97984E-05 9.97984E-05
9.98335E-05 0.0254505 9.98335E-05 0.0082793 9.98335E-05 9.98335E-05 9.98335E-05 9.98335E-05 0.707825 9.98335E-05 9.98335E-05 9.98335E-05 0.0455985 9.98335E-05 0.0786796 9.98335E-05 9.98335E-05 9.98335E-05 9.98335E-05 9.98335E-05 0.00183396 0.0807752 9.98335E-05 0.00542505 9.98335E-05 0.0442364 9.98335E-05 9.98335E-05
9.98246E-05 9.98246E-05 9.98246E-05 9.98246E-05 0.118342 9.98246E-05 0.0214435 0.228937 9.98246E-05 9.98246E-05 9.98246E-05 9.98246E-05 0.102951 9.98246E-05 9.98246E-05 0.358286 9.98246E-05 9.98246E-05 9.98246E-05 9.98246E-05 0.0162855 0.0504713 9.98246E-05 9.98246E-05 9.98246E-05 9.98246E-05 0.101287 9.98246E-05
9.98595E-05 9.98595E-05 9.98595E-05 0.148398 0.181407 0.0523675 9.98595E-05 0.162771 0.181524 9.98595E-05 9.98595E-05 9.98595E-05 0.0954755 9.98595E-05 9.98595E-05 0.0243533 0.0108409 9.98595E-05 0.0145013 9.98595E-05 0.00768353 9.98595E-05 9.98595E-05 0.106661 9.98595E-05 9.98595E-05 9.98595E-05 0.0124197
0.0764268 9.98247E-05 9.98247E-05 9.98247E-05 9.98247E-05 9.98247E-05 0.219735 9.98247E-05 0.0740821 9.98247E-05 9.98247E-05 0.000470612 0.104159 9.98247E-05 9.98247E-05 0.490491 9.98247E-05 9.98247E-05 9.98247E-05 9.98247E-05 0.0241036 9.98247E-05 9.98247E-05 0.00853529 9.98247E-05 9.98247E-05 9.98247E-05 9.98247E-05
9.98159E-05 9.98159E-05 0.0972462 9.98159E-05 9.98159E-05 9.98159E-05 9.98159E-05 0.477573 9.98159E-05 9.98159E-05 9.98159E-05 9.98159E-05 0.0845203 0.105177 9.98159E-05 0.110296 9.98159E-05 9.98159E-05 9.98159E-05 9.98159E-05 9.98159E-05 9.98159E-05 0.0214856 0.101605 9.98159E-05 9.98159E-05 9.98159E-05 9.98159E-05
9.98246E-05 9.98246E-05 9.98246E-05 9.98246E-05 0.0746874 9.98246E-05 9.98246E-05 9.98246E-05 0.0197501 9.98246E-05 9.98246E-05 9.98246E-05 0.155738 0.038903 9.98246E-05 0.293273 0.173457 9.98246E-05 0.0456113 9.98246E-05 9.98246E-05 9.98246E-05 9.98246E-05 0.196583 9.98246E-05 9.98246E-05 9.98246E-05 9.98246E-05
9.97633E-05 9.97633E-05 9.97633E-05 9.97633E-05 9.97633E-05 9.97633E-05 9.97633E-05 9.97633E-05 9.97633E-05 9.97633E-05 9.97633E-05 9.97633E-05 9.97633E-05 9.97633E-05 9.97633E-05 0.997306 9.97633E-05 9.97633E-05 9.97633E-05 9.97633E-05 9.97633E-05 9.97633E-05 9.97633E-05 9.97633E-05 9.97633E-05 9.97633E-05 9.97633E-05 9.97633E-05
9.98158E-05 9.98158E-05 9.98158E-05 0.101101 0.00102261 9.98158E-05 9.98158E-05 9.98158E-05 0.238715 9.98158E-05 9.98158E-05 9.98158E-05 0.0407605 9.98158E-05 9.98158E-05 0.260647 9.98158E-05 9.98158E-05 9.98158E-05 9.98158E-05 9.98158E-05 9.98158E-05 0.290768 9.98158E-05 9.98158E-05 0.0648896 9.98158E-05 9.98158E-05
9.98245E-05 0.0909815 9.98245E-05 9.98245E-05 0.0662429 9.98245E-05 9.98245E-05 9.98245E-05 9.98245E-05 9.98245E-05 9.98245E-05 9.98245E-05 9.98245E-05 9.98245E-05 9.98245E-05 0.238844 0.0431759 9.98245E-05 9.98245E-05 0.0666287 0.00629941 9.98245E-05 9.98245E-05 0.344373 9.98245E-05 9.98245E-05 0.141459 9.98245E-05
9.97897E-05 9.97897E-05 9.97897E-05 9.97897E-05 9.97897E-05 9.97897E-05 9.97897E-05 0.181881 0.703256 9.97897E-05 9.97897E-05 9.97897E-05 0.0606523 9.97897E-05 9.97897E-05 9.97897E-05 9.97897E-05 9.97897E-05 9.97897E-05 9.97897E-05 9.97897E-05 9.97897E-05 9.97897E-05 9.97897E-05 9.97897E-05 0.0518156 9.97897E-05 9.97897E-05
9.97983E-05 9.97983E-05 9.97983E-05 9.97983E-05 9.97983E-05 9.97983E-05 9.97983E-05 0.160853 9.97983E-05 9.97983E-05 0.0270116 9.97983E-05 0.211786 9.97983E-05 9.97983E-05 0.320878 9.97983E-05 9.97983E-05 9.97983E-05 9.97983E-05 9.97983E-05 9.97983E-05 9.97983E-05 0.277176 9.97983E-05 9.97983E-05 9.97983E-05 9.97983E-05
9.98332E-05 9.98332E-05 9.98332E-05 9.98332E-05 0.0566076 9.98332E-05 9.98332E-05 9.98332E-05 0.223847 9.98332E-05 9.98332E-05 9.98332E-05 0.197982 9.98332E-05 9.98332E-05 0.119241 9.98332E-05 9.98332E-05 9.98332E-05 9.98332E-05 0.108849 9.98332E-05 9.98332E-05 0.0499516 9.98332E-05 0.00779426 0.0595676 0.174264
9.97895E-05 9.97895E-05 9.97895E-05 9.97895E-05 9.97895E-05 0.0102464 9.97895E-05 9.97895E-05 9.97895E-05 9.97895E-05 9.97895E-05 9.97895E-05 0.0962515 9.97895E-05 9.97895E-05 0.826242 9.97895E-05 9.97895E-05 9.97895E-05 9.97895E-05 9.97895E-05 9.97895E-05 9.97895E-05 9.97895E-05 9.97895E-05 9.97895E-05 0.0648648 9.97895E-05
9.98157E-05 9.98157E-05 9.98157E-05 0.0662609 9.98157E-05 9.98157E-05 9.98157E-05 9.98157E-05 9.98157E-05 9.98157E-05 9.98157E-05 9.98157E-05 0.0687995 0.0847391 9.98157E-05 0.0689156 9.98157E-05 9.98157E-05 9.98157E-05 9.98157E-05 9.98157E-05 9.98157E-05 9.98157E-05 0.25366 0.282878 9.98157E-05 0.172651 9.98157E-05
9.98072E-05 9.98072E-05 9.98072E-05 9.98072E-05 9.98072E-05 0.0715031 9.98072E-05 9.98072E-05 9.98072E-05 9.98072E-05 9.98072E-05 9.98072E-05 0.0355683 9.98072E-05 9.98072E-05 0.770633 0.048625 0.0295708 9.98072E-05 9.98072E-05 9.98072E-05 9.98072E-05 9.98072E-05 0.0419042 9.98072E-05 9.98072E-05 9.98072E-05 9.98072E-05
9.98072E-05 9.98072E-05 9.98072E-05 9.98072E-05 9.98072E-05 9.98072E-05 9.98072E-05 0.057876 0.661068 9.98072E-05 9.98072E-05 9.98072E-05 0.162346 9.98072E-05 9.98072E-05 9.98072E-05 9.98072E-05 9.98072E-05 9.98072E-05 9.98072E-05 9.98072E-05 9.98072E-05 9.98072E-05 0.0710026 0.0421198 9.98072E-05 0.0033921 9.98072E-05
9.97807E-05 9.97807E-05 9.97807E-05 9.97807E-05 0.0305419 9.97807E-05 9.97807E-05 9.97807E-05 0.860358 9.97807E-05 9.97807E-05 9.97807E-05 9.97807E-05 9.97807E-05 9.97807E-05 9.97807E-05 9.97807E-05 0.106605 9.97807E-05 9.97807E-05 9.97807E-05 9.97807E-05 9.97807E-05 9.97807E-05 9.97807E-05 9.97807E-05 9.97807E-05 9.97807E-05
9.97983E-05 9.97983E-05 9.97983E-05 9.97983E-05 9.97983E-05 9.97983E-05 9.97983E-05 9.97983E-05 9.97983E-05 9.97983E-05 9.97983E-05 9.97983E-05 9.97983E-05 9.97983E-05 9.97983E-05 0.625189 0.0312887 9.97983E-05 0.123847 9.97983E-05 9.97983E-05 9.97983E-05 9.97983E-05 9.97983E-05 9.97983E-05 0.176327 9.97983E-05 0.0410535
9.98422E-05 9.98422E-05 9.98422E-05 9.98422E-05 9.98422E-05 9.98422E-05 0.0170002 0.00342662 9.98422E-05 9.98422E-05 9.98422E-05 9.98422E-05 0.0647887 9.98422E-05 0.0521756 0.462957 0.0782141 9.98422E-05 9.98422E-05 9.98422E-05 0.105791 9.98422E-05 9.98422E-05 9.98422E-05 0.0490626 0.0226836 0.142103 9.98422E-05
9.98245E-05 9.98245E-05 9.98245E-05 0.107902 9.98245E-05 0.0444857 9.98245E-05 9.98245E-05 0.411318 9.98245E-05 9.98245E-05 9.98245E-05 0.116204 9.98245E-05 9.98245E-05 0.115942 9.98245E-05 9.98245E-05 9.98245E-05 9.98245E-05 9.98245E-05 9.98245E-05 9.98245E-05 0.0399235 0.0660807 0.0961481 9.98245E-05 9.98245E-05
9.98158E-05 9.98158E-05 9.98158E-05 9.98158E-05 9.98158E-05 9.98158E-05 9.98158E-05 9.98158E-05 0.607278 9.98158E-05 9.98158E-05 9.98158E-05 0.0733865 9.98158E-05 0.00558149 9.98158E-05 0.0422456 9.98158E-05 9.98158E-05 9.98158E-05 9.98158E-05 0.0180055 9.98158E-05 0.113273 9.98158E-05 9.98158E-05 0.138134 9.98158E-05
9.97898E-05 9.97898E-05 9.97898E-05 9.97898E-05 9.97898E-05 9.97898E-05 9.97898E-05 9.97898E-05 0.846028 9.97898E-05 9.97898E-05 0.0693706 9.97898E-05 9.97898E-05 9.97898E-05 0.0342298 9.97898E-05 9.97898E-05 9.97898E-05 9.97898E-05 9.97898E-05 9.97898E-05 9.97898E-05 9.97898E-05 9.97898E-05 9.97898E-05 9.97898E-05 0.0479761
9.98247E-05 9.98247E-05 9.98247E-05 9.98247E-05 0.0305172 0.0387835 9.98247E-05 9.98247E-05 9.98247E-05 9.98247E-05 0.0659445 9.98247E-05 0.0199197 9.98247E-05 9.98247E-05 0.736155 9.98247E-05 9.98247E-05 0.0568661 9.98247E-05 9.98247E-05 9.98247E-05 9.98247E-05 0.0303102 9.98247E-05 0.0195074 9.98247E-05 9.98247E-05
9.97897E-05 9.97897E-05 9.97897E-05 9.97897E-05 9.97897E-05 9.97897E-05 9.97897E-05 9.97897E-05 0.252996 9.97897E-05 9.97897E-05 9.97897E-05 9.97897E-05 9.97897E-05 9.97897E-05 0.523098 0.0250092 9.97897E-05 0.196502 9.97897E-05 9.97897E-05 9.97897E-05 9.97897E-05 9.97897E-05 9.97897E-05 9.97897E-05 9.97897E-05 9.97897E-05
9.97985E-05 9.97985E-05 0.0255725 9.97985E-05 0.146026 9.97985E-05 9.97985E-05 9.97985E-05 0.737607 9.97985E-05 9.97985E-05 0.036937 0.0515624 9.97985E-05 9.97985E-05 9.97985E-05 9.97985E-05 9.97985E-05 9.97985E-05 9.97985E-05 9.97985E-05 9.97985E-05 9.97985E-05 9.97985E-05 9.97985E-05 9.97985E-05 9.97985E-05 9.97985E-05
9.98422E-05 9.98422E-05 9.98422E-05 9.98422E-05 0.0209674 9.98422E-05 0.00241037 9.98422E-05 0.670502 9.98422E-05 9.98422E-05 0.0194522 0.145516 9.98422E-05 9.98422E-05 9.98422E-05 0.0102103 0.0276283 9.98422E-05 0.0457016 9.98422E-05 9.98422E-05 9.98422E-05 0.0434009 9.98422E-05 0.012414 9.98422E-05 9.98422E-05
9.97982E-05 9.97982E-05 9.97982E-05 0.0722977 9.97982E-05 9.97982E-05 9.97982E-05 9.97982E-05 0.698436 9.97982E-05 9.97982E-05 9.97982E-05 0.0979307 9.97982E-05 9.97982E-05 9.97982E-05 0.0278162 9.97982E-05 9.97982E-05 9.97982E-05 9.97982E-05 9.97982E-05 9.97982E-05 9.97982E-05 9.97982E-05 9.97982E-05 0.101224 9.97982E-05
9.97984E-05 9.97984E-05 9.97984E-05 9.97984E-05 9.97984E-05 9.97984E-05 9.97984E-05 9.97984E-05 9.97984E-05 0.000726643 9.97984E-05 9.97984E-05 0.0129429 9.97984E-05 9.97984E-05 0.975568 0.000635252 9.97984E-05 9.97984E-05 9.97984E-05 9.97984E-05 9.97984E-05 9.97984E-05 9.97984E-05 0.00783232 9.97984E-05 9.97984E-05 9.97984E-05
9.98071E-05 9.98071E-05 9.98071E-05 9.98071E-05 0.0180708 9.98071E-05 9.98071E-05 9.98071E-05 9.98071E-05 9.98071E-05 0.0103254 9.98071E-05 0.0809694 9.98071E-05 9.98071E-05 0.63284 9.98071E-05 9.98071E-05 9.98071E-05 9.98071E-05 9.98071E-05 9.98071E-05 9.98071E-05 0.144772 0.110826 9.98071E-05 9.98071E-05 9.98071E-05
9.97896E-05 9.97896E-05 9.97896E-05 9.97896E-05 9.97896E-05 9.97896E-05 9.97896E-05 9.97896E-05 9.97896E-05 9.97896E-05 9.97896E-05 9.97896E-05 9.97896E-05 9.97896E-05 0.0979773 0.855358 9.97896E-05 9.97896E-05 9.97896E-05 9.97896E-05 9.97896E-05 0.012147 9.97896E-05 9.97896E-05 0.0321227 9.97896E-05 9.97896E-05 9.97896E-05
9.98159E-05 9.98159E-05 9.98159E-05 9.98159E-05 0.0840585 9.98159E-05 9.98159E-05 0.227733 0.432188 9.98159E-05 0.120913 9.98159E-05 0.0971776 9.98159E-05 9.98159E-05 9.98159E-05 9.98159E-05 9.98159E-05 9.98159E-05 9.98159E-05 9.98159E-05 9.98159E-05 9.98159E-05 0.0302065 9.98159E-05 0.00562745 9.98159E-05 9.98159E-05
9.98159E-05 9.98159E-05 9.98159E-05 9.98159E-05 9.98159E-05 0.0828931 9.98159E-05 0.00120785 0.25538 9.98159E-05 9.98159E-05 9.98159E-05 0.150807 9.98159E-05 9.98159E-05 0.0262583 9.98159E-05 9.98159E-05 9.98159E-05 0.00401864 9.98159E-05 9.98159E-05 9.98159E-05 0.477339 9.98159E-05 9.98159E-05 9.98159E-05 9.98159E-05
9.97982E-05 9.97982E-05 0.0798869 9.97982E-05 9.97982E-05 9.97982E-05 9.97982E-05 9.97982E-05 0.132507 9.97982E-05 9.97982E-05 9.97982E-05 0.00872853 9.97982E-05 9.97982E-05 0.750017 9.97982E-05 9.97982E-05 0.0265645 9.97982E-05 9.97982E-05 9.97982E-05 9.97982E-05 9.97982E-05 9.97982E-05 9.97982E-05 9.97982E-05 9.97982E-05
9.97983E-05 9.97983E-05 9.97983E-05 9.97983E-05 9.97983E-05 0.0269931 9.97983E-05 9.97983E-05 9.97983E-05 9.97983E-05 9.97983E-05 9.97983E-05 0.0589301 0.0152068 9.97983E-05 0.891033 9.97983E-05 9.97983E-05 9.97983E-05 9.97983E-05 9.97983E-05 9.97983E-05 9.97983E-05 9.97983E-05 9.97983E-05 0.00554197 9.97983E-05 9.97983E-05
9.97721E-05 9.97721E-05 9.97721E-05 9.97721E-05 9.97721E-05 9.97721E-05 9.97721E-05 9.97721E-05 0.989192 9.97721E-05 9.97721E-05 9.97721E-05 0.00821442 9.97721E-05 9.97721E-05 9.97721E-05 9.97721E-05 9.97721E-05 9.97721E-05 9.97721E-05 9.97721E-05 9.97721E-05 9.97721E-05 9.97721E-05 9.97721E-05 9.97721E-05 9.97721E-05 9.97721E-05
9.98157E-05 9.98157E-05 9.98157E-05 9.98157E-05 9.98157E-05 9.98157E-05 9.98157E-05 0.0470898 0.426685 9.98157E-05 9.98157E-05 9.98157E-05 0.104788 9.98157E-05 9.98157E-05 0.233617 0.0243037 9.98157E-05 9.98157E-05 9.98157E-05 9.98157E-05 9.98157E-05 9.98157E-05 0.144547 9.98157E-05 0.0168729 9.98157E-05 9.98157E-05
9.9825E-05 9.9825E-05 9.9825E-05 9.9825E-05 9.9825E-05 9.9825E-05 9.9825E-05 9.9825E-05 0.444945 0.0480971 9.9825E-05 9.9825E-05 9.9825E-05 0.00913439 9.9825E-05 0.380803 0.0164553 0.0459782 9.9825E-05 9.9825E-05 0.0308361 9.9825E-05 9.9825E-05 0.0217535 9.9825E-05 9.9825E-05 9.9825E-05 9.9825E-05
9.98334E-05 9.98334E-05 9.98334E-05 9.98334E-05 0.0189815 9.98334E-05 9.98334E-05 0.0587277 0.346654 9.98334E-05 0.0116557 9.98334E-05 0.183329 9.98334E-05 9.98334E-05 9.98334E-05 9.98334E-05 9.98334E-05 9.98334E-05 9.98334E-05 9.98334E-05 9.98334E-05 9.98334E-05 9.98334E-05 0.157826 0.0731151 0.0595982 0.0882155
9.98246E-05 9.98246E-05 0.0328595 0.0197132 9.98246E-05 0.0448406 9.98246E-05 9.98246E-05 0.0347749 9.98246E-05 9.98246E-05 9.98246E-05 9.98246E-05 9.98246E-05 9.98246E-05 0.613055 9.98246E-05 9.98246E-05 9.98246E-05 0.044446 9.98246E-05 9.98246E-05 0.0137513 0.194563 9.98246E-05 9.98246E-05 9.98246E-05 9.98246E-05
9.98248E-05 9.98248E-05 9.98248E-05 9.98248E-05 9.98248E-05 9.98248E-05 9.98248E-05 9.98248E-05 9.98248E-05 0.000972859 0.0873151 0.0225468 0.0114139 0.0184959 9.98248E-05 0.836954 9.98248E-05 9.98248E-05 9.98248E-05 9.98248E-05 9.98248E-05 9.98248E-05 9.98248E-05 9.98248E-05 9.98248E-05 9.98248E-05 0.0170749 0.0032302
9.97984E-05 9.97984E-05 9.97984E-05 0.0530988 9.97984E-05 9.97984E-05 9.97984E-05 9.97984E-05 0.741699 9.97984E-05 9.97984E-05 9.97984E-05 9.97984E-05 0.0410087 9.97984E-05 9.97984E-05 9.97984E-05 0.0528482 9.97984E-05 9.97984E-05 9.97984E-05 0.10905 9.97984E-05 9.97984E-05 9.97984E-05 9.97984E-05 9.97984E-05 9.97984E-05
9.97897E-05 9.97897E-05 9.97897E-05 9.97897E-05 9.97897E-05 9.97897E-05 9.97897E-05 9.97897E-05 0.804899 9.97897E-05 9.97897E-05 9.97897E-05 0.0762567 9.97897E-05 9.97897E-05 9.97897E-05 9.97897E-05 9.97897E-05 9.97897E-05 9.97897E-05 0.090467 0.0259825 9.97897E-05 9.97897E-05 9.97897E-05 9.97897E-05 9.97897E-05 9.97897E-05
9.98071E-05 9.98071E-05 9.98071E-05 9.98071E-05 9.98071E-05 9.98071E-05 9.98071E-05 9.98071E-05 0.383717 9.98071E-05 9.98071E-05 9.98071E-05 9.98071E-05 9.98071E-05 9.98071E-05 0.316628 0.0327115 9.98071E-05 0.0619679 9.98071E-05 9.98071E-05 9.98071E-05 9.98071E-05 9.98071E-05 9.98071E-05 9.98071E-05 0.130899 0.0718817
9.97982E-05 9.97982E-05 9.97982E-05 9.97982E-05 9.97982E-05 9.97982E-05 9.97982E-05 9.97982E-05 9.97982E-05 9.97982E-05 9.97982E-05 0.0592128 0.0365912 0.0562375 9.97982E-05 0.79001 0.0556528 9.97982E-05 9.97982E-05 9.97982E-05 9.97982E-05 9.97982E-05 9.97982E-05 9.97982E-05 9.97982E-05 9.97982E-05 9.97982E-05 9.97982E-05
9.97898E-05 9.97898E-05 9.97898E-05 9.97898E-05 9.97898E-05 0.0897276 9.97898E-05 9.97898E-05 9.97898E-05 9.97898E-05 9.97898E-05 9.97898E-05 0.0524667 9.97898E-05 9.97898E-05 0.850238 9.97898E-05 9.97898E-05 9.97898E-05 9.97898E-05 9.97898E-05 9.97898E-05 9.97898E-05 9.97898E-05 9.97898E-05 0.00517258 9.97898E-05 9.97898E-05
9.97895E-05 0.0833866 9.97895E-05 9.97895E-05 9.97895E-05 9.97895E-05 9.97895E-05 9.97895E-05 0.911437 9.97895E-05 9.97895E-05 9.97895E-05 0.00159218 9.97895E-05 9.97895E-05 9.97895E-05 9.97895E-05 9.97895E-05 9.97895E-05 9.97895E-05 9.97895E-05 9.97895E-05 9.97895E-05 9.97895E-05 0.00118879 9.97895E-05 9.97895E-05 9.97895E-05
9.98069E-05 9.98069E-05 9.98069E-05 9.98069E-05 0.0299312 9.98069E-05 9.98069E-05 0.762921 9.98069E-05 9.98069E-05 9.98069E-05 9.98069E-05 0.120101 0.000792577 9.98069E-05 9.98069E-05 9.98069E-05 9.98069E-05 9.98069E-05 9.98069E-05 9.98069E-05 0.0283233 9.98069E-05 9.98069E-05 9.98069E-05 0.0557349 9.98069E-05 9.98069E-05
9.97632E-05 9.97632E-05 9.97632E-05 9.97632E-05 9.97632E-05 9.97632E-05 9.97632E-05 9.97632E-05 9.97632E-05 9.97632E-05 9.97632E-05 9.97632E-05 9.97632E-05 9.97632E-05 9.97632E-05 9.97632E-05 9.97632E-05 9.97632E-05 0.997306 9.97632E-05 9.97632E-05 9.97632E-05 9.97632E-05 9.97632E-05 9.97632E-05 9.97632E-05 9.97632E-05 9.97632E-05
9.97895E-05 9.97895E-05 9.97895E-05 9.97895E-05 9.97895E-05 9.97895E-05 0.00896763 0.404102 9.97895E-05 9.97895E-05 9.97895E-05 9.97895E-05 9.97895E-05 0.0513295 9.97895E-05 9.97895E-05 9.97895E-05 9.97895E-05 0.533206 9.97895E-05 9.97895E-05 9.97895E-05 9.97895E-05 9.97895E-05 9.97895E-05 9.97895E-05 9.97895E-05 9.97895E-05
9.9807E-05 9.9807E-05 9.9807E-05 9.9807E-05 0.124956 9.9807E-05 9.9807E-05 0.404834 9.9807E-05 0.0145459 9.9807E-05 0.241568 9.9807E-05 9.9807E-05 9.9807E-05 9.9807E-05 9.9807E-05 0.19425 9.9807E-05 9.9807E-05 9.9807E-05 9.9807E-05 9.9807E-05 9.9807E-05 9.9807E-05 9.9807E-05 0.0176512 9.9807E-05
9.98155E-05 9.98155E-05 0.0832572 9.98155E-05 0.0538618 0.0235521 9.98155E-05 0.773822 9.98155E-05 0.00128872 9.98155E-05 9.98155E-05 9.98155E-05 9.98155E-05 9.98155E-05 9.98155E-05 9.98155E-05 9.98155E-05 9.98155E-05 9.98155E-05 0.0114025 9.98155E-05 9.98155E-05 0.05072 9.98155E-05 9.98155E-05 9.98155E-05 9.98155E-05
9.97803E-05 9.97803E-05 9.97803E-05 9.97803E-05 0.0192148 9.97803E-05 9.97803E-05 0.891851 9.97803E-05 9.97803E-05 9.97803E-05 9.97803E-05 0.08644 9.97803E-05 9.97803E-05 9.97803E-05 9.97803E-05 9.97803E-05 9.97803E-05 9.97803E-05 9.97803E-05 9.97803E-05 9.97803E-05 9.97803E-05 9.97803E-05 9.97803E-05 9.97803E-05 9.97803E-05
9.98069E-05 9.98069E-05 9.98069E-05 9.98069E-05 9.98069E-05 0.0471576 9.98069E-05 0.630122 9.98069E-05 9.98069E-05 9.98069E-05 0.231202 0.0514668 9.98069E-05 9.98069E-05 9.98069E-05 9.98069E-05 9.98069E-05 0.0265656 9.98069E-05 9.98069E-05 9.98069E-05 9.98069E-05 9.98069E-05 9.98069E-05 0.0112908 9.98069E-05 9.98069E-05
9.98067E-05 9.98067E-05 9.98067E-05 9.98067E-05 0.0404894 9.98067E-05 9.98067E-05 0.695417 9.98067E-05 0.0137153 9.98067E-05 0.0323921 0.0874676 0.128323 9.98067E-05 9.98067E-05 9.98067E-05 9.98067E-05 9.98067E-05 9.98067E-05 9.98067E-05 9.98067E-05 9.98067E-05 9.98067E-05 9.98067E-05 9.98067E-05 9.98067E-05 9.98067E-05
9.97634E-05 9.97634E-05 9.97634E-05 9.97634E-05 9.97634E-05 9.97634E-05 9.97634E-05 0.997306 9.97634E-05 9.97634E-05 9.97634E-05 9.97634E-05 9.97634E-05 9.97634E-05 9.97634E-05 9.97634E-05 9.97634E-05 9.97634E-05 9.97634E-05 9.97634E-05 9.97634E-05 9.97634E-05 9.97634E-05 9.97634E-05 9.97634E-05 9.97634E-05 9.97634E-05 9.97634E-05
0.0148551 9.98067E-05 9.98067E-05 9.98067E-05 0.00231145 0.034454 9.98067E-05 0.328516 9.98067E-05 9.98067E-05 9.98067E-05 9.98067E-05 9.98067E-05 9.98067E-05 9.98067E-05 9.98067E-05 9.98067E-05 9.98067E-05 0.59579 9.98067E-05 9.98067E-05 9.98067E-05 9.98067E-05 9.98067E-05 9.98067E-05 0.021878 9.98067E-05 9.98067E-05
9.97979E-05 9.97979E-05 9.97979E-05 9.97979E-05 0.00174953 9.97979E-05 9.97979E-05 0.600891 9.97979E-05 9.97979E-05 9.97979E-05 9.97979E-05 0.278125 9.97979E-05 9.97979E-05 9.97979E-05 9.97979E-05 9.97979E-05 9.97979E-05 9.97979E-05 9.97979E-05 9.97979E-05 9.97979E-05 9.97979E-05 9.97979E-05 0.106155 9.97979E-05 0.0107838
0.0294838 9.98419E-05 9.98419E-05 0.0117224 9.98419E-05 0.0175381 9.98419E-05 0.628266 9.98419E-05 9.98419E-05 9.98419E-05 9.98419E-05 0.0481632 9.98419E-05 9.98419E-05 9.98419E-05 9.98419E-05 9.98419E-05 9.98419E-05 9.98419E-05 0.0125286 0.084833 9.98419E-05 0.120628 9.98419E-05 0.0401464 9.98419E-05 0.00489236
0.0484992 9.98068E-05 9.98068E-05 0.0386053 0.0506764 9.98068E-05 9.98068E-05 0.660409 9.98068E-05 9.98068E-05 9.98068E-05 9.98068E-05 9.98068E-05 9.98068E-05 9.98068E-05 9.98068E-05 9.98068E-05 9.98068E-05 9.98068E-05 0.0491927 9.98068E-05 9.98068E-05 9.98068E-05 9.98068E-05 9.98068E-05 0.150422 9.98068E-05 9.98068E-05
9.97981E-05 9.97981E-05 9.97981E-05 9.97981E-05 9.97981E-05 9.97981E-05 9.97981E-05 0.673669 9.97981E-05 9.97981E-05 9.97981E-05 0.0396462 0.179976 9.97981E-05 9.97981E-05 9.97981E-05 0.0029158 9.97981E-05 9.97981E-05 9.97981E-05 9.97981E-05 9.97981E-05 9.97981E-05 0.101497 9.97981E-05 9.97981E-05 9.97981E-05 9.97981E-05
9.97638E-05 9.97638E-05 9.97638E-05 9.97638E-05 9.97638E-05 9.97638E-05 9.97638E-05 0.997306 9.97638E-05 9.97638E-05 9.97638E-05 9.97638E-05 9.97638E-05 9.97638E-05 9.97638E-05 9.97638E-05 9.97638E-05 9.97638E-05 9.97638E-05 9.97638E-05 9.97638E-05 9.97638E-05 9.97638E-05 9.97638E-05 9.97638E-05 9.97638E-05 9.97638E-05 9.97638E-05
9.97898E-05 9.97898E-05 9.97898E-05 9.97898E-05 0.0512913 9.97898E-05 0.00816034 0.890813 9.97898E-05 9.97898E-05 9.97898E-05 9.97898E-05 9.97898E-05 9.97898E-05 9.97898E-05 9.97898E-05 9.97898E-05 9.97898E-05 0.0473405 9.97898E-05 9.97898E-05 9.97898E-05 9.97898E-05 9.97898E-05 9.97898E-05 9.97898E-05 9.97898E-05 9.97898E-05
9.97804E-05 0.136139 9.97804E-05 9.97804E-05 9.97804E-05 9.97804E-05 9.97804E-05 0.815265 9.97804E-05 9.97804E-05 9.97804E-05 9.97804E-05 9.97804E-05 9.97804E-05 9.97804E-05 9.97804E-05 0.0461015 9.97804E-05 9.97804E-05 9.97804E-05 9.97804E-05 9.97804E-05 9.97804E-05 9.97804E-05 9.97804E-05 9.97804E-05 9.97804E-05 9.97804E-05
0.0354533 9.9807E-05 9.9807E-05 9.9807E-05 0.0359835 0.0515151 9.9807E-05 0.714023 9.9807E-05 9.9807E-05 9.9807E-05 9.9807E-05 9.9807E-05 9.9807E-05 9.9807E-05 9.9807E-05 0.0635667 9.9807E-05 9.9807E-05 9.9807E-05 9.9807E-05 9.9807E-05 9.9807E-05 9.9807E-05 9.9807E-05 0.0972625 9.9807E-05 9.9807E-05
9.97808E-05 9.97808E-05 9.97808E-05 9.97808E-05 9.97808E-05 9.97808E-05 9.97808E-05 0.866757 9.97808E-05 9.97808E-05 9.97808E-05 9.97808E-05 9.97808E-05 0.079603 9.97808E-05 9.97808E-05 9.97808E-05 9.97808E-05 0.0511457 9.97808E-05 9.97808E-05 9.97808E-05 9.97808E-05 9.97808E-05 9.97808E-05 9.97808E-05 9.97808E-05 9.97808E-05
9.9798E-05 9.9798E-05 9.9798E-05 0.016837 9.9798E-05 9.9798E-05 9.9798E-05 0.784106 9.9798E-05 9.9798E-05 9.9798E-05 9.9798E-05 0.157843 9.9798E-05 9.9798E-05 9.9798E-05 9.9798E-05 9.9798E-05 9.9798E-05 9.9798E-05 9.9798E-05 9.9798E-05 9.9798E-05 9.9798E-05 0.0103356 0.0285832 9.9798E-05 9.9798E-05
9.97634E-05 9.97634E-05 9.97634E-05 9.97634E-05 9.97634E-05 9.97634E-05 9.97634E-05 9.97634E-05 9.97634E-05 9.97634E-05 9.97634E-05 9.97634E-05 9.97634E-05 9.97634E-05 9.97634E-05 9.97634E-05 9.97634E-05 9.97634E-05 0.997306 9.97634E-05 9.97634E-05 9.97634E-05 9.97634E-05 9.97634E-05 9.97634E-05 9.97634E-05 9.97634E-05 9.97634E-05
9.9798E-05 9.9798E-05 9.9798E-05 9.9798E-05 9.9798E-05 9.9798E-05 9.9798E-05 0.749609 9.9798E-05 9.9798E-05 9.9798E-05 9.9798E-05 0.000924608 9.9798E-05 9.9798E-05 9.9798E-05 0.0342163 9.9798E-05 9.9798E-05 9.9798E-05 9.9798E-05 9.9798E-05 9.9798E-05 0.209127 0.00382686 9.9798E-05 9.9798E-05 9.9798E-05
9.97983E-05 9.97983E-05 9.97983E-05 9.97983E-05 9.97983E-05 9.97983E-05 9.97983E-05 0.848923 9.97983E-05 9.97983E-05 9.97983E-05 9.97983E-05 9.97983E-05 9.97983E-05 0.0948359 9.97983E-05 9.97983E-05 9.97983E-05 9.97983E-05 9.97983E-05 9.97983E-05 0.0193714 9.97983E-05 0.0223515 9.97983E-05 9.97983E-05 9.97983E-05 0.0122228
9.98333E-05 0.0838055 9.98333E-05 9.98333E-05 0.0163119 9.98333E-05 9.98333E-05 0.389176 9.98333E-05 9.98333E-05 0.131632 9.98333E-05 0.03226 0.0608045 9.98333E-05 9.98333E-05 0.0668783 9.98333E-05 0.163295 9.98333E-05 9.98333E-05 9.98333E-05 9.98333E-05 9.98333E-05 9.98333E-05 9.98333E-05 0.0539395 9.98333E-05
0.0807537 9.97891E-05 9.97891E-05 9.97891E-05 9.97891E-05 9.97891E-05 9.97891E-05 0.263232 9.97891E-05 9.97891E-05 9.97891E-05 9.97891E-05 9.97891E-05 9.97891E-05 9.97891E-05 9.97891E-05 9.97891E-05 9.97891E-05 0.550315 9.97891E-05 9.97891E-05 9.97891E-05 9.97891E-05 9.97891E-05 9.97891E-05 0.103304 9.97891E-05 9.97891E-05
9.97633E-05 9.97633E-05 9.97633E-05 9.97633E-05 9.97633E-05 9.97633E-05 9.97633E-05 9.97633E-05 9.97633E-05 9.97633E-05 9.97633E-05 9.97633E-05 9.97633E-05 9.97633E-05 9.97633E-05 9.97633E-05 9.97633E-05 9.97633E-05 0.997306 9.97633E-05 9.97633E-05 9.97633E-05 9.97633E-05 9.97633E-05 9.97633E-05 9.97633E-05 9.97633E-05 9.97633E-05
9.97635E-05 9.97635E-05 9.97635E-05 9.97635E-05 9.97635E-05 9.97635E-05 9.97635E-05 0.997306 9.97635E-05 9.97635E-05 9.97635E-05 9.97635E-05 9.97635E-05 9.97635E-05 9.97635E-05 9.97635E-05 9.97635E-05 9.97635E-05 9.97635E-05 9.97635E-05 9.97635E-05 9.97635E-05 9.97635E-05 9.97635E-05 9.97635E-05 9.97635E-05 9.97635E-05 9.97635E-05
9.97632E-05 9.97632E-05 9.97632E-05 9.97632E-05 9.97632E-05 9.97632E-05 9.97632E-05 9.97632E-05 9.97632E-05 9.97632E-05 9.97632E-05 9.97632E-05 9.97632E-05 9.97632E-05 9.97632E-05 9.97632E-05 9.97632E-05 9.97632E-05 0.997306 9.97632E-05 9.97632E-05 9.97632E-05 9.97632E-05 9.97632E-05 9.97632E-05 9.97632E-05 9.97632E-05 9.97632E-05
9.97724E-05 9.97724E-05 9.97724E-05 9.97724E-05 9.97724E-05 9.97724E-05 9.97724E-05 0.963111 9.97724E-05 9.97724E-05 9.97724E-05 9.97724E-05 9.97724E-05 0.0342944 9.97724E-05 9.97724E-05 9.97724E-05 9.97724E-05 9.97724E-05 9.97724E-05 9.97724E-05 9.97724E-05 9.97724E-05 9.97724E-05 9.97724E-05 9.97724E-05 9.97724E-05 9.97724E-05
9.97984E-05 9.97984E-05 9.97984E-05 9.97984E-05 0.0900144 9.97984E-05 9.97984E-05 9.97984E-05 9.97984E-05 9.97984E-05 9.97984E-05 9.97984E-05 0.101405 9.97984E-05 0.127734 9.97984E-05 9.97984E-05 9.97984E-05 0.643267 9.97984E-05 9.97984E-05 9.97984E-05 9.97984E-05 9.97984E-05 0.0352848 9.97984E-05 9.97984E-05 9.97984E-05
9.97809E-05 9.97809E-05 9.97809E-05 9.97809E-05 0.0590838 9.97809E-05 9.97809E-05 9.97809E-05 9.97809E-05 9.97809E-05 9.97809E-05 9.97809E-05 0.140668 9.97809E-05 9.97809E-05 9.97809E-05 9.97809E-05 9.97809E-05 9.97809E-05 9.97809E-05 9.97809E-05 9.97809E-05 9.97809E-05 9.97809E-05 9.97809E-05 9.97809E-05 0.797753 9.97809E-05
9.97898E-05 9.97898E-05 9.97898E-05 9.97898E-05 9.97898E-05 9.97898E-05 0.123036 9.97898E-05 9.97898E-05 9.97898E-05 9.97898E-05 9.97898E-05 9.97898E-05 9.97898E-05 0.329506 9.97898E-05 9.97898E-05 9.97898E-05 9.97898E-05 9.97898E-05 9.97898E-05 9.97898E-05 9.97898E-05 9.97898E-05 0.100283 9.97898E-05 0.444781 9.97898E-05
9.98069E-05 9.98069E-05 9.98069E-05 9.98069E-05 9.98069E-05 9.98069E-05 9.98069E-05 0.0182708 9.98069E-05 9.98069E-05 9.98069E-05 9.98069E-05 0.110055 9.98069E-05 9.98069E-05 9.98069E-05 9.98069E-05 0.404674 9.98069E-05 0.00569784 0.0173183 9.98069E-05 9.98069E-05 9.98069E-05 9.98069E-05 9.98069E-05 0.441789 9.98069E-05
9.97981E-05 9.97981E-05 0.0274407 9.97981E-05 0.0287827 9.97981E-05 9.97981E-05 9.97981E-05 9.97981E-05 9.97981E-05 9.97981E-05 9.97981E-05 0.0678287 9.97981E-05 9.97981E-05 9.97981E-05 9.97981E-05 9.97981E-05 9.97981E-05 9.97981E-05 9.97981E-05 9.97981E-05 9.97981E-05 9.97981E-05 9.97981E-05 0.00360679 0.870046 9.97981E-05
9.97805E-05 9.97805E-05 9.97805E-05 9.97805E-05 0.0941231 9.97805E-05 9.97805E-05 9.97805E-05 9.97805E-05 9.97805E-05 0.0414423 9.97805E-05 9.97805E-05 9.97805E-05 9.97805E-05 9.97805E-05 9.97805E-05 9.97805E-05 9.97805E-05 9.97805E-05 9.97805E-05 9.97805E-05 9.97805E-05 9.97805E-05 9.97805E-05 9.97805E-05 0.86194 9.97805E-05
9.97983E-05 9.97983E-05 9.97983E-05 9.97983E-05 0.15155 0.0255095 9.97983E-05 9.97983E-05 9.97983E-05 9.97983E-05 9.97983E-05 9.97983E-05 0.111461 9.97983E-05 0.104787 9.97983E-05 9.97983E-05 9.97983E-05 9.97983E-05 9.97983E-05 9.97983E-05 9.97983E-05 9.97983E-05 9.97983E-05 9.97983E-05 9.97983E-05 0.604397 9.97983E-05
0.0164141 9.98332E-05 9.98332E-05 9.98332E-05 0.0298627 9.98332E-05 9.98332E-05 9.98332E-05 9.98332E-05 9.98332E-05 9.98332E-05 9.98332E-05 0.0860726 0.000840423 0.177013 9.98332E-05 9.98332E-05 0.0210488 9.98332E-05 9.98332E-05 9.98332E-05 9.98332E-05 9.98332E-05 0.0920164 9.98332E-05 0.0141443 0.56069 9.98332E-05
9.97894E-05 9.97894E-05 9.97894E-05 9.97894E-05 0.254786 9.97894E-05 9.97894E-05 9.97894E-05 9.97894E-05 9.97894E-05 9.97894E-05 9.97894E-05 9.97894E-05 0.0212615 9.97894E-05 9.97894E-05 9.97894E-05 0.320978 9.97894E-05 9.97894E-05 9.97894E-05 9.97894E-05 9.97894E-05 9.97894E-05 9.97894E-05 9.97894E-05 0.400579 9.97894E-05
9.98243E-05 9.98243E-05 9.98243E-05 9.98243E-05 0.306044 9.98243E-05 9.98243E-05 9.98243E-05 9.98243E-05 9.98243E-05 9.98243E-05 0.0729276 0.00225763 9.98243E-05 9.98243E-05 9.98243E-05 9.98243E-05 0.110317 9.98243E-05 9.98243E-05 0.0322048 9.98243E-05 9.98243E-05 0.0928525 0.123795 9.98243E-05 0.257605 9.98243E-05
0.00776525 9.98158E-05 9.98158E-05 9.98158E-05 0.210466 0.0776654 9.98158E-05 9.98158E-05 9.98158E-05 9.98158E-05 9.98158E-05 9.98158E-05 0.248692 9.98158E-05 9.98158E-05 9.98158E-05 9.98158E-05 0.189058 9.98158E-05 9.98158E-05 9.98158E-05 9.98158E-05 9.98158E-05 0.00686471 9.98158E-05 9.98158E-05 0.257392 9.98158E-05
9.97982E-05 9.97982E-05 9.97982E-05 9.97982E-05 0.0276477 9.97982E-05 0.377794 9.97982E-05 9.97982E-05 9.97982E-05 9.97982E-05 0.125194 9.97982E-05 9.97982E-05 9.97982E-05 9.97982E-05 9.97982E-05 0.162154 9.97982E-05 9.97982E-05 9.97982E-05 9.97982E-05 9.97982E-05 9.97982E-05 9.97982E-05 9.97982E-05 0.304914 9.97982E-05
9.98158E-05 9.98158E-05 0.0067761 9.98158E-05 9.98158E-05 9.98158E-05 0.0994546 9.98158E-05 9.98158E-05 9.98158E-05 9.98158E-05 0.0903499 0.0292991 9.98158E-05 9.98158E-05 9.98158E-05 9.98158E-05 0.398544 9.98158E-05 9.98158E-05 9.98158E-05 9.98158E-05 9.98158E-05 9.98158E-05 9.98158E-05 0.00796434 0.365515 9.98158E-05
9.97897E-05 9.97897E-05 9.97897E-05 9.97897E-05 0.0441465 0.012296 9.97897E-05 9.97897E-05 9.97897E-05 9.97897E-05 9.97897E-05 9.97897E-05 9.97897E-05 9.97897E-05 0.231237 9.97897E-05 9.97897E-05 9.97897E-05 9.97897E-05 9.97897E-05 9.97897E-05 9.97897E-05 9.97897E-05 9.97897E-05 9.97897E-05 9.97897E-05 0.709925 9.97897E-05
9.98159E-05 9.98159E-05 9.98159E-05 9.98159E-05 0.0983967 9.98159E-05 0.00664785 9.98159E-05 9.98159E-05 9.98159E-05 9.98159E-05 9.98159E-05 0.250544 9.98159E-05 0.0891578 9.98159E-05 9.98159E-05 0.242553 0.00252606 9.98159E-05 9.98159E-05 9.98159E-05 9.98159E-05 9.98159E-05 9.98159E-05 9.98159E-05 0.308078 9.98159E-05
0.0639556 9.98157E-05 9.98157E-05 0.0369152 0.0284905 9.98157E-05 9.98157E-05 9.98157E-05 9.98157E-05 9.98157E-05 9.98157E-05 9.98157E-05 9.98157E-05 0.0965443 0.275778 9.98157E-05 9.98157E-05 0.141591 9.98157E-05 9.98157E-05 9.98157E-05 9.98157E-05 9.98157E-05 9.98157E-05 9.98157E-05 9.98157E-05 0.354629 9.98157E-05
9.98071E-05 0.0339058 9.98071E-05 9.98071E-05 9.98071E-05 0.00638944 9.98071E-05 9.98071E-05 9.98071E-05 9.98071E-05 9.98071E-05 0.0293764 0.102575 9.98071E-05 9.98071E-05 9.98071E-05 9.98071E-05 9.98071E-05 9.98071E-05 9.98071E-05 9.98071E-05 9.98071E-05 9.98071E-05 9.98071E-05 0.110849 9.98071E-05 0.714708 9.98071E-05
9.98156E-05 9.98156E-05 0.103752 9.98156E-05 9.98156E-05 9.98156E-05 0.0812564 9.98156E-05 9.98156E-05 9.98156E-05 9.98156E-05 0.267283 0.116708 0.00739855 9.98156E-05 9.98156E-05 9.98156E-05 0.164942 9.98156E-05 9.98156E-05 9.98156E-05 9.98156E-05 9.98156E-05 9.98156E-05 9.98156E-05 9.98156E-05 0.256564 9.98156E-05
9.98161E-05 9.98161E-05 9.98161E-05 9.98161E-05 0.073931 0.0218644 0.00863665 9.98161E-05 9.98161E-05 9.98161E-05 9.98161E-05 9.98161E-05 9.98161E-05 9.98161E-05 9.98161E-05 9.98161E-05 9.98161E-05 0.407682 9.98161E-05 0.0490378 9.98161E-05 9.98161E-05 9.98161E-05 0.0131485 9.98161E-05 9.98161E-05 0.423603 9.98161E-05
9.97809E-05 9.97809E-05 9.97809E-05 9.97809E-05 9.97809E-05 9.97809E-05 0.028357 9.97809E-05 9.97809E-05 9.97809E-05 9.97809E-05 9.97809E-05 9.97809E-05 9.97809E-05 9.97809E-05 9.97809E-05 9.97809E-05 9.97809E-05 9.97809E-05 0.00803062 9.97809E-05 9.97809E-05 9.97809E-05 9.97809E-05 9.97809E-05 9.97809E-05 0.961118 9.97809E-05
9.98597E-05 9.98597E-05 0.0119793 9.98597E-05 0.0239057 0.183032 0.19055 0.0536497 9.98597E-05 9.98597E-05 0.012675 9.98597E-05 0.107573 9.98597E-05 9.98597E-05 9.98597E-05 9.98597E-05 0.0262431 9.98597E-05 9.98597E-05 9.98597E-05 0.0119253 9.98597E-05 9.98597E-05 9.98597E-05 0.00765475 0.312208 0.0570073
0.0391391 9.98247E-05 9.98247E-05 9.98247E-05 0.0216562 9.98247E-05 9.98247E-05 9.98247E-05 9.98247E-05 9.98247E-05 9.98247E-05 0.0493905 0.0933195 0.000811727 0.0764491 9.98247E-05 9.98247E-05 9.98247E-05 9.98247E-05 0.0374595 9.98247E-05 9.98247E-05 9.98247E-05 9.98247E-05 9.98247E-05 9.98247E-05 0.679778 9.98247E-05
9.97633E-05 9.97633E-05 9.97633E-05 9.97633E-05 9.97633E-05 9.97633E-05 9.97633E-05 9.97633E-05 9.97633E-05 9.97633E-05 9.97633E-05 9.97633E-05 9.97633E-05 9.97633E-05 9.97633E-05 9.97633E-05 9.97633E-05 9.97633E-05 9.97633E-05 9.97633E-05 9.97633E-05 9.97633E-05 9.97633E-05 9.97633E-05 9.97633E-05 9.97633E-05 0.997306 9.97633E-05
9.98071E-05 9.98071E-05 0.0898137 9.98071E-05 0.289776 9.98071E-05 9.98071E-05 9.98071E-05 9.98071E-05 9.98071E-05 9.98071E-05 0.0556388 0.174205 9.98071E-05 9.98071E-05 9.98071E-05 9.98071E-05 0.0157921 9.98071E-05 9.98071E-05 9.98071E-05 9.98071E-05 9.98071E-05 9.98071E-05 9.98071E-05 9.98071E-05 0.372579 9.98071E-05
9.97984E-05 9.97984E-05 9.97984E-05 9.97984E-05 0.10881 9.97984E-05 0.0884227 9.97984E-05 9.97984E-05 9.97984E-05 9.97984E-05 9.97984E-05 9.97984E-05 9.97984E-05 0.0204407 9.97984E-05 9.97984E-05 9.97984E-05 9.97984E-05 9.97984E-05 0.0536338 9.97984E-05 9.97984E-05 9.97984E-05 9.97984E-05 9.97984E-05 0.726398 9.97984E-05
9.98157E-05 9.98157E-05 0.0526377 9.98157E-05 0.194627 9.98157E-05 9.98157E-05 9.98157E-05 9.98157E-05 9.98157E-05 9.98157E-05 0.086236 0.202123 9.98157E-05 9.98157E-05 9.98157E-05 9.98157E-05 0.0440124 9.98157E-05 9.98157E-05 9.98157E-05 9.98157E-05 0.0460028 9.98157E-05 9.98157E-05 9.98157E-05 0.372264 9.98157E-05
0.0231813 9.98248E-05 9.98248E-05 9.98248E-05 0.132822 9.98248E-05 0.173865 0.125522 9.98248E-05 9.98248E-05 9.98248E-05 9.98248E-05 0.115393 9.98248E-05 0.0993975 9.98248E-05 9.98248E-05 0.0055815 9.98248E-05 9.98248E-05 9.98248E-05 9.98248E-05 9.98248E-05 9.98248E-05 9.98248E-05 9.98248E-05 0.322241 9.98248E-05
9.98158E-05 9.98158E-05 9.98158E-05 9.98158E-05 9.98158E-05 9.98158E-05 9.98158E-05 9.98158E-05 9.98158E-05 0.0148274 0.136816 9.98158E-05 0.000201635 9.98158E-05 0.767922 9.98158E-05 9.98158E-05 0.0308306 9.98158E-05 9.98158E-05 9.98158E-05 0.0160601 9.98158E-05 9.98158E-05 9.98158E-05 9.98158E-05 9.98158E-05 0.0312459
9.97979E-05 9.97979E-05 9.97979E-05 9.97979E-05 0.0914497 9.97979E-05 9.97979E-05 9.97979E-05 9.97979E-05 9.97979E-05 9.97979E-05 9.97979E-05 0.102825 9.97979E-05 9.97979E-05 9.97979E-05 0.0502079 0.0579698 9.97979E-05 9.97979E-05 9.97979E-05 9.97979E-05 9.97979E-05 9.97979E-05 9.97979E-05 9.97979E-05 0.695253 9.97979E-05
9.9781E-05 9.9781E-05 9.9781E-05 9.9781E-05 0.194014 9.9781E-05 9.9781E-05 9.9781E-05 9.9781E-05 9.9781E-05 9.9781E-05 9.9781E-05 0.182102 9.9781E-05 9.9781E-05 9.9781E-05 9.9781E-05 9.9781E-05 9.9781E-05 9.9781E-05 9.9781E-05 9.9781E-05 9.9781E-05 9.9781E-05 9.9781E-05 9.9781E-05 0.62139 9.9781E-05
9.98156E-05 9.98156E-05 9.98156E-05 9.98156E-05 9.98156E-05 9.98156E-05 9.98156E-05 9.98156E-05 9.98156E-05 9.98156E-05 9.98156E-05 9.98156E-05 0.144502 0.0192668 0.279933 9.98156E-05 9.98156E-05 0.231385 9.98156E-05 0.0929026 9.98156E-05 9.98156E-05 9.98156E-05 9.98156E-05 9.98156E-05 0.0471102 0.182805 9.98156E-05
9.98335E-05 9.98335E-05 9.98335E-05 0.00104011 0.00210054 9.98335E-05 0.00874817 9.98335E-05 9.98335E-05 9.98335E-05 9.98335E-05 0.0323882 0.150534 9.98335E-05 9.98335E-05 9.98335E-05 9.98335E-05 0.253363 9.98335E-05 9.98335E-05 9.98335E-05 9.98335E-05 0.0200865 9.98335E-05 9.98335E-05 0.0525045 0.477338 9.98335E-05
9.97807E-05 9.97807E-05 9.97807E-05 0.0436857 9.97807E-05 9.97807E-05 9.97807E-05 9.97807E-05 9.97807E-05 9.97807E-05 9.97807E-05 9.97807E-05 9.97807E-05 9.97807E-05 0.124593 9.97807E-05 9.97807E-05 9.97807E-05 9.97807E-05 9.97807E-05 9.97807E-05 9.97807E-05 9.97807E-05 9.97807E-05 9.97807E-05 9.97807E-05 0.829227 9.97807E-05
9.97981E-05 9.97981E-05 0.117668 9.97981E-05 0.183877 9.97981E-05 9.97981E-05 9.97981E-05 9.97981E-05 9.97981E-05 9.97981E-05 9.97981E-05 0.170733 9.97981E-05 9.97981E-05 9.97981E-05 9.97981E-05 9.97981E-05 9.97981E-05 0.0870818 9.97981E-05 9.97981E-05 9.97981E-05 9.97981E-05 9.97981E-05 9.97981E-05 0.438344 9.97981E-05
9.98158E-05 9.98158E-05 9.98158E-05 9.98158E-05 0.00588637 9.98158E-05 9.98158E-05 9.98158E-05 9.98158E-05 9.98158E-05 9.98158E-05 9.98158E-05 0.0658202 9.98158E-05 9.98158E-05 9.98158E-05 9.98158E-05 0.0431334 9.98158E-05 9.98158E-05 0.0287495 0.0171323 9.98158E-05 0.163713 9.98158E-05 9.98158E-05 0.673469 9.98158E-05
9.97896E-05 9.97896E-05 9.97896E-05 9.97896E-05 9.97896E-05 9.97896E-05 9.97896E-05 9.97896E-05 9.97896E-05 9.97896E-05 9.97896E-05 9.97896E-05 0.0527397 9.97896E-05 0.0952611 9.97896E-05 9.97896E-05 0.0974992 9.97896E-05 9.97896E-05 9.97896E-05 9.97896E-05 9.97896E-05 9.97896E-05 9.97896E-05 9.97896E-05 0.752105 9.97896E-05
