0.0903572 0.371778 9.99473E-05 0.262528 0.048828 9.99473E-05 0.102368 9.99473E-05 9.99473E-05 9.99473E-05 0.107467 9.99473E-05 0.0160746
9.99561E-05 0.740765 9.99561E-05 0.0122095 9.99561E-05 0.0333653 0.145269 0.0251279 0.00245397 9.99561E-05 0.0304884 9.99561E-05 0.00982064
0.051145 0.845396 9.99209E-05 9.99209E-05 9.99209E-05 9.99209E-05 9.99209E-05 0.00952411 9.99209E-05 9.99209E-05 0.0930353 9.99209E-05 9.99209E-05
9.99473E-05 0.232691 9.99473E-05 0.202673 9.99473E-05 0.300111 9.99473E-05 0.0693728 0.0903329 0.0133717 0.0908478 9.99473E-05 9.99473E-05
9.99122E-05 0.815316 9.99122E-05 9.99122E-05 9.99122E-05 0.167867 9.99122E-05 9.99122E-05 9.99122E-05 0.0158179 9.99122E-05 9.99122E-05 9.99122E-05
9.99824E-05 0.297883 0.122761 0.0745044 0.018613 0.153077 0.0278466 0.00565175 0.076687 0.111842 0.0679888 9.99824E-05 0.0429464
0.0793113 0.244509 9.99473E-05 0.247996 9.99473E-05 0.14 0.110842 0.14095 9.99473E-05 9.99473E-05 0.0357913 9.99473E-05 9.99473E-05
9.99474E-05 0.193194 9.99474E-05 0.259642 9.99474E-05 0.216849 0.00310037 9.99474E-05 9.99474E-05 0.177886 9.99474E-05 0.0508472 0.0978813
0.160564 0.218784 9.99386E-05 9.99386E-05 9.99386E-05 0.0475862 0.0318476 9.99386E-05 9.99386E-05 0.23736 0.303158 9.99386E-05 9.99386E-05
9.99209E-05 0.764984 9.99209E-05 9.99209E-05 0.021055 9.99209E-05 9.99209E-05 0.00958734 9.99209E-05 9.99209E-05 0.203474 9.99209E-05 9.99209E-05
9.99298E-05 0.427865 9.99298E-05 0.215624 9.99298E-05 9.99298E-05 9.99298E-05 0.137992 9.99298E-05 0.00517509 0.212545 9.99298E-05 9.99298E-05
9.99297E-05 0.889335 9.99297E-05 9.99297E-05 9.99297E-05 0.0488469 9.99297E-05 0.0167087 9.99297E-05 9.99297E-05 0.0155941 0.0287154 9.99297E-05
9.99122E-05 0.728002 9.99122E-05 0.112404 9.99122E-05 9.99122E-05 9.99122E-05 9.99122E-05 9.99122E-05 9.99122E-05 0.158595 9.99122E-05 9.99122E-05
9.99386E-05 0.61809 0.125073 0.0269484 9.99386E-05 9.99386E-05 9.99386E-05 0.0713622 9.99386E-05 9.99386E-05 0.105666 0.0521613 9.99386E-05
0.0432231 0.277473 0.07209 0.20496 9.99473E-05 9.99473E-05 0.108633 9.99473E-05 9.99473E-05 0.130821 0.1622 9.99473E-05 9.99473E-05
9.99473E-05 0.257309 9.99473E-05 0.120832 9.99473E-05 0.185927 9.99473E-05 9.99473E-05 9.99473E-05 0.189122 0.134429 0.0518607 0.0599207
0.0244901 0.50472 0.0406674 9.99561E-05 9.99561E-05 9.99561E-05 0.116404 0.072317 9.99561E-05 9.99561E-05 0.0972166 0.0652975 0.0783875
9.99386E-05 0.108566 9.99386E-05 0.393017 0.18369 9.99386E-05 9.99386E-05 9.99386E-05 0.116978 0.0633443 0.133706 9.99386E-05 9.99386E-05
0.105544 0.315957 9.99561E-05 0.128303 0.0343177 0.083525 9.99561E-05 9.99561E-05 0.00920773 0.16816 0.154485 9.99561E-05 9.99561E-05
9.9921E-05 0.909373 9.9921E-05 9.9921E-05 0.00587645 9.9921E-05 9.9921E-05 0.0627387 0.0211131 9.9921E-05 9.9921E-05 9.9921E-05 9.9921E-05
0.0414643 0.455396 9.99561E-05 9.99561E-05 9.99561E-05 0.197898 9.99561E-05 0.117356 0.0283528 0.0837551 0.0511228 0.0241558 9.99561E-05
9.99298E-05 0.202088 9.99298E-05 0.419616 0.000168622 0.216277 9.99298E-05 9.99298E-05 9.99298E-05 0.161051 9.99298E-05 9.99298E-05 9.99298E-05
9.99298E-05 0.622509 9.99298E-05 0.0139236 9.99298E-05 9.99298E-05 0.077653 0.0948827 9.99298E-05 9.99298E-05 0.190233 9.99298E-05 9.99298E-05
0.0484743 0.343789 9.99386E-05 0.284428 9.99386E-05 9.99386E-05 9.99386E-05 9.99386E-05 9.99386E-05 0.00897798 0.263367 9.99386E-05 0.0502644
9.99385E-05 0.231428 9.99385E-05 0.161864 9.99385E-05 9.99385E-05 9.99385E-05 0.0194582 0.184674 0.0949053 0.306971 9.99385E-05 9.99385E-05
9.9921E-05 0.615903 9.9921E-05 0.187509 9.9921E-05 0.076819 9.9921E-05 9.9921E-05 9.9921E-05 9.9921E-05 0.118869 9.9921E-05 9.9921E-05
9.99649E-05 0.00453552 0.0905096 0.541073 0.151463 9.99649E-05 0.00558442 9.99649E-05 0.00913455 0.0108224 0.161536 0.0249411 9.99649E-05
9.99298E-05 0.665553 0.00241344 0.139268 9.99298E-05 0.0600975 9.99298E-05 9.99298E-05 9.99298E-05 9.99298E-05 0.131869 9.99298E-05 9.99298E-05
0.0227864 0.563156 9.99298E-05 0.166847 9.99298E-05 9.99298E-05 9.99298E-05 9.99298E-05 0.000973909 9.99298E-05 0.245438 9.99298E-05 9.99298E-05
9.99298E-05 0.744326 0.15313 9.99298E-05 9.99298E-05 9.99298E-05 9.99298E-05 0.00794125 9.99298E-05 0.0253809 0.0684228 9.99298E-05 9.99298E-05
9.99385E-05 0.596898 9.99385E-05 0.184691 0.0266303 9.99385E-05 9.99385E-05 0.111592 9.99385E-05 0.0427054 0.0367835 9.99385E-05 9.99385E-05
9.99386E-05 0.400041 0.168788 0.11893 9.99386E-05 0.21121 9.99386E-05 0.0316982 9.99386E-05 9.99386E-05 0.0686339 9.99386E-05 9.99386E-05
9.99297E-05 0.493911 9.99297E-05 0.186063 9.99297E-05 9.99297E-05 9.99297E-05 0.112871 9.99297E-05 9.99297E-05 0.172227 0.034129 9.99297E-05
0.0197141 0.411688 0.14309 0.1896 0.0394311 9.99561E-05 9.99561E-05 0.0172841 9.99561E-05 9.99561E-05 0.149394 0.0292991 9.99561E-05
9.99473E-05 0.739836 9.99473E-05 0.00977278 9.99473E-05 9.99473E-05 0.0341715 0.0602602 0.0562597 0.0271256 0.071975 9.99473E-05 9.99473E-05
0.108344 0.64262 9.99561E-05 0.163628 9.99561E-05 9.99561E-05 0.0150781 0.00914898 0.0122032 0.0214232 0.0270556 9.99561E-05 9.99561E-05
9.99297E-05 0.738893 9.99297E-05 0.139309 0.0153782 9.99297E-05 9.99297E-05 0.0224782 0.0831422 9.99297E-05 9.99297E-05 9.99297E-05 9.99297E-05
9.99473E-05 0.54483 0.00991825 9.99473E-05 9.99473E-05 9.99473E-05 0.123678 0.0298142 0.11567 0.111663 0.0638265 9.99473E-05 9.99473E-05
9.99473E-05 0.540371 0.117444 9.99473E-05 9.99473E-05 0.0486348 0.0955372 0.0432306 9.99473E-05 0.0225811 0.131601 9.99473E-05 9.99473E-05
9.99297E-05 0.510589 0.137764 0.0167431 9.99297E-05 9.99297E-05 9.99297E-05 9.99297E-05 9.99297E-05 9.99297E-05 0.190494 0.14361 9.99297E-05
9.99298E-05 0.735207 9.99298E-05 0.124692 9.99298E-05 9.99298E-05 9.99298E-05 0.0356463 9.99298E-05 0.0142645 0.0893903 9.99298E-05 9.99298E-05
0.0339812 0.518472 9.99299E-05 0.333947 9.99299E-05 9.99299E-05 9.99299E-05 9.99299E-05 9.99299E-05 0.017632 0.0951685 9.99299E-05 9.99299E-05
9.99298E-05 0.772225 0.05296 0.132535 9.99298E-05 0.00760597 0.0338747 9.99298E-05 9.99298E-05 9.99298E-05 9.99298E-05 9.99298E-05 9.99298E-05
0.0316791 0.297855 9.99473E-05 0.20912 9.99473E-05 9.99473E-05 0.0614978 0.0407532 9.99473E-05 0.0822079 0.276287 9.99473E-05 9.99473E-05
0.0323791 0.162329 9.99298E-05 0.399836 9.99298E-05 0.239568 9.99298E-05 9.99298E-05 9.99298E-05 9.99298E-05 0.165089 9.99298E-05 9.99298E-05
9.99385E-05 0.739117 9.99385E-05 0.0227403 9.99385E-05 0.0333584 9.99385E-05 9.99385E-05 0.129526 0.00110639 0.0734531 9.99385E-05 9.99385E-05
9.99385E-05 0.73414 9.99385E-05 9.99385E-05 0.0600589 9.99385E-05 9.99385E-05 0.0527227 0.0114424 0.0287791 0.112158 9.99385E-05 9.99385E-05
9.9921E-05 0.954704 9.9921E-05 9.9921E-05 0.00319339 9.9921E-05 9.9921E-05 9.9921E-05 9.9921E-05 9.9921E-05 0.0405442 0.000659138 9.9921E-05
9.99297E-05 0.573106 9.99297E-05 0.216877 9.99297E-05 9.99297E-05 9.99297E-05 0.0335197 9.99297E-05 9.99297E-05 0.110987 0.0647099 9.99297E-05
9.99387E-05 0.713673 9.99387E-05 9.99387E-05 0.0374952 9.99387E-05 0.00105058 0.0179953 9.99387E-05 0.084631 9.99387E-05 0.144455 9.99387E-05
9.99385E-05 0.292928 9.99385E-05 0.119603 9.99385E-05 0.0902794 9.99385E-05 0.20356 9.99385E-05 0.0515774 0.241352 9.99385E-05 9.99385E-05
0.109564 0.509564 9.99561E-05 0.249469 9.99561E-05 0.0558142 9.99561E-05 9.99561E-05 0.0328972 0.00820228 0.00502273 9.99561E-05 0.0289663
9.99298E-05 0.725461 9.99298E-05 0.0564934 0.10367 9.99298E-05 0.0297891 9.99298E-05 9.99298E-05 9.99298E-05 0.0837868 9.99298E-05 9.99298E-05
9.99299E-05 0.591951 9.99299E-05 9.99299E-05 0.062841 9.99299E-05 9.99299E-05 9.99299E-05 9.99299E-05 0.0103444 0.0751951 0.25887 9.99299E-05
0.0267573 0.71286 9.99386E-05 9.99386E-05 9.99386E-05 0.0616447 9.99386E-05 9.99386E-05 9.99386E-05 0.00932468 0.177816 0.0108978 9.99386E-05
9.99385E-05 0.661793 0.059065 0.0749807 9.99385E-05 0.0656484 9.99385E-05 9.99385E-05 0.113462 9.99385E-05 9.99385E-05 0.0243515 9.99385E-05
9.99473E-05 0.666265 9.99473E-05 0.0885306 0.12978 9.99473E-05 0.0119467 0.0295906 9.99473E-05 9.99473E-05 0.0486222 0.0246657 9.99473E-05
9.99298E-05 0.756916 9.99298E-05 9.99298E-05 9.99298E-05 0.0513945 9.99298E-05 0.104662 9.99298E-05 9.99298E-05 0.0809843 9.99298E-05 0.00524401
9.99385E-05 0.829657 9.99385E-05 0.0152984 9.99385E-05 0.0299034 9.99385E-05 0.044493 9.99385E-05 0.0175506 0.0623978 9.99385E-05 9.99385E-05
9.99386E-05 9.99386E-05 9.99386E-05 0.369182 0.106872 9.99386E-05 0.178344 0.0586545 9.99386E-05 0.0386201 0.247628 9.99386E-05 9.99386E-05
0.135585 0.0938281 9.99299E-05 0.496345 9.99299E-05 9.99299E-05 0.266101 9.99299E-05 9.99299E-05 9.99299E-05 9.99299E-05 0.00734039 9.99299E-05
9.99562E-05 0.218417 0.0137328 0.203315 0.192736 9.99562E-05 0.324401 0.0261856 9.99562E-05 9.99562E-05 0.00228976 0.0184239 9.99562E-05
9.99474E-05 9.99474E-05 0.107788 0.0993422 0.080273 9.99474E-05 0.443255 0.0135459 9.99474E-05 0.148588 0.106608 9.99474E-05 9.99474E-05
9.99473E-05 9.99473E-05 9.99473E-05 0.420624 0.100492 0.135299 0.080834 9.99473E-05 0.0403482 0.0364117 0.185391 9.99473E-05 9.99473E-05
9.99297E-05 9.99297E-05 9.99297E-05 0.494649 0.0575829 9.99297E-05 0.119658 9.99297E-05 9.99297E-05 0.031179 0.296132 9.99297E-05 9.99297E-05
0.0023119 9.99561E-05 9.99561E-05 0.0532931 9.99561E-05 0.00990977 0.501792 0.194514 0.0505885 0.00329642 0.183794 9.99561E-05 9.99561E-05
9.99297E-05 9.99297E-05 9.99297E-05 0.189076 0.247919 9.99297E-05 0.273412 9.99297E-05 9.99297E-05 0.0592738 0.22952 9.99297E-05 9.99297E-05
0.0918639 0.115579 9.99386E-05 0.374278 0.0743787 9.99386E-05 0.280856 9.99386E-05 9.99386E-05 9.99386E-05 0.062345 9.99386E-05 9.99386E-05
9.99385E-05 0.219853 9.99385E-05 0.409822 9.99385E-05 9.99385E-05 0.192582 0.0919809 9.99385E-05 9.99385E-05 0.084638 9.99385E-05 0.000424945
9.99385E-05 9.99385E-05 9.99385E-05 0.268633 9.99385E-05 9.99385E-05 0.0625709 0.198916 0.0204387 0.099865 0.348877 9.99385E-05 9.99385E-05
9.99473E-05 9.99473E-05 9.99473E-05 0.451182 9.99473E-05 0.0448915 0.169966 0.0354052 9.99473E-05 9.99473E-05 0.117839 0.079629 0.100488
9.99649E-05 9.99649E-05 0.00251415 0.18517 9.99649E-05 0.0896455 0.215516 0.0605221 9.99649E-05 0.134096 0.0430792 0.118725 0.150332
9.9921E-05 9.9921E-05 9.9921E-05 0.487652 9.9921E-05 0.0771288 0.22269 9.9921E-05 9.9921E-05 9.9921E-05 0.21163 9.9921E-05 9.9921E-05
0.0352191 0.130263 0.165457 0.329584 9.9965E-05 9.9965E-05 0.207283 0.0176726 9.9965E-05 9.9965E-05 0.0576648 0.0298939 0.0265617
9.99561E-05 0.173347 0.0318744 0.396263 0.0386439 9.99561E-05 0.132105 0.000218852 9.99561E-05 0.0610029 0.166045 9.99561E-05 9.99561E-05
0.0283089 9.99473E-05 9.99473E-05 0.274071 0.119125 0.139972 0.288091 9.99473E-05 9.99473E-05 9.99473E-05 0.103552 0.0462808 9.99473E-05
9.99473E-05 9.99473E-05 9.99473E-05 0.615231 0.0274258 9.99473E-05 0.0390152 0.116875 9.99473E-05 0.0928646 0.0131442 9.99473E-05 0.0948441
9.99474E-05 0.0994224 9.99474E-05 0.236603 0.151468 9.99474E-05 0.134411 0.1165 9.99474E-05 0.0416238 0.219372 9.99474E-05 9.99474E-05
9.99561E-05 9.99561E-05 9.99561E-05 0.336193 0.0280187 9.99561E-05 0.124644 0.022981 0.0783826 9.99561E-05 0.326853 0.0719661 0.0104625
9.99475E-05 0.231523 0.0379173 0.284627 0.00036869 9.99475E-05 0.294763 0.0512533 9.99475E-05 9.99475E-05 0.0989475 9.99475E-05 9.99475E-05
9.99209E-05 9.99209E-05 9.99209E-05 0.679611 0.0383085 9.99209E-05 0.197639 9.99209E-05 9.99209E-05 9.99209E-05 0.0835426 9.99209E-05 9.99209E-05
9.99386E-05 0.11049 0.249256 0.329762 0.108169 9.99386E-05 0.148046 9.99386E-05 9.99386E-05 9.99386E-05 0.053578 9.99386E-05 9.99386E-05
0.0258351 0.0676846 0.0350326 0.317082 0.120163 0.192654 0.0118995 0.0239315 9.99824E-05 0.0253515 0.178613 0.00155406 9.99824E-05
9.99385E-05 0.165246 9.99385E-05 0.416399 9.99385E-05 9.99385E-05 9.99385E-05 0.103465 9.99385E-05 0.0357545 0.147939 9.99385E-05 0.130497
9.99561E-05 0.282858 0.0110388 0.210624 9.99561E-05 9.99561E-05 0.29825 0.0369439 0.0149264 0.0374154 0.107444 9.99561E-05 9.99561E-05
9.99386E-05 0.190723 0.0892752 0.519124 0.0167265 9.99386E-05 0.166205 9.99386E-05 9.99386E-05 9.99386E-05 0.0172463 9.99386E-05 9.99386E-05
0.051142 0.0409503 9.99387E-05 0.426013 0.031789 9.99387E-05 0.364345 9.99387E-05 9.99387E-05 9.99387E-05 0.0850613 9.99387E-05 9.99387E-05
9.99387E-05 0.153272 9.99387E-05 0.45004 0.170581 9.99387E-05 0.0310234 9.99387E-05 9.99387E-05 0.036394 0.15799 9.99387E-05 9.99387E-05
9.99474E-05 0.229642 0.10801 0.082399 9.99474E-05 9.99474E-05 0.230276 9.99474E-05 9.99474E-05 0.128031 0.188351 0.0326915 9.99474E-05
9.99209E-05 9.99209E-05 0.614823 9.99209E-05 9.99209E-05 0.0401309 9.99209E-05 9.99209E-05 9.99209E-05 0.15859 0.185556 9.99209E-05 9.99209E-05
9.99123E-05 9.99123E-05 0.913564 9.99123E-05 9.99123E-05 9.99123E-05 9.99123E-05 9.99123E-05 9.99123E-05 0.0394985 0.0459387 9.99123E-05 9.99123E-05
9.99472E-05 9.99472E-05 0.598906 0.0514338 0.0165165 9.99472E-05 9.99472E-05 0.0487242 9.99472E-05 0.0403742 0.242287 9.99472E-05 0.00115935
9.99296E-05 9.99296E-05 0.473275 9.99296E-05 0.0897534 9.99296E-05 9.99296E-05 0.0781599 9.99296E-05 0.0808322 0.27718 9.99296E-05 9.99296E-05
9.99209E-05 9.99209E-05 0.596161 9.99209E-05 9.99209E-05 9.99209E-05 9.99209E-05 9.99209E-05 9.99209E-05 0.178139 0.0706648 9.99209E-05 0.154136
9.99386E-05 9.99386E-05 0.381211 9.99386E-05 0.0408753 9.99386E-05 0.0537843 9.99386E-05 0.0472019 0.265013 0.211214 9.99386E-05 9.99386E-05
9.99385E-05 9.99385E-05 0.588165 0.0369119 0.000378234 9.99385E-05 9.99385E-05 0.11366 9.99385E-05 0.0650478 0.195138 9.99385E-05 9.99385E-05
9.99297E-05 9.99297E-05 0.565557 9.99297E-05 0.0450614 9.99297E-05 9.99297E-05 9.99297E-05 0.0342519 0.302033 0.0522969 9.99297E-05 9.99297E-05
9.99473E-05 9.99473E-05 0.149926 0.0188903 9.99473E-05 9.99473E-05 0.235941 0.0388204 9.99473E-05 0.40796 0.0821221 9.99473E-05 0.0657399
9.99473E-05 9.99473E-05 0.332046 0.0291971 0.0205039 9.99473E-05 9.99473E-05 0.00138848 9.99473E-05 0.221191 0.382536 9.99473E-05 0.0125377
9.99298E-05 9.99298E-05 0.678251 9.99298E-05 9.99298E-05 9.99298E-05 0.237724 0.00594873 9.99298E-05 0.0508987 0.0263783 9.99298E-05 9.99298E-05
9.99473E-05 9.99473E-05 0.634634 9.99473E-05 0.00204102 9.99473E-05 0.183015 0.0668006 0.00216281 0.00663543 0.104111 9.99473E-05 9.99473E-05
9.99298E-05 9.99298E-05 0.776819 9.99298E-05 0.0287348 9.99298E-05 9.99298E-05 0.0360105 9.99298E-05 0.157189 9.99298E-05 0.000447984 9.99298E-05
0.0279687 9.99298E-05 0.501535 9.99298E-05 9.99298E-05 9.99298E-05 9.99298E-05 0.00769781 9.99298E-05 0.156164 0.305835 9.99298E-05 9.99298E-05
9.99473E-05 9.99473E-05 0.66171 9.99473E-05 0.0899381 9.99473E-05 9.99473E-05 0.0546734 0.0348082 0.139133 9.99473E-05 0.0166921 0.00244609
9.99473E-05 9.99473E-05 0.510209 9.99473E-05 9.99473E-05 9.99473E-05 0.103812 0.070512 9.99473E-05 0.0699325 0.229119 0.00701588 0.00880014
9.99297E-05 9.99297E-05 0.401743 9.99297E-05 0.04312 9.99297E-05 0.247777 9.99297E-05 0.119219 9.99297E-05 0.187341 9.99297E-05 9.99297E-05
9.99298E-05 9.99298E-05 0.546371 0.101532 9.99298E-05 9.99298E-05 9.99298E-05 9.99298E-05 9.99298E-05 0.224182 9.99298E-05 0.0197609 0.107353
9.99297E-05 9.99297E-05 0.79488 9.99297E-05 9.99297E-05 9.99297E-05 9.99297E-05 0.0769818 0.0333118 0.0745245 0.0195021 9.99297E-05 9.99297E-05
9.99298E-05 9.99298E-05 0.550631 9.99298E-05 9.99298E-05 9.99298E-05 9.99298E-05 0.0335687 0.0651339 0.258224 0.0916438 9.99298E-05 9.99298E-05
9.99297E-05 9.99297E-05 0.615764 9.99297E-05 0.0343935 9.99297E-05 0.0419237 9.99297E-05 9.99297E-05 0.048961 0.258158 9.99297E-05 9.99297E-05
9.99473E-05 9.99473E-05 0.552271 9.99473E-05 0.0117023 9.99473E-05 9.99473E-05 0.0305493 0.00997994 0.214836 0.162161 9.99473E-05 0.0178998
9.99297E-05 9.99297E-05 0.33577 9.99297E-05 9.99297E-05 0.0509255 9.99297E-05 9.99297E-05 0.0668383 0.247527 0.29814 9.99297E-05 9.99297E-05
9.99122E-05 9.99122E-05 0.70031 9.99122E-05 9.99122E-05 9.99122E-05 9.99122E-05 9.99122E-05 9.99122E-05 0.241684 0.0570069 9.99122E-05 9.99122E-05
9.99473E-05 9.99473E-05 0.21243 9.99473E-05 9.99473E-05 0.149349 0.0236037 0.0486851 0.00599647 0.342237 0.217099 9.99473E-05 9.99473E-05
9.99299E-05 9.99299E-05 0.527478 9.99299E-05 9.99299E-05 9.99299E-05 0.176908 9.99299E-05 9.99299E-05 0.144392 0.125 9.99299E-05 0.0254233
0.0714221 0.0013711 0.818379 9.99299E-05 9.99299E-05 9.99299E-05 9.99299E-05 9.99299E-05 0.0126702 9.99299E-05 0.0953585 9.99299E-05 9.99299E-05
9.99384E-05 9.99384E-05 0.443907 0.027054 9.99384E-05 0.117162 9.99384E-05 0.0157883 9.99384E-05 0.151493 0.243896 9.99384E-05 9.99384E-05
9.99211E-05 9.99211E-05 0.386064 9.99211E-05 9.99211E-05 9.99211E-05 9.99211E-05 9.99211E-05 0.0227839 0.369899 0.220353 9.99211E-05 9.99211E-05
9.99298E-05 9.99298E-05 0.660259 9.99298E-05 9.99298E-05 9.99298E-05 9.99298E-05 0.0442521 0.0873122 0.0201101 0.187267 9.99298E-05 9.99298E-05
9.99385E-05 9.99385E-05 0.499438 0.0225445 9.99385E-05 9.99385E-05 9.99385E-05 0.113044 9.99385E-05 0.105728 0.205747 0.0527991 9.99385E-05
9.99473E-05 9.99473E-05 0.686221 9.99473E-05 0.00513523 9.99473E-05 9.99473E-05 0.0720879 0.0262533 0.0655232 0.0439382 0.100241 9.99473E-05
9.99385E-05 9.99385E-05 0.199162 9.99385E-05 0.0427133 9.99385E-05 9.99385E-05 0.0286495 0.135058 0.353215 0.240503 9.99385E-05 9.99385E-05
9.99296E-05 9.99296E-05 0.537668 0.209564 9.99296E-05 9.99296E-05 9.99296E-05 9.99296E-05 0.0691995 0.0724085 0.110361 9.99296E-05 9.99296E-05
9.99209E-05 9.99209E-05 0.729274 9.99209E-05 9.99209E-05 9.99209E-05 9.99209E-05 9.99209E-05 0.0384338 0.121572 0.109821 9.99209E-05 9.99209E-05
9.99473E-05 9.99473E-05 0.703716 0.0245288 9.99473E-05 9.99473E-05 0.0371812 0.0359899 9.99473E-05 0.122595 9.99473E-05 0.0391992 0.0361899
9.99297E-05 9.99297E-05 0.321884 9.99297E-05 0.13932 9.99297E-05 9.99297E-05 0.0489738 9.99297E-05 0.188378 0.300645 9.99297E-05 9.99297E-05
9.99035E-05 9.99035E-05 0.931963 9.99035E-05 9.99035E-05 9.99035E-05 9.99035E-05 9.99035E-05 9.99035E-05 0.0669378 9.99035E-05 9.99035E-05 9.99035E-05
9.99473E-05 9.99473E-05 0.782854 9.99473E-05 0.0375103 9.99473E-05 9.99473E-05 0.00350518 0.048283 0.0261696 0.0947181 9.99473E-05 0.00636044
9.99298E-05 9.99298E-05 0.914179 9.99298E-05 9.99298E-05 9.99298E-05 9.99298E-05 0.0206484 0.0105568 0.0434288 9.99298E-05 9.99298E-05 0.0103874
9.99211E-05 9.99211E-05 0.934428 9.99211E-05 9.99211E-05 9.99211E-05 0.0553605 9.99211E-05 0.00272774 0.0065842 9.99211E-05 9.99211E-05 9.99211E-05
9.99385E-05 9.99385E-05 0.25773 9.99385E-05 9.99385E-05 9.99385E-05 0.139804 0.0239493 0.0224007 0.162549 0.392867 9.99385E-05 9.99385E-05
9.99297E-05 9.99297E-05 0.652661 0.0608618 0.0268277 0.0431326 9.99297E-05 9.99297E-05 9.99297E-05 0.215718 9.99297E-05 9.99297E-05 9.99297E-05
9.99299E-05 9.99299E-05 0.761486 9.99299E-05 9.99299E-05 9.99299E-05 0.0140599 9.99299E-05 0.0815827 0.0743515 0.0677206 9.99299E-05 9.99299E-05
9.99123E-05 0.0337321 0.914272 9.99123E-05 9.99123E-05 9.99123E-05 9.99123E-05 9.99123E-05 9.99123E-05 9.99123E-05 0.0509965 9.99123E-05 9.99123E-05
9.99473E-05 9.99473E-05 0.244704 0.0917461 0.0680518 9.99473E-05 0.131634 9.99473E-05 0.190731 0.223807 0.0487258 9.99473E-05 9.99473E-05
9.99386E-05 9.99386E-05 0.53349 0.0344492 9.99386E-05 9.99386E-05 9.99386E-05 0.066554 9.99386E-05 0.148254 0.176678 9.99386E-05 0.0398753
0.122994 9.99561E-05 0.426334 0.0111186 9.99561E-05 9.99561E-05 0.0405721 9.99561E-05 9.99561E-05 0.207754 0.0466245 0.0493253 0.0947782
9.99386E-05 9.99386E-05 0.220345 0.112446 0.0291809 9.99386E-05 9.99386E-05 0.00103466 9.99386E-05 0.294414 0.34188 9.99386E-05 9.99386E-05
9.99035E-05 9.99035E-05 0.946385 9.99035E-05 9.99035E-05 9.99035E-05 9.99035E-05 9.99035E-05 9.99035E-05 9.99035E-05 0.0525161 9.99035E-05 9.99035E-05
9.99473E-05 9.99473E-05 0.44065 0.0462571 9.99473E-05 0.126692 9.99473E-05 0.0202542 9.99473E-05 0.0405087 0.269221 0.0558174 9.99473E-05
9.99299E-05 9.99299E-05 0.752723 9.99299E-05 9.99299E-05 9.99299E-05 0.135151 9.99299E-05 0.00393364 0.107107 0.000285625 9.99299E-05 9.99299E-05
9.99386E-05 9.99386E-05 0.613089 9.99386E-05 0.00272024 9.99386E-05 9.99386E-05 0.0306288 9.99386E-05 0.191605 0.14995 9.99386E-05 0.0113074
9.99473E-05 9.99473E-05 0.585069 0.00357786 0.015978 9.99473E-05 9.99473E-05 9.99473E-05 9.99473E-05 0.183827 0.0182013 0.176748 0.0159994
9.99472E-05 9.99472E-05 0.645437 0.103297 0.0275081 9.99472E-05 9.99472E-05 0.0661301 0.0366137 0.0641291 0.056285 9.99472E-05 9.99472E-05
9.99297E-05 9.99297E-05 0.281312 9.99297E-05 9.99297E-05 9.99297E-05 0.171509 0.0531141 9.99297E-05 0.269926 0.22334 9.99297E-05 9.99297E-05
9.99121E-05 9.99121E-05 0.568995 9.99121E-05 9.99121E-05 9.99121E-05 9.99121E-05 9.99121E-05 9.99121E-05 0.223844 0.206162 9.99121E-05 9.99121E-05
9.99385E-05 9.99385E-05 0.595337 9.99385E-05 9.99385E-05 9.99385E-05 9.99385E-05 0.0709896 0.0236418 0.127448 0.118495 0.0633894 9.99385E-05
9.99121E-05 9.99121E-05 0.724678 9.99121E-05 9.99121E-05 9.99121E-05 9.99121E-05 9.99121E-05 0.142463 9.99121E-05 0.131859 9.99121E-05 9.99121E-05
9.99122E-05 9.99122E-05 0.694224 9.99122E-05 9.99122E-05 9.99122E-05 9.99122E-05 9.99122E-05 9.99122E-05 0.173389 0.131388 9.99122E-05 9.99122E-05
9.98945E-05 9.98945E-05 9.98945E-05 9.98945E-05 9.98945E-05 9.98945E-05 9.98945E-05 9.98945E-05 9.98945E-05 9.98945E-05 0.998801 9.98945E-05 9.98945E-05
9.98944E-05 9.98944E-05 9.98944E-05 9.98944E-05 9.98944E-05 9.98944E-05 9.98944E-05 9.98944E-05 9.98944E-05 0.998801 9.98944E-05 9.98944E-05 9.98944E-05
9.98943E-05 9.98943E-05 9.98943E-05 9.98943E-05 9.98943E-05 9.98943E-05 9.98943E-05 9.98943E-05 9.98943E-05 9.98943E-05 0.998801 9.98943E-05 9.98943E-05
9.98944E-05 9.98944E-05 9.98944E-05 9.98944E-05 9.98944E-05 9.98944E-05 9.98944E-05 9.98944E-05 9.98944E-05 0.998801 9.98944E-05 9.98944E-05 9.98944E-05
9.98944E-05 9.98944E-05 9.98944E-05 9.98944E-05 9.98944E-05 9.98944E-05 9.98944E-05 9.98944E-05 9.98944E-05 0.998801 9.98944E-05 9.98944E-05 9.98944E-05
9.98944E-05 9.98944E-05 9.98944E-05 9.98944E-05 9.98944E-05 9.98944E-05 9.98944E-05 9.98944E-05 9.98944E-05 0.998801 9.98944E-05 9.98944E-05 9.98944E-05
9.98945E-05 9.98945E-05 9.98945E-05 9.98945E-05 9.98945E-05 9.98945E-05 9.98945E-05 9.98945E-05 9.98945E-05 9.98945E-05 0.998801 9.98945E-05 9.98945E-05
9.98944E-05 9.98944E-05 9.98944E-05 9.98944E-05 9.98944E-05 9.98944E-05 9.98944E-05 9.98944E-05 9.98944E-05 0.998801 9.98944E-05 9.98944E-05 9.98944E-05
9.98944E-05 9.98944E-05 9.98944E-05 9.98944E-05 9.98944E-05 9.98944E-05 9.98944E-05 9.98944E-05 9.98944E-05 0.998801 9.98944E-05 9.98944E-05 9.98944E-05
9.98944E-05 9.98944E-05 9.98944E-05 9.98944E-05 9.98944E-05 9.98944E-05 9.98944E-05 9.98944E-05 9.98944E-05 9.98944E-05 0.998801 9.98944E-05 9.98944E-05
9.98944E-05 9.98944E-05 9.98944E-05 9.98944E-05 9.98944E-05 9.98944E-05 9.98944E-05 9.98944E-05 9.98944E-05 9.98944E-05 0.998801 9.98944E-05 9.98944E-05
9.98944E-05 9.98944E-05 9.98944E-05 9.98944E-05 9.98944E-05 9.98944E-05 9.98944E-05 9.98944E-05 9.98944E-05 9.98944E-05 0.998801 9.98944E-05 9.98944E-05
9.98944E-05 9.98944E-05 9.98944E-05 9.98944E-05 9.98944E-05 9.98944E-05 9.98944E-05 9.98944E-05 9.98944E-05 0.998801 9.98944E-05 9.98944E-05 9.98944E-05
9.98944E-05 9.98944E-05 9.98944E-05 9.98944E-05 9.98944E-05 9.98944E-05 9.98944E-05 9.98944E-05 9.98944E-05 0.998801 9.98944E-05 9.98944E-05 9.98944E-05
9.98944E-05 9.98944E-05 9.98944E-05 9.98944E-05 9.98944E-05 9.98944E-05 9.98944E-05 9.98944E-05 9.98944E-05 9.98944E-05 0.998801 9.98944E-05 9.98944E-05
9.98945E-05 9.98945E-05 9.98945E-05 9.98945E-05 9.98945E-05 9.98945E-05 9.98945E-05 9.98945E-05 9.98945E-05 9.98945E-05 0.998801 9.98945E-05 9.98945E-05
9.99561E-05 9.99561E-05 0.191115 9.99561E-05 0.0107579 0.101324 0.0867057 9.99561E-05 0.160641 0.132131 0.183363 0.133463 9.99561E-05
9.98944E-05 9.98944E-05 9.98944E-05 9.98944E-05 9.98944E-05 9.98944E-05 9.98944E-05 9.98944E-05 9.98944E-05 9.98944E-05 0.998801 9.98944E-05 9.98944E-05
9.98944E-05 9.98944E-05 9.98944E-05 9.98944E-05 9.98944E-05 9.98944E-05 9.98944E-05 9.98944E-05 9.98944E-05 0.998801 9.98944E-05 9.98944E-05 9.98944E-05
9.98944E-05 9.98944E-05 9.98944E-05 9.98944E-05 9.98944E-05 9.98944E-05 9.98944E-05 9.98944E-05 9.98944E-05 9.98944E-05 0.998801 9.98944E-05 9.98944E-05
9.98945E-05 9.98945E-05 9.98945E-05 9.98945E-05 9.98945E-05 9.98945E-05 9.98945E-05 9.98945E-05 9.98945E-05 9.98945E-05 0.998801 9.98945E-05 9.98945E-05
9.98944E-05 9.98944E-05 9.98944E-05 9.98944E-05 9.98944E-05 9.98944E-05 9.98944E-05 9.98944E-05 9.98944E-05 9.98944E-05 0.998801 9.98944E-05 9.98944E-05
9.98944E-05 9.98944E-05 9.98944E-05 9.98944E-05 9.98944E-05 9.98944E-05 9.98944E-05 9.98944E-05 9.98944E-05 0.998801 9.98944E-05 9.98944E-05 9.98944E-05
9.98945E-05 9.98945E-05 9.98945E-05 9.98945E-05 9.98945E-05 9.98945E-05 9.98945E-05 9.98945E-05 9.98945E-05 9.98945E-05 0.998801 9.98945E-05 9.98945E-05
9.98944E-05 9.98944E-05 9.98944E-05 9.98944E-05 9.98944E-05 9.98944E-05 9.98944E-05 9.98944E-05 9.98944E-05 0.998801 9.98944E-05 9.98944E-05 9.98944E-05
9.98944E-05 9.98944E-05 9.98944E-05 9.98944E-05 9.98944E-05 9.98944E-05 9.98944E-05 9.98944E-05 9.98944E-05 9.98944E-05 0.998801 9.98944E-05 9.98944E-05
9.98944E-05 9.98944E-05 9.98944E-05 9.98944E-05 9.98944E-05 9.98944E-05 9.98944E-05 9.98944E-05 9.98944E-05 9.98944E-05 0.998801 9.98944E-05 9.98944E-05
9.98945E-05 9.98945E-05 9.98945E-05 9.98945E-05 9.98945E-05 9.98945E-05 9.98945E-05 9.98945E-05 9.98945E-05 0.998801 9.98945E-05 9.98945E-05 9.98945E-05
9.98944E-05 9.98944E-05 9.98944E-05 9.98944E-05 9.98944E-05 9.98944E-05 9.98944E-05 9.98944E-05 9.98944E-05 0.998801 9.98944E-05 9.98944E-05 9.98944E-05
9.98944E-05 9.98944E-05 9.98944E-05 9.98944E-05 9.98944E-05 9.98944E-05 9.98944E-05 9.98944E-05 9.98944E-05 0.998801 9.98944E-05 9.98944E-05 9.98944E-05
9.98944E-05 9.98944E-05 9.98944E-05 9.98944E-05 9.98944E-05 9.98944E-05 9.98944E-05 9.98944E-05 9.98944E-05 9.98944E-05 0.998801 9.98944E-05 9.98944E-05
9.98944E-05 9.98944E-05 9.98944E-05 9.98944E-05 9.98944E-05 9.98944E-05 9.98944E-05 9.98944E-05 9.98944E-05 9.98944E-05 0.998801 9.98944E-05 9.98944E-05
9.98944E-05 9.98944E-05 9.98944E-05 9.98944E-05 9.98944E-05 9.98944E-05 9.98944E-05 9.98944E-05 9.98944E-05 9.98944E-05 0.998801 9.98944E-05 9.98944E-05
9.98944E-05 9.98944E-05 9.98944E-05 9.98944E-05 9.98944E-05 9.98944E-05 9.98944E-05 9.98944E-05 9.98944E-05 9.98944E-05 0.998801 9.98944E-05 9.98944E-05
9.98944E-05 9.98944E-05 9.98944E-05 9.98944E-05 9.98944E-05 9.98944E-05 9.98944E-05 9.98944E-05 9.98944E-05 9.98944E-05 0.998801 9.98944E-05 9.98944E-05
9.98944E-05 9.98944E-05 9.98944E-05 9.98944E-05 9.98944E-05 9.98944E-05 9.98944E-05 9.98944E-05 9.98944E-05 0.998801 9.98944E-05 9.98944E-05 9.98944E-05
9.98944E-05 9.98944E-05 9.98944E-05 9.98944E-05 9.98944E-05 9.98944E-05 9.98944E-05 9.98944E-05 9.98944E-05 0.998801 9.98944E-05 9.98944E-05 9.98944E-05
9.98945E-05 9.98945E-05 9.98945E-05 9.98945E-05 9.98945E-05 9.98945E-05 9.98945E-05 9.98945E-05 9.98945E-05 0.998801 9.98945E-05 9.98945E-05 9.98945E-05
9.98944E-05 9.98944E-05 9.98944E-05 9.98944E-05 9.98944E-05 9.98944E-05 9.98944E-05 9.98944E-05 9.98944E-05 9.98944E-05 0.998801 9.98944E-05 9.98944E-05
9.98944E-05 9.98944E-05 9.98944E-05 9.98944E-05 9.98944E-05 9.98944E-05 9.98944E-05 9.98944E-05 9.98944E-05 0.998801 9.98944E-05 9.98944E-05 9.98944E-05
9.98944E-05 9.98944E-05 9.98944E-05 9.98944E-05 9.98944E-05 9.98944E-05 9.98944E-05 9.98944E-05 9.98944E-05 0.998801 9.98944E-05 9.98944E-05 9.98944E-05
9.98944E-05 9.98944E-05 9.98944E-05 9.98944E-05 9.98944E-05 9.98944E-05 9.98944E-05 9.98944E-05 9.98944E-05 0.998801 9.98944E-05 9.98944E-05 9.98944E-05
9.98944E-05 9.98944E-05 9.98944E-05 9.98944E-05 9.98944E-05 9.98944E-05 9.98944E-05 9.98944E-05 9.98944E-05 0.998801 9.98944E-05 9.98944E-05 9.98944E-05
9.98944E-05 9.98944E-05 9.98944E-05 9.98944E-05 9.98944E-05 9.98944E-05 9.98944E-05 9.98944E-05 9.98944E-05 9.98944E-05 0.998801 9.98944E-05 9.98944E-05
9.98945E-05 9.98945E-05 9.98945E-05 9.98945E-05 9.98945E-05 9.98945E-05 9.98945E-05 9.98945E-05 9.98945E-05 0.998801 9.98945E-05 9.98945E-05 9.98945E-05
9.98945E-05 9.98945E-05 9.98945E-05 9.98945E-05 9.98945E-05 9.98945E-05 9.98945E-05 9.98945E-05 9.98945E-05 0.998801 9.98945E-05 9.98945E-05 9.98945E-05
0.108497 9.9956E-05 0.24578 9.9956E-05 9.9956E-05 0.0481709 0.0123281 9.9956E-05 0.00144464 0.133989 0.258352 0.19094 9.9956E-05
9.98944E-05 9.98944E-05 9.98944E-05 9.98944E-05 9.98944E-05 9.98944E-05 9.98944E-05 9.98944E-05 9.98944E-05 9.98944E-05 0.998801 9.98944E-05 9.98944E-05
9.98946E-05 9.98946E-05 9.98946E-05 9.98946E-05 9.98946E-05 9.98946E-05 9.98946E-05 9.98946E-05 9.98946E-05 0.998801 9.98946E-05 9.98946E-05 9.98946E-05
9.98944E-05 9.98944E-05 9.98944E-05 9.98944E-05 9.98944E-05 9.98944E-05 9.98944E-05 9.98944E-05 9.98944E-05 0.998801 9.98944E-05 9.98944E-05 9.98944E-05
9.98945E-05 9.98945E-05 9.98945E-05 9.98945E-05 9.98945E-05 9.98945E-05 9.98945E-05 9.98945E-05 9.98945E-05 0.998801 9.98945E-05 9.98945E-05 9.98945E-05
9.98944E-05 9.98944E-05 9.98944E-05 9.98944E-05 9.98944E-05 9.98944E-05 9.98944E-05 9.98944E-05 9.98944E-05 0.998801 9.98944E-05 9.98944E-05 9.98944E-05
9.98944E-05 9.98944E-05 9.98944E-05 9.98944E-05 9.98944E-05 9.98944E-05 9.98944E-05 9.98944E-05 9.98944E-05 9.98944E-05 0.998801 9.98944E-05 9.98944E-05
9.98944E-05 9.98944E-05 9.98944E-05 9.98944E-05 9.98944E-05 9.98944E-05 9.98944E-05 9.98944E-05 9.98944E-05 0.998801 9.98944E-05 9.98944E-05 9.98944E-05
9.98944E-05 9.98944E-05 9.98944E-05 9.98944E-05 9.98944E-05 9.98944E-05 9.98944E-05 9.98944E-05 9.98944E-05 9.98944E-05 0.998801 9.98944E-05 9.98944E-05
9.98944E-05 9.98944E-05 9.98944E-05 9.98944E-05 9.98944E-05 9.98944E-05 9.98944E-05 9.98944E-05 9.98944E-05 0.998801 9.98944E-05 9.98944E-05 9.98944E-05
9.98944E-05 9.98944E-05 9.98944E-05 9.98944E-05 9.98944E-05 9.98944E-05 9.98944E-05 9.98944E-05 9.98944E-05 9.98944E-05 0.998801 9.98944E-05 9.98944E-05
9.98944E-05 9.98944E-05 9.98944E-05 9.98944E-05 9.98944E-05 9.98944E-05 9.98944E-05 9.98944E-05 9.98944E-05 0.998801 9.98944E-05 9.98944E-05 9.98944E-05
9.98944E-05 9.98944E-05 9.98944E-05 9.98944E-05 9.98944E-05 9.98944E-05 9.98944E-05 9.98944E-05 9.98944E-05 0.998801 9.98944E-05 9.98944E-05 9.98944E-05
9.98945E-05 9.98945E-05 9.98945E-05 9.98945E-05 9.98945E-05 9.98945E-05 9.98945E-05 9.98945E-05 9.98945E-05 0.998801 9.98945E-05 9.98945E-05 9.98945E-05
9.98945E-05 9.98945E-05 9.98945E-05 9.98945E-05 9.98945E-05 9.98945E-05 9.98945E-05 9.98945E-05 9.98945E-05 0.998801 9.98945E-05 9.98945E-05 9.98945E-05
9.98944E-05 9.98944E-05 9.98944E-05 9.98944E-05 9.98944E-05 9.98944E-05 9.98944E-05 9.98944E-05 9.98944E-05 0.998801 9.98944E-05 9.98944E-05 9.98944E-05
9.98944E-05 9.98944E-05 9.98944E-05 9.98944E-05 9.98944E-05 9.98944E-05 9.98944E-05 9.98944E-05 9.98944E-05 0.998801 9.98944E-05 9.98944E-05 9.98944E-05
9.98944E-05 9.98944E-05 9.98944E-05 9.98944E-05 9.98944E-05 9.98944E-05 9.98944E-05 9.98944E-05 9.98944E-05 9.98944E-05 0.998801 9.98944E-05 9.98944E-05
9.98944E-05 9.98944E-05 9.98944E-05 9.98944E-05 9.98944E-05 9.98944E-05 9.98944E-05 9.98944E-05 9.98944E-05 9.98944E-05 0.998801 9.98944E-05 9.98944E-05
9.98945E-05 9.98945E-05 9.98945E-05 9.98945E-05 9.98945E-05 9.98945E-05 9.98945E-05 9.98945E-05 9.98945E-05 9.98945E-05 0.998801 9.98945E-05 9.98945E-05
9.98944E-05 9.98944E-05 9.98944E-05 9.98944E-05 9.98944E-05 9.98944E-05 9.98944E-05 9.98944E-05 9.98944E-05 0.998801 9.98944E-05 9.98944E-05 9.98944E-05
9.98945E-05 9.98945E-05 9.98945E-05 9.98945E-05 9.98945E-05 9.98945E-05 9.98945E-05 9.98945E-05 9.98945E-05 9.98945E-05 0.998801 9.98945E-05 9.98945E-05
9.98944E-05 9.98944E-05 9.98944E-05 9.98944E-05 9.98944E-05 9.98944E-05 9.98944E-05 9.98944E-05 9.98944E-05 9.98944E-05 0.998801 9.98944E-05 9.98944E-05
9.98944E-05 9.98944E-05 9.98944E-05 9.98944E-05 9.98944E-05 9.98944E-05 9.98944E-05 9.98944E-05 9.98944E-05 9.98944E-05 0.998801 9.98944E-05 9.98944E-05
9.98944E-05 9.98944E-05 9.98944E-05 9.98944E-05 9.98944E-05 9.98944E-05 9.98944E-05 9.98944E-05 9.98944E-05 0.998801 9.98944E-05 9.98944E-05 9.98944E-05
9.98944E-05 9.98944E-05 9.98944E-05 9.98944E-05 9.98944E-05 9.98944E-05 9.98944E-05 9.98944E-05 9.98944E-05 0.998801 9.98944E-05 9.98944E-05 9.98944E-05
9.98944E-05 9.98944E-05 9.98944E-05 9.98944E-05 9.98944E-05 9.98944E-05 9.98944E-05 9.98944E-05 9.98944E-05 0.998801 9.98944E-05 9.98944E-05 9.98944E-05
9.98944E-05 9.98944E-05 9.98944E-05 9.98944E-05 9.98944E-05 9.98944E-05 9.98944E-05 9.98944E-05 9.98944E-05 9.98944E-05 0.998801 9.98944E-05 9.98944E-05
9.98944E-05 9.98944E-05 9.98944E-05 9.98944E-05 9.98944E-05 9.98944E-05 9.98944E-05 9.98944E-05 9.98944E-05 0.998801 9.98944E-05 9.98944E-05 9.98944E-05
9.98944E-05 9.98944E-05 9.98944E-05 9.98944E-05 9.98944E-05 9.98944E-05 9.98944E-05 9.98944E-05 9.98944E-05 0.998801 9.98944E-05 9.98944E-05 9.98944E-05
9.98944E-05 9.98944E-05 9.98944E-05 9.98944E-05 9.98944E-05 9.98944E-05 9.98944E-05 9.98944E-05 9.98944E-05 9.98944E-05 0.998801 9.98944E-05 9.98944E-05
9.98944E-05 9.98944E-05 9.98944E-05 9.98944E-05 9.98944E-05 9.98944E-05 9.98944E-05 9.98944E-05 9.98944E-05 0.998801 9.98944E-05 9.98944E-05 9.98944E-05
9.98944E-05 9.98944E-05 9.98944E-05 9.98944E-05 9.98944E-05 9.98944E-05 9.98944E-05 9.98944E-05 9.98944E-05 0.998801 9.98944E-05 9.98944E-05 9.98944E-05
9.99472E-05 9.99472E-05 0.178527 9.99472E-05 0.0883562 9.99472E-05 0.10219 0.162325 9.99472E-05 0.118569 0.323471 0.0259627 9.99472E-05
9.98944E-05 9.98944E-05 9.98944E-05 9.98944E-05 9.98944E-05 9.98944E-05 9.98944E-05 9.98944E-05 9.98944E-05 9.98944E-05 0.998801 9.98944E-05 9.98944E-05
9.98944E-05 9.98944E-05 9.98944E-05 9.98944E-05 9.98944E-05 9.98944E-05 9.98944E-05 9.98944E-05 9.98944E-05 0.998801 9.98944E-05 9.98944E-05 9.98944E-05
0.0609305 9.99386E-05 0.35759 9.99386E-05 9.99386E-05 9.99386E-05 9.99386E-05 0.0241618 9.99386E-05 0.463831 0.0521589 9.99386E-05 0.0406287
0.0230456 9.99473E-05 0.367476 9.99473E-05 9.99473E-05 0.0692828 9.99473E-05 9.99473E-05 0.0336946 0.254306 0.216037 9.99473E-05 0.0355578
0.0398673 9.99209E-05 0.348441 9.99209E-05 9.99209E-05 9.99209E-05 9.99209E-05 9.99209E-05 9.99209E-05 0.2146 0.396192 9.99209E-05 9.99209E-05
9.99384E-05 9.99384E-05 0.610941 9.99384E-05 0.0426666 9.99384E-05 9.99384E-05 9.99384E-05 0.0284636 9.99384E-05 0.214477 0.0706015 0.03215
9.99209E-05 9.99209E-05 0.391067 9.99209E-05 9.99209E-05 9.99209E-05 9.99209E-05 9.99209E-05 0.00190924 0.297638 0.308487 9.99209E-05 9.99209E-05
9.99124E-05 9.99124E-05 0.825602 9.99124E-05 9.99124E-05 9.99124E-05 0.0395583 9.99124E-05 9.99124E-05 0.133841 9.99124E-05 9.99124E-05 9.99124E-05
9.99297E-05 9.99297E-05 0.205115 0.273106 9.99297E-05 9.99297E-05 9.99297E-05 9.99297E-05 0.0142595 0.310424 0.196296 9.99297E-05 9.99297E-05
0.0273309 9.9956E-05 0.528588 9.9956E-05 0.0289466 9.9956E-05 9.9956E-05 0.0588356 0.0122488 0.172461 0.087942 9.9956E-05 0.0831472
9.99123E-05 9.99123E-05 0.702747 9.99123E-05 9.99123E-05 9.99123E-05 9.99123E-05 9.99123E-05 9.99123E-05 0.240581 0.0556732 9.99123E-05 9.99123E-05
0.0213654 9.99385E-05 0.642239 9.99385E-05 9.99385E-05 0.0935531 9.99385E-05 9.99385E-05 9.99385E-05 0.0325947 0.164398 9.99385E-05 0.0451506
9.9921E-05 9.9921E-05 0.568421 9.9921E-05 9.9921E-05 9.9921E-05 9.9921E-05 0.0993223 9.9921E-05 0.0766547 0.254702 9.9921E-05 9.9921E-05
9.99297E-05 9.99297E-05 0.252853 0.0384854 9.99297E-05 0.0519909 9.99297E-05 9.99297E-05 9.99297E-05 0.634805 0.0210655 9.99297E-05 9.99297E-05
9.99385E-05 9.99385E-05 0.18125 0.0937996 0.0498869 9.99385E-05 9.99385E-05 9.99385E-05 9.99385E-05 0.269572 0.328126 0.0766653 9.99385E-05
9.99296E-05 9.99296E-05 0.616846 9.99296E-05 0.0969103 9.99296E-05 9.99296E-05 9.99296E-05 9.99296E-05 0.078642 0.15333 9.99296E-05 0.0534723
9.99297E-05 9.99297E-05 0.448162 9.99297E-05 9.99297E-05 9.99297E-05 9.99297E-05 0.075553 0.0241217 0.201606 0.249758 9.99297E-05 9.99297E-05
9.99385E-05 9.99385E-05 0.284323 0.132362 9.99385E-05 0.0705961 0.0523964 9.99385E-05 9.99385E-05 0.280333 0.17929 9.99385E-05 9.99385E-05
0.0324006 9.99298E-05 0.659289 9.99298E-05 9.99298E-05 9.99298E-05 0.00166019 9.99298E-05 9.99298E-05 0.211784 0.0940666 9.99298E-05 9.99298E-05
0.00051797 9.99648E-05 0.293486 0.00853551 0.0151285 9.99648E-05 0.00312137 0.0989972 9.99648E-05 0.0885512 0.421057 0.0702061 9.99648E-05
9.99384E-05 9.99384E-05 0.492581 0.0372947 9.99384E-05 9.99384E-05 0.199821 9.99384E-05 0.111177 0.140916 9.99384E-05 0.0175102 9.99384E-05
0.0288657 9.99297E-05 0.417176 9.99297E-05 9.99297E-05 0.0844457 9.99297E-05 9.99297E-05 9.99297E-05 0.187601 0.281113 9.99297E-05 9.99297E-05
9.99384E-05 9.99384E-05 0.505943 9.99384E-05 9.99384E-05 0.166117 0.0263867 9.99384E-05 0.00423912 0.155234 0.141381 9.99384E-05 9.99384E-05
9.9921E-05 9.9921E-05 0.563996 9.9921E-05 9.9921E-05 9.9921E-05 9.9921E-05 9.9921E-05 9.9921E-05 0.298786 9.9921E-05 0.0982297 0.0380889
9.99473E-05 9.99473E-05 0.464009 9.99473E-05 9.99473E-05 9.99473E-05 9.99473E-05 0.0270609 0.0299418 0.179594 0.152501 0.0932842 0.0530098
9.99472E-05 9.99472E-05 0.551553 9.99472E-05 0.0473275 0.0286441 9.99472E-05 0.0300949 0.0257371 0.181546 0.134497 9.99472E-05 9.99472E-05
0.050851 9.99384E-05 0.618384 9.99384E-05 0.0199912 9.99384E-05 9.99384E-05 9.99384E-05 9.99384E-05 0.14326 0.0847406 9.99384E-05 0.0820735
9.99036E-05 9.99036E-05 0.894745 9.99036E-05 9.99036E-05 9.99036E-05 0.104156 9.99036E-05 9.99036E-05 9.99036E-05 9.99036E-05 9.99036E-05 9.99036E-05
9.99296E-05 9.99296E-05 0.527696 9.99296E-05 0.0531631 0.113785 9.99296E-05 9.99296E-05 9.99296E-05 0.144298 0.160259 9.99296E-05 9.99296E-05
0.15336 9.99209E-05 0.261102 9.99209E-05 9.99209E-05 9.99209E-05 9.99209E-05 9.99209E-05 9.99209E-05 0.276515 0.308123 9.99209E-05 9.99209E-05
9.99472E-05 9.99472E-05 0.62704 9.99472E-05 0.113309 0.0602986 9.99472E-05 0.0126989 0.0541979 9.99472E-05 0.0873387 0.0445171 9.99472E-05
9.99297E-05 9.99297E-05 0.454217 9.99297E-05 0.187737 9.99297E-05 9.99297E-05 9.99297E-05 0.0426807 0.214384 0.100182 9.99297E-05 9.99297E-05
9.99385E-05 9.99385E-05 0.229518 9.99385E-05 9.99385E-05 0.0892851 0.0231803 0.0169744 9.99385E-05 0.381835 0.258508 9.99385E-05 9.99385E-05
9.99298E-05 9.99298E-05 0.464656 9.99298E-05 9.99298E-05 0.0426058 0.0334422 9.99298E-05 9.99298E-05 0.27619 0.182306 9.99298E-05 9.99298E-05
9.99384E-05 9.99384E-05 0.290701 9.99384E-05 0.00156918 0.110691 0.200605 9.99384E-05 9.99384E-05 0.21753 0.178205 9.99384E-05 9.99384E-05
9.99473E-05 9.99473E-05 0.413637 9.99473E-05 0.0406484 0.0272524 9.99473E-05 0.0159379 9.99473E-05 0.280785 0.206462 9.99473E-05 0.0146773
9.99384E-05 9.99384E-05 0.42501 9.99384E-05 0.0819213 9.99384E-05 9.99384E-05 0.0561386 9.99384E-05 0.198605 0.201422 9.99384E-05 0.0362036
9.99266E-05 9.99266E-05 0.624067 9.99266E-05 9.99266E-05 9.99266E-05 9.99266E-05 9.99266E-05 9.99266E-05 0.0870097 0.275504 0.0125195 9.99266E-05
9.98946E-05 9.98946E-05 0.998801 9.98946E-05 9.98946E-05 9.98946E-05 9.98946E-05 9.98946E-05 9.98946E-05 9.98946E-05 9.98946E-05 9.98946E-05 9.98946E-05
9.99296E-05 9.99296E-05 0.343632 0.285282 9.99296E-05 9.99296E-05 9.99296E-05 0.0433729 9.99296E-05 9.99296E-05 0.189577 0.137336 9.99296E-05
9.99385E-05 9.99385E-05 0.652153 9.99385E-05 9.99385E-05 9.99385E-05 9.99385E-05 0.0662907 0.0199744 0.0323385 0.0791637 0.14938 9.99385E-05
9.99297E-05 9.99297E-05 0.340934 0.0522213 9.99297E-05 0.338287 9.99297E-05 9.99297E-05 9.99297E-05 0.194519 0.0732393 9.99297E-05 9.99297E-05
9.99472E-05 9.99472E-05 0.475116 9.99472E-05 0.0224666 0.0562982 9.99472E-05 0.0111018 0.00388344 0.128303 0.302231 9.99472E-05 9.99472E-05
0.0476414 9.99649E-05 0.504163 0.0927024 9.99649E-05 0.0414865 9.99649E-05 0.0222236 0.0883604 0.0633912 0.134297 0.00533493 9.99649E-05
0.0470264 9.99297E-05 0.317746 9.99297E-05 9.99297E-05 0.153898 9.99297E-05 9.99297E-05 9.99297E-05 0.279714 0.200817 9.99297E-05 9.99297E-05
9.99386E-05 9.99386E-05 0.177355 9.99386E-05 0.0866857 0.0554303 0.0748684 9.99386E-05 9.99386E-05 0.526863 0.0780974 9.99386E-05 9.99386E-05
9.99384E-05 9.99384E-05 0.128053 0.000284968 9.99384E-05 9.99384E-05 0.11408 9.99384E-05 9.99384E-05 0.430207 0.238699 9.99384E-05 0.0879755
9.99384E-05 9.99384E-05 0.492851 9.99384E-05 0.0312516 9.99384E-05 9.99384E-05 0.0218842 0.081942 0.179914 0.191457 9.99384E-05 9.99384E-05
