9.99561E-05 9.99561E-05 9.99561E-05 0.127044 9.99561E-05 9.99561E-05 0.0918281 0.0043356 0.198249 0.578043
9.99473E-05 9.99473E-05 0.00638135 9.99473E-05 9.99473E-05 9.99473E-05 0.00936284 9.99473E-05 0.158796 0.82486
9.99298E-05 9.99298E-05 0.0460969 9.99298E-05 9.99298E-05 9.99298E-05 9.99298E-05 9.99298E-05 9.99298E-05 0.953104
9.997E-05 0.135345 0.0912016 0.296396 0.0381928 0.0328092 0.06804 9.997E-05 9.997E-05 0.337715
9.99473E-05 9.99473E-05 9.99473E-05 9.99473E-05 0.101137 0.013929 9.99473E-05 9.99473E-05 0.0156797 0.868655
9.99649E-05 0.0749379 9.99649E-05 0.0978632 0.147312 0.209998 9.99649E-05 9.99649E-05 0.113279 0.356209
9.99473E-05 9.99473E-05 9.99473E-05 0.300554 9.99473E-05 9.99473E-05 0.158948 9.99473E-05 0.180476 0.359422
0.1527 9.99824E-05 9.99824E-05 0.0406387 0.22059 0.182879 0.013354 0.0369419 0.0361303 0.316567
9.99736E-05 0.23082 0.0542379 0.0678105 0.0548856 0.238736 9.99736E-05 9.99736E-05 0.0755467 0.277663
9.99297E-05 9.99297E-05 9.99297E-05 0.0634031 9.99297E-05 9.99297E-05 9.99297E-05 9.99297E-05 9.99297E-05 0.935797
9.99561E-05 0.0853192 0.021971 9.99561E-05 9.99561E-05 0.0548183 0.159971 9.99561E-05 9.99561E-05 0.67742
0.014268 9.99385E-05 9.99385E-05 9.99385E-05 9.99385E-05 9.99385E-05 0.0129825 9.99385E-05 9.99385E-05 0.97205
9.99561E-05 0.0738853 9.99561E-05 9.99561E-05 0.00120373 0.0264596 0.0459952 9.99561E-05 9.99561E-05 0.851956
0.0524332 0.244902 9.99474E-05 9.99474E-05 9.99474E-05 9.99474E-05 0.0674691 9.99474E-05 9.99474E-05 0.634596
9.99561E-05 0.292064 9.99561E-05 0.0899098 9.99561E-05 0.133114 9.99561E-05 9.99561E-05 0.0825986 0.401814
0.0537592 9.99561E-05 9.99561E-05 0.178192 0.147611 0.275102 9.99561E-05 9.99561E-05 9.99561E-05 0.344837
9.99562E-05 0.132332 9.99562E-05 0.144573 9.99562E-05 9.99562E-05 0.0874242 9.99562E-05 0.0706141 0.564556
9.995E-05 0.0187443 0.212077 9.995E-05 9.995E-05 0.188111 9.995E-05 0.217256 9.995E-05 0.363312
9.996E-05 0.0779847 9.996E-05 0.196262 9.996E-05 0.179166 0.0206919 0.0932229 9.996E-05 0.432272
9.99298E-05 9.99298E-05 0.0234697 9.99298E-05 9.99298E-05 9.99298E-05 9.99298E-05 9.99298E-05 9.99298E-05 0.975731
0.00476496 0.0280244 0.0189724 0.140567 0.118596 0.10126 0.0710363 9.99824E-05 9.99824E-05 0.516579
9.99649E-05 9.99649E-05 9.99649E-05 0.158492 0.269872 0.154223 0.00243652 9.99649E-05 0.0626778 0.351899
9.99649E-05 0.141646 0.0354349 0.00108025 9.99649E-05 9.99649E-05 0.0652323 9.99649E-05 0.124814 0.631392
0.0598134 0.247223 9.99649E-05 0.135797 9.99649E-05 0.0369884 9.99649E-05 9.99649E-05 0.0247686 0.49501
9.99649E-05 0.42959 0.120367 9.99649E-05 0.0411751 0.0322515 0.101921 9.99649E-05 9.99649E-05 0.274296
9.99561E-05 0.153444 9.99561E-05 0.0322719 0.0904962 9.99561E-05 0.0434263 9.99561E-05 9.99561E-05 0.679861
0.0921488 0.443726 9.99649E-05 0.0896051 9.99649E-05 9.99649E-05 9.99649E-05 0.218499 0.0839572 0.0716637
9.99298E-05 9.99298E-05 9.99298E-05 0.119049 9.99298E-05 9.99298E-05 9.99298E-05 9.99298E-05 9.99298E-05 0.880152
9.99385E-05 0.286442 0.0365596 9.99385E-05 9.99385E-05 9.99385E-05 9.99385E-05 9.99385E-05 9.99385E-05 0.676299
9.99385E-05 0.137193 9.99385E-05 9.99385E-05 9.99385E-05 0.0348038 9.99385E-05 9.99385E-05 9.99385E-05 0.827304
9.99473E-05 9.99473E-05 0.0171812 9.99473E-05 9.99473E-05 0.038156 0.151636 9.99473E-05 9.99473E-05 0.792427
9.99473E-05 0.304659 9.99473E-05 0.0647993 9.99473E-05 9.99473E-05 0.0457115 9.99473E-05 9.99473E-05 0.584231
0.0674668 0.185257 9.99561E-05 9.99561E-05 9.99561E-05 0.0368801 0.0963458 9.99561E-05 9.99561E-05 0.61355
0.0393066 0.354329 9.99649E-05 0.0365645 9.99649E-05 9.99649E-05 0.0132626 0.0129756 9.99649E-05 0.543162
9.99474E-05 9.99474E-05 0.00875147 9.99474E-05 9.99474E-05 9.99474E-05 0.0385781 9.99474E-05 0.108186 0.843885
9.99473E-05 9.99473E-05 9.99473E-05 0.198788 9.99473E-05 9.99473E-05 0.00949585 9.99473E-05 0.101024 0.690092
0.0280804 9.99561E-05 9.99561E-05 0.00844499 9.99561E-05 9.99561E-05 0.0194739 9.99561E-05 0.0319173 0.911584
9.99649E-05 0.0642248 0.011852 9.99649E-05 9.99649E-05 0.184937 0.085939 9.99649E-05 0.000308022 0.65234
9.99474E-05 0.208746 9.99474E-05 9.99474E-05 0.111848 9.99474E-05 9.99474E-05 9.99474E-05 0.0951169 0.583689
0.126314 0.290271 9.99385E-05 9.99385E-05 9.99385E-05 9.99385E-05 9.99385E-05 9.99385E-05 9.99385E-05 0.582715
9.99561E-05 0.0107097 9.99561E-05 0.0954453 9.99561E-05 0.0209376 0.067655 9.99561E-05 9.99561E-05 0.804753
9.99649E-05 0.0780563 0.00984507 0.105933 9.99649E-05 0.0348505 9.99649E-05 9.99649E-05 0.0677113 0.703204
9.994E-05 9.994E-05 9.994E-05 9.994E-05 0.0319541 9.994E-05 9.994E-05 0.0130058 0.0934216 0.861019
9.99736E-05 0.147173 9.99736E-05 0.051202 9.99736E-05 0.121867 0.0595856 0.00599957 0.108491 0.505382
9.99649E-05 0.155137 9.99649E-05 0.171909 0.23588 9.99649E-05 0.0260711 9.99649E-05 0.0686365 0.341966
9.99473E-05 9.99473E-05 0.0781623 0.00232026 0.0316399 9.99473E-05 9.99473E-05 9.99473E-05 9.99473E-05 0.887278
9.99386E-05 9.99386E-05 9.99386E-05 9.99386E-05 9.99386E-05 0.0539047 9.99386E-05 0.0838966 9.99386E-05 0.861499
0.0433262 9.99298E-05 9.99298E-05 9.99298E-05 9.99298E-05 9.99298E-05 9.99298E-05 9.99298E-05 9.99298E-05 0.955874
0.0137129 0.0897219 9.99561E-05 9.99561E-05 0.0539339 9.99561E-05 0.113266 9.99561E-05 9.99561E-05 0.728866
0.10735 9.99649E-05 9.99649E-05 9.99649E-05 0.0182282 0.0179416 0.0119941 0.0239115 9.99649E-05 0.820175
9.99648E-05 0.268003 9.99648E-05 0.147532 0.0116243 0.0788848 0.131692 9.99648E-05 9.99648E-05 0.361864
0.0335417 9.99649E-05 0.0322794 0.148588 0.0558332 0.0200261 9.99649E-05 9.99649E-05 9.99649E-05 0.709331
9.99386E-05 9.99386E-05 9.99386E-05 9.99386E-05 9.99386E-05 9.99386E-05 9.99386E-05 0.0362453 0.021368 0.941687
0.22781 0.0597774 9.99649E-05 9.99649E-05 0.0432103 0.00158074 9.99649E-05 0.00371157 9.99649E-05 0.66351
9.99562E-05 0.0595354 0.0831713 9.99562E-05 0.0130409 0.0221261 9.99562E-05 9.99562E-05 9.99562E-05 0.821627
0.103717 0.0635221 9.99474E-05 9.99474E-05 0.0364656 9.99474E-05 9.99474E-05 9.99474E-05 9.99474E-05 0.795696
9.99473E-05 9.99473E-05 9.99473E-05 9.99473E-05 0.0275403 9.99473E-05 9.99473E-05 0.17729 0.101421 0.693149
9.99474E-05 9.99474E-05 9.99474E-05 0.0895356 9.99474E-05 9.99474E-05 0.0329937 0.0178718 9.99474E-05 0.858999
9.99473E-05 9.99473E-05 9.99473E-05 9.99473E-05 0.00715343 9.99473E-05 0.0377715 9.99473E-05 0.0301904 0.924285
9.99649E-05 0.333931 9.99649E-05 9.99649E-05 9.99649E-05 0.0252202 0.0572703 0.114193 0.373181 0.095804
0.0516584 9.99474E-05 9.99474E-05 0.26385 9.99474E-05 9.99474E-05 9.99474E-05 9.99474E-05 0.360314 0.323578
0.0146133 9.99561E-05 9.99561E-05 9.99561E-05 9.99561E-05 9.99561E-05 0.0231411 0.197267 0.40461 0.359868
0.0348466 0.299544 9.99649E-05 9.99649E-05 9.99649E-05 0.142435 0.0196683 0.0809587 0.422148 9.99649E-05
0.170365 0.0775555 0.117646 9.99736E-05 9.99736E-05 0.144532 9.99736E-05 0.0493296 0.286023 0.154249
9.9956E-05 0.422021 9.9956E-05 0.0435474 9.9956E-05 9.9956E-05 0.0412632 0.100553 0.392116 9.9956E-05
9.99736E-05 0.0405159 0.00217369 0.185481 9.99736E-05 9.99736E-05 0.0655102 0.0317511 0.658172 0.0160959
0.00818522 0.247167 9.99561E-05 9.99561E-05 9.99561E-05 0.069208 9.99561E-05 0.233734 0.441206 9.99561E-05
9.99474E-05 0.215733 9.99474E-05 9.99474E-05 9.99474E-05 9.99474E-05 9.99474E-05 0.104886 0.504187 0.174595
9.99649E-05 0.0580938 9.99649E-05 0.111648 9.99649E-05 0.00800011 0.131299 9.99649E-05 0.354466 0.336093
9.99736E-05 0.382805 0.00664229 0.0885875 9.99736E-05 0.0494844 0.209152 0.0611845 0.201845 9.99736E-05
0.146373 0.0212118 9.99736E-05 9.99736E-05 0.236599 9.99736E-05 0.087215 0.0126236 0.436031 0.0596463
0.0631645 0.155377 9.99824E-05 0.147817 9.99824E-05 0.212978 0.112329 0.0676574 0.235671 0.00480603
0.0836739 0.288238 9.99648E-05 0.0703201 0.069565 9.99648E-05 9.99648E-05 9.99648E-05 0.428536 0.0592674
0.10616 0.257253 9.99562E-05 9.99562E-05 9.99562E-05 9.99562E-05 0.0596854 9.99562E-05 0.335376 0.241026
9.997E-05 0.0943674 9.997E-05 0.145886 9.997E-05 0.00272982 0.098352 0.0387242 0.411976 0.207665
0.131862 0.285724 9.99649E-05 0.132645 0.00589269 9.99649E-05 9.99649E-05 0.171367 0.272109 9.99649E-05
9.99561E-05 9.99561E-05 9.99561E-05 0.255987 9.99561E-05 0.133898 0.241455 9.99561E-05 0.262178 0.105982
9.99737E-05 0.126966 9.99737E-05 0.120812 9.99737E-05 0.00149855 0.0839823 0.176435 0.268102 0.221904
9.99648E-05 0.369874 0.0156696 0.101749 9.99648E-05 9.99648E-05 0.078405 0.121747 0.312156 9.99648E-05
0.0858939 0.125506 9.9965E-05 9.9965E-05 0.0137955 9.9965E-05 9.9965E-05 0.0165742 0.388105 0.369725
0.0427169 0.194526 9.99649E-05 0.183199 9.99649E-05 9.99649E-05 9.99649E-05 0.0289076 0.419684 0.130566
0.00533818 0.391305 0.043545 9.99737E-05 9.99737E-05 9.99737E-05 0.00518401 0.0348224 0.288667 0.230839
0.0215167 0.218928 9.99824E-05 0.366877 9.99824E-05 0.0434981 0.00116137 0.0806365 0.105239 0.161944
9.99649E-05 0.16904 9.99649E-05 0.0265429 9.99649E-05 0.0647974 0.247798 9.99649E-05 0.177975 0.313447
9.99649E-05 0.134811 0.034374 9.99649E-05 9.99649E-05 0.0299569 0.0452138 9.99649E-05 0.419845 0.335399
9.99562E-05 0.0517019 9.99562E-05 0.0464248 9.99562E-05 9.99562E-05 9.99562E-05 0.10459 0.378956 0.417827
0.0148498 0.0603698 0.00561109 0.181009 9.99737E-05 9.99737E-05 9.99737E-05 0.0233823 0.499715 0.214764
9.99649E-05 0.100094 9.99649E-05 0.0501969 9.99649E-05 0.0569633 9.99649E-05 0.250828 0.241091 0.300427
0.048005 0.407185 0.0102468 9.99737E-05 0.00609529 0.0932613 9.99737E-05 9.99737E-05 0.226452 0.208454
9.99385E-05 0.84665 9.99385E-05 9.99385E-05 0.0166792 0.135972 9.99385E-05 9.99385E-05 9.99385E-05 9.99385E-05
9.99387E-05 0.959452 9.99387E-05 9.99387E-05 9.99387E-05 0.0316753 9.99387E-05 9.99387E-05 9.99387E-05 0.00817305
9.99385E-05 0.852804 9.99385E-05 9.99385E-05 0.108853 9.99385E-05 0.037643 9.99385E-05 9.99385E-05 9.99385E-05
9.99472E-05 0.8207 0.0138408 9.99472E-05 9.99472E-05 0.0587364 0.106124 9.99472E-05 9.99472E-05 9.99472E-05
0.0739351 0.595238 0.0654724 9.99736E-05 0.0115918 0.196506 0.0142395 0.0427182 9.99736E-05 9.99736E-05
9.99385E-05 0.768028 9.99385E-05 0.00278765 9.99385E-05 0.228485 9.99385E-05 9.99385E-05 9.99385E-05 9.99385E-05
9.99473E-05 0.821576 9.99473E-05 9.99473E-05 9.99473E-05 0.131226 0.0422018 0.00439705 9.99473E-05 9.99473E-05
9.99297E-05 0.744641 9.99297E-05 9.99297E-05 9.99297E-05 0.25456 9.99297E-05 9.99297E-05 9.99297E-05 9.99297E-05
9.99472E-05 0.334232 9.99472E-05 9.99472E-05 9.99472E-05 0.387132 0.0588865 9.99472E-05 0.219151 9.99472E-05
9.99297E-05 0.796676 9.99297E-05 9.99297E-05 9.99297E-05 0.202525 9.99297E-05 9.99297E-05 9.99297E-05 9.99297E-05
9.99386E-05 0.678474 9.99386E-05 9.99386E-05 9.99386E-05 0.0404463 9.99386E-05 9.99386E-05 0.28038 9.99386E-05
9.99385E-05 0.82953 9.99385E-05 9.99385E-05 9.99385E-05 9.99385E-05 0.0265889 9.99385E-05 0.143182 9.99385E-05
9.99299E-05 0.838124 9.99299E-05 9.99299E-05 9.99299E-05 0.161077 9.99299E-05 9.99299E-05 9.99299E-05 9.99299E-05
9.99298E-05 0.878977 9.99298E-05 9.99298E-05 9.99298E-05 0.120223 9.99298E-05 9.99298E-05 9.99298E-05 9.99298E-05
0.0205807 0.717201 9.99561E-05 9.99561E-05 9.99561E-05 0.11015 0.017153 0.134415 9.99561E-05 9.99561E-05
9.99473E-05 0.781821 9.99473E-05 9.99473E-05 9.99473E-05 0.068125 0.0509138 9.99473E-05 0.0985402 9.99473E-05
9.99473E-05 0.647743 0.0628776 9.99473E-05 9.99473E-05 0.106656 9.99473E-05 9.99473E-05 0.182124 9.99473E-05
9.99562E-05 0.58823 9.99562E-05 9.99562E-05 0.128241 0.233127 0.0209963 9.99562E-05 9.99562E-05 0.0289052
9.99473E-05 0.81866 9.99473E-05 9.99473E-05 0.106937 0.0515183 0.0222847 9.99473E-05 9.99473E-05 9.99473E-05
9.99386E-05 0.763601 0.0725783 9.99386E-05 9.99386E-05 0.163121 9.99386E-05 9.99386E-05 9.99386E-05 9.99386E-05
9.99473E-05 0.808407 9.99473E-05 9.99473E-05 0.0262312 0.137781 9.99473E-05 9.99473E-05 0.0269803 9.99473E-05
9.99385E-05 0.795178 9.99385E-05 9.99385E-05 9.99385E-05 0.16436 0.0397632 9.99385E-05 9.99385E-05 9.99385E-05
9.99473E-05 0.614813 0.0800183 9.99473E-05 9.99473E-05 0.284914 9.99473E-05 9.99473E-05 0.0196549 9.99473E-05
9.99298E-05 0.836234 9.99298E-05 9.99298E-05 9.99298E-05 0.162967 9.99298E-05 9.99298E-05 9.99298E-05 9.99298E-05
9.99385E-05 0.622579 0.110547 9.99385E-05 9.99385E-05 0.266175 9.99385E-05 9.99385E-05 9.99385E-05 9.99385E-05
9.99387E-05 0.674113 9.99387E-05 9.99387E-05 9.99387E-05 0.174061 9.99387E-05 9.99387E-05 0.151126 9.99387E-05
9.99387E-05 0.938093 0.00960019 9.99387E-05 9.99387E-05 9.99387E-05 9.99387E-05 9.99387E-05 9.99387E-05 0.0516071
0.0442361 0.841295 0.0284909 9.9956E-05 9.9956E-05 0.0847103 0.000767964 9.9956E-05 9.9956E-05 9.9956E-05
9.99386E-05 0.641175 9.99386E-05 9.99386E-05 9.99386E-05 0.34326 9.99386E-05 9.99386E-05 0.014865 9.99386E-05
9.99474E-05 0.896018 0.0402861 9.99474E-05 9.99474E-05 0.0207239 0.0423727 9.99474E-05 9.99474E-05 9.99474E-05
9.99386E-05 0.900465 9.99386E-05 9.99386E-05 9.99386E-05 0.0490693 0.0497665 9.99386E-05 9.99386E-05 9.99386E-05
0.0724089 0.799634 0.0219608 9.99561E-05 9.99561E-05 0.0762831 0.0292137 9.99561E-05 9.99561E-05 9.99561E-05
9.99473E-05 0.434359 0.182193 9.99473E-05 0.0395825 0.343266 9.99473E-05 9.99473E-05 9.99473E-05 9.99473E-05
9.99385E-05 0.922589 0.00825161 9.99385E-05 9.99385E-05 0.0684603 9.99385E-05 9.99385E-05 9.99385E-05 9.99385E-05
9.99299E-05 0.977462 9.99299E-05 0.0217385 9.99299E-05 9.99299E-05 9.99299E-05 9.99299E-05 9.99299E-05 9.99299E-05
0.0347086 0.726271 9.99649E-05 0.00660492 9.99649E-05 0.0865478 0.0626255 9.99649E-05 0.0828425 9.99649E-05
9.99385E-05 0.783904 9.99385E-05 9.99385E-05 9.99385E-05 0.187282 9.99385E-05 0.0281137 9.99385E-05 9.99385E-05
9.99299E-05 0.891265 9.99299E-05 9.99299E-05 9.99299E-05 0.107936 9.99299E-05 9.99299E-05 9.99299E-05 9.99299E-05
9.99474E-05 0.888057 9.99474E-05 9.99474E-05 9.99474E-05 0.0333832 0.00886749 0.0690923 9.99474E-05 9.99474E-05
9.993E-05 0.965913 9.993E-05 9.993E-05 9.993E-05 0.0332881 9.993E-05 9.993E-05 9.993E-05 9.993E-05
9.99387E-05 0.893601 9.99387E-05 9.99387E-05 9.99387E-05 0.0381957 9.99387E-05 9.99387E-05 0.0675039 9.99387E-05
9.99472E-05 0.753021 9.99472E-05 9.99472E-05 0.0303107 0.14627 9.99472E-05 9.99472E-05 0.0697982 9.99472E-05
9.99386E-05 0.661078 9.99386E-05 9.99386E-05 0.115778 0.222444 9.99386E-05 9.99386E-05 9.99386E-05 9.99386E-05
9.99387E-05 0.806825 9.99387E-05 9.99387E-05 9.99387E-05 0.131577 9.99387E-05 9.99387E-05 9.99387E-05 0.0608991
9.99212E-05 0.999101 9.99212E-05 9.99212E-05 9.99212E-05 9.99212E-05 9.99212E-05 9.99212E-05 9.99212E-05 9.99212E-05
0.0294406 0.361183 0.0989337 9.99736E-05 9.99736E-05 0.253939 0.0330676 0.042288 0.180848 9.99736E-05
9.99474E-05 0.754882 9.99474E-05 9.99474E-05 9.99474E-05 0.148372 0.00732044 0.0888256 9.99474E-05 9.99474E-05
0.0416865 0.594774 9.996E-05 9.996E-05 9.996E-05 0.200715 0.0544655 0.040374 0.0675852 9.996E-05
9.99561E-05 0.54436 0.00326596 9.99561E-05 9.99561E-05 0.372675 0.0611305 0.0180682 9.99561E-05 9.99561E-05
9.99212E-05 0.999101 9.99212E-05 9.99212E-05 9.99212E-05 9.99212E-05 9.99212E-05 9.99212E-05 9.99212E-05 9.99212E-05
9.99473E-05 0.620594 9.99473E-05 0.33658 9.99473E-05 0.0147864 0.02744 9.99473E-05 9.99473E-05 9.99473E-05
9.99387E-05 0.886501 9.99387E-05 9.99387E-05 9.99387E-05 0.111369 9.99387E-05 9.99387E-05 0.00143046 9.99387E-05
9.99561E-05 0.79591 9.99561E-05 9.99561E-05 0.0628392 0.0772506 0.0540505 9.99561E-05 0.00944996 9.99561E-05
0.0873614 0.666369 9.99561E-05 9.99561E-05 0.0269913 0.161091 9.99561E-05 9.99561E-05 0.0576871 9.99561E-05
0.0314439 0.812398 0.00921023 0.0588405 9.99648E-05 9.99648E-05 0.0274257 0.0602822 9.99648E-05 9.99648E-05
9.9956E-05 0.485072 0.0316678 9.9956E-05 9.9956E-05 0.161415 0.012473 9.9956E-05 0.308872 9.9956E-05
9.99297E-05 0.816483 9.99297E-05 9.99297E-05 9.99297E-05 0.182718 9.99297E-05 9.99297E-05 9.99297E-05 9.99297E-05
0.0475602 0.776794 9.99561E-05 9.99561E-05 0.0779946 0.0429701 0.0541814 9.99561E-05 9.99561E-05 9.99561E-05
0.0715804 0.827351 0.0323731 9.99561E-05 9.99561E-05 0.0399722 0.028224 9.99561E-05 9.99561E-05 9.99561E-05
9.99386E-05 0.759771 9.99386E-05 9.99386E-05 9.99386E-05 0.202197 9.99386E-05 9.99386E-05 0.0373332 9.99386E-05
9.99296E-05 0.970862 0.0283384 9.99296E-05 9.99296E-05 9.99296E-05 9.99296E-05 9.99296E-05 9.99296E-05 9.99296E-05
9.99208E-05 9.99208E-05 9.99208E-05 9.99208E-05 9.99208E-05 0.999101 9.99208E-05 9.99208E-05 9.99208E-05 9.99208E-05
9.99384E-05 0.969125 0.0248718 9.99384E-05 9.99384E-05 9.99384E-05 9.99384E-05 9.99384E-05 0.0053037 9.99384E-05
9.99208E-05 9.99208E-05 9.99208E-05 9.99208E-05 9.99208E-05 0.999101 9.99208E-05 9.99208E-05 9.99208E-05 9.99208E-05
9.99208E-05 9.99208E-05 9.99208E-05 9.99208E-05 9.99208E-05 0.999101 9.99208E-05 9.99208E-05 9.99208E-05 9.99208E-05
9.99208E-05 9.99208E-05 9.99208E-05 9.99208E-05 9.99208E-05 0.999101 9.99208E-05 9.99208E-05 9.99208E-05 9.99208E-05
9.99296E-05 0.978072 0.0211287 9.99296E-05 9.99296E-05 9.99296E-05 9.99296E-05 9.99296E-05 9.99296E-05 9.99296E-05
9.99208E-05 9.99208E-05 9.99208E-05 9.99208E-05 9.99208E-05 0.999101 9.99208E-05 9.99208E-05 9.99208E-05 9.99208E-05
9.99208E-05 9.99208E-05 9.99208E-05 9.99208E-05 9.99208E-05 0.999101 9.99208E-05 9.99208E-05 9.99208E-05 9.99208E-05
9.99296E-05 0.97718 0.0220202 9.99296E-05 9.99296E-05 9.99296E-05 9.99296E-05 9.99296E-05 9.99296E-05 9.99296E-05
9.99384E-05 0.871014 0.0209057 9.99384E-05 9.99384E-05 0.107381 9.99384E-05 9.99384E-05 9.99384E-05 9.99384E-05
9.99208E-05 0.999101 9.99208E-05 9.99208E-05 9.99208E-05 9.99208E-05 9.99208E-05 9.99208E-05 9.99208E-05 9.99208E-05
9.99208E-05 9.99208E-05 9.99208E-05 9.99208E-05 9.99208E-05 0.999101 9.99208E-05 9.99208E-05 9.99208E-05 9.99208E-05
9.99208E-05 9.99208E-05 9.99208E-05 9.99208E-05 9.99208E-05 0.999101 9.99208E-05 9.99208E-05 9.99208E-05 9.99208E-05
9.99384E-05 0.900271 0.0957171 9.99384E-05 9.99384E-05 9.99384E-05 9.99384E-05 0.00331251 9.99384E-05 9.99384E-05
9.99384E-05 0.91167 0.0466503 9.99384E-05 9.99384E-05 9.99384E-05 9.99384E-05 0.04098 9.99384E-05 9.99384E-05
0.0810717 0.613551 0.0481472 0.143683 9.99648E-05 0.107564 0.00558336 9.99648E-05 9.99648E-05 9.99648E-05
9.99296E-05 0.979109 0.0200915 9.99296E-05 9.99296E-05 9.99296E-05 9.99296E-05 9.99296E-05 9.99296E-05 9.99296E-05
9.99208E-05 9.99208E-05 9.99208E-05 9.99208E-05 9.99208E-05 0.999101 9.99208E-05 9.99208E-05 9.99208E-05 9.99208E-05
9.99296E-05 0.99199 0.00721073 9.99296E-05 9.99296E-05 9.99296E-05 9.99296E-05 9.99296E-05 9.99296E-05 9.99296E-05
9.99384E-05 0.974765 0.0238886 9.99384E-05 9.99384E-05 0.000647253 9.99384E-05 9.99384E-05 9.99384E-05 9.99384E-05
9.99296E-05 0.983347 0.0158533 9.99296E-05 9.99296E-05 9.99296E-05 9.99296E-05 9.99296E-05 9.99296E-05 9.99296E-05
9.99208E-05 9.99208E-05 9.99208E-05 9.99208E-05 9.99208E-05 0.999101 9.99208E-05 9.99208E-05 9.99208E-05 9.99208E-05
9.99296E-05 0.991229 9.99296E-05 9.99296E-05 9.99296E-05 0.00797112 9.99296E-05 9.99296E-05 9.99296E-05 9.99296E-05
9.99208E-05 9.99208E-05 9.99208E-05 9.99208E-05 9.99208E-05 0.999101 9.99208E-05 9.99208E-05 9.99208E-05 9.99208E-05
9.99208E-05 0.999101 9.99208E-05 9.99208E-05 9.99208E-05 9.99208E-05 9.99208E-05 9.99208E-05 9.99208E-05 9.99208E-05
9.99208E-05 0.999101 9.99208E-05 9.99208E-05 9.99208E-05 9.99208E-05 9.99208E-05 9.99208E-05 9.99208E-05 9.99208E-05
9.99208E-05 9.99208E-05 9.99208E-05 9.99208E-05 9.99208E-05 0.999101 9.99208E-05 9.99208E-05 9.99208E-05 9.99208E-05
9.99208E-05 9.99208E-05 9.99208E-05 9.99208E-05 9.99208E-05 0.999101 9.99208E-05 9.99208E-05 9.99208E-05 9.99208E-05
9.99208E-05 9.99208E-05 9.99208E-05 9.99208E-05 9.99208E-05 0.999101 9.99208E-05 9.99208E-05 9.99208E-05 9.99208E-05
9.99295E-05 0.954484 0.044717 9.99295E-05 9.99295E-05 9.99295E-05 9.99295E-05 9.99295E-05 9.99295E-05 9.99295E-05
9.99296E-05 0.990045 0.00915572 9.99296E-05 9.99296E-05 9.99296E-05 9.99296E-05 9.99296E-05 9.99296E-05 9.99296E-05
9.99384E-05 0.976832 9.99384E-05 9.99384E-05 9.99384E-05 0.0142175 9.99384E-05 9.99384E-05 0.00825056 9.99384E-05
9.99296E-05 0.967137 0.0320636 9.99296E-05 9.99296E-05 9.99296E-05 9.99296E-05 9.99296E-05 9.99296E-05 9.99296E-05
9.99384E-05 0.938379 0.0190085 9.99384E-05 9.99384E-05 0.041913 9.99384E-05 9.99384E-05 9.99384E-05 9.99384E-05
9.99208E-05 9.99208E-05 9.99208E-05 9.99208E-05 9.99208E-05 0.999101 9.99208E-05 9.99208E-05 9.99208E-05 9.99208E-05
9.99208E-05 9.99208E-05 9.99208E-05 9.99208E-05 9.99208E-05 0.999101 9.99208E-05 9.99208E-05 9.99208E-05 9.99208E-05
9.99208E-05 9.99208E-05 9.99208E-05 9.99208E-05 9.99208E-05 0.999101 9.99208E-05 9.99208E-05 9.99208E-05 9.99208E-05
9.99472E-05 0.925201 0.00282225 9.99472E-05 9.99472E-05 0.0264196 9.99472E-05 0.0449579 9.99472E-05 9.99472E-05
9.99208E-05 9.99208E-05 9.99208E-05 9.99208E-05 9.99208E-05 0.999101 9.99208E-05 9.99208E-05 9.99208E-05 9.99208E-05
9.99208E-05 9.99208E-05 9.99208E-05 9.99208E-05 9.99208E-05 0.999101 9.99208E-05 9.99208E-05 9.99208E-05 9.99208E-05
9.99208E-05 9.99208E-05 9.99208E-05 9.99208E-05 9.99208E-05 0.999101 9.99208E-05 9.99208E-05 9.99208E-05 9.99208E-05
9.99208E-05 9.99208E-05 9.99208E-05 9.99208E-05 9.99208E-05 0.999101 9.99208E-05 9.99208E-05 9.99208E-05 9.99208E-05
9.99296E-05 0.920222 0.0789782 9.99296E-05 9.99296E-05 9.99296E-05 9.99296E-05 9.99296E-05 9.99296E-05 9.99296E-05
9.99208E-05 9.99208E-05 9.99208E-05 9.99208E-05 9.99208E-05 0.999101 9.99208E-05 9.99208E-05 9.99208E-05 9.99208E-05
9.99208E-05 9.99208E-05 9.99208E-05 9.99208E-05 9.99208E-05 0.999101 9.99208E-05 9.99208E-05 9.99208E-05 9.99208E-05
0.107686 0.611312 0.113342 0.0336599 9.99648E-05 0.103506 9.99648E-05 0.0300944 9.99648E-05 9.99648E-05
9.99296E-05 0.966249 0.0329512 9.99296E-05 9.99296E-05 9.99296E-05 9.99296E-05 9.99296E-05 9.99296E-05 9.99296E-05
9.99208E-05 9.99208E-05 9.99208E-05 9.99208E-05 9.99208E-05 0.999101 9.99208E-05 9.99208E-05 9.99208E-05 9.99208E-05
9.99208E-05 9.99208E-05 9.99208E-05 9.99208E-05 9.99208E-05 0.999101 9.99208E-05 9.99208E-05 9.99208E-05 9.99208E-05
9.99208E-05 9.99208E-05 9.99208E-05 9.99208E-05 9.99208E-05 0.999101 9.99208E-05 9.99208E-05 9.99208E-05 9.99208E-05
9.99208E-05 9.99208E-05 9.99208E-05 9.99208E-05 9.99208E-05 0.999101 9.99208E-05 9.99208E-05 9.99208E-05 9.99208E-05
9.99296E-05 0.982986 0.0162144 9.99296E-05 9.99296E-05 9.99296E-05 9.99296E-05 9.99296E-05 9.99296E-05 9.99296E-05
9.99208E-05 9.99208E-05 9.99208E-05 9.99208E-05 9.99208E-05 0.999101 9.99208E-05 9.99208E-05 9.99208E-05 9.99208E-05
9.99296E-05 0.970792 0.0284086 9.99296E-05 9.99296E-05 9.99296E-05 9.99296E-05 9.99296E-05 9.99296E-05 9.99296E-05
9.99208E-05 9.99208E-05 9.99208E-05 9.99208E-05 9.99208E-05 0.999101 9.99208E-05 9.99208E-05 9.99208E-05 9.99208E-05
9.99472E-05 0.872049 0.05898 0.0241853 9.99472E-05 0.0441861 9.99472E-05 9.99472E-05 9.99472E-05 9.99472E-05
9.99208E-05 9.99208E-05 9.99208E-05 9.99208E-05 9.99208E-05 0.999101 9.99208E-05 9.99208E-05 9.99208E-05 9.99208E-05
9.99208E-05 9.99208E-05 9.99208E-05 9.99208E-05 9.99208E-05 0.999101 9.99208E-05 9.99208E-05 9.99208E-05 9.99208E-05
9.99208E-05 9.99208E-05 9.99208E-05 9.99208E-05 9.99208E-05 0.999101 9.99208E-05 9.99208E-05 9.99208E-05 9.99208E-05
9.99208E-05 9.99208E-05 9.99208E-05 9.99208E-05 9.99208E-05 0.999101 9.99208E-05 9.99208E-05 9.99208E-05 9.99208E-05
9.99208E-05 9.99208E-05 9.99208E-05 9.99208E-05 9.99208E-05 0.999101 9.99208E-05 9.99208E-05 9.99208E-05 9.99208E-05
9.99208E-05 9.99208E-05 9.99208E-05 9.99208E-05 9.99208E-05 0.999101 9.99208E-05 9.99208E-05 9.99208E-05 9.99208E-05
9.99296E-05 0.984608 0.0145926 9.99296E-05 9.99296E-05 9.99296E-05 9.99296E-05 9.99296E-05 9.99296E-05 9.99296E-05
9.99208E-05 0.999101 9.99208E-05 9.99208E-05 9.99208E-05 9.99208E-05 9.99208E-05 9.99208E-05 9.99208E-05 9.99208E-05
9.99296E-05 0.98442 0.014781 9.99296E-05 9.99296E-05 9.99296E-05 9.99296E-05 9.99296E-05 9.99296E-05 9.99296E-05
9.99208E-05 9.99208E-05 9.99208E-05 9.99208E-05 9.99208E-05 0.999101 9.99208E-05 9.99208E-05 9.99208E-05 9.99208E-05
9.99208E-05 0.999101 9.99208E-05 9.99208E-05 9.99208E-05 9.99208E-05 9.99208E-05 9.99208E-05 9.99208E-05 9.99208E-05
9.99384E-05 0.960147 0.0329897 9.99384E-05 9.99384E-05 0.00616354 9.99384E-05 9.99384E-05 9.99384E-05 9.99384E-05
9.99296E-05 0.956784 0.0424167 9.99296E-05 9.99296E-05 9.99296E-05 9.99296E-05 9.99296E-05 9.99296E-05 9.99296E-05
9.99208E-05 9.99208E-05 9.99208E-05 9.99208E-05 9.99208E-05 0.999101 9.99208E-05 9.99208E-05 9.99208E-05 9.99208E-05
9.99208E-05 9.99208E-05 9.99208E-05 9.99208E-05 9.99208E-05 0.999101 9.99208E-05 9.99208E-05 9.99208E-05 9.99208E-05
9.99208E-05 9.99208E-05 9.99208E-05 9.99208E-05 9.99208E-05 0.999101 9.99208E-05 9.99208E-05 9.99208E-05 9.99208E-05
9.99296E-05 0.927526 9.99296E-05 0.0716744 9.99296E-05 9.99296E-05 9.99296E-05 9.99296E-05 9.99296E-05 9.99296E-05
9.99208E-05 9.99208E-05 9.99208E-05 9.99208E-05 9.99208E-05 0.999101 9.99208E-05 9.99208E-05 9.99208E-05 9.99208E-05
9.99208E-05 9.99208E-05 9.99208E-05 9.99208E-05 9.99208E-05 0.999101 9.99208E-05 9.99208E-05 9.99208E-05 9.99208E-05
9.99208E-05 0.999101 9.99208E-05 9.99208E-05 9.99208E-05 9.99208E-05 9.99208E-05 9.99208E-05 9.99208E-05 9.99208E-05
9.99208E-05 9.99208E-05 9.99208E-05 9.99208E-05 9.99208E-05 0.999101 9.99208E-05 9.99208E-05 9.99208E-05 9.99208E-05
9.99208E-05 9.99208E-05 9.99208E-05 9.99208E-05 9.99208E-05 0.999101 9.99208E-05 9.99208E-05 9.99208E-05 9.99208E-05
0.0183642 0.658285 9.9956E-05 9.9956E-05 9.9956E-05 0.103893 0.14231 0.0766485 9.9956E-05 9.9956E-05
9.99296E-05 0.991407 0.00779315 9.99296E-05 9.99296E-05 9.99296E-05 9.99296E-05 9.99296E-05 9.99296E-05 9.99296E-05
9.99208E-05 9.99208E-05 9.99208E-05 9.99208E-05 9.99208E-05 0.999101 9.99208E-05 9.99208E-05 9.99208E-05 9.99208E-05
0.0910984 0.397698 9.99561E-05 9.99561E-05 9.99561E-05 0.457054 0.0417774 0.0118726 9.99561E-05 9.99561E-05
9.99473E-05 0.645582 9.99473E-05 0.0262301 0.0741028 0.253486 9.99473E-05 9.99473E-05 9.99473E-05 9.99473E-05
9.99385E-05 0.835265 9.99385E-05 0.0436243 9.99385E-05 0.120411 9.99385E-05 9.99385E-05 9.99385E-05 9.99385E-05
0.0194241 0.848139 9.99472E-05 0.107517 9.99472E-05 9.99472E-05 9.99472E-05 0.0243206 9.99472E-05 9.99472E-05
9.99384E-05 0.711246 9.99384E-05 9.99384E-05 9.99384E-05 0.271832 9.99384E-05 9.99384E-05 0.0162223 9.99384E-05
9.99475E-05 0.749686 9.99475E-05 9.99475E-05 9.99475E-05 0.127891 9.99475E-05 9.99475E-05 0.068921 0.0529023
9.99385E-05 0.578525 9.99385E-05 0.115954 9.99385E-05 0.304821 9.99385E-05 9.99385E-05 9.99385E-05 9.99385E-05
9.99649E-05 0.655895 0.0409234 9.99649E-05 0.0157347 0.18721 0.06395 0.0358865 9.99649E-05 9.99649E-05
9.99299E-05 0.728271 9.99299E-05 9.99299E-05 9.99299E-05 0.27093 9.99299E-05 9.99299E-05 9.99299E-05 9.99299E-05
9.99386E-05 0.91396 9.99386E-05 9.99386E-05 0.0518637 0.0334766 9.99386E-05 9.99386E-05 9.99386E-05 9.99386E-05
9.99386E-05 0.778551 9.99386E-05 9.99386E-05 9.99386E-05 0.124695 0.0960548 9.99386E-05 9.99386E-05 9.99386E-05
9.99473E-05 0.386668 9.99473E-05 9.99473E-05 0.0135219 0.535858 9.99473E-05 9.99473E-05 0.0633529 9.99473E-05
0.143905 0.605494 9.99473E-05 9.99473E-05 9.99473E-05 0.189234 9.99473E-05 0.0607666 9.99473E-05 9.99473E-05
9.99473E-05 0.805681 0.0193699 9.99473E-05 9.99473E-05 0.0488568 9.99473E-05 0.125493 9.99473E-05 9.99473E-05
9.99384E-05 0.837344 9.99384E-05 9.99384E-05 9.99384E-05 0.134281 0.0276754 9.99384E-05 9.99384E-05 9.99384E-05
9.99561E-05 0.452968 9.99561E-05 9.99561E-05 0.0872459 0.324656 0.02867 9.99561E-05 0.105961 9.99561E-05
9.99386E-05 0.790165 0.0147397 9.99386E-05 9.99386E-05 0.194396 9.99386E-05 9.99386E-05 9.99386E-05 9.99386E-05
0.0598836 0.811048 9.9956E-05 9.9956E-05 9.9956E-05 0.0482952 0.0670123 0.0132611 9.9956E-05 9.9956E-05
9.99648E-05 0.426914 0.0930353 9.99648E-05 0.0839592 0.188777 0.0330144 9.99648E-05 0.1739 9.99648E-05
9.99385E-05 0.795477 9.99385E-05 9.99385E-05 0.055399 0.148424 9.99385E-05 9.99385E-05 9.99385E-05 9.99385E-05
9.99385E-05 0.784241 9.99385E-05 9.99385E-05 0.0806936 0.134366 9.99385E-05 9.99385E-05 9.99385E-05 9.99385E-05
0.00741865 0.570376 9.99473E-05 9.99473E-05 0.119159 0.302447 9.99473E-05 9.99473E-05 9.99473E-05 9.99473E-05
0.128874 0.669218 0.0346706 9.99648E-05 9.99648E-05 0.122757 0.0352413 0.00883905 9.99648E-05 9.99648E-05
9.99384E-05 0.766521 9.99384E-05 9.99384E-05 0.099635 0.133145 9.99384E-05 9.99384E-05 9.99384E-05 9.99384E-05
9.99473E-05 0.776374 9.99473E-05 9.99473E-05 0.0461456 0.0547733 9.99473E-05 0.122107 9.99473E-05 9.99473E-05
9.99387E-05 0.759817 9.99387E-05 9.99387E-05 9.99387E-05 0.0819523 9.99387E-05 9.99387E-05 0.157531 9.99387E-05
9.99384E-05 0.752957 9.99384E-05 9.99384E-05 0.182488 0.0638557 9.99384E-05 9.99384E-05 9.99384E-05 9.99384E-05
9.99473E-05 0.596883 0.0182356 0.129037 9.99473E-05 0.255245 9.99473E-05 9.99473E-05 9.99473E-05 9.99473E-05
0.0146551 0.835779 0.00909929 9.9956E-05 0.100406 9.9956E-05 9.9956E-05 0.0395604 9.9956E-05 9.9956E-05
9.99473E-05 0.631677 0.0525932 9.99473E-05 9.99473E-05 0.199937 9.99473E-05 0.115193 9.99473E-05 9.99473E-05
9.99473E-05 0.431775 9.99473E-05 9.99473E-05 0.15733 0.353422 9.99473E-05 9.99473E-05 0.0568735 9.99473E-05
9.99385E-05 0.699657 9.99385E-05 9.99385E-05 9.99385E-05 0.282453 9.99385E-05 9.99385E-05 0.0171903 9.99385E-05
9.99473E-05 0.541032 9.99473E-05 9.99473E-05 0.124902 0.181259 9.99473E-05 9.99473E-05 0.152207 9.99473E-05
9.99385E-05 0.726912 9.99385E-05 9.99385E-05 0.10388 0.168509 9.99385E-05 9.99385E-05 9.99385E-05 9.99385E-05
9.99561E-05 0.610149 9.99561E-05 9.99561E-05 0.13401 0.0751178 0.0202377 0.159986 9.99561E-05 9.99561E-05
9.99297E-05 0.96565 9.99297E-05 9.99297E-05 9.99297E-05 0.0335503 9.99297E-05 9.99297E-05 9.99297E-05 9.99297E-05
9.99212E-05 0.999101 9.99212E-05 9.99212E-05 9.99212E-05 9.99212E-05 9.99212E-05 9.99212E-05 9.99212E-05 9.99212E-05
0.091053 0.72109 9.9956E-05 0.0337375 9.9956E-05 9.9956E-05 0.0906636 9.9956E-05 0.062956 9.9956E-05
0.0957759 0.690005 0.106227 9.99561E-05 9.99561E-05 0.107316 0.000176847 9.99561E-05 9.99561E-05 9.99561E-05
9.99385E-05 0.56253 9.99385E-05 9.99385E-05 0.227543 0.209227 9.99385E-05 9.99385E-05 9.99385E-05 9.99385E-05
9.99296E-05 0.933601 9.99296E-05 9.99296E-05 9.99296E-05 0.0655993 9.99296E-05 9.99296E-05 9.99296E-05 9.99296E-05
9.99386E-05 0.78787 9.99386E-05 9.99386E-05 0.139602 0.0718289 9.99386E-05 9.99386E-05 9.99386E-05 9.99386E-05
9.99385E-05 0.63813 9.99385E-05 0.124422 9.99385E-05 0.236749 9.99385E-05 9.99385E-05 9.99385E-05 9.99385E-05
9.99474E-05 0.325881 9.99474E-05 9.99474E-05 0.0148886 0.547044 9.99474E-05 9.99474E-05 0.111587 9.99474E-05
9.99472E-05 0.580237 9.99472E-05 9.99472E-05 9.99472E-05 0.349956 9.99472E-05 0.0240871 0.0451205 9.99472E-05
9.99385E-05 0.749484 9.99385E-05 9.99385E-05 0.0732402 0.176576 9.99385E-05 9.99385E-05 9.99385E-05 9.99385E-05
9.99299E-05 0.980259 9.99299E-05 9.99299E-05 9.99299E-05 0.0189414 9.99299E-05 9.99299E-05 9.99299E-05 9.99299E-05
9.99473E-05 0.691563 9.99473E-05 9.99473E-05 0.0599206 0.233652 0.0142651 9.99473E-05 9.99473E-05 9.99473E-05
9.993E-05 0.977535 9.993E-05 9.993E-05 0.0216653 9.993E-05 9.993E-05 9.993E-05 9.993E-05 9.993E-05
9.99561E-05 0.505953 9.99561E-05 0.0265657 9.99561E-05 0.130469 9.99561E-05 0.0958018 0.24071 9.99561E-05
9.993E-05 0.885597 9.993E-05 9.993E-05 9.993E-05 9.993E-05 9.993E-05 9.993E-05 0.113603 9.993E-05
9.99385E-05 0.951695 9.99385E-05 9.99385E-05 9.99385E-05 9.99385E-05 0.0111984 9.99385E-05 0.0364067 9.99385E-05
9.99472E-05 0.552767 9.99472E-05 9.99472E-05 0.175851 9.99472E-05 0.00441854 9.99472E-05 0.266363 9.99472E-05
9.99561E-05 0.481735 9.99561E-05 0.0228508 0.0752991 0.199468 9.99561E-05 9.99561E-05 0.220147 9.99561E-05
9.99385E-05 0.691786 9.99385E-05 9.99385E-05 0.195304 0.112211 9.99385E-05 9.99385E-05 9.99385E-05 9.99385E-05
9.99298E-05 0.643781 9.99298E-05 9.99298E-05 9.99298E-05 0.35542 9.99298E-05 9.99298E-05 9.99298E-05 9.99298E-05
9.993E-05 0.922851 9.993E-05 9.993E-05 9.993E-05 9.993E-05 9.993E-05 9.993E-05 0.0763494 9.993E-05
9.99473E-05 0.702122 9.99473E-05 9.99473E-05 9.99473E-05 0.249872 0.0315025 9.99473E-05 0.0159033 9.99473E-05
9.99386E-05 0.771063 0.0204479 9.99386E-05 9.99386E-05 0.20779 9.99386E-05 9.99386E-05 9.99386E-05 9.99386E-05
9.99387E-05 0.585197 9.99387E-05 9.99387E-05 9.99387E-05 0.292387 9.99387E-05 9.99387E-05 0.121716 9.99387E-05
9.99299E-05 0.989885 9.99299E-05 9.99299E-05 9.99299E-05 0.00931565 9.99299E-05 9.99299E-05 9.99299E-05 9.99299E-05
9.993E-05 0.889562 9.993E-05 9.993E-05 9.993E-05 0.109638 9.993E-05 9.993E-05 9.993E-05 9.993E-05
9.99301E-05 0.945149 9.99301E-05 9.99301E-05 9.99301E-05 9.99301E-05 9.99301E-05 9.99301E-05 9.99301E-05 0.0540511
9.99386E-05 0.797587 9.99386E-05 9.99386E-05 9.99386E-05 0.158177 0.0435357 9.99386E-05 9.99386E-05 9.99386E-05
9.99473E-05 0.764227 0.0757078 9.99473E-05 9.99473E-05 0.152102 0.00736336 9.99473E-05 9.99473E-05 9.99473E-05
9.99386E-05 0.7091 9.99386E-05 9.99386E-05 0.0186911 0.27151 9.99386E-05 9.99386E-05 9.99386E-05 9.99386E-05
9.99299E-05 0.926992 9.99299E-05 9.99299E-05 9.99299E-05 0.0722085 9.99299E-05 9.99299E-05 9.99299E-05 9.99299E-05
9.99561E-05 0.646484 0.0351357 9.99561E-05 0.0281768 0.224671 9.99561E-05 9.99561E-05 0.0650319 9.99561E-05
9.99384E-05 0.922737 9.99384E-05 9.99384E-05 9.99384E-05 0.0352382 0.0413249 9.99384E-05 9.99384E-05 9.99384E-05
9.99299E-05 0.824713 9.99299E-05 9.99299E-05 9.99299E-05 9.99299E-05 9.99299E-05 9.99299E-05 0.174488 9.99299E-05
9.99385E-05 0.7728 0.0224996 9.99385E-05 9.99385E-05 9.99385E-05 9.99385E-05 9.99385E-05 0.204001 9.99385E-05
9.99387E-05 0.786083 9.99387E-05 9.99387E-05 9.99387E-05 9.99387E-05 9.99387E-05 9.99387E-05 0.0869545 0.126263
9.99297E-05 0.725647 9.99297E-05 9.99297E-05 9.99297E-05 0.273554 9.99297E-05 9.99297E-05 9.99297E-05 9.99297E-05
0.179574 0.580213 0.00498021 9.99561E-05 9.99561E-05 9.99561E-05 9.99561E-05 0.0668924 0.167841 9.99561E-05
9.993E-05 0.95884 9.993E-05 9.993E-05 9.993E-05 0.0403602 9.993E-05 9.993E-05 9.993E-05 9.993E-05
9.99385E-05 0.723342 9.99385E-05 9.99385E-05 9.99385E-05 0.113001 9.99385E-05 9.99385E-05 0.162957 9.99385E-05
9.99387E-05 0.707182 9.99387E-05 9.99387E-05 9.99387E-05 9.99387E-05 9.99387E-05 9.99387E-05 0.24349 0.0486283
9.99297E-05 0.858498 9.99297E-05 9.99297E-05 0.140702 9.99297E-05 9.99297E-05 9.99297E-05 9.99297E-05 9.99297E-05
9.99387E-05 0.714442 9.99387E-05 9.99387E-05 9.99387E-05 0.00631674 9.99387E-05 9.99387E-05 0.278542 9.99387E-05
9.99385E-05 0.604813 9.99385E-05 9.99385E-05 9.99385E-05 0.351161 0.0433264 9.99385E-05 9.99385E-05 9.99385E-05
9.99473E-05 0.639654 9.99473E-05 9.99473E-05 0.121353 0.201541 0.0368524 9.99473E-05 9.99473E-05 9.99473E-05
9.99649E-05 0.532656 0.0224917 9.99649E-05 0.0990496 0.195584 0.0244575 0.125362 9.99649E-05 9.99649E-05
9.993E-05 0.825625 9.993E-05 9.993E-05 9.993E-05 9.993E-05 9.993E-05 9.993E-05 0.173575 9.993E-05
9.99387E-05 0.748058 9.99387E-05 9.99387E-05 9.99387E-05 0.24703 0.00421248 9.99387E-05 9.99387E-05 9.99387E-05
9.99473E-05 0.467895 0.176222 9.99473E-05 9.99473E-05 0.155846 9.99473E-05 9.99473E-05 0.199438 9.99473E-05
9.99298E-05 0.890828 9.99298E-05 9.99298E-05 9.99298E-05 9.99298E-05 9.99298E-05 9.99298E-05 0.108373 9.99298E-05
9.99473E-05 0.857771 9.99473E-05 9.99473E-05 9.99473E-05 0.00429691 0.0394656 0.0978668 9.99473E-05 9.99473E-05
9.99385E-05 0.64723 9.99385E-05 9.99385E-05 9.99385E-05 0.335621 9.99385E-05 0.0164496 9.99385E-05 9.99385E-05
9.99473E-05 0.754506 0.0221389 0.111017 9.99473E-05 0.111739 9.99473E-05 9.99473E-05 9.99473E-05 9.99473E-05
9.99472E-05 0.735744 0.0711051 9.99472E-05 9.99472E-05 0.168967 0.0235843 9.99472E-05 9.99472E-05 9.99472E-05
9.99562E-05 0.531954 0.113814 0.140083 9.99562E-05 0.0247237 9.99562E-05 9.99562E-05 0.188926 9.99562E-05
9.99472E-05 0.615561 9.99472E-05 9.99472E-05 9.99472E-05 0.0489181 9.99472E-05 0.0564378 0.278484 9.99472E-05
9.99386E-05 0.538516 9.99386E-05 9.99386E-05 9.99386E-05 0.352353 9.99386E-05 9.99386E-05 0.108432 9.99386E-05
0.0167873 0.474054 0.101494 9.99648E-05 9.99648E-05 0.0354058 0.127056 9.99648E-05 0.244803 9.99648E-05
9.99386E-05 0.512397 9.99386E-05 9.99386E-05 9.99386E-05 0.231144 9.99386E-05 9.99386E-05 0.25576 9.99386E-05
9.99299E-05 0.770148 9.99299E-05 9.99299E-05 9.99299E-05 9.99299E-05 9.99299E-05 9.99299E-05 0.229052 9.99299E-05
9.99473E-05 0.468998 9.99473E-05 0.0576958 0.165295 0.307411 9.99473E-05 9.99473E-05 9.99473E-05 9.99473E-05
9.9956E-05 0.793405 9.9956E-05 9.9956E-05 0.0586857 0.0486494 0.0799814 9.9956E-05 0.0187789 9.9956E-05
9.99298E-05 0.99228 9.99298E-05 9.99298E-05 9.99298E-05 9.99298E-05 9.99298E-05 0.00692095 9.99298E-05 9.99298E-05
9.99473E-05 0.726461 9.99473E-05 0.070628 9.99473E-05 0.131824 9.99473E-05 9.99473E-05 0.0704874 9.99473E-05
0.0698082 0.317639 0.048515 9.99736E-05 0.0922134 0.349526 0.0503736 0.0716251 9.99736E-05 9.99736E-05
9.99385E-05 0.88478 9.99385E-05 0.0408125 9.99385E-05 0.0737076 9.99385E-05 9.99385E-05 9.99385E-05 9.99385E-05
0.113079 0.508976 0.116483 9.99737E-05 9.99737E-05 0.10338 0.017752 0.0212347 0.118795 9.99737E-05
9.99475E-05 0.733254 9.99475E-05 9.99475E-05 9.99475E-05 0.133237 9.99475E-05 9.99475E-05 0.125252 0.00765674
9.99563E-05 0.801809 9.99563E-05 9.99563E-05 9.99563E-05 0.0929235 9.99563E-05 0.0019696 0.0623322 0.0404657
9.99386E-05 0.763278 9.99386E-05 9.99386E-05 9.99386E-05 0.191223 9.99386E-05 9.99386E-05 0.044799 9.99386E-05
0.0247847 0.626303 9.99472E-05 9.99472E-05 9.99472E-05 9.99472E-05 9.99472E-05 0.171467 0.176845 9.99472E-05
9.99388E-05 0.729286 9.99388E-05 9.99388E-05 9.99388E-05 0.04353 9.99388E-05 9.99388E-05 0.226484 9.99388E-05
9.993E-05 0.990537 9.993E-05 9.993E-05 9.993E-05 9.993E-05 9.993E-05 9.993E-05 0.00866317 9.993E-05
9.99474E-05 0.805223 0.0750933 9.99474E-05 0.00502935 0.114055 9.99474E-05 9.99474E-05 9.99474E-05 9.99474E-05
9.99473E-05 0.80861 0.00813245 9.99473E-05 9.99473E-05 0.141718 9.99473E-05 0.0409396 9.99473E-05 9.99473E-05
9.99211E-05 0.999101 9.99211E-05 9.99211E-05 9.99211E-05 9.99211E-05 9.99211E-05 9.99211E-05 9.99211E-05 9.99211E-05
9.99473E-05 0.785607 9.99473E-05 9.99473E-05 0.10718 0.0879061 9.99473E-05 0.0187067 9.99473E-05 9.99473E-05
9.99385E-05 0.831316 9.99385E-05 9.99385E-05 0.106897 0.0610875 9.99385E-05 9.99385E-05 9.99385E-05 9.99385E-05
9.99473E-05 0.787982 0.0881344 9.99473E-05 9.99473E-05 9.99473E-05 0.119628 9.99473E-05 0.00365674 9.99473E-05
9.99386E-05 0.472084 9.99386E-05 9.99386E-05 9.99386E-05 0.280838 9.99386E-05 9.99386E-05 0.246379 9.99386E-05
9.99473E-05 0.801164 9.99473E-05 9.99473E-05 0.020277 0.172904 9.99473E-05 9.99473E-05 0.00505552 9.99473E-05
9.99473E-05 0.811405 9.99473E-05 0.0314335 9.99473E-05 9.99473E-05 0.0716767 0.0848856 9.99473E-05 9.99473E-05
9.99387E-05 0.95471 0.00332746 9.99387E-05 9.99387E-05 0.0412634 9.99387E-05 9.99387E-05 9.99387E-05 9.99387E-05
0.0194128 0.60283 0.0506351 0.105934 9.996E-05 9.996E-05 0.00314254 9.996E-05 0.217645 9.996E-05
9.99297E-05 0.910946 9.99297E-05 9.99297E-05 9.99297E-05 9.99297E-05 9.99297E-05 0.0882545 9.99297E-05 9.99297E-05
9.99648E-05 0.541628 0.0340525 0.0112576 9.99648E-05 0.146345 0.220117 0.0461997 9.99648E-05 9.99648E-05
9.99473E-05 0.565911 0.0033409 9.99473E-05 9.99473E-05 0.105851 9.99473E-05 9.99473E-05 0.324298 9.99473E-05
0.0050984 0.604847 9.99649E-05 0.118967 0.0731079 0.192954 0.00462576 9.99649E-05 9.99649E-05 9.99649E-05
9.99387E-05 0.500334 9.99387E-05 9.99387E-05 9.99387E-05 0.0537928 9.99387E-05 9.99387E-05 0.445174 9.99387E-05
9.99385E-05 0.696336 9.99385E-05 9.99385E-05 9.99385E-05 0.162718 0.140246 9.99385E-05 9.99385E-05 9.99385E-05
9.99212E-05 0.999101 9.99212E-05 9.99212E-05 9.99212E-05 9.99212E-05 9.99212E-05 9.99212E-05 9.99212E-05 9.99212E-05
9.99387E-05 0.745135 9.99387E-05 9.99387E-05 9.99387E-05 0.083096 9.99387E-05 9.99387E-05 0.171069 9.99387E-05
0.00312129 0.585405 9.99648E-05 0.104479 9.99648E-05 0.214626 0.0907439 9.99648E-05 0.00122487 9.99648E-05
9.99736E-05 0.493509 0.120038 0.0317501 0.00721051 0.165558 0.0507319 9.99736E-05 0.130902 9.99736E-05
9.99649E-05 0.223737 9.99649E-05 0.0325282 0.157494 0.0784779 0.0424767 9.99649E-05 0.464886 9.99649E-05
9.9956E-05 0.229331 9.9956E-05 9.9956E-05 0.153495 0.0457996 0.0314486 9.9956E-05 0.539427 9.9956E-05
