9.9877E-05 0.105103 9.9877E-05 9.9877E-05 0.124548 0.000252195 9.9877E-05 9.9877E-05 0.012894 9.9877E-05 0.139631 9.9877E-05 9.9877E-05 0.0253464 9.9877E-05 0.136879 0.083425 9.9877E-05 9.9877E-05 9.9877E-05 0.365872 9.9877E-05 0.00465077 9.9877E-05
9.98159E-05 9.98159E-05 9.98159E-05 9.98159E-05 9.98159E-05 9.98159E-05 9.98159E-05 9.98159E-05 9.98159E-05 9.98159E-05 9.98159E-05 9.98159E-05 9.98159E-05 9.98159E-05 9.98159E-05 0.110026 0.0425458 9.98159E-05 9.98159E-05 0.845332 9.98159E-05 9.98159E-05 9.98159E-05 9.98159E-05
9.98421E-05 9.98421E-05 9.98421E-05 0.0409733 9.98421E-05 0.0255223 9.98421E-05 9.98421E-05 9.98421E-05 9.98421E-05 9.98421E-05 0.0133548 9.98421E-05 9.98421E-05 0.000290117 9.98421E-05 9.98421E-05 9.98421E-05 9.98421E-05 0.172109 0.745953 9.98421E-05 9.98421E-05 9.98421E-05
9.98598E-05 0.0567486 9.98598E-05 9.98598E-05 9.98598E-05 9.98598E-05 9.98598E-05 9.98598E-05 9.98598E-05 0.0828503 9.98598E-05 0.288138 9.98598E-05 0.0946742 9.98598E-05 9.98598E-05 0.00779429 9.98598E-05 0.104273 0.339242 0.0246821 9.98598E-05 9.98598E-05 9.98598E-05
9.98333E-05 9.98333E-05 0.0414903 9.98333E-05 9.98333E-05 9.98333E-05 9.98333E-05 0.0126916 9.98333E-05 9.98333E-05 9.98333E-05 9.98333E-05 9.98333E-05 9.98333E-05 9.98333E-05 9.98333E-05 9.98333E-05 9.98333E-05 9.98333E-05 0.899796 9.98333E-05 0.0402876 0.00383717 9.98333E-05
9.98597E-05 9.98597E-05 0.0782274 9.98597E-05 9.98597E-05 9.98597E-05 9.98597E-05 9.98597E-05 9.98597E-05 9.98597E-05 9.98597E-05 9.98597E-05 9.98597E-05 9.98597E-05 9.98597E-05 0.164084 9.98597E-05 9.98597E-05 0.18781 0.0854184 0.165827 0.193572 0.117635 0.00582863
9.98772E-05 9.98772E-05 9.98772E-05 9.98772E-05 9.98772E-05 0.092706 9.98772E-05 9.98772E-05 0.102719 9.98772E-05 0.062043 0.0207684 9.98772E-05 9.98772E-05 0.0626754 0.0947029 0.129378 9.98772E-05 9.98772E-05 0.35496 9.98772E-05 0.0160609 9.98772E-05 0.0625877
9.98772E-05 9.98772E-05 9.98772E-05 9.98772E-05 0.0357861 9.98772E-05 9.98772E-05 0.0501073 9.98772E-05 0.00184941 0.168747 9.98772E-05 0.135669 9.98772E-05 9.98772E-05 0.0241759 9.98772E-05 9.98772E-05 9.98772E-05 0.27514 9.98772E-05 0.00059577 0.141934 0.164597
9.98684E-05 0.22929 0.0282023 9.98684E-05 9.98684E-05 0.138342 9.98684E-05 0.0558459 9.98684E-05 9.98684E-05 0.00178943 9.98684E-05 9.98684E-05 9.98684E-05 9.98684E-05 9.98684E-05 0.0027244 9.98684E-05 9.98684E-05 0.0636772 0.242779 9.98684E-05 0.235852 9.98684E-05
0.00994355 0.0525902 9.98158E-05 9.98158E-05 9.98158E-05 9.98158E-05 9.98158E-05 9.98158E-05 9.98158E-05 9.98158E-05 9.98158E-05 9.98158E-05 9.98158E-05 9.98158E-05 9.98158E-05 9.98158E-05 9.98158E-05 9.98158E-05 9.98158E-05 9.98158E-05 0.93537 9.98158E-05 9.98158E-05 9.98158E-05
9.98509E-05 0.157828 9.98509E-05 9.98509E-05 9.98509E-05 9.98509E-05 9.98509E-05 9.98509E-05 0.131415 9.98509E-05 0.0613397 9.98509E-05 9.98509E-05 9.98509E-05 9.98509E-05 0.0748081 9.98509E-05 9.98509E-05 9.98509E-05 0.0363274 0.532661 9.98509E-05 0.00392288 9.98509E-05
9.98334E-05 9.98334E-05 9.98334E-05 9.98334E-05 9.98334E-05 9.98334E-05 9.98334E-05 9.98334E-05 9.98334E-05 9.98334E-05 9.98334E-05 0.00725785 0.0645619 9.98334E-05 0.00869257 9.98334E-05 9.98334E-05 9.98334E-05 9.98334E-05 9.98334E-05 0.9092 0.00839124 9.98334E-05 9.98334E-05
9.98247E-05 0.047031 9.98247E-05 9.98247E-05 9.98247E-05 9.98247E-05 9.98247E-05 9.98247E-05 9.98247E-05 9.98247E-05 0.103497 9.98247E-05 9.98247E-05 9.98247E-05 9.98247E-05 9.98247E-05 9.98247E-05 9.98247E-05 9.98247E-05 0.241716 0.605759 9.98247E-05 9.98247E-05 9.98247E-05
9.98334E-05 0.0325916 0.0221183 9.98334E-05 9.98334E-05 9.98334E-05 9.98334E-05 9.98334E-05 0.0616049 9.98334E-05 9.98334E-05 9.98334E-05 9.98334E-05 9.98334E-05 9.98334E-05 9.98334E-05 9.98334E-05 0.0360642 9.98334E-05 0.845724 9.98334E-05 9.98334E-05 9.98334E-05 9.98334E-05
9.98859E-05 0.0893412 0.0484873 9.98859E-05 9.98859E-05 0.00174157 0.0801015 9.98859E-05 9.98859E-05 9.98859E-05 0.0967146 9.98859E-05 9.98859E-05 9.98859E-05 9.98859E-05 0.17428 9.98859E-05 9.98859E-05 0.0138091 9.98859E-05 0.326346 0.0132592 0.123637 0.0309848
9.98859E-05 0.0712206 0.0473135 9.98859E-05 0.0518264 9.98859E-05 9.98859E-05 0.152086 9.98859E-05 9.98859E-05 0.0519101 0.00879675 0.0667204 9.98859E-05 9.98859E-05 0.166008 9.98859E-05 9.98859E-05 0.0323865 0.201171 9.98859E-05 9.98859E-05 0.149262 9.98859E-05
9.98597E-05 0.0340965 9.98597E-05 9.98597E-05 0.0508329 9.98597E-05 0.169365 9.98597E-05 0.0241496 9.98597E-05 9.98597E-05 0.0169281 0.0124226 9.98597E-05 9.98597E-05 9.98597E-05 0.0973459 9.98597E-05 9.98597E-05 9.98597E-05 0.593262 9.98597E-05 9.98597E-05 9.98597E-05
0.146918 0.129917 9.98772E-05 0.113681 9.98772E-05 0.0102971 9.98772E-05 0.001971 9.98772E-05 9.98772E-05 0.160943 9.98772E-05 9.98772E-05 9.98772E-05 9.98772E-05 0.29134 9.98772E-05 9.98772E-05 9.98772E-05 0.0544823 0.0558913 9.98772E-05 0.0331604 9.98772E-05
9.98332E-05 0.18606 9.98332E-05 9.98332E-05 9.98332E-05 9.98332E-05 9.98332E-05 9.98332E-05 9.98332E-05 9.98332E-05 0.169827 9.98332E-05 9.98332E-05 9.98332E-05 9.98332E-05 9.98332E-05 9.98332E-05 9.98332E-05 9.98332E-05 9.98332E-05 0.347828 0.17233 0.122057 9.98332E-05
9.9807E-05 9.9807E-05 9.9807E-05 9.9807E-05 9.9807E-05 9.9807E-05 9.9807E-05 9.9807E-05 9.9807E-05 9.9807E-05 9.9807E-05 9.9807E-05 9.9807E-05 0.0205146 9.9807E-05 9.9807E-05 9.9807E-05 9.9807E-05 9.9807E-05 9.9807E-05 0.97729 9.9807E-05 9.9807E-05 9.9807E-05
9.98509E-05 0.107978 9.98509E-05 9.98509E-05 9.98509E-05 9.98509E-05 9.98509E-05 0.166543 0.10827 9.98509E-05 9.98509E-05 9.98509E-05 0.0723118 9.98509E-05 9.98509E-05 9.98509E-05 9.98509E-05 9.98509E-05 9.98509E-05 0.148075 0.297408 9.98509E-05 0.0977167 9.98509E-05
9.98421E-05 9.98421E-05 0.0281522 9.98421E-05 9.98421E-05 9.98421E-05 9.98421E-05 9.98421E-05 9.98421E-05 0.0540898 0.370757 9.98421E-05 9.98421E-05 9.98421E-05 9.98421E-05 9.98421E-05 9.98421E-05 9.98421E-05 9.98421E-05 9.98421E-05 0.299313 0.123038 0.122853 9.98421E-05
9.98335E-05 0.0764679 9.98335E-05 9.98335E-05 9.98335E-05 9.98335E-05 9.98335E-05 9.98335E-05 0.0769391 9.98335E-05 9.98335E-05 9.98335E-05 9.98335E-05 9.98335E-05 9.98335E-05 0.237554 9.98335E-05 9.98335E-05 0.0359281 9.98335E-05 0.571214 9.98335E-05 9.98335E-05 9.98335E-05
9.98507E-05 0.155381 9.98507E-05 9.98507E-05 9.98507E-05 0.0859525 9.98507E-05 9.98507E-05 9.98507E-05 9.98507E-05 0.315592 9.98507E-05 0.0167156 9.98507E-05 9.98507E-05 0.0486349 9.98507E-05 9.98507E-05 9.98507E-05 0.359018 0.0170086 9.98507E-05 9.98507E-05 9.98507E-05
9.98509E-05 0.191861 9.98509E-05 9.98509E-05 9.98509E-05 9.98509E-05 9.98509E-05 9.98509E-05 9.98509E-05 9.98509E-05 0.0949995 9.98509E-05 9.98509E-05 0.161002 9.98509E-05 9.98509E-05 9.98509E-05 9.98509E-05 0.238048 0.127613 0.129224 9.98509E-05 0.0555535 9.98509E-05
9.98509E-05 0.1263 9.98509E-05 9.98509E-05 9.98509E-05 9.98509E-05 9.98509E-05 0.0139931 9.98509E-05 9.98509E-05 0.0065316 0.0491131 9.98509E-05 9.98509E-05 9.98509E-05 9.98509E-05 9.98509E-05 9.98509E-05 0.139743 9.98509E-05 0.658882 9.98509E-05 0.00373922 9.98509E-05
0.123426 0.080822 9.9842E-05 9.9842E-05 9.9842E-05 9.9842E-05 9.9842E-05 9.9842E-05 9.9842E-05 9.9842E-05 0.387619 9.9842E-05 0.0287458 9.9842E-05 9.9842E-05 9.9842E-05 9.9842E-05 9.9842E-05 0.302395 9.9842E-05 0.0751955 9.9842E-05 9.9842E-05 9.9842E-05
9.98422E-05 0.0166958 9.98422E-05 9.98422E-05 9.98422E-05 9.98422E-05 9.98422E-05 9.98422E-05 9.98422E-05 9.98422E-05 0.115696 0.111145 9.98422E-05 9.98422E-05 9.98422E-05 9.98422E-05 9.98422E-05 0.0180564 9.98422E-05 9.98422E-05 0.730544 0.00606637 9.98422E-05 9.98422E-05
9.98422E-05 0.182068 9.98422E-05 9.98422E-05 9.98422E-05 0.000791443 9.98422E-05 9.98422E-05 9.98422E-05 9.98422E-05 0.156798 9.98422E-05 9.98422E-05 9.98422E-05 9.98422E-05 9.98422E-05 9.98422E-05 9.98422E-05 0.0378091 0.226181 0.394555 9.98422E-05 9.98422E-05 9.98422E-05
0.00520397 0.0457775 9.98508E-05 9.98508E-05 0.0173459 9.98508E-05 0.280453 9.98508E-05 9.98508E-05 9.98508E-05 9.98508E-05 9.98508E-05 9.98508E-05 9.98508E-05 9.98508E-05 9.98508E-05 9.98508E-05 9.98508E-05 9.98508E-05 9.98508E-05 0.615474 0.00431601 0.0297321 9.98508E-05
0.0200683 9.98421E-05 9.98421E-05 9.98421E-05 9.98421E-05 9.98421E-05 9.98421E-05 9.98421E-05 0.122353 9.98421E-05 9.98421E-05 9.98421E-05 9.98421E-05 0.046486 9.98421E-05 0.0120346 9.98421E-05 9.98421E-05 9.98421E-05 9.98421E-05 0.785547 9.98421E-05 0.0117134 9.98421E-05
9.98685E-05 0.121151 9.98685E-05 9.98685E-05 9.98685E-05 9.98685E-05 9.98685E-05 9.98685E-05 0.0395035 0.00591137 0.0424055 9.98685E-05 9.98685E-05 9.98685E-05 9.98685E-05 9.98685E-05 9.98685E-05 0.0486799 0.0932246 0.195501 0.380015 0.072111 9.98685E-05 9.98685E-05
9.98508E-05 0.0945855 9.98508E-05 9.98508E-05 9.98508E-05 9.98508E-05 9.98508E-05 9.98508E-05 0.0797532 9.98508E-05 0.137599 0.0128053 0.010191 9.98508E-05 9.98508E-05 0.00917048 9.98508E-05 9.98508E-05 9.98508E-05 0.654198 9.98508E-05 9.98508E-05 9.98508E-05 9.98508E-05
0.026282 0.136085 9.98509E-05 9.98509E-05 9.98509E-05 9.98509E-05 9.98509E-05 9.98509E-05 9.98509E-05 9.98509E-05 0.15041 9.98509E-05 9.98509E-05 9.98509E-05 0.0171236 9.98509E-05 9.98509E-05 0.0236572 0.0257294 0.619015 9.98509E-05 9.98509E-05 9.98509E-05 9.98509E-05
9.98248E-05 9.98248E-05 9.98248E-05 9.98248E-05 9.98248E-05 9.98248E-05 9.98248E-05 9.98248E-05 0.0357014 9.98248E-05 9.98248E-05 9.98248E-05 9.98248E-05 0.111229 9.98248E-05 9.98248E-05 0.0386726 9.98248E-05 9.98248E-05 9.98248E-05 0.8124 9.98248E-05 9.98248E-05 9.98248E-05
9.98333E-05 9.98333E-05 9.98333E-05 9.98333E-05 9.98333E-05 0.045505 9.98333E-05 9.98333E-05 9.98333E-05 9.98333E-05 0.047262 0.163736 9.98333E-05 9.98333E-05 9.98333E-05 0.0165887 9.98333E-05 9.98333E-05 9.98333E-05 9.98333E-05 0.725011 9.98333E-05 9.98333E-05 9.98333E-05
9.9816E-05 9.9816E-05 9.9816E-05 9.9816E-05 9.9816E-05 9.9816E-05 9.9816E-05 9.9816E-05 9.9816E-05 9.9816E-05 9.9816E-05 9.9816E-05 9.9816E-05 9.9816E-05 0.0687034 9.9816E-05 9.9816E-05 9.9816E-05 9.9816E-05 9.9816E-05 0.858773 0.0704272 9.9816E-05 9.9816E-05
9.98159E-05 0.0356576 9.98159E-05 9.98159E-05 9.98159E-05 9.98159E-05 9.98159E-05 9.98159E-05 9.98159E-05 9.98159E-05 9.98159E-05 9.98159E-05 9.98159E-05 9.98159E-05 9.98159E-05 9.98159E-05 9.98159E-05 9.98159E-05 9.98159E-05 0.834194 9.98159E-05 9.98159E-05 0.128052 9.98159E-05
9.98598E-05 0.119892 0.0355585 9.98598E-05 9.98598E-05 9.98598E-05 9.98598E-05 9.98598E-05 0.028007 0.0472589 9.98598E-05 9.98598E-05 9.98598E-05 9.98598E-05 9.98598E-05 9.98598E-05 0.11781 0.0920118 9.98598E-05 0.252114 0.30575 9.98598E-05 9.98598E-05 9.98598E-05
9.98508E-05 0.1051 9.98508E-05 9.98508E-05 9.98508E-05 9.98508E-05 9.98508E-05 9.98508E-05 9.98508E-05 9.98508E-05 9.98508E-05 9.98508E-05 0.060633 9.98508E-05 0.0106199 9.98508E-05 9.98508E-05 9.98508E-05 0.118524 0.661799 0.00270707 0.0389195 9.98508E-05 9.98508E-05
9.98158E-05 9.98158E-05 9.98158E-05 9.98158E-05 9.98158E-05 9.98158E-05 9.98158E-05 9.98158E-05 9.98158E-05 9.98158E-05 0.105491 9.98158E-05 9.98158E-05 9.98158E-05 9.98158E-05 9.98158E-05 9.98158E-05 9.98158E-05 9.98158E-05 9.98158E-05 0.884974 9.98158E-05 0.0074394 9.98158E-05
9.98334E-05 0.0450547 9.98334E-05 9.98334E-05 9.98334E-05 9.98334E-05 9.98334E-05 9.98334E-05 9.98334E-05 9.98334E-05 0.314368 9.98334E-05 9.98334E-05 9.98334E-05 9.98334E-05 9.98334E-05 0.0232683 9.98334E-05 9.98334E-05 0.135589 0.479823 9.98334E-05 9.98334E-05 9.98334E-05
9.98245E-05 9.98245E-05 9.98245E-05 9.98245E-05 9.98245E-05 9.98245E-05 0.174375 9.98245E-05 9.98245E-05 9.98245E-05 0.0324567 9.98245E-05 9.98245E-05 9.98245E-05 9.98245E-05 9.98245E-05 9.98245E-05 9.98245E-05 9.98245E-05 0.4134 0.377772 9.98245E-05 9.98245E-05 9.98245E-05
9.98683E-05 0.195973 9.98683E-05 9.98683E-05 9.98683E-05 0.0347891 9.98683E-05 9.98683E-05 0.0438093 0.00176144 0.097209 9.98683E-05 9.98683E-05 9.98683E-05 9.98683E-05 0.179182 9.98683E-05 9.98683E-05 9.98683E-05 9.98683E-05 0.384513 9.98683E-05 0.0526563 0.00860864
9.98509E-05 0.228656 0.0277846 9.98509E-05 9.98509E-05 9.98509E-05 9.98509E-05 9.98509E-05 9.98509E-05 9.98509E-05 0.405551 0.026209 9.98509E-05 9.98509E-05 9.98509E-05 9.98509E-05 9.98509E-05 9.98509E-05 9.98509E-05 0.2395 0.0300295 0.0405729 9.98509E-05 9.98509E-05
9.98333E-05 9.98333E-05 9.98333E-05 0.00433195 9.98333E-05 9.98333E-05 9.98333E-05 9.98333E-05 9.98333E-05 9.98333E-05 9.98333E-05 0.0926975 9.98333E-05 9.98333E-05 9.98333E-05 9.98333E-05 9.98333E-05 9.98333E-05 9.98333E-05 0.260345 0.624809 0.0159198 9.98333E-05 9.98333E-05
9.98069E-05 0.0084252 9.98069E-05 9.98069E-05 9.98069E-05 9.98069E-05 9.98069E-05 9.98069E-05 9.98069E-05 9.98069E-05 9.98069E-05 9.98069E-05 9.98069E-05 9.98069E-05 9.98069E-05 9.98069E-05 9.98069E-05 9.98069E-05 9.98069E-05 0.989379 9.98069E-05 9.98069E-05 9.98069E-05 9.98069E-05
9.9816E-05 0.0341264 9.9816E-05 9.9816E-05 9.9816E-05 9.9816E-05 9.9816E-05 9.9816E-05 9.9816E-05 9.9816E-05 9.9816E-05 9.9816E-05 9.9816E-05 9.9816E-05 9.9816E-05 9.9816E-05 9.9816E-05 9.9816E-05 9.9816E-05 0.281177 0.6826 9.9816E-05 9.9816E-05 9.9816E-05
9.98596E-05 0.106493 9.98596E-05 9.98596E-05 0.0201317 9.98596E-05 9.98596E-05 9.98596E-05 9.98596E-05 0.094175 0.074463 9.98596E-05 9.98596E-05 0.017263 9.98596E-05 9.98596E-05 9.98596E-05 9.98596E-05 9.98596E-05 0.473964 0.202028 0.00988466 9.98596E-05 9.98596E-05
9.98162E-05 9.98162E-05 9.98162E-05 9.98162E-05 9.98162E-05 9.98162E-05 9.98162E-05 9.98162E-05 9.98162E-05 9.98162E-05 9.98162E-05 9.98162E-05 9.98162E-05 9.98162E-05 0.0817081 9.98162E-05 9.98162E-05 9.98162E-05 9.98162E-05 0.876983 9.98162E-05 0.0392131 9.98162E-05 9.98162E-05
9.98859E-05 0.245697 9.98859E-05 9.98859E-05 9.98859E-05 9.98859E-05 9.98859E-05 9.98859E-05 0.0702351 0.0792702 0.0227791 9.98859E-05 0.0100427 0.036424 9.98859E-05 0.012776 9.98859E-05 9.98859E-05 0.095021 0.285386 0.0643524 9.98859E-05 0.076718 9.98859E-05
9.98333E-05 9.98333E-05 9.98333E-05 9.98333E-05 9.98333E-05 0.0390225 9.98333E-05 9.98333E-05 9.98333E-05 9.98333E-05 0.165687 0.109497 9.98333E-05 9.98333E-05 9.98333E-05 9.98333E-05 9.98333E-05 9.98333E-05 9.98333E-05 0.619345 0.0645513 9.98333E-05 9.98333E-05 9.98333E-05
0.0297224 9.9816E-05 9.9816E-05 9.9816E-05 9.9816E-05 9.9816E-05 9.9816E-05 9.9816E-05 9.9816E-05 9.9816E-05 9.9816E-05 9.9816E-05 9.9816E-05 9.9816E-05 9.9816E-05 9.9816E-05 9.9816E-05 9.9816E-05 9.9816E-05 9.9816E-05 0.925232 9.9816E-05 9.9816E-05 0.0429498
9.98333E-05 9.98333E-05 0.0695346 9.98333E-05 9.98333E-05 9.98333E-05 9.98333E-05 9.98333E-05 9.98333E-05 9.98333E-05 9.98333E-05 9.98333E-05 0.0977407 0.00987728 0.000831374 9.98333E-05 9.98333E-05 9.98333E-05 9.98333E-05 0.820119 9.98333E-05 9.98333E-05 9.98333E-05 9.98333E-05
9.98335E-05 0.0735651 0.095388 9.98335E-05 9.98335E-05 9.98335E-05 9.98335E-05 9.98335E-05 9.98335E-05 9.98335E-05 9.98335E-05 9.98335E-05 0.0458718 9.98335E-05 0.0224141 9.98335E-05 9.98335E-05 9.98335E-05 9.98335E-05 9.98335E-05 0.760864 9.98335E-05 9.98335E-05 9.98335E-05
9.98423E-05 9.98423E-05 9.98423E-05 9.98423E-05 9.98423E-05 9.98423E-05 9.98423E-05 9.98423E-05 9.98423E-05 9.98423E-05 9.98423E-05 9.98423E-05 0.0205942 0.00308335 9.98423E-05 0.00942597 9.98423E-05 9.98423E-05 0.128294 9.98423E-05 0.73621 0.100595 9.98423E-05 9.98423E-05
0.0687569 0.0136374 9.98508E-05 9.98508E-05 9.98508E-05 9.98508E-05 9.98508E-05 9.98508E-05 9.98508E-05 9.98508E-05 0.0120868 9.98508E-05 9.98508E-05 9.98508E-05 9.98508E-05 9.98508E-05 0.0513483 9.98508E-05 9.98508E-05 9.98508E-05 0.817422 0.0291888 0.0058622 9.98508E-05
9.9816E-05 0.0226497 9.9816E-05 9.9816E-05 9.9816E-05 9.9816E-05 9.9816E-05 9.9816E-05 9.9816E-05 9.9816E-05 9.9816E-05 0.164943 9.9816E-05 9.9816E-05 9.9816E-05 9.9816E-05 9.9816E-05 9.9816E-05 9.9816E-05 9.9816E-05 0.810312 9.9816E-05 9.9816E-05 9.9816E-05
9.9807E-05 9.9807E-05 9.9807E-05 9.9807E-05 9.9807E-05 9.9807E-05 9.9807E-05 9.9807E-05 9.9807E-05 9.9807E-05 9.9807E-05 9.9807E-05 9.9807E-05 9.9807E-05 9.9807E-05 9.9807E-05 9.9807E-05 9.9807E-05 9.9807E-05 0.956249 9.9807E-05 9.9807E-05 9.9807E-05 0.0415554
0.0128736 0.155701 9.98508E-05 9.98508E-05 9.98508E-05 9.98508E-05 9.98508E-05 9.98508E-05 0.031209 9.98508E-05 9.98508E-05 9.98508E-05 9.98508E-05 9.98508E-05 9.98508E-05 0.661566 0.0584828 9.98508E-05 9.98508E-05 9.98508E-05 9.98508E-05 9.98508E-05 0.0512445 0.0272262
9.9816E-05 9.9816E-05 9.9816E-05 9.9816E-05 9.9816E-05 9.9816E-05 9.9816E-05 9.9816E-05 9.9816E-05 9.9816E-05 9.9816E-05 0.0143896 9.9816E-05 0.0343345 9.9816E-05 0.94918 9.9816E-05 9.9816E-05 9.9816E-05 9.9816E-05 9.9816E-05 9.9816E-05 9.9816E-05 9.9816E-05
0.0426863 9.98158E-05 9.98158E-05 9.98158E-05 9.98158E-05 9.98158E-05 0.0146057 9.98158E-05 9.98158E-05 9.98158E-05 9.98158E-05 9.98158E-05 9.98158E-05 9.98158E-05 9.98158E-05 0.940612 9.98158E-05 9.98158E-05 9.98158E-05 9.98158E-05 9.98158E-05 9.98158E-05 9.98158E-05 9.98158E-05
9.98421E-05 0.0238235 9.98421E-05 9.98421E-05 9.98421E-05 9.98421E-05 9.98421E-05 9.98421E-05 9.98421E-05 9.98421E-05 9.98421E-05 9.98421E-05 9.98421E-05 9.98421E-05 0.0534513 0.357629 0.276572 9.98421E-05 0.199522 9.98421E-05 9.98421E-05 9.98421E-05 0.087205 9.98421E-05
0.113501 0.0233661 0.0208019 0.117528 9.98594E-05 9.98594E-05 9.98594E-05 9.98594E-05 0.0154857 9.98594E-05 0.0733914 9.98594E-05 9.98594E-05 9.98594E-05 9.98594E-05 0.571559 9.98594E-05 9.98594E-05 9.98594E-05 9.98594E-05 9.98594E-05 9.98594E-05 0.0627687 9.98594E-05
9.98505E-05 0.191253 9.98505E-05 9.98505E-05 0.00991924 0.0183011 9.98505E-05 9.98505E-05 9.98505E-05 9.98505E-05 0.00695721 9.98505E-05 9.98505E-05 9.98505E-05 9.98505E-05 0.645213 0.0323908 9.98505E-05 9.98505E-05 9.98505E-05 9.98505E-05 9.98505E-05 0.0942676 9.98505E-05
9.9833E-05 0.0821633 9.9833E-05 9.9833E-05 9.9833E-05 9.9833E-05 9.9833E-05 9.9833E-05 0.0292286 9.9833E-05 9.9833E-05 0.0530987 9.9833E-05 9.9833E-05 9.9833E-05 0.594756 0.238857 9.9833E-05 9.9833E-05 9.9833E-05 9.9833E-05 9.9833E-05 9.9833E-05 9.9833E-05
0.221715 0.0516859 9.98594E-05 9.98594E-05 9.98594E-05 9.98594E-05 9.98594E-05 9.98594E-05 9.98594E-05 9.98594E-05 9.98594E-05 9.98594E-05 9.98594E-05 9.98594E-05 0.0092384 0.525551 0.0988488 9.98594E-05 0.0274336 9.98594E-05 9.98594E-05 9.98594E-05 0.0546493 0.00928049
9.98071E-05 9.98071E-05 9.98071E-05 9.98071E-05 9.98071E-05 9.98071E-05 9.98071E-05 9.98071E-05 9.98071E-05 9.98071E-05 9.98071E-05 9.98071E-05 9.98071E-05 9.98071E-05 9.98071E-05 0.978539 0.0192655 9.98071E-05 9.98071E-05 9.98071E-05 9.98071E-05 9.98071E-05 9.98071E-05 9.98071E-05
9.98156E-05 9.98156E-05 9.98156E-05 9.98156E-05 0.0299586 9.98156E-05 9.98156E-05 9.98156E-05 0.0280191 9.98156E-05 9.98156E-05 9.98156E-05 9.98156E-05 9.98156E-05 9.98156E-05 0.939926 9.98156E-05 9.98156E-05 9.98156E-05 9.98156E-05 9.98156E-05 9.98156E-05 9.98156E-05 9.98156E-05
9.98418E-05 0.329672 9.98418E-05 9.98418E-05 0.00120936 9.98418E-05 9.98418E-05 9.98418E-05 0.174803 9.98418E-05 9.98418E-05 9.98418E-05 9.98418E-05 9.98418E-05 9.98418E-05 0.374928 9.98418E-05 9.98418E-05 9.98418E-05 9.98418E-05 9.98418E-05 0.0576781 0.0599118 9.98418E-05
9.98946E-05 0.136544 0.0212575 9.98946E-05 0.0610147 9.98946E-05 9.98946E-05 9.98946E-05 0.0411401 9.98946E-05 0.181154 0.021104 0.0316146 9.98946E-05 0.0415279 0.273941 0.0967361 9.98946E-05 9.98946E-05 9.98946E-05 9.98946E-05 0.0656529 0.0271147 9.98946E-05
9.98639E-05 9.98639E-05 9.98639E-05 0.0169122 0.06266 9.98639E-05 9.98639E-05 9.98639E-05 0.0102984 0.118569 9.98639E-05 9.98639E-05 0.0788211 9.98639E-05 9.98639E-05 0.516437 9.98639E-05 9.98639E-05 0.116799 9.98639E-05 9.98639E-05 9.98639E-05 0.0779049 9.98639E-05
9.98419E-05 0.203855 9.98419E-05 9.98419E-05 9.98419E-05 9.98419E-05 9.98419E-05 9.98419E-05 9.98419E-05 0.0358761 0.170688 9.98419E-05 9.98419E-05 9.98419E-05 9.98419E-05 0.521432 0.0497091 9.98419E-05 9.98419E-05 9.98419E-05 9.98419E-05 0.0166434 9.98419E-05 9.98419E-05
9.98074E-05 9.98074E-05 9.98074E-05 9.98074E-05 9.98074E-05 9.98074E-05 9.98074E-05 9.98074E-05 0.00909867 9.98074E-05 9.98074E-05 9.98074E-05 9.98074E-05 9.98074E-05 9.98074E-05 0.988706 9.98074E-05 9.98074E-05 9.98074E-05 9.98074E-05 9.98074E-05 9.98074E-05 9.98074E-05 9.98074E-05
9.98246E-05 9.98246E-05 9.98246E-05 9.98246E-05 9.98246E-05 9.98246E-05 9.98246E-05 9.98246E-05 0.0156863 9.98246E-05 9.98246E-05 0.0116208 9.98246E-05 9.98246E-05 9.98246E-05 0.931222 9.98246E-05 9.98246E-05 9.98246E-05 9.98246E-05 9.98246E-05 9.98246E-05 0.0394747 9.98246E-05
9.98242E-05 9.98242E-05 9.98242E-05 9.98242E-05 9.98242E-05 9.98242E-05 9.98242E-05 9.98242E-05 9.98242E-05 9.98242E-05 9.98242E-05 9.98242E-05 9.98242E-05 9.98242E-05 9.98242E-05 0.675714 9.98242E-05 9.98242E-05 0.0549536 9.98242E-05 9.98242E-05 0.0364363 9.98242E-05 0.230899
9.98507E-05 9.98507E-05 9.98507E-05 9.98507E-05 0.0493657 9.98507E-05 9.98507E-05 9.98507E-05 0.0642459 9.98507E-05 0.0891252 0.054152 9.98507E-05 9.98507E-05 9.98507E-05 0.622212 9.98507E-05 9.98507E-05 9.98507E-05 9.98507E-05 9.98507E-05 0.111241 0.00796031 9.98507E-05
0.0916787 0.0406056 9.98332E-05 9.98332E-05 9.98332E-05 9.98332E-05 9.98332E-05 9.98332E-05 0.0169979 9.98332E-05 9.98332E-05 9.98332E-05 9.98332E-05 9.98332E-05 9.98332E-05 0.846117 9.98332E-05 9.98332E-05 9.98332E-05 9.98332E-05 9.98332E-05 0.0027036 9.98332E-05 9.98332E-05
9.98418E-05 0.241021 9.98418E-05 9.98418E-05 9.98418E-05 9.98418E-05 9.98418E-05 9.98418E-05 0.0231767 9.98418E-05 9.98418E-05 9.98418E-05 0.0861854 0.07635 9.98418E-05 0.552028 9.98418E-05 9.98418E-05 9.98418E-05 9.98418E-05 9.98418E-05 9.98418E-05 9.98418E-05 0.0194418
9.98162E-05 9.98162E-05 9.98162E-05 9.98162E-05 9.98162E-05 9.98162E-05 0.0126281 9.98162E-05 9.98162E-05 9.98162E-05 9.98162E-05 9.98162E-05 9.98162E-05 9.98162E-05 0.0133162 0.97196 9.98162E-05 9.98162E-05 9.98162E-05 9.98162E-05 9.98162E-05 9.98162E-05 9.98162E-05 9.98162E-05
0.00519645 0.0230918 9.98418E-05 9.98418E-05 9.98418E-05 9.98418E-05 9.98418E-05 9.98418E-05 9.98418E-05 9.98418E-05 0.308286 9.98418E-05 9.98418E-05 9.98418E-05 9.98418E-05 0.511484 0.0722826 9.98418E-05 9.98418E-05 9.98418E-05 9.98418E-05 0.0778613 9.98418E-05 9.98418E-05
9.98422E-05 0.0360872 0.0146702 9.98422E-05 9.98422E-05 9.98422E-05 9.98422E-05 9.98422E-05 9.98422E-05 9.98422E-05 0.0193136 9.98422E-05 9.98422E-05 9.98422E-05 9.98422E-05 0.715588 0.024192 9.98422E-05 0.188352 9.98422E-05 9.98422E-05 9.98422E-05 9.98422E-05 9.98422E-05
0.0886086 0.0191951 9.98508E-05 9.98508E-05 9.98508E-05 0.0546681 9.98508E-05 0.0307932 9.98508E-05 9.98508E-05 9.98508E-05 9.98508E-05 9.98508E-05 9.98508E-05 9.98508E-05 0.591014 9.98508E-05 9.98508E-05 9.98508E-05 9.98508E-05 9.98508E-05 0.15069 0.0633337 9.98508E-05
9.98155E-05 9.98155E-05 9.98155E-05 9.98155E-05 0.14921 9.98155E-05 9.98155E-05 9.98155E-05 0.110059 9.98155E-05 9.98155E-05 9.98155E-05 9.98155E-05 9.98155E-05 9.98155E-05 0.738635 9.98155E-05 9.98155E-05 9.98155E-05 9.98155E-05 9.98155E-05 9.98155E-05 9.98155E-05 9.98155E-05
9.98074E-05 9.98074E-05 9.98074E-05 9.98074E-05 9.98074E-05 9.98074E-05 9.98074E-05 9.98074E-05 9.98074E-05 9.98074E-05 9.98074E-05 9.98074E-05 9.98074E-05 9.98074E-05 9.98074E-05 0.939127 9.98074E-05 9.98074E-05 9.98074E-05 9.98074E-05 9.98074E-05 9.98074E-05 0.0586773 9.98074E-05
9.97985E-05 9.97985E-05 9.97985E-05 9.97985E-05 9.97985E-05 9.97985E-05 9.97985E-05 9.97985E-05 9.97985E-05 9.97985E-05 9.97985E-05 9.97985E-05 9.97985E-05 9.97985E-05 9.97985E-05 0.997705 9.97985E-05 9.97985E-05 9.97985E-05 9.97985E-05 9.97985E-05 9.97985E-05 9.97985E-05 9.97985E-05
9.97985E-05 9.97985E-05 9.97985E-05 9.97985E-05 9.97985E-05 9.97985E-05 9.97985E-05 9.97985E-05 9.97985E-05 9.97985E-05 9.97985E-05 9.97985E-05 9.97985E-05 9.97985E-05 9.97985E-05 0.997705 9.97985E-05 9.97985E-05 9.97985E-05 9.97985E-05 9.97985E-05 9.97985E-05 9.97985E-05 9.97985E-05
0.0817732 0.0195069 9.98334E-05 9.98334E-05 0.0423812 9.98334E-05 9.98334E-05 9.98334E-05 9.98334E-05 9.98334E-05 9.98334E-05 9.98334E-05 9.98334E-05 9.98334E-05 9.98334E-05 0.844489 9.98334E-05 9.98334E-05 9.98334E-05 9.98334E-05 9.98334E-05 9.98334E-05 0.00995294 9.98334E-05
9.98247E-05 0.115123 9.98247E-05 9.98247E-05 9.98247E-05 9.98247E-05 0.181959 9.98247E-05 9.98247E-05 9.98247E-05 9.98247E-05 9.98247E-05 9.98247E-05 9.98247E-05 9.98247E-05 0.62786 9.98247E-05 9.98247E-05 9.98247E-05 9.98247E-05 9.98247E-05 9.98247E-05 0.0730613 9.98247E-05
9.98158E-05 0.0975474 9.98158E-05 9.98158E-05 9.98158E-05 9.98158E-05 9.98158E-05 9.98158E-05 9.98158E-05 9.98158E-05 9.98158E-05 9.98158E-05 9.98158E-05 9.98158E-05 9.98158E-05 9.98158E-05 9.98158E-05 9.98158E-05 0.81096 9.98158E-05 9.98158E-05 9.98158E-05 0.0893963 9.98158E-05
9.98159E-05 0.00340987 9.98159E-05 9.98159E-05 9.98159E-05 9.98159E-05 0.625384 9.98159E-05 9.98159E-05 9.98159E-05 9.98159E-05 9.98159E-05 9.98159E-05 9.98159E-05 9.98159E-05 9.98159E-05 9.98159E-05 9.98159E-05 0.36911 9.98159E-05 9.98159E-05 9.98159E-05 9.98159E-05 9.98159E-05
9.98157E-05 0.0934808 0.0214162 9.98157E-05 9.98157E-05 9.98157E-05 9.98157E-05 9.98157E-05 9.98157E-05 9.98157E-05 9.98157E-05 9.98157E-05 9.98157E-05 9.98157E-05 9.98157E-05 9.98157E-05 9.98157E-05 9.98157E-05 0.883007 9.98157E-05 9.98157E-05 9.98157E-05 9.98157E-05 9.98157E-05
9.98156E-05 0.189994 0.058236 9.98156E-05 9.98156E-05 9.98156E-05 9.98156E-05 9.98156E-05 9.98156E-05 9.98156E-05 9.98156E-05 9.98156E-05 9.98156E-05 9.98156E-05 9.98156E-05 9.98156E-05 9.98156E-05 9.98156E-05 0.749674 9.98156E-05 9.98156E-05 9.98156E-05 9.98156E-05 9.98156E-05
9.9833E-05 9.9833E-05 0.0579548 9.9833E-05 0.0156713 0.00887247 9.9833E-05 9.9833E-05 9.9833E-05 9.9833E-05 9.9833E-05 9.9833E-05 9.9833E-05 9.9833E-05 9.9833E-05 9.9833E-05 9.9833E-05 9.9833E-05 0.806854 9.9833E-05 9.9833E-05 9.9833E-05 0.108751 9.9833E-05
9.98421E-05 0.10791 9.98421E-05 9.98421E-05 9.98421E-05 9.98421E-05 9.98421E-05 9.98421E-05 9.98421E-05 9.98421E-05 9.98421E-05 0.101285 9.98421E-05 9.98421E-05 9.98421E-05 9.98421E-05 0.0754546 0.0369384 0.579375 9.98421E-05 9.98421E-05 9.98421E-05 0.0972396 9.98421E-05
0.0158438 0.0351326 9.98596E-05 9.98596E-05 0.0678223 9.98596E-05 9.98596E-05 9.98596E-05 0.02332 9.98596E-05 0.0430857 9.98596E-05 9.98596E-05 9.98596E-05 9.98596E-05 9.98596E-05 9.98596E-05 0.0245199 0.675689 9.98596E-05 9.98596E-05 9.98596E-05 0.112989 9.98596E-05
9.9807E-05 9.9807E-05 9.9807E-05 9.9807E-05 9.9807E-05 9.9807E-05 9.9807E-05 9.9807E-05 9.9807E-05 9.9807E-05 9.9807E-05 9.9807E-05 9.9807E-05 9.9807E-05 9.9807E-05 9.9807E-05 9.9807E-05 9.9807E-05 0.792135 9.9807E-05 9.9807E-05 9.9807E-05 0.205669 9.9807E-05
9.98507E-05 9.98507E-05 9.98507E-05 9.98507E-05 0.00338683 9.98507E-05 9.98507E-05 9.98507E-05 0.00660999 9.98507E-05 0.0882554 0.0182224 9.98507E-05 9.98507E-05 9.98507E-05 9.98507E-05 0.29388 9.98507E-05 0.303836 9.98507E-05 9.98507E-05 9.98507E-05 0.284112 9.98507E-05
9.9842E-05 0.211979 9.9842E-05 9.9842E-05 0.0592154 9.9842E-05 9.9842E-05 9.9842E-05 0.00259643 9.9842E-05 9.9842E-05 0.00773846 9.9842E-05 9.9842E-05 9.9842E-05 9.9842E-05 9.9842E-05 9.9842E-05 0.537624 9.9842E-05 9.9842E-05 9.9842E-05 0.179049 9.9842E-05
9.98246E-05 9.98246E-05 9.98246E-05 9.98246E-05 9.98246E-05 9.98246E-05 9.98246E-05 9.98246E-05 0.0261559 9.98246E-05 9.98246E-05 9.98246E-05 9.98246E-05 9.98246E-05 9.98246E-05 9.98246E-05 0.213966 0.428518 0.329363 9.98246E-05 9.98246E-05 9.98246E-05 9.98246E-05 9.98246E-05
9.98246E-05 0.0531426 9.98246E-05 9.98246E-05 9.98246E-05 9.98246E-05 9.98246E-05 9.98246E-05 9.98246E-05 9.98246E-05 9.98246E-05 9.98246E-05 9.98246E-05 9.98246E-05 9.98246E-05 9.98246E-05 0.0960876 0.148666 0.700108 9.98246E-05 9.98246E-05 9.98246E-05 9.98246E-05 9.98246E-05
0.00841557 9.9851E-05 0.00338329 9.9851E-05 9.9851E-05 9.9851E-05 9.9851E-05 9.9851E-05 9.9851E-05 9.9851E-05 9.9851E-05 0.00719193 9.9851E-05 9.9851E-05 9.9851E-05 9.9851E-05 9.9851E-05 0.0277543 0.801373 9.9851E-05 9.9851E-05 9.9851E-05 0.130021 0.0201632
9.98246E-05 0.211657 9.98246E-05 9.98246E-05 9.98246E-05 9.98246E-05 9.98246E-05 9.98246E-05 9.98246E-05 9.98246E-05 9.98246E-05 9.98246E-05 9.98246E-05 9.98246E-05 9.98246E-05 9.98246E-05 9.98246E-05 0.183787 0.478634 9.98246E-05 9.98246E-05 9.98246E-05 0.123925 9.98246E-05
0.100752 9.98333E-05 9.98333E-05 9.98333E-05 0.0630308 9.98333E-05 9.98333E-05 9.98333E-05 9.98333E-05 9.98333E-05 9.98333E-05 9.98333E-05 9.98333E-05 9.98333E-05 9.98333E-05 9.98333E-05 9.98333E-05 0.0483051 0.707305 9.98333E-05 9.98333E-05 9.98333E-05 0.0787099 9.98333E-05
9.98596E-05 0.0821576 0.0356675 9.98596E-05 9.98596E-05 9.98596E-05 0.0577199 9.98596E-05 9.98596E-05 9.98596E-05 9.98596E-05 0.0556517 9.98596E-05 9.98596E-05 9.98596E-05 9.98596E-05 0.0716568 9.98596E-05 0.652428 9.98596E-05 9.98596E-05 9.98596E-05 0.0238066 0.0193137
9.98421E-05 0.0761091 9.98421E-05 0.0462554 0.00463909 9.98421E-05 9.98421E-05 9.98421E-05 9.98421E-05 9.98421E-05 9.98421E-05 9.98421E-05 9.98421E-05 9.98421E-05 9.98421E-05 9.98421E-05 0.168987 0.07903 0.623183 9.98421E-05 9.98421E-05 9.98421E-05 9.98421E-05 9.98421E-05
9.9851E-05 9.9851E-05 0.0793051 9.9851E-05 9.9851E-05 9.9851E-05 9.9851E-05 9.9851E-05 0.00703847 9.9851E-05 0.0387279 9.9851E-05 9.9851E-05 9.9851E-05 0.0121844 9.9851E-05 9.9851E-05 9.9851E-05 0.711776 0.00878609 9.9851E-05 9.9851E-05 0.140485 9.9851E-05
9.98422E-05 9.98422E-05 9.98422E-05 9.98422E-05 9.98422E-05 9.98422E-05 9.98422E-05 9.98422E-05 0.0204829 9.98422E-05 9.98422E-05 9.98422E-05 9.98422E-05 0.033799 9.98422E-05 9.98422E-05 0.0208857 0.0107727 0.909763 9.98422E-05 9.98422E-05 9.98422E-05 0.00249911 9.98422E-05
9.98596E-05 0.0826172 9.98596E-05 0.064971 9.98596E-05 9.98596E-05 0.352595 9.98596E-05 0.0648304 9.98596E-05 9.98596E-05 9.98596E-05 0.00239489 9.98596E-05 9.98596E-05 0.0036463 9.98596E-05 9.98596E-05 0.333636 9.98596E-05 9.98596E-05 9.98596E-05 0.0937116 9.98596E-05
9.98334E-05 0.0635853 9.98334E-05 9.98334E-05 9.98334E-05 9.98334E-05 9.98334E-05 9.98334E-05 9.98334E-05 9.98334E-05 9.98334E-05 0.000880105 9.98334E-05 9.98334E-05 9.98334E-05 9.98334E-05 0.074829 0.0748995 0.783909 9.98334E-05 9.98334E-05 9.98334E-05 9.98334E-05 9.98334E-05
9.98158E-05 0.0333181 9.98158E-05 9.98158E-05 0.0315735 9.98158E-05 9.98158E-05 9.98158E-05 9.98158E-05 9.98158E-05 9.98158E-05 9.98158E-05 9.98158E-05 9.98158E-05 9.98158E-05 9.98158E-05 9.98158E-05 9.98158E-05 0.933012 9.98158E-05 9.98158E-05 9.98158E-05 9.98158E-05 9.98158E-05
9.98421E-05 0.207712 9.98421E-05 0.0154934 9.98421E-05 9.98421E-05 9.98421E-05 0.0320595 9.98421E-05 9.98421E-05 9.98421E-05 9.98421E-05 9.98421E-05 9.98421E-05 9.98421E-05 9.98421E-05 9.98421E-05 9.98421E-05 0.405848 9.98421E-05 9.98421E-05 0.0546024 0.282487 9.98421E-05
9.98333E-05 9.98333E-05 0.0508319 9.98333E-05 9.98333E-05 0.000795793 9.98333E-05 9.98333E-05 9.98333E-05 9.98333E-05 9.98333E-05 9.98333E-05 9.98333E-05 9.98333E-05 9.98333E-05 9.98333E-05 9.98333E-05 0.169217 0.690884 9.98333E-05 9.98333E-05 9.98333E-05 0.0863742 9.98333E-05
9.98421E-05 0.190121 9.98421E-05 0.0864442 9.98421E-05 9.98421E-05 9.98421E-05 0.00325297 9.98421E-05 9.98421E-05 9.98421E-05 9.98421E-05 9.98421E-05 9.98421E-05 9.98421E-05 9.98421E-05 0.0323966 9.98421E-05 0.472543 9.98421E-05 9.98421E-05 9.98421E-05 0.213445 9.98421E-05
9.98422E-05 0.167131 9.98422E-05 9.98422E-05 9.98422E-05 9.98422E-05 9.98422E-05 9.98422E-05 9.98422E-05 9.98422E-05 9.98422E-05 9.98422E-05 9.98422E-05 9.98422E-05 9.98422E-05 0.0319017 0.04782 0.389302 0.226295 9.98422E-05 9.98422E-05 9.98422E-05 0.135753 9.98422E-05
9.98509E-05 0.0781978 0.0699196 9.98509E-05 9.98509E-05 0.0414034 0.748752 9.98509E-05 9.98509E-05 9.98509E-05 9.98509E-05 9.98509E-05 9.98509E-05 0.00828273 9.98509E-05 9.98509E-05 9.98509E-05 0.0178629 0.033884 9.98509E-05 9.98509E-05 9.98509E-05 9.98509E-05 9.98509E-05
9.9833E-05 0.059995 9.9833E-05 9.9833E-05 9.9833E-05 9.9833E-05 9.9833E-05 9.9833E-05 9.9833E-05 0.0435955 9.9833E-05 9.9833E-05 9.9833E-05 9.9833E-05 9.9833E-05 9.9833E-05 9.9833E-05 9.9833E-05 0.828324 9.9833E-05 9.9833E-05 0.0199817 0.0462071 9.9833E-05
9.98247E-05 0.161577 9.98247E-05 9.98247E-05 9.98247E-05 9.98247E-05 9.98247E-05 9.98247E-05 9.98247E-05 9.98247E-05 9.98247E-05 9.98247E-05 9.98247E-05 9.98247E-05 9.98247E-05 9.98247E-05 0.0811098 9.98247E-05 0.503309 9.98247E-05 9.98247E-05 9.98247E-05 0.252008 9.98247E-05
9.98423E-05 0.0868822 0.140473 0.063639 9.98423E-05 9.98423E-05 0.00739023 9.98423E-05 0.0146334 9.98423E-05 9.98423E-05 9.98423E-05 9.98423E-05 9.98423E-05 9.98423E-05 9.98423E-05 9.98423E-05 9.98423E-05 0.685185 9.98423E-05 9.98423E-05 9.98423E-05 9.98423E-05 9.98423E-05
9.98422E-05 0.194472 9.98422E-05 9.98422E-05 9.98422E-05 9.98422E-05 9.98422E-05 9.98422E-05 0.0274804 9.98422E-05 9.98422E-05 9.98422E-05 0.0115096 9.98422E-05 9.98422E-05 9.98422E-05 9.98422E-05 0.108092 0.636887 9.98422E-05 9.98422E-05 9.98422E-05 0.0197622 9.98422E-05
9.98071E-05 9.98071E-05 9.98071E-05 9.98071E-05 9.98071E-05 9.98071E-05 9.98071E-05 9.98071E-05 9.98071E-05 9.98071E-05 9.98071E-05 9.98071E-05 0.0800851 9.98071E-05 9.98071E-05 9.98071E-05 9.98071E-05 9.98071E-05 0.917719 9.98071E-05 9.98071E-05 9.98071E-05 9.98071E-05 9.98071E-05
9.98332E-05 0.0672365 0.0933427 0.14106 9.98332E-05 9.98332E-05 9.98332E-05 9.98332E-05 9.98332E-05 9.98332E-05 9.98332E-05 9.98332E-05 9.98332E-05 9.98332E-05 9.98332E-05 9.98332E-05 9.98332E-05 9.98332E-05 0.464854 9.98332E-05 9.98332E-05 9.98332E-05 0.23161 9.98332E-05
9.98156E-05 0.082521 9.98156E-05 9.98156E-05 9.98156E-05 9.98156E-05 9.98156E-05 9.98156E-05 9.98156E-05 9.98156E-05 0.102435 9.98156E-05 9.98156E-05 9.98156E-05 9.98156E-05 9.98156E-05 9.98156E-05 9.98156E-05 0.812948 9.98156E-05 9.98156E-05 9.98156E-05 9.98156E-05 9.98156E-05
9.98159E-05 0.0402344 9.98159E-05 9.98159E-05 9.98159E-05 9.98159E-05 9.98159E-05 9.98159E-05 9.98159E-05 9.98159E-05 9.98159E-05 9.98159E-05 9.98159E-05 9.98159E-05 9.98159E-05 9.98159E-05 9.98159E-05 0.0495754 0.908094 9.98159E-05 9.98159E-05 9.98159E-05 9.98159E-05 9.98159E-05
9.98507E-05 9.98507E-05 9.98507E-05 9.98507E-05 0.013928 9.98507E-05 9.98507E-05 9.98507E-05 0.0395733 9.98507E-05 0.0349815 0.0401981 9.98507E-05 9.98507E-05 9.98507E-05 9.98507E-05 9.98507E-05 0.186476 0.598949 9.98507E-05 9.98507E-05 9.98507E-05 0.0841966 9.98507E-05
9.98243E-05 0.150177 9.98243E-05 9.98243E-05 0.0377437 9.98243E-05 9.98243E-05 9.98243E-05 9.98243E-05 9.98243E-05 9.98243E-05 9.98243E-05 9.98243E-05 9.98243E-05 9.98243E-05 9.98243E-05 9.98243E-05 9.98243E-05 0.716446 9.98243E-05 9.98243E-05 9.98243E-05 0.0936367 9.98243E-05
9.98333E-05 0.000470797 9.98333E-05 9.98333E-05 9.98333E-05 9.98333E-05 9.98333E-05 9.98333E-05 9.98333E-05 9.98333E-05 9.98333E-05 9.98333E-05 9.98333E-05 9.98333E-05 9.98333E-05 9.98333E-05 9.98333E-05 0.671053 0.269304 9.98333E-05 9.98333E-05 9.98333E-05 0.0542443 0.00303055
9.98248E-05 0.124787 9.98248E-05 9.98248E-05 9.98248E-05 9.98248E-05 9.98248E-05 9.98248E-05 9.98248E-05 9.98248E-05 9.98248E-05 9.98248E-05 9.98248E-05 9.98248E-05 9.98248E-05 9.98248E-05 9.98248E-05 0.23348 0.610105 9.98248E-05 9.98248E-05 9.98248E-05 0.0296317 9.98248E-05
9.98161E-05 9.98161E-05 0.0436533 9.98161E-05 9.98161E-05 9.98161E-05 9.98161E-05 9.98161E-05 9.98161E-05 9.98161E-05 9.98161E-05 9.98161E-05 9.98161E-05 9.98161E-05 9.98161E-05 9.98161E-05 9.98161E-05 0.369542 0.584709 9.98161E-05 9.98161E-05 9.98161E-05 9.98161E-05 9.98161E-05
0.1035 9.98335E-05 9.98335E-05 9.98335E-05 0.0129589 9.98335E-05 9.98335E-05 9.98335E-05 9.98335E-05 9.98335E-05 9.98335E-05 9.98335E-05 9.98335E-05 9.98335E-05 9.98335E-05 9.98335E-05 9.98335E-05 0.724062 0.127273 9.98335E-05 9.98335E-05 9.98335E-05 0.030309 9.98335E-05
9.98332E-05 0.229966 9.98332E-05 9.98332E-05 9.98332E-05 9.98332E-05 9.98332E-05 9.98332E-05 9.98332E-05 0.0382619 9.98332E-05 9.98332E-05 9.98332E-05 9.98332E-05 9.98332E-05 9.98332E-05 0.117752 9.98332E-05 0.520905 9.98332E-05 9.98332E-05 9.98332E-05 0.0912187 9.98332E-05
9.98159E-05 9.98159E-05 0.0528475 9.98159E-05 9.98159E-05 9.98159E-05 9.98159E-05 9.98159E-05 9.98159E-05 9.98159E-05 9.98159E-05 9.98159E-05 9.98159E-05 9.98159E-05 9.98159E-05 9.98159E-05 9.98159E-05 9.98159E-05 0.778873 9.98159E-05 9.98159E-05 9.98159E-05 0.166183 9.98159E-05
9.98333E-05 0.0596085 9.98333E-05 0.0444786 9.98333E-05 9.98333E-05 0.522566 9.98333E-05 9.98333E-05 9.98333E-05 9.98333E-05 9.98333E-05 9.98333E-05 9.98333E-05 9.98333E-05 9.98333E-05 9.98333E-05 0.260629 9.98333E-05 9.98333E-05 9.98333E-05 9.98333E-05 0.11082 9.98333E-05
9.98247E-05 0.0640445 9.98247E-05 9.98247E-05 9.98247E-05 9.98247E-05 0.161204 9.98247E-05 9.98247E-05 9.98247E-05 9.98247E-05 9.98247E-05 9.98247E-05 9.98247E-05 9.98247E-05 9.98247E-05 9.98247E-05 0.525187 0.247568 9.98247E-05 9.98247E-05 9.98247E-05 9.98247E-05 9.98247E-05
0.0317294 0.00257327 0.0392675 0.0571442 9.98595E-05 9.98595E-05 9.98595E-05 9.98595E-05 9.98595E-05 9.98595E-05 0.051681 9.98595E-05 9.98595E-05 9.98595E-05 9.98595E-05 9.98595E-05 0.148138 9.98595E-05 0.460026 9.98595E-05 9.98595E-05 9.98595E-05 0.207843 9.98595E-05
9.98421E-05 0.0663927 9.98421E-05 9.98421E-05 0.0388958 9.98421E-05 0.0244886 9.98421E-05 9.98421E-05 9.98421E-05 9.98421E-05 9.98421E-05 9.98421E-05 9.98421E-05 9.98421E-05 0.253051 9.98421E-05 9.98421E-05 0.533319 9.98421E-05 9.98421E-05 9.98421E-05 0.0820555 9.98421E-05
9.98512E-05 0.11357 9.98512E-05 9.98512E-05 0.00636752 0.0331667 9.98512E-05 9.98512E-05 9.98512E-05 9.98512E-05 0.00852199 9.98512E-05 9.98512E-05 9.98512E-05 9.98512E-05 9.98512E-05 0.182422 9.98512E-05 0.483096 9.98512E-05 9.98512E-05 9.98512E-05 0.171158 9.98512E-05
9.98421E-05 0.173679 9.98421E-05 0.00478923 9.98421E-05 9.98421E-05 9.98421E-05 9.98421E-05 9.98421E-05 9.98421E-05 0.0996693 9.98421E-05 9.98421E-05 9.98421E-05 0.000899766 9.98421E-05 9.98421E-05 9.98421E-05 0.508909 9.98421E-05 9.98421E-05 9.98421E-05 0.210257 9.98421E-05
9.98159E-05 9.98159E-05 0.0602099 9.98159E-05 9.98159E-05 9.98159E-05 9.98159E-05 9.98159E-05 9.98159E-05 9.98159E-05 9.98159E-05 9.98159E-05 9.98159E-05 9.98159E-05 9.98159E-05 9.98159E-05 9.98159E-05 0.686054 0.25164 9.98159E-05 9.98159E-05 9.98159E-05 9.98159E-05 9.98159E-05
9.98244E-05 0.128649 9.98244E-05 9.98244E-05 9.98244E-05 9.98244E-05 9.98244E-05 9.98244E-05 9.98244E-05 9.98244E-05 9.98244E-05 0.174736 9.98244E-05 9.98244E-05 0.0739014 9.98244E-05 9.98244E-05 9.98244E-05 0.620717 9.98244E-05 9.98244E-05 9.98244E-05 9.98244E-05 9.98244E-05
9.98244E-05 9.98244E-05 9.98244E-05 9.98244E-05 9.98244E-05 9.98244E-05 0.791518 9.98244E-05 9.98244E-05 9.98244E-05 9.98244E-05 9.98244E-05 9.98244E-05 9.98244E-05 9.98244E-05 9.98244E-05 0.00334344 9.98244E-05 0.128573 9.98244E-05 9.98244E-05 9.98244E-05 0.0745692 9.98244E-05
9.98597E-05 0.0310788 0.0113507 9.98597E-05 9.98597E-05 9.98597E-05 0.104098 9.98597E-05 0.0397603 9.98597E-05 9.98597E-05 0.0105109 9.98597E-05 9.98597E-05 9.98597E-05 9.98597E-05 9.98597E-05 0.118187 0.604353 9.98597E-05 9.98597E-05 9.98597E-05 0.0790637 9.98597E-05
9.98245E-05 9.98245E-05 9.98245E-05 9.98245E-05 9.98245E-05 9.98245E-05 9.98245E-05 9.98245E-05 9.98245E-05 9.98245E-05 9.98245E-05 9.98245E-05 0.0417473 9.98245E-05 9.98245E-05 9.98245E-05 0.0206452 9.98245E-05 0.902612 9.98245E-05 9.98245E-05 9.98245E-05 0.0329989 9.98245E-05
9.98157E-05 9.98157E-05 9.98157E-05 9.98157E-05 9.98157E-05 9.98157E-05 9.98157E-05 9.98157E-05 0.0198129 9.98157E-05 9.98157E-05 0.107154 9.98157E-05 9.98157E-05 9.98157E-05 9.98157E-05 9.98157E-05 9.98157E-05 0.870937 9.98157E-05 9.98157E-05 9.98157E-05 9.98157E-05 9.98157E-05
9.98245E-05 0.129123 9.98245E-05 9.98245E-05 9.98245E-05 9.98245E-05 9.98245E-05 9.98245E-05 9.98245E-05 9.98245E-05 9.98245E-05 9.98245E-05 9.98245E-05 9.98245E-05 9.98245E-05 9.98245E-05 0.18326 9.98245E-05 0.495612 9.98245E-05 9.98245E-05 9.98245E-05 0.190008 9.98245E-05
9.98157E-05 0.0479938 9.98157E-05 9.98157E-05 9.98157E-05 9.98157E-05 9.98157E-05 9.98157E-05 9.98157E-05 9.98157E-05 9.98157E-05 9.98157E-05 9.98157E-05 9.98157E-05 9.98157E-05 9.98157E-05 9.98157E-05 9.98157E-05 0.845549 9.98157E-05 9.98157E-05 9.98157E-05 0.104361 9.98157E-05
