0.119776 9.99912E-05 0.279011 0.528989 0.0721242
0.00634246 0.00428335 0.0890867 0.900187 9.99912E-05
0.0133429 0.0367033 0.00158123 0.948273 9.99912E-05
0.0809768 0.387283 0.186321 0.345319 9.99912E-05
9.99737E-05 0.0674339 9.99737E-05 0.932266 9.99737E-05
0.0229945 0.242061 0.405141 0.306563 0.0232403
0.168302 0.185599 0.155097 0.441276 0.0497248
0.0797872 0.210495 0.26446 0.334759 0.110498
9.99824E-05 0.175283 0.559016 0.265501 9.99824E-05
9.99737E-05 9.99737E-05 9.99737E-05 0.973548 0.0261519
0.197562 9.99912E-05 0.11218 0.670251 0.0199072
9.99737E-05 0.0484935 9.99737E-05 0.951207 9.99737E-05
0.00570341 9.99824E-05 0.0300688 0.964028 9.99824E-05
0.0722419 9.99825E-05 0.153033 0.774525 9.99825E-05
9.99824E-05 0.123689 0.496388 0.379723 9.99824E-05
9.999E-05 0.283803 0.347643 0.321541 0.0469135
0.0818655 9.99825E-05 0.232677 0.685257 9.99825E-05
0.00483734 0.223898 0.216926 0.335768 0.218571
0.028561 0.104808 0.29354 0.496827 0.0762637
9.997E-05 9.997E-05 9.997E-05 0.9996 9.997E-05
0.0960736 0.33386 0.0879456 0.482021 9.99912E-05
0.0722555 0.221262 0.32871 0.328618 0.0491543
0.0594728 9.99912E-05 0.0937443 0.830138 0.0165453
9.999E-05 0.0598439 0.285144 0.610309 0.044603
0.0379556 0.207364 0.392015 0.362565 9.99912E-05
0.0105133 9.99824E-05 0.169529 0.819757 9.99824E-05
9.99912E-05 0.147553 0.523932 0.162527 0.165888
0.0117178 0.0504889 0.0486595 0.889034 9.99912E-05
9.99824E-05 0.0704166 0.189789 0.739594 9.99824E-05
9.99737E-05 9.99737E-05 0.135463 0.864237 9.99737E-05
0.134936 0.0591591 9.99824E-05 0.805705 9.99824E-05
0.0707498 0.0184368 0.242848 0.667865 9.99912E-05
0.163506 0.0541662 0.128018 0.65421 9.99912E-05
9.99824E-05 9.99824E-05 0.413546 0.487825 0.0984294
0.0887461 9.99737E-05 9.99737E-05 0.910954 9.99737E-05
0.0318425 0.0967295 0.00568178 0.865646 9.99912E-05
0.0551966 9.99825E-05 9.99825E-05 0.863624 0.0809798
0.0343131 0.0171746 0.414266 0.534146 9.99912E-05
0.0119964 0.088938 0.295708 0.603258 9.99912E-05
0.0428247 0.103088 0.261695 0.582578 0.00981417
0.0574228 0.0635527 9.99824E-05 0.878825 9.99824E-05
9.99737E-05 9.99737E-05 0.178342 0.821358 9.99737E-05
0.0238768 0.0797805 9.99912E-05 0.893633 0.00261004
0.0199535 0.0405969 0.36428 0.575069 9.99912E-05
0.00410511 0.325988 0.233532 0.436274 9.99912E-05
9.99824E-05 0.0850406 0.0520544 0.862705 9.99824E-05
0.0284168 9.99912E-05 0.0978932 0.859191 0.0143987
9.997E-05 9.997E-05 9.997E-05 0.9996 9.997E-05
0.117767 0.0525965 9.99824E-05 0.829437 9.99824E-05
9.99825E-05 0.150816 9.99825E-05 0.784356 0.0646284
0.120383 0.103333 0.415089 0.361096 9.99912E-05
9.99737E-05 0.271591 9.99737E-05 0.728109 9.99737E-05
9.99737E-05 9.99737E-05 9.99737E-05 0.904828 0.0948723
9.99912E-05 0.164015 0.0441213 0.714946 0.0768179
9.99737E-05 0.165258 9.99737E-05 0.834443 9.99737E-05
0.0249683 0.141004 0.00895031 0.824977 9.99912E-05
9.99824E-05 0.0567373 9.99824E-05 0.818337 0.124726
0.0835005 0.013974 9.99912E-05 0.899073 0.00335239
0.0240259 9.99737E-05 9.99737E-05 0.975674 9.99737E-05
0.0423439 9.99912E-05 0.644098 0.181174 0.132285
9.99912E-05 0.17455 0.25086 0.52378 0.0507101
9.99912E-05 0.136541 0.33174 0.406118 0.1255
9.99825E-05 9.99825E-05 0.90989 0.00213691 0.0877734
9.99912E-05 0.281396 0.43621 0.193084 0.08921
0.0861992 9.99912E-05 0.797163 0.0396189 0.0769187
0.0363745 0.0292504 0.750474 0.0882705 0.0956304
9.99737E-05 9.99737E-05 0.695174 9.99737E-05 0.304526
9.99825E-05 9.99825E-05 0.549984 0.252796 0.19702
0.164582 0.0812156 0.378408 0.372718 0.00307669
0.21951 0.0701721 0.625206 9.99912E-05 0.0850119
0.158724 0.216915 0.416641 0.127938 0.0797822
0.174849 0.14002 0.577803 0.0448528 0.0624747
9.99912E-05 0.0952803 0.703417 0.148492 0.05271
0.0703213 9.99912E-05 0.486649 0.388092 0.0548368
0.126841 9.99912E-05 0.528019 0.270917 0.0741222
0.00189908 0.0658516 0.533074 0.0843698 0.314806
0.223516 9.99912E-05 0.430343 0.220168 0.125874
0.0699144 9.99912E-05 0.418702 0.331704 0.17958
0.0856424 0.210398 0.446016 0.0841997 0.173743
0.0298173 0.029502 0.42713 0.431936 0.0816144
0.0247701 0.0140481 0.517836 0.220402 0.222944
0.0680955 9.99912E-05 0.533348 0.298447 0.10001
0.0219287 0.140816 0.397419 0.247327 0.192509
0.311939 9.99824E-05 0.32339 0.364471 9.99824E-05
0.0231282 0.00446199 0.488558 0.483752 9.99912E-05
9.99825E-05 9.99825E-05 0.311758 0.475982 0.21206
9.99912E-05 0.0462544 0.446163 0.364508 0.142975
9.99825E-05 9.99825E-05 0.359312 0.421555 0.218933
9.99825E-05 9.99825E-05 0.6656 0.27334 0.0608602
9.997E-05 9.997E-05 0.9996 9.997E-05 9.997E-05
9.99737E-05 9.99737E-05 0.93348 0.0662203 9.99737E-05
0.0979585 9.99824E-05 0.879672 9.99824E-05 0.0221695
0.0628625 9.99824E-05 0.911007 9.99824E-05 0.0259301
0.0149317 0.0345374 0.882069 9.99912E-05 0.0683622
9.99737E-05 0.0182749 0.981425 9.99737E-05 9.99737E-05
0.0658759 9.99824E-05 0.907415 9.99824E-05 0.0265095
9.997E-05 9.997E-05 0.9996 9.997E-05 9.997E-05
0.0574017 9.99736E-05 0.942298 9.99736E-05 9.99736E-05
9.997E-05 9.997E-05 0.9996 9.997E-05 9.997E-05
0.0442581 9.99737E-05 0.955442 9.99737E-05 9.99737E-05
0.0464304 0.0219358 0.907674 0.0238601 9.99912E-05
9.99737E-05 9.99737E-05 0.99288 9.99737E-05 0.00682003
9.997E-05 9.997E-05 0.9996 9.997E-05 9.997E-05
0.076969 9.99825E-05 0.713221 9.99825E-05 0.20961
0.0781841 0.005199 0.916417 9.99824E-05 9.99824E-05
0.0241115 9.99737E-05 0.975589 9.99737E-05 9.99737E-05
0.100361 9.99737E-05 0.89934 9.99737E-05 9.99737E-05
0.0724345 0.02602 0.901346 9.99824E-05 9.99824E-05
0.0841701 0.0932229 0.800985 9.99912E-05 0.0215219
9.997E-05 9.997E-05 0.9996 9.997E-05 9.997E-05
0.0638784 9.99824E-05 0.907819 9.99824E-05 0.0281028
9.99736E-05 0.0529107 0.946789 9.99736E-05 9.99736E-05
9.99737E-05 0.0220267 0.977673 9.99737E-05 9.99737E-05
9.99736E-05 0.157501 0.842199 9.99736E-05 9.99736E-05
9.99737E-05 9.99737E-05 0.982023 9.99737E-05 0.0176771
9.99825E-05 0.0701092 0.771622 0.158069 9.99825E-05
0.0368717 0.124403 0.838525 9.99824E-05 9.99824E-05
9.997E-05 9.997E-05 0.9996 9.997E-05 9.997E-05
0.105201 9.99737E-05 0.894499 9.99737E-05 9.99737E-05
0.0580695 9.99737E-05 0.941631 9.99737E-05 9.99737E-05
9.99737E-05 0.186681 0.813019 9.99737E-05 9.99737E-05
0.0297702 0.177138 0.792892 9.99824E-05 9.99824E-05
0.00306101 0.0380128 0.958726 9.99824E-05 9.99824E-05
9.997E-05 9.997E-05 0.9996 9.997E-05 9.997E-05
0.0593422 0.00937763 0.93108 9.99824E-05 9.99824E-05
0.0462869 9.99824E-05 0.823028 9.99824E-05 0.130485
9.997E-05 9.997E-05 0.9996 9.997E-05 9.997E-05
0.0514749 9.99825E-05 0.940515 9.99825E-05 0.00781054
0.0471697 9.99738E-05 0.95253 9.99738E-05 9.99738E-05
9.99738E-05 9.99738E-05 0.975848 9.99738E-05 0.0238521
9.997E-05 9.997E-05 0.9996 9.997E-05 9.997E-05
9.99824E-05 0.0537047 0.912258 9.99824E-05 0.0338373
9.99737E-05 9.99737E-05 0.987016 0.012684 9.99737E-05
9.99737E-05 9.99737E-05 0.944893 0.0548075 9.99737E-05
9.99824E-05 0.174264 0.811123 9.99824E-05 0.014413
0.00528922 9.99825E-05 0.961079 9.99825E-05 0.033432
9.99825E-05 0.0560911 0.934982 9.99825E-05 0.00872697
9.997E-05 9.997E-05 0.9996 9.997E-05 9.997E-05
9.997E-05 9.997E-05 0.9996 9.997E-05 9.997E-05
0.0317721 0.232036 0.735992 9.99824E-05 9.99824E-05
9.997E-05 9.997E-05 0.9996 9.997E-05 9.997E-05
0.0650804 9.99737E-05 0.93462 9.99737E-05 9.99737E-05
9.99825E-05 0.0753893 0.924192 9.99825E-05 0.000218245
0.0679009 0.00700964 0.85487 9.99912E-05 0.0701192
9.99736E-05 0.0124804 0.98722 9.99736E-05 9.99736E-05
0.000436778 9.99736E-05 0.999263 9.99736E-05 9.99736E-05
0.118205 0.0266463 0.854949 9.99824E-05 9.99824E-05
9.99737E-05 0.148558 0.851142 9.99737E-05 9.99737E-05
9.997E-05 9.997E-05 0.9996 9.997E-05 9.997E-05
9.99736E-05 0.094687 0.905013 9.99736E-05 9.99736E-05
9.997E-05 9.997E-05 0.9996 9.997E-05 9.997E-05
9.99824E-05 0.0637143 0.864941 9.99824E-05 0.0711445
9.997E-05 9.997E-05 0.9996 9.997E-05 9.997E-05
9.997E-05 9.997E-05 0.9996 9.997E-05 9.997E-05
9.997E-05 9.997E-05 0.9996 9.997E-05 9.997E-05
9.99736E-05 9.99736E-05 0.902608 9.99736E-05 0.0970925
9.997E-05 9.997E-05 0.9996 9.997E-05 9.997E-05
9.997E-05 9.997E-05 0.9996 9.997E-05 9.997E-05
9.99736E-05 0.0576952 0.942005 9.99736E-05 9.99736E-05
9.99736E-05 0.0125097 0.98719 9.99736E-05 9.99736E-05
0.00128491 0.0419134 0.94724 9.99912E-05 0.0094612
9.997E-05 9.997E-05 0.9996 9.997E-05 9.997E-05
9.997E-05 9.997E-05 0.9996 9.997E-05 9.997E-05
9.99736E-05 0.0790989 0.920601 9.99736E-05 9.99736E-05
9.99736E-05 0.0247575 0.974943 9.99736E-05 9.99736E-05
9.99824E-05 0.189391 0.746141 9.99824E-05 0.0642682
9.99824E-05 0.109758 0.883049 9.99824E-05 0.00699246
9.997E-05 9.997E-05 0.9996 9.997E-05 9.997E-05
9.99736E-05 0.048246 0.951454 9.99736E-05 9.99736E-05
9.99736E-05 0.0861776 0.913522 9.99736E-05 9.99736E-05
9.99824E-05 0.049196 0.945225 9.99824E-05 0.0053795
0.0313535 9.99736E-05 0.968347 9.99736E-05 9.99736E-05
9.99736E-05 0.0125097 0.98719 9.99736E-05 9.99736E-05
9.997E-05 9.997E-05 0.9996 9.997E-05 9.997E-05
9.99736E-05 0.0335975 0.966103 9.99736E-05 9.99736E-05
9.99736E-05 0.0262832 0.973417 9.99736E-05 9.99736E-05
9.997E-05 9.997E-05 0.9996 9.997E-05 9.997E-05
9.997E-05 9.997E-05 0.9996 9.997E-05 9.997E-05
9.997E-05 9.997E-05 0.9996 9.997E-05 9.997E-05
9.99736E-05 9.99736E-05 0.969988 9.99736E-05 0.0297123
9.99824E-05 0.0372033 0.921653 9.99824E-05 0.0409434
9.99736E-05 0.0247779 0.974922 9.99736E-05 9.99736E-05
9.99736E-05 0.107897 0.891803 9.99736E-05 9.99736E-05
9.99824E-05 0.0896906 0.833584 9.99824E-05 0.0765254
9.997E-05 9.997E-05 0.9996 9.997E-05 9.997E-05
9.997E-05 9.997E-05 0.9996 9.997E-05 9.997E-05
9.997E-05 9.997E-05 0.9996 9.997E-05 9.997E-05
9.99736E-05 0.0626895 0.937011 9.99736E-05 9.99736E-05
9.997E-05 9.997E-05 0.9996 9.997E-05 9.997E-05
9.997E-05 9.997E-05 0.9996 9.997E-05 9.997E-05
0.0300734 9.99736E-05 0.969627 9.99736E-05 9.99736E-05
9.997E-05 9.997E-05 0.9996 9.997E-05 9.997E-05
9.99736E-05 0.087293 0.912407 9.99736E-05 9.99736E-05
9.997E-05 9.997E-05 0.9996 9.997E-05 9.997E-05
9.997E-05 9.997E-05 0.9996 9.997E-05 9.997E-05
9.99824E-05 0.283245 0.615786 9.99824E-05 0.100769
9.99824E-05 0.0888128 0.873193 9.99824E-05 0.0377943
9.997E-05 9.997E-05 0.9996 9.997E-05 9.997E-05
9.997E-05 9.997E-05 0.9996 9.997E-05 9.997E-05
9.997E-05 9.997E-05 0.9996 9.997E-05 9.997E-05
9.997E-05 9.997E-05 0.9996 9.997E-05 9.997E-05
9.99824E-05 0.0927616 0.876877 9.99824E-05 0.0301617
9.997E-05 9.997E-05 0.9996 9.997E-05 9.997E-05
9.99736E-05 0.0575791 0.942121 9.99736E-05 9.99736E-05
9.997E-05 9.997E-05 0.9996 9.997E-05 9.997E-05
9.99736E-05 9.99736E-05 0.960495 9.99736E-05 0.0392049
9.997E-05 9.997E-05 0.9996 9.997E-05 9.997E-05
9.997E-05 9.997E-05 0.9996 9.997E-05 9.997E-05
9.997E-05 9.997E-05 0.9996 9.997E-05 9.997E-05
9.997E-05 9.997E-05 0.9996 9.997E-05 9.997E-05
9.997E-05 9.997E-05 0.9996 9.997E-05 9.997E-05
9.997E-05 9.997E-05 0.9996 9.997E-05 9.997E-05
9.99736E-05 9.99736E-05 0.966191 9.99736E-05 0.0335094
9.99736E-05 0.0793701 0.92033 9.99736E-05 9.99736E-05
9.99736E-05 0.0898662 0.909834 9.99736E-05 9.99736E-05
9.997E-05 9.997E-05 0.9996 9.997E-05 9.997E-05
9.99736E-05 9.99736E-05 0.963076 9.99736E-05 0.0366239
9.99736E-05 0.0702218 0.929478 9.99736E-05 9.99736E-05
9.99736E-05 0.066555 0.933145 9.99736E-05 9.99736E-05
9.997E-05 9.997E-05 0.9996 9.997E-05 9.997E-05
9.997E-05 9.997E-05 0.9996 9.997E-05 9.997E-05
9.997E-05 9.997E-05 0.9996 9.997E-05 9.997E-05
9.99736E-05 0.0413094 0.958391 9.99736E-05 9.99736E-05
9.997E-05 9.997E-05 0.9996 9.997E-05 9.997E-05
9.997E-05 9.997E-05 0.9996 9.997E-05 9.997E-05
9.99736E-05 0.204556 0.795144 9.99736E-05 9.99736E-05
9.997E-05 9.997E-05 0.9996 9.997E-05 9.997E-05
9.997E-05 9.997E-05 0.9996 9.997E-05 9.997E-05
0.142926 9.99824E-05 0.749629 9.99824E-05 0.107245
9.99736E-05 0.00330164 0.996398 9.99736E-05 9.99736E-05
9.997E-05 9.997E-05 0.9996 9.997E-05 9.997E-05
0.0242674 9.99824E-05 0.909701 9.99824E-05 0.0658313
0.0219747 0.10454 0.842532 9.99912E-05 0.0308534
9.99736E-05 0.0907621 0.908938 9.99736E-05 9.99736E-05
9.99824E-05 0.0474221 0.785346 9.99824E-05 0.167032
9.997E-05 9.997E-05 0.9996 9.997E-05 9.997E-05
9.99738E-05 9.99738E-05 0.979647 0.0200531 9.99738E-05
0.020587 0.0499419 0.929271 9.99824E-05 9.99824E-05
0.0881463 9.99824E-05 0.84195 9.99824E-05 0.0697039
9.997E-05 9.997E-05 0.9996 9.997E-05 9.997E-05
9.99737E-05 0.158049 0.841652 9.99737E-05 9.99737E-05
0.112116 9.99737E-05 0.887584 9.99737E-05 9.99737E-05
9.997E-05 9.997E-05 0.9996 9.997E-05 9.997E-05
9.99824E-05 0.0964904 0.874285 9.99824E-05 0.0290243
9.99824E-05 0.00804095 0.836561 9.99824E-05 0.155198
0.0311941 0.0196809 0.948925 9.99824E-05 9.99824E-05
0.0480163 9.99737E-05 0.951684 9.99737E-05 9.99737E-05
9.997E-05 9.997E-05 0.9996 9.997E-05 9.997E-05
0.0839819 9.99824E-05 0.800273 9.99824E-05 0.115545
0.00843836 0.0998525 0.891509 9.99824E-05 9.99824E-05
9.99824E-05 0.0514104 0.906383 9.99824E-05 0.0420063
9.99736E-05 0.084176 0.915524 9.99736E-05 9.99736E-05
0.0438938 0.038472 0.917434 9.99824E-05 9.99824E-05
0.0268837 0.157631 0.792581 9.99912E-05 0.0228047
0.0436744 9.99824E-05 0.932359 9.99824E-05 0.0237665
9.99736E-05 9.99736E-05 0.894756 9.99736E-05 0.104944
9.997E-05 9.997E-05 0.9996 9.997E-05 9.997E-05
9.99824E-05 0.108286 0.822871 9.99824E-05 0.0686435
9.99736E-05 9.99736E-05 0.972342 9.99736E-05 0.0273577
9.99824E-05 0.257224 0.668452 9.99824E-05 0.0741237
9.99824E-05 0.0387143 0.831238 9.99824E-05 0.129848
0.021851 9.99736E-05 0.977849 9.99736E-05 9.99736E-05
0.0415999 9.99736E-05 0.9581 9.99736E-05 9.99736E-05
9.99824E-05 0.0263402 0.939075 9.99824E-05 0.0343847
0.0428827 9.99824E-05 0.902734 9.99824E-05 0.0541832
0.101299 9.99824E-05 0.851967 9.99824E-05 0.0465334
9.99736E-05 0.0310574 0.968643 9.99736E-05 9.99736E-05
9.997E-05 9.997E-05 0.9996 9.997E-05 9.997E-05
0.0720534 0.078238 0.68714 9.99912E-05 0.162469
0.1501 0.0598061 0.749684 9.99912E-05 0.0403092
9.99736E-05 0.171442 0.828258 9.99736E-05 9.99736E-05
9.99736E-05 9.99736E-05 0.959184 9.99736E-05 0.0405164
9.99737E-05 0.0972765 0.902424 9.99737E-05 9.99737E-05
9.99736E-05 0.0576789 0.942021 9.99736E-05 9.99736E-05
9.997E-05 9.997E-05 0.9996 9.997E-05 9.997E-05
0.00458793 9.99824E-05 0.976905 9.99824E-05 0.0183075
0.022464 9.99736E-05 0.977236 9.99736E-05 9.99736E-05
9.997E-05 9.997E-05 0.9996 9.997E-05 9.997E-05
0.0402327 9.99737E-05 0.959467 9.99737E-05 9.99737E-05
9.99737E-05 9.99737E-05 0.915814 9.99737E-05 0.0838862
9.99824E-05 0.0387585 0.883992 9.99824E-05 0.07705
0.00930088 9.99825E-05 0.979353 9.99825E-05 0.0111462
0.0605772 9.99736E-05 0.939123 9.99736E-05 9.99736E-05
0.119165 0.0723371 0.808298 9.99824E-05 9.99824E-05
9.997E-05 9.997E-05 0.9996 9.997E-05 9.997E-05
9.99737E-05 0.283924 0.715776 9.99737E-05 9.99737E-05
9.997E-05 9.997E-05 0.9996 9.997E-05 9.997E-05
0.0108148 9.99825E-05 0.967754 9.99825E-05 0.0212312
0.034666 9.99737E-05 0.965034 9.99737E-05 9.99737E-05
9.997E-05 9.997E-05 0.9996 9.997E-05 9.997E-05
9.997E-05 9.997E-05 0.9996 9.997E-05 9.997E-05
9.997E-05 9.997E-05 0.9996 9.997E-05 9.997E-05
9.997E-05 9.997E-05 0.9996 9.997E-05 9.997E-05
9.99738E-05 9.99738E-05 0.845093 0.154607 9.99738E-05
0.00253095 0.129991 0.867278 9.99824E-05 9.99824E-05
0.0101243 0.0798634 0.909812 9.99824E-05 9.99824E-05
9.997E-05 9.997E-05 0.9996 9.997E-05 9.997E-05
9.997E-05 9.997E-05 0.9996 9.997E-05 9.997E-05
9.99737E-05 0.0289175 0.970783 9.99737E-05 9.99737E-05
0.0296068 0.0478081 0.922385 9.99824E-05 9.99824E-05
0.0197736 9.99737E-05 0.979926 9.99737E-05 9.99737E-05
9.997E-05 9.997E-05 0.9996 9.997E-05 9.997E-05
9.99737E-05 9.99737E-05 0.813712 0.185988 9.99737E-05
9.997E-05 9.997E-05 0.9996 9.997E-05 9.997E-05
0.013243 0.0130719 0.77936 9.99912E-05 0.194225
9.997E-05 9.997E-05 0.9996 9.997E-05 9.997E-05
9.997E-05 9.997E-05 0.9996 9.997E-05 9.997E-05
9.99737E-05 9.99737E-05 0.890955 0.108745 9.99737E-05
0.0396075 0.0148476 0.908781 9.99912E-05 0.0366636
9.997E-05 9.997E-05 0.9996 9.997E-05 9.997E-05
0.0159358 9.99736E-05 0.983764 9.99736E-05 9.99736E-05
0.0867634 0.0957249 0.817312 9.99824E-05 9.99824E-05
0.119814 0.0734146 0.798436 9.99912E-05 0.00823571
9.997E-05 9.997E-05 0.9996 9.997E-05 9.997E-05
0.0025302 0.0186753 0.957532 9.99912E-05 0.0211625
9.99737E-05 0.145895 0.853805 9.99737E-05 9.99737E-05
0.0157811 9.99737E-05 0.983919 9.99737E-05 9.99737E-05
0.0116169 9.99824E-05 0.818956 9.99824E-05 0.169227
9.997E-05 9.997E-05 0.9996 9.997E-05 9.997E-05
9.99736E-05 0.0856648 0.914035 9.99736E-05 9.99736E-05
0.0442694 9.99736E-05 0.955431 9.99736E-05 9.99736E-05
9.99737E-05 0.254923 0.744777 9.99737E-05 9.99737E-05
9.99736E-05 9.99736E-05 0.909392 9.99736E-05 0.0903079
9.997E-05 9.997E-05 0.9996 9.997E-05 9.997E-05
0.142574 0.0688729 0.774319 9.99912E-05 0.0141339
9.997E-05 9.997E-05 0.9996 9.997E-05 9.997E-05
9.99737E-05 9.99737E-05 0.991137 0.00856296 9.99737E-05
0.0320973 0.125781 0.841922 9.99824E-05 9.99824E-05
0.118999 9.99736E-05 0.880701 9.99736E-05 9.99736E-05
0.029176 9.99824E-05 0.872284 9.99824E-05 0.0983399
9.99737E-05 0.0195878 0.980112 9.99737E-05 9.99737E-05
0.118344 0.0971712 0.650023 9.99912E-05 0.134362
9.99824E-05 0.0750072 0.876097 9.99824E-05 0.0486956
0.0523705 0.205333 0.726295 9.99912E-05 0.0159018
9.99738E-05 9.99738E-05 0.943951 0.0557488 9.99738E-05
9.99737E-05 9.99737E-05 0.987717 0.0119828 9.99737E-05
9.997E-05 9.997E-05 0.9996 9.997E-05 9.997E-05
0.0279923 9.99824E-05 0.74496 9.99824E-05 0.226848
9.997E-05 9.997E-05 0.9996 9.997E-05 9.997E-05
9.99738E-05 9.99738E-05 0.975873 0.0238274 9.99738E-05
0.0526178 0.0712442 0.85194 9.99912E-05 0.0240976
9.99737E-05 9.99737E-05 0.973508 9.99737E-05 0.0261922
0.0292323 9.99737E-05 0.970468 9.99737E-05 9.99737E-05
9.99736E-05 0.0279931 0.971707 9.99736E-05 9.99736E-05
9.99737E-05 0.16477 0.83493 9.99737E-05 9.99737E-05
0.037035 0.246893 0.703717 9.99912E-05 0.012255
9.997E-05 9.997E-05 0.9996 9.997E-05 9.997E-05
9.997E-05 9.997E-05 0.9996 9.997E-05 9.997E-05
0.0766073 9.99824E-05 0.826992 9.99824E-05 0.0962003
0.02582 0.0267047 0.947275 9.99825E-05 9.99825E-05
0.0364409 0.281972 0.681388 9.99824E-05 9.99824E-05
0.00846984 9.99824E-05 0.857133 9.99824E-05 0.134198
0.0678335 9.99736E-05 0.931867 9.99736E-05 9.99736E-05
9.99736E-05 0.0496478 0.950052 9.99736E-05 9.99736E-05
0.0494548 0.130328 0.820017 9.99825E-05 9.99825E-05
9.997E-05 9.997E-05 0.9996 9.997E-05 9.997E-05
0.122283 9.99824E-05 0.783733 9.99824E-05 0.0937842
0.0285335 9.99737E-05 0.971167 9.99737E-05 9.99737E-05
9.997E-05 9.997E-05 0.9996 9.997E-05 9.997E-05
0.0563703 0.108731 0.834699 9.99824E-05 9.99824E-05
9.99736E-05 0.122678 0.877022 9.99736E-05 9.99736E-05
0.0959395 0.12113 0.78273 9.99824E-05 9.99824E-05
0.0872195 0.210827 0.701754 9.99825E-05 9.99825E-05
0.011241 0.348618 0.620762 0.0192795 9.99912E-05
0.0749337 0.0671821 0.816753 0.0410308 9.99912E-05
0.025133 0.0711363 0.690951 9.99912E-05 0.21268
9.99825E-05 0.0316327 0.627882 0.340285 9.99825E-05
0.0397594 9.99824E-05 0.88916 9.99824E-05 0.0708805
0.0533114 0.158112 0.785895 0.00258234 9.99912E-05
0.0964911 0.0376661 0.539032 0.326711 9.99912E-05
0.0180478 0.106853 0.874899 9.99824E-05 9.99824E-05
0.094538 0.182662 0.7226 9.99824E-05 9.99824E-05
0.00884418 0.151433 0.654615 0.16946 0.0156479
0.0124833 0.207611 0.771112 0.008694 9.99912E-05
9.99825E-05 0.0239727 0.525907 0.449921 9.99825E-05
0.127848 9.99912E-05 0.781847 0.0324319 0.057773
0.203085 0.0276215 0.769094 9.99824E-05 9.99824E-05
0.165059 9.99824E-05 0.802546 0.0321948 9.99824E-05
9.99825E-05 0.219018 0.703961 0.0768214 9.99825E-05
0.212714 0.187199 0.599887 9.99825E-05 9.99825E-05
9.99825E-05 0.119518 0.776382 0.1039 9.99825E-05
0.0977856 9.99912E-05 0.792714 0.0688646 0.040536
0.0690449 0.0237504 0.59381 0.313294 9.99912E-05
0.0918594 0.0708111 0.643131 0.162267 0.031932
9.99736E-05 9.99736E-05 0.865942 9.99736E-05 0.133758
9.99824E-05 0.00985559 0.932807 9.99824E-05 0.0571371
0.0141369 9.99736E-05 0.985563 9.99736E-05 9.99736E-05
9.99824E-05 0.0770708 0.921087 9.99824E-05 0.0016421
9.99737E-05 9.99737E-05 0.99891 9.99737E-05 0.000790488
9.997E-05 9.997E-05 0.9996 9.997E-05 9.997E-05
9.997E-05 9.997E-05 0.9996 9.997E-05 9.997E-05
0.00521865 9.99825E-05 0.950892 0.0436894 9.99825E-05
9.99736E-05 9.99736E-05 0.972661 9.99736E-05 0.027039
0.103191 9.99736E-05 0.896509 9.99736E-05 9.99736E-05
9.99736E-05 9.99736E-05 0.936814 9.99736E-05 0.0628865
9.997E-05 9.997E-05 0.9996 9.997E-05 9.997E-05
0.0810627 9.99736E-05 0.918637 9.99736E-05 9.99736E-05
9.997E-05 9.997E-05 0.9996 9.997E-05 9.997E-05
9.997E-05 9.997E-05 0.9996 9.997E-05 9.997E-05
9.997E-05 9.997E-05 0.9996 9.997E-05 9.997E-05
9.99736E-05 9.99736E-05 0.929824 9.99736E-05 0.0698756
9.997E-05 9.997E-05 0.9996 9.997E-05 9.997E-05
9.997E-05 9.997E-05 0.9996 9.997E-05 9.997E-05
0.0833654 9.99825E-05 0.847154 9.99825E-05 0.0692809
0.0116013 9.99736E-05 0.988099 9.99736E-05 9.99736E-05
9.99737E-05 9.99737E-05 0.982359 9.99737E-05 0.0173415
9.99736E-05 0.0164539 0.983246 9.99736E-05 9.99736E-05
9.99737E-05 0.0466946 0.953005 9.99737E-05 9.99737E-05
0.027844 0.0701692 0.87206 0.0123417 0.0175849
9.99737E-05 9.99737E-05 0.988658 9.99737E-05 0.0110417
0.0337659 0.0357728 0.911502 9.99912E-05 0.0188589
9.997E-05 9.997E-05 0.9996 9.997E-05 9.997E-05
9.997E-05 9.997E-05 0.9996 9.997E-05 9.997E-05
9.997E-05 9.997E-05 0.9996 9.997E-05 9.997E-05
0.0701075 9.99737E-05 0.929593 9.99737E-05 9.99737E-05
9.99737E-05 0.0770715 0.922629 9.99737E-05 9.99737E-05
9.99737E-05 9.99737E-05 0.971211 9.99737E-05 0.028489
9.99737E-05 0.00532916 0.994371 9.99737E-05 9.99737E-05
9.997E-05 9.997E-05 0.9996 9.997E-05 9.997E-05
9.99737E-05 0.00199126 0.997709 9.99737E-05 9.99737E-05
9.997E-05 9.997E-05 0.9996 9.997E-05 9.997E-05
0.0431896 9.99825E-05 0.948536 9.99825E-05 0.00807411
9.99736E-05 0.0647023 0.934998 9.99736E-05 9.99736E-05
9.997E-05 9.997E-05 0.9996 9.997E-05 9.997E-05
9.997E-05 9.997E-05 0.9996 9.997E-05 9.997E-05
9.997E-05 9.997E-05 0.9996 9.997E-05 9.997E-05
9.99736E-05 9.99736E-05 0.983334 9.99736E-05 0.0163657
0.0539784 9.99736E-05 0.945722 9.99736E-05 9.99736E-05
0.146588 0.359616 0.231796 0.232724 0.0292764
0.0686308 0.394631 0.38723 0.149408 9.99912E-05
0.205919 0.317859 0.392011 0.0253243 0.0588866
0.176747 0.358572 0.260227 0.193743 0.0107112
0.219391 0.211377 0.451224 0.117909 9.99912E-05
0.15059 0.184723 0.373842 0.15001 0.140835
0.147042 0.262623 0.450499 0.139736 9.99912E-05
0.0564392 0.288458 0.373811 0.134408 0.146884
0.164219 0.146877 0.688704 9.99824E-05 9.99824E-05
0.275238 0.0351029 0.314636 0.157683 0.21734
0.17982 0.284684 0.518323 9.99912E-05 0.0170733
0.1607 0.328595 0.35865 0.0489109 0.103144
0.123752 0.303577 0.433813 0.138759 9.99912E-05
0.253872 0.30288 0.278299 0.16485 9.99912E-05
0.0745541 0.396543 0.327839 0.144566 0.0564981
0.0997499 0.254099 0.42051 0.132585 0.093056
0.0799952 0.412964 0.365778 0.141162 9.99912E-05
0.108867 0.290328 0.474672 0.0969459 0.0291874
0.280872 0.212903 0.465069 0.0410558 9.99912E-05
0.140608 0.205077 0.373434 0.139667 0.141214
0.9996 9.997E-05 9.997E-05 9.997E-05 9.997E-05
0.9996 9.997E-05 9.997E-05 9.997E-05 9.997E-05
0.9996 9.997E-05 9.997E-05 9.997E-05 9.997E-05
0.9996 9.997E-05 9.997E-05 9.997E-05 9.997E-05
0.9996 9.997E-05 9.997E-05 9.997E-05 9.997E-05
0.9996 9.997E-05 9.997E-05 9.997E-05 9.997E-05
0.9996 9.997E-05 9.997E-05 9.997E-05 9.997E-05
0.9996 9.997E-05 9.997E-05 9.997E-05 9.997E-05
0.9996 9.997E-05 9.997E-05 9.997E-05 9.997E-05
0.9996 9.997E-05 9.997E-05 9.997E-05 9.997E-05
0.9996 9.997E-05 9.997E-05 9.997E-05 9.997E-05
0.9996 9.997E-05 9.997E-05 9.997E-05 9.997E-05
0.9996 9.997E-05 9.997E-05 9.997E-05 9.997E-05
0.9996 9.997E-05 9.997E-05 9.997E-05 9.997E-05
0.9996 9.997E-05 9.997E-05 9.997E-05 9.997E-05
0.9996 9.997E-05 9.997E-05 9.997E-05 9.997E-05
0.9996 9.997E-05 9.997E-05 9.997E-05 9.997E-05
0.9996 9.997E-05 9.997E-05 9.997E-05 9.997E-05
0.9996 9.997E-05 9.997E-05 9.997E-05 9.997E-05
0.9996 9.997E-05 9.997E-05 9.997E-05 9.997E-05
0.9996 9.997E-05 9.997E-05 9.997E-05 9.997E-05
0.9996 9.997E-05 9.997E-05 9.997E-05 9.997E-05
0.9996 9.997E-05 9.997E-05 9.997E-05 9.997E-05
0.9996 9.997E-05 9.997E-05 9.997E-05 9.997E-05
0.9996 9.997E-05 9.997E-05 9.997E-05 9.997E-05
0.9996 9.997E-05 9.997E-05 9.997E-05 9.997E-05
0.9996 9.997E-05 9.997E-05 9.997E-05 9.997E-05
0.9996 9.997E-05 9.997E-05 9.997E-05 9.997E-05
0.9996 9.997E-05 9.997E-05 9.997E-05 9.997E-05
0.9996 9.997E-05 9.997E-05 9.997E-05 9.997E-05
0.9996 9.997E-05 9.997E-05 9.997E-05 9.997E-05
0.9996 9.997E-05 9.997E-05 9.997E-05 9.997E-05
0.9996 9.997E-05 9.997E-05 9.997E-05 9.997E-05
0.9996 9.997E-05 9.997E-05 9.997E-05 9.997E-05
0.9996 9.997E-05 9.997E-05 9.997E-05 9.997E-05
0.9996 9.997E-05 9.997E-05 9.997E-05 9.997E-05
0.9996 9.997E-05 9.997E-05 9.997E-05 9.997E-05
0.9996 9.997E-05 9.997E-05 9.997E-05 9.997E-05
0.9996 9.997E-05 9.997E-05 9.997E-05 9.997E-05
0.9996 9.997E-05 9.997E-05 9.997E-05 9.997E-05
0.9996 9.997E-05 9.997E-05 9.997E-05 9.997E-05
0.9996 9.997E-05 9.997E-05 9.997E-05 9.997E-05
0.9996 9.997E-05 9.997E-05 9.997E-05 9.997E-05
0.9996 9.997E-05 9.997E-05 9.997E-05 9.997E-05
0.9996 9.997E-05 9.997E-05 9.997E-05 9.997E-05
0.9996 9.997E-05 9.997E-05 9.997E-05 9.997E-05
0.9996 9.997E-05 9.997E-05 9.997E-05 9.997E-05
0.9996 9.997E-05 9.997E-05 9.997E-05 9.997E-05
0.9996 9.997E-05 9.997E-05 9.997E-05 9.997E-05
0.9996 9.997E-05 9.997E-05 9.997E-05 9.997E-05
0.9996 9.997E-05 9.997E-05 9.997E-05 9.997E-05
0.9996 9.997E-05 9.997E-05 9.997E-05 9.997E-05
0.9996 9.997E-05 9.997E-05 9.997E-05 9.997E-05
0.9996 9.997E-05 9.997E-05 9.997E-05 9.997E-05
0.9996 9.997E-05 9.997E-05 9.997E-05 9.997E-05
0.9996 9.997E-05 9.997E-05 9.997E-05 9.997E-05
0.9996 9.997E-05 9.997E-05 9.997E-05 9.997E-05
0.9996 9.997E-05 9.997E-05 9.997E-05 9.997E-05
0.9996 9.997E-05 9.997E-05 9.997E-05 9.997E-05
0.9996 9.997E-05 9.997E-05 9.997E-05 9.997E-05
0.9996 9.997E-05 9.997E-05 9.997E-05 9.997E-05
0.9996 9.997E-05 9.997E-05 9.997E-05 9.997E-05
0.9996 9.997E-05 9.997E-05 9.997E-05 9.997E-05
9.997E-05 9.997E-05 9.997E-05 9.997E-05 0.9996
9.997E-05 9.997E-05 9.997E-05 9.997E-05 0.9996
9.997E-05 9.997E-05 9.997E-05 9.997E-05 0.9996
9.997E-05 9.997E-05 9.997E-05 9.997E-05 0.9996
9.997E-05 9.997E-05 9.997E-05 9.997E-05 0.9996
9.997E-05 9.997E-05 9.997E-05 9.997E-05 0.9996
9.997E-05 9.997E-05 9.997E-05 9.997E-05 0.9996
9.997E-05 9.997E-05 9.997E-05 9.997E-05 0.9996
9.997E-05 9.997E-05 9.997E-05 9.997E-05 0.9996
9.997E-05 9.997E-05 9.997E-05 9.997E-05 0.9996
9.997E-05 9.997E-05 9.997E-05 9.997E-05 0.9996
9.997E-05 9.997E-05 9.997E-05 9.997E-05 0.9996
9.997E-05 9.997E-05 9.997E-05 9.997E-05 0.9996
9.997E-05 9.997E-05 9.997E-05 9.997E-05 0.9996
9.997E-05 9.997E-05 9.997E-05 9.997E-05 0.9996
9.997E-05 9.997E-05 9.997E-05 9.997E-05 0.9996
9.997E-05 9.997E-05 9.997E-05 9.997E-05 0.9996
9.997E-05 9.997E-05 9.997E-05 9.997E-05 0.9996
9.997E-05 9.997E-05 9.997E-05 9.997E-05 0.9996
9.997E-05 9.997E-05 9.997E-05 9.997E-05 0.9996
9.997E-05 9.997E-05 9.997E-05 9.997E-05 0.9996
9.997E-05 9.997E-05 9.997E-05 9.997E-05 0.9996
9.997E-05 9.997E-05 9.997E-05 9.997E-05 0.9996
9.997E-05 9.997E-05 9.997E-05 9.997E-05 0.9996
9.997E-05 9.997E-05 9.997E-05 9.997E-05 0.9996
9.997E-05 9.997E-05 9.997E-05 9.997E-05 0.9996
9.997E-05 9.997E-05 9.997E-05 9.997E-05 0.9996
9.997E-05 9.997E-05 9.997E-05 9.997E-05 0.9996
9.997E-05 9.997E-05 9.997E-05 9.997E-05 0.9996
9.997E-05 9.997E-05 9.997E-05 9.997E-05 0.9996
9.997E-05 9.997E-05 9.997E-05 9.997E-05 0.9996
9.997E-05 9.997E-05 9.997E-05 9.997E-05 0.9996
9.997E-05 9.997E-05 9.997E-05 9.997E-05 0.9996
9.997E-05 9.997E-05 9.997E-05 9.997E-05 0.9996
9.997E-05 9.997E-05 9.997E-05 9.997E-05 0.9996
0.00426004 9.99736E-05 9.99736E-05 9.99736E-05 0.99544
9.997E-05 9.997E-05 9.997E-05 9.997E-05 0.9996
9.997E-05 9.997E-05 9.997E-05 9.997E-05 0.9996
9.997E-05 9.997E-05 9.997E-05 9.997E-05 0.9996
9.997E-05 9.997E-05 9.997E-05 9.997E-05 0.9996
9.997E-05 9.997E-05 9.997E-05 9.997E-05 0.9996
9.997E-05 9.997E-05 9.997E-05 9.997E-05 0.9996
9.997E-05 9.997E-05 9.997E-05 9.997E-05 0.9996
0.4233 9.99736E-05 9.99736E-05 9.99736E-05 0.5764
9.997E-05 9.997E-05 9.997E-05 9.997E-05 0.9996
9.997E-05 9.997E-05 9.997E-05 9.997E-05 0.9996
9.997E-05 9.997E-05 9.997E-05 9.997E-05 0.9996
9.997E-05 9.997E-05 9.997E-05 9.997E-05 0.9996
9.997E-05 9.997E-05 9.997E-05 9.997E-05 0.9996
9.997E-05 9.997E-05 9.997E-05 9.997E-05 0.9996
0.272298 9.99736E-05 9.99736E-05 9.99736E-05 0.727402
9.997E-05 9.997E-05 9.997E-05 9.997E-05 0.9996
0.296996 9.99736E-05 9.99736E-05 9.99736E-05 0.702704
0.296316 9.99736E-05 9.99736E-05 9.99736E-05 0.703384
0.296475 9.99736E-05 9.99736E-05 9.99736E-05 0.703225
0.320783 9.99736E-05 9.99736E-05 9.99736E-05 0.678917
0.323088 9.99736E-05 9.99736E-05 9.99736E-05 0.676612
0.351529 9.99736E-05 9.99736E-05 9.99736E-05 0.648171
0.264441 9.99736E-05 9.99736E-05 9.99736E-05 0.735259
0.296316 9.99736E-05 9.99736E-05 9.99736E-05 0.703384
0.34321 9.99736E-05 9.99736E-05 9.99736E-05 0.65649
0.344557 9.99736E-05 9.99736E-05 9.99736E-05 0.655143
0.29994 9.99736E-05 9.99736E-05 9.99736E-05 0.69976
0.349005 9.99736E-05 9.99736E-05 9.99736E-05 0.650695
0.251992 9.99736E-05 9.99736E-05 9.99736E-05 0.747708
0.344598 9.99736E-05 9.99736E-05 9.99736E-05 0.655102
0.298144 9.99736E-05 9.99736E-05 9.99736E-05 0.701556
0.285438 0.481628 9.99824E-05 9.99824E-05 0.232734
0.250955 0.422131 9.99824E-05 9.99824E-05 0.326714
0.386492 0.192596 9.99824E-05 9.99824E-05 0.420712
0.392023 0.370086 9.99824E-05 9.99824E-05 0.237691
0.194713 0.567155 9.99824E-05 9.99824E-05 0.237931
0.295413 0.462046 9.99824E-05 9.99824E-05 0.242341
0.265713 0.46615 9.99824E-05 9.99824E-05 0.267938
0.268788 0.222626 9.99824E-05 9.99824E-05 0.508385
0.238317 0.53294 9.99824E-05 9.99824E-05 0.228543
0.242496 0.452219 9.99824E-05 9.99824E-05 0.305085
0.34689 0.42991 9.99824E-05 9.99824E-05 0.223
0.113908 0.439473 9.99825E-05 9.99825E-05 0.446419
0.412954 0.16887 9.99824E-05 9.99824E-05 0.417976
0.415559 0.138583 9.99824E-05 9.99824E-05 0.445658
0.417635 0.154169 9.99824E-05 9.99824E-05 0.427996
0.388832 0.20937 9.99824E-05 9.99824E-05 0.401598
0.382439 0.219787 9.99824E-05 9.99824E-05 0.397574
0.0166876 0.694618 9.99824E-05 9.99824E-05 0.288494
0.205792 0.569091 9.99824E-05 9.99824E-05 0.224917
0.256351 0.595847 9.99824E-05 9.99824E-05 0.147602
0.0649359 0.728431 0.0207103 9.99912E-05 0.185823
0.192357 0.699373 9.99824E-05 9.99824E-05 0.10807
0.0937413 0.714512 9.99824E-05 9.99824E-05 0.191546
9.99736E-05 0.75221 9.99736E-05 9.99736E-05 0.24749
0.0137883 0.888999 9.99824E-05 9.99824E-05 0.0970123
0.176562 0.798676 0.0245618 9.99824E-05 9.99824E-05
0.197243 0.700417 9.99824E-05 9.99824E-05 0.10214
0.0590503 0.912993 0.0277569 9.99824E-05 9.99824E-05
0.16039 0.769708 0.0169391 9.99912E-05 0.0528633
0.27497 0.72473 9.99736E-05 9.99736E-05 9.99736E-05
0.106581 0.893119 9.99737E-05 9.99737E-05 9.99737E-05
0.115036 0.845554 9.99824E-05 9.99824E-05 0.0392103
9.99825E-05 0.777547 0.0550832 9.99825E-05 0.16717
0.152915 0.846785 9.99736E-05 9.99736E-05 9.99736E-05
0.0854883 0.894503 0.0198093 9.99824E-05 9.99824E-05
0.169032 0.637699 9.99824E-05 9.99824E-05 0.193069
0.00892658 0.941222 9.99824E-05 9.99824E-05 0.0496513
9.99736E-05 0.88251 9.99736E-05 9.99736E-05 0.11719
9.99736E-05 0.938886 9.99736E-05 9.99736E-05 0.060814
9.99736E-05 0.873762 9.99736E-05 9.99736E-05 0.125938
0.0172286 0.815141 0.0969732 9.99912E-05 0.0705569
0.0247243 0.762143 9.99824E-05 9.99824E-05 0.212932
0.0926841 0.678218 9.99824E-05 9.99824E-05 0.228898
0.156682 0.629718 9.99824E-05 9.99824E-05 0.2134
0.13529 0.615737 9.99824E-05 9.99824E-05 0.248773
0.164469 0.758809 9.99824E-05 9.99824E-05 0.0765223
0.0874057 0.912294 9.99736E-05 9.99736E-05 9.99736E-05
9.99736E-05 0.79432 9.99736E-05 9.99736E-05 0.20538
0.276535 0.71193 0.0113356 9.99824E-05 9.99824E-05
0.277543 0.707043 0.0152085 9.99912E-05 0.000105492
9.99736E-05 0.856857 9.99736E-05 9.99736E-05 0.142843
0.0120554 0.956702 9.99824E-05 9.99824E-05 0.0310423
0.00197331 0.856575 9.99824E-05 9.99824E-05 0.141252
0.0813409 0.795775 9.99824E-05 9.99824E-05 0.122684
0.0871817 0.713279 9.99824E-05 9.99824E-05 0.199339
9.99736E-05 0.84466 9.99736E-05 9.99736E-05 0.15504
0.0663299 0.756424 9.99824E-05 9.99824E-05 0.177047
0.0651583 0.462007 0.214053 9.99912E-05 0.258682
9.99736E-05 0.911489 9.99736E-05 9.99736E-05 0.0882115
0.00777504 0.94846 9.99824E-05 9.99824E-05 0.0435647
0.0800826 0.801963 0.0909441 9.99912E-05 0.0269104
9.99736E-05 0.900137 9.99736E-05 9.99736E-05 0.0995633
9.99736E-05 0.747664 9.99736E-05 9.99736E-05 0.252036
9.99736E-05 0.913714 9.99736E-05 9.99736E-05 0.0859865
0.119432 0.701058 9.99825E-05 9.99825E-05 0.179309
9.99736E-05 0.707708 9.99736E-05 9.99736E-05 0.291992
0.0170813 0.901783 9.99824E-05 9.99824E-05 0.0809362
0.0626819 0.50035 0.175529 9.99912E-05 0.261339
0.0517809 0.474199 0.232307 9.99912E-05 0.241613
9.99736E-05 0.813986 9.99736E-05 9.99736E-05 0.185714
9.99736E-05 0.809948 9.99736E-05 9.99736E-05 0.189752
0.0649056 0.514234 0.172649 9.99912E-05 0.248111
0.159322 0.77666 9.99824E-05 9.99824E-05 0.0638182
9.99736E-05 0.848561 9.99736E-05 9.99736E-05 0.151139
9.99736E-05 0.926023 9.99736E-05 9.99736E-05 0.0736775
9.99736E-05 0.861859 9.99736E-05 9.99736E-05 0.137842
0.0117098 0.85242 9.99824E-05 9.99824E-05 0.13567
0.0356016 0.708725 9.99824E-05 9.99824E-05 0.255473
0.0383616 0.701139 9.99824E-05 9.99824E-05 0.260299
9.99736E-05 0.912002 9.99736E-05 9.99736E-05 0.0876983
9.99824E-05 0.853297 0.0343126 9.99824E-05 0.11219
0.0859172 0.566135 0.165542 9.99912E-05 0.182306
9.99736E-05 0.696624 9.99736E-05 9.99736E-05 0.303076
9.99736E-05 0.753351 9.99736E-05 9.99736E-05 0.246349
0.0116057 0.729743 9.99824E-05 9.99824E-05 0.258452
9.99736E-05 0.992353 9.99736E-05 9.99736E-05 0.00734664
9.99737E-05 0.863811 9.99737E-05 9.99737E-05 0.135889
9.99736E-05 0.897957 9.99736E-05 9.99736E-05 0.101743
0.0447903 0.529287 0.202711 9.99912E-05 0.223112
0.0820096 0.91769 9.99736E-05 9.99736E-05 9.99736E-05
0.107853 0.820366 0.0715805 9.99825E-05 9.99825E-05
0.119879 0.834187 0.0365373 9.99912E-05 0.00929702
0.132448 0.825518 9.99824E-05 9.99824E-05 0.0418334
0.0166686 0.754253 9.99824E-05 9.99824E-05 0.228879
0.0303743 0.833319 9.99824E-05 9.99824E-05 0.136106
0.279209 0.720491 9.99736E-05 9.99736E-05 9.99736E-05
0.0741112 0.694518 9.99824E-05 9.99824E-05 0.23117
0.0630013 0.876484 0.0603152 9.99825E-05 9.99825E-05
0.198589 0.752504 0.0487075 9.99824E-05 9.99824E-05
0.192032 0.789239 0.00494928 9.99912E-05 0.0136791
0.0771412 0.876992 0.0456672 9.99824E-05 9.99824E-05
0.0559516 0.646356 0.00995101 9.99912E-05 0.287642
0.188284 0.811416 9.99736E-05 9.99736E-05 9.99736E-05
0.391223 0.608477 9.99736E-05 9.99736E-05 9.99736E-05
0.157813 0.798114 0.0438731 9.99824E-05 9.99824E-05
0.143548 0.770664 0.0855872 9.99824E-05 9.99824E-05
0.203609 0.761465 0.0347259 9.99824E-05 9.99824E-05
0.205192 0.794508 9.99737E-05 9.99737E-05 9.99737E-05
0.187482 0.812218 9.99736E-05 9.99736E-05 9.99736E-05
0.0706448 0.892059 9.99824E-05 9.99824E-05 0.0370967
0.137755 0.836018 0.0260276 9.99825E-05 9.99825E-05
0.178868 0.820833 9.99737E-05 9.99737E-05 9.99737E-05
0.265123 0.627568 0.0207947 9.99912E-05 0.0864136
0.171724 0.801625 9.99824E-05 9.99824E-05 0.0264512
0.278824 0.720876 9.99736E-05 9.99736E-05 9.99736E-05
0.293955 0.705745 9.99736E-05 9.99736E-05 9.99736E-05
0.153998 0.845703 9.99736E-05 9.99736E-05 9.99736E-05
0.314951 0.68475 9.99737E-05 9.99737E-05 9.99737E-05
0.0830926 0.916607 9.99736E-05 9.99736E-05 9.99736E-05
0.290995 0.708705 9.99736E-05 9.99736E-05 9.99736E-05
9.99825E-05 0.673873 0.0875809 9.99825E-05 0.238346
0.117459 0.700326 9.99824E-05 9.99824E-05 0.182015
9.99736E-05 0.949043 9.99736E-05 9.99736E-05 0.0506574
0.0401815 0.739428 9.99824E-05 9.99824E-05 0.22019
9.99737E-05 0.842752 0.156948 9.99737E-05 9.99737E-05
0.0539339 0.682338 9.99824E-05 9.99824E-05 0.263528
0.0040372 0.788953 9.99824E-05 9.99824E-05 0.20681
0.162998 0.770447 9.99824E-05 9.99824E-05 0.0663546
0.153632 0.846068 9.99737E-05 9.99737E-05 9.99737E-05
0.171524 0.822433 9.99824E-05 9.99824E-05 0.00584309
0.155873 0.708352 9.99824E-05 9.99824E-05 0.135575
0.06594 0.930059 0.00380062 9.99824E-05 9.99824E-05
0.0368643 0.962836 9.99736E-05 9.99736E-05 9.99736E-05
0.212178 0.748291 0.0338134 9.99912E-05 0.00561827
0.157398 0.842302 9.99737E-05 9.99737E-05 9.99737E-05
0.167754 0.744049 9.99824E-05 9.99824E-05 0.0879978
9.99736E-05 0.690211 9.99736E-05 9.99736E-05 0.309489
0.040258 0.861381 9.99824E-05 9.99824E-05 0.0981612
0.196688 0.348145 9.99825E-05 9.99825E-05 0.454968
0.141112 0.858588 9.99736E-05 9.99736E-05 9.99736E-05
0.250813 0.748887 9.99736E-05 9.99736E-05 9.99736E-05
9.99736E-05 0.695636 9.99736E-05 9.99736E-05 0.304064
0.107728 0.891972 9.99736E-05 9.99736E-05 9.99736E-05
0.0389404 0.948842 0.012018 9.99824E-05 9.99824E-05
0.169142 0.810971 9.99824E-05 9.99824E-05 0.0196867
0.171822 0.682757 9.99824E-05 9.99824E-05 0.145222
0.0856025 0.716352 9.99824E-05 9.99824E-05 0.197846
0.0666091 0.933091 9.99736E-05 9.99736E-05 9.99736E-05
0.0958702 0.90383 9.99736E-05 9.99736E-05 9.99736E-05
0.110822 0.782868 9.99824E-05 9.99824E-05 0.10611
0.160634 0.738487 9.99824E-05 9.99824E-05 0.100679
0.0591937 0.937807 9.99824E-05 9.99824E-05 0.00279927
0.0795648 0.920135 9.99737E-05 9.99737E-05 9.99737E-05
0.235713 0.763987 9.99736E-05 9.99736E-05 9.99736E-05
0.100457 0.890354 9.99824E-05 9.99824E-05 0.00898871
0.181334 0.818366 9.99736E-05 9.99736E-05 9.99736E-05
0.0163313 0.983369 9.99737E-05 9.99737E-05 9.99737E-05
0.224198 0.762043 0.00768797 9.99912E-05 0.0059712
0.0362752 0.697781 0.0144619 9.99912E-05 0.251382
9.997E-05 0.9996 9.997E-05 9.997E-05 9.997E-05
0.0352587 0.964441 9.99736E-05 9.99736E-05 9.99736E-05
0.196353 0.388939 9.99824E-05 9.99824E-05 0.414508
0.00947968 0.771334 9.99824E-05 9.99824E-05 0.218987
0.0871911 0.912509 9.99736E-05 9.99736E-05 9.99736E-05
0.138767 0.516796 9.99824E-05 9.99824E-05 0.344237
0.403642 0.50248 9.99824E-05 9.99824E-05 0.0936772
0.112864 0.726896 9.99824E-05 9.99824E-05 0.16004
0.18293 0.321749 9.99824E-05 9.99824E-05 0.495121
0.133592 0.776661 9.99824E-05 9.99824E-05 0.0895469
9.99736E-05 0.801535 9.99736E-05 9.99736E-05 0.198165
0.0344452 0.699826 9.99824E-05 9.99824E-05 0.265529
0.16081 0.470848 9.99824E-05 9.99824E-05 0.368141
0.0348347 0.901875 9.99824E-05 9.99824E-05 0.0630907
9.997E-05 0.9996 9.997E-05 9.997E-05 9.997E-05
0.0753093 0.832688 9.99824E-05 9.99824E-05 0.0918032
0.159666 0.72016 9.99824E-05 9.99824E-05 0.119975
0.0552144 0.739645 9.99824E-05 9.99824E-05 0.20494
0.237315 0.444575 9.99824E-05 9.99824E-05 0.31791
0.0737104 0.92599 9.99736E-05 9.99736E-05 9.99736E-05
9.99737E-05 0.95708 9.99737E-05 9.99737E-05 0.0426199
0.0393056 0.620252 9.99824E-05 9.99824E-05 0.340242
0.0802887 0.674175 9.99824E-05 9.99824E-05 0.245337
0.223156 0.564911 9.99824E-05 9.99824E-05 0.211733
0.232112 0.512816 9.99824E-05 9.99824E-05 0.254871
0.19586 0.611256 9.99824E-05 9.99824E-05 0.192684
0.301171 0.242451 9.99824E-05 9.99824E-05 0.456178
9.99736E-05 0.897151 9.99736E-05 9.99736E-05 0.102549
0.264534 0.275676 9.99824E-05 9.99824E-05 0.45959
0.012255 0.851603 9.99824E-05 9.99824E-05 0.135942
9.99738E-05 0.859957 9.99738E-05 9.99738E-05 0.139743
0.0231385 0.865308 9.99824E-05 9.99824E-05 0.111353
0.0378552 0.750824 0.0417631 9.99912E-05 0.169458
9.99736E-05 0.873853 9.99736E-05 9.99736E-05 0.125847
0.0435354 0.838103 9.99824E-05 9.99824E-05 0.118162
0.10364 0.720626 0.14349 9.99912E-05 0.0321445
0.0923028 0.740755 9.99824E-05 9.99824E-05 0.166742
0.0888959 0.749544 9.99824E-05 9.99824E-05 0.16136
0.156752 0.63992 9.99824E-05 9.99824E-05 0.203128
0.133299 0.751492 9.99824E-05 9.99824E-05 0.115009
0.187739 0.811961 9.99736E-05 9.99736E-05 9.99736E-05
0.0446467 0.896085 9.99824E-05 9.99824E-05 0.059068
9.997E-05 0.9996 9.997E-05 9.997E-05 9.997E-05
9.99736E-05 0.768166 9.99736E-05 9.99736E-05 0.231534
0.0310451 0.912727 9.99824E-05 9.99824E-05 0.0560279
9.99737E-05 0.992073 9.99737E-05 9.99737E-05 0.00762672
0.0187075 0.980993 9.99736E-05 9.99736E-05 9.99736E-05
0.0437999 0.547194 9.99824E-05 9.99824E-05 0.408806
0.0233154 0.918984 9.99824E-05 9.99824E-05 0.057501
0.10338 0.877781 0.0186396 9.99824E-05 9.99824E-05
0.0746884 0.698539 9.99824E-05 9.99824E-05 0.226573
