9.98421E-05 0.128704 9.98421E-05 0.230604 9.98421E-05 0.0175551 9.98421E-05 9.98421E-05 9.98421E-05 0.102696 9.98421E-05 0.333339 9.98421E-05 9.98421E-05 0.0861797 0.0291233 9.98421E-05 9.98421E-05 9.98421E-05 9.98421E-05 9.98421E-05 9.98421E-05 9.98421E-05 9.98421E-05 0.0700017 9.98421E-05
0.354553 0.402866 9.98421E-05 0.0412653 9.98421E-05 9.98421E-05 9.98421E-05 9.98421E-05 9.98421E-05 9.98421E-05 9.98421E-05 0.11777 9.98421E-05 0.00222536 9.98421E-05 0.00409526 0.0548468 9.98421E-05 9.98421E-05 9.98421E-05 9.98421E-05 0.0205811 9.98421E-05 9.98421E-05 9.98421E-05 9.98421E-05
0.799575 0.12406 9.98069E-05 0.0157699 9.98069E-05 9.98069E-05 9.98069E-05 9.98069E-05 9.98069E-05 0.0583992 9.98069E-05 9.98069E-05 9.98069E-05 9.98069E-05 9.98069E-05 9.98069E-05 9.98069E-05 9.98069E-05 9.98069E-05 9.98069E-05 9.98069E-05 9.98069E-05 9.98069E-05 9.98069E-05 9.98069E-05 9.98069E-05
9.98334E-05 9.98334E-05 9.98334E-05 0.321062 9.98334E-05 0.0668187 9.98334E-05 9.98334E-05 9.98334E-05 0.0910506 9.98334E-05 9.98334E-05 9.98334E-05 0.0479842 9.98334E-05 0.192947 9.98334E-05 9.98334E-05 0.164444 9.98334E-05 0.113798 9.98334E-05 9.98334E-05 9.98334E-05 9.98334E-05 9.98334E-05
9.97896E-05 0.959724 9.97896E-05 9.97896E-05 9.97896E-05 9.97896E-05 0.0378813 9.97896E-05 9.97896E-05 9.97896E-05 9.97896E-05 9.97896E-05 9.97896E-05 9.97896E-05 9.97896E-05 9.97896E-05 9.97896E-05 9.97896E-05 9.97896E-05 9.97896E-05 9.97896E-05 9.97896E-05 9.97896E-05 9.97896E-05 9.97896E-05 9.97896E-05
9.98248E-05 9.98248E-05 9.98248E-05 0.211414 9.98248E-05 9.98248E-05 0.0745864 9.98248E-05 0.162025 9.98248E-05 0.141926 0.238275 9.98248E-05 9.98248E-05 9.98248E-05 9.98248E-05 9.98248E-05 9.98248E-05 9.98248E-05 9.98248E-05 0.169777 9.98248E-05 9.98248E-05 9.98248E-05 9.98248E-05 9.98248E-05
9.98773E-05 0.331981 9.98773E-05 9.98773E-05 0.0447933 0.0566469 9.98773E-05 9.98773E-05 0.0321504 0.00915882 9.98773E-05 0.123377 9.98773E-05 0.119776 9.98773E-05 0.0453131 0.0483604 9.98773E-05 9.98773E-05 9.98773E-05 9.98773E-05 0.0288867 9.98773E-05 0.0221484 9.98773E-05 0.136009
9.98598E-05 9.98598E-05 9.98598E-05 0.252294 9.98598E-05 9.98598E-05 0.0719998 0.0995785 0.0650693 0.155128 0.133026 0.100315 9.98598E-05 9.98598E-05 0.0505528 9.98598E-05 9.98598E-05 9.98598E-05 9.98598E-05 9.98598E-05 0.0295036 9.98598E-05 9.98598E-05 0.0409355 9.98598E-05 9.98598E-05
9.98421E-05 9.98421E-05 9.98421E-05 0.291077 9.98421E-05 0.184471 0.0228078 9.98421E-05 9.98421E-05 0.0358394 0.214837 9.98421E-05 9.98421E-05 9.98421E-05 9.98421E-05 9.98421E-05 0.0508889 9.98421E-05 9.98421E-05 9.98421E-05 0.042346 9.98421E-05 9.98421E-05 9.98421E-05 0.155936 9.98421E-05
9.97808E-05 0.997505 9.97808E-05 9.97808E-05 9.97808E-05 9.97808E-05 9.97808E-05 9.97808E-05 9.97808E-05 9.97808E-05 9.97808E-05 9.97808E-05 9.97808E-05 9.97808E-05 9.97808E-05 9.97808E-05 9.97808E-05 9.97808E-05 9.97808E-05 9.97808E-05 9.97808E-05 9.97808E-05 9.97808E-05 9.97808E-05 9.97808E-05 9.97808E-05
9.98158E-05 9.98158E-05 9.98158E-05 0.681306 9.98158E-05 9.98158E-05 9.98158E-05 9.98158E-05 9.98158E-05 9.98158E-05 9.98158E-05 0.00146699 9.98158E-05 0.101077 9.98158E-05 9.98158E-05 9.98158E-05 9.98158E-05 9.98158E-05 9.98158E-05 9.98158E-05 9.98158E-05 0.0136399 9.98158E-05 0.200414 9.98158E-05
0.951784 9.97982E-05 9.97982E-05 9.97982E-05 9.97982E-05 9.97982E-05 9.97982E-05 9.97982E-05 0.0389119 9.97982E-05 9.97982E-05 9.97982E-05 9.97982E-05 9.97982E-05 9.97982E-05 9.97982E-05 9.97982E-05 9.97982E-05 9.97982E-05 9.97982E-05 9.97982E-05 9.97982E-05 9.97982E-05 0.00700891 9.97982E-05 9.97982E-05
9.97983E-05 0.142117 9.97983E-05 0.806201 9.97983E-05 9.97983E-05 9.97983E-05 9.97983E-05 9.97983E-05 9.97983E-05 9.97983E-05 9.97983E-05 9.97983E-05 9.97983E-05 9.97983E-05 9.97983E-05 9.97983E-05 9.97983E-05 9.97983E-05 9.97983E-05 9.97983E-05 9.97983E-05 9.97983E-05 9.97983E-05 0.0493865 9.97983E-05
0.264026 9.9842E-05 0.238172 0.291645 9.9842E-05 9.9842E-05 0.0391147 9.9842E-05 9.9842E-05 0.0731053 9.9842E-05 9.9842E-05 9.9842E-05 0.0320825 9.9842E-05 9.9842E-05 9.9842E-05 0.0470927 9.9842E-05 9.9842E-05 9.9842E-05 9.9842E-05 9.9842E-05 9.9842E-05 0.012964 9.9842E-05
9.98684E-05 0.187941 9.98684E-05 0.143621 9.98684E-05 9.98684E-05 9.98684E-05 9.98684E-05 0.0228204 0.0516373 0.0410742 0.167376 9.98684E-05 9.98684E-05 9.98684E-05 9.98684E-05 0.0279112 0.126432 9.98684E-05 9.98684E-05 0.0859929 0.0286171 9.98684E-05 9.98684E-05 0.115079 9.98684E-05
9.98507E-05 9.98507E-05 9.98507E-05 0.243883 9.98507E-05 9.98507E-05 9.98507E-05 0.153622 9.98507E-05 0.059522 0.136058 0.192718 9.98507E-05 9.98507E-05 0.0258031 0.0878532 9.98507E-05 9.98507E-05 0.00448646 9.98507E-05 9.98507E-05 9.98507E-05 9.98507E-05 9.98507E-05 0.0943562 9.98507E-05
0.219451 0.423711 9.98422E-05 0.0259466 0.0893857 9.98422E-05 9.98422E-05 9.98422E-05 9.98422E-05 9.98422E-05 9.98422E-05 9.98422E-05 9.98422E-05 0.0256712 9.98422E-05 9.98422E-05 0.158304 9.98422E-05 9.98422E-05 0.0453919 9.98422E-05 9.98422E-05 9.98422E-05 9.98422E-05 0.0103413 9.98422E-05
9.98597E-05 9.98597E-05 9.98597E-05 0.145601 9.98597E-05 9.98597E-05 9.98597E-05 9.98597E-05 9.98597E-05 0.226266 0.0355721 0.248747 0.0527375 0.026882 9.98597E-05 9.98597E-05 9.98597E-05 9.98597E-05 0.0221459 9.98597E-05 9.98597E-05 9.98597E-05 0.10203 0.0430506 0.0953704 9.98597E-05
9.98244E-05 9.98244E-05 9.98244E-05 0.401661 9.98244E-05 9.98244E-05 9.98244E-05 9.98244E-05 0.120159 0.16997 0.120777 9.98244E-05 9.98244E-05 9.98244E-05 9.98244E-05 9.98244E-05 9.98244E-05 0.00896201 9.98244E-05 9.98244E-05 9.98244E-05 9.98244E-05 9.98244E-05 9.98244E-05 0.176475 9.98244E-05
9.97895E-05 0.0102093 9.97895E-05 0.987396 9.97895E-05 9.97895E-05 9.97895E-05 9.97895E-05 9.97895E-05 9.97895E-05 9.97895E-05 9.97895E-05 9.97895E-05 9.97895E-05 9.97895E-05 9.97895E-05 9.97895E-05 9.97895E-05 9.97895E-05 9.97895E-05 9.97895E-05 9.97895E-05 9.97895E-05 9.97895E-05 9.97895E-05 9.97895E-05
9.98246E-05 9.98246E-05 9.98246E-05 0.633272 9.98246E-05 9.98246E-05 9.98246E-05 0.126032 9.98246E-05 9.98246E-05 0.0857731 9.98246E-05 9.98246E-05 9.98246E-05 9.98246E-05 0.0606076 9.98246E-05 9.98246E-05 9.98246E-05 9.98246E-05 9.98246E-05 9.98246E-05 9.98246E-05 0.0899851 0.00233367 9.98246E-05
9.98247E-05 0.334235 9.98247E-05 9.98247E-05 9.98247E-05 9.98247E-05 0.132104 9.98247E-05 0.0659948 0.242754 0.120218 9.98247E-05 9.98247E-05 9.98247E-05 9.98247E-05 9.98247E-05 9.98247E-05 9.98247E-05 9.98247E-05 9.98247E-05 0.102697 9.98247E-05 9.98247E-05 9.98247E-05 9.98247E-05 9.98247E-05
0.151796 9.98246E-05 9.98246E-05 0.645868 9.98246E-05 9.98246E-05 9.98246E-05 9.98246E-05 9.98246E-05 9.98246E-05 9.98246E-05 0.129379 9.98246E-05 0.000446738 9.98246E-05 9.98246E-05 9.98246E-05 9.98246E-05 9.98246E-05 9.98246E-05 0.00386578 9.98246E-05 9.98246E-05 9.98246E-05 0.066648 9.98246E-05
9.98245E-05 0.218957 9.98245E-05 0.192595 9.98245E-05 0.0831971 9.98245E-05 9.98245E-05 9.98245E-05 0.291642 9.98245E-05 0.00358698 9.98245E-05 9.98245E-05 9.98245E-05 9.98245E-05 9.98245E-05 9.98245E-05 9.98245E-05 9.98245E-05 9.98245E-05 9.98245E-05 9.98245E-05 9.98245E-05 0.208025 9.98245E-05
9.98596E-05 0.109808 9.98596E-05 0.200227 9.98596E-05 9.98596E-05 9.98596E-05 9.98596E-05 9.98596E-05 0.00359737 0.0159379 9.98596E-05 9.98596E-05 0.00239303 9.98596E-05 0.0628102 9.98596E-05 0.130654 0.110484 9.98596E-05 0.138558 9.98596E-05 9.98596E-05 9.98596E-05 0.223933 9.98596E-05
9.98071E-05 0.769926 9.98071E-05 9.98071E-05 9.98071E-05 9.98071E-05 9.98071E-05 9.98071E-05 9.98071E-05 9.98071E-05 9.98071E-05 9.98071E-05 9.98071E-05 9.98071E-05 9.98071E-05 0.110912 9.98071E-05 9.98071E-05 9.98071E-05 9.98071E-05 0.014322 9.98071E-05 9.98071E-05 9.98071E-05 0.102645 9.98071E-05
9.9842E-05 0.104638 9.9842E-05 9.9842E-05 0.0229743 9.9842E-05 9.9842E-05 9.9842E-05 9.9842E-05 0.211777 9.9842E-05 9.9842E-05 9.9842E-05 9.9842E-05 9.9842E-05 9.9842E-05 9.9842E-05 9.9842E-05 0.011711 9.9842E-05 0.260291 0.209448 0.0858437 9.9842E-05 0.0915196 9.9842E-05
9.98161E-05 0.0101747 9.98161E-05 0.826837 9.98161E-05 9.98161E-05 9.98161E-05 0.063734 0.00164485 9.98161E-05 9.98161E-05 9.98161E-05 9.98161E-05 9.98161E-05 9.98161E-05 0.0955132 9.98161E-05 9.98161E-05 9.98161E-05 9.98161E-05 9.98161E-05 9.98161E-05 9.98161E-05 9.98161E-05 9.98161E-05 9.98161E-05
0.356391 0.0577692 9.98422E-05 0.275448 9.98422E-05 9.98422E-05 9.98422E-05 9.98422E-05 9.98422E-05 0.0256882 9.98422E-05 0.0461999 9.98422E-05 9.98422E-05 9.98422E-05 9.98422E-05 9.98422E-05 9.98422E-05 9.98422E-05 9.98422E-05 0.00730569 0.071438 9.98422E-05 9.98422E-05 0.157963 9.98422E-05
0.771988 9.98421E-05 0.0281046 9.98421E-05 9.98421E-05 9.98421E-05 9.98421E-05 9.98421E-05 0.0319403 0.0494466 0.0944027 9.98421E-05 9.98421E-05 0.00122839 9.98421E-05 9.98421E-05 9.98421E-05 9.98421E-05 9.98421E-05 9.98421E-05 9.98421E-05 0.0193772 9.98421E-05 9.98421E-05 0.00171479 9.98421E-05
9.98595E-05 0.00113724 9.98595E-05 0.722975 9.98595E-05 9.98595E-05 9.98595E-05 9.98595E-05 0.0469136 0.0144843 9.98595E-05 0.00458529 9.98595E-05 0.076743 9.98595E-05 9.98595E-05 9.98595E-05 9.98595E-05 0.0132808 9.98595E-05 9.98595E-05 0.103857 0.0132095 9.98595E-05 0.00121668 9.98595E-05
9.98158E-05 9.98158E-05 9.98158E-05 0.715048 9.98158E-05 9.98158E-05 9.98158E-05 9.98158E-05 0.0538437 9.98158E-05 9.98158E-05 9.98158E-05 9.98158E-05 9.98158E-05 9.98158E-05 9.98158E-05 9.98158E-05 9.98158E-05 9.98158E-05 9.98158E-05 0.175184 9.98158E-05 9.98158E-05 9.98158E-05 0.052171 0.0016573
0.200574 9.98596E-05 9.98596E-05 0.290572 9.98596E-05 9.98596E-05 9.98596E-05 0.00447363 9.98596E-05 0.14385 9.98596E-05 0.0677385 0.0144828 0.0486647 9.98596E-05 0.00745041 9.98596E-05 9.98596E-05 9.98596E-05 9.98596E-05 0.125747 9.98596E-05 9.98596E-05 9.98596E-05 0.0948489 9.98596E-05
0.607695 9.98245E-05 9.98245E-05 9.98245E-05 0.0250808 9.98245E-05 9.98245E-05 9.98245E-05 9.98245E-05 0.110374 9.98245E-05 9.98245E-05 9.98245E-05 9.98245E-05 9.98245E-05 9.98245E-05 9.98245E-05 9.98245E-05 9.98245E-05 9.98245E-05 0.0978566 9.98245E-05 0.0133298 9.98245E-05 0.143667 9.98245E-05
0.87961 9.97985E-05 9.97985E-05 9.97985E-05 9.97985E-05 9.97985E-05 9.97985E-05 9.97985E-05 9.97985E-05 9.97985E-05 9.97985E-05 9.97985E-05 9.97985E-05 0.094448 9.97985E-05 9.97985E-05 0.0236464 9.97985E-05 9.97985E-05 9.97985E-05 9.97985E-05 9.97985E-05 9.97985E-05 9.97985E-05 9.97985E-05 9.97985E-05
9.98246E-05 0.0686874 9.98246E-05 0.729537 9.98246E-05 0.0265953 9.98246E-05 9.98246E-05 9.98246E-05 0.00963266 9.98246E-05 9.98246E-05 9.98246E-05 9.98246E-05 9.98246E-05 0.0991455 9.98246E-05 9.98246E-05 9.98246E-05 9.98246E-05 9.98246E-05 0.0644053 9.98246E-05 9.98246E-05 9.98246E-05 9.98246E-05
9.97984E-05 9.97984E-05 9.97984E-05 0.929244 9.97984E-05 9.97984E-05 9.97984E-05 9.97984E-05 0.0424954 9.97984E-05 9.97984E-05 9.97984E-05 9.97984E-05 9.97984E-05 9.97984E-05 9.97984E-05 0.0259657 9.97984E-05 9.97984E-05 9.97984E-05 9.97984E-05 9.97984E-05 9.97984E-05 9.97984E-05 9.97984E-05 9.97984E-05
0.698099 9.98161E-05 9.98161E-05 9.98161E-05 9.98161E-05 9.98161E-05 9.98161E-05 9.98161E-05 9.98161E-05 9.98161E-05 0.0428183 9.98161E-05 0.0243209 9.98161E-05 9.98161E-05 0.176858 0.0558075 9.98161E-05 9.98161E-05 9.98161E-05 9.98161E-05 9.98161E-05 9.98161E-05 9.98161E-05 9.98161E-05 9.98161E-05
0.62974 9.98422E-05 9.98422E-05 9.98422E-05 9.98422E-05 9.98422E-05 0.0417089 9.98422E-05 0.00104577 0.0599104 9.98422E-05 9.98422E-05 9.98422E-05 0.00920423 9.98422E-05 9.98422E-05 0.0437456 9.98422E-05 9.98422E-05 0.0492868 9.98422E-05 9.98422E-05 9.98422E-05 9.98422E-05 0.163561 9.98422E-05
0.551249 9.98245E-05 9.98245E-05 9.98245E-05 9.98245E-05 9.98245E-05 9.98245E-05 0.0835827 0.057487 0.138281 9.98245E-05 9.98245E-05 9.98245E-05 9.98245E-05 9.98245E-05 9.98245E-05 9.98245E-05 9.98245E-05 9.98245E-05 9.98245E-05 0.0643742 9.98245E-05 9.98245E-05 9.98245E-05 0.10303 9.98245E-05
9.97808E-05 0.997505 9.97808E-05 9.97808E-05 9.97808E-05 9.97808E-05 9.97808E-05 9.97808E-05 9.97808E-05 9.97808E-05 9.97808E-05 9.97808E-05 9.97808E-05 9.97808E-05 9.97808E-05 9.97808E-05 9.97808E-05 9.97808E-05 9.97808E-05 9.97808E-05 9.97808E-05 9.97808E-05 9.97808E-05 9.97808E-05 9.97808E-05 9.97808E-05
9.9816E-05 0.813312 9.9816E-05 9.9816E-05 9.9816E-05 0.0186938 9.9816E-05 9.9816E-05 9.9816E-05 0.0237215 9.9816E-05 9.9816E-05 9.9816E-05 9.9816E-05 9.9816E-05 9.9816E-05 9.9816E-05 9.9816E-05 9.9816E-05 9.9816E-05 9.9816E-05 0.0537686 9.9816E-05 9.9816E-05 0.0884083 9.9816E-05
9.97984E-05 0.948951 0.0117587 9.97984E-05 9.97984E-05 9.97984E-05 9.97984E-05 9.97984E-05 0.036995 9.97984E-05 9.97984E-05 9.97984E-05 9.97984E-05 9.97984E-05 9.97984E-05 9.97984E-05 9.97984E-05 9.97984E-05 9.97984E-05 9.97984E-05 9.97984E-05 9.97984E-05 9.97984E-05 9.97984E-05 9.97984E-05 9.97984E-05
0.437389 9.98421E-05 9.98421E-05 9.98421E-05 9.98421E-05 9.98421E-05 9.98421E-05 9.98421E-05 9.98421E-05 0.143323 0.106429 0.153506 9.98421E-05 0.027193 9.98421E-05 0.00671691 0.00602205 9.98421E-05 9.98421E-05 9.98421E-05 9.98421E-05 9.98421E-05 9.98421E-05 9.98421E-05 0.117623 9.98421E-05
0.147445 9.98247E-05 9.98247E-05 0.119958 0.135154 9.98247E-05 0.00828564 9.98247E-05 9.98247E-05 0.390895 9.98247E-05 9.98247E-05 9.98247E-05 9.98247E-05 9.98247E-05 9.98247E-05 9.98247E-05 9.98247E-05 9.98247E-05 9.98247E-05 9.98247E-05 9.98247E-05 9.98247E-05 9.98247E-05 0.196266 9.98247E-05
9.97895E-05 0.926301 9.97895E-05 9.97895E-05 9.97895E-05 9.97895E-05 9.97895E-05 9.97895E-05 9.97895E-05 9.97895E-05 9.97895E-05 9.97895E-05 0.0713038 9.97895E-05 9.97895E-05 9.97895E-05 9.97895E-05 9.97895E-05 9.97895E-05 9.97895E-05 9.97895E-05 9.97895E-05 9.97895E-05 9.97895E-05 9.97895E-05 9.97895E-05
9.98246E-05 0.294695 9.98246E-05 0.619491 9.98246E-05 9.98246E-05 9.98246E-05 9.98246E-05 9.98246E-05 9.98246E-05 0.014217 9.98246E-05 0.0331529 9.98246E-05 9.98246E-05 9.98246E-05 9.98246E-05 9.98246E-05 9.98246E-05 9.98246E-05 9.98246E-05 9.98246E-05 0.0185558 9.98246E-05 0.0178914 9.98246E-05
0.997505 9.97805E-05 9.97805E-05 9.97805E-05 9.97805E-05 9.97805E-05 9.97805E-05 9.97805E-05 9.97805E-05 9.97805E-05 9.97805E-05 9.97805E-05 9.97805E-05 9.97805E-05 9.97805E-05 9.97805E-05 9.97805E-05 9.97805E-05 9.97805E-05 9.97805E-05 9.97805E-05 9.97805E-05 9.97805E-05 9.97805E-05 9.97805E-05 9.97805E-05
9.98157E-05 9.98157E-05 9.98157E-05 0.759258 9.98157E-05 9.98157E-05 9.98157E-05 9.98157E-05 9.98157E-05 0.116249 9.98157E-05 9.98157E-05 9.98157E-05 0.00224167 9.98157E-05 9.98157E-05 9.98157E-05 9.98157E-05 9.98157E-05 9.98157E-05 9.98157E-05 9.98157E-05 9.98157E-05 0.0167907 0.103364 9.98157E-05
0.771749 9.98336E-05 9.98336E-05 0.00585762 9.98336E-05 9.98336E-05 0.0167015 9.98336E-05 0.082035 9.98336E-05 9.98336E-05 9.98336E-05 9.98336E-05 9.98336E-05 9.98336E-05 9.98336E-05 0.00762463 9.98336E-05 9.98336E-05 9.98336E-05 9.98336E-05 9.98336E-05 9.98336E-05 9.98336E-05 0.0218694 0.0922658
9.98595E-05 9.98595E-05 9.98595E-05 0.415915 0.0195365 0.00663717 9.98595E-05 9.98595E-05 9.98595E-05 9.98595E-05 0.0735904 9.98595E-05 9.98595E-05 0.0594359 9.98595E-05 9.98595E-05 9.98595E-05 9.98595E-05 0.0446974 9.98595E-05 0.121181 0.104236 0.0207418 9.98595E-05 0.132431 9.98595E-05
9.98248E-05 0.686842 9.98248E-05 9.98248E-05 0.00489378 9.98248E-05 0.00177821 9.98248E-05 9.98248E-05 0.122927 9.98248E-05 9.98248E-05 0.108187 9.98248E-05 9.98248E-05 0.073376 9.98248E-05 9.98248E-05 9.98248E-05 9.98248E-05 9.98248E-05 9.98248E-05 9.98248E-05 9.98248E-05 9.98248E-05 9.98248E-05
9.97984E-05 0.959908 9.97984E-05 9.97984E-05 9.97984E-05 9.97984E-05 9.97984E-05 9.97984E-05 9.97984E-05 9.97984E-05 9.97984E-05 9.97984E-05 9.97984E-05 9.97984E-05 9.97984E-05 9.97984E-05 9.97984E-05 9.97984E-05 9.97984E-05 9.97984E-05 9.97984E-05 9.97984E-05 0.0123094 9.97984E-05 0.0254874 9.97984E-05
0.832639 9.98158E-05 9.98158E-05 9.98158E-05 9.98158E-05 9.98158E-05 0.0183272 0.10994 9.98158E-05 9.98158E-05 9.98158E-05 9.98158E-05 9.98158E-05 9.98158E-05 9.98158E-05 9.98158E-05 9.98158E-05 9.98158E-05 9.98158E-05 9.98158E-05 9.98158E-05 9.98158E-05 0.0332929 9.98158E-05 9.98158E-05 0.0037052
0.358327 9.98072E-05 9.98072E-05 0.452356 9.98072E-05 9.98072E-05 9.98072E-05 9.98072E-05 9.98072E-05 9.98072E-05 9.98072E-05 9.98072E-05 9.98072E-05 9.98072E-05 9.98072E-05 9.98072E-05 9.98072E-05 0.146872 9.98072E-05 9.98072E-05 9.98072E-05 9.98072E-05 9.98072E-05 9.98072E-05 0.0402494 9.98072E-05
0.632028 0.159995 9.98247E-05 9.98247E-05 9.98247E-05 9.98247E-05 9.98247E-05 9.98247E-05 0.0669412 9.98247E-05 9.98247E-05 9.98247E-05 9.98247E-05 0.0137254 9.98247E-05 9.98247E-05 9.98247E-05 9.98247E-05 0.0468569 9.98247E-05 0.0784579 9.98247E-05 9.98247E-05 9.98247E-05 9.98247E-05 9.98247E-05
9.98069E-05 0.874826 9.98069E-05 9.98069E-05 9.98069E-05 9.98069E-05 9.98069E-05 9.98069E-05 0.0754908 9.98069E-05 0.0252191 9.98069E-05 9.98069E-05 9.98069E-05 9.98069E-05 9.98069E-05 9.98069E-05 9.98069E-05 9.98069E-05 9.98069E-05 9.98069E-05 9.98069E-05 9.98069E-05 9.98069E-05 0.022268 9.98069E-05
9.97984E-05 9.97984E-05 9.97984E-05 0.975171 0.0120188 9.97984E-05 9.97984E-05 9.97984E-05 9.97984E-05 9.97984E-05 9.97984E-05 9.97984E-05 9.97984E-05 0.0105152 9.97984E-05 9.97984E-05 9.97984E-05 9.97984E-05 9.97984E-05 9.97984E-05 9.97984E-05 9.97984E-05 9.97984E-05 9.97984E-05 9.97984E-05 9.97984E-05
0.244524 9.9807E-05 9.9807E-05 0.731706 9.9807E-05 9.9807E-05 9.9807E-05 9.9807E-05 9.9807E-05 9.9807E-05 9.9807E-05 9.9807E-05 9.9807E-05 9.9807E-05 9.9807E-05 9.9807E-05 0.00175139 9.9807E-05 9.9807E-05 9.9807E-05 9.9807E-05 0.0198226 9.9807E-05 9.9807E-05 9.9807E-05 9.9807E-05
9.98244E-05 9.98244E-05 9.98244E-05 9.98244E-05 9.98244E-05 9.98244E-05 9.98244E-05 9.98244E-05 9.98244E-05 9.98244E-05 0.0237304 0.718035 9.98244E-05 0.0299019 9.98244E-05 9.98244E-05 0.0440721 9.98244E-05 9.98244E-05 9.98244E-05 9.98244E-05 9.98244E-05 0.0229352 9.98244E-05 0.159329 9.98244E-05
9.97897E-05 9.97897E-05 9.97897E-05 9.97897E-05 9.97897E-05 9.97897E-05 9.97897E-05 9.97897E-05 9.97897E-05 9.97897E-05 9.97897E-05 0.979994 9.97897E-05 9.97897E-05 9.97897E-05 0.0176112 9.97897E-05 9.97897E-05 9.97897E-05 9.97897E-05 9.97897E-05 9.97897E-05 9.97897E-05 9.97897E-05 9.97897E-05 9.97897E-05
9.97984E-05 9.97984E-05 9.97984E-05 9.97984E-05 9.97984E-05 9.97984E-05 9.97984E-05 9.97984E-05 9.97984E-05 9.97984E-05 9.97984E-05 0.953924 9.97984E-05 0.00903584 9.97984E-05 9.97984E-05 9.97984E-05 9.97984E-05 9.97984E-05 9.97984E-05 9.97984E-05 9.97984E-05 0.0347451 9.97984E-05 9.97984E-05 9.97984E-05
9.9842E-05 9.9842E-05 9.9842E-05 9.9842E-05 9.9842E-05 9.9842E-05 9.9842E-05 9.9842E-05 9.9842E-05 9.9842E-05 0.101974 0.323872 9.9842E-05 0.00915944 9.9842E-05 9.9842E-05 0.222123 9.9842E-05 9.9842E-05 9.9842E-05 0.20029 9.9842E-05 0.0214075 9.9842E-05 0.0338678 0.0855098
9.98418E-05 9.98418E-05 9.98418E-05 9.98418E-05 9.98418E-05 9.98418E-05 9.98418E-05 9.98418E-05 9.98418E-05 0.138482 0.0468639 0.666422 0.0435078 9.98418E-05 9.98418E-05 9.98418E-05 9.98418E-05 0.00826604 9.98418E-05 9.98418E-05 9.98418E-05 9.98418E-05 0.0110773 9.98418E-05 0.0299226 0.0536612
9.98242E-05 9.98242E-05 9.98242E-05 9.98242E-05 9.98242E-05 9.98242E-05 9.98242E-05 9.98242E-05 9.98242E-05 0.0707785 0.068739 0.687354 9.98242E-05 0.00136063 9.98242E-05 9.98242E-05 9.98242E-05 9.98242E-05 9.98242E-05 9.98242E-05 0.0141841 9.98242E-05 9.98242E-05 9.98242E-05 0.155588 9.98242E-05
9.98156E-05 9.98156E-05 9.98156E-05 9.98156E-05 9.98156E-05 9.98156E-05 9.98156E-05 9.98156E-05 9.98156E-05 9.98156E-05 9.98156E-05 0.553008 9.98156E-05 0.000570458 9.98156E-05 0.0644763 0.280888 9.98156E-05 9.98156E-05 9.98156E-05 9.98156E-05 9.98156E-05 9.98156E-05 9.98156E-05 0.0989611 9.98156E-05
9.98331E-05 9.98331E-05 9.98331E-05 9.98331E-05 9.98331E-05 9.98331E-05 9.98331E-05 9.98331E-05 9.98331E-05 9.98331E-05 0.0428305 0.584216 9.98331E-05 9.98331E-05 9.98331E-05 9.98331E-05 0.0488708 9.98331E-05 9.98331E-05 9.98331E-05 0.000405995 9.98331E-05 0.186354 9.98331E-05 0.103806 0.0316195
9.97895E-05 9.97895E-05 9.97895E-05 9.97895E-05 9.97895E-05 9.97895E-05 9.97895E-05 9.97895E-05 9.97895E-05 9.97895E-05 9.97895E-05 0.94862 9.97895E-05 9.97895E-05 9.97895E-05 9.97895E-05 9.97895E-05 9.97895E-05 9.97895E-05 9.97895E-05 9.97895E-05 0.0489855 9.97895E-05 9.97895E-05 9.97895E-05 9.97895E-05
9.97982E-05 9.97982E-05 9.97982E-05 9.97982E-05 9.97982E-05 9.97982E-05 9.97982E-05 9.97982E-05 9.97982E-05 9.97982E-05 9.97982E-05 0.912447 9.97982E-05 0.0381661 9.97982E-05 0.0470915 9.97982E-05 9.97982E-05 9.97982E-05 9.97982E-05 9.97982E-05 9.97982E-05 9.97982E-05 9.97982E-05 9.97982E-05 9.97982E-05
9.98155E-05 9.98155E-05 9.98155E-05 9.98155E-05 9.98155E-05 9.98155E-05 9.98155E-05 9.98155E-05 9.98155E-05 9.98155E-05 0.050181 0.505585 9.98155E-05 0.118837 9.98155E-05 9.98155E-05 9.98155E-05 9.98155E-05 0.0611074 9.98155E-05 9.98155E-05 9.98155E-05 9.98155E-05 9.98155E-05 0.262194 9.98155E-05
9.98682E-05 9.98682E-05 9.98682E-05 9.98682E-05 9.98682E-05 9.98682E-05 9.98682E-05 0.0166361 0.0077234 0.173815 9.98682E-05 0.513233 9.98682E-05 9.98682E-05 0.00499628 0.0199302 0.0615114 0.0774996 0.0320694 9.98682E-05 9.98682E-05 9.98682E-05 9.98682E-05 9.98682E-05 0.0559207 0.0351675
9.9833E-05 9.9833E-05 9.9833E-05 9.9833E-05 9.9833E-05 9.9833E-05 9.9833E-05 0.00518549 9.9833E-05 9.9833E-05 0.13574 0.498559 9.9833E-05 0.113347 0.105037 9.9833E-05 9.9833E-05 9.9833E-05 9.9833E-05 9.9833E-05 0.0272116 9.9833E-05 9.9833E-05 0.113023 9.9833E-05 9.9833E-05
9.98156E-05 9.98156E-05 9.98156E-05 9.98156E-05 9.98156E-05 9.98156E-05 9.98156E-05 9.98156E-05 9.98156E-05 0.133378 9.98156E-05 0.624025 9.98156E-05 9.98156E-05 9.98156E-05 9.98156E-05 0.0095979 9.98156E-05 9.98156E-05 9.98156E-05 9.98156E-05 9.98156E-05 9.98156E-05 0.0532795 0.177623 9.98156E-05
9.97985E-05 9.97985E-05 9.97985E-05 9.97985E-05 9.97985E-05 9.97985E-05 9.97985E-05 9.97985E-05 9.97985E-05 9.97985E-05 9.97985E-05 0.877107 9.97985E-05 9.97985E-05 9.97985E-05 9.97985E-05 9.97985E-05 9.97985E-05 9.97985E-05 9.97985E-05 0.0105117 0.110086 9.97985E-05 9.97985E-05 9.97985E-05 9.97985E-05
9.98072E-05 9.98072E-05 9.98072E-05 9.98072E-05 9.98072E-05 9.98072E-05 9.98072E-05 9.98072E-05 9.98072E-05 9.98072E-05 9.98072E-05 0.86253 9.98072E-05 9.98072E-05 9.98072E-05 0.0732348 9.98072E-05 9.98072E-05 9.98072E-05 0.0156529 9.98072E-05 9.98072E-05 9.98072E-05 9.98072E-05 0.0463867 9.98072E-05
9.98155E-05 9.98155E-05 9.98155E-05 9.98155E-05 9.98155E-05 9.98155E-05 9.98155E-05 9.98155E-05 0.104295 9.98155E-05 9.98155E-05 0.789991 9.98155E-05 9.98155E-05 9.98155E-05 9.98155E-05 9.98155E-05 9.98155E-05 9.98155E-05 9.98155E-05 0.0260241 9.98155E-05 0.0344017 9.98155E-05 9.98155E-05 0.0431926
9.98332E-05 9.98332E-05 9.98332E-05 9.98332E-05 9.98332E-05 9.98332E-05 9.98332E-05 9.98332E-05 0.0511303 0.13605 0.0346486 0.602136 9.98332E-05 0.0721484 0.0679509 0.0340389 9.98332E-05 9.98332E-05 9.98332E-05 9.98332E-05 9.98332E-05 9.98332E-05 9.98332E-05 9.98332E-05 9.98332E-05 9.98332E-05
9.98158E-05 9.98158E-05 9.98158E-05 9.98158E-05 9.98158E-05 9.98158E-05 9.98158E-05 9.98158E-05 9.98158E-05 9.98158E-05 0.0169654 0.84649 9.98158E-05 9.98158E-05 9.98158E-05 9.98158E-05 9.98158E-05 0.000587067 9.98158E-05 9.98158E-05 9.98158E-05 9.98158E-05 0.0683719 9.98158E-05 0.0654891 9.98158E-05
9.98418E-05 9.98418E-05 9.98418E-05 9.98418E-05 9.98418E-05 9.98418E-05 9.98418E-05 0.069933 9.98418E-05 9.98418E-05 9.98418E-05 0.493065 9.98418E-05 0.065885 0.0209309 9.98418E-05 9.98418E-05 9.98418E-05 0.0370089 9.98418E-05 9.98418E-05 0.117982 0.00470649 9.98418E-05 0.188692 9.98418E-05
0.03739 9.97899E-05 9.97899E-05 9.97899E-05 9.97899E-05 9.97899E-05 9.97899E-05 9.97899E-05 9.97899E-05 9.97899E-05 9.97899E-05 0.960215 9.97899E-05 9.97899E-05 9.97899E-05 9.97899E-05 9.97899E-05 9.97899E-05 9.97899E-05 9.97899E-05 9.97899E-05 9.97899E-05 9.97899E-05 9.97899E-05 9.97899E-05 9.97899E-05
9.98068E-05 9.98068E-05 9.98068E-05 9.98068E-05 9.98068E-05 9.98068E-05 9.98068E-05 9.98068E-05 0.0048616 0.260786 9.98068E-05 0.670701 9.98068E-05 9.98068E-05 9.98068E-05 9.98068E-05 9.98068E-05 9.98068E-05 9.98068E-05 9.98068E-05 9.98068E-05 9.98068E-05 9.98068E-05 9.98068E-05 0.061456 9.98068E-05
9.98248E-05 9.98248E-05 9.98248E-05 9.98248E-05 9.98248E-05 9.98248E-05 9.98248E-05 9.98248E-05 9.98248E-05 0.0679514 9.98248E-05 0.61564 9.98248E-05 9.98248E-05 9.98248E-05 9.98248E-05 0.085488 9.98248E-05 9.98248E-05 0.0211864 0.182943 9.98248E-05 9.98248E-05 9.98248E-05 0.0247955 9.98248E-05
9.98246E-05 9.98246E-05 9.98246E-05 9.98246E-05 0.00955354 0.0318202 9.98246E-05 9.98246E-05 0.149225 9.98246E-05 0.0430149 0.724308 9.98246E-05 9.98246E-05 9.98246E-05 9.98246E-05 9.98246E-05 9.98246E-05 9.98246E-05 9.98246E-05 9.98246E-05 9.98246E-05 0.0400825 9.98246E-05 9.98246E-05 9.98246E-05
9.9798E-05 9.9798E-05 9.9798E-05 9.9798E-05 9.9798E-05 9.9798E-05 9.9798E-05 9.9798E-05 9.9798E-05 9.9798E-05 9.9798E-05 0.788035 9.9798E-05 0.106134 0.103535 9.9798E-05 9.9798E-05 9.9798E-05 9.9798E-05 9.9798E-05 9.9798E-05 9.9798E-05 9.9798E-05 9.9798E-05 9.9798E-05 9.9798E-05
0.0164893 9.97987E-05 9.97987E-05 9.97987E-05 9.97987E-05 9.97987E-05 9.97987E-05 9.97987E-05 9.97987E-05 9.97987E-05 0.00585921 0.975356 9.97987E-05 9.97987E-05 9.97987E-05 9.97987E-05 9.97987E-05 9.97987E-05 9.97987E-05 9.97987E-05 9.97987E-05 9.97987E-05 9.97987E-05 9.97987E-05 9.97987E-05 9.97987E-05
9.97809E-05 9.97809E-05 9.97809E-05 9.97809E-05 9.97809E-05 9.97809E-05 9.97809E-05 9.97809E-05 9.97809E-05 9.97809E-05 9.97809E-05 0.997505 9.97809E-05 9.97809E-05 9.97809E-05 9.97809E-05 9.97809E-05 9.97809E-05 9.97809E-05 9.97809E-05 9.97809E-05 9.97809E-05 9.97809E-05 9.97809E-05 9.97809E-05 9.97809E-05
9.97809E-05 9.97809E-05 9.97809E-05 9.97809E-05 9.97809E-05 9.97809E-05 9.97809E-05 9.97809E-05 9.97809E-05 9.97809E-05 9.97809E-05 0.997505 9.97809E-05 9.97809E-05 9.97809E-05 9.97809E-05 9.97809E-05 9.97809E-05 9.97809E-05 9.97809E-05 9.97809E-05 9.97809E-05 9.97809E-05 9.97809E-05 9.97809E-05 9.97809E-05
9.98158E-05 9.98158E-05 9.98158E-05 9.98158E-05 9.98158E-05 9.98158E-05 9.98158E-05 9.98158E-05 9.98158E-05 9.98158E-05 0.00946519 0.869614 9.98158E-05 9.98158E-05 0.014691 9.98158E-05 9.98158E-05 9.98158E-05 9.98158E-05 9.98158E-05 9.98158E-05 9.98158E-05 0.0880124 9.98158E-05 0.0161212 9.98158E-05
0.0291891 9.98247E-05 0.250288 9.98247E-05 9.98247E-05 9.98247E-05 9.98247E-05 9.98247E-05 9.98247E-05 9.98247E-05 0.0493305 0.502872 9.98247E-05 9.98247E-05 9.98247E-05 9.98247E-05 9.98247E-05 9.98247E-05 9.98247E-05 9.98247E-05 9.98247E-05 0.0654793 9.98247E-05 9.98247E-05 0.100844 9.98247E-05
9.97984E-05 9.97984E-05 9.97984E-05 9.97984E-05 9.97984E-05 9.97984E-05 9.97984E-05 9.97984E-05 9.97984E-05 9.97984E-05 0.0916771 9.97984E-05 9.97984E-05 9.97984E-05 9.97984E-05 9.97984E-05 9.97984E-05 9.97984E-05 9.97984E-05 9.97984E-05 0.807536 9.97984E-05 9.97984E-05 9.97984E-05 0.0984918 9.97984E-05
9.9807E-05 9.9807E-05 0.68994 9.9807E-05 9.9807E-05 9.9807E-05 9.9807E-05 9.9807E-05 9.9807E-05 9.9807E-05 0.00133096 9.9807E-05 9.9807E-05 9.9807E-05 9.9807E-05 9.9807E-05 9.9807E-05 9.9807E-05 9.9807E-05 9.9807E-05 0.302674 9.9807E-05 9.9807E-05 9.9807E-05 0.00385899 9.9807E-05
9.98069E-05 9.98069E-05 9.98069E-05 9.98069E-05 9.98069E-05 9.98069E-05 0.0238411 9.98069E-05 9.98069E-05 0.0146656 9.98069E-05 9.98069E-05 9.98069E-05 9.98069E-05 9.98069E-05 9.98069E-05 9.98069E-05 9.98069E-05 9.98069E-05 9.98069E-05 0.917156 9.98069E-05 9.98069E-05 9.98069E-05 0.0421414 9.98069E-05
9.98069E-05 9.98069E-05 9.98069E-05 9.98069E-05 9.98069E-05 9.98069E-05 9.98069E-05 9.98069E-05 9.98069E-05 9.98069E-05 9.98069E-05 9.98069E-05 9.98069E-05 0.0412285 9.98069E-05 9.98069E-05 9.98069E-05 9.98069E-05 9.98069E-05 9.98069E-05 0.795865 9.98069E-05 0.0203403 9.98069E-05 0.140371 9.98069E-05
9.98068E-05 9.98068E-05 9.98068E-05 9.98068E-05 9.98068E-05 0.0278659 9.98068E-05 9.98068E-05 9.98068E-05 9.98068E-05 0.0460872 9.98068E-05 9.98068E-05 9.98068E-05 9.98068E-05 9.98068E-05 9.98068E-05 9.98068E-05 9.98068E-05 9.98068E-05 0.918376 9.98068E-05 9.98068E-05 9.98068E-05 9.98068E-05 0.00547535
9.98158E-05 9.98158E-05 9.98158E-05 9.98158E-05 9.98158E-05 9.98158E-05 9.98158E-05 9.98158E-05 9.98158E-05 9.98158E-05 0.139358 9.98158E-05 9.98158E-05 9.98158E-05 9.98158E-05 0.0634894 0.0804238 9.98158E-05 9.98158E-05 9.98158E-05 0.596294 9.98158E-05 9.98158E-05 9.98158E-05 0.118338 9.98158E-05
9.98158E-05 9.98158E-05 9.98158E-05 9.98158E-05 9.98158E-05 9.98158E-05 9.98158E-05 9.98158E-05 9.98158E-05 0.0421355 0.0333202 9.98158E-05 9.98158E-05 0.0540192 9.98158E-05 9.98158E-05 9.98158E-05 9.98158E-05 9.98158E-05 9.98158E-05 0.791534 9.98158E-05 9.98158E-05 9.98158E-05 0.0768946 9.98158E-05
9.97894E-05 9.97894E-05 9.97894E-05 9.97894E-05 9.97894E-05 9.97894E-05 9.97894E-05 9.97894E-05 9.97894E-05 9.97894E-05 0.16784 9.97894E-05 9.97894E-05 9.97894E-05 9.97894E-05 9.97894E-05 9.97894E-05 9.97894E-05 9.97894E-05 9.97894E-05 0.829765 9.97894E-05 9.97894E-05 9.97894E-05 9.97894E-05 9.97894E-05
9.98156E-05 9.98156E-05 9.98156E-05 9.98156E-05 9.98156E-05 9.98156E-05 9.98156E-05 9.98156E-05 9.98156E-05 9.98156E-05 0.317879 9.98156E-05 9.98156E-05 9.98156E-05 9.98156E-05 9.98156E-05 0.177968 9.98156E-05 9.98156E-05 9.98156E-05 0.397297 0.102362 9.98156E-05 9.98156E-05 0.00239714 9.98156E-05
9.9807E-05 9.9807E-05 9.9807E-05 9.9807E-05 0.0394792 9.9807E-05 9.9807E-05 9.9807E-05 9.9807E-05 9.9807E-05 0.232551 9.9807E-05 9.9807E-05 9.9807E-05 9.9807E-05 9.9807E-05 9.9807E-05 9.9807E-05 9.9807E-05 9.9807E-05 0.490803 9.9807E-05 9.9807E-05 9.9807E-05 0.234971 9.9807E-05
9.98071E-05 9.98071E-05 9.98071E-05 9.98071E-05 9.98071E-05 9.98071E-05 9.98071E-05 9.98071E-05 9.98071E-05 9.98071E-05 9.98071E-05 9.98071E-05 9.98071E-05 9.98071E-05 9.98071E-05 9.98071E-05 0.191685 9.98071E-05 9.98071E-05 0.319616 0.469664 9.98071E-05 9.98071E-05 9.98071E-05 0.0168403 9.98071E-05
9.98334E-05 9.98334E-05 0.0574383 0.0114325 9.98334E-05 9.98334E-05 9.98334E-05 9.98334E-05 9.98334E-05 9.98334E-05 9.98334E-05 9.98334E-05 0.0172249 0.0150609 9.98334E-05 9.98334E-05 0.162677 9.98334E-05 9.98334E-05 9.98334E-05 0.70947 9.98334E-05 9.98334E-05 9.98334E-05 0.0248 9.98334E-05
9.97985E-05 9.97985E-05 0.0593831 9.97985E-05 9.97985E-05 9.97985E-05 9.97985E-05 9.97985E-05 9.97985E-05 9.97985E-05 0.0596779 9.97985E-05 9.97985E-05 9.97985E-05 9.97985E-05 9.97985E-05 9.97985E-05 9.97985E-05 9.97985E-05 9.97985E-05 0.878644 9.97985E-05 9.97985E-05 9.97985E-05 9.97985E-05 9.97985E-05
9.9816E-05 9.9816E-05 9.9816E-05 9.9816E-05 9.9816E-05 0.0321162 9.9816E-05 9.9816E-05 9.9816E-05 9.9816E-05 0.159675 9.9816E-05 9.9816E-05 9.9816E-05 9.9816E-05 9.9816E-05 9.9816E-05 9.9816E-05 9.9816E-05 0.122 0.558629 9.9816E-05 9.9816E-05 9.9816E-05 0.125484 9.9816E-05
9.98247E-05 9.98247E-05 9.98247E-05 9.98247E-05 0.0480751 9.98247E-05 9.98247E-05 9.98247E-05 9.98247E-05 9.98247E-05 0.0640684 9.98247E-05 9.98247E-05 0.0111761 9.98247E-05 9.98247E-05 9.98247E-05 9.98247E-05 9.98247E-05 0.128125 0.622069 9.98247E-05 0.12449 9.98247E-05 9.98247E-05 9.98247E-05
9.98422E-05 9.98422E-05 9.98422E-05 9.98422E-05 0.0739167 9.98422E-05 0.024961 9.98422E-05 9.98422E-05 9.98422E-05 0.0175886 9.98422E-05 9.98422E-05 0.0322706 9.98422E-05 9.98422E-05 0.0629839 9.98422E-05 9.98422E-05 9.98422E-05 0.601222 0.140381 9.98422E-05 9.98422E-05 0.0448785 9.98422E-05
9.98159E-05 9.98159E-05 0.0708839 9.98159E-05 9.98159E-05 9.98159E-05 9.98159E-05 9.98159E-05 9.98159E-05 9.98159E-05 9.98159E-05 9.98159E-05 0.028041 9.98159E-05 9.98159E-05 9.98159E-05 0.249966 9.98159E-05 9.98159E-05 9.98159E-05 0.567224 9.98159E-05 9.98159E-05 9.98159E-05 0.0817885 9.98159E-05
9.98161E-05 9.98161E-05 9.98161E-05 9.98161E-05 0.187896 9.98161E-05 9.98161E-05 9.98161E-05 9.98161E-05 0.00691022 0.088705 9.98161E-05 9.98161E-05 9.98161E-05 9.98161E-05 9.98161E-05 9.98161E-05 9.98161E-05 9.98161E-05 0.00921527 0.705177 9.98161E-05 9.98161E-05 9.98161E-05 9.98161E-05 9.98161E-05
9.98072E-05 9.98072E-05 9.98072E-05 9.98072E-05 9.98072E-05 9.98072E-05 0.0199713 9.98072E-05 9.98072E-05 9.98072E-05 9.98072E-05 9.98072E-05 9.98072E-05 0.0263075 9.98072E-05 9.98072E-05 9.98072E-05 9.98072E-05 9.98072E-05 0.0991043 0.852421 9.98072E-05 9.98072E-05 9.98072E-05 9.98072E-05 9.98072E-05
9.98421E-05 9.98421E-05 0.280533 9.98421E-05 9.98421E-05 9.98421E-05 9.98421E-05 9.98421E-05 9.98421E-05 9.98421E-05 0.093686 9.98421E-05 0.0417858 0.0182159 9.98421E-05 9.98421E-05 9.98421E-05 9.98421E-05 0.113719 9.98421E-05 0.35047 0.0557975 9.98421E-05 9.98421E-05 0.0439958 9.98421E-05
9.98246E-05 9.98246E-05 9.98246E-05 9.98246E-05 0.0200504 9.98246E-05 9.98246E-05 9.98246E-05 9.98246E-05 9.98246E-05 0.00390454 9.98246E-05 9.98246E-05 9.98246E-05 9.98246E-05 9.98246E-05 0.143512 9.98246E-05 9.98246E-05 0.0740231 0.6601 9.98246E-05 9.98246E-05 9.98246E-05 0.0964136 9.98246E-05
9.97895E-05 9.97895E-05 9.97895E-05 9.97895E-05 9.97895E-05 9.97895E-05 9.97895E-05 9.97895E-05 9.97895E-05 9.97895E-05 0.027667 9.97895E-05 9.97895E-05 9.97895E-05 9.97895E-05 9.97895E-05 9.97895E-05 9.97895E-05 9.97895E-05 9.97895E-05 0.969938 9.97895E-05 9.97895E-05 9.97895E-05 9.97895E-05 9.97895E-05
9.98158E-05 9.98158E-05 9.98158E-05 9.98158E-05 9.98158E-05 9.98158E-05 9.98158E-05 9.98158E-05 9.98158E-05 9.98158E-05 0.221854 9.98158E-05 0.0550048 9.98158E-05 9.98158E-05 9.98158E-05 0.0641227 9.98158E-05 9.98158E-05 9.98158E-05 0.479121 9.98158E-05 9.98158E-05 9.98158E-05 0.177802 9.98158E-05
9.98072E-05 9.98072E-05 0.207366 9.98072E-05 9.98072E-05 9.98072E-05 0.0137811 9.98072E-05 9.98072E-05 9.98072E-05 0.153063 9.98072E-05 9.98072E-05 9.98072E-05 9.98072E-05 9.98072E-05 9.98072E-05 9.98072E-05 9.98072E-05 9.98072E-05 0.623594 9.98072E-05 9.98072E-05 9.98072E-05 9.98072E-05 9.98072E-05
9.9842E-05 9.9842E-05 9.9842E-05 9.9842E-05 9.9842E-05 0.0162294 9.9842E-05 9.9842E-05 0.0137452 9.9842E-05 0.121853 9.9842E-05 0.133531 9.9842E-05 9.9842E-05 9.9842E-05 0.0837541 9.9842E-05 9.9842E-05 9.9842E-05 0.387505 9.9842E-05 9.9842E-05 0.10079 0.140794 9.9842E-05
9.9851E-05 9.9851E-05 0.108773 9.9851E-05 9.9851E-05 9.9851E-05 9.9851E-05 0.0201482 9.9851E-05 9.9851E-05 0.126185 0.0779368 9.9851E-05 9.9851E-05 0.0165465 9.9851E-05 0.0524159 9.9851E-05 9.9851E-05 0.0751863 0.436023 9.9851E-05 9.9851E-05 9.9851E-05 0.0850868 9.9851E-05
9.98246E-05 9.98246E-05 0.800128 9.98246E-05 9.98246E-05 0.0741681 0.0402441 9.98246E-05 9.98246E-05 9.98246E-05 9.98246E-05 9.98246E-05 9.98246E-05 9.98246E-05 9.98246E-05 9.98246E-05 9.98246E-05 9.98246E-05 9.98246E-05 9.98246E-05 0.0375119 9.98246E-05 9.98246E-05 9.98246E-05 0.0242878 0.0216635
9.98067E-05 9.98067E-05 9.98067E-05 9.98067E-05 9.98067E-05 9.98067E-05 9.98067E-05 9.98067E-05 9.98067E-05 9.98067E-05 0.110922 9.98067E-05 0.0276363 9.98067E-05 9.98067E-05 9.98067E-05 9.98067E-05 9.98067E-05 9.98067E-05 9.98067E-05 0.726484 9.98067E-05 9.98067E-05 9.98067E-05 0.132762 9.98067E-05
9.98073E-05 9.98073E-05 9.98073E-05 9.98073E-05 9.98073E-05 9.98073E-05 9.98073E-05 9.98073E-05 9.98073E-05 9.98073E-05 0.187574 9.98073E-05 9.98073E-05 9.98073E-05 9.98073E-05 9.98073E-05 0.0429337 9.98073E-05 9.98073E-05 9.98073E-05 0.49235 9.98073E-05 9.98073E-05 9.98073E-05 0.274947 9.98073E-05
9.98159E-05 9.98159E-05 0.0883436 9.98159E-05 9.98159E-05 9.98159E-05 0.19037 9.98159E-05 9.98159E-05 9.98159E-05 9.98159E-05 9.98159E-05 9.98159E-05 0.0226343 9.98159E-05 9.98159E-05 9.98159E-05 9.98159E-05 9.98159E-05 9.98159E-05 0.657774 9.98159E-05 9.98159E-05 9.98159E-05 0.0387818 9.98159E-05
9.98248E-05 9.98248E-05 9.98248E-05 9.98248E-05 9.98248E-05 9.98248E-05 9.98248E-05 0.0137976 9.98248E-05 9.98248E-05 0.021096 9.98248E-05 9.98248E-05 0.0268048 9.98248E-05 9.98248E-05 0.0153673 9.98248E-05 9.98248E-05 9.98248E-05 0.738927 9.98248E-05 9.98248E-05 9.98248E-05 0.182011 9.98248E-05
9.9807E-05 9.9807E-05 9.9807E-05 9.9807E-05 9.9807E-05 9.9807E-05 9.9807E-05 0.0811001 9.9807E-05 9.9807E-05 9.9807E-05 9.9807E-05 9.9807E-05 0.0127424 9.9807E-05 9.9807E-05 9.9807E-05 9.9807E-05 9.9807E-05 9.9807E-05 0.902499 9.9807E-05 9.9807E-05 9.9807E-05 0.0014631 9.9807E-05
9.98156E-05 9.98156E-05 9.98156E-05 9.98156E-05 9.98156E-05 9.98156E-05 0.146515 9.98156E-05 9.98156E-05 9.98156E-05 0.185874 9.98156E-05 0.136266 9.98156E-05 9.98156E-05 9.98156E-05 9.98156E-05 9.98156E-05 9.98156E-05 9.98156E-05 0.446518 9.98156E-05 9.98156E-05 9.98156E-05 0.0827313 9.98156E-05
9.98331E-05 9.98331E-05 9.98331E-05 9.98331E-05 9.98331E-05 9.98331E-05 9.98331E-05 9.98331E-05 9.98331E-05 0.0519178 0.0153976 9.98331E-05 0.0445999 9.98331E-05 9.98331E-05 9.98331E-05 9.98331E-05 0.0745571 9.98331E-05 9.98331E-05 0.680586 0.00819258 9.98331E-05 9.98331E-05 0.122853 9.98331E-05
9.97984E-05 9.97984E-05 0.0152404 9.97984E-05 9.97984E-05 9.97984E-05 9.97984E-05 9.97984E-05 9.97984E-05 9.97984E-05 9.97984E-05 9.97984E-05 9.97984E-05 9.97984E-05 9.97984E-05 9.97984E-05 9.97984E-05 9.97984E-05 9.97984E-05 9.97984E-05 0.933121 9.97984E-05 9.97984E-05 9.97984E-05 0.0493428 9.97984E-05
9.98157E-05 9.98157E-05 9.98157E-05 9.98157E-05 0.0762782 9.98157E-05 9.98157E-05 9.98157E-05 9.98157E-05 9.98157E-05 0.0318812 9.98157E-05 9.98157E-05 9.98157E-05 9.98157E-05 9.98157E-05 9.98157E-05 9.98157E-05 9.98157E-05 0.191357 0.543516 0.154872 9.98157E-05 9.98157E-05 9.98157E-05 9.98157E-05
9.98069E-05 9.98069E-05 9.98069E-05 9.98069E-05 9.98069E-05 9.98069E-05 9.98069E-05 9.98069E-05 9.98069E-05 9.98069E-05 0.0560539 9.98069E-05 9.98069E-05 9.98069E-05 0.0286889 9.98069E-05 9.98069E-05 9.98069E-05 9.98069E-05 9.98069E-05 0.663258 9.98069E-05 9.98069E-05 9.98069E-05 0.249804 9.98069E-05
9.9807E-05 9.9807E-05 9.9807E-05 9.9807E-05 0.0245596 9.9807E-05 9.9807E-05 9.9807E-05 9.9807E-05 9.9807E-05 0.0147817 9.9807E-05 9.9807E-05 9.9807E-05 9.9807E-05 9.9807E-05 9.9807E-05 9.9807E-05 9.9807E-05 0.639901 0.318562 9.9807E-05 9.9807E-05 9.9807E-05 9.9807E-05 9.9807E-05
9.98072E-05 9.98072E-05 9.98072E-05 9.98072E-05 9.98072E-05 9.98072E-05 9.98072E-05 9.98072E-05 9.98072E-05 9.98072E-05 9.98072E-05 9.98072E-05 0.0052553 9.98072E-05 9.98072E-05 9.98072E-05 9.98072E-05 9.98072E-05 9.98072E-05 0.258366 0.666643 9.98072E-05 9.98072E-05 9.98072E-05 0.0675404 9.98072E-05
9.97987E-05 9.97987E-05 0.346527 9.97987E-05 9.97987E-05 9.97987E-05 0.00333119 9.97987E-05 9.97987E-05 9.97987E-05 9.97987E-05 9.97987E-05 9.97987E-05 9.97987E-05 9.97987E-05 9.97987E-05 9.97987E-05 9.97987E-05 9.97987E-05 9.97987E-05 0.647847 9.97987E-05 9.97987E-05 9.97987E-05 9.97987E-05 9.97987E-05
9.98423E-05 9.98423E-05 9.98423E-05 9.98423E-05 9.98423E-05 9.98423E-05 9.98423E-05 9.98423E-05 9.98423E-05 9.98423E-05 0.000650468 9.98423E-05 0.0408877 0.0379026 0.0329035 0.0120396 9.98423E-05 9.98423E-05 9.98423E-05 0.534741 0.336233 9.98423E-05 0.00284555 9.98423E-05 9.98423E-05 9.98423E-05
9.98069E-05 9.98069E-05 9.98069E-05 9.98069E-05 9.98069E-05 9.98069E-05 9.98069E-05 9.98069E-05 9.98069E-05 9.98069E-05 0.0430522 9.98069E-05 9.98069E-05 9.98069E-05 9.98069E-05 9.98069E-05 0.0705351 9.98069E-05 9.98069E-05 9.98069E-05 0.613701 9.98069E-05 9.98069E-05 9.98069E-05 0.270516 9.98069E-05
9.9807E-05 9.9807E-05 9.9807E-05 9.9807E-05 9.9807E-05 9.9807E-05 9.9807E-05 9.9807E-05 9.9807E-05 9.9807E-05 0.120516 9.9807E-05 9.9807E-05 9.9807E-05 9.9807E-05 9.9807E-05 9.9807E-05 0.0791983 9.9807E-05 9.9807E-05 0.777604 0.0204867 9.9807E-05 9.9807E-05 9.9807E-05 9.9807E-05
9.9807E-05 9.9807E-05 0.773562 9.9807E-05 9.9807E-05 9.9807E-05 9.9807E-05 9.9807E-05 9.9807E-05 9.9807E-05 0.132734 9.9807E-05 0.0308836 9.9807E-05 9.9807E-05 9.9807E-05 9.9807E-05 9.9807E-05 9.9807E-05 9.9807E-05 9.9807E-05 9.9807E-05 9.9807E-05 9.9807E-05 0.0606247 9.9807E-05
9.97984E-05 0.00134833 0.479473 9.97984E-05 9.97984E-05 9.97984E-05 9.97984E-05 9.97984E-05 9.97984E-05 9.97984E-05 9.97984E-05 9.97984E-05 9.97984E-05 9.97984E-05 9.97984E-05 9.97984E-05 9.97984E-05 9.97984E-05 9.97984E-05 9.97984E-05 0.516883 9.97984E-05 9.97984E-05 9.97984E-05 9.97984E-05 9.97984E-05
