0.0799845 0.0134157 9.98158E-05 0.0781021 9.98158E-05 9.98158E-05 9.98158E-05 9.98158E-05 9.98158E-05 9.98158E-05 9.98158E-05 0.000518823 9.98158E-05 0.0541482 9.98158E-05 9.98158E-05 0.183243 0.241653 9.98158E-05 9.98158E-05 9.98158E-05 9.98158E-05 9.98158E-05 9.98158E-05 0.302533 0.0443058 9.98158E-05 9.98158E-05 9.98158E-05 9.98158E-05
0.30157 0.110049 9.97984E-05 0.0324749 9.97984E-05 0.0573313 9.97984E-05 9.97984E-05 9.97984E-05 9.97984E-05 9.97984E-05 9.97984E-05 9.97984E-05 9.97984E-05 9.97984E-05 0.000968661 9.97984E-05 0.0932291 9.97984E-05 9.97984E-05 9.97984E-05 9.97984E-05 9.97984E-05 9.97984E-05 0.402081 9.97984E-05 9.97984E-05 9.97984E-05 9.97984E-05 9.97984E-05
9.97634E-05 9.97634E-05 9.97634E-05 9.97634E-05 9.97634E-05 9.97634E-05 9.97634E-05 9.97634E-05 9.97634E-05 9.97634E-05 9.97634E-05 9.97634E-05 9.97634E-05 9.97634E-05 9.97634E-05 9.97634E-05 9.97634E-05 9.97634E-05 9.97634E-05 9.97634E-05 9.97634E-05 9.97634E-05 9.97634E-05 9.97634E-05 0.901327 9.97634E-05 0.0760801 9.97634E-05 0.0198997 9.97634E-05
0.277699 9.98421E-05 0.022311 0.0529742 0.134843 9.98421E-05 9.98421E-05 9.98421E-05 9.98421E-05 0.0136225 9.98421E-05 0.0133633 9.98421E-05 0.0230314 9.98421E-05 0.055096 0.111398 9.98421E-05 9.98421E-05 0.0333235 9.98421E-05 9.98421E-05 9.98421E-05 9.98421E-05 9.98421E-05 0.00398973 9.98421E-05 0.256552 9.98421E-05 9.98421E-05
0.798497 9.97809E-05 9.97809E-05 9.97809E-05 9.97809E-05 9.97809E-05 9.97809E-05 9.97809E-05 9.97809E-05 0.0478056 9.97809E-05 9.97809E-05 9.97809E-05 9.97809E-05 9.97809E-05 9.97809E-05 0.0331545 9.97809E-05 9.97809E-05 0.104031 9.97809E-05 9.97809E-05 9.97809E-05 9.97809E-05 9.97809E-05 9.97809E-05 9.97809E-05 9.97809E-05 9.97809E-05 0.0140173
0.135289 9.98159E-05 0.00964142 9.98159E-05 9.98159E-05 9.98159E-05 9.98159E-05 9.98159E-05 9.98159E-05 0.177772 9.98159E-05 9.98159E-05 9.98159E-05 9.98159E-05 9.98159E-05 9.98159E-05 9.98159E-05 0.231871 0.0190613 0.170636 9.98159E-05 0.111502 0.0688287 9.98159E-05 0.0733034 9.98159E-05 9.98159E-05 9.98159E-05 9.98159E-05 9.98159E-05
0.212368 0.12219 9.98598E-05 0.0559809 9.98598E-05 0.00761741 9.98598E-05 9.98598E-05 9.98598E-05 0.0545994 0.015575 0.0636078 0.111174 9.98598E-05 9.98598E-05 9.98598E-05 0.0890702 0.0225181 0.0377295 9.98598E-05 9.98598E-05 9.98598E-05 9.98598E-05 0.00681796 0.134003 9.98598E-05 9.98598E-05 9.98598E-05 0.0651503 9.98598E-05
0.314998 9.98247E-05 0.0485687 9.98247E-05 9.98247E-05 9.98247E-05 9.98247E-05 9.98247E-05 9.98247E-05 0.0581792 0.149146 9.98247E-05 9.98247E-05 0.037499 9.98247E-05 9.98247E-05 0.155962 0.0318326 0.0271391 9.98247E-05 9.98247E-05 0.143245 9.98247E-05 9.98247E-05 9.98247E-05 9.98247E-05 9.98247E-05 9.98247E-05 9.98247E-05 0.0314333
0.146064 9.97983E-05 9.97983E-05 9.97983E-05 9.97983E-05 9.97983E-05 9.97983E-05 9.97983E-05 9.97983E-05 9.97983E-05 9.97983E-05 0.11411 9.97983E-05 9.97983E-05 9.97983E-05 9.97983E-05 9.97983E-05 9.97983E-05 9.97983E-05 0.0408655 9.97983E-05 0.234054 9.97983E-05 0.0939351 0.149346 0.21933 9.97983E-05 9.97983E-05 9.97983E-05 9.97983E-05
9.97544E-05 9.97544E-05 9.97544E-05 9.97544E-05 9.97544E-05 9.97544E-05 9.97544E-05 9.97544E-05 9.97544E-05 9.97544E-05 9.97544E-05 9.97544E-05 9.97544E-05 9.97544E-05 9.97544E-05 9.97544E-05 9.97544E-05 9.97544E-05 9.97544E-05 9.97544E-05 9.97544E-05 9.97544E-05 9.97544E-05 9.97544E-05 0.958138 0.0390685 9.97544E-05 9.97544E-05 9.97544E-05 9.97544E-05
0.389524 9.97983E-05 9.97983E-05 0.0973519 0.098929 9.97983E-05 9.97983E-05 9.97983E-05 9.97983E-05 9.97983E-05 9.97983E-05 9.97983E-05 9.97983E-05 9.97983E-05 9.97983E-05 9.97983E-05 0.0297588 0.143901 9.97983E-05 9.97983E-05 9.97983E-05 9.97983E-05 9.97983E-05 9.97983E-05 0.126452 0.111787 9.97983E-05 9.97983E-05 9.97983E-05 9.97983E-05
9.97897E-05 9.97897E-05 9.97897E-05 9.97897E-05 9.97897E-05 9.97897E-05 9.97897E-05 0.0117612 9.97897E-05 0.0812249 9.97897E-05 9.97897E-05 9.97897E-05 9.97897E-05 9.97897E-05 9.97897E-05 9.97897E-05 0.0134257 9.97897E-05 9.97897E-05 9.97897E-05 9.97897E-05 9.97897E-05 9.97897E-05 0.871733 0.0166154 9.97897E-05 0.00284494 9.97897E-05 9.97897E-05
0.778708 9.97895E-05 9.97895E-05 9.97895E-05 9.97895E-05 9.97895E-05 0.0597658 9.97895E-05 9.97895E-05 9.97895E-05 9.97895E-05 9.97895E-05 9.97895E-05 9.97895E-05 9.97895E-05 9.97895E-05 0.0124123 9.97895E-05 9.97895E-05 9.97895E-05 9.97895E-05 0.0420157 9.97895E-05 9.97895E-05 0.00215035 0.102553 9.97895E-05 9.97895E-05 9.97895E-05 9.97895E-05
0.703626 9.97983E-05 0.0386527 0.0319392 9.97983E-05 9.97983E-05 9.97983E-05 0.0235429 9.97983E-05 9.97983E-05 9.97983E-05 9.97983E-05 9.97983E-05 9.97983E-05 0.121219 9.97983E-05 0.0119742 9.97983E-05 9.97983E-05 9.97983E-05 9.97983E-05 9.97983E-05 9.97983E-05 9.97983E-05 9.97983E-05 0.0667501 9.97983E-05 9.97983E-05 9.97983E-05 9.97983E-05
9.98158E-05 9.98158E-05 9.98158E-05 9.98158E-05 0.0865421 0.0260349 9.98158E-05 9.98158E-05 9.98158E-05 9.98158E-05 9.98158E-05 9.98158E-05 9.98158E-05 9.98158E-05 9.98158E-05 9.98158E-05 0.0171959 0.254214 9.98158E-05 9.98158E-05 0.0347409 0.0867643 9.98158E-05 9.98158E-05 0.252383 0.132072 0.107956 9.98158E-05 9.98158E-05 9.98158E-05
0.210635 9.98333E-05 9.98333E-05 9.98333E-05 9.98333E-05 9.98333E-05 9.98333E-05 0.0261575 9.98333E-05 9.98333E-05 9.98333E-05 9.98333E-05 9.98333E-05 0.0359764 9.98333E-05 9.98333E-05 0.0544581 0.152247 0.0218088 9.98333E-05 9.98333E-05 0.181024 0.0963474 9.98333E-05 9.98333E-05 0.10133 9.98333E-05 0.0554693 9.98333E-05 0.0626509
9.98073E-05 0.00416178 9.98073E-05 0.00505641 9.98073E-05 9.98073E-05 0.160118 9.98073E-05 9.98073E-05 9.98073E-05 9.98073E-05 9.98073E-05 0.0392139 0.0146625 9.98073E-05 9.98073E-05 9.98073E-05 9.98073E-05 9.98073E-05 9.98073E-05 9.98073E-05 9.98073E-05 9.98073E-05 0.170609 0.53668 0.0673019 9.98073E-05 9.98073E-05 9.98073E-05 9.98073E-05
0.159706 9.98071E-05 9.98071E-05 9.98071E-05 9.98071E-05 9.98071E-05 9.98071E-05 9.98071E-05 0.144523 9.98071E-05 9.98071E-05 9.98071E-05 9.98071E-05 9.98071E-05 9.98071E-05 0.0949916 0.166261 0.277237 9.98071E-05 9.98071E-05 9.98071E-05 0.0176621 9.98071E-05 9.98071E-05 0.0152232 0.1222 9.98071E-05 9.98071E-05 9.98071E-05 9.98071E-05
9.98071E-05 9.98071E-05 9.98071E-05 9.98071E-05 9.98071E-05 9.98071E-05 9.98071E-05 9.98071E-05 9.98071E-05 0.148495 9.98071E-05 9.98071E-05 9.98071E-05 9.98071E-05 9.98071E-05 9.98071E-05 0.0983582 9.98071E-05 9.98071E-05 9.98071E-05 0.0423872 0.135454 0.0169087 9.98071E-05 0.385122 0.156818 9.98071E-05 9.98071E-05 9.98071E-05 0.0142612
0.642932 9.97633E-05 9.97633E-05 9.97633E-05 9.97633E-05 9.97633E-05 9.97633E-05 9.97633E-05 9.97633E-05 9.97633E-05 9.97633E-05 9.97633E-05 9.97633E-05 9.97633E-05 9.97633E-05 0.00666277 9.97633E-05 9.97633E-05 9.97633E-05 9.97633E-05 9.97633E-05 9.97633E-05 9.97633E-05 9.97633E-05 0.347712 9.97633E-05 9.97633E-05 9.97633E-05 9.97633E-05 9.97633E-05
0.576539 9.98069E-05 9.98069E-05 0.0455884 0.0512947 9.98069E-05 9.98069E-05 0.0699815 9.98069E-05 9.98069E-05 9.98069E-05 9.98069E-05 9.98069E-05 9.98069E-05 9.98069E-05 9.98069E-05 0.0239574 9.98069E-05 9.98069E-05 9.98069E-05 9.98069E-05 0.0729093 9.98069E-05 0.143249 9.98069E-05 0.0142857 9.98069E-05 9.98069E-05 9.98069E-05 9.98069E-05
9.98247E-05 9.98247E-05 0.00520311 9.98247E-05 9.98247E-05 0.0249955 9.98247E-05 9.98247E-05 0.010476 0.102237 0.00543219 9.98247E-05 0.0293925 9.98247E-05 9.98247E-05 9.98247E-05 0.375011 9.98247E-05 0.0433578 9.98247E-05 9.98247E-05 0.128093 9.98247E-05 9.98247E-05 0.273805 9.98247E-05 9.98247E-05 9.98247E-05 9.98247E-05 9.98247E-05
0.689236 9.9772E-05 9.9772E-05 9.9772E-05 9.9772E-05 9.9772E-05 9.9772E-05 9.9772E-05 9.9772E-05 9.9772E-05 9.9772E-05 9.9772E-05 9.9772E-05 9.9772E-05 9.9772E-05 9.9772E-05 9.9772E-05 0.17866 9.9772E-05 0.0738855 9.9772E-05 9.9772E-05 9.9772E-05 9.9772E-05 9.9772E-05 0.0556236 9.9772E-05 9.9772E-05 9.9772E-05 9.9772E-05
0.240132 9.9807E-05 9.9807E-05 9.9807E-05 9.9807E-05 9.9807E-05 9.9807E-05 9.9807E-05 9.9807E-05 9.9807E-05 9.9807E-05 0.0599886 9.9807E-05 0.019363 9.9807E-05 9.9807E-05 0.298337 0.0199114 9.9807E-05 9.9807E-05 9.9807E-05 9.9807E-05 9.9807E-05 9.9807E-05 0.123111 0.168864 9.9807E-05 9.9807E-05 9.9807E-05 0.0680983
0.0080131 9.9807E-05 9.9807E-05 9.9807E-05 0.238539 9.9807E-05 9.9807E-05 9.9807E-05 9.9807E-05 9.9807E-05 9.9807E-05 9.9807E-05 9.9807E-05 9.9807E-05 9.9807E-05 0.0702895 9.9807E-05 9.9807E-05 9.9807E-05 9.9807E-05 0.126714 0.0432649 9.9807E-05 9.9807E-05 0.288567 0.186008 9.9807E-05 0.0364092 9.9807E-05 9.9807E-05
0.161087 9.98159E-05 9.98159E-05 9.98159E-05 9.98159E-05 9.98159E-05 9.98159E-05 9.98159E-05 9.98159E-05 9.98159E-05 9.98159E-05 9.98159E-05 9.98159E-05 9.98159E-05 9.98159E-05 9.98159E-05 0.0952933 9.98159E-05 9.98159E-05 0.0515628 9.98159E-05 0.0224022 9.98159E-05 0.0027905 0.462785 0.0552191 0.0242079 0.122556 9.98159E-05 9.98159E-05
0.0108391 9.98158E-05 9.98158E-05 9.98158E-05 0.321692 0.232605 9.98158E-05 9.98158E-05 0.0959949 9.98158E-05 9.98158E-05 9.98158E-05 0.0731236 9.98158E-05 9.98158E-05 0.018536 0.149828 9.98158E-05 9.98158E-05 9.98158E-05 9.98158E-05 9.98158E-05 9.98158E-05 9.98158E-05 9.98158E-05 0.0561675 9.98158E-05 9.98158E-05 9.98158E-05 0.0391179
0.768461 9.97897E-05 9.97897E-05 9.97897E-05 9.97897E-05 9.97897E-05 9.97897E-05 9.97897E-05 9.97897E-05 9.97897E-05 9.97897E-05 9.97897E-05 9.97897E-05 9.97897E-05 0.00126502 9.97897E-05 0.0108576 9.97897E-05 9.97897E-05 9.97897E-05 9.97897E-05 9.97897E-05 9.97897E-05 9.97897E-05 0.0357833 0.0995344 9.97897E-05 0.0817039 9.97897E-05 9.97897E-05
9.97897E-05 9.97897E-05 9.97897E-05 9.97897E-05 0.0859937 0.118738 9.97897E-05 9.97897E-05 9.97897E-05 9.97897E-05 9.97897E-05 0.00122958 9.97897E-05 9.97897E-05 9.97897E-05 9.97897E-05 9.97897E-05 9.97897E-05 9.97897E-05 9.97897E-05 9.97897E-05 9.97897E-05 9.97897E-05 9.97897E-05 0.648729 0.100988 9.97897E-05 0.041927 9.97897E-05 9.97897E-05
9.97632E-05 9.97632E-05 9.97632E-05 9.97632E-05 9.97632E-05 9.97632E-05 9.97632E-05 9.97632E-05 9.97632E-05 9.97632E-05 9.97632E-05 9.97632E-05 9.97632E-05 0.00329936 9.97632E-05 9.97632E-05 9.97632E-05 9.97632E-05 9.97632E-05 9.97632E-05 9.97632E-05 9.97632E-05 9.97632E-05 9.97632E-05 0.541587 9.97632E-05 0.45242 9.97632E-05 9.97632E-05 9.97632E-05
0.244059 9.98246E-05 9.98246E-05 0.0989386 9.98246E-05 0.0262963 9.98246E-05 9.98246E-05 9.98246E-05 0.0442947 9.98246E-05 9.98246E-05 9.98246E-05 9.98246E-05 9.98246E-05 9.98246E-05 0.0308471 0.136192 9.98246E-05 9.98246E-05 0.0434399 0.00220173 9.98246E-05 9.98246E-05 0.36405 0.00768485 9.98246E-05 9.98246E-05 9.98246E-05 9.98246E-05
0.571883 9.98072E-05 9.98072E-05 0.099409 9.98072E-05 9.98072E-05 9.98072E-05 9.98072E-05 9.98072E-05 0.00587013 9.98072E-05 9.98072E-05 9.98072E-05 9.98072E-05 9.98072E-05 9.98072E-05 0.0369681 9.98072E-05 9.98072E-05 0.122426 0.049245 9.98072E-05 9.98072E-05 9.98072E-05 9.98072E-05 0.100251 9.98072E-05 9.98072E-05 0.0117518 9.98072E-05
0.507376 9.97983E-05 9.97983E-05 0.0445636 0.0733449 9.97983E-05 9.97983E-05 9.97983E-05 9.97983E-05 9.97983E-05 9.97983E-05 9.97983E-05 9.97983E-05 9.97983E-05 9.97983E-05 9.97983E-05 0.126806 0.0533212 9.97983E-05 9.97983E-05 9.97983E-05 9.97983E-05 9.97983E-05 9.97983E-05 9.97983E-05 0.111511 9.97983E-05 0.0807819 9.97983E-05 9.97983E-05
9.9807E-05 9.9807E-05 9.9807E-05 9.9807E-05 9.9807E-05 9.9807E-05 9.9807E-05 0.0260986 9.9807E-05 0.0473207 9.9807E-05 9.9807E-05 9.9807E-05 9.9807E-05 0.0722257 9.9807E-05 0.099266 9.9807E-05 9.9807E-05 0.0811325 9.9807E-05 9.9807E-05 9.9807E-05 9.9807E-05 0.572373 0.0879868 9.9807E-05 9.9807E-05 0.0114006 9.9807E-05
9.97984E-05 0.0185975 9.97984E-05 0.0428208 9.97984E-05 0.0600977 9.97984E-05 9.97984E-05 9.97984E-05 0.0147625 9.97984E-05 9.97984E-05 9.97984E-05 9.97984E-05 9.97984E-05 0.0217405 9.97984E-05 9.97984E-05 9.97984E-05 9.97984E-05 9.97984E-05 9.97984E-05 9.97984E-05 9.97984E-05 0.837983 0.00170304 9.97984E-05 9.97984E-05 9.97984E-05 9.97984E-05
0.241002 9.98071E-05 9.98071E-05 9.98071E-05 9.98071E-05 0.0116461 9.98071E-05 0.023639 9.98071E-05 9.98071E-05 9.98071E-05 9.98071E-05 9.98071E-05 9.98071E-05 9.98071E-05 9.98071E-05 9.98071E-05 0.0866394 9.98071E-05 9.98071E-05 9.98071E-05 0.00659858 9.98071E-05 0.0344266 0.510787 9.98071E-05 9.98071E-05 0.0830654 9.98071E-05 9.98071E-05
0.758373 9.97811E-05 9.97811E-05 9.97811E-05 9.97811E-05 9.97811E-05 9.97811E-05 9.97811E-05 9.97811E-05 0.12163 9.97811E-05 9.97811E-05 9.97811E-05 9.97811E-05 9.97811E-05 9.97811E-05 9.97811E-05 9.97811E-05 9.97811E-05 9.97811E-05 9.97811E-05 9.97811E-05 9.97811E-05 9.97811E-05 0.0179717 9.97811E-05 9.97811E-05 9.97811E-05 0.00306348 0.0964678
0.160982 0.0125786 9.98072E-05 9.98072E-05 9.98072E-05 9.98072E-05 9.98072E-05 9.98072E-05 9.98072E-05 9.98072E-05 9.98072E-05 9.98072E-05 9.98072E-05 9.98072E-05 9.98072E-05 0.0294389 9.98072E-05 9.98072E-05 9.98072E-05 9.98072E-05 9.98072E-05 0.110221 9.98072E-05 9.98072E-05 0.474368 0.0505307 0.0809809 0.0787038 9.98072E-05 9.98072E-05
9.98071E-05 0.0350799 0.085495 0.0093892 9.98071E-05 9.98071E-05 9.98071E-05 0.0291782 9.98071E-05 9.98071E-05 9.98071E-05 9.98071E-05 9.98071E-05 9.98071E-05 9.98071E-05 9.98071E-05 0.0732874 9.98071E-05 9.98071E-05 9.98071E-05 9.98071E-05 9.98071E-05 9.98071E-05 9.98071E-05 0.442075 0.0866688 0.236631 9.98071E-05 9.98071E-05 9.98071E-05
0.416455 9.9807E-05 9.9807E-05 0.0119111 9.9807E-05 9.9807E-05 9.9807E-05 9.9807E-05 9.9807E-05 0.0607214 9.9807E-05 9.9807E-05 9.9807E-05 9.9807E-05 9.9807E-05 9.9807E-05 9.9807E-05 9.9807E-05 9.9807E-05 0.140549 9.9807E-05 9.9807E-05 9.9807E-05 9.9807E-05 0.140853 0.121333 9.9807E-05 9.9807E-05 0.0557221 0.0502609
9.97809E-05 9.97809E-05 9.97809E-05 0.0200763 9.97809E-05 9.97809E-05 9.97809E-05 9.97809E-05 9.97809E-05 0.0960091 9.97809E-05 9.97809E-05 9.97809E-05 9.97809E-05 9.97809E-05 9.97809E-05 9.97809E-05 9.97809E-05 9.97809E-05 9.97809E-05 9.97809E-05 9.97809E-05 0.00557955 9.97809E-05 0.853754 9.97809E-05 9.97809E-05 0.0220869 9.97809E-05 9.97809E-05
9.97809E-05 9.97809E-05 9.97809E-05 9.97809E-05 9.97809E-05 0.237183 9.97809E-05 9.97809E-05 9.97809E-05 9.97809E-05 9.97809E-05 9.97809E-05 9.97809E-05 9.97809E-05 9.97809E-05 9.97809E-05 0.111882 9.97809E-05 9.97809E-05 9.97809E-05 9.97809E-05 0.00905016 9.97809E-05 9.97809E-05 0.611781 0.0276098 9.97809E-05 9.97809E-05 9.97809E-05 9.97809E-05
0.786286 9.97633E-05 9.97633E-05 9.97633E-05 9.97633E-05 0.138633 9.97633E-05 9.97633E-05 9.97633E-05 9.97633E-05 9.97633E-05 9.97633E-05 9.97633E-05 9.97633E-05 9.97633E-05 9.97633E-05 9.97633E-05 9.97633E-05 9.97633E-05 9.97633E-05 9.97633E-05 9.97633E-05 9.97633E-05 9.97633E-05 9.97633E-05 9.97633E-05 0.0723874 9.97633E-05 9.97633E-05 9.97633E-05
9.9807E-05 9.9807E-05 9.9807E-05 0.0302075 9.9807E-05 9.9807E-05 9.9807E-05 9.9807E-05 9.9807E-05 9.9807E-05 9.9807E-05 0.0311696 9.9807E-05 9.9807E-05 9.9807E-05 9.9807E-05 0.101526 0.249767 9.9807E-05 9.9807E-05 9.9807E-05 0.111902 9.9807E-05 9.9807E-05 0.341869 0.130237 9.9807E-05 0.00112687 9.9807E-05 9.9807E-05
9.97721E-05 9.97721E-05 9.97721E-05 9.97721E-05 9.97721E-05 9.97721E-05 9.97721E-05 9.97721E-05 9.97721E-05 9.97721E-05 9.97721E-05 9.97721E-05 0.28724 9.97721E-05 9.97721E-05 9.97721E-05 0.265786 9.97721E-05 9.97721E-05 9.97721E-05 9.97721E-05 9.97721E-05 9.97721E-05 9.97721E-05 0.264032 0.180348 9.97721E-05 9.97721E-05 9.97721E-05 9.97721E-05
9.97981E-05 9.97981E-05 9.97981E-05 9.97981E-05 9.97981E-05 9.97981E-05 9.97981E-05 9.97981E-05 9.97981E-05 0.012051 9.97981E-05 9.97981E-05 0.00262375 9.97981E-05 9.97981E-05 0.0260268 9.97981E-05 9.97981E-05 9.97981E-05 0.0426307 9.97981E-05 0.0223298 9.97981E-05 9.97981E-05 0.865967 9.97981E-05 9.97981E-05 0.0260755 9.97981E-05 9.97981E-05
0.909048 9.97719E-05 9.97719E-05 9.97719E-05 9.97719E-05 9.97719E-05 9.97719E-05 9.97719E-05 0.000648428 9.97719E-05 9.97719E-05 9.97719E-05 9.97719E-05 9.97719E-05 9.97719E-05 9.97719E-05 9.97719E-05 9.97719E-05 9.97719E-05 9.97719E-05 9.97719E-05 9.97719E-05 9.97719E-05 9.97719E-05 9.97719E-05 0.0474573 9.97719E-05 0.0402517 9.97719E-05 9.97719E-05
9.9746E-05 9.9746E-05 9.9746E-05 9.9746E-05 9.9746E-05 9.9746E-05 9.9746E-05 9.9746E-05 9.9746E-05 9.9746E-05 9.9746E-05 9.9746E-05 9.9746E-05 9.9746E-05 9.9746E-05 9.9746E-05 9.9746E-05 9.9746E-05 9.9746E-05 9.9746E-05 9.9746E-05 9.9746E-05 9.9746E-05 9.9746E-05 0.997107 9.9746E-05 9.9746E-05 9.9746E-05 9.9746E-05 9.9746E-05
0.680559 9.97982E-05 9.97982E-05 0.0201328 9.97982E-05 0.000320574 9.97982E-05 9.97982E-05 9.97982E-05 0.0396283 9.97982E-05 9.97982E-05 9.97982E-05 9.97982E-05 9.97982E-05 9.97982E-05 0.0944876 9.97982E-05 9.97982E-05 9.97982E-05 9.97982E-05 9.97982E-05 9.97982E-05 9.97982E-05 9.97982E-05 0.142908 9.97982E-05 0.0196681 9.97982E-05 9.97982E-05
0.721835 9.97901E-05 0.0551146 9.97901E-05 9.97901E-05 9.97901E-05 9.97901E-05 9.97901E-05 9.97901E-05 0.0679892 9.97901E-05 9.97901E-05 9.97901E-05 9.97901E-05 9.97901E-05 9.97901E-05 9.97901E-05 9.97901E-05 9.97901E-05 9.97901E-05 9.97901E-05 0.0456526 9.97901E-05 9.97901E-05 9.97901E-05 9.97901E-05 0.0134868 9.97901E-05 0.093527 9.97901E-05
0.350805 9.98158E-05 9.98158E-05 0.0781722 0.0397536 0.17883 9.98158E-05 9.98158E-05 9.98158E-05 9.98158E-05 9.98158E-05 0.0689646 9.98158E-05 9.98158E-05 9.98158E-05 9.98158E-05 9.98158E-05 9.98158E-05 0.000587657 0.0470708 9.98158E-05 0.0570664 9.98158E-05 9.98158E-05 9.98158E-05 0.176653 9.98158E-05 9.98158E-05 9.98158E-05 9.98158E-05
0.0504034 9.97983E-05 0.0222166 9.97983E-05 9.97983E-05 9.97983E-05 9.97983E-05 0.0577718 9.97983E-05 9.97983E-05 9.97983E-05 9.97983E-05 9.97983E-05 9.97983E-05 9.97983E-05 9.97983E-05 0.207263 9.97983E-05 9.97983E-05 0.0379467 9.97983E-05 9.97983E-05 9.97983E-05 9.97983E-05 0.530324 9.97983E-05 9.97983E-05 0.0917794 9.97983E-05 9.97983E-05
9.97633E-05 9.97633E-05 9.97633E-05 9.97633E-05 0.102929 9.97633E-05 9.97633E-05 9.97633E-05 0.0106029 9.97633E-05 9.97633E-05 9.97633E-05 9.97633E-05 9.97633E-05 9.97633E-05 9.97633E-05 9.97633E-05 9.97633E-05 9.97633E-05 9.97633E-05 9.97633E-05 9.97633E-05 9.97633E-05 9.97633E-05 0.883775 9.97633E-05 9.97633E-05 9.97633E-05 9.97633E-05 9.97633E-05
0.619526 9.9816E-05 0.0962834 9.9816E-05 9.9816E-05 9.9816E-05 9.9816E-05 0.0785337 0.0451087 9.9816E-05 9.9816E-05 9.9816E-05 9.9816E-05 9.9816E-05 0.00533899 0.0339206 9.9816E-05 9.9816E-05 9.9816E-05 9.9816E-05 9.9816E-05 0.0141061 9.9816E-05 9.9816E-05 9.9816E-05 9.9816E-05 9.9816E-05 9.9816E-05 0.0289623 0.0761245
0.709187 9.97809E-05 0.00156685 9.97809E-05 9.97809E-05 9.97809E-05 9.97809E-05 9.97809E-05 9.97809E-05 9.97809E-05 9.97809E-05 9.97809E-05 9.97809E-05 9.97809E-05 9.97809E-05 9.97809E-05 9.97809E-05 9.97809E-05 9.97809E-05 9.97809E-05 0.157127 9.97809E-05 9.97809E-05 9.97809E-05 9.97809E-05 0.0656898 0.0639348 9.97809E-05 9.97809E-05 9.97809E-05
9.97898E-05 9.97898E-05 9.97898E-05 0.0109599 9.97898E-05 9.97898E-05 9.97898E-05 9.97898E-05 9.97898E-05 0.0729397 9.97898E-05 9.97898E-05 9.97898E-05 9.97898E-05 9.97898E-05 0.022118 9.97898E-05 0.0485702 9.97898E-05 0.111248 9.97898E-05 9.97898E-05 9.97898E-05 9.97898E-05 0.731769 9.97898E-05 9.97898E-05 9.97898E-05 9.97898E-05 9.97898E-05
9.97808E-05 9.97808E-05 9.97808E-05 9.97808E-05 9.97808E-05 9.97808E-05 9.97808E-05 9.97808E-05 0.0642213 0.0692182 9.97808E-05 9.97808E-05 9.97808E-05 9.97808E-05 9.97808E-05 9.97808E-05 0.0299968 9.97808E-05 9.97808E-05 9.97808E-05 9.97808E-05 9.97808E-05 9.97808E-05 9.97808E-05 0.829016 0.00505361 9.97808E-05 9.97808E-05 9.97808E-05 9.97808E-05
0.814659 9.97809E-05 9.97809E-05 9.97809E-05 9.97809E-05 9.97809E-05 9.97809E-05 9.97809E-05 9.97809E-05 9.97809E-05 9.97809E-05 9.97809E-05 0.111241 0.0306555 9.97809E-05 9.97809E-05 9.97809E-05 9.97809E-05 9.97809E-05 9.97809E-05 9.97809E-05 9.97809E-05 9.97809E-05 9.97809E-05 9.97809E-05 0.0354618 9.97809E-05 0.00548794 9.97809E-05 9.97809E-05
0.95559 9.97806E-05 9.97806E-05 0.00358066 9.97806E-05 9.97806E-05 9.97806E-05 9.97806E-05 9.97806E-05 9.97806E-05 0.0216548 9.97806E-05 9.97806E-05 9.97806E-05 9.97806E-05 9.97806E-05 9.97806E-05 9.97806E-05 9.97806E-05 9.97806E-05 9.97806E-05 0.00781601 9.97806E-05 9.97806E-05 9.97806E-05 0.0088645 9.97806E-05 9.97806E-05 9.97806E-05 9.97806E-05
9.97894E-05 9.97894E-05 9.97894E-05 0.0026561 0.140844 9.97894E-05 9.97894E-05 9.97894E-05 9.97894E-05 9.97894E-05 0.0267398 9.97894E-05 9.97894E-05 9.97894E-05 9.97894E-05 9.97894E-05 9.97894E-05 0.722318 9.97894E-05 9.97894E-05 9.97894E-05 0.0125155 9.97894E-05 9.97894E-05 9.97894E-05 0.0925315 9.97894E-05 9.97894E-05 9.97894E-05 9.97894E-05
9.97461E-05 9.97461E-05 9.97461E-05 9.97461E-05 9.97461E-05 9.97461E-05 9.97461E-05 9.97461E-05 9.97461E-05 9.97461E-05 9.97461E-05 9.97461E-05 9.97461E-05 9.97461E-05 9.97461E-05 9.97461E-05 9.97461E-05 0.997107 9.97461E-05 9.97461E-05 9.97461E-05 9.97461E-05 9.97461E-05 9.97461E-05 9.97461E-05 9.97461E-05 9.97461E-05 9.97461E-05 9.97461E-05 9.97461E-05
9.97631E-05 9.97631E-05 9.97631E-05 9.97631E-05 9.97631E-05 9.97631E-05 9.97631E-05 9.97631E-05 0.0643986 9.97631E-05 9.97631E-05 9.97631E-05 9.97631E-05 9.97631E-05 9.97631E-05 9.97631E-05 9.97631E-05 0.914726 9.97631E-05 9.97631E-05 9.97631E-05 9.97631E-05 9.97631E-05 9.97631E-05 9.97631E-05 9.97631E-05 9.97631E-05 9.97631E-05 0.0181822 9.97631E-05
9.98071E-05 0.23106 9.98071E-05 9.98071E-05 0.247736 0.0182961 9.98071E-05 9.98071E-05 0.029259 9.98071E-05 9.98071E-05 9.98071E-05 9.98071E-05 9.98071E-05 9.98071E-05 9.98071E-05 9.98071E-05 0.335568 9.98071E-05 9.98071E-05 9.98071E-05 0.0754979 9.98071E-05 9.98071E-05 9.98071E-05 0.0457372 9.98071E-05 9.98071E-05 0.0146502 9.98071E-05
9.98066E-05 9.98066E-05 0.036749 9.98066E-05 9.98066E-05 9.98066E-05 9.98066E-05 9.98066E-05 0.0335616 0.00423403 9.98066E-05 9.98066E-05 9.98066E-05 9.98066E-05 9.98066E-05 0.062846 0.133085 0.640407 9.98066E-05 9.98066E-05 9.98066E-05 0.0733075 9.98066E-05 9.98066E-05 9.98066E-05 9.98066E-05 9.98066E-05 9.98066E-05 0.0136137 9.98066E-05
9.97891E-05 9.97891E-05 9.97891E-05 9.97891E-05 0.0616002 9.97891E-05 9.97891E-05 9.97891E-05 9.97891E-05 9.97891E-05 9.97891E-05 9.97891E-05 9.97891E-05 0.011606 9.97891E-05 9.97891E-05 0.0298138 0.700761 9.97891E-05 9.97891E-05 9.97891E-05 0.00819199 9.97891E-05 9.97891E-05 9.97891E-05 0.185632 9.97891E-05 9.97891E-05 9.97891E-05 9.97891E-05
9.9798E-05 0.16037 9.9798E-05 0.039919 9.9798E-05 9.9798E-05 9.9798E-05 0.00426345 9.9798E-05 9.9798E-05 9.9798E-05 9.9798E-05 9.9798E-05 9.9798E-05 9.9798E-05 9.9798E-05 9.9798E-05 0.611933 9.9798E-05 9.9798E-05 9.9798E-05 9.9798E-05 9.9798E-05 0.00858063 9.9798E-05 0.102665 9.9798E-05 0.0699737 9.9798E-05 9.9798E-05
9.98155E-05 0.126284 9.98155E-05 9.98155E-05 0.0680142 0.00973182 9.98155E-05 9.98155E-05 0.145255 9.98155E-05 9.98155E-05 9.98155E-05 9.98155E-05 9.98155E-05 9.98155E-05 9.98155E-05 9.98155E-05 0.497734 9.98155E-05 0.0118027 9.98155E-05 0.0573644 9.98155E-05 9.98155E-05 9.98155E-05 0.0704032 9.98155E-05 9.98155E-05 0.0113148 9.98155E-05
9.97545E-05 9.97545E-05 9.97545E-05 9.97545E-05 9.97545E-05 0.0120766 9.97545E-05 9.97545E-05 9.97545E-05 9.97545E-05 9.97545E-05 9.97545E-05 9.97545E-05 9.97545E-05 9.97545E-05 9.97545E-05 9.97545E-05 0.98513 9.97545E-05 9.97545E-05 9.97545E-05 9.97545E-05 9.97545E-05 9.97545E-05 9.97545E-05 9.97545E-05 9.97545E-05 9.97545E-05 9.97545E-05 9.97545E-05
9.97632E-05 9.97632E-05 9.97632E-05 9.97632E-05 9.97632E-05 9.97632E-05 9.97632E-05 9.97632E-05 9.97632E-05 9.97632E-05 9.97632E-05 9.97632E-05 9.97632E-05 9.97632E-05 9.97632E-05 9.97632E-05 9.97632E-05 0.899177 9.97632E-05 9.97632E-05 9.97632E-05 9.97632E-05 0.052813 9.97632E-05 9.97632E-05 9.97632E-05 9.97632E-05 0.045316 9.97632E-05 9.97632E-05
9.97891E-05 9.97891E-05 9.97891E-05 0.139397 9.97891E-05 9.97891E-05 9.97891E-05 9.97891E-05 9.97891E-05 0.000705063 9.97891E-05 9.97891E-05 0.0281186 9.97891E-05 9.97891E-05 9.97891E-05 9.97891E-05 0.576527 9.97891E-05 9.97891E-05 9.97891E-05 0.0580798 9.97891E-05 9.97891E-05 9.97891E-05 0.194778 9.97891E-05 9.97891E-05 9.97891E-05 9.97891E-05
9.98333E-05 0.0815552 9.98333E-05 0.0363744 9.98333E-05 9.98333E-05 9.98333E-05 0.0903172 9.98333E-05 0.0183317 9.98333E-05 9.98333E-05 9.98333E-05 0.0592664 9.98333E-05 9.98333E-05 0.133944 0.391981 9.98333E-05 9.98333E-05 0.0469584 0.00483679 9.98333E-05 9.98333E-05 9.98333E-05 0.123336 9.98333E-05 0.0112015 9.98333E-05 9.98333E-05
9.9798E-05 9.9798E-05 9.9798E-05 0.0442804 9.9798E-05 9.9798E-05 9.9798E-05 0.102942 9.9798E-05 9.9798E-05 9.9798E-05 9.9798E-05 9.9798E-05 0.103373 9.9798E-05 9.9798E-05 9.9798E-05 0.48836 0.0865285 0.0515745 9.9798E-05 0.120646 9.9798E-05 9.9798E-05 9.9798E-05 9.9798E-05 9.9798E-05 9.9798E-05 9.9798E-05 9.9798E-05
9.97892E-05 0.0848577 9.97892E-05 9.97892E-05 9.97892E-05 9.97892E-05 9.97892E-05 9.97892E-05 9.97892E-05 0.0542202 9.97892E-05 9.97892E-05 9.97892E-05 9.97892E-05 9.97892E-05 9.97892E-05 0.155132 0.494806 0.017548 9.97892E-05 9.97892E-05 9.97892E-05 9.97892E-05 9.97892E-05 9.97892E-05 0.191042 9.97892E-05 9.97892E-05 9.97892E-05 9.97892E-05
9.97901E-05 9.97901E-05 0.00412696 9.97901E-05 0.0193436 0.035246 9.97901E-05 9.97901E-05 9.97901E-05 9.97901E-05 9.97901E-05 0.0241042 9.97901E-05 9.97901E-05 9.97901E-05 9.97901E-05 9.97901E-05 0.877212 9.97901E-05 9.97901E-05 9.97901E-05 9.97901E-05 9.97901E-05 9.97901E-05 9.97901E-05 9.97901E-05 9.97901E-05 9.97901E-05 9.97901E-05 0.0375722
9.97635E-05 9.97635E-05 9.97635E-05 9.97635E-05 9.97635E-05 9.97635E-05 9.97635E-05 9.97635E-05 9.97635E-05 9.97635E-05 9.97635E-05 9.97635E-05 9.97635E-05 9.97635E-05 9.97635E-05 9.97635E-05 9.97635E-05 0.974921 9.97635E-05 9.97635E-05 9.97635E-05 0.0124969 9.97635E-05 9.97635E-05 9.97635E-05 9.97635E-05 9.97635E-05 0.00988826 9.97635E-05 9.97635E-05
9.97717E-05 9.97717E-05 9.97717E-05 9.97717E-05 9.97717E-05 9.97717E-05 9.97717E-05 9.97717E-05 9.97717E-05 0.157168 0.18816 9.97717E-05 9.97717E-05 9.97717E-05 9.97717E-05 9.97717E-05 9.97717E-05 0.621429 9.97717E-05 9.97717E-05 9.97717E-05 9.97717E-05 9.97717E-05 9.97717E-05 9.97717E-05 0.0306487 9.97717E-05 9.97717E-05 9.97717E-05 9.97717E-05
9.97982E-05 9.97982E-05 9.97982E-05 0.0751881 9.97982E-05 9.97982E-05 9.97982E-05 9.97982E-05 9.97982E-05 0.0733676 9.97982E-05 9.97982E-05 9.97982E-05 0.00997678 9.97982E-05 9.97982E-05 0.0395626 0.61959 9.97982E-05 9.97982E-05 9.97982E-05 0.0625581 9.97982E-05 9.97982E-05 9.97982E-05 9.97982E-05 9.97982E-05 0.117461 9.97982E-05 9.97982E-05
9.97807E-05 9.97807E-05 9.97807E-05 0.020758 9.97807E-05 9.97807E-05 9.97807E-05 9.97807E-05 0.0703942 0.0162437 9.97807E-05 9.97807E-05 9.97807E-05 9.97807E-05 9.97807E-05 9.97807E-05 9.97807E-05 0.862002 9.97807E-05 9.97807E-05 9.97807E-05 9.97807E-05 9.97807E-05 9.97807E-05 9.97807E-05 0.0281078 9.97807E-05 9.97807E-05 9.97807E-05 9.97807E-05
9.9789E-05 9.9789E-05 9.9789E-05 0.00136749 9.9789E-05 0.0840547 9.9789E-05 9.9789E-05 9.9789E-05 9.9789E-05 9.9789E-05 9.9789E-05 9.9789E-05 0.0221914 9.9789E-05 9.9789E-05 9.9789E-05 0.575954 9.9789E-05 9.9789E-05 9.9789E-05 9.9789E-05 9.9789E-05 9.9789E-05 9.9789E-05 0.180593 9.9789E-05 9.9789E-05 9.9789E-05 0.133444
9.9755E-05 9.9755E-05 9.9755E-05 9.9755E-05 9.9755E-05 9.9755E-05 9.9755E-05 9.9755E-05 9.9755E-05 9.9755E-05 9.9755E-05 9.9755E-05 9.9755E-05 9.9755E-05 9.9755E-05 9.9755E-05 9.9755E-05 0.937487 9.9755E-05 9.9755E-05 9.9755E-05 9.9755E-05 9.9755E-05 9.9755E-05 9.9755E-05 9.9755E-05 0.05972 9.9755E-05 9.9755E-05 9.9755E-05
9.97981E-05 0.00620277 9.97981E-05 9.97981E-05 9.97981E-05 9.97981E-05 9.97981E-05 9.97981E-05 0.0129937 0.00126394 9.97981E-05 9.97981E-05 9.97981E-05 9.97981E-05 9.97981E-05 9.97981E-05 0.249141 0.641006 9.97981E-05 0.0695026 9.97981E-05 9.97981E-05 9.97981E-05 9.97981E-05 9.97981E-05 0.0175948 9.97981E-05 9.97981E-05 9.97981E-05 9.97981E-05
9.97723E-05 0.069077 9.97723E-05 9.97723E-05 0.208623 9.97723E-05 9.97723E-05 9.97723E-05 9.97723E-05 9.97723E-05 9.97723E-05 9.97723E-05 9.97723E-05 9.97723E-05 0.0493834 9.97723E-05 9.97723E-05 0.670323 9.97723E-05 9.97723E-05 9.97723E-05 9.97723E-05 9.97723E-05 9.97723E-05 9.97723E-05 9.97723E-05 9.97723E-05 9.97723E-05 9.97723E-05 9.97723E-05
9.9807E-05 9.9807E-05 9.9807E-05 9.9807E-05 9.9807E-05 9.9807E-05 9.9807E-05 9.9807E-05 0.0121386 0.0957115 0.0159621 9.9807E-05 9.9807E-05 9.9807E-05 9.9807E-05 9.9807E-05 9.9807E-05 0.693834 9.9807E-05 0.07031 9.9807E-05 0.0361688 0.0678503 9.9807E-05 9.9807E-05 0.00582889 9.9807E-05 9.9807E-05 9.9807E-05 9.9807E-05
9.97718E-05 9.97718E-05 9.97718E-05 0.110815 9.97718E-05 9.97718E-05 9.97718E-05 9.97718E-05 9.97718E-05 9.97718E-05 9.97718E-05 9.97718E-05 9.97718E-05 0.116994 9.97718E-05 9.97718E-05 9.97718E-05 0.710192 9.97718E-05 9.97718E-05 9.97718E-05 9.97718E-05 9.97718E-05 9.97718E-05 9.97718E-05 0.0594048 9.97718E-05 9.97718E-05 9.97718E-05 9.97718E-05
9.97601E-05 9.97601E-05 9.97601E-05 9.97601E-05 9.97601E-05 9.97601E-05 9.97601E-05 9.97601E-05 9.97601E-05 9.97601E-05 9.97601E-05 9.97601E-05 9.97601E-05 9.97601E-05 9.97601E-05 9.97601E-05 9.97601E-05 0.912748 9.97601E-05 9.97601E-05 9.97601E-05 9.97601E-05 9.97601E-05 9.97601E-05 9.97601E-05 9.97601E-05 0.0844584 9.97601E-05 9.97601E-05 9.97601E-05
9.97722E-05 9.97722E-05 9.97722E-05 9.97722E-05 9.97722E-05 9.97722E-05 9.97722E-05 9.97722E-05 9.97722E-05 9.97722E-05 9.97722E-05 9.97722E-05 9.97722E-05 0.0348611 9.97722E-05 9.97722E-05 0.0400425 0.871601 9.97722E-05 9.97722E-05 9.97722E-05 9.97722E-05 9.97722E-05 9.97722E-05 9.97722E-05 9.97722E-05 0.0509015 9.97722E-05 9.97722E-05 9.97722E-05
9.97459E-05 9.97459E-05 9.97459E-05 9.97459E-05 9.97459E-05 9.97459E-05 9.97459E-05 9.97459E-05 9.97459E-05 9.97459E-05 9.97459E-05 9.97459E-05 9.97459E-05 9.97459E-05 9.97459E-05 9.97459E-05 9.97459E-05 0.997107 9.97459E-05 9.97459E-05 9.97459E-05 9.97459E-05 9.97459E-05 9.97459E-05 9.97459E-05 9.97459E-05 9.97459E-05 9.97459E-05 9.97459E-05 9.97459E-05
9.97896E-05 9.97896E-05 9.97896E-05 9.97896E-05 9.97896E-05 9.97896E-05 9.97896E-05 9.97896E-05 0.0848752 0.0172951 9.97896E-05 9.97896E-05 9.97896E-05 0.0396826 9.97896E-05 9.97896E-05 9.97896E-05 0.833661 9.97896E-05 9.97896E-05 9.97896E-05 0.0204362 9.97896E-05 9.97896E-05 0.00165516 9.97896E-05 9.97896E-05 9.97896E-05 9.97896E-05 9.97896E-05
9.97986E-05 9.97986E-05 9.97986E-05 9.97986E-05 9.97986E-05 0.0156797 9.97986E-05 0.0184222 9.97986E-05 9.97986E-05 9.97986E-05 9.97986E-05 0.00341481 9.97986E-05 9.97986E-05 9.97986E-05 9.97986E-05 0.405274 9.97986E-05 9.97986E-05 9.97986E-05 0.089553 9.97986E-05 9.97986E-05 9.97986E-05 0.088406 0.376955 9.97986E-05 9.97986E-05 9.97986E-05
9.97809E-05 9.97809E-05 9.97809E-05 9.97809E-05 0.0736921 9.97809E-05 9.97809E-05 9.97809E-05 9.97809E-05 9.97809E-05 9.97809E-05 9.97809E-05 9.97809E-05 9.97809E-05 9.97809E-05 9.97809E-05 9.97809E-05 9.97809E-05 0.00377414 0.746143 9.97809E-05 0.0865237 9.97809E-05 9.97809E-05 9.97809E-05 0.0873726 9.97809E-05 9.97809E-05 9.97809E-05 9.97809E-05
9.9772E-05 9.9772E-05 9.9772E-05 9.9772E-05 9.9772E-05 9.9772E-05 9.9772E-05 9.9772E-05 9.9772E-05 9.9772E-05 9.9772E-05 9.9772E-05 9.9772E-05 9.9772E-05 0.553088 9.9772E-05 9.9772E-05 9.9772E-05 9.9772E-05 0.130591 9.9772E-05 0.0223801 9.9772E-05 9.9772E-05 9.9772E-05 9.9772E-05 0.291347 9.9772E-05 9.9772E-05 9.9772E-05
9.97718E-05 9.97718E-05 0.00729688 9.97718E-05 0.760861 9.97718E-05 9.97718E-05 9.97718E-05 9.97718E-05 9.97718E-05 9.97718E-05 9.97718E-05 9.97718E-05 9.97718E-05 9.97718E-05 9.97718E-05 9.97718E-05 9.97718E-05 9.97718E-05 0.18321 9.97718E-05 9.97718E-05 9.97718E-05 9.97718E-05 9.97718E-05 0.0460379 9.97718E-05 9.97718E-05 9.97718E-05 9.97718E-05
9.97805E-05 9.97805E-05 9.97805E-05 9.97805E-05 0.478944 9.97805E-05 9.97805E-05 9.97805E-05 0.0383084 9.97805E-05 9.97805E-05 9.97805E-05 9.97805E-05 9.97805E-05 9.97805E-05 9.97805E-05 9.97805E-05 9.97805E-05 9.97805E-05 0.320037 9.97805E-05 0.0643763 9.97805E-05 9.97805E-05 9.97805E-05 0.09584 9.97805E-05 9.97805E-05 9.97805E-05 9.97805E-05
9.97805E-05 9.97805E-05 0.000482285 9.97805E-05 0.312115 9.97805E-05 9.97805E-05 9.97805E-05 9.97805E-05 9.97805E-05 9.97805E-05 9.97805E-05 9.97805E-05 0.0565232 9.97805E-05 9.97805E-05 9.97805E-05 9.97805E-05 9.97805E-05 0.621718 9.97805E-05 9.97805E-05 9.97805E-05 9.97805E-05 9.97805E-05 9.97805E-05 9.97805E-05 0.00666663 9.97805E-05 9.97805E-05
9.97895E-05 0.0780076 9.97895E-05 9.97895E-05 9.97895E-05 9.97895E-05 9.97895E-05 9.97895E-05 9.97895E-05 9.97895E-05 9.97895E-05 9.97895E-05 0.00639354 9.97895E-05 0.106695 9.97895E-05 9.97895E-05 9.97895E-05 9.97895E-05 0.581752 9.97895E-05 0.116453 9.97895E-05 9.97895E-05 9.97895E-05 0.108305 9.97895E-05 9.97895E-05 9.97895E-05 9.97895E-05
9.97805E-05 9.97805E-05 9.97805E-05 9.97805E-05 0.881871 9.97805E-05 9.97805E-05 9.97805E-05 9.97805E-05 9.97805E-05 9.97805E-05 9.97805E-05 9.97805E-05 0.0336108 0.0688477 9.97805E-05 9.97805E-05 9.97805E-05 9.97805E-05 9.97805E-05 9.97805E-05 0.000865936 9.97805E-05 9.97805E-05 9.97805E-05 0.0123105 9.97805E-05 9.97805E-05 9.97805E-05 9.97805E-05
9.97631E-05 9.97631E-05 9.97631E-05 9.97631E-05 0.725549 9.97631E-05 9.97631E-05 9.97631E-05 9.97631E-05 9.97631E-05 9.97631E-05 9.97631E-05 9.97631E-05 9.97631E-05 9.97631E-05 9.97631E-05 9.97631E-05 9.97631E-05 9.97631E-05 0.12225 9.97631E-05 0.149508 9.97631E-05 9.97631E-05 9.97631E-05 9.97631E-05 9.97631E-05 9.97631E-05 9.97631E-05 9.97631E-05
9.97717E-05 0.156661 9.97717E-05 9.97717E-05 0.526035 0.0178088 9.97717E-05 9.97717E-05 9.97717E-05 9.97717E-05 9.97717E-05 9.97717E-05 9.97717E-05 9.97717E-05 9.97717E-05 9.97717E-05 9.97717E-05 9.97717E-05 9.97717E-05 9.97717E-05 9.97717E-05 0.296901 9.97717E-05 9.97717E-05 9.97717E-05 9.97717E-05 9.97717E-05 9.97717E-05 9.97717E-05 9.97717E-05
9.9772E-05 9.9772E-05 9.9772E-05 9.9772E-05 0.635714 9.9772E-05 9.9772E-05 9.9772E-05 9.9772E-05 9.9772E-05 9.9772E-05 9.9772E-05 9.9772E-05 0.0235886 9.9772E-05 9.9772E-05 9.9772E-05 9.9772E-05 9.9772E-05 9.9772E-05 9.9772E-05 0.158295 9.9772E-05 9.9772E-05 9.9772E-05 0.179808 9.9772E-05 9.9772E-05 9.9772E-05 9.9772E-05
9.97722E-05 0.0892037 9.97722E-05 9.97722E-05 9.97722E-05 9.97722E-05 0.451886 9.97722E-05 9.97722E-05 9.97722E-05 9.97722E-05 9.97722E-05 9.97722E-05 9.97722E-05 9.97722E-05 9.97722E-05 9.97722E-05 9.97722E-05 9.97722E-05 0.33634 9.97722E-05 9.97722E-05 9.97722E-05 9.97722E-05 9.97722E-05 0.119975 9.97722E-05 9.97722E-05 9.97722E-05 9.97722E-05
9.97984E-05 0.0268052 9.97984E-05 0.0552263 0.0393031 9.97984E-05 0.089513 9.97984E-05 9.97984E-05 9.97984E-05 9.97984E-05 9.97984E-05 9.97984E-05 9.97984E-05 9.97984E-05 9.97984E-05 9.97984E-05 9.97984E-05 9.97984E-05 0.64902 9.97984E-05 9.97984E-05 9.97984E-05 9.97984E-05 9.97984E-05 0.0761142 0.0617231 9.97984E-05 9.97984E-05 9.97984E-05
9.97808E-05 9.97808E-05 9.97808E-05 9.97808E-05 0.568869 9.97808E-05 9.97808E-05 9.97808E-05 9.97808E-05 9.97808E-05 9.97808E-05 9.97808E-05 0.0102169 9.97808E-05 0.200921 9.97808E-05 9.97808E-05 9.97808E-05 9.97808E-05 0.183562 9.97808E-05 0.0339366 9.97808E-05 9.97808E-05 9.97808E-05 9.97808E-05 9.97808E-05 9.97808E-05 9.97808E-05 9.97808E-05
9.9781E-05 9.9781E-05 9.9781E-05 9.9781E-05 9.9781E-05 9.9781E-05 0.044374 9.9781E-05 9.9781E-05 9.9781E-05 9.9781E-05 9.9781E-05 9.9781E-05 9.9781E-05 0.138695 9.9781E-05 9.9781E-05 9.9781E-05 9.9781E-05 0.408373 9.9781E-05 0.183546 9.9781E-05 9.9781E-05 9.9781E-05 0.222517 9.9781E-05 9.9781E-05 9.9781E-05 9.9781E-05
9.98246E-05 0.006213 9.98246E-05 9.98246E-05 0.264629 9.98246E-05 9.98246E-05 0.0332039 0.0723059 9.98246E-05 9.98246E-05 9.98246E-05 0.00925161 0.00595942 0.280263 9.98246E-05 9.98246E-05 9.98246E-05 9.98246E-05 0.228976 9.98246E-05 0.0270213 0.0701806 9.98246E-05 9.98246E-05 9.98246E-05 9.98246E-05 9.98246E-05 9.98246E-05 9.98246E-05
9.98071E-05 9.98071E-05 9.98071E-05 0.0131486 9.98071E-05 0.112357 9.98071E-05 9.98071E-05 9.98071E-05 9.98071E-05 9.98071E-05 9.98071E-05 0.00570487 9.98071E-05 9.98071E-05 9.98071E-05 9.98071E-05 9.98071E-05 9.98071E-05 0.589651 9.98071E-05 0.044232 9.98071E-05 9.98071E-05 9.98071E-05 0.170932 0.011037 0.050742 9.98071E-05 9.98071E-05
9.98069E-05 0.108643 9.98069E-05 9.98069E-05 0.364999 9.98069E-05 0.126919 9.98069E-05 0.00857401 9.98069E-05 9.98069E-05 9.98069E-05 9.98069E-05 9.98069E-05 9.98069E-05 0.017905 9.98069E-05 9.98069E-05 9.98069E-05 0.306148 9.98069E-05 0.0219502 9.98069E-05 9.98069E-05 9.98069E-05 0.0426672 9.98069E-05 9.98069E-05 9.98069E-05 9.98069E-05
9.97899E-05 9.97899E-05 9.97899E-05 9.97899E-05 0.13767 9.97899E-05 0.0816347 9.97899E-05 9.97899E-05 9.97899E-05 9.97899E-05 9.97899E-05 0.237949 9.97899E-05 9.97899E-05 9.97899E-05 9.97899E-05 9.97899E-05 9.97899E-05 0.416021 9.97899E-05 0.0943974 9.97899E-05 9.97899E-05 9.97899E-05 9.97899E-05 0.0299328 9.97899E-05 9.97899E-05 9.97899E-05
9.97808E-05 9.97808E-05 9.97808E-05 0.0529335 0.155996 9.97808E-05 0.227687 9.97808E-05 9.97808E-05 9.97808E-05 9.97808E-05 9.97808E-05 9.97808E-05 9.97808E-05 9.97808E-05 9.97808E-05 9.97808E-05 9.97808E-05 9.97808E-05 0.54568 9.97808E-05 9.97808E-05 9.97808E-05 9.97808E-05 9.97808E-05 9.97808E-05 9.97808E-05 0.0152088 9.97808E-05 9.97808E-05
9.98069E-05 9.98069E-05 9.98069E-05 0.0142021 0.210462 9.98069E-05 9.98069E-05 0.0298472 9.98069E-05 9.98069E-05 9.98069E-05 9.98069E-05 0.0229539 9.98069E-05 9.98069E-05 0.0712648 9.98069E-05 9.98069E-05 9.98069E-05 0.301318 9.98069E-05 9.98069E-05 9.98069E-05 9.98069E-05 9.98069E-05 0.0492236 0.298533 9.98069E-05 9.98069E-05 9.98069E-05
9.9807E-05 0.0429573 0.00490624 9.9807E-05 9.9807E-05 9.9807E-05 9.9807E-05 0.0342034 9.9807E-05 9.9807E-05 9.9807E-05 9.9807E-05 0.0741268 9.9807E-05 0.0675808 9.9807E-05 9.9807E-05 9.9807E-05 0.00595619 0.622928 9.9807E-05 9.9807E-05 9.9807E-05 9.9807E-05 9.9807E-05 0.145146 9.9807E-05 9.9807E-05 9.9807E-05 9.9807E-05
9.9772E-05 9.9772E-05 9.9772E-05 0.00254885 0.0727404 9.9772E-05 9.9772E-05 9.9772E-05 9.9772E-05 9.9772E-05 9.9772E-05 9.9772E-05 9.9772E-05 0.0909554 9.9772E-05 9.9772E-05 9.9772E-05 9.9772E-05 9.9772E-05 0.831161 9.9772E-05 9.9772E-05 9.9772E-05 9.9772E-05 9.9772E-05 9.9772E-05 9.9772E-05 9.9772E-05 9.9772E-05 9.9772E-05
9.97807E-05 0.0414673 9.97807E-05 9.97807E-05 9.97807E-05 9.97807E-05 9.97807E-05 9.97807E-05 9.97807E-05 9.97807E-05 9.97807E-05 9.97807E-05 9.97807E-05 9.97807E-05 9.97807E-05 0.0221217 9.97807E-05 9.97807E-05 9.97807E-05 0.57282 9.97807E-05 0.175871 9.97807E-05 9.97807E-05 9.97807E-05 0.185225 9.97807E-05 9.97807E-05 9.97807E-05 9.97807E-05
9.97983E-05 9.97983E-05 0.0346567 9.97983E-05 0.197619 9.97983E-05 0.0885884 9.97983E-05 9.97983E-05 9.97983E-05 9.97983E-05 9.97983E-05 9.97983E-05 9.97983E-05 0.161629 9.97983E-05 9.97983E-05 9.97983E-05 9.97983E-05 0.372964 0.00661464 0.135633 9.97983E-05 9.97983E-05 9.97983E-05 9.97983E-05 9.97983E-05 9.97983E-05 9.97983E-05 9.97983E-05
9.97807E-05 0.0417133 9.97807E-05 9.97807E-05 9.97807E-05 9.97807E-05 9.97807E-05 9.97807E-05 9.97807E-05 9.97807E-05 9.97807E-05 9.97807E-05 9.97807E-05 9.97807E-05 9.97807E-05 0.0246875 9.97807E-05 9.97807E-05 9.97807E-05 0.558259 9.97807E-05 0.182711 9.97807E-05 9.97807E-05 9.97807E-05 0.190135 9.97807E-05 9.97807E-05 9.97807E-05 9.97807E-05
9.97897E-05 0.0491055 9.97897E-05 9.97897E-05 0.409452 9.97897E-05 0.270153 9.97897E-05 9.97897E-05 9.97897E-05 9.97897E-05 9.97897E-05 9.97897E-05 9.97897E-05 0.0267781 9.97897E-05 9.97897E-05 9.97897E-05 9.97897E-05 9.97897E-05 9.97897E-05 0.103886 9.97897E-05 9.97897E-05 9.97897E-05 0.13823 9.97897E-05 9.97897E-05 9.97897E-05 9.97897E-05
9.97984E-05 9.97984E-05 0.0562195 9.97984E-05 9.97984E-05 9.97984E-05 9.97984E-05 9.97984E-05 9.97984E-05 9.97984E-05 9.97984E-05 0.0480006 9.97984E-05 9.97984E-05 0.557009 9.97984E-05 9.97984E-05 9.97984E-05 9.97984E-05 9.97984E-05 9.97984E-05 9.97984E-05 0.00583536 9.97984E-05 9.97984E-05 0.032451 0.2231 9.97984E-05 0.0750892 9.97984E-05
9.97891E-05 9.97891E-05 9.97891E-05 9.97891E-05 0.523917 9.97891E-05 9.97891E-05 9.97891E-05 9.97891E-05 0.0147412 9.97891E-05 9.97891E-05 9.97891E-05 9.97891E-05 9.97891E-05 9.97891E-05 9.97891E-05 9.97891E-05 9.97891E-05 0.388987 9.97891E-05 0.0256183 9.97891E-05 9.97891E-05 9.97891E-05 0.0339684 9.97891E-05 0.0103729 9.97891E-05 9.97891E-05
