0.0277062 9.99561E-05 0.831508 0.140286 9.99561E-05 9.99561E-05 9.99561E-05 9.99561E-05
9.99562E-05 9.99562E-05 0.919689 0.0550173 9.99562E-05 0.0247941 9.99562E-05 9.99562E-05
9.99737E-05 9.99737E-05 0.921723 0.026579 0.0283088 0.00966826 9.99737E-05 0.0134213
9.99649E-05 9.99649E-05 0.316754 0.0534662 9.99649E-05 0.504435 9.99649E-05 0.124944
9.99563E-05 9.99563E-05 0.674449 9.99563E-05 9.99563E-05 0.314534 9.99563E-05 0.0105171
9.99737E-05 9.99737E-05 0.352658 0.00595852 9.99737E-05 0.348851 0.176913 0.115319
9.99649E-05 9.99649E-05 0.506521 0.159532 0.0338766 0.29967 9.99649E-05 9.99649E-05
0.0168542 9.99825E-05 0.244473 0.0525719 0.0950402 0.403888 0.186973 9.99825E-05
9.99649E-05 0.0616451 0.519126 9.99649E-05 9.99649E-05 0.120928 0.297902 9.99649E-05
0.0162248 9.99475E-05 0.983176 9.99475E-05 9.99475E-05 9.99475E-05 9.99475E-05 9.99475E-05
9.99474E-05 9.99474E-05 0.803064 0.196336 9.99474E-05 9.99474E-05 9.99474E-05 9.99474E-05
9.99563E-05 9.99563E-05 0.857166 0.0426089 9.99563E-05 0.0997251 9.99563E-05 9.99563E-05
9.99562E-05 9.99562E-05 0.90538 0.0229392 9.99562E-05 0.0711811 9.99562E-05 9.99562E-05
9.9965E-05 9.9965E-05 0.655711 0.089541 0.0437014 9.9965E-05 9.9965E-05 0.210647
9.99737E-05 0.0275676 0.648278 9.99737E-05 9.99737E-05 0.0618493 0.149583 0.112423
9.99649E-05 9.99649E-05 0.41125 9.99649E-05 0.00126611 0.371485 0.215599 9.99649E-05
9.99737E-05 9.99737E-05 0.68218 0.0639062 0.0425021 0.0936642 9.99737E-05 0.117448
0.213534 0.129092 0.494264 9.99751E-05 9.99751E-05 0.0871649 0.0756457 9.99751E-05
0.0710449 9.99737E-05 0.628685 0.0758261 9.99737E-05 0.0425275 0.181617 9.99737E-05
9.9965E-05 0.0384072 0.944402 0.0106013 9.9965E-05 0.00619008 9.9965E-05 9.9965E-05
9.9965E-05 9.9965E-05 0.510351 0.0723874 9.9965E-05 0.311175 0.105687 9.9965E-05
9.99649E-05 9.99649E-05 0.330746 0.0257143 9.99649E-05 0.491559 0.151581 9.99649E-05
0.0250401 0.00406197 0.821039 0.0940905 9.99737E-05 9.99737E-05 9.99737E-05 0.0554688
9.99474E-05 9.99474E-05 0.867609 9.99474E-05 0.131792 9.99474E-05 9.99474E-05 9.99474E-05
9.99824E-05 0.143754 0.486335 0.13117 9.99824E-05 0.0214726 0.0105492 0.206519
9.9965E-05 9.9965E-05 0.720289 0.0336068 9.9965E-05 0.203946 9.9965E-05 0.0417586
0.180204 0.0533128 0.279305 9.99824E-05 0.0702911 0.0914647 9.99824E-05 0.325222
9.99563E-05 9.99563E-05 0.817794 0.0193944 9.99563E-05 0.162312 9.99563E-05 9.99563E-05
9.99562E-05 0.0347329 0.956071 0.00869592 9.99562E-05 9.99562E-05 9.99562E-05 9.99562E-05
9.99562E-05 9.99562E-05 0.873861 0.0439608 9.99562E-05 9.99562E-05 9.99562E-05 0.0816779
9.99562E-05 0.0140599 0.845158 0.140283 9.99562E-05 9.99562E-05 9.99562E-05 9.99562E-05
9.9965E-05 9.9965E-05 0.521711 0.0833468 9.9965E-05 0.117503 9.9965E-05 0.277039
9.99561E-05 9.99561E-05 0.787263 0.133998 0.078239 9.99561E-05 9.99561E-05 9.99561E-05
0.0111657 9.99737E-05 0.582911 9.99737E-05 0.143365 0.0431709 9.99737E-05 0.219088
9.99475E-05 9.99475E-05 0.903814 0.0955858 9.99475E-05 9.99475E-05 9.99475E-05 9.99475E-05
9.99562E-05 9.99562E-05 0.789653 0.0497353 9.99562E-05 0.160112 9.99562E-05 9.99562E-05
9.99563E-05 9.99563E-05 0.785655 0.0904001 0.123445 9.99563E-05 9.99563E-05 9.99563E-05
0.084476 0.0423117 0.731362 9.99738E-05 9.99738E-05 9.99738E-05 0.125708 0.0158426
9.9965E-05 9.9965E-05 0.745438 0.0343033 9.9965E-05 0.0886595 9.9965E-05 0.1312
9.99561E-05 9.99561E-05 0.619024 9.99561E-05 0.117838 9.99561E-05 9.99561E-05 0.262638
9.99562E-05 9.99562E-05 0.788903 0.0814743 9.99562E-05 0.129122 9.99562E-05 9.99562E-05
0.00114513 9.9965E-05 0.848566 0.0419206 9.9965E-05 0.107969 9.9965E-05 9.9965E-05
9.99563E-05 9.99563E-05 0.770051 9.99563E-05 9.99563E-05 0.0840022 9.99563E-05 0.145447
9.99649E-05 9.99649E-05 0.792615 0.0901881 9.99649E-05 0.0227888 0.0940084 9.99649E-05
9.99561E-05 9.99561E-05 0.595553 0.00821762 9.99561E-05 0.39573 9.99561E-05 9.99561E-05
9.99475E-05 9.99475E-05 0.856604 9.99475E-05 9.99475E-05 0.142796 9.99475E-05 9.99475E-05
0.0499676 9.9965E-05 0.859844 0.0208623 9.9965E-05 0.0689267 9.9965E-05 9.9965E-05
9.99475E-05 9.99475E-05 0.990838 9.99475E-05 0.00856257 9.99475E-05 9.99475E-05 9.99475E-05
9.99562E-05 9.99562E-05 0.783087 0.163612 9.99562E-05 0.0528014 9.99562E-05 9.99562E-05
9.99651E-05 9.99651E-05 0.756054 0.0573574 0.127153 0.0590359 9.99651E-05 9.99651E-05
9.99736E-05 9.99736E-05 0.548873 0.146687 9.99736E-05 0.184297 0.0695377 0.050305
9.99563E-05 9.99563E-05 0.592658 9.99563E-05 0.0128492 0.393993 9.99563E-05 9.99563E-05
0.0842628 9.99476E-05 0.915138 9.99476E-05 9.99476E-05 9.99476E-05 9.99476E-05 9.99476E-05
9.9965E-05 9.9965E-05 0.672365 0.0223363 0.27577 9.9965E-05 9.9965E-05 0.0291285
9.99563E-05 9.99563E-05 0.876342 9.99563E-05 0.0111567 0.112002 9.99563E-05 9.99563E-05
9.99738E-05 9.99738E-05 0.639774 0.0472238 0.0641586 0.0710097 9.99738E-05 0.177534
0.0943434 9.99562E-05 0.674699 9.99562E-05 9.99562E-05 0.230458 9.99562E-05 9.99562E-05
9.99563E-05 9.99563E-05 0.843936 0.0768182 9.99563E-05 0.0787457 9.99563E-05 9.99563E-05
9.99563E-05 9.99563E-05 0.899515 0.0553525 9.99563E-05 0.0446323 9.99563E-05 9.99563E-05
0.126006 9.99737E-05 0.622443 0.0985174 9.99737E-05 9.99737E-05 0.111757 0.0409762
9.99562E-05 9.99562E-05 0.823975 9.99562E-05 0.114459 0.0610659 9.99562E-05 9.99562E-05
0.141996 9.99825E-05 0.625145 0.0388888 0.0939757 9.99825E-05 0.00797246 0.0918212
0.0990098 9.99824E-05 0.216827 0.0289883 0.0411944 9.99824E-05 0.229589 0.384192
0.00314131 0.0726883 0.527218 0.0596217 0.161747 9.99824E-05 0.175384 9.99824E-05
0.161977 9.99736E-05 0.69224 0.0138952 9.99736E-05 9.99736E-05 0.0882103 0.0433775
0.0518001 0.00754131 0.631355 0.090236 0.0250423 0.0445868 0.149339 9.99912E-05
0.219687 9.99737E-05 0.440959 9.99737E-05 0.0322174 9.99737E-05 0.205444 0.101393
0.0987661 9.99649E-05 0.682603 9.99649E-05 0.0352515 9.99649E-05 9.99649E-05 0.182979
9.99562E-05 9.99562E-05 0.781096 0.199281 9.99562E-05 9.99562E-05 0.0191229 9.99562E-05
0.110825 0.0767706 0.528914 0.175717 0.00270557 9.99824E-05 0.104868 9.99824E-05
9.99736E-05 9.99736E-05 0.500543 0.104724 0.112976 0.195793 0.0856645 9.99736E-05
9.99824E-05 9.99824E-05 0.311492 0.199795 0.114718 0.107055 0.225721 0.0410196
9.99736E-05 9.99736E-05 0.729269 0.00376136 0.0832462 0.0981976 0.0852256 9.99736E-05
9.9965E-05 9.9965E-05 0.541826 0.0925624 0.167551 9.9965E-05 9.9965E-05 0.197661
0.0336169 9.99737E-05 0.720163 0.122233 9.99737E-05 0.0607426 0.0629444 9.99737E-05
0.222829 9.99824E-05 0.297259 9.99824E-05 0.0816398 0.168091 0.0145047 0.215477
9.99737E-05 9.99737E-05 0.383125 0.246327 0.042873 0.173854 0.153521 9.99737E-05
0.162465 9.99649E-05 0.691005 0.0898001 9.99649E-05 9.99649E-05 0.0563296 9.99649E-05
0.128451 0.00288662 0.578217 0.0410195 0.036498 0.103093 0.0459392 0.0638954
9.99738E-05 9.99738E-05 0.800761 0.0147614 0.0853224 0.02501 9.99738E-05 0.0738455
0.0491749 9.99824E-05 0.731764 9.99824E-05 0.140967 0.00253101 0.0744388 0.000924168
0.0307154 9.99825E-05 0.587589 0.0416082 0.0232279 9.99825E-05 0.0185291 0.29813
0.0994916 9.99912E-05 0.413185 0.0180111 0.0880104 0.251049 0.0573204 0.0728316
9.99561E-05 9.99561E-05 0.635205 0.286038 9.99561E-05 9.99561E-05 0.0782578 9.99561E-05
9.9965E-05 9.9965E-05 0.680251 0.0970316 9.9965E-05 9.9965E-05 0.112551 0.109767
0.107327 9.99737E-05 0.773071 9.99737E-05 0.0517859 9.99737E-05 0.00404022 0.0634767
0.0348195 9.9965E-05 0.796469 9.9965E-05 0.114422 9.9965E-05 0.0538896 9.9965E-05
0.278324 9.99649E-05 0.596904 9.99649E-05 9.99649E-05 0.0651823 0.0591896 9.99649E-05
9.99737E-05 9.99737E-05 0.630432 0.000942029 0.0383067 9.99737E-05 0.129867 0.200152
9.99473E-05 9.99473E-05 9.99473E-05 9.99473E-05 9.99473E-05 9.99473E-05 0.12597 0.87343
9.994E-05 9.994E-05 9.994E-05 9.994E-05 9.994E-05 9.994E-05 9.994E-05 0.9993
0.00373184 9.99736E-05 9.99736E-05 0.105638 9.99736E-05 0.0277882 0.00924608 0.853296
0.0672675 9.99648E-05 9.99648E-05 0.0607638 9.99648E-05 9.99648E-05 0.152677 0.718892
0.0872505 0.0371578 9.99736E-05 9.99736E-05 0.0501085 9.99736E-05 0.122089 0.703094
9.99561E-05 9.99561E-05 9.99561E-05 9.99561E-05 9.99561E-05 0.00673752 0.249444 0.743319
0.0337858 9.99648E-05 9.99648E-05 0.0453166 9.99648E-05 9.99648E-05 0.121721 0.798777
0.0316889 9.99561E-05 9.99561E-05 9.99561E-05 9.99561E-05 9.99561E-05 0.289439 0.678372
9.9956E-05 9.9956E-05 9.9956E-05 0.0688745 9.9956E-05 9.9956E-05 0.496969 0.433657
0.030973 9.99736E-05 0.10832 9.99736E-05 9.99736E-05 0.0169838 0.234023 0.6094
9.99562E-05 9.99562E-05 9.99562E-05 0.00233231 9.99562E-05 9.99562E-05 0.149505 0.847663
9.99561E-05 9.99561E-05 9.99561E-05 0.0712439 9.99561E-05 9.99561E-05 0.0101325 0.918124
9.99473E-05 9.99473E-05 9.99473E-05 9.99473E-05 9.99473E-05 9.99473E-05 0.0962063 0.903194
9.99561E-05 9.99561E-05 0.0476218 9.99561E-05 9.99561E-05 9.99561E-05 0.143125 0.808754
0.138822 9.99737E-05 9.99737E-05 0.00828478 0.00964984 9.99737E-05 0.0958447 0.747099
9.99824E-05 0.0513535 0.028668 0.0459396 0.00814661 9.99824E-05 0.119443 0.746249
9.99561E-05 0.0991344 9.99561E-05 9.99561E-05 9.99561E-05 9.99561E-05 0.19301 0.707356
9.99649E-05 9.99649E-05 9.99649E-05 0.11731 0.0286774 9.99649E-05 0.201452 0.652161
9.99561E-05 9.99561E-05 9.99561E-05 0.0661792 9.99561E-05 9.99561E-05 0.0468184 0.886503
9.99561E-05 0.120726 9.99561E-05 9.99561E-05 9.99561E-05 9.99561E-05 0.129352 0.749422
9.99649E-05 9.99649E-05 9.99649E-05 9.99649E-05 0.0606992 0.0125218 0.0842101 0.842169
0.0751419 9.99648E-05 9.99648E-05 0.0142127 9.99648E-05 9.99648E-05 0.0977642 0.812481
9.99649E-05 0.120692 9.99649E-05 0.0114019 9.99649E-05 9.99649E-05 0.365187 0.502319
9.99473E-05 9.99473E-05 9.99473E-05 9.99473E-05 9.99473E-05 9.99473E-05 0.109107 0.890294
9.99649E-05 0.14024 9.99649E-05 9.99649E-05 9.99649E-05 0.00657527 0.361324 0.491461
0.0138658 9.99737E-05 0.0587776 9.99737E-05 0.0352989 9.99737E-05 0.266295 0.625463
9.99475E-05 0.0271838 9.99475E-05 9.99475E-05 9.99475E-05 9.99475E-05 9.99475E-05 0.972216
9.99824E-05 0.0755179 9.99824E-05 0.00978832 0.0439625 0.00920253 0.0793522 0.781977
9.99649E-05 0.00117257 0.0411183 9.99649E-05 9.99649E-05 9.99649E-05 0.392052 0.565257
9.99649E-05 0.0757765 9.99649E-05 0.0438411 9.99649E-05 9.99649E-05 0.0404632 0.839519
9.99649E-05 9.99649E-05 0.0458934 0.0871008 9.99649E-05 9.99649E-05 0.0807429 0.785863
9.99648E-05 0.0710808 9.99648E-05 0.0407853 0.0396877 9.99648E-05 9.99648E-05 0.848046
9.99648E-05 0.234404 9.99648E-05 0.0344092 9.99648E-05 9.99648E-05 0.387825 0.342962
9.99736E-05 0.0430558 9.99736E-05 0.0349597 9.99736E-05 0.0306847 0.110468 0.780532
0.0115533 9.99473E-05 9.99473E-05 9.99473E-05 9.99473E-05 9.99473E-05 9.99473E-05 0.987847
9.99561E-05 9.99561E-05 9.99561E-05 0.134135 9.99561E-05 9.99561E-05 0.0977097 0.767655
0.069305 9.99648E-05 9.99648E-05 0.026832 9.99648E-05 9.99648E-05 0.170462 0.733001
9.99474E-05 9.99474E-05 9.99474E-05 9.99474E-05 9.99474E-05 9.99474E-05 0.0518648 0.947535
0.00690449 9.99649E-05 9.99649E-05 0.00717742 9.99649E-05 9.99649E-05 0.0317654 0.953753
9.994E-05 9.994E-05 9.994E-05 9.994E-05 9.994E-05 9.994E-05 9.994E-05 0.9993
9.994E-05 9.994E-05 9.994E-05 9.994E-05 9.994E-05 9.994E-05 9.994E-05 0.9993
9.99824E-05 0.00286522 0.0850179 0.0184473 9.99824E-05 0.0870878 0.253648 0.552734
9.99736E-05 0.0369325 9.99736E-05 9.99736E-05 0.0327155 0.0135843 0.238805 0.677663
9.99474E-05 9.99474E-05 9.99474E-05 9.99474E-05 9.99474E-05 9.99474E-05 0.199418 0.799982
9.994E-05 9.994E-05 9.994E-05 9.994E-05 9.994E-05 9.994E-05 9.994E-05 0.9993
0.0585198 0.0548712 9.99912E-05 0.058232 0.065439 0.0485655 0.379918 0.334354
0.0464281 9.99737E-05 0.0498993 0.0416381 9.99737E-05 9.99737E-05 0.15716 0.704575
0.0037761 9.99649E-05 9.99649E-05 9.99649E-05 0.13731 9.99649E-05 0.237071 0.621444
9.99736E-05 0.0720833 0.147015 0.0276602 9.99736E-05 9.99736E-05 0.374126 0.378816
9.994E-05 9.994E-05 9.994E-05 9.994E-05 9.994E-05 9.994E-05 9.994E-05 0.9993
9.99912E-05 0.0106277 0.0174494 0.0427282 0.0638164 0.219929 0.00592885 0.63942
9.99474E-05 9.99474E-05 9.99474E-05 9.99474E-05 9.99474E-05 9.99474E-05 0.0740133 0.925387
0.0477644 9.99649E-05 9.99649E-05 0.0868662 9.99649E-05 9.99649E-05 0.108678 0.756292
9.99649E-05 9.99649E-05 9.99649E-05 9.99649E-05 0.0154059 0.0502778 0.223872 0.710044
0.0783007 0.0332069 9.99736E-05 0.0154434 0.0369996 9.99736E-05 9.99736E-05 0.835749
9.99736E-05 0.0243922 0.113178 9.99736E-05 9.99736E-05 0.0233856 0.32046 0.518284
9.99472E-05 9.99472E-05 9.99472E-05 9.99472E-05 9.99472E-05 9.99472E-05 0.209291 0.79011
9.99824E-05 0.0324967 9.99824E-05 0.0633758 0.0369497 0.0531862 0.054913 0.758879
9.99649E-05 0.145755 9.99649E-05 9.99649E-05 0.017448 9.99649E-05 0.0256333 0.810764
9.99473E-05 9.99473E-05 9.99473E-05 9.99473E-05 9.99473E-05 9.99473E-05 0.223251 0.776149
9.99471E-05 0.0831515 0.916249 9.99471E-05 9.99471E-05 9.99471E-05 9.99471E-05 9.99471E-05
9.994E-05 9.994E-05 9.994E-05 9.994E-05 9.994E-05 9.994E-05 0.9993 9.994E-05
9.99559E-05 0.0181088 0.940466 9.99559E-05 9.99559E-05 9.99559E-05 0.0409258 9.99559E-05
9.994E-05 9.994E-05 9.994E-05 9.994E-05 9.994E-05 9.994E-05 0.9993 9.994E-05
9.994E-05 9.994E-05 9.994E-05 9.994E-05 9.994E-05 9.994E-05 0.9993 9.994E-05
9.994E-05 9.994E-05 9.994E-05 9.994E-05 9.994E-05 9.994E-05 0.9993 9.994E-05
9.99471E-05 0.00965789 0.989742 9.99471E-05 9.99471E-05 9.99471E-05 9.99471E-05 9.99471E-05
9.994E-05 9.994E-05 9.994E-05 9.994E-05 9.994E-05 9.994E-05 0.9993 9.994E-05
9.994E-05 9.994E-05 9.994E-05 9.994E-05 9.994E-05 9.994E-05 0.9993 9.994E-05
9.99559E-05 0.0508169 0.920825 9.99559E-05 9.99559E-05 9.99559E-05 0.0278583 9.99559E-05
9.99559E-05 0.0450952 0.851022 9.99559E-05 9.99559E-05 9.99559E-05 0.103383 9.99559E-05
9.99559E-05 0.0202768 0.919957 9.99559E-05 9.99559E-05 9.99559E-05 0.0592662 9.99559E-05
9.994E-05 9.994E-05 9.994E-05 9.994E-05 9.994E-05 9.994E-05 0.9993 9.994E-05
9.994E-05 9.994E-05 9.994E-05 9.994E-05 9.994E-05 9.994E-05 0.9993 9.994E-05
0.00390461 0.107095 0.853862 9.99647E-05 9.99647E-05 9.99647E-05 0.0347382 9.99647E-05
9.99471E-05 0.090059 0.909341 9.99471E-05 9.99471E-05 9.99471E-05 9.99471E-05 9.99471E-05
0.0273407 0.112968 9.99824E-05 9.99824E-05 0.105297 0.111357 0.122205 0.520632
9.99471E-05 0.0395109 0.959889 9.99471E-05 9.99471E-05 9.99471E-05 9.99471E-05 9.99471E-05
9.994E-05 9.994E-05 9.994E-05 9.994E-05 9.994E-05 9.994E-05 0.9993 9.994E-05
9.99471E-05 9.99471E-05 0.998592 9.99471E-05 9.99471E-05 9.99471E-05 0.000807836 9.99471E-05
9.99559E-05 0.0390153 0.916021 9.99559E-05 9.99559E-05 9.99559E-05 0.0444644 9.99559E-05
9.99559E-05 0.0257817 0.92611 9.99559E-05 9.99559E-05 9.99559E-05 0.047609 9.99559E-05
9.994E-05 9.994E-05 9.994E-05 9.994E-05 9.994E-05 9.994E-05 0.9993 9.994E-05
9.99471E-05 9.99471E-05 0.946766 9.99471E-05 9.99471E-05 9.99471E-05 0.0526338 9.99471E-05
9.994E-05 9.994E-05 9.994E-05 9.994E-05 9.994E-05 9.994E-05 0.9993 9.994E-05
9.99559E-05 0.0537777 0.934054 9.99559E-05 9.99559E-05 9.99559E-05 0.011668 9.99559E-05
9.994E-05 9.994E-05 0.9993 9.994E-05 9.994E-05 9.994E-05 9.994E-05 9.994E-05
9.994E-05 9.994E-05 9.994E-05 9.994E-05 9.994E-05 9.994E-05 0.9993 9.994E-05
9.994E-05 9.994E-05 9.994E-05 9.994E-05 9.994E-05 9.994E-05 0.9993 9.994E-05
9.994E-05 9.994E-05 9.994E-05 9.994E-05 9.994E-05 9.994E-05 0.9993 9.994E-05
9.99559E-05 0.0620329 0.936737 9.99559E-05 9.99559E-05 9.99559E-05 0.000730488 9.99559E-05
9.99471E-05 0.0444364 0.954964 9.99471E-05 9.99471E-05 9.99471E-05 9.99471E-05 9.99471E-05
9.99471E-05 9.99471E-05 0.962208 9.99471E-05 9.99471E-05 9.99471E-05 0.0371926 9.99471E-05
9.99559E-05 0.0250005 0.938378 9.99559E-05 9.99559E-05 9.99559E-05 0.0361214 9.99559E-05
9.99559E-05 0.0247682 0.900935 9.99559E-05 9.99559E-05 9.99559E-05 0.0737966 9.99559E-05
9.994E-05 9.994E-05 9.994E-05 9.994E-05 9.994E-05 9.994E-05 0.9993 9.994E-05
9.994E-05 9.994E-05 9.994E-05 9.994E-05 9.994E-05 9.994E-05 0.9993 9.994E-05
9.994E-05 9.994E-05 9.994E-05 9.994E-05 9.994E-05 9.994E-05 0.9993 9.994E-05
9.99559E-05 0.0245828 0.92283 9.99559E-05 9.99559E-05 9.99559E-05 0.0520874 9.99559E-05
9.994E-05 9.994E-05 9.994E-05 9.994E-05 9.994E-05 9.994E-05 0.9993 9.994E-05
9.994E-05 9.994E-05 9.994E-05 9.994E-05 9.994E-05 9.994E-05 0.9993 9.994E-05
9.994E-05 9.994E-05 9.994E-05 9.994E-05 9.994E-05 9.994E-05 0.9993 9.994E-05
9.994E-05 9.994E-05 9.994E-05 9.994E-05 9.994E-05 9.994E-05 0.9993 9.994E-05
9.99559E-05 0.0635613 0.914654 9.99559E-05 9.99559E-05 9.99559E-05 0.0212847 9.99559E-05
9.994E-05 9.994E-05 9.994E-05 9.994E-05 9.994E-05 9.994E-05 0.9993 9.994E-05
9.994E-05 9.994E-05 9.994E-05 9.994E-05 9.994E-05 9.994E-05 0.9993 9.994E-05
0.00875331 0.104128 9.99824E-05 9.99824E-05 0.102794 0.0876953 0.151625 0.544804
9.99471E-05 0.0148412 0.984559 9.99471E-05 9.99471E-05 9.99471E-05 9.99471E-05 9.99471E-05
9.994E-05 9.994E-05 9.994E-05 9.994E-05 9.994E-05 9.994E-05 0.9993 9.994E-05
9.994E-05 9.994E-05 9.994E-05 9.994E-05 9.994E-05 9.994E-05 0.9993 9.994E-05
9.994E-05 9.994E-05 9.994E-05 9.994E-05 9.994E-05 9.994E-05 0.9993 9.994E-05
9.994E-05 9.994E-05 9.994E-05 9.994E-05 9.994E-05 9.994E-05 0.9993 9.994E-05
9.99559E-05 0.11068 0.868702 9.99559E-05 9.99559E-05 9.99559E-05 0.0201187 9.99559E-05
9.994E-05 9.994E-05 9.994E-05 9.994E-05 9.994E-05 9.994E-05 0.9993 9.994E-05
9.99559E-05 0.0569494 0.929204 9.99559E-05 9.99559E-05 9.99559E-05 0.0133471 9.99559E-05
9.994E-05 9.994E-05 9.994E-05 9.994E-05 9.994E-05 9.994E-05 0.9993 9.994E-05
0.00584583 0.0671031 0.911723 9.99647E-05 9.99647E-05 9.99647E-05 0.014928 9.99647E-05
9.994E-05 9.994E-05 9.994E-05 9.994E-05 9.994E-05 9.994E-05 0.9993 9.994E-05
9.994E-05 9.994E-05 9.994E-05 9.994E-05 9.994E-05 9.994E-05 0.9993 9.994E-05
9.994E-05 9.994E-05 9.994E-05 9.994E-05 9.994E-05 9.994E-05 0.9993 9.994E-05
9.994E-05 9.994E-05 9.994E-05 9.994E-05 9.994E-05 9.994E-05 0.9993 9.994E-05
9.994E-05 9.994E-05 9.994E-05 9.994E-05 9.994E-05 9.994E-05 0.9993 9.994E-05
9.994E-05 9.994E-05 9.994E-05 9.994E-05 9.994E-05 9.994E-05 0.9993 9.994E-05
9.99559E-05 0.059817 0.914704 9.99559E-05 9.99559E-05 9.99559E-05 0.0249789 9.99559E-05
9.99559E-05 0.0345991 0.925528 9.99559E-05 9.99559E-05 9.99559E-05 0.0393733 9.99559E-05
9.99471E-05 0.0575235 0.941877 9.99471E-05 9.99471E-05 9.99471E-05 9.99471E-05 9.99471E-05
9.994E-05 9.994E-05 9.994E-05 9.994E-05 9.994E-05 9.994E-05 0.9993 9.994E-05
9.99559E-05 0.0120961 0.969891 9.99559E-05 9.99559E-05 9.99559E-05 0.0175127 9.99559E-05
9.99471E-05 9.99471E-05 0.960059 9.99471E-05 9.99471E-05 9.99471E-05 0.039341 9.99471E-05
9.99559E-05 0.0639751 0.896055 9.99559E-05 9.99559E-05 9.99559E-05 0.0394697 9.99559E-05
9.994E-05 9.994E-05 9.994E-05 9.994E-05 9.994E-05 9.994E-05 0.9993 9.994E-05
9.994E-05 9.994E-05 9.994E-05 9.994E-05 9.994E-05 9.994E-05 0.9993 9.994E-05
9.994E-05 9.994E-05 9.994E-05 9.994E-05 9.994E-05 9.994E-05 0.9993 9.994E-05
9.99471E-05 9.99471E-05 0.985837 9.99471E-05 9.99471E-05 9.99471E-05 0.0135628 9.99471E-05
9.994E-05 9.994E-05 9.994E-05 9.994E-05 9.994E-05 9.994E-05 0.9993 9.994E-05
9.994E-05 9.994E-05 9.994E-05 9.994E-05 9.994E-05 9.994E-05 0.9993 9.994E-05
9.99471E-05 0.0382083 0.961192 9.99471E-05 9.99471E-05 9.99471E-05 9.99471E-05 9.99471E-05
9.994E-05 9.994E-05 9.994E-05 9.994E-05 9.994E-05 9.994E-05 0.9993 9.994E-05
9.994E-05 9.994E-05 9.994E-05 9.994E-05 9.994E-05 9.994E-05 0.9993 9.994E-05
0.0920311 0.0179376 0.0879096 0.150077 0.0356143 9.99912E-05 0.171402 0.444928
9.99559E-05 0.0081218 0.976378 9.99559E-05 9.99559E-05 9.99559E-05 0.0150001 9.99559E-05
9.994E-05 9.994E-05 9.994E-05 9.994E-05 9.994E-05 9.994E-05 0.9993 9.994E-05
0.00163973 9.99737E-05 9.99737E-05 0.0505998 0.0893981 9.99737E-05 0.454037 0.404026
9.99649E-05 0.0590372 9.99649E-05 9.99649E-05 9.99649E-05 0.0738489 0.275382 0.591332
9.99736E-05 0.0236773 0.00453664 9.99736E-05 9.99736E-05 0.0571032 0.254544 0.659839
0.0642624 0.053929 9.99648E-05 9.99648E-05 0.0740728 9.99648E-05 9.99648E-05 0.807336
9.99648E-05 0.00236654 0.0161853 9.99648E-05 9.99648E-05 9.99648E-05 0.361575 0.619474
0.00338644 9.99563E-05 9.99563E-05 9.99563E-05 9.99563E-05 9.99563E-05 0.10927 0.886843
9.99824E-05 0.0460481 0.0951036 0.0195793 9.99824E-05 0.0550339 0.349971 0.434064
0.0671507 0.0519427 9.99736E-05 0.0775506 9.99736E-05 9.99736E-05 0.21635 0.586706
9.99474E-05 9.99474E-05 9.99474E-05 9.99474E-05 9.99474E-05 9.99474E-05 0.246168 0.753232
9.99648E-05 0.0532953 9.99648E-05 9.99648E-05 0.0247129 0.0586957 9.99648E-05 0.862896
9.99649E-05 9.99649E-05 0.0118664 0.114443 9.99649E-05 9.99649E-05 0.149686 0.723605
9.9956E-05 9.9956E-05 9.9956E-05 9.9956E-05 9.9956E-05 0.0226757 0.563535 0.41329
0.0549765 9.99736E-05 0.216612 9.99736E-05 0.109519 9.99736E-05 0.252453 0.36614
0.087135 0.0496158 9.99648E-05 9.99648E-05 9.99648E-05 9.99648E-05 0.0614711 0.801378
9.9956E-05 9.9956E-05 9.9956E-05 0.0534965 9.9956E-05 9.9956E-05 0.176745 0.769259
9.99649E-05 9.99649E-05 9.99649E-05 0.0468864 9.99649E-05 0.109409 0.404197 0.439108
9.99561E-05 0.0101947 9.99561E-05 9.99561E-05 9.99561E-05 9.99561E-05 0.209027 0.780278
0.0249688 0.000911649 0.134911 0.071359 0.0950779 9.99912E-05 0.115907 0.556764
9.99648E-05 0.154858 9.99648E-05 0.0298991 9.99648E-05 9.99648E-05 0.22917 0.585673
9.99736E-05 0.00408335 9.99736E-05 9.99736E-05 0.00822268 0.0934227 0.178052 0.715919
9.99648E-05 0.0448667 9.99648E-05 0.0042032 9.99648E-05 9.99648E-05 0.158292 0.792239
9.99561E-05 9.99561E-05 9.99561E-05 9.99561E-05 0.0341958 9.99561E-05 0.334895 0.63041
0.023298 0.073454 9.99824E-05 0.0328439 0.139263 9.99824E-05 0.117324 0.613617
0.0446941 0.0271326 9.99824E-05 0.0169332 9.99824E-05 0.0113156 0.190504 0.70922
0.111524 9.9956E-05 9.9956E-05 9.9956E-05 9.9956E-05 9.9956E-05 0.0623236 0.825652
9.99474E-05 9.99474E-05 9.99474E-05 9.99474E-05 9.99474E-05 9.99474E-05 0.0438702 0.95553
0.0119386 0.00468905 9.99824E-05 0.0056162 9.99824E-05 0.14728 0.0769742 0.753302
0.0119411 0.0892881 0.0635733 9.99824E-05 0.0684795 9.99824E-05 0.31924 0.447278
0.0635539 0.0653818 9.99648E-05 9.99648E-05 0.0424228 9.99648E-05 9.99648E-05 0.828242
0.0879198 0.0686447 9.99736E-05 0.0466464 9.99736E-05 9.99736E-05 0.172425 0.624064
9.99648E-05 9.99648E-05 9.99648E-05 0.0543617 9.99648E-05 0.104268 0.434637 0.406334
9.99561E-05 9.99561E-05 9.99561E-05 0.0251539 9.99561E-05 9.99561E-05 0.336609 0.637737
0.0101045 9.99648E-05 9.99648E-05 9.99648E-05 9.99648E-05 0.0652604 0.283541 0.640694
0.0463346 9.99736E-05 9.99736E-05 0.0170602 9.99736E-05 0.0662833 0.2467 0.623322
0.0687352 9.99824E-05 9.99824E-05 0.193095 0.00670163 0.0120977 0.118882 0.600288
9.99648E-05 0.00639895 9.99648E-05 9.99648E-05 9.99648E-05 0.0470396 0.0319208 0.914241
9.994E-05 9.994E-05 9.994E-05 9.994E-05 9.994E-05 9.994E-05 9.994E-05 0.9993
0.0156536 9.99824E-05 0.0736586 0.0995632 0.138756 9.99824E-05 0.0209066 0.651262
9.99736E-05 0.0592306 9.99736E-05 0.0366614 0.145645 9.99736E-05 0.00912159 0.749042
9.99561E-05 9.99561E-05 9.99561E-05 9.99561E-05 9.99561E-05 0.285067 0.211468 0.502965
0.0259967 0.0264 9.99648E-05 9.99648E-05 9.99648E-05 9.99648E-05 0.112614 0.834589
9.99649E-05 0.0383922 9.99649E-05 9.99649E-05 9.99649E-05 0.107034 0.0963041 0.75787
9.9956E-05 9.9956E-05 9.9956E-05 9.9956E-05 9.9956E-05 0.154955 0.23108 0.613466
0.0340375 9.99561E-05 9.99561E-05 9.99561E-05 9.99561E-05 9.99561E-05 0.577482 0.38798
9.9956E-05 9.9956E-05 0.13691 9.9956E-05 9.9956E-05 9.9956E-05 0.41113 0.45146
0.0423901 0.0339692 9.99736E-05 0.0140502 9.99736E-05 9.99736E-05 0.179436 0.729855
9.994E-05 9.994E-05 9.994E-05 9.994E-05 9.994E-05 9.994E-05 9.994E-05 0.9993
9.99648E-05 0.0206027 9.99648E-05 0.0319508 9.99648E-05 9.99648E-05 0.240386 0.706661
9.994E-05 9.994E-05 9.994E-05 9.994E-05 9.994E-05 9.994E-05 9.994E-05 0.9993
0.00695375 9.99824E-05 0.0686672 9.99824E-05 0.0629283 0.111463 0.297526 0.452262
9.994E-05 9.994E-05 9.994E-05 9.994E-05 9.994E-05 9.994E-05 9.994E-05 0.9993
9.99648E-05 0.00523501 0.118868 9.99648E-05 0.0785684 9.99648E-05 9.99648E-05 0.796929
9.99736E-05 9.99736E-05 0.21619 0.0531769 9.99736E-05 0.142691 0.0379737 0.549668
9.99649E-05 9.99649E-05 0.0960378 9.99649E-05 9.99649E-05 0.0221119 0.242486 0.638965
9.9956E-05 9.9956E-05 9.9956E-05 9.9956E-05 9.9956E-05 0.194296 0.0664303 0.738774
9.99473E-05 9.99473E-05 9.99473E-05 9.99473E-05 9.99473E-05 9.99473E-05 0.34778 0.65162
9.99562E-05 9.99562E-05 0.0605921 9.99562E-05 9.99562E-05 9.99562E-05 0.0031552 0.935753
9.99473E-05 9.99473E-05 9.99473E-05 9.99473E-05 9.99473E-05 9.99473E-05 0.214134 0.785267
9.99649E-05 0.0824108 9.99649E-05 9.99649E-05 0.0132693 9.99649E-05 0.184784 0.719136
0.0657943 9.99649E-05 0.116657 9.99649E-05 9.99649E-05 9.99649E-05 0.29468 0.52247
9.994E-05 9.994E-05 9.994E-05 9.994E-05 9.994E-05 9.994E-05 9.994E-05 0.9993
9.99474E-05 9.99474E-05 9.99474E-05 9.99474E-05 9.99474E-05 9.99474E-05 0.0723955 0.927005
9.994E-05 9.994E-05 9.994E-05 9.994E-05 9.994E-05 9.994E-05 9.994E-05 0.9993
9.99561E-05 9.99561E-05 9.99561E-05 0.0657251 9.99561E-05 9.99561E-05 0.176693 0.757082
9.99648E-05 0.0884504 9.99648E-05 9.99648E-05 0.0348815 9.99648E-05 0.142877 0.733391
9.99473E-05 9.99473E-05 9.99473E-05 9.99473E-05 9.99473E-05 9.99473E-05 0.266105 0.733295
9.99474E-05 9.99474E-05 9.99474E-05 9.99474E-05 9.99474E-05 9.99474E-05 0.0124325 0.986968
9.99649E-05 0.063942 9.99649E-05 9.99649E-05 0.0842281 9.99649E-05 0.245412 0.606018
9.99648E-05 0.0725374 9.99648E-05 0.0465432 9.99648E-05 9.99648E-05 0.075908 0.804612
9.99562E-05 0.0929209 9.99562E-05 9.99562E-05 9.99562E-05 9.99562E-05 0.00671644 0.899863
9.99736E-05 0.0408173 0.183898 0.0136513 9.99736E-05 9.99736E-05 0.121531 0.639803
9.99474E-05 9.99474E-05 0.0914648 9.99474E-05 9.99474E-05 9.99474E-05 9.99474E-05 0.907935
9.99473E-05 9.99473E-05 9.99473E-05 9.99473E-05 9.99473E-05 9.99473E-05 0.344578 0.654823
0.102722 0.0334067 9.99649E-05 9.99649E-05 0.117353 9.99649E-05 9.99649E-05 0.746119
9.994E-05 9.994E-05 9.994E-05 9.994E-05 9.994E-05 9.994E-05 9.994E-05 0.9993
9.99473E-05 9.99473E-05 9.99473E-05 9.99473E-05 9.99473E-05 9.99473E-05 0.207977 0.791423
9.99475E-05 9.99475E-05 9.99475E-05 9.99475E-05 9.99475E-05 9.99475E-05 0.0673228 0.932078
0.0270115 0.0185992 9.99648E-05 9.99648E-05 9.99648E-05 0.0552071 9.99648E-05 0.898782
9.99474E-05 9.99474E-05 9.99474E-05 9.99474E-05 9.99474E-05 9.99474E-05 0.0298801 0.96952
9.9956E-05 9.9956E-05 9.9956E-05 0.0410686 9.9956E-05 9.9956E-05 0.422478 0.535953
9.99648E-05 9.99648E-05 9.99648E-05 0.0187611 9.99648E-05 0.118826 0.160127 0.701887
0.0502582 0.0584039 9.99824E-05 0.0412735 9.99824E-05 0.0776877 0.22385 0.548327
9.994E-05 9.994E-05 9.994E-05 9.994E-05 9.994E-05 9.994E-05 9.994E-05 0.9993
9.99561E-05 9.99561E-05 9.99561E-05 0.0162637 9.99561E-05 9.99561E-05 0.257066 0.72617
9.99561E-05 0.173383 9.99561E-05 9.99561E-05 9.99561E-05 9.99561E-05 0.259036 0.567082
9.99561E-05 9.99561E-05 9.99561E-05 0.00648433 9.99561E-05 9.99561E-05 0.0375307 0.955485
0.145751 0.0868435 9.9956E-05 9.9956E-05 9.9956E-05 9.9956E-05 9.9956E-05 0.766906
0.0511295 9.99648E-05 9.99648E-05 0.00441273 9.99648E-05 9.99648E-05 0.388134 0.555924
9.99649E-05 0.0571996 9.99649E-05 9.99649E-05 0.0903289 9.99649E-05 0.120053 0.732019
9.99736E-05 0.117659 9.99736E-05 0.0312484 0.0132439 9.99736E-05 0.226249 0.611299
0.0523001 0.188241 0.0305506 9.99737E-05 9.99737E-05 9.99737E-05 0.159578 0.569031
0.131588 9.99648E-05 0.230334 9.99648E-05 9.99648E-05 9.99648E-05 0.175419 0.462259
9.99561E-05 9.99561E-05 0.145736 9.99561E-05 9.99561E-05 9.99561E-05 0.390387 0.463378
9.99736E-05 0.137308 9.99736E-05 0.147361 0.0587723 9.99736E-05 0.110654 0.545606
9.99474E-05 9.99474E-05 9.99474E-05 9.99474E-05 9.99474E-05 9.99474E-05 0.298074 0.701327
0.00320017 9.99737E-05 0.0129187 9.99737E-05 9.99737E-05 0.0752006 0.0132765 0.895104
9.9956E-05 9.9956E-05 9.9956E-05 9.9956E-05 9.9956E-05 0.158277 0.400233 0.44099
9.99736E-05 9.99736E-05 0.0473713 0.104852 9.99736E-05 0.076022 0.101176 0.670279
0.0613642 9.99561E-05 0.202196 9.99561E-05 9.99561E-05 9.99561E-05 9.99561E-05 0.73594
9.99736E-05 0.0231106 0.28919 9.99736E-05 9.99736E-05 0.0665354 0.188028 0.432837
9.99824E-05 0.00599407 9.99824E-05 0.00107588 0.0958064 0.323187 0.230327 0.34341
0.0177067 0.0556721 0.184482 9.99736E-05 9.99736E-05 9.99736E-05 0.0936591 0.648181
0.0405535 0.143463 9.99824E-05 0.098679 0.0318701 9.99824E-05 0.143705 0.54153
9.99474E-05 9.99474E-05 9.99474E-05 9.99474E-05 9.99474E-05 9.99474E-05 0.0813776 0.918023
9.99562E-05 9.99562E-05 0.00362618 9.99562E-05 9.99562E-05 9.99562E-05 0.114524 0.88135
9.99561E-05 9.99561E-05 0.0538087 9.99561E-05 9.99561E-05 9.99561E-05 0.208491 0.7372
0.194265 0.0100214 0.123313 9.99736E-05 0.0641143 9.99736E-05 9.99736E-05 0.607986
9.99474E-05 9.99474E-05 9.99474E-05 9.99474E-05 9.99474E-05 9.99474E-05 0.0532641 0.946136
9.994E-05 9.994E-05 9.994E-05 9.994E-05 9.994E-05 9.994E-05 9.994E-05 0.9993
0.0486084 0.0977782 9.99649E-05 9.99649E-05 9.99649E-05 9.99649E-05 0.0463612 0.806852
0.0644517 0.0650138 9.99649E-05 9.99649E-05 9.99649E-05 9.99649E-05 0.111019 0.759115
9.99649E-05 0.0181612 9.99649E-05 0.00364711 9.99649E-05 0.0183057 9.99649E-05 0.959486
9.99561E-05 9.99561E-05 9.99561E-05 9.99561E-05 9.99561E-05 0.144827 0.11177 0.742903
9.99736E-05 0.0213269 0.103296 9.99736E-05 9.99736E-05 0.0949915 0.0543146 0.725771
9.99648E-05 0.145801 0.279239 0.0614508 9.99648E-05 9.99648E-05 9.99648E-05 0.513109
9.99473E-05 9.99473E-05 9.99473E-05 9.99473E-05 9.99473E-05 9.99473E-05 0.337059 0.662341
9.9956E-05 9.9956E-05 9.9956E-05 9.9956E-05 9.9956E-05 0.0766403 0.18788 0.73498
0.111093 0.0868122 0.220406 9.99736E-05 9.99736E-05 0.0113069 9.99736E-05 0.570082
9.99561E-05 0.00293678 9.99561E-05 9.99561E-05 9.99561E-05 9.99561E-05 0.00300683 0.993557
9.99824E-05 0.033652 0.228123 0.0355016 0.0977291 0.0951597 9.99824E-05 0.509635
0.134373 9.9956E-05 9.9956E-05 9.9956E-05 9.9956E-05 0.00750145 9.9956E-05 0.857626
0.0539713 0.0400236 9.99736E-05 0.115779 9.99736E-05 9.99736E-05 0.210012 0.579914
9.99736E-05 0.0357756 0.114481 9.99736E-05 9.99736E-05 0.0933068 0.2259 0.530236
9.99561E-05 9.99561E-05 9.99561E-05 9.99561E-05 9.99561E-05 0.313435 0.170116 0.515949
9.99474E-05 9.99474E-05 9.99474E-05 9.99474E-05 9.99474E-05 9.99474E-05 0.116685 0.882715
0.0209453 0.0219927 9.99736E-05 0.159055 9.99736E-05 9.99736E-05 0.184773 0.612934
9.994E-05 9.994E-05 9.994E-05 9.994E-05 9.994E-05 9.994E-05 9.994E-05 0.9993
9.99562E-05 9.99562E-05 0.109658 9.99562E-05 9.99562E-05 9.99562E-05 0.0868332 0.803009
9.99736E-05 0.0105942 9.99736E-05 0.0993345 0.0575975 9.99736E-05 0.295242 0.536932
9.99648E-05 0.162869 9.99648E-05 9.99648E-05 0.06751 9.99648E-05 0.240199 0.529022
9.99736E-05 9.99736E-05 0.42648 0.0711834 9.99736E-05 0.24271 0.192689 0.0666372
9.99736E-05 9.99736E-05 0.442849 0.0826141 9.99736E-05 0.136133 0.160672 0.177433
9.99824E-05 9.99824E-05 0.292669 0.0362395 0.0823807 0.19218 0.266647 0.129684
9.99825E-05 0.0503553 0.344881 0.126129 9.99825E-05 0.11424 0.029209 0.334986
0.0413098 0.0971495 0.284749 0.0495345 0.124021 9.99912E-05 0.183481 0.219655
9.99737E-05 9.99737E-05 0.748815 9.99737E-05 0.00106944 0.0351147 0.110037 0.104664
0.00603342 9.99736E-05 0.574906 0.0720307 9.99736E-05 9.99736E-05 0.271302 0.0754277
9.99824E-05 9.99824E-05 0.446153 0.0177484 0.228239 0.049062 0.191463 0.0671343
0.000680323 9.99825E-05 0.478871 0.111846 0.156454 9.99825E-05 0.0804417 0.171507
9.99736E-05 9.99736E-05 0.358454 0.0935258 9.99736E-05 0.266211 0.20616 0.0753489
9.99824E-05 0.0155722 0.441226 0.194032 9.99824E-05 0.10317 0.118045 0.127754
9.99737E-05 0.162205 0.632534 9.99737E-05 0.000665447 0.0180929 9.99737E-05 0.186202
9.99824E-05 0.0293384 0.437353 0.0634003 0.145817 9.99824E-05 0.214982 0.10891
9.99562E-05 9.99562E-05 0.864039 0.00350757 9.99562E-05 9.99562E-05 9.99562E-05 0.131954
0.0246414 9.99824E-05 0.581097 0.129238 0.0233367 9.99824E-05 0.0671361 0.174351
9.99736E-05 9.99736E-05 0.422649 0.0574452 9.99736E-05 0.215143 0.248566 0.0558972
9.99649E-05 9.99649E-05 0.541493 0.191836 9.99649E-05 9.99649E-05 0.149411 0.11686
9.99824E-05 0.0754862 0.635188 9.99824E-05 0.00219948 0.135351 0.0013516 0.150224
9.99737E-05 0.000315904 0.458451 0.195507 0.149842 9.99737E-05 0.195584 9.99737E-05
9.99561E-05 9.99561E-05 0.547805 9.99561E-05 9.99561E-05 0.271344 0.180351 9.99561E-05
9.99561E-05 9.99561E-05 0.676869 0.12355 9.99561E-05 9.99561E-05 0.199081 9.99561E-05
9.99824E-05 9.99824E-05 0.578039 0.0873243 0.026041 0.0993638 0.0714988 0.137533
0.0212914 0.0508759 0.714518 0.0958884 9.99912E-05 0.0215713 0.0742214 0.0215331
0.124753 9.99649E-05 0.27618 9.99649E-05 9.99649E-05 9.99649E-05 0.458189 0.140478
0.0734076 0.0468435 0.395235 9.99649E-05 9.99649E-05 9.99649E-05 0.484114 9.99649E-05
9.99473E-05 9.99473E-05 0.417305 9.99473E-05 9.99473E-05 9.99473E-05 0.582095 9.99473E-05
0.0128953 9.99736E-05 0.468927 9.99736E-05 0.0367399 0.00557132 0.475566 9.99736E-05
9.99561E-05 9.99561E-05 0.580191 9.99561E-05 9.99561E-05 9.99561E-05 0.360405 0.0589039
9.99561E-05 9.99561E-05 0.498634 9.99561E-05 9.99561E-05 0.00671123 0.494155 9.99561E-05
0.109446 9.99736E-05 0.351475 0.00101292 9.99736E-05 9.99736E-05 0.420602 0.117164
9.99561E-05 9.99561E-05 0.573208 9.99561E-05 9.99561E-05 9.99561E-05 0.281031 0.145261
0.0170955 9.99736E-05 0.429568 9.99736E-05 0.0128447 9.99736E-05 0.348573 0.191619
9.9956E-05 9.9956E-05 0.394718 0.0688903 9.9956E-05 9.9956E-05 0.535892 9.9956E-05
0.124926 0.0652936 0.345351 0.0165111 9.99824E-05 9.99824E-05 0.356996 0.0907229
9.99561E-05 9.99561E-05 0.539967 9.99561E-05 9.99561E-05 9.99561E-05 0.408904 0.0506297
9.9956E-05 9.9956E-05 0.384086 0.0747061 9.9956E-05 9.9956E-05 0.540708 9.9956E-05
9.99561E-05 9.99561E-05 0.316071 9.99561E-05 9.99561E-05 9.99561E-05 0.424944 0.258485
9.99562E-05 9.99562E-05 0.516941 9.99562E-05 9.99562E-05 9.99562E-05 0.359489 0.12307
9.99649E-05 9.99649E-05 0.306623 9.99649E-05 9.99649E-05 0.189034 0.341989 0.161953
0.142594 9.99649E-05 0.239947 9.99649E-05 9.99649E-05 9.99649E-05 0.345062 0.271997
9.99561E-05 9.99561E-05 0.403604 9.99561E-05 9.99561E-05 9.99561E-05 0.44272 0.153176
9.99561E-05 9.99561E-05 0.431364 9.99561E-05 9.99561E-05 9.99561E-05 0.45666 0.111476
0.0394031 9.99737E-05 0.422796 0.105685 9.99737E-05 9.99737E-05 0.347518 0.0842986
0.0223463 9.99736E-05 0.264499 0.0236413 9.99736E-05 9.99736E-05 0.529817 0.159396
9.99561E-05 9.99561E-05 0.560605 9.99561E-05 9.99561E-05 9.99561E-05 0.384019 0.0548757
0.0206816 0.079727 0.282359 9.99648E-05 9.99648E-05 9.99648E-05 0.616832 9.99648E-05
0.0113654 0.0094114 0.0121228 9.99649E-05 9.99649E-05 9.99649E-05 9.99649E-05 0.966701
0.0112646 9.99737E-05 0.550873 9.99737E-05 9.99737E-05 0.0502078 0.369836 0.017519
0.035396 9.99649E-05 0.431766 9.99649E-05 9.99649E-05 9.99649E-05 0.442306 0.0901317
9.99736E-05 9.99736E-05 0.51232 0.0780571 0.0788902 9.99736E-05 0.253926 0.0765063
9.99561E-05 9.99561E-05 0.575135 9.99561E-05 9.99561E-05 9.99561E-05 0.3653 0.0590648
9.99648E-05 9.99648E-05 0.397032 9.99648E-05 9.99648E-05 0.0736625 0.528767 0.000138473
9.99561E-05 9.99561E-05 0.507709 9.99561E-05 9.99561E-05 9.99561E-05 0.36305 0.128742
9.99649E-05 9.99649E-05 0.458066 0.117653 9.99649E-05 9.99649E-05 0.419614 0.00426733
9.99824E-05 0.084726 0.571158 0.0335614 0.0204961 0.00385453 0.286004 9.99824E-05
0.12851 9.99649E-05 0.482938 9.99649E-05 9.99649E-05 9.99649E-05 0.330887 0.0572653
9.99561E-05 9.99561E-05 0.484555 9.99561E-05 9.99561E-05 9.99561E-05 0.425646 0.089299
0.0233475 9.99561E-05 0.456518 9.99561E-05 9.99561E-05 9.99561E-05 0.519634 9.99561E-05
9.99648E-05 9.99648E-05 0.478554 9.99648E-05 9.99648E-05 0.0483654 0.329399 0.143282
9.99648E-05 9.99648E-05 0.326087 9.99648E-05 9.99648E-05 0.0501266 0.465357 0.15803
0.013922 9.99736E-05 0.675726 9.99736E-05 0.0234404 9.99736E-05 0.263173 0.0234395
9.99561E-05 9.99561E-05 0.517116 9.99561E-05 9.99561E-05 0.114226 0.368158 9.99561E-05
9.99561E-05 9.99561E-05 0.453708 9.99561E-05 9.99561E-05 9.99561E-05 0.400439 0.145353
0.00600988 9.99737E-05 0.506845 0.00412359 9.99737E-05 9.99737E-05 0.381659 0.101062
0.0311922 9.99649E-05 0.574085 9.99649E-05 9.99649E-05 9.99649E-05 0.301892 0.0924311
0.0739234 9.99648E-05 0.308894 9.99648E-05 9.99648E-05 9.99648E-05 0.367522 0.249261
9.99561E-05 9.99561E-05 0.476316 0.0595846 9.99561E-05 9.99561E-05 0.4636 9.99561E-05
0.0160403 9.99824E-05 0.41964 0.0827434 0.0599074 0.415977 0.00549197 9.99824E-05
9.99737E-05 9.99737E-05 0.194864 0.0519655 0.202728 0.341005 0.209138 9.99737E-05
9.99737E-05 0.0253433 0.0535329 0.201157 0.417485 9.99737E-05 0.302182 9.99737E-05
9.99737E-05 9.99737E-05 0.311879 0.140811 0.121628 0.32152 0.103862 9.99737E-05
9.99737E-05 9.99737E-05 0.337626 0.12128 0.048057 0.361114 0.131623 9.99737E-05
0.105798 9.99737E-05 0.328084 0.11789 9.99737E-05 0.338666 0.109262 9.99737E-05
9.99736E-05 9.99736E-05 0.40228 0.11591 0.0716741 0.309061 0.100775 9.99736E-05
9.99736E-05 9.99736E-05 0.514465 0.0309382 0.251561 0.196675 0.00606094 9.99736E-05
9.99736E-05 9.99736E-05 0.0890886 0.13505 0.321343 0.0207554 0.433463 9.99736E-05
0.131022 0.0198028 0.358372 0.257962 0.144554 9.99824E-05 0.0880882 9.99824E-05
9.99649E-05 9.99649E-05 0.291328 0.119312 9.99649E-05 0.425566 0.163394 9.99649E-05
9.99737E-05 9.99737E-05 0.149765 0.18185 0.380954 0.0616292 0.225501 9.99737E-05
9.99736E-05 9.99736E-05 0.353404 0.219464 0.149619 0.173999 0.103214 9.99736E-05
9.99737E-05 9.99737E-05 0.341866 0.140839 0.242987 0.204583 0.0694243 9.99737E-05
9.99737E-05 9.99737E-05 0.300267 0.0581545 0.233207 0.338789 0.0692822 9.99737E-05
9.99736E-05 9.99736E-05 0.487438 0.00819719 0.22056 0.26438 0.0191246 9.99736E-05
9.99649E-05 9.99649E-05 0.38706 0.15611 9.99649E-05 0.360266 0.0961646 9.99649E-05
9.99737E-05 9.99737E-05 0.23317 0.0687338 0.230197 0.226955 0.240645 9.99737E-05
9.99736E-05 9.99736E-05 0.29862 0.289655 0.0826251 0.153381 0.175418 9.99736E-05
0.0187732 9.99824E-05 0.464271 0.167988 0.0717202 0.239657 0.0373905 9.99824E-05
9.994E-05 9.994E-05 9.994E-05 0.9993 9.994E-05 9.994E-05 9.994E-05 9.994E-05
9.994E-05 9.994E-05 9.994E-05 0.9993 9.994E-05 9.994E-05 9.994E-05 9.994E-05
9.994E-05 9.994E-05 9.994E-05 0.9993 9.994E-05 9.994E-05 9.994E-05 9.994E-05
9.994E-05 9.994E-05 9.994E-05 0.9993 9.994E-05 9.994E-05 9.994E-05 9.994E-05
9.994E-05 9.994E-05 9.994E-05 0.9993 9.994E-05 9.994E-05 9.994E-05 9.994E-05
9.994E-05 9.994E-05 9.994E-05 0.9993 9.994E-05 9.994E-05 9.994E-05 9.994E-05
9.994E-05 9.994E-05 9.994E-05 0.9993 9.994E-05 9.994E-05 9.994E-05 9.994E-05
9.994E-05 9.994E-05 9.994E-05 0.9993 9.994E-05 9.994E-05 9.994E-05 9.994E-05
9.994E-05 9.994E-05 9.994E-05 0.9993 9.994E-05 9.994E-05 9.994E-05 9.994E-05
9.994E-05 9.994E-05 9.994E-05 0.9993 9.994E-05 9.994E-05 9.994E-05 9.994E-05
9.994E-05 9.994E-05 9.994E-05 0.9993 9.994E-05 9.994E-05 9.994E-05 9.994E-05
9.994E-05 9.994E-05 9.994E-05 0.9993 9.994E-05 9.994E-05 9.994E-05 9.994E-05
9.994E-05 9.994E-05 9.994E-05 0.9993 9.994E-05 9.994E-05 9.994E-05 9.994E-05
9.994E-05 9.994E-05 9.994E-05 0.9993 9.994E-05 9.994E-05 9.994E-05 9.994E-05
9.994E-05 9.994E-05 9.994E-05 0.9993 9.994E-05 9.994E-05 9.994E-05 9.994E-05
9.994E-05 9.994E-05 9.994E-05 0.9993 9.994E-05 9.994E-05 9.994E-05 9.994E-05
9.994E-05 9.994E-05 9.994E-05 0.9993 9.994E-05 9.994E-05 9.994E-05 9.994E-05
9.994E-05 9.994E-05 9.994E-05 0.9993 9.994E-05 9.994E-05 9.994E-05 9.994E-05
9.994E-05 9.994E-05 9.994E-05 0.9993 9.994E-05 9.994E-05 9.994E-05 9.994E-05
9.994E-05 9.994E-05 9.994E-05 0.9993 9.994E-05 9.994E-05 9.994E-05 9.994E-05
9.994E-05 9.994E-05 9.994E-05 0.9993 9.994E-05 9.994E-05 9.994E-05 9.994E-05
9.994E-05 9.994E-05 9.994E-05 0.9993 9.994E-05 9.994E-05 9.994E-05 9.994E-05
9.994E-05 9.994E-05 9.994E-05 0.9993 9.994E-05 9.994E-05 9.994E-05 9.994E-05
9.994E-05 9.994E-05 9.994E-05 0.9993 9.994E-05 9.994E-05 9.994E-05 9.994E-05
9.994E-05 9.994E-05 9.994E-05 0.9993 9.994E-05 9.994E-05 9.994E-05 9.994E-05
9.994E-05 9.994E-05 9.994E-05 0.9993 9.994E-05 9.994E-05 9.994E-05 9.994E-05
9.994E-05 9.994E-05 9.994E-05 0.9993 9.994E-05 9.994E-05 9.994E-05 9.994E-05
9.994E-05 9.994E-05 9.994E-05 0.9993 9.994E-05 9.994E-05 9.994E-05 9.994E-05
9.994E-05 9.994E-05 9.994E-05 0.9993 9.994E-05 9.994E-05 9.994E-05 9.994E-05
