0.112381 9.99912E-05 0.0394522 0.0176757 0.133306 0.0488417 0.648244
9.99737E-05 9.99737E-05 9.99737E-05 0.0135135 0.053845 0.0216136 0.910728
9.99649E-05 0.00941182 9.99649E-05 0.0155275 9.99649E-05 9.99649E-05 0.974661
9.999E-05 0.301055 0.0447523 0.096277 0.133739 0.0694991 0.354578
0.000418324 0.0766811 0.0476435 9.99737E-05 9.99737E-05 9.99737E-05 0.874957
0.00834143 0.240538 0.236439 9.99912E-05 0.207717 0.00108486 0.305779
9.99737E-05 0.300344 9.99737E-05 9.99737E-05 0.0752757 0.148764 0.475316
0.0280799 0.479876 0.16781 9.99912E-05 0.00381075 0.0551569 0.265167
9.99824E-05 0.0731271 0.269756 0.0998383 0.265524 9.99824E-05 0.291554
9.995E-05 9.995E-05 9.995E-05 9.995E-05 9.995E-05 9.995E-05 0.9994
0.0494805 9.99912E-05 0.0269996 0.00237952 0.117211 0.130484 0.673346
9.99649E-05 0.0727989 9.99649E-05 0.0173668 9.99649E-05 9.99649E-05 0.909435
9.99561E-05 9.99561E-05 9.99561E-05 9.99561E-05 0.0176227 9.99561E-05 0.981878
9.99649E-05 9.99649E-05 9.99649E-05 9.99649E-05 0.293838 0.0786244 0.627137
9.99824E-05 0.0636754 0.11284 0.0237513 0.410799 9.99824E-05 0.388734
0.0689634 0.379844 0.198292 9.99824E-05 0.0303867 9.99824E-05 0.322314
9.99737E-05 0.0756291 9.99737E-05 9.99737E-05 0.238988 0.0254422 0.65964
0.195521 0.00607493 0.118385 0.152592 0.0864628 9.99912E-05 0.440864
0.0467378 0.137455 0.191319 0.109227 9.99912E-05 0.00113085 0.51403
9.99561E-05 9.99561E-05 9.99561E-05 0.0725754 9.99561E-05 9.99561E-05 0.926925
9.99824E-05 0.195282 0.111346 0.0521078 9.99824E-05 0.0795241 0.56154
0.0664529 0.245392 0.177962 9.99912E-05 0.050043 0.0696016 0.390449
9.99737E-05 9.99737E-05 0.0162893 9.99737E-05 0.129668 0.0861615 0.767581
9.99648E-05 0.1857 9.99648E-05 9.99648E-05 0.260077 9.99648E-05 0.553823
9.99912E-05 0.00435001 0.056407 0.189587 0.34581 0.0579952 0.345751
9.99737E-05 0.0645823 0.0116074 9.99737E-05 0.168838 9.99737E-05 0.754672
0.0755164 0.164325 0.0484283 9.99912E-05 0.519541 0.0682708 0.123818
9.99737E-05 0.0451233 9.99737E-05 9.99737E-05 0.0661745 0.0120767 0.876326
9.99649E-05 9.99649E-05 9.99649E-05 9.99649E-05 0.260093 0.0176155 0.721892
9.999E-05 0.0154952 0.070801 0.000562931 0.156379 0.0144525 0.742209
0.00942803 9.99824E-05 0.03552 0.0458982 9.99824E-05 0.119245 0.789709
9.99737E-05 0.0310795 9.99737E-05 9.99737E-05 0.276888 0.118644 0.573089
9.99824E-05 0.0260043 0.0253617 9.99824E-05 0.246264 0.0933186 0.608852
0.0500221 0.0572579 9.99824E-05 9.99824E-05 0.389064 0.0192446 0.484212
9.99737E-05 9.99737E-05 0.0374473 0.00486455 9.99737E-05 0.0656902 0.891698
9.99824E-05 0.0801456 0.0314248 0.0138458 9.99824E-05 0.00886517 0.865519
9.99649E-05 0.0325268 9.99649E-05 9.99649E-05 9.99649E-05 0.00249618 0.964577
9.99649E-05 9.99649E-05 0.134657 0.134849 9.99649E-05 9.99649E-05 0.730094
9.99825E-05 0.0313217 0.0509869 9.99825E-05 0.320464 0.0238604 0.573167
9.99649E-05 0.160529 9.99649E-05 9.99649E-05 0.332956 9.99649E-05 0.506115
9.99649E-05 0.0724082 9.99649E-05 9.99649E-05 9.99649E-05 0.0337935 0.893398
9.99649E-05 9.99649E-05 0.0501487 9.99649E-05 0.105044 9.99649E-05 0.844408
9.99561E-05 9.99561E-05 9.99561E-05 9.99561E-05 0.0157734 9.99561E-05 0.983727
0.0178627 9.99824E-05 0.142319 9.99824E-05 0.213075 0.0614593 0.565084
9.999E-05 0.281423 0.0154604 0.0654858 0.149882 0.00987885 0.477771
9.99561E-05 9.99561E-05 9.99561E-05 0.101794 9.99561E-05 9.99561E-05 0.897706
0.0320708 9.99737E-05 0.0497926 0.069647 9.99737E-05 9.99737E-05 0.84819
9.995E-05 9.995E-05 9.995E-05 9.995E-05 9.995E-05 9.995E-05 0.9994
9.99736E-05 0.0783352 9.99736E-05 9.99736E-05 0.0467138 0.0521717 0.822479
0.0536703 0.0921279 9.99825E-05 0.0357253 9.99825E-05 0.0244673 0.793809
9.99912E-05 0.0838496 0.0825381 0.00337057 0.324009 0.123028 0.383104
9.99737E-05 0.14206 0.0156319 0.137008 9.99737E-05 9.99737E-05 0.705
0.0639567 9.99649E-05 9.99649E-05 9.99649E-05 0.00967281 9.99649E-05 0.925971
0.0793304 0.147714 0.0111041 0.076944 9.99912E-05 0.00668196 0.678126
0.0222333 0.0201179 9.99825E-05 0.0773309 0.0655514 9.99825E-05 0.814567
0.00344832 0.0904912 9.99825E-05 0.157991 9.99825E-05 0.0134089 0.734461
0.0249604 0.0983254 0.024461 9.99736E-05 9.99736E-05 9.99736E-05 0.851953
9.99561E-05 9.99561E-05 9.99561E-05 9.99561E-05 9.99561E-05 0.0505805 0.94892
9.99649E-05 9.99649E-05 0.00817349 9.99649E-05 9.99649E-05 0.0342043 0.957222
0.143435 9.99824E-05 0.0941184 9.99824E-05 0.531616 0.0129211 0.21771
9.99825E-05 0.216491 0.0851866 9.99825E-05 0.157538 0.0236586 0.516926
0.203296 9.99824E-05 0.036859 9.99824E-05 0.28355 0.0167887 0.459306
0.0918233 9.99824E-05 0.164504 0.0338558 0.688756 0.0208606 9.99824E-05
0.118415 0.176366 0.175405 0.0600039 0.198238 0.00726428 0.264307
0.0766643 9.99824E-05 0.169188 9.99824E-05 0.571958 0.0973215 0.0846688
0.060693 0.00271184 0.117333 9.99912E-05 0.581203 0.0887522 0.149206
0.221979 9.99824E-05 0.131297 9.99824E-05 0.575111 0.0432455 0.0281669
0.0977114 9.99649E-05 9.99649E-05 9.99649E-05 0.596607 9.99649E-05 0.305282
0.0187281 0.223567 9.99824E-05 9.99824E-05 0.32717 0.065449 0.364886
0.118561 0.0150944 0.113647 0.0520618 0.534995 0.165541 9.99912E-05
0.0486909 0.338255 0.0879746 9.99912E-05 0.260468 0.106561 0.15795
0.00401222 0.28633 0.193878 9.99912E-05 0.311502 0.172327 0.031852
9.99736E-05 0.256441 0.0627919 9.99736E-05 0.53991 9.99736E-05 0.140557
0.0149213 0.0886621 9.99825E-05 9.99825E-05 0.513169 0.0435083 0.339539
0.036231 9.99825E-05 0.0445053 9.99825E-05 0.508108 0.0860583 0.324898
0.14515 0.271785 0.0015282 9.99824E-05 0.566946 9.99824E-05 0.0143908
0.0889426 0.148996 0.179256 9.99912E-05 0.120592 0.204671 0.257442
0.175949 9.99824E-05 0.102906 9.99824E-05 0.364621 0.0459513 0.310373
0.180799 0.0595127 9.99736E-05 9.99736E-05 0.646366 0.113022 9.99736E-05
0.0122937 0.109838 9.99737E-05 9.99737E-05 0.406343 9.99737E-05 0.471225
0.00315047 0.203581 0.081011 9.99912E-05 0.443557 0.0115275 0.257073
0.0504764 9.99825E-05 0.0259126 9.99825E-05 0.612773 0.0349267 0.275711
0.135846 0.235811 0.0734588 9.99824E-05 0.293586 9.99824E-05 0.261097
0.0577765 0.045426 0.00623926 9.99912E-05 0.348397 0.258848 0.283213
9.99825E-05 9.99825E-05 0.1458 0.00478693 0.355965 0.0388632 0.454386
0.109885 9.99737E-05 0.0705603 9.99737E-05 0.277356 9.99737E-05 0.541899
0.00919517 0.121214 0.0724925 9.99825E-05 0.395133 9.99825E-05 0.401765
0.242046 9.99737E-05 0.160752 9.99737E-05 0.162939 9.99737E-05 0.433963
9.9965E-05 9.9965E-05 0.184741 9.9965E-05 0.512808 9.9965E-05 0.302051
9.99561E-05 9.99561E-05 0.129421 9.99561E-05 0.870079 9.99561E-05 9.99561E-05
9.995E-05 9.995E-05 9.995E-05 9.995E-05 0.9994 9.995E-05 9.995E-05
9.99561E-05 9.99561E-05 9.99561E-05 9.99561E-05 0.938977 0.0605234 9.99561E-05
0.0220504 9.99736E-05 0.0990196 9.99736E-05 0.825531 0.0530993 9.99736E-05
0.089053 9.99824E-05 0.154994 0.0199891 0.687746 0.048018 9.99824E-05
9.99561E-05 9.99561E-05 0.214581 9.99561E-05 0.784919 9.99561E-05 9.99561E-05
9.99649E-05 9.99649E-05 0.0800215 9.99649E-05 0.807475 0.112103 9.99649E-05
9.9956E-05 9.9956E-05 0.254526 9.9956E-05 0.744975 9.9956E-05 9.9956E-05
9.99648E-05 9.99648E-05 0.420844 9.99648E-05 0.574417 0.00433889 9.99648E-05
9.99561E-05 9.99561E-05 0.242223 9.99561E-05 0.757277 9.99561E-05 9.99561E-05
9.99562E-05 9.99562E-05 0.00164032 9.99562E-05 0.99786 9.99562E-05 9.99562E-05
9.99649E-05 9.99649E-05 0.0267869 9.99649E-05 0.909057 0.0637566 9.99649E-05
0.0292075 9.99649E-05 0.155459 9.99649E-05 0.814934 9.99649E-05 9.99649E-05
0.0251122 9.99737E-05 0.197936 9.99737E-05 0.747214 0.0294383 9.99737E-05
0.0988564 9.99824E-05 0.0753215 0.0604169 0.738162 0.027043 9.99824E-05
9.99649E-05 9.99649E-05 0.10582 9.99649E-05 0.834445 0.0593349 9.99649E-05
0.0211754 9.99736E-05 0.0658074 0.00387704 0.90884 9.99736E-05 9.99736E-05
9.99737E-05 0.0847533 0.180885 9.99737E-05 0.684541 0.0495202 9.99737E-05
9.99737E-05 9.99737E-05 0.125236 0.000367787 0.773337 0.100759 9.99737E-05
9.99737E-05 9.99737E-05 0.140014 0.0507137 0.765157 0.043815 9.99737E-05
9.99561E-05 9.99561E-05 0.0471894 9.99561E-05 0.952311 9.99561E-05 9.99561E-05
9.99649E-05 9.99649E-05 0.115919 9.99649E-05 0.812542 0.0711384 9.99649E-05
9.99648E-05 9.99648E-05 0.283108 0.0945598 0.621933 9.99648E-05 9.99648E-05
9.99561E-05 9.99561E-05 0.196084 9.99561E-05 0.803416 9.99561E-05 9.99561E-05
9.99736E-05 0.058677 0.222456 0.163031 0.555537 9.99736E-05 9.99736E-05
9.99561E-05 9.99561E-05 0.124853 9.99561E-05 0.874647 9.99561E-05 9.99561E-05
9.99563E-05 9.99563E-05 9.99563E-05 0.0521121 0.947388 9.99563E-05 9.99563E-05
9.99824E-05 0.0183749 0.143837 0.087747 0.736346 0.0134953 9.99824E-05
9.99561E-05 9.99561E-05 0.267815 9.99561E-05 0.731685 9.99561E-05 9.99561E-05
9.99649E-05 9.99649E-05 9.99649E-05 0.0649474 0.859831 0.0748214 9.99649E-05
9.99649E-05 9.99649E-05 0.041767 9.99649E-05 0.885855 0.0719782 9.99649E-05
9.99736E-05 9.99736E-05 0.000942089 0.0468143 0.882164 0.0697796 9.99736E-05
9.99736E-05 9.99736E-05 0.258953 0.23714 0.470429 0.0331786 9.99736E-05
9.99648E-05 9.99648E-05 0.0974352 0.140807 0.761358 9.99648E-05 9.99648E-05
9.99561E-05 9.99561E-05 0.029335 9.99561E-05 0.970165 9.99561E-05 9.99561E-05
9.99649E-05 9.99649E-05 0.128059 9.99649E-05 0.804382 0.0671588 9.99649E-05
9.99648E-05 9.99648E-05 0.112626 9.99648E-05 0.799141 0.0878327 9.99648E-05
9.99562E-05 9.99562E-05 0.038148 9.99562E-05 0.961352 9.99562E-05 9.99562E-05
9.99737E-05 9.99737E-05 0.0337258 0.00329847 0.95234 0.0103359 9.99737E-05
9.99562E-05 9.99562E-05 0.0102791 9.99562E-05 0.989221 9.99562E-05 9.99562E-05
0.0504745 9.99825E-05 0.0382771 0.0832074 0.821742 0.00609877 9.99825E-05
9.99648E-05 9.99648E-05 0.117617 9.99648E-05 0.84832 0.0336625 9.99648E-05
9.99649E-05 0.0591187 0.224288 9.99649E-05 0.716194 9.99649E-05 9.99649E-05
9.99563E-05 9.99563E-05 0.094892 9.99563E-05 0.904608 9.99563E-05 9.99563E-05
9.99562E-05 9.99562E-05 0.00359784 9.99562E-05 0.995902 9.99562E-05 9.99562E-05
0.0311611 9.99736E-05 0.239951 0.166555 0.562033 9.99736E-05 9.99736E-05
0.017893 9.99824E-05 0.120523 0.00630108 0.808842 0.0462404 9.99824E-05
0.0634515 0.0245027 0.202044 0.0178018 0.692 9.99825E-05 9.99825E-05
0.00363439 9.99824E-05 0.279334 0.044133 0.612305 0.0603942 9.99824E-05
9.995E-05 9.995E-05 9.995E-05 9.995E-05 0.9994 9.995E-05 9.995E-05
9.99736E-05 0.200429 9.99736E-05 0.0194819 0.757129 0.0226603 9.99736E-05
9.99562E-05 9.99562E-05 0.0667736 9.99562E-05 0.932727 9.99562E-05 9.99562E-05
9.99649E-05 9.99649E-05 0.126914 9.99649E-05 0.863388 0.00929759 9.99649E-05
0.00728261 0.0676546 0.132523 9.99736E-05 0.79224 9.99736E-05 9.99736E-05
0.0337634 9.99824E-05 0.0705462 0.0827318 0.770412 0.0423467 9.99824E-05
9.9956E-05 9.9956E-05 0.282919 9.9956E-05 0.716581 9.9956E-05 9.9956E-05
9.99561E-05 9.99561E-05 0.211567 9.99561E-05 0.787934 9.99561E-05 9.99561E-05
9.99736E-05 0.0783542 0.152049 9.99736E-05 0.732404 0.0368926 9.99736E-05
9.99561E-05 9.99561E-05 9.99561E-05 0.145179 0.854321 9.99561E-05 9.99561E-05
9.99561E-05 9.99561E-05 0.184134 9.99561E-05 0.815366 9.99561E-05 9.99561E-05
9.9956E-05 9.9956E-05 9.9956E-05 0.0392379 0.960262 9.9956E-05 9.9956E-05
9.995E-05 9.995E-05 0.9994 9.995E-05 9.995E-05 9.995E-05 9.995E-05
9.9956E-05 9.9956E-05 9.9956E-05 0.00694288 0.992557 9.9956E-05 9.9956E-05
9.995E-05 9.995E-05 0.9994 9.995E-05 9.995E-05 9.995E-05 9.995E-05
9.995E-05 9.995E-05 0.9994 9.995E-05 9.995E-05 9.995E-05 9.995E-05
9.995E-05 9.995E-05 0.9994 9.995E-05 9.995E-05 9.995E-05 9.995E-05
9.9956E-05 9.9956E-05 0.055088 9.9956E-05 0.944412 9.9956E-05 9.9956E-05
9.995E-05 9.995E-05 0.9994 9.995E-05 9.995E-05 9.995E-05 9.995E-05
9.995E-05 9.995E-05 0.9994 9.995E-05 9.995E-05 9.995E-05 9.995E-05
9.99648E-05 9.99648E-05 0.00309766 0.0437372 0.952765 9.99648E-05 9.99648E-05
0.0709199 0.0190481 0.0389867 0.049914 0.820931 9.99824E-05 9.99824E-05
9.9956E-05 9.9956E-05 9.9956E-05 0.00693616 0.992564 9.9956E-05 9.9956E-05
9.995E-05 9.995E-05 0.9994 9.995E-05 9.995E-05 9.995E-05 9.995E-05
9.995E-05 9.995E-05 0.9994 9.995E-05 9.995E-05 9.995E-05 9.995E-05
9.9956E-05 9.9956E-05 9.9956E-05 0.0170127 0.982488 9.9956E-05 9.9956E-05
9.9956E-05 9.9956E-05 9.9956E-05 0.0135244 0.985976 9.9956E-05 9.9956E-05
9.99736E-05 0.254608 0.137073 0.0182683 0.58975 9.99736E-05 9.99736E-05
0.0205445 9.99648E-05 9.99648E-05 0.0354629 0.943593 9.99648E-05 9.99648E-05
9.995E-05 9.995E-05 0.9994 9.995E-05 9.995E-05 9.995E-05 9.995E-05
9.9956E-05 9.9956E-05 9.9956E-05 0.0415392 0.957961 9.9956E-05 9.9956E-05
9.9956E-05 9.9956E-05 0.041767 9.9956E-05 0.957733 9.9956E-05 9.9956E-05
0.0193636 9.99648E-05 9.99648E-05 0.11889 0.861346 9.99648E-05 9.99648E-05
9.995E-05 9.995E-05 0.9994 9.995E-05 9.995E-05 9.995E-05 9.995E-05
0.0083407 9.99648E-05 0.0148998 9.99648E-05 0.97636 9.99648E-05 9.99648E-05
9.995E-05 9.995E-05 0.9994 9.995E-05 9.995E-05 9.995E-05 9.995E-05
9.9956E-05 9.9956E-05 0.00304568 9.9956E-05 0.996455 9.9956E-05 9.9956E-05
9.9956E-05 9.9956E-05 9.9956E-05 0.0110464 0.988454 9.9956E-05 9.9956E-05
9.995E-05 9.995E-05 0.9994 9.995E-05 9.995E-05 9.995E-05 9.995E-05
9.995E-05 9.995E-05 0.9994 9.995E-05 9.995E-05 9.995E-05 9.995E-05
9.995E-05 9.995E-05 0.9994 9.995E-05 9.995E-05 9.995E-05 9.995E-05
9.9956E-05 9.9956E-05 9.9956E-05 0.0459658 0.953534 9.9956E-05 9.9956E-05
9.9956E-05 9.9956E-05 9.9956E-05 0.0254114 0.974089 9.9956E-05 9.9956E-05
9.9956E-05 9.9956E-05 9.9956E-05 0.0375624 0.961938 9.9956E-05 9.9956E-05
9.995E-05 9.995E-05 9.995E-05 9.995E-05 0.9994 9.995E-05 9.995E-05
9.995E-05 9.995E-05 9.995E-05 9.995E-05 0.9994 9.995E-05 9.995E-05
9.995E-05 9.995E-05 0.9994 9.995E-05 9.995E-05 9.995E-05 9.995E-05
9.995E-05 9.995E-05 0.9994 9.995E-05 9.995E-05 9.995E-05 9.995E-05
9.995E-05 9.995E-05 0.9994 9.995E-05 9.995E-05 9.995E-05 9.995E-05
9.99648E-05 9.99648E-05 0.0336801 0.0287319 0.937188 9.99648E-05 9.99648E-05
9.995E-05 9.995E-05 0.9994 9.995E-05 9.995E-05 9.995E-05 9.995E-05
9.995E-05 9.995E-05 0.9994 9.995E-05 9.995E-05 9.995E-05 9.995E-05
9.995E-05 9.995E-05 0.9994 9.995E-05 9.995E-05 9.995E-05 9.995E-05
9.995E-05 9.995E-05 0.9994 9.995E-05 9.995E-05 9.995E-05 9.995E-05
9.995E-05 9.995E-05 9.995E-05 9.995E-05 0.9994 9.995E-05 9.995E-05
9.995E-05 9.995E-05 0.9994 9.995E-05 9.995E-05 9.995E-05 9.995E-05
9.995E-05 9.995E-05 0.9994 9.995E-05 9.995E-05 9.995E-05 9.995E-05
0.0274162 0.315211 0.00206076 0.0932036 0.561908 9.99824E-05 9.99824E-05
9.9956E-05 9.9956E-05 9.9956E-05 0.0618403 0.93766 9.9956E-05 9.9956E-05
9.995E-05 9.995E-05 0.9994 9.995E-05 9.995E-05 9.995E-05 9.995E-05
9.995E-05 9.995E-05 0.9994 9.995E-05 9.995E-05 9.995E-05 9.995E-05
9.995E-05 9.995E-05 0.9994 9.995E-05 9.995E-05 9.995E-05 9.995E-05
9.995E-05 9.995E-05 0.9994 9.995E-05 9.995E-05 9.995E-05 9.995E-05
9.99648E-05 9.99648E-05 0.019632 0.00339801 0.97657 9.99648E-05 9.99648E-05
9.995E-05 9.995E-05 0.9994 9.995E-05 9.995E-05 9.995E-05 9.995E-05
9.9956E-05 9.9956E-05 9.9956E-05 0.0109585 0.988542 9.9956E-05 9.9956E-05
9.995E-05 9.995E-05 0.9994 9.995E-05 9.995E-05 9.995E-05 9.995E-05
0.0332815 9.99648E-05 0.00827627 9.99648E-05 0.958042 9.99648E-05 9.99648E-05
9.995E-05 9.995E-05 0.9994 9.995E-05 9.995E-05 9.995E-05 9.995E-05
9.995E-05 9.995E-05 0.9994 9.995E-05 9.995E-05 9.995E-05 9.995E-05
9.995E-05 9.995E-05 0.9994 9.995E-05 9.995E-05 9.995E-05 9.995E-05
9.995E-05 9.995E-05 0.9994 9.995E-05 9.995E-05 9.995E-05 9.995E-05
9.995E-05 9.995E-05 0.9994 9.995E-05 9.995E-05 9.995E-05 9.995E-05
9.995E-05 9.995E-05 0.9994 9.995E-05 9.995E-05 9.995E-05 9.995E-05
9.9956E-05 9.9956E-05 9.9956E-05 0.00263697 0.996863 9.9956E-05 9.9956E-05
9.9956E-05 9.9956E-05 0.00353861 9.9956E-05 0.995962 9.9956E-05 9.9956E-05
9.9956E-05 9.9956E-05 9.9956E-05 0.0633919 0.936108 9.9956E-05 9.9956E-05
9.995E-05 9.995E-05 0.9994 9.995E-05 9.995E-05 9.995E-05 9.995E-05
9.9956E-05 9.9956E-05 9.9956E-05 0.0354152 0.964085 9.9956E-05 9.9956E-05
9.99648E-05 9.99648E-05 0.0309408 0.0168854 0.951774 9.99648E-05 9.99648E-05
9.9956E-05 9.9956E-05 9.9956E-05 0.0176628 0.981837 9.9956E-05 9.9956E-05
9.995E-05 9.995E-05 0.9994 9.995E-05 9.995E-05 9.995E-05 9.995E-05
9.995E-05 9.995E-05 0.9994 9.995E-05 9.995E-05 9.995E-05 9.995E-05
9.995E-05 9.995E-05 0.9994 9.995E-05 9.995E-05 9.995E-05 9.995E-05
9.9956E-05 9.9956E-05 9.9956E-05 0.000887401 0.998613 9.9956E-05 9.9956E-05
9.995E-05 9.995E-05 0.9994 9.995E-05 9.995E-05 9.995E-05 9.995E-05
9.995E-05 9.995E-05 0.9994 9.995E-05 9.995E-05 9.995E-05 9.995E-05
9.99559E-05 9.99559E-05 9.99559E-05 0.0588312 0.940669 9.99559E-05 9.99559E-05
9.995E-05 9.995E-05 0.9994 9.995E-05 9.995E-05 9.995E-05 9.995E-05
9.995E-05 9.995E-05 0.9994 9.995E-05 9.995E-05 9.995E-05 9.995E-05
0.0530917 9.99824E-05 0.105264 0.0335847 0.688941 0.118918 9.99824E-05
9.9956E-05 9.9956E-05 9.9956E-05 0.0213358 0.978164 9.9956E-05 9.9956E-05
9.995E-05 9.995E-05 0.9994 9.995E-05 9.995E-05 9.995E-05 9.995E-05
0.0683863 9.99737E-05 0.413156 9.99737E-05 0.470671 0.0474867 9.99737E-05
9.99736E-05 0.0475761 0.265375 0.0643376 0.622411 9.99736E-05 9.99736E-05
9.99648E-05 9.99648E-05 0.140324 0.0508458 0.80843 9.99648E-05 9.99648E-05
0.0661646 0.062148 9.99736E-05 0.0608562 0.810531 9.99736E-05 9.99736E-05
9.9956E-05 9.9956E-05 0.280372 9.9956E-05 0.719128 9.9956E-05 9.9956E-05
9.99563E-05 9.99563E-05 0.0646421 9.99563E-05 0.934858 9.99563E-05 9.99563E-05
9.99736E-05 9.99736E-05 0.280333 0.0493198 0.625922 0.0441253 9.99736E-05
9.99736E-05 9.99736E-05 0.189026 0.149621 0.576526 0.0845275 9.99736E-05
9.99562E-05 9.99562E-05 0.19949 9.99562E-05 0.800011 9.99562E-05 9.99562E-05
9.99649E-05 0.192975 0.00361635 9.99649E-05 0.803009 9.99649E-05 9.99649E-05
9.99649E-05 9.99649E-05 0.0407619 9.99649E-05 0.910672 0.0481667 9.99649E-05
9.99561E-05 9.99561E-05 0.520178 9.99561E-05 0.479322 9.99561E-05 9.99561E-05
0.0568547 0.0655804 0.242702 9.99736E-05 0.634563 9.99736E-05 9.99736E-05
0.149652 9.99648E-05 0.112774 9.99648E-05 0.737174 9.99648E-05 9.99648E-05
9.99648E-05 9.99648E-05 0.102931 9.99648E-05 0.823172 0.0734973 9.99648E-05
9.99649E-05 9.99649E-05 0.275643 9.99649E-05 0.657897 0.0660597 9.99649E-05
9.99562E-05 9.99562E-05 0.177644 9.99562E-05 0.821856 9.99562E-05 9.99562E-05
0.013485 9.99824E-05 0.0912763 0.00567884 0.808155 0.0812048 9.99824E-05
9.99824E-05 0.0342278 0.155395 0.0984401 0.642631 0.0691065 9.99824E-05
9.99648E-05 0.0512925 0.136355 9.99648E-05 0.811952 9.99648E-05 9.99648E-05
9.99824E-05 0.0517318 0.0873891 0.126383 0.709976 0.0243198 9.99824E-05
9.99649E-05 0.132931 0.326433 9.99649E-05 0.540236 9.99649E-05 9.99649E-05
0.0278882 0.0836941 0.196878 0.0762339 0.582062 0.0331439 9.99912E-05
9.99824E-05 0.0187464 0.159523 0.0466039 0.701221 0.0737057 9.99824E-05
0.130338 9.99648E-05 0.0834656 9.99648E-05 0.785797 9.99648E-05 9.99648E-05
9.99562E-05 9.99562E-05 0.0931228 9.99562E-05 0.906377 9.99562E-05 9.99562E-05
0.0667592 0.0310268 0.0658218 0.157226 0.678966 9.99824E-05 9.99824E-05
0.00880939 9.99736E-05 0.255307 0.0467763 0.688807 9.99736E-05 9.99736E-05
0.136513 9.99648E-05 9.99648E-05 0.051415 0.811672 9.99648E-05 9.99648E-05
0.108394 9.99736E-05 0.175683 0.0902053 0.625418 9.99736E-05 9.99736E-05
9.99736E-05 0.105603 0.440021 9.99736E-05 0.412664 0.0414116 9.99736E-05
9.99561E-05 9.99561E-05 0.260093 9.99561E-05 0.739407 9.99561E-05 9.99561E-05
0.0148751 0.0280613 0.219434 9.99736E-05 0.737329 9.99736E-05 9.99736E-05
9.99648E-05 9.99648E-05 0.219371 9.99648E-05 0.710998 0.0692316 9.99648E-05
0.0424656 9.99736E-05 0.0827157 9.99736E-05 0.7668 0.107719 9.99736E-05
9.99561E-05 9.99561E-05 0.0752709 9.99561E-05 0.924229 9.99561E-05 9.99561E-05
9.995E-05 9.995E-05 9.995E-05 9.995E-05 0.9994 9.995E-05 9.995E-05
0.0179484 0.0299709 9.99736E-05 9.99736E-05 0.851398 0.100383 9.99736E-05
9.99649E-05 9.99649E-05 9.99649E-05 0.0698206 0.813005 0.116774 9.99649E-05
9.99648E-05 0.259312 0.221384 9.99648E-05 0.518904 9.99648E-05 9.99648E-05
9.99736E-05 9.99736E-05 0.0562565 0.0411061 0.834951 0.0673867 9.99736E-05
9.99737E-05 0.0894263 0.0559191 0.0876969 0.766658 9.99737E-05 9.99737E-05
9.99736E-05 0.044345 0.24158 0.0910063 0.622769 9.99736E-05 9.99736E-05
0.000301066 0.0478384 0.472608 0.0331963 0.443375 0.00258196 9.99912E-05
9.9956E-05 9.9956E-05 0.359745 9.9956E-05 0.639755 9.9956E-05 9.9956E-05
9.99648E-05 9.99648E-05 0.183022 9.99648E-05 0.782639 0.0339386 9.99648E-05
9.995E-05 9.995E-05 9.995E-05 9.995E-05 0.9994 9.995E-05 9.995E-05
9.99736E-05 9.99736E-05 0.217001 0.0365826 0.730771 0.0153449 9.99736E-05
9.99562E-05 9.99562E-05 0.0251731 9.99562E-05 0.974327 9.99562E-05 9.99562E-05
9.99736E-05 0.168523 0.240878 9.99736E-05 0.562946 0.0273538 9.99736E-05
9.995E-05 9.995E-05 9.995E-05 9.995E-05 0.9994 9.995E-05 9.995E-05
9.99649E-05 9.99649E-05 0.033962 9.99649E-05 0.905989 0.0596495 9.99649E-05
9.99648E-05 9.99648E-05 0.0433453 9.99648E-05 0.819358 0.136897 9.99648E-05
9.99561E-05 9.99561E-05 0.19353 9.99561E-05 0.80597 9.99561E-05 9.99561E-05
9.99736E-05 0.237911 0.0931203 0.0629203 0.605748 9.99736E-05 9.99736E-05
9.99561E-05 9.99561E-05 0.328942 9.99561E-05 0.670558 9.99561E-05 9.99561E-05
9.99562E-05 9.99562E-05 0.0369508 9.99562E-05 0.962549 9.99562E-05 9.99562E-05
9.99561E-05 9.99561E-05 0.240105 9.99561E-05 0.759395 9.99561E-05 9.99561E-05
9.99649E-05 9.99649E-05 0.171565 0.026285 0.80175 9.99649E-05 9.99649E-05
9.99561E-05 9.99561E-05 0.26342 9.99561E-05 0.73608 9.99561E-05 9.99561E-05
9.99562E-05 9.99562E-05 9.99562E-05 9.99562E-05 0.966867 0.0326328 9.99562E-05
9.99562E-05 9.99562E-05 0.0795378 9.99562E-05 0.919962 9.99562E-05 9.99562E-05
9.99562E-05 9.99562E-05 9.99562E-05 0.0287086 0.970792 9.99562E-05 9.99562E-05
9.99648E-05 9.99648E-05 0.0284857 9.99648E-05 0.863484 0.10763 9.99648E-05
9.99736E-05 9.99736E-05 0.149621 0.037622 0.806834 0.00562317 9.99736E-05
9.99649E-05 9.99649E-05 0.287551 9.99649E-05 0.677757 0.0342914 9.99649E-05
9.99562E-05 9.99562E-05 0.0406167 9.99562E-05 0.958883 9.99562E-05 9.99562E-05
9.99737E-05 0.00593793 0.267504 0.0180223 0.708236 9.99737E-05 9.99737E-05
9.99648E-05 9.99648E-05 0.0325033 9.99648E-05 0.851497 0.1156 9.99648E-05
9.99562E-05 9.99562E-05 0.0465276 9.99562E-05 0.952973 9.99562E-05 9.99562E-05
9.99649E-05 9.99649E-05 0.0428242 0.00392883 0.952847 9.99649E-05 9.99649E-05
9.99563E-05 9.99563E-05 9.99563E-05 9.99563E-05 0.965802 9.99563E-05 0.033698
9.9956E-05 9.9956E-05 0.302551 9.9956E-05 0.696949 9.9956E-05 9.9956E-05
0.134581 0.048028 9.99737E-05 0.0775803 0.739511 9.99737E-05 9.99737E-05
9.99562E-05 9.99562E-05 0.0150649 9.99562E-05 0.984435 9.99562E-05 9.99562E-05
9.99561E-05 9.99561E-05 0.164134 9.99561E-05 0.835367 9.99561E-05 9.99561E-05
9.995E-05 9.995E-05 9.995E-05 9.995E-05 0.9994 9.995E-05 9.995E-05
9.99561E-05 9.99561E-05 9.99561E-05 9.99561E-05 0.993184 0.00631639 9.99561E-05
0.0302479 9.9965E-05 0.0414827 9.9965E-05 0.92787 9.9965E-05 9.9965E-05
9.99824E-05 0.051464 0.232259 0.000684255 0.665592 0.0498002 9.99824E-05
9.99824E-05 0.123029 0.261221 0.00772321 0.538517 0.06931 9.99824E-05
0.0588907 0.0415579 0.267153 0.0617395 0.522877 0.0476823 9.99912E-05
9.995E-05 9.995E-05 9.995E-05 9.995E-05 0.9994 9.995E-05 9.995E-05
9.99649E-05 9.99649E-05 0.244032 9.99649E-05 0.708961 0.0466071 9.99649E-05
9.99737E-05 9.99737E-05 0.227425 0.245994 0.52602 0.000261301 9.99737E-05
9.99649E-05 9.99649E-05 0.0664526 9.99649E-05 0.896203 0.0369441 9.99649E-05
0.155798 9.99736E-05 0.0267858 0.000993704 0.816123 9.99736E-05 9.99736E-05
0.0510861 9.99736E-05 0.388693 9.99736E-05 0.529466 0.0304547 9.99736E-05
9.99736E-05 0.0876705 0.104758 0.0200114 0.787261 9.99736E-05 9.99736E-05
9.99736E-05 9.99736E-05 0.27851 0.0100156 0.669518 0.0416565 9.99736E-05
9.99649E-05 9.99649E-05 0.060479 0.263706 0.675415 9.99649E-05 9.99649E-05
0.091403 9.99648E-05 0.0731162 9.99648E-05 0.835081 9.99648E-05 9.99648E-05
9.99561E-05 9.99561E-05 0.35106 9.99561E-05 0.64844 9.99561E-05 9.99561E-05
9.99736E-05 9.99736E-05 0.0752972 0.10675 0.671181 0.146471 9.99736E-05
9.99562E-05 9.99562E-05 0.280858 9.99562E-05 0.718643 9.99562E-05 9.99562E-05
0.0174344 9.9965E-05 0.0613189 9.9965E-05 0.920847 9.9965E-05 9.9965E-05
9.99736E-05 0.168612 0.385981 0.00820251 0.436905 9.99736E-05 9.99736E-05
9.99648E-05 9.99648E-05 0.0423423 9.99648E-05 0.803753 0.153505 9.99648E-05
0.0353564 9.99649E-05 9.99649E-05 9.99649E-05 0.950848 0.0133961 9.99649E-05
9.99736E-05 0.0547097 0.106857 0.026424 0.811709 9.99736E-05 9.99736E-05
0.048209 0.219929 0.185027 0.0476276 0.357707 0.1414 9.99912E-05
0.0126771 0.0346562 0.0547115 9.99824E-05 0.89536 0.00239508 9.99824E-05
0.0433275 0.00281773 0.090504 0.146555 0.6842 0.0324961 9.99912E-05
9.99562E-05 9.99562E-05 0.13317 9.99562E-05 0.866331 9.99562E-05 9.99562E-05
9.9965E-05 9.9965E-05 0.111297 9.9965E-05 0.887189 9.9965E-05 0.00111364
9.99561E-05 9.99561E-05 0.156734 9.99561E-05 0.842766 9.99561E-05 9.99561E-05
0.192906 9.9956E-05 9.9956E-05 9.9956E-05 0.806595 9.9956E-05 9.9956E-05
9.99563E-05 9.99563E-05 0.166423 9.99563E-05 0.833077 9.99563E-05 9.99563E-05
9.995E-05 9.995E-05 9.995E-05 9.995E-05 0.9994 9.995E-05 9.995E-05
9.99737E-05 9.99737E-05 0.0575754 0.053427 0.807031 0.0816672 9.99737E-05
0.0182959 9.99737E-05 0.0975314 0.0525134 0.831359 9.99737E-05 9.99737E-05
9.99562E-05 9.99562E-05 9.99562E-05 9.99562E-05 0.985045 0.0144549 9.99562E-05
9.99561E-05 9.99561E-05 0.114082 9.99561E-05 0.885418 9.99561E-05 9.99561E-05
9.99649E-05 0.100765 0.0786833 9.99649E-05 0.820152 9.99649E-05 9.99649E-05
9.99648E-05 9.99648E-05 9.99648E-05 0.146813 0.769875 0.0829114 9.99648E-05
9.99561E-05 9.99561E-05 0.369118 9.99561E-05 0.630382 9.99561E-05 9.99561E-05
9.99648E-05 9.99648E-05 0.141449 0.0359227 0.822228 9.99648E-05 9.99648E-05
0.139943 9.99648E-05 9.99648E-05 9.99648E-05 0.834904 0.0247533 9.99648E-05
9.99825E-05 0.0137472 0.049587 0.037347 0.870454 0.028665 9.99825E-05
9.99648E-05 0.158598 9.99648E-05 9.99648E-05 0.806882 0.03412 9.99648E-05
0.102552 9.99648E-05 9.99648E-05 9.99648E-05 0.890159 0.00688944 9.99648E-05
9.99648E-05 9.99648E-05 0.211833 9.99648E-05 0.682177 0.10559 9.99648E-05
9.99648E-05 9.99648E-05 0.124838 0.0228992 0.851863 9.99648E-05 9.99648E-05
9.99737E-05 0.202785 0.175018 9.99737E-05 0.570542 0.0513548 9.99737E-05
9.9965E-05 9.9965E-05 0.233368 9.9965E-05 0.750301 9.9965E-05 0.015932
0.135469 9.99736E-05 0.125385 9.99736E-05 0.689432 0.0494136 9.99736E-05
9.99562E-05 9.99562E-05 9.99562E-05 0.0224378 0.977062 9.99562E-05 9.99562E-05
9.99563E-05 9.99563E-05 0.150865 9.99563E-05 0.848635 9.99563E-05 9.99563E-05
9.99824E-05 0.106191 0.215407 0.00820151 0.615037 0.0549632 9.99824E-05
9.99736E-05 9.99736E-05 0.196824 0.0607233 0.720152 0.0220004 9.99736E-05
9.99824E-05 0.180355 0.195539 9.99824E-05 0.541662 0.0543693 0.0278739
9.99737E-05 0.0882345 0.149324 9.99737E-05 0.694993 0.0671487 9.99737E-05
9.99736E-05 0.274466 0.191931 9.99736E-05 0.514891 0.0184125 9.99736E-05
9.9965E-05 0.112222 9.9965E-05 9.9965E-05 0.809106 0.0782722 9.9965E-05
0.106792 0.146987 0.125713 9.99824E-05 0.559091 0.0612169 9.99824E-05
9.99737E-05 0.00882464 0.09413 9.99737E-05 0.573751 9.99737E-05 0.322995
9.99736E-05 0.0901823 0.206352 9.99736E-05 0.636728 0.0664371 9.99736E-05
9.99824E-05 0.28176 0.131853 9.99824E-05 0.418391 0.100214 0.0675829
9.99825E-05 0.170874 0.0557995 9.99825E-05 0.334765 0.0534671 0.384894
9.99736E-05 0.186847 0.221303 9.99736E-05 0.582577 0.00897221 9.99736E-05
9.99736E-05 0.162347 0.106966 9.99736E-05 0.595866 0.134521 9.99736E-05
9.99649E-05 9.99649E-05 9.99649E-05 0.139569 0.716213 9.99649E-05 0.143818
9.99736E-05 0.248121 0.145432 9.99736E-05 0.604829 0.00131817 9.99736E-05
9.99737E-05 0.0332364 0.0289245 9.99737E-05 0.553053 9.99737E-05 0.384486
0.0652334 9.99824E-05 0.00402595 9.99824E-05 0.758626 0.145705 0.0262095
9.99824E-05 0.222957 0.191544 9.99824E-05 0.491483 0.055835 0.0379812
9.99824E-05 0.137911 0.0231662 9.99824E-05 0.659581 0.156637 0.0225054
9.99825E-05 0.210276 0.0360387 9.99825E-05 0.715847 0.0129472 0.0246908
9.99912E-05 0.196479 0.110512 0.0013779 0.447461 0.210415 0.0336551
9.99737E-05 0.206549 0.200803 9.99737E-05 0.551123 9.99737E-05 0.0412253
9.99737E-05 9.99737E-05 0.166832 9.99737E-05 0.64157 0.124293 0.0670042
9.99824E-05 0.206466 0.0600638 9.99824E-05 0.44275 0.0628769 0.227643
0.0616016 9.99912E-05 0.0372722 0.00919229 0.611371 0.135885 0.144577
0.198601 9.99649E-05 0.243168 9.99649E-05 0.557831 9.99649E-05 9.99649E-05
0.0661823 9.99736E-05 0.354145 0.0234207 0.555952 9.99736E-05 9.99736E-05
9.99561E-05 9.99561E-05 0.388373 9.99561E-05 0.611127 9.99561E-05 9.99561E-05
9.99649E-05 0.0909025 0.336029 9.99649E-05 0.572668 9.99649E-05 9.99649E-05
9.99561E-05 9.99561E-05 0.222455 9.99561E-05 0.777045 9.99561E-05 9.99561E-05
9.99561E-05 9.99561E-05 0.355468 9.99561E-05 0.644032 9.99561E-05 9.99561E-05
0.089962 9.99649E-05 0.338535 9.99649E-05 0.571103 9.99649E-05 9.99649E-05
9.99649E-05 9.99649E-05 0.175814 9.99649E-05 0.780223 9.99649E-05 0.0435639
0.0140756 0.0361494 0.221064 9.99737E-05 0.728412 9.99737E-05 9.99737E-05
9.99736E-05 9.99736E-05 0.445863 0.00917736 0.47765 0.0670094 9.99736E-05
0.0136486 9.99648E-05 0.229654 9.99648E-05 0.756298 9.99648E-05 9.99648E-05
9.99737E-05 0.0741531 0.253022 9.99737E-05 0.671225 0.00130063 9.99737E-05
9.99736E-05 9.99736E-05 0.481248 0.0196178 0.489856 0.00897772 9.99736E-05
9.99649E-05 9.99649E-05 0.32227 9.99649E-05 0.623124 0.054206 9.99649E-05
9.99562E-05 9.99562E-05 0.162508 9.99562E-05 0.836992 9.99562E-05 9.99562E-05
9.99561E-05 9.99561E-05 0.29497 9.99561E-05 0.70453 9.99561E-05 9.99561E-05
0.0777481 9.99648E-05 0.290027 9.99648E-05 0.631826 9.99648E-05 9.99648E-05
9.99561E-05 9.99561E-05 0.346095 9.99561E-05 0.653405 9.99561E-05 9.99561E-05
9.99561E-05 9.99561E-05 0.402258 9.99561E-05 0.597242 9.99561E-05 9.99561E-05
9.99649E-05 9.99649E-05 0.267167 9.99649E-05 0.682678 0.0497551 9.99649E-05
0.0229904 9.99649E-05 0.464309 9.99649E-05 0.512301 9.99649E-05 9.99649E-05
0.0151345 9.99649E-05 0.0439331 9.99649E-05 0.940533 9.99649E-05 9.99649E-05
9.9956E-05 9.9956E-05 0.400498 9.9956E-05 0.599002 9.9956E-05 9.9956E-05
9.99562E-05 9.99562E-05 9.99562E-05 0.0317382 0.967762 9.99562E-05 9.99562E-05
0.0135736 9.99825E-05 0.249449 0.0393123 0.695035 0.0024299 9.99825E-05
0.0164313 9.99649E-05 0.309626 9.99649E-05 0.673543 9.99649E-05 9.99649E-05
9.99736E-05 0.138644 0.0148514 9.99736E-05 0.741898 0.104307 9.99736E-05
9.99561E-05 9.99561E-05 0.214642 9.99561E-05 0.784858 9.99561E-05 9.99561E-05
9.9956E-05 9.9956E-05 0.456004 9.9956E-05 0.543497 9.9956E-05 9.9956E-05
9.99561E-05 9.99561E-05 0.261085 9.99561E-05 0.738415 9.99561E-05 9.99561E-05
9.99737E-05 9.99737E-05 0.24113 9.99737E-05 0.67965 0.065219 0.0137005
9.99736E-05 0.0717139 0.216029 0.0030418 0.708916 9.99736E-05 9.99736E-05
0.00415143 9.99649E-05 0.300576 9.99649E-05 0.694872 9.99649E-05 9.99649E-05
9.99649E-05 0.0132989 0.294887 9.99649E-05 0.691415 9.99649E-05 9.99649E-05
0.0628008 9.99649E-05 0.443192 9.99649E-05 0.493608 9.99649E-05 9.99649E-05
9.99561E-05 9.99561E-05 0.234171 9.99561E-05 0.765329 9.99561E-05 9.99561E-05
9.99561E-05 9.99561E-05 0.337581 9.99561E-05 0.661919 9.99561E-05 9.99561E-05
0.0231572 9.99649E-05 0.207512 9.99649E-05 0.768931 9.99649E-05 9.99649E-05
9.99649E-05 0.082379 0.260458 9.99649E-05 0.656763 9.99649E-05 9.99649E-05
9.99561E-05 9.99561E-05 0.300688 9.99561E-05 0.698812 9.99561E-05 9.99561E-05
0.00451524 9.99825E-05 0.241457 0.0293624 0.714861 0.00960505 9.99825E-05
9.99649E-05 9.99649E-05 0.265044 9.99649E-05 0.68917 9.99649E-05 0.0453859
0.0601271 0.029503 0.277841 9.99736E-05 0.632229 9.99736E-05 9.99736E-05
0.0185804 9.99736E-05 0.327693 9.99736E-05 0.647735 0.00569105 9.99736E-05
0.0218739 0.361349 0.151665 0.0628795 9.99912E-05 0.158885 0.243248
9.99737E-05 0.597969 0.264119 9.99737E-05 9.99737E-05 0.0380922 0.0995203
9.99825E-05 0.452761 0.292827 0.0298815 9.99825E-05 0.150828 0.0735032
9.99824E-05 0.497168 0.14937 9.99824E-05 0.0935235 0.0898163 0.169923
9.99824E-05 0.334598 0.178407 9.99824E-05 0.187141 0.197814 0.101839
0.0824477 0.39579 0.248471 9.99912E-05 0.124503 0.0587639 0.0899236
9.99824E-05 0.434394 0.193086 9.99824E-05 0.0886906 0.135437 0.148192
9.99824E-05 0.4654 0.133734 9.99824E-05 0.2381 0.0581086 0.104457
9.99737E-05 0.391306 0.469433 9.99737E-05 9.99737E-05 0.0691161 0.0698448
0.202329 0.0242179 0.141352 0.0706676 0.0779356 0.258165 0.225333
0.0250085 0.437154 0.151484 9.99912E-05 0.158132 0.191203 0.0369192
0.0437798 0.289671 0.240689 0.0622087 0.0561246 0.24599 0.0615369
9.99912E-05 0.394011 0.096317 0.0592132 0.13558 0.19623 0.118548
9.99824E-05 0.517254 0.154908 9.99824E-05 0.0207242 0.165498 0.141416
0.0131948 0.537187 0.185473 0.0381315 9.99912E-05 0.0583703 0.167544
9.99824E-05 0.483078 0.0818816 9.99824E-05 0.236948 0.102833 0.0950593
9.99824E-05 0.450365 0.163924 9.99824E-05 0.164986 0.0633593 0.157166
9.99824E-05 0.4322 0.249617 9.99824E-05 0.0899564 0.179554 0.0484721
9.99824E-05 0.297473 0.168596 9.99824E-05 0.196972 0.264388 0.0723716
9.99824E-05 0.36325 0.091772 9.99824E-05 0.168505 0.166291 0.209982
9.995E-05 9.995E-05 9.995E-05 9.995E-05 9.995E-05 0.9994 9.995E-05
9.995E-05 9.995E-05 9.995E-05 9.995E-05 9.995E-05 0.9994 9.995E-05
9.995E-05 9.995E-05 9.995E-05 9.995E-05 9.995E-05 0.9994 9.995E-05
9.995E-05 9.995E-05 9.995E-05 9.995E-05 9.995E-05 0.9994 9.995E-05
9.995E-05 9.995E-05 9.995E-05 9.995E-05 9.995E-05 0.9994 9.995E-05
9.995E-05 9.995E-05 9.995E-05 9.995E-05 9.995E-05 0.9994 9.995E-05
9.995E-05 9.995E-05 9.995E-05 9.995E-05 9.995E-05 0.9994 9.995E-05
9.995E-05 9.995E-05 9.995E-05 9.995E-05 9.995E-05 0.9994 9.995E-05
9.995E-05 9.995E-05 9.995E-05 9.995E-05 9.995E-05 0.9994 9.995E-05
9.995E-05 9.995E-05 9.995E-05 9.995E-05 9.995E-05 0.9994 9.995E-05
9.995E-05 9.995E-05 9.995E-05 9.995E-05 9.995E-05 0.9994 9.995E-05
9.995E-05 9.995E-05 9.995E-05 9.995E-05 9.995E-05 0.9994 9.995E-05
9.995E-05 9.995E-05 9.995E-05 9.995E-05 9.995E-05 0.9994 9.995E-05
9.995E-05 9.995E-05 9.995E-05 9.995E-05 9.995E-05 0.9994 9.995E-05
9.995E-05 9.995E-05 9.995E-05 9.995E-05 9.995E-05 0.9994 9.995E-05
9.995E-05 9.995E-05 9.995E-05 9.995E-05 9.995E-05 0.9994 9.995E-05
9.995E-05 9.995E-05 9.995E-05 9.995E-05 9.995E-05 0.9994 9.995E-05
9.995E-05 9.995E-05 9.995E-05 9.995E-05 9.995E-05 0.9994 9.995E-05
9.995E-05 9.995E-05 9.995E-05 9.995E-05 9.995E-05 0.9994 9.995E-05
9.995E-05 9.995E-05 9.995E-05 9.995E-05 9.995E-05 0.9994 9.995E-05
9.995E-05 9.995E-05 9.995E-05 9.995E-05 9.995E-05 0.9994 9.995E-05
9.995E-05 9.995E-05 9.995E-05 9.995E-05 9.995E-05 0.9994 9.995E-05
9.995E-05 9.995E-05 9.995E-05 9.995E-05 9.995E-05 0.9994 9.995E-05
9.995E-05 9.995E-05 9.995E-05 9.995E-05 9.995E-05 0.9994 9.995E-05
9.995E-05 9.995E-05 9.995E-05 9.995E-05 9.995E-05 0.9994 9.995E-05
9.995E-05 9.995E-05 9.995E-05 9.995E-05 9.995E-05 0.9994 9.995E-05
9.995E-05 9.995E-05 9.995E-05 9.995E-05 9.995E-05 0.9994 9.995E-05
9.995E-05 9.995E-05 9.995E-05 9.995E-05 9.995E-05 0.9994 9.995E-05
9.995E-05 9.995E-05 9.995E-05 9.995E-05 9.995E-05 0.9994 9.995E-05
9.995E-05 9.995E-05 9.995E-05 9.995E-05 9.995E-05 0.9994 9.995E-05
9.995E-05 9.995E-05 9.995E-05 9.995E-05 9.995E-05 0.9994 9.995E-05
9.995E-05 9.995E-05 9.995E-05 9.995E-05 9.995E-05 0.9994 9.995E-05
9.995E-05 9.995E-05 9.995E-05 9.995E-05 9.995E-05 0.9994 9.995E-05
9.995E-05 9.995E-05 9.995E-05 9.995E-05 9.995E-05 0.9994 9.995E-05
9.995E-05 9.995E-05 9.995E-05 9.995E-05 9.995E-05 0.9994 9.995E-05
9.995E-05 9.995E-05 9.995E-05 9.995E-05 9.995E-05 0.9994 9.995E-05
9.995E-05 9.995E-05 9.995E-05 9.995E-05 9.995E-05 0.9994 9.995E-05
9.995E-05 9.995E-05 9.995E-05 9.995E-05 9.995E-05 0.9994 9.995E-05
9.995E-05 9.995E-05 9.995E-05 9.995E-05 9.995E-05 0.9994 9.995E-05
9.995E-05 9.995E-05 9.995E-05 9.995E-05 9.995E-05 0.9994 9.995E-05
9.995E-05 9.995E-05 9.995E-05 9.995E-05 9.995E-05 0.9994 9.995E-05
9.995E-05 9.995E-05 9.995E-05 9.995E-05 9.995E-05 0.9994 9.995E-05
9.995E-05 9.995E-05 9.995E-05 9.995E-05 9.995E-05 0.9994 9.995E-05
9.995E-05 9.995E-05 9.995E-05 9.995E-05 9.995E-05 0.9994 9.995E-05
9.995E-05 9.995E-05 9.995E-05 9.995E-05 9.995E-05 0.9994 9.995E-05
9.995E-05 9.995E-05 9.995E-05 9.995E-05 9.995E-05 0.9994 9.995E-05
9.995E-05 9.995E-05 9.995E-05 9.995E-05 9.995E-05 0.9994 9.995E-05
9.995E-05 9.995E-05 9.995E-05 9.995E-05 9.995E-05 0.9994 9.995E-05
9.995E-05 9.995E-05 9.995E-05 9.995E-05 9.995E-05 0.9994 9.995E-05
9.995E-05 9.995E-05 9.995E-05 9.995E-05 9.995E-05 0.9994 9.995E-05
9.995E-05 9.995E-05 9.995E-05 9.995E-05 9.995E-05 0.9994 9.995E-05
9.995E-05 9.995E-05 9.995E-05 9.995E-05 9.995E-05 0.9994 9.995E-05
9.995E-05 9.995E-05 9.995E-05 9.995E-05 9.995E-05 0.9994 9.995E-05
9.995E-05 9.995E-05 9.995E-05 9.995E-05 9.995E-05 0.9994 9.995E-05
9.995E-05 9.995E-05 9.995E-05 9.995E-05 9.995E-05 0.9994 9.995E-05
9.995E-05 9.995E-05 9.995E-05 9.995E-05 9.995E-05 0.9994 9.995E-05
9.995E-05 9.995E-05 9.995E-05 9.995E-05 9.995E-05 0.9994 9.995E-05
9.995E-05 9.995E-05 9.995E-05 9.995E-05 9.995E-05 0.9994 9.995E-05
9.995E-05 9.995E-05 9.995E-05 9.995E-05 9.995E-05 0.9994 9.995E-05
9.995E-05 9.995E-05 9.995E-05 9.995E-05 9.995E-05 0.9994 9.995E-05
9.995E-05 9.995E-05 9.995E-05 9.995E-05 9.995E-05 0.9994 9.995E-05
9.995E-05 9.995E-05 9.995E-05 9.995E-05 9.995E-05 0.9994 9.995E-05
9.995E-05 9.995E-05 9.995E-05 9.995E-05 9.995E-05 0.9994 9.995E-05
0.9994 9.995E-05 9.995E-05 9.995E-05 9.995E-05 9.995E-05 9.995E-05
0.9994 9.995E-05 9.995E-05 9.995E-05 9.995E-05 9.995E-05 9.995E-05
0.9994 9.995E-05 9.995E-05 9.995E-05 9.995E-05 9.995E-05 9.995E-05
0.9994 9.995E-05 9.995E-05 9.995E-05 9.995E-05 9.995E-05 9.995E-05
0.9994 9.995E-05 9.995E-05 9.995E-05 9.995E-05 9.995E-05 9.995E-05
0.9994 9.995E-05 9.995E-05 9.995E-05 9.995E-05 9.995E-05 9.995E-05
0.9994 9.995E-05 9.995E-05 9.995E-05 9.995E-05 9.995E-05 9.995E-05
0.9994 9.995E-05 9.995E-05 9.995E-05 9.995E-05 9.995E-05 9.995E-05
0.9994 9.995E-05 9.995E-05 9.995E-05 9.995E-05 9.995E-05 9.995E-05
0.9994 9.995E-05 9.995E-05 9.995E-05 9.995E-05 9.995E-05 9.995E-05
0.9994 9.995E-05 9.995E-05 9.995E-05 9.995E-05 9.995E-05 9.995E-05
0.9994 9.995E-05 9.995E-05 9.995E-05 9.995E-05 9.995E-05 9.995E-05
0.9994 9.995E-05 9.995E-05 9.995E-05 9.995E-05 9.995E-05 9.995E-05
0.9994 9.995E-05 9.995E-05 9.995E-05 9.995E-05 9.995E-05 9.995E-05
0.9994 9.995E-05 9.995E-05 9.995E-05 9.995E-05 9.995E-05 9.995E-05
0.9994 9.995E-05 9.995E-05 9.995E-05 9.995E-05 9.995E-05 9.995E-05
0.9994 9.995E-05 9.995E-05 9.995E-05 9.995E-05 9.995E-05 9.995E-05
0.9994 9.995E-05 9.995E-05 9.995E-05 9.995E-05 9.995E-05 9.995E-05
0.9994 9.995E-05 9.995E-05 9.995E-05 9.995E-05 9.995E-05 9.995E-05
0.9994 9.995E-05 9.995E-05 9.995E-05 9.995E-05 9.995E-05 9.995E-05
0.9994 9.995E-05 9.995E-05 9.995E-05 9.995E-05 9.995E-05 9.995E-05
0.9994 9.995E-05 9.995E-05 9.995E-05 9.995E-05 9.995E-05 9.995E-05
0.9994 9.995E-05 9.995E-05 9.995E-05 9.995E-05 9.995E-05 9.995E-05
0.9994 9.995E-05 9.995E-05 9.995E-05 9.995E-05 9.995E-05 9.995E-05
0.9994 9.995E-05 9.995E-05 9.995E-05 9.995E-05 9.995E-05 9.995E-05
0.9994 9.995E-05 9.995E-05 9.995E-05 9.995E-05 9.995E-05 9.995E-05
0.9994 9.995E-05 9.995E-05 9.995E-05 9.995E-05 9.995E-05 9.995E-05
0.9994 9.995E-05 9.995E-05 9.995E-05 9.995E-05 9.995E-05 9.995E-05
0.9994 9.995E-05 9.995E-05 9.995E-05 9.995E-05 9.995E-05 9.995E-05
0.9994 9.995E-05 9.995E-05 9.995E-05 9.995E-05 9.995E-05 9.995E-05
0.9994 9.995E-05 9.995E-05 9.995E-05 9.995E-05 9.995E-05 9.995E-05
0.9994 9.995E-05 9.995E-05 9.995E-05 9.995E-05 9.995E-05 9.995E-05
0.9994 9.995E-05 9.995E-05 9.995E-05 9.995E-05 9.995E-05 9.995E-05
0.9994 9.995E-05 9.995E-05 9.995E-05 9.995E-05 9.995E-05 9.995E-05
0.9994 9.995E-05 9.995E-05 9.995E-05 9.995E-05 9.995E-05 9.995E-05
0.9994 9.995E-05 9.995E-05 9.995E-05 9.995E-05 9.995E-05 9.995E-05
0.9994 9.995E-05 9.995E-05 9.995E-05 9.995E-05 9.995E-05 9.995E-05
0.9994 9.995E-05 9.995E-05 9.995E-05 9.995E-05 9.995E-05 9.995E-05
0.9994 9.995E-05 9.995E-05 9.995E-05 9.995E-05 9.995E-05 9.995E-05
0.9994 9.995E-05 9.995E-05 9.995E-05 9.995E-05 9.995E-05 9.995E-05
0.9994 9.995E-05 9.995E-05 9.995E-05 9.995E-05 9.995E-05 9.995E-05
0.9994 9.995E-05 9.995E-05 9.995E-05 9.995E-05 9.995E-05 9.995E-05
0.9994 9.995E-05 9.995E-05 9.995E-05 9.995E-05 9.995E-05 9.995E-05
0.635445 9.99648E-05 9.99648E-05 0.0115359 9.99648E-05 0.352619 9.99648E-05
