0.0911089 0.0579806 0.0666323 0.0224705 0.666436 0.0952716 9.99912E-05
0.023367 0.00419389 0.00389796 0.0721042 0.846012 0.0503254 9.99912E-05
9.99561E-05 9.99561E-05 9.99561E-05 0.00252087 0.996979 9.99561E-05 9.99561E-05
0.101775 0.020548 9.99912E-05 0.168222 0.303392 0.0919661 0.313996
9.99737E-05 0.00621655 0.0200291 9.99737E-05 0.835682 9.99737E-05 0.137772
9.99825E-05 0.213012 0.0530326 0.193329 0.34192 9.99825E-05 0.198506
9.99825E-05 0.00107006 9.99825E-05 0.178791 0.379262 0.14788 0.292796
9.99912E-05 0.192211 0.114518 0.0142802 0.321387 0.00963185 0.347872
0.158671 0.255839 9.99824E-05 0.164499 0.376525 9.99824E-05 0.0442658
9.995E-05 9.995E-05 9.995E-05 9.995E-05 0.9994 9.995E-05 9.995E-05
0.0425518 0.0256364 9.99824E-05 0.0714627 0.729375 0.130774 9.99824E-05
9.99737E-05 9.99737E-05 0.0374922 9.99737E-05 0.898426 0.000499383 0.0632826
9.99736E-05 0.0151231 9.99736E-05 0.0037871 0.971077 9.99736E-05 0.00971308
9.99649E-05 9.99649E-05 9.99649E-05 0.222168 0.706324 0.0711082 9.99649E-05
0.0274918 0.177976 9.99824E-05 0.35439 0.423896 9.99824E-05 0.016047
9.99912E-05 0.172228 0.0156892 0.0823825 0.266076 0.0867639 0.376761
0.0327551 0.0199238 0.014273 0.0742904 0.656929 0.100325 0.101504
0.129774 0.123315 0.201147 0.146591 0.376611 0.0224628 9.99912E-05
0.136198 0.278548 0.0577134 9.99824E-05 0.464005 9.99824E-05 0.0633355
0.00441072 9.99561E-05 9.99561E-05 9.99561E-05 0.99509 9.99561E-05 9.99561E-05
0.00108726 0.110242 9.99824E-05 9.99824E-05 0.549789 0.0852247 0.253457
9.99825E-05 0.213195 0.00390601 9.99825E-05 0.375643 0.0388159 0.36824
0.00105834 0.0151953 0.0244199 0.178978 0.757689 0.0225595 9.99912E-05
9.99824E-05 0.0431598 0.0379532 0.0179905 0.599193 9.99824E-05 0.301504
0.184046 0.130857 9.99824E-05 0.354663 0.324045 9.99824E-05 0.0061899
9.99649E-05 9.99649E-05 9.99649E-05 0.304383 0.676549 0.0186682 9.99649E-05
0.0541354 0.0565265 0.176857 0.463225 0.163832 0.0176038 0.0678192
0.0170373 9.99824E-05 9.99824E-05 0.090047 0.847007 0.000813862 0.0448948
0.0754295 9.99737E-05 9.99737E-05 0.177163 0.738702 0.00840628 9.99737E-05
9.99641E-05 9.99641E-05 9.99641E-05 0.154569 0.844931 9.99641E-05 9.99641E-05
0.0141154 0.0439855 0.0401764 9.99824E-05 0.771957 0.129566 9.99824E-05
9.99825E-05 0.0395388 9.99825E-05 0.21106 0.57016 0.111688 0.0673543
9.99736E-05 9.99736E-05 9.99736E-05 0.199468 0.605423 0.13636 0.0584499
9.99824E-05 9.99824E-05 0.0485805 0.301765 0.579435 0.0238157 0.0462037
0.0450807 0.0109424 9.99737E-05 9.99737E-05 0.913565 0.0301117 9.99737E-05
0.0297773 0.0478377 9.99824E-05 9.99824E-05 0.843026 0.0192377 0.0599215
9.99649E-05 9.99649E-05 9.99649E-05 9.99649E-05 0.850061 0.0185331 0.131006
0.133824 0.182795 9.99649E-05 9.99649E-05 0.682981 9.99649E-05 9.99649E-05
0.00267374 0.0420096 9.99912E-05 0.279507 0.544512 0.0429477 0.0882502
9.99649E-05 9.99649E-05 9.99649E-05 0.260607 0.583065 9.99649E-05 0.155929
0.000564782 9.99737E-05 9.99737E-05 9.99737E-05 0.839014 0.0150515 0.14507
0.035932 0.0817596 0.0108782 0.0991008 0.769826 0.00240388 9.99912E-05
9.99561E-05 9.99561E-05 9.99561E-05 9.99561E-05 0.977377 9.99561E-05 0.0221234
0.0200757 0.186513 9.99824E-05 0.192761 0.549923 0.0505275 9.99824E-05
0.0545751 0.0388373 9.99912E-05 0.108855 0.442582 0.0216712 0.333379
0.0826753 0.0503986 9.99736E-05 9.99736E-05 0.848143 9.99736E-05 0.0184827
9.99824E-05 0.0564615 0.0256079 0.0131331 0.891314 0.0132837 9.99824E-05
0.00335185 9.99642E-05 9.99642E-05 9.99642E-05 0.996148 9.99642E-05 9.99642E-05
9.99736E-05 9.99736E-05 9.99736E-05 0.0856274 0.773772 0.0645335 0.0757674
0.035521 0.0749252 0.0737939 9.99825E-05 0.780659 9.99825E-05 0.0349008
0.0172924 0.0551707 9.99912E-05 0.360251 0.352736 0.130224 0.0842262
0.0717465 9.99649E-05 9.99649E-05 9.99649E-05 0.708903 9.99649E-05 0.21895
9.99649E-05 9.99649E-05 0.0319701 0.084147 0.883483 9.99649E-05 9.99649E-05
0.0745023 0.00341956 0.0941787 9.99825E-05 0.61817 9.99825E-05 0.209529
0.0263675 0.0419075 9.99825E-05 0.00129856 0.805566 9.99825E-05 0.12466
0.0800185 9.99737E-05 9.99737E-05 0.0745154 0.805597 0.0395689 9.99737E-05
9.99736E-05 0.00701317 0.0696963 9.99736E-05 0.882871 9.99736E-05 0.0401197
9.99737E-05 9.99737E-05 0.00587862 9.99737E-05 0.883778 0.0894834 0.0205602
9.99737E-05 0.0336104 9.99737E-05 9.99737E-05 0.933243 0.0233357 0.00951063
9.99824E-05 0.11051 0.130554 0.550859 0.159051 0.0488262 9.99824E-05
9.99912E-05 0.051779 0.0562128 0.269829 0.478872 0.0284923 0.114715
9.99912E-05 0.051287 0.251369 0.311805 0.340551 0.0410739 0.00381375
9.99737E-05 0.22638 0.0753056 0.644636 9.99737E-05 0.0533786 9.99737E-05
0.0656651 0.201416 0.131296 0.170981 0.260119 0.00432238 0.1662
9.99824E-05 0.131563 0.0935783 0.623987 0.0534185 0.0972533 9.99824E-05
9.99912E-05 0.204867 0.156285 0.36691 0.176614 0.0826866 0.0125367
9.99649E-05 0.17292 0.256844 0.569836 9.99649E-05 9.99649E-05 9.99649E-05
9.99737E-05 0.056183 0.151811 0.493744 0.297962 9.99737E-05 9.99737E-05
9.99912E-05 0.135879 0.05907 0.282526 0.380205 0.090662 0.0515579
0.0767365 0.142137 0.0369857 0.490606 9.99824E-05 0.253334 9.99824E-05
9.99912E-05 0.069213 0.0421867 0.318352 0.135692 0.0883232 0.346132
9.99912E-05 0.240453 0.00307745 0.209935 0.0514475 0.159083 0.335904
9.99736E-05 0.138173 9.99736E-05 0.477192 0.0852513 9.99736E-05 0.299084
9.99825E-05 9.99825E-05 0.0228796 0.451597 0.334357 0.0269196 0.164047
9.99825E-05 0.16368 0.0304256 0.395423 0.352088 0.0581826 9.99825E-05
9.99824E-05 0.00144473 0.242168 0.546024 0.0068571 9.99824E-05 0.203306
9.99825E-05 0.225863 0.169946 0.242524 0.209565 0.151903 9.99825E-05
9.99824E-05 0.0817912 0.20974 0.317848 0.334304 0.0561159 9.99824E-05
0.0322215 9.99736E-05 0.193319 0.587587 9.99736E-05 9.99736E-05 0.186572
9.99825E-05 9.99825E-05 0.056836 0.458989 0.409919 0.040347 0.0337091
9.99912E-05 0.0821656 0.0181811 0.538465 0.163126 0.003253 0.19471
9.99737E-05 0.0873489 0.0878582 0.640543 0.18395 9.99737E-05 9.99737E-05
0.018045 0.0859768 0.0841312 0.397474 0.162635 9.99912E-05 0.251638
9.99824E-05 0.105607 9.99824E-05 0.290819 0.296061 0.272684 0.0346296
0.0111675 0.160736 9.99737E-05 0.370664 0.457132 9.99737E-05 9.99737E-05
9.99825E-05 0.0400182 0.216473 0.297104 0.423055 9.99825E-05 0.0231503
9.99825E-05 0.0759011 0.0810329 0.398516 0.383285 9.99825E-05 0.061065
9.99737E-05 0.146164 0.27414 0.198911 0.380485 9.99737E-05 9.99737E-05
9.9965E-05 0.185114 9.9965E-05 0.53732 0.277166 9.9965E-05 9.9965E-05
9.99649E-05 0.153614 0.0267781 0.819209 9.99649E-05 9.99649E-05 9.99649E-05
9.99562E-05 0.0212138 9.99562E-05 0.978286 9.99562E-05 9.99562E-05 9.99562E-05
9.99736E-05 9.99736E-05 0.0797258 0.846984 9.99736E-05 0.0308584 0.0421314
9.99736E-05 0.105679 0.017204 0.822463 9.99736E-05 0.0543538 9.99736E-05
0.062137 0.155664 0.0504182 0.695944 9.99824E-05 0.0356361 9.99824E-05
9.99561E-05 0.214063 9.99561E-05 0.785437 9.99561E-05 9.99561E-05 9.99561E-05
9.99736E-05 0.0785184 0.00816525 0.846613 9.99736E-05 0.0664033 9.99736E-05
9.99561E-05 0.29637 9.99561E-05 0.70313 9.99561E-05 9.99561E-05 9.99561E-05
9.9956E-05 0.443784 9.9956E-05 0.555716 9.9956E-05 9.9956E-05 9.9956E-05
9.99561E-05 0.258699 9.99561E-05 0.740802 9.99561E-05 9.99561E-05 9.99561E-05
9.99562E-05 0.0986376 9.99562E-05 0.900863 9.99562E-05 9.99562E-05 9.99562E-05
0.00481984 9.99649E-05 9.99649E-05 0.944586 9.99649E-05 0.0501939 9.99649E-05
9.99649E-05 0.102465 9.99649E-05 0.867931 9.99649E-05 0.029204 9.99649E-05
9.99561E-05 0.131509 9.99561E-05 0.867991 9.99561E-05 9.99561E-05 9.99561E-05
0.0488591 0.0933545 0.0753196 0.736047 9.99825E-05 0.0462199 9.99825E-05
9.99736E-05 0.0570669 0.00607773 0.877407 9.99736E-05 0.0591482 9.99736E-05
0.0435845 0.112459 0.0286004 0.815056 9.99736E-05 9.99736E-05 9.99736E-05
9.99737E-05 0.150096 9.99737E-05 0.628741 9.99737E-05 0.0878713 0.132992
9.99649E-05 0.013873 9.99649E-05 0.883282 9.99649E-05 0.102445 9.99649E-05
0.0902792 0.0308818 9.99737E-05 0.800304 9.99737E-05 0.0782348 9.99737E-05
9.99648E-05 0.103685 9.99648E-05 0.758859 9.99648E-05 9.99648E-05 0.137057
0.032782 0.0948127 0.0350507 0.743696 9.99824E-05 0.0934585 9.99824E-05
0.0920708 0.295158 9.99648E-05 0.612371 9.99648E-05 9.99648E-05 9.99648E-05
9.99649E-05 0.188497 9.99649E-05 0.788974 9.99649E-05 0.0221289 9.99649E-05
0.0967476 0.319754 9.99737E-05 0.572362 9.99737E-05 0.0108361 9.99737E-05
9.99561E-05 0.157127 9.99561E-05 0.842373 9.99561E-05 9.99561E-05 9.99561E-05
9.9965E-05 9.9965E-05 0.0539681 0.901924 0.0437076 9.9965E-05 9.9965E-05
0.0113764 0.138412 9.99736E-05 0.776882 9.99736E-05 9.99736E-05 0.0730298
9.99561E-05 0.278947 9.99561E-05 0.720553 9.99561E-05 9.99561E-05 9.99561E-05
0.0719826 0.0315503 9.99737E-05 0.810297 9.99737E-05 0.0858703 9.99737E-05
9.99649E-05 0.106447 9.99649E-05 0.837791 9.99649E-05 0.0553623 9.99649E-05
0.0445581 9.99649E-05 9.99649E-05 0.912821 9.99649E-05 0.042221 9.99649E-05
0.231165 0.355351 9.99736E-05 0.402864 9.99736E-05 0.0103206 9.99736E-05
0.0643328 0.139011 9.99736E-05 0.787265 9.99736E-05 0.00909055 9.99736E-05
0.0237093 0.00368798 0.000953394 0.970869 9.99824E-05 0.0005805 9.99824E-05
9.99737E-05 0.102247 9.99737E-05 0.812276 9.99737E-05 0.0768059 0.00837162
9.99736E-05 0.13733 0.0254216 0.801429 9.99736E-05 0.0355192 9.99736E-05
9.99562E-05 0.131967 9.99562E-05 0.867533 9.99562E-05 9.99562E-05 9.99562E-05
9.99562E-05 0.0249851 9.99562E-05 0.974515 9.99562E-05 9.99562E-05 9.99562E-05
9.99562E-05 0.00402097 9.99562E-05 0.995479 9.99562E-05 9.99562E-05 9.99562E-05
9.99562E-05 0.0421135 9.99562E-05 0.957387 9.99562E-05 9.99562E-05 9.99562E-05
0.0264751 0.0784682 9.99824E-05 0.831314 9.99824E-05 0.0226811 0.0408612
9.99737E-05 0.277068 0.0590248 0.657717 9.99737E-05 0.00589046 9.99737E-05
9.99562E-05 0.142315 9.99562E-05 0.857185 9.99562E-05 9.99562E-05 9.99562E-05
9.99562E-05 9.99562E-05 9.99562E-05 0.989339 0.0101609 9.99562E-05 9.99562E-05
0.130838 0.354379 0.000606977 0.505699 9.99824E-05 0.00827739 9.99824E-05
9.99737E-05 0.13092 0.0362178 0.79298 9.99737E-05 0.0395826 9.99737E-05
9.99737E-05 0.102323 0.0679279 0.761379 9.99737E-05 9.99737E-05 0.0680704
0.0786967 0.261884 9.99736E-05 0.604918 9.99736E-05 0.0542014 9.99736E-05
9.995E-05 9.995E-05 9.995E-05 0.9994 9.995E-05 9.995E-05 9.995E-05
0.0372911 9.99736E-05 9.99736E-05 0.706801 9.99736E-05 0.0422511 0.213357
9.99562E-05 0.167978 9.99562E-05 0.831522 9.99562E-05 9.99562E-05 9.99562E-05
9.99649E-05 0.144657 9.99649E-05 0.844177 9.99649E-05 0.0107669 9.99649E-05
9.99649E-05 0.150685 9.99649E-05 0.755321 9.99649E-05 9.99649E-05 0.0935935
9.99736E-05 0.038313 9.99736E-05 0.877626 9.99736E-05 0.0768766 0.00688455
9.99561E-05 0.368713 9.99561E-05 0.630787 9.99561E-05 9.99561E-05 9.99561E-05
9.99648E-05 0.194469 9.99648E-05 0.787568 9.99648E-05 0.017563 9.99648E-05
0.0277754 0.120773 9.99824E-05 0.823942 9.99824E-05 0.0142166 0.013093
0.145915 9.99649E-05 9.99649E-05 0.821253 9.99649E-05 0.0324322 9.99649E-05
9.99561E-05 0.21749 9.99561E-05 0.782011 9.99561E-05 9.99561E-05 9.99561E-05
0.0570633 9.99559E-05 9.99559E-05 0.942437 9.99559E-05 9.99559E-05 9.99559E-05
9.995E-05 0.9994 9.995E-05 9.995E-05 9.995E-05 9.995E-05 9.995E-05
0.043436 9.99648E-05 0.000946212 0.955218 9.99648E-05 9.99648E-05 9.99648E-05
9.995E-05 0.9994 9.995E-05 9.995E-05 9.995E-05 9.995E-05 9.995E-05
9.995E-05 0.9994 9.995E-05 9.995E-05 9.995E-05 9.995E-05 9.995E-05
9.995E-05 0.9994 9.995E-05 9.995E-05 9.995E-05 9.995E-05 9.995E-05
0.0317921 9.9956E-05 9.9956E-05 0.967708 9.9956E-05 9.9956E-05 9.9956E-05
9.995E-05 0.9994 9.995E-05 9.995E-05 9.995E-05 9.995E-05 9.995E-05
9.995E-05 0.9994 9.995E-05 9.995E-05 9.995E-05 9.995E-05 9.995E-05
0.0528669 9.9956E-05 9.9956E-05 0.946633 9.9956E-05 9.9956E-05 9.9956E-05
0.153215 0.050018 9.99648E-05 0.796367 9.99648E-05 9.99648E-05 9.99648E-05
0.0479093 9.9956E-05 9.9956E-05 0.951591 9.9956E-05 9.9956E-05 9.9956E-05
9.995E-05 0.9994 9.995E-05 9.995E-05 9.995E-05 9.995E-05 9.995E-05
9.995E-05 0.9994 9.995E-05 9.995E-05 9.995E-05 9.995E-05 9.995E-05
0.0476902 9.99559E-05 9.99559E-05 0.95181 9.99559E-05 9.99559E-05 9.99559E-05
0.0340661 0.0890094 0.00688594 0.869739 9.99736E-05 9.99736E-05 9.99736E-05
0.0766641 0.102782 0.024002 0.624095 9.99824E-05 9.99824E-05 0.172257
0.097416 9.9956E-05 9.9956E-05 0.902084 9.9956E-05 9.9956E-05 9.9956E-05
9.995E-05 0.9994 9.995E-05 9.995E-05 9.995E-05 9.995E-05 9.995E-05
0.0599056 9.9956E-05 9.9956E-05 0.939595 9.9956E-05 9.9956E-05 9.9956E-05
0.0292392 0.0189654 9.99648E-05 0.951396 9.99648E-05 9.99648E-05 9.99648E-05
0.0086223 9.9956E-05 9.9956E-05 0.990878 9.9956E-05 9.9956E-05 9.9956E-05
9.995E-05 0.9994 9.995E-05 9.995E-05 9.995E-05 9.995E-05 9.995E-05
0.0176406 0.00488588 9.99648E-05 0.977074 9.99648E-05 9.99648E-05 9.99648E-05
9.995E-05 0.9994 9.995E-05 9.995E-05 9.995E-05 9.995E-05 9.995E-05
0.0246599 9.9956E-05 9.9956E-05 0.97484 9.9956E-05 9.9956E-05 9.9956E-05
0.0113113 9.9956E-05 9.9956E-05 0.988189 9.9956E-05 9.9956E-05 9.9956E-05
9.995E-05 0.9994 9.995E-05 9.995E-05 9.995E-05 9.995E-05 9.995E-05
9.995E-05 0.9994 9.995E-05 9.995E-05 9.995E-05 9.995E-05 9.995E-05
9.995E-05 0.9994 9.995E-05 9.995E-05 9.995E-05 9.995E-05 9.995E-05
0.0571689 9.99559E-05 9.99559E-05 0.942331 9.99559E-05 9.99559E-05 9.99559E-05
0.0792386 9.9956E-05 9.9956E-05 0.920262 9.9956E-05 9.9956E-05 9.9956E-05
0.069488 9.9956E-05 9.9956E-05 0.930012 9.9956E-05 9.9956E-05 9.9956E-05
0.0626573 9.9956E-05 9.9956E-05 0.936843 9.9956E-05 9.9956E-05 9.9956E-05
0.0109767 0.0500841 9.99648E-05 0.938539 9.99648E-05 9.99648E-05 9.99648E-05
9.995E-05 0.9994 9.995E-05 9.995E-05 9.995E-05 9.995E-05 9.995E-05
9.995E-05 0.9994 9.995E-05 9.995E-05 9.995E-05 9.995E-05 9.995E-05
9.995E-05 0.9994 9.995E-05 9.995E-05 9.995E-05 9.995E-05 9.995E-05
0.0810031 0.0807176 0.036708 0.801271 9.99736E-05 9.99736E-05 9.99736E-05
9.995E-05 0.9994 9.995E-05 9.995E-05 9.995E-05 9.995E-05 9.995E-05
9.995E-05 0.9994 9.995E-05 9.995E-05 9.995E-05 9.995E-05 9.995E-05
9.995E-05 0.9994 9.995E-05 9.995E-05 9.995E-05 9.995E-05 9.995E-05
9.995E-05 0.9994 9.995E-05 9.995E-05 9.995E-05 9.995E-05 9.995E-05
0.0191476 9.9956E-05 9.9956E-05 0.980353 9.9956E-05 9.9956E-05 9.9956E-05
9.995E-05 0.9994 9.995E-05 9.995E-05 9.995E-05 9.995E-05 9.995E-05
9.995E-05 0.9994 9.995E-05 9.995E-05 9.995E-05 9.995E-05 9.995E-05
0.0975818 0.10918 9.99824E-05 0.503863 9.99824E-05 0.0173756 0.271799
0.040056 9.9956E-05 9.9956E-05 0.959444 9.9956E-05 9.9956E-05 9.9956E-05
9.995E-05 0.9994 9.995E-05 9.995E-05 9.995E-05 9.995E-05 9.995E-05
9.995E-05 0.9994 9.995E-05 9.995E-05 9.995E-05 9.995E-05 9.995E-05
9.995E-05 0.9994 9.995E-05 9.995E-05 9.995E-05 9.995E-05 9.995E-05
9.995E-05 0.9994 9.995E-05 9.995E-05 9.995E-05 9.995E-05 9.995E-05
0.0125013 9.9956E-05 9.9956E-05 0.986999 9.9956E-05 9.9956E-05 9.9956E-05
9.995E-05 0.9994 9.995E-05 9.995E-05 9.995E-05 9.995E-05 9.995E-05
0.00876628 9.9956E-05 9.9956E-05 0.990734 9.9956E-05 9.9956E-05 9.9956E-05
9.995E-05 0.9994 9.995E-05 9.995E-05 9.995E-05 9.995E-05 9.995E-05
0.0157575 9.9956E-05 9.9956E-05 0.983743 9.9956E-05 9.9956E-05 9.9956E-05
9.995E-05 0.9994 9.995E-05 9.995E-05 9.995E-05 9.995E-05 9.995E-05
9.995E-05 0.9994 9.995E-05 9.995E-05 9.995E-05 9.995E-05 9.995E-05
9.995E-05 0.9994 9.995E-05 9.995E-05 9.995E-05 9.995E-05 9.995E-05
9.995E-05 0.9994 9.995E-05 9.995E-05 9.995E-05 9.995E-05 9.995E-05
9.995E-05 0.9994 9.995E-05 9.995E-05 9.995E-05 9.995E-05 9.995E-05
9.995E-05 0.9994 9.995E-05 9.995E-05 9.995E-05 9.995E-05 9.995E-05
0.0605891 9.9956E-05 9.9956E-05 0.938911 9.9956E-05 9.9956E-05 9.9956E-05
0.0843913 9.9956E-05 9.9956E-05 0.915109 9.9956E-05 9.9956E-05 9.9956E-05
0.0850392 9.9956E-05 9.9956E-05 0.914461 9.9956E-05 9.9956E-05 9.9956E-05
9.995E-05 0.9994 9.995E-05 9.995E-05 9.995E-05 9.995E-05 9.995E-05
0.0289352 9.9956E-05 9.9956E-05 0.970565 9.9956E-05 9.9956E-05 9.9956E-05
0.0364652 0.0215377 9.99648E-05 0.941597 9.99648E-05 9.99648E-05 9.99648E-05
0.0176406 0.00488588 9.99648E-05 0.977074 9.99648E-05 9.99648E-05 9.99648E-05
9.995E-05 0.9994 9.995E-05 9.995E-05 9.995E-05 9.995E-05 9.995E-05
9.995E-05 0.9994 9.995E-05 9.995E-05 9.995E-05 9.995E-05 9.995E-05
9.995E-05 0.9994 9.995E-05 9.995E-05 9.995E-05 9.995E-05 9.995E-05
0.0118608 9.9956E-05 9.9956E-05 0.987639 9.9956E-05 9.9956E-05 9.9956E-05
9.995E-05 0.9994 9.995E-05 9.995E-05 9.995E-05 9.995E-05 9.995E-05
9.995E-05 0.9994 9.995E-05 9.995E-05 9.995E-05 9.995E-05 9.995E-05
0.0292948 9.9956E-05 9.9956E-05 0.970205 9.9956E-05 9.9956E-05 9.9956E-05
9.995E-05 0.9994 9.995E-05 9.995E-05 9.995E-05 9.995E-05 9.995E-05
9.995E-05 0.9994 9.995E-05 9.995E-05 9.995E-05 9.995E-05 9.995E-05
0.0280666 0.0733424 0.14884 0.65777 9.99824E-05 0.0917809 9.99824E-05
0.0108359 9.9956E-05 9.9956E-05 0.988664 9.9956E-05 9.9956E-05 9.9956E-05
9.995E-05 0.9994 9.995E-05 9.995E-05 9.995E-05 9.995E-05 9.995E-05
0.00837748 0.454788 0.0470329 0.426957 9.99824E-05 0.062644 9.99824E-05
0.0736781 0.303065 9.99736E-05 0.576728 9.99736E-05 9.99736E-05 0.0462288
0.0105357 0.132571 9.99648E-05 0.856494 9.99648E-05 9.99648E-05 9.99648E-05
0.0349136 9.99736E-05 0.0657679 0.872154 9.99736E-05 9.99736E-05 0.0268648
9.9956E-05 0.289867 9.9956E-05 0.709633 9.9956E-05 9.9956E-05 9.9956E-05
9.99562E-05 0.132142 9.99562E-05 0.867358 9.99562E-05 9.99562E-05 9.99562E-05
0.0160432 0.291643 9.99736E-05 0.686898 9.99736E-05 0.00511618 9.99736E-05
0.0427076 0.179095 9.99736E-05 0.674593 9.99736E-05 0.103304 9.99736E-05
9.99562E-05 0.189223 9.99562E-05 0.810277 9.99562E-05 9.99562E-05 9.99562E-05
0.070857 9.99649E-05 9.99649E-05 0.8728 9.99649E-05 9.99649E-05 0.0559431
9.99649E-05 0.072807 9.99649E-05 0.876974 9.99649E-05 0.0498187 9.99649E-05
9.99561E-05 0.584266 9.99561E-05 0.415235 9.99561E-05 9.99561E-05 9.99561E-05
9.99736E-05 0.274088 0.0824107 0.618766 9.99736E-05 9.99736E-05 0.0244356
9.99648E-05 0.0617843 0.187612 0.750204 9.99648E-05 9.99648E-05 9.99648E-05
9.99648E-05 0.162356 9.99648E-05 0.778338 9.99648E-05 0.0589061 9.99648E-05
9.99649E-05 0.363227 9.99649E-05 0.584591 9.99649E-05 0.0517831 9.99649E-05
9.99561E-05 0.21934 9.99561E-05 0.78016 9.99561E-05 9.99561E-05 9.99561E-05
0.0532856 0.0459616 0.0389066 0.769199 9.99824E-05 0.0924475 9.99824E-05
0.0182236 0.198727 9.99824E-05 0.695158 9.99824E-05 0.0857302 0.0019617
9.99736E-05 0.177814 0.0363804 0.783019 9.99736E-05 9.99736E-05 0.00248652
0.095481 0.167592 9.99648E-05 0.736527 9.99648E-05 9.99648E-05 9.99648E-05
9.99649E-05 0.309056 9.99649E-05 0.653105 9.99649E-05 9.99649E-05 0.0374383
0.0139922 0.251905 9.99824E-05 0.600104 9.99824E-05 0.00347559 0.130324
0.00373563 0.20401 9.99736E-05 0.759311 9.99736E-05 0.0326427 9.99736E-05
0.052407 0.0740898 0.0837588 0.789444 9.99736E-05 9.99736E-05 9.99736E-05
9.99562E-05 0.0805512 9.99562E-05 0.918949 9.99562E-05 9.99562E-05 9.99562E-05
9.99648E-05 0.1032 9.99648E-05 0.776073 9.99648E-05 9.99648E-05 0.120326
0.0298715 0.231835 0.067893 0.6701 9.99736E-05 9.99736E-05 9.99736E-05
0.0286805 9.99736E-05 0.048708 0.853603 9.99736E-05 9.99736E-05 0.0687086
0.0980823 0.211693 0.108361 0.581564 9.99736E-05 9.99736E-05 9.99736E-05
9.99736E-05 0.405027 9.99736E-05 0.551603 9.99736E-05 0.0197385 0.023331
9.99649E-05 0.275303 9.99649E-05 0.699265 9.99649E-05 0.0250315 9.99649E-05
0.00368606 0.283624 0.00264429 0.709746 9.99736E-05 9.99736E-05 9.99736E-05
9.99736E-05 0.244782 0.0357814 0.666746 9.99736E-05 0.0523909 9.99736E-05
9.99736E-05 0.137968 0.0927576 0.709544 9.99736E-05 0.0594304 9.99736E-05
9.99561E-05 0.0629693 9.99561E-05 0.936531 9.99561E-05 9.99561E-05 9.99561E-05
9.995E-05 9.995E-05 9.995E-05 0.9994 9.995E-05 9.995E-05 9.995E-05
9.99824E-05 0.0155579 0.0598804 0.75075 9.99824E-05 0.0542515 0.11936
0.100868 9.99736E-05 0.0953287 0.743567 9.99736E-05 0.0599362 9.99736E-05
0.0315839 0.240307 9.99736E-05 0.510711 9.99736E-05 9.99736E-05 0.217098
9.99648E-05 0.0388603 0.0385352 0.922205 9.99648E-05 9.99648E-05 9.99648E-05
0.0328266 0.084939 9.99737E-05 0.822357 9.99737E-05 9.99737E-05 0.0595775
0.0521222 0.228703 9.99736E-05 0.626638 9.99736E-05 9.99736E-05 0.0922375
9.99736E-05 0.522031 0.0365041 0.436087 9.99736E-05 9.99736E-05 0.00507808
9.9956E-05 0.399508 9.9956E-05 0.599993 9.9956E-05 9.9956E-05 9.9956E-05
0.0107677 0.159843 0.00482847 0.781234 9.99824E-05 0.0431262 9.99824E-05
9.99562E-05 0.00977274 9.99562E-05 0.989727 9.99562E-05 9.99562E-05 9.99562E-05
0.00763561 0.267368 9.99648E-05 0.724596 9.99648E-05 9.99648E-05 9.99648E-05
9.99737E-05 0.0645404 9.99737E-05 0.890671 9.99737E-05 0.0326042 0.0118849
9.99648E-05 0.252699 9.99648E-05 0.623076 9.99648E-05 9.99648E-05 0.123825
9.99562E-05 9.99562E-05 9.99562E-05 0.982346 9.99562E-05 0.0171541 9.99562E-05
9.99561E-05 9.99561E-05 9.99561E-05 0.987782 9.99561E-05 0.0117183 9.99561E-05
9.99648E-05 9.99648E-05 9.99648E-05 0.836161 9.99648E-05 0.0555667 0.107873
9.99561E-05 0.267523 9.99561E-05 0.731977 9.99561E-05 9.99561E-05 9.99561E-05
0.020237 0.11632 9.99736E-05 0.642527 9.99736E-05 9.99736E-05 0.220617
9.99561E-05 0.3591 9.99561E-05 0.640401 9.99561E-05 9.99561E-05 9.99561E-05
9.99562E-05 9.99562E-05 9.99562E-05 0.970071 9.99562E-05 0.0294297 9.99562E-05
9.99649E-05 0.233288 9.99649E-05 0.722318 9.99649E-05 0.0439948 9.99649E-05
0.0315828 0.235094 9.99649E-05 0.732923 9.99649E-05 9.99649E-05 9.99649E-05
9.99561E-05 0.298525 9.99561E-05 0.700975 9.99561E-05 9.99561E-05 9.99561E-05
9.99561E-05 0.0600952 9.99561E-05 0.939405 9.99561E-05 9.99561E-05 9.99561E-05
9.99562E-05 0.130003 9.99562E-05 0.869497 9.99562E-05 9.99562E-05 9.99562E-05
9.99562E-05 9.99562E-05 9.99562E-05 0.95449 0.0450103 9.99562E-05 9.99562E-05
9.99737E-05 0.0746261 0.0170795 0.788002 9.99737E-05 0.119993 9.99737E-05
0.117805 0.187144 9.99648E-05 0.694651 9.99648E-05 9.99648E-05 9.99648E-05
9.99649E-05 0.250325 9.99649E-05 0.684472 9.99649E-05 9.99649E-05 0.0648033
9.99562E-05 0.0694459 9.99562E-05 0.930054 9.99562E-05 9.99562E-05 9.99562E-05
9.99561E-05 0.278964 9.99561E-05 0.720536 9.99561E-05 9.99561E-05 9.99561E-05
0.0196482 0.0131625 9.99736E-05 0.913024 9.99736E-05 0.053865 9.99736E-05
0.0208626 0.0248451 9.9965E-05 0.953892 9.9965E-05 9.9965E-05 9.9965E-05
0.0248556 0.040834 9.99649E-05 0.933911 9.99649E-05 9.99649E-05 9.99649E-05
0.0289188 9.9965E-05 9.9965E-05 0.86044 0.110241 9.9965E-05 9.9965E-05
9.99561E-05 0.294419 9.99561E-05 0.705081 9.99561E-05 9.99561E-05 9.99561E-05
0.00128399 9.99737E-05 0.117819 0.760584 9.99737E-05 9.99737E-05 0.120013
9.995E-05 9.995E-05 9.995E-05 0.9994 9.995E-05 9.995E-05 9.995E-05
9.99561E-05 0.188271 9.99561E-05 0.811229 9.99561E-05 9.99561E-05 9.99561E-05
9.99562E-05 9.99562E-05 9.99562E-05 0.970819 0.0286811 9.99562E-05 9.99562E-05
9.99561E-05 9.99561E-05 9.99561E-05 0.983263 9.99561E-05 0.0162376 9.99561E-05
9.99563E-05 0.0857697 9.99563E-05 0.913731 9.99563E-05 9.99563E-05 9.99563E-05
9.99649E-05 0.395622 9.99649E-05 0.582345 9.99649E-05 0.021633 9.99649E-05
9.99737E-05 0.246498 9.99737E-05 0.597494 9.99737E-05 0.0587605 0.0969469
9.99824E-05 0.185219 0.0342766 0.517702 9.99824E-05 0.0743498 0.188253
9.995E-05 9.995E-05 9.995E-05 0.9994 9.995E-05 9.995E-05 9.995E-05
9.99649E-05 0.197661 9.99649E-05 0.77809 9.99649E-05 0.023849 9.99649E-05
0.165528 0.174135 9.99648E-05 0.659937 9.99648E-05 9.99648E-05 9.99648E-05
9.99561E-05 0.103461 9.99561E-05 0.896039 9.99561E-05 9.99561E-05 9.99561E-05
9.99648E-05 0.0510134 0.121131 0.827456 9.99648E-05 9.99648E-05 9.99648E-05
9.9956E-05 0.347224 9.9956E-05 0.652277 9.9956E-05 9.9956E-05 9.9956E-05
0.0328742 0.0663971 9.99824E-05 0.841178 9.99824E-05 0.0154934 0.0438575
0.0868316 0.160227 9.99648E-05 0.752541 9.99648E-05 9.99648E-05 9.99648E-05
0.149177 0.0801518 9.99737E-05 0.745099 9.99737E-05 0.0252719 9.99737E-05
9.99648E-05 0.0900404 0.0851659 0.824394 9.99648E-05 9.99648E-05 9.99648E-05
9.99649E-05 0.384772 0.0389693 0.575859 9.99649E-05 9.99649E-05 9.99649E-05
0.128746 0.0939504 9.99824E-05 0.641042 9.99824E-05 0.105792 0.0302694
9.99562E-05 0.278222 9.99562E-05 0.721279 9.99562E-05 9.99562E-05 9.99562E-05
9.99562E-05 0.0813643 9.99562E-05 0.918136 9.99562E-05 9.99562E-05 9.99562E-05
9.99649E-05 0.357984 9.99649E-05 0.454116 9.99649E-05 9.99649E-05 0.1875
9.99648E-05 0.0578036 9.99648E-05 0.79267 9.99648E-05 0.149126 9.99648E-05
9.99561E-05 9.99561E-05 0.0313918 0.968108 9.99561E-05 9.99561E-05 9.99561E-05
0.0338356 0.185709 9.99737E-05 0.756631 9.99737E-05 9.99737E-05 0.0235244
0.075882 0.268866 0.0655682 0.33573 9.99912E-05 0.0860872 0.167766
9.99561E-05 0.0431142 9.99561E-05 0.956386 9.99561E-05 9.99561E-05 9.99561E-05
0.127086 0.0974816 0.133942 0.641191 9.99737E-05 9.99737E-05 9.99737E-05
9.99563E-05 0.113534 9.99563E-05 0.885966 9.99563E-05 9.99563E-05 9.99563E-05
0.038526 0.124191 9.9965E-05 0.836883 9.9965E-05 9.9965E-05 9.9965E-05
9.99561E-05 0.150837 9.99561E-05 0.848663 9.99561E-05 9.99561E-05 9.99561E-05
9.9956E-05 9.9956E-05 0.173148 0.826353 9.9956E-05 9.9956E-05 9.9956E-05
9.99562E-05 0.0710871 9.99562E-05 0.928413 9.99562E-05 9.99562E-05 9.99562E-05
9.995E-05 9.995E-05 9.995E-05 0.9994 9.995E-05 9.995E-05 9.995E-05
0.0234985 0.0578386 0.0689301 0.849433 9.99737E-05 9.99737E-05 9.99737E-05
0.00220552 0.103185 0.0122102 0.882099 9.99737E-05 9.99737E-05 9.99737E-05
9.99561E-05 9.99561E-05 9.99561E-05 0.936311 9.99561E-05 0.0631888 9.99561E-05
9.9956E-05 0.121959 9.9956E-05 0.877541 9.9956E-05 9.9956E-05 9.9956E-05
9.99649E-05 0.110327 9.99649E-05 0.781116 9.99649E-05 9.99649E-05 0.108158
0.0994038 9.99648E-05 9.99648E-05 0.820952 9.99648E-05 0.0792444 9.99648E-05
9.99561E-05 0.391344 9.99561E-05 0.608156 9.99561E-05 9.99561E-05 9.99561E-05
9.99736E-05 0.269796 0.0028865 0.641122 9.99736E-05 9.99736E-05 0.0858957
9.99736E-05 0.000579754 0.119743 0.828028 9.99736E-05 0.0513488 9.99736E-05
0.0365219 0.0745863 9.99737E-05 0.849382 9.99737E-05 0.0392098 9.99737E-05
0.0374241 9.99736E-05 9.99736E-05 0.850997 9.99736E-05 0.0228652 0.0884136
0.0215464 0.0178467 0.131656 0.79567 9.99912E-05 0.0129565 0.0202241
9.99648E-05 0.208797 9.99648E-05 0.673692 9.99648E-05 0.117111 9.99648E-05
0.108593 0.117308 9.99648E-05 0.773699 9.99648E-05 9.99648E-05 9.99648E-05
0.0498574 0.222538 9.99824E-05 0.588911 9.99824E-05 0.0284295 0.110064
9.99562E-05 0.233765 9.99562E-05 0.765736 9.99562E-05 9.99562E-05 9.99562E-05
9.99736E-05 0.201445 0.0636135 0.604733 9.99736E-05 0.129909 9.99736E-05
9.995E-05 9.995E-05 9.995E-05 0.9994 9.995E-05 9.995E-05 9.995E-05
9.99563E-05 0.0757751 9.99563E-05 0.923725 9.99563E-05 9.99563E-05 9.99563E-05
9.99736E-05 0.222512 9.99736E-05 0.615421 9.99736E-05 0.0979451 0.0638225
9.99736E-05 0.181301 9.99736E-05 0.738166 9.99736E-05 0.0391627 0.0410695
9.99824E-05 0.231016 9.99824E-05 0.470378 0.00692796 0.0138153 0.277663
9.99824E-05 0.151074 9.99824E-05 0.610272 0.000291375 0.0515028 0.18666
9.99824E-05 0.2245 0.00199662 0.388846 9.99824E-05 0.0986902 0.285767
9.99737E-05 0.0611582 9.99737E-05 0.754975 9.99737E-05 0.0743629 0.109204
0.00673669 0.148075 0.139236 0.549922 9.99912E-05 0.0378899 0.118041
0.0440272 0.125083 9.99912E-05 0.510497 0.293862 0.00319935 0.0232306
9.99824E-05 0.178717 0.0627865 0.710272 9.99824E-05 0.0168967 0.0311272
9.99825E-05 0.195244 0.00702044 0.530884 9.99825E-05 0.0223027 0.244349
9.99912E-05 0.0486042 0.0328259 0.472239 0.270952 0.0729356 0.102343
9.99736E-05 0.200274 9.99736E-05 0.523518 9.99736E-05 0.0646072 0.211301
0.00288508 0.0906421 9.99824E-05 0.599219 9.99824E-05 0.116438 0.190616
0.116697 9.99649E-05 9.99649E-05 0.714192 0.168711 9.99649E-05 9.99649E-05
9.99737E-05 0.22712 9.99737E-05 0.443481 9.99737E-05 0.00982304 0.319276
9.99649E-05 0.0625765 9.99649E-05 0.536855 0.400169 9.99649E-05 9.99649E-05
9.99825E-05 0.0832878 0.0849231 0.699494 0.0394696 0.0926251 9.99825E-05
9.99824E-05 0.216097 9.99824E-05 0.4177 0.0602036 0.0337956 0.272004
9.99824E-05 0.154332 9.99824E-05 0.617068 0.0313723 0.097264 0.099764
0.0413812 0.0266635 9.99912E-05 0.646375 0.100027 0.0137958 0.171657
9.99824E-05 0.141101 9.99824E-05 0.536106 0.0078477 0.200555 0.11419
9.99737E-05 0.205986 9.99737E-05 0.567533 0.0512132 9.99737E-05 0.174968
9.99912E-05 0.173622 0.0403416 0.582089 0.123225 0.0471824 0.0334396
9.99824E-05 0.0951085 9.99824E-05 0.530985 0.187024 0.0463328 0.14035
0.160427 0.101225 0.0895113 0.516767 0.0652175 0.0666234 0.000229259
9.99649E-05 0.386835 0.182314 0.430451 9.99649E-05 9.99649E-05 9.99649E-05
0.0351964 0.450131 0.0470552 0.467318 9.99737E-05 9.99737E-05 9.99737E-05
9.99561E-05 0.436516 9.99561E-05 0.562984 9.99561E-05 9.99561E-05 9.99561E-05
9.99648E-05 0.382452 9.99648E-05 0.492128 9.99648E-05 9.99648E-05 0.12502
9.99649E-05 0.214187 9.99649E-05 0.691224 9.99649E-05 9.99649E-05 0.0941896
9.99649E-05 0.414508 9.99649E-05 0.55927 9.99649E-05 9.99649E-05 0.0258221
9.99649E-05 0.411188 0.0990438 0.489368 9.99649E-05 9.99649E-05 9.99649E-05
9.99649E-05 0.226718 9.99649E-05 0.734413 0.0384685 9.99649E-05 9.99649E-05
9.99561E-05 0.275257 9.99561E-05 0.724243 9.99561E-05 9.99561E-05 9.99561E-05
9.99648E-05 0.489666 9.99648E-05 0.436808 9.99648E-05 0.0731269 9.99648E-05
9.99648E-05 0.274496 0.082126 0.642978 9.99648E-05 9.99648E-05 9.99648E-05
9.99649E-05 0.333923 9.99649E-05 0.586186 9.99649E-05 9.99649E-05 0.0794912
9.99648E-05 0.492286 9.99648E-05 0.424731 9.99648E-05 0.0825833 9.99648E-05
9.99649E-05 0.3071 9.99649E-05 0.657725 9.99649E-05 0.0347754 9.99649E-05
9.99562E-05 0.238176 9.99562E-05 0.761324 9.99562E-05 9.99562E-05 9.99562E-05
9.99649E-05 0.327306 9.99649E-05 0.595865 9.99649E-05 9.99649E-05 0.0764285
9.99648E-05 0.275395 0.0182749 0.70593 9.99648E-05 9.99648E-05 9.99648E-05
9.99561E-05 0.327147 9.99561E-05 0.672353 9.99561E-05 9.99561E-05 9.99561E-05
9.99649E-05 0.439539 9.99649E-05 0.451625 9.99649E-05 9.99649E-05 0.108436
9.99737E-05 0.297902 0.0408817 0.594073 9.99737E-05 0.0668436 9.99737E-05
9.99736E-05 0.464935 0.0217587 0.494624 9.99736E-05 0.0183831 9.99736E-05
9.99562E-05 0.314545 9.99562E-05 0.684955 9.99562E-05 9.99562E-05 9.99562E-05
9.9956E-05 0.481433 9.9956E-05 0.518067 9.9956E-05 9.9956E-05 9.9956E-05
0.0639349 9.99562E-05 9.99562E-05 0.935565 9.99562E-05 9.99562E-05 9.99562E-05
9.99737E-05 0.320749 0.0129894 0.55493 9.99737E-05 9.99737E-05 0.111032
9.99649E-05 0.378577 0.024569 0.596454 9.99649E-05 9.99649E-05 9.99649E-05
9.99736E-05 0.15835 9.99736E-05 0.724398 9.99736E-05 0.10985 0.00710215
9.99737E-05 0.329997 9.99737E-05 0.640465 9.99737E-05 0.00932844 0.0199097
9.99648E-05 0.45763 9.99648E-05 0.504956 9.99648E-05 9.99648E-05 0.0370143
9.99562E-05 0.26866 9.99562E-05 0.730841 9.99562E-05 9.99562E-05 9.99562E-05
9.99825E-05 0.3391 9.99825E-05 0.466621 0.0366928 0.141161 0.0162241
0.0171414 0.247483 9.99737E-05 0.674613 9.99737E-05 9.99737E-05 0.0604628
9.99649E-05 0.299702 0.0289394 0.670958 9.99649E-05 9.99649E-05 9.99649E-05
9.99561E-05 0.369039 9.99561E-05 0.630462 9.99561E-05 9.99561E-05 9.99561E-05
9.99649E-05 0.382615 0.0452413 0.571744 9.99649E-05 9.99649E-05 9.99649E-05
9.99561E-05 0.308387 9.99561E-05 0.691114 9.99561E-05 9.99561E-05 9.99561E-05
0.0277349 0.394097 9.99824E-05 0.557371 9.99824E-05 0.00560226 0.0149946
9.99649E-05 0.16042 0.0744778 0.764703 9.99649E-05 9.99649E-05 9.99649E-05
9.99649E-05 0.317643 9.99649E-05 0.52228 9.99649E-05 9.99649E-05 0.159678
9.99562E-05 0.298801 9.99562E-05 0.700699 9.99562E-05 9.99562E-05 9.99562E-05
9.9965E-05 0.289358 9.9965E-05 0.691209 0.0190329 9.9965E-05 9.9965E-05
9.99649E-05 0.267974 0.00549988 0.726127 9.99649E-05 9.99649E-05 9.99649E-05
0.0163701 0.307945 9.99736E-05 0.572495 9.99736E-05 9.99736E-05 0.10289
9.99649E-05 0.341916 9.99649E-05 0.552369 9.99649E-05 0.105316 9.99649E-05
0.0392301 0.109389 9.99912E-05 0.0546605 0.215083 0.125283 0.456254
9.99737E-05 0.250648 9.99737E-05 9.99737E-05 0.15887 0.0171772 0.573005
0.050333 0.283397 0.0931926 9.99912E-05 0.0478439 0.213164 0.311969
9.99912E-05 0.184595 0.0391652 0.0789375 0.15944 0.0694809 0.468281
9.99824E-05 0.182175 9.99824E-05 0.16565 0.125334 0.12117 0.405472
9.99912E-05 0.20508 0.125433 0.00586492 0.181393 0.133227 0.348902
9.99824E-05 0.194702 9.99824E-05 0.0567823 0.184032 0.114855 0.449428
9.99912E-05 0.0761674 0.044975 0.195872 0.0644611 0.0368878 0.581536
9.99737E-05 0.480293 9.99737E-05 9.99737E-05 0.0611359 0.128416 0.329855
9.99912E-05 0.134128 0.121816 0.112959 0.154046 0.211055 0.265896
9.99824E-05 0.174451 9.99824E-05 0.223184 0.0576675 0.105567 0.43893
9.99824E-05 0.230546 9.99824E-05 0.0143059 0.139157 0.178489 0.437303
0.0121407 0.10541 9.99912E-05 0.173326 0.16917 0.170723 0.36913
9.99824E-05 0.0975473 9.99824E-05 0.155335 0.165466 0.146122 0.43533
9.99824E-05 0.087374 0.0645408 9.99824E-05 0.169931 0.0915757 0.586378
9.99824E-05 0.0903007 9.99824E-05 0.28532 0.107475 0.0544493 0.462255
9.99824E-05 0.178637 9.99824E-05 0.152096 0.153652 0.107223 0.408192
9.99824E-05 0.208096 9.99824E-05 0.0926701 0.0907179 0.111812 0.496505
9.99824E-05 0.221616 9.99824E-05 0.113737 0.0622717 0.271511 0.330664
9.99912E-05 0.0532497 0.0708187 0.142692 0.1884 0.126828 0.417911
9.995E-05 9.995E-05 9.995E-05 9.995E-05 9.995E-05 0.9994 9.995E-05
9.995E-05 9.995E-05 9.995E-05 9.995E-05 9.995E-05 0.9994 9.995E-05
9.995E-05 9.995E-05 9.995E-05 9.995E-05 9.995E-05 0.9994 9.995E-05
9.995E-05 9.995E-05 9.995E-05 9.995E-05 9.995E-05 0.9994 9.995E-05
9.995E-05 9.995E-05 9.995E-05 9.995E-05 9.995E-05 0.9994 9.995E-05
9.995E-05 9.995E-05 9.995E-05 9.995E-05 9.995E-05 0.9994 9.995E-05
9.995E-05 9.995E-05 9.995E-05 9.995E-05 9.995E-05 0.9994 9.995E-05
9.995E-05 9.995E-05 9.995E-05 9.995E-05 9.995E-05 0.9994 9.995E-05
9.995E-05 9.995E-05 9.995E-05 9.995E-05 9.995E-05 0.9994 9.995E-05
9.995E-05 9.995E-05 9.995E-05 9.995E-05 9.995E-05 0.9994 9.995E-05
9.995E-05 9.995E-05 9.995E-05 9.995E-05 9.995E-05 0.9994 9.995E-05
9.995E-05 9.995E-05 9.995E-05 9.995E-05 9.995E-05 0.9994 9.995E-05
9.995E-05 9.995E-05 9.995E-05 9.995E-05 9.995E-05 0.9994 9.995E-05
9.995E-05 9.995E-05 9.995E-05 9.995E-05 9.995E-05 0.9994 9.995E-05
9.995E-05 9.995E-05 9.995E-05 9.995E-05 9.995E-05 0.9994 9.995E-05
9.995E-05 9.995E-05 9.995E-05 9.995E-05 9.995E-05 0.9994 9.995E-05
9.995E-05 9.995E-05 9.995E-05 9.995E-05 9.995E-05 0.9994 9.995E-05
9.995E-05 9.995E-05 9.995E-05 9.995E-05 9.995E-05 0.9994 9.995E-05
9.995E-05 9.995E-05 9.995E-05 9.995E-05 9.995E-05 0.9994 9.995E-05
9.995E-05 9.995E-05 9.995E-05 9.995E-05 9.995E-05 0.9994 9.995E-05
9.995E-05 9.995E-05 9.995E-05 9.995E-05 9.995E-05 0.9994 9.995E-05
9.995E-05 9.995E-05 9.995E-05 9.995E-05 9.995E-05 0.9994 9.995E-05
9.995E-05 9.995E-05 9.995E-05 9.995E-05 9.995E-05 0.9994 9.995E-05
9.995E-05 9.995E-05 9.995E-05 9.995E-05 9.995E-05 0.9994 9.995E-05
9.995E-05 9.995E-05 9.995E-05 9.995E-05 9.995E-05 0.9994 9.995E-05
9.995E-05 9.995E-05 9.995E-05 9.995E-05 9.995E-05 0.9994 9.995E-05
9.995E-05 9.995E-05 9.995E-05 9.995E-05 9.995E-05 0.9994 9.995E-05
9.995E-05 9.995E-05 9.995E-05 9.995E-05 9.995E-05 0.9994 9.995E-05
9.995E-05 9.995E-05 9.995E-05 9.995E-05 9.995E-05 0.9994 9.995E-05
9.995E-05 9.995E-05 9.995E-05 9.995E-05 9.995E-05 0.9994 9.995E-05
9.995E-05 9.995E-05 9.995E-05 9.995E-05 9.995E-05 0.9994 9.995E-05
9.995E-05 9.995E-05 9.995E-05 9.995E-05 9.995E-05 0.9994 9.995E-05
9.995E-05 9.995E-05 9.995E-05 9.995E-05 9.995E-05 0.9994 9.995E-05
9.995E-05 9.995E-05 9.995E-05 9.995E-05 9.995E-05 0.9994 9.995E-05
9.995E-05 9.995E-05 9.995E-05 9.995E-05 9.995E-05 0.9994 9.995E-05
9.995E-05 9.995E-05 9.995E-05 9.995E-05 9.995E-05 0.9994 9.995E-05
9.995E-05 9.995E-05 9.995E-05 9.995E-05 9.995E-05 0.9994 9.995E-05
9.995E-05 9.995E-05 9.995E-05 9.995E-05 9.995E-05 0.9994 9.995E-05
9.995E-05 9.995E-05 9.995E-05 9.995E-05 9.995E-05 0.9994 9.995E-05
9.995E-05 9.995E-05 9.995E-05 9.995E-05 9.995E-05 0.9994 9.995E-05
9.995E-05 9.995E-05 9.995E-05 9.995E-05 9.995E-05 0.9994 9.995E-05
9.995E-05 9.995E-05 9.995E-05 9.995E-05 9.995E-05 0.9994 9.995E-05
9.995E-05 9.995E-05 9.995E-05 9.995E-05 9.995E-05 0.9994 9.995E-05
9.995E-05 9.995E-05 9.995E-05 9.995E-05 9.995E-05 0.9994 9.995E-05
9.995E-05 9.995E-05 9.995E-05 9.995E-05 9.995E-05 0.9994 9.995E-05
9.995E-05 9.995E-05 9.995E-05 9.995E-05 9.995E-05 0.9994 9.995E-05
9.995E-05 9.995E-05 9.995E-05 9.995E-05 9.995E-05 0.9994 9.995E-05
9.995E-05 9.995E-05 9.995E-05 9.995E-05 9.995E-05 0.9994 9.995E-05
9.995E-05 9.995E-05 9.995E-05 9.995E-05 9.995E-05 0.9994 9.995E-05
9.995E-05 9.995E-05 9.995E-05 9.995E-05 9.995E-05 0.9994 9.995E-05
9.995E-05 9.995E-05 9.995E-05 9.995E-05 9.995E-05 0.9994 9.995E-05
9.995E-05 9.995E-05 9.995E-05 9.995E-05 9.995E-05 0.9994 9.995E-05
9.995E-05 9.995E-05 9.995E-05 9.995E-05 9.995E-05 0.9994 9.995E-05
9.995E-05 9.995E-05 9.995E-05 9.995E-05 9.995E-05 0.9994 9.995E-05
9.995E-05 9.995E-05 9.995E-05 9.995E-05 9.995E-05 0.9994 9.995E-05
9.995E-05 9.995E-05 9.995E-05 9.995E-05 9.995E-05 0.9994 9.995E-05
9.995E-05 9.995E-05 9.995E-05 9.995E-05 9.995E-05 0.9994 9.995E-05
9.995E-05 9.995E-05 9.995E-05 9.995E-05 9.995E-05 0.9994 9.995E-05
9.995E-05 9.995E-05 9.995E-05 9.995E-05 9.995E-05 0.9994 9.995E-05
9.995E-05 9.995E-05 9.995E-05 9.995E-05 9.995E-05 0.9994 9.995E-05
9.995E-05 9.995E-05 9.995E-05 9.995E-05 9.995E-05 0.9994 9.995E-05
9.995E-05 9.995E-05 9.995E-05 9.995E-05 9.995E-05 0.9994 9.995E-05
9.995E-05 9.995E-05 9.995E-05 9.995E-05 9.995E-05 0.9994 9.995E-05
9.995E-05 9.995E-05 0.9994 9.995E-05 9.995E-05 9.995E-05 9.995E-05
9.995E-05 9.995E-05 0.9994 9.995E-05 9.995E-05 9.995E-05 9.995E-05
9.995E-05 9.995E-05 0.9994 9.995E-05 9.995E-05 9.995E-05 9.995E-05
9.995E-05 9.995E-05 0.9994 9.995E-05 9.995E-05 9.995E-05 9.995E-05
9.9956E-05 9.9956E-05 0.98317 9.9956E-05 9.9956E-05 0.0163301 9.9956E-05
9.995E-05 9.995E-05 0.9994 9.995E-05 9.995E-05 9.995E-05 9.995E-05
9.995E-05 9.995E-05 0.9994 9.995E-05 9.995E-05 9.995E-05 9.995E-05
9.995E-05 9.995E-05 0.9994 9.995E-05 9.995E-05 9.995E-05 9.995E-05
9.995E-05 9.995E-05 0.9994 9.995E-05 9.995E-05 9.995E-05 9.995E-05
9.995E-05 9.995E-05 0.9994 9.995E-05 9.995E-05 9.995E-05 9.995E-05
9.995E-05 9.995E-05 0.9994 9.995E-05 9.995E-05 9.995E-05 9.995E-05
9.995E-05 9.995E-05 0.9994 9.995E-05 9.995E-05 9.995E-05 9.995E-05
9.995E-05 9.995E-05 0.9994 9.995E-05 9.995E-05 9.995E-05 9.995E-05
9.995E-05 9.995E-05 0.9994 9.995E-05 9.995E-05 9.995E-05 9.995E-05
9.995E-05 9.995E-05 0.9994 9.995E-05 9.995E-05 9.995E-05 9.995E-05
9.995E-05 9.995E-05 0.9994 9.995E-05 9.995E-05 9.995E-05 9.995E-05
9.995E-05 9.995E-05 0.9994 9.995E-05 9.995E-05 9.995E-05 9.995E-05
9.995E-05 9.995E-05 0.9994 9.995E-05 9.995E-05 9.995E-05 9.995E-05
9.995E-05 9.995E-05 0.9994 9.995E-05 9.995E-05 9.995E-05 9.995E-05
9.995E-05 9.995E-05 0.9994 9.995E-05 9.995E-05 9.995E-05 9.995E-05
9.995E-05 9.995E-05 0.9994 9.995E-05 9.995E-05 9.995E-05 9.995E-05
9.995E-05 9.995E-05 0.9994 9.995E-05 9.995E-05 9.995E-05 9.995E-05
9.995E-05 9.995E-05 0.9994 9.995E-05 9.995E-05 9.995E-05 9.995E-05
9.995E-05 9.995E-05 0.9994 9.995E-05 9.995E-05 9.995E-05 9.995E-05
9.995E-05 9.995E-05 0.9994 9.995E-05 9.995E-05 9.995E-05 9.995E-05
9.995E-05 9.995E-05 0.9994 9.995E-05 9.995E-05 9.995E-05 9.995E-05
9.995E-05 9.995E-05 0.9994 9.995E-05 9.995E-05 9.995E-05 9.995E-05
9.995E-05 9.995E-05 0.9994 9.995E-05 9.995E-05 9.995E-05 9.995E-05
9.995E-05 9.995E-05 0.9994 9.995E-05 9.995E-05 9.995E-05 9.995E-05
9.995E-05 9.995E-05 0.9994 9.995E-05 9.995E-05 9.995E-05 9.995E-05
9.995E-05 9.995E-05 0.9994 9.995E-05 9.995E-05 9.995E-05 9.995E-05
9.995E-05 9.995E-05 0.9994 9.995E-05 9.995E-05 9.995E-05 9.995E-05
9.995E-05 9.995E-05 0.9994 9.995E-05 9.995E-05 9.995E-05 9.995E-05
9.995E-05 9.995E-05 0.9994 9.995E-05 9.995E-05 9.995E-05 9.995E-05
9.995E-05 9.995E-05 0.9994 9.995E-05 9.995E-05 9.995E-05 9.995E-05
9.995E-05 9.995E-05 0.9994 9.995E-05 9.995E-05 9.995E-05 9.995E-05
9.995E-05 9.995E-05 0.9994 9.995E-05 9.995E-05 9.995E-05 9.995E-05
9.995E-05 9.995E-05 0.9994 9.995E-05 9.995E-05 9.995E-05 9.995E-05
9.995E-05 9.995E-05 0.9994 9.995E-05 9.995E-05 9.995E-05 9.995E-05
9.995E-05 9.995E-05 0.9994 9.995E-05 9.995E-05 9.995E-05 9.995E-05
9.995E-05 9.995E-05 0.9994 9.995E-05 9.995E-05 9.995E-05 9.995E-05
9.995E-05 9.995E-05 0.9994 9.995E-05 9.995E-05 9.995E-05 9.995E-05
9.995E-05 9.995E-05 0.9994 9.995E-05 9.995E-05 9.995E-05 9.995E-05
9.9956E-05 9.9956E-05 0.694323 9.9956E-05 9.9956E-05 0.305177 9.9956E-05
