9.98683E-05 0.042162 9.98683E-05 0.317239 9.98683E-05 9.98683E-05 9.98683E-05 0.163812 9.98683E-05 9.98683E-05 9.98683E-05 0.0939374 0.131384 0.00774317 0.0227931 9.98683E-05 0.0493316 9.98683E-05 9.98683E-05 9.98683E-05 9.98683E-05 0.170099 9.98683E-05 9.98683E-05
9.98333E-05 9.98333E-05 9.98333E-05 0.62078 0.000370843 9.98333E-05 9.98333E-05 9.98333E-05 9.98333E-05 9.98333E-05 9.98333E-05 9.98333E-05 0.192426 9.98333E-05 9.98333E-05 9.98333E-05 0.105472 9.98333E-05 0.0790546 9.98333E-05 9.98333E-05 9.98333E-05 9.98333E-05 9.98333E-05
9.98332E-05 9.98332E-05 9.98332E-05 0.874872 9.98332E-05 9.98332E-05 9.98332E-05 9.98332E-05 9.98332E-05 9.98332E-05 9.98332E-05 0.036764 9.98332E-05 9.98332E-05 9.98332E-05 9.98332E-05 9.98332E-05 9.98332E-05 9.98332E-05 9.98332E-05 9.98332E-05 0.0162682 0.056516 0.013683
9.9886E-05 9.9886E-05 9.9886E-05 0.164285 0.229411 9.9886E-05 9.9886E-05 9.9886E-05 9.9886E-05 0.00812318 9.9886E-05 0.0415029 0.0696919 9.9886E-05 0.0844394 9.9886E-05 9.9886E-05 0.0766037 9.9886E-05 0.0271394 0.0637669 0.110294 0.123444 9.9886E-05
9.98421E-05 9.98421E-05 9.98421E-05 0.703895 9.98421E-05 9.98421E-05 9.98421E-05 9.98421E-05 0.0256633 9.98421E-05 9.98421E-05 9.98421E-05 9.98421E-05 9.98421E-05 9.98421E-05 9.98421E-05 9.98421E-05 9.98421E-05 0.0929649 9.98421E-05 0.0252771 9.98421E-05 0.0618309 0.0885713
9.98423E-05 9.98423E-05 9.98423E-05 0.15547 9.98423E-05 9.98423E-05 9.98423E-05 0.24533 0.183727 0.152229 9.98423E-05 9.98423E-05 9.98423E-05 9.98423E-05 9.98423E-05 9.98423E-05 9.98423E-05 9.98423E-05 9.98423E-05 9.98423E-05 9.98423E-05 9.98423E-05 0.187076 0.0743701
9.9886E-05 9.9886E-05 0.0574569 0.176696 9.9886E-05 9.9886E-05 9.9886E-05 9.9886E-05 0.00904231 9.9886E-05 0.0851828 0.00110492 0.329554 9.9886E-05 0.0904772 9.9886E-05 0.0740412 9.9886E-05 0.0904278 9.9886E-05 0.0302057 0.0545127 9.9886E-05 9.9886E-05
0.0645561 0.0519551 9.98772E-05 0.141635 0.000769504 9.98772E-05 9.98772E-05 9.98772E-05 0.0553147 0.118295 9.98772E-05 9.98772E-05 0.308952 9.98772E-05 9.98772E-05 9.98772E-05 9.98772E-05 9.98772E-05 9.98772E-05 9.98772E-05 0.0282049 0.140129 9.98772E-05 0.0887896
9.98596E-05 9.98596E-05 9.98596E-05 0.260238 9.98596E-05 9.98596E-05 9.98596E-05 0.028462 9.98596E-05 0.198784 9.98596E-05 0.253443 9.98596E-05 0.105689 9.98596E-05 9.98596E-05 0.00286164 9.98596E-05 9.98596E-05 9.98596E-05 0.117783 0.0311415 9.98596E-05 9.98596E-05
9.98158E-05 9.98158E-05 9.98158E-05 0.89656 0.0132922 9.98158E-05 9.98158E-05 9.98158E-05 9.98158E-05 9.98158E-05 9.98158E-05 0.0880521 9.98158E-05 9.98158E-05 9.98158E-05 9.98158E-05 9.98158E-05 9.98158E-05 9.98158E-05 9.98158E-05 9.98158E-05 9.98158E-05 9.98158E-05 9.98158E-05
9.98421E-05 9.98421E-05 9.98421E-05 0.422876 9.98421E-05 9.98421E-05 9.98421E-05 0.0727847 9.98421E-05 9.98421E-05 9.98421E-05 0.147865 0.116318 9.98421E-05 0.102752 9.98421E-05 9.98421E-05 9.98421E-05 9.98421E-05 9.98421E-05 9.98421E-05 0.135607 9.98421E-05 9.98421E-05
9.98421E-05 9.98421E-05 9.98421E-05 0.772792 0.0435117 9.98421E-05 9.98421E-05 9.98421E-05 0.0326519 9.98421E-05 9.98421E-05 0.0123593 0.110118 9.98421E-05 0.02677 9.98421E-05 9.98421E-05 9.98421E-05 9.98421E-05 9.98421E-05 9.98421E-05 9.98421E-05 9.98421E-05 9.98421E-05
9.98597E-05 0.00386801 9.98597E-05 0.735749 9.98597E-05 9.98597E-05 9.98597E-05 9.98597E-05 9.98597E-05 0.0535361 9.98597E-05 0.0540375 9.98597E-05 9.98597E-05 9.98597E-05 0.00347461 9.98597E-05 9.98597E-05 0.0282169 9.98597E-05 9.98597E-05 0.117619 9.98597E-05 0.00190061
0.0380319 9.98772E-05 0.00929398 0.573033 9.98772E-05 9.98772E-05 9.98772E-05 9.98772E-05 9.98772E-05 9.98772E-05 9.98772E-05 0.0798329 0.00939548 9.98772E-05 0.0678103 9.98772E-05 0.0065991 9.98772E-05 0.0327355 0.149232 9.98772E-05 0.0326377 9.98772E-05 9.98772E-05
9.98597E-05 9.98597E-05 9.98597E-05 0.234885 9.98597E-05 9.98597E-05 0.00956721 0.14943 0.0441794 0.123281 9.98597E-05 0.121581 0.153263 9.98597E-05 9.98597E-05 9.98597E-05 9.98597E-05 9.98597E-05 9.98597E-05 9.98597E-05 9.98597E-05 9.98597E-05 0.162216 9.98597E-05
0.195763 0.0809183 9.98595E-05 0.109728 9.98595E-05 9.98595E-05 9.98595E-05 0.247184 9.98595E-05 0.141631 9.98595E-05 0.0731547 9.98595E-05 9.98595E-05 9.98595E-05 9.98595E-05 9.98595E-05 9.98595E-05 9.98595E-05 9.98595E-05 9.98595E-05 0.0607527 0.0892702 9.98595E-05
9.98685E-05 0.0307856 9.98685E-05 0.472452 9.98685E-05 9.98685E-05 0.159186 9.98685E-05 9.98685E-05 9.98685E-05 0.10201 0.0854862 9.98685E-05 9.98685E-05 0.0388778 9.98685E-05 0.0615247 9.98685E-05 9.98685E-05 9.98685E-05 0.0355222 0.0126562 9.98685E-05 9.98685E-05
9.98509E-05 9.98509E-05 9.98509E-05 0.074163 9.98509E-05 9.98509E-05 9.98509E-05 9.98509E-05 9.98509E-05 9.98509E-05 9.98509E-05 0.0751159 0.511013 9.98509E-05 9.98509E-05 0.0985304 9.98509E-05 0.0981181 9.98509E-05 9.98509E-05 0.00691552 0.134446 9.98509E-05 9.98509E-05
9.98597E-05 0.0168393 9.98597E-05 0.295522 9.98597E-05 9.98597E-05 9.98597E-05 0.00378271 0.14838 0.206848 9.98597E-05 0.068016 9.98597E-05 9.98597E-05 9.98597E-05 0.0397299 9.98597E-05 9.98597E-05 9.98597E-05 9.98597E-05 9.98597E-05 0.219284 9.98597E-05 9.98597E-05
9.98246E-05 9.98246E-05 9.98246E-05 0.949719 9.98246E-05 9.98246E-05 9.98246E-05 9.98246E-05 9.98246E-05 0.00465084 9.98246E-05 0.00622366 9.98246E-05 9.98246E-05 9.98246E-05 9.98246E-05 9.98246E-05 0.0374103 9.98246E-05 9.98246E-05 9.98246E-05 9.98246E-05 9.98246E-05 9.98246E-05
0.0445584 9.98596E-05 9.98596E-05 0.448349 0.0573843 9.98596E-05 9.98596E-05 9.98596E-05 9.98596E-05 0.102342 9.98596E-05 0.0625308 9.98596E-05 9.98596E-05 0.0808993 9.98596E-05 9.98596E-05 9.98596E-05 9.98596E-05 9.98596E-05 0.171661 0.0306775 9.98596E-05 9.98596E-05
9.9851E-05 9.9851E-05 9.9851E-05 0.195049 9.9851E-05 9.9851E-05 9.9851E-05 9.9851E-05 0.113844 0.132183 9.9851E-05 9.9851E-05 9.9851E-05 9.9851E-05 9.9851E-05 0.0230881 9.9851E-05 9.9851E-05 0.1039 9.9851E-05 9.9851E-05 0.347166 9.9851E-05 0.0830725
9.98334E-05 9.98334E-05 9.98334E-05 0.547933 0.044686 9.98334E-05 9.98334E-05 9.98334E-05 9.98334E-05 9.98334E-05 9.98334E-05 0.0338935 0.288927 9.98334E-05 9.98334E-05 9.98334E-05 9.98334E-05 9.98334E-05 9.98334E-05 9.98334E-05 9.98334E-05 9.98334E-05 0.0826636 9.98334E-05
0.0397787 0.000361709 9.98508E-05 0.30236 9.98508E-05 9.98508E-05 9.98508E-05 9.98508E-05 9.98508E-05 9.98508E-05 9.98508E-05 0.122778 0.190955 0.05485 9.98508E-05 9.98508E-05 9.98508E-05 9.98508E-05 9.98508E-05 9.98508E-05 9.98508E-05 0.287218 9.98508E-05 9.98508E-05
9.98596E-05 9.98596E-05 9.98596E-05 0.250881 0.0737773 9.98596E-05 9.98596E-05 9.98596E-05 9.98596E-05 0.107777 9.98596E-05 0.266759 0.00353488 9.98596E-05 9.98596E-05 9.98596E-05 9.98596E-05 0.0478377 9.98596E-05 9.98596E-05 9.98596E-05 0.119854 0.127982 9.98596E-05
9.98421E-05 9.98421E-05 9.98421E-05 0.590801 0.0878095 9.98421E-05 0.00537768 9.98421E-05 9.98421E-05 9.98421E-05 9.98421E-05 0.109264 9.98421E-05 9.98421E-05 9.98421E-05 9.98421E-05 9.98421E-05 9.98421E-05 9.98421E-05 9.98421E-05 9.98421E-05 0.0761446 0.128805 9.98421E-05
0.0813112 9.98684E-05 9.98684E-05 9.98684E-05 9.98684E-05 9.98684E-05 9.98684E-05 9.98684E-05 9.98684E-05 9.98684E-05 0.0434823 0.079322 0.0216271 9.98684E-05 9.98684E-05 0.0726205 9.98684E-05 0.0276745 0.291853 9.98684E-05 9.98684E-05 0.184674 0.195937 9.98684E-05
9.98421E-05 9.98421E-05 9.98421E-05 0.689162 0.0795672 9.98421E-05 9.98421E-05 9.98421E-05 9.98421E-05 9.98421E-05 9.98421E-05 0.0682982 9.98421E-05 9.98421E-05 9.98421E-05 9.98421E-05 9.98421E-05 9.98421E-05 0.0762577 0.0843823 9.98421E-05 0.000535521 9.98421E-05 9.98421E-05
9.98509E-05 9.98509E-05 9.98509E-05 0.536556 0.00872211 9.98509E-05 9.98509E-05 9.98509E-05 9.98509E-05 9.98509E-05 9.98509E-05 0.130444 0.0920227 9.98509E-05 9.98509E-05 9.98509E-05 9.98509E-05 0.00445087 0.128217 0.0978903 9.98509E-05 9.98509E-05 9.98509E-05 9.98509E-05
9.98422E-05 9.98422E-05 9.98422E-05 0.642157 9.98422E-05 0.0981869 9.98422E-05 0.162013 9.98422E-05 0.0398205 9.98422E-05 0.0475219 9.98422E-05 9.98422E-05 9.98422E-05 9.98422E-05 9.98422E-05 9.98422E-05 9.98422E-05 9.98422E-05 9.98422E-05 9.98422E-05 0.00850357 9.98422E-05
9.98596E-05 9.98596E-05 9.98596E-05 0.521772 9.98596E-05 9.98596E-05 9.98596E-05 0.171923 0.069789 0.0153107 9.98596E-05 0.0341813 9.98596E-05 9.98596E-05 0.106582 9.98596E-05 9.98596E-05 9.98596E-05 0.0236813 9.98596E-05 9.98596E-05 0.055163 9.98596E-05 9.98596E-05
9.9851E-05 9.9851E-05 9.9851E-05 0.407969 0.0874386 9.9851E-05 9.9851E-05 9.9851E-05 9.9851E-05 9.9851E-05 9.9851E-05 0.0791777 0.207919 9.9851E-05 0.0107317 9.9851E-05 9.9851E-05 9.9851E-05 9.9851E-05 9.9851E-05 9.9851E-05 0.0382513 0.166815 9.9851E-05
0.0108323 9.98683E-05 9.98683E-05 0.391666 0.00882921 9.98683E-05 9.98683E-05 0.0584554 9.98683E-05 9.98683E-05 9.98683E-05 0.126242 0.0945212 9.98683E-05 0.0787738 9.98683E-05 9.98683E-05 9.98683E-05 9.98683E-05 9.98683E-05 9.98683E-05 0.126615 0.102567 9.98683E-05
9.98509E-05 9.98509E-05 0.00155019 0.507723 9.98509E-05 9.98509E-05 9.98509E-05 9.98509E-05 0.0453749 9.98509E-05 9.98509E-05 0.117015 9.98509E-05 9.98509E-05 9.98509E-05 0.0342807 9.98509E-05 9.98509E-05 9.98509E-05 9.98509E-05 9.98509E-05 0.111718 0.18064 9.98509E-05
9.98597E-05 9.98597E-05 9.98597E-05 0.716085 9.98597E-05 9.98597E-05 9.98597E-05 0.126354 0.00429928 9.98597E-05 9.98597E-05 0.000767942 9.98597E-05 9.98597E-05 0.0174751 9.98597E-05 0.0263178 0.0249661 0.0821364 9.98597E-05 9.98597E-05 9.98597E-05 9.98597E-05 9.98597E-05
9.98684E-05 9.98684E-05 9.98684E-05 0.619133 0.144535 9.98684E-05 9.98684E-05 0.0813876 9.98684E-05 0.00661492 9.98684E-05 0.00429872 9.98684E-05 0.00823776 9.98684E-05 9.98684E-05 0.0600723 9.98684E-05 0.0156272 9.98684E-05 9.98684E-05 0.0585949 9.98684E-05 9.98684E-05
9.98422E-05 9.98422E-05 0.0358838 0.786893 9.98422E-05 9.98422E-05 9.98422E-05 9.98422E-05 0.116863 9.98422E-05 0.00200803 9.98422E-05 9.98422E-05 9.98422E-05 0.0119963 9.98422E-05 0.0445581 9.98422E-05 9.98422E-05 9.98422E-05 9.98422E-05 9.98422E-05 9.98422E-05 9.98422E-05
9.98422E-05 9.98422E-05 9.98422E-05 0.642112 0.0351901 9.98422E-05 9.98422E-05 9.98422E-05 9.98422E-05 0.135997 9.98422E-05 0.100645 9.98422E-05 9.98422E-05 9.98422E-05 9.98422E-05 0.0547983 0.029461 9.98422E-05 9.98422E-05 9.98422E-05 9.98422E-05 9.98422E-05 9.98422E-05
9.98685E-05 9.98685E-05 9.98685E-05 0.42344 9.98685E-05 9.98685E-05 0.133097 9.98685E-05 9.98685E-05 0.00783141 9.98685E-05 0.155479 9.98685E-05 9.98685E-05 0.0182991 9.98685E-05 0.112243 9.98685E-05 9.98685E-05 9.98685E-05 9.98685E-05 0.0669032 0.0341608 0.0470484
0.0362249 9.98596E-05 0.044953 0.462798 9.98596E-05 9.98596E-05 9.98596E-05 9.98596E-05 0.0389806 9.98596E-05 9.98596E-05 0.109366 9.98596E-05 9.98596E-05 0.032636 9.98596E-05 9.98596E-05 9.98596E-05 9.98596E-05 9.98596E-05 9.98596E-05 0.0477119 0.225731 9.98596E-05
9.98597E-05 0.000729787 9.98597E-05 0.731091 0.0346192 9.98597E-05 9.98597E-05 9.98597E-05 0.0677566 9.98597E-05 9.98597E-05 0.0309194 9.98597E-05 9.98597E-05 0.0630629 9.98597E-05 9.98597E-05 9.98597E-05 0.0361182 9.98597E-05 9.98597E-05 0.0341052 9.98597E-05 9.98597E-05
9.98423E-05 9.98423E-05 9.98423E-05 0.47583 9.98423E-05 9.98423E-05 9.98423E-05 9.98423E-05 9.98423E-05 0.0178264 9.98423E-05 0.048151 9.98423E-05 0.0543433 9.98423E-05 9.98423E-05 9.98423E-05 9.98423E-05 0.264504 9.98423E-05 9.98423E-05 0.137548 9.98423E-05 9.98423E-05
9.98158E-05 9.98158E-05 9.98158E-05 0.693149 9.98158E-05 0.140565 9.98158E-05 9.98158E-05 9.98158E-05 9.98158E-05 9.98158E-05 9.98158E-05 9.98158E-05 9.98158E-05 9.98158E-05 9.98158E-05 9.98158E-05 9.98158E-05 0.16419 9.98158E-05 9.98158E-05 9.98158E-05 9.98158E-05 9.98158E-05
9.98596E-05 9.98596E-05 9.98596E-05 0.252963 9.98596E-05 9.98596E-05 9.98596E-05 0.0727966 9.98596E-05 0.154473 9.98596E-05 0.128763 0.226383 0.0250703 0.0231638 9.98596E-05 9.98596E-05 9.98596E-05 9.98596E-05 9.98596E-05 9.98596E-05 0.114789 9.98596E-05 9.98596E-05
9.98333E-05 9.98333E-05 9.98333E-05 0.228964 9.98333E-05 9.98333E-05 9.98333E-05 9.98333E-05 0.0172645 9.98333E-05 0.263491 0.214628 9.98333E-05 9.98333E-05 9.98333E-05 9.98333E-05 9.98333E-05 9.98333E-05 9.98333E-05 9.98333E-05 9.98333E-05 0.273756 9.98333E-05 9.98333E-05
9.98594E-05 9.98594E-05 9.98594E-05 0.754901 0.00779566 9.98594E-05 9.98594E-05 9.98594E-05 0.0132161 0.0161346 9.98594E-05 0.0191346 9.98594E-05 9.98594E-05 9.98594E-05 9.98594E-05 9.98594E-05 0.0723925 9.98594E-05 9.98594E-05 0.0334838 0.081344 9.98594E-05 9.98594E-05
9.98421E-05 9.98421E-05 9.98421E-05 0.764806 0.0845269 9.98421E-05 9.98421E-05 9.98421E-05 9.98421E-05 0.02718 9.98421E-05 0.0922654 9.98421E-05 9.98421E-05 0.0149434 0.0144815 9.98421E-05 9.98421E-05 9.98421E-05 9.98421E-05 9.98421E-05 9.98421E-05 9.98421E-05 9.98421E-05
9.98247E-05 9.98247E-05 0.0176625 0.917242 9.98247E-05 9.98247E-05 9.98247E-05 9.98247E-05 9.98247E-05 9.98247E-05 9.98247E-05 9.98247E-05 0.0126454 9.98247E-05 9.98247E-05 0.0504536 9.98247E-05 9.98247E-05 9.98247E-05 9.98247E-05 9.98247E-05 9.98247E-05 9.98247E-05 9.98247E-05
9.98596E-05 9.98596E-05 9.98596E-05 0.581326 0.035889 9.98596E-05 9.98596E-05 9.98596E-05 0.0259597 9.98596E-05 9.98596E-05 0.134652 0.0428724 9.98596E-05 0.0282768 9.98596E-05 9.98596E-05 9.98596E-05 0.0531693 9.98596E-05 9.98596E-05 0.0962564 9.98596E-05 9.98596E-05
9.98249E-05 9.98249E-05 0.172984 0.74159 9.98249E-05 9.98249E-05 9.98249E-05 9.98249E-05 0.05196 0.0314698 9.98249E-05 9.98249E-05 9.98249E-05 9.98249E-05 9.98249E-05 9.98249E-05 9.98249E-05 9.98249E-05 9.98249E-05 9.98249E-05 9.98249E-05 9.98249E-05 9.98249E-05 9.98249E-05
9.98683E-05 9.98683E-05 9.98683E-05 0.238519 0.0259644 9.98683E-05 9.98683E-05 9.98683E-05 9.98683E-05 0.0681971 9.98683E-05 0.147811 0.012143 0.014931 0.100482 9.98683E-05 9.98683E-05 9.98683E-05 0.293714 9.98683E-05 9.98683E-05 9.98683E-05 0.0967405 9.98683E-05
0.0108335 9.9842E-05 9.9842E-05 0.546095 0.0574483 9.9842E-05 9.9842E-05 9.9842E-05 9.9842E-05 9.9842E-05 9.9842E-05 9.9842E-05 9.9842E-05 0.0166929 9.9842E-05 9.9842E-05 9.9842E-05 9.9842E-05 9.9842E-05 9.9842E-05 9.9842E-05 0.249692 9.9842E-05 0.117441
9.98421E-05 9.98421E-05 9.98421E-05 0.721062 9.98421E-05 9.98421E-05 9.98421E-05 9.98421E-05 9.98421E-05 9.98421E-05 9.98421E-05 0.00284066 0.0268431 9.98421E-05 9.98421E-05 0.0417948 9.98421E-05 9.98421E-05 9.98421E-05 0.137429 9.98421E-05 0.0682334 9.98421E-05 9.98421E-05
0.198792 9.98509E-05 0.0346484 0.407765 9.98509E-05 0.27656 9.98509E-05 9.98509E-05 9.98509E-05 9.98509E-05 9.98509E-05 9.98509E-05 9.98509E-05 9.98509E-05 9.98509E-05 0.0312045 9.98509E-05 0.0129806 9.98509E-05 9.98509E-05 9.98509E-05 9.98509E-05 9.98509E-05 0.0363523
9.98686E-05 9.98686E-05 9.98686E-05 0.655283 9.98686E-05 9.98686E-05 0.0294833 9.98686E-05 0.0907037 0.00147105 9.98686E-05 0.0848031 0.0224013 0.0188669 9.98686E-05 9.98686E-05 0.019967 9.98686E-05 9.98686E-05 9.98686E-05 9.98686E-05 9.98686E-05 9.98686E-05 0.0755227
9.98334E-05 9.98334E-05 9.98334E-05 0.589593 9.98334E-05 9.98334E-05 9.98334E-05 0.204379 0.0367697 9.98334E-05 9.98334E-05 9.98334E-05 9.98334E-05 9.98334E-05 9.98334E-05 9.98334E-05 9.98334E-05 0.0369464 9.98334E-05 9.98334E-05 9.98334E-05 9.98334E-05 0.130416 9.98334E-05
9.98508E-05 9.98508E-05 0.0169824 0.719306 9.98508E-05 9.98508E-05 9.98508E-05 9.98508E-05 0.0612871 9.98508E-05 9.98508E-05 0.055175 9.98508E-05 0.00470573 9.98508E-05 0.0629263 9.98508E-05 9.98508E-05 9.98508E-05 9.98508E-05 9.98508E-05 0.0779205 9.98508E-05 9.98508E-05
9.98248E-05 9.98248E-05 9.98248E-05 0.781804 9.98248E-05 9.98248E-05 9.98248E-05 9.98248E-05 9.98248E-05 9.98248E-05 0.041872 0.141326 9.98248E-05 9.98248E-05 0.0330015 9.98248E-05 9.98248E-05 9.98248E-05 9.98248E-05 9.98248E-05 9.98248E-05 9.98248E-05 9.98248E-05 9.98248E-05
9.98333E-05 9.98333E-05 9.98333E-05 0.761917 0.0136986 9.98333E-05 9.98333E-05 9.98333E-05 9.98333E-05 9.98333E-05 9.98333E-05 0.0346958 0.127718 9.98333E-05 9.98333E-05 0.0600738 9.98333E-05 9.98333E-05 9.98333E-05 9.98333E-05 9.98333E-05 9.98333E-05 9.98333E-05 9.98333E-05
9.98245E-05 9.98245E-05 9.98245E-05 9.98245E-05 9.98245E-05 9.98245E-05 9.98245E-05 9.98245E-05 9.98245E-05 0.0623435 9.98245E-05 0.0571215 0.835811 9.98245E-05 9.98245E-05 9.98245E-05 0.042728 9.98245E-05 9.98245E-05 9.98245E-05 9.98245E-05 9.98245E-05 9.98245E-05 9.98245E-05
9.9807E-05 9.9807E-05 9.9807E-05 9.9807E-05 0.00577869 9.9807E-05 9.9807E-05 0.992026 9.9807E-05 9.9807E-05 9.9807E-05 9.9807E-05 9.9807E-05 9.9807E-05 9.9807E-05 9.9807E-05 9.9807E-05 9.9807E-05 9.9807E-05 9.9807E-05 9.9807E-05 9.9807E-05 9.9807E-05 9.9807E-05
9.98157E-05 9.98157E-05 9.98157E-05 9.98157E-05 9.98157E-05 9.98157E-05 9.98157E-05 0.579029 9.98157E-05 9.98157E-05 9.98157E-05 9.98157E-05 0.353603 9.98157E-05 9.98157E-05 0.0652715 9.98157E-05 9.98157E-05 9.98157E-05 9.98157E-05 9.98157E-05 9.98157E-05 9.98157E-05 9.98157E-05
9.98333E-05 9.98333E-05 9.98333E-05 9.98333E-05 9.98333E-05 9.98333E-05 9.98333E-05 9.98333E-05 9.98333E-05 0.137602 9.98333E-05 0.0285404 0.465324 9.98333E-05 9.98333E-05 9.98333E-05 0.203906 9.98333E-05 9.98333E-05 9.98333E-05 9.98333E-05 9.98333E-05 0.16273 9.98333E-05
9.98681E-05 9.98681E-05 0.0135843 9.98681E-05 9.98681E-05 9.98681E-05 9.98681E-05 0.0955753 0.00716541 0.0574552 9.98681E-05 0.00682139 0.678595 9.98681E-05 9.98681E-05 0.0115983 9.98681E-05 0.0674649 9.98681E-05 9.98681E-05 9.98681E-05 0.0602416 9.98681E-05 9.98681E-05
9.98065E-05 9.98065E-05 9.98065E-05 9.98065E-05 9.98065E-05 9.98065E-05 9.98065E-05 9.98065E-05 9.98065E-05 9.98065E-05 9.98065E-05 0.107644 0.89016 9.98065E-05 9.98065E-05 9.98065E-05 9.98065E-05 9.98065E-05 9.98065E-05 9.98065E-05 9.98065E-05 9.98065E-05 9.98065E-05 9.98065E-05
9.98595E-05 9.98595E-05 9.98595E-05 9.98595E-05 0.118351 9.98595E-05 9.98595E-05 0.0951402 9.98595E-05 0.058995 9.98595E-05 0.0621133 0.543526 9.98595E-05 0.0379478 0.0013706 0.0809578 9.98595E-05 9.98595E-05 9.98595E-05 9.98595E-05 9.98595E-05 9.98595E-05 9.98595E-05
9.98418E-05 9.98418E-05 9.98418E-05 9.98418E-05 9.98418E-05 9.98418E-05 9.98418E-05 9.98418E-05 9.98418E-05 0.0761973 9.98418E-05 0.0547103 0.656029 9.98418E-05 9.98418E-05 0.101583 0.06983 9.98418E-05 9.98418E-05 9.98418E-05 9.98418E-05 9.98418E-05 0.0398529 9.98418E-05
9.97983E-05 9.97983E-05 9.97983E-05 9.97983E-05 9.97983E-05 9.97983E-05 9.97983E-05 9.97983E-05 9.97983E-05 9.97983E-05 9.97983E-05 9.97983E-05 0.997705 9.97983E-05 9.97983E-05 9.97983E-05 9.97983E-05 9.97983E-05 9.97983E-05 9.97983E-05 9.97983E-05 9.97983E-05 9.97983E-05 9.97983E-05
9.98155E-05 0.00911829 9.98155E-05 9.98155E-05 9.98155E-05 9.98155E-05 9.98155E-05 0.980839 9.98155E-05 9.98155E-05 9.98155E-05 9.98155E-05 9.98155E-05 9.98155E-05 0.00794677 9.98155E-05 9.98155E-05 9.98155E-05 9.98155E-05 9.98155E-05 9.98155E-05 9.98155E-05 9.98155E-05 9.98155E-05
9.98242E-05 9.98242E-05 9.98242E-05 9.98242E-05 9.98242E-05 9.98242E-05 9.98242E-05 9.98242E-05 9.98242E-05 0.0317073 9.98242E-05 0.149629 0.656067 9.98242E-05 0.1606 9.98242E-05 9.98242E-05 9.98242E-05 9.98242E-05 9.98242E-05 9.98242E-05 9.98242E-05 9.98242E-05 9.98242E-05
0.0434529 0.0143306 0.0248051 9.9877E-05 0.0465273 9.9877E-05 9.9877E-05 9.9877E-05 0.0419507 9.9877E-05 9.9877E-05 0.0517557 0.574555 9.9877E-05 0.0505586 9.9877E-05 0.0318856 9.9877E-05 9.9877E-05 9.9877E-05 9.9877E-05 0.11878 9.9877E-05 9.9877E-05
0.0383776 0.0358361 9.98509E-05 9.98509E-05 9.98509E-05 9.98509E-05 9.98509E-05 9.98509E-05 0.0249746 0.0893361 9.98509E-05 9.98509E-05 0.694841 9.98509E-05 0.0728608 9.98509E-05 9.98509E-05 9.98509E-05 9.98509E-05 9.98509E-05 9.98509E-05 9.98509E-05 9.98509E-05 0.0420763
9.98594E-05 9.98594E-05 9.98594E-05 9.98594E-05 9.98594E-05 9.98594E-05 9.98594E-05 9.98594E-05 0.0479497 0.000977622 9.98594E-05 0.213915 0.502533 9.98594E-05 9.98594E-05 9.98594E-05 0.0520314 9.98594E-05 0.00633734 9.98594E-05 9.98594E-05 0.144546 9.98594E-05 0.0301114
9.97987E-05 9.97987E-05 9.97987E-05 9.97987E-05 9.97987E-05 9.97987E-05 9.97987E-05 9.97987E-05 9.97987E-05 9.97987E-05 9.97987E-05 9.97987E-05 0.997705 9.97987E-05 9.97987E-05 9.97987E-05 9.97987E-05 9.97987E-05 9.97987E-05 9.97987E-05 9.97987E-05 9.97987E-05 9.97987E-05 9.97987E-05
9.98246E-05 9.98246E-05 9.98246E-05 9.98246E-05 0.00973994 9.98246E-05 9.98246E-05 0.739733 9.98246E-05 0.0302573 9.98246E-05 9.98246E-05 0.218273 9.98246E-05 9.98246E-05 9.98246E-05 9.98246E-05 9.98246E-05 9.98246E-05 9.98246E-05 9.98246E-05 9.98246E-05 9.98246E-05 9.98246E-05
9.98243E-05 9.98243E-05 0.0286925 9.98243E-05 9.98243E-05 9.98243E-05 9.98243E-05 9.98243E-05 0.09313 9.98243E-05 9.98243E-05 9.98243E-05 0.811502 9.98243E-05 9.98243E-05 0.064679 9.98243E-05 9.98243E-05 9.98243E-05 9.98243E-05 9.98243E-05 9.98243E-05 9.98243E-05 9.98243E-05
9.98508E-05 0.038369 9.98508E-05 9.98508E-05 0.0700396 9.98508E-05 9.98508E-05 9.98508E-05 0.0615903 0.00538785 9.98508E-05 9.98508E-05 0.68452 9.98508E-05 0.104542 9.98508E-05 9.98508E-05 9.98508E-05 9.98508E-05 9.98508E-05 9.98508E-05 0.0338537 9.98508E-05 9.98508E-05
9.9842E-05 9.9842E-05 9.9842E-05 9.9842E-05 9.9842E-05 9.9842E-05 9.9842E-05 0.269284 0.0157647 9.9842E-05 9.9842E-05 0.0211135 0.619869 9.9842E-05 0.0128434 0.059329 9.9842E-05 9.9842E-05 9.9842E-05 9.9842E-05 9.9842E-05 9.9842E-05 9.9842E-05 9.9842E-05
0.0993578 9.98241E-05 9.98241E-05 9.98241E-05 9.98241E-05 9.98241E-05 9.98241E-05 9.98241E-05 9.98241E-05 9.98241E-05 9.98241E-05 0.122192 0.73912 9.98241E-05 9.98241E-05 9.98241E-05 9.98241E-05 0.0373337 9.98241E-05 9.98241E-05 9.98241E-05 9.98241E-05 9.98241E-05 9.98241E-05
9.98073E-05 9.98073E-05 9.98073E-05 9.98073E-05 9.98073E-05 0.0687924 9.98073E-05 0.929012 9.98073E-05 9.98073E-05 9.98073E-05 9.98073E-05 9.98073E-05 9.98073E-05 9.98073E-05 9.98073E-05 9.98073E-05 9.98073E-05 9.98073E-05 9.98073E-05 9.98073E-05 9.98073E-05 9.98073E-05 9.98073E-05
9.98243E-05 9.98243E-05 9.98243E-05 9.98243E-05 9.98243E-05 9.98243E-05 9.98243E-05 9.98243E-05 0.0132496 9.98243E-05 9.98243E-05 0.00506911 0.761901 9.98243E-05 9.98243E-05 9.98243E-05 9.98243E-05 9.98243E-05 9.98243E-05 9.98243E-05 9.98243E-05 0.217783 9.98243E-05 9.98243E-05
9.9816E-05 9.9816E-05 9.9816E-05 9.9816E-05 9.9816E-05 9.9816E-05 9.9816E-05 9.9816E-05 9.9816E-05 9.9816E-05 9.9816E-05 9.9816E-05 0.739322 9.9816E-05 9.9816E-05 9.9816E-05 9.9816E-05 9.9816E-05 9.9816E-05 0.0699396 9.9816E-05 9.9816E-05 0.188642 9.9816E-05
9.98858E-05 9.98858E-05 0.0199871 9.98858E-05 9.98858E-05 9.98858E-05 9.98858E-05 0.573018 0.0956706 0.00281626 0.0508293 0.0568848 0.0356795 0.0322773 9.98858E-05 0.00822646 9.98858E-05 9.98858E-05 0.0685466 9.98858E-05 9.98858E-05 9.98858E-05 0.0547658 9.98858E-05
9.9833E-05 0.117406 9.9833E-05 9.9833E-05 9.9833E-05 9.9833E-05 9.9833E-05 0.756229 9.9833E-05 9.9833E-05 9.9833E-05 0.00845279 9.9833E-05 9.9833E-05 0.0899912 9.9833E-05 9.9833E-05 9.9833E-05 9.9833E-05 9.9833E-05 9.9833E-05 0.0260243 9.9833E-05 9.9833E-05
9.97983E-05 9.97983E-05 9.97983E-05 9.97983E-05 9.97983E-05 9.97983E-05 9.97983E-05 0.997705 9.97983E-05 9.97983E-05 9.97983E-05 9.97983E-05 9.97983E-05 9.97983E-05 9.97983E-05 9.97983E-05 9.97983E-05 9.97983E-05 9.97983E-05 9.97983E-05 9.97983E-05 9.97983E-05 9.97983E-05 9.97983E-05
9.97984E-05 9.97984E-05 9.97984E-05 9.97984E-05 9.97984E-05 9.97984E-05 9.97984E-05 9.97984E-05 9.97984E-05 9.97984E-05 9.97984E-05 9.97984E-05 0.997705 9.97984E-05 9.97984E-05 9.97984E-05 9.97984E-05 9.97984E-05 9.97984E-05 9.97984E-05 9.97984E-05 9.97984E-05 9.97984E-05 9.97984E-05
9.97983E-05 9.97983E-05 9.97983E-05 9.97983E-05 9.97983E-05 9.97983E-05 9.97983E-05 0.997705 9.97983E-05 9.97983E-05 9.97983E-05 9.97983E-05 9.97983E-05 9.97983E-05 9.97983E-05 9.97983E-05 9.97983E-05 9.97983E-05 9.97983E-05 9.97983E-05 9.97983E-05 9.97983E-05 9.97983E-05 9.97983E-05
9.98335E-05 0.0418557 9.98335E-05 9.98335E-05 9.98335E-05 9.98335E-05 9.98335E-05 0.182946 9.98335E-05 9.98335E-05 9.98335E-05 0.0188161 0.669081 9.98335E-05 9.98335E-05 0.085404 9.98335E-05 9.98335E-05 9.98335E-05 9.98335E-05 9.98335E-05 9.98335E-05 9.98335E-05 9.98335E-05
9.98243E-05 9.98243E-05 9.98243E-05 9.98243E-05 9.98243E-05 0.763815 9.98243E-05 0.0257358 9.98243E-05 9.98243E-05 9.98243E-05 0.0659201 0.142532 9.98243E-05 9.98243E-05 9.98243E-05 9.98243E-05 9.98243E-05 9.98243E-05 9.98243E-05 9.98243E-05 9.98243E-05 9.98243E-05 9.98243E-05
9.98159E-05 9.98159E-05 9.98159E-05 9.98159E-05 9.98159E-05 9.98159E-05 9.98159E-05 9.98159E-05 9.98159E-05 0.100449 9.98159E-05 0.0869561 9.98159E-05 9.98159E-05 9.98159E-05 9.98159E-05 9.98159E-05 9.98159E-05 9.98159E-05 9.98159E-05 9.98159E-05 9.98159E-05 0.810498 9.98159E-05
9.98245E-05 9.98245E-05 9.98245E-05 9.98245E-05 9.98245E-05 0.447412 0.0655075 9.98245E-05 9.98245E-05 9.98245E-05 9.98245E-05 9.98245E-05 9.98245E-05 9.98245E-05 9.98245E-05 9.98245E-05 9.98245E-05 9.98245E-05 9.98245E-05 0.262134 9.98245E-05 9.98245E-05 0.22295 9.98245E-05
9.98332E-05 9.98332E-05 9.98332E-05 9.98332E-05 9.98332E-05 9.98332E-05 9.98332E-05 9.98332E-05 9.98332E-05 9.98332E-05 9.98332E-05 0.0614523 9.98332E-05 9.98332E-05 9.98332E-05 9.98332E-05 9.98332E-05 9.98332E-05 9.98332E-05 0.127683 9.98332E-05 0.0019913 0.800659 0.00631706
9.98332E-05 9.98332E-05 9.98332E-05 9.98332E-05 9.98332E-05 9.98332E-05 9.98332E-05 9.98332E-05 9.98332E-05 0.0737635 9.98332E-05 0.119856 9.98332E-05 9.98332E-05 0.00959047 0.0366711 9.98332E-05 9.98332E-05 9.98332E-05 9.98332E-05 9.98332E-05 9.98332E-05 0.758222 9.98332E-05
9.98155E-05 0.0516055 9.98155E-05 9.98155E-05 9.98155E-05 9.98155E-05 9.98155E-05 9.98155E-05 9.98155E-05 0.0279434 9.98155E-05 9.98155E-05 9.98155E-05 9.98155E-05 9.98155E-05 9.98155E-05 9.98155E-05 9.98155E-05 9.98155E-05 9.98155E-05 9.98155E-05 9.98155E-05 0.918355 9.98155E-05
9.98246E-05 9.98246E-05 9.98246E-05 9.98246E-05 9.98246E-05 9.98246E-05 9.98246E-05 9.98246E-05 9.98246E-05 0.139015 9.98246E-05 0.107976 9.98246E-05 9.98246E-05 9.98246E-05 9.98246E-05 0.111626 9.98246E-05 9.98246E-05 9.98246E-05 9.98246E-05 9.98246E-05 0.639387 9.98246E-05
9.98593E-05 0.0152042 9.98593E-05 9.98593E-05 9.98593E-05 9.98593E-05 9.98593E-05 9.98593E-05 9.98593E-05 0.0352855 9.98593E-05 0.06457 9.98593E-05 9.98593E-05 0.0164652 0.0230917 9.98593E-05 9.98593E-05 9.98593E-05 0.480688 9.98593E-05 0.036561 0.326536 9.98593E-05
9.98245E-05 9.98245E-05 9.98245E-05 9.98245E-05 9.98245E-05 9.98245E-05 9.98245E-05 9.98245E-05 9.98245E-05 0.168758 9.98245E-05 0.0807529 9.98245E-05 9.98245E-05 9.98245E-05 9.98245E-05 9.98245E-05 9.98245E-05 9.98245E-05 0.118185 9.98245E-05 9.98245E-05 0.630308 9.98245E-05
9.98243E-05 9.98243E-05 9.98243E-05 9.98243E-05 9.98243E-05 9.98243E-05 9.98243E-05 9.98243E-05 9.98243E-05 0.322159 9.98243E-05 9.98243E-05 9.98243E-05 9.98243E-05 9.98243E-05 9.98243E-05 0.176346 9.98243E-05 0.132653 9.98243E-05 9.98243E-05 9.98243E-05 0.366846 9.98243E-05
9.98332E-05 9.98332E-05 9.98332E-05 9.98332E-05 9.98332E-05 9.98332E-05 9.98332E-05 9.98332E-05 9.98332E-05 0.205966 0.00533775 0.244766 9.98332E-05 9.98332E-05 9.98332E-05 9.98332E-05 9.98332E-05 9.98332E-05 9.98332E-05 0.150679 9.98332E-05 9.98332E-05 0.391354 9.98332E-05
9.98333E-05 9.98333E-05 9.98333E-05 9.98333E-05 9.98333E-05 9.98333E-05 0.308938 9.98333E-05 9.98333E-05 9.98333E-05 9.98333E-05 0.0398978 9.98333E-05 9.98333E-05 9.98333E-05 9.98333E-05 0.22377 9.98333E-05 9.98333E-05 0.0319876 9.98333E-05 9.98333E-05 0.39351 9.98333E-05
9.98422E-05 9.98422E-05 9.98422E-05 0.0118271 9.98422E-05 9.98422E-05 0.108134 9.98422E-05 9.98422E-05 9.98422E-05 9.98422E-05 0.104133 9.98422E-05 9.98422E-05 0.00506301 9.98422E-05 0.032655 9.98422E-05 9.98422E-05 9.98422E-05 9.98422E-05 9.98422E-05 0.736391 9.98422E-05
9.98245E-05 9.98245E-05 9.98245E-05 9.98245E-05 9.98245E-05 9.98245E-05 9.98245E-05 9.98245E-05 9.98245E-05 0.00325318 0.0129712 9.98245E-05 9.98245E-05 9.98245E-05 9.98245E-05 9.98245E-05 9.98245E-05 9.98245E-05 9.98245E-05 0.495989 9.98245E-05 9.98245E-05 0.48579 9.98245E-05
9.98422E-05 9.98422E-05 9.98422E-05 9.98422E-05 9.98422E-05 9.98422E-05 0.0155093 9.98422E-05 9.98422E-05 0.140843 9.98422E-05 0.280994 9.98422E-05 9.98422E-05 9.98422E-05 9.98422E-05 0.0149437 9.98422E-05 9.98422E-05 0.171796 9.98422E-05 9.98422E-05 0.374118 9.98422E-05
9.98685E-05 0.0149002 9.98685E-05 9.98685E-05 9.98685E-05 9.98685E-05 9.98685E-05 9.98685E-05 9.98685E-05 0.0489958 0.0126264 9.98685E-05 9.98685E-05 9.98685E-05 0.00944371 0.0973041 0.00752073 0.0442352 9.98685E-05 0.325358 9.98685E-05 9.98685E-05 0.438118 9.98685E-05
9.98596E-05 9.98596E-05 0.000759187 9.98596E-05 9.98596E-05 9.98596E-05 0.00714631 9.98596E-05 9.98596E-05 0.0181599 0.0129498 0.140155 9.98596E-05 9.98596E-05 0.0295982 9.98596E-05 9.98596E-05 9.98596E-05 0.111232 9.98596E-05 9.98596E-05 9.98596E-05 0.678402 9.98596E-05
9.98683E-05 9.98683E-05 9.98683E-05 9.98683E-05 9.98683E-05 9.98683E-05 0.0350545 9.98683E-05 9.98683E-05 0.0060807 9.98683E-05 0.0356853 9.98683E-05 9.98683E-05 9.98683E-05 0.0114409 0.157048 0.0218763 9.98683E-05 0.0599371 9.98683E-05 0.00137904 0.67 9.98683E-05
9.98422E-05 9.98422E-05 9.98422E-05 9.98422E-05 9.98422E-05 0.0469651 0.0495699 9.98422E-05 9.98422E-05 0.0675374 0.17624 9.98422E-05 9.98422E-05 9.98422E-05 9.98422E-05 9.98422E-05 9.98422E-05 9.98422E-05 9.98422E-05 9.98422E-05 9.98422E-05 0.015499 0.642391 9.98422E-05
9.98246E-05 9.98246E-05 9.98246E-05 9.98246E-05 9.98246E-05 9.98246E-05 0.100025 9.98246E-05 9.98246E-05 9.98246E-05 9.98246E-05 9.98246E-05 9.98246E-05 9.98246E-05 0.0239612 9.98246E-05 0.0211948 9.98246E-05 9.98246E-05 9.98246E-05 9.98246E-05 9.98246E-05 0.852823 9.98246E-05
0.0219813 9.98684E-05 9.98684E-05 9.98684E-05 0.000742657 9.98684E-05 0.203663 9.98684E-05 9.98684E-05 0.0305033 9.98684E-05 0.148537 0.0265187 9.98684E-05 9.98684E-05 9.98684E-05 9.98684E-05 0.0714645 0.0670837 9.98684E-05 9.98684E-05 9.98684E-05 0.428009 9.98684E-05
9.98333E-05 9.98333E-05 9.98333E-05 9.98333E-05 9.98333E-05 9.98333E-05 9.98333E-05 9.98333E-05 9.98333E-05 0.00163021 0.0760694 0.0664892 9.98333E-05 9.98333E-05 9.98333E-05 9.98333E-05 0.0931 9.98333E-05 9.98333E-05 9.98333E-05 9.98333E-05 9.98333E-05 0.760814 9.98333E-05
9.98333E-05 9.98333E-05 9.98333E-05 9.98333E-05 9.98333E-05 9.98333E-05 9.98333E-05 9.98333E-05 9.98333E-05 0.0565007 9.98333E-05 0.0395504 9.98333E-05 9.98333E-05 0.0277452 0.0263057 9.98333E-05 9.98333E-05 9.98333E-05 9.98333E-05 9.98333E-05 9.98333E-05 0.848001 9.98333E-05
9.98421E-05 9.98421E-05 9.98421E-05 9.98421E-05 9.98421E-05 9.98421E-05 9.98421E-05 9.98421E-05 9.98421E-05 0.190581 9.98421E-05 0.197421 9.98421E-05 9.98421E-05 0.0177173 9.98421E-05 0.0444274 0.00659914 9.98421E-05 9.98421E-05 9.98421E-05 9.98421E-05 0.541457 9.98421E-05
9.98247E-05 9.98247E-05 9.98247E-05 9.98247E-05 9.98247E-05 9.98247E-05 9.98247E-05 9.98247E-05 9.98247E-05 0.149945 9.98247E-05 9.98247E-05 9.98247E-05 9.98247E-05 9.98247E-05 9.98247E-05 9.98247E-05 0.0153107 9.98247E-05 0.338862 9.98247E-05 9.98247E-05 0.493886 9.98247E-05
9.98203E-05 9.98203E-05 9.98203E-05 9.98203E-05 9.98203E-05 9.98203E-05 9.98203E-05 9.98203E-05 9.98203E-05 0.22075 9.98203E-05 0.218084 9.98203E-05 9.98203E-05 9.98203E-05 9.98203E-05 0.0958987 0.0149875 9.98203E-05 9.98203E-05 0.0269953 9.98203E-05 0.421488 9.98203E-05
9.98333E-05 9.98333E-05 9.98333E-05 9.98333E-05 9.98333E-05 9.98333E-05 9.98333E-05 9.98333E-05 9.98333E-05 0.114287 9.98333E-05 0.122086 9.98333E-05 9.98333E-05 9.98333E-05 9.98333E-05 0.113859 9.98333E-05 9.98333E-05 0.611033 9.98333E-05 9.98333E-05 0.0368393 9.98333E-05
9.98509E-05 9.98509E-05 0.0637942 9.98509E-05 9.98509E-05 0.00120804 0.646646 9.98509E-05 9.98509E-05 9.98509E-05 9.98509E-05 0.0896869 9.98509E-05 0.0925931 9.98509E-05 9.98509E-05 9.98509E-05 9.98509E-05 9.98509E-05 9.98509E-05 9.98509E-05 9.98509E-05 0.0854709 0.0189038
9.98243E-05 9.98243E-05 9.98243E-05 9.98243E-05 0.0110751 9.98243E-05 9.98243E-05 9.98243E-05 9.98243E-05 0.04628 9.98243E-05 0.0734915 9.98243E-05 9.98243E-05 9.98243E-05 9.98243E-05 9.98243E-05 9.98243E-05 9.98243E-05 9.98243E-05 9.98243E-05 9.98243E-05 0.867157 9.98243E-05
9.98246E-05 9.98246E-05 9.98246E-05 9.98246E-05 9.98246E-05 9.98246E-05 9.98246E-05 9.98246E-05 9.98246E-05 0.213388 9.98246E-05 0.229185 9.98246E-05 9.98246E-05 9.98246E-05 9.98246E-05 9.98246E-05 9.98246E-05 9.98246E-05 0.107431 9.98246E-05 9.98246E-05 0.447999 9.98246E-05
9.98422E-05 9.98422E-05 9.98422E-05 9.98422E-05 9.98422E-05 9.98422E-05 0.108908 9.98422E-05 9.98422E-05 9.98422E-05 9.98422E-05 0.0950714 9.98422E-05 9.98422E-05 0.0374308 9.98422E-05 9.98422E-05 0.0593203 9.98422E-05 9.98422E-05 9.98422E-05 9.98422E-05 0.652914 0.0445582
9.98333E-05 9.98333E-05 9.98333E-05 9.98333E-05 9.98333E-05 9.98333E-05 9.98333E-05 9.98333E-05 9.98333E-05 0.0620704 9.98333E-05 0.177515 9.98333E-05 9.98333E-05 0.0951915 9.98333E-05 9.98333E-05 9.98333E-05 9.98333E-05 0.379665 9.98333E-05 9.98333E-05 0.283661 9.98333E-05
0.0148061 9.98243E-05 9.98243E-05 9.98243E-05 9.98243E-05 9.98243E-05 9.98243E-05 9.98243E-05 9.98243E-05 9.98243E-05 9.98243E-05 9.98243E-05 9.98243E-05 9.98243E-05 9.98243E-05 9.98243E-05 9.98243E-05 0.00441631 9.98243E-05 0.435046 9.98243E-05 9.98243E-05 0.543735 9.98243E-05
9.98332E-05 9.98332E-05 9.98332E-05 9.98332E-05 9.98332E-05 9.98332E-05 9.98332E-05 9.98332E-05 9.98332E-05 0.252331 9.98332E-05 0.108193 9.98332E-05 9.98332E-05 9.98332E-05 9.98332E-05 9.98332E-05 0.150123 9.98332E-05 9.98332E-05 9.98332E-05 9.98332E-05 0.366682 0.120774
9.98333E-05 9.98333E-05 9.98333E-05 9.98333E-05 9.98333E-05 9.98333E-05 9.98333E-05 9.98333E-05 9.98333E-05 0.0225592 9.98333E-05 0.127739 9.98333E-05 9.98333E-05 9.98333E-05 9.98333E-05 9.98333E-05 9.98333E-05 9.98333E-05 0.0121848 9.98333E-05 0.149589 0.686031 9.98333E-05
9.98245E-05 9.98245E-05 9.98245E-05 9.98245E-05 0.0748817 9.98245E-05 9.98245E-05 9.98245E-05 9.98245E-05 9.98245E-05 9.98245E-05 0.027173 9.98245E-05 9.98245E-05 9.98245E-05 9.98245E-05 9.98245E-05 9.98245E-05 9.98245E-05 0.455642 9.98245E-05 9.98245E-05 0.440307 9.98245E-05
9.9842E-05 9.9842E-05 9.9842E-05 9.9842E-05 9.9842E-05 9.9842E-05 0.154264 9.9842E-05 9.9842E-05 0.0164142 0.0874953 9.9842E-05 9.9842E-05 9.9842E-05 9.9842E-05 9.9842E-05 9.9842E-05 9.9842E-05 0.109393 0.0225012 9.9842E-05 9.9842E-05 0.608135 9.9842E-05
9.98244E-05 0.0208387 9.98244E-05 9.98244E-05 9.98244E-05 9.98244E-05 9.98244E-05 9.98244E-05 9.98244E-05 0.0767805 9.98244E-05 0.205144 9.98244E-05 9.98244E-05 9.98244E-05 9.98244E-05 9.98244E-05 9.98244E-05 9.98244E-05 9.98244E-05 9.98244E-05 9.98244E-05 0.69524 9.98244E-05
9.9842E-05 9.9842E-05 9.9842E-05 9.9842E-05 9.9842E-05 0.00763491 0.51623 9.9842E-05 9.9842E-05 0.072069 0.000205568 9.9842E-05 9.9842E-05 9.9842E-05 9.9842E-05 9.9842E-05 9.9842E-05 9.9842E-05 9.9842E-05 0.168313 9.9842E-05 9.9842E-05 0.23375 9.9842E-05
9.98247E-05 9.98247E-05 9.98247E-05 9.98247E-05 9.98247E-05 9.98247E-05 0.212465 9.98247E-05 9.98247E-05 9.98247E-05 9.98247E-05 0.0764149 9.98247E-05 9.98247E-05 9.98247E-05 9.98247E-05 9.98247E-05 9.98247E-05 9.98247E-05 0.210577 9.98247E-05 9.98247E-05 0.498547 9.98247E-05
9.98157E-05 9.98157E-05 9.98157E-05 9.98157E-05 9.98157E-05 9.98157E-05 9.98157E-05 9.98157E-05 9.98157E-05 9.98157E-05 9.98157E-05 9.98157E-05 9.98157E-05 9.98157E-05 9.98157E-05 9.98157E-05 9.98157E-05 9.98157E-05 9.98157E-05 0.871003 9.98157E-05 9.98157E-05 0.103745 0.0231558
9.98246E-05 9.98246E-05 9.98246E-05 9.98246E-05 9.98246E-05 9.98246E-05 0.384021 9.98246E-05 9.98246E-05 9.98246E-05 9.98246E-05 9.98246E-05 9.98246E-05 9.98246E-05 9.98246E-05 9.98246E-05 9.98246E-05 0.0045317 9.98246E-05 0.224825 9.98246E-05 9.98246E-05 0.384626 9.98246E-05
9.98421E-05 9.98421E-05 9.98421E-05 9.98421E-05 9.98421E-05 9.98421E-05 9.98421E-05 9.98421E-05 9.98421E-05 0.00838452 9.98421E-05 0.354379 9.98421E-05 9.98421E-05 9.98421E-05 9.98421E-05 0.0365653 9.98421E-05 0.0171604 9.98421E-05 9.98421E-05 9.98421E-05 0.480382 0.101331
9.98158E-05 9.98158E-05 9.98158E-05 9.98158E-05 9.98158E-05 9.98158E-05 9.98158E-05 9.98158E-05 9.98158E-05 0.130825 9.98158E-05 9.98158E-05 9.98158E-05 9.98158E-05 9.98158E-05 9.98158E-05 9.98158E-05 9.98158E-05 0.0540163 9.98158E-05 9.98158E-05 9.98158E-05 0.813063 9.98158E-05
9.98332E-05 9.98332E-05 9.98332E-05 9.98332E-05 9.98332E-05 9.98332E-05 0.685788 9.98332E-05 9.98332E-05 0.137882 9.98332E-05 0.0606465 9.98332E-05 9.98332E-05 9.98332E-05 9.98332E-05 9.98332E-05 0.0516728 9.98332E-05 9.98332E-05 9.98332E-05 9.98332E-05 0.062114 9.98332E-05
9.98421E-05 9.98421E-05 9.98421E-05 9.98421E-05 9.98421E-05 9.98421E-05 0.0719825 9.98421E-05 9.98421E-05 9.98421E-05 9.98421E-05 0.0430076 9.98421E-05 9.98421E-05 0.00638144 9.98421E-05 0.074265 9.98421E-05 9.98421E-05 0.760787 9.98421E-05 9.98421E-05 0.0417794 9.98421E-05
9.98419E-05 9.98419E-05 9.98419E-05 9.98419E-05 9.98419E-05 9.98419E-05 9.98419E-05 9.98419E-05 9.98419E-05 0.153496 9.98419E-05 9.98419E-05 9.98419E-05 9.98419E-05 9.98419E-05 0.0127829 0.112055 0.112722 9.98419E-05 9.98419E-05 9.98419E-05 0.0742394 0.532909 9.98419E-05
9.98507E-05 0.0421483 9.98507E-05 9.98507E-05 9.98507E-05 9.98507E-05 9.98507E-05 0.171506 9.98507E-05 0.0997318 9.98507E-05 0.0946358 9.98507E-05 9.98507E-05 9.98507E-05 9.98507E-05 9.98507E-05 9.98507E-05 0.0541568 0.401624 9.98507E-05 9.98507E-05 0.1345 9.98507E-05
9.98685E-05 0.160348 9.98685E-05 9.98685E-05 9.98685E-05 9.98685E-05 0.0033074 9.98685E-05 9.98685E-05 0.0750169 0.0234759 9.98685E-05 9.98685E-05 9.98685E-05 9.98685E-05 9.98685E-05 0.0874338 9.98685E-05 0.0350778 0.196517 9.98685E-05 9.98685E-05 0.404592 0.0127328
9.98509E-05 9.98509E-05 9.98509E-05 9.98509E-05 9.98509E-05 9.98509E-05 9.98509E-05 9.98509E-05 9.98509E-05 0.188618 9.98509E-05 0.188665 0.100506 9.98509E-05 0.00878545 9.98509E-05 9.98509E-05 0.0184199 9.98509E-05 9.98509E-05 9.98509E-05 0.0618039 0.431504 9.98509E-05
9.98246E-05 9.98246E-05 9.98246E-05 9.98246E-05 9.98246E-05 9.98246E-05 0.370984 9.98246E-05 9.98246E-05 9.98246E-05 9.98246E-05 0.0264535 9.98246E-05 9.98246E-05 9.98246E-05 9.98246E-05 9.98246E-05 9.98246E-05 9.98246E-05 0.369188 9.98246E-05 9.98246E-05 0.231378 9.98246E-05
9.98333E-05 9.98333E-05 0.0322163 9.98333E-05 0.0993386 9.98333E-05 9.98333E-05 9.98333E-05 9.98333E-05 9.98333E-05 0.0680914 0.0874073 9.98333E-05 9.98333E-05 9.98333E-05 9.98333E-05 9.98333E-05 9.98333E-05 9.98333E-05 9.98333E-05 9.98333E-05 9.98333E-05 0.71105 9.98333E-05
9.98157E-05 9.98157E-05 9.98157E-05 9.98157E-05 9.98157E-05 0.652817 0.235422 9.98157E-05 9.98157E-05 9.98157E-05 9.98157E-05 9.98157E-05 9.98157E-05 9.98157E-05 9.98157E-05 9.98157E-05 9.98157E-05 9.98157E-05 9.98157E-05 9.98157E-05 9.98157E-05 9.98157E-05 0.109665 9.98157E-05
9.98246E-05 9.98246E-05 9.98246E-05 9.98246E-05 9.98246E-05 9.98246E-05 0.312016 9.98246E-05 9.98246E-05 0.132321 9.98246E-05 0.0890431 9.98246E-05 9.98246E-05 9.98246E-05 9.98246E-05 9.98246E-05 9.98246E-05 9.98246E-05 9.98246E-05 9.98246E-05 9.98246E-05 0.464623 9.98246E-05
0.00660396 9.98158E-05 9.98158E-05 9.98158E-05 9.98158E-05 9.98158E-05 9.98158E-05 9.98158E-05 9.98158E-05 9.98158E-05 0.049896 9.98158E-05 9.98158E-05 9.98158E-05 9.98158E-05 9.98158E-05 9.98158E-05 9.98158E-05 9.98158E-05 9.98158E-05 9.98158E-05 9.98158E-05 0.941404 9.98158E-05
9.98158E-05 9.98158E-05 9.98158E-05 9.98158E-05 0.0237256 9.98158E-05 9.98158E-05 9.98158E-05 9.98158E-05 9.98158E-05 9.98158E-05 9.98158E-05 9.98158E-05 9.98158E-05 0.117642 9.98158E-05 9.98158E-05 9.98158E-05 9.98158E-05 9.98158E-05 9.98158E-05 9.98158E-05 0.856537 9.98158E-05
9.98244E-05 9.98244E-05 9.98244E-05 9.98244E-05 9.98244E-05 9.98244E-05 9.98244E-05 9.98244E-05 9.98244E-05 0.159507 9.98244E-05 0.102459 9.98244E-05 9.98244E-05 9.98244E-05 9.98244E-05 0.24891 9.98244E-05 9.98244E-05 9.98244E-05 9.98244E-05 9.98244E-05 0.487127 9.98244E-05
9.98245E-05 9.98245E-05 9.98245E-05 9.98245E-05 9.98245E-05 9.98245E-05 9.98245E-05 9.98245E-05 9.98245E-05 0.142665 9.98245E-05 0.0795195 9.98245E-05 9.98245E-05 9.98245E-05 9.98245E-05 9.98245E-05 9.98245E-05 9.98245E-05 0.0765952 9.98245E-05 9.98245E-05 0.699224 9.98245E-05
