9.99736E-05 0.0480376 0.0971756 0.488144 9.99736E-05 0.16277 0.196073 9.99736E-05 0.00749963
9.99561E-05 0.00162614 9.99561E-05 0.823424 9.99561E-05 0.00873927 0.165711 9.99561E-05 9.99561E-05
0.0329525 0.00558515 0.00812539 0.943807 0.00797453 0.00125586 9.99736E-05 9.99736E-05 9.99736E-05
9.99737E-05 9.99737E-05 0.186957 0.27682 0.36845 0.123273 9.99737E-05 0.0427931 0.00140777
9.99473E-05 9.99473E-05 9.99473E-05 0.823205 0.126899 9.99473E-05 0.0492964 9.99473E-05 9.99473E-05
9.99649E-05 9.99649E-05 0.207555 0.302099 0.308523 9.99649E-05 0.14032 0.0411031 9.99649E-05
0.127543 9.99649E-05 9.99649E-05 0.324273 0.200648 0.0961353 0.251001 9.99649E-05 9.99649E-05
0.0767443 9.99737E-05 0.148747 0.230827 0.467082 0.0122939 0.0640057 9.99737E-05 9.99737E-05
9.99561E-05 0.0539619 0.514005 0.2974 0.134134 9.99561E-05 9.99561E-05 9.99561E-05 9.99561E-05
9.99473E-05 9.99473E-05 0.00965497 0.960581 9.99473E-05 9.99473E-05 9.99473E-05 9.99473E-05 0.029164
9.99561E-05 0.00830977 0.198327 0.64871 9.99561E-05 0.144153 9.99561E-05 9.99561E-05 9.99561E-05
0.0406607 9.99649E-05 9.99649E-05 0.828152 0.0534422 0.0270174 9.99649E-05 9.99649E-05 0.0503279
9.99473E-05 9.99473E-05 0.0540694 0.91389 0.0314409 9.99473E-05 9.99473E-05 9.99473E-05 9.99473E-05
0.0444864 9.99649E-05 0.0416001 0.709466 9.99649E-05 0.0564621 9.99649E-05 0.147585 9.99649E-05
9.99649E-05 9.99649E-05 0.393937 0.349374 0.074994 9.99649E-05 0.00134267 0.179953 9.99649E-05
0.130985 9.99736E-05 0.357387 0.296144 0.188501 0.0183045 0.00837708 9.99736E-05 9.99736E-05
9.99562E-05 9.99562E-05 0.0589147 0.629234 0.221831 0.0895206 9.99562E-05 9.99562E-05 9.99562E-05
9.99561E-05 0.140904 0.291573 0.361597 9.99561E-05 9.99561E-05 9.99561E-05 9.99561E-05 0.205425
0.0128227 0.092332 0.320765 0.430296 0.104597 0.00253968 9.99824E-05 9.99824E-05 0.0364477
9.99385E-05 0.0314954 9.99385E-05 0.967805 9.99385E-05 9.99385E-05 9.99385E-05 9.99385E-05 9.99385E-05
9.99649E-05 9.99649E-05 0.220837 0.45049 0.265768 0.0357294 9.99649E-05 9.99649E-05 0.0267767
0.0497849 9.99737E-05 0.243772 0.292279 0.291426 9.99737E-05 9.99737E-05 0.0499128 0.0725254
9.99561E-05 9.99561E-05 0.0851579 0.697643 9.99561E-05 0.0829814 0.133718 9.99561E-05 9.99561E-05
0.121278 9.99649E-05 0.243074 0.551376 0.0771824 9.99649E-05 9.99649E-05 9.99649E-05 0.00668974
9.99649E-05 0.217988 0.35466 0.384641 9.99649E-05 0.0148211 9.99649E-05 0.0274898 9.99649E-05
9.99561E-05 9.99561E-05 0.105526 0.743977 0.113747 9.99561E-05 9.99561E-05 0.03625 9.99561E-05
0.143482 0.0231462 0.192721 0.0944435 0.0877771 0.0391703 0.120816 0.216982 0.0814619
9.99561E-05 9.99561E-05 0.0245321 0.830482 0.133095 0.0113914 9.99561E-05 9.99561E-05 9.99561E-05
9.99649E-05 0.112926 0.0543061 0.675804 9.99649E-05 0.0343563 9.99649E-05 0.122208 9.99649E-05
9.99649E-05 9.99649E-05 0.0603769 0.77103 9.99649E-05 0.0138405 9.99649E-05 0.110191 0.044162
9.99561E-05 0.0472609 0.0884956 0.777311 9.99561E-05 0.0864324 9.99561E-05 9.99561E-05 9.99561E-05
9.99737E-05 0.00277174 0.138308 0.526205 0.0823572 0.0558835 9.99737E-05 0.194175 9.99737E-05
0.025289 9.99561E-05 0.165957 0.597704 9.99561E-05 0.21055 9.99561E-05 9.99561E-05 9.99561E-05
9.99824E-05 0.0875469 0.0421013 0.435399 0.0599596 0.0299198 9.99824E-05 0.287264 0.0576094
9.99649E-05 0.0595477 0.0235128 0.782607 9.99649E-05 0.0410284 0.0929038 9.99649E-05 9.99649E-05
9.99737E-05 0.051278 0.0517359 0.674855 0.122501 9.99737E-05 0.0411269 9.99737E-05 0.0582039
0.0717374 9.99561E-05 9.99561E-05 0.906117 9.99561E-05 0.0149633 0.00668281 9.99561E-05 9.99561E-05
9.99474E-05 0.0572683 0.201732 0.7404 9.99474E-05 9.99474E-05 9.99474E-05 9.99474E-05 9.99474E-05
9.99649E-05 9.99649E-05 0.179568 0.610912 0.117328 0.0309388 9.99649E-05 0.0608528 9.99649E-05
0.15533 9.99736E-05 0.0484694 0.570971 0.0544554 0.0230696 9.99736E-05 0.147405 9.99736E-05
9.99561E-05 9.99561E-05 0.0732004 0.733313 0.11222 0.0807674 9.99561E-05 9.99561E-05 9.99561E-05
9.99561E-05 9.99561E-05 0.182578 0.769626 0.0163386 9.99561E-05 0.0309578 9.99561E-05 9.99561E-05
9.99649E-05 9.99649E-05 9.99649E-05 0.880779 0.0255967 9.99649E-05 0.000982282 0.0484518 0.0437908
9.99649E-05 9.99649E-05 0.333174 0.432098 0.0587204 0.0960352 0.0795722 9.99649E-05 9.99649E-05
9.99561E-05 9.99561E-05 0.215016 0.397234 0.378104 0.00914573 9.99561E-05 9.99561E-05 9.99561E-05
9.99561E-05 0.0592263 0.0448662 0.821339 0.0740688 9.99561E-05 9.99561E-05 9.99561E-05 9.99561E-05
9.99561E-05 9.99561E-05 0.0652229 0.887812 9.99561E-05 0.016013 9.99561E-05 9.99561E-05 0.0304526
0.0408371 0.00153637 9.99473E-05 0.957027 9.99473E-05 9.99473E-05 9.99473E-05 9.99473E-05 9.99473E-05
0.0567455 9.99736E-05 0.0283856 0.765168 0.11628 0.00133918 9.99736E-05 9.99736E-05 0.0317818
0.121046 0.00082462 9.9965E-05 0.721125 0.0884672 9.9965E-05 9.9965E-05 9.9965E-05 0.0681379
0.0276423 0.0335518 0.249483 0.408842 0.14656 0.133621 9.99736E-05 9.99736E-05 9.99736E-05
0.116303 0.0236378 9.99561E-05 0.68932 0.17024 9.99561E-05 9.99561E-05 9.99561E-05 9.99561E-05
9.99386E-05 9.99386E-05 9.99386E-05 0.941655 9.99386E-05 9.99386E-05 9.99386E-05 9.99386E-05 0.0576454
0.247709 0.00828971 0.0454476 0.698054 9.99561E-05 9.99561E-05 9.99561E-05 9.99561E-05 9.99561E-05
9.99562E-05 9.99562E-05 0.0208465 0.795622 0.175724 9.99562E-05 9.99562E-05 9.99562E-05 0.0073073
9.99649E-05 0.071961 9.99649E-05 0.777954 0.013543 0.0140988 9.99649E-05 0.122043 9.99649E-05
9.99649E-05 9.99649E-05 0.0141058 0.7615 0.0352054 9.99649E-05 0.0670872 9.99649E-05 0.121702
9.99561E-05 9.99561E-05 0.026327 0.88572 0.0063666 0.0810863 9.99561E-05 9.99561E-05 9.99561E-05
9.99649E-05 9.99649E-05 0.011469 0.881964 9.99649E-05 0.057985 0.0444348 9.99649E-05 0.00374708
9.99649E-05 9.99649E-05 0.318717 0.1847 9.99649E-05 0.0599466 0.319337 9.99649E-05 0.1169
0.143303 9.99562E-05 9.99562E-05 0.380604 0.0615382 9.99562E-05 0.414056 9.99562E-05 9.99562E-05
0.0615617 9.99649E-05 9.99649E-05 0.369893 9.99649E-05 0.0166854 0.38872 9.99649E-05 0.16274
9.99649E-05 9.99649E-05 0.261834 9.99649E-05 9.99649E-05 0.17996 0.468019 0.0435575 0.0462302
0.0475266 0.0482736 0.284431 0.160625 0.105174 0.000606474 0.209525 9.99912E-05 0.143739
0.028474 9.99736E-05 0.397255 0.0545662 9.99736E-05 0.0651098 0.325747 9.99736E-05 0.128547
9.99736E-05 0.0247211 0.17549 0.0408138 9.99736E-05 0.088067 0.63946 9.99736E-05 0.0311477
0.00508359 0.0212274 0.28411 9.99737E-05 9.99737E-05 0.0610795 0.440295 9.99737E-05 0.187904
9.99649E-05 9.99649E-05 0.0329775 0.233133 9.99649E-05 9.99649E-05 0.572813 0.0438407 0.116836
9.99649E-05 0.0606783 0.179007 0.394187 9.99649E-05 0.110363 0.255365 9.99649E-05 9.99649E-05
9.99649E-05 0.0594294 0.472882 9.99649E-05 9.99649E-05 0.205787 0.201247 9.99649E-05 0.0602544
0.188655 9.99824E-05 0.181487 0.0321763 0.116437 0.118131 0.351786 9.99824E-05 0.0111275
0.0735008 9.99649E-05 0.365926 9.99649E-05 0.171537 0.174708 0.213927 9.99649E-05 9.99649E-05
0.180372 9.99736E-05 0.275504 0.0977286 0.0652758 0.0184952 0.362325 9.99736E-05 9.99736E-05
0.158077 9.99737E-05 0.0664474 0.219448 9.99737E-05 0.0328525 0.343327 0.179548 9.99737E-05
9.99649E-05 9.99649E-05 0.238051 0.309974 9.99649E-05 0.0870012 0.306544 9.99649E-05 0.0580299
0.102793 9.99737E-05 0.137323 0.0354985 0.171258 9.99737E-05 0.403411 9.99737E-05 0.149417
9.99736E-05 9.99736E-05 0.263519 0.136532 0.161034 0.114242 0.173839 9.99736E-05 0.150535
9.99824E-05 0.00844599 0.118228 0.319677 0.0290961 0.0604957 0.304682 9.99824E-05 0.159175
0.169124 0.0940428 0.221704 9.99737E-05 9.99737E-05 0.062837 0.39518 9.99737E-05 0.0568123
0.0817317 9.99825E-05 0.0484614 0.370118 9.99825E-05 0.00223782 0.437941 0.0535069 0.00580395
0.114008 9.99736E-05 0.211832 0.134569 0.0488797 9.99736E-05 0.416839 9.99736E-05 0.0735731
0.0128429 0.00529252 0.0860318 0.249112 9.99912E-05 0.0247688 0.37968 0.18538 0.0567919
0.0324006 9.99824E-05 0.201373 0.224904 0.177001 0.0788281 0.163425 9.99824E-05 0.121868
9.99736E-05 9.99736E-05 0.209804 0.304365 9.99736E-05 0.265462 0.193505 0.00998765 0.0165768
9.99562E-05 9.99562E-05 0.165666 0.405348 9.99562E-05 0.093513 0.334973 9.99562E-05 9.99562E-05
9.99562E-05 9.99562E-05 0.0328909 0.466941 9.99562E-05 9.99562E-05 0.344755 9.99562E-05 0.154913
0.0688479 0.00994074 0.119391 0.230405 0.0591452 9.99825E-05 0.493119 9.99825E-05 0.0189507
9.99649E-05 9.99649E-05 0.259342 0.322766 0.00597736 9.99649E-05 0.0869235 9.99649E-05 0.324591
9.9965E-05 0.0597428 0.311932 0.277253 9.9965E-05 9.9965E-05 0.269071 0.0816008 9.9965E-05
9.99385E-05 9.99385E-05 0.336737 9.99385E-05 9.99385E-05 9.99385E-05 9.99385E-05 0.662563 9.99385E-05
9.99474E-05 9.99474E-05 0.0861767 0.0165915 9.99474E-05 9.99474E-05 9.99474E-05 0.896632 9.99474E-05
9.99648E-05 9.99648E-05 0.120511 9.99648E-05 0.0752782 0.0729876 9.99648E-05 0.684591 0.0462324
9.9956E-05 9.9956E-05 0.354433 9.9956E-05 9.9956E-05 0.0811612 9.9956E-05 0.499802 0.0641041
9.9956E-05 0.11232 0.362159 9.9956E-05 9.9956E-05 9.9956E-05 9.9956E-05 0.438446 0.0865752
9.99473E-05 9.99473E-05 0.471193 9.99473E-05 9.99473E-05 9.99473E-05 0.0856934 0.442514 9.99473E-05
9.9956E-05 9.9956E-05 0.330757 9.9956E-05 9.9956E-05 0.0521043 9.9956E-05 0.583336 0.0333025
9.99648E-05 0.00271669 0.508415 9.99648E-05 9.99648E-05 0.00417099 9.99648E-05 0.475952 0.00834515
9.9956E-05 9.9956E-05 0.468274 9.9956E-05 9.9956E-05 0.0293736 0.34049 0.161363 9.9956E-05
0.0248687 9.99736E-05 0.503568 9.99736E-05 0.0181905 0.0249946 9.99736E-05 0.374193 0.0538853
9.99473E-05 9.99473E-05 0.047726 9.99473E-05 9.99473E-05 9.99473E-05 0.269957 0.681717 9.99473E-05
0.0229386 9.99736E-05 0.0380779 9.99736E-05 9.99736E-05 0.0888645 0.11309 0.717867 0.0188615
9.99561E-05 9.99561E-05 0.174455 9.99561E-05 9.99561E-05 0.0498437 9.99561E-05 0.732209 0.0429921
9.99385E-05 9.99385E-05 0.39662 9.99385E-05 9.99385E-05 9.99385E-05 9.99385E-05 0.60268 9.99385E-05
0.0225113 9.99649E-05 0.214508 9.99649E-05 9.99649E-05 0.0141287 9.99649E-05 0.608885 0.139568
0.0121607 0.0558951 0.27604 9.99736E-05 9.99736E-05 0.0101236 0.160768 0.484713 9.99736E-05
9.9956E-05 0.0832703 0.201386 9.9956E-05 9.9956E-05 9.9956E-05 0.138924 0.57592 9.9956E-05
0.131782 9.99561E-05 0.223079 9.99561E-05 9.99561E-05 0.0242795 9.99561E-05 0.620359 9.99561E-05
9.99649E-05 0.0338709 0.0871868 9.99649E-05 0.00399741 0.0437664 9.99649E-05 0.830779 9.99649E-05
9.99561E-05 0.100814 0.224879 9.99561E-05 9.99561E-05 0.0719364 9.99561E-05 0.601871 9.99561E-05
9.99736E-05 9.99736E-05 0.200746 9.99736E-05 0.00842178 0.0532078 0.0885969 0.621585 0.0271424
9.9956E-05 9.9956E-05 0.179321 9.9956E-05 9.9956E-05 0.036703 9.9956E-05 0.67291 0.110566
9.99649E-05 0.0581571 0.555908 9.99649E-05 0.13075 9.99649E-05 0.0368911 0.217894 9.99649E-05
9.99473E-05 9.99473E-05 0.268538 9.99473E-05 9.99473E-05 0.0206351 9.99473E-05 0.710227 9.99473E-05
9.99736E-05 0.10468 0.553491 9.99736E-05 0.00590659 0.0136266 0.0866261 0.23537 9.99736E-05
9.99561E-05 9.99561E-05 0.259103 9.99561E-05 9.99561E-05 9.99561E-05 0.199017 0.5063 0.03508
0.00629064 0.00590599 9.99562E-05 9.99562E-05 9.99562E-05 9.99562E-05 9.99562E-05 0.902194 0.0851099
0.0388635 0.161347 0.473245 9.99648E-05 9.99648E-05 0.000655579 9.99648E-05 0.325489 9.99648E-05
9.995E-05 0.023608 0.590952 9.995E-05 9.995E-05 9.995E-05 0.0639611 0.320979 9.995E-05
9.99561E-05 0.0576265 0.177359 9.99561E-05 9.99561E-05 0.107683 9.99561E-05 0.656832 9.99561E-05
0.0473659 9.99649E-05 0.333635 9.99649E-05 9.99649E-05 0.0890986 0.0239233 0.505578 9.99649E-05
0.0362211 0.0568355 0.115839 9.99648E-05 9.99648E-05 0.03123 9.99648E-05 0.759474 9.99648E-05
9.9956E-05 0.227584 0.538211 9.9956E-05 9.9956E-05 0.0303655 9.9956E-05 0.203339 9.9956E-05
9.99473E-05 0.064696 0.400855 9.99473E-05 9.99473E-05 9.99473E-05 9.99473E-05 0.533849 9.99473E-05
9.99473E-05 9.99473E-05 0.226051 9.99473E-05 9.99473E-05 9.99473E-05 9.99473E-05 0.752908 0.0204413
0.0239276 9.996E-05 0.102697 9.996E-05 9.996E-05 0.100942 0.0298867 0.742147 9.996E-05
9.99472E-05 9.99472E-05 0.512975 9.99472E-05 9.99472E-05 9.99472E-05 9.99472E-05 0.399041 0.0873846
9.99561E-05 9.99561E-05 0.0103905 9.99561E-05 0.0588821 9.99561E-05 9.99561E-05 0.921222 0.00900607
9.99473E-05 0.0391648 0.0943007 9.99473E-05 9.99473E-05 9.99473E-05 9.99473E-05 0.865935 9.99473E-05
9.99386E-05 9.99386E-05 0.0653808 9.99386E-05 9.99386E-05 9.99386E-05 9.99386E-05 0.93392 9.99386E-05
9.99649E-05 0.0376613 0.0123753 9.99649E-05 9.99649E-05 9.99649E-05 0.0479037 0.88403 0.0176295
9.9956E-05 9.9956E-05 0.548103 9.9956E-05 9.9956E-05 0.0628081 0.130643 0.257946 9.9956E-05
0.00984375 9.99561E-05 0.317602 9.99561E-05 0.0859778 9.99561E-05 9.99561E-05 0.586077 9.99561E-05
9.99474E-05 0.0326764 0.111348 9.99474E-05 9.99474E-05 9.99474E-05 9.99474E-05 0.855376 9.99474E-05
9.99474E-05 9.99474E-05 0.00142207 0.00418152 9.99474E-05 9.99474E-05 9.99474E-05 0.993797 9.99474E-05
9.99736E-05 0.143639 0.38901 9.99736E-05 9.99736E-05 0.0205475 0.19434 0.237987 0.0141766
0.000779145 9.99649E-05 0.368179 9.99649E-05 9.99649E-05 0.058744 9.99649E-05 0.516256 0.0556428
0.120081 9.99649E-05 0.324567 9.99649E-05 9.99649E-05 0.0205048 0.104318 0.430129 9.99649E-05
9.99649E-05 0.00757628 0.62774 9.99649E-05 9.99649E-05 0.0672766 9.99649E-05 0.208694 0.0883138
9.99473E-05 9.99473E-05 0.00320766 9.99473E-05 9.99473E-05 9.99473E-05 0.0581085 0.938084 9.99473E-05
0.0699535 0.0780181 0.257785 9.99648E-05 0.148672 9.99648E-05 9.99648E-05 0.445172 9.99648E-05
9.99474E-05 9.99474E-05 0.117032 9.99474E-05 9.99474E-05 9.99474E-05 0.020292 0.862076 9.99474E-05
9.99561E-05 9.99561E-05 0.289584 9.99561E-05 9.99561E-05 0.0917471 9.99561E-05 0.585852 0.0323172
0.124548 9.99473E-05 0.226853 9.99473E-05 9.99473E-05 9.99473E-05 9.99473E-05 0.647999 9.99473E-05
0.0294166 0.00788844 0.142265 9.99736E-05 9.99736E-05 0.0712294 9.99736E-05 0.700097 0.0488044
9.99648E-05 0.00130903 0.479504 9.99648E-05 0.0126801 9.99648E-05 0.254985 0.251122 9.99648E-05
9.99384E-05 9.99384E-05 0.4255 9.99384E-05 9.99384E-05 9.99384E-05 9.99384E-05 0.573801 9.99384E-05
0.0477471 0.021574 0.254409 9.99648E-05 9.99648E-05 0.0665651 9.99648E-05 0.609305 9.99648E-05
0.0281009 0.141716 0.0628125 9.99561E-05 9.99561E-05 9.99561E-05 9.99561E-05 0.766871 9.99561E-05
9.99473E-05 9.99473E-05 0.341511 9.99473E-05 9.99473E-05 9.99473E-05 0.0030484 0.654841 9.99473E-05
9.99385E-05 0.140129 0.859172 9.99385E-05 9.99385E-05 9.99385E-05 9.99385E-05 9.99385E-05 9.99385E-05
9.993E-05 9.993E-05 0.999201 9.993E-05 9.993E-05 9.993E-05 9.993E-05 9.993E-05 9.993E-05
9.99385E-05 0.109947 0.889354 9.99385E-05 9.99385E-05 9.99385E-05 9.99385E-05 9.99385E-05 9.99385E-05
9.993E-05 9.993E-05 0.999201 9.993E-05 9.993E-05 9.993E-05 9.993E-05 9.993E-05 9.993E-05
9.993E-05 9.993E-05 0.999201 9.993E-05 9.993E-05 9.993E-05 9.993E-05 9.993E-05 9.993E-05
9.993E-05 9.993E-05 0.999201 9.993E-05 9.993E-05 9.993E-05 9.993E-05 9.993E-05 9.993E-05
9.99385E-05 0.129303 0.869998 9.99385E-05 9.99385E-05 9.99385E-05 9.99385E-05 9.99385E-05 9.99385E-05
9.993E-05 9.993E-05 0.999201 9.993E-05 9.993E-05 9.993E-05 9.993E-05 9.993E-05 9.993E-05
9.993E-05 9.993E-05 0.999201 9.993E-05 9.993E-05 9.993E-05 9.993E-05 9.993E-05 9.993E-05
9.99384E-05 0.13647 0.862831 9.99384E-05 9.99384E-05 9.99384E-05 9.99384E-05 9.99384E-05 9.99384E-05
9.99385E-05 0.0962847 0.903016 9.99385E-05 9.99385E-05 9.99385E-05 9.99385E-05 9.99385E-05 9.99385E-05
9.99385E-05 0.111578 0.887722 9.99385E-05 9.99385E-05 9.99385E-05 9.99385E-05 9.99385E-05 9.99385E-05
9.993E-05 9.993E-05 0.999201 9.993E-05 9.993E-05 9.993E-05 9.993E-05 9.993E-05 9.993E-05
9.993E-05 9.993E-05 0.999201 9.993E-05 9.993E-05 9.993E-05 9.993E-05 9.993E-05 9.993E-05
9.99385E-05 0.17919 0.820111 9.99385E-05 9.99385E-05 9.99385E-05 9.99385E-05 9.99385E-05 9.99385E-05
9.99384E-05 0.0721479 0.927152 9.99384E-05 9.99384E-05 9.99384E-05 9.99384E-05 9.99384E-05 9.99384E-05
0.0766517 0.0994679 0.229194 9.99824E-05 0.20828 9.99824E-05 0.0469741 0.325049 0.0141834
9.99472E-05 0.184012 0.814939 9.99472E-05 9.99472E-05 9.99472E-05 9.99472E-05 9.99472E-05 0.000449441
9.993E-05 9.993E-05 0.999201 9.993E-05 9.993E-05 9.993E-05 9.993E-05 9.993E-05 9.993E-05
9.99385E-05 0.146035 0.853265 9.99385E-05 9.99385E-05 9.99385E-05 9.99385E-05 9.99385E-05 9.99385E-05
9.99384E-05 0.0780294 0.921271 9.99384E-05 9.99384E-05 9.99384E-05 9.99384E-05 9.99384E-05 9.99384E-05
9.99385E-05 0.103361 0.89594 9.99385E-05 9.99385E-05 9.99385E-05 9.99385E-05 9.99385E-05 9.99385E-05
9.993E-05 9.993E-05 0.999201 9.993E-05 9.993E-05 9.993E-05 9.993E-05 9.993E-05 9.993E-05
9.99384E-05 0.0941255 0.905175 9.99384E-05 9.99384E-05 9.99384E-05 9.99384E-05 9.99384E-05 9.99384E-05
9.993E-05 9.993E-05 0.999201 9.993E-05 9.993E-05 9.993E-05 9.993E-05 9.993E-05 9.993E-05
9.99385E-05 0.0848799 0.914421 9.99385E-05 9.99385E-05 9.99385E-05 9.99385E-05 9.99385E-05 9.99385E-05
0.00249191 0.0456586 0.95125 9.99473E-05 9.99473E-05 9.99473E-05 9.99473E-05 9.99473E-05 9.99473E-05
9.993E-05 9.993E-05 0.999201 9.993E-05 9.993E-05 9.993E-05 9.993E-05 9.993E-05 9.993E-05
9.993E-05 9.993E-05 0.999201 9.993E-05 9.993E-05 9.993E-05 9.993E-05 9.993E-05 9.993E-05
9.993E-05 9.993E-05 0.999201 9.993E-05 9.993E-05 9.993E-05 9.993E-05 9.993E-05 9.993E-05
9.99561E-05 0.0920514 0.801634 9.99561E-05 9.99561E-05 9.99561E-05 0.0510945 9.99561E-05 0.0547203
9.99385E-05 0.19163 0.807671 9.99385E-05 9.99385E-05 9.99385E-05 9.99385E-05 9.99385E-05 9.99385E-05
9.99385E-05 0.114306 0.884994 9.99385E-05 9.99385E-05 9.99385E-05 9.99385E-05 9.99385E-05 9.99385E-05
9.99385E-05 0.0790132 0.920287 9.99385E-05 9.99385E-05 9.99385E-05 9.99385E-05 9.99385E-05 9.99385E-05
9.99385E-05 0.0491689 0.950132 9.99385E-05 9.99385E-05 9.99385E-05 9.99385E-05 9.99385E-05 9.99385E-05
9.993E-05 9.993E-05 0.999201 9.993E-05 9.993E-05 9.993E-05 9.993E-05 9.993E-05 9.993E-05
9.993E-05 9.993E-05 0.999201 9.993E-05 9.993E-05 9.993E-05 9.993E-05 9.993E-05 9.993E-05
9.993E-05 9.993E-05 0.999201 9.993E-05 9.993E-05 9.993E-05 9.993E-05 9.993E-05 9.993E-05
0.0530087 0.0663908 0.880001 9.99473E-05 9.99473E-05 9.99473E-05 9.99473E-05 9.99473E-05 9.99473E-05
9.993E-05 9.993E-05 0.999201 9.993E-05 9.993E-05 9.993E-05 9.993E-05 9.993E-05 9.993E-05
9.993E-05 9.993E-05 0.999201 9.993E-05 9.993E-05 9.993E-05 9.993E-05 9.993E-05 9.993E-05
9.993E-05 9.993E-05 0.999201 9.993E-05 9.993E-05 9.993E-05 9.993E-05 9.993E-05 9.993E-05
9.993E-05 9.993E-05 0.999201 9.993E-05 9.993E-05 9.993E-05 9.993E-05 9.993E-05 9.993E-05
9.99385E-05 0.0781766 0.921124 9.99385E-05 9.99385E-05 9.99385E-05 9.99385E-05 9.99385E-05 9.99385E-05
9.993E-05 9.993E-05 0.999201 9.993E-05 9.993E-05 9.993E-05 9.993E-05 9.993E-05 9.993E-05
9.993E-05 9.993E-05 0.999201 9.993E-05 9.993E-05 9.993E-05 9.993E-05 9.993E-05 9.993E-05
9.99648E-05 0.173755 0.325221 9.99648E-05 0.091712 9.99648E-05 9.99648E-05 0.330569 0.0783429
9.99473E-05 0.113947 0.864479 9.99473E-05 9.99473E-05 9.99473E-05 0.0209744 9.99473E-05 9.99473E-05
9.993E-05 9.993E-05 0.999201 9.993E-05 9.993E-05 9.993E-05 9.993E-05 9.993E-05 9.993E-05
9.993E-05 9.993E-05 0.999201 9.993E-05 9.993E-05 9.993E-05 9.993E-05 9.993E-05 9.993E-05
9.993E-05 9.993E-05 0.999201 9.993E-05 9.993E-05 9.993E-05 9.993E-05 9.993E-05 9.993E-05
9.993E-05 9.993E-05 0.999201 9.993E-05 9.993E-05 9.993E-05 9.993E-05 9.993E-05 9.993E-05
9.99385E-05 0.0791842 0.920116 9.99385E-05 9.99385E-05 9.99385E-05 9.99385E-05 9.99385E-05 9.99385E-05
9.993E-05 9.993E-05 0.999201 9.993E-05 9.993E-05 9.993E-05 9.993E-05 9.993E-05 9.993E-05
9.99385E-05 0.0791842 0.920116 9.99385E-05 9.99385E-05 9.99385E-05 9.99385E-05 9.99385E-05 9.99385E-05
9.993E-05 9.993E-05 0.999201 9.993E-05 9.993E-05 9.993E-05 9.993E-05 9.993E-05 9.993E-05
9.99385E-05 0.113659 0.885641 9.99385E-05 9.99385E-05 9.99385E-05 9.99385E-05 9.99385E-05 9.99385E-05
9.993E-05 9.993E-05 0.999201 9.993E-05 9.993E-05 9.993E-05 9.993E-05 9.993E-05 9.993E-05
9.993E-05 9.993E-05 0.999201 9.993E-05 9.993E-05 9.993E-05 9.993E-05 9.993E-05 9.993E-05
9.993E-05 9.993E-05 0.999201 9.993E-05 9.993E-05 9.993E-05 9.993E-05 9.993E-05 9.993E-05
9.993E-05 9.993E-05 0.999201 9.993E-05 9.993E-05 9.993E-05 9.993E-05 9.993E-05 9.993E-05
9.993E-05 9.993E-05 0.999201 9.993E-05 9.993E-05 9.993E-05 9.993E-05 9.993E-05 9.993E-05
9.993E-05 9.993E-05 0.999201 9.993E-05 9.993E-05 9.993E-05 9.993E-05 9.993E-05 9.993E-05
9.99385E-05 0.127849 0.871451 9.99385E-05 9.99385E-05 9.99385E-05 9.99385E-05 9.99385E-05 9.99385E-05
9.99385E-05 0.0960337 0.903267 9.99385E-05 9.99385E-05 9.99385E-05 9.99385E-05 9.99385E-05 9.99385E-05
9.99385E-05 0.17903 0.820271 9.99385E-05 9.99385E-05 9.99385E-05 9.99385E-05 9.99385E-05 9.99385E-05
9.993E-05 9.993E-05 0.999201 9.993E-05 9.993E-05 9.993E-05 9.993E-05 9.993E-05 9.993E-05
9.99384E-05 0.117132 0.882168 9.99384E-05 9.99384E-05 9.99384E-05 9.99384E-05 9.99384E-05 9.99384E-05
9.99385E-05 0.0405 0.9588 9.99385E-05 9.99385E-05 9.99385E-05 9.99385E-05 9.99385E-05 9.99385E-05
9.99385E-05 0.116126 0.883174 9.99385E-05 9.99385E-05 9.99385E-05 9.99385E-05 9.99385E-05 9.99385E-05
9.993E-05 9.993E-05 0.999201 9.993E-05 9.993E-05 9.993E-05 9.993E-05 9.993E-05 9.993E-05
9.993E-05 9.993E-05 0.999201 9.993E-05 9.993E-05 9.993E-05 9.993E-05 9.993E-05 9.993E-05
9.993E-05 9.993E-05 0.999201 9.993E-05 9.993E-05 9.993E-05 9.993E-05 9.993E-05 9.993E-05
9.99385E-05 0.0526518 0.946649 9.99385E-05 9.99385E-05 9.99385E-05 9.99385E-05 9.99385E-05 9.99385E-05
9.993E-05 9.993E-05 0.999201 9.993E-05 9.993E-05 9.993E-05 9.993E-05 9.993E-05 9.993E-05
9.993E-05 9.993E-05 0.999201 9.993E-05 9.993E-05 9.993E-05 9.993E-05 9.993E-05 9.993E-05
9.99384E-05 0.112529 0.886771 9.99384E-05 9.99384E-05 9.99384E-05 9.99384E-05 9.99384E-05 9.99384E-05
9.993E-05 9.993E-05 0.999201 9.993E-05 9.993E-05 9.993E-05 9.993E-05 9.993E-05 9.993E-05
9.993E-05 9.993E-05 0.999201 9.993E-05 9.993E-05 9.993E-05 9.993E-05 9.993E-05 9.993E-05
0.0149946 0.0652304 0.363135 9.99824E-05 9.99824E-05 0.11528 0.144482 0.169482 0.127196
9.99385E-05 0.130742 0.868559 9.99385E-05 9.99385E-05 9.99385E-05 9.99385E-05 9.99385E-05 9.99385E-05
9.993E-05 9.993E-05 0.999201 9.993E-05 9.993E-05 9.993E-05 9.993E-05 9.993E-05 9.993E-05
0.0495702 9.99561E-05 0.516684 9.99561E-05 9.99561E-05 0.0631581 9.99561E-05 0.370088 9.99561E-05
9.99737E-05 0.0873204 0.397204 9.99737E-05 0.13081 0.0199691 9.99737E-05 0.335053 0.0293433
9.9956E-05 0.0847217 0.480422 9.9956E-05 9.9956E-05 9.9956E-05 0.0666797 0.367677 9.9956E-05
0.0755387 0.0736962 0.157306 9.99648E-05 9.99648E-05 9.99648E-05 9.99648E-05 0.616726 0.0763329
9.99561E-05 9.99561E-05 0.60717 9.99561E-05 9.99561E-05 9.99561E-05 0.0850014 0.258457 0.048871
9.99562E-05 9.99562E-05 0.162745 0.00696522 9.99562E-05 9.99562E-05 0.00328636 0.826504 9.99562E-05
9.99649E-05 0.0222836 0.632033 9.99649E-05 0.11894 0.0357406 9.99649E-05 0.190603 9.99649E-05
9.99648E-05 0.00566989 0.279936 9.99648E-05 9.99648E-05 0.148193 9.99648E-05 0.513591 0.0522108
9.99474E-05 9.99474E-05 0.278851 9.99474E-05 9.99474E-05 9.99474E-05 9.99474E-05 0.690787 0.029762
9.9956E-05 0.079456 0.137317 9.9956E-05 0.109308 9.9956E-05 9.9956E-05 0.673419 9.9956E-05
9.99561E-05 9.99561E-05 0.271533 9.99561E-05 9.99561E-05 0.113737 0.0303991 0.583831 9.99561E-05
9.99385E-05 9.99385E-05 0.725338 9.99385E-05 9.99385E-05 9.99385E-05 9.99385E-05 0.273963 9.99385E-05
0.113719 9.99649E-05 0.536748 9.99649E-05 9.99649E-05 9.99649E-05 0.0750947 0.208731 0.0653076
9.9956E-05 0.01236 0.155357 9.9956E-05 9.9956E-05 9.9956E-05 9.9956E-05 0.695491 0.136293
9.99472E-05 9.99472E-05 0.449734 9.99472E-05 9.99472E-05 0.0649523 9.99472E-05 0.484714 9.99472E-05
9.99648E-05 9.99648E-05 0.55054 9.99648E-05 0.0876677 0.0598764 0.11245 0.189066 9.99648E-05
9.99473E-05 0.0410313 0.297065 9.99473E-05 9.99473E-05 9.99473E-05 9.99473E-05 0.661304 9.99473E-05
0.0881834 0.0147316 0.445268 9.99824E-05 9.99824E-05 0.0792417 0.0251749 0.318133 0.0290678
9.99648E-05 0.0858808 0.256868 9.99648E-05 9.99648E-05 0.0536454 0.117268 0.485938 9.99648E-05
0.05607 0.0365511 0.414104 9.99648E-05 9.99648E-05 9.99648E-05 9.99648E-05 0.465134 0.027741
9.9956E-05 0.0526762 0.234446 9.9956E-05 0.217817 9.9956E-05 9.9956E-05 0.494561 9.9956E-05
0.0629264 9.99649E-05 0.253364 9.99649E-05 0.0995225 0.000756424 9.99649E-05 0.58303 9.99649E-05
0.0960357 0.0527857 0.432702 9.99736E-05 9.99736E-05 0.0294844 9.99736E-05 0.370997 0.0176952
9.99648E-05 9.99648E-05 0.281531 9.99648E-05 0.121287 0.0364412 9.99648E-05 0.519982 0.0403584
9.9956E-05 0.0533446 0.116495 9.9956E-05 9.9956E-05 9.9956E-05 9.9956E-05 0.658523 0.171137
9.99385E-05 9.99385E-05 9.99385E-05 9.99385E-05 9.99385E-05 9.99385E-05 0.0631773 0.936123 9.99385E-05
9.99736E-05 0.0290929 0.214667 9.99736E-05 0.183846 9.99736E-05 0.016317 0.527166 0.0286112
0.00702424 0.0305992 0.588888 9.99648E-05 9.99648E-05 9.99648E-05 9.99648E-05 0.300081 0.0730075
0.0367449 0.111563 0.111805 9.99736E-05 0.0316955 9.99736E-05 9.99736E-05 0.600903 0.106989
9.9956E-05 0.0800653 0.340433 9.9956E-05 9.9956E-05 9.9956E-05 9.9956E-05 0.447714 0.131288
9.99648E-05 9.99648E-05 0.63092 9.99648E-05 0.0984181 0.0266732 0.0339362 0.209653 9.99648E-05
9.99561E-05 9.99561E-05 0.466587 9.99561E-05 9.99561E-05 0.0058615 0.00980762 0.517244 9.99561E-05
9.9956E-05 9.9956E-05 0.384016 9.9956E-05 0.0977087 9.9956E-05 0.225828 0.291947 9.9956E-05
9.99648E-05 9.99648E-05 0.396606 9.99648E-05 0.0699018 0.0139821 9.99648E-05 0.389908 0.129202
9.9956E-05 9.9956E-05 0.405687 9.9956E-05 9.9956E-05 0.136912 9.9956E-05 0.435762 0.0211381
9.99473E-05 9.99473E-05 0.297308 9.99473E-05 0.0236351 9.99473E-05 9.99473E-05 0.678457 9.99473E-05
9.993E-05 9.993E-05 9.993E-05 9.993E-05 9.993E-05 9.993E-05 9.993E-05 0.999201 9.993E-05
0.157505 9.99648E-05 0.234009 9.99648E-05 9.99648E-05 0.103177 0.138801 0.366108 9.99648E-05
0.0791989 9.99561E-05 0.151892 9.99561E-05 9.99561E-05 0.135792 9.99561E-05 0.632618 9.99561E-05
9.99473E-05 9.99473E-05 0.372535 9.99473E-05 0.267775 9.99473E-05 9.99473E-05 0.359091 9.99473E-05
9.9956E-05 0.0410598 0.369866 9.9956E-05 9.9956E-05 9.9956E-05 9.9956E-05 0.551209 0.0373664
9.99561E-05 0.0703724 0.182278 9.99561E-05 0.0994133 9.99561E-05 9.99561E-05 0.647436 9.99561E-05
9.99472E-05 9.99472E-05 0.417035 9.99472E-05 0.180069 9.99472E-05 9.99472E-05 0.402297 9.99472E-05
9.99649E-05 9.99649E-05 0.649905 9.99649E-05 0.0408792 9.99649E-05 0.132019 0.137265 0.0395325
9.99561E-05 9.99561E-05 0.729858 9.99561E-05 9.99561E-05 9.99561E-05 0.10442 0.155735 0.0094875
9.99736E-05 0.00636249 0.292224 9.99736E-05 0.0872818 0.0182418 9.99736E-05 0.565073 0.0305172
9.993E-05 9.993E-05 9.993E-05 9.993E-05 9.993E-05 9.993E-05 9.993E-05 0.999201 9.993E-05
9.9956E-05 9.9956E-05 0.361988 9.9956E-05 0.110294 0.0389123 9.9956E-05 0.488305 9.9956E-05
9.993E-05 9.993E-05 9.993E-05 9.993E-05 9.993E-05 9.993E-05 9.993E-05 0.999201 9.993E-05
0.123393 9.99648E-05 0.3819 9.99648E-05 0.0306149 9.99648E-05 0.262572 0.20112 9.99648E-05
9.99386E-05 9.99386E-05 9.99386E-05 9.99386E-05 9.99386E-05 9.99386E-05 0.205309 0.793991 9.99386E-05
9.99561E-05 9.99561E-05 0.300865 9.99561E-05 9.99561E-05 0.0459815 0.022961 0.629693 9.99561E-05
9.99648E-05 9.99648E-05 0.1909 9.99648E-05 0.215743 0.0261321 0.281877 0.284949 9.99648E-05
9.99472E-05 9.99472E-05 0.305486 9.99472E-05 9.99472E-05 9.99472E-05 0.269078 0.424836 9.99472E-05
0.0861829 0.0131938 0.168776 9.99648E-05 0.202386 9.99648E-05 9.99648E-05 0.529061 9.99648E-05
9.99473E-05 0.032679 0.517656 9.99473E-05 9.99473E-05 9.99473E-05 9.99473E-05 0.449065 9.99473E-05
9.99474E-05 9.99474E-05 0.186206 9.99474E-05 9.99474E-05 9.99474E-05 0.138883 0.674312 9.99474E-05
9.99473E-05 9.99473E-05 0.308067 9.99473E-05 9.99473E-05 9.99473E-05 0.00759198 0.683741 9.99473E-05
9.99473E-05 0.0331656 0.373157 9.99473E-05 9.99473E-05 9.99473E-05 9.99473E-05 0.593078 9.99473E-05
9.99473E-05 9.99473E-05 0.415049 9.99473E-05 9.99473E-05 9.99473E-05 0.125346 0.459005 9.99473E-05
9.99385E-05 9.99385E-05 0.00782952 9.99385E-05 9.99385E-05 9.99385E-05 9.99385E-05 0.991471 9.99385E-05
9.99386E-05 9.99386E-05 0.0825155 9.99386E-05 9.99386E-05 9.99386E-05 9.99386E-05 0.916785 9.99386E-05
9.99474E-05 9.99474E-05 0.176483 0.0273459 9.99474E-05 9.99474E-05 9.99474E-05 0.795571 9.99474E-05
9.99649E-05 0.0196889 0.314763 9.99649E-05 9.99649E-05 0.125377 9.99649E-05 0.515253 0.0245184
9.9956E-05 0.0394793 0.376835 9.9956E-05 9.9956E-05 0.0907691 9.9956E-05 0.492417 9.9956E-05
9.99473E-05 9.99473E-05 0.331533 9.99473E-05 0.0500671 9.99473E-05 9.99473E-05 0.617801 9.99473E-05
9.99386E-05 9.99386E-05 0.087496 9.99386E-05 9.99386E-05 9.99386E-05 9.99386E-05 0.911804 9.99386E-05
9.99561E-05 9.99561E-05 0.569335 9.99561E-05 9.99561E-05 0.0210713 0.0871435 0.32195 9.99561E-05
9.99648E-05 0.0442359 0.401343 9.99648E-05 0.00437343 0.101781 9.99648E-05 0.447867 9.99648E-05
9.99474E-05 0.0036225 9.99474E-05 9.99474E-05 9.99474E-05 9.99474E-05 0.205961 0.789816 9.99474E-05
9.99561E-05 0.0428054 0.214099 9.99561E-05 9.99561E-05 9.99561E-05 0.310874 0.431722 9.99561E-05
9.99474E-05 9.99474E-05 9.99474E-05 0.0892092 9.99474E-05 9.99474E-05 0.141732 0.76846 9.99474E-05
9.99385E-05 9.99385E-05 0.631444 9.99385E-05 9.99385E-05 9.99385E-05 9.99385E-05 0.367856 9.99385E-05
0.138442 0.0387331 9.99737E-05 9.99737E-05 9.99737E-05 0.0403731 0.280214 0.394497 0.107442
9.99473E-05 9.99473E-05 0.0679239 9.99473E-05 9.99473E-05 9.99473E-05 0.0446412 0.886835 9.99473E-05
9.99473E-05 9.99473E-05 0.245904 9.99473E-05 9.99473E-05 9.99473E-05 0.247755 0.505742 9.99473E-05
9.99386E-05 9.99386E-05 9.99386E-05 9.99386E-05 9.99386E-05 9.99386E-05 0.152418 0.846882 9.99386E-05
9.99648E-05 9.99648E-05 0.102334 9.99648E-05 0.112673 0.026952 9.99648E-05 0.734774 0.0228669
9.99386E-05 9.99386E-05 9.99386E-05 9.99386E-05 9.99386E-05 9.99386E-05 0.124757 0.874543 9.99386E-05
9.99561E-05 9.99561E-05 0.555061 9.99561E-05 9.99561E-05 0.0658532 0.0331599 0.345426 9.99561E-05
9.99561E-05 9.99561E-05 0.315306 9.99561E-05 0.162607 0.00812581 9.99561E-05 0.513462 9.99561E-05
9.99648E-05 0.0423439 0.332972 9.99648E-05 0.171825 0.0786085 9.99648E-05 0.37385 9.99648E-05
9.99386E-05 9.99386E-05 9.99386E-05 9.99386E-05 9.99386E-05 9.99386E-05 0.0741734 0.925127 9.99386E-05
9.99473E-05 9.99473E-05 0.355092 9.99473E-05 9.99473E-05 0.00684237 9.99473E-05 0.637466 9.99473E-05
9.99737E-05 0.135479 0.206592 9.99737E-05 9.99737E-05 0.100063 0.288273 0.261998 0.00729485
9.99473E-05 9.99473E-05 0.0372367 9.99473E-05 9.99473E-05 9.99473E-05 0.196082 0.766082 9.99473E-05
9.99648E-05 0.0186904 0.259155 9.99648E-05 9.99648E-05 0.00936218 9.99648E-05 0.551609 0.160784
9.99561E-05 9.99561E-05 0.634742 9.99561E-05 9.99561E-05 0.00105217 9.99561E-05 0.343026 0.0206809
0.0809084 0.0348591 0.394442 9.99561E-05 9.99561E-05 9.99561E-05 9.99561E-05 0.489291 9.99561E-05
0.00349967 0.0278569 0.514264 9.99649E-05 9.99649E-05 0.0966773 9.99649E-05 0.357303 9.99649E-05
9.99649E-05 0.213271 0.125603 9.99649E-05 0.0176611 9.99649E-05 0.145305 0.497761 9.99649E-05
9.99648E-05 9.99648E-05 0.342778 9.99648E-05 9.99648E-05 0.0117365 0.358932 0.186693 0.09946
9.99561E-05 9.99561E-05 0.612478 0.0150325 9.99561E-05 9.99561E-05 0.0928746 0.279115 9.99561E-05
0.106494 0.0842289 0.0680783 9.99736E-05 9.99736E-05 0.117107 0.26563 0.358161 9.99736E-05
9.99473E-05 9.99473E-05 0.270033 9.99473E-05 9.99473E-05 9.99473E-05 0.116747 0.61262 9.99473E-05
9.99386E-05 9.99386E-05 9.99386E-05 9.99386E-05 9.99386E-05 9.99386E-05 0.233956 0.765345 9.99386E-05
9.99472E-05 9.99472E-05 0.359805 9.99472E-05 0.266928 9.99472E-05 9.99472E-05 0.372667 9.99472E-05
9.99648E-05 9.99648E-05 0.373183 9.99648E-05 0.0661968 0.113653 0.0403543 0.406213 9.99648E-05
9.99561E-05 9.99561E-05 0.378272 9.99561E-05 9.99561E-05 0.0155174 9.99561E-05 0.532269 0.0734415
9.99561E-05 0.0879904 0.497859 9.99561E-05 9.99561E-05 9.99561E-05 0.0955991 0.318051 9.99561E-05
0.0526346 0.0300473 0.22927 9.99824E-05 0.150719 0.0773841 9.99824E-05 0.37048 0.0892642
9.99648E-05 0.0422447 0.468622 9.99648E-05 0.00876456 9.99648E-05 9.99648E-05 0.47196 0.00800906
0.0489774 0.135619 0.201707 9.99824E-05 9.99824E-05 0.0663673 0.232015 0.222488 0.0926263
9.99649E-05 9.99649E-05 0.0813811 0.0454991 9.99649E-05 9.99649E-05 0.0830239 0.757997 0.0316995
9.99475E-05 9.99475E-05 0.151414 9.99475E-05 9.99475E-05 9.99475E-05 0.119704 0.728282 9.99475E-05
9.99649E-05 0.0239256 0.4075 9.99649E-05 9.99649E-05 0.00847034 0.070123 0.489582 9.99649E-05
0.0927201 0.042409 0.0981844 9.99736E-05 9.99736E-05 9.99736E-05 0.346672 0.302915 0.1168
9.99386E-05 9.99386E-05 9.99386E-05 9.99386E-05 9.99386E-05 9.99386E-05 0.108532 0.890769 9.99386E-05
9.993E-05 9.993E-05 9.993E-05 9.993E-05 9.993E-05 9.993E-05 0.0923235 0.906977 9.993E-05
9.99736E-05 0.0874086 0.211682 9.99736E-05 9.99736E-05 0.00141668 0.0051128 0.657671 0.0364093
9.99561E-05 0.0324595 0.331912 9.99561E-05 9.99561E-05 9.99561E-05 9.99561E-05 0.589544 0.0455847
9.99561E-05 0.022793 0.105743 9.99561E-05 9.99561E-05 0.0344637 9.99561E-05 0.836501 9.99561E-05
9.99472E-05 9.99472E-05 0.477796 9.99472E-05 0.0695108 9.99472E-05 9.99472E-05 0.452093 9.99472E-05
0.0129515 0.0582831 0.383789 9.99648E-05 0.133851 9.99648E-05 9.99648E-05 0.410726 9.99648E-05
0.0699149 0.190877 0.30947 9.99736E-05 9.99736E-05 0.101688 0.0101295 0.31762 9.99736E-05
9.99473E-05 9.99473E-05 0.455693 9.99473E-05 9.99473E-05 9.99473E-05 0.0665427 0.477164 9.99473E-05
9.9956E-05 9.9956E-05 0.343881 9.9956E-05 0.0695159 9.9956E-05 0.0732623 0.512841 9.9956E-05
9.99736E-05 0.0408416 0.307889 9.99736E-05 9.99736E-05 0.0147221 0.020209 0.477328 0.13871
9.99561E-05 0.0462967 0.0380557 9.99561E-05 9.99561E-05 0.0345898 9.99561E-05 0.880558 9.99561E-05
0.106361 0.0548683 0.181775 9.99824E-05 0.0188901 0.0949747 0.286194 0.256737 9.99824E-05
9.9956E-05 9.9956E-05 0.280997 9.9956E-05 9.9956E-05 0.0181968 9.9956E-05 0.554431 0.145875
9.9956E-05 0.0415942 0.442635 9.9956E-05 9.9956E-05 0.16243 9.9956E-05 0.352841 9.9956E-05
9.99648E-05 0.0179157 0.234852 9.99648E-05 0.0964844 9.99648E-05 0.325686 0.324662 9.99648E-05
9.99561E-05 9.99561E-05 0.353218 9.99561E-05 0.150824 0.0325044 9.99561E-05 0.462954 9.99561E-05
9.99386E-05 9.99386E-05 9.99386E-05 9.99386E-05 9.99386E-05 9.99386E-05 0.38599 0.613311 9.99386E-05
9.99648E-05 0.0122272 0.427406 9.99648E-05 9.99648E-05 0.100336 9.99648E-05 0.412955 0.0466759
9.99561E-05 0.0255048 0.093771 9.99561E-05 9.99561E-05 9.99561E-05 0.0511522 0.829072 9.99561E-05
9.99474E-05 9.99474E-05 0.0440455 9.99474E-05 9.99474E-05 9.99474E-05 0.239732 0.715622 9.99474E-05
0.00563084 9.99736E-05 0.522857 9.99736E-05 0.00576935 0.102836 0.00502534 0.357582 9.99736E-05
9.99648E-05 0.0417085 0.330935 9.99648E-05 9.99648E-05 0.0520579 0.116936 0.457963 9.99648E-05
9.99561E-05 9.99561E-05 0.226066 9.99561E-05 0.175118 0.118217 0.480099 9.99561E-05 9.99561E-05
9.99649E-05 0.0212337 0.171106 9.99649E-05 0.233018 0.0250798 0.549163 9.99649E-05 9.99649E-05
0.0592308 9.99649E-05 0.253931 9.99649E-05 0.15557 0.0847504 0.446118 9.99649E-05 9.99649E-05
9.99737E-05 0.0614922 0.0573676 9.99737E-05 0.151574 0.0431835 0.641902 0.0441806 9.99737E-05
0.135324 0.0356968 0.156275 9.99824E-05 9.99824E-05 0.0463278 0.484696 0.0536809 0.0878001
9.99649E-05 0.0172395 0.162179 0.255288 0.0427412 9.99649E-05 0.522152 9.99649E-05 9.99649E-05
9.99736E-05 9.99736E-05 0.528377 0.0533214 0.119746 0.0684954 0.201386 9.99736E-05 0.0283734
0.236846 0.0211329 0.113663 9.99737E-05 0.0112962 0.0312262 0.585535 9.99737E-05 9.99737E-05
0.148629 0.0180771 9.99825E-05 0.0819835 9.99825E-05 0.0286891 0.54609 0.100733 0.0755988
9.99473E-05 9.99473E-05 0.184244 9.99473E-05 0.151916 9.99473E-05 0.66324 9.99473E-05 9.99473E-05
9.99648E-05 0.126092 0.23604 9.99648E-05 0.15199 0.190085 0.295392 9.99648E-05 9.99648E-05
9.99649E-05 0.186893 0.0842321 0.231218 9.99649E-05 9.99649E-05 0.450292 0.0469646 9.99649E-05
0.103715 0.0156878 0.365056 9.99736E-05 0.0871296 0.0391228 0.38899 9.99736E-05 9.99736E-05
9.99387E-05 9.99387E-05 9.99387E-05 0.335772 9.99387E-05 9.99387E-05 0.663528 9.99387E-05 9.99387E-05
0.0270999 0.0423079 0.225477 0.073786 9.99912E-05 0.136176 0.446496 0.0275599 0.020997
9.9956E-05 9.9956E-05 0.344624 9.9956E-05 0.207071 0.0811609 0.366645 9.9956E-05 9.9956E-05
9.99737E-05 9.99737E-05 0.212706 0.000634116 0.06888 0.156986 0.559111 0.00138356 9.99737E-05
0.0556481 0.09461 0.0883989 0.0216738 0.129543 9.99737E-05 0.609826 9.99737E-05 9.99737E-05
0.114053 0.0467246 0.109147 9.99649E-05 9.99649E-05 0.199468 0.530208 9.99649E-05 9.99649E-05
9.99473E-05 9.99473E-05 0.274965 9.99473E-05 0.174062 9.99473E-05 0.550373 9.99473E-05 9.99473E-05
0.0395348 0.0457502 0.433352 0.0110188 0.0438845 0.0606304 0.365629 9.99825E-05 9.99825E-05
9.99737E-05 9.99737E-05 0.257818 0.123782 0.0583631 0.155377 0.37832 0.0260402 9.99737E-05
9.99824E-05 0.100084 0.305087 0.147069 0.0432906 0.0846506 0.28874 9.99824E-05 0.0308797
9.99384E-05 9.99384E-05 9.99384E-05 9.99384E-05 9.99384E-05 9.99384E-05 0.966103 9.99384E-05 0.0331973
9.99384E-05 9.99384E-05 0.0742212 9.99384E-05 9.99384E-05 9.99384E-05 0.925079 9.99384E-05 9.99384E-05
9.99384E-05 9.99384E-05 0.0715663 9.99384E-05 9.99384E-05 9.99384E-05 0.927734 9.99384E-05 9.99384E-05
0.0283592 0.0403294 0.113251 9.9956E-05 9.9956E-05 9.9956E-05 0.817561 9.9956E-05 9.9956E-05
9.993E-05 9.993E-05 9.993E-05 9.993E-05 9.993E-05 9.993E-05 0.999201 9.993E-05 9.993E-05
9.99385E-05 9.99385E-05 0.09245 9.99385E-05 9.99385E-05 9.99385E-05 0.90685 9.99385E-05 9.99385E-05
9.99384E-05 9.99384E-05 0.0418273 9.99384E-05 9.99384E-05 9.99384E-05 0.957473 9.99384E-05 9.99384E-05
9.99386E-05 9.99386E-05 0.0148882 9.99386E-05 9.99386E-05 9.99386E-05 0.984412 9.99386E-05 9.99386E-05
0.00835224 0.0304126 0.213872 9.9956E-05 9.9956E-05 9.9956E-05 0.746863 9.9956E-05 9.9956E-05
9.99472E-05 9.99472E-05 0.239891 9.99472E-05 9.99472E-05 0.0394966 0.720013 9.99472E-05 9.99472E-05
9.99384E-05 9.99384E-05 9.99384E-05 9.99384E-05 9.99384E-05 9.99384E-05 0.999185 9.99384E-05 0.000115822
9.993E-05 9.993E-05 9.993E-05 9.993E-05 9.993E-05 9.993E-05 0.999201 9.993E-05 9.993E-05
9.99472E-05 9.99472E-05 0.267716 9.99472E-05 9.99472E-05 0.0134515 0.718233 9.99472E-05 9.99472E-05
9.993E-05 9.993E-05 9.993E-05 9.993E-05 9.993E-05 9.993E-05 0.999201 9.993E-05 9.993E-05
9.993E-05 9.993E-05 9.993E-05 9.993E-05 9.993E-05 9.993E-05 0.999201 9.993E-05 9.993E-05
9.99385E-05 9.99385E-05 9.99385E-05 9.99385E-05 0.0510364 9.99385E-05 0.948264 9.99385E-05 9.99385E-05
9.99384E-05 9.99384E-05 9.99384E-05 9.99384E-05 9.99384E-05 9.99384E-05 0.986019 9.99384E-05 0.0132811
9.99385E-05 9.99385E-05 0.00139351 9.99385E-05 9.99385E-05 9.99385E-05 0.997907 9.99385E-05 9.99385E-05
9.99385E-05 9.99385E-05 0.064097 9.99385E-05 9.99385E-05 9.99385E-05 0.935203 9.99385E-05 9.99385E-05
9.993E-05 9.993E-05 9.993E-05 9.993E-05 9.993E-05 9.993E-05 0.999201 9.993E-05 9.993E-05
9.99384E-05 9.99384E-05 0.346342 9.99384E-05 9.99384E-05 9.99384E-05 0.652958 9.99384E-05 9.99384E-05
9.993E-05 9.993E-05 9.993E-05 9.993E-05 9.993E-05 9.993E-05 0.999201 9.993E-05 9.993E-05
9.99384E-05 9.99384E-05 0.33034 9.99384E-05 9.99384E-05 9.99384E-05 0.668961 9.99384E-05 9.99384E-05
9.99474E-05 9.99474E-05 0.0331133 9.99474E-05 9.99474E-05 9.99474E-05 9.99474E-05 0.891393 0.0748943
9.993E-05 9.993E-05 9.993E-05 9.993E-05 9.993E-05 9.993E-05 0.999201 9.993E-05 9.993E-05
9.993E-05 9.993E-05 9.993E-05 9.993E-05 9.993E-05 9.993E-05 0.999201 9.993E-05 9.993E-05
0.0551299 9.9956E-05 0.124037 9.9956E-05 9.9956E-05 0.0655213 0.754812 9.9956E-05 9.9956E-05
9.993E-05 9.993E-05 9.993E-05 9.993E-05 9.993E-05 9.993E-05 0.999201 9.993E-05 9.993E-05
9.99384E-05 9.99384E-05 0.266724 9.99384E-05 9.99384E-05 9.99384E-05 0.732577 9.99384E-05 9.99384E-05
9.993E-05 9.993E-05 9.993E-05 9.993E-05 9.993E-05 9.993E-05 0.999201 9.993E-05 9.993E-05
9.993E-05 9.993E-05 9.993E-05 9.993E-05 9.993E-05 9.993E-05 0.999201 9.993E-05 9.993E-05
9.993E-05 9.993E-05 9.993E-05 9.993E-05 9.993E-05 9.993E-05 0.999201 9.993E-05 9.993E-05
9.99385E-05 9.99385E-05 0.00618789 9.99385E-05 9.99385E-05 9.99385E-05 0.993113 9.99385E-05 9.99385E-05
9.99472E-05 9.99472E-05 0.0742864 9.99472E-05 0.0379209 9.99472E-05 0.887193 9.99472E-05 9.99472E-05
