9.98946E-05 0.237208 9.98946E-05 0.4443 0.0158682 9.98946E-05 9.98946E-05 0.0664882 0.0429937 9.98946E-05 0.134143 0.0123227 9.98946E-05 9.98946E-05 9.98946E-05 9.98946E-05 9.98946E-05 9.98946E-05 9.98946E-05 0.0454772
9.98597E-05 9.98597E-05 9.98597E-05 0.820719 0.0718151 9.98597E-05 9.98597E-05 0.0984361 9.98597E-05 9.98597E-05 9.98597E-05 9.98597E-05 9.98597E-05 9.98597E-05 9.98597E-05 9.98597E-05 9.98597E-05 9.98597E-05 0.00743184 9.98597E-05
9.98597E-05 9.98597E-05 0.887576 0.00126423 9.98597E-05 9.98597E-05 0.0354556 9.98597E-05 9.98597E-05 9.98597E-05 0.0741065 9.98597E-05 9.98597E-05 9.98597E-05 9.98597E-05 9.98597E-05 9.98597E-05 9.98597E-05 9.98597E-05 9.98597E-05
0.146452 0.0639975 9.98947E-05 0.34136 9.98947E-05 0.0871746 0.146063 9.98947E-05 9.98947E-05 9.98947E-05 9.98947E-05 9.98947E-05 0.0173715 9.98947E-05 9.98947E-05 9.98947E-05 9.98947E-05 9.98947E-05 0.193178 0.00320489
9.98596E-05 9.98596E-05 0.831573 9.98596E-05 9.98596E-05 9.98596E-05 0.0301173 0.051168 9.98596E-05 9.98596E-05 9.98596E-05 9.98596E-05 9.98596E-05 0.0855435 9.98596E-05 9.98596E-05 9.98596E-05 9.98596E-05 9.98596E-05 9.98596E-05
9.98947E-05 9.98947E-05 0.0701331 0.171722 0.188003 9.98947E-05 0.214773 9.98947E-05 9.98947E-05 0.174226 9.98947E-05 9.98947E-05 0.112845 0.0665712 9.98947E-05 0.000528904 9.98947E-05 9.98947E-05 9.98947E-05 9.98947E-05
0.0120248 0.113358 0.00566818 0.322112 0.0267266 9.99123E-05 9.99123E-05 0.172588 9.99123E-05 9.99123E-05 9.99123E-05 0.0456908 9.99123E-05 9.99123E-05 9.99123E-05 0.108865 9.99123E-05 9.99123E-05 0.0831869 0.10878
9.99123E-05 0.141253 9.99123E-05 0.254331 0.0503657 9.99123E-05 9.99123E-05 9.99123E-05 0.0391544 9.99123E-05 9.99123E-05 9.99123E-05 0.131675 0.158454 0.117714 0.00708862 9.99123E-05 9.99123E-05 0.0602317 0.0387333
0.0632067 9.98859E-05 0.275546 0.0257307 9.98859E-05 9.98859E-05 9.98859E-05 0.0185389 9.98859E-05 9.98859E-05 0.202536 0.186933 0.22621 9.98859E-05 9.98859E-05 9.98859E-05 9.98859E-05 9.98859E-05 9.98859E-05 9.98859E-05
9.98596E-05 9.98596E-05 0.561746 0.374033 9.98596E-05 9.98596E-05 9.98596E-05 9.98596E-05 0.0352227 9.98596E-05 0.0274004 9.98596E-05 9.98596E-05 9.98596E-05 9.98596E-05 9.98596E-05 9.98596E-05 9.98596E-05 9.98596E-05 9.98596E-05
9.98684E-05 0.00615354 9.98684E-05 0.634793 9.98684E-05 9.98684E-05 9.98684E-05 9.98684E-05 9.98684E-05 9.98684E-05 0.135013 9.98684E-05 0.0382532 9.98684E-05 9.98684E-05 9.98684E-05 9.98684E-05 9.98684E-05 9.98684E-05 0.18429
9.98597E-05 9.98597E-05 0.0252887 0.940342 9.98597E-05 9.98597E-05 9.98597E-05 9.98597E-05 9.98597E-05 0.0189888 9.98597E-05 9.98597E-05 9.98597E-05 9.98597E-05 0.0137828 9.98597E-05 9.98597E-05 9.98597E-05 9.98597E-05 9.98597E-05
9.98684E-05 0.129769 0.602209 0.233316 9.98684E-05 9.98684E-05 9.98684E-05 9.98684E-05 9.98684E-05 9.98684E-05 0.0266191 9.98684E-05 9.98684E-05 9.98684E-05 9.98684E-05 9.98684E-05 9.98684E-05 9.98684E-05 9.98684E-05 0.00658891
9.98772E-05 0.0519632 9.98772E-05 0.690691 9.98772E-05 9.98772E-05 9.98772E-05 9.98772E-05 9.98772E-05 9.98772E-05 0.0228426 9.98772E-05 9.98772E-05 9.98772E-05 0.0246341 9.98772E-05 0.18671 9.98772E-05 9.98772E-05 0.0217609
0.0361632 9.98771E-05 0.382029 9.98771E-05 0.186439 9.98771E-05 0.118641 9.98771E-05 9.98771E-05 9.98771E-05 0.125281 9.98771E-05 0.150048 9.98771E-05 9.98771E-05 9.98771E-05 9.98771E-05 9.98771E-05 9.98771E-05 9.98771E-05
0.0128827 0.114485 9.98946E-05 0.273467 0.148641 9.98946E-05 9.98946E-05 9.98946E-05 9.98946E-05 9.98946E-05 0.0873787 9.98946E-05 0.186749 9.98946E-05 0.137952 9.98946E-05 9.98946E-05 9.98946E-05 0.0372452 9.98946E-05
0.0931417 9.9886E-05 0.592155 9.9886E-05 9.9886E-05 9.9886E-05 9.9886E-05 0.0462138 9.9886E-05 9.9886E-05 0.0473846 9.9886E-05 9.9886E-05 9.9886E-05 9.9886E-05 9.9886E-05 0.164426 0.0184595 9.9886E-05 0.0369204
9.98947E-05 0.176713 9.98947E-05 0.190164 0.210748 0.0978101 9.98947E-05 9.98947E-05 0.158397 9.98947E-05 0.126907 0.0021594 0.0359016 9.98947E-05 9.98947E-05 9.98947E-05 9.98947E-05 9.98947E-05 9.98947E-05 9.98947E-05
9.98683E-05 0.0721898 9.98683E-05 0.419147 9.98683E-05 9.98683E-05 9.98683E-05 9.98683E-05 9.98683E-05 0.201606 0.162993 9.98683E-05 0.142566 9.98683E-05 9.98683E-05 9.98683E-05 9.98683E-05 9.98683E-05 9.98683E-05 9.98683E-05
9.9842E-05 9.9842E-05 0.962098 9.9842E-05 9.9842E-05 0.0361047 9.9842E-05 9.9842E-05 9.9842E-05 9.9842E-05 9.9842E-05 9.9842E-05 9.9842E-05 9.9842E-05 9.9842E-05 9.9842E-05 9.9842E-05 9.9842E-05 9.9842E-05 9.9842E-05
0.343434 9.98772E-05 9.98772E-05 0.536991 9.98772E-05 9.98772E-05 9.98772E-05 9.98772E-05 9.98772E-05 9.98772E-05 0.0237477 9.98772E-05 0.0680102 9.98772E-05 0.0123332 9.98772E-05 9.98772E-05 9.98772E-05 9.98772E-05 0.0140859
9.98684E-05 0.347252 0.328516 9.98684E-05 9.98684E-05 9.98684E-05 9.98684E-05 9.98684E-05 9.98684E-05 0.119756 9.98684E-05 9.98684E-05 0.124153 0.078825 9.98684E-05 9.98684E-05 9.98684E-05 9.98684E-05 9.98684E-05 9.98684E-05
9.98596E-05 9.98596E-05 9.98596E-05 0.73291 0.167247 9.98596E-05 9.98596E-05 9.98596E-05 9.98596E-05 9.98596E-05 0.0621357 9.98596E-05 9.98596E-05 9.98596E-05 9.98596E-05 9.98596E-05 9.98596E-05 9.98596E-05 9.98596E-05 0.0361102
9.98771E-05 0.376019 0.0509418 0.297728 9.98771E-05 9.98771E-05 9.98771E-05 9.98771E-05 9.98771E-05 9.98771E-05 0.16025 0.0843743 9.98771E-05 9.98771E-05 9.98771E-05 9.98771E-05 9.98771E-05 9.98771E-05 0.029289 9.98771E-05
9.98946E-05 0.11208 9.98946E-05 0.321948 9.98946E-05 0.0896423 0.184103 9.98946E-05 9.98946E-05 9.98946E-05 0.230469 0.00326779 0.0429845 9.98946E-05 9.98946E-05 9.98946E-05 9.98946E-05 9.98946E-05 9.98946E-05 0.0143058
0.0792822 0.00887889 0.699295 0.00217192 9.99035E-05 9.99035E-05 0.0486579 9.99035E-05 9.99035E-05 9.99035E-05 0.113168 9.99035E-05 0.000889148 9.99035E-05 0.0143245 0.0322331 9.99035E-05 9.99035E-05 9.99035E-05 9.99035E-05
9.98771E-05 0.349339 0.122357 9.98771E-05 9.98771E-05 9.98771E-05 0.297781 9.98771E-05 0.1014 9.98771E-05 0.0785341 9.98771E-05 9.98771E-05 9.98771E-05 0.0491903 9.98771E-05 9.98771E-05 9.98771E-05 9.98771E-05 9.98771E-05
9.98861E-05 0.0474444 0.803385 9.98861E-05 9.98861E-05 9.98861E-05 0.0175392 9.98861E-05 9.98861E-05 9.98861E-05 0.0138929 9.98861E-05 9.98861E-05 9.98861E-05 9.98861E-05 9.98861E-05 9.98861E-05 0.0406326 0.0347602 0.0410471
9.98685E-05 0.0590146 9.98685E-05 0.658567 0.00366212 9.98685E-05 0.0785956 9.98685E-05 9.98685E-05 9.98685E-05 0.198663 9.98685E-05 9.98685E-05 9.98685E-05 9.98685E-05 9.98685E-05 9.98685E-05 9.98685E-05 9.98685E-05 9.98685E-05
9.98859E-05 9.98859E-05 0.007425 0.734002 9.98859E-05 9.98859E-05 9.98859E-05 9.98859E-05 9.98859E-05 0.00326835 0.0042563 0.0247024 0.0135874 9.98859E-05 9.98859E-05 9.98859E-05 0.21146 9.98859E-05 9.98859E-05 9.98859E-05
9.98771E-05 9.98771E-05 0.705231 9.98771E-05 0.0774292 9.98771E-05 9.98771E-05 9.98771E-05 9.98771E-05 0.0562666 0.0353872 9.98771E-05 0.0226838 9.98771E-05 9.98771E-05 9.98771E-05 9.98771E-05 9.98771E-05 9.98771E-05 0.101604
0.0678044 0.0415645 0.231858 0.334115 9.99036E-05 9.99036E-05 0.127906 9.99036E-05 9.99036E-05 0.0344908 0.103159 9.99036E-05 9.99036E-05 9.99036E-05 9.99036E-05 9.99036E-05 9.99036E-05 0.0371513 9.99036E-05 0.0208527
9.98858E-05 0.122538 9.98858E-05 0.62146 0.048145 9.98858E-05 0.00969041 9.98858E-05 9.98858E-05 9.98858E-05 0.10397 9.98858E-05 9.98858E-05 9.98858E-05 0.0300312 9.98858E-05 9.98858E-05 9.98858E-05 9.98858E-05 0.0628669
9.98946E-05 0.139606 9.98946E-05 0.622298 9.98946E-05 9.98946E-05 0.0589312 9.98946E-05 0.0192289 9.98946E-05 0.11502 9.98946E-05 9.98946E-05 9.98946E-05 9.98946E-05 0.0107811 9.98946E-05 0.0249085 0.00802716 9.98946E-05
9.98685E-05 9.98685E-05 0.082581 0.757175 9.98685E-05 0.0598291 9.98685E-05 0.0705225 9.98685E-05 9.98685E-05 9.98685E-05 9.98685E-05 9.98685E-05 9.98685E-05 9.98685E-05 9.98685E-05 9.98685E-05 9.98685E-05 9.98685E-05 0.0283945
0.14922 9.98598E-05 0.669792 9.98598E-05 9.98598E-05 9.98598E-05 9.98598E-05 9.98598E-05 9.98598E-05 9.98598E-05 0.0818575 9.98598E-05 9.98598E-05 9.98598E-05 9.98598E-05 9.98598E-05 9.98598E-05 9.98598E-05 0.0975336 9.98598E-05
9.9851E-05 9.9851E-05 0.946992 9.9851E-05 9.9851E-05 9.9851E-05 9.9851E-05 9.9851E-05 9.9851E-05 9.9851E-05 9.9851E-05 9.9851E-05 9.9851E-05 9.9851E-05 9.9851E-05 0.00401638 9.9851E-05 9.9851E-05 9.9851E-05 0.0472946
9.98684E-05 9.98684E-05 9.98684E-05 0.768901 9.98684E-05 0.0170413 9.98684E-05 0.0403163 9.98684E-05 9.98684E-05 0.0379465 9.98684E-05 0.134297 9.98684E-05 9.98684E-05 9.98684E-05 9.98684E-05 9.98684E-05 9.98684E-05 9.98684E-05
9.9886E-05 9.9886E-05 0.563521 9.9886E-05 9.9886E-05 9.9886E-05 9.9886E-05 0.0418698 9.9886E-05 9.9886E-05 0.146789 9.9886E-05 9.9886E-05 0.109883 9.9886E-05 9.9886E-05 0.0132387 0.0831213 9.9886E-05 0.0402793
9.98859E-05 9.98859E-05 0.0868683 0.544845 9.98859E-05 9.98859E-05 0.11956 9.98859E-05 9.98859E-05 0.0831457 0.0879684 9.98859E-05 9.98859E-05 9.98859E-05 0.0496183 9.98859E-05 0.0266961 9.98859E-05 9.98859E-05 9.98859E-05
9.9842E-05 9.9842E-05 0.960866 9.9842E-05 9.9842E-05 9.9842E-05 9.9842E-05 9.9842E-05 9.9842E-05 9.9842E-05 0.0373365 9.9842E-05 9.9842E-05 9.9842E-05 9.9842E-05 9.9842E-05 9.9842E-05 9.9842E-05 9.9842E-05 9.9842E-05
9.98596E-05 0.239105 0.60459 9.98596E-05 9.98596E-05 9.98596E-05 9.98596E-05 9.98596E-05 9.98596E-05 9.98596E-05 0.0769773 0.0777298 9.98596E-05 9.98596E-05 9.98596E-05 9.98596E-05 9.98596E-05 9.98596E-05 9.98596E-05 9.98596E-05
9.98421E-05 9.98421E-05 0.81463 9.98421E-05 9.98421E-05 9.98421E-05 9.98421E-05 9.98421E-05 9.98421E-05 9.98421E-05 9.98421E-05 9.98421E-05 9.98421E-05 9.98421E-05 9.98421E-05 9.98421E-05 0.183573 9.98421E-05 9.98421E-05 9.98421E-05
9.98946E-05 0.104501 0.102853 0.271308 0.197793 9.98946E-05 9.98946E-05 9.98946E-05 9.98946E-05 9.98946E-05 0.197202 0.0344903 0.0550742 9.98946E-05 9.98946E-05 9.98946E-05 9.98946E-05 9.98946E-05 9.98946E-05 0.0355795
9.98684E-05 0.381409 9.98684E-05 0.258005 9.98684E-05 9.98684E-05 9.98684E-05 9.98684E-05 9.98684E-05 9.98684E-05 0.137184 9.98684E-05 9.98684E-05 0.021821 9.98684E-05 9.98684E-05 9.98684E-05 9.98684E-05 0.200083 9.98684E-05
9.98508E-05 9.98508E-05 0.910895 9.98508E-05 9.98508E-05 0.0126976 9.98508E-05 9.98508E-05 9.98508E-05 9.98508E-05 9.98508E-05 9.98508E-05 9.98508E-05 9.98508E-05 9.98508E-05 9.98508E-05 9.98508E-05 9.98508E-05 0.0747095 9.98508E-05
9.98684E-05 9.98684E-05 0.0551117 0.831145 9.98684E-05 9.98684E-05 9.98684E-05 9.98684E-05 9.98684E-05 9.98684E-05 0.0524233 9.98684E-05 0.00852955 9.98684E-05 9.98684E-05 9.98684E-05 9.98684E-05 9.98684E-05 0.0512929 9.98684E-05
9.98509E-05 9.98509E-05 0.115432 0.835731 0.0471392 9.98509E-05 9.98509E-05 9.98509E-05 9.98509E-05 9.98509E-05 9.98509E-05 9.98509E-05 9.98509E-05 9.98509E-05 9.98509E-05 9.98509E-05 9.98509E-05 9.98509E-05 9.98509E-05 9.98509E-05
9.98595E-05 0.153702 9.98595E-05 0.713869 9.98595E-05 9.98595E-05 9.98595E-05 9.98595E-05 9.98595E-05 0.05081 0.0800216 9.98595E-05 9.98595E-05 9.98595E-05 9.98595E-05 9.98595E-05 9.98595E-05 9.98595E-05 9.98595E-05 9.98595E-05
9.98599E-05 9.98599E-05 9.98599E-05 0.774226 9.98599E-05 9.98599E-05 9.98599E-05 9.98599E-05 9.98599E-05 0.0789119 9.98599E-05 9.98599E-05 9.98599E-05 9.98599E-05 9.98599E-05 0.144885 0.000379575 9.98599E-05 9.98599E-05 9.98599E-05
9.99035E-05 0.0179362 9.99035E-05 0.331752 0.0629922 9.99035E-05 0.145391 9.99035E-05 0.0810836 9.99035E-05 0.198437 9.99035E-05 0.0240523 9.99035E-05 9.99035E-05 9.99035E-05 9.99035E-05 9.99035E-05 0.0960026 0.0412537
9.98684E-05 0.168751 9.98684E-05 0.674221 9.98684E-05 9.98684E-05 9.98684E-05 9.98684E-05 9.98684E-05 9.98684E-05 9.98684E-05 0.00780562 9.98684E-05 9.98684E-05 0.100405 9.98684E-05 9.98684E-05 9.98684E-05 0.0473193 9.98684E-05
9.98509E-05 9.98509E-05 0.924851 9.98509E-05 9.98509E-05 9.98509E-05 9.98509E-05 9.98509E-05 0.0693748 9.98509E-05 0.00407725 9.98509E-05 9.98509E-05 9.98509E-05 9.98509E-05 9.98509E-05 9.98509E-05 9.98509E-05 9.98509E-05 9.98509E-05
9.98772E-05 9.98772E-05 9.98772E-05 0.674906 9.98772E-05 9.98772E-05 9.98772E-05 9.98772E-05 9.98772E-05 9.98772E-05 0.0233506 9.98772E-05 0.0697405 0.0257522 0.145766 9.98772E-05 0.0590866 9.98772E-05 9.98772E-05 9.98772E-05
9.98597E-05 9.98597E-05 0.80743 9.98597E-05 0.0394047 9.98597E-05 9.98597E-05 9.98597E-05 9.98597E-05 0.0736484 0.0779192 9.98597E-05 9.98597E-05 9.98597E-05 9.98597E-05 9.98597E-05 9.98597E-05 9.98597E-05 9.98597E-05 9.98597E-05
9.98861E-05 9.98861E-05 0.743679 9.98861E-05 9.98861E-05 0.0194205 0.11921 9.98861E-05 0.0418568 0.0050049 9.98861E-05 9.98861E-05 9.98861E-05 9.98861E-05 0.0183536 9.98861E-05 9.98861E-05 9.98861E-05 9.98861E-05 0.0511762
0.0299086 9.98684E-05 0.84234 9.98684E-05 9.98684E-05 9.98684E-05 9.98684E-05 0.0187498 0.0665268 0.0409766 9.98684E-05 9.98684E-05 9.98684E-05 9.98684E-05 9.98684E-05 9.98684E-05 9.98684E-05 9.98684E-05 9.98684E-05 9.98684E-05
9.98684E-05 9.98684E-05 9.98684E-05 0.884929 9.98684E-05 9.98684E-05 9.98684E-05 9.98684E-05 0.00428878 9.98684E-05 0.0237175 9.98684E-05 9.98684E-05 9.98684E-05 9.98684E-05 9.98684E-05 9.98684E-05 9.98684E-05 0.0758265 0.00973987
9.98859E-05 9.98859E-05 9.98859E-05 0.890307 9.98859E-05 9.98859E-05 9.98859E-05 0.00630808 0.0051431 9.98859E-05 9.98859E-05 9.98859E-05 9.98859E-05 9.98859E-05 0.00293066 0.0321345 9.98859E-05 9.98859E-05 0.0168563 0.0450214
9.98946E-05 0.00270254 9.98946E-05 9.98946E-05 0.671227 9.98946E-05 0.0289499 0.00926789 0.0231409 9.98946E-05 0.164132 9.98946E-05 0.0611822 9.98946E-05 9.98946E-05 9.98946E-05 9.98946E-05 9.98946E-05 9.98946E-05 0.0381984
9.98334E-05 9.98334E-05 9.98334E-05 9.98334E-05 0.998103 9.98334E-05 9.98334E-05 9.98334E-05 9.98334E-05 9.98334E-05 9.98334E-05 9.98334E-05 9.98334E-05 9.98334E-05 9.98334E-05 9.98334E-05 9.98334E-05 9.98334E-05 9.98334E-05 9.98334E-05
9.98508E-05 9.98508E-05 9.98508E-05 9.98508E-05 0.957779 9.98508E-05 9.98508E-05 9.98508E-05 0.0345277 9.98508E-05 9.98508E-05 9.98508E-05 9.98508E-05 9.98508E-05 9.98508E-05 9.98508E-05 0.00599584 9.98508E-05 9.98508E-05 9.98508E-05
9.9886E-05 9.9886E-05 9.9886E-05 9.9886E-05 0.322094 9.9886E-05 0.294502 0.221879 9.9886E-05 9.9886E-05 0.0418954 9.9886E-05 0.060653 9.9886E-05 9.9886E-05 0.0479158 9.9886E-05 9.9886E-05 9.9886E-05 0.00976212
9.98945E-05 0.109875 9.98945E-05 9.98945E-05 0.531001 0.0278442 9.98945E-05 9.98945E-05 9.98945E-05 0.0853382 9.98945E-05 9.98945E-05 0.131617 0.0608846 9.98945E-05 0.0329997 9.98945E-05 9.98945E-05 9.98945E-05 0.0192418
9.98769E-05 0.101692 9.98769E-05 9.98769E-05 0.610351 9.98769E-05 9.98769E-05 9.98769E-05 9.98769E-05 9.98769E-05 0.123781 0.0558258 0.0429703 9.98769E-05 9.98769E-05 9.98769E-05 9.98769E-05 9.98769E-05 9.98769E-05 0.0639821
0.00913866 9.98769E-05 9.98769E-05 9.98769E-05 0.527157 9.98769E-05 9.98769E-05 0.289384 9.98769E-05 9.98769E-05 0.128545 9.98769E-05 9.98769E-05 9.98769E-05 9.98769E-05 9.98769E-05 9.98769E-05 9.98769E-05 0.0172466 0.0271311
9.98858E-05 9.98858E-05 9.98858E-05 9.98858E-05 0.481232 9.98858E-05 0.031597 0.22579 0.19637 9.98858E-05 0.034742 9.98858E-05 0.0224862 9.98858E-05 9.98858E-05 0.00648532 9.98858E-05 9.98858E-05 9.98858E-05 9.98858E-05
9.98333E-05 9.98333E-05 9.98333E-05 9.98333E-05 0.998103 9.98333E-05 9.98333E-05 9.98333E-05 9.98333E-05 9.98333E-05 9.98333E-05 9.98333E-05 9.98333E-05 9.98333E-05 9.98333E-05 9.98333E-05 9.98333E-05 9.98333E-05 9.98333E-05 9.98333E-05
9.98507E-05 9.98507E-05 9.98507E-05 9.98507E-05 0.924429 9.98507E-05 9.98507E-05 9.98507E-05 9.98507E-05 9.98507E-05 9.98507E-05 9.98507E-05 9.98507E-05 9.98507E-05 9.98507E-05 9.98507E-05 9.98507E-05 9.98507E-05 0.0272971 0.0465769
9.98769E-05 9.98769E-05 9.98769E-05 9.98769E-05 0.372732 9.98769E-05 9.98769E-05 9.98769E-05 0.0024443 0.0414742 0.357936 9.98769E-05 0.0331026 9.98769E-05 9.98769E-05 9.98769E-05 9.98769E-05 9.98769E-05 9.98769E-05 0.190912
9.99297E-05 0.185382 9.99297E-05 9.99297E-05 0.290178 9.99297E-05 9.99297E-05 0.0675745 0.0401421 0.0857949 0.105997 9.99297E-05 0.0373064 0.0153519 0.00356347 0.0263815 9.99297E-05 9.99297E-05 0.0276238 0.113905
9.98945E-05 9.98945E-05 9.98945E-05 9.98945E-05 0.52438 9.98945E-05 0.0821196 0.00764444 0.105888 9.98945E-05 9.98945E-05 9.98945E-05 0.124815 0.0181641 0.0631855 9.98945E-05 9.98945E-05 9.98945E-05 9.98945E-05 0.0726046
9.9877E-05 0.188674 9.9877E-05 9.9877E-05 0.526337 9.9877E-05 9.9877E-05 0.0417168 9.9877E-05 0.021245 0.21064 9.9877E-05 9.9877E-05 0.00998961 9.9877E-05 9.9877E-05 9.9877E-05 9.9877E-05 9.9877E-05 9.9877E-05
9.98423E-05 9.98423E-05 9.98423E-05 9.98423E-05 0.984385 9.98423E-05 9.98423E-05 9.98423E-05 9.98423E-05 9.98423E-05 9.98423E-05 9.98423E-05 9.98423E-05 9.98423E-05 0.0138182 9.98423E-05 9.98423E-05 9.98423E-05 9.98423E-05 9.98423E-05
0.0447197 9.98596E-05 9.98596E-05 9.98596E-05 0.898115 9.98596E-05 9.98596E-05 9.98596E-05 9.98596E-05 9.98596E-05 9.98596E-05 9.98596E-05 0.0284263 9.98596E-05 9.98596E-05 9.98596E-05 9.98596E-05 9.98596E-05 9.98596E-05 0.0271413
9.98857E-05 9.98857E-05 9.98857E-05 9.98857E-05 0.657554 9.98857E-05 0.10411 9.98857E-05 0.0364929 0.0644583 0.0667173 0.0202475 9.98857E-05 9.98857E-05 9.98857E-05 0.0491216 9.98857E-05 9.98857E-05 9.98857E-05 9.98857E-05
9.9877E-05 0.0931976 9.9877E-05 9.9877E-05 0.615491 9.9877E-05 9.9877E-05 9.9877E-05 9.9877E-05 0.00352676 9.9877E-05 9.9877E-05 0.0131514 9.9877E-05 9.9877E-05 9.9877E-05 9.9877E-05 9.9877E-05 0.169967 0.103268
9.98683E-05 9.98683E-05 9.98683E-05 9.98683E-05 0.833591 9.98683E-05 9.98683E-05 9.98683E-05 0.0828734 0.00244107 0.0530168 9.98683E-05 9.98683E-05 9.98683E-05 9.98683E-05 9.98683E-05 9.98683E-05 9.98683E-05 9.98683E-05 0.02658
9.98682E-05 9.98682E-05 9.98682E-05 9.98682E-05 0.560336 0.00643589 9.98682E-05 9.98682E-05 9.98682E-05 9.98682E-05 0.261323 9.98682E-05 9.98682E-05 9.98682E-05 0.125519 9.98682E-05 9.98682E-05 9.98682E-05 9.98682E-05 0.044888
9.98423E-05 9.98423E-05 9.98423E-05 9.98423E-05 0.952448 9.98423E-05 9.98423E-05 9.98423E-05 9.98423E-05 9.98423E-05 9.98423E-05 9.98423E-05 9.98423E-05 9.98423E-05 9.98423E-05 9.98423E-05 0.045755 9.98423E-05 9.98423E-05 9.98423E-05
9.99033E-05 0.241738 9.99033E-05 9.99033E-05 0.467754 9.99033E-05 0.0801185 0.0606208 0.00732259 0.0246349 0.0905959 9.99033E-05 9.99033E-05 9.99033E-05 9.99033E-05 0.0188719 9.99033E-05 9.99033E-05 0.0072446 9.99033E-05
9.98772E-05 0.00112452 9.98772E-05 9.98772E-05 0.690483 9.98772E-05 0.212528 0.0563408 0.029605 9.98772E-05 0.00852042 9.98772E-05 9.98772E-05 9.98772E-05 9.98772E-05 9.98772E-05 9.98772E-05 9.98772E-05 9.98772E-05 9.98772E-05
0.0119639 9.98858E-05 9.98858E-05 9.98858E-05 0.561549 9.98858E-05 9.98858E-05 9.98858E-05 0.0939203 0.14994 0.00723745 0.0752838 0.0988076 9.98858E-05 9.98858E-05 9.98858E-05 9.98858E-05 9.98858E-05 9.98858E-05 9.98858E-05
0.168103 9.98506E-05 9.98506E-05 9.98506E-05 0.681447 9.98506E-05 9.98506E-05 9.98506E-05 9.98506E-05 9.98506E-05 9.98506E-05 9.98506E-05 9.98506E-05 9.98506E-05 9.98506E-05 9.98506E-05 9.98506E-05 9.98506E-05 9.98506E-05 0.148753
9.98511E-05 9.98511E-05 9.98511E-05 9.98511E-05 0.96637 0.0155719 9.98511E-05 9.98511E-05 9.98511E-05 9.98511E-05 9.98511E-05 9.98511E-05 0.0163606 9.98511E-05 9.98511E-05 9.98511E-05 9.98511E-05 9.98511E-05 9.98511E-05 9.98511E-05
9.98422E-05 9.98422E-05 9.98422E-05 9.98422E-05 0.907794 9.98422E-05 9.98422E-05 9.98422E-05 0.0904088 9.98422E-05 9.98422E-05 9.98422E-05 9.98422E-05 9.98422E-05 9.98422E-05 9.98422E-05 9.98422E-05 9.98422E-05 9.98422E-05 9.98422E-05
9.98334E-05 9.98334E-05 9.98334E-05 9.98334E-05 0.998103 9.98334E-05 9.98334E-05 9.98334E-05 9.98334E-05 9.98334E-05 9.98334E-05 9.98334E-05 9.98334E-05 9.98334E-05 9.98334E-05 9.98334E-05 9.98334E-05 9.98334E-05 9.98334E-05 9.98334E-05
9.98597E-05 9.98597E-05 0.00217816 9.98597E-05 0.797898 9.98597E-05 9.98597E-05 9.98597E-05 0.12068 9.98597E-05 0.0776467 9.98597E-05 9.98597E-05 9.98597E-05 9.98597E-05 9.98597E-05 9.98597E-05 9.98597E-05 9.98597E-05 9.98597E-05
9.98597E-05 9.98597E-05 9.98597E-05 9.98597E-05 0.627583 9.98597E-05 9.98597E-05 9.98597E-05 9.98597E-05 9.98597E-05 0.111552 9.98597E-05 0.0685082 9.98597E-05 9.98597E-05 9.98597E-05 0.190758 9.98597E-05 9.98597E-05 9.98597E-05
9.98509E-05 9.98509E-05 9.98509E-05 9.98509E-05 9.98509E-05 9.98509E-05 0.755526 9.98509E-05 9.98509E-05 9.98509E-05 0.0967025 9.98509E-05 0.146074 9.98509E-05 9.98509E-05 9.98509E-05 9.98509E-05 9.98509E-05 9.98509E-05 9.98509E-05
9.98421E-05 9.98421E-05 9.98421E-05 9.98421E-05 9.98421E-05 9.98421E-05 0.350689 9.98421E-05 9.98421E-05 9.98421E-05 9.98421E-05 9.98421E-05 9.98421E-05 9.98421E-05 9.98421E-05 9.98421E-05 0.647514 9.98421E-05 9.98421E-05 9.98421E-05
9.98508E-05 9.98508E-05 9.98508E-05 9.98508E-05 9.98508E-05 9.98508E-05 0.981533 9.98508E-05 9.98508E-05 9.98508E-05 0.00483816 9.98508E-05 9.98508E-05 0.0119317 9.98508E-05 9.98508E-05 9.98508E-05 9.98508E-05 9.98508E-05 9.98508E-05
9.98507E-05 9.98507E-05 9.98507E-05 9.98507E-05 9.98507E-05 9.98507E-05 0.840123 9.98507E-05 9.98507E-05 9.98507E-05 0.13486 9.98507E-05 0.0233197 9.98507E-05 9.98507E-05 9.98507E-05 9.98507E-05 9.98507E-05 9.98507E-05 9.98507E-05
9.98506E-05 9.98506E-05 9.98506E-05 9.98506E-05 9.98506E-05 9.98506E-05 0.889011 9.98506E-05 9.98506E-05 9.98506E-05 9.98506E-05 0.0236171 0.0856742 9.98506E-05 9.98506E-05 9.98506E-05 9.98506E-05 9.98506E-05 9.98506E-05 9.98506E-05
9.98771E-05 9.98771E-05 9.98771E-05 9.98771E-05 9.98771E-05 9.98771E-05 0.642901 0.108096 9.98771E-05 9.98771E-05 0.135859 9.98771E-05 0.0754035 9.98771E-05 9.98771E-05 9.98771E-05 9.98771E-05 0.00473958 0.0316038 9.98771E-05
9.98947E-05 0.0238842 9.98947E-05 9.98947E-05 9.98947E-05 9.98947E-05 0.649965 9.98947E-05 0.0462167 9.98947E-05 0.0701089 9.98947E-05 0.0642347 0.0393725 9.98947E-05 9.98947E-05 9.98947E-05 0.0496976 9.98947E-05 0.0553218
9.98421E-05 9.98421E-05 9.98421E-05 9.98421E-05 9.98421E-05 9.98421E-05 0.79721 9.98421E-05 9.98421E-05 9.98421E-05 9.98421E-05 9.98421E-05 0.200993 9.98421E-05 9.98421E-05 9.98421E-05 9.98421E-05 9.98421E-05 9.98421E-05 9.98421E-05
9.98683E-05 0.0656006 9.98683E-05 9.98683E-05 9.98683E-05 9.98683E-05 0.432287 0.224586 9.98683E-05 9.98683E-05 9.98683E-05 9.98683E-05 0.259779 9.98683E-05 9.98683E-05 9.98683E-05 9.98683E-05 9.98683E-05 9.98683E-05 0.0162494
9.98596E-05 9.98596E-05 9.98596E-05 9.98596E-05 9.98596E-05 9.98596E-05 0.485398 9.98596E-05 9.98596E-05 9.98596E-05 0.244563 9.98596E-05 0.200468 9.98596E-05 9.98596E-05 9.98596E-05 9.98596E-05 9.98596E-05 0.0679735 9.98596E-05
9.98684E-05 9.98684E-05 9.98684E-05 9.98684E-05 9.98684E-05 9.98684E-05 0.347001 0.20646 9.98684E-05 9.98684E-05 9.98684E-05 9.98684E-05 0.00777105 9.98684E-05 9.98684E-05 9.98684E-05 9.98684E-05 0.413754 9.98684E-05 0.0235164
9.98597E-05 9.98597E-05 9.98597E-05 9.98597E-05 9.98597E-05 9.98597E-05 0.696933 0.0980612 9.98597E-05 9.98597E-05 0.045223 9.98597E-05 9.98597E-05 9.98597E-05 9.98597E-05 9.98597E-05 9.98597E-05 0.158185 9.98597E-05 9.98597E-05
9.98509E-05 9.98509E-05 9.98509E-05 9.98509E-05 9.98509E-05 9.98509E-05 0.915702 9.98509E-05 9.98509E-05 9.98509E-05 9.98509E-05 9.98509E-05 0.0774845 9.98509E-05 9.98509E-05 9.98509E-05 9.98509E-05 9.98509E-05 9.98509E-05 0.00511599
9.98597E-05 9.98597E-05 9.98597E-05 9.98597E-05 9.98597E-05 9.98597E-05 0.504989 9.98597E-05 9.98597E-05 9.98597E-05 0.187823 9.98597E-05 0.115621 9.98597E-05 9.98597E-05 9.98597E-05 9.98597E-05 0.189969 9.98597E-05 9.98597E-05
9.98859E-05 9.98859E-05 9.98859E-05 9.98859E-05 9.98859E-05 9.98859E-05 0.688326 9.98859E-05 0.156188 9.98859E-05 0.0396636 9.98859E-05 0.0260646 9.98859E-05 9.98859E-05 9.98859E-05 9.98859E-05 0.0715341 0.0165329 0.000392146
9.98859E-05 9.98859E-05 9.98859E-05 9.98859E-05 9.98859E-05 9.98859E-05 0.624167 0.0542608 9.98859E-05 9.98859E-05 0.203127 9.98859E-05 0.00650821 9.98859E-05 9.98859E-05 9.98859E-05 0.0766334 9.98859E-05 0.0217307 0.0122736
9.98683E-05 9.98683E-05 9.98683E-05 9.98683E-05 9.98683E-05 0.0377107 0.630411 0.158559 9.98683E-05 9.98683E-05 0.0807218 9.98683E-05 9.98683E-05 9.98683E-05 9.98683E-05 9.98683E-05 9.98683E-05 0.0911001 9.98683E-05 9.98683E-05
9.98861E-05 0.0913669 9.98861E-05 9.98861E-05 9.98861E-05 9.98861E-05 0.679244 9.98861E-05 9.98861E-05 9.98861E-05 9.98861E-05 9.98861E-05 0.132668 0.0350725 9.98861E-05 9.98861E-05 0.0349152 0.00456868 0.0208661 9.98861E-05
9.98597E-05 9.98597E-05 9.98597E-05 9.98597E-05 9.98597E-05 9.98597E-05 0.861071 0.0670071 9.98597E-05 9.98597E-05 9.98597E-05 9.98597E-05 0.0226333 9.98597E-05 9.98597E-05 9.98597E-05 9.98597E-05 9.98597E-05 9.98597E-05 0.0476908
9.98859E-05 9.98859E-05 9.98859E-05 9.98859E-05 9.98859E-05 0.0438748 0.365622 9.98859E-05 9.98859E-05 9.98859E-05 0.0876225 9.98859E-05 0.104504 9.98859E-05 0.0389603 9.98859E-05 0.345157 9.98859E-05 9.98859E-05 0.0129605
9.98859E-05 9.98859E-05 9.98859E-05 9.98859E-05 9.98859E-05 9.98859E-05 0.678106 0.131767 9.98859E-05 9.98859E-05 0.0792275 9.98859E-05 0.0207393 0.00647732 9.98859E-05 9.98859E-05 9.98859E-05 0.0495918 0.0327927 9.98859E-05
9.98508E-05 9.98508E-05 9.98508E-05 9.98508E-05 9.98508E-05 9.98508E-05 0.876301 9.98508E-05 0.0528624 9.98508E-05 0.0691387 9.98508E-05 9.98508E-05 9.98508E-05 9.98508E-05 9.98508E-05 9.98508E-05 9.98508E-05 9.98508E-05 9.98508E-05
9.98684E-05 9.98684E-05 9.98684E-05 9.98684E-05 9.98684E-05 0.0147335 0.524263 9.98684E-05 9.98684E-05 0.0664188 0.160746 9.98684E-05 0.23234 9.98684E-05 9.98684E-05 9.98684E-05 9.98684E-05 9.98684E-05 9.98684E-05 9.98684E-05
9.98596E-05 9.98596E-05 9.98596E-05 9.98596E-05 9.98596E-05 9.98596E-05 0.735157 9.98596E-05 9.98596E-05 9.98596E-05 0.048637 9.98596E-05 0.0698593 9.98596E-05 9.98596E-05 9.98596E-05 9.98596E-05 0.144749 9.98596E-05 9.98596E-05
9.98683E-05 9.98683E-05 9.98683E-05 9.98683E-05 9.98683E-05 0.0676727 0.494114 0.000158885 9.98683E-05 9.98683E-05 0.205697 9.98683E-05 0.230859 9.98683E-05 9.98683E-05 9.98683E-05 9.98683E-05 9.98683E-05 9.98683E-05 9.98683E-05
9.98772E-05 9.98772E-05 9.98772E-05 9.98772E-05 0.0339576 9.98772E-05 0.247183 0.0419449 9.98772E-05 9.98772E-05 0.156402 9.98772E-05 0.135495 9.98772E-05 9.98772E-05 9.98772E-05 9.98772E-05 0.38362 9.98772E-05 9.98772E-05
0.0379798 9.98771E-05 9.98771E-05 9.98771E-05 9.98771E-05 9.98771E-05 0.00809141 9.98771E-05 9.98771E-05 9.98771E-05 0.0589013 0.0492183 9.98771E-05 0.0297698 9.98771E-05 9.98771E-05 0.814641 9.98771E-05 9.98771E-05 9.98771E-05
9.98594E-05 9.98594E-05 9.98594E-05 9.98594E-05 9.98594E-05 9.98594E-05 0.877345 9.98594E-05 9.98594E-05 0.0168879 0.0646409 9.98594E-05 0.0395283 9.98594E-05 9.98594E-05 9.98594E-05 9.98594E-05 9.98594E-05 9.98594E-05 9.98594E-05
9.98684E-05 9.98684E-05 9.98684E-05 9.98684E-05 9.98684E-05 9.98684E-05 0.510989 0.0214521 9.98684E-05 9.98684E-05 0.180971 9.98684E-05 0.266921 9.98684E-05 9.98684E-05 9.98684E-05 0.0181695 9.98684E-05 9.98684E-05 9.98684E-05
9.98598E-05 9.98598E-05 9.98598E-05 9.98598E-05 9.98598E-05 0.0681497 0.749579 9.98598E-05 9.98598E-05 9.98598E-05 0.151513 9.98598E-05 9.98598E-05 9.98598E-05 9.98598E-05 9.98598E-05 0.0291604 9.98598E-05 9.98598E-05 9.98598E-05
9.98772E-05 9.98772E-05 9.98772E-05 9.98772E-05 9.98772E-05 9.98772E-05 0.65756 9.98772E-05 9.98772E-05 9.98772E-05 0.184559 9.98772E-05 0.038074 9.98772E-05 0.0212061 9.98772E-05 9.98772E-05 0.0816909 9.98772E-05 0.015512
9.98421E-05 9.98421E-05 9.98421E-05 9.98421E-05 9.98421E-05 9.98421E-05 0.925663 9.98421E-05 9.98421E-05 9.98421E-05 9.98421E-05 9.98421E-05 9.98421E-05 9.98421E-05 0.0725398 9.98421E-05 9.98421E-05 9.98421E-05 9.98421E-05 9.98421E-05
9.98682E-05 9.98682E-05 9.98682E-05 9.98682E-05 9.98682E-05 0.154603 0.476157 9.98682E-05 9.98682E-05 9.98682E-05 0.0842179 9.98682E-05 0.233822 0.0497029 9.98682E-05 9.98682E-05 9.98682E-05 9.98682E-05 9.98682E-05 9.98682E-05
9.98507E-05 0.0938348 9.98507E-05 9.98507E-05 9.98507E-05 9.98507E-05 0.821078 9.98507E-05 9.98507E-05 9.98507E-05 0.0833894 9.98507E-05 9.98507E-05 9.98507E-05 9.98507E-05 9.98507E-05 9.98507E-05 9.98507E-05 9.98507E-05 9.98507E-05
9.98596E-05 9.98596E-05 9.98596E-05 9.98596E-05 9.98596E-05 9.98596E-05 0.943678 9.98596E-05 9.98596E-05 9.98596E-05 0.0213808 9.98596E-05 0.00362369 9.98596E-05 9.98596E-05 9.98596E-05 9.98596E-05 0.0297193 9.98596E-05 9.98596E-05
9.9877E-05 0.024049 9.9877E-05 9.9877E-05 9.9877E-05 9.9877E-05 0.600291 9.9877E-05 9.9877E-05 9.9877E-05 9.9877E-05 9.9877E-05 0.0842343 9.9877E-05 9.9877E-05 9.9877E-05 9.9877E-05 0.197869 0.0349871 0.0571711
9.98594E-05 9.98594E-05 9.98594E-05 9.98594E-05 9.98594E-05 9.98594E-05 0.68777 9.98594E-05 0.0606386 9.98594E-05 0.212693 9.98594E-05 0.0373015 9.98594E-05 9.98594E-05 9.98594E-05 9.98594E-05 9.98594E-05 9.98594E-05 9.98594E-05
9.98771E-05 9.98771E-05 9.98771E-05 9.98771E-05 9.98771E-05 0.0338877 0.174485 9.98771E-05 9.98771E-05 9.98771E-05 9.98771E-05 9.98771E-05 0.0704615 0.0160128 9.98771E-05 9.98771E-05 0.1441 0.559654 9.98771E-05 9.98771E-05
9.98772E-05 9.98772E-05 9.98772E-05 9.98772E-05 9.98772E-05 9.98772E-05 0.60666 9.98772E-05 0.0150779 9.98772E-05 0.105215 9.98772E-05 0.018116 9.98772E-05 9.98772E-05 9.98772E-05 9.98772E-05 0.234069 9.98772E-05 0.0194639
9.98599E-05 9.98599E-05 9.98599E-05 9.98599E-05 9.98599E-05 9.98599E-05 0.609163 9.98599E-05 0.00172312 9.98599E-05 9.98599E-05 9.98599E-05 9.98599E-05 9.98599E-05 9.98599E-05 9.98599E-05 9.98599E-05 0.384045 0.00347154 9.98599E-05
9.98684E-05 9.98684E-05 9.98684E-05 9.98684E-05 9.98684E-05 9.98684E-05 0.217263 9.98684E-05 0.00162238 9.98684E-05 9.98684E-05 9.98684E-05 0.0615335 9.98684E-05 9.98684E-05 9.98684E-05 9.98684E-05 0.698166 9.98684E-05 0.0199176
9.98595E-05 9.98595E-05 9.98595E-05 9.98595E-05 9.98595E-05 9.98595E-05 0.54277 0.117199 9.98595E-05 9.98595E-05 0.240373 9.98595E-05 0.0980602 9.98595E-05 9.98595E-05 9.98595E-05 9.98595E-05 9.98595E-05 9.98595E-05 9.98595E-05
9.98596E-05 0.0373588 9.98596E-05 9.98596E-05 9.98596E-05 9.98596E-05 0.818774 9.98596E-05 9.98596E-05 9.98596E-05 9.98596E-05 9.98596E-05 0.137574 0.00469487 9.98596E-05 9.98596E-05 9.98596E-05 9.98596E-05 9.98596E-05 9.98596E-05
9.98683E-05 9.98683E-05 9.98683E-05 9.98683E-05 9.98683E-05 0.00389791 9.98683E-05 9.98683E-05 9.98683E-05 9.98683E-05 0.0644874 9.98683E-05 0.133593 9.98683E-05 9.98683E-05 9.98683E-05 0.622971 0.173553 9.98683E-05 9.98683E-05
9.98685E-05 9.98685E-05 9.98685E-05 9.98685E-05 9.98685E-05 9.98685E-05 0.194748 9.98685E-05 9.98685E-05 9.98685E-05 0.0937347 0.00537065 9.98685E-05 9.98685E-05 9.98685E-05 9.98685E-05 0.0521703 0.652479 9.98685E-05 9.98685E-05
9.98772E-05 9.98772E-05 9.98772E-05 9.98772E-05 9.98772E-05 0.06823 0.553111 0.0854538 0.0277635 9.98772E-05 9.98772E-05 9.98772E-05 0.237619 9.98772E-05 9.98772E-05 0.0264247 9.98772E-05 9.98772E-05 9.98772E-05 9.98772E-05
9.98859E-05 9.98859E-05 9.98859E-05 9.98859E-05 0.239454 0.00915457 0.524231 9.98859E-05 9.98859E-05 9.98859E-05 0.0736866 9.98859E-05 0.0851334 9.98859E-05 9.98859E-05 9.98859E-05 0.047925 9.98859E-05 9.98859E-05 0.0191171
9.98861E-05 0.0547557 9.98861E-05 9.98861E-05 9.98861E-05 9.98861E-05 0.450666 0.121221 9.98861E-05 9.98861E-05 0.114951 0.0726356 0.180285 9.98861E-05 9.98861E-05 9.98861E-05 9.98861E-05 0.00418693 9.98861E-05 9.98861E-05
9.98596E-05 0.175493 9.98596E-05 9.98596E-05 9.98596E-05 9.98596E-05 0.487253 9.98596E-05 9.98596E-05 9.98596E-05 0.138002 9.98596E-05 0.197655 9.98596E-05 9.98596E-05 9.98596E-05 9.98596E-05 9.98596E-05 9.98596E-05 9.98596E-05
9.98509E-05 9.98509E-05 9.98509E-05 9.98509E-05 9.98509E-05 9.98509E-05 0.363689 9.98509E-05 9.98509E-05 9.98509E-05 9.98509E-05 9.98509E-05 9.98509E-05 9.98509E-05 9.98509E-05 9.98509E-05 0.0228552 0.611758 9.98509E-05 9.98509E-05
9.98683E-05 9.98683E-05 9.98683E-05 9.98683E-05 9.98683E-05 9.98683E-05 0.626606 9.98683E-05 9.98683E-05 9.98683E-05 0.143806 9.98683E-05 9.98683E-05 9.98683E-05 0.00296838 0.0780907 9.98683E-05 9.98683E-05 0.147031 9.98683E-05
9.98507E-05 9.98507E-05 9.98507E-05 9.98507E-05 9.98507E-05 9.98507E-05 0.075885 9.98507E-05 9.98507E-05 9.98507E-05 9.98507E-05 9.98507E-05 0.0853147 9.98507E-05 9.98507E-05 9.98507E-05 0.837103 9.98507E-05 9.98507E-05 9.98507E-05
9.98947E-05 9.98947E-05 9.98947E-05 9.98947E-05 9.98947E-05 9.98947E-05 0.613366 9.98947E-05 9.98947E-05 9.98947E-05 0.0282175 9.98947E-05 0.081979 0.00864085 9.98947E-05 9.98947E-05 0.146793 0.0744906 0.00538082 0.0399334
9.98596E-05 9.98596E-05 9.98596E-05 9.98596E-05 9.98596E-05 9.98596E-05 0.918041 0.00354274 9.98596E-05 9.98596E-05 9.98596E-05 9.98596E-05 0.0412997 9.98596E-05 0.0355183 9.98596E-05 9.98596E-05 9.98596E-05 9.98596E-05 9.98596E-05
9.98419E-05 9.98419E-05 9.98419E-05 9.98419E-05 9.98419E-05 9.98419E-05 0.921702 9.98419E-05 9.98419E-05 9.98419E-05 9.98419E-05 9.98419E-05 9.98419E-05 9.98419E-05 9.98419E-05 9.98419E-05 9.98419E-05 9.98419E-05 0.0765012 9.98419E-05
0.0494696 9.98684E-05 9.98684E-05 9.98684E-05 9.98684E-05 9.98684E-05 0.467501 0.136796 9.98684E-05 9.98684E-05 0.109865 9.98684E-05 0.23487 9.98684E-05 9.98684E-05 9.98684E-05 9.98684E-05 9.98684E-05 9.98684E-05 9.98684E-05
9.98508E-05 9.98508E-05 9.98508E-05 9.98508E-05 9.98508E-05 9.98508E-05 0.740781 9.98508E-05 9.98508E-05 9.98508E-05 0.130304 9.98508E-05 0.127217 9.98508E-05 9.98508E-05 9.98508E-05 9.98508E-05 9.98508E-05 9.98508E-05 9.98508E-05
9.98595E-05 9.98595E-05 9.98595E-05 9.98595E-05 9.98595E-05 9.98595E-05 0.957258 9.98595E-05 9.98595E-05 9.98595E-05 9.98595E-05 9.98595E-05 0.029216 9.98595E-05 0.00926625 9.98595E-05 9.98595E-05 9.98595E-05 9.98595E-05 0.00266225
9.98597E-05 9.98597E-05 9.98597E-05 9.98597E-05 9.98597E-05 0.108364 0.69809 9.98597E-05 9.98597E-05 9.98597E-05 0.0802636 9.98597E-05 9.98597E-05 9.98597E-05 9.98597E-05 9.98597E-05 9.98597E-05 0.111685 9.98597E-05 9.98597E-05
9.98509E-05 9.98509E-05 9.98509E-05 9.98509E-05 9.98509E-05 9.98509E-05 0.684052 9.98509E-05 9.98509E-05 9.98509E-05 9.98509E-05 9.98509E-05 0.152459 9.98509E-05 9.98509E-05 9.98509E-05 9.98509E-05 0.161791 9.98509E-05 9.98509E-05
9.98329E-05 9.98329E-05 9.98329E-05 9.98329E-05 9.98329E-05 9.98329E-05 9.98329E-05 9.98329E-05 9.98329E-05 9.98329E-05 0.998103 9.98329E-05 9.98329E-05 9.98329E-05 9.98329E-05 9.98329E-05 9.98329E-05 9.98329E-05 9.98329E-05 9.98329E-05
9.9833E-05 9.9833E-05 9.9833E-05 9.9833E-05 9.9833E-05 9.9833E-05 9.9833E-05 9.9833E-05 9.9833E-05 9.9833E-05 9.9833E-05 9.9833E-05 0.998103 9.9833E-05 9.9833E-05 9.9833E-05 9.9833E-05 9.9833E-05 9.9833E-05 9.9833E-05
9.98329E-05 9.98329E-05 9.98329E-05 9.98329E-05 9.98329E-05 9.98329E-05 9.98329E-05 9.98329E-05 9.98329E-05 9.98329E-05 0.998103 9.98329E-05 9.98329E-05 9.98329E-05 9.98329E-05 9.98329E-05 9.98329E-05 9.98329E-05 9.98329E-05 9.98329E-05
9.9833E-05 9.9833E-05 9.9833E-05 9.9833E-05 9.9833E-05 9.9833E-05 9.9833E-05 9.9833E-05 9.9833E-05 9.9833E-05 9.9833E-05 9.9833E-05 0.998103 9.9833E-05 9.9833E-05 9.9833E-05 9.9833E-05 9.9833E-05 9.9833E-05 9.9833E-05
9.9833E-05 9.9833E-05 9.9833E-05 9.9833E-05 9.9833E-05 9.9833E-05 9.9833E-05 9.9833E-05 9.9833E-05 9.9833E-05 9.9833E-05 9.9833E-05 0.998103 9.9833E-05 9.9833E-05 9.9833E-05 9.9833E-05 9.9833E-05 9.9833E-05 9.9833E-05
9.9833E-05 9.9833E-05 9.9833E-05 9.9833E-05 9.9833E-05 9.9833E-05 9.9833E-05 9.9833E-05 9.9833E-05 9.9833E-05 9.9833E-05 9.9833E-05 0.998103 9.9833E-05 9.9833E-05 9.9833E-05 9.9833E-05 9.9833E-05 9.9833E-05 9.9833E-05
9.9833E-05 9.9833E-05 9.9833E-05 9.9833E-05 9.9833E-05 9.9833E-05 9.9833E-05 9.9833E-05 9.9833E-05 9.9833E-05 0.998103 9.9833E-05 9.9833E-05 9.9833E-05 9.9833E-05 9.9833E-05 9.9833E-05 9.9833E-05 9.9833E-05 9.9833E-05
9.9833E-05 9.9833E-05 9.9833E-05 9.9833E-05 9.9833E-05 9.9833E-05 9.9833E-05 9.9833E-05 9.9833E-05 9.9833E-05 9.9833E-05 9.9833E-05 0.998103 9.9833E-05 9.9833E-05 9.9833E-05 9.9833E-05 9.9833E-05 9.9833E-05 9.9833E-05
9.98331E-05 9.98331E-05 9.98331E-05 9.98331E-05 9.98331E-05 9.98331E-05 9.98331E-05 9.98331E-05 9.98331E-05 9.98331E-05 9.98331E-05 9.98331E-05 0.998103 9.98331E-05 9.98331E-05 9.98331E-05 9.98331E-05 9.98331E-05 9.98331E-05 9.98331E-05
9.9833E-05 9.9833E-05 9.9833E-05 9.9833E-05 9.9833E-05 9.9833E-05 9.9833E-05 9.9833E-05 9.9833E-05 9.9833E-05 0.998103 9.9833E-05 9.9833E-05 9.9833E-05 9.9833E-05 9.9833E-05 9.9833E-05 9.9833E-05 9.9833E-05 9.9833E-05
9.98329E-05 9.98329E-05 9.98329E-05 9.98329E-05 9.98329E-05 9.98329E-05 9.98329E-05 9.98329E-05 9.98329E-05 9.98329E-05 0.998103 9.98329E-05 9.98329E-05 9.98329E-05 9.98329E-05 9.98329E-05 9.98329E-05 9.98329E-05 9.98329E-05 9.98329E-05
9.98331E-05 9.98331E-05 9.98331E-05 9.98331E-05 9.98331E-05 9.98331E-05 9.98331E-05 9.98331E-05 9.98331E-05 9.98331E-05 0.998103 9.98331E-05 9.98331E-05 9.98331E-05 9.98331E-05 9.98331E-05 9.98331E-05 9.98331E-05 9.98331E-05 9.98331E-05
9.9833E-05 9.9833E-05 9.9833E-05 9.9833E-05 9.9833E-05 9.9833E-05 9.9833E-05 9.9833E-05 9.9833E-05 9.9833E-05 9.9833E-05 9.9833E-05 0.998103 9.9833E-05 9.9833E-05 9.9833E-05 9.9833E-05 9.9833E-05 9.9833E-05 9.9833E-05
9.9833E-05 9.9833E-05 9.9833E-05 9.9833E-05 9.9833E-05 9.9833E-05 9.9833E-05 9.9833E-05 9.9833E-05 9.9833E-05 9.9833E-05 9.9833E-05 0.998103 9.9833E-05 9.9833E-05 9.9833E-05 9.9833E-05 9.9833E-05 9.9833E-05 9.9833E-05
9.98331E-05 9.98331E-05 9.98331E-05 9.98331E-05 9.98331E-05 9.98331E-05 9.98331E-05 9.98331E-05 9.98331E-05 9.98331E-05 0.998103 9.98331E-05 9.98331E-05 9.98331E-05 9.98331E-05 9.98331E-05 9.98331E-05 9.98331E-05 9.98331E-05 9.98331E-05
9.9833E-05 9.9833E-05 9.9833E-05 9.9833E-05 9.9833E-05 9.9833E-05 9.9833E-05 9.9833E-05 9.9833E-05 9.9833E-05 0.998103 9.9833E-05 9.9833E-05 9.9833E-05 9.9833E-05 9.9833E-05 9.9833E-05 9.9833E-05 9.9833E-05 9.9833E-05
9.9877E-05 9.9877E-05 9.9877E-05 9.9877E-05 9.9877E-05 9.9877E-05 0.61022 9.9877E-05 9.9877E-05 0.154523 0.0998971 0.0261357 0.0475192 9.9877E-05 9.9877E-05 0.0603061 9.9877E-05 9.9877E-05 9.9877E-05 9.9877E-05
9.9833E-05 9.9833E-05 9.9833E-05 9.9833E-05 9.9833E-05 9.9833E-05 9.9833E-05 9.9833E-05 9.9833E-05 9.9833E-05 0.998103 9.9833E-05 9.9833E-05 9.9833E-05 9.9833E-05 9.9833E-05 9.9833E-05 9.9833E-05 9.9833E-05 9.9833E-05
9.98419E-05 9.98419E-05 9.98419E-05 9.98419E-05 9.98419E-05 9.98419E-05 9.98419E-05 9.98419E-05 9.98419E-05 9.98419E-05 0.0259482 9.98419E-05 0.972255 9.98419E-05 9.98419E-05 9.98419E-05 9.98419E-05 9.98419E-05 9.98419E-05 9.98419E-05
9.98329E-05 9.98329E-05 9.98329E-05 9.98329E-05 9.98329E-05 9.98329E-05 9.98329E-05 9.98329E-05 9.98329E-05 9.98329E-05 0.998103 9.98329E-05 9.98329E-05 9.98329E-05 9.98329E-05 9.98329E-05 9.98329E-05 9.98329E-05 9.98329E-05 9.98329E-05
9.9833E-05 9.9833E-05 9.9833E-05 9.9833E-05 9.9833E-05 9.9833E-05 9.9833E-05 9.9833E-05 9.9833E-05 9.9833E-05 0.998103 9.9833E-05 9.9833E-05 9.9833E-05 9.9833E-05 9.9833E-05 9.9833E-05 9.9833E-05 9.9833E-05 9.9833E-05
9.98332E-05 9.98332E-05 9.98332E-05 9.98332E-05 9.98332E-05 9.98332E-05 9.98332E-05 9.98332E-05 9.98332E-05 9.98332E-05 0.998103 9.98332E-05 9.98332E-05 9.98332E-05 9.98332E-05 9.98332E-05 9.98332E-05 9.98332E-05 9.98332E-05 9.98332E-05
9.98331E-05 9.98331E-05 9.98331E-05 9.98331E-05 9.98331E-05 9.98331E-05 9.98331E-05 9.98331E-05 9.98331E-05 9.98331E-05 9.98331E-05 9.98331E-05 0.998103 9.98331E-05 9.98331E-05 9.98331E-05 9.98331E-05 9.98331E-05 9.98331E-05 9.98331E-05
9.9833E-05 9.9833E-05 9.9833E-05 9.9833E-05 9.9833E-05 9.9833E-05 9.9833E-05 9.9833E-05 9.9833E-05 9.9833E-05 0.998103 9.9833E-05 9.9833E-05 9.9833E-05 9.9833E-05 9.9833E-05 9.9833E-05 9.9833E-05 9.9833E-05 9.9833E-05
9.9833E-05 9.9833E-05 9.9833E-05 9.9833E-05 9.9833E-05 9.9833E-05 9.9833E-05 9.9833E-05 9.9833E-05 9.9833E-05 9.9833E-05 9.9833E-05 0.998103 9.9833E-05 9.9833E-05 9.9833E-05 9.9833E-05 9.9833E-05 9.9833E-05 9.9833E-05
9.98332E-05 9.98332E-05 9.98332E-05 9.98332E-05 9.98332E-05 9.98332E-05 9.98332E-05 9.98332E-05 9.98332E-05 9.98332E-05 0.998103 9.98332E-05 9.98332E-05 9.98332E-05 9.98332E-05 9.98332E-05 9.98332E-05 9.98332E-05 9.98332E-05 9.98332E-05
9.9833E-05 9.9833E-05 9.9833E-05 9.9833E-05 9.9833E-05 9.9833E-05 9.9833E-05 9.9833E-05 9.9833E-05 9.9833E-05 0.998103 9.9833E-05 9.9833E-05 9.9833E-05 9.9833E-05 9.9833E-05 9.9833E-05 9.9833E-05 9.9833E-05 9.9833E-05
