0.317623 9.98683E-05 0.0616232 9.98683E-05 9.98683E-05 9.98683E-05 9.98683E-05 0.278726 9.98683E-05 0.0827189 0.12712 9.98683E-05 9.98683E-05 9.98683E-05 0.0333003 9.98683E-05 9.98683E-05 0.0973914 9.98683E-05 9.98683E-05 9.98683E-05 9.98683E-05
0.702198 9.98684E-05 0.0890827 9.98684E-05 9.98684E-05 9.98684E-05 9.98684E-05 0.155451 9.98684E-05 0.0140098 9.98684E-05 0.0083935 9.98684E-05 9.98684E-05 0.00777884 9.98684E-05 9.98684E-05 9.98684E-05 9.98684E-05 9.98684E-05 9.98684E-05 0.0215886
0.833179 9.98508E-05 9.98508E-05 9.98508E-05 9.98508E-05 9.98508E-05 9.98508E-05 9.98508E-05 0.0794813 9.98508E-05 0.0264684 9.98508E-05 9.98508E-05 9.98508E-05 9.98508E-05 9.98508E-05 9.98508E-05 0.0265362 9.98508E-05 9.98508E-05 0.0326372 9.98508E-05
0.225872 9.9886E-05 9.9886E-05 0.237953 9.9886E-05 9.9886E-05 0.16865 9.9886E-05 0.0146579 9.9886E-05 0.139047 0.0944081 9.9886E-05 9.9886E-05 0.077422 9.9886E-05 9.9886E-05 0.0232739 9.9886E-05 9.9886E-05 9.9886E-05 0.0174176
0.773994 9.98421E-05 9.98421E-05 9.98421E-05 9.98421E-05 9.98421E-05 0.13661 9.98421E-05 9.98421E-05 9.98421E-05 9.98421E-05 9.98421E-05 9.98421E-05 9.98421E-05 9.98421E-05 9.98421E-05 9.98421E-05 9.98421E-05 9.98421E-05 9.98421E-05 0.0845982 0.00300039
0.126006 0.158157 9.98684E-05 9.98684E-05 0.0938915 9.98684E-05 0.353956 0.191076 9.98684E-05 9.98684E-05 9.98684E-05 9.98684E-05 9.98684E-05 9.98684E-05 9.98684E-05 9.98684E-05 9.98684E-05 9.98684E-05 9.98684E-05 0.0184745 0.056941 9.98684E-05
0.282584 0.0580876 0.110891 0.083615 9.99035E-05 9.99035E-05 9.99035E-05 0.105541 9.99035E-05 0.0129857 0.117526 9.99035E-05 9.99035E-05 9.99035E-05 0.1103 9.99035E-05 9.99035E-05 0.0247232 9.99035E-05 0.0838185 9.99035E-05 0.00882801
0.1908 0.112129 9.98948E-05 9.98948E-05 0.0989393 9.98948E-05 0.146686 0.0103759 9.98948E-05 9.98948E-05 0.202378 9.98948E-05 0.0821038 9.98948E-05 9.98948E-05 9.98948E-05 0.0659715 9.98948E-05 9.98948E-05 9.98948E-05 0.0656114 0.0238069
0.188818 9.98859E-05 0.0154371 9.98859E-05 0.224746 0.0293581 0.230581 9.98859E-05 9.98859E-05 0.127586 9.98859E-05 9.98859E-05 9.98859E-05 9.98859E-05 9.98859E-05 9.98859E-05 9.98859E-05 0.155272 9.98859E-05 9.98859E-05 0.0197808 0.00712283
0.931049 9.98332E-05 9.98332E-05 9.98332E-05 9.98332E-05 9.98332E-05 9.98332E-05 9.98332E-05 9.98332E-05 0.0445417 9.98332E-05 9.98332E-05 9.98332E-05 9.98332E-05 9.98332E-05 9.98332E-05 0.0225122 9.98332E-05 9.98332E-05 9.98332E-05 9.98332E-05 9.98332E-05
0.488806 9.98509E-05 9.98509E-05 9.98509E-05 9.98509E-05 9.98509E-05 9.98509E-05 0.0839582 9.98509E-05 0.240694 0.0504825 9.98509E-05 9.98509E-05 9.98509E-05 0.134362 9.98509E-05 9.98509E-05 9.98509E-05 9.98509E-05 9.98509E-05 9.98509E-05 9.98509E-05
0.79789 0.0774068 9.98596E-05 9.98596E-05 9.98596E-05 9.98596E-05 9.98596E-05 9.98596E-05 9.98596E-05 9.98596E-05 9.98596E-05 0.00571015 0.0515801 9.98596E-05 9.98596E-05 9.98596E-05 9.98596E-05 0.00344358 9.98596E-05 9.98596E-05 9.98596E-05 0.0623714
0.79561 9.98334E-05 9.98334E-05 9.98334E-05 9.98334E-05 9.98334E-05 9.98334E-05 9.98334E-05 9.98334E-05 0.0561382 0.146355 9.98334E-05 9.98334E-05 9.98334E-05 9.98334E-05 9.98334E-05 9.98334E-05 9.98334E-05 9.98334E-05 9.98334E-05 9.98334E-05 9.98334E-05
0.453608 9.98859E-05 9.98859E-05 9.98859E-05 9.98859E-05 0.0455113 9.98859E-05 9.98859E-05 9.98859E-05 0.041802 0.0632094 9.98859E-05 9.98859E-05 0.277533 0.0580879 9.98859E-05 9.98859E-05 9.98859E-05 0.0375855 0.00630205 0.0150627 9.98859E-05
0.269922 0.0581765 9.99034E-05 9.99034E-05 0.0359918 0.0488109 9.99034E-05 0.15577 0.211696 0.109611 0.075391 0.0017805 9.99034E-05 9.99034E-05 9.99034E-05 9.99034E-05 9.99034E-05 9.99034E-05 0.0274613 9.99034E-05 0.00428911 9.99034E-05
0.1383 9.99034E-05 9.99034E-05 0.0949915 0.132166 9.99034E-05 0.149635 0.138284 9.99034E-05 0.0411362 0.0669523 9.99034E-05 0.186628 9.99034E-05 9.99034E-05 9.99034E-05 0.0250744 9.99034E-05 0.00635221 9.99034E-05 9.99034E-05 0.0193813
0.566296 9.98772E-05 0.0242062 0.16734 9.98772E-05 9.98772E-05 9.98772E-05 9.98772E-05 9.98772E-05 0.0219872 0.00603728 9.98772E-05 9.98772E-05 9.98772E-05 0.0386924 0.154637 9.98772E-05 9.98772E-05 0.0194059 9.98772E-05 9.98772E-05 9.98772E-05
0.0949769 9.98772E-05 9.98772E-05 9.98772E-05 9.98772E-05 9.98772E-05 0.141681 0.233493 9.98772E-05 0.114987 0.146876 0.083569 9.98772E-05 9.98772E-05 9.98772E-05 9.98772E-05 0.144115 9.98772E-05 9.98772E-05 9.98772E-05 9.98772E-05 0.0389043
0.287978 0.0965203 9.98684E-05 9.98684E-05 0.0843189 9.98684E-05 9.98684E-05 9.98684E-05 9.98684E-05 0.172715 0.314044 9.98684E-05 9.98684E-05 9.98684E-05 0.0046974 9.98684E-05 9.98684E-05 9.98684E-05 0.0382288 9.98684E-05 9.98684E-05 9.98684E-05
0.878735 0.015698 9.98421E-05 9.98421E-05 9.98421E-05 9.98421E-05 9.98421E-05 9.98421E-05 9.98421E-05 0.0291549 9.98421E-05 0.0746146 9.98421E-05 9.98421E-05 9.98421E-05 9.98421E-05 9.98421E-05 9.98421E-05 9.98421E-05 9.98421E-05 9.98421E-05 9.98421E-05
0.465143 9.99035E-05 9.99035E-05 0.0236711 0.081072 0.0319141 0.0792774 9.99035E-05 9.99035E-05 0.0398039 0.00953999 9.99035E-05 0.129044 9.99035E-05 0.00497171 9.99035E-05 9.99035E-05 0.00302544 9.99035E-05 9.99035E-05 9.99035E-05 0.131438
0.21871 0.0893842 9.98685E-05 9.98685E-05 0.137297 9.98685E-05 9.98685E-05 9.98685E-05 0.0732655 9.98685E-05 0.346087 9.98685E-05 9.98685E-05 9.98685E-05 9.98685E-05 9.98685E-05 9.98685E-05 9.98685E-05 9.98685E-05 9.98685E-05 0.0679743 0.0657845
0.568407 9.98508E-05 9.98508E-05 9.98508E-05 9.98508E-05 9.98508E-05 0.13128 0.190744 9.98508E-05 0.082986 9.98508E-05 9.98508E-05 9.98508E-05 9.98508E-05 0.0248855 9.98508E-05 9.98508E-05 9.98508E-05 9.98508E-05 9.98508E-05 9.98508E-05 9.98508E-05
0.353578 9.9842E-05 9.9842E-05 9.9842E-05 9.9842E-05 9.9842E-05 9.9842E-05 9.9842E-05 9.9842E-05 0.270637 0.289309 9.9842E-05 9.9842E-05 9.9842E-05 9.9842E-05 9.9842E-05 9.9842E-05 0.0846794 9.9842E-05 9.9842E-05 9.9842E-05 9.9842E-05
0.25796 9.98859E-05 9.98859E-05 9.98859E-05 0.0112557 0.00767738 9.98859E-05 9.98859E-05 0.195668 0.265317 0.0773331 0.0417134 9.98859E-05 9.98859E-05 0.00990028 9.98859E-05 9.98859E-05 9.98859E-05 0.131877 9.98859E-05 9.98859E-05 9.98859E-05
0.63925 9.98509E-05 9.98509E-05 0.050932 9.98509E-05 9.98509E-05 9.98509E-05 9.98509E-05 0.120638 0.114762 0.0727211 9.98509E-05 9.98509E-05 9.98509E-05 9.98509E-05 9.98509E-05 9.98509E-05 9.98509E-05 9.98509E-05 9.98509E-05 9.98509E-05 9.98509E-05
9.98596E-05 9.98596E-05 9.98596E-05 9.98596E-05 9.98596E-05 9.98596E-05 9.98596E-05 9.98596E-05 0.435285 0.0688814 0.336063 9.98596E-05 9.98596E-05 9.98596E-05 9.98596E-05 9.98596E-05 0.0687362 9.98596E-05 9.98596E-05 9.98596E-05 0.0647856 0.0246509
0.709857 0.0300165 9.98597E-05 0.163119 9.98597E-05 0.0336036 9.98597E-05 9.98597E-05 9.98597E-05 0.0351996 0.0266071 9.98597E-05 9.98597E-05 9.98597E-05 9.98597E-05 9.98597E-05 9.98597E-05 9.98597E-05 9.98597E-05 9.98597E-05 9.98597E-05 9.98597E-05
0.574327 9.98509E-05 9.98509E-05 9.98509E-05 9.98509E-05 9.98509E-05 9.98509E-05 0.106614 0.0867977 0.178311 0.052253 9.98509E-05 9.98509E-05 9.98509E-05 9.98509E-05 9.98509E-05 9.98509E-05 9.98509E-05 9.98509E-05 9.98509E-05 9.98509E-05 9.98509E-05
0.642731 0.0380824 0.00485183 9.98947E-05 0.152979 9.98947E-05 9.98947E-05 9.98947E-05 0.000265833 0.0426136 9.98947E-05 9.98947E-05 9.98947E-05 0.0330588 0.0192406 9.98947E-05 9.98947E-05 9.98947E-05 0.0520256 0.012953 9.98947E-05 9.98947E-05
0.602672 0.0186288 9.98771E-05 9.98771E-05 0.0531411 9.98771E-05 9.98771E-05 0.081656 9.98771E-05 0.0287182 0.0390125 9.98771E-05 9.98771E-05 9.98771E-05 0.09572 9.98771E-05 9.98771E-05 9.98771E-05 0.0790532 9.98771E-05 9.98771E-05 9.98771E-05
0.447079 0.029062 9.98772E-05 0.0727817 9.98772E-05 9.98772E-05 0.279949 0.0370512 9.98772E-05 0.0467581 0.0671108 9.98772E-05 9.98772E-05 9.98772E-05 9.98772E-05 9.98772E-05 9.98772E-05 9.98772E-05 0.0188096 9.98772E-05 9.98772E-05 9.98772E-05
0.411859 9.98683E-05 9.98683E-05 9.98683E-05 9.98683E-05 9.98683E-05 9.98683E-05 0.119401 0.0816897 0.127347 0.146902 9.98683E-05 0.0406051 9.98683E-05 0.0706978 9.98683E-05 9.98683E-05 9.98683E-05 9.98683E-05 9.98683E-05 9.98683E-05 9.98683E-05
0.390924 0.0552661 9.98772E-05 9.98772E-05 9.98772E-05 9.98772E-05 9.98772E-05 9.98772E-05 0.279998 0.0933784 0.122446 9.98772E-05 9.98772E-05 0.00188199 9.98772E-05 9.98772E-05 9.98772E-05 0.0279463 9.98772E-05 0.0267621 9.98772E-05 9.98772E-05
0.795242 9.98685E-05 0.0741657 9.98685E-05 0.00775345 9.98685E-05 9.98685E-05 9.98685E-05 9.98685E-05 0.0350476 9.98685E-05 0.0366414 9.98685E-05 9.98685E-05 0.037255 9.98685E-05 9.98685E-05 9.98685E-05 0.0123968 9.98685E-05 9.98685E-05 9.98685E-05
0.671399 9.98772E-05 0.00797123 0.146544 0.0219229 9.98772E-05 9.98772E-05 0.0463692 9.98772E-05 0.0105003 0.0677858 9.98772E-05 9.98772E-05 9.98772E-05 9.98772E-05 9.98772E-05 9.98772E-05 0.0261089 9.98772E-05 9.98772E-05 9.98772E-05 9.98772E-05
0.854772 0.117762 0.00925367 9.98422E-05 9.98422E-05 9.98422E-05 9.98422E-05 9.98422E-05 9.98422E-05 9.98422E-05 9.98422E-05 9.98422E-05 9.98422E-05 9.98422E-05 9.98422E-05 9.98422E-05 9.98422E-05 9.98422E-05 9.98422E-05 0.0164147 9.98422E-05 9.98422E-05
0.649228 9.98597E-05 0.036955 0.00197717 0.113284 9.98597E-05 9.98597E-05 9.98597E-05 9.98597E-05 0.051963 9.98597E-05 0.144995 9.98597E-05 9.98597E-05 9.98597E-05 9.98597E-05 9.98597E-05 9.98597E-05 9.98597E-05 9.98597E-05 9.98597E-05 9.98597E-05
0.492985 0.00648522 0.0443078 9.9886E-05 0.00996568 9.9886E-05 9.9886E-05 9.9886E-05 9.9886E-05 0.167472 0.0355974 9.9886E-05 9.9886E-05 9.9886E-05 0.00215016 0.15028 9.9886E-05 9.9886E-05 9.9886E-05 9.9886E-05 0.0894584 9.9886E-05
0.400257 0.0357403 9.98771E-05 9.98771E-05 9.98771E-05 9.98771E-05 9.98771E-05 9.98771E-05 0.035112 0.177082 0.0958003 9.98771E-05 0.139262 0.0763357 0.0390118 9.98771E-05 9.98771E-05 9.98771E-05 9.98771E-05 9.98771E-05 9.98771E-05 9.98771E-05
0.770345 0.0266786 9.98422E-05 9.98422E-05 9.98422E-05 9.98422E-05 9.98422E-05 9.98422E-05 9.98422E-05 0.0638465 0.137333 9.98422E-05 9.98422E-05 9.98422E-05 9.98422E-05 9.98422E-05 9.98422E-05 9.98422E-05 9.98422E-05 9.98422E-05 9.98422E-05 9.98422E-05
0.594194 9.98423E-05 9.98423E-05 9.98423E-05 9.98423E-05 9.98423E-05 9.98423E-05 9.98423E-05 9.98423E-05 0.0756447 0.322903 9.98423E-05 9.98423E-05 9.98423E-05 9.98423E-05 9.98423E-05 9.98423E-05 0.00546138 9.98423E-05 9.98423E-05 9.98423E-05 9.98423E-05
0.75622 0.012132 0.033818 9.98595E-05 9.98595E-05 0.00534634 9.98595E-05 9.98595E-05 9.98595E-05 9.98595E-05 0.0431974 9.98595E-05 9.98595E-05 0.147689 9.98595E-05 9.98595E-05 9.98595E-05 9.98595E-05 9.98595E-05 9.98595E-05 9.98595E-05 9.98595E-05
0.341016 9.98771E-05 9.98771E-05 9.98771E-05 0.0981124 9.98771E-05 0.116097 0.149094 9.98771E-05 0.118413 0.128583 9.98771E-05 9.98771E-05 9.98771E-05 0.0329793 9.98771E-05 9.98771E-05 0.0143074 9.98771E-05 9.98771E-05 9.98771E-05 9.98771E-05
0.252938 9.98509E-05 9.98509E-05 0.085581 9.98509E-05 9.98509E-05 9.98509E-05 9.98509E-05 9.98509E-05 0.176708 0.385538 9.98509E-05 9.98509E-05 9.98509E-05 9.98509E-05 9.98509E-05 9.98509E-05 9.98509E-05 9.98509E-05 9.98509E-05 0.0975374 9.98509E-05
0.812003 0.000106656 9.98683E-05 9.98683E-05 9.98683E-05 9.98683E-05 9.98683E-05 9.98683E-05 0.0401026 0.0197799 0.00593654 0.107562 9.98683E-05 9.98683E-05 9.98683E-05 9.98683E-05 0.0130112 9.98683E-05 9.98683E-05 9.98683E-05 9.98683E-05 9.98683E-05
0.759411 9.98508E-05 9.98508E-05 9.98508E-05 0.0216271 9.98508E-05 0.135415 9.98508E-05 9.98508E-05 0.0216307 9.98508E-05 9.98508E-05 9.98508E-05 9.98508E-05 9.98508E-05 9.98508E-05 0.0602192 9.98508E-05 9.98508E-05 9.98508E-05 9.98508E-05 9.98508E-05
0.805016 9.98509E-05 9.98509E-05 9.98509E-05 9.98509E-05 9.98509E-05 9.98509E-05 0.110866 9.98509E-05 0.065532 9.98509E-05 0.00271896 9.98509E-05 9.98509E-05 9.98509E-05 9.98509E-05 9.98509E-05 9.98509E-05 9.98509E-05 9.98509E-05 0.0141698 9.98509E-05
0.61697 9.98508E-05 9.98508E-05 9.98508E-05 9.98508E-05 9.98508E-05 9.98508E-05 0.0309038 9.98508E-05 0.167427 0.125943 9.98508E-05 9.98508E-05 9.98508E-05 9.98508E-05 9.98508E-05 0.0570586 9.98508E-05 9.98508E-05 9.98508E-05 9.98508E-05 9.98508E-05
0.682377 0.0613223 0.00585448 9.98686E-05 9.98686E-05 9.98686E-05 0.0263642 9.98686E-05 9.98686E-05 9.98686E-05 0.0598239 9.98686E-05 9.98686E-05 9.98686E-05 9.98686E-05 9.98686E-05 9.98686E-05 9.98686E-05 9.98686E-05 0.107957 0.0548029 9.98686E-05
0.254668 9.98946E-05 9.98946E-05 9.98946E-05 0.0171354 9.98946E-05 0.258384 0.00680652 0.000834799 0.180253 0.0886396 9.98946E-05 9.98946E-05 9.98946E-05 0.155491 9.98946E-05 0.0137317 0.0228563 9.98946E-05 9.98946E-05 9.98946E-05 9.98946E-05
0.555359 9.98597E-05 9.98597E-05 0.184659 9.98597E-05 9.98597E-05 9.98597E-05 9.98597E-05 9.98597E-05 9.98597E-05 0.186405 0.0299283 9.98597E-05 9.98597E-05 9.98597E-05 9.98597E-05 9.98597E-05 0.0141455 9.98597E-05 9.98597E-05 0.0279063 9.98597E-05
0.784325 9.98684E-05 0.0721463 9.98684E-05 9.98684E-05 9.98684E-05 9.98684E-05 9.98684E-05 0.0691899 0.0159814 0.00785148 9.98684E-05 9.98684E-05 9.98684E-05 9.98684E-05 9.98684E-05 0.032509 9.98684E-05 0.0164987 9.98684E-05 9.98684E-05 9.98684E-05
0.596497 9.98948E-05 9.98948E-05 9.98948E-05 0.0235868 0.042442 9.98948E-05 9.98948E-05 9.98948E-05 9.98948E-05 0.00679026 0.0160986 0.152201 0.0200421 9.98948E-05 9.98948E-05 0.0177536 9.98948E-05 9.98948E-05 0.039143 0.0842468 9.98948E-05
0.704532 9.98424E-05 9.98424E-05 9.98424E-05 9.98424E-05 0.0556516 9.98424E-05 9.98424E-05 9.98424E-05 0.0949567 9.98424E-05 9.98424E-05 9.98424E-05 9.98424E-05 9.98424E-05 9.98424E-05 9.98424E-05 9.98424E-05 0.143063 9.98424E-05 9.98424E-05 9.98424E-05
0.622895 0.144982 9.98686E-05 9.98686E-05 9.98686E-05 9.98686E-05 9.98686E-05 9.98686E-05 0.0931402 9.98686E-05 9.98686E-05 0.108934 0.00247603 9.98686E-05 0.0163898 9.98686E-05 9.98686E-05 9.98686E-05 9.98686E-05 9.98686E-05 0.0096857 9.98686E-05
0.701024 0.133 0.0426427 9.98684E-05 9.98684E-05 9.98684E-05 9.98684E-05 9.98684E-05 9.98684E-05 0.035759 0.0413488 9.98684E-05 9.98684E-05 9.98684E-05 0.0360156 9.98684E-05 0.0087122 9.98684E-05 9.98684E-05 9.98684E-05 9.98684E-05 9.98684E-05
0.770317 9.98423E-05 9.98423E-05 0.132371 9.98423E-05 9.98423E-05 9.98423E-05 9.98423E-05 9.98423E-05 0.0925546 9.98423E-05 9.98423E-05 9.98423E-05 9.98423E-05 0.00295963 9.98423E-05 9.98423E-05 9.98423E-05 9.98423E-05 9.98423E-05 9.98423E-05 9.98423E-05
0.853011 9.98683E-05 0.0255165 0.0217109 0.0088727 9.98683E-05 9.98683E-05 9.98683E-05 9.98683E-05 0.0316979 9.98683E-05 9.98683E-05 9.98683E-05 9.98683E-05 0.0243297 9.98683E-05 9.98683E-05 9.98683E-05 9.98683E-05 0.0333629 9.98683E-05 9.98683E-05
9.9877E-05 9.9877E-05 0.0495781 9.9877E-05 0.0338795 0.0105099 9.9877E-05 0.680996 0.0121681 0.15979 9.9877E-05 9.9877E-05 9.9877E-05 9.9877E-05 0.022504 9.9877E-05 0.0291756 9.9877E-05 9.9877E-05 9.9877E-05 9.9877E-05 9.9877E-05
9.98247E-05 9.98247E-05 9.98247E-05 0.00226931 9.98247E-05 9.98247E-05 9.98247E-05 0.995734 9.98247E-05 9.98247E-05 9.98247E-05 9.98247E-05 9.98247E-05 9.98247E-05 9.98247E-05 9.98247E-05 9.98247E-05 9.98247E-05 9.98247E-05 9.98247E-05 9.98247E-05 9.98247E-05
9.98245E-05 9.98245E-05 9.98245E-05 9.98245E-05 9.98245E-05 9.98245E-05 9.98245E-05 0.980662 9.98245E-05 9.98245E-05 9.98245E-05 9.98245E-05 9.98245E-05 9.98245E-05 9.98245E-05 9.98245E-05 0.0173418 9.98245E-05 9.98245E-05 9.98245E-05 9.98245E-05 9.98245E-05
9.98684E-05 9.98684E-05 0.223154 9.98684E-05 0.112583 9.98684E-05 9.98684E-05 0.253388 0.253993 0.0547142 9.98684E-05 9.98684E-05 9.98684E-05 9.98684E-05 9.98684E-05 9.98684E-05 0.0211722 9.98684E-05 9.98684E-05 0.0794976 9.98684E-05 9.98684E-05
9.98769E-05 0.0604592 9.98769E-05 9.98769E-05 0.103653 9.98769E-05 9.98769E-05 0.618642 9.98769E-05 0.0223194 0.0650669 0.0112804 9.98769E-05 9.98769E-05 9.98769E-05 9.98769E-05 9.98769E-05 9.98769E-05 9.98769E-05 0.0581989 0.0589824 9.98769E-05
9.9868E-05 9.9868E-05 9.9868E-05 9.9868E-05 0.095882 9.9868E-05 9.9868E-05 0.563787 0.086053 0.120726 0.103624 9.9868E-05 9.9868E-05 9.9868E-05 0.0235658 9.9868E-05 9.9868E-05 0.00486395 9.9868E-05 9.9868E-05 9.9868E-05 9.9868E-05
9.98507E-05 9.98507E-05 0.284573 0.108374 9.98507E-05 9.98507E-05 9.98507E-05 0.461893 9.98507E-05 0.0821247 9.98507E-05 9.98507E-05 9.98507E-05 9.98507E-05 0.0613389 9.98507E-05 9.98507E-05 9.98507E-05 9.98507E-05 9.98507E-05 9.98507E-05 9.98507E-05
9.9877E-05 9.9877E-05 0.0575467 9.9877E-05 0.110866 9.9877E-05 0.0546884 0.513822 0.0147127 0.105497 9.9877E-05 9.9877E-05 9.9877E-05 9.9877E-05 9.9877E-05 9.9877E-05 0.0729665 9.9877E-05 9.9877E-05 0.0685019 9.9877E-05 9.9877E-05
9.98421E-05 9.98421E-05 0.00507047 9.98421E-05 9.98421E-05 9.98421E-05 9.98421E-05 0.988862 9.98421E-05 9.98421E-05 9.98421E-05 9.98421E-05 9.98421E-05 9.98421E-05 0.00174702 9.98421E-05 0.00252368 9.98421E-05 9.98421E-05 9.98421E-05 9.98421E-05 9.98421E-05
9.98332E-05 0.0217075 9.98332E-05 0.0748976 9.98332E-05 9.98332E-05 9.98332E-05 0.901498 9.98332E-05 9.98332E-05 9.98332E-05 9.98332E-05 9.98332E-05 9.98332E-05 9.98332E-05 9.98332E-05 9.98332E-05 9.98332E-05 9.98332E-05 9.98332E-05 9.98332E-05 9.98332E-05
9.98418E-05 9.98418E-05 9.98418E-05 9.98418E-05 0.0574619 9.98418E-05 9.98418E-05 0.453193 9.98418E-05 0.286246 9.98418E-05 9.98418E-05 9.98418E-05 9.98418E-05 0.201302 9.98418E-05 9.98418E-05 9.98418E-05 9.98418E-05 9.98418E-05 9.98418E-05 9.98418E-05
9.99033E-05 0.037653 0.0574096 0.0230354 9.99033E-05 0.0103197 9.99033E-05 0.441993 9.99033E-05 0.0719412 0.223761 9.99033E-05 0.0309359 9.99033E-05 0.00130495 9.99033E-05 9.99033E-05 9.99033E-05 0.0583315 0.0422155 9.99033E-05 9.99033E-05
9.98593E-05 9.98593E-05 9.98593E-05 9.98593E-05 0.123129 9.98593E-05 0.159174 0.415624 9.98593E-05 9.98593E-05 9.98593E-05 9.98593E-05 0.0695118 9.98593E-05 0.112582 9.98593E-05 9.98593E-05 9.98593E-05 9.98593E-05 9.98593E-05 9.98593E-05 0.118381
9.98682E-05 0.0220707 0.0461782 9.98682E-05 9.98682E-05 9.98682E-05 9.98682E-05 0.506377 9.98682E-05 0.203252 0.156814 9.98682E-05 9.98682E-05 9.98682E-05 9.98682E-05 9.98682E-05 9.98682E-05 9.98682E-05 9.98682E-05 0.0152708 9.98682E-05 0.0485391
9.98248E-05 9.98248E-05 9.98248E-05 9.98248E-05 9.98248E-05 9.98248E-05 9.98248E-05 0.85902 0.138983 9.98248E-05 9.98248E-05 9.98248E-05 9.98248E-05 9.98248E-05 9.98248E-05 9.98248E-05 9.98248E-05 9.98248E-05 9.98248E-05 9.98248E-05 9.98248E-05 9.98248E-05
9.98597E-05 9.98597E-05 9.98597E-05 0.0432815 0.0376715 9.98597E-05 9.98597E-05 0.841165 9.98597E-05 0.0476332 0.00845352 9.98597E-05 9.98597E-05 9.98597E-05 0.0201976 9.98597E-05 9.98597E-05 9.98597E-05 9.98597E-05 9.98597E-05 9.98597E-05 9.98597E-05
9.98595E-05 0.155144 9.98595E-05 9.98595E-05 9.98595E-05 9.98595E-05 0.12978 0.623195 9.98595E-05 0.00878744 9.98595E-05 9.98595E-05 9.98595E-05 9.98595E-05 9.98595E-05 9.98595E-05 0.0116035 9.98595E-05 9.98595E-05 0.0698921 9.98595E-05 9.98595E-05
9.98595E-05 0.0745117 9.98595E-05 0.0322064 0.0493618 9.98595E-05 9.98595E-05 0.618649 9.98595E-05 9.98595E-05 0.102997 9.98595E-05 9.98595E-05 9.98595E-05 0.120677 9.98595E-05 9.98595E-05 9.98595E-05 9.98595E-05 9.98595E-05 9.98595E-05 9.98595E-05
9.98508E-05 9.98508E-05 9.98508E-05 9.98508E-05 0.0590453 9.98508E-05 9.98508E-05 0.763553 9.98508E-05 0.106219 9.98508E-05 9.98508E-05 9.98508E-05 9.98508E-05 9.98508E-05 9.98508E-05 0.0549934 9.98508E-05 0.0144924 9.98508E-05 9.98508E-05 9.98508E-05
9.98601E-05 9.98601E-05 9.98601E-05 9.98601E-05 9.98601E-05 9.98601E-05 9.98601E-05 0.598101 0.0303458 0.221604 9.98601E-05 0.0218522 0.104707 9.98601E-05 0.0217918 9.98601E-05 9.98601E-05 9.98601E-05 9.98601E-05 9.98601E-05 9.98601E-05 9.98601E-05
9.98161E-05 9.98161E-05 9.98161E-05 9.98161E-05 9.98161E-05 9.98161E-05 9.98161E-05 0.997904 9.98161E-05 9.98161E-05 9.98161E-05 9.98161E-05 9.98161E-05 9.98161E-05 9.98161E-05 9.98161E-05 9.98161E-05 9.98161E-05 9.98161E-05 9.98161E-05 9.98161E-05 9.98161E-05
9.98506E-05 0.0265969 9.98506E-05 9.98506E-05 9.98506E-05 9.98506E-05 0.076501 0.548181 9.98506E-05 0.0454294 0.301594 9.98506E-05 9.98506E-05 9.98506E-05 9.98506E-05 9.98506E-05 9.98506E-05 9.98506E-05 9.98506E-05 9.98506E-05 9.98506E-05 9.98506E-05
9.98509E-05 9.98509E-05 0.0165124 9.98509E-05 9.98509E-05 9.98509E-05 0.28681 0.565054 9.98509E-05 0.030716 0.0992098 9.98509E-05 9.98509E-05 9.98509E-05 9.98509E-05 9.98509E-05 9.98509E-05 9.98509E-05 9.98509E-05 9.98509E-05 9.98509E-05 9.98509E-05
9.98595E-05 0.155933 9.98595E-05 9.98595E-05 0.0142815 9.98595E-05 0.0949883 0.649728 9.98595E-05 9.98595E-05 9.98595E-05 9.98595E-05 9.98595E-05 9.98595E-05 9.98595E-05 9.98595E-05 0.0403312 0.0431397 9.98595E-05 9.98595E-05 9.98595E-05 9.98595E-05
9.98418E-05 9.98418E-05 9.98418E-05 0.0101107 9.98418E-05 0.0571081 9.98418E-05 0.787436 9.98418E-05 9.98418E-05 9.98418E-05 9.98418E-05 9.98418E-05 9.98418E-05 0.143548 9.98418E-05 9.98418E-05 9.98418E-05 9.98418E-05 9.98418E-05 9.98418E-05 9.98418E-05
9.98336E-05 9.98336E-05 9.98336E-05 9.98336E-05 0.0291489 9.98336E-05 9.98336E-05 0.955568 9.98336E-05 0.0133866 9.98336E-05 9.98336E-05 9.98336E-05 9.98336E-05 9.98336E-05 9.98336E-05 9.98336E-05 9.98336E-05 9.98336E-05 9.98336E-05 9.98336E-05 9.98336E-05
9.98159E-05 9.98159E-05 9.98159E-05 9.98159E-05 9.98159E-05 9.98159E-05 9.98159E-05 0.997904 9.98159E-05 9.98159E-05 9.98159E-05 9.98159E-05 9.98159E-05 9.98159E-05 9.98159E-05 9.98159E-05 9.98159E-05 9.98159E-05 9.98159E-05 9.98159E-05 9.98159E-05 9.98159E-05
9.98159E-05 9.98159E-05 9.98159E-05 9.98159E-05 9.98159E-05 9.98159E-05 9.98159E-05 0.997904 9.98159E-05 9.98159E-05 9.98159E-05 9.98159E-05 9.98159E-05 9.98159E-05 9.98159E-05 9.98159E-05 9.98159E-05 9.98159E-05 9.98159E-05 9.98159E-05 9.98159E-05 9.98159E-05
9.98421E-05 9.98421E-05 9.98421E-05 9.98421E-05 9.98421E-05 9.98421E-05 9.98421E-05 0.798561 9.98421E-05 0.0707644 9.98421E-05 9.98421E-05 9.98421E-05 9.98421E-05 9.98421E-05 9.98421E-05 0.110558 9.98421E-05 9.98421E-05 9.98421E-05 0.0183199 9.98421E-05
9.98422E-05 9.98422E-05 9.98422E-05 9.98422E-05 0.0360619 9.98422E-05 9.98422E-05 0.574734 9.98422E-05 0.099031 9.98422E-05 9.98422E-05 9.98422E-05 0.288376 9.98422E-05 9.98422E-05 9.98422E-05 9.98422E-05 9.98422E-05 9.98422E-05 9.98422E-05 9.98422E-05
9.98421E-05 9.98421E-05 9.98421E-05 9.98421E-05 0.073978 9.98421E-05 0.242322 9.98421E-05 0.608438 0.0734651 9.98421E-05 9.98421E-05 9.98421E-05 9.98421E-05 9.98421E-05 9.98421E-05 9.98421E-05 9.98421E-05 9.98421E-05 9.98421E-05 9.98421E-05 9.98421E-05
9.98245E-05 9.98245E-05 9.98245E-05 9.98245E-05 9.98245E-05 9.98245E-05 9.98245E-05 9.98245E-05 0.381978 9.98245E-05 9.98245E-05 9.98245E-05 9.98245E-05 0.616026 9.98245E-05 9.98245E-05 9.98245E-05 9.98245E-05 9.98245E-05 9.98245E-05 9.98245E-05 9.98245E-05
9.98333E-05 9.98333E-05 9.98333E-05 9.98333E-05 9.98333E-05 9.98333E-05 9.98333E-05 9.98333E-05 0.952777 0.0181876 9.98333E-05 9.98333E-05 9.98333E-05 9.98333E-05 9.98333E-05 9.98333E-05 9.98333E-05 9.98333E-05 9.98333E-05 9.98333E-05 0.0271382 9.98333E-05
9.98507E-05 9.98507E-05 9.98507E-05 9.98507E-05 0.000163995 9.98507E-05 9.98507E-05 9.98507E-05 0.86825 0.0918661 9.98507E-05 9.98507E-05 9.98507E-05 9.98507E-05 0.0135576 9.98507E-05 0.0244648 9.98507E-05 9.98507E-05 9.98507E-05 9.98507E-05 9.98507E-05
9.98331E-05 9.98331E-05 9.98331E-05 9.98331E-05 0.0263752 9.98331E-05 9.98331E-05 9.98331E-05 0.969965 9.98331E-05 9.98331E-05 9.98331E-05 9.98331E-05 9.98331E-05 9.98331E-05 9.98331E-05 9.98331E-05 0.00176268 9.98331E-05 9.98331E-05 9.98331E-05 9.98331E-05
9.9842E-05 9.9842E-05 9.9842E-05 0.0242244 0.101498 9.9842E-05 0.788422 9.9842E-05 9.9842E-05 0.0840585 9.9842E-05 9.9842E-05 9.9842E-05 9.9842E-05 9.9842E-05 9.9842E-05 9.9842E-05 9.9842E-05 9.9842E-05 9.9842E-05 9.9842E-05 9.9842E-05
9.98596E-05 9.98596E-05 9.98596E-05 9.98596E-05 0.0451484 9.98596E-05 9.98596E-05 9.98596E-05 0.850707 0.0462845 0.00865459 9.98596E-05 9.98596E-05 0.0431175 9.98596E-05 9.98596E-05 0.0044898 9.98596E-05 9.98596E-05 9.98596E-05 9.98596E-05 9.98596E-05
9.98245E-05 9.98245E-05 9.98245E-05 9.98245E-05 0.157205 9.98245E-05 9.98245E-05 9.98245E-05 0.840799 9.98245E-05 9.98245E-05 9.98245E-05 9.98245E-05 9.98245E-05 9.98245E-05 9.98245E-05 9.98245E-05 9.98245E-05 9.98245E-05 9.98245E-05 9.98245E-05 9.98245E-05
9.98507E-05 9.98507E-05 0.20378 9.98507E-05 0.288192 9.98507E-05 9.98507E-05 9.98507E-05 0.409984 0.0571073 9.98507E-05 9.98507E-05 9.98507E-05 9.98507E-05 9.98507E-05 9.98507E-05 9.98507E-05 9.98507E-05 0.0392393 9.98507E-05 9.98507E-05 9.98507E-05
9.9842E-05 9.9842E-05 9.9842E-05 0.0125532 0.18672 9.9842E-05 9.9842E-05 9.9842E-05 0.612237 0.186693 9.9842E-05 9.9842E-05 9.9842E-05 9.9842E-05 9.9842E-05 9.9842E-05 9.9842E-05 9.9842E-05 9.9842E-05 9.9842E-05 9.9842E-05 9.9842E-05
9.98508E-05 9.98508E-05 0.142589 9.98508E-05 9.98508E-05 9.98508E-05 9.98508E-05 9.98508E-05 0.341319 0.032681 9.98508E-05 9.98508E-05 9.98508E-05 9.98508E-05 0.00621701 0.475497 9.98508E-05 9.98508E-05 9.98508E-05 9.98508E-05 9.98508E-05 9.98508E-05
9.98596E-05 9.98596E-05 0.0282225 9.98596E-05 9.98596E-05 9.98596E-05 0.725796 9.98596E-05 0.00926548 0.033312 9.98596E-05 9.98596E-05 9.98596E-05 9.98596E-05 0.0607728 0.141034 9.98596E-05 9.98596E-05 9.98596E-05 9.98596E-05 9.98596E-05 9.98596E-05
9.98335E-05 9.98335E-05 9.98335E-05 9.98335E-05 0.0295309 9.98335E-05 9.98335E-05 9.98335E-05 0.893776 9.98335E-05 9.98335E-05 9.98335E-05 9.98335E-05 0.074796 9.98335E-05 9.98335E-05 9.98335E-05 9.98335E-05 9.98335E-05 9.98335E-05 9.98335E-05 9.98335E-05
9.98678E-05 9.98678E-05 9.98678E-05 9.98678E-05 0.129153 9.98678E-05 0.572694 9.98678E-05 0.00352236 0.146601 9.98678E-05 9.98678E-05 9.98678E-05 9.98678E-05 9.98678E-05 0.0810621 9.98678E-05 0.0653692 9.98678E-05 9.98678E-05 9.98678E-05 9.98678E-05
9.98422E-05 9.98422E-05 9.98422E-05 9.98422E-05 0.0969393 9.98422E-05 9.98422E-05 9.98422E-05 0.718374 9.98422E-05 9.98422E-05 9.98422E-05 9.98422E-05 0.0631834 9.98422E-05 9.98422E-05 0.119706 9.98422E-05 9.98422E-05 9.98422E-05 9.98422E-05 9.98422E-05
9.98596E-05 9.98596E-05 0.148153 0.0665158 0.0147824 9.98596E-05 9.98596E-05 9.98596E-05 0.680715 0.0790964 9.98596E-05 9.98596E-05 9.98596E-05 9.98596E-05 9.98596E-05 9.98596E-05 9.98596E-05 9.98596E-05 9.98596E-05 9.98596E-05 0.00913966 9.98596E-05
9.98596E-05 9.98596E-05 0.185916 9.98596E-05 9.98596E-05 9.98596E-05 0.262788 9.98596E-05 0.414724 0.0758835 9.98596E-05 0.0135562 9.98596E-05 9.98596E-05 9.98596E-05 0.0455347 9.98596E-05 9.98596E-05 9.98596E-05 9.98596E-05 9.98596E-05 9.98596E-05
9.98685E-05 9.98685E-05 9.98685E-05 9.98685E-05 0.0796886 9.98685E-05 0.258205 9.98685E-05 0.522293 9.98685E-05 0.0446129 9.98685E-05 9.98685E-05 9.98685E-05 9.98685E-05 0.00890405 9.98685E-05 9.98685E-05 9.98685E-05 0.0227705 0.0620281 9.98685E-05
9.98335E-05 9.98335E-05 9.98335E-05 9.98335E-05 9.98335E-05 9.98335E-05 9.98335E-05 9.98335E-05 0.917415 9.98335E-05 9.98335E-05 9.98335E-05 9.98335E-05 9.98335E-05 0.0216329 0.0590553 9.98335E-05 9.98335E-05 9.98335E-05 9.98335E-05 9.98335E-05 9.98335E-05
9.98772E-05 9.98772E-05 9.98772E-05 0.00125915 0.164021 0.059825 9.98772E-05 9.98772E-05 0.396944 0.0868332 9.98772E-05 9.98772E-05 9.98772E-05 9.98772E-05 0.0684877 0.214165 0.00706622 9.98772E-05 9.98772E-05 9.98772E-05 9.98772E-05 9.98772E-05
9.98684E-05 9.98684E-05 0.115357 9.98684E-05 0.00082506 9.98684E-05 0.175827 9.98684E-05 0.578322 0.060012 9.98684E-05 9.98684E-05 9.98684E-05 0.0461301 9.98684E-05 9.98684E-05 9.98684E-05 9.98684E-05 9.98684E-05 9.98684E-05 0.0220282 9.98684E-05
9.98421E-05 9.98421E-05 9.98421E-05 9.98421E-05 0.0138915 9.98421E-05 9.98421E-05 9.98421E-05 0.939772 9.98421E-05 9.98421E-05 9.98421E-05 9.98421E-05 9.98421E-05 0.0294566 9.98421E-05 0.0150831 9.98421E-05 9.98421E-05 9.98421E-05 9.98421E-05 9.98421E-05
9.98418E-05 9.98418E-05 9.98418E-05 9.98418E-05 0.134461 9.98418E-05 0.714004 9.98418E-05 9.98418E-05 0.115467 9.98418E-05 0.0342711 9.98418E-05 9.98418E-05 9.98418E-05 9.98418E-05 9.98418E-05 9.98418E-05 9.98418E-05 9.98418E-05 9.98418E-05 9.98418E-05
9.9851E-05 9.9851E-05 9.9851E-05 9.9851E-05 0.108062 9.9851E-05 9.9851E-05 9.9851E-05 0.637641 9.9851E-05 9.9851E-05 9.9851E-05 9.9851E-05 0.127824 9.9851E-05 0.059553 9.9851E-05 9.9851E-05 0.0652221 9.9851E-05 9.9851E-05 9.9851E-05
9.98418E-05 9.98418E-05 9.98418E-05 9.98418E-05 0.0730467 9.98418E-05 0.713426 9.98418E-05 9.98418E-05 0.183815 9.98418E-05 0.0279142 9.98418E-05 9.98418E-05 9.98418E-05 9.98418E-05 9.98418E-05 9.98418E-05 9.98418E-05 9.98418E-05 9.98418E-05 9.98418E-05
9.98773E-05 9.98773E-05 0.0358194 9.98773E-05 0.131045 9.98773E-05 9.98773E-05 0.0530881 0.449596 0.0940185 9.98773E-05 9.98773E-05 0.0431154 9.98773E-05 9.98773E-05 0.187488 0.00443236 9.98773E-05 9.98773E-05 9.98773E-05 9.98773E-05 9.98773E-05
9.98684E-05 9.98684E-05 9.98684E-05 9.98684E-05 9.98684E-05 0.00776909 9.98684E-05 9.98684E-05 0.0869091 0.0456331 9.98684E-05 9.98684E-05 9.98684E-05 0.688886 9.98684E-05 9.98684E-05 9.98684E-05 0.121374 9.98684E-05 0.0371795 0.0107512 9.98684E-05
9.98506E-05 0.0672375 9.98506E-05 9.98506E-05 0.0625074 9.98506E-05 9.98506E-05 9.98506E-05 0.713565 0.143316 9.98506E-05 9.98506E-05 0.0116762 9.98506E-05 9.98506E-05 9.98506E-05 9.98506E-05 9.98506E-05 9.98506E-05 9.98506E-05 9.98506E-05 9.98506E-05
9.98509E-05 9.98509E-05 0.00997003 9.98509E-05 0.199708 9.98509E-05 0.160487 9.98509E-05 0.443005 0.185132 9.98509E-05 9.98509E-05 9.98509E-05 9.98509E-05 9.98509E-05 9.98509E-05 9.98509E-05 9.98509E-05 9.98509E-05 9.98509E-05 9.98509E-05 9.98509E-05
9.98596E-05 9.98596E-05 9.98596E-05 9.98596E-05 9.98596E-05 9.98596E-05 0.40581 9.98596E-05 0.205693 0.00966053 9.98596E-05 9.98596E-05 9.98596E-05 0.165504 0.0240754 9.98596E-05 9.98596E-05 9.98596E-05 9.98596E-05 9.98596E-05 0.18766 9.98596E-05
9.98422E-05 9.98422E-05 9.98422E-05 9.98422E-05 9.98422E-05 9.98422E-05 9.98422E-05 9.98422E-05 0.837061 0.117778 9.98422E-05 9.98422E-05 0.0223671 9.98422E-05 0.0209969 9.98422E-05 9.98422E-05 9.98422E-05 9.98422E-05 9.98422E-05 9.98422E-05 9.98422E-05
9.98245E-05 9.98245E-05 9.98245E-05 9.98245E-05 9.98245E-05 9.98245E-05 9.98245E-05 9.98245E-05 0.929433 9.98245E-05 9.98245E-05 9.98245E-05 0.0685702 9.98245E-05 9.98245E-05 9.98245E-05 9.98245E-05 9.98245E-05 9.98245E-05 9.98245E-05 9.98245E-05 9.98245E-05
9.98595E-05 9.98595E-05 9.98595E-05 9.98595E-05 0.179199 9.98595E-05 0.123222 9.98595E-05 0.370075 0.0762488 9.98595E-05 0.152314 9.98595E-05 9.98595E-05 9.98595E-05 9.98595E-05 9.98595E-05 9.98595E-05 9.98595E-05 9.98595E-05 0.097344 9.98595E-05
9.98594E-05 9.98594E-05 9.98594E-05 9.98594E-05 0.0053295 0.0704925 9.98594E-05 9.98594E-05 0.675471 0.161322 0.00605551 0.0797315 9.98594E-05 9.98594E-05 9.98594E-05 9.98594E-05 9.98594E-05 9.98594E-05 9.98594E-05 9.98594E-05 9.98594E-05 9.98594E-05
9.98246E-05 9.98246E-05 9.98246E-05 9.98246E-05 9.98246E-05 9.98246E-05 9.98246E-05 9.98246E-05 0.9949 0.00310395 9.98246E-05 9.98246E-05 9.98246E-05 9.98246E-05 9.98246E-05 9.98246E-05 9.98246E-05 9.98246E-05 9.98246E-05 9.98246E-05 9.98246E-05 9.98246E-05
9.98595E-05 9.98595E-05 9.98595E-05 0.0347261 0.0389791 9.98595E-05 9.98595E-05 9.98595E-05 0.648158 9.98595E-05 9.98595E-05 9.98595E-05 0.0211448 9.98595E-05 0.00638366 0.249011 9.98595E-05 9.98595E-05 9.98595E-05 9.98595E-05 9.98595E-05 9.98595E-05
9.98419E-05 9.98419E-05 9.98419E-05 9.98419E-05 0.0554483 9.98419E-05 9.98419E-05 9.98419E-05 0.741693 0.189094 9.98419E-05 9.98419E-05 9.98419E-05 9.98419E-05 9.98419E-05 9.98419E-05 0.0119679 9.98419E-05 9.98419E-05 9.98419E-05 9.98419E-05 9.98419E-05
9.98595E-05 9.98595E-05 9.98595E-05 0.0129969 0.0700139 9.98595E-05 0.189195 9.98595E-05 0.1197 9.98595E-05 9.98595E-05 9.98595E-05 9.98595E-05 0.252392 9.98595E-05 0.354105 9.98595E-05 9.98595E-05 9.98595E-05 9.98595E-05 9.98595E-05 9.98595E-05
9.98596E-05 9.98596E-05 9.98596E-05 9.98596E-05 9.98596E-05 9.98596E-05 0.589419 9.98596E-05 0.145194 0.0344903 9.98596E-05 0.00100968 9.98596E-05 0.174293 9.98596E-05 0.053996 9.98596E-05 9.98596E-05 9.98596E-05 9.98596E-05 9.98596E-05 9.98596E-05
9.98246E-05 9.98246E-05 9.98246E-05 9.98246E-05 9.98246E-05 9.98246E-05 9.98246E-05 9.98246E-05 0.490267 9.98246E-05 9.98246E-05 9.98246E-05 9.98246E-05 0.507736 9.98246E-05 9.98246E-05 9.98246E-05 9.98246E-05 9.98246E-05 9.98246E-05 9.98246E-05 9.98246E-05
9.98509E-05 9.98509E-05 9.98509E-05 9.98509E-05 0.00746649 9.98509E-05 9.98509E-05 9.98509E-05 0.28731 9.98509E-05 9.98509E-05 0.0528071 9.98509E-05 9.98509E-05 9.98509E-05 0.60082 0.049899 9.98509E-05 9.98509E-05 9.98509E-05 9.98509E-05 9.98509E-05
9.98419E-05 9.98419E-05 9.98419E-05 9.98419E-05 0.0655504 9.98419E-05 0.481416 9.98419E-05 0.166046 0.28519 9.98419E-05 9.98419E-05 9.98419E-05 9.98419E-05 9.98419E-05 9.98419E-05 9.98419E-05 9.98419E-05 9.98419E-05 9.98419E-05 9.98419E-05 9.98419E-05
9.98333E-05 9.98333E-05 9.98333E-05 9.98333E-05 0.110442 0.110237 9.98333E-05 9.98333E-05 0.777424 9.98333E-05 9.98333E-05 9.98333E-05 9.98333E-05 9.98333E-05 9.98333E-05 9.98333E-05 9.98333E-05 9.98333E-05 9.98333E-05 9.98333E-05 9.98333E-05 9.98333E-05
9.98509E-05 9.98509E-05 9.98509E-05 9.98509E-05 0.0913245 9.98509E-05 0.137012 9.98509E-05 9.98509E-05 0.0522172 9.98509E-05 0.0529438 9.98509E-05 9.98509E-05 9.98509E-05 0.664805 9.98509E-05 9.98509E-05 9.98509E-05 9.98509E-05 9.98509E-05 9.98509E-05
9.98245E-05 9.98245E-05 9.98245E-05 9.98245E-05 9.98245E-05 9.98245E-05 9.98245E-05 9.98245E-05 0.499462 9.98245E-05 9.98245E-05 9.98245E-05 9.98245E-05 9.98245E-05 9.98245E-05 0.498541 9.98245E-05 9.98245E-05 9.98245E-05 9.98245E-05 9.98245E-05 9.98245E-05
9.98507E-05 9.98507E-05 0.149025 9.98507E-05 0.15731 9.98507E-05 9.98507E-05 9.98507E-05 0.474484 9.98507E-05 0.016817 0.200667 9.98507E-05 9.98507E-05 9.98507E-05 9.98507E-05 9.98507E-05 9.98507E-05 9.98507E-05 9.98507E-05 9.98507E-05 9.98507E-05
9.98947E-05 9.98947E-05 9.98947E-05 9.98947E-05 0.0518215 9.98947E-05 9.98947E-05 0.234062 0.407702 0.117451 9.98947E-05 9.98947E-05 0.0196895 9.98947E-05 0.0625595 9.98947E-05 0.0250224 9.98947E-05 0.0483507 0.0285573 0.00358563 9.98947E-05
9.98861E-05 9.98861E-05 0.032712 9.98861E-05 0.088132 9.98861E-05 9.98861E-05 9.98861E-05 0.443417 0.0555559 0.116513 9.98861E-05 0.0579964 9.98861E-05 9.98861E-05 0.0671793 0.00542645 0.131768 9.98861E-05 9.98861E-05 9.98861E-05 9.98861E-05
9.98684E-05 9.98684E-05 9.98684E-05 9.98684E-05 0.238835 9.98684E-05 9.98684E-05 9.98684E-05 0.443943 0.129903 0.109059 9.98684E-05 9.98684E-05 9.98684E-05 0.04082 9.98684E-05 0.0268352 9.98684E-05 9.98684E-05 9.98684E-05 0.00910645 9.98684E-05
9.98596E-05 9.98596E-05 9.98596E-05 9.98596E-05 9.98596E-05 9.98596E-05 0.0702763 9.98596E-05 0.343137 0.0418394 9.98596E-05 9.98596E-05 9.98596E-05 0.366439 9.98596E-05 0.17251 9.98596E-05 9.98596E-05 9.98596E-05 9.98596E-05 0.00420054 9.98596E-05
9.9842E-05 9.9842E-05 9.9842E-05 0.129301 9.9842E-05 9.9842E-05 9.9842E-05 9.9842E-05 0.787983 0.0661462 9.9842E-05 9.9842E-05 9.9842E-05 9.9842E-05 9.9842E-05 9.9842E-05 9.9842E-05 9.9842E-05 9.9842E-05 0.0147727 9.9842E-05 9.9842E-05
9.98507E-05 9.98507E-05 0.022715 9.98507E-05 0.0654042 9.98507E-05 0.00866141 9.98507E-05 9.98507E-05 9.98507E-05 9.98507E-05 9.98507E-05 9.98507E-05 0.825727 9.98507E-05 9.98507E-05 9.98507E-05 9.98507E-05 9.98507E-05 9.98507E-05 0.0757947 9.98507E-05
9.98597E-05 9.98597E-05 9.98597E-05 9.98597E-05 0.108952 9.98597E-05 0.317188 9.98597E-05 0.231232 0.127506 9.98597E-05 9.98597E-05 9.98597E-05 9.98597E-05 0.0135997 0.199925 9.98597E-05 9.98597E-05 9.98597E-05 9.98597E-05 9.98597E-05 9.98597E-05
9.98421E-05 9.98421E-05 0.00862342 9.98421E-05 9.98421E-05 9.98421E-05 0.0205394 9.98421E-05 0.931869 9.98421E-05 9.98421E-05 9.98421E-05 0.0371706 9.98421E-05 9.98421E-05 9.98421E-05 9.98421E-05 9.98421E-05 9.98421E-05 9.98421E-05 9.98421E-05 9.98421E-05
9.98507E-05 9.98507E-05 9.98507E-05 0.0291245 9.98507E-05 9.98507E-05 0.00428723 9.98507E-05 0.916827 9.98507E-05 9.98507E-05 9.98507E-05 9.98507E-05 9.98507E-05 0.0201165 9.98507E-05 0.0279478 9.98507E-05 9.98507E-05 9.98507E-05 9.98507E-05 9.98507E-05
9.98506E-05 9.98506E-05 0.114914 9.98506E-05 0.188092 9.98506E-05 0.444799 9.98506E-05 0.123253 0.127244 9.98506E-05 9.98506E-05 9.98506E-05 9.98506E-05 9.98506E-05 9.98506E-05 9.98506E-05 9.98506E-05 9.98506E-05 9.98506E-05 9.98506E-05 9.98506E-05
9.98331E-05 9.98331E-05 9.98331E-05 9.98331E-05 0.134756 9.98331E-05 9.98331E-05 9.98331E-05 0.806703 0.0566437 9.98331E-05 9.98331E-05 9.98331E-05 9.98331E-05 9.98331E-05 9.98331E-05 9.98331E-05 9.98331E-05 9.98331E-05 9.98331E-05 9.98331E-05 9.98331E-05
9.98244E-05 9.98244E-05 9.98244E-05 9.98244E-05 0.0226902 9.98244E-05 9.98244E-05 9.98244E-05 0.975313 9.98244E-05 9.98244E-05 9.98244E-05 9.98244E-05 9.98244E-05 9.98244E-05 9.98244E-05 9.98244E-05 9.98244E-05 9.98244E-05 9.98244E-05 9.98244E-05 9.98244E-05
9.98421E-05 9.98421E-05 9.98421E-05 9.98421E-05 9.98421E-05 9.98421E-05 9.98421E-05 9.98421E-05 0.775943 0.0848557 9.98421E-05 0.0966908 9.98421E-05 0.0407138 9.98421E-05 9.98421E-05 9.98421E-05 9.98421E-05 9.98421E-05 9.98421E-05 9.98421E-05 9.98421E-05
9.98596E-05 9.98596E-05 0.120797 9.98596E-05 0.103645 9.98596E-05 0.150878 9.98596E-05 0.479909 0.0316546 9.98596E-05 9.98596E-05 9.98596E-05 0.11152 9.98596E-05 9.98596E-05 9.98596E-05 9.98596E-05 9.98596E-05 9.98596E-05 9.98596E-05 9.98596E-05
9.98155E-05 9.98155E-05 9.98155E-05 9.98155E-05 9.98155E-05 9.98155E-05 9.98155E-05 9.98155E-05 9.98155E-05 0.997904 9.98155E-05 9.98155E-05 9.98155E-05 9.98155E-05 9.98155E-05 9.98155E-05 9.98155E-05 9.98155E-05 9.98155E-05 9.98155E-05 9.98155E-05 9.98155E-05
9.98154E-05 9.98154E-05 9.98154E-05 9.98154E-05 0.997904 9.98154E-05 9.98154E-05 9.98154E-05 9.98154E-05 9.98154E-05 9.98154E-05 9.98154E-05 9.98154E-05 9.98154E-05 9.98154E-05 9.98154E-05 9.98154E-05 9.98154E-05 9.98154E-05 9.98154E-05 9.98154E-05 9.98154E-05
9.98154E-05 9.98154E-05 9.98154E-05 9.98154E-05 9.98154E-05 9.98154E-05 9.98154E-05 9.98154E-05 9.98154E-05 0.997904 9.98154E-05 9.98154E-05 9.98154E-05 9.98154E-05 9.98154E-05 9.98154E-05 9.98154E-05 9.98154E-05 9.98154E-05 9.98154E-05 9.98154E-05 9.98154E-05
9.98154E-05 9.98154E-05 9.98154E-05 9.98154E-05 0.997904 9.98154E-05 9.98154E-05 9.98154E-05 9.98154E-05 9.98154E-05 9.98154E-05 9.98154E-05 9.98154E-05 9.98154E-05 9.98154E-05 9.98154E-05 9.98154E-05 9.98154E-05 9.98154E-05 9.98154E-05 9.98154E-05 9.98154E-05
9.98155E-05 9.98155E-05 9.98155E-05 9.98155E-05 0.997904 9.98155E-05 9.98155E-05 9.98155E-05 9.98155E-05 9.98155E-05 9.98155E-05 9.98155E-05 9.98155E-05 9.98155E-05 9.98155E-05 9.98155E-05 9.98155E-05 9.98155E-05 9.98155E-05 9.98155E-05 9.98155E-05 9.98155E-05
9.98155E-05 9.98155E-05 9.98155E-05 9.98155E-05 0.997904 9.98155E-05 9.98155E-05 9.98155E-05 9.98155E-05 9.98155E-05 9.98155E-05 9.98155E-05 9.98155E-05 9.98155E-05 9.98155E-05 9.98155E-05 9.98155E-05 9.98155E-05 9.98155E-05 9.98155E-05 9.98155E-05 9.98155E-05
9.98243E-05 9.98243E-05 9.98243E-05 9.98243E-05 0.025588 9.98243E-05 9.98243E-05 9.98243E-05 9.98243E-05 0.972416 9.98243E-05 9.98243E-05 9.98243E-05 9.98243E-05 9.98243E-05 9.98243E-05 9.98243E-05 9.98243E-05 9.98243E-05 9.98243E-05 9.98243E-05 9.98243E-05
9.98155E-05 9.98155E-05 9.98155E-05 9.98155E-05 0.997904 9.98155E-05 9.98155E-05 9.98155E-05 9.98155E-05 9.98155E-05 9.98155E-05 9.98155E-05 9.98155E-05 9.98155E-05 9.98155E-05 9.98155E-05 9.98155E-05 9.98155E-05 9.98155E-05 9.98155E-05 9.98155E-05 9.98155E-05
9.98154E-05 9.98154E-05 9.98154E-05 9.98154E-05 0.997904 9.98154E-05 9.98154E-05 9.98154E-05 9.98154E-05 9.98154E-05 9.98154E-05 9.98154E-05 9.98154E-05 9.98154E-05 9.98154E-05 9.98154E-05 9.98154E-05 9.98154E-05 9.98154E-05 9.98154E-05 9.98154E-05 9.98154E-05
9.98154E-05 9.98154E-05 9.98154E-05 9.98154E-05 9.98154E-05 9.98154E-05 9.98154E-05 9.98154E-05 9.98154E-05 0.997904 9.98154E-05 9.98154E-05 9.98154E-05 9.98154E-05 9.98154E-05 9.98154E-05 9.98154E-05 9.98154E-05 9.98154E-05 9.98154E-05 9.98154E-05 9.98154E-05
9.98332E-05 9.98332E-05 9.98332E-05 9.98332E-05 0.0231246 9.98332E-05 9.98332E-05 9.98332E-05 9.98332E-05 0.972832 9.98332E-05 9.98332E-05 9.98332E-05 9.98332E-05 9.98332E-05 9.98332E-05 9.98332E-05 9.98332E-05 9.98332E-05 9.98332E-05 0.00214691 9.98332E-05
