9.98333E-05 9.98333E-05 9.98333E-05 0.0885014 9.98333E-05 0.0190718 9.98333E-05 0.0206566 9.98333E-05 9.98333E-05 9.98333E-05 0.234738 0.0362879 9.98333E-05 0.0800755 9.98333E-05 9.98333E-05 9.98333E-05 9.98333E-05 9.98333E-05 9.98333E-05 9.98333E-05 9.98333E-05 0.265736 9.98333E-05 0.253036 9.98333E-05
9.98158E-05 0.0170961 9.98158E-05 9.98158E-05 9.98158E-05 0.160811 9.98158E-05 9.98158E-05 9.98158E-05 9.98158E-05 9.98158E-05 9.98158E-05 9.98158E-05 9.98158E-05 9.98158E-05 9.98158E-05 9.98158E-05 0.0256662 9.98158E-05 9.98158E-05 9.98158E-05 9.98158E-05 9.98158E-05 0.691325 9.98158E-05 0.0949829 0.00802291
9.98245E-05 0.0121068 9.98245E-05 9.98245E-05 9.98245E-05 9.98245E-05 9.98245E-05 0.0187695 9.98245E-05 9.98245E-05 9.98245E-05 0.0697284 0.0545117 9.98245E-05 9.98245E-05 9.98245E-05 9.98245E-05 9.98245E-05 9.98245E-05 9.98245E-05 0.0686185 9.98245E-05 9.98245E-05 0.750069 0.0241996 9.98245E-05 9.98245E-05
9.98421E-05 0.328495 9.98421E-05 9.98421E-05 9.98421E-05 9.98421E-05 0.0315511 9.98421E-05 9.98421E-05 9.98421E-05 9.98421E-05 0.120929 0.065573 9.98421E-05 0.0834011 9.98421E-05 0.0620898 9.98421E-05 9.98421E-05 9.98421E-05 0.138418 9.98421E-05 9.98421E-05 0.154052 9.98421E-05 0.0136926 9.98421E-05
0.0110483 9.98247E-05 9.98247E-05 9.98247E-05 9.98247E-05 0.0685407 0.0114284 9.98247E-05 9.98247E-05 9.98247E-05 9.98247E-05 9.98247E-05 9.98247E-05 9.98247E-05 9.98247E-05 9.98247E-05 9.98247E-05 0.13861 9.98247E-05 9.98247E-05 0.0276383 0.0854983 9.98247E-05 0.65524 9.98247E-05 9.98247E-05 9.98247E-05
9.98247E-05 9.98247E-05 9.98247E-05 9.98247E-05 9.98247E-05 0.0912112 0.112322 9.98247E-05 9.98247E-05 9.98247E-05 9.98247E-05 9.98247E-05 9.98247E-05 9.98247E-05 9.98247E-05 9.98247E-05 9.98247E-05 9.98247E-05 9.98247E-05 9.98247E-05 0.191621 0.201019 9.98247E-05 0.0966457 0.0465102 0.258675 9.98247E-05
9.98502E-05 0.120741 9.98502E-05 9.98502E-05 9.98502E-05 0.0845374 9.98502E-05 0.0225143 9.98502E-05 9.98502E-05 0.0405502 0.11407 0.00748232 0.105977 0.0726797 9.98502E-05 9.98502E-05 9.98502E-05 9.98502E-05 0.0666248 9.98502E-05 0.0721516 9.98502E-05 0.192153 9.98502E-05 0.0990212 9.98502E-05
0.094238 0.122031 9.98598E-05 9.98598E-05 0.000737224 9.98598E-05 0.128254 9.98598E-05 9.98598E-05 9.98598E-05 9.98598E-05 0.223053 9.98598E-05 9.98598E-05 9.98598E-05 9.98598E-05 0.0448661 9.98598E-05 9.98598E-05 9.98598E-05 0.000203158 0.0294177 9.98598E-05 0.0830106 9.98598E-05 0.189883 0.0827085
0.0595209 9.98334E-05 9.98334E-05 9.98334E-05 9.98334E-05 9.98334E-05 0.221158 0.121038 9.98334E-05 9.98334E-05 9.98334E-05 0.0240847 0.245109 9.98334E-05 9.98334E-05 9.98334E-05 0.0886456 0.0495457 9.98334E-05 9.98334E-05 9.98334E-05 9.98334E-05 9.98334E-05 0.189002 9.98334E-05 9.98334E-05 9.98334E-05
9.97981E-05 0.0174015 9.97981E-05 9.97981E-05 9.97981E-05 9.97981E-05 9.97981E-05 9.97981E-05 9.97981E-05 9.97981E-05 9.97981E-05 9.97981E-05 0.113434 9.97981E-05 9.97981E-05 9.97981E-05 9.97981E-05 9.97981E-05 9.97981E-05 9.97981E-05 9.97981E-05 0.0184955 9.97981E-05 0.848373 9.97981E-05 9.97981E-05 9.97981E-05
9.98158E-05 9.98158E-05 9.98158E-05 9.98158E-05 9.98158E-05 9.98158E-05 0.000447617 9.98158E-05 9.98158E-05 9.98158E-05 9.98158E-05 0.106546 0.177522 9.98158E-05 0.13139 9.98158E-05 9.98158E-05 9.98158E-05 9.98158E-05 9.98158E-05 9.98158E-05 9.98158E-05 9.98158E-05 0.42926 9.98158E-05 0.152738 9.98158E-05
9.98246E-05 9.98246E-05 9.98246E-05 9.98246E-05 0.033305 9.98246E-05 9.98246E-05 9.98246E-05 9.98246E-05 9.98246E-05 9.98246E-05 9.98246E-05 0.112907 9.98246E-05 9.98246E-05 9.98246E-05 9.98246E-05 9.98246E-05 9.98246E-05 9.98246E-05 0.01151 0.143154 9.98246E-05 0.66527 0.00160081 0.0302568 9.98246E-05
9.97982E-05 9.97982E-05 9.97982E-05 9.97982E-05 9.97982E-05 9.97982E-05 9.97982E-05 9.97982E-05 9.97982E-05 9.97982E-05 9.97982E-05 0.142349 0.0875845 9.97982E-05 9.97982E-05 9.97982E-05 9.97982E-05 0.0456124 9.97982E-05 9.97982E-05 9.97982E-05 9.97982E-05 9.97982E-05 0.722158 9.97982E-05 9.97982E-05 9.97982E-05
9.98421E-05 0.0207857 9.98421E-05 9.98421E-05 9.98421E-05 9.98421E-05 9.98421E-05 9.98421E-05 9.98421E-05 0.208065 9.98421E-05 0.0535307 0.0599541 0.017247 0.00727428 9.98421E-05 9.98421E-05 9.98421E-05 0.092621 0.0611969 9.98421E-05 9.98421E-05 9.98421E-05 0.477528 9.98421E-05 9.98421E-05 9.98421E-05
9.98421E-05 9.98421E-05 9.98421E-05 9.98421E-05 9.98421E-05 9.98421E-05 0.163942 9.98421E-05 0.110131 9.98421E-05 9.98421E-05 0.0406816 0.135197 9.98421E-05 9.98421E-05 9.98421E-05 9.98421E-05 0.0990766 0.0394574 9.98421E-05 0.0402055 9.98421E-05 9.98421E-05 0.265698 9.98421E-05 0.103814 9.98421E-05
9.98332E-05 0.111988 0.0435398 9.98332E-05 0.100983 9.98332E-05 0.185098 9.98332E-05 9.98332E-05 9.98332E-05 9.98332E-05 0.0821999 0.0772066 9.98332E-05 9.98332E-05 9.98332E-05 9.98332E-05 9.98332E-05 9.98332E-05 9.98332E-05 9.98332E-05 9.98332E-05 9.98332E-05 0.142004 9.98332E-05 0.255083 9.98332E-05
9.98246E-05 9.98246E-05 9.98246E-05 9.98246E-05 9.98246E-05 9.98246E-05 9.98246E-05 9.98246E-05 9.98246E-05 0.160345 0.0447732 9.98246E-05 0.0754176 9.98246E-05 0.049355 9.98246E-05 0.192788 9.98246E-05 9.98246E-05 9.98246E-05 9.98246E-05 9.98246E-05 0.019767 0.455558 9.98246E-05 9.98246E-05 9.98246E-05
0.0686754 9.98334E-05 9.98334E-05 9.98334E-05 9.98334E-05 9.98334E-05 0.00421643 9.98334E-05 9.98334E-05 9.98334E-05 9.98334E-05 0.183003 0.11788 9.98334E-05 9.98334E-05 0.0909172 9.98334E-05 9.98334E-05 9.98334E-05 9.98334E-05 9.98334E-05 9.98334E-05 9.98334E-05 0.0696995 9.98334E-05 0.343531 0.120179
9.98333E-05 9.98333E-05 9.98333E-05 9.98333E-05 9.98333E-05 9.98333E-05 0.0952832 9.98333E-05 9.98333E-05 9.98333E-05 9.98333E-05 0.113828 0.223394 9.98333E-05 9.98333E-05 9.98333E-05 9.98333E-05 0.109022 9.98333E-05 9.98333E-05 9.98333E-05 0.101753 0.0213919 0.241773 9.98333E-05 9.98333E-05 0.0916577
9.98158E-05 0.00129386 9.98158E-05 0.0667708 9.98158E-05 9.98158E-05 0.0450085 9.98158E-05 9.98158E-05 9.98158E-05 9.98158E-05 9.98158E-05 0.0341705 9.98158E-05 9.98158E-05 9.98158E-05 9.98158E-05 0.0446795 9.98158E-05 9.98158E-05 9.98158E-05 9.98158E-05 9.98158E-05 0.805981 9.98158E-05 9.98158E-05 9.98158E-05
0.0946306 9.98509E-05 0.201895 9.98509E-05 9.98509E-05 9.98509E-05 0.0383524 9.98509E-05 9.98509E-05 9.98509E-05 9.98509E-05 0.0183796 0.029618 9.98509E-05 0.0843748 9.98509E-05 0.0266513 9.98509E-05 9.98509E-05 9.98509E-05 0.0857276 9.98509E-05 0.0537613 0.364912 9.98509E-05 9.98509E-05 9.98509E-05
9.98335E-05 9.98335E-05 9.98335E-05 9.98335E-05 9.98335E-05 9.98335E-05 0.0622736 9.98335E-05 9.98335E-05 9.98335E-05 9.98335E-05 0.327878 9.98335E-05 9.98335E-05 9.98335E-05 9.98335E-05 9.98335E-05 0.0570454 9.98335E-05 9.98335E-05 0.183466 0.0948868 0.0517646 0.171134 0.0496535 9.98335E-05 9.98335E-05
9.98246E-05 0.0408853 9.98246E-05 9.98246E-05 9.98246E-05 9.98246E-05 9.98246E-05 9.98246E-05 9.98246E-05 9.98246E-05 9.98246E-05 9.98246E-05 0.0681869 9.98246E-05 0.0338728 9.98246E-05 9.98246E-05 0.0236081 9.98246E-05 9.98246E-05 0.0440014 9.98246E-05 9.98246E-05 0.457228 9.98246E-05 0.330221 9.98246E-05
9.98247E-05 9.98247E-05 9.98247E-05 9.98247E-05 0.0312317 9.98247E-05 9.98247E-05 0.0962821 9.98247E-05 9.98247E-05 9.98247E-05 0.285223 0.237823 9.98247E-05 9.98247E-05 9.98247E-05 9.98247E-05 9.98247E-05 9.98247E-05 0.0113205 9.98247E-05 9.98247E-05 9.98247E-05 0.313386 9.98247E-05 0.0227379 9.98247E-05
9.98333E-05 0.0246436 9.98333E-05 0.158849 9.98333E-05 9.98333E-05 0.0156692 9.98333E-05 9.98333E-05 9.98333E-05 9.98333E-05 0.0368676 0.291142 9.98333E-05 9.98333E-05 9.98333E-05 9.98333E-05 9.98333E-05 9.98333E-05 9.98333E-05 0.139612 9.98333E-05 0.0773303 0.253988 9.98333E-05 9.98333E-05 9.98333E-05
9.98159E-05 0.102675 9.98159E-05 9.98159E-05 9.98159E-05 9.98159E-05 0.026008 9.98159E-05 9.98159E-05 9.98159E-05 9.98159E-05 0.057959 0.144637 9.98159E-05 9.98159E-05 9.98159E-05 9.98159E-05 9.98159E-05 9.98159E-05 9.98159E-05 0.0567481 9.98159E-05 9.98159E-05 0.609877 9.98159E-05 9.98159E-05 9.98159E-05
9.98419E-05 9.98419E-05 0.0297197 9.98419E-05 0.0391984 9.98419E-05 9.98419E-05 9.98419E-05 9.98419E-05 9.98419E-05 0.00716441 0.247565 0.00393442 9.98419E-05 9.98419E-05 9.98419E-05 9.98419E-05 0.213464 9.98419E-05 0.0963887 0.296671 9.98419E-05 9.98419E-05 9.98419E-05 9.98419E-05 9.98419E-05 0.0640975
9.98159E-05 0.180807 9.98159E-05 9.98159E-05 9.98159E-05 9.98159E-05 9.98159E-05 9.98159E-05 9.98159E-05 9.98159E-05 9.98159E-05 0.0964965 0.0552711 9.98159E-05 9.98159E-05 9.98159E-05 9.98159E-05 9.98159E-05 9.98159E-05 9.98159E-05 0.025965 0.0163867 9.98159E-05 0.622978 9.98159E-05 9.98159E-05 9.98159E-05
9.98422E-05 0.0542343 9.98422E-05 0.00200556 9.98422E-05 9.98422E-05 9.98422E-05 0.0455571 9.98422E-05 9.98422E-05 9.98422E-05 0.0266564 0.0419886 9.98422E-05 0.0606086 9.98422E-05 9.98422E-05 0.158488 9.98422E-05 9.98422E-05 0.12067 9.98422E-05 9.98422E-05 0.487994 9.98422E-05 9.98422E-05 9.98422E-05
9.9842E-05 9.9842E-05 9.9842E-05 9.9842E-05 9.9842E-05 9.9842E-05 0.0260491 9.9842E-05 0.180573 9.9842E-05 9.9842E-05 9.9842E-05 0.0782423 9.9842E-05 0.001215 9.9842E-05 9.9842E-05 0.0310586 9.9842E-05 9.9842E-05 9.9842E-05 0.0350509 0.026092 0.60097 9.9842E-05 0.0189517 9.9842E-05
9.9842E-05 9.9842E-05 9.9842E-05 9.9842E-05 9.9842E-05 9.9842E-05 0.00523046 9.9842E-05 9.9842E-05 9.9842E-05 9.9842E-05 0.0198665 0.0323967 9.9842E-05 0.0661097 9.9842E-05 9.9842E-05 0.126533 9.9842E-05 9.9842E-05 9.9842E-05 0.0324593 0.0696847 0.552774 9.9842E-05 0.0931484 9.9842E-05
9.98509E-05 9.98509E-05 9.98509E-05 9.98509E-05 9.98509E-05 9.98509E-05 9.98509E-05 9.98509E-05 9.98509E-05 0.177108 9.98509E-05 0.0600635 0.0687118 9.98509E-05 0.0601389 9.98509E-05 0.117987 0.037683 9.98509E-05 9.98509E-05 0.0694802 0.0476429 9.98509E-05 0.318043 9.98509E-05 0.041444 9.98509E-05
9.9842E-05 0.0489708 0.0256856 9.9842E-05 0.0131742 9.9842E-05 9.9842E-05 9.9842E-05 9.9842E-05 9.9842E-05 9.9842E-05 0.147713 0.154447 9.9842E-05 0.0769899 9.9842E-05 9.9842E-05 9.9842E-05 9.9842E-05 9.9842E-05 0.0667274 9.9842E-05 9.9842E-05 0.369031 9.9842E-05 0.0954638 9.9842E-05
9.98684E-05 0.0216456 0.102114 9.98684E-05 9.98684E-05 9.98684E-05 9.98684E-05 0.00662693 0.0445631 9.98684E-05 9.98684E-05 0.0792682 0.12922 9.98684E-05 0.0226804 9.98684E-05 9.98684E-05 0.0209065 9.98684E-05 9.98684E-05 0.227934 0.00407401 9.98684E-05 0.333249 9.98684E-05 9.98684E-05 0.00622022
9.98247E-05 9.98247E-05 9.98247E-05 0.11109 9.98247E-05 0.10035 0.0285552 9.98247E-05 9.98247E-05 9.98247E-05 9.98247E-05 9.98247E-05 9.98247E-05 9.98247E-05 0.0256457 9.98247E-05 9.98247E-05 0.0618123 9.98247E-05 9.98247E-05 0.0115893 9.98247E-05 9.98247E-05 0.658962 9.98247E-05 9.98247E-05 9.98247E-05
9.98246E-05 0.109652 9.98246E-05 9.98246E-05 9.98246E-05 9.98246E-05 9.98246E-05 9.98246E-05 9.98246E-05 9.98246E-05 9.98246E-05 0.0338393 0.0650584 9.98246E-05 9.98246E-05 9.98246E-05 0.0788976 9.98246E-05 9.98246E-05 0.219871 9.98246E-05 9.98246E-05 9.98246E-05 0.477697 9.98246E-05 0.0129884 9.98246E-05
9.98334E-05 9.98334E-05 9.98334E-05 0.0159942 9.98334E-05 0.0296174 9.98334E-05 9.98334E-05 9.98334E-05 9.98334E-05 9.98334E-05 0.000764105 9.98334E-05 0.0250112 0.013793 9.98334E-05 9.98334E-05 0.0355537 9.98334E-05 9.98334E-05 9.98334E-05 0.105664 9.98334E-05 0.771705 9.98334E-05 9.98334E-05 9.98334E-05
9.98247E-05 0.0651665 9.98247E-05 0.0580847 9.98247E-05 0.1305 0.115843 9.98247E-05 9.98247E-05 9.98247E-05 9.98247E-05 0.0181063 0.0538001 9.98247E-05 9.98247E-05 9.98247E-05 9.98247E-05 9.98247E-05 9.98247E-05 9.98247E-05 9.98247E-05 9.98247E-05 9.98247E-05 0.556503 9.98247E-05 9.98247E-05 9.98247E-05
9.98246E-05 9.98246E-05 0.0224639 9.98246E-05 9.98246E-05 9.98246E-05 0.0345506 9.98246E-05 0.166395 9.98246E-05 9.98246E-05 0.0913251 0.120597 9.98246E-05 9.98246E-05 9.98246E-05 9.98246E-05 9.98246E-05 9.98246E-05 9.98246E-05 9.98246E-05 9.98246E-05 9.98246E-05 0.438342 0.12433 9.98246E-05 9.98246E-05
9.98203E-05 9.98203E-05 0.0734331 9.98203E-05 0.0698897 9.98203E-05 9.98203E-05 9.98203E-05 0.0595005 9.98203E-05 9.98203E-05 0.00757466 0.0887263 0.030424 9.98203E-05 9.98203E-05 9.98203E-05 9.98203E-05 9.98203E-05 9.98203E-05 0.191096 9.98203E-05 0.0167206 0.460838 9.98203E-05 9.98203E-05 9.98203E-05
9.98104E-05 0.040163 9.98104E-05 9.98104E-05 9.98104E-05 9.98104E-05 0.007863 9.98104E-05 9.98104E-05 9.98104E-05 9.98104E-05 0.148629 0.0456543 9.98104E-05 0.0866574 9.98104E-05 9.98104E-05 9.98104E-05 9.98104E-05 0.11978 9.98104E-05 0.00658683 9.98104E-05 0.54277 9.98104E-05 9.98104E-05 9.98104E-05
9.98071E-05 9.98071E-05 9.98071E-05 9.98071E-05 9.98071E-05 9.98071E-05 9.98071E-05 0.00902111 9.98071E-05 9.98071E-05 9.98071E-05 0.140697 0.0873056 9.98071E-05 9.98071E-05 9.98071E-05 9.98071E-05 0.271354 9.98071E-05 9.98071E-05 9.98071E-05 9.98071E-05 9.98071E-05 0.489426 9.98071E-05 9.98071E-05 9.98071E-05
9.97895E-05 9.97895E-05 9.97895E-05 9.97895E-05 9.97895E-05 9.97895E-05 9.97895E-05 9.97895E-05 9.97895E-05 9.97895E-05 9.97895E-05 9.97895E-05 9.97895E-05 9.97895E-05 9.97895E-05 9.97895E-05 9.97895E-05 9.97895E-05 9.97895E-05 0.323945 9.97895E-05 0.0450131 9.97895E-05 0.628647 9.97895E-05 9.97895E-05 9.97895E-05
9.98334E-05 0.0143535 9.98334E-05 9.98334E-05 9.98334E-05 9.98334E-05 0.0853927 0.0519068 9.98334E-05 9.98334E-05 9.98334E-05 0.154255 0.20183 9.98334E-05 0.00627927 9.98334E-05 9.98334E-05 9.98334E-05 9.98334E-05 9.98334E-05 9.98334E-05 9.98334E-05 9.98334E-05 0.24086 9.98334E-05 0.243227 9.98334E-05
9.98071E-05 9.98071E-05 9.98071E-05 9.98071E-05 9.98071E-05 9.98071E-05 9.98071E-05 9.98071E-05 9.98071E-05 9.98071E-05 0.143301 0.381609 0.237695 9.98071E-05 9.98071E-05 9.98071E-05 9.98071E-05 9.98071E-05 9.98071E-05 9.98071E-05 9.98071E-05 9.98071E-05 9.98071E-05 0.189789 0.0454108 9.98071E-05 9.98071E-05
0.079401 0.0442334 9.98332E-05 9.98332E-05 9.98332E-05 9.98332E-05 9.98332E-05 9.98332E-05 9.98332E-05 9.98332E-05 9.98332E-05 0.038107 0.0580912 9.98332E-05 9.98332E-05 0.031458 9.98332E-05 0.0628063 9.98332E-05 9.98332E-05 9.98332E-05 0.0205492 9.98332E-05 0.663457 9.98332E-05 9.98332E-05 9.98332E-05
9.98159E-05 0.10195 9.98159E-05 9.98159E-05 9.98159E-05 9.98159E-05 0.0297594 9.98159E-05 9.98159E-05 9.98159E-05 9.98159E-05 9.98159E-05 0.0816129 9.98159E-05 0.0120885 9.98159E-05 9.98159E-05 9.98159E-05 9.98159E-05 9.98159E-05 9.98159E-05 9.98159E-05 9.98159E-05 0.762211 9.98159E-05 9.98159E-05 0.0102822
9.98158E-05 9.98158E-05 9.98158E-05 9.98158E-05 0.0487655 0.013291 9.98158E-05 9.98158E-05 9.98158E-05 9.98158E-05 9.98158E-05 9.98158E-05 0.031342 9.98158E-05 9.98158E-05 9.98158E-05 9.98158E-05 0.0821559 9.98158E-05 9.98158E-05 9.98158E-05 9.98158E-05 9.98158E-05 0.780324 0.0420259 9.98158E-05 9.98158E-05
9.98244E-05 0.0737072 9.98244E-05 9.98244E-05 9.98244E-05 9.98244E-05 9.98244E-05 9.98244E-05 9.98244E-05 9.98244E-05 9.98244E-05 0.139854 0.124624 9.98244E-05 0.027925 9.98244E-05 9.98244E-05 0.0306099 9.98244E-05 9.98244E-05 9.98244E-05 9.98244E-05 9.98244E-05 0.534225 9.98244E-05 0.0670589 9.98244E-05
9.98511E-05 9.98511E-05 9.98511E-05 9.98511E-05 9.98511E-05 0.0318979 0.0346388 9.98511E-05 9.98511E-05 9.98511E-05 9.98511E-05 0.010611 0.0268745 0.133895 0.00897466 0.00738199 9.98511E-05 9.98511E-05 9.98511E-05 9.98511E-05 9.98511E-05 0.0748583 9.98511E-05 0.632822 0.0363484 9.98511E-05 9.98511E-05
9.98595E-05 0.0679869 9.98595E-05 0.0793876 9.98595E-05 9.98595E-05 0.0345434 9.98595E-05 9.98595E-05 9.98595E-05 9.98595E-05 0.0459894 0.169207 9.98595E-05 0.119609 9.98595E-05 9.98595E-05 0.135133 0.0187284 9.98595E-05 0.0605707 9.98595E-05 9.98595E-05 0.23684 9.98595E-05 0.0304057 9.98595E-05
0.0669138 0.114672 0.0531812 9.98246E-05 9.98246E-05 9.98246E-05 9.98246E-05 9.98246E-05 9.98246E-05 9.98246E-05 9.98246E-05 0.157623 9.98246E-05 9.98246E-05 9.98246E-05 9.98246E-05 9.98246E-05 9.98246E-05 9.98246E-05 0.0966301 9.98246E-05 9.98246E-05 9.98246E-05 0.493311 0.0156723 9.98246E-05 9.98246E-05
9.98071E-05 9.98071E-05 9.98071E-05 9.98071E-05 9.98071E-05 0.0192223 9.98071E-05 9.98071E-05 9.98071E-05 9.98071E-05 9.98071E-05 9.98071E-05 9.98071E-05 9.98071E-05 9.98071E-05 9.98071E-05 9.98071E-05 9.98071E-05 0.0350446 9.98071E-05 0.0850846 9.98071E-05 9.98071E-05 0.814465 9.98071E-05 9.98071E-05 0.0439879
9.98597E-05 9.98597E-05 0.123378 0.0187709 0.0366115 9.98597E-05 0.00501439 9.98597E-05 9.98597E-05 9.98597E-05 9.98597E-05 0.0196395 0.0668232 0.0350423 9.98597E-05 9.98597E-05 9.98597E-05 9.98597E-05 0.0045353 0.0672038 9.98597E-05 9.98597E-05 9.98597E-05 0.565959 0.0554244 9.98597E-05 9.98597E-05
9.98072E-05 9.98072E-05 9.98072E-05 9.98072E-05 9.98072E-05 9.98072E-05 9.98072E-05 0.00669273 9.98072E-05 9.98072E-05 9.98072E-05 9.98072E-05 0.123524 9.98072E-05 9.98072E-05 9.98072E-05 9.98072E-05 9.98072E-05 0.0635389 9.98072E-05 9.98072E-05 9.98072E-05 0.130687 0.673362 9.98072E-05 9.98072E-05 9.98072E-05
9.9816E-05 9.9816E-05 9.9816E-05 0.0642555 9.9816E-05 9.9816E-05 9.9816E-05 9.9816E-05 9.9816E-05 9.9816E-05 9.9816E-05 9.9816E-05 9.9816E-05 9.9816E-05 9.9816E-05 9.9816E-05 9.9816E-05 9.9816E-05 9.9816E-05 9.9816E-05 0.153632 0.035203 9.9816E-05 0.618379 0.00771301 0.118721 9.9816E-05
9.98334E-05 9.98334E-05 9.98334E-05 9.98334E-05 9.98334E-05 9.98334E-05 0.0226917 9.98334E-05 9.98334E-05 9.98334E-05 9.98334E-05 0.0787201 0.0890654 9.98334E-05 9.98334E-05 9.98334E-05 0.0243319 9.98334E-05 9.98334E-05 0.00606028 9.98334E-05 0.0934568 9.98334E-05 0.608275 9.98334E-05 9.98334E-05 0.0755019
9.97904E-05 0.0259702 9.97904E-05 9.97904E-05 9.97904E-05 9.97904E-05 9.97904E-05 9.97904E-05 9.97904E-05 9.97904E-05 0.0954111 0.0536281 0.0734746 9.97904E-05 0.0370459 9.97904E-05 9.97904E-05 9.97904E-05 9.97904E-05 9.97904E-05 9.97904E-05 9.97904E-05 9.97904E-05 0.712374 9.97904E-05 9.97904E-05 9.97904E-05
9.98246E-05 0.0751725 9.98246E-05 9.98246E-05 9.98246E-05 9.98246E-05 0.00231102 9.98246E-05 9.98246E-05 9.98246E-05 9.98246E-05 9.98246E-05 0.0193697 0.0184407 0.041215 9.98246E-05 9.98246E-05 0.133317 9.98246E-05 9.98246E-05 9.98246E-05 9.98246E-05 9.98246E-05 0.708178 9.98246E-05 9.98246E-05 9.98246E-05
9.98245E-05 9.98245E-05 9.98245E-05 9.98245E-05 9.98245E-05 9.98245E-05 0.0418743 9.98245E-05 9.98245E-05 9.98245E-05 9.98245E-05 9.98245E-05 0.14132 9.98245E-05 0.00399294 9.98245E-05 0.0428145 9.98245E-05 0.0132463 9.98245E-05 0.00716412 9.98245E-05 9.98245E-05 9.98245E-05 9.98245E-05 0.747591 9.98245E-05
9.97898E-05 0.0238198 9.97898E-05 9.97898E-05 0.0155664 9.97898E-05 9.97898E-05 9.97898E-05 9.97898E-05 9.97898E-05 9.97898E-05 9.97898E-05 9.97898E-05 9.97898E-05 9.97898E-05 9.97898E-05 9.97898E-05 9.97898E-05 9.97898E-05 9.97898E-05 9.97898E-05 9.97898E-05 9.97898E-05 9.97898E-05 9.97898E-05 0.958219 9.97898E-05
9.97896E-05 9.97896E-05 9.97896E-05 9.97896E-05 0.00113644 9.97896E-05 9.97896E-05 9.97896E-05 0.0528532 9.97896E-05 9.97896E-05 9.97896E-05 9.97896E-05 9.97896E-05 9.97896E-05 9.97896E-05 9.97896E-05 9.97896E-05 9.97896E-05 9.97896E-05 9.97896E-05 9.97896E-05 9.97896E-05 9.97896E-05 9.97896E-05 0.943615 9.97896E-05
9.98335E-05 9.98335E-05 9.98335E-05 9.98335E-05 9.98335E-05 0.231088 0.139689 9.98335E-05 9.98335E-05 9.98335E-05 0.10219 9.98335E-05 0.0307967 9.98335E-05 0.100046 9.98335E-05 9.98335E-05 9.98335E-05 9.98335E-05 9.98335E-05 0.132708 9.98335E-05 9.98335E-05 9.98335E-05 9.98335E-05 0.220292 0.0412928
9.98418E-05 9.98418E-05 9.98418E-05 9.98418E-05 9.98418E-05 9.98418E-05 0.0552477 9.98418E-05 9.98418E-05 9.98418E-05 9.98418E-05 0.102508 0.0373119 0.0246412 9.98418E-05 0.0624577 9.98418E-05 9.98418E-05 9.98418E-05 9.98418E-05 9.98418E-05 0.0106748 9.98418E-05 9.98418E-05 0.00820201 0.696821 0.000338644
9.97979E-05 9.97979E-05 9.97979E-05 9.97979E-05 9.97979E-05 9.97979E-05 9.97979E-05 9.97979E-05 9.97979E-05 9.97979E-05 9.97979E-05 0.112991 0.139084 9.97979E-05 9.97979E-05 9.97979E-05 9.97979E-05 9.97979E-05 0.0617863 9.97979E-05 9.97979E-05 9.97979E-05 9.97979E-05 9.97979E-05 9.97979E-05 0.683843 9.97979E-05
9.98069E-05 0.0537071 9.98069E-05 9.98069E-05 9.98069E-05 0.294449 9.98069E-05 9.98069E-05 9.98069E-05 9.98069E-05 9.98069E-05 9.98069E-05 0.13387 9.98069E-05 9.98069E-05 9.98069E-05 0.037312 9.98069E-05 9.98069E-05 9.98069E-05 9.98069E-05 9.98069E-05 9.98069E-05 9.98069E-05 9.98069E-05 0.478467 9.98069E-05
9.98203E-05 9.98203E-05 9.98203E-05 9.98203E-05 9.98203E-05 0.109038 0.0440367 9.98203E-05 9.98203E-05 9.98203E-05 9.98203E-05 9.98203E-05 0.0983813 0.0311515 9.98203E-05 9.98203E-05 9.98203E-05 0.0559727 0.0161769 9.98203E-05 9.98203E-05 0.0417588 9.98203E-05 9.98203E-05 9.98203E-05 0.540237 0.0614503
9.97896E-05 9.97896E-05 9.97896E-05 9.97896E-05 9.97896E-05 0.0605212 9.97896E-05 9.97896E-05 9.97896E-05 9.97896E-05 9.97896E-05 9.97896E-05 9.97896E-05 9.97896E-05 9.97896E-05 9.97896E-05 9.97896E-05 9.97896E-05 9.97896E-05 0.11244 9.97896E-05 9.97896E-05 9.97896E-05 9.97896E-05 9.97896E-05 0.824644 9.97896E-05
9.97807E-05 9.97807E-05 9.97807E-05 9.97807E-05 9.97807E-05 9.97807E-05 9.97807E-05 9.97807E-05 9.97807E-05 9.97807E-05 9.97807E-05 9.97807E-05 9.97807E-05 9.97807E-05 0.0167377 9.97807E-05 9.97807E-05 9.97807E-05 9.97807E-05 9.97807E-05 9.97807E-05 9.97807E-05 9.97807E-05 9.97807E-05 9.97807E-05 0.980768 9.97807E-05
9.98068E-05 9.98068E-05 9.98068E-05 9.98068E-05 9.98068E-05 9.98068E-05 0.0597771 9.98068E-05 9.98068E-05 9.98068E-05 0.0929565 9.98068E-05 0.286788 9.98068E-05 0.0905973 9.98068E-05 9.98068E-05 9.98068E-05 9.98068E-05 9.98068E-05 9.98068E-05 9.98068E-05 9.98068E-05 9.98068E-05 9.98068E-05 0.467685 9.98068E-05
9.98403E-05 0.0430473 0.0956608 9.98403E-05 9.98403E-05 0.10772 0.0119218 9.98403E-05 9.98403E-05 9.98403E-05 9.98403E-05 0.128113 0.0577766 0.0063848 0.059096 9.98403E-05 9.98403E-05 9.98403E-05 0.0476501 9.98403E-05 9.98403E-05 9.98403E-05 0.00290421 9.98403E-05 9.98403E-05 0.438128 9.98403E-05
9.98506E-05 9.98506E-05 0.0553054 0.0153478 9.98506E-05 0.000659736 0.130501 9.98506E-05 9.98506E-05 9.98506E-05 9.98506E-05 9.98506E-05 9.98506E-05 9.98506E-05 0.0842747 9.98506E-05 9.98506E-05 9.98506E-05 9.98506E-05 0.00670047 0.0355526 0.0156612 9.98506E-05 9.98506E-05 0.0916999 0.562599 9.98506E-05
9.98243E-05 9.98243E-05 9.98243E-05 9.98243E-05 9.98243E-05 0.0679364 9.98243E-05 9.98243E-05 9.98243E-05 9.98243E-05 9.98243E-05 0.264681 0.145643 0.0030948 9.98243E-05 9.98243E-05 9.98243E-05 9.98243E-05 9.98243E-05 9.98243E-05 9.98243E-05 0.0159811 0.00411711 9.98243E-05 9.98243E-05 0.49655 9.98243E-05
9.97899E-05 9.97899E-05 9.97899E-05 9.97899E-05 0.0465925 9.97899E-05 9.97899E-05 9.97899E-05 9.97899E-05 9.97899E-05 9.97899E-05 9.97899E-05 9.97899E-05 9.97899E-05 9.97899E-05 9.97899E-05 9.97899E-05 9.97899E-05 9.97899E-05 0.22331 9.97899E-05 9.97899E-05 9.97899E-05 9.97899E-05 9.97899E-05 0.727702 9.97899E-05
9.97811E-05 9.97811E-05 9.97811E-05 9.97811E-05 9.97811E-05 9.97811E-05 9.97811E-05 9.97811E-05 9.97811E-05 9.97811E-05 9.97811E-05 9.97811E-05 9.97811E-05 9.97811E-05 0.0468337 9.97811E-05 9.97811E-05 9.97811E-05 9.97811E-05 9.97811E-05 9.97811E-05 9.97811E-05 9.97811E-05 9.97811E-05 9.97811E-05 0.950672 9.97811E-05
9.98154E-05 9.98154E-05 9.98154E-05 9.98154E-05 9.98154E-05 9.98154E-05 9.98154E-05 9.98154E-05 9.98154E-05 9.98154E-05 9.98154E-05 9.98154E-05 0.00377383 0.0562709 9.98154E-05 9.98154E-05 0.0581296 9.98154E-05 9.98154E-05 9.98154E-05 0.0712322 0.0751189 9.98154E-05 9.98154E-05 9.98154E-05 0.733378 9.98154E-05
9.98156E-05 0.0381367 9.98156E-05 9.98156E-05 9.98156E-05 9.98156E-05 0.0616786 9.98156E-05 9.98156E-05 9.98156E-05 9.98156E-05 0.0997869 9.98156E-05 9.98156E-05 0.0799456 9.98156E-05 9.98156E-05 9.98156E-05 9.98156E-05 9.98156E-05 9.98156E-05 0.0880491 9.98156E-05 9.98156E-05 9.98156E-05 0.630307 9.98156E-05
9.9807E-05 9.9807E-05 9.9807E-05 9.9807E-05 9.9807E-05 9.9807E-05 9.9807E-05 9.9807E-05 9.9807E-05 9.9807E-05 9.9807E-05 9.9807E-05 0.0185658 9.9807E-05 0.00763627 9.9807E-05 9.9807E-05 9.9807E-05 9.9807E-05 9.9807E-05 9.9807E-05 0.00582255 9.9807E-05 9.9807E-05 9.9807E-05 0.917917 0.0478624
9.97978E-05 9.97978E-05 9.97978E-05 9.97978E-05 0.105193 9.97978E-05 9.97978E-05 9.97978E-05 9.97978E-05 9.97978E-05 9.97978E-05 9.97978E-05 0.171689 9.97978E-05 9.97978E-05 9.97978E-05 9.97978E-05 0.205333 9.97978E-05 9.97978E-05 9.97978E-05 9.97978E-05 9.97978E-05 9.97978E-05 9.97978E-05 0.515491 9.97978E-05
9.97811E-05 9.97811E-05 9.97811E-05 9.97811E-05 9.97811E-05 9.97811E-05 9.97811E-05 9.97811E-05 0.0752132 9.97811E-05 9.97811E-05 9.97811E-05 9.97811E-05 9.97811E-05 9.97811E-05 9.97811E-05 9.97811E-05 9.97811E-05 9.97811E-05 9.97811E-05 9.97811E-05 9.97811E-05 9.97811E-05 9.97811E-05 9.97811E-05 0.922292 9.97811E-05
9.98242E-05 9.98242E-05 9.98242E-05 9.98242E-05 9.98242E-05 9.98242E-05 9.98242E-05 9.98242E-05 9.98242E-05 9.98242E-05 9.98242E-05 0.0950198 0.0588792 9.98242E-05 9.98242E-05 9.98242E-05 9.98242E-05 0.182694 0.00389567 9.98242E-05 9.98242E-05 0.0215984 0.0369056 9.98242E-05 9.98242E-05 0.599011 9.98242E-05
9.98159E-05 9.98159E-05 9.98159E-05 0.000918879 9.98159E-05 9.98159E-05 9.98159E-05 9.98159E-05 9.98159E-05 9.98159E-05 9.98159E-05 9.98159E-05 0.0196145 9.98159E-05 9.98159E-05 9.98159E-05 9.98159E-05 0.0396484 0.0200262 9.98159E-05 0.193907 9.98159E-05 9.98159E-05 9.98159E-05 9.98159E-05 0.723789 9.98159E-05
9.97982E-05 9.97982E-05 9.97982E-05 9.97982E-05 9.97982E-05 9.97982E-05 9.97982E-05 0.0646943 9.97982E-05 9.97982E-05 9.97982E-05 9.97982E-05 9.97982E-05 9.97982E-05 9.97982E-05 9.97982E-05 9.97982E-05 9.97982E-05 9.97982E-05 9.97982E-05 0.100569 0.198617 9.97982E-05 9.97982E-05 9.97982E-05 0.633825 9.97982E-05
9.97805E-05 9.97805E-05 9.97805E-05 9.97805E-05 9.97805E-05 9.97805E-05 9.97805E-05 9.97805E-05 9.97805E-05 9.97805E-05 9.97805E-05 9.97805E-05 9.97805E-05 9.97805E-05 0.19017 9.97805E-05 9.97805E-05 9.97805E-05 9.97805E-05 9.97805E-05 9.97805E-05 9.97805E-05 9.97805E-05 9.97805E-05 9.97805E-05 0.807336 9.97805E-05
9.97986E-05 9.97986E-05 9.97986E-05 9.97986E-05 9.97986E-05 9.97986E-05 0.0106507 9.97986E-05 9.97986E-05 9.97986E-05 9.97986E-05 9.97986E-05 0.00766355 9.97986E-05 9.97986E-05 0.0118413 9.97986E-05 9.97986E-05 9.97986E-05 9.97986E-05 9.97986E-05 9.97986E-05 9.97986E-05 9.97986E-05 9.97986E-05 0.967549 9.97986E-05
9.9781E-05 9.9781E-05 9.9781E-05 9.9781E-05 9.9781E-05 9.9781E-05 9.9781E-05 9.9781E-05 9.9781E-05 9.9781E-05 9.9781E-05 9.9781E-05 9.9781E-05 9.9781E-05 9.9781E-05 9.9781E-05 9.9781E-05 9.9781E-05 9.9781E-05 0.0432605 9.9781E-05 9.9781E-05 9.9781E-05 9.9781E-05 9.9781E-05 0.954245 9.9781E-05
9.97897E-05 9.97897E-05 9.97897E-05 0.0169886 9.97897E-05 9.97897E-05 9.97897E-05 9.97897E-05 9.97897E-05 9.97897E-05 9.97897E-05 9.97897E-05 0.0278359 9.97897E-05 9.97897E-05 9.97897E-05 9.97897E-05 9.97897E-05 9.97897E-05 9.97897E-05 9.97897E-05 9.97897E-05 9.97897E-05 9.97897E-05 9.97897E-05 0.952781 9.97897E-05
9.97898E-05 9.97898E-05 9.97898E-05 9.97898E-05 9.97898E-05 9.97898E-05 0.024493 9.97898E-05 9.97898E-05 9.97898E-05 9.97898E-05 9.97898E-05 9.97898E-05 9.97898E-05 9.97898E-05 9.97898E-05 9.97898E-05 9.97898E-05 9.97898E-05 9.97898E-05 9.97898E-05 9.97898E-05 9.97898E-05 9.97898E-05 9.97898E-05 0.947988 0.0251243
9.98073E-05 9.98073E-05 9.98073E-05 9.98073E-05 9.98073E-05 9.98073E-05 0.0605655 9.98073E-05 9.98073E-05 0.0932295 9.98073E-05 9.98073E-05 0.0625177 9.98073E-05 9.98073E-05 9.98073E-05 9.98073E-05 9.98073E-05 9.98073E-05 0.345034 9.98073E-05 9.98073E-05 9.98073E-05 9.98073E-05 9.98073E-05 0.436458 9.98073E-05
9.97897E-05 9.97897E-05 9.97897E-05 9.97897E-05 9.97897E-05 9.97897E-05 0.0807591 9.97897E-05 9.97897E-05 9.97897E-05 9.97897E-05 9.97897E-05 0.0744227 9.97897E-05 9.97897E-05 9.97897E-05 9.97897E-05 9.97897E-05 9.97897E-05 9.97897E-05 0.842423 9.97897E-05 9.97897E-05 9.97897E-05 9.97897E-05 9.97897E-05 9.97897E-05
9.98072E-05 9.98072E-05 9.98072E-05 9.98072E-05 9.98072E-05 9.98072E-05 0.00138682 9.98072E-05 0.446813 0.12053 9.98072E-05 9.98072E-05 0.0171361 9.98072E-05 9.98072E-05 9.98072E-05 9.98072E-05 9.98072E-05 9.98072E-05 9.98072E-05 0.411939 9.98072E-05 9.98072E-05 9.98072E-05 9.98072E-05 9.98072E-05 9.98072E-05
9.97896E-05 9.97896E-05 9.97896E-05 9.97896E-05 9.97896E-05 9.97896E-05 9.97896E-05 9.97896E-05 9.97896E-05 9.97896E-05 9.97896E-05 9.97896E-05 0.0267847 9.97896E-05 9.97896E-05 9.97896E-05 9.97896E-05 9.97896E-05 9.97896E-05 9.97896E-05 0.898428 9.97896E-05 9.97896E-05 9.97896E-05 0.0723923 9.97896E-05 9.97896E-05
9.9798E-05 9.9798E-05 9.9798E-05 9.9798E-05 9.9798E-05 9.9798E-05 9.9798E-05 9.9798E-05 9.9798E-05 9.9798E-05 9.9798E-05 9.9798E-05 0.10175 9.9798E-05 0.005329 9.9798E-05 9.9798E-05 9.9798E-05 9.9798E-05 9.9798E-05 0.886628 9.9798E-05 9.9798E-05 9.9798E-05 9.9798E-05 9.9798E-05 0.00399677
9.9798E-05 9.9798E-05 9.9798E-05 9.9798E-05 9.9798E-05 9.9798E-05 0.0839475 0.0277198 9.9798E-05 9.9798E-05 9.9798E-05 9.9798E-05 9.9798E-05 0.0293548 9.9798E-05 9.9798E-05 9.9798E-05 9.9798E-05 9.9798E-05 9.9798E-05 0.856682 9.9798E-05 9.9798E-05 9.9798E-05 9.9798E-05 9.9798E-05 9.9798E-05
9.98246E-05 9.98246E-05 9.98246E-05 9.98246E-05 9.98246E-05 0.0965089 0.135463 9.98246E-05 0.0514996 0.0447801 0.0128136 9.98246E-05 0.247565 9.98246E-05 9.98246E-05 9.98246E-05 9.98246E-05 9.98246E-05 9.98246E-05 9.98246E-05 0.409373 9.98246E-05 9.98246E-05 9.98246E-05 9.98246E-05 9.98246E-05 9.98246E-05
9.98333E-05 9.98333E-05 9.98333E-05 9.98333E-05 0.00991723 9.98333E-05 0.0762951 9.98333E-05 9.98333E-05 0.190072 9.98333E-05 0.00272528 0.0656687 9.98333E-05 0.0325521 9.98333E-05 9.98333E-05 9.98333E-05 9.98333E-05 9.98333E-05 0.577719 9.98333E-05 9.98333E-05 9.98333E-05 9.98333E-05 9.98333E-05 0.043154
9.97807E-05 9.97807E-05 9.97807E-05 9.97807E-05 9.97807E-05 9.97807E-05 0.17581 9.97807E-05 9.97807E-05 9.97807E-05 9.97807E-05 9.97807E-05 9.97807E-05 9.97807E-05 9.97807E-05 9.97807E-05 9.97807E-05 9.97807E-05 9.97807E-05 9.97807E-05 0.821695 9.97807E-05 9.97807E-05 9.97807E-05 9.97807E-05 9.97807E-05 9.97807E-05
9.98244E-05 9.98244E-05 9.98244E-05 9.98244E-05 9.98244E-05 0.175186 0.286303 9.98244E-05 9.98244E-05 9.98244E-05 9.98244E-05 9.98244E-05 0.00688857 9.98244E-05 0.0641093 9.98244E-05 9.98244E-05 0.135957 9.98244E-05 9.98244E-05 0.284844 9.98244E-05 0.0447148 9.98244E-05 9.98244E-05 9.98244E-05 9.98244E-05
9.97983E-05 9.97983E-05 9.97983E-05 9.97983E-05 9.97983E-05 9.97983E-05 0.167385 9.97983E-05 9.97983E-05 9.97983E-05 9.97983E-05 0.0021432 0.344679 9.97983E-05 9.97983E-05 9.97983E-05 9.97983E-05 9.97983E-05 9.97983E-05 9.97983E-05 0.483497 9.97983E-05 9.97983E-05 9.97983E-05 9.97983E-05 9.97983E-05 9.97983E-05
9.98246E-05 9.98246E-05 9.98246E-05 9.98246E-05 9.98246E-05 0.273984 0.0313487 9.98246E-05 0.174929 0.20114 9.98246E-05 9.98246E-05 0.00535014 9.98246E-05 0.00653411 9.98246E-05 9.98246E-05 9.98246E-05 9.98246E-05 9.98246E-05 0.304718 9.98246E-05 9.98246E-05 9.98246E-05 9.98246E-05 9.98246E-05 9.98246E-05
9.98247E-05 9.98247E-05 9.98247E-05 9.98247E-05 9.98247E-05 0.0546373 9.98247E-05 9.98247E-05 0.118029 0.032594 9.98247E-05 9.98247E-05 0.0608102 9.98247E-05 0.0945598 9.98247E-05 9.98247E-05 9.98247E-05 9.98247E-05 9.98247E-05 0.62093 9.98247E-05 9.98247E-05 9.98247E-05 9.98247E-05 9.98247E-05 0.0164436
9.97984E-05 9.97984E-05 9.97984E-05 9.97984E-05 9.97984E-05 9.97984E-05 0.115851 9.97984E-05 9.97984E-05 0.228393 0.0499145 9.97984E-05 9.97984E-05 9.97984E-05 9.97984E-05 9.97984E-05 9.97984E-05 9.97984E-05 9.97984E-05 9.97984E-05 0.603546 9.97984E-05 9.97984E-05 9.97984E-05 9.97984E-05 9.97984E-05 9.97984E-05
9.9807E-05 9.9807E-05 9.9807E-05 9.9807E-05 9.9807E-05 9.9807E-05 0.0997612 0.00679183 9.9807E-05 0.322803 9.9807E-05 9.9807E-05 0.237856 9.9807E-05 9.9807E-05 9.9807E-05 9.9807E-05 9.9807E-05 9.9807E-05 9.9807E-05 0.330592 9.9807E-05 9.9807E-05 9.9807E-05 9.9807E-05 9.9807E-05 9.9807E-05
9.98247E-05 9.98247E-05 9.98247E-05 9.98247E-05 9.98247E-05 9.98247E-05 0.101324 9.98247E-05 9.98247E-05 0.179667 9.98247E-05 9.98247E-05 9.98247E-05 9.98247E-05 0.0086941 9.98247E-05 9.98247E-05 9.98247E-05 0.0484147 0.018783 0.500803 9.98247E-05 9.98247E-05 9.98247E-05 9.98247E-05 9.98247E-05 0.140318
9.98159E-05 9.98159E-05 9.98159E-05 9.98159E-05 9.98159E-05 0.0470634 0.00385913 9.98159E-05 9.98159E-05 9.98159E-05 0.059243 9.98159E-05 0.0962762 9.98159E-05 9.98159E-05 9.98159E-05 9.98159E-05 0.201467 9.98159E-05 9.98159E-05 0.589995 9.98159E-05 9.98159E-05 9.98159E-05 9.98159E-05 9.98159E-05 9.98159E-05
9.98158E-05 9.98158E-05 9.98158E-05 9.98158E-05 9.98158E-05 0.137529 0.0786236 9.98158E-05 0.107344 9.98158E-05 9.98158E-05 9.98158E-05 0.0438146 9.98158E-05 9.98158E-05 9.98158E-05 9.98158E-05 9.98158E-05 9.98158E-05 0.0437438 0.586849 9.98158E-05 9.98158E-05 9.98158E-05 9.98158E-05 9.98158E-05 9.98158E-05
9.97985E-05 9.97985E-05 9.97985E-05 9.97985E-05 9.97985E-05 9.97985E-05 0.0625181 9.97985E-05 0.0538334 9.97985E-05 0.146053 9.97985E-05 9.97985E-05 9.97985E-05 9.97985E-05 9.97985E-05 9.97985E-05 9.97985E-05 9.97985E-05 9.97985E-05 0.7353 9.97985E-05 9.97985E-05 9.97985E-05 9.97985E-05 9.97985E-05 9.97985E-05
9.97897E-05 9.97897E-05 9.97897E-05 9.97897E-05 9.97897E-05 9.97897E-05 9.97897E-05 9.97897E-05 0.150247 9.97897E-05 9.97897E-05 0.0257537 9.97897E-05 9.97897E-05 9.97897E-05 9.97897E-05 9.97897E-05 9.97897E-05 9.97897E-05 9.97897E-05 0.821604 9.97897E-05 9.97897E-05 9.97897E-05 9.97897E-05 9.97897E-05 9.97897E-05
9.98508E-05 9.98508E-05 0.0210751 9.98508E-05 9.98508E-05 9.98508E-05 0.0502719 9.98508E-05 0.25184 9.98508E-05 9.98508E-05 9.98508E-05 0.0894187 9.98508E-05 0.00277439 0.0774851 0.014943 0.0840323 9.98508E-05 0.0284954 0.377967 9.98508E-05 9.98508E-05 9.98508E-05 9.98508E-05 9.98508E-05 9.98508E-05
9.98158E-05 9.98158E-05 9.98158E-05 9.98158E-05 9.98158E-05 0.150079 0.0086733 9.98158E-05 0.0548064 9.98158E-05 0.0434182 9.98158E-05 0.0589776 9.98158E-05 9.98158E-05 9.98158E-05 9.98158E-05 9.98158E-05 9.98158E-05 9.98158E-05 0.68195 9.98158E-05 9.98158E-05 9.98158E-05 9.98158E-05 9.98158E-05 9.98158E-05
9.97896E-05 9.97896E-05 9.97896E-05 9.97896E-05 9.97896E-05 9.97896E-05 0.0188504 9.97896E-05 9.97896E-05 9.97896E-05 9.97896E-05 9.97896E-05 9.97896E-05 9.97896E-05 9.97896E-05 9.97896E-05 9.97896E-05 9.97896E-05 9.97896E-05 9.97896E-05 0.953102 9.97896E-05 9.97896E-05 9.97896E-05 9.97896E-05 9.97896E-05 0.0256527
0.0880968 0.00846518 9.9842E-05 9.9842E-05 0.0107404 0.0712451 0.205892 9.9842E-05 9.9842E-05 9.9842E-05 9.9842E-05 9.9842E-05 0.186199 9.9842E-05 9.9842E-05 0.012671 9.9842E-05 9.9842E-05 9.9842E-05 9.9842E-05 0.405566 0.00932785 9.9842E-05 9.9842E-05 9.9842E-05 9.9842E-05 9.9842E-05
9.98072E-05 9.98072E-05 9.98072E-05 9.98072E-05 9.98072E-05 9.98072E-05 0.135104 9.98072E-05 0.0163991 0.188543 9.98072E-05 9.98072E-05 9.98072E-05 9.98072E-05 9.98072E-05 9.98072E-05 9.98072E-05 9.98072E-05 9.98072E-05 9.98072E-05 0.610457 9.98072E-05 0.0473007 9.98072E-05 9.98072E-05 9.98072E-05 9.98072E-05
0.00710689 9.98159E-05 9.98159E-05 9.98159E-05 9.98159E-05 0.0803995 0.259211 9.98159E-05 9.98159E-05 9.98159E-05 9.98159E-05 9.98159E-05 0.223545 9.98159E-05 9.98159E-05 0.0946496 9.98159E-05 9.98159E-05 9.98159E-05 9.98159E-05 0.332992 9.98159E-05 9.98159E-05 9.98159E-05 9.98159E-05 9.98159E-05 9.98159E-05
9.98246E-05 9.98246E-05 9.98246E-05 9.98246E-05 9.98246E-05 0.113304 0.0845731 9.98246E-05 9.98246E-05 0.497466 9.98246E-05 9.98246E-05 0.0748052 9.98246E-05 9.98246E-05 9.98246E-05 9.98246E-05 9.98246E-05 9.98246E-05 9.98246E-05 0.111399 9.98246E-05 9.98246E-05 9.98246E-05 9.98246E-05 0.0529297 0.0635266
9.98246E-05 9.98246E-05 9.98246E-05 0.0762342 9.98246E-05 9.98246E-05 9.98246E-05 0.0142269 0.696916 9.98246E-05 9.98246E-05 9.98246E-05 9.98246E-05 0.100445 9.98246E-05 9.98246E-05 0.00723513 9.98246E-05 0.0311795 9.98246E-05 0.0717666 9.98246E-05 9.98246E-05 9.98246E-05 9.98246E-05 9.98246E-05 9.98246E-05
9.9798E-05 0.057806 9.9798E-05 9.9798E-05 9.9798E-05 9.9798E-05 0.09847 9.9798E-05 9.9798E-05 9.9798E-05 9.9798E-05 9.9798E-05 0.0969769 9.9798E-05 9.9798E-05 9.9798E-05 9.9798E-05 9.9798E-05 9.9798E-05 9.9798E-05 0.744452 9.9798E-05 9.9798E-05 9.9798E-05 9.9798E-05 9.9798E-05 9.9798E-05
9.98073E-05 9.98073E-05 9.98073E-05 9.98073E-05 9.98073E-05 0.0842568 0.30278 9.98073E-05 0.0107929 9.98073E-05 9.98073E-05 9.98073E-05 0.133889 9.98073E-05 9.98073E-05 9.98073E-05 9.98073E-05 9.98073E-05 9.98073E-05 9.98073E-05 0.466086 9.98073E-05 9.98073E-05 9.98073E-05 9.98073E-05 9.98073E-05 9.98073E-05
9.9816E-05 9.9816E-05 9.9816E-05 9.9816E-05 9.9816E-05 9.9816E-05 9.9816E-05 9.9816E-05 0.0924717 9.9816E-05 9.9816E-05 9.9816E-05 0.103064 9.9816E-05 0.0538723 0.0369066 9.9816E-05 9.9816E-05 9.9816E-05 9.9816E-05 0.698203 9.9816E-05 9.9816E-05 9.9816E-05 0.0133866 9.9816E-05 9.9816E-05
9.98158E-05 9.98158E-05 0.0613723 9.98158E-05 9.98158E-05 9.98158E-05 0.0142304 9.98158E-05 9.98158E-05 0.200962 9.98158E-05 9.98158E-05 0.167973 9.98158E-05 0.0228476 9.98158E-05 9.98158E-05 9.98158E-05 9.98158E-05 9.98158E-05 0.530518 9.98158E-05 9.98158E-05 9.98158E-05 9.98158E-05 9.98158E-05 9.98158E-05
9.97894E-05 9.97894E-05 9.97894E-05 9.97894E-05 0.0616177 9.97894E-05 9.97894E-05 9.97894E-05 9.97894E-05 0.0861475 9.97894E-05 9.97894E-05 9.97894E-05 9.97894E-05 9.97894E-05 9.97894E-05 9.97894E-05 9.97894E-05 9.97894E-05 9.97894E-05 0.84984 9.97894E-05 9.97894E-05 9.97894E-05 9.97894E-05 9.97894E-05 9.97894E-05
9.98069E-05 9.98069E-05 9.98069E-05 9.98069E-05 9.98069E-05 9.98069E-05 0.214625 9.98069E-05 9.98069E-05 9.98069E-05 9.98069E-05 9.98069E-05 0.114393 9.98069E-05 9.98069E-05 0.189558 9.98069E-05 9.98069E-05 9.98069E-05 9.98069E-05 0.432596 9.98069E-05 9.98069E-05 9.98069E-05 0.0466319 9.98069E-05 9.98069E-05
9.98069E-05 9.98069E-05 9.98069E-05 9.98069E-05 9.98069E-05 9.98069E-05 0.00957613 9.98069E-05 9.98069E-05 9.98069E-05 9.98069E-05 0.112961 0.0415324 9.98069E-05 9.98069E-05 9.98069E-05 9.98069E-05 0.00244735 9.98069E-05 9.98069E-05 0.831287 9.98069E-05 9.98069E-05 9.98069E-05 9.98069E-05 9.98069E-05 9.98069E-05
9.97984E-05 0.0488145 9.97984E-05 9.97984E-05 9.97984E-05 9.97984E-05 0.0428407 9.97984E-05 9.97984E-05 0.109536 9.97984E-05 9.97984E-05 9.97984E-05 9.97984E-05 9.97984E-05 9.97984E-05 9.97984E-05 9.97984E-05 9.97984E-05 9.97984E-05 0.796513 9.97984E-05 9.97984E-05 9.97984E-05 9.97984E-05 9.97984E-05 9.97984E-05
9.98245E-05 9.98245E-05 9.98245E-05 9.98245E-05 0.0279565 9.98245E-05 0.0311692 9.98245E-05 0.015534 0.141142 0.0420781 9.98245E-05 9.98245E-05 9.98245E-05 9.98245E-05 9.98245E-05 9.98245E-05 0.174846 9.98245E-05 9.98245E-05 0.565277 9.98245E-05 9.98245E-05 9.98245E-05 9.98245E-05 9.98245E-05 9.98245E-05
9.98158E-05 9.98158E-05 0.0205051 9.98158E-05 9.98158E-05 9.98158E-05 0.0791997 9.98158E-05 9.98158E-05 9.98158E-05 9.98158E-05 9.98158E-05 0.267846 9.98158E-05 9.98158E-05 9.98158E-05 9.98158E-05 9.98158E-05 9.98158E-05 9.98158E-05 0.576691 9.98158E-05 9.98158E-05 9.98158E-05 0.00545947 9.98158E-05 0.0482018
9.98244E-05 0.0128294 9.98244E-05 9.98244E-05 9.98244E-05 9.98244E-05 0.0539268 9.98244E-05 0.293246 0.41543 0.0182348 9.98244E-05 9.98244E-05 9.98244E-05 9.98244E-05 9.98244E-05 9.98244E-05 9.98244E-05 9.98244E-05 9.98244E-05 0.131334 9.98244E-05 9.98244E-05 9.98244E-05 0.0730033 9.98244E-05 9.98244E-05
9.97897E-05 9.97897E-05 9.97897E-05 9.97897E-05 9.97897E-05 9.97897E-05 9.97897E-05 9.97897E-05 9.97897E-05 0.40089 9.97897E-05 9.97897E-05 0.0699418 9.97897E-05 9.97897E-05 9.97897E-05 9.97897E-05 9.97897E-05 9.97897E-05 9.97897E-05 0.526774 9.97897E-05 9.97897E-05 9.97897E-05 9.97897E-05 9.97897E-05 9.97897E-05
9.97897E-05 0.0203651 9.97897E-05 9.97897E-05 9.97897E-05 9.97897E-05 9.97897E-05 9.97897E-05 9.97897E-05 0.410994 9.97897E-05 9.97897E-05 9.97897E-05 9.97897E-05 9.97897E-05 9.97897E-05 9.97897E-05 9.97897E-05 9.97897E-05 9.97897E-05 0.566246 9.97897E-05 9.97897E-05 9.97897E-05 9.97897E-05 9.97897E-05 9.97897E-05
9.9807E-05 0.0565199 9.9807E-05 9.9807E-05 9.9807E-05 9.9807E-05 0.0183319 9.9807E-05 9.9807E-05 0.701433 9.9807E-05 9.9807E-05 9.9807E-05 9.9807E-05 9.9807E-05 9.9807E-05 9.9807E-05 9.9807E-05 9.9807E-05 9.9807E-05 0.162626 9.9807E-05 9.9807E-05 9.9807E-05 9.9807E-05 9.9807E-05 0.0588934
