9.98332E-05 0.0901583 9.98332E-05 9.98332E-05 9.98332E-05 9.98332E-05 9.98332E-05 9.98332E-05 9.98332E-05 9.98332E-05 9.98332E-05 0.154938 0.0133807 0.0633703 9.98332E-05 0.0440675 0.169174 9.98332E-05 9.98332E-05 9.98332E-05 0.0176792 9.98332E-05 9.98332E-05 0.408682 9.98332E-05 9.98332E-05 0.0366531 9.98332E-05
9.97984E-05 9.97984E-05 9.97984E-05 0.0122297 9.97984E-05 9.97984E-05 9.97984E-05 9.97984E-05 9.97984E-05 9.97984E-05 9.97984E-05 9.97984E-05 9.97984E-05 9.97984E-05 9.97984E-05 9.97984E-05 0.206665 9.97984E-05 9.97984E-05 9.97984E-05 9.97984E-05 9.97984E-05 9.97984E-05 0.727242 0.0136372 9.97984E-05 0.0379301 9.97984E-05
9.97631E-05 9.97631E-05 9.97631E-05 9.97631E-05 9.97631E-05 9.97631E-05 9.97631E-05 9.97631E-05 9.97631E-05 9.97631E-05 9.97631E-05 9.97631E-05 9.97631E-05 9.97631E-05 9.97631E-05 9.97631E-05 9.97631E-05 9.97631E-05 9.97631E-05 0.997306 9.97631E-05 9.97631E-05 9.97631E-05 9.97631E-05 9.97631E-05 9.97631E-05 9.97631E-05 9.97631E-05
9.98159E-05 9.98159E-05 9.98159E-05 0.0469517 0.328492 9.98159E-05 9.98159E-05 9.98159E-05 9.98159E-05 9.98159E-05 9.98159E-05 0.123363 9.98159E-05 9.98159E-05 9.98159E-05 9.98159E-05 9.98159E-05 9.98159E-05 9.98159E-05 0.258201 0.037611 9.98159E-05 9.98159E-05 0.0389631 9.98159E-05 0.164323 9.98159E-05 9.98159E-05
9.97807E-05 9.97807E-05 0.0313232 9.97807E-05 9.97807E-05 9.97807E-05 9.97807E-05 9.97807E-05 9.97807E-05 9.97807E-05 9.97807E-05 9.97807E-05 9.97807E-05 9.97807E-05 9.97807E-05 9.97807E-05 9.97807E-05 9.97807E-05 0.159848 9.97807E-05 9.97807E-05 9.97807E-05 9.97807E-05 0.806335 9.97807E-05 9.97807E-05 9.97807E-05 9.97807E-05
9.98245E-05 9.98245E-05 0.100585 9.98245E-05 0.00910231 9.98245E-05 9.98245E-05 9.98245E-05 0.015846 9.98245E-05 9.98245E-05 0.00548402 9.98245E-05 0.344221 0.0880433 9.98245E-05 9.98245E-05 9.98245E-05 0.200339 0.234383 9.98245E-05 9.98245E-05 9.98245E-05 9.98245E-05 9.98245E-05 9.98245E-05 9.98245E-05 9.98245E-05
9.9816E-05 9.9816E-05 9.9816E-05 9.9816E-05 0.0912168 9.9816E-05 9.9816E-05 9.9816E-05 9.9816E-05 9.9816E-05 9.9816E-05 0.0189615 0.0561397 0.410323 9.9816E-05 9.9816E-05 9.9816E-05 9.9816E-05 9.9816E-05 9.9816E-05 0.101533 9.9816E-05 9.9816E-05 0.221584 9.9816E-05 9.9816E-05 9.9816E-05 0.0981458
9.98598E-05 0.0435381 0.0589121 0.065643 9.98598E-05 9.98598E-05 0.00966746 9.98598E-05 9.98598E-05 9.98598E-05 0.0891023 0.197013 9.98598E-05 0.35444 0.0280243 9.98598E-05 9.98598E-05 9.98598E-05 0.060735 0.0720332 9.98598E-05 9.98598E-05 9.98598E-05 0.00652682 9.98598E-05 0.0127667 9.98598E-05 9.98598E-05
9.98245E-05 9.98245E-05 9.98245E-05 9.98245E-05 9.98245E-05 9.98245E-05 9.98245E-05 9.98245E-05 9.98245E-05 9.98245E-05 9.98245E-05 0.0105276 0.145108 0.191669 0.183942 0.12918 9.98245E-05 9.98245E-05 0.104451 0.223224 9.98245E-05 9.98245E-05 0.00990146 9.98245E-05 9.98245E-05 9.98245E-05 9.98245E-05 9.98245E-05
9.97719E-05 9.97719E-05 9.97719E-05 9.97719E-05 9.97719E-05 9.97719E-05 9.97719E-05 9.97719E-05 9.97719E-05 9.97719E-05 9.97719E-05 9.97719E-05 9.97719E-05 9.97719E-05 9.97719E-05 0.0240849 9.97719E-05 9.97719E-05 9.97719E-05 9.97719E-05 9.97719E-05 9.97719E-05 9.97719E-05 0.973321 9.97719E-05 9.97719E-05 9.97719E-05 9.97719E-05
9.97983E-05 9.97983E-05 9.97983E-05 9.97983E-05 9.97983E-05 9.97983E-05 9.97983E-05 9.97983E-05 9.97983E-05 9.97983E-05 9.97983E-05 9.97983E-05 9.97983E-05 0.322087 9.97983E-05 0.0975056 9.97983E-05 9.97983E-05 9.97983E-05 9.97983E-05 0.0829911 9.97983E-05 9.97983E-05 0.451858 9.97983E-05 0.0432631 9.97983E-05 9.97983E-05
9.9763E-05 9.9763E-05 9.9763E-05 9.9763E-05 9.9763E-05 9.9763E-05 9.9763E-05 9.9763E-05 9.9763E-05 9.9763E-05 9.9763E-05 9.9763E-05 9.9763E-05 9.9763E-05 9.9763E-05 9.9763E-05 9.9763E-05 9.9763E-05 9.9763E-05 0.997306 9.9763E-05 9.9763E-05 9.9763E-05 9.9763E-05 9.9763E-05 9.9763E-05 9.9763E-05 9.9763E-05
9.97808E-05 9.97808E-05 9.97808E-05 9.97808E-05 9.97808E-05 9.97808E-05 9.97808E-05 9.97808E-05 9.97808E-05 9.97808E-05 9.97808E-05 0.0629114 9.97808E-05 9.97808E-05 9.97808E-05 0.0626231 9.97808E-05 9.97808E-05 9.97808E-05 9.97808E-05 9.97808E-05 9.97808E-05 9.97808E-05 0.871971 9.97808E-05 9.97808E-05 9.97808E-05 9.97808E-05
0.00479132 9.98421E-05 0.043435 9.98421E-05 9.98421E-05 0.188289 9.98421E-05 0.00070838 9.98421E-05 9.98421E-05 9.98421E-05 0.0325206 9.98421E-05 9.98421E-05 9.98421E-05 0.0432295 9.98421E-05 9.98421E-05 9.98421E-05 9.98421E-05 0.0427484 9.98421E-05 0.0678714 0.52752 9.98421E-05 0.0470893 9.98421E-05 9.98421E-05
0.099717 9.98508E-05 0.0402147 9.98508E-05 9.98508E-05 9.98508E-05 9.98508E-05 0.0404645 9.98508E-05 9.98508E-05 9.98508E-05 0.0574973 9.98508E-05 0.0988515 0.0167468 0.0904787 0.0615106 9.98508E-05 9.98508E-05 9.98508E-05 9.98508E-05 9.98508E-05 0.0499857 0.275407 9.98508E-05 0.167429 9.98508E-05 9.98508E-05
9.98595E-05 0.0357224 9.98595E-05 9.98595E-05 0.0630468 9.98595E-05 0.00865261 0.00912458 9.98595E-05 9.98595E-05 0.158491 0.0995039 9.98595E-05 0.123443 0.131283 0.050407 0.0677023 9.98595E-05 0.0756604 9.98595E-05 9.98595E-05 9.98595E-05 9.98595E-05 0.175366 9.98595E-05 9.98595E-05 9.98595E-05 9.98595E-05
0.100255 0.0592311 9.98422E-05 9.98422E-05 9.98422E-05 9.98422E-05 9.98422E-05 0.0105291 9.98422E-05 9.98422E-05 0.00650828 0.041918 9.98422E-05 9.98422E-05 9.98422E-05 0.0358432 9.98422E-05 9.98422E-05 9.98422E-05 0.258476 0.0239522 9.98422E-05 9.98422E-05 0.374036 9.98422E-05 9.98422E-05 0.0874543 9.98422E-05
9.98334E-05 9.98334E-05 9.98334E-05 0.00228221 9.98334E-05 9.98334E-05 0.00695189 9.98334E-05 9.98334E-05 9.98334E-05 9.98334E-05 0.139527 9.98334E-05 0.524438 9.98334E-05 0.0691399 9.98334E-05 0.147805 9.98334E-05 9.98334E-05 9.98334E-05 0.0303864 9.98334E-05 0.0698615 9.98334E-05 0.00771125 9.98334E-05 9.98334E-05
9.98244E-05 9.98244E-05 9.98244E-05 9.98244E-05 9.98244E-05 9.98244E-05 9.98244E-05 0.0486828 0.093825 9.98244E-05 9.98244E-05 0.208224 9.98244E-05 0.0173298 0.121692 0.140575 9.98244E-05 9.98244E-05 9.98244E-05 0.0853451 9.98244E-05 9.98244E-05 9.98244E-05 0.28233 9.98244E-05 9.98244E-05 9.98244E-05 9.98244E-05
9.97721E-05 9.97721E-05 9.97721E-05 9.97721E-05 9.97721E-05 9.97721E-05 9.97721E-05 9.97721E-05 9.97721E-05 9.97721E-05 9.97721E-05 9.97721E-05 9.97721E-05 9.97721E-05 9.97721E-05 9.97721E-05 9.97721E-05 0.0419505 9.97721E-05 9.97721E-05 9.97721E-05 9.97721E-05 9.97721E-05 0.955455 9.97721E-05 9.97721E-05 9.97721E-05 9.97721E-05
9.98597E-05 9.98597E-05 9.98597E-05 0.206962 9.98597E-05 9.98597E-05 9.98597E-05 9.98597E-05 9.98597E-05 9.98597E-05 0.0273783 0.00182488 0.003361 0.0803287 0.0656932 0.0129263 9.98597E-05 9.98597E-05 9.98597E-05 0.227793 0.0362877 0.0250662 0.0159155 0.294866 9.98597E-05 9.98597E-05 9.98597E-05 9.98597E-05
9.9851E-05 9.9851E-05 0.0218827 0.00468708 9.9851E-05 9.9851E-05 9.9851E-05 0.0376288 0.0937705 9.9851E-05 9.9851E-05 0.33809 9.9851E-05 0.00499474 0.102581 9.9851E-05 9.9851E-05 9.9851E-05 0.0184549 0.266176 9.9851E-05 9.9851E-05 9.9851E-05 0.0126981 0.0973382 9.9851E-05 9.9851E-05 9.9851E-05
9.98071E-05 9.98071E-05 9.98071E-05 9.98071E-05 9.98071E-05 9.98071E-05 9.98071E-05 9.98071E-05 9.98071E-05 9.98071E-05 9.98071E-05 9.98071E-05 9.98071E-05 0.124744 9.98071E-05 0.102188 0.101246 9.98071E-05 0.0130425 9.98071E-05 0.0333261 9.98071E-05 9.98071E-05 0.623256 9.98071E-05 9.98071E-05 9.98071E-05 9.98071E-05
9.98158E-05 9.98158E-05 9.98158E-05 9.98158E-05 0.0144245 9.98158E-05 9.98158E-05 9.98158E-05 9.98158E-05 9.98158E-05 9.98158E-05 0.262457 0.128973 0.0181523 9.98158E-05 0.19056 9.98158E-05 9.98158E-05 9.98158E-05 9.98158E-05 9.98158E-05 9.98158E-05 9.98158E-05 0.361652 9.98158E-05 0.0216848 9.98158E-05 9.98158E-05
9.98246E-05 9.98246E-05 9.98246E-05 9.98246E-05 9.98246E-05 9.98246E-05 9.98246E-05 0.0999017 9.98246E-05 9.98246E-05 9.98246E-05 0.0287931 9.98246E-05 9.98246E-05 9.98246E-05 0.223655 9.98246E-05 0.0343016 9.98246E-05 9.98246E-05 0.00151372 9.98246E-05 0.0245322 0.267944 9.98246E-05 0.317362 9.98246E-05 9.98246E-05
9.98159E-05 9.98159E-05 0.0143441 9.98159E-05 0.00779206 9.98159E-05 9.98159E-05 9.98159E-05 9.98159E-05 9.98159E-05 9.98159E-05 0.0475133 9.98159E-05 9.98159E-05 9.98159E-05 0.105506 0.0266958 9.98159E-05 0.0977712 9.98159E-05 9.98159E-05 9.98159E-05 9.98159E-05 0.698281 9.98159E-05 9.98159E-05 9.98159E-05 9.98159E-05
9.9807E-05 9.9807E-05 9.9807E-05 9.9807E-05 9.9807E-05 9.9807E-05 9.9807E-05 9.9807E-05 9.9807E-05 9.9807E-05 9.9807E-05 0.191766 9.9807E-05 9.9807E-05 9.9807E-05 0.0392935 0.0184019 9.9807E-05 9.9807E-05 9.9807E-05 9.9807E-05 0.153665 9.9807E-05 9.9807E-05 0.282131 0.312547 9.9807E-05 9.9807E-05
9.98071E-05 9.98071E-05 9.98071E-05 9.98071E-05 0.0801156 9.98071E-05 9.98071E-05 9.98071E-05 9.98071E-05 9.98071E-05 9.98071E-05 0.045691 9.98071E-05 9.98071E-05 9.98071E-05 0.042983 9.98071E-05 9.98071E-05 9.98071E-05 9.98071E-05 9.98071E-05 9.98071E-05 0.00259071 0.786587 9.98071E-05 0.0398372 9.98071E-05 9.98071E-05
9.97897E-05 9.97897E-05 9.97897E-05 9.97897E-05 9.97897E-05 9.97897E-05 9.97897E-05 9.97897E-05 9.97897E-05 9.97897E-05 9.97897E-05 9.97897E-05 9.97897E-05 9.97897E-05 9.97897E-05 0.127253 0.0579486 9.97897E-05 9.97897E-05 9.97897E-05 9.97897E-05 9.97897E-05 9.97897E-05 0.586021 9.97897E-05 0.226382 9.97897E-05 9.97897E-05
0.157849 9.98332E-05 9.98332E-05 9.98332E-05 9.98332E-05 9.98332E-05 9.98332E-05 9.98332E-05 9.98332E-05 9.98332E-05 9.98332E-05 9.98332E-05 9.98332E-05 9.98332E-05 0.0501972 0.0540021 9.98332E-05 9.98332E-05 9.98332E-05 0.162696 0.0122632 9.98332E-05 9.98332E-05 0.450113 0.079881 0.00986963 9.98332E-05 0.0212313
9.98158E-05 9.98158E-05 9.98158E-05 9.98158E-05 9.98158E-05 9.98158E-05 0.0336011 0.0654887 9.98158E-05 9.98158E-05 9.98158E-05 9.98158E-05 9.98158E-05 9.98158E-05 9.98158E-05 0.0138261 0.0923257 9.98158E-05 9.98158E-05 9.98158E-05 0.0825476 9.98158E-05 9.98158E-05 0.618776 0.0913383 9.98158E-05 9.98158E-05 9.98158E-05
9.98509E-05 9.98509E-05 9.98509E-05 9.98509E-05 0.0373269 0.0856028 9.98509E-05 0.063518 9.98509E-05 9.98509E-05 9.98509E-05 0.00977345 9.98509E-05 0.142954 0.0235094 0.0320651 9.98509E-05 9.98509E-05 0.0339457 0.280661 9.98509E-05 9.98509E-05 9.98509E-05 0.202043 9.98509E-05 0.0869028 9.98509E-05 9.98509E-05
9.98245E-05 9.98245E-05 9.98245E-05 9.98245E-05 9.98245E-05 9.98245E-05 9.98245E-05 9.98245E-05 9.98245E-05 9.98245E-05 0.0196 0.126578 9.98245E-05 0.171692 9.98245E-05 0.102989 9.98245E-05 9.98245E-05 9.98245E-05 0.188548 0.0603752 9.98245E-05 9.98245E-05 0.247537 9.98245E-05 0.080684 9.98245E-05 9.98245E-05
9.9807E-05 9.9807E-05 9.9807E-05 9.9807E-05 9.9807E-05 9.9807E-05 9.9807E-05 9.9807E-05 9.9807E-05 9.9807E-05 9.9807E-05 0.105513 9.9807E-05 9.9807E-05 9.9807E-05 0.0859412 9.9807E-05 9.9807E-05 9.9807E-05 0.589967 9.9807E-05 0.0271501 9.9807E-05 9.9807E-05 9.9807E-05 0.17293 9.9807E-05 0.0163033
9.9816E-05 9.9816E-05 9.9816E-05 9.9816E-05 9.9816E-05 9.9816E-05 9.9816E-05 9.9816E-05 9.9816E-05 9.9816E-05 9.9816E-05 9.9816E-05 9.9816E-05 9.9816E-05 9.9816E-05 0.0346487 9.9816E-05 0.0421691 9.9816E-05 0.329759 0.0334977 9.9816E-05 9.9816E-05 0.502099 0.0460679 9.9816E-05 0.00966228 9.9816E-05
9.98246E-05 9.98246E-05 9.98246E-05 9.98246E-05 0.0598004 9.98246E-05 9.98246E-05 9.98246E-05 9.98246E-05 9.98246E-05 9.98246E-05 0.0705618 0.0506123 9.98246E-05 0.0186711 9.98246E-05 0.0135108 9.98246E-05 9.98246E-05 0.238827 9.98246E-05 9.98246E-05 9.98246E-05 0.489583 0.0564366 9.98246E-05 9.98246E-05 9.98246E-05
9.98072E-05 9.98072E-05 9.98072E-05 9.98072E-05 0.0122463 9.98072E-05 9.98072E-05 9.98072E-05 9.98072E-05 9.98072E-05 0.0114342 9.98072E-05 9.98072E-05 9.98072E-05 9.98072E-05 9.98072E-05 9.98072E-05 9.98072E-05 9.98072E-05 0.0165044 9.98072E-05 9.98072E-05 9.98072E-05 0.848341 9.98072E-05 9.98072E-05 0.0668645 0.0424134
9.98159E-05 9.98159E-05 9.98159E-05 9.98159E-05 9.98159E-05 9.98159E-05 9.98159E-05 9.98159E-05 9.98159E-05 9.98159E-05 9.98159E-05 9.98159E-05 9.98159E-05 9.98159E-05 0.0693409 0.0290903 9.98159E-05 0.0889582 0.0872899 0.209422 9.98159E-05 9.98159E-05 9.98159E-05 0.452519 9.98159E-05 9.98159E-05 0.0612836 9.98159E-05
0.0191686 9.98422E-05 0.0236762 9.98422E-05 9.98422E-05 9.98422E-05 9.98422E-05 9.98422E-05 0.00743292 9.98422E-05 9.98422E-05 0.0195169 9.98422E-05 9.98422E-05 0.00263928 0.151637 9.98422E-05 9.98422E-05 0.00647335 0.666138 0.0134065 9.98422E-05 9.98422E-05 9.98422E-05 9.98422E-05 9.98422E-05 0.0881137 9.98422E-05
0.0176396 9.98158E-05 9.98158E-05 9.98158E-05 9.98158E-05 9.98158E-05 9.98158E-05 9.98158E-05 9.98158E-05 9.98158E-05 0.126526 0.090267 9.98158E-05 9.98158E-05 9.98158E-05 0.146685 9.98158E-05 9.98158E-05 9.98158E-05 0.535041 9.98158E-05 9.98158E-05 9.98158E-05 9.98158E-05 9.98158E-05 0.0778277 9.98158E-05 0.00391627
9.9816E-05 9.9816E-05 9.9816E-05 9.9816E-05 0.0531805 9.9816E-05 9.9816E-05 9.9816E-05 9.9816E-05 9.9816E-05 9.9816E-05 0.0295986 9.9816E-05 9.9816E-05 9.9816E-05 0.0137545 9.9816E-05 9.9816E-05 9.9816E-05 0.414589 0.0116342 9.9816E-05 9.9816E-05 0.415342 0.0598055 9.9816E-05 9.9816E-05 9.9816E-05
9.98074E-05 9.98074E-05 9.98074E-05 9.98074E-05 9.98074E-05 9.98074E-05 9.98074E-05 9.98074E-05 9.98074E-05 9.98074E-05 9.98074E-05 0.0663736 0.0692579 9.98074E-05 9.98074E-05 0.133995 0.0495417 9.98074E-05 9.98074E-05 9.98074E-05 9.98074E-05 9.98074E-05 9.98074E-05 0.586439 0.0921973 9.98074E-05 9.98074E-05 9.98074E-05
9.97809E-05 9.97809E-05 9.97809E-05 9.97809E-05 9.97809E-05 9.97809E-05 9.97809E-05 9.97809E-05 9.97809E-05 0.160841 9.97809E-05 9.97809E-05 9.97809E-05 9.97809E-05 9.97809E-05 9.97809E-05 9.97809E-05 9.97809E-05 9.97809E-05 9.97809E-05 9.97809E-05 9.97809E-05 9.97809E-05 0.795266 0.0413986 9.97809E-05 9.97809E-05 9.97809E-05
9.98158E-05 9.98158E-05 9.98158E-05 9.98158E-05 9.98158E-05 9.98158E-05 9.98158E-05 9.98158E-05 9.98158E-05 9.98158E-05 9.98158E-05 0.106353 9.98158E-05 9.98158E-05 0.0992235 0.0898739 0.146918 9.98158E-05 9.98158E-05 0.537395 0.0153257 9.98158E-05 9.98158E-05 9.98158E-05 9.98158E-05 9.98158E-05 0.00281529 9.98158E-05
9.98071E-05 9.98071E-05 0.0668357 9.98071E-05 0.0492384 9.98071E-05 0.00241764 9.98071E-05 9.98071E-05 9.98071E-05 9.98071E-05 0.394024 9.98071E-05 9.98071E-05 9.98071E-05 0.154057 9.98071E-05 9.98071E-05 9.98071E-05 0.331231 9.98071E-05 9.98071E-05 9.98071E-05 9.98071E-05 9.98071E-05 9.98071E-05 9.98071E-05 9.98071E-05
9.97895E-05 9.97895E-05 9.97895E-05 9.97895E-05 9.97895E-05 9.97895E-05 0.124744 9.97895E-05 9.97895E-05 9.97895E-05 9.97895E-05 9.97895E-05 9.97895E-05 9.97895E-05 9.97895E-05 9.97895E-05 9.97895E-05 9.97895E-05 9.97895E-05 0.488214 9.97895E-05 9.97895E-05 9.97895E-05 0.348882 0.0357649 9.97895E-05 9.97895E-05 9.97895E-05
9.98069E-05 9.98069E-05 9.98069E-05 9.98069E-05 9.98069E-05 9.98069E-05 9.98069E-05 9.98069E-05 9.98069E-05 0.00353862 9.98069E-05 9.98069E-05 9.98069E-05 9.98069E-05 0.0189251 0.072595 9.98069E-05 9.98069E-05 9.98069E-05 9.98069E-05 0.00723029 0.0390647 9.98069E-05 0.856451 9.98069E-05 9.98069E-05 9.98069E-05 9.98069E-05
9.97632E-05 9.97632E-05 9.97632E-05 9.97632E-05 9.97632E-05 9.97632E-05 9.97632E-05 9.97632E-05 9.97632E-05 9.97632E-05 9.97632E-05 9.97632E-05 9.97632E-05 9.97632E-05 9.97632E-05 9.97632E-05 9.97632E-05 9.97632E-05 9.97632E-05 0.997306 9.97632E-05 9.97632E-05 9.97632E-05 9.97632E-05 9.97632E-05 9.97632E-05 9.97632E-05 9.97632E-05
9.98244E-05 9.98244E-05 9.98244E-05 0.0259631 9.98244E-05 9.98244E-05 9.98244E-05 9.98244E-05 9.98244E-05 9.98244E-05 9.98244E-05 0.116694 9.98244E-05 9.98244E-05 9.98244E-05 0.119832 0.0545489 9.98244E-05 9.98244E-05 0.108014 0.025126 9.98244E-05 9.98244E-05 0.544548 9.98244E-05 0.00327676 9.98244E-05 9.98244E-05
9.97987E-05 9.97987E-05 0.116831 9.97987E-05 9.97987E-05 9.97987E-05 9.97987E-05 9.97987E-05 9.97987E-05 9.97987E-05 9.97987E-05 9.97987E-05 9.97987E-05 9.97987E-05 9.97987E-05 9.97987E-05 9.97987E-05 9.97987E-05 9.97987E-05 0.0155309 9.97987E-05 9.97987E-05 9.97987E-05 0.680499 9.97987E-05 9.97987E-05 0.0383838 0.14646
9.98332E-05 9.98332E-05 9.98332E-05 0.0732638 9.98332E-05 9.98332E-05 9.98332E-05 9.98332E-05 9.98332E-05 9.98332E-05 9.98332E-05 9.98332E-05 0.0183628 9.98332E-05 0.0264038 0.16308 9.98332E-05 9.98332E-05 9.98332E-05 0.22449 0.139146 9.98332E-05 9.98332E-05 0.09662 0.11957 0.137166 9.98332E-05 9.98332E-05
9.98247E-05 9.98247E-05 0.0660863 9.98247E-05 0.0251037 9.98247E-05 9.98247E-05 9.98247E-05 9.98247E-05 9.98247E-05 0.00701679 0.192646 0.0495334 9.98247E-05 9.98247E-05 9.98247E-05 9.98247E-05 0.0225268 0.0134532 9.98247E-05 9.98247E-05 9.98247E-05 9.98247E-05 0.621637 9.98247E-05 9.98247E-05 9.98247E-05 9.98247E-05
9.97983E-05 9.97983E-05 9.97983E-05 9.97983E-05 9.97983E-05 9.97983E-05 9.97983E-05 0.025774 9.97983E-05 9.97983E-05 9.97983E-05 9.97983E-05 9.97983E-05 9.97983E-05 9.97983E-05 0.0460828 9.97983E-05 9.97983E-05 9.97983E-05 9.97983E-05 9.97983E-05 0.0372025 9.97983E-05 0.816414 9.97983E-05 0.0722316 9.97983E-05 9.97983E-05
9.98335E-05 9.98335E-05 0.0138014 9.98335E-05 9.98335E-05 9.98335E-05 9.98335E-05 9.98335E-05 9.98335E-05 9.98335E-05 0.0985942 9.98335E-05 0.00542426 9.98335E-05 0.0404673 9.98335E-05 9.98335E-05 9.98335E-05 9.98335E-05 0.637888 9.98335E-05 0.0198454 0.0468158 0.0857098 9.98335E-05 9.98335E-05 9.98335E-05 0.0495566
9.97985E-05 9.97985E-05 0.00486788 9.97985E-05 9.97985E-05 9.97985E-05 9.97985E-05 0.0433798 9.97985E-05 9.97985E-05 9.97985E-05 9.97985E-05 9.97985E-05 9.97985E-05 9.97985E-05 0.0539322 9.97985E-05 9.97985E-05 9.97985E-05 0.854442 9.97985E-05 9.97985E-05 0.0410828 9.97985E-05 9.97985E-05 9.97985E-05 9.97985E-05 9.97985E-05
9.97897E-05 9.97897E-05 9.97897E-05 9.97897E-05 9.97897E-05 9.97897E-05 9.97897E-05 9.97897E-05 0.0346918 9.97897E-05 0.0582295 9.97897E-05 9.97897E-05 9.97897E-05 9.97897E-05 9.97897E-05 9.97897E-05 0.133019 9.97897E-05 0.771665 9.97897E-05 9.97897E-05 9.97897E-05 9.97897E-05 9.97897E-05 9.97897E-05 9.97897E-05 9.97897E-05
9.98246E-05 9.98246E-05 9.98246E-05 9.98246E-05 9.98246E-05 9.98246E-05 9.98246E-05 9.98246E-05 0.0100851 9.98246E-05 9.98246E-05 0.0842999 9.98246E-05 9.98246E-05 9.98246E-05 0.0262602 9.98246E-05 9.98246E-05 9.98246E-05 0.149252 0.0376981 0.0439381 9.98246E-05 0.609113 9.98246E-05 9.98246E-05 0.0373568 9.98246E-05
9.97984E-05 9.97984E-05 9.97984E-05 9.97984E-05 0.0650901 9.97984E-05 9.97984E-05 9.97984E-05 9.97984E-05 9.97984E-05 9.97984E-05 9.97984E-05 9.97984E-05 0.0751182 9.97984E-05 0.0241976 9.97984E-05 9.97984E-05 9.97984E-05 9.97984E-05 0.0078671 9.97984E-05 9.97984E-05 0.825432 9.97984E-05 9.97984E-05 9.97984E-05 9.97984E-05
9.98072E-05 9.98072E-05 9.98072E-05 0.0561638 9.98072E-05 9.98072E-05 9.98072E-05 9.98072E-05 9.98072E-05 9.98072E-05 9.98072E-05 9.98072E-05 9.98072E-05 9.98072E-05 9.98072E-05 9.98072E-05 9.98072E-05 9.98072E-05 9.98072E-05 0.125665 0.00801338 0.0551211 9.98072E-05 0.723521 0.0293196 9.98072E-05 9.98072E-05 9.98072E-05
9.98156E-05 0.0189299 9.98156E-05 9.98156E-05 9.98156E-05 9.98156E-05 9.98156E-05 9.98156E-05 9.98156E-05 9.98156E-05 9.98156E-05 9.98156E-05 9.98156E-05 0.0301973 0.0532379 0.114493 0.625036 9.98156E-05 9.98156E-05 9.98156E-05 9.98156E-05 0.0143151 9.98156E-05 9.98156E-05 9.98156E-05 0.141695 9.98156E-05 9.98156E-05
9.97721E-05 9.97721E-05 9.97721E-05 9.97721E-05 9.97721E-05 9.97721E-05 9.97721E-05 9.97721E-05 9.97721E-05 9.97721E-05 9.97721E-05 9.97721E-05 0.00826098 9.97721E-05 9.97721E-05 9.97721E-05 0.989145 9.97721E-05 9.97721E-05 9.97721E-05 9.97721E-05 9.97721E-05 9.97721E-05 9.97721E-05 9.97721E-05 9.97721E-05 9.97721E-05 9.97721E-05
9.9772E-05 9.9772E-05 9.9772E-05 9.9772E-05 9.9772E-05 9.9772E-05 9.9772E-05 9.9772E-05 9.9772E-05 9.9772E-05 9.9772E-05 9.9772E-05 9.9772E-05 9.9772E-05 9.9772E-05 9.9772E-05 0.976094 9.9772E-05 9.9772E-05 9.9772E-05 9.9772E-05 0.0213118 9.9772E-05 9.9772E-05 9.9772E-05 9.9772E-05 9.9772E-05 9.9772E-05
9.9807E-05 9.9807E-05 9.9807E-05 9.9807E-05 9.9807E-05 9.9807E-05 0.0257556 9.9807E-05 9.9807E-05 9.9807E-05 9.9807E-05 9.9807E-05 9.9807E-05 0.441032 0.0605051 9.9807E-05 9.9807E-05 9.9807E-05 9.9807E-05 9.9807E-05 9.9807E-05 9.9807E-05 9.9807E-05 9.9807E-05 9.9807E-05 0.225393 0.209511 0.0356087
9.98066E-05 9.98066E-05 0.0179429 9.98066E-05 9.98066E-05 9.98066E-05 9.98066E-05 9.98066E-05 9.98066E-05 9.98066E-05 9.98066E-05 0.111806 9.98066E-05 0.81171 9.98066E-05 0.00470794 0.0324983 0.0191385 9.98066E-05 9.98066E-05 9.98066E-05 9.98066E-05 9.98066E-05 9.98066E-05 9.98066E-05 9.98066E-05 9.98066E-05 9.98066E-05
9.98153E-05 0.0372555 9.98153E-05 9.98153E-05 9.98153E-05 9.98153E-05 9.98153E-05 9.98153E-05 9.98153E-05 9.98153E-05 9.98153E-05 0.0908505 9.98153E-05 0.245606 0.0367263 0.13092 0.362574 9.98153E-05 9.98153E-05 9.98153E-05 9.98153E-05 9.98153E-05 9.98153E-05 9.98153E-05 9.98153E-05 0.0939714 9.98153E-05 9.98153E-05
9.97806E-05 9.97806E-05 9.97806E-05 9.97806E-05 9.97806E-05 9.97806E-05 9.97806E-05 9.97806E-05 9.97806E-05 9.97806E-05 9.97806E-05 9.97806E-05 9.97806E-05 0.753895 9.97806E-05 0.0662435 9.97806E-05 9.97806E-05 9.97806E-05 9.97806E-05 9.97806E-05 9.97806E-05 9.97806E-05 9.97806E-05 9.97806E-05 9.97806E-05 0.177367 9.97806E-05
9.97715E-05 9.97715E-05 9.97715E-05 9.97715E-05 9.97715E-05 9.97715E-05 9.97715E-05 9.97715E-05 9.97715E-05 9.97715E-05 9.97715E-05 9.97715E-05 9.97715E-05 0.958674 9.97715E-05 9.97715E-05 9.97715E-05 9.97715E-05 9.97715E-05 9.97715E-05 9.97715E-05 0.0387318 9.97715E-05 9.97715E-05 9.97715E-05 9.97715E-05 9.97715E-05 9.97715E-05
9.97806E-05 9.97806E-05 9.97806E-05 9.97806E-05 9.97806E-05 9.97806E-05 9.97806E-05 9.97806E-05 9.97806E-05 0.119352 9.97806E-05 9.97806E-05 9.97806E-05 9.97806E-05 9.97806E-05 9.97806E-05 0.859429 9.97806E-05 9.97806E-05 9.97806E-05 9.97806E-05 0.0187241 9.97806E-05 9.97806E-05 9.97806E-05 9.97806E-05 9.97806E-05 9.97806E-05
9.97718E-05 9.97718E-05 9.97718E-05 9.97718E-05 9.97718E-05 9.97718E-05 9.97718E-05 9.97718E-05 9.97718E-05 9.97718E-05 9.97718E-05 9.97718E-05 9.97718E-05 9.97718E-05 9.97718E-05 9.97718E-05 0.961346 9.97718E-05 9.97718E-05 9.97718E-05 0.0360603 9.97718E-05 9.97718E-05 9.97718E-05 9.97718E-05 9.97718E-05 9.97718E-05 9.97718E-05
9.97979E-05 9.97979E-05 9.97979E-05 9.97979E-05 9.97979E-05 9.97979E-05 9.97979E-05 9.97979E-05 9.97979E-05 9.97979E-05 9.97979E-05 9.97979E-05 9.97979E-05 0.521255 0.0568778 0.240934 0.069447 9.97979E-05 9.97979E-05 9.97979E-05 0.10919 9.97979E-05 9.97979E-05 9.97979E-05 9.97979E-05 9.97979E-05 9.97979E-05 9.97979E-05
9.98419E-05 9.98419E-05 9.98419E-05 9.98419E-05 9.98419E-05 9.98419E-05 0.0193211 0.0805344 9.98419E-05 9.98419E-05 0.0508676 0.203222 9.98419E-05 0.289698 9.98419E-05 0.0463432 0.230961 9.98419E-05 9.98419E-05 9.98419E-05 0.0177641 9.98419E-05 9.98419E-05 9.98419E-05 9.98419E-05 9.98419E-05 0.0261715 0.0333199
9.98244E-05 0.180441 9.98244E-05 0.0865209 9.98244E-05 9.98244E-05 9.98244E-05 9.98244E-05 9.98244E-05 9.98244E-05 0.0237202 9.98244E-05 9.98244E-05 0.140446 0.122441 9.98244E-05 0.362228 9.98244E-05 0.0478787 9.98244E-05 0.0343274 9.98244E-05 9.98244E-05 9.98244E-05 9.98244E-05 9.98244E-05 9.98244E-05 9.98244E-05
9.9798E-05 9.9798E-05 9.9798E-05 9.9798E-05 9.9798E-05 9.9798E-05 9.9798E-05 9.9798E-05 9.9798E-05 9.9798E-05 9.9798E-05 0.151458 9.9798E-05 0.239485 9.9798E-05 0.196121 0.373636 9.9798E-05 9.9798E-05 9.9798E-05 9.9798E-05 9.9798E-05 9.9798E-05 9.9798E-05 9.9798E-05 9.9798E-05 0.0370042 9.9798E-05
9.9816E-05 9.9816E-05 9.9816E-05 9.9816E-05 9.9816E-05 9.9816E-05 9.9816E-05 9.9816E-05 9.9816E-05 0.108866 0.0167048 9.9816E-05 9.9816E-05 0.104119 9.9816E-05 9.9816E-05 0.648402 9.9816E-05 9.9816E-05 9.9816E-05 0.00841313 9.9816E-05 9.9816E-05 9.9816E-05 0.00544187 0.105957 9.9816E-05 9.9816E-05
9.97897E-05 9.97897E-05 9.97897E-05 9.97897E-05 9.97897E-05 9.97897E-05 9.97897E-05 9.97897E-05 9.97897E-05 9.97897E-05 9.97897E-05 9.97897E-05 9.97897E-05 9.97897E-05 0.0200543 0.042571 0.896178 9.97897E-05 9.97897E-05 9.97897E-05 0.0388016 9.97897E-05 9.97897E-05 9.97897E-05 9.97897E-05 9.97897E-05 9.97897E-05 9.97897E-05
9.97628E-05 9.97628E-05 9.97628E-05 9.97628E-05 9.97628E-05 9.97628E-05 9.97628E-05 9.97628E-05 9.97628E-05 9.97628E-05 9.97628E-05 9.97628E-05 9.97628E-05 0.997306 9.97628E-05 9.97628E-05 9.97628E-05 9.97628E-05 9.97628E-05 9.97628E-05 9.97628E-05 9.97628E-05 9.97628E-05 9.97628E-05 9.97628E-05 9.97628E-05 9.97628E-05 9.97628E-05
9.98243E-05 0.0378156 9.98243E-05 9.98243E-05 0.0165795 9.98243E-05 9.98243E-05 9.98243E-05 0.024442 9.98243E-05 9.98243E-05 0.109627 9.98243E-05 0.469463 0.00970584 9.98243E-05 0.24677 9.98243E-05 9.98243E-05 9.98243E-05 0.0836003 9.98243E-05 9.98243E-05 9.98243E-05 9.98243E-05 9.98243E-05 9.98243E-05 9.98243E-05
9.97982E-05 9.97982E-05 9.97982E-05 9.97982E-05 9.97982E-05 9.97982E-05 9.97982E-05 9.97982E-05 9.97982E-05 9.97982E-05 9.97982E-05 0.0231378 9.97982E-05 0.474278 9.97982E-05 0.0558638 0.413421 9.97982E-05 9.97982E-05 9.97982E-05 9.97982E-05 0.0310038 9.97982E-05 9.97982E-05 9.97982E-05 9.97982E-05 9.97982E-05 9.97982E-05
9.98066E-05 0.0221537 9.98066E-05 9.98066E-05 9.98066E-05 9.98066E-05 9.98066E-05 9.98066E-05 9.98066E-05 9.98066E-05 0.0636959 9.98066E-05 9.98066E-05 0.441835 9.98066E-05 0.165991 0.158995 9.98066E-05 9.98066E-05 9.98066E-05 9.98066E-05 9.98066E-05 9.98066E-05 9.98066E-05 0.145134 9.98066E-05 9.98066E-05 9.98066E-05
0.0177065 9.97811E-05 9.97811E-05 9.97811E-05 9.97811E-05 9.97811E-05 9.97811E-05 9.97811E-05 9.97811E-05 9.97811E-05 9.97811E-05 9.97811E-05 9.97811E-05 9.97811E-05 9.97811E-05 9.97811E-05 0.977968 9.97811E-05 9.97811E-05 0.00183092 9.97811E-05 9.97811E-05 9.97811E-05 9.97811E-05 9.97811E-05 9.97811E-05 9.97811E-05 9.97811E-05
9.98067E-05 9.98067E-05 9.98067E-05 9.98067E-05 9.98067E-05 9.98067E-05 9.98067E-05 9.98067E-05 9.98067E-05 9.98067E-05 9.98067E-05 0.282153 9.98067E-05 0.0340763 9.98067E-05 0.0256637 0.591767 9.98067E-05 0.0567722 9.98067E-05 9.98067E-05 9.98067E-05 0.00737224 9.98067E-05 9.98067E-05 9.98067E-05 9.98067E-05 9.98067E-05
9.98072E-05 9.98072E-05 9.98072E-05 9.98072E-05 9.98072E-05 9.98072E-05 9.98072E-05 9.98072E-05 9.98072E-05 0.0235691 9.98072E-05 0.0440516 9.98072E-05 9.98072E-05 9.98072E-05 0.0183962 0.655677 9.98072E-05 9.98072E-05 9.98072E-05 9.98072E-05 9.98072E-05 9.98072E-05 9.98072E-05 9.98072E-05 0.208373 0.0477374 9.98072E-05
9.9772E-05 9.9772E-05 9.9772E-05 9.9772E-05 9.9772E-05 9.9772E-05 9.9772E-05 9.9772E-05 0.0143242 9.9772E-05 9.9772E-05 9.9772E-05 9.9772E-05 0.983082 9.9772E-05 9.9772E-05 9.9772E-05 9.9772E-05 9.9772E-05 9.9772E-05 9.9772E-05 9.9772E-05 9.9772E-05 9.9772E-05 9.9772E-05 9.9772E-05 9.9772E-05 9.9772E-05
9.97891E-05 0.103746 9.97891E-05 9.97891E-05 9.97891E-05 9.97891E-05 9.97891E-05 9.97891E-05 9.97891E-05 9.97891E-05 9.97891E-05 9.97891E-05 9.97891E-05 0.119657 9.97891E-05 9.97891E-05 0.666746 9.97891E-05 9.97891E-05 9.97891E-05 0.107456 9.97891E-05 9.97891E-05 9.97891E-05 9.97891E-05 9.97891E-05 9.97891E-05 9.97891E-05
9.97899E-05 9.97899E-05 9.97899E-05 9.97899E-05 9.97899E-05 9.97899E-05 9.97899E-05 9.97899E-05 9.97899E-05 9.97899E-05 9.97899E-05 9.97899E-05 9.97899E-05 0.0109462 0.0249881 0.0294428 0.932228 9.97899E-05 9.97899E-05 9.97899E-05 9.97899E-05 9.97899E-05 9.97899E-05 9.97899E-05 9.97899E-05 9.97899E-05 9.97899E-05 9.97899E-05
9.97897E-05 0.0168581 9.97897E-05 9.97897E-05 9.97897E-05 9.97897E-05 9.97897E-05 9.97897E-05 9.97897E-05 0.101472 9.97897E-05 9.97897E-05 9.97897E-05 0.0218833 9.97897E-05 9.97897E-05 0.857392 9.97897E-05 9.97897E-05 9.97897E-05 9.97897E-05 9.97897E-05 9.97897E-05 9.97897E-05 9.97897E-05 9.97897E-05 9.97897E-05 9.97897E-05
9.97632E-05 9.97632E-05 9.97632E-05 9.97632E-05 9.97632E-05 9.97632E-05 9.97632E-05 9.97632E-05 9.97632E-05 9.97632E-05 9.97632E-05 9.97632E-05 9.97632E-05 9.97632E-05 9.97632E-05 9.97632E-05 0.997306 9.97632E-05 9.97632E-05 9.97632E-05 9.97632E-05 9.97632E-05 9.97632E-05 9.97632E-05 9.97632E-05 9.97632E-05 9.97632E-05 9.97632E-05
9.97982E-05 0.0109287 9.97982E-05 9.97982E-05 9.97982E-05 9.97982E-05 9.97982E-05 9.97982E-05 9.97982E-05 9.97982E-05 9.97982E-05 9.97982E-05 9.97982E-05 0.0979247 9.97982E-05 0.0125481 0.778472 9.97982E-05 9.97982E-05 9.97982E-05 9.97982E-05 0.0978315 9.97982E-05 9.97982E-05 9.97982E-05 9.97982E-05 9.97982E-05 9.97982E-05
9.97715E-05 9.97715E-05 9.97715E-05 9.97715E-05 9.97715E-05 9.97715E-05 9.97715E-05 9.97715E-05 9.97715E-05 0.98901 9.97715E-05 9.97715E-05 9.97715E-05 9.97715E-05 9.97715E-05 0.00839569 9.97715E-05 9.97715E-05 9.97715E-05 9.97715E-05 9.97715E-05 9.97715E-05 9.97715E-05 9.97715E-05 9.97715E-05 9.97715E-05 9.97715E-05 9.97715E-05
9.97896E-05 9.97896E-05 9.97896E-05 9.97896E-05 9.97896E-05 9.97896E-05 9.97896E-05 9.97896E-05 9.97896E-05 9.97896E-05 9.97896E-05 9.97896E-05 9.97896E-05 9.97896E-05 0.094609 0.0763727 9.97896E-05 9.97896E-05 0.381241 9.97896E-05 9.97896E-05 9.97896E-05 9.97896E-05 9.97896E-05 9.97896E-05 0.445382 9.97896E-05 9.97896E-05
0.520051 9.97809E-05 9.97809E-05 9.97809E-05 9.97809E-05 9.97809E-05 9.97809E-05 9.97809E-05 9.97809E-05 9.97809E-05 9.97809E-05 9.97809E-05 9.97809E-05 9.97809E-05 0.00189694 9.97809E-05 9.97809E-05 9.97809E-05 9.97809E-05 9.97809E-05 9.97809E-05 9.97809E-05 9.97809E-05 9.97809E-05 9.97809E-05 0.475558 9.97809E-05 9.97809E-05
9.97893E-05 9.97893E-05 0.0234775 9.97893E-05 9.97893E-05 9.97893E-05 9.97893E-05 9.97893E-05 0.0232135 9.97893E-05 9.97893E-05 9.97893E-05 9.97893E-05 9.97893E-05 9.97893E-05 9.97893E-05 9.97893E-05 9.97893E-05 0.0649155 9.97893E-05 9.97893E-05 9.97893E-05 9.97893E-05 9.97893E-05 9.97893E-05 0.885999 9.97893E-05 9.97893E-05
9.98068E-05 9.98068E-05 9.98068E-05 9.98068E-05 9.98068E-05 9.98068E-05 9.98068E-05 9.98068E-05 9.98068E-05 9.98068E-05 9.98068E-05 9.98068E-05 9.98068E-05 9.98068E-05 0.000803794 0.0778096 9.98068E-05 9.98068E-05 0.0463992 9.98068E-05 0.0040389 0.0557085 9.98068E-05 9.98068E-05 9.98068E-05 0.813044 9.98068E-05 9.98068E-05
9.97893E-05 9.97893E-05 9.97893E-05 9.97893E-05 9.97893E-05 9.97893E-05 0.0501358 9.97893E-05 9.97893E-05 9.97893E-05 9.97893E-05 9.97893E-05 9.97893E-05 9.97893E-05 0.0266245 9.97893E-05 9.97893E-05 9.97893E-05 0.240991 9.97893E-05 9.97893E-05 9.97893E-05 9.97893E-05 9.97893E-05 9.97893E-05 0.679854 9.97893E-05 9.97893E-05
9.9807E-05 9.9807E-05 9.9807E-05 9.9807E-05 0.0259467 9.9807E-05 9.9807E-05 9.9807E-05 9.9807E-05 9.9807E-05 9.9807E-05 9.9807E-05 9.9807E-05 9.9807E-05 0.115594 0.132868 9.9807E-05 9.9807E-05 0.503431 9.9807E-05 9.9807E-05 9.9807E-05 9.9807E-05 9.9807E-05 9.9807E-05 0.197243 0.0227212 9.9807E-05
9.97982E-05 9.97982E-05 9.97982E-05 9.97982E-05 9.97982E-05 0.0260484 9.97982E-05 9.97982E-05 9.97982E-05 9.97982E-05 9.97982E-05 9.97982E-05 9.97982E-05 9.97982E-05 0.0177805 0.0176124 9.97982E-05 9.97982E-05 9.97982E-05 9.97982E-05 0.0371551 9.97982E-05 9.97982E-05 9.97982E-05 9.97982E-05 0.899108 9.97982E-05 9.97982E-05
9.97719E-05 9.97719E-05 9.97719E-05 9.97719E-05 9.97719E-05 9.97719E-05 9.97719E-05 9.97719E-05 9.97719E-05 9.97719E-05 9.97719E-05 9.97719E-05 9.97719E-05 9.97719E-05 0.126784 9.97719E-05 9.97719E-05 9.97719E-05 9.97719E-05 9.97719E-05 9.97719E-05 9.97719E-05 9.97719E-05 9.97719E-05 9.97719E-05 0.870622 9.97719E-05 9.97719E-05
9.97981E-05 9.97981E-05 9.97981E-05 9.97981E-05 9.97981E-05 9.97981E-05 9.97981E-05 0.0172416 9.97981E-05 9.97981E-05 9.97981E-05 9.97981E-05 9.97981E-05 9.97981E-05 0.288352 9.97981E-05 9.97981E-05 9.97981E-05 9.97981E-05 9.97981E-05 9.97981E-05 9.97981E-05 9.97981E-05 9.97981E-05 0.0318167 0.469483 0.190812 9.97981E-05
9.97807E-05 9.97807E-05 9.97807E-05 9.97807E-05 9.97807E-05 9.97807E-05 9.97807E-05 9.97807E-05 9.97807E-05 9.97807E-05 9.97807E-05 9.97807E-05 9.97807E-05 9.97807E-05 0.157028 0.189452 9.97807E-05 9.97807E-05 9.97807E-05 9.97807E-05 9.97807E-05 9.97807E-05 9.97807E-05 9.97807E-05 9.97807E-05 0.651025 9.97807E-05 9.97807E-05
0.160599 9.98159E-05 9.98159E-05 9.98159E-05 9.98159E-05 0.161775 9.98159E-05 9.98159E-05 9.98159E-05 9.98159E-05 9.98159E-05 9.98159E-05 9.98159E-05 9.98159E-05 9.98159E-05 0.0166989 9.98159E-05 9.98159E-05 0.364335 9.98159E-05 0.014501 9.98159E-05 9.98159E-05 9.98159E-05 9.98159E-05 0.0660012 0.213993 9.98159E-05
9.98158E-05 9.98158E-05 9.98158E-05 9.98158E-05 9.98158E-05 0.112664 9.98158E-05 9.98158E-05 9.98158E-05 9.98158E-05 9.98158E-05 9.98158E-05 9.98158E-05 9.98158E-05 9.98158E-05 0.0207446 9.98158E-05 9.98158E-05 0.532483 9.98158E-05 0.0411904 9.98158E-05 9.98158E-05 0.0362253 9.98158E-05 0.186581 0.0680159 9.98158E-05
9.97808E-05 9.97808E-05 9.97808E-05 9.97808E-05 9.97808E-05 0.160058 9.97808E-05 9.97808E-05 9.97808E-05 9.97808E-05 9.97808E-05 9.97808E-05 9.97808E-05 9.97808E-05 0.0578803 9.97808E-05 9.97808E-05 9.97808E-05 9.97808E-05 9.97808E-05 9.97808E-05 9.97808E-05 9.97808E-05 9.97808E-05 9.97808E-05 0.779568 9.97808E-05 9.97808E-05
9.98158E-05 9.98158E-05 9.98158E-05 9.98158E-05 9.98158E-05 0.24234 0.049491 9.98158E-05 0.0390899 9.98158E-05 9.98158E-05 9.98158E-05 0.00327973 9.98158E-05 0.163398 0.102623 9.98158E-05 9.98158E-05 0.397682 9.98158E-05 9.98158E-05 9.98158E-05 9.98158E-05 9.98158E-05 9.98158E-05 9.98158E-05 9.98158E-05 9.98158E-05
0.0180414 9.98247E-05 9.98247E-05 9.98247E-05 9.98247E-05 0.0526893 9.98247E-05 9.98247E-05 0.0509387 9.98247E-05 9.98247E-05 9.98247E-05 9.98247E-05 9.98247E-05 9.98247E-05 9.98247E-05 9.98247E-05 0.0241485 0.360325 9.98247E-05 0.0139206 0.121449 9.98247E-05 9.98247E-05 9.98247E-05 0.356491 9.98247E-05 9.98247E-05
9.98246E-05 9.98246E-05 9.98246E-05 9.98246E-05 9.98246E-05 9.98246E-05 9.98246E-05 9.98246E-05 9.98246E-05 9.98246E-05 9.98246E-05 9.98246E-05 9.98246E-05 0.00944689 0.00537385 0.134479 9.98246E-05 9.98246E-05 0.48651 9.98246E-05 0.0068809 9.98246E-05 9.98246E-05 9.98246E-05 0.173311 0.177927 0.00407496 9.98246E-05
9.98158E-05 9.98158E-05 9.98158E-05 9.98158E-05 9.98158E-05 0.0605037 9.98158E-05 9.98158E-05 9.98158E-05 9.98158E-05 9.98158E-05 9.98158E-05 9.98158E-05 9.98158E-05 9.98158E-05 0.0605848 9.98158E-05 0.00185253 0.0186435 9.98158E-05 9.98158E-05 0.0177317 9.98158E-05 9.98158E-05 9.98158E-05 0.574227 0.264361 9.98158E-05
0.00203501 9.98248E-05 0.0198949 9.98248E-05 9.98248E-05 9.98248E-05 9.98248E-05 9.98248E-05 0.0749712 9.98248E-05 9.98248E-05 0.0263179 9.98248E-05 9.98248E-05 0.0813459 9.98248E-05 9.98248E-05 9.98248E-05 0.361194 9.98248E-05 9.98248E-05 9.98248E-05 9.98248E-05 9.98248E-05 9.98248E-05 0.415272 9.98248E-05 0.016972
9.97985E-05 9.97985E-05 9.97985E-05 9.97985E-05 9.97985E-05 0.0540118 9.97985E-05 9.97985E-05 9.97985E-05 9.97985E-05 9.97985E-05 9.97985E-05 9.97985E-05 9.97985E-05 9.97985E-05 9.97985E-05 9.97985E-05 0.00047925 0.553051 9.97985E-05 0.0449153 9.97985E-05 9.97985E-05 9.97985E-05 9.97985E-05 0.345247 9.97985E-05 9.97985E-05
0.319648 9.98333E-05 9.98333E-05 9.98333E-05 9.98333E-05 9.98333E-05 9.98333E-05 9.98333E-05 9.98333E-05 9.98333E-05 9.98333E-05 9.98333E-05 9.98333E-05 9.98333E-05 0.100936 0.117746 9.98333E-05 0.0452906 0.00910056 9.98333E-05 0.0613704 9.98333E-05 0.0279261 9.98333E-05 0.0964565 0.219629 9.98333E-05 9.98333E-05
9.98071E-05 9.98071E-05 9.98071E-05 9.98071E-05 9.98071E-05 0.0712766 9.98071E-05 9.98071E-05 0.0523085 9.98071E-05 9.98071E-05 9.98071E-05 9.98071E-05 9.98071E-05 9.98071E-05 0.0973612 9.98071E-05 9.98071E-05 0.671083 9.98071E-05 9.98071E-05 9.98071E-05 9.98071E-05 9.98071E-05 9.98071E-05 0.0278163 0.0779584 9.98071E-05
9.9807E-05 0.00533911 9.9807E-05 9.9807E-05 9.9807E-05 9.9807E-05 9.9807E-05 9.9807E-05 0.0104682 9.9807E-05 9.9807E-05 9.9807E-05 9.9807E-05 9.9807E-05 0.0474471 9.9807E-05 9.9807E-05 9.9807E-05 0.331348 9.9807E-05 0.0197103 9.9807E-05 9.9807E-05 9.9807E-05 9.9807E-05 0.583491 9.9807E-05 9.9807E-05
9.97984E-05 9.97984E-05 9.97984E-05 9.97984E-05 9.97984E-05 9.97984E-05 9.97984E-05 9.97984E-05 9.97984E-05 9.97984E-05 9.97984E-05 9.97984E-05 9.97984E-05 9.97984E-05 0.258337 0.196606 9.97984E-05 0.0275957 0.509996 9.97984E-05 9.97984E-05 9.97984E-05 9.97984E-05 9.97984E-05 9.97984E-05 0.00516931 9.97984E-05 9.97984E-05
9.98159E-05 9.98159E-05 0.0158187 9.98159E-05 9.98159E-05 0.262508 9.98159E-05 0.0752249 9.98159E-05 9.98159E-05 9.98159E-05 9.98159E-05 9.98159E-05 9.98159E-05 0.113424 0.027553 9.98159E-05 9.98159E-05 0.378493 9.98159E-05 9.98159E-05 9.98159E-05 9.98159E-05 9.98159E-05 9.98159E-05 0.124882 9.98159E-05 9.98159E-05
9.98157E-05 9.98157E-05 0.0353062 9.98157E-05 9.98157E-05 9.98157E-05 9.98157E-05 9.98157E-05 9.98157E-05 9.98157E-05 9.98157E-05 9.98157E-05 9.98157E-05 9.98157E-05 0.0980949 0.248629 9.98157E-05 0.0455274 0.565279 9.98157E-05 9.98157E-05 9.98157E-05 9.98157E-05 9.98157E-05 9.98157E-05 0.00419506 0.000872819 9.98157E-05
9.98247E-05 0.0359984 9.98247E-05 9.98247E-05 9.98247E-05 0.275583 9.98247E-05 9.98247E-05 9.98247E-05 9.98247E-05 0.0113818 9.98247E-05 9.98247E-05 9.98247E-05 0.117921 0.0608305 0.056788 9.98247E-05 9.98247E-05 9.98247E-05 9.98247E-05 9.98247E-05 9.98247E-05 9.98247E-05 9.98247E-05 0.38118 0.0583208 9.98247E-05
0.596686 9.98246E-05 0.0893201 9.98246E-05 9.98246E-05 0.00916528 9.98246E-05 9.98246E-05 9.98246E-05 9.98246E-05 9.98246E-05 9.98246E-05 0.0753906 9.98246E-05 9.98246E-05 0.0223247 9.98246E-05 9.98246E-05 0.18379 9.98246E-05 9.98246E-05 9.98246E-05 0.0191973 9.98246E-05 9.98246E-05 0.00212951 9.98246E-05 9.98246E-05
9.98005E-05 9.98005E-05 9.98005E-05 9.98005E-05 0.00596359 9.98005E-05 9.98005E-05 9.98005E-05 9.98005E-05 9.98005E-05 9.98005E-05 9.98005E-05 9.98005E-05 9.98005E-05 0.0396063 0.160066 9.98005E-05 9.98005E-05 9.98005E-05 9.98005E-05 0.0149345 9.98005E-05 9.98005E-05 9.98005E-05 9.98005E-05 0.777134 9.98005E-05 9.98005E-05
9.97898E-05 9.97898E-05 9.97898E-05 9.97898E-05 9.97898E-05 9.97898E-05 9.97898E-05 9.97898E-05 9.97898E-05 9.97898E-05 9.97898E-05 9.97898E-05 9.97898E-05 9.97898E-05 0.165861 0.18732 9.97898E-05 9.97898E-05 0.612055 9.97898E-05 9.97898E-05 9.97898E-05 9.97898E-05 9.97898E-05 9.97898E-05 0.0323692 9.97898E-05 9.97898E-05
9.98071E-05 9.98071E-05 0.153105 9.98071E-05 9.98071E-05 0.124727 9.98071E-05 9.98071E-05 9.98071E-05 9.98071E-05 9.98071E-05 9.98071E-05 9.98071E-05 9.98071E-05 9.98071E-05 0.0479773 9.98071E-05 0.00983779 0.256947 9.98071E-05 9.98071E-05 9.98071E-05 9.98071E-05 9.98071E-05 9.98071E-05 0.40521 9.98071E-05 9.98071E-05
9.9816E-05 9.9816E-05 9.9816E-05 0.00812933 9.9816E-05 9.9816E-05 9.9816E-05 9.9816E-05 9.9816E-05 9.9816E-05 0.0014797 9.9816E-05 9.9816E-05 0.0231117 9.9816E-05 0.0826656 9.9816E-05 9.9816E-05 9.9816E-05 9.9816E-05 0.014315 9.9816E-05 9.9816E-05 9.9816E-05 9.9816E-05 0.868084 0.000118737 9.9816E-05
9.97981E-05 9.97981E-05 9.97981E-05 9.97981E-05 9.97981E-05 0.0753279 9.97981E-05 9.97981E-05 9.97981E-05 9.97981E-05 0.079491 9.97981E-05 9.97981E-05 9.97981E-05 9.97981E-05 9.97981E-05 9.97981E-05 9.97981E-05 0.0689409 9.97981E-05 0.0217278 9.97981E-05 9.97981E-05 9.97981E-05 9.97981E-05 0.752217 9.97981E-05 9.97981E-05
9.98068E-05 9.98068E-05 0.163286 9.98068E-05 9.98068E-05 9.98068E-05 9.98068E-05 9.98068E-05 9.98068E-05 9.98068E-05 9.98068E-05 9.98068E-05 9.98068E-05 9.98068E-05 0.186394 0.0766249 9.98068E-05 0.118992 0.0252608 9.98068E-05 9.98068E-05 9.98068E-05 9.98068E-05 9.98068E-05 9.98068E-05 0.427246 9.98068E-05 9.98068E-05
9.98156E-05 9.98156E-05 9.98156E-05 9.98156E-05 9.98156E-05 9.98156E-05 9.98156E-05 9.98156E-05 9.98156E-05 9.98156E-05 9.98156E-05 0.048669 9.98156E-05 9.98156E-05 0.00183196 0.132405 9.98156E-05 0.0357191 0.010068 9.98156E-05 9.98156E-05 9.98156E-05 0.0312275 9.98156E-05 9.98156E-05 0.737984 9.98156E-05 9.98156E-05
9.9772E-05 9.9772E-05 9.9772E-05 9.9772E-05 9.9772E-05 0.108746 9.9772E-05 9.9772E-05 9.9772E-05 9.9772E-05 9.9772E-05 9.9772E-05 9.9772E-05 9.9772E-05 9.9772E-05 9.9772E-05 9.9772E-05 9.9772E-05 9.9772E-05 9.9772E-05 9.9772E-05 9.9772E-05 9.9772E-05 9.9772E-05 9.9772E-05 0.88866 9.9772E-05 9.9772E-05
0.162667 9.98071E-05 9.98071E-05 9.98071E-05 9.98071E-05 9.98071E-05 9.98071E-05 9.98071E-05 0.0293703 9.98071E-05 9.98071E-05 9.98071E-05 9.98071E-05 9.98071E-05 0.0758157 9.98071E-05 9.98071E-05 9.98071E-05 0.225513 9.98071E-05 9.98071E-05 9.98071E-05 9.98071E-05 9.98071E-05 0.121458 0.382979 9.98071E-05 9.98071E-05
