0.158196 0.392764 9.99736E-05 0.44874 9.99736E-05 9.99736E-05
9.99649E-05 0.289628 9.99649E-05 0.709972 9.99649E-05 9.99649E-05
0.0685643 0.0121146 0.0328009 0.860837 9.99912E-05 0.0255833
0.101772 0.113994 0.293432 0.30276 0.107935 0.080107
9.99649E-05 9.99649E-05 0.190014 0.809586 9.99649E-05 9.99649E-05
9.99824E-05 0.197791 0.270133 0.242075 0.289801 9.99824E-05
0.128646 0.262209 0.314406 0.294539 9.99824E-05 9.99824E-05
0.0849208 9.99824E-05 0.440094 0.242169 0.232616 9.99824E-05
9.99824E-05 0.400736 9.99824E-05 0.166253 0.315825 0.116985
0.0285328 0.110519 9.99736E-05 0.860649 9.99736E-05 9.99736E-05
0.164928 0.308313 9.99824E-05 0.518298 9.99824E-05 0.00826145
0.0227845 9.99736E-05 0.0773549 0.899561 9.99736E-05 9.99736E-05
0.010829 0.205034 9.99736E-05 0.783837 9.99736E-05 9.99736E-05
0.0699435 0.0863985 0.0553881 0.6636 0.12457 9.99912E-05
9.99824E-05 0.313944 0.0647302 0.363897 0.25723 9.99824E-05
9.99824E-05 0.172345 0.344563 0.29469 0.188202 9.99824E-05
0.130358 0.196121 0.0771587 0.562615 0.0286115 0.00513603
0.217848 0.284542 0.077169 0.235543 0.0360651 0.148833
0.0785576 0.369106 0.227224 0.324913 9.99824E-05 9.99824E-05
9.99649E-05 9.99649E-05 9.99649E-05 0.928746 9.99649E-05 0.0708545
0.0412257 0.127537 0.255314 0.411495 0.143168 0.0212606
0.0601144 0.191038 0.314304 0.326138 0.108306 9.99912E-05
0.120435 0.339182 9.99737E-05 0.540084 9.99737E-05 9.99737E-05
9.99737E-05 0.506025 0.163819 0.329856 9.99737E-05 9.99737E-05
0.10967 0.200591 9.99912E-05 0.281142 0.229111 0.179386
9.99824E-05 0.0782191 0.134662 0.680196 0.106722 9.99824E-05
0.194544 0.362415 0.230413 0.0577767 0.151317 0.0035346
9.99737E-05 0.233988 0.0810418 0.68467 9.99737E-05 9.99737E-05
9.99737E-05 0.373054 9.99737E-05 0.543015 9.99737E-05 0.083631
9.99736E-05 0.106043 9.99736E-05 0.780611 0.113046 9.99736E-05
0.16283 0.132428 9.99824E-05 0.649114 9.99824E-05 0.0554288
0.00424731 0.16956 0.143706 0.518409 0.163978 9.99912E-05
0.132651 0.262333 0.0504295 0.553205 9.99912E-05 0.00128145
0.0899925 0.22995 0.0845621 0.512916 0.0676635 0.0149155
9.99737E-05 0.151233 9.99737E-05 0.786836 9.99737E-05 0.0616316
0.0545324 0.234959 0.07598 0.624976 9.99912E-05 0.00945191
0.0669133 9.99824E-05 0.0677234 0.84432 9.99824E-05 0.0208432
9.99824E-05 0.165037 9.99824E-05 0.587167 0.143833 0.103763
9.99912E-05 0.278146 0.0885333 0.53251 0.060842 0.0398691
9.99824E-05 0.183404 0.11393 0.568055 0.134412 9.99824E-05
0.073996 0.126875 0.0941581 0.704771 9.99824E-05 9.99824E-05
9.99737E-05 0.370669 0.033066 0.595965 9.99737E-05 9.99737E-05
9.99736E-05 9.99736E-05 0.132616 0.842348 0.0247363 9.99736E-05
0.0870616 0.490617 0.012384 0.384537 0.0252999 9.99912E-05
0.0347592 0.431343 0.332944 0.200754 9.99824E-05 9.99824E-05
9.99824E-05 0.0469408 0.0443485 0.808339 9.99824E-05 0.100172
0.095956 0.0499328 9.99912E-05 0.781913 0.0590477 0.0130506
0.00440725 0.00528259 0.0305351 0.939813 9.99912E-05 0.0198624
0.136899 0.176081 0.0672021 0.619618 9.99824E-05 9.99824E-05
0.0875583 0.0418539 0.108694 0.751921 9.99912E-05 0.0098729
0.144608 0.316403 0.125797 0.270589 0.120208 0.0223954
9.99824E-05 9.99824E-05 0.262127 0.645625 0.0208006 0.0712477
9.99824E-05 0.135229 0.03828 0.825886 9.99824E-05 0.00040495
0.0573004 0.0503736 0.230813 0.62 0.0158711 0.0256426
9.99737E-05 0.122812 0.137477 0.739411 9.99737E-05 9.99737E-05
0.0345688 9.99912E-05 0.0312806 0.787028 0.047978 0.099045
0.1089 0.0334643 0.235045 0.62239 9.99824E-05 9.99824E-05
0.119081 0.12258 9.99737E-05 0.758038 9.99737E-05 9.99737E-05
0.0568803 0.11883 0.00888645 0.815203 9.99824E-05 9.99824E-05
0.222696 0.733041 9.99825E-05 0.0266971 0.0173661 9.99825E-05
9.99737E-05 0.491339 0.203757 0.304605 9.99737E-05 9.99737E-05
0.239535 0.413408 9.99737E-05 0.346757 9.99737E-05 9.99737E-05
0.0671895 0.632351 9.99737E-05 9.99737E-05 0.300159 9.99737E-05
0.0983209 0.645296 0.104225 0.0286522 0.0262636 0.0972426
0.0970252 0.902575 9.99649E-05 9.99649E-05 9.99649E-05 9.99649E-05
0.139879 0.834648 0.0251726 9.99737E-05 9.99737E-05 9.99737E-05
0.184677 0.649106 0.0758593 9.99824E-05 0.0901577 9.99824E-05
0.0721183 0.727288 0.0164838 0.18391 9.99825E-05 9.99825E-05
0.189929 0.543729 9.99737E-05 0.266043 9.99737E-05 9.99737E-05
0.26159 0.678799 9.99736E-05 9.99736E-05 9.99736E-05 0.0593111
0.112565 0.619228 0.267907 9.99736E-05 9.99736E-05 9.99736E-05
0.175863 0.388018 0.208833 0.00337445 0.223812 9.99912E-05
9.99649E-05 0.824015 0.175585 9.99649E-05 9.99649E-05 9.99649E-05
0.201521 0.400246 0.0799777 0.233896 0.0842596 9.99912E-05
0.20014 0.620863 9.99825E-05 0.1466 0.0321971 9.99825E-05
0.070218 0.59474 0.334742 9.99737E-05 9.99737E-05 9.99737E-05
0.314589 0.376344 0.124987 0.0435035 0.140476 9.99912E-05
0.302068 0.557427 0.00602608 0.134279 9.99825E-05 9.99825E-05
0.17367 0.82593 9.99649E-05 9.99649E-05 9.99649E-05 9.99649E-05
0.0487809 0.567314 0.0661159 0.31759 9.99825E-05 9.99825E-05
0.0864495 0.617898 0.250818 0.0446349 9.99824E-05 9.99824E-05
0.133927 0.566292 9.99825E-05 0.181268 0.118312 9.99825E-05
0.106501 0.364625 0.340282 0.112105 0.070828 0.00565849
0.337128 0.404204 9.99824E-05 0.215294 0.0431744 9.99824E-05
0.0132891 0.500294 9.99912E-05 0.284704 0.109144 0.0924684
0.0863448 0.552803 0.0258553 0.302311 0.0325856 9.99912E-05
9.99737E-05 0.758966 0.0810164 0.159717 9.99737E-05 9.99737E-05
0.27635 0.502931 9.99825E-05 0.20483 0.0156893 9.99825E-05
9.99737E-05 0.576164 9.99737E-05 0.187744 0.235793 9.99737E-05
9.99649E-05 0.199028 9.99649E-05 9.99649E-05 0.800573 9.99649E-05
9.99737E-05 0.0404741 9.99737E-05 0.131913 0.827313 9.99737E-05
0.12872 0.278493 0.0218011 9.99824E-05 0.570786 9.99824E-05
0.143273 0.158009 9.99824E-05 9.99824E-05 0.653892 0.0446259
0.0905297 9.99824E-05 0.0682087 9.99824E-05 0.72826 0.112802
9.99737E-05 0.191206 0.0493622 9.99737E-05 0.759132 9.99737E-05
0.12485 0.111471 9.99737E-05 9.99737E-05 0.763379 9.99737E-05
9.99736E-05 0.094477 9.99736E-05 9.99736E-05 0.887728 0.0174954
9.99648E-05 0.313761 9.99648E-05 9.99648E-05 0.68584 9.99648E-05
0.0246215 0.320238 9.99736E-05 9.99736E-05 0.654841 9.99736E-05
9.99649E-05 0.291315 9.99649E-05 9.99649E-05 0.708285 9.99649E-05
0.0329029 0.346914 9.99825E-05 0.019583 0.6004 9.99825E-05
0.0256996 9.99649E-05 9.99649E-05 9.99649E-05 0.9739 9.99649E-05
9.99649E-05 0.283515 9.99649E-05 9.99649E-05 0.716086 9.99649E-05
0.237126 9.99737E-05 9.99737E-05 9.99737E-05 0.749636 0.0129378
0.0423701 0.384981 9.99825E-05 9.99825E-05 0.522888 0.0495605
9.99737E-05 0.324248 9.99737E-05 9.99737E-05 0.581639 0.0938131
9.99737E-05 9.99737E-05 0.142948 0.0354719 0.82128 9.99737E-05
0.0177757 0.0655587 0.0196604 9.99912E-05 0.815556 0.0813493
9.99737E-05 0.151523 9.99737E-05 9.99737E-05 0.695653 0.152525
0.0335126 0.180304 0.0572097 9.99824E-05 0.728773 9.99824E-05
0.109189 9.99736E-05 9.99736E-05 9.99736E-05 0.88629 0.00422106
9.99736E-05 0.295144 9.99736E-05 9.99736E-05 0.611764 0.0927913
9.99737E-05 0.0298677 9.99737E-05 9.99737E-05 0.943677 0.0261554
9.99736E-05 0.323323 9.99736E-05 9.99736E-05 0.553137 0.12324
9.99737E-05 0.41027 0.0305726 9.99737E-05 0.558857 9.99737E-05
9.99825E-05 0.101512 9.99825E-05 0.224645 0.580233 0.0934094
9.99824E-05 0.0804066 0.0689203 9.99824E-05 0.741412 0.109061
9.99649E-05 0.261146 9.99649E-05 9.99649E-05 0.738454 9.99649E-05
0.0318397 0.174173 9.99824E-05 9.99824E-05 0.664697 0.12909
9.99737E-05 0.341552 9.99737E-05 9.99737E-05 0.612092 0.0460552
0.0745453 9.99737E-05 9.99737E-05 9.99737E-05 0.779715 0.14544
0.00505304 9.99736E-05 9.99736E-05 9.99736E-05 0.746827 0.24782
9.99736E-05 0.241773 9.99736E-05 9.99736E-05 0.685599 0.0723284
0.0842921 0.155432 9.99825E-05 9.99825E-05 0.748608 0.0114681
0.0745641 0.0900705 0.0624106 9.99912E-05 0.742062 0.0307924
0.119972 0.223566 9.99736E-05 9.99736E-05 0.656162 9.99736E-05
9.99737E-05 9.99737E-05 9.99737E-05 0.00519107 0.984509 0.00999983
0.0929621 9.99737E-05 9.99737E-05 9.99737E-05 0.867686 0.0390516
9.99737E-05 9.99737E-05 9.99737E-05 0.0297067 0.942094 0.0278991
9.99825E-05 0.0154166 9.99825E-05 0.00281496 0.928354 0.0532149
9.99736E-05 0.505493 9.99736E-05 9.99736E-05 0.48944 0.00476693
0.0737759 0.0977568 0.0516993 9.99824E-05 0.776568 9.99824E-05
9.99737E-05 0.112229 9.99737E-05 0.166334 0.721137 9.99737E-05
9.99737E-05 0.0995763 9.99737E-05 0.147394 0.75273 9.99737E-05
0.0712458 0.198703 0.0153964 9.99912E-05 0.615131 0.0994247
0.123305 0.201235 9.99737E-05 9.99737E-05 0.675159 9.99737E-05
0.0723256 0.19278 0.0644765 9.99912E-05 0.66512 0.00519859
0.0275997 0.264492 9.99824E-05 9.99824E-05 0.655793 0.0519152
9.99737E-05 0.147613 9.99737E-05 0.0561397 0.795947 9.99737E-05
9.99824E-05 0.238389 0.324513 9.99824E-05 0.397166 0.0397328
9.99737E-05 0.0313979 9.99737E-05 0.0786153 0.889687 9.99737E-05
0.193822 0.228794 0.0594173 9.99825E-05 0.517767 9.99825E-05
9.99824E-05 0.0627473 0.138422 9.99824E-05 0.790967 0.00766286
0.191661 0.0411134 0.107179 9.99912E-05 0.616399 0.0435481
9.99736E-05 0.506874 9.99736E-05 9.99736E-05 0.454816 0.0380107
9.99736E-05 0.0145129 9.99736E-05 9.99736E-05 0.964956 0.0202315
0.0323423 0.156933 0.0273706 9.99912E-05 0.693553 0.0897003
0.00457531 0.18597 9.99824E-05 9.99824E-05 0.62337 0.185885
9.99649E-05 0.111906 9.99649E-05 9.99649E-05 0.887694 9.99649E-05
9.996E-05 0.9995 9.996E-05 9.996E-05 9.996E-05 9.996E-05
9.996E-05 9.996E-05 9.996E-05 9.996E-05 0.9995 9.996E-05
9.996E-05 0.9995 9.996E-05 9.996E-05 9.996E-05 9.996E-05
9.996E-05 9.996E-05 9.996E-05 9.996E-05 0.9995 9.996E-05
9.996E-05 9.996E-05 9.996E-05 9.996E-05 0.9995 9.996E-05
9.996E-05 9.996E-05 9.996E-05 9.996E-05 0.9995 9.996E-05
9.996E-05 0.9995 9.996E-05 9.996E-05 9.996E-05 9.996E-05
9.996E-05 9.996E-05 9.996E-05 9.996E-05 0.9995 9.996E-05
9.996E-05 9.996E-05 9.996E-05 9.996E-05 0.9995 9.996E-05
9.996E-05 0.9995 9.996E-05 9.996E-05 9.996E-05 9.996E-05
9.99648E-05 0.997639 9.99648E-05 9.99648E-05 9.99648E-05 0.00196083
9.996E-05 0.9995 9.996E-05 9.996E-05 9.996E-05 9.996E-05
9.996E-05 9.996E-05 9.996E-05 9.996E-05 0.9995 9.996E-05
9.996E-05 9.996E-05 9.996E-05 9.996E-05 0.9995 9.996E-05
9.99648E-05 0.982134 9.99648E-05 9.99648E-05 9.99648E-05 0.0174658
9.996E-05 0.9995 9.996E-05 9.996E-05 9.996E-05 9.996E-05
9.99824E-05 0.214489 0.162681 9.99824E-05 0.487139 0.135491
9.996E-05 0.9995 9.996E-05 9.996E-05 9.996E-05 9.996E-05
9.996E-05 9.996E-05 9.996E-05 9.996E-05 0.9995 9.996E-05
9.996E-05 0.9995 9.996E-05 9.996E-05 9.996E-05 9.996E-05
9.996E-05 0.9995 9.996E-05 9.996E-05 9.996E-05 9.996E-05
9.996E-05 0.9995 9.996E-05 9.996E-05 9.996E-05 9.996E-05
9.996E-05 9.996E-05 9.996E-05 9.996E-05 0.9995 9.996E-05
9.996E-05 0.9995 9.996E-05 9.996E-05 9.996E-05 9.996E-05
9.996E-05 9.996E-05 9.996E-05 9.996E-05 0.9995 9.996E-05
9.996E-05 0.9995 9.996E-05 9.996E-05 9.996E-05 9.996E-05
9.996E-05 0.9995 9.996E-05 9.996E-05 9.996E-05 9.996E-05
9.996E-05 9.996E-05 9.996E-05 9.996E-05 0.9995 9.996E-05
9.996E-05 9.996E-05 9.996E-05 9.996E-05 0.9995 9.996E-05
9.996E-05 9.996E-05 9.996E-05 9.996E-05 0.9995 9.996E-05
9.996E-05 0.9995 9.996E-05 9.996E-05 9.996E-05 9.996E-05
9.996E-05 0.9995 9.996E-05 9.996E-05 9.996E-05 9.996E-05
9.996E-05 0.9995 9.996E-05 9.996E-05 9.996E-05 9.996E-05
9.996E-05 0.9995 9.996E-05 9.996E-05 9.996E-05 9.996E-05
9.99648E-05 0.972699 9.99648E-05 9.99648E-05 9.99648E-05 0.0269015
9.996E-05 9.996E-05 9.996E-05 9.996E-05 0.9995 9.996E-05
9.996E-05 9.996E-05 9.996E-05 9.996E-05 0.9995 9.996E-05
9.996E-05 9.996E-05 9.996E-05 9.996E-05 0.9995 9.996E-05
9.996E-05 0.9995 9.996E-05 9.996E-05 9.996E-05 9.996E-05
9.996E-05 9.996E-05 9.996E-05 9.996E-05 0.9995 9.996E-05
9.996E-05 9.996E-05 9.996E-05 9.996E-05 0.9995 9.996E-05
9.996E-05 9.996E-05 9.996E-05 9.996E-05 0.9995 9.996E-05
9.996E-05 9.996E-05 9.996E-05 9.996E-05 0.9995 9.996E-05
9.99648E-05 0.971466 9.99648E-05 9.99648E-05 9.99648E-05 0.0281341
9.996E-05 9.996E-05 9.996E-05 9.996E-05 0.9995 9.996E-05
9.996E-05 9.996E-05 9.996E-05 9.996E-05 0.9995 9.996E-05
0.0244524 0.175381 0.165387 9.99912E-05 0.469535 0.165145
9.996E-05 0.9995 9.996E-05 9.996E-05 9.996E-05 9.996E-05
9.996E-05 9.996E-05 9.996E-05 9.996E-05 0.9995 9.996E-05
9.996E-05 9.996E-05 9.996E-05 9.996E-05 0.9995 9.996E-05
9.996E-05 9.996E-05 9.996E-05 9.996E-05 0.9995 9.996E-05
9.996E-05 9.996E-05 9.996E-05 9.996E-05 0.9995 9.996E-05
9.99648E-05 0.958173 9.99648E-05 9.99648E-05 9.99648E-05 0.0414274
9.996E-05 9.996E-05 9.996E-05 9.996E-05 0.9995 9.996E-05
9.996E-05 0.9995 9.996E-05 9.996E-05 9.996E-05 9.996E-05
9.996E-05 9.996E-05 9.996E-05 9.996E-05 0.9995 9.996E-05
9.99648E-05 0.990748 9.99648E-05 9.99648E-05 9.99648E-05 0.00885179
9.996E-05 9.996E-05 9.996E-05 9.996E-05 0.9995 9.996E-05
9.996E-05 9.996E-05 9.996E-05 9.996E-05 0.9995 9.996E-05
9.996E-05 9.996E-05 9.996E-05 9.996E-05 0.9995 9.996E-05
9.996E-05 9.996E-05 9.996E-05 9.996E-05 0.9995 9.996E-05
9.996E-05 9.996E-05 9.996E-05 9.996E-05 0.9995 9.996E-05
9.996E-05 9.996E-05 9.996E-05 9.996E-05 0.9995 9.996E-05
9.996E-05 0.9995 9.996E-05 9.996E-05 9.996E-05 9.996E-05
9.996E-05 0.9995 9.996E-05 9.996E-05 9.996E-05 9.996E-05
9.996E-05 0.9995 9.996E-05 9.996E-05 9.996E-05 9.996E-05
9.996E-05 9.996E-05 9.996E-05 9.996E-05 0.9995 9.996E-05
9.996E-05 0.9995 9.996E-05 9.996E-05 9.996E-05 9.996E-05
9.996E-05 0.9995 9.996E-05 9.996E-05 9.996E-05 9.996E-05
9.99648E-05 0.997653 9.99648E-05 9.99648E-05 9.99648E-05 0.00194758
9.996E-05 9.996E-05 9.996E-05 9.996E-05 0.9995 9.996E-05
9.996E-05 9.996E-05 9.996E-05 9.996E-05 0.9995 9.996E-05
9.996E-05 9.996E-05 9.996E-05 9.996E-05 0.9995 9.996E-05
9.996E-05 0.9995 9.996E-05 9.996E-05 9.996E-05 9.996E-05
9.996E-05 9.996E-05 9.996E-05 9.996E-05 0.9995 9.996E-05
9.996E-05 9.996E-05 9.996E-05 9.996E-05 0.9995 9.996E-05
9.996E-05 0.9995 9.996E-05 9.996E-05 9.996E-05 9.996E-05
9.996E-05 9.996E-05 9.996E-05 9.996E-05 0.9995 9.996E-05
9.996E-05 9.996E-05 9.996E-05 9.996E-05 0.9995 9.996E-05
0.227222 0.360361 9.99736E-05 9.99736E-05 0.412117 9.99736E-05
9.996E-05 0.9995 9.996E-05 9.996E-05 9.996E-05 9.996E-05
9.996E-05 9.996E-05 9.996E-05 9.996E-05 0.9995 9.996E-05
0.102343 9.99649E-05 9.99649E-05 9.99649E-05 0.897257 9.99649E-05
0.0348228 0.0980122 0.0448389 9.99912E-05 0.760302 0.061924
9.99648E-05 0.476709 9.99648E-05 9.99648E-05 0.522892 9.99648E-05
0.0326612 0.157971 0.133535 9.99912E-05 0.582244 0.0934897
9.99648E-05 0.352008 9.99648E-05 9.99648E-05 0.647592 9.99648E-05
9.99737E-05 0.108745 9.99737E-05 0.130842 0.760114 9.99737E-05
9.99824E-05 0.301086 0.0328723 9.99824E-05 0.63008 0.0357626
0.179801 9.99736E-05 9.99736E-05 9.99736E-05 0.748719 0.0711808
9.99649E-05 9.99649E-05 9.99649E-05 9.99649E-05 0.981201 0.018399
9.99737E-05 0.16974 0.148522 9.99737E-05 0.681438 9.99737E-05
0.117794 0.27122 9.99737E-05 9.99737E-05 0.610686 9.99737E-05
9.99648E-05 0.0691558 9.99648E-05 9.99648E-05 0.930444 9.99648E-05
9.99736E-05 0.382625 0.155213 9.99736E-05 0.461862 9.99736E-05
0.0732071 0.0109508 9.99824E-05 9.99824E-05 0.816298 0.0993443
0.010606 0.251395 9.99736E-05 9.99736E-05 0.737699 9.99736E-05
9.99736E-05 0.301245 0.0419772 9.99736E-05 0.656478 9.99736E-05
9.99737E-05 0.0652243 9.99737E-05 9.99737E-05 0.847786 0.0866897
0.136931 0.490873 9.99824E-05 9.99824E-05 0.362779 0.00921666
9.99736E-05 0.102756 9.99736E-05 9.99736E-05 0.688266 0.208678
9.99824E-05 0.197384 0.0864756 9.99824E-05 0.697612 0.0183291
9.99736E-05 0.21706 9.99736E-05 9.99736E-05 0.735522 0.0471183
9.99649E-05 9.99649E-05 0.128989 9.99649E-05 0.870611 9.99649E-05
0.118332 0.02133 0.0370856 9.99912E-05 0.736709 0.0864432
0.0398889 0.112309 9.99824E-05 9.99824E-05 0.779977 0.0676251
0.0679353 0.0121727 9.99824E-05 9.99824E-05 0.819796 0.0998956
9.9965E-05 0.0012861 9.9965E-05 9.9965E-05 0.998314 9.9965E-05
9.99824E-05 0.119225 0.162171 9.99824E-05 0.658966 0.0594373
9.99736E-05 0.271161 9.99736E-05 9.99736E-05 0.688219 0.0403195
9.99824E-05 0.0579447 0.132184 9.99824E-05 0.663774 0.145898
0.165904 9.99737E-05 9.99737E-05 9.99737E-05 0.74469 0.0891056
9.99824E-05 0.183416 0.0853399 9.99824E-05 0.728863 0.00218105
0.0477276 0.106373 9.99737E-05 9.99737E-05 0.8456 9.99737E-05
9.99736E-05 0.347195 9.99736E-05 9.99736E-05 0.62273 0.0297747
0.102617 0.180527 9.99736E-05 9.99736E-05 0.716556 9.99736E-05
0.130419 0.188726 0.146849 9.99824E-05 0.533806 9.99824E-05
9.99737E-05 0.210877 9.99737E-05 9.99737E-05 0.760204 0.0286188
9.9965E-05 9.9965E-05 9.9965E-05 0.0641103 0.93549 9.9965E-05
0.167899 0.480478 0.0497794 9.99824E-05 0.301643 9.99824E-05
0.0117758 0.127698 0.0850085 9.99912E-05 0.634799 0.140619
9.99824E-05 0.148541 0.149902 9.99824E-05 0.672233 0.0291249
0.00531405 0.253955 9.99824E-05 9.99824E-05 0.684492 0.0560389
9.99825E-05 0.213294 0.0671924 9.99825E-05 0.640099 0.0792144
9.99824E-05 0.132335 0.0540011 9.99824E-05 0.757401 0.0560629
9.99649E-05 0.0899576 9.99649E-05 9.99649E-05 0.909643 9.99649E-05
9.99648E-05 0.370871 9.99648E-05 9.99648E-05 0.628729 9.99648E-05
0.0552191 0.104489 9.99824E-05 9.99824E-05 0.798797 0.0412951
9.996E-05 9.996E-05 9.996E-05 9.996E-05 0.9995 9.996E-05
0.039472 9.99736E-05 9.99736E-05 9.99736E-05 0.896186 0.0640419
9.99825E-05 0.0263995 0.0349048 0.0419651 0.896531 9.99825E-05
0.0689494 0.491102 0.0163719 9.99824E-05 0.423377 9.99824E-05
9.9965E-05 0.203433 9.9965E-05 9.9965E-05 0.796167 9.9965E-05
0.0210522 0.538707 9.99736E-05 9.99736E-05 0.439941 9.99736E-05
9.99736E-05 0.637747 0.130356 9.99736E-05 0.231597 9.99736E-05
9.99737E-05 0.296076 0.0759867 9.99737E-05 0.627637 9.99737E-05
9.99737E-05 9.99737E-05 0.199901 9.99737E-05 0.751485 0.048314
9.99649E-05 0.0697409 9.99649E-05 9.99649E-05 0.929859 9.99649E-05
9.9965E-05 0.384582 9.9965E-05 9.9965E-05 0.615018 9.9965E-05
0.00401239 0.0410597 9.99737E-05 9.99737E-05 0.954628 9.99737E-05
0.048594 0.0271216 9.99824E-05 9.99824E-05 0.824632 0.0994521
9.99649E-05 0.337301 9.99649E-05 9.99649E-05 0.662299 9.99649E-05
9.996E-05 9.996E-05 9.996E-05 9.996E-05 0.9995 9.996E-05
9.9965E-05 9.9965E-05 9.9965E-05 0.0988759 0.900724 9.9965E-05
9.99825E-05 0.0554687 9.99825E-05 0.224919 0.696449 0.0229633
0.0989335 0.0752756 9.99824E-05 9.99824E-05 0.809465 0.0161256
9.99736E-05 0.09623 9.99736E-05 9.99736E-05 0.753544 0.149926
9.99737E-05 9.99737E-05 0.0199382 9.99737E-05 0.969912 0.0098497
9.99737E-05 0.106657 9.99737E-05 0.0968502 0.796192 9.99737E-05
9.99736E-05 0.317088 9.99736E-05 9.99736E-05 0.647047 0.0355651
0.00739767 0.311937 9.99824E-05 9.99824E-05 0.583125 0.0973406
9.99825E-05 0.325388 9.99825E-05 0.0143835 0.599754 0.0602752
9.99736E-05 0.56087 9.99736E-05 9.99736E-05 0.406475 0.0323551
9.99825E-05 0.196711 9.99825E-05 0.275109 0.517498 0.0104812
9.99648E-05 0.243226 9.99648E-05 9.99648E-05 0.756375 9.99648E-05
0.134506 0.297101 0.0826898 9.99912E-05 0.3993 0.0863037
0.0154161 0.256755 9.99912E-05 0.0327052 0.689156 0.00586778
9.99649E-05 0.387598 9.99649E-05 9.99649E-05 0.612002 9.99649E-05
9.99737E-05 0.250022 9.99737E-05 0.160145 0.589533 9.99737E-05
0.039402 0.315201 9.99824E-05 9.99824E-05 0.605238 0.0399589
9.9965E-05 0.237152 9.9965E-05 9.9965E-05 0.762448 9.9965E-05
0.0222488 0.125471 9.99736E-05 9.99736E-05 0.85198 9.99736E-05
0.0179564 9.99737E-05 0.138136 9.99737E-05 0.843607 9.99737E-05
0.138093 0.104442 9.99824E-05 9.99824E-05 0.703347 0.0539181
9.99737E-05 0.204506 9.99737E-05 0.100238 0.694956 9.99737E-05
0.0205525 0.101197 9.99825E-05 9.99825E-05 0.843516 0.0345342
9.99736E-05 0.103911 9.99736E-05 9.99736E-05 0.690563 0.205226
9.99737E-05 0.31535 9.99737E-05 9.99737E-05 0.638516 0.0458342
0.185596 0.195318 9.99824E-05 9.99824E-05 0.550209 0.0686773
0.0392931 0.188701 9.99736E-05 9.99736E-05 0.771706 9.99736E-05
0.0251155 0.369735 9.99824E-05 9.99824E-05 0.540619 0.0643305
9.99736E-05 0.184834 9.99736E-05 9.99736E-05 0.700096 0.11477
9.99825E-05 0.236438 0.0707139 9.99825E-05 0.471791 0.220858
0.124777 0.576692 9.99736E-05 9.99736E-05 0.298231 9.99736E-05
9.99649E-05 0.284131 9.99649E-05 9.99649E-05 0.715469 9.99649E-05
0.140985 0.283877 9.99824E-05 9.99824E-05 0.446234 0.128704
9.99649E-05 0.100504 9.99649E-05 9.99649E-05 0.899096 9.99649E-05
0.0946942 0.182051 9.99825E-05 0.0950254 0.628029 9.99825E-05
9.99736E-05 9.99736E-05 0.194195 9.99736E-05 0.785651 0.019854
0.078157 0.473997 0.00393806 9.99824E-05 0.443708 9.99824E-05
0.0368826 0.608713 9.99737E-05 9.99737E-05 0.354105 9.99737E-05
9.99736E-05 0.566875 9.99736E-05 9.99736E-05 0.389605 0.0432195
0.0890074 9.99824E-05 0.212688 9.99824E-05 0.625614 0.0724907
0.0207934 0.514732 9.99824E-05 9.99824E-05 0.444212 0.0200627
0.112134 0.259859 9.99824E-05 9.99824E-05 0.45132 0.176487
9.99737E-05 0.113444 9.99737E-05 0.129072 0.757184 9.99737E-05
0.00550919 0.164161 9.99825E-05 0.130948 0.699182 9.99825E-05
9.99649E-05 0.250436 9.99649E-05 9.99649E-05 0.749164 9.99649E-05
0.199045 0.578052 9.99824E-05 9.99824E-05 0.201498 0.0212051
9.9965E-05 0.0379458 9.9965E-05 9.9965E-05 0.961654 9.9965E-05
9.99737E-05 0.160992 9.99737E-05 0.121913 0.716795 9.99737E-05
9.99649E-05 9.99649E-05 9.99649E-05 9.99649E-05 0.796308 0.203292
0.00104364 0.0450833 9.99825E-05 9.99825E-05 0.823883 0.12979
9.99825E-05 0.306025 9.99825E-05 0.0117351 0.597714 0.0843266
9.99824E-05 0.312199 0.050825 9.99824E-05 0.610005 0.0267712
9.99824E-05 0.274395 0.0787563 9.99824E-05 0.603163 0.0434859
0.0922566 0.605382 9.99824E-05 9.99824E-05 0.201607 0.100555
9.99649E-05 0.115146 9.99649E-05 9.99649E-05 0.884454 9.99649E-05
9.99736E-05 0.185827 9.99736E-05 9.99736E-05 0.725831 0.0880419
0.168259 0.413062 9.99824E-05 9.99824E-05 0.395773 0.0227052
9.99737E-05 0.0184249 9.99737E-05 9.99737E-05 0.883027 0.0982479
9.99824E-05 0.678981 0.197255 9.99824E-05 0.101539 0.0220257
0.151672 0.329094 9.99736E-05 9.99736E-05 0.518935 9.99736E-05
0.188003 0.186098 9.99824E-05 9.99824E-05 0.555283 0.0704158
9.99736E-05 0.512859 9.99736E-05 9.99736E-05 0.441512 0.0453287
9.99737E-05 0.137879 0.317201 9.99737E-05 0.544619 9.99737E-05
9.99737E-05 0.279827 9.99737E-05 0.0423866 0.677487 9.99737E-05
0.173428 0.199427 9.99736E-05 9.99736E-05 0.626845 9.99736E-05
9.99737E-05 0.266966 9.99737E-05 9.99737E-05 0.668325 0.0644091
9.99737E-05 0.189305 9.99737E-05 0.0504254 0.759969 9.99737E-05
0.0839515 0.189843 0.0414131 9.99912E-05 0.650602 0.0340905
9.99736E-05 0.292666 9.99736E-05 9.99736E-05 0.587531 0.119503
9.99737E-05 0.709943 0.176392 9.99737E-05 0.113366 9.99737E-05
9.99736E-05 0.775503 0.162353 9.99736E-05 0.0618446 9.99736E-05
9.99736E-05 0.590772 0.249468 9.99736E-05 0.15946 9.99736E-05
0.0523219 0.822165 0.0769789 9.99825E-05 0.048334 9.99825E-05
0.178616 0.602649 0.0892699 9.99825E-05 0.129265 9.99825E-05
9.99825E-05 0.760858 0.0146968 0.182607 0.0416382 9.99825E-05
0.0297385 0.707884 0.00414785 9.99824E-05 0.258029 9.99824E-05
9.99649E-05 0.771692 0.227908 9.99649E-05 9.99649E-05 9.99649E-05
0.150255 0.51219 0.114817 0.222538 9.99825E-05 9.99825E-05
0.00246934 0.710368 0.240701 9.99824E-05 0.0462618 9.99824E-05
0.214187 0.644212 0.027166 9.99912E-05 0.0993596 0.0149755
9.99737E-05 0.794512 9.99737E-05 0.0408571 9.99737E-05 0.164331
0.0756401 0.609816 0.175837 9.99912E-05 0.109407 0.0292002
9.9965E-05 0.725049 9.9965E-05 0.274551 9.9965E-05 9.9965E-05
0.181457 0.679573 0.0375777 9.99825E-05 0.101193 9.99825E-05
9.99736E-05 0.625996 0.170141 9.99736E-05 0.203563 9.99736E-05
0.0677253 0.9039 0.016497 9.99824E-05 0.0116776 9.99824E-05
9.99737E-05 0.867557 0.129285 9.99737E-05 9.99737E-05 0.00285791
0.128605 0.692691 0.137658 9.99824E-05 9.99824E-05 0.0408458
9.99737E-05 0.860081 0.139125 0.000493954 9.99737E-05 9.99737E-05
0.0838888 0.87112 9.99737E-05 9.99737E-05 0.0446914 9.99737E-05
9.99825E-05 0.6965 0.201229 0.0349261 0.0671447 9.99825E-05
0.133941 0.817633 9.99825E-05 0.00212129 9.99825E-05 0.0461047
0.0273169 0.814213 9.99737E-05 9.99737E-05 0.15817 9.99737E-05
9.99648E-05 0.850693 9.99648E-05 9.99648E-05 0.148907 9.99648E-05
9.99649E-05 0.832431 9.99649E-05 9.99649E-05 0.167169 9.99649E-05
9.996E-05 0.9995 9.996E-05 9.996E-05 9.996E-05 9.996E-05
9.99649E-05 0.997611 9.99649E-05 9.99649E-05 0.00198905 9.99649E-05
9.99649E-05 0.910429 9.99649E-05 9.99649E-05 0.0891716 9.99649E-05
0.0569067 0.857415 9.99737E-05 9.99737E-05 0.0853785 9.99737E-05
9.99649E-05 0.940828 9.99649E-05 9.99649E-05 0.0587717 9.99649E-05
9.99649E-05 0.867383 9.99649E-05 9.99649E-05 0.132217 9.99649E-05
0.00512597 0.830422 9.99736E-05 9.99736E-05 0.164152 9.99736E-05
0.0719753 0.927625 9.99648E-05 9.99648E-05 9.99648E-05 9.99648E-05
9.99649E-05 0.939622 9.99649E-05 9.99649E-05 0.0599782 9.99649E-05
9.99648E-05 0.860364 9.99648E-05 9.99648E-05 0.139236 9.99648E-05
9.99649E-05 0.748323 9.99649E-05 9.99649E-05 0.251277 9.99649E-05
9.996E-05 0.9995 9.996E-05 9.996E-05 9.996E-05 9.996E-05
9.99737E-05 0.767404 0.00995338 9.99737E-05 0.222342 9.99737E-05
0.0119889 0.794944 9.99736E-05 9.99736E-05 0.192767 9.99736E-05
9.99649E-05 0.876025 9.99649E-05 9.99649E-05 0.123576 9.99649E-05
9.99649E-05 0.759903 9.99649E-05 9.99649E-05 0.239697 9.99649E-05
0.151701 0.754639 9.99737E-05 9.99737E-05 0.0933606 9.99737E-05
9.99648E-05 0.720465 9.99648E-05 9.99648E-05 0.279135 9.99648E-05
9.996E-05 0.9995 9.996E-05 9.996E-05 9.996E-05 9.996E-05
9.99648E-05 0.765534 9.99648E-05 9.99648E-05 0.234066 9.99648E-05
9.99737E-05 0.23028 9.99737E-05 9.99737E-05 0.671961 0.0974592
9.996E-05 0.9995 9.996E-05 9.996E-05 9.996E-05 9.996E-05
9.99649E-05 0.930664 9.99649E-05 9.99649E-05 0.0689363 9.99649E-05
9.996E-05 0.9995 9.996E-05 9.996E-05 9.996E-05 9.996E-05
9.996E-05 0.9995 9.996E-05 9.996E-05 9.996E-05 9.996E-05
9.99736E-05 0.782806 0.00533969 9.99736E-05 0.211554 9.99736E-05
9.99649E-05 0.979915 9.99649E-05 9.99649E-05 0.0196853 9.99649E-05
0.0378581 0.898236 9.99737E-05 9.99737E-05 0.0636062 9.99737E-05
9.99649E-05 0.953758 9.99649E-05 9.99649E-05 9.99649E-05 0.0458421
0.0142098 0.928406 9.99737E-05 9.99737E-05 0.0570841 9.99737E-05
9.99649E-05 0.95117 9.99649E-05 9.99649E-05 0.0484306 9.99649E-05
9.99649E-05 0.948952 9.99649E-05 9.99649E-05 0.0506486 9.99649E-05
9.99648E-05 0.936769 9.99648E-05 9.99648E-05 0.0628316 9.99648E-05
9.99648E-05 0.73431 9.99648E-05 9.99648E-05 0.26529 9.99648E-05
9.996E-05 0.9995 9.996E-05 9.996E-05 9.996E-05 9.996E-05
9.99649E-05 0.975875 0.0237251 9.99649E-05 9.99649E-05 9.99649E-05
9.99649E-05 0.906666 9.99649E-05 9.99649E-05 0.0929339 9.99649E-05
9.996E-05 0.9995 9.996E-05 9.996E-05 9.996E-05 9.996E-05
9.996E-05 0.9995 9.996E-05 9.996E-05 9.996E-05 9.996E-05
9.99648E-05 0.810681 9.99648E-05 9.99648E-05 0.18892 9.99648E-05
9.996E-05 0.9995 9.996E-05 9.996E-05 9.996E-05 9.996E-05
0.122358 0.442949 0.409136 0.0253571 9.99825E-05 9.99825E-05
9.99737E-05 0.349688 0.52824 9.99737E-05 0.121773 9.99737E-05
0.258104 0.151515 0.384251 9.99825E-05 0.205929 9.99825E-05
0.0809164 0.337505 0.564499 9.99825E-05 0.0168799 9.99825E-05
0.0441547 0.447442 0.382836 9.99825E-05 0.125368 9.99825E-05
0.231695 0.448004 0.320001 9.99737E-05 9.99737E-05 9.99737E-05
0.0765804 0.528791 0.394329 9.99737E-05 9.99737E-05 9.99737E-05
9.99649E-05 0.511854 0.487746 9.99649E-05 9.99649E-05 9.99649E-05
0.121392 0.19604 0.353008 9.99824E-05 0.32936 9.99824E-05
0.49023 0.420802 0.0177258 0.0244398 9.99912E-05 0.0467023
0.199269 0.385812 0.324784 9.99824E-05 0.0899351 9.99824E-05
0.146704 0.339364 0.474252 9.99825E-05 0.0394803 9.99825E-05
0.142777 0.428764 0.271242 0.0143705 0.0773338 0.0655127
0.072246 0.446189 0.481265 9.99737E-05 9.99737E-05 9.99737E-05
0.0528134 0.381042 0.565845 9.99737E-05 9.99737E-05 9.99737E-05
9.99649E-05 0.456752 0.542848 9.99649E-05 9.99649E-05 9.99649E-05
0.156375 0.514249 0.329076 9.99737E-05 9.99737E-05 9.99737E-05
0.072957 0.303795 0.46711 9.99825E-05 0.155938 9.99825E-05
0.270825 0.450007 0.207255 9.99824E-05 0.0717131 9.99824E-05
0.198993 0.502871 0.297837 9.99737E-05 9.99737E-05 9.99737E-05
0.9995 9.996E-05 9.996E-05 9.996E-05 9.996E-05 9.996E-05
0.9995 9.996E-05 9.996E-05 9.996E-05 9.996E-05 9.996E-05
0.9995 9.996E-05 9.996E-05 9.996E-05 9.996E-05 9.996E-05
0.9995 9.996E-05 9.996E-05 9.996E-05 9.996E-05 9.996E-05
0.9995 9.996E-05 9.996E-05 9.996E-05 9.996E-05 9.996E-05
0.9995 9.996E-05 9.996E-05 9.996E-05 9.996E-05 9.996E-05
0.9995 9.996E-05 9.996E-05 9.996E-05 9.996E-05 9.996E-05
0.9995 9.996E-05 9.996E-05 9.996E-05 9.996E-05 9.996E-05
0.9995 9.996E-05 9.996E-05 9.996E-05 9.996E-05 9.996E-05
0.9995 9.996E-05 9.996E-05 9.996E-05 9.996E-05 9.996E-05
0.9995 9.996E-05 9.996E-05 9.996E-05 9.996E-05 9.996E-05
0.9995 9.996E-05 9.996E-05 9.996E-05 9.996E-05 9.996E-05
0.9995 9.996E-05 9.996E-05 9.996E-05 9.996E-05 9.996E-05
0.9995 9.996E-05 9.996E-05 9.996E-05 9.996E-05 9.996E-05
0.9995 9.996E-05 9.996E-05 9.996E-05 9.996E-05 9.996E-05
0.9995 9.996E-05 9.996E-05 9.996E-05 9.996E-05 9.996E-05
0.9995 9.996E-05 9.996E-05 9.996E-05 9.996E-05 9.996E-05
0.9995 9.996E-05 9.996E-05 9.996E-05 9.996E-05 9.996E-05
0.9995 9.996E-05 9.996E-05 9.996E-05 9.996E-05 9.996E-05
0.9995 9.996E-05 9.996E-05 9.996E-05 9.996E-05 9.996E-05
0.9995 9.996E-05 9.996E-05 9.996E-05 9.996E-05 9.996E-05
0.9995 9.996E-05 9.996E-05 9.996E-05 9.996E-05 9.996E-05
0.9995 9.996E-05 9.996E-05 9.996E-05 9.996E-05 9.996E-05
0.9995 9.996E-05 9.996E-05 9.996E-05 9.996E-05 9.996E-05
0.9995 9.996E-05 9.996E-05 9.996E-05 9.996E-05 9.996E-05
0.9995 9.996E-05 9.996E-05 9.996E-05 9.996E-05 9.996E-05
0.9995 9.996E-05 9.996E-05 9.996E-05 9.996E-05 9.996E-05
0.9995 9.996E-05 9.996E-05 9.996E-05 9.996E-05 9.996E-05
0.9995 9.996E-05 9.996E-05 9.996E-05 9.996E-05 9.996E-05
0.9995 9.996E-05 9.996E-05 9.996E-05 9.996E-05 9.996E-05
0.9995 9.996E-05 9.996E-05 9.996E-05 9.996E-05 9.996E-05
0.9995 9.996E-05 9.996E-05 9.996E-05 9.996E-05 9.996E-05
0.9995 9.996E-05 9.996E-05 9.996E-05 9.996E-05 9.996E-05
0.9995 9.996E-05 9.996E-05 9.996E-05 9.996E-05 9.996E-05
0.9995 9.996E-05 9.996E-05 9.996E-05 9.996E-05 9.996E-05
0.9995 9.996E-05 9.996E-05 9.996E-05 9.996E-05 9.996E-05
0.9995 9.996E-05 9.996E-05 9.996E-05 9.996E-05 9.996E-05
0.9995 9.996E-05 9.996E-05 9.996E-05 9.996E-05 9.996E-05
0.9995 9.996E-05 9.996E-05 9.996E-05 9.996E-05 9.996E-05
0.9995 9.996E-05 9.996E-05 9.996E-05 9.996E-05 9.996E-05
0.9995 9.996E-05 9.996E-05 9.996E-05 9.996E-05 9.996E-05
0.9995 9.996E-05 9.996E-05 9.996E-05 9.996E-05 9.996E-05
0.9995 9.996E-05 9.996E-05 9.996E-05 9.996E-05 9.996E-05
0.9995 9.996E-05 9.996E-05 9.996E-05 9.996E-05 9.996E-05
0.9995 9.996E-05 9.996E-05 9.996E-05 9.996E-05 9.996E-05
0.9995 9.996E-05 9.996E-05 9.996E-05 9.996E-05 9.996E-05
0.9995 9.996E-05 9.996E-05 9.996E-05 9.996E-05 9.996E-05
0.9995 9.996E-05 9.996E-05 9.996E-05 9.996E-05 9.996E-05
0.9995 9.996E-05 9.996E-05 9.996E-05 9.996E-05 9.996E-05
0.9995 9.996E-05 9.996E-05 9.996E-05 9.996E-05 9.996E-05
0.9995 9.996E-05 9.996E-05 9.996E-05 9.996E-05 9.996E-05
0.9995 9.996E-05 9.996E-05 9.996E-05 9.996E-05 9.996E-05
0.9995 9.996E-05 9.996E-05 9.996E-05 9.996E-05 9.996E-05
0.9995 9.996E-05 9.996E-05 9.996E-05 9.996E-05 9.996E-05
0.9995 9.996E-05 9.996E-05 9.996E-05 9.996E-05 9.996E-05
0.9995 9.996E-05 9.996E-05 9.996E-05 9.996E-05 9.996E-05
0.9995 9.996E-05 9.996E-05 9.996E-05 9.996E-05 9.996E-05
0.9995 9.996E-05 9.996E-05 9.996E-05 9.996E-05 9.996E-05
0.9995 9.996E-05 9.996E-05 9.996E-05 9.996E-05 9.996E-05
0.9995 9.996E-05 9.996E-05 9.996E-05 9.996E-05 9.996E-05
0.9995 9.996E-05 9.996E-05 9.996E-05 9.996E-05 9.996E-05
0.9995 9.996E-05 9.996E-05 9.996E-05 9.996E-05 9.996E-05
0.9995 9.996E-05 9.996E-05 9.996E-05 9.996E-05 9.996E-05
0.9995 9.996E-05 9.996E-05 9.996E-05 9.996E-05 9.996E-05
0.994215 9.99648E-05 9.99648E-05 9.99648E-05 9.99648E-05 0.00538526
0.9995 9.996E-05 9.996E-05 9.996E-05 9.996E-05 9.996E-05
0.9995 9.996E-05 9.996E-05 9.996E-05 9.996E-05 9.996E-05
0.9995 9.996E-05 9.996E-05 9.996E-05 9.996E-05 9.996E-05
0.9995 9.996E-05 9.996E-05 9.996E-05 9.996E-05 9.996E-05
0.9995 9.996E-05 9.996E-05 9.996E-05 9.996E-05 9.996E-05
0.9995 9.996E-05 9.996E-05 9.996E-05 9.996E-05 9.996E-05
0.98071 9.99648E-05 0.0188898 9.99648E-05 9.99648E-05 9.99648E-05
0.9995 9.996E-05 9.996E-05 9.996E-05 9.996E-05 9.996E-05
0.9995 9.996E-05 9.996E-05 9.996E-05 9.996E-05 9.996E-05
0.9995 9.996E-05 9.996E-05 9.996E-05 9.996E-05 9.996E-05
0.9995 9.996E-05 9.996E-05 9.996E-05 9.996E-05 9.996E-05
0.9995 9.996E-05 9.996E-05 9.996E-05 9.996E-05 9.996E-05
0.9995 9.996E-05 9.996E-05 9.996E-05 9.996E-05 9.996E-05
0.9995 9.996E-05 9.996E-05 9.996E-05 9.996E-05 9.996E-05
0.998407 9.99648E-05 0.00119286 9.99648E-05 9.99648E-05 9.99648E-05
0.9995 9.996E-05 9.996E-05 9.996E-05 9.996E-05 9.996E-05
0.962309 9.99648E-05 0.0372907 9.99648E-05 9.99648E-05 9.99648E-05
0.9995 9.996E-05 9.996E-05 9.996E-05 9.996E-05 9.996E-05
0.9995 9.996E-05 9.996E-05 9.996E-05 9.996E-05 9.996E-05
0.9995 9.996E-05 9.996E-05 9.996E-05 9.996E-05 9.996E-05
0.931254 9.99648E-05 9.99648E-05 9.99648E-05 9.99648E-05 0.0683464
0.9995 9.996E-05 9.996E-05 9.996E-05 9.996E-05 9.996E-05
0.9995 9.996E-05 9.996E-05 9.996E-05 9.996E-05 9.996E-05
0.993567 9.99648E-05 0.00603272 9.99648E-05 9.99648E-05 9.99648E-05
0.9995 9.996E-05 9.996E-05 9.996E-05 9.996E-05 9.996E-05
0.9995 9.996E-05 9.996E-05 9.996E-05 9.996E-05 9.996E-05
0.9995 9.996E-05 9.996E-05 9.996E-05 9.996E-05 9.996E-05
0.9995 9.996E-05 9.996E-05 9.996E-05 9.996E-05 9.996E-05
0.95948 9.99736E-05 0.0327824 9.99736E-05 9.99736E-05 0.00743745
0.959578 9.99648E-05 0.0400225 9.99648E-05 9.99648E-05 9.99648E-05
0.9995 9.996E-05 9.996E-05 9.996E-05 9.996E-05 9.996E-05
0.9995 9.996E-05 9.996E-05 9.996E-05 9.996E-05 9.996E-05
0.882264 9.99736E-05 0.103853 9.99736E-05 9.99736E-05 0.0135825
0.9995 9.996E-05 9.996E-05 9.996E-05 9.996E-05 9.996E-05
0.9995 9.996E-05 9.996E-05 9.996E-05 9.996E-05 9.996E-05
0.892105 9.99736E-05 0.0549133 9.99736E-05 9.99736E-05 0.0526822
0.9995 9.996E-05 9.996E-05 9.996E-05 9.996E-05 9.996E-05
0.9995 9.996E-05 9.996E-05 9.996E-05 9.996E-05 9.996E-05
0.9995 9.996E-05 9.996E-05 9.996E-05 9.996E-05 9.996E-05
0.9995 9.996E-05 9.996E-05 9.996E-05 9.996E-05 9.996E-05
0.9995 9.996E-05 9.996E-05 9.996E-05 9.996E-05 9.996E-05
0.987724 0.0118761 9.99649E-05 9.99649E-05 9.99649E-05 9.99649E-05
0.9995 9.996E-05 9.996E-05 9.996E-05 9.996E-05 9.996E-05
0.9995 9.996E-05 9.996E-05 9.996E-05 9.996E-05 9.996E-05
0.967289 9.99648E-05 9.99648E-05 9.99648E-05 9.99648E-05 0.0323114
0.9995 9.996E-05 9.996E-05 9.996E-05 9.996E-05 9.996E-05
0.97001 9.99648E-05 0.0295901 9.99648E-05 9.99648E-05 9.99648E-05
0.9995 9.996E-05 9.996E-05 9.996E-05 9.996E-05 9.996E-05
0.927664 0.0275965 0.00290616 9.99824E-05 9.99824E-05 0.0416334
0.9995 9.996E-05 9.996E-05 9.996E-05 9.996E-05 9.996E-05
0.9995 9.996E-05 9.996E-05 9.996E-05 9.996E-05 9.996E-05
0.9995 9.996E-05 9.996E-05 9.996E-05 9.996E-05 9.996E-05
0.864786 9.99648E-05 0.134814 9.99648E-05 9.99648E-05 9.99648E-05
0.9995 9.996E-05 9.996E-05 9.996E-05 9.996E-05 9.996E-05
0.9995 9.996E-05 9.996E-05 9.996E-05 9.996E-05 9.996E-05
0.980736 0.0188645 9.99648E-05 9.99648E-05 9.99648E-05 9.99648E-05
0.9995 9.996E-05 9.996E-05 9.996E-05 9.996E-05 9.996E-05
0.9995 9.996E-05 9.996E-05 9.996E-05 9.996E-05 9.996E-05
0.972111 0.0274896 9.99649E-05 9.99649E-05 9.99649E-05 9.99649E-05
0.9995 9.996E-05 9.996E-05 9.996E-05 9.996E-05 9.996E-05
0.9995 9.996E-05 9.996E-05 9.996E-05 9.996E-05 9.996E-05
0.9995 9.996E-05 9.996E-05 9.996E-05 9.996E-05 9.996E-05
0.9995 9.996E-05 9.996E-05 9.996E-05 9.996E-05 9.996E-05
0.9995 9.996E-05 9.996E-05 9.996E-05 9.996E-05 9.996E-05
0.9995 9.996E-05 9.996E-05 9.996E-05 9.996E-05 9.996E-05
0.598715 9.99736E-05 0.205414 9.99736E-05 9.99736E-05 0.19557
0.612797 9.99736E-05 0.270124 9.99736E-05 9.99736E-05 0.11678
0.833934 9.99737E-05 0.000448455 9.99737E-05 9.99737E-05 0.165317
0.729056 9.99736E-05 0.135312 9.99736E-05 9.99736E-05 0.135332
0.518543 9.99736E-05 0.220707 9.99736E-05 9.99736E-05 0.260449
0.535767 9.99736E-05 0.27339 9.99736E-05 9.99736E-05 0.190543
0.516776 9.99736E-05 0.326651 9.99736E-05 9.99736E-05 0.156273
0.676277 9.99737E-05 0.0753788 9.99737E-05 9.99737E-05 0.248045
0.487232 9.99736E-05 0.379612 9.99736E-05 9.99736E-05 0.132856
0.433704 9.99736E-05 0.35353 9.99736E-05 9.99736E-05 0.212465
0.545987 9.99736E-05 0.266246 9.99736E-05 9.99736E-05 0.187467
0.412521 9.99649E-05 0.587079 9.99649E-05 9.99649E-05 9.99649E-05
0.782036 9.99648E-05 9.99648E-05 9.99648E-05 9.99648E-05 0.217564
0.839042 9.99649E-05 9.99649E-05 9.99649E-05 9.99649E-05 0.160558
0.89234 9.99649E-05 9.99649E-05 9.99649E-05 9.99649E-05 0.10726
0.86914 9.99649E-05 9.99649E-05 9.99649E-05 9.99649E-05 0.13046
0.819036 9.99649E-05 9.99649E-05 9.99649E-05 9.99649E-05 0.180565
0.166297 9.99736E-05 0.735088 9.99736E-05 9.99736E-05 0.0983154
0.331839 0.0552754 0.44214 9.99824E-05 9.99824E-05 0.170545
0.226818 9.99649E-05 0.772782 9.99649E-05 9.99649E-05 9.99649E-05
0.0935027 9.99648E-05 0.906097 9.99648E-05 9.99648E-05 9.99648E-05
0.199918 9.99737E-05 0.706042 9.99737E-05 9.99737E-05 0.0937398
0.0769279 9.99648E-05 0.922672 9.99648E-05 9.99648E-05 9.99648E-05
9.99648E-05 9.99648E-05 0.941761 9.99648E-05 9.99648E-05 0.0578387
9.996E-05 9.996E-05 0.9995 9.996E-05 9.996E-05 9.996E-05
0.012116 9.99824E-05 0.861731 9.99824E-05 0.0406927 0.0852608
0.290501 9.99736E-05 0.628126 9.99736E-05 9.99736E-05 0.0810734
0.0273799 9.99824E-05 0.664733 9.99824E-05 0.0960997 0.211588
0.116693 9.99824E-05 0.858549 9.99824E-05 0.00931596 0.0152416
0.219299 9.99824E-05 0.457929 9.99824E-05 0.01227 0.310302
0.0598259 9.99737E-05 0.559087 9.99737E-05 9.99737E-05 0.380788
0.142417 9.99824E-05 0.560892 9.99824E-05 0.0458687 0.250622
0.152763 9.99825E-05 0.599718 9.99825E-05 0.117114 0.130205
0.127485 9.99736E-05 0.58176 9.99736E-05 9.99736E-05 0.290456
0.0196664 9.99736E-05 0.897015 9.99736E-05 9.99736E-05 0.0830188
0.402019 9.99824E-05 0.519843 9.99824E-05 0.038386 0.0395519
0.0954377 9.99736E-05 0.431472 9.99736E-05 9.99736E-05 0.47279
0.0676692 9.99736E-05 0.482828 9.99736E-05 9.99736E-05 0.449203
0.0373547 9.99736E-05 0.735056 9.99736E-05 9.99736E-05 0.227289
0.114804 9.99736E-05 0.415934 9.99736E-05 9.99736E-05 0.468962
0.0302628 9.99649E-05 0.969337 9.99649E-05 9.99649E-05 9.99649E-05
0.261664 9.99736E-05 0.5984 9.99736E-05 9.99736E-05 0.139636
0.261218 9.99736E-05 0.579005 9.99736E-05 9.99736E-05 0.159476
0.273418 9.99649E-05 0.726182 9.99649E-05 9.99649E-05 9.99649E-05
0.338426 9.99736E-05 0.626884 9.99736E-05 9.99736E-05 0.0343893
0.0792689 9.99736E-05 0.781354 9.99736E-05 9.99736E-05 0.139077
0.0537437 9.99736E-05 0.666601 9.99736E-05 9.99736E-05 0.279356
0.0435111 9.99736E-05 0.900055 9.99736E-05 9.99736E-05 0.0561343
0.30217 0.0533995 0.460122 9.99824E-05 9.99824E-05 0.184108
0.265824 0.0583141 0.514704 9.99824E-05 9.99824E-05 0.160959
0.0818555 9.99736E-05 0.78202 9.99736E-05 9.99736E-05 0.135824
9.99648E-05 9.99648E-05 0.730845 9.99648E-05 9.99648E-05 0.268755
0.171817 9.99736E-05 0.724943 9.99736E-05 9.99736E-05 0.102941
0.0844171 9.997E-05 0.815995 9.997E-05 9.997E-05 0.0992884
0.125227 9.99736E-05 0.786564 9.99736E-05 9.99736E-05 0.0879092
9.99649E-05 9.99649E-05 0.552547 9.99649E-05 9.99649E-05 0.447053
0.130379 9.99736E-05 0.792797 9.99736E-05 9.99736E-05 0.0765235
0.0434534 0.188171 0.738938 9.99824E-05 0.0292378 9.99824E-05
9.99648E-05 9.99648E-05 0.87171 9.99648E-05 9.99648E-05 0.12789
9.99648E-05 9.99648E-05 0.836311 9.99648E-05 9.99648E-05 0.163289
0.02733 0.13459 0.83778 9.99736E-05 9.99736E-05 9.99736E-05
0.0550098 9.99736E-05 0.836194 9.99736E-05 9.99736E-05 0.108497
0.113532 9.99736E-05 0.802182 9.99736E-05 9.99736E-05 0.0839858
9.99648E-05 9.99648E-05 0.775667 9.99648E-05 9.99648E-05 0.223933
0.243251 9.99737E-05 0.381961 9.99737E-05 9.99737E-05 0.374488
0.0802641 9.99736E-05 0.818713 9.99736E-05 9.99736E-05 0.100723
0.010662 9.99736E-05 0.835035 9.99736E-05 9.99736E-05 0.154003
0.0626031 0.0570675 0.874827 9.99824E-05 0.00530221 9.99824E-05
0.101908 0.0715644 0.826227 9.99736E-05 9.99736E-05 9.99736E-05
0.0762986 9.99736E-05 0.828024 9.99736E-05 9.99736E-05 0.0953772
9.99648E-05 9.99648E-05 0.849006 9.99648E-05 9.99648E-05 0.150594
0.13734 0.154826 0.686465 9.99824E-05 0.021169 9.99824E-05
0.217969 9.99736E-05 0.470196 9.99736E-05 9.99736E-05 0.311535
9.99648E-05 9.99648E-05 0.845885 9.99648E-05 9.99648E-05 0.153715
9.99648E-05 9.99648E-05 0.842978 9.99648E-05 9.99648E-05 0.156622
9.99648E-05 9.99648E-05 0.844692 9.99648E-05 9.99648E-05 0.154908
