9.99649E-05 9.99649E-05 0.0381006 9.99649E-05 9.99649E-05 0.0505943 0.3792 0.0802761 0.0431735 0.265969 0.0369905 0.0984394 0.00685719
9.99298E-05 9.99298E-05 0.00821542 9.99298E-05 9.99298E-05 0.1153 0.70089 9.99298E-05 9.99298E-05 9.99298E-05 9.99298E-05 0.139089 0.0357061
9.99211E-05 9.99211E-05 0.0504067 9.99211E-05 9.99211E-05 9.99211E-05 0.878049 0.0196411 9.99211E-05 9.99211E-05 0.0510042 9.99211E-05 9.99211E-05
0.205425 0.0424377 0.0585877 9.99649E-05 9.99649E-05 9.99649E-05 0.262711 0.159764 0.0486195 0.156591 0.0520596 9.99649E-05 0.0134036
0.0799583 9.99122E-05 9.99122E-05 9.99122E-05 9.99122E-05 9.99122E-05 0.864953 9.99122E-05 0.0540896 9.99122E-05 9.99122E-05 9.99122E-05 9.99122E-05
0.264091 9.99385E-05 9.99385E-05 9.99385E-05 0.0180694 0.0304569 0.217016 9.99385E-05 0.181911 9.99385E-05 9.99385E-05 0.287757 9.99385E-05
0.00570371 9.99649E-05 9.99649E-05 0.0314636 9.99649E-05 0.103655 0.214976 0.150828 9.99649E-05 0.163664 0.156178 0.137078 0.0360537
0.180304 0.140847 9.99474E-05 0.0699808 9.99474E-05 9.99474E-05 0.183077 9.99474E-05 0.161358 0.186097 9.99474E-05 0.0777371 9.99474E-05
0.0511293 9.99298E-05 0.269938 9.99298E-05 9.99298E-05 9.99298E-05 0.233472 9.99298E-05 0.202647 9.99298E-05 0.242015 9.99298E-05 9.99298E-05
9.99034E-05 9.99034E-05 0.0741455 9.99034E-05 9.99034E-05 9.99034E-05 0.924756 9.99034E-05 9.99034E-05 9.99034E-05 9.99034E-05 9.99034E-05 9.99034E-05
9.99473E-05 9.99473E-05 0.200741 9.99473E-05 9.99473E-05 9.99473E-05 0.535826 0.112718 0.0010749 0.0980744 9.99473E-05 0.0212488 0.0297175
0.00434083 9.99297E-05 9.99297E-05 0.0155325 9.99297E-05 9.99297E-05 0.945964 0.0155958 9.99297E-05 9.99297E-05 9.99297E-05 0.0177673 9.99297E-05
9.99298E-05 0.000454468 0.0906461 9.99298E-05 9.99298E-05 9.99298E-05 0.758624 9.99298E-05 0.00666447 0.142812 9.99298E-05 9.99298E-05 9.99298E-05
9.99386E-05 9.99386E-05 0.0813686 0.0380473 0.168349 9.99386E-05 0.616575 0.0425776 9.99386E-05 0.0523826 9.99386E-05 9.99386E-05 9.99386E-05
9.99473E-05 9.99473E-05 0.143536 9.99473E-05 0.0243281 9.99473E-05 0.272225 9.99473E-05 0.17451 0.0444359 0.0478437 0.292523 9.99473E-05
0.263271 0.00829443 0.0920169 0.102116 9.99649E-05 9.99649E-05 0.140935 0.0306691 0.166283 0.0527212 9.99649E-05 0.143293 9.99649E-05
0.00945418 9.99649E-05 0.0910707 0.0442885 0.0844246 0.0595728 0.563346 0.0643271 9.99649E-05 0.0554845 0.027632 9.99649E-05 9.99649E-05
9.99561E-05 0.117834 0.14616 9.99561E-05 9.99561E-05 9.99561E-05 0.142496 9.99561E-05 0.0217545 0.186027 0.014303 0.220058 0.150868
9.99523E-05 0.0360612 0.18103 9.99523E-05 9.99523E-05 9.99523E-05 0.360035 0.00439763 0.125591 0.255079 0.0372064 9.99523E-05 9.99523E-05
9.99122E-05 9.99122E-05 0.000780396 9.99122E-05 9.99122E-05 9.99122E-05 0.909315 9.99122E-05 9.99122E-05 9.99122E-05 9.99122E-05 9.99122E-05 0.0889054
0.209865 9.99561E-05 0.0356798 9.99561E-05 9.99561E-05 9.99561E-05 0.494568 0.0698638 0.147489 0.0049534 0.032142 9.99561E-05 0.0049386
0.203545 9.9921E-05 9.9921E-05 9.9921E-05 9.9921E-05 9.9921E-05 0.254135 9.9921E-05 0.143661 0.397759 9.9921E-05 9.9921E-05 9.9921E-05
9.99298E-05 0.0149874 0.135964 9.99298E-05 9.99298E-05 9.99298E-05 0.657091 0.045471 9.99298E-05 9.99298E-05 9.99298E-05 0.145687 9.99298E-05
9.99209E-05 9.99209E-05 0.233662 9.99209E-05 9.99209E-05 9.99209E-05 0.317183 9.99209E-05 9.99209E-05 0.382054 0.0662026 9.99209E-05 9.99209E-05
9.99473E-05 9.99473E-05 0.268399 9.99473E-05 9.99473E-05 9.99473E-05 0.234144 0.00196654 0.1372 0.142382 0.0735359 9.99473E-05 0.141772
0.0419626 9.99386E-05 0.0786668 9.99386E-05 9.99386E-05 9.99386E-05 0.731432 0.0116857 0.0616573 0.0738963 9.99386E-05 9.99386E-05 9.99386E-05
9.994E-05 0.150621 0.109289 0.0311969 0.194327 0.0187728 9.994E-05 9.994E-05 9.994E-05 0.488584 9.994E-05 9.994E-05 0.00661015
9.99386E-05 9.99386E-05 0.0606871 9.99386E-05 0.0326554 0.108135 0.737287 9.99386E-05 9.99386E-05 0.0106389 9.99386E-05 9.99386E-05 0.0498966
9.99385E-05 9.99385E-05 0.253525 9.99385E-05 9.99385E-05 9.99385E-05 0.539999 0.00436012 9.99385E-05 0.11225 0.0287295 0.060436 9.99385E-05
9.99386E-05 9.99386E-05 0.0661393 9.99386E-05 0.0245576 9.99386E-05 0.83077 0.00676669 0.0453496 9.99386E-05 0.0257169 9.99386E-05 9.99386E-05
9.99297E-05 9.99297E-05 9.99297E-05 9.99297E-05 9.99297E-05 9.99297E-05 0.551797 0.0670149 9.99297E-05 0.190487 9.99297E-05 0.166828 0.0230731
0.067928 9.99561E-05 0.0550639 9.99561E-05 0.129626 9.99561E-05 0.514689 0.0492331 0.0017857 0.10928 9.99561E-05 0.0718942 9.99561E-05
9.99385E-05 9.99385E-05 0.14334 0.052151 9.99385E-05 9.99385E-05 0.452089 0.105008 9.99385E-05 0.0115011 9.99385E-05 0.235212 9.99385E-05
9.99385E-05 0.0281661 0.138403 0.0238939 0.122208 9.99385E-05 0.539065 9.99385E-05 9.99385E-05 0.147565 9.99385E-05 9.99385E-05 9.99385E-05
9.99386E-05 9.99386E-05 0.0223572 9.99386E-05 9.99386E-05 0.00991883 0.792771 9.99386E-05 0.00874799 0.035407 9.99386E-05 9.99386E-05 0.130098
0.0146152 0.0138893 0.0537642 9.99649E-05 9.99649E-05 0.00213611 0.686831 0.060493 0.0355933 0.109884 0.0223938 9.99649E-05 9.99649E-05
9.99211E-05 9.99211E-05 9.99211E-05 0.104085 9.99211E-05 0.0373656 0.83605 9.99211E-05 9.99211E-05 0.0216001 9.99211E-05 9.99211E-05 9.99211E-05
9.99298E-05 9.99298E-05 0.059417 9.99298E-05 9.99298E-05 0.028763 0.638024 9.99298E-05 0.180259 9.99298E-05 9.99298E-05 9.99298E-05 0.0927373
0.10912 9.99561E-05 0.156433 9.99561E-05 0.04683 0.102172 0.57865 0.000632432 0.00117563 0.00448728 9.99561E-05 9.99561E-05 9.99561E-05
9.99298E-05 9.99298E-05 0.163148 0.150211 0.11233 9.99298E-05 0.534522 9.99298E-05 9.99298E-05 0.0389899 9.99298E-05 9.99298E-05 9.99298E-05
9.9921E-05 9.9921E-05 0.0534289 9.9921E-05 9.9921E-05 9.9921E-05 0.815071 0.0434418 9.9921E-05 0.0871594 9.9921E-05 9.9921E-05 9.9921E-05
9.99387E-05 0.0128603 0.0536243 9.99387E-05 9.99387E-05 0.015118 0.633124 9.99387E-05 0.0120296 0.272544 9.99387E-05 9.99387E-05 9.99387E-05
9.99122E-05 9.99122E-05 9.99122E-05 9.99122E-05 9.99122E-05 0.097486 0.81879 9.99122E-05 9.99122E-05 0.0827252 9.99122E-05 9.99122E-05 9.99122E-05
9.99474E-05 9.99474E-05 0.337014 9.99474E-05 9.99474E-05 9.99474E-05 0.367868 0.0305556 0.0724758 0.145416 0.0185831 0.0274869 9.99474E-05
0.210933 9.99298E-05 0.173388 9.99298E-05 9.99298E-05 9.99298E-05 0.278797 9.99298E-05 9.99298E-05 0.278987 0.0570945 9.99298E-05 9.99298E-05
0.0182579 9.99297E-05 0.0389915 9.99297E-05 9.99297E-05 9.99297E-05 0.844557 9.99297E-05 9.99297E-05 0.0411241 9.99297E-05 9.99297E-05 0.0562699
9.99298E-05 0.042027 0.0792874 9.99298E-05 9.99298E-05 9.99298E-05 0.83991 0.0138631 0.0241128 9.99298E-05 9.99298E-05 9.99298E-05 9.99298E-05
9.9921E-05 9.9921E-05 0.0377287 0.00732853 9.9921E-05 9.9921E-05 0.949961 9.9921E-05 9.9921E-05 9.9921E-05 9.9921E-05 9.9921E-05 0.00408196
0.0544814 9.99209E-05 0.143442 9.99209E-05 9.99209E-05 9.99209E-05 0.560521 9.99209E-05 9.99209E-05 0.240656 9.99209E-05 9.99209E-05 9.99209E-05
0.0551131 0.0100636 9.99474E-05 0.072444 9.99474E-05 0.0149445 0.806618 9.99474E-05 0.0137512 0.0264658 9.99474E-05 9.99474E-05 9.99474E-05
0.0774622 9.99648E-05 0.249223 9.99648E-05 0.052711 9.99648E-05 0.253826 0.117344 0.0598641 0.10065 9.99648E-05 0.0864539 0.00206655
0.0546177 9.99298E-05 9.99298E-05 9.99298E-05 9.99298E-05 9.99298E-05 0.62611 9.99298E-05 9.99298E-05 0.229745 0.057881 9.99298E-05 0.0308474
9.99123E-05 0.0204748 9.99123E-05 0.0319893 9.99123E-05 9.99123E-05 0.946537 9.99123E-05 9.99123E-05 9.99123E-05 9.99123E-05 9.99123E-05 9.99123E-05
9.99211E-05 9.99211E-05 0.102167 0.221464 9.99211E-05 9.99211E-05 0.628898 9.99211E-05 0.0465713 9.99211E-05 9.99211E-05 9.99211E-05 9.99211E-05
0.0412421 9.99298E-05 0.0964861 9.99298E-05 9.99298E-05 9.99298E-05 0.788096 9.99298E-05 0.0029106 9.99298E-05 9.99298E-05 0.070466 9.99298E-05
0.0183473 9.99473E-05 9.99473E-05 9.99473E-05 0.024037 9.99473E-05 0.637264 0.0384534 9.99473E-05 0.000587933 9.99473E-05 0.204579 0.0761315
9.99386E-05 0.0759734 0.0024184 9.99386E-05 9.99386E-05 0.0362972 0.791954 9.99386E-05 0.0542492 0.0384083 9.99386E-05 9.99386E-05 9.99386E-05
9.9921E-05 9.9921E-05 0.081585 9.9921E-05 9.9921E-05 9.9921E-05 0.859178 0.0532402 9.9921E-05 0.00509742 9.9921E-05 9.9921E-05 9.9921E-05
9.9921E-05 9.9921E-05 0.023839 9.9921E-05 9.9921E-05 0.012025 0.842571 0.120666 9.9921E-05 9.9921E-05 9.9921E-05 9.9921E-05 9.9921E-05
9.99385E-05 0.0658165 0.140913 9.99385E-05 9.99385E-05 0.00123045 9.99385E-05 9.99385E-05 0.0483795 0.0200721 9.99385E-05 0.722889 9.99385E-05
0.039608 9.99123E-05 9.99123E-05 0.00961024 9.99123E-05 9.99123E-05 9.99123E-05 9.99123E-05 9.99123E-05 9.99123E-05 9.99123E-05 0.949783 9.99123E-05
9.99034E-05 9.99034E-05 9.99034E-05 0.0851802 9.99034E-05 9.99034E-05 9.99034E-05 9.99034E-05 9.99034E-05 9.99034E-05 9.99034E-05 0.913721 9.99034E-05
9.99473E-05 0.0466828 0.0743825 9.99473E-05 0.0203227 0.315334 9.99473E-05 0.0021568 0.158081 9.99473E-05 9.99473E-05 0.382441 9.99473E-05
9.99296E-05 9.99296E-05 0.0852813 9.99296E-05 9.99296E-05 9.99296E-05 9.99296E-05 9.99296E-05 0.0627977 0.0666563 9.99296E-05 0.600516 0.183949
9.99384E-05 0.0601003 0.181178 9.99384E-05 9.99384E-05 9.99384E-05 9.99384E-05 9.99384E-05 0.0222007 0.0748162 0.0113845 0.649621 9.99384E-05
9.99209E-05 9.99209E-05 0.136429 9.99209E-05 9.99209E-05 0.267752 9.99209E-05 0.0306231 9.99209E-05 9.99209E-05 9.99209E-05 0.564296 9.99209E-05
9.99297E-05 0.166516 0.0805142 9.99297E-05 9.99297E-05 0.0764482 9.99297E-05 9.99297E-05 0.0945358 9.99297E-05 9.99297E-05 0.581186 9.99297E-05
9.98946E-05 9.98946E-05 9.98946E-05 9.98946E-05 9.98946E-05 9.98946E-05 9.98946E-05 9.98946E-05 9.98946E-05 9.98946E-05 9.98946E-05 0.998801 9.98946E-05
9.99121E-05 9.99121E-05 9.99121E-05 9.99121E-05 9.99121E-05 9.99121E-05 9.99121E-05 0.0539146 0.0111664 9.99121E-05 9.99121E-05 0.93392 9.99121E-05
9.99296E-05 0.0290808 0.267803 9.99296E-05 9.99296E-05 9.99296E-05 9.99296E-05 0.130628 0.049329 9.99296E-05 9.99296E-05 0.52236 9.99296E-05
0.134905 0.0261783 0.119433 9.995E-05 9.995E-05 0.0173401 9.995E-05 0.0881367 9.995E-05 0.128753 9.995E-05 0.441819 0.0429339
0.0489934 9.99296E-05 9.99296E-05 0.150369 9.99296E-05 9.99296E-05 9.99296E-05 0.0987151 0.153636 9.99296E-05 9.99296E-05 0.547487 9.99296E-05
9.99209E-05 9.99209E-05 0.218756 9.99209E-05 9.99209E-05 0.0709062 9.99209E-05 9.99209E-05 9.99209E-05 0.278378 9.99209E-05 0.43106 9.99209E-05
9.99124E-05 9.99124E-05 9.99124E-05 0.0223269 9.99124E-05 9.99124E-05 9.99124E-05 0.0102554 9.99124E-05 9.99124E-05 9.99124E-05 0.966419 9.99124E-05
9.99122E-05 9.99122E-05 0.0135927 9.99122E-05 9.99122E-05 9.99122E-05 9.99122E-05 9.99122E-05 0.0248262 9.99122E-05 9.99122E-05 0.960582 9.99122E-05
0.152751 0.00860113 9.99296E-05 0.069006 9.99296E-05 9.99296E-05 9.99296E-05 9.99296E-05 0.00354488 9.99296E-05 9.99296E-05 0.765298 9.99296E-05
0.00505858 0.0377084 9.99385E-05 9.99385E-05 9.99385E-05 9.99385E-05 9.99385E-05 0.168424 0.0423956 0.11953 9.99385E-05 0.626183 9.99385E-05
9.9921E-05 0.0819267 0.028719 9.9921E-05 9.9921E-05 9.9921E-05 9.9921E-05 0.0162556 9.9921E-05 9.9921E-05 9.9921E-05 0.872199 9.9921E-05
9.99296E-05 0.0251828 0.195973 0.0679733 9.99296E-05 9.99296E-05 9.99296E-05 9.99296E-05 9.99296E-05 9.99296E-05 9.99296E-05 0.6125 0.0975718
9.98948E-05 9.98948E-05 9.98948E-05 9.98948E-05 9.98948E-05 9.98948E-05 9.98948E-05 9.98948E-05 9.98948E-05 9.98948E-05 9.98948E-05 0.998801 9.98948E-05
9.99296E-05 0.0561388 0.0352118 9.99296E-05 9.99296E-05 0.0552565 9.99296E-05 9.99296E-05 9.99296E-05 0.302234 9.99296E-05 0.550359 9.99296E-05
9.9921E-05 0.010998 0.0847659 9.9921E-05 0.0754363 9.9921E-05 9.9921E-05 9.9921E-05 9.9921E-05 9.9921E-05 9.9921E-05 0.827901 9.9921E-05
0.14935 0.0940152 0.0049473 9.99297E-05 9.99297E-05 9.99297E-05 9.99297E-05 9.99297E-05 0.0444719 9.99297E-05 9.99297E-05 0.706416 9.99297E-05
0.00161932 9.99384E-05 0.06768 9.99384E-05 9.99384E-05 9.99384E-05 9.99384E-05 0.15681 0.0175008 0.00883018 9.99384E-05 0.746861 9.99384E-05
9.99211E-05 9.99211E-05 9.99211E-05 9.99211E-05 9.99211E-05 0.00270175 9.99211E-05 9.99211E-05 0.0432048 9.99211E-05 9.99211E-05 0.946786 0.00640796
9.98947E-05 9.98947E-05 9.98947E-05 9.98947E-05 9.98947E-05 9.98947E-05 9.98947E-05 9.98947E-05 9.98947E-05 9.98947E-05 9.98947E-05 0.998801 9.98947E-05
9.98947E-05 9.98947E-05 9.98947E-05 9.98947E-05 9.98947E-05 9.98947E-05 9.98947E-05 9.98947E-05 9.98947E-05 9.98947E-05 9.98947E-05 0.998801 9.98947E-05
9.99035E-05 0.140752 9.99035E-05 9.99035E-05 9.99035E-05 9.99035E-05 9.99035E-05 9.99035E-05 9.99035E-05 9.99035E-05 9.99035E-05 0.858149 9.99035E-05
9.99211E-05 9.99211E-05 0.136491 9.99211E-05 9.99211E-05 9.99211E-05 0.016946 9.99211E-05 0.089913 9.99211E-05 9.99211E-05 0.755751 9.99211E-05
9.9921E-05 9.9921E-05 0.179329 9.9921E-05 0.599917 9.9921E-05 9.9921E-05 0.0286482 0.191207 9.9921E-05 9.9921E-05 9.9921E-05 9.9921E-05
9.99211E-05 9.99211E-05 0.0108389 9.99211E-05 0.855987 9.99211E-05 0.0539444 9.99211E-05 0.0783309 9.99211E-05 9.99211E-05 9.99211E-05 9.99211E-05
9.99297E-05 0.0476599 0.18872 9.99297E-05 0.634859 9.99297E-05 9.99297E-05 0.0595118 9.99297E-05 0.0684497 9.99297E-05 9.99297E-05 9.99297E-05
9.99385E-05 0.167159 0.298223 9.99385E-05 0.368194 9.99385E-05 9.99385E-05 0.025597 0.125308 9.99385E-05 9.99385E-05 9.99385E-05 0.0148196
9.99384E-05 0.0029947 0.0845735 0.022968 0.611629 9.99384E-05 9.99384E-05 9.99384E-05 0.19156 9.99384E-05 0.0855756 9.99384E-05 9.99384E-05
9.99122E-05 9.99122E-05 0.272343 9.99122E-05 0.546436 9.99122E-05 9.99122E-05 9.99122E-05 0.180222 9.99122E-05 9.99122E-05 9.99122E-05 9.99122E-05
9.99385E-05 0.0486755 0.14162 9.99385E-05 0.56289 9.99385E-05 9.99385E-05 0.0375326 0.131388 0.0771944 9.99385E-05 9.99385E-05 9.99385E-05
9.99473E-05 0.0366255 0.100569 9.99473E-05 0.533868 9.99473E-05 9.99473E-05 0.00945618 0.277435 0.0102536 9.99473E-05 9.99473E-05 0.0311928
9.99384E-05 9.99384E-05 0.113994 9.99384E-05 0.174216 0.247591 9.99384E-05 0.033312 0.354074 0.0761131 9.99384E-05 9.99384E-05 9.99384E-05
9.99297E-05 0.048785 0.353396 9.99297E-05 0.303022 9.99297E-05 9.99297E-05 9.99297E-05 0.262512 0.031485 9.99297E-05 9.99297E-05 9.99297E-05
9.99298E-05 9.99298E-05 0.00818835 9.99298E-05 0.608397 0.296149 9.99298E-05 0.0422253 0.0442403 9.99298E-05 9.99298E-05 9.99298E-05 9.99298E-05
9.99297E-05 9.99297E-05 0.0661706 9.99297E-05 0.609343 0.248139 9.99297E-05 0.0640714 9.99297E-05 9.99297E-05 9.99297E-05 9.99297E-05 0.0114768
9.99209E-05 0.0214648 9.99209E-05 9.99209E-05 0.811297 9.99209E-05 9.99209E-05 0.00853009 0.157809 9.99209E-05 9.99209E-05 9.99209E-05 9.99209E-05
9.9921E-05 9.9921E-05 0.249275 9.9921E-05 0.560501 9.9921E-05 9.9921E-05 9.9921E-05 0.180361 9.9921E-05 0.00896395 9.9921E-05 9.9921E-05
9.99122E-05 0.241683 9.99122E-05 9.99122E-05 0.675601 9.99122E-05 9.99122E-05 9.99122E-05 0.0817168 9.99122E-05 9.99122E-05 9.99122E-05 9.99122E-05
9.99649E-05 9.99649E-05 0.231198 0.00107705 0.43832 0.157089 9.99649E-05 0.0826827 0.00635874 0.0639276 9.99649E-05 0.00717254 0.0117743
9.99385E-05 9.99385E-05 0.114736 9.99385E-05 0.452853 0.222797 9.99385E-05 9.99385E-05 0.0997989 0.010279 9.99385E-05 9.99385E-05 0.098837
0.0886015 9.99386E-05 0.00828991 0.0698861 0.567479 9.99386E-05 9.99386E-05 9.99386E-05 0.167789 0.0972551 9.99386E-05 9.99386E-05 9.99386E-05
0.00433873 9.99297E-05 9.99297E-05 9.99297E-05 0.82189 9.99297E-05 9.99297E-05 0.0685703 0.0505874 0.0538141 9.99297E-05 9.99297E-05 9.99297E-05
9.99386E-05 9.99386E-05 0.18343 9.99386E-05 0.507134 9.99386E-05 9.99386E-05 0.0327453 0.117106 9.99386E-05 9.99386E-05 0.0697062 0.0891796
0.0216467 0.0484496 0.14427 9.99385E-05 0.595994 0.117459 9.99385E-05 9.99385E-05 0.0714817 9.99385E-05 9.99385E-05 9.99385E-05 9.99385E-05
9.99297E-05 0.0562708 0.105072 9.99297E-05 0.657751 9.99297E-05 9.99297E-05 0.0470033 0.133103 9.99297E-05 9.99297E-05 9.99297E-05 9.99297E-05
0.0530599 9.99385E-05 0.261243 9.99385E-05 0.181804 0.0936846 9.99385E-05 9.99385E-05 0.289654 9.99385E-05 9.99385E-05 9.99385E-05 0.119856
9.9921E-05 9.9921E-05 0.0754959 9.9921E-05 0.677755 9.9921E-05 9.9921E-05 9.9921E-05 0.245056 9.9921E-05 0.000793131 9.9921E-05 9.9921E-05
9.99385E-05 9.99385E-05 0.278158 9.99385E-05 0.178322 0.143041 9.99385E-05 0.00799285 0.292392 9.99385E-05 9.99385E-05 9.99385E-05 0.0993951
9.99473E-05 0.0322576 0.103759 0.0270213 0.444804 0.121485 9.99473E-05 9.99473E-05 0.18149 9.99473E-05 9.99473E-05 0.0885835 9.99473E-05
9.99211E-05 9.99211E-05 0.0530329 9.99211E-05 0.82674 9.99211E-05 9.99211E-05 9.99211E-05 9.99211E-05 9.99211E-05 0.118247 9.99211E-05 0.00108091
0.0628954 9.99208E-05 0.155256 9.99208E-05 0.537906 9.99208E-05 9.99208E-05 9.99208E-05 0.243043 9.99208E-05 9.99208E-05 9.99208E-05 9.99208E-05
9.9921E-05 9.9921E-05 0.259573 9.9921E-05 0.363735 0.0704754 9.9921E-05 9.9921E-05 0.305317 9.9921E-05 9.9921E-05 9.9921E-05 9.9921E-05
9.99297E-05 9.99297E-05 0.184017 9.99297E-05 0.655948 9.99297E-05 9.99297E-05 0.0102706 0.0417563 9.99297E-05 9.99297E-05 9.99297E-05 0.107208
9.99473E-05 9.99473E-05 0.22009 0.0327531 0.490378 0.0596379 9.99473E-05 0.0834455 0.111574 0.00152209 9.99473E-05 9.99473E-05 9.99473E-05
9.99385E-05 9.99385E-05 0.1285 0.142791 0.622713 9.99385E-05 9.99385E-05 0.0254937 0.0139168 9.99385E-05 9.99385E-05 9.99385E-05 0.0658859
9.99297E-05 9.99297E-05 0.188801 0.017127 0.255702 9.99297E-05 9.99297E-05 9.99297E-05 0.307675 9.99297E-05 9.99297E-05 9.99297E-05 0.229896
9.99201E-05 9.99201E-05 0.157328 9.99201E-05 0.488235 9.99201E-05 9.99201E-05 9.99201E-05 0.0805498 0.260408 9.99201E-05 9.99201E-05 0.0126796
9.99122E-05 9.99122E-05 0.120124 9.99122E-05 0.865799 9.99122E-05 9.99122E-05 9.99122E-05 0.0130782 9.99122E-05 9.99122E-05 9.99122E-05 9.99122E-05
9.99648E-05 9.99648E-05 0.0193797 0.0303167 0.535166 0.209614 9.99648E-05 0.0599127 0.0646268 0.0277054 0.0464745 9.99648E-05 0.00640516
9.99297E-05 0.0670794 0.316719 9.99297E-05 0.408993 9.99297E-05 9.99297E-05 0.0338415 0.172568 9.99297E-05 9.99297E-05 9.99297E-05 9.99297E-05
9.99035E-05 9.99035E-05 9.99035E-05 9.99035E-05 0.939858 9.99035E-05 9.99035E-05 9.99035E-05 0.0590434 9.99035E-05 9.99035E-05 9.99035E-05 9.99035E-05
9.9921E-05 0.028742 0.118805 9.9921E-05 0.839989 9.9921E-05 9.9921E-05 9.9921E-05 9.9921E-05 9.9921E-05 9.9921E-05 9.9921E-05 0.0115649
9.99036E-05 9.99036E-05 9.99036E-05 9.99036E-05 0.94113 9.99036E-05 9.99036E-05 9.99036E-05 0.0577706 9.99036E-05 9.99036E-05 9.99036E-05 9.99036E-05
9.99123E-05 9.99123E-05 9.99123E-05 9.99123E-05 0.837223 0.0871795 9.99123E-05 9.99123E-05 0.0745981 9.99123E-05 9.99123E-05 9.99123E-05 9.99123E-05
0.0730103 9.99385E-05 0.376041 9.99385E-05 0.246372 0.0813236 9.99385E-05 0.0757701 0.146783 9.99385E-05 9.99385E-05 9.99385E-05 9.99385E-05
0.0122397 9.99209E-05 9.99209E-05 9.99209E-05 0.631749 9.99209E-05 9.99209E-05 9.99209E-05 0.209781 0.145331 9.99209E-05 9.99209E-05 9.99209E-05
9.99299E-05 9.99299E-05 0.0880732 9.99299E-05 0.739428 9.99299E-05 0.0117854 9.99299E-05 0.148343 9.99299E-05 9.99299E-05 9.99299E-05 0.0115713
9.99299E-05 9.99299E-05 0.0702781 9.99299E-05 0.792752 0.0501145 0.0587049 0.0273508 9.99299E-05 9.99299E-05 9.99299E-05 9.99299E-05 9.99299E-05
9.99385E-05 0.0147593 9.99385E-05 9.99385E-05 0.160961 0.259509 9.99385E-05 9.99385E-05 0.312786 0.14764 9.99385E-05 9.99385E-05 0.103645
9.99298E-05 0.0436648 0.193298 9.99298E-05 0.403688 9.99298E-05 9.99298E-05 9.99298E-05 0.158807 9.99298E-05 9.99298E-05 0.199743 9.99298E-05
9.99474E-05 9.99474E-05 0.0401552 0.0199219 0.419058 0.149739 9.99474E-05 9.99474E-05 0.174978 0.0742885 0.121259 9.99474E-05 9.99474E-05
9.99385E-05 9.99385E-05 0.275204 9.99385E-05 0.245925 9.99385E-05 9.99385E-05 0.00994288 0.323221 0.123448 9.99385E-05 9.99385E-05 0.0215594
9.99122E-05 9.99122E-05 0.0476259 9.99122E-05 0.90138 0.0499945 9.99122E-05 9.99122E-05 9.99122E-05 9.99122E-05 9.99122E-05 9.99122E-05 9.99122E-05
0.0824128 9.99649E-05 0.240365 0.0656532 0.349464 9.99649E-05 9.99649E-05 0.0382216 0.131159 0.0338297 0.043222 9.99649E-05 0.0152727
9.99211E-05 9.99211E-05 9.99211E-05 9.99211E-05 0.797043 0.0321542 9.99211E-05 9.99211E-05 0.116271 9.99211E-05 9.99211E-05 0.0536333 9.99211E-05
9.99386E-05 0.00945598 0.101165 9.99386E-05 0.702263 0.0100454 9.99386E-05 0.0371299 0.139241 9.99386E-05 9.99386E-05 9.99386E-05 9.99386E-05
9.99385E-05 0.0407039 0.0145365 0.16048 0.604066 0.0182726 9.99385E-05 9.99385E-05 0.161242 9.99385E-05 9.99385E-05 9.99385E-05 9.99385E-05
9.99472E-05 0.0317995 0.0883484 9.99472E-05 0.559137 9.99472E-05 9.99472E-05 0.0782983 0.0506876 0.10451 9.99472E-05 9.99472E-05 0.0866191
9.99473E-05 9.99473E-05 0.239874 9.99473E-05 0.216557 0.222741 9.99473E-05 0.00905413 0.276238 0.0122305 9.99473E-05 9.99473E-05 0.0227062
9.99209E-05 9.99209E-05 0.220608 9.99209E-05 0.494458 9.99209E-05 9.99209E-05 0.00936075 0.274674 9.99209E-05 9.99209E-05 9.99209E-05 9.99209E-05
9.99472E-05 9.99472E-05 0.100781 0.0263101 0.625564 9.99472E-05 9.99472E-05 0.0656717 0.127364 0.0269539 9.99472E-05 9.99472E-05 0.0267559
9.99297E-05 9.99297E-05 0.148222 0.00657307 0.686161 9.99297E-05 9.99297E-05 9.99297E-05 0.00276573 9.99297E-05 9.99297E-05 9.99297E-05 0.155479
9.9921E-05 9.9921E-05 0.0886086 9.9921E-05 0.619728 0.115491 9.9921E-05 9.9921E-05 0.175274 9.9921E-05 9.9921E-05 9.9921E-05 9.9921E-05
9.98945E-05 9.98945E-05 0.998801 9.98945E-05 9.98945E-05 9.98945E-05 9.98945E-05 9.98945E-05 9.98945E-05 9.98945E-05 9.98945E-05 9.98945E-05 9.98945E-05
9.98945E-05 9.98945E-05 9.98945E-05 9.98945E-05 9.98945E-05 9.98945E-05 9.98945E-05 9.98945E-05 0.998801 9.98945E-05 9.98945E-05 9.98945E-05 9.98945E-05
9.98944E-05 9.98944E-05 0.998801 9.98944E-05 9.98944E-05 9.98944E-05 9.98944E-05 9.98944E-05 9.98944E-05 9.98944E-05 9.98944E-05 9.98944E-05 9.98944E-05
9.98945E-05 9.98945E-05 9.98945E-05 9.98945E-05 9.98945E-05 9.98945E-05 9.98945E-05 9.98945E-05 0.998801 9.98945E-05 9.98945E-05 9.98945E-05 9.98945E-05
9.98944E-05 9.98944E-05 9.98944E-05 9.98944E-05 9.98944E-05 9.98944E-05 9.98944E-05 9.98944E-05 0.998801 9.98944E-05 9.98944E-05 9.98944E-05 9.98944E-05
9.98944E-05 9.98944E-05 9.98944E-05 9.98944E-05 9.98944E-05 9.98944E-05 9.98944E-05 9.98944E-05 0.998801 9.98944E-05 9.98944E-05 9.98944E-05 9.98944E-05
9.98944E-05 9.98944E-05 0.998801 9.98944E-05 9.98944E-05 9.98944E-05 9.98944E-05 9.98944E-05 9.98944E-05 9.98944E-05 9.98944E-05 9.98944E-05 9.98944E-05
9.98944E-05 9.98944E-05 9.98944E-05 9.98944E-05 9.98944E-05 9.98944E-05 9.98944E-05 9.98944E-05 0.998801 9.98944E-05 9.98944E-05 9.98944E-05 9.98944E-05
9.98944E-05 9.98944E-05 9.98944E-05 9.98944E-05 9.98944E-05 9.98944E-05 9.98944E-05 9.98944E-05 0.998801 9.98944E-05 9.98944E-05 9.98944E-05 9.98944E-05
9.98944E-05 9.98944E-05 0.998801 9.98944E-05 9.98944E-05 9.98944E-05 9.98944E-05 9.98944E-05 9.98944E-05 9.98944E-05 9.98944E-05 9.98944E-05 9.98944E-05
9.98944E-05 9.98944E-05 0.998801 9.98944E-05 9.98944E-05 9.98944E-05 9.98944E-05 9.98944E-05 9.98944E-05 9.98944E-05 9.98944E-05 9.98944E-05 9.98944E-05
9.98944E-05 9.98944E-05 0.998801 9.98944E-05 9.98944E-05 9.98944E-05 9.98944E-05 9.98944E-05 9.98944E-05 9.98944E-05 9.98944E-05 9.98944E-05 9.98944E-05
9.98944E-05 9.98944E-05 9.98944E-05 9.98944E-05 9.98944E-05 9.98944E-05 9.98944E-05 9.98944E-05 0.998801 9.98944E-05 9.98944E-05 9.98944E-05 9.98944E-05
9.98944E-05 9.98944E-05 9.98944E-05 9.98944E-05 9.98944E-05 9.98944E-05 9.98944E-05 9.98944E-05 0.998801 9.98944E-05 9.98944E-05 9.98944E-05 9.98944E-05
9.98945E-05 9.98945E-05 0.998801 9.98945E-05 9.98945E-05 9.98945E-05 9.98945E-05 9.98945E-05 9.98945E-05 9.98945E-05 9.98945E-05 9.98945E-05 9.98945E-05
9.98944E-05 9.98944E-05 0.998801 9.98944E-05 9.98944E-05 9.98944E-05 9.98944E-05 9.98944E-05 9.98944E-05 9.98944E-05 9.98944E-05 9.98944E-05 9.98944E-05
0.00687458 9.9956E-05 0.229606 0.0886963 0.313214 0.0169743 9.9956E-05 9.9956E-05 0.176894 9.9956E-05 0.0988368 9.9956E-05 0.068404
9.98944E-05 9.98944E-05 0.998801 9.98944E-05 9.98944E-05 9.98944E-05 9.98944E-05 9.98944E-05 9.98944E-05 9.98944E-05 9.98944E-05 9.98944E-05 9.98944E-05
9.98945E-05 9.98945E-05 9.98945E-05 9.98945E-05 9.98945E-05 9.98945E-05 9.98945E-05 9.98945E-05 0.998801 9.98945E-05 9.98945E-05 9.98945E-05 9.98945E-05
9.98943E-05 9.98943E-05 0.998801 9.98943E-05 9.98943E-05 9.98943E-05 9.98943E-05 9.98943E-05 9.98943E-05 9.98943E-05 9.98943E-05 9.98943E-05 9.98943E-05
9.98944E-05 9.98944E-05 0.998801 9.98944E-05 9.98944E-05 9.98944E-05 9.98944E-05 9.98944E-05 9.98944E-05 9.98944E-05 9.98944E-05 9.98944E-05 9.98944E-05
9.98944E-05 9.98944E-05 0.998801 9.98944E-05 9.98944E-05 9.98944E-05 9.98944E-05 9.98944E-05 9.98944E-05 9.98944E-05 9.98944E-05 9.98944E-05 9.98944E-05
9.98944E-05 9.98944E-05 9.98944E-05 9.98944E-05 9.98944E-05 9.98944E-05 9.98944E-05 9.98944E-05 0.998801 9.98944E-05 9.98944E-05 9.98944E-05 9.98944E-05
9.98944E-05 9.98944E-05 0.998801 9.98944E-05 9.98944E-05 9.98944E-05 9.98944E-05 9.98944E-05 9.98944E-05 9.98944E-05 9.98944E-05 9.98944E-05 9.98944E-05
9.98945E-05 9.98945E-05 9.98945E-05 9.98945E-05 9.98945E-05 9.98945E-05 9.98945E-05 9.98945E-05 0.998801 9.98945E-05 9.98945E-05 9.98945E-05 9.98945E-05
9.98944E-05 9.98944E-05 0.998801 9.98944E-05 9.98944E-05 9.98944E-05 9.98944E-05 9.98944E-05 9.98944E-05 9.98944E-05 9.98944E-05 9.98944E-05 9.98944E-05
9.98944E-05 9.98944E-05 0.998801 9.98944E-05 9.98944E-05 9.98944E-05 9.98944E-05 9.98944E-05 9.98944E-05 9.98944E-05 9.98944E-05 9.98944E-05 9.98944E-05
9.98945E-05 9.98945E-05 9.98945E-05 9.98945E-05 9.98945E-05 9.98945E-05 9.98945E-05 9.98945E-05 0.998801 9.98945E-05 9.98945E-05 9.98945E-05 9.98945E-05
9.98944E-05 9.98944E-05 9.98944E-05 9.98944E-05 9.98944E-05 9.98944E-05 9.98944E-05 9.98944E-05 0.998801 9.98944E-05 9.98944E-05 9.98944E-05 9.98944E-05
9.98945E-05 9.98945E-05 9.98945E-05 9.98945E-05 9.98945E-05 9.98945E-05 9.98945E-05 9.98945E-05 0.998801 9.98945E-05 9.98945E-05 9.98945E-05 9.98945E-05
9.98945E-05 9.98945E-05 0.998801 9.98945E-05 9.98945E-05 9.98945E-05 9.98945E-05 9.98945E-05 9.98945E-05 9.98945E-05 9.98945E-05 9.98945E-05 9.98945E-05
9.98944E-05 9.98944E-05 0.998801 9.98944E-05 9.98944E-05 9.98944E-05 9.98944E-05 9.98944E-05 9.98944E-05 9.98944E-05 9.98944E-05 9.98944E-05 9.98944E-05
9.98944E-05 9.98944E-05 0.998801 9.98944E-05 9.98944E-05 9.98944E-05 9.98944E-05 9.98944E-05 9.98944E-05 9.98944E-05 9.98944E-05 9.98944E-05 9.98944E-05
9.98944E-05 9.98944E-05 0.998801 9.98944E-05 9.98944E-05 9.98944E-05 9.98944E-05 9.98944E-05 9.98944E-05 9.98944E-05 9.98944E-05 9.98944E-05 9.98944E-05
9.98944E-05 9.98944E-05 0.998801 9.98944E-05 9.98944E-05 9.98944E-05 9.98944E-05 9.98944E-05 9.98944E-05 9.98944E-05 9.98944E-05 9.98944E-05 9.98944E-05
9.98944E-05 9.98944E-05 9.98944E-05 9.98944E-05 9.98944E-05 9.98944E-05 9.98944E-05 9.98944E-05 0.998801 9.98944E-05 9.98944E-05 9.98944E-05 9.98944E-05
9.98944E-05 9.98944E-05 9.98944E-05 9.98944E-05 9.98944E-05 9.98944E-05 9.98944E-05 9.98944E-05 0.998801 9.98944E-05 9.98944E-05 9.98944E-05 9.98944E-05
9.98945E-05 9.98945E-05 9.98945E-05 9.98945E-05 9.98945E-05 9.98945E-05 9.98945E-05 9.98945E-05 0.998801 9.98945E-05 9.98945E-05 9.98945E-05 9.98945E-05
9.98944E-05 9.98944E-05 0.998801 9.98944E-05 9.98944E-05 9.98944E-05 9.98944E-05 9.98944E-05 9.98944E-05 9.98944E-05 9.98944E-05 9.98944E-05 9.98944E-05
9.98944E-05 9.98944E-05 9.98944E-05 9.98944E-05 9.98944E-05 9.98944E-05 9.98944E-05 9.98944E-05 0.998801 9.98944E-05 9.98944E-05 9.98944E-05 9.98944E-05
9.98945E-05 9.98945E-05 9.98945E-05 9.98945E-05 9.98945E-05 9.98945E-05 9.98945E-05 9.98945E-05 0.998801 9.98945E-05 9.98945E-05 9.98945E-05 9.98945E-05
9.98944E-05 9.98944E-05 9.98944E-05 9.98944E-05 9.98944E-05 9.98944E-05 9.98944E-05 9.98944E-05 0.998801 9.98944E-05 9.98944E-05 9.98944E-05 9.98944E-05
9.98944E-05 9.98944E-05 9.98944E-05 9.98944E-05 9.98944E-05 9.98944E-05 9.98944E-05 9.98944E-05 0.998801 9.98944E-05 9.98944E-05 9.98944E-05 9.98944E-05
9.98944E-05 9.98944E-05 0.998801 9.98944E-05 9.98944E-05 9.98944E-05 9.98944E-05 9.98944E-05 9.98944E-05 9.98944E-05 9.98944E-05 9.98944E-05 9.98944E-05
9.98945E-05 9.98945E-05 9.98945E-05 9.98945E-05 9.98945E-05 9.98945E-05 9.98945E-05 9.98945E-05 0.998801 9.98945E-05 9.98945E-05 9.98945E-05 9.98945E-05
9.98944E-05 9.98944E-05 9.98944E-05 9.98944E-05 9.98944E-05 9.98944E-05 9.98944E-05 9.98944E-05 0.998801 9.98944E-05 9.98944E-05 9.98944E-05 9.98944E-05
0.0575423 0.0025115 0.190294 0.096173 0.320555 0.027665 9.99648E-05 9.99648E-05 0.144008 9.99648E-05 0.0792632 9.99648E-05 0.0815887
9.98944E-05 9.98944E-05 0.998801 9.98944E-05 9.98944E-05 9.98944E-05 9.98944E-05 9.98944E-05 9.98944E-05 9.98944E-05 9.98944E-05 9.98944E-05 9.98944E-05
9.98944E-05 9.98944E-05 9.98944E-05 9.98944E-05 9.98944E-05 9.98944E-05 9.98944E-05 9.98944E-05 0.998801 9.98944E-05 9.98944E-05 9.98944E-05 9.98944E-05
9.98945E-05 9.98945E-05 9.98945E-05 9.98945E-05 9.98945E-05 9.98945E-05 9.98945E-05 9.98945E-05 0.998801 9.98945E-05 9.98945E-05 9.98945E-05 9.98945E-05
9.98945E-05 9.98945E-05 9.98945E-05 9.98945E-05 9.98945E-05 9.98945E-05 9.98945E-05 9.98945E-05 0.998801 9.98945E-05 9.98945E-05 9.98945E-05 9.98945E-05
9.98945E-05 9.98945E-05 9.98945E-05 9.98945E-05 9.98945E-05 9.98945E-05 9.98945E-05 9.98945E-05 0.998801 9.98945E-05 9.98945E-05 9.98945E-05 9.98945E-05
9.98944E-05 9.98944E-05 0.998801 9.98944E-05 9.98944E-05 9.98944E-05 9.98944E-05 9.98944E-05 9.98944E-05 9.98944E-05 9.98944E-05 9.98944E-05 9.98944E-05
9.98944E-05 9.98944E-05 9.98944E-05 9.98944E-05 9.98944E-05 9.98944E-05 9.98944E-05 9.98944E-05 0.998801 9.98944E-05 9.98944E-05 9.98944E-05 9.98944E-05
9.98943E-05 9.98943E-05 0.998801 9.98943E-05 9.98943E-05 9.98943E-05 9.98943E-05 9.98943E-05 9.98943E-05 9.98943E-05 9.98943E-05 9.98943E-05 9.98943E-05
9.98944E-05 9.98944E-05 9.98944E-05 9.98944E-05 9.98944E-05 9.98944E-05 9.98944E-05 9.98944E-05 0.998801 9.98944E-05 9.98944E-05 9.98944E-05 9.98944E-05
9.98944E-05 9.98944E-05 0.998801 9.98944E-05 9.98944E-05 9.98944E-05 9.98944E-05 9.98944E-05 9.98944E-05 9.98944E-05 9.98944E-05 9.98944E-05 9.98944E-05
9.98944E-05 9.98944E-05 9.98944E-05 9.98944E-05 9.98944E-05 9.98944E-05 9.98944E-05 9.98944E-05 0.998801 9.98944E-05 9.98944E-05 9.98944E-05 9.98944E-05
9.98944E-05 9.98944E-05 9.98944E-05 9.98944E-05 9.98944E-05 9.98944E-05 9.98944E-05 9.98944E-05 0.998801 9.98944E-05 9.98944E-05 9.98944E-05 9.98944E-05
9.98945E-05 9.98945E-05 9.98945E-05 9.98945E-05 9.98945E-05 9.98945E-05 9.98945E-05 9.98945E-05 0.998801 9.98945E-05 9.98945E-05 9.98945E-05 9.98945E-05
9.98944E-05 9.98944E-05 9.98944E-05 9.98944E-05 9.98944E-05 9.98944E-05 9.98944E-05 9.98944E-05 0.998801 9.98944E-05 9.98944E-05 9.98944E-05 9.98944E-05
9.98945E-05 9.98945E-05 9.98945E-05 9.98945E-05 9.98945E-05 9.98945E-05 9.98945E-05 9.98945E-05 0.998801 9.98945E-05 9.98945E-05 9.98945E-05 9.98945E-05
9.98944E-05 9.98944E-05 9.98944E-05 9.98944E-05 9.98944E-05 9.98944E-05 9.98944E-05 9.98944E-05 0.998801 9.98944E-05 9.98944E-05 9.98944E-05 9.98944E-05
9.98944E-05 9.98944E-05 0.998801 9.98944E-05 9.98944E-05 9.98944E-05 9.98944E-05 9.98944E-05 9.98944E-05 9.98944E-05 9.98944E-05 9.98944E-05 9.98944E-05
9.98944E-05 9.98944E-05 0.998801 9.98944E-05 9.98944E-05 9.98944E-05 9.98944E-05 9.98944E-05 9.98944E-05 9.98944E-05 9.98944E-05 9.98944E-05 9.98944E-05
9.98944E-05 9.98944E-05 0.998801 9.98944E-05 9.98944E-05 9.98944E-05 9.98944E-05 9.98944E-05 9.98944E-05 9.98944E-05 9.98944E-05 9.98944E-05 9.98944E-05
9.98944E-05 9.98944E-05 9.98944E-05 9.98944E-05 9.98944E-05 9.98944E-05 9.98944E-05 9.98944E-05 0.998801 9.98944E-05 9.98944E-05 9.98944E-05 9.98944E-05
9.98945E-05 9.98945E-05 0.998801 9.98945E-05 9.98945E-05 9.98945E-05 9.98945E-05 9.98945E-05 9.98945E-05 9.98945E-05 9.98945E-05 9.98945E-05 9.98945E-05
9.98944E-05 9.98944E-05 0.998801 9.98944E-05 9.98944E-05 9.98944E-05 9.98944E-05 9.98944E-05 9.98944E-05 9.98944E-05 9.98944E-05 9.98944E-05 9.98944E-05
9.98945E-05 9.98945E-05 0.998801 9.98945E-05 9.98945E-05 9.98945E-05 9.98945E-05 9.98945E-05 9.98945E-05 9.98945E-05 9.98945E-05 9.98945E-05 9.98945E-05
9.98944E-05 9.98944E-05 9.98944E-05 9.98944E-05 9.98944E-05 9.98944E-05 9.98944E-05 9.98944E-05 0.998801 9.98944E-05 9.98944E-05 9.98944E-05 9.98944E-05
9.98944E-05 9.98944E-05 9.98944E-05 9.98944E-05 9.98944E-05 9.98944E-05 9.98944E-05 9.98944E-05 0.998801 9.98944E-05 9.98944E-05 9.98944E-05 9.98944E-05
9.98944E-05 9.98944E-05 9.98944E-05 9.98944E-05 9.98944E-05 9.98944E-05 9.98944E-05 9.98944E-05 0.998801 9.98944E-05 9.98944E-05 9.98944E-05 9.98944E-05
9.98944E-05 9.98944E-05 0.998801 9.98944E-05 9.98944E-05 9.98944E-05 9.98944E-05 9.98944E-05 9.98944E-05 9.98944E-05 9.98944E-05 9.98944E-05 9.98944E-05
9.98944E-05 9.98944E-05 9.98944E-05 9.98944E-05 9.98944E-05 9.98944E-05 9.98944E-05 9.98944E-05 0.998801 9.98944E-05 9.98944E-05 9.98944E-05 9.98944E-05
9.98944E-05 9.98944E-05 9.98944E-05 9.98944E-05 9.98944E-05 9.98944E-05 9.98944E-05 9.98944E-05 0.998801 9.98944E-05 9.98944E-05 9.98944E-05 9.98944E-05
9.98945E-05 9.98945E-05 0.998801 9.98945E-05 9.98945E-05 9.98945E-05 9.98945E-05 9.98945E-05 9.98945E-05 9.98945E-05 9.98945E-05 9.98945E-05 9.98945E-05
9.98944E-05 9.98944E-05 9.98944E-05 9.98944E-05 9.98944E-05 9.98944E-05 9.98944E-05 9.98944E-05 0.998801 9.98944E-05 9.98944E-05 9.98944E-05 9.98944E-05
9.98944E-05 9.98944E-05 9.98944E-05 9.98944E-05 9.98944E-05 9.98944E-05 9.98944E-05 9.98944E-05 0.998801 9.98944E-05 9.98944E-05 9.98944E-05 9.98944E-05
9.99385E-05 0.142564 0.311141 9.99385E-05 0.170329 0.0861576 9.99385E-05 0.174139 0.114969 9.99385E-05 9.99385E-05 9.99385E-05 9.99385E-05
9.98944E-05 9.98944E-05 0.998801 9.98944E-05 9.98944E-05 9.98944E-05 9.98944E-05 9.98944E-05 9.98944E-05 9.98944E-05 9.98944E-05 9.98944E-05 9.98944E-05
9.98944E-05 9.98944E-05 9.98944E-05 9.98944E-05 9.98944E-05 9.98944E-05 9.98944E-05 9.98944E-05 0.998801 9.98944E-05 9.98944E-05 9.98944E-05 9.98944E-05
9.99386E-05 9.99386E-05 0.049608 0.0187214 0.349456 9.99386E-05 9.99386E-05 0.0365572 0.457683 9.99386E-05 0.0872745 9.99386E-05 9.99386E-05
0.0815396 9.99385E-05 0.133558 9.99385E-05 0.360215 9.99385E-05 9.99385E-05 9.99385E-05 0.302159 9.99385E-05 0.0639206 9.99385E-05 0.0579083
9.99208E-05 9.99208E-05 0.40154 9.99208E-05 0.393459 9.99208E-05 9.99208E-05 9.99208E-05 0.138712 9.99208E-05 0.065389 9.99208E-05 9.99208E-05
0.0458182 0.0506746 0.262127 0.0441255 0.564291 9.9956E-05 9.9956E-05 9.9956E-05 0.00765559 0.0216226 9.9956E-05 9.9956E-05 0.00318573
9.99297E-05 9.99297E-05 0.399953 9.99297E-05 0.260826 0.077388 9.99297E-05 9.99297E-05 0.240638 0.0203958 9.99297E-05 9.99297E-05 9.99297E-05
9.993E-05 0.0125416 9.993E-05 9.993E-05 0.650042 9.993E-05 9.993E-05 9.993E-05 0.0734206 9.993E-05 9.993E-05 0.249373 0.0138231
9.9921E-05 9.9921E-05 0.197733 9.9921E-05 0.188124 9.9921E-05 9.9921E-05 9.9921E-05 0.302656 0.310587 9.9921E-05 9.9921E-05 9.9921E-05
9.9956E-05 0.0751208 0.0375958 9.9956E-05 0.532105 9.9956E-05 9.9956E-05 0.0847778 0.179031 0.0153247 0.0469263 9.9956E-05 0.0286193
9.9921E-05 9.9921E-05 0.0305034 9.9921E-05 0.65155 9.9921E-05 9.9921E-05 9.9921E-05 0.286719 9.9921E-05 9.9921E-05 9.9921E-05 0.0303283
0.12303 0.0146229 0.109443 9.99473E-05 0.614569 9.99473E-05 9.99473E-05 9.99473E-05 0.0831284 0.00486927 0.0497386 9.99473E-05 9.99473E-05
9.99209E-05 9.99209E-05 0.239373 9.99209E-05 0.507672 9.99209E-05 9.99209E-05 0.123766 0.12829 9.99209E-05 9.99209E-05 9.99209E-05 9.99209E-05
9.99209E-05 9.99209E-05 0.0369584 9.99209E-05 0.317105 9.99209E-05 9.99209E-05 9.99209E-05 0.583231 0.0618058 9.99209E-05 9.99209E-05 9.99209E-05
9.99473E-05 9.99473E-05 0.267033 0.0783351 0.21368 0.0369102 9.99473E-05 9.99473E-05 0.253057 0.0693107 9.99473E-05 0.0810744 9.99473E-05
9.99296E-05 0.131301 0.110872 9.99296E-05 0.632928 9.99296E-05 9.99296E-05 9.99296E-05 0.0824513 9.99296E-05 9.99296E-05 9.99296E-05 0.0416487
9.99209E-05 9.99209E-05 0.289421 9.99209E-05 0.469107 9.99209E-05 9.99209E-05 0.065223 0.17535 9.99209E-05 9.99209E-05 9.99209E-05 9.99209E-05
9.99385E-05 9.99385E-05 0.116593 9.99385E-05 0.258154 0.0712528 9.99385E-05 0.0101888 0.376399 0.166713 9.99385E-05 9.99385E-05 9.99385E-05
9.99297E-05 9.99297E-05 0.116479 9.99297E-05 0.593035 9.99297E-05 9.99297E-05 9.99297E-05 0.221936 9.99297E-05 0.0653599 9.99297E-05 0.00238993
9.99648E-05 0.0027172 0.396643 0.0876347 0.260683 0.00344913 9.99648E-05 0.0735155 0.131851 0.0323699 0.0107355 9.99648E-05 9.99648E-05
9.99384E-05 9.99384E-05 9.99384E-05 9.99384E-05 0.431534 0.253728 9.99384E-05 0.036592 0.13439 0.0303171 9.99384E-05 9.99384E-05 0.112739
0.0364889 0.0586098 0.254999 9.99385E-05 0.474043 9.99385E-05 9.99385E-05 9.99385E-05 0.145189 9.99385E-05 0.0299706 9.99385E-05 9.99385E-05
0.137486 9.993E-05 0.132024 9.993E-05 0.5405 0.0257305 9.993E-05 9.993E-05 0.114563 9.993E-05 9.993E-05 9.993E-05 0.0489969
9.99297E-05 9.99297E-05 9.99297E-05 0.0480085 0.600741 9.99297E-05 9.99297E-05 0.0313687 0.296073 0.0230091 9.99297E-05 9.99297E-05 9.99297E-05
9.99473E-05 0.0498807 0.258898 0.136907 0.335089 9.99473E-05 9.99473E-05 0.0104325 0.204079 9.99473E-05 9.99473E-05 9.99473E-05 0.00411419
9.99296E-05 0.00400137 0.0743876 9.99296E-05 0.55372 9.99296E-05 9.99296E-05 9.99296E-05 0.218753 9.99296E-05 9.99296E-05 9.99296E-05 0.148339
9.99296E-05 0.137546 0.105698 9.99296E-05 0.676415 9.99296E-05 9.99296E-05 9.99296E-05 0.0698721 9.99296E-05 9.99296E-05 9.99296E-05 0.00967006
9.99123E-05 9.99123E-05 9.99123E-05 9.99123E-05 0.933788 0.0641791 9.99123E-05 9.99123E-05 0.00103373 9.99123E-05 9.99123E-05 9.99123E-05 9.99123E-05
0.149037 0.0721745 0.158625 9.9956E-05 0.476173 0.0614949 9.9956E-05 0.00760218 0.0329366 9.9956E-05 0.0414573 9.9956E-05 9.9956E-05
9.99298E-05 0.0549574 0.341141 9.99298E-05 0.209054 9.99298E-05 9.99298E-05 9.99298E-05 0.308088 9.99298E-05 0.0859598 9.99298E-05 9.99298E-05
0.0371652 0.0853368 0.171867 0.0647319 0.585492 9.99384E-05 9.99384E-05 9.99384E-05 9.99384E-05 9.99384E-05 9.99384E-05 9.99384E-05 0.0547076
9.99297E-05 0.135502 0.116193 9.99297E-05 0.494234 9.99297E-05 9.99297E-05 9.99297E-05 0.174125 9.99297E-05 9.99297E-05 9.99297E-05 0.0791467
0.0808913 9.99385E-05 0.183417 9.99385E-05 0.236548 0.0573695 9.99385E-05 0.0560997 0.384974 9.99385E-05 9.99385E-05 9.99385E-05 9.99385E-05
9.99297E-05 9.99297E-05 0.100093 9.99297E-05 0.551567 0.0469672 9.99297E-05 0.0579191 0.242655 9.99297E-05 9.99297E-05 9.99297E-05 9.99297E-05
0.267383 0.0635352 0.105522 9.994E-05 0.194066 0.116675 9.994E-05 9.994E-05 0.204406 9.994E-05 9.994E-05 9.994E-05 0.0478137
0.0888045 0.0728533 0.192658 9.99297E-05 0.433076 9.99297E-05 9.99297E-05 9.99297E-05 0.211809 9.99297E-05 9.99297E-05 9.99297E-05 9.99297E-05
9.99384E-05 0.0750496 0.211881 9.99384E-05 0.433446 9.99384E-05 9.99384E-05 0.0884492 0.171492 0.0189826 9.99384E-05 9.99384E-05 9.99384E-05
9.9921E-05 9.9921E-05 0.268792 9.9921E-05 0.646245 9.9921E-05 9.9921E-05 9.9921E-05 0.0768194 9.9921E-05 9.9921E-05 9.9921E-05 0.00724414
9.98946E-05 9.98946E-05 9.98946E-05 9.98946E-05 0.998801 9.98946E-05 9.98946E-05 9.98946E-05 9.98946E-05 9.98946E-05 9.98946E-05 9.98946E-05 9.98946E-05
9.99472E-05 0.0153771 0.28656 0.0646995 0.301775 9.99472E-05 9.99472E-05 0.0806904 9.99472E-05 0.212596 9.99472E-05 0.037703 9.99472E-05
9.99473E-05 9.99473E-05 0.0598705 0.0865416 0.646672 9.99473E-05 9.99473E-05 0.118701 0.0686787 0.00537924 9.99473E-05 9.99473E-05 0.0135575
0.246336 9.99297E-05 0.119679 9.99297E-05 0.33625 9.99297E-05 9.99297E-05 9.99297E-05 0.223045 0.0738904 9.99297E-05 9.99297E-05 9.99297E-05
9.99209E-05 0.0234123 0.330517 9.99209E-05 0.522355 9.99209E-05 9.99209E-05 9.99209E-05 0.122816 9.99209E-05 9.99209E-05 9.99209E-05 9.99209E-05
0.106812 9.99561E-05 0.0888268 9.99561E-05 0.567961 0.020077 9.99561E-05 9.99561E-05 0.0289482 0.0493579 0.103742 0.0337757 9.99561E-05
0.0781568 9.99385E-05 0.12056 9.99385E-05 0.367634 9.99385E-05 9.99385E-05 9.99385E-05 0.233606 9.99385E-05 0.164158 9.99385E-05 0.0351844
0.00178869 0.12716 0.0158517 9.99386E-05 0.303782 9.99386E-05 9.99386E-05 9.99386E-05 0.535409 9.99386E-05 9.99386E-05 0.0153097 9.99386E-05
9.99385E-05 0.0182214 0.328058 9.99385E-05 0.156713 0.111821 9.99385E-05 9.99385E-05 0.371076 0.0134109 9.99385E-05 9.99385E-05 9.99385E-05
