0.242687 9.98946E-05 9.98946E-05 0.150005 9.98946E-05 9.98946E-05 9.98946E-05 9.98946E-05 0.0277619 9.98946E-05 0.402527 0.0506423 9.98946E-05 9.98946E-05 0.0171073 0.0669261 0.0411451 9.98946E-05 9.98946E-05 9.98946E-05
0.07924 9.98596E-05 9.98596E-05 9.98596E-05 9.98596E-05 9.98596E-05 9.98596E-05 9.98596E-05 9.98596E-05 9.98596E-05 0.807272 9.98596E-05 9.98596E-05 9.98596E-05 0.00303643 9.98596E-05 0.108854 9.98596E-05 9.98596E-05 9.98596E-05
9.9842E-05 9.9842E-05 9.9842E-05 9.9842E-05 9.9842E-05 9.9842E-05 9.9842E-05 9.9842E-05 0.0162011 9.9842E-05 9.9842E-05 9.9842E-05 9.9842E-05 9.9842E-05 9.9842E-05 9.9842E-05 9.9842E-05 9.9842E-05 0.982002 9.9842E-05
9.9886E-05 0.0964975 9.9886E-05 0.174077 9.9886E-05 9.9886E-05 9.9886E-05 0.332536 9.9886E-05 9.9886E-05 0.0198591 9.9886E-05 9.9886E-05 9.9886E-05 0.0859543 0.0126565 9.9886E-05 9.9886E-05 0.277122 9.9886E-05
9.98422E-05 9.98422E-05 9.98422E-05 9.98422E-05 9.98422E-05 9.98422E-05 9.98422E-05 9.98422E-05 9.98422E-05 9.98422E-05 0.911567 9.98422E-05 9.98422E-05 0.0866362 9.98422E-05 9.98422E-05 9.98422E-05 9.98422E-05 9.98422E-05 9.98422E-05
0.122103 0.241043 9.98771E-05 9.98771E-05 9.98771E-05 9.98771E-05 0.131488 0.0585838 9.98771E-05 9.98771E-05 9.98771E-05 9.98771E-05 9.98771E-05 0.0943889 9.98771E-05 9.98771E-05 9.98771E-05 9.98771E-05 0.350994 9.98771E-05
0.0988648 9.98948E-05 9.98948E-05 0.170416 0.0594004 9.98948E-05 9.98948E-05 0.102694 0.0883923 9.98948E-05 0.24222 9.98948E-05 9.98948E-05 9.98948E-05 0.0997461 0.137068 9.98948E-05 9.98948E-05 9.98948E-05 9.98948E-05
0.115748 9.98948E-05 9.98948E-05 0.171587 9.98948E-05 9.98948E-05 0.131984 0.113261 9.98948E-05 9.98948E-05 0.217102 0.048307 0.0176221 0.18319 9.98948E-05 9.98948E-05 9.98948E-05 9.98948E-05 9.98948E-05 9.98948E-05
9.98859E-05 0.0263165 9.98859E-05 9.98859E-05 9.98859E-05 0.00146505 0.244732 9.98859E-05 0.153266 9.98859E-05 9.98859E-05 9.98859E-05 9.98859E-05 9.98859E-05 9.98859E-05 0.245581 0.0444732 9.98859E-05 0.282869 9.98859E-05
9.98509E-05 9.98509E-05 9.98509E-05 9.98509E-05 9.98509E-05 9.98509E-05 9.98509E-05 9.98509E-05 9.98509E-05 9.98509E-05 0.87975 9.98509E-05 9.98509E-05 9.98509E-05 9.98509E-05 0.115605 9.98509E-05 9.98509E-05 0.0029477 9.98509E-05
0.123768 9.98772E-05 9.98772E-05 0.113658 9.98772E-05 9.98772E-05 9.98772E-05 9.98772E-05 9.98772E-05 9.98772E-05 0.451414 9.98772E-05 9.98772E-05 9.98772E-05 0.116452 0.118937 9.98772E-05 9.98772E-05 0.0743717 9.98772E-05
9.98332E-05 9.98332E-05 9.98332E-05 9.98332E-05 9.98332E-05 9.98332E-05 9.98332E-05 9.98332E-05 9.98332E-05 9.98332E-05 9.98332E-05 9.98332E-05 9.98332E-05 9.98332E-05 9.98332E-05 9.98332E-05 9.98332E-05 9.98332E-05 0.998103 9.98332E-05
9.98595E-05 9.98595E-05 9.98595E-05 0.0707492 9.98595E-05 9.98595E-05 0.00705497 9.98595E-05 9.98595E-05 9.98595E-05 0.836565 9.98595E-05 9.98595E-05 9.98595E-05 9.98595E-05 0.0840333 9.98595E-05 9.98595E-05 9.98595E-05 9.98595E-05
9.98773E-05 0.101884 9.98773E-05 9.98773E-05 9.98773E-05 9.98773E-05 9.98773E-05 9.98773E-05 9.98773E-05 0.0597632 0.640838 9.98773E-05 9.98773E-05 9.98773E-05 0.0987517 0.0584711 9.98773E-05 0.0388931 9.98773E-05 9.98773E-05
0.20462 0.100435 9.99035E-05 0.0250986 9.99035E-05 9.99035E-05 0.143759 9.99035E-05 0.0333832 9.99035E-05 0.247629 9.99035E-05 9.99035E-05 0.00641666 9.99035E-05 0.132078 9.99035E-05 9.99035E-05 0.105482 9.99035E-05
0.0549117 0.0365984 9.99122E-05 0.098426 9.99122E-05 9.99122E-05 0.217065 0.0924102 9.99122E-05 0.035743 0.285303 0.0202174 0.0815888 9.99122E-05 9.99122E-05 0.0767373 9.99122E-05 9.99122E-05 9.99122E-05 9.99122E-05
9.9886E-05 9.9886E-05 9.9886E-05 0.0206712 9.9886E-05 9.9886E-05 9.9886E-05 0.045905 9.9886E-05 9.9886E-05 9.9886E-05 0.0699417 9.9886E-05 9.9886E-05 0.0494687 9.9886E-05 0.128982 0.115046 0.568687 9.9886E-05
0.199435 9.98947E-05 0.151182 0.25286 9.98947E-05 0.10762 0.0451494 9.98947E-05 0.00770018 9.98947E-05 0.152559 9.98947E-05 9.98947E-05 9.98947E-05 9.98947E-05 0.0822965 9.98947E-05 9.98947E-05 9.98947E-05 9.98947E-05
9.98859E-05 9.98859E-05 0.0630295 0.220095 9.98859E-05 9.98859E-05 0.116551 9.98859E-05 9.98859E-05 9.98859E-05 9.98859E-05 0.00587249 9.98859E-05 9.98859E-05 0.0159313 0.196809 9.98859E-05 9.98859E-05 0.380413 9.98859E-05
9.98334E-05 9.98334E-05 9.98334E-05 9.98334E-05 9.98334E-05 9.98334E-05 9.98334E-05 9.98334E-05 9.98334E-05 9.98334E-05 0.998103 9.98334E-05 9.98334E-05 9.98334E-05 9.98334E-05 9.98334E-05 9.98334E-05 9.98334E-05 9.98334E-05 9.98334E-05
9.98859E-05 9.98859E-05 9.98859E-05 0.0315441 9.98859E-05 9.98859E-05 0.0720884 0.0719088 9.98859E-05 0.167655 9.98859E-05 9.98859E-05 9.98859E-05 9.98859E-05 0.0693214 0.0408228 9.98859E-05 9.98859E-05 0.545361 9.98859E-05
9.9886E-05 9.9886E-05 9.9886E-05 0.299328 9.9886E-05 9.9886E-05 0.132666 0.12995 9.9886E-05 9.9886E-05 0.0131125 9.9886E-05 9.9886E-05 0.118241 9.9886E-05 9.9886E-05 0.0158924 9.9886E-05 0.289511 9.9886E-05
0.206141 0.119887 0.0113404 9.98772E-05 9.98772E-05 9.98772E-05 9.98772E-05 9.98772E-05 9.98772E-05 9.98772E-05 0.571598 9.98772E-05 9.98772E-05 9.98772E-05 0.0330593 0.0565759 9.98772E-05 9.98772E-05 9.98772E-05 9.98772E-05
0.023254 9.98772E-05 9.98772E-05 0.301749 9.98772E-05 9.98772E-05 9.98772E-05 9.98772E-05 0.0547474 9.98772E-05 0.271021 9.98772E-05 9.98772E-05 9.98772E-05 9.98772E-05 0.250673 9.98772E-05 9.98772E-05 0.0971566 9.98772E-05
9.99034E-05 0.130896 9.99034E-05 0.0750246 9.99034E-05 0.0464012 0.0870332 9.99034E-05 0.016715 0.0328025 9.99034E-05 9.99034E-05 9.99034E-05 9.99034E-05 0.0663136 0.232572 9.99034E-05 9.99034E-05 0.311143 9.99034E-05
9.99035E-05 0.00556917 9.99035E-05 0.0393526 9.99035E-05 9.99035E-05 0.00339461 0.0416474 9.99035E-05 9.99035E-05 9.99035E-05 0.0467485 9.99035E-05 0.00439978 0.0358955 0.0628082 9.99035E-05 9.99035E-05 0.759085 9.99035E-05
9.98859E-05 0.204866 0.162721 0.19447 9.98859E-05 9.98859E-05 9.98859E-05 9.98859E-05 9.98859E-05 9.98859E-05 9.98859E-05 9.98859E-05 0.0653616 9.98859E-05 9.98859E-05 0.0488674 9.98859E-05 9.98859E-05 0.0329853 0.28943
9.98597E-05 9.98597E-05 9.98597E-05 0.0231777 9.98597E-05 9.98597E-05 9.98597E-05 0.103565 9.98597E-05 9.98597E-05 0.836142 9.98597E-05 9.98597E-05 9.98597E-05 9.98597E-05 0.0355176 9.98597E-05 9.98597E-05 9.98597E-05 9.98597E-05
0.110661 9.98772E-05 9.98772E-05 0.0791587 9.98772E-05 9.98772E-05 9.98772E-05 9.98772E-05 0.00240275 9.98772E-05 0.346077 9.98772E-05 9.98772E-05 9.98772E-05 9.98772E-05 0.207279 9.98772E-05 9.98772E-05 0.253023 9.98772E-05
9.98859E-05 9.98859E-05 9.98859E-05 9.98859E-05 9.98859E-05 9.98859E-05 0.034519 9.98859E-05 0.0332488 9.98859E-05 0.386561 9.98859E-05 9.98859E-05 9.98859E-05 0.0249093 0.0651294 9.98859E-05 0.0267124 0.427622 9.98859E-05
0.0758791 9.98859E-05 9.98859E-05 0.0131694 9.98859E-05 9.98859E-05 0.00549147 9.98859E-05 9.98859E-05 9.98859E-05 0.706998 9.98859E-05 9.98859E-05 9.98859E-05 0.111091 0.077001 9.98859E-05 9.98859E-05 9.98859E-05 0.00907115
9.98861E-05 0.187259 9.98861E-05 0.0235387 9.98861E-05 9.98861E-05 9.98861E-05 0.0938853 9.98861E-05 9.98861E-05 0.189483 9.98861E-05 9.98861E-05 9.98861E-05 0.0358816 0.0982642 9.98861E-05 9.98861E-05 0.370389 9.98861E-05
0.0332802 9.98859E-05 9.98859E-05 0.168302 9.98859E-05 9.98859E-05 9.98859E-05 9.98859E-05 9.98859E-05 0.0207766 0.0784984 9.98859E-05 9.98859E-05 9.98859E-05 0.0755713 0.138691 9.98859E-05 9.98859E-05 0.483581 9.98859E-05
9.98712E-05 0.164776 0.0412367 9.98712E-05 9.98712E-05 9.98712E-05 9.98712E-05 9.98712E-05 9.98712E-05 0.0762502 9.98712E-05 9.98712E-05 9.98712E-05 9.98712E-05 9.98712E-05 0.0900229 9.98712E-05 9.98712E-05 0.626216 9.98712E-05
9.98948E-05 9.98948E-05 9.98948E-05 9.98948E-05 9.98948E-05 0.00727811 0.00139954 9.98948E-05 9.98948E-05 9.98948E-05 0.712998 9.98948E-05 9.98948E-05 9.98948E-05 0.0402476 0.000374066 0.0561754 9.98948E-05 0.124003 0.0563256
9.98859E-05 9.98859E-05 9.98859E-05 0.082714 9.98859E-05 9.98859E-05 9.98859E-05 0.0583173 0.0354331 9.98859E-05 0.0299631 0.0172403 9.98859E-05 9.98859E-05 9.98859E-05 9.98859E-05 9.98859E-05 9.98859E-05 0.656218 0.118816
9.98773E-05 9.98773E-05 9.98773E-05 9.98773E-05 0.0256283 9.98773E-05 9.98773E-05 9.98773E-05 9.98773E-05 0.0393833 0.85213 9.98773E-05 9.98773E-05 9.98773E-05 0.032849 9.98773E-05 9.98773E-05 9.98773E-05 0.0414924 0.00711857
9.99036E-05 9.99036E-05 0.00392342 0.0278909 9.99036E-05 0.0166918 0.0850291 0.0191389 9.99036E-05 9.99036E-05 0.0702265 9.99036E-05 9.99036E-05 9.99036E-05 9.99036E-05 0.14865 0.0300232 9.99036E-05 0.597327 9.99036E-05
9.98772E-05 9.98772E-05 9.98772E-05 0.0174652 9.98772E-05 9.98772E-05 9.98772E-05 9.98772E-05 9.98772E-05 9.98772E-05 9.98772E-05 9.98772E-05 9.98772E-05 9.98772E-05 0.00112845 0.105438 0.131572 0.0211537 0.721845 9.98772E-05
9.98858E-05 0.0935186 9.98858E-05 0.00269321 0.019944 9.98858E-05 9.98858E-05 9.98858E-05 9.98858E-05 0.0285614 9.98858E-05 9.98858E-05 0.036853 9.98858E-05 9.98858E-05 0.11315 9.98858E-05 9.98858E-05 0.703982 9.98858E-05
9.98597E-05 9.98597E-05 9.98597E-05 9.98597E-05 9.98597E-05 9.98597E-05 9.98597E-05 0.0765581 9.98597E-05 9.98597E-05 9.98597E-05 9.98597E-05 9.98597E-05 9.98597E-05 0.0523966 9.98597E-05 9.98597E-05 9.98597E-05 0.825324 0.0441234
9.98948E-05 9.98948E-05 0.00601781 0.0660852 9.98948E-05 9.98948E-05 9.98948E-05 9.98948E-05 0.0097188 9.98948E-05 0.43815 9.98948E-05 9.98948E-05 0.0796713 9.98948E-05 0.0272941 9.98948E-05 9.98948E-05 0.211588 0.160276
9.98596E-05 9.98596E-05 9.98596E-05 9.98596E-05 9.98596E-05 9.98596E-05 9.98596E-05 9.98596E-05 9.98596E-05 9.98596E-05 0.884174 9.98596E-05 0.0111368 9.98596E-05 9.98596E-05 9.98596E-05 9.98596E-05 0.0354522 9.98596E-05 0.0676389
0.224049 9.98947E-05 0.00296629 0.0724672 9.98947E-05 9.98947E-05 0.0764133 9.98947E-05 0.0256058 9.98947E-05 9.98947E-05 9.98947E-05 9.98947E-05 9.98947E-05 9.98947E-05 0.128458 0.0399829 9.98947E-05 0.428859 9.98947E-05
9.98684E-05 9.98684E-05 9.98684E-05 0.432359 9.98684E-05 9.98684E-05 9.98684E-05 0.126763 9.98684E-05 9.98684E-05 0.0457877 9.98684E-05 9.98684E-05 9.98684E-05 9.98684E-05 0.214056 9.98684E-05 9.98684E-05 0.179536 9.98684E-05
9.98595E-05 9.98595E-05 9.98595E-05 9.98595E-05 9.98595E-05 0.0164595 9.98595E-05 9.98595E-05 9.98595E-05 9.98595E-05 9.98595E-05 9.98595E-05 9.98595E-05 9.98595E-05 9.98595E-05 0.00704858 9.98595E-05 9.98595E-05 0.951876 0.0230176
9.98596E-05 9.98596E-05 0.025832 9.98596E-05 9.98596E-05 9.98596E-05 0.0172292 9.98596E-05 9.98596E-05 9.98596E-05 0.877341 9.98596E-05 9.98596E-05 9.98596E-05 9.98596E-05 0.0780001 9.98596E-05 9.98596E-05 9.98596E-05 9.98596E-05
9.98333E-05 9.98333E-05 9.98333E-05 9.98333E-05 9.98333E-05 9.98333E-05 9.98333E-05 9.98333E-05 9.98333E-05 9.98333E-05 9.98333E-05 9.98333E-05 9.98333E-05 9.98333E-05 9.98333E-05 9.98333E-05 9.98333E-05 9.98333E-05 0.998103 9.98333E-05
0.0274476 9.98683E-05 9.98683E-05 0.130647 9.98683E-05 9.98683E-05 9.98683E-05 9.98683E-05 9.98683E-05 9.98683E-05 0.674258 9.98683E-05 9.98683E-05 9.98683E-05 0.0348421 0.131307 9.98683E-05 9.98683E-05 9.98683E-05 9.98683E-05
9.98599E-05 9.98599E-05 9.98599E-05 9.98599E-05 0.13923 9.98599E-05 0.0144054 9.98599E-05 9.98599E-05 9.98599E-05 0.843603 9.98599E-05 9.98599E-05 0.00116374 9.98599E-05 9.98599E-05 9.98599E-05 9.98599E-05 9.98599E-05 9.98599E-05
9.99121E-05 9.99121E-05 9.99121E-05 9.99121E-05 9.99121E-05 0.0075798 0.0625063 0.0272353 0.0258767 9.99121E-05 0.332639 9.99121E-05 0.0280211 0.0566487 0.09329 0.127769 9.99121E-05 9.99121E-05 9.99121E-05 0.237435
9.98772E-05 9.98772E-05 9.98772E-05 0.199499 9.98772E-05 0.0889384 9.98772E-05 0.00498737 0.0548911 0.0154676 0.634819 9.98772E-05 9.98772E-05 9.98772E-05 9.98772E-05 9.98772E-05 9.98772E-05 9.98772E-05 9.98772E-05 9.98772E-05
9.98597E-05 9.98597E-05 0.0667962 9.98597E-05 9.98597E-05 9.98597E-05 9.98597E-05 9.98597E-05 9.98597E-05 9.98597E-05 0.884765 9.98597E-05 9.98597E-05 9.98597E-05 9.98597E-05 9.98597E-05 0.0107431 9.98597E-05 0.0360977 9.98597E-05
9.98773E-05 9.98773E-05 0.0219736 9.98773E-05 0.0366664 9.98773E-05 9.98773E-05 9.98773E-05 9.98773E-05 0.041822 9.98773E-05 9.98773E-05 0.123871 9.98773E-05 9.98773E-05 0.0321801 9.98773E-05 9.98773E-05 0.742089 9.98773E-05
9.98598E-05 9.98598E-05 9.98598E-05 9.98598E-05 9.98598E-05 9.98598E-05 9.98598E-05 9.98598E-05 0.0112378 0.0381933 9.98598E-05 9.98598E-05 9.98598E-05 9.98598E-05 9.98598E-05 0.0912062 9.98598E-05 9.98598E-05 0.857765 9.98598E-05
0.0324491 0.0731723 9.9886E-05 9.9886E-05 9.9886E-05 0.0388859 9.9886E-05 9.9886E-05 9.9886E-05 9.9886E-05 9.9886E-05 9.9886E-05 0.0106875 0.00984205 0.00188028 9.9886E-05 9.9886E-05 9.9886E-05 0.831784 9.9886E-05
9.9851E-05 9.9851E-05 0.137294 9.9851E-05 9.9851E-05 9.9851E-05 9.9851E-05 9.9851E-05 9.9851E-05 9.9851E-05 9.9851E-05 9.9851E-05 9.9851E-05 9.9851E-05 9.9851E-05 0.0279476 9.9851E-05 9.9851E-05 0.833061 9.9851E-05
9.9851E-05 9.9851E-05 9.9851E-05 9.9851E-05 9.9851E-05 9.9851E-05 9.9851E-05 0.100649 9.9851E-05 9.9851E-05 0.853086 9.9851E-05 9.9851E-05 9.9851E-05 9.9851E-05 0.0445676 9.9851E-05 9.9851E-05 9.9851E-05 9.9851E-05
9.98596E-05 9.98596E-05 9.98596E-05 9.98596E-05 0.0657814 9.98596E-05 9.98596E-05 9.98596E-05 9.98596E-05 9.98596E-05 0.896366 9.98596E-05 9.98596E-05 9.98596E-05 9.98596E-05 0.0110476 9.98596E-05 9.98596E-05 9.98596E-05 0.0252074
0.758812 0.0392268 0.0415965 9.98684E-05 9.98684E-05 9.98684E-05 0.0278045 9.98684E-05 9.98684E-05 9.98684E-05 9.98684E-05 9.98684E-05 9.98684E-05 9.98684E-05 9.98684E-05 0.131062 9.98684E-05 9.98684E-05 9.98684E-05 9.98684E-05
0.862777 9.98424E-05 9.98424E-05 9.98424E-05 9.98424E-05 9.98424E-05 9.98424E-05 9.98424E-05 0.135426 9.98424E-05 9.98424E-05 9.98424E-05 9.98424E-05 9.98424E-05 9.98424E-05 9.98424E-05 9.98424E-05 9.98424E-05 9.98424E-05 9.98424E-05
0.979794 9.98421E-05 0.0184086 9.98421E-05 9.98421E-05 9.98421E-05 9.98421E-05 9.98421E-05 9.98421E-05 9.98421E-05 9.98421E-05 9.98421E-05 9.98421E-05 9.98421E-05 9.98421E-05 9.98421E-05 9.98421E-05 9.98421E-05 9.98421E-05 9.98421E-05
0.341387 0.195963 0.0113087 9.98946E-05 0.0342298 9.98946E-05 0.0970015 9.98946E-05 9.98946E-05 9.98946E-05 9.98946E-05 9.98946E-05 9.98946E-05 9.98946E-05 9.98946E-05 0.00297849 0.255758 9.98946E-05 9.98946E-05 0.0601745
0.652046 9.98769E-05 9.98769E-05 0.0537567 0.0394378 0.0918589 0.0938833 9.98769E-05 9.98769E-05 9.98769E-05 9.98769E-05 9.98769E-05 9.98769E-05 9.98769E-05 9.98769E-05 0.0676191 9.98769E-05 9.98769E-05 9.98769E-05 9.98769E-05
0.586673 0.0253788 9.98681E-05 0.164218 9.98681E-05 9.98681E-05 9.98681E-05 9.98681E-05 9.98681E-05 9.98681E-05 9.98681E-05 0.00588 9.98681E-05 9.98681E-05 9.98681E-05 0.216353 9.98681E-05 9.98681E-05 9.98681E-05 9.98681E-05
0.512436 0.0499103 9.98945E-05 9.98945E-05 9.98945E-05 9.98945E-05 9.98945E-05 0.061488 9.98945E-05 9.98945E-05 9.98945E-05 0.0154697 9.98945E-05 9.98945E-05 0.00712587 0.0384024 0.267691 9.98945E-05 9.98945E-05 0.046278
0.577731 0.0434075 0.126236 9.98857E-05 0.0259879 9.98857E-05 0.0629227 9.98857E-05 9.98857E-05 9.98857E-05 9.98857E-05 9.98857E-05 9.98857E-05 9.98857E-05 9.98857E-05 0.0650712 0.0973459 9.98857E-05 9.98857E-05 9.98857E-05
0.946101 9.98509E-05 9.98509E-05 9.98509E-05 9.98509E-05 9.98509E-05 9.98509E-05 9.98509E-05 9.98509E-05 9.98509E-05 9.98509E-05 9.98509E-05 9.98509E-05 9.98509E-05 9.98509E-05 9.98509E-05 0.0511795 9.98509E-05 9.98509E-05 0.00102204
0.980686 9.9842E-05 9.9842E-05 9.9842E-05 9.9842E-05 9.9842E-05 9.9842E-05 9.9842E-05 9.9842E-05 9.9842E-05 9.9842E-05 9.9842E-05 9.9842E-05 9.9842E-05 0.0175164 9.9842E-05 9.9842E-05 9.9842E-05 9.9842E-05 9.9842E-05
0.486879 9.98593E-05 9.98593E-05 9.98593E-05 9.98593E-05 9.98593E-05 0.0726922 9.98593E-05 9.98593E-05 9.98593E-05 9.98593E-05 9.98593E-05 9.98593E-05 9.98593E-05 0.125781 0.31305 9.98593E-05 9.98593E-05 9.98593E-05 9.98593E-05
0.448089 9.99033E-05 9.99033E-05 0.120372 9.99033E-05 9.99033E-05 9.99033E-05 0.0212256 9.99033E-05 0.106191 9.99033E-05 0.121596 9.99033E-05 0.0293476 0.020157 0.0391159 0.0928068 9.99033E-05 9.99033E-05 9.99033E-05
0.602499 0.024952 9.98946E-05 9.98946E-05 9.98946E-05 9.98946E-05 0.104346 9.98946E-05 9.98946E-05 0.0490205 9.98946E-05 0.108307 9.98946E-05 0.0787436 0.0302979 9.98946E-05 0.000635685 9.98946E-05 9.98946E-05 9.98946E-05
0.57365 9.98594E-05 9.98594E-05 0.152736 9.98594E-05 9.98594E-05 9.98594E-05 9.98594E-05 9.98594E-05 9.98594E-05 9.98594E-05 9.98594E-05 9.98594E-05 9.98594E-05 9.98594E-05 0.247587 0.0244296 9.98594E-05 9.98594E-05 9.98594E-05
0.959956 9.98423E-05 9.98423E-05 9.98423E-05 9.98423E-05 9.98423E-05 9.98423E-05 9.98423E-05 9.98423E-05 9.98423E-05 9.98423E-05 9.98423E-05 0.0382467 9.98423E-05 9.98423E-05 9.98423E-05 9.98423E-05 9.98423E-05 9.98423E-05 9.98423E-05
0.941208 9.98509E-05 9.98509E-05 9.98509E-05 9.98509E-05 9.98509E-05 0.015527 9.98509E-05 9.98509E-05 9.98509E-05 9.98509E-05 9.98509E-05 9.98509E-05 9.98509E-05 9.98509E-05 0.0415677 9.98509E-05 9.98509E-05 9.98509E-05 9.98509E-05
0.645597 0.0941882 0.0787471 9.98769E-05 0.110766 9.98769E-05 9.98769E-05 0.021009 9.98769E-05 9.98769E-05 9.98769E-05 9.98769E-05 9.98769E-05 9.98769E-05 9.98769E-05 0.0482949 9.98769E-05 9.98769E-05 9.98769E-05 9.98769E-05
0.687187 9.9877E-05 9.9877E-05 0.085517 9.9877E-05 9.9877E-05 0.052921 0.0276094 9.9877E-05 9.9877E-05 9.9877E-05 0.00462755 9.9877E-05 9.9877E-05 0.14074 9.9877E-05 9.9877E-05 9.9877E-05 9.9877E-05 9.9877E-05
0.810141 9.98683E-05 0.105442 9.98683E-05 9.98683E-05 9.98683E-05 9.98683E-05 0.00493551 9.98683E-05 9.98683E-05 9.98683E-05 9.98683E-05 9.98683E-05 9.98683E-05 0.033451 0.0445333 9.98683E-05 9.98683E-05 9.98683E-05 9.98683E-05
0.597741 9.98769E-05 0.0704049 9.98769E-05 9.98769E-05 0.0115108 9.98769E-05 9.98769E-05 9.98769E-05 9.98769E-05 9.98769E-05 9.98769E-05 0.00948374 9.98769E-05 9.98769E-05 0.179271 9.98769E-05 9.98769E-05 9.98769E-05 0.13019
0.980697 9.98424E-05 9.98424E-05 9.98424E-05 9.98424E-05 9.98424E-05 9.98424E-05 9.98424E-05 9.98424E-05 9.98424E-05 9.98424E-05 9.98424E-05 9.98424E-05 9.98424E-05 9.98424E-05 9.98424E-05 9.98424E-05 0.0175062 9.98424E-05 9.98424E-05
0.703334 9.98506E-05 9.98506E-05 0.240316 9.98506E-05 9.98506E-05 9.98506E-05 9.98506E-05 9.98506E-05 9.98506E-05 9.98506E-05 9.98506E-05 9.98506E-05 9.98506E-05 9.98506E-05 0.054652 9.98506E-05 9.98506E-05 9.98506E-05 9.98506E-05
0.721161 0.21319 9.98685E-05 0.0182291 9.98685E-05 9.98685E-05 9.98685E-05 9.98685E-05 9.98685E-05 9.98685E-05 9.98685E-05 9.98685E-05 9.98685E-05 9.98685E-05 9.98685E-05 0.0237869 0.0221347 9.98685E-05 9.98685E-05 9.98685E-05
0.706215 0.0152029 0.0874383 9.99034E-05 0.00333445 9.99034E-05 0.0437777 0.110773 0.0292396 9.99034E-05 9.99034E-05 9.99034E-05 9.99034E-05 9.99034E-05 0.0015708 0.00134989 9.99034E-05 9.99034E-05 9.99034E-05 9.99034E-05
0.787949 9.98506E-05 9.98506E-05 9.98506E-05 9.98506E-05 9.98506E-05 9.98506E-05 9.98506E-05 9.98506E-05 9.98506E-05 9.98506E-05 0.112574 9.98506E-05 9.98506E-05 0.0977797 9.98506E-05 9.98506E-05 9.98506E-05 9.98506E-05 9.98506E-05
0.86988 9.98685E-05 9.98685E-05 9.98685E-05 9.98685E-05 9.98685E-05 0.0223219 9.98685E-05 9.98685E-05 9.98685E-05 9.98685E-05 9.98685E-05 9.98685E-05 9.98685E-05 9.98685E-05 0.0369045 0.0570659 9.98685E-05 0.0123301 9.98685E-05
0.998103 9.98335E-05 9.98335E-05 9.98335E-05 9.98335E-05 9.98335E-05 9.98335E-05 9.98335E-05 9.98335E-05 9.98335E-05 9.98335E-05 9.98335E-05 9.98335E-05 9.98335E-05 9.98335E-05 9.98335E-05 9.98335E-05 9.98335E-05 9.98335E-05 9.98335E-05
0.998103 9.98334E-05 9.98334E-05 9.98334E-05 9.98334E-05 9.98334E-05 9.98334E-05 9.98334E-05 9.98334E-05 9.98334E-05 9.98334E-05 9.98334E-05 9.98334E-05 9.98334E-05 9.98334E-05 9.98334E-05 9.98334E-05 9.98334E-05 9.98334E-05 9.98334E-05
0.892914 9.98421E-05 0.105289 9.98421E-05 9.98421E-05 9.98421E-05 9.98421E-05 9.98421E-05 9.98421E-05 9.98421E-05 9.98421E-05 9.98421E-05 9.98421E-05 9.98421E-05 9.98421E-05 9.98421E-05 9.98421E-05 9.98421E-05 9.98421E-05 9.98421E-05
0.485313 9.98686E-05 9.98686E-05 9.98686E-05 9.98686E-05 9.98686E-05 0.0863118 9.98686E-05 9.98686E-05 9.98686E-05 9.98686E-05 9.98686E-05 9.98686E-05 9.98686E-05 9.98686E-05 0.171705 9.98686E-05 0.136881 9.98686E-05 0.118291
9.98508E-05 0.804071 9.98508E-05 9.98508E-05 9.98508E-05 9.98508E-05 0.0962028 9.98508E-05 9.98508E-05 9.98508E-05 9.98508E-05 9.98508E-05 9.98508E-05 9.98508E-05 9.98508E-05 0.098029 9.98508E-05 9.98508E-05 9.98508E-05 9.98508E-05
9.98685E-05 0.473452 9.98685E-05 9.98685E-05 9.98685E-05 9.98685E-05 0.0157458 9.98685E-05 9.98685E-05 9.98685E-05 0.0048735 9.98685E-05 9.98685E-05 9.98685E-05 9.98685E-05 0.0891799 9.98685E-05 0.41525 9.98685E-05 9.98685E-05
9.98683E-05 0.828538 0.00686021 9.98683E-05 9.98683E-05 9.98683E-05 9.98683E-05 9.98683E-05 9.98683E-05 9.98683E-05 9.98683E-05 9.98683E-05 9.98683E-05 0.0516361 0.0176593 0.0938085 9.98683E-05 9.98683E-05 9.98683E-05 9.98683E-05
9.98769E-05 0.841573 0.0434483 9.98769E-05 9.98769E-05 9.98769E-05 0.0293601 9.98769E-05 9.98769E-05 9.98769E-05 9.98769E-05 0.00503796 9.98769E-05 9.98769E-05 0.0149283 0.0642539 9.98769E-05 9.98769E-05 9.98769E-05 9.98769E-05
9.98595E-05 0.875988 9.98595E-05 9.98595E-05 0.0201281 9.98595E-05 0.0378732 9.98595E-05 9.98595E-05 9.98595E-05 9.98595E-05 0.0644133 9.98595E-05 9.98595E-05 9.98595E-05 9.98595E-05 9.98595E-05 9.98595E-05 9.98595E-05 9.98595E-05
9.98597E-05 0.676033 9.98597E-05 9.98597E-05 9.98597E-05 9.98597E-05 0.122542 9.98597E-05 9.98597E-05 9.98597E-05 9.98597E-05 9.98597E-05 9.98597E-05 9.98597E-05 9.98597E-05 0.170919 0.0289079 9.98597E-05 9.98597E-05 9.98597E-05
9.98684E-05 0.754041 9.98684E-05 0.0502985 9.98684E-05 9.98684E-05 0.0885066 9.98684E-05 9.98684E-05 9.98684E-05 9.98684E-05 0.036542 9.98684E-05 9.98684E-05 9.98684E-05 0.0691137 9.98684E-05 9.98684E-05 9.98684E-05 9.98684E-05
9.98421E-05 0.841489 9.98421E-05 9.98421E-05 9.98421E-05 9.98421E-05 0.156714 9.98421E-05 9.98421E-05 9.98421E-05 9.98421E-05 9.98421E-05 9.98421E-05 9.98421E-05 9.98421E-05 9.98421E-05 9.98421E-05 9.98421E-05 9.98421E-05 9.98421E-05
9.98897E-05 0.378576 9.98897E-05 9.98897E-05 9.98897E-05 9.98897E-05 0.324785 9.98897E-05 9.98897E-05 0.00491662 9.98897E-05 0.0359896 9.98897E-05 9.98897E-05 9.98897E-05 0.000486826 0.215636 9.98897E-05 9.98897E-05 0.0383121
9.98508E-05 0.500401 9.98508E-05 9.98508E-05 9.98508E-05 9.98508E-05 0.18824 9.98508E-05 9.98508E-05 9.98508E-05 9.98508E-05 9.98508E-05 9.98508E-05 9.98508E-05 9.98508E-05 0.309662 9.98508E-05 9.98508E-05 9.98508E-05 9.98508E-05
9.98685E-05 0.439161 9.98685E-05 9.98685E-05 0.0234687 9.98685E-05 0.0243226 9.98685E-05 9.98685E-05 9.98685E-05 9.98685E-05 9.98685E-05 9.98685E-05 9.98685E-05 9.98685E-05 9.98685E-05 0.318892 0.192658 9.98685E-05 9.98685E-05
9.98684E-05 0.720324 9.98684E-05 9.98684E-05 9.98684E-05 9.98684E-05 9.98684E-05 9.98684E-05 9.98684E-05 9.98684E-05 9.98684E-05 9.98684E-05 9.98684E-05 9.98684E-05 0.00345961 0.0313318 0.180065 0.0633219 9.98684E-05 9.98684E-05
9.9851E-05 0.902988 9.9851E-05 9.9851E-05 9.9851E-05 9.9851E-05 0.0730343 9.9851E-05 9.9851E-05 9.9851E-05 9.9851E-05 9.9851E-05 9.9851E-05 9.9851E-05 9.9851E-05 9.9851E-05 9.9851E-05 0.0222806 9.9851E-05 9.9851E-05
9.98598E-05 0.675603 9.98598E-05 9.98598E-05 9.98598E-05 9.98598E-05 0.0897933 9.98598E-05 9.98598E-05 9.98598E-05 9.98598E-05 9.98598E-05 9.98598E-05 9.98598E-05 9.98598E-05 0.216438 9.98598E-05 0.0165675 9.98598E-05 9.98598E-05
9.98861E-05 0.711279 0.0902485 9.98861E-05 9.98861E-05 0.019156 0.050174 9.98861E-05 9.98861E-05 0.0253867 9.98861E-05 0.02756 9.98861E-05 9.98861E-05 9.98861E-05 9.98861E-05 9.98861E-05 0.0748977 9.98861E-05 9.98861E-05
9.98947E-05 0.673133 9.98947E-05 9.98947E-05 0.0600543 9.98947E-05 0.00919472 9.98947E-05 9.98947E-05 9.98947E-05 9.98947E-05 0.0389215 9.98947E-05 9.98947E-05 0.00265899 0.108296 0.0252373 9.98947E-05 9.98947E-05 0.0813053
9.98772E-05 0.577823 9.98772E-05 9.98772E-05 9.98772E-05 0.0490045 0.0403907 9.98772E-05 9.98772E-05 9.98772E-05 9.98772E-05 9.98772E-05 9.98772E-05 9.98772E-05 9.98772E-05 0.0539151 0.257755 0.0197132 9.98772E-05 9.98772E-05
9.98773E-05 0.68325 9.98773E-05 0.125774 0.0238614 9.98773E-05 0.139698 9.98773E-05 9.98773E-05 9.98773E-05 9.98773E-05 9.98773E-05 9.98773E-05 9.98773E-05 0.0199698 9.98773E-05 9.98773E-05 0.00604831 9.98773E-05 9.98773E-05
9.98509E-05 0.901375 9.98509E-05 9.98509E-05 9.98509E-05 9.98509E-05 9.98509E-05 9.98509E-05 9.98509E-05 9.98509E-05 9.98509E-05 9.98509E-05 9.98509E-05 9.98509E-05 0.0537679 9.98509E-05 0.0431598 9.98509E-05 9.98509E-05 9.98509E-05
9.98948E-05 0.513161 9.98948E-05 9.98948E-05 9.98948E-05 0.0122939 0.103045 9.98948E-05 0.0548694 9.98948E-05 9.98948E-05 9.98948E-05 9.98948E-05 9.98948E-05 0.0216944 0.107752 9.98948E-05 0.130622 9.98948E-05 0.0553633
9.98597E-05 0.770989 9.98597E-05 9.98597E-05 9.98597E-05 9.98597E-05 0.00498129 9.98597E-05 9.98597E-05 9.98597E-05 9.98597E-05 9.98597E-05 9.98597E-05 9.98597E-05 9.98597E-05 0.0746017 0.147831 9.98597E-05 9.98597E-05 9.98597E-05
9.98508E-05 0.961738 9.98508E-05 9.98508E-05 9.98508E-05 9.98508E-05 0.0354322 9.98508E-05 9.98508E-05 9.98508E-05 9.98508E-05 9.98508E-05 9.98508E-05 9.98508E-05 9.98508E-05 0.00113257 9.98508E-05 9.98508E-05 9.98508E-05 9.98508E-05
9.98683E-05 0.428704 9.98683E-05 9.98683E-05 9.98683E-05 0.0880425 0.214886 9.98683E-05 9.98683E-05 9.98683E-05 9.98683E-05 9.98683E-05 9.98683E-05 9.98683E-05 9.98683E-05 0.182341 0.0845285 9.98683E-05 9.98683E-05 9.98683E-05
9.98597E-05 0.731805 9.98597E-05 9.98597E-05 9.98597E-05 9.98597E-05 0.089036 9.98597E-05 9.98597E-05 9.98597E-05 9.98597E-05 9.98597E-05 9.98597E-05 9.98597E-05 9.98597E-05 0.0687606 9.98597E-05 0.108801 9.98597E-05 9.98597E-05
9.98683E-05 0.489661 9.98683E-05 9.98683E-05 9.98683E-05 0.0311974 0.2086 9.98683E-05 9.98683E-05 9.98683E-05 9.98683E-05 9.98683E-05 9.98683E-05 9.98683E-05 9.98683E-05 0.190635 0.0784085 9.98683E-05 9.98683E-05 9.98683E-05
0.0316459 0.328461 9.98947E-05 0.028267 9.98947E-05 9.98947E-05 0.14581 9.98947E-05 9.98947E-05 9.98947E-05 9.98947E-05 9.98947E-05 0.0478298 9.98947E-05 9.98947E-05 0.0716071 0.105628 0.239552 9.98947E-05 9.98947E-05
9.98684E-05 0.235653 9.98684E-05 9.98684E-05 0.00290975 9.98684E-05 9.98684E-05 9.98684E-05 0.154911 9.98684E-05 9.98684E-05 9.98684E-05 9.98684E-05 9.98684E-05 9.98684E-05 0.0452624 9.98684E-05 0.559766 9.98684E-05 9.98684E-05
9.98681E-05 0.849401 9.98681E-05 9.98681E-05 9.98681E-05 9.98681E-05 0.0324115 0.00684482 9.98681E-05 9.98681E-05 9.98681E-05 9.98681E-05 0.00189956 9.98681E-05 9.98681E-05 0.107945 9.98681E-05 9.98681E-05 9.98681E-05 9.98681E-05
9.98597E-05 0.506957 9.98597E-05 9.98597E-05 9.98597E-05 9.98597E-05 0.262351 9.98597E-05 9.98597E-05 9.98597E-05 9.98597E-05 9.98597E-05 9.98597E-05 9.98597E-05 9.98597E-05 0.175501 0.0535934 9.98597E-05 9.98597E-05 9.98597E-05
9.98685E-05 0.768129 9.98685E-05 9.98685E-05 9.98685E-05 0.0436434 9.98685E-05 9.98685E-05 9.98685E-05 9.98685E-05 9.98685E-05 9.98685E-05 9.98685E-05 9.98685E-05 0.0284167 0.127357 9.98685E-05 0.0309554 9.98685E-05 9.98685E-05
9.98597E-05 0.722588 9.98597E-05 9.98597E-05 9.98597E-05 9.98597E-05 9.98597E-05 9.98597E-05 9.98597E-05 0.0370803 9.98597E-05 9.98597E-05 9.98597E-05 9.98597E-05 0.0331855 0.205549 9.98597E-05 9.98597E-05 9.98597E-05 9.98597E-05
9.98596E-05 0.906827 9.98596E-05 9.98596E-05 9.98596E-05 0.0144498 9.98596E-05 9.98596E-05 9.98596E-05 9.98596E-05 9.98596E-05 9.98596E-05 0.0747814 9.98596E-05 0.00234399 9.98596E-05 9.98596E-05 9.98596E-05 9.98596E-05 9.98596E-05
9.98682E-05 0.390794 9.98682E-05 9.98682E-05 9.98682E-05 0.162741 0.292605 9.98682E-05 9.98682E-05 9.98682E-05 9.98682E-05 9.98682E-05 9.98682E-05 0.0177725 9.98682E-05 0.134589 9.98682E-05 9.98682E-05 9.98682E-05 9.98682E-05
9.98594E-05 0.772101 9.98594E-05 0.202469 9.98594E-05 9.98594E-05 0.00214361 9.98594E-05 9.98594E-05 9.98594E-05 9.98594E-05 9.98594E-05 9.98594E-05 9.98594E-05 9.98594E-05 0.0216886 9.98594E-05 9.98594E-05 9.98594E-05 9.98594E-05
9.98422E-05 0.908391 9.98422E-05 9.98422E-05 9.98422E-05 9.98422E-05 9.98422E-05 9.98422E-05 9.98422E-05 9.98422E-05 9.98422E-05 9.98422E-05 9.98422E-05 9.98422E-05 9.98422E-05 0.0898122 9.98422E-05 9.98422E-05 9.98422E-05 9.98422E-05
9.98858E-05 0.602008 9.98858E-05 9.98858E-05 9.98858E-05 9.98858E-05 0.016628 9.98858E-05 9.98858E-05 9.98858E-05 9.98858E-05 0.00820082 0.0338212 9.98858E-05 0.0133454 9.98858E-05 9.98858E-05 0.110009 9.98858E-05 0.214689
9.98594E-05 0.686811 9.98594E-05 9.98594E-05 9.98594E-05 9.98594E-05 0.0852224 9.98594E-05 9.98594E-05 9.98594E-05 9.98594E-05 0.0486228 9.98594E-05 9.98594E-05 9.98594E-05 0.177746 9.98594E-05 9.98594E-05 9.98594E-05 9.98594E-05
9.98596E-05 0.372956 9.98596E-05 9.98596E-05 9.98596E-05 9.98596E-05 0.0793634 0.0225087 9.98596E-05 9.98596E-05 9.98596E-05 9.98596E-05 9.98596E-05 9.98596E-05 9.98596E-05 9.98596E-05 9.98596E-05 0.523574 9.98596E-05 9.98596E-05
9.98597E-05 0.703315 9.98597E-05 9.98597E-05 9.98597E-05 9.98597E-05 0.0452285 9.98597E-05 9.98597E-05 9.98597E-05 9.98597E-05 9.98597E-05 9.98597E-05 9.98597E-05 9.98597E-05 0.0537583 9.98597E-05 0.1961 9.98597E-05 9.98597E-05
9.98424E-05 0.743837 9.98424E-05 9.98424E-05 9.98424E-05 9.98424E-05 9.98424E-05 9.98424E-05 9.98424E-05 9.98424E-05 9.98424E-05 9.98424E-05 9.98424E-05 9.98424E-05 9.98424E-05 9.98424E-05 9.98424E-05 0.254366 9.98424E-05 9.98424E-05
9.98597E-05 0.543269 9.98597E-05 9.98597E-05 9.98597E-05 9.98597E-05 0.00205685 9.98597E-05 9.98597E-05 9.98597E-05 9.98597E-05 9.98597E-05 9.98597E-05 9.98597E-05 9.98597E-05 9.98597E-05 0.0427043 0.410372 9.98597E-05 9.98597E-05
9.98858E-05 0.49106 9.98858E-05 9.98858E-05 9.98858E-05 0.00347594 0.12681 9.98858E-05 9.98858E-05 9.98858E-05 9.98858E-05 9.98858E-05 9.98858E-05 0.00704548 0.000872166 0.264233 0.105205 9.98858E-05 9.98858E-05 9.98858E-05
9.98684E-05 0.832139 9.98684E-05 9.98684E-05 9.98684E-05 9.98684E-05 0.115177 9.98684E-05 9.98684E-05 9.98684E-05 9.98684E-05 0.000290119 0.020618 9.98684E-05 9.98684E-05 9.98684E-05 9.98684E-05 9.98684E-05 9.98684E-05 0.030278
9.98947E-05 0.0537617 9.98947E-05 9.98947E-05 9.98947E-05 0.0250315 0.19061 9.98947E-05 9.98947E-05 9.98947E-05 9.98947E-05 9.98947E-05 9.98947E-05 0.00301355 0.0178811 0.0923749 9.98947E-05 0.570247 9.98947E-05 0.045882
9.9851E-05 0.516616 9.9851E-05 9.9851E-05 9.9851E-05 9.9851E-05 9.9851E-05 9.9851E-05 9.9851E-05 9.9851E-05 9.9851E-05 9.9851E-05 9.9851E-05 9.9851E-05 9.9851E-05 0.0269709 9.9851E-05 0.454715 9.9851E-05 9.9851E-05
9.9877E-05 0.428954 0.0392643 0.0517615 9.9877E-05 0.0777946 0.198569 9.9877E-05 9.9877E-05 9.9877E-05 9.9877E-05 9.9877E-05 9.9877E-05 9.9877E-05 9.9877E-05 9.9877E-05 0.202258 9.9877E-05 9.9877E-05 9.9877E-05
0.172977 0.520654 0.00991224 9.9886E-05 9.9886E-05 9.9886E-05 0.17439 9.9886E-05 9.9886E-05 9.9886E-05 9.9886E-05 0.075108 9.9886E-05 9.9886E-05 9.9886E-05 0.0197697 9.9886E-05 0.0258904 9.9886E-05 9.9886E-05
9.99036E-05 0.497095 9.99036E-05 9.99036E-05 9.99036E-05 9.99036E-05 0.155851 9.99036E-05 0.0796828 9.99036E-05 9.99036E-05 0.0403223 0.0394909 9.99036E-05 9.99036E-05 0.0168227 0.0575316 0.0648341 9.99036E-05 0.04727
0.0200973 0.428669 9.98684E-05 0.0738988 9.98684E-05 9.98684E-05 0.264993 9.98684E-05 9.98684E-05 9.98684E-05 9.98684E-05 9.98684E-05 9.98684E-05 9.98684E-05 9.98684E-05 0.210844 9.98684E-05 9.98684E-05 9.98684E-05 9.98684E-05
9.98508E-05 0.450384 9.98508E-05 9.98508E-05 9.98508E-05 9.98508E-05 9.98508E-05 9.98508E-05 9.98508E-05 9.98508E-05 9.98508E-05 9.98508E-05 9.98508E-05 9.98508E-05 9.98508E-05 0.0622815 9.98508E-05 0.485637 9.98508E-05 9.98508E-05
9.98858E-05 0.61898 9.98858E-05 0.00442122 0.0655221 9.98858E-05 9.98858E-05 0.199179 9.98858E-05 9.98858E-05 9.98858E-05 9.98858E-05 9.98858E-05 9.98858E-05 0.00347522 0.0587145 9.98858E-05 9.98858E-05 9.98858E-05 0.0484101
9.98596E-05 0.319184 9.98596E-05 9.98596E-05 9.98596E-05 9.98596E-05 0.1004 9.98596E-05 9.98596E-05 9.98596E-05 9.98596E-05 9.98596E-05 9.98596E-05 9.98596E-05 0.0408089 9.98596E-05 9.98596E-05 0.538008 9.98596E-05 9.98596E-05
9.98947E-05 0.521711 0.00836239 9.98947E-05 9.98947E-05 9.98947E-05 9.98947E-05 9.98947E-05 9.98947E-05 9.98947E-05 9.98947E-05 0.0667529 9.98947E-05 0.00736783 0.0788299 0.118449 9.98947E-05 0.17253 9.98947E-05 0.0247975
9.98596E-05 0.869927 9.98596E-05 9.98596E-05 9.98596E-05 9.98596E-05 0.0557837 9.98596E-05 9.98596E-05 0.00519369 9.98596E-05 9.98596E-05 9.98596E-05 9.98596E-05 9.98596E-05 9.98596E-05 0.0674977 9.98596E-05 9.98596E-05 9.98596E-05
9.98682E-05 0.835316 0.0561545 0.0490642 0.00554623 9.98682E-05 9.98682E-05 9.98682E-05 9.98682E-05 9.98682E-05 9.98682E-05 0.0524208 9.98682E-05 9.98682E-05 9.98682E-05 9.98682E-05 9.98682E-05 9.98682E-05 9.98682E-05 9.98682E-05
9.98595E-05 0.469415 9.98595E-05 9.98595E-05 9.98595E-05 9.98595E-05 0.112495 9.98595E-05 9.98595E-05 9.98595E-05 9.98595E-05 9.98595E-05 9.98595E-05 9.98595E-05 9.98595E-05 0.111802 0.30469 9.98595E-05 9.98595E-05 9.98595E-05
9.98508E-05 0.714817 9.98508E-05 9.98508E-05 9.98508E-05 9.98508E-05 0.178166 9.98508E-05 9.98508E-05 9.98508E-05 9.98508E-05 9.98508E-05 9.98508E-05 9.98508E-05 9.98508E-05 0.10532 9.98508E-05 9.98508E-05 9.98508E-05 9.98508E-05
9.98507E-05 0.856529 9.98507E-05 9.98507E-05 9.98507E-05 9.98507E-05 9.98507E-05 9.98507E-05 9.98507E-05 9.98507E-05 9.98507E-05 9.98507E-05 0.115189 9.98507E-05 0.0265842 9.98507E-05 9.98507E-05 9.98507E-05 9.98507E-05 9.98507E-05
9.98597E-05 0.839069 9.98597E-05 9.98597E-05 9.98597E-05 0.0899337 9.98597E-05 9.98597E-05 9.98597E-05 9.98597E-05 9.98597E-05 9.98597E-05 9.98597E-05 9.98597E-05 9.98597E-05 0.0478076 9.98597E-05 0.0215919 9.98597E-05 9.98597E-05
9.98684E-05 0.515642 9.98684E-05 9.98684E-05 9.98684E-05 9.98684E-05 0.18852 9.98684E-05 9.98684E-05 9.98684E-05 9.98684E-05 9.98684E-05 9.98684E-05 9.98684E-05 9.98684E-05 0.0352595 0.0872746 0.171806 9.98684E-05 9.98684E-05
9.98331E-05 9.98331E-05 9.98331E-05 9.98331E-05 9.98331E-05 9.98331E-05 9.98331E-05 9.98331E-05 9.98331E-05 9.98331E-05 9.98331E-05 9.98331E-05 9.98331E-05 9.98331E-05 9.98331E-05 0.998103 9.98331E-05 9.98331E-05 9.98331E-05 9.98331E-05
9.9833E-05 9.9833E-05 9.9833E-05 9.9833E-05 9.9833E-05 9.9833E-05 0.998103 9.9833E-05 9.9833E-05 9.9833E-05 9.9833E-05 9.9833E-05 9.9833E-05 9.9833E-05 9.9833E-05 9.9833E-05 9.9833E-05 9.9833E-05 9.9833E-05 9.9833E-05
9.9833E-05 9.9833E-05 9.9833E-05 9.9833E-05 9.9833E-05 9.9833E-05 9.9833E-05 9.9833E-05 9.9833E-05 9.9833E-05 9.9833E-05 9.9833E-05 9.9833E-05 9.9833E-05 9.9833E-05 0.998103 9.9833E-05 9.9833E-05 9.9833E-05 9.9833E-05
9.9833E-05 9.9833E-05 9.9833E-05 9.9833E-05 9.9833E-05 9.9833E-05 0.998103 9.9833E-05 9.9833E-05 9.9833E-05 9.9833E-05 9.9833E-05 9.9833E-05 9.9833E-05 9.9833E-05 9.9833E-05 9.9833E-05 9.9833E-05 9.9833E-05 9.9833E-05
9.98329E-05 9.98329E-05 9.98329E-05 9.98329E-05 9.98329E-05 9.98329E-05 0.998103 9.98329E-05 9.98329E-05 9.98329E-05 9.98329E-05 9.98329E-05 9.98329E-05 9.98329E-05 9.98329E-05 9.98329E-05 9.98329E-05 9.98329E-05 9.98329E-05 9.98329E-05
9.9833E-05 9.9833E-05 9.9833E-05 9.9833E-05 9.9833E-05 9.9833E-05 0.998103 9.9833E-05 9.9833E-05 9.9833E-05 9.9833E-05 9.9833E-05 9.9833E-05 9.9833E-05 9.9833E-05 9.9833E-05 9.9833E-05 9.9833E-05 9.9833E-05 9.9833E-05
9.98329E-05 9.98329E-05 9.98329E-05 9.98329E-05 9.98329E-05 9.98329E-05 9.98329E-05 9.98329E-05 9.98329E-05 9.98329E-05 9.98329E-05 9.98329E-05 9.98329E-05 9.98329E-05 9.98329E-05 0.998103 9.98329E-05 9.98329E-05 9.98329E-05 9.98329E-05
9.9833E-05 9.9833E-05 9.9833E-05 9.9833E-05 9.9833E-05 9.9833E-05 0.998103 9.9833E-05 9.9833E-05 9.9833E-05 9.9833E-05 9.9833E-05 9.9833E-05 9.9833E-05 9.9833E-05 9.9833E-05 9.9833E-05 9.9833E-05 9.9833E-05 9.9833E-05
9.98331E-05 9.98331E-05 9.98331E-05 9.98331E-05 9.98331E-05 9.98331E-05 0.998103 9.98331E-05 9.98331E-05 9.98331E-05 9.98331E-05 9.98331E-05 9.98331E-05 9.98331E-05 9.98331E-05 9.98331E-05 9.98331E-05 9.98331E-05 9.98331E-05 9.98331E-05
9.98329E-05 9.98329E-05 9.98329E-05 9.98329E-05 9.98329E-05 9.98329E-05 9.98329E-05 9.98329E-05 9.98329E-05 9.98329E-05 9.98329E-05 9.98329E-05 9.98329E-05 9.98329E-05 9.98329E-05 0.998103 9.98329E-05 9.98329E-05 9.98329E-05 9.98329E-05
9.98331E-05 9.98331E-05 9.98331E-05 9.98331E-05 9.98331E-05 9.98331E-05 9.98331E-05 9.98331E-05 9.98331E-05 9.98331E-05 9.98331E-05 9.98331E-05 9.98331E-05 9.98331E-05 9.98331E-05 0.998103 9.98331E-05 9.98331E-05 9.98331E-05 9.98331E-05
9.98329E-05 9.98329E-05 9.98329E-05 9.98329E-05 9.98329E-05 9.98329E-05 9.98329E-05 9.98329E-05 9.98329E-05 9.98329E-05 9.98329E-05 9.98329E-05 9.98329E-05 9.98329E-05 9.98329E-05 0.998103 9.98329E-05 9.98329E-05 9.98329E-05 9.98329E-05
9.9833E-05 9.9833E-05 9.9833E-05 9.9833E-05 9.9833E-05 9.9833E-05 0.998103 9.9833E-05 9.9833E-05 9.9833E-05 9.9833E-05 9.9833E-05 9.9833E-05 9.9833E-05 9.9833E-05 9.9833E-05 9.9833E-05 9.9833E-05 9.9833E-05 9.9833E-05
9.9833E-05 9.9833E-05 9.9833E-05 9.9833E-05 9.9833E-05 9.9833E-05 0.998103 9.9833E-05 9.9833E-05 9.9833E-05 9.9833E-05 9.9833E-05 9.9833E-05 9.9833E-05 9.9833E-05 9.9833E-05 9.9833E-05 9.9833E-05 9.9833E-05 9.9833E-05
9.98331E-05 9.98331E-05 9.98331E-05 9.98331E-05 9.98331E-05 9.98331E-05 9.98331E-05 9.98331E-05 9.98331E-05 9.98331E-05 9.98331E-05 9.98331E-05 9.98331E-05 9.98331E-05 9.98331E-05 0.998103 9.98331E-05 9.98331E-05 9.98331E-05 9.98331E-05
9.9833E-05 9.9833E-05 9.9833E-05 9.9833E-05 9.9833E-05 9.9833E-05 9.9833E-05 9.9833E-05 9.9833E-05 9.9833E-05 9.9833E-05 9.9833E-05 9.9833E-05 9.9833E-05 9.9833E-05 0.998103 9.9833E-05 9.9833E-05 9.9833E-05 9.9833E-05
9.98857E-05 0.603821 9.98857E-05 9.98857E-05 0.0820365 0.0137284 0.037938 0.110627 0.0915603 9.98857E-05 9.98857E-05 9.98857E-05 9.98857E-05 9.98857E-05 9.98857E-05 0.0589903 9.98857E-05 9.98857E-05 9.98857E-05 9.98857E-05
9.9833E-05 9.9833E-05 9.9833E-05 9.9833E-05 9.9833E-05 9.9833E-05 9.9833E-05 9.9833E-05 9.9833E-05 9.9833E-05 9.9833E-05 9.9833E-05 9.9833E-05 9.9833E-05 9.9833E-05 0.998103 9.9833E-05 9.9833E-05 9.9833E-05 9.9833E-05
9.9833E-05 9.9833E-05 9.9833E-05 9.9833E-05 9.9833E-05 9.9833E-05 0.998103 9.9833E-05 9.9833E-05 9.9833E-05 9.9833E-05 9.9833E-05 9.9833E-05 9.9833E-05 9.9833E-05 9.9833E-05 9.9833E-05 9.9833E-05 9.9833E-05 9.9833E-05
9.9833E-05 9.9833E-05 9.9833E-05 9.9833E-05 9.9833E-05 9.9833E-05 9.9833E-05 9.9833E-05 9.9833E-05 9.9833E-05 9.9833E-05 9.9833E-05 9.9833E-05 9.9833E-05 9.9833E-05 0.998103 9.9833E-05 9.9833E-05 9.9833E-05 9.9833E-05
9.98331E-05 9.98331E-05 9.98331E-05 9.98331E-05 9.98331E-05 9.98331E-05 9.98331E-05 9.98331E-05 9.98331E-05 9.98331E-05 9.98331E-05 9.98331E-05 9.98331E-05 9.98331E-05 9.98331E-05 0.998103 9.98331E-05 9.98331E-05 9.98331E-05 9.98331E-05
9.9833E-05 9.9833E-05 9.9833E-05 9.9833E-05 9.9833E-05 9.9833E-05 9.9833E-05 9.9833E-05 9.9833E-05 9.9833E-05 9.9833E-05 9.9833E-05 9.9833E-05 9.9833E-05 9.9833E-05 0.998103 9.9833E-05 9.9833E-05 9.9833E-05 9.9833E-05
9.98329E-05 9.98329E-05 9.98329E-05 9.98329E-05 9.98329E-05 9.98329E-05 0.998103 9.98329E-05 9.98329E-05 9.98329E-05 9.98329E-05 9.98329E-05 9.98329E-05 9.98329E-05 9.98329E-05 9.98329E-05 9.98329E-05 9.98329E-05 9.98329E-05 9.98329E-05
9.98329E-05 9.98329E-05 9.98329E-05 9.98329E-05 9.98329E-05 9.98329E-05 9.98329E-05 9.98329E-05 9.98329E-05 9.98329E-05 9.98329E-05 9.98329E-05 9.98329E-05 9.98329E-05 9.98329E-05 0.998103 9.98329E-05 9.98329E-05 9.98329E-05 9.98329E-05
9.98331E-05 9.98331E-05 9.98331E-05 9.98331E-05 9.98331E-05 9.98331E-05 0.998103 9.98331E-05 9.98331E-05 9.98331E-05 9.98331E-05 9.98331E-05 9.98331E-05 9.98331E-05 9.98331E-05 9.98331E-05 9.98331E-05 9.98331E-05 9.98331E-05 9.98331E-05
9.98331E-05 9.98331E-05 9.98331E-05 9.98331E-05 9.98331E-05 9.98331E-05 9.98331E-05 9.98331E-05 9.98331E-05 9.98331E-05 9.98331E-05 9.98331E-05 9.98331E-05 9.98331E-05 9.98331E-05 0.998103 9.98331E-05 9.98331E-05 9.98331E-05 9.98331E-05
9.98329E-05 9.98329E-05 9.98329E-05 9.98329E-05 9.98329E-05 9.98329E-05 9.98329E-05 9.98329E-05 9.98329E-05 9.98329E-05 9.98329E-05 9.98329E-05 9.98329E-05 9.98329E-05 9.98329E-05 0.998103 9.98329E-05 9.98329E-05 9.98329E-05 9.98329E-05
