9.98772E-05 9.98772E-05 0.211821 9.98772E-05 9.98772E-05 9.98772E-05 9.98772E-05 0.151348 0.0774301 9.98772E-05 9.98772E-05 9.98772E-05 9.98772E-05 9.98772E-05 0.260594 0.125972 9.98772E-05 0.0425959 0.0447066 9.98772E-05 0.0841339 9.98772E-05
0.797914 9.98684E-05 0.065654 9.98684E-05 9.98684E-05 9.98684E-05 9.98684E-05 9.98684E-05 9.98684E-05 9.98684E-05 9.98684E-05 0.0376568 9.98684E-05 9.98684E-05 0.0125251 9.98684E-05 9.98684E-05 0.0722141 9.98684E-05 0.00938364 9.98684E-05 0.00315383
0.997904 9.98157E-05 9.98157E-05 9.98157E-05 9.98157E-05 9.98157E-05 9.98157E-05 9.98157E-05 9.98157E-05 9.98157E-05 9.98157E-05 9.98157E-05 9.98157E-05 9.98157E-05 9.98157E-05 9.98157E-05 9.98157E-05 9.98157E-05 9.98157E-05 9.98157E-05 9.98157E-05 9.98157E-05
9.98772E-05 9.98772E-05 9.98772E-05 9.98772E-05 9.98772E-05 9.98772E-05 0.319842 9.98772E-05 9.98772E-05 0.192118 9.98772E-05 9.98772E-05 0.00551157 9.98772E-05 0.297035 0.105249 9.98772E-05 9.98772E-05 0.0135123 0.0321127 9.98772E-05 0.0332213
9.98333E-05 9.98333E-05 9.98333E-05 9.98333E-05 0.00024039 9.98333E-05 9.98333E-05 0.92888 9.98333E-05 9.98333E-05 9.98333E-05 9.98333E-05 9.98333E-05 0.068983 9.98333E-05 9.98333E-05 9.98333E-05 9.98333E-05 9.98333E-05 9.98333E-05 9.98333E-05 9.98333E-05
9.98684E-05 9.98684E-05 0.207466 0.0245907 0.0606733 9.98684E-05 9.98684E-05 9.98684E-05 9.98684E-05 0.14494 9.98684E-05 9.98684E-05 9.98684E-05 0.0905261 0.29492 9.98684E-05 0.175386 9.98684E-05 9.98684E-05 9.98684E-05 9.98684E-05 9.98684E-05
9.98861E-05 9.98861E-05 0.0366742 9.98861E-05 0.142568 9.98861E-05 9.98861E-05 0.368377 9.98861E-05 9.98861E-05 9.98861E-05 9.98861E-05 0.0526947 0.0497259 9.98861E-05 0.0818813 9.98861E-05 0.100055 9.98861E-05 0.0581379 0.108587 9.98861E-05
9.98948E-05 9.98948E-05 0.0833302 9.98948E-05 0.0673136 9.98948E-05 0.00567434 0.0862257 9.98948E-05 9.98948E-05 9.98948E-05 9.98948E-05 0.0939523 0.104962 0.186179 0.16869 0.141854 9.98948E-05 0.0606197 9.98948E-05 9.98948E-05 9.98948E-05
0.0137703 9.98597E-05 9.98597E-05 9.98597E-05 9.98597E-05 9.98597E-05 9.98597E-05 0.0432302 0.215663 9.98597E-05 9.98597E-05 9.98597E-05 9.98597E-05 9.98597E-05 0.289539 9.98597E-05 0.221467 9.98597E-05 9.98597E-05 9.98597E-05 0.214733 9.98597E-05
9.98245E-05 9.98245E-05 9.98245E-05 9.98245E-05 9.98245E-05 9.98245E-05 9.98245E-05 0.967875 0.0301287 9.98245E-05 9.98245E-05 9.98245E-05 9.98245E-05 9.98245E-05 9.98245E-05 9.98245E-05 9.98245E-05 9.98245E-05 9.98245E-05 9.98245E-05 9.98245E-05 9.98245E-05
9.98683E-05 9.98683E-05 0.0321744 9.98683E-05 9.98683E-05 9.98683E-05 9.98683E-05 9.98683E-05 0.173915 9.98683E-05 0.0049158 9.98683E-05 9.98683E-05 9.98683E-05 0.698452 0.01597 9.98683E-05 9.98683E-05 9.98683E-05 0.0708371 9.98683E-05 0.00223816
0.74059 9.98509E-05 9.98509E-05 9.98509E-05 0.0308837 9.98509E-05 9.98509E-05 9.98509E-05 0.0161889 9.98509E-05 9.98509E-05 9.98509E-05 9.98509E-05 9.98509E-05 0.199239 9.98509E-05 9.98509E-05 9.98509E-05 9.98509E-05 9.98509E-05 9.98509E-05 0.0114006
9.98421E-05 9.98421E-05 9.98421E-05 9.98421E-05 9.98421E-05 9.98421E-05 9.98421E-05 0.146226 0.0191018 9.98421E-05 9.98421E-05 9.98421E-05 9.98421E-05 9.98421E-05 0.77011 0.0627656 9.98421E-05 9.98421E-05 9.98421E-05 9.98421E-05 9.98421E-05 9.98421E-05
0.415685 9.98685E-05 9.98685E-05 9.98685E-05 9.98685E-05 0.0188853 9.98685E-05 9.98685E-05 0.0344161 0.161828 9.98685E-05 9.98685E-05 9.98685E-05 9.98685E-05 0.334451 0.00593031 9.98685E-05 9.98685E-05 9.98685E-05 0.0273064 9.98685E-05 9.98685E-05
9.98684E-05 9.98684E-05 0.224711 9.98684E-05 9.98684E-05 0.0718043 9.98684E-05 0.0363556 0.116931 0.122344 9.98684E-05 9.98684E-05 9.98684E-05 9.98684E-05 0.304146 9.98684E-05 0.122209 9.98684E-05 9.98684E-05 9.98684E-05 9.98684E-05 9.98684E-05
0.0611938 9.99122E-05 0.157623 0.16776 9.99122E-05 9.99122E-05 0.0643061 0.0454924 0.06803 0.0256898 9.99122E-05 9.99122E-05 0.151202 9.99122E-05 0.0614825 0.0424701 0.152076 9.99122E-05 0.00167504 9.99122E-05 9.99122E-05 9.99122E-05
0.254659 0.100135 9.98947E-05 9.98947E-05 9.98947E-05 9.98947E-05 0.0274297 0.394849 0.0240597 9.98947E-05 9.98947E-05 9.98947E-05 0.00141722 9.98947E-05 9.98947E-05 0.0512205 9.98947E-05 0.0590665 0.0552127 0.0307519 9.98947E-05 9.98947E-05
9.98772E-05 9.98772E-05 0.220533 9.98772E-05 9.98772E-05 9.98772E-05 9.98772E-05 0.0817952 0.109551 9.98772E-05 0.139404 9.98772E-05 9.98772E-05 9.98772E-05 0.187232 0.166789 0.0121286 9.98772E-05 9.98772E-05 9.98772E-05 9.98772E-05 0.0811687
9.98684E-05 9.98684E-05 9.98684E-05 9.98684E-05 9.98684E-05 0.0746564 9.98684E-05 9.98684E-05 0.0924442 9.98684E-05 0.07974 9.98684E-05 9.98684E-05 9.98684E-05 0.429743 0.138481 0.180363 9.98684E-05 0.0030745 9.98684E-05 9.98684E-05 9.98684E-05
9.98158E-05 9.98158E-05 9.98158E-05 9.98158E-05 9.98158E-05 9.98158E-05 9.98158E-05 9.98158E-05 9.98158E-05 9.98158E-05 9.98158E-05 9.98158E-05 9.98158E-05 9.98158E-05 0.997904 9.98158E-05 9.98158E-05 9.98158E-05 9.98158E-05 9.98158E-05 9.98158E-05 9.98158E-05
9.98596E-05 9.98596E-05 9.98596E-05 9.98596E-05 9.98596E-05 9.98596E-05 0.164365 9.98596E-05 0.0251856 9.98596E-05 9.98596E-05 9.98596E-05 9.98596E-05 9.98596E-05 0.603116 0.00245521 0.0828395 9.98596E-05 9.98596E-05 0.120441 9.98596E-05 9.98596E-05
9.98509E-05 9.98509E-05 9.98509E-05 9.98509E-05 0.0870256 9.98509E-05 9.98509E-05 0.357211 9.98509E-05 9.98509E-05 9.98509E-05 9.98509E-05 9.98509E-05 0.116521 9.98509E-05 0.30899 0.128555 9.98509E-05 9.98509E-05 9.98509E-05 9.98509E-05 9.98509E-05
0.0426167 9.98508E-05 0.120448 9.98508E-05 9.98508E-05 9.98508E-05 9.98508E-05 9.98508E-05 0.033027 0.035062 9.98508E-05 9.98508E-05 9.98508E-05 9.98508E-05 0.767149 9.98508E-05 9.98508E-05 9.98508E-05 9.98508E-05 9.98508E-05 9.98508E-05 9.98508E-05
0.0167784 9.98596E-05 9.98596E-05 9.98596E-05 9.98596E-05 9.98596E-05 9.98596E-05 0.403239 0.219258 9.98596E-05 9.98596E-05 9.98596E-05 0.0439772 9.98596E-05 9.98596E-05 0.269717 9.98596E-05 9.98596E-05 9.98596E-05 9.98596E-05 0.0454328 9.98596E-05
9.98859E-05 9.98859E-05 9.98859E-05 9.98859E-05 9.98859E-05 0.120786 0.0418022 0.263182 0.256015 0.135028 9.98859E-05 9.98859E-05 9.98859E-05 9.98859E-05 0.0913536 0.000391674 0.0368751 9.98859E-05 9.98859E-05 9.98859E-05 9.98859E-05 0.0532676
9.98596E-05 9.98596E-05 9.98596E-05 9.98596E-05 9.98596E-05 9.98596E-05 0.125289 0.747598 0.0760975 0.00731858 9.98596E-05 9.98596E-05 9.98596E-05 9.98596E-05 9.98596E-05 0.0154988 0.0266001 9.98596E-05 9.98596E-05 9.98596E-05 9.98596E-05 9.98596E-05
9.98683E-05 9.98683E-05 9.98683E-05 9.98683E-05 9.98683E-05 9.98683E-05 9.98683E-05 0.0721596 0.0893914 0.203534 0.104267 0.26432 0.0765235 9.98683E-05 9.98683E-05 0.188308 9.98683E-05 9.98683E-05 9.98683E-05 9.98683E-05 9.98683E-05 9.98683E-05
9.98422E-05 9.98422E-05 9.98422E-05 9.98422E-05 9.98422E-05 9.98422E-05 0.0449394 9.98422E-05 9.98422E-05 0.0211952 9.98422E-05 9.98422E-05 9.98422E-05 9.98422E-05 0.920826 0.0112425 9.98422E-05 9.98422E-05 9.98422E-05 9.98422E-05 9.98422E-05 9.98422E-05
0.385372 9.9851E-05 9.9851E-05 9.9851E-05 9.9851E-05 9.9851E-05 9.9851E-05 9.9851E-05 0.116594 9.9851E-05 9.9851E-05 0.0760397 9.9851E-05 9.9851E-05 0.402299 9.9851E-05 9.9851E-05 9.9851E-05 9.9851E-05 9.9851E-05 9.9851E-05 0.0179988
0.832916 9.98422E-05 9.98422E-05 9.98422E-05 9.98422E-05 9.98422E-05 9.98422E-05 9.98422E-05 0.0587873 9.98422E-05 9.98422E-05 0.0855923 9.98422E-05 9.98422E-05 9.98422E-05 9.98422E-05 0.0209068 9.98422E-05 9.98422E-05 9.98422E-05 9.98422E-05 9.98422E-05
9.98859E-05 9.98859E-05 0.0635832 0.0403026 9.98859E-05 0.00306955 9.98859E-05 9.98859E-05 0.0155101 9.98859E-05 0.00322391 9.98859E-05 9.98859E-05 9.98859E-05 0.803763 0.005275 0.00759271 9.98859E-05 9.98859E-05 0.0563816 9.98859E-05 9.98859E-05
9.98685E-05 9.98685E-05 9.98685E-05 9.98685E-05 9.98685E-05 0.0144489 0.0434304 9.98685E-05 0.0555144 0.159251 9.98685E-05 9.98685E-05 9.98685E-05 9.98685E-05 0.663843 0.0362281 9.98685E-05 9.98685E-05 9.98685E-05 0.0257865 9.98685E-05 9.98685E-05
0.00453076 9.98771E-05 0.119027 9.98771E-05 9.98771E-05 9.98771E-05 9.98771E-05 0.467483 0.149136 0.0649002 9.98771E-05 9.98771E-05 9.98771E-05 9.98771E-05 0.0573837 0.0805438 9.98771E-05 9.98771E-05 9.98771E-05 0.055598 9.98771E-05 9.98771E-05
0.708632 9.98683E-05 9.98683E-05 9.98683E-05 0.00134936 9.98683E-05 9.98683E-05 9.98683E-05 0.0965225 0.071029 0.025497 9.98683E-05 9.98683E-05 9.98683E-05 9.98683E-05 0.0898837 9.98683E-05 9.98683E-05 9.98683E-05 9.98683E-05 9.98683E-05 0.00558884
0.189063 9.98772E-05 9.98772E-05 9.98772E-05 9.98772E-05 9.98772E-05 9.98772E-05 0.00568621 0.00908608 9.98772E-05 9.98772E-05 0.0117716 9.98772E-05 9.98772E-05 0.72335 9.98772E-05 9.98772E-05 0.0260952 9.98772E-05 0.00576962 9.98772E-05 0.0277803
9.98597E-05 9.98597E-05 0.0478362 9.98597E-05 9.98597E-05 9.98597E-05 0.117169 0.5298 9.98597E-05 9.98597E-05 9.98597E-05 9.98597E-05 9.98597E-05 9.98597E-05 0.257061 9.98597E-05 0.0339676 0.0125684 9.98597E-05 9.98597E-05 9.98597E-05 9.98597E-05
9.98334E-05 9.98334E-05 9.98334E-05 9.98334E-05 0.0975365 9.98334E-05 9.98334E-05 9.98334E-05 9.98334E-05 9.98334E-05 9.98334E-05 9.98334E-05 0.0149515 9.98334E-05 0.885615 9.98334E-05 9.98334E-05 9.98334E-05 9.98334E-05 9.98334E-05 9.98334E-05 9.98334E-05
0.796437 9.98421E-05 9.98421E-05 9.98421E-05 9.98421E-05 9.98421E-05 0.0729702 9.98421E-05 9.98421E-05 9.98421E-05 9.98421E-05 9.98421E-05 9.98421E-05 9.98421E-05 9.98421E-05 9.98421E-05 0.125967 9.98421E-05 9.98421E-05 9.98421E-05 9.98421E-05 0.00282787
0.655711 9.98685E-05 9.98685E-05 9.98685E-05 0.0409401 9.98685E-05 9.98685E-05 9.98685E-05 0.107877 9.98685E-05 9.98685E-05 9.98685E-05 9.98685E-05 9.98685E-05 9.98685E-05 0.0694692 0.0152015 0.0932122 9.98685E-05 0.0160911 9.98685E-05 9.98685E-05
0.337845 9.98596E-05 9.98596E-05 9.98596E-05 9.98596E-05 9.98596E-05 9.98596E-05 0.260447 0.133702 0.0933505 9.98596E-05 9.98596E-05 0.101924 9.98596E-05 9.98596E-05 0.071133 9.98596E-05 9.98596E-05 9.98596E-05 9.98596E-05 9.98596E-05 9.98596E-05
9.98246E-05 9.98246E-05 9.98246E-05 9.98246E-05 9.98246E-05 9.98246E-05 9.98246E-05 0.966718 9.98246E-05 9.98246E-05 9.98246E-05 9.98246E-05 9.98246E-05 9.98246E-05 9.98246E-05 9.98246E-05 9.98246E-05 9.98246E-05 9.98246E-05 0.0312855 9.98246E-05 9.98246E-05
9.98598E-05 9.98598E-05 9.98598E-05 9.98598E-05 9.98598E-05 9.98598E-05 9.98598E-05 0.792729 0.0413599 9.98598E-05 9.98598E-05 0.106653 9.98598E-05 9.98598E-05 9.98598E-05 0.00736201 9.98598E-05 9.98598E-05 9.98598E-05 0.0404975 0.00980023 9.98598E-05
9.98245E-05 9.98245E-05 9.98245E-05 9.98245E-05 9.98245E-05 9.98245E-05 9.98245E-05 0.951787 9.98245E-05 9.98245E-05 9.98245E-05 0.0462161 9.98245E-05 9.98245E-05 9.98245E-05 9.98245E-05 9.98245E-05 9.98245E-05 9.98245E-05 9.98245E-05 9.98245E-05 9.98245E-05
0.2965 9.98947E-05 0.197011 9.98947E-05 9.98947E-05 9.98947E-05 9.98947E-05 0.0176381 0.136239 9.98947E-05 9.98947E-05 9.98947E-05 9.98947E-05 9.98947E-05 0.0481759 0.12334 0.100218 9.98947E-05 0.00931743 0.00455643 0.0658057 9.98947E-05
0.272564 9.98508E-05 9.98508E-05 0.000577434 0.199852 9.98508E-05 9.98508E-05 9.98508E-05 0.217401 9.98508E-05 9.98508E-05 9.98508E-05 9.98508E-05 9.98508E-05 9.98508E-05 0.307908 9.98508E-05 9.98508E-05 9.98508E-05 9.98508E-05 9.98508E-05 9.98508E-05
0.074149 9.98508E-05 9.98508E-05 9.98508E-05 9.98508E-05 9.98508E-05 0.005108 0.847451 9.98508E-05 9.98508E-05 9.98508E-05 9.98508E-05 9.98508E-05 9.98508E-05 9.98508E-05 9.98508E-05 0.00213297 9.98508E-05 9.98508E-05 9.98508E-05 9.98508E-05 0.0694613
9.98509E-05 9.98509E-05 9.98509E-05 9.98509E-05 9.98509E-05 9.98509E-05 9.98509E-05 0.521496 0.0301396 9.98509E-05 0.00773852 9.98509E-05 9.98509E-05 9.98509E-05 0.397492 9.98509E-05 0.0414365 9.98509E-05 9.98509E-05 9.98509E-05 9.98509E-05 9.98509E-05
0.997904 9.98158E-05 9.98158E-05 9.98158E-05 9.98158E-05 9.98158E-05 9.98158E-05 9.98158E-05 9.98158E-05 9.98158E-05 9.98158E-05 9.98158E-05 9.98158E-05 9.98158E-05 9.98158E-05 9.98158E-05 9.98158E-05 9.98158E-05 9.98158E-05 9.98158E-05 9.98158E-05 9.98158E-05
9.9842E-05 9.9842E-05 9.9842E-05 9.9842E-05 9.9842E-05 9.9842E-05 0.0078786 9.9842E-05 0.121316 9.9842E-05 9.9842E-05 9.9842E-05 9.9842E-05 9.9842E-05 0.772567 0.0964419 9.9842E-05 9.9842E-05 9.9842E-05 9.9842E-05 9.9842E-05 9.9842E-05
0.849372 9.98511E-05 9.98511E-05 9.98511E-05 0.0663486 9.98511E-05 9.98511E-05 9.98511E-05 9.98511E-05 9.98511E-05 0.0466242 9.98511E-05 9.98511E-05 9.98511E-05 9.98511E-05 0.0236555 0.0123026 9.98511E-05 9.98511E-05 9.98511E-05 9.98511E-05 9.98511E-05
9.98859E-05 9.98859E-05 9.98859E-05 9.98859E-05 9.98859E-05 9.98859E-05 0.0305077 9.98859E-05 0.166641 0.0976663 0.0344006 0.066121 9.98859E-05 9.98859E-05 0.462485 9.98859E-05 0.0676195 9.98859E-05 9.98859E-05 0.0685382 0.00472169 9.98859E-05
0.0269232 9.98771E-05 9.98771E-05 0.00425035 9.98771E-05 9.98771E-05 0.012763 0.704744 9.98771E-05 9.98771E-05 9.98771E-05 9.98771E-05 0.045966 0.00559159 9.98771E-05 0.161707 9.98771E-05 9.98771E-05 9.98771E-05 9.98771E-05 0.0366564 9.98771E-05
9.98335E-05 9.98335E-05 9.98335E-05 9.98335E-05 9.98335E-05 9.98335E-05 9.98335E-05 0.938035 0.0240992 9.98335E-05 0.0359687 9.98335E-05 9.98335E-05 9.98335E-05 9.98335E-05 9.98335E-05 9.98335E-05 9.98335E-05 9.98335E-05 9.98335E-05 9.98335E-05 9.98335E-05
0.765224 9.98421E-05 9.98421E-05 9.98421E-05 9.98421E-05 9.98421E-05 9.98421E-05 9.98421E-05 9.98421E-05 9.98421E-05 0.0526128 9.98421E-05 0.180044 9.98421E-05 9.98421E-05 9.98421E-05 9.98421E-05 9.98421E-05 9.98421E-05 9.98421E-05 9.98421E-05 0.000322141
9.98335E-05 9.98335E-05 9.98335E-05 9.98335E-05 9.98335E-05 0.116385 9.98335E-05 9.98335E-05 0.0168715 9.98335E-05 9.98335E-05 9.98335E-05 9.98335E-05 9.98335E-05 0.864846 9.98335E-05 9.98335E-05 9.98335E-05 9.98335E-05 9.98335E-05 9.98335E-05 9.98335E-05
0.0849207 9.98599E-05 0.0383285 0.0753059 9.98599E-05 9.98599E-05 9.98599E-05 0.685639 9.98599E-05 0.10315 9.98599E-05 9.98599E-05 9.98599E-05 9.98599E-05 9.98599E-05 9.98599E-05 9.98599E-05 9.98599E-05 9.98599E-05 9.98599E-05 9.98599E-05 0.0110581
9.98244E-05 9.98244E-05 9.98244E-05 9.98244E-05 9.98244E-05 9.98244E-05 9.98244E-05 0.957955 9.98244E-05 9.98244E-05 0.0400489 9.98244E-05 9.98244E-05 9.98244E-05 9.98244E-05 9.98244E-05 9.98244E-05 9.98244E-05 9.98244E-05 9.98244E-05 9.98244E-05 9.98244E-05
9.98422E-05 9.98422E-05 9.98422E-05 9.98422E-05 9.98422E-05 9.98422E-05 0.00241996 9.98422E-05 0.0366444 9.98422E-05 9.98422E-05 9.98422E-05 9.98422E-05 9.98422E-05 0.945254 9.98422E-05 9.98422E-05 9.98422E-05 9.98422E-05 0.013884 9.98422E-05 9.98422E-05
0.111932 9.98334E-05 9.98334E-05 9.98334E-05 9.98334E-05 9.98334E-05 9.98334E-05 9.98334E-05 9.98334E-05 9.98334E-05 9.98334E-05 9.98334E-05 9.98334E-05 0.0294605 0.856711 9.98334E-05 9.98334E-05 9.98334E-05 9.98334E-05 9.98334E-05 9.98334E-05 9.98334E-05
9.9877E-05 9.9877E-05 0.755674 9.9877E-05 9.9877E-05 9.9877E-05 9.9877E-05 9.9877E-05 0.138678 0.00681763 0.00814746 9.9877E-05 9.9877E-05 9.9877E-05 9.9877E-05 9.9877E-05 0.0455911 0.0178272 0.00306101 0.0228054 9.9877E-05 9.9877E-05
9.98246E-05 9.98246E-05 0.959429 9.98246E-05 9.98246E-05 9.98246E-05 0.0385742 9.98246E-05 9.98246E-05 9.98246E-05 9.98246E-05 9.98246E-05 9.98246E-05 9.98246E-05 9.98246E-05 9.98246E-05 9.98246E-05 9.98246E-05 9.98246E-05 9.98246E-05 9.98246E-05 9.98246E-05
9.98244E-05 9.98244E-05 0.94744 9.98244E-05 9.98244E-05 9.98244E-05 9.98244E-05 9.98244E-05 9.98244E-05 9.98244E-05 0.0505635 9.98244E-05 9.98244E-05 9.98244E-05 9.98244E-05 9.98244E-05 9.98244E-05 9.98244E-05 9.98244E-05 9.98244E-05 9.98244E-05 9.98244E-05
9.98684E-05 9.98684E-05 0.35579 9.98684E-05 9.98684E-05 9.98684E-05 9.98684E-05 9.98684E-05 0.0260573 0.18259 0.0203778 0.0451388 9.98684E-05 9.98684E-05 9.98684E-05 9.98684E-05 0.108529 0.260018 9.98684E-05 9.98684E-05 9.98684E-05 9.98684E-05
9.98682E-05 9.98682E-05 0.63049 9.98682E-05 9.98682E-05 9.98682E-05 9.98682E-05 9.98682E-05 9.98682E-05 9.98682E-05 0.0274076 9.98682E-05 0.0746342 0.0165816 9.98682E-05 0.121986 0.081762 9.98682E-05 9.98682E-05 9.98682E-05 9.98682E-05 0.04564
9.98505E-05 9.98505E-05 0.696184 9.98505E-05 9.98505E-05 9.98505E-05 9.98505E-05 9.98505E-05 0.186998 9.98505E-05 9.98505E-05 0.0229696 9.98505E-05 9.98505E-05 9.98505E-05 0.0592966 0.0328539 9.98505E-05 9.98505E-05 9.98505E-05 9.98505E-05 9.98505E-05
9.98507E-05 9.98507E-05 0.594729 9.98507E-05 9.98507E-05 9.98507E-05 0.0929793 9.98507E-05 0.101329 9.98507E-05 9.98507E-05 9.98507E-05 9.98507E-05 9.98507E-05 9.98507E-05 9.98507E-05 9.98507E-05 0.139599 9.98507E-05 0.0696656 9.98507E-05 9.98507E-05
9.98682E-05 9.98682E-05 0.484489 9.98682E-05 9.98682E-05 9.98682E-05 9.98682E-05 9.98682E-05 0.102471 0.0712075 0.126724 0.0562407 9.98682E-05 9.98682E-05 9.98682E-05 9.98682E-05 0.0923892 0.0649802 9.98682E-05 9.98682E-05 9.98682E-05 9.98682E-05
9.98158E-05 9.98158E-05 0.997904 9.98158E-05 9.98158E-05 9.98158E-05 9.98158E-05 9.98158E-05 9.98158E-05 9.98158E-05 9.98158E-05 9.98158E-05 9.98158E-05 9.98158E-05 9.98158E-05 9.98158E-05 9.98158E-05 9.98158E-05 9.98158E-05 9.98158E-05 9.98158E-05 9.98158E-05
9.98508E-05 9.98508E-05 0.919013 0.0139941 9.98508E-05 9.98508E-05 0.0370902 9.98508E-05 9.98508E-05 9.98508E-05 9.98508E-05 9.98508E-05 9.98508E-05 9.98508E-05 9.98508E-05 9.98508E-05 0.0171586 9.98508E-05 9.98508E-05 0.0110465 9.98508E-05 9.98508E-05
9.98505E-05 9.98505E-05 0.554251 9.98505E-05 0.0210449 9.98505E-05 9.98505E-05 9.98505E-05 0.20951 9.98505E-05 9.98505E-05 9.98505E-05 9.98505E-05 9.98505E-05 9.98505E-05 9.98505E-05 0.066267 9.98505E-05 9.98505E-05 0.14723 9.98505E-05 9.98505E-05
9.98946E-05 9.98946E-05 0.389079 9.98946E-05 9.98946E-05 0.0956727 0.0174211 9.98946E-05 0.1277 9.98946E-05 9.98946E-05 9.98946E-05 0.0388053 9.98946E-05 9.98946E-05 0.143242 0.0106212 0.0775754 0.0681876 0.0304972 9.98946E-05 9.98946E-05
9.98507E-05 9.98507E-05 0.519169 9.98507E-05 9.98507E-05 9.98507E-05 9.98507E-05 9.98507E-05 9.98507E-05 9.98507E-05 9.98507E-05 9.98507E-05 9.98507E-05 0.158842 9.98507E-05 9.98507E-05 0.133935 9.98507E-05 0.171732 0.0146239 9.98507E-05 9.98507E-05
9.98682E-05 9.98682E-05 0.411357 9.98682E-05 0.00374218 9.98682E-05 9.98682E-05 9.98682E-05 0.210782 9.98682E-05 9.98682E-05 9.98682E-05 9.98682E-05 0.0336048 9.98682E-05 0.168833 0.0276416 0.142542 9.98682E-05 9.98682E-05 9.98682E-05 9.98682E-05
9.98249E-05 9.98249E-05 0.919281 9.98249E-05 9.98249E-05 9.98249E-05 9.98249E-05 9.98249E-05 9.98249E-05 9.98249E-05 9.98249E-05 0.0787225 9.98249E-05 9.98249E-05 9.98249E-05 9.98249E-05 9.98249E-05 9.98249E-05 9.98249E-05 9.98249E-05 9.98249E-05 9.98249E-05
9.98422E-05 9.98422E-05 0.949817 9.98422E-05 9.98422E-05 9.98422E-05 0.0281953 9.98422E-05 0.00141892 9.98422E-05 9.98422E-05 9.98422E-05 9.98422E-05 9.98422E-05 9.98422E-05 9.98422E-05 0.0187721 9.98422E-05 9.98422E-05 9.98422E-05 9.98422E-05 9.98422E-05
9.98506E-05 9.98506E-05 0.723362 9.98506E-05 0.0480862 9.98506E-05 9.98506E-05 9.98506E-05 9.98506E-05 0.0734463 0.14197 9.98506E-05 0.0114378 9.98506E-05 9.98506E-05 9.98506E-05 9.98506E-05 9.98506E-05 9.98506E-05 9.98506E-05 9.98506E-05 9.98506E-05
9.98683E-05 9.98683E-05 0.632776 0.0565882 0.0277119 9.98683E-05 0.086617 9.98683E-05 9.98683E-05 9.98683E-05 9.98683E-05 9.98683E-05 9.98683E-05 9.98683E-05 9.98683E-05 0.105558 0.022527 9.98683E-05 9.98683E-05 0.0667241 9.98683E-05 9.98683E-05
9.9842E-05 9.9842E-05 0.867205 9.9842E-05 9.9842E-05 9.9842E-05 9.9842E-05 9.9842E-05 0.0269901 9.9842E-05 0.0626699 9.9842E-05 9.9842E-05 9.9842E-05 9.9842E-05 9.9842E-05 9.9842E-05 9.9842E-05 9.9842E-05 0.0413374 9.9842E-05 9.9842E-05
9.98681E-05 9.98681E-05 0.538377 9.98681E-05 9.98681E-05 0.0470446 9.98681E-05 9.98681E-05 0.177129 9.98681E-05 9.98681E-05 0.142883 0.0343094 9.98681E-05 9.98681E-05 9.98681E-05 9.98681E-05 9.98681E-05 0.0132846 9.98681E-05 9.98681E-05 0.0454751
9.98249E-05 0.0215893 0.976414 9.98249E-05 9.98249E-05 9.98249E-05 9.98249E-05 9.98249E-05 9.98249E-05 9.98249E-05 9.98249E-05 9.98249E-05 9.98249E-05 9.98249E-05 9.98249E-05 9.98249E-05 9.98249E-05 9.98249E-05 9.98249E-05 9.98249E-05 9.98249E-05 9.98249E-05
9.98682E-05 9.98682E-05 0.624785 9.98682E-05 0.0145505 9.98682E-05 9.98682E-05 9.98682E-05 0.0137189 0.00230845 9.98682E-05 0.00639542 9.98682E-05 9.98682E-05 9.98682E-05 0.283983 9.98682E-05 0.0527601 9.98682E-05 9.98682E-05 9.98682E-05 9.98682E-05
9.98335E-05 9.98335E-05 0.606445 9.98335E-05 9.98335E-05 9.98335E-05 9.98335E-05 9.98335E-05 0.0487235 0.342935 9.98335E-05 9.98335E-05 9.98335E-05 9.98335E-05 9.98335E-05 9.98335E-05 9.98335E-05 9.98335E-05 9.98335E-05 9.98335E-05 9.98335E-05 9.98335E-05
9.98596E-05 9.98596E-05 0.68825 0.0312638 0.188273 9.98596E-05 9.98596E-05 9.98596E-05 9.98596E-05 9.98596E-05 0.0105398 9.98596E-05 9.98596E-05 9.98596E-05 9.98596E-05 9.98596E-05 0.0608724 9.98596E-05 9.98596E-05 9.98596E-05 0.0192035 9.98596E-05
9.9842E-05 9.9842E-05 0.696699 9.9842E-05 9.9842E-05 9.9842E-05 9.9842E-05 9.9842E-05 0.0728453 9.9842E-05 9.9842E-05 9.9842E-05 9.9842E-05 9.9842E-05 9.9842E-05 9.9842E-05 9.9842E-05 9.9842E-05 0.122867 0.105791 9.9842E-05 9.9842E-05
0.0802548 9.98334E-05 0.906981 9.98334E-05 9.98334E-05 9.98334E-05 9.98334E-05 9.98334E-05 9.98334E-05 9.98334E-05 9.98334E-05 9.98334E-05 9.98334E-05 9.98334E-05 9.98334E-05 9.98334E-05 0.0108677 9.98334E-05 9.98334E-05 9.98334E-05 9.98334E-05 9.98334E-05
9.98334E-05 0.00138068 0.993129 9.98334E-05 9.98334E-05 9.98334E-05 9.98334E-05 9.98334E-05 9.98334E-05 9.98334E-05 9.98334E-05 9.98334E-05 9.98334E-05 9.98334E-05 9.98334E-05 9.98334E-05 9.98334E-05 9.98334E-05 0.00359362 9.98334E-05 9.98334E-05 9.98334E-05
9.9816E-05 9.9816E-05 0.997904 9.9816E-05 9.9816E-05 9.9816E-05 9.9816E-05 9.9816E-05 9.9816E-05 9.9816E-05 9.9816E-05 9.9816E-05 9.9816E-05 9.9816E-05 9.9816E-05 9.9816E-05 9.9816E-05 9.9816E-05 9.9816E-05 9.9816E-05 9.9816E-05 9.9816E-05
9.98509E-05 9.98509E-05 0.794862 9.98509E-05 9.98509E-05 9.98509E-05 9.98509E-05 9.98509E-05 0.00212044 9.98509E-05 0.131474 9.98509E-05 9.98509E-05 9.98509E-05 9.98509E-05 9.98509E-05 0.024276 9.98509E-05 0.0455703 9.98509E-05 9.98509E-05 9.98509E-05
0.0566176 0.181779 0.468717 9.98598E-05 9.98598E-05 9.98598E-05 9.98598E-05 9.98598E-05 0.12467 9.98598E-05 9.98598E-05 0.103462 9.98598E-05 9.98598E-05 9.98598E-05 9.98598E-05 0.0631573 9.98598E-05 9.98598E-05 9.98598E-05 9.98598E-05 9.98598E-05
9.98333E-05 9.98333E-05 9.98333E-05 9.98333E-05 9.98333E-05 9.98333E-05 9.98333E-05 9.98333E-05 0.093572 0.77753 9.98333E-05 9.98333E-05 9.98333E-05 9.98333E-05 9.98333E-05 9.98333E-05 0.127001 9.98333E-05 9.98333E-05 9.98333E-05 9.98333E-05 9.98333E-05
9.98334E-05 0.420862 9.98334E-05 9.98334E-05 9.98334E-05 9.98334E-05 9.98334E-05 9.98334E-05 9.98334E-05 0.514257 9.98334E-05 9.98334E-05 9.98334E-05 9.98334E-05 9.98334E-05 9.98334E-05 0.062984 9.98334E-05 9.98334E-05 9.98334E-05 9.98334E-05 9.98334E-05
9.98333E-05 9.98333E-05 9.98333E-05 0.0376423 9.98333E-05 9.98333E-05 9.98333E-05 9.98333E-05 0.10473 0.855731 9.98333E-05 9.98333E-05 9.98333E-05 9.98333E-05 9.98333E-05 9.98333E-05 9.98333E-05 9.98333E-05 9.98333E-05 9.98333E-05 9.98333E-05 9.98333E-05
9.98507E-05 9.98507E-05 9.98507E-05 9.98507E-05 9.98507E-05 9.98507E-05 9.98507E-05 9.98507E-05 0.113928 0.751325 0.0376335 9.98507E-05 9.98507E-05 9.98507E-05 9.98507E-05 9.98507E-05 0.0796169 9.98507E-05 9.98507E-05 0.0158 9.98507E-05 9.98507E-05
9.98331E-05 9.98331E-05 9.98331E-05 9.98331E-05 9.98331E-05 9.98331E-05 9.98331E-05 9.98331E-05 9.98331E-05 0.918788 9.98331E-05 9.98331E-05 9.98331E-05 9.98331E-05 9.98331E-05 9.98331E-05 0.0235361 9.98331E-05 0.0557794 9.98331E-05 9.98331E-05 9.98331E-05
9.98509E-05 9.98509E-05 9.98509E-05 9.98509E-05 0.0382596 9.98509E-05 9.98509E-05 9.98509E-05 0.0793208 0.603034 9.98509E-05 9.98509E-05 9.98509E-05 9.98509E-05 9.98509E-05 9.98509E-05 0.200317 0.0773706 9.98509E-05 9.98509E-05 9.98509E-05 9.98509E-05
9.98508E-05 9.98508E-05 9.98508E-05 9.98508E-05 9.98508E-05 9.98508E-05 9.98508E-05 9.98508E-05 0.0903721 0.76851 9.98508E-05 9.98508E-05 9.98508E-05 9.98508E-05 9.98508E-05 0.0420631 0.0467222 9.98508E-05 0.0506355 9.98508E-05 9.98508E-05 9.98508E-05
9.98333E-05 9.98333E-05 9.98333E-05 9.98333E-05 9.98333E-05 9.98333E-05 9.98333E-05 9.98333E-05 0.0333141 0.777071 9.98333E-05 9.98333E-05 9.98333E-05 9.98333E-05 9.98333E-05 9.98333E-05 0.187718 9.98333E-05 9.98333E-05 9.98333E-05 9.98333E-05 9.98333E-05
9.98418E-05 9.98418E-05 9.98418E-05 9.98418E-05 9.98418E-05 9.98418E-05 9.98418E-05 9.98418E-05 9.98418E-05 0.330071 9.98418E-05 0.23844 9.98418E-05 9.98418E-05 9.98418E-05 9.98418E-05 0.295421 0.13427 9.98418E-05 9.98418E-05 9.98418E-05 9.98418E-05
9.9842E-05 9.9842E-05 9.9842E-05 9.9842E-05 9.9842E-05 9.9842E-05 9.9842E-05 9.9842E-05 0.230768 0.527342 9.9842E-05 9.9842E-05 9.9842E-05 9.9842E-05 9.9842E-05 9.9842E-05 0.191372 9.9842E-05 0.0487218 9.9842E-05 9.9842E-05 9.9842E-05
9.98421E-05 0.196369 9.98421E-05 9.98421E-05 9.98421E-05 9.98421E-05 9.98421E-05 9.98421E-05 0.0394639 0.498817 9.98421E-05 9.98421E-05 9.98421E-05 9.98421E-05 9.98421E-05 9.98421E-05 9.98421E-05 0.263553 9.98421E-05 9.98421E-05 9.98421E-05 9.98421E-05
0.0144753 0.0105902 9.98597E-05 9.98597E-05 9.98597E-05 9.98597E-05 9.98597E-05 9.98597E-05 0.012364 0.795331 9.98597E-05 9.98597E-05 9.98597E-05 9.98597E-05 9.98597E-05 9.98597E-05 9.98597E-05 0.164084 9.98597E-05 0.00155857 9.98597E-05 9.98597E-05
9.98423E-05 0.0094052 9.98423E-05 9.98423E-05 9.98423E-05 9.98423E-05 9.98423E-05 9.98423E-05 9.98423E-05 0.948689 9.98423E-05 9.98423E-05 9.98423E-05 9.98423E-05 9.98423E-05 9.98423E-05 0.0399942 9.98423E-05 0.000114303 9.98423E-05 9.98423E-05 9.98423E-05
9.9851E-05 0.00481855 9.9851E-05 9.9851E-05 9.9851E-05 9.9851E-05 9.9851E-05 9.9851E-05 0.198727 0.635751 9.9851E-05 9.9851E-05 9.9851E-05 9.9851E-05 9.9851E-05 9.9851E-05 0.13274 9.9851E-05 9.9851E-05 9.9851E-05 0.0262668 9.9851E-05
9.98598E-05 0.0575935 9.98598E-05 0.0794055 9.98598E-05 9.98598E-05 9.98598E-05 9.98598E-05 0.0161349 0.689039 0.0876494 9.98598E-05 9.98598E-05 9.98598E-05 9.98598E-05 9.98598E-05 0.0685797 9.98598E-05 9.98598E-05 9.98598E-05 9.98598E-05 9.98598E-05
9.98509E-05 9.98509E-05 9.98509E-05 9.98509E-05 9.98509E-05 9.98509E-05 9.98509E-05 9.98509E-05 0.131627 0.671498 9.98509E-05 0.139044 9.98509E-05 9.98509E-05 9.98509E-05 9.98509E-05 0.025708 9.98509E-05 9.98509E-05 0.0304255 9.98509E-05 9.98509E-05
9.98684E-05 9.98684E-05 9.98684E-05 9.98684E-05 9.98684E-05 9.98684E-05 9.98684E-05 9.98684E-05 0.0373496 0.753662 0.00911558 9.98684E-05 9.98684E-05 9.98684E-05 9.98684E-05 0.039935 0.0186333 0.125971 9.98684E-05 9.98684E-05 9.98684E-05 0.0138352
9.98686E-05 0.0177423 9.98686E-05 0.144942 0.0126297 9.98686E-05 9.98686E-05 0.0426852 9.98686E-05 0.609987 9.98686E-05 9.98686E-05 9.98686E-05 0.0241073 9.98686E-05 9.98686E-05 0.146409 9.98686E-05 9.98686E-05 9.98686E-05 9.98686E-05 9.98686E-05
9.98334E-05 9.98334E-05 9.98334E-05 9.98334E-05 9.98334E-05 9.98334E-05 9.98334E-05 9.98334E-05 9.98334E-05 0.973246 9.98334E-05 9.98334E-05 9.98334E-05 9.98334E-05 9.98334E-05 9.98334E-05 9.98334E-05 0.0200312 9.98334E-05 0.00482558 9.98334E-05 9.98334E-05
9.98859E-05 0.123996 9.98859E-05 9.98859E-05 9.98859E-05 9.98859E-05 0.0350346 9.98859E-05 0.0849002 0.54377 9.98859E-05 0.0815869 9.98859E-05 9.98859E-05 9.98859E-05 9.98859E-05 0.0212527 9.98859E-05 9.98859E-05 0.0138021 0.00535776 0.0890018
9.98597E-05 9.98597E-05 9.98597E-05 0.00224892 0.0319889 9.98597E-05 9.98597E-05 9.98597E-05 0.142963 0.68683 9.98597E-05 9.98597E-05 9.98597E-05 9.98597E-05 9.98597E-05 9.98597E-05 0.0113644 0.123007 9.98597E-05 9.98597E-05 9.98597E-05 9.98597E-05
9.9842E-05 9.9842E-05 9.9842E-05 9.9842E-05 9.9842E-05 9.9842E-05 9.9842E-05 9.9842E-05 0.0366143 0.887591 9.9842E-05 9.9842E-05 9.9842E-05 9.9842E-05 9.9842E-05 9.9842E-05 0.0710986 9.9842E-05 9.9842E-05 0.0028987 9.9842E-05 9.9842E-05
9.98508E-05 9.98508E-05 9.98508E-05 9.98508E-05 9.98508E-05 9.98508E-05 9.98508E-05 9.98508E-05 0.199171 0.490642 9.98508E-05 9.98508E-05 9.98508E-05 9.98508E-05 9.98508E-05 9.98508E-05 0.219219 0.0575105 9.98508E-05 9.98508E-05 9.98508E-05 0.0317598
9.98421E-05 0.0868475 9.98421E-05 9.98421E-05 9.98421E-05 9.98421E-05 9.98421E-05 9.98421E-05 0.0312321 0.671982 9.98421E-05 9.98421E-05 9.98421E-05 9.98421E-05 9.98421E-05 9.98421E-05 0.208141 9.98421E-05 9.98421E-05 9.98421E-05 9.98421E-05 9.98421E-05
9.98508E-05 9.98508E-05 9.98508E-05 9.98508E-05 9.98508E-05 9.98508E-05 9.98508E-05 9.98508E-05 0.197814 0.417438 9.98508E-05 9.98508E-05 9.98508E-05 9.98508E-05 9.98508E-05 9.98508E-05 0.289508 0.050724 9.98508E-05 9.98508E-05 9.98508E-05 0.0428191
9.98772E-05 0.198253 0.0811003 9.98772E-05 9.98772E-05 9.98772E-05 9.98772E-05 9.98772E-05 0.138227 0.34167 9.98772E-05 9.98772E-05 9.98772E-05 9.98772E-05 9.98772E-05 0.0200756 0.112921 0.0979301 0.00842436 9.98772E-05 9.98772E-05 9.98772E-05
9.98684E-05 0.548008 9.98684E-05 0.10246 9.98684E-05 0.00953731 9.98684E-05 0.0147119 0.11296 0.143109 9.98684E-05 9.98684E-05 9.98684E-05 9.98684E-05 9.98684E-05 9.98684E-05 9.98684E-05 9.98684E-05 9.98684E-05 9.98684E-05 0.0677163 9.98684E-05
9.9833E-05 9.9833E-05 9.9833E-05 9.9833E-05 9.9833E-05 9.9833E-05 9.9833E-05 9.9833E-05 0.0700013 0.859566 9.9833E-05 9.9833E-05 9.9833E-05 9.9833E-05 9.9833E-05 9.9833E-05 0.0685359 9.9833E-05 9.9833E-05 9.9833E-05 9.9833E-05 9.9833E-05
9.98333E-05 9.98333E-05 9.98333E-05 9.98333E-05 9.98333E-05 9.98333E-05 9.98333E-05 9.98333E-05 0.184458 0.578148 9.98333E-05 9.98333E-05 9.98333E-05 9.98333E-05 9.98333E-05 9.98333E-05 0.235497 9.98333E-05 9.98333E-05 9.98333E-05 9.98333E-05 9.98333E-05
9.9851E-05 0.0383704 9.9851E-05 9.9851E-05 9.9851E-05 9.9851E-05 9.9851E-05 9.9851E-05 0.121019 0.773579 9.9851E-05 9.9851E-05 9.9851E-05 9.9851E-05 9.9851E-05 9.9851E-05 9.9851E-05 9.9851E-05 9.9851E-05 0.0248033 9.9851E-05 0.0405315
9.98509E-05 9.98509E-05 9.98509E-05 9.98509E-05 9.98509E-05 9.98509E-05 9.98509E-05 9.98509E-05 0.226742 0.679422 9.98509E-05 9.98509E-05 0.00331196 9.98509E-05 9.98509E-05 9.98509E-05 0.0353428 9.98509E-05 9.98509E-05 0.0534837 9.98509E-05 9.98509E-05
9.98333E-05 9.98333E-05 9.98333E-05 9.98333E-05 9.98333E-05 9.98333E-05 9.98333E-05 9.98333E-05 9.98333E-05 0.948844 9.98333E-05 9.98333E-05 9.98333E-05 9.98333E-05 9.98333E-05 9.98333E-05 9.98333E-05 9.98333E-05 9.98333E-05 0.00363271 9.98333E-05 0.0456263
9.98595E-05 9.98595E-05 9.98595E-05 9.98595E-05 9.98595E-05 9.98595E-05 9.98595E-05 9.98595E-05 0.118266 0.290558 9.98595E-05 9.98595E-05 9.98595E-05 0.187365 9.98595E-05 9.98595E-05 0.268803 9.98595E-05 9.98595E-05 0.014213 9.98595E-05 0.119198
9.98419E-05 9.98419E-05 9.98419E-05 9.98419E-05 9.98419E-05 9.98419E-05 9.98419E-05 9.98419E-05 0.104423 0.783208 9.98419E-05 9.98419E-05 9.98419E-05 9.98419E-05 9.98419E-05 0.105365 0.00520732 9.98419E-05 9.98419E-05 9.98419E-05 9.98419E-05 9.98419E-05
9.98247E-05 9.98247E-05 9.98247E-05 9.98247E-05 9.98247E-05 9.98247E-05 9.98247E-05 9.98247E-05 0.0313998 0.966604 9.98247E-05 9.98247E-05 9.98247E-05 9.98247E-05 9.98247E-05 9.98247E-05 9.98247E-05 9.98247E-05 9.98247E-05 9.98247E-05 9.98247E-05 9.98247E-05
9.98683E-05 0.0772123 9.98683E-05 0.0448931 0.00617318 9.98683E-05 9.98683E-05 9.98683E-05 9.98683E-05 0.704414 9.98683E-05 0.136806 9.98683E-05 9.98683E-05 9.98683E-05 9.98683E-05 0.0255916 9.98683E-05 9.98683E-05 0.00341191 9.98683E-05 9.98683E-05
9.98419E-05 9.98419E-05 9.98419E-05 9.98419E-05 9.98419E-05 9.98419E-05 9.98419E-05 9.98419E-05 0.201357 0.67936 9.98419E-05 9.98419E-05 9.98419E-05 9.98419E-05 9.98419E-05 9.98419E-05 0.0836623 9.98419E-05 0.0338234 9.98419E-05 9.98419E-05 9.98419E-05
9.9842E-05 0.491488 9.9842E-05 9.9842E-05 9.9842E-05 9.9842E-05 9.9842E-05 9.9842E-05 9.9842E-05 0.378643 9.9842E-05 9.9842E-05 9.9842E-05 9.9842E-05 9.9842E-05 9.9842E-05 0.125386 9.9842E-05 9.9842E-05 9.9842E-05 9.9842E-05 0.00268621
9.98422E-05 0.220774 9.98422E-05 9.98422E-05 9.98422E-05 9.98422E-05 9.98422E-05 9.98422E-05 0.0888527 0.678383 9.98422E-05 9.98422E-05 9.98422E-05 9.98422E-05 9.98422E-05 9.98422E-05 0.0101924 9.98422E-05 9.98422E-05 9.98422E-05 9.98422E-05 9.98422E-05
9.98335E-05 0.274144 9.98335E-05 9.98335E-05 9.98335E-05 9.98335E-05 9.98335E-05 9.98335E-05 9.98335E-05 0.700174 9.98335E-05 9.98335E-05 9.98335E-05 9.98335E-05 9.98335E-05 9.98335E-05 0.0237852 9.98335E-05 9.98335E-05 9.98335E-05 9.98335E-05 9.98335E-05
9.98335E-05 0.379911 9.98335E-05 9.98335E-05 9.98335E-05 9.98335E-05 9.98335E-05 9.98335E-05 9.98335E-05 0.581853 9.98335E-05 9.98335E-05 9.98335E-05 9.98335E-05 9.98335E-05 9.98335E-05 0.0363388 9.98335E-05 9.98335E-05 9.98335E-05 9.98335E-05 9.98335E-05
9.98596E-05 9.98596E-05 9.98596E-05 0.0523976 9.98596E-05 9.98596E-05 9.98596E-05 9.98596E-05 0.316232 0.560204 9.98596E-05 0.00971827 9.98596E-05 9.98596E-05 9.98596E-05 9.98596E-05 0.0410769 0.018773 9.98596E-05 9.98596E-05 9.98596E-05 9.98596E-05
9.98421E-05 9.98421E-05 9.98421E-05 9.98421E-05 9.98421E-05 0.0272223 9.98421E-05 9.98421E-05 9.98421E-05 0.752077 9.98421E-05 0.0663999 9.98421E-05 9.98421E-05 9.98421E-05 9.98421E-05 0.152503 9.98421E-05 9.98421E-05 9.98421E-05 9.98421E-05 9.98421E-05
9.98595E-05 0.525041 9.98595E-05 9.98595E-05 9.98595E-05 9.98595E-05 9.98595E-05 9.98595E-05 0.0684771 0.175284 9.98595E-05 0.00486016 9.98595E-05 9.98595E-05 9.98595E-05 9.98595E-05 0.151864 9.98595E-05 9.98595E-05 9.98595E-05 9.98595E-05 0.0728757
9.98597E-05 0.356233 9.98597E-05 9.98597E-05 9.98597E-05 9.98597E-05 9.98597E-05 0.0544746 0.0930592 0.427967 9.98597E-05 9.98597E-05 9.98597E-05 9.98597E-05 9.98597E-05 9.98597E-05 9.98597E-05 0.0205753 9.98597E-05 0.046093 9.98597E-05 9.98597E-05
9.98594E-05 9.98594E-05 9.98594E-05 9.98594E-05 9.98594E-05 9.98594E-05 9.98594E-05 9.98594E-05 9.98594E-05 0.495432 0.0187505 9.98594E-05 9.98594E-05 9.98594E-05 9.98594E-05 0.0466913 0.175606 0.150201 9.98594E-05 9.98594E-05 9.98594E-05 0.111722
9.98597E-05 9.98597E-05 0.232078 9.98597E-05 9.98597E-05 9.98597E-05 9.98597E-05 9.98597E-05 0.11038 0.476577 9.98597E-05 0.0483536 9.98597E-05 9.98597E-05 9.98597E-05 9.98597E-05 0.105373 9.98597E-05 0.0256411 9.98597E-05 9.98597E-05 9.98597E-05
9.98861E-05 0.0030746 9.98861E-05 9.98861E-05 9.98861E-05 9.98861E-05 9.98861E-05 9.98861E-05 0.0555139 0.56551 9.98861E-05 0.0340778 0.0279836 9.98861E-05 9.98861E-05 9.98861E-05 0.0698037 0.128207 0.0906391 9.98861E-05 0.0238926 9.98861E-05
9.98596E-05 9.98596E-05 9.98596E-05 9.98596E-05 9.98596E-05 9.98596E-05 9.98596E-05 9.98596E-05 0.20477 0.443987 9.98596E-05 9.98596E-05 9.98596E-05 9.98596E-05 9.98596E-05 0.10513 0.205452 9.98596E-05 9.98596E-05 0.00897969 9.98596E-05 0.0300838
9.98333E-05 0.475889 9.98333E-05 9.98333E-05 9.98333E-05 9.98333E-05 9.98333E-05 9.98333E-05 0.0334572 0.488757 9.98333E-05 9.98333E-05 9.98333E-05 9.98333E-05 9.98333E-05 9.98333E-05 9.98333E-05 9.98333E-05 9.98333E-05 9.98333E-05 9.98333E-05 9.98333E-05
9.98332E-05 9.98332E-05 9.98332E-05 9.98332E-05 9.98332E-05 9.98332E-05 0.171168 9.98332E-05 0.101559 0.725376 9.98332E-05 9.98332E-05 9.98332E-05 9.98332E-05 9.98332E-05 9.98332E-05 9.98332E-05 9.98332E-05 9.98332E-05 9.98332E-05 9.98332E-05 9.98332E-05
9.98421E-05 0.535869 9.98421E-05 9.98421E-05 9.98421E-05 9.98421E-05 9.98421E-05 9.98421E-05 9.98421E-05 0.292103 9.98421E-05 9.98421E-05 9.98421E-05 9.98421E-05 9.98421E-05 9.98421E-05 0.143912 9.98421E-05 9.98421E-05 0.0263189 9.98421E-05 9.98421E-05
9.9851E-05 0.1886 9.9851E-05 9.9851E-05 9.9851E-05 9.9851E-05 9.9851E-05 9.9851E-05 0.124936 0.572492 9.9851E-05 9.9851E-05 9.9851E-05 9.9851E-05 9.9851E-05 9.9851E-05 0.111051 9.9851E-05 9.9851E-05 0.00122442 9.9851E-05 9.9851E-05
9.98421E-05 9.98421E-05 9.98421E-05 9.98421E-05 0.0147483 9.98421E-05 9.98421E-05 9.98421E-05 9.98421E-05 0.860496 9.98421E-05 9.98421E-05 0.0636886 9.98421E-05 9.98421E-05 9.98421E-05 9.98421E-05 0.0592697 9.98421E-05 9.98421E-05 9.98421E-05 9.98421E-05
9.98419E-05 9.98419E-05 9.98419E-05 9.98419E-05 9.98419E-05 9.98419E-05 0.0203779 9.98419E-05 9.98419E-05 0.913712 9.98419E-05 9.98419E-05 9.98419E-05 9.98419E-05 9.98419E-05 9.98419E-05 9.98419E-05 9.98419E-05 0.0110983 0.053015 9.98419E-05 9.98419E-05
9.9842E-05 9.9842E-05 9.9842E-05 9.9842E-05 9.9842E-05 9.9842E-05 9.9842E-05 9.9842E-05 0.179429 0.446668 9.9842E-05 9.9842E-05 9.9842E-05 9.9842E-05 9.9842E-05 9.9842E-05 0.193234 0.178871 9.9842E-05 9.9842E-05 9.9842E-05 9.9842E-05
9.98333E-05 9.98333E-05 9.98333E-05 9.98333E-05 9.98333E-05 9.98333E-05 9.98333E-05 9.98333E-05 0.0729235 0.785964 9.98333E-05 9.98333E-05 9.98333E-05 9.98333E-05 9.98333E-05 9.98333E-05 0.139216 9.98333E-05 9.98333E-05 9.98333E-05 9.98333E-05 9.98333E-05
9.98419E-05 9.98419E-05 9.98419E-05 0.00693323 9.98419E-05 9.98419E-05 9.98419E-05 9.98419E-05 0.00531536 0.945926 9.98419E-05 9.98419E-05 9.98419E-05 9.98419E-05 9.98419E-05 9.98419E-05 0.0400282 9.98419E-05 9.98419E-05 9.98419E-05 9.98419E-05 9.98419E-05
9.98596E-05 9.98596E-05 9.98596E-05 0.0181848 9.98596E-05 9.98596E-05 0.0227929 9.98596E-05 0.0966067 0.718709 9.98596E-05 9.98596E-05 9.98596E-05 9.98596E-05 9.98596E-05 9.98596E-05 9.98596E-05 9.98596E-05 9.98596E-05 0.000126471 9.98596E-05 0.141982
9.98508E-05 0.128754 9.98508E-05 9.98508E-05 9.98508E-05 9.98508E-05 9.98508E-05 9.98508E-05 0.0194439 0.627311 9.98508E-05 9.98508E-05 9.98508E-05 9.98508E-05 9.98508E-05 9.98508E-05 0.176004 0.0467896 9.98508E-05 9.98508E-05 9.98508E-05 9.98508E-05
9.98155E-05 9.98155E-05 9.98155E-05 9.98155E-05 9.98155E-05 9.98155E-05 9.98155E-05 9.98155E-05 0.997904 9.98155E-05 9.98155E-05 9.98155E-05 9.98155E-05 9.98155E-05 9.98155E-05 9.98155E-05 9.98155E-05 9.98155E-05 9.98155E-05 9.98155E-05 9.98155E-05 9.98155E-05
9.98154E-05 9.98154E-05 9.98154E-05 9.98154E-05 9.98154E-05 9.98154E-05 9.98154E-05 9.98154E-05 9.98154E-05 9.98154E-05 9.98154E-05 9.98154E-05 9.98154E-05 9.98154E-05 9.98154E-05 9.98154E-05 0.997904 9.98154E-05 9.98154E-05 9.98154E-05 9.98154E-05 9.98154E-05
9.98154E-05 9.98154E-05 9.98154E-05 9.98154E-05 9.98154E-05 9.98154E-05 9.98154E-05 9.98154E-05 0.997904 9.98154E-05 9.98154E-05 9.98154E-05 9.98154E-05 9.98154E-05 9.98154E-05 9.98154E-05 9.98154E-05 9.98154E-05 9.98154E-05 9.98154E-05 9.98154E-05 9.98154E-05
9.98154E-05 9.98154E-05 9.98154E-05 9.98154E-05 9.98154E-05 9.98154E-05 9.98154E-05 9.98154E-05 9.98154E-05 9.98154E-05 9.98154E-05 9.98154E-05 9.98154E-05 9.98154E-05 9.98154E-05 9.98154E-05 0.997904 9.98154E-05 9.98154E-05 9.98154E-05 9.98154E-05 9.98154E-05
9.98154E-05 9.98154E-05 9.98154E-05 9.98154E-05 9.98154E-05 9.98154E-05 9.98154E-05 9.98154E-05 9.98154E-05 9.98154E-05 9.98154E-05 9.98154E-05 9.98154E-05 9.98154E-05 9.98154E-05 9.98154E-05 0.997904 9.98154E-05 9.98154E-05 9.98154E-05 9.98154E-05 9.98154E-05
9.98154E-05 9.98154E-05 9.98154E-05 9.98154E-05 9.98154E-05 9.98154E-05 9.98154E-05 9.98154E-05 9.98154E-05 9.98154E-05 9.98154E-05 9.98154E-05 9.98154E-05 9.98154E-05 9.98154E-05 9.98154E-05 0.997904 9.98154E-05 9.98154E-05 9.98154E-05 9.98154E-05 9.98154E-05
9.98153E-05 9.98153E-05 9.98153E-05 9.98153E-05 9.98153E-05 9.98153E-05 9.98153E-05 9.98153E-05 0.997904 9.98153E-05 9.98153E-05 9.98153E-05 9.98153E-05 9.98153E-05 9.98153E-05 9.98153E-05 9.98153E-05 9.98153E-05 9.98153E-05 9.98153E-05 9.98153E-05 9.98153E-05
9.98155E-05 9.98155E-05 9.98155E-05 9.98155E-05 9.98155E-05 9.98155E-05 9.98155E-05 9.98155E-05 9.98155E-05 9.98155E-05 9.98155E-05 9.98155E-05 9.98155E-05 9.98155E-05 9.98155E-05 9.98155E-05 0.997904 9.98155E-05 9.98155E-05 9.98155E-05 9.98155E-05 9.98155E-05
9.98154E-05 9.98154E-05 9.98154E-05 9.98154E-05 9.98154E-05 9.98154E-05 9.98154E-05 9.98154E-05 9.98154E-05 9.98154E-05 9.98154E-05 9.98154E-05 9.98154E-05 9.98154E-05 9.98154E-05 9.98154E-05 0.997904 9.98154E-05 9.98154E-05 9.98154E-05 9.98154E-05 9.98154E-05
9.98154E-05 9.98154E-05 9.98154E-05 9.98154E-05 9.98154E-05 9.98154E-05 9.98154E-05 9.98154E-05 0.997904 9.98154E-05 9.98154E-05 9.98154E-05 9.98154E-05 9.98154E-05 9.98154E-05 9.98154E-05 9.98154E-05 9.98154E-05 9.98154E-05 9.98154E-05 9.98154E-05 9.98154E-05
