0.424508 0.0204561 0.0513997 0.278834 9.99209E-05 0.0613181 0.0892381 9.99209E-05 9.99209E-05 9.99209E-05 9.99209E-05 9.99209E-05 0.0491788 9.99209E-05 0.0241677 9.99209E-05 9.99209E-05
0.181906 9.98859E-05 9.98859E-05 0.196449 9.98859E-05 9.98859E-05 0.115005 9.98859E-05 9.98859E-05 0.505342 9.98859E-05 9.98859E-05 9.98859E-05 9.98859E-05 9.98859E-05 9.98859E-05 9.98859E-05
9.98683E-05 9.98683E-05 9.98683E-05 9.98683E-05 0.0986152 9.98683E-05 9.98683E-05 9.98683E-05 9.98683E-05 0.899887 9.98683E-05 9.98683E-05 9.98683E-05 9.98683E-05 9.98683E-05 9.98683E-05 9.98683E-05
0.347959 9.9921E-05 0.0647988 9.9921E-05 0.0796037 0.161185 9.9921E-05 9.9921E-05 0.251566 9.9921E-05 0.0157248 9.9921E-05 9.9921E-05 0.00941768 9.9921E-05 0.0688455 9.9921E-05
0.408454 9.98772E-05 9.98772E-05 9.98772E-05 0.12679 9.98772E-05 9.98772E-05 9.98772E-05 9.98772E-05 0.463358 9.98772E-05 9.98772E-05 9.98772E-05 9.98772E-05 9.98772E-05 9.98772E-05 9.98772E-05
0.140713 9.9921E-05 9.9921E-05 0.213721 0.16626 9.9921E-05 0.0586759 9.9921E-05 0.0653312 0.0457966 0.17427 9.9921E-05 9.9921E-05 0.134333 9.9921E-05 9.9921E-05 9.9921E-05
0.347302 0.095982 9.9921E-05 0.0566276 9.9921E-05 0.121913 0.131037 9.9921E-05 0.118397 9.9921E-05 9.9921E-05 9.9921E-05 9.9921E-05 9.9921E-05 0.0294909 0.0983518 9.9921E-05
0.316315 9.99211E-05 9.99211E-05 0.025067 0.236799 0.108195 9.99211E-05 9.99211E-05 0.112566 9.99211E-05 9.99211E-05 9.99211E-05 0.0668717 0.128512 9.99211E-05 0.00477425 9.99211E-05
0.263898 9.99122E-05 0.251583 9.99122E-05 0.0035347 0.00860539 9.99122E-05 9.99122E-05 9.99122E-05 0.0416136 9.99122E-05 9.99122E-05 9.99122E-05 0.284986 0.14478 9.99122E-05 9.99122E-05
0.0495963 9.98771E-05 0.0360278 9.98771E-05 9.98771E-05 9.98771E-05 9.98771E-05 9.98771E-05 9.98771E-05 0.912978 9.98771E-05 9.98771E-05 9.98771E-05 9.98771E-05 9.98771E-05 9.98771E-05 9.98771E-05
0.6227 9.99034E-05 0.173712 0.0548813 9.99034E-05 0.0152789 9.99034E-05 9.99034E-05 9.99034E-05 9.99034E-05 9.99034E-05 9.99034E-05 9.99034E-05 0.00930082 9.99034E-05 0.123028 9.99034E-05
9.98772E-05 9.98772E-05 9.98772E-05 9.98772E-05 9.98772E-05 9.98772E-05 9.98772E-05 9.98772E-05 0.0147854 0.964021 9.98772E-05 9.98772E-05 9.98772E-05 9.98772E-05 9.98772E-05 0.0197955 9.98772E-05
0.920629 9.98771E-05 0.0535281 9.98771E-05 9.98771E-05 0.0244447 9.98771E-05 9.98771E-05 9.98771E-05 9.98771E-05 9.98771E-05 9.98771E-05 9.98771E-05 9.98771E-05 9.98771E-05 9.98771E-05 9.98771E-05
0.783895 0.00329228 0.0344574 9.99123E-05 9.99123E-05 9.99123E-05 9.99123E-05 0.0563415 9.99123E-05 9.99123E-05 0.0108061 0.054852 9.99123E-05 9.99123E-05 9.99123E-05 0.0553563 9.99123E-05
9.99122E-05 9.99122E-05 0.123185 0.205839 9.99122E-05 0.0324562 9.99122E-05 9.99122E-05 9.99122E-05 0.366951 0.0996258 9.99122E-05 9.99122E-05 0.147435 0.0235087 9.99122E-05 9.99122E-05
0.0811878 9.99297E-05 0.0434356 0.17981 9.99297E-05 9.99297E-05 9.99297E-05 9.99297E-05 0.277571 0.112913 0.0209374 9.99297E-05 0.0435003 0.180963 9.99297E-05 0.0588815 9.99297E-05
9.9921E-05 9.9921E-05 0.0284395 9.9921E-05 9.9921E-05 0.017017 0.167258 0.142872 0.0140864 0.556137 9.9921E-05 0.022797 9.9921E-05 9.9921E-05 9.9921E-05 0.0504946 9.9921E-05
0.22038 9.99298E-05 0.187699 0.127563 0.00595637 0.12298 9.99298E-05 9.99298E-05 9.99298E-05 9.99298E-05 9.99298E-05 9.99298E-05 0.127473 0.0315606 0.0467306 9.99298E-05 0.128858
0.0847915 9.99122E-05 0.164253 9.99122E-05 9.99122E-05 0.25203 9.99122E-05 9.99122E-05 0.0457898 0.272943 9.99122E-05 9.99122E-05 0.0717896 0.107404 9.99122E-05 9.99122E-05 9.99122E-05
0.511449 9.98771E-05 9.98771E-05 9.98771E-05 9.98771E-05 9.98771E-05 9.98771E-05 9.98771E-05 9.98771E-05 0.410149 9.98771E-05 9.98771E-05 9.98771E-05 9.98771E-05 9.98771E-05 9.98771E-05 0.0770036
0.531532 9.99122E-05 0.10299 9.99122E-05 0.110787 9.99122E-05 9.99122E-05 9.99122E-05 0.0376187 9.99122E-05 9.99122E-05 0.177838 9.99122E-05 9.99122E-05 0.0239648 0.0142705 9.99122E-05
9.98947E-05 9.98947E-05 9.98947E-05 9.98947E-05 0.147397 0.423213 9.98947E-05 9.98947E-05 0.0449769 0.239532 9.98947E-05 9.98947E-05 9.98947E-05 0.143682 9.98947E-05 9.98947E-05 9.98947E-05
0.596691 9.98947E-05 0.10615 0.213803 9.98947E-05 9.98947E-05 9.98947E-05 9.98947E-05 9.98947E-05 9.98947E-05 0.0726814 9.98947E-05 9.98947E-05 9.98947E-05 9.98947E-05 0.00947621 9.98947E-05
0.426137 9.98858E-05 0.212517 9.98858E-05 9.98858E-05 0.287771 9.98858E-05 9.98858E-05 9.98858E-05 9.98858E-05 9.98858E-05 9.98858E-05 9.98858E-05 9.98858E-05 0.0722769 9.98858E-05 9.98858E-05
0.272894 9.99297E-05 0.251545 9.99297E-05 9.99297E-05 0.095549 9.99297E-05 9.99297E-05 9.99297E-05 0.0183373 0.177924 9.99297E-05 9.99297E-05 0.0477212 0.021902 0.0143063 0.0990217
0.768551 9.99122E-05 0.137174 9.99122E-05 0.00804699 0.00220792 9.99122E-05 9.99122E-05 0.0052344 9.99122E-05 0.0700793 9.99122E-05 9.99122E-05 0.00770677 9.99122E-05 9.99122E-05 9.99122E-05
0.0670495 9.99034E-05 0.137142 9.99034E-05 9.99034E-05 0.436135 9.99034E-05 9.99034E-05 9.99034E-05 9.99034E-05 0.226292 0.0225061 0.109776 9.99034E-05 9.99034E-05 9.99034E-05 9.99034E-05
0.781174 9.9886E-05 0.0403955 9.9886E-05 9.9886E-05 0.128623 9.9886E-05 9.9886E-05 9.9886E-05 0.0485088 9.9886E-05 9.9886E-05 9.9886E-05 9.9886E-05 9.9886E-05 9.9886E-05 9.9886E-05
9.98947E-05 9.98947E-05 0.160573 0.130564 9.98947E-05 0.0638315 9.98947E-05 9.98947E-05 9.98947E-05 0.62998 9.98947E-05 9.98947E-05 9.98947E-05 9.98947E-05 0.0138535 9.98947E-05 9.98947E-05
0.124968 9.99035E-05 0.055853 9.99035E-05 9.99035E-05 9.99035E-05 9.99035E-05 0.0317645 9.99035E-05 0.72541 0.0233186 9.99035E-05 9.99035E-05 0.0375878 9.99035E-05 9.99035E-05 9.99035E-05
0.0309794 9.9921E-05 0.0250711 0.125988 9.9921E-05 0.0553593 9.9921E-05 9.9921E-05 9.9921E-05 0.621021 9.9921E-05 9.9921E-05 9.9921E-05 0.023628 9.9921E-05 0.115163 0.00189137
0.588322 0.0225903 0.0904293 9.99035E-05 9.99035E-05 9.99035E-05 9.99035E-05 9.99035E-05 0.037213 9.99035E-05 0.205653 9.99035E-05 9.99035E-05 9.99035E-05 9.99035E-05 0.0546936 9.99035E-05
0.635773 9.98946E-05 0.101511 9.98946E-05 9.98946E-05 0.146707 9.98946E-05 9.98946E-05 9.98946E-05 9.98946E-05 9.98946E-05 0.0327247 9.98946E-05 9.98946E-05 9.98946E-05 0.082085 9.98946E-05
9.9921E-05 0.0950958 0.0619216 9.9921E-05 9.9921E-05 0.118567 9.9921E-05 9.9921E-05 0.02759 0.578642 0.061643 9.9921E-05 0.0213793 9.9921E-05 9.9921E-05 0.034262 9.9921E-05
9.98948E-05 9.98948E-05 0.0450666 9.98948E-05 9.98948E-05 9.98948E-05 9.98948E-05 9.98948E-05 9.98948E-05 0.897761 9.98948E-05 9.98948E-05 9.98948E-05 0.0286125 9.98948E-05 0.023613 0.00374821
0.75953 9.9921E-05 0.0178541 9.9921E-05 9.9921E-05 0.0376334 0.0645991 9.9921E-05 0.0536178 9.9921E-05 9.9921E-05 9.9921E-05 9.9921E-05 0.00297108 0.0233889 0.0395058 9.9921E-05
0.95091 0.0458097 9.98772E-05 9.98772E-05 9.98772E-05 9.98772E-05 9.98772E-05 9.98772E-05 9.98772E-05 9.98772E-05 9.98772E-05 0.00188204 9.98772E-05 9.98772E-05 9.98772E-05 9.98772E-05 9.98772E-05
0.215292 9.99035E-05 0.0704504 9.99035E-05 9.99035E-05 9.99035E-05 0.0373171 9.99035E-05 9.99035E-05 0.478304 9.99035E-05 9.99035E-05 9.99035E-05 0.148092 9.99035E-05 9.99035E-05 0.0494449
9.99298E-05 9.99298E-05 0.162021 9.99298E-05 0.0222812 0.00165874 0.094201 0.0482915 9.99298E-05 0.607868 0.0261879 9.99298E-05 9.99298E-05 0.0144809 9.99298E-05 0.0222101 9.99298E-05
9.99034E-05 9.99034E-05 0.0364526 9.99034E-05 9.99034E-05 0.043062 9.99034E-05 9.99034E-05 9.99034E-05 0.561827 0.194954 0.161904 9.99034E-05 0.000701416 9.99034E-05 9.99034E-05 9.99034E-05
9.98947E-05 9.98947E-05 0.0339375 9.98947E-05 9.98947E-05 0.0872808 9.98947E-05 9.98947E-05 0.044612 0.793275 9.98947E-05 9.98947E-05 9.98947E-05 9.98947E-05 9.98947E-05 0.0396964 9.98947E-05
9.98948E-05 9.98948E-05 0.0323513 0.00661432 9.98948E-05 0.274722 9.98948E-05 9.98948E-05 9.98948E-05 0.603939 9.98948E-05 9.98948E-05 9.98948E-05 9.98948E-05 0.0811744 9.98948E-05 9.98948E-05
0.963712 9.98684E-05 9.98684E-05 9.98684E-05 9.98684E-05 9.98684E-05 9.98684E-05 0.0347903 9.98684E-05 9.98684E-05 9.98684E-05 9.98684E-05 9.98684E-05 9.98684E-05 9.98684E-05 9.98684E-05 9.98684E-05
9.99123E-05 9.99123E-05 0.0935785 0.210297 9.99123E-05 0.143785 9.99123E-05 9.99123E-05 9.99123E-05 0.338433 9.99123E-05 9.99123E-05 9.99123E-05 0.119442 0.0584424 0.0350245 9.99123E-05
0.0320723 9.98948E-05 0.155153 9.98948E-05 9.98948E-05 0.452037 9.98948E-05 9.98948E-05 0.130457 0.229082 9.98948E-05 9.98948E-05 9.98948E-05 9.98948E-05 9.98948E-05 9.98948E-05 9.98948E-05
9.98859E-05 9.98859E-05 9.98859E-05 9.98859E-05 9.98859E-05 9.98859E-05 9.98859E-05 9.98859E-05 0.0166525 0.784366 9.98859E-05 9.98859E-05 0.06222 9.98859E-05 9.98859E-05 9.98859E-05 0.135463
0.86766 9.98947E-05 0.069184 9.98947E-05 9.98947E-05 9.98947E-05 9.98947E-05 9.98947E-05 9.98947E-05 9.98947E-05 9.98947E-05 9.98947E-05 0.0132174 0.00890957 9.98947E-05 0.0398299 9.98947E-05
9.98771E-05 9.98771E-05 9.98771E-05 9.98771E-05 9.98771E-05 9.98771E-05 9.98771E-05 9.98771E-05 9.98771E-05 0.966805 9.98771E-05 0.00487578 9.98771E-05 9.98771E-05 9.98771E-05 9.98771E-05 0.026921
0.0376378 9.99122E-05 0.0872899 0.100121 9.99122E-05 0.137733 9.99122E-05 9.99122E-05 0.0199017 0.594151 9.99122E-05 9.99122E-05 9.99122E-05 9.99122E-05 9.99122E-05 0.0221669 9.99122E-05
0.0517584 0.16299 9.99125E-05 9.99125E-05 9.99125E-05 9.99125E-05 9.99125E-05 9.99125E-05 9.99125E-05 0.711563 0.0116758 9.99125E-05 0.011265 0.0177761 9.99125E-05 0.031973 9.99125E-05
0.373235 9.99297E-05 0.19842 0.0340138 9.99297E-05 0.0481806 9.99297E-05 9.99297E-05 0.0162144 9.99297E-05 0.148159 9.99297E-05 9.99297E-05 0.0396757 0.0228938 0.118408 9.99297E-05
0.595159 9.99035E-05 9.99035E-05 9.99035E-05 0.0327943 0.184066 9.99035E-05 9.99035E-05 9.99035E-05 0.0723613 9.99035E-05 9.99035E-05 9.99035E-05 9.99035E-05 0.0817279 9.99035E-05 0.0327932
9.98684E-05 9.98684E-05 9.98684E-05 9.98684E-05 9.98684E-05 9.98684E-05 9.98684E-05 9.98684E-05 9.98684E-05 0.978946 9.98684E-05 9.98684E-05 0.0195556 9.98684E-05 9.98684E-05 9.98684E-05 9.98684E-05
9.99299E-05 9.99299E-05 0.0873138 0.00346296 9.99299E-05 0.00287973 9.99299E-05 9.99299E-05 9.99299E-05 0.615909 9.99299E-05 0.157328 0.01616 0.0339198 9.99299E-05 0.0429469 0.0392795
9.99123E-05 9.99123E-05 0.123022 0.00487017 0.0301652 9.99123E-05 9.99123E-05 9.99123E-05 0.00757262 0.779515 9.99123E-05 0.0200093 9.99123E-05 9.99123E-05 0.033847 9.99123E-05 9.99123E-05
9.9886E-05 9.9886E-05 9.9886E-05 9.9886E-05 0.039219 9.9886E-05 9.9886E-05 9.9886E-05 9.9886E-05 0.721056 0.18257 9.9886E-05 9.9886E-05 9.9886E-05 9.9886E-05 9.9886E-05 0.0558567
0.32131 0.00366897 0.0398253 9.9921E-05 9.9921E-05 9.9921E-05 9.9921E-05 9.9921E-05 0.0196391 0.490323 9.9921E-05 9.9921E-05 0.0715839 0.00457371 9.9921E-05 0.0481776 9.9921E-05
0.906068 9.98772E-05 0.0275607 9.98772E-05 9.98772E-05 9.98772E-05 9.98772E-05 9.98772E-05 0.0649726 9.98772E-05 9.98772E-05 9.98772E-05 9.98772E-05 9.98772E-05 9.98772E-05 9.98772E-05 9.98772E-05
0.508629 0.0405915 9.99035E-05 9.99035E-05 9.99035E-05 9.99035E-05 0.0282641 9.99035E-05 9.99035E-05 0.412444 9.99035E-05 9.99035E-05 9.99035E-05 0.000421768 9.99035E-05 0.0085509 9.99035E-05
9.99122E-05 9.99122E-05 0.140815 0.765768 9.99122E-05 9.99122E-05 0.000235631 9.99122E-05 9.99122E-05 9.99122E-05 0.0188477 9.99122E-05 0.0054758 0.0473476 9.99122E-05 0.0205115 9.99122E-05
9.98598E-05 9.98598E-05 9.98598E-05 0.998402 9.98598E-05 9.98598E-05 9.98598E-05 9.98598E-05 9.98598E-05 9.98598E-05 9.98598E-05 9.98598E-05 9.98598E-05 9.98598E-05 9.98598E-05 9.98598E-05 9.98598E-05
9.98684E-05 9.98684E-05 9.98684E-05 0.958288 9.98684E-05 9.98684E-05 9.98684E-05 9.98684E-05 9.98684E-05 9.98684E-05 9.98684E-05 9.98684E-05 0.0402143 9.98684E-05 9.98684E-05 9.98684E-05 9.98684E-05
9.99035E-05 9.99035E-05 0.0703403 0.286378 9.99035E-05 9.99035E-05 0.25406 9.99035E-05 9.99035E-05 9.99035E-05 0.242046 9.99035E-05 0.00423699 0.14184 9.99035E-05 9.99035E-05 9.99035E-05
9.99209E-05 0.0306867 0.0153812 0.517311 9.99209E-05 0.121895 9.99209E-05 9.99209E-05 0.0322057 9.99209E-05 9.99209E-05 9.99209E-05 0.0567293 0.052439 9.99209E-05 9.99209E-05 0.172453
9.99032E-05 9.99032E-05 0.153122 0.652851 9.99032E-05 9.99032E-05 9.99032E-05 9.99032E-05 9.99032E-05 9.99032E-05 9.99032E-05 9.99032E-05 0.00733362 0.0710759 0.0746183 0.0398998 9.99032E-05
9.98857E-05 9.98857E-05 0.122114 0.602841 9.98857E-05 9.98857E-05 0.247306 9.98857E-05 9.98857E-05 9.98857E-05 9.98857E-05 9.98857E-05 9.98857E-05 9.98857E-05 9.98857E-05 0.0264407 9.98857E-05
9.99121E-05 0.0384678 0.0418674 0.435267 9.99121E-05 9.99121E-05 0.166515 9.99121E-05 9.99121E-05 9.99121E-05 0.0630633 9.99121E-05 0.152804 0.101017 9.99121E-05 9.99121E-05 9.99121E-05
9.98596E-05 9.98596E-05 9.98596E-05 0.998402 9.98596E-05 9.98596E-05 9.98596E-05 9.98596E-05 9.98596E-05 9.98596E-05 9.98596E-05 9.98596E-05 9.98596E-05 9.98596E-05 9.98596E-05 9.98596E-05 9.98596E-05
9.98682E-05 9.98682E-05 9.98682E-05 0.962314 9.98682E-05 9.98682E-05 9.98682E-05 9.98682E-05 9.98682E-05 9.98682E-05 9.98682E-05 9.98682E-05 9.98682E-05 9.98682E-05 9.98682E-05 0.0361881 9.98682E-05
9.98857E-05 9.98857E-05 0.270393 0.53114 9.98857E-05 9.98857E-05 9.98857E-05 9.98857E-05 9.98857E-05 9.98857E-05 9.98857E-05 9.98857E-05 9.98857E-05 0.0492161 9.98857E-05 0.147952 9.98857E-05
9.99297E-05 0.00674242 0.066517 0.514379 0.0160572 0.146779 0.0433055 9.99297E-05 0.0103549 9.99297E-05 9.99297E-05 0.135264 9.99297E-05 9.99297E-05 9.99297E-05 0.0598022 9.99297E-05
9.99208E-05 9.99208E-05 0.0524451 0.475423 0.0963592 9.99208E-05 9.99208E-05 9.99208E-05 9.99208E-05 9.99208E-05 0.122036 0.0187207 9.99208E-05 0.088516 9.99208E-05 0.0698552 0.0757462
9.98769E-05 9.98769E-05 0.179641 0.623011 9.98769E-05 0.19595 9.98769E-05 9.98769E-05 9.98769E-05 9.98769E-05 9.98769E-05 9.98769E-05 9.98769E-05 9.98769E-05 9.98769E-05 9.98769E-05 9.98769E-05
9.98861E-05 9.98861E-05 9.98861E-05 0.906443 9.98861E-05 9.98861E-05 9.98861E-05 9.98861E-05 9.98861E-05 9.98861E-05 0.0664312 0.0222248 9.98861E-05 9.98861E-05 9.98861E-05 0.0036028 9.98861E-05
9.9886E-05 9.9886E-05 9.9886E-05 0.918995 9.9886E-05 9.9886E-05 9.9886E-05 9.9886E-05 0.00691544 9.9886E-05 9.9886E-05 9.9886E-05 9.9886E-05 0.0336487 9.9886E-05 0.0391421 9.9886E-05
9.9912E-05 0.0681689 0.0190447 0.711437 0.0341315 9.9912E-05 9.9912E-05 9.9912E-05 0.0729027 9.9912E-05 0.092701 9.9912E-05 0.000614703 9.9912E-05 9.9912E-05 9.9912E-05 9.9912E-05
9.98945E-05 9.98945E-05 9.98945E-05 0.717766 9.98945E-05 0.020822 9.98945E-05 9.98945E-05 0.0733613 9.98945E-05 9.98945E-05 9.98945E-05 9.98945E-05 0.0535801 9.98945E-05 0.133272 9.98945E-05
9.98946E-05 9.98946E-05 9.98946E-05 0.803674 9.98946E-05 9.98946E-05 9.98946E-05 9.98946E-05 0.0491057 9.98946E-05 9.98946E-05 9.98946E-05 0.0811932 0.000603523 9.98946E-05 0.0642248 9.98946E-05
9.98945E-05 9.98945E-05 0.234515 0.604637 9.98945E-05 9.98945E-05 9.98945E-05 9.98945E-05 9.98945E-05 9.98945E-05 9.98945E-05 0.131642 0.00313128 9.98945E-05 9.98945E-05 9.98945E-05 0.024876
9.98686E-05 9.98686E-05 9.98686E-05 0.976161 9.98686E-05 9.98686E-05 9.98686E-05 0.0223413 9.98686E-05 9.98686E-05 9.98686E-05 9.98686E-05 9.98686E-05 9.98686E-05 9.98686E-05 9.98686E-05 9.98686E-05
9.98945E-05 9.98945E-05 0.0581526 0.651123 9.98945E-05 0.278119 0.0100642 9.98945E-05 0.00134165 9.98945E-05 9.98945E-05 9.98945E-05 9.98945E-05 9.98945E-05 9.98945E-05 9.98945E-05 9.98945E-05
9.99122E-05 9.99122E-05 0.0350737 0.601301 9.99122E-05 0.0394335 0.133763 9.99122E-05 9.99122E-05 9.99122E-05 0.183315 9.99122E-05 0.00430419 9.99122E-05 9.99122E-05 9.99122E-05 0.00181146
9.99034E-05 0.018244 9.99034E-05 0.620373 9.99034E-05 9.99034E-05 9.99034E-05 9.99034E-05 0.0973341 9.99034E-05 9.99034E-05 9.99034E-05 0.17647 0.00870276 0.0777776 9.99034E-05 9.99034E-05
9.98857E-05 9.98857E-05 0.0377565 0.767408 9.98857E-05 9.98857E-05 9.98857E-05 9.98857E-05 9.98857E-05 9.98857E-05 9.98857E-05 9.98857E-05 9.98857E-05 0.00286032 9.98857E-05 0.190677 9.98857E-05
9.98773E-05 9.98773E-05 9.98773E-05 0.941643 9.98773E-05 9.98773E-05 9.98773E-05 9.98773E-05 9.98773E-05 9.98773E-05 9.98773E-05 9.98773E-05 9.98773E-05 0.0524097 9.98773E-05 9.98773E-05 0.00454931
9.98597E-05 9.98597E-05 9.98597E-05 0.998402 9.98597E-05 9.98597E-05 9.98597E-05 9.98597E-05 9.98597E-05 9.98597E-05 9.98597E-05 9.98597E-05 9.98597E-05 9.98597E-05 9.98597E-05 9.98597E-05 9.98597E-05
9.98596E-05 9.98596E-05 9.98596E-05 0.998402 9.98596E-05 9.98596E-05 9.98596E-05 9.98596E-05 9.98596E-05 9.98596E-05 9.98596E-05 9.98596E-05 9.98596E-05 9.98596E-05 9.98596E-05 9.98596E-05 9.98596E-05
9.9886E-05 9.9886E-05 0.0198094 0.863806 9.9886E-05 9.9886E-05 9.9886E-05 9.9886E-05 9.9886E-05 9.9886E-05 9.9886E-05 9.9886E-05 0.109475 0.00561129 9.9886E-05 9.9886E-05 9.9886E-05
9.99035E-05 9.99035E-05 0.115233 0.655683 0.0380686 9.99035E-05 9.99035E-05 0.105333 9.99035E-05 9.99035E-05 9.99035E-05 0.0198024 9.99035E-05 0.0647807 9.99035E-05 9.99035E-05 9.99035E-05
9.98771E-05 9.98771E-05 0.0708694 9.98771E-05 9.98771E-05 9.98771E-05 9.98771E-05 9.98771E-05 9.98771E-05 9.98771E-05 0.806788 9.98771E-05 9.98771E-05 0.120944 9.98771E-05 9.98771E-05 9.98771E-05
9.98859E-05 9.98859E-05 0.0499408 9.98859E-05 9.98859E-05 9.98859E-05 9.98859E-05 0.429408 9.98859E-05 9.98859E-05 0.396276 9.98859E-05 9.98859E-05 0.123077 9.98859E-05 9.98859E-05 9.98859E-05
9.98771E-05 9.98771E-05 0.0446919 9.98771E-05 9.98771E-05 0.117738 9.98771E-05 9.98771E-05 9.98771E-05 9.98771E-05 0.836172 9.98771E-05 9.98771E-05 9.98771E-05 9.98771E-05 9.98771E-05 9.98771E-05
9.98944E-05 9.98944E-05 0.138868 9.98944E-05 9.98944E-05 9.98944E-05 9.98944E-05 9.98944E-05 9.98944E-05 9.98944E-05 0.81485 9.98944E-05 0.00308764 0.0402749 9.98944E-05 0.00172143 9.98944E-05
9.98769E-05 9.98769E-05 9.98769E-05 9.98769E-05 9.98769E-05 9.98769E-05 9.98769E-05 9.98769E-05 9.98769E-05 9.98769E-05 0.866519 9.98769E-05 9.98769E-05 0.10357 0.028513 9.98769E-05 9.98769E-05
9.98947E-05 9.98947E-05 0.15618 9.98947E-05 9.98947E-05 9.98947E-05 0.0375738 9.98947E-05 0.00646458 9.98947E-05 0.651476 9.98947E-05 9.98947E-05 0.147106 9.98947E-05 9.98947E-05 9.98947E-05
9.9886E-05 9.9886E-05 0.0771559 9.9886E-05 9.9886E-05 0.0173684 9.9886E-05 9.9886E-05 9.9886E-05 9.9886E-05 0.773486 9.9886E-05 9.9886E-05 0.130691 9.9886E-05 9.9886E-05 9.9886E-05
9.98683E-05 9.98683E-05 9.98683E-05 9.98683E-05 9.98683E-05 9.98683E-05 9.98683E-05 9.98683E-05 9.98683E-05 9.98683E-05 0.838464 9.98683E-05 9.98683E-05 0.160038 9.98683E-05 9.98683E-05 9.98683E-05
9.98857E-05 9.98857E-05 0.0136742 9.98857E-05 9.98857E-05 9.98857E-05 0.208917 9.98857E-05 9.98857E-05 9.98857E-05 0.431851 9.98857E-05 9.98857E-05 0.344259 9.98857E-05 9.98857E-05 9.98857E-05
9.98947E-05 9.98947E-05 0.20861 9.98947E-05 9.98947E-05 0.0822573 9.98947E-05 9.98947E-05 0.0339319 9.98947E-05 0.446014 9.98947E-05 9.98947E-05 0.227988 9.98947E-05 9.98947E-05 9.98947E-05
9.9886E-05 9.9886E-05 9.9886E-05 9.9886E-05 9.9886E-05 9.9886E-05 0.195399 0.220133 9.9886E-05 9.9886E-05 0.550016 9.9886E-05 9.9886E-05 0.0331534 9.9886E-05 9.9886E-05 9.9886E-05
9.98947E-05 9.98947E-05 0.0562619 9.98947E-05 9.98947E-05 9.98947E-05 0.172276 0.0529646 9.98947E-05 9.98947E-05 0.702339 9.98947E-05 9.98947E-05 9.98947E-05 9.98947E-05 0.0149594 9.98947E-05
9.98773E-05 9.98773E-05 9.98773E-05 9.98773E-05 9.98773E-05 9.98773E-05 9.98773E-05 0.00527747 9.98773E-05 9.98773E-05 0.923098 9.98773E-05 9.98773E-05 0.0702265 9.98773E-05 9.98773E-05 9.98773E-05
9.98861E-05 9.98861E-05 0.193839 9.98861E-05 9.98861E-05 9.98861E-05 9.98861E-05 0.0303449 9.98861E-05 9.98861E-05 0.639886 9.98861E-05 9.98861E-05 0.134631 9.98861E-05 9.98861E-05 9.98861E-05
9.98948E-05 9.98948E-05 9.98948E-05 9.98948E-05 9.98948E-05 9.98948E-05 9.98948E-05 0.0599136 9.98948E-05 9.98948E-05 0.574213 0.00930047 0.225025 0.130349 9.98948E-05 9.98948E-05 9.98948E-05
9.99035E-05 0.0553339 0.0918377 9.99035E-05 9.99035E-05 9.99035E-05 0.112956 9.99035E-05 9.99035E-05 9.99035E-05 0.670742 9.99035E-05 9.99035E-05 9.99035E-05 9.99035E-05 0.0592683 0.00876303
9.99035E-05 9.99035E-05 0.103283 9.99035E-05 9.99035E-05 9.99035E-05 0.230973 0.0174397 9.99035E-05 9.99035E-05 0.613265 9.99035E-05 9.99035E-05 0.0111222 9.99035E-05 9.99035E-05 0.0228182
0.0441885 0.0125461 9.99037E-05 9.99037E-05 0.0286754 0.0838897 9.99037E-05 9.99037E-05 9.99037E-05 9.99037E-05 0.688505 9.99037E-05 9.99037E-05 0.141097 9.99037E-05 9.99037E-05 9.99037E-05
9.98597E-05 9.98597E-05 9.98597E-05 9.98597E-05 9.98597E-05 9.98597E-05 9.98597E-05 9.98597E-05 9.98597E-05 9.98597E-05 0.998402 9.98597E-05 9.98597E-05 9.98597E-05 9.98597E-05 9.98597E-05 9.98597E-05
9.99034E-05 9.99034E-05 0.05899 0.0575639 9.99034E-05 9.99034E-05 9.99034E-05 0.121967 9.99034E-05 9.99034E-05 0.538236 9.99034E-05 9.99034E-05 0.114712 9.99034E-05 9.99034E-05 0.107432
9.98947E-05 9.98947E-05 0.0763366 9.98947E-05 0.0196804 9.98947E-05 0.111823 9.98947E-05 0.0198971 9.98947E-05 0.771064 9.98947E-05 9.98947E-05 9.98947E-05 9.98947E-05 9.98947E-05 9.98947E-05
9.98859E-05 9.98859E-05 9.98859E-05 9.98859E-05 9.98859E-05 9.98859E-05 9.98859E-05 9.98859E-05 9.98859E-05 9.98859E-05 0.935218 9.98859E-05 0.0275499 0.0258082 9.98859E-05 0.0101254 9.98859E-05
9.99034E-05 9.99034E-05 0.203073 9.99034E-05 9.99034E-05 9.99034E-05 0.0667166 9.99034E-05 9.99034E-05 9.99034E-05 0.523969 9.99034E-05 9.99034E-05 0.1495 0.0175039 9.99034E-05 0.0381379
9.98948E-05 9.98948E-05 0.0146645 9.98948E-05 9.98948E-05 9.98948E-05 9.98948E-05 0.0572245 9.98948E-05 9.98948E-05 0.783114 9.98948E-05 9.98948E-05 0.108423 0.0353746 9.98948E-05 9.98948E-05
9.99122E-05 9.99122E-05 0.228946 9.99122E-05 0.000732642 9.99122E-05 0.123525 9.99122E-05 9.99122E-05 9.99122E-05 0.336351 9.99122E-05 9.99122E-05 0.185509 0.0311794 9.99122E-05 0.0927582
9.98947E-05 9.98947E-05 0.197326 9.98947E-05 9.98947E-05 9.98947E-05 0.0592556 0.266235 9.98947E-05 9.98947E-05 0.326019 9.98947E-05 9.98947E-05 0.149965 9.98947E-05 9.98947E-05 9.98947E-05
9.99035E-05 0.0139235 0.112825 9.99035E-05 9.99035E-05 9.99035E-05 9.99035E-05 0.521119 9.99035E-05 9.99035E-05 0.193876 9.99035E-05 9.99035E-05 9.99035E-05 0.137134 9.99035E-05 0.0200237
9.98945E-05 9.98945E-05 0.0810504 9.98945E-05 0.0693942 9.98945E-05 9.98945E-05 9.98945E-05 0.0350697 9.98945E-05 0.72969 9.98945E-05 9.98945E-05 0.0835965 9.98945E-05 9.98945E-05 9.98945E-05
9.98772E-05 9.98772E-05 0.217979 9.98772E-05 9.98772E-05 9.98772E-05 9.98772E-05 9.98772E-05 9.98772E-05 9.98772E-05 0.520752 9.98772E-05 9.98772E-05 0.259871 9.98772E-05 9.98772E-05 9.98772E-05
9.98948E-05 9.98948E-05 0.0941268 9.98948E-05 9.98948E-05 9.98948E-05 9.98948E-05 0.0527944 9.98948E-05 9.98948E-05 0.740629 9.98948E-05 9.98948E-05 9.98948E-05 9.98948E-05 0.0418262 0.069425
9.98948E-05 9.98948E-05 0.165003 9.98948E-05 9.98948E-05 9.98948E-05 9.98948E-05 9.98948E-05 9.98948E-05 9.98948E-05 0.814901 0.00164018 9.98948E-05 0.0165667 9.98948E-05 0.000690801 9.98948E-05
9.98858E-05 9.98858E-05 0.017555 9.98858E-05 9.98858E-05 9.98858E-05 9.98858E-05 9.98858E-05 9.98858E-05 9.98858E-05 0.962595 0.0097506 9.98858E-05 9.98858E-05 9.98858E-05 9.98858E-05 0.00880096
9.98946E-05 9.98946E-05 0.130612 9.98946E-05 0.0150004 9.98946E-05 9.98946E-05 9.98946E-05 9.98946E-05 9.98946E-05 0.411434 9.98946E-05 9.98946E-05 0.284718 9.98946E-05 9.98946E-05 0.157036
9.98858E-05 9.98858E-05 0.0841713 9.98858E-05 9.98858E-05 0.155873 9.98858E-05 9.98858E-05 9.98858E-05 9.98858E-05 0.735468 9.98858E-05 9.98858E-05 0.0231891 9.98858E-05 9.98858E-05 9.98858E-05
9.98684E-05 9.98684E-05 0.0271986 9.98684E-05 9.98684E-05 9.98684E-05 9.98684E-05 9.98684E-05 9.98684E-05 9.98684E-05 0.971303 9.98684E-05 9.98684E-05 9.98684E-05 9.98684E-05 9.98684E-05 9.98684E-05
9.99035E-05 9.99035E-05 9.99035E-05 9.99035E-05 9.99035E-05 0.0392942 0.0405623 0.0963575 0.061005 9.99035E-05 0.737282 9.99035E-05 9.99035E-05 0.0244 9.99035E-05 9.99035E-05 9.99035E-05
9.9877E-05 9.9877E-05 0.142347 9.9877E-05 9.9877E-05 9.9877E-05 9.9877E-05 9.9877E-05 9.9877E-05 9.9877E-05 0.769153 9.9877E-05 9.9877E-05 0.0871013 9.9877E-05 9.9877E-05 9.9877E-05
9.98858E-05 9.98858E-05 9.98858E-05 9.98858E-05 0.0516067 9.98858E-05 9.98858E-05 0.549182 9.98858E-05 9.98858E-05 0.327544 9.98858E-05 9.98858E-05 0.0703694 9.98858E-05 9.98858E-05 9.98858E-05
9.9886E-05 9.9886E-05 0.0671261 9.9886E-05 9.9886E-05 9.9886E-05 9.9886E-05 0.214616 9.9886E-05 9.9886E-05 0.672944 9.9886E-05 9.9886E-05 0.0440155 9.9886E-05 9.9886E-05 9.9886E-05
9.98861E-05 9.98861E-05 9.98861E-05 9.98861E-05 0.0136157 9.98861E-05 9.98861E-05 0.216124 9.98861E-05 9.98861E-05 0.759086 0.00987505 9.98861E-05 9.98861E-05 9.98861E-05 9.98861E-05 9.98861E-05
9.98948E-05 9.98948E-05 9.98948E-05 9.98948E-05 9.98948E-05 9.98948E-05 9.98948E-05 0.37082 0.0240639 9.98948E-05 0.531485 9.98948E-05 0.015641 9.98948E-05 9.98948E-05 9.98948E-05 0.0567912
9.98857E-05 9.98857E-05 0.22279 9.98857E-05 9.98857E-05 9.98857E-05 0.175586 9.98857E-05 9.98857E-05 9.98857E-05 0.514487 9.98857E-05 9.98857E-05 0.0858387 9.98857E-05 9.98857E-05 9.98857E-05
9.98859E-05 9.98859E-05 9.98859E-05 9.98859E-05 0.00672283 0.023452 9.98859E-05 9.98859E-05 9.98859E-05 9.98859E-05 0.841336 9.98859E-05 9.98859E-05 0.127191 9.98859E-05 9.98859E-05 9.98859E-05
9.98947E-05 9.98947E-05 0.0565793 9.98947E-05 9.98947E-05 9.98947E-05 9.98947E-05 0.504765 9.98947E-05 9.98947E-05 0.20505 9.98947E-05 9.98947E-05 0.171069 9.98947E-05 9.98947E-05 0.0613387
9.98947E-05 9.98947E-05 9.98947E-05 9.98947E-05 9.98947E-05 9.98947E-05 9.98947E-05 0.3893 9.98947E-05 0.0960653 0.47242 9.98947E-05 9.98947E-05 9.98947E-05 0.00768746 0.0333281 9.98947E-05
9.98946E-05 9.98946E-05 9.98946E-05 9.98946E-05 9.98946E-05 0.0162952 0.155431 9.98946E-05 9.98946E-05 9.98946E-05 0.534094 9.98946E-05 9.98946E-05 0.180011 9.98946E-05 9.98946E-05 0.11297
9.99035E-05 9.99035E-05 0.0646426 0.207278 9.99035E-05 9.99035E-05 9.99035E-05 9.99035E-05 9.99035E-05 9.99035E-05 0.586412 9.99035E-05 0.00214339 0.118219 9.99035E-05 0.0202062 9.99035E-05
9.99211E-05 9.99211E-05 0.0446786 9.99211E-05 9.99211E-05 0.0683134 0.0495135 0.0803428 9.99211E-05 9.99211E-05 0.373713 0.0598894 9.99211E-05 0.177814 0.144836 9.99211E-05 9.99211E-05
9.98947E-05 9.98947E-05 0.197475 9.98947E-05 9.98947E-05 0.0574358 9.98947E-05 9.98947E-05 9.98947E-05 9.98947E-05 0.427101 9.98947E-05 9.98947E-05 0.269098 9.98947E-05 9.98947E-05 0.0476906
9.9886E-05 9.9886E-05 0.0602946 9.9886E-05 9.9886E-05 9.9886E-05 9.9886E-05 0.442107 9.9886E-05 9.9886E-05 0.484392 9.9886E-05 9.9886E-05 9.9886E-05 9.9886E-05 9.9886E-05 0.0119078
9.98858E-05 0.00581257 0.153931 9.98858E-05 9.98858E-05 9.98858E-05 9.98858E-05 9.98858E-05 0.179942 9.98858E-05 0.659016 9.98858E-05 9.98858E-05 9.98858E-05 9.98858E-05 9.98858E-05 9.98858E-05
9.99035E-05 9.99035E-05 0.0501373 0.0153046 9.99035E-05 9.99035E-05 0.0155069 0.459609 9.99035E-05 9.99035E-05 0.351499 9.99035E-05 9.99035E-05 0.106845 9.99035E-05 9.99035E-05 9.99035E-05
9.98948E-05 9.98948E-05 0.142772 9.98948E-05 9.98948E-05 9.98948E-05 9.98948E-05 0.164748 9.98948E-05 9.98948E-05 0.607971 9.98948E-05 9.98948E-05 0.067229 9.98948E-05 0.0160813 9.98948E-05
9.98771E-05 9.98771E-05 9.98771E-05 9.98771E-05 9.98771E-05 9.98771E-05 9.98771E-05 9.98771E-05 9.98771E-05 9.98771E-05 0.841396 0.10046 9.98771E-05 0.0567457 9.98771E-05 9.98771E-05 9.98771E-05
9.98858E-05 0.0075131 9.98858E-05 9.98858E-05 9.98858E-05 9.98858E-05 9.98858E-05 9.98858E-05 0.107219 9.98858E-05 0.881034 9.98858E-05 9.98858E-05 9.98858E-05 9.98858E-05 9.98858E-05 0.00293635
9.98858E-05 9.98858E-05 0.103443 9.98858E-05 9.98858E-05 9.98858E-05 0.216044 9.98858E-05 9.98858E-05 9.98858E-05 0.508492 9.98858E-05 9.98858E-05 0.170723 9.98858E-05 9.98858E-05 9.98858E-05
9.9877E-05 9.9877E-05 0.249121 9.9877E-05 9.9877E-05 9.9877E-05 9.9877E-05 9.9877E-05 9.9877E-05 9.9877E-05 0.682856 9.9877E-05 9.9877E-05 0.066624 9.9877E-05 9.9877E-05 9.9877E-05
9.98946E-05 9.98946E-05 9.98946E-05 9.98946E-05 9.98946E-05 9.98946E-05 9.98946E-05 9.98946E-05 9.98946E-05 9.98946E-05 0.921853 0.0284026 9.98946E-05 0.0148297 9.98946E-05 0.0318969 0.00181885
9.98859E-05 9.98859E-05 0.0800406 9.98859E-05 9.98859E-05 9.98859E-05 9.98859E-05 0.0187742 9.98859E-05 9.98859E-05 0.783783 9.98859E-05 9.98859E-05 9.98859E-05 9.98859E-05 9.98859E-05 0.116104
9.98947E-05 9.98947E-05 0.000832018 9.98947E-05 9.98947E-05 9.98947E-05 0.00312748 0.106304 9.98947E-05 9.98947E-05 0.722901 9.98947E-05 9.98947E-05 0.165636 9.98947E-05 9.98947E-05 9.98947E-05
9.98594E-05 9.98594E-05 0.998402 9.98594E-05 9.98594E-05 9.98594E-05 9.98594E-05 9.98594E-05 9.98594E-05 9.98594E-05 9.98594E-05 9.98594E-05 9.98594E-05 9.98594E-05 9.98594E-05 9.98594E-05 9.98594E-05
9.98593E-05 9.98593E-05 9.98593E-05 9.98593E-05 9.98593E-05 9.98593E-05 9.98593E-05 9.98593E-05 9.98593E-05 9.98593E-05 9.98593E-05 9.98593E-05 9.98593E-05 0.998402 9.98593E-05 9.98593E-05 9.98593E-05
9.98593E-05 9.98593E-05 0.998402 9.98593E-05 9.98593E-05 9.98593E-05 9.98593E-05 9.98593E-05 9.98593E-05 9.98593E-05 9.98593E-05 9.98593E-05 9.98593E-05 9.98593E-05 9.98593E-05 9.98593E-05 9.98593E-05
9.98593E-05 9.98593E-05 9.98593E-05 9.98593E-05 9.98593E-05 9.98593E-05 9.98593E-05 9.98593E-05 9.98593E-05 9.98593E-05 9.98593E-05 9.98593E-05 9.98593E-05 0.998402 9.98593E-05 9.98593E-05 9.98593E-05
9.98593E-05 9.98593E-05 9.98593E-05 9.98593E-05 9.98593E-05 9.98593E-05 9.98593E-05 9.98593E-05 9.98593E-05 9.98593E-05 9.98593E-05 9.98593E-05 9.98593E-05 0.998402 9.98593E-05 9.98593E-05 9.98593E-05
9.98593E-05 9.98593E-05 9.98593E-05 9.98593E-05 9.98593E-05 9.98593E-05 9.98593E-05 9.98593E-05 9.98593E-05 9.98593E-05 9.98593E-05 9.98593E-05 9.98593E-05 0.998402 9.98593E-05 9.98593E-05 9.98593E-05
9.98594E-05 9.98594E-05 0.998402 9.98594E-05 9.98594E-05 9.98594E-05 9.98594E-05 9.98594E-05 9.98594E-05 9.98594E-05 9.98594E-05 9.98594E-05 9.98594E-05 9.98594E-05 9.98594E-05 9.98594E-05 9.98594E-05
9.98594E-05 9.98594E-05 9.98594E-05 9.98594E-05 9.98594E-05 9.98594E-05 9.98594E-05 9.98594E-05 9.98594E-05 9.98594E-05 9.98594E-05 9.98594E-05 9.98594E-05 0.998402 9.98594E-05 9.98594E-05 9.98594E-05
9.98594E-05 9.98594E-05 9.98594E-05 9.98594E-05 9.98594E-05 9.98594E-05 9.98594E-05 9.98594E-05 9.98594E-05 9.98594E-05 9.98594E-05 9.98594E-05 9.98594E-05 0.998402 9.98594E-05 9.98594E-05 9.98594E-05
9.98592E-05 9.98592E-05 0.998402 9.98592E-05 9.98592E-05 9.98592E-05 9.98592E-05 9.98592E-05 9.98592E-05 9.98592E-05 9.98592E-05 9.98592E-05 9.98592E-05 9.98592E-05 9.98592E-05 9.98592E-05 9.98592E-05
9.98594E-05 9.98594E-05 0.998402 9.98594E-05 9.98594E-05 9.98594E-05 9.98594E-05 9.98594E-05 9.98594E-05 9.98594E-05 9.98594E-05 9.98594E-05 9.98594E-05 9.98594E-05 9.98594E-05 9.98594E-05 9.98594E-05
9.98593E-05 9.98593E-05 0.998402 9.98593E-05 9.98593E-05 9.98593E-05 9.98593E-05 9.98593E-05 9.98593E-05 9.98593E-05 9.98593E-05 9.98593E-05 9.98593E-05 9.98593E-05 9.98593E-05 9.98593E-05 9.98593E-05
9.98593E-05 9.98593E-05 9.98593E-05 9.98593E-05 9.98593E-05 9.98593E-05 9.98593E-05 9.98593E-05 9.98593E-05 9.98593E-05 9.98593E-05 9.98593E-05 9.98593E-05 0.998402 9.98593E-05 9.98593E-05 9.98593E-05
9.98594E-05 9.98594E-05 9.98594E-05 9.98594E-05 9.98594E-05 9.98594E-05 9.98594E-05 9.98594E-05 9.98594E-05 9.98594E-05 9.98594E-05 9.98594E-05 9.98594E-05 0.998402 9.98594E-05 9.98594E-05 9.98594E-05
9.98594E-05 9.98594E-05 0.998402 9.98594E-05 9.98594E-05 9.98594E-05 9.98594E-05 9.98594E-05 9.98594E-05 9.98594E-05 9.98594E-05 9.98594E-05 9.98594E-05 9.98594E-05 9.98594E-05 9.98594E-05 9.98594E-05
9.98593E-05 9.98593E-05 0.998402 9.98593E-05 9.98593E-05 9.98593E-05 9.98593E-05 9.98593E-05 9.98593E-05 9.98593E-05 9.98593E-05 9.98593E-05 9.98593E-05 9.98593E-05 9.98593E-05 9.98593E-05 9.98593E-05
9.99122E-05 0.0374616 0.131444 9.99122E-05 9.99122E-05 9.99122E-05 9.99122E-05 9.99122E-05 0.139907 9.99122E-05 0.598288 9.99122E-05 9.99122E-05 0.0409229 0.0393891 9.99122E-05 0.0115887
9.98593E-05 9.98593E-05 0.998402 9.98593E-05 9.98593E-05 9.98593E-05 9.98593E-05 9.98593E-05 9.98593E-05 9.98593E-05 9.98593E-05 9.98593E-05 9.98593E-05 9.98593E-05 9.98593E-05 9.98593E-05 9.98593E-05
9.98593E-05 9.98593E-05 9.98593E-05 9.98593E-05 9.98593E-05 9.98593E-05 9.98593E-05 9.98593E-05 9.98593E-05 9.98593E-05 9.98593E-05 9.98593E-05 9.98593E-05 0.998402 9.98593E-05 9.98593E-05 9.98593E-05
9.98592E-05 9.98592E-05 0.998402 9.98592E-05 9.98592E-05 9.98592E-05 9.98592E-05 9.98592E-05 9.98592E-05 9.98592E-05 9.98592E-05 9.98592E-05 9.98592E-05 9.98592E-05 9.98592E-05 9.98592E-05 9.98592E-05
9.98594E-05 9.98594E-05 0.998402 9.98594E-05 9.98594E-05 9.98594E-05 9.98594E-05 9.98594E-05 9.98594E-05 9.98594E-05 9.98594E-05 9.98594E-05 9.98594E-05 9.98594E-05 9.98594E-05 9.98594E-05 9.98594E-05
9.98593E-05 9.98593E-05 0.998402 9.98593E-05 9.98593E-05 9.98593E-05 9.98593E-05 9.98593E-05 9.98593E-05 9.98593E-05 9.98593E-05 9.98593E-05 9.98593E-05 9.98593E-05 9.98593E-05 9.98593E-05 9.98593E-05
9.98593E-05 9.98593E-05 9.98593E-05 9.98593E-05 9.98593E-05 9.98593E-05 9.98593E-05 9.98593E-05 9.98593E-05 9.98593E-05 9.98593E-05 9.98593E-05 9.98593E-05 0.998402 9.98593E-05 9.98593E-05 9.98593E-05
9.98593E-05 9.98593E-05 0.998402 9.98593E-05 9.98593E-05 9.98593E-05 9.98593E-05 9.98593E-05 9.98593E-05 9.98593E-05 9.98593E-05 9.98593E-05 9.98593E-05 9.98593E-05 9.98593E-05 9.98593E-05 9.98593E-05
9.98593E-05 9.98593E-05 9.98593E-05 9.98593E-05 9.98593E-05 9.98593E-05 9.98593E-05 9.98593E-05 9.98593E-05 9.98593E-05 9.98593E-05 9.98593E-05 9.98593E-05 0.998402 9.98593E-05 9.98593E-05 9.98593E-05
9.98594E-05 9.98594E-05 0.998402 9.98594E-05 9.98594E-05 9.98594E-05 9.98594E-05 9.98594E-05 9.98594E-05 9.98594E-05 9.98594E-05 9.98594E-05 9.98594E-05 9.98594E-05 9.98594E-05 9.98594E-05 9.98594E-05
9.98592E-05 9.98592E-05 0.998402 9.98592E-05 9.98592E-05 9.98592E-05 9.98592E-05 9.98592E-05 9.98592E-05 9.98592E-05 9.98592E-05 9.98592E-05 9.98592E-05 9.98592E-05 9.98592E-05 9.98592E-05 9.98592E-05
9.98592E-05 9.98592E-05 9.98592E-05 9.98592E-05 9.98592E-05 9.98592E-05 9.98592E-05 9.98592E-05 9.98592E-05 9.98592E-05 9.98592E-05 9.98592E-05 9.98592E-05 0.998402 9.98592E-05 9.98592E-05 9.98592E-05
9.98593E-05 9.98593E-05 9.98593E-05 9.98593E-05 9.98593E-05 9.98593E-05 9.98593E-05 9.98593E-05 9.98593E-05 9.98593E-05 9.98593E-05 9.98593E-05 9.98593E-05 0.998402 9.98593E-05 9.98593E-05 9.98593E-05
9.98593E-05 9.98593E-05 9.98593E-05 9.98593E-05 9.98593E-05 9.98593E-05 9.98593E-05 9.98593E-05 9.98593E-05 9.98593E-05 9.98593E-05 9.98593E-05 9.98593E-05 0.998402 9.98593E-05 9.98593E-05 9.98593E-05
9.98594E-05 9.98594E-05 0.998402 9.98594E-05 9.98594E-05 9.98594E-05 9.98594E-05 9.98594E-05 9.98594E-05 9.98594E-05 9.98594E-05 9.98594E-05 9.98594E-05 9.98594E-05 9.98594E-05 9.98594E-05 9.98594E-05
9.98593E-05 9.98593E-05 0.998402 9.98593E-05 9.98593E-05 9.98593E-05 9.98593E-05 9.98593E-05 9.98593E-05 9.98593E-05 9.98593E-05 9.98593E-05 9.98593E-05 9.98593E-05 9.98593E-05 9.98593E-05 9.98593E-05
9.98593E-05 9.98593E-05 0.998402 9.98593E-05 9.98593E-05 9.98593E-05 9.98593E-05 9.98593E-05 9.98593E-05 9.98593E-05 9.98593E-05 9.98593E-05 9.98593E-05 9.98593E-05 9.98593E-05 9.98593E-05 9.98593E-05
9.98592E-05 9.98592E-05 0.998402 9.98592E-05 9.98592E-05 9.98592E-05 9.98592E-05 9.98592E-05 9.98592E-05 9.98592E-05 9.98592E-05 9.98592E-05 9.98592E-05 9.98592E-05 9.98592E-05 9.98592E-05 9.98592E-05
9.98593E-05 9.98593E-05 0.998402 9.98593E-05 9.98593E-05 9.98593E-05 9.98593E-05 9.98593E-05 9.98593E-05 9.98593E-05 9.98593E-05 9.98593E-05 9.98593E-05 9.98593E-05 9.98593E-05 9.98593E-05 9.98593E-05
9.98593E-05 9.98593E-05 9.98593E-05 9.98593E-05 9.98593E-05 9.98593E-05 9.98593E-05 9.98593E-05 9.98593E-05 9.98593E-05 9.98593E-05 9.98593E-05 9.98593E-05 0.998402 9.98593E-05 9.98593E-05 9.98593E-05
9.98593E-05 9.98593E-05 9.98593E-05 9.98593E-05 9.98593E-05 9.98593E-05 9.98593E-05 9.98593E-05 9.98593E-05 9.98593E-05 9.98593E-05 9.98593E-05 9.98593E-05 0.998402 9.98593E-05 9.98593E-05 9.98593E-05
9.98592E-05 9.98592E-05 9.98592E-05 9.98592E-05 9.98592E-05 9.98592E-05 9.98592E-05 9.98592E-05 9.98592E-05 9.98592E-05 9.98592E-05 9.98592E-05 9.98592E-05 0.998402 9.98592E-05 9.98592E-05 9.98592E-05
9.98593E-05 9.98593E-05 0.998402 9.98593E-05 9.98593E-05 9.98593E-05 9.98593E-05 9.98593E-05 9.98593E-05 9.98593E-05 9.98593E-05 9.98593E-05 9.98593E-05 9.98593E-05 9.98593E-05 9.98593E-05 9.98593E-05
9.98593E-05 9.98593E-05 9.98593E-05 9.98593E-05 9.98593E-05 9.98593E-05 9.98593E-05 9.98593E-05 9.98593E-05 9.98593E-05 9.98593E-05 9.98593E-05 9.98593E-05 0.998402 9.98593E-05 9.98593E-05 9.98593E-05
9.98593E-05 9.98593E-05 9.98593E-05 9.98593E-05 9.98593E-05 9.98593E-05 9.98593E-05 9.98593E-05 9.98593E-05 9.98593E-05 9.98593E-05 9.98593E-05 9.98593E-05 0.998402 9.98593E-05 9.98593E-05 9.98593E-05
9.98592E-05 9.98592E-05 9.98592E-05 9.98592E-05 9.98592E-05 9.98592E-05 9.98592E-05 9.98592E-05 9.98592E-05 9.98592E-05 9.98592E-05 9.98592E-05 9.98592E-05 0.998402 9.98592E-05 9.98592E-05 9.98592E-05
9.98593E-05 9.98593E-05 9.98593E-05 9.98593E-05 9.98593E-05 9.98593E-05 9.98593E-05 9.98593E-05 9.98593E-05 9.98593E-05 9.98593E-05 9.98593E-05 9.98593E-05 0.998402 9.98593E-05 9.98593E-05 9.98593E-05
9.98592E-05 9.98592E-05 0.998402 9.98592E-05 9.98592E-05 9.98592E-05 9.98592E-05 9.98592E-05 9.98592E-05 9.98592E-05 9.98592E-05 9.98592E-05 9.98592E-05 9.98592E-05 9.98592E-05 9.98592E-05 9.98592E-05
9.98593E-05 9.98593E-05 9.98593E-05 9.98593E-05 9.98593E-05 9.98593E-05 9.98593E-05 9.98593E-05 9.98593E-05 9.98593E-05 9.98593E-05 9.98593E-05 9.98593E-05 0.998402 9.98593E-05 9.98593E-05 9.98593E-05
9.98593E-05 9.98593E-05 9.98593E-05 9.98593E-05 9.98593E-05 9.98593E-05 9.98593E-05 9.98593E-05 9.98593E-05 9.98593E-05 9.98593E-05 9.98593E-05 9.98593E-05 0.998402 9.98593E-05 9.98593E-05 9.98593E-05
9.99034E-05 9.99034E-05 0.152547 9.99034E-05 9.99034E-05 9.99034E-05 0.0121508 9.99034E-05 0.116676 9.99034E-05 0.5978 9.99034E-05 9.99034E-05 0.0558084 0.0639186 9.99034E-05 9.99034E-05
9.98593E-05 9.98593E-05 0.998402 9.98593E-05 9.98593E-05 9.98593E-05 9.98593E-05 9.98593E-05 9.98593E-05 9.98593E-05 9.98593E-05 9.98593E-05 9.98593E-05 9.98593E-05 9.98593E-05 9.98593E-05 9.98593E-05
9.98594E-05 9.98594E-05 9.98594E-05 9.98594E-05 9.98594E-05 9.98594E-05 9.98594E-05 9.98594E-05 9.98594E-05 9.98594E-05 9.98594E-05 9.98594E-05 9.98594E-05 0.998402 9.98594E-05 9.98594E-05 9.98594E-05
9.98594E-05 9.98594E-05 9.98594E-05 9.98594E-05 9.98594E-05 9.98594E-05 9.98594E-05 9.98594E-05 9.98594E-05 9.98594E-05 9.98594E-05 9.98594E-05 9.98594E-05 0.998402 9.98594E-05 9.98594E-05 9.98594E-05
9.98593E-05 9.98593E-05 9.98593E-05 9.98593E-05 9.98593E-05 9.98593E-05 9.98593E-05 9.98593E-05 9.98593E-05 9.98593E-05 9.98593E-05 9.98593E-05 9.98593E-05 0.998402 9.98593E-05 9.98593E-05 9.98593E-05
9.98593E-05 9.98593E-05 9.98593E-05 9.98593E-05 9.98593E-05 9.98593E-05 9.98593E-05 9.98593E-05 9.98593E-05 9.98593E-05 9.98593E-05 9.98593E-05 9.98593E-05 0.998402 9.98593E-05 9.98593E-05 9.98593E-05
9.98593E-05 9.98593E-05 0.998402 9.98593E-05 9.98593E-05 9.98593E-05 9.98593E-05 9.98593E-05 9.98593E-05 9.98593E-05 9.98593E-05 9.98593E-05 9.98593E-05 9.98593E-05 9.98593E-05 9.98593E-05 9.98593E-05
9.98594E-05 9.98594E-05 9.98594E-05 9.98594E-05 9.98594E-05 9.98594E-05 9.98594E-05 9.98594E-05 9.98594E-05 9.98594E-05 9.98594E-05 9.98594E-05 9.98594E-05 0.998402 9.98594E-05 9.98594E-05 9.98594E-05
9.98592E-05 9.98592E-05 0.998402 9.98592E-05 9.98592E-05 9.98592E-05 9.98592E-05 9.98592E-05 9.98592E-05 9.98592E-05 9.98592E-05 9.98592E-05 9.98592E-05 9.98592E-05 9.98592E-05 9.98592E-05 9.98592E-05
9.98594E-05 9.98594E-05 9.98594E-05 9.98594E-05 9.98594E-05 9.98594E-05 9.98594E-05 9.98594E-05 9.98594E-05 9.98594E-05 9.98594E-05 9.98594E-05 9.98594E-05 0.998402 9.98594E-05 9.98594E-05 9.98594E-05
9.98594E-05 9.98594E-05 0.998402 9.98594E-05 9.98594E-05 9.98594E-05 9.98594E-05 9.98594E-05 9.98594E-05 9.98594E-05 9.98594E-05 9.98594E-05 9.98594E-05 9.98594E-05 9.98594E-05 9.98594E-05 9.98594E-05
9.98593E-05 9.98593E-05 9.98593E-05 9.98593E-05 9.98593E-05 9.98593E-05 9.98593E-05 9.98593E-05 9.98593E-05 9.98593E-05 9.98593E-05 9.98593E-05 9.98593E-05 0.998402 9.98593E-05 9.98593E-05 9.98593E-05
