0.212294 0.0122957 9.98684E-05 9.98684E-05 9.98684E-05 0.0173975 0.0591289 0.408553 9.98684E-05 9.98684E-05 9.98684E-05 9.98684E-05 0.154542 9.98684E-05 9.98684E-05 9.98684E-05 0.134291 9.98684E-05 9.98684E-05 9.98684E-05 9.98684E-05 9.98684E-05
0.0113553 9.98421E-05 9.98421E-05 9.98421E-05 9.98421E-05 0.154434 9.98421E-05 0.64519 9.98421E-05 9.98421E-05 9.98421E-05 9.98421E-05 0.187223 9.98421E-05 9.98421E-05 9.98421E-05 9.98421E-05 9.98421E-05 9.98421E-05 9.98421E-05 9.98421E-05 9.98421E-05
0.00439235 9.98684E-05 9.98684E-05 9.98684E-05 0.01648 9.98684E-05 9.98684E-05 0.900106 9.98684E-05 9.98684E-05 9.98684E-05 9.98684E-05 9.98684E-05 9.98684E-05 9.98684E-05 0.0105561 0.0262135 0.0282901 9.98684E-05 9.98684E-05 9.98684E-05 0.0124636
0.142193 0.26767 0.00590926 9.98772E-05 0.135743 9.98772E-05 0.0908396 0.214338 9.98772E-05 9.98772E-05 9.98772E-05 9.98772E-05 9.98772E-05 9.98772E-05 9.98772E-05 9.98772E-05 9.98772E-05 9.98772E-05 0.134107 9.98772E-05 0.00780215 9.98772E-05
9.98421E-05 9.98421E-05 9.98421E-05 9.98421E-05 0.120424 9.98421E-05 9.98421E-05 0.800516 9.98421E-05 9.98421E-05 9.98421E-05 9.98421E-05 9.98421E-05 9.98421E-05 9.98421E-05 9.98421E-05 9.98421E-05 9.98421E-05 0.072051 9.98421E-05 0.00521191 9.98421E-05
9.98597E-05 9.98597E-05 9.98597E-05 9.98597E-05 0.220506 9.98597E-05 9.98597E-05 0.18931 9.98597E-05 9.98597E-05 9.98597E-05 9.98597E-05 0.247534 0.116873 9.98597E-05 9.98597E-05 9.98597E-05 0.0289287 9.98597E-05 9.98597E-05 0.195251 9.98597E-05
0.108546 9.9886E-05 9.9886E-05 0.0917699 9.9886E-05 0.087622 0.174313 0.220236 9.9886E-05 9.9886E-05 9.9886E-05 9.9886E-05 0.188077 9.9886E-05 9.9886E-05 0.119588 0.00537776 0.0031717 9.9886E-05 9.9886E-05 9.9886E-05 9.9886E-05
0.137636 9.98948E-05 9.98948E-05 9.98948E-05 0.01149 9.98948E-05 9.98948E-05 0.193138 9.98948E-05 0.165348 9.98948E-05 9.98948E-05 0.0881583 0.155799 0.0590852 9.98948E-05 9.98948E-05 0.0957984 0.0634868 9.98948E-05 0.0288617 9.98948E-05
9.98509E-05 9.98509E-05 9.98509E-05 9.98509E-05 9.98509E-05 9.98509E-05 9.98509E-05 0.235349 9.98509E-05 9.98509E-05 9.98509E-05 9.98509E-05 9.98509E-05 0.201015 9.98509E-05 0.168062 0.273433 9.98509E-05 0.120444 9.98509E-05 9.98509E-05 9.98509E-05
9.98332E-05 9.98332E-05 9.98332E-05 9.98332E-05 9.98332E-05 9.98332E-05 9.98332E-05 0.911077 9.98332E-05 9.98332E-05 9.98332E-05 9.98332E-05 9.98332E-05 9.98332E-05 0.00112181 9.98332E-05 0.0859047 9.98332E-05 9.98332E-05 9.98332E-05 9.98332E-05 9.98332E-05
0.116805 9.98685E-05 9.98685E-05 9.98685E-05 9.98685E-05 9.98685E-05 0.0831967 0.503438 9.98685E-05 9.98685E-05 0.0277838 9.98685E-05 0.0375425 9.98685E-05 9.98685E-05 0.0430213 0.186715 9.98685E-05 9.98685E-05 9.98685E-05 9.98685E-05 9.98685E-05
9.98597E-05 9.98597E-05 9.98597E-05 9.98597E-05 9.98597E-05 9.98597E-05 0.0187818 0.892398 0.00981622 9.98597E-05 9.98597E-05 9.98597E-05 9.98597E-05 0.0387845 9.98597E-05 9.98597E-05 9.98597E-05 9.98597E-05 9.98597E-05 0.0117181 0.0269037 9.98597E-05
0.155547 9.98332E-05 9.98332E-05 9.98332E-05 9.98332E-05 9.98332E-05 9.98332E-05 0.746866 9.98332E-05 9.98332E-05 9.98332E-05 9.98332E-05 9.98332E-05 9.98332E-05 9.98332E-05 9.98332E-05 0.0956898 9.98332E-05 9.98332E-05 9.98332E-05 9.98332E-05 9.98332E-05
0.0222093 9.98947E-05 9.98947E-05 0.0175233 9.98947E-05 9.98947E-05 0.0764025 0.567653 0.0182806 9.98947E-05 0.141075 0.0733979 9.98947E-05 9.98947E-05 9.98947E-05 9.98947E-05 0.0515668 0.00579347 9.98947E-05 0.0248995 9.98947E-05 9.98947E-05
0.016438 9.98771E-05 9.98771E-05 9.98771E-05 0.104367 9.98771E-05 9.98771E-05 0.246013 0.0634369 9.98771E-05 9.98771E-05 9.98771E-05 0.263524 0.132189 9.98771E-05 9.98771E-05 0.12923 9.98771E-05 9.98771E-05 9.98771E-05 9.98771E-05 0.0434038
0.00804252 9.99035E-05 9.99035E-05 9.99035E-05 0.0465531 9.99035E-05 9.99035E-05 0.156179 0.0285663 0.0348249 9.99035E-05 9.99035E-05 0.150242 0.133698 9.99035E-05 9.99035E-05 0.148625 9.99035E-05 0.131596 0.141491 0.0190829 9.99035E-05
0.0984947 0.0527456 9.99123E-05 9.99123E-05 9.99123E-05 0.0064554 0.0575414 0.476295 0.00469623 0.00613625 9.99123E-05 0.143701 9.99123E-05 9.99123E-05 9.99123E-05 9.99123E-05 0.0790923 9.99123E-05 0.00707981 0.0244252 9.99123E-05 0.0423384
0.148283 9.98772E-05 0.138031 9.98772E-05 9.98772E-05 9.98772E-05 9.98772E-05 0.17507 9.98772E-05 9.98772E-05 9.98772E-05 9.98772E-05 0.220305 0.0112389 0.107725 9.98772E-05 0.142836 9.98772E-05 0.0551132 9.98772E-05 9.98772E-05 9.98772E-05
0.15595 9.98684E-05 9.98684E-05 9.98684E-05 9.98684E-05 9.98684E-05 0.00936633 0.322455 0.0450932 9.98684E-05 9.98684E-05 9.98684E-05 9.98684E-05 0.106306 9.98684E-05 9.98684E-05 0.168026 9.98684E-05 9.98684E-05 9.98684E-05 0.191305 9.98684E-05
9.98508E-05 9.98508E-05 0.0742093 9.98508E-05 9.98508E-05 9.98508E-05 9.98508E-05 0.859677 9.98508E-05 9.98508E-05 9.98508E-05 9.98508E-05 9.98508E-05 0.0188854 9.98508E-05 9.98508E-05 0.0399019 9.98508E-05 9.98508E-05 9.98508E-05 0.00562917 9.98508E-05
9.98859E-05 9.98859E-05 9.98859E-05 9.98859E-05 9.98859E-05 9.98859E-05 0.0318966 0.472971 9.98859E-05 9.98859E-05 0.0613786 9.98859E-05 9.98859E-05 0.0644085 0.00825563 0.0406505 0.0105293 9.98859E-05 0.252414 0.0561971 9.98859E-05 9.98859E-05
0.339486 9.98597E-05 9.98597E-05 9.98597E-05 9.98597E-05 9.98597E-05 9.98597E-05 0.259714 0.0586565 9.98597E-05 9.98597E-05 9.98597E-05 9.98597E-05 0.144467 9.98597E-05 9.98597E-05 9.98597E-05 0.0703638 9.98597E-05 9.98597E-05 0.125715 9.98597E-05
9.98598E-05 9.98598E-05 9.98598E-05 9.98598E-05 0.123463 9.98598E-05 0.0231952 0.629477 9.98598E-05 9.98598E-05 9.98598E-05 9.98598E-05 0.120833 9.98598E-05 0.0124584 9.98598E-05 0.088975 9.98598E-05 9.98598E-05 9.98598E-05 9.98598E-05 9.98598E-05
0.378316 9.98421E-05 9.98421E-05 9.98421E-05 9.98421E-05 9.98421E-05 9.98421E-05 0.323183 9.98421E-05 9.98421E-05 9.98421E-05 9.98421E-05 9.98421E-05 9.98421E-05 9.98421E-05 0.0780591 0.218644 9.98421E-05 9.98421E-05 9.98421E-05 9.98421E-05 9.98421E-05
0.0904294 9.98859E-05 0.102031 9.98859E-05 9.98859E-05 9.98859E-05 0.000759847 0.208868 0.117287 9.98859E-05 0.146563 9.98859E-05 9.98859E-05 0.0401589 9.98859E-05 0.0403717 0.252232 9.98859E-05 9.98859E-05 9.98859E-05 9.98859E-05 9.98859E-05
0.077614 0.0436205 9.98684E-05 9.98684E-05 0.0855372 9.98684E-05 9.98684E-05 0.702381 9.98684E-05 9.98684E-05 9.98684E-05 9.98684E-05 9.98684E-05 0.00444101 9.98684E-05 9.98684E-05 0.0766663 9.98684E-05 9.98684E-05 9.98684E-05 9.98684E-05 0.00824237
0.374847 0.000201566 9.98683E-05 9.98683E-05 0.225754 9.98683E-05 9.98683E-05 9.98683E-05 9.98683E-05 9.98683E-05 0.166335 9.98683E-05 9.98683E-05 9.98683E-05 0.127549 9.98683E-05 0.0428386 9.98683E-05 9.98683E-05 0.0609758 9.98683E-05 9.98683E-05
0.0422035 9.98597E-05 9.98597E-05 9.98597E-05 9.98597E-05 9.98597E-05 9.98597E-05 0.706169 9.98597E-05 9.98597E-05 0.14334 9.98597E-05 9.98597E-05 9.98597E-05 0.00796886 0.0837841 9.98597E-05 9.98597E-05 9.98597E-05 0.0149361 9.98597E-05 9.98597E-05
0.122138 9.98596E-05 9.98596E-05 9.98596E-05 9.98596E-05 9.98596E-05 9.98596E-05 0.477517 9.98596E-05 9.98596E-05 0.144451 9.98596E-05 0.0614104 9.98596E-05 9.98596E-05 0.0131502 0.179736 9.98596E-05 9.98596E-05 9.98596E-05 9.98596E-05 9.98596E-05
9.98595E-05 9.98595E-05 9.98595E-05 9.98595E-05 9.98595E-05 9.98595E-05 0.0184155 0.665913 9.98595E-05 9.98595E-05 9.98595E-05 9.98595E-05 9.98595E-05 0.0217115 9.98595E-05 9.98595E-05 0.0635212 9.98595E-05 9.98595E-05 9.98595E-05 0.000374546 0.228467
9.98683E-05 9.98683E-05 0.0275565 9.98683E-05 9.98683E-05 9.98683E-05 0.106664 0.555467 9.98683E-05 9.98683E-05 9.98683E-05 9.98683E-05 0.166746 0.0379976 9.98683E-05 9.98683E-05 0.0196947 9.98683E-05 9.98683E-05 9.98683E-05 0.0843769 9.98683E-05
0.035977 9.98685E-05 9.98685E-05 9.98685E-05 0.170072 9.98685E-05 0.0439726 0.490865 9.98685E-05 9.98685E-05 9.98685E-05 9.98685E-05 0.166394 9.98685E-05 9.98685E-05 9.98685E-05 0.0717981 9.98685E-05 9.98685E-05 9.98685E-05 0.0194221 9.98685E-05
9.98685E-05 9.98685E-05 0.0422165 9.98685E-05 9.98685E-05 9.98685E-05 0.148786 0.435149 9.98685E-05 9.98685E-05 0.0244158 9.98685E-05 0.187626 9.98685E-05 9.98685E-05 9.98685E-05 0.131855 9.98685E-05 9.98685E-05 0.0284535 9.98685E-05 9.98685E-05
0.139029 0.00354572 9.98859E-05 0.0232832 0.0769527 9.98859E-05 9.98859E-05 0.4913 9.98859E-05 9.98859E-05 0.113697 9.98859E-05 9.98859E-05 9.98859E-05 0.0262906 9.98859E-05 0.114524 9.98859E-05 9.98859E-05 9.98859E-05 0.01008 9.98859E-05
0.0807198 9.98511E-05 0.0564311 9.98511E-05 9.98511E-05 9.98511E-05 9.98511E-05 0.7608 9.98511E-05 9.98511E-05 9.98511E-05 9.98511E-05 9.98511E-05 0.0747425 9.98511E-05 9.98511E-05 0.0256094 9.98511E-05 9.98511E-05 9.98511E-05 9.98511E-05 9.98511E-05
0.0746023 0.147931 0.00707975 9.98684E-05 9.98684E-05 9.98684E-05 9.98684E-05 0.612801 9.98684E-05 9.98684E-05 9.98684E-05 9.98684E-05 9.98684E-05 0.0341008 9.98684E-05 9.98684E-05 0.113793 9.98684E-05 0.00819345 9.98684E-05 9.98684E-05 9.98684E-05
9.98335E-05 9.98335E-05 9.98335E-05 0.0273124 9.98335E-05 9.98335E-05 9.98335E-05 0.88133 9.98335E-05 9.98335E-05 9.98335E-05 9.98335E-05 9.98335E-05 9.98335E-05 9.98335E-05 9.98335E-05 9.98335E-05 9.98335E-05 9.98335E-05 9.98335E-05 0.0894609 9.98335E-05
0.0373454 0.00349563 0.0527075 9.98772E-05 0.0144991 9.98772E-05 9.98772E-05 0.608176 9.98772E-05 9.98772E-05 9.98772E-05 9.98772E-05 9.98772E-05 0.147266 9.98772E-05 9.98772E-05 0.0979647 9.98772E-05 9.98772E-05 9.98772E-05 9.98772E-05 0.0371477
0.12597 9.98597E-05 9.98597E-05 9.98597E-05 9.98597E-05 0.0424653 9.98597E-05 0.448999 9.98597E-05 9.98597E-05 9.98597E-05 9.98597E-05 9.98597E-05 9.98597E-05 9.98597E-05 9.98597E-05 0.132289 0.072888 9.98597E-05 9.98597E-05 9.98597E-05 0.17579
0.0202352 9.98684E-05 9.98684E-05 0.0145572 0.114645 9.98684E-05 9.98684E-05 0.516239 9.98684E-05 9.98684E-05 0.0417468 9.98684E-05 9.98684E-05 9.98684E-05 9.98684E-05 9.98684E-05 0.124041 9.98684E-05 9.98684E-05 0.167038 9.98684E-05 9.98684E-05
0.0192366 9.98596E-05 9.98596E-05 0.00955368 9.98596E-05 9.98596E-05 0.0850715 0.803438 9.98596E-05 9.98596E-05 9.98596E-05 9.98596E-05 9.98596E-05 9.98596E-05 9.98596E-05 9.98596E-05 0.0554071 9.98596E-05 9.98596E-05 9.98596E-05 0.0256949 9.98596E-05
0.232441 9.98686E-05 9.98686E-05 9.98686E-05 0.031995 9.98686E-05 9.98686E-05 0.638323 9.98686E-05 9.98686E-05 9.98686E-05 9.98686E-05 0.00590054 0.0445657 9.98686E-05 0.0101577 0.0351191 9.98686E-05 9.98686E-05 9.98686E-05 9.98686E-05 9.98686E-05
0.128805 9.98421E-05 9.98421E-05 9.98421E-05 9.98421E-05 9.98421E-05 9.98421E-05 0.743332 9.98421E-05 9.98421E-05 9.98421E-05 9.98421E-05 9.98421E-05 9.98421E-05 9.98421E-05 9.98421E-05 9.98421E-05 9.98421E-05 9.98421E-05 9.98421E-05 0.0290562 0.09701
0.138473 9.98772E-05 9.98772E-05 9.98772E-05 9.98772E-05 9.98772E-05 0.0278419 0.344764 9.98772E-05 9.98772E-05 0.0208858 9.98772E-05 0.0690295 0.0890268 9.98772E-05 0.050829 0.257752 9.98772E-05 9.98772E-05 9.98772E-05 9.98772E-05 9.98772E-05
0.315656 0.0427006 9.98597E-05 9.98597E-05 9.98597E-05 9.98597E-05 9.98597E-05 0.283375 9.98597E-05 0.0255155 9.98597E-05 9.98597E-05 9.98597E-05 9.98597E-05 9.98597E-05 9.98597E-05 0.212325 9.98597E-05 9.98597E-05 9.98597E-05 0.11883 9.98597E-05
0.015514 9.98595E-05 0.0527569 9.98595E-05 9.98595E-05 9.98595E-05 9.98595E-05 0.837505 9.98595E-05 9.98595E-05 9.98595E-05 9.98595E-05 9.98595E-05 9.98595E-05 9.98595E-05 9.98595E-05 0.0429896 9.98595E-05 0.0158808 9.98595E-05 0.0337559 9.98595E-05
9.98597E-05 0.0364648 9.98597E-05 9.98597E-05 9.98597E-05 9.98597E-05 0.0660368 0.799821 9.98597E-05 9.98597E-05 9.98597E-05 9.98597E-05 9.98597E-05 0.0171846 0.00302778 9.98597E-05 0.0758676 9.98597E-05 9.98597E-05 9.98597E-05 9.98597E-05 9.98597E-05
9.9851E-05 9.9851E-05 0.0718386 9.9851E-05 9.9851E-05 9.9851E-05 0.0105087 0.893663 9.9851E-05 9.9851E-05 0.013982 9.9851E-05 0.00831045 9.9851E-05 9.9851E-05 9.9851E-05 9.9851E-05 9.9851E-05 9.9851E-05 9.9851E-05 9.9851E-05 9.9851E-05
0.192412 9.98508E-05 9.98508E-05 9.98508E-05 9.98508E-05 9.98508E-05 0.0433924 0.563763 9.98508E-05 9.98508E-05 9.98508E-05 9.98508E-05 9.98508E-05 9.98508E-05 9.98508E-05 9.98508E-05 0.138611 9.98508E-05 9.98508E-05 9.98508E-05 0.0601244 9.98508E-05
9.98512E-05 9.98512E-05 9.98512E-05 0.143534 9.98512E-05 0.00170115 9.98512E-05 0.700551 9.98512E-05 9.98512E-05 9.98512E-05 9.98512E-05 9.98512E-05 0.0246833 9.98512E-05 9.98512E-05 9.98512E-05 9.98512E-05 9.98512E-05 9.98512E-05 0.127833 9.98512E-05
0.0682685 0.0391798 9.98946E-05 9.98946E-05 0.173175 9.98946E-05 0.109873 0.243196 9.98946E-05 9.98946E-05 9.98946E-05 9.98946E-05 0.0983354 0.0426868 9.98946E-05 0.00165706 0.203012 9.98946E-05 9.98946E-05 0.0194182 9.98946E-05 9.98946E-05
0.195995 0.114549 0.00608234 9.98597E-05 9.98597E-05 9.98597E-05 9.98597E-05 0.603057 9.98597E-05 9.98597E-05 9.98597E-05 9.98597E-05 9.98597E-05 9.98597E-05 9.98597E-05 0.0528817 9.98597E-05 9.98597E-05 0.0258368 9.98597E-05 9.98597E-05 9.98597E-05
9.98421E-05 9.98421E-05 9.98421E-05 9.98421E-05 9.98421E-05 0.0374466 9.98421E-05 0.904363 9.98421E-05 9.98421E-05 0.0125456 9.98421E-05 9.98421E-05 9.98421E-05 0.0438474 9.98421E-05 9.98421E-05 9.98421E-05 9.98421E-05 9.98421E-05 9.98421E-05 9.98421E-05
9.98773E-05 9.98773E-05 9.98773E-05 0.022812 0.121364 9.98773E-05 9.98773E-05 0.571122 9.98773E-05 9.98773E-05 9.98773E-05 9.98773E-05 9.98773E-05 0.00357647 0.0163398 9.98773E-05 0.0720359 0.00442598 9.98773E-05 0.186926 9.98773E-05 9.98773E-05
9.9851E-05 9.9851E-05 9.9851E-05 9.9851E-05 9.9851E-05 9.9851E-05 9.9851E-05 0.726096 0.116683 9.9851E-05 9.9851E-05 9.9851E-05 9.9851E-05 0.0493436 9.9851E-05 9.9851E-05 0.0826631 9.9851E-05 9.9851E-05 9.9851E-05 9.9851E-05 0.0235174
9.98684E-05 9.98684E-05 0.0378755 9.98684E-05 0.087645 9.98684E-05 0.00736821 0.702746 9.98684E-05 9.98684E-05 9.98684E-05 9.98684E-05 0.0526305 9.98684E-05 9.98684E-05 9.98684E-05 9.98684E-05 0.0151549 9.98684E-05 9.98684E-05 0.0950816 9.98684E-05
9.98421E-05 9.98421E-05 9.98421E-05 9.98421E-05 9.98421E-05 0.113879 9.98421E-05 0.678515 9.98421E-05 9.98421E-05 9.98421E-05 9.98421E-05 9.98421E-05 9.98421E-05 0.0507066 9.98421E-05 9.98421E-05 9.98421E-05 9.98421E-05 9.98421E-05 0.155102 9.98421E-05
9.98421E-05 0.101366 9.98421E-05 9.98421E-05 9.98421E-05 9.98421E-05 0.0217678 0.809137 9.98421E-05 9.98421E-05 9.98421E-05 9.98421E-05 9.98421E-05 9.98421E-05 9.98421E-05 9.98421E-05 0.0659315 9.98421E-05 9.98421E-05 9.98421E-05 9.98421E-05 9.98421E-05
9.98597E-05 0.00325693 9.98597E-05 0.0335006 9.98597E-05 0.0850303 0.0254854 0.803479 9.98597E-05 9.98597E-05 9.98597E-05 9.98597E-05 9.98597E-05 9.98597E-05 9.98597E-05 9.98597E-05 0.0476495 9.98597E-05 9.98597E-05 9.98597E-05 9.98597E-05 9.98597E-05
9.98595E-05 9.98595E-05 9.98595E-05 9.98595E-05 9.98595E-05 9.98595E-05 0.00800004 9.98595E-05 9.98595E-05 9.98595E-05 0.130363 9.98595E-05 0.639884 0.0117827 0.101087 9.98595E-05 0.107285 9.98595E-05 9.98595E-05 9.98595E-05 9.98595E-05 9.98595E-05
9.98335E-05 0.070787 9.98335E-05 9.98335E-05 9.98335E-05 9.98335E-05 9.98335E-05 9.98335E-05 9.98335E-05 9.98335E-05 9.98335E-05 9.98335E-05 0.908861 9.98335E-05 9.98335E-05 9.98335E-05 9.98335E-05 9.98335E-05 9.98335E-05 0.0184552 9.98335E-05 9.98335E-05
9.98246E-05 9.98246E-05 9.98246E-05 9.98246E-05 9.98246E-05 9.98246E-05 9.98246E-05 9.98246E-05 9.98246E-05 9.98246E-05 9.98246E-05 9.98246E-05 0.961071 9.98246E-05 0.0369329 9.98246E-05 9.98246E-05 9.98246E-05 9.98246E-05 9.98246E-05 9.98246E-05 9.98246E-05
9.98684E-05 9.98684E-05 9.98684E-05 0.0398389 0.173076 0.265405 9.98684E-05 9.98684E-05 9.98684E-05 9.98684E-05 9.98684E-05 9.98684E-05 0.342529 0.12628 0.00927546 9.98684E-05 0.0420975 9.98684E-05 9.98684E-05 9.98684E-05 9.98684E-05 9.98684E-05
0.0618754 9.98593E-05 0.171787 0.0144139 9.98593E-05 9.98593E-05 9.98593E-05 9.98593E-05 9.98593E-05 9.98593E-05 9.98593E-05 9.98593E-05 0.630273 9.98593E-05 9.98593E-05 9.98593E-05 0.0759168 0.0441364 9.98593E-05 9.98593E-05 9.98593E-05 9.98593E-05
0.0859159 9.98593E-05 9.98593E-05 9.98593E-05 9.98593E-05 9.98593E-05 9.98593E-05 9.98593E-05 9.98593E-05 0.00520189 0.0273306 9.98593E-05 0.676148 0.0231551 9.98593E-05 9.98593E-05 0.180651 9.98593E-05 9.98593E-05 9.98593E-05 9.98593E-05 9.98593E-05
9.98595E-05 0.0176098 9.98595E-05 9.98595E-05 9.98595E-05 0.250663 0.0169545 9.98595E-05 9.98595E-05 9.98595E-05 9.98595E-05 9.98595E-05 0.561759 0.0301772 9.98595E-05 9.98595E-05 0.121239 9.98595E-05 9.98595E-05 9.98595E-05 9.98595E-05 9.98595E-05
9.98594E-05 9.98594E-05 9.98594E-05 9.98594E-05 0.0560132 0.0791992 9.98594E-05 9.98594E-05 9.98594E-05 9.98594E-05 9.98594E-05 9.98594E-05 0.581685 0.068522 0.14399 9.98594E-05 0.0689928 9.98594E-05 9.98594E-05 9.98594E-05 9.98594E-05 9.98594E-05
9.98158E-05 9.98158E-05 9.98158E-05 9.98158E-05 9.98158E-05 9.98158E-05 9.98158E-05 9.98158E-05 9.98158E-05 9.98158E-05 9.98158E-05 9.98158E-05 0.997904 9.98158E-05 9.98158E-05 9.98158E-05 9.98158E-05 9.98158E-05 9.98158E-05 9.98158E-05 9.98158E-05 9.98158E-05
9.98419E-05 0.0289371 9.98419E-05 9.98419E-05 9.98419E-05 9.98419E-05 0.0338128 9.98419E-05 9.98419E-05 9.98419E-05 9.98419E-05 9.98419E-05 0.930685 0.00476836 9.98419E-05 9.98419E-05 9.98419E-05 9.98419E-05 9.98419E-05 9.98419E-05 9.98419E-05 9.98419E-05
9.98505E-05 9.98505E-05 9.98505E-05 9.98505E-05 9.98505E-05 9.98505E-05 0.151565 9.98505E-05 9.98505E-05 9.98505E-05 9.98505E-05 9.98505E-05 0.494905 0.0580935 9.98505E-05 9.98505E-05 0.28505 9.98505E-05 9.98505E-05 9.98505E-05 0.0086885 9.98505E-05
0.129152 9.98858E-05 9.98858E-05 9.98858E-05 9.98858E-05 0.063412 0.0600158 9.98858E-05 0.112228 0.0452181 9.98858E-05 9.98858E-05 0.490897 0.00367668 9.98858E-05 9.98858E-05 0.0533822 9.98858E-05 9.98858E-05 0.0407199 9.98858E-05 9.98858E-05
9.98858E-05 9.98858E-05 9.98858E-05 9.98858E-05 0.103339 0.0408039 0.0388024 9.98858E-05 9.98858E-05 0.1085 9.98858E-05 9.98858E-05 0.496244 0.0959066 9.98858E-05 9.98858E-05 9.98858E-05 0.0461303 9.98858E-05 0.0486864 0.0202884 9.98858E-05
0.209957 9.98594E-05 9.98594E-05 9.98594E-05 9.98594E-05 0.0644368 9.98594E-05 9.98594E-05 9.98594E-05 9.98594E-05 9.98594E-05 9.98594E-05 0.465559 9.98594E-05 9.98594E-05 9.98594E-05 0.212262 0.0140987 9.98594E-05 9.98594E-05 0.032089 9.98594E-05
9.98249E-05 9.98249E-05 9.98249E-05 9.98249E-05 9.98249E-05 9.98249E-05 9.98249E-05 9.98249E-05 9.98249E-05 9.98249E-05 0.0634683 9.98249E-05 0.934535 9.98249E-05 9.98249E-05 9.98249E-05 9.98249E-05 9.98249E-05 9.98249E-05 9.98249E-05 9.98249E-05 9.98249E-05
9.98333E-05 9.98333E-05 9.98333E-05 9.98333E-05 9.98333E-05 9.98333E-05 9.98333E-05 9.98333E-05 9.98333E-05 9.98333E-05 9.98333E-05 9.98333E-05 0.953475 0.0306422 9.98333E-05 9.98333E-05 0.0139856 9.98333E-05 9.98333E-05 9.98333E-05 9.98333E-05 9.98333E-05
9.98506E-05 9.98506E-05 9.98506E-05 0.0349141 0.0313059 9.98506E-05 9.98506E-05 9.98506E-05 9.98506E-05 9.98506E-05 9.98506E-05 9.98506E-05 0.718777 9.98506E-05 0.0230233 9.98506E-05 9.98506E-05 9.98506E-05 9.98506E-05 9.98506E-05 0.190283 9.98506E-05
0.0431722 0.147478 9.98683E-05 9.98683E-05 9.98683E-05 9.98683E-05 0.0619454 9.98683E-05 9.98683E-05 0.01957 9.98683E-05 9.98683E-05 0.623011 0.0332473 9.98683E-05 9.98683E-05 9.98683E-05 9.98683E-05 9.98683E-05 9.98683E-05 0.0700778 9.98683E-05
9.9842E-05 9.9842E-05 9.9842E-05 9.9842E-05 9.9842E-05 9.9842E-05 0.0134373 9.9842E-05 9.9842E-05 9.9842E-05 9.9842E-05 9.9842E-05 0.862451 9.9842E-05 0.0852851 9.9842E-05 0.03703 9.9842E-05 9.9842E-05 9.9842E-05 9.9842E-05 9.9842E-05
9.98858E-05 9.98858E-05 0.0102489 0.0013658 9.98858E-05 9.98858E-05 0.0528668 9.98858E-05 0.0147851 9.98858E-05 9.98858E-05 9.98858E-05 0.592756 0.0017479 0.00752834 9.98858E-05 0.202902 9.98858E-05 9.98858E-05 0.1145 9.98858E-05 9.98858E-05
9.98336E-05 9.98336E-05 9.98336E-05 9.98336E-05 9.98336E-05 9.98336E-05 9.98336E-05 9.98336E-05 9.98336E-05 9.98336E-05 9.98336E-05 0.00340436 0.970144 9.98336E-05 9.98336E-05 9.98336E-05 9.98336E-05 0.0245544 9.98336E-05 9.98336E-05 9.98336E-05 9.98336E-05
0.25786 9.98593E-05 9.98593E-05 0.0454324 9.98593E-05 0.0992377 9.98593E-05 9.98593E-05 9.98593E-05 9.98593E-05 9.98593E-05 9.98593E-05 0.545756 9.98593E-05 0.0336331 9.98593E-05 0.0164835 9.98593E-05 9.98593E-05 9.98593E-05 9.98593E-05 9.98593E-05
9.9851E-05 9.9851E-05 9.9851E-05 9.9851E-05 0.179282 9.9851E-05 9.9851E-05 9.9851E-05 9.9851E-05 9.9851E-05 0.00413451 9.9851E-05 0.759479 0.0221802 9.9851E-05 9.9851E-05 0.0332266 9.9851E-05 9.9851E-05 9.9851E-05 9.9851E-05 9.9851E-05
9.98683E-05 9.98683E-05 9.98683E-05 9.98683E-05 0.0258654 9.98683E-05 0.00144607 9.98683E-05 9.98683E-05 9.98683E-05 9.98683E-05 9.98683E-05 0.675355 0.0407003 0.0761561 9.98683E-05 0.0145241 9.98683E-05 9.98683E-05 9.98683E-05 0.164455 9.98683E-05
9.98593E-05 9.98593E-05 9.98593E-05 9.98593E-05 9.98593E-05 9.98593E-05 0.0796353 9.98593E-05 9.98593E-05 0.14191 9.98593E-05 9.98593E-05 0.722636 0.00983301 9.98593E-05 9.98593E-05 0.0439395 9.98593E-05 0.000448671 9.98593E-05 9.98593E-05 9.98593E-05
9.98423E-05 9.98423E-05 0.0091499 9.98423E-05 9.98423E-05 0.0111322 9.98423E-05 9.98423E-05 9.98423E-05 9.98423E-05 9.98423E-05 9.98423E-05 0.93001 0.0479104 9.98423E-05 9.98423E-05 9.98423E-05 9.98423E-05 9.98423E-05 9.98423E-05 9.98423E-05 9.98423E-05
9.9816E-05 9.9816E-05 9.9816E-05 9.9816E-05 9.9816E-05 9.9816E-05 9.9816E-05 9.9816E-05 9.9816E-05 9.9816E-05 9.9816E-05 9.9816E-05 0.997904 9.9816E-05 9.9816E-05 9.9816E-05 9.9816E-05 9.9816E-05 9.9816E-05 9.9816E-05 9.9816E-05 9.9816E-05
9.98158E-05 9.98158E-05 9.98158E-05 9.98158E-05 9.98158E-05 9.98158E-05 9.98158E-05 9.98158E-05 9.98158E-05 9.98158E-05 9.98158E-05 9.98158E-05 0.997904 9.98158E-05 9.98158E-05 9.98158E-05 9.98158E-05 9.98158E-05 9.98158E-05 9.98158E-05 9.98158E-05 9.98158E-05
9.98334E-05 9.98334E-05 9.98334E-05 9.98334E-05 9.98334E-05 9.98334E-05 9.98334E-05 9.98334E-05 9.98334E-05 0.049386 9.98334E-05 9.98334E-05 0.849048 9.98334E-05 0.099669 9.98334E-05 9.98334E-05 9.98334E-05 9.98334E-05 9.98334E-05 9.98334E-05 9.98334E-05
9.98422E-05 9.98422E-05 9.98422E-05 9.98422E-05 9.98422E-05 9.98422E-05 9.98422E-05 9.98422E-05 9.98422E-05 9.98422E-05 9.98422E-05 9.98422E-05 0.547072 0.103842 9.98422E-05 9.98422E-05 0.102478 9.98422E-05 9.98422E-05 9.98422E-05 9.98422E-05 0.244811
9.98334E-05 9.98334E-05 9.98334E-05 9.98334E-05 0.804289 9.98334E-05 9.98334E-05 9.98334E-05 9.98334E-05 9.98334E-05 9.98334E-05 9.98334E-05 9.98334E-05 0.1048 9.98334E-05 9.98334E-05 0.0890141 9.98334E-05 9.98334E-05 9.98334E-05 9.98334E-05 9.98334E-05
9.98247E-05 9.98247E-05 9.98247E-05 9.98247E-05 9.98247E-05 9.98247E-05 9.98247E-05 9.98247E-05 9.98247E-05 9.98247E-05 0.585774 9.98247E-05 9.98247E-05 9.98247E-05 9.98247E-05 9.98247E-05 9.98247E-05 9.98247E-05 9.98247E-05 9.98247E-05 9.98247E-05 0.41223
9.98331E-05 9.98331E-05 9.98331E-05 9.98331E-05 0.484198 9.98331E-05 9.98331E-05 9.98331E-05 9.98331E-05 9.98331E-05 0.4953 9.98331E-05 9.98331E-05 9.98331E-05 9.98331E-05 9.98331E-05 0.0186051 9.98331E-05 9.98331E-05 9.98331E-05 9.98331E-05 9.98331E-05
9.98505E-05 9.98505E-05 9.98505E-05 9.98505E-05 0.454039 9.98505E-05 9.98505E-05 9.98505E-05 9.98505E-05 9.98505E-05 0.33237 9.98505E-05 9.98505E-05 0.0363633 0.117145 9.98505E-05 0.0583857 9.98505E-05 9.98505E-05 9.98505E-05 9.98505E-05 9.98505E-05
9.98332E-05 9.98332E-05 9.98332E-05 9.98332E-05 0.895728 9.98332E-05 9.98332E-05 9.98332E-05 9.98332E-05 9.98332E-05 9.98332E-05 9.98332E-05 9.98332E-05 0.0977451 9.98332E-05 9.98332E-05 0.00462981 9.98332E-05 9.98332E-05 9.98332E-05 9.98332E-05 9.98332E-05
9.98509E-05 0.0492053 9.98509E-05 9.98509E-05 0.658247 9.98509E-05 9.98509E-05 9.98509E-05 9.98509E-05 9.98509E-05 9.98509E-05 0.0120378 9.98509E-05 0.0983635 9.98509E-05 9.98509E-05 0.180449 9.98509E-05 9.98509E-05 9.98509E-05 9.98509E-05 9.98509E-05
9.98595E-05 9.98595E-05 9.98595E-05 9.98595E-05 9.98595E-05 9.98595E-05 0.0373712 9.98595E-05 9.98595E-05 0.00109483 0.878871 9.98595E-05 9.98595E-05 0.0429394 0.0192342 9.98595E-05 0.0188916 9.98595E-05 9.98595E-05 9.98595E-05 9.98595E-05 9.98595E-05
9.98507E-05 9.98507E-05 0.0196353 9.98507E-05 0.287627 9.98507E-05 9.98507E-05 9.98507E-05 9.98507E-05 9.98507E-05 0.564181 9.98507E-05 9.98507E-05 0.121982 9.98507E-05 9.98507E-05 0.00487614 9.98507E-05 9.98507E-05 9.98507E-05 9.98507E-05 9.98507E-05
9.98593E-05 9.98593E-05 9.98593E-05 9.98593E-05 0.109378 0.2163 0.00756267 9.98593E-05 9.98593E-05 9.98593E-05 0.37717 9.98593E-05 9.98593E-05 0.271753 9.98593E-05 9.98593E-05 0.0162394 9.98593E-05 9.98593E-05 9.98593E-05 9.98593E-05 9.98593E-05
9.98419E-05 9.98419E-05 9.98419E-05 9.98419E-05 0.190467 9.98419E-05 9.98419E-05 9.98419E-05 9.98419E-05 9.98419E-05 0.405823 9.98419E-05 9.98419E-05 0.196616 9.98419E-05 9.98419E-05 0.205297 9.98419E-05 9.98419E-05 9.98419E-05 9.98419E-05 9.98419E-05
9.9851E-05 9.9851E-05 9.9851E-05 9.9851E-05 0.332031 0.255051 0.0262377 9.9851E-05 9.9851E-05 9.9851E-05 0.129972 0.25501 9.9851E-05 9.9851E-05 9.9851E-05 9.9851E-05 9.9851E-05 9.9851E-05 9.9851E-05 9.9851E-05 9.9851E-05 9.9851E-05
9.98684E-05 9.98684E-05 9.98684E-05 9.98684E-05 0.663214 0.183432 0.0227701 9.98684E-05 9.98684E-05 9.98684E-05 0.0197086 0.0520988 9.98684E-05 9.98684E-05 9.98684E-05 9.98684E-05 0.00940503 9.98684E-05 9.98684E-05 9.98684E-05 9.98684E-05 0.0478737
9.98333E-05 9.98333E-05 9.98333E-05 9.98333E-05 0.222053 9.98333E-05 9.98333E-05 9.98333E-05 9.98333E-05 9.98333E-05 0.767491 9.98333E-05 9.98333E-05 0.00855912 9.98333E-05 9.98333E-05 9.98333E-05 9.98333E-05 9.98333E-05 9.98333E-05 9.98333E-05 9.98333E-05
9.98598E-05 9.98598E-05 9.98598E-05 9.98598E-05 0.566157 9.98598E-05 9.98598E-05 9.98598E-05 9.98598E-05 9.98598E-05 0.0485085 0.119274 9.98598E-05 0.0812461 9.98598E-05 0.0412508 0.141966 9.98598E-05 9.98598E-05 9.98598E-05 9.98598E-05 9.98598E-05
9.98685E-05 9.98685E-05 9.98685E-05 9.98685E-05 0.512531 9.98685E-05 9.98685E-05 9.98685E-05 9.98685E-05 0.0669107 0.141899 9.98685E-05 9.98685E-05 0.0692233 0.147089 9.98685E-05 9.98685E-05 9.98685E-05 9.98685E-05 0.0372984 9.98685E-05 0.0235509
9.98772E-05 0.0217672 9.98772E-05 0.00378197 0.697803 0.0864883 0.0302787 9.98772E-05 9.98772E-05 9.98772E-05 9.98772E-05 9.98772E-05 9.98772E-05 0.00921899 9.98772E-05 9.98772E-05 0.137427 9.98772E-05 9.98772E-05 9.98772E-05 9.98772E-05 0.0118359
9.98684E-05 9.98684E-05 0.0656935 9.98684E-05 0.397719 0.209242 9.98684E-05 9.98684E-05 9.98684E-05 9.98684E-05 0.187452 0.0116085 9.98684E-05 0.051528 9.98684E-05 9.98684E-05 0.0752596 9.98684E-05 9.98684E-05 9.98684E-05 9.98684E-05 9.98684E-05
0.0429868 9.98685E-05 9.98685E-05 0.022649 0.583807 9.98685E-05 9.98685E-05 9.98685E-05 9.98685E-05 9.98685E-05 0.136513 9.98685E-05 9.98685E-05 0.127903 9.98685E-05 9.98685E-05 9.98685E-05 0.0284986 9.98685E-05 9.98685E-05 9.98685E-05 0.0561436
9.98334E-05 9.98334E-05 9.98334E-05 9.98334E-05 0.910136 9.98334E-05 0.00908935 9.98334E-05 9.98334E-05 9.98334E-05 9.98334E-05 0.0788775 9.98334E-05 9.98334E-05 9.98334E-05 9.98334E-05 9.98334E-05 9.98334E-05 9.98334E-05 9.98334E-05 9.98334E-05 9.98334E-05
9.98596E-05 9.98596E-05 0.0519929 9.98596E-05 0.398797 9.98596E-05 0.0244735 9.98596E-05 9.98596E-05 9.98596E-05 9.98596E-05 9.98596E-05 9.98596E-05 0.0966653 9.98596E-05 9.98596E-05 0.0797961 9.98596E-05 9.98596E-05 9.98596E-05 9.98596E-05 0.346677
9.98509E-05 9.98509E-05 9.98509E-05 9.98509E-05 0.816116 0.0774457 9.98509E-05 9.98509E-05 9.98509E-05 9.98509E-05 9.98509E-05 0.00611693 9.98509E-05 0.0473993 9.98509E-05 9.98509E-05 0.0512247 9.98509E-05 9.98509E-05 9.98509E-05 9.98509E-05 9.98509E-05
9.98509E-05 9.98509E-05 9.98509E-05 9.98509E-05 0.859324 9.98509E-05 9.98509E-05 9.98509E-05 9.98509E-05 0.00652192 9.98509E-05 0.0413109 9.98509E-05 0.0262551 9.98509E-05 9.98509E-05 0.0648907 9.98509E-05 9.98509E-05 9.98509E-05 9.98509E-05 9.98509E-05
9.98595E-05 9.98595E-05 0.0382522 9.98595E-05 0.432197 0.0329612 9.98595E-05 9.98595E-05 9.98595E-05 9.98595E-05 9.98595E-05 9.98595E-05 9.98595E-05 0.198331 9.98595E-05 9.98595E-05 0.198989 9.98595E-05 0.0976725 9.98595E-05 9.98595E-05 9.98595E-05
9.98597E-05 9.98597E-05 9.98597E-05 9.98597E-05 0.391629 9.98597E-05 9.98597E-05 9.98597E-05 0.0248917 9.98597E-05 0.306358 0.0994512 9.98597E-05 0.143791 9.98597E-05 9.98597E-05 0.0322814 9.98597E-05 9.98597E-05 9.98597E-05 9.98597E-05 9.98597E-05
9.98682E-05 9.98682E-05 0.0377262 9.98682E-05 0.497163 0.0228596 0.000696253 9.98682E-05 9.98682E-05 9.98682E-05 9.98682E-05 9.98682E-05 9.98682E-05 0.23355 9.98682E-05 9.98682E-05 0.172659 9.98682E-05 0.0338476 9.98682E-05 9.98682E-05 9.98682E-05
9.98772E-05 9.98772E-05 9.98772E-05 9.98772E-05 9.98772E-05 0.104793 9.98772E-05 9.98772E-05 9.98772E-05 0.0468914 0.632296 0.0633617 9.98772E-05 0.102502 9.98772E-05 9.98772E-05 0.0163718 9.98772E-05 9.98772E-05 0.0187604 9.98772E-05 0.0136244
9.98429E-05 9.98429E-05 9.98429E-05 9.98429E-05 0.260089 9.98429E-05 9.98429E-05 9.98429E-05 9.98429E-05 9.98429E-05 9.98429E-05 0.00108042 9.98429E-05 9.98429E-05 9.98429E-05 0.0797641 9.98429E-05 9.98429E-05 9.98429E-05 9.98429E-05 9.98429E-05 0.657269
9.98303E-05 9.98303E-05 9.98303E-05 9.98303E-05 0.75946 9.98303E-05 9.98303E-05 9.98303E-05 9.98303E-05 9.98303E-05 0.112457 9.98303E-05 9.98303E-05 0.047208 9.98303E-05 9.98303E-05 0.0682026 9.98303E-05 9.98303E-05 9.98303E-05 0.0109746 9.98303E-05
9.98509E-05 9.98509E-05 9.98509E-05 9.98509E-05 0.155659 0.0827835 9.98509E-05 9.98509E-05 9.98509E-05 9.98509E-05 0.465923 9.98509E-05 9.98509E-05 0.203824 9.98509E-05 9.98509E-05 0.0901129 9.98509E-05 9.98509E-05 9.98509E-05 9.98509E-05 9.98509E-05
9.98598E-05 9.98598E-05 0.0428161 9.98598E-05 0.720682 9.98598E-05 9.98598E-05 9.98598E-05 9.98598E-05 9.98598E-05 0.0088249 0.101058 9.98598E-05 9.98598E-05 9.98598E-05 9.98598E-05 0.116345 0.00867609 9.98598E-05 9.98598E-05 9.98598E-05 9.98598E-05
9.98684E-05 9.98684E-05 9.98684E-05 9.98684E-05 9.98684E-05 0.0447093 0.0424787 9.98684E-05 9.98684E-05 9.98684E-05 0.732415 9.98684E-05 9.98684E-05 0.0148239 9.98684E-05 9.98684E-05 0.10051 9.98684E-05 0.0429871 0.0205777 9.98684E-05 9.98684E-05
9.98203E-05 9.98203E-05 0.0499834 9.98203E-05 0.39305 9.98203E-05 9.98203E-05 9.98203E-05 9.98203E-05 9.98203E-05 0.545667 9.98203E-05 9.98203E-05 9.98203E-05 9.98203E-05 9.98203E-05 9.98203E-05 9.98203E-05 9.98203E-05 0.00950304 9.98203E-05 9.98203E-05
9.98683E-05 9.98683E-05 0.140664 9.98683E-05 0.436558 9.98683E-05 9.98683E-05 9.98683E-05 9.98683E-05 9.98683E-05 9.98683E-05 9.98683E-05 9.98683E-05 0.204081 9.98683E-05 0.0169502 0.109884 0.0512276 9.98683E-05 0.0391378 9.98683E-05 9.98683E-05
0.0937099 9.98682E-05 0.00712104 9.98682E-05 0.384529 9.98682E-05 9.98682E-05 9.98682E-05 0.0180959 9.98682E-05 0.46926 9.98682E-05 9.98682E-05 9.98682E-05 9.98682E-05 9.98682E-05 0.0123877 9.98682E-05 9.98682E-05 9.98682E-05 0.013398 9.98682E-05
9.98245E-05 9.98245E-05 9.98245E-05 9.98245E-05 0.171869 9.98245E-05 9.98245E-05 9.98245E-05 9.98245E-05 9.98245E-05 0.826135 9.98245E-05 9.98245E-05 9.98245E-05 9.98245E-05 9.98245E-05 9.98245E-05 9.98245E-05 9.98245E-05 9.98245E-05 9.98245E-05 9.98245E-05
9.98595E-05 0.10627 9.98595E-05 9.98595E-05 0.587119 0.0984564 0.0388447 9.98595E-05 9.98595E-05 9.98595E-05 9.98595E-05 0.0459406 9.98595E-05 9.98595E-05 9.98595E-05 9.98595E-05 9.98595E-05 9.98595E-05 9.98595E-05 9.98595E-05 9.98595E-05 0.121771
9.98507E-05 9.98507E-05 9.98507E-05 9.98507E-05 0.559793 9.98507E-05 9.98507E-05 9.98507E-05 9.98507E-05 0.0376346 0.149494 9.98507E-05 9.98507E-05 0.0649811 9.98507E-05 9.98507E-05 0.186399 9.98507E-05 9.98507E-05 9.98507E-05 9.98507E-05 9.98507E-05
9.9842E-05 0.00619722 9.9842E-05 9.9842E-05 0.274695 9.9842E-05 9.9842E-05 9.9842E-05 9.9842E-05 9.9842E-05 9.9842E-05 0.642896 9.9842E-05 0.0744153 9.9842E-05 9.9842E-05 9.9842E-05 9.9842E-05 9.9842E-05 9.9842E-05 9.9842E-05 9.9842E-05
9.98509E-05 9.98509E-05 9.98509E-05 9.98509E-05 0.426374 9.98509E-05 0.0239761 9.98509E-05 9.98509E-05 9.98509E-05 0.158398 0.292464 9.98509E-05 9.98509E-05 9.98509E-05 9.98509E-05 0.0970897 9.98509E-05 9.98509E-05 9.98509E-05 9.98509E-05 9.98509E-05
9.98423E-05 9.98423E-05 9.98423E-05 9.98423E-05 0.244882 9.98423E-05 9.98423E-05 9.98423E-05 9.98423E-05 9.98423E-05 0.518452 0.219382 9.98423E-05 9.98423E-05 9.98423E-05 9.98423E-05 9.98423E-05 0.015487 9.98423E-05 9.98423E-05 9.98423E-05 9.98423E-05
9.9851E-05 0.0154515 9.9851E-05 9.9851E-05 0.403115 9.9851E-05 9.9851E-05 9.9851E-05 9.9851E-05 9.9851E-05 0.116362 0.458184 9.9851E-05 9.9851E-05 9.9851E-05 9.9851E-05 9.9851E-05 9.9851E-05 9.9851E-05 0.00518939 9.9851E-05 9.9851E-05
9.98595E-05 9.98595E-05 9.98595E-05 9.98595E-05 0.44342 0.0908894 0.0859636 9.98595E-05 9.98595E-05 9.98595E-05 9.98595E-05 9.98595E-05 9.98595E-05 0.0960125 9.98595E-05 9.98595E-05 0.231845 0.0502711 9.98595E-05 9.98595E-05 9.98595E-05 9.98595E-05
9.98509E-05 9.98509E-05 9.98509E-05 9.98509E-05 0.777719 9.98509E-05 9.98509E-05 9.98509E-05 0.057639 9.98509E-05 9.98509E-05 0.00622876 9.98509E-05 0.0991774 9.98509E-05 9.98509E-05 9.98509E-05 0.0575386 9.98509E-05 9.98509E-05 9.98509E-05 9.98509E-05
9.98507E-05 9.98507E-05 0.0230296 9.98507E-05 0.181734 9.98507E-05 9.98507E-05 9.98507E-05 9.98507E-05 9.98507E-05 9.98507E-05 9.98507E-05 9.98507E-05 0.107418 9.98507E-05 9.98507E-05 0.0196814 9.98507E-05 9.98507E-05 9.98507E-05 9.98507E-05 0.666439
9.98246E-05 9.98246E-05 9.98246E-05 9.98246E-05 9.98246E-05 9.98246E-05 9.98246E-05 9.98246E-05 9.98246E-05 9.98246E-05 0.632885 9.98246E-05 9.98246E-05 9.98246E-05 9.98246E-05 9.98246E-05 9.98246E-05 9.98246E-05 9.98246E-05 9.98246E-05 9.98246E-05 0.365118
0.0123438 9.9877E-05 0.0803367 0.00292987 0.275463 0.160284 9.9877E-05 9.9877E-05 9.9877E-05 9.9877E-05 0.210117 9.9877E-05 9.9877E-05 0.218934 0.0381934 9.9877E-05 9.9877E-05 9.9877E-05 9.9877E-05 9.9877E-05 9.9877E-05 9.9877E-05
9.98684E-05 9.98684E-05 9.98684E-05 0.00487687 9.98684E-05 9.98684E-05 9.98684E-05 9.98684E-05 9.98684E-05 0.112106 0.758876 9.98684E-05 0.0515244 0.0267714 0.0182629 9.98684E-05 0.0260847 9.98684E-05 9.98684E-05 9.98684E-05 9.98684E-05 9.98684E-05
9.98686E-05 9.98686E-05 9.98686E-05 9.98686E-05 0.273773 0.139993 9.98686E-05 9.98686E-05 9.98686E-05 0.0567939 0.343994 0.00153928 9.98686E-05 0.104846 9.98686E-05 0.077563 9.98686E-05 9.98686E-05 9.98686E-05 9.98686E-05 9.98686E-05 9.98686E-05
0.0279623 9.98509E-05 0.0174386 9.98509E-05 0.530195 9.98509E-05 9.98509E-05 9.98509E-05 9.98509E-05 9.98509E-05 9.98509E-05 9.98509E-05 9.98509E-05 0.237209 9.98509E-05 9.98509E-05 0.185497 9.98509E-05 9.98509E-05 9.98509E-05 9.98509E-05 9.98509E-05
9.98333E-05 9.98333E-05 9.98333E-05 9.98333E-05 9.98333E-05 9.98333E-05 9.98333E-05 9.98333E-05 9.98333E-05 9.98333E-05 0.494153 0.487148 9.98333E-05 9.98333E-05 9.98333E-05 9.98333E-05 0.0168024 9.98333E-05 9.98333E-05 9.98333E-05 9.98333E-05 9.98333E-05
9.98507E-05 0.198006 9.98507E-05 0.0222839 0.605833 9.98507E-05 9.98507E-05 9.98507E-05 9.98507E-05 9.98507E-05 0.103901 9.98507E-05 9.98507E-05 9.98507E-05 9.98507E-05 9.98507E-05 0.0682794 9.98507E-05 9.98507E-05 9.98507E-05 9.98507E-05 9.98507E-05
9.98508E-05 9.98508E-05 9.98508E-05 9.98508E-05 0.196124 9.98508E-05 0.0178224 9.98508E-05 9.98508E-05 9.98508E-05 9.98508E-05 9.98508E-05 9.98508E-05 0.10541 9.98508E-05 9.98508E-05 9.98508E-05 0.0175484 9.98508E-05 9.98508E-05 9.98508E-05 0.661398
9.98597E-05 9.98597E-05 9.98597E-05 9.98597E-05 0.60306 9.98597E-05 0.0259473 9.98597E-05 9.98597E-05 0.0317321 9.98597E-05 0.226991 9.98597E-05 0.0723584 9.98597E-05 9.98597E-05 0.0383134 9.98597E-05 9.98597E-05 9.98597E-05 9.98597E-05 9.98597E-05
9.9842E-05 9.9842E-05 9.9842E-05 9.9842E-05 0.842243 9.9842E-05 9.9842E-05 9.9842E-05 9.9842E-05 9.9842E-05 0.0874997 9.9842E-05 9.9842E-05 0.0299133 9.9842E-05 9.9842E-05 9.9842E-05 9.9842E-05 9.9842E-05 0.0385467 9.9842E-05 9.9842E-05
9.98682E-05 0.0839468 0.0186473 9.98682E-05 0.447175 9.98682E-05 0.0239088 9.98682E-05 9.98682E-05 9.98682E-05 0.381793 9.98682E-05 9.98682E-05 9.98682E-05 0.00656849 9.98682E-05 9.98682E-05 9.98682E-05 9.98682E-05 9.98682E-05 0.0364627 9.98682E-05
9.98508E-05 9.98508E-05 9.98508E-05 9.98508E-05 0.488354 0.180413 9.98508E-05 9.98508E-05 0.00700587 9.98508E-05 9.98508E-05 9.98508E-05 9.98508E-05 0.189356 9.98508E-05 9.98508E-05 0.133173 9.98508E-05 9.98508E-05 9.98508E-05 9.98508E-05 9.98508E-05
9.98507E-05 9.98507E-05 9.98507E-05 9.98507E-05 0.582575 9.98507E-05 9.98507E-05 9.98507E-05 0.0070611 9.98507E-05 0.100568 9.98507E-05 9.98507E-05 0.183775 9.98507E-05 9.98507E-05 0.124324 9.98507E-05 9.98507E-05 9.98507E-05 9.98507E-05 9.98507E-05
9.98594E-05 9.98594E-05 0.0118026 9.98594E-05 0.434278 9.98594E-05 9.98594E-05 9.98594E-05 9.98594E-05 9.98594E-05 0.518779 9.98594E-05 9.98594E-05 9.98594E-05 9.98594E-05 9.98594E-05 9.98594E-05 0.0104155 9.98594E-05 0.00569729 0.0174298 9.98594E-05
9.98303E-05 9.98303E-05 0.0751203 9.98303E-05 0.778373 9.98303E-05 9.98303E-05 9.98303E-05 9.98303E-05 9.98303E-05 9.98303E-05 0.0716623 9.98303E-05 9.98303E-05 9.98303E-05 9.98303E-05 0.0565264 9.98303E-05 9.98303E-05 0.0166208 9.98303E-05 9.98303E-05
9.98508E-05 9.98508E-05 9.98508E-05 9.98508E-05 0.386999 0.0513315 9.98508E-05 9.98508E-05 9.98508E-05 9.98508E-05 0.348852 0.11687 9.98508E-05 0.0942506 9.98508E-05 9.98508E-05 9.98508E-05 9.98508E-05 9.98508E-05 9.98508E-05 9.98508E-05 9.98508E-05
9.98154E-05 9.98154E-05 9.98154E-05 9.98154E-05 9.98154E-05 9.98154E-05 9.98154E-05 9.98154E-05 9.98154E-05 9.98154E-05 9.98154E-05 9.98154E-05 9.98154E-05 9.98154E-05 9.98154E-05 9.98154E-05 0.997904 9.98154E-05 9.98154E-05 9.98154E-05 9.98154E-05 9.98154E-05
9.98155E-05 9.98155E-05 9.98155E-05 9.98155E-05 9.98155E-05 9.98155E-05 9.98155E-05 9.98155E-05 9.98155E-05 9.98155E-05 9.98155E-05 9.98155E-05 9.98155E-05 0.997904 9.98155E-05 9.98155E-05 9.98155E-05 9.98155E-05 9.98155E-05 9.98155E-05 9.98155E-05 9.98155E-05
9.98156E-05 9.98156E-05 9.98156E-05 9.98156E-05 9.98156E-05 9.98156E-05 9.98156E-05 9.98156E-05 9.98156E-05 9.98156E-05 9.98156E-05 9.98156E-05 9.98156E-05 9.98156E-05 9.98156E-05 9.98156E-05 0.997904 9.98156E-05 9.98156E-05 9.98156E-05 9.98156E-05 9.98156E-05
9.98244E-05 9.98244E-05 9.98244E-05 9.98244E-05 9.98244E-05 9.98244E-05 0.0249605 9.98244E-05 9.98244E-05 9.98244E-05 9.98244E-05 9.98244E-05 9.98244E-05 0.973043 9.98244E-05 9.98244E-05 9.98244E-05 9.98244E-05 9.98244E-05 9.98244E-05 9.98244E-05 9.98244E-05
9.98155E-05 9.98155E-05 9.98155E-05 9.98155E-05 9.98155E-05 9.98155E-05 9.98155E-05 9.98155E-05 9.98155E-05 9.98155E-05 9.98155E-05 9.98155E-05 9.98155E-05 0.997904 9.98155E-05 9.98155E-05 9.98155E-05 9.98155E-05 9.98155E-05 9.98155E-05 9.98155E-05 9.98155E-05
9.98154E-05 9.98154E-05 9.98154E-05 9.98154E-05 9.98154E-05 9.98154E-05 9.98154E-05 9.98154E-05 9.98154E-05 9.98154E-05 9.98154E-05 9.98154E-05 9.98154E-05 0.997904 9.98154E-05 9.98154E-05 9.98154E-05 9.98154E-05 9.98154E-05 9.98154E-05 9.98154E-05 9.98154E-05
9.98155E-05 9.98155E-05 9.98155E-05 9.98155E-05 9.98155E-05 9.98155E-05 9.98155E-05 9.98155E-05 9.98155E-05 9.98155E-05 9.98155E-05 9.98155E-05 9.98155E-05 9.98155E-05 9.98155E-05 9.98155E-05 0.997904 9.98155E-05 9.98155E-05 9.98155E-05 9.98155E-05 9.98155E-05
9.98155E-05 9.98155E-05 9.98155E-05 9.98155E-05 9.98155E-05 9.98155E-05 9.98155E-05 9.98155E-05 9.98155E-05 9.98155E-05 9.98155E-05 9.98155E-05 9.98155E-05 0.997904 9.98155E-05 9.98155E-05 9.98155E-05 9.98155E-05 9.98155E-05 9.98155E-05 9.98155E-05 9.98155E-05
9.98154E-05 9.98154E-05 9.98154E-05 9.98154E-05 9.98154E-05 9.98154E-05 9.98154E-05 9.98154E-05 9.98154E-05 9.98154E-05 9.98154E-05 9.98154E-05 9.98154E-05 0.997904 9.98154E-05 9.98154E-05 9.98154E-05 9.98154E-05 9.98154E-05 9.98154E-05 9.98154E-05 9.98154E-05
9.98155E-05 9.98155E-05 9.98155E-05 9.98155E-05 9.98155E-05 9.98155E-05 9.98155E-05 9.98155E-05 9.98155E-05 9.98155E-05 9.98155E-05 9.98155E-05 9.98155E-05 9.98155E-05 9.98155E-05 9.98155E-05 0.997904 9.98155E-05 9.98155E-05 9.98155E-05 9.98155E-05 9.98155E-05
9.98154E-05 9.98154E-05 9.98154E-05 9.98154E-05 9.98154E-05 9.98154E-05 9.98154E-05 9.98154E-05 9.98154E-05 9.98154E-05 9.98154E-05 9.98154E-05 9.98154E-05 9.98154E-05 9.98154E-05 9.98154E-05 0.997904 9.98154E-05 9.98154E-05 9.98154E-05 9.98154E-05 9.98154E-05
