9.99297E-05 0.251355 9.99297E-05 9.99297E-05 0.0365505 0.0591228 0.128257 0.00373428 9.99297E-05 9.99297E-05 9.99297E-05 0.14125 0.362261 9.99297E-05 9.99297E-05 0.0166701
9.99035E-05 9.99035E-05 0.00124351 9.99035E-05 9.99035E-05 0.159851 9.99035E-05 9.99035E-05 9.99035E-05 9.99035E-05 9.99035E-05 9.99035E-05 0.77637 9.99035E-05 0.051218 0.0102183
0.0031895 9.99122E-05 9.99122E-05 9.99122E-05 9.99122E-05 9.99122E-05 0.051667 0.0203166 9.99122E-05 9.99122E-05 0.00844669 9.99122E-05 0.909949 9.99122E-05 0.00543239 9.99122E-05
9.99036E-05 9.99036E-05 9.99036E-05 9.99036E-05 9.99036E-05 9.99036E-05 9.99036E-05 9.99036E-05 0.46998 0.0662221 0.122944 9.99036E-05 0.275247 0.0645084 9.99036E-05 9.99036E-05
9.98947E-05 9.98947E-05 0.0576496 9.98947E-05 9.98947E-05 9.98947E-05 9.98947E-05 9.98947E-05 0.103522 9.98947E-05 9.98947E-05 9.98947E-05 0.806794 0.0308354 9.98947E-05 9.98947E-05
9.99298E-05 0.0756489 0.0507135 9.99298E-05 9.99298E-05 0.0517527 9.99298E-05 9.99298E-05 0.221353 9.99298E-05 0.171624 0.0156497 0.293648 0.11881 9.99298E-05 9.99298E-05
0.0247792 0.12814 9.99298E-05 9.99298E-05 0.166787 0.170649 0.016044 0.0770198 9.99298E-05 9.99298E-05 9.99298E-05 9.99298E-05 0.275762 9.99298E-05 9.99298E-05 0.140019
0.148474 0.185694 9.99211E-05 9.99211E-05 0.0462622 9.99211E-05 9.99211E-05 9.99211E-05 0.178479 9.99211E-05 9.99211E-05 0.105433 0.192894 0.141864 9.99211E-05 9.99211E-05
9.9921E-05 9.9921E-05 9.9921E-05 9.9921E-05 9.9921E-05 0.00466297 0.234109 0.172938 0.0201203 9.9921E-05 0.00583748 9.9921E-05 0.310221 0.251211 9.9921E-05 9.9921E-05
9.98771E-05 9.98771E-05 9.98771E-05 9.98771E-05 9.98771E-05 9.98771E-05 0.0614367 9.98771E-05 9.98771E-05 9.98771E-05 9.98771E-05 9.98771E-05 0.937165 9.98771E-05 9.98771E-05 9.98771E-05
9.98947E-05 0.166498 9.98947E-05 9.98947E-05 9.98947E-05 9.98947E-05 0.146441 9.98947E-05 9.98947E-05 9.98947E-05 9.98947E-05 9.98947E-05 0.564179 9.98947E-05 9.98947E-05 0.121684
0.0392962 9.99035E-05 0.0371409 9.99035E-05 0.00216215 9.99035E-05 9.99035E-05 9.99035E-05 9.99035E-05 0.0167994 9.99035E-05 9.99035E-05 0.903502 9.99035E-05 9.99035E-05 9.99035E-05
9.98859E-05 0.133762 9.98859E-05 9.98859E-05 9.98859E-05 9.98859E-05 0.0514406 9.98859E-05 9.98859E-05 9.98859E-05 9.98859E-05 9.98859E-05 0.813499 9.98859E-05 9.98859E-05 9.98859E-05
0.0328102 9.99123E-05 9.99123E-05 0.0449004 9.99123E-05 9.99123E-05 0.0761007 9.99123E-05 9.99123E-05 9.99123E-05 0.103358 9.99123E-05 0.670363 9.99123E-05 9.99123E-05 0.0714681
9.99298E-05 0.209126 0.0126907 9.99298E-05 0.0198018 9.99298E-05 0.146048 0.00752472 9.99298E-05 9.99298E-05 0.131952 9.99298E-05 0.325233 0.146825 9.99298E-05 9.99298E-05
0.0481202 0.215076 0.0657629 9.99297E-05 0.0540987 9.99297E-05 0.101437 9.99297E-05 9.99297E-05 9.99297E-05 0.0800283 9.99297E-05 0.225758 0.208919 9.99297E-05 9.99297E-05
9.9921E-05 9.9921E-05 9.9921E-05 0.13042 0.0980705 0.0824963 0.0478971 9.9921E-05 9.9921E-05 9.9921E-05 9.9921E-05 0.0191263 0.597204 9.9921E-05 9.9921E-05 0.0238861
9.99123E-05 0.377929 9.99123E-05 9.99123E-05 9.99123E-05 9.99123E-05 0.157483 9.99123E-05 9.99123E-05 0.10825 9.99123E-05 9.99123E-05 0.13882 0.0414484 0.175071 9.99123E-05
9.99122E-05 0.11975 0.226172 9.99122E-05 9.99122E-05 9.99122E-05 0.210336 9.99122E-05 9.99122E-05 9.99122E-05 9.99122E-05 9.99122E-05 0.352334 0.0899888 9.99122E-05 0.000419404
9.98771E-05 9.98771E-05 9.98771E-05 9.98771E-05 9.98771E-05 9.98771E-05 9.98771E-05 9.98771E-05 9.98771E-05 0.00185904 9.98771E-05 9.98771E-05 0.996743 9.98771E-05 9.98771E-05 9.98771E-05
0.0504744 9.99385E-05 9.99385E-05 9.99385E-05 0.0595704 9.99385E-05 0.0506752 0.0254281 0.128793 0.0206467 9.99385E-05 9.99385E-05 0.520275 0.0852529 9.99385E-05 0.0581846
9.99123E-05 0.274671 0.17597 9.99123E-05 9.99123E-05 9.99123E-05 9.99123E-05 9.99123E-05 0.113647 9.99123E-05 0.0123393 9.99123E-05 0.273205 0.149169 9.99123E-05 9.99123E-05
9.99123E-05 0.0372741 9.99123E-05 9.99123E-05 9.99123E-05 9.99123E-05 0.0837821 9.99123E-05 9.99123E-05 9.99123E-05 0.0471409 9.99123E-05 0.664901 0.0457718 9.99123E-05 0.120131
0.0141798 0.365524 9.99034E-05 9.99034E-05 9.99034E-05 9.99034E-05 0.210481 0.0798394 9.99034E-05 9.99034E-05 9.99034E-05 9.99034E-05 0.328877 9.99034E-05 9.99034E-05 9.99034E-05
9.99473E-05 0.0395981 0.0218264 9.99473E-05 0.0281461 9.99473E-05 0.241662 0.0106535 9.99473E-05 0.0768042 0.200792 9.99473E-05 0.294737 0.0532335 9.99473E-05 0.031948
9.99035E-05 9.99035E-05 9.99035E-05 9.99035E-05 0.0367818 9.99035E-05 0.121993 9.99035E-05 9.99035E-05 9.99035E-05 0.170945 9.99035E-05 0.650302 9.99035E-05 9.99035E-05 0.0188795
0.0408359 0.413121 9.99122E-05 9.99122E-05 9.99122E-05 9.99122E-05 0.0755654 9.99122E-05 9.99122E-05 9.99122E-05 0.322026 9.99122E-05 9.99122E-05 0.0182855 0.129168 9.99122E-05
9.98948E-05 9.98948E-05 9.98948E-05 9.98948E-05 0.0648411 9.98948E-05 0.0432293 9.98948E-05 9.98948E-05 9.98948E-05 0.0852168 9.98948E-05 0.805514 9.98948E-05 9.98948E-05 9.98948E-05
9.99035E-05 0.0983803 9.99035E-05 9.99035E-05 9.99035E-05 9.99035E-05 0.238879 0.0147447 9.99035E-05 9.99035E-05 0.0517818 9.99035E-05 0.595115 9.99035E-05 9.99035E-05 9.99035E-05
9.9921E-05 9.9921E-05 0.010115 0.0768951 9.9921E-05 9.9921E-05 0.0349003 0.00652456 9.9921E-05 0.036408 9.9921E-05 9.9921E-05 0.760952 0.073306 9.9921E-05 9.9921E-05
9.99122E-05 0.0893663 0.0621333 9.99122E-05 9.99122E-05 9.99122E-05 0.0461546 9.99122E-05 9.99122E-05 9.99122E-05 9.99122E-05 9.99122E-05 0.687765 0.0164691 9.99122E-05 0.0971127
9.99123E-05 0.0357342 0.0802993 9.99123E-05 9.99123E-05 9.99123E-05 0.0527508 9.99123E-05 9.99123E-05 9.99123E-05 0.213266 9.99123E-05 0.580362 9.99123E-05 9.99123E-05 0.0365881
0.0519831 0.172411 9.99034E-05 9.99034E-05 9.99034E-05 9.99034E-05 0.116888 9.99034E-05 9.99034E-05 9.99034E-05 9.99034E-05 9.99034E-05 0.548568 9.99034E-05 9.99034E-05 0.109051
0.0445881 0.054416 9.99298E-05 9.99298E-05 0.0205837 9.99298E-05 0.137098 9.99298E-05 9.99298E-05 9.99298E-05 0.124867 9.99298E-05 0.574821 9.99298E-05 0.0314383 0.0113886
9.98948E-05 9.98948E-05 9.98948E-05 9.98948E-05 9.98948E-05 0.0576377 9.98948E-05 9.98948E-05 9.98948E-05 0.0637616 9.98948E-05 9.98948E-05 0.816842 9.98948E-05 9.98948E-05 0.0605599
9.99035E-05 0.0776983 9.99035E-05 9.99035E-05 0.18694 9.99035E-05 0.00618059 0.047458 9.99035E-05 9.99035E-05 9.99035E-05 9.99035E-05 0.680624 9.99035E-05 9.99035E-05 9.99035E-05
0.0375824 9.99036E-05 0.0901301 9.99036E-05 9.99036E-05 0.0123665 9.99036E-05 9.99036E-05 9.99036E-05 9.99036E-05 9.99036E-05 9.99036E-05 0.844204 9.99036E-05 9.99036E-05 0.0146183
9.99036E-05 9.99036E-05 9.99036E-05 9.99036E-05 9.99036E-05 0.0289385 0.0569852 9.99036E-05 9.99036E-05 0.0622698 9.99036E-05 9.99036E-05 0.702882 0.147826 9.99036E-05 9.99036E-05
9.99298E-05 9.99298E-05 9.99298E-05 0.052205 9.99298E-05 0.0969885 0.167803 9.99298E-05 0.0587874 9.99298E-05 0.0160879 9.99298E-05 0.56157 0.0141766 9.99298E-05 0.0315828
0.0635046 9.99034E-05 0.114735 9.99034E-05 9.99034E-05 9.99034E-05 0.0437308 9.99034E-05 9.99034E-05 9.99034E-05 0.220484 9.99034E-05 0.556447 9.99034E-05 9.99034E-05 9.99034E-05
9.99298E-05 0.0876165 0.00123576 9.99298E-05 0.00450134 9.99298E-05 0.0253913 9.99298E-05 9.99298E-05 9.99298E-05 9.99298E-05 0.0218564 0.78556 0.0617745 9.99298E-05 0.0112649
9.98947E-05 0.375286 9.98947E-05 9.98947E-05 9.98947E-05 9.98947E-05 0.0675285 0.01098 9.98947E-05 9.98947E-05 9.98947E-05 9.98947E-05 0.545007 9.98947E-05 9.98947E-05 9.98947E-05
9.99034E-05 0.045349 9.99034E-05 0.0759661 9.99034E-05 0.0225605 9.99034E-05 9.99034E-05 0.0180933 9.99034E-05 9.99034E-05 9.99034E-05 0.836932 9.99034E-05 9.99034E-05 9.99034E-05
9.99122E-05 0.175671 9.99122E-05 9.99122E-05 9.99122E-05 9.99122E-05 0.196318 0.0320241 9.99122E-05 9.99122E-05 9.99122E-05 9.99122E-05 0.399706 0.10514 9.99122E-05 0.090141
9.9921E-05 0.190893 0.0168859 9.9921E-05 0.230256 9.9921E-05 0.145406 9.9921E-05 0.117024 0.0282664 9.9921E-05 9.9921E-05 0.270369 9.9921E-05 9.9921E-05 9.9921E-05
9.98946E-05 9.98946E-05 9.98946E-05 9.98946E-05 9.98946E-05 9.98946E-05 0.0302137 9.98946E-05 0.0183429 0.0587651 9.98946E-05 9.98946E-05 0.89148 9.98946E-05 9.98946E-05 9.98946E-05
9.98947E-05 9.98947E-05 9.98947E-05 9.98947E-05 9.98947E-05 9.98947E-05 0.0551263 9.98947E-05 9.98947E-05 9.98947E-05 9.98947E-05 9.98947E-05 0.871949 0.0117816 0.0599443 9.98947E-05
9.98947E-05 9.98947E-05 9.98947E-05 9.98947E-05 9.98947E-05 9.98947E-05 0.00457867 9.98947E-05 9.98947E-05 9.98947E-05 9.98947E-05 0.00493225 0.988548 9.98947E-05 0.000742561 9.98947E-05
9.9921E-05 0.0908303 9.9921E-05 9.9921E-05 0.0280285 9.9921E-05 0.099969 9.9921E-05 0.030336 9.9921E-05 9.9921E-05 0.0449558 0.621146 9.9921E-05 9.9921E-05 0.0838351
0.0860474 9.99212E-05 0.0940517 9.99212E-05 9.99212E-05 9.99212E-05 9.99212E-05 9.99212E-05 0.00552812 9.99212E-05 9.99212E-05 9.99212E-05 0.725839 0.0335294 0.0270814 0.0270234
9.99298E-05 0.0836934 9.99298E-05 9.99298E-05 0.0255732 9.99298E-05 0.194201 0.0168439 9.99298E-05 9.99298E-05 0.187496 9.99298E-05 0.32265 0.0595524 9.99298E-05 0.109191
0.0136395 0.00322964 9.9921E-05 9.9921E-05 0.169441 9.9921E-05 9.9921E-05 0.0501551 0.0458504 9.9921E-05 9.9921E-05 9.9921E-05 0.703679 0.0131067 9.9921E-05 9.9921E-05
9.9886E-05 9.9886E-05 9.9886E-05 9.9886E-05 9.9886E-05 9.9886E-05 0.0286655 9.9886E-05 9.9886E-05 9.9886E-05 9.9886E-05 9.9886E-05 0.912063 9.9886E-05 0.0579735 9.9886E-05
0.166716 9.99036E-05 9.99036E-05 9.99036E-05 9.99036E-05 9.99036E-05 0.15336 9.99036E-05 0.0997832 9.99036E-05 9.99036E-05 9.99036E-05 0.564293 0.0147482 9.99036E-05 9.99036E-05
9.98859E-05 9.98859E-05 0.109195 9.98859E-05 9.98859E-05 9.98859E-05 0.0902686 9.98859E-05 9.98859E-05 9.98859E-05 9.98859E-05 9.98859E-05 0.799238 9.98859E-05 9.98859E-05 9.98859E-05
9.99123E-05 9.99123E-05 0.00571344 9.99123E-05 9.99123E-05 9.99123E-05 9.99123E-05 9.99123E-05 0.0304515 0.00913815 0.169052 9.99123E-05 0.747923 9.99123E-05 9.99123E-05 0.0367225
9.98948E-05 9.98948E-05 9.98948E-05 9.98948E-05 9.98948E-05 0.110115 9.98948E-05 9.98948E-05 9.98948E-05 9.98948E-05 9.98948E-05 9.98948E-05 0.77411 0.0262818 0.0882954 9.98948E-05
9.98947E-05 9.98947E-05 9.98947E-05 9.98947E-05 0.10904 9.98947E-05 0.0475873 9.98947E-05 9.98947E-05 9.98947E-05 9.98947E-05 9.98947E-05 0.834747 9.98947E-05 9.98947E-05 0.00742694
0.0725135 9.99035E-05 9.99035E-05 9.99035E-05 9.99035E-05 9.99035E-05 9.99035E-05 9.99035E-05 9.99035E-05 9.99035E-05 9.99035E-05 0.0276077 0.810477 0.0228731 9.99035E-05 0.0654298
9.9921E-05 0.481322 9.9921E-05 9.9921E-05 9.9921E-05 0.133513 0.200884 9.9921E-05 9.9921E-05 9.9921E-05 0.0736414 9.9921E-05 9.9921E-05 0.0281553 0.0542724 0.0273125
0.0172928 0.765624 9.99124E-05 9.99124E-05 9.99124E-05 0.066846 0.00931196 0.0536308 9.99124E-05 9.99124E-05 9.99124E-05 9.99124E-05 0.0862958 9.99124E-05 9.99124E-05 9.99124E-05
9.98947E-05 0.513993 9.98947E-05 0.220566 9.98947E-05 0.127966 9.98947E-05 9.98947E-05 9.98947E-05 9.98947E-05 9.98947E-05 9.98947E-05 9.98947E-05 9.98947E-05 0.136276 9.98947E-05
9.99123E-05 0.11871 9.99123E-05 9.99123E-05 9.99123E-05 0.38469 0.0752505 9.99123E-05 9.99123E-05 9.99123E-05 0.315678 9.99123E-05 9.99123E-05 0.0441366 0.0605355 9.99123E-05
9.99209E-05 0.531585 9.99209E-05 9.99209E-05 9.99209E-05 0.0105743 0.115993 9.99209E-05 0.0430613 0.0972211 9.99209E-05 9.99209E-05 9.99209E-05 0.0778043 0.122862 9.99209E-05
9.99121E-05 0.590523 9.99121E-05 9.99121E-05 9.99121E-05 0.117325 0.160743 9.99121E-05 9.99121E-05 9.99121E-05 9.99121E-05 0.0566155 9.99121E-05 0.0451423 9.99121E-05 0.0286521
9.99034E-05 0.291138 9.99034E-05 9.99034E-05 0.164783 0.376881 0.137448 9.99034E-05 9.99034E-05 9.99034E-05 9.99034E-05 9.99034E-05 9.99034E-05 9.99034E-05 9.99034E-05 0.0286507
9.99122E-05 0.25306 9.99122E-05 9.99122E-05 9.99122E-05 0.192672 0.167802 9.99122E-05 9.99122E-05 9.99122E-05 0.0963907 9.99122E-05 9.99122E-05 0.0221217 0.266954 9.99122E-05
9.99035E-05 0.60827 9.99035E-05 0.0964852 9.99035E-05 0.16977 0.0633815 0.060995 9.99035E-05 9.99035E-05 9.99035E-05 9.99035E-05 9.99035E-05 9.99035E-05 9.99035E-05 9.99035E-05
9.99123E-05 0.609425 9.99123E-05 9.99123E-05 9.99123E-05 0.0294151 0.0685341 9.99123E-05 9.99123E-05 9.99123E-05 9.99123E-05 9.99123E-05 0.101131 0.00162684 9.99123E-05 0.188869
9.99122E-05 0.263839 0.0221445 9.99122E-05 9.99122E-05 9.99122E-05 0.44886 9.99122E-05 9.99122E-05 9.99122E-05 9.99122E-05 9.99122E-05 9.99122E-05 0.0636449 0.0159212 0.184592
0.0818479 0.392462 0.1118 9.99209E-05 9.99209E-05 0.156065 0.116012 9.99209E-05 9.99209E-05 9.99209E-05 9.99209E-05 0.092958 9.99209E-05 9.99209E-05 9.99209E-05 0.0479556
0.0179926 0.264671 9.99473E-05 9.99473E-05 9.99473E-05 0.00512683 0.0533799 9.99473E-05 0.0932437 0.0176395 0.213941 0.135283 9.99473E-05 0.102358 0.0957652 9.99473E-05
9.98946E-05 0.577404 0.051591 9.98946E-05 9.98946E-05 0.130707 0.2391 9.98946E-05 9.98946E-05 9.98946E-05 9.98946E-05 9.98946E-05 9.98946E-05 9.98946E-05 9.98946E-05 9.98946E-05
0.0177842 0.618681 9.99212E-05 0.0357779 9.99212E-05 0.0684214 9.99212E-05 0.0988591 9.99212E-05 9.99212E-05 0.123087 9.99212E-05 0.0364898 9.99212E-05 9.99212E-05 9.99212E-05
9.99101E-05 0.663414 9.99101E-05 0.0956819 0.0379573 0.0933008 0.0578704 9.99101E-05 9.99101E-05 9.99101E-05 9.99101E-05 9.99101E-05 9.99101E-05 0.0173166 9.99101E-05 0.03356
9.99209E-05 0.51545 0.0473302 9.99209E-05 9.99209E-05 0.026679 0.0380727 0.100379 9.99209E-05 9.99209E-05 0.1935 9.99209E-05 9.99209E-05 9.99209E-05 0.0776906 9.99209E-05
9.99122E-05 0.709665 0.0288979 9.99122E-05 0.0766789 9.99122E-05 9.99122E-05 9.99122E-05 9.99122E-05 9.99122E-05 9.99122E-05 0.0671443 9.99122E-05 0.051271 9.99122E-05 0.0653437
9.99201E-05 0.59604 0.00863499 9.99201E-05 9.99201E-05 0.0572887 0.153563 9.99201E-05 9.99201E-05 9.99201E-05 9.99201E-05 9.99201E-05 0.0431331 0.0174404 0.120598 0.00250134
0.104951 0.425983 9.99385E-05 9.99385E-05 9.99385E-05 0.0471667 0.303305 9.99385E-05 9.99385E-05 0.0143627 0.0143185 0.0387346 9.99385E-05 9.99385E-05 0.0123125 0.0381666
0.0223621 0.595142 9.99036E-05 0.303313 9.99036E-05 9.99036E-05 0.0637093 9.99036E-05 9.99036E-05 9.99036E-05 9.99036E-05 9.99036E-05 9.99036E-05 9.99036E-05 0.0143745 9.99036E-05
9.99121E-05 0.627908 0.00400381 9.99121E-05 9.99121E-05 0.111007 0.124003 9.99121E-05 9.99121E-05 9.99121E-05 0.0667545 9.99121E-05 9.99121E-05 9.99121E-05 0.0653254 9.99121E-05
9.99035E-05 0.563176 9.99035E-05 9.99035E-05 9.99035E-05 0.0642648 0.0861784 9.99035E-05 9.99035E-05 9.99035E-05 0.263661 9.99035E-05 9.99035E-05 9.99035E-05 0.0216205 9.99035E-05
9.99298E-05 0.454381 0.184363 9.99298E-05 9.99298E-05 9.99298E-05 0.0353 0.0952071 0.0136482 9.99298E-05 9.99298E-05 9.99298E-05 0.00364368 0.0746022 0.138056 9.99298E-05
9.99122E-05 0.562772 9.99122E-05 9.99122E-05 0.108092 9.99122E-05 0.065474 9.99122E-05 9.99122E-05 9.99122E-05 0.0545034 0.130011 9.99122E-05 9.99122E-05 9.99122E-05 0.0781493
9.99299E-05 0.49845 9.99299E-05 0.122112 9.99299E-05 0.150807 0.0979997 9.99299E-05 9.99299E-05 0.00135591 9.99299E-05 9.99299E-05 0.120162 0.00533766 9.99299E-05 0.00297706
9.99036E-05 0.682593 9.99036E-05 0.139715 9.99036E-05 9.99036E-05 9.99036E-05 9.99036E-05 9.99036E-05 9.99036E-05 9.99036E-05 0.0665564 0.00151901 9.99036E-05 0.108518 9.99036E-05
9.99212E-05 0.617162 9.99212E-05 0.0459734 0.0131797 0.165736 0.0747846 0.0621109 9.99212E-05 9.99212E-05 9.99212E-05 9.99212E-05 0.0201532 9.99212E-05 9.99212E-05 9.99212E-05
9.99123E-05 0.623878 9.99123E-05 9.99123E-05 9.99123E-05 9.99123E-05 0.0966518 9.99123E-05 9.99123E-05 9.99123E-05 9.99123E-05 0.0407681 0.082935 0.0233486 0.131419 9.99123E-05
0.0111004 0.286433 9.99211E-05 0.267161 9.99211E-05 0.0429178 0.225281 9.99211E-05 9.99211E-05 9.99211E-05 9.99211E-05 9.99211E-05 0.0287297 0.137477 9.99211E-05 9.99211E-05
9.98859E-05 9.98859E-05 9.98859E-05 9.98859E-05 9.98859E-05 9.98859E-05 0.10285 9.98859E-05 9.98859E-05 9.98859E-05 0.799244 9.98859E-05 9.98859E-05 0.0966071 9.98859E-05 9.98859E-05
9.98948E-05 9.98948E-05 9.98948E-05 0.352956 9.98948E-05 9.98948E-05 0.045625 9.98948E-05 9.98948E-05 9.98948E-05 0.588749 9.98948E-05 9.98948E-05 0.0114711 9.98948E-05 9.98948E-05
9.98771E-05 9.98771E-05 9.98771E-05 9.98771E-05 9.98771E-05 9.98771E-05 0.066457 9.98771E-05 9.98771E-05 9.98771E-05 0.932145 9.98771E-05 9.98771E-05 9.98771E-05 9.98771E-05 9.98771E-05
9.98901E-05 9.98901E-05 9.98901E-05 9.98901E-05 9.98901E-05 9.98901E-05 0.129555 9.98901E-05 9.98901E-05 9.98901E-05 0.830285 9.98901E-05 9.98901E-05 0.0148606 0.0232065 0.000993704
9.98857E-05 9.98857E-05 9.98857E-05 9.98857E-05 9.98857E-05 9.98857E-05 9.98857E-05 9.98857E-05 9.98857E-05 9.98857E-05 0.788515 0.064153 9.98857E-05 0.146033 9.98857E-05 9.98857E-05
9.99035E-05 9.99035E-05 9.99035E-05 9.99035E-05 0.114207 0.0940056 0.101975 9.99035E-05 9.99035E-05 9.99035E-05 0.567191 9.99035E-05 9.99035E-05 0.121523 9.99035E-05 9.99035E-05
9.99035E-05 9.99035E-05 9.99035E-05 9.99035E-05 9.99035E-05 9.99035E-05 0.0758783 9.99035E-05 9.99035E-05 9.99035E-05 0.742727 9.99035E-05 9.99035E-05 0.0782948 0.0909524 0.0110483
9.98771E-05 9.98771E-05 9.98771E-05 9.98771E-05 9.98771E-05 9.98771E-05 9.98771E-05 9.98771E-05 9.98771E-05 9.98771E-05 0.808726 9.98771E-05 9.98771E-05 0.189876 9.98771E-05 9.98771E-05
9.99121E-05 0.015082 9.99121E-05 9.99121E-05 9.99121E-05 0.241561 9.99121E-05 9.99121E-05 9.99121E-05 9.99121E-05 0.444345 0.0135359 9.99121E-05 0.260084 9.99121E-05 0.0243941
9.99034E-05 9.99034E-05 9.99034E-05 9.99034E-05 0.0604578 9.99034E-05 0.245622 9.99034E-05 9.99034E-05 9.99034E-05 0.479076 0.0186551 9.99034E-05 0.195091 9.99034E-05 9.99034E-05
9.9886E-05 9.9886E-05 9.9886E-05 0.113048 9.9886E-05 0.27799 9.9886E-05 9.9886E-05 9.9886E-05 9.9886E-05 0.607664 9.9886E-05 9.9886E-05 9.9886E-05 9.9886E-05 9.9886E-05
9.9886E-05 9.9886E-05 9.9886E-05 9.9886E-05 9.9886E-05 0.12816 0.0338768 9.9886E-05 9.9886E-05 9.9886E-05 0.836664 9.9886E-05 9.9886E-05 9.9886E-05 9.9886E-05 9.9886E-05
9.98947E-05 9.98947E-05 9.98947E-05 9.98947E-05 9.98947E-05 9.98947E-05 9.98947E-05 9.98947E-05 9.98947E-05 9.98947E-05 0.836709 0.00477799 9.98947E-05 0.134517 0.0227967 9.98947E-05
9.9886E-05 9.9886E-05 9.9886E-05 9.9886E-05 9.9886E-05 9.9886E-05 0.19125 9.9886E-05 9.9886E-05 9.9886E-05 0.629967 9.9886E-05 9.9886E-05 0.177484 9.9886E-05 9.9886E-05
9.99035E-05 9.99035E-05 9.99035E-05 9.99035E-05 9.99035E-05 9.99035E-05 0.0293555 9.99035E-05 9.99035E-05 9.99035E-05 0.755831 0.10854 9.99035E-05 0.0266319 0.0785429 9.99035E-05
9.99123E-05 9.99123E-05 9.99123E-05 9.99123E-05 0.020191 0.0660614 0.215237 9.99123E-05 9.99123E-05 9.99123E-05 0.669924 9.99123E-05 9.99123E-05 0.0104126 9.99123E-05 0.0171747
9.98947E-05 9.98947E-05 9.98947E-05 9.98947E-05 9.98947E-05 0.229013 0.0929076 9.98947E-05 9.98947E-05 0.00902205 0.667858 9.98947E-05 9.98947E-05 9.98947E-05 9.98947E-05 9.98947E-05
9.98948E-05 9.98948E-05 9.98948E-05 9.98948E-05 9.98948E-05 9.98948E-05 9.98948E-05 9.98948E-05 0.077756 9.98948E-05 0.751537 9.98948E-05 9.98948E-05 0.146788 9.98948E-05 0.0227202
9.98772E-05 9.98772E-05 9.98772E-05 9.98772E-05 9.98772E-05 9.98772E-05 9.98772E-05 9.98772E-05 9.98772E-05 9.98772E-05 0.970749 9.98772E-05 9.98772E-05 9.98772E-05 9.98772E-05 0.0278526
9.9921E-05 9.9921E-05 9.9921E-05 0.17072 0.0199966 9.9921E-05 0.113623 9.9921E-05 9.9921E-05 0.0667329 0.504606 9.9921E-05 9.9921E-05 0.106474 9.9921E-05 0.0169476
9.99122E-05 9.99122E-05 9.99122E-05 9.99122E-05 0.00818842 0.144788 0.085814 9.99122E-05 0.00588649 9.99122E-05 0.726871 9.99122E-05 9.99122E-05 0.0274523 9.99122E-05 9.99122E-05
9.98946E-05 9.98946E-05 9.98946E-05 9.98946E-05 9.98946E-05 9.98946E-05 0.0849017 9.98946E-05 9.98946E-05 9.98946E-05 0.835847 0.0584223 9.98946E-05 9.98946E-05 0.0196303 9.98946E-05
9.99034E-05 9.99034E-05 9.99034E-05 9.99034E-05 9.99034E-05 0.0364285 0.188051 9.99034E-05 9.99034E-05 0.0745936 0.493066 9.99034E-05 9.99034E-05 0.206761 9.99034E-05 9.99034E-05
9.98947E-05 9.98947E-05 9.98947E-05 0.0168351 9.98947E-05 9.98947E-05 0.0884193 9.98947E-05 9.98947E-05 9.98947E-05 0.786674 9.98947E-05 9.98947E-05 0.106873 9.98947E-05 9.98947E-05
9.99034E-05 9.99034E-05 9.99034E-05 9.99034E-05 9.99034E-05 9.99034E-05 0.219311 9.99034E-05 9.99034E-05 0.0336909 0.516706 9.99034E-05 9.99034E-05 0.225562 9.99034E-05 0.0036308
9.99035E-05 9.99035E-05 9.99035E-05 0.194164 9.99035E-05 0.0940624 0.158359 9.99035E-05 9.99035E-05 9.99035E-05 0.415058 9.99035E-05 9.99035E-05 0.137258 9.99035E-05 9.99035E-05
9.99034E-05 9.99034E-05 9.99034E-05 0.52896 9.99034E-05 9.99034E-05 0.119587 0.0874494 0.0797813 9.99034E-05 0.183123 9.99034E-05 9.99034E-05 9.99034E-05 9.99034E-05 9.99034E-05
9.98945E-05 9.98945E-05 0.038764 9.98945E-05 9.98945E-05 9.98945E-05 0.0730727 9.98945E-05 9.98945E-05 9.98945E-05 0.839454 9.98945E-05 9.98945E-05 0.047511 9.98945E-05 9.98945E-05
9.98947E-05 9.98947E-05 9.98947E-05 9.98947E-05 9.98947E-05 0.00198835 0.180857 9.98947E-05 9.98947E-05 9.98947E-05 0.492807 9.98947E-05 9.98947E-05 0.323149 9.98947E-05 9.98947E-05
9.98948E-05 9.98948E-05 9.98948E-05 9.98948E-05 9.98948E-05 9.98948E-05 0.147828 9.98948E-05 9.98948E-05 0.0546386 0.760188 9.98948E-05 9.98948E-05 9.98948E-05 9.98948E-05 0.0361467
9.98948E-05 9.98948E-05 9.98948E-05 9.98948E-05 9.98948E-05 9.98948E-05 0.19728 9.98948E-05 9.98948E-05 9.98948E-05 0.746959 9.98948E-05 9.98948E-05 0.0277742 9.98948E-05 0.0267879
0.0247528 9.98771E-05 9.98771E-05 9.98771E-05 9.98771E-05 9.98771E-05 9.98771E-05 9.98771E-05 9.98771E-05 9.98771E-05 0.973849 9.98771E-05 9.98771E-05 9.98771E-05 9.98771E-05 9.98771E-05
9.98946E-05 9.98946E-05 9.98946E-05 9.98946E-05 9.98946E-05 9.98946E-05 0.0752039 9.98946E-05 9.98946E-05 0.176768 0.507731 9.98946E-05 9.98946E-05 0.239099 9.98946E-05 9.98946E-05
9.98858E-05 9.98858E-05 0.0339839 9.98858E-05 9.98858E-05 9.98858E-05 0.0945196 9.98858E-05 9.98858E-05 9.98858E-05 0.870198 9.98858E-05 9.98858E-05 9.98858E-05 9.98858E-05 9.98858E-05
9.98859E-05 9.98859E-05 9.98859E-05 9.98859E-05 9.98859E-05 9.98859E-05 0.031921 9.98859E-05 9.98859E-05 9.98859E-05 0.957864 9.98859E-05 9.98859E-05 0.00891603 9.98859E-05 9.98859E-05
9.9921E-05 9.9921E-05 9.9921E-05 0.017403 0.0295033 0.051825 9.9921E-05 9.9921E-05 9.9921E-05 9.9921E-05 0.791593 0.00709873 9.9921E-05 0.0670389 9.9921E-05 0.0346387
9.98945E-05 9.98945E-05 9.98945E-05 9.98945E-05 9.98945E-05 9.98945E-05 0.210822 9.98945E-05 9.98945E-05 9.98945E-05 0.740652 0.0269445 9.98945E-05 0.0203836 9.98945E-05 9.98945E-05
9.99034E-05 9.99034E-05 9.99034E-05 0.394778 9.99034E-05 9.99034E-05 0.0771766 0.0145589 9.99034E-05 9.99034E-05 0.47085 9.99034E-05 9.99034E-05 0.0415377 9.99034E-05 9.99034E-05
9.99035E-05 9.99035E-05 9.99035E-05 0.0964574 9.99035E-05 9.99035E-05 0.0860088 9.99035E-05 9.99035E-05 9.99035E-05 0.762179 9.99035E-05 9.99035E-05 9.99035E-05 0.0238188 0.0304371
9.98861E-05 9.98861E-05 9.98861E-05 0.155281 9.98861E-05 9.98861E-05 9.98861E-05 9.98861E-05 9.98861E-05 9.98861E-05 0.842388 9.98861E-05 9.98861E-05 0.00103308 9.98861E-05 9.98861E-05
9.99035E-05 9.99035E-05 9.99035E-05 0.299656 9.99035E-05 0.0262626 9.99035E-05 9.99035E-05 9.99035E-05 9.99035E-05 0.595595 9.99035E-05 9.99035E-05 0.0743052 9.99035E-05 0.0030828
9.98946E-05 9.98946E-05 9.98946E-05 9.98946E-05 9.98946E-05 0.132037 0.239168 9.98946E-05 9.98946E-05 9.98946E-05 0.534473 9.98946E-05 9.98946E-05 0.0931229 9.98946E-05 9.98946E-05
9.98859E-05 9.98859E-05 9.98859E-05 9.98859E-05 9.98859E-05 9.98859E-05 9.98859E-05 9.98859E-05 0.0162571 9.98859E-05 0.84941 9.98859E-05 9.98859E-05 0.133034 9.98859E-05 9.98859E-05
9.99034E-05 9.99034E-05 9.99034E-05 0.490488 9.99034E-05 9.99034E-05 0.0730994 9.99034E-05 9.99034E-05 0.0554975 0.247322 9.99034E-05 9.99034E-05 0.132494 9.99034E-05 9.99034E-05
9.98859E-05 9.98859E-05 9.98859E-05 0.381724 9.98859E-05 9.98859E-05 0.124231 9.98859E-05 9.98859E-05 9.98859E-05 0.492746 9.98859E-05 9.98859E-05 9.98859E-05 9.98859E-05 9.98859E-05
9.99122E-05 9.99122E-05 9.99122E-05 9.99122E-05 9.99122E-05 0.152787 0.0158231 9.99122E-05 9.99122E-05 0.0385392 0.475276 9.99122E-05 9.99122E-05 0.211077 0.105499 9.99122E-05
9.9921E-05 0.0816698 9.9921E-05 0.0484449 9.9921E-05 0.00179636 0.0964172 9.9921E-05 9.9921E-05 9.9921E-05 0.629506 9.9921E-05 9.9921E-05 0.0635785 0.0776884 9.9921E-05
9.99124E-05 9.99124E-05 9.99124E-05 9.99124E-05 9.99124E-05 0.18809 0.0664337 0.112911 9.99124E-05 9.99124E-05 0.443671 0.0358269 9.99124E-05 0.152068 9.99124E-05 9.99124E-05
9.99122E-05 0.154747 9.99122E-05 9.99122E-05 9.99122E-05 9.99122E-05 0.130104 9.99122E-05 9.99122E-05 0.0427406 0.436131 9.99122E-05 9.99122E-05 0.220407 9.99122E-05 0.014871
9.9886E-05 9.9886E-05 9.9886E-05 0.35053 9.9886E-05 9.9886E-05 0.00318117 9.9886E-05 9.9886E-05 9.9886E-05 0.64499 9.9886E-05 9.9886E-05 9.9886E-05 9.9886E-05 9.9886E-05
9.98858E-05 9.98858E-05 9.98858E-05 9.98858E-05 0.250696 9.98858E-05 0.0960224 9.98858E-05 9.98858E-05 9.98858E-05 0.651983 9.98858E-05 9.98858E-05 9.98858E-05 9.98858E-05 9.98858E-05
9.98946E-05 9.98946E-05 9.98946E-05 0.507288 9.98946E-05 0.0213552 9.98946E-05 9.98946E-05 9.98946E-05 9.98946E-05 0.344463 9.98946E-05 9.98946E-05 0.125696 9.98946E-05 9.98946E-05
9.99123E-05 9.99123E-05 9.99123E-05 0.132054 0.0306779 9.99123E-05 0.0567631 9.99123E-05 9.99123E-05 9.99123E-05 0.635129 9.99123E-05 9.99123E-05 0.0503074 9.99123E-05 0.0940694
0.0154962 9.98946E-05 9.98946E-05 9.98946E-05 9.98946E-05 0.0299231 9.98946E-05 9.98946E-05 9.98946E-05 9.98946E-05 0.929668 9.98946E-05 9.98946E-05 0.0237136 9.98946E-05 9.98946E-05
9.98945E-05 9.98945E-05 9.98945E-05 9.98945E-05 0.11533 9.98945E-05 9.98945E-05 9.98945E-05 9.98945E-05 9.98945E-05 0.863902 9.98945E-05 9.98945E-05 9.98945E-05 0.00130204 0.0182671
9.98946E-05 9.98946E-05 9.98946E-05 9.98946E-05 9.98946E-05 0.144074 0.117465 9.98946E-05 9.98946E-05 9.98946E-05 0.56771 9.98946E-05 9.98946E-05 0.169552 9.98946E-05 9.98946E-05
9.98858E-05 9.98858E-05 9.98858E-05 9.98858E-05 9.98858E-05 9.98858E-05 0.054454 9.98858E-05 9.98858E-05 9.98858E-05 0.834801 9.98858E-05 9.98858E-05 0.109447 9.98858E-05 9.98858E-05
9.98946E-05 9.98946E-05 9.98946E-05 9.98946E-05 9.98946E-05 9.98946E-05 9.98946E-05 9.98946E-05 9.98946E-05 0.0136076 0.91565 9.98946E-05 9.98946E-05 0.0244221 9.98946E-05 0.045122
9.98975E-05 9.98975E-05 9.98975E-05 0.00283469 9.98975E-05 9.98975E-05 0.0537083 9.98975E-05 9.98975E-05 0.147656 0.794603 9.98975E-05 9.98975E-05 9.98975E-05 9.98975E-05 9.98975E-05
9.98948E-05 9.98948E-05 9.98948E-05 0.0168554 9.98948E-05 0.0643685 9.98948E-05 9.98948E-05 9.98948E-05 9.98948E-05 0.815529 9.98948E-05 9.98948E-05 0.102048 9.98948E-05 9.98948E-05
9.98681E-05 9.98681E-05 9.98681E-05 9.98681E-05 9.98681E-05 9.98681E-05 0.998502 9.98681E-05 9.98681E-05 9.98681E-05 9.98681E-05 9.98681E-05 9.98681E-05 9.98681E-05 9.98681E-05 9.98681E-05
9.98682E-05 9.98682E-05 9.98682E-05 9.98682E-05 9.98682E-05 9.98682E-05 9.98682E-05 9.98682E-05 9.98682E-05 9.98682E-05 9.98682E-05 9.98682E-05 9.98682E-05 0.998502 9.98682E-05 9.98682E-05
9.98681E-05 9.98681E-05 9.98681E-05 9.98681E-05 9.98681E-05 9.98681E-05 0.998502 9.98681E-05 9.98681E-05 9.98681E-05 9.98681E-05 9.98681E-05 9.98681E-05 9.98681E-05 9.98681E-05 9.98681E-05
9.98681E-05 9.98681E-05 9.98681E-05 9.98681E-05 9.98681E-05 9.98681E-05 9.98681E-05 9.98681E-05 9.98681E-05 9.98681E-05 9.98681E-05 9.98681E-05 9.98681E-05 0.998502 9.98681E-05 9.98681E-05
9.98682E-05 9.98682E-05 9.98682E-05 9.98682E-05 9.98682E-05 9.98682E-05 9.98682E-05 9.98682E-05 9.98682E-05 9.98682E-05 9.98682E-05 9.98682E-05 9.98682E-05 0.998502 9.98682E-05 9.98682E-05
9.98681E-05 9.98681E-05 9.98681E-05 9.98681E-05 9.98681E-05 9.98681E-05 9.98681E-05 9.98681E-05 9.98681E-05 9.98681E-05 9.98681E-05 9.98681E-05 9.98681E-05 0.998502 9.98681E-05 9.98681E-05
9.98681E-05 9.98681E-05 9.98681E-05 9.98681E-05 9.98681E-05 9.98681E-05 0.998502 9.98681E-05 9.98681E-05 9.98681E-05 9.98681E-05 9.98681E-05 9.98681E-05 9.98681E-05 9.98681E-05 9.98681E-05
9.98682E-05 9.98682E-05 9.98682E-05 9.98682E-05 9.98682E-05 9.98682E-05 9.98682E-05 9.98682E-05 9.98682E-05 9.98682E-05 9.98682E-05 9.98682E-05 9.98682E-05 0.998502 9.98682E-05 9.98682E-05
9.98682E-05 9.98682E-05 9.98682E-05 9.98682E-05 9.98682E-05 9.98682E-05 9.98682E-05 9.98682E-05 9.98682E-05 9.98682E-05 9.98682E-05 9.98682E-05 9.98682E-05 0.998502 9.98682E-05 9.98682E-05
9.98681E-05 9.98681E-05 9.98681E-05 9.98681E-05 9.98681E-05 9.98681E-05 0.998502 9.98681E-05 9.98681E-05 9.98681E-05 9.98681E-05 9.98681E-05 9.98681E-05 9.98681E-05 9.98681E-05 9.98681E-05
9.98681E-05 9.98681E-05 9.98681E-05 9.98681E-05 9.98681E-05 9.98681E-05 0.998502 9.98681E-05 9.98681E-05 9.98681E-05 9.98681E-05 9.98681E-05 9.98681E-05 9.98681E-05 9.98681E-05 9.98681E-05
9.98681E-05 9.98681E-05 9.98681E-05 9.98681E-05 9.98681E-05 9.98681E-05 0.998502 9.98681E-05 9.98681E-05 9.98681E-05 9.98681E-05 9.98681E-05 9.98681E-05 9.98681E-05 9.98681E-05 9.98681E-05
9.9868E-05 9.9868E-05 9.9868E-05 9.9868E-05 9.9868E-05 9.9868E-05 9.9868E-05 9.9868E-05 9.9868E-05 9.9868E-05 9.9868E-05 9.9868E-05 9.9868E-05 0.998502 9.9868E-05 9.9868E-05
9.9868E-05 9.9868E-05 9.9868E-05 9.9868E-05 9.9868E-05 9.9868E-05 9.9868E-05 9.9868E-05 9.9868E-05 9.9868E-05 9.9868E-05 9.9868E-05 9.9868E-05 0.998502 9.9868E-05 9.9868E-05
9.98682E-05 9.98682E-05 9.98682E-05 9.98682E-05 9.98682E-05 9.98682E-05 0.998502 9.98682E-05 9.98682E-05 9.98682E-05 9.98682E-05 9.98682E-05 9.98682E-05 9.98682E-05 9.98682E-05 9.98682E-05
9.98681E-05 9.98681E-05 9.98681E-05 9.98681E-05 9.98681E-05 9.98681E-05 0.998502 9.98681E-05 9.98681E-05 9.98681E-05 9.98681E-05 9.98681E-05 9.98681E-05 9.98681E-05 9.98681E-05 9.98681E-05
9.99033E-05 9.99033E-05 0.184774 9.99033E-05 9.99033E-05 9.99033E-05 0.109546 0.0530462 9.99033E-05 9.99033E-05 0.59837 9.99033E-05 9.99033E-05 0.0531636 9.99033E-05 9.99033E-05
9.98681E-05 9.98681E-05 9.98681E-05 9.98681E-05 9.98681E-05 9.98681E-05 0.998502 9.98681E-05 9.98681E-05 9.98681E-05 9.98681E-05 9.98681E-05 9.98681E-05 9.98681E-05 9.98681E-05 9.98681E-05
9.98682E-05 9.98682E-05 9.98682E-05 9.98682E-05 9.98682E-05 9.98682E-05 9.98682E-05 9.98682E-05 9.98682E-05 9.98682E-05 9.98682E-05 9.98682E-05 9.98682E-05 0.998502 9.98682E-05 9.98682E-05
9.9868E-05 9.9868E-05 9.9868E-05 9.9868E-05 9.9868E-05 9.9868E-05 0.998502 9.9868E-05 9.9868E-05 9.9868E-05 9.9868E-05 9.9868E-05 9.9868E-05 9.9868E-05 9.9868E-05 9.9868E-05
9.98769E-05 9.98769E-05 9.98769E-05 9.98769E-05 9.98769E-05 9.98769E-05 0.997231 9.98769E-05 9.98769E-05 9.98769E-05 9.98769E-05 9.98769E-05 9.98769E-05 0.00137038 9.98769E-05 9.98769E-05
9.98682E-05 9.98682E-05 9.98682E-05 9.98682E-05 9.98682E-05 9.98682E-05 0.998502 9.98682E-05 9.98682E-05 9.98682E-05 9.98682E-05 9.98682E-05 9.98682E-05 9.98682E-05 9.98682E-05 9.98682E-05
9.98681E-05 9.98681E-05 9.98681E-05 9.98681E-05 9.98681E-05 9.98681E-05 9.98681E-05 9.98681E-05 9.98681E-05 9.98681E-05 9.98681E-05 9.98681E-05 9.98681E-05 0.998502 9.98681E-05 9.98681E-05
9.98681E-05 9.98681E-05 9.98681E-05 9.98681E-05 9.98681E-05 9.98681E-05 0.998502 9.98681E-05 9.98681E-05 9.98681E-05 9.98681E-05 9.98681E-05 9.98681E-05 9.98681E-05 9.98681E-05 9.98681E-05
9.98681E-05 9.98681E-05 9.98681E-05 9.98681E-05 9.98681E-05 9.98681E-05 9.98681E-05 9.98681E-05 9.98681E-05 9.98681E-05 9.98681E-05 9.98681E-05 9.98681E-05 0.998502 9.98681E-05 9.98681E-05
9.98681E-05 9.98681E-05 9.98681E-05 9.98681E-05 9.98681E-05 9.98681E-05 0.998502 9.98681E-05 9.98681E-05 9.98681E-05 9.98681E-05 9.98681E-05 9.98681E-05 9.98681E-05 9.98681E-05 9.98681E-05
9.98681E-05 9.98681E-05 9.98681E-05 9.98681E-05 9.98681E-05 9.98681E-05 0.998502 9.98681E-05 9.98681E-05 9.98681E-05 9.98681E-05 9.98681E-05 9.98681E-05 9.98681E-05 9.98681E-05 9.98681E-05
9.98681E-05 9.98681E-05 9.98681E-05 9.98681E-05 9.98681E-05 9.98681E-05 9.98681E-05 9.98681E-05 9.98681E-05 9.98681E-05 9.98681E-05 9.98681E-05 9.98681E-05 0.998502 9.98681E-05 9.98681E-05
9.98681E-05 9.98681E-05 9.98681E-05 9.98681E-05 9.98681E-05 9.98681E-05 9.98681E-05 9.98681E-05 9.98681E-05 9.98681E-05 9.98681E-05 9.98681E-05 9.98681E-05 0.998502 9.98681E-05 9.98681E-05
9.98681E-05 9.98681E-05 9.98681E-05 9.98681E-05 9.98681E-05 9.98681E-05 9.98681E-05 9.98681E-05 9.98681E-05 9.98681E-05 9.98681E-05 9.98681E-05 9.98681E-05 0.998502 9.98681E-05 9.98681E-05
9.98682E-05 9.98682E-05 9.98682E-05 9.98682E-05 9.98682E-05 9.98682E-05 0.998502 9.98682E-05 9.98682E-05 9.98682E-05 9.98682E-05 9.98682E-05 9.98682E-05 9.98682E-05 9.98682E-05 9.98682E-05
9.98681E-05 9.98681E-05 9.98681E-05 9.98681E-05 9.98681E-05 9.98681E-05 0.998502 9.98681E-05 9.98681E-05 9.98681E-05 9.98681E-05 9.98681E-05 9.98681E-05 9.98681E-05 9.98681E-05 9.98681E-05
9.98681E-05 9.98681E-05 9.98681E-05 9.98681E-05 9.98681E-05 9.98681E-05 0.998502 9.98681E-05 9.98681E-05 9.98681E-05 9.98681E-05 9.98681E-05 9.98681E-05 9.98681E-05 9.98681E-05 9.98681E-05
9.9868E-05 9.9868E-05 9.9868E-05 9.9868E-05 9.9868E-05 9.9868E-05 0.998502 9.9868E-05 9.9868E-05 9.9868E-05 9.9868E-05 9.9868E-05 9.9868E-05 9.9868E-05 9.9868E-05 9.9868E-05
9.98681E-05 9.98681E-05 9.98681E-05 9.98681E-05 9.98681E-05 9.98681E-05 0.998502 9.98681E-05 9.98681E-05 9.98681E-05 9.98681E-05 9.98681E-05 9.98681E-05 9.98681E-05 9.98681E-05 9.98681E-05
9.98681E-05 9.98681E-05 9.98681E-05 9.98681E-05 9.98681E-05 9.98681E-05 9.98681E-05 9.98681E-05 9.98681E-05 9.98681E-05 9.98681E-05 9.98681E-05 9.98681E-05 0.998502 9.98681E-05 9.98681E-05
9.98681E-05 9.98681E-05 9.98681E-05 9.98681E-05 9.98681E-05 9.98681E-05 9.98681E-05 9.98681E-05 9.98681E-05 9.98681E-05 9.98681E-05 9.98681E-05 9.98681E-05 0.998502 9.98681E-05 9.98681E-05
9.98681E-05 9.98681E-05 9.98681E-05 9.98681E-05 9.98681E-05 9.98681E-05 9.98681E-05 9.98681E-05 9.98681E-05 9.98681E-05 9.98681E-05 9.98681E-05 9.98681E-05 0.998502 9.98681E-05 9.98681E-05
9.9868E-05 9.9868E-05 9.9868E-05 9.9868E-05 9.9868E-05 9.9868E-05 0.998502 9.9868E-05 9.9868E-05 9.9868E-05 9.9868E-05 9.9868E-05 9.9868E-05 9.9868E-05 9.9868E-05 9.9868E-05
9.98681E-05 9.98681E-05 9.98681E-05 9.98681E-05 9.98681E-05 9.98681E-05 9.98681E-05 9.98681E-05 9.98681E-05 9.98681E-05 9.98681E-05 9.98681E-05 9.98681E-05 0.998502 9.98681E-05 9.98681E-05
9.98682E-05 9.98682E-05 9.98682E-05 9.98682E-05 9.98682E-05 9.98682E-05 9.98682E-05 9.98682E-05 9.98682E-05 9.98682E-05 9.98682E-05 9.98682E-05 9.98682E-05 0.998502 9.98682E-05 9.98682E-05
9.98681E-05 9.98681E-05 9.98681E-05 9.98681E-05 9.98681E-05 9.98681E-05 9.98681E-05 9.98681E-05 9.98681E-05 9.98681E-05 9.98681E-05 9.98681E-05 9.98681E-05 0.998502 9.98681E-05 9.98681E-05
9.9868E-05 9.9868E-05 9.9868E-05 9.9868E-05 9.9868E-05 9.9868E-05 9.9868E-05 9.9868E-05 9.9868E-05 9.9868E-05 9.9868E-05 9.9868E-05 9.9868E-05 0.998502 9.9868E-05 9.9868E-05
9.98681E-05 9.98681E-05 9.98681E-05 9.98681E-05 9.98681E-05 9.98681E-05 0.998502 9.98681E-05 9.98681E-05 9.98681E-05 9.98681E-05 9.98681E-05 9.98681E-05 9.98681E-05 9.98681E-05 9.98681E-05
9.98681E-05 9.98681E-05 9.98681E-05 9.98681E-05 9.98681E-05 9.98681E-05 9.98681E-05 9.98681E-05 9.98681E-05 9.98681E-05 9.98681E-05 9.98681E-05 9.98681E-05 0.998502 9.98681E-05 9.98681E-05
9.98681E-05 9.98681E-05 9.98681E-05 9.98681E-05 9.98681E-05 9.98681E-05 9.98681E-05 9.98681E-05 9.98681E-05 9.98681E-05 9.98681E-05 9.98681E-05 9.98681E-05 0.998502 9.98681E-05 9.98681E-05
9.99033E-05 9.99033E-05 0.204023 9.99033E-05 9.99033E-05 9.99033E-05 0.125415 0.0513512 9.99033E-05 9.99033E-05 0.61183 9.99033E-05 9.99033E-05 0.00628219 9.99033E-05 9.99033E-05
9.98681E-05 9.98681E-05 9.98681E-05 9.98681E-05 9.98681E-05 9.98681E-05 0.998502 9.98681E-05 9.98681E-05 9.98681E-05 9.98681E-05 9.98681E-05 9.98681E-05 9.98681E-05 9.98681E-05 9.98681E-05
9.98682E-05 9.98682E-05 9.98682E-05 9.98682E-05 9.98682E-05 9.98682E-05 9.98682E-05 9.98682E-05 9.98682E-05 9.98682E-05 9.98682E-05 9.98682E-05 9.98682E-05 0.998502 9.98682E-05 9.98682E-05
9.9868E-05 9.9868E-05 9.9868E-05 9.9868E-05 9.9868E-05 9.9868E-05 9.9868E-05 9.9868E-05 9.9868E-05 9.9868E-05 9.9868E-05 9.9868E-05 9.9868E-05 0.998502 9.9868E-05 9.9868E-05
9.98681E-05 9.98681E-05 9.98681E-05 9.98681E-05 9.98681E-05 9.98681E-05 9.98681E-05 9.98681E-05 9.98681E-05 9.98681E-05 9.98681E-05 9.98681E-05 9.98681E-05 0.998502 9.98681E-05 9.98681E-05
9.98681E-05 9.98681E-05 9.98681E-05 9.98681E-05 9.98681E-05 9.98681E-05 9.98681E-05 9.98681E-05 9.98681E-05 9.98681E-05 9.98681E-05 9.98681E-05 9.98681E-05 0.998502 9.98681E-05 9.98681E-05
9.98681E-05 9.98681E-05 9.98681E-05 9.98681E-05 9.98681E-05 9.98681E-05 0.998502 9.98681E-05 9.98681E-05 9.98681E-05 9.98681E-05 9.98681E-05 9.98681E-05 9.98681E-05 9.98681E-05 9.98681E-05
9.98681E-05 9.98681E-05 9.98681E-05 9.98681E-05 9.98681E-05 9.98681E-05 9.98681E-05 9.98681E-05 9.98681E-05 9.98681E-05 9.98681E-05 9.98681E-05 9.98681E-05 0.998502 9.98681E-05 9.98681E-05
9.98681E-05 9.98681E-05 9.98681E-05 9.98681E-05 9.98681E-05 9.98681E-05 0.998502 9.98681E-05 9.98681E-05 9.98681E-05 9.98681E-05 9.98681E-05 9.98681E-05 9.98681E-05 9.98681E-05 9.98681E-05
9.98681E-05 9.98681E-05 9.98681E-05 9.98681E-05 9.98681E-05 9.98681E-05 9.98681E-05 9.98681E-05 9.98681E-05 9.98681E-05 9.98681E-05 9.98681E-05 9.98681E-05 0.998502 9.98681E-05 9.98681E-05
9.98681E-05 9.98681E-05 9.98681E-05 9.98681E-05 9.98681E-05 9.98681E-05 0.998502 9.98681E-05 9.98681E-05 9.98681E-05 9.98681E-05 9.98681E-05 9.98681E-05 9.98681E-05 9.98681E-05 9.98681E-05
9.98858E-05 9.98858E-05 9.98858E-05 9.98858E-05 9.98858E-05 9.98858E-05 0.00257361 9.98858E-05 0.000630539 9.98858E-05 9.98858E-05 9.98858E-05 9.98858E-05 0.995497 9.98858E-05 9.98858E-05
9.98681E-05 9.98681E-05 9.98681E-05 9.98681E-05 9.98681E-05 9.98681E-05 9.98681E-05 9.98681E-05 9.98681E-05 9.98681E-05 9.98681E-05 9.98681E-05 9.98681E-05 0.998502 9.98681E-05 9.98681E-05
9.9868E-05 9.9868E-05 9.9868E-05 9.9868E-05 9.9868E-05 9.9868E-05 9.9868E-05 9.9868E-05 9.9868E-05 9.9868E-05 9.9868E-05 9.9868E-05 9.9868E-05 0.998502 9.9868E-05 9.9868E-05
9.98681E-05 9.98681E-05 9.98681E-05 9.98681E-05 9.98681E-05 9.98681E-05 9.98681E-05 9.98681E-05 9.98681E-05 9.98681E-05 9.98681E-05 9.98681E-05 9.98681E-05 0.998502 9.98681E-05 9.98681E-05
9.98681E-05 9.98681E-05 9.98681E-05 9.98681E-05 9.98681E-05 9.98681E-05 9.98681E-05 9.98681E-05 9.98681E-05 9.98681E-05 9.98681E-05 9.98681E-05 9.98681E-05 0.998502 9.98681E-05 9.98681E-05
9.98681E-05 9.98681E-05 9.98681E-05 9.98681E-05 9.98681E-05 9.98681E-05 9.98681E-05 9.98681E-05 9.98681E-05 9.98681E-05 9.98681E-05 9.98681E-05 9.98681E-05 0.998502 9.98681E-05 9.98681E-05
9.9868E-05 9.9868E-05 9.9868E-05 9.9868E-05 9.9868E-05 9.9868E-05 0.998502 9.9868E-05 9.9868E-05 9.9868E-05 9.9868E-05 9.9868E-05 9.9868E-05 9.9868E-05 9.9868E-05 9.9868E-05
9.9868E-05 9.9868E-05 9.9868E-05 9.9868E-05 9.9868E-05 9.9868E-05 0.998502 9.9868E-05 9.9868E-05 9.9868E-05 9.9868E-05 9.9868E-05 9.9868E-05 9.9868E-05 9.9868E-05 9.9868E-05
9.98681E-05 9.98681E-05 9.98681E-05 9.98681E-05 9.98681E-05 9.98681E-05 0.998502 9.98681E-05 9.98681E-05 9.98681E-05 9.98681E-05 9.98681E-05 9.98681E-05 9.98681E-05 9.98681E-05 9.98681E-05
9.98681E-05 9.98681E-05 9.98681E-05 9.98681E-05 9.98681E-05 9.98681E-05 9.98681E-05 9.98681E-05 9.98681E-05 9.98681E-05 9.98681E-05 9.98681E-05 9.98681E-05 0.998502 9.98681E-05 9.98681E-05
9.98681E-05 9.98681E-05 9.98681E-05 9.98681E-05 9.98681E-05 9.98681E-05 0.998502 9.98681E-05 9.98681E-05 9.98681E-05 9.98681E-05 9.98681E-05 9.98681E-05 9.98681E-05 9.98681E-05 9.98681E-05
9.98682E-05 9.98682E-05 9.98682E-05 9.98682E-05 9.98682E-05 9.98682E-05 0.998502 9.98682E-05 9.98682E-05 9.98682E-05 9.98682E-05 9.98682E-05 9.98682E-05 9.98682E-05 9.98682E-05 9.98682E-05
9.98681E-05 9.98681E-05 9.98681E-05 9.98681E-05 9.98681E-05 9.98681E-05 0.998502 9.98681E-05 9.98681E-05 9.98681E-05 9.98681E-05 9.98681E-05 9.98681E-05 9.98681E-05 9.98681E-05 9.98681E-05
9.98681E-05 9.98681E-05 9.98681E-05 9.98681E-05 9.98681E-05 9.98681E-05 9.98681E-05 9.98681E-05 9.98681E-05 9.98681E-05 9.98681E-05 9.98681E-05 9.98681E-05 0.998502 9.98681E-05 9.98681E-05
9.9868E-05 9.9868E-05 9.9868E-05 9.9868E-05 9.9868E-05 9.9868E-05 9.9868E-05 9.9868E-05 9.9868E-05 9.9868E-05 9.9868E-05 9.9868E-05 9.9868E-05 0.998502 9.9868E-05 9.9868E-05
