0.240111 9.99121E-05 9.99121E-05 0.0125072 9.99121E-05 9.99121E-05 9.99121E-05 9.99121E-05 9.99121E-05 0.404944 0.0585038 0.0995126 0.00627935 9.99121E-05 0.073388 0.0691991 0.0345561 9.99121E-05 9.99121E-05
0.187544 9.98771E-05 9.98771E-05 9.98771E-05 9.98771E-05 0.130703 9.98771E-05 9.98771E-05 9.98771E-05 0.259284 9.98771E-05 9.98771E-05 9.98771E-05 9.98771E-05 9.98771E-05 0.310452 0.110619 9.98771E-05 9.98771E-05
9.98595E-05 9.98595E-05 9.98595E-05 9.98595E-05 9.98595E-05 0.837462 9.98595E-05 9.98595E-05 9.98595E-05 0.155701 9.98595E-05 0.00523965 9.98595E-05 9.98595E-05 9.98595E-05 9.98595E-05 9.98595E-05 9.98595E-05 9.98595E-05
9.99122E-05 9.99122E-05 9.99122E-05 9.99122E-05 9.99122E-05 9.99122E-05 0.0041741 9.99122E-05 9.99122E-05 9.99122E-05 9.99122E-05 0.0688385 0.0463714 0.00214424 0.0523729 0.484185 0.015104 0.290028 0.0357834
9.98597E-05 9.98597E-05 9.98597E-05 9.98597E-05 9.98597E-05 9.98597E-05 0.082587 9.98597E-05 9.98597E-05 0.76593 9.98597E-05 9.98597E-05 9.98597E-05 9.98597E-05 9.98597E-05 0.149886 9.98597E-05 9.98597E-05 9.98597E-05
0.241186 9.99035E-05 9.99035E-05 9.99035E-05 9.99035E-05 9.99035E-05 0.256318 9.99035E-05 0.0405058 9.99035E-05 9.99035E-05 9.99035E-05 9.99035E-05 0.110689 9.99035E-05 0.204839 0.0141307 0.0282522 0.10298
0.0592098 9.99123E-05 9.99123E-05 9.99123E-05 9.99123E-05 9.99123E-05 9.99123E-05 9.99123E-05 0.0933979 0.0445414 0.0186809 0.0981314 0.0897135 9.99123E-05 9.99123E-05 0.357472 0.118604 0.11925 9.99123E-05
0.0117143 9.99122E-05 0.10242 0.0270638 9.99122E-05 9.99122E-05 0.124576 9.99122E-05 9.99122E-05 9.99122E-05 9.99122E-05 0.0758969 9.99122E-05 0.00386225 9.99122E-05 0.454492 9.99122E-05 0.059583 0.139393
9.9921E-05 9.9921E-05 9.9921E-05 9.9921E-05 9.9921E-05 0.0727884 0.0593033 9.9921E-05 9.9921E-05 0.155805 0.107843 0.00403679 9.9921E-05 0.0144604 0.217518 0.0528681 0.081839 9.9921E-05 0.232638
9.98508E-05 9.98508E-05 9.98508E-05 9.98508E-05 9.98508E-05 9.98508E-05 9.98508E-05 9.98508E-05 9.98508E-05 0.978134 9.98508E-05 9.98508E-05 9.98508E-05 9.98508E-05 0.0201688 9.98508E-05 9.98508E-05 9.98508E-05 9.98508E-05
9.98683E-05 9.98683E-05 9.98683E-05 9.98683E-05 9.98683E-05 9.98683E-05 9.98683E-05 9.98683E-05 9.98683E-05 9.98683E-05 9.98683E-05 0.00627499 0.0834395 9.98683E-05 0.133887 0.7749 9.98683E-05 9.98683E-05 9.98683E-05
9.9842E-05 9.9842E-05 9.9842E-05 9.9842E-05 9.9842E-05 0.998203 9.9842E-05 9.9842E-05 9.9842E-05 9.9842E-05 9.9842E-05 9.9842E-05 9.9842E-05 9.9842E-05 9.9842E-05 9.9842E-05 9.9842E-05 9.9842E-05 9.9842E-05
9.98684E-05 9.98684E-05 9.98684E-05 9.98684E-05 9.98684E-05 9.98684E-05 9.98684E-05 9.98684E-05 9.98684E-05 0.915514 9.98684E-05 0.0107163 9.98684E-05 9.98684E-05 0.0459313 0.0263399 9.98684E-05 9.98684E-05 9.98684E-05
9.98684E-05 0.0544403 9.98684E-05 9.98684E-05 0.131801 9.98684E-05 9.98684E-05 9.98684E-05 9.98684E-05 9.98684E-05 9.98684E-05 9.98684E-05 9.98684E-05 9.98684E-05 0.0367321 0.775529 9.98684E-05 9.98684E-05 9.98684E-05
0.165223 0.0669935 9.98947E-05 9.98947E-05 9.98947E-05 9.98947E-05 9.98947E-05 9.98947E-05 9.98947E-05 0.385003 9.98947E-05 9.98947E-05 9.98947E-05 0.121155 0.118337 9.98947E-05 0.0272757 9.98947E-05 0.114814
0.221513 9.99034E-05 0.124928 9.99034E-05 9.99034E-05 9.99034E-05 9.99034E-05 9.99034E-05 9.99034E-05 9.99034E-05 9.99034E-05 0.0169854 9.99034E-05 0.00954146 0.0511809 0.239498 9.99034E-05 0.157093 0.178161
9.99123E-05 0.00772043 0.0117474 9.99123E-05 0.189823 0.179555 9.99123E-05 9.99123E-05 9.99123E-05 0.272388 9.99123E-05 9.99123E-05 0.0411499 9.99123E-05 0.0260246 0.101471 0.169121 9.99123E-05 9.99123E-05
0.0834432 9.98946E-05 9.98946E-05 0.166917 9.98946E-05 9.98946E-05 9.98946E-05 0.0891991 9.98946E-05 9.98946E-05 9.98946E-05 0.0943311 9.98946E-05 9.98946E-05 0.116774 0.40216 9.98946E-05 9.98946E-05 0.0459774
9.98946E-05 0.103214 9.98946E-05 0.00319652 9.98946E-05 9.98946E-05 9.98946E-05 9.98946E-05 9.98946E-05 0.122541 9.98946E-05 0.191414 9.98946E-05 9.98946E-05 0.167143 0.310546 9.98946E-05 9.98946E-05 0.100747
9.98595E-05 9.98595E-05 9.98595E-05 9.98595E-05 9.98595E-05 9.98595E-05 9.98595E-05 0.0470325 9.98595E-05 0.942903 9.98595E-05 9.98595E-05 9.98595E-05 9.98595E-05 0.00846678 9.98595E-05 9.98595E-05 9.98595E-05 9.98595E-05
9.98947E-05 9.98947E-05 0.142864 9.98947E-05 9.98947E-05 9.98947E-05 0.0609982 9.98947E-05 9.98947E-05 9.98947E-05 0.00355871 9.98947E-05 9.98947E-05 9.98947E-05 0.0231009 0.619742 9.98947E-05 0.0517012 0.0968359
9.98772E-05 9.98772E-05 9.98772E-05 9.98772E-05 9.98772E-05 9.98772E-05 0.123452 9.98772E-05 9.98772E-05 0.274987 9.98772E-05 0.343694 9.98772E-05 9.98772E-05 9.98772E-05 9.98772E-05 9.98772E-05 0.105155 0.151314
0.207613 9.98684E-05 9.98684E-05 9.98684E-05 9.98684E-05 9.98684E-05 9.98684E-05 9.98684E-05 9.98684E-05 9.98684E-05 9.98684E-05 9.98684E-05 9.98684E-05 0.0133485 0.0669894 0.710551 9.98684E-05 9.98684E-05 9.98684E-05
9.9877E-05 9.9877E-05 9.9877E-05 9.9877E-05 9.9877E-05 9.9877E-05 9.9877E-05 9.9877E-05 9.9877E-05 0.227787 0.0575493 0.247616 9.9877E-05 9.9877E-05 0.216565 0.249084 9.9877E-05 9.9877E-05 9.9877E-05
9.98946E-05 0.144508 9.98946E-05 9.98946E-05 9.98946E-05 9.98946E-05 9.98946E-05 0.0265462 9.98946E-05 9.98946E-05 9.98946E-05 0.0560469 9.98946E-05 0.144326 0.252483 0.344826 9.98946E-05 9.98946E-05 0.0300653
9.98771E-05 9.98771E-05 9.98771E-05 9.98771E-05 9.98771E-05 9.98771E-05 9.98771E-05 9.98771E-05 9.98771E-05 0.52283 9.98771E-05 9.98771E-05 9.98771E-05 0.0649336 0.116301 0.27662 9.98771E-05 0.0179166 9.98771E-05
9.98946E-05 9.98946E-05 0.0313653 0.209075 9.98946E-05 9.98946E-05 9.98946E-05 9.98946E-05 9.98946E-05 0.114071 9.98946E-05 0.338532 0.00764052 0.23661 0.0615077 9.98946E-05 9.98946E-05 9.98946E-05 9.98946E-05
9.98685E-05 9.98685E-05 9.98685E-05 9.98685E-05 9.98685E-05 9.98685E-05 9.98685E-05 9.98685E-05 9.98685E-05 0.809397 9.98685E-05 9.98685E-05 9.98685E-05 9.98685E-05 0.0381167 0.0291114 9.98685E-05 0.121877 9.98685E-05
0.0512145 9.98947E-05 9.98947E-05 9.98947E-05 9.98947E-05 0.0180004 9.98947E-05 0.0169961 9.98947E-05 0.151604 9.98947E-05 0.0314179 9.98947E-05 9.98947E-05 0.162485 0.567083 9.98947E-05 9.98947E-05 9.98947E-05
9.98773E-05 9.98773E-05 9.98773E-05 9.98773E-05 0.0182028 0.412752 9.98773E-05 9.98773E-05 9.98773E-05 0.487573 9.98773E-05 9.98773E-05 9.98773E-05 9.98773E-05 0.0485655 9.98773E-05 9.98773E-05 9.98773E-05 0.031509
9.98771E-05 9.98771E-05 9.98771E-05 0.00546715 9.98771E-05 9.98771E-05 9.98771E-05 0.0271594 9.98771E-05 0.808038 9.98771E-05 9.98771E-05 0.132118 9.98771E-05 0.0258191 9.98771E-05 9.98771E-05 9.98771E-05 9.98771E-05
9.98948E-05 9.98948E-05 0.00599781 9.98948E-05 9.98948E-05 9.98948E-05 0.041157 9.98948E-05 0.0344668 9.98948E-05 9.98948E-05 9.98948E-05 0.0289324 0.16475 0.0768457 0.646652 9.98948E-05 9.98948E-05 9.98948E-05
9.98858E-05 9.98858E-05 0.050688 9.98858E-05 9.98858E-05 0.045048 9.98858E-05 9.98858E-05 9.98858E-05 9.98858E-05 9.98858E-05 0.166219 0.0492287 9.98858E-05 0.0668829 0.620635 9.98858E-05 9.98858E-05 9.98858E-05
9.98947E-05 9.98947E-05 9.98947E-05 0.0569458 9.98947E-05 0.712698 9.98947E-05 9.98947E-05 9.98947E-05 9.98947E-05 0.023558 0.136109 9.98947E-05 0.0071634 0.0537559 9.98947E-05 9.98947E-05 0.00857166 9.98947E-05
9.98685E-05 9.98685E-05 9.98685E-05 9.98685E-05 9.98685E-05 0.492683 9.98685E-05 9.98685E-05 9.98685E-05 0.455685 9.98685E-05 9.98685E-05 9.98685E-05 9.98685E-05 0.033868 9.98685E-05 9.98685E-05 9.98685E-05 0.0162653
0.0018464 9.99123E-05 9.99123E-05 9.99123E-05 9.99123E-05 9.99123E-05 9.99123E-05 9.99123E-05 9.99123E-05 0.77543 0.0382027 0.0448051 0.00716389 9.99123E-05 0.00997162 9.99123E-05 0.0407171 0.0775852 0.00327863
9.98598E-05 9.98598E-05 0.0452721 9.98598E-05 9.98598E-05 9.98598E-05 9.98598E-05 9.98598E-05 0.0309789 0.922151 9.98598E-05 9.98598E-05 9.98598E-05 9.98598E-05 9.98598E-05 9.98598E-05 9.98598E-05 9.98598E-05 9.98598E-05
9.98684E-05 9.98684E-05 9.98684E-05 9.98684E-05 9.98684E-05 0.286245 9.98684E-05 9.98684E-05 9.98684E-05 9.98684E-05 9.98684E-05 9.98684E-05 9.98684E-05 9.98684E-05 0.0303175 0.548917 9.98684E-05 9.98684E-05 0.133022
9.98772E-05 9.98772E-05 9.98772E-05 9.98772E-05 9.98772E-05 0.713834 9.98772E-05 9.98772E-05 9.98772E-05 9.98772E-05 9.98772E-05 9.98772E-05 9.98772E-05 0.0397332 0.108385 9.98772E-05 0.0691893 0.0674606 9.98772E-05
9.98684E-05 9.98684E-05 0.0951786 9.98684E-05 9.98684E-05 0.70583 9.98684E-05 9.98684E-05 9.98684E-05 9.98684E-05 9.98684E-05 9.98684E-05 9.98684E-05 0.13391 0.0635832 9.98684E-05 9.98684E-05 9.98684E-05 9.98684E-05
9.98596E-05 9.98596E-05 9.98596E-05 9.98596E-05 9.98596E-05 9.98596E-05 9.98596E-05 9.98596E-05 9.98596E-05 0.933832 9.98596E-05 9.98596E-05 0.0382775 9.98596E-05 0.0262924 9.98596E-05 9.98596E-05 9.98596E-05 9.98596E-05
0.0324051 9.98774E-05 9.98774E-05 9.98774E-05 9.98774E-05 9.98774E-05 9.98774E-05 9.98774E-05 9.98774E-05 0.602737 0.0251201 0.27772 9.98774E-05 9.98774E-05 0.0606193 9.98774E-05 9.98774E-05 9.98774E-05 9.98774E-05
9.98509E-05 9.98509E-05 9.98509E-05 9.98509E-05 0.0732619 9.98509E-05 9.98509E-05 9.98509E-05 9.98509E-05 0.925041 9.98509E-05 9.98509E-05 9.98509E-05 9.98509E-05 9.98509E-05 9.98509E-05 9.98509E-05 9.98509E-05 9.98509E-05
0.269366 9.98947E-05 9.98947E-05 9.98947E-05 9.98947E-05 0.375406 9.98947E-05 9.98947E-05 9.98947E-05 9.98947E-05 0.0690572 0.0321596 0.0483107 9.98947E-05 0.118063 9.98947E-05 9.98947E-05 9.98947E-05 0.0864384
9.98684E-05 9.98684E-05 9.98684E-05 9.98684E-05 9.98684E-05 9.98684E-05 9.98684E-05 9.98684E-05 9.98684E-05 9.98684E-05 9.98684E-05 0.4802 9.98684E-05 9.98684E-05 0.123552 0.332499 9.98684E-05 0.0622509 9.98684E-05
9.98771E-05 9.98771E-05 9.98771E-05 0.0933479 9.98771E-05 0.414878 9.98771E-05 0.0099712 9.98771E-05 0.406985 9.98771E-05 9.98771E-05 9.98771E-05 9.98771E-05 9.98771E-05 9.98771E-05 9.98771E-05 0.0734199 9.98771E-05
9.98683E-05 9.98683E-05 9.98683E-05 0.000261939 9.98683E-05 9.98683E-05 9.98683E-05 9.98683E-05 9.98683E-05 9.98683E-05 9.98683E-05 9.98683E-05 9.98683E-05 9.98683E-05 0.0329597 0.959154 9.98683E-05 9.98683E-05 0.00612644
9.98419E-05 9.98419E-05 9.98419E-05 9.98419E-05 9.98419E-05 0.998203 9.98419E-05 9.98419E-05 9.98419E-05 9.98419E-05 9.98419E-05 9.98419E-05 9.98419E-05 9.98419E-05 9.98419E-05 9.98419E-05 9.98419E-05 9.98419E-05 9.98419E-05
0.00760075 9.99034E-05 0.0063904 9.99034E-05 9.99034E-05 0.404629 9.99034E-05 9.99034E-05 9.99034E-05 0.100426 9.99034E-05 0.143384 0.0343308 9.99034E-05 0.0721218 0.230018 9.99034E-05 9.99034E-05 9.99034E-05
9.98598E-05 9.98598E-05 9.98598E-05 9.98598E-05 9.98598E-05 9.98598E-05 9.98598E-05 9.98598E-05 0.0802318 9.98598E-05 9.98598E-05 9.98598E-05 9.98598E-05 9.98598E-05 9.98598E-05 0.915167 9.98598E-05 9.98598E-05 0.0030035
9.99122E-05 9.99122E-05 9.99122E-05 9.99122E-05 9.99122E-05 0.0651736 9.99122E-05 9.99122E-05 9.99122E-05 9.99122E-05 0.0181258 0.067698 0.100673 0.133054 0.195006 0.369101 9.99122E-05 0.0136297 0.0365396
9.98772E-05 9.98772E-05 0.0158568 9.98772E-05 9.98772E-05 9.98772E-05 0.0129137 9.98772E-05 9.98772E-05 9.98772E-05 0.059924 0.127655 9.98772E-05 9.98772E-05 9.98772E-05 0.782252 9.98772E-05 9.98772E-05 9.98772E-05
9.98421E-05 9.98421E-05 9.98421E-05 9.98421E-05 9.98421E-05 9.98421E-05 9.98421E-05 9.98421E-05 9.98421E-05 0.998203 9.98421E-05 9.98421E-05 9.98421E-05 9.98421E-05 9.98421E-05 9.98421E-05 9.98421E-05 9.98421E-05 9.98421E-05
9.9886E-05 9.9886E-05 0.0848101 0.00801817 9.9886E-05 0.792321 9.9886E-05 0.0928657 0.0156026 9.9886E-05 9.9886E-05 9.9886E-05 0.0050842 9.9886E-05 9.9886E-05 9.9886E-05 9.9886E-05 9.9886E-05 9.9886E-05
0.02077 0.0879168 9.98772E-05 9.98772E-05 9.98772E-05 0.752058 9.98772E-05 9.98772E-05 9.98772E-05 0.0921447 9.98772E-05 9.98772E-05 9.98772E-05 9.98772E-05 0.0457125 9.98772E-05 9.98772E-05 9.98772E-05 9.98772E-05
9.98859E-05 9.98859E-05 9.98859E-05 9.98859E-05 9.98859E-05 0.728051 0.00835785 0.0412834 9.98859E-05 0.102959 9.98859E-05 9.98859E-05 0.00948346 0.108567 9.98859E-05 9.98859E-05 9.98859E-05 9.98859E-05 9.98859E-05
9.98859E-05 9.98859E-05 0.0109037 0.0426016 9.98859E-05 9.98859E-05 9.98859E-05 9.98859E-05 0.00750998 0.857662 9.98859E-05 9.98859E-05 0.0322204 9.98859E-05 0.0478041 9.98859E-05 9.98859E-05 9.98859E-05 9.98859E-05
9.9842E-05 9.9842E-05 9.9842E-05 9.9842E-05 9.9842E-05 9.9842E-05 9.9842E-05 9.9842E-05 9.9842E-05 9.9842E-05 9.9842E-05 9.9842E-05 9.9842E-05 9.9842E-05 9.9842E-05 0.998203 9.9842E-05 9.9842E-05 9.9842E-05
9.98685E-05 9.98685E-05 9.98685E-05 9.98685E-05 9.98685E-05 0.505705 9.98685E-05 9.98685E-05 9.98685E-05 0.0925704 9.98685E-05 9.98685E-05 9.98685E-05 9.98685E-05 0.00167015 0.398556 9.98685E-05 9.98685E-05 9.98685E-05
0.692449 0.0383606 9.98946E-05 9.98946E-05 9.98946E-05 9.98946E-05 9.98946E-05 9.98946E-05 9.98946E-05 9.98946E-05 9.98946E-05 9.98946E-05 0.0281173 0.0164157 0.085409 9.98946E-05 0.0413331 9.98946E-05 0.0967167
0.998203 9.98424E-05 9.98424E-05 9.98424E-05 9.98424E-05 9.98424E-05 9.98424E-05 9.98424E-05 9.98424E-05 9.98424E-05 9.98424E-05 9.98424E-05 9.98424E-05 9.98424E-05 9.98424E-05 9.98424E-05 9.98424E-05 9.98424E-05 9.98424E-05
0.987243 9.98509E-05 9.98509E-05 0.0110592 9.98509E-05 9.98509E-05 9.98509E-05 9.98509E-05 9.98509E-05 9.98509E-05 9.98509E-05 9.98509E-05 9.98509E-05 9.98509E-05 9.98509E-05 9.98509E-05 9.98509E-05 9.98509E-05 9.98509E-05
0.345845 9.98859E-05 9.98859E-05 0.0239339 9.98859E-05 9.98859E-05 9.98859E-05 9.98859E-05 9.98859E-05 9.98859E-05 9.98859E-05 9.98859E-05 9.98859E-05 0.21233 0.0249812 9.98859E-05 0.276196 9.98859E-05 0.115415
0.562589 9.9912E-05 9.9912E-05 0.0140468 9.9912E-05 9.9912E-05 9.9912E-05 0.0428678 0.0716353 9.9912E-05 9.9912E-05 0.101913 0.0485828 9.9912E-05 0.0496233 9.9912E-05 9.9912E-05 0.094935 0.012807
0.69241 9.98857E-05 9.98857E-05 9.98857E-05 9.98857E-05 9.98857E-05 9.98857E-05 9.98857E-05 9.98857E-05 9.98857E-05 0.03271 0.0346897 9.98857E-05 0.0212493 0.148598 9.98857E-05 9.98857E-05 9.98857E-05 0.0690449
0.600269 9.9877E-05 9.9877E-05 9.9877E-05 9.9877E-05 9.9877E-05 9.9877E-05 9.9877E-05 9.9877E-05 9.9877E-05 9.9877E-05 9.9877E-05 0.0236853 9.9877E-05 0.115613 9.9877E-05 0.246735 0.0122992 9.9877E-05
0.436295 9.98945E-05 9.98945E-05 0.155742 9.98945E-05 9.98945E-05 9.98945E-05 9.98945E-05 0.0340567 9.98945E-05 9.98945E-05 9.98945E-05 9.98945E-05 0.0673808 0.0377095 9.98945E-05 0.168903 9.98945E-05 0.0987147
0.990873 9.98509E-05 9.98509E-05 9.98509E-05 9.98509E-05 9.98509E-05 9.98509E-05 9.98509E-05 9.98509E-05 9.98509E-05 9.98509E-05 9.98509E-05 9.98509E-05 9.98509E-05 0.00742966 9.98509E-05 9.98509E-05 9.98509E-05 9.98509E-05
0.958616 9.98508E-05 9.98508E-05 9.98508E-05 9.98508E-05 9.98508E-05 9.98508E-05 9.98508E-05 9.98508E-05 9.98508E-05 9.98508E-05 9.98508E-05 0.0396863 9.98508E-05 9.98508E-05 9.98508E-05 9.98508E-05 9.98508E-05 9.98508E-05
0.518393 9.98681E-05 9.98681E-05 9.98681E-05 9.98681E-05 9.98681E-05 9.98681E-05 9.98681E-05 9.98681E-05 9.98681E-05 9.98681E-05 9.98681E-05 0.149625 9.98681E-05 0.283296 9.98681E-05 9.98681E-05 9.98681E-05 0.0471882
0.508493 0.0997071 0.0625776 9.99209E-05 9.99209E-05 9.99209E-05 0.0240932 9.99209E-05 0.0135955 9.99209E-05 9.99209E-05 0.112067 0.0806643 9.99209E-05 0.0362827 9.99209E-05 0.0575736 0.00404641 9.99209E-05
0.527388 9.98945E-05 0.103169 9.98945E-05 9.98945E-05 9.98945E-05 0.0376254 0.0468377 9.98945E-05 9.98945E-05 9.98945E-05 9.98945E-05 0.0474276 0.0982539 9.98945E-05 9.98945E-05 9.98945E-05 9.98945E-05 0.138099
0.618441 9.98769E-05 9.98769E-05 9.98769E-05 9.98769E-05 9.98769E-05 9.98769E-05 9.98769E-05 0.0257156 9.98769E-05 0.0193377 0.141413 9.98769E-05 9.98769E-05 0.193695 9.98769E-05 9.98769E-05 9.98769E-05 9.98769E-05
0.870531 9.98774E-05 0.0196889 9.98774E-05 9.98774E-05 9.98774E-05 9.98774E-05 9.98774E-05 0.00486997 9.98774E-05 0.00655902 9.98774E-05 9.98774E-05 0.0969528 9.98774E-05 9.98774E-05 9.98774E-05 9.98774E-05 9.98774E-05
0.892479 9.98859E-05 9.98859E-05 9.98859E-05 9.98859E-05 9.98859E-05 9.98859E-05 9.98859E-05 9.98859E-05 9.98859E-05 9.98859E-05 9.98859E-05 0.0306573 0.0247387 0.0138872 9.98859E-05 9.98859E-05 0.0148664 0.0220725
0.706291 9.98769E-05 9.98769E-05 9.98769E-05 9.98769E-05 9.98769E-05 0.0906981 9.98769E-05 0.0232226 9.98769E-05 9.98769E-05 9.98769E-05 9.98769E-05 0.11894 9.98769E-05 9.98769E-05 9.98769E-05 0.0594496 9.98769E-05
0.711821 9.9877E-05 9.9877E-05 9.9877E-05 9.9877E-05 9.9877E-05 9.9877E-05 9.9877E-05 9.9877E-05 9.9877E-05 9.9877E-05 0.0248691 0.130967 9.9877E-05 9.9877E-05 9.9877E-05 9.9877E-05 0.0818388 0.0491052
0.825981 9.98683E-05 9.98683E-05 0.129551 9.98683E-05 9.98683E-05 9.98683E-05 9.98683E-05 9.98683E-05 9.98683E-05 9.98683E-05 9.98683E-05 0.0111363 9.98683E-05 0.0318337 9.98683E-05 9.98683E-05 9.98683E-05 9.98683E-05
0.571861 9.98769E-05 0.067213 0.00355657 9.98769E-05 9.98769E-05 9.98769E-05 0.0958272 9.98769E-05 9.98769E-05 9.98769E-05 9.98769E-05 9.98769E-05 9.98769E-05 0.260144 9.98769E-05 9.98769E-05 9.98769E-05 9.98769E-05
0.998203 9.98424E-05 9.98424E-05 9.98424E-05 9.98424E-05 9.98424E-05 9.98424E-05 9.98424E-05 9.98424E-05 9.98424E-05 9.98424E-05 9.98424E-05 9.98424E-05 9.98424E-05 9.98424E-05 9.98424E-05 9.98424E-05 9.98424E-05 9.98424E-05
0.622095 0.0114736 9.98682E-05 9.98682E-05 9.98682E-05 9.98682E-05 9.98682E-05 9.98682E-05 9.98682E-05 9.98682E-05 9.98682E-05 0.328575 9.98682E-05 9.98682E-05 0.0363588 9.98682E-05 9.98682E-05 9.98682E-05 9.98682E-05
0.506697 0.0319435 9.98859E-05 9.98859E-05 9.98859E-05 9.98859E-05 9.98859E-05 9.98859E-05 9.98859E-05 9.98859E-05 9.98859E-05 0.122502 9.98859E-05 0.278679 0.0030719 9.98859E-05 0.0558089 9.98859E-05 9.98859E-05
0.648849 9.99034E-05 0.0236926 0.0439701 9.99034E-05 9.99034E-05 9.99034E-05 9.99034E-05 0.00728408 9.99034E-05 0.0856302 9.99034E-05 9.99034E-05 0.0258819 9.99034E-05 9.99034E-05 9.99034E-05 0.121837 0.0417562
0.714746 9.98682E-05 9.98682E-05 9.98682E-05 9.98682E-05 9.98682E-05 9.98682E-05 9.98682E-05 9.98682E-05 9.98682E-05 9.98682E-05 9.98682E-05 0.174318 9.98682E-05 0.0805034 9.98682E-05 9.98682E-05 9.98682E-05 0.0289342
0.94848 9.98598E-05 9.98598E-05 9.98598E-05 9.98598E-05 9.98598E-05 9.98598E-05 0.00362128 9.98598E-05 9.98598E-05 9.98598E-05 9.98598E-05 9.98598E-05 9.98598E-05 9.98598E-05 9.98598E-05 9.98598E-05 9.98598E-05 0.0463008
0.998203 9.98423E-05 9.98423E-05 9.98423E-05 9.98423E-05 9.98423E-05 9.98423E-05 9.98423E-05 9.98423E-05 9.98423E-05 9.98423E-05 9.98423E-05 9.98423E-05 9.98423E-05 9.98423E-05 9.98423E-05 9.98423E-05 9.98423E-05 9.98423E-05
0.998203 9.98422E-05 9.98422E-05 9.98422E-05 9.98422E-05 9.98422E-05 9.98422E-05 9.98422E-05 9.98422E-05 9.98422E-05 9.98422E-05 9.98422E-05 9.98422E-05 9.98422E-05 9.98422E-05 9.98422E-05 9.98422E-05 9.98422E-05 9.98422E-05
0.846289 9.98772E-05 9.98772E-05 0.108095 9.98772E-05 9.98772E-05 9.98772E-05 9.98772E-05 9.98772E-05 9.98772E-05 9.98772E-05 9.98772E-05 9.98772E-05 9.98772E-05 0.0247297 9.98772E-05 9.98772E-05 0.0177859 0.00170241
0.681382 9.98947E-05 0.0177999 9.98947E-05 0.0803925 0.110606 0.00924662 9.98947E-05 9.98947E-05 9.98947E-05 9.98947E-05 9.98947E-05 9.98947E-05 9.98947E-05 0.0965833 9.98947E-05 9.98947E-05 9.98947E-05 0.00279105
9.98596E-05 9.98596E-05 9.98596E-05 9.98596E-05 9.98596E-05 9.98596E-05 9.98596E-05 9.98596E-05 9.98596E-05 9.98596E-05 9.98596E-05 9.98596E-05 9.98596E-05 0.753921 0.0928156 9.98596E-05 9.98596E-05 9.98596E-05 0.151665
9.98772E-05 9.98772E-05 9.98772E-05 9.98772E-05 0.388393 9.98772E-05 9.98772E-05 9.98772E-05 9.98772E-05 9.98772E-05 9.98772E-05 9.98772E-05 9.98772E-05 0.408746 0.0422686 0.0379121 9.98772E-05 9.98772E-05 0.121283
9.98507E-05 9.98507E-05 9.98507E-05 9.98507E-05 9.98507E-05 9.98507E-05 9.98507E-05 9.98507E-05 9.98507E-05 9.98507E-05 9.98507E-05 9.98507E-05 9.98507E-05 0.910002 0.0883006 9.98507E-05 9.98507E-05 9.98507E-05 9.98507E-05
9.98681E-05 9.98681E-05 9.98681E-05 0.00821748 9.98681E-05 9.98681E-05 9.98681E-05 9.98681E-05 9.98681E-05 9.98681E-05 9.98681E-05 9.98681E-05 0.00483319 0.829306 0.156146 9.98681E-05 9.98681E-05 9.98681E-05 9.98681E-05
9.98682E-05 9.98682E-05 9.98682E-05 9.98682E-05 9.98682E-05 9.98682E-05 9.98682E-05 9.98682E-05 0.00728618 9.98682E-05 0.0536494 9.98682E-05 9.98682E-05 0.856716 9.98682E-05 9.98682E-05 9.98682E-05 9.98682E-05 0.0808505
9.98684E-05 9.98684E-05 9.98684E-05 9.98684E-05 9.98684E-05 9.98684E-05 9.98684E-05 9.98684E-05 9.98684E-05 9.98684E-05 9.98684E-05 9.98684E-05 9.98684E-05 0.658807 0.168897 9.98684E-05 9.98684E-05 0.00849973 0.162298
9.98859E-05 9.98859E-05 9.98859E-05 0.0270781 9.98859E-05 9.98859E-05 9.98859E-05 9.98859E-05 9.98859E-05 9.98859E-05 9.98859E-05 0.0807565 0.0114176 0.775901 0.045951 9.98859E-05 9.98859E-05 9.98859E-05 0.0575973
9.98508E-05 9.98508E-05 9.98508E-05 9.98508E-05 9.98508E-05 9.98508E-05 9.98508E-05 9.98508E-05 9.98508E-05 9.98508E-05 9.98508E-05 9.98508E-05 9.98508E-05 0.842506 9.98508E-05 9.98508E-05 9.98508E-05 9.98508E-05 0.155797
9.98683E-05 9.98683E-05 9.98683E-05 9.98683E-05 9.98683E-05 9.98683E-05 9.98683E-05 9.98683E-05 9.98683E-05 9.98683E-05 9.98683E-05 9.98683E-05 9.98683E-05 0.427038 0.0177592 9.98683E-05 0.207427 9.98683E-05 0.346278
9.98596E-05 9.98596E-05 9.98596E-05 9.98596E-05 9.98596E-05 9.98596E-05 9.98596E-05 9.98596E-05 9.98596E-05 9.98596E-05 9.98596E-05 9.98596E-05 9.98596E-05 0.557227 0.244468 9.98596E-05 9.98596E-05 9.98596E-05 0.196707
9.98684E-05 9.98684E-05 9.98684E-05 9.98684E-05 0.209815 9.98684E-05 9.98684E-05 9.98684E-05 9.98684E-05 9.98684E-05 9.98684E-05 9.98684E-05 9.98684E-05 0.555187 9.98684E-05 9.98684E-05 0.153992 9.98684E-05 0.079508
9.98771E-05 9.98771E-05 9.98771E-05 9.98771E-05 0.03135 9.98771E-05 9.98771E-05 9.98771E-05 9.98771E-05 9.98771E-05 9.98771E-05 9.98771E-05 0.00824095 0.73774 0.0577498 9.98771E-05 0.163521 9.98771E-05 9.98771E-05
9.98511E-05 9.98511E-05 9.98511E-05 9.98511E-05 9.98511E-05 9.98511E-05 9.98511E-05 9.98511E-05 9.98511E-05 9.98511E-05 9.98511E-05 9.98511E-05 9.98511E-05 0.885898 9.98511E-05 9.98511E-05 9.98511E-05 9.98511E-05 0.112404
9.98685E-05 9.98685E-05 9.98685E-05 9.98685E-05 0.0531463 9.98685E-05 9.98685E-05 9.98685E-05 9.98685E-05 9.98685E-05 9.98685E-05 9.98685E-05 9.98685E-05 0.612403 0.196275 9.98685E-05 9.98685E-05 9.98685E-05 0.136678
9.9886E-05 9.9886E-05 0.0686132 0.143949 0.087119 9.9886E-05 9.9886E-05 9.9886E-05 9.9886E-05 9.9886E-05 9.9886E-05 9.9886E-05 0.0140067 0.590544 9.9886E-05 9.9886E-05 9.9886E-05 9.9886E-05 0.0944695
9.98947E-05 9.98947E-05 9.98947E-05 9.98947E-05 9.98947E-05 9.98947E-05 9.98947E-05 0.0352591 0.0381301 9.98947E-05 9.98947E-05 9.98947E-05 0.0539046 0.632103 0.090773 9.98947E-05 0.130075 0.0185562 9.98947E-05
9.98859E-05 9.98859E-05 9.98859E-05 0.0127997 9.98859E-05 9.98859E-05 9.98859E-05 0.0104841 9.98859E-05 9.98859E-05 9.98859E-05 9.98859E-05 9.98859E-05 0.622566 0.0863011 9.98859E-05 0.263538 9.98859E-05 0.00301259
9.98861E-05 9.98861E-05 9.98861E-05 9.98861E-05 9.98861E-05 9.98861E-05 0.0180268 9.98861E-05 0.0145679 9.98861E-05 9.98861E-05 0.0810675 9.98861E-05 0.718665 9.98861E-05 0.0315168 9.98861E-05 9.98861E-05 0.134858
9.98596E-05 9.98596E-05 9.98596E-05 9.98596E-05 9.98596E-05 9.98596E-05 9.98596E-05 9.98596E-05 9.98596E-05 9.98596E-05 9.98596E-05 9.98596E-05 0.0064345 0.983884 9.98596E-05 9.98596E-05 0.00808331 9.98596E-05 9.98596E-05
0.064194 9.98859E-05 9.98859E-05 9.98859E-05 0.117458 9.98859E-05 9.98859E-05 0.103631 9.98859E-05 9.98859E-05 9.98859E-05 9.98859E-05 9.98859E-05 0.544078 0.0522577 9.98859E-05 9.98859E-05 9.98859E-05 0.117084
9.98772E-05 9.98772E-05 9.98772E-05 9.98772E-05 9.98772E-05 9.98772E-05 0.0346591 9.98772E-05 9.98772E-05 9.98772E-05 9.98772E-05 9.98772E-05 9.98772E-05 0.739916 0.0953264 9.98772E-05 0.097447 0.0312532 9.98772E-05
9.98771E-05 9.98771E-05 9.98771E-05 0.0551749 9.98771E-05 9.98771E-05 9.98771E-05 9.98771E-05 9.98771E-05 9.98771E-05 9.98771E-05 9.98771E-05 0.0214439 0.866972 0.00979888 9.98771E-05 9.98771E-05 9.98771E-05 0.045212
9.98946E-05 9.98946E-05 9.98946E-05 9.98946E-05 9.98946E-05 9.98946E-05 0.0142039 0.0154613 9.98946E-05 9.98946E-05 0.0122925 9.98946E-05 9.98946E-05 0.536807 0.169661 9.98946E-05 0.0362403 9.98946E-05 0.214136
9.98803E-05 0.0375989 9.98803E-05 9.98803E-05 0.0665845 9.98803E-05 9.98803E-05 9.98803E-05 9.98803E-05 9.98803E-05 9.98803E-05 9.98803E-05 9.98803E-05 0.748833 0.0336739 9.98803E-05 9.98803E-05 9.98803E-05 0.111911
9.98771E-05 9.98771E-05 9.98771E-05 9.98771E-05 9.98771E-05 9.98771E-05 9.98771E-05 0.0456363 9.98771E-05 9.98771E-05 9.98771E-05 9.98771E-05 9.98771E-05 0.470376 0.20509 9.98771E-05 0.0581245 9.98771E-05 0.219375
0.0554113 9.98859E-05 9.98859E-05 9.98859E-05 0.210667 9.98859E-05 9.98859E-05 9.98859E-05 9.98859E-05 9.98859E-05 9.98859E-05 9.98859E-05 9.98859E-05 0.329072 0.134891 9.98859E-05 0.0979891 9.98859E-05 0.170671
9.98859E-05 9.98859E-05 9.98859E-05 9.98859E-05 0.540663 9.98859E-05 9.98859E-05 0.000203206 9.98859E-05 9.98859E-05 0.127102 0.0544578 9.98859E-05 0.23497 0.0413059 9.98859E-05 9.98859E-05 9.98859E-05 9.98859E-05
9.98681E-05 9.98681E-05 9.98681E-05 9.98681E-05 9.98681E-05 9.98681E-05 9.98681E-05 9.98681E-05 9.98681E-05 9.98681E-05 9.98681E-05 9.98681E-05 9.98681E-05 0.842595 0.0614735 9.98681E-05 9.98681E-05 0.0266328 0.0678002
9.98597E-05 9.98597E-05 9.98597E-05 9.98597E-05 9.98597E-05 9.98597E-05 9.98597E-05 9.98597E-05 9.98597E-05 9.98597E-05 9.98597E-05 9.98597E-05 9.98597E-05 0.504892 0.237577 9.98597E-05 9.98597E-05 9.98597E-05 0.255933
9.98773E-05 9.98773E-05 9.98773E-05 9.98773E-05 0.022763 9.98773E-05 9.98773E-05 0.0414965 9.98773E-05 9.98773E-05 9.98773E-05 9.98773E-05 0.0175692 0.798125 0.118648 9.98773E-05 9.98773E-05 9.98773E-05 9.98773E-05
9.98685E-05 9.98685E-05 0.00380627 9.98685E-05 9.98685E-05 9.98685E-05 9.98685E-05 9.98685E-05 9.98685E-05 9.98685E-05 9.98685E-05 9.98685E-05 9.98685E-05 0.82288 0.156895 9.98685E-05 9.98685E-05 9.98685E-05 0.0149212
9.98507E-05 9.98507E-05 9.98507E-05 9.98507E-05 9.98507E-05 9.98507E-05 9.98507E-05 9.98507E-05 9.98507E-05 9.98507E-05 9.98507E-05 9.98507E-05 0.0251969 0.973106 9.98507E-05 9.98507E-05 9.98507E-05 9.98507E-05 9.98507E-05
9.98858E-05 9.98858E-05 9.98858E-05 9.98858E-05 9.98858E-05 9.98858E-05 0.0440885 0.136504 0.0074222 9.98858E-05 9.98858E-05 9.98858E-05 9.98858E-05 0.407092 0.12409 9.98858E-05 9.98858E-05 9.98858E-05 0.279506
9.98683E-05 9.98683E-05 9.98683E-05 9.98683E-05 9.98683E-05 9.98683E-05 9.98683E-05 9.98683E-05 9.98683E-05 9.98683E-05 9.98683E-05 0.217187 9.98683E-05 0.711386 0.0189439 9.98683E-05 9.98683E-05 9.98683E-05 0.0509852
9.98509E-05 9.98509E-05 9.98509E-05 9.98509E-05 9.98509E-05 9.98509E-05 9.98509E-05 9.98509E-05 9.98509E-05 9.98509E-05 9.98509E-05 9.98509E-05 9.98509E-05 0.972069 0.026233 9.98509E-05 9.98509E-05 9.98509E-05 9.98509E-05
9.99034E-05 9.99034E-05 0.0337955 9.99034E-05 0.0837299 9.99034E-05 9.99034E-05 9.99034E-05 0.00112961 9.99034E-05 9.99034E-05 0.0587199 0.0139541 0.719248 9.99034E-05 9.99034E-05 0.0371735 9.99034E-05 0.0511505
9.98682E-05 9.98682E-05 9.98682E-05 0.0177124 9.98682E-05 9.98682E-05 9.98682E-05 9.98682E-05 9.98682E-05 9.98682E-05 9.98682E-05 9.98682E-05 9.98682E-05 0.748167 0.142059 9.98682E-05 9.98682E-05 9.98682E-05 0.0905632
9.98596E-05 9.98596E-05 9.98596E-05 9.98596E-05 0.535871 9.98596E-05 9.98596E-05 9.98596E-05 9.98596E-05 9.98596E-05 9.98596E-05 9.98596E-05 9.98596E-05 0.331348 9.98596E-05 9.98596E-05 9.98596E-05 9.98596E-05 0.131183
9.98685E-05 9.98685E-05 9.98685E-05 9.98685E-05 0.221511 9.98685E-05 9.98685E-05 9.98685E-05 9.98685E-05 9.98685E-05 9.98685E-05 9.98685E-05 9.98685E-05 0.689508 0.0819197 9.98685E-05 9.98685E-05 9.98685E-05 0.00556324
9.98598E-05 9.98598E-05 9.98598E-05 9.98598E-05 0.207686 9.98598E-05 9.98598E-05 9.98598E-05 9.98598E-05 9.98598E-05 9.98598E-05 9.98598E-05 9.98598E-05 0.787054 9.98598E-05 9.98598E-05 9.98598E-05 9.98598E-05 0.00366206
9.98685E-05 9.98685E-05 9.98685E-05 0.0152425 0.358167 9.98685E-05 9.98685E-05 0.0530654 9.98685E-05 9.98685E-05 9.98685E-05 9.98685E-05 9.98685E-05 0.572027 9.98685E-05 9.98685E-05 9.98685E-05 9.98685E-05 9.98685E-05
9.9877E-05 9.9877E-05 9.9877E-05 9.9877E-05 9.9877E-05 9.9877E-05 0.0449801 9.9877E-05 9.9877E-05 9.9877E-05 9.9877E-05 9.9877E-05 9.9877E-05 0.496142 0.241317 9.9877E-05 0.136927 9.9877E-05 0.0792362
9.98596E-05 0.0692218 9.98596E-05 9.98596E-05 9.98596E-05 9.98596E-05 9.98596E-05 9.98596E-05 9.98596E-05 9.98596E-05 9.98596E-05 9.98596E-05 9.98596E-05 0.80771 9.98596E-05 9.98596E-05 9.98596E-05 9.98596E-05 0.121471
9.98771E-05 9.98771E-05 9.98771E-05 9.98771E-05 0.50016 9.98771E-05 9.98771E-05 0.0675854 9.98771E-05 9.98771E-05 9.98771E-05 9.98771E-05 9.98771E-05 0.195448 0.0767112 9.98771E-05 9.98771E-05 9.98771E-05 0.158697
9.98772E-05 9.98772E-05 9.98772E-05 9.98772E-05 0.35241 9.98772E-05 9.98772E-05 9.98772E-05 9.98772E-05 0.0909059 0.0422199 9.98772E-05 0.000912372 0.512154 9.98772E-05 9.98772E-05 9.98772E-05 9.98772E-05 9.98772E-05
9.98771E-05 9.98771E-05 9.98771E-05 0.0310778 9.98771E-05 9.98771E-05 9.98771E-05 0.0746596 9.98771E-05 9.98771E-05 9.98771E-05 9.98771E-05 9.98771E-05 0.51693 9.98771E-05 9.98771E-05 0.1707 9.98771E-05 0.205234
0.130165 9.98685E-05 9.98685E-05 9.98685E-05 9.98685E-05 9.98685E-05 9.98685E-05 9.98685E-05 9.98685E-05 9.98685E-05 9.98685E-05 9.98685E-05 9.98685E-05 0.68458 0.0670997 9.98685E-05 9.98685E-05 9.98685E-05 0.116658
9.99036E-05 9.99036E-05 0.0132475 9.99036E-05 0.0532036 9.99036E-05 9.99036E-05 9.99036E-05 9.99036E-05 9.99036E-05 0.120054 0.0587636 9.99036E-05 0.504782 0.0391455 9.99036E-05 0.0399665 9.99036E-05 0.169738
9.98684E-05 9.98684E-05 9.98684E-05 9.98684E-05 9.98684E-05 9.98684E-05 9.98684E-05 9.98684E-05 9.98684E-05 9.98684E-05 9.98684E-05 0.0800307 9.98684E-05 0.446579 0.203125 9.98684E-05 9.98684E-05 9.98684E-05 0.268767
9.98596E-05 9.98596E-05 9.98596E-05 9.98596E-05 0.456639 9.98596E-05 9.98596E-05 9.98596E-05 9.98596E-05 9.98596E-05 9.98596E-05 9.98596E-05 9.98596E-05 0.497016 0.0447471 9.98596E-05 9.98596E-05 9.98596E-05 9.98596E-05
9.9877E-05 9.9877E-05 9.9877E-05 9.9877E-05 9.9877E-05 9.9877E-05 9.9877E-05 9.9877E-05 0.0452067 9.9877E-05 9.9877E-05 9.9877E-05 0.0194096 0.665446 0.130026 9.9877E-05 9.9877E-05 0.138513 9.9877E-05
9.98685E-05 9.98685E-05 9.98685E-05 9.98685E-05 0.456897 9.98685E-05 9.98685E-05 9.98685E-05 9.98685E-05 9.98685E-05 9.98685E-05 9.98685E-05 9.98685E-05 0.357976 0.0444089 9.98685E-05 9.98685E-05 9.98685E-05 0.13922
9.98772E-05 9.98772E-05 9.98772E-05 9.98772E-05 0.153563 9.98772E-05 9.98772E-05 9.98772E-05 9.98772E-05 9.98772E-05 9.98772E-05 9.98772E-05 0.0168505 0.602811 0.148569 9.98772E-05 9.98772E-05 9.98772E-05 0.0768083
9.98683E-05 9.98683E-05 0.064065 9.98683E-05 9.98683E-05 9.98683E-05 9.98683E-05 9.98683E-05 9.98683E-05 9.98683E-05 9.98683E-05 9.98683E-05 9.98683E-05 0.84595 9.98683E-05 9.98683E-05 0.0308948 9.98683E-05 0.0575919
9.9877E-05 9.9877E-05 9.9877E-05 0.0165999 9.9877E-05 9.9877E-05 9.9877E-05 9.9877E-05 9.9877E-05 9.9877E-05 9.9877E-05 0.000966116 0.0185202 0.925965 9.9877E-05 9.9877E-05 9.9877E-05 0.0365508 9.9877E-05
9.98682E-05 9.98682E-05 9.98682E-05 9.98682E-05 9.98682E-05 9.98682E-05 9.98682E-05 9.98682E-05 9.98682E-05 9.98682E-05 9.98682E-05 9.98682E-05 9.98682E-05 0.488667 0.126541 9.98682E-05 0.189301 9.98682E-05 0.193993
9.9877E-05 0.024355 9.9877E-05 9.9877E-05 9.9877E-05 9.9877E-05 9.9877E-05 9.9877E-05 9.9877E-05 9.9877E-05 0.00719232 9.9877E-05 9.9877E-05 0.70063 0.193916 9.9877E-05 9.9877E-05 9.9877E-05 0.0725083
9.98683E-05 9.98683E-05 9.98683E-05 9.98683E-05 9.98683E-05 9.98683E-05 9.98683E-05 9.98683E-05 9.98683E-05 9.98683E-05 9.98683E-05 9.98683E-05 0.0147741 0.96643 0.0036872 9.98683E-05 9.98683E-05 9.98683E-05 0.0136104
9.98684E-05 9.98684E-05 9.98684E-05 9.98684E-05 0.0252862 9.98684E-05 9.98684E-05 0.172254 9.98684E-05 9.98684E-05 9.98684E-05 9.98684E-05 9.98684E-05 0.711595 0.089367 9.98684E-05 9.98684E-05 9.98684E-05 9.98684E-05
9.98684E-05 9.98684E-05 9.98684E-05 9.98684E-05 0.104872 9.98684E-05 9.98684E-05 9.98684E-05 9.98684E-05 9.98684E-05 9.98684E-05 9.98684E-05 9.98684E-05 0.651025 0.0395256 9.98684E-05 9.98684E-05 9.98684E-05 0.203079
9.98418E-05 9.98418E-05 9.98418E-05 9.98418E-05 9.98418E-05 9.98418E-05 9.98418E-05 9.98418E-05 9.98418E-05 9.98418E-05 9.98418E-05 9.98418E-05 9.98418E-05 9.98418E-05 0.998203 9.98418E-05 9.98418E-05 9.98418E-05 9.98418E-05
9.98419E-05 9.98419E-05 9.98419E-05 9.98419E-05 9.98419E-05 9.98419E-05 9.98419E-05 9.98419E-05 9.98419E-05 9.98419E-05 9.98419E-05 9.98419E-05 9.98419E-05 9.98419E-05 9.98419E-05 9.98419E-05 9.98419E-05 9.98419E-05 0.998203
9.98417E-05 9.98417E-05 9.98417E-05 9.98417E-05 9.98417E-05 9.98417E-05 9.98417E-05 9.98417E-05 9.98417E-05 9.98417E-05 9.98417E-05 9.98417E-05 9.98417E-05 9.98417E-05 0.998203 9.98417E-05 9.98417E-05 9.98417E-05 9.98417E-05
9.98417E-05 9.98417E-05 9.98417E-05 9.98417E-05 9.98417E-05 9.98417E-05 9.98417E-05 9.98417E-05 9.98417E-05 9.98417E-05 9.98417E-05 9.98417E-05 9.98417E-05 9.98417E-05 9.98417E-05 9.98417E-05 9.98417E-05 9.98417E-05 0.998203
9.98417E-05 9.98417E-05 9.98417E-05 9.98417E-05 9.98417E-05 9.98417E-05 9.98417E-05 9.98417E-05 9.98417E-05 9.98417E-05 9.98417E-05 9.98417E-05 9.98417E-05 9.98417E-05 9.98417E-05 9.98417E-05 9.98417E-05 9.98417E-05 0.998203
9.98418E-05 9.98418E-05 9.98418E-05 9.98418E-05 9.98418E-05 9.98418E-05 9.98418E-05 9.98418E-05 9.98418E-05 9.98418E-05 9.98418E-05 9.98418E-05 9.98418E-05 9.98418E-05 9.98418E-05 9.98418E-05 9.98418E-05 9.98418E-05 0.998203
9.98418E-05 9.98418E-05 9.98418E-05 9.98418E-05 9.98418E-05 9.98418E-05 9.98418E-05 9.98418E-05 9.98418E-05 9.98418E-05 9.98418E-05 9.98418E-05 9.98418E-05 9.98418E-05 0.998203 9.98418E-05 9.98418E-05 9.98418E-05 9.98418E-05
9.98418E-05 9.98418E-05 9.98418E-05 9.98418E-05 9.98418E-05 9.98418E-05 9.98418E-05 9.98418E-05 9.98418E-05 9.98418E-05 9.98418E-05 9.98418E-05 9.98418E-05 9.98418E-05 9.98418E-05 9.98418E-05 9.98418E-05 9.98418E-05 0.998203
9.98418E-05 9.98418E-05 9.98418E-05 9.98418E-05 9.98418E-05 9.98418E-05 9.98418E-05 9.98418E-05 9.98418E-05 9.98418E-05 9.98418E-05 9.98418E-05 9.98418E-05 9.98418E-05 9.98418E-05 9.98418E-05 9.98418E-05 9.98418E-05 0.998203
9.98417E-05 9.98417E-05 9.98417E-05 9.98417E-05 9.98417E-05 9.98417E-05 9.98417E-05 9.98417E-05 9.98417E-05 9.98417E-05 9.98417E-05 9.98417E-05 9.98417E-05 9.98417E-05 0.998203 9.98417E-05 9.98417E-05 9.98417E-05 9.98417E-05
9.98595E-05 9.98595E-05 0.0141164 9.98595E-05 9.98595E-05 9.98595E-05 9.98595E-05 9.98595E-05 9.98595E-05 9.98595E-05 9.98595E-05 9.98595E-05 9.98595E-05 9.98595E-05 0.963478 9.98595E-05 9.98595E-05 9.98595E-05 0.0208076
9.98417E-05 9.98417E-05 9.98417E-05 9.98417E-05 9.98417E-05 9.98417E-05 9.98417E-05 9.98417E-05 9.98417E-05 9.98417E-05 9.98417E-05 9.98417E-05 9.98417E-05 9.98417E-05 0.998203 9.98417E-05 9.98417E-05 9.98417E-05 9.98417E-05
9.98417E-05 9.98417E-05 9.98417E-05 9.98417E-05 9.98417E-05 9.98417E-05 9.98417E-05 9.98417E-05 9.98417E-05 9.98417E-05 9.98417E-05 9.98417E-05 9.98417E-05 9.98417E-05 9.98417E-05 9.98417E-05 9.98417E-05 9.98417E-05 0.998203
9.98417E-05 9.98417E-05 9.98417E-05 9.98417E-05 9.98417E-05 9.98417E-05 9.98417E-05 9.98417E-05 9.98417E-05 9.98417E-05 9.98417E-05 9.98417E-05 9.98417E-05 9.98417E-05 9.98417E-05 9.98417E-05 9.98417E-05 9.98417E-05 0.998203
9.98418E-05 9.98418E-05 9.98418E-05 9.98418E-05 9.98418E-05 9.98418E-05 9.98418E-05 9.98418E-05 9.98418E-05 9.98418E-05 9.98418E-05 9.98418E-05 9.98418E-05 9.98418E-05 0.998203 9.98418E-05 9.98418E-05 9.98418E-05 9.98418E-05
9.98417E-05 9.98417E-05 9.98417E-05 9.98417E-05 9.98417E-05 9.98417E-05 9.98417E-05 9.98417E-05 9.98417E-05 9.98417E-05 9.98417E-05 9.98417E-05 9.98417E-05 9.98417E-05 0.998203 9.98417E-05 9.98417E-05 9.98417E-05 9.98417E-05
9.9877E-05 9.9877E-05 9.9877E-05 9.9877E-05 9.9877E-05 9.9877E-05 9.9877E-05 9.9877E-05 0.119659 9.9877E-05 9.9877E-05 9.9877E-05 9.9877E-05 0.58958 0.128659 9.9877E-05 9.9877E-05 0.120528 0.0401759
9.98418E-05 9.98418E-05 9.98418E-05 9.98418E-05 9.98418E-05 9.98418E-05 9.98418E-05 9.98418E-05 9.98418E-05 9.98418E-05 9.98418E-05 9.98418E-05 9.98418E-05 9.98418E-05 0.998203 9.98418E-05 9.98418E-05 9.98418E-05 9.98418E-05
9.98418E-05 9.98418E-05 9.98418E-05 9.98418E-05 9.98418E-05 9.98418E-05 9.98418E-05 9.98418E-05 9.98418E-05 9.98418E-05 9.98418E-05 9.98418E-05 9.98418E-05 9.98418E-05 9.98418E-05 9.98418E-05 9.98418E-05 9.98418E-05 0.998203
9.98417E-05 9.98417E-05 9.98417E-05 9.98417E-05 9.98417E-05 9.98417E-05 9.98417E-05 9.98417E-05 9.98417E-05 9.98417E-05 9.98417E-05 9.98417E-05 9.98417E-05 9.98417E-05 0.998203 9.98417E-05 9.98417E-05 9.98417E-05 9.98417E-05
9.98418E-05 9.98418E-05 9.98418E-05 9.98418E-05 9.98418E-05 9.98418E-05 9.98418E-05 9.98418E-05 9.98418E-05 9.98418E-05 9.98418E-05 9.98418E-05 9.98418E-05 9.98418E-05 0.998203 9.98418E-05 9.98418E-05 9.98418E-05 9.98418E-05
9.98417E-05 9.98417E-05 9.98417E-05 9.98417E-05 9.98417E-05 9.98417E-05 9.98417E-05 9.98417E-05 9.98417E-05 9.98417E-05 9.98417E-05 9.98417E-05 9.98417E-05 9.98417E-05 0.998203 9.98417E-05 9.98417E-05 9.98417E-05 9.98417E-05
9.98417E-05 9.98417E-05 9.98417E-05 9.98417E-05 9.98417E-05 9.98417E-05 9.98417E-05 9.98417E-05 9.98417E-05 9.98417E-05 9.98417E-05 9.98417E-05 9.98417E-05 9.98417E-05 9.98417E-05 9.98417E-05 9.98417E-05 9.98417E-05 0.998203
9.98417E-05 9.98417E-05 9.98417E-05 9.98417E-05 9.98417E-05 9.98417E-05 9.98417E-05 9.98417E-05 9.98417E-05 9.98417E-05 9.98417E-05 9.98417E-05 9.98417E-05 9.98417E-05 0.998203 9.98417E-05 9.98417E-05 9.98417E-05 9.98417E-05
9.98417E-05 9.98417E-05 9.98417E-05 9.98417E-05 9.98417E-05 9.98417E-05 9.98417E-05 9.98417E-05 9.98417E-05 9.98417E-05 9.98417E-05 9.98417E-05 9.98417E-05 9.98417E-05 9.98417E-05 9.98417E-05 9.98417E-05 9.98417E-05 0.998203
9.98419E-05 9.98419E-05 9.98419E-05 9.98419E-05 9.98419E-05 9.98419E-05 9.98419E-05 9.98419E-05 9.98419E-05 9.98419E-05 9.98419E-05 9.98419E-05 9.98419E-05 9.98419E-05 0.998203 9.98419E-05 9.98419E-05 9.98419E-05 9.98419E-05
9.98418E-05 9.98418E-05 9.98418E-05 9.98418E-05 9.98418E-05 9.98418E-05 9.98418E-05 9.98418E-05 9.98418E-05 9.98418E-05 9.98418E-05 9.98418E-05 9.98418E-05 9.98418E-05 0.998203 9.98418E-05 9.98418E-05 9.98418E-05 9.98418E-05
9.98417E-05 9.98417E-05 9.98417E-05 9.98417E-05 9.98417E-05 9.98417E-05 9.98417E-05 9.98417E-05 9.98417E-05 9.98417E-05 9.98417E-05 9.98417E-05 9.98417E-05 9.98417E-05 9.98417E-05 9.98417E-05 9.98417E-05 9.98417E-05 0.998203
9.98418E-05 9.98418E-05 9.98418E-05 9.98418E-05 9.98418E-05 9.98418E-05 9.98418E-05 9.98418E-05 9.98418E-05 9.98418E-05 9.98418E-05 9.98418E-05 9.98418E-05 9.98418E-05 9.98418E-05 9.98418E-05 9.98418E-05 9.98418E-05 0.998203
9.98417E-05 9.98417E-05 9.98417E-05 9.98417E-05 9.98417E-05 9.98417E-05 9.98417E-05 9.98417E-05 9.98417E-05 9.98417E-05 9.98417E-05 9.98417E-05 9.98417E-05 9.98417E-05 9.98417E-05 9.98417E-05 9.98417E-05 9.98417E-05 0.998203
9.98418E-05 9.98418E-05 9.98418E-05 9.98418E-05 9.98418E-05 9.98418E-05 9.98418E-05 9.98418E-05 9.98418E-05 9.98418E-05 9.98418E-05 9.98418E-05 9.98418E-05 9.98418E-05 0.998203 9.98418E-05 9.98418E-05 9.98418E-05 9.98418E-05
9.98418E-05 9.98418E-05 9.98418E-05 9.98418E-05 9.98418E-05 9.98418E-05 9.98418E-05 9.98418E-05 9.98418E-05 9.98418E-05 9.98418E-05 9.98418E-05 9.98418E-05 9.98418E-05 0.998203 9.98418E-05 9.98418E-05 9.98418E-05 9.98418E-05
9.98418E-05 9.98418E-05 9.98418E-05 9.98418E-05 9.98418E-05 9.98418E-05 9.98418E-05 9.98418E-05 9.98418E-05 9.98418E-05 9.98418E-05 9.98418E-05 9.98418E-05 9.98418E-05 0.998203 9.98418E-05 9.98418E-05 9.98418E-05 9.98418E-05
9.98417E-05 9.98417E-05 9.98417E-05 9.98417E-05 9.98417E-05 9.98417E-05 9.98417E-05 9.98417E-05 9.98417E-05 9.98417E-05 9.98417E-05 9.98417E-05 9.98417E-05 9.98417E-05 0.998203 9.98417E-05 9.98417E-05 9.98417E-05 9.98417E-05
9.98417E-05 9.98417E-05 9.98417E-05 9.98417E-05 9.98417E-05 9.98417E-05 9.98417E-05 9.98417E-05 9.98417E-05 9.98417E-05 9.98417E-05 9.98417E-05 9.98417E-05 9.98417E-05 0.998203 9.98417E-05 9.98417E-05 9.98417E-05 9.98417E-05
