9.99473E-05 0.396336 9.99473E-05 0.229735 0.156222 0.016788 9.99473E-05 9.99473E-05 0.182025 0.0182933 9.99473E-05 9.99473E-05
9.99298E-05 0.776226 9.99298E-05 0.0595675 0.144556 9.99298E-05 9.99298E-05 0.018851 9.99298E-05 9.99298E-05 9.99298E-05 9.99298E-05
9.99385E-05 0.821883 0.0924267 0.0363703 9.99385E-05 9.99385E-05 0.0136609 9.99385E-05 9.99385E-05 0.0349593 9.99385E-05 9.99385E-05
0.0630337 0.249308 0.145252 0.0935552 9.99649E-05 0.0478132 9.99649E-05 0.0260694 0.146305 9.99649E-05 9.99649E-05 0.228263
9.9921E-05 0.803976 9.9921E-05 9.9921E-05 9.9921E-05 0.0313949 9.9921E-05 9.9921E-05 9.9921E-05 9.9921E-05 9.9921E-05 0.16373
9.99473E-05 0.276664 0.191736 0.0046496 0.153068 0.156352 9.99473E-05 9.99473E-05 9.99473E-05 9.99473E-05 9.99473E-05 0.21693
9.99561E-05 0.32023 9.99561E-05 0.0574806 0.225147 9.99561E-05 0.0967647 9.99561E-05 0.0911997 0.0399051 9.99561E-05 0.168773
9.99561E-05 0.300914 0.00504236 9.99561E-05 0.0188448 0.159328 0.151864 0.0495356 9.99561E-05 9.99561E-05 9.99561E-05 0.313972
9.99561E-05 0.28358 0.0236409 0.258668 0.0212908 0.229943 9.99561E-05 9.99561E-05 9.99561E-05 0.175144 9.99561E-05 0.00723398
9.99122E-05 0.88216 9.99122E-05 0.116841 9.99122E-05 9.99122E-05 9.99122E-05 9.99122E-05 9.99122E-05 9.99122E-05 9.99122E-05 9.99122E-05
9.99298E-05 0.573537 9.99298E-05 0.190269 9.99298E-05 0.0538166 9.99298E-05 9.99298E-05 0.181577 9.99298E-05 9.99298E-05 9.99298E-05
0.0085852 0.82377 0.00907795 0.0673782 9.99649E-05 9.99649E-05 0.0129893 9.99649E-05 0.0428078 0.0035761 9.99649E-05 0.0314157
9.99209E-05 0.846675 9.99209E-05 0.070235 9.99209E-05 0.0821909 9.99209E-05 9.99209E-05 9.99209E-05 9.99209E-05 9.99209E-05 9.99209E-05
9.99473E-05 0.658873 0.184543 0.0456816 9.99473E-05 9.99473E-05 0.0257603 9.99473E-05 0.0696972 9.99473E-05 0.0148451 9.99473E-05
9.99561E-05 0.364205 0.246647 0.181498 0.0391715 0.135246 9.99561E-05 9.99561E-05 9.99561E-05 0.0295619 0.00317097 9.99561E-05
9.99561E-05 0.265793 0.187517 0.0565589 9.99561E-05 0.210298 0.159183 9.99561E-05 0.00376448 9.99561E-05 9.99561E-05 0.116386
9.99649E-05 0.513699 9.99649E-05 0.0434492 0.038362 0.0468785 0.114069 9.99649E-05 0.10157 9.99649E-05 0.117683 0.0238893
0.125111 0.314496 0.0399219 0.222356 9.99561E-05 0.0875183 9.99561E-05 0.206159 9.99561E-05 9.99561E-05 9.99561E-05 0.00393704
0.0120469 0.376456 9.99561E-05 0.266277 9.99561E-05 0.185277 9.99561E-05 0.0557312 0.0520749 9.99561E-05 9.99561E-05 0.0516372
0.0770503 0.855387 9.9921E-05 9.9921E-05 9.9921E-05 0.0666633 9.9921E-05 9.9921E-05 9.9921E-05 9.9921E-05 9.9921E-05 9.9921E-05
9.99473E-05 0.488386 0.00390474 0.046669 9.99473E-05 0.0792745 9.99473E-05 9.99473E-05 0.0225973 9.99473E-05 9.99473E-05 0.358568
9.99562E-05 0.25513 0.270641 9.99562E-05 9.99562E-05 0.162761 9.99562E-05 0.00331197 0.00431966 0.0194905 9.99562E-05 0.283847
9.99386E-05 0.626576 0.097222 0.133694 0.0679739 9.99386E-05 9.99386E-05 9.99386E-05 0.0738341 9.99386E-05 9.99386E-05 9.99386E-05
9.99385E-05 0.440366 0.00515494 0.304572 9.99385E-05 9.99385E-05 0.0778188 9.99385E-05 9.99385E-05 0.171389 9.99385E-05 9.99385E-05
0.157957 0.291585 0.209678 0.267306 9.99473E-05 0.0510181 9.99473E-05 9.99473E-05 0.0218564 9.99473E-05 9.99473E-05 9.99473E-05
9.99386E-05 0.688355 0.0881715 0.107509 9.99386E-05 0.0494735 9.99386E-05 9.99386E-05 9.99386E-05 9.99386E-05 9.99386E-05 0.0657907
0.00573007 0.128746 0.422513 0.162254 0.0406992 9.99648E-05 0.149384 0.0618364 0.0284373 9.99648E-05 9.99648E-05 9.99648E-05
9.99386E-05 0.756709 0.00609552 0.113335 9.99386E-05 9.99386E-05 9.99386E-05 9.99386E-05 0.0174094 9.99386E-05 9.99386E-05 0.105751
0.0526116 0.6056 0.180411 0.110524 9.99474E-05 9.99474E-05 9.99474E-05 9.99474E-05 0.0490897 0.00116406 9.99474E-05 9.99474E-05
9.99561E-05 0.672576 0.00232606 0.0959918 9.99561E-05 0.0384817 9.99561E-05 9.99561E-05 0.0489441 0.0399088 0.101272 9.99561E-05
0.0398656 0.729594 9.99473E-05 0.0659165 9.99473E-05 0.0542066 0.018155 9.99473E-05 0.0916628 9.99473E-05 9.99473E-05 9.99473E-05
9.99386E-05 0.498407 0.26481 0.0787135 9.99386E-05 9.99386E-05 9.99386E-05 9.99386E-05 0.0702036 9.99386E-05 9.99386E-05 0.0871662
9.99385E-05 0.543443 0.1087 0.185756 9.99385E-05 9.99385E-05 0.0560826 9.99385E-05 0.105319 9.99385E-05 9.99385E-05 9.99385E-05
9.99561E-05 0.395172 0.310543 0.141338 9.99561E-05 9.99561E-05 9.99561E-05 0.0341517 0.0306985 0.0190477 9.99561E-05 0.0685489
0.0477067 0.843702 9.99386E-05 0.0320378 0.043842 9.99386E-05 9.99386E-05 9.99386E-05 0.0320124 9.99386E-05 9.99386E-05 9.99386E-05
0.0285396 0.689145 9.99649E-05 0.114849 0.0223963 0.0232473 9.99649E-05 9.99649E-05 0.051711 0.00736447 9.99649E-05 0.0623482
0.0159547 0.882296 9.99386E-05 9.99386E-05 0.0020664 9.99386E-05 0.0478132 9.99386E-05 0.0511699 9.99386E-05 9.99386E-05 9.99386E-05
0.0805444 0.629324 9.99473E-05 0.0728012 0.0623922 0.145923 9.99473E-05 9.99473E-05 9.99473E-05 9.99473E-05 0.00841629 9.99473E-05
9.99473E-05 0.507864 9.99473E-05 0.155921 9.99473E-05 0.0545417 9.99473E-05 9.99473E-05 0.0282618 9.99473E-05 0.108044 0.144767
9.99473E-05 0.526299 0.117157 0.126073 9.99473E-05 9.99473E-05 0.0782494 9.99473E-05 0.0540846 9.99473E-05 9.99473E-05 0.0975373
9.99298E-05 0.653625 9.99298E-05 0.112191 9.99298E-05 0.0696039 9.99298E-05 9.99298E-05 0.163781 9.99298E-05 9.99298E-05 9.99298E-05
9.99473E-05 0.677543 0.00697009 0.191028 0.0339897 0.0377044 9.99473E-05 9.99473E-05 9.99473E-05 0.0521651 9.99473E-05 9.99473E-05
9.99385E-05 0.842591 9.99385E-05 9.99385E-05 0.0218919 9.99385E-05 9.99385E-05 0.0128166 9.99385E-05 9.99385E-05 0.099421 0.0225798
9.99473E-05 0.415975 9.99473E-05 0.230069 0.0303842 0.148523 9.99473E-05 9.99473E-05 0.0705092 0.10394 9.99473E-05 9.99473E-05
9.99298E-05 0.324159 9.99298E-05 0.308362 9.99298E-05 9.99298E-05 9.99298E-05 9.99298E-05 0.0231393 9.99298E-05 9.99298E-05 0.343541
0.0751907 0.76576 9.99385E-05 0.0785736 9.99385E-05 0.0102884 9.99385E-05 9.99385E-05 9.99385E-05 9.99385E-05 9.99385E-05 0.0694877
9.99385E-05 0.835208 9.99385E-05 0.0780486 9.99385E-05 0.0305754 9.99385E-05 0.0418224 0.0136465 9.99385E-05 9.99385E-05 9.99385E-05
0.0364345 0.829882 9.99298E-05 0.0408588 9.99298E-05 9.99298E-05 0.0920251 9.99298E-05 9.99298E-05 9.99298E-05 9.99298E-05 9.99298E-05
9.99473E-05 0.676935 0.00148354 0.161327 9.99473E-05 9.99473E-05 0.0333608 9.99473E-05 0.0269281 9.99473E-05 9.99473E-05 0.0993664
0.0759661 0.697292 9.99475E-05 9.99475E-05 9.99475E-05 0.0348533 0.0998137 0.0552988 9.99475E-05 9.99475E-05 9.99475E-05 0.036176
9.99561E-05 0.2979 0.191036 0.247636 9.99561E-05 0.0462337 9.99561E-05 9.99561E-05 0.132118 0.0134959 9.99561E-05 0.0710807
0.0582607 0.605088 0.112356 9.99561E-05 9.99561E-05 0.0558742 0.013285 9.99561E-05 9.99561E-05 0.0227646 9.99561E-05 0.131872
9.99386E-05 0.887025 0.0268233 0.0118402 0.00863931 9.99386E-05 9.99386E-05 0.0649731 9.99386E-05 9.99386E-05 9.99386E-05 9.99386E-05
0.0199614 0.649226 0.0101638 0.0592578 9.99561E-05 0.0153934 0.24127 0.00422698 9.99561E-05 9.99561E-05 9.99561E-05 9.99561E-05
9.99386E-05 0.732354 9.99386E-05 0.0957583 9.99386E-05 9.99386E-05 9.99386E-05 0.00708376 9.99386E-05 0.0208933 9.99386E-05 0.143211
0.133334 0.715128 0.128976 9.99299E-05 9.99299E-05 9.99299E-05 9.99299E-05 9.99299E-05 0.0217626 9.99299E-05 9.99299E-05 9.99299E-05
9.99561E-05 0.721437 9.99561E-05 0.0495512 0.0391687 0.0148679 0.0935038 0.0693862 9.99561E-05 9.99561E-05 9.99561E-05 0.0115856
9.9921E-05 0.822511 9.9921E-05 0.0956143 9.9921E-05 9.9921E-05 9.9921E-05 9.9921E-05 0.0809756 9.9921E-05 9.9921E-05 9.9921E-05
9.99473E-05 0.829885 9.99473E-05 0.0704611 0.000573708 0.0244101 9.99473E-05 9.99473E-05 0.0168521 9.99473E-05 9.99473E-05 0.0572179
9.99561E-05 0.141379 0.0434328 0.38299 0.255735 0.066128 9.99561E-05 0.0617035 0.0481322 9.99561E-05 9.99561E-05 9.99561E-05
9.99562E-05 0.348799 9.99562E-05 0.060307 0.322388 9.99562E-05 0.130658 9.99562E-05 0.0191745 0.0409616 9.99562E-05 0.0772113
9.99561E-05 0.292013 9.99561E-05 0.024494 0.283942 9.99561E-05 0.0768815 0.161127 0.0231844 9.99561E-05 0.137858 9.99561E-05
0.000175858 9.99562E-05 0.273198 0.0832937 0.41548 0.070944 9.99562E-05 0.121482 0.0349257 9.99562E-05 9.99562E-05 9.99562E-05
0.0482031 0.133425 9.99736E-05 0.22302 0.184295 0.115307 0.0777826 0.0902502 0.022203 9.99736E-05 9.99736E-05 0.105214
9.99561E-05 9.99561E-05 0.153573 0.370877 0.259172 0.0502171 9.99561E-05 0.0364125 0.0531995 0.0760492 9.99561E-05 9.99561E-05
9.99561E-05 0.0256777 9.99561E-05 0.286838 0.581474 0.000799997 9.99561E-05 0.00187169 0.0790749 9.99561E-05 9.99561E-05 0.0237633
9.99473E-05 9.99473E-05 0.111649 0.233601 0.384735 0.0400285 0.0613487 0.168038 9.99473E-05 9.99473E-05 9.99473E-05 9.99473E-05
9.99649E-05 0.167531 0.0431422 0.126492 0.424548 9.99649E-05 0.00187788 0.106948 9.99649E-05 0.0721611 0.0569 9.99649E-05
0.0111631 0.33625 0.0661437 0.177193 0.202757 0.0107249 9.99649E-05 0.0238827 0.171485 9.99649E-05 9.99649E-05 9.99649E-05
0.00142673 9.99473E-05 9.99473E-05 0.473329 0.137204 0.100854 9.99473E-05 0.0558701 0.230716 9.99473E-05 9.99473E-05 9.99473E-05
9.99649E-05 0.0136397 9.99649E-05 0.186382 0.331362 0.0411786 0.200234 0.00980845 0.125889 9.99649E-05 9.99649E-05 0.0911058
9.99561E-05 9.99561E-05 0.168613 0.110824 0.144171 0.152482 0.0305235 9.99561E-05 0.163144 9.99561E-05 9.99561E-05 0.229744
9.99649E-05 0.0487828 0.0661973 0.295477 0.326311 0.0120483 0.149482 9.99649E-05 0.0255688 9.99649E-05 9.99649E-05 0.0757325
9.99562E-05 0.222275 0.305701 0.0262585 0.240403 9.99562E-05 0.102099 9.99562E-05 0.050095 0.0526689 9.99562E-05 9.99562E-05
9.99649E-05 0.209234 9.99649E-05 0.215502 0.228836 0.112492 9.99649E-05 0.0207013 0.0986869 0.00615737 0.107991 9.99649E-05
9.99561E-05 9.99561E-05 0.223153 0.158941 0.243905 9.99561E-05 0.08214 0.135848 9.99561E-05 0.00773582 9.99561E-05 0.147778
9.99736E-05 0.131867 0.0174781 0.0745737 0.169597 0.176209 0.00603509 0.153007 0.118588 9.99736E-05 9.99736E-05 0.152345
9.99474E-05 0.212134 9.99474E-05 0.200878 0.337794 0.00219206 9.99474E-05 0.171358 0.0750444 9.99474E-05 9.99474E-05 9.99474E-05
9.99473E-05 9.99473E-05 0.0727264 0.391052 0.230771 9.99473E-05 0.1831 0.039766 0.0819853 9.99473E-05 9.99473E-05 9.99473E-05
9.99474E-05 0.234011 9.99474E-05 0.170474 0.266301 9.99474E-05 0.0941964 9.99474E-05 0.0165352 9.99474E-05 0.217883 9.99474E-05
9.99648E-05 0.115934 0.0799321 0.216644 0.310689 9.99648E-05 0.122082 0.0712014 0.0075803 9.99648E-05 9.99648E-05 0.0755373
9.99562E-05 0.212708 0.330257 0.140688 0.234018 9.99562E-05 0.0333124 0.0342916 0.0142263 9.99562E-05 9.99562E-05 9.99562E-05
9.99737E-05 0.150519 0.154623 0.113388 0.123404 0.0404053 9.99737E-05 0.109473 0.0743601 0.0516617 9.99737E-05 0.181866
9.99473E-05 0.229096 0.0749336 0.287457 0.102491 0.0551395 9.99473E-05 9.99473E-05 0.250283 9.99473E-05 9.99473E-05 9.99473E-05
0.0197848 0.34511 9.99561E-05 0.169944 0.279857 0.0533358 9.99561E-05 9.99561E-05 0.0581589 9.99561E-05 0.0733107 9.99561E-05
9.99474E-05 0.393119 9.99474E-05 0.140245 0.228804 9.99474E-05 9.99474E-05 0.0495563 9.99474E-05 0.110354 0.0773227 9.99474E-05
9.99562E-05 0.196651 9.99562E-05 0.203991 0.404869 9.99562E-05 0.0185391 9.99562E-05 9.99562E-05 0.148712 0.00279698 0.0239404
9.99562E-05 0.292598 0.043977 0.207093 0.102251 0.0674326 9.99562E-05 0.282605 9.99562E-05 9.99562E-05 9.99562E-05 0.00354357
9.99474E-05 0.180383 9.99474E-05 0.186382 0.181987 0.171414 0.0459015 9.99474E-05 9.99474E-05 9.99474E-05 0.233332 9.99474E-05
9.9921E-05 9.9921E-05 0.866477 0.0570672 9.9921E-05 0.0755568 9.9921E-05 9.9921E-05 9.9921E-05 9.9921E-05 9.9921E-05 9.9921E-05
9.99299E-05 0.0165118 0.538274 9.99299E-05 9.99299E-05 0.0451973 9.99299E-05 9.99299E-05 9.99299E-05 9.99299E-05 0.399217 9.99299E-05
9.99121E-05 9.99121E-05 0.959261 0.03974 9.99121E-05 9.99121E-05 9.99121E-05 9.99121E-05 9.99121E-05 9.99121E-05 9.99121E-05 9.99121E-05
9.99209E-05 9.99209E-05 0.852585 0.111452 9.99209E-05 0.035064 9.99209E-05 9.99209E-05 9.99209E-05 9.99209E-05 9.99209E-05 9.99209E-05
0.0263455 9.99385E-05 0.864105 9.99385E-05 9.99385E-05 0.0486028 9.99385E-05 0.0345505 9.99385E-05 0.0256966 9.99385E-05 9.99385E-05
9.99298E-05 9.99298E-05 0.666756 0.161709 0.0126325 0.158103 9.99298E-05 9.99298E-05 9.99298E-05 9.99298E-05 9.99298E-05 9.99298E-05
9.99386E-05 9.99386E-05 0.736364 0.0676247 9.99386E-05 0.12576 9.99386E-05 0.0374706 0.0320811 9.99386E-05 9.99386E-05 9.99386E-05
9.99122E-05 9.99122E-05 0.803204 9.99122E-05 9.99122E-05 0.195796 9.99122E-05 9.99122E-05 9.99122E-05 9.99122E-05 9.99122E-05 9.99122E-05
9.99385E-05 9.99385E-05 0.41698 0.0109865 0.214967 0.335059 9.99385E-05 9.99385E-05 0.021308 9.99385E-05 9.99385E-05 9.99385E-05
9.99297E-05 9.99297E-05 0.581175 0.247084 9.99297E-05 0.131786 9.99297E-05 0.0391559 9.99297E-05 9.99297E-05 9.99297E-05 9.99297E-05
9.99298E-05 9.99298E-05 0.479984 9.99298E-05 0.316868 0.0206471 9.99298E-05 9.99298E-05 9.99298E-05 9.99298E-05 0.181701 9.99298E-05
9.99386E-05 9.99386E-05 0.727133 0.0156446 0.114585 9.99386E-05 9.99386E-05 9.99386E-05 0.0772288 9.99386E-05 0.0647086 9.99386E-05
9.99211E-05 9.99211E-05 0.922149 9.99211E-05 9.99211E-05 0.0755673 9.99211E-05 9.99211E-05 9.99211E-05 9.99211E-05 0.0013846 9.99211E-05
9.99298E-05 9.99298E-05 0.715411 0.168922 9.99298E-05 0.107525 9.99298E-05 9.99298E-05 9.99298E-05 9.99298E-05 0.00734336 9.99298E-05
9.99298E-05 9.99298E-05 0.700626 9.99298E-05 9.99298E-05 0.0949801 9.99298E-05 0.135317 9.99298E-05 9.99298E-05 0.0682769 9.99298E-05
0.000307275 9.99386E-05 0.69518 0.149587 0.1325 0.0217266 9.99386E-05 9.99386E-05 9.99386E-05 9.99386E-05 9.99386E-05 9.99386E-05
0.0268322 9.99473E-05 0.783609 0.0325991 0.122648 0.0294376 9.99473E-05 9.99473E-05 9.99473E-05 9.99473E-05 0.00427502 9.99473E-05
9.99354E-05 9.99354E-05 0.793032 9.99354E-05 9.99354E-05 0.109381 0.0836687 9.99354E-05 9.99354E-05 9.99354E-05 9.99354E-05 0.0131187
9.99035E-05 9.99035E-05 0.998901 9.99035E-05 9.99035E-05 9.99035E-05 9.99035E-05 9.99035E-05 9.99035E-05 9.99035E-05 9.99035E-05 9.99035E-05
0.100437 9.99473E-05 0.53521 0.128408 9.99473E-05 0.059816 9.99473E-05 9.99473E-05 0.00989994 9.99473E-05 0.165629 9.99473E-05
9.99298E-05 9.99298E-05 0.809577 0.0658108 0.0908644 0.0329486 9.99298E-05 9.99298E-05 9.99298E-05 9.99298E-05 9.99298E-05 9.99298E-05
9.9921E-05 9.9921E-05 0.95705 9.9921E-05 9.9921E-05 0.0288969 9.9921E-05 0.0131537 9.9921E-05 9.9921E-05 9.9921E-05 9.9921E-05
0.0205785 9.99473E-05 0.456105 0.200406 0.00909808 0.240202 9.99473E-05 9.99473E-05 9.99473E-05 9.99473E-05 9.99473E-05 0.0730113
9.9921E-05 9.9921E-05 0.723305 9.9921E-05 9.9921E-05 0.167836 9.9921E-05 9.9921E-05 9.9921E-05 9.9921E-05 0.10796 9.9921E-05
0.116387 9.99385E-05 0.393735 0.199592 0.0338412 0.255745 9.99385E-05 9.99385E-05 9.99385E-05 9.99385E-05 9.99385E-05 9.99385E-05
9.99386E-05 9.99386E-05 0.438274 0.152097 0.0843953 0.125831 9.99386E-05 9.99386E-05 9.99386E-05 9.99386E-05 0.198703 9.99386E-05
0.0418077 9.99561E-05 0.153138 0.0932229 9.99561E-05 9.99561E-05 9.99561E-05 0.011202 9.99561E-05 0.0942115 0.55712 0.0487978
0.0460732 9.99297E-05 0.730717 0.0743792 9.99297E-05 0.148031 9.99297E-05 9.99297E-05 9.99297E-05 9.99297E-05 9.99297E-05 9.99297E-05
9.99298E-05 9.99298E-05 0.475734 0.141295 0.0771182 0.305054 9.99298E-05 9.99298E-05 9.99298E-05 9.99298E-05 9.99298E-05 9.99298E-05
0.0965106 9.99386E-05 0.787825 0.0829018 9.99386E-05 9.99386E-05 9.99386E-05 9.99386E-05 0.00642681 9.99386E-05 0.0256358 9.99386E-05
9.99474E-05 9.99474E-05 0.694693 0.15261 0.000673041 0.0407284 0.0998515 9.99474E-05 0.0108449 9.99474E-05 9.99474E-05 9.99474E-05
0.000664803 9.99122E-05 0.998336 9.99122E-05 9.99122E-05 9.99122E-05 9.99122E-05 9.99122E-05 9.99122E-05 9.99122E-05 9.99122E-05 9.99122E-05
0.225734 9.99297E-05 0.377945 0.151782 9.99297E-05 0.243739 9.99297E-05 9.99297E-05 9.99297E-05 9.99297E-05 9.99297E-05 9.99297E-05
9.99209E-05 9.99209E-05 0.885604 0.078938 9.99209E-05 0.0345587 9.99209E-05 9.99209E-05 9.99209E-05 9.99209E-05 9.99209E-05 9.99209E-05
9.9921E-05 9.9921E-05 0.942771 0.0536318 9.9921E-05 9.9921E-05 9.9921E-05 9.9921E-05 9.9921E-05 9.9921E-05 0.00269772 9.9921E-05
9.99385E-05 9.99385E-05 0.818643 9.99385E-05 0.0280867 0.0671906 9.99385E-05 9.99385E-05 0.0273707 9.99385E-05 0.0580091 9.99385E-05
9.99473E-05 9.99473E-05 0.583408 0.266861 9.99473E-05 0.0750136 0.00330769 0.0539504 0.0168602 9.99473E-05 9.99473E-05 9.99473E-05
0.0164354 9.99473E-05 0.316639 9.99473E-05 9.99473E-05 0.0585909 9.99473E-05 0.0114704 9.99473E-05 9.99473E-05 0.478194 0.11807
0.00657808 9.99298E-05 0.730099 0.0411129 9.99298E-05 9.99298E-05 9.99298E-05 9.99298E-05 9.99298E-05 9.99298E-05 0.221411 9.99298E-05
9.99123E-05 9.99123E-05 0.828867 9.99123E-05 9.99123E-05 9.99123E-05 9.99123E-05 9.99123E-05 9.99123E-05 9.99123E-05 0.170134 9.99123E-05
0.0435926 9.99386E-05 0.537403 9.99386E-05 9.99386E-05 0.0633252 9.99386E-05 0.01005 9.99386E-05 9.99386E-05 0.34493 9.99386E-05
9.99297E-05 9.99297E-05 0.516468 0.327069 0.154021 0.00164274 9.99297E-05 9.99297E-05 9.99297E-05 9.99297E-05 9.99297E-05 9.99297E-05
9.9921E-05 9.9921E-05 0.816238 9.9921E-05 9.9921E-05 0.149342 9.9921E-05 0.0335208 9.9921E-05 9.9921E-05 9.9921E-05 9.9921E-05
0.0982168 9.99385E-05 0.173046 0.0386148 9.99385E-05 0.121783 9.99385E-05 9.99385E-05 9.99385E-05 9.99385E-05 0.567639 9.99385E-05
9.9921E-05 9.9921E-05 0.533092 0.0709431 9.9921E-05 9.9921E-05 9.9921E-05 9.9921E-05 9.9921E-05 9.9921E-05 0.395066 9.9921E-05
0.0627066 9.99473E-05 0.500886 0.0308026 0.178604 0.205194 9.99473E-05 0.0212074 9.99473E-05 9.99473E-05 9.99473E-05 9.99473E-05
9.99386E-05 9.99386E-05 0.575328 0.169601 9.99386E-05 0.0678206 9.99386E-05 9.99386E-05 0.116954 9.99386E-05 0.0695964 9.99386E-05
9.99474E-05 9.99474E-05 0.631486 0.0147001 0.135261 0.108024 9.99474E-05 0.0203093 9.99474E-05 0.08962 9.99474E-05 9.99474E-05
0.0377256 9.99385E-05 0.438583 0.249117 9.99385E-05 0.233228 9.99385E-05 9.99385E-05 0.0406479 9.99385E-05 9.99385E-05 9.99385E-05
0.0236053 9.99298E-05 0.663148 0.023254 9.99298E-05 9.99298E-05 9.99298E-05 9.99298E-05 9.99298E-05 9.99298E-05 0.289193 9.99298E-05
0.0447449 9.99384E-05 0.771627 0.0962072 9.99384E-05 9.99384E-05 0.0822319 9.99384E-05 9.99384E-05 9.99384E-05 9.99384E-05 0.00448927
9.99298E-05 9.99298E-05 0.371276 0.00929803 9.99298E-05 0.103252 9.99298E-05 9.99298E-05 9.99298E-05 9.99298E-05 0.515374 9.99298E-05
9.99298E-05 9.99298E-05 0.708534 0.0885254 9.99298E-05 0.133117 9.99298E-05 9.99298E-05 9.99298E-05 9.99298E-05 0.0690236 9.99298E-05
9.9921E-05 9.9921E-05 0.959606 9.9921E-05 9.9921E-05 0.0366211 0.0028734 9.9921E-05 9.9921E-05 9.9921E-05 9.9921E-05 9.9921E-05
9.99209E-05 9.99209E-05 0.982107 9.99209E-05 9.99209E-05 9.99209E-05 9.99209E-05 0.0139194 0.00307461 9.99209E-05 9.99209E-05 9.99209E-05
9.99297E-05 9.99297E-05 0.548938 0.118242 0.153538 0.178483 9.99297E-05 9.99297E-05 9.99297E-05 9.99297E-05 9.99297E-05 9.99297E-05
9.9921E-05 9.9921E-05 0.783253 0.0632636 9.9921E-05 0.152585 9.9921E-05 9.9921E-05 9.9921E-05 9.9921E-05 9.9921E-05 9.9921E-05
9.99297E-05 9.99297E-05 0.967099 9.99297E-05 9.99297E-05 0.0214555 0.00589267 9.99297E-05 0.00475303 9.99297E-05 9.99297E-05 9.99297E-05
0.116757 9.99298E-05 0.839966 0.0104767 9.99298E-05 9.99298E-05 9.99298E-05 9.99298E-05 9.99298E-05 9.99298E-05 0.0320007 9.99298E-05
9.9921E-05 9.9921E-05 0.641666 9.9921E-05 9.9921E-05 0.233355 9.9921E-05 9.9921E-05 9.9921E-05 9.9921E-05 0.124079 9.9921E-05
9.99033E-05 9.99033E-05 9.99033E-05 0.998901 9.99033E-05 9.99033E-05 9.99033E-05 9.99033E-05 9.99033E-05 9.99033E-05 9.99033E-05 9.99033E-05
9.99032E-05 9.99032E-05 9.99032E-05 9.99032E-05 9.99032E-05 0.998901 9.99032E-05 9.99032E-05 9.99032E-05 9.99032E-05 9.99032E-05 9.99032E-05
9.99032E-05 9.99032E-05 9.99032E-05 0.998901 9.99032E-05 9.99032E-05 9.99032E-05 9.99032E-05 9.99032E-05 9.99032E-05 9.99032E-05 9.99032E-05
9.99033E-05 9.99033E-05 9.99033E-05 9.99033E-05 9.99033E-05 0.998901 9.99033E-05 9.99033E-05 9.99033E-05 9.99033E-05 9.99033E-05 9.99033E-05
9.99032E-05 9.99032E-05 9.99032E-05 9.99032E-05 9.99032E-05 0.998901 9.99032E-05 9.99032E-05 9.99032E-05 9.99032E-05 9.99032E-05 9.99032E-05
9.99033E-05 9.99033E-05 9.99033E-05 9.99033E-05 9.99033E-05 0.998901 9.99033E-05 9.99033E-05 9.99033E-05 9.99033E-05 9.99033E-05 9.99033E-05
9.99032E-05 9.99032E-05 9.99032E-05 0.998901 9.99032E-05 9.99032E-05 9.99032E-05 9.99032E-05 9.99032E-05 9.99032E-05 9.99032E-05 9.99032E-05
9.99032E-05 9.99032E-05 9.99032E-05 9.99032E-05 9.99032E-05 0.998901 9.99032E-05 9.99032E-05 9.99032E-05 9.99032E-05 9.99032E-05 9.99032E-05
9.99032E-05 9.99032E-05 9.99032E-05 9.99032E-05 9.99032E-05 0.998901 9.99032E-05 9.99032E-05 9.99032E-05 9.99032E-05 9.99032E-05 9.99032E-05
9.99032E-05 9.99032E-05 9.99032E-05 0.998901 9.99032E-05 9.99032E-05 9.99032E-05 9.99032E-05 9.99032E-05 9.99032E-05 9.99032E-05 9.99032E-05
9.99032E-05 9.99032E-05 9.99032E-05 0.998901 9.99032E-05 9.99032E-05 9.99032E-05 9.99032E-05 9.99032E-05 9.99032E-05 9.99032E-05 9.99032E-05
9.99032E-05 9.99032E-05 9.99032E-05 0.998901 9.99032E-05 9.99032E-05 9.99032E-05 9.99032E-05 9.99032E-05 9.99032E-05 9.99032E-05 9.99032E-05
9.99033E-05 9.99033E-05 9.99033E-05 9.99033E-05 9.99033E-05 0.998901 9.99033E-05 9.99033E-05 9.99033E-05 9.99033E-05 9.99033E-05 9.99033E-05
9.99032E-05 9.99032E-05 9.99032E-05 9.99032E-05 9.99032E-05 0.998901 9.99032E-05 9.99032E-05 9.99032E-05 9.99032E-05 9.99032E-05 9.99032E-05
9.99032E-05 9.99032E-05 9.99032E-05 0.998901 9.99032E-05 9.99032E-05 9.99032E-05 9.99032E-05 9.99032E-05 9.99032E-05 9.99032E-05 9.99032E-05
9.99032E-05 9.99032E-05 9.99032E-05 0.998901 9.99032E-05 9.99032E-05 9.99032E-05 9.99032E-05 9.99032E-05 9.99032E-05 9.99032E-05 9.99032E-05
0.0509672 9.9956E-05 0.590404 0.118612 9.9956E-05 0.0296091 0.0620985 9.9956E-05 9.9956E-05 0.0728594 9.9956E-05 0.0749495
9.99032E-05 9.99032E-05 9.99032E-05 0.998901 9.99032E-05 9.99032E-05 9.99032E-05 9.99032E-05 9.99032E-05 9.99032E-05 9.99032E-05 9.99032E-05
9.99032E-05 9.99032E-05 9.99032E-05 9.99032E-05 9.99032E-05 0.998901 9.99032E-05 9.99032E-05 9.99032E-05 9.99032E-05 9.99032E-05 9.99032E-05
9.99032E-05 9.99032E-05 9.99032E-05 0.998901 9.99032E-05 9.99032E-05 9.99032E-05 9.99032E-05 9.99032E-05 9.99032E-05 9.99032E-05 9.99032E-05
9.99032E-05 9.99032E-05 9.99032E-05 0.998901 9.99032E-05 9.99032E-05 9.99032E-05 9.99032E-05 9.99032E-05 9.99032E-05 9.99032E-05 9.99032E-05
9.99032E-05 9.99032E-05 9.99032E-05 0.998901 9.99032E-05 9.99032E-05 9.99032E-05 9.99032E-05 9.99032E-05 9.99032E-05 9.99032E-05 9.99032E-05
9.99032E-05 9.99032E-05 9.99032E-05 9.99032E-05 9.99032E-05 0.998901 9.99032E-05 9.99032E-05 9.99032E-05 9.99032E-05 9.99032E-05 9.99032E-05
9.99032E-05 9.99032E-05 9.99032E-05 0.998901 9.99032E-05 9.99032E-05 9.99032E-05 9.99032E-05 9.99032E-05 9.99032E-05 9.99032E-05 9.99032E-05
9.99032E-05 9.99032E-05 9.99032E-05 9.99032E-05 9.99032E-05 0.998901 9.99032E-05 9.99032E-05 9.99032E-05 9.99032E-05 9.99032E-05 9.99032E-05
9.99032E-05 9.99032E-05 9.99032E-05 0.998901 9.99032E-05 9.99032E-05 9.99032E-05 9.99032E-05 9.99032E-05 9.99032E-05 9.99032E-05 9.99032E-05
9.99032E-05 9.99032E-05 9.99032E-05 0.998901 9.99032E-05 9.99032E-05 9.99032E-05 9.99032E-05 9.99032E-05 9.99032E-05 9.99032E-05 9.99032E-05
9.99032E-05 9.99032E-05 9.99032E-05 9.99032E-05 9.99032E-05 0.998901 9.99032E-05 9.99032E-05 9.99032E-05 9.99032E-05 9.99032E-05 9.99032E-05
9.99032E-05 9.99032E-05 9.99032E-05 9.99032E-05 9.99032E-05 0.998901 9.99032E-05 9.99032E-05 9.99032E-05 9.99032E-05 9.99032E-05 9.99032E-05
9.99033E-05 9.99033E-05 9.99033E-05 9.99033E-05 9.99033E-05 0.998901 9.99033E-05 9.99033E-05 9.99033E-05 9.99033E-05 9.99033E-05 9.99033E-05
9.99032E-05 9.99032E-05 9.99032E-05 0.998901 9.99032E-05 9.99032E-05 9.99032E-05 9.99032E-05 9.99032E-05 9.99032E-05 9.99032E-05 9.99032E-05
9.99032E-05 9.99032E-05 9.99032E-05 0.998901 9.99032E-05 9.99032E-05 9.99032E-05 9.99032E-05 9.99032E-05 9.99032E-05 9.99032E-05 9.99032E-05
9.99032E-05 9.99032E-05 9.99032E-05 0.998901 9.99032E-05 9.99032E-05 9.99032E-05 9.99032E-05 9.99032E-05 9.99032E-05 9.99032E-05 9.99032E-05
9.99032E-05 9.99032E-05 9.99032E-05 0.998901 9.99032E-05 9.99032E-05 9.99032E-05 9.99032E-05 9.99032E-05 9.99032E-05 9.99032E-05 9.99032E-05
9.99032E-05 9.99032E-05 9.99032E-05 0.998901 9.99032E-05 9.99032E-05 9.99032E-05 9.99032E-05 9.99032E-05 9.99032E-05 9.99032E-05 9.99032E-05
9.99032E-05 9.99032E-05 9.99032E-05 9.99032E-05 9.99032E-05 0.998901 9.99032E-05 9.99032E-05 9.99032E-05 9.99032E-05 9.99032E-05 9.99032E-05
9.99032E-05 9.99032E-05 9.99032E-05 9.99032E-05 9.99032E-05 0.998901 9.99032E-05 9.99032E-05 9.99032E-05 9.99032E-05 9.99032E-05 9.99032E-05
9.99032E-05 9.99032E-05 9.99032E-05 9.99032E-05 9.99032E-05 0.998901 9.99032E-05 9.99032E-05 9.99032E-05 9.99032E-05 9.99032E-05 9.99032E-05
9.99032E-05 9.99032E-05 9.99032E-05 0.998901 9.99032E-05 9.99032E-05 9.99032E-05 9.99032E-05 9.99032E-05 9.99032E-05 9.99032E-05 9.99032E-05
9.99033E-05 9.99033E-05 9.99033E-05 9.99033E-05 9.99033E-05 0.998901 9.99033E-05 9.99033E-05 9.99033E-05 9.99033E-05 9.99033E-05 9.99033E-05
9.99032E-05 9.99032E-05 9.99032E-05 9.99032E-05 9.99032E-05 0.998901 9.99032E-05 9.99032E-05 9.99032E-05 9.99032E-05 9.99032E-05 9.99032E-05
9.99032E-05 9.99032E-05 9.99032E-05 9.99032E-05 9.99032E-05 0.998901 9.99032E-05 9.99032E-05 9.99032E-05 9.99032E-05 9.99032E-05 9.99032E-05
9.99032E-05 9.99032E-05 9.99032E-05 9.99032E-05 9.99032E-05 0.998901 9.99032E-05 9.99032E-05 9.99032E-05 9.99032E-05 9.99032E-05 9.99032E-05
9.99031E-05 9.99031E-05 9.99031E-05 0.998901 9.99031E-05 9.99031E-05 9.99031E-05 9.99031E-05 9.99031E-05 9.99031E-05 9.99031E-05 9.99031E-05
9.99032E-05 9.99032E-05 9.99032E-05 9.99032E-05 9.99032E-05 0.998901 9.99032E-05 9.99032E-05 9.99032E-05 9.99032E-05 9.99032E-05 9.99032E-05
9.99032E-05 9.99032E-05 9.99032E-05 9.99032E-05 9.99032E-05 0.998901 9.99032E-05 9.99032E-05 9.99032E-05 9.99032E-05 9.99032E-05 9.99032E-05
0.0784416 9.99648E-05 0.65769 0.0874559 9.99648E-05 0.065156 0.0480179 0.0182399 9.99648E-05 0.0269076 9.99648E-05 0.0176908
9.99032E-05 9.99032E-05 9.99032E-05 0.998901 9.99032E-05 9.99032E-05 9.99032E-05 9.99032E-05 9.99032E-05 9.99032E-05 9.99032E-05 9.99032E-05
9.99033E-05 9.99033E-05 9.99033E-05 9.99033E-05 9.99033E-05 0.998901 9.99033E-05 9.99033E-05 9.99033E-05 9.99033E-05 9.99033E-05 9.99033E-05
9.99032E-05 9.99032E-05 9.99032E-05 9.99032E-05 9.99032E-05 0.998901 9.99032E-05 9.99032E-05 9.99032E-05 9.99032E-05 9.99032E-05 9.99032E-05
9.99033E-05 9.99033E-05 9.99033E-05 9.99033E-05 9.99033E-05 0.998901 9.99033E-05 9.99033E-05 9.99033E-05 9.99033E-05 9.99033E-05 9.99033E-05
9.99033E-05 9.99033E-05 9.99033E-05 9.99033E-05 9.99033E-05 0.998901 9.99033E-05 9.99033E-05 9.99033E-05 9.99033E-05 9.99033E-05 9.99033E-05
9.99032E-05 9.99032E-05 9.99032E-05 0.998901 9.99032E-05 9.99032E-05 9.99032E-05 9.99032E-05 9.99032E-05 9.99032E-05 9.99032E-05 9.99032E-05
9.99032E-05 9.99032E-05 9.99032E-05 9.99032E-05 9.99032E-05 0.998901 9.99032E-05 9.99032E-05 9.99032E-05 9.99032E-05 9.99032E-05 9.99032E-05
9.99031E-05 9.99031E-05 9.99031E-05 0.998901 9.99031E-05 9.99031E-05 9.99031E-05 9.99031E-05 9.99031E-05 9.99031E-05 9.99031E-05 9.99031E-05
9.99032E-05 9.99032E-05 9.99032E-05 9.99032E-05 9.99032E-05 0.998901 9.99032E-05 9.99032E-05 9.99032E-05 9.99032E-05 9.99032E-05 9.99032E-05
9.99033E-05 9.99033E-05 9.99033E-05 0.998901 9.99033E-05 9.99033E-05 9.99033E-05 9.99033E-05 9.99033E-05 9.99033E-05 9.99033E-05 9.99033E-05
9.99032E-05 9.99032E-05 9.99032E-05 9.99032E-05 9.99032E-05 0.998901 9.99032E-05 9.99032E-05 9.99032E-05 9.99032E-05 9.99032E-05 9.99032E-05
9.99032E-05 9.99032E-05 9.99032E-05 9.99032E-05 9.99032E-05 0.998901 9.99032E-05 9.99032E-05 9.99032E-05 9.99032E-05 9.99032E-05 9.99032E-05
9.99033E-05 9.99033E-05 9.99033E-05 9.99033E-05 9.99033E-05 0.998901 9.99033E-05 9.99033E-05 9.99033E-05 9.99033E-05 9.99033E-05 9.99033E-05
9.99032E-05 9.99032E-05 9.99032E-05 9.99032E-05 9.99032E-05 0.998901 9.99032E-05 9.99032E-05 9.99032E-05 9.99032E-05 9.99032E-05 9.99032E-05
9.99033E-05 9.99033E-05 9.99033E-05 9.99033E-05 9.99033E-05 0.998901 9.99033E-05 9.99033E-05 9.99033E-05 9.99033E-05 9.99033E-05 9.99033E-05
9.99033E-05 9.99033E-05 9.99033E-05 9.99033E-05 9.99033E-05 0.998901 9.99033E-05 9.99033E-05 9.99033E-05 9.99033E-05 9.99033E-05 9.99033E-05
9.99032E-05 9.99032E-05 9.99032E-05 0.998901 9.99032E-05 9.99032E-05 9.99032E-05 9.99032E-05 9.99032E-05 9.99032E-05 9.99032E-05 9.99032E-05
9.99032E-05 9.99032E-05 9.99032E-05 0.998901 9.99032E-05 9.99032E-05 9.99032E-05 9.99032E-05 9.99032E-05 9.99032E-05 9.99032E-05 9.99032E-05
9.99032E-05 9.99032E-05 9.99032E-05 0.998901 9.99032E-05 9.99032E-05 9.99032E-05 9.99032E-05 9.99032E-05 9.99032E-05 9.99032E-05 9.99032E-05
9.99032E-05 9.99032E-05 9.99032E-05 9.99032E-05 9.99032E-05 0.998901 9.99032E-05 9.99032E-05 9.99032E-05 9.99032E-05 9.99032E-05 9.99032E-05
9.99032E-05 9.99032E-05 9.99032E-05 0.998901 9.99032E-05 9.99032E-05 9.99032E-05 9.99032E-05 9.99032E-05 9.99032E-05 9.99032E-05 9.99032E-05
9.99031E-05 9.99031E-05 9.99031E-05 0.998901 9.99031E-05 9.99031E-05 9.99031E-05 9.99031E-05 9.99031E-05 9.99031E-05 9.99031E-05 9.99031E-05
9.99032E-05 9.99032E-05 9.99032E-05 0.998901 9.99032E-05 9.99032E-05 9.99032E-05 9.99032E-05 9.99032E-05 9.99032E-05 9.99032E-05 9.99032E-05
9.99032E-05 9.99032E-05 9.99032E-05 9.99032E-05 9.99032E-05 0.998901 9.99032E-05 9.99032E-05 9.99032E-05 9.99032E-05 9.99032E-05 9.99032E-05
9.99032E-05 9.99032E-05 9.99032E-05 9.99032E-05 9.99032E-05 0.998901 9.99032E-05 9.99032E-05 9.99032E-05 9.99032E-05 9.99032E-05 9.99032E-05
9.99032E-05 9.99032E-05 9.99032E-05 9.99032E-05 9.99032E-05 0.998901 9.99032E-05 9.99032E-05 9.99032E-05 9.99032E-05 9.99032E-05 9.99032E-05
9.99031E-05 9.99031E-05 9.99031E-05 0.998901 9.99031E-05 9.99031E-05 9.99031E-05 9.99031E-05 9.99031E-05 9.99031E-05 9.99031E-05 9.99031E-05
9.99032E-05 9.99032E-05 9.99032E-05 9.99032E-05 9.99032E-05 0.998901 9.99032E-05 9.99032E-05 9.99032E-05 9.99032E-05 9.99032E-05 9.99032E-05
9.99032E-05 9.99032E-05 9.99032E-05 9.99032E-05 9.99032E-05 0.998901 9.99032E-05 9.99032E-05 9.99032E-05 9.99032E-05 9.99032E-05 9.99032E-05
9.99032E-05 9.99032E-05 9.99032E-05 0.998901 9.99032E-05 9.99032E-05 9.99032E-05 9.99032E-05 9.99032E-05 9.99032E-05 9.99032E-05 9.99032E-05
9.99032E-05 9.99032E-05 9.99032E-05 9.99032E-05 9.99032E-05 0.998901 9.99032E-05 9.99032E-05 9.99032E-05 9.99032E-05 9.99032E-05 9.99032E-05
9.99032E-05 9.99032E-05 9.99032E-05 9.99032E-05 9.99032E-05 0.998901 9.99032E-05 9.99032E-05 9.99032E-05 9.99032E-05 9.99032E-05 9.99032E-05
0.00868632 9.99561E-05 0.464576 0.24233 9.99561E-05 0.0541203 0.00343288 0.130647 0.0957089 9.99561E-05 9.99561E-05 9.99561E-05
9.99032E-05 9.99032E-05 9.99032E-05 0.998901 9.99032E-05 9.99032E-05 9.99032E-05 9.99032E-05 9.99032E-05 9.99032E-05 9.99032E-05 9.99032E-05
9.99032E-05 9.99032E-05 9.99032E-05 9.99032E-05 9.99032E-05 0.998901 9.99032E-05 9.99032E-05 9.99032E-05 9.99032E-05 9.99032E-05 9.99032E-05
9.99123E-05 9.99123E-05 0.63865 9.99123E-05 9.99123E-05 0.36035 9.99123E-05 9.99123E-05 9.99123E-05 9.99123E-05 9.99123E-05 9.99123E-05
0.0535895 9.99385E-05 0.612785 0.0827194 9.99385E-05 0.216519 9.99385E-05 9.99385E-05 9.99385E-05 9.99385E-05 9.99385E-05 0.0336874
9.99297E-05 9.99297E-05 0.691349 0.188759 9.99297E-05 0.0885117 9.99297E-05 9.99297E-05 9.99297E-05 0.0305812 9.99297E-05 9.99297E-05
9.99209E-05 9.99209E-05 0.969288 0.0151153 9.99209E-05 9.99209E-05 9.99209E-05 0.0146972 9.99209E-05 9.99209E-05 9.99209E-05 9.99209E-05
9.99297E-05 9.99297E-05 0.530575 0.225525 0.047504 0.195597 9.99297E-05 9.99297E-05 9.99297E-05 9.99297E-05 9.99297E-05 9.99297E-05
9.99211E-05 9.99211E-05 0.539669 9.99211E-05 9.99211E-05 0.101551 9.99211E-05 9.99211E-05 9.99211E-05 9.99211E-05 0.357881 9.99211E-05
9.99298E-05 9.99298E-05 0.508719 0.159463 9.99298E-05 0.330084 9.99298E-05 9.99298E-05 0.000935387 9.99298E-05 9.99298E-05 9.99298E-05
9.99385E-05 9.99385E-05 0.751397 9.99385E-05 9.99385E-05 0.116098 9.99385E-05 0.0402699 0.059949 0.0315863 9.99385E-05 9.99385E-05
9.99298E-05 9.99298E-05 0.52156 0.0359485 9.99298E-05 0.19158 9.99298E-05 9.99298E-05 9.99298E-05 9.99298E-05 0.250112 9.99298E-05
9.9921E-05 9.9921E-05 0.831633 0.113184 9.9921E-05 9.9921E-05 9.9921E-05 9.9921E-05 9.9921E-05 0.0542833 9.9921E-05 9.9921E-05
9.99473E-05 9.99473E-05 0.495277 0.162802 0.00879958 0.045776 9.99473E-05 9.99473E-05 0.13092 9.99473E-05 0.155827 9.99473E-05
9.99122E-05 9.99122E-05 0.489967 9.99122E-05 9.99122E-05 0.509034 9.99122E-05 9.99122E-05 9.99122E-05 9.99122E-05 9.99122E-05 9.99122E-05
9.99385E-05 9.99385E-05 0.535609 0.165383 9.99385E-05 0.181708 0.0672902 0.0493105 9.99385E-05 9.99385E-05 9.99385E-05 9.99385E-05
9.99121E-05 9.99121E-05 0.919024 9.99121E-05 9.99121E-05 9.99121E-05 9.99121E-05 0.0799773 9.99121E-05 9.99121E-05 9.99121E-05 9.99121E-05
9.99297E-05 9.99297E-05 0.768867 0.114167 9.99297E-05 0.105525 9.99297E-05 9.99297E-05 0.010642 9.99297E-05 9.99297E-05 9.99297E-05
9.99473E-05 9.99473E-05 0.401154 0.124462 0.0782261 0.313159 9.99473E-05 9.99473E-05 0.030564 9.99473E-05 9.99473E-05 0.0518349
9.99386E-05 9.99386E-05 0.741349 0.0104639 9.99386E-05 0.16483 9.99386E-05 9.99386E-05 9.99386E-05 0.0195934 0.0630637 9.99386E-05
9.99473E-05 9.99473E-05 0.593788 0.319736 9.99473E-05 0.00547478 0.0214671 0.00101644 0.0579173 9.99473E-05 9.99473E-05 9.99473E-05
0.0777623 9.99385E-05 0.735646 9.99385E-05 0.0888782 0.0632219 9.99385E-05 9.99385E-05 0.0337916 9.99385E-05 9.99385E-05 9.99385E-05
9.99297E-05 9.99297E-05 0.76862 0.136391 9.99297E-05 0.0890221 9.99297E-05 9.99297E-05 9.99297E-05 0.00516811 9.99297E-05 9.99297E-05
0.0826055 9.99385E-05 0.767548 0.00831333 9.99385E-05 0.0637661 9.99385E-05 9.99385E-05 9.99385E-05 9.99385E-05 9.99385E-05 0.0770678
9.99123E-05 9.99123E-05 0.845217 9.99123E-05 9.99123E-05 0.153784 9.99123E-05 9.99123E-05 9.99123E-05 9.99123E-05 9.99123E-05 9.99123E-05
9.99385E-05 9.99385E-05 0.70105 0.1118 9.99385E-05 0.106987 0.0203357 0.0591268 9.99385E-05 9.99385E-05 9.99385E-05 9.99385E-05
9.99208E-05 9.99208E-05 0.891144 9.99208E-05 9.99208E-05 0.0671613 9.99208E-05 0.0407959 9.99208E-05 9.99208E-05 9.99208E-05 9.99208E-05
9.99121E-05 9.99121E-05 0.8942 9.99121E-05 9.99121E-05 9.99121E-05 9.99121E-05 0.104801 9.99121E-05 9.99121E-05 9.99121E-05 9.99121E-05
9.9921E-05 9.9921E-05 0.48183 9.9921E-05 9.9921E-05 0.0576735 9.9921E-05 9.9921E-05 9.9921E-05 9.9921E-05 0.459597 9.9921E-05
0.0385255 9.99472E-05 0.856088 0.0155169 0.00566729 9.99472E-05 9.99472E-05 9.99472E-05 9.99472E-05 0.0322269 9.99472E-05 0.0513757
9.99297E-05 9.99297E-05 0.550907 0.206705 9.99297E-05 0.191579 9.99297E-05 9.99297E-05 9.99297E-05 0.0500096 9.99297E-05 9.99297E-05
0.0465039 9.99209E-05 0.883454 9.99209E-05 9.99209E-05 9.99209E-05 9.99209E-05 0.0691432 9.99209E-05 9.99209E-05 9.99209E-05 9.99209E-05
0.0599573 9.99473E-05 0.660845 0.10576 9.99473E-05 0.125802 9.99473E-05 0.043342 0.00369388 9.99473E-05 9.99473E-05 9.99473E-05
9.99385E-05 9.99385E-05 0.498532 0.11883 0.0205071 0.343345 9.99385E-05 9.99385E-05 9.99385E-05 9.99385E-05 9.99385E-05 0.0180868
9.99298E-05 9.99298E-05 0.700952 0.0557098 0.0069646 0.235574 9.99298E-05 9.99298E-05 9.99298E-05 9.99298E-05 9.99298E-05 9.99298E-05
9.99297E-05 9.99297E-05 0.577991 0.0756359 0.190673 0.1549 9.99297E-05 9.99297E-05 9.99297E-05 9.99297E-05 9.99297E-05 9.99297E-05
9.99385E-05 9.99385E-05 0.66303 0.0566363 9.99385E-05 0.16053 9.99385E-05 0.0449078 9.99385E-05 9.99385E-05 9.99385E-05 0.0741963
9.99296E-05 9.99296E-05 0.747953 0.0651037 9.99296E-05 0.111858 9.99296E-05 9.99296E-05 0.0742864 9.99296E-05 9.99296E-05 9.99296E-05
9.99121E-05 9.99121E-05 0.938343 0.0606577 9.99121E-05 9.99121E-05 9.99121E-05 9.99121E-05 9.99121E-05 9.99121E-05 9.99121E-05 9.99121E-05
9.99121E-05 9.99121E-05 0.490531 9.99121E-05 9.99121E-05 9.99121E-05 9.99121E-05 9.99121E-05 9.99121E-05 9.99121E-05 0.50847 9.99121E-05
9.99385E-05 9.99385E-05 0.61894 0.124837 0.0548369 9.99385E-05 0.114009 9.99385E-05 0.086678 9.99385E-05 9.99385E-05 9.99385E-05
9.9921E-05 9.9921E-05 0.911467 9.9921E-05 9.9921E-05 9.9921E-05 0.0534672 9.9921E-05 0.0341667 9.9921E-05 9.9921E-05 9.9921E-05
9.99297E-05 9.99297E-05 0.648058 0.0272402 9.99297E-05 0.156788 9.99297E-05 9.99297E-05 9.99297E-05 9.99297E-05 9.99297E-05 0.167114
9.99209E-05 9.99209E-05 0.809091 0.172685 9.99209E-05 0.0173247 9.99209E-05 9.99209E-05 9.99209E-05 9.99209E-05 9.99209E-05 9.99209E-05
0.00479103 9.99298E-05 0.900258 0.0420031 9.99298E-05 9.99298E-05 9.99298E-05 9.99298E-05 9.99298E-05 0.0521488 9.99298E-05 9.99298E-05
9.99297E-05 9.99297E-05 0.788774 9.99297E-05 9.99297E-05 0.131038 9.99297E-05 9.99297E-05 9.99297E-05 0.0446008 9.99297E-05 0.0347876
9.99386E-05 9.99386E-05 0.457258 9.99386E-05 0.0432314 0.470337 9.99386E-05 0.019013 0.00946042 9.99386E-05 9.99386E-05 9.99386E-05
9.99209E-05 9.99209E-05 0.343825 0.29647 9.99209E-05 0.358805 9.99209E-05 9.99209E-05 9.99209E-05 9.99209E-05 9.99209E-05 9.99209E-05
9.99208E-05 9.99208E-05 0.935226 9.99208E-05 9.99208E-05 0.0387188 9.99208E-05 0.0251562 9.99208E-05 9.99208E-05 9.99208E-05 9.99208E-05
9.99121E-05 9.99121E-05 0.57283 9.99121E-05 9.99121E-05 9.99121E-05 9.99121E-05 9.99121E-05 9.99121E-05 9.99121E-05 0.42617 9.99121E-05
0.0334737 9.99209E-05 0.800345 9.99209E-05 9.99209E-05 0.165282 9.99209E-05 9.99209E-05 9.99209E-05 9.99209E-05 9.99209E-05 9.99209E-05
9.99211E-05 9.99211E-05 0.593896 9.99211E-05 9.99211E-05 0.0544417 9.99211E-05 9.99211E-05 9.99211E-05 9.99211E-05 0.350763 9.99211E-05
9.9956E-05 9.9956E-05 0.347814 0.131697 0.213452 0.160052 0.106901 0.0364281 9.9956E-05 9.9956E-05 9.9956E-05 0.00315556
9.99298E-05 9.99298E-05 0.540563 9.99298E-05 0.114265 9.99298E-05 9.99298E-05 0.0134133 9.99298E-05 9.99298E-05 0.330959 9.99298E-05
9.99122E-05 9.99122E-05 0.748645 0.250355 9.99122E-05 9.99122E-05 9.99122E-05 9.99122E-05 9.99122E-05 9.99122E-05 9.99122E-05 9.99122E-05
9.99296E-05 9.99296E-05 0.592816 0.124128 0.169787 9.99296E-05 9.99296E-05 9.99296E-05 9.99296E-05 9.99296E-05 9.99296E-05 0.11247
9.99297E-05 9.99297E-05 0.640287 0.0181794 0.209795 0.130939 9.99297E-05 9.99297E-05 9.99297E-05 9.99297E-05 9.99297E-05 9.99297E-05
0.00690218 9.99385E-05 0.776242 9.99385E-05 9.99385E-05 0.07094 9.99385E-05 9.99385E-05 9.99385E-05 0.0109646 9.99385E-05 0.134252
9.99122E-05 9.99122E-05 0.742503 9.99122E-05 9.99122E-05 0.256498 9.99122E-05 9.99122E-05 9.99122E-05 9.99122E-05 9.99122E-05 9.99122E-05
9.99385E-05 9.99385E-05 0.180219 0.237891 0.0182772 0.0596737 9.99385E-05 9.99385E-05 9.99385E-05 9.99385E-05 0.503239 9.99385E-05
9.9921E-05 9.9921E-05 0.617944 9.9921E-05 9.9921E-05 0.226901 9.9921E-05 9.9921E-05 9.9921E-05 9.9921E-05 0.154255 9.9921E-05
9.9921E-05 9.9921E-05 0.755177 0.125447 9.9921E-05 0.118477 9.9921E-05 9.9921E-05 9.9921E-05 9.9921E-05 9.9921E-05 9.9921E-05
9.99385E-05 9.99385E-05 0.474161 0.160387 0.115983 0.165891 9.99385E-05 9.99385E-05 9.99385E-05 9.99385E-05 0.0828778 9.99385E-05
9.99209E-05 9.99209E-05 0.525126 9.99209E-05 9.99209E-05 0.0350606 9.99209E-05 9.99209E-05 9.99209E-05 9.99209E-05 0.438914 9.99209E-05
9.9921E-05 9.9921E-05 0.42698 9.9921E-05 9.9921E-05 0.14771 9.9921E-05 9.9921E-05 9.9921E-05 9.9921E-05 0.424411 9.9921E-05
0.0170317 9.99473E-05 0.173188 0.155999 9.99473E-05 0.0716431 9.99473E-05 9.99473E-05 0.0208625 9.99473E-05 0.560676 9.99473E-05
9.99385E-05 9.99385E-05 0.828932 0.00530338 9.99385E-05 0.0697732 9.99385E-05 9.99385E-05 0.0617928 0.0334988 9.99385E-05 9.99385E-05
9.99121E-05 9.99121E-05 0.815918 9.99121E-05 9.99121E-05 0.183083 9.99121E-05 9.99121E-05 9.99121E-05 9.99121E-05 9.99121E-05 9.99121E-05
9.99123E-05 9.99123E-05 0.788155 9.99123E-05 9.99123E-05 0.210846 9.99123E-05 9.99123E-05 9.99123E-05 9.99123E-05 9.99123E-05 9.99123E-05
9.99298E-05 9.99298E-05 0.610926 0.00529169 9.99298E-05 0.0443934 9.99298E-05 9.99298E-05 9.99298E-05 9.99298E-05 0.33859 9.99298E-05
0.058837 9.99386E-05 0.555615 0.150218 0.00787051 0.22676 9.99386E-05 9.99386E-05 9.99386E-05 9.99386E-05 9.99386E-05 9.99386E-05
