0.21243 0.163057 9.98859E-05 0.0331859 9.98859E-05 9.98859E-05 9.98859E-05 9.98859E-05 9.98859E-05 9.98859E-05 0.036884 9.98859E-05 9.98859E-05 0.0695644 0.0701826 9.98859E-05 9.98859E-05 9.98859E-05 0.0144726 0.000538238 9.98859E-05 0.0388191 0.359568
0.0867309 9.98509E-05 9.98509E-05 0.0919559 9.98509E-05 9.98509E-05 9.98509E-05 9.98509E-05 9.98509E-05 9.98509E-05 9.98509E-05 0.128918 9.98509E-05 9.98509E-05 9.98509E-05 9.98509E-05 9.98509E-05 9.98509E-05 9.98509E-05 9.98509E-05 0.0705284 0.0840279 0.536141
9.98069E-05 9.98069E-05 9.98069E-05 9.98069E-05 9.98069E-05 9.98069E-05 9.98069E-05 9.98069E-05 9.98069E-05 9.98069E-05 9.98069E-05 9.98069E-05 9.98069E-05 9.98069E-05 9.98069E-05 9.98069E-05 9.98069E-05 9.98069E-05 9.98069E-05 9.98069E-05 0.997804 9.98069E-05 9.98069E-05
9.98638E-05 0.0612707 9.98638E-05 0.350538 0.0591867 9.98638E-05 9.98638E-05 9.98638E-05 0.270906 0.0913243 9.98638E-05 9.98638E-05 9.98638E-05 9.98638E-05 0.0671693 9.98638E-05 9.98638E-05 9.98638E-05 0.098007 9.98638E-05 9.98638E-05 9.98638E-05 9.98638E-05
9.98334E-05 9.98334E-05 9.98334E-05 9.98334E-05 0.00709883 9.98334E-05 9.98334E-05 9.98334E-05 9.98334E-05 0.00398527 9.98334E-05 9.98334E-05 9.98334E-05 9.98334E-05 9.98334E-05 0.0723341 9.98334E-05 9.98334E-05 9.98334E-05 9.98334E-05 9.98334E-05 9.98334E-05 0.914685
0.182916 9.98684E-05 9.98684E-05 9.98684E-05 0.0967282 9.98684E-05 9.98684E-05 9.98684E-05 0.0473387 0.267982 9.98684E-05 9.98684E-05 9.98684E-05 9.98684E-05 0.0131765 0.083826 9.98684E-05 9.98684E-05 9.98684E-05 0.00655435 0.29998 9.98684E-05 9.98684E-05
0.106188 0.132041 9.9886E-05 0.101504 9.9886E-05 9.9886E-05 9.9886E-05 0.0795928 0.130715 9.9886E-05 0.0319178 9.9886E-05 9.9886E-05 9.9886E-05 0.000801501 9.9886E-05 9.9886E-05 9.9886E-05 0.0997298 9.9886E-05 9.9886E-05 0.104132 0.212078
0.0588058 0.177407 0.0807215 0.220725 0.166968 9.9886E-05 9.9886E-05 9.9886E-05 0.0333264 9.9886E-05 9.9886E-05 9.9886E-05 9.9886E-05 0.0643862 9.9886E-05 9.9886E-05 9.9886E-05 0.0117234 9.9886E-05 0.11941 9.9886E-05 9.9886E-05 0.0652273
9.98509E-05 9.98509E-05 9.98509E-05 9.98509E-05 0.2172 9.98509E-05 9.98509E-05 9.98509E-05 9.98509E-05 9.98509E-05 0.117965 9.98509E-05 9.98509E-05 9.98509E-05 0.211923 9.98509E-05 9.98509E-05 0.0742647 9.98509E-05 9.98509E-05 0.299404 9.98509E-05 0.0775457
9.98069E-05 9.98069E-05 9.98069E-05 9.98069E-05 9.98069E-05 9.98069E-05 9.98069E-05 9.98069E-05 9.98069E-05 9.98069E-05 9.98069E-05 0.997804 9.98069E-05 9.98069E-05 9.98069E-05 9.98069E-05 9.98069E-05 9.98069E-05 9.98069E-05 9.98069E-05 9.98069E-05 9.98069E-05 9.98069E-05
0.0050322 9.98509E-05 9.98509E-05 9.98509E-05 0.0496895 9.98509E-05 9.98509E-05 9.98509E-05 9.98509E-05 9.98509E-05 9.98509E-05 0.629666 9.98509E-05 9.98509E-05 0.129456 9.98509E-05 9.98509E-05 9.98509E-05 0.119335 9.98509E-05 9.98509E-05 9.98509E-05 0.0651233
9.98333E-05 9.98333E-05 0.00728558 9.98333E-05 9.98333E-05 9.98333E-05 9.98333E-05 9.98333E-05 0.0664561 9.98333E-05 9.98333E-05 0.285872 9.98333E-05 9.98333E-05 9.98333E-05 9.98333E-05 9.98333E-05 9.98333E-05 9.98333E-05 9.98333E-05 0.638489 9.98333E-05 9.98333E-05
9.98332E-05 0.049062 9.98332E-05 9.98332E-05 0.0125679 9.98332E-05 9.98332E-05 9.98332E-05 9.98332E-05 9.98332E-05 9.98332E-05 9.98332E-05 9.98332E-05 9.98332E-05 0.0118981 9.98332E-05 9.98332E-05 9.98332E-05 9.98332E-05 9.98332E-05 9.98332E-05 9.98332E-05 0.924575
9.9807E-05 9.9807E-05 9.9807E-05 0.997804 9.9807E-05 9.9807E-05 9.9807E-05 9.9807E-05 9.9807E-05 9.9807E-05 9.9807E-05 9.9807E-05 9.9807E-05 9.9807E-05 9.9807E-05 9.9807E-05 9.9807E-05 9.9807E-05 9.9807E-05 9.9807E-05 9.9807E-05 9.9807E-05 9.9807E-05
0.0931819 9.98772E-05 9.98772E-05 9.98772E-05 0.0892646 0.0139534 9.98772E-05 9.98772E-05 0.0303973 0.201469 0.0146808 0.42932 9.98772E-05 9.98772E-05 0.0739352 9.98772E-05 9.98772E-05 9.98772E-05 9.98772E-05 9.98772E-05 9.98772E-05 0.0524003 9.98772E-05
0.13592 0.0298362 0.165514 0.11769 0.220521 9.9877E-05 9.9877E-05 9.9877E-05 0.0565819 9.9877E-05 9.9877E-05 9.9877E-05 9.9877E-05 9.9877E-05 0.036388 9.9877E-05 9.9877E-05 9.9877E-05 0.0382751 9.9877E-05 9.9877E-05 9.9877E-05 0.197875
9.98334E-05 9.98334E-05 9.98334E-05 0.906529 0.0343961 9.98334E-05 9.98334E-05 9.98334E-05 9.98334E-05 9.98334E-05 9.98334E-05 9.98334E-05 9.98334E-05 0.00401645 9.98334E-05 9.98334E-05 9.98334E-05 9.98334E-05 9.98334E-05 9.98334E-05 9.98334E-05 0.0531618 9.98334E-05
0.287702 0.117869 9.98947E-05 9.98947E-05 0.0302146 9.98947E-05 0.0872552 9.98947E-05 9.98947E-05 9.98947E-05 9.98947E-05 0.0849995 0.140785 0.0114433 0.106175 0.0401866 9.98947E-05 0.00411196 9.98947E-05 9.98947E-05 9.98947E-05 9.98947E-05 0.0880588
9.98594E-05 0.126722 9.98594E-05 9.98594E-05 0.0939556 0.0438547 9.98594E-05 9.98594E-05 0.0592225 9.98594E-05 9.98594E-05 0.511791 9.98594E-05 0.0355425 0.127314 9.98594E-05 9.98594E-05 9.98594E-05 9.98594E-05 9.98594E-05 9.98594E-05 9.98594E-05 9.98594E-05
9.98159E-05 9.98159E-05 9.98159E-05 9.98159E-05 9.98159E-05 9.98159E-05 0.00410459 9.98159E-05 9.98159E-05 9.98159E-05 9.98159E-05 9.98159E-05 9.98159E-05 9.98159E-05 9.98159E-05 9.98159E-05 9.98159E-05 9.98159E-05 9.98159E-05 9.98159E-05 9.98159E-05 9.98159E-05 0.993799
9.98595E-05 9.98595E-05 0.0447741 0.221547 0.0726909 9.98595E-05 9.98595E-05 9.98595E-05 9.98595E-05 9.98595E-05 9.98595E-05 9.98595E-05 9.98595E-05 9.98595E-05 0.00659817 9.98595E-05 9.98595E-05 0.223118 0.014065 9.98595E-05 9.98595E-05 9.98595E-05 0.415609
9.9851E-05 0.413903 9.9851E-05 9.9851E-05 0.0949017 0.0164601 9.9851E-05 9.9851E-05 9.9851E-05 9.9851E-05 9.9851E-05 0.383002 9.9851E-05 9.9851E-05 9.9851E-05 0.078085 9.9851E-05 9.9851E-05 9.9851E-05 0.0119508 9.9851E-05 9.9851E-05 9.9851E-05
0.250414 9.98422E-05 9.98422E-05 9.98422E-05 9.98422E-05 9.98422E-05 9.98422E-05 9.98422E-05 9.98422E-05 0.00299171 9.98422E-05 9.98422E-05 9.98422E-05 9.98422E-05 0.0458167 9.98422E-05 9.98422E-05 9.98422E-05 0.0160279 9.98422E-05 9.98422E-05 9.98422E-05 0.682953
9.98509E-05 0.246188 0.00597637 9.98509E-05 9.98509E-05 9.98509E-05 9.98509E-05 9.98509E-05 9.98509E-05 9.98509E-05 0.0962512 9.98509E-05 9.98509E-05 9.98509E-05 0.213527 9.98509E-05 9.98509E-05 9.98509E-05 9.98509E-05 9.98509E-05 0.0254579 9.98509E-05 0.410902
9.98594E-05 9.98594E-05 9.98594E-05 0.404155 0.0326224 0.104718 0.0295758 9.98594E-05 9.98594E-05 0.0849125 9.98594E-05 0.108509 9.98594E-05 9.98594E-05 0.23391 9.98594E-05 9.98594E-05 9.98594E-05 9.98594E-05 9.98594E-05 9.98594E-05 9.98594E-05 9.98594E-05
9.98596E-05 9.98596E-05 9.98596E-05 0.273445 0.0160381 9.98596E-05 9.98596E-05 9.98596E-05 9.98596E-05 0.00502645 9.98596E-05 0.288019 9.98596E-05 9.98596E-05 0.112148 9.98596E-05 9.98596E-05 0.00323197 9.98596E-05 9.98596E-05 9.98596E-05 9.98596E-05 0.300494
9.98594E-05 0.38323 0.0760556 9.98594E-05 9.98594E-05 9.98594E-05 9.98594E-05 9.98594E-05 9.98594E-05 0.368836 9.98594E-05 0.0304469 0.0711743 9.98594E-05 0.0323901 9.98594E-05 9.98594E-05 9.98594E-05 9.98594E-05 9.98594E-05 9.98594E-05 9.98594E-05 0.036269
9.98422E-05 0.0584562 9.98422E-05 9.98422E-05 9.98422E-05 9.98422E-05 9.98422E-05 9.98422E-05 0.0443641 9.98422E-05 9.98422E-05 0.346832 9.98422E-05 9.98422E-05 0.0373676 9.98422E-05 9.98422E-05 9.98422E-05 9.98422E-05 9.98422E-05 9.98422E-05 9.98422E-05 0.511183
9.98597E-05 0.0693371 9.98597E-05 9.98597E-05 9.98597E-05 9.98597E-05 0.0151973 9.98597E-05 9.98597E-05 0.00377664 0.0260302 0.809109 9.98597E-05 9.98597E-05 0.0746703 9.98597E-05 9.98597E-05 9.98597E-05 0.000282053 9.98597E-05 9.98597E-05 9.98597E-05 9.98597E-05
9.98335E-05 9.98335E-05 9.98335E-05 9.98335E-05 0.058038 9.98335E-05 9.98335E-05 9.98335E-05 9.98335E-05 9.98335E-05 9.98335E-05 9.98335E-05 9.98335E-05 9.98335E-05 0.0134598 9.98335E-05 9.98335E-05 9.98335E-05 9.98335E-05 9.98335E-05 0.8378 9.98335E-05 0.0888054
9.98333E-05 9.98333E-05 9.98333E-05 9.98333E-05 0.00965676 9.98333E-05 9.98333E-05 9.98333E-05 0.0038184 9.98333E-05 9.98333E-05 0.911491 9.98333E-05 9.98333E-05 9.98333E-05 9.98333E-05 9.98333E-05 9.98333E-05 0.0731373 9.98333E-05 9.98333E-05 9.98333E-05 9.98333E-05
9.9851E-05 9.9851E-05 9.9851E-05 0.15093 0.0120582 9.9851E-05 9.9851E-05 9.9851E-05 9.9851E-05 0.249147 9.9851E-05 9.9851E-05 9.9851E-05 9.9851E-05 0.0853879 9.9851E-05 9.9851E-05 9.9851E-05 0.0365029 9.9851E-05 9.9851E-05 9.9851E-05 0.464277
0.0211281 0.100308 9.98596E-05 0.452397 9.98596E-05 9.98596E-05 9.98596E-05 9.98596E-05 9.98596E-05 9.98596E-05 9.98596E-05 0.029475 9.98596E-05 9.98596E-05 0.120371 9.98596E-05 9.98596E-05 9.98596E-05 0.0714586 9.98596E-05 0.203265 9.98596E-05 9.98596E-05
9.98683E-05 0.0598594 9.98683E-05 0.347698 9.98683E-05 9.98683E-05 9.98683E-05 9.98683E-05 0.0175724 0.190173 9.98683E-05 0.0568364 0.0481456 9.98683E-05 0.0970222 9.98683E-05 9.98683E-05 9.98683E-05 9.98683E-05 9.98683E-05 0.181195 9.98683E-05 9.98683E-05
9.98422E-05 9.98422E-05 9.98422E-05 9.98422E-05 9.98422E-05 9.98422E-05 0.0123479 9.98422E-05 9.98422E-05 9.98422E-05 9.98422E-05 0.748575 9.98422E-05 9.98422E-05 9.98422E-05 9.98422E-05 9.98422E-05 9.98422E-05 0.0328044 9.98422E-05 0.160009 0.0444668 9.98422E-05
9.98684E-05 0.0517671 9.98684E-05 9.98684E-05 0.0224051 9.98684E-05 9.98684E-05 9.98684E-05 0.0219006 9.98684E-05 0.00333033 9.98684E-05 9.98684E-05 0.0264911 0.0121641 9.98684E-05 9.98684E-05 0.0966818 9.98684E-05 9.98684E-05 9.98684E-05 9.98684E-05 0.763762
9.9816E-05 9.9816E-05 9.9816E-05 9.9816E-05 9.9816E-05 9.9816E-05 0.0163725 9.9816E-05 9.9816E-05 9.9816E-05 9.9816E-05 9.9816E-05 9.9816E-05 9.9816E-05 9.9816E-05 9.9816E-05 9.9816E-05 9.9816E-05 9.9816E-05 9.9816E-05 9.9816E-05 9.9816E-05 0.981531
9.98422E-05 9.98422E-05 9.98422E-05 0.00800053 0.101325 9.98422E-05 0.0118204 9.98422E-05 9.98422E-05 9.98422E-05 9.98422E-05 9.98422E-05 9.98422E-05 9.98422E-05 9.98422E-05 9.98422E-05 9.98422E-05 9.98422E-05 9.98422E-05 9.98422E-05 0.848359 0.0286971 9.98422E-05
9.98245E-05 9.98245E-05 9.98245E-05 9.98245E-05 9.98245E-05 9.98245E-05 9.98245E-05 9.98245E-05 9.98245E-05 9.98245E-05 9.98245E-05 9.98245E-05 9.98245E-05 9.98245E-05 0.0881192 9.98245E-05 9.98245E-05 9.98245E-05 9.98245E-05 9.98245E-05 0.895339 0.0145452 9.98245E-05
9.9842E-05 9.9842E-05 0.0536004 0.780504 9.9842E-05 9.9842E-05 9.9842E-05 9.9842E-05 9.9842E-05 0.111874 9.9842E-05 9.9842E-05 9.9842E-05 9.9842E-05 0.0391424 9.9842E-05 9.9842E-05 9.9842E-05 9.9842E-05 9.9842E-05 0.0130821 9.9842E-05 9.9842E-05
9.98246E-05 0.0358987 9.98246E-05 9.98246E-05 9.98246E-05 9.98246E-05 9.98246E-05 9.98246E-05 9.98246E-05 9.98246E-05 9.98246E-05 0.886871 9.98246E-05 9.98246E-05 9.98246E-05 9.98246E-05 9.98246E-05 9.98246E-05 0.0752342 9.98246E-05 9.98246E-05 9.98246E-05 9.98246E-05
9.98333E-05 0.0510555 9.98333E-05 9.98333E-05 9.98333E-05 9.98333E-05 9.98333E-05 9.98333E-05 9.98333E-05 9.98333E-05 0.00135057 0.880957 9.98333E-05 9.98333E-05 0.06474 9.98333E-05 9.98333E-05 9.98333E-05 9.98333E-05 9.98333E-05 9.98333E-05 9.98333E-05 9.98333E-05
9.98334E-05 9.98334E-05 9.98334E-05 9.98334E-05 9.98334E-05 9.98334E-05 9.98334E-05 9.98334E-05 9.98334E-05 9.98334E-05 9.98334E-05 0.121085 9.98334E-05 9.98334E-05 9.98334E-05 9.98334E-05 0.0765149 9.98334E-05 9.98334E-05 9.98334E-05 9.98334E-05 0.0128656 0.787638
0.0467745 0.0946749 9.98771E-05 9.98771E-05 0.110974 9.98771E-05 9.98771E-05 9.98771E-05 9.98771E-05 9.98771E-05 0.0212979 0.278783 9.98771E-05 9.98771E-05 0.152727 9.98771E-05 9.98771E-05 9.98771E-05 0.0461829 0.0115758 0.235612 9.98771E-05 9.98771E-05
9.98421E-05 0.303247 9.98421E-05 0.0587093 9.98421E-05 9.98421E-05 9.98421E-05 9.98421E-05 0.191195 9.98421E-05 9.98421E-05 9.98421E-05 9.98421E-05 9.98421E-05 0.15714 9.98421E-05 9.98421E-05 9.98421E-05 9.98421E-05 9.98421E-05 0.287911 9.98421E-05 9.98421E-05
9.9842E-05 9.9842E-05 9.9842E-05 0.0106432 9.9842E-05 9.9842E-05 0.0205751 9.9842E-05 0.0419025 9.9842E-05 9.9842E-05 0.544038 9.9842E-05 9.9842E-05 9.9842E-05 9.9842E-05 9.9842E-05 9.9842E-05 9.9842E-05 9.9842E-05 0.381044 9.9842E-05 9.9842E-05
9.98157E-05 9.98157E-05 9.98157E-05 9.98157E-05 9.98157E-05 9.98157E-05 9.98157E-05 9.98157E-05 9.98157E-05 9.98157E-05 9.98157E-05 9.98157E-05 9.98157E-05 9.98157E-05 0.00905999 9.98157E-05 9.98157E-05 9.98157E-05 9.98157E-05 9.98157E-05 9.98157E-05 9.98157E-05 0.988844
9.9807E-05 9.9807E-05 9.9807E-05 9.9807E-05 9.9807E-05 9.9807E-05 9.9807E-05 9.9807E-05 9.9807E-05 9.9807E-05 9.9807E-05 9.9807E-05 9.9807E-05 9.9807E-05 9.9807E-05 9.9807E-05 9.9807E-05 9.9807E-05 9.9807E-05 9.9807E-05 0.997804 9.9807E-05 9.9807E-05
9.9842E-05 0.125233 9.9842E-05 9.9842E-05 9.9842E-05 9.9842E-05 9.9842E-05 9.9842E-05 9.9842E-05 9.9842E-05 9.9842E-05 0.20451 9.9842E-05 9.9842E-05 0.110762 9.9842E-05 9.9842E-05 9.9842E-05 0.0177128 9.9842E-05 9.9842E-05 9.9842E-05 0.539985
9.98072E-05 9.98072E-05 9.98072E-05 0.997804 9.98072E-05 9.98072E-05 9.98072E-05 9.98072E-05 9.98072E-05 9.98072E-05 9.98072E-05 9.98072E-05 9.98072E-05 9.98072E-05 9.98072E-05 9.98072E-05 9.98072E-05 9.98072E-05 9.98072E-05 9.98072E-05 9.98072E-05 9.98072E-05 9.98072E-05
9.9877E-05 0.0463895 9.9877E-05 9.9877E-05 0.035688 9.9877E-05 9.9877E-05 9.9877E-05 0.0648808 0.0627555 0.0447746 9.9877E-05 9.9877E-05 9.9877E-05 0.171463 9.9877E-05 9.9877E-05 9.9877E-05 0.11836 9.9877E-05 0.0458144 9.9877E-05 0.408475
9.98421E-05 0.0582115 9.98421E-05 0.57249 9.98421E-05 9.98421E-05 0.0636412 9.98421E-05 9.98421E-05 9.98421E-05 0.0126053 0.291255 9.98421E-05 9.98421E-05 9.98421E-05 9.98421E-05 9.98421E-05 9.98421E-05 9.98421E-05 9.98421E-05 9.98421E-05 9.98421E-05 9.98421E-05
9.98071E-05 9.98071E-05 9.98071E-05 9.98071E-05 9.98071E-05 9.98071E-05 9.98071E-05 9.98071E-05 9.98071E-05 9.98071E-05 9.98071E-05 0.997804 9.98071E-05 9.98071E-05 9.98071E-05 9.98071E-05 9.98071E-05 9.98071E-05 9.98071E-05 9.98071E-05 9.98071E-05 9.98071E-05 9.98071E-05
9.98069E-05 9.98069E-05 9.98069E-05 0.997804 9.98069E-05 9.98069E-05 9.98069E-05 9.98069E-05 9.98069E-05 9.98069E-05 9.98069E-05 9.98069E-05 9.98069E-05 9.98069E-05 9.98069E-05 9.98069E-05 9.98069E-05 9.98069E-05 9.98069E-05 9.98069E-05 9.98069E-05 9.98069E-05 9.98069E-05
9.98248E-05 9.98248E-05 9.98248E-05 9.98248E-05 9.98248E-05 0.141231 9.98248E-05 9.98248E-05 9.98248E-05 9.98248E-05 9.98248E-05 0.111763 9.98248E-05 9.98248E-05 9.98248E-05 9.98248E-05 9.98248E-05 9.98248E-05 9.98248E-05 9.98248E-05 0.74501 9.98248E-05 9.98248E-05
9.98249E-05 9.98249E-05 9.98249E-05 9.98249E-05 9.98249E-05 9.98249E-05 9.98249E-05 9.98249E-05 9.98249E-05 0.0295181 9.98249E-05 0.814128 9.98249E-05 9.98249E-05 9.98249E-05 0.154357 9.98249E-05 9.98249E-05 9.98249E-05 9.98249E-05 9.98249E-05 9.98249E-05 9.98249E-05
9.98771E-05 0.0117829 0.000800031 9.98771E-05 9.98771E-05 9.98771E-05 9.98771E-05 9.98771E-05 9.98771E-05 9.98771E-05 9.98771E-05 0.554359 0.0814096 9.98771E-05 0.0030225 9.98771E-05 9.98771E-05 0.00413141 9.98771E-05 0.0044373 9.98771E-05 0.0254493 0.31321
9.98246E-05 9.98246E-05 9.98246E-05 9.98246E-05 9.98246E-05 9.98246E-05 9.98246E-05 9.98246E-05 9.98246E-05 9.98246E-05 9.98246E-05 9.98246E-05 9.98246E-05 9.98246E-05 0.0133301 9.98246E-05 9.98246E-05 9.98246E-05 0.00923752 9.98246E-05 9.98246E-05 9.98246E-05 0.975436
9.98158E-05 9.98158E-05 9.98158E-05 9.98158E-05 9.98158E-05 9.98158E-05 9.98158E-05 9.98158E-05 9.98158E-05 9.98158E-05 9.98158E-05 9.98158E-05 9.98158E-05 9.98158E-05 9.98158E-05 9.98158E-05 9.98158E-05 9.98158E-05 9.98158E-05 9.98158E-05 0.599873 9.98158E-05 0.39803
0.679944 9.9842E-05 9.9842E-05 9.9842E-05 0.0514117 9.9842E-05 9.9842E-05 9.9842E-05 9.9842E-05 9.9842E-05 9.9842E-05 9.9842E-05 9.9842E-05 9.9842E-05 0.136485 9.9842E-05 9.9842E-05 9.9842E-05 0.0600108 0.0703511 9.9842E-05 9.9842E-05 9.9842E-05
0.946661 9.98248E-05 0.0316526 9.98248E-05 9.98248E-05 9.98248E-05 9.98248E-05 9.98248E-05 0.01969 9.98248E-05 9.98248E-05 9.98248E-05 9.98248E-05 9.98248E-05 9.98248E-05 9.98248E-05 9.98248E-05 9.98248E-05 9.98248E-05 9.98248E-05 9.98248E-05 9.98248E-05 9.98248E-05
0.953139 9.98246E-05 9.98246E-05 9.98246E-05 9.98246E-05 9.98246E-05 9.98246E-05 9.98246E-05 9.98246E-05 9.98246E-05 9.98246E-05 9.98246E-05 0.0403992 9.98246E-05 9.98246E-05 9.98246E-05 9.98246E-05 9.98246E-05 0.00446543 9.98246E-05 9.98246E-05 9.98246E-05 9.98246E-05
0.361861 9.98772E-05 9.98772E-05 9.98772E-05 0.146953 9.98772E-05 9.98772E-05 0.0139999 9.98772E-05 0.118547 9.98772E-05 9.98772E-05 0.096424 0.00168481 0.0438176 9.98772E-05 9.98772E-05 9.98772E-05 0.0435429 9.98772E-05 9.98772E-05 0.171771 9.98772E-05
0.653264 0.0353849 9.98682E-05 9.98682E-05 0.0554559 9.98682E-05 0.102788 0.0275615 9.98682E-05 9.98682E-05 9.98682E-05 9.98682E-05 0.0136109 9.98682E-05 0.0764748 0.0339618 9.98682E-05 9.98682E-05 9.98682E-05 9.98682E-05 9.98682E-05 9.98682E-05 9.98682E-05
0.666811 0.123906 9.98593E-05 9.98593E-05 0.0191799 0.00226603 9.98593E-05 9.98593E-05 9.98593E-05 9.98593E-05 0.00360133 9.98593E-05 9.98593E-05 0.0337843 0.148853 9.98593E-05 9.98593E-05 9.98593E-05 9.98593E-05 9.98593E-05 9.98593E-05 9.98593E-05 9.98593E-05
0.565022 9.98418E-05 9.98418E-05 9.98418E-05 9.98418E-05 9.98418E-05 9.98418E-05 9.98418E-05 9.98418E-05 9.98418E-05 9.98418E-05 9.98418E-05 9.98418E-05 9.98418E-05 0.108912 9.98418E-05 9.98418E-05 0.0664595 0.00649238 9.98418E-05 9.98418E-05 0.251317 9.98418E-05
0.548889 9.98507E-05 9.98507E-05 9.98507E-05 0.0559061 9.98507E-05 9.98507E-05 0.0989533 9.98507E-05 9.98507E-05 9.98507E-05 9.98507E-05 0.0887028 9.98507E-05 0.0993612 9.98507E-05 9.98507E-05 9.98507E-05 9.98507E-05 9.98507E-05 9.98507E-05 0.10649 9.98507E-05
0.915636 9.98158E-05 9.98158E-05 9.98158E-05 9.98158E-05 9.98158E-05 9.98158E-05 9.98158E-05 9.98158E-05 9.98158E-05 9.98158E-05 9.98158E-05 9.98158E-05 9.98158E-05 9.98158E-05 9.98158E-05 9.98158E-05 9.98158E-05 9.98158E-05 9.98158E-05 9.98158E-05 0.0822675 9.98158E-05
0.928098 9.98245E-05 9.98245E-05 9.98245E-05 9.98245E-05 9.98245E-05 9.98245E-05 9.98245E-05 9.98245E-05 9.98245E-05 9.98245E-05 9.98245E-05 9.98245E-05 0.00146424 9.98245E-05 9.98245E-05 9.98245E-05 9.98245E-05 0.068441 9.98245E-05 9.98245E-05 9.98245E-05 9.98245E-05
0.488198 9.9833E-05 9.9833E-05 9.9833E-05 0.0455576 9.9833E-05 9.9833E-05 9.9833E-05 9.9833E-05 9.9833E-05 9.9833E-05 9.9833E-05 9.9833E-05 9.9833E-05 0.317758 9.9833E-05 9.9833E-05 9.9833E-05 0.146589 9.9833E-05 9.9833E-05 9.9833E-05 9.9833E-05
0.410462 0.136801 0.0097124 9.9877E-05 9.9877E-05 0.137345 9.9877E-05 0.0366007 9.9877E-05 9.9877E-05 9.9877E-05 9.9877E-05 9.9877E-05 0.0529627 0.0829889 9.9877E-05 9.9877E-05 9.9877E-05 0.0512888 9.9877E-05 9.9877E-05 0.08044 9.9877E-05
0.542711 9.98593E-05 0.0194136 9.98593E-05 0.143606 9.98593E-05 9.98593E-05 9.98593E-05 9.98593E-05 0.0176535 9.98593E-05 9.98593E-05 9.98593E-05 0.0338785 9.98593E-05 0.153848 9.98593E-05 9.98593E-05 0.0872913 9.98593E-05 9.98593E-05 9.98593E-05 9.98593E-05
0.485945 0.208017 9.98507E-05 9.98507E-05 0.000835567 9.98507E-05 9.98507E-05 9.98507E-05 9.98507E-05 9.98507E-05 9.98507E-05 9.98507E-05 9.98507E-05 9.98507E-05 0.249374 0.0209205 9.98507E-05 9.98507E-05 9.98507E-05 9.98507E-05 9.98507E-05 0.0332105 9.98507E-05
0.865711 9.98424E-05 0.067873 9.98424E-05 9.98424E-05 9.98424E-05 9.98424E-05 9.98424E-05 9.98424E-05 0.0210706 0.024037 9.98424E-05 9.98424E-05 0.0195107 9.98424E-05 9.98424E-05 9.98424E-05 9.98424E-05 9.98424E-05 9.98424E-05 9.98424E-05 9.98424E-05 9.98424E-05
0.910909 9.98422E-05 9.98422E-05 9.98422E-05 0.043985 9.98422E-05 9.98422E-05 9.98422E-05 9.98422E-05 9.98422E-05 9.98422E-05 0.0173496 9.98422E-05 9.98422E-05 0.00135968 9.98422E-05 9.98422E-05 9.98422E-05 0.0245999 9.98422E-05 9.98422E-05 9.98422E-05 9.98422E-05
0.697306 9.98407E-05 9.98407E-05 9.98407E-05 9.98407E-05 9.98407E-05 9.98407E-05 9.98407E-05 9.98407E-05 0.0406044 9.98407E-05 9.98407E-05 9.98407E-05 9.98407E-05 0.0289894 9.98407E-05 9.98407E-05 9.98407E-05 9.98407E-05 0.231203 9.98407E-05 9.98407E-05 9.98407E-05
0.609505 0.0946757 9.98506E-05 9.98506E-05 0.0884102 9.98506E-05 9.98506E-05 9.98506E-05 0.0597213 9.98506E-05 9.98506E-05 9.98506E-05 9.98506E-05 0.138097 9.98506E-05 9.98506E-05 9.98506E-05 9.98506E-05 0.00789341 9.98506E-05 9.98506E-05 9.98506E-05 9.98506E-05
0.890475 9.98245E-05 9.98245E-05 9.98245E-05 9.98245E-05 9.98245E-05 9.98245E-05 9.98245E-05 9.98245E-05 9.98245E-05 9.98245E-05 9.98245E-05 0.0650364 9.98245E-05 0.0424919 9.98245E-05 9.98245E-05 9.98245E-05 9.98245E-05 9.98245E-05 9.98245E-05 9.98245E-05 9.98245E-05
0.662174 9.9833E-05 0.0752267 9.9833E-05 9.9833E-05 9.9833E-05 9.9833E-05 9.9833E-05 9.9833E-05 9.9833E-05 9.9833E-05 9.9833E-05 9.9833E-05 9.9833E-05 0.248691 9.9833E-05 9.9833E-05 9.9833E-05 0.012012 9.9833E-05 9.9833E-05 9.9833E-05 9.9833E-05
0.979602 9.98161E-05 9.98161E-05 0.0183022 9.98161E-05 9.98161E-05 9.98161E-05 9.98161E-05 9.98161E-05 9.98161E-05 9.98161E-05 9.98161E-05 9.98161E-05 9.98161E-05 9.98161E-05 9.98161E-05 9.98161E-05 9.98161E-05 9.98161E-05 9.98161E-05 9.98161E-05 9.98161E-05 9.98161E-05
0.638811 0.166115 9.98505E-05 9.98505E-05 9.98505E-05 0.0287348 9.98505E-05 9.98505E-05 0.0392447 9.98505E-05 9.98505E-05 9.98505E-05 9.98505E-05 9.98505E-05 0.0863221 9.98505E-05 9.98505E-05 9.98505E-05 9.98505E-05 9.98505E-05 9.98505E-05 0.0390747 9.98505E-05
0.790527 0.0257804 9.98423E-05 9.98423E-05 9.98423E-05 0.0170089 0.0132658 9.98423E-05 9.98423E-05 0.151621 9.98423E-05 9.98423E-05 9.98423E-05 9.98423E-05 9.98423E-05 9.98423E-05 9.98423E-05 9.98423E-05 9.98423E-05 9.98423E-05 9.98423E-05 9.98423E-05 9.98423E-05
0.71082 9.98596E-05 9.98596E-05 9.98596E-05 0.0338406 9.98596E-05 9.98596E-05 9.98596E-05 0.112292 9.98596E-05 0.0208703 9.98596E-05 0.0657957 9.98596E-05 9.98596E-05 0.0111443 9.98596E-05 9.98596E-05 9.98596E-05 0.0436389 9.98596E-05 9.98596E-05 9.98596E-05
0.852032 9.98418E-05 9.98418E-05 9.98418E-05 0.0182927 9.98418E-05 9.98418E-05 9.98418E-05 9.98418E-05 9.98418E-05 9.98418E-05 9.98418E-05 9.98418E-05 0.0476229 0.00839491 9.98418E-05 9.98418E-05 9.98418E-05 0.0718601 9.98418E-05 9.98418E-05 9.98418E-05 9.98418E-05
0.874165 9.98248E-05 9.98248E-05 9.98248E-05 9.98248E-05 9.98248E-05 9.98248E-05 9.98248E-05 9.98248E-05 9.98248E-05 9.98248E-05 9.98248E-05 9.98248E-05 9.98248E-05 0.0378326 9.98248E-05 9.98248E-05 9.98248E-05 9.98248E-05 9.98248E-05 0.0860063 9.98248E-05 9.98248E-05
0.99541 9.9816E-05 9.9816E-05 9.9816E-05 9.9816E-05 9.9816E-05 9.9816E-05 9.9816E-05 9.9816E-05 9.9816E-05 9.9816E-05 9.9816E-05 9.9816E-05 9.9816E-05 9.9816E-05 9.9816E-05 9.9816E-05 9.9816E-05 9.9816E-05 9.9816E-05 9.9816E-05 9.9816E-05 0.00249361
0.971597 9.98246E-05 9.98246E-05 9.98246E-05 9.98246E-05 9.98246E-05 9.98246E-05 0.00559899 9.98246E-05 9.98246E-05 9.98246E-05 9.98246E-05 9.98246E-05 9.98246E-05 0.0208072 9.98246E-05 9.98246E-05 9.98246E-05 9.98246E-05 9.98246E-05 9.98246E-05 9.98246E-05 9.98246E-05
0.889742 9.98333E-05 9.98333E-05 9.98333E-05 9.98333E-05 9.98333E-05 9.98333E-05 9.98333E-05 9.98333E-05 9.98333E-05 9.98333E-05 0.00572619 0.0848764 0.0177588 9.98333E-05 9.98333E-05 9.98333E-05 9.98333E-05 9.98333E-05 9.98333E-05 9.98333E-05 9.98333E-05 9.98333E-05
0.527171 9.98422E-05 9.98422E-05 9.98422E-05 0.107026 9.98422E-05 9.98422E-05 9.98422E-05 9.98422E-05 9.98422E-05 9.98422E-05 9.98422E-05 9.98422E-05 9.98422E-05 0.0760629 9.98422E-05 0.100829 9.98422E-05 9.98422E-05 9.98422E-05 0.187115 9.98422E-05 9.98422E-05
9.98246E-05 9.98246E-05 9.98246E-05 9.98246E-05 0.0626783 9.98246E-05 9.98246E-05 9.98246E-05 9.98246E-05 0.880268 9.98246E-05 9.98246E-05 9.98246E-05 9.98246E-05 0.0550569 9.98246E-05 9.98246E-05 9.98246E-05 9.98246E-05 9.98246E-05 9.98246E-05 9.98246E-05 9.98246E-05
9.98422E-05 9.98422E-05 9.98422E-05 0.0256309 0.00339026 9.98422E-05 9.98422E-05 9.98422E-05 9.98422E-05 0.501483 9.98422E-05 9.98422E-05 9.98422E-05 9.98422E-05 0.0249075 9.98422E-05 0.442791 9.98422E-05 9.98422E-05 9.98422E-05 9.98422E-05 9.98422E-05 9.98422E-05
9.98159E-05 9.98159E-05 9.98159E-05 9.98159E-05 9.98159E-05 9.98159E-05 9.98159E-05 9.98159E-05 9.98159E-05 0.873827 9.98159E-05 9.98159E-05 9.98159E-05 9.98159E-05 0.124076 9.98159E-05 9.98159E-05 9.98159E-05 9.98159E-05 9.98159E-05 9.98159E-05 9.98159E-05 9.98159E-05
9.98419E-05 9.98419E-05 9.98419E-05 9.98419E-05 0.0661878 9.98419E-05 9.98419E-05 9.98419E-05 9.98419E-05 0.789784 9.98419E-05 9.98419E-05 0.0367169 9.98419E-05 0.103283 9.98419E-05 9.98419E-05 9.98419E-05 0.0022313 9.98419E-05 9.98419E-05 9.98419E-05 9.98419E-05
9.98419E-05 9.98419E-05 9.98419E-05 9.98419E-05 0.0430626 9.98419E-05 0.0269991 9.98419E-05 9.98419E-05 0.838545 0.00394502 9.98419E-05 9.98419E-05 0.0856508 9.98419E-05 9.98419E-05 9.98419E-05 9.98419E-05 9.98419E-05 9.98419E-05 9.98419E-05 9.98419E-05 9.98419E-05
9.98421E-05 9.98421E-05 9.98421E-05 9.98421E-05 0.183872 9.98421E-05 9.98421E-05 9.98421E-05 9.98421E-05 0.568313 9.98421E-05 9.98421E-05 9.98421E-05 9.98421E-05 0.195692 9.98421E-05 0.00734449 9.98421E-05 9.98421E-05 9.98421E-05 9.98421E-05 0.0429816 9.98421E-05
9.98509E-05 9.98509E-05 9.98509E-05 9.98509E-05 0.0868848 9.98509E-05 9.98509E-05 9.98509E-05 9.98509E-05 0.750795 9.98509E-05 9.98509E-05 0.0119948 0.0664448 0.0660806 9.98509E-05 9.98509E-05 9.98509E-05 0.016103 9.98509E-05 9.98509E-05 9.98509E-05 9.98509E-05
9.98157E-05 9.98157E-05 9.98157E-05 9.98157E-05 0.210275 9.98157E-05 9.98157E-05 9.98157E-05 9.98157E-05 0.787629 9.98157E-05 9.98157E-05 9.98157E-05 9.98157E-05 9.98157E-05 9.98157E-05 9.98157E-05 9.98157E-05 9.98157E-05 9.98157E-05 9.98157E-05 9.98157E-05 9.98157E-05
9.98594E-05 0.0990392 9.98594E-05 9.98594E-05 0.266065 9.98594E-05 9.98594E-05 9.98594E-05 9.98594E-05 0.371872 9.98594E-05 9.98594E-05 9.98594E-05 0.0046519 0.0694622 9.98594E-05 9.98594E-05 9.98594E-05 0.00378735 9.98594E-05 9.98594E-05 0.183525 9.98594E-05
9.98334E-05 9.98334E-05 9.98334E-05 9.98334E-05 0.179526 9.98334E-05 9.98334E-05 9.98334E-05 9.98334E-05 0.530867 9.98334E-05 9.98334E-05 9.98334E-05 0.0259573 0.261753 9.98334E-05 9.98334E-05 9.98334E-05 9.98334E-05 9.98334E-05 9.98334E-05 9.98334E-05 9.98334E-05
9.98509E-05 9.98509E-05 9.98509E-05 9.98509E-05 0.0276877 9.98509E-05 9.98509E-05 9.98509E-05 9.98509E-05 0.439463 9.98509E-05 9.98509E-05 9.98509E-05 9.98509E-05 0.00335546 9.98509E-05 0.221362 9.98509E-05 9.98509E-05 9.98509E-05 9.98509E-05 0.290647 0.015788
9.9851E-05 9.9851E-05 9.9851E-05 9.9851E-05 9.9851E-05 9.9851E-05 9.9851E-05 9.9851E-05 9.9851E-05 0.739524 9.9851E-05 9.9851E-05 9.9851E-05 9.9851E-05 0.047041 9.9851E-05 0.0556256 9.9851E-05 0.0851155 9.9851E-05 9.9851E-05 0.0330032 0.0379931
9.98336E-05 9.98336E-05 9.98336E-05 9.98336E-05 0.0987579 9.98336E-05 9.98336E-05 9.98336E-05 9.98336E-05 0.879147 9.98336E-05 9.98336E-05 0.0151308 9.98336E-05 9.98336E-05 9.98336E-05 9.98336E-05 9.98336E-05 0.00506724 9.98336E-05 9.98336E-05 9.98336E-05 9.98336E-05
9.98335E-05 9.98335E-05 9.98335E-05 9.98335E-05 0.105159 9.98335E-05 9.98335E-05 9.98335E-05 9.98335E-05 0.601514 9.98335E-05 9.98335E-05 9.98335E-05 9.98335E-05 0.250624 9.98335E-05 0.0408062 9.98335E-05 9.98335E-05 9.98335E-05 9.98335E-05 9.98335E-05 9.98335E-05
9.9851E-05 9.9851E-05 9.9851E-05 9.9851E-05 0.0560829 9.9851E-05 9.9851E-05 9.9851E-05 9.9851E-05 0.654622 9.9851E-05 9.9851E-05 0.127911 0.0236919 9.9851E-05 9.9851E-05 0.0667712 9.9851E-05 0.0692238 9.9851E-05 9.9851E-05 9.9851E-05 9.9851E-05
9.98509E-05 9.98509E-05 9.98509E-05 9.98509E-05 0.0122131 9.98509E-05 9.98509E-05 9.98509E-05 9.98509E-05 0.692788 9.98509E-05 9.98509E-05 9.98509E-05 9.98509E-05 0.140306 9.98509E-05 9.98509E-05 9.98509E-05 0.0168478 0.0316571 9.98509E-05 0.10449 9.98509E-05
9.98595E-05 9.98595E-05 9.98595E-05 9.98595E-05 0.0465179 9.98595E-05 0.00282979 9.98595E-05 9.98595E-05 0.674609 9.98595E-05 9.98595E-05 0.000287689 9.98595E-05 0.0582162 9.98595E-05 0.0178745 9.98595E-05 9.98595E-05 9.98595E-05 9.98595E-05 0.198067 9.98595E-05
9.98248E-05 9.98248E-05 9.98248E-05 0.0748792 0.114351 9.98248E-05 9.98248E-05 9.98248E-05 9.98248E-05 0.808774 9.98248E-05 9.98248E-05 9.98248E-05 9.98248E-05 9.98248E-05 9.98248E-05 9.98248E-05 9.98248E-05 9.98248E-05 9.98248E-05 9.98248E-05 9.98248E-05 9.98248E-05
9.98072E-05 9.98072E-05 9.98072E-05 9.98072E-05 9.98072E-05 9.98072E-05 9.98072E-05 9.98072E-05 9.98072E-05 0.997804 9.98072E-05 9.98072E-05 9.98072E-05 9.98072E-05 9.98072E-05 9.98072E-05 9.98072E-05 9.98072E-05 9.98072E-05 9.98072E-05 9.98072E-05 9.98072E-05 9.98072E-05
0.0386977 9.98596E-05 9.98596E-05 9.98596E-05 0.0617971 9.98596E-05 0.0995362 9.98596E-05 9.98596E-05 0.500788 9.98596E-05 9.98596E-05 9.98596E-05 9.98596E-05 0.105788 9.98596E-05 0.176604 9.98596E-05 0.0151913 9.98596E-05 9.98596E-05 9.98596E-05 9.98596E-05
9.98509E-05 9.98509E-05 9.98509E-05 9.98509E-05 0.0733012 9.98509E-05 9.98509E-05 9.98509E-05 9.98509E-05 0.728965 9.98509E-05 9.98509E-05 0.00799166 9.98509E-05 0.0517503 0.0407569 9.98509E-05 9.98509E-05 9.98509E-05 9.98509E-05 9.98509E-05 0.0955377 9.98509E-05
9.98333E-05 9.98333E-05 9.98333E-05 9.98333E-05 0.023314 9.98333E-05 9.98333E-05 9.98333E-05 9.98333E-05 0.920236 9.98333E-05 9.98333E-05 0.00577296 0.0487802 9.98333E-05 9.98333E-05 9.98333E-05 9.98333E-05 9.98333E-05 9.98333E-05 9.98333E-05 9.98333E-05 9.98333E-05
9.9842E-05 9.9842E-05 9.9842E-05 9.9842E-05 0.230683 9.9842E-05 0.0501443 9.9842E-05 9.9842E-05 0.447332 9.9842E-05 9.9842E-05 9.9842E-05 9.9842E-05 0.20566 9.9842E-05 9.9842E-05 9.9842E-05 9.9842E-05 9.9842E-05 9.9842E-05 0.0643842 9.9842E-05
9.98247E-05 9.98247E-05 9.98247E-05 9.98247E-05 0.16673 9.98247E-05 9.98247E-05 9.98247E-05 9.98247E-05 0.721613 9.98247E-05 9.98247E-05 9.98247E-05 9.98247E-05 9.98247E-05 9.98247E-05 0.10966 9.98247E-05 9.98247E-05 9.98247E-05 9.98247E-05 9.98247E-05 9.98247E-05
9.9842E-05 9.9842E-05 9.9842E-05 9.9842E-05 0.229519 9.9842E-05 0.0457014 9.9842E-05 9.9842E-05 0.375474 9.9842E-05 9.9842E-05 9.9842E-05 9.9842E-05 0.269026 9.9842E-05 9.9842E-05 9.9842E-05 9.9842E-05 9.9842E-05 9.9842E-05 0.0784821 9.9842E-05
0.0733192 9.98598E-05 9.98598E-05 9.98598E-05 0.139019 9.98598E-05 9.98598E-05 9.98598E-05 9.98598E-05 0.377638 9.98598E-05 9.98598E-05 9.98598E-05 0.00878898 0.125485 9.98598E-05 0.228987 9.98598E-05 9.98598E-05 9.98598E-05 9.98598E-05 0.0451645 9.98598E-05
9.98596E-05 9.98596E-05 9.98596E-05 9.98596E-05 9.98596E-05 0.0237696 9.98596E-05 0.0323219 9.98596E-05 0.284055 0.064153 9.98596E-05 9.98596E-05 9.98596E-05 0.0174545 9.98596E-05 0.536576 9.98596E-05 9.98596E-05 0.040072 9.98596E-05 9.98596E-05 9.98596E-05
9.98203E-05 9.98203E-05 0.00284528 9.98203E-05 0.097261 9.98203E-05 0.0928162 9.98203E-05 9.98203E-05 0.727975 9.98203E-05 9.98203E-05 9.98203E-05 9.98203E-05 0.0773061 9.98203E-05 9.98203E-05 9.98203E-05 9.98203E-05 9.98203E-05 9.98203E-05 9.98203E-05 9.98203E-05
9.98334E-05 9.98334E-05 9.98334E-05 9.98334E-05 0.263831 9.98334E-05 9.98334E-05 9.98334E-05 9.98334E-05 0.53093 9.98334E-05 9.98334E-05 9.98334E-05 9.98334E-05 0.170958 9.98334E-05 9.98334E-05 9.98334E-05 9.98334E-05 9.98334E-05 9.98334E-05 0.0323843 9.98334E-05
9.98423E-05 9.98423E-05 9.98423E-05 9.98423E-05 9.98423E-05 9.98423E-05 0.0893237 9.98423E-05 9.98423E-05 0.746791 9.98423E-05 9.98423E-05 9.98423E-05 9.98423E-05 0.0930268 0.0371058 0.0319554 9.98423E-05 9.98423E-05 9.98423E-05 9.98423E-05 9.98423E-05 9.98423E-05
9.9851E-05 9.9851E-05 0.0452768 9.9851E-05 0.0419988 9.9851E-05 9.9851E-05 9.9851E-05 9.9851E-05 0.696486 9.9851E-05 9.9851E-05 9.9851E-05 9.9851E-05 0.160336 9.9851E-05 9.9851E-05 9.9851E-05 0.0446775 9.9851E-05 9.9851E-05 0.00952744 9.9851E-05
9.98158E-05 9.98158E-05 0.0232352 9.98158E-05 9.98158E-05 9.98158E-05 9.98158E-05 9.98158E-05 9.98158E-05 0.974669 9.98158E-05 9.98158E-05 9.98158E-05 9.98158E-05 9.98158E-05 9.98158E-05 9.98158E-05 9.98158E-05 9.98158E-05 9.98158E-05 9.98158E-05 9.98158E-05 9.98158E-05
9.98203E-05 9.98203E-05 9.98203E-05 9.98203E-05 0.245006 9.98203E-05 0.194546 9.98203E-05 9.98203E-05 0.371506 9.98203E-05 9.98203E-05 9.98203E-05 9.98203E-05 0.145468 0.041678 9.98203E-05 9.98203E-05 9.98203E-05 9.98203E-05 9.98203E-05 9.98203E-05 9.98203E-05
9.98331E-05 0.137515 9.98331E-05 9.98331E-05 0.0462688 9.98331E-05 9.98331E-05 9.98331E-05 9.98331E-05 0.795403 9.98331E-05 9.98331E-05 9.98331E-05 9.98331E-05 0.0189157 9.98331E-05 9.98331E-05 9.98331E-05 9.98331E-05 9.98331E-05 9.98331E-05 9.98331E-05 9.98331E-05
9.98334E-05 9.98334E-05 9.98334E-05 9.98334E-05 0.0495638 9.98334E-05 9.98334E-05 9.98334E-05 9.98334E-05 0.881037 9.98334E-05 9.98334E-05 9.98334E-05 9.98334E-05 0.0224272 9.98334E-05 0.0450756 9.98334E-05 9.98334E-05 9.98334E-05 9.98334E-05 9.98334E-05 9.98334E-05
9.98508E-05 9.98508E-05 0.0117749 9.98508E-05 0.0572417 9.98508E-05 9.98508E-05 9.98508E-05 9.98508E-05 0.76426 9.98508E-05 9.98508E-05 9.98508E-05 9.98508E-05 9.98508E-05 9.98508E-05 0.101766 9.98508E-05 0.0623997 9.98508E-05 9.98508E-05 0.000860641 9.98508E-05
9.98419E-05 9.98419E-05 9.98419E-05 9.98419E-05 0.0723885 9.98419E-05 9.98419E-05 9.98419E-05 9.98419E-05 0.664271 9.98419E-05 9.98419E-05 0.02638 0.0477469 0.187416 9.98419E-05 9.98419E-05 9.98419E-05 9.98419E-05 9.98419E-05 9.98419E-05 9.98419E-05 9.98419E-05
9.98508E-05 9.98508E-05 9.98508E-05 9.98508E-05 0.10801 9.98508E-05 0.0253956 9.98508E-05 9.98508E-05 0.214323 9.98508E-05 9.98508E-05 9.98508E-05 9.98508E-05 9.98508E-05 9.98508E-05 0.555103 9.98508E-05 0.0643114 0.0311597 9.98508E-05 9.98508E-05 9.98508E-05
9.98334E-05 9.98334E-05 9.98334E-05 9.98334E-05 9.98334E-05 9.98334E-05 0.00951376 9.98334E-05 9.98334E-05 0.69132 9.98334E-05 9.98334E-05 9.98334E-05 9.98334E-05 0.0622739 9.98334E-05 0.234996 9.98334E-05 9.98334E-05 9.98334E-05 9.98334E-05 9.98334E-05 9.98334E-05
9.98247E-05 9.98247E-05 9.98247E-05 9.98247E-05 0.00990573 9.98247E-05 9.98247E-05 9.98247E-05 9.98247E-05 0.784914 9.98247E-05 9.98247E-05 9.98247E-05 9.98247E-05 9.98247E-05 9.98247E-05 0.203184 9.98247E-05 9.98247E-05 9.98247E-05 9.98247E-05 9.98247E-05 9.98247E-05
9.9851E-05 9.9851E-05 9.9851E-05 9.9851E-05 0.002493 9.9851E-05 9.9851E-05 9.9851E-05 9.9851E-05 0.516585 0.0182256 9.9851E-05 0.0290164 9.9851E-05 9.9851E-05 9.9851E-05 0.379717 9.9851E-05 9.9851E-05 9.9851E-05 9.9851E-05 0.052266 9.9851E-05
9.98333E-05 9.98333E-05 9.98333E-05 9.98333E-05 9.98333E-05 9.98333E-05 9.98333E-05 9.98333E-05 9.98333E-05 0.345631 9.98333E-05 9.98333E-05 9.98333E-05 0.0876265 0.407769 9.98333E-05 9.98333E-05 9.98333E-05 9.98333E-05 9.98333E-05 9.98333E-05 0.157077 9.98333E-05
9.98332E-05 9.98332E-05 9.98332E-05 9.98332E-05 0.104636 0.0518026 9.98332E-05 9.98332E-05 9.98332E-05 0.829772 9.98332E-05 9.98332E-05 9.98332E-05 9.98332E-05 9.98332E-05 0.011892 9.98332E-05 9.98332E-05 9.98332E-05 9.98332E-05 9.98332E-05 9.98332E-05 9.98332E-05
9.98421E-05 9.98421E-05 9.98421E-05 9.98421E-05 0.124412 9.98421E-05 0.100347 9.98421E-05 9.98421E-05 0.107966 9.98421E-05 9.98421E-05 9.98421E-05 9.98421E-05 0.04378 9.98421E-05 0.621698 9.98421E-05 9.98421E-05 9.98421E-05 9.98421E-05 9.98421E-05 9.98421E-05
9.98247E-05 9.98247E-05 9.98247E-05 9.98247E-05 9.98247E-05 9.98247E-05 9.98247E-05 9.98247E-05 9.98247E-05 0.475452 9.98247E-05 9.98247E-05 9.98247E-05 9.98247E-05 0.0735672 9.98247E-05 0.448984 9.98247E-05 9.98247E-05 9.98247E-05 9.98247E-05 9.98247E-05 9.98247E-05
9.98507E-05 0.015415 9.98507E-05 9.98507E-05 0.188865 9.98507E-05 0.0591724 9.98507E-05 9.98507E-05 0.542895 9.98507E-05 9.98507E-05 9.98507E-05 9.98507E-05 0.0527149 9.98507E-05 9.98507E-05 9.98507E-05 9.98507E-05 9.98507E-05 9.98507E-05 0.13924 9.98507E-05
0.219412 9.98508E-05 9.98508E-05 9.98508E-05 0.081462 9.98508E-05 9.98508E-05 9.98508E-05 9.98508E-05 0.515168 9.98508E-05 9.98508E-05 9.98508E-05 0.040021 0.112448 9.98508E-05 0.0297912 9.98508E-05 9.98508E-05 9.98508E-05 9.98508E-05 9.98508E-05 9.98508E-05
9.98686E-05 9.98686E-05 0.065193 9.98686E-05 0.0604369 9.98686E-05 9.98686E-05 9.98686E-05 9.98686E-05 0.571864 0.0711413 9.98686E-05 0.024391 0.0278691 0.029086 9.98686E-05 9.98686E-05 9.98686E-05 9.98686E-05 9.98686E-05 9.98686E-05 0.148521 9.98686E-05
9.98509E-05 0.00985762 9.98509E-05 9.98509E-05 0.23955 9.98509E-05 9.98509E-05 9.98509E-05 9.98509E-05 0.433559 9.98509E-05 9.98509E-05 0.0138007 9.98509E-05 0.243645 9.98509E-05 9.98509E-05 9.98509E-05 0.0578906 9.98509E-05 9.98509E-05 9.98509E-05 9.98509E-05
9.98334E-05 9.98334E-05 9.98334E-05 9.98334E-05 9.98334E-05 9.98334E-05 9.98334E-05 9.98334E-05 9.98334E-05 0.549132 9.98334E-05 9.98334E-05 9.98334E-05 9.98334E-05 0.077203 9.98334E-05 0.350635 9.98334E-05 9.98334E-05 9.98334E-05 9.98334E-05 0.0211327 9.98334E-05
9.98332E-05 9.98332E-05 9.98332E-05 9.98332E-05 9.98332E-05 9.98332E-05 9.98332E-05 0.0597242 0.143005 0.720321 9.98332E-05 9.98332E-05 9.98332E-05 9.98332E-05 0.0750539 9.98332E-05 9.98332E-05 9.98332E-05 9.98332E-05 9.98332E-05 9.98332E-05 9.98332E-05 9.98332E-05
9.98333E-05 9.98333E-05 9.98333E-05 9.98333E-05 0.105751 9.98333E-05 9.98333E-05 9.98333E-05 9.98333E-05 0.332481 9.98333E-05 9.98333E-05 9.98333E-05 9.98333E-05 0.0186753 9.98333E-05 0.541196 9.98333E-05 9.98333E-05 9.98333E-05 9.98333E-05 9.98333E-05 9.98333E-05
9.98335E-05 9.98335E-05 9.98335E-05 9.98335E-05 0.127472 9.98335E-05 9.98335E-05 9.98335E-05 9.98335E-05 0.623271 9.98335E-05 9.98335E-05 9.98335E-05 9.98335E-05 0.131099 9.98335E-05 0.116261 9.98335E-05 9.98335E-05 9.98335E-05 9.98335E-05 9.98335E-05 9.98335E-05
9.98246E-05 9.98246E-05 0.0314849 9.98246E-05 0.0313678 9.98246E-05 9.98246E-05 9.98246E-05 9.98246E-05 0.935151 9.98246E-05 9.98246E-05 9.98246E-05 9.98246E-05 9.98246E-05 9.98246E-05 9.98246E-05 9.98246E-05 9.98246E-05 9.98246E-05 9.98246E-05 9.98246E-05 9.98246E-05
9.98332E-05 9.98332E-05 9.98332E-05 9.98332E-05 9.98332E-05 9.98332E-05 9.98332E-05 9.98332E-05 0.0614951 0.929445 9.98332E-05 9.98332E-05 0.00416783 9.98332E-05 9.98332E-05 9.98332E-05 9.98332E-05 9.98332E-05 0.00299522 9.98332E-05 9.98332E-05 9.98332E-05 9.98332E-05
9.98333E-05 9.98333E-05 9.98333E-05 9.98333E-05 0.16534 9.98333E-05 9.98333E-05 9.98333E-05 9.98333E-05 0.515748 9.98333E-05 9.98333E-05 9.98333E-05 9.98333E-05 0.133547 9.98333E-05 9.98333E-05 9.98333E-05 9.98333E-05 9.98333E-05 9.98333E-05 0.183468 9.98333E-05
9.98245E-05 9.98245E-05 9.98245E-05 9.98245E-05 0.144772 9.98245E-05 9.98245E-05 9.98245E-05 9.98245E-05 0.772045 9.98245E-05 9.98245E-05 9.98245E-05 9.98245E-05 0.0811861 9.98245E-05 9.98245E-05 9.98245E-05 9.98245E-05 9.98245E-05 9.98245E-05 9.98245E-05 9.98245E-05
9.98104E-05 9.98104E-05 0.0142472 9.98104E-05 0.0266736 9.98104E-05 9.98104E-05 9.98104E-05 9.98104E-05 0.945697 9.98104E-05 9.98104E-05 9.98104E-05 9.98104E-05 9.98104E-05 9.98104E-05 9.98104E-05 9.98104E-05 0.011486 9.98104E-05 9.98104E-05 9.98104E-05 9.98104E-05
9.98335E-05 9.98335E-05 9.98335E-05 9.98335E-05 9.98335E-05 9.98335E-05 0.0113737 0.0963608 9.98335E-05 0.840611 9.98335E-05 9.98335E-05 9.98335E-05 9.98335E-05 0.0497573 9.98335E-05 9.98335E-05 9.98335E-05 9.98335E-05 9.98335E-05 9.98335E-05 9.98335E-05 9.98335E-05
9.98422E-05 9.98422E-05 9.98422E-05 9.98422E-05 0.229189 9.98422E-05 0.0228191 9.98422E-05 9.98422E-05 0.580378 9.98422E-05 9.98422E-05 9.98422E-05 9.98422E-05 9.98422E-05 9.98422E-05 0.144606 9.98422E-05 9.98422E-05 9.98422E-05 9.98422E-05 0.0212112 9.98422E-05
9.98068E-05 9.98068E-05 9.98068E-05 9.98068E-05 9.98068E-05 9.98068E-05 9.98068E-05 9.98068E-05 9.98068E-05 9.98068E-05 9.98068E-05 9.98068E-05 9.98068E-05 9.98068E-05 0.997804 9.98068E-05 9.98068E-05 9.98068E-05 9.98068E-05 9.98068E-05 9.98068E-05 9.98068E-05 9.98068E-05
9.98066E-05 9.98066E-05 9.98066E-05 9.98066E-05 0.997804 9.98066E-05 9.98066E-05 9.98066E-05 9.98066E-05 9.98066E-05 9.98066E-05 9.98066E-05 9.98066E-05 9.98066E-05 9.98066E-05 9.98066E-05 9.98066E-05 9.98066E-05 9.98066E-05 9.98066E-05 9.98066E-05 9.98066E-05 9.98066E-05
9.98066E-05 9.98066E-05 9.98066E-05 9.98066E-05 9.98066E-05 9.98066E-05 9.98066E-05 9.98066E-05 9.98066E-05 9.98066E-05 9.98066E-05 9.98066E-05 9.98066E-05 9.98066E-05 0.997804 9.98066E-05 9.98066E-05 9.98066E-05 9.98066E-05 9.98066E-05 9.98066E-05 9.98066E-05 9.98066E-05
