9.99648E-05 0.397879 9.99648E-05 0.155919 9.99648E-05 0.190549 0.135228 9.99648E-05 0.00552272 0.114503
9.99561E-05 0.703828 9.99561E-05 0.181226 0.0090215 0.0573946 9.99561E-05 9.99561E-05 9.99561E-05 0.0480297
9.99473E-05 0.83224 9.99473E-05 9.99473E-05 9.99473E-05 0.0921663 9.99473E-05 9.99473E-05 0.0176637 0.0573307
0.06091 0.269753 0.0561642 9.99737E-05 0.0498787 0.118327 0.319431 9.99737E-05 9.99737E-05 0.125236
0.015891 0.818123 9.99473E-05 0.00112397 9.99473E-05 9.99473E-05 9.99473E-05 0.164262 9.99473E-05 9.99473E-05
0.158131 0.282414 0.0127428 0.10834 9.99824E-05 0.0994067 0.000214473 0.324281 9.99824E-05 0.0142704
9.99649E-05 0.289605 9.99649E-05 0.168538 9.99649E-05 0.0710823 0.261168 0.0270003 9.99649E-05 0.182208
0.197813 0.271944 9.99562E-05 9.99562E-05 9.99562E-05 9.99562E-05 9.99562E-05 0.411875 0.0617494 0.0561199
0.250563 0.227619 9.99649E-05 0.0572313 0.0156314 0.268928 0.179628 9.99649E-05 9.99649E-05 9.99649E-05
9.99385E-05 0.860744 9.99385E-05 9.99385E-05 9.99385E-05 0.132683 9.99385E-05 9.99385E-05 0.00587394 9.99385E-05
0.0283518 0.56344 9.99473E-05 9.99473E-05 9.99473E-05 0.246616 9.99473E-05 9.99473E-05 9.99473E-05 0.160993
9.99561E-05 0.906915 9.99561E-05 9.99561E-05 9.99561E-05 0.028664 0.00374413 0.0473006 9.99561E-05 0.0128762
0.0798056 0.775923 9.99561E-05 9.99561E-05 0.000797175 0.0840748 9.99561E-05 9.99561E-05 9.99561E-05 0.0588998
9.99474E-05 0.642506 0.179744 9.99474E-05 9.99474E-05 0.0609957 9.99474E-05 9.99474E-05 9.99474E-05 0.116154
0.172459 0.351439 0.0584585 0.0282085 9.99649E-05 0.193952 0.195084 9.99649E-05 9.99649E-05 9.99649E-05
0.226167 0.24142 9.99737E-05 9.99737E-05 9.99737E-05 0.174736 0.0497456 0.202813 0.0931411 0.0116777
9.99649E-05 0.575529 0.0617073 0.123794 9.99649E-05 0.102921 0.0561133 9.99649E-05 9.99649E-05 0.0795356
0.0685381 0.23222 9.99649E-05 9.99649E-05 0.230096 0.223505 0.0711217 9.99649E-05 0.174119 9.99649E-05
0.191107 0.400757 9.99648E-05 9.99648E-05 9.99648E-05 0.229074 0.121984 9.99648E-05 0.0197663 0.0369105
0.00497315 0.910763 9.99473E-05 9.99473E-05 0.0610298 0.0226347 9.99473E-05 9.99473E-05 9.99473E-05 9.99473E-05
0.112795 0.429287 9.99737E-05 9.99737E-05 0.00804853 0.0840607 0.134822 0.133971 9.99737E-05 0.0967167
0.236522 0.319492 9.99737E-05 0.053786 9.99737E-05 0.0256691 0.112695 0.225196 9.99737E-05 0.0263399
9.99473E-05 0.70825 9.99473E-05 9.99473E-05 0.0173253 0.158188 9.99473E-05 9.99473E-05 9.99473E-05 0.115637
9.99385E-05 0.399541 9.99385E-05 9.99385E-05 9.99385E-05 0.377971 0.221788 9.99385E-05 9.99385E-05 9.99385E-05
0.113392 0.296208 0.00274291 9.99736E-05 0.116905 0.346734 0.0703968 9.99736E-05 9.99736E-05 0.0533214
0.0565346 0.677887 0.0505656 9.99561E-05 9.99561E-05 0.115931 9.99561E-05 0.0985825 9.99561E-05 9.99561E-05
0.037579 0.0940633 0.185251 0.0699313 9.99824E-05 0.256456 0.0111444 0.230205 0.11517 9.99824E-05
9.99473E-05 0.72606 9.99473E-05 9.99473E-05 9.99473E-05 0.0650423 0.13385 9.99473E-05 9.99473E-05 0.0744482
9.99473E-05 0.586985 0.0128677 9.99473E-05 0.0960211 0.303526 9.99473E-05 9.99473E-05 9.99473E-05 9.99473E-05
0.0648557 0.80371 0.0231431 9.99561E-05 9.99561E-05 0.0987585 9.99561E-05 9.99561E-05 9.99561E-05 0.00903286
0.0261584 0.649017 9.99561E-05 9.99561E-05 0.0668438 0.129782 9.99561E-05 9.99561E-05 9.99561E-05 0.127699
9.99561E-05 0.544867 0.185542 9.99561E-05 9.99561E-05 0.116531 0.0749221 9.99561E-05 9.99561E-05 0.0776377
0.0519494 0.548467 9.99648E-05 9.99648E-05 0.0186124 0.181809 9.99648E-05 0.0380219 9.99648E-05 0.16074
9.99649E-05 0.417319 0.208576 9.99649E-05 9.99649E-05 0.204268 0.074674 0.0409691 0.0537936 9.99649E-05
0.00652859 0.844325 9.99649E-05 9.99649E-05 0.018648 0.0319492 9.99649E-05 9.99649E-05 0.0179089 0.0802408
0.0278889 0.719249 9.99649E-05 0.0124006 9.99649E-05 0.0290913 0.203791 9.99649E-05 9.99649E-05 0.00717902
9.99473E-05 0.873882 9.99473E-05 0.0211471 9.99473E-05 9.99473E-05 9.99473E-05 0.0758946 9.99473E-05 0.0284764
0.215884 0.52605 9.99474E-05 9.99474E-05 0.105019 0.152446 9.99474E-05 9.99474E-05 9.99474E-05 9.99474E-05
0.0299699 0.496501 0.0342269 0.137125 9.99737E-05 0.227194 9.99737E-05 0.0445713 9.99737E-05 0.0301126
0.0292455 0.42808 0.140619 9.99649E-05 9.99649E-05 0.19913 9.99649E-05 0.154426 9.99649E-05 0.0480995
0.0671099 0.765311 9.99649E-05 9.99649E-05 9.99649E-05 0.0247701 0.0738382 0.0124234 9.99649E-05 0.0561472
0.0385272 0.700337 9.99825E-05 0.0589681 0.00173893 0.125077 0.0285772 9.99825E-05 0.0191856 0.0273895
9.99473E-05 0.793581 0.0541073 0.0489455 9.99473E-05 9.99473E-05 9.99473E-05 0.102767 9.99473E-05 9.99473E-05
0.165332 0.431648 9.99561E-05 9.99561E-05 9.99561E-05 0.319862 0.020898 9.99561E-05 9.99561E-05 0.0617608
9.99561E-05 0.334112 9.99561E-05 9.99561E-05 9.99561E-05 0.329657 0.241671 0.0618201 9.99561E-05 0.0322397
0.0473448 0.769768 9.9956E-05 9.9956E-05 0.0668148 0.071491 9.9956E-05 0.0440817 9.9956E-05 9.9956E-05
0.030624 0.726411 9.99561E-05 9.99561E-05 9.99561E-05 0.127631 9.99561E-05 9.99561E-05 0.0550623 0.059772
9.99385E-05 0.934358 9.99385E-05 9.99385E-05 0.0373918 0.0275505 9.99385E-05 9.99385E-05 9.99385E-05 9.99385E-05
9.99473E-05 0.679184 9.99473E-05 9.99473E-05 9.99473E-05 0.213997 9.99473E-05 0.0478024 9.99473E-05 0.0584166
0.0306703 0.71048 9.99737E-05 0.00811445 0.0392061 9.99737E-05 9.99737E-05 0.119898 0.0584339 0.0328967
0.0732604 0.28404 0.0664952 9.99736E-05 9.99736E-05 0.317329 0.0937421 0.0150054 9.99736E-05 0.149828
0.0505123 0.609306 9.99473E-05 9.99473E-05 9.99473E-05 9.99473E-05 0.239243 0.100339 9.99473E-05 9.99473E-05
0.0111731 0.850496 9.99561E-05 0.0278087 9.99561E-05 0.02621 9.99561E-05 9.99561E-05 0.0838129 9.99561E-05
9.99561E-05 0.610257 9.99561E-05 9.99561E-05 0.0389503 0.0503646 9.99561E-05 0.249518 0.0504102 9.99561E-05
9.99474E-05 0.767557 9.99474E-05 9.99474E-05 0.114218 0.0596936 9.99474E-05 0.0579318 9.99474E-05 9.99474E-05
9.99561E-05 0.758418 0.0324325 9.99561E-05 0.135921 9.99561E-05 9.99561E-05 0.0109055 9.99561E-05 0.0618235
0.0154791 0.711119 9.99736E-05 0.0598689 9.99736E-05 0.0629105 9.99736E-05 0.0552315 0.0743658 0.020725
9.99474E-05 0.739062 9.99474E-05 9.99474E-05 9.99474E-05 0.121764 0.105251 9.99474E-05 9.99474E-05 0.0333229
0.0142887 0.866792 9.99561E-05 9.99561E-05 9.99561E-05 0.0622848 9.99561E-05 0.00269474 9.99561E-05 0.0534403
0.0519741 0.0772992 0.0378303 0.309112 9.99737E-05 0.349104 9.99737E-05 9.99737E-05 0.0978754 0.0765047
9.99474E-05 0.300797 9.99474E-05 0.32736 9.99474E-05 0.0726093 0.298635 9.99474E-05 9.99474E-05 9.99474E-05
9.99737E-05 0.282464 0.0326961 0.308786 0.0351067 0.0143189 0.117467 9.99737E-05 0.208861 9.99737E-05
0.186562 9.996E-05 0.0731562 0.445516 9.996E-05 0.145075 9.996E-05 9.996E-05 0.113159 0.036131
0.117081 0.090186 9.99912E-05 0.151098 0.0923105 0.258329 0.192055 0.0272567 0.0637609 0.00782268
0.0951103 9.99649E-05 9.99649E-05 0.225811 9.99649E-05 0.458324 0.0927888 9.99649E-05 0.0107111 0.116855
9.99649E-05 9.99649E-05 9.99649E-05 0.563711 0.0498786 0.222765 0.145571 9.99649E-05 0.00193232 0.0157417
0.0722007 9.99649E-05 9.99649E-05 0.300691 9.99649E-05 0.30054 0.0722018 0.0426953 0.211271 9.99649E-05
0.0539912 0.0943132 0.11092 0.378264 9.99737E-05 0.20799 0.0280983 9.99737E-05 0.126124 9.99737E-05
0.027372 0.203417 9.99737E-05 0.29619 9.99737E-05 0.144747 0.186645 9.99737E-05 0.00284507 0.138485
0.0896881 9.99649E-05 9.99649E-05 0.101968 0.00864473 0.502331 9.99649E-05 9.99649E-05 0.0724959 0.224473
0.00761873 9.99561E-05 9.99561E-05 0.352351 9.99561E-05 0.145908 9.99561E-05 0.371975 9.99561E-05 0.121648
0.173114 0.0018273 9.99824E-05 0.200389 9.99824E-05 0.166476 0.00863862 0.285846 0.00528924 0.158221
0.00463107 9.99561E-05 9.99561E-05 0.318113 9.99561E-05 0.453125 0.00706864 0.216562 9.99561E-05 9.99561E-05
9.99737E-05 0.246403 0.0824253 0.256226 9.99737E-05 0.138128 0.0886149 0.0881468 9.99737E-05 0.099756
0.0596027 0.155133 0.0836991 0.242898 9.99825E-05 0.229102 0.0441049 9.99825E-05 0.0607281 0.124533
0.0189724 9.99737E-05 9.99737E-05 0.282672 9.99737E-05 0.197274 0.137153 0.263534 0.0754556 0.0246387
0.183322 0.0837862 9.99737E-05 0.0906145 9.99737E-05 0.116346 0.28839 9.99737E-05 0.0646554 0.172586
0.0647184 0.195829 9.99737E-05 0.166711 9.99737E-05 0.242672 0.118061 9.99737E-05 0.152843 0.0588649
9.99737E-05 9.99737E-05 9.99737E-05 0.135555 0.0182258 0.402368 0.179016 0.0713862 0.0811161 0.112033
9.9965E-05 0.285431 9.9965E-05 0.312889 9.9965E-05 0.21005 9.9965E-05 0.127022 0.0530116 0.0111973
0.0318788 0.10006 9.99824E-05 0.282997 9.99824E-05 0.335482 0.0945766 0.0745976 0.0769236 0.0032834
9.99649E-05 0.207639 0.22285 0.226275 9.99649E-05 0.230365 9.99649E-05 9.99649E-05 0.0673874 0.0450844
0.0964148 0.166888 0.00578018 0.0974999 9.99912E-05 0.194004 0.147614 0.133175 0.130767 0.0277581
0.0163268 0.253628 9.99649E-05 0.0503426 9.99649E-05 0.275327 0.135819 9.99649E-05 9.99649E-05 0.268156
0.0613247 0.349362 9.99737E-05 0.383919 0.00186139 0.13555 9.99737E-05 0.0439682 9.99737E-05 0.0237147
9.99562E-05 0.324836 9.99562E-05 0.33946 9.99562E-05 0.114775 0.127748 9.99562E-05 0.0926804 9.99562E-05
9.99562E-05 0.177993 9.99562E-05 0.294963 9.99562E-05 0.300537 0.164136 9.99562E-05 0.0618702 9.99562E-05
0.0895906 0.305294 9.99649E-05 0.0814176 9.99649E-05 0.261912 0.0280087 9.99649E-05 0.233377 9.99649E-05
0.180132 0.193283 0.0764224 0.22993 9.99737E-05 0.229853 9.99737E-05 0.0836592 9.99737E-05 0.00641922
0.151634 9.99473E-05 0.616336 9.99473E-05 9.99473E-05 0.200739 9.99473E-05 0.0306918 9.99473E-05 9.99473E-05
0.038656 0.00971859 0.900984 9.99474E-05 9.99474E-05 0.0500419 9.99474E-05 9.99474E-05 9.99474E-05 9.99474E-05
9.99473E-05 9.99473E-05 0.68002 9.99473E-05 9.99473E-05 0.217236 9.99473E-05 9.99473E-05 0.0333761 0.0687678
0.12618 9.9956E-05 0.517291 9.9956E-05 9.9956E-05 0.224928 9.9956E-05 9.9956E-05 0.0535922 0.0775088
0.171486 9.99648E-05 0.652228 9.99648E-05 0.0642409 0.0472781 9.99648E-05 9.99648E-05 0.0636178 0.00074899
0.164759 9.99473E-05 0.550743 9.99473E-05 9.99473E-05 0.265397 0.018502 9.99473E-05 9.99473E-05 9.99473E-05
0.153496 9.9956E-05 0.555138 9.9956E-05 9.9956E-05 0.203593 9.9956E-05 9.9956E-05 0.0339735 0.0532997
0.340029 9.99385E-05 0.507434 9.99385E-05 9.99385E-05 0.151838 9.99385E-05 9.99385E-05 9.99385E-05 9.99385E-05
0.367125 9.9956E-05 0.149296 0.310025 9.9956E-05 0.122682 9.9956E-05 9.9956E-05 9.9956E-05 0.0503722
0.280333 9.99385E-05 0.347338 9.99385E-05 9.99385E-05 0.37163 9.99385E-05 9.99385E-05 9.99385E-05 9.99385E-05
0.0167234 9.99473E-05 0.76442 0.202652 9.99473E-05 9.99473E-05 9.99473E-05 9.99473E-05 9.99473E-05 0.0156049
9.99561E-05 9.99561E-05 0.705298 0.141107 0.0203708 0.0728371 9.99561E-05 9.99561E-05 9.99561E-05 0.0598876
0.10675 9.99385E-05 0.888964 9.99385E-05 9.99385E-05 0.00358605 9.99385E-05 9.99385E-05 9.99385E-05 9.99385E-05
0.16007 9.99385E-05 0.568764 9.99385E-05 9.99385E-05 0.270466 9.99385E-05 9.99385E-05 9.99385E-05 9.99385E-05
0.0951712 9.99649E-05 0.557949 9.99649E-05 9.99649E-05 0.14166 9.99649E-05 0.0252178 0.109025 0.0705782
0.0867821 9.99648E-05 0.475451 0.0588084 0.0234883 0.263013 9.99648E-05 9.99648E-05 9.99648E-05 0.0920566
0.0884942 9.9956E-05 0.504526 0.149161 0.0607809 0.196538 9.9956E-05 9.9956E-05 9.9956E-05 9.9956E-05
0.228461 9.99474E-05 0.663831 9.99474E-05 9.99474E-05 9.99474E-05 0.0273198 9.99474E-05 9.99474E-05 0.079788
0.0677497 9.99472E-05 0.821951 0.0104588 9.99472E-05 9.99472E-05 9.99472E-05 9.99472E-05 9.99472E-05 0.0992407
0.110234 9.99649E-05 0.593349 9.99649E-05 0.100916 0.145586 0.0326452 9.99649E-05 9.99649E-05 0.01687
0.0691121 9.9956E-05 0.57069 0.105503 9.9956E-05 0.198127 9.9956E-05 0.056068 9.9956E-05 9.9956E-05
0.0199348 9.9956E-05 0.731628 9.9956E-05 9.9956E-05 0.134807 9.9956E-05 9.9956E-05 0.0514755 0.061655
0.300955 9.99561E-05 0.273896 0.0456868 0.100312 0.278651 9.99561E-05 9.99561E-05 9.99561E-05 9.99561E-05
0.220808 9.99385E-05 0.731216 9.99385E-05 0.0472765 9.99385E-05 9.99385E-05 9.99385E-05 9.99385E-05 9.99385E-05
0.24744 9.9956E-05 0.291249 0.0688517 0.104001 0.287958 9.9956E-05 9.9956E-05 9.9956E-05 9.9956E-05
0.19255 9.99562E-05 0.557796 0.066496 9.99562E-05 0.173424 9.99562E-05 9.99562E-05 0.00923431 9.99562E-05
9.99474E-05 0.0528212 0.877241 9.99474E-05 0.0580892 0.0112485 9.99474E-05 9.99474E-05 9.99474E-05 9.99474E-05
0.129244 9.9956E-05 0.472577 9.9956E-05 0.0812817 0.252232 9.9956E-05 0.0641646 9.9956E-05 9.9956E-05
0.302266 9.99473E-05 0.399751 0.0154828 9.99473E-05 0.281901 9.99473E-05 9.99473E-05 9.99473E-05 9.99473E-05
0.0763237 9.99561E-05 0.560663 9.99561E-05 0.00329353 0.271465 9.99561E-05 9.99561E-05 9.99561E-05 0.0877549
0.0612574 9.99473E-05 0.56985 9.99473E-05 9.99473E-05 0.26041 9.99473E-05 9.99473E-05 9.99473E-05 0.107883
9.99473E-05 9.99473E-05 0.712453 9.99473E-05 0.0951011 0.186006 9.99473E-05 9.99473E-05 9.99473E-05 0.00584074
0.308741 9.9956E-05 0.32484 9.9956E-05 0.226116 0.1282 9.9956E-05 9.9956E-05 9.9956E-05 0.0116028
0.135658 9.9956E-05 0.563397 9.9956E-05 0.0569034 0.238423 9.9956E-05 9.9956E-05 9.9956E-05 0.00511855
0.0638066 9.99385E-05 0.806597 9.99385E-05 9.99385E-05 0.128897 9.99385E-05 9.99385E-05 9.99385E-05 9.99385E-05
0.170723 9.99648E-05 0.67569 0.00937705 0.00199846 9.99648E-05 0.0867357 9.99648E-05 9.99648E-05 0.055076
0.162332 9.995E-05 0.385803 9.995E-05 9.995E-05 0.316209 9.995E-05 9.995E-05 0.0847831 0.0503735
0.0363604 9.99298E-05 0.96284 9.99298E-05 9.99298E-05 9.99298E-05 9.99298E-05 9.99298E-05 9.99298E-05 9.99298E-05
0.0656168 9.99473E-05 0.830274 9.99473E-05 0.04713 0.0563797 9.99473E-05 9.99473E-05 9.99473E-05 9.99473E-05
0.0123484 9.99298E-05 0.986852 9.99298E-05 9.99298E-05 9.99298E-05 9.99298E-05 9.99298E-05 9.99298E-05 9.99298E-05
9.99387E-05 9.99387E-05 0.923939 0.0229307 0.0524305 9.99387E-05 9.99387E-05 9.99387E-05 9.99387E-05 9.99387E-05
0.159555 9.99561E-05 0.291119 0.179733 9.99561E-05 0.339733 9.99561E-05 9.99561E-05 9.99561E-05 0.0293598
0.169337 9.99561E-05 0.643888 0.0438011 9.99561E-05 9.99561E-05 9.99561E-05 0.0459572 0.0965173 9.99561E-05
0.0578479 9.99562E-05 0.847429 0.0335584 0.0100762 0.0505888 9.99562E-05 9.99562E-05 9.99562E-05 9.99562E-05
0.00161374 0.0315451 0.946724 9.99474E-05 9.99474E-05 0.0195176 9.99474E-05 9.99474E-05 9.99474E-05 9.99474E-05
0.295048 9.99648E-05 0.28172 0.173056 0.161639 0.0701247 9.99648E-05 9.99648E-05 0.0180133 9.99648E-05
0.174977 9.99561E-05 0.55793 9.99561E-05 9.99561E-05 0.196859 9.99561E-05 9.99561E-05 0.0112316 0.0585031
0.229064 9.99737E-05 0.437078 0.121553 9.99737E-05 0.100995 0.00415258 0.0742447 0.0326132 9.99737E-05
0.343132 9.99561E-05 0.262771 9.99561E-05 0.0261174 0.338109 9.99561E-05 9.99561E-05 9.99561E-05 0.0293701
9.99298E-05 9.99298E-05 0.995576 9.99298E-05 9.99298E-05 0.00362415 9.99298E-05 9.99298E-05 9.99298E-05 9.99298E-05
0.022925 9.99648E-05 0.368862 9.99648E-05 9.99648E-05 0.213386 0.245465 0.0654675 9.99648E-05 0.0834944
0.084492 9.99386E-05 0.773033 0.141775 9.99386E-05 9.99386E-05 9.99386E-05 9.99386E-05 9.99386E-05 9.99386E-05
0.124647 9.99649E-05 0.721205 9.99649E-05 0.00581341 0.0622509 9.99649E-05 9.99649E-05 0.0163568 0.0693265
0.210414 9.99561E-05 0.652852 0.00678263 9.99561E-05 9.99561E-05 9.99561E-05 0.0532778 0.0761735 9.99561E-05
0.0284885 9.99648E-05 0.700595 9.99648E-05 9.99648E-05 0.108698 0.0366698 9.99648E-05 0.0586626 0.066487
0.184085 9.99648E-05 0.249179 0.080371 0.0429219 0.390539 0.0525043 9.99648E-05 9.99648E-05 9.99648E-05
0.260537 9.99384E-05 0.610445 9.99384E-05 9.99384E-05 0.128318 9.99384E-05 9.99384E-05 9.99384E-05 9.99384E-05
0.191496 9.9956E-05 0.579785 9.9956E-05 9.9956E-05 0.104402 9.9956E-05 0.0443776 9.9956E-05 0.0794401
9.99385E-05 9.99385E-05 0.759861 9.99385E-05 0.143774 0.0956654 9.99385E-05 9.99385E-05 9.99385E-05 9.99385E-05
0.194977 9.99473E-05 0.770882 0.00165902 9.99473E-05 0.0318823 9.99473E-05 9.99473E-05 9.99473E-05 9.99473E-05
9.99208E-05 9.99208E-05 9.99208E-05 9.99208E-05 9.99208E-05 0.999101 9.99208E-05 9.99208E-05 9.99208E-05 9.99208E-05
0.999101 9.99208E-05 9.99208E-05 9.99208E-05 9.99208E-05 9.99208E-05 9.99208E-05 9.99208E-05 9.99208E-05 9.99208E-05
9.99208E-05 9.99208E-05 9.99208E-05 9.99208E-05 9.99208E-05 0.999101 9.99208E-05 9.99208E-05 9.99208E-05 9.99208E-05
0.999101 9.99208E-05 9.99208E-05 9.99208E-05 9.99208E-05 9.99208E-05 9.99208E-05 9.99208E-05 9.99208E-05 9.99208E-05
0.999101 9.99208E-05 9.99208E-05 9.99208E-05 9.99208E-05 9.99208E-05 9.99208E-05 9.99208E-05 9.99208E-05 9.99208E-05
0.999101 9.99208E-05 9.99208E-05 9.99208E-05 9.99208E-05 9.99208E-05 9.99208E-05 9.99208E-05 9.99208E-05 9.99208E-05
9.99208E-05 9.99208E-05 9.99208E-05 9.99208E-05 9.99208E-05 0.999101 9.99208E-05 9.99208E-05 9.99208E-05 9.99208E-05
0.999101 9.99207E-05 9.99207E-05 9.99207E-05 9.99207E-05 9.99207E-05 9.99207E-05 9.99207E-05 9.99207E-05 9.99207E-05
0.999101 9.99207E-05 9.99207E-05 9.99207E-05 9.99207E-05 9.99207E-05 9.99207E-05 9.99207E-05 9.99207E-05 9.99207E-05
9.99207E-05 9.99207E-05 9.99207E-05 9.99207E-05 9.99207E-05 0.999101 9.99207E-05 9.99207E-05 9.99207E-05 9.99207E-05
9.99207E-05 9.99207E-05 9.99207E-05 9.99207E-05 9.99207E-05 0.999101 9.99207E-05 9.99207E-05 9.99207E-05 9.99207E-05
9.99207E-05 9.99207E-05 9.99207E-05 9.99207E-05 9.99207E-05 0.999101 9.99207E-05 9.99207E-05 9.99207E-05 9.99207E-05
0.999101 9.99208E-05 9.99208E-05 9.99208E-05 9.99208E-05 9.99208E-05 9.99208E-05 9.99208E-05 9.99208E-05 9.99208E-05
0.999101 9.99208E-05 9.99208E-05 9.99208E-05 9.99208E-05 9.99208E-05 9.99208E-05 9.99208E-05 9.99208E-05 9.99208E-05
9.99208E-05 9.99208E-05 9.99208E-05 9.99208E-05 9.99208E-05 0.999101 9.99208E-05 9.99208E-05 9.99208E-05 9.99208E-05
9.99207E-05 9.99207E-05 9.99207E-05 9.99207E-05 9.99207E-05 0.999101 9.99207E-05 9.99207E-05 9.99207E-05 9.99207E-05
0.130296 9.99824E-05 0.351092 0.0959833 0.103404 0.123394 0.0484883 0.0477753 0.0993668 9.99824E-05
9.99207E-05 9.99207E-05 9.99207E-05 9.99207E-05 9.99207E-05 0.999101 9.99207E-05 9.99207E-05 9.99207E-05 9.99207E-05
0.999101 9.99208E-05 9.99208E-05 9.99208E-05 9.99208E-05 9.99208E-05 9.99208E-05 9.99208E-05 9.99208E-05 9.99208E-05
9.99207E-05 9.99207E-05 9.99207E-05 9.99207E-05 9.99207E-05 0.999101 9.99207E-05 9.99207E-05 9.99207E-05 9.99207E-05
9.99207E-05 9.99207E-05 9.99207E-05 9.99207E-05 9.99207E-05 0.999101 9.99207E-05 9.99207E-05 9.99207E-05 9.99207E-05
9.99207E-05 9.99207E-05 9.99207E-05 9.99207E-05 9.99207E-05 0.999101 9.99207E-05 9.99207E-05 9.99207E-05 9.99207E-05
0.999101 9.99208E-05 9.99208E-05 9.99208E-05 9.99208E-05 9.99208E-05 9.99208E-05 9.99208E-05 9.99208E-05 9.99208E-05
9.99207E-05 9.99207E-05 9.99207E-05 9.99207E-05 9.99207E-05 0.999101 9.99207E-05 9.99207E-05 9.99207E-05 9.99207E-05
0.999101 9.99208E-05 9.99208E-05 9.99208E-05 9.99208E-05 9.99208E-05 9.99208E-05 9.99208E-05 9.99208E-05 9.99208E-05
9.99208E-05 9.99208E-05 9.99208E-05 9.99208E-05 9.99208E-05 0.999101 9.99208E-05 9.99208E-05 9.99208E-05 9.99208E-05
9.99207E-05 9.99207E-05 9.99207E-05 9.99207E-05 9.99207E-05 0.999101 9.99207E-05 9.99207E-05 9.99207E-05 9.99207E-05
0.999101 9.99208E-05 9.99208E-05 9.99208E-05 9.99208E-05 9.99208E-05 9.99208E-05 9.99208E-05 9.99208E-05 9.99208E-05
0.999101 9.99208E-05 9.99208E-05 9.99208E-05 9.99208E-05 9.99208E-05 9.99208E-05 9.99208E-05 9.99208E-05 9.99208E-05
0.999101 9.99208E-05 9.99208E-05 9.99208E-05 9.99208E-05 9.99208E-05 9.99208E-05 9.99208E-05 9.99208E-05 9.99208E-05
9.99208E-05 9.99208E-05 9.99208E-05 9.99208E-05 9.99208E-05 0.999101 9.99208E-05 9.99208E-05 9.99208E-05 9.99208E-05
9.99208E-05 9.99208E-05 9.99208E-05 9.99208E-05 9.99208E-05 0.999101 9.99208E-05 9.99208E-05 9.99208E-05 9.99208E-05
9.99207E-05 9.99207E-05 9.99207E-05 9.99207E-05 9.99207E-05 0.999101 9.99207E-05 9.99207E-05 9.99207E-05 9.99207E-05
9.99208E-05 9.99208E-05 9.99208E-05 9.99208E-05 9.99208E-05 0.999101 9.99208E-05 9.99208E-05 9.99208E-05 9.99208E-05
9.99208E-05 9.99208E-05 9.99208E-05 9.99208E-05 9.99208E-05 0.999101 9.99208E-05 9.99208E-05 9.99208E-05 9.99208E-05
0.999101 9.99208E-05 9.99208E-05 9.99208E-05 9.99208E-05 9.99208E-05 9.99208E-05 9.99208E-05 9.99208E-05 9.99208E-05
0.999101 9.99207E-05 9.99207E-05 9.99207E-05 9.99207E-05 9.99207E-05 9.99207E-05 9.99207E-05 9.99207E-05 9.99207E-05
0.999101 9.99208E-05 9.99208E-05 9.99208E-05 9.99208E-05 9.99208E-05 9.99208E-05 9.99208E-05 9.99208E-05 9.99208E-05
9.99208E-05 9.99208E-05 9.99208E-05 9.99208E-05 9.99208E-05 0.999101 9.99208E-05 9.99208E-05 9.99208E-05 9.99208E-05
0.999101 9.99208E-05 9.99208E-05 9.99208E-05 9.99208E-05 9.99208E-05 9.99208E-05 9.99208E-05 9.99208E-05 9.99208E-05
0.999101 9.99208E-05 9.99208E-05 9.99208E-05 9.99208E-05 9.99208E-05 9.99208E-05 9.99208E-05 9.99208E-05 9.99208E-05
0.999101 9.99208E-05 9.99208E-05 9.99208E-05 9.99208E-05 9.99208E-05 9.99208E-05 9.99208E-05 9.99208E-05 9.99208E-05
0.999101 9.99207E-05 9.99207E-05 9.99207E-05 9.99207E-05 9.99207E-05 9.99207E-05 9.99207E-05 9.99207E-05 9.99207E-05
9.99207E-05 9.99207E-05 9.99207E-05 9.99207E-05 9.99207E-05 0.999101 9.99207E-05 9.99207E-05 9.99207E-05 9.99207E-05
0.999101 9.99208E-05 9.99208E-05 9.99208E-05 9.99208E-05 9.99208E-05 9.99208E-05 9.99208E-05 9.99208E-05 9.99208E-05
0.999101 9.99208E-05 9.99208E-05 9.99208E-05 9.99208E-05 9.99208E-05 9.99208E-05 9.99208E-05 9.99208E-05 9.99208E-05
0.0931581 9.99736E-05 0.358724 9.99736E-05 0.0924886 0.209559 0.111961 0.104568 0.0292414 9.99736E-05
9.99208E-05 9.99208E-05 9.99208E-05 9.99208E-05 9.99208E-05 0.999101 9.99208E-05 9.99208E-05 9.99208E-05 9.99208E-05
0.999101 9.99208E-05 9.99208E-05 9.99208E-05 9.99208E-05 9.99208E-05 9.99208E-05 9.99208E-05 9.99208E-05 9.99208E-05
0.999101 9.99208E-05 9.99208E-05 9.99208E-05 9.99208E-05 9.99208E-05 9.99208E-05 9.99208E-05 9.99208E-05 9.99208E-05
0.999101 9.99208E-05 9.99208E-05 9.99208E-05 9.99208E-05 9.99208E-05 9.99208E-05 9.99208E-05 9.99208E-05 9.99208E-05
0.999101 9.99208E-05 9.99208E-05 9.99208E-05 9.99208E-05 9.99208E-05 9.99208E-05 9.99208E-05 9.99208E-05 9.99208E-05
9.99207E-05 9.99207E-05 9.99207E-05 9.99207E-05 9.99207E-05 0.999101 9.99207E-05 9.99207E-05 9.99207E-05 9.99207E-05
0.999101 9.99208E-05 9.99208E-05 9.99208E-05 9.99208E-05 9.99208E-05 9.99208E-05 9.99208E-05 9.99208E-05 9.99208E-05
9.99207E-05 9.99207E-05 9.99207E-05 9.99207E-05 9.99207E-05 0.999101 9.99207E-05 9.99207E-05 9.99207E-05 9.99207E-05
0.999101 9.99208E-05 9.99208E-05 9.99208E-05 9.99208E-05 9.99208E-05 9.99208E-05 9.99208E-05 9.99208E-05 9.99208E-05
9.99207E-05 9.99207E-05 9.99207E-05 9.99207E-05 9.99207E-05 0.999101 9.99207E-05 9.99207E-05 9.99207E-05 9.99207E-05
0.999101 9.99208E-05 9.99208E-05 9.99208E-05 9.99208E-05 9.99208E-05 9.99208E-05 9.99208E-05 9.99208E-05 9.99208E-05
0.999101 9.99208E-05 9.99208E-05 9.99208E-05 9.99208E-05 9.99208E-05 9.99208E-05 9.99208E-05 9.99208E-05 9.99208E-05
0.999101 9.99208E-05 9.99208E-05 9.99208E-05 9.99208E-05 9.99208E-05 9.99208E-05 9.99208E-05 9.99208E-05 9.99208E-05
0.999101 9.99208E-05 9.99208E-05 9.99208E-05 9.99208E-05 9.99208E-05 9.99208E-05 9.99208E-05 9.99208E-05 9.99208E-05
0.999101 9.99208E-05 9.99208E-05 9.99208E-05 9.99208E-05 9.99208E-05 9.99208E-05 9.99208E-05 9.99208E-05 9.99208E-05
0.999101 9.99208E-05 9.99208E-05 9.99208E-05 9.99208E-05 9.99208E-05 9.99208E-05 9.99208E-05 9.99208E-05 9.99208E-05
9.99208E-05 9.99208E-05 9.99208E-05 9.99208E-05 9.99208E-05 0.999101 9.99208E-05 9.99208E-05 9.99208E-05 9.99208E-05
9.99207E-05 9.99207E-05 9.99207E-05 9.99207E-05 9.99207E-05 0.999101 9.99207E-05 9.99207E-05 9.99207E-05 9.99207E-05
9.99207E-05 9.99207E-05 9.99207E-05 9.99207E-05 9.99207E-05 0.999101 9.99207E-05 9.99207E-05 9.99207E-05 9.99207E-05
0.999101 9.99208E-05 9.99208E-05 9.99208E-05 9.99208E-05 9.99208E-05 9.99208E-05 9.99208E-05 9.99208E-05 9.99208E-05
9.99208E-05 9.99208E-05 9.99208E-05 9.99208E-05 9.99208E-05 0.999101 9.99208E-05 9.99208E-05 9.99208E-05 9.99208E-05
9.99208E-05 9.99208E-05 9.99208E-05 9.99208E-05 9.99208E-05 0.999101 9.99208E-05 9.99208E-05 9.99208E-05 9.99208E-05
9.99208E-05 9.99208E-05 9.99208E-05 9.99208E-05 9.99208E-05 0.999101 9.99208E-05 9.99208E-05 9.99208E-05 9.99208E-05
0.999101 9.99208E-05 9.99208E-05 9.99208E-05 9.99208E-05 9.99208E-05 9.99208E-05 9.99208E-05 9.99208E-05 9.99208E-05
0.999101 9.99207E-05 9.99207E-05 9.99207E-05 9.99207E-05 9.99207E-05 9.99207E-05 9.99207E-05 9.99207E-05 9.99207E-05
0.999101 9.99208E-05 9.99208E-05 9.99208E-05 9.99208E-05 9.99208E-05 9.99208E-05 9.99208E-05 9.99208E-05 9.99208E-05
9.99207E-05 9.99207E-05 9.99207E-05 9.99207E-05 9.99207E-05 0.999101 9.99207E-05 9.99207E-05 9.99207E-05 9.99207E-05
0.999101 9.99207E-05 9.99207E-05 9.99207E-05 9.99207E-05 9.99207E-05 9.99207E-05 9.99207E-05 9.99207E-05 9.99207E-05
0.999101 9.99207E-05 9.99207E-05 9.99207E-05 9.99207E-05 9.99207E-05 9.99207E-05 9.99207E-05 9.99207E-05 9.99207E-05
9.99208E-05 9.99208E-05 9.99208E-05 9.99208E-05 9.99208E-05 0.999101 9.99208E-05 9.99208E-05 9.99208E-05 9.99208E-05
0.999101 9.99208E-05 9.99208E-05 9.99208E-05 9.99208E-05 9.99208E-05 9.99208E-05 9.99208E-05 9.99208E-05 9.99208E-05
0.999101 9.99208E-05 9.99208E-05 9.99208E-05 9.99208E-05 9.99208E-05 9.99208E-05 9.99208E-05 9.99208E-05 9.99208E-05
0.12473 9.996E-05 0.219722 0.0383895 9.996E-05 0.35535 9.996E-05 9.996E-05 0.101658 0.159751
9.99208E-05 9.99208E-05 9.99208E-05 9.99208E-05 9.99208E-05 0.999101 9.99208E-05 9.99208E-05 9.99208E-05 9.99208E-05
0.999101 9.99208E-05 9.99208E-05 9.99208E-05 9.99208E-05 9.99208E-05 9.99208E-05 9.99208E-05 9.99208E-05 9.99208E-05
0.410047 9.99649E-05 0.33431 9.99649E-05 9.99649E-05 0.0596784 9.99649E-05 0.105587 0.0254669 0.0645106
0.301765 9.99648E-05 0.346919 9.99648E-05 0.0251499 0.144509 0.031991 0.149266 9.99648E-05 9.99648E-05
0.22637 9.99561E-05 0.378808 9.99561E-05 0.0301353 0.358814 0.00537295 9.99561E-05 9.99561E-05 9.99561E-05
9.9956E-05 9.9956E-05 0.565537 9.9956E-05 0.0605417 0.175513 0.110878 9.9956E-05 0.0870305 9.9956E-05
0.256613 9.99472E-05 0.351834 0.0853676 9.99472E-05 0.305586 9.99472E-05 9.99472E-05 9.99472E-05 9.99472E-05
0.128451 9.99387E-05 0.847509 0.0233404 9.99387E-05 9.99387E-05 9.99387E-05 9.99387E-05 9.99387E-05 9.99387E-05
0.352154 9.99561E-05 0.253416 9.99561E-05 9.99561E-05 0.274278 0.102538 9.99561E-05 9.99561E-05 0.0171139
0.202586 9.9956E-05 0.509207 9.9956E-05 9.9956E-05 0.11146 9.9956E-05 9.9956E-05 0.127543 0.0487039
0.208348 9.99386E-05 0.744745 9.99386E-05 9.99386E-05 0.0462077 9.99386E-05 9.99386E-05 9.99386E-05 9.99386E-05
9.99472E-05 9.99472E-05 0.664427 9.99472E-05 9.99472E-05 0.199687 0.0840989 0.0511872 9.99472E-05 9.99472E-05
0.0458229 9.99473E-05 0.632395 9.99473E-05 9.99473E-05 0.209439 9.99473E-05 9.99473E-05 9.99473E-05 0.111743
0.646937 9.99385E-05 0.320956 9.99385E-05 9.99385E-05 0.031408 9.99385E-05 9.99385E-05 9.99385E-05 9.99385E-05
0.273178 9.99648E-05 0.212202 0.0301598 9.99648E-05 0.370506 9.99648E-05 0.0417702 0.0717842 9.99648E-05
9.99472E-05 9.99472E-05 0.674941 9.99472E-05 0.123369 0.0888038 9.99472E-05 9.99472E-05 0.112287 9.99472E-05
0.119795 9.9956E-05 0.468765 9.9956E-05 9.9956E-05 0.315394 9.9956E-05 0.0447948 9.9956E-05 0.0507514
0.300992 9.99649E-05 0.254271 0.113122 9.99649E-05 0.236009 9.99649E-05 0.0805851 9.99649E-05 0.0146208
0.155948 9.99561E-05 0.618697 0.154657 0.013601 0.0565982 9.99561E-05 9.99561E-05 9.99561E-05 9.99561E-05
0.0617125 9.99649E-05 0.335001 9.99649E-05 9.99649E-05 0.437326 9.99649E-05 0.0799322 0.00697746 0.0786504
0.156381 9.99648E-05 0.466915 0.200067 0.115107 0.006421 9.99648E-05 9.99648E-05 9.99648E-05 0.0547102
0.183897 9.99473E-05 0.453471 9.99473E-05 9.99473E-05 0.271993 9.99473E-05 0.0900391 9.99473E-05 9.99473E-05
0.156355 9.9956E-05 0.611613 9.9956E-05 0.083064 0.130654 9.9956E-05 0.0178145 9.9956E-05 9.9956E-05
0.246917 9.99473E-05 0.608054 0.0234166 9.99473E-05 9.99473E-05 9.99473E-05 0.121013 9.99473E-05 9.99473E-05
0.203359 9.99736E-05 0.394398 9.99736E-05 0.0784083 0.217953 9.99736E-05 0.0653887 0.0203455 0.0198484
0.192064 9.99648E-05 0.55087 9.99648E-05 0.0415407 0.140655 9.99648E-05 9.99648E-05 0.0517561 0.0227139
0.107577 9.9956E-05 0.702712 9.9956E-05 0.0680955 0.0289606 9.9956E-05 9.9956E-05 0.0921549 9.9956E-05
9.99299E-05 9.99299E-05 0.951662 0.0475386 9.99299E-05 9.99299E-05 9.99299E-05 9.99299E-05 9.99299E-05 9.99299E-05
0.0935621 9.99736E-05 0.59863 0.0276149 0.0122948 0.161758 9.99736E-05 0.0880666 0.0177734 9.99736E-05
0.294848 9.99561E-05 0.292232 9.99561E-05 9.99561E-05 0.344079 0.0579661 9.99561E-05 0.0103755 9.99561E-05
9.99472E-05 9.99472E-05 0.597459 9.99472E-05 9.99472E-05 0.120494 9.99472E-05 0.266094 0.0153531 9.99472E-05
0.208869 9.9956E-05 0.479018 9.9956E-05 0.108543 0.126248 9.9956E-05 9.9956E-05 0.0768218 9.9956E-05
0.412493 9.99649E-05 0.279099 0.0223227 9.99649E-05 0.19739 9.99649E-05 0.0687478 9.99649E-05 0.0195476
0.296758 9.99561E-05 0.459183 0.000773466 9.99561E-05 0.148332 9.99561E-05 9.99561E-05 9.99561E-05 0.0944544
0.202758 9.99648E-05 0.315917 0.224615 0.00675564 0.144769 9.99648E-05 9.99648E-05 0.104786 9.99648E-05
0.229392 9.99648E-05 0.40954 9.99648E-05 9.99648E-05 0.225938 9.99648E-05 0.108782 0.0127427 0.0132054
0.184419 9.99648E-05 0.42242 9.99648E-05 9.99648E-05 0.249515 9.99648E-05 0.0587591 0.033334 0.0511529
0.151922 9.99473E-05 0.532281 9.99473E-05 9.99473E-05 0.279496 0.0357005 9.99473E-05 9.99473E-05 9.99473E-05
9.99209E-05 9.99209E-05 0.999101 9.99209E-05 9.99209E-05 9.99209E-05 9.99209E-05 9.99209E-05 9.99209E-05 9.99209E-05
9.99648E-05 9.99648E-05 0.385828 0.0893235 9.99648E-05 0.275059 0.10373 9.99648E-05 0.0092332 0.136427
9.99473E-05 9.99473E-05 0.551589 9.99473E-05 9.99473E-05 0.194831 9.99473E-05 0.112747 9.99473E-05 0.140234
0.216501 9.9956E-05 0.424216 9.9956E-05 0.0734644 0.203928 9.9956E-05 0.0813915 9.9956E-05 9.9956E-05
0.0756022 9.9956E-05 0.528822 9.9956E-05 0.0101596 0.363394 9.9956E-05 9.9956E-05 0.0215225 9.9956E-05
0.0971118 9.99649E-05 0.567991 0.0593697 0.0256155 0.157568 9.99649E-05 0.0919443 9.99649E-05 9.99649E-05
0.258113 9.99472E-05 0.412878 9.99472E-05 9.99472E-05 0.21091 0.117499 9.99472E-05 9.99472E-05 9.99472E-05
0.55233 9.99473E-05 0.263808 0.0498887 9.99473E-05 0.133373 9.99473E-05 9.99473E-05 9.99473E-05 9.99473E-05
0.330562 9.99736E-05 0.182045 0.0299131 9.99736E-05 0.380862 9.99736E-05 0.0054364 0.0511077 0.0197744
0.192734 9.99648E-05 0.60014 9.99648E-05 0.0119912 0.152946 9.99648E-05 9.99648E-05 0.0375225 0.00426689
9.99298E-05 9.99298E-05 0.979993 9.99298E-05 9.99298E-05 0.0192075 9.99298E-05 9.99298E-05 9.99298E-05 9.99298E-05
0.185978 9.9956E-05 0.659816 9.9956E-05 0.0385174 0.0589702 9.9956E-05 9.9956E-05 9.9956E-05 0.0562191
0.00763144 9.99473E-05 0.972884 9.99473E-05 9.99473E-05 9.99473E-05 0.0129204 9.99473E-05 0.00596449 9.99473E-05
0.182588 9.99648E-05 0.25187 0.150505 9.99648E-05 0.245627 9.99648E-05 0.129363 0.0396468 9.99648E-05
9.99298E-05 9.99298E-05 0.89947 0.0997311 9.99298E-05 9.99298E-05 9.99298E-05 9.99298E-05 9.99298E-05 9.99298E-05
9.99385E-05 9.99385E-05 0.518477 9.99385E-05 9.99385E-05 0.407209 9.99385E-05 9.99385E-05 9.99385E-05 0.0736141
9.9956E-05 9.9956E-05 0.25621 0.224854 9.9956E-05 0.281911 9.9956E-05 0.15424 9.9956E-05 0.0822855
0.178589 9.99472E-05 0.45226 0.253027 9.99472E-05 0.115524 9.99472E-05 9.99472E-05 9.99472E-05 9.99472E-05
0.126384 9.9956E-05 0.619222 9.9956E-05 0.0801951 0.0139821 9.9956E-05 0.159717 9.9956E-05 9.9956E-05
0.309629 9.99385E-05 0.558304 9.99385E-05 9.99385E-05 0.131368 9.99385E-05 9.99385E-05 9.99385E-05 9.99385E-05
9.99387E-05 9.99387E-05 0.703718 0.177172 9.99387E-05 0.11841 9.99387E-05 9.99387E-05 9.99387E-05 9.99387E-05
0.180078 9.99473E-05 0.75099 9.99473E-05 9.99473E-05 0.0233993 9.99473E-05 9.99473E-05 9.99473E-05 0.0449332
0.256501 9.99386E-05 0.499898 9.99386E-05 9.99386E-05 0.242901 9.99386E-05 9.99386E-05 9.99386E-05 9.99386E-05
0.228513 9.99473E-05 0.46074 0.107976 9.99473E-05 0.202171 9.99473E-05 9.99473E-05 9.99473E-05 9.99473E-05
0.0082595 9.99385E-05 0.977671 9.99385E-05 9.99385E-05 0.0133695 9.99385E-05 9.99385E-05 9.99385E-05 9.99385E-05
0.113142 9.99299E-05 0.886059 9.99299E-05 9.99299E-05 9.99299E-05 9.99299E-05 9.99299E-05 9.99299E-05 9.99299E-05
9.99387E-05 0.0511744 0.810989 9.99387E-05 9.99387E-05 0.137137 9.99387E-05 9.99387E-05 9.99387E-05 9.99387E-05
0.115652 9.99736E-05 0.595119 0.0146358 0.0429216 0.107201 0.0365049 9.99736E-05 9.99736E-05 0.0876654
0.234877 9.9956E-05 0.493717 9.9956E-05 0.13951 0.107262 9.9956E-05 9.9956E-05 9.9956E-05 0.0241347
0.294325 9.99385E-05 0.676653 9.99385E-05 9.99385E-05 9.99385E-05 9.99385E-05 0.0283228 9.99385E-05 9.99385E-05
0.0821487 9.99387E-05 0.86664 9.99387E-05 9.99387E-05 0.0505119 9.99387E-05 9.99387E-05 9.99387E-05 9.99387E-05
0.264006 9.99649E-05 0.428382 0.0245286 0.00164063 0.249151 9.99649E-05 9.99649E-05 9.99649E-05 0.0318915
0.0811013 9.99472E-05 0.468701 9.99472E-05 9.99472E-05 0.371046 9.99472E-05 9.99472E-05 9.99472E-05 0.0785518
9.99561E-05 9.99561E-05 0.678369 0.193045 0.0367326 0.0523109 9.99561E-05 9.99561E-05 9.99561E-05 0.0390428
0.0556811 9.99561E-05 0.375679 0.30209 0.00306984 0.262981 9.99561E-05 9.99561E-05 9.99561E-05 9.99561E-05
9.99474E-05 0.0647941 0.767703 0.0723782 9.99474E-05 0.0945252 9.99474E-05 9.99474E-05 9.99474E-05 9.99474E-05
0.312434 9.99385E-05 0.38661 9.99385E-05 9.99385E-05 0.300257 9.99385E-05 9.99385E-05 9.99385E-05 9.99385E-05
9.99737E-05 9.99737E-05 0.530568 0.253346 0.0300083 0.0149738 9.99737E-05 0.0447468 0.122586 0.00347086
9.99385E-05 9.99385E-05 0.822176 0.0923088 9.99385E-05 0.0848154 9.99385E-05 9.99385E-05 9.99385E-05 9.99385E-05
0.146206 9.99473E-05 0.5104 0.231883 9.99473E-05 0.110911 9.99473E-05 9.99473E-05 9.99473E-05 9.99473E-05
9.99386E-05 0.0155204 0.806214 0.177566 9.99386E-05 9.99386E-05 9.99386E-05 9.99386E-05 9.99386E-05 9.99386E-05
9.9956E-05 9.9956E-05 0.647664 9.9956E-05 9.9956E-05 0.283492 9.9956E-05 0.0385042 0.0107495 0.0190904
9.99299E-05 9.99299E-05 0.801699 0.197502 9.99299E-05 9.99299E-05 9.99299E-05 9.99299E-05 9.99299E-05 9.99299E-05
0.381467 9.99561E-05 0.451776 0.0026682 9.99561E-05 0.0679868 9.99561E-05 9.99561E-05 9.99561E-05 0.0956022
0.213682 9.9956E-05 0.556911 9.9956E-05 9.9956E-05 9.9956E-05 0.133804 0.013375 9.9956E-05 0.0817283
0.186099 9.99736E-05 0.491341 9.99736E-05 0.0693505 0.0253614 9.99736E-05 0.124366 0.061244 0.0419383
9.99299E-05 9.99299E-05 0.920196 0.0790048 9.99299E-05 9.99299E-05 9.99299E-05 9.99299E-05 9.99299E-05 9.99299E-05
0.263702 9.99649E-05 0.601003 0.0082339 9.99649E-05 0.0222173 9.99649E-05 0.0620224 0.0424214 9.99649E-05
0.119125 9.99473E-05 0.41116 0.241196 0.227919 9.99473E-05 9.99473E-05 9.99473E-05 9.99473E-05 9.99473E-05
0.0424287 9.99561E-05 0.696789 0.216237 9.99561E-05 0.0237471 9.99561E-05 9.99561E-05 9.99561E-05 0.0202984
0.050707 9.99648E-05 0.537833 9.99648E-05 0.00614116 0.232259 9.99648E-05 9.99648E-05 0.156933 0.0157264
0.388359 9.99473E-05 0.346767 9.99473E-05 9.99473E-05 0.228864 9.99473E-05 9.99473E-05 9.99473E-05 0.03541
0.102133 9.99561E-05 0.470312 9.99561E-05 9.99561E-05 0.3355 0.0803819 9.99561E-05 9.99561E-05 0.0111743
0.210488 9.99648E-05 0.422189 9.99648E-05 0.0648721 0.27841 9.99648E-05 0.0144307 9.99648E-05 0.00921025
0.0976901 9.99649E-05 0.363612 0.183446 0.20428 0.145826 0.00474655 9.99649E-05 9.99649E-05 9.99649E-05
0.0418089 9.9956E-05 0.282597 0.227126 9.9956E-05 0.351651 9.9956E-05 9.9956E-05 0.0963173 9.9956E-05
0.393882 9.99474E-05 0.359137 0.0523308 9.99474E-05 0.194051 9.99474E-05 9.99474E-05 9.99474E-05 9.99474E-05
0.028209 9.99648E-05 0.421649 0.258719 0.13319 0.0291972 9.99648E-05 9.99648E-05 9.99648E-05 0.128636
0.207975 9.99385E-05 0.620735 0.170591 9.99385E-05 9.99385E-05 9.99385E-05 9.99385E-05 9.99385E-05 9.99385E-05
9.99298E-05 9.99298E-05 0.791023 0.208177 9.99298E-05 9.99298E-05 9.99298E-05 9.99298E-05 9.99298E-05 9.99298E-05
0.40487 9.9956E-05 0.427663 9.9956E-05 0.0237683 9.9956E-05 0.0588485 0.08435 9.9956E-05 9.9956E-05
0.067994 9.99472E-05 0.383858 9.99472E-05 9.99472E-05 0.340375 9.99472E-05 9.99472E-05 9.99472E-05 0.207173
0.000709309 9.99561E-05 0.499582 9.99561E-05 9.99561E-05 0.414954 9.99561E-05 9.99561E-05 0.0600054 0.0242497
0.145171 9.99561E-05 0.255528 0.0456631 0.0435929 0.509545 9.99561E-05 9.99561E-05 9.99561E-05 9.99561E-05
0.193841 9.99736E-05 0.287744 9.99736E-05 0.148829 9.99736E-05 0.171967 0.030529 0.0933154 0.0734744
0.0226158 9.99473E-05 0.513544 9.99473E-05 9.99473E-05 0.351038 0.112203 9.99473E-05 9.99473E-05 9.99473E-05
0.131553 9.997E-05 0.319961 0.129524 0.19727 0.140277 9.997E-05 9.997E-05 0.0134949 0.0676203
0.0800938 0.0385813 0.744152 0.136574 9.99474E-05 9.99474E-05 9.99474E-05 9.99474E-05 9.99474E-05 9.99474E-05
0.0841859 0.0404704 0.663996 0.182069 9.99649E-05 9.99649E-05 9.99649E-05 9.99649E-05 0.00624752 0.0226305
0.169304 9.99561E-05 0.472013 0.122532 9.99561E-05 0.230009 9.99561E-05 9.99561E-05 9.99561E-05 0.00564194
9.99472E-05 9.99472E-05 0.320144 0.205892 9.99472E-05 0.274979 9.99472E-05 9.99472E-05 0.198385 9.99472E-05
9.99299E-05 9.99299E-05 0.870641 0.12856 9.99299E-05 9.99299E-05 9.99299E-05 9.99299E-05 9.99299E-05 9.99299E-05
9.99299E-05 9.99299E-05 0.915853 0.0833474 9.99299E-05 9.99299E-05 9.99299E-05 9.99299E-05 9.99299E-05 9.99299E-05
0.115102 9.99648E-05 0.745654 9.99648E-05 0.0713992 0.0172696 9.99648E-05 9.99648E-05 0.0295216 0.0206531
0.0997532 9.99561E-05 0.713921 9.99561E-05 0.00285974 0.143258 9.99561E-05 9.99561E-05 0.0397087 9.99561E-05
9.99385E-05 9.99385E-05 0.755856 9.99385E-05 9.99385E-05 0.208543 9.99385E-05 9.99385E-05 9.99385E-05 0.0349016
0.156995 9.99384E-05 0.509254 9.99384E-05 9.99384E-05 0.333051 9.99384E-05 9.99384E-05 9.99384E-05 9.99384E-05
0.147769 9.99561E-05 0.498976 9.99561E-05 0.0507087 0.261146 0.0409004 9.99561E-05 9.99561E-05 9.99561E-05
9.99648E-05 9.99648E-05 0.306869 0.0145083 0.160396 0.441679 0.039219 9.99648E-05 9.99648E-05 0.0369288
0.368892 9.99385E-05 0.441194 0.189215 9.99385E-05 9.99385E-05 9.99385E-05 9.99385E-05 9.99385E-05 9.99385E-05
0.184824 9.9956E-05 0.608436 0.0669151 9.9956E-05 0.125766 9.9956E-05 0.0135592 9.9956E-05 9.9956E-05
0.0393989 9.99648E-05 0.462096 0.0434543 9.99648E-05 0.312026 9.99648E-05 9.99648E-05 0.0790175 0.0636076
9.99473E-05 9.99473E-05 0.841427 9.99473E-05 9.99473E-05 0.130166 0.00821216 9.99473E-05 9.99473E-05 0.019595
9.99648E-05 9.99648E-05 0.184591 0.148152 9.99648E-05 0.387174 0.0697175 0.151435 9.99648E-05 0.0585308
0.00523808 9.99561E-05 0.52912 9.99561E-05 9.99561E-05 0.284906 9.99561E-05 9.99561E-05 0.102731 0.0775049
0.255208 9.99472E-05 0.402581 9.99472E-05 9.99472E-05 0.22139 9.99472E-05 9.99472E-05 9.99472E-05 0.120222
0.10151 9.99648E-05 0.35177 0.250933 0.0289228 0.236267 0.0301981 9.99648E-05 9.99648E-05 9.99648E-05
0.188558 9.99649E-05 0.470189 9.99649E-05 9.99649E-05 0.152892 0.00945794 0.125519 9.99649E-05 0.0529832
0.0287068 9.99386E-05 0.664428 0.306166 9.99386E-05 9.99386E-05 9.99386E-05 9.99386E-05 9.99386E-05 9.99386E-05
0.124169 9.995E-05 0.334367 9.995E-05 9.995E-05 0.299516 9.995E-05 9.995E-05 0.0842001 0.157248
9.99386E-05 9.99386E-05 0.765725 0.0892745 9.99386E-05 0.144301 9.99386E-05 9.99386E-05 9.99386E-05 9.99386E-05
0.087317 9.99387E-05 0.765002 0.146982 9.99387E-05 9.99387E-05 9.99387E-05 9.99387E-05 9.99387E-05 9.99387E-05
0.277653 9.99736E-05 0.304604 0.0637808 9.99736E-05 0.109329 0.110435 0.0623289 9.99736E-05 0.0715699
0.117292 9.99648E-05 0.451608 0.138734 0.0863209 0.191334 9.99648E-05 0.0143107 9.99648E-05 9.99648E-05
0.194383 9.99561E-05 9.99561E-05 0.411078 9.99561E-05 0.136895 9.99561E-05 0.185981 9.99561E-05 0.0711637
0.0335613 9.99649E-05 9.99649E-05 0.446063 9.99649E-05 0.248439 0.0783413 0.167425 9.99649E-05 0.02577
0.0936996 9.99561E-05 9.99561E-05 0.35752 0.0679744 0.148973 9.99561E-05 0.331333 9.99561E-05 9.99561E-05
0.00619445 9.9965E-05 0.127703 0.554617 9.9965E-05 0.138256 9.9965E-05 0.0964949 9.9965E-05 0.0763346
0.0787194 9.99912E-05 0.0460168 0.368244 0.0108854 0.183401 0.0353177 0.112178 0.103005 0.0621318
9.99649E-05 0.194873 0.009541 0.453399 9.99649E-05 0.266156 0.0480345 0.027596 9.99649E-05 9.99649E-05
0.156352 9.99561E-05 9.99561E-05 0.15842 9.99561E-05 0.580517 0.0555665 9.99561E-05 9.99561E-05 0.0486447
