0.0708436 0.249166 0.104552 9.99561E-05 0.0890398 9.99561E-05 9.99561E-05 9.99561E-05 0.485899 9.99561E-05
0.174539 0.0266974 9.99561E-05 9.99561E-05 0.0170251 9.99561E-05 0.0176447 9.99561E-05 0.763594 9.99561E-05
9.99473E-05 0.0385032 9.99473E-05 9.99473E-05 9.99473E-05 0.0567863 0.00357346 9.99473E-05 0.900537 9.99473E-05
9.99736E-05 0.10258 9.99736E-05 9.99736E-05 0.0709932 0.407235 0.0608423 0.0104939 0.294085 0.0534711
9.99297E-05 9.99297E-05 9.99297E-05 9.99297E-05 9.99297E-05 0.222231 9.99297E-05 9.99297E-05 0.77697 9.99297E-05
0.147985 0.0115947 0.0441327 9.99737E-05 9.99737E-05 0.253555 9.99737E-05 0.0691852 0.260806 0.212442
0.173111 0.0616857 9.99649E-05 0.0754196 0.1458 0.215623 9.99649E-05 9.99649E-05 0.327961 9.99649E-05
0.0738101 9.99737E-05 0.115661 0.0764342 0.0155233 0.30632 9.99737E-05 9.99737E-05 0.249976 0.161975
9.99649E-05 0.273371 9.99649E-05 9.99649E-05 0.00605754 0.0743702 0.146347 9.99649E-05 0.262449 0.237006
9.99297E-05 0.0792349 9.99297E-05 9.99297E-05 9.99297E-05 9.99297E-05 9.99297E-05 9.99297E-05 0.919966 9.99297E-05
9.99473E-05 0.225488 9.99473E-05 9.99473E-05 0.191195 9.99473E-05 9.99473E-05 9.99473E-05 0.520659 0.0620581
9.99561E-05 0.010466 9.99561E-05 9.99561E-05 0.0260073 0.0811786 9.99561E-05 9.99561E-05 0.849167 0.0326812
9.99298E-05 0.175753 9.99298E-05 9.99298E-05 9.99298E-05 9.99298E-05 9.99298E-05 9.99298E-05 0.823448 9.99298E-05
9.99474E-05 0.0564964 9.99474E-05 9.99474E-05 0.16988 9.99474E-05 9.99474E-05 0.140533 0.63249 9.99474E-05
0.0722969 0.239341 9.99824E-05 0.0137589 9.99824E-05 0.0882556 0.00892193 0.0484035 0.338836 0.189986
9.99736E-05 0.216339 0.0571877 0.0715635 0.0190761 0.161584 9.99736E-05 9.99736E-05 0.267897 0.206052
0.132443 0.0451223 9.99737E-05 0.0137633 0.0621429 9.99737E-05 0.0756923 0.0293864 0.64115 9.99737E-05
9.99649E-05 0.253607 0.196915 9.99649E-05 9.99649E-05 0.079995 0.0975723 9.99649E-05 0.291596 0.0799156
9.99561E-05 0.248287 0.0902637 9.99561E-05 9.99561E-05 0.177303 9.99561E-05 9.99561E-05 0.31207 0.171577
9.99385E-05 9.99385E-05 9.99385E-05 9.99385E-05 9.99385E-05 9.99385E-05 0.0319605 9.99385E-05 0.964302 0.00303812
9.99649E-05 0.0726944 9.99649E-05 9.99649E-05 0.0865674 0.309762 0.0132181 9.99649E-05 0.409946 0.107412
0.0200045 9.99561E-05 9.99561E-05 9.99561E-05 0.0834035 0.334557 9.99561E-05 9.99561E-05 0.349988 0.211547
0.05645 0.16722 9.99561E-05 9.99561E-05 0.0648226 9.99561E-05 9.99561E-05 9.99561E-05 0.677537 0.0334701
9.99473E-05 0.378504 9.99473E-05 0.120889 9.99473E-05 0.0353112 9.99473E-05 9.99473E-05 0.464695 9.99473E-05
9.99737E-05 0.329436 9.99737E-05 9.99737E-05 0.0886181 0.0493249 0.143919 0.00481787 0.281957 0.101627
9.99561E-05 0.127763 9.99561E-05 9.99561E-05 9.99561E-05 0.0510779 9.99561E-05 0.10386 0.706559 0.0102409
9.999E-05 0.319209 0.123704 0.101118 0.00678525 0.0105274 0.0260721 0.23338 0.13614 0.0429633
0.0572356 0.102813 9.99649E-05 9.99649E-05 0.0131706 0.0762416 9.99649E-05 9.99649E-05 0.720967 0.0291724
9.99474E-05 0.28615 9.99474E-05 9.99474E-05 0.00643814 9.99474E-05 0.0306578 9.99474E-05 0.676154 9.99474E-05
0.00498765 0.056703 9.99649E-05 9.99649E-05 0.0105043 9.99649E-05 9.99649E-05 0.0600512 0.826394 0.0409597
9.99649E-05 0.0868418 0.0109258 9.99649E-05 0.13438 9.99649E-05 0.0165416 9.99649E-05 0.698346 0.0525645
9.99649E-05 0.0862984 9.99649E-05 9.99649E-05 0.0681803 0.0679103 9.99649E-05 0.170869 0.544777 0.0615644
9.99473E-05 0.220409 9.99473E-05 0.0782977 0.109783 9.99473E-05 9.99473E-05 9.99473E-05 0.590911 9.99473E-05
9.99737E-05 0.190094 0.0410377 9.99737E-05 0.0253182 0.0633528 0.0433678 0.187149 0.449381 9.99737E-05
0.0850221 0.0295142 9.99649E-05 9.99649E-05 0.0356471 9.99649E-05 0.0572861 9.99649E-05 0.789827 0.00230399
0.0484717 0.0136923 9.99737E-05 9.99737E-05 0.0319414 0.0936723 0.0364342 9.99737E-05 0.736387 0.0391013
0.0538245 9.99473E-05 9.99473E-05 0.0809438 0.0107639 9.99473E-05 9.99473E-05 9.99473E-05 0.853868 9.99473E-05
0.0362183 0.0963808 9.99649E-05 9.99649E-05 0.00170033 9.99649E-05 0.130623 9.99649E-05 0.580409 0.154268
0.113017 0.168529 9.99737E-05 9.99737E-05 0.0260013 0.116403 9.99737E-05 0.0498306 0.502331 0.0235886
9.99473E-05 0.16756 9.99473E-05 0.153352 9.99473E-05 9.99473E-05 9.99473E-05 0.112794 0.565694 9.99473E-05
9.99473E-05 0.130549 9.99473E-05 9.99473E-05 0.0488763 0.0766826 9.99473E-05 9.99473E-05 0.743292 9.99473E-05
0.0397552 0.223916 9.99474E-05 9.99474E-05 9.99474E-05 9.99474E-05 9.99474E-05 9.99474E-05 0.67736 0.0583699
0.0539057 9.99385E-05 9.99385E-05 9.99385E-05 9.99385E-05 0.0658406 9.99385E-05 9.99385E-05 0.879554 9.99385E-05
0.036444 0.287199 0.0064365 9.99649E-05 0.0804521 9.99649E-05 9.99649E-05 9.99649E-05 0.458401 0.130668
9.99386E-05 0.307705 9.99386E-05 9.99386E-05 9.99386E-05 0.395272 9.99386E-05 9.99386E-05 0.296323 9.99386E-05
9.99473E-05 0.0816874 9.99473E-05 9.99473E-05 9.99473E-05 0.0583384 0.0489322 9.99473E-05 0.810442 9.99473E-05
9.99649E-05 0.0720718 0.000483718 9.99649E-05 0.0846579 0.00645569 9.99649E-05 9.99649E-05 0.761415 0.0745159
9.99473E-05 0.00741302 9.99473E-05 0.0108981 0.0120742 9.99473E-05 9.99473E-05 9.99473E-05 0.969015 9.99473E-05
9.99472E-05 0.212758 9.99472E-05 9.99472E-05 0.0248697 0.0899681 9.99472E-05 9.99472E-05 0.671804 9.99472E-05
0.00518038 9.99737E-05 0.0381745 0.114883 0.0310571 9.99737E-05 0.0340092 9.99737E-05 0.752718 0.0236784
9.99736E-05 0.335634 9.99736E-05 0.00507318 0.164141 9.99736E-05 0.0728125 0.081453 0.292305 0.0482819
9.99561E-05 0.0250807 9.99561E-05 9.99561E-05 9.99561E-05 0.222118 0.106502 9.99561E-05 0.612045 0.0337553
9.99473E-05 0.0358508 0.0891275 9.99473E-05 9.99473E-05 9.99473E-05 9.99473E-05 9.99473E-05 0.851101 0.0233212
9.99825E-05 0.100419 0.0107428 0.245659 0.00420669 9.99825E-05 0.017033 0.0116574 0.568106 0.0419757
9.99474E-05 0.125036 9.99474E-05 0.0938093 9.99474E-05 9.99474E-05 0.0419121 9.99474E-05 0.738643 9.99474E-05
9.99561E-05 9.99561E-05 9.99561E-05 9.99561E-05 0.00733817 0.0549809 0.100177 0.107725 0.729279 9.99561E-05
0.0916697 9.99473E-05 0.133064 9.99473E-05 9.99473E-05 0.0535057 9.99473E-05 9.99473E-05 0.72116 9.99473E-05
9.99385E-05 0.0992485 9.99385E-05 9.99385E-05 0.0646022 9.99385E-05 9.99385E-05 9.99385E-05 0.83545 9.99385E-05
9.99649E-05 0.0308154 9.99649E-05 0.0916035 0.0500143 9.99649E-05 0.00307746 9.99649E-05 0.823873 0.000216234
0.276911 0.309342 0.110124 9.99649E-05 0.107352 9.99649E-05 9.99649E-05 9.99649E-05 0.143423 0.0524479
0.392904 0.0282668 9.99649E-05 0.154154 0.00607541 0.0870197 9.99649E-05 9.99649E-05 0.33118 9.99649E-05
0.334917 0.063695 0.164294 0.0873324 0.0467272 9.99649E-05 9.99649E-05 9.99649E-05 0.302634 9.99649E-05
0.482446 0.162066 0.0723157 9.99649E-05 0.0315438 9.99649E-05 9.99649E-05 0.117877 9.99649E-05 0.133352
0.148283 0.262504 0.0567465 0.0344417 0.104081 0.141979 0.0191576 9.99912E-05 0.127609 0.105098
0.245367 0.491438 0.0971581 9.99561E-05 0.076048 9.99561E-05 9.99561E-05 9.99561E-05 9.99561E-05 0.0894892
0.512119 0.293807 0.0453676 9.99473E-05 0.148107 9.99473E-05 9.99473E-05 9.99473E-05 9.99473E-05 9.99473E-05
0.359498 0.26916 0.215413 0.0204961 0.0245558 9.99649E-05 9.99649E-05 9.99649E-05 9.99649E-05 0.110477
0.475657 0.187672 0.105295 0.024908 9.99561E-05 9.99561E-05 9.99561E-05 9.99561E-05 0.205969 9.99561E-05
0.206988 0.147607 0.105703 9.99649E-05 0.10156 0.110314 9.99649E-05 9.99649E-05 0.327429 9.99649E-05
0.0945864 0.495801 0.0649551 9.99561E-05 0.258852 9.99561E-05 9.99561E-05 9.99561E-05 9.99561E-05 0.0853059
0.226376 0.195496 9.99649E-05 0.0882131 0.195615 0.292501 0.00139869 9.99649E-05 9.99649E-05 9.99649E-05
0.20554 0.166985 9.99824E-05 0.021765 0.148598 0.252922 9.99824E-05 0.0214626 0.00986932 0.172658
0.388004 0.327023 9.99561E-05 0.0572406 9.99561E-05 0.21821 9.99561E-05 9.99561E-05 9.99561E-05 0.00902352
0.172034 0.20381 0.0309144 0.109253 0.0716473 9.99737E-05 9.99737E-05 0.098102 0.313939 9.99737E-05
0.274934 0.275947 0.0307089 9.99825E-05 0.11332 0.0126604 9.99825E-05 0.0575869 0.200112 0.0345297
0.325402 0.215212 0.165204 0.130443 9.99561E-05 0.163239 9.99561E-05 9.99561E-05 9.99561E-05 9.99561E-05
0.125322 0.138907 0.0739437 9.99737E-05 0.225776 0.140851 9.99737E-05 9.99737E-05 0.148967 0.145933
0.0929976 0.200736 0.163001 9.99737E-05 0.0929702 0.163923 9.99737E-05 9.99737E-05 0.211379 0.0746934
0.295193 0.441611 9.99473E-05 0.145357 0.11724 9.99473E-05 9.99473E-05 9.99473E-05 9.99473E-05 9.99473E-05
0.347017 0.213526 9.9965E-05 0.126192 0.0245826 0.0482258 9.9965E-05 9.9965E-05 0.240057 9.9965E-05
0.356126 0.290348 0.149459 0.0897263 0.00510726 9.99737E-05 9.99737E-05 9.99737E-05 0.104055 0.0048777
0.318331 0.158095 0.107755 0.00806214 9.99737E-05 9.99737E-05 0.056417 0.152941 0.198098 9.99737E-05
0.0835689 0.173806 0.13859 0.0431759 0.0351756 0.191325 9.99912E-05 0.0793823 0.178883 0.0759932
0.00712352 0.249829 9.99649E-05 9.99649E-05 0.294222 0.0681984 9.99649E-05 9.99649E-05 0.3067 0.0735274
0.371991 0.186521 9.99649E-05 9.99649E-05 0.0544359 9.99649E-05 9.99649E-05 0.00669048 0.360076 0.0198855
0.204163 0.0969951 0.0571707 0.0310232 9.99825E-05 0.110686 9.99825E-05 0.0206439 0.430359 0.0487585
0.357366 0.301746 0.0215061 0.099606 9.9965E-05 0.00976049 9.9965E-05 9.9965E-05 0.209616 9.9965E-05
0.129075 0.249046 0.252368 9.99649E-05 9.99649E-05 0.0109578 9.99649E-05 9.99649E-05 0.279721 0.078432
0.170631 0.190217 9.99737E-05 0.0337126 9.99737E-05 9.99737E-05 0.0313586 0.0906493 0.336143 0.146989
9.99385E-05 0.229433 9.99385E-05 9.99385E-05 9.99385E-05 9.99385E-05 9.99385E-05 0.636037 9.99385E-05 0.13383
9.99386E-05 0.00706539 9.99386E-05 9.99386E-05 9.99386E-05 9.99386E-05 9.99386E-05 0.982467 9.99386E-05 0.00976794
9.99561E-05 0.208224 0.088072 9.99561E-05 0.117577 9.99561E-05 9.99561E-05 0.566069 9.99561E-05 0.0195579
9.9956E-05 0.240776 0.0497933 9.9956E-05 0.0737735 9.9956E-05 9.9956E-05 0.53006 9.9956E-05 0.105098
9.9956E-05 0.102781 9.9956E-05 0.0238481 9.9956E-05 9.9956E-05 0.112347 0.60417 9.9956E-05 0.156354
9.99473E-05 0.231986 9.99473E-05 9.99473E-05 9.99473E-05 9.99473E-05 0.0277207 0.522941 9.99473E-05 0.216753
9.99561E-05 0.185918 0.0385137 9.99561E-05 0.0629837 9.99561E-05 9.99561E-05 0.574881 9.99561E-05 0.137204
9.99561E-05 0.133927 0.00786576 9.99561E-05 9.99561E-05 9.99561E-05 0.0312983 0.4945 9.99561E-05 0.331908
0.241749 0.0874051 9.99648E-05 0.0606785 0.0176101 9.99648E-05 9.99648E-05 0.202794 9.99648E-05 0.389364
9.99473E-05 0.377118 0.0041808 9.99473E-05 9.99473E-05 9.99473E-05 9.99473E-05 0.328827 9.99473E-05 0.289275
0.229472 0.0151194 9.99473E-05 9.99473E-05 9.99473E-05 9.99473E-05 9.99473E-05 0.71733 9.99473E-05 0.0374791
0.0792626 0.15337 9.99561E-05 9.99561E-05 0.0816361 9.99561E-05 0.0107656 0.674466 9.99561E-05 9.99561E-05
9.99385E-05 9.99385E-05 0.00266106 9.99385E-05 9.99385E-05 9.99385E-05 9.99385E-05 0.800117 9.99385E-05 0.196523
9.99386E-05 0.230714 9.99386E-05 9.99386E-05 9.99386E-05 9.99386E-05 9.99386E-05 0.509501 9.99386E-05 0.259086
9.99737E-05 0.010325 0.149944 0.0384085 0.0234956 9.99737E-05 0.0573082 0.621874 9.99737E-05 0.0983445
0.0967441 0.22861 9.99649E-05 0.0770534 0.0503133 9.99649E-05 9.99649E-05 0.523473 9.99649E-05 0.0234062
0.198596 0.184079 9.9956E-05 9.9956E-05 9.9956E-05 9.9956E-05 0.0665028 0.497426 9.9956E-05 0.0528968
9.99561E-05 9.99561E-05 9.99561E-05 0.000849737 0.0365211 0.202518 9.99561E-05 0.557474 9.99561E-05 0.202138
9.99385E-05 9.99385E-05 9.99385E-05 9.99385E-05 0.0606199 9.99385E-05 9.99385E-05 0.859241 9.99385E-05 0.0794393
9.99561E-05 0.217915 9.99561E-05 9.99561E-05 0.0288397 9.99561E-05 0.02049 0.569971 9.99561E-05 0.162284
0.016135 0.110406 9.99561E-05 9.99561E-05 9.99561E-05 0.234879 9.99561E-05 0.551116 9.99561E-05 0.086964
9.9956E-05 0.0605645 0.098485 9.9956E-05 0.0928556 9.9956E-05 9.9956E-05 0.63468 9.9956E-05 0.112915
0.07784 0.281768 9.99648E-05 9.99648E-05 9.99648E-05 0.020103 0.0952819 0.290715 9.99648E-05 0.233892
9.99385E-05 0.0242 9.99385E-05 9.99385E-05 9.99385E-05 9.99385E-05 9.99385E-05 0.72498 9.99385E-05 0.250121
0.00931409 0.230722 9.99736E-05 9.99736E-05 0.00227027 0.0794577 0.13662 0.277998 9.99736E-05 0.263317
0.0874518 0.170998 0.0300445 0.0339975 9.99649E-05 9.99649E-05 9.99649E-05 0.522829 9.99649E-05 0.154279
9.99562E-05 0.0615702 9.99562E-05 0.0180615 9.99562E-05 9.99562E-05 0.0418292 0.838426 0.0396137 9.99562E-05
9.9956E-05 0.203166 9.9956E-05 9.9956E-05 9.9956E-05 0.176486 0.0212526 0.434861 9.9956E-05 0.163734
9.994E-05 0.314707 9.994E-05 9.994E-05 9.994E-05 9.994E-05 0.0522908 0.380429 9.994E-05 0.251973
9.99473E-05 0.207585 9.99473E-05 9.99473E-05 0.0575496 9.99473E-05 0.0432191 0.691047 9.99473E-05 9.99473E-05
9.99473E-05 0.308976 9.99473E-05 0.0853944 9.99473E-05 9.99473E-05 9.99473E-05 0.522008 9.99473E-05 0.0830219
9.99648E-05 0.115222 9.99648E-05 0.0365643 0.0387877 9.99648E-05 0.056494 0.737162 9.99648E-05 0.0153699
9.99561E-05 0.196232 9.99561E-05 9.99561E-05 9.99561E-05 0.0683732 0.176897 0.201387 9.99561E-05 0.356611
9.99649E-05 0.256267 9.99649E-05 0.0016079 0.00782619 9.99649E-05 0.0515238 0.545954 9.99649E-05 0.136421
9.99385E-05 0.138612 9.99385E-05 9.99385E-05 9.99385E-05 9.99385E-05 9.99385E-05 0.802949 9.99385E-05 0.0577388
0.0288629 9.99561E-05 9.99561E-05 0.049886 0.0541446 9.99561E-05 9.99561E-05 0.73448 9.99561E-05 0.132127
9.99473E-05 0.350609 0.127004 9.99473E-05 9.99473E-05 9.99473E-05 9.99473E-05 0.386582 9.99473E-05 0.135205
9.99298E-05 9.99298E-05 9.99298E-05 9.99298E-05 9.99298E-05 9.99298E-05 9.99298E-05 0.91776 9.99298E-05 0.0814401
9.99649E-05 0.115326 0.00371584 9.99649E-05 0.00385221 9.99649E-05 0.0206042 0.840844 9.99649E-05 0.0152581
9.99386E-05 9.99386E-05 9.99386E-05 9.99386E-05 0.00425067 0.0318074 9.99386E-05 0.963242 9.99386E-05 9.99386E-05
0.0614436 9.99386E-05 0.0320996 9.99386E-05 9.99386E-05 9.99386E-05 9.99386E-05 0.905757 9.99386E-05 9.99386E-05
0.110978 0.443914 9.9956E-05 9.9956E-05 0.0439229 9.9956E-05 9.9956E-05 0.264144 9.9956E-05 0.136542
9.99561E-05 0.0469173 9.99561E-05 0.00827734 9.99561E-05 0.0647449 9.99561E-05 0.659375 9.99561E-05 0.220186
9.99562E-05 0.0306002 9.99562E-05 9.99562E-05 9.99562E-05 9.99562E-05 0.00383454 0.850947 0.011181 0.102937
9.99298E-05 0.0759772 9.99298E-05 9.99298E-05 9.99298E-05 9.99298E-05 9.99298E-05 0.923223 9.99298E-05 9.99298E-05
0.19124 0.0725968 0.00781476 9.99736E-05 0.0219009 9.99736E-05 0.159996 0.265875 9.99736E-05 0.280276
9.99649E-05 0.166231 0.0316996 0.0387279 0.115756 9.99649E-05 9.99649E-05 0.498023 9.99649E-05 0.149163
0.102265 0.057079 0.0537952 0.196626 9.99649E-05 9.99649E-05 9.99649E-05 0.420382 9.99649E-05 0.169453
9.995E-05 0.314462 9.995E-05 9.995E-05 0.0444315 9.995E-05 0.0660542 0.265882 9.995E-05 0.308671
9.9921E-05 9.9921E-05 9.9921E-05 9.9921E-05 9.9921E-05 9.9921E-05 9.9921E-05 0.999101 9.9921E-05 9.9921E-05
9.99561E-05 0.332402 9.99561E-05 9.99561E-05 9.99561E-05 0.180785 0.0376319 0.4096 9.99561E-05 0.0390801
0.0536836 9.99386E-05 9.99386E-05 9.99386E-05 9.99386E-05 9.99386E-05 9.99386E-05 0.862175 9.99386E-05 0.0834422
9.99473E-05 0.163959 9.99473E-05 9.99473E-05 0.0293498 9.99473E-05 9.99473E-05 0.709614 9.99473E-05 0.0964777
9.99473E-05 0.0469277 9.99473E-05 0.102875 9.99473E-05 9.99473E-05 9.99473E-05 0.650855 9.99473E-05 0.198742
9.99736E-05 0.110941 0.0595514 0.00839548 0.0769103 9.99736E-05 0.0156463 0.69624 9.99736E-05 0.0320155
0.161659 0.314994 9.99561E-05 9.99561E-05 0.000726231 9.99561E-05 9.99561E-05 0.187847 9.99561E-05 0.334274
9.99473E-05 0.224263 9.99473E-05 9.99473E-05 9.99473E-05 9.99473E-05 0.0190933 0.541148 9.99473E-05 0.214897
9.99648E-05 0.0720603 9.99648E-05 0.0351264 0.0540673 9.99648E-05 0.0219719 0.634299 9.99648E-05 0.182075
9.99385E-05 0.147187 9.99385E-05 9.99385E-05 9.99385E-05 9.99385E-05 0.170577 0.681537 9.99385E-05 9.99385E-05
0.0704484 9.99385E-05 9.99385E-05 9.99385E-05 9.99385E-05 9.99385E-05 9.99385E-05 0.748182 9.99385E-05 0.18067
9.99208E-05 0.999101 9.99208E-05 9.99208E-05 9.99208E-05 9.99208E-05 9.99208E-05 9.99208E-05 9.99208E-05 9.99208E-05
9.99208E-05 9.99208E-05 9.99208E-05 9.99208E-05 9.99208E-05 9.99208E-05 9.99208E-05 9.99208E-05 9.99208E-05 0.999101
9.99207E-05 0.999101 9.99207E-05 9.99207E-05 9.99207E-05 9.99207E-05 9.99207E-05 9.99207E-05 9.99207E-05 9.99207E-05
9.99208E-05 9.99208E-05 9.99208E-05 9.99208E-05 9.99208E-05 9.99208E-05 9.99208E-05 9.99208E-05 9.99208E-05 0.999101
9.99208E-05 9.99208E-05 9.99208E-05 9.99208E-05 9.99208E-05 9.99208E-05 9.99208E-05 9.99208E-05 9.99208E-05 0.999101
9.99208E-05 9.99208E-05 9.99208E-05 9.99208E-05 9.99208E-05 9.99208E-05 9.99208E-05 9.99208E-05 9.99208E-05 0.999101
9.99207E-05 0.999101 9.99207E-05 9.99207E-05 9.99207E-05 9.99207E-05 9.99207E-05 9.99207E-05 9.99207E-05 9.99207E-05
9.99207E-05 9.99207E-05 9.99207E-05 9.99207E-05 9.99207E-05 9.99207E-05 9.99207E-05 9.99207E-05 9.99207E-05 0.999101
9.99207E-05 9.99207E-05 9.99207E-05 9.99207E-05 9.99207E-05 9.99207E-05 9.99207E-05 9.99207E-05 9.99207E-05 0.999101
9.99207E-05 0.999101 9.99207E-05 9.99207E-05 9.99207E-05 9.99207E-05 9.99207E-05 9.99207E-05 9.99207E-05 9.99207E-05
9.99208E-05 0.999101 9.99208E-05 9.99208E-05 9.99208E-05 9.99208E-05 9.99208E-05 9.99208E-05 9.99208E-05 9.99208E-05
9.99207E-05 0.999101 9.99207E-05 9.99207E-05 9.99207E-05 9.99207E-05 9.99207E-05 9.99207E-05 9.99207E-05 9.99207E-05
9.99208E-05 9.99208E-05 9.99208E-05 9.99208E-05 9.99208E-05 9.99208E-05 9.99208E-05 9.99208E-05 9.99208E-05 0.999101
9.99208E-05 9.99208E-05 9.99208E-05 9.99208E-05 9.99208E-05 9.99208E-05 9.99208E-05 9.99208E-05 9.99208E-05 0.999101
9.99208E-05 0.999101 9.99208E-05 9.99208E-05 9.99208E-05 9.99208E-05 9.99208E-05 9.99208E-05 9.99208E-05 9.99208E-05
9.99207E-05 0.999101 9.99207E-05 9.99207E-05 9.99207E-05 9.99207E-05 9.99207E-05 9.99207E-05 9.99207E-05 9.99207E-05
9.99736E-05 0.302925 0.0312231 0.119726 9.99736E-05 0.104927 0.0985209 0.209292 9.99736E-05 0.133086
9.99208E-05 0.999101 9.99208E-05 9.99208E-05 9.99208E-05 9.99208E-05 9.99208E-05 9.99208E-05 9.99208E-05 9.99208E-05
9.99208E-05 9.99208E-05 9.99208E-05 9.99208E-05 9.99208E-05 9.99208E-05 9.99208E-05 9.99208E-05 9.99208E-05 0.999101
9.99207E-05 0.999101 9.99207E-05 9.99207E-05 9.99207E-05 9.99207E-05 9.99207E-05 9.99207E-05 9.99207E-05 9.99207E-05
9.99207E-05 0.999101 9.99207E-05 9.99207E-05 9.99207E-05 9.99207E-05 9.99207E-05 9.99207E-05 9.99207E-05 9.99207E-05
9.99207E-05 0.999101 9.99207E-05 9.99207E-05 9.99207E-05 9.99207E-05 9.99207E-05 9.99207E-05 9.99207E-05 9.99207E-05
9.99208E-05 9.99208E-05 9.99208E-05 9.99208E-05 9.99208E-05 9.99208E-05 9.99208E-05 9.99208E-05 9.99208E-05 0.999101
9.99208E-05 0.999101 9.99208E-05 9.99208E-05 9.99208E-05 9.99208E-05 9.99208E-05 9.99208E-05 9.99208E-05 9.99208E-05
9.99208E-05 9.99208E-05 9.99208E-05 9.99208E-05 9.99208E-05 9.99208E-05 9.99208E-05 9.99208E-05 9.99208E-05 0.999101
9.99208E-05 0.999101 9.99208E-05 9.99208E-05 9.99208E-05 9.99208E-05 9.99208E-05 9.99208E-05 9.99208E-05 9.99208E-05
9.99208E-05 0.999101 9.99208E-05 9.99208E-05 9.99208E-05 9.99208E-05 9.99208E-05 9.99208E-05 9.99208E-05 9.99208E-05
9.99208E-05 9.99208E-05 9.99208E-05 9.99208E-05 9.99208E-05 9.99208E-05 9.99208E-05 9.99208E-05 9.99208E-05 0.999101
9.99208E-05 9.99208E-05 9.99208E-05 9.99208E-05 9.99208E-05 9.99208E-05 9.99208E-05 9.99208E-05 9.99208E-05 0.999101
9.99208E-05 9.99208E-05 9.99208E-05 9.99208E-05 9.99208E-05 9.99208E-05 9.99208E-05 9.99208E-05 9.99208E-05 0.999101
9.99208E-05 0.999101 9.99208E-05 9.99208E-05 9.99208E-05 9.99208E-05 9.99208E-05 9.99208E-05 9.99208E-05 9.99208E-05
9.99208E-05 0.999101 9.99208E-05 9.99208E-05 9.99208E-05 9.99208E-05 9.99208E-05 9.99208E-05 9.99208E-05 9.99208E-05
9.99207E-05 0.999101 9.99207E-05 9.99207E-05 9.99207E-05 9.99207E-05 9.99207E-05 9.99207E-05 9.99207E-05 9.99207E-05
9.99207E-05 0.999101 9.99207E-05 9.99207E-05 9.99207E-05 9.99207E-05 9.99207E-05 9.99207E-05 9.99207E-05 9.99207E-05
9.99207E-05 0.999101 9.99207E-05 9.99207E-05 9.99207E-05 9.99207E-05 9.99207E-05 9.99207E-05 9.99207E-05 9.99207E-05
9.99208E-05 9.99208E-05 9.99208E-05 9.99208E-05 9.99208E-05 9.99208E-05 9.99208E-05 9.99208E-05 9.99208E-05 0.999101
9.99209E-05 9.99209E-05 9.99209E-05 9.99209E-05 9.99209E-05 9.99209E-05 9.99209E-05 9.99209E-05 9.99209E-05 0.999101
9.99208E-05 9.99208E-05 9.99208E-05 9.99208E-05 9.99208E-05 9.99208E-05 9.99208E-05 9.99208E-05 9.99208E-05 0.999101
9.99207E-05 0.999101 9.99207E-05 9.99207E-05 9.99207E-05 9.99207E-05 9.99207E-05 9.99207E-05 9.99207E-05 9.99207E-05
9.99208E-05 9.99208E-05 9.99208E-05 9.99208E-05 9.99208E-05 9.99208E-05 9.99208E-05 9.99208E-05 9.99208E-05 0.999101
9.99208E-05 9.99208E-05 9.99208E-05 9.99208E-05 9.99208E-05 9.99208E-05 9.99208E-05 9.99208E-05 9.99208E-05 0.999101
9.99208E-05 9.99208E-05 9.99208E-05 9.99208E-05 9.99208E-05 9.99208E-05 9.99208E-05 9.99208E-05 9.99208E-05 0.999101
9.99208E-05 9.99208E-05 9.99208E-05 9.99208E-05 9.99208E-05 9.99208E-05 9.99208E-05 9.99208E-05 9.99208E-05 0.999101
9.99207E-05 0.999101 9.99207E-05 9.99207E-05 9.99207E-05 9.99207E-05 9.99207E-05 9.99207E-05 9.99207E-05 9.99207E-05
9.99208E-05 9.99208E-05 9.99208E-05 9.99208E-05 9.99208E-05 9.99208E-05 9.99208E-05 9.99208E-05 9.99208E-05 0.999101
9.99208E-05 9.99208E-05 9.99208E-05 9.99208E-05 9.99208E-05 9.99208E-05 9.99208E-05 9.99208E-05 9.99208E-05 0.999101
9.99736E-05 0.191411 0.00237197 0.129229 9.99736E-05 0.0978953 0.0825 0.350753 9.99736E-05 0.14554
9.99208E-05 0.999101 9.99208E-05 9.99208E-05 9.99208E-05 9.99208E-05 9.99208E-05 9.99208E-05 9.99208E-05 9.99208E-05
9.99208E-05 9.99208E-05 9.99208E-05 9.99208E-05 9.99208E-05 9.99208E-05 9.99208E-05 9.99208E-05 9.99208E-05 0.999101
9.99208E-05 9.99208E-05 9.99208E-05 9.99208E-05 9.99208E-05 9.99208E-05 9.99208E-05 9.99208E-05 9.99208E-05 0.999101
9.99209E-05 9.99209E-05 9.99209E-05 9.99209E-05 9.99209E-05 9.99209E-05 9.99209E-05 9.99209E-05 9.99209E-05 0.999101
9.99208E-05 9.99208E-05 9.99208E-05 9.99208E-05 9.99208E-05 9.99208E-05 9.99208E-05 9.99208E-05 9.99208E-05 0.999101
9.99208E-05 0.999101 9.99208E-05 9.99208E-05 9.99208E-05 9.99208E-05 9.99208E-05 9.99208E-05 9.99208E-05 9.99208E-05
9.99208E-05 9.99208E-05 9.99208E-05 9.99208E-05 9.99208E-05 9.99208E-05 9.99208E-05 9.99208E-05 9.99208E-05 0.999101
9.99208E-05 0.999101 9.99208E-05 9.99208E-05 9.99208E-05 9.99208E-05 9.99208E-05 9.99208E-05 9.99208E-05 9.99208E-05
9.99208E-05 9.99208E-05 9.99208E-05 9.99208E-05 9.99208E-05 9.99208E-05 9.99208E-05 9.99208E-05 9.99208E-05 0.999101
9.99208E-05 0.999101 9.99208E-05 9.99208E-05 9.99208E-05 9.99208E-05 9.99208E-05 9.99208E-05 9.99208E-05 9.99208E-05
9.99208E-05 9.99208E-05 9.99208E-05 9.99208E-05 9.99208E-05 9.99208E-05 9.99208E-05 9.99208E-05 9.99208E-05 0.999101
9.99208E-05 9.99208E-05 9.99208E-05 9.99208E-05 9.99208E-05 9.99208E-05 9.99208E-05 9.99208E-05 9.99208E-05 0.999101
9.99208E-05 9.99208E-05 9.99208E-05 9.99208E-05 9.99208E-05 9.99208E-05 9.99208E-05 9.99208E-05 9.99208E-05 0.999101
9.99208E-05 9.99208E-05 9.99208E-05 9.99208E-05 9.99208E-05 9.99208E-05 9.99208E-05 9.99208E-05 9.99208E-05 0.999101
9.99208E-05 9.99208E-05 9.99208E-05 9.99208E-05 9.99208E-05 9.99208E-05 9.99208E-05 9.99208E-05 9.99208E-05 0.999101
9.99208E-05 9.99208E-05 9.99208E-05 9.99208E-05 9.99208E-05 9.99208E-05 9.99208E-05 9.99208E-05 9.99208E-05 0.999101
9.99207E-05 0.999101 9.99207E-05 9.99207E-05 9.99207E-05 9.99207E-05 9.99207E-05 9.99207E-05 9.99207E-05 9.99207E-05
9.99207E-05 0.999101 9.99207E-05 9.99207E-05 9.99207E-05 9.99207E-05 9.99207E-05 9.99207E-05 9.99207E-05 9.99207E-05
9.99207E-05 0.999101 9.99207E-05 9.99207E-05 9.99207E-05 9.99207E-05 9.99207E-05 9.99207E-05 9.99207E-05 9.99207E-05
9.99208E-05 9.99208E-05 9.99208E-05 9.99208E-05 9.99208E-05 9.99208E-05 9.99208E-05 9.99208E-05 9.99208E-05 0.999101
9.99208E-05 0.999101 9.99208E-05 9.99208E-05 9.99208E-05 9.99208E-05 9.99208E-05 9.99208E-05 9.99208E-05 9.99208E-05
9.99207E-05 0.999101 9.99207E-05 9.99207E-05 9.99207E-05 9.99207E-05 9.99207E-05 9.99207E-05 9.99207E-05 9.99207E-05
9.99208E-05 0.999101 9.99208E-05 9.99208E-05 9.99208E-05 9.99208E-05 9.99208E-05 9.99208E-05 9.99208E-05 9.99208E-05
9.99208E-05 9.99208E-05 9.99208E-05 9.99208E-05 9.99208E-05 9.99208E-05 9.99208E-05 9.99208E-05 9.99208E-05 0.999101
9.99208E-05 9.99208E-05 9.99208E-05 9.99208E-05 9.99208E-05 9.99208E-05 9.99208E-05 9.99208E-05 9.99208E-05 0.999101
9.99207E-05 9.99207E-05 9.99207E-05 9.99207E-05 9.99207E-05 9.99207E-05 9.99207E-05 9.99207E-05 9.99207E-05 0.999101
9.99207E-05 0.999101 9.99207E-05 9.99207E-05 9.99207E-05 9.99207E-05 9.99207E-05 9.99207E-05 9.99207E-05 9.99207E-05
9.99208E-05 9.99208E-05 9.99208E-05 9.99208E-05 9.99208E-05 9.99208E-05 9.99208E-05 9.99208E-05 9.99208E-05 0.999101
9.99208E-05 9.99208E-05 9.99208E-05 9.99208E-05 9.99208E-05 9.99208E-05 9.99208E-05 9.99208E-05 9.99208E-05 0.999101
9.99207E-05 0.999101 9.99207E-05 9.99207E-05 9.99207E-05 9.99207E-05 9.99207E-05 9.99207E-05 9.99207E-05 9.99207E-05
9.99208E-05 9.99208E-05 9.99208E-05 9.99208E-05 9.99208E-05 9.99208E-05 9.99208E-05 9.99208E-05 9.99208E-05 0.999101
9.99208E-05 9.99208E-05 9.99208E-05 9.99208E-05 9.99208E-05 9.99208E-05 9.99208E-05 9.99208E-05 9.99208E-05 0.999101
0.0156311 0.344557 0.0494693 9.99648E-05 0.240678 9.99648E-05 9.99648E-05 0.224768 9.99648E-05 0.124497
9.99208E-05 0.999101 9.99208E-05 9.99208E-05 9.99208E-05 9.99208E-05 9.99208E-05 9.99208E-05 9.99208E-05 9.99208E-05
9.99208E-05 9.99208E-05 9.99208E-05 9.99208E-05 9.99208E-05 9.99208E-05 9.99208E-05 9.99208E-05 9.99208E-05 0.999101
9.99561E-05 0.105052 0.0293935 0.102533 9.99561E-05 9.99561E-05 9.99561E-05 0.307218 9.99561E-05 0.455303
9.99561E-05 0.162658 9.99561E-05 9.99561E-05 9.99561E-05 0.0809907 0.0903381 0.454587 9.99561E-05 0.210926
9.9956E-05 0.383835 9.9956E-05 0.0192514 9.9956E-05 9.9956E-05 0.0520736 0.337159 9.9956E-05 0.207181
9.9956E-05 0.253206 0.0736424 0.0614269 9.9956E-05 9.9956E-05 0.0346111 0.576614 9.9956E-05 9.9956E-05
9.99385E-05 0.41981 9.99385E-05 9.99385E-05 9.99385E-05 9.99385E-05 9.99385E-05 0.264802 9.99385E-05 0.314688
9.99387E-05 9.99387E-05 9.99387E-05 9.99387E-05 9.99387E-05 9.99387E-05 9.99387E-05 0.853521 0.000498118 0.145282
9.99473E-05 0.219435 9.99473E-05 9.99473E-05 9.99473E-05 0.175879 9.99473E-05 0.23937 9.99473E-05 0.364715
9.99737E-05 0.0691052 0.0895005 0.00353283 0.0943057 9.99737E-05 0.0585255 0.496561 9.99737E-05 0.188169
9.99386E-05 0.0693834 9.99386E-05 9.99386E-05 9.99386E-05 9.99386E-05 9.99386E-05 0.722308 9.99386E-05 0.207609
9.99472E-05 0.215953 9.99472E-05 0.0144126 9.99472E-05 0.146762 9.99472E-05 0.622272 9.99472E-05 9.99472E-05
9.99473E-05 0.166712 9.99473E-05 9.99473E-05 0.171814 9.99473E-05 9.99473E-05 0.615675 9.99473E-05 0.045199
9.99385E-05 0.0941885 9.99385E-05 9.99385E-05 9.99385E-05 9.99385E-05 9.99385E-05 0.344543 9.99385E-05 0.560569
9.99561E-05 0.381032 0.0494246 0.105689 9.99561E-05 9.99561E-05 9.99561E-05 0.160625 9.99561E-05 0.302729
9.9956E-05 0.0630016 0.137987 9.9956E-05 9.9956E-05 9.9956E-05 0.00792442 0.725852 9.9956E-05 0.0647348
0.00113497 0.285544 9.9956E-05 9.9956E-05 0.0624585 9.9956E-05 9.9956E-05 0.409207 9.9956E-05 0.241157
0.121152 0.19848 9.996E-05 9.996E-05 0.0664931 0.0114128 9.996E-05 0.281045 9.996E-05 0.321017
9.99561E-05 0.0996553 0.0241627 0.00574816 9.99561E-05 9.99561E-05 9.99561E-05 0.66772 9.99561E-05 0.202214
9.99736E-05 0.446645 0.133242 0.0606754 0.026549 9.99736E-05 0.0613778 0.22659 9.99736E-05 0.0446211
0.257776 9.9956E-05 9.9956E-05 9.9956E-05 0.0317767 9.9956E-05 0.104514 0.489916 9.9956E-05 0.115517
9.99473E-05 0.275584 9.99473E-05 9.99473E-05 9.99473E-05 0.0913557 9.99473E-05 0.455652 9.99473E-05 0.176809
0.00199206 0.120068 9.99648E-05 9.99648E-05 9.99648E-05 0.119062 0.0121955 0.599815 9.99648E-05 0.146469
9.99473E-05 9.99473E-05 9.99473E-05 0.0401659 0.0173918 9.99473E-05 9.99473E-05 0.661661 9.99473E-05 0.280182
9.99736E-05 0.201301 0.0444446 0.0206634 0.0252085 9.99736E-05 0.0546642 0.437349 9.99736E-05 0.216069
9.99648E-05 0.0882264 0.0567089 9.99648E-05 0.0273845 9.99648E-05 0.0310251 0.644632 9.99648E-05 0.151623
9.99472E-05 0.0653795 0.162621 9.99472E-05 9.99472E-05 9.99472E-05 9.99472E-05 0.704784 9.99472E-05 0.0666148
0.0409623 9.99298E-05 9.99298E-05 9.99298E-05 9.99298E-05 9.99298E-05 9.99298E-05 0.958238 9.99298E-05 9.99298E-05
0.0402098 0.254969 0.00213969 0.0838087 0.0215397 0.0681197 9.99824E-05 0.478355 9.99824E-05 0.0506589
9.99473E-05 0.359321 0.0386213 9.99473E-05 9.99473E-05 9.99473E-05 9.99473E-05 0.295772 9.99473E-05 0.305686
9.9956E-05 0.12622 0.123503 0.0272613 9.9956E-05 9.9956E-05 0.0422611 0.680255 9.9956E-05 9.9956E-05
9.9956E-05 9.9956E-05 0.175683 9.9956E-05 9.9956E-05 0.0516912 0.107326 0.48998 9.9956E-05 0.17482
0.0451535 0.238162 9.99648E-05 9.99648E-05 0.0142251 0.0587833 9.99648E-05 0.260315 9.99648E-05 0.382961
0.0218558 0.120835 9.99561E-05 9.99561E-05 0.0525749 9.99561E-05 9.99561E-05 0.523104 9.99561E-05 0.28113
0.131371 0.157836 9.99648E-05 9.99648E-05 9.99648E-05 0.0562873 0.0284268 0.41616 9.99648E-05 0.209518
9.996E-05 0.222261 0.0447133 9.996E-05 0.0273459 0.028368 9.996E-05 0.459884 9.996E-05 0.217028
9.99648E-05 0.256946 0.0307331 9.99648E-05 0.0829 0.0387089 9.99648E-05 0.39237 9.99648E-05 0.197942
9.99561E-05 0.232747 9.99561E-05 9.99561E-05 9.99561E-05 0.0480316 0.00216417 0.598333 9.99561E-05 0.118225
9.9921E-05 9.9921E-05 9.9921E-05 9.9921E-05 9.9921E-05 9.9921E-05 9.9921E-05 0.999101 9.9921E-05 9.9921E-05
0.0931464 0.348084 9.9956E-05 0.112215 0.116511 9.9956E-05 9.9956E-05 0.329544 9.9956E-05 9.9956E-05
9.9956E-05 0.10898 9.9956E-05 0.11768 0.0798004 9.9956E-05 9.9956E-05 0.644345 9.9956E-05 0.0486953
9.99472E-05 0.102905 9.99472E-05 9.99472E-05 9.99472E-05 0.333909 9.99472E-05 0.327137 9.99472E-05 0.235449
9.9956E-05 0.30539 0.0231697 9.9956E-05 9.9956E-05 9.9956E-05 0.0422853 0.523246 9.9956E-05 0.10541
0.0270038 0.124132 9.99736E-05 0.00625375 0.0164564 0.235609 9.99736E-05 0.505635 9.99736E-05 0.0846108
9.99561E-05 0.168356 9.99561E-05 9.99561E-05 9.99561E-05 0.238489 0.0143864 0.335917 9.99561E-05 0.242352
0.0920597 0.0649589 0.041142 9.99649E-05 9.99649E-05 0.00913396 9.99649E-05 0.233667 9.99649E-05 0.558638
0.0867037 0.388918 0.0255697 9.99648E-05 0.00711096 9.99648E-05 9.99648E-05 0.134064 9.99648E-05 0.357234
9.9956E-05 0.0872863 0.00771962 9.9956E-05 9.9956E-05 9.9956E-05 0.0694577 0.649079 9.9956E-05 0.185957
9.9921E-05 9.9921E-05 9.9921E-05 9.9921E-05 9.9921E-05 9.9921E-05 9.9921E-05 0.999101 9.9921E-05 9.9921E-05
9.9956E-05 0.0355453 9.9956E-05 9.9956E-05 0.047784 9.9956E-05 0.0393269 0.63689 9.9956E-05 0.239954
9.99298E-05 9.99298E-05 9.99298E-05 9.99298E-05 9.99298E-05 0.00220335 9.99298E-05 0.996997 9.99298E-05 9.99298E-05
0.244092 0.202407 0.0214256 0.114632 9.99736E-05 0.00398075 9.99736E-05 0.254706 9.99736E-05 0.158456
0.0766504 9.99297E-05 9.99297E-05 9.99297E-05 9.99297E-05 9.99297E-05 9.99297E-05 0.92255 9.99297E-05 9.99297E-05
0.0192864 0.322539 0.0305504 9.99648E-05 0.0231992 9.99648E-05 9.99648E-05 0.599198 9.99648E-05 0.00482717
0.250375 0.266435 9.9956E-05 9.9956E-05 0.0561497 0.139543 9.9956E-05 0.286997 9.9956E-05 9.9956E-05
0.274373 0.0684381 9.99473E-05 9.99473E-05 9.99473E-05 9.99473E-05 9.99473E-05 0.442494 9.99473E-05 0.214095
9.99473E-05 0.0925483 9.99473E-05 9.99473E-05 9.99473E-05 0.342042 9.99473E-05 0.512092 9.99473E-05 0.0527185
9.99385E-05 0.0701524 9.99385E-05 9.99385E-05 9.99385E-05 9.99385E-05 9.99385E-05 0.561176 9.99385E-05 0.367972
0.0923517 0.161882 9.99387E-05 9.99387E-05 9.99387E-05 9.99387E-05 9.99387E-05 0.745067 9.99387E-05 9.99387E-05
9.99297E-05 9.99297E-05 9.99297E-05 9.99297E-05 9.99297E-05 9.99297E-05 9.99297E-05 0.796467 9.99297E-05 0.202734
9.99473E-05 0.270332 9.99473E-05 9.99473E-05 9.99473E-05 9.99473E-05 0.00408553 0.491479 9.99473E-05 0.233504
0.0808602 0.270964 0.00384663 9.99561E-05 9.99561E-05 9.99561E-05 9.99561E-05 0.41035 9.99561E-05 0.233479
9.9921E-05 9.9921E-05 9.9921E-05 9.9921E-05 9.9921E-05 9.9921E-05 9.9921E-05 0.999101 9.9921E-05 9.9921E-05
9.99386E-05 0.0257765 9.99386E-05 9.99386E-05 9.99386E-05 9.99386E-05 9.99386E-05 0.911865 9.99386E-05 0.0616585
9.99649E-05 0.172845 9.99649E-05 9.99649E-05 0.0187485 9.99649E-05 0.0292961 0.740358 0.00672895 0.0316236
9.99561E-05 0.206745 9.99561E-05 9.99561E-05 0.0841769 9.99561E-05 0.0235771 0.541459 9.99561E-05 0.143542
9.9956E-05 0.0966228 9.9956E-05 9.9956E-05 0.00324156 9.9956E-05 0.102814 0.589538 9.9956E-05 0.207284
9.99561E-05 9.99561E-05 9.99561E-05 0.0364945 0.00845994 0.00247199 9.99561E-05 0.631977 9.99561E-05 0.320097
9.99386E-05 0.0622283 9.99386E-05 9.99386E-05 9.99386E-05 9.99386E-05 9.99386E-05 0.846904 9.99386E-05 0.0901681
0.0615718 0.268527 9.99561E-05 9.99561E-05 9.99561E-05 9.99561E-05 0.00562274 0.343214 9.99561E-05 0.320565
9.9956E-05 0.374164 9.9956E-05 9.9956E-05 0.024865 9.9956E-05 0.080186 0.45824 9.9956E-05 0.0620457
0.133293 0.0567744 9.99474E-05 9.99474E-05 9.99474E-05 9.99474E-05 0.0239662 0.785367 9.99474E-05 9.99474E-05
0.216397 0.232877 9.99561E-05 9.99561E-05 9.99561E-05 9.99561E-05 0.0563955 0.463269 9.99561E-05 0.0305617
0.0694145 0.0660707 9.99474E-05 9.99474E-05 9.99474E-05 9.99474E-05 9.99474E-05 0.74422 0.119695 9.99474E-05
9.99385E-05 0.35182 9.99385E-05 9.99385E-05 9.99385E-05 9.99385E-05 9.99385E-05 0.362338 9.99385E-05 0.285142
0.259127 9.99561E-05 0.0562527 0.0917681 9.99561E-05 9.99561E-05 0.0979796 0.494372 9.99561E-05 9.99561E-05
0.067576 0.0849346 9.99386E-05 9.99386E-05 9.99386E-05 9.99386E-05 9.99386E-05 0.84679 9.99386E-05 9.99386E-05
0.212762 0.149345 9.99473E-05 9.99473E-05 9.99473E-05 9.99473E-05 9.99473E-05 0.49255 9.99473E-05 0.144744
0.197163 0.00299089 9.99473E-05 9.99473E-05 9.99473E-05 9.99473E-05 9.99473E-05 0.722292 0.0769542 9.99473E-05
9.99472E-05 0.202317 9.99472E-05 9.99472E-05 0.0120087 0.0372603 9.99472E-05 0.747815 9.99472E-05 9.99472E-05
0.227879 9.99299E-05 9.99299E-05 9.99299E-05 9.99299E-05 9.99299E-05 9.99299E-05 0.771321 9.99299E-05 9.99299E-05
0.0222503 0.0756878 9.9956E-05 9.9956E-05 0.0602397 9.9956E-05 9.9956E-05 0.418114 9.9956E-05 0.423209
9.9956E-05 9.9956E-05 9.9956E-05 9.9956E-05 0.0519654 0.118781 0.0229758 0.555706 9.9956E-05 0.250073
0.0680057 0.0437282 0.0584654 9.99824E-05 0.0393753 0.0992969 0.0141599 0.430571 9.99824E-05 0.246198
0.164873 9.99298E-05 9.99298E-05 9.99298E-05 9.99298E-05 9.99298E-05 9.99298E-05 0.834328 9.99298E-05 9.99298E-05
0.0668656 0.0391572 9.99561E-05 9.99561E-05 0.00570207 9.99561E-05 9.99561E-05 0.607656 9.99561E-05 0.280119
0.14577 9.99473E-05 9.99473E-05 9.99473E-05 9.99473E-05 9.99473E-05 0.272114 0.395143 9.99473E-05 0.186374
0.146582 0.134858 9.99561E-05 9.99561E-05 0.0264518 9.99561E-05 9.99561E-05 0.688457 9.99561E-05 0.00315185
9.99648E-05 0.255755 0.168976 9.99648E-05 0.0225416 9.99648E-05 0.00107266 0.493246 9.99648E-05 0.0580088
9.99561E-05 0.228033 0.0314204 9.99561E-05 0.0112933 9.99561E-05 9.99561E-05 0.297434 9.99561E-05 0.43132
9.996E-05 0.270841 9.996E-05 0.0371696 0.0105011 9.996E-05 0.0506435 0.536205 9.996E-05 0.09424
9.997E-05 0.277189 9.997E-05 0.0268261 0.0103079 0.0365182 0.0218992 0.423157 9.997E-05 0.203802
0.133537 0.145039 0.00459596 9.99824E-05 0.0111244 0.0344836 0.226803 0.394033 9.99824E-05 0.0501847
0.279333 0.313053 0.0953553 9.9956E-05 9.9956E-05 9.9956E-05 9.9956E-05 0.236399 9.9956E-05 0.0753591
0.131354 0.119266 0.0134738 9.99737E-05 9.99737E-05 9.99737E-05 0.0160556 0.306021 0.00832375 0.405206
0.255556 0.0451728 9.997E-05 0.00249638 0.169619 9.997E-05 0.127861 0.360729 9.997E-05 0.0382657
0.210418 9.99385E-05 9.99385E-05 9.99385E-05 9.99385E-05 9.99385E-05 9.99385E-05 0.636129 9.99385E-05 0.152754
0.269218 9.99298E-05 9.99298E-05 9.99298E-05 9.99298E-05 9.99298E-05 9.99298E-05 0.729983 9.99298E-05 9.99298E-05
9.99385E-05 9.99385E-05 9.99385E-05 9.99385E-05 9.99385E-05 0.296636 9.99385E-05 0.370359 9.99385E-05 0.332306
9.9956E-05 0.383966 9.9956E-05 9.9956E-05 0.126471 0.0417846 9.9956E-05 0.337712 9.9956E-05 0.109567
9.99386E-05 0.488234 0.0249676 9.99386E-05 9.99386E-05 9.99386E-05 9.99386E-05 0.486099 9.99386E-05 9.99386E-05
0.02551 0.477102 9.99473E-05 9.99473E-05 9.99473E-05 9.99473E-05 9.99473E-05 0.248427 9.99473E-05 0.248362
9.99736E-05 9.99736E-05 0.116419 0.0197183 0.121856 0.118416 0.00621915 0.341752 9.99736E-05 0.275319
9.99473E-05 0.405963 9.99473E-05 9.99473E-05 9.99473E-05 0.0152599 9.99473E-05 0.471677 9.99473E-05 0.106501
0.14348 0.0818967 0.0734164 9.99737E-05 0.0419869 9.99737E-05 0.247175 0.303444 9.99737E-05 0.1083
0.144473 0.0206585 9.99474E-05 9.99474E-05 9.99474E-05 9.99474E-05 9.99474E-05 0.725782 9.99474E-05 0.108486
0.107689 0.0604794 9.99562E-05 9.99562E-05 9.99562E-05 9.99562E-05 9.99562E-05 0.727255 0.00329368 0.100782
0.0879862 0.14814 9.99473E-05 9.99473E-05 9.99473E-05 9.99473E-05 9.99473E-05 0.528146 9.99473E-05 0.235128
0.142963 0.278819 0.201959 0.0660144 0.0149263 9.99736E-05 0.00167901 0.293339 9.99736E-05 9.99736E-05
0.121815 9.99386E-05 9.99386E-05 9.99386E-05 9.99386E-05 9.99386E-05 9.99386E-05 0.871789 9.99386E-05 0.0056959
0.0696304 9.99299E-05 9.99299E-05 9.99299E-05 9.99299E-05 9.99299E-05 9.99299E-05 0.92957 9.99299E-05 9.99299E-05
9.99561E-05 0.0258533 0.0402597 9.99561E-05 9.99561E-05 9.99561E-05 0.0812041 0.759427 9.99561E-05 0.0927558
9.99473E-05 0.100051 0.0735248 9.99473E-05 9.99473E-05 9.99473E-05 9.99473E-05 0.686501 9.99473E-05 0.139323
9.99385E-05 0.192337 9.99385E-05 9.99385E-05 0.0198537 9.99385E-05 9.99385E-05 0.78711 9.99385E-05 9.99385E-05
9.99385E-05 0.403024 9.99385E-05 9.99385E-05 9.99385E-05 9.99385E-05 9.99385E-05 0.490478 9.99385E-05 0.105799
9.99473E-05 0.315158 9.99473E-05 9.99473E-05 9.99473E-05 0.09135 9.99473E-05 0.46804 9.99473E-05 0.124852
0.0276902 0.419342 9.99648E-05 0.00585856 0.102079 9.99648E-05 0.126587 0.318043 9.99648E-05 9.99648E-05
0.0960236 9.99385E-05 9.99385E-05 9.99385E-05 9.99385E-05 9.99385E-05 9.99385E-05 0.570728 9.99385E-05 0.332549
9.99473E-05 0.123045 9.99473E-05 9.99473E-05 9.99473E-05 0.120957 9.99473E-05 0.550873 9.99473E-05 0.204525
9.99561E-05 0.282449 0.197635 9.99561E-05 0.0956503 9.99561E-05 9.99561E-05 0.386834 9.99561E-05 0.0369326
9.99608E-05 0.0209937 9.99608E-05 9.99608E-05 0.0104806 9.99608E-05 0.052931 0.849296 9.99608E-05 0.0657987
0.175956 0.39895 9.99736E-05 0.107569 0.0335622 0.0669022 0.022363 0.194398 9.99736E-05 9.99736E-05
9.99472E-05 0.328778 0.1336 9.99472E-05 0.0237538 9.99472E-05 9.99472E-05 0.513268 9.99472E-05 9.99472E-05
9.99472E-05 0.203954 9.99472E-05 9.99472E-05 0.111486 9.99472E-05 9.99472E-05 0.433462 9.99472E-05 0.250498
0.312968 0.217912 9.99648E-05 9.99648E-05 9.99648E-05 0.0336139 0.037273 0.330405 9.99648E-05 0.0674278
0.0137613 0.0843856 9.99736E-05 9.99736E-05 0.0146452 0.247265 0.0156422 0.412769 9.99736E-05 0.211232
0.298151 9.99386E-05 9.99386E-05 9.99386E-05 9.99386E-05 9.99386E-05 9.99386E-05 0.606984 9.99386E-05 0.0941659
9.99561E-05 0.271639 0.028857 9.99561E-05 0.111668 9.99561E-05 9.99561E-05 0.354183 9.99561E-05 0.233153
0.00322798 0.106241 9.99386E-05 9.99386E-05 9.99386E-05 9.99386E-05 9.99386E-05 0.889831 9.99386E-05 9.99386E-05
0.226669 9.99387E-05 9.99387E-05 9.99387E-05 9.99387E-05 9.99387E-05 9.99387E-05 0.69297 9.99387E-05 0.0796614
9.99736E-05 0.0846293 9.99736E-05 0.10235 0.0870424 0.0286669 0.0715466 0.396296 9.99736E-05 0.229169
0.118383 0.195502 9.997E-05 9.997E-05 0.0119145 0.0286266 0.0454326 0.431036 9.997E-05 0.168805
0.309521 0.158249 9.99561E-05 9.99561E-05 0.0695517 0.29055 9.99561E-05 9.99561E-05 9.99561E-05 0.171628
0.493238 0.179978 9.99561E-05 9.99561E-05 0.0345888 0.263277 9.99561E-05 9.99561E-05 9.99561E-05 0.0284188
0.422946 0.141653 9.99561E-05 9.99561E-05 0.040527 0.25929 9.99561E-05 9.99561E-05 9.99561E-05 0.135084
0.588186 0.116115 9.99562E-05 0.10975 0.0609032 9.99562E-05 9.99562E-05 0.124546 9.99562E-05 9.99562E-05
0.387622 0.130032 0.0862556 0.160016 0.067566 9.997E-05 0.0491844 9.997E-05 9.997E-05 0.119024
0.435651 0.20362 9.99562E-05 9.99562E-05 9.99562E-05 0.119027 9.99562E-05 0.0586619 0.182541 9.99562E-05
0.163761 0.521828 9.99474E-05 9.99474E-05 0.0965458 9.99474E-05 9.99474E-05 9.99474E-05 9.99474E-05 0.217266
