9.99034E-05 9.99034E-05 0.0138595 9.99034E-05 9.99034E-05 9.99034E-05 0.07066 0.0148497 0.407113 9.99034E-05 0.167265 0.00435467 0.219364 0.101435 9.99034E-05 9.99034E-05 9.99034E-05 9.99034E-05 9.99034E-05
9.98685E-05 9.98685E-05 9.98685E-05 9.98685E-05 9.98685E-05 9.98685E-05 9.98685E-05 9.98685E-05 0.110033 0.690933 0.0472207 9.98685E-05 9.98685E-05 0.150315 9.98685E-05 9.98685E-05 9.98685E-05 9.98685E-05 9.98685E-05
9.98597E-05 9.98597E-05 0.00350714 9.98597E-05 9.98597E-05 9.98597E-05 9.98597E-05 9.98597E-05 9.98597E-05 0.993001 9.98597E-05 9.98597E-05 9.98597E-05 9.98597E-05 9.98597E-05 9.98597E-05 9.98597E-05 9.98597E-05 0.00189427
9.99034E-05 9.99034E-05 9.99034E-05 9.99034E-05 0.0328089 0.0308133 0.057536 0.0031433 0.311777 9.99034E-05 9.99034E-05 0.0287547 0.155699 9.99034E-05 9.99034E-05 9.99034E-05 0.378369 9.99034E-05 9.99034E-05
9.98597E-05 9.98597E-05 9.98597E-05 9.98597E-05 9.98597E-05 9.98597E-05 9.98597E-05 9.98597E-05 0.931498 9.98597E-05 9.98597E-05 9.98597E-05 9.98597E-05 0.000875948 9.98597E-05 9.98597E-05 9.98597E-05 9.98597E-05 0.0660286
9.98947E-05 9.98947E-05 9.98947E-05 9.98947E-05 0.115542 0.145108 9.98947E-05 9.98947E-05 0.146801 0.109509 0.325269 9.98947E-05 9.98947E-05 9.98947E-05 9.98947E-05 9.98947E-05 0.0942326 9.98947E-05 0.0623392
9.99123E-05 9.99123E-05 0.0575903 9.99123E-05 9.99123E-05 9.99123E-05 0.125741 0.0198684 0.238338 0.00545397 0.209406 9.99123E-05 0.114632 0.0850485 9.99123E-05 9.99123E-05 0.142923 9.99123E-05 9.99123E-05
9.98948E-05 9.98948E-05 9.98948E-05 0.10255 0.156063 9.98948E-05 9.98948E-05 9.98948E-05 0.211432 9.98948E-05 0.14793 9.98948E-05 0.158493 9.98948E-05 9.98948E-05 9.98948E-05 0.0752483 9.98948E-05 0.147085
9.99035E-05 9.99035E-05 0.218715 9.99035E-05 0.19093 9.99035E-05 9.99035E-05 0.247247 0.197281 0.0571538 9.99035E-05 9.99035E-05 9.99035E-05 0.00948664 9.99035E-05 9.99035E-05 9.99035E-05 0.0579327 0.0201549
9.98508E-05 9.98508E-05 9.98508E-05 9.98508E-05 9.98508E-05 9.98508E-05 9.98508E-05 0.0455484 0.952754 9.98508E-05 9.98508E-05 9.98508E-05 9.98508E-05 9.98508E-05 9.98508E-05 9.98508E-05 9.98508E-05 9.98508E-05 9.98508E-05
9.99035E-05 9.99035E-05 9.99035E-05 9.99035E-05 0.0368554 0.0344597 0.0970948 0.139278 0.612926 9.99035E-05 0.0480519 0.0186544 0.0115812 9.99035E-05 9.99035E-05 9.99035E-05 9.99035E-05 9.99035E-05 9.99035E-05
9.9842E-05 9.9842E-05 9.9842E-05 9.9842E-05 9.9842E-05 9.9842E-05 9.9842E-05 9.9842E-05 9.9842E-05 0.998203 9.9842E-05 9.9842E-05 9.9842E-05 9.9842E-05 9.9842E-05 9.9842E-05 9.9842E-05 9.9842E-05 9.9842E-05
9.98596E-05 9.98596E-05 9.98596E-05 9.98596E-05 9.98596E-05 9.98596E-05 9.98596E-05 0.0795131 0.811291 9.98596E-05 9.98596E-05 9.98596E-05 0.107598 9.98596E-05 9.98596E-05 9.98596E-05 9.98596E-05 9.98596E-05 9.98596E-05
9.99035E-05 9.99035E-05 9.99035E-05 9.99035E-05 9.99035E-05 0.0629752 0.0684094 0.0529557 0.313266 0.325918 9.99035E-05 9.99035E-05 0.018658 9.99035E-05 0.0798876 9.99035E-05 9.99035E-05 0.0768318 9.99035E-05
9.98947E-05 0.029058 9.98947E-05 9.98947E-05 0.133077 0.0717878 9.98947E-05 0.127531 0.299406 9.98947E-05 0.282157 9.98947E-05 9.98947E-05 9.98947E-05 9.98947E-05 9.98947E-05 9.98947E-05 0.0557845 9.98947E-05
9.99209E-05 0.0227581 9.99209E-05 0.0668685 0.153718 0.0559584 0.017982 0.0937462 0.175626 9.99209E-05 0.169809 9.99209E-05 0.129735 9.99209E-05 9.99209E-05 9.99209E-05 0.112899 9.99209E-05 9.99209E-05
9.99211E-05 0.0222221 9.99211E-05 0.000682532 9.99211E-05 9.99211E-05 0.040887 0.0890028 0.39144 0.186332 9.99211E-05 9.99211E-05 0.0460279 0.0841495 0.108921 9.99211E-05 0.0294363 9.99211E-05 9.99211E-05
9.98948E-05 9.98948E-05 9.98948E-05 9.98948E-05 0.0473865 9.98948E-05 9.98948E-05 0.0806903 0.203755 9.98948E-05 0.259722 0.119799 0.144497 9.98948E-05 9.98948E-05 0.142952 9.98948E-05 9.98948E-05 9.98948E-05
9.99034E-05 0.103011 9.99034E-05 9.99034E-05 0.0965423 9.99034E-05 9.99034E-05 0.15486 0.329146 0.0733308 9.99034E-05 9.99034E-05 0.143149 9.99034E-05 9.99034E-05 0.0786911 0.0201708 9.99034E-05 9.99034E-05
9.98508E-05 9.98508E-05 9.98508E-05 9.98508E-05 9.98508E-05 9.98508E-05 9.98508E-05 9.98508E-05 0.951289 9.98508E-05 9.98508E-05 0.0470138 9.98508E-05 9.98508E-05 9.98508E-05 9.98508E-05 9.98508E-05 9.98508E-05 9.98508E-05
9.99123E-05 9.99123E-05 0.0173049 9.99123E-05 0.102489 9.99123E-05 0.0737528 0.045511 0.3831 0.157526 9.99123E-05 9.99123E-05 9.99123E-05 9.99123E-05 9.99123E-05 9.99123E-05 0.111864 0.0698718 0.0375811
0.135645 0.039511 9.98947E-05 9.98947E-05 0.122976 9.98947E-05 9.98947E-05 9.98947E-05 0.28342 9.98947E-05 9.98947E-05 9.98947E-05 0.261224 9.98947E-05 9.98947E-05 0.0333928 9.98947E-05 9.98947E-05 0.122632
0.05599 9.9886E-05 9.9886E-05 9.9886E-05 9.9886E-05 0.0401894 0.0210595 0.0643211 9.9886E-05 0.764535 0.0526061 9.9886E-05 9.9886E-05 9.9886E-05 9.9886E-05 9.9886E-05 9.9886E-05 9.9886E-05 9.9886E-05
9.98771E-05 9.98771E-05 0.0375036 9.98771E-05 9.98771E-05 9.98771E-05 9.98771E-05 0.256396 0.425409 9.98771E-05 0.0156632 9.98771E-05 0.263631 9.98771E-05 9.98771E-05 9.98771E-05 9.98771E-05 9.98771E-05 9.98771E-05
9.99122E-05 0.102888 0.0225774 9.99122E-05 0.0488374 0.0762253 9.99122E-05 0.263983 0.284191 9.99122E-05 9.99122E-05 0.0874059 0.057974 9.99122E-05 9.99122E-05 9.99122E-05 9.99122E-05 0.0549185 9.99122E-05
9.98771E-05 9.98771E-05 9.98771E-05 9.98771E-05 0.00541028 0.0461389 9.98771E-05 0.0789375 0.851048 9.98771E-05 9.98771E-05 9.98771E-05 0.0170672 9.98771E-05 9.98771E-05 9.98771E-05 9.98771E-05 9.98771E-05 9.98771E-05
0.289785 9.98946E-05 9.98946E-05 0.0322401 9.98946E-05 0.277741 9.98946E-05 0.0139684 0.0161469 9.98946E-05 9.98946E-05 9.98946E-05 0.236407 9.98946E-05 9.98946E-05 0.132512 9.98946E-05 9.98946E-05 9.98946E-05
9.9886E-05 9.9886E-05 9.9886E-05 9.9886E-05 9.9886E-05 9.9886E-05 9.9886E-05 0.07763 0.50903 0.306504 9.9886E-05 9.9886E-05 0.0382717 9.9886E-05 9.9886E-05 9.9886E-05 0.0165205 0.0507443 9.9886E-05
0.0205726 9.9886E-05 0.0711898 9.9886E-05 9.9886E-05 9.9886E-05 9.9886E-05 0.172776 9.9886E-05 0.671675 9.9886E-05 0.00423177 0.058257 9.9886E-05 9.9886E-05 9.9886E-05 9.9886E-05 9.9886E-05 9.9886E-05
9.98596E-05 9.98596E-05 9.98596E-05 9.98596E-05 0.0448478 9.98596E-05 9.98596E-05 0.0253887 9.98596E-05 0.928166 9.98596E-05 9.98596E-05 9.98596E-05 9.98596E-05 9.98596E-05 9.98596E-05 9.98596E-05 9.98596E-05 9.98596E-05
0.0886955 9.98947E-05 9.98947E-05 9.98947E-05 9.98947E-05 9.98947E-05 0.0839594 9.98947E-05 0.429271 0.150671 0.152494 0.019094 9.98947E-05 9.98947E-05 9.98947E-05 9.98947E-05 0.0746162 9.98947E-05 9.98947E-05
9.99035E-05 0.00933211 9.99035E-05 9.99035E-05 9.99035E-05 0.200522 0.0435441 0.0290011 0.623411 9.99035E-05 0.064225 9.99035E-05 0.0131104 9.99035E-05 9.99035E-05 9.99035E-05 0.0157554 9.99035E-05 9.99035E-05
9.99034E-05 9.99034E-05 9.99034E-05 0.0271896 9.99034E-05 0.0196081 0.100687 0.139582 0.473224 0.0390955 0.103095 9.99034E-05 0.096421 9.99034E-05 9.99034E-05 9.99034E-05 9.99034E-05 9.99034E-05 9.99034E-05
9.98946E-05 9.98946E-05 9.98946E-05 9.98946E-05 9.98946E-05 0.119536 9.98946E-05 0.0699575 9.98946E-05 0.676793 9.98946E-05 9.98946E-05 0.0828034 9.98946E-05 9.98946E-05 0.00639722 0.0206193 0.0226953 9.98946E-05
9.98685E-05 9.98685E-05 9.98685E-05 9.98685E-05 0.0309882 9.98685E-05 9.98685E-05 9.98685E-05 9.98685E-05 0.912977 9.98685E-05 0.0230516 0.0314852 9.98685E-05 9.98685E-05 9.98685E-05 9.98685E-05 9.98685E-05 9.98685E-05
9.98859E-05 9.98859E-05 0.00503698 9.98859E-05 0.0417249 9.98859E-05 9.98859E-05 0.0583872 0.724417 9.98859E-05 9.98859E-05 9.98859E-05 0.0601794 9.98859E-05 9.98859E-05 9.98859E-05 0.108956 9.98859E-05 9.98859E-05
9.98598E-05 9.98598E-05 9.98598E-05 9.98598E-05 9.98598E-05 9.98598E-05 9.98598E-05 9.98598E-05 0.554778 0.393892 9.98598E-05 9.98598E-05 9.98598E-05 9.98598E-05 9.98598E-05 9.98598E-05 0.0497321 9.98598E-05 9.98598E-05
9.98772E-05 9.98772E-05 9.98772E-05 9.98772E-05 0.154287 9.98772E-05 9.98772E-05 0.00648054 9.98772E-05 0.710023 9.98772E-05 0.0559587 9.98772E-05 0.0718524 9.98772E-05 9.98772E-05 9.98772E-05 9.98772E-05 9.98772E-05
9.9886E-05 9.9886E-05 9.9886E-05 9.9886E-05 0.00644661 9.9886E-05 0.0396864 0.0976117 9.9886E-05 0.781847 9.9886E-05 9.9886E-05 0.0115348 0.0615749 9.9886E-05 9.9886E-05 9.9886E-05 9.9886E-05 9.9886E-05
9.98684E-05 9.98684E-05 9.98684E-05 0.122284 9.98684E-05 0.147678 9.98684E-05 0.0967675 9.98684E-05 0.631772 9.98684E-05 9.98684E-05 9.98684E-05 9.98684E-05 9.98684E-05 9.98684E-05 9.98684E-05 9.98684E-05 9.98684E-05
0.0187462 9.98772E-05 0.000518871 9.98772E-05 9.98772E-05 9.98772E-05 0.063262 0.062409 0.853666 9.98772E-05 9.98772E-05 9.98772E-05 9.98772E-05 9.98772E-05 9.98772E-05 9.98772E-05 9.98772E-05 9.98772E-05 9.98772E-05
0.215111 9.98685E-05 9.98685E-05 9.98685E-05 9.98685E-05 9.98685E-05 9.98685E-05 9.98685E-05 0.114627 0.579987 9.98685E-05 9.98685E-05 0.0887766 9.98685E-05 9.98685E-05 9.98685E-05 9.98685E-05 9.98685E-05 9.98685E-05
0.0189262 9.98684E-05 9.98684E-05 9.98684E-05 9.98684E-05 9.98684E-05 9.98684E-05 9.98684E-05 0.848548 9.98684E-05 9.98684E-05 9.98684E-05 9.98684E-05 0.0996129 0.0314145 9.98684E-05 9.98684E-05 9.98684E-05 9.98684E-05
9.98947E-05 9.98947E-05 0.028787 9.98947E-05 0.0931503 9.98947E-05 0.00854138 0.152561 9.98947E-05 0.5373 0.0631854 9.98947E-05 0.115277 9.98947E-05 9.98947E-05 9.98947E-05 9.98947E-05 9.98947E-05 9.98947E-05
9.98684E-05 9.98684E-05 9.98684E-05 9.98684E-05 9.98684E-05 9.98684E-05 9.98684E-05 0.180526 9.98684E-05 0.328559 9.98684E-05 9.98684E-05 0.331587 9.98684E-05 9.98684E-05 9.98684E-05 0.15783 9.98684E-05 9.98684E-05
9.98771E-05 9.98771E-05 9.98771E-05 9.98771E-05 9.98771E-05 9.98771E-05 9.98771E-05 0.0163109 0.532716 0.394527 9.98771E-05 0.0437734 9.98771E-05 9.98771E-05 9.98771E-05 9.98771E-05 0.0112749 9.98771E-05 9.98771E-05
9.98596E-05 9.98596E-05 9.98596E-05 9.98596E-05 9.98596E-05 9.98596E-05 0.0301305 0.0340932 0.934179 9.98596E-05 9.98596E-05 9.98596E-05 9.98596E-05 9.98596E-05 9.98596E-05 9.98596E-05 9.98596E-05 9.98596E-05 9.98596E-05
9.98422E-05 9.98422E-05 9.98422E-05 9.98422E-05 9.98422E-05 9.98422E-05 9.98422E-05 9.98422E-05 9.98422E-05 0.998203 9.98422E-05 9.98422E-05 9.98422E-05 9.98422E-05 9.98422E-05 9.98422E-05 9.98422E-05 9.98422E-05 9.98422E-05
0.0625804 9.98859E-05 9.98859E-05 9.98859E-05 9.98859E-05 9.98859E-05 9.98859E-05 0.123193 0.113609 0.558538 9.98859E-05 9.98859E-05 0.121081 9.98859E-05 9.98859E-05 9.98859E-05 0.0196996 9.98859E-05 9.98859E-05
9.9895E-05 9.9895E-05 9.9895E-05 0.0823769 0.010133 9.9895E-05 9.9895E-05 9.9895E-05 0.788956 0.0157628 9.9895E-05 9.9895E-05 9.9895E-05 0.0423395 9.9895E-05 9.9895E-05 9.9895E-05 0.00373375 0.0554991
0.0888322 9.9921E-05 9.9921E-05 9.9921E-05 0.0358769 0.128492 0.0981367 0.17033 9.9921E-05 0.36023 0.0127861 0.0206037 0.0200864 9.9921E-05 9.9921E-05 9.9921E-05 0.0637266 9.9921E-05 9.9921E-05
9.98772E-05 9.98772E-05 0.0754221 9.98772E-05 9.98772E-05 9.98772E-05 9.98772E-05 9.98772E-05 0.722099 9.98772E-05 9.98772E-05 0.0112441 0.15472 9.98772E-05 9.98772E-05 9.98772E-05 9.98772E-05 9.98772E-05 0.0351169
9.98597E-05 9.98597E-05 9.98597E-05 9.98597E-05 9.98597E-05 9.98597E-05 9.98597E-05 9.98597E-05 0.652711 0.327996 9.98597E-05 9.98597E-05 9.98597E-05 0.0176955 9.98597E-05 9.98597E-05 9.98597E-05 9.98597E-05 9.98597E-05
9.98685E-05 9.98685E-05 9.98685E-05 0.192957 9.98685E-05 9.98685E-05 9.98685E-05 9.98685E-05 9.98685E-05 0.775742 9.98685E-05 9.98685E-05 9.98685E-05 9.98685E-05 9.98685E-05 0.00988466 9.98685E-05 0.0199178 9.98685E-05
9.98685E-05 0.0606459 9.98685E-05 9.98685E-05 9.98685E-05 9.98685E-05 9.98685E-05 0.0213063 9.98685E-05 0.865617 9.98685E-05 9.98685E-05 9.98685E-05 9.98685E-05 9.98685E-05 9.98685E-05 9.98685E-05 0.0509326 9.98685E-05
9.98948E-05 9.98948E-05 9.98948E-05 9.98948E-05 9.98948E-05 0.174858 0.0141598 9.98948E-05 0.419234 0.305008 0.0538513 0.0195467 9.98948E-05 9.98948E-05 9.98948E-05 9.98948E-05 9.98948E-05 9.98948E-05 0.0121431
9.98596E-05 9.98596E-05 9.98596E-05 9.98596E-05 9.98596E-05 9.98596E-05 9.98596E-05 9.98596E-05 0.80788 9.98596E-05 9.98596E-05 9.98596E-05 9.98596E-05 0.100382 9.98596E-05 0.0901404 9.98596E-05 9.98596E-05 9.98596E-05
9.98596E-05 9.98596E-05 9.98596E-05 9.98596E-05 9.98596E-05 9.98596E-05 0.0200236 0.0552232 0.923155 9.98596E-05 9.98596E-05 9.98596E-05 9.98596E-05 9.98596E-05 9.98596E-05 9.98596E-05 9.98596E-05 9.98596E-05 9.98596E-05
0.0395661 9.98771E-05 9.98771E-05 9.98771E-05 0.00235976 9.98771E-05 0.0219572 9.98771E-05 9.98771E-05 0.932499 9.98771E-05 9.98771E-05 0.00221959 9.98771E-05 9.98771E-05 9.98771E-05 9.98771E-05 9.98771E-05 9.98771E-05
9.98946E-05 9.98946E-05 9.98946E-05 9.98946E-05 0.0332178 9.98946E-05 0.00967505 0.146838 9.98946E-05 9.98946E-05 0.768139 9.98946E-05 0.0157025 0.019225 9.98946E-05 9.98946E-05 9.98946E-05 0.00600387 9.98946E-05
0.0147867 9.98685E-05 9.98685E-05 9.98685E-05 9.98685E-05 9.98685E-05 9.98685E-05 9.98685E-05 9.98685E-05 9.98685E-05 0.894716 9.98685E-05 9.98685E-05 9.98685E-05 9.98685E-05 9.98685E-05 0.0688866 0.0201123 9.98685E-05
9.98421E-05 9.98421E-05 9.98421E-05 9.98421E-05 9.98421E-05 9.98421E-05 9.98421E-05 9.98421E-05 9.98421E-05 9.98421E-05 0.998203 9.98421E-05 9.98421E-05 9.98421E-05 9.98421E-05 9.98421E-05 9.98421E-05 9.98421E-05 9.98421E-05
9.98859E-05 9.98859E-05 9.98859E-05 9.98859E-05 0.111141 0.176678 9.98859E-05 0.0366058 9.98859E-05 9.98859E-05 0.38749 9.98859E-05 9.98859E-05 0.276725 9.98859E-05 0.0100614 9.98859E-05 9.98859E-05 9.98859E-05
9.98944E-05 0.0104168 9.98944E-05 0.0291368 9.98944E-05 9.98944E-05 9.98944E-05 0.0221243 9.98944E-05 9.98944E-05 0.713201 0.0529223 0.108213 9.98944E-05 9.98944E-05 9.98944E-05 9.98944E-05 9.98944E-05 0.0627862
9.98681E-05 9.98681E-05 9.98681E-05 9.98681E-05 0.0129223 9.98681E-05 9.98681E-05 0.195385 9.98681E-05 9.98681E-05 0.698666 9.98681E-05 0.0915291 9.98681E-05 9.98681E-05 9.98681E-05 9.98681E-05 9.98681E-05 9.98681E-05
9.98682E-05 9.98682E-05 9.98682E-05 9.98682E-05 0.0249123 9.98682E-05 9.98682E-05 0.10427 9.98682E-05 9.98682E-05 0.617041 9.98682E-05 9.98682E-05 0.252279 9.98682E-05 9.98682E-05 9.98682E-05 9.98682E-05 9.98682E-05
9.98857E-05 9.98857E-05 9.98857E-05 9.98857E-05 0.0625737 0.0389153 9.98857E-05 0.0579009 9.98857E-05 9.98857E-05 0.661352 9.98857E-05 9.98857E-05 0.0772649 9.98857E-05 0.100695 9.98857E-05 9.98857E-05 9.98857E-05
9.98421E-05 9.98421E-05 9.98421E-05 9.98421E-05 9.98421E-05 9.98421E-05 9.98421E-05 9.98421E-05 9.98421E-05 9.98421E-05 0.998203 9.98421E-05 9.98421E-05 9.98421E-05 9.98421E-05 9.98421E-05 9.98421E-05 9.98421E-05 9.98421E-05
9.98595E-05 9.98595E-05 9.98595E-05 9.98595E-05 0.0129742 9.98595E-05 0.0476294 9.98595E-05 9.98595E-05 9.98595E-05 0.937799 9.98595E-05 9.98595E-05 9.98595E-05 9.98595E-05 9.98595E-05 9.98595E-05 9.98595E-05 9.98595E-05
9.98681E-05 9.98681E-05 9.98681E-05 9.98681E-05 0.0429704 9.98681E-05 0.138792 0.271148 9.98681E-05 9.98681E-05 0.545592 9.98681E-05 9.98681E-05 9.98681E-05 9.98681E-05 9.98681E-05 9.98681E-05 9.98681E-05 9.98681E-05
9.99209E-05 0.0587103 9.99209E-05 9.99209E-05 9.99209E-05 9.99209E-05 0.0851885 0.0558396 9.99209E-05 9.99209E-05 0.505126 9.99209E-05 0.12348 0.0328091 9.99209E-05 0.00641949 0.0662191 0.033159 0.0321499
9.98946E-05 9.98946E-05 9.98946E-05 0.0177661 0.116929 0.0170223 0.0861434 9.98946E-05 9.98946E-05 9.98946E-05 0.617971 9.98946E-05 9.98946E-05 9.98946E-05 9.98946E-05 9.98946E-05 0.0214391 9.98946E-05 0.12153
9.98682E-05 9.98682E-05 9.98682E-05 9.98682E-05 9.98682E-05 9.98682E-05 9.98682E-05 0.192091 9.98682E-05 9.98682E-05 0.550899 9.98682E-05 0.1837 0.0718124 9.98682E-05 9.98682E-05 9.98682E-05 9.98682E-05 9.98682E-05
0.0548573 9.98687E-05 0.0266249 9.98687E-05 9.98687E-05 9.98687E-05 0.0191987 9.98687E-05 9.98687E-05 9.98687E-05 0.897821 9.98687E-05 9.98687E-05 9.98687E-05 9.98687E-05 9.98687E-05 9.98687E-05 9.98687E-05 9.98687E-05
9.98598E-05 9.98598E-05 9.98598E-05 9.98598E-05 0.0743768 9.98598E-05 9.98598E-05 0.040786 9.98598E-05 9.98598E-05 0.883239 9.98598E-05 9.98598E-05 9.98598E-05 9.98598E-05 9.98598E-05 9.98598E-05 9.98598E-05 9.98598E-05
9.98769E-05 9.98769E-05 9.98769E-05 0.0321848 9.98769E-05 0.054091 9.98769E-05 9.98769E-05 9.98769E-05 9.98769E-05 0.821901 9.98769E-05 9.98769E-05 9.98769E-05 9.98769E-05 0.0433383 0.0470868 9.98769E-05 9.98769E-05
9.98771E-05 9.98771E-05 9.98771E-05 9.98771E-05 0.00718502 9.98771E-05 0.0982374 9.98771E-05 9.98771E-05 9.98771E-05 0.650468 9.98771E-05 0.015355 9.98771E-05 9.98771E-05 9.98771E-05 0.227357 9.98771E-05 9.98771E-05
9.98595E-05 9.98595E-05 9.98595E-05 9.98595E-05 9.98595E-05 9.98595E-05 9.98595E-05 0.0263531 9.98595E-05 9.98595E-05 0.914171 9.98595E-05 9.98595E-05 9.98595E-05 9.98595E-05 0.0578783 9.98595E-05 9.98595E-05 9.98595E-05
0.0849899 0.00430774 9.98857E-05 0.0458181 9.98857E-05 9.98857E-05 9.98857E-05 0.175383 9.98857E-05 9.98857E-05 0.659987 0.0282156 9.98857E-05 9.98857E-05 9.98857E-05 9.98857E-05 9.98857E-05 9.98857E-05 9.98857E-05
9.98424E-05 9.98424E-05 9.98424E-05 9.98424E-05 9.98424E-05 9.98424E-05 9.98424E-05 9.98424E-05 9.98424E-05 9.98424E-05 0.998203 9.98424E-05 9.98424E-05 9.98424E-05 9.98424E-05 9.98424E-05 9.98424E-05 9.98424E-05 9.98424E-05
0.0280592 9.98857E-05 9.98857E-05 9.98857E-05 9.98857E-05 9.98857E-05 9.98857E-05 0.0242899 9.98857E-05 9.98857E-05 0.606622 9.98857E-05 0.249888 0.0543402 9.98857E-05 0.0355022 9.98857E-05 9.98857E-05 9.98857E-05
0.012301 9.98685E-05 9.98685E-05 9.98685E-05 9.98685E-05 0.23113 9.98685E-05 9.98685E-05 9.98685E-05 9.98685E-05 0.752049 9.98685E-05 9.98685E-05 0.00302139 9.98685E-05 9.98685E-05 9.98685E-05 9.98685E-05 9.98685E-05
9.98859E-05 9.98859E-05 9.98859E-05 9.98859E-05 0.0350006 0.00047635 9.98859E-05 0.00358512 9.98859E-05 9.98859E-05 0.744208 9.98859E-05 9.98859E-05 9.98859E-05 9.98859E-05 0.0725744 0.142857 9.98859E-05 9.98859E-05
9.98594E-05 9.98594E-05 9.98594E-05 9.98594E-05 9.98594E-05 9.98594E-05 0.139424 0.0667684 9.98594E-05 9.98594E-05 0.79221 9.98594E-05 9.98594E-05 9.98594E-05 9.98594E-05 9.98594E-05 9.98594E-05 9.98594E-05 9.98594E-05
9.9851E-05 9.9851E-05 9.9851E-05 9.9851E-05 0.0159252 9.9851E-05 9.9851E-05 9.9851E-05 9.9851E-05 9.9851E-05 0.982377 9.9851E-05 9.9851E-05 9.9851E-05 9.9851E-05 9.9851E-05 9.9851E-05 9.9851E-05 9.9851E-05
9.98423E-05 9.98423E-05 9.98423E-05 9.98423E-05 9.98423E-05 9.98423E-05 9.98423E-05 9.98423E-05 9.98423E-05 9.98423E-05 0.998203 9.98423E-05 9.98423E-05 9.98423E-05 9.98423E-05 9.98423E-05 9.98423E-05 9.98423E-05 9.98423E-05
9.98422E-05 9.98422E-05 9.98422E-05 9.98422E-05 9.98422E-05 9.98422E-05 9.98422E-05 9.98422E-05 9.98422E-05 9.98422E-05 0.998203 9.98422E-05 9.98422E-05 9.98422E-05 9.98422E-05 9.98422E-05 9.98422E-05 9.98422E-05 9.98422E-05
9.9851E-05 9.9851E-05 9.9851E-05 9.9851E-05 9.9851E-05 9.9851E-05 9.9851E-05 9.9851E-05 9.9851E-05 9.9851E-05 0.931475 9.9851E-05 9.9851E-05 9.9851E-05 9.9851E-05 0.0668276 9.9851E-05 9.9851E-05 9.9851E-05
0.0615611 9.9886E-05 9.9886E-05 9.9886E-05 0.059947 9.9886E-05 9.9886E-05 0.107161 9.9886E-05 0.178186 0.542852 9.9886E-05 9.9886E-05 9.9886E-05 0.0489942 9.9886E-05 9.9886E-05 9.9886E-05 9.9886E-05
9.98597E-05 9.98597E-05 9.98597E-05 9.98597E-05 0.0733823 0.809309 9.98597E-05 0.115711 9.98597E-05 9.98597E-05 9.98597E-05 9.98597E-05 9.98597E-05 9.98597E-05 9.98597E-05 9.98597E-05 9.98597E-05 9.98597E-05 9.98597E-05
9.98773E-05 0.00420752 9.98773E-05 9.98773E-05 0.0384604 0.528823 9.98773E-05 0.0460707 9.98773E-05 9.98773E-05 9.98773E-05 9.98773E-05 9.98773E-05 9.98773E-05 0.38104 9.98773E-05 9.98773E-05 9.98773E-05 9.98773E-05
9.98683E-05 9.98683E-05 9.98683E-05 9.98683E-05 9.98683E-05 0.886545 0.0172687 0.0842309 9.98683E-05 9.98683E-05 9.98683E-05 9.98683E-05 9.98683E-05 9.98683E-05 9.98683E-05 0.0104572 9.98683E-05 9.98683E-05 9.98683E-05
9.98681E-05 9.98681E-05 9.98681E-05 9.98681E-05 0.105261 0.733746 9.98681E-05 0.105783 9.98681E-05 9.98681E-05 9.98681E-05 9.98681E-05 9.98681E-05 9.98681E-05 9.98681E-05 0.0537127 9.98681E-05 9.98681E-05 9.98681E-05
9.98595E-05 9.98595E-05 9.98595E-05 9.98595E-05 0.108622 0.884863 9.98595E-05 0.00491812 9.98595E-05 9.98595E-05 9.98595E-05 9.98595E-05 9.98595E-05 9.98595E-05 9.98595E-05 9.98595E-05 9.98595E-05 9.98595E-05 9.98595E-05
9.98772E-05 9.98772E-05 9.98772E-05 9.98772E-05 0.0916137 0.690282 9.98772E-05 0.174419 9.98772E-05 9.98772E-05 9.98772E-05 9.98772E-05 9.98772E-05 0.0336313 9.98772E-05 9.98772E-05 0.00865578 9.98772E-05 9.98772E-05
9.98684E-05 9.98684E-05 9.98684E-05 9.98684E-05 0.0936086 0.717918 9.98684E-05 0.0801086 9.98684E-05 9.98684E-05 9.98684E-05 9.98684E-05 0.106867 9.98684E-05 9.98684E-05 9.98684E-05 9.98684E-05 9.98684E-05 9.98684E-05
9.98596E-05 9.98596E-05 9.98596E-05 9.98596E-05 0.217408 0.770096 9.98596E-05 9.98596E-05 9.98596E-05 9.98596E-05 9.98596E-05 0.0108979 9.98596E-05 9.98596E-05 9.98596E-05 9.98596E-05 9.98596E-05 9.98596E-05 9.98596E-05
0.106808 0.0313644 9.98857E-05 9.98857E-05 0.280416 0.393846 9.98857E-05 0.026374 9.98857E-05 9.98857E-05 9.98857E-05 9.98857E-05 9.98857E-05 0.159893 9.98857E-05 9.98857E-05 9.98857E-05 9.98857E-05 9.98857E-05
9.98682E-05 0.013923 9.98682E-05 9.98682E-05 0.209997 0.537719 9.98682E-05 0.236864 9.98682E-05 9.98682E-05 9.98682E-05 9.98682E-05 9.98682E-05 9.98682E-05 9.98682E-05 9.98682E-05 9.98682E-05 9.98682E-05 9.98682E-05
9.98947E-05 9.98947E-05 9.98947E-05 9.98947E-05 0.0112669 0.451886 0.00131732 0.0334423 0.0862952 9.98947E-05 9.98947E-05 9.98947E-05 9.98947E-05 0.250867 0.163726 9.98947E-05 9.98947E-05 9.98947E-05 9.98947E-05
9.98772E-05 9.98772E-05 9.98772E-05 9.98772E-05 9.98772E-05 0.705273 0.0264317 0.0132015 9.98772E-05 9.98772E-05 9.98772E-05 9.98772E-05 9.98772E-05 0.205386 0.0483088 9.98772E-05 9.98772E-05 9.98772E-05 9.98772E-05
9.9851E-05 9.9851E-05 9.9851E-05 9.9851E-05 0.0994072 0.898895 9.9851E-05 9.9851E-05 9.9851E-05 9.9851E-05 9.9851E-05 9.9851E-05 9.9851E-05 9.9851E-05 9.9851E-05 9.9851E-05 9.9851E-05 9.9851E-05 9.9851E-05
9.98773E-05 9.98773E-05 0.0429489 9.98773E-05 0.0863909 0.703293 9.98773E-05 0.147105 9.98773E-05 9.98773E-05 9.98773E-05 9.98773E-05 9.98773E-05 9.98773E-05 0.018864 9.98773E-05 9.98773E-05 9.98773E-05 9.98773E-05
9.98773E-05 0.0107121 9.98773E-05 0.018721 0.115385 0.703517 9.98773E-05 9.98773E-05 9.98773E-05 9.98773E-05 9.98773E-05 9.98773E-05 9.98773E-05 9.98773E-05 9.98773E-05 0.150267 9.98773E-05 9.98773E-05 9.98773E-05
0.260946 9.9886E-05 9.9886E-05 9.9886E-05 9.9886E-05 0.539821 0.0249049 0.118807 9.9886E-05 9.9886E-05 9.9886E-05 9.9886E-05 9.9886E-05 0.0343082 9.9886E-05 9.9886E-05 0.0199141 9.9886E-05 9.9886E-05
9.98772E-05 9.98772E-05 9.98772E-05 9.98772E-05 0.0510169 0.623138 9.98772E-05 0.091056 9.98772E-05 9.98772E-05 9.98772E-05 0.00752782 9.98772E-05 0.225863 9.98772E-05 9.98772E-05 9.98772E-05 9.98772E-05 9.98772E-05
9.98861E-05 9.98861E-05 9.98861E-05 0.0156715 0.104331 0.732172 9.98861E-05 9.98861E-05 0.0406065 9.98861E-05 9.98861E-05 9.98861E-05 0.00236414 9.98861E-05 9.98861E-05 9.98861E-05 9.98861E-05 9.98861E-05 0.103557
9.98597E-05 9.98597E-05 9.98597E-05 9.98597E-05 0.00346404 0.949356 9.98597E-05 9.98597E-05 9.98597E-05 9.98597E-05 9.98597E-05 9.98597E-05 9.98597E-05 0.0455824 9.98597E-05 9.98597E-05 9.98597E-05 9.98597E-05 9.98597E-05
0.13747 9.98859E-05 9.98859E-05 9.98859E-05 0.0856808 0.468172 9.98859E-05 0.143621 9.98859E-05 9.98859E-05 9.98859E-05 0.0323129 9.98859E-05 9.98859E-05 0.131444 9.98859E-05 9.98859E-05 9.98859E-05 9.98859E-05
9.98597E-05 9.98597E-05 9.98597E-05 9.98597E-05 9.98597E-05 0.768337 9.98597E-05 0.0941501 9.98597E-05 9.98597E-05 9.98597E-05 9.98597E-05 9.98597E-05 0.135915 9.98597E-05 9.98597E-05 9.98597E-05 9.98597E-05 9.98597E-05
9.98683E-05 9.98683E-05 9.98683E-05 9.98683E-05 0.0297522 0.959331 9.98683E-05 0.0038542 9.98683E-05 9.98683E-05 9.98683E-05 9.98683E-05 9.98683E-05 9.98683E-05 9.98683E-05 0.00556445 9.98683E-05 9.98683E-05 9.98683E-05
9.98947E-05 9.98947E-05 9.98947E-05 9.98947E-05 0.204683 0.389336 0.00706816 0.168811 9.98947E-05 9.98947E-05 9.98947E-05 0.107798 9.98947E-05 0.0770161 9.98947E-05 9.98947E-05 9.98947E-05 9.98947E-05 0.0440891
9.98772E-05 0.0309784 9.98772E-05 9.98772E-05 0.182871 0.620732 9.98772E-05 0.0401782 9.98772E-05 9.98772E-05 9.98772E-05 9.98772E-05 9.98772E-05 9.98772E-05 0.123842 9.98772E-05 9.98772E-05 9.98772E-05 9.98772E-05
9.98858E-05 9.98858E-05 0.00114892 9.98858E-05 0.243514 0.456223 9.98858E-05 0.170493 9.98858E-05 9.98858E-05 9.98858E-05 0.0389128 9.98858E-05 0.0884097 9.98858E-05 9.98858E-05 9.98858E-05 9.98858E-05 9.98858E-05
9.99122E-05 9.99122E-05 9.99122E-05 0.042449 0.176921 0.271931 9.99122E-05 0.0954097 9.99122E-05 9.99122E-05 0.067413 9.99122E-05 0.0190726 0.0773034 0.223383 0.0251187 9.99122E-05 9.99122E-05 9.99122E-05
9.98772E-05 9.98772E-05 0.13116 9.98772E-05 9.98772E-05 0.2959 9.98772E-05 0.0296685 9.98772E-05 9.98772E-05 9.98772E-05 9.98772E-05 9.98772E-05 9.98772E-05 0.509828 9.98772E-05 9.98772E-05 0.0320454 9.98772E-05
9.98595E-05 9.98595E-05 9.98595E-05 9.98595E-05 0.0308176 0.82252 9.98595E-05 0.145065 9.98595E-05 9.98595E-05 9.98595E-05 9.98595E-05 9.98595E-05 9.98595E-05 9.98595E-05 9.98595E-05 9.98595E-05 9.98595E-05 9.98595E-05
9.98597E-05 9.98597E-05 9.98597E-05 9.98597E-05 0.276135 0.560854 9.98597E-05 0.161414 9.98597E-05 9.98597E-05 9.98597E-05 9.98597E-05 9.98597E-05 9.98597E-05 9.98597E-05 9.98597E-05 9.98597E-05 9.98597E-05 9.98597E-05
9.98772E-05 9.98772E-05 9.98772E-05 9.98772E-05 9.98772E-05 0.786835 9.98772E-05 0.131178 9.98772E-05 9.98772E-05 9.98772E-05 0.0593754 9.98772E-05 9.98772E-05 0.0189349 9.98772E-05 9.98772E-05 9.98772E-05 0.0022786
9.9886E-05 9.9886E-05 9.9886E-05 0.000375107 0.0497787 0.669712 0.0507041 0.158022 9.9886E-05 9.9886E-05 9.9886E-05 9.9886E-05 9.9886E-05 0.0701099 9.9886E-05 9.9886E-05 9.9886E-05 9.9886E-05 9.9886E-05
9.98684E-05 9.98684E-05 9.98684E-05 0.0485842 9.98684E-05 0.933343 0.0103099 9.98684E-05 9.98684E-05 9.98684E-05 9.98684E-05 0.00626478 9.98684E-05 9.98684E-05 9.98684E-05 9.98684E-05 9.98684E-05 9.98684E-05 9.98684E-05
9.98771E-05 9.98771E-05 9.98771E-05 9.98771E-05 0.280616 0.420225 9.98771E-05 0.131982 9.98771E-05 9.98771E-05 9.98771E-05 0.152205 9.98771E-05 9.98771E-05 9.98771E-05 9.98771E-05 9.98771E-05 9.98771E-05 0.0135742
9.98594E-05 9.98594E-05 9.98594E-05 9.98594E-05 9.98594E-05 0.818448 9.98594E-05 0.0548961 9.98594E-05 9.98594E-05 9.98594E-05 9.98594E-05 0.125059 9.98594E-05 9.98594E-05 9.98594E-05 9.98594E-05 9.98594E-05 9.98594E-05
9.98509E-05 9.98509E-05 9.98509E-05 9.98509E-05 9.98509E-05 0.964716 9.98509E-05 0.0335864 9.98509E-05 9.98509E-05 9.98509E-05 9.98509E-05 9.98509E-05 9.98509E-05 9.98509E-05 9.98509E-05 9.98509E-05 9.98509E-05 9.98509E-05
0.173908 9.99034E-05 9.99034E-05 0.00408437 0.0300357 0.625205 0.0339703 9.99034E-05 9.99034E-05 9.99034E-05 9.99034E-05 9.99034E-05 9.99034E-05 0.0311325 0.0697741 9.99034E-05 0.0307913 9.99034E-05 9.99034E-05
9.98682E-05 9.98682E-05 9.98682E-05 9.98682E-05 0.0814925 0.684848 9.98682E-05 0.209965 9.98682E-05 9.98682E-05 9.98682E-05 9.98682E-05 9.98682E-05 9.98682E-05 9.98682E-05 0.022197 9.98682E-05 9.98682E-05 9.98682E-05
9.98595E-05 9.98595E-05 9.98595E-05 9.98595E-05 0.0469723 0.48014 9.98595E-05 9.98595E-05 9.98595E-05 9.98595E-05 9.98595E-05 9.98595E-05 9.98595E-05 9.98595E-05 0.47129 9.98595E-05 9.98595E-05 9.98595E-05 9.98595E-05
9.98685E-05 9.98685E-05 9.98685E-05 9.98685E-05 9.98685E-05 0.747257 0.0113751 0.0709448 9.98685E-05 9.98685E-05 9.98685E-05 9.98685E-05 9.98685E-05 9.98685E-05 0.168925 9.98685E-05 9.98685E-05 9.98685E-05 9.98685E-05
9.98536E-05 9.98536E-05 9.98536E-05 9.98536E-05 9.98536E-05 0.809586 9.98536E-05 9.98536E-05 9.98536E-05 9.98536E-05 9.98536E-05 9.98536E-05 9.98536E-05 9.98536E-05 0.188717 9.98536E-05 9.98536E-05 9.98536E-05 9.98536E-05
9.98772E-05 9.98772E-05 9.98772E-05 9.98772E-05 0.00884695 0.57393 9.98772E-05 9.98772E-05 9.98772E-05 9.98772E-05 9.98772E-05 9.98772E-05 9.98772E-05 0.0606398 0.326388 9.98772E-05 0.0287968 9.98772E-05 9.98772E-05
9.98946E-05 9.98946E-05 9.98946E-05 9.98946E-05 0.0870552 0.451856 0.0208668 0.221497 9.98946E-05 9.98946E-05 9.98946E-05 9.98946E-05 9.98946E-05 0.101612 9.98946E-05 9.98946E-05 0.00344138 9.98946E-05 0.112473
0.00222689 9.98684E-05 9.98684E-05 9.98684E-05 0.0933135 0.718214 9.98684E-05 9.98684E-05 9.98684E-05 9.98684E-05 9.98684E-05 9.98684E-05 9.98684E-05 9.98684E-05 9.98684E-05 9.98684E-05 9.98684E-05 0.184748 9.98684E-05
9.98771E-05 9.98771E-05 9.98771E-05 9.98771E-05 0.171167 0.172427 9.98771E-05 0.0934108 9.98771E-05 9.98771E-05 9.98771E-05 0.0607359 9.98771E-05 9.98771E-05 0.500861 9.98771E-05 9.98771E-05 9.98771E-05 9.98771E-05
9.9886E-05 0.0464124 9.9886E-05 9.9886E-05 9.9886E-05 0.502103 0.00699545 0.0710665 0.0125001 9.9886E-05 9.9886E-05 9.9886E-05 9.9886E-05 9.9886E-05 0.359625 9.9886E-05 9.9886E-05 9.9886E-05 9.9886E-05
9.9877E-05 9.9877E-05 9.9877E-05 9.9877E-05 0.1921 0.466535 9.9877E-05 9.9877E-05 9.9877E-05 9.9877E-05 9.9877E-05 0.0790979 0.0634709 0.197398 9.9877E-05 9.9877E-05 9.9877E-05 9.9877E-05 9.9877E-05
9.9886E-05 9.9886E-05 9.9886E-05 9.9886E-05 0.116776 0.492135 9.9886E-05 0.0615265 9.9886E-05 9.9886E-05 0.188069 9.9886E-05 9.9886E-05 9.9886E-05 0.0322284 0.107966 9.9886E-05 9.9886E-05 9.9886E-05
0.0229786 9.99036E-05 0.112922 9.99036E-05 0.131004 0.542387 9.99036E-05 0.0227437 9.99036E-05 9.99036E-05 9.99036E-05 9.99036E-05 0.0328235 0.123317 0.010725 9.99036E-05 9.99036E-05 9.99036E-05 9.99036E-05
9.98772E-05 9.98772E-05 9.98772E-05 9.98772E-05 0.262391 0.45519 9.98772E-05 0.208148 9.98772E-05 9.98772E-05 0.00369382 9.98772E-05 0.0691799 9.98772E-05 9.98772E-05 9.98772E-05 9.98772E-05 9.98772E-05 9.98772E-05
9.98596E-05 9.98596E-05 9.98596E-05 9.98596E-05 9.98596E-05 0.572837 9.98596E-05 0.0169603 9.98596E-05 9.98596E-05 9.98596E-05 9.98596E-05 9.98596E-05 9.98596E-05 0.408605 9.98596E-05 9.98596E-05 9.98596E-05 9.98596E-05
9.98595E-05 9.98595E-05 9.98595E-05 9.98595E-05 9.98595E-05 0.690492 9.98595E-05 0.0897477 9.98595E-05 9.98595E-05 9.98595E-05 9.98595E-05 9.98595E-05 9.98595E-05 9.98595E-05 9.98595E-05 0.218163 9.98595E-05 9.98595E-05
9.98948E-05 9.98948E-05 9.98948E-05 9.98948E-05 0.137567 0.315909 0.0101376 0.0119261 9.98948E-05 9.98948E-05 9.98948E-05 9.98948E-05 9.98948E-05 9.98948E-05 0.485671 9.98948E-05 9.98948E-05 0.0298242 0.00776631
0.0644094 9.98948E-05 9.98948E-05 9.98948E-05 0.093513 0.58594 0.00299666 0.0470329 9.98948E-05 9.98948E-05 9.98948E-05 9.98948E-05 9.98948E-05 9.98948E-05 0.184052 0.0208573 9.98948E-05 9.98948E-05 9.98948E-05
9.98596E-05 9.98596E-05 9.98596E-05 0.0804706 0.0182279 0.899704 9.98596E-05 9.98596E-05 9.98596E-05 9.98596E-05 9.98596E-05 9.98596E-05 9.98596E-05 9.98596E-05 9.98596E-05 9.98596E-05 9.98596E-05 9.98596E-05 9.98596E-05
9.98946E-05 9.98946E-05 9.98946E-05 9.98946E-05 9.98946E-05 0.800425 0.0247865 0.0127777 9.98946E-05 9.98946E-05 9.98946E-05 0.024282 0.0312687 9.98946E-05 9.98946E-05 0.0114711 0.0937899 9.98946E-05 9.98946E-05
9.98771E-05 0.00718046 9.98771E-05 9.98771E-05 0.180661 0.479795 9.98771E-05 0.1301 9.98771E-05 9.98771E-05 9.98771E-05 9.98771E-05 9.98771E-05 0.200866 9.98771E-05 9.98771E-05 9.98771E-05 9.98771E-05 9.98771E-05
9.98595E-05 9.98595E-05 9.98595E-05 9.98595E-05 0.168075 0.726477 9.98595E-05 0.103849 9.98595E-05 9.98595E-05 9.98595E-05 9.98595E-05 9.98595E-05 9.98595E-05 9.98595E-05 9.98595E-05 9.98595E-05 9.98595E-05 9.98595E-05
9.98682E-05 9.98682E-05 9.98682E-05 9.98682E-05 0.0256638 0.95759 0.0139207 0.00132755 9.98682E-05 9.98682E-05 9.98682E-05 9.98682E-05 9.98682E-05 9.98682E-05 9.98682E-05 9.98682E-05 9.98682E-05 9.98682E-05 9.98682E-05
9.98597E-05 9.98597E-05 9.98597E-05 9.98597E-05 9.98597E-05 0.826954 9.98597E-05 0.0704197 9.98597E-05 9.98597E-05 9.98597E-05 0.101028 9.98597E-05 9.98597E-05 9.98597E-05 9.98597E-05 9.98597E-05 9.98597E-05 9.98597E-05
9.98685E-05 9.98685E-05 9.98685E-05 9.98685E-05 0.0731364 0.803598 9.98685E-05 9.98685E-05 9.98685E-05 9.98685E-05 9.98685E-05 9.98685E-05 9.98685E-05 0.0722651 0.0495028 9.98685E-05 9.98685E-05 9.98685E-05 9.98685E-05
9.98417E-05 9.98417E-05 9.98417E-05 9.98417E-05 9.98417E-05 9.98417E-05 9.98417E-05 0.998203 9.98417E-05 9.98417E-05 9.98417E-05 9.98417E-05 9.98417E-05 9.98417E-05 9.98417E-05 9.98417E-05 9.98417E-05 9.98417E-05 9.98417E-05
9.98418E-05 9.98418E-05 9.98418E-05 9.98418E-05 0.998203 9.98418E-05 9.98418E-05 9.98418E-05 9.98418E-05 9.98418E-05 9.98418E-05 9.98418E-05 9.98418E-05 9.98418E-05 9.98418E-05 9.98418E-05 9.98418E-05 9.98418E-05 9.98418E-05
9.98417E-05 9.98417E-05 9.98417E-05 9.98417E-05 9.98417E-05 9.98417E-05 9.98417E-05 0.998203 9.98417E-05 9.98417E-05 9.98417E-05 9.98417E-05 9.98417E-05 9.98417E-05 9.98417E-05 9.98417E-05 9.98417E-05 9.98417E-05 9.98417E-05
9.98419E-05 9.98419E-05 9.98419E-05 9.98419E-05 0.998203 9.98419E-05 9.98419E-05 9.98419E-05 9.98419E-05 9.98419E-05 9.98419E-05 9.98419E-05 9.98419E-05 9.98419E-05 9.98419E-05 9.98419E-05 9.98419E-05 9.98419E-05 9.98419E-05
9.98418E-05 9.98418E-05 9.98418E-05 9.98418E-05 0.998203 9.98418E-05 9.98418E-05 9.98418E-05 9.98418E-05 9.98418E-05 9.98418E-05 9.98418E-05 9.98418E-05 9.98418E-05 9.98418E-05 9.98418E-05 9.98418E-05 9.98418E-05 9.98418E-05
9.98419E-05 9.98419E-05 9.98419E-05 9.98419E-05 0.998203 9.98419E-05 9.98419E-05 9.98419E-05 9.98419E-05 9.98419E-05 9.98419E-05 9.98419E-05 9.98419E-05 9.98419E-05 9.98419E-05 9.98419E-05 9.98419E-05 9.98419E-05 9.98419E-05
9.98418E-05 9.98418E-05 9.98418E-05 9.98418E-05 9.98418E-05 9.98418E-05 9.98418E-05 0.998203 9.98418E-05 9.98418E-05 9.98418E-05 9.98418E-05 9.98418E-05 9.98418E-05 9.98418E-05 9.98418E-05 9.98418E-05 9.98418E-05 9.98418E-05
9.98417E-05 9.98417E-05 9.98417E-05 9.98417E-05 0.998203 9.98417E-05 9.98417E-05 9.98417E-05 9.98417E-05 9.98417E-05 9.98417E-05 9.98417E-05 9.98417E-05 9.98417E-05 9.98417E-05 9.98417E-05 9.98417E-05 9.98417E-05 9.98417E-05
9.98418E-05 9.98418E-05 9.98418E-05 9.98418E-05 0.998203 9.98418E-05 9.98418E-05 9.98418E-05 9.98418E-05 9.98418E-05 9.98418E-05 9.98418E-05 9.98418E-05 9.98418E-05 9.98418E-05 9.98418E-05 9.98418E-05 9.98418E-05 9.98418E-05
9.98418E-05 9.98418E-05 9.98418E-05 9.98418E-05 9.98418E-05 9.98418E-05 9.98418E-05 0.998203 9.98418E-05 9.98418E-05 9.98418E-05 9.98418E-05 9.98418E-05 9.98418E-05 9.98418E-05 9.98418E-05 9.98418E-05 9.98418E-05 9.98418E-05
9.98418E-05 9.98418E-05 9.98418E-05 9.98418E-05 9.98418E-05 9.98418E-05 9.98418E-05 0.998203 9.98418E-05 9.98418E-05 9.98418E-05 9.98418E-05 9.98418E-05 9.98418E-05 9.98418E-05 9.98418E-05 9.98418E-05 9.98418E-05 9.98418E-05
9.98417E-05 9.98417E-05 9.98417E-05 9.98417E-05 9.98417E-05 9.98417E-05 9.98417E-05 0.998203 9.98417E-05 9.98417E-05 9.98417E-05 9.98417E-05 9.98417E-05 9.98417E-05 9.98417E-05 9.98417E-05 9.98417E-05 9.98417E-05 9.98417E-05
9.98417E-05 9.98417E-05 9.98417E-05 9.98417E-05 0.998203 9.98417E-05 9.98417E-05 9.98417E-05 9.98417E-05 9.98417E-05 9.98417E-05 9.98417E-05 9.98417E-05 9.98417E-05 9.98417E-05 9.98417E-05 9.98417E-05 9.98417E-05 9.98417E-05
9.98418E-05 9.98418E-05 9.98418E-05 9.98418E-05 0.998203 9.98418E-05 9.98418E-05 9.98418E-05 9.98418E-05 9.98418E-05 9.98418E-05 9.98418E-05 9.98418E-05 9.98418E-05 9.98418E-05 9.98418E-05 9.98418E-05 9.98418E-05 9.98418E-05
9.98418E-05 9.98418E-05 9.98418E-05 9.98418E-05 9.98418E-05 9.98418E-05 9.98418E-05 0.998203 9.98418E-05 9.98418E-05 9.98418E-05 9.98418E-05 9.98418E-05 9.98418E-05 9.98418E-05 9.98418E-05 9.98418E-05 9.98418E-05 9.98418E-05
9.98417E-05 9.98417E-05 9.98417E-05 9.98417E-05 9.98417E-05 9.98417E-05 9.98417E-05 0.998203 9.98417E-05 9.98417E-05 9.98417E-05 9.98417E-05 9.98417E-05 9.98417E-05 9.98417E-05 9.98417E-05 9.98417E-05 9.98417E-05 9.98417E-05
9.99033E-05 0.027047 0.0873069 0.00685467 0.0318786 0.646943 9.99033E-05 0.118086 9.99033E-05 9.99033E-05 9.99033E-05 0.00685572 9.99033E-05 9.99033E-05 9.99033E-05 9.99033E-05 0.0739292 9.99033E-05 9.99033E-05
9.98417E-05 9.98417E-05 9.98417E-05 9.98417E-05 9.98417E-05 9.98417E-05 9.98417E-05 0.998203 9.98417E-05 9.98417E-05 9.98417E-05 9.98417E-05 9.98417E-05 9.98417E-05 9.98417E-05 9.98417E-05 9.98417E-05 9.98417E-05 9.98417E-05
9.98418E-05 9.98418E-05 9.98418E-05 9.98418E-05 0.998203 9.98418E-05 9.98418E-05 9.98418E-05 9.98418E-05 9.98418E-05 9.98418E-05 9.98418E-05 9.98418E-05 9.98418E-05 9.98418E-05 9.98418E-05 9.98418E-05 9.98418E-05 9.98418E-05
9.98417E-05 9.98417E-05 9.98417E-05 9.98417E-05 9.98417E-05 9.98417E-05 9.98417E-05 0.998203 9.98417E-05 9.98417E-05 9.98417E-05 9.98417E-05 9.98417E-05 9.98417E-05 9.98417E-05 9.98417E-05 9.98417E-05 9.98417E-05 9.98417E-05
9.98417E-05 9.98417E-05 9.98417E-05 9.98417E-05 9.98417E-05 9.98417E-05 9.98417E-05 0.998203 9.98417E-05 9.98417E-05 9.98417E-05 9.98417E-05 9.98417E-05 9.98417E-05 9.98417E-05 9.98417E-05 9.98417E-05 9.98417E-05 9.98417E-05
9.98417E-05 9.98417E-05 9.98417E-05 9.98417E-05 9.98417E-05 9.98417E-05 9.98417E-05 0.998203 9.98417E-05 9.98417E-05 9.98417E-05 9.98417E-05 9.98417E-05 9.98417E-05 9.98417E-05 9.98417E-05 9.98417E-05 9.98417E-05 9.98417E-05
9.9842E-05 9.9842E-05 9.9842E-05 9.9842E-05 0.998203 9.9842E-05 9.9842E-05 9.9842E-05 9.9842E-05 9.9842E-05 9.9842E-05 9.9842E-05 9.9842E-05 9.9842E-05 9.9842E-05 9.9842E-05 9.9842E-05 9.9842E-05 9.9842E-05
9.98418E-05 9.98418E-05 9.98418E-05 9.98418E-05 9.98418E-05 9.98418E-05 9.98418E-05 0.998203 9.98418E-05 9.98418E-05 9.98418E-05 9.98418E-05 9.98418E-05 9.98418E-05 9.98418E-05 9.98418E-05 9.98418E-05 9.98418E-05 9.98418E-05
9.98418E-05 9.98418E-05 9.98418E-05 9.98418E-05 0.998203 9.98418E-05 9.98418E-05 9.98418E-05 9.98418E-05 9.98418E-05 9.98418E-05 9.98418E-05 9.98418E-05 9.98418E-05 9.98418E-05 9.98418E-05 9.98418E-05 9.98418E-05 9.98418E-05
9.98418E-05 9.98418E-05 9.98418E-05 9.98418E-05 9.98418E-05 9.98418E-05 9.98418E-05 0.998203 9.98418E-05 9.98418E-05 9.98418E-05 9.98418E-05 9.98418E-05 9.98418E-05 9.98418E-05 9.98418E-05 9.98418E-05 9.98418E-05 9.98418E-05
9.98417E-05 9.98417E-05 9.98417E-05 9.98417E-05 9.98417E-05 9.98417E-05 9.98417E-05 0.998203 9.98417E-05 9.98417E-05 9.98417E-05 9.98417E-05 9.98417E-05 9.98417E-05 9.98417E-05 9.98417E-05 9.98417E-05 9.98417E-05 9.98417E-05
9.98418E-05 9.98418E-05 9.98418E-05 9.98418E-05 0.998203 9.98418E-05 9.98418E-05 9.98418E-05 9.98418E-05 9.98418E-05 9.98418E-05 9.98418E-05 9.98418E-05 9.98418E-05 9.98418E-05 9.98418E-05 9.98418E-05 9.98418E-05 9.98418E-05
9.98417E-05 9.98417E-05 9.98417E-05 9.98417E-05 0.998203 9.98417E-05 9.98417E-05 9.98417E-05 9.98417E-05 9.98417E-05 9.98417E-05 9.98417E-05 9.98417E-05 9.98417E-05 9.98417E-05 9.98417E-05 9.98417E-05 9.98417E-05 9.98417E-05
9.98418E-05 9.98418E-05 9.98418E-05 9.98418E-05 0.998203 9.98418E-05 9.98418E-05 9.98418E-05 9.98418E-05 9.98418E-05 9.98418E-05 9.98418E-05 9.98418E-05 9.98418E-05 9.98418E-05 9.98418E-05 9.98418E-05 9.98418E-05 9.98418E-05
9.98418E-05 9.98418E-05 9.98418E-05 9.98418E-05 9.98418E-05 9.98418E-05 9.98418E-05 0.998203 9.98418E-05 9.98418E-05 9.98418E-05 9.98418E-05 9.98418E-05 9.98418E-05 9.98418E-05 9.98418E-05 9.98418E-05 9.98418E-05 9.98418E-05
9.98418E-05 9.98418E-05 9.98418E-05 9.98418E-05 9.98418E-05 9.98418E-05 9.98418E-05 0.998203 9.98418E-05 9.98418E-05 9.98418E-05 9.98418E-05 9.98418E-05 9.98418E-05 9.98418E-05 9.98418E-05 9.98418E-05 9.98418E-05 9.98418E-05
9.98417E-05 9.98417E-05 9.98417E-05 9.98417E-05 9.98417E-05 9.98417E-05 9.98417E-05 0.998203 9.98417E-05 9.98417E-05 9.98417E-05 9.98417E-05 9.98417E-05 9.98417E-05 9.98417E-05 9.98417E-05 9.98417E-05 9.98417E-05 9.98417E-05
9.98419E-05 9.98419E-05 9.98419E-05 9.98419E-05 9.98419E-05 9.98419E-05 9.98419E-05 0.998203 9.98419E-05 9.98419E-05 9.98419E-05 9.98419E-05 9.98419E-05 9.98419E-05 9.98419E-05 9.98419E-05 9.98419E-05 9.98419E-05 9.98419E-05
9.98418E-05 9.98418E-05 9.98418E-05 9.98418E-05 9.98418E-05 9.98418E-05 9.98418E-05 0.998203 9.98418E-05 9.98418E-05 9.98418E-05 9.98418E-05 9.98418E-05 9.98418E-05 9.98418E-05 9.98418E-05 9.98418E-05 9.98418E-05 9.98418E-05
9.98417E-05 9.98417E-05 9.98417E-05 9.98417E-05 0.998203 9.98417E-05 9.98417E-05 9.98417E-05 9.98417E-05 9.98417E-05 9.98417E-05 9.98417E-05 9.98417E-05 9.98417E-05 9.98417E-05 9.98417E-05 9.98417E-05 9.98417E-05 9.98417E-05
