0.363596 9.99561E-05 9.99561E-05 9.99561E-05 0.0306684 0.0656048 0.266286 9.99561E-05 9.99561E-05 0.0247971 0.0398588 0.102061 0.106629
0.809657 9.99298E-05 9.99298E-05 9.99298E-05 9.99298E-05 0.0371356 0.00170492 9.99298E-05 9.99298E-05 9.99298E-05 9.99298E-05 0.142295 0.00840848
0.923336 0.0138448 9.9921E-05 9.9921E-05 9.9921E-05 0.0122942 9.9921E-05 9.9921E-05 9.9921E-05 9.9921E-05 9.9921E-05 9.9921E-05 0.0496255
0.31833 0.115354 0.154916 9.99474E-05 9.99474E-05 9.99474E-05 9.99474E-05 0.228331 9.99474E-05 0.0547619 0.0267153 9.99474E-05 0.100992
0.806786 9.9921E-05 0.133589 9.9921E-05 9.9921E-05 9.9921E-05 9.9921E-05 9.9921E-05 9.9921E-05 0.00993849 9.9921E-05 0.0487873 9.9921E-05
0.305564 9.99473E-05 0.173006 9.99473E-05 9.99473E-05 9.99473E-05 0.125148 0.104331 0.0098695 0.179239 9.99473E-05 0.102242 9.99473E-05
0.324537 9.99561E-05 9.99561E-05 0.012846 9.99561E-05 0.147054 0.030431 0.220623 9.99561E-05 9.99561E-05 0.054755 0.184482 0.0247715
0.232535 9.99561E-05 0.155608 0.132016 0.0433636 0.0305714 0.114686 0.133294 9.99561E-05 0.157425 9.99561E-05 9.99561E-05 9.99561E-05
0.296468 9.99211E-05 9.99211E-05 9.99211E-05 9.99211E-05 9.99211E-05 9.99211E-05 9.99211E-05 9.99211E-05 0.252879 0.219058 9.99211E-05 0.230695
0.923649 9.99034E-05 9.99034E-05 9.99034E-05 9.99034E-05 9.99034E-05 9.99034E-05 9.99034E-05 9.99034E-05 9.99034E-05 9.99034E-05 9.99034E-05 0.0752526
0.577077 9.99298E-05 9.99298E-05 9.99298E-05 9.99298E-05 0.199489 0.00401363 9.99298E-05 9.99298E-05 0.0884674 9.99298E-05 9.99298E-05 0.130154
0.95483 9.99123E-05 9.99123E-05 0.0159491 0.0282222 9.99123E-05 9.99123E-05 9.99123E-05 9.99123E-05 9.99123E-05 9.99123E-05 9.99123E-05 9.99123E-05
0.795715 9.99122E-05 9.99122E-05 9.99122E-05 9.99122E-05 9.99122E-05 0.165023 9.99122E-05 9.99122E-05 9.99122E-05 9.99122E-05 9.99122E-05 0.0382627
0.663387 9.99298E-05 0.0285219 9.99298E-05 9.99298E-05 0.10963 9.99298E-05 9.99298E-05 0.133073 9.99298E-05 9.99298E-05 9.99298E-05 0.0645888
0.327812 9.99473E-05 9.99473E-05 9.99473E-05 9.99473E-05 9.99473E-05 0.2585 0.0720282 0.000193289 0.168466 0.0376681 9.99473E-05 0.134733
0.187179 9.99385E-05 9.99385E-05 0.0624153 9.99385E-05 9.99385E-05 0.322208 0.123229 9.99385E-05 0.20266 9.99385E-05 9.99385E-05 0.101609
0.664142 9.99474E-05 9.99474E-05 0.0026297 9.99474E-05 0.051909 9.99474E-05 0.0447482 0.0375951 9.99474E-05 9.99474E-05 0.142632 0.0557442
0.142849 0.120101 9.99386E-05 9.99386E-05 0.182304 9.99386E-05 0.333114 9.99386E-05 9.99386E-05 0.0505375 9.99386E-05 9.99386E-05 0.170396
0.372911 0.0194165 9.99561E-05 9.99561E-05 0.0340958 0.0356044 0.0444299 0.149057 9.99561E-05 0.1546 9.99561E-05 9.99561E-05 0.189386
0.988136 0.0107655 9.99034E-05 9.99034E-05 9.99034E-05 9.99034E-05 9.99034E-05 9.99034E-05 9.99034E-05 9.99034E-05 9.99034E-05 9.99034E-05 9.99034E-05
0.497568 0.00468517 0.0441581 0.0282343 9.99649E-05 0.0574125 9.99649E-05 0.129324 9.99649E-05 0.114611 0.0317212 9.99649E-05 0.0918854
0.31587 9.99298E-05 0.172187 9.99298E-05 9.99298E-05 9.99298E-05 0.186561 0.142077 9.99298E-05 0.182506 9.99298E-05 9.99298E-05 9.99298E-05
0.662829 9.99299E-05 9.99299E-05 9.99299E-05 9.99299E-05 0.0644628 0.12266 9.99299E-05 9.99299E-05 0.0613098 9.99299E-05 9.99299E-05 0.087939
0.384385 9.99297E-05 9.99297E-05 0.0175674 9.99297E-05 9.99297E-05 0.248117 9.99297E-05 9.99297E-05 9.99297E-05 0.0865072 9.99297E-05 0.262625
0.316045 0.110423 9.99648E-05 9.99648E-05 9.99648E-05 0.0562225 0.023144 0.0146283 0.0399653 0.109328 0.0272195 9.99648E-05 0.302624
0.681483 9.99298E-05 9.99298E-05 9.99298E-05 9.99298E-05 9.99298E-05 9.99298E-05 0.0567339 0.0565452 0.0355223 9.99298E-05 9.99298E-05 0.168916
0.0304109 0.0161425 9.99561E-05 0.101642 0.134906 9.99561E-05 0.40577 9.99561E-05 0.122684 0.033493 9.99561E-05 9.99561E-05 0.154453
0.795496 0.0578911 9.99299E-05 9.99299E-05 9.99299E-05 9.99299E-05 9.99299E-05 0.0682481 0.0044749 9.99299E-05 9.99299E-05 9.99299E-05 0.0730909
0.575172 9.9921E-05 9.9921E-05 9.9921E-05 9.9921E-05 0.0267194 0.198647 9.9921E-05 9.9921E-05 9.9921E-05 9.9921E-05 9.9921E-05 0.198562
0.805505 9.99298E-05 9.99298E-05 9.99298E-05 9.99298E-05 9.99298E-05 9.99298E-05 9.99298E-05 0.0543875 0.0581962 0.0527484 9.99298E-05 0.0283639
0.695473 0.072914 9.99385E-05 9.99385E-05 9.99385E-05 0.0855062 0.0907842 9.99385E-05 9.99385E-05 0.03142 9.99385E-05 9.99385E-05 0.0232033
0.554843 9.99474E-05 9.99474E-05 9.99474E-05 9.99474E-05 0.0874808 0.0108782 0.0939398 0.112739 0.0172944 9.99474E-05 9.99474E-05 0.122225
0.54827 9.99385E-05 9.99385E-05 0.0703588 9.99385E-05 0.109724 0.139015 9.99385E-05 9.99385E-05 0.00637583 9.99385E-05 9.99385E-05 0.125556
0.589507 9.99649E-05 0.000182942 0.0496086 0.0336246 0.0214011 0.0359875 0.033549 0.0701508 9.99649E-05 9.99649E-05 9.99649E-05 0.165588
0.793147 0.130367 9.99211E-05 9.99211E-05 9.99211E-05 0.0301424 9.99211E-05 9.99211E-05 9.99211E-05 9.99211E-05 9.99211E-05 0.0454447 9.99211E-05
0.688316 9.99473E-05 9.99473E-05 9.99473E-05 9.99473E-05 0.0332204 0.0668122 0.0919088 9.99473E-05 0.0305789 0.0153753 9.99473E-05 0.0731891
0.851749 9.99211E-05 9.99211E-05 0.0445803 9.99211E-05 9.99211E-05 9.99211E-05 0.0948673 9.99211E-05 9.99211E-05 9.99211E-05 0.00790438 9.99211E-05
0.715302 0.0455348 9.99298E-05 9.99298E-05 9.99298E-05 9.99298E-05 9.99298E-05 9.99298E-05 9.99298E-05 0.149655 9.99298E-05 0.0293273 0.0593824
0.562229 9.99474E-05 0.0715968 9.99474E-05 9.99474E-05 0.0283763 9.99474E-05 9.99474E-05 0.0366195 0.0318033 9.99474E-05 0.164586 0.10419
0.61526 9.9921E-05 9.9921E-05 0.16855 9.9921E-05 9.9921E-05 9.9921E-05 9.9921E-05 0.0771771 9.9921E-05 9.9921E-05 9.9921E-05 0.138114
0.813899 9.99298E-05 9.99298E-05 9.99298E-05 9.99298E-05 0.064406 9.99298E-05 0.0368254 9.99298E-05 0.0610447 9.99298E-05 9.99298E-05 0.0230257
0.509814 9.99297E-05 0.0395563 9.99297E-05 9.99297E-05 9.99297E-05 0.336175 9.99297E-05 9.99297E-05 9.99297E-05 0.0543812 9.99297E-05 0.0592741
0.914062 9.99298E-05 9.99298E-05 9.99298E-05 9.99298E-05 9.99298E-05 0.0224748 0.00603309 0.0276269 9.99298E-05 9.99298E-05 0.0290036 9.99298E-05
0.408794 9.99385E-05 9.99385E-05 9.99385E-05 9.99385E-05 0.0979237 0.176359 9.99385E-05 9.99385E-05 0.0575284 0.044346 9.99385E-05 0.214349
0.310064 9.99298E-05 0.102779 9.99298E-05 9.99298E-05 9.99298E-05 0.0476039 0.357875 9.99298E-05 9.99298E-05 9.99298E-05 9.99298E-05 0.180879
0.904248 0.0617832 0.00603759 9.99297E-05 9.99297E-05 9.99297E-05 9.99297E-05 0.00463901 9.99297E-05 9.99297E-05 9.99297E-05 9.99297E-05 0.0224922
0.866539 9.99386E-05 9.99386E-05 9.99386E-05 0.0326465 0.0155017 9.99386E-05 9.99386E-05 9.99386E-05 0.0164373 9.99386E-05 0.00251204 0.0656639
0.976561 9.99123E-05 0.0139934 9.99123E-05 9.99123E-05 9.99123E-05 9.99123E-05 9.99123E-05 9.99123E-05 9.99123E-05 9.99123E-05 9.99123E-05 0.00844626
0.656408 9.99297E-05 9.99297E-05 9.99297E-05 9.99297E-05 0.0956154 0.0933178 0.0128481 9.99297E-05 9.99297E-05 9.99297E-05 9.99297E-05 0.141011
0.761601 0.00422068 0.0334807 0.132204 0.0377657 0.0300283 9.99387E-05 9.99387E-05 9.99387E-05 9.99387E-05 9.99387E-05 9.99387E-05 9.99387E-05
0.307279 9.99561E-05 9.99561E-05 9.99561E-05 0.0252243 0.0953578 0.0811292 0.0802008 0.0730053 0.128647 9.99561E-05 9.99561E-05 0.208657
0.700606 0.0051978 0.0839692 0.0473574 9.99473E-05 9.99473E-05 9.99473E-05 0.079661 9.99473E-05 0.0306443 0.051965 9.99473E-05 9.99473E-05
0.93422 9.99122E-05 9.99122E-05 9.99122E-05 0.046239 9.99122E-05 9.99122E-05 9.99122E-05 9.99122E-05 9.99122E-05 9.99122E-05 9.99122E-05 0.0185419
0.589325 9.99299E-05 0.174272 0.141931 9.99299E-05 9.99299E-05 9.99299E-05 9.99299E-05 9.99299E-05 0.0156932 9.99299E-05 9.99299E-05 0.0779803
0.740771 9.99299E-05 0.0739849 9.99299E-05 9.99299E-05 9.99299E-05 9.99299E-05 0.0435513 9.99299E-05 9.99299E-05 0.0751969 9.99299E-05 0.0656964
0.74636 0.0627478 0.00333644 9.99386E-05 0.011524 0.081784 9.99386E-05 9.99386E-05 0.0935487 9.99386E-05 9.99386E-05 9.99386E-05 9.99386E-05
0.803594 9.99386E-05 9.99386E-05 9.99386E-05 0.0950376 9.99386E-05 9.99386E-05 0.000434541 9.99386E-05 0.0171467 9.99386E-05 0.0630593 0.0200283
0.80127 9.9921E-05 9.9921E-05 9.9921E-05 9.9921E-05 0.0166956 9.9921E-05 0.111085 9.9921E-05 9.9921E-05 9.9921E-05 9.9921E-05 0.0700507
0.854221 9.99298E-05 0.00688633 9.99298E-05 9.99298E-05 0.0344865 9.99298E-05 0.0188975 9.99298E-05 9.99298E-05 9.99298E-05 0.0847089 9.99298E-05
9.99386E-05 9.99386E-05 9.99386E-05 9.99386E-05 0.0632551 0.0223749 0.554612 9.99386E-05 9.99386E-05 0.0523041 9.99386E-05 0.0897217 0.217032
9.99036E-05 9.99036E-05 9.99036E-05 9.99036E-05 9.99036E-05 9.99036E-05 0.90618 9.99036E-05 9.99036E-05 9.99036E-05 0.092721 9.99036E-05 9.99036E-05
0.0187408 9.99298E-05 9.99298E-05 9.99298E-05 0.103539 9.99298E-05 0.709701 9.99298E-05 0.0205075 9.99298E-05 9.99298E-05 0.146712 9.99298E-05
9.99473E-05 9.99473E-05 9.99473E-05 9.99473E-05 0.0696168 0.0155869 0.221586 9.99473E-05 0.122057 0.105443 9.99473E-05 0.340989 0.12412
9.9956E-05 0.0546661 9.9956E-05 0.123477 0.0569254 0.0524454 0.505362 9.9956E-05 9.9956E-05 0.127151 9.9956E-05 0.056649 0.022824
9.99384E-05 9.99384E-05 9.99384E-05 9.99384E-05 9.99384E-05 0.0373864 0.643172 9.99384E-05 9.99384E-05 0.0502182 0.0432961 0.0346667 0.190561
9.99297E-05 9.99297E-05 9.99297E-05 9.99297E-05 9.99297E-05 0.0310887 0.363521 0.0513455 9.99297E-05 9.99297E-05 9.99297E-05 0.376871 0.176374
9.99297E-05 9.99297E-05 9.99297E-05 9.99297E-05 0.178709 9.99297E-05 0.383043 9.99297E-05 9.99297E-05 0.0753984 9.99297E-05 0.219056 0.142994
9.99122E-05 9.99122E-05 9.99122E-05 9.99122E-05 9.99122E-05 9.99122E-05 0.835802 9.99122E-05 9.99122E-05 9.99122E-05 0.0392203 0.123978 9.99122E-05
0.00166682 9.99473E-05 9.99473E-05 9.99473E-05 0.0409116 0.0724384 0.733137 0.111797 9.99473E-05 0.016221 9.99473E-05 0.023228 9.99473E-05
9.99384E-05 9.99384E-05 9.99384E-05 9.99384E-05 0.0400845 0.188209 0.317728 0.0111666 9.99384E-05 0.0407718 9.99384E-05 9.99384E-05 0.401341
9.99472E-05 9.99472E-05 9.99472E-05 0.137802 0.010309 0.0927965 0.392137 0.100122 9.99472E-05 9.99472E-05 9.99472E-05 0.148612 0.117622
9.99561E-05 0.0476911 0.184841 0.0118143 9.99561E-05 0.190321 0.34817 0.0111618 9.99561E-05 0.151251 9.99561E-05 0.0542504 9.99561E-05
9.99297E-05 9.99297E-05 9.99297E-05 0.0375004 9.99297E-05 9.99297E-05 0.547487 0.0544164 9.99297E-05 9.99297E-05 9.99297E-05 0.103777 0.25602
9.99562E-05 9.99562E-05 9.99562E-05 0.0170575 0.0372 0.0473653 0.770764 9.99562E-05 0.0555869 9.99562E-05 0.0403074 0.0266907 0.00452815
9.99386E-05 9.99386E-05 9.99386E-05 9.99386E-05 9.99386E-05 0.0507892 0.800298 9.99386E-05 0.000433713 0.0132356 9.99386E-05 0.0609447 0.0735997
9.99472E-05 9.99472E-05 9.99472E-05 0.00191819 0.0893785 9.99472E-05 0.574369 0.0523811 9.99472E-05 9.99472E-05 0.0676503 0.0887769 0.124926
9.99297E-05 9.99297E-05 9.99297E-05 9.99297E-05 0.036594 0.153977 0.622003 0.163211 9.99297E-05 0.0234158 9.99297E-05 9.99297E-05 9.99297E-05
9.99386E-05 9.99386E-05 9.99386E-05 9.99386E-05 0.115901 0.0087454 0.676708 0.0735023 9.99386E-05 9.99386E-05 9.99386E-05 0.00538344 0.11906
9.99297E-05 9.99297E-05 9.99297E-05 0.113167 0.00171262 9.99297E-05 0.539514 9.99297E-05 9.99297E-05 9.99297E-05 9.99297E-05 0.0451757 0.299631
0.0160762 9.99388E-05 9.99388E-05 0.0379882 0.00663469 9.99388E-05 0.805251 9.99388E-05 9.99388E-05 9.99388E-05 9.99388E-05 0.0891797 0.044171
9.99296E-05 9.99296E-05 9.99296E-05 9.99296E-05 0.0114603 9.99296E-05 0.714915 0.0336477 9.99296E-05 9.99296E-05 9.99296E-05 0.092392 0.146786
9.99385E-05 0.0461884 9.99385E-05 9.99385E-05 0.0130197 9.99385E-05 0.648289 9.99385E-05 0.161059 9.99385E-05 9.99385E-05 0.037723 0.0930222
9.99473E-05 9.99473E-05 0.0658073 9.99473E-05 0.0952496 9.99473E-05 0.493911 0.202717 9.99473E-05 0.0826567 0.0386213 9.99473E-05 0.0204378
9.99297E-05 9.99297E-05 9.99297E-05 9.99297E-05 9.99297E-05 0.203469 0.690285 0.000486941 9.99297E-05 0.0044718 9.99297E-05 9.99297E-05 0.100487
0.106786 0.0286416 9.99474E-05 9.99474E-05 9.99474E-05 9.99474E-05 0.572475 9.99474E-05 0.0531816 0.0446295 9.99474E-05 0.162773 0.0309132
0.00655898 9.99212E-05 9.99212E-05 9.99212E-05 0.134938 9.99212E-05 0.835349 9.99212E-05 9.99212E-05 9.99212E-05 0.0222543 9.99212E-05 9.99212E-05
9.99299E-05 9.99299E-05 9.99299E-05 9.99299E-05 0.0340198 9.99299E-05 0.775915 9.99299E-05 9.99299E-05 9.99299E-05 0.0233557 0.11799 0.0479192
0.0275545 9.99298E-05 9.99298E-05 9.99298E-05 0.170741 9.99298E-05 0.6791 9.99298E-05 9.99298E-05 0.0225034 9.99298E-05 9.99298E-05 0.0993015
0.0902603 9.99387E-05 9.99387E-05 9.99387E-05 9.99387E-05 9.99387E-05 0.428437 9.99387E-05 0.12847 0.0908026 9.99387E-05 0.0618584 0.199472
9.99122E-05 9.99122E-05 9.99122E-05 9.99122E-05 9.99122E-05 9.99122E-05 9.99122E-05 9.99122E-05 0.567368 0.232417 9.99122E-05 9.99122E-05 0.199215
0.0146337 9.99211E-05 9.99211E-05 9.99211E-05 9.99211E-05 9.99211E-05 9.99211E-05 9.99211E-05 0.888178 0.0245712 9.99211E-05 9.99211E-05 0.0717177
9.99296E-05 9.99296E-05 0.0611926 9.99296E-05 9.99296E-05 0.0579649 9.99296E-05 9.99296E-05 0.692689 0.0550316 9.99296E-05 9.99296E-05 0.132323
9.99473E-05 0.0122005 0.0797768 9.99473E-05 0.0126242 0.0458149 9.99473E-05 9.99473E-05 0.468134 0.0834746 9.99473E-05 9.99473E-05 0.297375
9.99472E-05 0.02558 9.99472E-05 9.99472E-05 0.0200618 0.00665176 9.99472E-05 9.99472E-05 0.541586 0.213281 0.0802209 9.99472E-05 0.112019
9.99297E-05 9.99297E-05 9.99297E-05 9.99297E-05 9.99297E-05 9.99297E-05 9.99297E-05 0.0778129 0.458902 0.184665 9.99297E-05 0.0922395 0.185581
9.99297E-05 9.99297E-05 9.99297E-05 9.99297E-05 0.074068 0.0598156 9.99297E-05 9.99297E-05 0.591011 0.182717 9.99297E-05 9.99297E-05 0.0915881
9.9921E-05 9.9921E-05 9.9921E-05 9.9921E-05 9.9921E-05 0.0236347 9.9921E-05 9.9921E-05 0.582763 0.312667 9.9921E-05 9.9921E-05 0.0800369
9.99297E-05 9.99297E-05 9.99297E-05 9.99297E-05 9.99297E-05 0.0246241 9.99297E-05 9.99297E-05 0.106579 0.4356 9.99297E-05 0.303637 0.12876
9.99297E-05 9.99297E-05 9.99297E-05 9.99297E-05 0.0234371 9.99297E-05 9.99297E-05 0.0349659 0.337061 0.304524 9.99297E-05 9.99297E-05 0.299212
9.9921E-05 9.9921E-05 9.9921E-05 9.9921E-05 9.9921E-05 9.9921E-05 9.9921E-05 9.9921E-05 0.644384 0.0267141 9.9921E-05 0.308895 0.0191077
9.99298E-05 0.0109901 9.99298E-05 9.99298E-05 9.99298E-05 0.079055 9.99298E-05 9.99298E-05 0.638855 9.99298E-05 9.99298E-05 0.153612 0.116688
9.99209E-05 9.99209E-05 9.99209E-05 9.99209E-05 0.00973206 0.044509 9.99209E-05 9.99209E-05 0.760466 0.184393 9.99209E-05 9.99209E-05 9.99209E-05
9.9921E-05 9.9921E-05 9.9921E-05 9.9921E-05 9.9921E-05 9.9921E-05 9.9921E-05 9.9921E-05 0.512105 0.192613 0.0218725 9.9921E-05 0.272511
9.99473E-05 0.0146007 9.99473E-05 9.99473E-05 0.185141 0.0365149 9.99473E-05 0.00696703 0.612802 0.0955624 9.99473E-05 9.99473E-05 0.0478123
9.99473E-05 9.99473E-05 9.99473E-05 0.0204636 9.99473E-05 0.0723568 9.99473E-05 0.000256676 0.489027 0.0676135 9.99473E-05 0.111991 0.237692
9.99297E-05 0.0897863 9.99297E-05 9.99297E-05 9.99297E-05 9.99297E-05 9.99297E-05 9.99297E-05 0.544298 0.0495547 9.99297E-05 0.179278 0.136284
9.9921E-05 9.9921E-05 0.168156 9.9921E-05 9.9921E-05 0.0542416 9.9921E-05 9.9921E-05 0.565047 0.211656 9.9921E-05 9.9921E-05 9.9921E-05
9.99297E-05 9.99297E-05 0.0753975 9.99297E-05 9.99297E-05 0.069936 9.99297E-05 9.99297E-05 0.709131 0.134258 9.99297E-05 0.0104782 9.99297E-05
9.99473E-05 0.0531351 9.99473E-05 0.0263486 9.99473E-05 0.029678 0.0545101 9.99473E-05 0.49207 0.200881 9.99473E-05 9.99473E-05 0.142778
9.99385E-05 9.99385E-05 0.094926 9.99385E-05 9.99385E-05 9.99385E-05 9.99385E-05 0.00368704 0.521663 0.0782502 9.99385E-05 0.151886 0.148888
9.99297E-05 9.99297E-05 9.99297E-05 9.99297E-05 0.0466015 0.0385532 9.99297E-05 9.99297E-05 0.591767 0.0969009 9.99297E-05 9.99297E-05 0.225378
9.99648E-05 0.0541766 0.0470614 0.00347418 9.99648E-05 0.00188843 9.99648E-05 0.00539291 0.209071 0.33202 9.99648E-05 0.0733269 0.273189
9.99297E-05 0.00671885 9.99297E-05 9.99297E-05 9.99297E-05 9.99297E-05 9.99297E-05 9.99297E-05 0.665052 0.116868 0.0368658 9.99297E-05 0.173697
9.99297E-05 0.125007 9.99297E-05 9.99297E-05 9.99297E-05 9.99297E-05 9.99297E-05 9.99297E-05 0.200045 0.318344 9.99297E-05 0.0550961 0.300708
9.99211E-05 9.99211E-05 9.99211E-05 9.99211E-05 9.99211E-05 9.99211E-05 9.99211E-05 9.99211E-05 0.533119 0.150801 9.99211E-05 0.133772 0.181408
0.0300947 9.99211E-05 9.99211E-05 9.99211E-05 9.99211E-05 9.99211E-05 9.99211E-05 9.99211E-05 0.788906 9.99211E-05 0.143563 9.99211E-05 0.0365374
9.99472E-05 0.0102202 0.106338 9.99472E-05 9.99472E-05 0.0594034 9.99472E-05 0.0932257 0.425863 0.135007 9.99472E-05 9.99472E-05 0.169344
9.9921E-05 9.9921E-05 9.9921E-05 9.9921E-05 9.9921E-05 9.9921E-05 9.9921E-05 9.9921E-05 0.305894 0.298825 9.9921E-05 0.10342 0.290962
9.99385E-05 0.0538612 9.99385E-05 9.99385E-05 9.99385E-05 0.0433924 9.99385E-05 9.99385E-05 0.535339 0.0820841 9.99385E-05 0.00599464 0.278629
9.99298E-05 9.99298E-05 9.99298E-05 9.99298E-05 9.99298E-05 0.110713 9.99298E-05 9.99298E-05 0.509515 0.0687531 9.99298E-05 0.0510824 0.259137
9.99385E-05 0.0265703 9.99385E-05 0.0306212 9.99385E-05 0.0905082 9.99385E-05 9.99385E-05 0.719413 0.00119979 9.99385E-05 9.99385E-05 0.130988
9.99385E-05 0.196255 0.089423 9.99385E-05 9.99385E-05 0.0103584 9.99385E-05 9.99385E-05 0.211394 0.322827 9.99385E-05 9.99385E-05 0.169044
9.99384E-05 0.0888431 9.99384E-05 9.99384E-05 9.99384E-05 0.0177133 0.0319292 9.99384E-05 0.512456 0.109554 9.99384E-05 9.99384E-05 0.238806
9.99297E-05 9.99297E-05 9.99297E-05 9.99297E-05 0.0736499 0.0394311 9.99297E-05 9.99297E-05 0.698376 0.0741787 9.99297E-05 9.99297E-05 0.113565
9.99384E-05 9.99384E-05 9.99384E-05 0.032996 9.99384E-05 0.0751522 9.99384E-05 0.0574144 0.644763 0.118476 9.99384E-05 0.0704995 9.99384E-05
9.99296E-05 9.99296E-05 9.99296E-05 9.99296E-05 0.0808602 0.0510164 9.99296E-05 9.99296E-05 0.4331 0.143955 9.99296E-05 9.99296E-05 0.290269
9.99035E-05 9.99035E-05 9.99035E-05 9.99035E-05 9.99035E-05 9.99035E-05 9.99035E-05 9.99035E-05 0.96854 0.0303616 9.99035E-05 9.99035E-05 9.99035E-05
9.99298E-05 9.99298E-05 9.99298E-05 9.99298E-05 0.0295108 0.0345122 9.99298E-05 9.99298E-05 0.667431 0.0545736 9.99298E-05 9.99298E-05 0.213173
9.99211E-05 9.99211E-05 0.00155836 9.99211E-05 0.0186483 9.99211E-05 9.99211E-05 9.99211E-05 0.900016 0.0788782 9.99211E-05 9.99211E-05 9.99211E-05
9.99211E-05 0.0257323 9.99211E-05 9.99211E-05 9.99211E-05 9.99211E-05 9.99211E-05 9.99211E-05 0.861684 0.0157222 9.99211E-05 0.0959617 9.99211E-05
9.99385E-05 9.99385E-05 0.0175581 9.99385E-05 9.99385E-05 0.0289662 9.99385E-05 9.99385E-05 0.287507 0.174092 9.99385E-05 0.151241 0.339937
9.99385E-05 9.99385E-05 0.0631227 0.0520535 9.99385E-05 9.99385E-05 0.0415584 9.99385E-05 0.583546 0.201441 9.99385E-05 9.99385E-05 0.0575783
9.99211E-05 9.99211E-05 9.99211E-05 9.99211E-05 9.99211E-05 9.99211E-05 9.99211E-05 9.99211E-05 0.748306 0.157806 9.99211E-05 0.0290603 0.0639286
0.0289465 9.99211E-05 9.99211E-05 9.99211E-05 9.99211E-05 9.99211E-05 9.99211E-05 9.99211E-05 0.843521 9.99211E-05 9.99211E-05 0.0229961 0.103637
9.99473E-05 0.169914 9.99473E-05 9.99473E-05 0.0261172 0.0126393 9.99473E-05 9.99473E-05 0.236025 0.272594 9.99473E-05 0.224676 0.0574338
9.99385E-05 9.99385E-05 9.99385E-05 9.99385E-05 0.0564473 0.034879 0.180824 9.99385E-05 0.467712 0.116234 9.99385E-05 9.99385E-05 0.143204
9.99386E-05 9.99386E-05 9.99386E-05 9.99386E-05 0.0586065 9.99386E-05 9.99386E-05 9.99386E-05 0.37251 0.186022 0.150265 0.144389 0.087507
9.99298E-05 0.170404 9.99298E-05 9.99298E-05 9.99298E-05 9.99298E-05 0.149541 9.99298E-05 0.211298 0.269966 9.99298E-05 9.99298E-05 0.197992
9.99036E-05 9.99036E-05 9.99036E-05 9.99036E-05 9.99036E-05 9.99036E-05 9.99036E-05 9.99036E-05 0.9783 9.99036E-05 9.99036E-05 9.99036E-05 0.0206006
9.99385E-05 9.99385E-05 9.99385E-05 0.0798048 9.99385E-05 0.0645047 9.99385E-05 0.176984 0.306667 0.0532697 9.99385E-05 9.99385E-05 0.31807
9.99123E-05 9.99123E-05 9.99123E-05 9.99123E-05 9.99123E-05 9.99123E-05 9.99123E-05 9.99123E-05 0.839604 0.112424 9.99123E-05 0.0469728 9.99123E-05
9.9921E-05 9.9921E-05 9.9921E-05 9.9921E-05 9.9921E-05 0.118153 9.9921E-05 9.9921E-05 0.663003 0.0901764 9.9921E-05 9.9921E-05 0.127769
9.99385E-05 9.99385E-05 9.99385E-05 0.151373 0.00276178 9.99385E-05 9.99385E-05 9.99385E-05 0.569638 0.162044 9.99385E-05 0.0910717 0.0224114
9.99384E-05 9.99384E-05 9.99384E-05 9.99384E-05 0.0372008 0.0763205 9.99384E-05 0.175763 0.623233 0.0263055 9.99384E-05 9.99384E-05 0.0604778
9.99297E-05 0.0194123 9.99297E-05 9.99297E-05 9.99297E-05 9.99297E-05 9.99297E-05 9.99297E-05 0.220958 0.282247 9.99297E-05 0.240787 0.235796
9.99208E-05 9.99208E-05 9.99208E-05 9.99208E-05 9.99208E-05 0.00908885 9.99208E-05 9.99208E-05 0.600551 0.209275 9.99208E-05 9.99208E-05 0.180185
9.99472E-05 0.029198 9.99472E-05 0.0806878 9.99472E-05 0.0468593 9.99472E-05 0.0193278 0.632206 0.0959194 9.99472E-05 9.99472E-05 0.0952015
9.99297E-05 0.172647 9.99297E-05 0.0097921 9.99297E-05 0.00281845 9.99297E-05 9.99297E-05 0.69413 9.99297E-05 9.99297E-05 9.99297E-05 0.119813
9.9921E-05 9.9921E-05 9.9921E-05 9.9921E-05 9.9921E-05 9.9921E-05 9.9921E-05 9.9921E-05 0.643924 0.238454 9.9921E-05 0.0472001 0.0695224
9.98944E-05 9.98944E-05 9.98944E-05 9.98944E-05 9.98944E-05 9.98944E-05 9.98944E-05 9.98944E-05 9.98944E-05 9.98944E-05 9.98944E-05 9.98944E-05 0.998801
9.98944E-05 9.98944E-05 9.98944E-05 9.98944E-05 9.98944E-05 9.98944E-05 9.98944E-05 9.98944E-05 9.98944E-05 0.998801 9.98944E-05 9.98944E-05 9.98944E-05
9.98943E-05 9.98943E-05 9.98943E-05 9.98943E-05 9.98943E-05 9.98943E-05 9.98943E-05 9.98943E-05 9.98943E-05 9.98943E-05 9.98943E-05 9.98943E-05 0.998801
9.98944E-05 9.98944E-05 9.98944E-05 9.98944E-05 9.98944E-05 9.98944E-05 9.98944E-05 9.98944E-05 9.98944E-05 0.998801 9.98944E-05 9.98944E-05 9.98944E-05
9.98945E-05 9.98945E-05 9.98945E-05 9.98945E-05 9.98945E-05 9.98945E-05 9.98945E-05 9.98945E-05 9.98945E-05 0.998801 9.98945E-05 9.98945E-05 9.98945E-05
9.98944E-05 9.98944E-05 9.98944E-05 9.98944E-05 9.98944E-05 9.98944E-05 9.98944E-05 9.98944E-05 9.98944E-05 0.998801 9.98944E-05 9.98944E-05 9.98944E-05
9.98944E-05 9.98944E-05 9.98944E-05 9.98944E-05 9.98944E-05 9.98944E-05 9.98944E-05 9.98944E-05 9.98944E-05 9.98944E-05 9.98944E-05 9.98944E-05 0.998801
9.98945E-05 9.98945E-05 9.98945E-05 9.98945E-05 9.98945E-05 9.98945E-05 9.98945E-05 9.98945E-05 9.98945E-05 0.998801 9.98945E-05 9.98945E-05 9.98945E-05
9.98944E-05 9.98944E-05 9.98944E-05 9.98944E-05 9.98944E-05 9.98944E-05 9.98944E-05 9.98944E-05 9.98944E-05 0.998801 9.98944E-05 9.98944E-05 9.98944E-05
9.98944E-05 9.98944E-05 9.98944E-05 9.98944E-05 9.98944E-05 9.98944E-05 9.98944E-05 9.98944E-05 9.98944E-05 9.98944E-05 9.98944E-05 9.98944E-05 0.998801
9.98944E-05 9.98944E-05 9.98944E-05 9.98944E-05 9.98944E-05 9.98944E-05 9.98944E-05 9.98944E-05 9.98944E-05 9.98944E-05 9.98944E-05 9.98944E-05 0.998801
9.98944E-05 9.98944E-05 9.98944E-05 9.98944E-05 9.98944E-05 9.98944E-05 9.98944E-05 9.98944E-05 9.98944E-05 9.98944E-05 9.98944E-05 9.98944E-05 0.998801
9.98944E-05 9.98944E-05 9.98944E-05 9.98944E-05 9.98944E-05 9.98944E-05 9.98944E-05 9.98944E-05 9.98944E-05 0.998801 9.98944E-05 9.98944E-05 9.98944E-05
9.98944E-05 9.98944E-05 9.98944E-05 9.98944E-05 9.98944E-05 9.98944E-05 9.98944E-05 9.98944E-05 9.98944E-05 0.998801 9.98944E-05 9.98944E-05 9.98944E-05
9.98944E-05 9.98944E-05 9.98944E-05 9.98944E-05 9.98944E-05 9.98944E-05 9.98944E-05 9.98944E-05 9.98944E-05 9.98944E-05 9.98944E-05 9.98944E-05 0.998801
9.98944E-05 9.98944E-05 9.98944E-05 9.98944E-05 9.98944E-05 9.98944E-05 9.98944E-05 9.98944E-05 9.98944E-05 9.98944E-05 9.98944E-05 9.98944E-05 0.998801
9.9956E-05 0.0228334 9.9956E-05 0.0296561 9.9956E-05 9.9956E-05 9.9956E-05 0.211993 0.318824 0.15671 0.0664724 0.0136458 0.179365
9.98944E-05 9.98944E-05 9.98944E-05 9.98944E-05 9.98944E-05 9.98944E-05 9.98944E-05 9.98944E-05 9.98944E-05 9.98944E-05 9.98944E-05 9.98944E-05 0.998801
9.99033E-05 9.99033E-05 9.99033E-05 9.99033E-05 9.99033E-05 9.99033E-05 9.99033E-05 9.99033E-05 9.99033E-05 0.983718 9.99033E-05 9.99033E-05 0.0151834
9.98944E-05 9.98944E-05 9.98944E-05 9.98944E-05 9.98944E-05 9.98944E-05 9.98944E-05 9.98944E-05 9.98944E-05 9.98944E-05 9.98944E-05 9.98944E-05 0.998801
9.98944E-05 9.98944E-05 9.98944E-05 9.98944E-05 9.98944E-05 9.98944E-05 9.98944E-05 9.98944E-05 9.98944E-05 9.98944E-05 9.98944E-05 9.98944E-05 0.998801
9.98945E-05 9.98945E-05 9.98945E-05 9.98945E-05 9.98945E-05 9.98945E-05 9.98945E-05 9.98945E-05 9.98945E-05 9.98945E-05 9.98945E-05 9.98945E-05 0.998801
9.98944E-05 9.98944E-05 9.98944E-05 9.98944E-05 9.98944E-05 9.98944E-05 9.98944E-05 9.98944E-05 9.98944E-05 0.998801 9.98944E-05 9.98944E-05 9.98944E-05
9.98946E-05 9.98946E-05 9.98946E-05 9.98946E-05 9.98946E-05 9.98946E-05 9.98946E-05 9.98946E-05 9.98946E-05 9.98946E-05 9.98946E-05 9.98946E-05 0.998801
9.98944E-05 9.98944E-05 9.98944E-05 9.98944E-05 9.98944E-05 9.98944E-05 9.98944E-05 9.98944E-05 9.98944E-05 0.998801 9.98944E-05 9.98944E-05 9.98944E-05
9.98945E-05 9.98945E-05 9.98945E-05 9.98945E-05 9.98945E-05 9.98945E-05 9.98945E-05 9.98945E-05 9.98945E-05 9.98945E-05 9.98945E-05 9.98945E-05 0.998801
9.98944E-05 9.98944E-05 9.98944E-05 9.98944E-05 9.98944E-05 9.98944E-05 9.98944E-05 9.98944E-05 9.98944E-05 9.98944E-05 9.98944E-05 9.98944E-05 0.998801
9.98944E-05 9.98944E-05 9.98944E-05 9.98944E-05 9.98944E-05 9.98944E-05 9.98944E-05 9.98944E-05 9.98944E-05 0.998801 9.98944E-05 9.98944E-05 9.98944E-05
9.98944E-05 9.98944E-05 9.98944E-05 9.98944E-05 9.98944E-05 9.98944E-05 9.98944E-05 9.98944E-05 9.98944E-05 0.998801 9.98944E-05 9.98944E-05 9.98944E-05
9.98944E-05 9.98944E-05 9.98944E-05 9.98944E-05 9.98944E-05 9.98944E-05 9.98944E-05 9.98944E-05 9.98944E-05 0.998801 9.98944E-05 9.98944E-05 9.98944E-05
9.98944E-05 9.98944E-05 9.98944E-05 9.98944E-05 9.98944E-05 9.98944E-05 9.98944E-05 9.98944E-05 9.98944E-05 9.98944E-05 9.98944E-05 9.98944E-05 0.998801
9.98944E-05 9.98944E-05 9.98944E-05 9.98944E-05 9.98944E-05 9.98944E-05 9.98944E-05 9.98944E-05 9.98944E-05 9.98944E-05 9.98944E-05 9.98944E-05 0.998801
9.98944E-05 9.98944E-05 9.98944E-05 9.98944E-05 9.98944E-05 9.98944E-05 9.98944E-05 9.98944E-05 9.98944E-05 9.98944E-05 9.98944E-05 9.98944E-05 0.998801
9.98944E-05 9.98944E-05 9.98944E-05 9.98944E-05 9.98944E-05 9.98944E-05 9.98944E-05 9.98944E-05 9.98944E-05 9.98944E-05 9.98944E-05 9.98944E-05 0.998801
9.98944E-05 9.98944E-05 9.98944E-05 9.98944E-05 9.98944E-05 9.98944E-05 9.98944E-05 9.98944E-05 9.98944E-05 9.98944E-05 9.98944E-05 9.98944E-05 0.998801
9.98944E-05 9.98944E-05 9.98944E-05 9.98944E-05 9.98944E-05 9.98944E-05 9.98944E-05 9.98944E-05 9.98944E-05 0.998801 9.98944E-05 9.98944E-05 9.98944E-05
9.98944E-05 9.98944E-05 9.98944E-05 9.98944E-05 9.98944E-05 9.98944E-05 9.98944E-05 9.98944E-05 9.98944E-05 0.998801 9.98944E-05 9.98944E-05 9.98944E-05
9.98944E-05 9.98944E-05 9.98944E-05 9.98944E-05 9.98944E-05 9.98944E-05 9.98944E-05 9.98944E-05 9.98944E-05 0.998801 9.98944E-05 9.98944E-05 9.98944E-05
9.98944E-05 9.98944E-05 9.98944E-05 9.98944E-05 9.98944E-05 9.98944E-05 9.98944E-05 9.98944E-05 9.98944E-05 9.98944E-05 9.98944E-05 9.98944E-05 0.998801
9.98944E-05 9.98944E-05 9.98944E-05 9.98944E-05 9.98944E-05 9.98944E-05 9.98944E-05 9.98944E-05 9.98944E-05 0.998801 9.98944E-05 9.98944E-05 9.98944E-05
9.98945E-05 9.98945E-05 9.98945E-05 9.98945E-05 9.98945E-05 9.98945E-05 9.98945E-05 9.98945E-05 9.98945E-05 0.998801 9.98945E-05 9.98945E-05 9.98945E-05
9.98945E-05 9.98945E-05 9.98945E-05 9.98945E-05 9.98945E-05 9.98945E-05 9.98945E-05 9.98945E-05 9.98945E-05 0.998801 9.98945E-05 9.98945E-05 9.98945E-05
9.98944E-05 9.98944E-05 9.98944E-05 9.98944E-05 9.98944E-05 9.98944E-05 9.98944E-05 9.98944E-05 9.98944E-05 0.998801 9.98944E-05 9.98944E-05 9.98944E-05
9.98944E-05 9.98944E-05 9.98944E-05 9.98944E-05 9.98944E-05 9.98944E-05 9.98944E-05 9.98944E-05 9.98944E-05 9.98944E-05 9.98944E-05 9.98944E-05 0.998801
9.98944E-05 9.98944E-05 9.98944E-05 9.98944E-05 9.98944E-05 9.98944E-05 9.98944E-05 9.98944E-05 9.98944E-05 0.998801 9.98944E-05 9.98944E-05 9.98944E-05
9.98944E-05 9.98944E-05 9.98944E-05 9.98944E-05 9.98944E-05 9.98944E-05 9.98944E-05 9.98944E-05 9.98944E-05 0.998801 9.98944E-05 9.98944E-05 9.98944E-05
9.99472E-05 9.99472E-05 9.99472E-05 0.00718208 9.99472E-05 9.99472E-05 9.99472E-05 0.228554 0.277227 0.0920304 0.149085 0.0420248 0.203297
9.98944E-05 9.98944E-05 9.98944E-05 9.98944E-05 9.98944E-05 9.98944E-05 9.98944E-05 9.98944E-05 9.98944E-05 9.98944E-05 9.98944E-05 9.98944E-05 0.998801
9.98945E-05 9.98945E-05 9.98945E-05 9.98945E-05 9.98945E-05 9.98945E-05 9.98945E-05 9.98945E-05 9.98945E-05 0.998801 9.98945E-05 9.98945E-05 9.98945E-05
9.98943E-05 9.98943E-05 9.98943E-05 9.98943E-05 9.98943E-05 9.98943E-05 9.98943E-05 9.98943E-05 9.98943E-05 0.998801 9.98943E-05 9.98943E-05 9.98943E-05
9.98944E-05 9.98944E-05 9.98944E-05 9.98944E-05 9.98944E-05 9.98944E-05 9.98944E-05 9.98944E-05 9.98944E-05 0.998801 9.98944E-05 9.98944E-05 9.98944E-05
9.98945E-05 9.98945E-05 9.98945E-05 9.98945E-05 9.98945E-05 9.98945E-05 9.98945E-05 9.98945E-05 9.98945E-05 0.998801 9.98945E-05 9.98945E-05 9.98945E-05
9.98944E-05 9.98944E-05 9.98944E-05 9.98944E-05 9.98944E-05 9.98944E-05 9.98944E-05 9.98944E-05 9.98944E-05 9.98944E-05 9.98944E-05 9.98944E-05 0.998801
9.98945E-05 9.98945E-05 9.98945E-05 9.98945E-05 9.98945E-05 9.98945E-05 9.98945E-05 9.98945E-05 9.98945E-05 0.998801 9.98945E-05 9.98945E-05 9.98945E-05
9.98944E-05 9.98944E-05 9.98944E-05 9.98944E-05 9.98944E-05 9.98944E-05 9.98944E-05 9.98944E-05 9.98944E-05 9.98944E-05 9.98944E-05 9.98944E-05 0.998801
9.98944E-05 9.98944E-05 9.98944E-05 9.98944E-05 9.98944E-05 9.98944E-05 9.98944E-05 9.98944E-05 9.98944E-05 0.998801 9.98944E-05 9.98944E-05 9.98944E-05
9.98944E-05 9.98944E-05 9.98944E-05 9.98944E-05 9.98944E-05 9.98944E-05 9.98944E-05 9.98944E-05 9.98944E-05 9.98944E-05 9.98944E-05 9.98944E-05 0.998801
9.98945E-05 9.98945E-05 9.98945E-05 9.98945E-05 9.98945E-05 9.98945E-05 9.98945E-05 9.98945E-05 9.98945E-05 0.998801 9.98945E-05 9.98945E-05 9.98945E-05
9.98944E-05 9.98944E-05 9.98944E-05 9.98944E-05 9.98944E-05 9.98944E-05 9.98944E-05 9.98944E-05 9.98944E-05 0.998801 9.98944E-05 9.98944E-05 9.98944E-05
9.98944E-05 9.98944E-05 9.98944E-05 9.98944E-05 9.98944E-05 9.98944E-05 9.98944E-05 9.98944E-05 9.98944E-05 0.998801 9.98944E-05 9.98944E-05 9.98944E-05
9.98944E-05 9.98944E-05 9.98944E-05 9.98944E-05 9.98944E-05 9.98944E-05 9.98944E-05 9.98944E-05 9.98944E-05 0.998801 9.98944E-05 9.98944E-05 9.98944E-05
9.98945E-05 9.98945E-05 9.98945E-05 9.98945E-05 9.98945E-05 9.98945E-05 9.98945E-05 9.98945E-05 9.98945E-05 0.998801 9.98945E-05 9.98945E-05 9.98945E-05
9.98944E-05 9.98944E-05 9.98944E-05 9.98944E-05 9.98944E-05 9.98944E-05 9.98944E-05 9.98944E-05 9.98944E-05 0.998801 9.98944E-05 9.98944E-05 9.98944E-05
9.98944E-05 9.98944E-05 9.98944E-05 9.98944E-05 9.98944E-05 9.98944E-05 9.98944E-05 9.98944E-05 9.98944E-05 9.98944E-05 9.98944E-05 9.98944E-05 0.998801
9.98943E-05 9.98943E-05 9.98943E-05 9.98943E-05 9.98943E-05 9.98943E-05 9.98943E-05 9.98943E-05 9.98943E-05 9.98943E-05 9.98943E-05 9.98943E-05 0.998801
9.98944E-05 9.98944E-05 9.98944E-05 9.98944E-05 9.98944E-05 9.98944E-05 9.98944E-05 9.98944E-05 9.98944E-05 9.98944E-05 9.98944E-05 9.98944E-05 0.998801
9.98944E-05 9.98944E-05 9.98944E-05 9.98944E-05 9.98944E-05 9.98944E-05 9.98944E-05 9.98944E-05 9.98944E-05 0.998801 9.98944E-05 9.98944E-05 9.98944E-05
9.98944E-05 9.98944E-05 9.98944E-05 9.98944E-05 9.98944E-05 9.98944E-05 9.98944E-05 9.98944E-05 9.98944E-05 9.98944E-05 9.98944E-05 9.98944E-05 0.998801
9.99032E-05 9.99032E-05 9.99032E-05 9.99032E-05 9.99032E-05 9.99032E-05 9.99032E-05 9.99032E-05 9.99032E-05 0.0125603 9.99032E-05 9.99032E-05 0.986341
9.98944E-05 9.98944E-05 9.98944E-05 9.98944E-05 9.98944E-05 9.98944E-05 9.98944E-05 9.98944E-05 9.98944E-05 9.98944E-05 9.98944E-05 9.98944E-05 0.998801
9.98944E-05 9.98944E-05 9.98944E-05 9.98944E-05 9.98944E-05 9.98944E-05 9.98944E-05 9.98944E-05 9.98944E-05 0.998801 9.98944E-05 9.98944E-05 9.98944E-05
9.98944E-05 9.98944E-05 9.98944E-05 9.98944E-05 9.98944E-05 9.98944E-05 9.98944E-05 9.98944E-05 9.98944E-05 0.998801 9.98944E-05 9.98944E-05 9.98944E-05
9.98944E-05 9.98944E-05 9.98944E-05 9.98944E-05 9.98944E-05 9.98944E-05 9.98944E-05 9.98944E-05 9.98944E-05 0.998801 9.98944E-05 9.98944E-05 9.98944E-05
9.98944E-05 9.98944E-05 9.98944E-05 9.98944E-05 9.98944E-05 9.98944E-05 9.98944E-05 9.98944E-05 9.98944E-05 9.98944E-05 9.98944E-05 9.98944E-05 0.998801
9.98944E-05 9.98944E-05 9.98944E-05 9.98944E-05 9.98944E-05 9.98944E-05 9.98944E-05 9.98944E-05 9.98944E-05 0.998801 9.98944E-05 9.98944E-05 9.98944E-05
9.98944E-05 9.98944E-05 9.98944E-05 9.98944E-05 9.98944E-05 9.98944E-05 9.98944E-05 9.98944E-05 9.98944E-05 0.998801 9.98944E-05 9.98944E-05 9.98944E-05
9.98943E-05 9.98943E-05 9.98943E-05 9.98943E-05 9.98943E-05 9.98943E-05 9.98943E-05 9.98943E-05 9.98943E-05 9.98943E-05 9.98943E-05 9.98943E-05 0.998801
9.98944E-05 9.98944E-05 9.98944E-05 9.98944E-05 9.98944E-05 9.98944E-05 9.98944E-05 9.98944E-05 9.98944E-05 0.998801 9.98944E-05 9.98944E-05 9.98944E-05
9.98944E-05 9.98944E-05 9.98944E-05 9.98944E-05 9.98944E-05 9.98944E-05 9.98944E-05 9.98944E-05 9.98944E-05 0.998801 9.98944E-05 9.98944E-05 9.98944E-05
9.99473E-05 9.99473E-05 9.99473E-05 0.0271839 0.0705931 0.164907 9.99473E-05 9.99473E-05 0.177507 0.14431 9.99473E-05 0.0943773 0.320522
9.98944E-05 9.98944E-05 9.98944E-05 9.98944E-05 9.98944E-05 9.98944E-05 9.98944E-05 9.98944E-05 9.98944E-05 9.98944E-05 9.98944E-05 9.98944E-05 0.998801
9.98944E-05 9.98944E-05 9.98944E-05 9.98944E-05 9.98944E-05 9.98944E-05 9.98944E-05 9.98944E-05 9.98944E-05 0.998801 9.98944E-05 9.98944E-05 9.98944E-05
9.99474E-05 9.99474E-05 0.0747171 0.0210001 0.0152373 0.00565953 9.99474E-05 9.99474E-05 0.248576 0.497078 0.137133 9.99474E-05 9.99474E-05
9.99385E-05 0.0492516 9.99385E-05 9.99385E-05 9.99385E-05 9.99385E-05 9.99385E-05 0.0846895 0.312306 0.332351 0.0150454 9.99385E-05 0.205657
9.99385E-05 9.99385E-05 0.0482632 9.99385E-05 9.99385E-05 9.99385E-05 9.99385E-05 9.99385E-05 0.320676 0.213452 0.0671817 0.0146573 0.335071
9.99472E-05 0.0654434 9.99472E-05 0.0612335 0.0969646 9.99472E-05 9.99472E-05 0.0134842 0.60626 9.99472E-05 0.00678453 9.99472E-05 0.14923
9.99209E-05 9.99209E-05 9.99209E-05 9.99209E-05 9.99209E-05 9.99209E-05 9.99209E-05 9.99209E-05 0.227534 0.321573 9.99209E-05 0.123686 0.326307
0.0277552 9.99299E-05 0.0223997 9.99299E-05 9.99299E-05 9.99299E-05 9.99299E-05 9.99299E-05 0.830325 0.116445 9.99299E-05 9.99299E-05 0.0022761
9.99385E-05 0.0429722 9.99385E-05 9.99385E-05 9.99385E-05 9.99385E-05 0.0200883 0.138961 0.28568 0.349315 9.99385E-05 9.99385E-05 0.162285
9.99385E-05 9.99385E-05 9.99385E-05 9.99385E-05 0.102852 0.13069 9.99385E-05 9.99385E-05 0.457268 0.22079 0.0429344 9.99385E-05 0.0447661
9.9921E-05 0.00537275 9.9921E-05 9.9921E-05 9.9921E-05 9.9921E-05 9.9921E-05 9.9921E-05 0.739128 0.213718 9.9921E-05 9.9921E-05 0.0408826
9.99384E-05 9.99384E-05 0.0666939 9.99384E-05 9.99384E-05 9.99384E-05 9.99384E-05 0.0425414 0.617749 0.00472103 0.0699581 9.99384E-05 0.197637
9.99385E-05 9.99385E-05 9.99385E-05 9.99385E-05 0.00778491 0.126 9.99385E-05 0.0015242 0.541982 0.0346025 9.99385E-05 9.99385E-05 0.287407
9.99209E-05 9.99209E-05 9.99209E-05 9.99209E-05 9.99209E-05 9.99209E-05 9.99209E-05 0.0192552 0.293997 0.577952 9.99209E-05 9.99209E-05 0.107897
9.99385E-05 9.99385E-05 9.99385E-05 0.100226 0.0339437 9.99385E-05 0.0369806 9.99385E-05 0.16383 0.340287 9.99385E-05 9.99385E-05 0.324033
9.99384E-05 0.0059959 9.99384E-05 9.99384E-05 0.131371 9.99384E-05 9.99384E-05 9.99384E-05 0.640625 0.0813115 0.0235634 9.99384E-05 0.116433
9.99209E-05 9.99209E-05 9.99209E-05 9.99209E-05 9.99209E-05 0.0901637 9.99209E-05 9.99209E-05 0.419058 0.151296 9.99209E-05 9.99209E-05 0.338584
9.99473E-05 9.99473E-05 0.0398852 9.99473E-05 9.99473E-05 0.0364704 0.131843 9.99473E-05 0.209348 0.28029 9.99473E-05 0.0843975 0.217167
9.99298E-05 9.99298E-05 9.99298E-05 9.99298E-05 9.99298E-05 9.99298E-05 9.99298E-05 9.99298E-05 0.602521 0.233685 0.0231075 0.00689836 0.132988
9.99473E-05 9.99473E-05 9.99473E-05 0.0994605 9.99473E-05 0.0393988 9.99473E-05 0.0318117 0.2802 0.0879275 9.99473E-05 0.0293311 0.431271
9.99473E-05 0.0926379 0.0480511 9.99473E-05 9.99473E-05 0.0305796 9.99473E-05 9.99473E-05 0.34112 0.15228 0.0546993 0.280033 9.99473E-05
9.99385E-05 9.99385E-05 0.141203 0.0127774 0.00050045 9.99385E-05 9.99385E-05 9.99385E-05 0.356129 0.236859 9.99385E-05 9.99385E-05 0.251832
9.99384E-05 0.0420663 0.122374 9.99384E-05 9.99384E-05 9.99384E-05 9.99384E-05 9.99384E-05 0.38915 0.146953 9.99384E-05 0.114097 0.184662
9.99297E-05 9.99297E-05 0.0409844 0.103086 9.99297E-05 9.99297E-05 9.99297E-05 9.99297E-05 0.569981 0.276537 9.99297E-05 0.00861219 9.99297E-05
9.99472E-05 0.0717992 9.99472E-05 0.163591 0.0293066 0.0575918 9.99472E-05 9.99472E-05 0.324414 0.194535 9.99472E-05 9.99472E-05 0.158162
9.99296E-05 9.99296E-05 0.0614043 9.99296E-05 0.0556633 9.99296E-05 9.99296E-05 9.99296E-05 0.521083 0.214297 9.99296E-05 9.99296E-05 0.146753
9.99384E-05 0.024398 9.99384E-05 9.99384E-05 0.158155 9.99384E-05 9.99384E-05 9.99384E-05 0.609957 0.0341839 0.014621 9.99384E-05 0.157986
9.99123E-05 9.99123E-05 9.99123E-05 9.99123E-05 9.99123E-05 9.99123E-05 9.99123E-05 9.99123E-05 0.922829 0.0122011 9.99123E-05 0.0639709 9.99123E-05
9.99384E-05 9.99384E-05 0.0881451 9.99384E-05 9.99384E-05 9.99384E-05 9.99384E-05 9.99384E-05 0.385926 0.119955 0.0428879 0.1488 0.213587
9.9921E-05 9.9921E-05 9.9921E-05 9.9921E-05 9.9921E-05 9.9921E-05 9.9921E-05 9.9921E-05 0.225686 0.2966 0.168174 9.9921E-05 0.308641
9.99384E-05 0.0989506 0.0886562 0.00728702 0.0467108 9.99384E-05 9.99384E-05 9.99384E-05 0.599576 9.99384E-05 9.99384E-05 9.99384E-05 0.15812
9.99385E-05 0.182752 9.99385E-05 9.99385E-05 0.0299325 0.0962189 9.99385E-05 9.99385E-05 0.404712 0.190278 9.99385E-05 9.99385E-05 0.0954067
9.99385E-05 9.99385E-05 0.109743 9.99385E-05 9.99385E-05 0.00275897 9.99385E-05 9.99385E-05 0.215274 0.385122 9.99385E-05 0.115585 0.170818
9.99297E-05 9.99297E-05 9.99297E-05 9.99297E-05 9.99297E-05 0.058667 9.99297E-05 9.99297E-05 0.472892 0.227565 9.99297E-05 0.0980993 0.141977
9.99296E-05 9.99296E-05 0.0646072 9.99296E-05 9.99296E-05 9.99296E-05 9.99296E-05 9.99296E-05 0.317753 0.195588 9.99296E-05 0.242837 0.178414
9.99385E-05 9.99385E-05 0.140847 9.99385E-05 0.0240294 0.00477553 9.99385E-05 9.99385E-05 0.363336 0.232262 9.99385E-05 9.99385E-05 0.23405
9.99384E-05 9.99384E-05 0.0704753 9.99384E-05 0.0829394 0.099939 9.99384E-05 9.99384E-05 0.327917 0.223505 9.99384E-05 9.99384E-05 0.194524
9.99297E-05 0.00201781 9.99297E-05 9.99297E-05 9.99297E-05 9.99297E-05 9.99297E-05 0.0362802 0.561135 0.0611791 9.99297E-05 9.99297E-05 0.338588
9.98946E-05 9.98946E-05 9.98946E-05 9.98946E-05 9.98946E-05 9.98946E-05 9.98946E-05 9.98946E-05 0.998801 9.98946E-05 9.98946E-05 9.98946E-05 9.98946E-05
9.9956E-05 9.9956E-05 9.9956E-05 0.117104 9.9956E-05 0.0779392 0.154723 0.124532 0.284147 0.044449 9.9956E-05 0.0355848 0.161022
9.99297E-05 9.99297E-05 9.99297E-05 0.167649 9.99297E-05 0.100288 9.99297E-05 9.99297E-05 0.61546 0.0657899 9.99297E-05 9.99297E-05 0.0500131
9.99385E-05 9.99385E-05 0.173507 9.99385E-05 9.99385E-05 9.99385E-05 9.99385E-05 0.0503001 0.377775 0.264626 9.99385E-05 0.0062073 0.126885
9.99296E-05 0.0438066 9.99296E-05 9.99296E-05 0.0151761 9.99296E-05 9.99296E-05 9.99296E-05 0.436679 0.171047 9.99296E-05 9.99296E-05 0.332492
9.99386E-05 9.99386E-05 0.0823397 0.0493447 9.99386E-05 9.99386E-05 9.99386E-05 9.99386E-05 0.540002 0.0688489 0.116233 9.99386E-05 0.142532
9.99472E-05 9.99472E-05 0.0751224 9.99472E-05 9.99472E-05 9.99472E-05 9.99472E-05 0.126817 0.271968 0.225387 0.109891 0.0103363 0.179878
9.99298E-05 9.99298E-05 9.99298E-05 9.99298E-05 0.053169 9.99298E-05 9.99298E-05 9.99298E-05 0.224358 0.612548 9.99298E-05 0.0412616 0.0678633
9.99297E-05 9.99297E-05 9.99297E-05 9.99297E-05 0.0147302 9.99297E-05 9.99297E-05 9.99297E-05 0.17199 0.392101 9.99297E-05 0.0664548 0.353925
