9.98771E-05 9.98771E-05 9.98771E-05 0.296104 9.98771E-05 0.082378 0.0431425 9.98771E-05 9.98771E-05 9.98771E-05 9.98771E-05 0.033426 9.98771E-05 9.98771E-05 9.98771E-05 0.00855376 0.239899 9.98771E-05 0.0775688 0.217529 9.98771E-05 9.98771E-05
9.98596E-05 9.98596E-05 0.0124998 0.186284 9.98596E-05 0.00709653 0.0891183 9.98596E-05 9.98596E-05 9.98596E-05 9.98596E-05 0.0453077 9.98596E-05 9.98596E-05 9.98596E-05 9.98596E-05 0.658096 9.98596E-05 9.98596E-05 9.98596E-05 9.98596E-05 9.98596E-05
9.98683E-05 9.98683E-05 9.98683E-05 9.98683E-05 9.98683E-05 0.0524178 9.98683E-05 9.98683E-05 0.105246 9.98683E-05 9.98683E-05 9.98683E-05 9.98683E-05 9.98683E-05 9.98683E-05 0.0254081 0.754346 0.0107703 9.98683E-05 0.0335816 9.98683E-05 0.0167322
0.0799754 9.98684E-05 9.98684E-05 9.98684E-05 9.98684E-05 0.0376062 9.98684E-05 9.98684E-05 0.151996 9.98684E-05 9.98684E-05 0.116261 9.98684E-05 9.98684E-05 0.365412 9.98684E-05 0.173231 9.98684E-05 9.98684E-05 0.0740201 9.98684E-05 9.98684E-05
9.98508E-05 0.0254105 9.98508E-05 9.98508E-05 9.98508E-05 9.98508E-05 0.0105029 0.193603 9.98508E-05 9.98508E-05 9.98508E-05 9.98508E-05 9.98508E-05 9.98508E-05 9.98508E-05 9.98508E-05 0.732629 0.0361572 9.98508E-05 9.98508E-05 9.98508E-05 9.98508E-05
0.107679 0.135754 9.98773E-05 0.297142 9.98773E-05 9.98773E-05 0.0399159 0.237418 9.98773E-05 9.98773E-05 9.98773E-05 9.98773E-05 9.98773E-05 9.98773E-05 9.98773E-05 9.98773E-05 0.114694 0.0377371 9.98773E-05 9.98773E-05 9.98773E-05 0.028262
9.99035E-05 0.0473657 0.0228842 0.149327 9.99035E-05 0.00123121 0.0988411 9.99035E-05 9.99035E-05 9.99035E-05 9.99035E-05 0.0975083 9.99035E-05 9.99035E-05 0.0606532 0.0703245 0.19597 9.99035E-05 9.99035E-05 0.185643 9.99035E-05 0.0691522
0.136145 0.0603458 9.9886E-05 0.0996704 9.9886E-05 9.9886E-05 9.9886E-05 0.00864647 9.9886E-05 0.089047 9.9886E-05 9.9886E-05 9.9886E-05 9.9886E-05 9.9886E-05 9.9886E-05 0.13294 0.0806229 0.154654 0.23663 9.9886E-05 9.9886E-05
0.204893 9.98772E-05 9.98772E-05 0.0113688 9.98772E-05 0.22933 0.013777 0.100477 9.98772E-05 9.98772E-05 9.98772E-05 9.98772E-05 9.98772E-05 9.98772E-05 9.98772E-05 0.171309 0.230715 9.98772E-05 9.98772E-05 0.0367324 9.98772E-05 9.98772E-05
9.98332E-05 0.0237998 9.98332E-05 9.98332E-05 9.98332E-05 0.129657 9.98332E-05 9.98332E-05 9.98332E-05 9.98332E-05 9.98332E-05 9.98332E-05 9.98332E-05 9.98332E-05 9.98332E-05 9.98332E-05 0.844647 9.98332E-05 9.98332E-05 9.98332E-05 9.98332E-05 9.98332E-05
0.0190023 9.98596E-05 9.98596E-05 0.162691 9.98596E-05 0.125021 9.98596E-05 9.98596E-05 9.98596E-05 9.98596E-05 9.98596E-05 0.128237 9.98596E-05 9.98596E-05 9.98596E-05 9.98596E-05 0.414485 9.98596E-05 9.98596E-05 0.148966 9.98596E-05 9.98596E-05
9.98684E-05 0.0532108 9.98684E-05 0.104379 9.98684E-05 0.0377477 9.98684E-05 0.0419045 9.98684E-05 9.98684E-05 9.98684E-05 0.0485031 0.035222 9.98684E-05 9.98684E-05 9.98684E-05 0.677535 9.98684E-05 9.98684E-05 9.98684E-05 9.98684E-05 9.98684E-05
0.00865578 0.0166433 0.0416606 9.98683E-05 9.98683E-05 0.0558061 9.98683E-05 9.98683E-05 9.98683E-05 9.98683E-05 9.98683E-05 0.0509062 9.98683E-05 9.98683E-05 9.98683E-05 9.98683E-05 0.725632 9.98683E-05 9.98683E-05 0.0991982 9.98683E-05 9.98683E-05
9.99035E-05 9.99035E-05 9.99035E-05 9.99035E-05 9.99035E-05 0.065151 0.0036399 9.99035E-05 0.0804743 0.00155718 0.146357 0.017004 9.99035E-05 9.99035E-05 9.99035E-05 9.99035E-05 0.523745 9.99035E-05 0.0558804 0.0674008 0.00852368 0.0291674
0.138005 9.98771E-05 9.98771E-05 0.145143 9.98771E-05 0.14967 9.98771E-05 0.141979 9.98771E-05 9.98771E-05 0.0242163 9.98771E-05 9.98771E-05 9.98771E-05 9.98771E-05 9.98771E-05 0.287142 9.98771E-05 9.98771E-05 0.0782285 0.0342174 9.98771E-05
0.181739 0.0195949 9.98771E-05 0.199849 9.98771E-05 0.0436307 9.98771E-05 0.104743 9.98771E-05 0.197242 9.98771E-05 9.98771E-05 9.98771E-05 9.98771E-05 9.98771E-05 9.98771E-05 0.142423 9.98771E-05 9.98771E-05 0.109381 9.98771E-05 9.98771E-05
9.98947E-05 9.98947E-05 9.98947E-05 9.98947E-05 0.0284106 0.0533036 0.00714175 9.98947E-05 9.98947E-05 0.0529919 0.0788731 0.0805603 9.98947E-05 9.98947E-05 0.0595251 9.98947E-05 0.49514 9.98947E-05 0.0390665 0.103789 9.98947E-05 9.98947E-05
0.0155518 9.98685E-05 9.98685E-05 0.336554 9.98685E-05 0.118145 9.98685E-05 9.98685E-05 9.98685E-05 9.98685E-05 9.98685E-05 9.98685E-05 0.141801 0.0977818 9.98685E-05 9.98685E-05 0.0886805 9.98685E-05 9.98685E-05 0.199988 9.98685E-05 9.98685E-05
0.0985267 0.158539 9.98595E-05 9.98595E-05 9.98595E-05 0.174114 9.98595E-05 9.98595E-05 9.98595E-05 9.98595E-05 9.98595E-05 9.98595E-05 9.98595E-05 9.98595E-05 9.98595E-05 9.98595E-05 0.280696 9.98595E-05 9.98595E-05 0.258819 0.0277073 9.98595E-05
0.000861984 9.98509E-05 9.98509E-05 9.98509E-05 9.98509E-05 0.0723014 9.98509E-05 9.98509E-05 9.98509E-05 9.98509E-05 9.98509E-05 0.0447834 9.98509E-05 0.0334642 9.98509E-05 9.98509E-05 0.846892 9.98509E-05 9.98509E-05 9.98509E-05 9.98509E-05 9.98509E-05
0.0589084 9.99036E-05 9.99036E-05 9.99036E-05 9.99036E-05 0.132917 9.99036E-05 9.99036E-05 0.0225176 0.107294 9.99036E-05 0.058089 0.000883201 0.0597817 9.99036E-05 0.09288 0.376754 0.00368339 9.99036E-05 0.0851925 9.99036E-05 9.99036E-05
0.0651005 0.101121 0.0412051 9.98948E-05 9.98948E-05 9.98948E-05 9.98948E-05 0.148248 0.0659744 9.98948E-05 9.98948E-05 9.98948E-05 9.98948E-05 9.98948E-05 9.98948E-05 9.98948E-05 0.142895 0.0351556 0.0129519 0.358746 0.0274035 9.98948E-05
9.98509E-05 9.98509E-05 9.98509E-05 0.400454 9.98509E-05 0.0733868 9.98509E-05 0.0443175 9.98509E-05 9.98509E-05 9.98509E-05 0.0375544 9.98509E-05 9.98509E-05 9.98509E-05 9.98509E-05 0.44259 9.98509E-05 9.98509E-05 9.98509E-05 9.98509E-05 9.98509E-05
9.98597E-05 9.98597E-05 9.98597E-05 0.0305667 9.98597E-05 0.215823 9.98597E-05 9.98597E-05 9.98597E-05 0.0595291 9.98597E-05 9.98597E-05 9.98597E-05 9.98597E-05 9.98597E-05 0.123158 0.319442 9.98597E-05 9.98597E-05 0.249882 9.98597E-05 9.98597E-05
0.00735118 9.98683E-05 9.98683E-05 9.98683E-05 9.98683E-05 0.218599 9.98683E-05 9.98683E-05 0.286381 9.98683E-05 9.98683E-05 9.98683E-05 9.98683E-05 0.0976497 9.98683E-05 9.98683E-05 0.224366 9.98683E-05 9.98683E-05 0.0684243 0.0957304 9.98683E-05
0.0675701 9.98596E-05 9.98596E-05 9.98596E-05 9.98596E-05 0.112656 9.98596E-05 9.98596E-05 0.0977819 9.98596E-05 9.98596E-05 9.98596E-05 9.98596E-05 9.98596E-05 0.0579433 9.98596E-05 0.618585 9.98596E-05 9.98596E-05 0.0438658 9.98596E-05 9.98596E-05
9.98507E-05 9.98507E-05 0.22068 9.98507E-05 9.98507E-05 9.98507E-05 9.98507E-05 9.98507E-05 0.386813 0.0804864 9.98507E-05 9.98507E-05 0.0711273 9.98507E-05 9.98507E-05 9.98507E-05 9.98507E-05 9.98507E-05 9.98507E-05 0.239196 9.98507E-05 9.98507E-05
9.98597E-05 0.0111333 9.98597E-05 9.98597E-05 9.98597E-05 0.0720005 9.98597E-05 9.98597E-05 0.0434831 9.98597E-05 9.98597E-05 9.98597E-05 9.98597E-05 9.98597E-05 0.062007 9.98597E-05 0.649737 9.98597E-05 9.98597E-05 0.160042 9.98597E-05 9.98597E-05
9.98597E-05 9.98597E-05 0.0518425 9.98597E-05 9.98597E-05 9.98597E-05 9.98597E-05 9.98597E-05 0.310811 9.98597E-05 9.98597E-05 9.98597E-05 9.98597E-05 0.055006 9.98597E-05 0.089545 0.468504 9.98597E-05 9.98597E-05 0.0226936 9.98597E-05 9.98597E-05
0.0284315 9.98771E-05 9.98771E-05 0.099732 9.98771E-05 0.0722302 9.98771E-05 9.98771E-05 9.98771E-05 9.98771E-05 0.206104 0.0060127 9.98771E-05 9.98771E-05 9.98771E-05 0.0102062 0.568964 9.98771E-05 9.98771E-05 9.98771E-05 9.98771E-05 0.00692114
0.0299099 0.0352017 9.98858E-05 0.165824 9.98858E-05 0.0361196 9.98858E-05 9.98858E-05 9.98858E-05 9.98858E-05 9.98858E-05 0.0683715 9.98858E-05 0.00657776 9.98858E-05 9.98858E-05 0.573367 9.98858E-05 9.98858E-05 0.0617615 0.0215685 9.98858E-05
9.99035E-05 0.0588156 0.000455086 0.0895511 0.0328264 0.0779509 9.99035E-05 0.18195 0.0247476 9.99035E-05 9.99035E-05 0.066902 9.99035E-05 9.99035E-05 0.0230911 9.99035E-05 0.370588 9.99035E-05 9.99035E-05 0.0720242 9.99035E-05 9.99035E-05
9.98771E-05 9.98771E-05 9.98771E-05 0.113406 9.98771E-05 0.138688 9.98771E-05 9.98771E-05 0.0886717 9.98771E-05 9.98771E-05 0.126109 0.0106236 9.98771E-05 9.98771E-05 9.98771E-05 0.399717 9.98771E-05 9.98771E-05 0.0939757 9.98771E-05 0.0274113
9.98947E-05 0.0504958 9.98947E-05 9.98947E-05 0.0776754 0.136213 9.98947E-05 0.00231477 0.223367 9.98947E-05 9.98947E-05 0.0330515 0.0350465 9.98947E-05 9.98947E-05 0.0287929 0.314927 9.98947E-05 9.98947E-05 0.096918 9.98947E-05 9.98947E-05
0.0454722 0.0062316 0.0533023 9.98772E-05 9.98772E-05 0.00712011 0.0968744 9.98772E-05 9.98772E-05 9.98772E-05 9.98772E-05 0.0465319 9.98772E-05 0.0568253 9.98772E-05 9.98772E-05 0.686244 9.98772E-05 9.98772E-05 9.98772E-05 9.98772E-05 9.98772E-05
9.98772E-05 9.98772E-05 0.0621463 0.0354299 9.98772E-05 0.0500354 0.00247117 9.98772E-05 9.98772E-05 9.98772E-05 9.98772E-05 9.98772E-05 9.98772E-05 9.98772E-05 0.273224 0.0160259 0.529699 9.98772E-05 9.98772E-05 0.0295709 9.98772E-05 9.98772E-05
9.98597E-05 0.113666 9.98597E-05 9.98597E-05 9.98597E-05 9.98597E-05 0.0450731 9.98597E-05 9.98597E-05 9.98597E-05 9.98597E-05 0.00887612 9.98597E-05 9.98597E-05 9.98597E-05 9.98597E-05 0.793955 9.98597E-05 9.98597E-05 0.000760162 9.98597E-05 0.0360718
0.115979 9.98772E-05 9.98772E-05 9.98772E-05 9.98772E-05 0.0662012 0.106995 0.0244124 9.98772E-05 9.98772E-05 9.98772E-05 9.98772E-05 9.98772E-05 0.0556938 0.0173228 9.98772E-05 0.582648 9.98772E-05 9.98772E-05 0.0293501 9.98772E-05 9.98772E-05
0.0761519 9.98597E-05 9.98597E-05 9.98597E-05 0.169199 0.118777 9.98597E-05 9.98597E-05 9.98597E-05 9.98597E-05 9.98597E-05 9.98597E-05 9.98597E-05 9.98597E-05 9.98597E-05 9.98597E-05 0.449279 0.115046 9.98597E-05 0.0699495 9.98597E-05 9.98597E-05
9.98771E-05 9.98771E-05 9.98771E-05 9.98771E-05 9.98771E-05 0.107993 9.98771E-05 0.123973 0.00620768 0.128884 0.102764 9.98771E-05 9.98771E-05 9.98771E-05 9.98771E-05 9.98771E-05 0.470574 9.98771E-05 9.98771E-05 0.0230401 9.98771E-05 0.0351665
0.0584781 0.0274803 0.041429 9.98684E-05 9.98684E-05 0.0204445 9.98684E-05 9.98684E-05 9.98684E-05 9.98684E-05 9.98684E-05 0.0794123 9.98684E-05 9.98684E-05 9.98684E-05 9.98684E-05 0.611441 9.98684E-05 9.98684E-05 0.159817 9.98684E-05 9.98684E-05
9.9851E-05 9.9851E-05 0.170862 9.9851E-05 9.9851E-05 0.108671 9.9851E-05 9.9851E-05 9.9851E-05 9.9851E-05 9.9851E-05 9.9851E-05 9.9851E-05 9.9851E-05 9.9851E-05 0.0403584 0.502799 9.9851E-05 9.9851E-05 0.175613 9.9851E-05 9.9851E-05
9.98422E-05 0.0760224 9.98422E-05 9.98422E-05 9.98422E-05 9.98422E-05 9.98422E-05 9.98422E-05 9.98422E-05 9.98422E-05 0.228777 9.98422E-05 9.98422E-05 9.98422E-05 9.98422E-05 9.98422E-05 0.670288 0.0231157 9.98422E-05 9.98422E-05 9.98422E-05 9.98422E-05
0.157213 9.9886E-05 9.9886E-05 0.152765 9.9886E-05 0.156706 0.0652939 9.9886E-05 9.9886E-05 9.9886E-05 9.9886E-05 0.0340689 9.9886E-05 9.9886E-05 9.9886E-05 0.0460736 0.228067 9.9886E-05 0.00820217 0.150312 9.9886E-05 9.9886E-05
9.98772E-05 0.00379013 9.98772E-05 9.98772E-05 9.98772E-05 0.187407 9.98772E-05 9.98772E-05 9.98772E-05 9.98772E-05 9.98772E-05 9.98772E-05 9.98772E-05 0.00455239 0.170769 0.00273658 0.197345 0.0570512 9.98772E-05 0.374951 9.98772E-05 9.98772E-05
9.98683E-05 0.0373098 0.0235303 9.98683E-05 9.98683E-05 0.0783963 9.98683E-05 9.98683E-05 9.98683E-05 9.98683E-05 9.98683E-05 9.98683E-05 9.98683E-05 0.0556903 0.0103365 9.98683E-05 0.68014 9.98683E-05 9.98683E-05 0.113099 9.98683E-05 9.98683E-05
0.0264984 9.98596E-05 9.98596E-05 9.98596E-05 9.98596E-05 0.0835144 9.98596E-05 9.98596E-05 9.98596E-05 9.98596E-05 9.98596E-05 0.00413544 0.0139159 9.98596E-05 0.0639078 9.98596E-05 0.80643 9.98596E-05 9.98596E-05 9.98596E-05 9.98596E-05 9.98596E-05
9.98859E-05 9.98859E-05 0.0343796 0.0263134 9.98859E-05 0.0490769 9.98859E-05 9.98859E-05 9.98859E-05 0.066311 9.98859E-05 9.98859E-05 9.98859E-05 0.0180454 9.98859E-05 9.98859E-05 0.751974 0.00661976 9.98859E-05 9.98859E-05 0.0137022 0.0322791
9.98858E-05 0.0180036 9.98858E-05 0.0422096 9.98858E-05 0.126819 9.98858E-05 9.98858E-05 0.0238213 0.0371619 9.98858E-05 0.000823942 9.98858E-05 9.98858E-05 0.0411703 9.98858E-05 0.558108 9.98858E-05 9.98858E-05 0.150584 9.98858E-05 9.98858E-05
0.0277904 0.0798085 9.98949E-05 9.98949E-05 9.98949E-05 0.0310512 0.000613361 0.0617822 9.98949E-05 9.98949E-05 9.98949E-05 0.0072977 9.98949E-05 0.00142992 9.98949E-05 9.98949E-05 0.639587 9.98949E-05 9.98949E-05 0.00420442 9.98949E-05 0.145237
0.0297243 9.99122E-05 0.017668 0.0765224 9.99122E-05 0.169803 9.99122E-05 9.99122E-05 0.117604 0.00452961 9.99122E-05 0.122854 9.99122E-05 9.99122E-05 0.0585036 0.0413306 0.243336 0.0332176 9.99122E-05 0.0839079 9.99122E-05 9.99122E-05
0.0123852 9.98947E-05 9.98947E-05 9.98947E-05 9.98947E-05 9.98947E-05 9.98947E-05 0.0993264 9.98947E-05 0.0880619 9.98947E-05 9.98947E-05 9.98947E-05 0.0362788 0.0328961 0.0449282 0.540703 0.0164657 9.98947E-05 0.113536 9.98947E-05 0.0142203
9.98421E-05 9.98421E-05 9.98421E-05 9.98421E-05 9.98421E-05 9.98421E-05 9.98421E-05 9.98421E-05 0.144681 9.98421E-05 9.98421E-05 9.98421E-05 0.0506529 9.98421E-05 9.98421E-05 9.98421E-05 0.801312 9.98421E-05 9.98421E-05 9.98421E-05 0.0015563 9.98421E-05
0.000874091 9.99035E-05 9.99035E-05 9.99035E-05 9.99035E-05 0.07357 9.99035E-05 0.0179293 9.99035E-05 0.152478 0.0362386 9.99035E-05 0.000167435 9.99035E-05 9.99035E-05 9.99035E-05 0.580958 0.0608452 9.99035E-05 0.00776241 0.0146348 0.0534432
9.98597E-05 9.98597E-05 9.98597E-05 9.98597E-05 9.98597E-05 0.0993322 9.98597E-05 9.98597E-05 9.98597E-05 9.98597E-05 0.0278754 9.98597E-05 9.98597E-05 9.98597E-05 9.98597E-05 0.0025689 0.652419 9.98597E-05 9.98597E-05 9.98597E-05 0.204444 0.0117634
9.98686E-05 0.0345451 9.98686E-05 0.0401856 0.0140577 9.98686E-05 9.98686E-05 0.13781 9.98686E-05 9.98686E-05 9.98686E-05 9.98686E-05 9.98686E-05 0.0164943 9.98686E-05 9.98686E-05 0.583233 0.172176 9.98686E-05 9.98686E-05 9.98686E-05 9.98686E-05
9.98595E-05 0.0664491 9.98595E-05 9.98595E-05 9.98595E-05 0.0153876 0.0834312 9.98595E-05 9.98595E-05 9.98595E-05 9.98595E-05 9.98595E-05 0.136255 9.98595E-05 9.98595E-05 9.98595E-05 0.61978 9.98595E-05 9.98595E-05 0.0770996 9.98595E-05 9.98595E-05
9.98509E-05 9.98509E-05 9.98509E-05 9.98509E-05 9.98509E-05 0.100731 9.98509E-05 9.98509E-05 9.98509E-05 9.98509E-05 9.98509E-05 0.0305493 9.98509E-05 9.98509E-05 0.0991096 9.98509E-05 0.705682 9.98509E-05 9.98509E-05 0.0622302 9.98509E-05 9.98509E-05
9.98508E-05 9.98508E-05 0.125845 9.98508E-05 9.98508E-05 0.00507745 9.98508E-05 9.98508E-05 9.98508E-05 9.98508E-05 9.98508E-05 0.0495754 9.98508E-05 9.98508E-05 9.98508E-05 9.98508E-05 0.724245 9.98508E-05 9.98508E-05 9.98508E-05 9.98508E-05 0.0935601
0.0235511 9.98507E-05 9.98507E-05 0.690494 9.98507E-05 0.100211 9.98507E-05 9.98507E-05 0.125663 9.98507E-05 9.98507E-05 9.98507E-05 9.98507E-05 9.98507E-05 9.98507E-05 9.98507E-05 9.98507E-05 9.98507E-05 0.0583839 9.98507E-05 9.98507E-05 9.98507E-05
9.98161E-05 9.98161E-05 9.98161E-05 0.997904 9.98161E-05 9.98161E-05 9.98161E-05 9.98161E-05 9.98161E-05 9.98161E-05 9.98161E-05 9.98161E-05 9.98161E-05 9.98161E-05 9.98161E-05 9.98161E-05 9.98161E-05 9.98161E-05 9.98161E-05 9.98161E-05 9.98161E-05 9.98161E-05
9.98246E-05 9.98246E-05 9.98246E-05 0.992031 9.98246E-05 9.98246E-05 9.98246E-05 9.98246E-05 9.98246E-05 9.98246E-05 9.98246E-05 9.98246E-05 9.98246E-05 9.98246E-05 9.98246E-05 9.98246E-05 9.98246E-05 9.98246E-05 9.98246E-05 9.98246E-05 9.98246E-05 0.00597241
0.0969094 9.98772E-05 0.00895451 0.274967 9.98772E-05 0.0349694 0.235411 9.98772E-05 0.224444 9.98772E-05 9.98772E-05 9.98772E-05 0.0520386 9.98772E-05 9.98772E-05 9.98772E-05 9.98772E-05 9.98772E-05 9.98772E-05 9.98772E-05 9.98772E-05 0.0709084
0.046068 0.0281842 9.98682E-05 0.725787 9.98682E-05 0.0201779 9.98682E-05 9.98682E-05 9.98682E-05 9.98682E-05 9.98682E-05 9.98682E-05 9.98682E-05 0.0473513 9.98682E-05 9.98682E-05 9.98682E-05 9.98682E-05 9.98682E-05 0.116422 9.98682E-05 0.0145114
0.018855 9.98505E-05 9.98505E-05 0.704923 9.98505E-05 0.156404 9.98505E-05 9.98505E-05 0.0560165 9.98505E-05 9.98505E-05 9.98505E-05 9.98505E-05 9.98505E-05 9.98505E-05 9.98505E-05 9.98505E-05 9.98505E-05 9.98505E-05 0.0621036 9.98505E-05 9.98505E-05
9.98419E-05 9.98419E-05 9.98419E-05 0.633917 9.98419E-05 0.0924928 0.240115 9.98419E-05 9.98419E-05 9.98419E-05 9.98419E-05 9.98419E-05 9.98419E-05 9.98419E-05 0.0316782 9.98419E-05 9.98419E-05 9.98419E-05 9.98419E-05 9.98419E-05 9.98419E-05 9.98419E-05
0.0705296 9.98682E-05 9.98682E-05 0.636158 9.98682E-05 0.0547209 0.0875211 0.032048 9.98682E-05 9.98682E-05 9.98682E-05 9.98682E-05 0.106105 9.98682E-05 9.98682E-05 9.98682E-05 9.98682E-05 9.98682E-05 9.98682E-05 9.98682E-05 9.98682E-05 0.0114201
9.98334E-05 9.98334E-05 0.02648 0.890335 9.98334E-05 9.98334E-05 0.0812878 9.98334E-05 9.98334E-05 9.98334E-05 9.98334E-05 9.98334E-05 9.98334E-05 9.98334E-05 9.98334E-05 9.98334E-05 9.98334E-05 9.98334E-05 9.98334E-05 9.98334E-05 9.98334E-05 9.98334E-05
9.98244E-05 9.98244E-05 9.98244E-05 0.992645 9.98244E-05 9.98244E-05 9.98244E-05 9.98244E-05 9.98244E-05 9.98244E-05 9.98244E-05 0.0053585 9.98244E-05 9.98244E-05 9.98244E-05 9.98244E-05 9.98244E-05 9.98244E-05 9.98244E-05 9.98244E-05 9.98244E-05 9.98244E-05
0.0479777 0.00229479 9.98505E-05 0.561134 9.98505E-05 0.254101 9.98505E-05 9.98505E-05 9.98505E-05 9.98505E-05 9.98505E-05 0.132795 9.98505E-05 9.98505E-05 9.98505E-05 9.98505E-05 9.98505E-05 9.98505E-05 9.98505E-05 9.98505E-05 9.98505E-05 9.98505E-05
9.98857E-05 0.0208098 9.98857E-05 0.47145 9.98857E-05 0.0797509 0.061597 9.98857E-05 9.98857E-05 9.98857E-05 9.98857E-05 0.0627858 9.98857E-05 9.98857E-05 0.000940015 9.98857E-05 9.98857E-05 9.98857E-05 9.98857E-05 0.140886 0.115812 0.0446699
0.161367 0.00176778 9.98681E-05 0.559956 9.98681E-05 9.98681E-05 9.98681E-05 0.0182811 9.98681E-05 0.02469 9.98681E-05 0.0907462 9.98681E-05 9.98681E-05 9.98681E-05 9.98681E-05 9.98681E-05 0.141694 9.98681E-05 9.98681E-05 9.98681E-05 9.98681E-05
9.98682E-05 0.00362111 9.98682E-05 0.542357 9.98682E-05 0.127058 0.0453538 9.98682E-05 0.0530799 9.98682E-05 9.98682E-05 9.98682E-05 9.98682E-05 9.98682E-05 9.98682E-05 9.98682E-05 9.98682E-05 9.98682E-05 9.98682E-05 0.196623 9.98682E-05 0.0304097
9.98424E-05 9.98424E-05 0.0911177 0.772826 9.98424E-05 9.98424E-05 9.98424E-05 9.98424E-05 0.112264 0.0219946 9.98424E-05 9.98424E-05 9.98424E-05 9.98424E-05 9.98424E-05 9.98424E-05 9.98424E-05 9.98424E-05 9.98424E-05 9.98424E-05 9.98424E-05 9.98424E-05
0.030075 9.98247E-05 9.98247E-05 0.967928 9.98247E-05 9.98247E-05 9.98247E-05 9.98247E-05 9.98247E-05 9.98247E-05 9.98247E-05 9.98247E-05 9.98247E-05 9.98247E-05 9.98247E-05 9.98247E-05 9.98247E-05 9.98247E-05 9.98247E-05 9.98247E-05 9.98247E-05 9.98247E-05
9.98419E-05 0.0337929 9.98419E-05 0.734615 9.98419E-05 9.98419E-05 9.98419E-05 9.98419E-05 0.0418172 9.98419E-05 9.98419E-05 9.98419E-05 9.98419E-05 9.98419E-05 9.98419E-05 9.98419E-05 9.98419E-05 9.98419E-05 0.187978 9.98419E-05 9.98419E-05 9.98419E-05
0.0724759 0.039639 9.98594E-05 0.65408 9.98594E-05 9.98594E-05 9.98594E-05 9.98594E-05 9.98594E-05 9.98594E-05 9.98594E-05 0.0901088 0.0272195 9.98594E-05 9.98594E-05 9.98594E-05 9.98594E-05 9.98594E-05 9.98594E-05 0.114879 9.98594E-05 9.98594E-05
9.98332E-05 9.98332E-05 9.98332E-05 0.904555 9.98332E-05 0.0544338 9.98332E-05 9.98332E-05 9.98332E-05 9.98332E-05 9.98332E-05 9.98332E-05 0.0391145 9.98332E-05 9.98332E-05 9.98332E-05 9.98332E-05 9.98332E-05 9.98332E-05 9.98332E-05 9.98332E-05 9.98332E-05
9.98417E-05 9.98417E-05 0.110384 0.631445 9.98417E-05 0.19773 9.98417E-05 9.98417E-05 9.98417E-05 0.0586438 9.98417E-05 9.98417E-05 9.98417E-05 9.98417E-05 9.98417E-05 9.98417E-05 9.98417E-05 9.98417E-05 9.98417E-05 9.98417E-05 9.98417E-05 9.98417E-05
9.98249E-05 9.98249E-05 9.98249E-05 0.943284 9.98249E-05 9.98249E-05 9.98249E-05 9.98249E-05 9.98249E-05 9.98249E-05 0.0547196 9.98249E-05 9.98249E-05 9.98249E-05 9.98249E-05 9.98249E-05 9.98249E-05 9.98249E-05 9.98249E-05 9.98249E-05 9.98249E-05 9.98249E-05
9.98594E-05 0.0292818 9.98594E-05 0.668065 9.98594E-05 0.0406574 9.98594E-05 0.0188289 9.98594E-05 9.98594E-05 9.98594E-05 9.98594E-05 0.0310089 9.98594E-05 9.98594E-05 9.98594E-05 9.98594E-05 9.98594E-05 9.98594E-05 0.21056 9.98594E-05 9.98594E-05
9.98423E-05 9.98423E-05 0.0338791 0.744913 9.98423E-05 9.98423E-05 0.0272229 9.98423E-05 0.192188 9.98423E-05 9.98423E-05 9.98423E-05 9.98423E-05 9.98423E-05 9.98423E-05 9.98423E-05 9.98423E-05 9.98423E-05 9.98423E-05 9.98423E-05 9.98423E-05 9.98423E-05
9.98771E-05 0.158989 9.98771E-05 0.700709 9.98771E-05 0.00720906 9.98771E-05 0.068989 9.98771E-05 9.98771E-05 9.98771E-05 0.0103562 9.98771E-05 9.98771E-05 0.0287308 0.0127399 9.98771E-05 9.98771E-05 9.98771E-05 9.98771E-05 9.98771E-05 0.0108791
9.98331E-05 9.98331E-05 9.98331E-05 0.88629 9.98331E-05 9.98331E-05 9.98331E-05 9.98331E-05 9.98331E-05 9.98331E-05 9.98331E-05 0.079719 9.98331E-05 9.98331E-05 0.0320942 9.98331E-05 9.98331E-05 9.98331E-05 9.98331E-05 9.98331E-05 9.98331E-05 9.98331E-05
0.00638053 9.98248E-05 9.98248E-05 0.991623 9.98248E-05 9.98248E-05 9.98248E-05 9.98248E-05 9.98248E-05 9.98248E-05 9.98248E-05 9.98248E-05 9.98248E-05 9.98248E-05 9.98248E-05 9.98248E-05 9.98248E-05 9.98248E-05 9.98248E-05 9.98248E-05 9.98248E-05 9.98248E-05
9.9816E-05 9.9816E-05 9.9816E-05 0.997904 9.9816E-05 9.9816E-05 9.9816E-05 9.9816E-05 9.9816E-05 9.9816E-05 9.9816E-05 9.9816E-05 9.9816E-05 9.9816E-05 9.9816E-05 9.9816E-05 9.9816E-05 9.9816E-05 9.9816E-05 9.9816E-05 9.9816E-05 9.9816E-05
9.98159E-05 9.98159E-05 9.98159E-05 0.997904 9.98159E-05 9.98159E-05 9.98159E-05 9.98159E-05 9.98159E-05 9.98159E-05 9.98159E-05 9.98159E-05 9.98159E-05 9.98159E-05 9.98159E-05 9.98159E-05 9.98159E-05 9.98159E-05 9.98159E-05 9.98159E-05 9.98159E-05 9.98159E-05
9.98246E-05 9.98246E-05 9.98246E-05 0.902604 9.98246E-05 9.98246E-05 9.98246E-05 9.98246E-05 9.98246E-05 9.98246E-05 9.98246E-05 9.98246E-05 0.0953997 9.98246E-05 9.98246E-05 9.98246E-05 9.98246E-05 9.98246E-05 9.98246E-05 9.98246E-05 9.98246E-05 9.98246E-05
0.105089 9.9851E-05 0.0979072 0.429008 9.9851E-05 0.0273153 9.9851E-05 9.9851E-05 9.9851E-05 9.9851E-05 0.338984 9.9851E-05 9.9851E-05 9.9851E-05 9.9851E-05 9.9851E-05 9.9851E-05 9.9851E-05 9.9851E-05 9.9851E-05 9.9851E-05 9.9851E-05
0.0478515 9.98421E-05 9.98421E-05 9.98421E-05 9.98421E-05 0.0649967 9.98421E-05 0.690532 0.194823 9.98421E-05 9.98421E-05 9.98421E-05 9.98421E-05 9.98421E-05 9.98421E-05 9.98421E-05 9.98421E-05 9.98421E-05 9.98421E-05 9.98421E-05 9.98421E-05 9.98421E-05
9.98245E-05 9.98245E-05 9.98245E-05 9.98245E-05 9.98245E-05 9.98245E-05 9.98245E-05 9.98245E-05 0.34199 9.98245E-05 0.656014 9.98245E-05 9.98245E-05 9.98245E-05 9.98245E-05 9.98245E-05 9.98245E-05 9.98245E-05 9.98245E-05 9.98245E-05 9.98245E-05 9.98245E-05
9.98332E-05 9.98332E-05 9.98332E-05 9.98332E-05 9.98332E-05 9.98332E-05 9.98332E-05 0.302989 0.61656 9.98332E-05 9.98332E-05 9.98332E-05 9.98332E-05 9.98332E-05 9.98332E-05 9.98332E-05 9.98332E-05 0.0785536 9.98332E-05 9.98332E-05 9.98332E-05 9.98332E-05
0.0793148 9.98507E-05 9.98507E-05 9.98507E-05 9.98507E-05 0.23287 9.98507E-05 0.237434 0.446658 9.98507E-05 9.98507E-05 0.00202567 9.98507E-05 9.98507E-05 9.98507E-05 9.98507E-05 9.98507E-05 9.98507E-05 9.98507E-05 9.98507E-05 9.98507E-05 9.98507E-05
0.0338701 9.98594E-05 9.98594E-05 9.98594E-05 9.98594E-05 9.98594E-05 9.98594E-05 0.751967 0.102302 9.98594E-05 9.98594E-05 9.98594E-05 9.98594E-05 9.98594E-05 9.98594E-05 0.00846544 9.98594E-05 9.98594E-05 0.0454828 9.98594E-05 9.98594E-05 0.0563142
0.143545 9.98509E-05 9.98509E-05 9.98509E-05 0.0568199 0.190682 0.0691803 0.538076 9.98509E-05 9.98509E-05 9.98509E-05 9.98509E-05 9.98509E-05 9.98509E-05 9.98509E-05 9.98509E-05 9.98509E-05 9.98509E-05 9.98509E-05 9.98509E-05 9.98509E-05 9.98509E-05
0.0532015 9.9842E-05 9.9842E-05 9.9842E-05 9.9842E-05 9.9842E-05 9.9842E-05 9.9842E-05 0.909204 9.9842E-05 9.9842E-05 0.00942604 0.026371 9.9842E-05 9.9842E-05 9.9842E-05 9.9842E-05 9.9842E-05 9.9842E-05 9.9842E-05 9.9842E-05 9.9842E-05
0.170745 9.98244E-05 9.98244E-05 9.98244E-05 9.98244E-05 9.98244E-05 9.98244E-05 9.98244E-05 0.827258 9.98244E-05 9.98244E-05 9.98244E-05 9.98244E-05 9.98244E-05 9.98244E-05 9.98244E-05 9.98244E-05 9.98244E-05 9.98244E-05 9.98244E-05 9.98244E-05 9.98244E-05
0.322466 9.98506E-05 0.0751528 9.98506E-05 9.98506E-05 9.98506E-05 0.149347 9.98506E-05 0.435512 9.98506E-05 9.98506E-05 0.0158243 9.98506E-05 9.98506E-05 9.98506E-05 9.98506E-05 9.98506E-05 9.98506E-05 9.98506E-05 9.98506E-05 9.98506E-05 9.98506E-05
0.134853 9.98508E-05 9.98508E-05 9.98508E-05 9.98508E-05 0.228498 9.98508E-05 0.122919 0.492834 9.98508E-05 9.98508E-05 0.0191982 9.98508E-05 9.98508E-05 9.98508E-05 9.98508E-05 9.98508E-05 9.98508E-05 9.98508E-05 9.98508E-05 9.98508E-05 9.98508E-05
0.0295554 0.0153205 9.98596E-05 9.98596E-05 0.370635 0.013091 0.232526 0.337274 9.98596E-05 9.98596E-05 9.98596E-05 9.98596E-05 9.98596E-05 9.98596E-05 9.98596E-05 9.98596E-05 9.98596E-05 9.98596E-05 9.98596E-05 9.98596E-05 9.98596E-05 9.98596E-05
9.98597E-05 9.98597E-05 9.98597E-05 9.98597E-05 0.188868 0.0262156 0.0521557 0.473563 0.177676 9.98597E-05 9.98597E-05 0.0799247 9.98597E-05 9.98597E-05 9.98597E-05 9.98597E-05 9.98597E-05 9.98597E-05 9.98597E-05 9.98597E-05 9.98597E-05 9.98597E-05
0.0423322 9.98511E-05 9.98511E-05 9.98511E-05 9.98511E-05 9.98511E-05 9.98511E-05 0.0292232 0.883273 9.98511E-05 9.98511E-05 9.98511E-05 0.0385349 9.98511E-05 9.98511E-05 9.98511E-05 9.98511E-05 9.98511E-05 0.00493921 9.98511E-05 9.98511E-05 9.98511E-05
0.0748378 9.98596E-05 9.98596E-05 9.98596E-05 0.199717 0.171743 9.98596E-05 0.397691 0.137373 9.98596E-05 9.98596E-05 9.98596E-05 9.98596E-05 9.98596E-05 9.98596E-05 0.0170402 9.98596E-05 9.98596E-05 9.98596E-05 9.98596E-05 9.98596E-05 9.98596E-05
0.0467207 9.98772E-05 9.98772E-05 9.98772E-05 0.0896063 9.98772E-05 9.98772E-05 0.359989 0.305817 0.0130184 9.98772E-05 0.0212993 0.160478 0.00167296 9.98772E-05 9.98772E-05 9.98772E-05 9.98772E-05 9.98772E-05 9.98772E-05 9.98772E-05 9.98772E-05
0.00688285 9.98684E-05 0.148249 9.98684E-05 9.98684E-05 0.142351 0.034361 0.591751 9.98684E-05 9.98684E-05 0.0604378 9.98684E-05 9.98684E-05 9.98684E-05 9.98684E-05 9.98684E-05 9.98684E-05 9.98684E-05 0.0144691 9.98684E-05 9.98684E-05 9.98684E-05
0.0215316 9.98596E-05 9.98596E-05 9.98596E-05 0.041291 0.0159891 0.190953 0.155576 0.573062 9.98596E-05 9.98596E-05 9.98596E-05 9.98596E-05 9.98596E-05 9.98596E-05 9.98596E-05 9.98596E-05 9.98596E-05 9.98596E-05 9.98596E-05 9.98596E-05 9.98596E-05
0.0894448 9.98686E-05 9.98686E-05 9.98686E-05 9.98686E-05 9.98686E-05 9.98686E-05 0.647901 0.0728813 9.98686E-05 0.0471112 9.98686E-05 9.98686E-05 9.98686E-05 9.98686E-05 9.98686E-05 9.98686E-05 9.98686E-05 0.00237029 0.067846 9.98686E-05 0.0709472
9.98421E-05 9.98421E-05 9.98421E-05 9.98421E-05 0.131213 9.98421E-05 9.98421E-05 0.596872 0.240435 9.98421E-05 9.98421E-05 9.98421E-05 9.98421E-05 9.98421E-05 9.98421E-05 9.98421E-05 9.98421E-05 0.0296832 9.98421E-05 9.98421E-05 9.98421E-05 9.98421E-05
0.0291797 9.98947E-05 0.0450282 9.98947E-05 0.0136841 0.0882294 9.98947E-05 0.278597 0.184911 9.98947E-05 0.235753 0.0594051 9.98947E-05 0.0468048 0.0172087 9.98947E-05 9.98947E-05 9.98947E-05 9.98947E-05 9.98947E-05 9.98947E-05 9.98947E-05
0.00155656 0.00334974 9.98683E-05 9.98683E-05 0.120064 0.0768975 0.153768 0.625966 9.98683E-05 9.98683E-05 9.98683E-05 9.98683E-05 0.0169001 9.98683E-05 9.98683E-05 9.98683E-05 9.98683E-05 9.98683E-05 9.98683E-05 9.98683E-05 9.98683E-05 9.98683E-05
0.00604197 9.98596E-05 9.98596E-05 9.98596E-05 0.0107903 9.98596E-05 9.98596E-05 0.728001 0.208781 9.98596E-05 9.98596E-05 0.0205194 0.0242685 9.98596E-05 9.98596E-05 9.98596E-05 9.98596E-05 9.98596E-05 9.98596E-05 9.98596E-05 9.98596E-05 9.98596E-05
0.19084 0.0370347 9.98596E-05 9.98596E-05 9.98596E-05 0.202313 0.034969 0.532652 9.98596E-05 9.98596E-05 9.98596E-05 9.98596E-05 9.98596E-05 0.000593922 9.98596E-05 9.98596E-05 9.98596E-05 9.98596E-05 9.98596E-05 9.98596E-05 9.98596E-05 9.98596E-05
0.134491 9.98422E-05 9.98422E-05 9.98422E-05 0.152327 9.98422E-05 9.98422E-05 0.431598 0.279787 9.98422E-05 9.98422E-05 9.98422E-05 9.98422E-05 9.98422E-05 9.98422E-05 9.98422E-05 9.98422E-05 9.98422E-05 9.98422E-05 9.98422E-05 9.98422E-05 9.98422E-05
0.205411 9.98508E-05 9.98508E-05 9.98508E-05 9.98508E-05 0.198785 0.064124 0.444785 9.98508E-05 9.98508E-05 9.98508E-05 9.98508E-05 9.98508E-05 0.085197 9.98508E-05 9.98508E-05 9.98508E-05 9.98508E-05 9.98508E-05 9.98508E-05 9.98508E-05 9.98508E-05
0.0571334 9.98511E-05 9.98511E-05 9.98511E-05 9.98511E-05 0.0208454 0.132412 9.98511E-05 0.679618 9.98511E-05 0.108294 9.98511E-05 9.98511E-05 9.98511E-05 9.98511E-05 9.98511E-05 9.98511E-05 9.98511E-05 9.98511E-05 9.98511E-05 9.98511E-05 9.98511E-05
9.98596E-05 9.98596E-05 9.98596E-05 9.98596E-05 0.324558 9.98596E-05 9.98596E-05 0.21968 9.98596E-05 9.98596E-05 0.34709 9.98596E-05 9.98596E-05 9.98596E-05 9.98596E-05 0.0799857 9.98596E-05 9.98596E-05 0.00610462 9.98596E-05 9.98596E-05 0.0209845
0.127817 0.0319051 9.98593E-05 9.98593E-05 9.98593E-05 0.0477007 9.98593E-05 0.233959 0.530767 9.98593E-05 9.98593E-05 9.98593E-05 9.98593E-05 0.0262528 9.98593E-05 9.98593E-05 9.98593E-05 9.98593E-05 9.98593E-05 9.98593E-05 9.98593E-05 9.98593E-05
0.227805 9.98509E-05 9.98509E-05 9.98509E-05 9.98509E-05 0.195246 9.98509E-05 0.332148 0.166507 9.98509E-05 0.0765969 9.98509E-05 9.98509E-05 9.98509E-05 9.98509E-05 9.98509E-05 9.98509E-05 9.98509E-05 9.98509E-05 9.98509E-05 9.98509E-05 9.98509E-05
9.9851E-05 9.9851E-05 9.9851E-05 9.9851E-05 0.115367 0.122131 9.9851E-05 0.670783 9.9851E-05 9.9851E-05 9.9851E-05 0.0804698 9.9851E-05 0.00955103 9.9851E-05 9.9851E-05 9.9851E-05 9.9851E-05 9.9851E-05 9.9851E-05 9.9851E-05 9.9851E-05
0.00712429 9.98596E-05 9.98596E-05 9.98596E-05 9.98596E-05 0.0891755 0.0323126 9.98596E-05 0.814454 0.0311557 9.98596E-05 0.0241806 9.98596E-05 9.98596E-05 9.98596E-05 9.98596E-05 9.98596E-05 9.98596E-05 9.98596E-05 9.98596E-05 9.98596E-05 9.98596E-05
9.98332E-05 9.98332E-05 9.98332E-05 9.98332E-05 9.98332E-05 9.98332E-05 9.98332E-05 0.176071 0.798181 0.0238511 9.98332E-05 9.98332E-05 9.98332E-05 9.98332E-05 9.98332E-05 9.98332E-05 9.98332E-05 9.98332E-05 9.98332E-05 9.98332E-05 9.98332E-05 9.98332E-05
0.282469 9.98508E-05 9.98508E-05 9.98508E-05 9.98508E-05 0.140744 9.98508E-05 0.323675 0.0417399 9.98508E-05 9.98508E-05 9.98508E-05 9.98508E-05 0.209676 9.98508E-05 9.98508E-05 9.98508E-05 9.98508E-05 9.98508E-05 9.98508E-05 9.98508E-05 9.98508E-05
0.00909877 9.98419E-05 9.98419E-05 9.98419E-05 9.98419E-05 9.98419E-05 9.98419E-05 0.0915406 0.827075 9.98419E-05 9.98419E-05 9.98419E-05 9.98419E-05 9.98419E-05 9.98419E-05 9.98419E-05 9.98419E-05 9.98419E-05 9.98419E-05 0.0704883 9.98419E-05 9.98419E-05
9.98157E-05 9.98157E-05 9.98157E-05 9.98157E-05 9.98157E-05 9.98157E-05 9.98157E-05 9.98157E-05 0.997904 9.98157E-05 9.98157E-05 9.98157E-05 9.98157E-05 9.98157E-05 9.98157E-05 9.98157E-05 9.98157E-05 9.98157E-05 9.98157E-05 9.98157E-05 9.98157E-05 9.98157E-05
0.0267813 9.98596E-05 0.148181 9.98596E-05 0.147595 9.98596E-05 9.98596E-05 0.33164 0.319581 0.0246238 9.98596E-05 9.98596E-05 9.98596E-05 9.98596E-05 9.98596E-05 9.98596E-05 9.98596E-05 9.98596E-05 9.98596E-05 9.98596E-05 9.98596E-05 9.98596E-05
0.0615356 9.98595E-05 9.98595E-05 9.98595E-05 9.98595E-05 0.171541 9.98595E-05 0.266556 0.430568 9.98595E-05 9.98595E-05 0.0206101 0.0475916 9.98595E-05 9.98595E-05 9.98595E-05 9.98595E-05 9.98595E-05 9.98595E-05 9.98595E-05 9.98595E-05 9.98595E-05
0.0342354 9.98507E-05 9.98507E-05 9.98507E-05 0.718926 9.98507E-05 9.98507E-05 0.129682 9.98507E-05 9.98507E-05 9.98507E-05 9.98507E-05 9.98507E-05 9.98507E-05 0.0584087 9.98507E-05 9.98507E-05 0.0570502 9.98507E-05 9.98507E-05 9.98507E-05 9.98507E-05
9.98335E-05 9.98335E-05 9.98335E-05 9.98335E-05 0.293018 0.0642764 9.98335E-05 0.640809 9.98335E-05 9.98335E-05 9.98335E-05 9.98335E-05 9.98335E-05 9.98335E-05 9.98335E-05 9.98335E-05 9.98335E-05 9.98335E-05 9.98335E-05 9.98335E-05 9.98335E-05 9.98335E-05
9.98335E-05 9.98335E-05 9.98335E-05 9.98335E-05 0.283966 9.98335E-05 9.98335E-05 0.013093 0.701045 9.98335E-05 9.98335E-05 9.98335E-05 9.98335E-05 9.98335E-05 9.98335E-05 9.98335E-05 9.98335E-05 9.98335E-05 9.98335E-05 9.98335E-05 9.98335E-05 9.98335E-05
0.0393 9.98597E-05 9.98597E-05 9.98597E-05 0.534683 9.98597E-05 0.0213494 0.015112 0.353592 9.98597E-05 9.98597E-05 9.98597E-05 9.98597E-05 0.0343657 9.98597E-05 9.98597E-05 9.98597E-05 9.98597E-05 9.98597E-05 9.98597E-05 9.98597E-05 9.98597E-05
9.98331E-05 9.98331E-05 9.98331E-05 9.98331E-05 9.98331E-05 0.320862 0.147021 0.53022 9.98331E-05 9.98331E-05 9.98331E-05 9.98331E-05 9.98331E-05 9.98331E-05 9.98331E-05 9.98331E-05 9.98331E-05 9.98331E-05 9.98331E-05 9.98331E-05 9.98331E-05 9.98331E-05
0.113681 9.9842E-05 9.9842E-05 9.9842E-05 9.9842E-05 9.9842E-05 9.9842E-05 0.643129 0.156221 9.9842E-05 9.9842E-05 9.9842E-05 9.9842E-05 9.9842E-05 9.9842E-05 9.9842E-05 9.9842E-05 9.9842E-05 9.9842E-05 9.9842E-05 0.0851718 9.9842E-05
0.109356 9.98597E-05 9.98597E-05 9.98597E-05 0.531112 0.0404786 9.98597E-05 0.059131 9.98597E-05 9.98597E-05 0.186505 9.98597E-05 9.98597E-05 0.07182 9.98597E-05 9.98597E-05 9.98597E-05 9.98597E-05 9.98597E-05 9.98597E-05 9.98597E-05 9.98597E-05
9.98247E-05 9.98247E-05 9.98247E-05 9.98247E-05 0.440901 9.98247E-05 9.98247E-05 9.98247E-05 0.557103 9.98247E-05 9.98247E-05 9.98247E-05 9.98247E-05 9.98247E-05 9.98247E-05 9.98247E-05 9.98247E-05 9.98247E-05 9.98247E-05 9.98247E-05 9.98247E-05 9.98247E-05
0.155227 0.000519513 9.98683E-05 9.98683E-05 9.98683E-05 9.98683E-05 0.131158 0.396695 0.219542 9.98683E-05 9.98683E-05 9.98683E-05 9.98683E-05 0.0431392 9.98683E-05 9.98683E-05 9.98683E-05 9.98683E-05 9.98683E-05 0.0522204 9.98683E-05 9.98683E-05
0.0517008 9.98596E-05 9.98596E-05 0.145823 9.98596E-05 0.0613694 9.98596E-05 9.98596E-05 0.729309 9.98596E-05 9.98596E-05 0.00430085 0.00590007 9.98596E-05 9.98596E-05 9.98596E-05 9.98596E-05 9.98596E-05 9.98596E-05 9.98596E-05 9.98596E-05 9.98596E-05
0.0614738 9.98861E-05 9.98861E-05 9.98861E-05 0.00160688 0.0241677 0.17535 0.159179 0.480449 9.98861E-05 9.98861E-05 9.98861E-05 0.0133689 9.98861E-05 9.98861E-05 0.0677301 9.98861E-05 9.98861E-05 9.98861E-05 0.0153761 9.98861E-05 9.98861E-05
0.226563 9.98685E-05 9.98685E-05 0.0412874 9.98685E-05 0.213039 9.98685E-05 0.109806 0.321048 9.98685E-05 9.98685E-05 0.0277266 0.0590322 9.98685E-05 9.98685E-05 9.98685E-05 9.98685E-05 9.98685E-05 9.98685E-05 9.98685E-05 9.98685E-05 9.98685E-05
9.98421E-05 9.98421E-05 9.98421E-05 9.98421E-05 0.0388739 9.98421E-05 0.0168475 9.98421E-05 0.528488 9.98421E-05 0.413993 9.98421E-05 9.98421E-05 9.98421E-05 9.98421E-05 9.98421E-05 9.98421E-05 9.98421E-05 9.98421E-05 9.98421E-05 9.98421E-05 9.98421E-05
9.98506E-05 9.98506E-05 9.98506E-05 9.98506E-05 9.98506E-05 0.0783526 9.98506E-05 0.348026 0.418774 9.98506E-05 9.98506E-05 9.98506E-05 9.98506E-05 9.98506E-05 0.14896 9.98506E-05 9.98506E-05 9.98506E-05 9.98506E-05 9.98506E-05 9.98506E-05 0.00419054
0.0687006 9.98332E-05 9.98332E-05 9.98332E-05 9.98332E-05 9.98332E-05 9.98332E-05 0.121608 9.98332E-05 9.98332E-05 0.807795 9.98332E-05 9.98332E-05 9.98332E-05 9.98332E-05 9.98332E-05 9.98332E-05 9.98332E-05 9.98332E-05 9.98332E-05 9.98332E-05 9.98332E-05
0.059128 9.98685E-05 0.0386842 9.98685E-05 0.0948409 0.114674 9.98685E-05 0.661765 9.98685E-05 9.98685E-05 0.0174138 0.0119961 9.98685E-05 9.98685E-05 9.98685E-05 9.98685E-05 9.98685E-05 9.98685E-05 9.98685E-05 9.98685E-05 9.98685E-05 9.98685E-05
0.00183266 9.9842E-05 9.9842E-05 9.9842E-05 9.9842E-05 9.9842E-05 9.9842E-05 0.819381 0.150341 0.0266481 9.9842E-05 9.9842E-05 9.9842E-05 9.9842E-05 9.9842E-05 9.9842E-05 9.9842E-05 9.9842E-05 9.9842E-05 9.9842E-05 9.9842E-05 9.9842E-05
9.98594E-05 0.0130746 9.98594E-05 9.98594E-05 9.98594E-05 9.98594E-05 9.98594E-05 0.105881 0.844831 9.98594E-05 9.98594E-05 0.00289775 0.00521159 9.98594E-05 0.0265063 9.98594E-05 9.98594E-05 9.98594E-05 9.98594E-05 9.98594E-05 9.98594E-05 9.98594E-05
0.182938 9.98508E-05 9.98508E-05 9.98508E-05 9.98508E-05 0.118917 0.198963 0.324267 0.173217 9.98508E-05 9.98508E-05 9.98508E-05 9.98508E-05 9.98508E-05 9.98508E-05 9.98508E-05 9.98508E-05 9.98508E-05 9.98508E-05 9.98508E-05 9.98508E-05 9.98508E-05
0.13824 9.98421E-05 9.98421E-05 9.98421E-05 9.98421E-05 0.0497896 9.98421E-05 0.36358 0.446593 9.98421E-05 9.98421E-05 9.98421E-05 9.98421E-05 9.98421E-05 9.98421E-05 9.98421E-05 9.98421E-05 9.98421E-05 9.98421E-05 9.98421E-05 9.98421E-05 9.98421E-05
9.98419E-05 9.98419E-05 9.98419E-05 9.98419E-05 9.98419E-05 9.98419E-05 9.98419E-05 0.129867 0.862504 0.0010396 9.98419E-05 0.00479276 9.98419E-05 9.98419E-05 9.98419E-05 9.98419E-05 9.98419E-05 9.98419E-05 9.98419E-05 9.98419E-05 9.98419E-05 9.98419E-05
9.98421E-05 9.98421E-05 9.98421E-05 9.98421E-05 0.118782 0.0270234 9.98421E-05 0.731077 9.98421E-05 9.98421E-05 9.98421E-05 9.98421E-05 9.98421E-05 0.12132 9.98421E-05 9.98421E-05 9.98421E-05 9.98421E-05 9.98421E-05 9.98421E-05 9.98421E-05 9.98421E-05
0.210253 9.98597E-05 9.98597E-05 9.98597E-05 9.98597E-05 9.98597E-05 0.00988852 0.308797 0.223713 9.98597E-05 0.23147 9.98597E-05 9.98597E-05 0.0142803 9.98597E-05 9.98597E-05 9.98597E-05 9.98597E-05 9.98597E-05 9.98597E-05 9.98597E-05 9.98597E-05
9.98155E-05 9.98155E-05 9.98155E-05 9.98155E-05 9.98155E-05 0.997904 9.98155E-05 9.98155E-05 9.98155E-05 9.98155E-05 9.98155E-05 9.98155E-05 9.98155E-05 9.98155E-05 9.98155E-05 9.98155E-05 9.98155E-05 9.98155E-05 9.98155E-05 9.98155E-05 9.98155E-05 9.98155E-05
0.997904 9.98154E-05 9.98154E-05 9.98154E-05 9.98154E-05 9.98154E-05 9.98154E-05 9.98154E-05 9.98154E-05 9.98154E-05 9.98154E-05 9.98154E-05 9.98154E-05 9.98154E-05 9.98154E-05 9.98154E-05 9.98154E-05 9.98154E-05 9.98154E-05 9.98154E-05 9.98154E-05 9.98154E-05
9.98154E-05 9.98154E-05 9.98154E-05 9.98154E-05 9.98154E-05 0.997904 9.98154E-05 9.98154E-05 9.98154E-05 9.98154E-05 9.98154E-05 9.98154E-05 9.98154E-05 9.98154E-05 9.98154E-05 9.98154E-05 9.98154E-05 9.98154E-05 9.98154E-05 9.98154E-05 9.98154E-05 9.98154E-05
0.997904 9.98156E-05 9.98156E-05 9.98156E-05 9.98156E-05 9.98156E-05 9.98156E-05 9.98156E-05 9.98156E-05 9.98156E-05 9.98156E-05 9.98156E-05 9.98156E-05 9.98156E-05 9.98156E-05 9.98156E-05 9.98156E-05 9.98156E-05 9.98156E-05 9.98156E-05 9.98156E-05 9.98156E-05
0.997904 9.98155E-05 9.98155E-05 9.98155E-05 9.98155E-05 9.98155E-05 9.98155E-05 9.98155E-05 9.98155E-05 9.98155E-05 9.98155E-05 9.98155E-05 9.98155E-05 9.98155E-05 9.98155E-05 9.98155E-05 9.98155E-05 9.98155E-05 9.98155E-05 9.98155E-05 9.98155E-05 9.98155E-05
0.997904 9.98155E-05 9.98155E-05 9.98155E-05 9.98155E-05 9.98155E-05 9.98155E-05 9.98155E-05 9.98155E-05 9.98155E-05 9.98155E-05 9.98155E-05 9.98155E-05 9.98155E-05 9.98155E-05 9.98155E-05 9.98155E-05 9.98155E-05 9.98155E-05 9.98155E-05 9.98155E-05 9.98155E-05
9.98154E-05 9.98154E-05 9.98154E-05 9.98154E-05 9.98154E-05 0.997904 9.98154E-05 9.98154E-05 9.98154E-05 9.98154E-05 9.98154E-05 9.98154E-05 9.98154E-05 9.98154E-05 9.98154E-05 9.98154E-05 9.98154E-05 9.98154E-05 9.98154E-05 9.98154E-05 9.98154E-05 9.98154E-05
0.997904 9.98155E-05 9.98155E-05 9.98155E-05 9.98155E-05 9.98155E-05 9.98155E-05 9.98155E-05 9.98155E-05 9.98155E-05 9.98155E-05 9.98155E-05 9.98155E-05 9.98155E-05 9.98155E-05 9.98155E-05 9.98155E-05 9.98155E-05 9.98155E-05 9.98155E-05 9.98155E-05 9.98155E-05
0.997904 9.98154E-05 9.98154E-05 9.98154E-05 9.98154E-05 9.98154E-05 9.98154E-05 9.98154E-05 9.98154E-05 9.98154E-05 9.98154E-05 9.98154E-05 9.98154E-05 9.98154E-05 9.98154E-05 9.98154E-05 9.98154E-05 9.98154E-05 9.98154E-05 9.98154E-05 9.98154E-05 9.98154E-05
9.98156E-05 9.98156E-05 9.98156E-05 9.98156E-05 9.98156E-05 0.997904 9.98156E-05 9.98156E-05 9.98156E-05 9.98156E-05 9.98156E-05 9.98156E-05 9.98156E-05 9.98156E-05 9.98156E-05 9.98156E-05 9.98156E-05 9.98156E-05 9.98156E-05 9.98156E-05 9.98156E-05 9.98156E-05
9.98155E-05 9.98155E-05 9.98155E-05 9.98155E-05 9.98155E-05 0.997904 9.98155E-05 9.98155E-05 9.98155E-05 9.98155E-05 9.98155E-05 9.98155E-05 9.98155E-05 9.98155E-05 9.98155E-05 9.98155E-05 9.98155E-05 9.98155E-05 9.98155E-05 9.98155E-05 9.98155E-05 9.98155E-05
