0.0589174 0.0952421 9.99473E-05 9.99473E-05 0.277435 0.0626518 9.99473E-05 0.435192 0.0699616 9.99473E-05 9.99473E-05 9.99473E-05
0.00879126 0.169411 9.99298E-05 9.99298E-05 0.0150438 9.99298E-05 9.99298E-05 0.805954 9.99298E-05 9.99298E-05 9.99298E-05 9.99298E-05
0.002119 9.99298E-05 9.99298E-05 9.99298E-05 0.0425179 9.99298E-05 9.99298E-05 0.916312 0.0382521 9.99298E-05 9.99298E-05 9.99298E-05
0.0607661 9.99561E-05 0.367838 9.99561E-05 0.0498283 9.99561E-05 9.99561E-05 0.320728 0.137806 0.0402406 0.0222934 9.99561E-05
9.99122E-05 9.99122E-05 0.172047 9.99122E-05 9.99122E-05 9.99122E-05 9.99122E-05 0.826954 9.99122E-05 9.99122E-05 9.99122E-05 9.99122E-05
9.99561E-05 0.158799 0.282901 9.99561E-05 0.0835943 9.99561E-05 0.0217131 0.283124 9.99561E-05 9.99561E-05 0.14144 0.0279282
0.138572 0.159251 0.160712 0.00552373 0.156658 0.0563872 9.99561E-05 0.322395 9.99561E-05 9.99561E-05 9.99561E-05 9.99561E-05
0.00767093 9.99561E-05 0.158946 0.150751 0.209627 9.99561E-05 0.116304 0.204702 9.99561E-05 9.99561E-05 0.151499 9.99561E-05
9.99297E-05 9.99297E-05 9.99297E-05 9.99297E-05 9.99297E-05 0.182398 9.99297E-05 0.312266 0.254143 9.99297E-05 0.250394 9.99297E-05
9.9921E-05 9.9921E-05 9.9921E-05 9.9921E-05 9.9921E-05 9.9921E-05 0.0201322 0.931986 0.0469828 9.9921E-05 9.9921E-05 9.9921E-05
0.165794 9.99473E-05 9.99473E-05 9.99473E-05 0.0210398 9.99473E-05 9.99473E-05 0.599852 0.161774 0.00229009 0.0486504 9.99473E-05
0.0104271 9.9921E-05 0.0220131 9.9921E-05 9.9921E-05 9.9921E-05 9.9921E-05 0.966661 9.9921E-05 9.9921E-05 9.9921E-05 9.9921E-05
9.99209E-05 9.99209E-05 9.99209E-05 9.99209E-05 0.0674508 9.99209E-05 9.99209E-05 0.829201 0.102449 9.99209E-05 9.99209E-05 9.99209E-05
0.0593153 9.99386E-05 9.99386E-05 0.114392 9.99386E-05 9.99386E-05 9.99386E-05 0.696179 0.0683298 9.99386E-05 9.99386E-05 0.0610848
9.99561E-05 0.0160714 9.99561E-05 9.99561E-05 0.120376 0.0728731 9.99561E-05 0.400351 0.167075 9.99561E-05 0.172531 0.0502227
9.99473E-05 9.99473E-05 0.130364 0.139982 0.105085 9.99473E-05 9.99473E-05 0.265921 0.147448 9.99473E-05 0.2106 9.99473E-05
0.0534649 0.0756047 9.99649E-05 0.0387899 9.99649E-05 0.0227268 9.99649E-05 0.655428 0.0424465 9.99649E-05 0.0240248 0.0871144
9.99473E-05 9.99473E-05 9.99473E-05 9.99473E-05 0.267333 9.99473E-05 0.166948 0.218095 0.165071 0.100479 0.0814744 9.99473E-05
0.0449016 9.99473E-05 9.99473E-05 9.99473E-05 0.158529 9.99473E-05 0.0667704 0.347568 0.233127 9.99473E-05 0.148504 9.99473E-05
9.99034E-05 9.99034E-05 9.99034E-05 9.99034E-05 9.99034E-05 9.99034E-05 9.99034E-05 0.998901 9.99034E-05 9.99034E-05 9.99034E-05 9.99034E-05
0.0738312 9.99473E-05 0.218209 9.99473E-05 9.99473E-05 0.0762758 9.99473E-05 0.52274 0.063301 9.99473E-05 0.0450433 9.99473E-05
0.0391688 9.99561E-05 0.188023 9.99561E-05 0.330843 0.0228551 0.0112109 0.20879 9.99561E-05 9.99561E-05 0.198609 9.99561E-05
0.0933958 0.0474904 9.99386E-05 9.99386E-05 0.0199144 9.99386E-05 9.99386E-05 0.711738 0.126762 9.99386E-05 9.99386E-05 9.99386E-05
9.99298E-05 9.99298E-05 9.99298E-05 9.99298E-05 0.280943 0.0563315 9.99298E-05 0.326099 0.335828 9.99298E-05 9.99298E-05 9.99298E-05
0.0415977 9.99648E-05 9.99648E-05 0.0706064 0.0891528 0.0185277 9.99648E-05 0.338499 0.292081 0.053957 0.0951783 9.99648E-05
9.99298E-05 9.99298E-05 0.0510667 9.99298E-05 9.99298E-05 9.99298E-05 9.99298E-05 0.797275 0.144204 9.99298E-05 0.00665482 9.99298E-05
0.0992085 0.0357812 9.99649E-05 0.0707976 0.369667 9.99649E-05 0.186091 0.00496548 0.139545 9.99649E-05 9.99649E-05 0.0935448
0.0171893 0.00871224 0.0571103 9.99386E-05 9.99386E-05 9.99386E-05 9.99386E-05 0.823275 0.0930132 9.99386E-05 9.99386E-05 9.99386E-05
9.99298E-05 9.99298E-05 9.99298E-05 9.99298E-05 0.127317 9.99298E-05 9.99298E-05 0.644306 0.219543 0.00803542 9.99298E-05 9.99298E-05
9.99298E-05 9.99298E-05 9.99298E-05 9.99298E-05 9.99298E-05 9.99298E-05 9.99298E-05 0.835063 0.0877924 9.99298E-05 0.036687 0.0396587
0.131382 9.99561E-05 9.99561E-05 9.99561E-05 0.0190066 9.99561E-05 0.0285714 0.656708 0.00250818 0.101301 0.0600229 9.99561E-05
0.09092 9.99473E-05 0.0711161 9.99473E-05 0.0700007 9.99473E-05 9.99473E-05 0.418118 0.0944907 9.99473E-05 9.99473E-05 0.254755
0.132397 9.99561E-05 9.99561E-05 0.0322027 0.149212 9.99561E-05 9.99561E-05 0.521279 0.127055 0.0148897 0.0224636 9.99561E-05
0.0234458 9.99649E-05 0.0313813 0.0221214 0.0475677 9.99649E-05 0.0260446 0.540253 0.1635 9.99649E-05 9.99649E-05 0.145286
0.0114873 0.0600883 9.99386E-05 9.99386E-05 9.99386E-05 9.99386E-05 9.99386E-05 0.880789 0.0174865 0.0294489 9.99386E-05 9.99386E-05
0.0516838 0.0588447 0.109897 9.99649E-05 0.0570343 0.0225977 9.99649E-05 0.66651 0.0326483 9.99649E-05 0.000384488 9.99649E-05
9.9921E-05 0.00682895 9.9921E-05 0.0596448 9.9921E-05 9.9921E-05 9.9921E-05 0.932627 9.9921E-05 9.9921E-05 9.9921E-05 9.9921E-05
9.99385E-05 0.0483324 9.99385E-05 9.99385E-05 9.99385E-05 9.99385E-05 9.99385E-05 0.689394 0.0943836 0.00681793 0.160372 9.99385E-05
0.0251742 0.00652651 0.0292584 9.99562E-05 9.99562E-05 9.99562E-05 9.99562E-05 0.617652 0.14308 9.99562E-05 0.122574 0.0552346
9.99298E-05 9.99298E-05 9.99298E-05 0.150093 9.99298E-05 9.99298E-05 9.99298E-05 0.613035 0.166449 9.99298E-05 9.99298E-05 0.0696228
0.0279418 9.99386E-05 0.00464126 9.99386E-05 9.99386E-05 9.99386E-05 9.99386E-05 0.87764 0.0635721 9.99386E-05 0.025505 9.99386E-05
9.99386E-05 9.99386E-05 9.99386E-05 9.99386E-05 0.238132 0.00636506 9.99386E-05 0.61879 0.094483 9.99386E-05 0.0415304 9.99386E-05
9.9921E-05 0.0973322 9.9921E-05 9.9921E-05 9.9921E-05 9.9921E-05 9.9921E-05 0.889364 9.9921E-05 9.9921E-05 9.9921E-05 0.0124046
0.0295709 9.99561E-05 9.99561E-05 9.99561E-05 0.151263 0.0596043 0.00999855 0.435385 0.204213 9.99561E-05 0.109464 9.99561E-05
9.99297E-05 9.99297E-05 0.24044 9.99297E-05 0.275566 9.99297E-05 9.99297E-05 0.27639 0.206804 9.99297E-05 9.99297E-05 9.99297E-05
9.99297E-05 9.99297E-05 0.0407449 9.99297E-05 9.99297E-05 9.99297E-05 9.99297E-05 0.88284 0.0301582 0.0454578 9.99297E-05 9.99297E-05
0.0153145 9.99298E-05 9.99298E-05 9.99298E-05 9.99298E-05 9.99298E-05 0.039126 0.912708 0.0320517 9.99298E-05 9.99298E-05 9.99298E-05
9.9921E-05 9.9921E-05 9.9921E-05 0.0576196 9.9921E-05 9.9921E-05 9.9921E-05 0.924572 0.0169094 9.9921E-05 9.9921E-05 9.9921E-05
0.0567769 9.99385E-05 0.0383326 9.99385E-05 0.173702 9.99385E-05 9.99385E-05 0.619515 0.110974 9.99385E-05 9.99385E-05 9.99385E-05
0.011437 0.0263289 9.99562E-05 0.0706139 9.99562E-05 9.99562E-05 0.0155435 0.847008 9.99562E-05 0.00226463 0.0263039 9.99562E-05
0.117771 9.99649E-05 9.99649E-05 9.99649E-05 0.0384662 0.0640079 9.99649E-05 0.364208 0.295115 0.0318257 0.0513224 0.0368843
9.99385E-05 9.99385E-05 0.0484413 0.0524763 9.99385E-05 9.99385E-05 9.99385E-05 0.704188 9.99385E-05 0.152758 0.0414363 9.99385E-05
9.99386E-05 0.0190577 9.99386E-05 9.99386E-05 9.99386E-05 0.0183707 0.0121852 0.89503 0.054657 9.99386E-05 9.99386E-05 9.99386E-05
9.99474E-05 9.99474E-05 9.99474E-05 0.225655 9.99474E-05 9.99474E-05 0.00173397 0.69484 0.00745919 0.0591051 0.0106071 9.99474E-05
9.99386E-05 9.99386E-05 0.0403407 9.99386E-05 9.99386E-05 0.0214718 9.99386E-05 0.800717 0.108437 9.99386E-05 0.028334 9.99386E-05
0.0295745 9.99473E-05 0.0156062 0.0147898 9.99473E-05 9.99473E-05 9.99473E-05 0.760122 9.99473E-05 0.08244 9.99473E-05 0.0968682
9.99298E-05 0.157437 9.99298E-05 9.99298E-05 9.99298E-05 9.99298E-05 0.128435 0.698507 0.0148214 9.99298E-05 9.99298E-05 9.99298E-05
0.0514477 9.9921E-05 9.9921E-05 9.9921E-05 9.9921E-05 9.9921E-05 9.9921E-05 0.871414 0.076239 9.9921E-05 9.9921E-05 9.9921E-05
0.0269384 9.99386E-05 0.0153334 9.99386E-05 9.99386E-05 9.99386E-05 9.99386E-05 0.876158 0.0205881 9.99386E-05 0.0602824 9.99386E-05
0.054013 0.124237 9.99473E-05 9.99473E-05 0.454369 9.99473E-05 0.0942754 9.99473E-05 0.231992 9.99473E-05 0.0405134 9.99473E-05
9.99474E-05 0.0552594 9.99474E-05 0.0746499 0.667949 0.0597685 9.99474E-05 0.12941 0.0123632 9.99474E-05 9.99474E-05 9.99474E-05
0.00893318 0.221911 9.99561E-05 0.0166656 0.463493 9.99561E-05 0.176392 0.0953401 9.99561E-05 9.99561E-05 9.99561E-05 0.0167653
0.00156088 0.405752 9.99649E-05 0.0454361 0.169968 9.99649E-05 0.0425785 9.99649E-05 0.115298 9.99649E-05 0.152811 0.0661966
9.99648E-05 0.0378213 0.0136923 0.00267266 0.555458 9.99648E-05 0.0884209 9.99648E-05 0.141238 0.0776664 0.0826309 9.99648E-05
9.99473E-05 0.0219733 9.99473E-05 9.99473E-05 0.515719 0.0176829 0.07457 9.99473E-05 0.2446 9.99473E-05 0.124855 9.99473E-05
0.0453427 0.367467 9.99386E-05 9.99386E-05 0.253037 9.99386E-05 0.127663 9.99386E-05 0.20579 9.99386E-05 9.99386E-05 9.99386E-05
9.99385E-05 0.217892 9.99385E-05 9.99385E-05 0.301776 9.99385E-05 0.171853 9.99385E-05 0.179653 9.99385E-05 0.128126 9.99385E-05
9.99386E-05 0.186303 9.99386E-05 9.99386E-05 0.710883 9.99386E-05 0.0131248 9.99386E-05 0.054063 9.99386E-05 9.99386E-05 0.0349275
0.0764584 0.0470703 9.99561E-05 9.99561E-05 0.508245 9.99561E-05 0.00649354 0.20526 0.132251 9.99561E-05 0.0237218 9.99561E-05
0.147454 0.0128941 9.99473E-05 9.99473E-05 0.302132 9.99473E-05 0.0824196 9.99473E-05 0.379175 9.99473E-05 0.0753251 9.99473E-05
0.163208 0.142646 9.99385E-05 0.138186 0.405046 9.99385E-05 9.99385E-05 9.99385E-05 0.150214 9.99385E-05 9.99385E-05 9.99385E-05
0.128347 0.0616982 0.0862116 0.0355098 0.375597 9.99649E-05 0.0881708 9.99649E-05 0.111321 9.99649E-05 0.112745 9.99649E-05
9.99297E-05 0.188501 0.00296556 9.99297E-05 0.490184 9.99297E-05 9.99297E-05 9.99297E-05 0.31755 9.99297E-05 9.99297E-05 9.99297E-05
0.032199 0.129898 9.99649E-05 0.0536696 0.536935 0.013507 9.99649E-05 0.120006 0.00290351 9.99649E-05 9.99649E-05 0.110482
9.99649E-05 0.160997 9.99649E-05 9.99649E-05 0.48519 0.00646769 0.0127736 0.0813041 0.125901 9.99649E-05 0.0293828 0.0975835
9.99561E-05 0.100098 0.0865245 0.0235596 0.468181 9.99561E-05 0.141987 9.99561E-05 0.153709 9.99561E-05 0.0254422 9.99561E-05
0.138771 9.99385E-05 9.99385E-05 9.99385E-05 0.675832 0.037682 0.0573785 9.99385E-05 9.99385E-05 9.99385E-05 0.089637 9.99385E-05
9.99473E-05 0.0367477 9.99473E-05 9.99473E-05 0.528142 9.99473E-05 0.171075 0.109714 0.151876 9.99473E-05 0.00184592 9.99473E-05
0.0246847 0.0989175 9.99473E-05 0.0684319 0.365699 9.99473E-05 0.0332793 9.99473E-05 0.408388 9.99473E-05 9.99473E-05 9.99473E-05
9.99475E-05 0.129844 9.99475E-05 9.99475E-05 0.543409 9.99475E-05 0.0483958 0.0868297 0.0278235 9.99475E-05 9.99475E-05 0.163098
9.99297E-05 0.0641289 9.99297E-05 9.99297E-05 0.670939 9.99297E-05 0.0781091 9.99297E-05 0.186023 9.99297E-05 9.99297E-05 9.99297E-05
9.99561E-05 0.0582323 9.99561E-05 9.99561E-05 0.567249 9.99561E-05 0.0319101 0.0497063 0.0954204 9.99561E-05 0.00197848 0.195004
9.99737E-05 9.99737E-05 0.0634108 0.0287159 0.367824 0.124334 0.162625 0.0495473 0.116985 9.99737E-05 0.0727165 0.0135412
0.191502 9.99385E-05 9.99385E-05 9.99385E-05 0.592093 9.99385E-05 9.99385E-05 0.0753175 0.13571 9.99385E-05 0.00467763 9.99385E-05
0.0101493 0.139562 9.99562E-05 9.99562E-05 0.488196 9.99562E-05 9.99562E-05 0.184087 0.144512 0.00789 0.0251043 9.99562E-05
9.99299E-05 0.0588222 9.99299E-05 9.99299E-05 0.752235 9.99299E-05 9.99299E-05 0.118124 9.99299E-05 9.99299E-05 9.99299E-05 0.0700197
9.99387E-05 0.135297 9.99387E-05 9.99387E-05 0.575008 9.99387E-05 0.0474263 0.0445522 0.197017 9.99387E-05 9.99387E-05 9.99387E-05
9.99386E-05 9.99386E-05 9.99386E-05 9.99386E-05 0.477049 9.99386E-05 0.234636 0.164429 0.0753665 9.99386E-05 0.0478197 9.99386E-05
9.99474E-05 0.0745067 9.99474E-05 9.99474E-05 0.295545 9.99474E-05 9.99474E-05 0.169836 0.265046 9.99474E-05 0.0820411 0.112425
0.005176 9.99385E-05 0.0167467 9.99385E-05 9.99385E-05 9.99385E-05 9.99385E-05 9.99385E-05 0.268888 9.99385E-05 0.159121 0.549369
9.99155E-05 9.99155E-05 9.99155E-05 9.99155E-05 9.99155E-05 9.99155E-05 9.99155E-05 9.99155E-05 9.99155E-05 9.99155E-05 0.0718968 0.927104
0.0534105 9.99561E-05 0.0320904 9.99561E-05 0.00444118 9.99561E-05 0.0112594 9.99561E-05 0.219785 9.99561E-05 0.0110718 0.667442
0.0809329 9.99296E-05 9.99296E-05 9.99296E-05 9.99296E-05 9.99296E-05 9.99296E-05 9.99296E-05 0.215343 9.99296E-05 0.180596 0.522328
9.99448E-05 9.99448E-05 9.99448E-05 9.99448E-05 9.99448E-05 0.0422003 0.0799186 9.99448E-05 0.0956606 9.99448E-05 0.196063 0.585458
9.99297E-05 0.015263 9.99297E-05 9.99297E-05 9.99297E-05 9.99297E-05 9.99297E-05 9.99297E-05 0.242828 9.99297E-05 0.263284 0.477825
0.0545193 9.99473E-05 9.99473E-05 9.99473E-05 0.0245212 9.99473E-05 0.0288388 9.99473E-05 0.162514 9.99473E-05 0.150528 0.578479
9.99385E-05 9.99385E-05 9.99385E-05 9.99385E-05 9.99385E-05 9.99385E-05 0.0886289 9.99385E-05 0.081248 0.0181394 0.377681 0.433603
0.0677554 0.17785 9.99472E-05 9.99472E-05 0.103971 9.99472E-05 9.99472E-05 9.99472E-05 0.0956539 9.99472E-05 0.420383 0.133787
0.0298551 9.99473E-05 9.99473E-05 9.99473E-05 0.0268138 9.99473E-05 0.0572435 9.99473E-05 0.300184 9.99473E-05 0.254186 0.331118
0.0145931 0.220821 9.99385E-05 9.99385E-05 9.99385E-05 9.99385E-05 9.99385E-05 9.99385E-05 0.0473717 9.99385E-05 0.0703455 0.646169
0.0380348 0.185726 9.99298E-05 9.99298E-05 9.99298E-05 9.99298E-05 9.99298E-05 9.99298E-05 0.155707 9.99298E-05 9.99298E-05 0.619732
9.9921E-05 9.9921E-05 9.9921E-05 9.9921E-05 9.9921E-05 9.9921E-05 0.0429973 9.9921E-05 9.9921E-05 9.9921E-05 0.148436 0.807667
0.00294296 9.99298E-05 9.99298E-05 9.99298E-05 9.99298E-05 9.99298E-05 9.99298E-05 9.99298E-05 0.270348 9.99298E-05 0.180334 0.545575
9.99386E-05 9.99386E-05 9.99386E-05 0.0795902 9.99386E-05 9.99386E-05 0.110861 9.99386E-05 9.99386E-05 0.0749123 0.0987027 0.635234
0.0428883 0.0809115 9.99473E-05 9.99473E-05 9.99473E-05 9.99473E-05 9.99473E-05 9.99473E-05 0.276909 0.0544428 0.0674504 0.476799
9.99384E-05 0.273947 9.99384E-05 9.99384E-05 9.99384E-05 9.99384E-05 9.99384E-05 9.99384E-05 0.179609 0.0783458 0.0285475 0.438851
0.0268071 9.99562E-05 0.0444297 0.0291119 0.0146206 9.99562E-05 9.99562E-05 9.99562E-05 0.0415859 9.99562E-05 0.226293 0.616652
0.0980789 9.99297E-05 9.99297E-05 9.99297E-05 9.99297E-05 9.99297E-05 9.99297E-05 9.99297E-05 9.99297E-05 0.0424207 0.0770157 0.781685
0.0571654 9.99561E-05 9.99561E-05 0.0194116 9.99561E-05 0.0266575 9.99561E-05 9.99561E-05 0.169541 0.0698585 0.0930103 0.563856
9.99385E-05 0.0854844 0.0691468 9.99385E-05 9.99385E-05 9.99385E-05 9.99385E-05 9.99385E-05 0.154571 9.99385E-05 0.0981443 0.591954
0.0627614 9.99384E-05 9.99384E-05 9.99384E-05 9.99384E-05 9.99384E-05 0.0139893 9.99384E-05 0.0653934 9.99384E-05 0.130736 0.726421
9.99473E-05 0.0856854 0.0478974 9.99473E-05 9.99473E-05 9.99473E-05 9.99473E-05 9.99473E-05 0.2835 0.117345 0.286285 0.178687
0.00576779 9.99297E-05 9.99297E-05 9.99297E-05 9.99297E-05 9.99297E-05 9.99297E-05 9.99297E-05 0.0653582 9.99297E-05 0.245855 0.682219
9.994E-05 0.113915 0.0181796 9.994E-05 9.994E-05 9.994E-05 9.994E-05 9.994E-05 0.300211 0.0893907 0.291612 0.186092
9.99298E-05 0.0622522 9.99298E-05 9.99298E-05 9.99298E-05 9.99298E-05 9.99298E-05 9.99298E-05 0.191174 9.99298E-05 0.164353 0.581421
9.99299E-05 9.99299E-05 9.99299E-05 9.99299E-05 9.99299E-05 0.144777 9.99299E-05 9.99299E-05 0.0232336 0.0078257 9.99299E-05 0.823364
9.99384E-05 9.99384E-05 0.0862072 9.99384E-05 9.99384E-05 9.99384E-05 9.99384E-05 9.99384E-05 0.239341 0.0465294 0.218808 0.408415
9.99386E-05 0.0100199 9.99386E-05 9.99386E-05 9.99386E-05 9.99386E-05 9.99386E-05 9.99386E-05 0.298092 0.0019532 0.283081 0.406154
0.0665103 9.99473E-05 0.0246278 9.99473E-05 9.99473E-05 9.99473E-05 9.99473E-05 9.99473E-05 0.15248 0.0315163 0.0219026 0.702363
0.0631301 0.0239696 9.99561E-05 0.035959 9.99561E-05 9.99561E-05 9.99561E-05 9.99561E-05 0.27854 0.0120361 0.0968609 0.489004
0.0363911 9.99472E-05 9.99472E-05 0.0447943 9.99472E-05 9.99472E-05 9.99472E-05 9.99472E-05 0.125999 0.0500416 0.0199164 0.722258
0.0312563 9.99385E-05 9.99385E-05 9.99385E-05 9.99385E-05 9.99385E-05 9.99385E-05 9.99385E-05 0.232668 0.217798 0.323647 0.193931
9.99385E-05 9.99385E-05 9.99385E-05 9.99385E-05 0.0769072 9.99385E-05 9.99385E-05 9.99385E-05 0.145856 0.143151 0.123669 0.509718
9.99209E-05 9.99209E-05 9.99209E-05 9.99209E-05 9.99209E-05 9.99209E-05 9.99209E-05 9.99209E-05 0.153577 9.99209E-05 0.023825 0.821699
0.0769119 0.0522988 9.99473E-05 0.113272 9.99473E-05 9.99473E-05 9.99473E-05 9.99473E-05 9.99473E-05 0.0108008 0.132852 0.613265
0.0578326 9.99384E-05 9.99384E-05 9.99384E-05 9.99384E-05 9.99384E-05 0.0628077 9.99384E-05 0.316041 9.99384E-05 0.196946 0.365673
9.9921E-05 9.9921E-05 9.9921E-05 9.9921E-05 9.9921E-05 9.9921E-05 9.9921E-05 9.9921E-05 0.00328581 9.9921E-05 0.0808497 0.914965
0.0144219 9.99386E-05 9.99386E-05 9.99386E-05 9.99386E-05 9.99386E-05 9.99386E-05 9.99386E-05 0.145735 0.0209096 0.06213 0.756104
0.0132361 9.99386E-05 9.99386E-05 9.99386E-05 9.99386E-05 9.99386E-05 9.99386E-05 9.99386E-05 0.0443687 0.00084291 0.0710636 0.869789
0.0249368 0.0536712 9.99386E-05 9.99386E-05 9.99386E-05 9.99386E-05 9.99386E-05 9.99386E-05 9.99386E-05 0.0216207 0.0130913 0.885981
0.0310609 0.10949 9.99385E-05 9.99385E-05 9.99385E-05 9.99385E-05 9.99385E-05 9.99385E-05 0.338618 9.99385E-05 0.240329 0.279804
9.99385E-05 9.99385E-05 0.0746978 0.0485102 9.99385E-05 9.99385E-05 9.99385E-05 9.99385E-05 0.020348 9.99385E-05 0.259122 0.596622
9.99474E-05 0.0111744 9.99474E-05 9.99474E-05 9.99474E-05 9.99474E-05 9.99474E-05 0.0121676 0.0473913 0.0591242 0.112581 0.756962
9.99124E-05 9.99124E-05 9.99124E-05 9.99124E-05 9.99124E-05 9.99124E-05 9.99124E-05 9.99124E-05 0.0281836 9.99124E-05 9.99124E-05 0.970817
0.0075898 0.178189 9.99736E-05 0.0026374 0.0388866 9.99736E-05 0.0174732 9.99736E-05 0.0964098 0.154198 0.265585 0.238732
0.0425015 9.99473E-05 9.99473E-05 9.99473E-05 0.114668 9.99473E-05 0.0337222 9.99473E-05 0.204572 9.99473E-05 0.18294 0.420996
9.99561E-05 0.0991984 9.99561E-05 0.164005 9.99561E-05 0.0303433 9.99561E-05 9.99561E-05 0.0716359 0.0140813 0.21591 0.404326
0.00842671 9.99473E-05 9.99473E-05 9.99473E-05 9.99473E-05 9.99473E-05 0.0400225 9.99473E-05 0.199019 0.131727 0.343494 0.27671
9.99123E-05 9.99123E-05 9.99123E-05 9.99123E-05 9.99123E-05 9.99123E-05 9.99123E-05 9.99123E-05 0.0256048 9.99123E-05 9.99123E-05 0.973396
0.0371446 9.99473E-05 0.113891 0.145144 9.99473E-05 9.99473E-05 9.99473E-05 9.99473E-05 0.289233 9.99473E-05 0.0754055 0.338582
0.00935538 0.0639176 9.99386E-05 9.99386E-05 9.99386E-05 9.99386E-05 9.99386E-05 9.99386E-05 0.0282685 9.99386E-05 0.138895 0.758864
9.99298E-05 9.99298E-05 9.99298E-05 9.99298E-05 9.99298E-05 9.99298E-05 0.0192473 9.99298E-05 0.239353 9.99298E-05 0.149927 0.590674
9.99473E-05 0.0562836 9.99473E-05 0.162401 9.99473E-05 9.99473E-05 0.00188323 9.99473E-05 0.0461012 9.99473E-05 0.179676 0.553055
9.9956E-05 9.9956E-05 9.9956E-05 0.0279751 0.0172154 9.9956E-05 0.206277 9.9956E-05 0.0535481 0.00510503 0.017223 0.672157
9.99385E-05 0.24007 9.99385E-05 9.99385E-05 9.99385E-05 9.99385E-05 9.99385E-05 9.99385E-05 0.337074 0.0327643 0.267303 0.122089
9.99209E-05 9.99209E-05 9.99209E-05 9.99209E-05 9.99209E-05 9.99209E-05 9.99209E-05 9.99209E-05 0.247576 9.99209E-05 0.301299 0.450226
0.0863714 9.9956E-05 9.9956E-05 0.0789465 9.9956E-05 0.00428028 9.9956E-05 9.9956E-05 0.0221011 0.0441697 0.133636 0.629995
9.99297E-05 9.99297E-05 9.99297E-05 9.99297E-05 9.99297E-05 0.0232742 9.99297E-05 9.99297E-05 0.0914033 0.213393 9.99297E-05 0.67113
9.99297E-05 0.0351393 9.99297E-05 9.99297E-05 9.99297E-05 9.99297E-05 9.99297E-05 9.99297E-05 0.144248 9.99297E-05 0.208388 0.611426
9.99032E-05 9.99032E-05 9.99032E-05 9.99032E-05 9.99032E-05 9.99032E-05 9.99032E-05 9.99032E-05 0.998901 9.99032E-05 9.99032E-05 9.99032E-05
9.99031E-05 9.99031E-05 9.99031E-05 9.99031E-05 9.99031E-05 9.99031E-05 9.99031E-05 9.99031E-05 9.99031E-05 9.99031E-05 0.998901 9.99031E-05
9.99032E-05 9.99032E-05 9.99032E-05 9.99032E-05 9.99032E-05 9.99032E-05 9.99032E-05 9.99032E-05 0.998901 9.99032E-05 9.99032E-05 9.99032E-05
9.99032E-05 9.99032E-05 9.99032E-05 9.99032E-05 9.99032E-05 9.99032E-05 9.99032E-05 9.99032E-05 9.99032E-05 9.99032E-05 0.998901 9.99032E-05
9.99032E-05 9.99032E-05 9.99032E-05 9.99032E-05 9.99032E-05 9.99032E-05 9.99032E-05 9.99032E-05 9.99032E-05 9.99032E-05 0.998901 9.99032E-05
9.99033E-05 9.99033E-05 9.99033E-05 9.99033E-05 9.99033E-05 9.99033E-05 9.99033E-05 9.99033E-05 9.99033E-05 9.99033E-05 0.998901 9.99033E-05
9.99032E-05 9.99032E-05 9.99032E-05 9.99032E-05 9.99032E-05 9.99032E-05 9.99032E-05 9.99032E-05 0.998901 9.99032E-05 9.99032E-05 9.99032E-05
9.99032E-05 9.99032E-05 9.99032E-05 9.99032E-05 9.99032E-05 9.99032E-05 9.99032E-05 9.99032E-05 9.99032E-05 9.99032E-05 0.998901 9.99032E-05
9.99031E-05 9.99031E-05 9.99031E-05 9.99031E-05 9.99031E-05 9.99031E-05 9.99031E-05 9.99031E-05 9.99031E-05 9.99031E-05 0.998901 9.99031E-05
9.99032E-05 9.99032E-05 9.99032E-05 9.99032E-05 9.99032E-05 9.99032E-05 9.99032E-05 9.99032E-05 0.998901 9.99032E-05 9.99032E-05 9.99032E-05
9.99032E-05 9.99032E-05 9.99032E-05 9.99032E-05 9.99032E-05 9.99032E-05 9.99032E-05 9.99032E-05 0.998901 9.99032E-05 9.99032E-05 9.99032E-05
9.99032E-05 9.99032E-05 9.99032E-05 9.99032E-05 9.99032E-05 9.99032E-05 9.99032E-05 9.99032E-05 0.998901 9.99032E-05 9.99032E-05 9.99032E-05
9.99032E-05 9.99032E-05 9.99032E-05 9.99032E-05 9.99032E-05 9.99032E-05 9.99032E-05 9.99032E-05 9.99032E-05 9.99032E-05 0.998901 9.99032E-05
9.99032E-05 9.99032E-05 9.99032E-05 9.99032E-05 9.99032E-05 9.99032E-05 9.99032E-05 9.99032E-05 9.99032E-05 9.99032E-05 0.998901 9.99032E-05
9.99032E-05 9.99032E-05 9.99032E-05 9.99032E-05 9.99032E-05 9.99032E-05 9.99032E-05 9.99032E-05 0.998901 9.99032E-05 9.99032E-05 9.99032E-05
9.99032E-05 9.99032E-05 9.99032E-05 9.99032E-05 9.99032E-05 9.99032E-05 9.99032E-05 9.99032E-05 0.998901 9.99032E-05 9.99032E-05 9.99032E-05
9.996E-05 9.996E-05 0.0733811 0.0985307 9.996E-05 0.0746782 0.0276562 9.996E-05 0.254806 0.0896991 0.133647 0.247201
9.99033E-05 9.99033E-05 9.99033E-05 9.99033E-05 9.99033E-05 9.99033E-05 9.99033E-05 9.99033E-05 0.998901 9.99033E-05 9.99033E-05 9.99033E-05
9.99032E-05 9.99032E-05 9.99032E-05 9.99032E-05 9.99032E-05 9.99032E-05 9.99032E-05 9.99032E-05 9.99032E-05 9.99032E-05 0.998901 9.99032E-05
9.99032E-05 9.99032E-05 9.99032E-05 9.99032E-05 9.99032E-05 9.99032E-05 9.99032E-05 9.99032E-05 0.998901 9.99032E-05 9.99032E-05 9.99032E-05
9.99032E-05 9.99032E-05 9.99032E-05 9.99032E-05 9.99032E-05 9.99032E-05 9.99032E-05 9.99032E-05 0.998901 9.99032E-05 9.99032E-05 9.99032E-05
9.99032E-05 9.99032E-05 9.99032E-05 9.99032E-05 9.99032E-05 9.99032E-05 9.99032E-05 9.99032E-05 0.998901 9.99032E-05 9.99032E-05 9.99032E-05
9.99032E-05 9.99032E-05 9.99032E-05 9.99032E-05 9.99032E-05 9.99032E-05 9.99032E-05 9.99032E-05 9.99032E-05 9.99032E-05 0.998901 9.99032E-05
9.99032E-05 9.99032E-05 9.99032E-05 9.99032E-05 9.99032E-05 9.99032E-05 9.99032E-05 9.99032E-05 0.998901 9.99032E-05 9.99032E-05 9.99032E-05
9.99032E-05 9.99032E-05 9.99032E-05 9.99032E-05 9.99032E-05 9.99032E-05 9.99032E-05 9.99032E-05 9.99032E-05 9.99032E-05 0.998901 9.99032E-05
9.99032E-05 9.99032E-05 9.99032E-05 9.99032E-05 9.99032E-05 9.99032E-05 9.99032E-05 9.99032E-05 0.998901 9.99032E-05 9.99032E-05 9.99032E-05
9.99032E-05 9.99032E-05 9.99032E-05 9.99032E-05 9.99032E-05 9.99032E-05 9.99032E-05 9.99032E-05 0.998901 9.99032E-05 9.99032E-05 9.99032E-05
9.99032E-05 9.99032E-05 9.99032E-05 9.99032E-05 9.99032E-05 9.99032E-05 9.99032E-05 9.99032E-05 9.99032E-05 9.99032E-05 0.998901 9.99032E-05
9.99033E-05 9.99033E-05 9.99033E-05 9.99033E-05 9.99033E-05 9.99033E-05 9.99033E-05 9.99033E-05 9.99033E-05 9.99033E-05 0.998901 9.99033E-05
9.99032E-05 9.99032E-05 9.99032E-05 9.99032E-05 9.99032E-05 9.99032E-05 9.99032E-05 9.99032E-05 9.99032E-05 9.99032E-05 0.998901 9.99032E-05
9.99032E-05 9.99032E-05 9.99032E-05 9.99032E-05 9.99032E-05 9.99032E-05 9.99032E-05 9.99032E-05 0.998901 9.99032E-05 9.99032E-05 9.99032E-05
9.99032E-05 9.99032E-05 9.99032E-05 9.99032E-05 9.99032E-05 9.99032E-05 9.99032E-05 9.99032E-05 0.998901 9.99032E-05 9.99032E-05 9.99032E-05
9.99032E-05 9.99032E-05 9.99032E-05 9.99032E-05 9.99032E-05 9.99032E-05 9.99032E-05 9.99032E-05 0.998901 9.99032E-05 9.99032E-05 9.99032E-05
9.99032E-05 9.99032E-05 9.99032E-05 9.99032E-05 9.99032E-05 9.99032E-05 9.99032E-05 9.99032E-05 0.998901 9.99032E-05 9.99032E-05 9.99032E-05
9.99032E-05 9.99032E-05 9.99032E-05 9.99032E-05 9.99032E-05 9.99032E-05 9.99032E-05 9.99032E-05 0.998901 9.99032E-05 9.99032E-05 9.99032E-05
9.99032E-05 9.99032E-05 9.99032E-05 9.99032E-05 9.99032E-05 9.99032E-05 9.99032E-05 9.99032E-05 9.99032E-05 9.99032E-05 0.998901 9.99032E-05
9.99032E-05 9.99032E-05 9.99032E-05 9.99032E-05 9.99032E-05 9.99032E-05 9.99032E-05 9.99032E-05 9.99032E-05 9.99032E-05 0.998901 9.99032E-05
9.99032E-05 9.99032E-05 9.99032E-05 9.99032E-05 9.99032E-05 9.99032E-05 9.99032E-05 9.99032E-05 9.99032E-05 9.99032E-05 0.998901 9.99032E-05
9.99032E-05 9.99032E-05 9.99032E-05 9.99032E-05 9.99032E-05 9.99032E-05 9.99032E-05 9.99032E-05 0.998901 9.99032E-05 9.99032E-05 9.99032E-05
9.99032E-05 9.99032E-05 9.99032E-05 9.99032E-05 9.99032E-05 9.99032E-05 9.99032E-05 9.99032E-05 9.99032E-05 9.99032E-05 0.998901 9.99032E-05
9.99032E-05 9.99032E-05 9.99032E-05 9.99032E-05 9.99032E-05 9.99032E-05 9.99032E-05 9.99032E-05 9.99032E-05 9.99032E-05 0.998901 9.99032E-05
9.99031E-05 9.99031E-05 9.99031E-05 9.99031E-05 9.99031E-05 9.99031E-05 9.99031E-05 9.99031E-05 9.99031E-05 9.99031E-05 0.998901 9.99031E-05
9.99032E-05 9.99032E-05 9.99032E-05 9.99032E-05 9.99032E-05 9.99032E-05 9.99032E-05 9.99032E-05 9.99032E-05 9.99032E-05 0.998901 9.99032E-05
9.99032E-05 9.99032E-05 9.99032E-05 9.99032E-05 9.99032E-05 9.99032E-05 9.99032E-05 9.99032E-05 0.998901 9.99032E-05 9.99032E-05 9.99032E-05
9.99032E-05 9.99032E-05 9.99032E-05 9.99032E-05 9.99032E-05 9.99032E-05 9.99032E-05 9.99032E-05 9.99032E-05 9.99032E-05 0.998901 9.99032E-05
9.99033E-05 9.99033E-05 9.99033E-05 9.99033E-05 9.99033E-05 9.99033E-05 9.99033E-05 9.99033E-05 9.99033E-05 9.99033E-05 0.998901 9.99033E-05
9.99648E-05 9.99648E-05 0.111836 0.0711092 9.99648E-05 0.0956724 0.0263977 9.99648E-05 0.218572 0.100288 0.0988072 0.276917
9.99032E-05 9.99032E-05 9.99032E-05 9.99032E-05 9.99032E-05 9.99032E-05 9.99032E-05 9.99032E-05 0.998901 9.99032E-05 9.99032E-05 9.99032E-05
9.99032E-05 9.99032E-05 9.99032E-05 9.99032E-05 9.99032E-05 9.99032E-05 9.99032E-05 9.99032E-05 9.99032E-05 9.99032E-05 0.998901 9.99032E-05
9.99032E-05 9.99032E-05 9.99032E-05 9.99032E-05 9.99032E-05 9.99032E-05 9.99032E-05 9.99032E-05 9.99032E-05 9.99032E-05 0.998901 9.99032E-05
9.99032E-05 9.99032E-05 9.99032E-05 9.99032E-05 9.99032E-05 9.99032E-05 9.99032E-05 9.99032E-05 9.99032E-05 9.99032E-05 0.998901 9.99032E-05
9.99032E-05 9.99032E-05 9.99032E-05 9.99032E-05 9.99032E-05 9.99032E-05 9.99032E-05 9.99032E-05 9.99032E-05 9.99032E-05 0.998901 9.99032E-05
9.99032E-05 9.99032E-05 9.99032E-05 9.99032E-05 9.99032E-05 9.99032E-05 9.99032E-05 9.99032E-05 0.998901 9.99032E-05 9.99032E-05 9.99032E-05
9.99032E-05 9.99032E-05 9.99032E-05 9.99032E-05 9.99032E-05 9.99032E-05 9.99032E-05 9.99032E-05 9.99032E-05 9.99032E-05 0.998901 9.99032E-05
9.99032E-05 9.99032E-05 9.99032E-05 9.99032E-05 9.99032E-05 9.99032E-05 9.99032E-05 9.99032E-05 0.998901 9.99032E-05 9.99032E-05 9.99032E-05
9.99032E-05 9.99032E-05 9.99032E-05 9.99032E-05 9.99032E-05 9.99032E-05 9.99032E-05 9.99032E-05 9.99032E-05 9.99032E-05 0.998901 9.99032E-05
9.99032E-05 9.99032E-05 9.99032E-05 9.99032E-05 9.99032E-05 9.99032E-05 9.99032E-05 9.99032E-05 0.998901 9.99032E-05 9.99032E-05 9.99032E-05
9.99031E-05 9.99031E-05 9.99031E-05 9.99031E-05 9.99031E-05 9.99031E-05 9.99031E-05 9.99031E-05 9.99031E-05 9.99031E-05 0.998901 9.99031E-05
9.99032E-05 9.99032E-05 9.99032E-05 9.99032E-05 9.99032E-05 9.99032E-05 9.99032E-05 9.99032E-05 9.99032E-05 9.99032E-05 0.998901 9.99032E-05
9.99032E-05 9.99032E-05 9.99032E-05 9.99032E-05 9.99032E-05 9.99032E-05 9.99032E-05 9.99032E-05 9.99032E-05 9.99032E-05 0.998901 9.99032E-05
9.99032E-05 9.99032E-05 9.99032E-05 9.99032E-05 9.99032E-05 9.99032E-05 9.99032E-05 9.99032E-05 9.99032E-05 9.99032E-05 0.998901 9.99032E-05
9.99032E-05 9.99032E-05 9.99032E-05 9.99032E-05 9.99032E-05 9.99032E-05 9.99032E-05 9.99032E-05 9.99032E-05 9.99032E-05 0.998901 9.99032E-05
9.99032E-05 9.99032E-05 9.99032E-05 9.99032E-05 9.99032E-05 9.99032E-05 9.99032E-05 9.99032E-05 9.99032E-05 9.99032E-05 0.998901 9.99032E-05
9.99032E-05 9.99032E-05 9.99032E-05 9.99032E-05 9.99032E-05 9.99032E-05 9.99032E-05 9.99032E-05 0.998901 9.99032E-05 9.99032E-05 9.99032E-05
9.99031E-05 9.99031E-05 9.99031E-05 9.99031E-05 9.99031E-05 9.99031E-05 9.99031E-05 9.99031E-05 0.998901 9.99031E-05 9.99031E-05 9.99031E-05
9.99032E-05 9.99032E-05 9.99032E-05 9.99032E-05 9.99032E-05 9.99032E-05 9.99032E-05 9.99032E-05 0.998901 9.99032E-05 9.99032E-05 9.99032E-05
9.99032E-05 9.99032E-05 9.99032E-05 9.99032E-05 9.99032E-05 9.99032E-05 9.99032E-05 9.99032E-05 9.99032E-05 9.99032E-05 0.998901 9.99032E-05
9.99032E-05 9.99032E-05 9.99032E-05 9.99032E-05 9.99032E-05 9.99032E-05 9.99032E-05 9.99032E-05 0.998901 9.99032E-05 9.99032E-05 9.99032E-05
9.99032E-05 9.99032E-05 9.99032E-05 9.99032E-05 9.99032E-05 9.99032E-05 9.99032E-05 9.99032E-05 0.998901 9.99032E-05 9.99032E-05 9.99032E-05
9.99032E-05 9.99032E-05 9.99032E-05 9.99032E-05 9.99032E-05 9.99032E-05 9.99032E-05 9.99032E-05 0.998901 9.99032E-05 9.99032E-05 9.99032E-05
9.99032E-05 9.99032E-05 9.99032E-05 9.99032E-05 9.99032E-05 9.99032E-05 9.99032E-05 9.99032E-05 9.99032E-05 9.99032E-05 0.998901 9.99032E-05
9.99032E-05 9.99032E-05 9.99032E-05 9.99032E-05 9.99032E-05 9.99032E-05 9.99032E-05 9.99032E-05 9.99032E-05 9.99032E-05 0.998901 9.99032E-05
9.99033E-05 9.99033E-05 9.99033E-05 9.99033E-05 9.99033E-05 9.99033E-05 9.99033E-05 9.99033E-05 9.99033E-05 9.99033E-05 0.998901 9.99033E-05
9.99032E-05 9.99032E-05 9.99032E-05 9.99032E-05 9.99032E-05 9.99032E-05 9.99032E-05 9.99032E-05 0.998901 9.99032E-05 9.99032E-05 9.99032E-05
9.99032E-05 9.99032E-05 9.99032E-05 9.99032E-05 9.99032E-05 9.99032E-05 9.99032E-05 9.99032E-05 9.99032E-05 9.99032E-05 0.998901 9.99032E-05
9.99032E-05 9.99032E-05 9.99032E-05 9.99032E-05 9.99032E-05 9.99032E-05 9.99032E-05 9.99032E-05 9.99032E-05 9.99032E-05 0.998901 9.99032E-05
9.99031E-05 9.99031E-05 9.99031E-05 9.99031E-05 9.99031E-05 9.99031E-05 9.99031E-05 9.99031E-05 0.998901 9.99031E-05 9.99031E-05 9.99031E-05
9.99033E-05 9.99033E-05 9.99033E-05 9.99033E-05 9.99033E-05 9.99033E-05 9.99033E-05 9.99033E-05 9.99033E-05 9.99033E-05 0.998901 9.99033E-05
9.99032E-05 9.99032E-05 9.99032E-05 9.99032E-05 9.99032E-05 9.99032E-05 9.99032E-05 9.99032E-05 9.99032E-05 9.99032E-05 0.998901 9.99032E-05
0.100099 0.0978171 9.9956E-05 0.0869629 9.9956E-05 9.9956E-05 0.0885314 9.9956E-05 0.346108 9.9956E-05 0.120373 0.159608
9.99032E-05 9.99032E-05 9.99032E-05 9.99032E-05 9.99032E-05 9.99032E-05 9.99032E-05 9.99032E-05 0.998901 9.99032E-05 9.99032E-05 9.99032E-05
9.99032E-05 9.99032E-05 9.99032E-05 9.99032E-05 9.99032E-05 9.99032E-05 9.99032E-05 9.99032E-05 9.99032E-05 9.99032E-05 0.998901 9.99032E-05
0.0210588 9.99473E-05 9.99473E-05 0.100901 9.99473E-05 0.0480156 9.99473E-05 9.99473E-05 0.0593411 9.99473E-05 0.426039 0.344045
9.99473E-05 9.99473E-05 0.0642858 9.99473E-05 9.99473E-05 0.0344501 9.99473E-05 9.99473E-05 0.210301 0.0344094 0.315332 0.340622
9.99297E-05 9.99297E-05 9.99297E-05 9.99297E-05 9.99297E-05 0.101905 9.99297E-05 9.99297E-05 0.398903 9.99297E-05 0.209012 0.289381
9.99296E-05 9.99296E-05 9.99296E-05 0.0863587 9.99296E-05 9.99296E-05 0.0987362 9.99296E-05 0.288128 9.99296E-05 9.99296E-05 0.525977
9.99385E-05 0.0366842 9.99385E-05 9.99385E-05 9.99385E-05 9.99385E-05 9.99385E-05 9.99385E-05 0.309403 0.00795589 0.366022 0.279235
9.99387E-05 0.0492997 0.00447526 9.99387E-05 9.99387E-05 9.99387E-05 9.99387E-05 9.99387E-05 0.0116471 9.99387E-05 0.150473 0.783405
0.0217636 9.99473E-05 9.99473E-05 9.99473E-05 0.213333 9.99473E-05 9.99473E-05 9.99473E-05 0.233434 0.0299021 0.296041 0.204926
0.078723 9.99561E-05 9.99561E-05 0.0944395 9.99561E-05 0.00904585 0.00693375 9.99561E-05 0.155573 9.99561E-05 0.190012 0.464773
9.99298E-05 9.99298E-05 9.99298E-05 9.99298E-05 9.99298E-05 9.99298E-05 9.99298E-05 9.99298E-05 0.0134265 0.0353504 0.2081 0.742324
9.99297E-05 9.99297E-05 0.0943747 9.99297E-05 9.99297E-05 0.0646743 9.99297E-05 9.99297E-05 0.194896 9.99297E-05 9.99297E-05 0.645256
0.116696 9.99298E-05 9.99298E-05 9.99298E-05 9.99298E-05 9.99298E-05 9.99298E-05 9.99298E-05 0.304548 9.99298E-05 0.0741776 0.503779
9.99297E-05 9.99297E-05 9.99297E-05 9.99297E-05 0.0122241 9.99297E-05 9.99297E-05 9.99297E-05 0.0567328 9.99297E-05 0.610299 0.319945
9.99561E-05 0.116438 9.99561E-05 0.12021 0.0134608 9.99561E-05 0.0483471 9.99561E-05 0.345415 9.99561E-05 0.209399 0.14623
9.99472E-05 9.99472E-05 9.99472E-05 9.99472E-05 9.99472E-05 0.0401494 0.0789642 9.99472E-05 0.0484101 0.0537941 0.106438 0.671644
0.0946347 9.99296E-05 9.99296E-05 9.99296E-05 9.99296E-05 9.99296E-05 9.99296E-05 9.99296E-05 0.274439 9.99296E-05 0.165198 0.464929
0.0592999 0.0185961 0.0159428 0.018122 0.0818714 9.99649E-05 9.99649E-05 9.99649E-05 0.135654 9.99649E-05 0.299073 0.371041
9.99473E-05 0.023593 9.99473E-05 9.99473E-05 9.99473E-05 0.0140145 9.99473E-05 9.99473E-05 0.118651 0.0369946 0.238053 0.568094
0.112808 0.0985795 9.9956E-05 0.00291077 9.9956E-05 9.9956E-05 0.117744 9.9956E-05 0.342788 9.9956E-05 0.064297 0.260373
0.00334382 0.242162 9.9956E-05 0.0167802 9.9956E-05 9.9956E-05 9.9956E-05 9.9956E-05 0.0192824 0.144728 0.17092 0.402284
9.99384E-05 9.99384E-05 0.180461 9.99384E-05 9.99384E-05 0.0623365 9.99384E-05 9.99384E-05 0.219955 9.99384E-05 0.224982 0.311566
9.99472E-05 0.100753 0.129206 9.99472E-05 9.99472E-05 9.99472E-05 9.99472E-05 9.99472E-05 0.158273 0.0332336 0.105226 0.472708
9.99297E-05 0.00643521 9.99297E-05 0.0950229 9.99297E-05 9.99297E-05 9.99297E-05 9.99297E-05 9.99297E-05 9.99297E-05 0.302058 0.595685
9.99473E-05 9.99473E-05 9.99473E-05 0.0832522 9.99473E-05 9.99473E-05 0.127316 9.99473E-05 0.314082 0.0514915 0.159396 0.263863
9.99384E-05 9.99384E-05 0.0780178 9.99384E-05 9.99384E-05 9.99384E-05 0.0131509 9.99384E-05 0.187081 9.99384E-05 0.184957 0.536094
9.99384E-05 0.0633981 9.99384E-05 9.99384E-05 9.99384E-05 9.99384E-05 0.152478 9.99384E-05 0.0807682 9.99384E-05 0.078915 0.623741
9.9921E-05 0.131602 9.9921E-05 9.9921E-05 9.9921E-05 9.9921E-05 9.9921E-05 9.9921E-05 9.9921E-05 9.9921E-05 0.0311257 0.836373
9.99472E-05 0.0287222 0.172319 9.99472E-05 9.99472E-05 0.06118 9.99472E-05 9.99472E-05 0.180972 9.99472E-05 0.079161 0.477047
9.99385E-05 0.00285477 9.99385E-05 9.99385E-05 9.99385E-05 0.0837259 9.99385E-05 9.99385E-05 0.263054 9.99385E-05 0.338226 0.311439
9.993E-05 9.993E-05 0.0560801 0.0593402 9.993E-05 9.993E-05 0.0759579 9.993E-05 0.198449 9.993E-05 9.993E-05 0.609473
9.99386E-05 9.99386E-05 9.99386E-05 9.99386E-05 9.99386E-05 9.99386E-05 0.227842 9.99386E-05 0.0525762 0.112232 0.180241 0.426409
0.0138512 0.0827496 0.118242 9.99473E-05 9.99473E-05 9.99473E-05 9.99473E-05 9.99473E-05 0.156413 9.99473E-05 0.411207 0.216938
0.0197235 0.0356459 9.99385E-05 9.99385E-05 9.99385E-05 9.99385E-05 9.99385E-05 9.99385E-05 0.154764 9.99385E-05 0.30779 0.481378
9.99384E-05 0.195017 0.036632 9.99384E-05 9.99384E-05 9.99384E-05 9.99384E-05 9.99384E-05 0.239906 9.99384E-05 0.187745 0.34
0.0179948 9.99385E-05 0.108343 9.99385E-05 9.99385E-05 9.99385E-05 9.99385E-05 9.99385E-05 0.206252 9.99385E-05 0.277352 0.389359
0.110812 9.99472E-05 0.00241189 9.99472E-05 9.99472E-05 9.99472E-05 0.0708814 9.99472E-05 0.244307 9.99472E-05 0.193576 0.377412
9.99297E-05 9.99297E-05 0.0177738 9.99297E-05 9.99297E-05 9.99297E-05 9.99297E-05 9.99297E-05 0.32132 9.99297E-05 0.0842283 0.575879
9.99034E-05 9.99034E-05 9.99034E-05 9.99034E-05 9.99034E-05 9.99034E-05 9.99034E-05 9.99034E-05 9.99034E-05 9.99034E-05 9.99034E-05 0.998901
0.0896975 0.0557815 9.99472E-05 0.0936693 0.244697 9.99472E-05 9.99472E-05 9.99472E-05 0.274599 9.99472E-05 9.99472E-05 0.240956
0.0807632 9.99473E-05 9.99473E-05 0.0884193 9.99473E-05 9.99473E-05 9.99473E-05 9.99473E-05 0.079303 0.0421602 0.0616546 0.6471
9.99473E-05 0.00081935 0.311461 9.99473E-05 0.00531506 9.99473E-05 9.99473E-05 9.99473E-05 0.120833 9.99473E-05 0.232357 0.328615
9.99384E-05 9.99384E-05 9.99384E-05 9.99384E-05 9.99384E-05 9.99384E-05 0.0206793 9.99384E-05 0.350017 0.00362177 0.134262 0.49072
9.99473E-05 9.99473E-05 9.99473E-05 9.99473E-05 0.0675222 0.11484 9.99473E-05 9.99473E-05 0.157872 0.0413832 0.0677798 0.550003
9.99384E-05 9.99384E-05 0.113233 9.99384E-05 9.99384E-05 0.0695577 9.99384E-05 9.99384E-05 0.126888 9.99384E-05 0.28768 0.401941
9.994E-05 0.0719877 0.00652059 9.994E-05 9.994E-05 9.994E-05 0.0205051 9.994E-05 0.0902616 9.994E-05 0.5928 0.217325
9.99453E-05 0.0555285 9.99453E-05 9.99453E-05 9.99453E-05 9.99453E-05 0.0280775 9.99453E-05 0.36258 9.99453E-05 0.396512 0.156603
0.0160926 9.9956E-05 0.00860292 9.9956E-05 9.9956E-05 9.9956E-05 0.0395176 9.9956E-05 0.171729 0.0189099 0.217739 0.526909
9.99033E-05 9.99033E-05 9.99033E-05 9.99033E-05 9.99033E-05 9.99033E-05 9.99033E-05 9.99033E-05 9.99033E-05 9.99033E-05 9.99033E-05 0.998901
0.0490935 9.99384E-05 9.99384E-05 9.99384E-05 9.99384E-05 9.99384E-05 9.99384E-05 9.99384E-05 0.0714344 0.0419843 0.259223 0.577565
9.99035E-05 9.99035E-05 9.99035E-05 9.99035E-05 9.99035E-05 9.99035E-05 9.99035E-05 9.99035E-05 9.99035E-05 9.99035E-05 9.99035E-05 0.998901
0.0259301 0.250807 9.995E-05 0.12616 9.995E-05 9.995E-05 0.0334849 9.995E-05 0.234692 9.995E-05 0.140834 0.187592
9.99298E-05 0.125049 9.99298E-05 9.99298E-05 9.99298E-05 9.99298E-05 0.0181514 9.99298E-05 9.99298E-05 9.99298E-05 0.00332326 0.852677
0.0662259 0.0834485 9.99298E-05 9.99298E-05 9.99298E-05 9.99298E-05 9.99298E-05 9.99298E-05 0.481959 9.99298E-05 9.99298E-05 0.367568
0.0939613 0.254965 0.167321 9.99472E-05 0.0604525 9.99472E-05 9.99472E-05 9.99472E-05 0.239195 9.99472E-05 9.99472E-05 0.183505
0.0128105 0.263051 9.99385E-05 9.99385E-05 9.99385E-05 9.99385E-05 9.99385E-05 9.99385E-05 0.162172 9.99385E-05 0.169477 0.39179
9.99473E-05 9.99473E-05 0.178354 0.0300028 9.99473E-05 0.0323285 9.99473E-05 9.99473E-05 0.00504082 9.99473E-05 0.165005 0.588669
9.99385E-05 9.99385E-05 9.99385E-05 9.99385E-05 0.0166473 0.00757834 9.99385E-05 9.99385E-05 0.0506307 9.99385E-05 0.373063 0.551381
9.99386E-05 0.0740319 9.99386E-05 9.99386E-05 9.99386E-05 9.99386E-05 0.00511664 9.99386E-05 0.217151 9.99386E-05 0.0213129 0.681688
0.0421987 9.9921E-05 9.9921E-05 9.9921E-05 9.9921E-05 9.9921E-05 9.9921E-05 9.9921E-05 9.9921E-05 9.9921E-05 0.240198 0.716704
9.99209E-05 9.99209E-05 9.99209E-05 9.99209E-05 9.99209E-05 9.99209E-05 9.99209E-05 9.99209E-05 0.236522 9.99209E-05 0.214986 0.547593
9.99386E-05 0.155832 9.99386E-05 9.99386E-05 9.99386E-05 9.99386E-05 0.0556276 9.99386E-05 0.182383 9.99386E-05 0.213409 0.392048
0.0397636 9.9921E-05 9.9921E-05 9.9921E-05 9.9921E-05 9.9921E-05 9.9921E-05 9.9921E-05 0.0124274 9.9921E-05 9.9921E-05 0.94691
9.99123E-05 9.99123E-05 9.99123E-05 9.99123E-05 9.99123E-05 9.99123E-05 9.99123E-05 9.99123E-05 9.99123E-05 9.99123E-05 0.146565 0.852436
9.99387E-05 9.99387E-05 9.99387E-05 9.99387E-05 9.99387E-05 9.99387E-05 9.99387E-05 0.0105839 0.0734732 0.0592866 0.0353161 0.82064
0.0614481 0.00364632 9.9956E-05 9.9956E-05 9.9956E-05 0.0418499 0.0268191 9.9956E-05 0.20119 9.9956E-05 0.169594 0.494953
0.0252672 9.9956E-05 9.9956E-05 0.0290139 9.9956E-05 9.9956E-05 0.000875288 9.9956E-05 0.0236863 0.16557 0.292466 0.462621
9.99473E-05 9.99473E-05 0.05017 0.0381019 9.99473E-05 0.00809976 9.99473E-05 9.99473E-05 0.0485249 9.99473E-05 0.309859 0.544645
9.99211E-05 9.99211E-05 9.99211E-05 9.99211E-05 9.99211E-05 9.99211E-05 9.99211E-05 9.99211E-05 0.0488976 9.99211E-05 0.0544233 0.89578
0.0227582 0.089886 0.0547219 9.99561E-05 0.0183546 9.99561E-05 9.99561E-05 9.99561E-05 0.2114 9.99561E-05 0.315434 0.286946
0.0727539 9.99384E-05 9.99384E-05 9.99384E-05 9.99384E-05 9.99384E-05 9.99384E-05 9.99384E-05 0.398139 0.0167179 0.0719782 0.439711
0.0117482 0.235911 9.99387E-05 9.99387E-05 9.99387E-05 9.99387E-05 9.99387E-05 9.99387E-05 0.0116577 0.0167558 9.99387E-05 0.723228
