0.188114 9.98333E-05 9.98333E-05 0.0331518 9.98333E-05 9.98333E-05 9.98333E-05 9.98333E-05 9.98333E-05 9.98333E-05 9.98333E-05 9.98333E-05 9.98333E-05 9.98333E-05 0.44384 0.136682 0.168492 9.98333E-05 9.98333E-05 9.98333E-05 9.98333E-05 9.98333E-05 9.98333E-05 9.98333E-05 0.0278221
0.00558842 9.98159E-05 0.0869798 9.98159E-05 9.98159E-05 9.98159E-05 9.98159E-05 9.98159E-05 0.0306964 9.98159E-05 9.98159E-05 9.98159E-05 9.98159E-05 9.98159E-05 0.874639 9.98159E-05 9.98159E-05 9.98159E-05 9.98159E-05 9.98159E-05 9.98159E-05 9.98159E-05 9.98159E-05 9.98159E-05 9.98159E-05
9.97895E-05 9.97895E-05 9.97895E-05 9.97895E-05 9.97895E-05 9.97895E-05 9.97895E-05 9.97895E-05 9.97895E-05 9.97895E-05 9.97895E-05 9.97895E-05 9.97895E-05 0.997605 9.97895E-05 9.97895E-05 9.97895E-05 9.97895E-05 9.97895E-05 9.97895E-05 9.97895E-05 9.97895E-05 9.97895E-05 9.97895E-05 9.97895E-05
9.98333E-05 9.98333E-05 9.98333E-05 9.98333E-05 9.98333E-05 9.98333E-05 9.98333E-05 9.98333E-05 0.0560199 9.98333E-05 9.98333E-05 9.98333E-05 9.98333E-05 9.98333E-05 9.98333E-05 0.249354 0.0963115 0.0908999 9.98333E-05 0.0978264 0.407691 9.98333E-05 9.98333E-05 9.98333E-05 9.98333E-05
9.98247E-05 9.98247E-05 9.98247E-05 9.98247E-05 9.98247E-05 9.98247E-05 0.00477447 9.98247E-05 9.98247E-05 0.109799 9.98247E-05 0.0221037 9.98247E-05 9.98247E-05 0.853383 9.98247E-05 9.98247E-05 9.98247E-05 0.00794326 9.98247E-05 9.98247E-05 9.98247E-05 9.98247E-05 9.98247E-05 9.98247E-05
0.209665 9.98596E-05 0.0194749 9.98596E-05 9.98596E-05 9.98596E-05 9.98596E-05 9.98596E-05 9.98596E-05 9.98596E-05 9.98596E-05 0.128377 0.126923 0.225708 9.98596E-05 0.0089593 9.98596E-05 0.014768 9.98596E-05 0.161283 0.103244 9.98596E-05 9.98596E-05 9.98596E-05 9.98596E-05
0.0309477 9.98685E-05 0.106988 0.0897283 0.0616919 9.98685E-05 9.98685E-05 9.98685E-05 0.0352212 0.0768082 9.98685E-05 9.98685E-05 9.98685E-05 9.98685E-05 0.13608 9.98685E-05 0.0749354 0.156108 9.98685E-05 9.98685E-05 0.229993 9.98685E-05 9.98685E-05 9.98685E-05 9.98685E-05
0.0432515 9.98597E-05 9.98597E-05 9.98597E-05 9.98597E-05 0.0611985 9.98597E-05 9.98597E-05 9.98597E-05 0.049809 9.98597E-05 0.0678456 0.136676 9.98597E-05 9.98597E-05 9.98597E-05 0.130576 0.0594244 0.0578793 9.98597E-05 0.391743 9.98597E-05 9.98597E-05 9.98597E-05 9.98597E-05
9.9842E-05 9.9842E-05 0.0172464 0.15011 9.9842E-05 9.9842E-05 9.9842E-05 9.9842E-05 9.9842E-05 9.9842E-05 9.9842E-05 9.9842E-05 0.206134 0.1563 9.9842E-05 9.9842E-05 0.00935621 9.9842E-05 9.9842E-05 9.9842E-05 0.233358 9.9842E-05 9.9842E-05 9.9842E-05 0.225698
9.97982E-05 9.97982E-05 9.97982E-05 9.97982E-05 9.97982E-05 9.97982E-05 9.97982E-05 9.97982E-05 9.97982E-05 9.97982E-05 9.97982E-05 9.97982E-05 9.97982E-05 9.97982E-05 0.988118 9.97982E-05 9.97982E-05 9.97982E-05 9.97982E-05 9.97982E-05 9.97982E-05 9.97982E-05 9.97982E-05 9.97982E-05 0.00958617
0.121172 9.98157E-05 9.98157E-05 9.98157E-05 9.98157E-05 9.98157E-05 9.98157E-05 9.98157E-05 0.0565378 9.98157E-05 9.98157E-05 9.98157E-05 9.98157E-05 9.98157E-05 9.98157E-05 9.98157E-05 9.98157E-05 9.98157E-05 9.98157E-05 9.98157E-05 0.685367 9.98157E-05 9.98157E-05 9.98157E-05 0.134827
9.9816E-05 9.9816E-05 9.9816E-05 9.9816E-05 9.9816E-05 9.9816E-05 0.044006 9.9816E-05 0.0081194 9.9816E-05 9.9816E-05 9.9816E-05 9.9816E-05 0.897742 9.9816E-05 9.9816E-05 9.9816E-05 9.9816E-05 9.9816E-05 9.9816E-05 9.9816E-05 9.9816E-05 9.9816E-05 9.9816E-05 0.0480368
9.98246E-05 9.98246E-05 9.98246E-05 9.98246E-05 9.98246E-05 9.98246E-05 9.98246E-05 0.0239929 9.98246E-05 9.98246E-05 9.98246E-05 0.0150563 9.98246E-05 9.98246E-05 0.893274 9.98246E-05 0.055546 9.98246E-05 0.0101348 9.98246E-05 9.98246E-05 9.98246E-05 9.98246E-05 9.98246E-05 9.98246E-05
9.98071E-05 9.98071E-05 0.0569596 9.98071E-05 9.98071E-05 9.98071E-05 9.98071E-05 9.98071E-05 9.98071E-05 9.98071E-05 0.0245903 9.98071E-05 9.98071E-05 9.98071E-05 9.98071E-05 9.98071E-05 9.98071E-05 9.98071E-05 9.98071E-05 9.98071E-05 0.916254 9.98071E-05 9.98071E-05 9.98071E-05 9.98071E-05
0.193696 0.0333623 9.9851E-05 9.9851E-05 9.9851E-05 9.9851E-05 9.9851E-05 9.9851E-05 9.9851E-05 9.9851E-05 9.9851E-05 9.9851E-05 0.0881815 9.9851E-05 0.319366 9.9851E-05 0.0452011 9.9851E-05 9.9851E-05 9.9851E-05 9.9851E-05 0.0272958 9.9851E-05 0.155011 0.136188
0.171769 9.98771E-05 9.98771E-05 9.98771E-05 9.98771E-05 0.0389528 0.0559132 9.98771E-05 9.98771E-05 9.98771E-05 9.98771E-05 9.98771E-05 0.183746 9.98771E-05 0.16189 0.00726856 0.0994747 0.0435997 0.0849056 9.98771E-05 0.0567378 9.98771E-05 9.98771E-05 9.98771E-05 0.094344
9.98772E-05 9.98772E-05 0.0688639 9.98772E-05 9.98772E-05 0.0498275 9.98772E-05 9.98772E-05 0.024117 9.98772E-05 0.0950594 9.98772E-05 9.98772E-05 0.625276 9.98772E-05 0.00479067 0.0638907 9.98772E-05 0.0161988 9.98772E-05 0.0209476 9.98772E-05 9.98772E-05 0.00820501 0.0214257
0.238889 9.98421E-05 9.98421E-05 9.98421E-05 9.98421E-05 9.98421E-05 9.98421E-05 0.124226 9.98421E-05 9.98421E-05 9.98421E-05 9.98421E-05 0.0112408 9.98421E-05 9.98421E-05 9.98421E-05 0.156403 9.98421E-05 9.98421E-05 9.98421E-05 0.29952 9.98421E-05 0.08461 9.98421E-05 0.0833141
9.98508E-05 0.00359632 9.98508E-05 9.98508E-05 9.98508E-05 0.10235 9.98508E-05 0.0130034 9.98508E-05 9.98508E-05 9.98508E-05 9.98508E-05 0.208425 0.25199 0.13623 9.98508E-05 0.180222 9.98508E-05 9.98508E-05 9.98508E-05 9.98508E-05 9.98508E-05 9.98508E-05 9.98508E-05 0.102486
9.97984E-05 9.97984E-05 9.97984E-05 9.97984E-05 9.97984E-05 9.97984E-05 9.97984E-05 9.97984E-05 9.97984E-05 9.97984E-05 9.97984E-05 9.97984E-05 9.97984E-05 0.436815 0.56089 9.97984E-05 9.97984E-05 9.97984E-05 9.97984E-05 9.97984E-05 9.97984E-05 9.97984E-05 9.97984E-05 9.97984E-05 9.97984E-05
9.98332E-05 9.98332E-05 9.98332E-05 9.98332E-05 9.98332E-05 9.98332E-05 0.0817589 9.98332E-05 0.0527418 0.0912667 9.98332E-05 9.98332E-05 0.0884049 9.98332E-05 9.98332E-05 9.98332E-05 9.98332E-05 9.98332E-05 9.98332E-05 9.98332E-05 0.673283 9.98332E-05 9.98332E-05 9.98332E-05 0.0106483
9.98597E-05 9.98597E-05 9.98597E-05 9.98597E-05 9.98597E-05 9.98597E-05 9.98597E-05 0.0448681 9.98597E-05 0.0522809 9.98597E-05 0.0594168 0.10662 0.292528 9.98597E-05 9.98597E-05 0.323262 0.0801068 9.98597E-05 9.98597E-05 0.0273668 0.0119537 9.98597E-05 9.98597E-05 9.98597E-05
0.203999 9.98246E-05 9.98246E-05 9.98246E-05 9.98246E-05 9.98246E-05 9.98246E-05 9.98246E-05 9.98246E-05 9.98246E-05 9.98246E-05 9.98246E-05 9.98246E-05 9.98246E-05 0.40913 9.98246E-05 9.98246E-05 9.98246E-05 9.98246E-05 0.0292787 0.327863 9.98246E-05 9.98246E-05 9.98246E-05 0.027732
9.98507E-05 9.98507E-05 9.98507E-05 0.0850527 9.98507E-05 0.00966269 0.0274296 9.98507E-05 9.98507E-05 9.98507E-05 9.98507E-05 9.98507E-05 9.98507E-05 9.98507E-05 0.264348 9.98507E-05 0.303626 9.98507E-05 0.0107042 9.98507E-05 0.171532 9.98507E-05 9.98507E-05 9.98507E-05 0.125948
9.98332E-05 0.099316 9.98332E-05 9.98332E-05 9.98332E-05 9.98332E-05 9.98332E-05 9.98332E-05 9.98332E-05 9.98332E-05 9.98332E-05 9.98332E-05 0.0589166 9.98332E-05 9.98332E-05 0.125767 9.98332E-05 9.98332E-05 9.98332E-05 0.132204 0.401024 9.98332E-05 9.98332E-05 9.98332E-05 0.180876
9.98246E-05 9.98246E-05 9.98246E-05 9.98246E-05 9.98246E-05 9.98246E-05 9.98246E-05 9.98246E-05 9.98246E-05 9.98246E-05 9.98246E-05 9.98246E-05 9.98246E-05 0.572432 9.98246E-05 9.98246E-05 0.0446056 9.98246E-05 9.98246E-05 0.109882 0.186754 9.98246E-05 9.98246E-05 9.98246E-05 0.0843293
9.9842E-05 9.9842E-05 9.9842E-05 9.9842E-05 9.9842E-05 9.9842E-05 9.9842E-05 0.145792 9.9842E-05 9.9842E-05 9.9842E-05 9.9842E-05 9.9842E-05 9.9842E-05 0.0780663 9.9842E-05 0.249478 9.9842E-05 0.00827889 0.289581 9.9842E-05 0.191089 9.9842E-05 9.9842E-05 0.0359169
9.98072E-05 9.98072E-05 9.98072E-05 9.98072E-05 9.98072E-05 9.98072E-05 0.0703473 9.98072E-05 9.98072E-05 9.98072E-05 9.98072E-05 9.98072E-05 9.98072E-05 9.98072E-05 0.872511 9.98072E-05 9.98072E-05 0.0549461 9.98072E-05 9.98072E-05 9.98072E-05 9.98072E-05 9.98072E-05 9.98072E-05 9.98072E-05
9.98159E-05 9.98159E-05 9.98159E-05 9.98159E-05 9.98159E-05 9.98159E-05 9.98159E-05 9.98159E-05 9.98159E-05 9.98159E-05 9.98159E-05 9.98159E-05 9.98159E-05 9.98159E-05 0.85332 0.00339126 9.98159E-05 9.98159E-05 9.98159E-05 9.98159E-05 9.98159E-05 9.98159E-05 0.0345342 9.98159E-05 0.106659
9.98246E-05 9.98246E-05 9.98246E-05 9.98246E-05 9.98246E-05 9.98246E-05 9.98246E-05 9.98246E-05 9.98246E-05 9.98246E-05 9.98246E-05 9.98246E-05 0.0220783 0.0328902 0.629544 9.98246E-05 9.98246E-05 9.98246E-05 9.98246E-05 9.98246E-05 9.98246E-05 9.98246E-05 9.98246E-05 0.283047 0.030444
9.98333E-05 0.000242447 9.98333E-05 9.98333E-05 9.98333E-05 9.98333E-05 9.98333E-05 9.98333E-05 0.0790366 9.98333E-05 9.98333E-05 9.98333E-05 0.0335867 9.98333E-05 0.843533 9.98333E-05 9.98333E-05 9.98333E-05 9.98333E-05 9.98333E-05 9.98333E-05 9.98333E-05 0.0313056 9.98333E-05 0.0103986
9.98334E-05 9.98334E-05 9.98334E-05 9.98334E-05 9.98334E-05 9.98334E-05 9.98334E-05 9.98334E-05 0.0333441 0.0353274 9.98334E-05 9.98334E-05 9.98334E-05 9.98334E-05 9.98334E-05 9.98334E-05 9.98334E-05 0.0342764 9.98334E-05 0.120911 0.70973 9.98334E-05 9.98334E-05 9.98334E-05 0.0645152
0.00493195 9.98331E-05 9.98331E-05 9.98331E-05 9.98331E-05 9.98331E-05 9.98331E-05 9.98331E-05 0.0580973 9.98331E-05 9.98331E-05 9.98331E-05 9.98331E-05 9.98331E-05 9.98331E-05 9.98331E-05 0.0850578 9.98331E-05 0.023166 9.98331E-05 0.76793 9.98331E-05 9.98331E-05 9.98331E-05 0.0589201
9.98596E-05 0.0138723 9.98596E-05 9.98596E-05 0.0360774 9.98596E-05 9.98596E-05 9.98596E-05 9.98596E-05 9.98596E-05 0.0191952 9.98596E-05 9.98596E-05 0.068542 9.98596E-05 9.98596E-05 0.121835 9.98596E-05 9.98596E-05 0.0546747 0.579533 0.0124398 9.98596E-05 9.98596E-05 0.0922323
9.97983E-05 9.97983E-05 9.97983E-05 9.97983E-05 9.97983E-05 9.97983E-05 9.97983E-05 9.97983E-05 9.97983E-05 9.97983E-05 9.97983E-05 9.97983E-05 9.97983E-05 9.97983E-05 0.971037 0.0266681 9.97983E-05 9.97983E-05 9.97983E-05 9.97983E-05 9.97983E-05 9.97983E-05 9.97983E-05 9.97983E-05 9.97983E-05
9.98334E-05 9.98334E-05 9.98334E-05 0.051572 9.98334E-05 9.98334E-05 9.98334E-05 9.98334E-05 9.98334E-05 9.98334E-05 9.98334E-05 9.98334E-05 0.0619512 0.83404 9.98334E-05 9.98334E-05 0.0333533 0.00845562 9.98334E-05 9.98334E-05 9.98334E-05 0.0087308 9.98334E-05 9.98334E-05 9.98334E-05
9.98423E-05 9.98423E-05 0.0261736 9.98423E-05 0.0316276 9.98423E-05 0.00990671 9.98423E-05 0.0130258 9.98423E-05 9.98423E-05 9.98423E-05 9.98423E-05 0.732668 0.125259 9.98423E-05 9.98423E-05 0.059542 9.98423E-05 9.98423E-05 9.98423E-05 9.98423E-05 9.98423E-05 9.98423E-05 9.98423E-05
9.98159E-05 9.98159E-05 9.98159E-05 9.98159E-05 9.98159E-05 9.98159E-05 9.98159E-05 9.98159E-05 9.98159E-05 9.98159E-05 9.98159E-05 9.98159E-05 0.0774961 9.98159E-05 9.98159E-05 0.0782595 9.98159E-05 9.98159E-05 9.98159E-05 9.98159E-05 0.768141 9.98159E-05 9.98159E-05 0.074007 9.98159E-05
9.98509E-05 9.98509E-05 0.0523926 9.98509E-05 9.98509E-05 9.98509E-05 0.016407 9.98509E-05 0.00642657 9.98509E-05 9.98509E-05 0.0636253 9.98509E-05 0.551803 9.98509E-05 9.98509E-05 0.0485401 9.98509E-05 9.98509E-05 9.98509E-05 9.98509E-05 9.98509E-05 9.98509E-05 0.178912 0.0801963
9.9842E-05 9.9842E-05 9.9842E-05 9.9842E-05 0.00529789 9.9842E-05 9.9842E-05 9.9842E-05 9.9842E-05 9.9842E-05 9.9842E-05 0.0225078 9.9842E-05 0.0989841 9.9842E-05 9.9842E-05 9.9842E-05 9.9842E-05 0.0934086 0.104593 0.594973 9.9842E-05 9.9842E-05 9.9842E-05 0.0784381
9.97895E-05 9.97895E-05 9.97895E-05 9.97895E-05 9.97895E-05 9.97895E-05 9.97895E-05 9.97895E-05 9.97895E-05 9.97895E-05 9.97895E-05 9.97895E-05 9.97895E-05 0.997605 9.97895E-05 9.97895E-05 9.97895E-05 9.97895E-05 9.97895E-05 9.97895E-05 9.97895E-05 9.97895E-05 9.97895E-05 9.97895E-05 9.97895E-05
9.98336E-05 9.98336E-05 9.98336E-05 0.0554061 9.98336E-05 9.98336E-05 9.98336E-05 9.98336E-05 9.98336E-05 9.98336E-05 9.98336E-05 9.98336E-05 0.00821604 9.98336E-05 0.693746 9.98336E-05 0.113242 9.98336E-05 9.98336E-05 9.98336E-05 9.98336E-05 0.100249 9.98336E-05 9.98336E-05 0.027245
9.98159E-05 9.98159E-05 9.98159E-05 9.98159E-05 9.98159E-05 9.98159E-05 9.98159E-05 9.98159E-05 9.98159E-05 9.98159E-05 0.0568026 9.98159E-05 9.98159E-05 9.98159E-05 0.87484 9.98159E-05 9.98159E-05 9.98159E-05 9.98159E-05 9.98159E-05 0.0317187 0.034543 9.98159E-05 9.98159E-05 9.98159E-05
0.202956 9.98421E-05 9.98421E-05 0.036473 9.98421E-05 9.98421E-05 9.98421E-05 9.98421E-05 0.0195788 9.98421E-05 9.98421E-05 9.98421E-05 0.106043 0.367122 9.98421E-05 9.98421E-05 0.131507 9.98421E-05 9.98421E-05 9.98421E-05 9.98421E-05 9.98421E-05 9.98421E-05 9.98421E-05 0.134523
9.98332E-05 9.98332E-05 9.98332E-05 9.98332E-05 9.98332E-05 9.98332E-05 9.98332E-05 9.98332E-05 9.98332E-05 9.98332E-05 9.98332E-05 0.0400128 9.98332E-05 0.0662389 9.98332E-05 9.98332E-05 0.300188 0.142747 9.98332E-05 9.98332E-05 0.313094 9.98332E-05 9.98332E-05 9.98332E-05 0.135823
9.9807E-05 9.9807E-05 9.9807E-05 9.9807E-05 9.9807E-05 9.9807E-05 9.9807E-05 9.9807E-05 9.9807E-05 0.119308 9.9807E-05 9.9807E-05 9.9807E-05 0.873411 9.9807E-05 9.9807E-05 9.9807E-05 9.9807E-05 9.9807E-05 9.9807E-05 9.9807E-05 9.9807E-05 0.00508541 9.9807E-05 9.9807E-05
9.9807E-05 9.9807E-05 9.9807E-05 9.9807E-05 9.9807E-05 9.9807E-05 9.9807E-05 9.9807E-05 9.9807E-05 9.9807E-05 9.9807E-05 9.9807E-05 9.9807E-05 9.9807E-05 0.236401 9.9807E-05 9.9807E-05 9.9807E-05 9.9807E-05 9.9807E-05 0.754866 9.9807E-05 9.9807E-05 9.9807E-05 0.00653749
9.97896E-05 9.97896E-05 9.97896E-05 9.97896E-05 9.97896E-05 9.97896E-05 9.97896E-05 9.97896E-05 9.97896E-05 9.97896E-05 9.97896E-05 9.97896E-05 9.97896E-05 0.997605 9.97896E-05 9.97896E-05 9.97896E-05 9.97896E-05 9.97896E-05 9.97896E-05 9.97896E-05 9.97896E-05 9.97896E-05 9.97896E-05 9.97896E-05
9.98246E-05 9.98246E-05 9.98246E-05 9.98246E-05 9.98246E-05 9.98246E-05 0.0846778 9.98246E-05 0.00799712 9.98246E-05 9.98246E-05 9.98246E-05 9.98246E-05 9.98246E-05 0.75387 9.98246E-05 0.0578273 9.98246E-05 9.98246E-05 9.98246E-05 9.98246E-05 9.98246E-05 9.98246E-05 9.98246E-05 0.0936311
9.98074E-05 9.98074E-05 9.98074E-05 9.98074E-05 0.0490326 9.98074E-05 9.98074E-05 9.98074E-05 9.98074E-05 9.98074E-05 9.98074E-05 0.0152329 9.98074E-05 9.98074E-05 9.98074E-05 9.98074E-05 9.98074E-05 9.98074E-05 9.98074E-05 9.98074E-05 0.933539 9.98074E-05 9.98074E-05 9.98074E-05 9.98074E-05
9.98683E-05 9.98683E-05 9.98683E-05 0.0660622 9.98683E-05 9.98683E-05 9.98683E-05 9.98683E-05 0.0961699 0.00779509 9.98683E-05 9.98683E-05 0.0343715 9.98683E-05 0.341186 0.0111104 9.98683E-05 9.98683E-05 9.98683E-05 0.108633 0.0818296 0.0529186 9.98683E-05 9.98683E-05 0.198425
9.98245E-05 9.98245E-05 9.98245E-05 0.0688006 9.98245E-05 9.98245E-05 0.00192268 9.98245E-05 9.98245E-05 9.98245E-05 9.98245E-05 9.98245E-05 9.98245E-05 9.98245E-05 9.98245E-05 9.98245E-05 0.112538 9.98245E-05 0.00205991 9.98245E-05 0.812682 9.98245E-05 9.98245E-05 9.98245E-05 9.98245E-05
9.98072E-05 9.98072E-05 9.98072E-05 9.98072E-05 9.98072E-05 9.98072E-05 9.98072E-05 0.0523311 9.98072E-05 9.98072E-05 9.98072E-05 9.98072E-05 9.98072E-05 9.98072E-05 0.933652 9.98072E-05 9.98072E-05 9.98072E-05 9.98072E-05 9.98072E-05 9.98072E-05 9.98072E-05 9.98072E-05 9.98072E-05 0.011821
9.98422E-05 9.98422E-05 9.98422E-05 9.98422E-05 0.00298563 9.98422E-05 0.0573587 0.00175533 9.98422E-05 9.98422E-05 9.98422E-05 0.014531 9.98422E-05 9.98422E-05 9.98422E-05 0.0869988 9.98422E-05 9.98422E-05 0.0238427 9.98422E-05 0.810731 9.98422E-05 9.98422E-05 9.98422E-05 9.98422E-05
9.98248E-05 0.144911 9.98248E-05 9.98248E-05 9.98248E-05 9.98248E-05 9.98248E-05 9.98248E-05 9.98248E-05 9.98248E-05 9.98248E-05 9.98248E-05 9.98248E-05 0.584944 0.209792 9.98248E-05 9.98248E-05 9.98248E-05 9.98248E-05 9.98248E-05 9.98248E-05 9.98248E-05 9.98248E-05 0.00762217 0.0507342
9.9816E-05 9.9816E-05 9.9816E-05 9.9816E-05 9.9816E-05 9.9816E-05 9.9816E-05 0.00363254 9.9816E-05 9.9816E-05 9.9816E-05 9.9816E-05 9.9816E-05 0.819574 9.9816E-05 0.0574756 9.9816E-05 9.9816E-05 9.9816E-05 0.117222 9.9816E-05 9.9816E-05 9.9816E-05 9.9816E-05 9.9816E-05
9.9807E-05 9.9807E-05 9.9807E-05 9.9807E-05 9.9807E-05 9.9807E-05 9.9807E-05 0.0597573 9.9807E-05 9.9807E-05 9.9807E-05 9.9807E-05 9.9807E-05 0.925081 9.9807E-05 9.9807E-05 0.0129658 9.9807E-05 9.9807E-05 9.9807E-05 9.9807E-05 9.9807E-05 9.9807E-05 9.9807E-05 9.9807E-05
9.98071E-05 9.98071E-05 9.98071E-05 9.98071E-05 9.98071E-05 9.98071E-05 9.98071E-05 9.98071E-05 9.98071E-05 9.98071E-05 9.98071E-05 9.98071E-05 9.98071E-05 9.98071E-05 0.106885 9.98071E-05 9.98071E-05 0.0333144 9.98071E-05 9.98071E-05 0.857605 9.98071E-05 9.98071E-05 9.98071E-05 9.98071E-05
9.98158E-05 9.98158E-05 9.98158E-05 9.98158E-05 0.00479184 9.98158E-05 9.98158E-05 9.98158E-05 9.98158E-05 0.00355938 9.98158E-05 9.98158E-05 9.98158E-05 9.98158E-05 0.706412 9.98158E-05 9.98158E-05 9.98158E-05 9.98158E-05 9.98158E-05 0.283141 9.98158E-05 9.98158E-05 9.98158E-05 9.98158E-05
0.764783 9.98419E-05 0.0210352 9.98419E-05 9.98419E-05 9.98419E-05 9.98419E-05 0.010617 0.02261 9.98419E-05 9.98419E-05 9.98419E-05 0.0403016 9.98419E-05 9.98419E-05 9.98419E-05 9.98419E-05 9.98419E-05 9.98419E-05 0.0161297 9.98419E-05 9.98419E-05 9.98419E-05 9.98419E-05 0.122726
0.981709 9.97984E-05 9.97984E-05 9.97984E-05 9.97984E-05 9.97984E-05 9.97984E-05 9.97984E-05 9.97984E-05 9.97984E-05 9.97984E-05 9.97984E-05 9.97984E-05 9.97984E-05 9.97984E-05 0.0159955 9.97984E-05 9.97984E-05 9.97984E-05 9.97984E-05 9.97984E-05 9.97984E-05 9.97984E-05 9.97984E-05 9.97984E-05
0.945356 9.97982E-05 9.97982E-05 9.97982E-05 9.97982E-05 9.97982E-05 9.97982E-05 0.0523484 9.97982E-05 9.97982E-05 9.97982E-05 9.97982E-05 9.97982E-05 9.97982E-05 9.97982E-05 9.97982E-05 9.97982E-05 9.97982E-05 9.97982E-05 9.97982E-05 9.97982E-05 9.97982E-05 9.97982E-05 9.97982E-05 9.97982E-05
0.342863 9.98597E-05 0.293283 9.98597E-05 0.0255433 9.98597E-05 9.98597E-05 0.00564248 9.98597E-05 9.98597E-05 9.98597E-05 9.98597E-05 0.103693 9.98597E-05 9.98597E-05 9.98597E-05 9.98597E-05 9.98597E-05 9.98597E-05 0.159669 9.98597E-05 0.0455163 0.00982383 9.98597E-05 0.0123683
0.636581 9.98417E-05 9.98417E-05 9.98417E-05 0.0111249 9.98417E-05 9.98417E-05 0.0366496 9.98417E-05 9.98417E-05 9.98417E-05 0.0404393 0.077561 9.98417E-05 9.98417E-05 9.98417E-05 0.128152 9.98417E-05 9.98417E-05 9.98417E-05 9.98417E-05 9.98417E-05 0.0676947 9.98417E-05 9.98417E-05
0.705278 9.98243E-05 9.98243E-05 9.98243E-05 9.98243E-05 9.98243E-05 9.98243E-05 9.98243E-05 0.00674893 9.98243E-05 9.98243E-05 9.98243E-05 0.0156927 9.98243E-05 9.98243E-05 9.98243E-05 0.0734188 9.98243E-05 9.98243E-05 9.98243E-05 9.98243E-05 9.98243E-05 9.98243E-05 9.98243E-05 0.196865
0.601159 9.98331E-05 0.195318 9.98331E-05 9.98331E-05 9.98331E-05 0.0217551 9.98331E-05 0.0493165 9.98331E-05 9.98331E-05 9.98331E-05 9.98331E-05 9.98331E-05 9.98331E-05 9.98331E-05 9.98331E-05 0.0254698 9.98331E-05 9.98331E-05 9.98331E-05 9.98331E-05 9.98331E-05 9.98331E-05 0.105085
0.509785 9.98595E-05 0.0566586 9.98595E-05 0.0149041 9.98595E-05 9.98595E-05 0.0917547 0.038486 9.98595E-05 9.98595E-05 9.98595E-05 0.0852492 9.98595E-05 9.98595E-05 9.98595E-05 9.98595E-05 9.98595E-05 9.98595E-05 0.0516031 9.98595E-05 0.0626294 9.98595E-05 9.98595E-05 0.0873317
0.997605 9.97897E-05 9.97897E-05 9.97897E-05 9.97897E-05 9.97897E-05 9.97897E-05 9.97897E-05 9.97897E-05 9.97897E-05 9.97897E-05 9.97897E-05 9.97897E-05 9.97897E-05 9.97897E-05 9.97897E-05 9.97897E-05 9.97897E-05 9.97897E-05 9.97897E-05 9.97897E-05 9.97897E-05 9.97897E-05 9.97897E-05 9.97897E-05
0.964987 9.9807E-05 9.9807E-05 9.9807E-05 9.9807E-05 9.9807E-05 9.9807E-05 9.9807E-05 0.0232122 9.9807E-05 9.9807E-05 9.9807E-05 0.00960481 9.9807E-05 9.9807E-05 9.9807E-05 9.9807E-05 9.9807E-05 9.9807E-05 9.9807E-05 9.9807E-05 9.9807E-05 9.9807E-05 9.9807E-05 9.9807E-05
0.566125 9.98154E-05 9.98154E-05 9.98154E-05 9.98154E-05 9.98154E-05 9.98154E-05 9.98154E-05 0.156831 9.98154E-05 9.98154E-05 9.98154E-05 0.0678676 9.98154E-05 9.98154E-05 9.98154E-05 9.98154E-05 9.98154E-05 9.98154E-05 9.98154E-05 9.98154E-05 9.98154E-05 9.98154E-05 9.98154E-05 0.20708
0.46795 0.0591931 0.0666624 9.98508E-05 9.98508E-05 0.0143489 0.0928612 9.98508E-05 0.040145 9.98508E-05 9.98508E-05 9.98508E-05 9.98508E-05 9.98508E-05 9.98508E-05 9.98508E-05 0.0982274 9.98508E-05 9.98508E-05 9.98508E-05 9.98508E-05 9.98508E-05 9.98508E-05 9.98508E-05 0.158914
0.559465 9.98418E-05 9.98418E-05 9.98418E-05 9.98418E-05 0.083231 0.109077 9.98418E-05 0.0434287 0.056263 9.98418E-05 9.98418E-05 0.125563 9.98418E-05 9.98418E-05 9.98418E-05 9.98418E-05 9.98418E-05 9.98418E-05 0.0211752 9.98418E-05 9.98418E-05 9.98418E-05 9.98418E-05 9.98418E-05
0.423927 9.98419E-05 0.165463 9.98419E-05 9.98419E-05 9.98419E-05 9.98419E-05 9.98419E-05 9.98419E-05 0.00372428 9.98419E-05 9.98419E-05 0.0398105 9.98419E-05 9.98419E-05 0.0351319 0.183563 9.98419E-05 9.98419E-05 9.98419E-05 9.98419E-05 9.98419E-05 9.98419E-05 9.98419E-05 0.146583
0.874934 9.98074E-05 9.98074E-05 9.98074E-05 9.98074E-05 9.98074E-05 9.98074E-05 9.98074E-05 9.98074E-05 9.98074E-05 9.98074E-05 9.98074E-05 9.98074E-05 9.98074E-05 9.98074E-05 9.98074E-05 9.98074E-05 9.98074E-05 0.0789374 9.98074E-05 9.98074E-05 0.0439327 9.98074E-05 9.98074E-05 9.98074E-05
0.937553 9.98072E-05 9.98072E-05 9.98072E-05 9.98072E-05 9.98072E-05 9.98072E-05 9.98072E-05 9.98072E-05 9.98072E-05 0.00542289 9.98072E-05 0.0548286 9.98072E-05 9.98072E-05 9.98072E-05 9.98072E-05 9.98072E-05 9.98072E-05 9.98072E-05 9.98072E-05 9.98072E-05 9.98072E-05 9.98072E-05 9.98072E-05
0.718517 9.9833E-05 9.9833E-05 9.9833E-05 0.134272 9.9833E-05 9.9833E-05 0.0175113 9.9833E-05 0.0485485 9.9833E-05 9.9833E-05 9.9833E-05 9.9833E-05 9.9833E-05 9.9833E-05 9.9833E-05 0.033117 9.9833E-05 9.9833E-05 9.9833E-05 9.9833E-05 9.9833E-05 9.9833E-05 0.0461371
0.624903 9.98332E-05 9.98332E-05 9.98332E-05 9.98332E-05 0.0300604 9.98332E-05 9.98332E-05 0.0724899 9.98332E-05 9.98332E-05 9.98332E-05 0.0278772 9.98332E-05 9.98332E-05 9.98332E-05 0.100819 0.141953 9.98332E-05 9.98332E-05 9.98332E-05 9.98332E-05 9.98332E-05 9.98332E-05 9.98332E-05
0.870274 9.98157E-05 9.98157E-05 9.98157E-05 9.98157E-05 9.98157E-05 9.98157E-05 0.0805102 0.0193173 9.98157E-05 9.98157E-05 9.98157E-05 9.98157E-05 9.98157E-05 9.98157E-05 9.98157E-05 9.98157E-05 9.98157E-05 9.98157E-05 9.98157E-05 9.98157E-05 9.98157E-05 9.98157E-05 9.98157E-05 0.0278028
0.59821 9.98417E-05 9.98417E-05 9.98417E-05 9.98417E-05 0.030065 9.98417E-05 9.98417E-05 0.0384279 9.98417E-05 9.98417E-05 9.98417E-05 9.98417E-05 9.98417E-05 9.98417E-05 0.00206965 9.98417E-05 9.98417E-05 0.111034 9.98417E-05 9.98417E-05 0.0483236 9.98417E-05 9.98417E-05 0.170072
0.915407 9.97987E-05 9.97987E-05 9.97987E-05 9.97987E-05 9.97987E-05 9.97987E-05 9.97987E-05 9.97987E-05 9.97987E-05 9.97987E-05 9.97987E-05 9.97987E-05 9.97987E-05 9.97987E-05 9.97987E-05 9.97987E-05 9.97987E-05 9.97987E-05 9.97987E-05 9.97987E-05 9.97987E-05 9.97987E-05 0.0822978 9.97987E-05
0.642718 9.98331E-05 0.0108205 9.98331E-05 9.98331E-05 9.98331E-05 9.98331E-05 9.98331E-05 9.98331E-05 9.98331E-05 9.98331E-05 9.98331E-05 0.0134377 9.98331E-05 9.98331E-05 9.98331E-05 0.273113 9.98331E-05 9.98331E-05 0.0340908 9.98331E-05 9.98331E-05 9.98331E-05 9.98331E-05 0.0239238
0.687955 0.00242122 0.0097332 9.98334E-05 9.98334E-05 9.98334E-05 9.98334E-05 9.98334E-05 9.98334E-05 9.98334E-05 9.98334E-05 9.98334E-05 9.98334E-05 9.98334E-05 9.98334E-05 9.98334E-05 0.00321975 9.98334E-05 9.98334E-05 0.28035 9.98334E-05 9.98334E-05 9.98334E-05 9.98334E-05 0.0144233
0.690984 9.98509E-05 9.98509E-05 0.0382195 0.0234431 9.98509E-05 9.98509E-05 0.00728388 9.98509E-05 0.0836838 9.98509E-05 9.98509E-05 9.98509E-05 9.98509E-05 9.98509E-05 9.98509E-05 9.98509E-05 0.128434 9.98509E-05 9.98509E-05 9.98509E-05 0.0165858 9.98509E-05 9.98509E-05 0.00966857
0.757895 9.98155E-05 9.98155E-05 9.98155E-05 9.98155E-05 0.0897058 9.98155E-05 9.98155E-05 0.133513 9.98155E-05 9.98155E-05 9.98155E-05 9.98155E-05 9.98155E-05 9.98155E-05 9.98155E-05 9.98155E-05 9.98155E-05 9.98155E-05 9.98155E-05 9.98155E-05 9.98155E-05 9.98155E-05 9.98155E-05 0.0167901
0.871337 9.98073E-05 9.98073E-05 9.98073E-05 9.98073E-05 9.98073E-05 9.98073E-05 9.98073E-05 9.98073E-05 9.98073E-05 9.98073E-05 9.98073E-05 9.98073E-05 0.0907415 9.98073E-05 9.98073E-05 9.98073E-05 9.98073E-05 9.98073E-05 9.98073E-05 9.98073E-05 9.98073E-05 0.0357261 9.98073E-05 9.98073E-05
0.954749 9.98073E-05 9.98073E-05 9.98073E-05 9.98073E-05 0.0343567 9.98073E-05 9.98073E-05 9.98073E-05 9.98073E-05 9.98073E-05 9.98073E-05 9.98073E-05 9.98073E-05 9.98073E-05 9.98073E-05 0.00869905 9.98073E-05 9.98073E-05 9.98073E-05 9.98073E-05 9.98073E-05 9.98073E-05 9.98073E-05 9.98073E-05
0.997605 9.97897E-05 9.97897E-05 9.97897E-05 9.97897E-05 9.97897E-05 9.97897E-05 9.97897E-05 9.97897E-05 9.97897E-05 9.97897E-05 9.97897E-05 9.97897E-05 9.97897E-05 9.97897E-05 9.97897E-05 9.97897E-05 9.97897E-05 9.97897E-05 9.97897E-05 9.97897E-05 9.97897E-05 9.97897E-05 9.97897E-05 9.97897E-05
0.839069 9.98159E-05 9.98159E-05 9.98159E-05 9.98159E-05 0.0213876 9.98159E-05 0.105862 9.98159E-05 9.98159E-05 9.98159E-05 9.98159E-05 0.0315857 9.98159E-05 9.98159E-05 9.98159E-05 9.98159E-05 9.98159E-05 9.98159E-05 9.98159E-05 9.98159E-05 9.98159E-05 9.98159E-05 9.98159E-05 9.98159E-05
0.467658 9.98247E-05 9.98247E-05 9.98247E-05 9.98247E-05 9.98247E-05 9.98247E-05 9.98247E-05 9.98247E-05 9.98247E-05 9.98247E-05 9.98247E-05 0.065874 9.98247E-05 9.98247E-05 9.98247E-05 9.98247E-05 9.98247E-05 9.98247E-05 9.98247E-05 9.98247E-05 0.0794741 9.98247E-05 0.258845 0.126152
9.98071E-05 9.98071E-05 9.98071E-05 9.98071E-05 9.98071E-05 9.98071E-05 9.98071E-05 9.98071E-05 9.98071E-05 9.98071E-05 9.98071E-05 9.98071E-05 0.114457 9.98071E-05 9.98071E-05 9.98071E-05 9.98071E-05 9.98071E-05 9.98071E-05 0.800038 9.98071E-05 9.98071E-05 9.98071E-05 9.98071E-05 0.0833094
9.98072E-05 9.98072E-05 9.98072E-05 9.98072E-05 9.98072E-05 9.98072E-05 9.98072E-05 9.98072E-05 9.98072E-05 9.98072E-05 9.98072E-05 9.98072E-05 0.00970696 9.98072E-05 9.98072E-05 9.98072E-05 9.98072E-05 9.98072E-05 9.98072E-05 0.388182 9.98072E-05 9.98072E-05 9.98072E-05 0.599915 9.98072E-05
9.98081E-05 9.98081E-05 9.98081E-05 9.98081E-05 9.98081E-05 9.98081E-05 9.98081E-05 9.98081E-05 9.98081E-05 9.98081E-05 9.98081E-05 9.98081E-05 9.98081E-05 9.98081E-05 9.98081E-05 9.98081E-05 9.98081E-05 9.98081E-05 0.0404909 0.884052 9.98081E-05 9.98081E-05 9.98081E-05 9.98081E-05 0.073261
9.98243E-05 9.98243E-05 9.98243E-05 9.98243E-05 9.98243E-05 9.98243E-05 9.98243E-05 0.0431059 0.00581504 9.98243E-05 9.98243E-05 9.98243E-05 0.0691064 9.98243E-05 9.98243E-05 9.98243E-05 9.98243E-05 9.98243E-05 9.98243E-05 0.779716 9.98243E-05 9.98243E-05 9.98243E-05 9.98243E-05 0.10026
9.98155E-05 9.98155E-05 9.98155E-05 9.98155E-05 9.98155E-05 0.0476271 9.98155E-05 9.98155E-05 9.98155E-05 9.98155E-05 9.98155E-05 0.00390003 0.0272553 9.98155E-05 9.98155E-05 9.98155E-05 9.98155E-05 9.98155E-05 9.98155E-05 0.919121 9.98155E-05 9.98155E-05 9.98155E-05 9.98155E-05 9.98155E-05
9.98246E-05 9.98246E-05 0.0941669 9.98246E-05 9.98246E-05 9.98246E-05 9.98246E-05 9.98246E-05 9.98246E-05 9.98246E-05 0.0284249 9.98246E-05 0.142289 9.98246E-05 9.98246E-05 9.98246E-05 9.98246E-05 9.98246E-05 9.98246E-05 0.574378 9.98246E-05 9.98246E-05 9.98246E-05 9.98246E-05 0.158744
9.9842E-05 9.9842E-05 9.9842E-05 9.9842E-05 9.9842E-05 0.000788529 9.9842E-05 0.0135055 0.00208876 9.9842E-05 9.9842E-05 9.9842E-05 0.0405887 9.9842E-05 9.9842E-05 9.9842E-05 0.0575324 9.9842E-05 9.9842E-05 0.794824 9.9842E-05 9.9842E-05 9.9842E-05 9.9842E-05 0.0888747
9.97982E-05 9.97982E-05 9.97982E-05 9.97982E-05 9.97982E-05 9.97982E-05 9.97982E-05 9.97982E-05 9.97982E-05 9.97982E-05 9.97982E-05 9.97982E-05 0.189332 9.97982E-05 9.97982E-05 9.97982E-05 9.97982E-05 9.97982E-05 9.97982E-05 0.808373 9.97982E-05 9.97982E-05 9.97982E-05 9.97982E-05 9.97982E-05
9.98155E-05 9.98155E-05 0.241378 9.98155E-05 9.98155E-05 9.98155E-05 9.98155E-05 9.98155E-05 9.98155E-05 9.98155E-05 9.98155E-05 9.98155E-05 0.325477 9.98155E-05 9.98155E-05 9.98155E-05 9.98155E-05 9.98155E-05 9.98155E-05 0.329502 9.98155E-05 0.101546 9.98155E-05 9.98155E-05 9.98155E-05
9.98071E-05 9.98071E-05 9.98071E-05 9.98071E-05 9.98071E-05 9.98071E-05 9.98071E-05 9.98071E-05 9.98071E-05 9.98071E-05 9.98071E-05 9.98071E-05 0.179106 9.98071E-05 9.98071E-05 9.98071E-05 9.98071E-05 9.98071E-05 9.98071E-05 0.531205 9.98071E-05 9.98071E-05 9.98071E-05 9.98071E-05 0.287494
9.98246E-05 9.98246E-05 0.175823 9.98246E-05 9.98246E-05 9.98246E-05 9.98246E-05 9.98246E-05 9.98246E-05 9.98246E-05 9.98246E-05 9.98246E-05 0.0104016 9.98246E-05 9.98246E-05 9.98246E-05 9.98246E-05 9.98246E-05 9.98246E-05 0.420867 9.98246E-05 9.98246E-05 9.98246E-05 0.33241 0.0585023
9.98246E-05 9.98246E-05 0.0828858 9.98246E-05 9.98246E-05 9.98246E-05 9.98246E-05 9.98246E-05 0.0409243 9.98246E-05 9.98246E-05 9.98246E-05 9.98246E-05 9.98246E-05 9.98246E-05 9.98246E-05 9.98246E-05 9.98246E-05 9.98246E-05 0.706878 9.98246E-05 9.98246E-05 9.98246E-05 0.0965478 0.0707674
9.97985E-05 9.97985E-05 9.97985E-05 9.97985E-05 9.97985E-05 9.97985E-05 9.97985E-05 9.97985E-05 9.97985E-05 9.97985E-05 9.97985E-05 9.97985E-05 0.0433882 9.97985E-05 9.97985E-05 9.97985E-05 9.97985E-05 9.97985E-05 9.97985E-05 0.954316 9.97985E-05 9.97985E-05 9.97985E-05 9.97985E-05 9.97985E-05
9.9816E-05 9.9816E-05 9.9816E-05 9.9816E-05 9.9816E-05 9.9816E-05 9.9816E-05 9.9816E-05 9.9816E-05 9.9816E-05 0.108131 9.9816E-05 0.129227 9.9816E-05 9.9816E-05 9.9816E-05 9.9816E-05 9.9816E-05 9.9816E-05 0.551625 9.9816E-05 9.9816E-05 9.9816E-05 9.9816E-05 0.208921
9.9851E-05 9.9851E-05 0.00158971 9.9851E-05 9.9851E-05 0.0370327 0.0317603 0.0901716 9.9851E-05 9.9851E-05 0.128772 9.9851E-05 0.0580846 9.9851E-05 9.9851E-05 9.9851E-05 9.9851E-05 9.9851E-05 9.9851E-05 0.641639 9.9851E-05 9.9851E-05 0.00925224 9.9851E-05 9.9851E-05
9.9842E-05 9.9842E-05 9.9842E-05 9.9842E-05 0.0100723 9.9842E-05 9.9842E-05 9.9842E-05 0.0226643 9.9842E-05 9.9842E-05 0.0207636 0.0272443 9.9842E-05 9.9842E-05 9.9842E-05 9.9842E-05 9.9842E-05 9.9842E-05 0.643984 9.9842E-05 0.14786 9.9842E-05 9.9842E-05 0.125614
9.98333E-05 9.98333E-05 0.170566 9.98333E-05 9.98333E-05 9.98333E-05 9.98333E-05 0.000411783 9.98333E-05 9.98333E-05 9.98333E-05 9.98333E-05 0.0387033 9.98333E-05 9.98333E-05 9.98333E-05 9.98333E-05 9.98333E-05 9.98333E-05 0.700559 9.98333E-05 9.98333E-05 9.98333E-05 0.0207053 0.0671583
9.98422E-05 9.98422E-05 9.98422E-05 9.98422E-05 0.0308118 9.98422E-05 9.98422E-05 9.98422E-05 9.98422E-05 9.98422E-05 9.98422E-05 0.0744843 0.0962377 9.98422E-05 9.98422E-05 9.98422E-05 0.012629 9.98422E-05 9.98422E-05 0.64804 0.075718 9.98422E-05 9.98422E-05 0.0602818 9.98422E-05
9.97985E-05 9.97985E-05 9.97985E-05 9.97985E-05 9.97985E-05 9.97985E-05 9.97985E-05 9.97985E-05 9.97985E-05 9.97985E-05 0.028396 9.97985E-05 9.97985E-05 9.97985E-05 9.97985E-05 9.97985E-05 9.97985E-05 9.97985E-05 9.97985E-05 0.969309 9.97985E-05 9.97985E-05 9.97985E-05 9.97985E-05 9.97985E-05
9.9842E-05 9.9842E-05 9.9842E-05 9.9842E-05 9.9842E-05 9.9842E-05 0.0373014 9.9842E-05 0.025592 9.9842E-05 9.9842E-05 9.9842E-05 0.00373167 9.9842E-05 9.9842E-05 9.9842E-05 9.9842E-05 9.9842E-05 9.9842E-05 0.421 9.9842E-05 9.9842E-05 0.0746191 0.335003 0.100955
9.98421E-05 9.98421E-05 0.0883698 9.98421E-05 9.98421E-05 9.98421E-05 0.042577 9.98421E-05 9.98421E-05 9.98421E-05 9.98421E-05 0.0336854 0.0200017 9.98421E-05 9.98421E-05 9.98421E-05 9.98421E-05 0.0248777 9.98421E-05 0.648224 9.98421E-05 9.98421E-05 9.98421E-05 9.98421E-05 0.140468
9.98158E-05 9.98158E-05 9.98158E-05 9.98158E-05 9.98158E-05 9.98158E-05 9.98158E-05 9.98158E-05 0.0551908 9.98158E-05 9.98158E-05 9.98158E-05 0.0207847 9.98158E-05 9.98158E-05 9.98158E-05 9.98158E-05 9.98158E-05 9.98158E-05 0.879443 9.98158E-05 9.98158E-05 9.98158E-05 9.98158E-05 0.0424851
9.98245E-05 9.98245E-05 0.0931582 9.98245E-05 9.98245E-05 9.98245E-05 9.98245E-05 9.98245E-05 9.98245E-05 9.98245E-05 9.98245E-05 9.98245E-05 0.214558 9.98245E-05 9.98245E-05 9.98245E-05 9.98245E-05 9.98245E-05 9.98245E-05 0.442031 9.98245E-05 9.98245E-05 0.0609652 9.98245E-05 0.187291
9.98071E-05 9.98071E-05 9.98071E-05 9.98071E-05 9.98071E-05 9.98071E-05 9.98071E-05 9.98071E-05 9.98071E-05 9.98071E-05 9.98071E-05 9.98071E-05 0.216656 9.98071E-05 9.98071E-05 9.98071E-05 9.98071E-05 9.98071E-05 9.98071E-05 0.598368 9.98071E-05 9.98071E-05 9.98071E-05 0.18278 9.98071E-05
9.98333E-05 9.98333E-05 0.144158 9.98333E-05 9.98333E-05 9.98333E-05 9.98333E-05 9.98333E-05 0.00934186 9.98333E-05 9.98333E-05 9.98333E-05 0.217735 9.98333E-05 9.98333E-05 9.98333E-05 9.98333E-05 9.98333E-05 9.98333E-05 0.365384 9.98333E-05 9.98333E-05 0.0819423 9.98333E-05 0.179542
0.0945627 9.98509E-05 0.0836123 9.98509E-05 9.98509E-05 9.98509E-05 9.98509E-05 0.0300057 9.98509E-05 9.98509E-05 0.253014 9.98509E-05 0.101136 9.98509E-05 9.98509E-05 9.98509E-05 0.0214059 9.98509E-05 9.98509E-05 0.293212 9.98509E-05 9.98509E-05 9.98509E-05 9.98509E-05 0.121354
9.98335E-05 9.98335E-05 9.98335E-05 0.0742963 0.0785232 9.98335E-05 9.98335E-05 9.98335E-05 9.98335E-05 9.98335E-05 0.690357 0.0665687 9.98335E-05 9.98335E-05 9.98335E-05 9.98335E-05 9.98335E-05 9.98335E-05 9.98335E-05 0.0428063 9.98335E-05 9.98335E-05 9.98335E-05 9.98335E-05 0.0455516
9.98067E-05 9.98067E-05 9.98067E-05 9.98067E-05 9.98067E-05 9.98067E-05 9.98067E-05 9.98067E-05 9.98067E-05 9.98067E-05 9.98067E-05 9.98067E-05 0.0578021 9.98067E-05 9.98067E-05 9.98067E-05 9.98067E-05 9.98067E-05 9.98067E-05 0.874315 9.98067E-05 9.98067E-05 9.98067E-05 9.98067E-05 0.0656868
9.98159E-05 9.98159E-05 9.98159E-05 9.98159E-05 9.98159E-05 9.98159E-05 9.98159E-05 9.98159E-05 9.98159E-05 9.98159E-05 9.98159E-05 9.98159E-05 0.21546 9.98159E-05 9.98159E-05 9.98159E-05 9.98159E-05 9.98159E-05 9.98159E-05 0.549378 9.98159E-05 9.98159E-05 9.98159E-05 0.00454146 0.228525
9.98247E-05 9.98247E-05 9.98247E-05 9.98247E-05 9.98247E-05 9.98247E-05 9.98247E-05 9.98247E-05 9.98247E-05 9.98247E-05 0.0740683 0.100669 9.98247E-05 9.98247E-05 9.98247E-05 9.98247E-05 9.98247E-05 9.98247E-05 9.98247E-05 0.70787 9.98247E-05 9.98247E-05 0.024252 9.98247E-05 0.0911444
9.98247E-05 9.98247E-05 9.98247E-05 9.98247E-05 9.98247E-05 9.98247E-05 0.0488245 9.98247E-05 0.030805 9.98247E-05 9.98247E-05 9.98247E-05 0.0278068 9.98247E-05 9.98247E-05 9.98247E-05 9.98247E-05 9.98247E-05 9.98247E-05 0.675114 9.98247E-05 9.98247E-05 9.98247E-05 9.98247E-05 0.215453
9.98071E-05 9.98071E-05 9.98071E-05 9.98071E-05 9.98071E-05 9.98071E-05 9.98071E-05 9.98071E-05 9.98071E-05 9.98071E-05 9.98071E-05 9.98071E-05 9.98071E-05 9.98071E-05 9.98071E-05 9.98071E-05 9.98071E-05 9.98071E-05 0.0425857 0.894088 9.98071E-05 9.98071E-05 9.98071E-05 9.98071E-05 0.0611302
9.98244E-05 9.98244E-05 9.98244E-05 9.98244E-05 9.98244E-05 9.98244E-05 9.98244E-05 9.98244E-05 9.98244E-05 9.98244E-05 9.98244E-05 0.179596 0.276413 9.98244E-05 9.98244E-05 9.98244E-05 9.98244E-05 9.98244E-05 9.98244E-05 0.329694 9.98244E-05 9.98244E-05 0.102103 9.98244E-05 0.110198
9.98156E-05 9.98156E-05 9.98156E-05 9.98156E-05 9.98156E-05 9.98156E-05 9.98156E-05 9.98156E-05 9.98156E-05 9.98156E-05 9.98156E-05 9.98156E-05 0.0328542 9.98156E-05 9.98156E-05 9.98156E-05 0.156933 9.98156E-05 9.98156E-05 0.744484 9.98156E-05 9.98156E-05 9.98156E-05 9.98156E-05 0.063633
9.98072E-05 9.98072E-05 9.98072E-05 9.98072E-05 9.98072E-05 9.98072E-05 9.98072E-05 9.98072E-05 9.98072E-05 9.98072E-05 9.98072E-05 9.98072E-05 9.98072E-05 9.98072E-05 9.98072E-05 9.98072E-05 9.98072E-05 9.98072E-05 9.98072E-05 0.917448 9.98072E-05 9.98072E-05 9.98072E-05 0.0143605 0.0659956
9.98333E-05 9.98333E-05 9.98333E-05 9.98333E-05 9.98333E-05 0.000889528 9.98333E-05 9.98333E-05 9.98333E-05 9.98333E-05 9.98333E-05 9.98333E-05 0.04137 9.98333E-05 9.98333E-05 9.98333E-05 9.98333E-05 9.98333E-05 0.0042938 0.617887 9.98333E-05 0.204448 9.98333E-05 0.129214 9.98333E-05
9.98244E-05 9.98244E-05 9.98244E-05 9.98244E-05 9.98244E-05 0.0220234 9.98244E-05 0.00231625 9.98244E-05 9.98244E-05 9.98244E-05 9.98244E-05 0.0771503 9.98244E-05 9.98244E-05 9.98244E-05 9.98244E-05 9.98244E-05 9.98244E-05 0.697173 9.98244E-05 9.98244E-05 9.98244E-05 9.98244E-05 0.199341
9.98158E-05 9.98158E-05 9.98158E-05 9.98158E-05 9.98158E-05 9.98158E-05 9.98158E-05 9.98158E-05 9.98158E-05 9.98158E-05 0.628086 9.98158E-05 0.0855537 9.98158E-05 9.98158E-05 9.98158E-05 9.98158E-05 9.98158E-05 0.0451879 0.239076 9.98158E-05 9.98158E-05 9.98158E-05 9.98158E-05 9.98158E-05
9.98247E-05 9.98247E-05 9.98247E-05 9.98247E-05 9.98247E-05 9.98247E-05 9.98247E-05 9.98247E-05 9.98247E-05 9.98247E-05 0.33319 9.98247E-05 0.00188115 9.98247E-05 9.98247E-05 9.98247E-05 9.98247E-05 9.98247E-05 9.98247E-05 0.536463 9.98247E-05 9.98247E-05 0.0521372 9.98247E-05 0.0743316
9.98072E-05 9.98072E-05 9.98072E-05 9.98072E-05 9.98072E-05 9.98072E-05 9.98072E-05 9.98072E-05 9.98072E-05 9.98072E-05 0.384151 0.0066756 9.98072E-05 9.98072E-05 9.98072E-05 9.98072E-05 9.98072E-05 9.98072E-05 9.98072E-05 0.606978 9.98072E-05 9.98072E-05 9.98072E-05 9.98072E-05 9.98072E-05
9.9816E-05 9.9816E-05 9.9816E-05 9.9816E-05 9.9816E-05 9.9816E-05 9.9816E-05 9.9816E-05 9.9816E-05 9.9816E-05 0.406576 9.9816E-05 9.9816E-05 9.9816E-05 9.9816E-05 9.9816E-05 9.9816E-05 9.9816E-05 9.9816E-05 0.537176 9.9816E-05 9.9816E-05 0.0106715 0.0434803 9.9816E-05
9.98245E-05 9.98245E-05 0.0874873 9.98245E-05 9.98245E-05 9.98245E-05 9.98245E-05 9.98245E-05 0.0123489 0.12238 9.98245E-05 9.98245E-05 9.98245E-05 9.98245E-05 9.98245E-05 9.98245E-05 9.98245E-05 9.98245E-05 9.98245E-05 0.434136 9.98245E-05 9.98245E-05 9.98245E-05 9.98245E-05 0.341651
9.98159E-05 0.0484937 9.98159E-05 9.98159E-05 9.98159E-05 0.00557117 9.98159E-05 9.98159E-05 9.98159E-05 9.98159E-05 9.98159E-05 9.98159E-05 0.170269 9.98159E-05 9.98159E-05 9.98159E-05 9.98159E-05 9.98159E-05 9.98159E-05 0.77357 9.98159E-05 9.98159E-05 9.98159E-05 9.98159E-05 9.98159E-05
9.98244E-05 9.98244E-05 9.98244E-05 9.98244E-05 9.98244E-05 9.98244E-05 9.98244E-05 9.98244E-05 9.98244E-05 9.98244E-05 0.0480028 9.98244E-05 0.123036 9.98244E-05 9.98244E-05 9.98244E-05 9.98244E-05 9.98244E-05 9.98244E-05 0.153358 9.98244E-05 9.98244E-05 0.0163189 0.657288 9.98244E-05
9.98158E-05 9.98158E-05 9.98158E-05 9.98158E-05 9.98158E-05 9.98158E-05 9.98158E-05 9.98158E-05 9.98158E-05 9.98158E-05 9.98158E-05 9.98158E-05 9.98158E-05 9.98158E-05 0.000334855 9.98158E-05 9.98158E-05 9.98158E-05 9.98158E-05 0.4692 9.98158E-05 9.98158E-05 9.98158E-05 0.478193 0.0501757
9.98419E-05 9.98419E-05 0.120751 9.98419E-05 9.98419E-05 9.98419E-05 9.98419E-05 0.0121113 9.98419E-05 9.98419E-05 9.98419E-05 0.0212841 0.152036 9.98419E-05 9.98419E-05 9.98419E-05 0.0567755 9.98419E-05 9.98419E-05 0.521143 9.98419E-05 9.98419E-05 0.114102 9.98419E-05 9.98419E-05
0.266359 9.98421E-05 9.98421E-05 9.98421E-05 9.98421E-05 0.00432242 9.98421E-05 9.98421E-05 0.000423659 9.98421E-05 9.98421E-05 9.98421E-05 0.104689 9.98421E-05 9.98421E-05 9.98421E-05 9.98421E-05 9.98421E-05 9.98421E-05 0.505754 9.98421E-05 0.0140321 9.98421E-05 9.98421E-05 0.102623
9.98424E-05 9.98424E-05 0.142533 0.105296 9.98424E-05 0.0527075 9.98424E-05 9.98424E-05 9.98424E-05 9.98424E-05 9.98424E-05 9.98424E-05 0.0217002 9.98424E-05 9.98424E-05 9.98424E-05 9.98424E-05 9.98424E-05 0.0343485 0.609982 9.98424E-05 0.0316357 9.98424E-05 9.98424E-05 9.98424E-05
0.049546 9.98422E-05 9.98422E-05 9.98422E-05 9.98422E-05 9.98422E-05 9.98422E-05 9.98422E-05 0.0125374 9.98422E-05 9.98422E-05 9.98422E-05 0.188583 9.98422E-05 9.98422E-05 9.98422E-05 0.0724348 9.98422E-05 9.98422E-05 0.439719 9.98422E-05 9.98422E-05 0.0217627 9.98422E-05 0.21362
9.98245E-05 9.98245E-05 9.98245E-05 9.98245E-05 9.98245E-05 9.98245E-05 9.98245E-05 9.98245E-05 9.98245E-05 9.98245E-05 0.649032 0.0111128 9.98245E-05 9.98245E-05 9.98245E-05 9.98245E-05 9.98245E-05 9.98245E-05 0.023212 0.300046 9.98245E-05 9.98245E-05 9.98245E-05 9.98245E-05 0.0146008
9.98245E-05 9.98245E-05 9.98245E-05 9.98245E-05 0.0394065 9.98245E-05 0.0273181 9.98245E-05 9.98245E-05 9.98245E-05 9.98245E-05 9.98245E-05 9.98245E-05 9.98245E-05 9.98245E-05 9.98245E-05 9.98245E-05 0.141748 9.98245E-05 0.696019 9.98245E-05 9.98245E-05 9.98245E-05 9.98245E-05 0.093512
