0.105432 9.98858E-05 0.117014 9.98858E-05 9.98858E-05 0.0479674 0.0630223 9.98858E-05 9.98858E-05 9.98858E-05 0.0327957 9.98858E-05 9.98858E-05 9.98858E-05 0.251947 9.98858E-05 9.98858E-05 0.292069 0.0884544 9.98858E-05 9.98858E-05
0.0216718 0.0217313 0.00994219 9.98771E-05 9.98771E-05 0.00784748 0.126977 9.98771E-05 9.98771E-05 9.98771E-05 9.98771E-05 9.98771E-05 9.98771E-05 9.98771E-05 0.226312 9.98771E-05 9.98771E-05 0.58412 9.98771E-05 9.98771E-05 9.98771E-05
0.0115399 9.98684E-05 0.137298 9.98684E-05 9.98684E-05 9.98684E-05 9.98684E-05 9.98684E-05 9.98684E-05 9.98684E-05 0.0213634 9.98684E-05 9.98684E-05 9.98684E-05 9.98684E-05 9.98684E-05 0.0579936 0.755296 9.98684E-05 0.0150107 9.98684E-05
0.107853 0.0275985 0.045365 9.99035E-05 9.99035E-05 0.312453 9.99035E-05 9.99035E-05 0.0453488 9.99035E-05 9.99035E-05 0.0300255 9.99035E-05 0.0113541 9.99035E-05 9.99035E-05 9.99035E-05 0.225913 0.0609838 0.132006 9.99035E-05
9.98771E-05 9.98771E-05 9.98771E-05 9.98771E-05 9.98771E-05 9.98771E-05 0.0264974 9.98771E-05 0.0774374 9.98771E-05 9.98771E-05 0.0557332 9.98771E-05 0.00604606 9.98771E-05 9.98771E-05 0.0407711 0.767814 9.98771E-05 0.0243023 9.98771E-05
0.0199173 9.98859E-05 9.98859E-05 9.98859E-05 9.98859E-05 9.98859E-05 0.0076637 9.98859E-05 9.98859E-05 9.98859E-05 9.98859E-05 0.195019 9.98859E-05 0.116389 0.203096 9.98859E-05 0.103634 0.147377 9.98859E-05 0.205606 9.98859E-05
0.129947 9.99035E-05 9.99035E-05 9.99035E-05 0.10746 0.0222432 0.182413 9.99035E-05 9.99035E-05 9.99035E-05 0.0244165 0.0344454 0.0849488 9.99035E-05 0.148922 9.99035E-05 9.99035E-05 0.200369 0.0637363 9.99035E-05 9.99035E-05
0.17009 9.99036E-05 9.99036E-05 9.99036E-05 0.0382758 0.0131643 9.99036E-05 0.0836569 9.99036E-05 9.99036E-05 9.99036E-05 0.0458822 9.99036E-05 0.186081 0.105992 9.99036E-05 0.173891 0.164661 9.99036E-05 0.0172074 9.99036E-05
0.0845255 9.98771E-05 0.231222 9.98771E-05 9.98771E-05 9.98771E-05 9.98771E-05 9.98771E-05 9.98771E-05 9.98771E-05 0.180139 9.98771E-05 9.98771E-05 0.236491 9.98771E-05 9.98771E-05 0.00978064 0.198427 9.98771E-05 0.0580158 9.98771E-05
9.98508E-05 9.98508E-05 0.132882 9.98508E-05 9.98508E-05 9.98508E-05 9.98508E-05 9.98508E-05 9.98508E-05 9.98508E-05 0.0390301 0.0276235 9.98508E-05 9.98508E-05 9.98508E-05 9.98508E-05 9.98508E-05 0.798767 9.98508E-05 9.98508E-05 9.98508E-05
0.0788841 0.0411701 0.189986 9.98772E-05 9.98772E-05 9.98772E-05 9.98772E-05 9.98772E-05 9.98772E-05 9.98772E-05 9.98772E-05 9.98772E-05 9.98772E-05 0.0130152 0.104254 9.98772E-05 9.98772E-05 0.44402 0.127272 9.98772E-05 9.98772E-05
9.98859E-05 9.98859E-05 0.0100266 9.98859E-05 9.98859E-05 0.0508704 9.98859E-05 0.0298802 0.0118358 9.98859E-05 9.98859E-05 0.0256199 9.98859E-05 9.98859E-05 0.011667 9.98859E-05 0.0431055 0.815696 9.98859E-05 9.98859E-05 9.98859E-05
0.175595 9.98598E-05 0.0483434 9.98598E-05 9.98598E-05 9.98598E-05 9.98598E-05 9.98598E-05 9.98598E-05 9.98598E-05 9.98598E-05 9.98598E-05 9.98598E-05 0.00985027 9.98598E-05 9.98598E-05 9.98598E-05 0.677991 0.086623 9.98598E-05 9.98598E-05
0.0244849 9.98772E-05 0.0572581 9.98772E-05 9.98772E-05 9.98772E-05 9.98772E-05 9.98772E-05 9.98772E-05 0.0247303 9.98772E-05 9.98772E-05 9.98772E-05 9.98772E-05 9.98772E-05 0.178103 0.0876147 0.58395 0.0424606 9.98772E-05 9.98772E-05
0.0686817 9.98859E-05 0.138535 9.98859E-05 9.98859E-05 9.98859E-05 9.98859E-05 9.98859E-05 9.98859E-05 0.0568566 9.98859E-05 9.98859E-05 0.0278992 0.135068 0.148475 9.98859E-05 9.98859E-05 0.260258 9.98859E-05 0.162927 9.98859E-05
0.0298767 9.98947E-05 0.112889 9.98947E-05 9.98947E-05 0.211927 9.98947E-05 0.144175 9.98947E-05 9.98947E-05 9.98947E-05 9.98947E-05 9.98947E-05 0.19933 0.125371 9.98947E-05 9.98947E-05 0.155656 9.98947E-05 0.0191546 0.000422144
9.98859E-05 9.98859E-05 0.0302496 0.108713 9.98859E-05 9.98859E-05 0.0978582 9.98859E-05 0.0953696 9.98859E-05 9.98859E-05 9.98859E-05 0.08181 9.98859E-05 9.98859E-05 0.07048 9.98859E-05 0.509472 0.00474929 9.98859E-05 9.98859E-05
0.141885 0.147186 0.11825 9.98948E-05 9.98948E-05 9.98948E-05 9.98948E-05 9.98948E-05 0.0291806 9.98948E-05 0.0168898 9.98948E-05 9.98948E-05 0.0220984 0.233269 9.98948E-05 9.98948E-05 0.116914 9.98948E-05 9.98948E-05 0.173129
0.250274 9.98595E-05 0.16468 9.98595E-05 9.98595E-05 9.98595E-05 9.98595E-05 9.98595E-05 9.98595E-05 9.98595E-05 9.98595E-05 0.192682 9.98595E-05 0.114506 9.98595E-05 9.98595E-05 9.98595E-05 0.27626 9.98595E-05 9.98595E-05 9.98595E-05
9.98509E-05 0.07066 0.0569952 9.98509E-05 9.98509E-05 9.98509E-05 9.98509E-05 9.98509E-05 9.98509E-05 9.98509E-05 9.98509E-05 9.98509E-05 0.00843228 9.98509E-05 9.98509E-05 9.98509E-05 9.98509E-05 0.862215 9.98509E-05 9.98509E-05 9.98509E-05
9.9886E-05 9.9886E-05 0.0320218 9.9886E-05 9.9886E-05 0.113069 9.9886E-05 0.117688 0.1805 9.9886E-05 0.00306011 9.9886E-05 9.9886E-05 0.0700099 9.9886E-05 9.9886E-05 9.9886E-05 0.420337 0.0620153 9.9886E-05 9.9886E-05
0.41076 9.98772E-05 9.98772E-05 9.98772E-05 9.98772E-05 9.98772E-05 9.98772E-05 9.98772E-05 9.98772E-05 9.98772E-05 9.98772E-05 0.16431 0.00525571 0.147445 9.98772E-05 9.98772E-05 0.0439582 0.184398 9.98772E-05 0.0424746 9.98772E-05
9.98772E-05 9.98772E-05 0.0858361 9.98772E-05 0.00620823 0.0687843 9.98772E-05 9.98772E-05 9.98772E-05 9.98772E-05 9.98772E-05 9.98772E-05 9.98772E-05 9.98772E-05 0.239903 9.98772E-05 9.98772E-05 0.550726 0.0329187 0.0142255 9.98772E-05
0.310461 9.98596E-05 0.238044 9.98596E-05 9.98596E-05 9.98596E-05 9.98596E-05 9.98596E-05 9.98596E-05 9.98596E-05 0.0775898 9.98596E-05 9.98596E-05 9.98596E-05 0.0543388 9.98596E-05 9.98596E-05 0.317968 9.98596E-05 9.98596E-05 9.98596E-05
0.0907731 0.0366412 0.271026 9.98946E-05 9.98946E-05 0.0345894 9.98946E-05 9.98946E-05 9.98946E-05 0.146344 9.98946E-05 9.98946E-05 9.98946E-05 0.0368445 9.98946E-05 9.98946E-05 9.98946E-05 0.237418 0.0107153 0.13445 9.98946E-05
0.06911 9.98684E-05 0.120175 9.98684E-05 9.98684E-05 0.143074 9.98684E-05 9.98684E-05 9.98684E-05 9.98684E-05 9.98684E-05 9.98684E-05 9.98684E-05 0.0036228 9.98684E-05 9.98684E-05 9.98684E-05 0.642795 9.98684E-05 0.0197244 9.98684E-05
0.283561 0.0454763 0.117932 9.98947E-05 9.98947E-05 9.98947E-05 9.98947E-05 0.0301701 0.041301 9.98947E-05 9.98947E-05 9.98947E-05 0.00546263 9.98947E-05 9.98947E-05 9.98947E-05 9.98947E-05 0.0292987 9.98947E-05 0.343696 0.101904
0.134916 9.98596E-05 0.0645272 9.98596E-05 9.98596E-05 0.10834 9.98596E-05 9.98596E-05 9.98596E-05 9.98596E-05 9.98596E-05 0.0312705 9.98596E-05 9.98596E-05 9.98596E-05 9.98596E-05 9.98596E-05 0.659349 9.98596E-05 9.98596E-05 9.98596E-05
0.0475034 0.00156189 0.155825 9.98859E-05 9.98859E-05 0.0917497 9.98859E-05 9.98859E-05 9.98859E-05 9.98859E-05 9.98859E-05 9.98859E-05 9.98859E-05 9.98859E-05 0.0540553 0.0777733 9.98859E-05 0.519405 9.98859E-05 0.0508276 9.98859E-05
9.98684E-05 9.98684E-05 0.0840954 0.0474557 9.98684E-05 9.98684E-05 9.98684E-05 9.98684E-05 9.98684E-05 9.98684E-05 9.98684E-05 0.0726228 9.98684E-05 0.0489999 9.98684E-05 9.98684E-05 9.98684E-05 0.744587 9.98684E-05 0.000741428 9.98684E-05
0.0742424 9.98859E-05 0.0226698 9.98859E-05 9.98859E-05 9.98859E-05 9.98859E-05 0.00748741 9.98859E-05 0.0780759 9.98859E-05 9.98859E-05 9.98859E-05 0.0147807 0.196753 9.98859E-05 9.98859E-05 0.545118 0.0595743 9.98859E-05 9.98859E-05
0.0492654 9.98948E-05 0.0590703 9.98948E-05 9.98948E-05 0.0588753 9.98948E-05 9.98948E-05 9.98948E-05 9.98948E-05 9.98948E-05 0.030706 9.98948E-05 9.98948E-05 0.0170941 0.113625 9.98948E-05 0.475706 0.0513574 0.143102 9.98948E-05
0.110674 9.98858E-05 0.103009 9.98858E-05 9.98858E-05 0.0313548 9.98858E-05 0.00949314 9.98858E-05 9.98858E-05 9.98858E-05 9.98858E-05 9.98858E-05 9.98858E-05 0.137556 9.98858E-05 9.98858E-05 0.452205 0.0892528 0.065156 9.98858E-05
0.209452 9.99034E-05 0.154703 9.99034E-05 9.99034E-05 9.99034E-05 9.99034E-05 0.0250722 9.99034E-05 9.99034E-05 0.0019691 9.99034E-05 0.0383632 9.99034E-05 9.99034E-05 0.0305036 0.00982942 0.378877 9.99034E-05 0.143716 0.00641657
9.98772E-05 0.0114697 0.0551811 9.98772E-05 9.98772E-05 9.98772E-05 0.0260118 9.98772E-05 9.98772E-05 9.98772E-05 9.98772E-05 0.0257779 9.98772E-05 0.0156813 9.98772E-05 9.98772E-05 9.98772E-05 0.759924 0.104556 9.98772E-05 9.98772E-05
0.0925309 9.98773E-05 0.0132923 9.98773E-05 9.98773E-05 0.2071 0.0100049 9.98773E-05 9.98773E-05 9.98773E-05 9.98773E-05 9.98773E-05 9.98773E-05 0.0156253 0.0401455 9.98773E-05 9.98773E-05 0.619903 9.98773E-05 9.98773E-05 9.98773E-05
9.98685E-05 9.98685E-05 9.98685E-05 9.98685E-05 0.0375153 9.98685E-05 9.98685E-05 0.0101413 9.98685E-05 9.98685E-05 9.98685E-05 0.0715008 0.0224495 9.98685E-05 9.98685E-05 9.98685E-05 9.98685E-05 0.760697 0.0961982 9.98685E-05 9.98685E-05
0.00581096 0.115736 0.0552873 9.9886E-05 9.9886E-05 0.0324031 0.0638214 9.9886E-05 9.9886E-05 9.9886E-05 9.9886E-05 9.9886E-05 9.9886E-05 0.23423 9.9886E-05 0.0126375 9.9886E-05 0.478775 9.9886E-05 9.9886E-05 9.9886E-05
0.0745237 9.99035E-05 0.163402 0.111229 9.99035E-05 9.99035E-05 0.0602362 9.99035E-05 0.0100277 9.99035E-05 9.99035E-05 9.99035E-05 0.0041661 0.00189681 9.99035E-05 9.99035E-05 0.0709209 0.473457 0.029042 9.99035E-05 9.99035E-05
9.98684E-05 9.98684E-05 0.243939 9.98684E-05 9.98684E-05 9.98684E-05 9.98684E-05 0.109023 9.98684E-05 9.98684E-05 9.98684E-05 0.032839 9.98684E-05 9.98684E-05 9.98684E-05 9.98684E-05 9.98684E-05 0.408721 0.0295375 0.174443 9.98684E-05
0.117902 9.98683E-05 0.0463637 9.98683E-05 9.98683E-05 9.98683E-05 9.98683E-05 9.98683E-05 9.98683E-05 9.98683E-05 9.98683E-05 0.0587768 9.98683E-05 0.0344353 9.98683E-05 9.98683E-05 9.98683E-05 0.713769 0.0272552 9.98683E-05 9.98683E-05
0.228162 9.98598E-05 0.117193 9.98598E-05 9.98598E-05 9.98598E-05 9.98598E-05 9.98598E-05 9.98598E-05 9.98598E-05 0.0566496 9.98598E-05 9.98598E-05 9.98598E-05 9.98598E-05 9.98598E-05 9.98598E-05 0.572254 9.98598E-05 0.0241437 9.98598E-05
0.145152 9.98509E-05 9.98509E-05 0.13589 9.98509E-05 9.98509E-05 9.98509E-05 9.98509E-05 9.98509E-05 9.98509E-05 9.98509E-05 0.0612591 9.98509E-05 9.98509E-05 9.98509E-05 9.98509E-05 9.98509E-05 0.656001 9.98509E-05 9.98509E-05 9.98509E-05
0.134325 9.98685E-05 0.182805 9.98685E-05 9.98685E-05 9.98685E-05 9.98685E-05 9.98685E-05 9.98685E-05 9.98685E-05 0.0588046 9.98685E-05 9.98685E-05 0.0551063 0.294669 9.98685E-05 9.98685E-05 0.272793 9.98685E-05 9.98685E-05 9.98685E-05
0.396734 9.98684E-05 0.227339 9.98684E-05 9.98684E-05 9.98684E-05 9.98684E-05 9.98684E-05 9.98684E-05 9.98684E-05 9.98684E-05 0.0445544 0.106494 9.98684E-05 9.98684E-05 9.98684E-05 0.0106242 0.212756 9.98684E-05 9.98684E-05 9.98684E-05
0.110778 0.0567055 0.0742668 9.98682E-05 9.98682E-05 9.98682E-05 9.98682E-05 9.98682E-05 0.024081 9.98682E-05 9.98682E-05 0.0429635 9.98682E-05 9.98682E-05 9.98682E-05 9.98682E-05 9.98682E-05 0.689707 9.98682E-05 9.98682E-05 9.98682E-05
9.98772E-05 9.98772E-05 0.0901799 9.98772E-05 9.98772E-05 0.0545108 9.98772E-05 9.98772E-05 9.98772E-05 9.98772E-05 9.98772E-05 9.98772E-05 9.98772E-05 0.0121107 9.98772E-05 9.98772E-05 9.98772E-05 0.691903 0.0712102 0.00716284 0.0715237
9.98597E-05 9.98597E-05 0.0749209 9.98597E-05 0.00792997 9.98597E-05 9.98597E-05 0.0179792 9.98597E-05 9.98597E-05 9.98597E-05 9.98597E-05 9.98597E-05 9.98597E-05 9.98597E-05 9.98597E-05 0.0349352 0.862637 9.98597E-05 9.98597E-05 9.98597E-05
0.0656261 9.98772E-05 0.105142 9.98772E-05 9.98772E-05 0.019332 9.98772E-05 9.98772E-05 0.199762 9.98772E-05 9.98772E-05 9.98772E-05 9.98772E-05 9.98772E-05 0.0112873 9.98772E-05 9.98772E-05 0.5689 9.98772E-05 9.98772E-05 0.0285522
9.98949E-05 9.98949E-05 0.0169714 9.98949E-05 0.0983237 9.98949E-05 0.00279149 9.98949E-05 9.98949E-05 9.98949E-05 9.98949E-05 0.124928 9.98949E-05 0.0495994 9.98949E-05 9.98949E-05 0.0222753 0.680784 0.00128642 0.00184124 9.98949E-05
0.0459043 9.98947E-05 0.212244 9.98947E-05 9.98947E-05 9.98947E-05 9.98947E-05 9.98947E-05 9.98947E-05 9.98947E-05 0.021754 0.0518865 9.98947E-05 0.0420362 0.0231973 9.98947E-05 9.98947E-05 0.269347 0.164905 0.167526 9.98947E-05
0.263424 0.0812944 9.98684E-05 9.98684E-05 9.98684E-05 0.0729489 9.98684E-05 9.98684E-05 9.98684E-05 9.98684E-05 0.0690729 9.98684E-05 9.98684E-05 9.98684E-05 9.98684E-05 9.98684E-05 0.0128203 0.498941 9.98684E-05 9.98684E-05 9.98684E-05
9.98597E-05 9.98597E-05 0.0288578 9.98597E-05 9.98597E-05 9.98597E-05 9.98597E-05 9.98597E-05 9.98597E-05 0.0235133 9.98597E-05 9.98597E-05 9.98597E-05 9.98597E-05 9.98597E-05 0.121754 9.98597E-05 0.739473 9.98597E-05 9.98597E-05 0.0848042
9.98948E-05 0.0334549 0.0527081 9.98948E-05 9.98948E-05 9.98948E-05 9.98948E-05 0.226254 0.0455718 9.98948E-05 9.98948E-05 9.98948E-05 9.98948E-05 9.98948E-05 0.000419989 9.98948E-05 0.0171559 0.590593 9.98948E-05 0.0113558 0.0212879
9.98423E-05 9.98423E-05 0.0969939 9.98423E-05 9.98423E-05 9.98423E-05 9.98423E-05 9.98423E-05 9.98423E-05 0.16483 9.98423E-05 9.98423E-05 9.98423E-05 9.98423E-05 9.98423E-05 9.98423E-05 9.98423E-05 0.736379 9.98423E-05 9.98423E-05 9.98423E-05
9.98685E-05 0.0615464 9.98685E-05 9.98685E-05 9.98685E-05 9.98685E-05 9.98685E-05 9.98685E-05 9.98685E-05 9.98685E-05 9.98685E-05 0.102488 9.98685E-05 9.98685E-05 0.0122666 9.98685E-05 9.98685E-05 0.651134 0.0376782 0.133389 9.98685E-05
0.0433612 9.98771E-05 0.0427371 9.98771E-05 9.98771E-05 9.98771E-05 0.0334696 9.98771E-05 0.0729013 9.98771E-05 9.98771E-05 0.0743319 9.98771E-05 9.98771E-05 9.98771E-05 9.98771E-05 9.98771E-05 0.611976 9.98771E-05 9.98771E-05 0.119825
0.040082 9.98685E-05 0.0567636 9.98685E-05 9.98685E-05 0.133463 9.98685E-05 9.98685E-05 9.98685E-05 9.98685E-05 9.98685E-05 9.98685E-05 0.0337257 9.98685E-05 9.98685E-05 9.98685E-05 9.98685E-05 0.665221 0.0692466 9.98685E-05 9.98685E-05
0.0156112 9.98858E-05 0.0456379 9.98858E-05 0.0330314 0.0175803 0.0134044 9.98858E-05 9.98858E-05 9.98858E-05 9.98858E-05 9.98858E-05 9.98858E-05 0.0123983 9.98858E-05 9.98858E-05 9.98858E-05 0.823209 0.0378284 9.98858E-05 9.98858E-05
9.98683E-05 9.98683E-05 0.148773 9.98683E-05 9.98683E-05 9.98683E-05 0.0417001 9.98683E-05 9.98683E-05 9.98683E-05 9.98683E-05 9.98683E-05 9.98683E-05 0.0529749 0.716498 9.98683E-05 9.98683E-05 9.98683E-05 0.0266764 9.98683E-05 0.0118798
9.98509E-05 9.98509E-05 9.98509E-05 9.98509E-05 9.98509E-05 0.00148154 9.98509E-05 0.0218585 9.98509E-05 9.98509E-05 0.0290158 9.98509E-05 9.98509E-05 9.98509E-05 0.945947 9.98509E-05 9.98509E-05 9.98509E-05 9.98509E-05 9.98509E-05 9.98509E-05
9.98597E-05 9.98597E-05 9.98597E-05 0.0263795 0.0369118 9.98597E-05 9.98597E-05 9.98597E-05 9.98597E-05 9.98597E-05 9.98597E-05 0.0426599 9.98597E-05 9.98597E-05 0.809271 9.98597E-05 0.0831799 9.98597E-05 9.98597E-05 9.98597E-05 9.98597E-05
9.98684E-05 9.98684E-05 0.0348967 9.98684E-05 0.0541886 9.98684E-05 0.286996 9.98684E-05 9.98684E-05 9.98684E-05 9.98684E-05 9.98684E-05 9.98684E-05 0.112413 0.316636 9.98684E-05 9.98684E-05 9.98684E-05 9.98684E-05 0.193372 9.98684E-05
0.0396573 0.104622 0.0426231 9.98945E-05 0.00597892 0.0161507 9.98945E-05 9.98945E-05 9.98945E-05 9.98945E-05 9.98945E-05 0.0665004 9.98945E-05 0.0729243 0.649355 9.98945E-05 0.000989217 9.98945E-05 9.98945E-05 9.98945E-05 9.98945E-05
0.163332 9.98711E-05 0.170785 9.98711E-05 9.98711E-05 9.98711E-05 9.98711E-05 9.98711E-05 9.98711E-05 9.98711E-05 0.0218271 9.98711E-05 9.98711E-05 0.0158756 0.586246 9.98711E-05 9.98711E-05 9.98711E-05 9.98711E-05 0.0404366 9.98711E-05
9.98682E-05 9.98682E-05 0.101761 9.98682E-05 9.98682E-05 9.98682E-05 0.321569 9.98682E-05 9.98682E-05 9.98682E-05 9.98682E-05 0.00333461 9.98682E-05 0.00503154 0.523414 9.98682E-05 9.98682E-05 9.98682E-05 9.98682E-05 9.98682E-05 0.0433918
9.9877E-05 9.9877E-05 0.109842 9.9877E-05 9.9877E-05 9.9877E-05 0.0327485 9.9877E-05 9.9877E-05 9.9877E-05 9.9877E-05 0.0802286 9.9877E-05 0.0312067 0.476272 9.9877E-05 9.9877E-05 9.9877E-05 9.9877E-05 0.123171 0.145132
9.98771E-05 9.98771E-05 0.0301194 9.98771E-05 0.0126906 9.98771E-05 0.0599035 9.98771E-05 9.98771E-05 9.98771E-05 0.00733143 9.98771E-05 9.98771E-05 9.98771E-05 0.854043 0.0231566 9.98771E-05 9.98771E-05 9.98771E-05 9.98771E-05 0.0113572
9.98419E-05 9.98419E-05 9.98419E-05 9.98419E-05 9.98419E-05 0.0386357 9.98419E-05 9.98419E-05 9.98419E-05 9.98419E-05 9.98419E-05 9.98419E-05 9.98419E-05 9.98419E-05 0.886367 9.98419E-05 9.98419E-05 9.98419E-05 0.0732004 9.98419E-05 9.98419E-05
9.98593E-05 9.98593E-05 0.276941 9.98593E-05 9.98593E-05 9.98593E-05 9.98593E-05 9.98593E-05 9.98593E-05 9.98593E-05 9.98593E-05 0.0765568 9.98593E-05 0.0550501 0.466381 9.98593E-05 9.98593E-05 9.98593E-05 0.123474 9.98593E-05 9.98593E-05
0.141228 9.99033E-05 0.00941615 9.99033E-05 0.117612 9.99033E-05 0.131171 0.00710832 9.99033E-05 0.0466051 9.99033E-05 0.0333487 9.99033E-05 9.99033E-05 0.387634 9.99033E-05 0.0687967 9.99033E-05 0.055981 9.99033E-05 9.99033E-05
9.98682E-05 9.98682E-05 9.98682E-05 9.98682E-05 9.98682E-05 9.98682E-05 9.98682E-05 0.0480286 0.107687 9.98682E-05 9.98682E-05 9.98682E-05 9.98682E-05 0.17303 0.522379 9.98682E-05 9.98682E-05 9.98682E-05 0.0938734 0.0535035 9.98682E-05
0.183134 9.98683E-05 0.200348 9.98683E-05 9.98683E-05 9.98683E-05 0.169956 9.98683E-05 9.98683E-05 9.98683E-05 9.98683E-05 0.0838943 9.98683E-05 9.98683E-05 0.349774 9.98683E-05 9.98683E-05 9.98683E-05 9.98683E-05 0.0113949 9.98683E-05
9.98335E-05 9.98335E-05 9.98335E-05 9.98335E-05 9.98335E-05 9.98335E-05 9.98335E-05 9.98335E-05 9.98335E-05 9.98335E-05 0.0303104 9.98335E-05 9.98335E-05 9.98335E-05 0.967793 9.98335E-05 9.98335E-05 9.98335E-05 9.98335E-05 9.98335E-05 9.98335E-05
9.98596E-05 9.98596E-05 0.0189022 9.98596E-05 9.98596E-05 0.0128786 9.98596E-05 9.98596E-05 9.98596E-05 9.98596E-05 9.98596E-05 9.98596E-05 9.98596E-05 0.0470539 0.873369 9.98596E-05 9.98596E-05 9.98596E-05 0.0461983 9.98596E-05 9.98596E-05
9.98769E-05 9.98769E-05 0.0487817 9.98769E-05 0.0109511 9.98769E-05 9.98769E-05 9.98769E-05 9.98769E-05 9.98769E-05 0.0152201 0.159716 9.98769E-05 9.98769E-05 0.635496 9.98769E-05 0.0160523 9.98769E-05 9.98769E-05 0.112384 9.98769E-05
0.0776471 9.98682E-05 9.98682E-05 9.98682E-05 9.98682E-05 0.0401608 9.98682E-05 9.98682E-05 9.98682E-05 9.98682E-05 9.98682E-05 0.0850206 9.98682E-05 0.0455135 0.646006 9.98682E-05 9.98682E-05 9.98682E-05 0.104154 9.98682E-05 9.98682E-05
9.98507E-05 9.98507E-05 0.0516064 9.98507E-05 9.98507E-05 9.98507E-05 9.98507E-05 9.98507E-05 9.98507E-05 9.98507E-05 9.98507E-05 0.0716186 9.98507E-05 9.98507E-05 0.790987 9.98507E-05 9.98507E-05 9.98507E-05 9.98507E-05 9.98507E-05 0.0840906
9.98857E-05 0.111974 0.140555 9.98857E-05 9.98857E-05 9.98857E-05 9.98857E-05 9.98857E-05 9.98857E-05 0.0526685 9.98857E-05 9.98857E-05 0.00896554 9.98857E-05 0.593769 9.98857E-05 0.0564636 9.98857E-05 0.0319405 9.98857E-05 0.00236511
9.98336E-05 9.98336E-05 9.98336E-05 0.0370416 9.98336E-05 9.98336E-05 9.98336E-05 9.98336E-05 9.98336E-05 9.98336E-05 9.98336E-05 9.98336E-05 9.98336E-05 9.98336E-05 0.961062 9.98336E-05 9.98336E-05 9.98336E-05 9.98336E-05 9.98336E-05 9.98336E-05
0.245988 9.98769E-05 0.0177972 9.98769E-05 0.0517168 9.98769E-05 9.98769E-05 9.98769E-05 9.98769E-05 0.0196106 9.98769E-05 9.98769E-05 9.98769E-05 9.98769E-05 0.584165 9.98769E-05 9.98769E-05 9.98769E-05 9.98769E-05 0.0658816 0.0134433
0.0696896 9.98772E-05 0.0346133 9.98772E-05 9.98772E-05 9.98772E-05 0.00898422 9.98772E-05 9.98772E-05 0.0216222 9.98772E-05 9.98772E-05 9.98772E-05 9.98772E-05 0.622813 0.0974103 9.98772E-05 9.98772E-05 9.98772E-05 0.143469 9.98772E-05
9.98946E-05 9.98946E-05 0.0130203 9.98946E-05 0.00311369 9.98946E-05 9.98946E-05 9.98946E-05 9.98946E-05 9.98946E-05 0.033617 0.172289 9.98946E-05 0.0401518 0.65128 9.98946E-05 9.98946E-05 9.98946E-05 0.000466691 0.0414227 0.0434404
9.98419E-05 9.98419E-05 0.0220029 9.98419E-05 9.98419E-05 9.98419E-05 9.98419E-05 9.98419E-05 9.98419E-05 9.98419E-05 9.98419E-05 9.98419E-05 9.98419E-05 9.98419E-05 0.757889 9.98419E-05 9.98419E-05 9.98419E-05 0.218311 9.98419E-05 9.98419E-05
9.98424E-05 9.98424E-05 9.98424E-05 0.000196036 9.98424E-05 9.98424E-05 9.98424E-05 9.98424E-05 9.98424E-05 9.98424E-05 9.98424E-05 9.98424E-05 9.98424E-05 0.0231664 0.97484 9.98424E-05 9.98424E-05 9.98424E-05 9.98424E-05 9.98424E-05 9.98424E-05
0.051149 9.98598E-05 9.98598E-05 9.98598E-05 9.98598E-05 0.0358421 9.98598E-05 9.98598E-05 9.98598E-05 9.98598E-05 0.0158976 9.98598E-05 9.98598E-05 9.98598E-05 0.853502 9.98598E-05 9.98598E-05 9.98598E-05 9.98598E-05 9.98598E-05 0.0420113
9.98422E-05 9.98422E-05 0.0236769 9.98422E-05 0.0289422 9.98422E-05 9.98422E-05 9.98422E-05 9.98422E-05 9.98422E-05 9.98422E-05 9.98422E-05 9.98422E-05 9.98422E-05 0.945584 9.98422E-05 9.98422E-05 9.98422E-05 9.98422E-05 9.98422E-05 9.98422E-05
9.98421E-05 9.98421E-05 9.98421E-05 9.98421E-05 9.98421E-05 9.98421E-05 9.98421E-05 9.98421E-05 9.98421E-05 9.98421E-05 9.98421E-05 9.98421E-05 9.98421E-05 0.0358421 0.893696 9.98421E-05 9.98421E-05 9.98421E-05 9.98421E-05 9.98421E-05 0.0686643
9.98773E-05 9.98773E-05 0.104457 0.0834268 9.98773E-05 9.98773E-05 9.98773E-05 0.00883138 0.0235662 9.98773E-05 9.98773E-05 9.98773E-05 9.98773E-05 0.124354 0.642389 0.0115774 9.98773E-05 9.98773E-05 9.98773E-05 9.98773E-05 9.98773E-05
9.98421E-05 9.98421E-05 0.0845526 9.98421E-05 9.98421E-05 9.98421E-05 9.98421E-05 9.98421E-05 9.98421E-05 9.98421E-05 9.98421E-05 9.98421E-05 9.98421E-05 0.0746624 9.98421E-05 9.98421E-05 9.98421E-05 9.98421E-05 9.98421E-05 0.838988 9.98421E-05
9.98597E-05 9.98597E-05 0.0204815 0.285845 9.98597E-05 9.98597E-05 9.98597E-05 9.98597E-05 9.98597E-05 9.98597E-05 9.98597E-05 9.98597E-05 9.98597E-05 0.00996279 9.98597E-05 0.515785 9.98597E-05 9.98597E-05 9.98597E-05 0.166329 9.98597E-05
9.98682E-05 9.98682E-05 0.0626275 9.98682E-05 9.98682E-05 9.98682E-05 9.98682E-05 9.98682E-05 9.98682E-05 9.98682E-05 9.98682E-05 9.98682E-05 9.98682E-05 9.98682E-05 9.98682E-05 0.199058 0.0747067 9.98682E-05 0.0286886 0.596593 0.0368284
9.98594E-05 9.98594E-05 0.115967 9.98594E-05 9.98594E-05 9.98594E-05 9.98594E-05 9.98594E-05 9.98594E-05 9.98594E-05 9.98594E-05 9.98594E-05 9.98594E-05 0.0201665 9.98594E-05 9.98594E-05 9.98594E-05 9.98594E-05 0.0203212 0.822849 0.0190978
9.98595E-05 9.98595E-05 9.98595E-05 9.98595E-05 0.00799182 9.98595E-05 9.98595E-05 9.98595E-05 9.98595E-05 9.98595E-05 9.98595E-05 9.98595E-05 9.98595E-05 0.0389456 9.98595E-05 9.98595E-05 0.0788997 9.98595E-05 9.98595E-05 0.871932 0.000633539
9.98771E-05 9.98771E-05 0.225025 0.024508 9.98771E-05 0.0511001 0.0567544 9.98771E-05 9.98771E-05 9.98771E-05 9.98771E-05 9.98771E-05 0.0237648 0.0722613 9.98771E-05 9.98771E-05 9.98771E-05 9.98771E-05 9.98771E-05 0.545188 9.98771E-05
0.0201424 9.98682E-05 0.0700909 9.98682E-05 9.98682E-05 9.98682E-05 9.98682E-05 9.98682E-05 9.98682E-05 9.98682E-05 9.98682E-05 9.98682E-05 9.98682E-05 0.0810182 9.98682E-05 0.368765 9.98682E-05 9.98682E-05 9.98682E-05 0.364463 0.0940231
9.9842E-05 9.9842E-05 0.0223453 9.9842E-05 9.9842E-05 9.9842E-05 9.9842E-05 9.9842E-05 9.9842E-05 9.9842E-05 9.9842E-05 9.9842E-05 9.9842E-05 0.194793 9.9842E-05 9.9842E-05 9.9842E-05 9.9842E-05 9.9842E-05 0.781064 9.9842E-05
0.0552851 9.98594E-05 9.98594E-05 9.98594E-05 9.98594E-05 9.98594E-05 0.224641 9.98594E-05 9.98594E-05 9.98594E-05 9.98594E-05 9.98594E-05 9.98594E-05 0.279578 9.98594E-05 9.98594E-05 9.98594E-05 9.98594E-05 0.0248308 0.414068 9.98594E-05
9.98597E-05 9.98597E-05 0.253155 9.98597E-05 9.98597E-05 9.98597E-05 9.98597E-05 9.98597E-05 9.98597E-05 9.98597E-05 9.98597E-05 9.98597E-05 0.0116561 0.211054 9.98597E-05 0.0506316 9.98597E-05 9.98597E-05 9.98597E-05 0.471906 9.98597E-05
9.9851E-05 9.9851E-05 9.9851E-05 0.269084 9.9851E-05 9.9851E-05 0.144157 9.9851E-05 9.9851E-05 9.9851E-05 9.9851E-05 9.9851E-05 9.9851E-05 9.9851E-05 9.9851E-05 9.9851E-05 9.9851E-05 9.9851E-05 0.0292545 0.555807 9.9851E-05
9.98598E-05 0.0563345 0.0284122 0.123712 9.98598E-05 9.98598E-05 0.0782915 9.98598E-05 9.98598E-05 9.98598E-05 9.98598E-05 9.98598E-05 9.98598E-05 9.98598E-05 9.98598E-05 9.98598E-05 9.98598E-05 9.98598E-05 9.98598E-05 0.711652 9.98598E-05
9.98508E-05 9.98508E-05 9.98508E-05 9.98508E-05 9.98508E-05 9.98508E-05 9.98508E-05 9.98508E-05 9.98508E-05 9.98508E-05 9.98508E-05 9.98508E-05 0.0413524 0.0208264 9.98508E-05 0.465445 9.98508E-05 9.98508E-05 9.98508E-05 0.470678 9.98508E-05
9.98597E-05 9.98597E-05 0.201951 9.98597E-05 9.98597E-05 9.98597E-05 9.98597E-05 9.98597E-05 9.98597E-05 9.98597E-05 0.0132195 9.98597E-05 9.98597E-05 0.0946718 9.98597E-05 0.177504 9.98597E-05 9.98597E-05 9.98597E-05 0.511055 9.98597E-05
9.98772E-05 9.98772E-05 0.0234897 9.98772E-05 9.98772E-05 9.98772E-05 9.98772E-05 9.98772E-05 9.98772E-05 9.98772E-05 9.98772E-05 9.98772E-05 9.98772E-05 0.00667903 9.98772E-05 0.213731 0.00819483 9.98772E-05 0.0289432 0.625306 0.0922581
9.98684E-05 9.98684E-05 0.139861 9.98684E-05 9.98684E-05 9.98684E-05 0.11166 9.98684E-05 9.98684E-05 9.98684E-05 9.98684E-05 9.98684E-05 0.0841321 0.0480544 9.98684E-05 9.98684E-05 9.98684E-05 9.98684E-05 0.0100528 0.604742 9.98684E-05
9.98684E-05 0.0281989 0.0930236 0.0244759 9.98684E-05 9.98684E-05 0.248696 9.98684E-05 9.98684E-05 9.98684E-05 9.98684E-05 9.98684E-05 9.98684E-05 0.00471048 9.98684E-05 9.98684E-05 9.98684E-05 9.98684E-05 9.98684E-05 0.599397 9.98684E-05
0.0408287 9.98773E-05 9.98773E-05 0.033261 0.000171479 9.98773E-05 9.98773E-05 9.98773E-05 9.98773E-05 9.98773E-05 9.98773E-05 9.98773E-05 0.208959 0.0821448 9.98773E-05 9.98773E-05 0.00951845 9.98773E-05 9.98773E-05 0.623718 9.98773E-05
9.98509E-05 9.98509E-05 9.98509E-05 0.0102769 9.98509E-05 9.98509E-05 0.0111573 9.98509E-05 9.98509E-05 9.98509E-05 9.98509E-05 9.98509E-05 9.98509E-05 9.98509E-05 9.98509E-05 9.98509E-05 9.98509E-05 9.98509E-05 0.0269768 0.949892 9.98509E-05
9.98947E-05 0.089539 0.0867174 0.277305 9.98947E-05 0.0303869 9.98947E-05 0.00595604 9.98947E-05 9.98947E-05 9.98947E-05 9.98947E-05 9.98947E-05 0.0737335 0.0226239 9.98947E-05 9.98947E-05 9.98947E-05 0.00382488 0.408714 9.98947E-05
9.98509E-05 9.98509E-05 0.116826 9.98509E-05 9.98509E-05 9.98509E-05 0.174155 9.98509E-05 9.98509E-05 9.98509E-05 9.98509E-05 9.98509E-05 9.98509E-05 9.98509E-05 9.98509E-05 9.98509E-05 0.00142901 9.98509E-05 9.98509E-05 0.705892 9.98509E-05
9.98509E-05 9.98509E-05 0.0941418 9.98509E-05 9.98509E-05 9.98509E-05 9.98509E-05 9.98509E-05 9.98509E-05 9.98509E-05 9.98509E-05 9.98509E-05 9.98509E-05 9.98509E-05 9.98509E-05 9.98509E-05 9.98509E-05 9.98509E-05 0.0126624 0.888011 0.00348774
9.98771E-05 0.0094973 0.1992 9.98771E-05 9.98771E-05 9.98771E-05 0.0394458 9.98771E-05 0.0201978 9.98771E-05 9.98771E-05 9.98771E-05 9.98771E-05 0.199771 9.98771E-05 9.98771E-05 0.0280829 9.98771E-05 9.98771E-05 0.502407 9.98771E-05
9.98596E-05 9.98596E-05 9.98596E-05 9.98596E-05 9.98596E-05 9.98596E-05 9.98596E-05 9.98596E-05 9.98596E-05 0.0573965 9.98596E-05 9.98596E-05 9.98596E-05 0.1373 9.98596E-05 0.348629 0.00260045 9.98596E-05 9.98596E-05 0.452476 9.98596E-05
9.98596E-05 0.025574 0.2018 9.98596E-05 9.98596E-05 9.98596E-05 0.0539992 9.98596E-05 9.98596E-05 9.98596E-05 9.98596E-05 9.98596E-05 9.98596E-05 0.140496 9.98596E-05 9.98596E-05 9.98596E-05 9.98596E-05 9.98596E-05 0.576534 9.98596E-05
9.98508E-05 9.98508E-05 0.107407 9.98508E-05 9.98508E-05 9.98508E-05 0.0876454 9.98508E-05 9.98508E-05 9.98508E-05 9.98508E-05 9.98508E-05 9.98508E-05 0.0983236 9.98508E-05 0.704926 9.98508E-05 9.98508E-05 9.98508E-05 9.98508E-05 9.98508E-05
9.98684E-05 9.98684E-05 0.0175024 0.736241 0.00182428 9.98684E-05 9.98684E-05 9.98684E-05 9.98684E-05 9.98684E-05 0.0972151 9.98684E-05 9.98684E-05 9.98684E-05 9.98684E-05 9.98684E-05 0.0776806 9.98684E-05 9.98684E-05 0.0680387 9.98684E-05
9.98594E-05 9.98594E-05 0.0911238 9.98594E-05 9.98594E-05 0.0497147 9.98594E-05 9.98594E-05 9.98594E-05 9.98594E-05 9.98594E-05 0.0472461 9.98594E-05 0.0188234 9.98594E-05 9.98594E-05 9.98594E-05 9.98594E-05 9.98594E-05 0.791494 9.98594E-05
9.9851E-05 9.9851E-05 0.16373 9.9851E-05 9.9851E-05 9.9851E-05 9.9851E-05 9.9851E-05 9.9851E-05 9.9851E-05 9.9851E-05 9.9851E-05 9.9851E-05 0.247103 9.9851E-05 0.0577238 9.9851E-05 9.9851E-05 9.9851E-05 0.529746 9.9851E-05
9.98597E-05 0.0136922 0.127594 0.0910974 9.98597E-05 9.98597E-05 9.98597E-05 9.98597E-05 9.98597E-05 9.98597E-05 9.98597E-05 9.98597E-05 9.98597E-05 9.98597E-05 9.98597E-05 9.98597E-05 0.100791 9.98597E-05 9.98597E-05 0.665227 9.98597E-05
9.98772E-05 0.0167195 0.142826 9.98772E-05 9.98772E-05 9.98772E-05 9.98772E-05 0.0119181 9.98772E-05 9.98772E-05 9.98772E-05 9.98772E-05 9.98772E-05 0.0142702 9.98772E-05 0.32121 9.98772E-05 9.98772E-05 0.0549558 0.436702 9.98772E-05
9.98594E-05 0.0761617 0.0517069 9.98594E-05 9.98594E-05 9.98594E-05 9.98594E-05 0.0193038 9.98594E-05 9.98594E-05 9.98594E-05 9.98594E-05 9.98594E-05 9.98594E-05 9.98594E-05 0.384719 9.98594E-05 9.98594E-05 9.98594E-05 0.466511 9.98594E-05
9.98594E-05 0.118772 0.127847 9.98594E-05 9.98594E-05 9.98594E-05 9.98594E-05 9.98594E-05 9.98594E-05 9.98594E-05 9.98594E-05 9.98594E-05 9.98594E-05 0.228665 9.98594E-05 9.98594E-05 0.132435 9.98594E-05 9.98594E-05 0.390682 9.98594E-05
0.124426 9.98507E-05 0.0388243 9.98507E-05 9.98507E-05 9.98507E-05 9.98507E-05 9.98507E-05 9.98507E-05 0.0116821 9.98507E-05 9.98507E-05 9.98507E-05 9.98507E-05 9.98507E-05 9.98507E-05 9.98507E-05 9.98507E-05 9.98507E-05 0.823371 9.98507E-05
9.9842E-05 9.9842E-05 0.0146799 9.9842E-05 9.9842E-05 9.9842E-05 9.9842E-05 9.9842E-05 9.9842E-05 9.9842E-05 9.9842E-05 9.9842E-05 9.9842E-05 9.9842E-05 9.9842E-05 0.278607 9.9842E-05 9.9842E-05 9.9842E-05 0.704916 9.9842E-05
0.00354879 9.98683E-05 9.98683E-05 0.0475526 9.98683E-05 9.98683E-05 9.98683E-05 9.98683E-05 9.98683E-05 9.98683E-05 9.98683E-05 9.98683E-05 0.135169 0.0709519 9.98683E-05 0.0980361 9.98683E-05 9.98683E-05 9.98683E-05 0.643243 9.98683E-05
9.98595E-05 9.98595E-05 0.228891 9.98595E-05 9.98595E-05 9.98595E-05 9.98595E-05 9.98595E-05 9.98595E-05 9.98595E-05 9.98595E-05 9.98595E-05 9.98595E-05 0.0519873 9.98595E-05 9.98595E-05 9.98595E-05 9.98595E-05 0.0388333 0.618148 0.060543
9.98595E-05 9.98595E-05 9.98595E-05 0.58674 9.98595E-05 9.98595E-05 9.98595E-05 9.98595E-05 9.98595E-05 9.98595E-05 9.98595E-05 9.98595E-05 0.00957399 0.0613479 9.98595E-05 0.183617 9.98595E-05 9.98595E-05 9.98595E-05 0.157123 9.98595E-05
9.98685E-05 9.98685E-05 0.0309478 9.98685E-05 9.98685E-05 9.98685E-05 9.98685E-05 9.98685E-05 9.98685E-05 9.98685E-05 9.98685E-05 9.98685E-05 9.98685E-05 0.0540289 9.98685E-05 0.323356 9.98685E-05 9.98685E-05 0.000392752 0.57136 0.0184164
9.98421E-05 9.98421E-05 9.98421E-05 9.98421E-05 9.98421E-05 9.98421E-05 9.98421E-05 9.98421E-05 9.98421E-05 9.98421E-05 9.98421E-05 9.98421E-05 9.98421E-05 9.98421E-05 9.98421E-05 0.759584 0.0623534 9.98421E-05 9.98421E-05 0.176265 9.98421E-05
9.98772E-05 0.0830991 9.98772E-05 0.278401 9.98772E-05 9.98772E-05 0.0920513 9.98772E-05 9.98772E-05 9.98772E-05 9.98772E-05 9.98772E-05 9.98772E-05 0.0304182 9.98772E-05 0.462461 9.98772E-05 9.98772E-05 0.0132313 0.0389396 9.98772E-05
9.98508E-05 9.98508E-05 0.252856 9.98508E-05 9.98508E-05 9.98508E-05 0.10275 9.98508E-05 9.98508E-05 9.98508E-05 9.98508E-05 9.98508E-05 9.98508E-05 0.105572 9.98508E-05 9.98508E-05 9.98508E-05 9.98508E-05 9.98508E-05 0.537125 9.98508E-05
0.00723972 9.98509E-05 9.98509E-05 9.98509E-05 9.98509E-05 9.98509E-05 9.98509E-05 9.98509E-05 9.98509E-05 0.0545153 9.98509E-05 9.98509E-05 9.98509E-05 0.117609 9.98509E-05 9.98509E-05 9.98509E-05 9.98509E-05 9.98509E-05 0.818938 9.98509E-05
9.98596E-05 0.0519706 0.0772239 0.683296 9.98596E-05 9.98596E-05 9.98596E-05 9.98596E-05 9.98596E-05 9.98596E-05 9.98596E-05 9.98596E-05 9.98596E-05 0.077994 9.98596E-05 9.98596E-05 9.98596E-05 9.98596E-05 9.98596E-05 0.107918 9.98596E-05
9.98246E-05 9.98246E-05 9.98246E-05 9.98246E-05 9.98246E-05 9.98246E-05 9.98246E-05 9.98246E-05 9.98246E-05 9.98246E-05 9.98246E-05 9.98246E-05 9.98246E-05 9.98246E-05 9.98246E-05 0.998004 9.98246E-05 9.98246E-05 9.98246E-05 9.98246E-05 9.98246E-05
0.0159895 0.147656 0.0188433 9.98858E-05 0.0243067 9.98858E-05 0.174748 9.98858E-05 9.98858E-05 9.98858E-05 9.98858E-05 9.98858E-05 9.98858E-05 0.168722 9.98858E-05 9.98858E-05 0.0359388 9.98858E-05 9.98858E-05 0.412497 9.98858E-05
9.98683E-05 9.98683E-05 0.0446005 9.98683E-05 9.98683E-05 9.98683E-05 9.98683E-05 9.98683E-05 9.98683E-05 9.98683E-05 9.98683E-05 9.98683E-05 9.98683E-05 0.104738 0.157728 0.285729 9.98683E-05 9.98683E-05 0.010011 0.395695 9.98683E-05
0.0588326 9.98948E-05 0.0253857 0.0069577 9.98948E-05 9.98948E-05 0.152946 9.98948E-05 9.98948E-05 9.98948E-05 0.0459813 9.98948E-05 0.039359 0.121907 9.98948E-05 0.0548935 9.98948E-05 9.98948E-05 9.98948E-05 0.492538 9.98948E-05
9.98509E-05 9.98509E-05 0.24793 9.98509E-05 9.98509E-05 9.98509E-05 9.98509E-05 9.98509E-05 9.98509E-05 9.98509E-05 9.98509E-05 9.98509E-05 9.98509E-05 0.228914 0.00175383 9.98509E-05 9.98509E-05 9.98509E-05 9.98509E-05 0.519704 9.98509E-05
9.98421E-05 9.98421E-05 9.98421E-05 0.228562 9.98421E-05 9.98421E-05 9.98421E-05 9.98421E-05 9.98421E-05 9.98421E-05 9.98421E-05 9.98421E-05 9.98421E-05 9.98421E-05 9.98421E-05 0.553968 9.98421E-05 9.98421E-05 9.98421E-05 0.215672 9.98421E-05
9.98595E-05 9.98595E-05 0.0459098 9.98595E-05 0.0584087 0.252224 9.98595E-05 9.98595E-05 9.98595E-05 9.98595E-05 9.98595E-05 9.98595E-05 0.0027451 9.98595E-05 9.98595E-05 9.98595E-05 9.98595E-05 9.98595E-05 9.98595E-05 0.639115 9.98595E-05
9.98596E-05 9.98596E-05 9.98596E-05 0.619308 9.98596E-05 9.98596E-05 9.98596E-05 9.98596E-05 9.98596E-05 9.98596E-05 9.98596E-05 9.98596E-05 9.98596E-05 0.0696888 9.98596E-05 0.0402049 0.0936343 9.98596E-05 9.98596E-05 0.175567 9.98596E-05
9.99036E-05 0.00484041 0.0632866 0.223542 9.99036E-05 0.0142085 9.99036E-05 9.99036E-05 9.99036E-05 9.99036E-05 9.99036E-05 9.99036E-05 0.0305732 0.0595971 9.99036E-05 9.99036E-05 0.0109385 9.99036E-05 0.00485829 0.556459 0.0305971
9.98509E-05 9.98509E-05 9.98509E-05 9.98509E-05 9.98509E-05 9.98509E-05 0.0418727 9.98509E-05 9.98509E-05 9.98509E-05 9.98509E-05 9.98509E-05 0.0376279 0.0637988 9.98509E-05 9.98509E-05 9.98509E-05 9.98509E-05 9.98509E-05 0.855003 9.98509E-05
9.98332E-05 9.98332E-05 9.98332E-05 9.98332E-05 9.98332E-05 0.113715 9.98332E-05 9.98332E-05 9.98332E-05 9.98332E-05 9.98332E-05 9.98332E-05 9.98332E-05 9.98332E-05 9.98332E-05 9.98332E-05 9.98332E-05 9.98332E-05 9.98332E-05 0.884388 9.98332E-05
9.98595E-05 9.98595E-05 0.231786 9.98595E-05 9.98595E-05 9.98595E-05 0.0491386 9.98595E-05 9.98595E-05 0.0109973 9.98595E-05 9.98595E-05 9.98595E-05 0.140805 9.98595E-05 9.98595E-05 9.98595E-05 9.98595E-05 9.98595E-05 0.565675 9.98595E-05
9.98507E-05 9.98507E-05 0.0832177 9.98507E-05 9.98507E-05 9.98507E-05 9.98507E-05 9.98507E-05 9.98507E-05 9.98507E-05 9.98507E-05 9.98507E-05 9.98507E-05 0.157969 9.98507E-05 0.0849325 9.98507E-05 9.98507E-05 9.98507E-05 0.672183 9.98507E-05
9.98859E-05 0.017817 9.98859E-05 9.98859E-05 9.98859E-05 9.98859E-05 0.00645933 0.0382542 9.98859E-05 9.98859E-05 9.98859E-05 9.98859E-05 9.98859E-05 0.0688914 9.98859E-05 0.113655 0.0146825 9.98859E-05 0.0286254 0.710316 9.98859E-05
9.98597E-05 0.0756575 0.0216764 0.0506949 9.98597E-05 0.00525785 9.98597E-05 9.98597E-05 9.98597E-05 9.98597E-05 9.98597E-05 9.98597E-05 9.98597E-05 9.98597E-05 9.98597E-05 9.98597E-05 9.98597E-05 9.98597E-05 9.98597E-05 0.845116 9.98597E-05
9.98596E-05 9.98596E-05 9.98596E-05 0.0757333 9.98596E-05 9.98596E-05 0.0139766 9.98596E-05 9.98596E-05 9.98596E-05 9.98596E-05 9.98596E-05 9.98596E-05 0.131035 9.98596E-05 0.171947 9.98596E-05 9.98596E-05 9.98596E-05 0.605711 9.98596E-05
9.98243E-05 9.98243E-05 0.998004 9.98243E-05 9.98243E-05 9.98243E-05 9.98243E-05 9.98243E-05 9.98243E-05 9.98243E-05 9.98243E-05 9.98243E-05 9.98243E-05 9.98243E-05 9.98243E-05 9.98243E-05 9.98243E-05 9.98243E-05 9.98243E-05 9.98243E-05 9.98243E-05
9.98243E-05 9.98243E-05 9.98243E-05 9.98243E-05 9.98243E-05 9.98243E-05 9.98243E-05 9.98243E-05 9.98243E-05 9.98243E-05 9.98243E-05 9.98243E-05 9.98243E-05 0.998004 9.98243E-05 9.98243E-05 9.98243E-05 9.98243E-05 9.98243E-05 9.98243E-05 9.98243E-05
9.98243E-05 9.98243E-05 0.998004 9.98243E-05 9.98243E-05 9.98243E-05 9.98243E-05 9.98243E-05 9.98243E-05 9.98243E-05 9.98243E-05 9.98243E-05 9.98243E-05 9.98243E-05 9.98243E-05 9.98243E-05 9.98243E-05 9.98243E-05 9.98243E-05 9.98243E-05 9.98243E-05
9.98332E-05 9.98332E-05 9.98332E-05 9.98332E-05 9.98332E-05 0.0300145 9.98332E-05 9.98332E-05 9.98332E-05 9.98332E-05 9.98332E-05 9.98332E-05 9.98332E-05 0.968089 9.98332E-05 9.98332E-05 9.98332E-05 9.98332E-05 9.98332E-05 9.98332E-05 9.98332E-05
9.98242E-05 9.98242E-05 9.98242E-05 9.98242E-05 9.98242E-05 9.98242E-05 9.98242E-05 9.98242E-05 9.98242E-05 9.98242E-05 9.98242E-05 9.98242E-05 9.98242E-05 0.998004 9.98242E-05 9.98242E-05 9.98242E-05 9.98242E-05 9.98242E-05 9.98242E-05 9.98242E-05
9.98242E-05 9.98242E-05 9.98242E-05 9.98242E-05 9.98242E-05 9.98242E-05 9.98242E-05 9.98242E-05 9.98242E-05 9.98242E-05 9.98242E-05 9.98242E-05 9.98242E-05 0.998004 9.98242E-05 9.98242E-05 9.98242E-05 9.98242E-05 9.98242E-05 9.98242E-05 9.98242E-05
9.98244E-05 9.98244E-05 0.998004 9.98244E-05 9.98244E-05 9.98244E-05 9.98244E-05 9.98244E-05 9.98244E-05 9.98244E-05 9.98244E-05 9.98244E-05 9.98244E-05 9.98244E-05 9.98244E-05 9.98244E-05 9.98244E-05 9.98244E-05 9.98244E-05 9.98244E-05 9.98244E-05
9.98241E-05 9.98241E-05 9.98241E-05 9.98241E-05 9.98241E-05 9.98241E-05 9.98241E-05 9.98241E-05 9.98241E-05 9.98241E-05 9.98241E-05 9.98241E-05 9.98241E-05 0.998004 9.98241E-05 9.98241E-05 9.98241E-05 9.98241E-05 9.98241E-05 9.98241E-05 9.98241E-05
9.98241E-05 9.98241E-05 9.98241E-05 9.98241E-05 9.98241E-05 9.98241E-05 9.98241E-05 9.98241E-05 9.98241E-05 9.98241E-05 9.98241E-05 9.98241E-05 9.98241E-05 0.998004 9.98241E-05 9.98241E-05 9.98241E-05 9.98241E-05 9.98241E-05 9.98241E-05 9.98241E-05
9.98242E-05 9.98242E-05 0.998004 9.98242E-05 9.98242E-05 9.98242E-05 9.98242E-05 9.98242E-05 9.98242E-05 9.98242E-05 9.98242E-05 9.98242E-05 9.98242E-05 9.98242E-05 9.98242E-05 9.98242E-05 9.98242E-05 9.98242E-05 9.98242E-05 9.98242E-05 9.98242E-05
9.98242E-05 9.98242E-05 0.998004 9.98242E-05 9.98242E-05 9.98242E-05 9.98242E-05 9.98242E-05 9.98242E-05 9.98242E-05 9.98242E-05 9.98242E-05 9.98242E-05 9.98242E-05 9.98242E-05 9.98242E-05 9.98242E-05 9.98242E-05 9.98242E-05 9.98242E-05 9.98242E-05
9.98242E-05 9.98242E-05 0.998004 9.98242E-05 9.98242E-05 9.98242E-05 9.98242E-05 9.98242E-05 9.98242E-05 9.98242E-05 9.98242E-05 9.98242E-05 9.98242E-05 9.98242E-05 9.98242E-05 9.98242E-05 9.98242E-05 9.98242E-05 9.98242E-05 9.98242E-05 9.98242E-05
9.98241E-05 9.98241E-05 9.98241E-05 9.98241E-05 9.98241E-05 9.98241E-05 9.98241E-05 9.98241E-05 9.98241E-05 9.98241E-05 9.98241E-05 9.98241E-05 9.98241E-05 0.998004 9.98241E-05 9.98241E-05 9.98241E-05 9.98241E-05 9.98241E-05 9.98241E-05 9.98241E-05
9.98241E-05 9.98241E-05 9.98241E-05 9.98241E-05 9.98241E-05 9.98241E-05 9.98241E-05 9.98241E-05 9.98241E-05 9.98241E-05 9.98241E-05 9.98241E-05 9.98241E-05 0.998004 9.98241E-05 9.98241E-05 9.98241E-05 9.98241E-05 9.98241E-05 9.98241E-05 9.98241E-05
9.98243E-05 9.98243E-05 0.998004 9.98243E-05 9.98243E-05 9.98243E-05 9.98243E-05 9.98243E-05 9.98243E-05 9.98243E-05 9.98243E-05 9.98243E-05 9.98243E-05 9.98243E-05 9.98243E-05 9.98243E-05 9.98243E-05 9.98243E-05 9.98243E-05 9.98243E-05 9.98243E-05
9.98242E-05 9.98242E-05 0.998004 9.98242E-05 9.98242E-05 9.98242E-05 9.98242E-05 9.98242E-05 9.98242E-05 9.98242E-05 9.98242E-05 9.98242E-05 9.98242E-05 9.98242E-05 9.98242E-05 9.98242E-05 9.98242E-05 9.98242E-05 9.98242E-05 9.98242E-05 9.98242E-05
9.98857E-05 9.98857E-05 0.0798847 9.98857E-05 0.057195 9.98857E-05 0.0229853 9.98857E-05 9.98857E-05 0.0709976 0.0271869 0.0734033 9.98857E-05 0.0804696 9.98857E-05 9.98857E-05 9.98857E-05 9.98857E-05 9.98857E-05 0.586579 9.98857E-05
9.98242E-05 9.98242E-05 0.998004 9.98242E-05 9.98242E-05 9.98242E-05 9.98242E-05 9.98242E-05 9.98242E-05 9.98242E-05 9.98242E-05 9.98242E-05 9.98242E-05 9.98242E-05 9.98242E-05 9.98242E-05 9.98242E-05 9.98242E-05 9.98242E-05 9.98242E-05 9.98242E-05
9.98242E-05 9.98242E-05 9.98242E-05 9.98242E-05 9.98242E-05 9.98242E-05 9.98242E-05 9.98242E-05 9.98242E-05 9.98242E-05 9.98242E-05 9.98242E-05 9.98242E-05 0.998004 9.98242E-05 9.98242E-05 9.98242E-05 9.98242E-05 9.98242E-05 9.98242E-05 9.98242E-05
