9.99561E-05 0.0745494 9.99561E-05 0.0768738 9.99561E-05 0.0925641 9.99561E-05 9.99561E-05 0.377688 0.362869 0.0080201 0.00693588
9.99298E-05 9.99298E-05 9.99298E-05 0.0905084 9.99298E-05 0.0640112 9.99298E-05 0.0290652 0.815616 9.99298E-05 9.99298E-05 9.99298E-05
9.9921E-05 9.9921E-05 9.9921E-05 9.9921E-05 9.9921E-05 0.00340478 9.9921E-05 0.0621014 0.933595 9.9921E-05 9.9921E-05 9.9921E-05
0.291562 0.100891 0.108168 9.996E-05 9.996E-05 0.0350496 9.996E-05 0.0750694 0.295464 0.0527141 0.040681 9.996E-05
0.162836 9.9921E-05 9.9921E-05 9.9921E-05 9.9921E-05 9.9921E-05 9.9921E-05 9.9921E-05 0.82633 9.9921E-05 0.0099344 9.9921E-05
0.225416 9.99473E-05 0.175085 0.0878628 9.99473E-05 9.99473E-05 9.99473E-05 9.99473E-05 0.232104 0.170232 0.108701 9.99473E-05
0.21023 0.102321 9.99561E-05 0.180797 9.99561E-05 0.0155082 0.0544616 9.99561E-05 0.286654 0.149527 9.99561E-05 9.99561E-05
0.21889 0.018384 0.0156677 9.99649E-05 9.99649E-05 9.99649E-05 0.110022 9.99649E-05 0.160895 0.297295 0.153823 0.024623
9.99473E-05 9.99473E-05 0.0497171 0.0123199 9.99473E-05 0.295382 9.99473E-05 0.109637 0.260886 9.99473E-05 0.271459 9.99473E-05
9.99122E-05 9.99122E-05 9.99122E-05 9.99122E-05 9.99122E-05 0.0379803 9.99122E-05 9.99122E-05 0.961021 9.99122E-05 9.99122E-05 9.99122E-05
9.99385E-05 0.14942 9.99385E-05 9.99385E-05 9.99385E-05 0.206002 9.99385E-05 9.99385E-05 0.519903 0.0985979 0.0253777 9.99385E-05
0.0676728 0.00194579 9.99385E-05 9.99385E-05 9.99385E-05 0.0165922 0.00900427 9.99385E-05 0.904085 9.99385E-05 9.99385E-05 9.99385E-05
9.99297E-05 9.99297E-05 9.99297E-05 9.99297E-05 9.99297E-05 0.0659098 9.99297E-05 9.99297E-05 0.772262 0.139961 0.0210674 9.99297E-05
9.99474E-05 0.0547625 0.105976 9.99474E-05 0.0405795 0.0367965 0.19618 9.99474E-05 0.565106 9.99474E-05 9.99474E-05 9.99474E-05
0.0129209 9.99649E-05 0.128998 9.99649E-05 0.0274071 0.184061 9.99649E-05 0.00198258 0.337097 0.187578 0.119556 9.99649E-05
0.0505537 9.99561E-05 0.018637 9.99561E-05 9.99561E-05 0.138921 0.197644 9.99561E-05 0.271832 0.249015 0.0728974 9.99561E-05
0.0205136 0.0756792 9.995E-05 0.0771319 0.110067 0.112242 0.0470323 9.995E-05 0.556835 9.995E-05 9.995E-05 9.995E-05
9.99473E-05 9.99473E-05 9.99473E-05 9.99473E-05 9.99473E-05 0.145595 9.99473E-05 0.0808485 0.17943 0.430828 0.0170768 0.145622
0.0455949 9.99473E-05 9.99473E-05 9.99473E-05 9.99473E-05 0.16092 9.99473E-05 9.99473E-05 0.374356 0.176049 0.179262 0.0632195
9.99122E-05 9.99122E-05 9.99122E-05 9.99122E-05 9.99122E-05 9.99122E-05 9.99122E-05 0.0244832 0.974518 9.99122E-05 9.99122E-05 9.99122E-05
0.246053 0.0291009 9.99561E-05 9.99561E-05 9.99561E-05 0.00959691 9.99561E-05 0.0609844 0.506918 9.99561E-05 0.138379 0.008469
0.28551 9.99386E-05 0.00408968 9.99386E-05 9.99386E-05 9.99386E-05 9.99386E-05 9.99386E-05 0.254953 0.265035 0.189712 9.99386E-05
9.99474E-05 0.0506654 0.0402168 0.0506636 9.99474E-05 0.125404 9.99474E-05 9.99474E-05 0.641864 0.0905868 9.99474E-05 9.99474E-05
9.99298E-05 9.99298E-05 9.99298E-05 9.99298E-05 9.99298E-05 0.261907 0.0741974 9.99298E-05 0.344523 0.318574 9.99298E-05 9.99298E-05
9.99561E-05 0.0477791 0.186476 9.99561E-05 9.99561E-05 0.28112 9.99561E-05 0.130669 0.224188 0.0860842 0.0431842 9.99561E-05
0.0515976 9.99385E-05 0.0821312 9.99385E-05 9.99385E-05 0.122913 9.99385E-05 9.99385E-05 0.727873 9.99385E-05 0.014786 9.99385E-05
9.99473E-05 9.99473E-05 0.356346 9.99473E-05 9.99473E-05 0.0961966 0.0464992 9.99473E-05 0.0147534 0.35954 9.99473E-05 0.126065
0.131031 9.99211E-05 9.99211E-05 9.99211E-05 9.99211E-05 0.0353366 9.99211E-05 9.99211E-05 0.832733 9.99211E-05 9.99211E-05 9.99211E-05
9.99298E-05 9.99298E-05 0.017928 9.99298E-05 9.99298E-05 0.17025 9.99298E-05 9.99298E-05 0.632626 0.178397 9.99298E-05 9.99298E-05
9.99386E-05 0.0190607 9.99386E-05 9.99386E-05 9.99386E-05 0.107763 0.0582574 9.99386E-05 0.777736 9.99386E-05 0.0364835 9.99386E-05
9.99473E-05 0.147299 9.99473E-05 9.99473E-05 9.99473E-05 0.00119493 9.99473E-05 9.99473E-05 0.550017 0.189141 0.063921 0.0478277
0.0114305 0.106837 0.220184 9.99474E-05 9.99474E-05 0.0728211 9.99474E-05 9.99474E-05 0.555796 0.0323319 9.99474E-05 9.99474E-05
9.99473E-05 0.0903064 0.0467322 9.99473E-05 9.99473E-05 0.156902 0.00800078 9.99473E-05 0.501357 0.196102 9.99473E-05 9.99473E-05
0.0128679 0.0130296 0.183887 9.99737E-05 9.99737E-05 0.115641 0.0185347 0.0109122 0.57576 0.0329053 9.99737E-05 0.0361616
9.99474E-05 0.0387898 9.99474E-05 0.0124641 9.99474E-05 0.0470739 9.99474E-05 0.052944 0.819856 9.99474E-05 0.0282723 9.99474E-05
0.0509899 0.0091984 9.99736E-05 0.0206193 9.99736E-05 0.0572154 9.99736E-05 0.00476023 0.647713 0.169828 0.0316604 0.00771533
9.99298E-05 0.0320774 9.99298E-05 0.00420185 9.99298E-05 9.99298E-05 0.0751391 9.99298E-05 0.887782 9.99298E-05 9.99298E-05 9.99298E-05
9.99386E-05 9.99386E-05 9.99386E-05 0.0397321 9.99386E-05 0.103783 9.99386E-05 0.066683 0.650325 9.99386E-05 0.138777 9.99386E-05
0.0505593 0.0352216 0.0477448 0.0699988 0.0243206 0.205589 9.99562E-05 9.99562E-05 0.566066 9.99562E-05 9.99562E-05 9.99562E-05
9.99297E-05 9.99297E-05 0.168395 9.99297E-05 9.99297E-05 0.131651 0.131855 9.99297E-05 0.5673 9.99297E-05 9.99297E-05 9.99297E-05
0.0111527 0.0442008 9.99474E-05 9.99474E-05 9.99474E-05 0.0788035 0.0221796 9.99474E-05 0.823741 9.99474E-05 0.0193226 9.99474E-05
9.99386E-05 0.00855102 9.99386E-05 9.99386E-05 9.99386E-05 0.0804199 9.99386E-05 9.99386E-05 0.601531 0.25692 0.051878 9.99386E-05
0.0626121 9.99473E-05 0.0102203 0.055886 0.0423134 9.99473E-05 9.99473E-05 9.99473E-05 0.827236 0.00113293 9.99473E-05 9.99473E-05
9.99386E-05 0.0481205 9.99386E-05 9.99386E-05 9.99386E-05 0.20846 9.99386E-05 9.99386E-05 0.445212 0.181966 0.115541 9.99386E-05
0.312442 9.99298E-05 9.99298E-05 9.99298E-05 9.99298E-05 0.170472 9.99298E-05 9.99298E-05 0.288635 0.227652 9.99298E-05 9.99298E-05
0.0782888 9.99297E-05 9.99297E-05 9.99297E-05 9.99297E-05 0.0791226 9.99297E-05 0.0477562 0.794033 9.99297E-05 9.99297E-05 9.99297E-05
9.99386E-05 0.0112389 9.99386E-05 9.99386E-05 9.99386E-05 0.0418062 9.99386E-05 9.99386E-05 0.827196 9.99386E-05 0.0397561 0.0793034
9.99299E-05 9.99299E-05 9.99299E-05 9.99299E-05 9.99299E-05 0.00184132 0.00248791 9.99299E-05 0.96155 9.99299E-05 0.0333216 9.99299E-05
9.99297E-05 0.0579321 9.99297E-05 9.99297E-05 9.99297E-05 0.141127 9.99297E-05 9.99297E-05 0.610008 0.190134 9.99297E-05 9.99297E-05
9.99387E-05 0.0365157 9.99387E-05 9.99387E-05 9.99387E-05 9.99387E-05 0.12143 0.026464 0.787636 9.99387E-05 9.99387E-05 0.0272538
0.0708163 0.116341 0.17667 9.99561E-05 9.99561E-05 0.218993 9.99561E-05 9.99561E-05 0.331813 0.0449289 0.0399391 9.99561E-05
0.234313 9.99474E-05 9.99474E-05 9.99474E-05 9.99474E-05 9.99474E-05 0.0294502 9.99474E-05 0.683897 0.00282268 0.0340218 0.0148954
9.99298E-05 9.99298E-05 9.99298E-05 9.99298E-05 9.99298E-05 0.0335609 9.99298E-05 9.99298E-05 0.95917 9.99298E-05 0.00151368 0.00495638
0.00445355 9.996E-05 0.04458 9.996E-05 9.996E-05 0.0524381 0.226462 0.00834269 0.635801 9.996E-05 0.0227321 0.0047906
0.0797194 9.99386E-05 9.99386E-05 9.99386E-05 9.99386E-05 0.0910244 0.0135379 0.0147367 0.800282 9.99386E-05 9.99386E-05 9.99386E-05
9.994E-05 0.00802465 0.194617 9.994E-05 9.994E-05 9.994E-05 0.0124538 0.0507862 0.70753 0.0259887 9.994E-05 9.994E-05
0.113421 9.99474E-05 9.99474E-05 0.0904616 9.99474E-05 0.0334511 9.99474E-05 9.99474E-05 0.652756 0.0344075 9.99474E-05 0.0749035
9.9921E-05 0.0691206 9.9921E-05 9.9921E-05 9.9921E-05 0.066382 9.9921E-05 9.9921E-05 0.863598 9.9921E-05 9.9921E-05 9.9921E-05
0.00826662 0.0160273 9.99385E-05 9.99385E-05 9.99385E-05 0.0389436 9.99385E-05 9.99385E-05 0.853078 9.99385E-05 0.0829847 9.99385E-05
9.99386E-05 9.99386E-05 0.110791 0.0822891 9.99386E-05 0.169338 9.99386E-05 9.99386E-05 9.99386E-05 0.509221 9.99386E-05 0.127661
9.99562E-05 9.99562E-05 9.99562E-05 0.0315032 9.99562E-05 0.0281747 0.0366719 0.0493255 0.0544277 0.790459 9.99562E-05 0.00893794
9.99473E-05 0.0327726 9.99473E-05 0.0791867 0.100078 9.99473E-05 0.0575181 9.99473E-05 9.99473E-05 0.545189 9.99473E-05 0.184656
9.99473E-05 9.99473E-05 0.242698 0.367907 9.99473E-05 0.0839224 9.99473E-05 9.99473E-05 9.99473E-05 0.140624 0.109419 0.0548294
9.9956E-05 9.9956E-05 9.9956E-05 0.0242356 9.9956E-05 0.110199 0.0698816 0.061019 9.9956E-05 0.584709 0.0857643 0.0636911
9.99472E-05 0.0530418 0.00383904 9.99472E-05 9.99472E-05 0.274295 9.99472E-05 9.99472E-05 9.99472E-05 0.618769 0.0469189 0.00253683
9.99473E-05 0.0890811 9.99473E-05 0.409464 9.99473E-05 0.186803 9.99473E-05 0.00354798 9.99473E-05 0.289912 9.99473E-05 0.0205924
9.99385E-05 9.99385E-05 9.99385E-05 0.143134 9.99385E-05 0.164423 9.99385E-05 9.99385E-05 9.99385E-05 0.376655 0.0427824 0.272307
9.99386E-05 9.99386E-05 9.99386E-05 0.103999 0.0952336 0.0264121 9.99386E-05 9.99386E-05 9.99386E-05 0.722474 9.99386E-05 0.0511818
9.99386E-05 0.0648446 9.99386E-05 0.0675409 9.99386E-05 0.0508405 9.99386E-05 9.99386E-05 0.047003 0.769071 9.99386E-05 9.99386E-05
9.99385E-05 0.166399 9.99385E-05 9.99385E-05 9.99385E-05 0.34476 9.99385E-05 9.99385E-05 9.99385E-05 0.424209 0.0612361 0.00269629
0.0352572 0.078738 9.99561E-05 0.103484 9.99561E-05 0.102611 0.105609 9.99561E-05 9.99561E-05 0.558698 9.99561E-05 0.0151038
0.150862 0.0844562 0.088373 0.0368744 9.99737E-05 0.00860364 0.0926265 0.00421623 9.99737E-05 0.364564 0.169125 9.99737E-05
9.99209E-05 9.99209E-05 9.99209E-05 0.108424 9.99209E-05 0.271692 9.99209E-05 9.99209E-05 9.99209E-05 0.618984 9.99209E-05 9.99209E-05
9.99475E-05 0.03436 0.0951218 0.0351658 9.99475E-05 9.99475E-05 0.0891421 9.99475E-05 0.0160773 0.729533 9.99475E-05 9.99475E-05
9.99561E-05 0.0433186 9.99561E-05 0.03949 0.0808229 0.12056 9.99561E-05 9.99561E-05 9.99561E-05 0.667619 0.0338322 0.0138567
0.052455 9.99561E-05 0.118447 0.0323315 9.99561E-05 0.055904 0.036592 9.99561E-05 9.99561E-05 0.56973 9.99561E-05 0.134041
9.99297E-05 0.162986 9.99297E-05 9.99297E-05 9.99297E-05 9.99297E-05 9.99297E-05 9.99297E-05 9.99297E-05 0.701721 0.0595248 0.0749689
9.99473E-05 0.00837406 9.99473E-05 0.0232285 9.99473E-05 0.118226 9.99473E-05 9.99473E-05 9.99473E-05 0.654706 0.0181869 0.176679
9.9956E-05 0.0135194 0.0506905 0.0414884 9.9956E-05 0.291182 0.0644589 9.9956E-05 9.9956E-05 0.519534 9.9956E-05 0.018627
9.99299E-05 9.99299E-05 9.99299E-05 0.00453777 0.242439 0.0599624 9.99299E-05 9.99299E-05 9.99299E-05 0.692262 9.99299E-05 9.99299E-05
9.99385E-05 9.99385E-05 9.99385E-05 0.0508573 9.99385E-05 0.122793 0.0397353 0.0255804 9.99385E-05 0.760334 9.99385E-05 9.99385E-05
9.99211E-05 9.99211E-05 0.287438 0.0714011 9.99211E-05 9.99211E-05 9.99211E-05 9.99211E-05 9.99211E-05 0.640261 9.99211E-05 9.99211E-05
0.130103 0.0357912 0.0837747 9.99561E-05 9.99561E-05 0.0567899 9.99561E-05 9.99561E-05 9.99561E-05 0.569968 0.0248348 0.0982386
9.99297E-05 0.199915 9.99297E-05 9.99297E-05 9.99297E-05 0.0854579 9.99297E-05 9.99297E-05 9.99297E-05 0.702703 0.0111249 9.99297E-05
9.99562E-05 0.0230203 9.99562E-05 0.13353 0.0741523 0.0645867 9.99562E-05 9.99562E-05 0.0890815 0.565316 0.0498139 9.99562E-05
9.99298E-05 9.99298E-05 9.99298E-05 9.99298E-05 0.120929 9.99298E-05 9.99298E-05 9.99298E-05 0.0406565 0.837448 9.99298E-05 0.000166595
9.99387E-05 9.99387E-05 9.99387E-05 0.112441 0.0287433 0.103576 9.99387E-05 0.0162939 9.99387E-05 0.738247 9.99387E-05 9.99387E-05
9.99299E-05 9.99299E-05 9.99299E-05 9.99299E-05 9.99299E-05 0.0530278 9.99299E-05 9.99299E-05 9.99299E-05 0.722951 0.0419078 0.181314
9.99474E-05 9.99474E-05 9.99474E-05 0.0632909 0.232601 0.212669 9.99474E-05 9.99474E-05 0.0557068 0.382125 0.0530076 9.99474E-05
9.99298E-05 9.99298E-05 0.76932 9.99298E-05 9.99298E-05 0.0433819 9.99298E-05 0.00909646 9.99298E-05 9.99298E-05 0.177402 9.99298E-05
9.99298E-05 9.99298E-05 0.529336 9.99298E-05 0.410356 0.0288957 9.99298E-05 9.99298E-05 9.99298E-05 9.99298E-05 0.0306138 9.99298E-05
9.99297E-05 0.0127478 0.905457 9.99297E-05 9.99297E-05 0.0767042 9.99297E-05 9.99297E-05 9.99297E-05 9.99297E-05 9.99297E-05 0.00429144
9.99209E-05 9.99209E-05 0.879923 9.99209E-05 9.99209E-05 0.10283 9.99209E-05 9.99209E-05 9.99209E-05 9.99209E-05 0.016348 9.99209E-05
9.99121E-05 9.99121E-05 0.942095 9.99121E-05 9.99121E-05 9.99121E-05 9.99121E-05 9.99121E-05 9.99121E-05 9.99121E-05 0.0569058 9.99121E-05
9.99298E-05 9.99298E-05 0.608673 0.0397536 9.99298E-05 0.150497 9.99298E-05 9.99298E-05 9.99298E-05 9.99298E-05 0.200277 9.99298E-05
9.99297E-05 9.99297E-05 0.815943 9.99297E-05 9.99297E-05 0.0893698 9.99297E-05 9.99297E-05 9.99297E-05 9.99297E-05 0.0872669 0.00662122
9.99122E-05 9.99122E-05 0.79402 9.99122E-05 9.99122E-05 9.99122E-05 9.99122E-05 9.99122E-05 9.99122E-05 9.99122E-05 0.204981 9.99122E-05
9.99385E-05 0.00680596 0.468265 0.161058 9.99385E-05 0.0543674 9.99385E-05 9.99385E-05 9.99385E-05 9.99385E-05 0.308804 9.99385E-05
9.99209E-05 9.99209E-05 0.528159 9.99209E-05 9.99209E-05 0.263482 9.99209E-05 9.99209E-05 9.99209E-05 9.99209E-05 0.207459 9.99209E-05
9.99298E-05 0.0235562 0.508634 0.290172 0.176838 9.99298E-05 9.99298E-05 9.99298E-05 9.99298E-05 9.99298E-05 9.99298E-05 9.99298E-05
9.99298E-05 9.99298E-05 0.760738 0.139571 0.0239371 0.0749543 9.99298E-05 9.99298E-05 9.99298E-05 9.99298E-05 9.99298E-05 9.99298E-05
9.99123E-05 9.99123E-05 0.926415 9.99123E-05 9.99123E-05 9.99123E-05 9.99123E-05 9.99123E-05 9.99123E-05 9.99123E-05 0.0725864 9.99123E-05
9.99298E-05 9.99298E-05 0.611422 0.0481702 9.99298E-05 0.211929 9.99298E-05 9.99298E-05 9.99298E-05 9.99298E-05 0.12768 9.99298E-05
9.99649E-05 0.0023337 0.73867 0.0060726 0.0054207 9.99649E-05 0.00516054 0.059337 9.99649E-05 9.99649E-05 0.086615 0.0959907
9.99473E-05 0.0147991 0.712948 0.0281607 9.99473E-05 0.189978 0.00607602 9.99473E-05 9.99473E-05 9.99473E-05 0.0474392 9.99473E-05
9.99385E-05 9.99385E-05 0.648073 0.234922 9.99385E-05 0.0966964 9.99385E-05 0.00794959 9.99385E-05 9.99385E-05 0.0116596 9.99385E-05
0.0238025 0.00331402 0.82365 9.99387E-05 9.99387E-05 9.99387E-05 9.99387E-05 9.99387E-05 0.0256363 9.99387E-05 0.122898 9.99387E-05
9.99122E-05 9.99122E-05 0.994056 9.99122E-05 9.99122E-05 9.99122E-05 9.99122E-05 9.99122E-05 9.99122E-05 9.99122E-05 0.00494537 9.99122E-05
9.994E-05 0.00511523 0.535673 9.994E-05 0.112847 0.112313 9.994E-05 0.111441 9.994E-05 9.994E-05 0.122011 9.994E-05
9.99298E-05 9.99298E-05 0.784796 0.122035 9.99298E-05 0.0739886 9.99298E-05 9.99298E-05 9.99298E-05 9.99298E-05 0.0183806 9.99298E-05
9.99297E-05 0.0195945 0.936202 9.99297E-05 9.99297E-05 9.99297E-05 9.99297E-05 9.99297E-05 9.99297E-05 9.99297E-05 0.0283133 0.0150909
9.99385E-05 9.99385E-05 0.506438 0.00993636 9.99385E-05 0.190066 9.99385E-05 0.0261511 9.99385E-05 9.99385E-05 0.26671 9.99385E-05
9.9921E-05 9.9921E-05 0.742909 9.9921E-05 0.0612106 9.9921E-05 9.9921E-05 9.9921E-05 9.9921E-05 9.9921E-05 0.194981 9.9921E-05
9.99297E-05 9.99297E-05 0.45714 9.99297E-05 9.99297E-05 0.231811 9.99297E-05 0.063858 9.99297E-05 9.99297E-05 0.246392 9.99297E-05
9.99561E-05 9.99561E-05 0.36085 0.0786982 0.18744 0.134022 0.0109831 9.99561E-05 9.99561E-05 9.99561E-05 0.213728 0.0137791
9.99298E-05 9.99298E-05 0.324874 9.99298E-05 0.459426 0.0577046 9.99298E-05 0.157196 9.99298E-05 9.99298E-05 9.99298E-05 9.99298E-05
9.99296E-05 9.99296E-05 0.878132 9.99296E-05 9.99296E-05 0.0613959 9.99296E-05 0.000497783 9.99296E-05 9.99296E-05 0.0591754 9.99296E-05
9.99298E-05 9.99298E-05 0.509646 0.0473863 9.99298E-05 0.143484 9.99298E-05 9.99298E-05 9.99298E-05 9.99298E-05 0.298685 9.99298E-05
9.99211E-05 0.0310366 0.883772 9.99211E-05 9.99211E-05 0.0842925 9.99211E-05 9.99211E-05 9.99211E-05 9.99211E-05 9.99211E-05 9.99211E-05
9.99386E-05 0.0139415 0.721314 0.0514767 9.99386E-05 0.190067 9.99386E-05 9.99386E-05 9.99386E-05 9.99386E-05 0.022501 9.99386E-05
9.99034E-05 9.99034E-05 0.998901 9.99034E-05 9.99034E-05 9.99034E-05 9.99034E-05 9.99034E-05 9.99034E-05 9.99034E-05 9.99034E-05 9.99034E-05
9.99385E-05 0.0131701 0.364527 9.99385E-05 9.99385E-05 0.129546 9.99385E-05 0.20887 9.99385E-05 9.99385E-05 0.283188 9.99385E-05
9.99122E-05 9.99122E-05 0.962357 9.99122E-05 9.99122E-05 0.0366442 9.99122E-05 9.99122E-05 9.99122E-05 9.99122E-05 9.99122E-05 9.99122E-05
9.9921E-05 9.9921E-05 0.864852 9.9921E-05 0.0254783 0.10877 9.9921E-05 9.9921E-05 9.9921E-05 9.9921E-05 9.9921E-05 9.9921E-05
9.99473E-05 0.0246032 0.786251 0.00542862 0.0392014 9.99473E-05 9.99473E-05 9.99473E-05 9.99473E-05 9.99473E-05 0.0861228 0.0577932
9.99209E-05 9.99209E-05 0.664409 9.99209E-05 9.99209E-05 0.272401 9.99209E-05 9.99209E-05 9.99209E-05 9.99209E-05 0.0622907 9.99209E-05
9.99209E-05 9.99209E-05 0.500224 9.99209E-05 0.375218 9.99209E-05 9.99209E-05 9.99209E-05 9.99209E-05 9.99209E-05 0.123658 9.99209E-05
9.99299E-05 0.0922924 0.719307 9.99299E-05 0.0944276 0.0931736 9.99299E-05 9.99299E-05 9.99299E-05 9.99299E-05 9.99299E-05 9.99299E-05
9.99123E-05 9.99123E-05 0.789963 9.99123E-05 0.209038 9.99123E-05 9.99123E-05 9.99123E-05 9.99123E-05 9.99123E-05 9.99123E-05 9.99123E-05
9.99298E-05 9.99298E-05 0.600439 0.0379949 0.355361 9.99298E-05 9.99298E-05 9.99298E-05 9.99298E-05 9.99298E-05 0.00540562 9.99298E-05
9.99385E-05 0.0388938 0.455519 0.188174 9.99385E-05 0.267612 9.99385E-05 9.99385E-05 9.99385E-05 9.99385E-05 0.0491021 9.99385E-05
9.99122E-05 9.99122E-05 0.846191 9.99122E-05 9.99122E-05 9.99122E-05 9.99122E-05 9.99122E-05 9.99122E-05 9.99122E-05 0.15281 9.99122E-05
9.99385E-05 9.99385E-05 0.0989389 9.99385E-05 0.536785 0.0484764 9.99385E-05 0.166276 9.99385E-05 9.99385E-05 0.148823 9.99385E-05
9.9921E-05 9.9921E-05 0.555832 9.9921E-05 0.400815 0.042453 9.9921E-05 9.9921E-05 9.9921E-05 9.9921E-05 9.9921E-05 9.9921E-05
9.99385E-05 0.0227997 0.513911 0.20347 9.99385E-05 9.99385E-05 9.99385E-05 0.0907441 9.99385E-05 9.99385E-05 0.168376 9.99385E-05
9.99474E-05 0.0111615 0.666288 9.99474E-05 0.0091237 0.13922 9.99474E-05 9.99474E-05 9.99474E-05 0.0553695 0.118237 9.99474E-05
9.99386E-05 9.99386E-05 0.667911 0.0603519 9.99386E-05 9.99386E-05 0.0980355 9.99386E-05 9.99386E-05 9.99386E-05 0.163971 0.00903119
9.99386E-05 9.99386E-05 0.465413 9.99386E-05 9.99386E-05 0.151174 9.99386E-05 0.00738598 9.99386E-05 0.0392531 0.336075 9.99386E-05
9.9921E-05 9.9921E-05 0.568996 9.9921E-05 0.367814 0.0622905 9.9921E-05 9.9921E-05 9.9921E-05 9.9921E-05 9.9921E-05 9.9921E-05
0.0400816 9.99297E-05 0.721904 9.99297E-05 9.99297E-05 0.180877 9.99297E-05 0.0563378 9.99297E-05 9.99297E-05 9.99297E-05 9.99297E-05
9.99385E-05 9.99385E-05 0.294778 0.125166 0.438841 0.00867239 9.99385E-05 9.99385E-05 9.99385E-05 9.99385E-05 0.131844 9.99385E-05
9.99298E-05 9.99298E-05 0.657288 9.99298E-05 0.117266 0.11657 9.99298E-05 9.99298E-05 9.99298E-05 9.99298E-05 0.108076 9.99298E-05
9.99298E-05 9.99298E-05 0.754267 0.0538915 9.99298E-05 9.99298E-05 0.0644384 9.99298E-05 9.99298E-05 9.99298E-05 0.126604 9.99298E-05
9.99209E-05 0.0389743 0.925854 9.99209E-05 9.99209E-05 9.99209E-05 9.99209E-05 9.99209E-05 9.99209E-05 9.99209E-05 9.99209E-05 0.0342719
9.99297E-05 9.99297E-05 0.460782 0.193871 9.99297E-05 0.151049 9.99297E-05 9.99297E-05 9.99297E-05 9.99297E-05 0.193499 9.99297E-05
9.99209E-05 9.99209E-05 0.742515 9.99209E-05 9.99209E-05 0.10666 9.99209E-05 9.99209E-05 9.99209E-05 9.99209E-05 0.149926 9.99209E-05
9.9921E-05 9.9921E-05 0.951699 9.9921E-05 9.9921E-05 0.0160888 9.9921E-05 9.9921E-05 9.9921E-05 9.9921E-05 0.0313133 9.9921E-05
9.99386E-05 9.99386E-05 0.809725 9.99386E-05 0.00751249 0.0202931 9.99386E-05 0.130636 9.99386E-05 9.99386E-05 0.0311337 9.99386E-05
9.99386E-05 9.99386E-05 0.703794 0.0202764 0.0907434 0.0823338 9.99386E-05 9.99386E-05 9.99386E-05 9.99386E-05 0.102153 9.99386E-05
9.99032E-05 9.99032E-05 9.99032E-05 9.99032E-05 9.99032E-05 0.998901 9.99032E-05 9.99032E-05 9.99032E-05 9.99032E-05 9.99032E-05 9.99032E-05
9.99032E-05 9.99032E-05 9.99032E-05 9.99032E-05 9.99032E-05 9.99032E-05 9.99032E-05 9.99032E-05 9.99032E-05 9.99032E-05 0.998901 9.99032E-05
9.99033E-05 9.99033E-05 9.99033E-05 9.99033E-05 9.99033E-05 0.998901 9.99033E-05 9.99033E-05 9.99033E-05 9.99033E-05 9.99033E-05 9.99033E-05
9.99032E-05 9.99032E-05 9.99032E-05 9.99032E-05 9.99032E-05 9.99032E-05 9.99032E-05 9.99032E-05 9.99032E-05 9.99032E-05 0.998901 9.99032E-05
9.99033E-05 9.99033E-05 9.99033E-05 9.99033E-05 9.99033E-05 9.99033E-05 9.99033E-05 9.99033E-05 9.99033E-05 9.99033E-05 0.998901 9.99033E-05
9.99033E-05 9.99033E-05 9.99033E-05 9.99033E-05 9.99033E-05 9.99033E-05 9.99033E-05 9.99033E-05 9.99033E-05 9.99033E-05 0.998901 9.99033E-05
9.99032E-05 9.99032E-05 9.99032E-05 9.99032E-05 9.99032E-05 0.998901 9.99032E-05 9.99032E-05 9.99032E-05 9.99032E-05 9.99032E-05 9.99032E-05
9.99032E-05 9.99032E-05 9.99032E-05 9.99032E-05 9.99032E-05 9.99032E-05 9.99032E-05 9.99032E-05 9.99032E-05 9.99032E-05 0.998901 9.99032E-05
9.99032E-05 9.99032E-05 9.99032E-05 9.99032E-05 9.99032E-05 9.99032E-05 9.99032E-05 9.99032E-05 9.99032E-05 9.99032E-05 0.998901 9.99032E-05
9.99032E-05 9.99032E-05 9.99032E-05 9.99032E-05 9.99032E-05 0.998901 9.99032E-05 9.99032E-05 9.99032E-05 9.99032E-05 9.99032E-05 9.99032E-05
9.99032E-05 9.99032E-05 9.99032E-05 9.99032E-05 9.99032E-05 0.998901 9.99032E-05 9.99032E-05 9.99032E-05 9.99032E-05 9.99032E-05 9.99032E-05
9.99032E-05 9.99032E-05 9.99032E-05 9.99032E-05 9.99032E-05 0.998901 9.99032E-05 9.99032E-05 9.99032E-05 9.99032E-05 9.99032E-05 9.99032E-05
9.99032E-05 9.99032E-05 9.99032E-05 9.99032E-05 9.99032E-05 9.99032E-05 9.99032E-05 9.99032E-05 9.99032E-05 9.99032E-05 0.998901 9.99032E-05
9.99033E-05 9.99033E-05 9.99033E-05 9.99033E-05 9.99033E-05 9.99033E-05 9.99033E-05 9.99033E-05 9.99033E-05 9.99033E-05 0.998901 9.99033E-05
9.99032E-05 9.99032E-05 9.99032E-05 9.99032E-05 9.99032E-05 0.998901 9.99032E-05 9.99032E-05 9.99032E-05 9.99032E-05 9.99032E-05 9.99032E-05
9.99032E-05 9.99032E-05 9.99032E-05 9.99032E-05 9.99032E-05 0.998901 9.99032E-05 9.99032E-05 9.99032E-05 9.99032E-05 9.99032E-05 9.99032E-05
9.99385E-05 9.99385E-05 0.513346 9.99385E-05 9.99385E-05 0.190819 9.99385E-05 0.122469 9.99385E-05 9.99385E-05 0.0861769 0.0864891
9.99033E-05 9.99033E-05 9.99033E-05 9.99033E-05 9.99033E-05 0.998901 9.99033E-05 9.99033E-05 9.99033E-05 9.99033E-05 9.99033E-05 9.99033E-05
9.99033E-05 9.99033E-05 9.99033E-05 9.99033E-05 9.99033E-05 9.99033E-05 9.99033E-05 9.99033E-05 9.99033E-05 9.99033E-05 0.998901 9.99033E-05
9.99032E-05 9.99032E-05 9.99032E-05 9.99032E-05 9.99032E-05 0.998901 9.99032E-05 9.99032E-05 9.99032E-05 9.99032E-05 9.99032E-05 9.99032E-05
9.99033E-05 9.99033E-05 9.99033E-05 9.99033E-05 9.99033E-05 0.998901 9.99033E-05 9.99033E-05 9.99033E-05 9.99033E-05 9.99033E-05 9.99033E-05
9.99032E-05 9.99032E-05 9.99032E-05 9.99032E-05 9.99032E-05 0.998901 9.99032E-05 9.99032E-05 9.99032E-05 9.99032E-05 9.99032E-05 9.99032E-05
9.99032E-05 9.99032E-05 9.99032E-05 9.99032E-05 9.99032E-05 9.99032E-05 9.99032E-05 9.99032E-05 9.99032E-05 9.99032E-05 0.998901 9.99032E-05
9.99032E-05 9.99032E-05 9.99032E-05 9.99032E-05 9.99032E-05 0.998901 9.99032E-05 9.99032E-05 9.99032E-05 9.99032E-05 9.99032E-05 9.99032E-05
9.99032E-05 9.99032E-05 9.99032E-05 9.99032E-05 9.99032E-05 9.99032E-05 9.99032E-05 9.99032E-05 9.99032E-05 9.99032E-05 0.998901 9.99032E-05
9.99032E-05 9.99032E-05 9.99032E-05 9.99032E-05 9.99032E-05 0.998901 9.99032E-05 9.99032E-05 9.99032E-05 9.99032E-05 9.99032E-05 9.99032E-05
9.99033E-05 9.99033E-05 9.99033E-05 9.99033E-05 9.99033E-05 0.998901 9.99033E-05 9.99033E-05 9.99033E-05 9.99033E-05 9.99033E-05 9.99033E-05
9.99032E-05 9.99032E-05 9.99032E-05 9.99032E-05 9.99032E-05 9.99032E-05 9.99032E-05 9.99032E-05 9.99032E-05 9.99032E-05 0.998901 9.99032E-05
9.99033E-05 9.99033E-05 9.99033E-05 9.99033E-05 9.99033E-05 9.99033E-05 9.99033E-05 9.99033E-05 9.99033E-05 9.99033E-05 0.998901 9.99033E-05
9.99033E-05 9.99033E-05 9.99033E-05 9.99033E-05 9.99033E-05 9.99033E-05 9.99033E-05 9.99033E-05 9.99033E-05 9.99033E-05 0.998901 9.99033E-05
9.99033E-05 9.99033E-05 9.99033E-05 9.99033E-05 9.99033E-05 0.998901 9.99033E-05 9.99033E-05 9.99033E-05 9.99033E-05 9.99033E-05 9.99033E-05
9.99033E-05 9.99033E-05 9.99033E-05 9.99033E-05 9.99033E-05 0.998901 9.99033E-05 9.99033E-05 9.99033E-05 9.99033E-05 9.99033E-05 9.99033E-05
9.99032E-05 9.99032E-05 9.99032E-05 9.99032E-05 9.99032E-05 0.998901 9.99032E-05 9.99032E-05 9.99032E-05 9.99032E-05 9.99032E-05 9.99032E-05
9.99032E-05 9.99032E-05 9.99032E-05 9.99032E-05 9.99032E-05 0.998901 9.99032E-05 9.99032E-05 9.99032E-05 9.99032E-05 9.99032E-05 9.99032E-05
9.99033E-05 9.99033E-05 9.99033E-05 9.99033E-05 9.99033E-05 0.998901 9.99033E-05 9.99033E-05 9.99033E-05 9.99033E-05 9.99033E-05 9.99033E-05
9.99033E-05 9.99033E-05 9.99033E-05 9.99033E-05 9.99033E-05 9.99033E-05 9.99033E-05 9.99033E-05 9.99033E-05 9.99033E-05 0.998901 9.99033E-05
9.99032E-05 9.99032E-05 9.99032E-05 9.99032E-05 9.99032E-05 9.99032E-05 9.99032E-05 9.99032E-05 9.99032E-05 9.99032E-05 0.998901 9.99032E-05
9.99032E-05 9.99032E-05 9.99032E-05 9.99032E-05 9.99032E-05 9.99032E-05 9.99032E-05 9.99032E-05 9.99032E-05 9.99032E-05 0.998901 9.99032E-05
9.99033E-05 9.99033E-05 9.99033E-05 9.99033E-05 9.99033E-05 0.998901 9.99033E-05 9.99033E-05 9.99033E-05 9.99033E-05 9.99033E-05 9.99033E-05
9.99033E-05 9.99033E-05 9.99033E-05 9.99033E-05 9.99033E-05 9.99033E-05 9.99033E-05 9.99033E-05 9.99033E-05 9.99033E-05 0.998901 9.99033E-05
9.99032E-05 9.99032E-05 9.99032E-05 9.99032E-05 9.99032E-05 9.99032E-05 9.99032E-05 9.99032E-05 9.99032E-05 9.99032E-05 0.998901 9.99032E-05
9.99033E-05 9.99033E-05 9.99033E-05 9.99033E-05 9.99033E-05 9.99033E-05 9.99033E-05 9.99033E-05 9.99033E-05 9.99033E-05 0.998901 9.99033E-05
9.99032E-05 9.99032E-05 9.99032E-05 9.99032E-05 9.99032E-05 9.99032E-05 9.99032E-05 9.99032E-05 9.99032E-05 9.99032E-05 0.998901 9.99032E-05
9.99032E-05 9.99032E-05 9.99032E-05 9.99032E-05 9.99032E-05 0.998901 9.99032E-05 9.99032E-05 9.99032E-05 9.99032E-05 9.99032E-05 9.99032E-05
9.99033E-05 9.99033E-05 9.99033E-05 9.99033E-05 9.99033E-05 9.99033E-05 9.99033E-05 9.99033E-05 9.99033E-05 9.99033E-05 0.998901 9.99033E-05
9.99032E-05 9.99032E-05 9.99032E-05 9.99032E-05 9.99032E-05 9.99032E-05 9.99032E-05 9.99032E-05 9.99032E-05 9.99032E-05 0.998901 9.99032E-05
0.143503 9.995E-05 0.561031 0.0243252 9.995E-05 0.0875436 0.0655396 9.995E-05 9.995E-05 9.995E-05 0.0989545 0.0186026
9.99033E-05 9.99033E-05 9.99033E-05 9.99033E-05 9.99033E-05 0.998901 9.99033E-05 9.99033E-05 9.99033E-05 9.99033E-05 9.99033E-05 9.99033E-05
9.99033E-05 9.99033E-05 9.99033E-05 9.99033E-05 9.99033E-05 9.99033E-05 9.99033E-05 9.99033E-05 9.99033E-05 9.99033E-05 0.998901 9.99033E-05
9.99032E-05 9.99032E-05 9.99032E-05 9.99032E-05 9.99032E-05 9.99032E-05 9.99032E-05 9.99032E-05 9.99032E-05 9.99032E-05 0.998901 9.99032E-05
9.99032E-05 9.99032E-05 9.99032E-05 9.99032E-05 9.99032E-05 9.99032E-05 9.99032E-05 9.99032E-05 9.99032E-05 9.99032E-05 0.998901 9.99032E-05
9.99032E-05 9.99032E-05 9.99032E-05 9.99032E-05 9.99032E-05 9.99032E-05 9.99032E-05 9.99032E-05 9.99032E-05 9.99032E-05 0.998901 9.99032E-05
9.99032E-05 9.99032E-05 9.99032E-05 9.99032E-05 9.99032E-05 0.998901 9.99032E-05 9.99032E-05 9.99032E-05 9.99032E-05 9.99032E-05 9.99032E-05
9.99032E-05 9.99032E-05 9.99032E-05 9.99032E-05 9.99032E-05 9.99032E-05 9.99032E-05 9.99032E-05 9.99032E-05 9.99032E-05 0.998901 9.99032E-05
9.99032E-05 9.99032E-05 9.99032E-05 9.99032E-05 9.99032E-05 0.998901 9.99032E-05 9.99032E-05 9.99032E-05 9.99032E-05 9.99032E-05 9.99032E-05
9.99033E-05 9.99033E-05 9.99033E-05 9.99033E-05 9.99033E-05 9.99033E-05 9.99033E-05 9.99033E-05 9.99033E-05 9.99033E-05 0.998901 9.99033E-05
9.99032E-05 9.99032E-05 9.99032E-05 9.99032E-05 9.99032E-05 0.998901 9.99032E-05 9.99032E-05 9.99032E-05 9.99032E-05 9.99032E-05 9.99032E-05
9.99032E-05 9.99032E-05 9.99032E-05 9.99032E-05 9.99032E-05 9.99032E-05 9.99032E-05 9.99032E-05 9.99032E-05 9.99032E-05 0.998901 9.99032E-05
9.99032E-05 9.99032E-05 9.99032E-05 9.99032E-05 9.99032E-05 9.99032E-05 9.99032E-05 9.99032E-05 9.99032E-05 9.99032E-05 0.998901 9.99032E-05
9.99032E-05 9.99032E-05 9.99032E-05 9.99032E-05 9.99032E-05 9.99032E-05 9.99032E-05 9.99032E-05 9.99032E-05 9.99032E-05 0.998901 9.99032E-05
9.99032E-05 9.99032E-05 9.99032E-05 9.99032E-05 9.99032E-05 9.99032E-05 9.99032E-05 9.99032E-05 9.99032E-05 9.99032E-05 0.998901 9.99032E-05
9.99032E-05 9.99032E-05 9.99032E-05 9.99032E-05 9.99032E-05 9.99032E-05 9.99032E-05 9.99032E-05 9.99032E-05 9.99032E-05 0.998901 9.99032E-05
9.99032E-05 9.99032E-05 9.99032E-05 9.99032E-05 9.99032E-05 9.99032E-05 9.99032E-05 9.99032E-05 9.99032E-05 9.99032E-05 0.998901 9.99032E-05
9.99032E-05 9.99032E-05 9.99032E-05 9.99032E-05 9.99032E-05 0.998901 9.99032E-05 9.99032E-05 9.99032E-05 9.99032E-05 9.99032E-05 9.99032E-05
9.99033E-05 9.99033E-05 9.99033E-05 9.99033E-05 9.99033E-05 0.998901 9.99033E-05 9.99033E-05 9.99033E-05 9.99033E-05 9.99033E-05 9.99033E-05
9.99032E-05 9.99032E-05 9.99032E-05 9.99032E-05 9.99032E-05 0.998901 9.99032E-05 9.99032E-05 9.99032E-05 9.99032E-05 9.99032E-05 9.99032E-05
9.99032E-05 9.99032E-05 9.99032E-05 9.99032E-05 9.99032E-05 9.99032E-05 9.99032E-05 9.99032E-05 9.99032E-05 9.99032E-05 0.998901 9.99032E-05
9.99032E-05 9.99032E-05 9.99032E-05 9.99032E-05 9.99032E-05 0.998901 9.99032E-05 9.99032E-05 9.99032E-05 9.99032E-05 9.99032E-05 9.99032E-05
9.99032E-05 9.99032E-05 9.99032E-05 9.99032E-05 9.99032E-05 0.998901 9.99032E-05 9.99032E-05 9.99032E-05 9.99032E-05 9.99032E-05 9.99032E-05
9.99032E-05 9.99032E-05 9.99032E-05 9.99032E-05 9.99032E-05 0.998901 9.99032E-05 9.99032E-05 9.99032E-05 9.99032E-05 9.99032E-05 9.99032E-05
9.99032E-05 9.99032E-05 9.99032E-05 9.99032E-05 9.99032E-05 9.99032E-05 9.99032E-05 9.99032E-05 9.99032E-05 9.99032E-05 0.998901 9.99032E-05
9.99032E-05 9.99032E-05 9.99032E-05 9.99032E-05 9.99032E-05 9.99032E-05 9.99032E-05 9.99032E-05 9.99032E-05 9.99032E-05 0.998901 9.99032E-05
9.99032E-05 9.99032E-05 9.99032E-05 9.99032E-05 9.99032E-05 9.99032E-05 9.99032E-05 9.99032E-05 9.99032E-05 9.99032E-05 0.998901 9.99032E-05
9.99033E-05 9.99033E-05 9.99033E-05 9.99033E-05 9.99033E-05 0.998901 9.99033E-05 9.99033E-05 9.99033E-05 9.99033E-05 9.99033E-05 9.99033E-05
9.99032E-05 9.99032E-05 9.99032E-05 9.99032E-05 9.99032E-05 9.99032E-05 9.99032E-05 9.99032E-05 9.99032E-05 9.99032E-05 0.998901 9.99032E-05
9.99032E-05 9.99032E-05 9.99032E-05 9.99032E-05 9.99032E-05 9.99032E-05 9.99032E-05 9.99032E-05 9.99032E-05 9.99032E-05 0.998901 9.99032E-05
9.99032E-05 9.99032E-05 9.99032E-05 9.99032E-05 9.99032E-05 0.998901 9.99032E-05 9.99032E-05 9.99032E-05 9.99032E-05 9.99032E-05 9.99032E-05
9.99033E-05 9.99033E-05 9.99033E-05 9.99033E-05 9.99033E-05 9.99033E-05 9.99033E-05 9.99033E-05 9.99033E-05 9.99033E-05 0.998901 9.99033E-05
9.99032E-05 9.99032E-05 9.99032E-05 9.99032E-05 9.99032E-05 9.99032E-05 9.99032E-05 9.99032E-05 9.99032E-05 9.99032E-05 0.998901 9.99032E-05
9.99472E-05 0.139678 0.456029 0.0217151 9.99472E-05 0.276799 9.99472E-05 9.99472E-05 9.99472E-05 9.99472E-05 0.0500366 0.0551421
9.99032E-05 9.99032E-05 9.99032E-05 9.99032E-05 9.99032E-05 0.998901 9.99032E-05 9.99032E-05 9.99032E-05 9.99032E-05 9.99032E-05 9.99032E-05
9.99032E-05 9.99032E-05 9.99032E-05 9.99032E-05 9.99032E-05 9.99032E-05 9.99032E-05 9.99032E-05 9.99032E-05 9.99032E-05 0.998901 9.99032E-05
9.99211E-05 9.99211E-05 0.538322 9.99211E-05 9.99211E-05 0.0298464 9.99211E-05 9.99211E-05 9.99211E-05 9.99211E-05 0.430932 9.99211E-05
0.0190892 9.993E-05 0.653611 9.993E-05 9.993E-05 0.102858 9.993E-05 0.00702658 9.993E-05 9.993E-05 0.216715 9.993E-05
9.99209E-05 9.99209E-05 0.694443 9.99209E-05 9.99209E-05 0.278954 9.99209E-05 9.99209E-05 9.99209E-05 9.99209E-05 0.0257033 9.99209E-05
9.99296E-05 9.99296E-05 0.957848 9.99296E-05 9.99296E-05 0.0162409 9.99296E-05 0.00126249 9.99296E-05 9.99296E-05 9.99296E-05 0.0238495
9.99209E-05 9.99209E-05 0.518844 9.99209E-05 9.99209E-05 0.271804 9.99209E-05 9.99209E-05 9.99209E-05 9.99209E-05 0.208453 9.99209E-05
0.0388159 9.99299E-05 0.474709 9.99299E-05 0.362403 9.99299E-05 9.99299E-05 9.99299E-05 9.99299E-05 9.99299E-05 0.123272 9.99299E-05
0.0346049 0.00759425 0.355103 9.994E-05 9.994E-05 0.128467 9.994E-05 9.994E-05 9.994E-05 0.256478 0.217153 9.994E-05
9.99385E-05 0.0452275 0.804044 9.99385E-05 9.99385E-05 0.00781569 9.99385E-05 9.99385E-05 9.99385E-05 9.99385E-05 0.113799 0.0284143
9.99298E-05 9.99298E-05 0.583524 9.99298E-05 0.229275 0.0102181 9.99298E-05 9.99298E-05 9.99298E-05 9.99298E-05 0.176184 9.99298E-05
0.0579938 9.9921E-05 0.838559 9.9921E-05 9.9921E-05 0.102548 9.9921E-05 9.9921E-05 9.9921E-05 9.9921E-05 9.9921E-05 9.9921E-05
9.99473E-05 0.0139171 0.661724 9.99473E-05 0.0555627 0.173041 9.99473E-05 9.99473E-05 9.99473E-05 9.99473E-05 0.0782852 0.0168699
9.99123E-05 9.99123E-05 0.471868 9.99123E-05 9.99123E-05 9.99123E-05 9.99123E-05 9.99123E-05 9.99123E-05 9.99123E-05 0.527133 9.99123E-05
9.995E-05 9.995E-05 0.457717 0.0075503 9.995E-05 0.220148 0.0393482 9.995E-05 9.995E-05 0.0644624 0.117465 0.0928096
9.99121E-05 9.99121E-05 0.968068 9.99121E-05 9.99121E-05 9.99121E-05 9.99121E-05 9.99121E-05 9.99121E-05 9.99121E-05 9.99121E-05 0.0309327
9.99209E-05 9.99209E-05 0.770111 9.99209E-05 9.99209E-05 0.121783 9.99209E-05 9.99209E-05 9.99209E-05 9.99209E-05 0.107207 9.99209E-05
9.99385E-05 9.99385E-05 0.463251 0.0178876 9.99385E-05 0.131593 9.99385E-05 9.99385E-05 9.99385E-05 0.107312 0.279258 9.99385E-05
9.99386E-05 9.99386E-05 0.661145 9.99386E-05 0.085176 0.0549568 9.99386E-05 0.034763 9.99386E-05 9.99386E-05 0.16326 9.99386E-05
9.99297E-05 0.106173 0.525049 9.99297E-05 9.99297E-05 0.345876 9.99297E-05 9.99297E-05 9.99297E-05 9.99297E-05 0.0221028 9.99297E-05
9.99297E-05 0.0310704 0.7202 0.19579 9.99297E-05 9.99297E-05 9.99297E-05 9.99297E-05 9.99297E-05 9.99297E-05 0.0521403 9.99297E-05
9.99209E-05 9.99209E-05 0.800435 9.99209E-05 9.99209E-05 0.0803901 9.99209E-05 9.99209E-05 9.99209E-05 9.99209E-05 0.118276 9.99209E-05
9.99305E-05 9.99305E-05 0.824517 0.0194471 9.99305E-05 0.027582 9.99305E-05 9.99305E-05 9.99305E-05 9.99305E-05 0.127655 9.99305E-05
9.99298E-05 9.99298E-05 0.795967 0.00374628 9.99298E-05 9.99298E-05 0.0302298 9.99298E-05 9.99298E-05 9.99298E-05 0.169258 9.99298E-05
9.99297E-05 9.99297E-05 0.721196 9.99297E-05 9.99297E-05 0.0948585 9.99297E-05 0.0750103 9.99297E-05 9.99297E-05 0.108136 9.99297E-05
0.00331481 0.00697642 0.802166 9.99472E-05 9.99472E-05 0.00417595 9.99472E-05 9.99472E-05 9.99472E-05 9.99472E-05 0.14049 0.0422771
9.99209E-05 9.99209E-05 0.964571 9.99209E-05 9.99209E-05 9.99209E-05 9.99209E-05 9.99209E-05 9.99209E-05 9.99209E-05 0.00656921 0.0279606
9.99209E-05 9.99209E-05 0.419519 9.99209E-05 0.518048 9.99209E-05 9.99209E-05 9.99209E-05 9.99209E-05 9.99209E-05 0.0615335 9.99209E-05
0.0155135 9.99297E-05 0.925922 0.0419368 9.99297E-05 0.0158285 9.99297E-05 9.99297E-05 9.99297E-05 9.99297E-05 9.99297E-05 9.99297E-05
9.9921E-05 9.9921E-05 0.530125 9.9921E-05 9.9921E-05 0.24616 9.9921E-05 9.9921E-05 9.9921E-05 9.9921E-05 0.222816 9.9921E-05
9.99296E-05 9.99296E-05 0.944201 9.99296E-05 9.99296E-05 9.99296E-05 0.017851 0.0072982 9.99296E-05 9.99296E-05 9.99296E-05 0.0298503
9.99385E-05 9.99385E-05 0.771924 9.99385E-05 9.99385E-05 0.0848138 9.99385E-05 0.0363091 9.99385E-05 9.99385E-05 0.0908948 0.0153586
0.0105108 0.0517349 0.535463 0.0732628 9.994E-05 0.103101 9.994E-05 9.994E-05 9.994E-05 9.994E-05 0.225327 9.994E-05
9.99298E-05 9.99298E-05 0.687099 0.0200294 9.99298E-05 0.0630928 9.99298E-05 9.99298E-05 9.99298E-05 9.99298E-05 0.228979 9.99298E-05
9.99297E-05 9.99297E-05 0.661831 0.180734 9.99297E-05 0.0409759 9.99297E-05 9.99297E-05 9.99297E-05 9.99297E-05 0.11566 9.99297E-05
9.99297E-05 0.0439004 0.60839 9.99297E-05 9.99297E-05 0.203547 9.99297E-05 9.99297E-05 9.99297E-05 9.99297E-05 0.143363 9.99297E-05
9.99384E-05 0.0533092 0.756872 9.99384E-05 9.99384E-05 0.122242 9.99384E-05 9.99384E-05 9.99384E-05 9.99384E-05 0.0402955 0.0265816
9.99122E-05 9.99122E-05 0.811548 9.99122E-05 9.99122E-05 0.187453 9.99122E-05 9.99122E-05 9.99122E-05 9.99122E-05 9.99122E-05 9.99122E-05
9.99121E-05 9.99121E-05 0.609221 9.99121E-05 0.38978 9.99121E-05 9.99121E-05 9.99121E-05 9.99121E-05 9.99121E-05 9.99121E-05 9.99121E-05
9.99385E-05 0.0281941 0.64668 9.99385E-05 9.99385E-05 0.100034 0.0141824 9.99385E-05 9.99385E-05 0.21021 9.99385E-05 9.99385E-05
9.9921E-05 0.0610287 0.836609 9.9921E-05 9.9921E-05 9.9921E-05 0.101463 9.9921E-05 9.9921E-05 9.9921E-05 9.9921E-05 9.9921E-05
0.301849 9.99297E-05 0.482644 0.0501738 9.99297E-05 9.99297E-05 9.99297E-05 9.99297E-05 9.99297E-05 9.99297E-05 0.164534 9.99297E-05
9.99209E-05 9.99209E-05 0.698431 9.99209E-05 9.99209E-05 0.272709 9.99209E-05 9.99209E-05 9.99209E-05 9.99209E-05 0.0279607 9.99209E-05
0.10917 9.99299E-05 0.81141 0.0172539 9.99299E-05 0.0613669 9.99299E-05 9.99299E-05 9.99299E-05 9.99299E-05 9.99299E-05 9.99299E-05
0.0839065 9.99297E-05 0.687088 9.99297E-05 9.99297E-05 0.0539244 9.99297E-05 9.99297E-05 9.99297E-05 9.99297E-05 0.174281 9.99297E-05
9.99298E-05 9.99298E-05 0.339994 0.031985 9.99298E-05 9.99298E-05 9.99298E-05 9.99298E-05 9.99298E-05 9.99298E-05 0.511011 0.116211
9.99385E-05 0.00979692 0.392037 9.99385E-05 9.99385E-05 0.293419 9.99385E-05 9.99385E-05 9.99385E-05 9.99385E-05 0.279366 0.0246822
9.99208E-05 9.99208E-05 0.882418 9.99208E-05 9.99208E-05 0.0187789 9.99208E-05 9.99208E-05 9.99208E-05 9.99208E-05 0.0979041 9.99208E-05
9.99121E-05 9.99121E-05 0.58848 9.99121E-05 0.410521 9.99121E-05 9.99121E-05 9.99121E-05 9.99121E-05 9.99121E-05 9.99121E-05 9.99121E-05
9.99121E-05 9.99121E-05 0.832002 9.99121E-05 9.99121E-05 9.99121E-05 9.99121E-05 9.99121E-05 9.99121E-05 9.99121E-05 0.166998 9.99121E-05
9.9921E-05 9.9921E-05 0.608969 9.9921E-05 0.364682 9.9921E-05 9.9921E-05 9.9921E-05 9.9921E-05 9.9921E-05 0.0254494 9.9921E-05
0.0406318 9.99561E-05 0.385328 0.176449 9.99561E-05 0.0993023 0.148604 9.99561E-05 9.99561E-05 9.99561E-05 0.0568307 0.0923552
9.99298E-05 0.0282832 0.581432 0.029706 0.35978 9.99298E-05 9.99298E-05 9.99298E-05 9.99298E-05 9.99298E-05 9.99298E-05 9.99298E-05
9.99298E-05 0.0147641 0.72447 0.0277009 9.99298E-05 0.232266 9.99298E-05 9.99298E-05 9.99298E-05 9.99298E-05 9.99298E-05 9.99298E-05
0.229901 9.99296E-05 0.435009 0.166246 9.99296E-05 0.168044 9.99296E-05 9.99296E-05 9.99296E-05 9.99296E-05 9.99296E-05 9.99296E-05
9.99297E-05 9.99297E-05 0.648834 0.208515 9.99297E-05 0.00105876 9.99297E-05 9.99297E-05 9.99297E-05 9.99297E-05 0.140793 9.99297E-05
0.110543 9.99209E-05 0.875405 9.99209E-05 9.99209E-05 9.99209E-05 9.99209E-05 9.99209E-05 9.99209E-05 9.99209E-05 0.013153 9.99209E-05
9.99297E-05 9.99297E-05 0.806844 9.99297E-05 9.99297E-05 0.00375512 9.99297E-05 9.99297E-05 9.99297E-05 0.000626323 0.187975 9.99297E-05
9.99473E-05 0.0478152 0.176585 0.088545 0.48861 0.172712 9.99473E-05 9.99473E-05 9.99473E-05 9.99473E-05 0.0251325 9.99473E-05
9.9921E-05 9.9921E-05 0.644625 9.9921E-05 0.189782 9.9921E-05 9.9921E-05 9.9921E-05 9.9921E-05 9.9921E-05 0.164694 9.9921E-05
9.99298E-05 9.99298E-05 0.753265 9.99298E-05 9.99298E-05 0.121165 9.99298E-05 0.00728048 9.99298E-05 9.99298E-05 0.11749 9.99298E-05
9.99386E-05 9.99386E-05 0.502564 0.133908 0.0683089 0.129417 9.99386E-05 9.99386E-05 9.99386E-05 9.99386E-05 0.165102 9.99386E-05
9.99209E-05 9.99209E-05 0.560927 9.99209E-05 0.372619 9.99209E-05 9.99209E-05 9.99209E-05 9.99209E-05 9.99209E-05 0.0655544 9.99209E-05
9.99298E-05 9.99298E-05 0.368336 9.99298E-05 0.455737 0.0541907 9.99298E-05 9.99298E-05 9.99298E-05 9.99298E-05 0.120937 9.99298E-05
9.99473E-05 0.0318844 0.247145 9.99473E-05 0.49868 0.180111 9.99473E-05 0.0137597 9.99473E-05 9.99473E-05 0.0278205 9.99473E-05
9.99298E-05 0.0666567 0.850162 9.99298E-05 9.99298E-05 0.0663225 9.99298E-05 9.99298E-05 9.99298E-05 9.99298E-05 0.0160592 9.99298E-05
9.99121E-05 9.99121E-05 0.834661 9.99121E-05 9.99121E-05 9.99121E-05 9.99121E-05 9.99121E-05 9.99121E-05 9.99121E-05 0.16434 9.99121E-05
9.99123E-05 9.99123E-05 0.771256 9.99123E-05 9.99123E-05 9.99123E-05 9.99123E-05 9.99123E-05 9.99123E-05 9.99123E-05 0.227745 9.99123E-05
9.99298E-05 9.99298E-05 0.648464 9.99298E-05 0.284811 0.0379687 9.99298E-05 9.99298E-05 9.99298E-05 9.99298E-05 0.0279575 9.99298E-05
9.99385E-05 9.99385E-05 0.694655 0.0459242 9.99385E-05 0.11061 9.99385E-05 0.018354 9.99385E-05 9.99385E-05 0.129757 9.99385E-05
