        TC01  1 0.0044 0.0042 0.0017 0.0034 0.9572 0.0048 0.0062 0.0013 0.0040 0.0108 0.0019 
        TC02  1 0.0017 0.0015 0.0009 0.0048 0.9672 0.0043 0.0054 0.0022 0.0053 0.0041 0.0026 
        TC03  1 0.0018 0.0021 0.0011 0.0029 0.9734 0.0039 0.0026 0.0013 0.0061 0.0022 0.0029 
        TC04  1 0.0014 0.0166 0.0012 0.0355 0.8326 0.0206 0.0079 0.0102 0.0687 0.0028 0.0025 
        TC05  1 0.0008 0.0009 0.0011 0.0102 0.9712 0.0027 0.0018 0.0018 0.0054 0.0014 0.0027 
        TC06  1 0.0013 0.0020 0.0020 0.0048 0.8490 0.0028 0.0049 0.0063 0.1233 0.0017 0.0019 
        TC07  1 0.0007 0.0011 0.0049 0.0036 0.9628 0.0048 0.0021 0.0018 0.0072 0.0077 0.0032 
        TC08  1 0.0011 0.0008 0.0021 0.0030 0.9728 0.0016 0.0017 0.0020 0.0086 0.0020 0.0042 
        TC09  1 0.0007 0.0012 0.0016 0.0031 0.8413 0.0034 0.0272 0.0012 0.1170 0.0016 0.0016 
        TC10  1 0.0032 0.0009 0.0009 0.0024 0.9159 0.0292 0.0277 0.0029 0.0093 0.0060 0.0017 
        TC11  1 0.0013 0.0012 0.0006 0.0017 0.9799 0.0016 0.0017 0.0016 0.0033 0.0049 0.0022 
        TC12  1 0.0055 0.0060 0.0017 0.0058 0.9292 0.0095 0.0059 0.0075 0.0200 0.0051 0.0038 
        TC13  1 0.0010 0.0009 0.0011 0.0021 0.9777 0.0015 0.0029 0.0020 0.0075 0.0016 0.0018 
        TC14  1 0.0023 0.0045 0.0022 0.0056 0.8708 0.0028 0.0338 0.0026 0.0623 0.0031 0.0100 
        TC15  1 0.0019 0.0021 0.0015 0.0063 0.8890 0.0051 0.0104 0.0037 0.0756 0.0013 0.0031 
        TC16  1 0.0014 0.0023 0.0018 0.0069 0.7904 0.0067 0.0414 0.0033 0.1359 0.0018 0.0082 
        TC17  1 0.0044 0.0043 0.0044 0.0231 0.7690 0.0100 0.1484 0.0040 0.0157 0.0044 0.0121 
        TC18  1 0.0074 0.0274 0.0007 0.0091 0.9202 0.0057 0.0022 0.0056 0.0100 0.0040 0.0076 
        TC19  1 0.0013 0.0009 0.0005 0.0019 0.9699 0.0015 0.0098 0.0032 0.0071 0.0019 0.0019 
        TC20  1 0.0010 0.0032 0.0008 0.0023 0.9723 0.0017 0.0045 0.0020 0.0077 0.0017 0.0026 
        TC21  1 0.0021 0.0221 0.0008 0.0740 0.8198 0.0194 0.0016 0.0141 0.0149 0.0083 0.0230 
        TC22  1 0.0077 0.0012 0.0013 0.0071 0.9258 0.0029 0.0013 0.0323 0.0147 0.0031 0.0023 
        TC23  1 0.0013 0.0014 0.0011 0.0020 0.9734 0.0035 0.0031 0.0012 0.0056 0.0046 0.0028 
        TC24  1 0.0007 0.0007 0.0006 0.0016 0.9826 0.0017 0.0023 0.0011 0.0042 0.0011 0.0035 
        TC25  1 0.0013 0.0211 0.0009 0.0035 0.8065 0.0080 0.0031 0.0051 0.1257 0.0191 0.0056 
        TC26  1 0.0008 0.0010 0.0018 0.0032 0.9587 0.0038 0.0123 0.0013 0.0129 0.0013 0.0028 
        TC27  1 0.0130 0.0013 0.0016 0.0040 0.9560 0.0031 0.0018 0.0013 0.0117 0.0017 0.0045 
        TC28  1 0.0012 0.0030 0.0011 0.0048 0.9342 0.0097 0.0052 0.0095 0.0256 0.0025 0.0033 
        TC29  1 0.0008 0.0037 0.0010 0.0091 0.9332 0.0034 0.0129 0.0014 0.0252 0.0045 0.0047 
        TC30  1 0.0013 0.0010 0.0008 0.0024 0.9670 0.0020 0.0064 0.0031 0.0120 0.0017 0.0024 
        TC31  1 0.0029 0.0073 0.0006 0.0034 0.9356 0.0033 0.0020 0.0153 0.0051 0.0197 0.0047 
        TC32  1 0.0009 0.0014 0.0016 0.0047 0.8304 0.0044 0.0040 0.0499 0.0978 0.0023 0.0026 
        TC33  1 0.0013 0.0013 0.0014 0.0028 0.9685 0.0031 0.0019 0.0015 0.0059 0.0070 0.0053 
        TC34  1 0.0038 0.0012 0.0057 0.0031 0.8994 0.0031 0.0053 0.0017 0.0665 0.0018 0.0083 
        TC35  1 0.0062 0.0040 0.0015 0.0031 0.9205 0.0023 0.0227 0.0133 0.0129 0.0110 0.0027 
        TC36  1 0.0014 0.0011 0.0009 0.0033 0.9705 0.0060 0.0036 0.0022 0.0064 0.0020 0.0025 
        TC37  1 0.0012 0.0014 0.0012 0.0025 0.9745 0.0026 0.0031 0.0045 0.0026 0.0022 0.0043 
        TC38  1 0.0008 0.0161 0.0007 0.0045 0.8540 0.0042 0.0427 0.0014 0.0687 0.0045 0.0024 
        TC39  1 0.0009 0.0020 0.0013 0.0031 0.8392 0.0033 0.1024 0.0019 0.0413 0.0021 0.0026 
        TC40  1 0.0017 0.0016 0.0019 0.0033 0.9174 0.0041 0.0058 0.0055 0.0405 0.0019 0.0162 
        TC41  1 0.0023 0.0012 0.0013 0.0022 0.9621 0.0033 0.0020 0.0168 0.0038 0.0018 0.0033 
        TC42  1 0.0013 0.0007 0.0008 0.0024 0.9716 0.0023 0.0035 0.0011 0.0132 0.0012 0.0020 
        TC43  1 0.0011 0.0015 0.0011 0.0023 0.9723 0.0021 0.0028 0.0027 0.0098 0.0016 0.0027 
        TC44  1 0.0035 0.0012 0.0021 0.0031 0.9151 0.0035 0.0283 0.0015 0.0345 0.0049 0.0023 
        TC45  1 0.0008 0.0055 0.0006 0.0036 0.9737 0.0025 0.0055 0.0016 0.0027 0.0019 0.0015 
        TC46  1 0.0033 0.0041 0.0008 0.0047 0.9632 0.0068 0.0032 0.0044 0.0044 0.0017 0.0035 
        TC47  1 0.0034 0.0015 0.0015 0.0022 0.9546 0.0033 0.0076 0.0027 0.0181 0.0022 0.0029 
        TC48  1 0.0037 0.0053 0.0013 0.0110 0.9263 0.0045 0.0051 0.0054 0.0069 0.0019 0.0285 
        TC49  1 0.0013 0.0013 0.0013 0.0053 0.9716 0.0017 0.0022 0.0046 0.0045 0.0029 0.0034 
        TC50  1 0.0046 0.0025 0.0018 0.0040 0.9627 0.0036 0.0026 0.0051 0.0054 0.0028 0.0049 
        TC51  1 0.0016 0.0017 0.0013 0.0042 0.9148 0.0029 0.0021 0.0023 0.0601 0.0063 0.0025 
        TC52  1 0.0008 0.0042 0.0008 0.0021 0.9482 0.0284 0.0019 0.0012 0.0082 0.0012 0.0030 
        TC53  1 0.0082 0.0007 0.0011 0.0055 0.9612 0.0017 0.0063 0.0016 0.0105 0.0011 0.0021 
        TC54  1 0.0022 0.0019 0.0016 0.0059 0.9273 0.0107 0.0043 0.0016 0.0189 0.0028 0.0227 
        TC55  1 0.0014 0.0023 0.0013 0.0062 0.9305 0.0165 0.0117 0.0089 0.0145 0.0020 0.0046 
        TC56  1 0.0024 0.0080 0.0013 0.0052 0.9394 0.0027 0.0050 0.0037 0.0091 0.0048 0.0184 
        TC57  1 0.0068 0.0014 0.0014 0.0065 0.9516 0.0038 0.0106 0.0052 0.0045 0.0024 0.0058 
        TC58  1 0.0014 0.0012 0.0020 0.0029 0.9585 0.0047 0.0062 0.0016 0.0055 0.0140 0.0019 
        TC59  1 0.0012 0.0007 0.0013 0.0017 0.9782 0.0031 0.0022 0.0013 0.0057 0.0021 0.0024 
        TA01  2 0.0014 0.0009 0.0072 0.0028 0.9519 0.0019 0.0143 0.0015 0.0135 0.0023 0.0023 
        TA02  2 0.0009 0.0011 0.0013 0.0026 0.9685 0.0044 0.0057 0.0021 0.0048 0.0013 0.0073 
        TA03  2 0.0055 0.0012 0.0023 0.0032 0.9398 0.0027 0.0261 0.0032 0.0092 0.0024 0.0045 
        TA04  2 0.0018 0.0009 0.0014 0.0021 0.5745 0.0026 0.0514 0.0039 0.3578 0.0015 0.0021 
        TA05  2 0.0013 0.0016 0.0009 0.0033 0.9752 0.0024 0.0030 0.0020 0.0049 0.0021 0.0034 
        TA06  2 0.0010 0.0008 0.0011 0.0014 0.9664 0.0022 0.0062 0.0019 0.0145 0.0026 0.0018 
        TA07  2 0.0017 0.0014 0.0009 0.0096 0.7367 0.0075 0.2228 0.0020 0.0057 0.0053 0.0065 
        TA08  2 0.0086 0.0018 0.0010 0.0019 0.9454 0.0013 0.0084 0.0013 0.0259 0.0015 0.0030 
        TA09  2 0.0012 0.0007 0.0010 0.0019 0.9677 0.0025 0.0108 0.0012 0.0093 0.0015 0.0023 
        TA10  2 0.0017 0.0011 0.0046 0.0050 0.9055 0.0021 0.0080 0.0020 0.0076 0.0599 0.0024 
        TA11  2 0.0080 0.0030 0.0023 0.0044 0.8583 0.0032 0.0446 0.0045 0.0152 0.0533 0.0033 
        TA12  2 0.0041 0.0010 0.0408 0.0135 0.9131 0.0019 0.0073 0.0022 0.0040 0.0093 0.0029 
        TA13  2 0.0023 0.0013 0.0026 0.1033 0.7827 0.0026 0.0034 0.0029 0.0743 0.0198 0.0049 
        TA14  2 0.0008 0.0007 0.0008 0.0022 0.9562 0.0024 0.0198 0.0016 0.0105 0.0011 0.0039 
        TA15  2 0.0008 0.0007 0.0010 0.0031 0.9715 0.0016 0.0037 0.0021 0.0112 0.0019 0.0025 
        TA16  2 0.0012 0.0009 0.0016 0.0070 0.8926 0.0027 0.0165 0.0015 0.0472 0.0266 0.0021 
        TA17  2 0.0043 0.0009 0.0066 0.0037 0.9624 0.0028 0.0021 0.0029 0.0076 0.0017 0.0049 
        TA18  2 0.0014 0.0008 0.0476 0.0019 0.8808 0.0018 0.0017 0.0464 0.0060 0.0091 0.0024 
        TA19  2 0.0432 0.0010 0.0013 0.0060 0.8815 0.0032 0.0037 0.0122 0.0394 0.0054 0.0030 
        TA20  2 0.0017 0.0014 0.0013 0.0044 0.9425 0.0021 0.0060 0.0021 0.0053 0.0018 0.0314 
        TA21  2 0.0014 0.0015 0.0026 0.0055 0.8917 0.0026 0.0692 0.0022 0.0147 0.0026 0.0060 
        TA22  2 0.0011 0.0009 0.0011 0.0021 0.9611 0.0019 0.0024 0.0026 0.0179 0.0013 0.0076 
        TA23  2 0.0009 0.0008 0.0014 0.0019 0.9559 0.0014 0.0058 0.0019 0.0257 0.0016 0.0026 
        TA24  2 0.0033 0.0010 0.0021 0.0048 0.9681 0.0058 0.0020 0.0021 0.0066 0.0017 0.0025 
        TA25  2 0.0016 0.0010 0.0064 0.0050 0.8226 0.0019 0.0021 0.0024 0.0102 0.1452 0.0016 
        TA26  2 0.0026 0.0029 0.0009 0.0040 0.8559 0.0018 0.1049 0.0021 0.0165 0.0045 0.0038 
        TA27  2 0.0022 0.0008 0.0035 0.0063 0.9671 0.0023 0.0032 0.0018 0.0076 0.0020 0.0032 
        TA28  2 0.0011 0.0044 0.0029 0.0042 0.9322 0.0128 0.0133 0.0070 0.0073 0.0015 0.0133 
        TA29  2 0.0037 0.0010 0.0010 0.0029 0.9612 0.0020 0.0024 0.0026 0.0186 0.0022 0.0023 
        TA30  2 0.0060 0.0016 0.0014 0.0080 0.6649 0.0033 0.1980 0.0025 0.1043 0.0027 0.0074 
      BERM01  3 0.0007 0.0007 0.0012 0.0017 0.0015 0.0012 0.0022 0.0016 0.9857 0.0014 0.0023 
      BERM02  3 0.0007 0.0009 0.0007 0.0018 0.0030 0.0014 0.0045 0.0025 0.9812 0.0013 0.0021 
      BERM03  3 0.0011 0.0008 0.0007 0.0020 0.0014 0.0016 0.0026 0.0014 0.9844 0.0018 0.0021 
      BERM04  3 0.0013 0.0010 0.0009 0.0017 0.0011 0.0015 0.0029 0.0012 0.9845 0.0021 0.0019 
      BERM05  3 0.0014 0.0014 0.0014 0.0020 0.0011 0.0026 0.0019 0.0012 0.9819 0.0024 0.0027 
      BERM06  3 0.0010 0.0012 0.0017 0.0017 0.0019 0.0030 0.0252 0.0015 0.9601 0.0012 0.0016 
      BERM07  3 0.0013 0.0009 0.0007 0.0018 0.0025 0.0014 0.0037 0.0015 0.9818 0.0021 0.0022 
      BERM08  3 0.0008 0.0010 0.0006 0.0014 0.0017 0.0011 0.0018 0.0011 0.9879 0.0013 0.0014 
      BERM09  3 0.0008 0.0006 0.0009 0.0014 0.0076 0.0019 0.1790 0.0014 0.8034 0.0016 0.0017 
      BERM10  3 0.0027 0.0016 0.0009 0.0034 0.0035 0.0020 0.0062 0.0014 0.9748 0.0015 0.0020 
      BERM11  3 0.0008 0.0011 0.0008 0.0017 0.0025 0.0013 0.0278 0.0018 0.9579 0.0020 0.0022 
      BERM12  3 0.0066 0.0270 0.0070 0.0013 0.0044 0.0044 0.0068 0.0015 0.9353 0.0035 0.0022 
      BERM13  3 0.0009 0.0008 0.0010 0.0018 0.0019 0.0025 0.0021 0.0019 0.9835 0.0017 0.0019 
      BERM14  3 0.0011 0.0008 0.0009 0.0018 0.0037 0.0018 0.0217 0.0010 0.9633 0.0023 0.0018 
      CROC01  3 0.0038 0.0013 0.0023 0.0040 0.0021 0.0095 0.0026 0.0052 0.9488 0.0026 0.0179 
      CROC02  3 0.0010 0.0030 0.0054 0.0046 0.0029 0.0470 0.0336 0.0017 0.8934 0.0030 0.0043 
      CROC03  3 0.0018 0.0038 0.0007 0.0024 0.0023 0.0029 0.0742 0.0022 0.9039 0.0022 0.0036 
      CROC04  3 0.0011 0.0007 0.0011 0.0020 0.0560 0.0751 0.0016 0.0010 0.8577 0.0017 0.0019 
      CROC05  3 0.0007 0.0009 0.0008 0.0019 0.0012 0.0030 0.0079 0.0013 0.9777 0.0026 0.0020 
      CROC06  3 0.0013 0.0016 0.0028 0.0030 0.0073 0.0707 0.0052 0.0013 0.8785 0.0208 0.0075 
      CROC07  3 0.0012 0.0009 0.0041 0.0019 0.0032 0.0022 0.0061 0.0015 0.9752 0.0015 0.0021 
      CROC08  3 0.0019 0.0026 0.0010 0.0030 0.0020 0.0017 0.0028 0.0018 0.9469 0.0045 0.0318 
      CROC09  3 0.0007 0.0016 0.0006 0.0028 0.0013 0.0022 0.0123 0.0024 0.9660 0.0013 0.0089 
      CROC10  3 0.0008 0.0011 0.0009 0.0020 0.0014 0.0013 0.0024 0.0019 0.9841 0.0027 0.0015 
      CROC11  3 0.0007 0.0016 0.0006 0.0028 0.0012 0.0022 0.0121 0.0024 0.9662 0.0013 0.0090 
     CROC110  3 0.0012 0.0008 0.0008 0.0174 0.0048 0.0055 0.0168 0.0020 0.9450 0.0014 0.0042 
     CROC116  3 0.0018 0.0036 0.0124 0.0064 0.0068 0.0096 0.0119 0.0029 0.9384 0.0019 0.0041 
      CROC12  3 0.0007 0.0009 0.0013 0.0026 0.0021 0.0013 0.0019 0.0023 0.9837 0.0013 0.0020 
     CROC123  3 0.0006 0.0009 0.0005 0.0015 0.0017 0.0012 0.0045 0.0015 0.9850 0.0010 0.0015 
      CROC13  3 0.0012 0.0039 0.0007 0.0020 0.0015 0.0015 0.0055 0.0010 0.9780 0.0025 0.0021 
      CROC14  3 0.0006 0.0011 0.0009 0.0045 0.0034 0.0029 0.0170 0.0010 0.8780 0.0870 0.0036 
      CROC15  3 0.0010 0.0027 0.0007 0.0044 0.0020 0.1211 0.0018 0.0017 0.8498 0.0065 0.0083 
      CROC16  3 0.0011 0.0135 0.0067 0.0051 0.0012 0.0077 0.0089 0.0020 0.9433 0.0019 0.0086 
      CROC17  3 0.0007 0.0009 0.0005 0.0053 0.0882 0.0011 0.0016 0.0016 0.8973 0.0013 0.0016 
      CROC18  3 0.0025 0.0095 0.0018 0.0045 0.0039 0.0079 0.0030 0.0155 0.9475 0.0014 0.0024 
      CROC19  3 0.0030 0.0013 0.0012 0.0037 0.0042 0.0059 0.0023 0.0020 0.9710 0.0026 0.0029 
     CROC198  3 0.0024 0.0009 0.0008 0.0024 0.0015 0.0015 0.0121 0.0010 0.9731 0.0021 0.0022 
      CROC20  3 0.0014 0.0021 0.0022 0.0046 0.0015 0.0048 0.0061 0.0030 0.9668 0.0022 0.0055 
     CROC202  3 0.0023 0.0061 0.0009 0.0021 0.0019 0.0022 0.0037 0.0012 0.9747 0.0027 0.0022 
      CROC21  3 0.0010 0.0012 0.0007 0.0031 0.0025 0.0015 0.0027 0.0016 0.9819 0.0018 0.0021 
     CROC216  3 0.0011 0.0017 0.0049 0.0058 0.0138 0.0352 0.0060 0.0032 0.9214 0.0019 0.0050 
      CROC22  3 0.0251 0.0014 0.0006 0.0274 0.0088 0.0019 0.0489 0.0026 0.8794 0.0021 0.0018 
      CROC23  3 0.0009 0.0011 0.0007 0.0027 0.0079 0.0014 0.0026 0.0032 0.9752 0.0015 0.0027 
      CROC24  3 0.0009 0.0030 0.0008 0.0023 0.0021 0.0019 0.0184 0.0013 0.9647 0.0016 0.0032 
      CROC25  3 0.0009 0.0008 0.0007 0.0016 0.0018 0.0019 0.0051 0.0019 0.9814 0.0019 0.0021 
     CROC259  3 0.0012 0.0013 0.0012 0.0022 0.0225 0.0020 0.0031 0.0013 0.9457 0.0171 0.0023 
      CROC26  3 0.0018 0.0012 0.0009 0.0018 0.0866 0.0018 0.0028 0.0013 0.8957 0.0027 0.0033 
      CROC27  3 0.0016 0.0011 0.0024 0.0032 0.0105 0.0033 0.1058 0.0015 0.8579 0.0019 0.0108 
      CROC28  3 0.0008 0.0008 0.0009 0.0018 0.0257 0.0016 0.1664 0.0011 0.7965 0.0018 0.0025 
      CROC29  3 0.0011 0.0010 0.0007 0.0026 0.0022 0.0026 0.0054 0.0016 0.9773 0.0015 0.0040 
      CROC30  3 0.0010 0.0022 0.0348 0.0045 0.0037 0.0292 0.0034 0.0025 0.9097 0.0021 0.0068 
      CROC31  3 0.0009 0.0011 0.0166 0.0113 0.0201 0.0025 0.0362 0.0019 0.9037 0.0020 0.0036 
      CROC32  3 0.0011 0.0008 0.0010 0.0021 0.0018 0.0023 0.0096 0.0010 0.9765 0.0021 0.0016 
      CROC33  3 0.0012 0.0025 0.0011 0.0050 0.0103 0.0141 0.0104 0.0014 0.9130 0.0010 0.0399 
      CROC34  3 0.0015 0.0011 0.0022 0.0017 0.0023 0.0020 0.0018 0.0019 0.9797 0.0025 0.0034 
      CROC35  3 0.0005 0.0015 0.0007 0.0084 0.0229 0.0031 0.0082 0.0012 0.9502 0.0016 0.0016 
      CROC36  3 0.0007 0.0010 0.0006 0.0016 0.0012 0.0014 0.0022 0.0015 0.9862 0.0018 0.0017 
      CROC57  3 0.0011 0.0010 0.0008 0.0020 0.0012 0.0019 0.0027 0.0013 0.9800 0.0049 0.0029 
      CROC81  3 0.0011 0.0177 0.0013 0.0032 0.0016 0.0059 0.0061 0.0024 0.9477 0.0022 0.0107 
      CROC84  3 0.0022 0.0050 0.0021 0.0013 0.0032 0.0024 0.0038 0.0009 0.9757 0.0018 0.0015 
        FW01  3 0.0014 0.0016 0.0008 0.0021 0.0012 0.0018 0.9812 0.0013 0.0038 0.0020 0.0027 
        FW02  3 0.0007 0.0006 0.0005 0.0013 0.0010 0.0011 0.0023 0.0012 0.9885 0.0014 0.0014 
        FW03  3 0.0008 0.0008 0.0005 0.0013 0.0011 0.0014 0.9877 0.0010 0.0028 0.0012 0.0015 
        FW04  3 0.0007 0.0006 0.0005 0.0013 0.0010 0.0011 0.0023 0.0012 0.9884 0.0013 0.0014 
        FW05  3 0.0007 0.0006 0.0006 0.0013 0.0010 0.0011 0.0024 0.0012 0.9883 0.0013 0.0014 
        FW06  3 0.0007 0.0006 0.0006 0.0013 0.0010 0.0011 0.0023 0.0012 0.9884 0.0013 0.0014 
        FW07  3 0.0008 0.0008 0.0005 0.0013 0.0011 0.0013 0.9876 0.0010 0.0028 0.0012 0.0015 
        FW08  3 0.0007 0.0006 0.0005 0.0013 0.0010 0.0011 0.0023 0.0012 0.9885 0.0014 0.0014 
        FW09  3 0.0007 0.0006 0.0005 0.0013 0.0010 0.0011 0.0024 0.0012 0.9885 0.0013 0.0014 
        FW10  3 0.0007 0.0009 0.0005 0.0013 0.0010 0.0013 0.9875 0.0010 0.0029 0.0012 0.0017 
       FW100  3 0.0008 0.0008 0.0006 0.0013 0.0011 0.0013 0.9866 0.0010 0.0036 0.0012 0.0016 
       FW101  3 0.0008 0.0009 0.0005 0.0013 0.0011 0.0013 0.9874 0.0011 0.0028 0.0012 0.0017 
       FW102  3 0.0007 0.0006 0.0005 0.0013 0.0010 0.0011 0.0024 0.0013 0.9883 0.0014 0.0014 
       FW103  3 0.0007 0.0006 0.0006 0.0013 0.0010 0.0011 0.0025 0.0012 0.9883 0.0013 0.0014 
       FW104  3 0.0014 0.0015 0.0009 0.0021 0.0012 0.0018 0.9812 0.0013 0.0038 0.0020 0.0026 
       FW105  3 0.0008 0.0008 0.0006 0.0014 0.0011 0.0013 0.9875 0.0010 0.0027 0.0012 0.0016 
       FW106  3 0.0020 0.0027 0.0013 0.0066 0.0039 0.0073 0.0214 0.0542 0.8911 0.0018 0.0076 
       FW107  3 0.0014 0.0016 0.0009 0.0021 0.0012 0.0018 0.9813 0.0014 0.0037 0.0020 0.0026 
       FW108  3 0.0007 0.0006 0.0006 0.0013 0.0010 0.0011 0.0023 0.0012 0.9884 0.0013 0.0014 
       FW109  3 0.0008 0.0008 0.0006 0.0013 0.0011 0.0013 0.9875 0.0010 0.0029 0.0012 0.0016 
        FW11  3 0.0008 0.0009 0.0006 0.0013 0.0011 0.0013 0.9866 0.0010 0.0036 0.0012 0.0016 
       FW110  3 0.0008 0.0008 0.0005 0.0013 0.0010 0.0013 0.9877 0.0010 0.0028 0.0012 0.0015 
       FW111  3 0.0007 0.0006 0.0005 0.0013 0.0010 0.0011 0.0022 0.0012 0.9886 0.0014 0.0014 
       FW112  3 0.0007 0.0008 0.0006 0.0013 0.0012 0.0013 0.9866 0.0010 0.0037 0.0012 0.0017 
       FW113  3 0.0007 0.0006 0.0005 0.0013 0.0010 0.0011 0.0023 0.0013 0.9885 0.0014 0.0014 
       FW114  3 0.0008 0.0009 0.0006 0.0013 0.0014 0.0015 0.9869 0.0011 0.0029 0.0012 0.0015 
       FW115  3 0.0008 0.0008 0.0006 0.0013 0.0011 0.0013 0.9874 0.0010 0.0028 0.0012 0.0017 
       FW116  3 0.0007 0.0006 0.0005 0.0013 0.0010 0.0011 0.0023 0.0012 0.9885 0.0014 0.0014 
        FW12  3 0.0007 0.0006 0.0006 0.0013 0.0010 0.0011 0.0023 0.0013 0.9884 0.0014 0.0014 
        FW13  3 0.0007 0.0006 0.0006 0.0013 0.0010 0.0011 0.0023 0.0012 0.9884 0.0014 0.0014 
        FW14  3 0.0014 0.0016 0.0009 0.0021 0.0012 0.0018 0.9811 0.0013 0.0038 0.0020 0.0026 
        FW15  3 0.0014 0.0016 0.0009 0.0022 0.0012 0.0018 0.9814 0.0013 0.0036 0.0020 0.0026 
        FW16  3 0.0008 0.0008 0.0005 0.0013 0.0011 0.0014 0.9874 0.0011 0.0028 0.0012 0.0016 
        FW17  3 0.0008 0.0008 0.0006 0.0014 0.0011 0.0013 0.9873 0.0010 0.0029 0.0012 0.0016 
        FW18  3 0.0008 0.0009 0.0006 0.0013 0.0011 0.0012 0.9865 0.0010 0.0038 0.0012 0.0017 
        FW19  3 0.0007 0.0006 0.0005 0.0013 0.0010 0.0011 0.0022 0.0012 0.9886 0.0013 0.0014 
        FW20  3 0.0007 0.0006 0.0005 0.0013 0.0010 0.0011 0.0024 0.0013 0.9884 0.0014 0.0014 
        FW21  3 0.0007 0.0006 0.0005 0.0013 0.0010 0.0011 0.0024 0.0013 0.9883 0.0014 0.0014 
        FW22  3 0.0008 0.0008 0.0006 0.0013 0.0011 0.0013 0.9866 0.0010 0.0036 0.0012 0.0016 
        FW23  3 0.0007 0.0006 0.0006 0.0013 0.0010 0.0011 0.0024 0.0012 0.9883 0.0013 0.0014 
        FW24  3 0.0007 0.0006 0.0006 0.0013 0.0010 0.0011 0.0024 0.0013 0.9884 0.0014 0.0014 
        FW25  3 0.0007 0.0006 0.0005 0.0013 0.0010 0.0011 0.0024 0.0013 0.9883 0.0013 0.0014 
        FW26  3 0.0007 0.0006 0.0005 0.0013 0.0010 0.0011 0.0023 0.0012 0.9885 0.0013 0.0014 
        FW27  3 0.0008 0.0008 0.0005 0.0013 0.0011 0.0013 0.9873 0.0010 0.0029 0.0012 0.0017 
        FW28  3 0.0007 0.0006 0.0006 0.0013 0.0010 0.0011 0.0023 0.0012 0.9885 0.0013 0.0014 
        FW29  3 0.0007 0.0006 0.0005 0.0013 0.0010 0.0011 0.0023 0.0013 0.9884 0.0014 0.0014 
        FW30  3 0.0020 0.0028 0.0013 0.0066 0.0039 0.0075 0.0217 0.0541 0.8904 0.0018 0.0078 
        FW32  3 0.0014 0.0016 0.0009 0.0022 0.0012 0.0019 0.9812 0.0013 0.0037 0.0020 0.0026 
        FW33  3 0.0007 0.0006 0.0005 0.0013 0.0010 0.0011 0.0023 0.0014 0.9883 0.0013 0.0014 
        FW34  3 0.0007 0.0006 0.0005 0.0013 0.0010 0.0011 0.0023 0.0012 0.9885 0.0014 0.0014 
        FW35  3 0.0007 0.0006 0.0006 0.0013 0.0010 0.0011 0.0023 0.0012 0.9884 0.0013 0.0014 
        FW36  3 0.0007 0.0006 0.0006 0.0013 0.0010 0.0011 0.0023 0.0012 0.9884 0.0013 0.0014 
        FW37  3 0.0008 0.0009 0.0005 0.0013 0.0011 0.0013 0.9873 0.0010 0.0029 0.0012 0.0016 
        FW51  3 0.0007 0.0006 0.0005 0.0013 0.0010 0.0011 0.0023 0.0012 0.9885 0.0013 0.0014 
        FW52  3 0.0008 0.0008 0.0006 0.0013 0.0011 0.0013 0.9874 0.0010 0.0029 0.0012 0.0017 
        FW53  3 0.0007 0.0006 0.0005 0.0013 0.0010 0.0011 0.0024 0.0012 0.9884 0.0014 0.0014 
        FW54  3 0.0007 0.0009 0.0005 0.0013 0.0010 0.0014 0.9876 0.0010 0.0029 0.0012 0.0015 
        FW55  3 0.0007 0.0006 0.0005 0.0013 0.0010 0.0011 0.0024 0.0012 0.9884 0.0013 0.0014 
        FW56  3 0.0007 0.0006 0.0005 0.0013 0.0010 0.0011 0.0024 0.0012 0.9885 0.0013 0.0014 
        FW57  3 0.0007 0.0006 0.0006 0.0013 0.0010 0.0011 0.0024 0.0012 0.9884 0.0013 0.0014 
        FW78  3 0.0007 0.0006 0.0006 0.0013 0.0010 0.0011 0.0024 0.0012 0.9883 0.0014 0.0014 
        FW79  3 0.0007 0.0006 0.0006 0.0013 0.0010 0.0011 0.0024 0.0012 0.9882 0.0014 0.0014 
        FW80  3 0.0007 0.0006 0.0006 0.0013 0.0010 0.0011 0.0024 0.0012 0.9885 0.0013 0.0014 
        FW81  3 0.0007 0.0008 0.0005 0.0013 0.0011 0.0014 0.9875 0.0010 0.0028 0.0012 0.0015 
        FW82  3 0.0007 0.0008 0.0006 0.0013 0.0011 0.0013 0.9874 0.0010 0.0028 0.0012 0.0017 
        FW83  3 0.0014 0.0016 0.0009 0.0023 0.0012 0.0018 0.9811 0.0013 0.0038 0.0020 0.0027 
        FW84  3 0.0007 0.0006 0.0005 0.0013 0.0010 0.0011 0.0023 0.0012 0.9885 0.0013 0.0014 
        FW85  3 0.0008 0.0009 0.0005 0.0014 0.0011 0.0017 0.9868 0.0010 0.0029 0.0012 0.0016 
        FW86  3 0.0007 0.0009 0.0006 0.0013 0.0011 0.0013 0.9866 0.0010 0.0037 0.0011 0.0016 
        FW87  3 0.0007 0.0008 0.0006 0.0013 0.0011 0.0012 0.9867 0.0010 0.0036 0.0012 0.0016 
        FW88  3 0.0007 0.0006 0.0006 0.0013 0.0010 0.0011 0.0023 0.0012 0.9886 0.0014 0.0014 
        FW89  3 0.0007 0.0006 0.0005 0.0013 0.0010 0.0011 0.0024 0.0012 0.9884 0.0013 0.0014 
        FW90  3 0.0007 0.0006 0.0006 0.0013 0.0010 0.0011 0.0023 0.0012 0.9885 0.0014 0.0014 
        FW91  3 0.0007 0.0008 0.0005 0.0013 0.0011 0.0013 0.9874 0.0010 0.0029 0.0012 0.0017 
        FW92  3 0.0007 0.0006 0.0005 0.0013 0.0010 0.0011 0.0023 0.0012 0.9885 0.0014 0.0014 
        FW93  3 0.0007 0.0006 0.0005 0.0013 0.0010 0.0011 0.0023 0.0013 0.9884 0.0013 0.0014 
        FW94  3 0.0008 0.0008 0.0005 0.0013 0.0011 0.0013 0.9874 0.0010 0.0028 0.0012 0.0016 
        FW95  3 0.0007 0.0006 0.0005 0.0013 0.0010 0.0011 0.0023 0.0012 0.9885 0.0013 0.0014 
        FW96  3 0.0007 0.0006 0.0005 0.0013 0.0010 0.0011 0.0023 0.0012 0.9884 0.0014 0.0014 
        FW97  3 0.0069 0.0021 0.0015 0.0037 0.0023 0.0077 0.0315 0.0026 0.9279 0.0087 0.0051 
        FW98  3 0.0008 0.0008 0.0005 0.0013 0.0010 0.0014 0.9876 0.0010 0.0028 0.0012 0.0015 
        FW99  3 0.0007 0.0006 0.0006 0.0013 0.0010 0.0011 0.0023 0.0012 0.9884 0.0014 0.0014 
       Cal01  3 0.0010 0.0010 0.0011 0.0022 0.0019 0.0014 0.0027 0.0011 0.9802 0.0018 0.0056 
       Cal02  3 0.0011 0.0013 0.0010 0.0035 0.0021 0.0019 0.0030 0.0042 0.9778 0.0020 0.0020 
       Cal03  3 0.0008 0.0019 0.0021 0.0031 0.0017 0.0056 0.0596 0.0017 0.9183 0.0010 0.0041 
       Cal04  3 0.0058 0.0021 0.0009 0.0044 0.0033 0.0052 0.0022 0.0020 0.9694 0.0020 0.0028 
       Cal05  3 0.0008 0.0008 0.0007 0.0012 0.0040 0.0013 0.0115 0.0011 0.9763 0.0010 0.0013 
       Cal06  3 0.0007 0.0010 0.0020 0.0031 0.0084 0.0035 0.0026 0.0026 0.9698 0.0035 0.0028 
       Cal07  3 0.0006 0.0007 0.0006 0.0013 0.0091 0.0014 0.0036 0.0011 0.9788 0.0013 0.0015 
       Cal08  3 0.0019 0.0014 0.0007 0.0019 0.0020 0.0118 0.0107 0.0012 0.9618 0.0035 0.0029 
       Cal09  3 0.0010 0.0032 0.0006 0.0050 0.0239 0.0014 0.0035 0.0015 0.9569 0.0014 0.0018 
       Cal10  3 0.0015 0.0013 0.0011 0.0039 0.0026 0.0047 0.0059 0.0013 0.9721 0.0013 0.0044 
       Cal11  3 0.0014 0.0009 0.0010 0.0021 0.0034 0.0017 0.0059 0.0019 0.9588 0.0208 0.0021 
      Cal197  3 0.0005 0.0006 0.0005 0.0021 0.0020 0.0018 0.0018 0.0014 0.9856 0.0012 0.0025 
      Cal198  3 0.0017 0.0009 0.0141 0.0023 0.0274 0.0024 0.0158 0.0013 0.8821 0.0011 0.0509 
      Cal199  3 0.0474 0.0013 0.0138 0.0017 0.0011 0.0015 0.0103 0.0012 0.9165 0.0015 0.0036 
      Cal200  3 0.0006 0.0012 0.0008 0.0028 0.0030 0.0087 0.1115 0.0011 0.8652 0.0030 0.0021 
      Cal201  3 0.0007 0.0006 0.0005 0.0026 0.0032 0.0015 0.0296 0.0014 0.9567 0.0017 0.0015 
      Cal202  3 0.0036 0.0075 0.0006 0.0125 0.0023 0.0028 0.0049 0.0016 0.9380 0.0014 0.0250 
      Cal203  3 0.0013 0.0010 0.0009 0.0022 0.0014 0.0022 0.0167 0.0016 0.9654 0.0047 0.0026 
      Cal204  3 0.0010 0.0013 0.0010 0.0020 0.0018 0.0020 0.0019 0.0025 0.9816 0.0022 0.0029 
      Cal205  3 0.0010 0.0010 0.0011 0.0028 0.0020 0.0016 0.0041 0.0032 0.9794 0.0010 0.0028 
      Cal206  3 0.0010 0.0023 0.0016 0.0036 0.0013 0.0024 0.0069 0.0023 0.9745 0.0016 0.0027 
      Cal207  3 0.0007 0.0008 0.0263 0.0019 0.0023 0.0012 0.0027 0.0010 0.9563 0.0012 0.0056 
      Cal208  3 0.0010 0.0010 0.0006 0.0019 0.0013 0.0024 0.0028 0.0012 0.9821 0.0016 0.0041 
      Cal209  3 0.0010 0.0009 0.0007 0.0017 0.0011 0.0011 0.0032 0.0012 0.9861 0.0015 0.0016 
      Cal210  3 0.0498 0.0013 0.0123 0.0017 0.0011 0.0015 0.0093 0.0012 0.9168 0.0015 0.0036 
      Cal211  3 0.0008 0.0007 0.0017 0.0016 0.0019 0.0025 0.0032 0.0013 0.9834 0.0014 0.0016 
      Cal212  3 0.0012 0.0011 0.0101 0.0019 0.0017 0.0031 0.0358 0.0016 0.9402 0.0013 0.0020 
      Cal213  3 0.0012 0.0011 0.0035 0.0060 0.0713 0.0156 0.0540 0.0012 0.8029 0.0010 0.0423 
      Cal214  3 0.0243 0.0013 0.0010 0.0181 0.0016 0.0016 0.0020 0.0015 0.9327 0.0017 0.0141 
      Cal215  3 0.0062 0.0031 0.0009 0.0030 0.0017 0.0033 0.0042 0.0013 0.9711 0.0025 0.0028 
      Cal216  3 0.0006 0.0017 0.0086 0.0034 0.0028 0.0025 0.0124 0.0021 0.9579 0.0018 0.0062 
      Cal217  3 0.0006 0.0006 0.0006 0.0017 0.0020 0.0011 0.0031 0.0015 0.9853 0.0015 0.0018 
      Cal218  3 0.0010 0.0009 0.0065 0.0017 0.0018 0.0021 0.0950 0.0015 0.8865 0.0013 0.0016 
      Cal219  3 0.0011 0.0009 0.0008 0.0032 0.0016 0.0023 0.0069 0.0018 0.9781 0.0015 0.0017 
      Cal220  3 0.0015 0.0007 0.0012 0.0022 0.0016 0.0013 0.0022 0.0627 0.9215 0.0023 0.0028 
      Cal221  3 0.0026 0.0011 0.0033 0.0015 0.0018 0.0022 0.0242 0.0013 0.9569 0.0012 0.0039 
      Cal222  3 0.0101 0.0011 0.0036 0.0016 0.0021 0.0019 0.0095 0.0013 0.9633 0.0016 0.0039 
      Cal223  3 0.0018 0.0009 0.0015 0.0043 0.1400 0.0031 0.0351 0.0023 0.7904 0.0026 0.0181 
      Cal224  3 0.0016 0.0082 0.0020 0.0021 0.0025 0.0042 0.0020 0.0010 0.8922 0.0039 0.0801 
       Cal33  3 0.0009 0.0009 0.0011 0.0031 0.0017 0.0020 0.0034 0.0014 0.9826 0.0012 0.0016 
       Cal34  3 0.0011 0.0015 0.0012 0.0031 0.0064 0.0013 0.0036 0.0112 0.9647 0.0014 0.0046 
       Cal35  3 0.0007 0.0009 0.0008 0.0020 0.0024 0.0021 0.0028 0.0015 0.9839 0.0012 0.0016 
       Cal37  3 0.0008 0.0011 0.0140 0.0103 0.0098 0.0058 0.0034 0.0022 0.9499 0.0012 0.0015 
       Cal38  3 0.0009 0.0005 0.0006 0.0015 0.0019 0.0012 0.0026 0.0012 0.9869 0.0013 0.0014 
       Cal39  3 0.0017 0.0019 0.0008 0.0017 0.0022 0.0014 0.0410 0.0012 0.9450 0.0016 0.0016 
       Cal40  3 0.0010 0.0009 0.0007 0.0017 0.0012 0.0011 0.0033 0.0012 0.9859 0.0015 0.0016 
       Cal41  3 0.0010 0.0009 0.0007 0.0015 0.0016 0.0014 0.0025 0.0011 0.9863 0.0015 0.0015 
       Cal42  3 0.0012 0.0011 0.0008 0.0024 0.0011 0.0016 0.0026 0.0010 0.9837 0.0027 0.0019 
       Cal43  3 0.0011 0.0007 0.0021 0.0023 0.0020 0.0018 0.0062 0.0015 0.9784 0.0015 0.0023 
       Cal44  3 0.0016 0.0013 0.0056 0.0018 0.0017 0.0031 0.0568 0.0635 0.8578 0.0023 0.0046 
        BW41  3 0.0016 0.0316 0.0009 0.0040 0.0021 0.0040 0.0078 0.0028 0.9384 0.0017 0.0051 
        BW42  3 0.0009 0.0011 0.0013 0.0064 0.0033 0.0085 0.0174 0.0026 0.9531 0.0020 0.0033 
        BW44  3 0.0009 0.0007 0.0008 0.0020 0.0054 0.0017 0.0248 0.0019 0.9567 0.0022 0.0029 
        BW45  3 0.0006 0.0006 0.0005 0.0014 0.0023 0.0012 0.0127 0.0012 0.9769 0.0013 0.0013 
        BW46  3 0.0009 0.0020 0.0012 0.0057 0.0016 0.0022 0.0567 0.0017 0.9189 0.0014 0.0076 
        BW47  3 0.0009 0.0062 0.0011 0.0017 0.0043 0.0101 0.0026 0.0444 0.9260 0.0012 0.0015 
        BW48  3 0.0032 0.0034 0.0010 0.0054 0.0034 0.0049 0.0962 0.0031 0.8728 0.0026 0.0040 
        BW49  3 0.0008 0.0007 0.0048 0.0021 0.0066 0.0011 0.0021 0.0012 0.9762 0.0025 0.0018 
        BW50  3 0.0009 0.0015 0.0011 0.0019 0.0015 0.0015 0.0055 0.0015 0.9810 0.0017 0.0021 
        BW51  3 0.0009 0.0009 0.0008 0.0024 0.0181 0.0011 0.1061 0.0015 0.8642 0.0013 0.0027 
        BW52  3 0.0009 0.0008 0.0007 0.0018 0.0018 0.0013 0.0030 0.0018 0.9762 0.0097 0.0020 
        BW53  3 0.0007 0.0011 0.0021 0.0030 0.0028 0.0042 0.0034 0.0386 0.9400 0.0013 0.0029 
        BW54  3 0.0017 0.0020 0.0008 0.0022 0.0050 0.1462 0.0094 0.0326 0.7958 0.0020 0.0023 
        BW55  3 0.0014 0.0019 0.0008 0.0031 0.0020 0.0036 0.0479 0.0013 0.9275 0.0034 0.0071 
        BW56  3 0.0007 0.0021 0.0007 0.0018 0.0023 0.0017 0.0019 0.0016 0.9835 0.0016 0.0021 
        BW57  3 0.0007 0.0008 0.0007 0.0035 0.0056 0.0021 0.0030 0.0056 0.9709 0.0013 0.0056 
        BW58  3 0.0009 0.0010 0.0007 0.0033 0.0050 0.0024 0.0094 0.0020 0.9703 0.0012 0.0040 
        BW59  3 0.0008 0.0009 0.0006 0.0022 0.0019 0.0030 0.0043 0.0012 0.9824 0.0012 0.0014 
        BW60  3 0.0008 0.0010 0.0010 0.0017 0.0022 0.0015 0.0063 0.0015 0.9800 0.0019 0.0021 
        BW61  3 0.0010 0.0800 0.0015 0.0198 0.0038 0.0025 0.0506 0.0015 0.8342 0.0026 0.0025 
        BW62  3 0.0009 0.0028 0.0010 0.0022 0.0025 0.0256 0.0899 0.0026 0.8677 0.0015 0.0033 
        BW63  3 0.0011 0.0012 0.0015 0.0041 0.0160 0.1070 0.1095 0.0040 0.7508 0.0015 0.0033 
        BW64  3 0.0007 0.0008 0.0006 0.0018 0.0017 0.0023 0.0055 0.0014 0.9820 0.0015 0.0019 
        BW65  3 0.0018 0.0084 0.0019 0.0106 0.0043 0.0028 0.0506 0.0210 0.8828 0.0028 0.0130 
        BW66  3 0.0012 0.0021 0.0012 0.0017 0.0065 0.0027 0.0258 0.0016 0.9451 0.0093 0.0029 
        BW67  3 0.0007 0.0007 0.0006 0.0013 0.0016 0.0013 0.1513 0.0014 0.8379 0.0015 0.0017 
        BW68  3 0.0010 0.0032 0.0009 0.0045 0.0042 0.0061 0.0075 0.0047 0.9638 0.0013 0.0027 
        BW69  3 0.0017 0.0460 0.0007 0.0025 0.0016 0.0020 0.0122 0.0015 0.9278 0.0019 0.0021 
        BW70  3 0.0013 0.0007 0.0011 0.0019 0.0026 0.0018 0.0367 0.0021 0.9469 0.0020 0.0029 
        BW71  3 0.0007 0.0006 0.0005 0.0014 0.0016 0.0011 0.0020 0.0010 0.9884 0.0014 0.0013 
        BW72  3 0.0014 0.0058 0.0010 0.0048 0.0027 0.0176 0.0028 0.0024 0.9520 0.0028 0.0066 
        BW73  3 0.0012 0.0182 0.0008 0.0236 0.0061 0.0033 0.0025 0.0032 0.9169 0.0223 0.0020 
        BW74  3 0.0020 0.0023 0.0011 0.0076 0.0052 0.0019 0.0643 0.0018 0.9089 0.0016 0.0033 
        BW75  3 0.0009 0.0009 0.0013 0.0080 0.0068 0.0047 0.0021 0.0013 0.9518 0.0178 0.0046 
        BW76  3 0.0023 0.0034 0.0008 0.0026 0.0017 0.0032 0.0065 0.0016 0.9723 0.0023 0.0033 
        BW77  3 0.0006 0.0022 0.0011 0.0233 0.0123 0.0071 0.0853 0.0111 0.8455 0.0021 0.0093 
        BW78  3 0.0025 0.0011 0.0008 0.0017 0.0050 0.0016 0.0077 0.0013 0.9747 0.0019 0.0018 
        BW79  3 0.0010 0.0009 0.0277 0.0023 0.0027 0.0023 0.0027 0.0013 0.9561 0.0014 0.0015 
        BW80  3 0.0007 0.0009 0.0012 0.0023 0.0020 0.0158 0.0183 0.0013 0.9534 0.0016 0.0025 
        BW81  3 0.0006 0.0010 0.0006 0.0041 0.0071 0.0021 0.0143 0.0013 0.9579 0.0014 0.0095 
       BWS05  3 0.0033 0.0231 0.0018 0.0098 0.0052 0.0087 0.1065 0.0155 0.8164 0.0047 0.0049 
       BWS06  3 0.0038 0.0011 0.0011 0.0021 0.0019 0.0019 0.3541 0.0034 0.6251 0.0027 0.0029 
       BWS07  3 0.0009 0.0007 0.0005 0.0254 0.0065 0.0066 0.0036 0.0010 0.9521 0.0010 0.0015 
       BWS08  3 0.0017 0.0106 0.0027 0.0029 0.0194 0.0143 0.0071 0.0023 0.9170 0.0095 0.0125 
       BWS09  3 0.0008 0.0007 0.0007 0.0015 0.0013 0.0013 0.0034 0.0011 0.9851 0.0013 0.0028 
       BWS10  3 0.0016 0.0010 0.0014 0.0023 0.0029 0.0388 0.0218 0.0017 0.9247 0.0016 0.0022 
       BWS11  3 0.0010 0.0008 0.0019 0.0019 0.0013 0.0017 0.0014 0.0013 0.9854 0.0015 0.0018 
       BWS12  3 0.0009 0.0013 0.0016 0.0048 0.0034 0.0039 0.0249 0.0042 0.9444 0.0033 0.0072 
       BWS13  3 0.0010 0.0009 0.0011 0.0021 0.0015 0.0021 0.0882 0.0024 0.8885 0.0018 0.0103 
       BWS14  3 0.0011 0.0022 0.0026 0.0041 0.0026 0.0030 0.1612 0.0042 0.8153 0.0012 0.0024 
       BWS15  3 0.0026 0.0013 0.0050 0.0026 0.0021 0.0024 0.0012 0.0016 0.9742 0.0037 0.0032 
       BWS16  3 0.0012 0.0011 0.0006 0.0020 0.0406 0.0028 0.0033 0.0040 0.9411 0.0014 0.0020 
       BWS17  3 0.0012 0.0024 0.0021 0.0022 0.0020 0.0025 0.0032 0.0018 0.9771 0.0021 0.0034 
       BWS18  3 0.0064 0.0011 0.0008 0.0065 0.0042 0.0031 0.0046 0.0020 0.9291 0.0013 0.0409 
       BWS19  3 0.0042 0.0083 0.0011 0.0262 0.0031 0.0018 0.0098 0.0014 0.9224 0.0015 0.0202 
       BWS20  3 0.0006 0.0008 0.0008 0.0016 0.0111 0.0014 0.0042 0.0009 0.9744 0.0017 0.0024 
       BWS21  3 0.0053 0.0018 0.1399 0.0027 0.0027 0.0025 0.1858 0.0050 0.6402 0.0033 0.0108 
       BWS22  3 0.0009 0.0011 0.0007 0.0028 0.0016 0.0022 0.0170 0.0028 0.9643 0.0015 0.0052 
       BWS23  3 0.0020 0.0012 0.0007 0.0040 0.0035 0.0019 0.0079 0.0014 0.9286 0.0012 0.0475 
       BWS24  3 0.0043 0.0012 0.0312 0.0098 0.0062 0.0049 0.0038 0.0013 0.9317 0.0025 0.0030 
       BWS25  3 0.0010 0.0025 0.0007 0.0130 0.0014 0.0011 0.0024 0.0010 0.9739 0.0013 0.0016 
       BWS26  3 0.0008 0.0014 0.0008 0.0033 0.0027 0.0024 0.0051 0.0025 0.9759 0.0030 0.0020 
       BWS27  3 0.0008 0.0007 0.0006 0.0018 0.0087 0.0083 0.0059 0.0013 0.9689 0.0013 0.0017 
       BWS28  3 0.0010 0.0025 0.0008 0.0129 0.0058 0.0344 0.0391 0.0047 0.8928 0.0014 0.0045 
       BWS29  3 0.0023 0.0037 0.0014 0.0038 0.0039 0.0054 0.1975 0.0021 0.7721 0.0039 0.0040 
       BWS30  3 0.0008 0.0010 0.0007 0.0020 0.0017 0.0011 0.0026 0.0015 0.9827 0.0013 0.0047 
       BWS31  3 0.0010 0.0058 0.0009 0.0024 0.0147 0.0045 0.0054 0.0015 0.9597 0.0012 0.0029 
       BWS32  3 0.0029 0.0009 0.0023 0.0069 0.0088 0.0059 0.0658 0.0020 0.9002 0.0026 0.0017 
       BWS33  3 0.0023 0.0033 0.0022 0.0039 0.0016 0.0218 0.0024 0.0030 0.9522 0.0022 0.0052 
       BWS34  3 0.0012 0.0017 0.0014 0.0029 0.0030 0.0063 0.2448 0.0023 0.7215 0.0047 0.0101 
       BWS35  3 0.0046 0.0014 0.0015 0.0034 0.0047 0.0039 0.0062 0.0041 0.9642 0.0023 0.0036 
       BWS36  3 0.0009 0.0010 0.0008 0.0015 0.0014 0.0013 0.0035 0.0012 0.9820 0.0047 0.0015 
       BWS37  3 0.0013 0.0070 0.0017 0.0036 0.0037 0.0044 0.0455 0.0026 0.9256 0.0014 0.0032 
       BWS38  3 0.0011 0.0013 0.0017 0.0018 0.0027 0.0017 0.0091 0.0013 0.9747 0.0021 0.0025 
       BWS39  3 0.0008 0.0007 0.0014 0.0015 0.0024 0.0013 0.0141 0.0021 0.9723 0.0017 0.0018 
       BWS40  3 0.0018 0.0016 0.0011 0.0017 0.0015 0.0013 0.0044 0.0014 0.9800 0.0030 0.0022 
       BWN01  3 0.0015 0.0017 0.0013 0.0018 0.0054 0.0020 0.0138 0.0014 0.9669 0.0020 0.0023 
       BWN02  3 0.0008 0.0010 0.0007 0.0016 0.0667 0.0018 0.0040 0.0020 0.9183 0.0012 0.0019 
       BWN03  3 0.0019 0.0053 0.0010 0.0053 0.0023 0.0110 0.0025 0.0243 0.9294 0.0069 0.0101 
       BWN04  3 0.0006 0.0020 0.0010 0.0025 0.0047 0.0022 0.0862 0.0029 0.8790 0.0153 0.0033 
        NC01  4 0.0007 0.0008 0.0014 0.0348 0.7766 0.0050 0.0379 0.0048 0.1340 0.0021 0.0020 
        NC02  4 0.0010 0.0023 0.0011 0.0047 0.9188 0.0024 0.0407 0.0020 0.0213 0.0029 0.0029 
        NC03  4 0.0007 0.0008 0.0006 0.0049 0.9639 0.0013 0.0051 0.0016 0.0057 0.0013 0.0142 
        NC04  4 0.0013 0.0010 0.0009 0.0039 0.9654 0.0019 0.0123 0.0010 0.0082 0.0016 0.0025 
        NC05  4 0.0038 0.0017 0.0014 0.0224 0.8928 0.0325 0.0051 0.0020 0.0258 0.0032 0.0092 
        NC06  4 0.0012 0.0151 0.0007 0.0044 0.9056 0.0019 0.0133 0.0021 0.0522 0.0012 0.0022 
        NC07  4 0.0016 0.0008 0.0012 0.0023 0.9650 0.0016 0.0080 0.0012 0.0153 0.0014 0.0016 
        NC08  4 0.0011 0.0013 0.0010 0.0028 0.7943 0.0022 0.1787 0.0013 0.0108 0.0028 0.0039 
        NC09  4 0.0013 0.0009 0.0011 0.0027 0.9384 0.0042 0.0293 0.0018 0.0126 0.0033 0.0045 
        NC10  4 0.0006 0.0008 0.0011 0.0023 0.7142 0.0016 0.1030 0.0025 0.1690 0.0029 0.0020 
        NC11  4 0.0020 0.0017 0.0014 0.0035 0.9073 0.0204 0.0065 0.0035 0.0466 0.0034 0.0037 
        NC12  4 0.0008 0.0030 0.0011 0.0028 0.9601 0.0042 0.0164 0.0014 0.0067 0.0013 0.0021 
        NC13  4 0.0011 0.0007 0.0006 0.0044 0.9362 0.0031 0.0060 0.0017 0.0102 0.0011 0.0348 
        NC14  4 0.0009 0.0010 0.0024 0.0163 0.9090 0.0038 0.0442 0.0023 0.0156 0.0023 0.0023 
        NC15  4 0.0012 0.0017 0.0007 0.0023 0.9433 0.0121 0.0147 0.0014 0.0139 0.0024 0.0063 
        NC16  4 0.0007 0.0008 0.0020 0.0196 0.8753 0.0083 0.0075 0.0028 0.0785 0.0022 0.0022 
        NC18  4 0.0008 0.0010 0.0011 0.0036 0.9262 0.0037 0.0348 0.0015 0.0142 0.0098 0.0032 
        NC19  4 0.0006 0.0009 0.0007 0.0020 0.9760 0.0023 0.0094 0.0012 0.0038 0.0012 0.0019 
        NC20  4 0.0015 0.0024 0.0008 0.0024 0.7325 0.0039 0.1947 0.0019 0.0381 0.0134 0.0084 
        NC21  4 0.0008 0.0010 0.0009 0.0053 0.8385 0.0080 0.1161 0.0031 0.0172 0.0013 0.0078 
        NC22  4 0.0012 0.0023 0.0011 0.0013 0.8197 0.0012 0.1614 0.0015 0.0058 0.0022 0.0022 
        NC23  4 0.0009 0.0008 0.0008 0.0047 0.9243 0.0035 0.0307 0.0030 0.0248 0.0033 0.0033 
        NC24  4 0.0014 0.0013 0.0010 0.0019 0.9777 0.0018 0.0045 0.0013 0.0050 0.0024 0.0017 
      SAND01  4 0.0009 0.0007 0.0007 0.0012 0.0012 0.0015 0.9853 0.0014 0.0042 0.0013 0.0015 
      SAND02  4 0.0009 0.0009 0.0005 0.0013 0.0010 0.0011 0.9858 0.0015 0.0045 0.0012 0.0013 
      SAND03  4 0.0007 0.0006 0.0005 0.0012 0.0010 0.0009 0.9874 0.0011 0.0041 0.0012 0.0014 
      SAND04  4 0.0007 0.0007 0.0005 0.0014 0.0011 0.0010 0.9876 0.0016 0.0027 0.0011 0.0015 
      SAND05  4 0.0008 0.0006 0.0007 0.0013 0.0012 0.0011 0.9868 0.0014 0.0033 0.0013 0.0015 
      SAND06  4 0.0007 0.0007 0.0007 0.0016 0.0015 0.0011 0.9846 0.0018 0.0046 0.0012 0.0014 
      SAND07  4 0.0011 0.0007 0.0007 0.0013 0.0011 0.0012 0.9844 0.0014 0.0050 0.0017 0.0015 
      SAND08  4 0.0006 0.0011 0.0005 0.0015 0.0028 0.0012 0.9833 0.0018 0.0045 0.0014 0.0014 
      SAND09  4 0.0028 0.0011 0.0113 0.0039 0.0167 0.0059 0.8721 0.0053 0.0761 0.0019 0.0029 
      SAND10  4 0.0008 0.0007 0.0005 0.0014 0.0016 0.0014 0.9848 0.0011 0.0045 0.0018 0.0014 
      SAND11  4 0.0007 0.0007 0.0006 0.0013 0.0011 0.0015 0.9856 0.0012 0.0040 0.0015 0.0017 
      SAND12  4 0.0007 0.0006 0.0007 0.0013 0.0012 0.0012 0.9865 0.0013 0.0035 0.0016 0.0015 
      SAND13  4 0.0008 0.0007 0.0005 0.0014 0.0016 0.0014 0.9848 0.0011 0.0045 0.0018 0.0014 
      SAND14  4 0.0010 0.0011 0.0007 0.0015 0.0018 0.0018 0.9781 0.0015 0.0087 0.0020 0.0020 
      SAND15  4 0.0007 0.0006 0.0006 0.0013 0.0013 0.0014 0.9835 0.0022 0.0047 0.0011 0.0025 
      SAND16  4 0.0009 0.0007 0.0019 0.0057 0.0045 0.0027 0.9358 0.0343 0.0102 0.0012 0.0020 
      SAND17  4 0.0009 0.0007 0.0008 0.0013 0.0011 0.0013 0.9848 0.0012 0.0050 0.0014 0.0014 
      SAND18  4 0.0006 0.0007 0.0006 0.0013 0.0011 0.0012 0.9857 0.0012 0.0052 0.0011 0.0014 
      SAND19  4 0.0007 0.0006 0.0006 0.0012 0.0011 0.0010 0.9860 0.0011 0.0053 0.0010 0.0014 
      SAND20  4 0.0009 0.0006 0.0006 0.0011 0.0020 0.0011 0.9844 0.0011 0.0049 0.0018 0.0015 
      SAND21  4 0.0008 0.0007 0.0005 0.0014 0.0013 0.0012 0.9794 0.0015 0.0103 0.0015 0.0014 
      SAND22  4 0.0007 0.0005 0.0006 0.0011 0.0015 0.0011 0.9863 0.0010 0.0046 0.0012 0.0014 
      SAND23  4 0.0007 0.0008 0.0005 0.0014 0.0010 0.0012 0.9826 0.0013 0.0079 0.0011 0.0015 
      SAND24  4 0.0014 0.0073 0.0025 0.0060 0.0025 0.0048 0.0175 0.0029 0.9477 0.0016 0.0059 
      SAND25  4 0.0011 0.0008 0.0010 0.0038 0.0043 0.0023 0.9655 0.0132 0.0041 0.0017 0.0022 
      SAND26  4 0.0007 0.0007 0.0005 0.0012 0.0016 0.0011 0.9866 0.0011 0.0038 0.0012 0.0015 
      SAND27  4 0.0011 0.0012 0.0015 0.0021 0.0110 0.0027 0.9654 0.0020 0.0059 0.0036 0.0037 
      SAND28  4 0.0006 0.0007 0.0005 0.0012 0.0012 0.0011 0.9865 0.0011 0.0039 0.0014 0.0015 
      SAND29  4 0.0006 0.0006 0.0006 0.0013 0.0011 0.0010 0.9832 0.0012 0.0076 0.0013 0.0014 
      SAND30  4 0.0007 0.0006 0.0006 0.0015 0.0019 0.0015 0.9771 0.0021 0.0102 0.0013 0.0026 
      SAND31  4 0.0007 0.0006 0.0010 0.0013 0.0015 0.0015 0.9853 0.0011 0.0036 0.0019 0.0015 
      SAND32  4 0.0007 0.0008 0.0006 0.0016 0.0027 0.0011 0.9858 0.0016 0.0026 0.0012 0.0014 
      SAND33  4 0.0013 0.0009 0.0007 0.0012 0.0014 0.0014 0.9825 0.0016 0.0054 0.0019 0.0018 
      SAND34  4 0.0006 0.0006 0.0007 0.0013 0.0013 0.0014 0.9864 0.0011 0.0039 0.0011 0.0015 
      SAND35  4 0.0015 0.0006 0.0011 0.0017 0.0029 0.0010 0.9611 0.0010 0.0260 0.0012 0.0019 
      SAND36  4 0.0006 0.0007 0.0006 0.0013 0.0011 0.0013 0.9859 0.0012 0.0047 0.0012 0.0014 
      SAND37  4 0.0006 0.0007 0.0006 0.0013 0.0013 0.0013 0.9822 0.0013 0.0080 0.0013 0.0015 
      SAND38  4 0.0009 0.0007 0.0007 0.0015 0.0015 0.0011 0.9838 0.0022 0.0043 0.0017 0.0015 
      SAND39  4 0.0006 0.0007 0.0008 0.0015 0.0025 0.0011 0.9836 0.0011 0.0053 0.0012 0.0016 
      SAND40  4 0.0007 0.0010 0.0008 0.0018 0.0016 0.0018 0.9802 0.0018 0.0061 0.0020 0.0021 
      SAND41  4 0.0008 0.0006 0.0005 0.0012 0.0012 0.0011 0.9870 0.0012 0.0036 0.0013 0.0015 
