        TC01  1 0.0027 0.0010 0.0008 0.0009 0.0048 0.0023 0.0075 0.0016 0.0119 0.0085 0.0064 0.9341 0.0175 
        TC02  1 0.0038 0.0014 0.0013 0.0019 0.0014 0.0019 0.0075 0.0021 0.0039 0.0141 0.0024 0.9515 0.0068 
        TC03  1 0.0039 0.0015 0.0009 0.0017 0.0038 0.0019 0.0041 0.0023 0.0020 0.0033 0.0033 0.9648 0.0067 
        TC04  1 0.0427 0.0008 0.0047 0.0018 0.0101 0.0011 0.0491 0.0020 0.0027 0.0273 0.0227 0.8289 0.0061 
        TC05  1 0.0037 0.0009 0.0012 0.0017 0.0016 0.0008 0.0100 0.0021 0.0014 0.0041 0.0014 0.9678 0.0033 
        TC06  1 0.0971 0.0013 0.0016 0.0025 0.0022 0.0030 0.0071 0.0016 0.0017 0.0052 0.0037 0.8684 0.0046 
        TC07  1 0.0035 0.0006 0.0014 0.0014 0.0031 0.0010 0.0100 0.0026 0.0075 0.0038 0.0016 0.9605 0.0030 
        TC08  1 0.0056 0.0009 0.0016 0.0011 0.0008 0.0008 0.0052 0.0038 0.0019 0.0038 0.0012 0.9687 0.0047 
        TC09  1 0.1006 0.0009 0.0011 0.0012 0.0036 0.0263 0.0044 0.0014 0.0015 0.0094 0.0018 0.8452 0.0026 
        TC10  1 0.0044 0.0008 0.0021 0.0015 0.0195 0.0485 0.0025 0.0014 0.0066 0.0023 0.0014 0.8923 0.0167 
        TC11  1 0.0022 0.0007 0.0008 0.0006 0.0010 0.0013 0.0028 0.0018 0.0051 0.0021 0.0018 0.9738 0.0058 
        TC12  1 0.0095 0.0040 0.0018 0.0010 0.0088 0.0012 0.0185 0.0030 0.0047 0.0096 0.0082 0.9126 0.0171 
        TC13  1 0.0048 0.0005 0.0011 0.0012 0.0009 0.0038 0.0030 0.0015 0.0016 0.0026 0.0013 0.9729 0.0047 
        TC14  1 0.0393 0.0012 0.0012 0.0075 0.0021 0.0194 0.0057 0.0068 0.0030 0.0148 0.0063 0.8831 0.0094 
        TC15  1 0.0482 0.0010 0.0022 0.0105 0.0028 0.0103 0.0063 0.0022 0.0013 0.0067 0.0029 0.8986 0.0072 
        TC16  1 0.1240 0.0016 0.0031 0.0013 0.0068 0.0334 0.0099 0.0064 0.0018 0.0209 0.0034 0.7826 0.0048 
        TC17  1 0.0123 0.0044 0.0042 0.0023 0.0019 0.0437 0.0521 0.0089 0.0040 0.0600 0.0053 0.7845 0.0161 
        TC18  1 0.0060 0.0059 0.0017 0.0008 0.0035 0.0027 0.0134 0.0050 0.0035 0.0023 0.0295 0.9041 0.0218 
        TC19  1 0.0044 0.0013 0.0011 0.0007 0.0011 0.0110 0.0028 0.0016 0.0018 0.0043 0.0013 0.9635 0.0052 
        TC20  1 0.0046 0.0006 0.0011 0.0010 0.0010 0.0039 0.0036 0.0020 0.0017 0.0043 0.0047 0.9661 0.0054 
        TC21  1 0.0168 0.0018 0.0093 0.0009 0.0024 0.0010 0.1429 0.0106 0.0066 0.0025 0.0217 0.7774 0.0062 
        TC22  1 0.0076 0.0043 0.0148 0.0043 0.0015 0.0008 0.0059 0.0020 0.0026 0.0024 0.0018 0.9275 0.0246 
        TC23  1 0.0039 0.0016 0.0008 0.0015 0.0037 0.0017 0.0029 0.0021 0.0045 0.0046 0.0021 0.9659 0.0048 
        TC24  1 0.0026 0.0006 0.0006 0.0006 0.0012 0.0027 0.0024 0.0028 0.0011 0.0021 0.0010 0.9794 0.0028 
        TC25  1 0.0780 0.0020 0.0023 0.0017 0.0078 0.0100 0.0053 0.0039 0.0185 0.0019 0.0301 0.8338 0.0047 
        TC26  1 0.0079 0.0010 0.0009 0.0024 0.0018 0.0303 0.0044 0.0022 0.0013 0.0029 0.0014 0.9405 0.0032 
        TC27  1 0.0092 0.0007 0.0011 0.0012 0.0014 0.0015 0.0094 0.0034 0.0016 0.0026 0.0021 0.9066 0.0591 
        TC28  1 0.0174 0.0008 0.0033 0.0011 0.0083 0.0027 0.0094 0.0028 0.0023 0.0055 0.0042 0.9373 0.0049 
        TC29  1 0.0162 0.0025 0.0008 0.0010 0.0038 0.0032 0.0208 0.0041 0.0042 0.0125 0.0055 0.9225 0.0029 
        TC30  1 0.0076 0.0011 0.0011 0.0008 0.0014 0.0029 0.0039 0.0020 0.0017 0.0083 0.0015 0.9627 0.0050 
        TC31  1 0.0034 0.0074 0.0056 0.0008 0.0017 0.0012 0.0059 0.0039 0.0184 0.0028 0.0115 0.9269 0.0105 
        TC32  1 0.0704 0.0007 0.0367 0.0016 0.0022 0.0046 0.0093 0.0022 0.0023 0.0029 0.0023 0.8611 0.0038 
        TC33  1 0.0037 0.0011 0.0009 0.0019 0.0020 0.0017 0.0042 0.0042 0.0069 0.0021 0.0021 0.9637 0.0056 
        TC34  1 0.0388 0.0027 0.0016 0.0016 0.0016 0.0062 0.0047 0.0065 0.0019 0.0025 0.0017 0.9170 0.0133 
        TC35  1 0.0069 0.0026 0.0042 0.0007 0.0011 0.0028 0.0058 0.0023 0.0107 0.0312 0.0062 0.9062 0.0191 
        TC36  1 0.0042 0.0008 0.0014 0.0010 0.0040 0.0024 0.0068 0.0021 0.0019 0.0049 0.0018 0.9623 0.0064 
        TC37  1 0.0018 0.0009 0.0031 0.0011 0.0013 0.0011 0.0043 0.0036 0.0022 0.0093 0.0021 0.9643 0.0050 
        TC38  1 0.0474 0.0015 0.0008 0.0008 0.0033 0.0119 0.0075 0.0020 0.0042 0.0295 0.0241 0.8639 0.0031 
        TC39  1 0.0484 0.0014 0.0013 0.0016 0.0020 0.0610 0.0043 0.0021 0.0020 0.0233 0.0031 0.8460 0.0034 
        TC40  1 0.0232 0.0017 0.0018 0.0016 0.0045 0.0066 0.0054 0.0131 0.0018 0.0040 0.0024 0.9271 0.0068 
        TC41  1 0.0027 0.0070 0.0093 0.0009 0.0012 0.0016 0.0038 0.0026 0.0018 0.0024 0.0017 0.9612 0.0038 
        TC42  1 0.0077 0.0008 0.0006 0.0011 0.0014 0.0016 0.0039 0.0016 0.0011 0.0050 0.0012 0.9681 0.0060 
        TC43  1 0.0066 0.0007 0.0012 0.0012 0.0015 0.0012 0.0033 0.0021 0.0015 0.0077 0.0022 0.9656 0.0053 
        TC44  1 0.0242 0.0013 0.0011 0.0012 0.0024 0.0075 0.0050 0.0018 0.0045 0.0230 0.0019 0.9103 0.0159 
        TC45  1 0.0018 0.0009 0.0019 0.0018 0.0011 0.0074 0.0041 0.0012 0.0018 0.0039 0.0082 0.9629 0.0030 
        TC46  1 0.0030 0.0038 0.0024 0.0012 0.0042 0.0031 0.0068 0.0028 0.0016 0.0025 0.0055 0.9529 0.0103 
        TC47  1 0.0115 0.0010 0.0016 0.0008 0.0017 0.0080 0.0036 0.0022 0.0022 0.0057 0.0020 0.9433 0.0164 
        TC48  1 0.0047 0.0014 0.0028 0.0044 0.0022 0.0045 0.0130 0.0243 0.0019 0.0052 0.0078 0.9153 0.0125 
        TC49  1 0.0030 0.0008 0.0018 0.0014 0.0010 0.0019 0.0087 0.0027 0.0030 0.0024 0.0020 0.9655 0.0059 
        TC50  1 0.0036 0.0022 0.0020 0.0071 0.0017 0.0014 0.0049 0.0039 0.0026 0.0034 0.0035 0.9471 0.0166 
        TC51  1 0.0382 0.0012 0.0013 0.0015 0.0019 0.0015 0.0067 0.0019 0.0060 0.0026 0.0025 0.9283 0.0064 
        TC52  1 0.0049 0.0008 0.0008 0.0010 0.0331 0.0024 0.0042 0.0023 0.0012 0.0018 0.0057 0.9388 0.0030 
        TC53  1 0.0070 0.0045 0.0009 0.0012 0.0010 0.0019 0.0094 0.0018 0.0011 0.0143 0.0011 0.9436 0.0123 
        TC54  1 0.0131 0.0011 0.0017 0.0044 0.0018 0.0033 0.0104 0.0196 0.0026 0.0034 0.0030 0.9261 0.0094 
        TC55  1 0.0082 0.0006 0.0043 0.0064 0.0068 0.0219 0.0082 0.0035 0.0019 0.0033 0.0036 0.9244 0.0067 
        TC56  1 0.0055 0.0019 0.0015 0.0037 0.0021 0.0011 0.0067 0.0122 0.0045 0.0098 0.0131 0.9276 0.0102 
        TC57  1 0.0030 0.0021 0.0024 0.0019 0.0017 0.0061 0.0091 0.0041 0.0022 0.0133 0.0019 0.9263 0.0258 
        TC58  1 0.0040 0.0011 0.0013 0.0020 0.0022 0.0068 0.0042 0.0016 0.0151 0.0033 0.0019 0.9503 0.0062 
        TC59  1 0.0037 0.0007 0.0008 0.0007 0.0013 0.0013 0.0038 0.0021 0.0021 0.0031 0.0011 0.9742 0.0050 
        TA01  2 0.0096 0.0008 0.0009 0.0051 0.0009 0.0088 0.0038 0.0020 0.0023 0.0152 0.0014 0.9434 0.0061 
        TA02  2 0.0032 0.0007 0.0011 0.0009 0.0034 0.0015 0.0055 0.0062 0.0013 0.0252 0.0017 0.9457 0.0036 
        TA03  2 0.0052 0.0015 0.0018 0.0037 0.0015 0.0029 0.0045 0.0039 0.0022 0.0853 0.0019 0.8576 0.0280 
        TA04  2 0.2517 0.0014 0.0047 0.0019 0.0027 0.0014 0.0039 0.0020 0.0016 0.2751 0.0015 0.4432 0.0086 
        TA05  2 0.0033 0.0008 0.0010 0.0016 0.0016 0.0013 0.0046 0.0029 0.0022 0.0050 0.0025 0.9671 0.0060 
        TA06  2 0.0096 0.0007 0.0013 0.0017 0.0012 0.0060 0.0019 0.0015 0.0024 0.0061 0.0013 0.9617 0.0044 
        TA07  2 0.0028 0.0030 0.0011 0.0018 0.0019 0.0016 0.0236 0.0056 0.0050 0.3425 0.0022 0.6022 0.0066 
        TA08  2 0.0194 0.0008 0.0007 0.0016 0.0009 0.0036 0.0025 0.0020 0.0015 0.0300 0.0029 0.8867 0.0474 
        TA09  2 0.0062 0.0008 0.0007 0.0009 0.0028 0.0026 0.0030 0.0018 0.0014 0.0294 0.0011 0.9445 0.0047 
        TA10  2 0.0054 0.0017 0.0011 0.0028 0.0013 0.0036 0.0080 0.0020 0.0563 0.0170 0.0017 0.8926 0.0066 
        TA11  2 0.0086 0.0204 0.0039 0.0027 0.0011 0.0769 0.0048 0.0029 0.0455 0.0086 0.0040 0.8019 0.0187 
        TA12  2 0.0029 0.0021 0.0011 0.0193 0.0011 0.0023 0.0198 0.0028 0.0075 0.0209 0.0015 0.8985 0.0203 
        TA13  2 0.0557 0.0057 0.0017 0.0231 0.0021 0.0011 0.0637 0.0043 0.0186 0.0089 0.0020 0.8041 0.0090 
        TA14  2 0.0076 0.0005 0.0009 0.0014 0.0022 0.0034 0.0029 0.0032 0.0011 0.0337 0.0010 0.9390 0.0033 
        TA15  2 0.0075 0.0007 0.0011 0.0022 0.0010 0.0011 0.0035 0.0020 0.0019 0.0117 0.0010 0.9627 0.0035 
        TA16  2 0.0300 0.0005 0.0008 0.0017 0.0018 0.0049 0.0126 0.0018 0.0248 0.0299 0.0015 0.8836 0.0061 
        TA17  2 0.0057 0.0009 0.0013 0.0031 0.0015 0.0015 0.0065 0.0038 0.0017 0.0030 0.0013 0.9493 0.0204 
        TA18  2 0.0038 0.0016 0.0612 0.0038 0.0014 0.0008 0.0031 0.0019 0.0078 0.0035 0.0012 0.9045 0.0053 
        TA19  2 0.0298 0.0024 0.0056 0.0015 0.0020 0.0020 0.0051 0.0024 0.0049 0.0060 0.0015 0.8692 0.0676 
        TA20  2 0.0038 0.0024 0.0012 0.0012 0.0010 0.0058 0.0102 0.0263 0.0018 0.0053 0.0022 0.9331 0.0057 
        TA21  2 0.0103 0.0008 0.0011 0.0038 0.0018 0.0408 0.0076 0.0047 0.0026 0.0125 0.0022 0.9056 0.0062 
        TA22  2 0.0125 0.0020 0.0012 0.0058 0.0010 0.0012 0.0027 0.0055 0.0012 0.0053 0.0014 0.9568 0.0033 
        TA23  2 0.0166 0.0006 0.0010 0.0019 0.0009 0.0018 0.0026 0.0021 0.0016 0.0179 0.0013 0.9475 0.0041 
        TA24  2 0.0048 0.0017 0.0016 0.0014 0.0019 0.0011 0.0131 0.0022 0.0016 0.0034 0.0015 0.9507 0.0152 
        TA25  2 0.0069 0.0017 0.0013 0.0025 0.0011 0.0016 0.0075 0.0013 0.1415 0.0027 0.0014 0.8235 0.0070 
        TA26  2 0.0149 0.0012 0.0009 0.0046 0.0009 0.0491 0.0047 0.0031 0.0042 0.0277 0.0047 0.8733 0.0108 
        TA27  2 0.0049 0.0014 0.0011 0.0027 0.0015 0.0016 0.0085 0.0026 0.0020 0.0051 0.0012 0.9584 0.0091 
        TA28  2 0.0050 0.0011 0.0042 0.0009 0.0078 0.0035 0.0111 0.0133 0.0015 0.0329 0.0078 0.9066 0.0044 
        TA29  2 0.0157 0.0012 0.0012 0.0021 0.0013 0.0016 0.0037 0.0019 0.0022 0.0035 0.0015 0.9473 0.0169 
        TA30  2 0.0885 0.0013 0.0025 0.0027 0.0018 0.1534 0.0071 0.0055 0.0025 0.0252 0.0022 0.6850 0.0223 
      BERM01  3 0.9802 0.0005 0.0008 0.0014 0.0007 0.0018 0.0024 0.0018 0.0014 0.0026 0.0011 0.0023 0.0030 
      BERM02  3 0.9746 0.0007 0.0013 0.0011 0.0008 0.0025 0.0026 0.0016 0.0013 0.0052 0.0014 0.0043 0.0025 
      BERM03  3 0.9767 0.0011 0.0008 0.0010 0.0009 0.0026 0.0033 0.0017 0.0017 0.0024 0.0013 0.0022 0.0044 
      BERM04  3 0.9751 0.0006 0.0007 0.0011 0.0011 0.0039 0.0024 0.0015 0.0021 0.0023 0.0015 0.0016 0.0060 
      BERM05  3 0.9732 0.0018 0.0008 0.0023 0.0018 0.0018 0.0029 0.0022 0.0023 0.0021 0.0022 0.0016 0.0052 
      BERM06  3 0.9532 0.0005 0.0016 0.0011 0.0015 0.0191 0.0027 0.0014 0.0011 0.0084 0.0018 0.0029 0.0047 
      BERM07  3 0.9717 0.0007 0.0008 0.0008 0.0009 0.0032 0.0026 0.0018 0.0020 0.0040 0.0014 0.0041 0.0059 
      BERM08  3 0.9813 0.0005 0.0006 0.0010 0.0007 0.0010 0.0020 0.0011 0.0013 0.0032 0.0015 0.0025 0.0033 
      BERM09  3 0.7556 0.0011 0.0014 0.0006 0.0007 0.0017 0.0025 0.0014 0.0015 0.2242 0.0009 0.0050 0.0034 
      BERM10  3 0.9420 0.0010 0.0009 0.0010 0.0010 0.0149 0.0076 0.0016 0.0014 0.0032 0.0025 0.0068 0.0160 
      BERM11  3 0.8995 0.0005 0.0010 0.0009 0.0009 0.0023 0.0024 0.0018 0.0021 0.0801 0.0018 0.0033 0.0033 
      BERM12  3 0.9105 0.0007 0.0009 0.0015 0.0034 0.0045 0.0021 0.0019 0.0026 0.0091 0.0311 0.0051 0.0266 
      BERM13  3 0.9757 0.0006 0.0017 0.0008 0.0016 0.0008 0.0027 0.0016 0.0016 0.0050 0.0012 0.0028 0.0040 
      BERM14  3 0.9497 0.0014 0.0007 0.0008 0.0014 0.0227 0.0026 0.0015 0.0023 0.0062 0.0012 0.0054 0.0042 
      CROC01  3 0.9284 0.0070 0.0075 0.0016 0.0043 0.0013 0.0069 0.0188 0.0025 0.0043 0.0022 0.0031 0.0120 
      CROC02  3 0.8872 0.0012 0.0084 0.0034 0.0110 0.0241 0.0107 0.0042 0.0032 0.0319 0.0060 0.0045 0.0041 
      CROC03  3 0.8395 0.0009 0.0012 0.0014 0.0022 0.0088 0.0038 0.0029 0.0022 0.1182 0.0062 0.0034 0.0093 
      CROC04  3 0.8202 0.0015 0.0015 0.0010 0.0026 0.0011 0.0055 0.0017 0.0017 0.0022 0.0011 0.1553 0.0047 
      CROC05  3 0.9709 0.0007 0.0007 0.0010 0.0025 0.0068 0.0032 0.0016 0.0027 0.0038 0.0014 0.0019 0.0030 
      CROC06  3 0.8834 0.0012 0.0044 0.0141 0.0078 0.0054 0.0107 0.0071 0.0326 0.0055 0.0028 0.0195 0.0056 
      CROC07  3 0.9652 0.0018 0.0026 0.0010 0.0011 0.0022 0.0029 0.0016 0.0014 0.0099 0.0014 0.0043 0.0045 
      CROC08  3 0.9339 0.0071 0.0009 0.0041 0.0012 0.0021 0.0050 0.0252 0.0045 0.0029 0.0039 0.0031 0.0061 
      CROC09  3 0.9518 0.0007 0.0009 0.0011 0.0020 0.0141 0.0044 0.0079 0.0013 0.0086 0.0026 0.0018 0.0028 
      CROC10  3 0.9774 0.0006 0.0011 0.0016 0.0009 0.0015 0.0027 0.0012 0.0027 0.0034 0.0016 0.0021 0.0031 
      CROC11  3 0.9511 0.0007 0.0009 0.0011 0.0021 0.0144 0.0044 0.0075 0.0013 0.0094 0.0025 0.0019 0.0027 
     CROC110  3 0.9171 0.0007 0.0010 0.0007 0.0021 0.0054 0.0387 0.0035 0.0014 0.0161 0.0012 0.0067 0.0054 
     CROC116  3 0.8974 0.0021 0.0021 0.0368 0.0091 0.0151 0.0069 0.0033 0.0018 0.0048 0.0047 0.0096 0.0062 
      CROC12  3 0.9775 0.0006 0.0010 0.0011 0.0009 0.0026 0.0043 0.0016 0.0013 0.0016 0.0013 0.0032 0.0030 
     CROC123  3 0.9783 0.0005 0.0007 0.0007 0.0009 0.0049 0.0022 0.0012 0.0010 0.0029 0.0014 0.0025 0.0025 
      CROC13  3 0.9589 0.0010 0.0006 0.0022 0.0009 0.0140 0.0025 0.0017 0.0024 0.0029 0.0059 0.0022 0.0048 
      CROC14  3 0.8721 0.0004 0.0009 0.0008 0.0010 0.0133 0.0096 0.0029 0.0834 0.0067 0.0017 0.0048 0.0023 
      CROC15  3 0.8401 0.0006 0.0008 0.0009 0.1258 0.0018 0.0058 0.0054 0.0055 0.0019 0.0037 0.0027 0.0048 
      CROC16  3 0.9098 0.0009 0.0012 0.0158 0.0059 0.0215 0.0067 0.0063 0.0019 0.0039 0.0203 0.0018 0.0039 
      CROC17  3 0.8875 0.0005 0.0008 0.0006 0.0007 0.0016 0.0077 0.0012 0.0012 0.0018 0.0014 0.0922 0.0028 
      CROC18  3 0.9361 0.0105 0.0127 0.0033 0.0016 0.0027 0.0040 0.0020 0.0014 0.0027 0.0132 0.0054 0.0045 
      CROC19  3 0.9437 0.0025 0.0023 0.0008 0.0017 0.0010 0.0115 0.0024 0.0026 0.0060 0.0018 0.0087 0.0150 
     CROC198  3 0.9406 0.0011 0.0008 0.0012 0.0007 0.0291 0.0033 0.0018 0.0022 0.0046 0.0014 0.0021 0.0111 
      CROC20  3 0.9531 0.0008 0.0028 0.0029 0.0025 0.0049 0.0078 0.0047 0.0022 0.0066 0.0036 0.0022 0.0058 
     CROC202  3 0.9557 0.0035 0.0010 0.0016 0.0013 0.0076 0.0028 0.0017 0.0027 0.0023 0.0099 0.0028 0.0072 
      CROC21  3 0.9722 0.0006 0.0010 0.0012 0.0010 0.0015 0.0044 0.0019 0.0019 0.0044 0.0020 0.0042 0.0038 
     CROC216  3 0.9113 0.0011 0.0021 0.0011 0.0307 0.0012 0.0106 0.0042 0.0019 0.0117 0.0026 0.0175 0.0041 
      CROC22  3 0.8769 0.0014 0.0013 0.0011 0.0012 0.0204 0.0220 0.0015 0.0020 0.0222 0.0023 0.0068 0.0409 
      CROC23  3 0.9615 0.0006 0.0013 0.0030 0.0009 0.0010 0.0034 0.0020 0.0014 0.0066 0.0018 0.0128 0.0037 
      CROC24  3 0.9496 0.0010 0.0007 0.0012 0.0015 0.0186 0.0035 0.0025 0.0015 0.0086 0.0048 0.0032 0.0033 
      CROC25  3 0.9745 0.0007 0.0012 0.0007 0.0013 0.0036 0.0024 0.0018 0.0019 0.0044 0.0012 0.0027 0.0037 
     CROC259  3 0.9229 0.0008 0.0007 0.0020 0.0011 0.0019 0.0033 0.0019 0.0186 0.0049 0.0021 0.0348 0.0050 
      CROC26  3 0.8687 0.0010 0.0008 0.0013 0.0012 0.0023 0.0025 0.0027 0.0026 0.0033 0.0019 0.1029 0.0088 
      CROC27  3 0.8584 0.0008 0.0012 0.0018 0.0022 0.0072 0.0050 0.0083 0.0019 0.0908 0.0019 0.0125 0.0080 
      CROC28  3 0.8359 0.0006 0.0006 0.0011 0.0010 0.0837 0.0031 0.0019 0.0020 0.0186 0.0013 0.0470 0.0032 
      CROC29  3 0.9668 0.0008 0.0010 0.0013 0.0017 0.0031 0.0043 0.0037 0.0015 0.0065 0.0017 0.0033 0.0043 
      CROC30  3 0.9213 0.0010 0.0047 0.0042 0.0110 0.0061 0.0217 0.0085 0.0022 0.0037 0.0050 0.0064 0.0041 
      CROC31  3 0.8732 0.0009 0.0012 0.0472 0.0015 0.0039 0.0105 0.0029 0.0019 0.0307 0.0016 0.0211 0.0034 
      CROC32  3 0.9491 0.0010 0.0009 0.0009 0.0009 0.0291 0.0034 0.0013 0.0021 0.0032 0.0013 0.0028 0.0042 
      CROC33  3 0.8918 0.0010 0.0014 0.0008 0.0037 0.0012 0.0129 0.0365 0.0010 0.0293 0.0030 0.0125 0.0049 
      CROC34  3 0.9713 0.0007 0.0011 0.0012 0.0013 0.0012 0.0028 0.0028 0.0025 0.0027 0.0017 0.0036 0.0070 
      CROC35  3 0.9106 0.0005 0.0007 0.0006 0.0006 0.0016 0.0233 0.0012 0.0015 0.0292 0.0021 0.0260 0.0022 
      CROC36  3 0.9801 0.0007 0.0008 0.0012 0.0010 0.0031 0.0022 0.0013 0.0018 0.0019 0.0015 0.0017 0.0027 
      CROC57  3 0.9725 0.0014 0.0008 0.0011 0.0011 0.0016 0.0032 0.0023 0.0047 0.0038 0.0015 0.0019 0.0040 
      CROC81  3 0.9238 0.0027 0.0021 0.0023 0.0031 0.0098 0.0050 0.0093 0.0021 0.0043 0.0291 0.0025 0.0037 
      CROC84  3 0.9641 0.0005 0.0005 0.0018 0.0020 0.0021 0.0018 0.0012 0.0013 0.0048 0.0066 0.0040 0.0092 
        FW01  3 0.0016 0.0006 0.0006 0.0006 0.0007 0.9836 0.0020 0.0014 0.0013 0.0018 0.0013 0.0013 0.0031 
        FW02  3 0.9824 0.0005 0.0007 0.0006 0.0007 0.0012 0.0019 0.0012 0.0013 0.0041 0.0009 0.0015 0.0029 
        FW03  3 0.0015 0.0004 0.0005 0.0006 0.0007 0.9862 0.0017 0.0011 0.0010 0.0015 0.0010 0.0012 0.0025 
        FW04  3 0.9825 0.0005 0.0007 0.0006 0.0007 0.0013 0.0020 0.0012 0.0013 0.0041 0.0009 0.0015 0.0028 
        FW05  3 0.9824 0.0005 0.0007 0.0006 0.0007 0.0013 0.0020 0.0012 0.0013 0.0042 0.0009 0.0015 0.0028 
        FW06  3 0.9822 0.0005 0.0007 0.0006 0.0007 0.0013 0.0019 0.0012 0.0013 0.0043 0.0009 0.0015 0.0029 
        FW07  3 0.0015 0.0004 0.0005 0.0005 0.0007 0.9862 0.0016 0.0011 0.0011 0.0015 0.0010 0.0012 0.0026 
        FW08  3 0.9825 0.0005 0.0007 0.0006 0.0007 0.0013 0.0019 0.0011 0.0013 0.0041 0.0009 0.0015 0.0028 
        FW09  3 0.9825 0.0005 0.0007 0.0006 0.0007 0.0012 0.0019 0.0012 0.0013 0.0041 0.0009 0.0015 0.0029 
        FW10  3 0.0015 0.0004 0.0005 0.0006 0.0007 0.9861 0.0017 0.0012 0.0011 0.0015 0.0010 0.0012 0.0025 
       FW100  3 0.0016 0.0004 0.0006 0.0006 0.0006 0.9859 0.0016 0.0011 0.0011 0.0016 0.0011 0.0013 0.0025 
       FW101  3 0.0015 0.0005 0.0005 0.0006 0.0007 0.9860 0.0017 0.0011 0.0011 0.0016 0.0010 0.0012 0.0026 
       FW102  3 0.9824 0.0006 0.0007 0.0006 0.0007 0.0012 0.0019 0.0012 0.0013 0.0041 0.0009 0.0015 0.0029 
       FW103  3 0.9824 0.0006 0.0007 0.0006 0.0007 0.0012 0.0019 0.0012 0.0013 0.0041 0.0009 0.0015 0.0029 
       FW104  3 0.0017 0.0006 0.0006 0.0006 0.0007 0.9834 0.0020 0.0014 0.0013 0.0018 0.0013 0.0013 0.0032 
       FW105  3 0.0015 0.0005 0.0005 0.0005 0.0007 0.9860 0.0017 0.0011 0.0011 0.0016 0.0011 0.0012 0.0025 
       FW106  3 0.8815 0.0008 0.0322 0.0024 0.0050 0.0041 0.0120 0.0067 0.0018 0.0319 0.0051 0.0062 0.0103 
       FW107  3 0.0017 0.0006 0.0006 0.0006 0.0007 0.9835 0.0020 0.0014 0.0013 0.0018 0.0013 0.0013 0.0031 
       FW108  3 0.9824 0.0005 0.0007 0.0006 0.0007 0.0013 0.0020 0.0012 0.0013 0.0040 0.0009 0.0015 0.0029 
       FW109  3 0.0015 0.0005 0.0005 0.0006 0.0007 0.9861 0.0016 0.0011 0.0010 0.0015 0.0010 0.0012 0.0025 
        FW11  3 0.0017 0.0004 0.0006 0.0006 0.0006 0.9859 0.0017 0.0011 0.0011 0.0016 0.0010 0.0012 0.0025 
       FW110  3 0.0015 0.0004 0.0005 0.0006 0.0007 0.9861 0.0016 0.0011 0.0011 0.0016 0.0010 0.0012 0.0025 
       FW111  3 0.9823 0.0005 0.0007 0.0006 0.0007 0.0013 0.0020 0.0012 0.0013 0.0042 0.0009 0.0015 0.0029 
       FW112  3 0.0017 0.0004 0.0005 0.0006 0.0006 0.9859 0.0016 0.0012 0.0011 0.0015 0.0010 0.0012 0.0026 
       FW113  3 0.9824 0.0005 0.0007 0.0006 0.0007 0.0013 0.0020 0.0012 0.0013 0.0040 0.0009 0.0015 0.0029 
       FW114  3 0.0018 0.0005 0.0007 0.0007 0.0010 0.9819 0.0021 0.0013 0.0010 0.0020 0.0011 0.0033 0.0026 
       FW115  3 0.0015 0.0004 0.0005 0.0006 0.0007 0.9861 0.0017 0.0011 0.0011 0.0015 0.0010 0.0012 0.0025 
       FW116  3 0.9824 0.0005 0.0007 0.0006 0.0007 0.0013 0.0020 0.0011 0.0013 0.0042 0.0009 0.0015 0.0029 
        FW12  3 0.9823 0.0005 0.0007 0.0006 0.0007 0.0012 0.0020 0.0012 0.0013 0.0042 0.0009 0.0015 0.0029 
        FW13  3 0.9825 0.0005 0.0007 0.0006 0.0007 0.0012 0.0019 0.0012 0.0013 0.0041 0.0009 0.0015 0.0029 
        FW14  3 0.0017 0.0006 0.0006 0.0006 0.0007 0.9834 0.0020 0.0014 0.0013 0.0019 0.0013 0.0013 0.0031 
        FW15  3 0.0017 0.0006 0.0006 0.0006 0.0007 0.9836 0.0021 0.0014 0.0013 0.0018 0.0012 0.0013 0.0030 
        FW16  3 0.0015 0.0005 0.0005 0.0006 0.0007 0.9861 0.0016 0.0011 0.0011 0.0016 0.0010 0.0012 0.0025 
        FW17  3 0.0015 0.0004 0.0005 0.0006 0.0007 0.9862 0.0017 0.0011 0.0010 0.0015 0.0011 0.0012 0.0025 
        FW18  3 0.0017 0.0004 0.0006 0.0005 0.0007 0.9859 0.0016 0.0011 0.0010 0.0016 0.0010 0.0012 0.0025 
        FW19  3 0.9822 0.0005 0.0007 0.0006 0.0007 0.0012 0.0019 0.0012 0.0013 0.0042 0.0009 0.0015 0.0029 
        FW20  3 0.9825 0.0005 0.0007 0.0006 0.0007 0.0012 0.0019 0.0012 0.0014 0.0040 0.0009 0.0015 0.0028 
        FW21  3 0.9823 0.0005 0.0007 0.0006 0.0007 0.0013 0.0020 0.0012 0.0013 0.0041 0.0009 0.0015 0.0029 
        FW22  3 0.0016 0.0004 0.0005 0.0006 0.0007 0.9859 0.0017 0.0011 0.0011 0.0016 0.0010 0.0013 0.0026 
        FW23  3 0.9821 0.0005 0.0007 0.0006 0.0007 0.0013 0.0020 0.0012 0.0013 0.0044 0.0009 0.0015 0.0029 
        FW24  3 0.9824 0.0005 0.0007 0.0006 0.0007 0.0012 0.0020 0.0012 0.0013 0.0041 0.0009 0.0015 0.0028 
        FW25  3 0.9825 0.0006 0.0007 0.0006 0.0007 0.0013 0.0019 0.0012 0.0013 0.0040 0.0009 0.0015 0.0029 
        FW26  3 0.9824 0.0005 0.0007 0.0006 0.0007 0.0012 0.0019 0.0012 0.0013 0.0041 0.0009 0.0015 0.0029 
        FW27  3 0.0015 0.0004 0.0005 0.0006 0.0007 0.9861 0.0017 0.0011 0.0011 0.0015 0.0010 0.0012 0.0025 
        FW28  3 0.9824 0.0005 0.0007 0.0006 0.0007 0.0013 0.0020 0.0011 0.0014 0.0040 0.0009 0.0015 0.0029 
        FW29  3 0.9825 0.0005 0.0007 0.0006 0.0007 0.0013 0.0019 0.0012 0.0013 0.0040 0.0009 0.0015 0.0029 
        FW30  3 0.8837 0.0008 0.0308 0.0026 0.0049 0.0039 0.0117 0.0068 0.0018 0.0313 0.0049 0.0062 0.0105 
        FW32  3 0.0017 0.0006 0.0006 0.0006 0.0007 0.9833 0.0021 0.0014 0.0013 0.0018 0.0013 0.0013 0.0031 
        FW33  3 0.9822 0.0005 0.0008 0.0006 0.0007 0.0012 0.0020 0.0012 0.0013 0.0041 0.0009 0.0015 0.0029 
        FW34  3 0.9824 0.0005 0.0007 0.0006 0.0007 0.0013 0.0019 0.0012 0.0013 0.0041 0.0009 0.0015 0.0029 
        FW35  3 0.9824 0.0005 0.0007 0.0006 0.0007 0.0013 0.0019 0.0012 0.0013 0.0040 0.0009 0.0015 0.0029 
        FW36  3 0.9825 0.0005 0.0007 0.0006 0.0007 0.0012 0.0020 0.0012 0.0013 0.0041 0.0009 0.0015 0.0029 
        FW37  3 0.0015 0.0004 0.0006 0.0006 0.0007 0.9861 0.0017 0.0012 0.0011 0.0015 0.0010 0.0012 0.0025 
        FW51  3 0.9823 0.0005 0.0007 0.0006 0.0007 0.0012 0.0020 0.0012 0.0014 0.0042 0.0009 0.0015 0.0029 
        FW52  3 0.0015 0.0004 0.0005 0.0006 0.0007 0.9860 0.0017 0.0012 0.0011 0.0016 0.0010 0.0012 0.0025 
        FW53  3 0.9824 0.0005 0.0007 0.0006 0.0007 0.0013 0.0020 0.0012 0.0013 0.0042 0.0009 0.0015 0.0028 
        FW54  3 0.0015 0.0004 0.0005 0.0005 0.0007 0.9862 0.0017 0.0011 0.0011 0.0015 0.0010 0.0012 0.0025 
        FW55  3 0.9824 0.0005 0.0007 0.0006 0.0007 0.0013 0.0020 0.0012 0.0013 0.0040 0.0009 0.0015 0.0029 
        FW56  3 0.9825 0.0005 0.0007 0.0006 0.0007 0.0012 0.0019 0.0012 0.0014 0.0040 0.0009 0.0015 0.0029 
        FW57  3 0.9823 0.0005 0.0007 0.0006 0.0007 0.0013 0.0020 0.0012 0.0013 0.0041 0.0009 0.0015 0.0029 
        FW78  3 0.9825 0.0005 0.0007 0.0006 0.0007 0.0013 0.0020 0.0012 0.0013 0.0040 0.0009 0.0015 0.0028 
        FW79  3 0.9825 0.0005 0.0007 0.0006 0.0007 0.0012 0.0019 0.0011 0.0013 0.0040 0.0009 0.0015 0.0028 
        FW80  3 0.9826 0.0005 0.0007 0.0006 0.0007 0.0012 0.0019 0.0012 0.0013 0.0040 0.0009 0.0015 0.0029 
        FW81  3 0.0015 0.0004 0.0005 0.0006 0.0007 0.9861 0.0017 0.0011 0.0011 0.0016 0.0010 0.0012 0.0025 
        FW82  3 0.0015 0.0004 0.0005 0.0006 0.0007 0.9860 0.0017 0.0012 0.0011 0.0016 0.0011 0.0013 0.0025 
        FW83  3 0.0017 0.0007 0.0006 0.0006 0.0007 0.9835 0.0020 0.0014 0.0013 0.0018 0.0013 0.0013 0.0031 
        FW84  3 0.9823 0.0005 0.0007 0.0006 0.0007 0.0013 0.0020 0.0012 0.0013 0.0042 0.0009 0.0015 0.0029 
        FW85  3 0.0015 0.0004 0.0006 0.0006 0.0162 0.9516 0.0055 0.0012 0.0011 0.0071 0.0080 0.0038 0.0025 
        FW86  3 0.0016 0.0004 0.0006 0.0005 0.0007 0.9861 0.0016 0.0012 0.0010 0.0015 0.0011 0.0012 0.0025 
        FW87  3 0.0016 0.0004 0.0006 0.0006 0.0007 0.9860 0.0016 0.0011 0.0011 0.0015 0.0010 0.0012 0.0025 
        FW88  3 0.9825 0.0005 0.0007 0.0006 0.0007 0.0012 0.0020 0.0012 0.0013 0.0041 0.0009 0.0015 0.0028 
        FW89  3 0.9823 0.0005 0.0007 0.0006 0.0007 0.0013 0.0020 0.0012 0.0013 0.0041 0.0009 0.0015 0.0029 
        FW90  3 0.9823 0.0005 0.0007 0.0006 0.0007 0.0012 0.0020 0.0012 0.0013 0.0042 0.0009 0.0015 0.0029 
        FW91  3 0.0015 0.0004 0.0005 0.0006 0.0007 0.9860 0.0017 0.0012 0.0011 0.0016 0.0010 0.0012 0.0025 
        FW92  3 0.9823 0.0005 0.0007 0.0006 0.0007 0.0013 0.0019 0.0012 0.0014 0.0041 0.0009 0.0015 0.0029 
        FW93  3 0.9825 0.0005 0.0007 0.0006 0.0007 0.0013 0.0020 0.0012 0.0013 0.0040 0.0009 0.0015 0.0029 
        FW94  3 0.0015 0.0004 0.0005 0.0006 0.0007 0.9860 0.0017 0.0012 0.0011 0.0015 0.0010 0.0013 0.0025 
        FW95  3 0.9823 0.0006 0.0007 0.0006 0.0007 0.0012 0.0020 0.0012 0.0013 0.0042 0.0009 0.0015 0.0029 
        FW96  3 0.9825 0.0005 0.0007 0.0006 0.0007 0.0013 0.0019 0.0012 0.0013 0.0040 0.0009 0.0015 0.0029 
        FW97  3 0.8873 0.0014 0.0018 0.0014 0.0036 0.0175 0.0060 0.0040 0.0077 0.0265 0.0030 0.0032 0.0364 
        FW98  3 0.0015 0.0004 0.0005 0.0005 0.0007 0.9860 0.0016 0.0011 0.0011 0.0016 0.0010 0.0012 0.0025 
        FW99  3 0.9824 0.0006 0.0007 0.0006 0.0007 0.0012 0.0019 0.0012 0.0013 0.0040 0.0009 0.0015 0.0029 
       Cal01  3 0.9711 0.0022 0.0006 0.0012 0.0009 0.0011 0.0031 0.0045 0.0018 0.0056 0.0015 0.0027 0.0036 
       Cal02  3 0.9691 0.0008 0.0027 0.0015 0.0011 0.0038 0.0048 0.0016 0.0019 0.0026 0.0022 0.0032 0.0048 
       Cal03  3 0.8496 0.0009 0.0009 0.0019 0.0021 0.1253 0.0035 0.0025 0.0010 0.0050 0.0021 0.0021 0.0030 
       Cal04  3 0.9297 0.0008 0.0013 0.0014 0.0028 0.0035 0.0073 0.0022 0.0019 0.0018 0.0027 0.0052 0.0395 
       Cal05  3 0.9659 0.0005 0.0007 0.0006 0.0009 0.0052 0.0018 0.0011 0.0010 0.0117 0.0013 0.0059 0.0035 
       Cal06  3 0.9575 0.0007 0.0013 0.0034 0.0014 0.0011 0.0053 0.0023 0.0041 0.0049 0.0016 0.0136 0.0028 
       Cal07  3 0.9631 0.0005 0.0006 0.0006 0.0010 0.0014 0.0023 0.0012 0.0013 0.0091 0.0010 0.0154 0.0025 
       Cal08  3 0.9470 0.0016 0.0007 0.0010 0.0091 0.0157 0.0036 0.0020 0.0036 0.0025 0.0022 0.0030 0.0078 
       Cal09  3 0.9415 0.0006 0.0009 0.0011 0.0007 0.0037 0.0067 0.0014 0.0013 0.0033 0.0031 0.0313 0.0044 
       Cal10  3 0.9605 0.0009 0.0008 0.0016 0.0033 0.0049 0.0066 0.0035 0.0013 0.0039 0.0021 0.0041 0.0064 
       Cal11  3 0.9434 0.0010 0.0014 0.0008 0.0011 0.0065 0.0031 0.0017 0.0238 0.0050 0.0015 0.0049 0.0058 
      Cal197  3 0.9801 0.0004 0.0007 0.0009 0.0008 0.0012 0.0036 0.0021 0.0011 0.0029 0.0010 0.0029 0.0022 
      Cal198  3 0.8337 0.0007 0.0007 0.0062 0.0013 0.0483 0.0046 0.0477 0.0011 0.0033 0.0012 0.0446 0.0067 
      Cal199  3 0.9013 0.0029 0.0008 0.0013 0.0010 0.0022 0.0024 0.0021 0.0015 0.0071 0.0020 0.0015 0.0739 
      Cal200  3 0.8929 0.0014 0.0007 0.0008 0.0068 0.0072 0.0065 0.0017 0.0027 0.0707 0.0018 0.0043 0.0025 
      Cal201  3 0.9371 0.0006 0.0010 0.0007 0.0009 0.0079 0.0041 0.0012 0.0016 0.0360 0.0009 0.0052 0.0027 
      Cal202  3 0.9273 0.0006 0.0008 0.0011 0.0024 0.0025 0.0121 0.0153 0.0013 0.0065 0.0134 0.0033 0.0133 
      Cal203  3 0.9579 0.0008 0.0012 0.0011 0.0010 0.0117 0.0032 0.0022 0.0046 0.0072 0.0016 0.0021 0.0055 
      Cal204  3 0.9717 0.0020 0.0020 0.0020 0.0010 0.0008 0.0027 0.0022 0.0021 0.0053 0.0020 0.0025 0.0036 
      Cal205  3 0.9711 0.0006 0.0011 0.0024 0.0012 0.0025 0.0040 0.0022 0.0010 0.0051 0.0015 0.0029 0.0045 
      Cal206  3 0.9599 0.0008 0.0013 0.0019 0.0018 0.0057 0.0063 0.0024 0.0015 0.0084 0.0039 0.0020 0.0040 
      Cal207  3 0.9600 0.0014 0.0010 0.0052 0.0025 0.0010 0.0031 0.0094 0.0012 0.0077 0.0012 0.0037 0.0026 
      Cal208  3 0.9729 0.0009 0.0009 0.0007 0.0010 0.0064 0.0034 0.0030 0.0015 0.0016 0.0016 0.0020 0.0041 
      Cal209  3 0.9786 0.0007 0.0006 0.0008 0.0008 0.0024 0.0025 0.0012 0.0014 0.0034 0.0014 0.0017 0.0044 
      Cal210  3 0.9010 0.0029 0.0008 0.0013 0.0010 0.0023 0.0024 0.0021 0.0015 0.0071 0.0020 0.0015 0.0740 
      Cal211  3 0.9716 0.0006 0.0009 0.0009 0.0019 0.0011 0.0027 0.0013 0.0014 0.0104 0.0010 0.0028 0.0034 
      Cal212  3 0.9221 0.0010 0.0012 0.0024 0.0037 0.0089 0.0027 0.0017 0.0012 0.0457 0.0017 0.0026 0.0051 
      Cal213  3 0.7869 0.0005 0.0007 0.0021 0.0124 0.0405 0.0242 0.0309 0.0010 0.0123 0.0016 0.0816 0.0052 
      Cal214  3 0.9080 0.0005 0.0007 0.0208 0.0012 0.0028 0.0057 0.0045 0.0016 0.0016 0.0020 0.0020 0.0486 
      Cal215  3 0.9458 0.0036 0.0008 0.0015 0.0021 0.0036 0.0043 0.0023 0.0023 0.0034 0.0044 0.0026 0.0233 
      Cal216  3 0.9431 0.0009 0.0022 0.0031 0.0022 0.0110 0.0058 0.0065 0.0018 0.0136 0.0032 0.0041 0.0024 
      Cal217  3 0.9789 0.0006 0.0007 0.0009 0.0007 0.0019 0.0027 0.0015 0.0015 0.0040 0.0010 0.0031 0.0025 
      Cal218  3 0.8531 0.0006 0.0009 0.0017 0.0018 0.0090 0.0025 0.0013 0.0012 0.1191 0.0014 0.0024 0.0049 
      Cal219  3 0.9651 0.0009 0.0014 0.0011 0.0010 0.0103 0.0044 0.0014 0.0015 0.0045 0.0015 0.0023 0.0046 
      Cal220  3 0.9595 0.0011 0.0144 0.0017 0.0008 0.0018 0.0031 0.0024 0.0022 0.0026 0.0011 0.0025 0.0066 
      Cal221  3 0.9446 0.0006 0.0014 0.0008 0.0009 0.0123 0.0029 0.0034 0.0012 0.0170 0.0018 0.0026 0.0105 
      Cal222  3 0.9448 0.0011 0.0010 0.0010 0.0011 0.0034 0.0026 0.0026 0.0015 0.0070 0.0016 0.0028 0.0296 
      Cal223  3 0.7307 0.0010 0.0013 0.0035 0.0015 0.0071 0.0072 0.0157 0.0025 0.0206 0.0014 0.1994 0.0081 
      Cal224  3 0.8811 0.0056 0.0007 0.0041 0.0047 0.0012 0.0036 0.0706 0.0039 0.0034 0.0125 0.0039 0.0047 
       Cal33  3 0.9746 0.0006 0.0008 0.0010 0.0012 0.0036 0.0053 0.0013 0.0012 0.0026 0.0013 0.0026 0.0040 
       Cal34  3 0.9586 0.0006 0.0042 0.0038 0.0008 0.0048 0.0028 0.0042 0.0013 0.0027 0.0023 0.0091 0.0049 
       Cal35  3 0.9768 0.0009 0.0008 0.0010 0.0016 0.0016 0.0032 0.0013 0.0012 0.0038 0.0014 0.0036 0.0027 
       Cal37  3 0.9277 0.0006 0.0019 0.0173 0.0057 0.0020 0.0159 0.0012 0.0012 0.0048 0.0016 0.0168 0.0032 
       Cal38  3 0.9784 0.0006 0.0007 0.0007 0.0007 0.0009 0.0022 0.0012 0.0012 0.0062 0.0008 0.0028 0.0034 
       Cal39  3 0.9099 0.0014 0.0009 0.0007 0.0008 0.0561 0.0025 0.0013 0.0015 0.0127 0.0029 0.0030 0.0064 
       Cal40  3 0.9787 0.0007 0.0007 0.0007 0.0008 0.0024 0.0025 0.0012 0.0014 0.0033 0.0014 0.0017 0.0044 
       Cal41  3 0.9787 0.0006 0.0006 0.0007 0.0009 0.0027 0.0023 0.0013 0.0015 0.0024 0.0015 0.0024 0.0044 
       Cal42  3 0.9755 0.0007 0.0006 0.0010 0.0012 0.0016 0.0033 0.0015 0.0027 0.0035 0.0017 0.0016 0.0052 
       Cal43  3 0.9700 0.0009 0.0015 0.0009 0.0010 0.0034 0.0035 0.0019 0.0015 0.0061 0.0011 0.0030 0.0051 
       Cal44  3 0.8578 0.0028 0.0413 0.0013 0.0019 0.0112 0.0030 0.0044 0.0025 0.0629 0.0021 0.0025 0.0062 
        BW41  3 0.9054 0.0010 0.0020 0.0010 0.0029 0.0018 0.0062 0.0046 0.0017 0.0292 0.0345 0.0030 0.0067 
        BW42  3 0.9192 0.0006 0.0012 0.0010 0.0042 0.0349 0.0181 0.0026 0.0018 0.0059 0.0017 0.0044 0.0043 
        BW44  3 0.9035 0.0007 0.0009 0.0007 0.0011 0.0028 0.0036 0.0023 0.0023 0.0706 0.0011 0.0070 0.0035 
        BW45  3 0.9170 0.0004 0.0007 0.0006 0.0008 0.0015 0.0020 0.0011 0.0013 0.0681 0.0009 0.0030 0.0025 
        BW46  3 0.9134 0.0009 0.0010 0.0022 0.0014 0.0471 0.0056 0.0046 0.0014 0.0142 0.0024 0.0023 0.0036 
        BW47  3 0.9239 0.0053 0.0315 0.0024 0.0035 0.0018 0.0023 0.0013 0.0011 0.0030 0.0138 0.0073 0.0029 
        BW48  3 0.8859 0.0031 0.0026 0.0018 0.0026 0.0195 0.0089 0.0027 0.0026 0.0491 0.0053 0.0057 0.0104 
        BW49  3 0.9672 0.0011 0.0011 0.0012 0.0006 0.0010 0.0034 0.0015 0.0027 0.0041 0.0011 0.0119 0.0032 
        BW50  3 0.9653 0.0006 0.0008 0.0008 0.0009 0.0125 0.0031 0.0018 0.0016 0.0042 0.0026 0.0022 0.0037 
        BW51  3 0.8639 0.0006 0.0008 0.0009 0.0007 0.0176 0.0034 0.0022 0.0013 0.0790 0.0013 0.0242 0.0041 
        BW52  3 0.9662 0.0007 0.0009 0.0008 0.0008 0.0043 0.0027 0.0017 0.0117 0.0024 0.0013 0.0028 0.0039 
        BW53  3 0.9498 0.0005 0.0092 0.0043 0.0058 0.0021 0.0085 0.0040 0.0013 0.0039 0.0016 0.0061 0.0029 
        BW54  3 0.7923 0.0007 0.0115 0.0010 0.1582 0.0083 0.0038 0.0019 0.0019 0.0048 0.0031 0.0064 0.0059 
        BW55  3 0.9162 0.0009 0.0011 0.0010 0.0019 0.0246 0.0045 0.0047 0.0033 0.0312 0.0023 0.0027 0.0055 
        BW56  3 0.9765 0.0005 0.0009 0.0013 0.0010 0.0010 0.0027 0.0017 0.0016 0.0034 0.0032 0.0030 0.0032 
        BW57  3 0.9625 0.0007 0.0014 0.0033 0.0013 0.0028 0.0058 0.0060 0.0013 0.0029 0.0013 0.0077 0.0031 
        BW58  3 0.9514 0.0005 0.0015 0.0021 0.0009 0.0154 0.0055 0.0035 0.0012 0.0041 0.0015 0.0086 0.0038 
        BW59  3 0.9740 0.0009 0.0008 0.0022 0.0009 0.0050 0.0036 0.0012 0.0012 0.0031 0.0013 0.0027 0.0032 
        BW60  3 0.9647 0.0008 0.0010 0.0009 0.0011 0.0146 0.0026 0.0017 0.0018 0.0030 0.0015 0.0032 0.0032 
        BW61  3 0.8063 0.0007 0.0010 0.0009 0.0013 0.0126 0.0270 0.0021 0.0026 0.0531 0.0831 0.0050 0.0043 
        BW62  3 0.8055 0.0008 0.0025 0.0007 0.0167 0.0133 0.0052 0.0024 0.0015 0.1400 0.0044 0.0036 0.0033 
        BW63  3 0.7631 0.0015 0.0021 0.0011 0.0908 0.0509 0.0102 0.0031 0.0014 0.0394 0.0019 0.0301 0.0042 
        BW64  3 0.9738 0.0006 0.0007 0.0006 0.0019 0.0048 0.0031 0.0016 0.0014 0.0050 0.0011 0.0025 0.0028 
        BW65  3 0.7523 0.0013 0.0048 0.0091 0.0031 0.0023 0.0111 0.0134 0.0029 0.1752 0.0103 0.0052 0.0090 
        BW66  3 0.9268 0.0007 0.0009 0.0010 0.0021 0.0119 0.0028 0.0027 0.0104 0.0188 0.0040 0.0124 0.0054 
        BW67  3 0.8132 0.0006 0.0008 0.0006 0.0009 0.0018 0.0020 0.0013 0.0014 0.1712 0.0011 0.0022 0.0027 
        BW68  3 0.9433 0.0026 0.0031 0.0023 0.0036 0.0025 0.0080 0.0022 0.0013 0.0162 0.0051 0.0063 0.0034 
        BW69  3 0.9101 0.0008 0.0012 0.0009 0.0010 0.0133 0.0038 0.0018 0.0018 0.0082 0.0474 0.0025 0.0072 
        BW70  3 0.9164 0.0007 0.0010 0.0008 0.0011 0.0042 0.0033 0.0025 0.0019 0.0569 0.0011 0.0038 0.0063 
        BW71  3 0.9806 0.0005 0.0006 0.0006 0.0006 0.0009 0.0020 0.0011 0.0014 0.0055 0.0010 0.0024 0.0027 
        BW72  3 0.9323 0.0062 0.0016 0.0020 0.0176 0.0018 0.0083 0.0050 0.0027 0.0035 0.0106 0.0041 0.0040 
        BW73  3 0.8997 0.0006 0.0012 0.0017 0.0014 0.0011 0.0381 0.0016 0.0162 0.0053 0.0208 0.0071 0.0052 
        BW74  3 0.9076 0.0007 0.0011 0.0026 0.0010 0.0336 0.0084 0.0024 0.0016 0.0233 0.0031 0.0068 0.0078 
        BW75  3 0.9380 0.0009 0.0022 0.0046 0.0008 0.0013 0.0141 0.0032 0.0160 0.0034 0.0013 0.0107 0.0035 
        BW76  3 0.9284 0.0038 0.0010 0.0016 0.0028 0.0012 0.0037 0.0025 0.0022 0.0366 0.0057 0.0026 0.0080 
        BW77  3 0.8026 0.0005 0.0030 0.0068 0.0042 0.0032 0.0101 0.0099 0.0021 0.1403 0.0043 0.0104 0.0027 
        BW78  3 0.9583 0.0016 0.0008 0.0009 0.0012 0.0062 0.0023 0.0015 0.0018 0.0049 0.0016 0.0080 0.0108 
        BW79  3 0.9659 0.0007 0.0007 0.0027 0.0023 0.0032 0.0079 0.0016 0.0014 0.0023 0.0014 0.0055 0.0045 
        BW80  3 0.9572 0.0005 0.0023 0.0018 0.0017 0.0106 0.0048 0.0021 0.0016 0.0097 0.0013 0.0030 0.0033 
        BW81  3 0.9242 0.0005 0.0009 0.0018 0.0008 0.0408 0.0059 0.0067 0.0014 0.0028 0.0015 0.0101 0.0026 
       BWS05  3 0.7806 0.0012 0.0090 0.0065 0.0043 0.0128 0.0134 0.0037 0.0042 0.1057 0.0352 0.0074 0.0160 
       BWS06  3 0.6985 0.0007 0.0018 0.0012 0.0012 0.2106 0.0030 0.0024 0.0022 0.0546 0.0017 0.0027 0.0193 
       BWS07  3 0.9191 0.0005 0.0006 0.0006 0.0016 0.0017 0.0538 0.0012 0.0010 0.0074 0.0012 0.0075 0.0038 
       BWS08  3 0.8266 0.0009 0.0016 0.0014 0.0059 0.0010 0.0062 0.0084 0.0083 0.1030 0.0138 0.0155 0.0075 
       BWS09  3 0.9768 0.0006 0.0007 0.0012 0.0010 0.0016 0.0019 0.0024 0.0013 0.0060 0.0012 0.0021 0.0032 
       BWS10  3 0.8949 0.0007 0.0011 0.0010 0.0298 0.0047 0.0053 0.0018 0.0016 0.0449 0.0018 0.0045 0.0078 
       BWS11  3 0.9800 0.0009 0.0008 0.0013 0.0010 0.0007 0.0029 0.0015 0.0015 0.0024 0.0012 0.0020 0.0038 
       BWS12  3 0.9165 0.0008 0.0024 0.0017 0.0024 0.0192 0.0091 0.0064 0.0031 0.0273 0.0022 0.0051 0.0038 
       BWS13  3 0.7700 0.0005 0.0011 0.0007 0.0029 0.1966 0.0036 0.0108 0.0018 0.0040 0.0011 0.0024 0.0045 
       BWS14  3 0.7355 0.0006 0.0016 0.0013 0.0009 0.2393 0.0052 0.0015 0.0011 0.0042 0.0017 0.0032 0.0039 
       BWS15  3 0.9640 0.0032 0.0009 0.0022 0.0016 0.0007 0.0040 0.0026 0.0036 0.0023 0.0019 0.0031 0.0098 
       BWS16  3 0.9157 0.0006 0.0030 0.0007 0.0013 0.0042 0.0031 0.0015 0.0014 0.0027 0.0017 0.0593 0.0047 
       BWS17  3 0.9671 0.0007 0.0009 0.0019 0.0022 0.0017 0.0032 0.0027 0.0021 0.0052 0.0037 0.0031 0.0055 
       BWS18  3 0.9110 0.0007 0.0012 0.0132 0.0017 0.0026 0.0073 0.0250 0.0012 0.0049 0.0016 0.0055 0.0241 
       BWS19  3 0.9027 0.0006 0.0008 0.0039 0.0012 0.0050 0.0238 0.0124 0.0015 0.0119 0.0140 0.0039 0.0182 
       BWS20  3 0.9610 0.0005 0.0006 0.0008 0.0010 0.0022 0.0026 0.0020 0.0017 0.0065 0.0012 0.0171 0.0028 
       BWS21  3 0.6641 0.0013 0.0079 0.0641 0.0026 0.0273 0.0067 0.0303 0.0028 0.1518 0.0027 0.0060 0.0322 
       BWS22  3 0.9175 0.0008 0.0013 0.0012 0.0016 0.0027 0.0044 0.0049 0.0014 0.0568 0.0017 0.0022 0.0035 
       BWS23  3 0.9169 0.0006 0.0009 0.0138 0.0009 0.0029 0.0051 0.0313 0.0012 0.0112 0.0019 0.0050 0.0084 
       BWS24  3 0.9098 0.0008 0.0010 0.0132 0.0041 0.0010 0.0215 0.0027 0.0024 0.0112 0.0018 0.0118 0.0187 
       BWS25  3 0.9643 0.0010 0.0005 0.0007 0.0007 0.0026 0.0156 0.0013 0.0013 0.0021 0.0039 0.0019 0.0040 
       BWS26  3 0.9659 0.0009 0.0011 0.0012 0.0017 0.0057 0.0059 0.0018 0.0029 0.0037 0.0020 0.0040 0.0031 
       BWS27  3 0.9597 0.0005 0.0007 0.0007 0.0011 0.0032 0.0081 0.0014 0.0013 0.0064 0.0011 0.0121 0.0037 
       BWS28  3 0.8251 0.0006 0.0022 0.0108 0.0319 0.0994 0.0085 0.0024 0.0014 0.0038 0.0036 0.0062 0.0040 
       BWS29  3 0.8026 0.0035 0.0023 0.0015 0.0027 0.0389 0.0057 0.0032 0.0038 0.1152 0.0058 0.0067 0.0081 
       BWS30  3 0.9746 0.0008 0.0008 0.0024 0.0007 0.0013 0.0020 0.0044 0.0013 0.0046 0.0015 0.0026 0.0030 
       BWS31  3 0.9347 0.0006 0.0008 0.0009 0.0035 0.0016 0.0048 0.0024 0.0012 0.0131 0.0097 0.0224 0.0043 
       BWS32  3 0.8849 0.0011 0.0012 0.0009 0.0031 0.0385 0.0174 0.0013 0.0027 0.0171 0.0015 0.0151 0.0151 
       BWS33  3 0.9087 0.0517 0.0086 0.0017 0.0022 0.0025 0.0058 0.0032 0.0020 0.0022 0.0041 0.0023 0.0050 
       BWS34  3 0.7534 0.0020 0.0020 0.0013 0.0051 0.0844 0.0056 0.0108 0.0044 0.1187 0.0031 0.0046 0.0046 
       BWS35  3 0.9319 0.0012 0.0045 0.0009 0.0014 0.0184 0.0050 0.0027 0.0023 0.0026 0.0021 0.0065 0.0204 
       BWS36  3 0.9736 0.0009 0.0006 0.0009 0.0009 0.0048 0.0024 0.0013 0.0045 0.0029 0.0016 0.0020 0.0038 
       BWS37  3 0.8549 0.0013 0.0013 0.0012 0.0024 0.0068 0.0062 0.0025 0.0014 0.1016 0.0107 0.0052 0.0046 
       BWS38  3 0.9606 0.0014 0.0009 0.0011 0.0011 0.0094 0.0028 0.0022 0.0021 0.0079 0.0022 0.0041 0.0042 
       BWS39  3 0.8509 0.0005 0.0012 0.0008 0.0008 0.0014 0.0023 0.0014 0.0015 0.1317 0.0011 0.0031 0.0034 
       BWS40  3 0.9645 0.0008 0.0008 0.0011 0.0010 0.0076 0.0024 0.0019 0.0030 0.0036 0.0027 0.0022 0.0084 
       BWN01  3 0.9524 0.0009 0.0011 0.0010 0.0012 0.0103 0.0028 0.0018 0.0020 0.0095 0.0026 0.0079 0.0065 
       BWN02  3 0.8957 0.0006 0.0012 0.0008 0.0009 0.0019 0.0026 0.0015 0.0012 0.0064 0.0016 0.0823 0.0032 
       BWN03  3 0.9184 0.0036 0.0191 0.0019 0.0047 0.0011 0.0117 0.0083 0.0073 0.0052 0.0092 0.0035 0.0061 
       BWN04  3 0.7799 0.0005 0.0012 0.0009 0.0011 0.0048 0.0033 0.0023 0.0189 0.1770 0.0023 0.0051 0.0026 
        NC01  4 0.1298 0.0008 0.0057 0.0031 0.0022 0.0108 0.0494 0.0017 0.0021 0.0366 0.0013 0.7538 0.0029 
        NC02  4 0.0109 0.0016 0.0011 0.0012 0.0016 0.0040 0.0069 0.0024 0.0027 0.1444 0.0036 0.8159 0.0037 
        NC03  4 0.0041 0.0007 0.0009 0.0007 0.0008 0.0014 0.0091 0.0120 0.0012 0.0397 0.0012 0.9256 0.0026 
        NC04  4 0.0062 0.0014 0.0006 0.0024 0.0013 0.0021 0.0050 0.0020 0.0015 0.0579 0.0015 0.9125 0.0054 
        NC05  4 0.0205 0.0045 0.0012 0.0028 0.0100 0.0018 0.0521 0.0077 0.0029 0.0255 0.0027 0.8567 0.0117 
        NC06  4 0.0415 0.0005 0.0010 0.0011 0.0012 0.0041 0.0078 0.0017 0.0012 0.0344 0.0236 0.8762 0.0057 
        NC07  4 0.0118 0.0004 0.0006 0.0014 0.0012 0.0081 0.0033 0.0013 0.0013 0.0070 0.0012 0.9530 0.0091 
        NC08  4 0.0043 0.0023 0.0009 0.0016 0.0011 0.0015 0.0057 0.0033 0.0032 0.2995 0.0017 0.6706 0.0042 
        NC09  4 0.0049 0.0016 0.0020 0.0010 0.0019 0.0014 0.0051 0.0036 0.0035 0.2106 0.0014 0.7566 0.0063 
