        TC01  1 0.0017 0.0015 0.0023 0.0009 0.0060 0.0111 0.0135 0.0027 0.0029 0.0019 0.0160 0.0028 0.0043 0.0061 0.0166 0.0282 0.7993 0.0402 0.0155 0.0101 0.0165 
        TC02  1 0.0020 0.0017 0.0010 0.0015 0.0023 0.0144 0.0023 0.0039 0.0040 0.0019 0.0184 0.0042 0.0071 0.0094 0.0107 0.0097 0.8554 0.0156 0.0166 0.0065 0.0116 
        TC03  1 0.0009 0.0017 0.0012 0.0009 0.0015 0.0035 0.0017 0.0019 0.0028 0.0020 0.0146 0.0028 0.0051 0.0080 0.0028 0.0046 0.8916 0.0245 0.0061 0.0072 0.0145 
        TC04  1 0.0034 0.0013 0.0014 0.0022 0.0013 0.0071 0.0018 0.0053 0.0040 0.0022 0.0677 0.0031 0.0340 0.0075 0.0041 0.0061 0.7284 0.0264 0.0697 0.0120 0.0111 
        TC05  1 0.0009 0.0009 0.0134 0.0011 0.0012 0.0030 0.0016 0.0082 0.0029 0.0032 0.0184 0.0023 0.0074 0.0091 0.0053 0.0037 0.8733 0.0211 0.0075 0.0042 0.0115 
        TC06  1 0.0022 0.0010 0.0016 0.0014 0.0020 0.0052 0.0013 0.0035 0.0062 0.0018 0.0865 0.0023 0.0041 0.0073 0.0065 0.0043 0.8095 0.0113 0.0148 0.0166 0.0106 
        TC07  1 0.0006 0.0008 0.0011 0.0014 0.0011 0.0038 0.0017 0.0067 0.0026 0.0015 0.0188 0.0020 0.0184 0.0148 0.0033 0.0206 0.8501 0.0147 0.0137 0.0046 0.0176 
        TC08  1 0.0027 0.0011 0.0011 0.0014 0.0019 0.0027 0.0026 0.0023 0.0031 0.0081 0.0407 0.0026 0.0063 0.0138 0.0401 0.0053 0.8194 0.0087 0.0197 0.0041 0.0124 
        TC09  1 0.0638 0.0007 0.0026 0.0008 0.0011 0.0301 0.0136 0.0030 0.0170 0.0014 0.0492 0.0018 0.0049 0.0064 0.0063 0.0044 0.7540 0.0150 0.0092 0.0049 0.0098 
        TC10  1 0.0008 0.0042 0.0007 0.0073 0.0022 0.0073 0.0014 0.0050 0.0019 0.0016 0.0185 0.0020 0.0037 0.0057 0.0058 0.0161 0.8220 0.0718 0.0065 0.0078 0.0078 
        TC11  1 0.0010 0.0014 0.0035 0.0009 0.0012 0.0029 0.0012 0.0015 0.0015 0.0029 0.0114 0.0017 0.0043 0.0128 0.0071 0.0108 0.9000 0.0099 0.0079 0.0053 0.0111 
        TC12  1 0.0011 0.0030 0.0011 0.0021 0.0042 0.0060 0.0044 0.0035 0.0062 0.0022 0.0312 0.0049 0.0081 0.0095 0.0028 0.0094 0.8294 0.0298 0.0144 0.0139 0.0130 
        TC13  1 0.0031 0.0013 0.0011 0.0011 0.0011 0.0056 0.0014 0.0017 0.0020 0.0024 0.0227 0.0032 0.0058 0.0068 0.0108 0.0045 0.8956 0.0091 0.0071 0.0042 0.0094 
        TC14  1 0.0017 0.0015 0.0012 0.0012 0.0020 0.0282 0.0041 0.0026 0.0064 0.0028 0.1162 0.0031 0.0055 0.0151 0.0109 0.0095 0.7346 0.0141 0.0164 0.0092 0.0136 
        TC15  1 0.0048 0.0067 0.0078 0.0016 0.0012 0.0081 0.0021 0.0065 0.0033 0.0015 0.0713 0.0083 0.0139 0.0137 0.0088 0.0036 0.7875 0.0165 0.0153 0.0064 0.0113 
        TC16  1 0.0651 0.0011 0.0019 0.0020 0.0021 0.0264 0.0047 0.0024 0.0032 0.0052 0.0456 0.0027 0.0083 0.0223 0.0033 0.0049 0.7474 0.0202 0.0117 0.0103 0.0092 
        TC17  1 0.0016 0.0019 0.0044 0.0018 0.0048 0.0893 0.0034 0.0034 0.0057 0.0088 0.0519 0.0064 0.0054 0.0189 0.0046 0.0128 0.6462 0.0127 0.0720 0.0092 0.0348 
        TC18  1 0.0030 0.0047 0.0012 0.0014 0.0030 0.0061 0.0045 0.0263 0.0019 0.0017 0.0390 0.0029 0.0065 0.0160 0.0730 0.0096 0.7288 0.0201 0.0119 0.0250 0.0133 
        TC19  1 0.0217 0.0014 0.0008 0.0013 0.0016 0.0070 0.0013 0.0015 0.0019 0.0020 0.0115 0.0020 0.0060 0.0078 0.0044 0.0052 0.8932 0.0103 0.0060 0.0048 0.0082 
        TC20  1 0.0022 0.0008 0.0009 0.0011 0.0059 0.0042 0.0014 0.0071 0.0020 0.0019 0.0127 0.0024 0.0046 0.0082 0.0051 0.0044 0.8990 0.0104 0.0059 0.0089 0.0110 
        TC21  1 0.0029 0.0015 0.0031 0.0039 0.0017 0.0026 0.0021 0.0034 0.0024 0.0015 0.0248 0.0354 0.0138 0.0582 0.0024 0.0162 0.7170 0.0148 0.0453 0.0403 0.0068 
        TC22  1 0.0029 0.0107 0.0011 0.0070 0.0029 0.0022 0.0031 0.0029 0.0052 0.0019 0.0211 0.0053 0.0071 0.0068 0.0041 0.0062 0.8668 0.0185 0.0076 0.0046 0.0120 
        TC23  1 0.0010 0.0019 0.0008 0.0009 0.0099 0.0047 0.0015 0.0029 0.0022 0.0022 0.0268 0.0036 0.0075 0.0091 0.0402 0.0191 0.8016 0.0401 0.0063 0.0065 0.0110 
        TC24  1 0.0009 0.0007 0.0008 0.0008 0.0029 0.0029 0.0012 0.0033 0.0015 0.0017 0.0107 0.0016 0.0032 0.0212 0.0122 0.0031 0.8943 0.0147 0.0054 0.0053 0.0116 
        TC25  1 0.0016 0.0009 0.0009 0.0020 0.0019 0.0038 0.0014 0.0017 0.0052 0.0031 0.0731 0.0033 0.0063 0.0112 0.0029 0.0288 0.7811 0.0279 0.0095 0.0227 0.0108 
        TC26  1 0.0012 0.0009 0.0010 0.0011 0.0015 0.0182 0.0016 0.0051 0.0056 0.0016 0.0361 0.0024 0.0050 0.0085 0.0079 0.0040 0.8477 0.0132 0.0209 0.0045 0.0121 
        TC27  1 0.0012 0.0207 0.0042 0.0011 0.0014 0.0037 0.0028 0.0024 0.0020 0.0371 0.0485 0.0040 0.0084 0.0123 0.0247 0.0048 0.7480 0.0132 0.0423 0.0056 0.0118 
        TC28  1 0.0008 0.0011 0.0017 0.0021 0.0013 0.0043 0.0026 0.0032 0.0024 0.0031 0.0668 0.0033 0.0052 0.0094 0.0037 0.0059 0.8375 0.0207 0.0106 0.0061 0.0081 
        TC29  1 0.0009 0.0008 0.0012 0.0009 0.0017 0.0151 0.0023 0.0225 0.0021 0.0068 0.0847 0.0034 0.0077 0.0136 0.0067 0.0078 0.7503 0.0268 0.0081 0.0100 0.0265 
        TC30  1 0.0024 0.0011 0.0020 0.0015 0.0019 0.0327 0.0018 0.0023 0.0032 0.0016 0.0270 0.0027 0.0048 0.0082 0.0431 0.0062 0.8231 0.0117 0.0079 0.0047 0.0102 
        TC31  1 0.0036 0.0037 0.0016 0.0083 0.0053 0.0048 0.0048 0.0024 0.0020 0.0039 0.0184 0.0043 0.0077 0.0092 0.0194 0.0418 0.7902 0.0175 0.0068 0.0155 0.0288 
        TC32  1 0.0014 0.0009 0.0012 0.0229 0.0013 0.0042 0.0024 0.0023 0.0086 0.0028 0.1112 0.0021 0.0066 0.0077 0.0093 0.0055 0.7540 0.0153 0.0208 0.0058 0.0136 
        TC33  1 0.0011 0.0013 0.0015 0.0011 0.0016 0.0070 0.0024 0.0024 0.0025 0.0021 0.0346 0.0027 0.0050 0.0203 0.0189 0.0295 0.8224 0.0143 0.0079 0.0060 0.0157 
        TC34  1 0.0030 0.0014 0.0013 0.0012 0.0030 0.0041 0.0015 0.0059 0.0021 0.0014 0.0629 0.0027 0.0036 0.0128 0.0108 0.0046 0.8210 0.0116 0.0068 0.0057 0.0326 
        TC35  1 0.0073 0.0035 0.0015 0.0060 0.0059 0.0124 0.0027 0.0033 0.0019 0.0037 0.0348 0.0035 0.0049 0.0059 0.0273 0.0144 0.7988 0.0095 0.0285 0.0115 0.0130 
        TC36  1 0.0018 0.0016 0.0030 0.0016 0.0015 0.0058 0.0015 0.0050 0.0022 0.0027 0.0247 0.0166 0.0052 0.0086 0.0187 0.0052 0.7908 0.0345 0.0534 0.0055 0.0101 
        TC37  1 0.0009 0.0011 0.0018 0.0035 0.0017 0.0043 0.0020 0.0022 0.0042 0.0044 0.0090 0.0023 0.0043 0.0206 0.0150 0.0057 0.8675 0.0128 0.0092 0.0060 0.0213 
        TC38  1 0.0405 0.0009 0.0011 0.0009 0.0017 0.0277 0.0017 0.0029 0.0029 0.0015 0.0388 0.0023 0.0058 0.0080 0.0061 0.0073 0.7649 0.0182 0.0107 0.0462 0.0099 
        TC39  1 0.0015 0.0009 0.0013 0.0015 0.0017 0.0349 0.0020 0.0031 0.0107 0.0015 0.1581 0.0037 0.0038 0.0169 0.0127 0.0057 0.6976 0.0124 0.0119 0.0087 0.0094 
        TC40  1 0.0011 0.0014 0.0012 0.0015 0.0016 0.0047 0.0018 0.0024 0.0029 0.0074 0.0373 0.0025 0.0039 0.0234 0.0029 0.0052 0.8445 0.0199 0.0079 0.0056 0.0210 
        TC41  1 0.0010 0.0009 0.0015 0.0052 0.0042 0.0035 0.0029 0.0027 0.0024 0.0097 0.0134 0.0021 0.0064 0.0087 0.0038 0.0046 0.8770 0.0116 0.0202 0.0063 0.0120 
        TC42  1 0.0019 0.0010 0.0014 0.0008 0.0031 0.0059 0.0022 0.0017 0.0056 0.0029 0.0432 0.0044 0.0042 0.0076 0.0087 0.0034 0.8567 0.0140 0.0200 0.0040 0.0072 
        TC43  1 0.0015 0.0012 0.0025 0.0016 0.0014 0.0064 0.0024 0.0021 0.0028 0.0039 0.0678 0.0028 0.0090 0.0076 0.0091 0.0052 0.8250 0.0203 0.0081 0.0062 0.0132 
        TC44  1 0.0077 0.0056 0.0008 0.0016 0.0031 0.0795 0.0024 0.0048 0.0039 0.0152 0.0561 0.0052 0.0034 0.0079 0.0105 0.0093 0.7304 0.0299 0.0080 0.0055 0.0092 
        TC45  1 0.0008 0.0007 0.0011 0.0024 0.0018 0.0070 0.0024 0.0031 0.0026 0.0015 0.0092 0.0046 0.0063 0.0059 0.0042 0.0047 0.9051 0.0095 0.0099 0.0106 0.0066 
        TC46  1 0.0011 0.0031 0.0014 0.0120 0.0023 0.0038 0.0015 0.0092 0.0024 0.0059 0.0213 0.0027 0.0069 0.0102 0.0171 0.0038 0.8324 0.0288 0.0088 0.0187 0.0068 
        TC47  1 0.0024 0.0053 0.0012 0.0011 0.0026 0.0145 0.0016 0.0022 0.0020 0.0021 0.0309 0.0019 0.0037 0.0073 0.0081 0.0105 0.8678 0.0120 0.0089 0.0053 0.0085 
        TC48  1 0.0010 0.0016 0.0011 0.0025 0.0030 0.0066 0.0043 0.0047 0.0208 0.0022 0.0254 0.0026 0.0082 0.0540 0.0084 0.0051 0.7945 0.0128 0.0141 0.0103 0.0168 
        TC49  1 0.0009 0.0010 0.0015 0.0046 0.0020 0.0036 0.0037 0.0047 0.0076 0.0105 0.0206 0.0085 0.0093 0.0087 0.0095 0.0067 0.8586 0.0093 0.0126 0.0058 0.0102 
        TC50  1 0.0023 0.0033 0.0014 0.0017 0.0021 0.0056 0.0022 0.0027 0.0032 0.0021 0.0146 0.0024 0.0138 0.0093 0.0443 0.0064 0.8094 0.0116 0.0096 0.0079 0.0443 
        TC51  1 0.0038 0.0014 0.0011 0.0015 0.0018 0.0033 0.0024 0.0042 0.0056 0.0037 0.0560 0.0060 0.0069 0.0083 0.0028 0.0126 0.8451 0.0127 0.0065 0.0066 0.0076 
        TC52  1 0.0010 0.0008 0.0008 0.0008 0.0011 0.0024 0.0022 0.0014 0.0021 0.0017 0.0117 0.0024 0.0058 0.0088 0.0033 0.0032 0.8748 0.0552 0.0059 0.0077 0.0068 
        TC53  1 0.0022 0.0045 0.0014 0.0010 0.0039 0.0128 0.0013 0.0017 0.0040 0.0014 0.0308 0.0110 0.0233 0.0076 0.0218 0.0032 0.8337 0.0095 0.0082 0.0039 0.0127 
        TC54  1 0.0011 0.0017 0.0017 0.0021 0.0016 0.0061 0.0022 0.0036 0.0034 0.0142 0.0642 0.0067 0.0079 0.0452 0.0061 0.0058 0.7531 0.0121 0.0222 0.0069 0.0322 
        TC55  1 0.0009 0.0013 0.0021 0.0051 0.0013 0.0081 0.0022 0.0019 0.0143 0.0018 0.0424 0.0032 0.0154 0.0122 0.0061 0.0067 0.7831 0.0228 0.0450 0.0073 0.0170 
        TC56  1 0.0009 0.0016 0.0017 0.0014 0.0019 0.0063 0.0020 0.0027 0.0041 0.0604 0.0289 0.0028 0.0102 0.0224 0.0076 0.0076 0.7812 0.0132 0.0113 0.0135 0.0181 
        TC57  1 0.0013 0.0031 0.0053 0.0021 0.0024 0.0130 0.0024 0.0027 0.0028 0.0027 0.0126 0.0033 0.0066 0.0107 0.0064 0.0060 0.8540 0.0144 0.0233 0.0053 0.0195 
        TC58  1 0.0011 0.0019 0.0009 0.0013 0.0023 0.0063 0.0016 0.0049 0.0040 0.0014 0.0150 0.0022 0.0035 0.0077 0.0029 0.0401 0.8625 0.0122 0.0147 0.0052 0.0080 
        TC59  1 0.0009 0.0010 0.0008 0.0009 0.0015 0.0030 0.0015 0.0017 0.0018 0.0015 0.0241 0.0039 0.0032 0.0072 0.0036 0.0074 0.8959 0.0110 0.0133 0.0036 0.0124 
        TA01  2 0.0104 0.0017 0.0009 0.0010 0.0014 0.0166 0.0024 0.0056 0.0026 0.0016 0.0507 0.0021 0.0178 0.0063 0.6979 0.0063 0.1045 0.0087 0.0315 0.0045 0.0256 
        TA02  2 0.0012 0.0009 0.0013 0.0013 0.0011 0.0097 0.0025 0.0152 0.0017 0.0074 0.0141 0.0028 0.0047 0.0303 0.7957 0.0037 0.0346 0.0393 0.0149 0.0063 0.0114 
        TA03  2 0.0024 0.0271 0.0020 0.0019 0.0019 0.0207 0.0031 0.0103 0.0030 0.0023 0.0302 0.0045 0.0068 0.0211 0.7680 0.0061 0.0338 0.0139 0.0107 0.0059 0.0245 
        TA04  2 0.0661 0.0034 0.0038 0.0032 0.0017 0.0351 0.0018 0.0042 0.0040 0.0022 0.2727 0.0038 0.0051 0.0066 0.4978 0.0042 0.0370 0.0145 0.0087 0.0046 0.0195 
        TA05  2 0.0036 0.0017 0.0018 0.0013 0.0016 0.0074 0.0029 0.0039 0.0040 0.0027 0.0146 0.0028 0.0110 0.0112 0.3536 0.0061 0.5069 0.0171 0.0098 0.0094 0.0267 
        TA06  2 0.0023 0.0008 0.0007 0.0013 0.0014 0.0057 0.0012 0.0014 0.0018 0.0013 0.0378 0.0016 0.0072 0.0092 0.8750 0.0070 0.0145 0.0109 0.0077 0.0040 0.0070 
        TA07  2 0.0019 0.0012 0.0023 0.0011 0.0028 0.2276 0.0016 0.0026 0.0056 0.0024 0.0151 0.0058 0.0098 0.0214 0.3712 0.0116 0.1820 0.0266 0.0860 0.0058 0.0153 
        TA08  2 0.0018 0.0929 0.0009 0.0010 0.0011 0.0091 0.0014 0.0023 0.0032 0.0136 0.1001 0.0024 0.0062 0.0066 0.6726 0.0040 0.0345 0.0095 0.0077 0.0119 0.0171 
        TA09  2 0.0014 0.0014 0.0010 0.0008 0.0013 0.0073 0.0015 0.0021 0.0052 0.0033 0.0318 0.0017 0.0038 0.0072 0.7834 0.0038 0.0893 0.0317 0.0058 0.0039 0.0122 
        TA10  2 0.0014 0.0011 0.0021 0.0013 0.0090 0.0116 0.0027 0.0240 0.0037 0.0021 0.0235 0.0064 0.0083 0.0118 0.6320 0.0558 0.1501 0.0142 0.0204 0.0060 0.0126 
        TA11  2 0.0038 0.0026 0.0013 0.0029 0.0111 0.0462 0.0127 0.0030 0.0097 0.0035 0.0243 0.0166 0.0040 0.0100 0.7030 0.0762 0.0200 0.0144 0.0070 0.0171 0.0106 
        TA12  2 0.0011 0.0009 0.0067 0.0013 0.0240 0.0087 0.0349 0.0178 0.0056 0.0015 0.0125 0.0035 0.0076 0.0165 0.6310 0.0084 0.1732 0.0107 0.0160 0.0048 0.0133 
        TA13  2 0.0073 0.0012 0.0091 0.0014 0.0051 0.0054 0.0075 0.0100 0.0337 0.0038 0.1122 0.0261 0.0138 0.0672 0.5427 0.0174 0.0688 0.0373 0.0134 0.0059 0.0109 
        TA14  2 0.0012 0.0008 0.0007 0.0012 0.0009 0.0337 0.0013 0.0022 0.0051 0.0094 0.0287 0.0022 0.0039 0.0103 0.7169 0.0032 0.1266 0.0329 0.0053 0.0037 0.0099 
        TA15  2 0.0009 0.0010 0.0023 0.0014 0.0015 0.0047 0.0026 0.0046 0.0056 0.0033 0.0465 0.0057 0.0048 0.0104 0.8319 0.0083 0.0346 0.0102 0.0060 0.0036 0.0105 
        TA16  2 0.0144 0.0013 0.0047 0.0011 0.0014 0.0273 0.0042 0.0096 0.0046 0.0028 0.0570 0.0030 0.0047 0.0072 0.6983 0.0317 0.0699 0.0151 0.0265 0.0045 0.0106 
        TA17  2 0.0009 0.0047 0.0018 0.0017 0.0041 0.0030 0.0016 0.0088 0.0088 0.0066 0.0519 0.0035 0.0043 0.0121 0.7678 0.0046 0.0237 0.0137 0.0211 0.0046 0.0508 
        TA18  2 0.0014 0.0015 0.0010 0.0258 0.0025 0.0028 0.0029 0.0066 0.0019 0.0028 0.0158 0.0023 0.0040 0.0141 0.7525 0.0396 0.0440 0.0207 0.0079 0.0043 0.0457 
        TA19  2 0.0225 0.0287 0.0012 0.0057 0.0049 0.0053 0.0022 0.0041 0.0023 0.0033 0.0388 0.0027 0.0170 0.0123 0.5775 0.0149 0.2112 0.0160 0.0104 0.0052 0.0137 
        TA20  2 0.0008 0.0012 0.0009 0.0011 0.0019 0.0054 0.0017 0.0489 0.0021 0.0026 0.0154 0.0022 0.0041 0.0707 0.7863 0.0045 0.0139 0.0094 0.0102 0.0058 0.0108 
        TA21  2 0.0018 0.0014 0.0057 0.0013 0.0014 0.0753 0.0052 0.0050 0.0061 0.0078 0.0328 0.0036 0.0086 0.0137 0.5598 0.0060 0.1916 0.0224 0.0105 0.0081 0.0317 
        TA22  2 0.0008 0.0009 0.0010 0.0013 0.0016 0.0037 0.0011 0.0037 0.0046 0.0015 0.0476 0.0018 0.0038 0.0249 0.8444 0.0035 0.0150 0.0107 0.0111 0.0045 0.0125 
        TA23  2 0.0012 0.0014 0.0010 0.0011 0.0013 0.0069 0.0015 0.0026 0.0026 0.0031 0.1340 0.0031 0.0040 0.0089 0.6995 0.0048 0.0858 0.0129 0.0063 0.0045 0.0133 
        TA24  2 0.0022 0.0084 0.0494 0.0016 0.0017 0.0037 0.0038 0.0039 0.0020 0.0034 0.0365 0.0051 0.0078 0.0077 0.7551 0.0049 0.0415 0.0213 0.0198 0.0053 0.0149 
        TA25  2 0.0012 0.0010 0.0075 0.0014 0.0170 0.0032 0.0017 0.0084 0.0030 0.0030 0.0286 0.0078 0.0131 0.0063 0.5998 0.1266 0.1170 0.0128 0.0236 0.0050 0.0120 
        TA26  2 0.0037 0.0022 0.0026 0.0013 0.0040 0.0920 0.0016 0.0030 0.0126 0.0021 0.0423 0.0075 0.0047 0.0142 0.5387 0.0135 0.2047 0.0109 0.0136 0.0116 0.0131 
        TA27  2 0.0019 0.0018 0.0011 0.0012 0.0027 0.0045 0.0023 0.0304 0.0039 0.0023 0.0204 0.0152 0.0054 0.0128 0.8006 0.0060 0.0339 0.0174 0.0172 0.0039 0.0153 
        TA28  2 0.0035 0.0012 0.0020 0.0021 0.0014 0.0263 0.0042 0.0056 0.0021 0.0135 0.0162 0.0042 0.0037 0.0145 0.7942 0.0041 0.0253 0.0245 0.0207 0.0093 0.0214 
        TA29  2 0.0010 0.0077 0.0011 0.0016 0.0030 0.0039 0.0025 0.0041 0.0155 0.0044 0.1214 0.0040 0.0049 0.0095 0.7334 0.0070 0.0358 0.0139 0.0103 0.0056 0.0094 
        TA30  2 0.0742 0.0102 0.0023 0.0017 0.0021 0.1857 0.0109 0.0026 0.0100 0.0122 0.0370 0.0095 0.0046 0.0243 0.4522 0.0060 0.1150 0.0138 0.0073 0.0078 0.0106 
      BERM01  3 0.0731 0.0009 0.0009 0.0010 0.0011 0.0038 0.0012 0.0026 0.0024 0.0015 0.8533 0.0021 0.0039 0.0060 0.0028 0.0041 0.0083 0.0077 0.0055 0.0038 0.0142 
      BERM02  3 0.0031 0.0007 0.0009 0.0016 0.0010 0.0055 0.0014 0.0020 0.0025 0.0013 0.9139 0.0026 0.0041 0.0072 0.0039 0.0034 0.0164 0.0082 0.0059 0.0045 0.0097 
      BERM03  3 0.0010 0.0011 0.0008 0.0009 0.0014 0.0035 0.0013 0.0018 0.0048 0.0015 0.9241 0.0022 0.0033 0.0081 0.0022 0.0044 0.0077 0.0095 0.0088 0.0043 0.0074 
      BERM04  3 0.0025 0.0015 0.0007 0.0008 0.0011 0.0042 0.0010 0.0019 0.0032 0.0012 0.9271 0.0022 0.0030 0.0066 0.0016 0.0051 0.0082 0.0093 0.0064 0.0048 0.0075 
      BERM05  3 0.0034 0.0012 0.0009 0.0008 0.0020 0.0036 0.0016 0.0018 0.0051 0.0018 0.9097 0.0016 0.0035 0.0085 0.0020 0.0053 0.0062 0.0142 0.0086 0.0059 0.0125 
      BERM06  3 0.0058 0.0012 0.0008 0.0014 0.0010 0.0411 0.0012 0.0024 0.0029 0.0011 0.8707 0.0018 0.0036 0.0060 0.0026 0.0032 0.0141 0.0105 0.0134 0.0053 0.0099 
      BERM07  3 0.0056 0.0018 0.0007 0.0011 0.0018 0.0057 0.0017 0.0021 0.0027 0.0026 0.9097 0.0027 0.0040 0.0077 0.0036 0.0065 0.0128 0.0093 0.0060 0.0046 0.0073 
      BERM08  3 0.0041 0.0009 0.0007 0.0007 0.0010 0.0030 0.0010 0.0017 0.0015 0.0012 0.9300 0.0015 0.0058 0.0054 0.0020 0.0035 0.0122 0.0075 0.0053 0.0051 0.0060 
      BERM09  3 0.0837 0.0009 0.0008 0.0016 0.0016 0.1586 0.0014 0.0016 0.0026 0.0014 0.6489 0.0026 0.0032 0.0076 0.0092 0.0046 0.0389 0.0085 0.0100 0.0033 0.0089 
      BERM10  3 0.0077 0.0031 0.0014 0.0011 0.0022 0.0096 0.0061 0.0023 0.0029 0.0018 0.8613 0.0036 0.0134 0.0069 0.0058 0.0044 0.0201 0.0106 0.0199 0.0069 0.0088 
      BERM11  3 0.0029 0.0009 0.0008 0.0011 0.0009 0.0331 0.0012 0.0024 0.0017 0.0018 0.8890 0.0019 0.0045 0.0075 0.0030 0.0047 0.0157 0.0080 0.0055 0.0054 0.0079 
      BERM12  3 0.0011 0.0009 0.0008 0.0010 0.0067 0.0081 0.0010 0.0016 0.0016 0.0014 0.8609 0.0018 0.0034 0.0073 0.0042 0.0056 0.0089 0.0288 0.0047 0.0264 0.0237 
      BERM13  3 0.0035 0.0013 0.0015 0.0016 0.0014 0.0032 0.0020 0.0020 0.0031 0.0017 0.9118 0.0020 0.0031 0.0075 0.0029 0.0053 0.0093 0.0177 0.0072 0.0039 0.0081 
      BERM14  3 0.0030 0.0010 0.0008 0.0008 0.0018 0.0221 0.0010 0.0023 0.0024 0.0013 0.8887 0.0020 0.0031 0.0059 0.0026 0.0053 0.0224 0.0141 0.0052 0.0040 0.0101 
      CROC01  3 0.0040 0.0031 0.0014 0.0026 0.0045 0.0043 0.0049 0.0027 0.0033 0.0019 0.8371 0.0074 0.0038 0.0412 0.0029 0.0075 0.0116 0.0202 0.0116 0.0059 0.0182 
      CROC02  3 0.0015 0.0009 0.0045 0.0021 0.0016 0.0189 0.0029 0.0021 0.0044 0.0028 0.8295 0.0039 0.0047 0.0114 0.0043 0.0062 0.0096 0.0339 0.0276 0.0091 0.0181 
      CROC03  3 0.0022 0.0016 0.0009 0.0015 0.0015 0.0550 0.0018 0.0022 0.0027 0.0033 0.8414 0.0019 0.0071 0.0090 0.0034 0.0050 0.0114 0.0172 0.0075 0.0125 0.0106 
      CROC04  3 0.0021 0.0009 0.0010 0.0013 0.0017 0.0025 0.0022 0.0018 0.0023 0.0017 0.8072 0.0023 0.0041 0.0064 0.0088 0.0044 0.0368 0.0138 0.0835 0.0037 0.0113 
      CROC05  3 0.0032 0.0009 0.0015 0.0010 0.0013 0.0125 0.0013 0.0020 0.0031 0.0016 0.8876 0.0033 0.0049 0.0075 0.0025 0.0073 0.0079 0.0112 0.0238 0.0046 0.0110 
      CROC06  3 0.0045 0.0011 0.0010 0.0014 0.0017 0.0058 0.0019 0.0025 0.0016 0.0019 0.7912 0.0020 0.0105 0.0177 0.0078 0.0140 0.0187 0.0282 0.0663 0.0069 0.0131 
      CROC07  3 0.0028 0.0015 0.0014 0.0021 0.0022 0.0123 0.0018 0.0031 0.0037 0.0017 0.8656 0.0043 0.0050 0.0105 0.0093 0.0051 0.0164 0.0122 0.0119 0.0049 0.0223 
      CROC08  3 0.0023 0.0016 0.0016 0.0011 0.0034 0.0041 0.0014 0.0051 0.0024 0.0050 0.8542 0.0110 0.0056 0.0267 0.0062 0.0100 0.0072 0.0148 0.0086 0.0109 0.0168 
      CROC09  3 0.0879 0.0008 0.0008 0.0012 0.0012 0.0185 0.0011 0.0016 0.0023 0.0021 0.7534 0.0020 0.0510 0.0167 0.0021 0.0038 0.0078 0.0183 0.0071 0.0076 0.0128 
      CROC10  3 0.0942 0.0009 0.0008 0.0013 0.0011 0.0043 0.0012 0.0017 0.0053 0.0012 0.8266 0.0030 0.0039 0.0059 0.0024 0.0070 0.0097 0.0092 0.0062 0.0056 0.0086 
      CROC11  3 0.0879 0.0008 0.0008 0.0012 0.0012 0.0189 0.0011 0.0017 0.0023 0.0021 0.7524 0.0019 0.0511 0.0167 0.0021 0.0037 0.0078 0.0187 0.0074 0.0076 0.0127 
     CROC110  3 0.0070 0.0015 0.0016 0.0013 0.0018 0.0270 0.0024 0.0023 0.0064 0.0030 0.8119 0.0127 0.0150 0.0194 0.0069 0.0045 0.0116 0.0278 0.0196 0.0041 0.0124 
     CROC116  3 0.0017 0.0014 0.0017 0.0016 0.0024 0.0093 0.0020 0.0065 0.0058 0.0021 0.7995 0.0039 0.0078 0.0086 0.0112 0.0048 0.0161 0.0376 0.0134 0.0105 0.0522 
      CROC12  3 0.0034 0.0008 0.0013 0.0011 0.0011 0.0030 0.0017 0.0022 0.0030 0.0020 0.9203 0.0022 0.0049 0.0077 0.0038 0.0036 0.0089 0.0090 0.0087 0.0044 0.0069 
     CROC123  3 0.0038 0.0007 0.0009 0.0009 0.0009 0.0078 0.0010 0.0018 0.0024 0.0015 0.9220 0.0028 0.0030 0.0060 0.0030 0.0030 0.0115 0.0114 0.0051 0.0046 0.0058 
      CROC13  3 0.0015 0.0013 0.0007 0.0008 0.0017 0.0066 0.0015 0.0020 0.0067 0.0021 0.9099 0.0022 0.0041 0.0071 0.0025 0.0063 0.0082 0.0094 0.0074 0.0114 0.0066 
      CROC14  3 0.0024 0.0006 0.0020 0.0009 0.0008 0.0156 0.0014 0.0038 0.0023 0.0021 0.8263 0.0020 0.0120 0.0177 0.0030 0.0502 0.0147 0.0083 0.0198 0.0063 0.0078 
      CROC15  3 0.0015 0.0012 0.0012 0.0010 0.0013 0.0031 0.0017 0.0026 0.0026 0.0020 0.7882 0.0024 0.0056 0.0293 0.0022 0.0104 0.0108 0.1059 0.0084 0.0094 0.0093 
      CROC16  3 0.0487 0.0012 0.0009 0.0012 0.0016 0.0097 0.0039 0.0059 0.0125 0.0028 0.7994 0.0045 0.0056 0.0107 0.0018 0.0057 0.0076 0.0187 0.0117 0.0222 0.0235 
      CROC17  3 0.0013 0.0008 0.0010 0.0010 0.0009 0.0027 0.0011 0.0016 0.0015 0.0017 0.8627 0.0019 0.0032 0.0060 0.0524 0.0034 0.0119 0.0074 0.0274 0.0045 0.0058 
      CROC18  3 0.0014 0.0011 0.0010 0.0071 0.0031 0.0039 0.0019 0.0062 0.0030 0.0013 0.8836 0.0025 0.0056 0.0092 0.0038 0.0037 0.0132 0.0147 0.0062 0.0198 0.0076 
      CROC19  3 0.0026 0.0023 0.0018 0.0016 0.0020 0.0037 0.0067 0.0018 0.0020 0.0025 0.8550 0.0032 0.0105 0.0089 0.0058 0.0057 0.0167 0.0139 0.0373 0.0052 0.0109 
     CROC198  3 0.0063 0.0019 0.0014 0.0010 0.0029 0.0090 0.0034 0.0016 0.0029 0.0018 0.9063 0.0034 0.0036 0.0087 0.0023 0.0059 0.0088 0.0078 0.0071 0.0046 0.0092 
      CROC20  3 0.0029 0.0013 0.0011 0.0029 0.0015 0.0074 0.0020 0.0038 0.0034 0.0063 0.8774 0.0076 0.0051 0.0112 0.0024 0.0052 0.0087 0.0164 0.0115 0.0086 0.0131 
     CROC202  3 0.0027 0.0018 0.0010 0.0011 0.0035 0.0085 0.0016 0.0019 0.0023 0.0019 0.8892 0.0028 0.0057 0.0074 0.0024 0.0069 0.0119 0.0129 0.0082 0.0189 0.0076 
      CROC21  3 0.0041 0.0010 0.0008 0.0011 0.0014 0.0037 0.0018 0.0022 0.0047 0.0013 0.8891 0.0036 0.0213 0.0121 0.0029 0.0052 0.0152 0.0101 0.0057 0.0056 0.0069 
     CROC216  3 0.0054 0.0010 0.0009 0.0012 0.0015 0.0101 0.0023 0.0025 0.0027 0.0016 0.8510 0.0026 0.0036 0.0117 0.0031 0.0047 0.0234 0.0413 0.0129 0.0075 0.0089 
      CROC22  3 0.0031 0.0008 0.0011 0.0014 0.0370 0.0538 0.0016 0.0269 0.0066 0.0013 0.7900 0.0053 0.0048 0.0069 0.0044 0.0049 0.0166 0.0123 0.0078 0.0063 0.0070 
      CROC23  3 0.0738 0.0011 0.0026 0.0016 0.0015 0.0044 0.0015 0.0022 0.0068 0.0020 0.8015 0.0029 0.0119 0.0079 0.0044 0.0046 0.0294 0.0111 0.0071 0.0057 0.0160 
      CROC24  3 0.0151 0.0008 0.0012 0.0009 0.0016 0.0339 0.0018 0.0036 0.0023 0.0021 0.8566 0.0021 0.0047 0.0088 0.0044 0.0041 0.0109 0.0116 0.0106 0.0111 0.0117 
      CROC25  3 0.0016 0.0010 0.0008 0.0012 0.0012 0.0058 0.0011 0.0017 0.0022 0.0015 0.9221 0.0017 0.0028 0.0078 0.0026 0.0048 0.0097 0.0109 0.0070 0.0040 0.0085 
     CROC259  3 0.0042 0.0012 0.0015 0.0009 0.0012 0.0067 0.0013 0.0031 0.0038 0.0021 0.8337 0.0015 0.0038 0.0070 0.0179 0.0330 0.0399 0.0090 0.0119 0.0061 0.0104 
      CROC26  3 0.0032 0.0017 0.0009 0.0009 0.0021 0.0041 0.0017 0.0019 0.0020 0.0022 0.8078 0.0017 0.0040 0.0084 0.1037 0.0062 0.0099 0.0125 0.0061 0.0056 0.0134 
      CROC27  3 0.0047 0.0013 0.0014 0.0014 0.0020 0.0470 0.0034 0.0054 0.0025 0.0051 0.8181 0.0023 0.0039 0.0154 0.0196 0.0045 0.0160 0.0135 0.0101 0.0054 0.0171 
      CROC28  3 0.0282 0.0009 0.0008 0.0008 0.0012 0.1790 0.0020 0.0026 0.0021 0.0016 0.6828 0.0019 0.0039 0.0063 0.0133 0.0047 0.0274 0.0104 0.0099 0.0045 0.0157 
      CROC29  3 0.0011 0.0009 0.0016 0.0010 0.0014 0.0069 0.0025 0.0018 0.0026 0.0016 0.8948 0.0030 0.0042 0.0184 0.0024 0.0041 0.0122 0.0163 0.0086 0.0053 0.0091 
      CROC30  3 0.0066 0.0010 0.0055 0.0020 0.0014 0.0065 0.0028 0.0049 0.0029 0.0048 0.7931 0.0043 0.0045 0.0123 0.0033 0.0049 0.0193 0.0263 0.0661 0.0069 0.0206 
      CROC31  3 0.0262 0.0010 0.0016 0.0012 0.0016 0.0186 0.0024 0.0039 0.0067 0.0015 0.7986 0.0088 0.0049 0.0082 0.0154 0.0058 0.0153 0.0127 0.0083 0.0054 0.0519 
      CROC32  3 0.0021 0.0009 0.0011 0.0009 0.0016 0.0099 0.0014 0.0019 0.0032 0.0011 0.9137 0.0031 0.0033 0.0064 0.0027 0.0050 0.0088 0.0094 0.0121 0.0043 0.0071 
      CROC33  3 0.0013 0.0012 0.0009 0.0012 0.0014 0.0054 0.0019 0.0017 0.0019 0.0141 0.8535 0.0018 0.0048 0.0274 0.0025 0.0029 0.0226 0.0129 0.0166 0.0063 0.0176 
      CROC34  3 0.0018 0.0014 0.0009 0.0011 0.0014 0.0031 0.0018 0.0027 0.0019 0.0021 0.9078 0.0017 0.0032 0.0078 0.0034 0.0058 0.0099 0.0111 0.0080 0.0051 0.0179 
      CROC35  3 0.0027 0.0006 0.0022 0.0008 0.0008 0.0135 0.0010 0.0017 0.0015 0.0106 0.8537 0.0018 0.0048 0.0058 0.0068 0.0039 0.0131 0.0066 0.0579 0.0038 0.0065 
      CROC36  3 0.0237 0.0009 0.0009 0.0012 0.0013 0.0042 0.0012 0.0018 0.0042 0.0014 0.8958 0.0024 0.0046 0.0070 0.0024 0.0056 0.0082 0.0121 0.0071 0.0050 0.0089 
      CROC57  3 0.0014 0.0010 0.0008 0.0009 0.0014 0.0035 0.0014 0.0017 0.0026 0.0017 0.9171 0.0023 0.0036 0.0098 0.0019 0.0087 0.0071 0.0114 0.0073 0.0048 0.0098 
      CROC81  3 0.0030 0.0009 0.0014 0.0019 0.0020 0.0087 0.0018 0.0018 0.0034 0.0021 0.8450 0.0085 0.0038 0.0152 0.0027 0.0050 0.0093 0.0176 0.0108 0.0248 0.0304 
      CROC84  3 0.0077 0.0007 0.0007 0.0006 0.0031 0.0096 0.0010 0.0012 0.0017 0.0013 0.9106 0.0017 0.0031 0.0058 0.0034 0.0035 0.0078 0.0111 0.0046 0.0098 0.0111 
        FW01  3 0.0009 0.0015 0.0010 0.0011 0.0022 0.8919 0.0020 0.0022 0.0031 0.0027 0.0157 0.0038 0.0046 0.0108 0.0019 0.0056 0.0092 0.0129 0.0072 0.0089 0.0109 
        FW02  3 0.9450 0.0007 0.0006 0.0007 0.0008 0.0020 0.0009 0.0011 0.0015 0.0011 0.0076 0.0014 0.0027 0.0052 0.0014 0.0031 0.0049 0.0065 0.0041 0.0031 0.0055 
        FW03  3 0.0010 0.0009 0.0007 0.0008 0.0011 0.9292 0.0011 0.0014 0.0018 0.0013 0.0097 0.0019 0.0031 0.0063 0.0018 0.0034 0.0073 0.0100 0.0057 0.0047 0.0068 
        FW04  3 0.9451 0.0007 0.0006 0.0007 0.0008 0.0021 0.0009 0.0011 0.0015 0.0011 0.0075 0.0014 0.0027 0.0052 0.0014 0.0031 0.0050 0.0065 0.0041 0.0032 0.0055 
        FW05  3 0.9450 0.0007 0.0006 0.0007 0.0008 0.0020 0.0009 0.0011 0.0015 0.0011 0.0076 0.0015 0.0027 0.0052 0.0014 0.0031 0.0050 0.0065 0.0041 0.0031 0.0055 
        FW06  3 0.9449 0.0007 0.0006 0.0007 0.0008 0.0020 0.0009 0.0011 0.0015 0.0010 0.0076 0.0014 0.0027 0.0052 0.0014 0.0031 0.0051 0.0065 0.0041 0.0032 0.0055 
        FW07  3 0.0010 0.0009 0.0007 0.0008 0.0011 0.9292 0.0011 0.0014 0.0018 0.0013 0.0098 0.0019 0.0031 0.0063 0.0018 0.0034 0.0073 0.0099 0.0057 0.0046 0.0068 
        FW08  3 0.9451 0.0007 0.0006 0.0007 0.0008 0.0020 0.0010 0.0012 0.0015 0.0011 0.0075 0.0014 0.0027 0.0051 0.0014 0.0031 0.0050 0.0065 0.0041 0.0032 0.0056 
        FW09  3 0.9452 0.0007 0.0006 0.0007 0.0008 0.0020 0.0009 0.0011 0.0015 0.0011 0.0076 0.0014 0.0027 0.0052 0.0014 0.0030 0.0049 0.0065 0.0040 0.0031 0.0055 
        FW10  3 0.0010 0.0009 0.0007 0.0008 0.0011 0.9274 0.0011 0.0015 0.0020 0.0013 0.0098 0.0020 0.0032 0.0068 0.0019 0.0033 0.0075 0.0101 0.0053 0.0047 0.0076 
       FW100  3 0.0019 0.0009 0.0007 0.0008 0.0011 0.9250 0.0012 0.0014 0.0020 0.0013 0.0112 0.0020 0.0031 0.0068 0.0018 0.0033 0.0083 0.0093 0.0053 0.0047 0.0077 
       FW101  3 0.0010 0.0009 0.0007 0.0008 0.0011 0.9274 0.0011 0.0015 0.0020 0.0014 0.0099 0.0020 0.0032 0.0068 0.0018 0.0034 0.0074 0.0100 0.0054 0.0046 0.0076 
       FW102  3 0.9452 0.0006 0.0006 0.0007 0.0009 0.0020 0.0009 0.0012 0.0015 0.0011 0.0076 0.0014 0.0027 0.0051 0.0014 0.0030 0.0050 0.0065 0.0041 0.0031 0.0055 
       FW103  3 0.9453 0.0007 0.0006 0.0007 0.0008 0.0020 0.0010 0.0011 0.0015 0.0011 0.0075 0.0014 0.0027 0.0051 0.0014 0.0030 0.0049 0.0065 0.0041 0.0031 0.0055 
       FW104  3 0.0009 0.0016 0.0010 0.0010 0.0023 0.8925 0.0019 0.0022 0.0032 0.0027 0.0155 0.0037 0.0047 0.0107 0.0019 0.0056 0.0091 0.0130 0.0070 0.0087 0.0108 
       FW105  3 0.0010 0.0009 0.0006 0.0008 0.0011 0.9276 0.0011 0.0014 0.0020 0.0013 0.0097 0.0021 0.0031 0.0068 0.0019 0.0033 0.0074 0.0100 0.0054 0.0047 0.0076 
       FW106  3 0.0448 0.0016 0.0015 0.0120 0.0015 0.0222 0.0019 0.0043 0.0047 0.0797 0.7046 0.0048 0.0081 0.0077 0.0077 0.0042 0.0268 0.0274 0.0076 0.0095 0.0176 
       FW107  3 0.0009 0.0016 0.0010 0.0011 0.0022 0.8924 0.0019 0.0023 0.0033 0.0026 0.0154 0.0036 0.0045 0.0107 0.0019 0.0055 0.0091 0.0132 0.0072 0.0087 0.0109 
       FW108  3 0.9450 0.0006 0.0006 0.0007 0.0008 0.0020 0.0009 0.0011 0.0015 0.0011 0.0076 0.0015 0.0027 0.0052 0.0014 0.0031 0.0050 0.0065 0.0041 0.0031 0.0055 
       FW109  3 0.0010 0.0009 0.0007 0.0008 0.0011 0.9276 0.0011 0.0014 0.0020 0.0014 0.0098 0.0021 0.0031 0.0068 0.0019 0.0034 0.0075 0.0100 0.0053 0.0046 0.0076 
        FW11  3 0.0018 0.0009 0.0007 0.0008 0.0011 0.9250 0.0012 0.0014 0.0020 0.0013 0.0113 0.0021 0.0031 0.0067 0.0019 0.0033 0.0081 0.0094 0.0053 0.0047 0.0078 
       FW110  3 0.0010 0.0009 0.0007 0.0008 0.0011 0.9290 0.0011 0.0014 0.0018 0.0013 0.0098 0.0020 0.0031 0.0063 0.0018 0.0034 0.0074 0.0099 0.0058 0.0047 0.0069 
       FW111  3 0.9451 0.0007 0.0006 0.0007 0.0008 0.0020 0.0009 0.0011 0.0015 0.0011 0.0075 0.0015 0.0027 0.0051 0.0014 0.0031 0.0049 0.0065 0.0041 0.0031 0.0056 
       FW112  3 0.0019 0.0009 0.0007 0.0008 0.0012 0.9251 0.0012 0.0014 0.0020 0.0013 0.0112 0.0020 0.0031 0.0068 0.0019 0.0034 0.0082 0.0093 0.0053 0.0046 0.0078 
       FW113  3 0.9451 0.0007 0.0006 0.0007 0.0008 0.0020 0.0009 0.0011 0.0015 0.0011 0.0075 0.0015 0.0027 0.0051 0.0014 0.0031 0.0049 0.0065 0.0041 0.0032 0.0055 
       FW114  3 0.0010 0.0009 0.0008 0.0008 0.0012 0.9243 0.0013 0.0015 0.0019 0.0014 0.0102 0.0021 0.0032 0.0062 0.0022 0.0034 0.0097 0.0101 0.0063 0.0046 0.0071 
       FW115  3 0.0010 0.0009 0.0007 0.0008 0.0011 0.9274 0.0011 0.0015 0.0021 0.0013 0.0098 0.0021 0.0031 0.0067 0.0019 0.0033 0.0074 0.0101 0.0053 0.0047 0.0076 
       FW116  3 0.9451 0.0007 0.0006 0.0007 0.0008 0.0020 0.0009 0.0011 0.0015 0.0011 0.0076 0.0014 0.0027 0.0051 0.0014 0.0031 0.0049 0.0065 0.0041 0.0032 0.0055 
        FW12  3 0.9452 0.0007 0.0006 0.0007 0.0008 0.0020 0.0009 0.0012 0.0015 0.0011 0.0075 0.0015 0.0027 0.0051 0.0014 0.0030 0.0050 0.0064 0.0041 0.0031 0.0055 
        FW13  3 0.9450 0.0006 0.0006 0.0007 0.0008 0.0020 0.0009 0.0011 0.0015 0.0011 0.0076 0.0014 0.0027 0.0052 0.0014 0.0031 0.0050 0.0065 0.0041 0.0031 0.0055 
        FW14  3 0.0009 0.0016 0.0010 0.0011 0.0021 0.8919 0.0020 0.0023 0.0033 0.0026 0.0158 0.0036 0.0046 0.0106 0.0019 0.0056 0.0091 0.0132 0.0071 0.0088 0.0109 
        FW15  3 0.0009 0.0015 0.0010 0.0011 0.0022 0.8919 0.0019 0.0023 0.0032 0.0027 0.0156 0.0037 0.0046 0.0106 0.0019 0.0056 0.0092 0.0132 0.0072 0.0089 0.0109 
        FW16  3 0.0010 0.0009 0.0007 0.0008 0.0011 0.9274 0.0011 0.0015 0.0020 0.0013 0.0099 0.0020 0.0031 0.0068 0.0018 0.0033 0.0075 0.0101 0.0053 0.0047 0.0075 
        FW17  3 0.0010 0.0009 0.0007 0.0008 0.0011 0.9276 0.0011 0.0015 0.0020 0.0013 0.0098 0.0020 0.0031 0.0068 0.0019 0.0034 0.0075 0.0100 0.0053 0.0047 0.0075 
        FW18  3 0.0018 0.0009 0.0007 0.0008 0.0011 0.9253 0.0012 0.0014 0.0020 0.0013 0.0112 0.0020 0.0031 0.0068 0.0019 0.0034 0.0080 0.0093 0.0054 0.0046 0.0078 
        FW19  3 0.9453 0.0007 0.0006 0.0007 0.0008 0.0020 0.0009 0.0011 0.0015 0.0011 0.0075 0.0015 0.0027 0.0051 0.0014 0.0030 0.0049 0.0065 0.0041 0.0031 0.0055 
        FW20  3 0.9453 0.0007 0.0006 0.0007 0.0008 0.0020 0.0009 0.0011 0.0015 0.0011 0.0075 0.0014 0.0027 0.0051 0.0014 0.0031 0.0049 0.0065 0.0041 0.0031 0.0055 
        FW21  3 0.9451 0.0007 0.0005 0.0007 0.0008 0.0020 0.0009 0.0011 0.0015 0.0011 0.0075 0.0015 0.0027 0.0052 0.0014 0.0031 0.0050 0.0065 0.0041 0.0031 0.0055 
        FW22  3 0.0018 0.0009 0.0006 0.0008 0.0011 0.9253 0.0012 0.0014 0.0020 0.0013 0.0112 0.0020 0.0031 0.0068 0.0019 0.0034 0.0082 0.0094 0.0053 0.0046 0.0077 
        FW23  3 0.9452 0.0007 0.0006 0.0007 0.0008 0.0020 0.0009 0.0011 0.0015 0.0011 0.0075 0.0014 0.0027 0.0051 0.0014 0.0030 0.0050 0.0065 0.0041 0.0032 0.0055 
        FW24  3 0.9452 0.0007 0.0006 0.0007 0.0008 0.0020 0.0009 0.0011 0.0015 0.0011 0.0075 0.0014 0.0027 0.0051 0.0014 0.0031 0.0050 0.0065 0.0041 0.0031 0.0055 
        FW25  3 0.9452 0.0007 0.0006 0.0007 0.0008 0.0020 0.0009 0.0011 0.0015 0.0011 0.0075 0.0014 0.0027 0.0052 0.0014 0.0030 0.0050 0.0065 0.0041 0.0032 0.0055 
        FW26  3 0.9452 0.0007 0.0006 0.0007 0.0008 0.0020 0.0009 0.0011 0.0015 0.0011 0.0075 0.0015 0.0027 0.0051 0.0014 0.0031 0.0050 0.0065 0.0040 0.0032 0.0055 
        FW27  3 0.0010 0.0009 0.0007 0.0008 0.0011 0.9274 0.0011 0.0015 0.0021 0.0013 0.0098 0.0021 0.0031 0.0068 0.0019 0.0033 0.0075 0.0101 0.0053 0.0047 0.0076 
        FW28  3 0.9451 0.0007 0.0006 0.0007 0.0008 0.0020 0.0009 0.0011 0.0015 0.0011 0.0076 0.0015 0.0027 0.0051 0.0014 0.0031 0.0050 0.0065 0.0040 0.0032 0.0056 
        FW29  3 0.9451 0.0007 0.0006 0.0007 0.0008 0.0020 0.0009 0.0012 0.0015 0.0010 0.0075 0.0014 0.0028 0.0051 0.0014 0.0030 0.0049 0.0065 0.0041 0.0031 0.0056 
        FW30  3 0.0449 0.0016 0.0015 0.0125 0.0015 0.0229 0.0020 0.0044 0.0047 0.0799 0.7044 0.0045 0.0078 0.0076 0.0075 0.0042 0.0262 0.0272 0.0076 0.0095 0.0177 
        FW32  3 0.0009 0.0016 0.0010 0.0011 0.0021 0.8919 0.0019 0.0022 0.0032 0.0026 0.0157 0.0038 0.0047 0.0106 0.0020 0.0057 0.0091 0.0132 0.0072 0.0087 0.0109 
        FW33  3 0.9247 0.0007 0.0006 0.0022 0.0008 0.0020 0.0010 0.0012 0.0076 0.0010 0.0167 0.0014 0.0027 0.0052 0.0023 0.0031 0.0065 0.0065 0.0049 0.0032 0.0055 
        FW34  3 0.9451 0.0007 0.0006 0.0007 0.0008 0.0020 0.0009 0.0011 0.0015 0.0010 0.0076 0.0014 0.0027 0.0052 0.0014 0.0031 0.0049 0.0065 0.0041 0.0032 0.0055 
        FW35  3 0.9451 0.0007 0.0006 0.0007 0.0008 0.0020 0.0009 0.0011 0.0015 0.0011 0.0076 0.0014 0.0027 0.0052 0.0014 0.0031 0.0050 0.0065 0.0041 0.0031 0.0055 
        FW36  3 0.9453 0.0007 0.0006 0.0007 0.0008 0.0020 0.0009 0.0011 0.0015 0.0011 0.0075 0.0014 0.0027 0.0051 0.0014 0.0031 0.0049 0.0065 0.0041 0.0032 0.0055 
        FW37  3 0.0010 0.0009 0.0007 0.0008 0.0011 0.9275 0.0011 0.0015 0.0020 0.0013 0.0098 0.0021 0.0031 0.0068 0.0019 0.0033 0.0074 0.0099 0.0054 0.0047 0.0076 
        FW51  3 0.9452 0.0007 0.0006 0.0007 0.0008 0.0020 0.0009 0.0011 0.0015 0.0011 0.0075 0.0015 0.0027 0.0052 0.0014 0.0031 0.0049 0.0065 0.0041 0.0032 0.0055 
        FW52  3 0.0010 0.0009 0.0007 0.0008 0.0011 0.9273 0.0011 0.0014 0.0020 0.0013 0.0099 0.0020 0.0032 0.0067 0.0019 0.0034 0.0075 0.0102 0.0054 0.0046 0.0076 
        FW53  3 0.9453 0.0007 0.0006 0.0007 0.0008 0.0020 0.0009 0.0011 0.0015 0.0011 0.0074 0.0015 0.0027 0.0052 0.0014 0.0031 0.0049 0.0065 0.0041 0.0031 0.0055 
        FW54  3 0.0010 0.0009 0.0007 0.0008 0.0011 0.9291 0.0011 0.0014 0.0018 0.0013 0.0098 0.0019 0.0031 0.0063 0.0019 0.0034 0.0074 0.0100 0.0057 0.0046 0.0068 
        FW55  3 0.9452 0.0006 0.0006 0.0007 0.0008 0.0020 0.0009 0.0012 0.0015 0.0010 0.0076 0.0014 0.0027 0.0051 0.0014 0.0030 0.0050 0.0065 0.0041 0.0031 0.0055 
        FW56  3 0.9451 0.0007 0.0006 0.0007 0.0008 0.0020 0.0009 0.0011 0.0015 0.0011 0.0076 0.0014 0.0027 0.0052 0.0014 0.0031 0.0049 0.0065 0.0041 0.0031 0.0055 
        FW57  3 0.9450 0.0007 0.0006 0.0007 0.0008 0.0020 0.0009 0.0012 0.0015 0.0011 0.0076 0.0015 0.0027 0.0051 0.0014 0.0031 0.0049 0.0065 0.0041 0.0031 0.0056 
        FW78  3 0.9451 0.0007 0.0006 0.0007 0.0008 0.0020 0.0009 0.0011 0.0015 0.0010 0.0076 0.0015 0.0027 0.0052 0.0014 0.0030 0.0049 0.0065 0.0041 0.0032 0.0055 
        FW79  3 0.9449 0.0007 0.0006 0.0007 0.0008 0.0021 0.0009 0.0011 0.0015 0.0011 0.0076 0.0015 0.0027 0.0051 0.0014 0.0031 0.0050 0.0065 0.0041 0.0032 0.0055 
        FW80  3 0.9453 0.0007 0.0006 0.0007 0.0008 0.0020 0.0009 0.0011 0.0015 0.0010 0.0075 0.0014 0.0027 0.0051 0.0014 0.0031 0.0049 0.0065 0.0041 0.0032 0.0055 
        FW81  3 0.0010 0.0009 0.0007 0.0008 0.0011 0.9292 0.0011 0.0014 0.0018 0.0013 0.0099 0.0019 0.0031 0.0063 0.0018 0.0034 0.0073 0.0100 0.0057 0.0046 0.0068 
        FW82  3 0.0010 0.0009 0.0007 0.0008 0.0011 0.9271 0.0011 0.0015 0.0020 0.0013 0.0099 0.0021 0.0031 0.0068 0.0019 0.0034 0.0076 0.0101 0.0054 0.0047 0.0076 
        FW83  3 0.0009 0.0015 0.0010 0.0011 0.0022 0.8922 0.0020 0.0022 0.0032 0.0027 0.0156 0.0036 0.0046 0.0106 0.0019 0.0055 0.0091 0.0132 0.0071 0.0090 0.0108 
        FW84  3 0.9452 0.0007 0.0006 0.0007 0.0008 0.0020 0.0009 0.0011 0.0015 0.0011 0.0075 0.0014 0.0027 0.0051 0.0014 0.0030 0.0049 0.0065 0.0041 0.0032 0.0055 
        FW85  3 0.0010 0.0009 0.0007 0.0008 0.0011 0.9194 0.0012 0.0015 0.0020 0.0013 0.0099 0.0020 0.0035 0.0066 0.0020 0.0034 0.0092 0.0146 0.0061 0.0054 0.0076 
        FW86  3 0.0018 0.0009 0.0007 0.0008 0.0011 0.9248 0.0012 0.0014 0.0020 0.0013 0.0114 0.0020 0.0031 0.0068 0.0019 0.0034 0.0082 0.0093 0.0053 0.0047 0.0078 
        FW87  3 0.0018 0.0009 0.0007 0.0008 0.0011 0.9253 0.0012 0.0014 0.0019 0.0013 0.0111 0.0020 0.0031 0.0068 0.0019 0.0033 0.0082 0.0094 0.0053 0.0046 0.0078 
        FW88  3 0.9453 0.0007 0.0006 0.0007 0.0008 0.0020 0.0009 0.0011 0.0015 0.0010 0.0075 0.0014 0.0027 0.0051 0.0014 0.0031 0.0049 0.0064 0.0041 0.0031 0.0055 
        FW89  3 0.9453 0.0007 0.0006 0.0007 0.0008 0.0020 0.0009 0.0011 0.0015 0.0011 0.0075 0.0014 0.0027 0.0051 0.0014 0.0030 0.0049 0.0065 0.0041 0.0031 0.0055 
        FW90  3 0.9451 0.0007 0.0006 0.0007 0.0008 0.0020 0.0009 0.0011 0.0015 0.0010 0.0075 0.0015 0.0027 0.0052 0.0014 0.0031 0.0050 0.0065 0.0041 0.0031 0.0055 
        FW91  3 0.0010 0.0009 0.0006 0.0008 0.0012 0.9274 0.0011 0.0014 0.0021 0.0013 0.0097 0.0020 0.0031 0.0068 0.0019 0.0034 0.0076 0.0101 0.0053 0.0047 0.0076 
        FW92  3 0.9453 0.0007 0.0006 0.0007 0.0008 0.0020 0.0009 0.0011 0.0015 0.0011 0.0074 0.0014 0.0027 0.0052 0.0014 0.0030 0.0050 0.0065 0.0041 0.0032 0.0055 
        FW93  3 0.9452 0.0007 0.0006 0.0007 0.0008 0.0020 0.0009 0.0012 0.0015 0.0011 0.0076 0.0014 0.0027 0.0052 0.0014 0.0031 0.0049 0.0065 0.0041 0.0032 0.0055 
        FW94  3 0.0010 0.0009 0.0007 0.0008 0.0012 0.9272 0.0011 0.0014 0.0020 0.0013 0.0099 0.0020 0.0031 0.0068 0.0019 0.0034 0.0075 0.0101 0.0054 0.0048 0.0076 
        FW95  3 0.9450 0.0007 0.0006 0.0007 0.0008 0.0020 0.0009 0.0011 0.0015 0.0010 0.0076 0.0014 0.0028 0.0051 0.0014 0.0030 0.0050 0.0065 0.0041 0.0032 0.0056 
        FW96  3 0.9451 0.0007 0.0006 0.0007 0.0008 0.0020 0.0009 0.0012 0.0015 0.0011 0.0075 0.0015 0.0027 0.0052 0.0014 0.0030 0.0049 0.0064 0.0041 0.0032 0.0055 
        FW97  3 0.0080 0.0027 0.0107 0.0020 0.0040 0.0295 0.0054 0.0023 0.0023 0.0026 0.8182 0.0029 0.0037 0.0131 0.0031 0.0122 0.0112 0.0306 0.0103 0.0071 0.0180 
        FW98  3 0.0010 0.0009 0.0007 0.0008 0.0011 0.9294 0.0011 0.0014 0.0018 0.0013 0.0098 0.0019 0.0031 0.0063 0.0018 0.0033 0.0073 0.0099 0.0057 0.0047 0.0068 
        FW99  3 0.9452 0.0007 0.0006 0.0007 0.0008 0.0020 0.0009 0.0011 0.0015 0.0010 0.0075 0.0015 0.0027 0.0052 0.0014 0.0030 0.0049 0.0065 0.0041 0.0031 0.0056 
       Cal01  3 0.2103 0.0010 0.0010 0.0007 0.0022 0.0057 0.0085 0.0074 0.0021 0.0032 0.6707 0.0022 0.0032 0.0120 0.0034 0.0050 0.0131 0.0098 0.0066 0.0052 0.0266 
       Cal02  3 0.0058 0.0011 0.0009 0.0021 0.0016 0.0042 0.0015 0.0031 0.0036 0.0016 0.9026 0.0041 0.0051 0.0067 0.0029 0.0048 0.0125 0.0117 0.0082 0.0063 0.0098 
       Cal03  3 0.0527 0.0009 0.0008 0.0011 0.0011 0.0363 0.0015 0.0033 0.0039 0.0017 0.8035 0.0024 0.0062 0.0090 0.0028 0.0028 0.0088 0.0188 0.0145 0.0075 0.0204 
       Cal04  3 0.0009 0.0053 0.0018 0.0013 0.0017 0.0030 0.0061 0.0019 0.0023 0.0030 0.8601 0.0026 0.0175 0.0085 0.0036 0.0047 0.0155 0.0219 0.0215 0.0070 0.0098 
       Cal05  3 0.0035 0.0009 0.0006 0.0007 0.0010 0.0159 0.0011 0.0015 0.0014 0.0011 0.9053 0.0014 0.0032 0.0054 0.0184 0.0029 0.0101 0.0090 0.0057 0.0044 0.0064 
       Cal06  3 0.0036 0.0008 0.0009 0.0013 0.0014 0.0040 0.0017 0.0056 0.0032 0.0018 0.8314 0.0028 0.0067 0.0079 0.0049 0.0105 0.0429 0.0114 0.0370 0.0051 0.0151 
       Cal07  3 0.0155 0.0006 0.0008 0.0009 0.0010 0.0049 0.0012 0.0017 0.0016 0.0015 0.8869 0.0020 0.0031 0.0061 0.0282 0.0035 0.0141 0.0100 0.0067 0.0035 0.0061 
       Cal08  3 0.0488 0.0021 0.0026 0.0010 0.0027 0.0139 0.0018 0.0021 0.0027 0.0061 0.7958 0.0025 0.0052 0.0088 0.0035 0.0091 0.0109 0.0178 0.0425 0.0066 0.0134 
       Cal09  3 0.0379 0.0013 0.0008 0.0012 0.0015 0.0053 0.0168 0.0016 0.0028 0.0018 0.8411 0.0031 0.0037 0.0078 0.0292 0.0043 0.0143 0.0079 0.0061 0.0053 0.0061 
       Cal10  3 0.0010 0.0013 0.0012 0.0009 0.0016 0.0063 0.0020 0.0060 0.0024 0.0035 0.8785 0.0032 0.0044 0.0141 0.0027 0.0035 0.0175 0.0185 0.0164 0.0061 0.0090 
       Cal11  3 0.0089 0.0019 0.0013 0.0015 0.0023 0.0205 0.0019 0.0022 0.0032 0.0028 0.8162 0.0057 0.0046 0.0082 0.0046 0.0576 0.0184 0.0122 0.0099 0.0048 0.0112 
      Cal197  3 0.3245 0.0006 0.0011 0.0010 0.0009 0.0036 0.0015 0.0023 0.0024 0.0043 0.5638 0.0020 0.0078 0.0119 0.0042 0.0033 0.0170 0.0088 0.0291 0.0035 0.0064 
