        TC01  1 0.0021 0.0098 0.0019 0.0020 0.0007 0.0053 0.8738 0.0021 0.0118 0.0014 0.0035 0.0225 0.0037 0.0082 0.0019 0.0230 0.0261 
        TC02  1 0.0016 0.0021 0.0023 0.0029 0.0016 0.0035 0.9131 0.0031 0.0039 0.0026 0.0055 0.0078 0.0038 0.0060 0.0025 0.0293 0.0085 
        TC03  1 0.0016 0.0016 0.0019 0.0018 0.0012 0.0025 0.8980 0.0022 0.0038 0.0015 0.0050 0.0131 0.0033 0.0137 0.0027 0.0421 0.0040 
        TC04  1 0.0010 0.0040 0.0162 0.0060 0.0019 0.0058 0.7192 0.0052 0.0031 0.0052 0.0027 0.0269 0.0027 0.0095 0.0022 0.1830 0.0054 
        TC05  1 0.0007 0.0015 0.0166 0.0019 0.0011 0.0024 0.9094 0.0017 0.0018 0.0024 0.0035 0.0045 0.0063 0.0051 0.0024 0.0359 0.0028 
        TC06  1 0.0023 0.0025 0.0014 0.0023 0.0010 0.0074 0.7730 0.0047 0.0026 0.0030 0.0048 0.0080 0.0066 0.0041 0.0018 0.1710 0.0034 
        TC07  1 0.0009 0.0024 0.0030 0.0042 0.0009 0.0055 0.9094 0.0011 0.0017 0.0027 0.0020 0.0055 0.0024 0.0068 0.0036 0.0331 0.0148 
        TC08  1 0.0007 0.0014 0.0032 0.0021 0.0012 0.0035 0.9158 0.0091 0.0027 0.0022 0.0032 0.0040 0.0049 0.0029 0.0039 0.0353 0.0039 
        TC09  1 0.0225 0.0014 0.0023 0.0016 0.0009 0.0041 0.7630 0.0828 0.0015 0.0013 0.0035 0.0064 0.0065 0.0117 0.0016 0.0859 0.0031 
        TC10  1 0.0203 0.0012 0.0014 0.0013 0.0008 0.0019 0.8635 0.0015 0.0090 0.0038 0.0027 0.0045 0.0021 0.0408 0.0016 0.0276 0.0159 
        TC11  1 0.0012 0.0009 0.0013 0.0011 0.0009 0.0021 0.9474 0.0021 0.0030 0.0016 0.0024 0.0060 0.0011 0.0045 0.0020 0.0131 0.0092 
        TC12  1 0.0011 0.0548 0.0021 0.0040 0.0008 0.0043 0.8035 0.0024 0.0048 0.0024 0.0076 0.0190 0.0033 0.0110 0.0036 0.0657 0.0093 
        TC13  1 0.0041 0.0009 0.0014 0.0017 0.0013 0.0023 0.9299 0.0050 0.0026 0.0020 0.0020 0.0044 0.0018 0.0031 0.0016 0.0326 0.0032 
        TC14  1 0.0083 0.0018 0.0024 0.0016 0.0021 0.0027 0.6969 0.0030 0.0037 0.0021 0.0035 0.0120 0.0192 0.0057 0.0053 0.2243 0.0056 
        TC15  1 0.0070 0.0025 0.0035 0.0020 0.0029 0.0051 0.7517 0.0108 0.0043 0.0040 0.0031 0.0089 0.0057 0.0080 0.0025 0.1752 0.0028 
        TC16  1 0.0223 0.0059 0.0029 0.0036 0.0015 0.0041 0.7093 0.0660 0.0027 0.0032 0.0060 0.0126 0.0081 0.0051 0.0069 0.1362 0.0036 
        TC17  1 0.0264 0.0023 0.0055 0.0116 0.0015 0.0384 0.6486 0.0028 0.0058 0.0049 0.0099 0.0174 0.0047 0.0082 0.0071 0.1961 0.0087 
        TC18  1 0.0023 0.0012 0.0174 0.0027 0.0009 0.0024 0.8486 0.0030 0.0084 0.0027 0.0111 0.0452 0.0018 0.0119 0.0045 0.0298 0.0064 
        TC19  1 0.0161 0.0010 0.0011 0.0020 0.0009 0.0016 0.9186 0.0127 0.0030 0.0024 0.0046 0.0043 0.0014 0.0038 0.0017 0.0212 0.0037 
        TC20  1 0.0043 0.0011 0.0029 0.0016 0.0012 0.0019 0.9010 0.0071 0.0042 0.0023 0.0021 0.0207 0.0026 0.0036 0.0023 0.0374 0.0035 
        TC21  1 0.0009 0.0033 0.0051 0.1616 0.0011 0.0070 0.6966 0.0057 0.0031 0.0086 0.0049 0.0276 0.0016 0.0057 0.0092 0.0465 0.0114 
        TC22  1 0.0007 0.0028 0.0022 0.0031 0.0021 0.0024 0.8445 0.0061 0.0121 0.0311 0.0126 0.0052 0.0048 0.0046 0.0020 0.0584 0.0054 
        TC23  1 0.0014 0.0027 0.0013 0.0013 0.0014 0.0019 0.9064 0.0018 0.0027 0.0015 0.0060 0.0090 0.0040 0.0080 0.0024 0.0388 0.0094 
        TC24  1 0.0028 0.0007 0.0018 0.0010 0.0007 0.0015 0.9486 0.0028 0.0016 0.0012 0.0022 0.0032 0.0013 0.0059 0.0035 0.0188 0.0022 
        TC25  1 0.0088 0.0038 0.0015 0.0022 0.0023 0.0031 0.6953 0.0049 0.0021 0.0039 0.0059 0.0482 0.0025 0.0136 0.0032 0.1611 0.0377 
        TC26  1 0.0269 0.0042 0.0012 0.0019 0.0008 0.0046 0.8489 0.0023 0.0018 0.0016 0.0038 0.0043 0.0095 0.0044 0.0025 0.0785 0.0027 
        TC27  1 0.0013 0.0012 0.0022 0.0111 0.0062 0.0056 0.8193 0.0018 0.0394 0.0017 0.0025 0.0063 0.0022 0.0054 0.0030 0.0876 0.0033 
        TC28  1 0.0025 0.0041 0.0028 0.0022 0.0025 0.0044 0.8574 0.0016 0.0026 0.0042 0.0026 0.0082 0.0017 0.0085 0.0025 0.0870 0.0053 
        TC29  1 0.0026 0.0017 0.0122 0.0078 0.0013 0.0024 0.7587 0.0017 0.0017 0.0015 0.0081 0.0170 0.0019 0.0111 0.0039 0.1582 0.0082 
        TC30  1 0.0027 0.0011 0.0015 0.0016 0.0008 0.0035 0.9047 0.0075 0.0029 0.0026 0.0040 0.0049 0.0025 0.0067 0.0025 0.0471 0.0035 
        TC31  1 0.0012 0.0010 0.0024 0.0021 0.0011 0.0017 0.8621 0.0059 0.0051 0.0139 0.0180 0.0285 0.0020 0.0091 0.0036 0.0173 0.0249 
        TC32  1 0.0028 0.0076 0.0027 0.0019 0.0021 0.0090 0.7018 0.0026 0.0021 0.0398 0.0025 0.0068 0.0022 0.0043 0.0024 0.2047 0.0049 
        TC33  1 0.0015 0.0013 0.0026 0.0018 0.0012 0.0040 0.9121 0.0019 0.0032 0.0018 0.0036 0.0066 0.0028 0.0063 0.0055 0.0294 0.0142 
        TC34  1 0.0035 0.0019 0.0019 0.0018 0.0007 0.0035 0.7814 0.0034 0.0048 0.0022 0.0068 0.0058 0.0026 0.0056 0.0072 0.1631 0.0039 
        TC35  1 0.0025 0.0010 0.0031 0.0020 0.0013 0.0039 0.8429 0.0056 0.0095 0.0086 0.0066 0.0174 0.0017 0.0041 0.0021 0.0676 0.0200 
        TC36  1 0.0020 0.0024 0.0028 0.0031 0.0013 0.0056 0.9116 0.0033 0.0034 0.0027 0.0027 0.0059 0.0018 0.0105 0.0023 0.0347 0.0040 
        TC37  1 0.0010 0.0018 0.0021 0.0015 0.0012 0.0027 0.9392 0.0018 0.0028 0.0061 0.0030 0.0069 0.0033 0.0048 0.0041 0.0134 0.0044 
        TC38  1 0.0083 0.0027 0.0018 0.0031 0.0008 0.0023 0.7551 0.0467 0.0017 0.0014 0.0047 0.0450 0.0028 0.0076 0.0024 0.1064 0.0072 
        TC39  1 0.0348 0.0015 0.0016 0.0019 0.0006 0.0027 0.7368 0.0030 0.0019 0.0024 0.0044 0.0101 0.0098 0.0069 0.0027 0.1748 0.0040 
        TC40  1 0.0042 0.0017 0.0021 0.0021 0.0020 0.0036 0.7735 0.0026 0.0031 0.0034 0.0052 0.0062 0.0033 0.0145 0.0106 0.1580 0.0040 
        TC41  1 0.0014 0.0013 0.0042 0.0014 0.0023 0.0031 0.9075 0.0018 0.0020 0.0191 0.0188 0.0054 0.0018 0.0042 0.0020 0.0202 0.0034 
        TC42  1 0.0015 0.0009 0.0022 0.0016 0.0010 0.0018 0.8813 0.0024 0.0034 0.0012 0.0026 0.0038 0.0045 0.0063 0.0017 0.0814 0.0024 
        TC43  1 0.0009 0.0017 0.0018 0.0016 0.0032 0.0018 0.8678 0.0019 0.0029 0.0027 0.0024 0.0086 0.0022 0.0053 0.0021 0.0902 0.0031 
        TC44  1 0.0063 0.0026 0.0017 0.0018 0.0013 0.0036 0.8047 0.0221 0.0077 0.0022 0.0042 0.0061 0.0051 0.0114 0.0018 0.1086 0.0087 
        TC45  1 0.0057 0.0008 0.0015 0.0021 0.0008 0.0020 0.9116 0.0015 0.0017 0.0033 0.0030 0.0277 0.0157 0.0042 0.0014 0.0132 0.0039 
        TC46  1 0.0037 0.0033 0.0030 0.0028 0.0016 0.0030 0.9083 0.0019 0.0046 0.0040 0.0107 0.0140 0.0023 0.0083 0.0026 0.0225 0.0033 
        TC47  1 0.0075 0.0021 0.0017 0.0014 0.0011 0.0028 0.8841 0.0165 0.0085 0.0028 0.0033 0.0062 0.0019 0.0046 0.0023 0.0487 0.0047 
        TC48  1 0.0038 0.0067 0.0035 0.0020 0.0019 0.0064 0.8182 0.0018 0.0062 0.0042 0.0039 0.0204 0.0234 0.0052 0.0276 0.0612 0.0038 
        TC49  1 0.0019 0.0051 0.0036 0.0027 0.0035 0.0032 0.9230 0.0015 0.0037 0.0044 0.0026 0.0074 0.0038 0.0029 0.0027 0.0222 0.0059 
        TC50  1 0.0012 0.0010 0.0020 0.0017 0.0051 0.0075 0.8985 0.0054 0.0094 0.0042 0.0077 0.0114 0.0046 0.0088 0.0051 0.0214 0.0049 
        TC51  1 0.0013 0.0053 0.0021 0.0031 0.0026 0.0026 0.8111 0.0131 0.0036 0.0028 0.0044 0.0093 0.0027 0.0068 0.0020 0.1139 0.0131 
        TC52  1 0.0022 0.0072 0.0016 0.0021 0.0012 0.0025 0.8637 0.0034 0.0017 0.0014 0.0028 0.0196 0.0038 0.0402 0.0027 0.0415 0.0025 
        TC53  1 0.0016 0.0040 0.0015 0.0094 0.0008 0.0053 0.8384 0.0030 0.0076 0.0018 0.0140 0.0038 0.0025 0.0041 0.0022 0.0978 0.0023 
        TC54  1 0.0031 0.0010 0.0032 0.0019 0.0077 0.0110 0.7987 0.0030 0.0048 0.0046 0.0035 0.0096 0.0051 0.0082 0.0253 0.1040 0.0051 
        TC55  1 0.0177 0.0026 0.0019 0.0030 0.0025 0.0080 0.8380 0.0017 0.0031 0.0082 0.0021 0.0094 0.0105 0.0128 0.0039 0.0704 0.0042 
        TC56  1 0.0009 0.0015 0.0031 0.0025 0.0089 0.0030 0.7956 0.0016 0.0051 0.0029 0.0063 0.0309 0.0058 0.0068 0.0071 0.1098 0.0082 
        TC57  1 0.0053 0.0013 0.0035 0.0025 0.0021 0.0092 0.9026 0.0030 0.0118 0.0038 0.0063 0.0056 0.0054 0.0065 0.0036 0.0227 0.0047 
        TC58  1 0.0067 0.0046 0.0018 0.0016 0.0008 0.0036 0.8960 0.0032 0.0033 0.0023 0.0037 0.0062 0.0051 0.0044 0.0020 0.0228 0.0319 
        TC59  1 0.0014 0.0013 0.0013 0.0015 0.0006 0.0056 0.9280 0.0021 0.0029 0.0014 0.0027 0.0036 0.0017 0.0037 0.0025 0.0356 0.0042 
        TA01  2 0.0070 0.0010 0.0015 0.0015 0.0023 0.0090 0.8844 0.0121 0.0035 0.0015 0.0030 0.0044 0.0031 0.0035 0.0024 0.0553 0.0045 
        TA02  2 0.0013 0.0019 0.0072 0.0016 0.0023 0.0037 0.9141 0.0027 0.0021 0.0023 0.0026 0.0056 0.0014 0.0108 0.0051 0.0326 0.0027 
        TA03  2 0.0028 0.0014 0.0028 0.0018 0.0014 0.0035 0.8765 0.0081 0.0151 0.0035 0.0044 0.0060 0.0042 0.0065 0.0049 0.0525 0.0047 
        TA04  2 0.0016 0.0019 0.0018 0.0013 0.0014 0.0030 0.4714 0.0737 0.0048 0.0047 0.0035 0.0046 0.0022 0.0057 0.0021 0.4132 0.0031 
        TA05  2 0.0012 0.0016 0.0019 0.0027 0.0009 0.0027 0.9315 0.0052 0.0033 0.0020 0.0027 0.0083 0.0045 0.0040 0.0036 0.0197 0.0043 
        TA06  2 0.0048 0.0008 0.0009 0.0011 0.0017 0.0028 0.8954 0.0058 0.0024 0.0024 0.0026 0.0041 0.0019 0.0053 0.0018 0.0612 0.0051 
        TA07  2 0.0033 0.0038 0.0025 0.0093 0.0009 0.0109 0.7914 0.0083 0.0031 0.0019 0.0053 0.0059 0.0037 0.0114 0.0062 0.1231 0.0093 
        TA08  2 0.0026 0.0008 0.0012 0.0014 0.0078 0.0018 0.7804 0.0051 0.0332 0.0014 0.0026 0.0089 0.0021 0.0044 0.0021 0.1411 0.0031 
        TA09  2 0.0022 0.0058 0.0014 0.0011 0.0010 0.0018 0.9030 0.0048 0.0027 0.0012 0.0026 0.0037 0.0015 0.0068 0.0021 0.0553 0.0029 
        TA10  2 0.0037 0.0024 0.0062 0.0028 0.0015 0.0059 0.8336 0.0033 0.0034 0.0020 0.0058 0.0057 0.0033 0.0040 0.0025 0.0521 0.0617 
        TA11  2 0.0733 0.0011 0.0042 0.0020 0.0012 0.0020 0.7314 0.0107 0.0074 0.0077 0.0408 0.0111 0.0058 0.0044 0.0025 0.0362 0.0580 
        TA12  2 0.0022 0.0014 0.0910 0.0019 0.0014 0.0030 0.8283 0.0028 0.0063 0.0023 0.0045 0.0046 0.0106 0.0030 0.0034 0.0258 0.0077 
        TA13  2 0.0010 0.0095 0.0216 0.0118 0.0054 0.0036 0.6722 0.0210 0.0040 0.0029 0.0107 0.0062 0.0521 0.0100 0.0053 0.1424 0.0202 
        TA14  2 0.0027 0.0010 0.0016 0.0012 0.0022 0.0017 0.8550 0.0029 0.0018 0.0018 0.0018 0.0033 0.0075 0.0124 0.0026 0.0981 0.0023 
        TA15  2 0.0009 0.0009 0.0019 0.0025 0.0013 0.0019 0.8588 0.0020 0.0020 0.0021 0.0026 0.0034 0.0195 0.0044 0.0022 0.0898 0.0039 
        TA16  2 0.0037 0.0024 0.0214 0.0015 0.0014 0.0054 0.7449 0.0133 0.0035 0.0015 0.0018 0.0047 0.0037 0.0055 0.0020 0.1515 0.0319 
        TA17  2 0.0013 0.0026 0.0059 0.0019 0.0012 0.0051 0.8971 0.0020 0.0132 0.0026 0.0031 0.0045 0.0051 0.0048 0.0044 0.0417 0.0035 
        TA18  2 0.0007 0.0038 0.0016 0.0014 0.0011 0.0424 0.8482 0.0041 0.0030 0.0414 0.0049 0.0039 0.0017 0.0031 0.0020 0.0214 0.0153 
        TA19  2 0.0018 0.0021 0.0020 0.0021 0.0023 0.0028 0.8091 0.0350 0.0522 0.0088 0.0101 0.0049 0.0019 0.0045 0.0028 0.0465 0.0110 
        TA20  2 0.0057 0.0009 0.0153 0.0025 0.0016 0.0042 0.8678 0.0017 0.0031 0.0020 0.0082 0.0068 0.0021 0.0044 0.0375 0.0328 0.0035 
        TA21  2 0.0258 0.0024 0.0048 0.0020 0.0045 0.0047 0.8385 0.0037 0.0034 0.0019 0.0028 0.0074 0.0041 0.0054 0.0053 0.0782 0.0051 
        TA22  2 0.0011 0.0010 0.0015 0.0010 0.0011 0.0032 0.8162 0.0016 0.0019 0.0028 0.0059 0.0048 0.0102 0.0035 0.0078 0.1338 0.0026 
        TA23  2 0.0015 0.0010 0.0017 0.0010 0.0018 0.0022 0.8049 0.0024 0.0025 0.0018 0.0022 0.0042 0.0022 0.0035 0.0026 0.1612 0.0033 
        TA24  2 0.0010 0.0010 0.0018 0.0021 0.0021 0.0513 0.8704 0.0046 0.0081 0.0026 0.0053 0.0049 0.0020 0.0093 0.0022 0.0278 0.0034 
        TA25  2 0.0015 0.0017 0.0066 0.0033 0.0034 0.0084 0.7700 0.0034 0.0038 0.0023 0.0055 0.0047 0.0017 0.0041 0.0015 0.0381 0.1401 
        TA26  2 0.0237 0.0010 0.0025 0.0019 0.0011 0.0020 0.7828 0.0101 0.0056 0.0018 0.0042 0.0133 0.0179 0.0037 0.0039 0.1159 0.0087 
        TA27  2 0.0014 0.0015 0.0044 0.0056 0.0010 0.0032 0.9126 0.0042 0.0051 0.0021 0.0067 0.0037 0.0045 0.0075 0.0033 0.0289 0.0041 
        TA28  2 0.0030 0.0040 0.0066 0.0021 0.0026 0.0044 0.8741 0.0062 0.0025 0.0057 0.0041 0.0155 0.0016 0.0180 0.0061 0.0405 0.0030 
        TA29  2 0.0014 0.0014 0.0023 0.0017 0.0013 0.0030 0.8357 0.0025 0.0107 0.0024 0.0045 0.0049 0.0096 0.0042 0.0021 0.1079 0.0045 
        TA30  2 0.1204 0.0013 0.0026 0.0027 0.0024 0.0021 0.6268 0.1045 0.0104 0.0024 0.0035 0.0078 0.0183 0.0048 0.0059 0.0798 0.0042 
      BERM01  3 0.0015 0.0010 0.0015 0.0012 0.0010 0.0016 0.0028 0.0933 0.0019 0.0016 0.0021 0.0035 0.0021 0.0028 0.0022 0.8767 0.0030 
      BERM02  3 0.0019 0.0009 0.0014 0.0012 0.0008 0.0016 0.0043 0.0083 0.0015 0.0027 0.0023 0.0041 0.0021 0.0029 0.0023 0.9592 0.0025 
      BERM03  3 0.0024 0.0019 0.0014 0.0014 0.0007 0.0021 0.0024 0.0019 0.0023 0.0015 0.0034 0.0041 0.0030 0.0030 0.0021 0.9629 0.0035 
      BERM04  3 0.0046 0.0014 0.0009 0.0012 0.0007 0.0016 0.0020 0.0070 0.0030 0.0012 0.0022 0.0049 0.0028 0.0030 0.0017 0.9574 0.0043 
      BERM05  3 0.0014 0.0016 0.0012 0.0011 0.0009 0.0032 0.0019 0.0045 0.0029 0.0013 0.0058 0.0060 0.0070 0.0053 0.0024 0.9493 0.0043 
      BERM06  3 0.0151 0.0021 0.0011 0.0011 0.0006 0.0030 0.0027 0.0088 0.0024 0.0021 0.0019 0.0054 0.0018 0.0031 0.0016 0.9447 0.0023 
      BERM07  3 0.0022 0.0013 0.0012 0.0015 0.0011 0.0015 0.0036 0.0172 0.0051 0.0019 0.0031 0.0044 0.0029 0.0031 0.0020 0.9423 0.0055 
      BERM08  3 0.0010 0.0008 0.0010 0.0009 0.0014 0.0013 0.0030 0.0099 0.0018 0.0011 0.0017 0.0051 0.0013 0.0027 0.0013 0.9631 0.0027 
      BERM09  3 0.0014 0.0015 0.0011 0.0011 0.0006 0.0021 0.0056 0.1037 0.0019 0.0026 0.0033 0.0029 0.0013 0.0025 0.0019 0.8634 0.0031 
      BERM10  3 0.0115 0.0016 0.0016 0.0072 0.0008 0.0060 0.0063 0.0178 0.0100 0.0021 0.0049 0.0086 0.0027 0.0035 0.0019 0.9103 0.0033 
      BERM11  3 0.0019 0.0008 0.0010 0.0011 0.0015 0.0014 0.0028 0.0037 0.0017 0.0016 0.0018 0.0054 0.0016 0.0031 0.0018 0.9652 0.0037 
      BERM12  3 0.0018 0.0014 0.0010 0.0010 0.0007 0.0029 0.0043 0.0019 0.0085 0.0016 0.0023 0.0314 0.0012 0.0226 0.0017 0.9108 0.0049 
      BERM13  3 0.0008 0.0076 0.0016 0.0012 0.0008 0.0020 0.0027 0.0099 0.0034 0.0028 0.0029 0.0037 0.0025 0.0027 0.0018 0.9490 0.0046 
      BERM14  3 0.0174 0.0010 0.0012 0.0011 0.0006 0.0016 0.0044 0.0060 0.0022 0.0014 0.0047 0.0038 0.0017 0.0077 0.0016 0.9396 0.0037 
      CROC01  3 0.0011 0.0014 0.0035 0.0029 0.0012 0.0039 0.0032 0.0079 0.0082 0.0090 0.0253 0.0058 0.0079 0.0172 0.0168 0.8786 0.0061 
      CROC02  3 0.0042 0.0053 0.0020 0.0014 0.0013 0.0061 0.0031 0.0025 0.0021 0.0026 0.0035 0.0088 0.0047 0.0042 0.0025 0.9402 0.0054 
      CROC03  3 0.0030 0.0012 0.0016 0.0012 0.0018 0.0018 0.0031 0.0035 0.0039 0.0023 0.0027 0.0100 0.0023 0.0062 0.0024 0.9491 0.0040 
      CROC04  3 0.0009 0.0008 0.0013 0.0015 0.0007 0.0633 0.0419 0.0049 0.0024 0.0024 0.0039 0.0035 0.0031 0.0083 0.0018 0.8559 0.0034 
      CROC05  3 0.0052 0.0012 0.0013 0.0014 0.0009 0.0052 0.0022 0.0047 0.0017 0.0014 0.0024 0.0044 0.0022 0.0032 0.0019 0.9563 0.0044 
      CROC06  3 0.0036 0.0011 0.0014 0.0029 0.0067 0.0210 0.0066 0.0108 0.0028 0.0043 0.0045 0.0076 0.0015 0.0083 0.0059 0.8786 0.0325 
      CROC07  3 0.0020 0.0012 0.0013 0.0014 0.0007 0.0042 0.0041 0.0032 0.0025 0.0021 0.0051 0.0045 0.0025 0.0034 0.0020 0.9569 0.0029 
      CROC08  3 0.0017 0.0008 0.0028 0.0024 0.0079 0.0020 0.0032 0.0044 0.0035 0.0017 0.0170 0.0129 0.0021 0.0063 0.0216 0.9040 0.0057 
      CROC09  3 0.0047 0.0008 0.0011 0.0050 0.0012 0.0017 0.0022 0.0956 0.0017 0.0020 0.0028 0.0056 0.0024 0.0089 0.0071 0.8545 0.0028 
      CROC10  3 0.0014 0.0009 0.0010 0.0013 0.0007 0.0018 0.0023 0.1063 0.0020 0.0021 0.0026 0.0052 0.0056 0.0035 0.0015 0.8578 0.0041 
      CROC11  3 0.0046 0.0008 0.0011 0.0048 0.0012 0.0017 0.0022 0.0952 0.0017 0.0019 0.0029 0.0056 0.0024 0.0088 0.0069 0.8554 0.0028 
     CROC110  3 0.0044 0.0146 0.0022 0.0176 0.0009 0.0058 0.0042 0.0096 0.0029 0.0019 0.0023 0.0037 0.0020 0.0088 0.0040 0.9119 0.0028 
     CROC116  3 0.0101 0.0014 0.0030 0.0021 0.0019 0.0053 0.0064 0.0031 0.0033 0.0025 0.0071 0.0111 0.0064 0.0249 0.0034 0.9047 0.0034 
      CROC12  3 0.0021 0.0033 0.0018 0.0018 0.0011 0.0024 0.0037 0.0103 0.0017 0.0021 0.0022 0.0043 0.0017 0.0027 0.0019 0.9541 0.0027 
     CROC123  3 0.0050 0.0007 0.0011 0.0012 0.0008 0.0014 0.0033 0.0066 0.0014 0.0015 0.0016 0.0045 0.0023 0.0043 0.0014 0.9610 0.0021 
      CROC13  3 0.0055 0.0012 0.0011 0.0012 0.0015 0.0017 0.0025 0.0027 0.0032 0.0012 0.0045 0.0119 0.0142 0.0032 0.0016 0.9371 0.0058 
      CROC14  3 0.0072 0.0008 0.0017 0.0044 0.0013 0.0046 0.0036 0.0045 0.0013 0.0013 0.0017 0.0057 0.0018 0.0034 0.0034 0.8718 0.0813 
      CROC15  3 0.0017 0.0149 0.0060 0.0076 0.0021 0.0021 0.0050 0.0032 0.0027 0.0017 0.0023 0.0101 0.0026 0.0792 0.0138 0.8357 0.0094 
      CROC16  3 0.0062 0.0020 0.0019 0.0016 0.0014 0.0030 0.0021 0.0863 0.0026 0.0016 0.0042 0.0254 0.0291 0.0080 0.0039 0.8161 0.0047 
      CROC17  3 0.0015 0.0007 0.0139 0.0009 0.0010 0.0016 0.0717 0.0029 0.0016 0.0017 0.0018 0.0045 0.0013 0.0027 0.0014 0.8884 0.0024 
      CROC18  3 0.0020 0.0063 0.0026 0.0013 0.0011 0.0019 0.0041 0.0031 0.0025 0.0119 0.0154 0.0185 0.0021 0.0035 0.0021 0.9191 0.0027 
      CROC19  3 0.0008 0.0011 0.0017 0.0053 0.0011 0.0159 0.0063 0.0043 0.0058 0.0029 0.0059 0.0053 0.0018 0.0048 0.0024 0.9304 0.0042 
     CROC198  3 0.0061 0.0008 0.0014 0.0015 0.0009 0.0021 0.0027 0.0255 0.0062 0.0016 0.0043 0.0047 0.0041 0.0029 0.0025 0.9277 0.0051 
      CROC20  3 0.0022 0.0013 0.0021 0.0017 0.0019 0.0029 0.0023 0.0053 0.0032 0.0037 0.0030 0.0071 0.0028 0.0049 0.0026 0.9493 0.0037 
     CROC202  3 0.0075 0.0011 0.0012 0.0014 0.0019 0.0019 0.0031 0.0043 0.0044 0.0018 0.0124 0.0228 0.0024 0.0048 0.0018 0.9206 0.0065 
      CROC21  3 0.0011 0.0018 0.0013 0.0041 0.0008 0.0015 0.0033 0.0155 0.0025 0.0019 0.0026 0.0054 0.0039 0.0031 0.0025 0.9445 0.0041 
     CROC216  3 0.0011 0.0058 0.0015 0.0020 0.0007 0.0023 0.0058 0.0049 0.0023 0.0018 0.0039 0.0090 0.0020 0.0213 0.0053 0.9270 0.0034 
      CROC22  3 0.0156 0.0020 0.0211 0.0022 0.0007 0.0016 0.0045 0.0049 0.0322 0.0022 0.0043 0.0060 0.0026 0.0035 0.0017 0.8912 0.0038 
      CROC23  3 0.0009 0.0011 0.0016 0.0015 0.0037 0.0021 0.0111 0.0815 0.0022 0.0022 0.0023 0.0056 0.0037 0.0034 0.0023 0.8719 0.0030 
      CROC24  3 0.0087 0.0011 0.0016 0.0017 0.0011 0.0020 0.0033 0.0225 0.0018 0.0014 0.0040 0.0107 0.0028 0.0047 0.0027 0.9268 0.0031 
      CROC25  3 0.0034 0.0013 0.0010 0.0009 0.0006 0.0017 0.0026 0.0036 0.0019 0.0019 0.0023 0.0037 0.0015 0.0041 0.0019 0.9639 0.0036 
     CROC259  3 0.0014 0.0010 0.0019 0.0011 0.0009 0.0037 0.0272 0.0048 0.0024 0.0013 0.0024 0.0067 0.0040 0.0035 0.0019 0.8995 0.0362 
      CROC26  3 0.0021 0.0009 0.0014 0.0010 0.0014 0.0018 0.0773 0.0075 0.0044 0.0014 0.0036 0.0056 0.0023 0.0052 0.0026 0.8766 0.0049 
      CROC27  3 0.0034 0.0011 0.0036 0.0014 0.0021 0.0028 0.0065 0.0135 0.0034 0.0021 0.0027 0.0056 0.0028 0.0095 0.0060 0.9298 0.0036 
      CROC28  3 0.1031 0.0008 0.0016 0.0011 0.0007 0.0019 0.0217 0.0353 0.0018 0.0011 0.0023 0.0041 0.0020 0.0044 0.0022 0.8128 0.0031 
      CROC29  3 0.0017 0.0008 0.0016 0.0018 0.0011 0.0021 0.0027 0.0021 0.0021 0.0016 0.0027 0.0053 0.0051 0.0093 0.0044 0.9529 0.0027 
      CROC30  3 0.0021 0.0122 0.0039 0.0024 0.0015 0.0103 0.0052 0.0110 0.0022 0.0035 0.0030 0.0065 0.0020 0.0058 0.0035 0.9210 0.0037 
      CROC31  3 0.0035 0.0012 0.0027 0.0030 0.0012 0.0033 0.0076 0.0303 0.0024 0.0020 0.0044 0.0050 0.0172 0.0060 0.0040 0.9012 0.0049 
      CROC32  3 0.0122 0.0015 0.0012 0.0018 0.0006 0.0027 0.0025 0.0044 0.0023 0.0014 0.0033 0.0042 0.0027 0.0028 0.0016 0.9506 0.0042 
      CROC33  3 0.0009 0.0008 0.0020 0.0017 0.0059 0.0074 0.0051 0.0022 0.0025 0.0018 0.0033 0.0050 0.0020 0.0047 0.0256 0.9271 0.0020 
      CROC34  3 0.0009 0.0017 0.0016 0.0010 0.0010 0.0026 0.0032 0.0026 0.0032 0.0018 0.0023 0.0049 0.0019 0.0036 0.0028 0.9606 0.0043 
      CROC35  3 0.0013 0.0006 0.0025 0.0131 0.0010 0.0061 0.0079 0.0042 0.0013 0.0012 0.0016 0.0053 0.0013 0.0022 0.0013 0.9465 0.0025 
      CROC36  3 0.0036 0.0009 0.0009 0.0011 0.0008 0.0016 0.0021 0.0717 0.0016 0.0016 0.0030 0.0048 0.0048 0.0041 0.0016 0.8922 0.0037 
      CROC57  3 0.0012 0.0011 0.0013 0.0012 0.0009 0.0020 0.0020 0.0032 0.0021 0.0015 0.0046 0.0048 0.0025 0.0043 0.0027 0.9583 0.0062 
      CROC81  3 0.0035 0.0023 0.0013 0.0019 0.0010 0.0024 0.0028 0.0044 0.0020 0.0039 0.0086 0.0211 0.0032 0.0049 0.0078 0.9250 0.0040 
      CROC84  3 0.0024 0.0006 0.0008 0.0010 0.0007 0.0021 0.0036 0.0111 0.0036 0.0010 0.0021 0.0143 0.0017 0.0077 0.0013 0.9434 0.0026 
        FW01  3 0.9636 0.0008 0.0009 0.0011 0.0007 0.0012 0.0017 0.0015 0.0018 0.0012 0.0023 0.0043 0.0016 0.0026 0.0017 0.0104 0.0027 
        FW02  3 0.0007 0.0006 0.0007 0.0008 0.0005 0.0010 0.0014 0.9724 0.0013 0.0010 0.0015 0.0028 0.0012 0.0022 0.0012 0.0084 0.0022 
        FW03  3 0.9696 0.0007 0.0007 0.0008 0.0006 0.0011 0.0015 0.0016 0.0014 0.0011 0.0016 0.0034 0.0013 0.0026 0.0013 0.0086 0.0022 
        FW04  3 0.0007 0.0006 0.0007 0.0008 0.0005 0.0011 0.0014 0.9723 0.0013 0.0010 0.0015 0.0028 0.0012 0.0022 0.0012 0.0085 0.0022 
        FW05  3 0.0006 0.0006 0.0007 0.0008 0.0005 0.0010 0.0014 0.9723 0.0013 0.0010 0.0015 0.0028 0.0012 0.0022 0.0012 0.0085 0.0022 
        FW06  3 0.0007 0.0006 0.0007 0.0008 0.0005 0.0010 0.0014 0.9723 0.0013 0.0010 0.0015 0.0028 0.0012 0.0022 0.0012 0.0085 0.0022 
        FW07  3 0.9695 0.0006 0.0008 0.0008 0.0006 0.0011 0.0016 0.0015 0.0015 0.0011 0.0016 0.0034 0.0013 0.0026 0.0013 0.0086 0.0022 
        FW08  3 0.0007 0.0006 0.0007 0.0008 0.0005 0.0010 0.0014 0.9723 0.0013 0.0010 0.0015 0.0028 0.0012 0.0022 0.0012 0.0085 0.0022 
        FW09  3 0.0007 0.0006 0.0007 0.0008 0.0005 0.0010 0.0014 0.9724 0.0013 0.0010 0.0015 0.0028 0.0012 0.0022 0.0012 0.0085 0.0021 
        FW10  3 0.9694 0.0007 0.0008 0.0009 0.0006 0.0011 0.0015 0.0016 0.0015 0.0011 0.0016 0.0034 0.0013 0.0027 0.0013 0.0085 0.0022 
       FW100  3 0.9688 0.0006 0.0008 0.0008 0.0006 0.0011 0.0016 0.0020 0.0014 0.0010 0.0016 0.0034 0.0014 0.0025 0.0013 0.0089 0.0022 
       FW101  3 0.9695 0.0006 0.0008 0.0008 0.0005 0.0011 0.0016 0.0015 0.0015 0.0010 0.0016 0.0034 0.0014 0.0026 0.0013 0.0086 0.0022 
       FW102  3 0.0007 0.0006 0.0007 0.0008 0.0005 0.0010 0.0014 0.9722 0.0013 0.0010 0.0015 0.0028 0.0012 0.0022 0.0012 0.0085 0.0022 
       FW103  3 0.0007 0.0006 0.0007 0.0008 0.0005 0.0010 0.0014 0.9724 0.0013 0.0010 0.0015 0.0028 0.0012 0.0022 0.0012 0.0084 0.0022 
       FW104  3 0.9637 0.0008 0.0009 0.0011 0.0006 0.0012 0.0017 0.0014 0.0018 0.0012 0.0022 0.0043 0.0016 0.0026 0.0016 0.0103 0.0027 
       FW105  3 0.9695 0.0007 0.0007 0.0008 0.0005 0.0011 0.0016 0.0016 0.0014 0.0010 0.0016 0.0034 0.0014 0.0026 0.0014 0.0086 0.0022 
       FW106  3 0.0026 0.0016 0.0047 0.0020 0.0153 0.0025 0.0046 0.0254 0.0037 0.0333 0.0025 0.0099 0.0026 0.0171 0.0027 0.8663 0.0033 
       FW107  3 0.9636 0.0008 0.0009 0.0011 0.0007 0.0013 0.0017 0.0015 0.0018 0.0012 0.0023 0.0043 0.0016 0.0027 0.0016 0.0104 0.0027 
       FW108  3 0.0007 0.0006 0.0007 0.0008 0.0005 0.0010 0.0014 0.9722 0.0014 0.0010 0.0015 0.0028 0.0012 0.0022 0.0012 0.0086 0.0022 
       FW109  3 0.9693 0.0006 0.0008 0.0009 0.0006 0.0011 0.0016 0.0016 0.0014 0.0011 0.0016 0.0034 0.0013 0.0027 0.0013 0.0086 0.0022 
        FW11  3 0.9687 0.0006 0.0008 0.0008 0.0006 0.0011 0.0016 0.0021 0.0014 0.0010 0.0016 0.0034 0.0014 0.0025 0.0013 0.0089 0.0022 
       FW110  3 0.9696 0.0007 0.0007 0.0008 0.0005 0.0011 0.0015 0.0015 0.0014 0.0010 0.0016 0.0034 0.0013 0.0026 0.0013 0.0086 0.0022 
       FW111  3 0.0007 0.0006 0.0007 0.0008 0.0005 0.0010 0.0014 0.9724 0.0013 0.0010 0.0015 0.0028 0.0012 0.0022 0.0012 0.0085 0.0022 
       FW112  3 0.9689 0.0006 0.0008 0.0008 0.0005 0.0011 0.0016 0.0020 0.0014 0.0010 0.0016 0.0034 0.0014 0.0025 0.0014 0.0088 0.0022 
       FW113  3 0.0007 0.0006 0.0007 0.0008 0.0005 0.0010 0.0014 0.9723 0.0013 0.0010 0.0015 0.0028 0.0012 0.0022 0.0012 0.0085 0.0022 
       FW114  3 0.9635 0.0007 0.0014 0.0011 0.0007 0.0018 0.0032 0.0016 0.0015 0.0012 0.0018 0.0035 0.0015 0.0030 0.0013 0.0101 0.0022 
       FW115  3 0.9694 0.0006 0.0008 0.0009 0.0006 0.0011 0.0016 0.0015 0.0015 0.0011 0.0016 0.0034 0.0014 0.0026 0.0014 0.0085 0.0022 
       FW116  3 0.0007 0.0006 0.0007 0.0008 0.0005 0.0011 0.0014 0.9723 0.0013 0.0010 0.0015 0.0028 0.0012 0.0022 0.0012 0.0085 0.0022 
        FW12  3 0.0007 0.0006 0.0007 0.0008 0.0005 0.0010 0.0014 0.9725 0.0013 0.0010 0.0015 0.0028 0.0012 0.0022 0.0012 0.0085 0.0022 
        FW13  3 0.0006 0.0006 0.0007 0.0008 0.0005 0.0010 0.0014 0.9723 0.0013 0.0010 0.0015 0.0028 0.0012 0.0022 0.0012 0.0085 0.0022 
        FW14  3 0.9637 0.0008 0.0009 0.0011 0.0006 0.0012 0.0016 0.0014 0.0018 0.0012 0.0023 0.0043 0.0016 0.0026 0.0016 0.0104 0.0027 
        FW15  3 0.9634 0.0008 0.0009 0.0011 0.0007 0.0013 0.0017 0.0015 0.0018 0.0012 0.0023 0.0043 0.0017 0.0026 0.0016 0.0105 0.0027 
        FW16  3 0.9695 0.0007 0.0007 0.0008 0.0006 0.0011 0.0015 0.0015 0.0015 0.0010 0.0016 0.0034 0.0014 0.0026 0.0014 0.0085 0.0022 
        FW17  3 0.9693 0.0006 0.0008 0.0008 0.0005 0.0011 0.0016 0.0016 0.0015 0.0010 0.0016 0.0034 0.0014 0.0026 0.0014 0.0086 0.0022 
        FW18  3 0.9688 0.0006 0.0008 0.0008 0.0005 0.0011 0.0016 0.0019 0.0015 0.0010 0.0016 0.0034 0.0014 0.0025 0.0013 0.0089 0.0022 
        FW19  3 0.0007 0.0006 0.0007 0.0008 0.0005 0.0010 0.0014 0.9723 0.0013 0.0010 0.0015 0.0028 0.0012 0.0022 0.0012 0.0086 0.0022 
        FW20  3 0.0007 0.0006 0.0007 0.0008 0.0005 0.0010 0.0014 0.9723 0.0013 0.0010 0.0015 0.0028 0.0012 0.0022 0.0012 0.0085 0.0022 
        FW21  3 0.0007 0.0006 0.0007 0.0008 0.0005 0.0010 0.0014 0.9723 0.0013 0.0010 0.0015 0.0028 0.0012 0.0022 0.0012 0.0085 0.0022 
        FW22  3 0.9689 0.0006 0.0008 0.0008 0.0005 0.0011 0.0016 0.0020 0.0015 0.0010 0.0016 0.0034 0.0013 0.0025 0.0014 0.0088 0.0022 
        FW23  3 0.0007 0.0006 0.0007 0.0008 0.0005 0.0010 0.0014 0.9723 0.0013 0.0010 0.0015 0.0028 0.0012 0.0022 0.0012 0.0085 0.0022 
        FW24  3 0.0007 0.0006 0.0007 0.0008 0.0005 0.0010 0.0014 0.9722 0.0013 0.0010 0.0015 0.0028 0.0012 0.0022 0.0012 0.0086 0.0022 
        FW25  3 0.0007 0.0006 0.0007 0.0008 0.0005 0.0010 0.0014 0.9723 0.0013 0.0010 0.0015 0.0028 0.0012 0.0022 0.0012 0.0086 0.0022 
        FW26  3 0.0007 0.0006 0.0007 0.0008 0.0005 0.0010 0.0014 0.9723 0.0013 0.0010 0.0015 0.0028 0.0012 0.0022 0.0012 0.0085 0.0022 
        FW27  3 0.9694 0.0006 0.0008 0.0008 0.0006 0.0011 0.0016 0.0016 0.0014 0.0010 0.0016 0.0034 0.0014 0.0026 0.0014 0.0086 0.0022 
        FW28  3 0.0007 0.0006 0.0007 0.0008 0.0005 0.0010 0.0014 0.9722 0.0013 0.0010 0.0015 0.0028 0.0012 0.0022 0.0012 0.0086 0.0022 
        FW29  3 0.0007 0.0006 0.0007 0.0008 0.0005 0.0010 0.0014 0.9722 0.0013 0.0010 0.0015 0.0028 0.0012 0.0022 0.0012 0.0086 0.0021 
        FW30  3 0.0028 0.0016 0.0045 0.0019 0.0141 0.0025 0.0046 0.0254 0.0039 0.0335 0.0024 0.0100 0.0027 0.0174 0.0026 0.8668 0.0032 
        FW32  3 0.9637 0.0008 0.0009 0.0011 0.0007 0.0012 0.0017 0.0015 0.0018 0.0012 0.0023 0.0043 0.0016 0.0027 0.0016 0.0104 0.0027 
        FW33  3 0.0007 0.0037 0.0009 0.0008 0.0005 0.0012 0.0023 0.9507 0.0013 0.0051 0.0015 0.0028 0.0015 0.0022 0.0012 0.0213 0.0022 
        FW34  3 0.0007 0.0006 0.0007 0.0008 0.0005 0.0010 0.0014 0.9725 0.0013 0.0010 0.0015 0.0028 0.0012 0.0022 0.0012 0.0084 0.0022 
        FW35  3 0.0007 0.0006 0.0007 0.0008 0.0005 0.0010 0.0014 0.9724 0.0013 0.0010 0.0015 0.0028 0.0012 0.0022 0.0012 0.0085 0.0022 
        FW36  3 0.0007 0.0006 0.0007 0.0008 0.0005 0.0010 0.0014 0.9724 0.0013 0.0010 0.0015 0.0028 0.0012 0.0022 0.0012 0.0085 0.0022 
        FW37  3 0.9694 0.0007 0.0008 0.0008 0.0006 0.0011 0.0016 0.0016 0.0015 0.0011 0.0016 0.0034 0.0014 0.0026 0.0014 0.0086 0.0021 
        FW51  3 0.0007 0.0006 0.0007 0.0008 0.0005 0.0010 0.0014 0.9724 0.0013 0.0010 0.0016 0.0028 0.0012 0.0022 0.0012 0.0085 0.0022 
        FW52  3 0.9694 0.0007 0.0008 0.0008 0.0005 0.0011 0.0016 0.0016 0.0014 0.0010 0.0016 0.0034 0.0014 0.0026 0.0013 0.0086 0.0022 
        FW53  3 0.0007 0.0006 0.0007 0.0008 0.0005 0.0010 0.0014 0.9724 0.0013 0.0010 0.0015 0.0028 0.0012 0.0022 0.0012 0.0085 0.0022 
        FW54  3 0.9697 0.0006 0.0008 0.0008 0.0005 0.0011 0.0016 0.0015 0.0015 0.0011 0.0016 0.0033 0.0013 0.0026 0.0013 0.0086 0.0022 
        FW55  3 0.0007 0.0006 0.0007 0.0008 0.0005 0.0011 0.0014 0.9723 0.0013 0.0010 0.0015 0.0028 0.0012 0.0022 0.0012 0.0085 0.0022 
        FW56  3 0.0007 0.0006 0.0007 0.0008 0.0005 0.0011 0.0014 0.9721 0.0013 0.0010 0.0015 0.0029 0.0012 0.0022 0.0012 0.0086 0.0022 
        FW57  3 0.0007 0.0006 0.0007 0.0008 0.0005 0.0010 0.0014 0.9723 0.0013 0.0010 0.0015 0.0029 0.0012 0.0022 0.0012 0.0085 0.0022 
        FW78  3 0.0007 0.0006 0.0007 0.0008 0.0005 0.0011 0.0014 0.9723 0.0013 0.0010 0.0015 0.0028 0.0012 0.0022 0.0012 0.0085 0.0022 
        FW79  3 0.0007 0.0006 0.0007 0.0008 0.0005 0.0010 0.0014 0.9723 0.0013 0.0010 0.0015 0.0028 0.0012 0.0022 0.0012 0.0086 0.0022 
        FW80  3 0.0007 0.0006 0.0007 0.0008 0.0005 0.0010 0.0014 0.9723 0.0013 0.0010 0.0015 0.0028 0.0012 0.0022 0.0012 0.0085 0.0022 
        FW81  3 0.9696 0.0006 0.0007 0.0008 0.0005 0.0011 0.0016 0.0016 0.0014 0.0011 0.0016 0.0034 0.0013 0.0026 0.0013 0.0086 0.0022 
        FW82  3 0.9692 0.0007 0.0007 0.0008 0.0006 0.0011 0.0016 0.0016 0.0014 0.0010 0.0016 0.0034 0.0014 0.0026 0.0014 0.0086 0.0022 
        FW83  3 0.9637 0.0008 0.0009 0.0011 0.0007 0.0012 0.0016 0.0015 0.0018 0.0012 0.0023 0.0043 0.0016 0.0026 0.0016 0.0104 0.0027 
        FW84  3 0.0007 0.0006 0.0007 0.0008 0.0005 0.0010 0.0014 0.9723 0.0013 0.0010 0.0015 0.0028 0.0012 0.0022 0.0012 0.0086 0.0022 
        FW85  3 0.9292 0.0007 0.0008 0.0021 0.0006 0.0025 0.0030 0.0016 0.0014 0.0011 0.0016 0.0114 0.0014 0.0295 0.0013 0.0098 0.0022 
        FW86  3 0.9688 0.0006 0.0008 0.0008 0.0005 0.0011 0.0016 0.0020 0.0014 0.0011 0.0016 0.0034 0.0014 0.0025 0.0013 0.0089 0.0022 
        FW87  3 0.9688 0.0007 0.0007 0.0008 0.0005 0.0011 0.0016 0.0020 0.0015 0.0010 0.0016 0.0034 0.0014 0.0025 0.0014 0.0089 0.0022 
        FW88  3 0.0007 0.0006 0.0007 0.0008 0.0005 0.0010 0.0014 0.9722 0.0013 0.0010 0.0015 0.0028 0.0012 0.0022 0.0012 0.0086 0.0022 
        FW89  3 0.0006 0.0006 0.0007 0.0008 0.0005 0.0011 0.0014 0.9724 0.0013 0.0010 0.0015 0.0028 0.0012 0.0022 0.0012 0.0085 0.0021 
        FW90  3 0.0007 0.0006 0.0007 0.0008 0.0005 0.0010 0.0014 0.9724 0.0014 0.0010 0.0015 0.0028 0.0012 0.0022 0.0012 0.0085 0.0022 
        FW91  3 0.9694 0.0006 0.0007 0.0008 0.0006 0.0011 0.0015 0.0015 0.0015 0.0010 0.0016 0.0034 0.0014 0.0026 0.0014 0.0086 0.0022 
        FW92  3 0.0007 0.0006 0.0007 0.0008 0.0005 0.0010 0.0014 0.9722 0.0013 0.0010 0.0015 0.0029 0.0012 0.0022 0.0012 0.0085 0.0022 
        FW93  3 0.0007 0.0006 0.0007 0.0008 0.0005 0.0010 0.0014 0.9723 0.0013 0.0010 0.0015 0.0028 0.0012 0.0022 0.0012 0.0085 0.0022 
        FW94  3 0.9694 0.0006 0.0008 0.0008 0.0005 0.0011 0.0016 0.0016 0.0014 0.0011 0.0016 0.0034 0.0014 0.0026 0.0013 0.0085 0.0022 
        FW95  3 0.0007 0.0006 0.0007 0.0008 0.0005 0.0011 0.0014 0.9723 0.0013 0.0010 0.0015 0.0028 0.0012 0.0021 0.0012 0.0086 0.0022 
        FW96  3 0.0007 0.0006 0.0007 0.0008 0.0005 0.0010 0.0014 0.9722 0.0013 0.0010 0.0016 0.0028 0.0012 0.0022 0.0012 0.0085 0.0022 
        FW97  3 0.0038 0.0050 0.0045 0.0014 0.0013 0.0030 0.0031 0.0173 0.0089 0.0035 0.0045 0.0087 0.0025 0.0050 0.0046 0.9114 0.0116 
        FW98  3 0.9696 0.0006 0.0008 0.0008 0.0006 0.0011 0.0015 0.0015 0.0014 0.0010 0.0016 0.0034 0.0013 0.0026 0.0013 0.0086 0.0022 
        FW99  3 0.0007 0.0006 0.0007 0.0008 0.0005 0.0010 0.0014 0.9724 0.0013 0.0010 0.0015 0.0029 0.0012 0.0022 0.0012 0.0084 0.0021 
       Cal01  3 0.0011 0.0009 0.0031 0.0016 0.0013 0.0020 0.0036 0.2240 0.0022 0.0012 0.0145 0.0052 0.0034 0.0062 0.0076 0.7182 0.0039 
       Cal02  3 0.0028 0.0017 0.0017 0.0022 0.0010 0.0021 0.0033 0.0225 0.0026 0.0050 0.0031 0.0058 0.0020 0.0046 0.0019 0.9345 0.0032 
       Cal03  3 0.0535 0.0010 0.0014 0.0013 0.0008 0.0029 0.0027 0.0696 0.0016 0.0014 0.0028 0.0056 0.0028 0.0072 0.0025 0.8409 0.0020 
       Cal04  3 0.0022 0.0017 0.0017 0.0054 0.0019 0.0078 0.0047 0.0018 0.0164 0.0025 0.0026 0.0078 0.0021 0.0073 0.0022 0.9284 0.0033 
       Cal05  3 0.0045 0.0008 0.0009 0.0008 0.0006 0.0015 0.0069 0.0066 0.0018 0.0012 0.0016 0.0041 0.0012 0.0031 0.0012 0.9612 0.0021 
       Cal06  3 0.0010 0.0015 0.0017 0.0017 0.0033 0.0108 0.0095 0.0073 0.0017 0.0022 0.0033 0.0046 0.0026 0.0033 0.0025 0.9310 0.0119 
       Cal07  3 0.0013 0.0012 0.0010 0.0011 0.0006 0.0015 0.0186 0.0589 0.0014 0.0014 0.0019 0.0033 0.0013 0.0030 0.0015 0.8994 0.0026 
       Cal08  3 0.0137 0.0009 0.0025 0.0012 0.0023 0.0094 0.0035 0.0649 0.0046 0.0015 0.0062 0.0071 0.0022 0.0068 0.0024 0.8643 0.0066 
       Cal09  3 0.0021 0.0010 0.0012 0.0013 0.0012 0.0015 0.0238 0.1100 0.0028 0.0018 0.0024 0.0094 0.0208 0.0026 0.0018 0.8133 0.0030 
       Cal10  3 0.0036 0.0012 0.0036 0.0024 0.0022 0.0037 0.0038 0.0019 0.0033 0.0016 0.0029 0.0062 0.0027 0.0089 0.0039 0.9454 0.0026 
       Cal11  3 0.0052 0.0016 0.0012 0.0017 0.0009 0.0025 0.0043 0.0070 0.0034 0.0021 0.0037 0.0044 0.0022 0.0030 0.0017 0.9055 0.0494 
      Cal197  3 0.0011 0.0015 0.0020 0.0016 0.0103 0.0068 0.0055 0.3356 0.0013 0.0017 0.0014 0.0032 0.0019 0.0025 0.0028 0.6186 0.0024 
      Cal198  3 0.0416 0.0022 0.0018 0.0016 0.0141 0.0127 0.0395 0.0077 0.0034 0.0014 0.0023 0.0039 0.0021 0.0035 0.0358 0.8240 0.0022 
      Cal199  3 0.0021 0.0007 0.0011 0.0013 0.0009 0.0021 0.0017 0.0025 0.0073 0.0013 0.0068 0.0058 0.0021 0.0052 0.0019 0.9543 0.0029 
      Cal200  3 0.0045 0.0007 0.0011 0.0016 0.0007 0.0020 0.0028 0.0063 0.0014 0.0013 0.0045 0.0045 0.0015 0.0063 0.0016 0.9552 0.0041 
      Cal201  3 0.0026 0.0008 0.0025 0.0027 0.0006 0.0015 0.0049 0.0483 0.0014 0.0019 0.0021 0.0031 0.0020 0.0041 0.0016 0.9168 0.0032 
      Cal202  3 0.0022 0.0009 0.0025 0.0074 0.0008 0.0012 0.0033 0.0166 0.0099 0.0017 0.0028 0.0223 0.0034 0.0154 0.0100 0.8961 0.0035 
      Cal203  3 0.0110 0.0007 0.0014 0.0013 0.0012 0.0020 0.0022 0.0021 0.0031 0.0028 0.0030 0.0050 0.0019 0.0051 0.0024 0.9489 0.0059 
      Cal204  3 0.0007 0.0008 0.0014 0.0010 0.0019 0.0022 0.0026 0.0021 0.0019 0.0027 0.0064 0.0060 0.0031 0.0050 0.0022 0.9558 0.0040 
      Cal205  3 0.0023 0.0009 0.0017 0.0013 0.0010 0.0018 0.0030 0.0088 0.0021 0.0017 0.0022 0.0040 0.0026 0.0060 0.0023 0.9564 0.0021 
      Cal206  3 0.0022 0.0018 0.0014 0.0021 0.0016 0.0021 0.0022 0.0034 0.0022 0.0016 0.0023 0.0071 0.0024 0.0032 0.0017 0.9598 0.0030 
      Cal207  3 0.0007 0.0008 0.0015 0.0012 0.0010 0.0155 0.0030 0.0065 0.0014 0.0012 0.0037 0.0037 0.0029 0.0026 0.0056 0.9464 0.0024 
      Cal208  3 0.0075 0.0012 0.0017 0.0015 0.0015 0.0021 0.0025 0.0279 0.0033 0.0023 0.0046 0.0052 0.0042 0.0037 0.0034 0.9234 0.0042 
      Cal209  3 0.0020 0.0010 0.0012 0.0013 0.0011 0.0014 0.0024 0.0398 0.0023 0.0012 0.0021 0.0048 0.0017 0.0028 0.0014 0.9307 0.0030 
      Cal210  3 0.0020 0.0007 0.0010 0.0013 0.0009 0.0020 0.0017 0.0025 0.0073 0.0013 0.0070 0.0060 0.0021 0.0052 0.0019 0.9541 0.0029 
      Cal211  3 0.0009 0.0014 0.0010 0.0012 0.0007 0.0018 0.0026 0.0134 0.0018 0.0015 0.0019 0.0033 0.0017 0.0044 0.0015 0.9583 0.0028 
      Cal212  3 0.0027 0.0010 0.0010 0.0012 0.0008 0.0023 0.0022 0.0026 0.0023 0.0015 0.0028 0.0041 0.0025 0.0083 0.0016 0.9606 0.0025 
      Cal213  3 0.0608 0.0044 0.0098 0.0039 0.0100 0.0297 0.0427 0.0227 0.0023 0.0012 0.0017 0.0047 0.0023 0.0432 0.0208 0.7378 0.0020 
      Cal214  3 0.0021 0.0010 0.0027 0.0065 0.0143 0.0029 0.0023 0.0014 0.0336 0.0013 0.0018 0.0062 0.0078 0.0040 0.0059 0.9031 0.0031 
      Cal215  3 0.0031 0.0020 0.0024 0.0021 0.0013 0.0024 0.0031 0.0616 0.0116 0.0016 0.0119 0.0139 0.0031 0.0059 0.0029 0.8662 0.0051 
      Cal216  3 0.0030 0.0020 0.0012 0.0017 0.0008 0.0021 0.0046 0.0614 0.0014 0.0016 0.0037 0.0050 0.0028 0.0038 0.0033 0.8978 0.0038 
      Cal217  3 0.0016 0.0008 0.0013 0.0015 0.0008 0.0019 0.0038 0.0355 0.0014 0.0015 0.0023 0.0030 0.0016 0.0026 0.0018 0.9355 0.0030 
      Cal218  3 0.0034 0.0011 0.0010 0.0012 0.0007 0.0024 0.0024 0.0045 0.0023 0.0014 0.0018 0.0039 0.0020 0.0046 0.0014 0.9635 0.0024 
      Cal219  3 0.0028 0.0011 0.0027 0.0020 0.0009 0.0017 0.0029 0.0313 0.0029 0.0035 0.0049 0.0049 0.0059 0.0036 0.0016 0.9235 0.0038 
      Cal220  3 0.0014 0.0014 0.0022 0.0019 0.0010 0.0020 0.0029 0.0104 0.0047 0.0638 0.0047 0.0035 0.0041 0.0029 0.0030 0.8842 0.0060 
      Cal221  3 0.0029 0.0013 0.0010 0.0011 0.0007 0.0020 0.0029 0.0160 0.0017 0.0021 0.0021 0.0041 0.0013 0.0030 0.0017 0.9537 0.0024 
      Cal222  3 0.0032 0.0009 0.0012 0.0012 0.0009 0.0018 0.0027 0.0037 0.0041 0.0015 0.0032 0.0052 0.0016 0.0043 0.0017 0.9600 0.0030 
      Cal223  3 0.0067 0.0017 0.0048 0.0029 0.0015 0.0041 0.0279 0.0019 0.0042 0.0025 0.0031 0.0043 0.0092 0.0072 0.0257 0.8877 0.0046 
      Cal224  3 0.0010 0.0055 0.0023 0.0014 0.0191 0.0040 0.0034 0.0021 0.0027 0.0012 0.0182 0.0343 0.0018 0.0091 0.0471 0.8394 0.0074 
       Cal33  3 0.0025 0.0015 0.0030 0.0022 0.0009 0.0027 0.0028 0.0045 0.0023 0.0015 0.0018 0.0044 0.0018 0.0042 0.0015 0.9599 0.0025 
       Cal34  3 0.0043 0.0008 0.0016 0.0014 0.0008 0.0016 0.0108 0.0034 0.0027 0.0070 0.0021 0.0074 0.0159 0.0029 0.0074 0.9271 0.0028 
       Cal35  3 0.0012 0.0008 0.0018 0.0014 0.0007 0.0017 0.0030 0.0047 0.0015 0.0016 0.0032 0.0045 0.0020 0.0090 0.0015 0.9587 0.0024 
       Cal37  3 0.0019 0.0298 0.0046 0.0016 0.0009 0.0033 0.0078 0.0047 0.0017 0.0024 0.0022 0.0050 0.0204 0.0114 0.0014 0.8983 0.0024 
       Cal38  3 0.0008 0.0007 0.0011 0.0011 0.0006 0.0024 0.0031 0.2778 0.0022 0.0015 0.0026 0.0027 0.0021 0.0030 0.0015 0.6942 0.0027 
       Cal39  3 0.0141 0.0014 0.0011 0.0012 0.0007 0.0014 0.0035 0.0309 0.0041 0.0015 0.0069 0.0104 0.0021 0.0027 0.0015 0.9127 0.0039 
       Cal40  3 0.0019 0.0010 0.0011 0.0014 0.0011 0.0013 0.0024 0.0405 0.0023 0.0011 0.0021 0.0048 0.0017 0.0028 0.0014 0.9299 0.0030 
       Cal41  3 0.0023 0.0012 0.0012 0.0011 0.0009 0.0014 0.0035 0.0249 0.0024 0.0013 0.0020 0.0046 0.0016 0.0031 0.0014 0.9442 0.0030 
       Cal42  3 0.0014 0.0016 0.0015 0.0015 0.0010 0.0017 0.0019 0.0057 0.0029 0.0011 0.0024 0.0054 0.0027 0.0040 0.0017 0.9593 0.0043 
       Cal43  3 0.0024 0.0013 0.0016 0.0019 0.0008 0.0026 0.0029 0.0035 0.0025 0.0022 0.0026 0.0035 0.0022 0.0029 0.0023 0.9618 0.0031 
       Cal44  3 0.0040 0.0012 0.0012 0.0015 0.0007 0.0035 0.0025 0.0106 0.0025 0.0626 0.0062 0.0045 0.0018 0.0048 0.0047 0.8836 0.0042 
        BW41  3 0.0011 0.0032 0.0019 0.0026 0.0011 0.0018 0.0029 0.0024 0.0029 0.0029 0.0032 0.0380 0.0034 0.0075 0.0055 0.9162 0.0035 
        BW42  3 0.0129 0.0063 0.0130 0.0014 0.0008 0.0022 0.0034 0.0028 0.0021 0.0016 0.0020 0.0042 0.0016 0.0028 0.0020 0.9374 0.0035 
        BW44  3 0.0018 0.0017 0.0012 0.0016 0.0009 0.0017 0.0042 0.0017 0.0017 0.0017 0.0021 0.0035 0.0015 0.0030 0.0021 0.9657 0.0040 
        BW45  3 0.0012 0.0007 0.0009 0.0010 0.0006 0.0012 0.0024 0.0038 0.0014 0.0013 0.0015 0.0029 0.0014 0.0027 0.0012 0.9733 0.0025 
        BW46  3 0.0023 0.0011 0.0014 0.0019 0.0008 0.0022 0.0023 0.0061 0.0018 0.0017 0.0031 0.0047 0.0025 0.0056 0.0024 0.9574 0.0028 
        BW47  3 0.0017 0.0073 0.0020 0.0011 0.0009 0.0020 0.0063 0.1196 0.0016 0.0360 0.0093 0.0195 0.0017 0.0177 0.0016 0.7692 0.0025 
        BW48  3 0.0079 0.0021 0.0033 0.0017 0.0028 0.0025 0.0036 0.0040 0.0058 0.0032 0.0120 0.0115 0.0050 0.0056 0.0024 0.9208 0.0058 
        BW49  3 0.0009 0.0062 0.0027 0.0010 0.0007 0.0019 0.0157 0.0116 0.0017 0.0016 0.0042 0.0036 0.0045 0.0023 0.0018 0.9343 0.0056 
        BW50  3 0.0041 0.0020 0.0015 0.0016 0.0006 0.0021 0.0029 0.0350 0.0021 0.0021 0.0022 0.0049 0.0014 0.0031 0.0022 0.9291 0.0030 
        BW51  3 0.0055 0.0018 0.0014 0.0012 0.0006 0.0016 0.0186 0.0316 0.0024 0.0015 0.0024 0.0033 0.0017 0.0024 0.0018 0.9191 0.0030 
        BW52  3 0.0036 0.0017 0.0012 0.0014 0.0008 0.0021 0.0034 0.0081 0.0025 0.0021 0.0027 0.0040 0.0022 0.0025 0.0019 0.9295 0.0303 
        BW53  3 0.0019 0.0200 0.0018 0.0014 0.0013 0.0039 0.0037 0.0059 0.0016 0.0210 0.0018 0.0053 0.0045 0.0162 0.0021 0.9048 0.0027 
        BW54  3 0.0065 0.0329 0.0021 0.0014 0.0015 0.0023 0.0058 0.0109 0.0058 0.0493 0.0037 0.0124 0.0020 0.0488 0.0021 0.8084 0.0041 
