        TC01  1 0.0010 0.0016 0.0029 0.0023 0.0040 0.0012 0.0126 0.0021 0.0034 0.0017 0.0054 0.0045 0.0079 0.0039 0.0118 0.0256 0.0216 0.0032 0.0155 0.8578 0.0100 
        TC02  1 0.0016 0.0011 0.0045 0.0022 0.0026 0.0016 0.0041 0.0033 0.0047 0.0054 0.0066 0.0036 0.0064 0.0025 0.0217 0.0082 0.0069 0.0034 0.0155 0.8831 0.0109 
        TC03  1 0.0011 0.0017 0.0012 0.0014 0.0017 0.0017 0.0040 0.0029 0.0043 0.0034 0.0100 0.0042 0.0068 0.0063 0.0051 0.0038 0.0114 0.0024 0.0106 0.9097 0.0063 
        TC04  1 0.0036 0.0013 0.0045 0.0015 0.0015 0.0013 0.0030 0.0015 0.0829 0.0017 0.0512 0.0053 0.0039 0.0034 0.0288 0.0052 0.0178 0.0118 0.0395 0.7242 0.0061 
        TC05  1 0.0008 0.0099 0.0012 0.0010 0.0012 0.0015 0.0019 0.0021 0.0175 0.0036 0.0096 0.0028 0.0027 0.0021 0.0067 0.0026 0.0040 0.0041 0.0151 0.9016 0.0082 
        TC06  1 0.0025 0.0025 0.0026 0.0010 0.0011 0.0012 0.0027 0.0028 0.0045 0.0123 0.1180 0.0025 0.0085 0.0017 0.0076 0.0033 0.0068 0.0026 0.0168 0.7863 0.0128 
        TC07  1 0.0005 0.0016 0.0022 0.0009 0.0010 0.0022 0.0018 0.0012 0.0099 0.0040 0.0118 0.0078 0.0033 0.0030 0.0062 0.0125 0.0048 0.0287 0.0176 0.8732 0.0058 
        TC08  1 0.0034 0.0009 0.0015 0.0016 0.0010 0.0025 0.0027 0.0019 0.0263 0.0039 0.0083 0.0025 0.0026 0.0013 0.0066 0.0037 0.0036 0.0035 0.0125 0.9031 0.0065 
        TC09  1 0.0726 0.0024 0.0025 0.0011 0.0009 0.0010 0.0016 0.0018 0.0047 0.0022 0.0311 0.0054 0.0686 0.0047 0.0104 0.0029 0.0051 0.0030 0.0079 0.7607 0.0092 
        TC10  1 0.0007 0.0007 0.0012 0.0008 0.0015 0.0010 0.0098 0.0016 0.0038 0.0017 0.0090 0.0024 0.0586 0.0159 0.0035 0.0154 0.0039 0.0019 0.0259 0.8366 0.0041 
        TC11  1 0.0010 0.0019 0.0010 0.0008 0.0007 0.0013 0.0032 0.0015 0.0035 0.0014 0.0042 0.0020 0.0044 0.0019 0.0032 0.0092 0.0053 0.0020 0.0093 0.9395 0.0027 
        TC12  1 0.0011 0.0011 0.0063 0.0052 0.0025 0.0022 0.0067 0.0052 0.0063 0.0078 0.0173 0.0020 0.0041 0.0057 0.0101 0.0080 0.0184 0.0071 0.0318 0.8278 0.0232 
        TC13  1 0.0022 0.0011 0.0009 0.0015 0.0010 0.0011 0.0028 0.0012 0.0038 0.0017 0.0098 0.0058 0.0147 0.0013 0.0040 0.0031 0.0039 0.0021 0.0116 0.9227 0.0036 
        TC14  1 0.0015 0.0011 0.0013 0.0021 0.0013 0.0037 0.0043 0.0022 0.0086 0.0036 0.0844 0.0095 0.0491 0.0026 0.0199 0.0058 0.0125 0.0020 0.0134 0.7561 0.0150 
        TC15  1 0.0060 0.0028 0.0018 0.0020 0.0016 0.0014 0.0036 0.0015 0.0044 0.0039 0.0763 0.0247 0.0338 0.0032 0.0100 0.0025 0.0064 0.0018 0.0166 0.7865 0.0093 
        TC16  1 0.0546 0.0023 0.0029 0.0025 0.0019 0.0035 0.0027 0.0036 0.0083 0.0062 0.0410 0.0026 0.0690 0.0022 0.0235 0.0034 0.0101 0.0089 0.0404 0.7033 0.0074 
        TC17  1 0.0015 0.0104 0.0475 0.0052 0.0025 0.0038 0.0053 0.0053 0.0149 0.0046 0.0295 0.0063 0.0754 0.0035 0.0684 0.0081 0.0120 0.0064 0.0183 0.6552 0.0158 
        TC18  1 0.0016 0.0012 0.0018 0.0019 0.0048 0.0028 0.0082 0.0059 0.0365 0.0025 0.0142 0.0022 0.0105 0.0049 0.0038 0.0059 0.0341 0.0058 0.0143 0.8334 0.0037 
        TC19  1 0.0060 0.0008 0.0010 0.0010 0.0010 0.0012 0.0032 0.0028 0.0031 0.0015 0.0056 0.0020 0.0417 0.0017 0.0063 0.0035 0.0038 0.0057 0.0137 0.8912 0.0034 
        TC20  1 0.0027 0.0010 0.0010 0.0017 0.0008 0.0016 0.0037 0.0013 0.0107 0.0017 0.0088 0.0032 0.0165 0.0016 0.0074 0.0034 0.0161 0.0022 0.0132 0.8969 0.0045 
        TC21  1 0.0026 0.0135 0.0192 0.0826 0.0015 0.0061 0.0031 0.0028 0.0044 0.0047 0.0132 0.0026 0.0035 0.0023 0.0039 0.0127 0.0296 0.0328 0.0436 0.7110 0.0042 
        TC22  1 0.0028 0.0010 0.0011 0.0024 0.0022 0.0012 0.0094 0.0057 0.0041 0.0041 0.0143 0.0068 0.0025 0.0017 0.0038 0.0052 0.0041 0.0028 0.0844 0.8275 0.0128 
        TC23  1 0.0009 0.0008 0.0011 0.0010 0.0011 0.0016 0.0028 0.0034 0.0040 0.0059 0.0099 0.0036 0.0054 0.0036 0.0072 0.0087 0.0067 0.0025 0.0133 0.9116 0.0051 
        TC24  1 0.0011 0.0008 0.0009 0.0008 0.0016 0.0027 0.0017 0.0013 0.0064 0.0012 0.0057 0.0018 0.0098 0.0025 0.0033 0.0021 0.0028 0.0017 0.0071 0.9421 0.0025 
        TC25  1 0.0021 0.0009 0.0028 0.0027 0.0012 0.0020 0.0022 0.0031 0.0042 0.0015 0.1343 0.0045 0.0293 0.0055 0.0027 0.0370 0.0356 0.0024 0.0272 0.6926 0.0062 
        TC26  1 0.0011 0.0009 0.0028 0.0013 0.0010 0.0015 0.0019 0.0022 0.0036 0.0115 0.0199 0.0027 0.0632 0.0019 0.0043 0.0026 0.0035 0.0029 0.0121 0.8488 0.0101 
        TC27  1 0.0009 0.0207 0.0092 0.0028 0.0010 0.0021 0.0360 0.0014 0.0121 0.0051 0.0321 0.0050 0.0050 0.0023 0.0038 0.0032 0.0056 0.0067 0.0100 0.8311 0.0039 
        TC28  1 0.0007 0.0019 0.0028 0.0017 0.0027 0.0015 0.0026 0.0014 0.0106 0.0027 0.0390 0.0031 0.0115 0.0033 0.0064 0.0051 0.0064 0.0021 0.0366 0.8534 0.0041 
        TC29  1 0.0008 0.0029 0.0013 0.0020 0.0014 0.0023 0.0018 0.0048 0.0445 0.0075 0.0811 0.0045 0.0106 0.0060 0.0244 0.0071 0.0133 0.0040 0.0110 0.7641 0.0046 
        TC30  1 0.0036 0.0023 0.0018 0.0015 0.0010 0.0016 0.0030 0.0024 0.0035 0.0026 0.0112 0.0023 0.0114 0.0029 0.0133 0.0034 0.0044 0.0025 0.0118 0.9089 0.0047 
        TC31  1 0.0026 0.0011 0.0010 0.0025 0.0034 0.0023 0.0054 0.0108 0.0063 0.0014 0.0055 0.0023 0.0044 0.0039 0.0042 0.0258 0.0227 0.0046 0.0455 0.8405 0.0037 
        TC32  1 0.0012 0.0014 0.0043 0.0008 0.0013 0.0015 0.0021 0.0015 0.0056 0.0020 0.1532 0.0066 0.0133 0.0017 0.0040 0.0046 0.0056 0.0031 0.0663 0.7048 0.0153 
        TC33  1 0.0009 0.0017 0.0012 0.0012 0.0030 0.0033 0.0031 0.0021 0.0054 0.0020 0.0102 0.0069 0.0057 0.0026 0.0032 0.0131 0.0056 0.0025 0.0120 0.9084 0.0056 
        TC34  1 0.0015 0.0019 0.0015 0.0017 0.0011 0.0043 0.0052 0.0039 0.0040 0.0162 0.0763 0.0035 0.0131 0.0023 0.0039 0.0035 0.0050 0.0021 0.0124 0.8314 0.0053 
        TC35  1 0.0026 0.0019 0.0034 0.0019 0.0016 0.0013 0.0092 0.0037 0.0101 0.0022 0.0100 0.0025 0.0101 0.0018 0.0377 0.0191 0.0143 0.0035 0.0275 0.8322 0.0034 
        TC36  1 0.0017 0.0026 0.0067 0.0027 0.0010 0.0015 0.0037 0.0016 0.0077 0.0028 0.0105 0.0039 0.0088 0.0050 0.0082 0.0038 0.0054 0.0026 0.0173 0.8930 0.0094 
        TC37  1 0.0009 0.0022 0.0015 0.0015 0.0012 0.0027 0.0029 0.0018 0.0048 0.0035 0.0033 0.0029 0.0037 0.0020 0.0148 0.0041 0.0061 0.0020 0.0271 0.9045 0.0068 
        TC38  1 0.0295 0.0012 0.0023 0.0015 0.0014 0.0015 0.0018 0.0026 0.0052 0.0030 0.0275 0.0019 0.0351 0.0033 0.0350 0.0065 0.0413 0.0070 0.0108 0.7755 0.0058 
        TC39  1 0.0014 0.0014 0.0019 0.0021 0.0009 0.0018 0.0020 0.0026 0.0038 0.0180 0.0932 0.0020 0.0870 0.0028 0.0205 0.0038 0.0075 0.0022 0.0118 0.7255 0.0077 
        TC40  1 0.0013 0.0015 0.0017 0.0019 0.0018 0.0071 0.0034 0.0030 0.0093 0.0039 0.0711 0.0035 0.0207 0.0067 0.0060 0.0036 0.0057 0.0024 0.0179 0.8208 0.0066 
        TC41  1 0.0009 0.0014 0.0017 0.0008 0.0027 0.0013 0.0022 0.0143 0.0096 0.0039 0.0062 0.0033 0.0053 0.0018 0.0036 0.0033 0.0044 0.0021 0.0694 0.8578 0.0041 
        TC42  1 0.0012 0.0010 0.0013 0.0019 0.0020 0.0011 0.0036 0.0016 0.0062 0.0017 0.0215 0.0021 0.0056 0.0028 0.0072 0.0023 0.0035 0.0025 0.0073 0.9173 0.0062 
        TC43  1 0.0010 0.0015 0.0009 0.0011 0.0010 0.0013 0.0029 0.0016 0.0054 0.0040 0.0234 0.0043 0.0038 0.0022 0.0131 0.0030 0.0074 0.0025 0.0170 0.8981 0.0044 
        TC44  1 0.0121 0.0011 0.0026 0.0033 0.0011 0.0012 0.0075 0.0024 0.0084 0.0331 0.0225 0.0023 0.0276 0.0046 0.0358 0.0077 0.0054 0.0020 0.0120 0.7990 0.0084 
        TC45  1 0.0007 0.0012 0.0015 0.0034 0.0007 0.0009 0.0017 0.0018 0.0048 0.0021 0.0035 0.0023 0.0242 0.0018 0.0058 0.0036 0.0247 0.0023 0.0146 0.8913 0.0071 
        TC46  1 0.0009 0.0016 0.0022 0.0019 0.0015 0.0017 0.0046 0.0056 0.0074 0.0035 0.0074 0.0024 0.0159 0.0030 0.0040 0.0031 0.0114 0.0038 0.0292 0.8831 0.0058 
        TC47  1 0.0071 0.0012 0.0020 0.0010 0.0010 0.0014 0.0082 0.0019 0.0058 0.0027 0.0128 0.0026 0.0281 0.0019 0.0088 0.0043 0.0054 0.0021 0.0178 0.8800 0.0039 
        TC48  1 0.0009 0.0015 0.0029 0.0020 0.0036 0.0191 0.0058 0.0020 0.0087 0.0038 0.0136 0.0059 0.0154 0.0021 0.0085 0.0035 0.0151 0.0023 0.0198 0.8167 0.0470 
        TC49  1 0.0007 0.0020 0.0015 0.0064 0.0019 0.0016 0.0040 0.0015 0.0137 0.0035 0.0073 0.0039 0.0069 0.0012 0.0036 0.0057 0.0064 0.0026 0.0246 0.8892 0.0117 
        TC50  1 0.0026 0.0027 0.0025 0.0014 0.0017 0.0030 0.0082 0.0045 0.0050 0.0021 0.0061 0.0300 0.0052 0.0035 0.0061 0.0048 0.0099 0.0028 0.0180 0.8721 0.0076 
        TC51  1 0.0060 0.0011 0.0016 0.0032 0.0015 0.0013 0.0037 0.0025 0.0084 0.0067 0.0717 0.0040 0.0051 0.0029 0.0040 0.0117 0.0076 0.0029 0.0148 0.8263 0.0132 
        TC52  1 0.0014 0.0010 0.0018 0.0025 0.0015 0.0019 0.0018 0.0017 0.0056 0.0015 0.0111 0.0026 0.0100 0.0197 0.0030 0.0023 0.0178 0.0029 0.0235 0.8809 0.0053 
        TC53  1 0.0016 0.0012 0.0027 0.0050 0.0008 0.0014 0.0077 0.0102 0.0033 0.0014 0.0189 0.0049 0.0068 0.0019 0.0240 0.0021 0.0033 0.0086 0.0095 0.8633 0.0216 
        TC54  1 0.0015 0.0034 0.0058 0.0051 0.0024 0.0149 0.0052 0.0021 0.0086 0.0030 0.0410 0.0102 0.0130 0.0032 0.0057 0.0049 0.0083 0.0028 0.0183 0.8325 0.0081 
        TC55  1 0.0008 0.0017 0.0066 0.0015 0.0023 0.0024 0.0031 0.0012 0.0037 0.0028 0.0283 0.0057 0.0511 0.0067 0.0044 0.0039 0.0068 0.0025 0.0374 0.8101 0.0169 
        TC56  1 0.0008 0.0021 0.0014 0.0015 0.0017 0.0037 0.0054 0.0037 0.0221 0.0028 0.0186 0.0060 0.0036 0.0027 0.0217 0.0074 0.0292 0.0052 0.0157 0.8307 0.0139 
        TC57  1 0.0014 0.0054 0.0056 0.0023 0.0012 0.0023 0.0113 0.0035 0.0104 0.0025 0.0050 0.0049 0.0203 0.0025 0.0204 0.0045 0.0046 0.0030 0.0173 0.8632 0.0083 
        TC58  1 0.0013 0.0010 0.0030 0.0012 0.0015 0.0013 0.0031 0.0020 0.0039 0.0310 0.0058 0.0025 0.0160 0.0019 0.0047 0.0286 0.0048 0.0018 0.0144 0.8635 0.0068 
        TC59  1 0.0010 0.0009 0.0049 0.0015 0.0010 0.0016 0.0031 0.0016 0.0030 0.0024 0.0143 0.0026 0.0048 0.0016 0.0046 0.0040 0.0031 0.0019 0.0096 0.9292 0.0035 
        TA01  2 0.0054 0.0010 0.0052 0.0011 0.0011 0.0015 0.0037 0.0019 0.0049 0.0139 0.0124 0.0205 0.0286 0.0015 0.0237 0.0045 0.0041 0.0029 0.0082 0.8492 0.0045 
        TA02  2 0.0012 0.0013 0.0021 0.0012 0.0041 0.0034 0.0021 0.0015 0.0462 0.0047 0.0066 0.0032 0.0051 0.0048 0.0452 0.0026 0.0050 0.0022 0.0154 0.8388 0.0034 
        TA03  2 0.0030 0.0018 0.0017 0.0021 0.0029 0.0032 0.0202 0.0033 0.0061 0.0125 0.0073 0.0057 0.0095 0.0028 0.1214 0.0046 0.0056 0.0026 0.0182 0.7596 0.0058 
        TA04  2 0.0763 0.0022 0.0011 0.0015 0.0011 0.0015 0.0051 0.0024 0.0064 0.0035 0.0917 0.0054 0.0050 0.0031 0.3021 0.0032 0.0043 0.0013 0.0370 0.4394 0.0065 
        TA05  2 0.0026 0.0020 0.0016 0.0012 0.0020 0.0024 0.0036 0.0016 0.0049 0.0021 0.0051 0.0026 0.0044 0.0017 0.0085 0.0043 0.0080 0.0074 0.0160 0.9109 0.0071 
        TA06  2 0.0030 0.0007 0.0013 0.0007 0.0009 0.0012 0.0025 0.0016 0.0025 0.0028 0.0231 0.0089 0.0215 0.0023 0.0096 0.0049 0.0037 0.0019 0.0126 0.8911 0.0032 
        TA07  2 0.0014 0.0025 0.0328 0.0059 0.0018 0.0041 0.0033 0.0051 0.0059 0.0024 0.0052 0.0023 0.0059 0.0029 0.3470 0.0082 0.0059 0.0196 0.0129 0.5094 0.0154 
        TA08  2 0.0030 0.0010 0.0009 0.0013 0.0008 0.0013 0.0322 0.0016 0.0068 0.0021 0.0422 0.0089 0.0119 0.0018 0.0448 0.0029 0.0085 0.0014 0.0074 0.8146 0.0047 
        TA09  2 0.0023 0.0009 0.0009 0.0007 0.0010 0.0014 0.0029 0.0016 0.0047 0.0021 0.0119 0.0030 0.0088 0.0032 0.0520 0.0028 0.0033 0.0018 0.0126 0.8752 0.0070 
        TA10  2 0.0017 0.0023 0.0022 0.0033 0.0017 0.0016 0.0034 0.0032 0.0230 0.0056 0.0112 0.0072 0.0140 0.0017 0.0312 0.0571 0.0050 0.0025 0.0124 0.8024 0.0071 
        TA11  2 0.0044 0.0010 0.0011 0.0036 0.0204 0.0016 0.0071 0.0215 0.0059 0.0026 0.0095 0.0023 0.1444 0.0017 0.0125 0.0613 0.0086 0.0021 0.0317 0.6477 0.0088 
        TA12  2 0.0014 0.0025 0.0017 0.0015 0.0424 0.0021 0.0105 0.0031 0.0277 0.0018 0.0054 0.0057 0.0086 0.0013 0.0441 0.0089 0.0044 0.0041 0.0128 0.7873 0.0225 
        TA13  2 0.0201 0.0060 0.0014 0.0022 0.0016 0.0026 0.0032 0.0036 0.0223 0.0035 0.0706 0.0040 0.0040 0.0040 0.0178 0.0081 0.0049 0.0030 0.0135 0.6514 0.1522 
        TA14  2 0.0014 0.0007 0.0010 0.0010 0.0009 0.0021 0.0019 0.0011 0.0145 0.0029 0.0219 0.0022 0.0112 0.0065 0.0486 0.0022 0.0030 0.0023 0.0099 0.8545 0.0103 
        TA15  2 0.0009 0.0023 0.0009 0.0072 0.0008 0.0014 0.0021 0.0015 0.0082 0.0038 0.0303 0.0028 0.0037 0.0019 0.0194 0.0036 0.0030 0.0017 0.0108 0.8837 0.0100 
        TA16  2 0.0083 0.0023 0.0031 0.0012 0.0035 0.0013 0.0036 0.0011 0.0483 0.0020 0.0440 0.0043 0.0157 0.0023 0.0566 0.0308 0.0041 0.0020 0.0114 0.7405 0.0135 
        TA17  2 0.0011 0.0015 0.0015 0.0014 0.0035 0.0029 0.0141 0.0019 0.0204 0.0086 0.0188 0.0051 0.0055 0.0020 0.0050 0.0033 0.0040 0.0029 0.0176 0.8696 0.0091 
        TA18  2 0.0020 0.0009 0.0012 0.0011 0.0008 0.0013 0.0031 0.0030 0.0061 0.0050 0.0069 0.0271 0.0028 0.0014 0.0050 0.0152 0.0035 0.0019 0.0957 0.8123 0.0036 
        TA19  2 0.0183 0.0012 0.0015 0.0012 0.0014 0.0018 0.0503 0.0052 0.0069 0.0026 0.0175 0.0056 0.0071 0.0020 0.0096 0.0102 0.0041 0.0048 0.0422 0.8019 0.0047 
        TA20  2 0.0009 0.0016 0.0022 0.0009 0.0021 0.0097 0.0028 0.0034 0.1308 0.0085 0.0093 0.0026 0.0268 0.0017 0.0121 0.0030 0.0051 0.0025 0.0087 0.7614 0.0039 
        TA21  2 0.0017 0.0050 0.0013 0.0016 0.0035 0.0033 0.0034 0.0017 0.0115 0.0027 0.0142 0.0100 0.0650 0.0023 0.0217 0.0046 0.0061 0.0025 0.0164 0.8080 0.0133 
        TA22  2 0.0008 0.0013 0.0025 0.0007 0.0009 0.0064 0.0020 0.0047 0.0048 0.0032 0.0662 0.0041 0.0040 0.0015 0.0077 0.0025 0.0044 0.0013 0.0150 0.8554 0.0106 
        TA23  2 0.0013 0.0011 0.0010 0.0010 0.0016 0.0017 0.0025 0.0013 0.0056 0.0024 0.0661 0.0060 0.0058 0.0015 0.0268 0.0031 0.0037 0.0013 0.0113 0.8504 0.0046 
        TA24  2 0.0021 0.0318 0.0105 0.0025 0.0021 0.0016 0.0085 0.0031 0.0084 0.0044 0.0102 0.0052 0.0039 0.0058 0.0058 0.0032 0.0042 0.0029 0.0131 0.8676 0.0032 
        TA25  2 0.0017 0.0043 0.0020 0.0026 0.0028 0.0010 0.0038 0.0032 0.0194 0.0021 0.0153 0.0182 0.0059 0.0017 0.0041 0.1332 0.0041 0.0027 0.0117 0.7543 0.0058 
        TA26  2 0.0073 0.0017 0.0012 0.0034 0.0029 0.0025 0.0068 0.0025 0.0062 0.0038 0.0212 0.0031 0.0595 0.0016 0.0369 0.0083 0.0108 0.0018 0.0098 0.7932 0.0156 
        TA27  2 0.0017 0.0011 0.0014 0.0017 0.0072 0.0021 0.0049 0.0026 0.0093 0.0430 0.0083 0.0039 0.0057 0.0036 0.0092 0.0035 0.0033 0.0036 0.0097 0.8665 0.0077 
        TA28  2 0.0028 0.0013 0.0029 0.0018 0.0042 0.0037 0.0026 0.0025 0.0291 0.0067 0.0078 0.0026 0.0128 0.0061 0.0547 0.0029 0.0108 0.0024 0.0278 0.8096 0.0049 
        TA29  2 0.0012 0.0010 0.0016 0.0015 0.0013 0.0015 0.0113 0.0025 0.0123 0.0029 0.0607 0.0030 0.0055 0.0018 0.0053 0.0044 0.0046 0.0022 0.0146 0.8500 0.0110 
        TA30  2 0.0759 0.0028 0.0011 0.0044 0.0015 0.0033 0.0114 0.0023 0.0104 0.0019 0.0168 0.0033 0.1636 0.0020 0.0450 0.0041 0.0064 0.0020 0.0148 0.5996 0.0274 
      BERM01  3 0.0677 0.0008 0.0008 0.0008 0.0011 0.0012 0.0019 0.0011 0.0033 0.0031 0.8815 0.0025 0.0061 0.0012 0.0041 0.0027 0.0030 0.0016 0.0079 0.0037 0.0040 
      BERM02  3 0.0028 0.0009 0.0009 0.0010 0.0009 0.0013 0.0015 0.0013 0.0033 0.0016 0.9358 0.0023 0.0067 0.0012 0.0064 0.0023 0.0037 0.0016 0.0135 0.0066 0.0043 
      BERM03  3 0.0009 0.0007 0.0011 0.0009 0.0010 0.0012 0.0022 0.0017 0.0029 0.0024 0.9459 0.0019 0.0065 0.0012 0.0031 0.0030 0.0034 0.0015 0.0083 0.0034 0.0070 
      BERM04  3 0.0023 0.0007 0.0009 0.0009 0.0007 0.0011 0.0027 0.0012 0.0025 0.0041 0.9422 0.0019 0.0104 0.0014 0.0031 0.0034 0.0039 0.0012 0.0071 0.0029 0.0053 
      BERM05  3 0.0030 0.0008 0.0013 0.0008 0.0010 0.0013 0.0025 0.0026 0.0032 0.0023 0.9406 0.0030 0.0049 0.0020 0.0041 0.0035 0.0048 0.0014 0.0080 0.0027 0.0063 
      BERM06  3 0.0059 0.0008 0.0022 0.0008 0.0010 0.0010 0.0023 0.0011 0.0026 0.0046 0.8807 0.0028 0.0463 0.0014 0.0164 0.0021 0.0042 0.0016 0.0131 0.0048 0.0042 
      BERM07  3 0.0050 0.0007 0.0009 0.0011 0.0010 0.0011 0.0040 0.0016 0.0035 0.0027 0.9310 0.0020 0.0087 0.0013 0.0055 0.0045 0.0037 0.0017 0.0093 0.0057 0.0052 
      BERM08  3 0.0037 0.0006 0.0008 0.0006 0.0007 0.0008 0.0019 0.0010 0.0026 0.0022 0.9521 0.0033 0.0033 0.0011 0.0045 0.0024 0.0041 0.0016 0.0061 0.0040 0.0025 
      BERM09  3 0.0662 0.0007 0.0014 0.0011 0.0008 0.0012 0.0020 0.0021 0.0030 0.0021 0.6336 0.0022 0.0059 0.0012 0.2416 0.0029 0.0026 0.0014 0.0145 0.0096 0.0039 
      BERM10  3 0.0071 0.0018 0.0024 0.0017 0.0015 0.0011 0.0059 0.0020 0.0032 0.0032 0.8853 0.0022 0.0313 0.0014 0.0051 0.0030 0.0057 0.0118 0.0108 0.0086 0.0050 
      BERM11  3 0.0021 0.0008 0.0008 0.0009 0.0006 0.0012 0.0018 0.0011 0.0036 0.0025 0.8538 0.0029 0.0067 0.0013 0.0948 0.0033 0.0045 0.0015 0.0079 0.0050 0.0031 
      BERM12  3 0.0009 0.0008 0.0007 0.0007 0.0019 0.0012 0.0087 0.0013 0.0027 0.0020 0.8814 0.0074 0.0117 0.0065 0.0098 0.0039 0.0378 0.0014 0.0097 0.0065 0.0029 
      BERM13  3 0.0034 0.0011 0.0010 0.0010 0.0009 0.0011 0.0026 0.0014 0.0030 0.0036 0.9251 0.0022 0.0027 0.0011 0.0061 0.0037 0.0031 0.0013 0.0266 0.0040 0.0048 
      BERM14  3 0.0027 0.0008 0.0008 0.0009 0.0007 0.0010 0.0021 0.0020 0.0030 0.0020 0.9072 0.0023 0.0382 0.0025 0.0082 0.0036 0.0032 0.0014 0.0070 0.0064 0.0041 
      CROC01  3 0.0033 0.0026 0.0020 0.0068 0.0020 0.0081 0.0068 0.0090 0.0048 0.0028 0.8885 0.0036 0.0045 0.0061 0.0066 0.0050 0.0049 0.0016 0.0207 0.0044 0.0058 
      CROC02  3 0.0013 0.0051 0.0060 0.0018 0.0009 0.0018 0.0021 0.0017 0.0045 0.0036 0.8390 0.0059 0.0290 0.0022 0.0164 0.0043 0.0077 0.0019 0.0522 0.0048 0.0075 
      CROC03  3 0.0019 0.0009 0.0012 0.0009 0.0015 0.0016 0.0037 0.0015 0.0046 0.0020 0.8156 0.0027 0.0201 0.0026 0.0994 0.0036 0.0112 0.0026 0.0135 0.0048 0.0045 
      CROC04  3 0.0017 0.0010 0.0559 0.0012 0.0013 0.0011 0.0022 0.0020 0.0030 0.0025 0.8445 0.0023 0.0033 0.0034 0.0030 0.0029 0.0030 0.0024 0.0093 0.0502 0.0038 
      CROC05  3 0.0035 0.0017 0.0050 0.0017 0.0009 0.0014 0.0021 0.0017 0.0038 0.0025 0.9156 0.0034 0.0156 0.0016 0.0085 0.0057 0.0039 0.0019 0.0104 0.0038 0.0053 
      CROC06  3 0.0039 0.0011 0.0282 0.0009 0.0022 0.0023 0.0025 0.0020 0.0034 0.0054 0.8302 0.0419 0.0108 0.0061 0.0060 0.0136 0.0058 0.0043 0.0141 0.0126 0.0028 
      CROC07  3 0.0027 0.0013 0.0023 0.0021 0.0013 0.0017 0.0035 0.0046 0.0043 0.0052 0.8843 0.0085 0.0072 0.0019 0.0260 0.0037 0.0041 0.0022 0.0176 0.0087 0.0068 
      CROC08  3 0.0022 0.0013 0.0012 0.0013 0.0009 0.0159 0.0037 0.0068 0.0113 0.0023 0.8829 0.0155 0.0054 0.0026 0.0046 0.0073 0.0089 0.0018 0.0096 0.0048 0.0099 
      CROC09  3 0.0772 0.0008 0.0013 0.0009 0.0007 0.0052 0.0016 0.0014 0.0036 0.0017 0.7917 0.0025 0.0400 0.0034 0.0120 0.0025 0.0062 0.0309 0.0097 0.0032 0.0035 
      CROC10  3 0.0978 0.0007 0.0009 0.0014 0.0008 0.0009 0.0018 0.0014 0.0026 0.0017 0.8429 0.0032 0.0051 0.0014 0.0051 0.0047 0.0046 0.0015 0.0101 0.0038 0.0076 
      CROC11  3 0.0776 0.0008 0.0013 0.0009 0.0007 0.0051 0.0017 0.0014 0.0035 0.0017 0.7913 0.0025 0.0395 0.0033 0.0126 0.0025 0.0063 0.0311 0.0097 0.0032 0.0035 
     CROC110  3 0.0073 0.0020 0.0044 0.0121 0.0011 0.0029 0.0039 0.0018 0.0071 0.0025 0.8423 0.0030 0.0137 0.0039 0.0326 0.0032 0.0034 0.0117 0.0151 0.0074 0.0185 
     CROC116  3 0.0016 0.0015 0.0027 0.0019 0.0038 0.0020 0.0031 0.0038 0.0057 0.0104 0.8312 0.0337 0.0227 0.0171 0.0076 0.0034 0.0087 0.0027 0.0144 0.0128 0.0091 
      CROC12  3 0.0033 0.0012 0.0011 0.0010 0.0013 0.0011 0.0017 0.0012 0.0035 0.0038 0.9418 0.0020 0.0064 0.0011 0.0025 0.0025 0.0036 0.0021 0.0100 0.0045 0.0044 
     CROC123  3 0.0034 0.0008 0.0008 0.0008 0.0006 0.0009 0.0015 0.0009 0.0038 0.0013 0.9358 0.0017 0.0159 0.0018 0.0052 0.0019 0.0037 0.0014 0.0079 0.0045 0.0054 
      CROC13  3 0.0013 0.0007 0.0011 0.0010 0.0010 0.0010 0.0027 0.0020 0.0032 0.0037 0.9153 0.0021 0.0254 0.0013 0.0040 0.0042 0.0100 0.0016 0.0068 0.0037 0.0079 
      CROC14  3 0.0022 0.0025 0.0043 0.0010 0.0008 0.0018 0.0013 0.0010 0.0052 0.0015 0.8418 0.0038 0.0237 0.0013 0.0084 0.0590 0.0050 0.0181 0.0073 0.0055 0.0044 
      CROC15  3 0.0014 0.0031 0.0014 0.0018 0.0010 0.0048 0.0027 0.0013 0.0116 0.0014 0.8360 0.0023 0.0056 0.0622 0.0028 0.0082 0.0090 0.0069 0.0274 0.0049 0.0045 
      CROC16  3 0.0387 0.0009 0.0024 0.0023 0.0017 0.0023 0.0025 0.0021 0.0052 0.0369 0.8081 0.0041 0.0295 0.0043 0.0054 0.0038 0.0185 0.0021 0.0091 0.0029 0.0170 
      CROC17  3 0.0011 0.0007 0.0011 0.0008 0.0008 0.0009 0.0016 0.0011 0.0378 0.0013 0.8957 0.0019 0.0049 0.0011 0.0024 0.0023 0.0035 0.0012 0.0076 0.0297 0.0025 
      CROC18  3 0.0013 0.0007 0.0008 0.0012 0.0014 0.0012 0.0022 0.0045 0.0030 0.0043 0.9013 0.0028 0.0063 0.0014 0.0034 0.0025 0.0098 0.0014 0.0409 0.0049 0.0047 
      CROC19  3 0.0022 0.0031 0.0083 0.0015 0.0011 0.0014 0.0048 0.0028 0.0047 0.0015 0.9088 0.0027 0.0032 0.0020 0.0079 0.0039 0.0043 0.0099 0.0140 0.0084 0.0035 
     CROC198  3 0.0060 0.0013 0.0010 0.0016 0.0012 0.0013 0.0049 0.0020 0.0029 0.0019 0.9063 0.0024 0.0346 0.0012 0.0052 0.0040 0.0037 0.0015 0.0085 0.0036 0.0050 
      CROC20  3 0.0027 0.0011 0.0019 0.0034 0.0010 0.0018 0.0028 0.0015 0.0104 0.0029 0.8976 0.0046 0.0107 0.0024 0.0083 0.0036 0.0071 0.0024 0.0240 0.0035 0.0065 
     CROC202  3 0.0025 0.0009 0.0012 0.0012 0.0012 0.0011 0.0037 0.0046 0.0034 0.0019 0.8994 0.0042 0.0298 0.0019 0.0041 0.0049 0.0149 0.0017 0.0092 0.0043 0.0040 
      CROC21  3 0.0036 0.0008 0.0008 0.0015 0.0010 0.0020 0.0023 0.0013 0.0033 0.0020 0.9251 0.0021 0.0041 0.0013 0.0049 0.0035 0.0047 0.0111 0.0116 0.0057 0.0072 
     CROC216  3 0.0051 0.0012 0.0018 0.0009 0.0028 0.0030 0.0021 0.0019 0.0038 0.0101 0.8700 0.0024 0.0057 0.0080 0.0297 0.0032 0.0063 0.0029 0.0186 0.0143 0.0063 
      CROC22  3 0.0028 0.0009 0.0012 0.0018 0.0010 0.0011 0.0134 0.0022 0.0474 0.0017 0.7929 0.0021 0.0585 0.0015 0.0268 0.0034 0.0051 0.0022 0.0142 0.0071 0.0127 
      CROC23  3 0.0706 0.0026 0.0012 0.0012 0.0012 0.0017 0.0026 0.0016 0.0043 0.0020 0.8328 0.0086 0.0031 0.0017 0.0108 0.0032 0.0047 0.0022 0.0143 0.0187 0.0110 
      CROC24  3 0.0128 0.0011 0.0014 0.0010 0.0010 0.0016 0.0018 0.0019 0.0043 0.0038 0.8691 0.0018 0.0513 0.0017 0.0154 0.0028 0.0082 0.0025 0.0075 0.0051 0.0039 
      CROC25  3 0.0015 0.0007 0.0010 0.0007 0.0007 0.0012 0.0020 0.0013 0.0028 0.0021 0.9414 0.0019 0.0105 0.0017 0.0053 0.0032 0.0032 0.0012 0.0097 0.0040 0.0037 
     CROC259  3 0.0035 0.0013 0.0025 0.0007 0.0012 0.0011 0.0024 0.0014 0.0048 0.0035 0.8856 0.0023 0.0057 0.0014 0.0107 0.0255 0.0049 0.0016 0.0070 0.0279 0.0051 
      CROC26  3 0.0029 0.0009 0.0009 0.0008 0.0012 0.0015 0.0036 0.0017 0.0033 0.0020 0.8592 0.0031 0.0067 0.0020 0.0044 0.0041 0.0045 0.0015 0.0081 0.0844 0.0032 
      CROC27  3 0.0040 0.0016 0.0015 0.0014 0.0018 0.0030 0.0033 0.0014 0.0103 0.0020 0.8542 0.0031 0.0172 0.0034 0.0514 0.0029 0.0044 0.0020 0.0104 0.0167 0.0037 
      CROC28  3 0.0291 0.0007 0.0016 0.0011 0.0014 0.0013 0.0018 0.0012 0.0042 0.0020 0.7516 0.0022 0.1216 0.0019 0.0403 0.0034 0.0034 0.0020 0.0061 0.0197 0.0032 
      CROC29  3 0.0010 0.0024 0.0014 0.0020 0.0008 0.0021 0.0021 0.0015 0.0036 0.0015 0.9356 0.0023 0.0083 0.0031 0.0072 0.0027 0.0042 0.0017 0.0085 0.0042 0.0039 
      CROC30  3 0.0069 0.0036 0.0184 0.0027 0.0029 0.0023 0.0022 0.0016 0.0094 0.0298 0.8225 0.0042 0.0280 0.0029 0.0052 0.0034 0.0063 0.0027 0.0331 0.0067 0.0052 
      CROC31  3 0.0206 0.0022 0.0016 0.0047 0.0032 0.0022 0.0023 0.0023 0.0037 0.0043 0.7964 0.0262 0.0135 0.0028 0.0555 0.0039 0.0043 0.0023 0.0095 0.0193 0.0192 
      CROC32  3 0.0019 0.0011 0.0018 0.0013 0.0009 0.0010 0.0022 0.0016 0.0025 0.0029 0.9115 0.0020 0.0380 0.0012 0.0045 0.0034 0.0034 0.0016 0.0086 0.0037 0.0051 
      CROC33  3 0.0011 0.0012 0.0099 0.0012 0.0014 0.0095 0.0024 0.0020 0.0187 0.0019 0.8904 0.0023 0.0033 0.0037 0.0163 0.0019 0.0059 0.0044 0.0084 0.0112 0.0031 
      CROC34  3 0.0016 0.0009 0.0012 0.0008 0.0012 0.0016 0.0030 0.0013 0.0036 0.0037 0.9410 0.0029 0.0035 0.0014 0.0045 0.0040 0.0041 0.0013 0.0106 0.0048 0.0031 
      CROC35  3 0.0023 0.0079 0.0171 0.0008 0.0008 0.0008 0.0013 0.0009 0.0058 0.0013 0.8805 0.0022 0.0058 0.0010 0.0352 0.0027 0.0039 0.0087 0.0066 0.0118 0.0026 
      CROC36  3 0.0260 0.0008 0.0012 0.0012 0.0008 0.0013 0.0020 0.0021 0.0030 0.0024 0.9111 0.0025 0.0099 0.0020 0.0036 0.0041 0.0041 0.0018 0.0101 0.0036 0.0064 
      CROC57  3 0.0012 0.0007 0.0011 0.0011 0.0009 0.0014 0.0021 0.0021 0.0034 0.0015 0.9461 0.0024 0.0042 0.0016 0.0043 0.0057 0.0038 0.0015 0.0080 0.0029 0.0040 
      CROC81  3 0.0025 0.0014 0.0018 0.0058 0.0009 0.0047 0.0019 0.0039 0.0038 0.0030 0.8656 0.0029 0.0339 0.0022 0.0061 0.0035 0.0237 0.0016 0.0216 0.0039 0.0051 
      CROC84  3 0.0081 0.0006 0.0007 0.0008 0.0013 0.0008 0.0036 0.0012 0.0025 0.0012 0.9203 0.0045 0.0135 0.0030 0.0099 0.0024 0.0106 0.0013 0.0054 0.0055 0.0028 
        FW01  3 0.0007 0.0006 0.0007 0.0008 0.0007 0.0010 0.0018 0.0014 0.0027 0.0017 0.0033 0.0017 0.9583 0.0011 0.0028 0.0025 0.0038 0.0017 0.0068 0.0025 0.0031 
        FW02  3 0.9653 0.0005 0.0006 0.0006 0.0006 0.0008 0.0014 0.0009 0.0020 0.0012 0.0028 0.0015 0.0025 0.0010 0.0024 0.0020 0.0026 0.0012 0.0056 0.0021 0.0025 
        FW03  3 0.0007 0.0006 0.0007 0.0007 0.0006 0.0009 0.0015 0.0009 0.0021 0.0013 0.0027 0.0016 0.9652 0.0012 0.0024 0.0021 0.0031 0.0012 0.0059 0.0023 0.0026 
        FW04  3 0.9653 0.0005 0.0006 0.0006 0.0006 0.0008 0.0014 0.0009 0.0020 0.0012 0.0028 0.0015 0.0025 0.0010 0.0024 0.0020 0.0025 0.0012 0.0056 0.0021 0.0025 
        FW05  3 0.9653 0.0005 0.0006 0.0006 0.0005 0.0008 0.0014 0.0009 0.0020 0.0012 0.0028 0.0015 0.0025 0.0010 0.0024 0.0020 0.0025 0.0011 0.0056 0.0021 0.0025 
        FW06  3 0.9652 0.0005 0.0006 0.0006 0.0006 0.0008 0.0014 0.0009 0.0020 0.0012 0.0028 0.0015 0.0025 0.0010 0.0024 0.0021 0.0025 0.0012 0.0057 0.0021 0.0025 
        FW07  3 0.0007 0.0005 0.0006 0.0007 0.0006 0.0008 0.0015 0.0010 0.0020 0.0013 0.0028 0.0016 0.9652 0.0011 0.0023 0.0021 0.0030 0.0012 0.0059 0.0023 0.0026 
        FW08  3 0.9653 0.0005 0.0006 0.0006 0.0006 0.0008 0.0014 0.0009 0.0020 0.0012 0.0028 0.0015 0.0025 0.0010 0.0024 0.0020 0.0025 0.0011 0.0057 0.0021 0.0025 
        FW09  3 0.9653 0.0005 0.0006 0.0006 0.0006 0.0008 0.0014 0.0009 0.0020 0.0012 0.0028 0.0015 0.0025 0.0010 0.0024 0.0020 0.0025 0.0012 0.0056 0.0021 0.0025 
        FW10  3 0.0007 0.0005 0.0006 0.0007 0.0006 0.0009 0.0015 0.0010 0.0021 0.0013 0.0028 0.0016 0.9649 0.0012 0.0024 0.0021 0.0031 0.0012 0.0059 0.0023 0.0027 
       FW100  3 0.0010 0.0005 0.0006 0.0007 0.0006 0.0009 0.0015 0.0010 0.0021 0.0013 0.0029 0.0016 0.9647 0.0011 0.0023 0.0020 0.0031 0.0012 0.0059 0.0023 0.0027 
       FW101  3 0.0007 0.0006 0.0006 0.0007 0.0006 0.0009 0.0015 0.0009 0.0021 0.0014 0.0028 0.0016 0.9651 0.0012 0.0023 0.0021 0.0030 0.0012 0.0058 0.0023 0.0026 
       FW102  3 0.9653 0.0005 0.0006 0.0006 0.0006 0.0008 0.0014 0.0009 0.0020 0.0012 0.0027 0.0015 0.0025 0.0010 0.0024 0.0020 0.0026 0.0012 0.0056 0.0021 0.0025 
       FW103  3 0.9653 0.0005 0.0006 0.0006 0.0006 0.0008 0.0014 0.0009 0.0020 0.0012 0.0027 0.0015 0.0026 0.0010 0.0024 0.0020 0.0025 0.0012 0.0057 0.0021 0.0025 
       FW104  3 0.0007 0.0006 0.0007 0.0009 0.0007 0.0010 0.0018 0.0013 0.0027 0.0017 0.0033 0.0017 0.9585 0.0011 0.0027 0.0025 0.0037 0.0017 0.0069 0.0025 0.0031 
       FW105  3 0.0007 0.0006 0.0006 0.0007 0.0006 0.0009 0.0015 0.0009 0.0021 0.0013 0.0027 0.0016 0.9652 0.0012 0.0023 0.0021 0.0030 0.0012 0.0058 0.0023 0.0026 
       FW106  3 0.0311 0.0012 0.0012 0.0019 0.0017 0.0017 0.0038 0.0015 0.0391 0.0019 0.7163 0.0039 0.0112 0.0065 0.0801 0.0030 0.0071 0.0031 0.0692 0.0086 0.0059 
       FW107  3 0.0007 0.0006 0.0007 0.0009 0.0007 0.0010 0.0019 0.0014 0.0027 0.0017 0.0033 0.0017 0.9582 0.0011 0.0028 0.0025 0.0038 0.0017 0.0069 0.0024 0.0032 
       FW108  3 0.9651 0.0005 0.0006 0.0006 0.0006 0.0008 0.0014 0.0009 0.0020 0.0012 0.0028 0.0015 0.0026 0.0010 0.0024 0.0020 0.0025 0.0012 0.0057 0.0021 0.0025 
       FW109  3 0.0007 0.0005 0.0006 0.0007 0.0006 0.0009 0.0015 0.0009 0.0021 0.0013 0.0028 0.0016 0.9649 0.0012 0.0023 0.0021 0.0030 0.0012 0.0059 0.0023 0.0026 
        FW11  3 0.0009 0.0005 0.0006 0.0007 0.0006 0.0009 0.0015 0.0009 0.0021 0.0013 0.0029 0.0016 0.9648 0.0011 0.0023 0.0021 0.0030 0.0012 0.0059 0.0023 0.0026 
       FW110  3 0.0007 0.0006 0.0006 0.0007 0.0006 0.0008 0.0015 0.0009 0.0021 0.0013 0.0028 0.0016 0.9651 0.0012 0.0023 0.0021 0.0031 0.0012 0.0059 0.0023 0.0026 
       FW111  3 0.9654 0.0005 0.0006 0.0006 0.0006 0.0008 0.0014 0.0009 0.0020 0.0012 0.0027 0.0015 0.0025 0.0010 0.0024 0.0020 0.0026 0.0011 0.0056 0.0021 0.0025 
       FW112  3 0.0010 0.0006 0.0006 0.0007 0.0006 0.0009 0.0015 0.0009 0.0021 0.0013 0.0029 0.0016 0.9647 0.0011 0.0023 0.0021 0.0030 0.0012 0.0059 0.0024 0.0026 
       FW113  3 0.9652 0.0005 0.0006 0.0006 0.0005 0.0008 0.0014 0.0009 0.0020 0.0012 0.0028 0.0015 0.0026 0.0010 0.0024 0.0020 0.0026 0.0011 0.0056 0.0021 0.0025 
       FW114  3 0.0007 0.0013 0.0010 0.0010 0.0009 0.0009 0.0015 0.0010 0.0027 0.0014 0.0032 0.0020 0.9585 0.0013 0.0026 0.0021 0.0031 0.0016 0.0064 0.0040 0.0028 
       FW115  3 0.0008 0.0006 0.0006 0.0007 0.0006 0.0009 0.0015 0.0009 0.0021 0.0013 0.0027 0.0016 0.9650 0.0012 0.0023 0.0021 0.0030 0.0012 0.0059 0.0023 0.0026 
       FW116  3 0.9653 0.0005 0.0006 0.0006 0.0005 0.0008 0.0014 0.0009 0.0020 0.0012 0.0027 0.0015 0.0025 0.0010 0.0024 0.0020 0.0025 0.0012 0.0056 0.0021 0.0025 
        FW12  3 0.9652 0.0005 0.0006 0.0006 0.0006 0.0008 0.0014 0.0009 0.0020 0.0012 0.0028 0.0015 0.0025 0.0010 0.0024 0.0020 0.0025 0.0012 0.0057 0.0021 0.0025 
        FW13  3 0.9653 0.0005 0.0006 0.0006 0.0006 0.0008 0.0014 0.0009 0.0020 0.0012 0.0028 0.0015 0.0026 0.0010 0.0024 0.0020 0.0025 0.0012 0.0056 0.0021 0.0025 
        FW14  3 0.0007 0.0006 0.0007 0.0009 0.0007 0.0010 0.0019 0.0013 0.0028 0.0017 0.0033 0.0017 0.9583 0.0011 0.0027 0.0025 0.0038 0.0017 0.0070 0.0025 0.0032 
        FW15  3 0.0007 0.0007 0.0007 0.0009 0.0007 0.0010 0.0018 0.0013 0.0027 0.0017 0.0034 0.0017 0.9583 0.0011 0.0027 0.0025 0.0038 0.0017 0.0069 0.0025 0.0032 
        FW16  3 0.0008 0.0006 0.0006 0.0007 0.0006 0.0009 0.0015 0.0009 0.0021 0.0013 0.0027 0.0015 0.9650 0.0012 0.0023 0.0021 0.0031 0.0012 0.0058 0.0023 0.0027 
        FW17  3 0.0007 0.0005 0.0006 0.0007 0.0006 0.0009 0.0015 0.0009 0.0021 0.0013 0.0027 0.0016 0.9651 0.0012 0.0023 0.0021 0.0030 0.0012 0.0058 0.0023 0.0027 
        FW18  3 0.0009 0.0006 0.0006 0.0007 0.0006 0.0009 0.0015 0.0010 0.0021 0.0013 0.0029 0.0016 0.9647 0.0011 0.0023 0.0021 0.0031 0.0012 0.0059 0.0023 0.0027 
        FW19  3 0.9652 0.0005 0.0006 0.0006 0.0006 0.0008 0.0014 0.0009 0.0020 0.0012 0.0028 0.0015 0.0026 0.0010 0.0024 0.0020 0.0025 0.0012 0.0056 0.0021 0.0025 
        FW20  3 0.9654 0.0005 0.0006 0.0006 0.0006 0.0008 0.0014 0.0009 0.0020 0.0012 0.0028 0.0015 0.0025 0.0010 0.0024 0.0020 0.0025 0.0011 0.0056 0.0021 0.0025 
        FW21  3 0.9655 0.0005 0.0006 0.0006 0.0006 0.0008 0.0014 0.0009 0.0020 0.0012 0.0028 0.0015 0.0026 0.0010 0.0024 0.0020 0.0025 0.0012 0.0056 0.0021 0.0025 
        FW22  3 0.0009 0.0005 0.0006 0.0007 0.0006 0.0009 0.0015 0.0010 0.0021 0.0014 0.0029 0.0016 0.9647 0.0011 0.0023 0.0021 0.0030 0.0012 0.0058 0.0024 0.0026 
        FW23  3 0.9652 0.0005 0.0006 0.0006 0.0006 0.0008 0.0014 0.0009 0.0020 0.0012 0.0028 0.0015 0.0026 0.0010 0.0024 0.0020 0.0026 0.0012 0.0056 0.0021 0.0025 
        FW24  3 0.9653 0.0005 0.0006 0.0006 0.0006 0.0008 0.0014 0.0009 0.0020 0.0012 0.0028 0.0015 0.0025 0.0010 0.0024 0.0021 0.0026 0.0011 0.0056 0.0020 0.0025 
        FW25  3 0.9653 0.0005 0.0006 0.0006 0.0006 0.0008 0.0014 0.0009 0.0020 0.0012 0.0027 0.0015 0.0025 0.0010 0.0024 0.0020 0.0026 0.0012 0.0056 0.0021 0.0025 
        FW26  3 0.9653 0.0005 0.0006 0.0006 0.0006 0.0008 0.0014 0.0009 0.0020 0.0012 0.0028 0.0015 0.0026 0.0010 0.0023 0.0020 0.0026 0.0012 0.0056 0.0021 0.0024 
        FW27  3 0.0007 0.0006 0.0006 0.0007 0.0006 0.0009 0.0015 0.0010 0.0021 0.0013 0.0027 0.0016 0.9650 0.0012 0.0023 0.0021 0.0030 0.0012 0.0059 0.0023 0.0026 
        FW28  3 0.9652 0.0005 0.0006 0.0006 0.0006 0.0008 0.0014 0.0009 0.0020 0.0012 0.0028 0.0015 0.0026 0.0009 0.0024 0.0020 0.0026 0.0012 0.0056 0.0021 0.0025 
        FW29  3 0.9654 0.0005 0.0006 0.0006 0.0006 0.0008 0.0014 0.0009 0.0020 0.0012 0.0028 0.0015 0.0025 0.0010 0.0024 0.0020 0.0025 0.0012 0.0056 0.0021 0.0025 
        FW30  3 0.0309 0.0012 0.0012 0.0019 0.0016 0.0016 0.0038 0.0014 0.0390 0.0018 0.7145 0.0039 0.0110 0.0062 0.0822 0.0030 0.0071 0.0031 0.0700 0.0085 0.0060 
        FW32  3 0.0007 0.0006 0.0007 0.0009 0.0007 0.0011 0.0019 0.0014 0.0027 0.0017 0.0034 0.0017 0.9581 0.0012 0.0028 0.0025 0.0038 0.0017 0.0069 0.0025 0.0031 
        FW33  3 0.9459 0.0005 0.0007 0.0006 0.0006 0.0008 0.0014 0.0009 0.0020 0.0012 0.0058 0.0015 0.0026 0.0010 0.0024 0.0020 0.0025 0.0012 0.0142 0.0030 0.0090 
        FW34  3 0.9652 0.0005 0.0006 0.0006 0.0006 0.0008 0.0014 0.0009 0.0020 0.0012 0.0028 0.0015 0.0026 0.0010 0.0024 0.0021 0.0026 0.0012 0.0056 0.0021 0.0025 
        FW35  3 0.9653 0.0005 0.0006 0.0006 0.0006 0.0008 0.0014 0.0009 0.0020 0.0012 0.0027 0.0015 0.0025 0.0010 0.0024 0.0020 0.0026 0.0012 0.0056 0.0021 0.0025 
        FW36  3 0.9653 0.0005 0.0006 0.0006 0.0006 0.0008 0.0014 0.0009 0.0020 0.0012 0.0028 0.0015 0.0025 0.0010 0.0024 0.0020 0.0026 0.0012 0.0057 0.0020 0.0025 
        FW37  3 0.0007 0.0006 0.0006 0.0007 0.0006 0.0009 0.0015 0.0009 0.0021 0.0014 0.0028 0.0016 0.9649 0.0011 0.0023 0.0021 0.0030 0.0012 0.0059 0.0024 0.0027 
        FW51  3 0.9654 0.0005 0.0006 0.0006 0.0005 0.0008 0.0014 0.0009 0.0020 0.0013 0.0027 0.0015 0.0025 0.0010 0.0023 0.0020 0.0025 0.0012 0.0056 0.0021 0.0025 
        FW52  3 0.0008 0.0005 0.0006 0.0007 0.0006 0.0009 0.0015 0.0009 0.0021 0.0013 0.0028 0.0016 0.9650 0.0012 0.0023 0.0021 0.0030 0.0012 0.0059 0.0023 0.0027 
        FW53  3 0.9655 0.0005 0.0006 0.0006 0.0005 0.0008 0.0014 0.0009 0.0020 0.0012 0.0027 0.0015 0.0025 0.0010 0.0024 0.0021 0.0026 0.0012 0.0056 0.0021 0.0025 
        FW54  3 0.0007 0.0006 0.0007 0.0007 0.0006 0.0009 0.0015 0.0010 0.0021 0.0013 0.0028 0.0016 0.9650 0.0012 0.0024 0.0021 0.0031 0.0012 0.0059 0.0023 0.0025 
        FW55  3 0.9653 0.0005 0.0006 0.0006 0.0006 0.0008 0.0014 0.0009 0.0020 0.0012 0.0028 0.0015 0.0025 0.0010 0.0024 0.0020 0.0026 0.0012 0.0057 0.0021 0.0025 
        FW56  3 0.9654 0.0005 0.0006 0.0006 0.0006 0.0008 0.0014 0.0009 0.0020 0.0012 0.0027 0.0015 0.0026 0.0010 0.0024 0.0020 0.0025 0.0012 0.0056 0.0021 0.0025 
        FW57  3 0.9652 0.0005 0.0006 0.0006 0.0006 0.0008 0.0014 0.0009 0.0020 0.0012 0.0028 0.0015 0.0026 0.0010 0.0024 0.0020 0.0025 0.0012 0.0056 0.0021 0.0025 
        FW78  3 0.9653 0.0005 0.0006 0.0006 0.0006 0.0008 0.0014 0.0009 0.0020 0.0012 0.0027 0.0015 0.0025 0.0010 0.0024 0.0020 0.0026 0.0012 0.0057 0.0021 0.0025 
        FW79  3 0.9652 0.0005 0.0006 0.0006 0.0006 0.0008 0.0014 0.0009 0.0020 0.0012 0.0028 0.0015 0.0026 0.0010 0.0023 0.0020 0.0025 0.0012 0.0056 0.0021 0.0025 
        FW80  3 0.9654 0.0005 0.0006 0.0006 0.0005 0.0008 0.0014 0.0009 0.0020 0.0012 0.0028 0.0015 0.0025 0.0010 0.0024 0.0020 0.0025 0.0012 0.0056 0.0021 0.0025 
        FW81  3 0.0007 0.0006 0.0006 0.0007 0.0006 0.0008 0.0015 0.0009 0.0021 0.0013 0.0028 0.0016 0.9651 0.0012 0.0023 0.0021 0.0030 0.0012 0.0059 0.0023 0.0025 
        FW82  3 0.0007 0.0006 0.0006 0.0007 0.0006 0.0009 0.0015 0.0010 0.0021 0.0013 0.0027 0.0016 0.9650 0.0012 0.0024 0.0020 0.0030 0.0012 0.0059 0.0024 0.0027 
        FW83  3 0.0007 0.0007 0.0007 0.0009 0.0007 0.0010 0.0019 0.0013 0.0028 0.0017 0.0033 0.0017 0.9582 0.0011 0.0027 0.0025 0.0038 0.0017 0.0068 0.0025 0.0031 
        FW84  3 0.9652 0.0005 0.0006 0.0006 0.0006 0.0008 0.0014 0.0009 0.0020 0.0012 0.0028 0.0015 0.0026 0.0010 0.0024 0.0021 0.0025 0.0012 0.0056 0.0021 0.0025 
        FW85  3 0.0008 0.0006 0.0026 0.0012 0.0026 0.0009 0.0015 0.0010 0.0021 0.0014 0.0028 0.0017 0.9261 0.0191 0.0050 0.0021 0.0104 0.0046 0.0060 0.0048 0.0028 
        FW86  3 0.0009 0.0006 0.0006 0.0007 0.0006 0.0009 0.0015 0.0009 0.0021 0.0013 0.0029 0.0016 0.9648 0.0011 0.0023 0.0020 0.0031 0.0012 0.0058 0.0023 0.0026 
        FW87  3 0.0010 0.0005 0.0006 0.0007 0.0006 0.0009 0.0015 0.0009 0.0021 0.0013 0.0028 0.0016 0.9648 0.0011 0.0023 0.0021 0.0031 0.0012 0.0059 0.0023 0.0027 
        FW88  3 0.9655 0.0005 0.0006 0.0006 0.0006 0.0008 0.0014 0.0009 0.0020 0.0012 0.0027 0.0015 0.0025 0.0010 0.0023 0.0020 0.0025 0.0012 0.0056 0.0021 0.0025 
        FW89  3 0.9653 0.0005 0.0006 0.0006 0.0006 0.0008 0.0014 0.0009 0.0020 0.0012 0.0027 0.0015 0.0025 0.0010 0.0024 0.0020 0.0025 0.0012 0.0057 0.0021 0.0025 
        FW90  3 0.9651 0.0005 0.0006 0.0006 0.0006 0.0008 0.0014 0.0009 0.0020 0.0012 0.0028 0.0015 0.0025 0.0010 0.0024 0.0021 0.0026 0.0012 0.0057 0.0021 0.0025 
        FW91  3 0.0007 0.0006 0.0007 0.0007 0.0006 0.0009 0.0015 0.0009 0.0021 0.0013 0.0027 0.0016 0.9651 0.0012 0.0023 0.0021 0.0031 0.0012 0.0058 0.0023 0.0027 
        FW92  3 0.9653 0.0005 0.0006 0.0006 0.0005 0.0008 0.0014 0.0009 0.0020 0.0012 0.0028 0.0015 0.0025 0.0010 0.0024 0.0020 0.0025 0.0012 0.0056 0.0021 0.0025 
        FW93  3 0.9653 0.0005 0.0006 0.0006 0.0005 0.0008 0.0014 0.0009 0.0020 0.0012 0.0028 0.0015 0.0025 0.0010 0.0024 0.0021 0.0026 0.0012 0.0056 0.0020 0.0025 
        FW94  3 0.0008 0.0006 0.0007 0.0007 0.0006 0.0009 0.0015 0.0009 0.0021 0.0013 0.0028 0.0016 0.9650 0.0012 0.0023 0.0021 0.0030 0.0012 0.0058 0.0023 0.0027 
        FW95  3 0.9651 0.0005 0.0006 0.0006 0.0006 0.0008 0.0014 0.0009 0.0020 0.0012 0.0028 0.0015 0.0026 0.0010 0.0024 0.0021 0.0025 0.0012 0.0056 0.0021 0.0025 
        FW96  3 0.9654 0.0005 0.0006 0.0006 0.0006 0.0008 0.0014 0.0009 0.0020 0.0012 0.0027 0.0015 0.0025 0.0010 0.0024 0.0020 0.0026 0.0012 0.0056 0.0021 0.0025 
        FW97  3 0.0066 0.0080 0.0014 0.0015 0.0028 0.0023 0.0082 0.0021 0.0045 0.0025 0.8296 0.0032 0.0298 0.0019 0.0257 0.0088 0.0059 0.0016 0.0453 0.0046 0.0037 
        FW98  3 0.0007 0.0006 0.0007 0.0007 0.0006 0.0008 0.0015 0.0009 0.0021 0.0013 0.0028 0.0016 0.9652 0.0011 0.0023 0.0021 0.0031 0.0012 0.0059 0.0023 0.0025 
        FW99  3 0.9653 0.0005 0.0006 0.0007 0.0006 0.0008 0.0014 0.0009 0.0020 0.0012 0.0028 0.0015 0.0026 0.0010 0.0023 0.0021 0.0025 0.0012 0.0056 0.0021 0.0025 
       Cal01  3 0.2078 0.0011 0.0009 0.0013 0.0026 0.0032 0.0021 0.0049 0.0072 0.0053 0.7224 0.0021 0.0037 0.0021 0.0092 0.0034 0.0043 0.0018 0.0058 0.0054 0.0038 
       Cal02  3 0.0054 0.0008 0.0011 0.0015 0.0012 0.0011 0.0023 0.0015 0.0043 0.0025 0.9233 0.0032 0.0089 0.0017 0.0034 0.0031 0.0051 0.0019 0.0163 0.0049 0.0065 
       Cal03  3 0.0472 0.0008 0.0018 0.0009 0.0010 0.0017 0.0017 0.0015 0.0035 0.0031 0.7762 0.0033 0.1223 0.0032 0.0059 0.0018 0.0049 0.0026 0.0085 0.0035 0.0045 
       Cal04  3 0.0008 0.0027 0.0028 0.0013 0.0022 0.0014 0.0115 0.0015 0.0038 0.0017 0.9112 0.0031 0.0073 0.0027 0.0023 0.0032 0.0058 0.0107 0.0144 0.0060 0.0036 
       Cal05  3 0.0033 0.0006 0.0008 0.0006 0.0008 0.0008 0.0020 0.0010 0.0023 0.0015 0.9305 0.0022 0.0158 0.0013 0.0128 0.0019 0.0035 0.0013 0.0067 0.0080 0.0023 
       Cal06  3 0.0029 0.0009 0.0138 0.0015 0.0010 0.0014 0.0017 0.0016 0.0045 0.0166 0.8883 0.0084 0.0037 0.0022 0.0073 0.0077 0.0039 0.0018 0.0104 0.0153 0.0052 
       Cal07  3 0.0139 0.0007 0.0011 0.0010 0.0007 0.0010 0.0015 0.0011 0.0031 0.0027 0.9114 0.0015 0.0049 0.0013 0.0089 0.0024 0.0029 0.0015 0.0088 0.0270 0.0027 
       Cal08  3 0.0494 0.0028 0.0086 0.0012 0.0019 0.0018 0.0053 0.0038 0.0090 0.0019 0.8352 0.0037 0.0305 0.0035 0.0048 0.0074 0.0055 0.0020 0.0106 0.0057 0.0054 
       Cal09  3 0.0429 0.0008 0.0009 0.0092 0.0055 0.0011 0.0028 0.0014 0.0029 0.0021 0.8573 0.0020 0.0095 0.0011 0.0049 0.0029 0.0044 0.0015 0.0103 0.0320 0.0044 
       Cal10  3 0.0009 0.0012 0.0024 0.0015 0.0020 0.0018 0.0028 0.0015 0.0084 0.0023 0.9265 0.0029 0.0099 0.0031 0.0048 0.0024 0.0049 0.0025 0.0087 0.0055 0.0041 
       Cal11  3 0.0098 0.0012 0.0019 0.0027 0.0012 0.0014 0.0044 0.0029 0.0049 0.0033 0.8215 0.0034 0.0363 0.0015 0.0176 0.0500 0.0039 0.0020 0.0156 0.0083 0.0062 
      Cal197  3 0.3257 0.0012 0.0059 0.0010 0.0007 0.0016 0.0013 0.0008 0.0057 0.0017 0.6100 0.0053 0.0043 0.0010 0.0044 0.0022 0.0028 0.0021 0.0106 0.0078 0.0037 
