        TC01  1 0.0042 0.7862 0.0018 0.0008 0.0032 0.0039 0.0025 0.0028 0.0035 0.0488 0.0019 0.0022 0.0045 0.0265 0.0049 0.0167 0.0316 0.0028 0.0142 0.0095 0.0073 0.0201 
        TC02  1 0.0015 0.8493 0.0006 0.0016 0.0050 0.0025 0.0035 0.0061 0.0054 0.0038 0.0020 0.0036 0.0077 0.0184 0.0081 0.0210 0.0126 0.0022 0.0208 0.0112 0.0063 0.0066 
        TC03  1 0.0014 0.8388 0.0010 0.0013 0.0025 0.0018 0.0029 0.0031 0.0041 0.0025 0.0030 0.0032 0.0065 0.0259 0.0032 0.0409 0.0165 0.0039 0.0150 0.0135 0.0057 0.0033 
        TC04  1 0.0012 0.6684 0.0011 0.0020 0.0175 0.0027 0.0104 0.0072 0.0050 0.0028 0.0017 0.0018 0.0059 0.0391 0.0117 0.0865 0.0395 0.0035 0.0743 0.0094 0.0039 0.0044 
        TC05  1 0.0011 0.8373 0.0009 0.0010 0.0024 0.0023 0.0165 0.0053 0.0052 0.0018 0.0018 0.0025 0.0073 0.0110 0.0033 0.0290 0.0204 0.0021 0.0374 0.0062 0.0029 0.0024 
        TC06  1 0.0008 0.7445 0.0010 0.0009 0.0049 0.0056 0.0024 0.0046 0.0090 0.0029 0.0016 0.0042 0.0051 0.0250 0.0092 0.1289 0.0163 0.0020 0.0139 0.0073 0.0072 0.0028 
        TC07  1 0.0011 0.8533 0.0021 0.0009 0.0017 0.0016 0.0049 0.0076 0.0036 0.0019 0.0023 0.0015 0.0100 0.0134 0.0050 0.0286 0.0158 0.0020 0.0225 0.0056 0.0041 0.0105 
        TC08  1 0.0016 0.8447 0.0016 0.0012 0.0076 0.0044 0.0028 0.0049 0.0042 0.0034 0.0018 0.0022 0.0129 0.0094 0.0043 0.0275 0.0097 0.0015 0.0403 0.0080 0.0028 0.0033 
        TC09  1 0.0030 0.7475 0.0031 0.0008 0.0279 0.0032 0.0045 0.0026 0.0094 0.0020 0.0010 0.0020 0.0055 0.0141 0.0066 0.0848 0.0077 0.0034 0.0129 0.0046 0.0505 0.0030 
        TC10  1 0.0008 0.7695 0.0008 0.0008 0.0018 0.0041 0.0029 0.0161 0.0028 0.0030 0.0013 0.0019 0.0046 0.0112 0.0029 0.0292 0.0170 0.0088 0.0103 0.0407 0.0571 0.0127 
        TC11  1 0.0010 0.8371 0.0008 0.0016 0.0022 0.0465 0.0016 0.0032 0.0019 0.0023 0.0023 0.0018 0.0127 0.0170 0.0085 0.0137 0.0072 0.0021 0.0103 0.0123 0.0046 0.0096 
        TC12  1 0.0029 0.7620 0.0007 0.0008 0.0036 0.0018 0.0024 0.0049 0.0113 0.0062 0.0027 0.0040 0.0073 0.0355 0.0071 0.0478 0.0432 0.0038 0.0293 0.0125 0.0044 0.0057 
        TC13  1 0.0012 0.8725 0.0015 0.0014 0.0035 0.0054 0.0019 0.0042 0.0025 0.0021 0.0012 0.0015 0.0057 0.0110 0.0026 0.0302 0.0082 0.0017 0.0157 0.0106 0.0125 0.0028 
        TC14  1 0.0055 0.6754 0.0015 0.0020 0.0059 0.0033 0.0027 0.0030 0.0093 0.0049 0.0026 0.0024 0.0172 0.0248 0.0030 0.1534 0.0152 0.0036 0.0144 0.0122 0.0324 0.0052 
        TC15  1 0.0016 0.7489 0.0017 0.0023 0.0074 0.0018 0.0036 0.0048 0.0058 0.0018 0.0011 0.0018 0.0084 0.0169 0.0047 0.1191 0.0128 0.0037 0.0136 0.0144 0.0216 0.0023 
        TC16  1 0.0062 0.6315 0.0009 0.0014 0.0470 0.0026 0.0026 0.0057 0.0043 0.0043 0.0014 0.0040 0.0236 0.0229 0.0076 0.0894 0.0455 0.0028 0.0237 0.0072 0.0622 0.0031 
        TC17  1 0.0019 0.5959 0.0044 0.0012 0.0089 0.0065 0.0045 0.0069 0.0084 0.0068 0.0035 0.0051 0.0177 0.0266 0.0324 0.0839 0.0077 0.0036 0.0788 0.0126 0.0731 0.0093 
        TC18  1 0.0017 0.7354 0.0006 0.0008 0.0026 0.0355 0.0235 0.0039 0.0023 0.0029 0.0028 0.0048 0.0122 0.0599 0.0036 0.0351 0.0092 0.0033 0.0154 0.0306 0.0081 0.0057 
        TC19  1 0.0010 0.8080 0.0006 0.0009 0.0238 0.0283 0.0018 0.0043 0.0025 0.0029 0.0016 0.0038 0.0070 0.0123 0.0025 0.0199 0.0081 0.0023 0.0146 0.0110 0.0390 0.0038 
        TC20  1 0.0012 0.8359 0.0010 0.0011 0.0063 0.0025 0.0070 0.0046 0.0030 0.0154 0.0013 0.0016 0.0075 0.0368 0.0027 0.0262 0.0088 0.0017 0.0122 0.0058 0.0143 0.0030 
        TC21  1 0.0022 0.6477 0.0006 0.0010 0.0055 0.0026 0.0024 0.0043 0.0031 0.0031 0.0011 0.0036 0.0393 0.0601 0.0138 0.0449 0.0229 0.0083 0.1082 0.0110 0.0035 0.0107 
        TC22  1 0.0016 0.7956 0.0011 0.0026 0.0039 0.0070 0.0027 0.0136 0.0063 0.0031 0.0017 0.0056 0.0052 0.0115 0.0031 0.0538 0.0116 0.0044 0.0165 0.0426 0.0028 0.0037 
        TC23  1 0.0009 0.8031 0.0008 0.0012 0.0025 0.0083 0.0021 0.0027 0.0033 0.0032 0.0022 0.0052 0.0078 0.0209 0.0026 0.0361 0.0455 0.0030 0.0149 0.0146 0.0059 0.0134 
        TC24  1 0.0011 0.8958 0.0006 0.0008 0.0023 0.0022 0.0039 0.0027 0.0018 0.0026 0.0011 0.0017 0.0206 0.0082 0.0027 0.0184 0.0062 0.0021 0.0086 0.0050 0.0095 0.0020 
        TC25  1 0.0010 0.6497 0.0008 0.0017 0.0027 0.0029 0.0020 0.0040 0.0056 0.0027 0.0017 0.0032 0.0091 0.0576 0.0049 0.1562 0.0166 0.0083 0.0144 0.0062 0.0194 0.0293 
        TC26  1 0.0011 0.7764 0.0008 0.0008 0.0026 0.0019 0.0021 0.0038 0.0068 0.0023 0.0019 0.0027 0.0076 0.0097 0.0057 0.0596 0.0382 0.0020 0.0118 0.0060 0.0537 0.0024 
        TC27  1 0.0014 0.6671 0.0010 0.0027 0.0022 0.0103 0.0022 0.0035 0.0024 0.0024 0.0016 0.0018 0.0104 0.0127 0.0067 0.0973 0.0088 0.0020 0.0682 0.0875 0.0048 0.0030 
        TC28  1 0.0013 0.8030 0.0008 0.0020 0.0021 0.0022 0.0032 0.0095 0.0029 0.0024 0.0013 0.0017 0.0083 0.0150 0.0061 0.0699 0.0280 0.0028 0.0147 0.0078 0.0111 0.0041 
        TC29  1 0.0013 0.6893 0.0016 0.0025 0.0061 0.0061 0.0464 0.0028 0.0026 0.0019 0.0061 0.0047 0.0239 0.0280 0.0033 0.1180 0.0144 0.0034 0.0165 0.0055 0.0102 0.0053 
        TC30  1 0.0015 0.8360 0.0008 0.0008 0.0074 0.0153 0.0025 0.0040 0.0039 0.0040 0.0022 0.0029 0.0067 0.0121 0.0064 0.0412 0.0075 0.0041 0.0198 0.0086 0.0089 0.0035 
        TC31  1 0.0021 0.7776 0.0007 0.0012 0.0047 0.0135 0.0028 0.0112 0.0024 0.0046 0.0075 0.0107 0.0072 0.0452 0.0028 0.0211 0.0087 0.0072 0.0159 0.0232 0.0051 0.0247 
        TC32  1 0.0012 0.6595 0.0013 0.0021 0.0025 0.0119 0.0043 0.0335 0.0104 0.0029 0.0018 0.0017 0.0062 0.0158 0.0136 0.1768 0.0143 0.0063 0.0130 0.0060 0.0107 0.0043 
        TC33  1 0.0019 0.8269 0.0018 0.0010 0.0020 0.0048 0.0074 0.0032 0.0035 0.0033 0.0029 0.0027 0.0233 0.0164 0.0030 0.0342 0.0139 0.0027 0.0125 0.0106 0.0061 0.0157 
        TC34  1 0.0010 0.7198 0.0013 0.0007 0.0062 0.0080 0.0038 0.0057 0.0032 0.0045 0.0062 0.0046 0.0124 0.0154 0.0045 0.1426 0.0178 0.0022 0.0134 0.0137 0.0095 0.0035 
        TC35  1 0.0018 0.7856 0.0009 0.0012 0.0124 0.0029 0.0029 0.0214 0.0024 0.0049 0.0027 0.0034 0.0045 0.0333 0.0098 0.0357 0.0063 0.0021 0.0202 0.0221 0.0110 0.0125 
        TC36  1 0.0010 0.8307 0.0009 0.0013 0.0040 0.0035 0.0038 0.0041 0.0046 0.0033 0.0014 0.0019 0.0073 0.0141 0.0193 0.0305 0.0179 0.0037 0.0231 0.0120 0.0081 0.0036 
        TC37  1 0.0015 0.7823 0.0011 0.0014 0.0036 0.0805 0.0026 0.0136 0.0053 0.0040 0.0038 0.0023 0.0197 0.0180 0.0041 0.0119 0.0102 0.0027 0.0147 0.0082 0.0044 0.0042 
        TC38  1 0.0012 0.6862 0.0006 0.0008 0.0711 0.0081 0.0029 0.0027 0.0042 0.0020 0.0018 0.0031 0.0062 0.0736 0.0046 0.0527 0.0240 0.0021 0.0172 0.0058 0.0245 0.0047 
        TC39  1 0.0014 0.6508 0.0007 0.0007 0.0055 0.0129 0.0023 0.0076 0.0058 0.0025 0.0018 0.0028 0.0085 0.0202 0.0050 0.1582 0.0125 0.0025 0.0177 0.0063 0.0706 0.0038 
        TC40  1 0.0016 0.7278 0.0014 0.0016 0.0029 0.0039 0.0028 0.0055 0.0039 0.0031 0.0046 0.0038 0.0354 0.0151 0.0043 0.1212 0.0116 0.0050 0.0143 0.0110 0.0151 0.0039 
        TC41  1 0.0013 0.8516 0.0014 0.0026 0.0019 0.0035 0.0099 0.0124 0.0028 0.0023 0.0014 0.0145 0.0064 0.0134 0.0058 0.0251 0.0139 0.0035 0.0112 0.0066 0.0057 0.0031 
        TC42  1 0.0012 0.8455 0.0007 0.0012 0.0036 0.0045 0.0035 0.0023 0.0042 0.0048 0.0010 0.0019 0.0063 0.0094 0.0034 0.0673 0.0069 0.0023 0.0142 0.0082 0.0054 0.0021 
        TC43  1 0.0015 0.8093 0.0008 0.0044 0.0033 0.0039 0.0022 0.0054 0.0031 0.0022 0.0019 0.0021 0.0069 0.0188 0.0028 0.0819 0.0141 0.0029 0.0146 0.0111 0.0038 0.0030 
        TC44  1 0.0015 0.7865 0.0009 0.0012 0.0188 0.0021 0.0021 0.0055 0.0053 0.0045 0.0011 0.0026 0.0064 0.0149 0.0054 0.0618 0.0137 0.0027 0.0144 0.0225 0.0194 0.0067 
        TC45  1 0.0013 0.7766 0.0006 0.0008 0.0023 0.0334 0.0028 0.0255 0.0047 0.0035 0.0011 0.0020 0.0049 0.0456 0.0036 0.0129 0.0071 0.0018 0.0418 0.0047 0.0196 0.0032 
        TC46  1 0.0011 0.8162 0.0006 0.0013 0.0021 0.0038 0.0043 0.0149 0.0035 0.0025 0.0012 0.0048 0.0087 0.0256 0.0047 0.0238 0.0253 0.0025 0.0166 0.0203 0.0135 0.0029 
        TC47  1 0.0010 0.8201 0.0008 0.0010 0.0094 0.0023 0.0018 0.0043 0.0025 0.0054 0.0014 0.0025 0.0062 0.0127 0.0042 0.0384 0.0174 0.0018 0.0100 0.0306 0.0210 0.0052 
        TC48  1 0.0051 0.7412 0.0012 0.0016 0.0027 0.0024 0.0049 0.0045 0.0236 0.0140 0.0030 0.0021 0.0552 0.0290 0.0077 0.0462 0.0124 0.0031 0.0115 0.0114 0.0139 0.0032 
        TC49  1 0.0052 0.8301 0.0011 0.0036 0.0018 0.0075 0.0051 0.0096 0.0082 0.0094 0.0016 0.0018 0.0088 0.0167 0.0045 0.0274 0.0136 0.0016 0.0209 0.0075 0.0089 0.0048 
        TC50  1 0.0019 0.8337 0.0016 0.0043 0.0037 0.0025 0.0026 0.0054 0.0043 0.0031 0.0129 0.0043 0.0081 0.0244 0.0060 0.0177 0.0068 0.0041 0.0120 0.0311 0.0051 0.0042 
        TC51  1 0.0016 0.7782 0.0008 0.0021 0.0059 0.0011 0.0031 0.0055 0.0082 0.0039 0.0012 0.0029 0.0073 0.0206 0.0038 0.0960 0.0116 0.0027 0.0192 0.0105 0.0049 0.0088 
        TC52  1 0.0019 0.7904 0.0008 0.0011 0.0026 0.0045 0.0018 0.0029 0.0034 0.0022 0.0011 0.0019 0.0100 0.0295 0.0028 0.0360 0.0687 0.0042 0.0186 0.0054 0.0079 0.0021 
        TC53  1 0.0008 0.7879 0.0015 0.0008 0.0047 0.0037 0.0019 0.0032 0.0088 0.0036 0.0023 0.0113 0.0054 0.0093 0.0048 0.0630 0.0066 0.0021 0.0449 0.0245 0.0068 0.0020 
        TC54  1 0.0014 0.6918 0.0012 0.0082 0.0032 0.0033 0.0064 0.0082 0.0047 0.0036 0.0114 0.0022 0.0788 0.0201 0.0160 0.0854 0.0080 0.0027 0.0142 0.0152 0.0097 0.0042 
        TC55  1 0.0013 0.7586 0.0008 0.0032 0.0021 0.0032 0.0025 0.0065 0.0119 0.0030 0.0039 0.0016 0.0113 0.0200 0.0127 0.0525 0.0128 0.0134 0.0171 0.0107 0.0468 0.0042 
        TC56  1 0.0015 0.7478 0.0014 0.0104 0.0046 0.0060 0.0037 0.0056 0.0063 0.0037 0.0049 0.0037 0.0396 0.0464 0.0035 0.0576 0.0084 0.0024 0.0206 0.0127 0.0036 0.0057 
        TC57  1 0.0027 0.8150 0.0017 0.0025 0.0051 0.0044 0.0042 0.0075 0.0044 0.0055 0.0025 0.0035 0.0095 0.0117 0.0148 0.0201 0.0084 0.0027 0.0200 0.0253 0.0246 0.0039 
        TC58  1 0.0011 0.8036 0.0006 0.0009 0.0032 0.0030 0.0031 0.0067 0.0043 0.0050 0.0013 0.0030 0.0064 0.0128 0.0058 0.0212 0.0465 0.0019 0.0106 0.0121 0.0153 0.0316 
        TC59  1 0.0011 0.8796 0.0012 0.0006 0.0023 0.0015 0.0019 0.0029 0.0023 0.0028 0.0023 0.0021 0.0064 0.0088 0.0073 0.0335 0.0119 0.0016 0.0121 0.0092 0.0046 0.0039 
        TA01  2 0.0009 0.8321 0.0028 0.0032 0.0108 0.0035 0.0026 0.0025 0.0037 0.0034 0.0099 0.0034 0.0048 0.0121 0.0130 0.0362 0.0100 0.0021 0.0122 0.0103 0.0169 0.0037 
        TA02  2 0.0011 0.8440 0.0011 0.0023 0.0036 0.0041 0.0191 0.0044 0.0022 0.0021 0.0025 0.0024 0.0187 0.0206 0.0053 0.0195 0.0165 0.0039 0.0124 0.0064 0.0054 0.0023 
        TA03  2 0.0015 0.7746 0.0014 0.0012 0.0426 0.0035 0.0065 0.0093 0.0036 0.0035 0.0040 0.0031 0.0134 0.0137 0.0041 0.0273 0.0109 0.0024 0.0136 0.0477 0.0087 0.0037 
        TA04  2 0.0009 0.5306 0.0010 0.0011 0.2885 0.0019 0.0033 0.0100 0.0034 0.0029 0.0024 0.0023 0.0052 0.0119 0.0032 0.0814 0.0123 0.0024 0.0102 0.0160 0.0062 0.0028 
        TA05  2 0.0016 0.8618 0.0010 0.0009 0.0064 0.0022 0.0039 0.0038 0.0044 0.0030 0.0041 0.0019 0.0082 0.0195 0.0038 0.0170 0.0175 0.0019 0.0187 0.0103 0.0047 0.0035 
        TA06  2 0.0007 0.8641 0.0012 0.0020 0.0049 0.0031 0.0013 0.0044 0.0029 0.0049 0.0010 0.0019 0.0065 0.0105 0.0036 0.0460 0.0075 0.0028 0.0080 0.0064 0.0123 0.0043 
        TA07  2 0.0011 0.7371 0.0008 0.0007 0.0852 0.0011 0.0026 0.0036 0.0061 0.0037 0.0028 0.0029 0.0111 0.0127 0.0219 0.0234 0.0113 0.0029 0.0451 0.0082 0.0095 0.0062 
        TA08  2 0.0007 0.7730 0.0007 0.0050 0.0071 0.0011 0.0021 0.0028 0.0027 0.0018 0.0022 0.0018 0.0049 0.0218 0.0023 0.0624 0.0061 0.0015 0.0106 0.0767 0.0101 0.0026 
        TA09  2 0.0009 0.8355 0.0012 0.0010 0.0175 0.0063 0.0022 0.0026 0.0047 0.0028 0.0021 0.0020 0.0059 0.0090 0.0025 0.0335 0.0403 0.0022 0.0088 0.0084 0.0079 0.0025 
        TA10  2 0.0016 0.7859 0.0021 0.0015 0.0057 0.0018 0.0148 0.0050 0.0045 0.0104 0.0014 0.0034 0.0082 0.0134 0.0057 0.0293 0.0145 0.0016 0.0182 0.0075 0.0121 0.0514 
        TA11  2 0.0015 0.6785 0.0008 0.0009 0.0092 0.0026 0.0096 0.0332 0.0059 0.0076 0.0017 0.0186 0.0076 0.0218 0.0029 0.0252 0.0076 0.0018 0.0134 0.0200 0.0935 0.0361 
        TA12  2 0.0014 0.7437 0.0010 0.0010 0.0048 0.0024 0.1193 0.0056 0.0068 0.0294 0.0018 0.0026 0.0095 0.0114 0.0035 0.0164 0.0073 0.0015 0.0127 0.0061 0.0072 0.0046 
        TA13  2 0.0069 0.6205 0.0010 0.0023 0.0246 0.0018 0.0100 0.0051 0.1003 0.0097 0.0015 0.0041 0.0154 0.0136 0.0035 0.1098 0.0126 0.0031 0.0339 0.0080 0.0039 0.0083 
        TA14  2 0.0010 0.8553 0.0008 0.0017 0.0063 0.0024 0.0019 0.0039 0.0079 0.0019 0.0023 0.0013 0.0070 0.0083 0.0024 0.0562 0.0072 0.0031 0.0109 0.0058 0.0105 0.0020 
        TA15  2 0.0018 0.8431 0.0009 0.0014 0.0033 0.0019 0.0024 0.0044 0.0096 0.0028 0.0015 0.0018 0.0074 0.0084 0.0029 0.0678 0.0074 0.0021 0.0164 0.0061 0.0036 0.0032 
        TA16  2 0.0016 0.7289 0.0014 0.0014 0.0228 0.0024 0.0289 0.0033 0.0085 0.0051 0.0015 0.0013 0.0056 0.0110 0.0075 0.0907 0.0128 0.0020 0.0126 0.0092 0.0120 0.0294 
        TA17  2 0.0010 0.8220 0.0042 0.0009 0.0021 0.0013 0.0112 0.0054 0.0054 0.0099 0.0039 0.0021 0.0100 0.0102 0.0040 0.0332 0.0309 0.0021 0.0148 0.0181 0.0045 0.0028 
        TA18  2 0.0014 0.7582 0.0556 0.0010 0.0039 0.0038 0.0032 0.0078 0.0031 0.0048 0.0013 0.0036 0.0071 0.0102 0.0037 0.0267 0.0593 0.0067 0.0136 0.0090 0.0030 0.0130 
        TA19  2 0.0012 0.7359 0.0010 0.0012 0.0222 0.0034 0.0046 0.0133 0.0027 0.0058 0.0022 0.0037 0.0080 0.0115 0.0038 0.0462 0.0158 0.0031 0.0127 0.0858 0.0062 0.0094 
        TA20  2 0.0011 0.7273 0.0009 0.0009 0.0023 0.0014 0.1392 0.0038 0.0023 0.0029 0.0015 0.0028 0.0274 0.0144 0.0049 0.0218 0.0064 0.0017 0.0130 0.0074 0.0139 0.0027 
        TA21  2 0.0026 0.7719 0.0041 0.0080 0.0049 0.0033 0.0065 0.0045 0.0067 0.0028 0.0094 0.0018 0.0207 0.0146 0.0042 0.0388 0.0189 0.0020 0.0146 0.0093 0.0467 0.0037 
        TA22  2 0.0007 0.7756 0.0013 0.0012 0.0022 0.0149 0.0037 0.0060 0.0070 0.0020 0.0030 0.0039 0.0207 0.0115 0.0057 0.1094 0.0087 0.0022 0.0078 0.0062 0.0040 0.0023 
        TA23  2 0.0008 0.7965 0.0013 0.0022 0.0049 0.0048 0.0052 0.0035 0.0030 0.0026 0.0023 0.0016 0.0068 0.0101 0.0030 0.1153 0.0097 0.0019 0.0085 0.0077 0.0054 0.0028 
        TA24  2 0.0053 0.8181 0.0011 0.0016 0.0031 0.0016 0.0024 0.0082 0.0021 0.0023 0.0024 0.0036 0.0051 0.0117 0.0465 0.0225 0.0078 0.0023 0.0154 0.0304 0.0036 0.0028 
        TA25  2 0.0012 0.6947 0.0044 0.0027 0.0029 0.0019 0.0122 0.0063 0.0036 0.0423 0.0011 0.0031 0.0046 0.0111 0.0055 0.0393 0.0088 0.0015 0.0227 0.0066 0.0053 0.1182 
        TA26  2 0.0010 0.7366 0.0007 0.0012 0.0188 0.0034 0.0058 0.0030 0.0087 0.0088 0.0024 0.0040 0.0095 0.0359 0.0028 0.0687 0.0079 0.0020 0.0144 0.0155 0.0415 0.0074 
        TA27  2 0.0011 0.8235 0.0015 0.0010 0.0044 0.0081 0.0305 0.0040 0.0055 0.0077 0.0042 0.0046 0.0082 0.0098 0.0042 0.0258 0.0143 0.0031 0.0175 0.0118 0.0057 0.0034 
        TA28  2 0.0023 0.8280 0.0010 0.0016 0.0064 0.0042 0.0049 0.0070 0.0031 0.0024 0.0076 0.0042 0.0084 0.0377 0.0056 0.0210 0.0185 0.0038 0.0130 0.0074 0.0094 0.0025 
        TA29  2 0.0012 0.7847 0.0010 0.0012 0.0026 0.0024 0.0038 0.0051 0.0088 0.0069 0.0014 0.0026 0.0067 0.0115 0.0042 0.0930 0.0132 0.0022 0.0138 0.0250 0.0051 0.0036 
        TA30  2 0.0026 0.5593 0.0009 0.0020 0.1517 0.0035 0.0029 0.0042 0.0109 0.0033 0.0017 0.0022 0.0176 0.0161 0.0028 0.0344 0.0081 0.0022 0.0169 0.0289 0.1244 0.0034 
      BERM01  3 0.0009 0.0018 0.0007 0.0008 0.0487 0.0013 0.0026 0.0025 0.0029 0.0022 0.0025 0.0015 0.0046 0.0083 0.0020 0.8842 0.0075 0.0016 0.0087 0.0058 0.0065 0.0025 
      BERM02  3 0.0010 0.0032 0.0006 0.0008 0.0057 0.0019 0.0020 0.0037 0.0030 0.0016 0.0016 0.0015 0.0055 0.0105 0.0023 0.9226 0.0065 0.0020 0.0100 0.0048 0.0072 0.0021 
      BERM03  3 0.0008 0.0016 0.0006 0.0007 0.0020 0.0011 0.0019 0.0026 0.0056 0.0023 0.0012 0.0021 0.0062 0.0097 0.0030 0.9214 0.0087 0.0016 0.0092 0.0073 0.0077 0.0027 
      BERM04  3 0.0006 0.0014 0.0006 0.0006 0.0032 0.0009 0.0015 0.0023 0.0040 0.0021 0.0013 0.0015 0.0049 0.0110 0.0024 0.9165 0.0102 0.0016 0.0082 0.0100 0.0119 0.0032 
      BERM05  3 0.0010 0.0013 0.0011 0.0008 0.0042 0.0011 0.0019 0.0026 0.0058 0.0030 0.0018 0.0031 0.0063 0.0135 0.0035 0.9115 0.0121 0.0020 0.0072 0.0077 0.0054 0.0032 
      BERM06  3 0.0007 0.0022 0.0012 0.0007 0.0151 0.0015 0.0018 0.0049 0.0031 0.0022 0.0013 0.0013 0.0045 0.0118 0.0050 0.8576 0.0153 0.0016 0.0084 0.0077 0.0499 0.0020 
      BERM07  3 0.0011 0.0025 0.0006 0.0009 0.0071 0.0017 0.0016 0.0036 0.0031 0.0043 0.0012 0.0019 0.0058 0.0102 0.0024 0.9071 0.0085 0.0015 0.0097 0.0119 0.0091 0.0040 
      BERM08  3 0.0006 0.0022 0.0005 0.0014 0.0053 0.0010 0.0016 0.0021 0.0017 0.0018 0.0009 0.0013 0.0041 0.0119 0.0020 0.9354 0.0062 0.0013 0.0072 0.0058 0.0035 0.0022 
      BERM09  3 0.0008 0.0057 0.0009 0.0006 0.3534 0.0025 0.0014 0.0042 0.0030 0.0028 0.0014 0.0026 0.0051 0.0073 0.0033 0.5714 0.0085 0.0016 0.0086 0.0060 0.0063 0.0028 
      BERM10  3 0.0061 0.0044 0.0007 0.0008 0.0081 0.0024 0.0019 0.0035 0.0035 0.0040 0.0014 0.0029 0.0051 0.0191 0.0066 0.8319 0.0099 0.0017 0.0284 0.0199 0.0350 0.0027 
      BERM11  3 0.0009 0.0027 0.0006 0.0014 0.0181 0.0016 0.0019 0.0036 0.0020 0.0017 0.0013 0.0013 0.0055 0.0121 0.0022 0.9116 0.0059 0.0015 0.0084 0.0061 0.0068 0.0029 
      BERM12  3 0.0006 0.0024 0.0019 0.0007 0.0031 0.0012 0.0016 0.0027 0.0019 0.0227 0.0015 0.0016 0.0054 0.0477 0.0017 0.8556 0.0157 0.0042 0.0079 0.0061 0.0103 0.0035 
      BERM13  3 0.0018 0.0019 0.0008 0.0007 0.0074 0.0017 0.0015 0.0057 0.0034 0.0028 0.0011 0.0017 0.0056 0.0085 0.0028 0.8666 0.0619 0.0014 0.0079 0.0084 0.0031 0.0032 
      BERM14  3 0.0007 0.0037 0.0010 0.0006 0.0066 0.0011 0.0023 0.0026 0.0028 0.0027 0.0015 0.0026 0.0044 0.0090 0.0021 0.8893 0.0059 0.0024 0.0082 0.0065 0.0408 0.0033 
      CROC01  3 0.0030 0.0023 0.0013 0.0010 0.0076 0.0013 0.0027 0.0078 0.0040 0.0048 0.0034 0.0099 0.0409 0.0133 0.0045 0.8329 0.0077 0.0064 0.0162 0.0199 0.0049 0.0043 
      CROC02  3 0.0015 0.0024 0.0022 0.0011 0.0048 0.0013 0.0017 0.0109 0.0041 0.0030 0.0017 0.0021 0.0072 0.0167 0.0085 0.7992 0.0898 0.0018 0.0119 0.0059 0.0185 0.0038 
      CROC03  3 0.0012 0.0024 0.0005 0.0013 0.0134 0.0019 0.0022 0.0056 0.0031 0.0034 0.0021 0.0017 0.0068 0.0292 0.0031 0.8639 0.0083 0.0024 0.0099 0.0110 0.0234 0.0030 
      CROC04  3 0.0022 0.0096 0.0011 0.0007 0.0029 0.0051 0.0019 0.0051 0.0026 0.0028 0.0016 0.0024 0.0048 0.0083 0.0834 0.8333 0.0057 0.0030 0.0105 0.0068 0.0036 0.0026 
      CROC05  3 0.0010 0.0016 0.0009 0.0010 0.0065 0.0021 0.0021 0.0029 0.0037 0.0024 0.0019 0.0019 0.0058 0.0107 0.0116 0.8917 0.0109 0.0018 0.0124 0.0062 0.0161 0.0047 
      CROC06  3 0.0010 0.0073 0.0020 0.0031 0.0055 0.0014 0.0020 0.0061 0.0019 0.0031 0.0014 0.0024 0.0162 0.0162 0.0517 0.8159 0.0121 0.0038 0.0155 0.0080 0.0114 0.0120 
      CROC07  3 0.0011 0.0030 0.0080 0.0009 0.0094 0.0110 0.0025 0.0085 0.0044 0.0029 0.0017 0.0050 0.0078 0.0113 0.0055 0.8690 0.0102 0.0020 0.0141 0.0106 0.0077 0.0031 
      CROC08  3 0.0009 0.0022 0.0011 0.0029 0.0038 0.0024 0.0086 0.0027 0.0049 0.0038 0.0047 0.0085 0.0284 0.0291 0.0031 0.8360 0.0067 0.0037 0.0234 0.0109 0.0060 0.0060 
      CROC09  3 0.0009 0.0015 0.0006 0.0010 0.0883 0.0014 0.0019 0.0028 0.0026 0.0018 0.0028 0.0018 0.0157 0.0146 0.0030 0.7809 0.0064 0.0041 0.0336 0.0052 0.0268 0.0023 
      CROC10  3 0.0010 0.0017 0.0010 0.0007 0.0828 0.0027 0.0015 0.0030 0.0059 0.0020 0.0011 0.0018 0.0045 0.0122 0.0023 0.8415 0.0063 0.0024 0.0100 0.0062 0.0056 0.0039 
      CROC11  3 0.0008 0.0015 0.0006 0.0010 0.0887 0.0013 0.0018 0.0028 0.0026 0.0018 0.0028 0.0018 0.0155 0.0145 0.0030 0.7801 0.0064 0.0043 0.0339 0.0052 0.0273 0.0023 
     CROC110  3 0.0012 0.0032 0.0011 0.0010 0.0232 0.0019 0.0024 0.0033 0.0062 0.0042 0.0020 0.0020 0.0149 0.0094 0.0054 0.8140 0.0139 0.0040 0.0588 0.0103 0.0148 0.0028 
     CROC116  3 0.0012 0.0051 0.0072 0.0021 0.0037 0.0054 0.0078 0.0048 0.0065 0.0039 0.0049 0.0044 0.0071 0.0248 0.0065 0.8225 0.0158 0.0114 0.0170 0.0099 0.0247 0.0031 
      CROC12  3 0.0017 0.0021 0.0006 0.0008 0.0032 0.0015 0.0019 0.0033 0.0035 0.0020 0.0011 0.0015 0.0060 0.0100 0.0032 0.9179 0.0133 0.0014 0.0106 0.0053 0.0069 0.0022 
     CROC123  3 0.0006 0.0024 0.0006 0.0007 0.0050 0.0015 0.0025 0.0025 0.0038 0.0017 0.0009 0.0012 0.0045 0.0104 0.0021 0.9176 0.0057 0.0025 0.0106 0.0047 0.0167 0.0018 
      CROC13  3 0.0009 0.0016 0.0005 0.0013 0.0028 0.0015 0.0017 0.0024 0.0072 0.0030 0.0011 0.0024 0.0052 0.0253 0.0028 0.8847 0.0092 0.0013 0.0088 0.0086 0.0238 0.0039 
      CROC14  3 0.0010 0.0028 0.0010 0.0012 0.0056 0.0015 0.0037 0.0033 0.0026 0.0015 0.0010 0.0012 0.0143 0.0144 0.0148 0.8258 0.0053 0.0013 0.0269 0.0043 0.0224 0.0440 
      CROC15  3 0.0011 0.0019 0.0007 0.0009 0.0025 0.0013 0.0031 0.0028 0.0031 0.0027 0.0018 0.0016 0.0344 0.0244 0.0039 0.7954 0.0292 0.0453 0.0226 0.0083 0.0063 0.0069 
      CROC16  3 0.0023 0.0014 0.0011 0.0013 0.0262 0.0010 0.0027 0.0033 0.0133 0.0028 0.0040 0.0026 0.0079 0.0415 0.0041 0.8104 0.0170 0.0035 0.0124 0.0081 0.0296 0.0037 
      CROC17  3 0.0009 0.0063 0.0005 0.0008 0.0022 0.0521 0.0023 0.0030 0.0018 0.0016 0.0009 0.0013 0.0046 0.0102 0.0025 0.8643 0.0051 0.0014 0.0254 0.0053 0.0053 0.0020 
      CROC18  3 0.0012 0.0024 0.0007 0.0008 0.0027 0.0017 0.0022 0.0150 0.0032 0.0023 0.0012 0.0054 0.0064 0.0263 0.0021 0.8797 0.0201 0.0017 0.0084 0.0072 0.0069 0.0023 
      CROC19  3 0.0060 0.0050 0.0010 0.0009 0.0053 0.0015 0.0020 0.0066 0.0024 0.0028 0.0017 0.0033 0.0067 0.0116 0.0165 0.8673 0.0082 0.0021 0.0261 0.0163 0.0034 0.0034 
     CROC198  3 0.0020 0.0017 0.0007 0.0008 0.0083 0.0014 0.0017 0.0030 0.0033 0.0080 0.0015 0.0024 0.0066 0.0104 0.0027 0.8781 0.0052 0.0016 0.0118 0.0125 0.0328 0.0036 
      CROC20  3 0.0013 0.0018 0.0021 0.0022 0.0063 0.0011 0.0024 0.0134 0.0041 0.0028 0.0018 0.0019 0.0084 0.0188 0.0047 0.8750 0.0107 0.0021 0.0163 0.0090 0.0107 0.0033 
     CROC202  3 0.0009 0.0019 0.0008 0.0019 0.0041 0.0016 0.0019 0.0036 0.0028 0.0041 0.0011 0.0058 0.0054 0.0410 0.0031 0.8543 0.0075 0.0018 0.0096 0.0109 0.0315 0.0044 
      CROC21  3 0.0013 0.0028 0.0006 0.0008 0.0064 0.0014 0.0019 0.0031 0.0054 0.0027 0.0011 0.0017 0.0082 0.0128 0.0022 0.8944 0.0104 0.0017 0.0260 0.0072 0.0046 0.0032 
     CROC216  3 0.0015 0.0038 0.0009 0.0007 0.0171 0.0029 0.0023 0.0030 0.0037 0.0024 0.0013 0.0025 0.0104 0.0207 0.0046 0.8503 0.0391 0.0057 0.0112 0.0069 0.0062 0.0029 
      CROC22  3 0.0011 0.0029 0.0005 0.0008 0.0089 0.0018 0.0131 0.0040 0.0081 0.0438 0.0012 0.0024 0.0052 0.0151 0.0028 0.7968 0.0082 0.0023 0.0174 0.0054 0.0553 0.0030 
      CROC23  3 0.0010 0.0097 0.0009 0.0040 0.0783 0.0033 0.0031 0.0037 0.0082 0.0031 0.0028 0.0019 0.0061 0.0132 0.0036 0.8182 0.0083 0.0026 0.0137 0.0078 0.0035 0.0031 
      CROC24  3 0.0014 0.0027 0.0005 0.0009 0.0266 0.0015 0.0025 0.0027 0.0027 0.0022 0.0019 0.0024 0.0064 0.0216 0.0040 0.8421 0.0090 0.0017 0.0113 0.0055 0.0479 0.0026 
      CROC25  3 0.0007 0.0019 0.0007 0.0006 0.0034 0.0013 0.0017 0.0032 0.0026 0.0021 0.0013 0.0016 0.0058 0.0090 0.0027 0.9248 0.0070 0.0025 0.0074 0.0063 0.0105 0.0029 
     CROC259  3 0.0009 0.0156 0.0008 0.0009 0.0080 0.0070 0.0035 0.0025 0.0044 0.0022 0.0016 0.0017 0.0052 0.0141 0.0071 0.8683 0.0087 0.0015 0.0080 0.0080 0.0064 0.0237 
      CROC26  3 0.0010 0.0607 0.0007 0.0012 0.0042 0.0091 0.0023 0.0024 0.0023 0.0046 0.0024 0.0022 0.0061 0.0128 0.0024 0.8457 0.0080 0.0023 0.0076 0.0110 0.0072 0.0038 
      CROC27  3 0.0022 0.0075 0.0011 0.0016 0.0288 0.0214 0.0061 0.0043 0.0029 0.0068 0.0025 0.0017 0.0119 0.0124 0.0038 0.8318 0.0071 0.0035 0.0124 0.0083 0.0191 0.0027 
      CROC28  3 0.0016 0.0112 0.0008 0.0007 0.0717 0.0020 0.0028 0.0020 0.0023 0.0020 0.0029 0.0016 0.0047 0.0097 0.0043 0.7318 0.0059 0.0019 0.0096 0.0056 0.1216 0.0031 
      CROC29  3 0.0016 0.0021 0.0007 0.0009 0.0031 0.0015 0.0018 0.0029 0.0031 0.0028 0.0016 0.0018 0.0164 0.0120 0.0035 0.9006 0.0059 0.0034 0.0165 0.0064 0.0090 0.0025 
      CROC30  3 0.0016 0.0034 0.0015 0.0014 0.0087 0.0015 0.0034 0.0052 0.0029 0.0022 0.0026 0.0019 0.0086 0.0140 0.0235 0.7772 0.0904 0.0029 0.0153 0.0065 0.0224 0.0029 
      CROC31  3 0.0015 0.0084 0.0097 0.0012 0.0674 0.0078 0.0066 0.0038 0.0114 0.0025 0.0038 0.0026 0.0078 0.0125 0.0056 0.7934 0.0078 0.0026 0.0203 0.0070 0.0128 0.0036 
      CROC32  3 0.0008 0.0018 0.0007 0.0006 0.0041 0.0013 0.0016 0.0032 0.0036 0.0030 0.0011 0.0020 0.0047 0.0096 0.0039 0.8845 0.0101 0.0013 0.0123 0.0063 0.0404 0.0032 
      CROC33  3 0.0012 0.0040 0.0009 0.0023 0.0040 0.0014 0.0018 0.0036 0.0022 0.0020 0.0022 0.0024 0.0305 0.0153 0.0168 0.8720 0.0057 0.0032 0.0153 0.0081 0.0035 0.0017 
      CROC34  3 0.0010 0.0020 0.0010 0.0009 0.0032 0.0019 0.0026 0.0038 0.0022 0.0031 0.0029 0.0016 0.0060 0.0113 0.0032 0.9139 0.0137 0.0016 0.0073 0.0095 0.0038 0.0035 
      CROC35  3 0.0007 0.0040 0.0008 0.0010 0.0116 0.0018 0.0021 0.0021 0.0017 0.0015 0.0009 0.0011 0.0044 0.0083 0.0043 0.8883 0.0052 0.0013 0.0465 0.0042 0.0058 0.0025 
      CROC36  3 0.0008 0.0017 0.0006 0.0009 0.0093 0.0013 0.0018 0.0027 0.0048 0.0019 0.0016 0.0024 0.0055 0.0115 0.0030 0.9074 0.0083 0.0032 0.0105 0.0064 0.0108 0.0036 
      CROC57  3 0.0010 0.0014 0.0008 0.0008 0.0029 0.0012 0.0018 0.0029 0.0030 0.0021 0.0016 0.0025 0.0073 0.0108 0.0027 0.9230 0.0068 0.0017 0.0093 0.0066 0.0045 0.0055 
      CROC81  3 0.0011 0.0018 0.0007 0.0010 0.0050 0.0014 0.0018 0.0057 0.0038 0.0021 0.0061 0.0043 0.0112 0.0444 0.0040 0.8345 0.0184 0.0026 0.0131 0.0062 0.0277 0.0031 
      CROC84  3 0.0007 0.0023 0.0011 0.0007 0.0134 0.0010 0.0013 0.0019 0.0021 0.0073 0.0009 0.0014 0.0043 0.0214 0.0019 0.9047 0.0047 0.0019 0.0074 0.0043 0.0132 0.0022 
        FW01  3 0.0008 0.0012 0.0006 0.0007 0.0017 0.0009 0.0014 0.0026 0.0023 0.0023 0.0013 0.0016 0.0052 0.0108 0.0019 0.0118 0.0065 0.0012 0.0091 0.0060 0.9279 0.0024 
        FW02  3 0.0007 0.0010 0.0005 0.0005 0.9402 0.0009 0.0012 0.0021 0.0018 0.0017 0.0009 0.0012 0.0039 0.0072 0.0017 0.0118 0.0049 0.0013 0.0067 0.0045 0.0032 0.0020 
        FW03  3 0.0006 0.0011 0.0005 0.0006 0.0016 0.0009 0.0012 0.0021 0.0018 0.0018 0.0010 0.0011 0.0041 0.0086 0.0018 0.0097 0.0050 0.0013 0.0067 0.0048 0.9418 0.0019 
        FW04  3 0.0007 0.0011 0.0005 0.0005 0.9402 0.0009 0.0012 0.0021 0.0019 0.0017 0.0009 0.0012 0.0040 0.0072 0.0017 0.0119 0.0048 0.0012 0.0067 0.0046 0.0032 0.0020 
        FW05  3 0.0007 0.0011 0.0005 0.0005 0.9401 0.0009 0.0011 0.0021 0.0019 0.0017 0.0009 0.0012 0.0040 0.0072 0.0017 0.0119 0.0049 0.0013 0.0067 0.0046 0.0032 0.0020 
        FW06  3 0.0007 0.0011 0.0005 0.0005 0.9398 0.0009 0.0012 0.0021 0.0019 0.0017 0.0009 0.0012 0.0040 0.0072 0.0017 0.0123 0.0048 0.0012 0.0067 0.0045 0.0031 0.0020 
        FW07  3 0.0006 0.0011 0.0005 0.0006 0.0016 0.0008 0.0012 0.0021 0.0018 0.0018 0.0010 0.0012 0.0042 0.0085 0.0018 0.0097 0.0050 0.0012 0.0067 0.0047 0.9419 0.0019 
        FW08  3 0.0006 0.0011 0.0005 0.0006 0.9403 0.0009 0.0012 0.0020 0.0019 0.0017 0.0009 0.0012 0.0040 0.0072 0.0017 0.0119 0.0048 0.0012 0.0067 0.0045 0.0032 0.0020 
        FW09  3 0.0007 0.0011 0.0005 0.0006 0.9402 0.0009 0.0012 0.0021 0.0019 0.0017 0.0009 0.0012 0.0040 0.0073 0.0017 0.0118 0.0049 0.0012 0.0067 0.0045 0.0032 0.0020 
        FW10  3 0.0006 0.0011 0.0005 0.0006 0.0016 0.0009 0.0013 0.0021 0.0019 0.0017 0.0011 0.0012 0.0043 0.0086 0.0017 0.0097 0.0051 0.0012 0.0068 0.0048 0.9414 0.0019 
       FW100  3 0.0006 0.0012 0.0005 0.0005 0.0018 0.0009 0.0012 0.0021 0.0019 0.0018 0.0011 0.0012 0.0043 0.0085 0.0017 0.0102 0.0050 0.0012 0.0067 0.0047 0.9410 0.0019 
       FW101  3 0.0006 0.0011 0.0005 0.0006 0.0016 0.0009 0.0012 0.0021 0.0019 0.0018 0.0011 0.0012 0.0042 0.0085 0.0017 0.0097 0.0051 0.0013 0.0067 0.0047 0.9414 0.0019 
       FW102  3 0.0007 0.0011 0.0005 0.0006 0.9399 0.0009 0.0012 0.0021 0.0019 0.0017 0.0009 0.0012 0.0040 0.0072 0.0017 0.0119 0.0048 0.0012 0.0067 0.0046 0.0032 0.0020 
       FW103  3 0.0007 0.0011 0.0005 0.0005 0.9401 0.0009 0.0012 0.0020 0.0019 0.0017 0.0009 0.0012 0.0040 0.0073 0.0017 0.0119 0.0049 0.0012 0.0067 0.0045 0.0032 0.0020 
       FW104  3 0.0008 0.0012 0.0006 0.0006 0.0017 0.0009 0.0014 0.0027 0.0022 0.0022 0.0012 0.0016 0.0052 0.0109 0.0019 0.0118 0.0065 0.0012 0.0089 0.0059 0.9280 0.0024 
       FW105  3 0.0006 0.0012 0.0005 0.0006 0.0016 0.0009 0.0012 0.0021 0.0019 0.0018 0.0011 0.0012 0.0043 0.0084 0.0018 0.0097 0.0051 0.0013 0.0067 0.0047 0.9415 0.0019 
       FW106  3 0.0014 0.0036 0.0013 0.0098 0.0861 0.0032 0.0035 0.0726 0.0040 0.0039 0.0037 0.0018 0.0058 0.0191 0.0034 0.7184 0.0091 0.0061 0.0162 0.0120 0.0124 0.0027 
       FW107  3 0.0008 0.0012 0.0006 0.0007 0.0017 0.0009 0.0014 0.0027 0.0022 0.0023 0.0012 0.0017 0.0052 0.0109 0.0019 0.0118 0.0064 0.0012 0.0090 0.0059 0.9281 0.0024 
       FW108  3 0.0007 0.0011 0.0005 0.0006 0.9397 0.0009 0.0011 0.0021 0.0019 0.0017 0.0009 0.0012 0.0040 0.0072 0.0017 0.0123 0.0049 0.0012 0.0067 0.0045 0.0032 0.0020 
       FW109  3 0.0006 0.0011 0.0005 0.0006 0.0016 0.0009 0.0012 0.0021 0.0019 0.0018 0.0011 0.0012 0.0043 0.0086 0.0017 0.0097 0.0050 0.0012 0.0068 0.0047 0.9415 0.0019 
        FW11  3 0.0006 0.0011 0.0005 0.0006 0.0019 0.0009 0.0012 0.0021 0.0019 0.0018 0.0010 0.0012 0.0043 0.0085 0.0018 0.0101 0.0051 0.0012 0.0067 0.0047 0.9408 0.0019 
       FW110  3 0.0006 0.0011 0.0005 0.0006 0.0016 0.0009 0.0012 0.0022 0.0018 0.0017 0.0010 0.0012 0.0042 0.0085 0.0018 0.0098 0.0051 0.0013 0.0067 0.0047 0.9417 0.0019 
       FW111  3 0.0007 0.0011 0.0005 0.0006 0.9402 0.0009 0.0012 0.0021 0.0019 0.0017 0.0009 0.0012 0.0040 0.0072 0.0017 0.0118 0.0049 0.0012 0.0067 0.0046 0.0032 0.0020 
       FW112  3 0.0006 0.0011 0.0005 0.0006 0.0018 0.0009 0.0012 0.0021 0.0019 0.0018 0.0011 0.0011 0.0043 0.0085 0.0017 0.0101 0.0051 0.0012 0.0068 0.0047 0.9408 0.0019 
       FW113  3 0.0007 0.0011 0.0005 0.0006 0.9401 0.0009 0.0012 0.0021 0.0019 0.0017 0.0009 0.0012 0.0040 0.0072 0.0017 0.0119 0.0048 0.0012 0.0068 0.0046 0.0032 0.0020 
       FW114  3 0.0010 0.0023 0.0006 0.0007 0.0018 0.0015 0.0015 0.0023 0.0021 0.0018 0.0010 0.0014 0.0044 0.0088 0.0024 0.0111 0.0055 0.0015 0.0081 0.0048 0.9337 0.0019 
       FW115  3 0.0006 0.0011 0.0005 0.0006 0.0016 0.0009 0.0012 0.0022 0.0019 0.0018 0.0011 0.0012 0.0043 0.0085 0.0017 0.0097 0.0051 0.0013 0.0067 0.0047 0.9414 0.0019 
       FW116  3 0.0006 0.0011 0.0005 0.0005 0.9402 0.0009 0.0012 0.0020 0.0019 0.0017 0.0009 0.0012 0.0040 0.0072 0.0017 0.0119 0.0049 0.0012 0.0067 0.0045 0.0031 0.0020 
        FW12  3 0.0006 0.0011 0.0005 0.0005 0.9402 0.0009 0.0011 0.0020 0.0019 0.0017 0.0009 0.0012 0.0040 0.0072 0.0017 0.0120 0.0049 0.0012 0.0067 0.0045 0.0032 0.0020 
        FW13  3 0.0006 0.0011 0.0005 0.0005 0.9396 0.0009 0.0012 0.0021 0.0019 0.0017 0.0009 0.0012 0.0040 0.0072 0.0017 0.0125 0.0048 0.0012 0.0067 0.0046 0.0031 0.0020 
        FW14  3 0.0007 0.0012 0.0006 0.0007 0.0017 0.0009 0.0014 0.0026 0.0022 0.0023 0.0012 0.0016 0.0052 0.0109 0.0019 0.0118 0.0065 0.0012 0.0090 0.0059 0.9280 0.0024 
        FW15  3 0.0008 0.0012 0.0006 0.0007 0.0016 0.0009 0.0014 0.0027 0.0022 0.0023 0.0013 0.0016 0.0052 0.0109 0.0019 0.0117 0.0066 0.0012 0.0089 0.0059 0.9281 0.0023 
        FW16  3 0.0006 0.0011 0.0005 0.0006 0.0016 0.0009 0.0012 0.0021 0.0019 0.0018 0.0011 0.0011 0.0043 0.0085 0.0018 0.0096 0.0051 0.0013 0.0067 0.0047 0.9416 0.0019 
        FW17  3 0.0006 0.0011 0.0005 0.0006 0.0016 0.0009 0.0013 0.0021 0.0019 0.0018 0.0011 0.0012 0.0043 0.0086 0.0017 0.0097 0.0051 0.0013 0.0068 0.0047 0.9414 0.0019 
        FW18  3 0.0006 0.0012 0.0005 0.0006 0.0019 0.0009 0.0012 0.0021 0.0019 0.0018 0.0011 0.0011 0.0043 0.0085 0.0017 0.0102 0.0051 0.0012 0.0067 0.0047 0.9409 0.0019 
        FW19  3 0.0007 0.0011 0.0005 0.0005 0.9403 0.0009 0.0012 0.0020 0.0019 0.0017 0.0009 0.0012 0.0039 0.0072 0.0017 0.0119 0.0049 0.0013 0.0067 0.0046 0.0031 0.0020 
        FW20  3 0.0007 0.0011 0.0005 0.0006 0.9403 0.0009 0.0012 0.0021 0.0019 0.0017 0.0009 0.0012 0.0040 0.0073 0.0017 0.0118 0.0048 0.0012 0.0067 0.0046 0.0031 0.0020 
        FW21  3 0.0007 0.0011 0.0005 0.0005 0.9402 0.0009 0.0012 0.0021 0.0019 0.0017 0.0009 0.0012 0.0039 0.0072 0.0017 0.0117 0.0049 0.0013 0.0068 0.0046 0.0032 0.0020 
        FW22  3 0.0006 0.0011 0.0005 0.0006 0.0018 0.0009 0.0012 0.0021 0.0019 0.0018 0.0011 0.0012 0.0042 0.0086 0.0017 0.0101 0.0051 0.0012 0.0067 0.0047 0.9409 0.0019 
        FW23  3 0.0007 0.0011 0.0005 0.0006 0.9402 0.0009 0.0011 0.0021 0.0019 0.0017 0.0009 0.0012 0.0040 0.0072 0.0017 0.0120 0.0048 0.0012 0.0067 0.0046 0.0031 0.0020 
        FW24  3 0.0006 0.0011 0.0005 0.0006 0.9400 0.0009 0.0012 0.0021 0.0019 0.0017 0.0009 0.0012 0.0040 0.0072 0.0017 0.0119 0.0049 0.0012 0.0067 0.0046 0.0032 0.0020 
        FW25  3 0.0007 0.0010 0.0005 0.0005 0.9401 0.0009 0.0012 0.0021 0.0019 0.0017 0.0009 0.0012 0.0040 0.0072 0.0017 0.0120 0.0048 0.0012 0.0067 0.0046 0.0032 0.0020 
        FW26  3 0.0007 0.0011 0.0005 0.0005 0.9403 0.0009 0.0012 0.0021 0.0018 0.0017 0.0009 0.0012 0.0040 0.0073 0.0017 0.0118 0.0049 0.0012 0.0067 0.0046 0.0032 0.0020 
        FW27  3 0.0006 0.0011 0.0005 0.0006 0.0016 0.0009 0.0012 0.0021 0.0019 0.0018 0.0011 0.0012 0.0043 0.0086 0.0017 0.0096 0.0050 0.0013 0.0068 0.0047 0.9415 0.0019 
        FW28  3 0.0006 0.0011 0.0005 0.0005 0.9398 0.0009 0.0012 0.0021 0.0019 0.0016 0.0009 0.0012 0.0040 0.0073 0.0017 0.0122 0.0049 0.0012 0.0068 0.0046 0.0032 0.0020 
        FW29  3 0.0007 0.0011 0.0005 0.0005 0.9400 0.0009 0.0012 0.0021 0.0019 0.0017 0.0009 0.0012 0.0040 0.0073 0.0017 0.0120 0.0049 0.0013 0.0067 0.0045 0.0032 0.0020 
        FW30  3 0.0013 0.0037 0.0013 0.0104 0.0854 0.0031 0.0035 0.0704 0.0042 0.0038 0.0038 0.0017 0.0059 0.0194 0.0033 0.7201 0.0094 0.0061 0.0160 0.0121 0.0122 0.0027 
        FW32  3 0.0008 0.0012 0.0006 0.0007 0.0016 0.0009 0.0014 0.0027 0.0022 0.0023 0.0012 0.0016 0.0052 0.0108 0.0019 0.0117 0.0066 0.0012 0.0090 0.0059 0.9283 0.0024 
        FW33  3 0.0007 0.0013 0.0005 0.0006 0.9173 0.0020 0.0012 0.0021 0.0072 0.0017 0.0009 0.0012 0.0040 0.0071 0.0018 0.0254 0.0049 0.0037 0.0067 0.0046 0.0032 0.0020 
        FW34  3 0.0007 0.0011 0.0005 0.0006 0.9400 0.0009 0.0012 0.0021 0.0019 0.0017 0.0009 0.0012 0.0041 0.0072 0.0017 0.0119 0.0048 0.0012 0.0067 0.0045 0.0032 0.0020 
        FW35  3 0.0007 0.0011 0.0005 0.0006 0.9399 0.0009 0.0011 0.0020 0.0019 0.0017 0.0009 0.0012 0.0040 0.0072 0.0017 0.0118 0.0049 0.0012 0.0067 0.0046 0.0033 0.0020 
        FW36  3 0.0007 0.0011 0.0005 0.0005 0.9401 0.0009 0.0012 0.0020 0.0019 0.0017 0.0009 0.0012 0.0040 0.0072 0.0017 0.0118 0.0049 0.0012 0.0068 0.0045 0.0032 0.0020 
        FW37  3 0.0006 0.0011 0.0005 0.0006 0.0016 0.0009 0.0012 0.0021 0.0019 0.0018 0.0011 0.0012 0.0043 0.0085 0.0017 0.0097 0.0050 0.0013 0.0068 0.0047 0.9415 0.0019 
        FW51  3 0.0007 0.0011 0.0005 0.0005 0.9402 0.0009 0.0012 0.0021 0.0019 0.0017 0.0009 0.0012 0.0039 0.0072 0.0017 0.0120 0.0048 0.0012 0.0067 0.0045 0.0032 0.0020 
        FW52  3 0.0006 0.0012 0.0005 0.0006 0.0016 0.0009 0.0012 0.0021 0.0019 0.0018 0.0011 0.0012 0.0043 0.0085 0.0017 0.0096 0.0051 0.0013 0.0068 0.0048 0.9414 0.0019 
        FW53  3 0.0007 0.0011 0.0005 0.0005 0.9402 0.0009 0.0011 0.0020 0.0019 0.0017 0.0009 0.0012 0.0040 0.0072 0.0017 0.0119 0.0048 0.0013 0.0067 0.0046 0.0031 0.0020 
        FW54  3 0.0006 0.0011 0.0005 0.0006 0.0016 0.0009 0.0012 0.0021 0.0018 0.0018 0.0010 0.0012 0.0042 0.0085 0.0017 0.0098 0.0051 0.0013 0.0067 0.0047 0.9419 0.0019 
        FW55  3 0.0007 0.0010 0.0005 0.0006 0.9401 0.0009 0.0012 0.0020 0.0019 0.0017 0.0009 0.0012 0.0040 0.0072 0.0017 0.0120 0.0049 0.0012 0.0067 0.0045 0.0032 0.0020 
        FW56  3 0.0007 0.0010 0.0005 0.0006 0.9402 0.0009 0.0012 0.0021 0.0019 0.0017 0.0009 0.0012 0.0040 0.0072 0.0017 0.0118 0.0049 0.0012 0.0067 0.0046 0.0032 0.0020 
        FW57  3 0.0007 0.0011 0.0005 0.0005 0.9402 0.0009 0.0011 0.0021 0.0019 0.0017 0.0009 0.0012 0.0040 0.0072 0.0017 0.0119 0.0048 0.0012 0.0067 0.0045 0.0032 0.0020 
        FW78  3 0.0007 0.0011 0.0005 0.0006 0.9400 0.0009 0.0012 0.0021 0.0019 0.0017 0.0009 0.0012 0.0040 0.0072 0.0017 0.0120 0.0049 0.0013 0.0067 0.0045 0.0032 0.0020 
        FW79  3 0.0007 0.0011 0.0005 0.0005 0.9398 0.0009 0.0011 0.0020 0.0019 0.0017 0.0009 0.0012 0.0039 0.0072 0.0017 0.0123 0.0049 0.0012 0.0067 0.0045 0.0031 0.0020 
        FW80  3 0.0007 0.0011 0.0005 0.0006 0.9400 0.0009 0.0011 0.0021 0.0019 0.0017 0.0009 0.0012 0.0040 0.0072 0.0017 0.0120 0.0048 0.0012 0.0067 0.0046 0.0032 0.0021 
        FW81  3 0.0006 0.0011 0.0005 0.0006 0.0016 0.0008 0.0012 0.0021 0.0018 0.0018 0.0010 0.0012 0.0042 0.0086 0.0018 0.0097 0.0051 0.0012 0.0067 0.0048 0.9417 0.0019 
        FW82  3 0.0006 0.0011 0.0005 0.0006 0.0016 0.0009 0.0012 0.0022 0.0019 0.0018 0.0011 0.0012 0.0043 0.0085 0.0018 0.0098 0.0051 0.0013 0.0068 0.0047 0.9414 0.0019 
        FW83  3 0.0007 0.0012 0.0006 0.0007 0.0017 0.0009 0.0014 0.0027 0.0023 0.0023 0.0012 0.0016 0.0051 0.0107 0.0019 0.0118 0.0065 0.0012 0.0090 0.0059 0.9280 0.0024 
        FW84  3 0.0007 0.0010 0.0005 0.0005 0.9400 0.0009 0.0011 0.0020 0.0019 0.0017 0.0009 0.0012 0.0040 0.0072 0.0017 0.0119 0.0049 0.0012 0.0066 0.0046 0.0032 0.0020 
        FW85  3 0.0009 0.0024 0.0005 0.0006 0.0018 0.0008 0.0012 0.0021 0.0019 0.0018 0.0011 0.0012 0.0042 0.0252 0.0058 0.0100 0.0052 0.0074 0.0162 0.0047 0.9030 0.0019 
        FW86  3 0.0006 0.0011 0.0005 0.0006 0.0019 0.0009 0.0012 0.0021 0.0019 0.0018 0.0011 0.0012 0.0043 0.0084 0.0018 0.0101 0.0051 0.0012 0.0068 0.0047 0.9408 0.0019 
        FW87  3 0.0006 0.0011 0.0005 0.0006 0.0019 0.0008 0.0012 0.0021 0.0019 0.0018 0.0011 0.0011 0.0043 0.0086 0.0017 0.0100 0.0051 0.0013 0.0067 0.0047 0.9409 0.0019 
        FW88  3 0.0007 0.0010 0.0005 0.0005 0.9403 0.0009 0.0012 0.0020 0.0019 0.0017 0.0009 0.0012 0.0040 0.0072 0.0017 0.0118 0.0048 0.0012 0.0068 0.0046 0.0032 0.0020 
        FW89  3 0.0007 0.0011 0.0005 0.0005 0.9402 0.0009 0.0012 0.0020 0.0019 0.0017 0.0009 0.0012 0.0040 0.0072 0.0017 0.0119 0.0049 0.0012 0.0067 0.0046 0.0032 0.0020 
        FW90  3 0.0007 0.0010 0.0005 0.0005 0.9403 0.0009 0.0012 0.0020 0.0019 0.0017 0.0009 0.0012 0.0040 0.0072 0.0017 0.0118 0.0049 0.0012 0.0067 0.0045 0.0032 0.0020 
        FW91  3 0.0006 0.0012 0.0005 0.0006 0.0016 0.0009 0.0012 0.0022 0.0019 0.0018 0.0011 0.0012 0.0043 0.0085 0.0017 0.0096 0.0051 0.0013 0.0068 0.0047 0.9415 0.0019 
        FW92  3 0.0006 0.0011 0.0005 0.0005 0.9398 0.0009 0.0012 0.0021 0.0019 0.0017 0.0009 0.0012 0.0040 0.0072 0.0017 0.0120 0.0049 0.0012 0.0068 0.0046 0.0032 0.0020 
        FW93  3 0.0007 0.0011 0.0005 0.0005 0.9404 0.0009 0.0012 0.0020 0.0019 0.0017 0.0009 0.0012 0.0040 0.0072 0.0017 0.0118 0.0048 0.0012 0.0067 0.0045 0.0031 0.0020 
        FW94  3 0.0006 0.0011 0.0005 0.0006 0.0016 0.0009 0.0012 0.0021 0.0019 0.0017 0.0011 0.0012 0.0043 0.0086 0.0017 0.0097 0.0051 0.0013 0.0068 0.0048 0.9413 0.0019 
        FW95  3 0.0007 0.0011 0.0005 0.0005 0.9398 0.0009 0.0012 0.0021 0.0019 0.0017 0.0009 0.0012 0.0040 0.0072 0.0017 0.0121 0.0049 0.0012 0.0068 0.0046 0.0032 0.0020 
        FW96  3 0.0007 0.0011 0.0005 0.0005 0.9402 0.0009 0.0012 0.0021 0.0019 0.0017 0.0009 0.0012 0.0040 0.0072 0.0017 0.0119 0.0048 0.0012 0.0067 0.0045 0.0032 0.0020 
        FW97  3 0.0035 0.0023 0.0010 0.0010 0.0319 0.0013 0.0028 0.0048 0.0027 0.0144 0.0028 0.0024 0.0094 0.0154 0.0035 0.7516 0.0766 0.0026 0.0113 0.0166 0.0349 0.0073 
        FW98  3 0.0006 0.0011 0.0005 0.0006 0.0016 0.0009 0.0012 0.0021 0.0018 0.0018 0.0010 0.0011 0.0042 0.0085 0.0018 0.0097 0.0051 0.0013 0.0067 0.0047 0.9419 0.0019 
        FW99  3 0.0007 0.0011 0.0005 0.0005 0.9401 0.0009 0.0012 0.0021 0.0018 0.0017 0.0009 0.0012 0.0040 0.0072 0.0017 0.0119 0.0048 0.0012 0.0067 0.0046 0.0031 0.0020 
       Cal01  3 0.0068 0.0024 0.0006 0.0010 0.2224 0.0014 0.0041 0.0023 0.0026 0.0025 0.0051 0.0064 0.0091 0.0116 0.0027 0.6857 0.0062 0.0021 0.0106 0.0068 0.0043 0.0032 
       Cal02  3 0.0009 0.0024 0.0009 0.0010 0.0049 0.0015 0.0026 0.0066 0.0044 0.0034 0.0015 0.0019 0.0050 0.0142 0.0030 0.9009 0.0084 0.0025 0.0141 0.0070 0.0098 0.0029 
