        TC01  1 0.0015 0.0008 0.0194 0.0010 0.0020 0.0040 0.0034 0.0034 0.0027 0.0189 0.0400 0.0081 0.0028 0.7901 0.0227 0.0055 0.0019 0.0203 0.0142 0.0064 0.0204 0.0087 0.0018 
        TC02  1 0.0010 0.0012 0.0016 0.0013 0.0030 0.0026 0.0035 0.0061 0.0040 0.0095 0.0048 0.0080 0.0063 0.8504 0.0269 0.0100 0.0022 0.0057 0.0109 0.0055 0.0253 0.0067 0.0033 
        TC03  1 0.0016 0.0012 0.0010 0.0013 0.0010 0.0018 0.0033 0.0039 0.0024 0.0154 0.0035 0.0103 0.0014 0.8214 0.0598 0.0095 0.0025 0.0027 0.0089 0.0052 0.0336 0.0069 0.0014 
        TC04  1 0.0033 0.0036 0.0009 0.0010 0.0015 0.0090 0.0068 0.0170 0.0170 0.0215 0.0029 0.0066 0.0084 0.6659 0.1342 0.0086 0.0026 0.0040 0.0353 0.0074 0.0288 0.0042 0.0096 
        TC05  1 0.0109 0.0084 0.0011 0.0012 0.0010 0.0040 0.0020 0.0162 0.0027 0.0054 0.0029 0.0042 0.0014 0.8273 0.0452 0.0180 0.0038 0.0021 0.0114 0.0036 0.0229 0.0029 0.0013 
        TC06  1 0.0027 0.0013 0.0006 0.0009 0.0014 0.0022 0.0022 0.0069 0.0024 0.0079 0.0042 0.0053 0.0025 0.7258 0.1593 0.0265 0.0027 0.0026 0.0168 0.0033 0.0120 0.0078 0.0026 
        TC07  1 0.0015 0.0009 0.0008 0.0018 0.0020 0.0303 0.0018 0.0462 0.0025 0.0063 0.0021 0.0039 0.0027 0.8011 0.0262 0.0065 0.0017 0.0098 0.0117 0.0045 0.0308 0.0037 0.0010 
        TC08  1 0.0015 0.0014 0.0018 0.0019 0.0012 0.0034 0.0033 0.0132 0.0034 0.0049 0.0037 0.0056 0.0024 0.8481 0.0434 0.0135 0.0094 0.0030 0.0099 0.0036 0.0120 0.0030 0.0064 
        TC09  1 0.0018 0.0016 0.0023 0.0008 0.0015 0.0027 0.0021 0.0065 0.0017 0.0070 0.0026 0.0031 0.0033 0.7085 0.1081 0.0107 0.0019 0.0024 0.0063 0.0062 0.0238 0.0768 0.0183 
        TC10  1 0.0007 0.0008 0.0006 0.0008 0.0008 0.0013 0.0016 0.0030 0.0028 0.0053 0.0035 0.0258 0.0013 0.7892 0.0315 0.0062 0.0021 0.0124 0.0169 0.0030 0.0576 0.0317 0.0011 
        TC11  1 0.0023 0.0008 0.0006 0.0010 0.0008 0.0017 0.0018 0.0030 0.0017 0.0076 0.0026 0.0079 0.0014 0.9069 0.0167 0.0033 0.0032 0.0069 0.0078 0.0027 0.0135 0.0048 0.0011 
        TC12  1 0.0012 0.0020 0.0049 0.0018 0.0162 0.0073 0.0066 0.0059 0.0023 0.0232 0.0098 0.0078 0.0073 0.7500 0.0748 0.0067 0.0026 0.0061 0.0260 0.0028 0.0283 0.0044 0.0020 
        TC13  1 0.0013 0.0010 0.0010 0.0009 0.0009 0.0018 0.0035 0.0030 0.0018 0.0054 0.0022 0.0080 0.0012 0.8544 0.0526 0.0052 0.0025 0.0025 0.0097 0.0107 0.0118 0.0165 0.0021 
        TC14  1 0.0011 0.0010 0.0052 0.0025 0.0009 0.0014 0.0048 0.0062 0.0023 0.0119 0.0047 0.0079 0.0015 0.6573 0.1758 0.0313 0.0033 0.0038 0.0113 0.0094 0.0148 0.0382 0.0033 
        TC15  1 0.0048 0.0010 0.0017 0.0011 0.0014 0.0015 0.0035 0.0071 0.0029 0.0080 0.0022 0.0107 0.0019 0.6390 0.2000 0.0130 0.0016 0.0021 0.0114 0.0304 0.0269 0.0238 0.0038 
        TC16  1 0.0022 0.0023 0.0057 0.0025 0.0012 0.0095 0.0037 0.0064 0.0030 0.0136 0.0059 0.0051 0.0035 0.6288 0.1257 0.0111 0.0085 0.0027 0.0309 0.0033 0.0217 0.0718 0.0309 
        TC17  1 0.0436 0.0022 0.0014 0.0025 0.0034 0.0054 0.0076 0.0039 0.0065 0.0143 0.0087 0.0077 0.0145 0.6146 0.1009 0.0098 0.0091 0.0060 0.0100 0.0073 0.0333 0.0824 0.0050 
        TC18  1 0.0010 0.0273 0.0015 0.0019 0.0010 0.0040 0.0024 0.0035 0.0362 0.0306 0.0052 0.0172 0.0019 0.7651 0.0409 0.0044 0.0017 0.0045 0.0111 0.0028 0.0243 0.0099 0.0015 
        TC19  1 0.0008 0.0009 0.0006 0.0009 0.0010 0.0070 0.0020 0.0021 0.0019 0.0051 0.0039 0.0063 0.0012 0.8500 0.0228 0.0042 0.0022 0.0028 0.0142 0.0027 0.0113 0.0523 0.0039 
        TC20  1 0.0012 0.0024 0.0016 0.0012 0.0010 0.0019 0.0028 0.0033 0.0069 0.0247 0.0110 0.0042 0.0012 0.8250 0.0456 0.0065 0.0027 0.0027 0.0110 0.0046 0.0150 0.0190 0.0046 
        TC21  1 0.0065 0.0029 0.0011 0.0039 0.0016 0.0412 0.0883 0.0076 0.0028 0.0306 0.0039 0.0064 0.0234 0.6582 0.0459 0.0043 0.0020 0.0099 0.0287 0.0035 0.0210 0.0038 0.0024 
        TC22  1 0.0009 0.0011 0.0012 0.0009 0.0035 0.0025 0.0047 0.0038 0.0033 0.0057 0.0057 0.0234 0.0013 0.7510 0.0800 0.0124 0.0022 0.0038 0.0615 0.0100 0.0158 0.0028 0.0024 
        TC23  1 0.0009 0.0007 0.0012 0.0012 0.0007 0.0024 0.0019 0.0133 0.0017 0.0109 0.0046 0.0062 0.0012 0.8358 0.0464 0.0119 0.0029 0.0068 0.0118 0.0050 0.0250 0.0061 0.0014 
        TC24  1 0.0009 0.0008 0.0012 0.0020 0.0006 0.0014 0.0017 0.0022 0.0043 0.0039 0.0026 0.0032 0.0012 0.8999 0.0264 0.0036 0.0042 0.0017 0.0059 0.0025 0.0141 0.0140 0.0016 
        TC25  1 0.0010 0.0010 0.0006 0.0014 0.0016 0.0020 0.0064 0.0024 0.0024 0.0333 0.0041 0.0041 0.0028 0.6015 0.2102 0.0074 0.0031 0.0327 0.0225 0.0049 0.0275 0.0258 0.0014 
        TC26  1 0.0010 0.0008 0.0013 0.0013 0.0011 0.0024 0.0029 0.0099 0.0018 0.0047 0.0035 0.0040 0.0032 0.7613 0.0932 0.0228 0.0020 0.0020 0.0098 0.0034 0.0163 0.0501 0.0014 
        TC27  1 0.0357 0.0014 0.0019 0.0014 0.0009 0.0057 0.0030 0.0051 0.0025 0.0064 0.0026 0.0794 0.0024 0.6653 0.1211 0.0048 0.0209 0.0023 0.0064 0.0047 0.0196 0.0052 0.0011 
        TC28  1 0.0016 0.0016 0.0012 0.0011 0.0011 0.0017 0.0033 0.0038 0.0027 0.0070 0.0025 0.0053 0.0028 0.7956 0.0903 0.0049 0.0051 0.0039 0.0285 0.0039 0.0194 0.0115 0.0011 
        TC29  1 0.0012 0.0482 0.0016 0.0023 0.0015 0.0031 0.0029 0.0040 0.0072 0.0161 0.0037 0.0038 0.0015 0.6874 0.1404 0.0045 0.0078 0.0048 0.0087 0.0060 0.0269 0.0121 0.0043 
        TC30  1 0.0025 0.0011 0.0018 0.0013 0.0012 0.0023 0.0026 0.0045 0.0020 0.0063 0.0055 0.0062 0.0020 0.8497 0.0496 0.0066 0.0021 0.0027 0.0114 0.0033 0.0175 0.0118 0.0059 
        TC31  1 0.0010 0.0029 0.0044 0.0018 0.0010 0.0043 0.0030 0.0035 0.0026 0.0305 0.0103 0.0124 0.0012 0.7839 0.0230 0.0049 0.0031 0.0196 0.0325 0.0030 0.0435 0.0050 0.0027 
        TC32  1 0.0017 0.0012 0.0007 0.0011 0.0091 0.0027 0.0017 0.0050 0.0036 0.0078 0.0030 0.0040 0.0077 0.6108 0.2287 0.0069 0.0032 0.0038 0.0629 0.0095 0.0136 0.0101 0.0013 
        TC33  1 0.0013 0.0024 0.0011 0.0025 0.0012 0.0020 0.0027 0.0034 0.0041 0.0072 0.0036 0.0062 0.0015 0.8389 0.0510 0.0077 0.0030 0.0089 0.0102 0.0128 0.0209 0.0063 0.0011 
        TC34  1 0.0019 0.0018 0.0009 0.0030 0.0011 0.0018 0.0029 0.0225 0.0022 0.0071 0.0065 0.0101 0.0017 0.7046 0.1745 0.0073 0.0017 0.0029 0.0091 0.0044 0.0192 0.0108 0.0019 
        TC35  1 0.0023 0.0045 0.0013 0.0011 0.0009 0.0036 0.0029 0.0046 0.0027 0.0209 0.0074 0.0179 0.0047 0.7857 0.0561 0.0044 0.0053 0.0146 0.0171 0.0035 0.0199 0.0108 0.0078 
        TC36  1 0.0023 0.0023 0.0009 0.0011 0.0046 0.0021 0.0058 0.0046 0.0030 0.0069 0.0032 0.0093 0.0074 0.8430 0.0363 0.0047 0.0029 0.0031 0.0114 0.0052 0.0294 0.0078 0.0023 
        TC37  1 0.0030 0.0010 0.0018 0.0020 0.0015 0.0016 0.0025 0.0082 0.0022 0.0084 0.0038 0.0054 0.0016 0.8772 0.0131 0.0089 0.0041 0.0034 0.0169 0.0039 0.0238 0.0040 0.0018 
        TC38  1 0.0012 0.0019 0.0013 0.0013 0.0013 0.0052 0.0028 0.0047 0.0024 0.0440 0.0031 0.0039 0.0026 0.7213 0.0923 0.0077 0.0018 0.0057 0.0085 0.0026 0.0187 0.0391 0.0267 
        TC39  1 0.0015 0.0016 0.0014 0.0014 0.0010 0.0018 0.0037 0.0101 0.0020 0.0100 0.0034 0.0042 0.0019 0.6636 0.1513 0.0213 0.0018 0.0029 0.0082 0.0027 0.0266 0.0745 0.0031 
        TC40  1 0.0014 0.0013 0.0011 0.0043 0.0013 0.0017 0.0034 0.0041 0.0031 0.0068 0.0042 0.0062 0.0017 0.6968 0.1664 0.0101 0.0142 0.0029 0.0161 0.0044 0.0301 0.0169 0.0015 
        TC41  1 0.0015 0.0011 0.0007 0.0010 0.0010 0.0027 0.0017 0.0057 0.0136 0.0063 0.0155 0.0046 0.0027 0.8242 0.0276 0.0055 0.0090 0.0027 0.0423 0.0044 0.0197 0.0055 0.0011 
        TC42  1 0.0009 0.0012 0.0011 0.0009 0.0009 0.0021 0.0036 0.0030 0.0048 0.0048 0.0053 0.0062 0.0015 0.8184 0.0914 0.0143 0.0039 0.0018 0.0060 0.0029 0.0169 0.0063 0.0019 
        TC43  1 0.0012 0.0016 0.0011 0.0010 0.0011 0.0022 0.0020 0.0055 0.0018 0.0098 0.0024 0.0085 0.0012 0.7992 0.1038 0.0056 0.0056 0.0022 0.0166 0.0057 0.0163 0.0039 0.0018 
        TC44  1 0.0024 0.0012 0.0019 0.0009 0.0019 0.0018 0.0044 0.0228 0.0019 0.0074 0.0044 0.0164 0.0025 0.7240 0.0968 0.0102 0.0084 0.0054 0.0082 0.0031 0.0332 0.0277 0.0132 
        TC45  1 0.0013 0.0009 0.0030 0.0007 0.0006 0.0022 0.0054 0.0066 0.0017 0.0338 0.0035 0.0031 0.0015 0.8315 0.0140 0.0283 0.0017 0.0028 0.0077 0.0032 0.0244 0.0210 0.0012 
        TC46  1 0.0016 0.0025 0.0010 0.0012 0.0016 0.0030 0.0039 0.0069 0.0029 0.0145 0.0050 0.0101 0.0023 0.8251 0.0338 0.0065 0.0031 0.0025 0.0201 0.0032 0.0290 0.0191 0.0011 
        TC47  1 0.0012 0.0012 0.0007 0.0010 0.0010 0.0016 0.0019 0.0036 0.0022 0.0066 0.0036 0.0183 0.0021 0.8219 0.0518 0.0048 0.0033 0.0034 0.0130 0.0031 0.0148 0.0301 0.0088 
        TC48  1 0.0017 0.0012 0.0139 0.0131 0.0085 0.0020 0.0035 0.0050 0.0065 0.0203 0.0134 0.0083 0.0036 0.7419 0.0633 0.0260 0.0058 0.0028 0.0152 0.0080 0.0188 0.0154 0.0018 
        TC49  1 0.0017 0.0026 0.0076 0.0013 0.0062 0.0021 0.0122 0.0056 0.0047 0.0098 0.0070 0.0052 0.0018 0.8330 0.0283 0.0066 0.0109 0.0042 0.0236 0.0052 0.0119 0.0077 0.0010 
        TC50  1 0.0016 0.0021 0.0009 0.0021 0.0010 0.0023 0.0026 0.0042 0.0028 0.0122 0.0060 0.0183 0.0030 0.8066 0.0251 0.0143 0.0027 0.0033 0.0169 0.0371 0.0263 0.0056 0.0027 
        TC51  1 0.0010 0.0009 0.0033 0.0010 0.0068 0.0026 0.0040 0.0083 0.0033 0.0096 0.0044 0.0072 0.0020 0.7041 0.1734 0.0054 0.0047 0.0085 0.0110 0.0048 0.0251 0.0054 0.0033 
        TC52  1 0.0011 0.0008 0.0023 0.0015 0.0008 0.0026 0.0052 0.0026 0.0025 0.0189 0.0029 0.0036 0.0016 0.7867 0.0639 0.0112 0.0026 0.0018 0.0161 0.0038 0.0558 0.0099 0.0017 
        TC53  1 0.0013 0.0009 0.0009 0.0011 0.0103 0.0134 0.0099 0.0028 0.0017 0.0047 0.0172 0.0209 0.0034 0.7643 0.0965 0.0083 0.0017 0.0017 0.0082 0.0067 0.0140 0.0070 0.0029 
        TC54  1 0.0037 0.0022 0.0011 0.0112 0.0011 0.0022 0.0062 0.0054 0.0051 0.0099 0.0043 0.0106 0.0074 0.7235 0.1055 0.0153 0.0102 0.0035 0.0076 0.0146 0.0348 0.0129 0.0019 
        TC55  1 0.0017 0.0010 0.0007 0.0017 0.0019 0.0022 0.0031 0.0031 0.0028 0.0080 0.0025 0.0061 0.0055 0.7511 0.0645 0.0273 0.0023 0.0031 0.0231 0.0069 0.0352 0.0451 0.0011 
        TC56  1 0.0018 0.0024 0.0010 0.0030 0.0019 0.0036 0.0026 0.0053 0.0029 0.0232 0.0047 0.0098 0.0016 0.7253 0.0831 0.0145 0.0662 0.0051 0.0129 0.0059 0.0173 0.0036 0.0025 
        TC57  1 0.0044 0.0022 0.0023 0.0016 0.0012 0.0024 0.0042 0.0062 0.0026 0.0059 0.0058 0.0215 0.0060 0.8335 0.0210 0.0121 0.0051 0.0035 0.0123 0.0060 0.0175 0.0198 0.0028 
        TC58  1 0.0010 0.0009 0.0012 0.0010 0.0010 0.0014 0.0024 0.0210 0.0034 0.0067 0.0040 0.0067 0.0029 0.8286 0.0246 0.0120 0.0017 0.0245 0.0102 0.0036 0.0204 0.0186 0.0022 
        TC59  1 0.0007 0.0011 0.0009 0.0014 0.0009 0.0015 0.0030 0.0029 0.0019 0.0044 0.0034 0.0072 0.0040 0.8802 0.0450 0.0049 0.0019 0.0031 0.0083 0.0037 0.0119 0.0061 0.0014 
        TA01  2 0.0009 0.0017 0.0010 0.0012 0.0008 0.0026 0.0020 0.0108 0.0031 0.0055 0.0035 0.0082 0.0083 0.7969 0.0515 0.0086 0.0021 0.0033 0.0068 0.0323 0.0112 0.0290 0.0090 
        TA02  2 0.0014 0.0021 0.0009 0.0024 0.0011 0.0018 0.0026 0.0093 0.0139 0.0066 0.0025 0.0044 0.0030 0.8384 0.0256 0.0038 0.0233 0.0020 0.0130 0.0044 0.0297 0.0054 0.0025 
        TA03  2 0.0017 0.0014 0.0021 0.0025 0.0011 0.0020 0.0028 0.0129 0.0064 0.0068 0.0042 0.0472 0.0020 0.7833 0.0379 0.0086 0.0026 0.0032 0.0116 0.0067 0.0218 0.0121 0.0193 
        TA04  2 0.0026 0.0008 0.0008 0.0011 0.0016 0.0011 0.0029 0.0213 0.0021 0.0058 0.0035 0.0128 0.0014 0.4616 0.1294 0.0060 0.0024 0.0025 0.0159 0.0065 0.0201 0.0061 0.2917 
        TA05  2 0.0016 0.0016 0.0017 0.0019 0.0012 0.0060 0.0023 0.0033 0.0039 0.0108 0.0032 0.0076 0.0022 0.8703 0.0221 0.0148 0.0030 0.0033 0.0141 0.0035 0.0142 0.0047 0.0029 
        TA06  2 0.0007 0.0008 0.0005 0.0009 0.0007 0.0017 0.0014 0.0027 0.0014 0.0051 0.0044 0.0044 0.0018 0.8058 0.0881 0.0067 0.0018 0.0040 0.0088 0.0145 0.0212 0.0196 0.0030 
        TA07  2 0.0013 0.0090 0.0010 0.0030 0.0025 0.0129 0.0078 0.0045 0.0024 0.0068 0.0046 0.0060 0.0372 0.6885 0.0340 0.0133 0.0028 0.0062 0.0091 0.0031 0.0300 0.0119 0.1022 
        TA08  2 0.0010 0.0006 0.0005 0.0010 0.0011 0.0012 0.0026 0.0055 0.0021 0.0101 0.0023 0.0849 0.0011 0.6845 0.1441 0.0071 0.0057 0.0022 0.0064 0.0080 0.0111 0.0115 0.0052 
        TA09  2 0.0009 0.0008 0.0007 0.0010 0.0026 0.0016 0.0014 0.0038 0.0020 0.0045 0.0030 0.0063 0.0013 0.8594 0.0521 0.0047 0.0041 0.0022 0.0131 0.0040 0.0162 0.0092 0.0050 
        TA10  2 0.0025 0.0046 0.0015 0.0013 0.0018 0.0022 0.0063 0.0060 0.0282 0.0068 0.0104 0.0052 0.0027 0.7680 0.0413 0.0081 0.0024 0.0495 0.0106 0.0087 0.0124 0.0155 0.0041 
        TA11  2 0.0010 0.0015 0.0017 0.0013 0.0017 0.0017 0.0076 0.0054 0.0219 0.0120 0.0204 0.0140 0.0015 0.6295 0.0358 0.0167 0.0054 0.0428 0.0163 0.0031 0.0248 0.1277 0.0061 
        TA12  2 0.0013 0.0029 0.0010 0.0017 0.0011 0.0020 0.0022 0.0030 0.1410 0.0054 0.0128 0.0042 0.0020 0.7299 0.0233 0.0222 0.0017 0.0036 0.0092 0.0045 0.0105 0.0104 0.0043 
        TA13  2 0.0038 0.0131 0.0032 0.0026 0.0702 0.0025 0.0049 0.0040 0.0136 0.0073 0.0088 0.0054 0.0017 0.6001 0.1400 0.0481 0.0040 0.0069 0.0119 0.0055 0.0243 0.0041 0.0135 
        TA14  2 0.0006 0.0016 0.0009 0.0013 0.0010 0.0015 0.0017 0.0040 0.0015 0.0040 0.0020 0.0042 0.0011 0.8055 0.0647 0.0213 0.0148 0.0017 0.0079 0.0031 0.0403 0.0118 0.0034 
        TA15  2 0.0008 0.0574 0.0013 0.0011 0.0007 0.0014 0.0020 0.0203 0.0015 0.0041 0.0030 0.0044 0.0013 0.7467 0.0793 0.0352 0.0039 0.0031 0.0083 0.0038 0.0140 0.0041 0.0022 
        TA16  2 0.0025 0.0030 0.0011 0.0011 0.0024 0.0017 0.0038 0.0151 0.0072 0.0056 0.0033 0.0069 0.0053 0.7132 0.1224 0.0112 0.0040 0.0286 0.0101 0.0062 0.0156 0.0180 0.0116 
        TA17  2 0.0015 0.0017 0.0007 0.0019 0.0011 0.0025 0.0030 0.0288 0.0123 0.0052 0.0089 0.0170 0.0019 0.7689 0.0719 0.0185 0.0059 0.0025 0.0167 0.0071 0.0151 0.0055 0.0014 
        TA18  2 0.0009 0.0011 0.0008 0.0010 0.0009 0.0016 0.0020 0.0197 0.0019 0.0048 0.0050 0.0058 0.0016 0.7572 0.0272 0.0042 0.0033 0.0113 0.1073 0.0266 0.0106 0.0030 0.0021 
        TA19  2 0.0010 0.0014 0.0010 0.0015 0.0014 0.0031 0.0020 0.0049 0.0039 0.0058 0.0067 0.0667 0.0018 0.7506 0.0558 0.0045 0.0032 0.0070 0.0328 0.0051 0.0180 0.0070 0.0149 
        TA20  2 0.0017 0.0262 0.0008 0.0126 0.0009 0.0021 0.0021 0.0076 0.0459 0.0078 0.0066 0.0061 0.0043 0.7629 0.0391 0.0062 0.0170 0.0025 0.0076 0.0036 0.0138 0.0213 0.0013 
        TA21  2 0.0048 0.0021 0.0021 0.0023 0.0030 0.0020 0.0028 0.0053 0.0054 0.0077 0.0031 0.0070 0.0019 0.7765 0.0516 0.0104 0.0090 0.0033 0.0169 0.0115 0.0145 0.0540 0.0029 
        TA22  2 0.0011 0.0019 0.0005 0.0040 0.0007 0.0012 0.0015 0.0075 0.0019 0.0057 0.0038 0.0044 0.0025 0.7812 0.1076 0.0342 0.0019 0.0020 0.0129 0.0054 0.0125 0.0043 0.0013 
        TA23  2 0.0009 0.0010 0.0008 0.0014 0.0009 0.0011 0.0020 0.0032 0.0037 0.0052 0.0026 0.0056 0.0012 0.7525 0.1679 0.0078 0.0032 0.0025 0.0093 0.0068 0.0118 0.0059 0.0027 
        TA24  2 0.0490 0.0015 0.0032 0.0011 0.0008 0.0021 0.0033 0.0053 0.0025 0.0057 0.0038 0.0239 0.0073 0.7846 0.0370 0.0043 0.0043 0.0025 0.0086 0.0063 0.0370 0.0041 0.0020 
        TA25  2 0.0038 0.0034 0.0007 0.0008 0.0023 0.0022 0.0052 0.0039 0.0169 0.0056 0.0230 0.0047 0.0023 0.6948 0.0496 0.0050 0.0031 0.1213 0.0101 0.0215 0.0122 0.0060 0.0016 
        TA26  2 0.0016 0.0014 0.0009 0.0018 0.0009 0.0014 0.0051 0.0059 0.0043 0.0132 0.0059 0.0102 0.0014 0.7244 0.0758 0.0499 0.0020 0.0060 0.0084 0.0047 0.0123 0.0506 0.0121 
        TA27  2 0.0010 0.0244 0.0009 0.0017 0.0012 0.0013 0.0034 0.0116 0.0130 0.0045 0.0075 0.0086 0.0017 0.8236 0.0331 0.0150 0.0025 0.0028 0.0080 0.0056 0.0196 0.0060 0.0028 
        TA28  2 0.0014 0.0018 0.0015 0.0021 0.0020 0.0018 0.0033 0.0099 0.0052 0.0118 0.0034 0.0055 0.0036 0.8138 0.0308 0.0041 0.0164 0.0022 0.0171 0.0033 0.0405 0.0139 0.0046 
        TA29  2 0.0009 0.0013 0.0010 0.0010 0.0010 0.0018 0.0028 0.0183 0.0022 0.0057 0.0062 0.0234 0.0024 0.7384 0.1198 0.0276 0.0039 0.0031 0.0128 0.0043 0.0140 0.0063 0.0017 
        TA30  2 0.0017 0.0030 0.0021 0.0025 0.0023 0.0016 0.0053 0.0030 0.0029 0.0080 0.0036 0.0264 0.0013 0.5370 0.0504 0.0364 0.0079 0.0029 0.0091 0.0041 0.0172 0.1450 0.1263 
      BERM01  3 0.0007 0.0008 0.0007 0.0010 0.0010 0.0013 0.0018 0.0037 0.0027 0.0040 0.0022 0.0040 0.0010 0.0079 0.9210 0.0059 0.0016 0.0022 0.0067 0.0032 0.0092 0.0064 0.0110 
      BERM02  3 0.0008 0.0011 0.0007 0.0010 0.0011 0.0014 0.0022 0.0033 0.0017 0.0051 0.0020 0.0032 0.0011 0.0138 0.9173 0.0063 0.0016 0.0018 0.0111 0.0031 0.0107 0.0071 0.0028 
      BERM03  3 0.0007 0.0009 0.0006 0.0010 0.0019 0.0013 0.0017 0.0028 0.0020 0.0047 0.0027 0.0048 0.0016 0.0072 0.9256 0.0085 0.0017 0.0024 0.0070 0.0026 0.0098 0.0074 0.0011 
      BERM04  3 0.0007 0.0008 0.0006 0.0008 0.0011 0.0010 0.0017 0.0036 0.0015 0.0052 0.0022 0.0066 0.0012 0.0062 0.9218 0.0085 0.0015 0.0027 0.0061 0.0025 0.0101 0.0117 0.0018 
      BERM05  3 0.0008 0.0008 0.0010 0.0010 0.0009 0.0012 0.0015 0.0027 0.0019 0.0064 0.0038 0.0051 0.0015 0.0058 0.9098 0.0184 0.0020 0.0029 0.0066 0.0038 0.0148 0.0051 0.0022 
      BERM06  3 0.0008 0.0007 0.0005 0.0008 0.0010 0.0014 0.0016 0.0040 0.0023 0.0058 0.0021 0.0052 0.0021 0.0101 0.8679 0.0056 0.0013 0.0017 0.0081 0.0038 0.0161 0.0498 0.0071 
      BERM07  3 0.0007 0.0009 0.0009 0.0009 0.0011 0.0014 0.0022 0.0047 0.0017 0.0051 0.0036 0.0080 0.0011 0.0121 0.9082 0.0068 0.0027 0.0035 0.0073 0.0026 0.0113 0.0089 0.0041 
      BERM08  3 0.0007 0.0008 0.0005 0.0006 0.0006 0.0014 0.0013 0.0028 0.0015 0.0057 0.0019 0.0039 0.0009 0.0088 0.9368 0.0036 0.0013 0.0019 0.0053 0.0050 0.0082 0.0035 0.0030 
      BERM09  3 0.0007 0.0008 0.0006 0.0009 0.0018 0.0011 0.0021 0.0038 0.0014 0.0036 0.0035 0.0040 0.0017 0.0229 0.5683 0.0036 0.0017 0.0023 0.0077 0.0030 0.0135 0.0060 0.3450 
      BERM10  3 0.0018 0.0010 0.0021 0.0009 0.0012 0.0101 0.0057 0.0039 0.0021 0.0081 0.0042 0.0133 0.0032 0.0188 0.8516 0.0072 0.0026 0.0023 0.0077 0.0030 0.0133 0.0320 0.0041 
      BERM11  3 0.0008 0.0008 0.0010 0.0009 0.0008 0.0013 0.0016 0.0046 0.0015 0.0058 0.0019 0.0041 0.0009 0.0119 0.9161 0.0039 0.0020 0.0026 0.0064 0.0040 0.0109 0.0067 0.0095 
      BERM12  3 0.0007 0.0007 0.0005 0.0010 0.0009 0.0012 0.0014 0.0029 0.0024 0.0280 0.0151 0.0042 0.0009 0.0111 0.8651 0.0035 0.0016 0.0030 0.0093 0.0067 0.0275 0.0104 0.0017 
      BERM13  3 0.0013 0.0009 0.0014 0.0009 0.0012 0.0012 0.0019 0.0046 0.0016 0.0043 0.0029 0.0058 0.0012 0.0087 0.9124 0.0062 0.0018 0.0028 0.0173 0.0029 0.0126 0.0029 0.0035 
      BERM14  3 0.0006 0.0011 0.0006 0.0008 0.0011 0.0011 0.0018 0.0051 0.0014 0.0044 0.0034 0.0043 0.0010 0.0148 0.8769 0.0049 0.0016 0.0028 0.0053 0.0031 0.0182 0.0422 0.0034 
      CROC01  3 0.0022 0.0010 0.0046 0.0041 0.0014 0.0013 0.0073 0.0041 0.0034 0.0063 0.0079 0.0131 0.0021 0.0091 0.8311 0.0088 0.0035 0.0038 0.0103 0.0045 0.0613 0.0046 0.0041 
      CROC02  3 0.0074 0.0010 0.0018 0.0013 0.0011 0.0015 0.0029 0.0047 0.0017 0.0095 0.0031 0.0040 0.0042 0.0108 0.8304 0.0166 0.0030 0.0033 0.0177 0.0066 0.0396 0.0256 0.0024 
      CROC03  3 0.0009 0.0013 0.0009 0.0012 0.0010 0.0020 0.0016 0.0028 0.0021 0.0151 0.0032 0.0077 0.0015 0.0115 0.8708 0.0066 0.0031 0.0026 0.0098 0.0036 0.0218 0.0225 0.0064 
      CROC04  3 0.0010 0.0013 0.0017 0.0009 0.0008 0.0022 0.0022 0.0028 0.0020 0.0041 0.0034 0.0047 0.0284 0.0714 0.8100 0.0061 0.0021 0.0023 0.0050 0.0029 0.0395 0.0036 0.0016 
      CROC05  3 0.0009 0.0016 0.0008 0.0011 0.0012 0.0016 0.0032 0.0039 0.0019 0.0052 0.0028 0.0043 0.0063 0.0082 0.8978 0.0075 0.0020 0.0042 0.0087 0.0041 0.0122 0.0167 0.0039 
      CROC06  3 0.0011 0.0008 0.0006 0.0017 0.0007 0.0030 0.0019 0.0034 0.0022 0.0074 0.0034 0.0050 0.0146 0.0172 0.8088 0.0041 0.0024 0.0078 0.0073 0.0246 0.0688 0.0102 0.0029 
      CROC07  3 0.0016 0.0011 0.0010 0.0013 0.0016 0.0017 0.0038 0.0044 0.0027 0.0054 0.0045 0.0073 0.0020 0.0205 0.8713 0.0094 0.0021 0.0028 0.0098 0.0105 0.0224 0.0076 0.0051 
      CROC08  3 0.0010 0.0038 0.0007 0.0075 0.0065 0.0015 0.0029 0.0032 0.0075 0.0130 0.0070 0.0073 0.0016 0.0115 0.8506 0.0064 0.0143 0.0053 0.0084 0.0134 0.0189 0.0057 0.0021 
      CROC09  3 0.0007 0.0013 0.0007 0.0033 0.0007 0.0281 0.0017 0.0031 0.0013 0.0073 0.0022 0.0035 0.0014 0.0067 0.8335 0.0062 0.0021 0.0020 0.0093 0.0033 0.0179 0.0310 0.0329 
      CROC10  3 0.0007 0.0008 0.0007 0.0007 0.0012 0.0013 0.0029 0.0025 0.0014 0.0059 0.0023 0.0042 0.0011 0.0091 0.8581 0.0169 0.0014 0.0035 0.0084 0.0041 0.0109 0.0053 0.0566 
      CROC11  3 0.0007 0.0012 0.0007 0.0033 0.0008 0.0280 0.0017 0.0030 0.0014 0.0072 0.0022 0.0035 0.0015 0.0068 0.8332 0.0063 0.0021 0.0020 0.0092 0.0033 0.0179 0.0303 0.0338 
     CROC110  3 0.0014 0.0031 0.0016 0.0023 0.0167 0.0088 0.0158 0.0037 0.0024 0.0045 0.0038 0.0071 0.0060 0.0164 0.8241 0.0048 0.0057 0.0024 0.0137 0.0037 0.0235 0.0147 0.0136 
     CROC116  3 0.0012 0.0014 0.0009 0.0015 0.0011 0.0019 0.0032 0.0062 0.0080 0.0104 0.0047 0.0061 0.0024 0.0230 0.7856 0.0217 0.0027 0.0025 0.0103 0.0304 0.0485 0.0245 0.0019 
      CROC12  3 0.0012 0.0016 0.0010 0.0009 0.0016 0.0019 0.0019 0.0033 0.0023 0.0049 0.0021 0.0036 0.0016 0.0095 0.9237 0.0049 0.0022 0.0019 0.0099 0.0027 0.0091 0.0065 0.0017 
     CROC123  3 0.0008 0.0014 0.0006 0.0007 0.0020 0.0011 0.0015 0.0020 0.0023 0.0051 0.0017 0.0031 0.0009 0.0105 0.9147 0.0064 0.0017 0.0016 0.0077 0.0024 0.0130 0.0159 0.0027 
      CROC13  3 0.0007 0.0007 0.0009 0.0008 0.0009 0.0013 0.0019 0.0033 0.0019 0.0122 0.0033 0.0058 0.0013 0.0077 0.8789 0.0307 0.0025 0.0034 0.0054 0.0029 0.0104 0.0215 0.0015 
      CROC14  3 0.0035 0.0010 0.0009 0.0015 0.0015 0.0147 0.0018 0.0067 0.0023 0.0071 0.0017 0.0029 0.0069 0.0124 0.8285 0.0043 0.0024 0.0465 0.0049 0.0056 0.0171 0.0228 0.0031 
      CROC15  3 0.0020 0.0009 0.0015 0.0037 0.0011 0.0051 0.0026 0.0105 0.0024 0.0115 0.0026 0.0055 0.0019 0.0095 0.8047 0.0059 0.0052 0.0063 0.0237 0.0031 0.0830 0.0061 0.0013 
      CROC16  3 0.0008 0.0010 0.0049 0.0016 0.0014 0.0016 0.0030 0.0068 0.0037 0.0181 0.0031 0.0052 0.0022 0.0062 0.8181 0.0460 0.0028 0.0029 0.0070 0.0050 0.0221 0.0239 0.0126 
      CROC17  3 0.0017 0.0008 0.0006 0.0007 0.0007 0.0010 0.0075 0.0038 0.0063 0.0050 0.0018 0.0036 0.0013 0.0692 0.8639 0.0036 0.0021 0.0018 0.0066 0.0027 0.0092 0.0049 0.0012 
      CROC18  3 0.0006 0.0018 0.0011 0.0010 0.0017 0.0012 0.0024 0.0059 0.0020 0.0129 0.0044 0.0049 0.0010 0.0109 0.8822 0.0048 0.0015 0.0020 0.0248 0.0038 0.0209 0.0068 0.0014 
      CROC19  3 0.0033 0.0009 0.0025 0.0011 0.0009 0.0084 0.0048 0.0029 0.0020 0.0057 0.0037 0.0109 0.0062 0.0189 0.8716 0.0052 0.0039 0.0030 0.0083 0.0034 0.0263 0.0034 0.0028 
     CROC198  3 0.0014 0.0010 0.0015 0.0010 0.0009 0.0013 0.0030 0.0023 0.0019 0.0051 0.0057 0.0086 0.0013 0.0076 0.8853 0.0089 0.0023 0.0033 0.0058 0.0032 0.0117 0.0322 0.0047 
      CROC20  3 0.0010 0.0026 0.0009 0.0013 0.0016 0.0018 0.0050 0.0055 0.0021 0.0085 0.0028 0.0060 0.0020 0.0073 0.8723 0.0079 0.0058 0.0028 0.0125 0.0057 0.0316 0.0097 0.0033 
     CROC202  3 0.0008 0.0009 0.0008 0.0008 0.0010 0.0014 0.0023 0.0028 0.0021 0.0197 0.0066 0.0076 0.0014 0.0088 0.8677 0.0063 0.0022 0.0039 0.0063 0.0056 0.0179 0.0308 0.0022 
      CROC21  3 0.0008 0.0011 0.0007 0.0016 0.0016 0.0108 0.0031 0.0030 0.0021 0.0064 0.0028 0.0049 0.0011 0.0126 0.9008 0.0113 0.0016 0.0028 0.0094 0.0029 0.0108 0.0046 0.0034 
     CROC216  3 0.0009 0.0022 0.0018 0.0014 0.0020 0.0016 0.0018 0.0045 0.0036 0.0087 0.0029 0.0046 0.0021 0.0225 0.8561 0.0056 0.0018 0.0025 0.0165 0.0033 0.0365 0.0058 0.0113 
      CROC22  3 0.0009 0.0157 0.0008 0.0008 0.0095 0.0018 0.0033 0.0038 0.0098 0.0069 0.0427 0.0037 0.0013 0.0125 0.7912 0.0080 0.0015 0.0027 0.0123 0.0029 0.0119 0.0514 0.0047 
      CROC23  3 0.0019 0.0017 0.0007 0.0013 0.0023 0.0019 0.0025 0.0039 0.0023 0.0063 0.0031 0.0056 0.0016 0.0316 0.8450 0.0162 0.0025 0.0027 0.0144 0.0111 0.0119 0.0034 0.0260 
      CROC24  3 0.0011 0.0012 0.0012 0.0012 0.0007 0.0019 0.0019 0.0059 0.0023 0.0108 0.0028 0.0038 0.0019 0.0111 0.8585 0.0066 0.0024 0.0022 0.0064 0.0026 0.0127 0.0469 0.0139 
      CROC25  3 0.0008 0.0007 0.0006 0.0010 0.0011 0.0010 0.0015 0.0029 0.0016 0.0044 0.0023 0.0042 0.0013 0.0085 0.9228 0.0041 0.0017 0.0025 0.0076 0.0026 0.0144 0.0107 0.0018 
     CROC259  3 0.0011 0.0015 0.0007 0.0009 0.0007 0.0014 0.0014 0.0047 0.0027 0.0072 0.0025 0.0056 0.0040 0.0684 0.8329 0.0134 0.0025 0.0178 0.0059 0.0032 0.0106 0.0063 0.0043 
      CROC26  3 0.0009 0.0009 0.0008 0.0012 0.0007 0.0012 0.0015 0.0031 0.0023 0.0063 0.0041 0.0075 0.0011 0.0898 0.8331 0.0057 0.0025 0.0033 0.0065 0.0043 0.0140 0.0070 0.0023 
      CROC27  3 0.0020 0.0011 0.0024 0.0021 0.0009 0.0015 0.0022 0.0035 0.0099 0.0059 0.0043 0.0054 0.0015 0.0510 0.8239 0.0056 0.0046 0.0023 0.0069 0.0040 0.0315 0.0187 0.0089 
      CROC28  3 0.0007 0.0009 0.0019 0.0011 0.0008 0.0017 0.0019 0.0030 0.0024 0.0048 0.0023 0.0038 0.0023 0.0391 0.7462 0.0048 0.0017 0.0027 0.0051 0.0030 0.0129 0.1103 0.0467 
      CROC29  3 0.0015 0.0023 0.0024 0.0019 0.0007 0.0013 0.0035 0.0024 0.0017 0.0058 0.0029 0.0043 0.0016 0.0092 0.9025 0.0076 0.0026 0.0022 0.0070 0.0032 0.0233 0.0084 0.0016 
      CROC30  3 0.0045 0.0028 0.0015 0.0017 0.0018 0.0022 0.0042 0.0183 0.0042 0.0081 0.0027 0.0045 0.0181 0.0138 0.8175 0.0053 0.0067 0.0026 0.0199 0.0048 0.0275 0.0233 0.0038 
      CROC31  3 0.0018 0.0010 0.0015 0.0014 0.0021 0.0015 0.0069 0.0049 0.0047 0.0057 0.0031 0.0045 0.0016 0.0339 0.7905 0.0268 0.0017 0.0030 0.0071 0.0306 0.0182 0.0110 0.0364 
      CROC32  3 0.0011 0.0009 0.0007 0.0008 0.0013 0.0014 0.0026 0.0036 0.0017 0.0047 0.0032 0.0042 0.0020 0.0080 0.8897 0.0071 0.0014 0.0027 0.0057 0.0026 0.0120 0.0404 0.0022 
      CROC33  3 0.0010 0.0023 0.0012 0.0049 0.0007 0.0028 0.0018 0.0026 0.0017 0.0066 0.0027 0.0055 0.0047 0.0156 0.8704 0.0047 0.0270 0.0015 0.0059 0.0030 0.0278 0.0035 0.0019 
      CROC34  3 0.0009 0.0007 0.0013 0.0013 0.0008 0.0011 0.0016 0.0035 0.0030 0.0055 0.0028 0.0064 0.0015 0.0096 0.9198 0.0046 0.0022 0.0031 0.0085 0.0040 0.0123 0.0038 0.0017 
      CROC35  3 0.0188 0.0011 0.0006 0.0007 0.0007 0.0072 0.0017 0.0029 0.0017 0.0047 0.0017 0.0028 0.0029 0.0214 0.8898 0.0036 0.0068 0.0021 0.0057 0.0029 0.0078 0.0059 0.0065 
      CROC36  3 0.0008 0.0008 0.0008 0.0009 0.0009 0.0015 0.0021 0.0035 0.0017 0.0056 0.0026 0.0042 0.0015 0.0074 0.9045 0.0157 0.0017 0.0031 0.0088 0.0033 0.0135 0.0102 0.0048 
      CROC57  3 0.0008 0.0010 0.0008 0.0011 0.0009 0.0013 0.0021 0.0024 0.0016 0.0054 0.0029 0.0045 0.0013 0.0063 0.9257 0.0061 0.0019 0.0047 0.0066 0.0033 0.0131 0.0045 0.0015 
      CROC81  3 0.0014 0.0012 0.0008 0.0032 0.0010 0.0014 0.0099 0.0033 0.0019 0.0255 0.0038 0.0042 0.0020 0.0081 0.8500 0.0096 0.0028 0.0027 0.0133 0.0036 0.0221 0.0257 0.0025 
      CROC84  3 0.0006 0.0008 0.0006 0.0007 0.0006 0.0011 0.0015 0.0019 0.0019 0.0099 0.0062 0.0029 0.0009 0.0092 0.9127 0.0047 0.0015 0.0019 0.0045 0.0044 0.0129 0.0128 0.0060 
        FW01  3 0.0007 0.0007 0.0007 0.0008 0.0007 0.0015 0.0018 0.0022 0.0015 0.0053 0.0024 0.0040 0.0009 0.0054 0.0132 0.0048 0.0020 0.0020 0.0055 0.0023 0.0098 0.9309 0.0009 
        FW02  3 0.0006 0.0006 0.0006 0.0006 0.0007 0.0011 0.0013 0.0018 0.0012 0.0035 0.0018 0.0031 0.0008 0.0049 0.0136 0.0037 0.0013 0.0018 0.0050 0.0021 0.0078 0.0031 0.9391 
        FW03  3 0.0006 0.0006 0.0006 0.0007 0.0007 0.0010 0.0014 0.0019 0.0012 0.0042 0.0018 0.0032 0.0009 0.0051 0.0108 0.0039 0.0013 0.0017 0.0047 0.0022 0.0089 0.9421 0.0009 
        FW04  3 0.0006 0.0006 0.0006 0.0006 0.0007 0.0011 0.0013 0.0018 0.0012 0.0036 0.0018 0.0031 0.0008 0.0050 0.0135 0.0037 0.0013 0.0018 0.0050 0.0021 0.0079 0.0031 0.9390 
        FW05  3 0.0006 0.0006 0.0006 0.0006 0.0007 0.0011 0.0013 0.0018 0.0012 0.0035 0.0018 0.0030 0.0008 0.0049 0.0135 0.0037 0.0013 0.0017 0.0050 0.0021 0.0078 0.0031 0.9392 
        FW06  3 0.0006 0.0006 0.0006 0.0006 0.0007 0.0011 0.0013 0.0019 0.0012 0.0035 0.0018 0.0031 0.0008 0.0050 0.0137 0.0037 0.0013 0.0017 0.0050 0.0021 0.0078 0.0030 0.9389 
        FW07  3 0.0006 0.0006 0.0005 0.0007 0.0006 0.0010 0.0014 0.0018 0.0012 0.0041 0.0018 0.0032 0.0009 0.0051 0.0109 0.0039 0.0013 0.0016 0.0047 0.0022 0.0089 0.9422 0.0009 
        FW08  3 0.0006 0.0006 0.0006 0.0006 0.0007 0.0011 0.0013 0.0018 0.0012 0.0035 0.0018 0.0031 0.0008 0.0049 0.0134 0.0036 0.0013 0.0018 0.0050 0.0021 0.0079 0.0031 0.9394 
        FW09  3 0.0006 0.0006 0.0006 0.0006 0.0007 0.0011 0.0014 0.0018 0.0012 0.0035 0.0018 0.0031 0.0008 0.0049 0.0134 0.0037 0.0013 0.0017 0.0050 0.0021 0.0079 0.0031 0.9392 
        FW10  3 0.0006 0.0006 0.0006 0.0007 0.0006 0.0010 0.0014 0.0019 0.0013 0.0042 0.0018 0.0032 0.0008 0.0051 0.0108 0.0041 0.0013 0.0016 0.0047 0.0021 0.0089 0.9418 0.0009 
       FW100  3 0.0006 0.0006 0.0006 0.0007 0.0007 0.0010 0.0014 0.0018 0.0013 0.0042 0.0018 0.0032 0.0008 0.0052 0.0114 0.0040 0.0013 0.0016 0.0048 0.0022 0.0087 0.9410 0.0010 
       FW101  3 0.0006 0.0006 0.0006 0.0007 0.0006 0.0010 0.0014 0.0019 0.0013 0.0042 0.0018 0.0032 0.0008 0.0051 0.0108 0.0041 0.0013 0.0016 0.0047 0.0022 0.0088 0.9419 0.0009 
       FW102  3 0.0006 0.0006 0.0006 0.0006 0.0007 0.0011 0.0013 0.0018 0.0012 0.0035 0.0018 0.0031 0.0008 0.0049 0.0135 0.0036 0.0013 0.0017 0.0050 0.0021 0.0078 0.0031 0.9394 
       FW103  3 0.0006 0.0006 0.0006 0.0006 0.0007 0.0011 0.0013 0.0018 0.0012 0.0035 0.0018 0.0030 0.0008 0.0049 0.0134 0.0037 0.0013 0.0017 0.0049 0.0021 0.0079 0.0031 0.9393 
       FW104  3 0.0007 0.0008 0.0007 0.0008 0.0008 0.0015 0.0017 0.0022 0.0015 0.0053 0.0025 0.0039 0.0009 0.0054 0.0131 0.0048 0.0020 0.0020 0.0054 0.0024 0.0098 0.9310 0.0009 
       FW105  3 0.0006 0.0006 0.0005 0.0007 0.0007 0.0010 0.0014 0.0018 0.0013 0.0042 0.0018 0.0032 0.0008 0.0051 0.0109 0.0041 0.0013 0.0017 0.0047 0.0022 0.0089 0.9417 0.0009 
       FW106  3 0.0012 0.0038 0.0007 0.0012 0.0015 0.0025 0.0039 0.0049 0.0023 0.0094 0.0030 0.0071 0.0014 0.0192 0.7085 0.0098 0.0410 0.0023 0.0346 0.0053 0.0655 0.0100 0.0608 
       FW107  3 0.0007 0.0008 0.0007 0.0008 0.0008 0.0015 0.0018 0.0022 0.0015 0.0053 0.0024 0.0039 0.0009 0.0055 0.0131 0.0047 0.0019 0.0020 0.0054 0.0023 0.0098 0.9311 0.0009 
       FW108  3 0.0006 0.0006 0.0006 0.0006 0.0007 0.0011 0.0014 0.0018 0.0012 0.0036 0.0018 0.0031 0.0008 0.0050 0.0139 0.0037 0.0013 0.0018 0.0050 0.0021 0.0078 0.0031 0.9386 
       FW109  3 0.0006 0.0006 0.0006 0.0007 0.0006 0.0010 0.0014 0.0019 0.0012 0.0042 0.0018 0.0031 0.0008 0.0051 0.0108 0.0042 0.0013 0.0016 0.0047 0.0021 0.0090 0.9417 0.0009 
        FW11  3 0.0006 0.0006 0.0006 0.0007 0.0006 0.0011 0.0014 0.0018 0.0013 0.0042 0.0018 0.0032 0.0008 0.0052 0.0115 0.0040 0.0013 0.0016 0.0047 0.0022 0.0087 0.9411 0.0010 
       FW110  3 0.0006 0.0006 0.0006 0.0007 0.0006 0.0010 0.0013 0.0019 0.0012 0.0042 0.0018 0.0032 0.0008 0.0050 0.0109 0.0038 0.0013 0.0017 0.0047 0.0022 0.0088 0.9422 0.0009 
       FW111  3 0.0006 0.0006 0.0006 0.0006 0.0007 0.0011 0.0013 0.0018 0.0012 0.0035 0.0018 0.0031 0.0008 0.0049 0.0135 0.0036 0.0013 0.0018 0.0050 0.0021 0.0079 0.0031 0.9392 
       FW112  3 0.0006 0.0006 0.0006 0.0007 0.0006 0.0010 0.0014 0.0018 0.0013 0.0042 0.0018 0.0032 0.0008 0.0053 0.0114 0.0040 0.0013 0.0017 0.0047 0.0022 0.0087 0.9411 0.0010 
       FW113  3 0.0006 0.0006 0.0006 0.0006 0.0007 0.0010 0.0014 0.0018 0.0012 0.0036 0.0018 0.0031 0.0008 0.0049 0.0135 0.0037 0.0013 0.0017 0.0051 0.0021 0.0078 0.0031 0.9391 
       FW114  3 0.0010 0.0011 0.0007 0.0007 0.0007 0.0014 0.0017 0.0024 0.0016 0.0042 0.0019 0.0033 0.0013 0.0088 0.0122 0.0041 0.0016 0.0017 0.0052 0.0026 0.0096 0.9313 0.0009 
       FW115  3 0.0006 0.0006 0.0006 0.0007 0.0006 0.0010 0.0014 0.0018 0.0013 0.0042 0.0018 0.0032 0.0008 0.0052 0.0109 0.0042 0.0013 0.0017 0.0048 0.0021 0.0089 0.9416 0.0009 
       FW116  3 0.0006 0.0006 0.0006 0.0006 0.0007 0.0010 0.0013 0.0018 0.0012 0.0035 0.0018 0.0031 0.0008 0.0049 0.0135 0.0037 0.0013 0.0017 0.0050 0.0021 0.0078 0.0031 0.9394 
        FW12  3 0.0006 0.0006 0.0006 0.0006 0.0007 0.0011 0.0013 0.0018 0.0012 0.0035 0.0018 0.0031 0.0008 0.0049 0.0134 0.0037 0.0013 0.0018 0.0050 0.0021 0.0079 0.0031 0.9393 
        FW13  3 0.0006 0.0006 0.0006 0.0006 0.0007 0.0011 0.0014 0.0018 0.0012 0.0035 0.0018 0.0031 0.0008 0.0050 0.0138 0.0036 0.0013 0.0017 0.0050 0.0021 0.0079 0.0031 0.9388 
        FW14  3 0.0007 0.0008 0.0007 0.0008 0.0008 0.0015 0.0017 0.0022 0.0015 0.0052 0.0024 0.0040 0.0009 0.0054 0.0132 0.0048 0.0020 0.0020 0.0054 0.0024 0.0098 0.9311 0.0009 
        FW15  3 0.0007 0.0008 0.0007 0.0008 0.0008 0.0015 0.0018 0.0022 0.0015 0.0052 0.0025 0.0040 0.0008 0.0054 0.0132 0.0047 0.0019 0.0020 0.0055 0.0024 0.0098 0.9309 0.0009 
        FW16  3 0.0006 0.0006 0.0005 0.0007 0.0006 0.0011 0.0014 0.0019 0.0012 0.0042 0.0018 0.0032 0.0008 0.0052 0.0109 0.0041 0.0014 0.0016 0.0047 0.0022 0.0090 0.9416 0.0009 
        FW17  3 0.0006 0.0006 0.0005 0.0007 0.0006 0.0010 0.0014 0.0019 0.0012 0.0042 0.0018 0.0032 0.0008 0.0052 0.0109 0.0041 0.0013 0.0017 0.0047 0.0022 0.0090 0.9415 0.0009 
        FW18  3 0.0006 0.0006 0.0006 0.0007 0.0007 0.0010 0.0014 0.0018 0.0013 0.0042 0.0018 0.0032 0.0008 0.0052 0.0114 0.0040 0.0013 0.0017 0.0047 0.0022 0.0086 0.9412 0.0010 
        FW19  3 0.0006 0.0006 0.0006 0.0006 0.0007 0.0011 0.0014 0.0018 0.0012 0.0035 0.0018 0.0031 0.0008 0.0049 0.0135 0.0036 0.0013 0.0017 0.0050 0.0021 0.0079 0.0031 0.9392 
        FW20  3 0.0006 0.0006 0.0006 0.0006 0.0007 0.0010 0.0013 0.0018 0.0012 0.0036 0.0018 0.0031 0.0008 0.0049 0.0134 0.0037 0.0013 0.0017 0.0049 0.0021 0.0079 0.0031 0.9393 
        FW21  3 0.0006 0.0006 0.0006 0.0006 0.0007 0.0010 0.0013 0.0018 0.0012 0.0035 0.0018 0.0031 0.0008 0.0048 0.0134 0.0037 0.0013 0.0017 0.0050 0.0021 0.0079 0.0031 0.9393 
        FW22  3 0.0006 0.0006 0.0006 0.0007 0.0006 0.0010 0.0014 0.0019 0.0013 0.0042 0.0018 0.0032 0.0008 0.0052 0.0112 0.0041 0.0013 0.0017 0.0047 0.0022 0.0087 0.9412 0.0010 
        FW23  3 0.0006 0.0006 0.0006 0.0007 0.0007 0.0011 0.0013 0.0018 0.0012 0.0036 0.0018 0.0031 0.0008 0.0049 0.0135 0.0037 0.0013 0.0017 0.0050 0.0021 0.0079 0.0031 0.9391 
        FW24  3 0.0006 0.0006 0.0006 0.0006 0.0007 0.0011 0.0014 0.0018 0.0012 0.0035 0.0018 0.0031 0.0008 0.0049 0.0135 0.0037 0.0013 0.0018 0.0050 0.0021 0.0079 0.0031 0.9391 
        FW25  3 0.0006 0.0006 0.0006 0.0006 0.0007 0.0011 0.0013 0.0018 0.0012 0.0035 0.0018 0.0031 0.0008 0.0049 0.0134 0.0037 0.0013 0.0017 0.0050 0.0021 0.0078 0.0031 0.9393 
        FW26  3 0.0006 0.0006 0.0006 0.0006 0.0007 0.0011 0.0013 0.0018 0.0012 0.0035 0.0018 0.0031 0.0008 0.0049 0.0134 0.0037 0.0013 0.0017 0.0049 0.0021 0.0079 0.0031 0.9394 
        FW27  3 0.0006 0.0006 0.0005 0.0007 0.0006 0.0010 0.0014 0.0019 0.0012 0.0042 0.0018 0.0032 0.0008 0.0051 0.0108 0.0041 0.0013 0.0017 0.0047 0.0022 0.0089 0.9417 0.0009 
        FW28  3 0.0006 0.0006 0.0006 0.0006 0.0007 0.0011 0.0013 0.0018 0.0012 0.0035 0.0018 0.0031 0.0008 0.0051 0.0139 0.0037 0.0013 0.0017 0.0050 0.0021 0.0078 0.0031 0.9387 
        FW29  3 0.0006 0.0006 0.0006 0.0006 0.0007 0.0011 0.0013 0.0018 0.0012 0.0035 0.0018 0.0031 0.0008 0.0049 0.0133 0.0037 0.0013 0.0018 0.0050 0.0021 0.0079 0.0031 0.9392 
        FW30  3 0.0013 0.0035 0.0007 0.0012 0.0015 0.0024 0.0039 0.0050 0.0023 0.0093 0.0030 0.0073 0.0015 0.0194 0.7072 0.0099 0.0412 0.0023 0.0343 0.0055 0.0659 0.0100 0.0615 
        FW32  3 0.0007 0.0007 0.0007 0.0008 0.0008 0.0015 0.0018 0.0022 0.0015 0.0053 0.0024 0.0040 0.0009 0.0055 0.0131 0.0047 0.0020 0.0020 0.0054 0.0024 0.0098 0.9310 0.0009 
        FW33  3 0.0006 0.0006 0.0006 0.0006 0.0032 0.0011 0.0013 0.0029 0.0012 0.0035 0.0018 0.0031 0.0009 0.0063 0.0248 0.0037 0.0013 0.0017 0.0113 0.0021 0.0079 0.0031 0.9163 
        FW34  3 0.0006 0.0006 0.0006 0.0006 0.0007 0.0011 0.0013 0.0018 0.0012 0.0035 0.0018 0.0031 0.0008 0.0049 0.0133 0.0037 0.0013 0.0017 0.0050 0.0021 0.0079 0.0031 0.9394 
        FW35  3 0.0006 0.0006 0.0006 0.0006 0.0007 0.0011 0.0013 0.0018 0.0012 0.0035 0.0018 0.0031 0.0008 0.0049 0.0135 0.0037 0.0013 0.0017 0.0050 0.0021 0.0079 0.0031 0.9392 
        FW36  3 0.0006 0.0006 0.0006 0.0006 0.0007 0.0011 0.0013 0.0018 0.0012 0.0035 0.0018 0.0031 0.0008 0.0050 0.0135 0.0037 0.0013 0.0017 0.0050 0.0021 0.0078 0.0031 0.9391 
        FW37  3 0.0006 0.0006 0.0005 0.0007 0.0007 0.0010 0.0014 0.0019 0.0012 0.0042 0.0018 0.0032 0.0008 0.0052 0.0108 0.0041 0.0013 0.0016 0.0048 0.0022 0.0089 0.9414 0.0009 
        FW51  3 0.0006 0.0006 0.0006 0.0006 0.0007 0.0011 0.0013 0.0018 0.0012 0.0035 0.0018 0.0031 0.0008 0.0050 0.0135 0.0037 0.0013 0.0018 0.0049 0.0021 0.0078 0.0031 0.9392 
        FW52  3 0.0006 0.0006 0.0006 0.0007 0.0006 0.0010 0.0014 0.0018 0.0013 0.0042 0.0018 0.0032 0.0008 0.0052 0.0108 0.0041 0.0013 0.0017 0.0047 0.0021 0.0088 0.9418 0.0009 
        FW53  3 0.0006 0.0006 0.0006 0.0006 0.0007 0.0011 0.0014 0.0018 0.0012 0.0035 0.0018 0.0031 0.0008 0.0049 0.0135 0.0037 0.0013 0.0017 0.0051 0.0021 0.0079 0.0031 0.9391 
        FW54  3 0.0006 0.0006 0.0006 0.0007 0.0006 0.0010 0.0014 0.0019 0.0012 0.0042 0.0018 0.0032 0.0009 0.0050 0.0108 0.0039 0.0013 0.0016 0.0047 0.0022 0.0089 0.9422 0.0009 
        FW55  3 0.0006 0.0006 0.0006 0.0006 0.0007 0.0011 0.0013 0.0018 0.0012 0.0035 0.0018 0.0031 0.0008 0.0050 0.0134 0.0037 0.0013 0.0017 0.0050 0.0021 0.0079 0.0031 0.9394 
        FW56  3 0.0006 0.0006 0.0006 0.0006 0.0007 0.0011 0.0013 0.0018 0.0012 0.0036 0.0018 0.0031 0.0008 0.0049 0.0133 0.0037 0.0013 0.0018 0.0050 0.0021 0.0079 0.0031 0.9393 
        FW57  3 0.0006 0.0006 0.0006 0.0007 0.0007 0.0011 0.0014 0.0018 0.0012 0.0035 0.0018 0.0031 0.0008 0.0050 0.0134 0.0037 0.0013 0.0017 0.0050 0.0021 0.0079 0.0031 0.9391 
        FW78  3 0.0006 0.0006 0.0006 0.0006 0.0007 0.0011 0.0013 0.0018 0.0012 0.0035 0.0018 0.0031 0.0008 0.0049 0.0135 0.0037 0.0013 0.0017 0.0050 0.0021 0.0079 0.0031 0.9392 
        FW79  3 0.0006 0.0006 0.0006 0.0006 0.0007 0.0011 0.0013 0.0018 0.0012 0.0036 0.0018 0.0031 0.0008 0.0050 0.0137 0.0037 0.0013 0.0017 0.0049 0.0021 0.0078 0.0032 0.9387 
        FW80  3 0.0006 0.0006 0.0006 0.0006 0.0007 0.0010 0.0014 0.0018 0.0012 0.0035 0.0018 0.0031 0.0008 0.0049 0.0134 0.0037 0.0013 0.0017 0.0050 0.0021 0.0079 0.0031 0.9392 
        FW81  3 0.0006 0.0006 0.0006 0.0007 0.0006 0.0010 0.0014 0.0019 0.0012 0.0041 0.0018 0.0032 0.0008 0.0051 0.0108 0.0039 0.0013 0.0016 0.0047 0.0022 0.0089 0.9421 0.0009 
        FW82  3 0.0006 0.0006 0.0006 0.0007 0.0007 0.0011 0.0014 0.0019 0.0012 0.0042 0.0018 0.0032 0.0008 0.0051 0.0109 0.0041 0.0013 0.0016 0.0047 0.0022 0.0089 0.9415 0.0009 
        FW83  3 0.0007 0.0008 0.0007 0.0008 0.0008 0.0015 0.0018 0.0022 0.0015 0.0053 0.0024 0.0040 0.0009 0.0054 0.0132 0.0047 0.0019 0.0020 0.0055 0.0023 0.0098 0.9311 0.0009 
        FW84  3 0.0006 0.0006 0.0006 0.0006 0.0007 0.0011 0.0013 0.0018 0.0012 0.0036 0.0018 0.0031 0.0008 0.0050 0.0135 0.0037 0.0013 0.0018 0.0050 0.0021 0.0079 0.0031 0.9391 
        FW85  3 0.0006 0.0006 0.0009 0.0007 0.0007 0.0023 0.0015 0.0018 0.0013 0.0080 0.0018 0.0032 0.0015 0.0077 0.0110 0.0042 0.0014 0.0017 0.0048 0.0022 0.0400 0.9012 0.0009 
        FW86  3 0.0006 0.0006 0.0006 0.0007 0.0006 0.0010 0.0014 0.0019 0.0013 0.0041 0.0018 0.0032 0.0008 0.0052 0.0114 0.0040 0.0013 0.0016 0.0047 0.0022 0.0087 0.9414 0.0010 
        FW87  3 0.0006 0.0006 0.0006 0.0007 0.0006 0.0010 0.0014 0.0018 0.0013 0.0042 0.0018 0.0032 0.0008 0.0052 0.0114 0.0040 0.0013 0.0016 0.0047 0.0022 0.0087 0.9411 0.0010 
        FW88  3 0.0006 0.0006 0.0006 0.0006 0.0007 0.0011 0.0013 0.0018 0.0012 0.0035 0.0018 0.0031 0.0008 0.0049 0.0134 0.0037 0.0013 0.0017 0.0050 0.0021 0.0079 0.0031 0.9392 
        FW89  3 0.0006 0.0006 0.0006 0.0006 0.0007 0.0011 0.0013 0.0017 0.0012 0.0036 0.0018 0.0031 0.0008 0.0050 0.0133 0.0037 0.0013 0.0018 0.0050 0.0021 0.0079 0.0031 0.9394 
        FW90  3 0.0006 0.0006 0.0006 0.0006 0.0007 0.0011 0.0013 0.0018 0.0012 0.0036 0.0018 0.0031 0.0008 0.0049 0.0135 0.0037 0.0013 0.0018 0.0050 0.0021 0.0079 0.0031 0.9390 
        FW91  3 0.0006 0.0006 0.0005 0.0007 0.0006 0.0010 0.0014 0.0019 0.0012 0.0042 0.0018 0.0032 0.0008 0.0051 0.0108 0.0042 0.0013 0.0016 0.0047 0.0022 0.0089 0.9416 0.0009 
        FW92  3 0.0006 0.0006 0.0006 0.0006 0.0007 0.0011 0.0013 0.0018 0.0012 0.0035 0.0018 0.0031 0.0008 0.0049 0.0136 0.0037 0.0013 0.0017 0.0050 0.0021 0.0078 0.0030 0.9392 
