        TC01  1 0.0024 0.0017 0.0087 0.0017 0.0027 0.0015 0.0194 0.0039 0.0042 0.0035 0.0053 0.0181 0.0022 0.0016 0.8335 0.0139 0.0020 0.0024 0.0126 0.0093 0.0194 0.0300 
        TC02  1 0.0016 0.0016 0.0014 0.0016 0.0039 0.0023 0.0029 0.0052 0.0053 0.0025 0.0081 0.0061 0.0034 0.0033 0.8837 0.0203 0.0050 0.0033 0.0121 0.0041 0.0062 0.0160 
        TC03  1 0.0011 0.0015 0.0014 0.0015 0.0019 0.0020 0.0023 0.0043 0.0068 0.0054 0.0030 0.0097 0.0023 0.0026 0.8855 0.0138 0.0027 0.0032 0.0148 0.0059 0.0032 0.0250 
        TC04  1 0.0018 0.0016 0.0009 0.0011 0.0202 0.0330 0.0017 0.0048 0.0312 0.0034 0.0186 0.0526 0.0065 0.0036 0.7259 0.0297 0.0038 0.0026 0.0099 0.0048 0.0042 0.0382 
        TC05  1 0.0016 0.0011 0.0011 0.0008 0.0020 0.0220 0.0016 0.0045 0.0067 0.0021 0.0031 0.0094 0.0029 0.0023 0.8769 0.0312 0.0042 0.0028 0.0064 0.0055 0.0022 0.0094 
        TC06  1 0.0031 0.0013 0.0009 0.0022 0.0041 0.0020 0.0026 0.0092 0.0803 0.0018 0.0083 0.0053 0.0060 0.0020 0.8063 0.0143 0.0017 0.0023 0.0077 0.0085 0.0027 0.0273 
        TC07  1 0.0010 0.0009 0.0011 0.0011 0.0014 0.0092 0.0013 0.0035 0.0092 0.0029 0.0048 0.0081 0.0028 0.0018 0.8761 0.0225 0.0065 0.0042 0.0057 0.0141 0.0105 0.0114 
        TC08  1 0.0030 0.0009 0.0012 0.0008 0.0058 0.0050 0.0023 0.0040 0.0064 0.0014 0.0049 0.0047 0.0031 0.0027 0.8893 0.0284 0.0031 0.0046 0.0086 0.0084 0.0032 0.0083 
        TC09  1 0.0017 0.0006 0.0036 0.0160 0.0336 0.0067 0.0015 0.0087 0.0265 0.0052 0.0066 0.0049 0.0020 0.0017 0.8332 0.0115 0.0025 0.0020 0.0048 0.0114 0.0027 0.0126 
        TC10  1 0.0027 0.0023 0.0007 0.0288 0.0015 0.0018 0.0019 0.0029 0.0104 0.0243 0.0027 0.0145 0.0063 0.0016 0.8094 0.0113 0.0082 0.0020 0.0406 0.0043 0.0118 0.0100 
        TC11  1 0.0383 0.0009 0.0010 0.0012 0.0017 0.0018 0.0016 0.0018 0.0037 0.0023 0.0058 0.0044 0.0027 0.0044 0.8687 0.0092 0.0021 0.0051 0.0144 0.0045 0.0093 0.0150 
        TC12  1 0.0011 0.0011 0.0033 0.0012 0.0036 0.0019 0.0065 0.0100 0.0123 0.0053 0.0102 0.0241 0.0059 0.0016 0.8119 0.0310 0.0021 0.0037 0.0181 0.0063 0.0054 0.0333 
        TC13  1 0.0033 0.0009 0.0011 0.0028 0.0027 0.0016 0.0013 0.0023 0.0068 0.0016 0.0025 0.0051 0.0032 0.0030 0.9137 0.0143 0.0028 0.0022 0.0109 0.0059 0.0027 0.0094 
        TC14  1 0.0022 0.0015 0.0051 0.0101 0.0054 0.0027 0.0033 0.0100 0.0572 0.0028 0.0033 0.0086 0.0039 0.0049 0.8010 0.0137 0.0022 0.0068 0.0133 0.0097 0.0053 0.0270 
        TC15  1 0.0011 0.0011 0.0017 0.0054 0.0075 0.0025 0.0014 0.0052 0.0295 0.0028 0.0041 0.0058 0.0040 0.0040 0.8640 0.0125 0.0047 0.0026 0.0145 0.0088 0.0021 0.0145 
        TC16  1 0.0016 0.0010 0.0147 0.0219 0.0544 0.0021 0.0031 0.0043 0.0237 0.0022 0.0064 0.0426 0.0042 0.0030 0.7416 0.0265 0.0053 0.0058 0.0075 0.0056 0.0028 0.0195 
        TC17  1 0.0039 0.0027 0.0015 0.0285 0.0093 0.0032 0.0077 0.0074 0.0251 0.0037 0.0166 0.0043 0.0040 0.0027 0.7015 0.0932 0.0125 0.0077 0.0152 0.0156 0.0084 0.0251 
        TC18  1 0.0310 0.0032 0.0014 0.0021 0.0021 0.0138 0.0034 0.0020 0.0114 0.0047 0.0037 0.0050 0.0041 0.0016 0.7846 0.0149 0.0023 0.0055 0.0345 0.0037 0.0055 0.0596 
        TC19  1 0.0148 0.0010 0.0008 0.0069 0.0202 0.0012 0.0025 0.0022 0.0050 0.0020 0.0024 0.0054 0.0060 0.0019 0.8798 0.0147 0.0018 0.0027 0.0115 0.0030 0.0036 0.0105 
        TC20  1 0.0019 0.0008 0.0010 0.0029 0.0041 0.0081 0.0078 0.0026 0.0062 0.0017 0.0024 0.0058 0.0030 0.0022 0.8878 0.0114 0.0031 0.0027 0.0062 0.0051 0.0028 0.0304 
        TC21  1 0.0017 0.0012 0.0016 0.0010 0.0044 0.0043 0.0025 0.0027 0.0127 0.0026 0.0366 0.0135 0.0115 0.0020 0.6759 0.1341 0.0041 0.0093 0.0121 0.0038 0.0104 0.0521 
        TC22  1 0.0040 0.0019 0.0012 0.0008 0.0032 0.0017 0.0032 0.0060 0.0108 0.0020 0.0028 0.0068 0.0338 0.0047 0.8258 0.0162 0.0093 0.0024 0.0443 0.0058 0.0036 0.0098 
        TC23  1 0.0061 0.0010 0.0009 0.0015 0.0021 0.0018 0.0037 0.0029 0.0098 0.0037 0.0026 0.0287 0.0021 0.0025 0.8561 0.0147 0.0026 0.0032 0.0174 0.0050 0.0144 0.0172 
        TC24  1 0.0014 0.0014 0.0012 0.0020 0.0018 0.0022 0.0017 0.0016 0.0042 0.0029 0.0025 0.0040 0.0020 0.0017 0.9365 0.0087 0.0019 0.0050 0.0052 0.0031 0.0019 0.0070 
        TC25  1 0.0015 0.0011 0.0009 0.0059 0.0023 0.0014 0.0024 0.0053 0.0604 0.0056 0.0058 0.0168 0.0062 0.0037 0.7590 0.0150 0.0034 0.0036 0.0065 0.0038 0.0253 0.0642 
        TC26  1 0.0012 0.0011 0.0012 0.0231 0.0022 0.0017 0.0020 0.0090 0.0153 0.0021 0.0086 0.0131 0.0023 0.0018 0.8699 0.0131 0.0030 0.0033 0.0063 0.0080 0.0023 0.0095 
        TC27  1 0.0059 0.0012 0.0013 0.0012 0.0018 0.0019 0.0017 0.0021 0.0262 0.0022 0.0051 0.0041 0.0021 0.0059 0.7534 0.0643 0.0035 0.0038 0.0922 0.0060 0.0028 0.0113 
        TC28  1 0.0013 0.0013 0.0013 0.0023 0.0018 0.0024 0.0015 0.0027 0.0222 0.0033 0.0069 0.0318 0.0076 0.0045 0.8557 0.0167 0.0027 0.0029 0.0082 0.0046 0.0037 0.0144 
        TC29  1 0.0038 0.0010 0.0017 0.0026 0.0046 0.0356 0.0022 0.0026 0.0535 0.0055 0.0031 0.0082 0.0023 0.0057 0.7891 0.0168 0.0023 0.0124 0.0057 0.0108 0.0052 0.0254 
        TC30  1 0.0074 0.0009 0.0023 0.0023 0.0061 0.0019 0.0028 0.0034 0.0096 0.0029 0.0052 0.0036 0.0063 0.0019 0.8918 0.0182 0.0019 0.0033 0.0090 0.0056 0.0031 0.0104 
        TC31  1 0.0091 0.0013 0.0019 0.0014 0.0036 0.0027 0.0072 0.0022 0.0057 0.0046 0.0026 0.0058 0.0207 0.0025 0.8020 0.0148 0.0075 0.0049 0.0266 0.0033 0.0284 0.0413 
        TC32  1 0.0065 0.0013 0.0010 0.0033 0.0026 0.0030 0.0017 0.0108 0.0712 0.0020 0.0140 0.0123 0.0444 0.0041 0.7737 0.0116 0.0036 0.0028 0.0064 0.0065 0.0039 0.0135 
        TC33  1 0.0030 0.0029 0.0016 0.0016 0.0017 0.0035 0.0025 0.0034 0.0077 0.0029 0.0031 0.0101 0.0029 0.0023 0.8760 0.0125 0.0028 0.0087 0.0123 0.0074 0.0160 0.0153 
        TC34  1 0.0044 0.0010 0.0010 0.0027 0.0044 0.0039 0.0046 0.0029 0.0545 0.0025 0.0045 0.0062 0.0030 0.0014 0.8222 0.0144 0.0036 0.0102 0.0153 0.0207 0.0032 0.0134 
        TC35  1 0.0019 0.0012 0.0020 0.0031 0.0132 0.0040 0.0048 0.0021 0.0085 0.0020 0.0085 0.0035 0.0100 0.0026 0.8281 0.0186 0.0077 0.0025 0.0279 0.0053 0.0121 0.0305 
        TC36  1 0.0021 0.0009 0.0010 0.0021 0.0032 0.0042 0.0019 0.0046 0.0077 0.0044 0.0157 0.0117 0.0036 0.0028 0.8746 0.0201 0.0037 0.0028 0.0128 0.0047 0.0033 0.0120 
        TC37  1 0.0699 0.0010 0.0021 0.0012 0.0030 0.0031 0.0024 0.0046 0.0032 0.0022 0.0036 0.0051 0.0074 0.0032 0.8218 0.0134 0.0071 0.0093 0.0091 0.0072 0.0040 0.0161 
        TC38  1 0.0049 0.0009 0.0013 0.0063 0.0565 0.0021 0.0019 0.0038 0.0154 0.0030 0.0046 0.0154 0.0020 0.0016 0.7686 0.0174 0.0021 0.0027 0.0061 0.0036 0.0043 0.0754 
        TC39  1 0.0118 0.0010 0.0016 0.0294 0.0058 0.0025 0.0024 0.0066 0.1420 0.0030 0.0060 0.0037 0.0032 0.0014 0.7152 0.0180 0.0055 0.0034 0.0065 0.0079 0.0034 0.0197 
        TC40  1 0.0021 0.0018 0.0015 0.0039 0.0024 0.0020 0.0028 0.0037 0.0342 0.0066 0.0041 0.0066 0.0075 0.0040 0.8436 0.0151 0.0025 0.0158 0.0132 0.0082 0.0038 0.0147 
        TC41  1 0.0021 0.0072 0.0008 0.0015 0.0017 0.0023 0.0087 0.0025 0.0051 0.0019 0.0036 0.0060 0.0265 0.0051 0.8719 0.0114 0.0091 0.0024 0.0069 0.0085 0.0029 0.0117 
        TC42  1 0.0028 0.0024 0.0008 0.0014 0.0029 0.0019 0.0027 0.0034 0.0185 0.0027 0.0030 0.0038 0.0018 0.0023 0.9069 0.0153 0.0019 0.0022 0.0093 0.0040 0.0020 0.0080 
        TC43  1 0.0023 0.0009 0.0014 0.0010 0.0026 0.0021 0.0016 0.0028 0.0175 0.0026 0.0027 0.0072 0.0051 0.0104 0.8843 0.0132 0.0026 0.0030 0.0122 0.0051 0.0028 0.0166 
        TC44  1 0.0014 0.0009 0.0014 0.0050 0.0149 0.0022 0.0028 0.0051 0.0138 0.0040 0.0035 0.0050 0.0025 0.0023 0.8582 0.0154 0.0066 0.0023 0.0259 0.0077 0.0066 0.0126 
        TC45  1 0.0294 0.0006 0.0020 0.0055 0.0021 0.0050 0.0023 0.0043 0.0036 0.0020 0.0036 0.0037 0.0035 0.0018 0.8131 0.0431 0.0158 0.0019 0.0049 0.0042 0.0030 0.0446 
        TC46  1 0.0021 0.0013 0.0010 0.0023 0.0017 0.0038 0.0027 0.0032 0.0053 0.0030 0.0048 0.0217 0.0044 0.0027 0.8580 0.0170 0.0108 0.0029 0.0206 0.0037 0.0026 0.0241 
        TC47  1 0.0014 0.0008 0.0009 0.0047 0.0067 0.0017 0.0031 0.0022 0.0100 0.0018 0.0040 0.0112 0.0031 0.0020 0.8707 0.0098 0.0032 0.0025 0.0394 0.0046 0.0052 0.0110 
        TC48  1 0.0015 0.0022 0.0064 0.0037 0.0022 0.0036 0.0059 0.0272 0.0111 0.0022 0.0088 0.0069 0.0052 0.0032 0.8165 0.0128 0.0041 0.0233 0.0124 0.0075 0.0031 0.0302 
        TC49  1 0.0044 0.0017 0.0049 0.0023 0.0015 0.0036 0.0039 0.0078 0.0071 0.0014 0.0041 0.0080 0.0070 0.0070 0.8744 0.0202 0.0034 0.0033 0.0078 0.0063 0.0047 0.0150 
        TC50  1 0.0016 0.0017 0.0015 0.0014 0.0027 0.0021 0.0035 0.0041 0.0047 0.0037 0.0062 0.0037 0.0068 0.0093 0.8575 0.0113 0.0027 0.0065 0.0352 0.0076 0.0042 0.0218 
        TC51  1 0.0007 0.0013 0.0017 0.0013 0.0056 0.0027 0.0027 0.0075 0.0280 0.0028 0.0036 0.0052 0.0041 0.0049 0.8557 0.0205 0.0039 0.0026 0.0117 0.0064 0.0084 0.0186 
        TC52  1 0.0027 0.0009 0.0016 0.0017 0.0020 0.0014 0.0016 0.0029 0.0072 0.0070 0.0030 0.0700 0.0019 0.0022 0.8346 0.0198 0.0023 0.0030 0.0056 0.0035 0.0020 0.0230 
        TC53  1 0.0022 0.0007 0.0009 0.0019 0.0037 0.0015 0.0088 0.0075 0.0123 0.0019 0.0040 0.0040 0.0027 0.0017 0.8511 0.0492 0.0021 0.0026 0.0243 0.0070 0.0018 0.0081 
        TC54  1 0.0024 0.0028 0.0015 0.0026 0.0024 0.0036 0.0025 0.0045 0.0186 0.0032 0.0195 0.0039 0.0027 0.0201 0.7838 0.0142 0.0097 0.0536 0.0172 0.0079 0.0044 0.0188 
        TC55  1 0.0020 0.0023 0.0010 0.0169 0.0018 0.0020 0.0019 0.0150 0.0216 0.0069 0.0168 0.0062 0.0127 0.0051 0.8185 0.0194 0.0056 0.0055 0.0114 0.0049 0.0038 0.0187 
        TC56  1 0.0035 0.0015 0.0020 0.0010 0.0037 0.0038 0.0031 0.0062 0.0117 0.0026 0.0034 0.0050 0.0047 0.0290 0.8128 0.0180 0.0022 0.0171 0.0140 0.0076 0.0055 0.0417 
        TC57  1 0.0028 0.0012 0.0027 0.0073 0.0046 0.0055 0.0042 0.0040 0.0054 0.0025 0.0122 0.0046 0.0054 0.0048 0.8543 0.0203 0.0036 0.0044 0.0291 0.0074 0.0036 0.0102 
        TC58  1 0.0022 0.0015 0.0010 0.0059 0.0025 0.0030 0.0032 0.0054 0.0067 0.0021 0.0078 0.0104 0.0030 0.0019 0.8539 0.0107 0.0068 0.0026 0.0141 0.0090 0.0337 0.0126 
        TC59  1 0.0009 0.0009 0.0009 0.0011 0.0017 0.0015 0.0019 0.0022 0.0090 0.0017 0.0103 0.0077 0.0022 0.0013 0.9130 0.0118 0.0019 0.0031 0.0097 0.0064 0.0034 0.0076 
        TA01  2 0.0019 0.0011 0.0008 0.0042 0.0085 0.0018 0.0026 0.0036 0.0087 0.0017 0.0153 0.0033 0.0026 0.0055 0.8531 0.0110 0.0018 0.0040 0.0110 0.0435 0.0035 0.0106 
        TA02  2 0.0028 0.0028 0.0010 0.0014 0.0027 0.0104 0.0018 0.0020 0.0050 0.0045 0.0050 0.0084 0.0038 0.0047 0.8877 0.0112 0.0027 0.0074 0.0066 0.0065 0.0022 0.0194 
        TA03  2 0.0020 0.0027 0.0014 0.0023 0.0309 0.0034 0.0025 0.0033 0.0066 0.0027 0.0040 0.0043 0.0054 0.0026 0.8263 0.0133 0.0049 0.0060 0.0497 0.0099 0.0037 0.0121 
        TA04  2 0.0011 0.0009 0.0009 0.0017 0.3024 0.0025 0.0021 0.0030 0.0224 0.0025 0.0029 0.0076 0.0049 0.0023 0.5895 0.0097 0.0051 0.0027 0.0166 0.0060 0.0027 0.0104 
        TA05  2 0.0013 0.0017 0.0018 0.0013 0.0050 0.0020 0.0019 0.0042 0.0043 0.0018 0.0037 0.0095 0.0030 0.0019 0.8941 0.0195 0.0026 0.0044 0.0112 0.0048 0.0033 0.0168 
        TA06  2 0.0020 0.0007 0.0006 0.0031 0.0038 0.0010 0.0025 0.0026 0.0115 0.0023 0.0037 0.0042 0.0032 0.0034 0.9141 0.0079 0.0055 0.0022 0.0066 0.0059 0.0041 0.0090 
        TA07  2 0.0007 0.0009 0.0010 0.0025 0.0710 0.0025 0.0025 0.0057 0.0064 0.0036 0.0189 0.0060 0.0026 0.0016 0.7908 0.0452 0.0025 0.0052 0.0088 0.0043 0.0060 0.0114 
        TA08  2 0.0007 0.0010 0.0006 0.0025 0.0056 0.0015 0.0013 0.0024 0.0162 0.0018 0.0021 0.0032 0.0021 0.0082 0.8327 0.0089 0.0015 0.0024 0.0799 0.0039 0.0024 0.0190 
        TA09  2 0.0042 0.0009 0.0008 0.0019 0.0121 0.0017 0.0018 0.0037 0.0077 0.0031 0.0025 0.0253 0.0020 0.0022 0.8927 0.0089 0.0016 0.0025 0.0088 0.0055 0.0023 0.0077 
        TA10  2 0.0010 0.0018 0.0012 0.0027 0.0043 0.0084 0.0051 0.0037 0.0075 0.0018 0.0055 0.0068 0.0030 0.0028 0.8351 0.0200 0.0021 0.0028 0.0079 0.0128 0.0525 0.0112 
        TA11  2 0.0015 0.0233 0.0015 0.0379 0.0083 0.0018 0.0112 0.0056 0.0075 0.0021 0.0029 0.0039 0.0056 0.0021 0.7612 0.0145 0.0289 0.0030 0.0214 0.0042 0.0303 0.0211 
        TA12  2 0.0016 0.0503 0.0017 0.0018 0.0035 0.0183 0.0486 0.0077 0.0044 0.0015 0.0034 0.0047 0.0034 0.0025 0.7996 0.0138 0.0030 0.0040 0.0064 0.0049 0.0052 0.0097 
        TA13  2 0.0013 0.0012 0.0047 0.0011 0.0344 0.0344 0.0052 0.0948 0.0507 0.0039 0.0035 0.0068 0.0037 0.0053 0.6729 0.0351 0.0024 0.0046 0.0084 0.0063 0.0075 0.0119 
        TA14  2 0.0015 0.0007 0.0009 0.0030 0.0051 0.0018 0.0012 0.0061 0.0117 0.0049 0.0022 0.0039 0.0027 0.0036 0.9168 0.0097 0.0023 0.0031 0.0060 0.0041 0.0019 0.0071 
        TA15  2 0.0010 0.0008 0.0015 0.0010 0.0026 0.0031 0.0017 0.0083 0.0145 0.0020 0.0026 0.0035 0.0033 0.0027 0.9081 0.0162 0.0024 0.0028 0.0063 0.0054 0.0029 0.0072 
        TA16  2 0.0016 0.0028 0.0015 0.0029 0.0252 0.0222 0.0018 0.0081 0.0320 0.0024 0.0073 0.0080 0.0025 0.0029 0.8068 0.0125 0.0019 0.0024 0.0095 0.0069 0.0295 0.0093 
        TA17  2 0.0008 0.0046 0.0009 0.0012 0.0017 0.0068 0.0046 0.0053 0.0085 0.0020 0.0037 0.0134 0.0041 0.0022 0.8631 0.0170 0.0022 0.0046 0.0195 0.0218 0.0027 0.0092 
        TA18  2 0.0021 0.0008 0.0012 0.0008 0.0033 0.0032 0.0033 0.0024 0.0059 0.0015 0.0034 0.0285 0.0364 0.0021 0.7794 0.0131 0.0022 0.0025 0.0094 0.0784 0.0114 0.0086 
        TA19  2 0.0026 0.0011 0.0014 0.0017 0.0205 0.0033 0.0039 0.0024 0.0131 0.0022 0.0040 0.0112 0.0153 0.0025 0.7743 0.0117 0.0067 0.0034 0.0937 0.0060 0.0091 0.0100 
        TA20  2 0.0009 0.0024 0.0009 0.0039 0.0018 0.1284 0.0025 0.0023 0.0057 0.0018 0.0051 0.0032 0.0028 0.0020 0.7752 0.0142 0.0021 0.0142 0.0082 0.0058 0.0025 0.0142 
        TA21  2 0.0020 0.0022 0.0029 0.0271 0.0043 0.0039 0.0019 0.0062 0.0143 0.0023 0.0040 0.0095 0.0031 0.0168 0.8306 0.0141 0.0018 0.0112 0.0103 0.0151 0.0036 0.0129 
        TA22  2 0.0073 0.0008 0.0006 0.0010 0.0019 0.0033 0.0026 0.0070 0.0399 0.0018 0.0068 0.0050 0.0061 0.0027 0.8617 0.0075 0.0030 0.0154 0.0064 0.0070 0.0021 0.0099 
        TA23  2 0.0026 0.0017 0.0008 0.0013 0.0041 0.0022 0.0015 0.0029 0.0331 0.0018 0.0027 0.0055 0.0034 0.0049 0.8917 0.0087 0.0019 0.0033 0.0079 0.0068 0.0026 0.0085 
        TA24  2 0.0010 0.0010 0.0391 0.0010 0.0026 0.0020 0.0021 0.0019 0.0060 0.0034 0.0214 0.0038 0.0033 0.0033 0.8342 0.0139 0.0058 0.0025 0.0322 0.0066 0.0027 0.0102 
        TA25  2 0.0012 0.0039 0.0009 0.0015 0.0024 0.0085 0.0115 0.0034 0.0100 0.0019 0.0051 0.0047 0.0035 0.0057 0.7497 0.0241 0.0020 0.0019 0.0071 0.0159 0.1254 0.0099 
        TA26  2 0.0024 0.0026 0.0008 0.0245 0.0194 0.0029 0.0071 0.0084 0.0414 0.0018 0.0027 0.0036 0.0033 0.0024 0.7875 0.0149 0.0018 0.0049 0.0180 0.0044 0.0079 0.0375 
        TA27  2 0.0050 0.0076 0.0009 0.0015 0.0036 0.0056 0.0048 0.0052 0.0068 0.0032 0.0043 0.0041 0.0035 0.0021 0.8616 0.0212 0.0025 0.0052 0.0121 0.0277 0.0031 0.0083 
        TA28  2 0.0024 0.0014 0.0022 0.0024 0.0046 0.0047 0.0026 0.0028 0.0056 0.0050 0.0050 0.0082 0.0047 0.0034 0.8634 0.0126 0.0050 0.0067 0.0079 0.0089 0.0024 0.0380 
        TA29  2 0.0015 0.0008 0.0013 0.0013 0.0022 0.0039 0.0033 0.0086 0.0436 0.0018 0.0046 0.0073 0.0046 0.0026 0.8479 0.0129 0.0023 0.0025 0.0269 0.0066 0.0033 0.0102 
        TA30  2 0.0022 0.0011 0.0024 0.0997 0.1503 0.0025 0.0023 0.0124 0.0120 0.0022 0.0027 0.0053 0.0029 0.0041 0.6151 0.0174 0.0048 0.0057 0.0323 0.0045 0.0031 0.0150 
      BERM01  3 0.0008 0.0014 0.0007 0.0019 0.0264 0.0014 0.0014 0.0027 0.9143 0.0013 0.0020 0.0035 0.0024 0.0017 0.0051 0.0086 0.0017 0.0024 0.0061 0.0045 0.0024 0.0072 
      BERM02  3 0.0011 0.0008 0.0009 0.0018 0.0048 0.0017 0.0012 0.0027 0.9278 0.0014 0.0024 0.0039 0.0043 0.0016 0.0095 0.0100 0.0022 0.0026 0.0049 0.0033 0.0020 0.0092 
      BERM03  3 0.0007 0.0010 0.0006 0.0018 0.0016 0.0012 0.0016 0.0051 0.9333 0.0015 0.0029 0.0047 0.0022 0.0014 0.0045 0.0094 0.0020 0.0023 0.0077 0.0036 0.0025 0.0084 
      BERM04  3 0.0006 0.0007 0.0006 0.0031 0.0026 0.0011 0.0013 0.0034 0.9326 0.0016 0.0022 0.0042 0.0019 0.0013 0.0039 0.0082 0.0016 0.0021 0.0104 0.0041 0.0029 0.0095 
      BERM05  3 0.0007 0.0011 0.0010 0.0013 0.0036 0.0013 0.0024 0.0052 0.9232 0.0024 0.0034 0.0060 0.0019 0.0017 0.0036 0.0072 0.0023 0.0027 0.0082 0.0061 0.0030 0.0117 
      BERM06  3 0.0009 0.0010 0.0007 0.0147 0.0132 0.0013 0.0013 0.0028 0.8945 0.0015 0.0049 0.0068 0.0023 0.0013 0.0067 0.0083 0.0082 0.0019 0.0084 0.0069 0.0018 0.0105 
      BERM07  3 0.0011 0.0009 0.0010 0.0025 0.0058 0.0012 0.0022 0.0029 0.9186 0.0016 0.0022 0.0046 0.0023 0.0020 0.0074 0.0098 0.0031 0.0023 0.0124 0.0034 0.0037 0.0089 
      BERM08  3 0.0006 0.0007 0.0006 0.0009 0.0044 0.0012 0.0011 0.0016 0.9407 0.0013 0.0019 0.0031 0.0018 0.0029 0.0059 0.0068 0.0013 0.0016 0.0061 0.0031 0.0021 0.0102 
      BERM09  3 0.0015 0.0007 0.0006 0.0018 0.3662 0.0013 0.0022 0.0026 0.5558 0.0013 0.0030 0.0053 0.0023 0.0012 0.0165 0.0084 0.0074 0.0022 0.0063 0.0046 0.0026 0.0063 
      BERM10  3 0.0014 0.0010 0.0054 0.0100 0.0073 0.0013 0.0026 0.0030 0.8615 0.0017 0.0060 0.0061 0.0023 0.0015 0.0121 0.0274 0.0049 0.0022 0.0206 0.0042 0.0025 0.0151 
      BERM11  3 0.0010 0.0006 0.0008 0.0018 0.0176 0.0016 0.0011 0.0019 0.9178 0.0015 0.0020 0.0031 0.0025 0.0026 0.0079 0.0080 0.0022 0.0022 0.0064 0.0038 0.0028 0.0105 
      BERM12  3 0.0008 0.0017 0.0006 0.0026 0.0024 0.0011 0.0085 0.0017 0.8698 0.0073 0.0019 0.0095 0.0022 0.0014 0.0075 0.0077 0.0018 0.0023 0.0066 0.0098 0.0033 0.0494 
      BERM13  3 0.0011 0.0007 0.0029 0.0008 0.0063 0.0013 0.0016 0.0031 0.8784 0.0013 0.0028 0.0494 0.0027 0.0015 0.0054 0.0078 0.0066 0.0021 0.0089 0.0048 0.0031 0.0074 
      BERM14  3 0.0007 0.0007 0.0006 0.0119 0.0055 0.0017 0.0021 0.0026 0.9163 0.0031 0.0020 0.0034 0.0017 0.0013 0.0109 0.0083 0.0029 0.0020 0.0069 0.0044 0.0032 0.0078 
      CROC01  3 0.0008 0.0019 0.0029 0.0013 0.0056 0.0027 0.0052 0.0036 0.8510 0.0084 0.0045 0.0041 0.0055 0.0021 0.0067 0.0191 0.0134 0.0165 0.0216 0.0070 0.0042 0.0118 
      CROC02  3 0.0008 0.0008 0.0028 0.0061 0.0039 0.0018 0.0019 0.0042 0.8072 0.0019 0.0066 0.0670 0.0021 0.0025 0.0070 0.0118 0.0349 0.0029 0.0062 0.0090 0.0036 0.0152 
      CROC03  3 0.0012 0.0010 0.0012 0.0060 0.0127 0.0017 0.0019 0.0028 0.8872 0.0030 0.0029 0.0054 0.0031 0.0034 0.0070 0.0096 0.0031 0.0031 0.0115 0.0033 0.0028 0.0262 
      CROC04  3 0.0032 0.0011 0.0023 0.0009 0.0024 0.0013 0.0021 0.0024 0.8143 0.0033 0.0768 0.0029 0.0017 0.0014 0.0273 0.0103 0.0218 0.0022 0.0071 0.0054 0.0026 0.0073 
      CROC05  3 0.0015 0.0009 0.0008 0.0052 0.0054 0.0018 0.0017 0.0034 0.9041 0.0017 0.0156 0.0061 0.0025 0.0022 0.0045 0.0125 0.0022 0.0026 0.0066 0.0048 0.0045 0.0093 
      CROC06  3 0.0009 0.0011 0.0007 0.0032 0.0051 0.0014 0.0021 0.0017 0.8021 0.0062 0.0595 0.0052 0.0022 0.0053 0.0252 0.0147 0.0152 0.0044 0.0081 0.0124 0.0096 0.0137 
      CROC07  3 0.0091 0.0013 0.0010 0.0020 0.0079 0.0017 0.0026 0.0040 0.8633 0.0020 0.0049 0.0055 0.0032 0.0018 0.0089 0.0141 0.0104 0.0031 0.0106 0.0299 0.0029 0.0097 
      CROC08  3 0.0017 0.0008 0.0007 0.0016 0.0032 0.0061 0.0043 0.0041 0.8591 0.0034 0.0032 0.0038 0.0032 0.0114 0.0058 0.0178 0.0019 0.0194 0.0118 0.0054 0.0061 0.0250 
      CROC09  3 0.0009 0.0006 0.0010 0.0076 0.0580 0.0015 0.0013 0.0023 0.8422 0.0038 0.0032 0.0037 0.0037 0.0023 0.0041 0.0317 0.0015 0.0077 0.0054 0.0032 0.0021 0.0125 
      CROC10  3 0.0018 0.0007 0.0008 0.0015 0.0739 0.0012 0.0014 0.0053 0.8565 0.0017 0.0025 0.0036 0.0032 0.0014 0.0050 0.0099 0.0021 0.0019 0.0064 0.0048 0.0037 0.0105 
      CROC11  3 0.0008 0.0006 0.0011 0.0076 0.0586 0.0015 0.0014 0.0023 0.8413 0.0038 0.0031 0.0037 0.0036 0.0023 0.0041 0.0314 0.0015 0.0079 0.0054 0.0032 0.0021 0.0126 
     CROC110  3 0.0012 0.0011 0.0011 0.0040 0.0213 0.0021 0.0023 0.0056 0.8279 0.0043 0.0075 0.0097 0.0035 0.0022 0.0101 0.0608 0.0021 0.0050 0.0115 0.0057 0.0026 0.0082 
     CROC116  3 0.0034 0.0058 0.0010 0.0064 0.0030 0.0026 0.0032 0.0058 0.8130 0.0164 0.0065 0.0052 0.0041 0.0041 0.0170 0.0173 0.0027 0.0040 0.0099 0.0439 0.0028 0.0218 
      CROC12  3 0.0009 0.0015 0.0022 0.0019 0.0026 0.0013 0.0013 0.0031 0.9288 0.0014 0.0032 0.0058 0.0031 0.0019 0.0061 0.0108 0.0016 0.0022 0.0056 0.0040 0.0021 0.0087 
     CROC123  3 0.0009 0.0006 0.0006 0.0045 0.0044 0.0017 0.0011 0.0032 0.9351 0.0023 0.0020 0.0034 0.0027 0.0014 0.0063 0.0084 0.0015 0.0017 0.0049 0.0028 0.0017 0.0089 
      CROC13  3 0.0009 0.0009 0.0008 0.0057 0.0024 0.0012 0.0021 0.0065 0.9119 0.0015 0.0027 0.0039 0.0017 0.0024 0.0046 0.0087 0.0020 0.0020 0.0091 0.0035 0.0037 0.0218 
      CROC14  3 0.0009 0.0007 0.0011 0.0063 0.0049 0.0039 0.0010 0.0024 0.8459 0.0016 0.0104 0.0030 0.0016 0.0025 0.0080 0.0279 0.0056 0.0038 0.0045 0.0043 0.0468 0.0130 
      CROC15  3 0.0009 0.0009 0.0012 0.0016 0.0020 0.0050 0.0016 0.0027 0.8102 0.0629 0.0032 0.0292 0.0026 0.0021 0.0053 0.0221 0.0021 0.0067 0.0086 0.0034 0.0062 0.0194 
      CROC16  3 0.0006 0.0018 0.0026 0.0084 0.0197 0.0020 0.0021 0.0136 0.8377 0.0047 0.0052 0.0051 0.0024 0.0029 0.0040 0.0135 0.0030 0.0045 0.0086 0.0138 0.0034 0.0407 
      CROC17  3 0.0497 0.0037 0.0008 0.0014 0.0017 0.0072 0.0011 0.0016 0.8656 0.0013 0.0027 0.0030 0.0025 0.0017 0.0220 0.0111 0.0017 0.0017 0.0056 0.0028 0.0020 0.0088 
      CROC18  3 0.0011 0.0011 0.0010 0.0019 0.0022 0.0017 0.0027 0.0029 0.8896 0.0016 0.0021 0.0135 0.0061 0.0017 0.0066 0.0085 0.0164 0.0024 0.0075 0.0046 0.0022 0.0228 
      CROC19  3 0.0010 0.0009 0.0073 0.0009 0.0048 0.0019 0.0023 0.0022 0.8646 0.0024 0.0149 0.0055 0.0026 0.0018 0.0139 0.0245 0.0102 0.0029 0.0173 0.0044 0.0033 0.0103 
     CROC198  3 0.0008 0.0012 0.0018 0.0088 0.0072 0.0013 0.0035 0.0030 0.9103 0.0014 0.0025 0.0028 0.0020 0.0016 0.0049 0.0114 0.0032 0.0027 0.0132 0.0039 0.0034 0.0089 
      CROC20  3 0.0007 0.0010 0.0010 0.0027 0.0050 0.0034 0.0017 0.0037 0.8823 0.0026 0.0048 0.0069 0.0045 0.0045 0.0050 0.0146 0.0148 0.0033 0.0091 0.0084 0.0031 0.0167 
     CROC202  3 0.0009 0.0010 0.0009 0.0082 0.0032 0.0013 0.0038 0.0024 0.8849 0.0021 0.0028 0.0045 0.0019 0.0034 0.0054 0.0098 0.0046 0.0020 0.0117 0.0044 0.0041 0.0368 
      CROC21  3 0.0009 0.0009 0.0010 0.0012 0.0054 0.0016 0.0016 0.0049 0.9045 0.0015 0.0022 0.0067 0.0025 0.0016 0.0081 0.0253 0.0024 0.0030 0.0075 0.0031 0.0030 0.0111 
     CROC216  3 0.0024 0.0015 0.0019 0.0015 0.0154 0.0019 0.0018 0.0042 0.8618 0.0073 0.0042 0.0159 0.0033 0.0015 0.0151 0.0146 0.0026 0.0046 0.0074 0.0118 0.0027 0.0166 
      CROC22  3 0.0012 0.0010 0.0008 0.0170 0.0085 0.0216 0.0443 0.0072 0.8257 0.0018 0.0028 0.0055 0.0039 0.0015 0.0097 0.0189 0.0021 0.0021 0.0058 0.0030 0.0028 0.0128 
      CROC23  3 0.0024 0.0012 0.0009 0.0009 0.0518 0.0023 0.0019 0.0081 0.8355 0.0020 0.0034 0.0052 0.0057 0.0087 0.0227 0.0143 0.0020 0.0034 0.0084 0.0047 0.0030 0.0117 
      CROC24  3 0.0009 0.0010 0.0015 0.0136 0.0223 0.0020 0.0018 0.0024 0.8844 0.0020 0.0039 0.0041 0.0020 0.0019 0.0077 0.0115 0.0018 0.0031 0.0059 0.0040 0.0024 0.0198 
      CROC25  3 0.0008 0.0007 0.0007 0.0029 0.0029 0.0012 0.0014 0.0023 0.9351 0.0021 0.0027 0.0043 0.0027 0.0013 0.0055 0.0072 0.0027 0.0024 0.0067 0.0037 0.0028 0.0079 
     CROC259  3 0.0039 0.0014 0.0008 0.0016 0.0064 0.0024 0.0015 0.0039 0.8612 0.0017 0.0070 0.0033 0.0021 0.0018 0.0412 0.0077 0.0015 0.0023 0.0085 0.0050 0.0227 0.0122 
      CROC26  3 0.0031 0.0011 0.0009 0.0021 0.0035 0.0015 0.0025 0.0021 0.8361 0.0025 0.0022 0.0045 0.0021 0.0024 0.0896 0.0074 0.0021 0.0031 0.0118 0.0043 0.0038 0.0112 
      CROC27  3 0.0107 0.0023 0.0021 0.0046 0.0212 0.0042 0.0027 0.0026 0.8555 0.0039 0.0036 0.0038 0.0023 0.0031 0.0272 0.0117 0.0052 0.0054 0.0087 0.0060 0.0026 0.0107 
      CROC28  3 0.0014 0.0011 0.0014 0.0763 0.0697 0.0017 0.0014 0.0022 0.7301 0.0023 0.0044 0.0031 0.0017 0.0014 0.0661 0.0091 0.0016 0.0026 0.0060 0.0046 0.0029 0.0088 
      CROC29  3 0.0010 0.0008 0.0018 0.0022 0.0026 0.0017 0.0018 0.0027 0.9185 0.0045 0.0038 0.0034 0.0026 0.0018 0.0060 0.0155 0.0019 0.0047 0.0066 0.0035 0.0023 0.0104 
      CROC30  3 0.0009 0.0042 0.0028 0.0058 0.0063 0.0028 0.0016 0.0031 0.8122 0.0029 0.0362 0.0272 0.0039 0.0032 0.0104 0.0175 0.0089 0.0047 0.0070 0.0213 0.0029 0.0141 
      CROC31  3 0.0040 0.0037 0.0013 0.0037 0.0457 0.0025 0.0019 0.0126 0.7994 0.0029 0.0039 0.0034 0.0027 0.0024 0.0240 0.0181 0.0028 0.0042 0.0072 0.0391 0.0034 0.0109 
      CROC32  3 0.0008 0.0010 0.0007 0.0106 0.0033 0.0012 0.0019 0.0032 0.9184 0.0014 0.0039 0.0049 0.0016 0.0011 0.0053 0.0127 0.0038 0.0019 0.0066 0.0044 0.0028 0.0084 
      CROC33  3 0.0010 0.0007 0.0011 0.0009 0.0031 0.0021 0.0016 0.0020 0.8768 0.0032 0.0191 0.0031 0.0022 0.0074 0.0126 0.0152 0.0042 0.0153 0.0086 0.0051 0.0016 0.0127 
      CROC34  3 0.0012 0.0013 0.0011 0.0010 0.0027 0.0016 0.0018 0.0020 0.9198 0.0018 0.0032 0.0079 0.0025 0.0018 0.0061 0.0073 0.0027 0.0033 0.0103 0.0071 0.0035 0.0101 
      CROC35  3 0.0011 0.0009 0.0006 0.0015 0.0110 0.0015 0.0010 0.0016 0.8885 0.0011 0.0037 0.0030 0.0019 0.0018 0.0121 0.0477 0.0014 0.0017 0.0044 0.0039 0.0023 0.0072 
      CROC36  3 0.0008 0.0008 0.0008 0.0027 0.0078 0.0015 0.0017 0.0046 0.9201 0.0025 0.0031 0.0045 0.0035 0.0019 0.0048 0.0106 0.0020 0.0024 0.0068 0.0036 0.0035 0.0100 
      CROC57  3 0.0008 0.0008 0.0009 0.0012 0.0024 0.0015 0.0017 0.0027 0.9319 0.0020 0.0029 0.0044 0.0020 0.0017 0.0038 0.0090 0.0020 0.0029 0.0071 0.0041 0.0051 0.0094 
      CROC81  3 0.0009 0.0008 0.0012 0.0071 0.0041 0.0015 0.0023 0.0035 0.8570 0.0026 0.0048 0.0127 0.0034 0.0021 0.0052 0.0140 0.0061 0.0088 0.0066 0.0059 0.0029 0.0467 
      CROC84  3 0.0006 0.0011 0.0006 0.0032 0.0095 0.0010 0.0039 0.0019 0.9207 0.0027 0.0018 0.0027 0.0015 0.0013 0.0067 0.0072 0.0013 0.0017 0.0045 0.0052 0.0020 0.0190 
        FW01  3 0.0006 0.0007 0.0007 0.9420 0.0014 0.0011 0.0015 0.0020 0.0032 0.0013 0.0018 0.0037 0.0017 0.0014 0.0032 0.0088 0.0021 0.0021 0.0061 0.0031 0.0022 0.0094 
        FW02  3 0.0006 0.0006 0.0006 0.0009 0.9544 0.0009 0.0011 0.0017 0.0032 0.0012 0.0016 0.0028 0.0017 0.0011 0.0028 0.0065 0.0016 0.0016 0.0048 0.0025 0.0019 0.0062 
        FW03  3 0.0005 0.0005 0.0006 0.9525 0.0013 0.0009 0.0011 0.0017 0.0027 0.0014 0.0017 0.0029 0.0015 0.0011 0.0030 0.0066 0.0016 0.0017 0.0049 0.0026 0.0018 0.0073 
        FW04  3 0.0006 0.0005 0.0006 0.0009 0.9541 0.0009 0.0011 0.0017 0.0032 0.0012 0.0016 0.0029 0.0017 0.0011 0.0029 0.0064 0.0016 0.0016 0.0048 0.0026 0.0019 0.0063 
        FW05  3 0.0006 0.0005 0.0006 0.0008 0.9540 0.0009 0.0011 0.0017 0.0033 0.0012 0.0016 0.0028 0.0017 0.0011 0.0029 0.0065 0.0016 0.0016 0.0048 0.0025 0.0019 0.0063 
        FW06  3 0.0006 0.0005 0.0006 0.0009 0.9537 0.0009 0.0011 0.0017 0.0034 0.0012 0.0016 0.0029 0.0017 0.0011 0.0029 0.0065 0.0016 0.0016 0.0048 0.0025 0.0019 0.0063 
        FW07  3 0.0005 0.0006 0.0006 0.9523 0.0013 0.0009 0.0011 0.0016 0.0027 0.0014 0.0017 0.0029 0.0015 0.0011 0.0030 0.0066 0.0016 0.0017 0.0049 0.0026 0.0018 0.0074 
        FW08  3 0.0006 0.0005 0.0006 0.0008 0.9540 0.0009 0.0011 0.0017 0.0033 0.0012 0.0016 0.0029 0.0017 0.0011 0.0029 0.0065 0.0016 0.0016 0.0048 0.0025 0.0019 0.0063 
        FW09  3 0.0006 0.0006 0.0006 0.0009 0.9541 0.0009 0.0011 0.0017 0.0032 0.0012 0.0016 0.0029 0.0017 0.0011 0.0028 0.0064 0.0016 0.0016 0.0048 0.0025 0.0019 0.0063 
        FW10  3 0.0005 0.0006 0.0006 0.9520 0.0013 0.0009 0.0011 0.0017 0.0026 0.0014 0.0016 0.0030 0.0016 0.0012 0.0031 0.0068 0.0016 0.0017 0.0050 0.0026 0.0018 0.0075 
       FW100  3 0.0006 0.0006 0.0006 0.9517 0.0015 0.0009 0.0011 0.0017 0.0028 0.0013 0.0016 0.0029 0.0015 0.0011 0.0031 0.0067 0.0017 0.0018 0.0049 0.0026 0.0018 0.0074 
       FW101  3 0.0005 0.0006 0.0006 0.9521 0.0013 0.0009 0.0011 0.0017 0.0026 0.0014 0.0016 0.0029 0.0015 0.0011 0.0031 0.0067 0.0017 0.0018 0.0050 0.0026 0.0018 0.0074 
       FW102  3 0.0006 0.0006 0.0006 0.0008 0.9542 0.0009 0.0011 0.0017 0.0033 0.0012 0.0016 0.0028 0.0017 0.0011 0.0029 0.0065 0.0015 0.0016 0.0048 0.0025 0.0020 0.0062 
       FW103  3 0.0006 0.0005 0.0006 0.0008 0.9541 0.0009 0.0011 0.0017 0.0033 0.0012 0.0016 0.0029 0.0017 0.0011 0.0029 0.0065 0.0016 0.0016 0.0048 0.0025 0.0019 0.0063 
       FW104  3 0.0006 0.0007 0.0007 0.9421 0.0014 0.0011 0.0015 0.0020 0.0033 0.0013 0.0017 0.0037 0.0017 0.0014 0.0032 0.0088 0.0020 0.0021 0.0061 0.0032 0.0022 0.0092 
       FW105  3 0.0005 0.0006 0.0006 0.9522 0.0014 0.0009 0.0011 0.0017 0.0027 0.0014 0.0016 0.0029 0.0015 0.0011 0.0030 0.0067 0.0017 0.0017 0.0049 0.0026 0.0018 0.0074 
       FW106  3 0.0022 0.0013 0.0012 0.0032 0.0788 0.0057 0.0020 0.0041 0.7334 0.0075 0.0032 0.0065 0.0328 0.0295 0.0126 0.0154 0.0173 0.0033 0.0131 0.0056 0.0026 0.0188 
       FW107  3 0.0006 0.0007 0.0007 0.9420 0.0014 0.0011 0.0015 0.0020 0.0033 0.0013 0.0018 0.0037 0.0017 0.0014 0.0032 0.0088 0.0021 0.0020 0.0062 0.0032 0.0022 0.0093 
       FW108  3 0.0006 0.0005 0.0006 0.0008 0.9539 0.0009 0.0011 0.0017 0.0034 0.0012 0.0016 0.0028 0.0017 0.0011 0.0030 0.0065 0.0016 0.0016 0.0048 0.0025 0.0019 0.0063 
       FW109  3 0.0006 0.0006 0.0006 0.9520 0.0013 0.0009 0.0011 0.0017 0.0026 0.0014 0.0016 0.0030 0.0015 0.0011 0.0031 0.0067 0.0016 0.0017 0.0050 0.0027 0.0018 0.0075 
        FW11  3 0.0005 0.0006 0.0006 0.9517 0.0015 0.0009 0.0011 0.0017 0.0028 0.0013 0.0017 0.0029 0.0015 0.0012 0.0031 0.0066 0.0017 0.0018 0.0049 0.0026 0.0018 0.0074 
       FW110  3 0.0005 0.0006 0.0005 0.9524 0.0013 0.0009 0.0011 0.0016 0.0026 0.0014 0.0017 0.0030 0.0015 0.0011 0.0030 0.0066 0.0017 0.0017 0.0050 0.0026 0.0018 0.0074 
       FW111  3 0.0006 0.0005 0.0006 0.0008 0.9542 0.0009 0.0011 0.0017 0.0032 0.0012 0.0016 0.0029 0.0017 0.0011 0.0029 0.0065 0.0015 0.0016 0.0048 0.0025 0.0019 0.0063 
       FW112  3 0.0005 0.0006 0.0006 0.9518 0.0015 0.0009 0.0011 0.0017 0.0029 0.0013 0.0016 0.0029 0.0015 0.0011 0.0031 0.0066 0.0017 0.0017 0.0049 0.0027 0.0017 0.0074 
       FW113  3 0.0006 0.0005 0.0006 0.0008 0.9543 0.0009 0.0011 0.0017 0.0032 0.0012 0.0016 0.0028 0.0017 0.0011 0.0028 0.0064 0.0016 0.0016 0.0048 0.0025 0.0019 0.0062 
       FW114  3 0.0013 0.0006 0.0007 0.9455 0.0014 0.0011 0.0012 0.0020 0.0030 0.0015 0.0022 0.0029 0.0017 0.0013 0.0054 0.0073 0.0017 0.0017 0.0050 0.0031 0.0017 0.0075 
       FW115  3 0.0005 0.0006 0.0006 0.9521 0.0013 0.0009 0.0011 0.0017 0.0026 0.0014 0.0016 0.0029 0.0015 0.0011 0.0030 0.0067 0.0016 0.0018 0.0049 0.0026 0.0018 0.0074 
       FW116  3 0.0006 0.0005 0.0006 0.0008 0.9543 0.0009 0.0011 0.0017 0.0032 0.0012 0.0016 0.0029 0.0017 0.0011 0.0028 0.0065 0.0016 0.0016 0.0047 0.0025 0.0019 0.0062 
        FW12  3 0.0006 0.0005 0.0006 0.0008 0.9541 0.0009 0.0011 0.0017 0.0033 0.0012 0.0016 0.0029 0.0017 0.0011 0.0028 0.0064 0.0016 0.0016 0.0048 0.0025 0.0019 0.0063 
        FW13  3 0.0006 0.0006 0.0006 0.0008 0.9539 0.0009 0.0010 0.0017 0.0034 0.0012 0.0016 0.0029 0.0017 0.0011 0.0029 0.0064 0.0016 0.0016 0.0048 0.0025 0.0019 0.0063 
        FW14  3 0.0006 0.0007 0.0007 0.9421 0.0014 0.0010 0.0015 0.0020 0.0032 0.0013 0.0017 0.0037 0.0017 0.0014 0.0032 0.0088 0.0021 0.0021 0.0062 0.0031 0.0022 0.0093 
        FW15  3 0.0006 0.0007 0.0007 0.9418 0.0014 0.0011 0.0015 0.0020 0.0032 0.0013 0.0018 0.0037 0.0017 0.0014 0.0032 0.0089 0.0021 0.0021 0.0061 0.0032 0.0022 0.0094 
        FW16  3 0.0006 0.0006 0.0006 0.9521 0.0014 0.0009 0.0011 0.0017 0.0027 0.0014 0.0016 0.0029 0.0016 0.0011 0.0030 0.0067 0.0016 0.0017 0.0050 0.0026 0.0018 0.0074 
        FW17  3 0.0005 0.0006 0.0006 0.9522 0.0013 0.0009 0.0011 0.0017 0.0027 0.0014 0.0016 0.0029 0.0015 0.0011 0.0030 0.0067 0.0016 0.0017 0.0050 0.0026 0.0018 0.0074 
        FW18  3 0.0005 0.0006 0.0006 0.9518 0.0015 0.0009 0.0011 0.0017 0.0028 0.0013 0.0016 0.0029 0.0016 0.0011 0.0031 0.0066 0.0016 0.0018 0.0050 0.0027 0.0018 0.0074 
        FW19  3 0.0006 0.0005 0.0006 0.0009 0.9541 0.0009 0.0011 0.0017 0.0032 0.0012 0.0015 0.0028 0.0017 0.0011 0.0029 0.0065 0.0016 0.0016 0.0048 0.0025 0.0019 0.0063 
        FW20  3 0.0006 0.0006 0.0006 0.0009 0.9540 0.0009 0.0011 0.0017 0.0033 0.0012 0.0016 0.0028 0.0017 0.0011 0.0028 0.0065 0.0016 0.0016 0.0048 0.0025 0.0019 0.0062 
        FW21  3 0.0006 0.0006 0.0006 0.0008 0.9542 0.0009 0.0011 0.0017 0.0032 0.0012 0.0016 0.0029 0.0017 0.0011 0.0028 0.0064 0.0016 0.0016 0.0048 0.0025 0.0019 0.0062 
        FW22  3 0.0005 0.0006 0.0006 0.9517 0.0015 0.0009 0.0011 0.0017 0.0028 0.0013 0.0016 0.0030 0.0015 0.0011 0.0031 0.0067 0.0016 0.0018 0.0049 0.0027 0.0018 0.0075 
        FW23  3 0.0006 0.0005 0.0006 0.0008 0.9541 0.0009 0.0011 0.0017 0.0033 0.0012 0.0016 0.0028 0.0017 0.0011 0.0029 0.0065 0.0016 0.0016 0.0048 0.0025 0.0019 0.0063 
        FW24  3 0.0006 0.0006 0.0006 0.0009 0.9541 0.0009 0.0011 0.0017 0.0032 0.0012 0.0016 0.0028 0.0017 0.0011 0.0029 0.0065 0.0015 0.0016 0.0048 0.0025 0.0019 0.0063 
        FW25  3 0.0006 0.0005 0.0006 0.0008 0.9541 0.0009 0.0011 0.0017 0.0033 0.0012 0.0016 0.0029 0.0017 0.0011 0.0028 0.0065 0.0016 0.0016 0.0048 0.0025 0.0019 0.0063 
        FW26  3 0.0006 0.0006 0.0006 0.0008 0.9541 0.0009 0.0011 0.0017 0.0032 0.0012 0.0016 0.0028 0.0017 0.0011 0.0029 0.0065 0.0016 0.0016 0.0048 0.0025 0.0019 0.0062 
        FW27  3 0.0005 0.0006 0.0006 0.9522 0.0013 0.0009 0.0011 0.0017 0.0027 0.0014 0.0016 0.0029 0.0015 0.0011 0.0030 0.0067 0.0016 0.0017 0.0050 0.0026 0.0018 0.0074 
        FW28  3 0.0006 0.0005 0.0006 0.0008 0.9539 0.0009 0.0011 0.0017 0.0033 0.0012 0.0016 0.0029 0.0017 0.0011 0.0029 0.0065 0.0016 0.0016 0.0048 0.0025 0.0019 0.0062 
        FW29  3 0.0006 0.0006 0.0006 0.0008 0.9541 0.0009 0.0011 0.0017 0.0032 0.0012 0.0016 0.0029 0.0017 0.0011 0.0029 0.0065 0.0016 0.0016 0.0048 0.0025 0.0019 0.0063 
        FW30  3 0.0023 0.0013 0.0011 0.0034 0.0792 0.0057 0.0021 0.0041 0.7330 0.0076 0.0031 0.0064 0.0317 0.0299 0.0126 0.0155 0.0175 0.0033 0.0129 0.0057 0.0026 0.0191 
        FW32  3 0.0006 0.0007 0.0007 0.9418 0.0014 0.0011 0.0015 0.0020 0.0032 0.0013 0.0018 0.0038 0.0017 0.0014 0.0032 0.0090 0.0021 0.0021 0.0061 0.0031 0.0022 0.0093 
        FW33  3 0.0014 0.0006 0.0006 0.0009 0.9339 0.0010 0.0011 0.0081 0.0083 0.0012 0.0022 0.0029 0.0077 0.0011 0.0039 0.0065 0.0016 0.0016 0.0048 0.0025 0.0019 0.0062 
        FW34  3 0.0006 0.0005 0.0006 0.0008 0.9541 0.0009 0.0011 0.0017 0.0033 0.0012 0.0016 0.0029 0.0017 0.0011 0.0029 0.0065 0.0016 0.0016 0.0048 0.0025 0.0019 0.0063 
        FW35  3 0.0006 0.0005 0.0006 0.0009 0.9543 0.0009 0.0011 0.0017 0.0032 0.0012 0.0016 0.0029 0.0017 0.0011 0.0029 0.0064 0.0016 0.0016 0.0048 0.0025 0.0019 0.0063 
        FW36  3 0.0006 0.0005 0.0006 0.0008 0.9540 0.0009 0.0011 0.0017 0.0032 0.0012 0.0016 0.0029 0.0017 0.0011 0.0029 0.0065 0.0016 0.0016 0.0048 0.0025 0.0019 0.0063 
        FW37  3 0.0005 0.0006 0.0006 0.9522 0.0014 0.0009 0.0011 0.0018 0.0026 0.0014 0.0016 0.0029 0.0015 0.0011 0.0031 0.0066 0.0017 0.0018 0.0050 0.0026 0.0018 0.0074 
        FW51  3 0.0006 0.0005 0.0006 0.0009 0.9540 0.0009 0.0011 0.0017 0.0032 0.0012 0.0016 0.0029 0.0017 0.0011 0.0029 0.0065 0.0016 0.0016 0.0048 0.0025 0.0019 0.0062 
        FW52  3 0.0005 0.0006 0.0006 0.9520 0.0013 0.0009 0.0011 0.0018 0.0027 0.0014 0.0016 0.0030 0.0016 0.0011 0.0031 0.0067 0.0016 0.0018 0.0050 0.0026 0.0018 0.0074 
        FW53  3 0.0006 0.0005 0.0006 0.0009 0.9541 0.0009 0.0011 0.0017 0.0033 0.0012 0.0016 0.0028 0.0017 0.0011 0.0029 0.0065 0.0016 0.0016 0.0048 0.0025 0.0019 0.0062 
        FW54  3 0.0005 0.0005 0.0006 0.9523 0.0013 0.0009 0.0011 0.0017 0.0026 0.0014 0.0017 0.0030 0.0015 0.0011 0.0030 0.0066 0.0016 0.0017 0.0049 0.0027 0.0018 0.0075 
        FW55  3 0.0006 0.0006 0.0006 0.0009 0.9541 0.0009 0.0011 0.0017 0.0033 0.0012 0.0016 0.0028 0.0017 0.0011 0.0028 0.0065 0.0016 0.0016 0.0048 0.0025 0.0019 0.0063 
        FW56  3 0.0006 0.0005 0.0006 0.0008 0.9541 0.0009 0.0011 0.0017 0.0033 0.0012 0.0016 0.0028 0.0017 0.0011 0.0029 0.0064 0.0016 0.0016 0.0048 0.0025 0.0019 0.0062 
        FW57  3 0.0006 0.0005 0.0006 0.0008 0.9543 0.0009 0.0011 0.0017 0.0032 0.0012 0.0016 0.0029 0.0017 0.0011 0.0028 0.0064 0.0016 0.0016 0.0048 0.0025 0.0019 0.0062 
        FW78  3 0.0006 0.0006 0.0006 0.0009 0.9539 0.0009 0.0011 0.0017 0.0033 0.0012 0.0016 0.0029 0.0017 0.0011 0.0028 0.0065 0.0016 0.0016 0.0049 0.0025 0.0019 0.0063 
        FW79  3 0.0006 0.0006 0.0006 0.0008 0.9539 0.0009 0.0011 0.0017 0.0033 0.0012 0.0016 0.0028 0.0017 0.0011 0.0029 0.0065 0.0016 0.0016 0.0048 0.0025 0.0019 0.0063 
        FW80  3 0.0006 0.0005 0.0006 0.0009 0.9540 0.0009 0.0011 0.0017 0.0032 0.0012 0.0016 0.0029 0.0017 0.0011 0.0029 0.0065 0.0016 0.0016 0.0048 0.0025 0.0019 0.0063 
        FW81  3 0.0005 0.0006 0.0006 0.9523 0.0014 0.0009 0.0011 0.0016 0.0027 0.0014 0.0017 0.0029 0.0016 0.0012 0.0030 0.0066 0.0016 0.0017 0.0050 0.0026 0.0018 0.0074 
        FW82  3 0.0005 0.0006 0.0006 0.9522 0.0013 0.0009 0.0011 0.0017 0.0027 0.0014 0.0016 0.0029 0.0015 0.0011 0.0030 0.0067 0.0017 0.0018 0.0049 0.0026 0.0018 0.0074 
        FW83  3 0.0006 0.0007 0.0007 0.9419 0.0014 0.0011 0.0015 0.0020 0.0032 0.0013 0.0017 0.0037 0.0017 0.0014 0.0032 0.0088 0.0021 0.0021 0.0062 0.0032 0.0022 0.0093 
        FW84  3 0.0006 0.0006 0.0006 0.0009 0.9541 0.0009 0.0011 0.0017 0.0032 0.0012 0.0016 0.0028 0.0017 0.0011 0.0029 0.0065 0.0016 0.0016 0.0048 0.0025 0.0019 0.0063 
        FW85  3 0.0006 0.0006 0.0007 0.9123 0.0015 0.0009 0.0011 0.0017 0.0027 0.0138 0.0048 0.0030 0.0016 0.0011 0.0061 0.0145 0.0017 0.0017 0.0050 0.0026 0.0018 0.0201 
        FW86  3 0.0005 0.0006 0.0006 0.9517 0.0016 0.0009 0.0011 0.0017 0.0027 0.0013 0.0016 0.0030 0.0015 0.0011 0.0031 0.0067 0.0017 0.0018 0.0049 0.0027 0.0018 0.0075 
        FW87  3 0.0005 0.0006 0.0006 0.9519 0.0015 0.0009 0.0011 0.0017 0.0028 0.0013 0.0016 0.0029 0.0015 0.0011 0.0030 0.0066 0.0016 0.0018 0.0049 0.0026 0.0018 0.0074 
        FW88  3 0.0006 0.0005 0.0006 0.0009 0.9541 0.0009 0.0011 0.0017 0.0033 0.0012 0.0016 0.0029 0.0017 0.0011 0.0029 0.0064 0.0016 0.0016 0.0047 0.0025 0.0019 0.0063 
        FW89  3 0.0006 0.0005 0.0006 0.0009 0.9541 0.0009 0.0011 0.0017 0.0033 0.0012 0.0016 0.0029 0.0017 0.0011 0.0029 0.0065 0.0016 0.0016 0.0048 0.0025 0.0019 0.0063 
        FW90  3 0.0006 0.0005 0.0006 0.0009 0.9538 0.0009 0.0011 0.0017 0.0034 0.0012 0.0016 0.0029 0.0016 0.0011 0.0029 0.0065 0.0016 0.0016 0.0048 0.0025 0.0019 0.0062 
        FW91  3 0.0005 0.0006 0.0006 0.9521 0.0013 0.0009 0.0011 0.0017 0.0026 0.0014 0.0016 0.0029 0.0015 0.0011 0.0031 0.0067 0.0016 0.0018 0.0049 0.0026 0.0018 0.0074 
        FW92  3 0.0006 0.0006 0.0006 0.0009 0.9540 0.0009 0.0011 0.0017 0.0033 0.0012 0.0016 0.0029 0.0017 0.0011 0.0028 0.0065 0.0016 0.0016 0.0048 0.0025 0.0019 0.0062 
        FW93  3 0.0006 0.0006 0.0006 0.0008 0.9542 0.0009 0.0011 0.0017 0.0032 0.0012 0.0016 0.0029 0.0017 0.0011 0.0028 0.0065 0.0016 0.0016 0.0047 0.0025 0.0019 0.0063 
        FW94  3 0.0005 0.0006 0.0006 0.9521 0.0014 0.0009 0.0011 0.0017 0.0026 0.0014 0.0016 0.0029 0.0015 0.0011 0.0030 0.0067 0.0016 0.0017 0.0049 0.0026 0.0018 0.0074 
        FW95  3 0.0006 0.0005 0.0006 0.0009 0.9540 0.0009 0.0011 0.0017 0.0034 0.0012 0.0016 0.0029 0.0017 0.0011 0.0030 0.0065 0.0016 0.0016 0.0048 0.0025 0.0019 0.0062 
        FW96  3 0.0006 0.0005 0.0006 0.0009 0.9540 0.0009 0.0011 0.0017 0.0032 0.0012 0.0016 0.0029 0.0017 0.0011 0.0029 0.0065 0.0016 0.0016 0.0048 0.0025 0.0019 0.0063 
        FW97  3 0.0008 0.0020 0.0070 0.0101 0.0299 0.0023 0.0047 0.0024 0.7955 0.0021 0.0034 0.0622 0.0038 0.0022 0.0071 0.0110 0.0042 0.0043 0.0186 0.0057 0.0070 0.0137 
        FW98  3 0.0005 0.0005 0.0006 0.9524 0.0013 0.0009 0.0011 0.0016 0.0026 0.0014 0.0017 0.0029 0.0015 0.0012 0.0030 0.0066 0.0017 0.0017 0.0050 0.0026 0.0018 0.0075 
        FW99  3 0.0006 0.0006 0.0006 0.0009 0.9542 0.0009 0.0011 0.0017 0.0032 0.0012 0.0016 0.0029 0.0017 0.0011 0.0029 0.0065 0.0016 0.0016 0.0048 0.0025 0.0019 0.0062 
       Cal01  3 0.0009 0.0018 0.0082 0.0011 0.2172 0.0029 0.0030 0.0025 0.6971 0.0025 0.0025 0.0025 0.0019 0.0022 0.0065 0.0102 0.0015 0.0075 0.0072 0.0074 0.0031 0.0105 
       Cal02  3 0.0009 0.0012 0.0007 0.0026 0.0039 0.0018 0.0019 0.0039 0.9120 0.0021 0.0028 0.0046 0.0055 0.0019 0.0065 0.0143 0.0034 0.0022 0.0073 0.0051 0.0028 0.0125 
