        TC01  1 0.0017 0.0056 0.0012 0.0019 0.0012 0.0063 0.0029 0.0029 0.0043 0.0067 0.0229 0.0104 0.0107 0.0207 0.0042 0.0054 0.0304 0.0049 0.0236 0.0024 0.0117 0.0015 0.0128 0.0037 0.8003 
        TC02  1 0.0008 0.0021 0.0016 0.0012 0.0016 0.0033 0.0029 0.0035 0.0049 0.0044 0.0034 0.0162 0.0129 0.0222 0.0048 0.0084 0.0130 0.0014 0.0147 0.0052 0.0183 0.0022 0.0268 0.0049 0.8193 
        TC03  1 0.0018 0.0012 0.0012 0.0027 0.0017 0.0053 0.0027 0.0028 0.0032 0.0031 0.0031 0.0110 0.0210 0.0115 0.0020 0.0028 0.0147 0.0022 0.0147 0.0033 0.0101 0.0020 0.0248 0.0049 0.8464 
        TC04  1 0.0008 0.0017 0.0017 0.0016 0.0013 0.0074 0.0029 0.0097 0.0034 0.0042 0.0263 0.0329 0.0711 0.0219 0.0029 0.0144 0.0112 0.0022 0.0513 0.0058 0.0357 0.0011 0.0194 0.0130 0.6561 
        TC05  1 0.0071 0.0009 0.0040 0.0010 0.0014 0.0021 0.0018 0.0023 0.0022 0.0045 0.0042 0.0153 0.0180 0.0082 0.0018 0.0028 0.0075 0.0022 0.0204 0.0032 0.0291 0.0017 0.0377 0.0088 0.8119 
        TC06  1 0.0026 0.0010 0.0010 0.0009 0.0012 0.0043 0.0019 0.0079 0.0018 0.0123 0.0024 0.0308 0.1034 0.0135 0.0025 0.0045 0.0097 0.0020 0.0084 0.0021 0.0118 0.0025 0.0512 0.0043 0.7161 
        TC07  1 0.0012 0.0034 0.0110 0.0014 0.0021 0.0024 0.0016 0.0015 0.0021 0.0027 0.0026 0.0138 0.0218 0.0106 0.0037 0.0042 0.0071 0.0043 0.0252 0.0025 0.0445 0.0010 0.0166 0.0041 0.8084 
        TC08  1 0.0009 0.0011 0.0010 0.0007 0.0021 0.0018 0.0024 0.0087 0.0029 0.0082 0.0192 0.0150 0.0176 0.0083 0.0020 0.0034 0.0101 0.0035 0.0096 0.0031 0.0346 0.0014 0.0283 0.0032 0.8107 
        TC09  1 0.0009 0.0010 0.0048 0.0023 0.0010 0.0027 0.0020 0.0679 0.0064 0.0057 0.0063 0.0089 0.0384 0.0553 0.0045 0.0059 0.0062 0.0068 0.0081 0.0025 0.0127 0.0014 0.0289 0.0032 0.7164 
        TC10  1 0.0006 0.0032 0.0010 0.0078 0.0010 0.0021 0.0016 0.0020 0.0026 0.0066 0.0018 0.0269 0.0214 0.0292 0.0014 0.0025 0.0348 0.0017 0.0349 0.0022 0.0094 0.0013 0.0318 0.0034 0.7690 
        TC11  1 0.0080 0.0035 0.0011 0.0011 0.0020 0.0031 0.0016 0.0027 0.0024 0.0609 0.0025 0.0125 0.0094 0.0077 0.0015 0.0028 0.0138 0.0017 0.0091 0.0037 0.0086 0.0013 0.0084 0.0026 0.8279 
        TC12  1 0.0010 0.0024 0.0015 0.0030 0.0021 0.0082 0.0049 0.0031 0.0082 0.0031 0.0141 0.0211 0.0295 0.0119 0.0156 0.0073 0.0187 0.0016 0.0235 0.0022 0.0212 0.0029 0.0193 0.0039 0.7698 
        TC13  1 0.0011 0.0011 0.0009 0.0008 0.0011 0.0021 0.0030 0.0057 0.0024 0.0093 0.0028 0.0159 0.0190 0.0135 0.0017 0.0022 0.0116 0.0033 0.0108 0.0042 0.0094 0.0010 0.0128 0.0031 0.8612 
        TC14  1 0.0009 0.0016 0.0015 0.0012 0.0023 0.0039 0.0025 0.0043 0.0027 0.0051 0.0849 0.0192 0.1194 0.0542 0.0023 0.0026 0.0128 0.0028 0.0119 0.0056 0.0076 0.0013 0.0344 0.0029 0.6122 
        TC15  1 0.0026 0.0009 0.0022 0.0015 0.0013 0.0032 0.0035 0.0155 0.0030 0.0030 0.0058 0.0179 0.0731 0.0334 0.0029 0.0041 0.0138 0.0036 0.0135 0.0054 0.0084 0.0012 0.0346 0.0042 0.7414 
        TC16  1 0.0019 0.0012 0.0009 0.0010 0.0028 0.0042 0.0035 0.0470 0.0057 0.0045 0.0119 0.0208 0.0455 0.0891 0.0021 0.0047 0.0100 0.0020 0.0432 0.0039 0.0344 0.0026 0.0263 0.0060 0.6250 
        TC17  1 0.0051 0.0036 0.0012 0.0018 0.0038 0.0051 0.0074 0.0033 0.0046 0.0105 0.0062 0.0205 0.0470 0.1725 0.0059 0.0141 0.0196 0.0106 0.0181 0.0038 0.0648 0.0036 0.0217 0.0136 0.5316 
        TC18  1 0.0008 0.0021 0.0009 0.0020 0.0024 0.0103 0.0021 0.0042 0.0089 0.0423 0.0044 0.0183 0.0276 0.0107 0.0017 0.0030 0.0277 0.0014 0.0109 0.0023 0.0157 0.0029 0.0110 0.0851 0.7013 
        TC19  1 0.0007 0.0014 0.0008 0.0010 0.0013 0.0023 0.0021 0.0411 0.0022 0.0264 0.0020 0.0296 0.0121 0.0393 0.0020 0.0022 0.0133 0.0013 0.0085 0.0027 0.0209 0.0025 0.0107 0.0031 0.7706 
        TC20  1 0.0011 0.0011 0.0010 0.0008 0.0015 0.0080 0.0029 0.0087 0.0019 0.0039 0.0047 0.0174 0.0181 0.0196 0.0019 0.0023 0.0164 0.0024 0.0130 0.0035 0.0093 0.0010 0.0151 0.0150 0.8293 
        TC21  1 0.0033 0.0043 0.0016 0.0013 0.0034 0.0111 0.1086 0.0078 0.0037 0.0041 0.0031 0.0302 0.0205 0.0080 0.0027 0.0220 0.0118 0.0012 0.0226 0.0030 0.0570 0.0020 0.0103 0.0044 0.6521 
        TC22  1 0.0009 0.0014 0.0008 0.0009 0.0011 0.0020 0.0034 0.0063 0.0029 0.0123 0.0031 0.0919 0.0334 0.0071 0.0042 0.0023 0.0335 0.0023 0.0204 0.0064 0.0121 0.0033 0.0232 0.0036 0.7213 
        TC23  1 0.0008 0.0054 0.0018 0.0020 0.0016 0.0040 0.0018 0.0024 0.0024 0.0172 0.0056 0.0106 0.0245 0.0135 0.0013 0.0023 0.0181 0.0019 0.0285 0.0037 0.0178 0.0034 0.0203 0.0028 0.8063 
        TC24  1 0.0009 0.0008 0.0007 0.0013 0.0029 0.0016 0.0015 0.0029 0.0019 0.0038 0.0026 0.0096 0.0119 0.0110 0.0012 0.0023 0.0070 0.0014 0.0076 0.0024 0.0080 0.0012 0.0089 0.0104 0.8962 
        TC25  1 0.0009 0.0094 0.0008 0.0029 0.0018 0.0151 0.0051 0.0048 0.0021 0.0045 0.0030 0.0280 0.1400 0.0116 0.0040 0.0061 0.0084 0.0017 0.0182 0.0064 0.0104 0.0022 0.0158 0.0044 0.6925 
        TC26  1 0.0008 0.0009 0.0011 0.0011 0.0016 0.0020 0.0025 0.0031 0.0017 0.0035 0.0060 0.0108 0.0428 0.0289 0.0020 0.0060 0.0078 0.0018 0.0174 0.0026 0.0125 0.0018 0.0485 0.0032 0.7896 
        TC27  1 0.0032 0.0011 0.0010 0.0011 0.0019 0.0025 0.0032 0.0025 0.0041 0.0158 0.0047 0.0106 0.0642 0.0082 0.0017 0.0045 0.0838 0.0021 0.0103 0.0097 0.0597 0.0012 0.0140 0.0043 0.6844 
        TC28  1 0.0013 0.0015 0.0010 0.0014 0.0014 0.0028 0.0029 0.0021 0.0047 0.0035 0.0022 0.0311 0.0504 0.0184 0.0022 0.0049 0.0093 0.0017 0.0227 0.0060 0.0094 0.0011 0.0127 0.0057 0.7993 
        TC29  1 0.0022 0.0018 0.0010 0.0026 0.0047 0.0046 0.0024 0.0022 0.0023 0.0130 0.0095 0.0102 0.0986 0.0408 0.0026 0.0028 0.0070 0.0046 0.0124 0.0096 0.0137 0.0027 0.0110 0.0698 0.6678 
        TC30  1 0.0032 0.0012 0.0013 0.0014 0.0016 0.0022 0.0025 0.0085 0.0021 0.0301 0.0046 0.0369 0.0280 0.0239 0.0027 0.0038 0.0116 0.0017 0.0071 0.0022 0.0138 0.0020 0.0178 0.0041 0.7857 
        TC31  1 0.0009 0.0123 0.0019 0.0021 0.0024 0.0097 0.0025 0.0064 0.0121 0.0218 0.0054 0.0830 0.0141 0.0103 0.0017 0.0024 0.0265 0.0015 0.0157 0.0031 0.0151 0.0092 0.0120 0.0046 0.7233 
        TC32  1 0.0012 0.0015 0.0013 0.0009 0.0013 0.0028 0.0015 0.0036 0.0029 0.0143 0.0023 0.0572 0.1369 0.0149 0.0162 0.0129 0.0080 0.0028 0.0167 0.0059 0.0138 0.0011 0.0146 0.0062 0.6594 
        TC33  1 0.0011 0.0069 0.0027 0.0013 0.0040 0.0032 0.0025 0.0026 0.0062 0.0095 0.0047 0.0148 0.0230 0.0092 0.0023 0.0026 0.0141 0.0039 0.0157 0.0032 0.0091 0.0020 0.0200 0.0074 0.8279 
        TC34  1 0.0017 0.0012 0.0034 0.0012 0.0045 0.0029 0.0025 0.0103 0.0022 0.0138 0.0032 0.0145 0.1042 0.0135 0.0020 0.0034 0.0172 0.0027 0.0130 0.0021 0.0094 0.0028 0.0476 0.0038 0.7170 
        TC35  1 0.0019 0.0061 0.0020 0.0010 0.0014 0.0077 0.0027 0.0063 0.0036 0.0059 0.0059 0.0397 0.0181 0.0335 0.0017 0.0109 0.0247 0.0019 0.0127 0.0041 0.0197 0.0023 0.0113 0.0059 0.7689 
        TC36  1 0.0017 0.0013 0.0017 0.0021 0.0014 0.0027 0.0050 0.0045 0.0025 0.0067 0.0026 0.0148 0.0200 0.0164 0.0088 0.0209 0.0145 0.0019 0.0186 0.0040 0.0114 0.0013 0.0125 0.0065 0.8163 
        TC37  1 0.0031 0.0015 0.0027 0.0011 0.0037 0.0032 0.0024 0.0025 0.0030 0.0941 0.0064 0.0370 0.0078 0.0149 0.0029 0.0030 0.0117 0.0027 0.0175 0.0041 0.0108 0.0014 0.0183 0.0035 0.7407 
        TC38  1 0.0011 0.0023 0.0013 0.0016 0.0015 0.0292 0.0023 0.0635 0.0032 0.0141 0.0039 0.0101 0.0351 0.0548 0.0026 0.0047 0.0074 0.0013 0.0167 0.0022 0.0306 0.0029 0.0218 0.0066 0.6792 
        TC39  1 0.0014 0.0014 0.0010 0.0015 0.0016 0.0037 0.0037 0.0042 0.0022 0.0236 0.0051 0.0154 0.1154 0.0795 0.0018 0.0042 0.0084 0.0015 0.0119 0.0020 0.0099 0.0019 0.0691 0.0042 0.6255 
        TC40  1 0.0018 0.0015 0.0009 0.0030 0.0065 0.0030 0.0033 0.0033 0.0045 0.0066 0.0037 0.0353 0.0870 0.0196 0.0022 0.0034 0.0137 0.0032 0.0102 0.0047 0.0123 0.0026 0.0200 0.0056 0.7420 
        TC41  1 0.0014 0.0011 0.0011 0.0009 0.0012 0.0024 0.0016 0.0024 0.0074 0.0055 0.0027 0.0776 0.0138 0.0092 0.0018 0.0032 0.0083 0.0027 0.0229 0.0063 0.0096 0.0109 0.0162 0.0053 0.7845 
        TC42  1 0.0009 0.0008 0.0009 0.0013 0.0011 0.0018 0.0023 0.0034 0.0021 0.0089 0.0039 0.0087 0.0490 0.0169 0.0016 0.0028 0.0136 0.0018 0.0079 0.0033 0.0124 0.0012 0.0231 0.0062 0.8242 
        TC43  1 0.0011 0.0012 0.0017 0.0012 0.0015 0.0033 0.0020 0.0027 0.0031 0.0070 0.0041 0.0279 0.0535 0.0141 0.0021 0.0023 0.0118 0.0018 0.0140 0.0128 0.0139 0.0014 0.0168 0.0030 0.7959 
        TC44  1 0.0011 0.0023 0.0012 0.0020 0.0012 0.0026 0.0042 0.0133 0.0031 0.0038 0.0055 0.0132 0.0317 0.0735 0.0032 0.0034 0.0226 0.0020 0.0159 0.0035 0.0127 0.0016 0.0265 0.0032 0.7470 
        TC45  1 0.0011 0.0012 0.0019 0.0010 0.0009 0.0117 0.0054 0.0021 0.0019 0.0621 0.0228 0.0171 0.0083 0.0229 0.0012 0.0028 0.0072 0.0014 0.0170 0.0025 0.0155 0.0014 0.0477 0.0035 0.7394 
        TC46  1 0.0011 0.0011 0.0023 0.0015 0.0014 0.0052 0.0031 0.0027 0.0021 0.0053 0.0032 0.0211 0.0145 0.0160 0.0029 0.0046 0.0187 0.0013 0.0424 0.0039 0.0150 0.0032 0.0146 0.0044 0.8083 
        TC47  1 0.0012 0.0019 0.0010 0.0008 0.0012 0.0025 0.0019 0.0132 0.0031 0.0040 0.0023 0.0147 0.0243 0.0258 0.0018 0.0036 0.0352 0.0017 0.0173 0.0027 0.0086 0.0017 0.0121 0.0032 0.8142 
        TC48  1 0.0014 0.0012 0.0013 0.0010 0.0129 0.0060 0.0026 0.0025 0.0037 0.0040 0.0247 0.0221 0.0304 0.0203 0.0095 0.0071 0.0194 0.0026 0.0141 0.0042 0.0104 0.0014 0.0599 0.0110 0.7264 
        TC49  1 0.0015 0.0017 0.0013 0.0007 0.0015 0.0030 0.0070 0.0021 0.0031 0.0131 0.0185 0.0365 0.0169 0.0117 0.0066 0.0034 0.0130 0.0021 0.0141 0.0095 0.0110 0.0012 0.0173 0.0095 0.7936 
        TC50  1 0.0028 0.0016 0.0012 0.0019 0.0030 0.0045 0.0023 0.0060 0.0037 0.0044 0.0035 0.0397 0.0123 0.0117 0.0017 0.0068 0.0307 0.0039 0.0089 0.0119 0.0088 0.0029 0.0262 0.0042 0.7952 
        TC51  1 0.0010 0.0028 0.0012 0.0014 0.0013 0.0038 0.0042 0.0149 0.0032 0.0021 0.0067 0.0197 0.0644 0.0086 0.0155 0.0034 0.0131 0.0018 0.0125 0.0064 0.0107 0.0018 0.0145 0.0058 0.7793 
        TC52  1 0.0009 0.0008 0.0012 0.0059 0.0017 0.0065 0.0037 0.0036 0.0065 0.0082 0.0052 0.0095 0.0235 0.0093 0.0015 0.0027 0.0070 0.0016 0.0545 0.0032 0.0176 0.0013 0.0232 0.0026 0.7981 
        TC53  1 0.0014 0.0007 0.0013 0.0010 0.0013 0.0018 0.0086 0.0036 0.0019 0.0063 0.0030 0.0133 0.0395 0.0269 0.0128 0.0047 0.0255 0.0036 0.0084 0.0024 0.0231 0.0086 0.0177 0.0026 0.7801 
        TC54  1 0.0037 0.0017 0.0028 0.0014 0.0280 0.0040 0.0068 0.0041 0.0039 0.0074 0.0031 0.0138 0.0459 0.0163 0.0019 0.0120 0.0191 0.0030 0.0173 0.0305 0.0115 0.0015 0.0470 0.0065 0.7065 
        TC55  1 0.0013 0.0015 0.0011 0.0026 0.0024 0.0032 0.0029 0.0023 0.0044 0.0052 0.0028 0.0501 0.0408 0.0315 0.0032 0.0094 0.0134 0.0016 0.0185 0.0060 0.0106 0.0010 0.0492 0.0043 0.7306 
        TC56  1 0.0025 0.0021 0.0024 0.0012 0.0061 0.0087 0.0023 0.0022 0.0036 0.0100 0.0113 0.0239 0.0350 0.0197 0.0033 0.0028 0.0161 0.0032 0.0092 0.0369 0.0197 0.0024 0.0348 0.0042 0.7364 
        TC57  1 0.0040 0.0015 0.0026 0.0011 0.0019 0.0022 0.0034 0.0036 0.0028 0.0076 0.0143 0.0265 0.0124 0.0455 0.0021 0.0083 0.0301 0.0034 0.0106 0.0062 0.0124 0.0022 0.0230 0.0049 0.7673 
        TC58  1 0.0009 0.0110 0.0020 0.0010 0.0012 0.0024 0.0022 0.0034 0.0035 0.0063 0.0029 0.0148 0.0152 0.0191 0.0019 0.0049 0.0190 0.0014 0.0236 0.0028 0.0080 0.0020 0.0372 0.0044 0.8090 
        TC59  1 0.0007 0.0016 0.0008 0.0008 0.0015 0.0017 0.0029 0.0025 0.0019 0.0027 0.0029 0.0109 0.0242 0.0096 0.0016 0.0078 0.0113 0.0027 0.0104 0.0018 0.0078 0.0014 0.0128 0.0033 0.8742 
        TA01  2 0.0008 0.0014 0.0009 0.0008 0.0019 0.0023 0.0017 0.0113 0.0021 0.0061 0.0037 0.0112 0.0228 0.0420 0.0014 0.0139 0.0128 0.0061 0.0069 0.0083 0.0110 0.0021 0.0574 0.0045 0.7667 
        TA02  2 0.0010 0.0009 0.0022 0.0025 0.0042 0.0038 0.0022 0.0031 0.0041 0.0072 0.0027 0.0218 0.0137 0.0232 0.0020 0.0047 0.0079 0.0023 0.0148 0.0079 0.0105 0.0016 0.0109 0.0336 0.8114 
        TA03  2 0.0013 0.0014 0.0022 0.0014 0.0029 0.0027 0.0029 0.0228 0.0024 0.0061 0.0062 0.0274 0.0170 0.0691 0.0019 0.0034 0.0432 0.0034 0.0130 0.0035 0.0099 0.0021 0.0302 0.0089 0.7150 
        TA04  2 0.0022 0.0010 0.0020 0.0011 0.0012 0.0021 0.0028 0.1301 0.0025 0.0033 0.0025 0.0241 0.0781 0.1103 0.0028 0.0022 0.0173 0.0024 0.0189 0.0028 0.0055 0.0014 0.0135 0.0028 0.5670 
        TA05  2 0.0016 0.0013 0.0013 0.0009 0.0021 0.0036 0.0021 0.0112 0.0030 0.0038 0.0033 0.0135 0.0109 0.0155 0.0020 0.0031 0.0122 0.0023 0.0163 0.0025 0.0216 0.0012 0.0344 0.0061 0.8243 
        TA06  2 0.0006 0.0016 0.0006 0.0012 0.0011 0.0021 0.0013 0.0066 0.0019 0.0057 0.0017 0.0177 0.0314 0.0217 0.0012 0.0035 0.0100 0.0028 0.0152 0.0061 0.0072 0.0012 0.0201 0.0026 0.8350 
        TA07  2 0.0011 0.0023 0.0029 0.0016 0.0030 0.0027 0.0055 0.0053 0.0033 0.0019 0.0027 0.0128 0.0121 0.2383 0.0033 0.0211 0.0109 0.0020 0.0108 0.0023 0.0511 0.0024 0.0289 0.0037 0.5680 
        TA08  2 0.0010 0.0010 0.0012 0.0008 0.0012 0.0040 0.0023 0.0065 0.0019 0.0019 0.0043 0.0107 0.0392 0.0287 0.0018 0.0020 0.0552 0.0017 0.0064 0.0140 0.0058 0.0012 0.0149 0.0024 0.7897 
        TA09  2 0.0009 0.0009 0.0012 0.0016 0.0013 0.0018 0.0014 0.0133 0.0019 0.0144 0.0020 0.0100 0.0216 0.0350 0.0042 0.0022 0.0108 0.0028 0.0247 0.0033 0.0090 0.0014 0.0124 0.0038 0.8183 
        TA10  2 0.0016 0.0280 0.0011 0.0009 0.0015 0.0025 0.0044 0.0042 0.0025 0.0030 0.0053 0.0139 0.0180 0.0303 0.0030 0.0067 0.0123 0.0042 0.0109 0.0036 0.0107 0.0022 0.0210 0.0480 0.7601 
        TA11  2 0.0009 0.0120 0.0014 0.0010 0.0016 0.0046 0.0068 0.0110 0.0076 0.0042 0.0052 0.0359 0.0172 0.0820 0.0033 0.0027 0.0269 0.0018 0.0222 0.0032 0.0085 0.0127 0.0364 0.0113 0.6798 
        TA12  2 0.0011 0.0015 0.0009 0.0007 0.0019 0.0023 0.0017 0.0033 0.0102 0.0041 0.0035 0.0186 0.0109 0.0309 0.0021 0.0030 0.0139 0.0020 0.0115 0.0029 0.0101 0.0016 0.0399 0.1230 0.6985 
        TA13  2 0.0016 0.0021 0.0013 0.0017 0.0024 0.0027 0.0031 0.0377 0.0080 0.0030 0.0050 0.0158 0.0690 0.0125 0.1040 0.0026 0.0116 0.0021 0.0112 0.0051 0.0113 0.0021 0.0739 0.0118 0.5983 
        TA14  2 0.0006 0.0007 0.0011 0.0024 0.0017 0.0016 0.0017 0.0043 0.0021 0.0046 0.0025 0.0149 0.0327 0.0761 0.0020 0.0021 0.0073 0.0017 0.0086 0.0063 0.0119 0.0009 0.0336 0.0032 0.7755 
        TA15  2 0.0011 0.0012 0.0049 0.0010 0.0014 0.0016 0.0053 0.0027 0.0021 0.0041 0.0360 0.0172 0.0362 0.0174 0.0013 0.0023 0.0083 0.0020 0.0081 0.0040 0.0083 0.0012 0.0600 0.0026 0.7699 
        TA16  2 0.0014 0.0141 0.0082 0.0012 0.0013 0.0022 0.0023 0.0207 0.0064 0.0043 0.0090 0.0119 0.0627 0.0528 0.0065 0.0128 0.0134 0.0036 0.0123 0.0047 0.0100 0.0009 0.0246 0.0145 0.6982 
        TA17  2 0.0011 0.0010 0.0025 0.0010 0.0022 0.0019 0.0023 0.0026 0.0022 0.0024 0.0027 0.0193 0.0238 0.0089 0.0021 0.0030 0.0280 0.0101 0.0178 0.0028 0.0128 0.0013 0.0381 0.0129 0.7971 
        TA18  2 0.0009 0.0039 0.0027 0.0007 0.0012 0.0018 0.0021 0.0064 0.0023 0.0062 0.0024 0.1032 0.0159 0.0079 0.0017 0.0027 0.0114 0.0271 0.0268 0.0028 0.0102 0.0019 0.0140 0.0033 0.7403 
        TA19  2 0.0011 0.0035 0.0011 0.0010 0.0017 0.0022 0.0019 0.0291 0.0030 0.0061 0.0032 0.0577 0.0257 0.0169 0.0023 0.0029 0.0895 0.0021 0.0176 0.0035 0.0097 0.0023 0.0128 0.0077 0.6953 
        TA20  2 0.0017 0.0010 0.0020 0.0009 0.0039 0.0023 0.0018 0.0023 0.0030 0.0019 0.0021 0.0126 0.0193 0.0206 0.0016 0.0061 0.0094 0.0021 0.0070 0.0023 0.0086 0.0031 0.0190 0.1655 0.7002 
        TA21  2 0.0087 0.0013 0.0020 0.0010 0.0050 0.0027 0.0025 0.0044 0.0048 0.0059 0.0039 0.0148 0.0226 0.0929 0.0045 0.0031 0.0113 0.0083 0.0136 0.0217 0.0098 0.0012 0.0260 0.0081 0.7198 
        TA22  2 0.0016 0.0008 0.0030 0.0009 0.0062 0.0022 0.0016 0.0022 0.0015 0.0241 0.0019 0.0336 0.0789 0.0108 0.0014 0.0060 0.0078 0.0030 0.0117 0.0038 0.0059 0.0031 0.0426 0.0040 0.7414 
        TA23  2 0.0009 0.0010 0.0013 0.0009 0.0018 0.0020 0.0021 0.0039 0.0020 0.0089 0.0022 0.0167 0.0829 0.0227 0.0018 0.0024 0.0098 0.0031 0.0095 0.0068 0.0059 0.0010 0.0172 0.0081 0.7849 
        TA24  2 0.0348 0.0010 0.0011 0.0020 0.0013 0.0023 0.0033 0.0056 0.0043 0.0028 0.0053 0.0171 0.0163 0.0092 0.0015 0.0129 0.0228 0.0026 0.0121 0.0049 0.0108 0.0024 0.0121 0.0038 0.8075 
        TA25  2 0.0023 0.1083 0.0018 0.0009 0.0010 0.0023 0.0044 0.0044 0.0028 0.0033 0.0030 0.0152 0.0243 0.0089 0.0046 0.0045 0.0141 0.0108 0.0088 0.0073 0.0126 0.0023 0.0138 0.0272 0.7113 
        TA26  2 0.0013 0.0031 0.0019 0.0009 0.0024 0.0072 0.0037 0.0119 0.0022 0.0066 0.0028 0.0175 0.0387 0.1087 0.0015 0.0024 0.0244 0.0016 0.0071 0.0034 0.0080 0.0030 0.0665 0.0045 0.6688 
        TA27  2 0.0008 0.0011 0.0013 0.0014 0.0023 0.0018 0.0026 0.0044 0.0023 0.0136 0.0025 0.0149 0.0166 0.0147 0.0020 0.0028 0.0146 0.0033 0.0085 0.0029 0.0068 0.0022 0.0591 0.0719 0.7455 
        TA28  2 0.0010 0.0010 0.0020 0.0024 0.0039 0.0082 0.0033 0.0057 0.0155 0.0113 0.0035 0.0256 0.0142 0.0410 0.0050 0.0052 0.0095 0.0023 0.0199 0.0054 0.0101 0.0033 0.0158 0.0091 0.7759 
        TA29  2 0.0008 0.0013 0.0015 0.0009 0.0012 0.0021 0.0027 0.0034 0.0049 0.0040 0.0023 0.0189 0.0684 0.0101 0.0018 0.0033 0.0285 0.0026 0.0113 0.0031 0.0085 0.0016 0.0608 0.0041 0.7519 
        TA30  2 0.0013 0.0012 0.0012 0.0011 0.0027 0.0031 0.0050 0.1034 0.0051 0.0061 0.0050 0.0135 0.0209 0.1855 0.0041 0.0023 0.0287 0.0021 0.0120 0.0062 0.0087 0.0014 0.0480 0.0049 0.5263 
      BERM01  3 0.0007 0.0009 0.0008 0.0007 0.0013 0.0016 0.0017 0.0948 0.0017 0.0022 0.0022 0.0119 0.8130 0.0101 0.0020 0.0018 0.0074 0.0017 0.0069 0.0024 0.0069 0.0009 0.0188 0.0040 0.0038 
      BERM02  3 0.0008 0.0008 0.0014 0.0007 0.0013 0.0021 0.0021 0.0085 0.0020 0.0034 0.0023 0.0239 0.8781 0.0169 0.0022 0.0021 0.0061 0.0014 0.0083 0.0024 0.0077 0.0010 0.0147 0.0026 0.0071 
      BERM03  3 0.0007 0.0010 0.0007 0.0007 0.0012 0.0018 0.0015 0.0024 0.0018 0.0020 0.0022 0.0101 0.9021 0.0096 0.0037 0.0026 0.0088 0.0014 0.0090 0.0019 0.0069 0.0014 0.0197 0.0037 0.0033 
      BERM04  3 0.0007 0.0011 0.0007 0.0008 0.0011 0.0021 0.0016 0.0065 0.0013 0.0016 0.0019 0.0091 0.8996 0.0110 0.0022 0.0021 0.0112 0.0014 0.0073 0.0019 0.0056 0.0010 0.0224 0.0028 0.0030 
      BERM05  3 0.0008 0.0012 0.0009 0.0011 0.0013 0.0026 0.0014 0.0107 0.0020 0.0019 0.0029 0.0088 0.8798 0.0106 0.0016 0.0032 0.0099 0.0024 0.0096 0.0025 0.0060 0.0020 0.0307 0.0034 0.0028 
      BERM06  3 0.0008 0.0008 0.0008 0.0008 0.0010 0.0023 0.0015 0.0152 0.0018 0.0026 0.0017 0.0116 0.7870 0.0984 0.0020 0.0044 0.0093 0.0026 0.0219 0.0019 0.0070 0.0009 0.0151 0.0038 0.0049 
      BERM07  3 0.0007 0.0016 0.0010 0.0008 0.0012 0.0020 0.0023 0.0175 0.0024 0.0032 0.0038 0.0110 0.8661 0.0174 0.0022 0.0020 0.0167 0.0013 0.0106 0.0028 0.0073 0.0014 0.0167 0.0025 0.0058 
      BERM08  3 0.0006 0.0008 0.0007 0.0007 0.0008 0.0023 0.0012 0.0104 0.0014 0.0017 0.0018 0.0086 0.9152 0.0081 0.0012 0.0017 0.0072 0.0012 0.0058 0.0047 0.0065 0.0008 0.0095 0.0026 0.0045 
      BERM09  3 0.0007 0.0010 0.0010 0.0006 0.0011 0.0015 0.0019 0.1187 0.0019 0.0045 0.0022 0.0122 0.5909 0.1917 0.0029 0.0033 0.0077 0.0020 0.0147 0.0018 0.0062 0.0015 0.0098 0.0023 0.0179 
      BERM10  3 0.0017 0.0011 0.0008 0.0008 0.0011 0.0030 0.0022 0.0225 0.0049 0.0036 0.0025 0.0107 0.7989 0.0324 0.0022 0.0041 0.0226 0.0016 0.0155 0.0022 0.0360 0.0017 0.0163 0.0035 0.0081 
      BERM11  3 0.0009 0.0011 0.0010 0.0008 0.0012 0.0024 0.0017 0.0066 0.0014 0.0027 0.0027 0.0125 0.8178 0.0969 0.0016 0.0018 0.0072 0.0014 0.0071 0.0048 0.0063 0.0009 0.0107 0.0031 0.0055 
      BERM12  3 0.0007 0.0012 0.0009 0.0034 0.0013 0.0176 0.0014 0.0026 0.0016 0.0021 0.0017 0.0103 0.8460 0.0295 0.0017 0.0016 0.0259 0.0073 0.0117 0.0021 0.0063 0.0010 0.0090 0.0070 0.0062 
      BERM13  3 0.0023 0.0012 0.0008 0.0006 0.0010 0.0017 0.0018 0.0109 0.0023 0.0029 0.0035 0.0134 0.8245 0.0093 0.0023 0.0022 0.0107 0.0017 0.0752 0.0021 0.0058 0.0011 0.0164 0.0024 0.0039 
      BERM14  3 0.0006 0.0012 0.0020 0.0016 0.0010 0.0018 0.0018 0.0077 0.0014 0.0019 0.0022 0.0079 0.8555 0.0572 0.0021 0.0018 0.0087 0.0020 0.0083 0.0019 0.0061 0.0017 0.0125 0.0024 0.0087 
      CROC01  3 0.0033 0.0017 0.0013 0.0040 0.0071 0.0026 0.0135 0.0104 0.0047 0.0024 0.0136 0.0220 0.7994 0.0134 0.0027 0.0040 0.0244 0.0031 0.0166 0.0028 0.0079 0.0069 0.0228 0.0045 0.0049 
      CROC02  3 0.0036 0.0013 0.0011 0.0009 0.0013 0.0032 0.0025 0.0039 0.0022 0.0020 0.0026 0.0094 0.7456 0.0334 0.0017 0.0045 0.0079 0.0030 0.1248 0.0030 0.0070 0.0012 0.0267 0.0027 0.0043 
      CROC03  3 0.0008 0.0012 0.0012 0.0014 0.0015 0.0057 0.0016 0.0058 0.0034 0.0034 0.0032 0.0162 0.7512 0.1282 0.0020 0.0027 0.0140 0.0014 0.0115 0.0054 0.0107 0.0012 0.0183 0.0033 0.0048 
      CROC04  3 0.0014 0.0010 0.0007 0.0018 0.0011 0.0016 0.0018 0.0053 0.0021 0.0089 0.0036 0.0081 0.7947 0.0069 0.0016 0.0797 0.0094 0.0024 0.0147 0.0020 0.0113 0.0016 0.0170 0.0037 0.0177 
      CROC05  3 0.0009 0.0016 0.0010 0.0008 0.0012 0.0020 0.0028 0.0081 0.0016 0.0033 0.0033 0.0115 0.8675 0.0296 0.0021 0.0104 0.0076 0.0018 0.0092 0.0029 0.0079 0.0012 0.0156 0.0032 0.0031 
      CROC06  3 0.0009 0.0036 0.0009 0.0037 0.0022 0.0031 0.0019 0.0116 0.0059 0.0025 0.0020 0.0110 0.7733 0.0188 0.0015 0.0462 0.0100 0.0065 0.0287 0.0078 0.0166 0.0017 0.0162 0.0034 0.0199 
      CROC07  3 0.0012 0.0010 0.0008 0.0009 0.0013 0.0021 0.0029 0.0059 0.0021 0.0250 0.0029 0.0135 0.8180 0.0269 0.0026 0.0038 0.0108 0.0187 0.0180 0.0023 0.0078 0.0027 0.0186 0.0040 0.0061 
      CROC08  3 0.0009 0.0023 0.0008 0.0017 0.0105 0.0045 0.0024 0.0057 0.0018 0.0038 0.0046 0.0153 0.8334 0.0107 0.0108 0.0026 0.0133 0.0024 0.0075 0.0173 0.0077 0.0044 0.0144 0.0170 0.0043 
      CROC09  3 0.0007 0.0009 0.0011 0.0019 0.0037 0.0037 0.0016 0.1025 0.0015 0.0024 0.0027 0.0203 0.6940 0.0582 0.0014 0.0030 0.0066 0.0013 0.0068 0.0033 0.0602 0.0012 0.0156 0.0024 0.0031 
      CROC10  3 0.0006 0.0016 0.0009 0.0008 0.0009 0.0025 0.0026 0.1157 0.0017 0.0029 0.0032 0.0150 0.7724 0.0110 0.0023 0.0022 0.0077 0.0026 0.0075 0.0021 0.0070 0.0011 0.0298 0.0021 0.0038 
      CROC11  3 0.0007 0.0009 0.0010 0.0018 0.0038 0.0035 0.0016 0.1033 0.0015 0.0024 0.0027 0.0204 0.6942 0.0579 0.0014 0.0029 0.0067 0.0013 0.0067 0.0033 0.0602 0.0012 0.0153 0.0024 0.0031 
     CROC110  3 0.0015 0.0010 0.0009 0.0021 0.0025 0.0018 0.0078 0.0157 0.0021 0.0032 0.0104 0.0171 0.7639 0.0650 0.0157 0.0054 0.0127 0.0022 0.0125 0.0029 0.0290 0.0013 0.0129 0.0044 0.0061 
     CROC116  3 0.0010 0.0010 0.0014 0.0055 0.0018 0.0041 0.0030 0.0046 0.0028 0.0117 0.0026 0.0166 0.7532 0.0222 0.0020 0.0044 0.0116 0.0185 0.0107 0.0049 0.0109 0.0026 0.0810 0.0097 0.0123 
      CROC12  3 0.0013 0.0008 0.0007 0.0007 0.0011 0.0019 0.0018 0.0094 0.0026 0.0026 0.0028 0.0148 0.8905 0.0084 0.0031 0.0025 0.0069 0.0013 0.0083 0.0025 0.0089 0.0010 0.0186 0.0029 0.0045 
     CROC123  3 0.0007 0.0007 0.0006 0.0013 0.0008 0.0020 0.0015 0.0098 0.0014 0.0027 0.0023 0.0148 0.8864 0.0240 0.0042 0.0018 0.0060 0.0012 0.0063 0.0021 0.0060 0.0008 0.0127 0.0047 0.0052 
      CROC13  3 0.0007 0.0014 0.0007 0.0008 0.0010 0.0057 0.0018 0.0036 0.0020 0.0026 0.0026 0.0080 0.8512 0.0239 0.0017 0.0024 0.0113 0.0012 0.0079 0.0036 0.0068 0.0017 0.0509 0.0029 0.0036 
      CROC14  3 0.0030 0.0154 0.0020 0.0008 0.0017 0.0027 0.0017 0.0065 0.0021 0.0026 0.0025 0.0075 0.7893 0.0441 0.0026 0.0107 0.0055 0.0021 0.0110 0.0035 0.0606 0.0008 0.0105 0.0046 0.0064 
      CROC15  3 0.0023 0.0025 0.0064 0.0536 0.0040 0.0046 0.0029 0.0038 0.0021 0.0025 0.0045 0.0127 0.7955 0.0083 0.0020 0.0033 0.0107 0.0015 0.0279 0.0029 0.0227 0.0011 0.0136 0.0044 0.0041 
      CROC16  3 0.0008 0.0012 0.0010 0.0019 0.0020 0.0071 0.0027 0.0840 0.0032 0.0017 0.0077 0.0106 0.7147 0.0187 0.0024 0.0043 0.0088 0.0024 0.0090 0.0036 0.0077 0.0014 0.0943 0.0058 0.0030 
      CROC17  3 0.0006 0.0008 0.0007 0.0007 0.0009 0.0019 0.0015 0.0033 0.0014 0.0335 0.0373 0.0109 0.8549 0.0072 0.0012 0.0018 0.0066 0.0012 0.0064 0.0024 0.0054 0.0009 0.0086 0.0026 0.0074 
      CROC18  3 0.0006 0.0009 0.0010 0.0008 0.0012 0.0040 0.0020 0.0036 0.0021 0.0026 0.0033 0.0206 0.8595 0.0104 0.0027 0.0018 0.0086 0.0015 0.0417 0.0022 0.0062 0.0024 0.0136 0.0026 0.0046 
      CROC19  3 0.0032 0.0013 0.0014 0.0011 0.0014 0.0023 0.0024 0.0069 0.0051 0.0027 0.0025 0.0127 0.8345 0.0102 0.0018 0.0106 0.0171 0.0023 0.0187 0.0025 0.0322 0.0023 0.0113 0.0036 0.0099 
     CROC198  3 0.0013 0.0014 0.0007 0.0007 0.0013 0.0020 0.0030 0.0216 0.0033 0.0024 0.0066 0.0104 0.8328 0.0367 0.0018 0.0022 0.0217 0.0016 0.0092 0.0023 0.0069 0.0015 0.0218 0.0031 0.0036 
      CROC20  3 0.0009 0.0012 0.0017 0.0012 0.0015 0.0031 0.0048 0.0076 0.0025 0.0019 0.0036 0.0199 0.8412 0.0190 0.0027 0.0040 0.0110 0.0035 0.0254 0.0052 0.0095 0.0012 0.0204 0.0037 0.0035 
     CROC202  3 0.0010 0.0016 0.0008 0.0011 0.0011 0.0081 0.0025 0.0086 0.0029 0.0028 0.0026 0.0092 0.8524 0.0286 0.0018 0.0030 0.0158 0.0019 0.0129 0.0062 0.0071 0.0038 0.0163 0.0037 0.0044 
      CROC21  3 0.0007 0.0012 0.0011 0.0007 0.0016 0.0025 0.0031 0.0122 0.0031 0.0026 0.0022 0.0132 0.8503 0.0117 0.0034 0.0019 0.0095 0.0012 0.0113 0.0024 0.0302 0.0011 0.0234 0.0028 0.0066 
     CROC216  3 0.0010 0.0011 0.0008 0.0025 0.0019 0.0033 0.0016 0.0169 0.0061 0.0047 0.0027 0.0130 0.8187 0.0319 0.0031 0.0042 0.0088 0.0022 0.0190 0.0021 0.0083 0.0014 0.0310 0.0056 0.0080 
      CROC22  3 0.0007 0.0012 0.0024 0.0009 0.0010 0.0028 0.0026 0.0073 0.0019 0.0030 0.0027 0.0186 0.6908 0.1303 0.0183 0.0026 0.0249 0.0012 0.0098 0.0021 0.0107 0.0018 0.0194 0.0372 0.0059 
      CROC23  3 0.0013 0.0010 0.0017 0.0008 0.0015 0.0025 0.0021 0.0874 0.0020 0.0048 0.0022 0.0225 0.7687 0.0110 0.0042 0.0023 0.0091 0.0017 0.0079 0.0098 0.0093 0.0011 0.0258 0.0033 0.0161 
      CROC24  3 0.0012 0.0010 0.0011 0.0010 0.0017 0.0047 0.0018 0.0366 0.0024 0.0025 0.0029 0.0104 0.7822 0.0800 0.0015 0.0033 0.0074 0.0012 0.0075 0.0028 0.0105 0.0017 0.0246 0.0044 0.0057 
      CROC25  3 0.0008 0.0011 0.0009 0.0010 0.0012 0.0018 0.0015 0.0043 0.0015 0.0023 0.0019 0.0125 0.9019 0.0173 0.0021 0.0025 0.0080 0.0016 0.0100 0.0019 0.0055 0.0010 0.0106 0.0028 0.0041 
     CROC259  3 0.0010 0.0066 0.0024 0.0008 0.0011 0.0027 0.0013 0.0111 0.0020 0.0128 0.0022 0.0100 0.8164 0.0177 0.0014 0.0066 0.0098 0.0017 0.0063 0.0025 0.0077 0.0011 0.0362 0.0043 0.0344 
      CROC26  3 0.0009 0.0014 0.0011 0.0012 0.0015 0.0025 0.0014 0.0083 0.0024 0.0136 0.0027 0.0098 0.8140 0.0115 0.0012 0.0020 0.0152 0.0018 0.0089 0.0035 0.0062 0.0014 0.0139 0.0036 0.0701 
      CROC27  3 0.0020 0.0010 0.0009 0.0019 0.0026 0.0023 0.0019 0.0145 0.0028 0.0202 0.0086 0.0114 0.7489 0.0863 0.0016 0.0030 0.0126 0.0026 0.0116 0.0046 0.0082 0.0011 0.0188 0.0211 0.0093 
      CROC28  3 0.0007 0.0011 0.0008 0.0012 0.0014 0.0019 0.0016 0.0474 0.0025 0.0034 0.0052 0.0081 0.6445 0.2109 0.0015 0.0038 0.0074 0.0019 0.0063 0.0021 0.0085 0.0011 0.0118 0.0055 0.0194 
      CROC29  3 0.0024 0.0009 0.0009 0.0019 0.0021 0.0023 0.0031 0.0028 0.0020 0.0025 0.0192 0.0116 0.8669 0.0223 0.0014 0.0031 0.0088 0.0014 0.0081 0.0025 0.0080 0.0012 0.0171 0.0031 0.0043 
      CROC30  3 0.0026 0.0012 0.0017 0.0013 0.0020 0.0030 0.0036 0.0254 0.0037 0.0026 0.0036 0.0180 0.7618 0.0195 0.0028 0.0314 0.0085 0.0035 0.0457 0.0042 0.0121 0.0012 0.0273 0.0060 0.0073 
      CROC31  3 0.0019 0.0013 0.0019 0.0011 0.0014 0.0023 0.0074 0.0570 0.0023 0.0124 0.0037 0.0128 0.7090 0.0463 0.0033 0.0029 0.0085 0.0227 0.0082 0.0033 0.0075 0.0016 0.0630 0.0044 0.0139 
      CROC32  3 0.0010 0.0011 0.0008 0.0007 0.0010 0.0019 0.0025 0.0057 0.0018 0.0025 0.0025 0.0077 0.8690 0.0336 0.0025 0.0037 0.0090 0.0016 0.0148 0.0017 0.0081 0.0014 0.0187 0.0030 0.0039 
      CROC33  3 0.0013 0.0007 0.0006 0.0015 0.0066 0.0028 0.0016 0.0033 0.0037 0.0028 0.0033 0.0104 0.8445 0.0153 0.0014 0.0150 0.0096 0.0022 0.0102 0.0090 0.0254 0.0016 0.0133 0.0047 0.0093 
      CROC34  3 0.0009 0.0013 0.0008 0.0009 0.0016 0.0022 0.0016 0.0057 0.0021 0.0035 0.0032 0.0120 0.8918 0.0100 0.0015 0.0028 0.0120 0.0025 0.0127 0.0026 0.0058 0.0010 0.0118 0.0053 0.0044 
      CROC35  3 0.0010 0.0009 0.0009 0.0005 0.0009 0.0015 0.0015 0.0067 0.0013 0.0031 0.0024 0.0095 0.8437 0.0397 0.0013 0.0033 0.0054 0.0020 0.0059 0.0027 0.0452 0.0008 0.0085 0.0033 0.0081 
      CROC36  3 0.0007 0.0012 0.0009 0.0010 0.0011 0.0022 0.0019 0.0488 0.0015 0.0020 0.0027 0.0138 0.8501 0.0103 0.0016 0.0025 0.0071 0.0013 0.0073 0.0024 0.0068 0.0015 0.0258 0.0025 0.0031 
      CROC57  3 0.0008 0.0020 0.0008 0.0009 0.0014 0.0022 0.0021 0.0035 0.0018 0.0021 0.0046 0.0099 0.9062 0.0096 0.0017 0.0026 0.0082 0.0019 0.0078 0.0024 0.0065 0.0017 0.0136 0.0029 0.0028 
      CROC81  3 0.0015 0.0012 0.0008 0.0012 0.0046 0.0115 0.0151 0.0088 0.0026 0.0027 0.0024 0.0168 0.8078 0.0338 0.0018 0.0041 0.0079 0.0017 0.0237 0.0029 0.0072 0.0033 0.0294 0.0036 0.0037 
      CROC84  3 0.0006 0.0008 0.0006 0.0014 0.0009 0.0046 0.0015 0.0214 0.0012 0.0017 0.0021 0.0071 0.8735 0.0292 0.0012 0.0017 0.0117 0.0031 0.0053 0.0019 0.0059 0.0009 0.0110 0.0053 0.0053 
        FW01  3 0.0008 0.0012 0.0008 0.0008 0.0015 0.0037 0.0030 0.0023 0.0024 0.0018 0.0034 0.0104 0.0128 0.8807 0.0021 0.0020 0.0130 0.0017 0.0134 0.0024 0.0106 0.0016 0.0205 0.0040 0.0031 
        FW02  3 0.0005 0.0007 0.0005 0.0006 0.0008 0.0014 0.0012 0.9356 0.0012 0.0015 0.0017 0.0075 0.0067 0.0053 0.0012 0.0013 0.0056 0.0011 0.0055 0.0016 0.0053 0.0007 0.0084 0.0019 0.0021 
        FW03  3 0.0006 0.0008 0.0006 0.0009 0.0010 0.0021 0.0017 0.0025 0.0015 0.0017 0.0021 0.0080 0.0085 0.9228 0.0013 0.0020 0.0076 0.0012 0.0075 0.0018 0.0059 0.0009 0.0117 0.0024 0.0029 
        FW04  3 0.0005 0.0007 0.0005 0.0006 0.0008 0.0014 0.0012 0.9357 0.0013 0.0015 0.0017 0.0075 0.0066 0.0053 0.0012 0.0014 0.0056 0.0011 0.0055 0.0016 0.0052 0.0007 0.0084 0.0019 0.0021 
        FW05  3 0.0005 0.0007 0.0005 0.0006 0.0008 0.0014 0.0012 0.9358 0.0013 0.0015 0.0017 0.0075 0.0067 0.0053 0.0012 0.0013 0.0056 0.0011 0.0055 0.0016 0.0053 0.0007 0.0084 0.0019 0.0020 
        FW06  3 0.0005 0.0007 0.0005 0.0006 0.0008 0.0014 0.0012 0.9355 0.0013 0.0015 0.0017 0.0076 0.0068 0.0053 0.0013 0.0014 0.0056 0.0011 0.0055 0.0016 0.0052 0.0007 0.0084 0.0019 0.0021 
        FW07  3 0.0006 0.0008 0.0006 0.0010 0.0010 0.0021 0.0017 0.0025 0.0014 0.0018 0.0021 0.0081 0.0085 0.9225 0.0013 0.0019 0.0076 0.0013 0.0076 0.0019 0.0059 0.0009 0.0118 0.0024 0.0029 
        FW08  3 0.0005 0.0007 0.0005 0.0005 0.0008 0.0014 0.0012 0.9357 0.0012 0.0015 0.0017 0.0075 0.0066 0.0053 0.0013 0.0013 0.0057 0.0011 0.0055 0.0016 0.0053 0.0007 0.0084 0.0019 0.0021 
        FW09  3 0.0006 0.0007 0.0005 0.0006 0.0008 0.0014 0.0012 0.9358 0.0012 0.0014 0.0017 0.0075 0.0066 0.0053 0.0012 0.0014 0.0057 0.0011 0.0056 0.0016 0.0053 0.0007 0.0084 0.0019 0.0021 
        FW10  3 0.0006 0.0008 0.0006 0.0010 0.0011 0.0021 0.0017 0.0025 0.0015 0.0018 0.0021 0.0080 0.0086 0.9196 0.0015 0.0018 0.0077 0.0012 0.0074 0.0019 0.0062 0.0009 0.0140 0.0026 0.0030 
       FW100  3 0.0006 0.0008 0.0006 0.0008 0.0011 0.0021 0.0017 0.0046 0.0016 0.0018 0.0021 0.0082 0.0096 0.9171 0.0015 0.0017 0.0077 0.0013 0.0075 0.0019 0.0060 0.0009 0.0132 0.0026 0.0031 
       FW101  3 0.0006 0.0008 0.0006 0.0010 0.0011 0.0021 0.0016 0.0025 0.0015 0.0018 0.0021 0.0082 0.0085 0.9197 0.0015 0.0017 0.0076 0.0012 0.0075 0.0019 0.0062 0.0009 0.0140 0.0026 0.0030 
       FW102  3 0.0005 0.0007 0.0005 0.0006 0.0008 0.0014 0.0012 0.9359 0.0013 0.0015 0.0017 0.0075 0.0067 0.0053 0.0012 0.0014 0.0056 0.0011 0.0055 0.0016 0.0052 0.0007 0.0084 0.0018 0.0021 
       FW103  3 0.0005 0.0007 0.0005 0.0005 0.0008 0.0014 0.0012 0.9358 0.0012 0.0014 0.0017 0.0075 0.0067 0.0052 0.0012 0.0014 0.0057 0.0011 0.0056 0.0016 0.0053 0.0008 0.0083 0.0019 0.0021 
       FW104  3 0.0008 0.0012 0.0008 0.0008 0.0016 0.0036 0.0030 0.0022 0.0024 0.0019 0.0034 0.0104 0.0128 0.8808 0.0022 0.0020 0.0130 0.0018 0.0132 0.0024 0.0108 0.0016 0.0204 0.0039 0.0032 
       FW105  3 0.0006 0.0008 0.0006 0.0009 0.0011 0.0021 0.0016 0.0024 0.0015 0.0018 0.0021 0.0081 0.0088 0.9194 0.0015 0.0017 0.0077 0.0012 0.0076 0.0019 0.0062 0.0009 0.0140 0.0026 0.0030 
       FW106  3 0.0009 0.0010 0.0030 0.0031 0.0016 0.0031 0.0040 0.0627 0.0032 0.0052 0.0020 0.0865 0.6521 0.0605 0.0024 0.0028 0.0146 0.0025 0.0187 0.0209 0.0157 0.0012 0.0214 0.0040 0.0069 
       FW107  3 0.0008 0.0011 0.0008 0.0008 0.0015 0.0037 0.0030 0.0022 0.0024 0.0018 0.0035 0.0103 0.0127 0.8810 0.0022 0.0020 0.0127 0.0018 0.0133 0.0023 0.0107 0.0016 0.0206 0.0039 0.0031 
       FW108  3 0.0005 0.0007 0.0005 0.0006 0.0008 0.0014 0.0012 0.9356 0.0012 0.0014 0.0017 0.0075 0.0067 0.0053 0.0012 0.0013 0.0056 0.0011 0.0055 0.0016 0.0052 0.0007 0.0084 0.0019 0.0021 
       FW109  3 0.0006 0.0008 0.0006 0.0009 0.0011 0.0021 0.0017 0.0025 0.0015 0.0018 0.0021 0.0081 0.0085 0.9197 0.0015 0.0017 0.0076 0.0012 0.0075 0.0019 0.0062 0.0009 0.0141 0.0026 0.0030 
        FW11  3 0.0006 0.0008 0.0006 0.0008 0.0011 0.0021 0.0017 0.0047 0.0015 0.0018 0.0021 0.0081 0.0096 0.9172 0.0015 0.0017 0.0076 0.0013 0.0076 0.0019 0.0061 0.0009 0.0131 0.0026 0.0031 
       FW110  3 0.0006 0.0008 0.0006 0.0010 0.0010 0.0021 0.0017 0.0025 0.0014 0.0018 0.0021 0.0081 0.0084 0.9226 0.0014 0.0020 0.0077 0.0012 0.0075 0.0018 0.0060 0.0009 0.0117 0.0024 0.0029 
       FW111  3 0.0005 0.0007 0.0005 0.0006 0.0008 0.0014 0.0012 0.9357 0.0013 0.0015 0.0017 0.0075 0.0066 0.0053 0.0012 0.0013 0.0056 0.0011 0.0055 0.0016 0.0052 0.0007 0.0084 0.0019 0.0021 
       FW112  3 0.0006 0.0008 0.0006 0.0008 0.0011 0.0021 0.0017 0.0046 0.0016 0.0018 0.0021 0.0081 0.0099 0.9168 0.0015 0.0018 0.0076 0.0013 0.0075 0.0019 0.0060 0.0009 0.0132 0.0026 0.0031 
       FW113  3 0.0005 0.0007 0.0005 0.0006 0.0008 0.0014 0.0012 0.9357 0.0013 0.0015 0.0017 0.0076 0.0067 0.0053 0.0012 0.0013 0.0056 0.0011 0.0055 0.0016 0.0053 0.0007 0.0084 0.0019 0.0021 
       FW114  3 0.0008 0.0008 0.0007 0.0010 0.0010 0.0021 0.0018 0.0025 0.0018 0.0020 0.0021 0.0082 0.0089 0.9190 0.0014 0.0023 0.0076 0.0013 0.0076 0.0019 0.0062 0.0009 0.0119 0.0025 0.0037 
       FW115  3 0.0006 0.0008 0.0006 0.0009 0.0011 0.0021 0.0017 0.0025 0.0015 0.0018 0.0021 0.0081 0.0086 0.9198 0.0014 0.0017 0.0075 0.0013 0.0076 0.0018 0.0062 0.0009 0.0139 0.0026 0.0030 
       FW116  3 0.0005 0.0007 0.0005 0.0006 0.0008 0.0014 0.0012 0.9358 0.0012 0.0014 0.0017 0.0075 0.0067 0.0053 0.0012 0.0014 0.0056 0.0011 0.0055 0.0016 0.0052 0.0007 0.0083 0.0019 0.0020 
        FW12  3 0.0005 0.0007 0.0005 0.0006 0.0008 0.0014 0.0012 0.9356 0.0013 0.0015 0.0017 0.0075 0.0067 0.0053 0.0012 0.0013 0.0056 0.0011 0.0055 0.0016 0.0052 0.0007 0.0084 0.0019 0.0021 
        FW13  3 0.0005 0.0007 0.0005 0.0005 0.0008 0.0014 0.0012 0.9357 0.0012 0.0015 0.0017 0.0076 0.0068 0.0053 0.0012 0.0014 0.0056 0.0011 0.0055 0.0016 0.0052 0.0007 0.0083 0.0019 0.0021 
        FW14  3 0.0008 0.0012 0.0008 0.0008 0.0015 0.0037 0.0030 0.0022 0.0024 0.0019 0.0034 0.0104 0.0128 0.8808 0.0022 0.0020 0.0129 0.0017 0.0135 0.0023 0.0106 0.0016 0.0204 0.0039 0.0031 
        FW15  3 0.0008 0.0012 0.0008 0.0008 0.0016 0.0036 0.0030 0.0022 0.0023 0.0019 0.0034 0.0102 0.0126 0.8810 0.0022 0.0020 0.0131 0.0017 0.0132 0.0024 0.0108 0.0016 0.0205 0.0039 0.0032 
        FW16  3 0.0006 0.0007 0.0006 0.0010 0.0011 0.0021 0.0017 0.0025 0.0015 0.0018 0.0021 0.0081 0.0086 0.9197 0.0015 0.0018 0.0076 0.0012 0.0075 0.0018 0.0061 0.0009 0.0140 0.0026 0.0030 
        FW17  3 0.0006 0.0008 0.0006 0.0009 0.0011 0.0021 0.0017 0.0025 0.0015 0.0018 0.0021 0.0081 0.0085 0.9198 0.0015 0.0018 0.0076 0.0012 0.0075 0.0018 0.0062 0.0009 0.0139 0.0026 0.0030 
        FW18  3 0.0006 0.0008 0.0006 0.0008 0.0011 0.0021 0.0017 0.0047 0.0015 0.0018 0.0021 0.0081 0.0098 0.9169 0.0015 0.0017 0.0077 0.0013 0.0075 0.0019 0.0060 0.0009 0.0132 0.0026 0.0031 
        FW19  3 0.0005 0.0007 0.0005 0.0006 0.0008 0.0014 0.0012 0.9357 0.0013 0.0015 0.0017 0.0075 0.0066 0.0053 0.0012 0.0013 0.0056 0.0011 0.0056 0.0016 0.0053 0.0007 0.0084 0.0019 0.0020 
        FW20  3 0.0005 0.0007 0.0005 0.0006 0.0008 0.0014 0.0012 0.9357 0.0012 0.0014 0.0017 0.0076 0.0067 0.0053 0.0012 0.0014 0.0056 0.0011 0.0055 0.0016 0.0053 0.0007 0.0084 0.0019 0.0020 
        FW21  3 0.0005 0.0007 0.0005 0.0006 0.0008 0.0014 0.0012 0.9358 0.0013 0.0015 0.0017 0.0075 0.0066 0.0053 0.0013 0.0014 0.0056 0.0011 0.0055 0.0016 0.0052 0.0007 0.0084 0.0018 0.0021 
        FW22  3 0.0006 0.0008 0.0006 0.0008 0.0011 0.0021 0.0016 0.0046 0.0015 0.0018 0.0021 0.0081 0.0097 0.9175 0.0015 0.0017 0.0076 0.0013 0.0074 0.0019 0.0060 0.0009 0.0131 0.0026 0.0031 
        FW23  3 0.0005 0.0007 0.0005 0.0006 0.0008 0.0014 0.0011 0.9359 0.0013 0.0014 0.0017 0.0075 0.0066 0.0053 0.0012 0.0013 0.0056 0.0010 0.0055 0.0016 0.0052 0.0007 0.0084 0.0019 0.0021 
        FW24  3 0.0005 0.0007 0.0005 0.0006 0.0008 0.0014 0.0012 0.9356 0.0012 0.0015 0.0017 0.0076 0.0067 0.0053 0.0012 0.0013 0.0056 0.0011 0.0055 0.0016 0.0052 0.0007 0.0084 0.0019 0.0020 
        FW25  3 0.0005 0.0007 0.0005 0.0006 0.0008 0.0014 0.0012 0.9358 0.0013 0.0014 0.0017 0.0075 0.0066 0.0052 0.0013 0.0013 0.0057 0.0011 0.0055 0.0016 0.0052 0.0007 0.0084 0.0019 0.0021 
        FW26  3 0.0005 0.0007 0.0005 0.0006 0.0008 0.0014 0.0012 0.9358 0.0012 0.0015 0.0017 0.0076 0.0067 0.0053 0.0013 0.0013 0.0056 0.0011 0.0055 0.0016 0.0052 0.0007 0.0083 0.0019 0.0020 
        FW27  3 0.0006 0.0008 0.0006 0.0010 0.0011 0.0021 0.0016 0.0025 0.0015 0.0018 0.0021 0.0081 0.0085 0.9197 0.0015 0.0018 0.0076 0.0012 0.0075 0.0019 0.0062 0.0009 0.0140 0.0026 0.0030 
        FW28  3 0.0005 0.0007 0.0005 0.0006 0.0008 0.0014 0.0012 0.9358 0.0012 0.0014 0.0017 0.0075 0.0067 0.0053 0.0012 0.0014 0.0056 0.0011 0.0055 0.0016 0.0052 0.0007 0.0084 0.0018 0.0021 
        FW29  3 0.0005 0.0007 0.0005 0.0006 0.0008 0.0014 0.0012 0.9358 0.0012 0.0015 0.0017 0.0076 0.0067 0.0053 0.0012 0.0014 0.0056 0.0011 0.0055 0.0015 0.0053 0.0007 0.0084 0.0018 0.0021 
        FW30  3 0.0009 0.0010 0.0029 0.0031 0.0016 0.0032 0.0039 0.0629 0.0032 0.0051 0.0021 0.0868 0.6513 0.0617 0.0024 0.0028 0.0143 0.0025 0.0185 0.0206 0.0154 0.0011 0.0213 0.0040 0.0073 
        FW32  3 0.0008 0.0012 0.0008 0.0009 0.0015 0.0035 0.0030 0.0022 0.0023 0.0019 0.0034 0.0104 0.0126 0.8811 0.0022 0.0020 0.0130 0.0017 0.0132 0.0024 0.0109 0.0016 0.0204 0.0038 0.0032 
        FW33  3 0.0005 0.0007 0.0009 0.0006 0.0008 0.0014 0.0012 0.9164 0.0013 0.0024 0.0017 0.0180 0.0105 0.0054 0.0043 0.0014 0.0057 0.0011 0.0055 0.0016 0.0052 0.0007 0.0084 0.0019 0.0022 
        FW34  3 0.0005 0.0007 0.0005 0.0006 0.0008 0.0014 0.0012 0.9358 0.0012 0.0015 0.0017 0.0075 0.0066 0.0053 0.0013 0.0014 0.0057 0.0011 0.0055 0.0016 0.0053 0.0007 0.0084 0.0019 0.0021 
        FW35  3 0.0005 0.0007 0.0005 0.0006 0.0008 0.0014 0.0012 0.9356 0.0012 0.0015 0.0017 0.0076 0.0067 0.0054 0.0012 0.0013 0.0056 0.0011 0.0055 0.0015 0.0052 0.0007 0.0084 0.0019 0.0020 
        FW36  3 0.0005 0.0007 0.0005 0.0006 0.0008 0.0014 0.0012 0.9356 0.0013 0.0015 0.0017 0.0075 0.0067 0.0053 0.0013 0.0014 0.0056 0.0011 0.0055 0.0016 0.0052 0.0007 0.0083 0.0018 0.0021 
        FW37  3 0.0006 0.0008 0.0006 0.0010 0.0011 0.0021 0.0016 0.0025 0.0015 0.0018 0.0021 0.0081 0.0086 0.9196 0.0014 0.0018 0.0076 0.0012 0.0075 0.0019 0.0062 0.0009 0.0141 0.0025 0.0030 
        FW51  3 0.0005 0.0007 0.0005 0.0006 0.0008 0.0014 0.0012 0.9357 0.0012 0.0015 0.0017 0.0075 0.0067 0.0053 0.0012 0.0013 0.0056 0.0011 0.0056 0.0016 0.0053 0.0007 0.0084 0.0019 0.0021 
        FW52  3 0.0006 0.0008 0.0006 0.0009 0.0011 0.0021 0.0016 0.0025 0.0015 0.0018 0.0021 0.0080 0.0086 0.9196 0.0015 0.0018 0.0077 0.0012 0.0075 0.0019 0.0062 0.0009 0.0140 0.0026 0.0029 
        FW53  3 0.0005 0.0007 0.0005 0.0006 0.0008 0.0014 0.0012 0.9357 0.0013 0.0015 0.0017 0.0075 0.0067 0.0053 0.0012 0.0014 0.0056 0.0011 0.0055 0.0016 0.0053 0.0007 0.0083 0.0018 0.0021 
        FW54  3 0.0006 0.0008 0.0006 0.0010 0.0009 0.0021 0.0017 0.0025 0.0015 0.0018 0.0020 0.0081 0.0085 0.9228 0.0013 0.0019 0.0076 0.0012 0.0075 0.0019 0.0060 0.0009 0.0116 0.0024 0.0029 
        FW55  3 0.0005 0.0007 0.0005 0.0006 0.0008 0.0014 0.0012 0.9356 0.0013 0.0014 0.0017 0.0076 0.0067 0.0053 0.0013 0.0014 0.0057 0.0011 0.0055 0.0016 0.0052 0.0007 0.0084 0.0019 0.0021 
        FW56  3 0.0005 0.0007 0.0005 0.0006 0.0008 0.0014 0.0012 0.9356 0.0012 0.0015 0.0017 0.0076 0.0067 0.0053 0.0012 0.0014 0.0056 0.0011 0.0055 0.0016 0.0053 0.0007 0.0084 0.0019 0.0020 
