        TC01  1 0.0010 0.0022 0.0015 0.0014 0.0027 0.0031 0.0013 0.0030 0.9642 0.0124 0.0072 
        TC02  1 0.0009 0.0025 0.0021 0.0016 0.0016 0.0038 0.0022 0.0037 0.9715 0.0034 0.0067 
        TC03  1 0.0023 0.0011 0.0011 0.0020 0.0022 0.0033 0.0011 0.0040 0.9749 0.0026 0.0054 
        TC04  1 0.0042 0.0011 0.0089 0.0016 0.0154 0.0163 0.0093 0.0223 0.8905 0.0028 0.0276 
        TC05  1 0.0010 0.0018 0.0012 0.0013 0.0010 0.0039 0.0013 0.0035 0.9669 0.0015 0.0165 
        TC06  1 0.0012 0.0018 0.0025 0.0012 0.0039 0.0049 0.0037 0.0612 0.9115 0.0019 0.0063 
        TC07  1 0.0010 0.0013 0.0008 0.0015 0.0011 0.0040 0.0014 0.0055 0.9603 0.0068 0.0163 
        TC08  1 0.0007 0.0025 0.0022 0.0016 0.0009 0.0038 0.0013 0.0031 0.9762 0.0021 0.0056 
        TC09  1 0.0025 0.0018 0.0360 0.0009 0.0012 0.0034 0.0019 0.0381 0.9068 0.0018 0.0056 
        TC10  1 0.0422 0.0016 0.0008 0.0026 0.0010 0.0033 0.0014 0.0204 0.9161 0.0041 0.0064 
        TC11  1 0.0010 0.0045 0.0009 0.0023 0.0014 0.0019 0.0011 0.0023 0.9760 0.0046 0.0039 
        TC12  1 0.0022 0.0009 0.0031 0.0036 0.0036 0.0038 0.0073 0.0084 0.9480 0.0048 0.0143 
        TC13  1 0.0006 0.0039 0.0017 0.0012 0.0010 0.0024 0.0014 0.0049 0.9768 0.0019 0.0041 
        TC14  1 0.0013 0.0034 0.0030 0.0033 0.0033 0.0082 0.0026 0.0877 0.8763 0.0054 0.0057 
        TC15  1 0.0014 0.0027 0.0046 0.0062 0.0020 0.0082 0.0029 0.0226 0.9408 0.0014 0.0073 
        TC16  1 0.0013 0.0016 0.0938 0.0018 0.0020 0.0046 0.0019 0.0463 0.8332 0.0021 0.0116 
        TC17  1 0.0019 0.0025 0.0066 0.0062 0.0032 0.0176 0.0024 0.0785 0.8266 0.0107 0.0437 
        TC18  1 0.0049 0.0098 0.0010 0.0101 0.0231 0.0101 0.0030 0.0061 0.9219 0.0044 0.0055 
        TC19  1 0.0009 0.0035 0.0109 0.0014 0.0011 0.0023 0.0020 0.0041 0.9683 0.0023 0.0031 
        TC20  1 0.0007 0.0018 0.0026 0.0011 0.0024 0.0030 0.0014 0.0040 0.9754 0.0038 0.0037 
        TC21  1 0.0034 0.0015 0.0022 0.0117 0.0368 0.0834 0.0116 0.0058 0.8239 0.0099 0.0097 
        TC22  1 0.0017 0.0040 0.0024 0.0052 0.0013 0.0060 0.0301 0.0049 0.9293 0.0028 0.0124 
        TC23  1 0.0071 0.0118 0.0011 0.0021 0.0014 0.0038 0.0011 0.0050 0.9552 0.0061 0.0052 
        TC24  1 0.0012 0.0024 0.0010 0.0012 0.0008 0.0018 0.0009 0.0028 0.9832 0.0015 0.0031 
        TC25  1 0.0031 0.0011 0.0012 0.0019 0.0137 0.0036 0.0089 0.0489 0.9023 0.0080 0.0074 
        TC26  1 0.0011 0.0016 0.0012 0.0013 0.0011 0.0037 0.0013 0.0209 0.9552 0.0017 0.0110 
        TC27  1 0.0020 0.0198 0.0013 0.0163 0.0019 0.0066 0.0014 0.0153 0.9245 0.0023 0.0085 
        TC28  1 0.0019 0.0015 0.0012 0.0016 0.0025 0.0044 0.0044 0.0194 0.9490 0.0022 0.0120 
        TC29  1 0.0018 0.0028 0.0021 0.0019 0.0030 0.0107 0.0014 0.0249 0.9416 0.0033 0.0066 
        TC30  1 0.0012 0.0039 0.0038 0.0014 0.0011 0.0033 0.0025 0.0090 0.9670 0.0032 0.0035 
        TC31  1 0.0015 0.0053 0.0018 0.0042 0.0053 0.0038 0.0043 0.0036 0.9447 0.0205 0.0050 
        TC32  1 0.0009 0.0046 0.0015 0.0012 0.0014 0.0027 0.0843 0.0413 0.8493 0.0026 0.0102 
        TC33  1 0.0015 0.0025 0.0011 0.0030 0.0017 0.0045 0.0012 0.0059 0.9533 0.0201 0.0053 
        TC34  1 0.0011 0.0051 0.0019 0.0062 0.0013 0.0043 0.0013 0.0433 0.9217 0.0025 0.0112 
        TC35  1 0.0009 0.0048 0.0125 0.0037 0.0033 0.0039 0.0058 0.0084 0.9344 0.0076 0.0149 
        TC36  1 0.0042 0.0066 0.0021 0.0020 0.0018 0.0048 0.0025 0.0057 0.9519 0.0024 0.0161 
        TC37  1 0.0011 0.0142 0.0016 0.0027 0.0015 0.0032 0.0035 0.0022 0.9605 0.0030 0.0064 
        TC38  1 0.0017 0.0032 0.0395 0.0012 0.0232 0.0045 0.0013 0.0234 0.8925 0.0034 0.0060 
        TC39  1 0.0013 0.0065 0.0035 0.0012 0.0018 0.0036 0.0013 0.2027 0.7704 0.0027 0.0049 
        TC40  1 0.0028 0.0014 0.0013 0.0042 0.0019 0.0039 0.0028 0.0170 0.9555 0.0024 0.0069 
        TC41  1 0.0014 0.0041 0.0012 0.0014 0.0023 0.0031 0.0095 0.0040 0.9413 0.0038 0.0281 
        TC42  1 0.0011 0.0046 0.0018 0.0012 0.0009 0.0032 0.0010 0.0088 0.9712 0.0018 0.0046 
        TC43  1 0.0010 0.0061 0.0019 0.0015 0.0015 0.0034 0.0034 0.0110 0.9627 0.0027 0.0048 
        TC44  1 0.0012 0.0013 0.0152 0.0018 0.0012 0.0029 0.0013 0.0118 0.9540 0.0038 0.0057 
        TC45  1 0.0009 0.0032 0.0012 0.0009 0.0036 0.0063 0.0014 0.0032 0.9716 0.0023 0.0055 
        TC46  1 0.0038 0.0025 0.0010 0.0048 0.0033 0.0045 0.0027 0.0040 0.9591 0.0019 0.0125 
        TC47  1 0.0009 0.0013 0.0029 0.0030 0.0014 0.0023 0.0017 0.0082 0.9678 0.0038 0.0067 
        TC48  1 0.0012 0.0022 0.0012 0.0054 0.0049 0.0069 0.0076 0.0074 0.9492 0.0026 0.0112 
        TC49  1 0.0007 0.0041 0.0009 0.0015 0.0014 0.0056 0.0041 0.0047 0.9670 0.0039 0.0062 
        TC50  1 0.0018 0.0022 0.0016 0.0050 0.0027 0.0036 0.0041 0.0030 0.9662 0.0034 0.0063 
        TC51  1 0.0011 0.0010 0.0027 0.0015 0.0016 0.0037 0.0033 0.0097 0.9653 0.0051 0.0049 
        TC52  1 0.0080 0.0014 0.0010 0.0012 0.0027 0.0028 0.0011 0.0043 0.9642 0.0014 0.0119 
        TC53  1 0.0008 0.0018 0.0024 0.0036 0.0009 0.0054 0.0021 0.0062 0.9705 0.0021 0.0042 
        TC54  1 0.0018 0.0033 0.0013 0.0147 0.0025 0.0099 0.0017 0.0136 0.9252 0.0034 0.0226 
        TC55  1 0.0030 0.0027 0.0010 0.0027 0.0026 0.0070 0.0104 0.0243 0.9298 0.0030 0.0135 
        TC56  1 0.0024 0.0044 0.0021 0.0076 0.0108 0.0125 0.0035 0.0071 0.9361 0.0054 0.0081 
        TC57  1 0.0016 0.0034 0.0027 0.0043 0.0015 0.0062 0.0037 0.0041 0.9590 0.0029 0.0105 
        TC58  1 0.0010 0.0012 0.0012 0.0016 0.0012 0.0029 0.0014 0.0052 0.9626 0.0132 0.0085 
        TC59  1 0.0011 0.0019 0.0011 0.0014 0.0008 0.0032 0.0010 0.0074 0.9733 0.0033 0.0056 
        TA01  2 0.0007 0.0024 0.0041 0.0019 0.0012 0.0024 0.0017 0.0067 0.9685 0.0023 0.0082 
        TA02  2 0.0016 0.0084 0.0022 0.0020 0.0018 0.0034 0.0019 0.0037 0.9656 0.0015 0.0079 
        TA03  2 0.0012 0.0018 0.0136 0.0041 0.0012 0.0034 0.0018 0.0045 0.9609 0.0023 0.0052 
        TA04  2 0.0012 0.0018 0.3441 0.0018 0.0012 0.0022 0.0024 0.0116 0.6261 0.0020 0.0057 
        TA05  2 0.0008 0.0012 0.0026 0.0016 0.0014 0.0031 0.0011 0.0026 0.9792 0.0020 0.0043 
        TA06  2 0.0013 0.0055 0.0022 0.0013 0.0011 0.0018 0.0014 0.0062 0.9678 0.0059 0.0055 
        TA07  2 0.0019 0.0017 0.1138 0.0019 0.0012 0.0048 0.0015 0.0060 0.8546 0.0037 0.0088 
        TA08  2 0.0007 0.0017 0.0059 0.0034 0.0015 0.0022 0.0012 0.0130 0.9662 0.0016 0.0026 
        TA09  2 0.0010 0.0101 0.0078 0.0014 0.0009 0.0021 0.0012 0.0066 0.9612 0.0017 0.0060 
        TA10  2 0.0008 0.0021 0.0038 0.0012 0.0012 0.0045 0.0020 0.0073 0.9013 0.0694 0.0064 
        TA11  2 0.0010 0.0030 0.0054 0.0026 0.0024 0.0051 0.0022 0.0086 0.9406 0.0202 0.0089 
        TA12  2 0.0006 0.0021 0.0033 0.0013 0.0010 0.0141 0.0031 0.0040 0.9270 0.0358 0.0076 
        TA13  2 0.0014 0.0019 0.0196 0.0017 0.0013 0.0796 0.0151 0.0271 0.8240 0.0209 0.0074 
        TA14  2 0.0017 0.0034 0.0030 0.0015 0.0008 0.0027 0.0013 0.0065 0.9738 0.0013 0.0039 
        TA15  2 0.0008 0.0025 0.0019 0.0012 0.0008 0.0035 0.0014 0.0067 0.9757 0.0020 0.0036 
        TA16  2 0.0012 0.0060 0.0155 0.0014 0.0012 0.0056 0.0019 0.0306 0.8907 0.0306 0.0155 
        TA17  2 0.0008 0.0014 0.0015 0.0023 0.0009 0.0041 0.0015 0.0062 0.9690 0.0022 0.0101 
        TA18  2 0.0006 0.0032 0.0018 0.0013 0.0009 0.0025 0.0309 0.0032 0.8953 0.0063 0.0539 
        TA19  2 0.0028 0.0028 0.0203 0.0364 0.0011 0.0050 0.0038 0.0154 0.8954 0.0097 0.0072 
        TA20  2 0.0007 0.0150 0.0016 0.0050 0.0022 0.0134 0.0013 0.0110 0.9375 0.0019 0.0104 
        TA21  2 0.0012 0.0064 0.0027 0.0037 0.0016 0.0059 0.0017 0.0462 0.9160 0.0026 0.0120 
        TA22  2 0.0007 0.0059 0.0011 0.0023 0.0010 0.0021 0.0021 0.0141 0.9612 0.0014 0.0081 
        TA23  2 0.0007 0.0940 0.0026 0.0014 0.0009 0.0022 0.0015 0.0478 0.8422 0.0018 0.0047 
        TA24  2 0.0026 0.0019 0.0015 0.0024 0.0011 0.0028 0.0012 0.0035 0.9550 0.0018 0.0262 
        TA25  2 0.0008 0.0024 0.0018 0.0010 0.0011 0.0043 0.0021 0.0085 0.7821 0.1888 0.0071 
        TA26  2 0.0007 0.0026 0.0150 0.0030 0.0070 0.0041 0.0015 0.0656 0.8902 0.0062 0.0042 
        TA27  2 0.0013 0.0555 0.0021 0.0022 0.0010 0.0066 0.0014 0.0049 0.9168 0.0025 0.0056 
        TA28  2 0.0042 0.0066 0.0035 0.0035 0.0084 0.0051 0.0043 0.0052 0.9339 0.0016 0.0238 
        TA29  2 0.0008 0.0021 0.0012 0.0018 0.0010 0.0032 0.0016 0.0184 0.9622 0.0023 0.0055 
        TA30  2 0.0014 0.0102 0.1927 0.0111 0.0022 0.0115 0.0015 0.0704 0.6918 0.0021 0.0050 
      BERM01  3 0.0006 0.0009 0.0168 0.0011 0.0008 0.0021 0.0013 0.9697 0.0017 0.0018 0.0031 
      BERM02  3 0.0006 0.0017 0.0039 0.0011 0.0010 0.0023 0.0022 0.9795 0.0033 0.0014 0.0030 
      BERM03  3 0.0006 0.0009 0.0009 0.0011 0.0009 0.0022 0.0014 0.9848 0.0015 0.0019 0.0038 
      BERM04  3 0.0007 0.0006 0.0017 0.0013 0.0010 0.0019 0.0011 0.9855 0.0014 0.0022 0.0027 
      BERM05  3 0.0012 0.0007 0.0026 0.0015 0.0013 0.0022 0.0011 0.9810 0.0013 0.0025 0.0048 
      BERM06  3 0.0008 0.0009 0.0080 0.0011 0.0010 0.0017 0.0013 0.9774 0.0020 0.0013 0.0047 
      BERM07  3 0.0006 0.0011 0.0040 0.0015 0.0009 0.0024 0.0012 0.9801 0.0024 0.0026 0.0032 
      BERM08  3 0.0006 0.0007 0.0037 0.0009 0.0011 0.0016 0.0013 0.9838 0.0024 0.0015 0.0025 
      BERM09  3 0.0007 0.0039 0.4131 0.0010 0.0007 0.0017 0.0015 0.5659 0.0047 0.0018 0.0049 
      BERM10  3 0.0007 0.0026 0.0042 0.0016 0.0016 0.0036 0.0012 0.9741 0.0023 0.0018 0.0063 
      BERM11  3 0.0007 0.0012 0.0232 0.0012 0.0012 0.0020 0.0018 0.9615 0.0027 0.0019 0.0027 
      BERM12  3 0.0039 0.0032 0.0013 0.0010 0.0108 0.0016 0.0013 0.9424 0.0028 0.0250 0.0066 
      BERM13  3 0.0007 0.0012 0.0047 0.0013 0.0009 0.0024 0.0016 0.9752 0.0022 0.0024 0.0075 
      BERM14  3 0.0009 0.0009 0.0037 0.0010 0.0008 0.0018 0.0010 0.9813 0.0035 0.0021 0.0031 
      CROC01  3 0.0054 0.0015 0.0036 0.0105 0.0014 0.0057 0.0033 0.9544 0.0027 0.0039 0.0076 
      CROC02  3 0.0013 0.0019 0.0020 0.0013 0.0016 0.0027 0.0012 0.9668 0.0022 0.0031 0.0158 
      CROC03  3 0.0012 0.0014 0.0065 0.0019 0.0020 0.0026 0.0016 0.9749 0.0020 0.0021 0.0038 
      CROC04  3 0.0034 0.0688 0.0017 0.0010 0.0008 0.0025 0.0009 0.8658 0.0120 0.0021 0.0411 
      CROC05  3 0.0009 0.0014 0.0051 0.0013 0.0011 0.0028 0.0018 0.9759 0.0016 0.0038 0.0043 
      CROC06  3 0.0020 0.0023 0.0036 0.0033 0.0015 0.0029 0.0013 0.8970 0.0088 0.0192 0.0582 
      CROC07  3 0.0012 0.0057 0.0073 0.0020 0.0010 0.0034 0.0023 0.9559 0.0038 0.0026 0.0147 
      CROC08  3 0.0012 0.0020 0.0023 0.0356 0.0029 0.0045 0.0015 0.9383 0.0020 0.0051 0.0045 
      CROC09  3 0.0013 0.0008 0.0301 0.0018 0.0010 0.0030 0.0019 0.9535 0.0016 0.0015 0.0036 
      CROC10  3 0.0006 0.0012 0.0641 0.0010 0.0011 0.0025 0.0017 0.9206 0.0017 0.0024 0.0031 
      CROC11  3 0.0013 0.0008 0.0301 0.0018 0.0010 0.0030 0.0018 0.9536 0.0015 0.0015 0.0036 
     CROC110  3 0.0015 0.0022 0.0246 0.0027 0.0009 0.0208 0.0148 0.9118 0.0062 0.0023 0.0121 
     CROC116  3 0.0049 0.0038 0.0022 0.0024 0.0023 0.0061 0.0033 0.9544 0.0066 0.0025 0.0115 
      CROC12  3 0.0006 0.0016 0.0018 0.0011 0.0010 0.0025 0.0021 0.9809 0.0020 0.0015 0.0049 
     CROC123  3 0.0007 0.0009 0.0028 0.0008 0.0010 0.0020 0.0011 0.9850 0.0022 0.0012 0.0024 
      CROC13  3 0.0006 0.0010 0.0012 0.0012 0.0017 0.0022 0.0009 0.9839 0.0014 0.0029 0.0029 
      CROC14  3 0.0008 0.0013 0.0034 0.0013 0.0016 0.0056 0.0009 0.8956 0.0038 0.0791 0.0066 
      CROC15  3 0.0465 0.0014 0.0011 0.0071 0.0038 0.0222 0.0017 0.8824 0.0039 0.0067 0.0232 
      CROC16  3 0.0016 0.0006 0.0097 0.0018 0.0027 0.0034 0.0012 0.9707 0.0015 0.0029 0.0038 
      CROC17  3 0.0005 0.1232 0.0010 0.0009 0.0011 0.0029 0.0013 0.8626 0.0026 0.0014 0.0025 
      CROC18  3 0.0015 0.0012 0.0015 0.0013 0.0081 0.0037 0.0120 0.9453 0.0040 0.0015 0.0200 
      CROC19  3 0.0017 0.0047 0.0035 0.0023 0.0014 0.0037 0.0014 0.9641 0.0030 0.0025 0.0119 
     CROC198  3 0.0006 0.0010 0.0044 0.0017 0.0010 0.0027 0.0010 0.9798 0.0016 0.0030 0.0030 
      CROC20  3 0.0009 0.0008 0.0028 0.0014 0.0013 0.0033 0.0017 0.9779 0.0015 0.0023 0.0062 
     CROC202  3 0.0008 0.0008 0.0014 0.0013 0.0035 0.0021 0.0013 0.9798 0.0017 0.0033 0.0040 
      CROC21  3 0.0006 0.0010 0.0046 0.0013 0.0011 0.0036 0.0016 0.9778 0.0029 0.0020 0.0035 
     CROC216  3 0.0043 0.0030 0.0119 0.0026 0.0017 0.0048 0.0022 0.9172 0.0161 0.0020 0.0343 
      CROC22  3 0.0007 0.0027 0.0043 0.0010 0.0014 0.0149 0.0031 0.9254 0.0038 0.0395 0.0032 
      CROC23  3 0.0008 0.0047 0.0697 0.0019 0.0015 0.0042 0.0078 0.8913 0.0110 0.0023 0.0047 
      CROC24  3 0.0008 0.0015 0.0106 0.0013 0.0017 0.0025 0.0010 0.9737 0.0020 0.0017 0.0033 
      CROC25  3 0.0008 0.0009 0.0017 0.0011 0.0008 0.0016 0.0016 0.9842 0.0018 0.0019 0.0035 
     CROC259  3 0.0009 0.0096 0.0044 0.0014 0.0014 0.0026 0.0010 0.9537 0.0093 0.0121 0.0036 
      CROC26  3 0.0009 0.0477 0.0023 0.0018 0.0012 0.0019 0.0010 0.9213 0.0159 0.0027 0.0034 
      CROC27  3 0.0020 0.0074 0.0148 0.0030 0.0011 0.0034 0.0012 0.9363 0.0243 0.0021 0.0045 
      CROC28  3 0.0009 0.0018 0.0516 0.0012 0.0009 0.0020 0.0009 0.9289 0.0064 0.0019 0.0036 
      CROC29  3 0.0011 0.0011 0.0014 0.0017 0.0010 0.0029 0.0012 0.9826 0.0020 0.0017 0.0033 
      CROC30  3 0.0012 0.0014 0.0018 0.0017 0.0015 0.0038 0.0020 0.9600 0.0033 0.0021 0.0212 
      CROC31  3 0.0010 0.0057 0.1008 0.0013 0.0013 0.0065 0.0019 0.8558 0.0099 0.0028 0.0130 
      CROC32  3 0.0006 0.0013 0.0018 0.0010 0.0009 0.0021 0.0009 0.9837 0.0018 0.0022 0.0038 
      CROC33  3 0.0018 0.0021 0.0027 0.0097 0.0014 0.0044 0.0011 0.9436 0.0085 0.0012 0.0235 
      CROC34  3 0.0008 0.0011 0.0019 0.0018 0.0012 0.0020 0.0014 0.9799 0.0025 0.0024 0.0052 
      CROC35  3 0.0005 0.0026 0.0068 0.0008 0.0014 0.0084 0.0010 0.9394 0.0274 0.0016 0.0100 
      CROC36  3 0.0009 0.0008 0.0069 0.0012 0.0010 0.0024 0.0020 0.9771 0.0018 0.0025 0.0034 
      CROC57  3 0.0009 0.0008 0.0017 0.0014 0.0011 0.0024 0.0011 0.9809 0.0014 0.0039 0.0043 
      CROC81  3 0.0009 0.0010 0.0015 0.0021 0.0040 0.0030 0.0018 0.9752 0.0018 0.0023 0.0064 
      CROC84  3 0.0016 0.0017 0.0045 0.0008 0.0041 0.0016 0.0008 0.9722 0.0027 0.0059 0.0041 
        FW01  3 0.0009 0.0010 0.0018 0.0013 0.0017 0.0026 0.0009 0.9820 0.0020 0.0015 0.0042 
        FW02  3 0.0005 0.0005 0.9889 0.0008 0.0007 0.0014 0.0009 0.0020 0.0009 0.0013 0.0021 
        FW03  3 0.0012 0.0008 0.0018 0.0012 0.0015 0.0022 0.0009 0.9835 0.0018 0.0014 0.0036 
        FW04  3 0.0005 0.0005 0.9889 0.0008 0.0007 0.0014 0.0008 0.0020 0.0009 0.0013 0.0021 
        FW05  3 0.0005 0.0006 0.9888 0.0008 0.0007 0.0014 0.0008 0.0021 0.0010 0.0013 0.0021 
        FW06  3 0.0005 0.0005 0.9888 0.0008 0.0007 0.0014 0.0008 0.0021 0.0010 0.0013 0.0021 
        FW07  3 0.0011 0.0009 0.0016 0.0013 0.0015 0.0021 0.0009 0.9837 0.0019 0.0014 0.0035 
        FW08  3 0.0005 0.0006 0.9889 0.0008 0.0007 0.0014 0.0008 0.0020 0.0010 0.0013 0.0021 
        FW09  3 0.0005 0.0005 0.9889 0.0008 0.0007 0.0014 0.0008 0.0020 0.0009 0.0013 0.0021 
        FW10  3 0.0010 0.0009 0.0017 0.0014 0.0015 0.0025 0.0009 0.9829 0.0022 0.0014 0.0037 
       FW100  3 0.0009 0.0009 0.0023 0.0013 0.0015 0.0024 0.0009 0.9824 0.0023 0.0014 0.0036 
       FW101  3 0.0010 0.0009 0.0018 0.0013 0.0015 0.0026 0.0010 0.9828 0.0022 0.0014 0.0036 
       FW102  3 0.0005 0.0005 0.9890 0.0008 0.0007 0.0014 0.0008 0.0020 0.0010 0.0013 0.0021 
       FW103  3 0.0005 0.0006 0.9889 0.0008 0.0007 0.0014 0.0008 0.0020 0.0009 0.0013 0.0021 
       FW104  3 0.0009 0.0009 0.0017 0.0014 0.0018 0.0026 0.0009 0.9820 0.0020 0.0015 0.0043 
       FW105  3 0.0010 0.0009 0.0018 0.0013 0.0015 0.0025 0.0010 0.9828 0.0021 0.0014 0.0036 
       FW106  3 0.0020 0.0033 0.0529 0.0021 0.0033 0.0071 0.0330 0.8758 0.0054 0.0018 0.0133 
       FW107  3 0.0009 0.0009 0.0018 0.0013 0.0017 0.0026 0.0010 0.9821 0.0019 0.0015 0.0043 
       FW108  3 0.0005 0.0006 0.9888 0.0008 0.0007 0.0014 0.0008 0.0021 0.0010 0.0013 0.0021 
       FW109  3 0.0010 0.0009 0.0016 0.0013 0.0015 0.0025 0.0009 0.9831 0.0020 0.0014 0.0036 
        FW11  3 0.0009 0.0009 0.0024 0.0014 0.0015 0.0024 0.0009 0.9824 0.0023 0.0014 0.0036 
       FW110  3 0.0012 0.0009 0.0018 0.0012 0.0014 0.0021 0.0009 0.9835 0.0018 0.0014 0.0037 
       FW111  3 0.0005 0.0005 0.9890 0.0008 0.0007 0.0014 0.0008 0.0019 0.0009 0.0013 0.0021 
       FW112  3 0.0009 0.0009 0.0022 0.0014 0.0015 0.0025 0.0009 0.9826 0.0022 0.0014 0.0035 
       FW113  3 0.0005 0.0005 0.9889 0.0008 0.0007 0.0014 0.0008 0.0020 0.0009 0.0013 0.0021 
       FW114  3 0.0012 0.0011 0.0016 0.0012 0.0014 0.0022 0.0009 0.9826 0.0026 0.0014 0.0037 
       FW115  3 0.0011 0.0009 0.0016 0.0014 0.0015 0.0026 0.0009 0.9828 0.0022 0.0014 0.0036 
       FW116  3 0.0005 0.0005 0.9889 0.0008 0.0007 0.0014 0.0008 0.0020 0.0010 0.0013 0.0021 
        FW12  3 0.0005 0.0006 0.9889 0.0008 0.0007 0.0014 0.0008 0.0020 0.0009 0.0013 0.0021 
        FW13  3 0.0005 0.0006 0.9888 0.0008 0.0007 0.0014 0.0008 0.0020 0.0010 0.0013 0.0022 
        FW14  3 0.0009 0.0009 0.0017 0.0013 0.0017 0.0025 0.0009 0.9823 0.0019 0.0015 0.0042 
        FW15  3 0.0009 0.0009 0.0017 0.0013 0.0017 0.0026 0.0009 0.9821 0.0020 0.0015 0.0042 
        FW16  3 0.0011 0.0009 0.0018 0.0013 0.0016 0.0026 0.0009 0.9827 0.0022 0.0014 0.0036 
        FW17  3 0.0010 0.0009 0.0017 0.0013 0.0015 0.0025 0.0009 0.9831 0.0021 0.0014 0.0036 
        FW18  3 0.0009 0.0009 0.0022 0.0013 0.0015 0.0024 0.0009 0.9825 0.0023 0.0014 0.0036 
        FW19  3 0.0005 0.0006 0.9889 0.0008 0.0007 0.0014 0.0008 0.0019 0.0010 0.0013 0.0021 
        FW20  3 0.0005 0.0005 0.9889 0.0008 0.0007 0.0013 0.0008 0.0020 0.0009 0.0013 0.0021 
        FW21  3 0.0005 0.0005 0.9889 0.0008 0.0007 0.0013 0.0008 0.0020 0.0009 0.0013 0.0021 
        FW22  3 0.0009 0.0009 0.0023 0.0014 0.0016 0.0025 0.0009 0.9823 0.0022 0.0014 0.0036 
        FW23  3 0.0005 0.0005 0.9888 0.0008 0.0007 0.0014 0.0009 0.0020 0.0010 0.0013 0.0021 
        FW24  3 0.0005 0.0006 0.9889 0.0008 0.0007 0.0013 0.0008 0.0020 0.0009 0.0013 0.0021 
        FW25  3 0.0005 0.0005 0.9888 0.0008 0.0007 0.0014 0.0008 0.0020 0.0009 0.0014 0.0021 
        FW26  3 0.0005 0.0006 0.9889 0.0008 0.0007 0.0014 0.0009 0.0020 0.0009 0.0013 0.0021 
        FW27  3 0.0011 0.0009 0.0017 0.0013 0.0015 0.0025 0.0009 0.9830 0.0021 0.0014 0.0036 
        FW28  3 0.0005 0.0006 0.9888 0.0008 0.0007 0.0014 0.0009 0.0020 0.0010 0.0013 0.0021 
        FW29  3 0.0005 0.0006 0.9889 0.0008 0.0007 0.0014 0.0008 0.0020 0.0010 0.0013 0.0021 
        FW30  3 0.0021 0.0032 0.0530 0.0021 0.0033 0.0071 0.0326 0.8757 0.0053 0.0019 0.0137 
        FW32  3 0.0010 0.0009 0.0017 0.0014 0.0017 0.0026 0.0009 0.9820 0.0020 0.0015 0.0042 
        FW33  3 0.0005 0.0017 0.9696 0.0008 0.0007 0.0014 0.0118 0.0084 0.0017 0.0013 0.0022 
        FW34  3 0.0005 0.0005 0.9890 0.0008 0.0007 0.0014 0.0009 0.0020 0.0009 0.0013 0.0021 
        FW35  3 0.0005 0.0005 0.9890 0.0008 0.0007 0.0014 0.0008 0.0020 0.0009 0.0013 0.0022 
        FW36  3 0.0005 0.0006 0.9889 0.0008 0.0007 0.0013 0.0008 0.0020 0.0009 0.0013 0.0021 
        FW37  3 0.0010 0.0009 0.0017 0.0014 0.0015 0.0026 0.0009 0.9828 0.0021 0.0014 0.0036 
        FW51  3 0.0005 0.0005 0.9890 0.0008 0.0007 0.0014 0.0008 0.0020 0.0009 0.0013 0.0021 
        FW52  3 0.0010 0.0009 0.0018 0.0013 0.0015 0.0025 0.0009 0.9829 0.0021 0.0014 0.0036 
        FW53  3 0.0005 0.0005 0.9890 0.0008 0.0007 0.0014 0.0008 0.0020 0.0010 0.0013 0.0022 
        FW54  3 0.0012 0.0009 0.0018 0.0012 0.0015 0.0021 0.0009 0.9835 0.0019 0.0014 0.0037 
        FW55  3 0.0005 0.0006 0.9890 0.0008 0.0007 0.0014 0.0008 0.0020 0.0009 0.0013 0.0021 
        FW56  3 0.0005 0.0005 0.9889 0.0008 0.0007 0.0014 0.0008 0.0020 0.0009 0.0013 0.0021 
        FW57  3 0.0005 0.0006 0.9889 0.0008 0.0007 0.0014 0.0009 0.0020 0.0009 0.0013 0.0021 
        FW78  3 0.0005 0.0005 0.9889 0.0008 0.0007 0.0013 0.0008 0.0020 0.0010 0.0013 0.0022 
        FW79  3 0.0005 0.0006 0.9889 0.0008 0.0007 0.0014 0.0008 0.0020 0.0009 0.0013 0.0021 
        FW80  3 0.0005 0.0006 0.9889 0.0008 0.0007 0.0014 0.0008 0.0020 0.0010 0.0013 0.0021 
        FW81  3 0.0012 0.0009 0.0017 0.0012 0.0015 0.0022 0.0009 0.9836 0.0019 0.0014 0.0035 
        FW82  3 0.0010 0.0009 0.0018 0.0013 0.0015 0.0026 0.0009 0.9828 0.0022 0.0014 0.0036 
        FW83  3 0.0009 0.0009 0.0018 0.0014 0.0017 0.0026 0.0009 0.9820 0.0019 0.0015 0.0043 
        FW84  3 0.0005 0.0006 0.9890 0.0008 0.0007 0.0013 0.0009 0.0020 0.0009 0.0013 0.0021 
        FW85  3 0.0109 0.0009 0.0023 0.0012 0.0050 0.0042 0.0009 0.9582 0.0081 0.0014 0.0068 
        FW86  3 0.0009 0.0009 0.0023 0.0013 0.0015 0.0024 0.0009 0.9825 0.0022 0.0014 0.0036 
        FW87  3 0.0009 0.0009 0.0022 0.0014 0.0016 0.0025 0.0010 0.9823 0.0023 0.0014 0.0036 
        FW88  3 0.0005 0.0006 0.9889 0.0008 0.0007 0.0014 0.0008 0.0020 0.0009 0.0013 0.0021 
        FW89  3 0.0005 0.0005 0.9889 0.0008 0.0007 0.0014 0.0008 0.0020 0.0009 0.0013 0.0021 
        FW90  3 0.0005 0.0005 0.9888 0.0008 0.0007 0.0014 0.0008 0.0020 0.0009 0.0013 0.0021 
        FW91  3 0.0011 0.0009 0.0018 0.0014 0.0015 0.0025 0.0009 0.9828 0.0021 0.0014 0.0036 
        FW92  3 0.0005 0.0006 0.9888 0.0008 0.0007 0.0014 0.0009 0.0020 0.0009 0.0013 0.0021 
        FW93  3 0.0005 0.0006 0.9888 0.0008 0.0007 0.0014 0.0008 0.0020 0.0009 0.0013 0.0022 
        FW94  3 0.0011 0.0009 0.0017 0.0014 0.0015 0.0026 0.0009 0.9828 0.0022 0.0014 0.0036 
        FW95  3 0.0005 0.0005 0.9888 0.0008 0.0007 0.0014 0.0008 0.0021 0.0010 0.0013 0.0021 
        FW96  3 0.0005 0.0005 0.9890 0.0008 0.0007 0.0014 0.0008 0.0020 0.0010 0.0013 0.0021 
        FW97  3 0.0010 0.0010 0.0100 0.0039 0.0021 0.0036 0.0021 0.9564 0.0027 0.0072 0.0101 
        FW98  3 0.0012 0.0009 0.0017 0.0012 0.0015 0.0022 0.0009 0.9834 0.0019 0.0014 0.0036 
        FW99  3 0.0005 0.0005 0.9888 0.0008 0.0007 0.0014 0.0009 0.0020 0.0009 0.0013 0.0022 
       Cal01  3 0.0010 0.0010 0.2621 0.0031 0.0015 0.0039 0.0009 0.7153 0.0035 0.0025 0.0051 
       Cal02  3 0.0007 0.0008 0.0030 0.0010 0.0012 0.0030 0.0033 0.9795 0.0020 0.0018 0.0036 
       Cal03  3 0.0011 0.0009 0.0146 0.0011 0.0010 0.0018 0.0010 0.9725 0.0014 0.0011 0.0036 
       Cal04  3 0.0010 0.0011 0.0008 0.0028 0.0016 0.0034 0.0015 0.9744 0.0024 0.0019 0.0091 
       Cal05  3 0.0006 0.0069 0.0049 0.0009 0.0008 0.0014 0.0009 0.9782 0.0018 0.0012 0.0025 
       Cal06  3 0.0010 0.0013 0.0040 0.0013 0.0011 0.0031 0.0040 0.9627 0.0105 0.0033 0.0079 
       Cal07  3 0.0006 0.0385 0.0208 0.0008 0.0008 0.0017 0.0011 0.9285 0.0027 0.0013 0.0031 
       Cal08  3 0.0033 0.0028 0.0168 0.0036 0.0019 0.0046 0.0020 0.9489 0.0027 0.0074 0.0060 
       Cal09  3 0.0005 0.0306 0.0152 0.0013 0.0025 0.0056 0.0014 0.9295 0.0084 0.0020 0.0030 
       Cal10  3 0.0013 0.0011 0.0013 0.0017 0.0012 0.0036 0.0010 0.9804 0.0024 0.0015 0.0045 
       Cal11  3 0.0009 0.0016 0.0055 0.0023 0.0011 0.0039 0.0029 0.9342 0.0043 0.0362 0.0072 
      Cal197  3 0.0006 0.0017 0.3175 0.0012 0.0008 0.0030 0.0039 0.6607 0.0032 0.0012 0.0065 
      Cal198  3 0.0009 0.0698 0.0041 0.0372 0.0008 0.0029 0.0013 0.8586 0.0056 0.0015 0.0173 
      Cal199  3 0.0008 0.0006 0.0051 0.0093 0.0012 0.0019 0.0010 0.9706 0.0014 0.0016 0.0064 
      Cal200  3 0.0088 0.0010 0.0332 0.0012 0.0013 0.0039 0.0009 0.9325 0.0062 0.0027 0.0084 
      Cal201  3 0.0007 0.0027 0.0433 0.0008 0.0007 0.0036 0.0012 0.9386 0.0038 0.0018 0.0026 
      Cal202  3 0.0028 0.0041 0.0064 0.0186 0.0065 0.0261 0.0014 0.9280 0.0016 0.0019 0.0025 
      Cal203  3 0.0010 0.0008 0.0014 0.0013 0.0011 0.0024 0.0012 0.9816 0.0016 0.0040 0.0037 
      Cal204  3 0.0013 0.0017 0.0018 0.0014 0.0014 0.0023 0.0029 0.9799 0.0016 0.0022 0.0036 
      Cal205  3 0.0010 0.0010 0.0027 0.0014 0.0010 0.0029 0.0024 0.9812 0.0022 0.0012 0.0032 
      Cal206  3 0.0006 0.0009 0.0039 0.0011 0.0016 0.0027 0.0017 0.9802 0.0014 0.0017 0.0042 
      Cal207  3 0.0006 0.0020 0.0038 0.0014 0.0009 0.0024 0.0009 0.9737 0.0028 0.0014 0.0102 
      Cal208  3 0.0007 0.0009 0.0021 0.0020 0.0010 0.0028 0.0010 0.9815 0.0014 0.0023 0.0043 
      Cal209  3 0.0005 0.0013 0.0118 0.0009 0.0011 0.0020 0.0011 0.9756 0.0013 0.0016 0.0027 
      Cal210  3 0.0008 0.0006 0.0050 0.0095 0.0012 0.0019 0.0011 0.9705 0.0014 0.0017 0.0065 
      Cal211  3 0.0012 0.0016 0.0355 0.0009 0.0007 0.0020 0.0012 0.9489 0.0022 0.0016 0.0042 
      Cal212  3 0.0024 0.0010 0.0052 0.0011 0.0009 0.0021 0.0013 0.9763 0.0021 0.0014 0.0063 
      Cal213  3 0.0019 0.0160 0.0106 0.0057 0.0010 0.0037 0.0010 0.8736 0.0162 0.0011 0.0694 
      Cal214  3 0.0007 0.0010 0.0007 0.0531 0.0013 0.0136 0.0013 0.9223 0.0015 0.0017 0.0027 
      Cal215  3 0.0010 0.0015 0.0119 0.0023 0.0021 0.0029 0.0012 0.9684 0.0017 0.0026 0.0044 
      Cal216  3 0.0006 0.0035 0.0252 0.0011 0.0010 0.0022 0.0012 0.9569 0.0023 0.0019 0.0041 
      Cal217  3 0.0005 0.0025 0.0086 0.0010 0.0007 0.0024 0.0015 0.9760 0.0021 0.0017 0.0031 
      Cal218  3 0.0013 0.0011 0.0276 0.0010 0.0009 0.0020 0.0013 0.9555 0.0023 0.0014 0.0055 
      Cal219  3 0.0006 0.0008 0.0094 0.0011 0.0009 0.0039 0.0017 0.9719 0.0026 0.0023 0.0048 
      Cal220  3 0.0007 0.0013 0.0033 0.0025 0.0008 0.0045 0.0925 0.8821 0.0025 0.0047 0.0052 
      Cal221  3 0.0006 0.0009 0.0054 0.0020 0.0009 0.0018 0.0011 0.9770 0.0019 0.0013 0.0071 
      Cal222  3 0.0007 0.0008 0.0025 0.0030 0.0010 0.0018 0.0011 0.9807 0.0020 0.0016 0.0048 
      Cal223  3 0.0013 0.0581 0.0043 0.0050 0.0011 0.0040 0.0035 0.8785 0.0251 0.0046 0.0143 
      Cal224  3 0.0014 0.0125 0.0013 0.0389 0.0088 0.0025 0.0009 0.8987 0.0019 0.0039 0.0293 
       Cal33  3 0.0007 0.0014 0.0019 0.0010 0.0010 0.0034 0.0014 0.9812 0.0016 0.0015 0.0049 
       Cal34  3 0.0006 0.0024 0.0014 0.0018 0.0014 0.0031 0.0061 0.9751 0.0038 0.0015 0.0028 
       Cal35  3 0.0011 0.0014 0.0022 0.0009 0.0009 0.0022 0.0011 0.9828 0.0027 0.0014 0.0033 
       Cal37  3 0.0027 0.0041 0.0020 0.0009 0.0011 0.0059 0.0058 0.9567 0.0046 0.0014 0.0147 
       Cal38  3 0.0006 0.0013 0.2939 0.0012 0.0007 0.0023 0.0011 0.6922 0.0020 0.0016 0.0032 
       Cal39  3 0.0005 0.0016 0.0114 0.0011 0.0020 0.0020 0.0010 0.9728 0.0017 0.0022 0.0035 
       Cal40  3 0.0005 0.0014 0.0113 0.0010 0.0010 0.0020 0.0011 0.9760 0.0014 0.0016 0.0027 
       Cal41  3 0.0005 0.0012 0.0036 0.0009 0.0010 0.0018 0.0010 0.9839 0.0017 0.0016 0.0028 
       Cal42  3 0.0007 0.0007 0.0034 0.0011 0.0012 0.0027 0.0010 0.9818 0.0013 0.0026 0.0035 
       Cal43  3 0.0007 0.0013 0.0023 0.0013 0.0008 0.0026 0.0013 0.9809 0.0020 0.0017 0.0050 
       Cal44  3 0.0014 0.0009 0.0141 0.0021 0.0011 0.0022 0.0612 0.9045 0.0026 0.0022 0.0077 
        BW41  3 0.0014 0.0020 0.0045 0.0036 0.0329 0.0050 0.0042 0.9341 0.0023 0.0024 0.0075 
        BW42  3 0.0016 0.0012 0.0014 0.0012 0.0009 0.0038 0.0015 0.9775 0.0028 0.0020 0.0060 
        BW44  3 0.0007 0.0027 0.0025 0.0013 0.0008 0.0022 0.0017 0.9787 0.0032 0.0020 0.0044 
        BW45  3 0.0006 0.0011 0.0104 0.0008 0.0007 0.0016 0.0010 0.9774 0.0027 0.0014 0.0023 
        BW46  3 0.0009 0.0008 0.0021 0.0012 0.0010 0.0026 0.0014 0.9830 0.0017 0.0015 0.0037 
        BW47  3 0.0048 0.0029 0.0183 0.0010 0.0076 0.0025 0.0326 0.9017 0.0077 0.0014 0.0196 
        BW48  3 0.0013 0.0021 0.0074 0.0023 0.0030 0.0043 0.0034 0.9562 0.0029 0.0039 0.0132 
        BW49  3 0.0005 0.0183 0.0177 0.0010 0.0009 0.0023 0.0017 0.9460 0.0043 0.0024 0.0049 
        BW50  3 0.0006 0.0008 0.0039 0.0010 0.0010 0.0021 0.0014 0.9816 0.0018 0.0018 0.0040 
        BW51  3 0.0005 0.0010 0.0268 0.0011 0.0008 0.0019 0.0016 0.9403 0.0213 0.0016 0.0031 
        BW52  3 0.0005 0.0009 0.0020 0.0012 0.0009 0.0021 0.0017 0.9773 0.0021 0.0083 0.0031 
        BW53  3 0.0016 0.0012 0.0027 0.0011 0.0011 0.0030 0.0407 0.9344 0.0031 0.0014 0.0098 
        BW54  3 0.0081 0.0018 0.0045 0.0031 0.0026 0.0025 0.0422 0.8213 0.0057 0.0023 0.1059 
        BW55  3 0.0017 0.0008 0.0021 0.0014 0.0011 0.0019 0.0010 0.9799 0.0019 0.0032 0.0050 
        BW56  3 0.0009 0.0012 0.0024 0.0010 0.0021 0.0019 0.0023 0.9811 0.0022 0.0016 0.0032 
        BW57  3 0.0007 0.0023 0.0037 0.0012 0.0010 0.0024 0.0039 0.9765 0.0030 0.0014 0.0039 
        BW58  3 0.0005 0.0011 0.0022 0.0010 0.0010 0.0025 0.0015 0.9817 0.0031 0.0015 0.0040 
        BW59  3 0.0007 0.0016 0.0687 0.0009 0.0009 0.0018 0.0032 0.9111 0.0022 0.0015 0.0073 
        BW60  3 0.0008 0.0009 0.0012 0.0011 0.0010 0.0020 0.0011 0.9850 0.0022 0.0017 0.0030 
        BW61  3 0.0008 0.0025 0.0249 0.0012 0.0647 0.0033 0.0011 0.8676 0.0029 0.0026 0.0283 
        BW62  3 0.0070 0.0014 0.0030 0.0011 0.0016 0.0017 0.0028 0.9664 0.0021 0.0016 0.0112 
        BW63  3 0.0222 0.0107 0.0023 0.0014 0.0013 0.0078 0.0041 0.9110 0.0142 0.0017 0.0233 
        BW64  3 0.0008 0.0010 0.0073 0.0010 0.0008 0.0019 0.0010 0.9780 0.0018 0.0016 0.0047 
        BW65  3 0.0017 0.0014 0.0037 0.0051 0.0046 0.0098 0.0366 0.9209 0.0074 0.0035 0.0052 
        BW66  3 0.0014 0.0037 0.0040 0.0012 0.0020 0.0020 0.0012 0.9684 0.0056 0.0064 0.0040 
        BW67  3 0.0008 0.0010 0.1725 0.0009 0.0008 0.0017 0.0011 0.8151 0.0018 0.0016 0.0027 
        BW68  3 0.0017 0.0020 0.0032 0.0013 0.0032 0.0036 0.0048 0.9611 0.0045 0.0015 0.0130 
        BW69  3 0.0007 0.0008 0.0016 0.0015 0.0440 0.0024 0.0013 0.9406 0.0018 0.0020 0.0033 
        BW70  3 0.0010 0.0023 0.0617 0.0022 0.0009 0.0027 0.0021 0.9163 0.0032 0.0024 0.0050 
        BW71  3 0.0005 0.0013 0.0442 0.0009 0.0008 0.0019 0.0011 0.9425 0.0020 0.0021 0.0029 
        BW72  3 0.0068 0.0034 0.0053 0.0027 0.0047 0.0070 0.0052 0.9190 0.0034 0.0045 0.0381 
        BW73  3 0.0012 0.0026 0.0056 0.0015 0.0137 0.0229 0.0110 0.9050 0.0055 0.0258 0.0052 
        BW74  3 0.0007 0.0033 0.0046 0.0017 0.0012 0.0043 0.0024 0.9703 0.0035 0.0022 0.0058 
        BW75  3 0.0007 0.0026 0.0107 0.0020 0.0009 0.0061 0.0021 0.9316 0.0093 0.0153 0.0187 
        BW76  3 0.0022 0.0009 0.0052 0.0019 0.0029 0.0025 0.0018 0.9738 0.0021 0.0024 0.0042 
        BW77  3 0.0006 0.0077 0.1060 0.0019 0.0020 0.0111 0.0032 0.8449 0.0086 0.0021 0.0118 
        BW78  3 0.0008 0.0085 0.0013 0.0013 0.0010 0.0018 0.0010 0.9778 0.0017 0.0020 0.0028 
        BW79  3 0.0007 0.0011 0.0067 0.0010 0.0010 0.0024 0.0016 0.9608 0.0072 0.0021 0.0153 
        BW80  3 0.0010 0.0009 0.0036 0.0011 0.0010 0.0018 0.0034 0.9590 0.0019 0.0016 0.0246 
        BW81  3 0.0005 0.0021 0.0018 0.0010 0.0011 0.0022 0.0010 0.9831 0.0022 0.0015 0.0035 
       BWS05  3 0.0013 0.0024 0.0112 0.0024 0.0087 0.0066 0.0079 0.9413 0.0049 0.0040 0.0093 
       BWS06  3 0.0008 0.0009 0.0060 0.0021 0.0011 0.0021 0.0019 0.9772 0.0021 0.0022 0.0036 
       BWS07  3 0.0013 0.0011 0.0311 0.0010 0.0008 0.0179 0.0117 0.9144 0.0110 0.0012 0.0086 
       BWS08  3 0.0088 0.0093 0.0031 0.0021 0.0105 0.0031 0.0015 0.9278 0.0141 0.0058 0.0137 
       BWS09  3 0.0008 0.0007 0.0416 0.0013 0.0008 0.0020 0.0010 0.9459 0.0018 0.0014 0.0027 
       BWS10  3 0.0165 0.0017 0.0079 0.0017 0.0012 0.0037 0.0020 0.9538 0.0040 0.0023 0.0052 
       BWS11  3 0.0007 0.0011 0.0027 0.0011 0.0009 0.0025 0.0010 0.9819 0.0015 0.0017 0.0049 
       BWS12  3 0.0007 0.0015 0.0021 0.0015 0.0009 0.0031 0.0018 0.9778 0.0020 0.0041 0.0045 
       BWS13  3 0.0017 0.0007 0.0011 0.0032 0.0008 0.0025 0.0015 0.9820 0.0016 0.0021 0.0027 
       BWS14  3 0.0007 0.0011 0.0018 0.0011 0.0012 0.0026 0.0022 0.9804 0.0023 0.0013 0.0054 
       BWS15  3 0.0024 0.0021 0.0050 0.0047 0.0017 0.0072 0.0021 0.9504 0.0042 0.0077 0.0126 
       BWS16  3 0.0008 0.0761 0.0012 0.0010 0.0011 0.0022 0.0023 0.9069 0.0022 0.0015 0.0048 
       BWS17  3 0.0014 0.0012 0.0017 0.0016 0.0022 0.0023 0.0013 0.9801 0.0021 0.0021 0.0040 
       BWS18  3 0.0013 0.0022 0.0065 0.0527 0.0011 0.0037 0.0020 0.9221 0.0030 0.0014 0.0041 
       BWS19  3 0.0007 0.0055 0.0133 0.0250 0.0056 0.0211 0.0013 0.9197 0.0023 0.0018 0.0038 
       BWS20  3 0.0007 0.0035 0.0028 0.0010 0.0009 0.0020 0.0008 0.9774 0.0063 0.0017 0.0029 
       BWS21  3 0.0021 0.0009 0.0015 0.0145 0.0018 0.0071 0.0215 0.8997 0.0075 0.0034 0.0400 
       BWS22  3 0.0011 0.0013 0.0179 0.0017 0.0012 0.0030 0.0025 0.9649 0.0017 0.0016 0.0032 
       BWS23  3 0.0007 0.0023 0.0037 0.0432 0.0014 0.0026 0.0020 0.9354 0.0026 0.0013 0.0047 
       BWS24  3 0.0028 0.0027 0.0026 0.0026 0.0012 0.0070 0.0027 0.9512 0.0050 0.0026 0.0195 
       BWS25  3 0.0005 0.0010 0.0013 0.0010 0.0026 0.0145 0.0009 0.9728 0.0014 0.0015 0.0025 
       BWS26  3 0.0008 0.0012 0.0016 0.0011 0.0013 0.0035 0.0018 0.9788 0.0029 0.0026 0.0045 
       BWS27  3 0.0007 0.0086 0.0020 0.0011 0.0008 0.0019 0.0013 0.9684 0.0022 0.0015 0.0116 
       BWS28  3 0.0046 0.0017 0.0025 0.0017 0.0021 0.0064 0.0077 0.9567 0.0033 0.0021 0.0112 
       BWS29  3 0.0016 0.0017 0.0018 0.0016 0.0023 0.0025 0.0018 0.9729 0.0030 0.0033 0.0075 
       BWS30  3 0.0005 0.0008 0.0956 0.0020 0.0012 0.0029 0.0012 0.8886 0.0026 0.0016 0.0031 
       BWS31  3 0.0015 0.0046 0.0035 0.0011 0.0045 0.0025 0.0015 0.9615 0.0112 0.0014 0.0067 
       BWS32  3 0.0037 0.0015 0.0043 0.0013 0.0009 0.0058 0.0013 0.9668 0.0079 0.0027 0.0037 
       BWS33  3 0.0022 0.0011 0.0019 0.0021 0.0028 0.0031 0.0032 0.9519 0.0020 0.0023 0.0274 
       BWS34  3 0.0023 0.0012 0.0015 0.0020 0.0015 0.0026 0.0016 0.9759 0.0028 0.0030 0.0058 
       BWS35  3 0.0010 0.0019 0.0016 0.0021 0.0014 0.0045 0.0040 0.9663 0.0032 0.0030 0.0111 
       BWS36  3 0.0006 0.0009 0.0026 0.0010 0.0009 0.0017 0.0010 0.9832 0.0016 0.0038 0.0027 
       BWS37  3 0.0009 0.0018 0.0025 0.0012 0.0028 0.0023 0.0013 0.9796 0.0024 0.0015 0.0036 
       BWS38  3 0.0013 0.0023 0.0120 0.0023 0.0012 0.0041 0.0018 0.9583 0.0049 0.0047 0.0073 
       BWS39  3 0.0006 0.0018 0.2445 0.0011 0.0009 0.0018 0.0020 0.7393 0.0026 0.0017 0.0037 
       BWS40  3 0.0007 0.0008 0.0024 0.0016 0.0012 0.0023 0.0012 0.9802 0.0017 0.0048 0.0032 
       BWN01  3 0.0007 0.0086 0.0027 0.0012 0.0015 0.0020 0.0010 0.9746 0.0020 0.0020 0.0037 
       BWN02  3 0.0006 0.0270 0.0535 0.0010 0.0010 0.0021 0.0017 0.8672 0.0402 0.0013 0.0043 
       BWN03  3 0.0011 0.0009 0.0027 0.0025 0.0050 0.0037 0.0204 0.9219 0.0028 0.0045 0.0345 
       BWN04  3 0.0007 0.0018 0.0129 0.0010 0.0010 0.0020 0.0021 0.9598 0.0065 0.0093 0.0030 
        NC01  4 0.0047 0.8720 0.0183 0.0012 0.0009 0.0208 0.0035 0.0694 0.0039 0.0020 0.0035 
        NC02  4 0.0023 0.9207 0.0075 0.0023 0.0085 0.0127 0.0025 0.0197 0.0143 0.0034 0.0060 
        NC03  4 0.0007 0.9828 0.0013 0.0012 0.0009 0.0031 0.0011 0.0025 0.0025 0.0014 0.0026 
        NC04  4 0.0090 0.9313 0.0021 0.0013 0.0056 0.0101 0.0018 0.0240 0.0092 0.0015 0.0041 
        NC05  4 0.0196 0.8610 0.0014 0.0348 0.0014 0.0037 0.0015 0.0310 0.0134 0.0035 0.0288 
        NC06  4 0.0008 0.8824 0.0171 0.0013 0.0187 0.0033 0.0020 0.0637 0.0058 0.0014 0.0036 
        NC07  4 0.0018 0.9625 0.0028 0.0014 0.0009 0.0026 0.0023 0.0122 0.0071 0.0017 0.0047 
        NC08  4 0.0013 0.8578 0.0972 0.0018 0.0014 0.0040 0.0010 0.0189 0.0077 0.0024 0.0065 
        NC09  4 0.0031 0.9599 0.0019 0.0022 0.0012 0.0027 0.0018 0.0077 0.0088 0.0031 0.0076 
        NC10  4 0.0008 0.6776 0.0130 0.0010 0.0009 0.0024 0.0018 0.2597 0.0243 0.0155 0.0030 
        NC11  4 0.0106 0.8673 0.0021 0.0049 0.0145 0.0118 0.0027 0.0346 0.0183 0.0103 0.0230 
        NC12  4 0.0022 0.5990 0.0012 0.0011 0.0065 0.0034 0.0013 0.0191 0.3574 0.0015 0.0074 
        NC13  4 0.0017 0.9284 0.0018 0.0023 0.0009 0.0042 0.0015 0.0103 0.0120 0.0013 0.0356 
        NC14  4 0.0012 0.9060 0.0101 0.0011 0.0011 0.0112 0.0018 0.0294 0.0286 0.0023 0.0072 
        NC15  4 0.0009 0.8553 0.0026 0.0024 0.0018 0.0025 0.0015 0.0112 0.0285 0.0030 0.0901 
        NC16  4 0.0010 0.9252 0.0222 0.0012 0.0008 0.0081 0.0029 0.0255 0.0055 0.0019 0.0056 
        NC18  4 0.0015 0.9208 0.0053 0.0018 0.0014 0.0029 0.0016 0.0273 0.0194 0.0073 0.0107 
        NC19  4 0.0015 0.9824 0.0016 0.0010 0.0008 0.0019 0.0009 0.0030 0.0032 0.0012 0.0026 
        NC20  4 0.0016 0.9311 0.0134 0.0024 0.0034 0.0021 0.0012 0.0324 0.0028 0.0058 0.0038 
        NC21  4 0.0049 0.9267 0.0363 0.0033 0.0010 0.0060 0.0023 0.0093 0.0038 0.0016 0.0047 
        NC22  4 0.0007 0.9171 0.0186 0.0038 0.0081 0.0034 0.0016 0.0367 0.0042 0.0026 0.0034 
        NC23  4 0.0007 0.8989 0.0084 0.0013 0.0010 0.0094 0.0029 0.0185 0.0383 0.0099 0.0107 
        NC24  4 0.0012 0.9641 0.0011 0.0021 0.0029 0.0035 0.0014 0.0055 0.0039 0.0071 0.0072 
      SAND01  4 0.0011 0.0011 0.9832 0.0012 0.0008 0.0015 0.0011 0.0036 0.0019 0.0015 0.0030 
      SAND02  4 0.0044 0.0008 0.9551 0.0010 0.0152 0.0041 0.0011 0.0124 0.0020 0.0014 0.0025 
      SAND03  4 0.0005 0.0007 0.9865 0.0009 0.0008 0.0014 0.0009 0.0035 0.0012 0.0013 0.0022 
      SAND04  4 0.0005 0.0011 0.9840 0.0011 0.0011 0.0022 0.0015 0.0027 0.0015 0.0014 0.0030 
      SAND05  4 0.0007 0.0010 0.9841 0.0011 0.0009 0.0019 0.0013 0.0032 0.0015 0.0015 0.0028 
      SAND06  4 0.0007 0.0017 0.9790 0.0010 0.0011 0.0028 0.0016 0.0044 0.0032 0.0013 0.0031 
      SAND07  4 0.0007 0.0010 0.9820 0.0012 0.0009 0.0015 0.0010 0.0045 0.0018 0.0024 0.0030 
      SAND08  4 0.0007 0.0210 0.9413 0.0009 0.0015 0.0020 0.0014 0.0079 0.0185 0.0020 0.0029 
      SAND09  4 0.0021 0.0045 0.7558 0.0019 0.0017 0.0041 0.0027 0.1164 0.0815 0.0023 0.0271 
      SAND10  4 0.0050 0.0046 0.9267 0.0024 0.0065 0.0032 0.0009 0.0070 0.0314 0.0024 0.0099 
      SAND11  4 0.0012 0.0010 0.9803 0.0013 0.0011 0.0019 0.0011 0.0052 0.0013 0.0017 0.0040 
      SAND12  4 0.0008 0.0009 0.9841 0.0010 0.0008 0.0016 0.0011 0.0028 0.0017 0.0019 0.0032 
      SAND13  4 0.0052 0.0045 0.9256 0.0024 0.0062 0.0031 0.0009 0.0071 0.0333 0.0025 0.0093 
      SAND14  4 0.0088 0.0021 0.9263 0.0025 0.0186 0.0042 0.0013 0.0157 0.0092 0.0030 0.0083 
      SAND15  4 0.0010 0.0013 0.9807 0.0015 0.0008 0.0017 0.0025 0.0041 0.0019 0.0013 0.0033 
      SAND16  4 0.0010 0.0274 0.9086 0.0013 0.0010 0.0112 0.0182 0.0084 0.0085 0.0013 0.0133 
      SAND17  4 0.0008 0.0010 0.9806 0.0011 0.0009 0.0019 0.0010 0.0064 0.0019 0.0016 0.0028 
      SAND18  4 0.0006 0.0009 0.9841 0.0009 0.0009 0.0017 0.0009 0.0040 0.0016 0.0014 0.0030 
      SAND19  4 0.0005 0.0008 0.9858 0.0009 0.0008 0.0016 0.0010 0.0032 0.0015 0.0012 0.0029 
      SAND20  4 0.0006 0.0054 0.9654 0.0011 0.0007 0.0014 0.0009 0.0054 0.0135 0.0026 0.0030 
      SAND21  4 0.0006 0.0013 0.9794 0.0010 0.0009 0.0016 0.0011 0.0069 0.0022 0.0019 0.0029 
      SAND22  4 0.0006 0.0020 0.9601 0.0010 0.0006 0.0018 0.0008 0.0190 0.0099 0.0015 0.0027 
      SAND23  4 0.0007 0.0009 0.9812 0.0010 0.0012 0.0019 0.0012 0.0061 0.0015 0.0013 0.0031 
      SAND24  4 0.0010 0.0014 0.0014 0.0015 0.0025 0.0030 0.0012 0.9805 0.0018 0.0017 0.0041 
      SAND25  4 0.0009 0.0095 0.9510 0.0013 0.0012 0.0060 0.0119 0.0030 0.0050 0.0019 0.0082 
      SAND26  4 0.0007 0.0017 0.9847 0.0009 0.0010 0.0014 0.0009 0.0027 0.0023 0.0013 0.0024 
      SAND27  4 0.0020 0.0042 0.6844 0.0017 0.0015 0.0029 0.0013 0.0190 0.2719 0.0036 0.0075 
      SAND28  4 0.0006 0.0010 0.9831 0.0010 0.0011 0.0018 0.0010 0.0043 0.0017 0.0016 0.0028 
      SAND29  4 0.0006 0.0008 0.9851 0.0009 0.0008 0.0017 0.0010 0.0035 0.0014 0.0014 0.0028 
      SAND30  4 0.0011 0.0033 0.9630 0.0013 0.0007 0.0017 0.0020 0.0162 0.0056 0.0016 0.0034 
      SAND31  4 0.0017 0.0017 0.9782 0.0010 0.0008 0.0018 0.0008 0.0026 0.0037 0.0026 0.0050 
      SAND32  4 0.0011 0.0121 0.8600 0.0015 0.0033 0.0030 0.0015 0.0050 0.1062 0.0014 0.0048 
      SAND33  4 0.0013 0.0011 0.9654 0.0027 0.0020 0.0019 0.0018 0.0088 0.0044 0.0045 0.0061 
      SAND34  4 0.0010 0.0011 0.9827 0.0010 0.0009 0.0017 0.0010 0.0042 0.0021 0.0012 0.0033 
      SAND35  4 0.0005 0.0007 0.9881 0.0009 0.0007 0.0013 0.0008 0.0022 0.0013 0.0014 0.0022 
      SAND36  4 0.0007 0.0013 0.9651 0.0009 0.0011 0.0025 0.0010 0.0202 0.0028 0.0014 0.0030 
      SAND37  4 0.0008 0.0010 0.9577 0.0010 0.0009 0.0019 0.0011 0.0237 0.0073 0.0014 0.0032 
      SAND38  4 0.0007 0.0026 0.9736 0.0012 0.0010 0.0024 0.0018 0.0068 0.0046 0.0023 0.0029 
      SAND39  4 0.0007 0.0146 0.9517 0.0009 0.0011 0.0022 0.0009 0.0066 0.0164 0.0016 0.0033 
      SAND40  4 0.0069 0.0013 0.9467 0.0017 0.0102 0.0062 0.0022 0.0102 0.0042 0.0035 0.0069 
      SAND41  4 0.0027 0.0012 0.9692 0.0010 0.0029 0.0037 0.0009 0.0107 0.0034 0.0015 0.0027 
