        TC01  1 0.0012 0.0051 0.0010 0.0013 0.0029 0.0054 0.0023 0.0017 0.9393 0.0048 0.0039 0.0030 0.0084 0.0092 0.0061 0.0043 
        TC02  1 0.0013 0.0013 0.0010 0.0022 0.0017 0.0033 0.0029 0.0023 0.9440 0.0061 0.0023 0.0040 0.0108 0.0037 0.0086 0.0047 
        TC03  1 0.0015 0.0012 0.0020 0.0015 0.0024 0.0023 0.0029 0.0027 0.9513 0.0024 0.0034 0.0033 0.0129 0.0022 0.0046 0.0033 
        TC04  1 0.0012 0.0009 0.0025 0.0061 0.0091 0.0025 0.0528 0.0022 0.8070 0.0025 0.0027 0.0051 0.0504 0.0027 0.0292 0.0231 
        TC05  1 0.0007 0.0008 0.0010 0.0012 0.0011 0.0016 0.0243 0.0023 0.9335 0.0040 0.0033 0.0045 0.0105 0.0015 0.0048 0.0048 
        TC06  1 0.0009 0.0012 0.0011 0.0029 0.0039 0.0017 0.0033 0.0019 0.8514 0.0043 0.0043 0.0051 0.1027 0.0018 0.0094 0.0041 
        TC07  1 0.0007 0.0006 0.0009 0.0024 0.0013 0.0016 0.0045 0.0031 0.9372 0.0030 0.0054 0.0068 0.0135 0.0085 0.0032 0.0072 
        TC08  1 0.0009 0.0011 0.0007 0.0011 0.0010 0.0020 0.0053 0.0031 0.9445 0.0052 0.0046 0.0048 0.0090 0.0019 0.0114 0.0036 
        TC09  1 0.0006 0.0007 0.0015 0.0016 0.0014 0.0028 0.0035 0.0016 0.8293 0.0041 0.0055 0.0062 0.0595 0.0018 0.0778 0.0022 
        TC10  1 0.0070 0.0010 0.0167 0.0009 0.0011 0.0025 0.0020 0.0016 0.8765 0.0041 0.0024 0.0033 0.0502 0.0053 0.0033 0.0221 
        TC11  1 0.0013 0.0008 0.0010 0.0025 0.0015 0.0014 0.0021 0.0034 0.9521 0.0122 0.0022 0.0016 0.0064 0.0054 0.0037 0.0026 
        TC12  1 0.0025 0.0029 0.0019 0.0017 0.0041 0.0039 0.0035 0.0029 0.9162 0.0021 0.0035 0.0057 0.0196 0.0040 0.0113 0.0141 
        TC13  1 0.0010 0.0007 0.0008 0.0012 0.0011 0.0021 0.0024 0.0017 0.9472 0.0096 0.0033 0.0022 0.0145 0.0018 0.0072 0.0032 
        TC14  1 0.0016 0.0018 0.0019 0.0020 0.0030 0.0047 0.0055 0.0049 0.7875 0.0074 0.0053 0.0053 0.1505 0.0045 0.0109 0.0032 
        TC15  1 0.0064 0.0008 0.0018 0.0133 0.0020 0.0083 0.0049 0.0027 0.8529 0.0053 0.0043 0.0032 0.0698 0.0014 0.0183 0.0047 
        TC16  1 0.0009 0.0015 0.0012 0.0018 0.0026 0.0032 0.0036 0.0042 0.7697 0.0030 0.0030 0.0055 0.0603 0.0019 0.1307 0.0069 
        TC17  1 0.0025 0.0075 0.0019 0.0078 0.0036 0.0152 0.0141 0.0094 0.7608 0.0050 0.0087 0.0056 0.1231 0.0063 0.0224 0.0062 
        TC18  1 0.0082 0.0030 0.0034 0.0019 0.0192 0.0063 0.0163 0.0069 0.8772 0.0226 0.0021 0.0029 0.0172 0.0045 0.0044 0.0040 
        TC19  1 0.0013 0.0012 0.0010 0.0010 0.0013 0.0018 0.0019 0.0020 0.9094 0.0080 0.0016 0.0032 0.0119 0.0021 0.0489 0.0034 
        TC20  1 0.0007 0.0028 0.0008 0.0010 0.0028 0.0019 0.0049 0.0021 0.9452 0.0041 0.0027 0.0022 0.0119 0.0018 0.0114 0.0037 
        TC21  1 0.0015 0.0012 0.0083 0.0075 0.0314 0.0716 0.0090 0.0166 0.7954 0.0032 0.0020 0.0059 0.0183 0.0124 0.0092 0.0066 
        TC22  1 0.0141 0.0023 0.0028 0.0019 0.0014 0.0053 0.0031 0.0021 0.9038 0.0089 0.0031 0.0073 0.0140 0.0025 0.0094 0.0180 
        TC23  1 0.0017 0.0084 0.0013 0.0010 0.0017 0.0027 0.0022 0.0025 0.9150 0.0246 0.0031 0.0036 0.0157 0.0079 0.0046 0.0040 
        TC24  1 0.0006 0.0009 0.0010 0.0009 0.0009 0.0018 0.0021 0.0029 0.9639 0.0050 0.0019 0.0015 0.0090 0.0012 0.0041 0.0021 
        TC25  1 0.0010 0.0015 0.0064 0.0031 0.0112 0.0038 0.0026 0.0037 0.8208 0.0026 0.0026 0.0048 0.1123 0.0127 0.0046 0.0062 
        TC26  1 0.0008 0.0010 0.0009 0.0028 0.0012 0.0022 0.0024 0.0024 0.8960 0.0035 0.0050 0.0071 0.0640 0.0016 0.0052 0.0042 
        TC27  1 0.0176 0.0010 0.0012 0.0081 0.0020 0.0033 0.0205 0.0048 0.8394 0.0427 0.0052 0.0025 0.0408 0.0021 0.0049 0.0040 
        TC28  1 0.0010 0.0008 0.0017 0.0036 0.0024 0.0032 0.0056 0.0025 0.8985 0.0032 0.0025 0.0024 0.0491 0.0024 0.0044 0.0168 
        TC29  1 0.0007 0.0013 0.0017 0.0016 0.0033 0.0025 0.0295 0.0071 0.8400 0.0065 0.0050 0.0028 0.0816 0.0037 0.0096 0.0033 
        TC30  1 0.0010 0.0013 0.0018 0.0016 0.0012 0.0024 0.0025 0.0021 0.9237 0.0096 0.0024 0.0038 0.0261 0.0029 0.0149 0.0027 
        TC31  1 0.0033 0.0046 0.0031 0.0012 0.0053 0.0038 0.0039 0.0041 0.8991 0.0125 0.0019 0.0025 0.0105 0.0275 0.0084 0.0080 
        TC32  1 0.0008 0.0009 0.0035 0.0029 0.0017 0.0016 0.0042 0.0022 0.7979 0.0082 0.0039 0.0066 0.1069 0.0024 0.0057 0.0508 
        TC33  1 0.0013 0.0014 0.0013 0.0015 0.0018 0.0033 0.0042 0.0057 0.9211 0.0059 0.0037 0.0030 0.0173 0.0206 0.0043 0.0034 
        TC34  1 0.0020 0.0027 0.0009 0.0014 0.0016 0.0027 0.0031 0.0070 0.8609 0.0161 0.0103 0.0028 0.0704 0.0021 0.0114 0.0044 
        TC35  1 0.0036 0.0027 0.0010 0.0033 0.0039 0.0033 0.0062 0.0021 0.8816 0.0120 0.0031 0.0024 0.0190 0.0085 0.0346 0.0127 
        TC36  1 0.0012 0.0010 0.0030 0.0122 0.0019 0.0029 0.0066 0.0028 0.9096 0.0154 0.0035 0.0043 0.0189 0.0021 0.0085 0.0060 
        TC37  1 0.0010 0.0012 0.0014 0.0015 0.0018 0.0025 0.0036 0.0064 0.9131 0.0376 0.0037 0.0033 0.0067 0.0025 0.0063 0.0072 
        TC38  1 0.0008 0.0011 0.0012 0.0020 0.0239 0.0029 0.0044 0.0024 0.7955 0.0068 0.0021 0.0040 0.0454 0.0040 0.0999 0.0038 
        TC39  1 0.0008 0.0011 0.0011 0.0014 0.0020 0.0025 0.0028 0.0024 0.7211 0.0123 0.0037 0.0037 0.2283 0.0023 0.0105 0.0042 
        TC40  1 0.0015 0.0014 0.0028 0.0016 0.0019 0.0036 0.0035 0.0124 0.8948 0.0032 0.0044 0.0032 0.0532 0.0024 0.0052 0.0048 
        TC41  1 0.0008 0.0027 0.0017 0.0023 0.0020 0.0017 0.0132 0.0032 0.9207 0.0088 0.0054 0.0034 0.0111 0.0018 0.0045 0.0167 
        TC42  1 0.0008 0.0013 0.0009 0.0011 0.0010 0.0025 0.0044 0.0018 0.9312 0.0104 0.0023 0.0035 0.0280 0.0013 0.0071 0.0024 
        TC43  1 0.0011 0.0009 0.0013 0.0014 0.0018 0.0024 0.0047 0.0023 0.9154 0.0130 0.0030 0.0031 0.0340 0.0024 0.0080 0.0050 
        TC44  1 0.0022 0.0013 0.0012 0.0010 0.0014 0.0030 0.0027 0.0018 0.8862 0.0028 0.0039 0.0032 0.0300 0.0035 0.0519 0.0039 
        TC45  1 0.0006 0.0015 0.0008 0.0014 0.0042 0.0044 0.0040 0.0015 0.9392 0.0074 0.0023 0.0047 0.0097 0.0018 0.0047 0.0119 
        TC46  1 0.0052 0.0013 0.0018 0.0020 0.0030 0.0030 0.0044 0.0026 0.9210 0.0057 0.0020 0.0037 0.0118 0.0017 0.0042 0.0265 
        TC47  1 0.0052 0.0021 0.0010 0.0016 0.0016 0.0017 0.0026 0.0022 0.9234 0.0035 0.0028 0.0022 0.0278 0.0041 0.0133 0.0048 
        TC48  1 0.0015 0.0027 0.0018 0.0042 0.0047 0.0071 0.0037 0.0156 0.9044 0.0050 0.0037 0.0102 0.0222 0.0020 0.0050 0.0061 
        TC49  1 0.0010 0.0013 0.0008 0.0022 0.0015 0.0070 0.0058 0.0026 0.9337 0.0104 0.0029 0.0037 0.0138 0.0030 0.0035 0.0067 
        TC50  1 0.0039 0.0021 0.0024 0.0034 0.0028 0.0026 0.0029 0.0052 0.9344 0.0074 0.0050 0.0035 0.0093 0.0036 0.0081 0.0034 
        TC51  1 0.0012 0.0013 0.0011 0.0014 0.0019 0.0037 0.0034 0.0021 0.9234 0.0023 0.0028 0.0053 0.0285 0.0056 0.0116 0.0041 
        TC52  1 0.0007 0.0008 0.0043 0.0015 0.0031 0.0025 0.0029 0.0022 0.9439 0.0032 0.0021 0.0034 0.0128 0.0013 0.0042 0.0114 
        TC53  1 0.0054 0.0027 0.0008 0.0023 0.0009 0.0043 0.0028 0.0023 0.9298 0.0045 0.0032 0.0072 0.0198 0.0012 0.0103 0.0025 
        TC54  1 0.0021 0.0013 0.0016 0.0077 0.0024 0.0104 0.0048 0.0398 0.8614 0.0051 0.0042 0.0034 0.0405 0.0030 0.0055 0.0068 
        TC55  1 0.0014 0.0010 0.0063 0.0114 0.0026 0.0036 0.0035 0.0047 0.8596 0.0065 0.0032 0.0102 0.0713 0.0029 0.0041 0.0079 
        TC56  1 0.0017 0.0017 0.0016 0.0034 0.0087 0.0033 0.0118 0.0201 0.8846 0.0098 0.0058 0.0094 0.0201 0.0042 0.0088 0.0052 
        TC57  1 0.0038 0.0022 0.0015 0.0051 0.0015 0.0043 0.0081 0.0040 0.9218 0.0079 0.0034 0.0040 0.0130 0.0024 0.0116 0.0053 
        TC58  1 0.0018 0.0017 0.0008 0.0025 0.0016 0.0019 0.0027 0.0018 0.9261 0.0030 0.0048 0.0036 0.0179 0.0190 0.0050 0.0057 
        TC59  1 0.0009 0.0010 0.0007 0.0022 0.0009 0.0026 0.0029 0.0021 0.9438 0.0042 0.0030 0.0020 0.0231 0.0033 0.0045 0.0029 
        TA01  2 0.0012 0.0014 0.0009 0.0037 0.0013 0.0015 0.0024 0.0031 0.9132 0.0056 0.0217 0.0024 0.0187 0.0022 0.0187 0.0020 
        TA02  2 0.0008 0.0009 0.0018 0.0018 0.0020 0.0031 0.0115 0.0055 0.9192 0.0206 0.0032 0.0022 0.0117 0.0014 0.0097 0.0047 
        TA03  2 0.0046 0.0012 0.0011 0.0018 0.0014 0.0027 0.0036 0.0037 0.8885 0.0039 0.0051 0.0026 0.0123 0.0024 0.0602 0.0048 
        TA04  2 0.0017 0.0011 0.0011 0.0014 0.0013 0.0018 0.0024 0.0022 0.5950 0.0040 0.0034 0.0023 0.0293 0.0019 0.3444 0.0068 
        TA05  2 0.0011 0.0007 0.0008 0.0011 0.0018 0.0022 0.0024 0.0025 0.9531 0.0028 0.0026 0.0040 0.0075 0.0019 0.0118 0.0036 
        TA06  2 0.0008 0.0016 0.0014 0.0025 0.0012 0.0011 0.0013 0.0019 0.9327 0.0117 0.0048 0.0023 0.0201 0.0037 0.0089 0.0039 
        TA07  2 0.0010 0.0012 0.0015 0.0027 0.0014 0.0045 0.0040 0.0043 0.7655 0.0033 0.0026 0.0073 0.0126 0.0036 0.1807 0.0038 
        TA08  2 0.0095 0.0007 0.0007 0.0013 0.0017 0.0015 0.0026 0.0018 0.9030 0.0045 0.0022 0.0021 0.0403 0.0017 0.0243 0.0021 
        TA09  2 0.0011 0.0009 0.0010 0.0010 0.0009 0.0014 0.0025 0.0021 0.8956 0.0230 0.0033 0.0031 0.0190 0.0015 0.0394 0.0041 
        TA10  2 0.0009 0.0032 0.0008 0.0029 0.0014 0.0034 0.0061 0.0021 0.8719 0.0047 0.0076 0.0038 0.0214 0.0484 0.0173 0.0041 
        TA11  2 0.0033 0.0075 0.0010 0.0012 0.0027 0.0112 0.0028 0.0025 0.8686 0.0079 0.0027 0.0051 0.0262 0.0234 0.0222 0.0118 
        TA12  2 0.0007 0.0293 0.0007 0.0021 0.0012 0.0155 0.0162 0.0025 0.8772 0.0052 0.0030 0.0089 0.0128 0.0050 0.0162 0.0035 
        TA13  2 0.0010 0.0034 0.0014 0.0025 0.0014 0.0100 0.0306 0.0032 0.7116 0.0036 0.0041 0.0990 0.0494 0.0081 0.0662 0.0043 
        TA14  2 0.0007 0.0006 0.0017 0.0009 0.0009 0.0017 0.0029 0.0034 0.9295 0.0134 0.0023 0.0042 0.0198 0.0012 0.0137 0.0029 
        TA15  2 0.0007 0.0009 0.0009 0.0011 0.0009 0.0036 0.0037 0.0021 0.9390 0.0072 0.0028 0.0037 0.0200 0.0019 0.0089 0.0028 
        TA16  2 0.0011 0.0011 0.0011 0.0025 0.0013 0.0033 0.0250 0.0020 0.7894 0.0130 0.0046 0.0059 0.0663 0.0238 0.0555 0.0041 
        TA17  2 0.0018 0.0019 0.0009 0.0011 0.0010 0.0024 0.0059 0.0033 0.9281 0.0035 0.0109 0.0049 0.0210 0.0016 0.0069 0.0046 
        TA18  2 0.0011 0.0017 0.0020 0.0012 0.0010 0.0017 0.0035 0.0020 0.8489 0.0086 0.0917 0.0029 0.0100 0.0070 0.0084 0.0083 
        TA19  2 0.0608 0.0054 0.0015 0.0024 0.0012 0.0021 0.0037 0.0026 0.8094 0.0059 0.0032 0.0033 0.0253 0.0076 0.0576 0.0080 
        TA20  2 0.0010 0.0016 0.0009 0.0021 0.0019 0.0029 0.0755 0.0105 0.8244 0.0304 0.0036 0.0028 0.0310 0.0017 0.0070 0.0027 
        TA21  2 0.0013 0.0009 0.0012 0.0053 0.0017 0.0035 0.0054 0.0076 0.8254 0.0131 0.0065 0.0043 0.1063 0.0024 0.0108 0.0044 
        TA22  2 0.0007 0.0011 0.0010 0.0028 0.0011 0.0013 0.0027 0.0074 0.9026 0.0170 0.0040 0.0031 0.0453 0.0014 0.0048 0.0035 
        TA23  2 0.0009 0.0008 0.0009 0.0016 0.0011 0.0017 0.0027 0.0025 0.7332 0.1414 0.0035 0.0020 0.0919 0.0017 0.0106 0.0032 
        TA24  2 0.0025 0.0011 0.0014 0.0243 0.0012 0.0038 0.0030 0.0022 0.9260 0.0046 0.0037 0.0021 0.0104 0.0018 0.0071 0.0047 
        TA25  2 0.0008 0.0116 0.0008 0.0029 0.0013 0.0030 0.0085 0.0015 0.7785 0.0073 0.0130 0.0032 0.0260 0.1294 0.0081 0.0042 
        TA26  2 0.0015 0.0037 0.0009 0.0012 0.0050 0.0041 0.0038 0.0036 0.8157 0.0053 0.0023 0.0043 0.1083 0.0043 0.0334 0.0026 
        TA27  2 0.0015 0.0029 0.0014 0.0014 0.0010 0.0042 0.0106 0.0032 0.8508 0.0805 0.0129 0.0032 0.0122 0.0020 0.0094 0.0028 
        TA28  2 0.0009 0.0012 0.0032 0.0016 0.0074 0.0066 0.0110 0.0105 0.8833 0.0197 0.0066 0.0030 0.0162 0.0016 0.0161 0.0112 
        TA29  2 0.0025 0.0016 0.0009 0.0015 0.0011 0.0020 0.0032 0.0018 0.9152 0.0048 0.0037 0.0037 0.0471 0.0021 0.0050 0.0037 
        TA30  2 0.0074 0.0012 0.0013 0.0020 0.0022 0.0100 0.0068 0.0067 0.6061 0.0222 0.0031 0.0072 0.1075 0.0020 0.2106 0.0036 
      BERM01  3 0.0007 0.0007 0.0008 0.0009 0.0009 0.0018 0.0020 0.0021 0.0023 0.0021 0.0029 0.0022 0.8845 0.0016 0.0922 0.0022 
      BERM02  3 0.0006 0.0006 0.0010 0.0011 0.0011 0.0017 0.0023 0.0021 0.0039 0.0040 0.0019 0.0024 0.9549 0.0013 0.0181 0.0030 
      BERM03  3 0.0009 0.0008 0.0007 0.0010 0.0010 0.0014 0.0020 0.0018 0.0019 0.0020 0.0019 0.0034 0.9729 0.0018 0.0039 0.0026 
      BERM04  3 0.0013 0.0006 0.0007 0.0008 0.0012 0.0013 0.0016 0.0016 0.0018 0.0013 0.0020 0.0022 0.9721 0.0021 0.0071 0.0021 
      BERM05  3 0.0011 0.0015 0.0010 0.0013 0.0014 0.0015 0.0020 0.0023 0.0016 0.0017 0.0037 0.0028 0.9591 0.0022 0.0139 0.0028 
      BERM06  3 0.0009 0.0006 0.0008 0.0013 0.0011 0.0012 0.0017 0.0016 0.0026 0.0020 0.0040 0.0020 0.9377 0.0012 0.0371 0.0042 
      BERM07  3 0.0016 0.0011 0.0007 0.0009 0.0011 0.0020 0.0020 0.0019 0.0028 0.0024 0.0020 0.0025 0.9557 0.0026 0.0176 0.0032 
      BERM08  3 0.0008 0.0006 0.0006 0.0013 0.0013 0.0011 0.0017 0.0013 0.0030 0.0016 0.0018 0.0014 0.9637 0.0014 0.0167 0.0019 
      BERM09  3 0.0007 0.0010 0.0008 0.0011 0.0008 0.0015 0.0016 0.0016 0.0058 0.0094 0.0026 0.0022 0.5437 0.0016 0.4218 0.0039 
      BERM10  3 0.0022 0.0011 0.0007 0.0024 0.0018 0.0046 0.0021 0.0017 0.0032 0.0081 0.0023 0.0068 0.9399 0.0016 0.0186 0.0030 
      BERM11  3 0.0008 0.0006 0.0007 0.0012 0.0015 0.0014 0.0023 0.0020 0.0033 0.0026 0.0023 0.0017 0.8890 0.0020 0.0858 0.0027 
      BERM12  3 0.0008 0.0135 0.0035 0.0008 0.0091 0.0011 0.0018 0.0017 0.0033 0.0048 0.0184 0.0018 0.9290 0.0023 0.0053 0.0029 
      BERM13  3 0.0012 0.0010 0.0007 0.0012 0.0010 0.0020 0.0021 0.0018 0.0025 0.0026 0.0033 0.0025 0.9360 0.0023 0.0235 0.0164 
      BERM14  3 0.0008 0.0010 0.0009 0.0008 0.0009 0.0013 0.0018 0.0015 0.0043 0.0020 0.0024 0.0021 0.9597 0.0022 0.0163 0.0022 
      CROC01  3 0.0033 0.0036 0.0044 0.0019 0.0015 0.0110 0.0050 0.0141 0.0031 0.0032 0.0044 0.0031 0.9138 0.0034 0.0178 0.0066 
      CROC02  3 0.0008 0.0011 0.0008 0.0022 0.0018 0.0022 0.0026 0.0023 0.0027 0.0042 0.0051 0.0023 0.9415 0.0029 0.0078 0.0197 
      CROC03  3 0.0014 0.0009 0.0012 0.0015 0.0022 0.0017 0.0025 0.0026 0.0024 0.0036 0.0020 0.0029 0.9397 0.0020 0.0289 0.0044 
      CROC04  3 0.0007 0.0012 0.0019 0.0139 0.0009 0.0022 0.0019 0.0017 0.0107 0.0995 0.0045 0.0027 0.8456 0.0018 0.0074 0.0036 
      CROC05  3 0.0009 0.0010 0.0011 0.0017 0.0013 0.0024 0.0027 0.0025 0.0021 0.0033 0.0032 0.0032 0.9426 0.0039 0.0246 0.0034 
      CROC06  3 0.0008 0.0010 0.0025 0.0629 0.0017 0.0016 0.0020 0.0051 0.0132 0.0049 0.0116 0.0024 0.8502 0.0138 0.0199 0.0064 
      CROC07  3 0.0013 0.0012 0.0009 0.0020 0.0012 0.0024 0.0025 0.0023 0.0044 0.0209 0.0460 0.0034 0.8769 0.0020 0.0251 0.0074 
      CROC08  3 0.0015 0.0028 0.0017 0.0044 0.0034 0.0026 0.0066 0.0300 0.0025 0.0054 0.0033 0.0050 0.9119 0.0059 0.0106 0.0026 
      CROC09  3 0.0007 0.0007 0.0020 0.0013 0.0012 0.0013 0.0021 0.0095 0.0019 0.0017 0.0019 0.0170 0.8299 0.0014 0.1249 0.0024 
      CROC10  3 0.0008 0.0007 0.0011 0.0010 0.0012 0.0018 0.0016 0.0014 0.0020 0.0024 0.0030 0.0035 0.8353 0.0025 0.1393 0.0024 
      CROC11  3 0.0007 0.0007 0.0019 0.0013 0.0012 0.0013 0.0021 0.0092 0.0019 0.0017 0.0019 0.0171 0.8311 0.0015 0.1240 0.0024 
     CROC110  3 0.0012 0.0011 0.0020 0.0033 0.0011 0.0113 0.0123 0.0050 0.0063 0.0041 0.0029 0.0237 0.8344 0.0019 0.0848 0.0046 
     CROC116  3 0.0012 0.0015 0.0065 0.0044 0.0025 0.0040 0.0044 0.0035 0.0107 0.0119 0.0479 0.0044 0.8815 0.0020 0.0096 0.0039 
      CROC12  3 0.0007 0.0007 0.0007 0.0017 0.0011 0.0022 0.0022 0.0018 0.0025 0.0036 0.0025 0.0031 0.9646 0.0014 0.0079 0.0034 
     CROC123  3 0.0006 0.0005 0.0009 0.0008 0.0011 0.0011 0.0021 0.0014 0.0027 0.0022 0.0017 0.0026 0.9675 0.0011 0.0118 0.0021 
      CROC13  3 0.0011 0.0011 0.0006 0.0010 0.0020 0.0016 0.0018 0.0017 0.0018 0.0022 0.0019 0.0031 0.9701 0.0029 0.0053 0.0020 
      CROC14  3 0.0005 0.0005 0.0007 0.0060 0.0015 0.0015 0.0048 0.0034 0.0045 0.0027 0.0028 0.0041 0.8733 0.0761 0.0151 0.0025 
      CROC15  3 0.0011 0.0008 0.0363 0.0016 0.0034 0.0025 0.0417 0.0164 0.0036 0.0024 0.0020 0.0086 0.8585 0.0067 0.0045 0.0099 
      CROC16  3 0.0013 0.0011 0.0014 0.0012 0.0033 0.0037 0.0024 0.0030 0.0019 0.0014 0.0049 0.0036 0.9214 0.0028 0.0444 0.0023 
      CROC17  3 0.0007 0.0005 0.0006 0.0010 0.0012 0.0012 0.0048 0.0014 0.0025 0.1309 0.0016 0.0014 0.8445 0.0013 0.0040 0.0024 
      CROC18  3 0.0009 0.0018 0.0008 0.0012 0.0052 0.0031 0.0023 0.0019 0.0037 0.0023 0.0024 0.0024 0.9223 0.0014 0.0060 0.0422 
      CROC19  3 0.0023 0.0014 0.0012 0.0056 0.0015 0.0039 0.0030 0.0025 0.0043 0.0153 0.0029 0.0042 0.9272 0.0023 0.0163 0.0060 
     CROC198  3 0.0017 0.0014 0.0008 0.0012 0.0012 0.0024 0.0020 0.0021 0.0020 0.0023 0.0021 0.0026 0.9528 0.0026 0.0209 0.0020 
      CROC20  3 0.0010 0.0008 0.0008 0.0013 0.0017 0.0026 0.0039 0.0023 0.0019 0.0018 0.0038 0.0025 0.9530 0.0022 0.0134 0.0068 
     CROC202  3 0.0013 0.0019 0.0008 0.0013 0.0040 0.0021 0.0019 0.0018 0.0021 0.0019 0.0025 0.0022 0.9638 0.0033 0.0059 0.0031 
      CROC21  3 0.0008 0.0007 0.0008 0.0010 0.0013 0.0022 0.0022 0.0026 0.0039 0.0023 0.0018 0.0162 0.9343 0.0020 0.0247 0.0031 
     CROC216  3 0.0009 0.0010 0.0075 0.0013 0.0020 0.0035 0.0052 0.0058 0.0134 0.0048 0.0123 0.0043 0.8818 0.0020 0.0480 0.0064 
      CROC22  3 0.0007 0.0367 0.0010 0.0011 0.0016 0.0023 0.0287 0.0016 0.0035 0.0043 0.0016 0.0062 0.8854 0.0020 0.0199 0.0034 
      CROC23  3 0.0010 0.0009 0.0013 0.0030 0.0017 0.0020 0.0033 0.0026 0.0107 0.0075 0.0026 0.0056 0.7929 0.0018 0.1598 0.0034 
      CROC24  3 0.0007 0.0009 0.0008 0.0012 0.0021 0.0015 0.0027 0.0027 0.0024 0.0034 0.0022 0.0022 0.9269 0.0016 0.0465 0.0023 
      CROC25  3 0.0008 0.0006 0.0011 0.0010 0.0010 0.0012 0.0017 0.0018 0.0023 0.0021 0.0021 0.0019 0.9708 0.0018 0.0070 0.0028 
     CROC259  3 0.0012 0.0008 0.0008 0.0022 0.0016 0.0014 0.0038 0.0020 0.0127 0.0372 0.0029 0.0023 0.8851 0.0210 0.0227 0.0022 
      CROC26  3 0.0014 0.0012 0.0010 0.0011 0.0014 0.0015 0.0022 0.0026 0.0118 0.0627 0.0024 0.0017 0.8940 0.0025 0.0104 0.0021 
      CROC27  3 0.0011 0.0011 0.0018 0.0015 0.0014 0.0028 0.0061 0.0066 0.0239 0.0124 0.0043 0.0021 0.8784 0.0019 0.0517 0.0028 
      CROC28  3 0.0007 0.0007 0.0009 0.0011 0.0010 0.0021 0.0020 0.0022 0.0073 0.0042 0.0026 0.0020 0.8309 0.0019 0.1384 0.0017 
      CROC29  3 0.0007 0.0008 0.0013 0.0014 0.0011 0.0024 0.0029 0.0039 0.0027 0.0021 0.0021 0.0024 0.9664 0.0016 0.0057 0.0023 
      CROC30  3 0.0009 0.0009 0.0015 0.0033 0.0016 0.0041 0.0045 0.0033 0.0043 0.0032 0.0119 0.0025 0.9407 0.0019 0.0080 0.0074 
      CROC31  3 0.0009 0.0010 0.0013 0.0022 0.0015 0.0062 0.0029 0.0022 0.0080 0.0112 0.0330 0.0036 0.7669 0.0025 0.1535 0.0030 
      CROC32  3 0.0007 0.0008 0.0006 0.0010 0.0010 0.0015 0.0020 0.0015 0.0023 0.0026 0.0022 0.0025 0.9682 0.0021 0.0082 0.0028 
      CROC33  3 0.0011 0.0008 0.0016 0.0044 0.0016 0.0021 0.0065 0.0269 0.0076 0.0038 0.0030 0.0023 0.9220 0.0011 0.0123 0.0029 
      CROC34  3 0.0013 0.0009 0.0008 0.0013 0.0013 0.0018 0.0022 0.0026 0.0030 0.0024 0.0045 0.0017 0.9609 0.0021 0.0093 0.0039 
      CROC35  3 0.0005 0.0005 0.0006 0.0068 0.0013 0.0012 0.0377 0.0014 0.0159 0.0050 0.0024 0.0015 0.8871 0.0016 0.0348 0.0017 
      CROC36  3 0.0009 0.0009 0.0015 0.0013 0.0011 0.0016 0.0021 0.0022 0.0023 0.0020 0.0022 0.0034 0.9378 0.0027 0.0352 0.0027 
      CROC57  3 0.0009 0.0010 0.0009 0.0012 0.0012 0.0019 0.0021 0.0025 0.0017 0.0018 0.0027 0.0023 0.9648 0.0045 0.0076 0.0029 
      CROC81  3 0.0008 0.0013 0.0012 0.0014 0.0040 0.0036 0.0021 0.0070 0.0023 0.0024 0.0032 0.0023 0.9542 0.0021 0.0064 0.0056 
      CROC84  3 0.0005 0.0039 0.0013 0.0007 0.0043 0.0011 0.0015 0.0013 0.0033 0.0037 0.0065 0.0017 0.9473 0.0014 0.0199 0.0016 
        FW01  3 0.0009 0.0010 0.0008 0.0011 0.0019 0.0022 0.0019 0.0020 0.0024 0.0021 0.0023 0.0026 0.9678 0.0014 0.0065 0.0032 
        FW02  3 0.0006 0.0005 0.0006 0.0006 0.0008 0.0010 0.0013 0.0012 0.0012 0.0012 0.0014 0.0015 0.0055 0.0012 0.9795 0.0017 
        FW03  3 0.0008 0.0008 0.0009 0.0012 0.0017 0.0019 0.0017 0.0018 0.0023 0.0021 0.0021 0.0021 0.9699 0.0013 0.0066 0.0028 
        FW04  3 0.0006 0.0005 0.0006 0.0006 0.0008 0.0011 0.0012 0.0012 0.0012 0.0013 0.0014 0.0015 0.0055 0.0013 0.9795 0.0017 
        FW05  3 0.0006 0.0005 0.0006 0.0007 0.0008 0.0011 0.0012 0.0012 0.0012 0.0013 0.0014 0.0015 0.0054 0.0012 0.9796 0.0018 
        FW06  3 0.0006 0.0005 0.0006 0.0006 0.0008 0.0011 0.0013 0.0013 0.0012 0.0012 0.0014 0.0015 0.0056 0.0012 0.9794 0.0017 
        FW07  3 0.0008 0.0008 0.0009 0.0012 0.0018 0.0020 0.0017 0.0018 0.0023 0.0019 0.0021 0.0021 0.9697 0.0013 0.0067 0.0028 
        FW08  3 0.0006 0.0005 0.0006 0.0006 0.0008 0.0011 0.0013 0.0013 0.0012 0.0012 0.0014 0.0015 0.0056 0.0012 0.9795 0.0017 
        FW09  3 0.0006 0.0005 0.0006 0.0006 0.0008 0.0011 0.0012 0.0012 0.0012 0.0013 0.0014 0.0015 0.0055 0.0012 0.9794 0.0018 
        FW10  3 0.0008 0.0008 0.0009 0.0010 0.0017 0.0022 0.0019 0.0022 0.0026 0.0020 0.0021 0.0026 0.9684 0.0013 0.0067 0.0027 
       FW100  3 0.0008 0.0008 0.0009 0.0010 0.0017 0.0021 0.0019 0.0023 0.0026 0.0020 0.0021 0.0025 0.9665 0.0013 0.0088 0.0028 
       FW101  3 0.0008 0.0008 0.0010 0.0010 0.0017 0.0022 0.0019 0.0023 0.0026 0.0020 0.0021 0.0026 0.9682 0.0013 0.0066 0.0028 
       FW102  3 0.0006 0.0005 0.0006 0.0006 0.0008 0.0011 0.0013 0.0012 0.0012 0.0013 0.0014 0.0015 0.0056 0.0012 0.9794 0.0017 
       FW103  3 0.0006 0.0005 0.0006 0.0006 0.0008 0.0011 0.0013 0.0013 0.0012 0.0013 0.0014 0.0015 0.0056 0.0012 0.9795 0.0017 
       FW104  3 0.0009 0.0010 0.0008 0.0011 0.0019 0.0023 0.0019 0.0020 0.0023 0.0020 0.0023 0.0026 0.9677 0.0014 0.0065 0.0031 
       FW105  3 0.0008 0.0008 0.0009 0.0011 0.0017 0.0022 0.0018 0.0023 0.0025 0.0021 0.0021 0.0026 0.9686 0.0013 0.0066 0.0028 
       FW106  3 0.0015 0.0010 0.0029 0.0019 0.0032 0.0055 0.0147 0.0039 0.0050 0.0047 0.0031 0.0047 0.7557 0.0017 0.1285 0.0622 
       FW107  3 0.0009 0.0010 0.0008 0.0011 0.0019 0.0023 0.0020 0.0021 0.0024 0.0021 0.0023 0.0026 0.9674 0.0014 0.0065 0.0032 
       FW108  3 0.0006 0.0005 0.0006 0.0006 0.0008 0.0011 0.0013 0.0013 0.0012 0.0013 0.0014 0.0015 0.0058 0.0012 0.9792 0.0017 
       FW109  3 0.0008 0.0008 0.0009 0.0010 0.0017 0.0021 0.0018 0.0023 0.0026 0.0021 0.0021 0.0027 0.9684 0.0013 0.0066 0.0027 
        FW11  3 0.0008 0.0008 0.0008 0.0010 0.0017 0.0021 0.0018 0.0022 0.0025 0.0021 0.0022 0.0026 0.9663 0.0013 0.0089 0.0027 
       FW110  3 0.0008 0.0008 0.0009 0.0013 0.0017 0.0020 0.0017 0.0018 0.0023 0.0019 0.0021 0.0021 0.9697 0.0013 0.0067 0.0028 
       FW111  3 0.0006 0.0005 0.0006 0.0007 0.0008 0.0011 0.0012 0.0013 0.0012 0.0012 0.0014 0.0015 0.0055 0.0012 0.9796 0.0017 
       FW112  3 0.0008 0.0008 0.0009 0.0010 0.0017 0.0021 0.0018 0.0022 0.0027 0.0021 0.0022 0.0025 0.9663 0.0013 0.0089 0.0028 
       FW113  3 0.0006 0.0005 0.0006 0.0006 0.0008 0.0011 0.0012 0.0013 0.0012 0.0013 0.0014 0.0015 0.0055 0.0013 0.9794 0.0017 
       FW114  3 0.0008 0.0008 0.0010 0.0013 0.0016 0.0020 0.0019 0.0017 0.0031 0.0025 0.0022 0.0022 0.9684 0.0013 0.0063 0.0029 
       FW115  3 0.0008 0.0009 0.0010 0.0010 0.0017 0.0022 0.0018 0.0023 0.0026 0.0020 0.0022 0.0026 0.9685 0.0013 0.0065 0.0027 
       FW116  3 0.0006 0.0005 0.0006 0.0007 0.0008 0.0011 0.0013 0.0012 0.0012 0.0012 0.0014 0.0015 0.0057 0.0013 0.9793 0.0017 
        FW12  3 0.0006 0.0005 0.0006 0.0007 0.0008 0.0011 0.0012 0.0012 0.0012 0.0013 0.0014 0.0015 0.0055 0.0012 0.9795 0.0017 
        FW13  3 0.0006 0.0005 0.0006 0.0006 0.0008 0.0011 0.0012 0.0012 0.0012 0.0012 0.0014 0.0015 0.0056 0.0012 0.9794 0.0017 
        FW14  3 0.0009 0.0010 0.0008 0.0011 0.0019 0.0022 0.0019 0.0020 0.0025 0.0021 0.0023 0.0027 0.9677 0.0014 0.0064 0.0031 
        FW15  3 0.0009 0.0010 0.0008 0.0011 0.0020 0.0023 0.0019 0.0021 0.0024 0.0022 0.0023 0.0026 0.9674 0.0014 0.0066 0.0031 
        FW16  3 0.0008 0.0008 0.0009 0.0010 0.0017 0.0023 0.0018 0.0022 0.0026 0.0020 0.0021 0.0026 0.9684 0.0013 0.0067 0.0027 
        FW17  3 0.0008 0.0009 0.0009 0.0010 0.0017 0.0022 0.0018 0.0022 0.0026 0.0021 0.0021 0.0026 0.9684 0.0013 0.0066 0.0028 
        FW18  3 0.0008 0.0008 0.0009 0.0010 0.0017 0.0021 0.0019 0.0023 0.0028 0.0021 0.0021 0.0025 0.9663 0.0013 0.0089 0.0028 
        FW19  3 0.0006 0.0005 0.0006 0.0006 0.0008 0.0010 0.0012 0.0012 0.0012 0.0012 0.0014 0.0015 0.0057 0.0012 0.9795 0.0017 
        FW20  3 0.0006 0.0005 0.0006 0.0006 0.0008 0.0011 0.0012 0.0013 0.0012 0.0013 0.0014 0.0015 0.0055 0.0012 0.9796 0.0018 
        FW21  3 0.0006 0.0005 0.0006 0.0006 0.0008 0.0011 0.0013 0.0012 0.0012 0.0013 0.0015 0.0015 0.0056 0.0012 0.9794 0.0017 
        FW22  3 0.0008 0.0008 0.0009 0.0010 0.0017 0.0021 0.0018 0.0023 0.0027 0.0021 0.0021 0.0025 0.9664 0.0013 0.0087 0.0028 
        FW23  3 0.0006 0.0005 0.0006 0.0006 0.0008 0.0011 0.0013 0.0013 0.0012 0.0013 0.0014 0.0015 0.0055 0.0012 0.9795 0.0017 
        FW24  3 0.0006 0.0005 0.0006 0.0006 0.0008 0.0011 0.0013 0.0012 0.0012 0.0013 0.0014 0.0015 0.0055 0.0013 0.9795 0.0017 
        FW25  3 0.0006 0.0005 0.0006 0.0006 0.0008 0.0011 0.0012 0.0012 0.0012 0.0012 0.0014 0.0015 0.0055 0.0012 0.9795 0.0017 
        FW26  3 0.0006 0.0005 0.0006 0.0007 0.0008 0.0011 0.0012 0.0012 0.0012 0.0013 0.0014 0.0015 0.0055 0.0012 0.9795 0.0017 
        FW27  3 0.0008 0.0008 0.0010 0.0010 0.0017 0.0022 0.0018 0.0023 0.0026 0.0021 0.0021 0.0026 0.9684 0.0013 0.0066 0.0028 
        FW28  3 0.0006 0.0005 0.0006 0.0007 0.0008 0.0011 0.0013 0.0013 0.0012 0.0013 0.0014 0.0015 0.0057 0.0012 0.9793 0.0017 
        FW29  3 0.0006 0.0005 0.0006 0.0006 0.0008 0.0011 0.0012 0.0013 0.0012 0.0013 0.0014 0.0015 0.0055 0.0012 0.9795 0.0017 
        FW30  3 0.0015 0.0010 0.0031 0.0019 0.0032 0.0059 0.0143 0.0039 0.0048 0.0047 0.0030 0.0048 0.7573 0.0017 0.1274 0.0616 
        FW32  3 0.0008 0.0010 0.0008 0.0011 0.0019 0.0023 0.0019 0.0021 0.0025 0.0022 0.0023 0.0026 0.9673 0.0014 0.0066 0.0031 
        FW33  3 0.0006 0.0005 0.0027 0.0007 0.0008 0.0011 0.0013 0.0013 0.0018 0.0030 0.0014 0.0074 0.0164 0.0012 0.9581 0.0017 
        FW34  3 0.0006 0.0006 0.0006 0.0006 0.0008 0.0011 0.0013 0.0012 0.0012 0.0013 0.0014 0.0015 0.0056 0.0012 0.9794 0.0017 
        FW35  3 0.0006 0.0005 0.0006 0.0006 0.0008 0.0011 0.0013 0.0013 0.0012 0.0012 0.0014 0.0015 0.0055 0.0012 0.9796 0.0017 
        FW36  3 0.0006 0.0005 0.0006 0.0006 0.0008 0.0011 0.0013 0.0012 0.0012 0.0013 0.0014 0.0015 0.0055 0.0012 0.9794 0.0017 
        FW37  3 0.0008 0.0008 0.0010 0.0011 0.0017 0.0022 0.0018 0.0022 0.0026 0.0021 0.0021 0.0026 0.9683 0.0013 0.0066 0.0028 
        FW51  3 0.0006 0.0005 0.0006 0.0006 0.0008 0.0011 0.0013 0.0012 0.0012 0.0012 0.0014 0.0015 0.0055 0.0012 0.9795 0.0017 
        FW52  3 0.0008 0.0008 0.0010 0.0010 0.0017 0.0022 0.0018 0.0022 0.0026 0.0021 0.0021 0.0027 0.9683 0.0013 0.0066 0.0027 
        FW53  3 0.0006 0.0006 0.0006 0.0007 0.0008 0.0011 0.0012 0.0012 0.0012 0.0013 0.0014 0.0015 0.0055 0.0012 0.9795 0.0017 
        FW54  3 0.0008 0.0008 0.0010 0.0011 0.0017 0.0020 0.0017 0.0019 0.0023 0.0020 0.0021 0.0021 0.9703 0.0013 0.0064 0.0027 
        FW55  3 0.0006 0.0005 0.0006 0.0006 0.0008 0.0011 0.0013 0.0012 0.0012 0.0012 0.0015 0.0015 0.0055 0.0013 0.9795 0.0017 
        FW56  3 0.0006 0.0005 0.0006 0.0006 0.0008 0.0011 0.0013 0.0012 0.0012 0.0013 0.0014 0.0015 0.0055 0.0012 0.9795 0.0017 
        FW57  3 0.0006 0.0005 0.0006 0.0006 0.0008 0.0011 0.0012 0.0013 0.0012 0.0013 0.0014 0.0015 0.0055 0.0012 0.9795 0.0018 
        FW78  3 0.0006 0.0006 0.0006 0.0007 0.0008 0.0010 0.0012 0.0012 0.0012 0.0013 0.0014 0.0015 0.0055 0.0012 0.9795 0.0017 
        FW79  3 0.0006 0.0005 0.0006 0.0007 0.0008 0.0010 0.0012 0.0012 0.0012 0.0012 0.0015 0.0015 0.0057 0.0012 0.9793 0.0017 
        FW80  3 0.0006 0.0005 0.0006 0.0006 0.0008 0.0011 0.0013 0.0013 0.0012 0.0013 0.0014 0.0015 0.0055 0.0013 0.9795 0.0017 
        FW81  3 0.0008 0.0008 0.0009 0.0012 0.0017 0.0019 0.0017 0.0018 0.0023 0.0020 0.0021 0.0022 0.9699 0.0013 0.0065 0.0027 
        FW82  3 0.0008 0.0008 0.0010 0.0011 0.0017 0.0022 0.0018 0.0022 0.0026 0.0021 0.0021 0.0025 0.9685 0.0013 0.0067 0.0028 
        FW83  3 0.0009 0.0010 0.0008 0.0011 0.0019 0.0023 0.0019 0.0020 0.0024 0.0021 0.0023 0.0026 0.9678 0.0014 0.0065 0.0031 
        FW84  3 0.0006 0.0005 0.0006 0.0006 0.0008 0.0011 0.0012 0.0013 0.0012 0.0013 0.0014 0.0015 0.0055 0.0012 0.9794 0.0017 
        FW85  3 0.0008 0.0008 0.0061 0.0025 0.0044 0.0053 0.0018 0.0020 0.0077 0.0021 0.0022 0.0040 0.9483 0.0013 0.0079 0.0028 
        FW86  3 0.0008 0.0008 0.0009 0.0010 0.0017 0.0021 0.0018 0.0023 0.0027 0.0021 0.0022 0.0025 0.9664 0.0013 0.0087 0.0027 
        FW87  3 0.0008 0.0008 0.0009 0.0011 0.0016 0.0020 0.0018 0.0023 0.0027 0.0021 0.0021 0.0024 0.9669 0.0013 0.0085 0.0027 
        FW88  3 0.0006 0.0005 0.0006 0.0006 0.0008 0.0011 0.0013 0.0012 0.0012 0.0012 0.0014 0.0015 0.0055 0.0012 0.9795 0.0017 
        FW89  3 0.0006 0.0005 0.0006 0.0007 0.0008 0.0011 0.0013 0.0013 0.0012 0.0012 0.0014 0.0015 0.0056 0.0012 0.9795 0.0017 
        FW90  3 0.0006 0.0005 0.0006 0.0007 0.0008 0.0011 0.0013 0.0012 0.0012 0.0012 0.0014 0.0015 0.0055 0.0012 0.9795 0.0017 
        FW91  3 0.0008 0.0008 0.0010 0.0010 0.0017 0.0021 0.0018 0.0023 0.0026 0.0020 0.0022 0.0026 0.9684 0.0013 0.0067 0.0027 
        FW92  3 0.0006 0.0005 0.0006 0.0007 0.0008 0.0011 0.0013 0.0012 0.0012 0.0012 0.0014 0.0015 0.0056 0.0013 0.9794 0.0017 
        FW93  3 0.0006 0.0005 0.0006 0.0006 0.0008 0.0011 0.0013 0.0013 0.0012 0.0013 0.0014 0.0015 0.0056 0.0012 0.9795 0.0017 
        FW94  3 0.0008 0.0008 0.0010 0.0011 0.0017 0.0021 0.0018 0.0022 0.0025 0.0020 0.0021 0.0026 0.9686 0.0013 0.0066 0.0027 
        FW95  3 0.0006 0.0006 0.0006 0.0006 0.0008 0.0011 0.0013 0.0012 0.0012 0.0013 0.0014 0.0015 0.0056 0.0012 0.9793 0.0017 
        FW96  3 0.0006 0.0005 0.0006 0.0006 0.0008 0.0011 0.0013 0.0013 0.0012 0.0013 0.0014 0.0015 0.0055 0.0012 0.9795 0.0017 
        FW97  3 0.0037 0.0024 0.0015 0.0019 0.0022 0.0046 0.0047 0.0046 0.0032 0.0021 0.0038 0.0020 0.9029 0.0060 0.0448 0.0097 
        FW98  3 0.0008 0.0008 0.0009 0.0012 0.0017 0.0019 0.0017 0.0018 0.0023 0.0019 0.0021 0.0021 0.9699 0.0013 0.0067 0.0028 
        FW99  3 0.0006 0.0005 0.0006 0.0007 0.0008 0.0011 0.0012 0.0013 0.0012 0.0013 0.0014 0.0015 0.0055 0.0012 0.9795 0.0017 
       Cal01  3 0.0009 0.0026 0.0010 0.0014 0.0015 0.0034 0.0064 0.0105 0.0045 0.0022 0.0061 0.0019 0.6621 0.0024 0.2914 0.0017 
       Cal02  3 0.0007 0.0008 0.0011 0.0013 0.0014 0.0019 0.0026 0.0017 0.0025 0.0018 0.0030 0.0037 0.9570 0.0018 0.0146 0.0041 
       Cal03  3 0.0007 0.0007 0.0010 0.0011 0.0012 0.0014 0.0018 0.0022 0.0019 0.0020 0.0029 0.0020 0.8919 0.0011 0.0859 0.0024 
       Cal04  3 0.0052 0.0010 0.0011 0.0049 0.0018 0.0040 0.0023 0.0023 0.0031 0.0034 0.0024 0.0047 0.9538 0.0018 0.0032 0.0049 
       Cal05  3 0.0007 0.0006 0.0006 0.0008 0.0010 0.0010 0.0014 0.0013 0.0026 0.0452 0.0028 0.0014 0.9147 0.0011 0.0230 0.0019 
       Cal06  3 0.0007 0.0008 0.0016 0.0147 0.0012 0.0022 0.0033 0.0026 0.0271 0.0033 0.0088 0.0029 0.8995 0.0041 0.0241 0.0031 
       Cal07  3 0.0005 0.0006 0.0008 0.0009 0.0009 0.0014 0.0017 0.0014 0.0034 0.0663 0.0018 0.0016 0.8309 0.0013 0.0844 0.0022 
       Cal08  3 0.0026 0.0027 0.0018 0.0021 0.0020 0.0022 0.0056 0.0033 0.0030 0.0049 0.0030 0.0031 0.8703 0.0049 0.0851 0.0033 
       Cal09  3 0.0011 0.0010 0.0006 0.0009 0.0014 0.0074 0.0017 0.0018 0.0055 0.0515 0.0018 0.0025 0.8563 0.0018 0.0619 0.0027 
       Cal10  3 0.0009 0.0008 0.0010 0.0020 0.0014 0.0025 0.0058 0.0032 0.0031 0.0026 0.0025 0.0022 0.9626 0.0013 0.0055 0.0026 
       Cal11  3 0.0023 0.0022 0.0011 0.0016 0.0012 0.0042 0.0026 0.0026 0.0052 0.0036 0.0047 0.0038 0.8897 0.0480 0.0215 0.0057 
      Cal197  3 0.0005 0.0005 0.0006 0.0090 0.0009 0.0017 0.0052 0.0031 0.0046 0.0038 0.0017 0.0024 0.6078 0.0012 0.3531 0.0042 
      Cal198  3 0.0017 0.0008 0.0009 0.0066 0.0009 0.0030 0.0034 0.0291 0.0056 0.0798 0.0166 0.0021 0.8277 0.0013 0.0174 0.0030 
      Cal199  3 0.0146 0.0077 0.0007 0.0010 0.0014 0.0013 0.0018 0.0028 0.0016 0.0015 0.0292 0.0021 0.9145 0.0016 0.0160 0.0021 
      Cal200  3 0.0005 0.0009 0.0035 0.0016 0.0013 0.0037 0.0021 0.0022 0.0046 0.0020 0.0031 0.0022 0.9034 0.0028 0.0635 0.0025 
      Cal201  3 0.0006 0.0006 0.0013 0.0008 0.0008 0.0015 0.0047 0.0015 0.0043 0.0064 0.0017 0.0041 0.8290 0.0018 0.1387 0.0019 
      Cal202  3 0.0036 0.0028 0.0024 0.0009 0.0071 0.0156 0.0040 0.0139 0.0019 0.0215 0.0017 0.0089 0.8824 0.0018 0.0293 0.0023 
      Cal203  3 0.0010 0.0009 0.0013 0.0012 0.0013 0.0024 0.0021 0.0021 0.0019 0.0017 0.0024 0.0020 0.9673 0.0041 0.0059 0.0026 
      Cal204  3 0.0009 0.0010 0.0016 0.0016 0.0016 0.0013 0.0026 0.0024 0.0021 0.0040 0.0029 0.0032 0.9625 0.0021 0.0075 0.0028 
      Cal205  3 0.0009 0.0006 0.0013 0.0012 0.0012 0.0018 0.0028 0.0025 0.0027 0.0022 0.0026 0.0046 0.9583 0.0011 0.0135 0.0027 
      Cal206  3 0.0009 0.0007 0.0007 0.0012 0.0017 0.0020 0.0028 0.0016 0.0017 0.0021 0.0028 0.0034 0.9533 0.0016 0.0197 0.0039 
      Cal207  3 0.0005 0.0008 0.0006 0.0009 0.0010 0.0016 0.0029 0.0051 0.0031 0.0042 0.0485 0.0021 0.9012 0.0013 0.0245 0.0018 
      Cal208  3 0.0013 0.0011 0.0007 0.0011 0.0011 0.0033 0.0027 0.0031 0.0017 0.0020 0.0018 0.0021 0.9624 0.0022 0.0097 0.0036 
      Cal209  3 0.0009 0.0007 0.0005 0.0008 0.0012 0.0013 0.0021 0.0014 0.0017 0.0031 0.0018 0.0026 0.8993 0.0015 0.0789 0.0024 
      Cal210  3 0.0150 0.0071 0.0008 0.0010 0.0014 0.0014 0.0018 0.0029 0.0016 0.0015 0.0291 0.0021 0.9144 0.0016 0.0163 0.0022 
      Cal211  3 0.0007 0.0007 0.0016 0.0011 0.0009 0.0013 0.0018 0.0015 0.0028 0.0032 0.0056 0.0027 0.8432 0.0015 0.1290 0.0024 
      Cal212  3 0.0010 0.0007 0.0025 0.0016 0.0010 0.0014 0.0019 0.0016 0.0027 0.0023 0.0427 0.0026 0.9017 0.0014 0.0321 0.0028 
      Cal213  3 0.0009 0.0006 0.0022 0.0027 0.0012 0.0015 0.0301 0.0195 0.0190 0.0312 0.0062 0.0032 0.8301 0.0011 0.0445 0.0059 
      Cal214  3 0.0391 0.0006 0.0008 0.0054 0.0014 0.0074 0.0054 0.0057 0.0018 0.0020 0.0025 0.0025 0.9189 0.0016 0.0028 0.0020 
      Cal215  3 0.0031 0.0021 0.0010 0.0014 0.0025 0.0022 0.0030 0.0026 0.0022 0.0039 0.0023 0.0033 0.8877 0.0027 0.0768 0.0034 
      Cal216  3 0.0006 0.0008 0.0007 0.0009 0.0012 0.0016 0.0018 0.0028 0.0031 0.0199 0.0290 0.0027 0.7941 0.0021 0.1360 0.0025 
      Cal217  3 0.0006 0.0006 0.0008 0.0014 0.0008 0.0018 0.0022 0.0019 0.0026 0.0052 0.0020 0.0019 0.9361 0.0016 0.0386 0.0018 
      Cal218  3 0.0010 0.0006 0.0014 0.0014 0.0011 0.0014 0.0018 0.0014 0.0029 0.0024 0.0255 0.0024 0.8356 0.0014 0.1170 0.0027 
      Cal219  3 0.0011 0.0010 0.0007 0.0009 0.0012 0.0076 0.0036 0.0017 0.0032 0.0018 0.0025 0.0026 0.9198 0.0020 0.0458 0.0046 
      Cal220  3 0.0023 0.0019 0.0014 0.0017 0.0010 0.0053 0.0039 0.0040 0.0030 0.0036 0.0042 0.0042 0.8682 0.0043 0.0179 0.0731 
      Cal221  3 0.0016 0.0013 0.0007 0.0014 0.0011 0.0015 0.0018 0.0025 0.0027 0.0023 0.0055 0.0018 0.9191 0.0012 0.0513 0.0044 
      Cal222  3 0.0052 0.0023 0.0007 0.0012 0.0012 0.0013 0.0020 0.0030 0.0027 0.0020 0.0088 0.0019 0.9492 0.0015 0.0143 0.0027 
      Cal223  3 0.0024 0.0015 0.0018 0.0049 0.0013 0.0030 0.0047 0.0069 0.0224 0.1043 0.0056 0.0032 0.8113 0.0034 0.0181 0.0051 
      Cal224  3 0.0010 0.0023 0.0013 0.0035 0.0087 0.0023 0.0026 0.0534 0.0020 0.0107 0.0076 0.0024 0.8874 0.0036 0.0054 0.0058 
       Cal33  3 0.0007 0.0007 0.0008 0.0013 0.0011 0.0033 0.0037 0.0015 0.0019 0.0033 0.0029 0.0028 0.9633 0.0014 0.0084 0.0030 
       Cal34  3 0.0008 0.0007 0.0016 0.0008 0.0017 0.0014 0.0025 0.0054 0.0044 0.0058 0.0020 0.0105 0.9531 0.0014 0.0059 0.0021 
       Cal35  3 0.0006 0.0007 0.0012 0.0009 0.0010 0.0023 0.0023 0.0015 0.0034 0.0032 0.0026 0.0018 0.9637 0.0013 0.0113 0.0022 
       Cal37  3 0.0006 0.0007 0.0029 0.0024 0.0012 0.0085 0.0033 0.0014 0.0059 0.0131 0.0647 0.0120 0.8696 0.0013 0.0091 0.0033 
       Cal38  3 0.0011 0.0008 0.0007 0.0012 0.0007 0.0014 0.0019 0.0016 0.0024 0.0031 0.0027 0.0022 0.6522 0.0016 0.3240 0.0024 
       Cal39  3 0.0012 0.0018 0.0006 0.0008 0.0022 0.0024 0.0017 0.0015 0.0020 0.0037 0.0023 0.0021 0.9220 0.0019 0.0508 0.0030 
       Cal40  3 0.0008 0.0007 0.0005 0.0008 0.0012 0.0014 0.0021 0.0014 0.0017 0.0030 0.0018 0.0025 0.8989 0.0015 0.0792 0.0023 
       Cal41  3 0.0008 0.0006 0.0006 0.0008 0.0011 0.0012 0.0018 0.0014 0.0024 0.0038 0.0019 0.0019 0.9411 0.0015 0.0366 0.0023 
       Cal42  3 0.0009 0.0008 0.0007 0.0009 0.0014 0.0020 0.0026 0.0017 0.0015 0.0017 0.0023 0.0029 0.9598 0.0025 0.0157 0.0024 
       Cal43  3 0.0009 0.0007 0.0007 0.0012 0.0009 0.0017 0.0028 0.0020 0.0025 0.0031 0.0050 0.0026 0.9594 0.0016 0.0105 0.0043 
       Cal44  3 0.0012 0.0011 0.0020 0.0017 0.0012 0.0016 0.0019 0.0038 0.0036 0.0022 0.0211 0.0024 0.7822 0.0023 0.0940 0.0779 
        BW41  3 0.0017 0.0013 0.0020 0.0015 0.0330 0.0074 0.0040 0.0067 0.0029 0.0051 0.0028 0.0050 0.8961 0.0023 0.0199 0.0083 
        BW42  3 0.0009 0.0008 0.0008 0.0012 0.0011 0.0018 0.0145 0.0020 0.0029 0.0023 0.0023 0.0021 0.9526 0.0018 0.0058 0.0071 
        BW44  3 0.0008 0.0006 0.0007 0.0009 0.0009 0.0014 0.0022 0.0024 0.0040 0.0062 0.0025 0.0032 0.9567 0.0020 0.0111 0.0043 
        BW45  3 0.0006 0.0005 0.0006 0.0007 0.0008 0.0012 0.0018 0.0013 0.0035 0.0026 0.0016 0.0018 0.9292 0.0014 0.0502 0.0022 
        BW46  3 0.0008 0.0007 0.0009 0.0012 0.0011 0.0023 0.0023 0.0021 0.0020 0.0020 0.0032 0.0023 0.9656 0.0015 0.0093 0.0028 
        BW47  3 0.0006 0.0012 0.0037 0.0011 0.0039 0.0017 0.0018 0.0016 0.0057 0.0047 0.0019 0.0021 0.8255 0.0013 0.0799 0.0630 
        BW48  3 0.0023 0.0035 0.0016 0.0029 0.0035 0.0086 0.0035 0.0028 0.0036 0.0054 0.0025 0.0044 0.9103 0.0034 0.0342 0.0075 
        BW49  3 0.0007 0.0010 0.0006 0.0009 0.0010 0.0024 0.0022 0.0018 0.0052 0.0733 0.0113 0.0031 0.8079 0.0024 0.0836 0.0027 
        BW50  3 0.0007 0.0006 0.0009 0.0011 0.0011 0.0020 0.0021 0.0018 0.0023 0.0019 0.0031 0.0019 0.9591 0.0017 0.0172 0.0025 
        BW51  3 0.0009 0.0007 0.0006 0.0009 0.0009 0.0016 0.0018 0.0017 0.0255 0.0023 0.0021 0.0029 0.8601 0.0016 0.0940 0.0025 
        BW52  3 0.0009 0.0008 0.0007 0.0011 0.0010 0.0016 0.0018 0.0018 0.0031 0.0021 0.0019 0.0026 0.9550 0.0140 0.0089 0.0027 
        BW53  3 0.0007 0.0006 0.0013 0.0014 0.0012 0.0013 0.0029 0.0020 0.0033 0.0026 0.0035 0.0050 0.9063 0.0014 0.0118 0.0548 
        BW54  3 0.0014 0.0010 0.0098 0.0020 0.0031 0.0042 0.0023 0.0020 0.0064 0.0028 0.0024 0.0025 0.8064 0.0020 0.0192 0.1324 
        BW55  3 0.0010 0.0010 0.0014 0.0012 0.0012 0.0016 0.0023 0.0023 0.0023 0.0019 0.0021 0.0019 0.9654 0.0028 0.0083 0.0033 
        BW56  3 0.0007 0.0006 0.0012 0.0033 0.0024 0.0012 0.0019 0.0018 0.0027 0.0028 0.0016 0.0021 0.9619 0.0015 0.0122 0.0021 
        BW57  3 0.0007 0.0008 0.0018 0.0012 0.0011 0.0017 0.0026 0.0027 0.0031 0.0044 0.0024 0.0026 0.9528 0.0014 0.0184 0.0021 
        BW58  3 0.0008 0.0007 0.0006 0.0008 0.0012 0.0021 0.0036 0.0017 0.0038 0.0024 0.0023 0.0022 0.9610 0.0014 0.0096 0.0058 
        BW59  3 0.0007 0.0008 0.0007 0.0172 0.0011 0.0016 0.0016 0.0014 0.0027 0.0030 0.0018 0.0020 0.8128 0.0014 0.1487 0.0025 
        BW60  3 0.0007 0.0006 0.0010 0.0008 0.0011 0.0017 0.0021 0.0018 0.0025 0.0022 0.0026 0.0019 0.9720 0.0017 0.0050 0.0023 
        BW61  3 0.0009 0.0008 0.0009 0.0012 0.0673 0.0191 0.0067 0.0020 0.0037 0.0059 0.0022 0.0019 0.7935 0.0024 0.0885 0.0030 
        BW62  3 0.0008 0.0007 0.0071 0.0015 0.0019 0.0014 0.0026 0.0020 0.0027 0.0031 0.0022 0.0031 0.9457 0.0015 0.0121 0.0117 
        BW63  3 0.0008 0.0014 0.0207 0.0013 0.0015 0.0045 0.0257 0.0024 0.0118 0.0168 0.0046 0.0024 0.8774 0.0015 0.0102 0.0170 
        BW64  3 0.0006 0.0007 0.0009 0.0011 0.0010 0.0015 0.0023 0.0018 0.0023 0.0021 0.0018 0.0020 0.9459 0.0015 0.0305 0.0041 
        BW65  3 0.0023 0.0013 0.0037 0.0029 0.0057 0.0061 0.0149 0.0116 0.0103 0.0034 0.0065 0.0075 0.8930 0.0034 0.0173 0.0102 
        BW66  3 0.0010 0.0008 0.0016 0.0012 0.0023 0.0013 0.0041 0.0019 0.0088 0.0102 0.0035 0.0019 0.9291 0.0105 0.0196 0.0022 
        BW67  3 0.0007 0.0006 0.0009 0.0007 0.0009 0.0013 0.0017 0.0015 0.0021 0.0024 0.0015 0.0017 0.7969 0.0015 0.1833 0.0021 
        BW68  3 0.0009 0.0010 0.0021 0.0025 0.0036 0.0041 0.0045 0.0023 0.0056 0.0054 0.0023 0.0043 0.9304 0.0014 0.0146 0.0148 
        BW69  3 0.0013 0.0008 0.0007 0.0009 0.0443 0.0016 0.0020 0.0020 0.0022 0.0018 0.0021 0.0029 0.9246 0.0019 0.0073 0.0035 
        BW70  3 0.0014 0.0008 0.0012 0.0017 0.0010 0.0019 0.0031 0.0030 0.0034 0.0050 0.0029 0.0023 0.8086 0.0023 0.1579 0.0033 
