        TC01  1 0.0059 0.0025 0.0453 0.0058 0.0178 0.0011 0.0083 0.0109 0.0059 0.0116 0.0108 0.0063 0.0038 0.0030 0.0226 0.8176 0.0030 0.0028 0.0054 0.0097 
        TC02  1 0.0081 0.0019 0.0292 0.0143 0.0016 0.0016 0.0013 0.0044 0.0020 0.0042 0.0133 0.0072 0.0060 0.0032 0.0098 0.8641 0.0069 0.0066 0.0030 0.0114 
        TC03  1 0.0049 0.0012 0.0020 0.0022 0.0028 0.0014 0.0020 0.0020 0.0026 0.0021 0.0034 0.0032 0.0047 0.0035 0.0115 0.9312 0.0031 0.0051 0.0032 0.0080 
        TC04  1 0.0499 0.0040 0.0092 0.0070 0.0037 0.0012 0.0064 0.0026 0.0020 0.0164 0.0233 0.0284 0.0025 0.0038 0.0294 0.7819 0.0099 0.0058 0.0022 0.0103 
        TC05  1 0.0062 0.0014 0.0039 0.0021 0.0016 0.0012 0.0122 0.0014 0.0032 0.0138 0.0045 0.0047 0.0032 0.0039 0.0054 0.9157 0.0049 0.0041 0.0013 0.0051 
        TC06  1 0.0753 0.0014 0.0055 0.0043 0.0013 0.0010 0.0023 0.0018 0.0046 0.0023 0.0092 0.0044 0.0041 0.0032 0.0115 0.8415 0.0063 0.0090 0.0019 0.0093 
        TC07  1 0.0065 0.0012 0.0064 0.0024 0.0024 0.0027 0.0013 0.0165 0.0028 0.0223 0.0149 0.0295 0.0026 0.0026 0.0067 0.8563 0.0124 0.0042 0.0014 0.0049 
        TC08  1 0.0238 0.0011 0.0386 0.0015 0.0008 0.0021 0.0015 0.0023 0.0034 0.0070 0.0056 0.0053 0.0039 0.0139 0.0057 0.8632 0.0064 0.0037 0.0021 0.0081 
        TC09  1 0.1303 0.0008 0.0023 0.0434 0.0020 0.0008 0.0016 0.0015 0.0041 0.0045 0.0067 0.0055 0.0029 0.0024 0.0069 0.7716 0.0028 0.0040 0.0011 0.0048 
        TC10  1 0.0077 0.0029 0.0017 0.0149 0.0209 0.0009 0.0009 0.0051 0.0016 0.0017 0.0031 0.0024 0.0034 0.0029 0.0065 0.8889 0.0128 0.0027 0.0048 0.0144 
        TC11  1 0.0039 0.0007 0.0021 0.0016 0.0010 0.0010 0.0013 0.0041 0.0013 0.0016 0.0026 0.0024 0.0026 0.0033 0.0066 0.9521 0.0030 0.0022 0.0021 0.0045 
        TC12  1 0.0134 0.0011 0.0025 0.0045 0.0046 0.0019 0.0018 0.0041 0.0035 0.0050 0.0162 0.0253 0.0108 0.0039 0.0226 0.8449 0.0106 0.0033 0.0062 0.0137 
        TC13  1 0.0102 0.0008 0.0055 0.0042 0.0009 0.0009 0.0014 0.0017 0.0024 0.0018 0.0030 0.0032 0.0021 0.0034 0.0055 0.9347 0.0036 0.0046 0.0023 0.0080 
        TC14  1 0.0334 0.0010 0.0034 0.0200 0.0016 0.0024 0.0014 0.0030 0.0039 0.0102 0.0034 0.0031 0.0036 0.0054 0.0170 0.8536 0.0029 0.0184 0.0025 0.0097 
        TC15  1 0.0717 0.0018 0.0421 0.0088 0.0019 0.0015 0.0069 0.0015 0.0079 0.0155 0.0094 0.0032 0.0027 0.0023 0.0086 0.7569 0.0050 0.0282 0.0066 0.0175 
        TC16  1 0.1411 0.0015 0.0029 0.0385 0.0030 0.0034 0.0046 0.0021 0.0030 0.0039 0.0082 0.0114 0.0053 0.0105 0.0320 0.7013 0.0083 0.0069 0.0021 0.0101 
        TC17  1 0.0168 0.0040 0.0027 0.1257 0.0014 0.0026 0.0026 0.0037 0.0056 0.0038 0.0712 0.0088 0.0065 0.0323 0.0129 0.6657 0.0070 0.0043 0.0031 0.0192 
        TC18  1 0.0224 0.0307 0.0258 0.0055 0.0025 0.0020 0.0063 0.0029 0.0016 0.0030 0.0059 0.0055 0.0089 0.0027 0.0327 0.8232 0.0041 0.0030 0.0046 0.0067 
        TC19  1 0.0053 0.0009 0.0016 0.0045 0.0011 0.0011 0.0011 0.0020 0.0014 0.0014 0.0029 0.0050 0.0043 0.0031 0.0060 0.9431 0.0047 0.0031 0.0024 0.0051 
        TC20  1 0.0058 0.0031 0.0020 0.0031 0.0011 0.0013 0.0020 0.0019 0.0020 0.0028 0.0028 0.0030 0.0025 0.0034 0.0159 0.9297 0.0047 0.0035 0.0036 0.0059 
        TC21  1 0.0129 0.0014 0.0015 0.0016 0.0016 0.0056 0.0066 0.0081 0.0020 0.0028 0.0807 0.0149 0.0042 0.0026 0.0339 0.7258 0.0054 0.0087 0.0021 0.0775 
        TC22  1 0.0083 0.0017 0.0012 0.0011 0.0011 0.0010 0.0013 0.0028 0.0028 0.0018 0.0033 0.0074 0.0097 0.0027 0.0060 0.9025 0.0101 0.0170 0.0061 0.0119 
        TC23  1 0.0072 0.0008 0.0330 0.0033 0.0039 0.0013 0.0010 0.0048 0.0027 0.0041 0.0036 0.0033 0.0234 0.0034 0.0094 0.8789 0.0031 0.0046 0.0019 0.0063 
        TC24  1 0.0038 0.0033 0.0202 0.0018 0.0017 0.0023 0.0011 0.0012 0.0019 0.0027 0.0024 0.0023 0.0023 0.0046 0.0058 0.9324 0.0025 0.0021 0.0016 0.0040 
        TC25  1 0.0432 0.0012 0.0018 0.0025 0.0039 0.0017 0.0012 0.0150 0.0019 0.0014 0.0066 0.0042 0.0055 0.0051 0.0455 0.8320 0.0048 0.0090 0.0016 0.0119 
        TC26  1 0.0125 0.0014 0.0150 0.0172 0.0014 0.0013 0.0011 0.0015 0.0052 0.0064 0.0147 0.0041 0.0036 0.0025 0.0058 0.8868 0.0039 0.0055 0.0014 0.0087 
        TC27  1 0.0143 0.0010 0.0093 0.0023 0.0012 0.0013 0.0025 0.0017 0.0031 0.0028 0.0181 0.0030 0.0027 0.1104 0.0063 0.7797 0.0039 0.0043 0.0224 0.0097 
        TC28  1 0.0250 0.0020 0.0029 0.0028 0.0031 0.0012 0.0041 0.0025 0.0020 0.0024 0.0081 0.0050 0.0033 0.0058 0.0102 0.8906 0.0130 0.0038 0.0017 0.0104 
        TC29  1 0.0271 0.0073 0.0040 0.0116 0.0049 0.0020 0.0126 0.0039 0.0026 0.0028 0.0043 0.0076 0.0082 0.0045 0.0188 0.8617 0.0031 0.0031 0.0013 0.0086 
        TC30  1 0.0106 0.0010 0.0354 0.0412 0.0014 0.0014 0.0025 0.0020 0.0019 0.0024 0.0040 0.0039 0.0038 0.0027 0.0065 0.8639 0.0039 0.0040 0.0019 0.0056 
        TC31  1 0.0063 0.0013 0.0078 0.0023 0.0017 0.0020 0.0026 0.0129 0.0015 0.0045 0.0033 0.0051 0.0187 0.0074 0.0349 0.8406 0.0283 0.0047 0.0038 0.0103 
        TC32  1 0.0695 0.0016 0.0036 0.0033 0.0017 0.0012 0.0017 0.0022 0.0029 0.0021 0.0124 0.0215 0.0024 0.0044 0.0080 0.8055 0.0283 0.0214 0.0015 0.0050 
        TC33  1 0.0067 0.0018 0.0193 0.0024 0.0016 0.0031 0.0018 0.0109 0.0031 0.0024 0.0049 0.0048 0.0033 0.0042 0.0080 0.9040 0.0040 0.0053 0.0020 0.0064 
        TC34  1 0.0275 0.0011 0.0042 0.0032 0.0013 0.0039 0.0020 0.0018 0.0077 0.0026 0.0036 0.0036 0.0077 0.0026 0.0064 0.9019 0.0053 0.0027 0.0034 0.0075 
        TC35  1 0.0239 0.0013 0.0309 0.0081 0.0010 0.0012 0.0023 0.0071 0.0021 0.0040 0.0099 0.0035 0.0193 0.0064 0.0166 0.8125 0.0336 0.0028 0.0051 0.0082 
        TC36  1 0.0078 0.0033 0.0226 0.0045 0.0050 0.0014 0.0061 0.0021 0.0031 0.0032 0.0284 0.0082 0.0031 0.0045 0.0083 0.8597 0.0049 0.0060 0.0029 0.0152 
        TC37  1 0.0026 0.0010 0.0029 0.0022 0.0015 0.0022 0.0015 0.0025 0.0031 0.0043 0.0046 0.0033 0.0036 0.0053 0.0088 0.9238 0.0137 0.0048 0.0022 0.0062 
        TC38  1 0.0527 0.0011 0.0022 0.0441 0.0021 0.0012 0.0021 0.0032 0.0015 0.0033 0.0055 0.0061 0.0043 0.0023 0.0369 0.8177 0.0030 0.0029 0.0013 0.0065 
        TC39  1 0.0928 0.0009 0.0051 0.0603 0.0013 0.0031 0.0025 0.0019 0.0029 0.0024 0.0052 0.0032 0.0043 0.0023 0.0159 0.7683 0.0060 0.0089 0.0014 0.0114 
        TC40  1 0.0165 0.0015 0.0017 0.0040 0.0027 0.0040 0.0018 0.0018 0.0037 0.0018 0.0046 0.0039 0.0044 0.0167 0.0078 0.9022 0.0060 0.0044 0.0021 0.0084 
        TC41  1 0.0037 0.0043 0.0024 0.0022 0.0013 0.0013 0.0016 0.0019 0.0039 0.0023 0.0064 0.0040 0.0174 0.0164 0.0083 0.8934 0.0155 0.0074 0.0016 0.0050 
        TC42  1 0.0144 0.0030 0.0043 0.0027 0.0017 0.0009 0.0012 0.0013 0.0016 0.0026 0.0044 0.0040 0.0027 0.0048 0.0053 0.9119 0.0024 0.0049 0.0032 0.0227 
        TC43  1 0.0185 0.0009 0.0082 0.0051 0.0020 0.0011 0.0022 0.0016 0.0023 0.0022 0.0041 0.0052 0.0026 0.0061 0.0100 0.9109 0.0043 0.0048 0.0020 0.0060 
        TC44  1 0.0548 0.0010 0.0224 0.1117 0.0033 0.0010 0.0011 0.0042 0.0090 0.0036 0.0060 0.0047 0.0042 0.0322 0.0072 0.7000 0.0087 0.0030 0.0089 0.0129 
        TC45  1 0.0025 0.0007 0.0013 0.0033 0.0009 0.0008 0.0009 0.0022 0.0014 0.0066 0.0034 0.0025 0.0032 0.0022 0.0187 0.9247 0.0099 0.0037 0.0011 0.0099 
        TC46  1 0.0057 0.0013 0.0037 0.0025 0.0021 0.0014 0.0017 0.0016 0.0018 0.0025 0.0053 0.0051 0.0087 0.0059 0.0159 0.9047 0.0166 0.0033 0.0024 0.0078 
        TC47  1 0.0133 0.0010 0.0070 0.0207 0.0013 0.0011 0.0015 0.0023 0.0020 0.0026 0.0046 0.0030 0.0029 0.0042 0.0073 0.9072 0.0046 0.0033 0.0048 0.0050 
        TC48  1 0.0073 0.0029 0.0085 0.0044 0.0014 0.0150 0.0018 0.0021 0.0035 0.0247 0.0082 0.0096 0.0039 0.0072 0.0196 0.8473 0.0063 0.0135 0.0039 0.0089 
        TC49  1 0.0047 0.0020 0.0034 0.0019 0.0009 0.0013 0.0021 0.0029 0.0024 0.0049 0.0039 0.0070 0.0026 0.0177 0.0081 0.8819 0.0150 0.0042 0.0023 0.0310 
        TC50  1 0.0087 0.0017 0.0273 0.0069 0.0015 0.0024 0.0030 0.0025 0.0039 0.0042 0.0064 0.0040 0.0070 0.0037 0.0119 0.8560 0.0061 0.0300 0.0062 0.0065 
        TC51  1 0.0723 0.0017 0.0045 0.0025 0.0015 0.0010 0.0013 0.0073 0.0024 0.0045 0.0041 0.0138 0.0039 0.0061 0.0095 0.8396 0.0052 0.0039 0.0023 0.0126 
        TC52  1 0.0046 0.0009 0.0012 0.0013 0.0175 0.0012 0.0011 0.0012 0.0014 0.0036 0.0051 0.0032 0.0028 0.0027 0.0165 0.9209 0.0028 0.0030 0.0012 0.0077 
        TC53  1 0.0213 0.0008 0.0041 0.0177 0.0010 0.0013 0.0015 0.0013 0.0023 0.0028 0.0059 0.0164 0.0133 0.0022 0.0051 0.8517 0.0031 0.0059 0.0089 0.0334 
        TC54  1 0.0167 0.0031 0.0034 0.0036 0.0014 0.0060 0.0027 0.0023 0.0032 0.0042 0.0137 0.0033 0.0033 0.0150 0.0099 0.8598 0.0089 0.0102 0.0028 0.0264 
        TC55  1 0.0127 0.0016 0.0060 0.0055 0.0035 0.0019 0.0016 0.0025 0.0021 0.0018 0.0341 0.0075 0.0022 0.0031 0.0101 0.8391 0.0080 0.0410 0.0021 0.0135 
        TC56  1 0.0089 0.0012 0.0033 0.0049 0.0016 0.0036 0.0027 0.0036 0.0026 0.0054 0.0039 0.0074 0.0052 0.0527 0.0288 0.8393 0.0068 0.0074 0.0034 0.0073 
        TC57  1 0.0042 0.0012 0.0052 0.0105 0.0015 0.0018 0.0036 0.0026 0.0031 0.0061 0.0112 0.0042 0.0052 0.0054 0.0071 0.8980 0.0074 0.0052 0.0073 0.0094 
        TC58  1 0.0046 0.0017 0.0016 0.0038 0.0013 0.0011 0.0011 0.0114 0.0035 0.0026 0.0083 0.0029 0.0044 0.0022 0.0073 0.9201 0.0063 0.0051 0.0026 0.0081 
        TC59  1 0.0088 0.0009 0.0022 0.0016 0.0012 0.0012 0.0010 0.0021 0.0023 0.0016 0.0129 0.0027 0.0029 0.0024 0.0046 0.9357 0.0030 0.0023 0.0017 0.0088 
        TA01  2 0.0362 0.0026 0.8657 0.0053 0.0008 0.0012 0.0011 0.0022 0.0149 0.0019 0.0187 0.0028 0.0031 0.0023 0.0056 0.0130 0.0025 0.0141 0.0018 0.0045 
        TA02  2 0.0038 0.0058 0.8810 0.0069 0.0035 0.0039 0.0014 0.0014 0.0021 0.0051 0.0075 0.0041 0.0033 0.0171 0.0134 0.0245 0.0044 0.0030 0.0013 0.0066 
        TA03  2 0.0134 0.0028 0.8886 0.0055 0.0014 0.0043 0.0017 0.0026 0.0036 0.0113 0.0044 0.0042 0.0042 0.0040 0.0067 0.0117 0.0087 0.0049 0.0081 0.0077 
        TA04  2 0.3154 0.0008 0.6101 0.0090 0.0014 0.0011 0.0019 0.0016 0.0024 0.0048 0.0036 0.0035 0.0026 0.0028 0.0054 0.0069 0.0120 0.0040 0.0030 0.0077 
        TA05  2 0.0104 0.0016 0.7330 0.0020 0.0012 0.0017 0.0018 0.0021 0.0019 0.0024 0.0056 0.0081 0.0026 0.0043 0.0129 0.1905 0.0040 0.0062 0.0020 0.0058 
        TA06  2 0.0056 0.0006 0.9514 0.0016 0.0009 0.0010 0.0008 0.0020 0.0017 0.0011 0.0030 0.0023 0.0021 0.0021 0.0048 0.0046 0.0033 0.0064 0.0013 0.0036 
        TA07  2 0.0039 0.0008 0.7834 0.0237 0.0026 0.0018 0.0011 0.0026 0.0016 0.0020 0.1134 0.0083 0.0060 0.0024 0.0056 0.0097 0.0033 0.0026 0.0018 0.0235 
        TA08  2 0.0069 0.0008 0.8600 0.0020 0.0009 0.0010 0.0009 0.0016 0.0019 0.0023 0.0024 0.0027 0.0023 0.0445 0.0175 0.0044 0.0031 0.0060 0.0332 0.0056 
        TA09  2 0.0108 0.0009 0.8586 0.0036 0.0023 0.0011 0.0011 0.0014 0.0018 0.0022 0.0026 0.0158 0.0033 0.0107 0.0046 0.0689 0.0028 0.0024 0.0016 0.0034 
        TA10  2 0.0042 0.0158 0.8018 0.0058 0.0015 0.0018 0.0049 0.0377 0.0035 0.0042 0.0145 0.0068 0.0175 0.0032 0.0085 0.0351 0.0046 0.0050 0.0033 0.0203 
        TA11  2 0.0057 0.0033 0.8316 0.0054 0.0012 0.0012 0.0009 0.0140 0.0015 0.0026 0.0031 0.0040 0.0407 0.0042 0.0144 0.0055 0.0182 0.0039 0.0037 0.0349 
        TA12  2 0.0030 0.1724 0.6719 0.0024 0.0012 0.0022 0.0018 0.0025 0.0017 0.0020 0.0091 0.0041 0.0031 0.0024 0.0053 0.0933 0.0045 0.0049 0.0022 0.0101 
        TA13  2 0.0358 0.0045 0.7206 0.0023 0.0096 0.0115 0.0402 0.0053 0.0095 0.0063 0.0064 0.0528 0.0052 0.0047 0.0069 0.0239 0.0050 0.0070 0.0022 0.0403 
        TA14  2 0.0050 0.0007 0.8424 0.0283 0.0017 0.0013 0.0010 0.0012 0.0016 0.0016 0.0029 0.0035 0.0018 0.0085 0.0046 0.0798 0.0042 0.0038 0.0011 0.0049 
        TA15  2 0.0053 0.0007 0.9386 0.0019 0.0009 0.0017 0.0037 0.0020 0.0022 0.0069 0.0026 0.0027 0.0024 0.0045 0.0043 0.0041 0.0044 0.0051 0.0014 0.0046 
        TA16  2 0.0183 0.0021 0.8770 0.0066 0.0011 0.0009 0.0027 0.0206 0.0020 0.0150 0.0074 0.0037 0.0019 0.0032 0.0051 0.0177 0.0034 0.0034 0.0018 0.0062 
        TA17  2 0.0036 0.0031 0.9190 0.0011 0.0018 0.0025 0.0015 0.0018 0.0059 0.0056 0.0042 0.0053 0.0027 0.0084 0.0050 0.0045 0.0068 0.0047 0.0046 0.0080 
        TA18  2 0.0047 0.0010 0.7969 0.0012 0.0020 0.0013 0.0013 0.0080 0.1121 0.0054 0.0039 0.0071 0.0050 0.0047 0.0051 0.0133 0.0075 0.0114 0.0025 0.0055 
        TA19  2 0.0523 0.0022 0.6534 0.0019 0.0017 0.0019 0.0015 0.0070 0.0026 0.0026 0.0064 0.0102 0.0110 0.0045 0.0059 0.1630 0.0159 0.0105 0.0389 0.0067 
        TA20  2 0.0030 0.0621 0.8624 0.0016 0.0008 0.0045 0.0044 0.0016 0.0021 0.0067 0.0045 0.0028 0.0039 0.0131 0.0092 0.0032 0.0049 0.0026 0.0015 0.0051 
        TA21  2 0.0101 0.0022 0.7715 0.0415 0.0022 0.0059 0.0104 0.0025 0.0056 0.0049 0.0066 0.0070 0.0027 0.0245 0.0141 0.0653 0.0045 0.0093 0.0021 0.0072 
        TA22  2 0.0047 0.0008 0.9394 0.0016 0.0010 0.0020 0.0017 0.0013 0.0034 0.0017 0.0046 0.0023 0.0034 0.0023 0.0050 0.0083 0.0043 0.0062 0.0013 0.0047 
        TA23  2 0.0229 0.0038 0.8142 0.0030 0.0016 0.0011 0.0014 0.0016 0.0066 0.0018 0.0026 0.0028 0.0022 0.0049 0.0050 0.1041 0.0033 0.0086 0.0017 0.0068 
        TA24  2 0.0087 0.0013 0.8929 0.0017 0.0015 0.0013 0.0186 0.0022 0.0031 0.0035 0.0125 0.0037 0.0051 0.0050 0.0065 0.0065 0.0088 0.0034 0.0047 0.0091 
        TA25  2 0.0045 0.0047 0.7626 0.0013 0.0014 0.0008 0.0038 0.1201 0.0040 0.0028 0.0142 0.0093 0.0203 0.0039 0.0057 0.0143 0.0063 0.0038 0.0033 0.0128 
        TA26  2 0.0263 0.0014 0.8087 0.0598 0.0010 0.0016 0.0018 0.0058 0.0018 0.0022 0.0030 0.0025 0.0081 0.0027 0.0227 0.0197 0.0031 0.0081 0.0051 0.0146 
        TA27  2 0.0064 0.0468 0.8421 0.0029 0.0015 0.0020 0.0016 0.0022 0.0053 0.0030 0.0041 0.0031 0.0047 0.0037 0.0045 0.0327 0.0048 0.0055 0.0027 0.0201 
        TA28  2 0.0037 0.0018 0.9066 0.0039 0.0020 0.0025 0.0014 0.0014 0.0025 0.0036 0.0056 0.0035 0.0044 0.0122 0.0205 0.0047 0.0075 0.0028 0.0014 0.0080 
        TA29  2 0.0434 0.0012 0.8572 0.0014 0.0015 0.0010 0.0012 0.0020 0.0024 0.0032 0.0056 0.0049 0.0033 0.0055 0.0057 0.0238 0.0056 0.0134 0.0042 0.0133 
        TA30  2 0.1453 0.0018 0.6456 0.0744 0.0015 0.0019 0.0026 0.0022 0.0023 0.0031 0.0035 0.0054 0.0044 0.0200 0.0094 0.0356 0.0058 0.0072 0.0125 0.0155 
      BERM01  3 0.9565 0.0017 0.0017 0.0019 0.0008 0.0013 0.0011 0.0015 0.0020 0.0015 0.0025 0.0029 0.0020 0.0024 0.0047 0.0032 0.0027 0.0040 0.0013 0.0043 
      BERM02  3 0.9415 0.0009 0.0035 0.0041 0.0009 0.0012 0.0014 0.0014 0.0015 0.0020 0.0030 0.0034 0.0026 0.0022 0.0067 0.0067 0.0049 0.0056 0.0011 0.0056 
      BERM03  3 0.9463 0.0011 0.0014 0.0023 0.0009 0.0012 0.0013 0.0019 0.0018 0.0015 0.0050 0.0050 0.0042 0.0026 0.0057 0.0031 0.0032 0.0039 0.0020 0.0056 
      BERM04  3 0.9519 0.0008 0.0009 0.0027 0.0010 0.0010 0.0011 0.0022 0.0020 0.0017 0.0035 0.0030 0.0024 0.0021 0.0067 0.0028 0.0028 0.0037 0.0027 0.0052 
      BERM05  3 0.9314 0.0013 0.0010 0.0017 0.0019 0.0016 0.0015 0.0028 0.0041 0.0022 0.0062 0.0028 0.0086 0.0036 0.0101 0.0023 0.0033 0.0065 0.0024 0.0047 
      BERM06  3 0.9149 0.0016 0.0014 0.0241 0.0012 0.0009 0.0011 0.0013 0.0048 0.0017 0.0092 0.0032 0.0022 0.0018 0.0079 0.0052 0.0071 0.0038 0.0021 0.0047 
      BERM07  3 0.9411 0.0008 0.0028 0.0034 0.0010 0.0012 0.0010 0.0022 0.0014 0.0023 0.0029 0.0032 0.0027 0.0056 0.0062 0.0061 0.0045 0.0031 0.0027 0.0057 
      BERM08  3 0.9573 0.0008 0.0014 0.0015 0.0007 0.0007 0.0009 0.0014 0.0014 0.0014 0.0025 0.0022 0.0020 0.0018 0.0080 0.0039 0.0024 0.0048 0.0014 0.0034 
      BERM09  3 0.7758 0.0006 0.0051 0.1642 0.0008 0.0010 0.0009 0.0017 0.0019 0.0016 0.0055 0.0031 0.0036 0.0022 0.0039 0.0146 0.0042 0.0030 0.0013 0.0049 
      BERM10  3 0.8827 0.0012 0.0060 0.0066 0.0011 0.0011 0.0032 0.0017 0.0020 0.0019 0.0104 0.0174 0.0053 0.0044 0.0142 0.0089 0.0039 0.0040 0.0066 0.0175 
      BERM11  3 0.9196 0.0008 0.0019 0.0270 0.0008 0.0012 0.0012 0.0023 0.0019 0.0028 0.0027 0.0025 0.0021 0.0033 0.0081 0.0067 0.0053 0.0040 0.0015 0.0043 
      BERM12  3 0.8828 0.0014 0.0047 0.0054 0.0031 0.0012 0.0010 0.0028 0.0088 0.0017 0.0024 0.0028 0.0026 0.0024 0.0573 0.0040 0.0033 0.0026 0.0059 0.0036 
      BERM13  3 0.9441 0.0007 0.0019 0.0019 0.0019 0.0011 0.0032 0.0018 0.0025 0.0017 0.0043 0.0028 0.0023 0.0029 0.0052 0.0044 0.0084 0.0030 0.0017 0.0041 
      BERM14  3 0.9215 0.0007 0.0039 0.0208 0.0017 0.0010 0.0013 0.0025 0.0023 0.0026 0.0026 0.0031 0.0058 0.0024 0.0053 0.0090 0.0031 0.0025 0.0018 0.0061 
      CROC01  3 0.8441 0.0023 0.0023 0.0024 0.0050 0.0137 0.0023 0.0025 0.0039 0.0161 0.0078 0.0039 0.0230 0.0076 0.0088 0.0043 0.0143 0.0091 0.0051 0.0215 
      CROC02  3 0.8211 0.0009 0.0116 0.0183 0.0055 0.0018 0.0090 0.0033 0.0088 0.0046 0.0353 0.0037 0.0039 0.0054 0.0162 0.0038 0.0270 0.0063 0.0017 0.0117 
      CROC03  3 0.8385 0.0012 0.0023 0.0724 0.0020 0.0018 0.0019 0.0023 0.0015 0.0024 0.0042 0.0046 0.0031 0.0075 0.0268 0.0052 0.0087 0.0050 0.0035 0.0050 
      CROC04  3 0.8042 0.0012 0.0044 0.0014 0.0014 0.0011 0.0020 0.0020 0.0030 0.0021 0.0735 0.0038 0.0053 0.0033 0.0049 0.0679 0.0069 0.0031 0.0019 0.0068 
      CROC05  3 0.9322 0.0008 0.0009 0.0070 0.0010 0.0011 0.0016 0.0028 0.0016 0.0019 0.0173 0.0030 0.0026 0.0023 0.0061 0.0029 0.0028 0.0041 0.0012 0.0069 
      CROC06  3 0.7888 0.0012 0.0271 0.0041 0.0031 0.0019 0.0011 0.0061 0.0059 0.0020 0.1118 0.0039 0.0039 0.0038 0.0108 0.0054 0.0070 0.0041 0.0021 0.0059 
      CROC07  3 0.9164 0.0010 0.0017 0.0058 0.0010 0.0012 0.0016 0.0016 0.0132 0.0018 0.0048 0.0032 0.0066 0.0021 0.0062 0.0118 0.0079 0.0032 0.0018 0.0070 
      CROC08  3 0.8553 0.0040 0.0063 0.0025 0.0018 0.0082 0.0039 0.0050 0.0024 0.0018 0.0040 0.0085 0.0255 0.0164 0.0213 0.0033 0.0030 0.0156 0.0027 0.0087 
      CROC09  3 0.8959 0.0006 0.0010 0.0117 0.0022 0.0078 0.0015 0.0015 0.0014 0.0014 0.0043 0.0353 0.0029 0.0036 0.0113 0.0030 0.0031 0.0052 0.0012 0.0050 
      CROC10  3 0.9424 0.0007 0.0011 0.0021 0.0009 0.0008 0.0010 0.0030 0.0022 0.0017 0.0030 0.0035 0.0025 0.0020 0.0081 0.0035 0.0035 0.0088 0.0014 0.0080 
      CROC11  3 0.8954 0.0006 0.0011 0.0123 0.0022 0.0083 0.0015 0.0015 0.0014 0.0014 0.0042 0.0348 0.0030 0.0036 0.0113 0.0030 0.0030 0.0052 0.0012 0.0050 
     CROC110  3 0.8654 0.0011 0.0058 0.0183 0.0032 0.0026 0.0023 0.0016 0.0023 0.0043 0.0092 0.0278 0.0029 0.0078 0.0054 0.0042 0.0035 0.0034 0.0024 0.0265 
     CROC116  3 0.8083 0.0095 0.0119 0.0106 0.0091 0.0020 0.0025 0.0019 0.0380 0.0028 0.0112 0.0043 0.0079 0.0042 0.0208 0.0130 0.0054 0.0136 0.0025 0.0205 
      CROC12  3 0.9387 0.0014 0.0031 0.0017 0.0010 0.0011 0.0035 0.0015 0.0020 0.0014 0.0058 0.0075 0.0022 0.0039 0.0059 0.0037 0.0044 0.0035 0.0013 0.0061 
     CROC123  3 0.9507 0.0013 0.0021 0.0039 0.0015 0.0008 0.0019 0.0011 0.0012 0.0013 0.0023 0.0044 0.0019 0.0026 0.0063 0.0042 0.0027 0.0048 0.0011 0.0038 
      CROC13  3 0.9244 0.0010 0.0014 0.0049 0.0010 0.0010 0.0010 0.0027 0.0016 0.0018 0.0038 0.0027 0.0042 0.0039 0.0252 0.0035 0.0026 0.0060 0.0020 0.0053 
      CROC14  3 0.8438 0.0013 0.0023 0.0144 0.0009 0.0022 0.0020 0.0523 0.0023 0.0075 0.0222 0.0149 0.0018 0.0039 0.0079 0.0070 0.0040 0.0029 0.0010 0.0053 
      CROC15  3 0.8053 0.0012 0.0012 0.0017 0.1084 0.0037 0.0017 0.0055 0.0015 0.0182 0.0045 0.0056 0.0026 0.0044 0.0146 0.0043 0.0034 0.0042 0.0021 0.0060 
      CROC16  3 0.8610 0.0025 0.0011 0.0056 0.0031 0.0030 0.0015 0.0020 0.0091 0.0046 0.0102 0.0044 0.0036 0.0059 0.0544 0.0026 0.0037 0.0101 0.0016 0.0099 
      CROC17  3 0.8685 0.0009 0.0320 0.0015 0.0007 0.0008 0.0009 0.0014 0.0012 0.0152 0.0028 0.0021 0.0020 0.0029 0.0062 0.0437 0.0036 0.0027 0.0012 0.0096 
      CROC18  3 0.9013 0.0011 0.0018 0.0026 0.0015 0.0013 0.0018 0.0015 0.0022 0.0034 0.0029 0.0039 0.0112 0.0021 0.0190 0.0065 0.0230 0.0037 0.0018 0.0075 
      CROC19  3 0.8508 0.0011 0.0122 0.0021 0.0016 0.0015 0.0034 0.0028 0.0022 0.0030 0.0448 0.0107 0.0087 0.0070 0.0075 0.0063 0.0106 0.0033 0.0049 0.0154 
     CROC198  3 0.9305 0.0010 0.0013 0.0106 0.0008 0.0012 0.0018 0.0025 0.0019 0.0028 0.0034 0.0029 0.0042 0.0036 0.0064 0.0033 0.0039 0.0041 0.0052 0.0086 
      CROC20  3 0.8867 0.0012 0.0014 0.0043 0.0019 0.0018 0.0019 0.0024 0.0047 0.0039 0.0066 0.0046 0.0034 0.0127 0.0129 0.0030 0.0197 0.0044 0.0024 0.0201 
     CROC202  3 0.8901 0.0011 0.0012 0.0037 0.0014 0.0011 0.0011 0.0030 0.0020 0.0020 0.0036 0.0029 0.0140 0.0033 0.0454 0.0048 0.0046 0.0050 0.0029 0.0070 
      CROC21  3 0.9151 0.0011 0.0024 0.0028 0.0011 0.0018 0.0012 0.0021 0.0014 0.0020 0.0028 0.0273 0.0025 0.0022 0.0084 0.0063 0.0038 0.0056 0.0017 0.0083 
     CROC216  3 0.8722 0.0025 0.0015 0.0039 0.0181 0.0024 0.0043 0.0021 0.0067 0.0017 0.0059 0.0088 0.0054 0.0030 0.0148 0.0280 0.0039 0.0053 0.0018 0.0079 
      CROC22  3 0.7995 0.0241 0.0027 0.0589 0.0013 0.0010 0.0281 0.0024 0.0013 0.0027 0.0037 0.0119 0.0054 0.0021 0.0094 0.0082 0.0045 0.0053 0.0150 0.0125 
      CROC23  3 0.9069 0.0010 0.0020 0.0023 0.0010 0.0013 0.0028 0.0016 0.0016 0.0017 0.0032 0.0049 0.0024 0.0029 0.0079 0.0217 0.0037 0.0236 0.0016 0.0059 
      CROC24  3 0.9102 0.0015 0.0035 0.0170 0.0013 0.0017 0.0017 0.0018 0.0019 0.0033 0.0047 0.0033 0.0042 0.0040 0.0210 0.0038 0.0032 0.0031 0.0015 0.0071 
      CROC25  3 0.9461 0.0009 0.0018 0.0042 0.0014 0.0014 0.0011 0.0024 0.0020 0.0020 0.0043 0.0030 0.0029 0.0027 0.0056 0.0042 0.0046 0.0033 0.0017 0.0044 
     CROC259  3 0.8385 0.0019 0.0227 0.0033 0.0010 0.0012 0.0024 0.0221 0.0027 0.0029 0.0134 0.0026 0.0031 0.0043 0.0099 0.0534 0.0031 0.0049 0.0022 0.0043 
      CROC26  3 0.7539 0.0013 0.1888 0.0020 0.0015 0.0018 0.0014 0.0029 0.0022 0.0024 0.0028 0.0023 0.0040 0.0042 0.0083 0.0043 0.0027 0.0051 0.0039 0.0044 
      CROC27  3 0.7919 0.0179 0.0062 0.0877 0.0019 0.0043 0.0021 0.0020 0.0035 0.0072 0.0053 0.0029 0.0031 0.0123 0.0079 0.0242 0.0055 0.0044 0.0031 0.0067 
      CROC28  3 0.7580 0.0014 0.0890 0.0950 0.0012 0.0014 0.0011 0.0021 0.0019 0.0019 0.0050 0.0033 0.0027 0.0026 0.0059 0.0157 0.0022 0.0028 0.0014 0.0053 
      CROC29  3 0.9217 0.0010 0.0019 0.0051 0.0025 0.0030 0.0037 0.0017 0.0016 0.0061 0.0051 0.0032 0.0032 0.0042 0.0077 0.0056 0.0038 0.0057 0.0018 0.0113 
      CROC30  3 0.8072 0.0025 0.0036 0.0022 0.0044 0.0021 0.0037 0.0024 0.0188 0.0054 0.0820 0.0050 0.0033 0.0118 0.0110 0.0061 0.0102 0.0035 0.0018 0.0132 
      CROC31  3 0.8228 0.0033 0.0291 0.0187 0.0020 0.0021 0.0024 0.0022 0.0252 0.0045 0.0054 0.0053 0.0035 0.0026 0.0079 0.0131 0.0040 0.0122 0.0015 0.0319 
      CROC32  3 0.9306 0.0009 0.0019 0.0089 0.0009 0.0009 0.0014 0.0023 0.0022 0.0022 0.0086 0.0039 0.0040 0.0019 0.0058 0.0035 0.0040 0.0029 0.0018 0.0113 
      CROC33  3 0.8663 0.0008 0.0013 0.0049 0.0022 0.0064 0.0016 0.0011 0.0029 0.0017 0.0218 0.0056 0.0046 0.0402 0.0102 0.0124 0.0052 0.0028 0.0021 0.0058 
      CROC34  3 0.9309 0.0029 0.0026 0.0015 0.0015 0.0023 0.0013 0.0033 0.0050 0.0024 0.0056 0.0024 0.0031 0.0043 0.0082 0.0049 0.0061 0.0035 0.0035 0.0047 
      CROC35  3 0.8761 0.0008 0.0106 0.0087 0.0006 0.0008 0.0012 0.0017 0.0017 0.0019 0.0236 0.0022 0.0018 0.0502 0.0044 0.0040 0.0022 0.0025 0.0009 0.0041 
      CROC36  3 0.9540 0.0007 0.0009 0.0020 0.0010 0.0009 0.0010 0.0020 0.0012 0.0017 0.0033 0.0026 0.0029 0.0019 0.0066 0.0026 0.0024 0.0065 0.0011 0.0047 
      CROC57  3 0.9396 0.0009 0.0010 0.0024 0.0013 0.0017 0.0013 0.0056 0.0021 0.0023 0.0044 0.0031 0.0058 0.0031 0.0070 0.0030 0.0036 0.0033 0.0018 0.0067 
      CROC81  3 0.8435 0.0009 0.0014 0.0040 0.0022 0.0046 0.0014 0.0022 0.0027 0.0019 0.0050 0.0031 0.0094 0.0040 0.0674 0.0032 0.0080 0.0055 0.0015 0.0280 
      CROC84  3 0.9425 0.0012 0.0026 0.0032 0.0014 0.0008 0.0008 0.0014 0.0035 0.0013 0.0019 0.0022 0.0021 0.0022 0.0194 0.0030 0.0020 0.0024 0.0025 0.0038 
        FW01  3 0.0040 0.0012 0.0009 0.9350 0.0012 0.0015 0.0013 0.0022 0.0021 0.0020 0.0030 0.0042 0.0039 0.0043 0.0111 0.0029 0.0046 0.0027 0.0025 0.0095 
        FW02  3 0.9646 0.0006 0.0009 0.0021 0.0007 0.0008 0.0008 0.0015 0.0012 0.0013 0.0022 0.0026 0.0021 0.0019 0.0039 0.0023 0.0026 0.0026 0.0012 0.0041 
        FW03  3 0.0029 0.0006 0.0009 0.9613 0.0010 0.0008 0.0008 0.0013 0.0013 0.0013 0.0026 0.0022 0.0020 0.0021 0.0058 0.0025 0.0026 0.0024 0.0013 0.0045 
        FW04  3 0.9645 0.0006 0.0009 0.0021 0.0007 0.0008 0.0009 0.0015 0.0012 0.0013 0.0023 0.0027 0.0020 0.0019 0.0040 0.0022 0.0026 0.0026 0.0012 0.0041 
        FW05  3 0.9647 0.0006 0.0008 0.0020 0.0007 0.0008 0.0009 0.0014 0.0012 0.0013 0.0022 0.0027 0.0020 0.0019 0.0039 0.0023 0.0026 0.0026 0.0012 0.0041 
        FW06  3 0.9644 0.0006 0.0009 0.0020 0.0007 0.0008 0.0008 0.0015 0.0012 0.0013 0.0023 0.0026 0.0021 0.0019 0.0040 0.0023 0.0026 0.0026 0.0012 0.0041 
        FW07  3 0.0029 0.0007 0.0009 0.9613 0.0009 0.0008 0.0008 0.0013 0.0012 0.0013 0.0025 0.0023 0.0020 0.0021 0.0058 0.0024 0.0026 0.0024 0.0013 0.0046 
        FW08  3 0.9645 0.0006 0.0009 0.0020 0.0007 0.0008 0.0009 0.0015 0.0012 0.0013 0.0023 0.0027 0.0021 0.0019 0.0039 0.0022 0.0026 0.0026 0.0012 0.0041 
        FW09  3 0.9648 0.0006 0.0009 0.0019 0.0007 0.0008 0.0008 0.0015 0.0012 0.0013 0.0023 0.0027 0.0020 0.0019 0.0040 0.0023 0.0026 0.0026 0.0012 0.0040 
        FW10  3 0.0029 0.0007 0.0009 0.9606 0.0010 0.0009 0.0008 0.0013 0.0012 0.0014 0.0024 0.0024 0.0020 0.0021 0.0057 0.0026 0.0026 0.0025 0.0013 0.0048 
       FW100  3 0.0038 0.0008 0.0009 0.9599 0.0009 0.0010 0.0008 0.0013 0.0013 0.0013 0.0023 0.0024 0.0020 0.0020 0.0057 0.0027 0.0026 0.0025 0.0013 0.0045 
       FW101  3 0.0029 0.0007 0.0010 0.9607 0.0010 0.0009 0.0008 0.0013 0.0013 0.0013 0.0023 0.0024 0.0020 0.0021 0.0057 0.0025 0.0025 0.0025 0.0013 0.0047 
       FW102  3 0.9646 0.0006 0.0009 0.0020 0.0007 0.0008 0.0009 0.0015 0.0012 0.0013 0.0022 0.0026 0.0021 0.0020 0.0040 0.0022 0.0026 0.0026 0.0012 0.0040 
       FW103  3 0.9650 0.0006 0.0009 0.0019 0.0007 0.0008 0.0008 0.0015 0.0012 0.0013 0.0023 0.0026 0.0020 0.0019 0.0040 0.0022 0.0026 0.0026 0.0012 0.0040 
       FW104  3 0.0040 0.0012 0.0009 0.9350 0.0012 0.0015 0.0013 0.0022 0.0021 0.0020 0.0029 0.0042 0.0039 0.0044 0.0110 0.0029 0.0046 0.0028 0.0025 0.0094 
       FW105  3 0.0030 0.0007 0.0009 0.9603 0.0010 0.0009 0.0008 0.0013 0.0013 0.0014 0.0023 0.0024 0.0020 0.0021 0.0058 0.0026 0.0026 0.0025 0.0013 0.0048 
       FW106  3 0.7535 0.0014 0.0032 0.0145 0.0036 0.0015 0.0024 0.0017 0.0024 0.0028 0.0037 0.0072 0.0026 0.0998 0.0116 0.0067 0.0579 0.0075 0.0030 0.0132 
       FW107  3 0.0040 0.0011 0.0009 0.9348 0.0012 0.0014 0.0013 0.0023 0.0021 0.0020 0.0031 0.0042 0.0039 0.0043 0.0113 0.0028 0.0046 0.0027 0.0025 0.0095 
       FW108  3 0.9645 0.0006 0.0009 0.0020 0.0007 0.0008 0.0009 0.0015 0.0013 0.0013 0.0022 0.0027 0.0021 0.0020 0.0040 0.0023 0.0026 0.0026 0.0012 0.0040 
       FW109  3 0.0029 0.0007 0.0009 0.9606 0.0010 0.0009 0.0008 0.0013 0.0013 0.0014 0.0023 0.0024 0.0020 0.0021 0.0058 0.0026 0.0026 0.0025 0.0013 0.0048 
        FW11  3 0.0037 0.0008 0.0009 0.9598 0.0009 0.0009 0.0008 0.0013 0.0013 0.0013 0.0023 0.0024 0.0020 0.0021 0.0057 0.0027 0.0026 0.0025 0.0013 0.0045 
       FW110  3 0.0029 0.0006 0.0009 0.9613 0.0010 0.0009 0.0008 0.0013 0.0012 0.0013 0.0025 0.0023 0.0020 0.0021 0.0057 0.0024 0.0026 0.0024 0.0014 0.0046 
       FW111  3 0.9646 0.0006 0.0008 0.0020 0.0007 0.0008 0.0008 0.0015 0.0012 0.0013 0.0023 0.0026 0.0021 0.0019 0.0039 0.0023 0.0026 0.0026 0.0012 0.0041 
       FW112  3 0.0037 0.0008 0.0009 0.9598 0.0009 0.0010 0.0008 0.0013 0.0013 0.0013 0.0024 0.0024 0.0020 0.0021 0.0057 0.0026 0.0026 0.0025 0.0013 0.0046 
       FW113  3 0.9647 0.0006 0.0009 0.0020 0.0007 0.0008 0.0009 0.0015 0.0012 0.0013 0.0023 0.0026 0.0020 0.0019 0.0040 0.0022 0.0026 0.0026 0.0012 0.0040 
       FW114  3 0.0030 0.0007 0.0011 0.9584 0.0010 0.0009 0.0010 0.0013 0.0014 0.0015 0.0029 0.0024 0.0020 0.0022 0.0058 0.0032 0.0026 0.0025 0.0013 0.0049 
       FW115  3 0.0029 0.0007 0.0009 0.9608 0.0010 0.0009 0.0008 0.0013 0.0013 0.0013 0.0023 0.0024 0.0020 0.0021 0.0057 0.0025 0.0026 0.0025 0.0013 0.0047 
       FW116  3 0.9648 0.0006 0.0009 0.0020 0.0007 0.0008 0.0008 0.0015 0.0012 0.0013 0.0023 0.0026 0.0020 0.0019 0.0039 0.0022 0.0026 0.0026 0.0012 0.0040 
        FW12  3 0.9648 0.0006 0.0009 0.0020 0.0007 0.0008 0.0008 0.0014 0.0012 0.0013 0.0023 0.0026 0.0020 0.0019 0.0039 0.0022 0.0027 0.0026 0.0012 0.0040 
        FW13  3 0.9645 0.0006 0.0009 0.0020 0.0007 0.0008 0.0009 0.0015 0.0012 0.0013 0.0022 0.0026 0.0021 0.0019 0.0039 0.0023 0.0026 0.0026 0.0012 0.0041 
        FW14  3 0.0039 0.0012 0.0009 0.9348 0.0012 0.0015 0.0013 0.0022 0.0020 0.0020 0.0030 0.0043 0.0039 0.0043 0.0112 0.0028 0.0048 0.0028 0.0025 0.0094 
        FW15  3 0.0040 0.0012 0.0009 0.9348 0.0012 0.0014 0.0013 0.0022 0.0021 0.0020 0.0029 0.0042 0.0039 0.0044 0.0111 0.0029 0.0048 0.0028 0.0026 0.0094 
        FW16  3 0.0029 0.0007 0.0009 0.9607 0.0010 0.0009 0.0008 0.0013 0.0012 0.0013 0.0023 0.0024 0.0020 0.0020 0.0057 0.0025 0.0026 0.0025 0.0013 0.0048 
        FW17  3 0.0029 0.0007 0.0009 0.9607 0.0010 0.0010 0.0008 0.0013 0.0013 0.0014 0.0023 0.0024 0.0020 0.0021 0.0057 0.0025 0.0025 0.0025 0.0013 0.0048 
        FW18  3 0.0037 0.0008 0.0009 0.9600 0.0009 0.0009 0.0008 0.0013 0.0013 0.0013 0.0023 0.0024 0.0020 0.0021 0.0056 0.0027 0.0026 0.0025 0.0013 0.0046 
        FW19  3 0.9645 0.0006 0.0009 0.0020 0.0007 0.0008 0.0008 0.0015 0.0012 0.0013 0.0023 0.0027 0.0021 0.0019 0.0040 0.0022 0.0026 0.0026 0.0012 0.0041 
        FW20  3 0.9646 0.0006 0.0009 0.0021 0.0007 0.0008 0.0009 0.0015 0.0012 0.0013 0.0022 0.0026 0.0020 0.0019 0.0039 0.0022 0.0026 0.0026 0.0012 0.0041 
        FW21  3 0.9647 0.0006 0.0008 0.0019 0.0007 0.0008 0.0008 0.0015 0.0012 0.0013 0.0023 0.0026 0.0020 0.0019 0.0039 0.0023 0.0027 0.0026 0.0012 0.0040 
        FW22  3 0.0038 0.0008 0.0009 0.9598 0.0009 0.0009 0.0008 0.0013 0.0013 0.0013 0.0023 0.0024 0.0020 0.0021 0.0056 0.0027 0.0026 0.0025 0.0013 0.0046 
        FW23  3 0.9646 0.0006 0.0009 0.0020 0.0007 0.0008 0.0009 0.0014 0.0012 0.0013 0.0023 0.0026 0.0021 0.0019 0.0040 0.0022 0.0026 0.0026 0.0012 0.0040 
        FW24  3 0.9646 0.0006 0.0009 0.0021 0.0007 0.0008 0.0009 0.0015 0.0012 0.0013 0.0022 0.0026 0.0020 0.0019 0.0039 0.0023 0.0026 0.0026 0.0012 0.0040 
        FW25  3 0.9645 0.0006 0.0008 0.0019 0.0007 0.0008 0.0009 0.0015 0.0012 0.0013 0.0023 0.0027 0.0021 0.0019 0.0039 0.0022 0.0026 0.0027 0.0012 0.0041 
        FW26  3 0.9645 0.0006 0.0009 0.0020 0.0007 0.0008 0.0009 0.0015 0.0012 0.0013 0.0023 0.0026 0.0021 0.0019 0.0039 0.0023 0.0026 0.0026 0.0012 0.0040 
        FW27  3 0.0029 0.0007 0.0009 0.9608 0.0010 0.0009 0.0008 0.0013 0.0012 0.0013 0.0023 0.0024 0.0020 0.0021 0.0056 0.0025 0.0026 0.0025 0.0014 0.0048 
        FW28  3 0.9645 0.0006 0.0009 0.0020 0.0007 0.0008 0.0009 0.0015 0.0012 0.0013 0.0023 0.0026 0.0020 0.0019 0.0039 0.0023 0.0026 0.0026 0.0012 0.0041 
        FW29  3 0.9645 0.0006 0.0009 0.0021 0.0007 0.0008 0.0009 0.0014 0.0012 0.0013 0.0022 0.0027 0.0021 0.0019 0.0039 0.0023 0.0026 0.0026 0.0012 0.0041 
        FW30  3 0.7530 0.0013 0.0034 0.0146 0.0037 0.0014 0.0024 0.0017 0.0024 0.0029 0.0037 0.0072 0.0026 0.0980 0.0112 0.0068 0.0600 0.0072 0.0030 0.0134 
        FW32  3 0.0040 0.0011 0.0010 0.9350 0.0012 0.0015 0.0013 0.0021 0.0020 0.0020 0.0030 0.0043 0.0040 0.0044 0.0109 0.0029 0.0047 0.0027 0.0025 0.0095 
        FW33  3 0.9642 0.0006 0.0009 0.0021 0.0007 0.0008 0.0009 0.0015 0.0012 0.0013 0.0023 0.0028 0.0020 0.0019 0.0039 0.0022 0.0026 0.0029 0.0012 0.0040 
        FW34  3 0.9645 0.0006 0.0009 0.0020 0.0007 0.0008 0.0009 0.0015 0.0012 0.0013 0.0023 0.0026 0.0021 0.0020 0.0040 0.0022 0.0026 0.0026 0.0013 0.0041 
        FW35  3 0.9648 0.0006 0.0009 0.0020 0.0007 0.0008 0.0008 0.0015 0.0012 0.0013 0.0023 0.0027 0.0021 0.0019 0.0040 0.0022 0.0026 0.0026 0.0012 0.0040 
        FW36  3 0.9644 0.0006 0.0009 0.0021 0.0007 0.0008 0.0008 0.0015 0.0012 0.0013 0.0022 0.0026 0.0020 0.0019 0.0040 0.0022 0.0027 0.0027 0.0012 0.0040 
        FW37  3 0.0029 0.0008 0.0009 0.9608 0.0010 0.0010 0.0008 0.0013 0.0013 0.0014 0.0023 0.0024 0.0020 0.0021 0.0057 0.0025 0.0026 0.0025 0.0013 0.0047 
        FW51  3 0.9648 0.0006 0.0009 0.0020 0.0007 0.0008 0.0008 0.0015 0.0012 0.0013 0.0023 0.0026 0.0020 0.0019 0.0039 0.0023 0.0026 0.0026 0.0012 0.0040 
        FW52  3 0.0030 0.0007 0.0009 0.9605 0.0010 0.0009 0.0008 0.0013 0.0013 0.0013 0.0023 0.0024 0.0020 0.0021 0.0058 0.0025 0.0026 0.0025 0.0013 0.0048 
        FW53  3 0.9648 0.0006 0.0009 0.0019 0.0007 0.0008 0.0009 0.0015 0.0012 0.0013 0.0023 0.0026 0.0020 0.0019 0.0039 0.0023 0.0026 0.0026 0.0012 0.0040 
        FW54  3 0.0029 0.0006 0.0009 0.9612 0.0009 0.0008 0.0008 0.0013 0.0013 0.0013 0.0025 0.0023 0.0020 0.0021 0.0057 0.0025 0.0025 0.0024 0.0013 0.0046 
        FW55  3 0.9646 0.0006 0.0008 0.0020 0.0007 0.0008 0.0009 0.0015 0.0012 0.0013 0.0022 0.0026 0.0021 0.0019 0.0040 0.0023 0.0026 0.0026 0.0012 0.0040 
        FW56  3 0.9645 0.0006 0.0009 0.0021 0.0007 0.0008 0.0009 0.0015 0.0012 0.0013 0.0023 0.0026 0.0020 0.0019 0.0040 0.0022 0.0026 0.0026 0.0012 0.0040 
        FW57  3 0.9647 0.0006 0.0009 0.0019 0.0007 0.0008 0.0008 0.0014 0.0013 0.0013 0.0023 0.0026 0.0020 0.0019 0.0040 0.0022 0.0026 0.0027 0.0012 0.0041 
        FW78  3 0.9645 0.0006 0.0009 0.0020 0.0007 0.0008 0.0009 0.0015 0.0012 0.0013 0.0023 0.0027 0.0020 0.0019 0.0039 0.0022 0.0026 0.0026 0.0012 0.0040 
        FW79  3 0.9645 0.0006 0.0009 0.0020 0.0007 0.0008 0.0009 0.0015 0.0013 0.0013 0.0023 0.0027 0.0021 0.0019 0.0040 0.0023 0.0027 0.0026 0.0012 0.0040 
        FW80  3 0.9646 0.0006 0.0009 0.0019 0.0007 0.0008 0.0008 0.0015 0.0012 0.0013 0.0022 0.0026 0.0020 0.0019 0.0039 0.0023 0.0026 0.0027 0.0012 0.0041 
        FW81  3 0.0029 0.0006 0.0009 0.9613 0.0009 0.0009 0.0008 0.0013 0.0012 0.0013 0.0025 0.0023 0.0020 0.0021 0.0058 0.0025 0.0026 0.0024 0.0013 0.0045 
        FW82  3 0.0029 0.0007 0.0009 0.9606 0.0010 0.0009 0.0008 0.0013 0.0013 0.0013 0.0023 0.0024 0.0020 0.0021 0.0058 0.0026 0.0026 0.0026 0.0013 0.0047 
        FW83  3 0.0039 0.0011 0.0009 0.9351 0.0012 0.0015 0.0013 0.0022 0.0020 0.0020 0.0030 0.0042 0.0039 0.0043 0.0109 0.0030 0.0047 0.0027 0.0026 0.0093 
        FW84  3 0.9647 0.0006 0.0009 0.0020 0.0007 0.0008 0.0009 0.0015 0.0012 0.0013 0.0023 0.0026 0.0021 0.0019 0.0040 0.0023 0.0026 0.0026 0.0012 0.0040 
        FW85  3 0.0029 0.0007 0.0009 0.9581 0.0014 0.0009 0.0008 0.0013 0.0013 0.0013 0.0026 0.0027 0.0020 0.0021 0.0067 0.0028 0.0026 0.0025 0.0013 0.0049 
        FW86  3 0.0038 0.0008 0.0009 0.9599 0.0009 0.0009 0.0008 0.0013 0.0013 0.0013 0.0023 0.0024 0.0020 0.0021 0.0057 0.0026 0.0025 0.0025 0.0014 0.0045 
        FW87  3 0.0038 0.0008 0.0009 0.9598 0.0009 0.0009 0.0008 0.0013 0.0013 0.0014 0.0023 0.0024 0.0020 0.0021 0.0057 0.0027 0.0026 0.0025 0.0013 0.0045 
        FW88  3 0.9646 0.0006 0.0009 0.0020 0.0007 0.0008 0.0008 0.0015 0.0012 0.0013 0.0023 0.0026 0.0021 0.0019 0.0039 0.0022 0.0027 0.0026 0.0012 0.0041 
        FW89  3 0.9644 0.0006 0.0009 0.0021 0.0008 0.0008 0.0008 0.0014 0.0012 0.0013 0.0023 0.0027 0.0021 0.0019 0.0040 0.0023 0.0026 0.0026 0.0012 0.0041 
        FW90  3 0.9645 0.0006 0.0009 0.0020 0.0008 0.0008 0.0009 0.0014 0.0012 0.0013 0.0023 0.0026 0.0021 0.0019 0.0040 0.0023 0.0026 0.0026 0.0012 0.0041 
        FW91  3 0.0029 0.0007 0.0009 0.9604 0.0010 0.0010 0.0008 0.0013 0.0013 0.0013 0.0023 0.0024 0.0020 0.0021 0.0057 0.0025 0.0026 0.0025 0.0013 0.0048 
        FW92  3 0.9645 0.0006 0.0009 0.0021 0.0007 0.0008 0.0009 0.0015 0.0012 0.0013 0.0023 0.0026 0.0020 0.0019 0.0039 0.0022 0.0026 0.0026 0.0012 0.0041 
        FW93  3 0.9645 0.0006 0.0009 0.0021 0.0007 0.0008 0.0009 0.0014 0.0012 0.0013 0.0023 0.0027 0.0021 0.0019 0.0039 0.0023 0.0026 0.0026 0.0012 0.0041 
        FW94  3 0.0029 0.0007 0.0009 0.9607 0.0010 0.0010 0.0008 0.0013 0.0013 0.0014 0.0023 0.0024 0.0020 0.0020 0.0057 0.0025 0.0026 0.0025 0.0013 0.0048 
        FW95  3 0.9646 0.0006 0.0008 0.0020 0.0007 0.0008 0.0008 0.0015 0.0013 0.0013 0.0023 0.0026 0.0020 0.0019 0.0039 0.0023 0.0026 0.0026 0.0012 0.0040 
        FW96  3 0.9646 0.0006 0.0009 0.0020 0.0007 0.0008 0.0009 0.0015 0.0012 0.0013 0.0023 0.0026 0.0020 0.0019 0.0039 0.0022 0.0026 0.0026 0.0012 0.0041 
        FW97  3 0.8361 0.0028 0.0045 0.0305 0.0054 0.0026 0.0194 0.0094 0.0034 0.0060 0.0057 0.0024 0.0057 0.0069 0.0133 0.0037 0.0103 0.0053 0.0162 0.0104 
        FW98  3 0.0029 0.0007 0.0009 0.9610 0.0010 0.0008 0.0008 0.0013 0.0012 0.0013 0.0026 0.0023 0.0020 0.0021 0.0057 0.0025 0.0026 0.0024 0.0013 0.0046 
        FW99  3 0.9646 0.0006 0.0009 0.0019 0.0007 0.0008 0.0009 0.0015 0.0012 0.0013 0.0023 0.0026 0.0020 0.0019 0.0040 0.0023 0.0026 0.0026 0.0012 0.0040 
       Cal01  3 0.9314 0.0022 0.0020 0.0026 0.0010 0.0034 0.0017 0.0020 0.0025 0.0070 0.0028 0.0024 0.0102 0.0054 0.0067 0.0039 0.0024 0.0028 0.0016 0.0062 
       Cal02  3 0.9138 0.0026 0.0018 0.0028 0.0013 0.0011 0.0016 0.0021 0.0029 0.0018 0.0044 0.0067 0.0030 0.0028 0.0097 0.0054 0.0132 0.0072 0.0020 0.0140 
       Cal03  3 0.8701 0.0016 0.0028 0.0470 0.0030 0.0024 0.0013 0.0011 0.0050 0.0023 0.0152 0.0051 0.0032 0.0033 0.0133 0.0032 0.0062 0.0054 0.0013 0.0072 
       Cal04  3 0.8606 0.0022 0.0075 0.0019 0.0033 0.0015 0.0034 0.0022 0.0020 0.0018 0.0164 0.0105 0.0031 0.0096 0.0118 0.0059 0.0069 0.0050 0.0217 0.0228 
       Cal05  3 0.9386 0.0009 0.0030 0.0105 0.0009 0.0007 0.0008 0.0011 0.0019 0.0014 0.0027 0.0021 0.0019 0.0017 0.0060 0.0161 0.0026 0.0022 0.0015 0.0033 
       Cal06  3 0.8568 0.0016 0.0083 0.0024 0.0012 0.0015 0.0016 0.0033 0.0047 0.0027 0.0624 0.0039 0.0031 0.0030 0.0073 0.0165 0.0046 0.0073 0.0012 0.0070 
       Cal07  3 0.9405 0.0006 0.0124 0.0034 0.0010 0.0008 0.0009 0.0014 0.0013 0.0018 0.0034 0.0027 0.0020 0.0027 0.0044 0.0106 0.0026 0.0022 0.0010 0.0041 
       Cal08  3 0.8896 0.0025 0.0015 0.0092 0.0018 0.0013 0.0025 0.0037 0.0016 0.0024 0.0334 0.0029 0.0066 0.0115 0.0098 0.0049 0.0033 0.0035 0.0034 0.0046 
       Cal09  3 0.9063 0.0008 0.0105 0.0032 0.0008 0.0010 0.0010 0.0015 0.0013 0.0080 0.0027 0.0026 0.0022 0.0032 0.0118 0.0268 0.0048 0.0038 0.0018 0.0060 
       Cal10  3 0.8952 0.0159 0.0018 0.0054 0.0026 0.0022 0.0021 0.0014 0.0023 0.0046 0.0122 0.0033 0.0034 0.0076 0.0095 0.0074 0.0041 0.0036 0.0027 0.0126 
       Cal11  3 0.8925 0.0009 0.0062 0.0047 0.0011 0.0011 0.0011 0.0361 0.0024 0.0018 0.0047 0.0036 0.0041 0.0043 0.0065 0.0063 0.0043 0.0034 0.0024 0.0123 
      Cal197  3 0.9333 0.0010 0.0020 0.0017 0.0008 0.0013 0.0012 0.0013 0.0012 0.0021 0.0186 0.0032 0.0016 0.0052 0.0041 0.0051 0.0035 0.0072 0.0009 0.0047 
      Cal198  3 0.8235 0.0049 0.0237 0.0158 0.0012 0.0126 0.0023 0.0012 0.0159 0.0031 0.0113 0.0029 0.0028 0.0394 0.0058 0.0128 0.0031 0.0056 0.0033 0.0088 
      Cal199  3 0.8655 0.0008 0.0008 0.0060 0.0011 0.0017 0.0011 0.0016 0.0349 0.0022 0.0028 0.0029 0.0104 0.0028 0.0090 0.0025 0.0034 0.0029 0.0422 0.0053 
      Cal200  3 0.8665 0.0008 0.0026 0.0530 0.0062 0.0012 0.0012 0.0031 0.0020 0.0017 0.0131 0.0051 0.0058 0.0022 0.0079 0.0059 0.0031 0.0024 0.0010 0.0152 
      Cal201  3 0.8911 0.0030 0.0246 0.0304 0.0012 0.0008 0.0056 0.0019 0.0013 0.0026 0.0026 0.0071 0.0021 0.0019 0.0041 0.0038 0.0033 0.0051 0.0012 0.0064 
      Cal202  3 0.8933 0.0031 0.0026 0.0043 0.0025 0.0052 0.0015 0.0014 0.0012 0.0025 0.0029 0.0130 0.0023 0.0023 0.0285 0.0065 0.0031 0.0040 0.0051 0.0147 
      Cal203  3 0.9227 0.0014 0.0013 0.0129 0.0013 0.0015 0.0014 0.0052 0.0022 0.0017 0.0040 0.0028 0.0033 0.0042 0.0074 0.0032 0.0048 0.0043 0.0024 0.0122 
      Cal204  3 0.9266 0.0009 0.0020 0.0017 0.0012 0.0015 0.0020 0.0023 0.0023 0.0032 0.0032 0.0033 0.0086 0.0029 0.0086 0.0036 0.0056 0.0156 0.0015 0.0034 
      Cal205  3 0.9297 0.0015 0.0038 0.0041 0.0015 0.0016 0.0023 0.0011 0.0027 0.0020 0.0033 0.0093 0.0022 0.0042 0.0069 0.0040 0.0054 0.0073 0.0020 0.0051 
      Cal206  3 0.9133 0.0009 0.0012 0.0064 0.0017 0.0012 0.0020 0.0017 0.0039 0.0023 0.0050 0.0088 0.0030 0.0082 0.0147 0.0030 0.0065 0.0046 0.0017 0.0099 
      Cal207  3 0.8927 0.0012 0.0022 0.0025 0.0007 0.0032 0.0014 0.0013 0.0346 0.0251 0.0026 0.0028 0.0040 0.0049 0.0050 0.0043 0.0027 0.0030 0.0011 0.0047 
      Cal208  3 0.9320 0.0016 0.0008 0.0024 0.0010 0.0019 0.0012 0.0017 0.0013 0.0022 0.0035 0.0026 0.0035 0.0136 0.0071 0.0038 0.0046 0.0028 0.0017 0.0106 
