        TC01  1 0.0013 0.0035 0.0042 0.0033 0.0032 0.0013 0.0012 0.0058 0.0021 0.0018 0.0190 0.0084 0.0042 0.0018 0.0035 0.0083 0.0033 0.8922 0.0106 0.0210 
        TC02  1 0.0011 0.0019 0.0019 0.0044 0.0020 0.0012 0.0018 0.0070 0.0028 0.0027 0.0050 0.0111 0.0048 0.0056 0.0042 0.0098 0.0044 0.9122 0.0109 0.0053 
        TC03  1 0.0026 0.0015 0.0012 0.0014 0.0027 0.0016 0.0013 0.0027 0.0033 0.0024 0.0045 0.0132 0.0053 0.0032 0.0035 0.0077 0.0030 0.9252 0.0071 0.0064 
        TC04  1 0.0020 0.0018 0.0014 0.0082 0.0073 0.0017 0.0042 0.0028 0.0027 0.0255 0.0032 0.0689 0.0040 0.0052 0.0035 0.0133 0.0080 0.7902 0.0246 0.0216 
        TC05  1 0.0010 0.0010 0.0008 0.0018 0.0013 0.0021 0.0015 0.0041 0.0028 0.0244 0.0029 0.0140 0.0026 0.0029 0.0027 0.0052 0.0058 0.9076 0.0075 0.0080 
        TC06  1 0.0008 0.0011 0.0009 0.0021 0.0036 0.0014 0.0036 0.0049 0.0023 0.0023 0.0048 0.0971 0.0032 0.0017 0.0042 0.0157 0.0036 0.8197 0.0190 0.0082 
        TC07  1 0.0012 0.0009 0.0047 0.0015 0.0014 0.0009 0.0014 0.0032 0.0040 0.0043 0.0023 0.0141 0.0025 0.0061 0.0023 0.0042 0.0236 0.8984 0.0132 0.0098 
        TC08  1 0.0006 0.0009 0.0010 0.0014 0.0011 0.0046 0.0016 0.0061 0.0036 0.0032 0.0041 0.0117 0.0032 0.0021 0.0028 0.0089 0.0057 0.9220 0.0112 0.0040 
        TC09  1 0.0014 0.0017 0.0009 0.0020 0.0015 0.0011 0.0010 0.0054 0.0019 0.0054 0.0026 0.0231 0.0020 0.0021 0.0066 0.1738 0.0039 0.7436 0.0158 0.0041 
        TC10  1 0.0214 0.0018 0.0022 0.0010 0.0013 0.0011 0.0025 0.0045 0.0019 0.0018 0.0036 0.0188 0.0195 0.0046 0.0022 0.0233 0.0041 0.8698 0.0066 0.0081 
        TC11  1 0.0009 0.0009 0.0029 0.0010 0.0017 0.0024 0.0014 0.0157 0.0044 0.0019 0.0028 0.0065 0.0046 0.0025 0.0015 0.0064 0.0024 0.9247 0.0103 0.0050 
        TC12  1 0.0024 0.0021 0.0020 0.0027 0.0047 0.0014 0.0032 0.0026 0.0034 0.0026 0.0101 0.0218 0.0072 0.0018 0.0086 0.0088 0.0065 0.8733 0.0123 0.0226 
        TC13  1 0.0007 0.0011 0.0009 0.0011 0.0013 0.0017 0.0017 0.0110 0.0021 0.0020 0.0026 0.0136 0.0035 0.0030 0.0025 0.0182 0.0029 0.9187 0.0058 0.0056 
        TC14  1 0.0013 0.0016 0.0023 0.0066 0.0035 0.0023 0.0022 0.0082 0.0060 0.0051 0.0066 0.1249 0.0053 0.0039 0.0109 0.0248 0.0030 0.7653 0.0071 0.0092 
        TC15  1 0.0011 0.0015 0.0007 0.0024 0.0018 0.0010 0.0021 0.0052 0.0029 0.0062 0.0025 0.0667 0.0145 0.0309 0.0032 0.0543 0.0032 0.7823 0.0100 0.0074 
        TC16  1 0.0010 0.0016 0.0010 0.0030 0.0026 0.0049 0.0020 0.0034 0.0047 0.0024 0.0056 0.0238 0.0032 0.0026 0.0030 0.1926 0.0102 0.7122 0.0106 0.0096 
        TC17  1 0.0015 0.0024 0.0034 0.0397 0.0038 0.0041 0.0023 0.0061 0.0086 0.0073 0.0201 0.0516 0.0072 0.0052 0.0084 0.0397 0.0082 0.7078 0.0661 0.0065 
        TC18  1 0.0029 0.0063 0.0023 0.0010 0.0141 0.0012 0.0030 0.0257 0.0076 0.0115 0.0089 0.0169 0.0204 0.0023 0.0025 0.0097 0.0072 0.8438 0.0089 0.0040 
        TC19  1 0.0008 0.0010 0.0012 0.0016 0.0014 0.0014 0.0033 0.0072 0.0026 0.0015 0.0046 0.0076 0.0049 0.0018 0.0019 0.1134 0.0069 0.8272 0.0057 0.0039 
        TC20  1 0.0007 0.0008 0.0010 0.0017 0.0032 0.0013 0.0015 0.0045 0.0026 0.0045 0.0109 0.0103 0.0026 0.0026 0.0023 0.0245 0.0027 0.9106 0.0062 0.0055 
        TC21  1 0.0012 0.0018 0.0053 0.0012 0.0397 0.0011 0.0060 0.0037 0.0264 0.0134 0.0051 0.0170 0.0058 0.0053 0.0078 0.0161 0.0446 0.7365 0.0556 0.0065 
        TC22  1 0.0011 0.0020 0.0013 0.0014 0.0014 0.0015 0.0127 0.0089 0.0023 0.0022 0.0070 0.0202 0.0279 0.0146 0.0060 0.0097 0.0043 0.8606 0.0075 0.0074 
        TC23  1 0.0015 0.0009 0.0037 0.0018 0.0019 0.0014 0.0012 0.0195 0.0030 0.0019 0.0225 0.0169 0.0056 0.0026 0.0031 0.0068 0.0044 0.8796 0.0058 0.0160 
        TC24  1 0.0013 0.0015 0.0006 0.0010 0.0010 0.0018 0.0011 0.0054 0.0035 0.0020 0.0034 0.0084 0.0022 0.0016 0.0014 0.0082 0.0024 0.9446 0.0052 0.0033 
        TC25  1 0.0030 0.0012 0.0058 0.0008 0.0108 0.0023 0.0043 0.0031 0.0040 0.0020 0.0050 0.1009 0.0033 0.0054 0.0049 0.0175 0.0038 0.8005 0.0138 0.0075 
        TC26  1 0.0010 0.0009 0.0008 0.0015 0.0013 0.0012 0.0013 0.0041 0.0031 0.0020 0.0039 0.0305 0.0027 0.0026 0.0047 0.0270 0.0042 0.8755 0.0188 0.0130 
        TC27  1 0.0011 0.0011 0.0010 0.0014 0.0020 0.0134 0.0014 0.0479 0.0047 0.0066 0.0033 0.0529 0.0448 0.0045 0.0031 0.0080 0.0080 0.7606 0.0291 0.0051 
        TC28  1 0.0016 0.0023 0.0012 0.0018 0.0022 0.0022 0.0043 0.0038 0.0028 0.0034 0.0030 0.0527 0.0035 0.0034 0.0025 0.0084 0.0034 0.8726 0.0154 0.0093 
        TC29  1 0.0023 0.0013 0.0019 0.0060 0.0037 0.0051 0.0013 0.0079 0.0082 0.0287 0.0045 0.0794 0.0024 0.0037 0.0026 0.0076 0.0054 0.8065 0.0080 0.0134 
        TC30  1 0.0012 0.0010 0.0016 0.0039 0.0013 0.0012 0.0034 0.0129 0.0027 0.0025 0.0054 0.0272 0.0034 0.0017 0.0040 0.0191 0.0040 0.8876 0.0121 0.0037 
        TC31  1 0.0018 0.0027 0.0144 0.0015 0.0060 0.0017 0.0111 0.0143 0.0053 0.0036 0.0167 0.0112 0.0112 0.0053 0.0025 0.0133 0.0048 0.8625 0.0062 0.0039 
        TC32  1 0.0009 0.0013 0.0013 0.0012 0.0018 0.0022 0.0354 0.0126 0.0026 0.0032 0.0032 0.1246 0.0027 0.0043 0.0041 0.0135 0.0039 0.7502 0.0205 0.0104 
        TC33  1 0.0014 0.0027 0.0139 0.0013 0.0020 0.0018 0.0015 0.0076 0.0075 0.0036 0.0053 0.0204 0.0049 0.0035 0.0037 0.0072 0.0036 0.8925 0.0071 0.0086 
        TC34  1 0.0010 0.0010 0.0011 0.0013 0.0017 0.0010 0.0016 0.0188 0.0074 0.0033 0.0078 0.0633 0.0062 0.0028 0.0026 0.0291 0.0031 0.8297 0.0092 0.0079 
        TC35  1 0.0009 0.0016 0.0048 0.0107 0.0043 0.0021 0.0079 0.0149 0.0025 0.0050 0.0094 0.0164 0.0119 0.0044 0.0023 0.0220 0.0052 0.8388 0.0306 0.0043 
        TC36  1 0.0024 0.0009 0.0011 0.0023 0.0018 0.0020 0.0021 0.0122 0.0029 0.0051 0.0036 0.0163 0.0044 0.0036 0.0046 0.0134 0.0032 0.8475 0.0635 0.0072 
        TC37  1 0.0010 0.0011 0.0013 0.0039 0.0019 0.0035 0.0047 0.0385 0.0082 0.0041 0.0047 0.0065 0.0036 0.0065 0.0039 0.0067 0.0031 0.8816 0.0096 0.0057 
        TC38  1 0.0015 0.0014 0.0020 0.0069 0.0240 0.0011 0.0012 0.0078 0.0029 0.0039 0.0044 0.0305 0.0027 0.0019 0.0030 0.1233 0.0104 0.7497 0.0123 0.0091 
        TC39  1 0.0012 0.0009 0.0013 0.0068 0.0024 0.0011 0.0016 0.0147 0.0031 0.0033 0.0045 0.1673 0.0027 0.0028 0.0063 0.0371 0.0031 0.7220 0.0124 0.0053 
        TC40  1 0.0028 0.0018 0.0013 0.0015 0.0020 0.0082 0.0039 0.0038 0.0116 0.0023 0.0048 0.0502 0.0052 0.0023 0.0029 0.0113 0.0036 0.8625 0.0102 0.0078 
        TC41  1 0.0010 0.0032 0.0010 0.0014 0.0019 0.0096 0.0079 0.0093 0.0029 0.0029 0.0109 0.0108 0.0028 0.0091 0.0023 0.0079 0.0043 0.8883 0.0145 0.0082 
        TC42  1 0.0011 0.0023 0.0007 0.0025 0.0011 0.0019 0.0010 0.0123 0.0020 0.0024 0.0054 0.0356 0.0030 0.0018 0.0037 0.0091 0.0037 0.8982 0.0077 0.0045 
        TC43  1 0.0011 0.0012 0.0012 0.0049 0.0019 0.0027 0.0029 0.0133 0.0026 0.0033 0.0033 0.0531 0.0037 0.0038 0.0032 0.0064 0.0041 0.8741 0.0066 0.0066 
        TC44  1 0.0016 0.0009 0.0017 0.0078 0.0015 0.0034 0.0015 0.0031 0.0021 0.0020 0.0044 0.0232 0.0077 0.0027 0.0035 0.0769 0.0028 0.8398 0.0075 0.0058 
        TC45  1 0.0008 0.0007 0.0010 0.0023 0.0045 0.0010 0.0018 0.0088 0.0018 0.0056 0.0056 0.0066 0.0021 0.0095 0.0044 0.0106 0.0069 0.9105 0.0120 0.0035 
        TC46  1 0.0020 0.0014 0.0009 0.0013 0.0033 0.0020 0.0026 0.0065 0.0029 0.0037 0.0046 0.0119 0.0142 0.0090 0.0030 0.0113 0.0048 0.8950 0.0097 0.0100 
        TC47  1 0.0009 0.0009 0.0020 0.0022 0.0016 0.0017 0.0018 0.0037 0.0025 0.0020 0.0066 0.0206 0.0154 0.0025 0.0019 0.0248 0.0027 0.8908 0.0092 0.0063 
        TC48  1 0.0010 0.0027 0.0010 0.0021 0.0047 0.0022 0.0034 0.0057 0.0179 0.0035 0.0104 0.0189 0.0048 0.0053 0.0151 0.0099 0.0031 0.8648 0.0143 0.0091 
        TC49  1 0.0006 0.0016 0.0016 0.0011 0.0018 0.0068 0.0039 0.0118 0.0031 0.0039 0.0058 0.0145 0.0033 0.0043 0.0059 0.0067 0.0039 0.9003 0.0128 0.0064 
        TC50  1 0.0019 0.0020 0.0018 0.0018 0.0030 0.0017 0.0034 0.0066 0.0058 0.0023 0.0068 0.0099 0.0128 0.0084 0.0033 0.0132 0.0033 0.8939 0.0132 0.0049 
        TC51  1 0.0012 0.0013 0.0028 0.0012 0.0021 0.0030 0.0020 0.0026 0.0024 0.0028 0.0047 0.0402 0.0044 0.0044 0.0070 0.0219 0.0032 0.8802 0.0073 0.0053 
        TC52  1 0.0074 0.0016 0.0007 0.0009 0.0033 0.0012 0.0011 0.0039 0.0028 0.0017 0.0029 0.0121 0.0024 0.0023 0.0028 0.0092 0.0052 0.9026 0.0086 0.0273 
        TC53  1 0.0008 0.0007 0.0006 0.0063 0.0011 0.0010 0.0014 0.0048 0.0027 0.0026 0.0109 0.0242 0.0172 0.0036 0.0064 0.0115 0.0137 0.8767 0.0094 0.0044 
        TC54  1 0.0015 0.0023 0.0016 0.0015 0.0027 0.0088 0.0015 0.0049 0.0349 0.0035 0.0044 0.0324 0.0070 0.0273 0.0032 0.0103 0.0036 0.8210 0.0223 0.0054 
        TC55  1 0.0026 0.0026 0.0015 0.0016 0.0026 0.0013 0.0073 0.0075 0.0055 0.0029 0.0034 0.0449 0.0043 0.0132 0.0086 0.0188 0.0049 0.8264 0.0335 0.0067 
        TC56  1 0.0014 0.0014 0.0019 0.0041 0.0062 0.0648 0.0030 0.0087 0.0107 0.0053 0.0053 0.0209 0.0052 0.0051 0.0048 0.0058 0.0066 0.8251 0.0080 0.0058 
        TC57  1 0.0012 0.0013 0.0013 0.0071 0.0015 0.0024 0.0032 0.0088 0.0043 0.0067 0.0072 0.0092 0.0104 0.0038 0.0036 0.0165 0.0041 0.8726 0.0303 0.0046 
        TC58  1 0.0009 0.0012 0.0100 0.0013 0.0015 0.0010 0.0014 0.0034 0.0023 0.0023 0.0071 0.0119 0.0071 0.0045 0.0034 0.0153 0.0023 0.9009 0.0125 0.0097 
        TC59  1 0.0007 0.0008 0.0018 0.0017 0.0011 0.0010 0.0012 0.0041 0.0027 0.0019 0.0038 0.0235 0.0035 0.0015 0.0028 0.0060 0.0025 0.9182 0.0151 0.0060 
        TA01  2 0.0008 0.0010 0.0012 0.0046 0.0015 0.0012 0.0013 0.0062 0.0040 0.0020 0.0056 0.0173 0.0043 0.0038 0.0021 0.0281 0.0027 0.8866 0.0174 0.0084 
        TA02  2 0.0026 0.0030 0.0007 0.0095 0.0025 0.0138 0.0022 0.0224 0.0060 0.0072 0.0035 0.0142 0.0028 0.0028 0.0019 0.0094 0.0036 0.8711 0.0122 0.0086 
        TA03  2 0.0011 0.0017 0.0013 0.0291 0.0016 0.0015 0.0025 0.0049 0.0048 0.0031 0.0045 0.0121 0.0160 0.0040 0.0032 0.0394 0.0030 0.8509 0.0082 0.0072 
        TA04  2 0.0013 0.0011 0.0009 0.2024 0.0014 0.0014 0.0037 0.0042 0.0025 0.0023 0.0036 0.0745 0.0056 0.0047 0.0030 0.1339 0.0018 0.5352 0.0086 0.0079 
        TA05  2 0.0008 0.0017 0.0010 0.0027 0.0021 0.0015 0.0015 0.0034 0.0033 0.0024 0.0029 0.0079 0.0040 0.0019 0.0025 0.0152 0.0049 0.9250 0.0065 0.0088 
        TA06  2 0.0013 0.0010 0.0023 0.0025 0.0013 0.0010 0.0015 0.0143 0.0024 0.0012 0.0064 0.0191 0.0030 0.0120 0.0016 0.0207 0.0033 0.8910 0.0089 0.0052 
        TA07  2 0.0013 0.0014 0.0019 0.3148 0.0017 0.0018 0.0016 0.0028 0.0052 0.0030 0.0057 0.0087 0.0036 0.0020 0.0051 0.0099 0.0182 0.5771 0.0274 0.0067 
        TA08  2 0.0008 0.0008 0.0009 0.0136 0.0020 0.0024 0.0012 0.0049 0.0022 0.0021 0.0025 0.0460 0.0289 0.0027 0.0025 0.0271 0.0020 0.8495 0.0048 0.0033 
        TA09  2 0.0014 0.0010 0.0008 0.0183 0.0011 0.0027 0.0011 0.0220 0.0024 0.0020 0.0034 0.0203 0.0037 0.0017 0.0021 0.0279 0.0027 0.8565 0.0055 0.0233 
        TA10  2 0.0008 0.0014 0.0310 0.0087 0.0016 0.0013 0.0018 0.0055 0.0025 0.0055 0.0128 0.0197 0.0032 0.0032 0.0045 0.0209 0.0043 0.8408 0.0175 0.0129 
        TA11  2 0.0009 0.0115 0.0110 0.0033 0.0030 0.0030 0.0035 0.0103 0.0030 0.0022 0.0189 0.0148 0.0094 0.0066 0.0049 0.0818 0.0035 0.7961 0.0076 0.0048 
        TA12  2 0.0007 0.0179 0.0019 0.0191 0.0013 0.0010 0.0018 0.0052 0.0034 0.0082 0.0607 0.0127 0.0027 0.0039 0.0046 0.0150 0.0059 0.8218 0.0068 0.0054 
        TA13  2 0.0017 0.0023 0.0033 0.0036 0.0016 0.0025 0.0019 0.0040 0.0040 0.0314 0.0107 0.0843 0.0034 0.0040 0.1091 0.0368 0.0048 0.6752 0.0088 0.0064 
        TA14  2 0.0034 0.0009 0.0006 0.0142 0.0010 0.0182 0.0015 0.0118 0.0036 0.0019 0.0022 0.0240 0.0027 0.0022 0.0034 0.0144 0.0039 0.8811 0.0056 0.0036 
        TA15  2 0.0009 0.0009 0.0010 0.0052 0.0010 0.0026 0.0018 0.0088 0.0024 0.0034 0.0032 0.0316 0.0027 0.0024 0.0087 0.0066 0.0025 0.9041 0.0067 0.0037 
        TA16  2 0.0014 0.0053 0.0134 0.0121 0.0014 0.0031 0.0012 0.0155 0.0024 0.0225 0.0043 0.0634 0.0040 0.0021 0.0054 0.0545 0.0033 0.7465 0.0266 0.0116 
        TA17  2 0.0009 0.0026 0.0009 0.0025 0.0012 0.0032 0.0019 0.0040 0.0036 0.0044 0.0081 0.0268 0.0066 0.0017 0.0035 0.0125 0.0047 0.8784 0.0079 0.0245 
        TA18  2 0.0006 0.0009 0.0032 0.0016 0.0011 0.0025 0.0622 0.0078 0.0022 0.0026 0.0058 0.0126 0.0036 0.0018 0.0019 0.0099 0.0032 0.7975 0.0243 0.0547 
        TA19  2 0.0010 0.0013 0.0032 0.0031 0.0014 0.0019 0.0049 0.0059 0.0032 0.0028 0.0105 0.0248 0.0724 0.0046 0.0023 0.0633 0.0037 0.7749 0.0079 0.0069 
        TA20  2 0.0009 0.0026 0.0009 0.0048 0.0019 0.0086 0.0015 0.0273 0.0110 0.0938 0.0053 0.0253 0.0036 0.0018 0.0018 0.0168 0.0051 0.7677 0.0151 0.0043 
        TA21  2 0.0014 0.0034 0.0013 0.0050 0.0019 0.0085 0.0017 0.0167 0.0085 0.0051 0.0034 0.0459 0.0043 0.0044 0.0068 0.0532 0.0033 0.7921 0.0143 0.0190 
        TA22  2 0.0008 0.0008 0.0007 0.0022 0.0013 0.0011 0.0029 0.0194 0.0098 0.0028 0.0039 0.0735 0.0027 0.0035 0.0025 0.0059 0.0020 0.8459 0.0121 0.0063 
        TA23  2 0.0008 0.0012 0.0009 0.0063 0.0012 0.0020 0.0017 0.1095 0.0030 0.0023 0.0030 0.1292 0.0034 0.0029 0.0021 0.0090 0.0018 0.7072 0.0072 0.0054 
        TA24  2 0.0023 0.0018 0.0009 0.0018 0.0014 0.0037 0.0017 0.0046 0.0026 0.0020 0.0039 0.0135 0.0099 0.0038 0.0027 0.0113 0.0034 0.8445 0.0800 0.0043 
        TA25  2 0.0009 0.0021 0.1095 0.0015 0.0014 0.0021 0.0018 0.0075 0.0018 0.0060 0.0398 0.0327 0.0029 0.0041 0.0035 0.0150 0.0042 0.7362 0.0178 0.0093 
        TA26  2 0.0008 0.0023 0.0028 0.0062 0.0047 0.0013 0.0020 0.0067 0.0045 0.0028 0.0168 0.0250 0.0064 0.0022 0.0062 0.1078 0.0025 0.7885 0.0064 0.0042 
        TA27  2 0.0015 0.0064 0.0011 0.0022 0.0012 0.0015 0.0017 0.0740 0.0040 0.0103 0.0111 0.0139 0.0055 0.0025 0.0034 0.0118 0.0029 0.8258 0.0105 0.0089 
        TA28  2 0.0036 0.0068 0.0008 0.0115 0.0062 0.0166 0.0033 0.0283 0.0083 0.0065 0.0047 0.0154 0.0033 0.0033 0.0029 0.0206 0.0036 0.8280 0.0149 0.0115 
        TA29  2 0.0008 0.0012 0.0011 0.0013 0.0013 0.0022 0.0021 0.0056 0.0023 0.0027 0.0060 0.0585 0.0095 0.0021 0.0036 0.0086 0.0031 0.8718 0.0101 0.0059 
        TA30  2 0.0010 0.0012 0.0010 0.0132 0.0020 0.0046 0.0015 0.0278 0.0068 0.0062 0.0036 0.0190 0.0192 0.0056 0.0091 0.2777 0.0038 0.5861 0.0068 0.0037 
      BERM01  3 0.0006 0.0011 0.0008 0.0012 0.0010 0.0010 0.0014 0.0023 0.0024 0.0017 0.0024 0.8489 0.0026 0.0018 0.0021 0.1160 0.0021 0.0019 0.0046 0.0041 
      BERM02  3 0.0006 0.0008 0.0007 0.0018 0.0013 0.0009 0.0025 0.0038 0.0025 0.0020 0.0022 0.9395 0.0021 0.0022 0.0023 0.0208 0.0024 0.0029 0.0054 0.0035 
      BERM03  3 0.0007 0.0010 0.0009 0.0009 0.0012 0.0010 0.0012 0.0021 0.0022 0.0016 0.0030 0.9546 0.0032 0.0018 0.0030 0.0076 0.0022 0.0016 0.0060 0.0042 
      BERM04  3 0.0007 0.0006 0.0010 0.0010 0.0014 0.0009 0.0011 0.0015 0.0020 0.0015 0.0025 0.9441 0.0044 0.0015 0.0026 0.0205 0.0017 0.0016 0.0050 0.0045 
      BERM05  3 0.0010 0.0009 0.0010 0.0014 0.0016 0.0012 0.0010 0.0017 0.0025 0.0015 0.0042 0.9404 0.0034 0.0021 0.0029 0.0165 0.0019 0.0014 0.0077 0.0055 
      BERM06  3 0.0007 0.0009 0.0006 0.0052 0.0014 0.0008 0.0013 0.0024 0.0019 0.0016 0.0023 0.8496 0.0035 0.0038 0.0019 0.0998 0.0022 0.0026 0.0113 0.0060 
      BERM07  3 0.0007 0.0010 0.0014 0.0016 0.0012 0.0017 0.0013 0.0028 0.0022 0.0016 0.0042 0.9207 0.0053 0.0024 0.0024 0.0356 0.0024 0.0029 0.0047 0.0040 
      BERM08  3 0.0006 0.0006 0.0007 0.0015 0.0013 0.0008 0.0010 0.0017 0.0016 0.0014 0.0021 0.9559 0.0026 0.0024 0.0013 0.0129 0.0020 0.0023 0.0042 0.0031 
      BERM09  3 0.0006 0.0007 0.0008 0.2283 0.0009 0.0010 0.0016 0.0071 0.0023 0.0016 0.0036 0.6235 0.0026 0.0026 0.0024 0.1018 0.0021 0.0042 0.0081 0.0042 
      BERM10  3 0.0007 0.0012 0.0008 0.0016 0.0019 0.0013 0.0013 0.0094 0.0022 0.0016 0.0046 0.8059 0.0091 0.0029 0.0023 0.1053 0.0162 0.0032 0.0236 0.0048 
      BERM11  3 0.0007 0.0006 0.0009 0.0400 0.0014 0.0012 0.0014 0.0027 0.0022 0.0018 0.0021 0.9088 0.0027 0.0027 0.0018 0.0166 0.0020 0.0026 0.0048 0.0030 
      BERM12  3 0.0028 0.0013 0.0011 0.0028 0.0082 0.0009 0.0012 0.0043 0.0023 0.0014 0.0254 0.9044 0.0027 0.0018 0.0015 0.0101 0.0019 0.0024 0.0041 0.0194 
      BERM13  3 0.0006 0.0012 0.0011 0.0021 0.0011 0.0011 0.0015 0.0026 0.0020 0.0017 0.0033 0.9351 0.0039 0.0033 0.0024 0.0109 0.0019 0.0019 0.0072 0.0151 
      BERM14  3 0.0014 0.0007 0.0011 0.0027 0.0011 0.0010 0.0010 0.0022 0.0020 0.0017 0.0039 0.9073 0.0030 0.0021 0.0021 0.0527 0.0020 0.0038 0.0049 0.0036 
      CROC01  3 0.0030 0.0019 0.0016 0.0020 0.0017 0.0018 0.0028 0.0028 0.0134 0.0038 0.0112 0.8940 0.0105 0.0057 0.0071 0.0158 0.0025 0.0022 0.0117 0.0045 
      CROC02  3 0.0011 0.0011 0.0012 0.0054 0.0026 0.0019 0.0014 0.0047 0.0034 0.0038 0.0035 0.8542 0.0026 0.0157 0.0046 0.0194 0.0028 0.0021 0.0356 0.0329 
      CROC03  3 0.0013 0.0014 0.0010 0.0332 0.0038 0.0020 0.0017 0.0037 0.0029 0.0018 0.0035 0.8881 0.0051 0.0042 0.0020 0.0283 0.0034 0.0023 0.0061 0.0041 
      CROC04  3 0.0014 0.0010 0.0009 0.0010 0.0010 0.0012 0.0009 0.0197 0.0021 0.0014 0.0036 0.8327 0.0028 0.0050 0.0020 0.0090 0.0028 0.0041 0.1043 0.0030 
      CROC05  3 0.0008 0.0008 0.0016 0.0025 0.0013 0.0011 0.0014 0.0029 0.0026 0.0019 0.0030 0.9019 0.0028 0.0023 0.0034 0.0414 0.0025 0.0016 0.0189 0.0054 
      CROC06  3 0.0024 0.0019 0.0044 0.0017 0.0019 0.0014 0.0013 0.0041 0.0046 0.0016 0.0039 0.8288 0.0034 0.0181 0.0015 0.0321 0.0074 0.0054 0.0670 0.0070 
      CROC07  3 0.0010 0.0010 0.0011 0.0082 0.0014 0.0012 0.0019 0.0116 0.0032 0.0021 0.0053 0.8814 0.0050 0.0060 0.0040 0.0176 0.0031 0.0032 0.0357 0.0058 
      CROC08  3 0.0014 0.0009 0.0022 0.0016 0.0030 0.0097 0.0018 0.0049 0.0197 0.0052 0.0090 0.8961 0.0051 0.0050 0.0048 0.0132 0.0026 0.0019 0.0071 0.0049 
      CROC09  3 0.0016 0.0006 0.0008 0.0023 0.0016 0.0015 0.0022 0.0020 0.0086 0.0017 0.0025 0.7358 0.0023 0.0018 0.0019 0.1851 0.0358 0.0017 0.0067 0.0035 
      CROC10  3 0.0007 0.0007 0.0014 0.0015 0.0014 0.0008 0.0018 0.0026 0.0018 0.0015 0.0025 0.8298 0.0027 0.0021 0.0040 0.1305 0.0022 0.0017 0.0063 0.0040 
      CROC11  3 0.0016 0.0007 0.0008 0.0025 0.0016 0.0015 0.0023 0.0020 0.0088 0.0017 0.0025 0.7353 0.0024 0.0018 0.0018 0.1851 0.0359 0.0017 0.0066 0.0034 
     CROC110  3 0.0018 0.0010 0.0010 0.0091 0.0012 0.0028 0.0021 0.0042 0.0052 0.0034 0.0044 0.8345 0.0050 0.0021 0.0177 0.0557 0.0171 0.0042 0.0196 0.0079 
     CROC116  3 0.0091 0.0037 0.0011 0.0020 0.0031 0.0017 0.0024 0.0084 0.0043 0.0034 0.0067 0.8692 0.0048 0.0054 0.0051 0.0240 0.0047 0.0062 0.0216 0.0131 
      CROC12  3 0.0006 0.0014 0.0007 0.0008 0.0012 0.0013 0.0017 0.0037 0.0021 0.0017 0.0024 0.9386 0.0024 0.0017 0.0024 0.0200 0.0031 0.0020 0.0074 0.0048 
     CROC123  3 0.0009 0.0005 0.0006 0.0016 0.0012 0.0010 0.0014 0.0025 0.0017 0.0017 0.0019 0.9313 0.0021 0.0014 0.0024 0.0357 0.0018 0.0023 0.0051 0.0029 
      CROC13  3 0.0007 0.0009 0.0013 0.0013 0.0032 0.0014 0.0009 0.0025 0.0020 0.0014 0.0040 0.9383 0.0039 0.0021 0.0037 0.0185 0.0023 0.0017 0.0058 0.0040 
      CROC14  3 0.0007 0.0007 0.0302 0.0029 0.0020 0.0013 0.0009 0.0029 0.0035 0.0046 0.0019 0.8364 0.0019 0.0040 0.0020 0.0322 0.0318 0.0034 0.0339 0.0027 
      CROC15  3 0.0499 0.0009 0.0027 0.0009 0.0034 0.0028 0.0015 0.0022 0.0081 0.0204 0.0030 0.8455 0.0039 0.0021 0.0031 0.0097 0.0098 0.0026 0.0078 0.0195 
      CROC16  3 0.0021 0.0017 0.0012 0.0015 0.0054 0.0019 0.0014 0.0017 0.0045 0.0024 0.0038 0.7376 0.0036 0.0031 0.0072 0.1995 0.0028 0.0017 0.0083 0.0088 
      CROC17  3 0.0006 0.0009 0.0007 0.0008 0.0013 0.0011 0.0013 0.1060 0.0017 0.0052 0.0020 0.8526 0.0024 0.0017 0.0015 0.0088 0.0017 0.0024 0.0047 0.0026 
      CROC18  3 0.0007 0.0022 0.0008 0.0011 0.0061 0.0009 0.0061 0.0025 0.0025 0.0019 0.0073 0.9109 0.0032 0.0161 0.0028 0.0100 0.0021 0.0032 0.0052 0.0144 
      CROC19  3 0.0009 0.0009 0.0011 0.0025 0.0014 0.0018 0.0015 0.0094 0.0026 0.0022 0.0039 0.8778 0.0064 0.0032 0.0019 0.0099 0.0091 0.0027 0.0568 0.0038 
     CROC198  3 0.0006 0.0011 0.0012 0.0015 0.0013 0.0013 0.0011 0.0025 0.0025 0.0018 0.0059 0.8503 0.0056 0.0027 0.0029 0.1047 0.0023 0.0017 0.0059 0.0031 
      CROC20  3 0.0013 0.0010 0.0011 0.0025 0.0024 0.0041 0.0026 0.0024 0.0035 0.0036 0.0032 0.9076 0.0039 0.0092 0.0036 0.0235 0.0035 0.0017 0.0114 0.0078 
     CROC202  3 0.0010 0.0012 0.0014 0.0014 0.0049 0.0013 0.0011 0.0023 0.0021 0.0017 0.0077 0.9024 0.0052 0.0054 0.0022 0.0427 0.0024 0.0022 0.0073 0.0040 
      CROC21  3 0.0006 0.0011 0.0011 0.0014 0.0015 0.0009 0.0014 0.0025 0.0037 0.0018 0.0031 0.9269 0.0032 0.0025 0.0040 0.0180 0.0140 0.0031 0.0048 0.0044 
     CROC216  3 0.0032 0.0028 0.0009 0.0112 0.0021 0.0012 0.0018 0.0038 0.0044 0.0036 0.0033 0.8698 0.0031 0.0020 0.0027 0.0279 0.0034 0.0085 0.0107 0.0336 
      CROC22  3 0.0008 0.0010 0.0010 0.0092 0.0018 0.0009 0.0022 0.0041 0.0020 0.0157 0.0547 0.8264 0.0024 0.0022 0.0062 0.0531 0.0035 0.0029 0.0061 0.0039 
      CROC23  3 0.0008 0.0011 0.0010 0.0039 0.0017 0.0015 0.0033 0.0082 0.0033 0.0029 0.0036 0.8360 0.0036 0.0054 0.0050 0.0921 0.0033 0.0104 0.0085 0.0045 
      CROC24  3 0.0009 0.0010 0.0008 0.0037 0.0027 0.0015 0.0012 0.0039 0.0031 0.0022 0.0032 0.8051 0.0025 0.0018 0.0020 0.1471 0.0037 0.0023 0.0073 0.0041 
      CROC25  3 0.0009 0.0007 0.0009 0.0017 0.0011 0.0010 0.0015 0.0025 0.0022 0.0015 0.0025 0.9496 0.0028 0.0019 0.0018 0.0144 0.0017 0.0019 0.0059 0.0034 
     CROC259  3 0.0007 0.0011 0.0057 0.0029 0.0017 0.0014 0.0011 0.0197 0.0022 0.0023 0.0027 0.9101 0.0036 0.0017 0.0021 0.0176 0.0022 0.0063 0.0104 0.0045 
      CROC26  3 0.0010 0.0012 0.0012 0.0013 0.0015 0.0015 0.0012 0.0596 0.0029 0.0017 0.0045 0.8729 0.0049 0.0025 0.0017 0.0184 0.0020 0.0105 0.0051 0.0044 
      CROC27  3 0.0017 0.0016 0.0009 0.0234 0.0015 0.0034 0.0013 0.0139 0.0053 0.0048 0.0048 0.8566 0.0036 0.0040 0.0023 0.0458 0.0029 0.0095 0.0084 0.0042 
      CROC28  3 0.0011 0.0013 0.0011 0.0070 0.0012 0.0011 0.0010 0.0058 0.0027 0.0018 0.0026 0.6999 0.0025 0.0016 0.0021 0.2428 0.0027 0.0101 0.0074 0.0043 
      CROC29  3 0.0015 0.0008 0.0008 0.0022 0.0015 0.0013 0.0013 0.0025 0.0038 0.0025 0.0032 0.9450 0.0028 0.0021 0.0035 0.0100 0.0026 0.0022 0.0072 0.0034 
      CROC30  3 0.0013 0.0022 0.0010 0.0013 0.0019 0.0033 0.0020 0.0037 0.0041 0.0039 0.0030 0.7933 0.0029 0.0039 0.0030 0.0644 0.0037 0.0034 0.0599 0.0375 
      CROC31  3 0.0013 0.0023 0.0012 0.0156 0.0015 0.0010 0.0016 0.0112 0.0034 0.0025 0.0036 0.7985 0.0032 0.0040 0.0079 0.0943 0.0027 0.0085 0.0207 0.0151 
      CROC32  3 0.0006 0.0009 0.0010 0.0014 0.0012 0.0008 0.0009 0.0030 0.0019 0.0018 0.0035 0.9179 0.0028 0.0023 0.0030 0.0396 0.0026 0.0018 0.0085 0.0045 
      CROC33  3 0.0016 0.0012 0.0006 0.0047 0.0018 0.0144 0.0012 0.0029 0.0112 0.0017 0.0029 0.8898 0.0036 0.0023 0.0018 0.0068 0.0063 0.0053 0.0370 0.0031 
      CROC34  3 0.0008 0.0011 0.0011 0.0015 0.0013 0.0013 0.0014 0.0025 0.0030 0.0018 0.0031 0.9456 0.0042 0.0023 0.0017 0.0093 0.0018 0.0023 0.0070 0.0068 
      CROC35  3 0.0005 0.0007 0.0008 0.0109 0.0013 0.0019 0.0012 0.0044 0.0016 0.0094 0.0019 0.9013 0.0019 0.0014 0.0014 0.0145 0.0125 0.0082 0.0212 0.0031 
      CROC36  3 0.0010 0.0007 0.0012 0.0011 0.0013 0.0010 0.0017 0.0021 0.0023 0.0016 0.0028 0.8640 0.0027 0.0021 0.0031 0.0975 0.0024 0.0017 0.0063 0.0036 
      CROC57  3 0.0008 0.0008 0.0017 0.0013 0.0013 0.0012 0.0012 0.0019 0.0027 0.0016 0.0031 0.9531 0.0029 0.0019 0.0025 0.0082 0.0021 0.0014 0.0060 0.0043 
      CROC81  3 0.0013 0.0010 0.0010 0.0020 0.0083 0.0018 0.0021 0.0027 0.0092 0.0023 0.0045 0.8767 0.0029 0.0051 0.0045 0.0485 0.0026 0.0019 0.0129 0.0087 
      CROC84  3 0.0015 0.0010 0.0007 0.0037 0.0034 0.0009 0.0009 0.0032 0.0016 0.0013 0.0102 0.9006 0.0019 0.0013 0.0017 0.0521 0.0018 0.0025 0.0041 0.0057 
        FW01  3 0.0008 0.0013 0.0012 0.0018 0.0032 0.0037 0.0013 0.0024 0.0038 0.0023 0.0080 0.0159 0.0052 0.0030 0.0036 0.9199 0.0069 0.0022 0.0069 0.0066 
        FW02  3 0.0005 0.0006 0.0007 0.0010 0.0009 0.0008 0.0009 0.0015 0.0016 0.0011 0.0020 0.0059 0.0020 0.0014 0.0015 0.9686 0.0017 0.0011 0.0037 0.0025 
        FW03  3 0.0008 0.0007 0.0007 0.0011 0.0014 0.0010 0.0009 0.0020 0.0020 0.0013 0.0027 0.0069 0.0026 0.0019 0.0018 0.9606 0.0020 0.0015 0.0049 0.0033 
        FW04  3 0.0005 0.0006 0.0006 0.0010 0.0009 0.0008 0.0010 0.0015 0.0016 0.0011 0.0020 0.0059 0.0021 0.0014 0.0014 0.9686 0.0017 0.0011 0.0037 0.0026 
        FW05  3 0.0005 0.0006 0.0006 0.0010 0.0009 0.0008 0.0010 0.0015 0.0016 0.0011 0.0020 0.0058 0.0021 0.0014 0.0015 0.9686 0.0017 0.0011 0.0037 0.0025 
        FW06  3 0.0005 0.0006 0.0007 0.0010 0.0009 0.0008 0.0010 0.0015 0.0016 0.0011 0.0020 0.0061 0.0021 0.0014 0.0015 0.9684 0.0017 0.0011 0.0038 0.0025 
        FW07  3 0.0008 0.0007 0.0007 0.0011 0.0014 0.0010 0.0010 0.0019 0.0020 0.0013 0.0026 0.0069 0.0026 0.0020 0.0018 0.9605 0.0020 0.0016 0.0049 0.0033 
        FW08  3 0.0005 0.0006 0.0007 0.0009 0.0009 0.0008 0.0009 0.0015 0.0016 0.0011 0.0020 0.0059 0.0021 0.0014 0.0015 0.9687 0.0017 0.0011 0.0037 0.0025 
        FW09  3 0.0005 0.0006 0.0007 0.0010 0.0009 0.0008 0.0010 0.0015 0.0016 0.0011 0.0020 0.0059 0.0020 0.0014 0.0015 0.9686 0.0017 0.0011 0.0037 0.0026 
        FW10  3 0.0009 0.0007 0.0007 0.0010 0.0015 0.0009 0.0009 0.0020 0.0022 0.0014 0.0027 0.0069 0.0026 0.0019 0.0021 0.9601 0.0021 0.0015 0.0046 0.0033 
       FW100  3 0.0007 0.0007 0.0007 0.0011 0.0014 0.0009 0.0010 0.0020 0.0022 0.0014 0.0027 0.0069 0.0026 0.0020 0.0020 0.9602 0.0020 0.0017 0.0046 0.0033 
       FW101  3 0.0009 0.0007 0.0007 0.0010 0.0014 0.0009 0.0009 0.0020 0.0021 0.0013 0.0027 0.0069 0.0026 0.0019 0.0020 0.9603 0.0021 0.0016 0.0046 0.0033 
       FW102  3 0.0005 0.0006 0.0007 0.0010 0.0009 0.0008 0.0010 0.0015 0.0016 0.0011 0.0020 0.0058 0.0020 0.0014 0.0015 0.9688 0.0017 0.0010 0.0037 0.0025 
       FW103  3 0.0005 0.0005 0.0006 0.0010 0.0009 0.0007 0.0009 0.0015 0.0015 0.0011 0.0020 0.0058 0.0021 0.0014 0.0015 0.9688 0.0017 0.0011 0.0037 0.0025 
       FW104  3 0.0008 0.0013 0.0013 0.0018 0.0030 0.0037 0.0013 0.0024 0.0038 0.0023 0.0080 0.0157 0.0053 0.0029 0.0037 0.9202 0.0070 0.0022 0.0069 0.0063 
       FW105  3 0.0008 0.0007 0.0007 0.0010 0.0014 0.0009 0.0009 0.0020 0.0022 0.0013 0.0027 0.0070 0.0026 0.0020 0.0020 0.9600 0.0021 0.0016 0.0046 0.0033 
       FW106  3 0.0026 0.0016 0.0009 0.0136 0.0027 0.0467 0.0197 0.0053 0.0032 0.0051 0.0035 0.7510 0.0052 0.0155 0.0035 0.0984 0.0045 0.0038 0.0075 0.0055 
       FW107  3 0.0009 0.0013 0.0012 0.0017 0.0031 0.0038 0.0013 0.0024 0.0039 0.0024 0.0081 0.0157 0.0052 0.0029 0.0037 0.9201 0.0068 0.0022 0.0068 0.0065 
       FW108  3 0.0005 0.0006 0.0007 0.0010 0.0009 0.0008 0.0010 0.0015 0.0016 0.0011 0.0020 0.0059 0.0021 0.0014 0.0015 0.9686 0.0017 0.0011 0.0037 0.0025 
       FW109  3 0.0008 0.0008 0.0007 0.0010 0.0015 0.0009 0.0009 0.0020 0.0023 0.0013 0.0027 0.0069 0.0026 0.0019 0.0020 0.9601 0.0021 0.0017 0.0046 0.0032 
        FW11  3 0.0008 0.0007 0.0007 0.0011 0.0014 0.0010 0.0009 0.0020 0.0022 0.0013 0.0026 0.0068 0.0026 0.0020 0.0020 0.9604 0.0020 0.0016 0.0045 0.0033 
       FW110  3 0.0008 0.0007 0.0007 0.0011 0.0014 0.0010 0.0010 0.0019 0.0020 0.0013 0.0027 0.0070 0.0026 0.0020 0.0018 0.9605 0.0020 0.0016 0.0048 0.0033 
       FW111  3 0.0005 0.0006 0.0007 0.0010 0.0009 0.0008 0.0009 0.0015 0.0016 0.0011 0.0020 0.0059 0.0021 0.0014 0.0015 0.9686 0.0017 0.0011 0.0037 0.0025 
       FW112  3 0.0007 0.0007 0.0007 0.0010 0.0014 0.0009 0.0009 0.0020 0.0022 0.0014 0.0026 0.0067 0.0026 0.0020 0.0020 0.9604 0.0020 0.0017 0.0046 0.0033 
       FW113  3 0.0005 0.0005 0.0007 0.0010 0.0009 0.0008 0.0009 0.0015 0.0016 0.0011 0.0020 0.0058 0.0020 0.0014 0.0015 0.9687 0.0017 0.0011 0.0037 0.0025 
       FW114  3 0.0009 0.0009 0.0007 0.0012 0.0014 0.0011 0.0010 0.0031 0.0020 0.0019 0.0030 0.0078 0.0026 0.0021 0.0019 0.9529 0.0024 0.0030 0.0064 0.0036 
       FW115  3 0.0009 0.0007 0.0007 0.0011 0.0014 0.0009 0.0009 0.0019 0.0023 0.0014 0.0027 0.0070 0.0026 0.0020 0.0020 0.9600 0.0021 0.0016 0.0046 0.0033 
       FW116  3 0.0005 0.0006 0.0007 0.0009 0.0009 0.0008 0.0010 0.0015 0.0016 0.0011 0.0020 0.0058 0.0021 0.0014 0.0014 0.9688 0.0017 0.0010 0.0038 0.0025 
        FW12  3 0.0005 0.0006 0.0007 0.0010 0.0009 0.0008 0.0010 0.0015 0.0016 0.0011 0.0020 0.0059 0.0020 0.0014 0.0015 0.9687 0.0017 0.0011 0.0037 0.0025 
        FW13  3 0.0005 0.0006 0.0006 0.0010 0.0009 0.0008 0.0010 0.0015 0.0015 0.0011 0.0020 0.0061 0.0020 0.0015 0.0015 0.9685 0.0017 0.0011 0.0037 0.0025 
        FW14  3 0.0009 0.0013 0.0012 0.0018 0.0030 0.0038 0.0013 0.0024 0.0039 0.0023 0.0080 0.0156 0.0051 0.0029 0.0037 0.9202 0.0070 0.0023 0.0069 0.0065 
        FW15  3 0.0009 0.0013 0.0013 0.0018 0.0031 0.0037 0.0013 0.0024 0.0038 0.0023 0.0080 0.0161 0.0051 0.0029 0.0038 0.9201 0.0067 0.0022 0.0068 0.0065 
        FW16  3 0.0008 0.0007 0.0007 0.0011 0.0014 0.0010 0.0010 0.0019 0.0022 0.0013 0.0027 0.0069 0.0027 0.0019 0.0020 0.9598 0.0021 0.0017 0.0047 0.0033 
        FW17  3 0.0008 0.0007 0.0007 0.0010 0.0014 0.0010 0.0009 0.0020 0.0022 0.0014 0.0027 0.0070 0.0026 0.0019 0.0020 0.9601 0.0021 0.0017 0.0046 0.0033 
        FW18  3 0.0007 0.0007 0.0007 0.0010 0.0014 0.0010 0.0009 0.0020 0.0022 0.0013 0.0027 0.0069 0.0026 0.0019 0.0020 0.9604 0.0020 0.0017 0.0045 0.0033 
        FW19  3 0.0005 0.0006 0.0007 0.0010 0.0009 0.0007 0.0010 0.0015 0.0016 0.0011 0.0020 0.0058 0.0020 0.0014 0.0015 0.9688 0.0017 0.0011 0.0037 0.0025 
        FW20  3 0.0005 0.0006 0.0007 0.0010 0.0009 0.0008 0.0010 0.0015 0.0016 0.0012 0.0020 0.0058 0.0020 0.0014 0.0015 0.9687 0.0017 0.0011 0.0037 0.0025 
        FW21  3 0.0005 0.0006 0.0007 0.0010 0.0009 0.0008 0.0009 0.0015 0.0016 0.0011 0.0020 0.0059 0.0020 0.0014 0.0015 0.9687 0.0017 0.0011 0.0037 0.0026 
        FW22  3 0.0007 0.0007 0.0007 0.0010 0.0014 0.0009 0.0009 0.0020 0.0022 0.0013 0.0027 0.0068 0.0027 0.0019 0.0020 0.9605 0.0020 0.0017 0.0046 0.0033 
        FW23  3 0.0005 0.0006 0.0007 0.0009 0.0009 0.0008 0.0009 0.0015 0.0016 0.0011 0.0020 0.0060 0.0020 0.0014 0.0015 0.9687 0.0017 0.0011 0.0037 0.0025 
        FW24  3 0.0005 0.0006 0.0007 0.0010 0.0009 0.0008 0.0009 0.0015 0.0016 0.0011 0.0020 0.0058 0.0021 0.0014 0.0015 0.9688 0.0017 0.0010 0.0037 0.0025 
        FW25  3 0.0005 0.0006 0.0006 0.0010 0.0009 0.0008 0.0010 0.0015 0.0016 0.0011 0.0020 0.0058 0.0020 0.0014 0.0015 0.9687 0.0017 0.0011 0.0037 0.0025 
        FW26  3 0.0005 0.0006 0.0007 0.0009 0.0009 0.0008 0.0010 0.0015 0.0016 0.0011 0.0020 0.0059 0.0020 0.0014 0.0015 0.9687 0.0017 0.0011 0.0037 0.0025 
        FW27  3 0.0009 0.0007 0.0007 0.0010 0.0014 0.0009 0.0010 0.0020 0.0023 0.0013 0.0027 0.0068 0.0026 0.0019 0.0020 0.9601 0.0021 0.0016 0.0046 0.0033 
        FW28  3 0.0005 0.0006 0.0007 0.0010 0.0009 0.0008 0.0009 0.0015 0.0015 0.0011 0.0020 0.0060 0.0021 0.0014 0.0015 0.9685 0.0017 0.0011 0.0037 0.0025 
        FW29  3 0.0005 0.0006 0.0007 0.0010 0.0009 0.0008 0.0009 0.0015 0.0016 0.0011 0.0020 0.0059 0.0021 0.0014 0.0015 0.9687 0.0017 0.0011 0.0037 0.0025 
        FW30  3 0.0025 0.0017 0.0009 0.0123 0.0027 0.0503 0.0190 0.0055 0.0031 0.0051 0.0035 0.7505 0.0052 0.0145 0.0033 0.0989 0.0044 0.0036 0.0075 0.0054 
        FW32  3 0.0009 0.0012 0.0012 0.0019 0.0032 0.0037 0.0013 0.0023 0.0038 0.0024 0.0083 0.0158 0.0052 0.0031 0.0037 0.9197 0.0071 0.0022 0.0068 0.0064 
        FW33  3 0.0005 0.0006 0.0007 0.0010 0.0009 0.0008 0.0050 0.0032 0.0016 0.0016 0.0020 0.0164 0.0020 0.0014 0.0053 0.9461 0.0017 0.0014 0.0051 0.0026 
        FW34  3 0.0005 0.0006 0.0007 0.0010 0.0009 0.0008 0.0010 0.0015 0.0016 0.0011 0.0020 0.0058 0.0020 0.0014 0.0015 0.9687 0.0017 0.0011 0.0038 0.0025 
        FW35  3 0.0005 0.0006 0.0006 0.0010 0.0009 0.0008 0.0010 0.0015 0.0016 0.0011 0.0020 0.0058 0.0021 0.0014 0.0015 0.9687 0.0017 0.0011 0.0037 0.0025 
        FW36  3 0.0005 0.0006 0.0006 0.0009 0.0009 0.0008 0.0009 0.0015 0.0016 0.0011 0.0020 0.0058 0.0021 0.0014 0.0015 0.9687 0.0018 0.0010 0.0037 0.0025 
        FW37  3 0.0008 0.0007 0.0007 0.0010 0.0014 0.0009 0.0010 0.0020 0.0023 0.0013 0.0027 0.0069 0.0027 0.0019 0.0020 0.9601 0.0021 0.0017 0.0046 0.0033 
        FW51  3 0.0005 0.0006 0.0007 0.0009 0.0009 0.0008 0.0010 0.0015 0.0015 0.0011 0.0020 0.0058 0.0021 0.0014 0.0015 0.9688 0.0017 0.0011 0.0037 0.0025 
        FW52  3 0.0009 0.0007 0.0007 0.0010 0.0014 0.0010 0.0010 0.0020 0.0022 0.0014 0.0026 0.0068 0.0026 0.0020 0.0020 0.9602 0.0021 0.0016 0.0046 0.0032 
        FW53  3 0.0005 0.0006 0.0006 0.0010 0.0009 0.0008 0.0009 0.0015 0.0016 0.0011 0.0020 0.0058 0.0020 0.0014 0.0014 0.9688 0.0017 0.0011 0.0037 0.0025 
        FW54  3 0.0008 0.0007 0.0007 0.0010 0.0014 0.0009 0.0010 0.0019 0.0020 0.0013 0.0027 0.0068 0.0026 0.0019 0.0018 0.9606 0.0020 0.0016 0.0049 0.0033 
        FW55  3 0.0005 0.0006 0.0006 0.0010 0.0009 0.0008 0.0009 0.0015 0.0016 0.0011 0.0020 0.0059 0.0020 0.0014 0.0015 0.9687 0.0017 0.0011 0.0037 0.0025 
        FW56  3 0.0005 0.0006 0.0006 0.0009 0.0009 0.0008 0.0010 0.0015 0.0015 0.0011 0.0020 0.0059 0.0021 0.0014 0.0015 0.9686 0.0017 0.0011 0.0037 0.0025 
        FW57  3 0.0005 0.0006 0.0007 0.0010 0.0009 0.0008 0.0010 0.0015 0.0015 0.0011 0.0020 0.0058 0.0021 0.0014 0.0015 0.9687 0.0017 0.0011 0.0037 0.0026 
        FW78  3 0.0005 0.0006 0.0006 0.0010 0.0009 0.0008 0.0010 0.0015 0.0015 0.0011 0.0020 0.0058 0.0021 0.0014 0.0015 0.9687 0.0017 0.0011 0.0037 0.0025 
        FW79  3 0.0005 0.0006 0.0007 0.0010 0.0009 0.0008 0.0009 0.0015 0.0016 0.0011 0.0020 0.0060 0.0020 0.0014 0.0015 0.9685 0.0017 0.0011 0.0037 0.0025 
        FW80  3 0.0005 0.0006 0.0007 0.0010 0.0009 0.0008 0.0009 0.0015 0.0016 0.0011 0.0020 0.0059 0.0021 0.0014 0.0015 0.9687 0.0017 0.0010 0.0037 0.0026 
        FW81  3 0.0008 0.0007 0.0007 0.0010 0.0014 0.0010 0.0009 0.0019 0.0020 0.0013 0.0027 0.0068 0.0027 0.0019 0.0018 0.9606 0.0020 0.0016 0.0049 0.0033 
        FW82  3 0.0008 0.0007 0.0007 0.0011 0.0014 0.0010 0.0010 0.0019 0.0022 0.0013 0.0027 0.0069 0.0025 0.0020 0.0020 0.9602 0.0021 0.0016 0.0046 0.0033 
        FW83  3 0.0008 0.0012 0.0012 0.0017 0.0031 0.0037 0.0013 0.0024 0.0038 0.0023 0.0081 0.0159 0.0052 0.0029 0.0037 0.9202 0.0069 0.0022 0.0068 0.0065 
        FW84  3 0.0005 0.0006 0.0007 0.0010 0.0009 0.0008 0.0010 0.0016 0.0016 0.0011 0.0020 0.0058 0.0021 0.0014 0.0015 0.9686 0.0017 0.0011 0.0037 0.0025 
        FW85  3 0.0189 0.0031 0.0007 0.0026 0.0057 0.0010 0.0009 0.0021 0.0022 0.0013 0.0027 0.0072 0.0026 0.0020 0.0021 0.9095 0.0105 0.0067 0.0149 0.0033 
        FW86  3 0.0007 0.0007 0.0007 0.0011 0.0014 0.0009 0.0010 0.0020 0.0023 0.0014 0.0027 0.0068 0.0026 0.0019 0.0020 0.9604 0.0020 0.0016 0.0045 0.0032 
        FW87  3 0.0007 0.0007 0.0007 0.0010 0.0014 0.0009 0.0009 0.0020 0.0022 0.0014 0.0026 0.0069 0.0026 0.0019 0.0019 0.9605 0.0020 0.0017 0.0047 0.0033 
        FW88  3 0.0005 0.0006 0.0006 0.0009 0.0008 0.0008 0.0010 0.0015 0.0016 0.0011 0.0020 0.0058 0.0021 0.0014 0.0015 0.9688 0.0017 0.0011 0.0037 0.0025 
        FW89  3 0.0005 0.0006 0.0006 0.0010 0.0009 0.0008 0.0010 0.0015 0.0016 0.0011 0.0020 0.0058 0.0020 0.0014 0.0015 0.9687 0.0017 0.0011 0.0037 0.0025 
        FW90  3 0.0005 0.0006 0.0006 0.0010 0.0009 0.0008 0.0010 0.0015 0.0015 0.0011 0.0020 0.0059 0.0021 0.0014 0.0015 0.9687 0.0017 0.0010 0.0037 0.0025 
        FW91  3 0.0009 0.0007 0.0007 0.0011 0.0014 0.0009 0.0009 0.0019 0.0022 0.0014 0.0027 0.0069 0.0026 0.0020 0.0020 0.9602 0.0021 0.0017 0.0045 0.0033 
        FW92  3 0.0005 0.0006 0.0006 0.0010 0.0009 0.0008 0.0009 0.0015 0.0016 0.0011 0.0020 0.0058 0.0020 0.0014 0.0014 0.9689 0.0017 0.0011 0.0037 0.0025 
        FW93  3 0.0005 0.0006 0.0006 0.0010 0.0009 0.0008 0.0010 0.0015 0.0016 0.0011 0.0020 0.0058 0.0021 0.0014 0.0015 0.9687 0.0017 0.0010 0.0037 0.0025 
        FW94  3 0.0009 0.0008 0.0007 0.0010 0.0014 0.0009 0.0010 0.0019 0.0022 0.0014 0.0026 0.0068 0.0026 0.0020 0.0020 0.9602 0.0021 0.0017 0.0046 0.0033 
        FW95  3 0.0005 0.0006 0.0006 0.0009 0.0009 0.0008 0.0010 0.0015 0.0015 0.0011 0.0020 0.0059 0.0021 0.0014 0.0015 0.9686 0.0017 0.0011 0.0037 0.0025 
        FW96  3 0.0005 0.0006 0.0007 0.0010 0.0009 0.0008 0.0009 0.0015 0.0016 0.0011 0.0020 0.0058 0.0020 0.0014 0.0015 0.9688 0.0017 0.0011 0.0037 0.0025 
        FW97  3 0.0010 0.0041 0.0026 0.0065 0.0021 0.0019 0.0023 0.0024 0.0045 0.0041 0.0094 0.7933 0.0090 0.0038 0.0022 0.1031 0.0024 0.0026 0.0080 0.0346 
        FW98  3 0.0008 0.0007 0.0007 0.0011 0.0014 0.0010 0.0009 0.0019 0.0020 0.0013 0.0026 0.0068 0.0026 0.0019 0.0018 0.9607 0.0020 0.0015 0.0049 0.0032 
        FW99  3 0.0005 0.0006 0.0007 0.0010 0.0009 0.0008 0.0009 0.0015 0.0016 0.0011 0.0020 0.0059 0.0021 0.0014 0.0015 0.9687 0.0017 0.0011 0.0037 0.0025 
       Cal01  3 0.0009 0.0024 0.0010 0.0031 0.0014 0.0022 0.0010 0.0023 0.0064 0.0030 0.0053 0.7347 0.0030 0.0016 0.0022 0.2146 0.0025 0.0032 0.0054 0.0036 
       Cal02  3 0.0008 0.0012 0.0010 0.0011 0.0017 0.0010 0.0029 0.0022 0.0021 0.0023 0.0035 0.9158 0.0030 0.0033 0.0031 0.0380 0.0028 0.0026 0.0070 0.0045 
       Cal03  3 0.0016 0.0010 0.0006 0.0018 0.0016 0.0011 0.0012 0.0025 0.0033 0.0019 0.0025 0.7565 0.0024 0.0025 0.0022 0.1986 0.0033 0.0017 0.0085 0.0052 
       Cal04  3 0.0013 0.0015 0.0010 0.0008 0.0019 0.0022 0.0015 0.0038 0.0025 0.0016 0.0037 0.8969 0.0167 0.0042 0.0018 0.0075 0.0150 0.0031 0.0274 0.0057 
       Cal05  3 0.0007 0.0007 0.0006 0.0041 0.0012 0.0007 0.0010 0.0193 0.0016 0.0012 0.0021 0.9149 0.0027 0.0015 0.0013 0.0339 0.0018 0.0024 0.0054 0.0030 
       Cal06  3 0.0009 0.0010 0.0013 0.0018 0.0013 0.0011 0.0020 0.0029 0.0027 0.0022 0.0028 0.9049 0.0024 0.0043 0.0028 0.0134 0.0026 0.0063 0.0378 0.0053 
       Cal07  3 0.0007 0.0007 0.0007 0.0023 0.0010 0.0010 0.0013 0.0491 0.0018 0.0015 0.0022 0.8743 0.0019 0.0014 0.0016 0.0437 0.0022 0.0029 0.0054 0.0042 
       Cal08  3 0.0017 0.0016 0.0021 0.0013 0.0019 0.0039 0.0014 0.0043 0.0031 0.0024 0.0066 0.7985 0.0067 0.0031 0.0027 0.1348 0.0027 0.0023 0.0149 0.0041 
       Cal09  3 0.0006 0.0027 0.0009 0.0013 0.0017 0.0014 0.0014 0.0377 0.0021 0.0014 0.0034 0.7884 0.0035 0.0026 0.0074 0.1284 0.0022 0.0050 0.0048 0.0033 
       Cal10  3 0.0015 0.0018 0.0007 0.0014 0.0017 0.0023 0.0011 0.0029 0.0035 0.0036 0.0035 0.9347 0.0039 0.0028 0.0022 0.0099 0.0040 0.0028 0.0110 0.0048 
       Cal11  3 0.0008 0.0011 0.0118 0.0050 0.0013 0.0020 0.0022 0.0036 0.0027 0.0022 0.0066 0.8213 0.0062 0.0029 0.0043 0.0979 0.0029 0.0044 0.0141 0.0066 
      Cal197  3 0.0005 0.0007 0.0006 0.0014 0.0009 0.0024 0.0014 0.0037 0.0029 0.0024 0.0018 0.6198 0.0017 0.0051 0.0021 0.3168 0.0031 0.0029 0.0259 0.0038 
      Cal198  3 0.0008 0.0016 0.0007 0.0018 0.0012 0.0154 0.0013 0.0542 0.0220 0.0022 0.0031 0.7104 0.0062 0.0051 0.0023 0.1268 0.0028 0.0046 0.0132 0.0243 
      Cal199  3 0.0010 0.0006 0.0008 0.0036 0.0015 0.0011 0.0010 0.0016 0.0031 0.0015 0.0231 0.8926 0.0396 0.0019 0.0020 0.0098 0.0022 0.0014 0.0067 0.0048 
      Cal200  3 0.0097 0.0020 0.0012 0.0271 0.0016 0.0009 0.0010 0.0022 0.0026 0.0018 0.0028 0.8831 0.0020 0.0025 0.0020 0.0302 0.0099 0.0051 0.0092 0.0031 
      Cal201  3 0.0008 0.0006 0.0009 0.0073 0.0009 0.0008 0.0015 0.0072 0.0018 0.0055 0.0025 0.8400 0.0020 0.0018 0.0040 0.1081 0.0023 0.0036 0.0053 0.0030 
      Cal202  3 0.0024 0.0039 0.0009 0.0022 0.0073 0.0009 0.0014 0.0109 0.0112 0.0035 0.0069 0.8796 0.0081 0.0021 0.0051 0.0314 0.0130 0.0016 0.0047 0.0028 
      Cal203  3 0.0010 0.0010 0.0017 0.0022 0.0013 0.0013 0.0013 0.0019 0.0024 0.0017 0.0032 0.9437 0.0035 0.0036 0.0021 0.0146 0.0018 0.0018 0.0062 0.0035 
      Cal204  3 0.0010 0.0007 0.0010 0.0024 0.0016 0.0011 0.0017 0.0032 0.0025 0.0021 0.0031 0.9514 0.0028 0.0038 0.0023 0.0064 0.0020 0.0016 0.0067 0.0027 
      Cal205  3 0.0013 0.0011 0.0006 0.0015 0.0013 0.0014 0.0022 0.0023 0.0027 0.0022 0.0024 0.9414 0.0035 0.0018 0.0027 0.0179 0.0032 0.0022 0.0047 0.0036 
      Cal206  3 0.0009 0.0008 0.0008 0.0064 0.0025 0.0024 0.0017 0.0026 0.0024 0.0027 0.0027 0.9069 0.0031 0.0027 0.0045 0.0333 0.0048 0.0016 0.0082 0.0090 
      Cal207  3 0.0006 0.0007 0.0007 0.0024 0.0011 0.0018 0.0009 0.0033 0.0047 0.0022 0.0030 0.9300 0.0019 0.0020 0.0020 0.0103 0.0027 0.0022 0.0064 0.0209 
      Cal208  3 0.0007 0.0010 0.0010 0.0009 0.0014 0.0037 0.0010 0.0023 0.0034 0.0018 0.0038 0.8318 0.0036 0.0036 0.0027 0.1221 0.0023 0.0016 0.0081 0.0033 
