        TC01  1 0.0025 0.0012 0.0008 0.0041 0.0017 0.0010 0.0063 0.0065 0.0017 0.0019 0.0042 0.0098 0.9253 0.0141 0.0078 0.0045 0.0067 
        TC02  1 0.0031 0.0015 0.0014 0.0017 0.0015 0.0022 0.0046 0.0031 0.0024 0.0028 0.0088 0.0040 0.9318 0.0093 0.0106 0.0070 0.0043 
        TC03  1 0.0039 0.0018 0.0016 0.0016 0.0015 0.0016 0.0023 0.0046 0.0026 0.0027 0.0063 0.0022 0.9451 0.0102 0.0055 0.0033 0.0032 
        TC04  1 0.0265 0.0034 0.0013 0.0014 0.0010 0.0032 0.0042 0.0149 0.0022 0.0428 0.0039 0.0026 0.7851 0.0307 0.0409 0.0312 0.0046 
        TC05  1 0.0039 0.0012 0.0020 0.0008 0.0008 0.0011 0.0029 0.0018 0.0026 0.0190 0.0038 0.0014 0.9310 0.0150 0.0049 0.0032 0.0047 
        TC06  1 0.0706 0.0014 0.0038 0.0010 0.0024 0.0013 0.0023 0.0063 0.0018 0.0028 0.0049 0.0016 0.8516 0.0085 0.0239 0.0075 0.0082 
        TC07  1 0.0048 0.0015 0.0009 0.0007 0.0011 0.0011 0.0049 0.0021 0.0027 0.0035 0.0025 0.0060 0.9176 0.0383 0.0073 0.0022 0.0027 
        TC08  1 0.0034 0.0008 0.0018 0.0012 0.0007 0.0010 0.0057 0.0016 0.0039 0.0035 0.0031 0.0019 0.9382 0.0088 0.0067 0.0092 0.0085 
        TC09  1 0.0173 0.0013 0.0020 0.0006 0.0128 0.0013 0.0035 0.0024 0.0015 0.0037 0.0033 0.0016 0.8687 0.0086 0.0097 0.0564 0.0051 
        TC10  1 0.0061 0.0363 0.0012 0.0069 0.0338 0.0011 0.0019 0.0019 0.0015 0.0017 0.0063 0.0056 0.8562 0.0239 0.0039 0.0024 0.0093 
        TC11  1 0.0021 0.0011 0.0005 0.0014 0.0012 0.0014 0.0016 0.0028 0.0033 0.0019 0.0029 0.0060 0.8946 0.0065 0.0082 0.0027 0.0619 
        TC12  1 0.0092 0.0070 0.0010 0.0038 0.0011 0.0010 0.0174 0.0087 0.0032 0.0028 0.0095 0.0046 0.8828 0.0195 0.0180 0.0073 0.0030 
        TC13  1 0.0040 0.0009 0.0008 0.0011 0.0029 0.0016 0.0022 0.0019 0.0017 0.0020 0.0027 0.0017 0.9507 0.0076 0.0040 0.0045 0.0099 
        TC14  1 0.0441 0.0013 0.0107 0.0022 0.0107 0.0079 0.0030 0.0067 0.0065 0.0048 0.0049 0.0034 0.8601 0.0120 0.0059 0.0092 0.0068 
        TC15  1 0.0184 0.0013 0.0015 0.0014 0.0052 0.0063 0.0029 0.0034 0.0020 0.0039 0.0042 0.0013 0.9126 0.0143 0.0057 0.0126 0.0029 
        TC16  1 0.0134 0.0012 0.0020 0.0012 0.0179 0.0019 0.0045 0.0035 0.0055 0.0033 0.0060 0.0018 0.7925 0.0186 0.0125 0.1098 0.0045 
        TC17  1 0.0158 0.0016 0.0015 0.0032 0.0455 0.0017 0.0073 0.0058 0.0076 0.0089 0.0150 0.0055 0.7181 0.0199 0.1155 0.0156 0.0114 
        TC18  1 0.0065 0.0034 0.0006 0.0059 0.0020 0.0019 0.0040 0.0314 0.0057 0.0179 0.0267 0.0040 0.8329 0.0061 0.0067 0.0033 0.0410 
        TC19  1 0.0028 0.0013 0.0006 0.0014 0.0072 0.0016 0.0030 0.0020 0.0021 0.0015 0.0057 0.0022 0.8937 0.0047 0.0041 0.0343 0.0318 
        TC20  1 0.0033 0.0010 0.0009 0.0017 0.0030 0.0012 0.0021 0.0056 0.0021 0.0045 0.0026 0.0017 0.9461 0.0081 0.0040 0.0072 0.0048 
        TC21  1 0.0067 0.0013 0.0006 0.0017 0.0009 0.0092 0.1206 0.0220 0.0105 0.0105 0.0061 0.0066 0.7321 0.0094 0.0502 0.0070 0.0047 
        TC22  1 0.0061 0.0021 0.0020 0.0139 0.0007 0.0226 0.0072 0.0022 0.0021 0.0028 0.0185 0.0026 0.8671 0.0209 0.0054 0.0062 0.0175 
        TC23  1 0.0050 0.0012 0.0014 0.0021 0.0015 0.0014 0.0023 0.0030 0.0027 0.0016 0.0068 0.0087 0.9195 0.0182 0.0038 0.0033 0.0174 
        TC24  1 0.0024 0.0011 0.0005 0.0008 0.0021 0.0009 0.0015 0.0014 0.0034 0.0022 0.0036 0.0012 0.9639 0.0044 0.0039 0.0028 0.0039 
        TC25  1 0.0614 0.0027 0.0013 0.0012 0.0058 0.0133 0.0048 0.0251 0.0039 0.0022 0.0061 0.0145 0.8280 0.0111 0.0110 0.0036 0.0041 
        TC26  1 0.0089 0.0010 0.0050 0.0009 0.0254 0.0011 0.0025 0.0020 0.0024 0.0019 0.0034 0.0014 0.9097 0.0135 0.0143 0.0034 0.0033 
        TC27  1 0.0119 0.0011 0.0008 0.0182 0.0012 0.0016 0.0025 0.0028 0.0046 0.0083 0.0037 0.0020 0.8767 0.0078 0.0393 0.0028 0.0148 
        TC28  1 0.0217 0.0044 0.0008 0.0012 0.0023 0.0020 0.0029 0.0041 0.0029 0.0052 0.0042 0.0024 0.9055 0.0147 0.0191 0.0032 0.0037 
        TC29  1 0.0320 0.0016 0.0006 0.0008 0.0024 0.0027 0.0034 0.0063 0.0102 0.0321 0.0060 0.0040 0.8637 0.0114 0.0053 0.0073 0.0103 
        TC30  1 0.0055 0.0015 0.0009 0.0012 0.0024 0.0018 0.0035 0.0020 0.0021 0.0022 0.0043 0.0019 0.9267 0.0053 0.0101 0.0099 0.0187 
        TC31  1 0.0030 0.0035 0.0008 0.0031 0.0013 0.0037 0.0033 0.0104 0.0043 0.0036 0.0370 0.0258 0.8602 0.0083 0.0041 0.0060 0.0216 
        TC32  1 0.0583 0.0080 0.0009 0.0010 0.0033 0.0292 0.0046 0.0030 0.0023 0.0036 0.0034 0.0024 0.8287 0.0170 0.0159 0.0046 0.0138 
        TC33  1 0.0045 0.0013 0.0011 0.0017 0.0016 0.0019 0.0025 0.0032 0.0061 0.0038 0.0073 0.0101 0.9277 0.0107 0.0053 0.0027 0.0086 
        TC34  1 0.0401 0.0013 0.0010 0.0026 0.0039 0.0010 0.0029 0.0025 0.0074 0.0036 0.0089 0.0019 0.8759 0.0180 0.0076 0.0086 0.0127 
        TC35  1 0.0059 0.0029 0.0007 0.0057 0.0029 0.0013 0.0037 0.0084 0.0025 0.0077 0.0084 0.0108 0.8788 0.0110 0.0118 0.0318 0.0058 
        TC36  1 0.0041 0.0016 0.0007 0.0014 0.0023 0.0024 0.0037 0.0024 0.0022 0.0047 0.0032 0.0021 0.9270 0.0094 0.0216 0.0053 0.0060 
        TC37  1 0.0019 0.0016 0.0012 0.0013 0.0011 0.0023 0.0027 0.0030 0.0059 0.0039 0.0039 0.0024 0.8504 0.0132 0.0054 0.0047 0.0952 
        TC38  1 0.0111 0.0014 0.0010 0.0008 0.0064 0.0009 0.0043 0.0429 0.0022 0.0037 0.0060 0.0037 0.7946 0.0081 0.0099 0.0878 0.0152 
        TC39  1 0.0905 0.0018 0.0039 0.0009 0.0420 0.0009 0.0028 0.0041 0.0024 0.0033 0.0035 0.0021 0.7728 0.0103 0.0103 0.0131 0.0352 
        TC40  1 0.0229 0.0047 0.0014 0.0019 0.0038 0.0019 0.0030 0.0032 0.0177 0.0030 0.0093 0.0023 0.8955 0.0105 0.0089 0.0041 0.0058 
        TC41  1 0.0029 0.0012 0.0007 0.0009 0.0015 0.0081 0.0018 0.0024 0.0028 0.0031 0.0224 0.0018 0.9150 0.0183 0.0070 0.0027 0.0074 
        TC42  1 0.0088 0.0009 0.0014 0.0013 0.0014 0.0010 0.0022 0.0016 0.0018 0.0024 0.0042 0.0012 0.9469 0.0055 0.0047 0.0049 0.0099 
        TC43  1 0.0093 0.0015 0.0009 0.0012 0.0010 0.0028 0.0024 0.0031 0.0027 0.0027 0.0033 0.0017 0.9441 0.0085 0.0042 0.0045 0.0062 
        TC44  1 0.0084 0.0018 0.0018 0.0031 0.0048 0.0008 0.0041 0.0024 0.0020 0.0023 0.0045 0.0047 0.9023 0.0122 0.0076 0.0335 0.0037 
        TC45  1 0.0021 0.0014 0.0041 0.0009 0.0077 0.0010 0.0050 0.0102 0.0014 0.0040 0.0027 0.0018 0.8693 0.0100 0.0074 0.0034 0.0676 
        TC46  1 0.0030 0.0048 0.0008 0.0058 0.0023 0.0015 0.0043 0.0066 0.0027 0.0058 0.0088 0.0016 0.9088 0.0208 0.0098 0.0029 0.0097 
        TC47  1 0.0074 0.0012 0.0008 0.0065 0.0050 0.0014 0.0021 0.0027 0.0023 0.0022 0.0053 0.0038 0.9226 0.0125 0.0077 0.0121 0.0044 
        TC48  1 0.0060 0.0012 0.0047 0.0026 0.0041 0.0048 0.0082 0.0086 0.0181 0.0042 0.0069 0.0020 0.8947 0.0158 0.0107 0.0036 0.0038 
        TC49  1 0.0040 0.0012 0.0011 0.0015 0.0020 0.0019 0.0067 0.0026 0.0029 0.0042 0.0039 0.0029 0.9335 0.0100 0.0068 0.0024 0.0125 
        TC50  1 0.0027 0.0027 0.0019 0.0041 0.0013 0.0121 0.0022 0.0048 0.0053 0.0029 0.0088 0.0031 0.9209 0.0081 0.0101 0.0046 0.0043 
        TC51  1 0.0139 0.0015 0.0010 0.0017 0.0013 0.0020 0.0091 0.0034 0.0021 0.0026 0.0053 0.0056 0.9236 0.0094 0.0054 0.0102 0.0020 
        TC52  1 0.0044 0.0055 0.0014 0.0008 0.0018 0.0011 0.0036 0.0061 0.0024 0.0016 0.0031 0.0012 0.9138 0.0358 0.0072 0.0032 0.0072 
        TC53  1 0.0060 0.0009 0.0009 0.0027 0.0016 0.0014 0.0130 0.0016 0.0019 0.0020 0.0135 0.0011 0.9272 0.0071 0.0070 0.0063 0.0056 
        TC54  1 0.0109 0.0014 0.0021 0.0022 0.0025 0.0068 0.0042 0.0041 0.0528 0.0042 0.0056 0.0028 0.8500 0.0155 0.0235 0.0040 0.0074 
        TC55  1 0.0131 0.0027 0.0060 0.0018 0.0189 0.0211 0.0038 0.0044 0.0041 0.0030 0.0032 0.0022 0.8676 0.0129 0.0272 0.0030 0.0051 
        TC56  1 0.0070 0.0021 0.0028 0.0021 0.0009 0.0042 0.0039 0.0125 0.0250 0.0062 0.0065 0.0041 0.8912 0.0082 0.0062 0.0059 0.0111 
        TC57  1 0.0030 0.0020 0.0015 0.0054 0.0076 0.0023 0.0044 0.0024 0.0046 0.0090 0.0059 0.0023 0.8979 0.0094 0.0265 0.0077 0.0083 
        TC58  1 0.0043 0.0011 0.0025 0.0023 0.0066 0.0012 0.0021 0.0026 0.0018 0.0023 0.0055 0.0217 0.9012 0.0225 0.0119 0.0042 0.0061 
        TC59  1 0.0047 0.0009 0.0007 0.0011 0.0011 0.0008 0.0021 0.0015 0.0021 0.0018 0.0030 0.0021 0.9552 0.0073 0.0102 0.0028 0.0025 
        TA01  2 0.0054 0.0008 0.0016 0.0014 0.0043 0.0047 0.0017 0.0021 0.0030 0.0022 0.0054 0.0022 0.9234 0.0088 0.0130 0.0141 0.0059 
        TA02  2 0.0030 0.0021 0.0006 0.0009 0.0014 0.0014 0.0021 0.0033 0.0071 0.0065 0.0056 0.0013 0.9368 0.0092 0.0075 0.0047 0.0065 
        TA03  2 0.0037 0.0024 0.0015 0.0053 0.0023 0.0016 0.0027 0.0026 0.0042 0.0035 0.0075 0.0023 0.8912 0.0123 0.0067 0.0446 0.0056 
        TA04  2 0.0126 0.0017 0.0008 0.0018 0.0016 0.0015 0.0021 0.0021 0.0021 0.0025 0.0035 0.0017 0.6278 0.0114 0.0060 0.3177 0.0032 
        TA05  2 0.0026 0.0010 0.0019 0.0013 0.0012 0.0011 0.0029 0.0030 0.0029 0.0028 0.0039 0.0021 0.9479 0.0080 0.0054 0.0085 0.0035 
        TA06  2 0.0063 0.0011 0.0010 0.0010 0.0033 0.0034 0.0014 0.0019 0.0016 0.0013 0.0026 0.0025 0.9475 0.0090 0.0045 0.0062 0.0056 
        TA07  2 0.0032 0.0017 0.0015 0.0013 0.0022 0.0009 0.0085 0.0023 0.0039 0.0027 0.0051 0.0038 0.8349 0.0081 0.0229 0.0950 0.0019 
        TA08  2 0.0071 0.0010 0.0008 0.0076 0.0023 0.0020 0.0018 0.0033 0.0021 0.0018 0.0025 0.0015 0.9483 0.0047 0.0034 0.0079 0.0019 
        TA09  2 0.0046 0.0012 0.0007 0.0011 0.0019 0.0009 0.0024 0.0015 0.0023 0.0018 0.0031 0.0015 0.9255 0.0135 0.0040 0.0213 0.0127 
        TA10  2 0.0041 0.0012 0.0012 0.0015 0.0027 0.0015 0.0039 0.0022 0.0021 0.0062 0.0060 0.0515 0.8847 0.0112 0.0100 0.0072 0.0030 
        TA11  2 0.0045 0.0020 0.0024 0.0032 0.0325 0.0010 0.0036 0.0039 0.0026 0.0023 0.0962 0.0195 0.7929 0.0119 0.0044 0.0130 0.0041 
        TA12  2 0.0024 0.0009 0.0042 0.0047 0.0017 0.0019 0.0030 0.0019 0.0027 0.0200 0.0825 0.0039 0.8458 0.0073 0.0056 0.0056 0.0060 
        TA13  2 0.0324 0.0024 0.0215 0.0017 0.0011 0.0028 0.0442 0.0025 0.0039 0.0508 0.0115 0.0097 0.7430 0.0101 0.0091 0.0498 0.0037 
        TA14  2 0.0065 0.0020 0.0028 0.0008 0.0026 0.0009 0.0020 0.0014 0.0030 0.0022 0.0023 0.0011 0.9501 0.0055 0.0032 0.0094 0.0044 
        TA15  2 0.0077 0.0011 0.0069 0.0009 0.0010 0.0012 0.0030 0.0014 0.0022 0.0026 0.0026 0.0018 0.9499 0.0060 0.0041 0.0043 0.0033 
        TA16  2 0.0172 0.0011 0.0017 0.0015 0.0030 0.0012 0.0029 0.0019 0.0019 0.0170 0.0030 0.0249 0.8564 0.0097 0.0095 0.0430 0.0041 
        TA17  2 0.0043 0.0014 0.0019 0.0037 0.0012 0.0010 0.0029 0.0018 0.0042 0.0049 0.0060 0.0016 0.9319 0.0222 0.0058 0.0028 0.0023 
        TA18  2 0.0037 0.0012 0.0006 0.0013 0.0008 0.0077 0.0021 0.0017 0.0020 0.0027 0.0038 0.0072 0.8238 0.1251 0.0054 0.0056 0.0052 
        TA19  2 0.0096 0.0018 0.0007 0.0539 0.0016 0.0071 0.0037 0.0020 0.0028 0.0034 0.0137 0.0091 0.8269 0.0139 0.0067 0.0349 0.0083 
        TA20  2 0.0036 0.0012 0.0008 0.0011 0.0035 0.0009 0.0021 0.0033 0.0091 0.0997 0.0109 0.0016 0.8420 0.0059 0.0083 0.0028 0.0033 
        TA21  2 0.0091 0.0015 0.0015 0.0015 0.0253 0.0032 0.0032 0.0028 0.0117 0.0050 0.0048 0.0025 0.8943 0.0137 0.0066 0.0070 0.0064 
        TA22  2 0.0233 0.0011 0.0048 0.0008 0.0011 0.0022 0.0013 0.0019 0.0077 0.0031 0.0066 0.0012 0.9063 0.0077 0.0086 0.0030 0.0192 
        TA23  2 0.0200 0.0009 0.0010 0.0010 0.0015 0.0021 0.0015 0.0017 0.0024 0.0023 0.0036 0.0015 0.9339 0.0071 0.0043 0.0068 0.0084 
        TA24  2 0.0033 0.0021 0.0008 0.0024 0.0009 0.0012 0.0024 0.0020 0.0020 0.0024 0.0054 0.0016 0.9067 0.0086 0.0510 0.0042 0.0028 
        TA25  2 0.0058 0.0014 0.0007 0.0016 0.0014 0.0017 0.0038 0.0020 0.0015 0.0067 0.0073 0.1352 0.8031 0.0112 0.0095 0.0037 0.0034 
        TA26  2 0.0241 0.0009 0.0064 0.0031 0.0317 0.0017 0.0022 0.0090 0.0038 0.0034 0.0121 0.0054 0.8413 0.0055 0.0044 0.0384 0.0066 
        TA27  2 0.0039 0.0015 0.0020 0.0019 0.0014 0.0015 0.0022 0.0016 0.0030 0.0043 0.0339 0.0019 0.9062 0.0097 0.0055 0.0055 0.0141 
        TA28  2 0.0034 0.0041 0.0006 0.0010 0.0026 0.0015 0.0039 0.0104 0.0092 0.0050 0.0111 0.0015 0.9027 0.0181 0.0096 0.0081 0.0073 
        TA29  2 0.0203 0.0012 0.0042 0.0034 0.0013 0.0014 0.0022 0.0020 0.0020 0.0031 0.0035 0.0021 0.9298 0.0080 0.0082 0.0034 0.0040 
        TA30  2 0.0064 0.0012 0.0081 0.0040 0.0934 0.0017 0.0044 0.0032 0.0056 0.0043 0.0040 0.0021 0.6643 0.0085 0.0045 0.1791 0.0053 
      BERM01  3 0.9033 0.0007 0.0009 0.0008 0.0019 0.0013 0.0017 0.0014 0.0018 0.0018 0.0031 0.0015 0.0039 0.0051 0.0031 0.0657 0.0022 
      BERM02  3 0.9561 0.0008 0.0009 0.0007 0.0019 0.0020 0.0019 0.0018 0.0018 0.0020 0.0024 0.0012 0.0068 0.0050 0.0034 0.0081 0.0032 
      BERM03  3 0.9654 0.0007 0.0011 0.0010 0.0019 0.0010 0.0021 0.0017 0.0017 0.0015 0.0031 0.0016 0.0033 0.0054 0.0040 0.0026 0.0019 
      BERM04  3 0.9659 0.0007 0.0011 0.0012 0.0030 0.0009 0.0015 0.0018 0.0015 0.0014 0.0022 0.0018 0.0030 0.0049 0.0034 0.0041 0.0015 
      BERM05  3 0.9580 0.0009 0.0026 0.0011 0.0013 0.0010 0.0014 0.0022 0.0019 0.0015 0.0037 0.0018 0.0027 0.0067 0.0053 0.0059 0.0018 
      BERM06  3 0.9223 0.0008 0.0008 0.0010 0.0146 0.0011 0.0016 0.0021 0.0014 0.0015 0.0025 0.0011 0.0048 0.0116 0.0072 0.0228 0.0027 
      BERM07  3 0.9533 0.0008 0.0009 0.0017 0.0023 0.0010 0.0020 0.0017 0.0018 0.0016 0.0031 0.0023 0.0055 0.0059 0.0034 0.0096 0.0031 
      BERM08  3 0.9662 0.0006 0.0005 0.0008 0.0009 0.0017 0.0013 0.0019 0.0012 0.0013 0.0020 0.0013 0.0042 0.0038 0.0030 0.0074 0.0017 
      BERM09  3 0.5654 0.0006 0.0005 0.0009 0.0017 0.0014 0.0020 0.0012 0.0016 0.0015 0.0031 0.0015 0.0113 0.0102 0.0043 0.3887 0.0040 
      BERM10  3 0.9149 0.0007 0.0009 0.0028 0.0096 0.0012 0.0065 0.0026 0.0016 0.0016 0.0042 0.0016 0.0096 0.0078 0.0195 0.0112 0.0035 
      BERM11  3 0.9373 0.0009 0.0006 0.0008 0.0018 0.0014 0.0015 0.0020 0.0016 0.0017 0.0019 0.0017 0.0056 0.0047 0.0032 0.0306 0.0027 
      BERM12  3 0.9204 0.0025 0.0005 0.0049 0.0026 0.0010 0.0014 0.0226 0.0017 0.0013 0.0022 0.0023 0.0088 0.0181 0.0027 0.0040 0.0027 
      BERM13  3 0.9476 0.0008 0.0008 0.0012 0.0008 0.0010 0.0017 0.0015 0.0016 0.0019 0.0028 0.0018 0.0040 0.0158 0.0046 0.0092 0.0030 
      BERM14  3 0.9457 0.0010 0.0007 0.0009 0.0116 0.0009 0.0017 0.0015 0.0015 0.0017 0.0034 0.0019 0.0079 0.0056 0.0030 0.0092 0.0018 
      CROC01  3 0.9203 0.0027 0.0013 0.0028 0.0012 0.0027 0.0040 0.0024 0.0096 0.0033 0.0130 0.0026 0.0050 0.0120 0.0065 0.0084 0.0022 
      CROC02  3 0.8629 0.0010 0.0022 0.0009 0.0067 0.0012 0.0022 0.0036 0.0026 0.0028 0.0026 0.0022 0.0054 0.0802 0.0150 0.0062 0.0021 
      CROC03  3 0.9324 0.0016 0.0009 0.0015 0.0060 0.0014 0.0019 0.0054 0.0024 0.0022 0.0033 0.0017 0.0050 0.0059 0.0049 0.0203 0.0032 
      CROC04  3 0.8481 0.0012 0.0010 0.0009 0.0009 0.0008 0.0019 0.0014 0.0016 0.0014 0.0040 0.0015 0.0175 0.0084 0.0952 0.0041 0.0099 
      CROC05  3 0.9354 0.0008 0.0011 0.0009 0.0045 0.0015 0.0024 0.0018 0.0021 0.0021 0.0029 0.0029 0.0035 0.0070 0.0173 0.0099 0.0039 
      CROC06  3 0.8516 0.0015 0.0006 0.0010 0.0029 0.0031 0.0023 0.0027 0.0035 0.0016 0.0038 0.0085 0.0155 0.0308 0.0609 0.0073 0.0022 
      CROC07  3 0.8941 0.0012 0.0013 0.0014 0.0020 0.0014 0.0029 0.0020 0.0022 0.0020 0.0057 0.0018 0.0069 0.0239 0.0079 0.0136 0.0297 
      CROC08  3 0.9144 0.0012 0.0010 0.0017 0.0015 0.0088 0.0034 0.0042 0.0239 0.0043 0.0067 0.0039 0.0045 0.0061 0.0046 0.0053 0.0044 
      CROC09  3 0.8462 0.0017 0.0009 0.0007 0.0067 0.0016 0.0042 0.0025 0.0052 0.0017 0.0029 0.0013 0.0032 0.0041 0.0062 0.1087 0.0023 
      CROC10  3 0.8635 0.0008 0.0023 0.0008 0.0014 0.0018 0.0021 0.0021 0.0014 0.0015 0.0026 0.0023 0.0036 0.0055 0.0034 0.1009 0.0042 
      CROC11  3 0.8452 0.0016 0.0009 0.0007 0.0070 0.0016 0.0042 0.0025 0.0050 0.0017 0.0028 0.0013 0.0032 0.0041 0.0061 0.1097 0.0023 
     CROC110  3 0.8608 0.0016 0.0007 0.0016 0.0039 0.0016 0.0396 0.0016 0.0039 0.0034 0.0031 0.0017 0.0106 0.0090 0.0162 0.0371 0.0037 
     CROC116  3 0.8847 0.0049 0.0035 0.0015 0.0064 0.0033 0.0031 0.0044 0.0032 0.0035 0.0134 0.0019 0.0152 0.0200 0.0119 0.0052 0.0139 
      CROC12  3 0.9605 0.0008 0.0006 0.0008 0.0018 0.0012 0.0022 0.0018 0.0016 0.0018 0.0032 0.0013 0.0045 0.0054 0.0056 0.0043 0.0026 
     CROC123  3 0.9614 0.0009 0.0009 0.0006 0.0043 0.0010 0.0017 0.0017 0.0013 0.0017 0.0018 0.0010 0.0044 0.0041 0.0031 0.0074 0.0026 
      CROC13  3 0.9537 0.0007 0.0042 0.0012 0.0056 0.0010 0.0017 0.0043 0.0017 0.0015 0.0034 0.0022 0.0034 0.0050 0.0041 0.0038 0.0026 
      CROC14  3 0.8683 0.0007 0.0006 0.0006 0.0067 0.0010 0.0050 0.0027 0.0026 0.0038 0.0020 0.0618 0.0068 0.0063 0.0205 0.0081 0.0026 
      CROC15  3 0.8667 0.0351 0.0008 0.0012 0.0016 0.0015 0.0099 0.0067 0.0123 0.0128 0.0027 0.0064 0.0054 0.0233 0.0069 0.0031 0.0037 
      CROC16  3 0.8796 0.0017 0.0176 0.0011 0.0108 0.0017 0.0032 0.0108 0.0040 0.0028 0.0055 0.0020 0.0032 0.0114 0.0089 0.0338 0.0017 
      CROC17  3 0.8618 0.0007 0.0005 0.0007 0.0015 0.0011 0.0013 0.0018 0.0013 0.0068 0.0020 0.0012 0.0110 0.0040 0.0031 0.0028 0.0985 
      CROC18  3 0.9173 0.0017 0.0007 0.0010 0.0017 0.0017 0.0022 0.0072 0.0019 0.0025 0.0114 0.0013 0.0053 0.0340 0.0033 0.0037 0.0032 
      CROC19  3 0.9122 0.0010 0.0007 0.0018 0.0010 0.0011 0.0041 0.0020 0.0021 0.0020 0.0037 0.0020 0.0097 0.0091 0.0376 0.0074 0.0026 
     CROC198  3 0.9437 0.0006 0.0012 0.0021 0.0093 0.0013 0.0021 0.0018 0.0019 0.0021 0.0036 0.0021 0.0038 0.0055 0.0039 0.0126 0.0024 
      CROC20  3 0.9353 0.0020 0.0013 0.0012 0.0030 0.0012 0.0034 0.0032 0.0031 0.0034 0.0032 0.0019 0.0037 0.0166 0.0071 0.0086 0.0019 
     CROC202  3 0.9421 0.0009 0.0009 0.0016 0.0080 0.0017 0.0018 0.0069 0.0017 0.0016 0.0069 0.0024 0.0042 0.0072 0.0044 0.0052 0.0026 
      CROC21  3 0.9532 0.0007 0.0016 0.0010 0.0011 0.0015 0.0042 0.0021 0.0019 0.0018 0.0030 0.0019 0.0059 0.0057 0.0035 0.0085 0.0024 
     CROC216  3 0.8893 0.0026 0.0008 0.0010 0.0015 0.0016 0.0027 0.0029 0.0037 0.0032 0.0062 0.0016 0.0130 0.0330 0.0058 0.0243 0.0068 
      CROC22  3 0.8666 0.0009 0.0011 0.0100 0.0188 0.0015 0.0046 0.0024 0.0016 0.0481 0.0036 0.0018 0.0095 0.0055 0.0039 0.0141 0.0062 
      CROC23  3 0.8345 0.0010 0.0021 0.0011 0.0009 0.0065 0.0030 0.0023 0.0024 0.0028 0.0030 0.0018 0.0181 0.0058 0.0048 0.1041 0.0058 
      CROC24  3 0.9120 0.0009 0.0009 0.0008 0.0146 0.0010 0.0019 0.0039 0.0023 0.0021 0.0035 0.0015 0.0056 0.0048 0.0064 0.0356 0.0024 
      CROC25  3 0.9631 0.0009 0.0006 0.0009 0.0030 0.0012 0.0015 0.0016 0.0017 0.0014 0.0025 0.0017 0.0040 0.0055 0.0038 0.0046 0.0023 
     CROC259  3 0.8956 0.0008 0.0016 0.0011 0.0016 0.0010 0.0014 0.0024 0.0018 0.0023 0.0029 0.0119 0.0333 0.0050 0.0089 0.0106 0.0179 
      CROC26  3 0.8805 0.0009 0.0008 0.0016 0.0019 0.0016 0.0013 0.0022 0.0023 0.0017 0.0036 0.0021 0.0729 0.0058 0.0035 0.0059 0.0115 
      CROC27  3 0.8876 0.0012 0.0008 0.0013 0.0045 0.0014 0.0020 0.0021 0.0044 0.0044 0.0040 0.0016 0.0153 0.0078 0.0060 0.0257 0.0299 
      CROC28  3 0.7244 0.0008 0.0009 0.0008 0.0812 0.0009 0.0018 0.0017 0.0019 0.0019 0.0036 0.0018 0.0551 0.0048 0.0050 0.1094 0.0041 
      CROC29  3 0.9591 0.0013 0.0011 0.0009 0.0021 0.0012 0.0020 0.0020 0.0027 0.0023 0.0027 0.0014 0.0042 0.0048 0.0055 0.0040 0.0023 
      CROC30  3 0.8533 0.0014 0.0009 0.0009 0.0067 0.0018 0.0032 0.0029 0.0041 0.0039 0.0041 0.0017 0.0084 0.0493 0.0440 0.0108 0.0026 
      CROC31  3 0.8140 0.0013 0.0049 0.0010 0.0036 0.0018 0.0044 0.0022 0.0029 0.0027 0.0081 0.0020 0.0216 0.0178 0.0084 0.0868 0.0164 
      CROC32  3 0.9502 0.0006 0.0010 0.0009 0.0107 0.0008 0.0022 0.0016 0.0014 0.0016 0.0028 0.0018 0.0039 0.0079 0.0052 0.0052 0.0023 
      CROC33  3 0.9053 0.0016 0.0007 0.0010 0.0010 0.0009 0.0031 0.0028 0.0155 0.0026 0.0029 0.0010 0.0115 0.0060 0.0354 0.0062 0.0027 
      CROC34  3 0.9570 0.0009 0.0008 0.0013 0.0010 0.0011 0.0014 0.0020 0.0023 0.0017 0.0033 0.0020 0.0045 0.0083 0.0046 0.0047 0.0033 
      CROC35  3 0.8969 0.0006 0.0005 0.0006 0.0016 0.0010 0.0014 0.0018 0.0013 0.0104 0.0022 0.0015 0.0154 0.0044 0.0366 0.0205 0.0035 
      CROC36  3 0.9478 0.0009 0.0023 0.0009 0.0027 0.0024 0.0021 0.0021 0.0018 0.0017 0.0029 0.0022 0.0037 0.0054 0.0046 0.0142 0.0023 
      CROC57  3 0.9628 0.0009 0.0009 0.0009 0.0012 0.0009 0.0018 0.0018 0.0021 0.0017 0.0032 0.0032 0.0028 0.0056 0.0042 0.0040 0.0021 
      CROC81  3 0.9220 0.0012 0.0014 0.0009 0.0087 0.0020 0.0032 0.0111 0.0063 0.0022 0.0048 0.0018 0.0041 0.0129 0.0082 0.0067 0.0025 
      CROC84  3 0.9444 0.0013 0.0007 0.0018 0.0030 0.0008 0.0014 0.0059 0.0013 0.0012 0.0020 0.0013 0.0070 0.0069 0.0026 0.0161 0.0022 
        FW01  3 0.0018 0.0007 0.0007 0.0008 0.9716 0.0007 0.0017 0.0018 0.0016 0.0013 0.0024 0.0014 0.0024 0.0046 0.0028 0.0022 0.0015 
        FW02  3 0.0018 0.0005 0.0005 0.0006 0.0008 0.0008 0.0013 0.0012 0.0012 0.0011 0.0018 0.0012 0.0021 0.0036 0.0024 0.9774 0.0015 
        FW03  3 0.0015 0.0006 0.0005 0.0007 0.9761 0.0008 0.0012 0.0015 0.0013 0.0011 0.0018 0.0011 0.0022 0.0037 0.0025 0.0022 0.0014 
        FW04  3 0.0018 0.0005 0.0005 0.0006 0.0008 0.0008 0.0013 0.0013 0.0012 0.0011 0.0018 0.0012 0.0021 0.0036 0.0024 0.9775 0.0015 
        FW05  3 0.0018 0.0006 0.0005 0.0006 0.0008 0.0008 0.0013 0.0012 0.0012 0.0011 0.0018 0.0012 0.0021 0.0036 0.0024 0.9775 0.0015 
        FW06  3 0.0019 0.0006 0.0005 0.0006 0.0008 0.0008 0.0013 0.0012 0.0012 0.0011 0.0018 0.0011 0.0022 0.0035 0.0024 0.9773 0.0015 
        FW07  3 0.0015 0.0006 0.0005 0.0007 0.9759 0.0008 0.0012 0.0015 0.0013 0.0011 0.0018 0.0011 0.0023 0.0037 0.0025 0.0021 0.0014 
        FW08  3 0.0018 0.0006 0.0005 0.0007 0.0008 0.0008 0.0013 0.0012 0.0012 0.0011 0.0018 0.0011 0.0021 0.0036 0.0023 0.9775 0.0015 
        FW09  3 0.0018 0.0005 0.0005 0.0006 0.0008 0.0008 0.0013 0.0012 0.0012 0.0011 0.0018 0.0012 0.0021 0.0036 0.0024 0.9774 0.0015 
        FW10  3 0.0015 0.0006 0.0006 0.0007 0.9758 0.0007 0.0013 0.0015 0.0013 0.0011 0.0019 0.0011 0.0023 0.0037 0.0024 0.0021 0.0014 
       FW100  3 0.0016 0.0006 0.0006 0.0007 0.9755 0.0008 0.0012 0.0015 0.0013 0.0011 0.0018 0.0011 0.0024 0.0037 0.0024 0.0024 0.0014 
       FW101  3 0.0015 0.0006 0.0006 0.0007 0.9757 0.0008 0.0012 0.0014 0.0013 0.0011 0.0019 0.0011 0.0023 0.0037 0.0024 0.0021 0.0014 
       FW102  3 0.0018 0.0006 0.0005 0.0007 0.0008 0.0008 0.0013 0.0012 0.0012 0.0011 0.0018 0.0012 0.0021 0.0036 0.0024 0.9775 0.0015 
       FW103  3 0.0019 0.0005 0.0005 0.0006 0.0008 0.0008 0.0013 0.0012 0.0012 0.0011 0.0018 0.0012 0.0021 0.0036 0.0024 0.9774 0.0015 
       FW104  3 0.0019 0.0007 0.0007 0.0008 0.9714 0.0007 0.0016 0.0018 0.0016 0.0013 0.0024 0.0013 0.0024 0.0046 0.0028 0.0023 0.0015 
       FW105  3 0.0015 0.0006 0.0006 0.0007 0.9759 0.0008 0.0012 0.0015 0.0013 0.0011 0.0019 0.0011 0.0023 0.0037 0.0024 0.0021 0.0014 
       FW106  3 0.7908 0.0354 0.0014 0.0017 0.0028 0.0026 0.0046 0.0045 0.0047 0.0081 0.0040 0.0016 0.0099 0.0171 0.0053 0.1002 0.0054 
       FW107  3 0.0018 0.0006 0.0007 0.0008 0.9716 0.0008 0.0016 0.0019 0.0016 0.0013 0.0025 0.0013 0.0024 0.0044 0.0028 0.0022 0.0016 
       FW108  3 0.0018 0.0005 0.0005 0.0007 0.0009 0.0008 0.0013 0.0012 0.0012 0.0011 0.0018 0.0012 0.0022 0.0036 0.0024 0.9774 0.0015 
       FW109  3 0.0015 0.0006 0.0006 0.0007 0.9758 0.0008 0.0013 0.0014 0.0013 0.0011 0.0019 0.0011 0.0023 0.0037 0.0025 0.0021 0.0014 
        FW11  3 0.0015 0.0006 0.0006 0.0007 0.9755 0.0008 0.0013 0.0014 0.0013 0.0011 0.0019 0.0011 0.0023 0.0037 0.0024 0.0024 0.0014 
       FW110  3 0.0015 0.0006 0.0005 0.0007 0.9760 0.0007 0.0012 0.0015 0.0013 0.0011 0.0018 0.0011 0.0023 0.0037 0.0025 0.0021 0.0014 
       FW111  3 0.0019 0.0005 0.0005 0.0006 0.0008 0.0008 0.0012 0.0012 0.0012 0.0011 0.0018 0.0011 0.0021 0.0035 0.0024 0.9775 0.0015 
       FW112  3 0.0016 0.0006 0.0006 0.0007 0.9755 0.0008 0.0013 0.0014 0.0013 0.0011 0.0019 0.0011 0.0023 0.0037 0.0024 0.0024 0.0014 
       FW113  3 0.0018 0.0005 0.0005 0.0006 0.0008 0.0008 0.0013 0.0012 0.0012 0.0011 0.0018 0.0011 0.0021 0.0036 0.0024 0.9775 0.0015 
       FW114  3 0.0017 0.0007 0.0006 0.0007 0.9672 0.0010 0.0016 0.0015 0.0014 0.0021 0.0023 0.0011 0.0051 0.0044 0.0037 0.0024 0.0026 
       FW115  3 0.0015 0.0006 0.0006 0.0007 0.9758 0.0008 0.0013 0.0014 0.0013 0.0011 0.0019 0.0011 0.0022 0.0037 0.0024 0.0021 0.0014 
       FW116  3 0.0019 0.0006 0.0005 0.0006 0.0009 0.0008 0.0012 0.0012 0.0012 0.0011 0.0018 0.0011 0.0021 0.0036 0.0024 0.9774 0.0015 
        FW12  3 0.0019 0.0005 0.0005 0.0006 0.0008 0.0008 0.0013 0.0012 0.0012 0.0011 0.0018 0.0012 0.0021 0.0035 0.0024 0.9774 0.0015 
        FW13  3 0.0019 0.0006 0.0005 0.0006 0.0009 0.0008 0.0013 0.0012 0.0012 0.0011 0.0018 0.0011 0.0022 0.0035 0.0024 0.9774 0.0015 
        FW14  3 0.0018 0.0007 0.0007 0.0008 0.9715 0.0008 0.0016 0.0019 0.0016 0.0013 0.0024 0.0013 0.0024 0.0046 0.0028 0.0022 0.0016 
        FW15  3 0.0019 0.0007 0.0007 0.0008 0.9717 0.0007 0.0016 0.0018 0.0015 0.0013 0.0024 0.0013 0.0024 0.0045 0.0028 0.0022 0.0016 
        FW16  3 0.0015 0.0006 0.0006 0.0006 0.9759 0.0008 0.0013 0.0014 0.0013 0.0011 0.0018 0.0011 0.0023 0.0037 0.0024 0.0021 0.0015 
        FW17  3 0.0015 0.0006 0.0006 0.0006 0.9758 0.0008 0.0013 0.0015 0.0013 0.0011 0.0019 0.0011 0.0023 0.0037 0.0024 0.0021 0.0014 
        FW18  3 0.0015 0.0006 0.0006 0.0006 0.9754 0.0008 0.0012 0.0015 0.0013 0.0011 0.0019 0.0011 0.0023 0.0038 0.0025 0.0024 0.0014 
        FW19  3 0.0018 0.0005 0.0005 0.0006 0.0008 0.0008 0.0013 0.0012 0.0012 0.0011 0.0018 0.0012 0.0021 0.0036 0.0023 0.9774 0.0015 
        FW20  3 0.0018 0.0005 0.0005 0.0007 0.0008 0.0009 0.0013 0.0012 0.0012 0.0011 0.0018 0.0012 0.0021 0.0035 0.0024 0.9773 0.0016 
        FW21  3 0.0019 0.0005 0.0006 0.0006 0.0008 0.0008 0.0013 0.0012 0.0012 0.0011 0.0018 0.0011 0.0021 0.0035 0.0024 0.9775 0.0015 
        FW22  3 0.0016 0.0006 0.0006 0.0007 0.9755 0.0007 0.0012 0.0015 0.0013 0.0011 0.0019 0.0011 0.0023 0.0037 0.0025 0.0024 0.0014 
        FW23  3 0.0018 0.0005 0.0005 0.0006 0.0008 0.0009 0.0013 0.0012 0.0012 0.0011 0.0018 0.0012 0.0021 0.0036 0.0024 0.9775 0.0015 
        FW24  3 0.0018 0.0006 0.0005 0.0006 0.0008 0.0008 0.0013 0.0012 0.0012 0.0011 0.0018 0.0012 0.0021 0.0035 0.0024 0.9775 0.0015 
        FW25  3 0.0018 0.0006 0.0005 0.0006 0.0008 0.0008 0.0012 0.0013 0.0012 0.0011 0.0018 0.0011 0.0021 0.0035 0.0023 0.9776 0.0015 
        FW26  3 0.0018 0.0006 0.0005 0.0006 0.0009 0.0008 0.0013 0.0012 0.0012 0.0011 0.0018 0.0011 0.0021 0.0036 0.0024 0.9774 0.0015 
        FW27  3 0.0015 0.0006 0.0005 0.0007 0.9760 0.0008 0.0012 0.0015 0.0013 0.0011 0.0019 0.0011 0.0023 0.0037 0.0024 0.0021 0.0014 
        FW28  3 0.0019 0.0005 0.0005 0.0006 0.0008 0.0009 0.0013 0.0012 0.0012 0.0011 0.0018 0.0012 0.0022 0.0036 0.0024 0.9772 0.0015 
        FW29  3 0.0018 0.0005 0.0005 0.0006 0.0008 0.0008 0.0013 0.0012 0.0012 0.0011 0.0018 0.0012 0.0021 0.0036 0.0024 0.9773 0.0015 
        FW30  3 0.7913 0.0358 0.0014 0.0018 0.0027 0.0025 0.0046 0.0045 0.0045 0.0081 0.0040 0.0017 0.0097 0.0170 0.0052 0.0999 0.0055 
        FW32  3 0.0018 0.0007 0.0007 0.0008 0.9715 0.0007 0.0016 0.0018 0.0016 0.0013 0.0025 0.0013 0.0024 0.0045 0.0029 0.0022 0.0016 
        FW33  3 0.0061 0.0005 0.0006 0.0006 0.0009 0.0070 0.0045 0.0012 0.0012 0.0019 0.0018 0.0012 0.0033 0.0036 0.0028 0.9580 0.0049 
        FW34  3 0.0018 0.0006 0.0005 0.0006 0.0009 0.0008 0.0013 0.0012 0.0012 0.0011 0.0018 0.0012 0.0021 0.0035 0.0024 0.9774 0.0015 
        FW35  3 0.0018 0.0005 0.0005 0.0007 0.0008 0.0008 0.0013 0.0012 0.0012 0.0011 0.0018 0.0012 0.0021 0.0036 0.0024 0.9774 0.0015 
        FW36  3 0.0018 0.0005 0.0005 0.0006 0.0008 0.0008 0.0013 0.0012 0.0012 0.0011 0.0018 0.0012 0.0021 0.0036 0.0024 0.9775 0.0015 
        FW37  3 0.0015 0.0006 0.0006 0.0007 0.9759 0.0007 0.0012 0.0014 0.0013 0.0011 0.0018 0.0011 0.0023 0.0037 0.0025 0.0021 0.0014 
        FW51  3 0.0018 0.0005 0.0005 0.0006 0.0008 0.0008 0.0013 0.0012 0.0012 0.0011 0.0018 0.0011 0.0021 0.0036 0.0024 0.9775 0.0016 
        FW52  3 0.0015 0.0006 0.0006 0.0007 0.9758 0.0008 0.0013 0.0015 0.0013 0.0011 0.0018 0.0011 0.0023 0.0037 0.0024 0.0021 0.0015 
        FW53  3 0.0018 0.0005 0.0005 0.0007 0.0008 0.0008 0.0013 0.0012 0.0012 0.0011 0.0018 0.0012 0.0022 0.0036 0.0024 0.9774 0.0015 
        FW54  3 0.0015 0.0006 0.0006 0.0007 0.9759 0.0008 0.0012 0.0015 0.0013 0.0011 0.0018 0.0011 0.0023 0.0037 0.0025 0.0022 0.0015 
        FW55  3 0.0018 0.0005 0.0006 0.0007 0.0008 0.0008 0.0012 0.0012 0.0012 0.0011 0.0018 0.0012 0.0021 0.0036 0.0024 0.9773 0.0015 
        FW56  3 0.0018 0.0006 0.0005 0.0006 0.0009 0.0008 0.0013 0.0012 0.0012 0.0011 0.0018 0.0012 0.0021 0.0035 0.0024 0.9774 0.0015 
        FW57  3 0.0019 0.0005 0.0005 0.0006 0.0008 0.0008 0.0013 0.0012 0.0012 0.0011 0.0018 0.0012 0.0022 0.0036 0.0024 0.9772 0.0015 
        FW78  3 0.0018 0.0005 0.0005 0.0006 0.0008 0.0008 0.0013 0.0013 0.0012 0.0011 0.0018 0.0012 0.0021 0.0036 0.0024 0.9773 0.0015 
        FW79  3 0.0019 0.0006 0.0005 0.0007 0.0008 0.0008 0.0013 0.0012 0.0012 0.0011 0.0018 0.0011 0.0021 0.0035 0.0024 0.9774 0.0015 
        FW80  3 0.0018 0.0006 0.0005 0.0006 0.0008 0.0009 0.0013 0.0012 0.0012 0.0011 0.0018 0.0011 0.0022 0.0036 0.0024 0.9774 0.0015 
        FW81  3 0.0015 0.0006 0.0005 0.0007 0.9760 0.0007 0.0012 0.0015 0.0012 0.0011 0.0018 0.0011 0.0023 0.0037 0.0025 0.0021 0.0014 
        FW82  3 0.0015 0.0006 0.0006 0.0007 0.9758 0.0008 0.0012 0.0015 0.0013 0.0011 0.0019 0.0011 0.0023 0.0037 0.0024 0.0021 0.0014 
        FW83  3 0.0019 0.0007 0.0007 0.0008 0.9716 0.0007 0.0017 0.0018 0.0016 0.0013 0.0024 0.0013 0.0024 0.0046 0.0028 0.0022 0.0015 
        FW84  3 0.0018 0.0006 0.0005 0.0006 0.0009 0.0008 0.0013 0.0012 0.0012 0.0011 0.0018 0.0011 0.0022 0.0036 0.0023 0.9775 0.0015 
        FW85  3 0.0016 0.0083 0.0007 0.0007 0.9379 0.0008 0.0061 0.0082 0.0013 0.0011 0.0019 0.0011 0.0084 0.0038 0.0135 0.0033 0.0015 
        FW86  3 0.0015 0.0006 0.0006 0.0007 0.9755 0.0008 0.0012 0.0014 0.0013 0.0011 0.0018 0.0011 0.0023 0.0037 0.0024 0.0024 0.0015 
        FW87  3 0.0016 0.0006 0.0006 0.0007 0.9754 0.0007 0.0013 0.0014 0.0013 0.0011 0.0018 0.0011 0.0023 0.0037 0.0025 0.0025 0.0014 
        FW88  3 0.0018 0.0005 0.0005 0.0007 0.0008 0.0008 0.0013 0.0012 0.0012 0.0011 0.0018 0.0011 0.0021 0.0036 0.0024 0.9774 0.0015 
        FW89  3 0.0018 0.0005 0.0005 0.0006 0.0009 0.0008 0.0013 0.0012 0.0012 0.0011 0.0018 0.0012 0.0021 0.0036 0.0024 0.9774 0.0015 
        FW90  3 0.0018 0.0005 0.0005 0.0006 0.0009 0.0008 0.0013 0.0012 0.0012 0.0011 0.0018 0.0012 0.0021 0.0036 0.0024 0.9773 0.0015 
        FW91  3 0.0015 0.0006 0.0006 0.0007 0.9760 0.0007 0.0013 0.0015 0.0013 0.0011 0.0018 0.0011 0.0023 0.0037 0.0024 0.0021 0.0014 
        FW92  3 0.0018 0.0005 0.0005 0.0007 0.0009 0.0008 0.0013 0.0012 0.0012 0.0011 0.0018 0.0011 0.0021 0.0036 0.0024 0.9775 0.0015 
        FW93  3 0.0018 0.0006 0.0005 0.0006 0.0009 0.0009 0.0013 0.0012 0.0012 0.0011 0.0018 0.0012 0.0021 0.0035 0.0024 0.9774 0.0015 
        FW94  3 0.0015 0.0006 0.0006 0.0007 0.9758 0.0008 0.0013 0.0014 0.0013 0.0011 0.0018 0.0011 0.0023 0.0037 0.0024 0.0021 0.0015 
        FW95  3 0.0019 0.0005 0.0005 0.0006 0.0008 0.0008 0.0013 0.0012 0.0012 0.0011 0.0018 0.0012 0.0022 0.0036 0.0024 0.9773 0.0015 
        FW96  3 0.0018 0.0006 0.0005 0.0006 0.0008 0.0008 0.0013 0.0012 0.0012 0.0011 0.0018 0.0011 0.0021 0.0035 0.0024 0.9775 0.0015 
        FW97  3 0.8897 0.0011 0.0009 0.0036 0.0077 0.0023 0.0018 0.0029 0.0035 0.0046 0.0053 0.0046 0.0056 0.0249 0.0062 0.0331 0.0022 
        FW98  3 0.0015 0.0006 0.0005 0.0007 0.9759 0.0008 0.0013 0.0015 0.0012 0.0011 0.0018 0.0011 0.0023 0.0037 0.0025 0.0021 0.0014 
        FW99  3 0.0018 0.0006 0.0005 0.0007 0.0009 0.0008 0.0013 0.0012 0.0012 0.0011 0.0018 0.0012 0.0021 0.0036 0.0024 0.9774 0.0015 
       Cal01  3 0.7110 0.0010 0.0010 0.0010 0.0011 0.0010 0.0019 0.0020 0.0052 0.0030 0.0102 0.0019 0.0049 0.0047 0.0049 0.2428 0.0024 
       Cal02  3 0.9536 0.0012 0.0009 0.0010 0.0024 0.0022 0.0026 0.0023 0.0016 0.0022 0.0033 0.0017 0.0048 0.0068 0.0044 0.0065 0.0025 
       Cal03  3 0.8291 0.0016 0.0016 0.0007 0.0641 0.0011 0.0020 0.0029 0.0025 0.0020 0.0032 0.0010 0.0043 0.0078 0.0079 0.0661 0.0019 
       Cal04  3 0.9278 0.0013 0.0008 0.0048 0.0020 0.0015 0.0044 0.0028 0.0020 0.0017 0.0035 0.0016 0.0079 0.0087 0.0253 0.0022 0.0018 
       Cal05  3 0.9137 0.0006 0.0005 0.0008 0.0049 0.0009 0.0012 0.0016 0.0012 0.0012 0.0021 0.0010 0.0048 0.0044 0.0030 0.0146 0.0435 
       Cal06  3 0.9205 0.0012 0.0010 0.0007 0.0010 0.0032 0.0023 0.0019 0.0021 0.0020 0.0034 0.0029 0.0132 0.0064 0.0273 0.0080 0.0028 
       Cal07  3 0.9166 0.0007 0.0005 0.0006 0.0014 0.0010 0.0016 0.0014 0.0014 0.0015 0.0020 0.0012 0.0132 0.0049 0.0038 0.0321 0.0161 
       Cal08  3 0.8613 0.0014 0.0010 0.0022 0.0102 0.0016 0.0022 0.0026 0.0029 0.0029 0.0081 0.0038 0.0051 0.0068 0.0333 0.0482 0.0063 
       Cal09  3 0.8830 0.0007 0.0038 0.0013 0.0024 0.0012 0.0029 0.0027 0.0016 0.0016 0.0029 0.0016 0.0159 0.0053 0.0034 0.0306 0.0391 
       Cal10  3 0.9496 0.0014 0.0008 0.0012 0.0028 0.0011 0.0024 0.0023 0.0028 0.0035 0.0041 0.0013 0.0058 0.0064 0.0085 0.0034 0.0025 
       Cal11  3 0.8791 0.0011 0.0012 0.0021 0.0094 0.0017 0.0044 0.0020 0.0023 0.0022 0.0047 0.0300 0.0112 0.0117 0.0077 0.0258 0.0035 
      Cal197  3 0.6374 0.0007 0.0006 0.0006 0.0011 0.0027 0.0023 0.0013 0.0025 0.0025 0.0018 0.0011 0.0067 0.0053 0.0174 0.3129 0.0029 
      Cal198  3 0.8124 0.0009 0.0010 0.0018 0.0289 0.0054 0.0024 0.0017 0.0452 0.0023 0.0040 0.0013 0.0369 0.0189 0.0135 0.0108 0.0128 
      Cal199  3 0.9296 0.0010 0.0008 0.0236 0.0017 0.0008 0.0016 0.0022 0.0030 0.0015 0.0039 0.0013 0.0030 0.0115 0.0042 0.0087 0.0015 
      Cal200  3 0.8949 0.0060 0.0006 0.0006 0.0045 0.0009 0.0053 0.0026 0.0019 0.0016 0.0041 0.0023 0.0114 0.0067 0.0075 0.0472 0.0018 
      Cal201  3 0.8693 0.0008 0.0008 0.0007 0.0040 0.0014 0.0031 0.0013 0.0014 0.0046 0.0021 0.0015 0.0084 0.0046 0.0035 0.0884 0.0042 
      Cal202  3 0.9025 0.0029 0.0013 0.0053 0.0021 0.0013 0.0108 0.0101 0.0122 0.0054 0.0072 0.0015 0.0053 0.0041 0.0041 0.0122 0.0117 
      Cal203  3 0.9553 0.0009 0.0007 0.0011 0.0075 0.0014 0.0018 0.0019 0.0019 0.0018 0.0029 0.0031 0.0035 0.0061 0.0041 0.0040 0.0018 
      Cal204  3 0.9603 0.0009 0.0011 0.0008 0.0009 0.0029 0.0015 0.0022 0.0019 0.0020 0.0036 0.0017 0.0037 0.0054 0.0036 0.0047 0.0029 
      Cal205  3 0.9592 0.0016 0.0014 0.0010 0.0019 0.0016 0.0023 0.0018 0.0020 0.0026 0.0031 0.0010 0.0050 0.0042 0.0032 0.0061 0.0019 
      Cal206  3 0.9408 0.0012 0.0012 0.0009 0.0042 0.0012 0.0041 0.0034 0.0020 0.0024 0.0024 0.0014 0.0035 0.0095 0.0055 0.0139 0.0023 
      Cal207  3 0.9409 0.0006 0.0008 0.0007 0.0008 0.0009 0.0018 0.0015 0.0037 0.0022 0.0033 0.0012 0.0047 0.0213 0.0033 0.0095 0.0029 
      Cal208  3 0.9413 0.0007 0.0010 0.0012 0.0113 0.0009 0.0024 0.0019 0.0027 0.0018 0.0046 0.0018 0.0032 0.0061 0.0057 0.0104 0.0028 
      Cal209  3 0.9474 0.0007 0.0006 0.0010 0.0018 0.0009 0.0019 0.0018 0.0014 0.0015 0.0023 0.0014 0.0033 0.0046 0.0027 0.0241 0.0026 
      Cal210  3 0.9294 0.0009 0.0008 0.0241 0.0017 0.0009 0.0016 0.0022 0.0030 0.0015 0.0038 0.0014 0.0030 0.0115 0.0042 0.0085 0.0015 
      Cal211  3 0.8968 0.0011 0.0007 0.0008 0.0010 0.0009 0.0018 0.0014 0.0014 0.0015 0.0021 0.0014 0.0047 0.0069 0.0045 0.0684 0.0044 
      Cal212  3 0.9403 0.0030 0.0009 0.0011 0.0039 0.0009 0.0017 0.0020 0.0016 0.0016 0.0026 0.0012 0.0046 0.0111 0.0061 0.0150 0.0025 
      Cal213  3 0.7015 0.0026 0.0008 0.0011 0.0867 0.0009 0.0033 0.0020 0.0271 0.0060 0.0026 0.0010 0.0639 0.0255 0.0186 0.0518 0.0048 
      Cal214  3 0.9244 0.0008 0.0020 0.0191 0.0017 0.0098 0.0045 0.0022 0.0049 0.0105 0.0022 0.0014 0.0040 0.0045 0.0044 0.0020 0.0014 
      Cal215  3 0.9312 0.0010 0.0011 0.0032 0.0022 0.0013 0.0024 0.0042 0.0022 0.0022 0.0063 0.0020 0.0049 0.0075 0.0050 0.0205 0.0027 
      Cal216  3 0.7538 0.0012 0.0016 0.0006 0.0078 0.0012 0.0031 0.0025 0.0033 0.0023 0.0032 0.0019 0.0061 0.0124 0.0048 0.1695 0.0246 
      Cal217  3 0.9503 0.0006 0.0006 0.0006 0.0018 0.0017 0.0021 0.0013 0.0016 0.0018 0.0024 0.0014 0.0051 0.0042 0.0041 0.0163 0.0041 
      Cal218  3 0.8842 0.0019 0.0008 0.0011 0.0059 0.0008 0.0019 0.0019 0.0015 0.0016 0.0021 0.0012 0.0052 0.0101 0.0054 0.0718 0.0026 
      Cal219  3 0.9245 0.0010 0.0016 0.0012 0.0046 0.0010 0.0037 0.0018 0.0015 0.0027 0.0044 0.0017 0.0046 0.0089 0.0045 0.0299 0.0022 
      Cal220  3 0.9134 0.0072 0.0023 0.0035 0.0014 0.0047 0.0042 0.0015 0.0045 0.0034 0.0101 0.0047 0.0052 0.0115 0.0056 0.0116 0.0052 
      Cal221  3 0.9373 0.0008 0.0005 0.0018 0.0048 0.0008 0.0016 0.0019 0.0025 0.0015 0.0021 0.0012 0.0043 0.0113 0.0057 0.0198 0.0022 
      Cal222  3 0.9487 0.0009 0.0006 0.0049 0.0026 0.0009 0.0016 0.0020 0.0025 0.0015 0.0029 0.0014 0.0047 0.0101 0.0046 0.0078 0.0022 
      Cal223  3 0.7883 0.0013 0.0034 0.0022 0.0043 0.0032 0.0033 0.0019 0.0155 0.0044 0.0100 0.0029 0.1109 0.0126 0.0110 0.0076 0.0172 
      Cal224  3 0.8809 0.0011 0.0007 0.0010 0.0011 0.0037 0.0016 0.0086 0.0381 0.0021 0.0085 0.0028 0.0036 0.0229 0.0039 0.0037 0.0156 
       Cal33  3 0.9575 0.0009 0.0007 0.0009 0.0026 0.0009 0.0030 0.0017 0.0014 0.0025 0.0031 0.0012 0.0042 0.0067 0.0049 0.0049 0.0029 
       Cal34  3 0.9441 0.0007 0.0064 0.0010 0.0036 0.0052 0.0016 0.0026 0.0039 0.0024 0.0025 0.0013 0.0080 0.0049 0.0031 0.0043 0.0044 
       Cal35  3 0.9620 0.0013 0.0008 0.0007 0.0013 0.0009 0.0017 0.0018 0.0013 0.0018 0.0046 0.0012 0.0053 0.0044 0.0036 0.0052 0.0021 
       Cal37  3 0.9047 0.0043 0.0040 0.0008 0.0018 0.0012 0.0068 0.0019 0.0013 0.0025 0.0046 0.0012 0.0141 0.0150 0.0196 0.0055 0.0108 
       Cal38  3 0.6630 0.0008 0.0009 0.0010 0.0009 0.0008 0.0016 0.0012 0.0014 0.0016 0.0028 0.0014 0.0041 0.0045 0.0051 0.3059 0.0031 
       Cal39  3 0.8779 0.0006 0.0007 0.0016 0.0322 0.0008 0.0022 0.0031 0.0014 0.0017 0.0045 0.0017 0.0047 0.0078 0.0032 0.0510 0.0048 
       Cal40  3 0.9475 0.0007 0.0007 0.0010 0.0018 0.0009 0.0019 0.0018 0.0013 0.0015 0.0023 0.0014 0.0034 0.0046 0.0027 0.0242 0.0026 
       Cal41  3 0.9601 0.0007 0.0006 0.0010 0.0020 0.0010 0.0016 0.0018 0.0013 0.0014 0.0023 0.0014 0.0044 0.0049 0.0030 0.0099 0.0026 
       Cal42  3 0.9622 0.0007 0.0009 0.0012 0.0013 0.0009 0.0022 0.0020 0.0015 0.0019 0.0025 0.0021 0.0029 0.0059 0.0032 0.0070 0.0017 
       Cal43  3 0.9547 0.0008 0.0008 0.0010 0.0022 0.0009 0.0021 0.0015 0.0019 0.0021 0.0027 0.0014 0.0042 0.0093 0.0053 0.0054 0.0038 
       Cal44  3 0.8809 0.0137 0.0007 0.0013 0.0074 0.0013 0.0020 0.0023 0.0035 0.0018 0.0045 0.0020 0.0053 0.0131 0.0068 0.0517 0.0018 
        BW41  3 0.9000 0.0015 0.0009 0.0018 0.0015 0.0024 0.0086 0.0315 0.0044 0.0030 0.0039 0.0019 0.0050 0.0147 0.0041 0.0102 0.0047 
        BW42  3 0.8980 0.0009 0.0007 0.0009 0.0338 0.0009 0.0022 0.0019 0.0022 0.0163 0.0027 0.0017 0.0056 0.0157 0.0076 0.0063 0.0025 
        BW44  3 0.9519 0.0010 0.0006 0.0008 0.0021 0.0008 0.0026 0.0014 0.0021 0.0017 0.0023 0.0018 0.0075 0.0065 0.0040 0.0062 0.0066 
        BW45  3 0.9537 0.0007 0.0006 0.0007 0.0014 0.0008 0.0016 0.0012 0.0012 0.0015 0.0018 0.0013 0.0066 0.0041 0.0028 0.0184 0.0017 
        BW46  3 0.9072 0.0011 0.0045 0.0008 0.0309 0.0010 0.0047 0.0033 0.0053 0.0020 0.0032 0.0013 0.0038 0.0056 0.0042 0.0190 0.0020 
        BW47  3 0.8758 0.0079 0.0006 0.0007 0.0016 0.0051 0.0015 0.0084 0.0014 0.0022 0.0105 0.0012 0.0114 0.0358 0.0039 0.0269 0.0050 
        BW48  3 0.9081 0.0011 0.0010 0.0023 0.0086 0.0025 0.0037 0.0042 0.0021 0.0024 0.0141 0.0026 0.0073 0.0138 0.0059 0.0166 0.0037 
        BW49  3 0.8877 0.0006 0.0009 0.0008 0.0009 0.0009 0.0021 0.0015 0.0015 0.0017 0.0047 0.0020 0.0090 0.0074 0.0032 0.0269 0.0482 
        BW50  3 0.9515 0.0007 0.0006 0.0009 0.0052 0.0013 0.0020 0.0024 0.0019 0.0018 0.0025 0.0015 0.0038 0.0065 0.0043 0.0107 0.0023 
        BW51  3 0.7465 0.0006 0.0008 0.0010 0.0152 0.0009 0.0028 0.0016 0.0018 0.0017 0.0028 0.0014 0.0331 0.0051 0.0034 0.1794 0.0019 
        BW52  3 0.9533 0.0007 0.0008 0.0010 0.0031 0.0011 0.0021 0.0016 0.0017 0.0016 0.0027 0.0086 0.0045 0.0051 0.0043 0.0054 0.0024 
        BW53  3 0.9292 0.0106 0.0029 0.0007 0.0018 0.0010 0.0031 0.0019 0.0026 0.0024 0.0021 0.0012 0.0067 0.0172 0.0079 0.0064 0.0023 
        BW54  3 0.7969 0.0228 0.0008 0.0020 0.0053 0.0042 0.0039 0.0069 0.0019 0.0017 0.0064 0.0019 0.0141 0.1068 0.0080 0.0115 0.0048 
