        TC01  1 0.0019 0.0010 0.0011 0.0025 0.0010 0.0101 0.0072 0.0013 0.0034 0.0094 0.0073 0.0088 0.0027 0.0040 0.0091 0.0029 0.0036 0.7741 0.0328 0.0043 0.0086 0.0006 0.0838 0.0187 
        TC02  1 0.0017 0.0010 0.0009 0.0015 0.0013 0.0032 0.0035 0.0022 0.0048 0.0058 0.0022 0.0118 0.0037 0.0030 0.0125 0.0033 0.0061 0.8255 0.0162 0.0088 0.0066 0.0015 0.0511 0.0219 
        TC03  1 0.0015 0.0011 0.0015 0.0014 0.0014 0.0019 0.0038 0.0019 0.0047 0.0109 0.0038 0.0061 0.0033 0.0057 0.0041 0.0031 0.0068 0.8326 0.0114 0.0048 0.0046 0.0010 0.0376 0.0449 
        TC04  1 0.0010 0.0010 0.0009 0.0014 0.0011 0.0025 0.0031 0.0062 0.0027 0.0126 0.0031 0.0318 0.0420 0.0048 0.0140 0.0045 0.0068 0.6570 0.0138 0.0119 0.0146 0.0023 0.0806 0.0802 
        TC05  1 0.0008 0.0015 0.0048 0.0010 0.0012 0.0013 0.0020 0.0132 0.0038 0.0036 0.0040 0.0061 0.0113 0.0028 0.0041 0.0022 0.0099 0.8236 0.0192 0.0085 0.0100 0.0007 0.0318 0.0325 
        TC06  1 0.0020 0.0011 0.0036 0.0010 0.0010 0.0016 0.0026 0.0018 0.0059 0.0079 0.0046 0.0122 0.0025 0.0028 0.0080 0.0021 0.0160 0.7021 0.0457 0.0074 0.0052 0.0006 0.0251 0.1373 
        TC07  1 0.0011 0.0007 0.0011 0.0008 0.0017 0.0047 0.0019 0.0017 0.0021 0.0039 0.0035 0.0043 0.0219 0.0027 0.0064 0.0016 0.0041 0.8075 0.0095 0.0103 0.0383 0.0009 0.0404 0.0287 
        TC08  1 0.0008 0.0033 0.0010 0.0014 0.0017 0.0017 0.0028 0.0023 0.0032 0.0032 0.0057 0.0218 0.0072 0.0020 0.0061 0.0024 0.0073 0.8016 0.0392 0.0075 0.0254 0.0005 0.0221 0.0299 
        TC09  1 0.0145 0.0007 0.0009 0.0018 0.0008 0.0015 0.0016 0.0026 0.0031 0.0049 0.0085 0.0618 0.0078 0.0046 0.0078 0.0022 0.0073 0.7113 0.0249 0.0038 0.0064 0.0007 0.0344 0.0859 
        TC10  1 0.0229 0.0008 0.0009 0.0007 0.0009 0.0057 0.0112 0.0015 0.0028 0.0037 0.0030 0.0044 0.0023 0.0181 0.0042 0.0051 0.0059 0.7803 0.0242 0.0301 0.0038 0.0006 0.0285 0.0386 
        TC11  1 0.0013 0.0013 0.0025 0.0008 0.0015 0.0051 0.0033 0.0015 0.0026 0.0053 0.0024 0.0053 0.0028 0.0028 0.0037 0.0020 0.0022 0.8030 0.1088 0.0050 0.0042 0.0007 0.0169 0.0152 
        TC12  1 0.0012 0.0010 0.0011 0.0034 0.0018 0.0043 0.0049 0.0025 0.0084 0.0111 0.0033 0.0110 0.0030 0.0039 0.0060 0.0023 0.0042 0.7348 0.0113 0.0083 0.0094 0.0006 0.1071 0.0552 
        TC13  1 0.0033 0.0012 0.0011 0.0013 0.0009 0.0016 0.0029 0.0014 0.0021 0.0036 0.0045 0.0097 0.0027 0.0023 0.0037 0.0023 0.0038 0.8411 0.0436 0.0065 0.0045 0.0011 0.0199 0.0348 
        TC14  1 0.0075 0.0014 0.0011 0.0030 0.0026 0.0028 0.0039 0.0017 0.0035 0.0081 0.0061 0.0154 0.0096 0.0051 0.0042 0.0025 0.0231 0.6497 0.0356 0.0047 0.0038 0.0022 0.0287 0.1736 
        TC15  1 0.0050 0.0007 0.0026 0.0017 0.0011 0.0013 0.0033 0.0020 0.0026 0.0056 0.0062 0.0206 0.0071 0.0047 0.0059 0.0027 0.0068 0.7463 0.0123 0.0073 0.0036 0.0041 0.0270 0.1198 
        TC16  1 0.0185 0.0040 0.0021 0.0025 0.0025 0.0017 0.0028 0.0029 0.0055 0.0073 0.0031 0.0991 0.0025 0.0034 0.0075 0.0030 0.0076 0.6606 0.0182 0.0081 0.0201 0.0007 0.0468 0.0695 
        TC17  1 0.0315 0.0018 0.0115 0.0058 0.0031 0.0048 0.0051 0.0059 0.0085 0.0101 0.0080 0.0269 0.0041 0.0053 0.1213 0.0046 0.0065 0.5205 0.0474 0.0102 0.0083 0.0006 0.0354 0.1127 
        TC18  1 0.0023 0.0007 0.0008 0.0015 0.0026 0.0036 0.0104 0.0558 0.0084 0.0258 0.0022 0.0064 0.0031 0.0053 0.0052 0.0073 0.0030 0.7154 0.0628 0.0066 0.0094 0.0007 0.0225 0.0381 
        TC19  1 0.0107 0.0009 0.0008 0.0010 0.0011 0.0019 0.0036 0.0013 0.0053 0.0039 0.0019 0.0430 0.0018 0.0032 0.0034 0.0021 0.0029 0.7535 0.0894 0.0067 0.0154 0.0007 0.0230 0.0223 
        TC20  1 0.0033 0.0011 0.0010 0.0013 0.0012 0.0016 0.0055 0.0100 0.0023 0.0129 0.0034 0.0165 0.0030 0.0024 0.0035 0.0017 0.0039 0.8465 0.0148 0.0071 0.0045 0.0010 0.0218 0.0297 
        TC21  1 0.0010 0.0008 0.0040 0.0664 0.0062 0.0064 0.0036 0.0026 0.0050 0.0347 0.0021 0.0147 0.0109 0.0125 0.0181 0.0029 0.0029 0.6395 0.0178 0.0072 0.0539 0.0011 0.0409 0.0449 
        TC22  1 0.0008 0.0011 0.0010 0.0020 0.0010 0.0022 0.0110 0.0025 0.0091 0.0037 0.0031 0.0102 0.0021 0.0074 0.0040 0.0040 0.0076 0.7412 0.0467 0.0228 0.0065 0.0026 0.0483 0.0590 
        TC23  1 0.0016 0.0011 0.0008 0.0009 0.0013 0.0066 0.0043 0.0011 0.0071 0.0068 0.0032 0.0062 0.0049 0.0043 0.0037 0.0022 0.0070 0.7782 0.0636 0.0043 0.0090 0.0011 0.0411 0.0397 
        TC24  1 0.0025 0.0017 0.0009 0.0008 0.0018 0.0011 0.0018 0.0021 0.0025 0.0027 0.0020 0.0059 0.0024 0.0029 0.0036 0.0031 0.0026 0.8999 0.0164 0.0042 0.0038 0.0005 0.0146 0.0202 
        TC25  1 0.0052 0.0013 0.0011 0.0019 0.0015 0.0164 0.0022 0.0017 0.0048 0.0228 0.0024 0.0063 0.0021 0.0123 0.0066 0.0022 0.0052 0.6402 0.0188 0.0062 0.0045 0.0020 0.0544 0.1778 
        TC26  1 0.0179 0.0009 0.0009 0.0014 0.0013 0.0014 0.0021 0.0013 0.0040 0.0034 0.0039 0.0067 0.0030 0.0027 0.0101 0.0018 0.0179 0.7801 0.0135 0.0060 0.0060 0.0007 0.0345 0.0784 
        TC27  1 0.0013 0.0077 0.0219 0.0024 0.0016 0.0018 0.0381 0.0032 0.0027 0.0046 0.0041 0.0053 0.0031 0.0029 0.0559 0.0040 0.0034 0.6158 0.0824 0.0058 0.0083 0.0014 0.0181 0.1040 
        TC28  1 0.0026 0.0018 0.0013 0.0013 0.0012 0.0022 0.0026 0.0027 0.0026 0.0049 0.0025 0.0054 0.0025 0.0037 0.0084 0.0025 0.0036 0.8008 0.0142 0.0135 0.0044 0.0012 0.0493 0.0648 
        TC29  1 0.0028 0.0044 0.0016 0.0014 0.0040 0.0028 0.0019 0.0663 0.0062 0.0083 0.0065 0.0149 0.0027 0.0048 0.0042 0.0019 0.0029 0.6566 0.0382 0.0046 0.0068 0.0021 0.0319 0.1223 
        TC30  1 0.0023 0.0009 0.0026 0.0014 0.0013 0.0018 0.0030 0.0020 0.0042 0.0039 0.0034 0.0203 0.0029 0.0055 0.0057 0.0020 0.0041 0.7558 0.0973 0.0063 0.0072 0.0006 0.0204 0.0451 
        TC31  1 0.0013 0.0012 0.0009 0.0027 0.0023 0.0185 0.0072 0.0024 0.0208 0.0193 0.0023 0.0116 0.0052 0.0105 0.0037 0.0045 0.0033 0.7303 0.0768 0.0201 0.0103 0.0009 0.0220 0.0221 
        TC32  1 0.0028 0.0011 0.0013 0.0008 0.0011 0.0023 0.0021 0.0027 0.0025 0.0049 0.0036 0.0062 0.0035 0.0064 0.0152 0.0024 0.0042 0.6193 0.0341 0.0362 0.0056 0.0015 0.0730 0.1672 
        TC33  1 0.0015 0.0012 0.0011 0.0014 0.0036 0.0116 0.0039 0.0034 0.0047 0.0058 0.0063 0.0052 0.0052 0.0040 0.0042 0.0062 0.0053 0.7924 0.0425 0.0053 0.0049 0.0009 0.0379 0.0416 
        TC34  1 0.0025 0.0007 0.0015 0.0013 0.0037 0.0018 0.0044 0.0034 0.0072 0.0051 0.0105 0.0165 0.0056 0.0030 0.0056 0.0020 0.0048 0.6763 0.0520 0.0088 0.0046 0.0007 0.0251 0.1529 
        TC35  1 0.0026 0.0016 0.0022 0.0020 0.0012 0.0093 0.0069 0.0035 0.0060 0.0141 0.0033 0.0295 0.0058 0.0029 0.0167 0.0025 0.0031 0.7603 0.0265 0.0339 0.0093 0.0007 0.0165 0.0396 
        TC36  1 0.0021 0.0012 0.0018 0.0018 0.0012 0.0019 0.0036 0.0049 0.0028 0.0044 0.0029 0.0104 0.0038 0.0047 0.0334 0.0020 0.0033 0.7928 0.0280 0.0064 0.0047 0.0011 0.0526 0.0280 
        TC37  1 0.0011 0.0018 0.0028 0.0014 0.0025 0.0022 0.0030 0.0016 0.0031 0.0058 0.0036 0.0084 0.0080 0.0037 0.0052 0.0019 0.0054 0.7245 0.1482 0.0170 0.0040 0.0008 0.0312 0.0127 
        TC38  1 0.0062 0.0008 0.0010 0.0014 0.0013 0.0031 0.0020 0.0034 0.0059 0.0429 0.0024 0.1041 0.0032 0.0032 0.0062 0.0020 0.0054 0.6347 0.0505 0.0044 0.0144 0.0006 0.0428 0.0582 
        TC39  1 0.0278 0.0008 0.0015 0.0024 0.0014 0.0021 0.0022 0.0036 0.0042 0.0072 0.0044 0.0157 0.0032 0.0034 0.0081 0.0017 0.0162 0.6441 0.0596 0.0127 0.0047 0.0006 0.0183 0.1539 
        TC40  1 0.0038 0.0058 0.0022 0.0017 0.0063 0.0024 0.0041 0.0030 0.0061 0.0053 0.0046 0.0072 0.0022 0.0079 0.0051 0.0040 0.0062 0.7127 0.0303 0.0088 0.0046 0.0007 0.0318 0.1332 
        TC41  1 0.0016 0.0036 0.0016 0.0008 0.0010 0.0017 0.0023 0.0023 0.0186 0.0043 0.0067 0.0051 0.0039 0.0057 0.0079 0.0077 0.0037 0.8172 0.0298 0.0189 0.0047 0.0008 0.0227 0.0275 
        TC42  1 0.0015 0.0015 0.0010 0.0015 0.0009 0.0012 0.0034 0.0021 0.0027 0.0030 0.0028 0.0092 0.0023 0.0031 0.0043 0.0046 0.0074 0.8034 0.0418 0.0037 0.0049 0.0006 0.0171 0.0761 
        TC43  1 0.0010 0.0024 0.0010 0.0011 0.0013 0.0017 0.0030 0.0018 0.0031 0.0059 0.0032 0.0084 0.0041 0.0041 0.0037 0.0023 0.0041 0.7770 0.0305 0.0084 0.0057 0.0027 0.0283 0.0952 
        TC44  1 0.0047 0.0025 0.0016 0.0028 0.0010 0.0036 0.0059 0.0023 0.0039 0.0048 0.0034 0.0461 0.0029 0.0039 0.0153 0.0021 0.0066 0.7672 0.0136 0.0084 0.0043 0.0005 0.0272 0.0656 
        TC45  1 0.0051 0.0007 0.0013 0.0030 0.0008 0.0017 0.0019 0.0015 0.0031 0.0224 0.0024 0.0054 0.0067 0.0025 0.0054 0.0012 0.0169 0.7087 0.1397 0.0316 0.0087 0.0008 0.0142 0.0142 
        TC46  1 0.0028 0.0011 0.0010 0.0013 0.0012 0.0015 0.0057 0.0034 0.0067 0.0085 0.0023 0.0055 0.0049 0.0034 0.0062 0.0023 0.0041 0.8104 0.0210 0.0264 0.0069 0.0009 0.0481 0.0244 
        TC47  1 0.0051 0.0013 0.0012 0.0009 0.0011 0.0033 0.0105 0.0017 0.0043 0.0044 0.0029 0.0232 0.0022 0.0027 0.0058 0.0027 0.0033 0.8162 0.0167 0.0069 0.0042 0.0007 0.0306 0.0480 
        TC48  1 0.0040 0.0019 0.0016 0.0025 0.0087 0.0018 0.0053 0.0035 0.0032 0.0107 0.0048 0.0068 0.0049 0.0041 0.0096 0.0039 0.0183 0.7550 0.0142 0.0069 0.0048 0.0014 0.0710 0.0510 
        TC49  1 0.0023 0.0039 0.0017 0.0082 0.0013 0.0027 0.0035 0.0040 0.0026 0.0049 0.0032 0.0046 0.0036 0.0022 0.0055 0.0031 0.0050 0.7778 0.0528 0.0131 0.0047 0.0014 0.0611 0.0270 
        TC50  1 0.0013 0.0011 0.0030 0.0014 0.0032 0.0029 0.0095 0.0022 0.0076 0.0092 0.0057 0.0102 0.0032 0.0074 0.0085 0.0041 0.0089 0.8337 0.0184 0.0090 0.0058 0.0066 0.0170 0.0200 
        TC51  1 0.0014 0.0017 0.0010 0.0028 0.0011 0.0045 0.0036 0.0021 0.0040 0.0068 0.0030 0.0152 0.0033 0.0037 0.0051 0.0024 0.0038 0.7634 0.0072 0.0074 0.0061 0.0014 0.0593 0.0897 
        TC52  1 0.0018 0.0010 0.0009 0.0018 0.0013 0.0012 0.0019 0.0013 0.0029 0.0100 0.0025 0.0065 0.0028 0.0067 0.0039 0.0025 0.0061 0.7736 0.0378 0.0045 0.0124 0.0010 0.0721 0.0436 
        TC53  1 0.0019 0.0007 0.0013 0.0025 0.0011 0.0011 0.0068 0.0012 0.0147 0.0030 0.0060 0.0119 0.0039 0.0029 0.0049 0.0015 0.0048 0.7655 0.0227 0.0048 0.0100 0.0008 0.0531 0.0727 
        TC54  1 0.0027 0.0072 0.0037 0.0038 0.0334 0.0029 0.0055 0.0041 0.0036 0.0075 0.0064 0.0078 0.0062 0.0046 0.0185 0.0057 0.0101 0.7087 0.0314 0.0110 0.0053 0.0058 0.0214 0.0829 
        TC55  1 0.0149 0.0009 0.0020 0.0015 0.0023 0.0023 0.0039 0.0015 0.0023 0.0067 0.0029 0.0054 0.0032 0.0170 0.0206 0.0035 0.0219 0.7467 0.0256 0.0109 0.0047 0.0048 0.0344 0.0599 
        TC56  1 0.0010 0.0568 0.0021 0.0011 0.0048 0.0031 0.0044 0.0033 0.0052 0.0161 0.0043 0.0109 0.0078 0.0034 0.0045 0.0025 0.0096 0.7082 0.0404 0.0088 0.0101 0.0032 0.0268 0.0618 
        TC57  1 0.0068 0.0020 0.0043 0.0024 0.0018 0.0021 0.0093 0.0032 0.0055 0.0040 0.0055 0.0131 0.0104 0.0037 0.0192 0.0027 0.0067 0.7940 0.0377 0.0121 0.0060 0.0013 0.0222 0.0239 
        TC58  1 0.0054 0.0007 0.0009 0.0011 0.0010 0.0187 0.0050 0.0019 0.0047 0.0045 0.0039 0.0080 0.0037 0.0025 0.0116 0.0036 0.0092 0.8042 0.0235 0.0113 0.0033 0.0009 0.0414 0.0289 
        TC59  1 0.0012 0.0007 0.0008 0.0016 0.0013 0.0026 0.0028 0.0018 0.0033 0.0029 0.0038 0.0059 0.0020 0.0021 0.0094 0.0017 0.0033 0.8727 0.0104 0.0046 0.0036 0.0005 0.0238 0.0373 
        TA01  2 0.0042 0.0008 0.0008 0.0010 0.0018 0.0020 0.0034 0.0028 0.0056 0.0041 0.0323 0.0275 0.0025 0.0030 0.0199 0.0025 0.0072 0.7878 0.0255 0.0040 0.0049 0.0049 0.0146 0.0369 
        TA02  2 0.0014 0.0073 0.0012 0.0011 0.0029 0.0013 0.0021 0.0092 0.0039 0.0075 0.0039 0.0095 0.0065 0.0054 0.0076 0.0049 0.0026 0.8281 0.0309 0.0071 0.0044 0.0010 0.0277 0.0227 
        TA03  2 0.0022 0.0011 0.0016 0.0018 0.0028 0.0022 0.0129 0.0024 0.0046 0.0048 0.0059 0.0782 0.0067 0.0033 0.0063 0.0046 0.0064 0.7608 0.0182 0.0161 0.0048 0.0012 0.0230 0.0279 
        TA04  2 0.0017 0.0010 0.0022 0.0012 0.0011 0.0016 0.0045 0.0012 0.0034 0.0040 0.0035 0.2991 0.0056 0.0031 0.0038 0.0017 0.0039 0.5258 0.0121 0.0135 0.0027 0.0010 0.0284 0.0740 
        TA05  2 0.0012 0.0011 0.0012 0.0011 0.0016 0.0019 0.0032 0.0024 0.0026 0.0060 0.0030 0.0189 0.0030 0.0025 0.0052 0.0028 0.0078 0.8395 0.0132 0.0057 0.0106 0.0006 0.0469 0.0181 
        TA06  2 0.0032 0.0007 0.0006 0.0006 0.0009 0.0023 0.0025 0.0011 0.0026 0.0035 0.0037 0.0121 0.0014 0.0040 0.0051 0.0015 0.0057 0.8443 0.0216 0.0074 0.0038 0.0039 0.0147 0.0526 
        TA07  2 0.0022 0.0011 0.0011 0.0020 0.0022 0.0033 0.0029 0.0025 0.0041 0.0042 0.0029 0.1339 0.0055 0.0037 0.0237 0.0024 0.0064 0.6909 0.0074 0.0056 0.0138 0.0005 0.0545 0.0232 
        TA08  2 0.0023 0.0029 0.0011 0.0011 0.0010 0.0015 0.0171 0.0010 0.0026 0.0073 0.0027 0.0147 0.0047 0.0021 0.0033 0.0018 0.0040 0.8364 0.0071 0.0043 0.0027 0.0049 0.0168 0.0566 
        TA09  2 0.0020 0.0012 0.0007 0.0006 0.0010 0.0014 0.0028 0.0015 0.0029 0.0029 0.0038 0.0444 0.0026 0.0032 0.0035 0.0017 0.0031 0.7713 0.0370 0.0042 0.0038 0.0007 0.0725 0.0310 
        TA10  2 0.0026 0.0009 0.0019 0.0027 0.0012 0.0393 0.0034 0.0189 0.0048 0.0042 0.0064 0.0136 0.0033 0.0023 0.0076 0.0035 0.0047 0.7902 0.0107 0.0070 0.0047 0.0013 0.0356 0.0292 
        TA11  2 0.0359 0.0019 0.0010 0.0030 0.0013 0.0164 0.0071 0.0015 0.0226 0.0075 0.0023 0.0258 0.0031 0.0027 0.0042 0.0256 0.0120 0.6982 0.0244 0.0424 0.0041 0.0006 0.0256 0.0310 
        TA12  2 0.0018 0.0007 0.0015 0.0010 0.0016 0.0028 0.0073 0.0496 0.0039 0.0037 0.0030 0.0116 0.0027 0.0021 0.0044 0.0546 0.0133 0.7591 0.0138 0.0089 0.0053 0.0014 0.0287 0.0173 
        TA13  2 0.0010 0.0016 0.0017 0.0018 0.0021 0.0032 0.0031 0.0189 0.0051 0.0045 0.0038 0.0500 0.0034 0.0039 0.0040 0.0035 0.0207 0.5689 0.0102 0.0064 0.0057 0.0014 0.1895 0.0855 
        TA14  2 0.0029 0.0047 0.0007 0.0009 0.0014 0.0011 0.0020 0.0030 0.0018 0.0027 0.0026 0.0179 0.0022 0.0044 0.0032 0.0014 0.0161 0.8213 0.0189 0.0061 0.0040 0.0006 0.0240 0.0561 
        TA15  2 0.0010 0.0016 0.0008 0.0055 0.0012 0.0017 0.0022 0.0053 0.0025 0.0027 0.0035 0.0086 0.0078 0.0027 0.0036 0.0015 0.0292 0.8130 0.0185 0.0067 0.0035 0.0008 0.0142 0.0622 
        TA16  2 0.0031 0.0016 0.0011 0.0011 0.0010 0.0218 0.0036 0.0041 0.0019 0.0034 0.0043 0.0488 0.0169 0.0029 0.0090 0.0050 0.0079 0.6963 0.0148 0.0048 0.0034 0.0008 0.0584 0.0839 
        TA17  2 0.0012 0.0020 0.0013 0.0012 0.0018 0.0015 0.0083 0.0057 0.0030 0.0034 0.0126 0.0052 0.0061 0.0028 0.0053 0.0066 0.0092 0.8303 0.0083 0.0080 0.0058 0.0005 0.0364 0.0334 
        TA18  2 0.0008 0.0016 0.0009 0.0010 0.0010 0.0070 0.0034 0.0026 0.0050 0.0033 0.0905 0.0109 0.0063 0.0049 0.0052 0.0016 0.0029 0.7305 0.0241 0.0106 0.0046 0.0006 0.0523 0.0286 
        TA19  2 0.0017 0.0012 0.0012 0.0011 0.0014 0.0063 0.0614 0.0039 0.0096 0.0039 0.0036 0.0444 0.0028 0.0038 0.0053 0.0021 0.0030 0.7133 0.0263 0.0192 0.0072 0.0013 0.0311 0.0448 
        TA20  2 0.0039 0.0019 0.0012 0.0008 0.0030 0.0015 0.0026 0.1405 0.0040 0.0040 0.0034 0.0056 0.0040 0.0024 0.0067 0.0034 0.0041 0.7503 0.0072 0.0057 0.0046 0.0006 0.0167 0.0221 
        TA21  2 0.0206 0.0067 0.0038 0.0014 0.0048 0.0021 0.0033 0.0032 0.0027 0.0049 0.0106 0.0139 0.0050 0.0028 0.0053 0.0035 0.0066 0.7481 0.0229 0.0057 0.0047 0.0040 0.0591 0.0544 
        TA22  2 0.0011 0.0007 0.0012 0.0007 0.0044 0.0013 0.0021 0.0025 0.0062 0.0038 0.0043 0.0056 0.0033 0.0028 0.0081 0.0016 0.0214 0.7056 0.0837 0.0095 0.0029 0.0014 0.0168 0.1091 
        TA23  2 0.0014 0.0014 0.0008 0.0009 0.0015 0.0016 0.0027 0.0023 0.0023 0.0034 0.0042 0.0126 0.0029 0.0027 0.0040 0.0031 0.0044 0.7452 0.0436 0.0053 0.0028 0.0018 0.0198 0.1293 
        TA24  2 0.0009 0.0017 0.0350 0.0023 0.0011 0.0016 0.0056 0.0020 0.0051 0.0039 0.0043 0.0088 0.0025 0.0033 0.0208 0.0030 0.0029 0.8219 0.0116 0.0135 0.0046 0.0011 0.0175 0.0249 
        TA25  2 0.0015 0.0014 0.0022 0.0020 0.0008 0.1178 0.0038 0.0068 0.0048 0.0038 0.0097 0.0072 0.0048 0.0022 0.0068 0.0064 0.0034 0.7095 0.0124 0.0082 0.0051 0.0025 0.0375 0.0396 
        TA26  2 0.0190 0.0009 0.0016 0.0020 0.0022 0.0041 0.0064 0.0023 0.0064 0.0167 0.0027 0.0392 0.0034 0.0029 0.0042 0.0041 0.0265 0.7157 0.0233 0.0047 0.0031 0.0012 0.0190 0.0887 
        TA27  2 0.0016 0.0010 0.0010 0.0014 0.0021 0.0019 0.0046 0.0503 0.0065 0.0032 0.0097 0.0116 0.0030 0.0041 0.0050 0.0070 0.0105 0.7597 0.0563 0.0060 0.0033 0.0009 0.0222 0.0275 
        TA28  2 0.0027 0.0060 0.0012 0.0016 0.0029 0.0014 0.0024 0.0034 0.0073 0.0138 0.0053 0.0160 0.0045 0.0057 0.0085 0.0050 0.0028 0.7727 0.0435 0.0122 0.0045 0.0006 0.0517 0.0245 
        TA29  2 0.0014 0.0016 0.0009 0.0012 0.0011 0.0020 0.0084 0.0032 0.0039 0.0037 0.0044 0.0066 0.0048 0.0029 0.0066 0.0017 0.0205 0.7738 0.0155 0.0081 0.0046 0.0008 0.0257 0.0966 
        TA30  2 0.0816 0.0033 0.0016 0.0034 0.0024 0.0019 0.0080 0.0035 0.0034 0.0058 0.0029 0.1801 0.0035 0.0032 0.0036 0.0027 0.0225 0.5595 0.0232 0.0065 0.0040 0.0009 0.0314 0.0410 
      BERM01  3 0.0017 0.0007 0.0007 0.0008 0.0011 0.0014 0.0020 0.0019 0.0021 0.0028 0.0024 0.0886 0.0019 0.0022 0.0027 0.0025 0.0041 0.0024 0.0079 0.0039 0.0032 0.0008 0.0174 0.8448 
      BERM02  3 0.0017 0.0007 0.0008 0.0010 0.0010 0.0012 0.0016 0.0016 0.0022 0.0036 0.0021 0.0145 0.0025 0.0027 0.0030 0.0016 0.0044 0.0043 0.0135 0.0059 0.0033 0.0009 0.0209 0.9050 
      BERM03  3 0.0018 0.0007 0.0007 0.0008 0.0010 0.0015 0.0023 0.0015 0.0031 0.0031 0.0022 0.0048 0.0016 0.0021 0.0042 0.0018 0.0054 0.0021 0.0071 0.0040 0.0028 0.0006 0.0284 0.9165 
      BERM04  3 0.0029 0.0006 0.0007 0.0008 0.0009 0.0017 0.0030 0.0013 0.0022 0.0035 0.0023 0.0079 0.0018 0.0021 0.0033 0.0013 0.0053 0.0019 0.0056 0.0036 0.0025 0.0006 0.0204 0.9238 
      BERM05  3 0.0013 0.0008 0.0008 0.0008 0.0011 0.0017 0.0026 0.0014 0.0042 0.0042 0.0041 0.0118 0.0021 0.0026 0.0042 0.0019 0.0104 0.0017 0.0066 0.0040 0.0029 0.0007 0.0190 0.9088 
      BERM06  3 0.0137 0.0006 0.0009 0.0007 0.0008 0.0011 0.0026 0.0013 0.0020 0.0040 0.0043 0.0390 0.0020 0.0022 0.0079 0.0021 0.0039 0.0032 0.0103 0.0077 0.0033 0.0006 0.0241 0.8616 
      BERM07  3 0.0023 0.0011 0.0007 0.0011 0.0009 0.0023 0.0043 0.0012 0.0028 0.0034 0.0019 0.0196 0.0022 0.0020 0.0032 0.0018 0.0047 0.0035 0.0114 0.0059 0.0034 0.0007 0.0222 0.8973 
      BERM08  3 0.0009 0.0005 0.0006 0.0007 0.0007 0.0012 0.0019 0.0014 0.0019 0.0036 0.0019 0.0138 0.0018 0.0018 0.0028 0.0014 0.0025 0.0030 0.0060 0.0033 0.0031 0.0022 0.0120 0.9310 
      BERM09  3 0.0017 0.0007 0.0006 0.0009 0.0009 0.0015 0.0021 0.0012 0.0038 0.0025 0.0029 0.3697 0.0020 0.0022 0.0045 0.0015 0.0024 0.0065 0.0155 0.0059 0.0026 0.0005 0.0267 0.5412 
      BERM10  3 0.0092 0.0010 0.0029 0.0022 0.0009 0.0015 0.0064 0.0015 0.0037 0.0053 0.0023 0.0212 0.0019 0.0024 0.0096 0.0022 0.0048 0.0056 0.0146 0.0056 0.0233 0.0007 0.0244 0.8468 
      BERM11  3 0.0018 0.0008 0.0009 0.0010 0.0010 0.0016 0.0020 0.0016 0.0019 0.0040 0.0023 0.0488 0.0022 0.0021 0.0029 0.0012 0.0026 0.0036 0.0101 0.0057 0.0029 0.0013 0.0143 0.8834 
      BERM12  3 0.0027 0.0007 0.0008 0.0007 0.0010 0.0019 0.0076 0.0012 0.0022 0.0270 0.0119 0.0074 0.0022 0.0090 0.0024 0.0033 0.0023 0.0045 0.0087 0.0041 0.0029 0.0006 0.0289 0.8661 
      BERM13  3 0.0008 0.0008 0.0012 0.0009 0.0009 0.0017 0.0028 0.0014 0.0024 0.0028 0.0028 0.0189 0.0018 0.0019 0.0039 0.0015 0.0040 0.0025 0.0125 0.0096 0.0028 0.0006 0.0699 0.8517 
      BERM14  3 0.0109 0.0006 0.0006 0.0009 0.0009 0.0018 0.0023 0.0012 0.0038 0.0030 0.0029 0.0166 0.0032 0.0033 0.0028 0.0014 0.0034 0.0055 0.0067 0.0040 0.0029 0.0006 0.0172 0.9037 
      CROC01  3 0.0012 0.0017 0.0015 0.0075 0.0058 0.0024 0.0066 0.0019 0.0142 0.0044 0.0042 0.0176 0.0049 0.0094 0.0064 0.0040 0.0062 0.0029 0.0081 0.0120 0.0033 0.0008 0.0237 0.8495 
      CROC02  3 0.0058 0.0011 0.0030 0.0013 0.0012 0.0020 0.0021 0.0013 0.0030 0.0056 0.0078 0.0115 0.0036 0.0025 0.0132 0.0015 0.0092 0.0032 0.0091 0.0161 0.0035 0.0009 0.0865 0.8048 
      CROC03  3 0.0062 0.0011 0.0008 0.0008 0.0013 0.0016 0.0038 0.0019 0.0025 0.0101 0.0021 0.0357 0.0028 0.0033 0.0042 0.0026 0.0045 0.0034 0.0125 0.0091 0.0055 0.0014 0.0213 0.8614 
      CROC04  3 0.0009 0.0009 0.0014 0.0015 0.0009 0.0014 0.0025 0.0016 0.0035 0.0028 0.0047 0.0076 0.0017 0.0048 0.0659 0.0022 0.0042 0.0107 0.0320 0.0076 0.0057 0.0005 0.0135 0.8214 
      CROC05  3 0.0046 0.0008 0.0008 0.0016 0.0011 0.0024 0.0021 0.0023 0.0027 0.0034 0.0028 0.0158 0.0027 0.0025 0.0149 0.0016 0.0046 0.0021 0.0129 0.0044 0.0037 0.0011 0.0230 0.8863 
      CROC06  3 0.0028 0.0010 0.0009 0.0008 0.0017 0.0045 0.0026 0.0013 0.0034 0.0051 0.0068 0.0136 0.0023 0.0051 0.0887 0.0022 0.0029 0.0085 0.0084 0.0079 0.0079 0.0035 0.0193 0.7988 
      CROC07  3 0.0022 0.0007 0.0010 0.0014 0.0011 0.0014 0.0029 0.0019 0.0056 0.0035 0.0112 0.0180 0.0020 0.0024 0.0054 0.0020 0.0054 0.0031 0.0644 0.0099 0.0036 0.0007 0.0225 0.8274 
      CROC08  3 0.0015 0.0096 0.0010 0.0012 0.0113 0.0033 0.0035 0.0145 0.0109 0.0082 0.0034 0.0094 0.0023 0.0045 0.0046 0.0015 0.0043 0.0027 0.0154 0.0043 0.0035 0.0059 0.0355 0.8379 
      CROC09  3 0.0069 0.0008 0.0007 0.0009 0.0029 0.0013 0.0017 0.0015 0.0027 0.0049 0.0020 0.1380 0.0021 0.0060 0.0040 0.0013 0.0048 0.0020 0.0089 0.0045 0.0505 0.0009 0.0146 0.7359 
      CROC10  3 0.0015 0.0006 0.0007 0.0013 0.0008 0.0021 0.0021 0.0012 0.0025 0.0041 0.0029 0.1067 0.0021 0.0034 0.0030 0.0014 0.0127 0.0023 0.0126 0.0045 0.0032 0.0008 0.0188 0.8087 
      CROC11  3 0.0068 0.0009 0.0007 0.0009 0.0028 0.0013 0.0018 0.0015 0.0026 0.0049 0.0020 0.1378 0.0021 0.0060 0.0039 0.0013 0.0047 0.0020 0.0091 0.0044 0.0509 0.0009 0.0146 0.7361 
     CROC110  3 0.0038 0.0019 0.0009 0.0026 0.0020 0.0014 0.0034 0.0030 0.0028 0.0030 0.0034 0.0546 0.0027 0.0054 0.0051 0.0017 0.0031 0.0041 0.0125 0.0050 0.0071 0.0006 0.0746 0.7954 
     CROC116  3 0.0065 0.0011 0.0011 0.0016 0.0016 0.0016 0.0032 0.0030 0.0061 0.0075 0.0254 0.0087 0.0035 0.0143 0.0088 0.0064 0.0157 0.0067 0.0418 0.0066 0.0052 0.0023 0.0236 0.7978 
      CROC12  3 0.0017 0.0009 0.0013 0.0009 0.0009 0.0012 0.0018 0.0015 0.0022 0.0033 0.0024 0.0083 0.0018 0.0019 0.0041 0.0032 0.0033 0.0026 0.0096 0.0052 0.0047 0.0007 0.0262 0.9101 
     CROC123  3 0.0043 0.0007 0.0007 0.0007 0.0007 0.0010 0.0016 0.0028 0.0017 0.0034 0.0018 0.0129 0.0015 0.0034 0.0027 0.0011 0.0043 0.0033 0.0101 0.0040 0.0027 0.0005 0.0231 0.9107 
      CROC13  3 0.0053 0.0010 0.0007 0.0010 0.0009 0.0022 0.0029 0.0013 0.0035 0.0080 0.0021 0.0072 0.0019 0.0019 0.0040 0.0019 0.0198 0.0022 0.0088 0.0038 0.0033 0.0009 0.0169 0.8986 
      CROC14  3 0.0056 0.0009 0.0030 0.0009 0.0015 0.0263 0.0015 0.0029 0.0017 0.0045 0.0029 0.0148 0.0048 0.0019 0.0199 0.0014 0.0029 0.0039 0.0089 0.0054 0.0350 0.0011 0.0164 0.8316 
      CROC15  3 0.0017 0.0014 0.0015 0.0015 0.0030 0.0035 0.0028 0.0019 0.0024 0.0075 0.0022 0.0058 0.0194 0.0474 0.0051 0.0019 0.0039 0.0024 0.0081 0.0045 0.0069 0.0007 0.0468 0.8177 
      CROC16  3 0.0072 0.0013 0.0009 0.0029 0.0017 0.0020 0.0026 0.0028 0.0036 0.0143 0.0060 0.0583 0.0025 0.0050 0.0061 0.0038 0.0362 0.0019 0.0060 0.0051 0.0042 0.0012 0.0249 0.7994 
      CROC17  3 0.0015 0.0007 0.0006 0.0008 0.0007 0.0011 0.0018 0.0013 0.0019 0.0033 0.0018 0.0052 0.0097 0.0019 0.0029 0.0014 0.0024 0.0038 0.1154 0.0044 0.0025 0.0008 0.0123 0.8217 
      CROC18  3 0.0018 0.0006 0.0006 0.0012 0.0010 0.0013 0.0023 0.0014 0.0073 0.0086 0.0024 0.0067 0.0024 0.0024 0.0028 0.0023 0.0033 0.0033 0.0100 0.0216 0.0028 0.0008 0.0367 0.8767 
      CROC19  3 0.0009 0.0013 0.0040 0.0023 0.0012 0.0019 0.0044 0.0015 0.0047 0.0038 0.0030 0.0142 0.0028 0.0029 0.0206 0.0017 0.0034 0.0060 0.0097 0.0097 0.0193 0.0007 0.0203 0.8597 
     CROC198  3 0.0078 0.0009 0.0013 0.0015 0.0011 0.0020 0.0050 0.0014 0.0035 0.0034 0.0025 0.0225 0.0022 0.0022 0.0037 0.0022 0.0060 0.0022 0.0089 0.0046 0.0032 0.0007 0.0161 0.8951 
      CROC20  3 0.0027 0.0029 0.0009 0.0029 0.0013 0.0018 0.0029 0.0027 0.0026 0.0059 0.0048 0.0158 0.0048 0.0028 0.0066 0.0019 0.0055 0.0024 0.0070 0.0221 0.0045 0.0010 0.0284 0.8657 
     CROC202  3 0.0092 0.0009 0.0010 0.0011 0.0009 0.0023 0.0039 0.0015 0.0082 0.0135 0.0027 0.0106 0.0019 0.0026 0.0044 0.0023 0.0044 0.0027 0.0099 0.0056 0.0034 0.0020 0.0195 0.8855 
      CROC21  3 0.0012 0.0006 0.0008 0.0013 0.0015 0.0018 0.0024 0.0014 0.0025 0.0042 0.0019 0.0176 0.0022 0.0024 0.0029 0.0024 0.0080 0.0038 0.0090 0.0048 0.0232 0.0008 0.0335 0.8699 
     CROC216  3 0.0016 0.0007 0.0011 0.0009 0.0022 0.0016 0.0023 0.0056 0.0033 0.0059 0.0088 0.0358 0.0019 0.0106 0.0057 0.0031 0.0039 0.0059 0.0165 0.0048 0.0059 0.0006 0.0367 0.8346 
      CROC22  3 0.0197 0.0006 0.0006 0.0013 0.0009 0.0017 0.0081 0.0589 0.0038 0.0046 0.0019 0.0228 0.0031 0.0029 0.0036 0.0017 0.0052 0.0039 0.0102 0.0057 0.0036 0.0007 0.0517 0.7827 
      CROC23  3 0.0009 0.0009 0.0011 0.0011 0.0012 0.0015 0.0024 0.0019 0.0025 0.0042 0.0026 0.1174 0.0031 0.0031 0.0038 0.0019 0.0093 0.0107 0.0185 0.0052 0.0040 0.0085 0.0257 0.7684 
      CROC24  3 0.0131 0.0010 0.0012 0.0010 0.0013 0.0014 0.0019 0.0023 0.0036 0.0078 0.0025 0.0632 0.0027 0.0025 0.0056 0.0021 0.0047 0.0036 0.0092 0.0043 0.0052 0.0007 0.0160 0.8431 
      CROC25  3 0.0027 0.0007 0.0008 0.0007 0.0010 0.0015 0.0020 0.0012 0.0022 0.0030 0.0023 0.0083 0.0021 0.0032 0.0036 0.0014 0.0028 0.0025 0.0085 0.0048 0.0025 0.0005 0.0202 0.9214 
     CROC259  3 0.0015 0.0010 0.0010 0.0007 0.0010 0.0119 0.0026 0.0018 0.0024 0.0047 0.0033 0.0208 0.0046 0.0021 0.0117 0.0025 0.0080 0.0199 0.0513 0.0040 0.0034 0.0007 0.0142 0.8249 
      CROC26  3 0.0019 0.0010 0.0008 0.0008 0.0012 0.0021 0.0038 0.0014 0.0030 0.0041 0.0027 0.0106 0.0027 0.0032 0.0033 0.0024 0.0038 0.0360 0.0375 0.0038 0.0030 0.0010 0.0153 0.8546 
      CROC27  3 0.0041 0.0021 0.0022 0.0015 0.0022 0.0015 0.0033 0.0079 0.0025 0.0040 0.0036 0.0333 0.0030 0.0047 0.0051 0.0042 0.0038 0.0047 0.0547 0.0064 0.0040 0.0008 0.0154 0.8250 
      CROC28  3 0.0806 0.0007 0.0007 0.0010 0.0011 0.0016 0.0020 0.0031 0.0024 0.0034 0.0029 0.1322 0.0020 0.0028 0.0060 0.0028 0.0035 0.0340 0.0166 0.0031 0.0042 0.0006 0.0149 0.6776 
      CROC29  3 0.0020 0.0010 0.0013 0.0020 0.0017 0.0013 0.0023 0.0021 0.0026 0.0039 0.0022 0.0076 0.0029 0.0039 0.0049 0.0017 0.0050 0.0027 0.0096 0.0046 0.0036 0.0008 0.0146 0.9158 
      CROC30  3 0.0068 0.0028 0.0031 0.0018 0.0018 0.0016 0.0022 0.0031 0.0028 0.0050 0.0117 0.0210 0.0040 0.0043 0.0276 0.0059 0.0035 0.0044 0.0097 0.0090 0.0044 0.0007 0.0638 0.7989 
      CROC31  3 0.0029 0.0007 0.0014 0.0028 0.0015 0.0019 0.0023 0.0017 0.0036 0.0040 0.0214 0.1121 0.0043 0.0035 0.0047 0.0051 0.0192 0.0079 0.0396 0.0055 0.0037 0.0014 0.0272 0.7216 
      CROC32  3 0.0101 0.0006 0.0010 0.0011 0.0008 0.0017 0.0023 0.0012 0.0030 0.0032 0.0027 0.0105 0.0022 0.0018 0.0057 0.0018 0.0049 0.0025 0.0083 0.0050 0.0032 0.0005 0.0232 0.9030 
      CROC33  3 0.0010 0.0111 0.0012 0.0009 0.0051 0.0010 0.0025 0.0043 0.0035 0.0048 0.0035 0.0092 0.0017 0.0047 0.0246 0.0016 0.0033 0.0062 0.0110 0.0056 0.0104 0.0005 0.0138 0.8685 
      CROC34  3 0.0010 0.0009 0.0008 0.0009 0.0013 0.0019 0.0032 0.0018 0.0023 0.0037 0.0040 0.0087 0.0022 0.0022 0.0042 0.0024 0.0030 0.0027 0.0114 0.0057 0.0027 0.0008 0.0194 0.9129 
      CROC35  3 0.0016 0.0013 0.0067 0.0007 0.0007 0.0013 0.0014 0.0024 0.0017 0.0028 0.0026 0.0326 0.0037 0.0018 0.0406 0.0017 0.0024 0.0053 0.0124 0.0034 0.0076 0.0005 0.0131 0.8517 
      CROC36  3 0.0026 0.0007 0.0007 0.0011 0.0009 0.0019 0.0021 0.0012 0.0035 0.0037 0.0022 0.0219 0.0023 0.0041 0.0038 0.0014 0.0098 0.0021 0.0078 0.0042 0.0035 0.0009 0.0173 0.9002 
      CROC57  3 0.0012 0.0008 0.0008 0.0011 0.0012 0.0028 0.0021 0.0015 0.0037 0.0034 0.0029 0.0072 0.0023 0.0023 0.0037 0.0016 0.0040 0.0019 0.0073 0.0046 0.0032 0.0007 0.0176 0.9222 
      CROC81  3 0.0081 0.0012 0.0016 0.0042 0.0035 0.0017 0.0021 0.0018 0.0074 0.0177 0.0039 0.0132 0.0023 0.0039 0.0056 0.0017 0.0067 0.0024 0.0100 0.0088 0.0033 0.0009 0.0335 0.8544 
      CROC84  3 0.0032 0.0007 0.0006 0.0008 0.0007 0.0012 0.0034 0.0013 0.0021 0.0085 0.0049 0.0294 0.0014 0.0033 0.0025 0.0024 0.0032 0.0037 0.0067 0.0029 0.0028 0.0005 0.0117 0.9020 
        FW01  3 0.9250 0.0009 0.0006 0.0009 0.0009 0.0013 0.0021 0.0012 0.0025 0.0036 0.0020 0.0042 0.0017 0.0017 0.0025 0.0014 0.0033 0.0016 0.0059 0.0041 0.0037 0.0005 0.0154 0.0131 
        FW02  3 0.0009 0.0005 0.0006 0.0007 0.0007 0.0011 0.0016 0.0010 0.0017 0.0024 0.0017 0.9399 0.0013 0.0017 0.0023 0.0011 0.0025 0.0014 0.0055 0.0032 0.0025 0.0005 0.0125 0.0128 
        FW03  3 0.9380 0.0006 0.0006 0.0007 0.0007 0.0011 0.0016 0.0010 0.0017 0.0028 0.0017 0.0040 0.0014 0.0018 0.0024 0.0011 0.0026 0.0015 0.0053 0.0033 0.0025 0.0005 0.0123 0.0108 
        FW04  3 0.0009 0.0005 0.0006 0.0007 0.0007 0.0011 0.0016 0.0010 0.0017 0.0024 0.0016 0.9400 0.0013 0.0017 0.0022 0.0011 0.0025 0.0014 0.0056 0.0032 0.0025 0.0005 0.0125 0.0128 
        FW05  3 0.0008 0.0005 0.0005 0.0007 0.0007 0.0011 0.0016 0.0010 0.0017 0.0024 0.0017 0.9400 0.0013 0.0017 0.0022 0.0011 0.0025 0.0014 0.0055 0.0032 0.0026 0.0005 0.0125 0.0128 
        FW06  3 0.0008 0.0005 0.0005 0.0007 0.0007 0.0011 0.0016 0.0010 0.0017 0.0024 0.0017 0.9394 0.0013 0.0017 0.0022 0.0011 0.0025 0.0015 0.0055 0.0032 0.0025 0.0005 0.0124 0.0133 
        FW07  3 0.9381 0.0006 0.0006 0.0007 0.0007 0.0010 0.0016 0.0010 0.0017 0.0028 0.0017 0.0039 0.0014 0.0018 0.0024 0.0011 0.0026 0.0015 0.0054 0.0033 0.0025 0.0005 0.0123 0.0108 
        FW08  3 0.0008 0.0005 0.0006 0.0006 0.0007 0.0011 0.0016 0.0010 0.0017 0.0024 0.0016 0.9399 0.0013 0.0017 0.0022 0.0011 0.0025 0.0015 0.0055 0.0032 0.0025 0.0005 0.0125 0.0128 
        FW09  3 0.0008 0.0005 0.0006 0.0007 0.0007 0.0011 0.0016 0.0010 0.0017 0.0024 0.0016 0.9400 0.0013 0.0017 0.0022 0.0011 0.0026 0.0014 0.0055 0.0032 0.0025 0.0005 0.0126 0.0126 
        FW10  3 0.9376 0.0005 0.0006 0.0007 0.0008 0.0010 0.0016 0.0010 0.0017 0.0029 0.0017 0.0040 0.0015 0.0018 0.0023 0.0011 0.0028 0.0016 0.0054 0.0033 0.0025 0.0005 0.0125 0.0107 
       FW100  3 0.9364 0.0005 0.0006 0.0007 0.0007 0.0011 0.0016 0.0010 0.0017 0.0029 0.0017 0.0046 0.0014 0.0017 0.0023 0.0012 0.0028 0.0016 0.0054 0.0033 0.0025 0.0005 0.0126 0.0112 
       FW101  3 0.9374 0.0006 0.0006 0.0007 0.0007 0.0010 0.0016 0.0010 0.0017 0.0029 0.0017 0.0040 0.0014 0.0017 0.0023 0.0012 0.0028 0.0015 0.0053 0.0033 0.0025 0.0005 0.0126 0.0109 
       FW102  3 0.0008 0.0005 0.0006 0.0007 0.0007 0.0011 0.0016 0.0010 0.0017 0.0024 0.0016 0.9399 0.0013 0.0018 0.0022 0.0011 0.0025 0.0014 0.0055 0.0032 0.0026 0.0005 0.0125 0.0128 
       FW103  3 0.0009 0.0005 0.0006 0.0007 0.0007 0.0011 0.0016 0.0010 0.0017 0.0024 0.0016 0.9399 0.0013 0.0017 0.0022 0.0011 0.0025 0.0014 0.0055 0.0032 0.0025 0.0005 0.0125 0.0128 
       FW104  3 0.9250 0.0008 0.0006 0.0008 0.0009 0.0013 0.0021 0.0012 0.0024 0.0036 0.0020 0.0042 0.0016 0.0017 0.0025 0.0014 0.0033 0.0016 0.0059 0.0041 0.0036 0.0005 0.0156 0.0132 
       FW105  3 0.9373 0.0006 0.0006 0.0007 0.0007 0.0010 0.0016 0.0010 0.0017 0.0029 0.0017 0.0040 0.0014 0.0018 0.0023 0.0011 0.0028 0.0016 0.0054 0.0033 0.0025 0.0005 0.0126 0.0108 
       FW106  3 0.0033 0.0215 0.0009 0.0018 0.0013 0.0015 0.0039 0.0032 0.0025 0.0059 0.0033 0.1093 0.0060 0.0080 0.0043 0.0028 0.0060 0.0044 0.0137 0.0791 0.0065 0.0011 0.0271 0.6826 
       FW107  3 0.9251 0.0009 0.0007 0.0009 0.0009 0.0013 0.0020 0.0012 0.0024 0.0035 0.0020 0.0042 0.0017 0.0017 0.0025 0.0014 0.0032 0.0016 0.0059 0.0041 0.0037 0.0005 0.0155 0.0132 
       FW108  3 0.0009 0.0005 0.0006 0.0006 0.0007 0.0011 0.0016 0.0010 0.0017 0.0024 0.0016 0.9393 0.0014 0.0017 0.0022 0.0011 0.0025 0.0015 0.0055 0.0032 0.0026 0.0005 0.0126 0.0132 
       FW109  3 0.9375 0.0005 0.0006 0.0007 0.0007 0.0010 0.0017 0.0010 0.0017 0.0028 0.0017 0.0040 0.0015 0.0017 0.0023 0.0012 0.0028 0.0016 0.0054 0.0033 0.0025 0.0005 0.0126 0.0108 
        FW11  3 0.9365 0.0006 0.0006 0.0007 0.0007 0.0010 0.0016 0.0010 0.0017 0.0029 0.0017 0.0047 0.0014 0.0017 0.0023 0.0012 0.0028 0.0015 0.0053 0.0033 0.0025 0.0005 0.0127 0.0112 
       FW110  3 0.9381 0.0006 0.0006 0.0007 0.0007 0.0010 0.0016 0.0010 0.0017 0.0029 0.0017 0.0040 0.0014 0.0018 0.0024 0.0011 0.0026 0.0016 0.0053 0.0033 0.0025 0.0005 0.0122 0.0107 
       FW111  3 0.0009 0.0005 0.0006 0.0007 0.0007 0.0011 0.0016 0.0010 0.0017 0.0024 0.0016 0.9400 0.0013 0.0017 0.0022 0.0011 0.0025 0.0014 0.0055 0.0032 0.0025 0.0005 0.0125 0.0127 
       FW112  3 0.9364 0.0005 0.0005 0.0007 0.0007 0.0010 0.0016 0.0010 0.0017 0.0028 0.0017 0.0046 0.0014 0.0017 0.0023 0.0012 0.0027 0.0016 0.0054 0.0033 0.0025 0.0005 0.0126 0.0113 
       FW113  3 0.0009 0.0005 0.0006 0.0007 0.0007 0.0011 0.0016 0.0010 0.0017 0.0024 0.0016 0.9402 0.0013 0.0017 0.0022 0.0011 0.0025 0.0014 0.0055 0.0032 0.0025 0.0005 0.0124 0.0127 
       FW114  3 0.9271 0.0007 0.0009 0.0009 0.0008 0.0010 0.0017 0.0013 0.0019 0.0029 0.0021 0.0043 0.0020 0.0020 0.0031 0.0015 0.0027 0.0028 0.0076 0.0035 0.0033 0.0005 0.0131 0.0123 
       FW115  3 0.9376 0.0005 0.0006 0.0007 0.0008 0.0010 0.0016 0.0010 0.0017 0.0028 0.0017 0.0039 0.0014 0.0017 0.0023 0.0012 0.0028 0.0015 0.0054 0.0033 0.0025 0.0005 0.0126 0.0108 
       FW116  3 0.0008 0.0005 0.0006 0.0006 0.0007 0.0011 0.0016 0.0010 0.0017 0.0024 0.0016 0.9400 0.0013 0.0017 0.0022 0.0011 0.0025 0.0014 0.0055 0.0032 0.0025 0.0005 0.0125 0.0128 
        FW12  3 0.0008 0.0005 0.0006 0.0007 0.0007 0.0011 0.0016 0.0010 0.0017 0.0024 0.0016 0.9400 0.0013 0.0017 0.0022 0.0011 0.0025 0.0014 0.0056 0.0032 0.0025 0.0005 0.0126 0.0127 
        FW13  3 0.0009 0.0005 0.0006 0.0007 0.0007 0.0011 0.0016 0.0010 0.0017 0.0024 0.0017 0.9396 0.0013 0.0017 0.0022 0.0011 0.0025 0.0014 0.0055 0.0032 0.0025 0.0005 0.0124 0.0132 
        FW14  3 0.9252 0.0008 0.0007 0.0009 0.0009 0.0013 0.0020 0.0012 0.0024 0.0035 0.0020 0.0042 0.0016 0.0017 0.0026 0.0014 0.0033 0.0016 0.0058 0.0041 0.0037 0.0005 0.0155 0.0133 
        FW15  3 0.9251 0.0008 0.0007 0.0008 0.0009 0.0013 0.0020 0.0012 0.0024 0.0036 0.0020 0.0042 0.0017 0.0017 0.0025 0.0014 0.0033 0.0016 0.0059 0.0042 0.0037 0.0005 0.0155 0.0132 
        FW16  3 0.9374 0.0006 0.0006 0.0007 0.0007 0.0010 0.0016 0.0010 0.0017 0.0029 0.0017 0.0039 0.0014 0.0018 0.0024 0.0011 0.0028 0.0016 0.0054 0.0033 0.0025 0.0005 0.0126 0.0109 
        FW17  3 0.9373 0.0005 0.0006 0.0007 0.0007 0.0010 0.0016 0.0010 0.0017 0.0029 0.0017 0.0041 0.0014 0.0017 0.0023 0.0011 0.0028 0.0016 0.0054 0.0033 0.0025 0.0005 0.0126 0.0109 
        FW18  3 0.9365 0.0006 0.0006 0.0007 0.0007 0.0010 0.0016 0.0010 0.0017 0.0028 0.0017 0.0046 0.0015 0.0017 0.0023 0.0012 0.0028 0.0016 0.0054 0.0033 0.0025 0.0005 0.0125 0.0113 
        FW19  3 0.0009 0.0005 0.0005 0.0007 0.0007 0.0011 0.0016 0.0010 0.0017 0.0024 0.0017 0.9398 0.0014 0.0017 0.0022 0.0011 0.0025 0.0014 0.0055 0.0032 0.0026 0.0005 0.0125 0.0127 
        FW20  3 0.0008 0.0005 0.0006 0.0007 0.0007 0.0011 0.0016 0.0010 0.0017 0.0024 0.0016 0.9401 0.0013 0.0017 0.0022 0.0011 0.0025 0.0014 0.0055 0.0031 0.0026 0.0005 0.0125 0.0128 
        FW21  3 0.0009 0.0005 0.0005 0.0007 0.0007 0.0011 0.0016 0.0010 0.0017 0.0024 0.0016 0.9401 0.0013 0.0017 0.0022 0.0011 0.0025 0.0014 0.0056 0.0032 0.0026 0.0005 0.0125 0.0127 
        FW22  3 0.9364 0.0005 0.0006 0.0007 0.0007 0.0010 0.0016 0.0010 0.0017 0.0029 0.0017 0.0046 0.0014 0.0017 0.0023 0.0012 0.0027 0.0016 0.0054 0.0033 0.0025 0.0005 0.0126 0.0113 
        FW23  3 0.0008 0.0005 0.0006 0.0007 0.0007 0.0011 0.0016 0.0010 0.0017 0.0024 0.0016 0.9400 0.0013 0.0017 0.0022 0.0011 0.0025 0.0014 0.0056 0.0032 0.0025 0.0005 0.0125 0.0127 
        FW24  3 0.0008 0.0005 0.0006 0.0007 0.0007 0.0011 0.0016 0.0010 0.0017 0.0024 0.0016 0.9399 0.0013 0.0018 0.0022 0.0011 0.0025 0.0014 0.0055 0.0032 0.0025 0.0005 0.0125 0.0129 
        FW25  3 0.0008 0.0005 0.0006 0.0007 0.0007 0.0011 0.0016 0.0010 0.0017 0.0024 0.0016 0.9400 0.0013 0.0017 0.0022 0.0011 0.0025 0.0014 0.0056 0.0032 0.0025 0.0005 0.0126 0.0127 
        FW26  3 0.0008 0.0005 0.0006 0.0007 0.0007 0.0011 0.0016 0.0010 0.0017 0.0024 0.0017 0.9399 0.0013 0.0017 0.0022 0.0011 0.0025 0.0014 0.0056 0.0032 0.0025 0.0005 0.0125 0.0128 
        FW27  3 0.9371 0.0006 0.0006 0.0007 0.0007 0.0010 0.0016 0.0010 0.0017 0.0028 0.0017 0.0040 0.0014 0.0017 0.0024 0.0011 0.0028 0.0016 0.0054 0.0033 0.0025 0.0005 0.0127 0.0109 
        FW28  3 0.0008 0.0005 0.0006 0.0007 0.0007 0.0011 0.0015 0.0010 0.0017 0.0024 0.0016 0.9396 0.0013 0.0017 0.0022 0.0011 0.0025 0.0014 0.0054 0.0032 0.0025 0.0005 0.0124 0.0132 
        FW29  3 0.0009 0.0005 0.0006 0.0007 0.0007 0.0011 0.0016 0.0010 0.0017 0.0024 0.0017 0.9397 0.0013 0.0018 0.0022 0.0011 0.0025 0.0014 0.0056 0.0032 0.0025 0.0005 0.0125 0.0128 
        FW30  3 0.0033 0.0215 0.0010 0.0016 0.0012 0.0015 0.0039 0.0034 0.0025 0.0060 0.0033 0.1083 0.0057 0.0081 0.0042 0.0026 0.0060 0.0043 0.0139 0.0790 0.0064 0.0012 0.0271 0.6841 
        FW32  3 0.9250 0.0008 0.0007 0.0008 0.0009 0.0013 0.0021 0.0012 0.0024 0.0036 0.0020 0.0042 0.0016 0.0017 0.0025 0.0014 0.0033 0.0016 0.0059 0.0042 0.0037 0.0005 0.0155 0.0131 
        FW33  3 0.0009 0.0005 0.0006 0.0007 0.0007 0.0011 0.0016 0.0010 0.0017 0.0024 0.0016 0.9185 0.0019 0.0033 0.0023 0.0011 0.0025 0.0015 0.0090 0.0032 0.0026 0.0005 0.0215 0.0194 
        FW34  3 0.0008 0.0005 0.0006 0.0007 0.0007 0.0011 0.0016 0.0010 0.0017 0.0024 0.0016 0.9397 0.0014 0.0017 0.0023 0.0011 0.0025 0.0014 0.0056 0.0032 0.0025 0.0005 0.0125 0.0129 
        FW35  3 0.0008 0.0005 0.0006 0.0007 0.0007 0.0011 0.0016 0.0010 0.0017 0.0024 0.0016 0.9400 0.0013 0.0017 0.0022 0.0011 0.0025 0.0014 0.0055 0.0032 0.0025 0.0005 0.0126 0.0127 
        FW36  3 0.0009 0.0005 0.0006 0.0007 0.0007 0.0011 0.0016 0.0010 0.0017 0.0024 0.0016 0.9399 0.0013 0.0017 0.0022 0.0011 0.0025 0.0014 0.0056 0.0032 0.0026 0.0005 0.0125 0.0127 
        FW37  3 0.9375 0.0005 0.0006 0.0007 0.0007 0.0010 0.0016 0.0010 0.0017 0.0029 0.0017 0.0040 0.0014 0.0018 0.0023 0.0011 0.0028 0.0015 0.0053 0.0033 0.0025 0.0005 0.0126 0.0108 
        FW51  3 0.0009 0.0005 0.0006 0.0007 0.0007 0.0011 0.0016 0.0010 0.0017 0.0024 0.0016 0.9399 0.0013 0.0017 0.0023 0.0011 0.0025 0.0014 0.0055 0.0031 0.0025 0.0005 0.0125 0.0128 
        FW52  3 0.9376 0.0006 0.0006 0.0007 0.0007 0.0010 0.0016 0.0010 0.0017 0.0028 0.0017 0.0040 0.0014 0.0018 0.0023 0.0011 0.0028 0.0016 0.0053 0.0033 0.0025 0.0005 0.0126 0.0108 
        FW53  3 0.0009 0.0005 0.0006 0.0006 0.0007 0.0011 0.0016 0.0010 0.0017 0.0024 0.0016 0.9399 0.0013 0.0017 0.0022 0.0011 0.0025 0.0014 0.0055 0.0032 0.0025 0.0005 0.0125 0.0128 
        FW54  3 0.9378 0.0005 0.0006 0.0007 0.0007 0.0010 0.0017 0.0010 0.0017 0.0028 0.0017 0.0040 0.0014 0.0017 0.0024 0.0011 0.0027 0.0015 0.0053 0.0033 0.0025 0.0005 0.0124 0.0110 
        FW55  3 0.0008 0.0005 0.0006 0.0007 0.0007 0.0011 0.0016 0.0010 0.0017 0.0024 0.0016 0.9401 0.0013 0.0017 0.0022 0.0011 0.0025 0.0014 0.0056 0.0032 0.0026 0.0005 0.0125 0.0126 
        FW56  3 0.0009 0.0005 0.0006 0.0007 0.0007 0.0011 0.0016 0.0010 0.0017 0.0024 0.0017 0.9399 0.0013 0.0017 0.0022 0.0011 0.0025 0.0014 0.0055 0.0032 0.0025 0.0005 0.0125 0.0128 
        FW57  3 0.0009 0.0005 0.0006 0.0006 0.0007 0.0011 0.0016 0.0010 0.0017 0.0024 0.0016 0.9402 0.0013 0.0017 0.0022 0.0011 0.0025 0.0014 0.0055 0.0031 0.0025 0.0005 0.0125 0.0128 
        FW78  3 0.0008 0.0005 0.0005 0.0007 0.0007 0.0011 0.0015 0.0010 0.0017 0.0024 0.0016 0.9402 0.0013 0.0017 0.0022 0.0011 0.0025 0.0014 0.0055 0.0032 0.0025 0.0005 0.0125 0.0127 
        FW79  3 0.0008 0.0005 0.0006 0.0007 0.0007 0.0011 0.0016 0.0010 0.0018 0.0024 0.0016 0.9393 0.0013 0.0018 0.0022 0.0011 0.0025 0.0015 0.0055 0.0032 0.0025 0.0005 0.0126 0.0132 
        FW80  3 0.0008 0.0005 0.0006 0.0007 0.0007 0.0011 0.0016 0.0010 0.0017 0.0024 0.0017 0.9399 0.0014 0.0017 0.0022 0.0011 0.0025 0.0014 0.0056 0.0032 0.0025 0.0005 0.0125 0.0128 
        FW81  3 0.9383 0.0005 0.0006 0.0007 0.0007 0.0010 0.0016 0.0010 0.0017 0.0028 0.0017 0.0040 0.0014 0.0017 0.0024 0.0011 0.0026 0.0015 0.0053 0.0033 0.0025 0.0005 0.0122 0.0107 
        FW82  3 0.9375 0.0005 0.0006 0.0007 0.0008 0.0010 0.0017 0.0010 0.0017 0.0028 0.0017 0.0040 0.0014 0.0018 0.0023 0.0011 0.0028 0.0015 0.0054 0.0033 0.0025 0.0005 0.0126 0.0109 
        FW83  3 0.9252 0.0008 0.0007 0.0009 0.0009 0.0013 0.0021 0.0012 0.0025 0.0036 0.0020 0.0041 0.0017 0.0017 0.0025 0.0014 0.0033 0.0016 0.0059 0.0042 0.0036 0.0005 0.0154 0.0130 
        FW84  3 0.0009 0.0005 0.0005 0.0007 0.0006 0.0011 0.0016 0.0010 0.0017 0.0024 0.0016 0.9400 0.0013 0.0017 0.0022 0.0011 0.0025 0.0014 0.0056 0.0032 0.0025 0.0005 0.0124 0.0128 
