        TC01  1 0.0013 0.0024 0.0015 0.0015 0.0009 0.0014 0.0117 0.0111 0.0018 0.0080 0.0018 0.0077 0.0020 0.0127 0.0068 0.0575 0.0062 0.0036 0.0110 0.0031 0.0011 0.0151 0.8298 
        TC02  1 0.0015 0.0034 0.0016 0.0011 0.0014 0.0024 0.0046 0.0068 0.0038 0.0103 0.0027 0.0085 0.0024 0.0178 0.0071 0.0241 0.0059 0.0028 0.0059 0.0065 0.0022 0.0069 0.8701 
        TC03  1 0.0011 0.0017 0.0015 0.0015 0.0012 0.0021 0.0024 0.0040 0.0021 0.0118 0.0024 0.0029 0.0023 0.0178 0.0045 0.0483 0.0038 0.0030 0.0081 0.0020 0.0021 0.0061 0.8674 
        TC04  1 0.0291 0.0113 0.0011 0.0012 0.0050 0.0012 0.0033 0.0055 0.0051 0.0505 0.0049 0.0032 0.0043 0.0158 0.0136 0.0650 0.0049 0.0044 0.0141 0.0052 0.0021 0.0058 0.7432 
        TC05  1 0.0053 0.0019 0.0008 0.0058 0.0092 0.0017 0.0019 0.0034 0.0033 0.0132 0.0026 0.0046 0.0022 0.0180 0.0113 0.0297 0.0042 0.0026 0.0038 0.0021 0.0028 0.0039 0.8658 
        TC06  1 0.0012 0.0031 0.0020 0.0020 0.0015 0.0026 0.0022 0.0045 0.0032 0.0871 0.0051 0.0056 0.0039 0.0142 0.0061 0.0179 0.0037 0.0023 0.0113 0.0057 0.0052 0.0050 0.8046 
        TC07  1 0.0112 0.0013 0.0011 0.0011 0.0011 0.0010 0.0081 0.0040 0.0048 0.0157 0.0016 0.0034 0.0017 0.0224 0.0563 0.0230 0.0027 0.0043 0.0040 0.0047 0.0014 0.0037 0.8214 
        TC08  1 0.0032 0.0043 0.0007 0.0010 0.0017 0.0016 0.0023 0.0046 0.0035 0.0115 0.0017 0.0068 0.0021 0.0248 0.0130 0.0143 0.0051 0.0027 0.0033 0.0040 0.0020 0.0054 0.8804 
        TC09  1 0.0023 0.0344 0.0089 0.0010 0.0022 0.0013 0.0021 0.0125 0.0018 0.0429 0.0083 0.0060 0.0024 0.0117 0.0065 0.0258 0.0035 0.0042 0.0047 0.0028 0.0033 0.0031 0.8081 
        TC10  1 0.0011 0.0013 0.0088 0.0009 0.0011 0.0014 0.0070 0.0026 0.0087 0.0117 0.0018 0.0044 0.0025 0.0113 0.0035 0.0852 0.0043 0.0021 0.0038 0.0018 0.0014 0.0148 0.8184 
        TC11  1 0.0015 0.0015 0.0011 0.0032 0.0009 0.0013 0.0069 0.0027 0.0020 0.0064 0.0014 0.0171 0.0024 0.0284 0.0041 0.0166 0.0030 0.0025 0.0054 0.0036 0.0008 0.0067 0.8803 
        TC12  1 0.0013 0.0039 0.0012 0.0011 0.0014 0.0036 0.0041 0.0319 0.0046 0.0205 0.0027 0.0028 0.0024 0.0201 0.0105 0.0442 0.0033 0.0018 0.0106 0.0069 0.0014 0.0130 0.8066 
        TC13  1 0.0011 0.0024 0.0026 0.0013 0.0012 0.0010 0.0022 0.0039 0.0027 0.0123 0.0015 0.0120 0.0029 0.0131 0.0051 0.0163 0.0040 0.0044 0.0038 0.0018 0.0014 0.0051 0.8979 
        TC14  1 0.0060 0.0046 0.0069 0.0011 0.0013 0.0019 0.0051 0.0082 0.0019 0.0969 0.0017 0.0105 0.0067 0.0304 0.0042 0.0236 0.0057 0.0059 0.0087 0.0037 0.0067 0.0071 0.7511 
        TC15  1 0.0033 0.0065 0.0045 0.0089 0.0012 0.0011 0.0017 0.0042 0.0027 0.0528 0.0034 0.0061 0.0046 0.0174 0.0041 0.0223 0.0039 0.0239 0.0051 0.0024 0.0020 0.0135 0.8042 
        TC16  1 0.0010 0.0744 0.0126 0.0017 0.0023 0.0021 0.0023 0.0056 0.0035 0.0407 0.0071 0.0041 0.0050 0.0321 0.0160 0.0337 0.0063 0.0022 0.0082 0.0029 0.0021 0.0049 0.7291 
        TC17  1 0.0019 0.0103 0.0252 0.0135 0.0032 0.0047 0.0077 0.0177 0.0048 0.0500 0.0049 0.0072 0.0043 0.0446 0.0195 0.0216 0.0124 0.0048 0.0091 0.0117 0.0020 0.0113 0.7075 
        TC18  1 0.0011 0.0018 0.0018 0.0010 0.0283 0.0036 0.0049 0.0043 0.0025 0.0200 0.0018 0.0288 0.0038 0.0319 0.0098 0.0287 0.0084 0.0020 0.0232 0.0028 0.0010 0.0163 0.7721 
        TC19  1 0.0008 0.0186 0.0050 0.0010 0.0010 0.0023 0.0029 0.0032 0.0027 0.0085 0.0016 0.0124 0.0045 0.0165 0.0150 0.0171 0.0044 0.0018 0.0043 0.0015 0.0011 0.0070 0.8668 
        TC20  1 0.0012 0.0040 0.0025 0.0012 0.0052 0.0011 0.0023 0.0041 0.0029 0.0096 0.0017 0.0048 0.0022 0.0160 0.0048 0.0180 0.0029 0.0029 0.0093 0.0016 0.0013 0.0092 0.8912 
        TC21  1 0.0021 0.0044 0.0009 0.0023 0.0026 0.0024 0.0116 0.0221 0.0036 0.0171 0.0077 0.0035 0.0150 0.0605 0.0474 0.0253 0.0039 0.0026 0.0494 0.0116 0.0012 0.0071 0.6958 
        TC22  1 0.0008 0.0035 0.0008 0.0010 0.0015 0.0039 0.0030 0.0093 0.0118 0.0200 0.0022 0.0105 0.0358 0.0133 0.0074 0.0218 0.0106 0.0051 0.0038 0.0023 0.0026 0.0256 0.8033 
        TC23  1 0.0022 0.0018 0.0016 0.0021 0.0008 0.0189 0.0091 0.0026 0.0017 0.0158 0.0014 0.0231 0.0024 0.0181 0.0074 0.0473 0.0035 0.0027 0.0058 0.0023 0.0020 0.0084 0.8190 
        TC24  1 0.0010 0.0015 0.0020 0.0009 0.0013 0.0012 0.0015 0.0025 0.0017 0.0078 0.0015 0.0065 0.0019 0.0246 0.0039 0.0212 0.0048 0.0020 0.0031 0.0015 0.0009 0.0039 0.9028 
        TC25  1 0.0009 0.0019 0.0045 0.0011 0.0013 0.0023 0.0147 0.0077 0.0028 0.0687 0.0033 0.0034 0.0153 0.0199 0.0050 0.0470 0.0047 0.0037 0.0227 0.0026 0.0017 0.0044 0.7605 
        TC26  1 0.0014 0.0020 0.0169 0.0013 0.0010 0.0021 0.0018 0.0042 0.0028 0.0287 0.0045 0.0046 0.0020 0.0186 0.0083 0.0248 0.0033 0.0025 0.0040 0.0123 0.0058 0.0041 0.8429 
        TC27  1 0.0019 0.0019 0.0014 0.0080 0.0016 0.0014 0.0024 0.0047 0.0029 0.0439 0.0050 0.0488 0.0022 0.0270 0.0268 0.0209 0.0079 0.0042 0.0050 0.0036 0.0013 0.0444 0.7327 
        TC28  1 0.0011 0.0017 0.0021 0.0019 0.0025 0.0012 0.0030 0.0050 0.0066 0.0334 0.0028 0.0043 0.0027 0.0161 0.0050 0.0415 0.0073 0.0028 0.0057 0.0034 0.0013 0.0048 0.8441 
        TC29  1 0.0011 0.0041 0.0025 0.0015 0.0441 0.0029 0.0038 0.0069 0.0019 0.0744 0.0019 0.0079 0.0024 0.0419 0.0089 0.0456 0.0034 0.0055 0.0087 0.0022 0.0010 0.0037 0.7239 
        TC30  1 0.0015 0.0054 0.0022 0.0025 0.0018 0.0022 0.0035 0.0074 0.0025 0.0248 0.0029 0.0128 0.0068 0.0165 0.0071 0.0211 0.0035 0.0021 0.0041 0.0024 0.0014 0.0055 0.8604 
        TC31  1 0.0019 0.0030 0.0013 0.0010 0.0021 0.0106 0.0269 0.0050 0.0083 0.0113 0.0015 0.0179 0.0132 0.0266 0.0092 0.0329 0.0054 0.0024 0.0158 0.0018 0.0011 0.0143 0.7864 
        TC32  1 0.0016 0.0021 0.0025 0.0011 0.0019 0.0012 0.0031 0.0105 0.0157 0.0927 0.0050 0.0127 0.0221 0.0164 0.0068 0.0270 0.0041 0.0051 0.0055 0.0058 0.0015 0.0044 0.7512 
        TC33  1 0.0015 0.0017 0.0016 0.0012 0.0030 0.0020 0.0194 0.0046 0.0023 0.0175 0.0021 0.0074 0.0031 0.0412 0.0054 0.0288 0.0063 0.0041 0.0053 0.0021 0.0016 0.0061 0.8319 
        TC34  1 0.0020 0.0036 0.0026 0.0016 0.0019 0.0039 0.0026 0.0041 0.0037 0.0575 0.0022 0.0185 0.0021 0.0393 0.0047 0.0199 0.0037 0.0029 0.0052 0.0040 0.0016 0.0086 0.8038 
        TC35  1 0.0020 0.0109 0.0025 0.0019 0.0027 0.0032 0.0102 0.0046 0.0178 0.0149 0.0036 0.0180 0.0030 0.0147 0.0101 0.0161 0.0101 0.0023 0.0120 0.0137 0.0011 0.0166 0.8078 
        TC36  1 0.0016 0.0031 0.0021 0.0019 0.0035 0.0013 0.0026 0.0108 0.0031 0.0135 0.0047 0.0179 0.0042 0.0170 0.0054 0.0476 0.0036 0.0031 0.0050 0.0185 0.0012 0.0066 0.8217 
        TC37  1 0.0032 0.0026 0.0012 0.0027 0.0012 0.0015 0.0030 0.0065 0.0078 0.0062 0.0035 0.0412 0.0064 0.0444 0.0043 0.0194 0.0043 0.0032 0.0059 0.0024 0.0017 0.0062 0.8212 
        TC38  1 0.0014 0.0504 0.0054 0.0017 0.0018 0.0025 0.0038 0.0048 0.0019 0.0308 0.0027 0.0097 0.0018 0.0160 0.0161 0.0323 0.0031 0.0019 0.0414 0.0039 0.0017 0.0040 0.7610 
        TC39  1 0.0012 0.0057 0.0220 0.0017 0.0019 0.0021 0.0030 0.0060 0.0048 0.1568 0.0108 0.0177 0.0019 0.0183 0.0048 0.0213 0.0031 0.0019 0.0071 0.0051 0.0048 0.0043 0.6936 
        TC40  1 0.0009 0.0020 0.0037 0.0014 0.0016 0.0022 0.0027 0.0043 0.0032 0.0396 0.0025 0.0039 0.0039 0.0620 0.0047 0.0339 0.0062 0.0028 0.0050 0.0024 0.0019 0.0063 0.8030 
        TC41  1 0.0013 0.0017 0.0017 0.0014 0.0017 0.0086 0.0023 0.0033 0.0106 0.0098 0.0027 0.0095 0.0291 0.0168 0.0058 0.0200 0.0177 0.0033 0.0052 0.0060 0.0014 0.0043 0.8357 
        TC42  1 0.0011 0.0028 0.0014 0.0011 0.0014 0.0013 0.0016 0.0042 0.0016 0.0361 0.0024 0.0120 0.0020 0.0131 0.0062 0.0231 0.0099 0.0022 0.0033 0.0022 0.0031 0.0067 0.8612 
        TC43  1 0.0013 0.0030 0.0010 0.0014 0.0019 0.0017 0.0028 0.0059 0.0032 0.0481 0.0018 0.0142 0.0044 0.0169 0.0070 0.0322 0.0050 0.0044 0.0059 0.0022 0.0015 0.0054 0.8287 
        TC44  1 0.0011 0.0199 0.0044 0.0012 0.0014 0.0018 0.0048 0.0071 0.0036 0.0253 0.0016 0.0037 0.0018 0.0128 0.0042 0.0279 0.0086 0.0021 0.0046 0.0054 0.0023 0.0121 0.8423 
        TC45  1 0.0033 0.0018 0.0053 0.0023 0.0012 0.0016 0.0022 0.0046 0.0198 0.0063 0.0156 0.0104 0.0017 0.0111 0.0109 0.0166 0.0029 0.0023 0.0155 0.0019 0.0040 0.0039 0.8549 
        TC46  1 0.0015 0.0017 0.0021 0.0013 0.0023 0.0026 0.0020 0.0049 0.0094 0.0102 0.0036 0.0063 0.0021 0.0166 0.0073 0.0403 0.0049 0.0022 0.0078 0.0031 0.0014 0.0117 0.8547 
        TC47  1 0.0009 0.0045 0.0035 0.0010 0.0012 0.0019 0.0050 0.0032 0.0028 0.0187 0.0016 0.0043 0.0029 0.0146 0.0044 0.0215 0.0037 0.0021 0.0045 0.0032 0.0011 0.0193 0.8742 
        TC48  1 0.0020 0.0019 0.0032 0.0014 0.0017 0.0014 0.0024 0.0172 0.0030 0.0198 0.0031 0.0068 0.0068 0.0676 0.0051 0.0209 0.0049 0.0047 0.0109 0.0040 0.0041 0.0091 0.7981 
        TC49  1 0.0015 0.0014 0.0020 0.0025 0.0036 0.0013 0.0036 0.0186 0.0058 0.0125 0.0022 0.0137 0.0030 0.0194 0.0066 0.0164 0.0130 0.0036 0.0053 0.0033 0.0017 0.0072 0.8520 
        TC50  1 0.0013 0.0028 0.0012 0.0012 0.0017 0.0031 0.0035 0.0036 0.0035 0.0088 0.0029 0.0085 0.0051 0.0331 0.0056 0.0238 0.0054 0.0145 0.0078 0.0037 0.0025 0.0130 0.8432 
        TC51  1 0.0014 0.0040 0.0015 0.0011 0.0015 0.0019 0.0060 0.0285 0.0035 0.0336 0.0025 0.0028 0.0028 0.0154 0.0059 0.0231 0.0059 0.0031 0.0063 0.0022 0.0013 0.0065 0.8390 
        TC52  1 0.0009 0.0017 0.0015 0.0013 0.0010 0.0012 0.0016 0.0042 0.0020 0.0108 0.0023 0.0047 0.0018 0.0169 0.0101 0.0795 0.0031 0.0023 0.0074 0.0016 0.0019 0.0036 0.8387 
        TC53  1 0.0014 0.0037 0.0017 0.0024 0.0009 0.0064 0.0015 0.0169 0.0019 0.0212 0.0013 0.0054 0.0028 0.0164 0.0137 0.0156 0.0027 0.0056 0.0032 0.0036 0.0015 0.0200 0.8502 
        TC54  1 0.0019 0.0021 0.0020 0.0020 0.0019 0.0014 0.0028 0.0040 0.0053 0.0288 0.0088 0.0046 0.0028 0.1013 0.0053 0.0200 0.0282 0.0060 0.0064 0.0061 0.0026 0.0072 0.7485 
        TC55  1 0.0010 0.0016 0.0144 0.0018 0.0012 0.0010 0.0037 0.0069 0.0051 0.0369 0.0100 0.0074 0.0295 0.0296 0.0070 0.0431 0.0054 0.0060 0.0068 0.0061 0.0071 0.0062 0.7623 
        TC56  1 0.0033 0.0032 0.0011 0.0019 0.0023 0.0025 0.0043 0.0051 0.0038 0.0203 0.0026 0.0096 0.0027 0.0649 0.0102 0.0247 0.0103 0.0060 0.0160 0.0022 0.0033 0.0076 0.7921 
        TC57  1 0.0021 0.0042 0.0051 0.0035 0.0021 0.0022 0.0029 0.0055 0.0045 0.0090 0.0032 0.0101 0.0036 0.0242 0.0060 0.0209 0.0059 0.0042 0.0042 0.0070 0.0019 0.0147 0.8529 
        TC58  1 0.0017 0.0021 0.0045 0.0009 0.0014 0.0024 0.0233 0.0037 0.0043 0.0114 0.0081 0.0037 0.0019 0.0141 0.0038 0.0214 0.0037 0.0022 0.0048 0.0066 0.0031 0.0100 0.8609 
        TC59  1 0.0009 0.0017 0.0010 0.0009 0.0015 0.0018 0.0041 0.0056 0.0020 0.0194 0.0064 0.0045 0.0018 0.0162 0.0040 0.0188 0.0027 0.0023 0.0031 0.0042 0.0011 0.0052 0.8906 
        TA01  2 0.0010 0.0067 0.0043 0.0009 0.0017 0.0025 0.0026 0.0028 0.0016 0.0157 0.0027 0.0069 0.0034 0.0242 0.0047 0.0147 0.0038 0.0125 0.0044 0.0227 0.0021 0.0067 0.8513 
        TA02  2 0.0027 0.0032 0.0015 0.0013 0.0053 0.0017 0.0017 0.0039 0.0029 0.0109 0.0018 0.0269 0.0028 0.0364 0.0054 0.0624 0.0128 0.0031 0.0072 0.0036 0.0009 0.0041 0.7974 
        TA03  2 0.0020 0.0283 0.0021 0.0015 0.0018 0.0019 0.0028 0.0043 0.0045 0.0118 0.0017 0.0052 0.0024 0.0279 0.0049 0.0215 0.0054 0.0040 0.0046 0.0038 0.0020 0.0173 0.8383 
        TA04  2 0.0022 0.3107 0.0018 0.0016 0.0009 0.0016 0.0022 0.0047 0.0054 0.0368 0.0021 0.0052 0.0027 0.0158 0.0031 0.0218 0.0035 0.0032 0.0042 0.0021 0.0014 0.0078 0.5594 
        TA05  2 0.0011 0.0042 0.0013 0.0017 0.0014 0.0012 0.0025 0.0037 0.0022 0.0076 0.0023 0.0037 0.0023 0.0204 0.0098 0.0278 0.0046 0.0023 0.0067 0.0019 0.0022 0.0056 0.8834 
        TA06  2 0.0006 0.0036 0.0039 0.0007 0.0009 0.0012 0.0051 0.0022 0.0036 0.0198 0.0015 0.0116 0.0033 0.0150 0.0056 0.0209 0.0026 0.0237 0.0040 0.0030 0.0016 0.0061 0.8594 
        TA07  2 0.0020 0.1315 0.0033 0.0016 0.0013 0.0018 0.0039 0.0068 0.0025 0.0145 0.0016 0.0047 0.0020 0.0288 0.0260 0.0366 0.0036 0.0021 0.0043 0.0211 0.0021 0.0053 0.6924 
        TA08  2 0.0038 0.0086 0.0041 0.0010 0.0007 0.0012 0.0020 0.0038 0.0018 0.0422 0.0011 0.0057 0.0017 0.0134 0.0034 0.0138 0.0047 0.0044 0.0058 0.0022 0.0013 0.0212 0.8519 
        TA09  2 0.0012 0.0156 0.0021 0.0009 0.0011 0.0013 0.0019 0.0041 0.0017 0.0191 0.0012 0.0227 0.0017 0.0158 0.0049 0.0540 0.0035 0.0028 0.0032 0.0022 0.0011 0.0054 0.8323 
        TA10  2 0.0015 0.0063 0.0038 0.0026 0.0096 0.0021 0.0424 0.0085 0.0030 0.0184 0.0052 0.0063 0.0018 0.0158 0.0064 0.0196 0.0061 0.0066 0.0048 0.0035 0.0017 0.0069 0.8170 
        TA11  2 0.0015 0.0079 0.0344 0.0012 0.0014 0.0101 0.0216 0.0067 0.0143 0.0155 0.0018 0.0144 0.0020 0.0173 0.0057 0.0182 0.0431 0.0022 0.0076 0.0030 0.0039 0.0144 0.7517 
        TA12  2 0.0014 0.0068 0.0033 0.0024 0.0404 0.0020 0.0048 0.0058 0.0031 0.0117 0.0018 0.0066 0.0022 0.0199 0.0093 0.0138 0.0397 0.0044 0.0039 0.0021 0.0056 0.0139 0.7950 
        TA13  2 0.0013 0.0296 0.0011 0.0023 0.0283 0.0023 0.0054 0.1199 0.0027 0.0827 0.0016 0.0045 0.0023 0.0265 0.0063 0.0269 0.0085 0.0036 0.0048 0.0028 0.0077 0.0063 0.6229 
        TA14  2 0.0009 0.0044 0.0028 0.0008 0.0019 0.0009 0.0016 0.0032 0.0026 0.0198 0.0011 0.0140 0.0020 0.0235 0.0050 0.0433 0.0044 0.0020 0.0030 0.0020 0.0045 0.0039 0.8525 
        TA15  2 0.0020 0.0031 0.0011 0.0009 0.0146 0.0012 0.0023 0.0047 0.0028 0.0264 0.0020 0.0080 0.0022 0.0151 0.0043 0.0158 0.0041 0.0027 0.0029 0.0023 0.0079 0.0043 0.8693 
        TA16  2 0.0108 0.0247 0.0036 0.0015 0.0029 0.0009 0.0231 0.0113 0.0021 0.0706 0.0038 0.0158 0.0019 0.0145 0.0050 0.0482 0.0129 0.0042 0.0041 0.0046 0.0023 0.0074 0.7236 
        TA17  2 0.0048 0.0026 0.0023 0.0012 0.0024 0.0012 0.0019 0.0033 0.0028 0.0229 0.0013 0.0041 0.0022 0.0254 0.0086 0.0245 0.0109 0.0042 0.0035 0.0044 0.0034 0.0163 0.8458 
        TA18  2 0.0051 0.0031 0.0008 0.0013 0.0026 0.0024 0.0077 0.0034 0.0047 0.0118 0.0025 0.0105 0.0437 0.0151 0.0074 0.0254 0.0039 0.0226 0.0034 0.0040 0.0010 0.0063 0.8113 
        TA19  2 0.0013 0.0213 0.0022 0.0012 0.0028 0.0033 0.0075 0.0061 0.0063 0.0282 0.0023 0.0085 0.0079 0.0200 0.0071 0.0236 0.0036 0.0033 0.0040 0.0024 0.0010 0.0738 0.7622 
        TA20  2 0.0058 0.0029 0.0139 0.0032 0.1090 0.0019 0.0020 0.0028 0.0024 0.0182 0.0015 0.0220 0.0020 0.0444 0.0081 0.0163 0.0065 0.0026 0.0050 0.0071 0.0013 0.0053 0.7159 
        TA21  2 0.0021 0.0044 0.0265 0.0029 0.0022 0.0011 0.0025 0.0091 0.0025 0.0519 0.0014 0.0146 0.0019 0.0440 0.0052 0.0414 0.0065 0.0086 0.0049 0.0079 0.0021 0.0055 0.7508 
        TA22  2 0.0015 0.0018 0.0012 0.0010 0.0017 0.0027 0.0016 0.0024 0.0031 0.0480 0.0012 0.0209 0.0039 0.0473 0.0034 0.0162 0.0027 0.0055 0.0037 0.0062 0.0064 0.0039 0.8135 
        TA23  2 0.0012 0.0039 0.0015 0.0009 0.0016 0.0011 0.0021 0.0033 0.0024 0.1034 0.0012 0.1338 0.0030 0.0200 0.0031 0.0172 0.0060 0.0047 0.0036 0.0034 0.0015 0.0052 0.6760 
        TA24  2 0.0013 0.0025 0.0010 0.0282 0.0015 0.0026 0.0021 0.0061 0.0054 0.0114 0.0017 0.0058 0.0017 0.0169 0.0062 0.0410 0.0046 0.0037 0.0039 0.0148 0.0010 0.0098 0.8266 
        TA25  2 0.0020 0.0030 0.0020 0.0034 0.0070 0.0021 0.1179 0.0081 0.0033 0.0259 0.0025 0.0094 0.0017 0.0111 0.0069 0.0194 0.0158 0.0197 0.0046 0.0029 0.0012 0.0089 0.7213 
        TA26  2 0.0015 0.0181 0.0237 0.0017 0.0017 0.0031 0.0053 0.0038 0.0020 0.0643 0.0014 0.0078 0.0035 0.0260 0.0037 0.0165 0.0074 0.0028 0.0163 0.0026 0.0111 0.0136 0.7618 
        TA27  2 0.0014 0.0038 0.0016 0.0017 0.0263 0.0027 0.0025 0.0046 0.0024 0.0126 0.0033 0.0814 0.0030 0.0249 0.0047 0.0238 0.0090 0.0042 0.0035 0.0040 0.0031 0.0101 0.7653 
        TA28  2 0.0017 0.0050 0.0028 0.0012 0.0028 0.0031 0.0020 0.0087 0.0042 0.0128 0.0019 0.0244 0.0029 0.0355 0.0054 0.0519 0.0130 0.0022 0.0126 0.0050 0.0010 0.0048 0.7950 
        TA29  2 0.0017 0.0020 0.0015 0.0013 0.0022 0.0017 0.0026 0.0039 0.0029 0.0505 0.0029 0.0063 0.0028 0.0143 0.0061 0.0200 0.0041 0.0031 0.0039 0.0036 0.0052 0.0148 0.8427 
        TA30  2 0.0013 0.1694 0.1032 0.0025 0.0032 0.0015 0.0025 0.0153 0.0027 0.0228 0.0021 0.0297 0.0033 0.0329 0.0044 0.0211 0.0086 0.0039 0.0057 0.0017 0.0060 0.0225 0.5335 
      BERM01  3 0.0008 0.0248 0.0018 0.0008 0.0012 0.0010 0.0019 0.0036 0.0017 0.9024 0.0012 0.0026 0.0028 0.0151 0.0036 0.0125 0.0039 0.0024 0.0031 0.0019 0.0014 0.0039 0.0057 
      BERM02  3 0.0010 0.0041 0.0019 0.0009 0.0013 0.0011 0.0016 0.0038 0.0024 0.9117 0.0017 0.0047 0.0061 0.0156 0.0039 0.0132 0.0029 0.0022 0.0038 0.0016 0.0015 0.0032 0.0096 
      BERM03  3 0.0007 0.0015 0.0019 0.0008 0.0011 0.0015 0.0021 0.0048 0.0018 0.9218 0.0019 0.0026 0.0024 0.0139 0.0035 0.0154 0.0033 0.0018 0.0034 0.0024 0.0020 0.0047 0.0047 
      BERM04  3 0.0008 0.0024 0.0030 0.0008 0.0008 0.0010 0.0024 0.0035 0.0016 0.9259 0.0016 0.0018 0.0020 0.0122 0.0030 0.0147 0.0024 0.0018 0.0040 0.0020 0.0019 0.0058 0.0046 
      BERM05  3 0.0009 0.0033 0.0014 0.0008 0.0010 0.0022 0.0025 0.0030 0.0018 0.9074 0.0038 0.0020 0.0019 0.0161 0.0032 0.0221 0.0033 0.0028 0.0049 0.0024 0.0038 0.0054 0.0040 
      BERM06  3 0.0009 0.0108 0.0139 0.0010 0.0010 0.0009 0.0015 0.0029 0.0035 0.8899 0.0092 0.0029 0.0023 0.0114 0.0039 0.0167 0.0031 0.0027 0.0044 0.0027 0.0013 0.0050 0.0080 
      BERM07  3 0.0010 0.0056 0.0024 0.0008 0.0010 0.0013 0.0030 0.0040 0.0025 0.9084 0.0014 0.0035 0.0019 0.0143 0.0040 0.0150 0.0041 0.0019 0.0037 0.0019 0.0016 0.0080 0.0087 
      BERM08  3 0.0007 0.0039 0.0010 0.0007 0.0010 0.0009 0.0017 0.0022 0.0015 0.9329 0.0011 0.0020 0.0018 0.0097 0.0039 0.0117 0.0023 0.0033 0.0041 0.0017 0.0009 0.0038 0.0072 
      BERM09  3 0.0010 0.3543 0.0017 0.0008 0.0009 0.0019 0.0020 0.0047 0.0027 0.5583 0.0018 0.0082 0.0042 0.0132 0.0030 0.0128 0.0027 0.0022 0.0027 0.0023 0.0009 0.0042 0.0136 
      BERM10  3 0.0008 0.0064 0.0101 0.0041 0.0012 0.0017 0.0020 0.0037 0.0025 0.8552 0.0029 0.0098 0.0029 0.0133 0.0259 0.0168 0.0050 0.0021 0.0057 0.0049 0.0018 0.0119 0.0095 
      BERM11  3 0.0011 0.0153 0.0018 0.0009 0.0011 0.0009 0.0023 0.0032 0.0025 0.9082 0.0022 0.0035 0.0020 0.0144 0.0036 0.0127 0.0021 0.0027 0.0043 0.0014 0.0010 0.0040 0.0088 
      BERM12  3 0.0009 0.0024 0.0029 0.0008 0.0008 0.0011 0.0027 0.0028 0.0018 0.8629 0.0011 0.0046 0.0023 0.0139 0.0034 0.0464 0.0031 0.0056 0.0200 0.0013 0.0009 0.0115 0.0068 
      BERM13  3 0.0009 0.0053 0.0008 0.0017 0.0012 0.0012 0.0025 0.0038 0.0043 0.8927 0.0027 0.0030 0.0022 0.0128 0.0032 0.0380 0.0031 0.0021 0.0032 0.0022 0.0015 0.0057 0.0059 
      BERM14  3 0.0012 0.0049 0.0132 0.0007 0.0012 0.0018 0.0025 0.0036 0.0018 0.9001 0.0013 0.0027 0.0019 0.0119 0.0032 0.0207 0.0025 0.0022 0.0033 0.0018 0.0012 0.0045 0.0119 
      CROC01  3 0.0013 0.0059 0.0014 0.0012 0.0011 0.0069 0.0033 0.0084 0.0055 0.8269 0.0038 0.0034 0.0056 0.0512 0.0034 0.0300 0.0075 0.0034 0.0048 0.0032 0.0022 0.0128 0.0069 
      CROC02  3 0.0014 0.0032 0.0060 0.0068 0.0010 0.0014 0.0029 0.0041 0.0075 0.8195 0.0239 0.0051 0.0019 0.0186 0.0042 0.0609 0.0032 0.0047 0.0067 0.0033 0.0032 0.0043 0.0062 
      CROC03  3 0.0011 0.0102 0.0063 0.0009 0.0013 0.0012 0.0023 0.0029 0.0038 0.8692 0.0023 0.0044 0.0022 0.0201 0.0063 0.0282 0.0050 0.0025 0.0115 0.0021 0.0016 0.0075 0.0072 
      CROC04  3 0.0008 0.0022 0.0010 0.0014 0.0012 0.0017 0.0020 0.0030 0.0036 0.8085 0.0157 0.0561 0.0019 0.0127 0.0064 0.0234 0.0056 0.0022 0.0031 0.0269 0.0015 0.0048 0.0144 
      CROC05  3 0.0011 0.0047 0.0058 0.0009 0.0017 0.0013 0.0034 0.0057 0.0020 0.8918 0.0153 0.0033 0.0028 0.0153 0.0041 0.0178 0.0029 0.0029 0.0038 0.0026 0.0017 0.0042 0.0047 
      CROC06  3 0.0010 0.0044 0.0029 0.0013 0.0009 0.0017 0.0091 0.0025 0.0046 0.7955 0.0040 0.0045 0.0024 0.0279 0.0107 0.0431 0.0047 0.0246 0.0058 0.0233 0.0010 0.0053 0.0189 
      CROC07  3 0.0010 0.0065 0.0021 0.0016 0.0014 0.0032 0.0023 0.0061 0.0059 0.8612 0.0081 0.0182 0.0024 0.0180 0.0046 0.0191 0.0039 0.0084 0.0040 0.0030 0.0021 0.0065 0.0104 
      CROC08  3 0.0010 0.0027 0.0016 0.0009 0.0070 0.0050 0.0046 0.0185 0.0019 0.8449 0.0013 0.0059 0.0043 0.0403 0.0042 0.0222 0.0030 0.0044 0.0088 0.0031 0.0015 0.0072 0.0055 
      CROC09  3 0.0008 0.0606 0.0089 0.0007 0.0012 0.0012 0.0017 0.0029 0.0019 0.7851 0.0017 0.0022 0.0037 0.0376 0.0403 0.0274 0.0022 0.0022 0.0054 0.0024 0.0017 0.0034 0.0047 
      CROC10  3 0.0009 0.0712 0.0016 0.0007 0.0009 0.0012 0.0030 0.0052 0.0020 0.8455 0.0019 0.0041 0.0065 0.0112 0.0036 0.0145 0.0027 0.0028 0.0044 0.0018 0.0045 0.0041 0.0057 
      CROC11  3 0.0008 0.0602 0.0092 0.0007 0.0012 0.0013 0.0018 0.0028 0.0019 0.7851 0.0017 0.0022 0.0039 0.0381 0.0399 0.0272 0.0023 0.0023 0.0054 0.0022 0.0016 0.0034 0.0048 
     CROC110  3 0.0011 0.0174 0.0043 0.0011 0.0018 0.0014 0.0021 0.0343 0.0023 0.8107 0.0039 0.0044 0.0036 0.0251 0.0134 0.0388 0.0042 0.0025 0.0033 0.0056 0.0011 0.0069 0.0108 
     CROC116  3 0.0014 0.0026 0.0071 0.0014 0.0019 0.0028 0.0023 0.0046 0.0029 0.7925 0.0050 0.0096 0.0042 0.0228 0.0057 0.0563 0.0116 0.0238 0.0081 0.0049 0.0055 0.0062 0.0167 
      CROC12  3 0.0007 0.0024 0.0018 0.0012 0.0018 0.0010 0.0017 0.0049 0.0022 0.9167 0.0012 0.0040 0.0023 0.0135 0.0057 0.0144 0.0035 0.0019 0.0037 0.0046 0.0012 0.0037 0.0058 
     CROC123  3 0.0006 0.0039 0.0046 0.0008 0.0020 0.0008 0.0014 0.0058 0.0017 0.9184 0.0014 0.0031 0.0029 0.0104 0.0031 0.0180 0.0021 0.0017 0.0038 0.0014 0.0015 0.0031 0.0075 
      CROC13  3 0.0008 0.0020 0.0057 0.0008 0.0009 0.0017 0.0029 0.0033 0.0017 0.9061 0.0026 0.0029 0.0015 0.0122 0.0038 0.0146 0.0044 0.0020 0.0094 0.0021 0.0076 0.0058 0.0050 
      CROC14  3 0.0026 0.0045 0.0064 0.0021 0.0020 0.0008 0.0334 0.0038 0.0024 0.8317 0.0032 0.0030 0.0016 0.0236 0.0363 0.0133 0.0024 0.0039 0.0055 0.0038 0.0011 0.0029 0.0097 
      CROC15  3 0.0023 0.0019 0.0017 0.0015 0.0012 0.0011 0.0053 0.0038 0.0019 0.7864 0.0017 0.0022 0.0027 0.0336 0.0065 0.1174 0.0033 0.0021 0.0080 0.0024 0.0014 0.0053 0.0063 
      CROC16  3 0.0010 0.0189 0.0073 0.0009 0.0016 0.0018 0.0028 0.0079 0.0022 0.8179 0.0224 0.0018 0.0024 0.0269 0.0045 0.0281 0.0053 0.0038 0.0157 0.0041 0.0125 0.0055 0.0048 
      CROC17  3 0.0035 0.0016 0.0015 0.0007 0.0010 0.0008 0.0016 0.0027 0.0019 0.8251 0.0011 0.1077 0.0021 0.0106 0.0030 0.0116 0.0042 0.0019 0.0037 0.0031 0.0009 0.0035 0.0061 
      CROC18  3 0.0012 0.0020 0.0019 0.0007 0.0019 0.0049 0.0017 0.0057 0.0142 0.8818 0.0015 0.0028 0.0028 0.0144 0.0033 0.0223 0.0034 0.0028 0.0131 0.0020 0.0012 0.0047 0.0098 
      CROC19  3 0.0013 0.0042 0.0010 0.0055 0.0011 0.0025 0.0027 0.0035 0.0047 0.8460 0.0186 0.0120 0.0025 0.0168 0.0206 0.0226 0.0038 0.0026 0.0043 0.0044 0.0012 0.0092 0.0089 
     CROC198  3 0.0008 0.0065 0.0084 0.0018 0.0010 0.0017 0.0028 0.0040 0.0020 0.8998 0.0022 0.0028 0.0029 0.0160 0.0037 0.0123 0.0059 0.0022 0.0038 0.0018 0.0022 0.0106 0.0051 
      CROC20  3 0.0019 0.0048 0.0029 0.0013 0.0028 0.0013 0.0025 0.0055 0.0106 0.8718 0.0029 0.0027 0.0019 0.0192 0.0051 0.0257 0.0098 0.0042 0.0066 0.0032 0.0020 0.0058 0.0054 
     CROC202  3 0.0009 0.0029 0.0083 0.0011 0.0010 0.0038 0.0033 0.0033 0.0025 0.8870 0.0018 0.0028 0.0020 0.0128 0.0040 0.0198 0.0052 0.0041 0.0152 0.0021 0.0015 0.0080 0.0065 
      CROC21  3 0.0010 0.0048 0.0013 0.0010 0.0013 0.0011 0.0025 0.0057 0.0021 0.8872 0.0016 0.0031 0.0032 0.0197 0.0185 0.0162 0.0038 0.0021 0.0047 0.0017 0.0028 0.0050 0.0098 
     CROC216  3 0.0008 0.0103 0.0015 0.0010 0.0017 0.0015 0.0022 0.0042 0.0021 0.8540 0.0018 0.0036 0.0037 0.0183 0.0042 0.0570 0.0033 0.0023 0.0060 0.0039 0.0014 0.0046 0.0103 
      CROC22  3 0.0014 0.0068 0.0195 0.0009 0.0509 0.0019 0.0024 0.0176 0.0025 0.8090 0.0023 0.0047 0.0039 0.0126 0.0050 0.0196 0.0031 0.0019 0.0050 0.0019 0.0018 0.0159 0.0092 
      CROC23  3 0.0012 0.0458 0.0010 0.0013 0.0017 0.0013 0.0023 0.0069 0.0025 0.8263 0.0017 0.0079 0.0071 0.0196 0.0053 0.0189 0.0042 0.0077 0.0048 0.0023 0.0040 0.0053 0.0210 
      CROC24  3 0.0012 0.0199 0.0138 0.0012 0.0019 0.0017 0.0020 0.0029 0.0018 0.8708 0.0035 0.0045 0.0018 0.0198 0.0057 0.0180 0.0031 0.0018 0.0088 0.0032 0.0017 0.0039 0.0072 
      CROC25  3 0.0009 0.0025 0.0029 0.0009 0.0008 0.0011 0.0023 0.0032 0.0022 0.9193 0.0018 0.0028 0.0040 0.0142 0.0029 0.0171 0.0027 0.0019 0.0034 0.0021 0.0010 0.0042 0.0060 
     CROC259  3 0.0014 0.0059 0.0016 0.0010 0.0018 0.0012 0.0191 0.0024 0.0017 0.8436 0.0086 0.0292 0.0018 0.0144 0.0040 0.0147 0.0044 0.0022 0.0052 0.0028 0.0029 0.0053 0.0248 
      CROC26  3 0.0011 0.0032 0.0021 0.0009 0.0010 0.0016 0.0029 0.0024 0.0017 0.8317 0.0013 0.0560 0.0028 0.0190 0.0034 0.0202 0.0044 0.0031 0.0048 0.0020 0.0014 0.0080 0.0253 
      CROC27  3 0.0012 0.0136 0.0050 0.0018 0.0025 0.0012 0.0021 0.0038 0.0029 0.8175 0.0135 0.0078 0.0028 0.0328 0.0041 0.0216 0.0067 0.0029 0.0044 0.0017 0.0013 0.0068 0.0420 
      CROC28  3 0.0008 0.0664 0.0656 0.0008 0.0014 0.0012 0.0023 0.0036 0.0014 0.7160 0.0014 0.0073 0.0020 0.0165 0.0047 0.0180 0.0034 0.0022 0.0037 0.0049 0.0012 0.0039 0.0712 
      CROC29  3 0.0009 0.0023 0.0024 0.0012 0.0015 0.0012 0.0019 0.0045 0.0019 0.8966 0.0028 0.0028 0.0023 0.0250 0.0035 0.0238 0.0032 0.0022 0.0043 0.0025 0.0019 0.0045 0.0068 
      CROC30  3 0.0017 0.0051 0.0056 0.0035 0.0024 0.0013 0.0024 0.0060 0.0042 0.8009 0.0072 0.0041 0.0039 0.0253 0.0059 0.0458 0.0078 0.0033 0.0057 0.0412 0.0013 0.0045 0.0111 
      CROC31  3 0.0020 0.0553 0.0032 0.0027 0.0013 0.0018 0.0028 0.0081 0.0024 0.7722 0.0017 0.0120 0.0030 0.0208 0.0044 0.0223 0.0116 0.0255 0.0044 0.0038 0.0061 0.0046 0.0282 
      CROC32  3 0.0009 0.0029 0.0103 0.0012 0.0009 0.0014 0.0023 0.0048 0.0022 0.9113 0.0040 0.0033 0.0016 0.0114 0.0039 0.0151 0.0027 0.0019 0.0035 0.0026 0.0017 0.0045 0.0056 
      CROC33  3 0.0007 0.0028 0.0010 0.0010 0.0016 0.0015 0.0013 0.0029 0.0025 0.8547 0.0093 0.0029 0.0022 0.0555 0.0080 0.0235 0.0037 0.0022 0.0048 0.0023 0.0011 0.0050 0.0094 
      CROC34  3 0.0009 0.0024 0.0010 0.0009 0.0011 0.0011 0.0029 0.0029 0.0027 0.9065 0.0020 0.0030 0.0022 0.0204 0.0031 0.0182 0.0039 0.0028 0.0042 0.0030 0.0011 0.0065 0.0073 
      CROC35  3 0.0035 0.0091 0.0016 0.0032 0.0011 0.0008 0.0019 0.0028 0.0015 0.8775 0.0012 0.0054 0.0024 0.0100 0.0322 0.0106 0.0045 0.0021 0.0030 0.0037 0.0009 0.0028 0.0182 
      CROC36  3 0.0010 0.0065 0.0027 0.0009 0.0010 0.0017 0.0027 0.0038 0.0018 0.9053 0.0032 0.0023 0.0066 0.0141 0.0039 0.0189 0.0025 0.0023 0.0041 0.0021 0.0036 0.0040 0.0051 
      CROC57  3 0.0009 0.0023 0.0013 0.0008 0.0010 0.0019 0.0041 0.0041 0.0020 0.9159 0.0018 0.0022 0.0017 0.0173 0.0034 0.0178 0.0029 0.0023 0.0040 0.0022 0.0014 0.0044 0.0042 
      CROC81  3 0.0009 0.0035 0.0066 0.0015 0.0013 0.0034 0.0023 0.0053 0.0037 0.8448 0.0034 0.0030 0.0039 0.0443 0.0037 0.0273 0.0044 0.0024 0.0191 0.0035 0.0023 0.0042 0.0055 
      CROC84  3 0.0006 0.0078 0.0033 0.0006 0.0009 0.0010 0.0016 0.0026 0.0013 0.9142 0.0011 0.0030 0.0016 0.0101 0.0031 0.0191 0.0027 0.0035 0.0076 0.0013 0.0011 0.0056 0.0062 
        FW01  3 0.0007 0.0013 0.9296 0.0008 0.0008 0.0011 0.0018 0.0029 0.0018 0.0060 0.0012 0.0017 0.0015 0.0128 0.0042 0.0133 0.0027 0.0017 0.0040 0.0013 0.0012 0.0040 0.0036 
        FW02  3 0.0005 0.9428 0.0009 0.0006 0.0007 0.0008 0.0015 0.0024 0.0014 0.0061 0.0010 0.0017 0.0020 0.0095 0.0030 0.0105 0.0021 0.0015 0.0026 0.0012 0.0009 0.0031 0.0031 
        FW03  3 0.0006 0.0012 0.9413 0.0007 0.0007 0.0008 0.0015 0.0023 0.0015 0.0050 0.0011 0.0017 0.0015 0.0102 0.0029 0.0117 0.0020 0.0015 0.0032 0.0013 0.0009 0.0032 0.0033 
        FW04  3 0.0005 0.9426 0.0009 0.0006 0.0007 0.0008 0.0015 0.0024 0.0014 0.0060 0.0010 0.0017 0.0020 0.0096 0.0029 0.0106 0.0021 0.0015 0.0026 0.0012 0.0009 0.0031 0.0031 
        FW05  3 0.0006 0.9426 0.0009 0.0006 0.0007 0.0008 0.0015 0.0024 0.0014 0.0060 0.0010 0.0017 0.0019 0.0096 0.0030 0.0107 0.0021 0.0015 0.0026 0.0012 0.0009 0.0031 0.0031 
        FW06  3 0.0006 0.9423 0.0009 0.0006 0.0007 0.0008 0.0015 0.0024 0.0014 0.0062 0.0010 0.0017 0.0020 0.0095 0.0029 0.0107 0.0021 0.0015 0.0026 0.0012 0.0009 0.0031 0.0032 
        FW07  3 0.0006 0.0012 0.9413 0.0007 0.0007 0.0008 0.0015 0.0023 0.0014 0.0049 0.0011 0.0017 0.0015 0.0102 0.0029 0.0117 0.0020 0.0015 0.0031 0.0012 0.0009 0.0032 0.0033 
        FW08  3 0.0005 0.9427 0.0009 0.0006 0.0008 0.0008 0.0015 0.0024 0.0014 0.0060 0.0010 0.0017 0.0019 0.0095 0.0030 0.0106 0.0021 0.0015 0.0026 0.0012 0.0009 0.0031 0.0032 
        FW09  3 0.0006 0.9426 0.0009 0.0006 0.0007 0.0008 0.0015 0.0024 0.0014 0.0060 0.0010 0.0017 0.0019 0.0095 0.0029 0.0106 0.0021 0.0015 0.0027 0.0012 0.0009 0.0031 0.0032 
        FW10  3 0.0006 0.0012 0.9407 0.0007 0.0007 0.0008 0.0015 0.0024 0.0014 0.0049 0.0010 0.0017 0.0016 0.0106 0.0029 0.0118 0.0021 0.0016 0.0031 0.0013 0.0010 0.0032 0.0034 
       FW100  3 0.0006 0.0014 0.9407 0.0007 0.0007 0.0008 0.0015 0.0023 0.0014 0.0051 0.0010 0.0016 0.0015 0.0106 0.0029 0.0115 0.0021 0.0016 0.0031 0.0012 0.0010 0.0032 0.0035 
       FW101  3 0.0006 0.0012 0.9408 0.0007 0.0007 0.0008 0.0015 0.0023 0.0014 0.0049 0.0010 0.0017 0.0016 0.0105 0.0029 0.0119 0.0021 0.0015 0.0031 0.0013 0.0010 0.0032 0.0034 
       FW102  3 0.0006 0.9427 0.0009 0.0006 0.0007 0.0008 0.0015 0.0024 0.0014 0.0060 0.0010 0.0017 0.0019 0.0095 0.0030 0.0106 0.0021 0.0015 0.0026 0.0012 0.0009 0.0031 0.0032 
       FW103  3 0.0006 0.9427 0.0009 0.0006 0.0007 0.0008 0.0016 0.0024 0.0014 0.0060 0.0010 0.0017 0.0019 0.0095 0.0030 0.0106 0.0021 0.0015 0.0026 0.0012 0.0009 0.0031 0.0032 
       FW104  3 0.0007 0.0012 0.9296 0.0008 0.0009 0.0011 0.0018 0.0029 0.0018 0.0059 0.0012 0.0018 0.0015 0.0127 0.0043 0.0132 0.0028 0.0017 0.0040 0.0014 0.0012 0.0040 0.0036 
       FW105  3 0.0006 0.0012 0.9406 0.0007 0.0007 0.0008 0.0015 0.0024 0.0015 0.0049 0.0010 0.0017 0.0016 0.0105 0.0029 0.0119 0.0021 0.0015 0.0031 0.0013 0.0010 0.0033 0.0034 
       FW106  3 0.0028 0.0794 0.0032 0.0012 0.0030 0.0011 0.0020 0.0045 0.0525 0.6895 0.0017 0.0075 0.0038 0.0197 0.0072 0.0516 0.0348 0.0037 0.0066 0.0022 0.0020 0.0076 0.0122 
       FW107  3 0.0006 0.0013 0.9299 0.0008 0.0009 0.0012 0.0018 0.0029 0.0018 0.0060 0.0012 0.0017 0.0015 0.0126 0.0042 0.0131 0.0027 0.0017 0.0039 0.0014 0.0012 0.0040 0.0036 
       FW108  3 0.0006 0.9422 0.0009 0.0006 0.0008 0.0008 0.0015 0.0025 0.0014 0.0063 0.0010 0.0017 0.0020 0.0095 0.0029 0.0106 0.0021 0.0015 0.0026 0.0012 0.0009 0.0031 0.0032 
       FW109  3 0.0006 0.0012 0.9409 0.0007 0.0007 0.0008 0.0015 0.0024 0.0014 0.0049 0.0010 0.0016 0.0016 0.0105 0.0029 0.0118 0.0020 0.0015 0.0031 0.0013 0.0010 0.0032 0.0034 
        FW11  3 0.0006 0.0014 0.9406 0.0006 0.0007 0.0008 0.0014 0.0023 0.0014 0.0051 0.0010 0.0017 0.0016 0.0105 0.0029 0.0115 0.0021 0.0016 0.0031 0.0013 0.0010 0.0032 0.0035 
       FW110  3 0.0006 0.0012 0.9413 0.0007 0.0007 0.0008 0.0015 0.0023 0.0015 0.0049 0.0011 0.0017 0.0015 0.0102 0.0029 0.0117 0.0020 0.0015 0.0031 0.0012 0.0009 0.0033 0.0033 
       FW111  3 0.0006 0.9427 0.0009 0.0006 0.0008 0.0008 0.0015 0.0024 0.0014 0.0060 0.0010 0.0017 0.0019 0.0095 0.0029 0.0107 0.0021 0.0015 0.0027 0.0012 0.0009 0.0031 0.0032 
       FW112  3 0.0006 0.0013 0.9404 0.0006 0.0007 0.0008 0.0014 0.0024 0.0015 0.0052 0.0010 0.0017 0.0015 0.0105 0.0029 0.0116 0.0021 0.0016 0.0031 0.0013 0.0010 0.0032 0.0035 
       FW113  3 0.0006 0.9427 0.0009 0.0006 0.0007 0.0008 0.0015 0.0025 0.0014 0.0061 0.0010 0.0017 0.0019 0.0095 0.0029 0.0106 0.0021 0.0015 0.0027 0.0012 0.0009 0.0031 0.0032 
       FW114  3 0.0009 0.0013 0.9318 0.0009 0.0012 0.0009 0.0015 0.0026 0.0015 0.0054 0.0015 0.0026 0.0017 0.0106 0.0036 0.0123 0.0025 0.0019 0.0032 0.0016 0.0010 0.0033 0.0062 
       FW115  3 0.0006 0.0012 0.9407 0.0007 0.0007 0.0008 0.0014 0.0024 0.0015 0.0049 0.0011 0.0017 0.0016 0.0106 0.0029 0.0119 0.0021 0.0015 0.0031 0.0012 0.0010 0.0032 0.0034 
       FW116  3 0.0006 0.9427 0.0009 0.0006 0.0007 0.0008 0.0015 0.0024 0.0014 0.0061 0.0011 0.0017 0.0019 0.0095 0.0029 0.0106 0.0021 0.0015 0.0026 0.0012 0.0009 0.0031 0.0031 
        FW12  3 0.0005 0.9427 0.0009 0.0006 0.0007 0.0008 0.0015 0.0024 0.0014 0.0060 0.0010 0.0017 0.0020 0.0095 0.0029 0.0106 0.0021 0.0015 0.0026 0.0012 0.0009 0.0031 0.0032 
        FW13  3 0.0006 0.9423 0.0009 0.0006 0.0007 0.0008 0.0015 0.0024 0.0014 0.0063 0.0010 0.0017 0.0019 0.0095 0.0030 0.0106 0.0021 0.0015 0.0026 0.0012 0.0009 0.0031 0.0033 
        FW14  3 0.0007 0.0013 0.9297 0.0008 0.0009 0.0012 0.0018 0.0029 0.0018 0.0059 0.0012 0.0017 0.0015 0.0126 0.0043 0.0130 0.0028 0.0017 0.0040 0.0014 0.0012 0.0041 0.0036 
        FW15  3 0.0007 0.0013 0.9297 0.0008 0.0009 0.0011 0.0018 0.0029 0.0019 0.0060 0.0012 0.0018 0.0015 0.0127 0.0042 0.0132 0.0028 0.0017 0.0040 0.0014 0.0011 0.0040 0.0036 
        FW16  3 0.0006 0.0012 0.9406 0.0006 0.0007 0.0008 0.0014 0.0024 0.0015 0.0049 0.0010 0.0017 0.0015 0.0105 0.0029 0.0119 0.0021 0.0015 0.0032 0.0013 0.0010 0.0032 0.0034 
        FW17  3 0.0006 0.0012 0.9407 0.0006 0.0007 0.0008 0.0014 0.0024 0.0015 0.0049 0.0010 0.0017 0.0016 0.0106 0.0029 0.0119 0.0020 0.0015 0.0031 0.0012 0.0010 0.0033 0.0034 
        FW18  3 0.0006 0.0014 0.9405 0.0007 0.0007 0.0008 0.0015 0.0024 0.0014 0.0051 0.0010 0.0017 0.0015 0.0106 0.0029 0.0116 0.0021 0.0016 0.0032 0.0012 0.0010 0.0033 0.0034 
        FW19  3 0.0006 0.9428 0.0009 0.0006 0.0007 0.0008 0.0015 0.0024 0.0014 0.0061 0.0010 0.0016 0.0019 0.0095 0.0029 0.0106 0.0021 0.0015 0.0027 0.0012 0.0009 0.0031 0.0032 
        FW20  3 0.0005 0.9427 0.0009 0.0006 0.0007 0.0008 0.0015 0.0024 0.0014 0.0061 0.0010 0.0017 0.0019 0.0095 0.0029 0.0107 0.0021 0.0015 0.0026 0.0012 0.0009 0.0031 0.0031 
        FW21  3 0.0006 0.9425 0.0009 0.0006 0.0008 0.0008 0.0015 0.0025 0.0014 0.0060 0.0010 0.0017 0.0020 0.0096 0.0029 0.0106 0.0021 0.0015 0.0026 0.0012 0.0009 0.0031 0.0032 
        FW22  3 0.0006 0.0014 0.9405 0.0007 0.0007 0.0008 0.0015 0.0023 0.0014 0.0052 0.0010 0.0017 0.0015 0.0106 0.0029 0.0115 0.0021 0.0016 0.0031 0.0013 0.0010 0.0032 0.0035 
        FW23  3 0.0006 0.9426 0.0009 0.0006 0.0007 0.0008 0.0015 0.0025 0.0014 0.0061 0.0010 0.0017 0.0019 0.0095 0.0030 0.0106 0.0021 0.0015 0.0026 0.0012 0.0009 0.0031 0.0032 
        FW24  3 0.0006 0.9426 0.0009 0.0006 0.0007 0.0008 0.0015 0.0024 0.0014 0.0061 0.0010 0.0017 0.0020 0.0095 0.0029 0.0106 0.0021 0.0015 0.0026 0.0012 0.0009 0.0031 0.0032 
        FW25  3 0.0005 0.9425 0.0009 0.0006 0.0007 0.0008 0.0015 0.0024 0.0014 0.0062 0.0010 0.0017 0.0019 0.0095 0.0029 0.0106 0.0021 0.0015 0.0026 0.0012 0.0009 0.0031 0.0032 
        FW26  3 0.0006 0.9427 0.0009 0.0006 0.0007 0.0008 0.0015 0.0024 0.0014 0.0061 0.0010 0.0017 0.0020 0.0095 0.0030 0.0106 0.0021 0.0015 0.0026 0.0012 0.0009 0.0031 0.0031 
        FW27  3 0.0006 0.0012 0.9407 0.0006 0.0007 0.0008 0.0014 0.0024 0.0014 0.0049 0.0010 0.0017 0.0015 0.0106 0.0029 0.0118 0.0021 0.0015 0.0031 0.0013 0.0010 0.0032 0.0034 
        FW28  3 0.0005 0.9425 0.0009 0.0006 0.0008 0.0008 0.0015 0.0025 0.0014 0.0062 0.0010 0.0017 0.0019 0.0095 0.0029 0.0106 0.0021 0.0015 0.0026 0.0012 0.0009 0.0031 0.0033 
        FW29  3 0.0006 0.9426 0.0009 0.0006 0.0008 0.0008 0.0016 0.0024 0.0014 0.0061 0.0010 0.0017 0.0019 0.0095 0.0030 0.0106 0.0021 0.0015 0.0026 0.0012 0.0009 0.0031 0.0032 
        FW30  3 0.0026 0.0787 0.0032 0.0012 0.0029 0.0012 0.0020 0.0045 0.0513 0.6910 0.0017 0.0068 0.0039 0.0196 0.0073 0.0516 0.0364 0.0036 0.0067 0.0022 0.0020 0.0076 0.0122 
        FW32  3 0.0007 0.0013 0.9295 0.0008 0.0009 0.0011 0.0018 0.0030 0.0018 0.0060 0.0012 0.0017 0.0015 0.0126 0.0042 0.0132 0.0028 0.0017 0.0040 0.0014 0.0011 0.0041 0.0037 
        FW33  3 0.0010 0.9210 0.0009 0.0006 0.0008 0.0008 0.0016 0.0069 0.0014 0.0111 0.0012 0.0025 0.0121 0.0095 0.0029 0.0107 0.0021 0.0015 0.0026 0.0013 0.0009 0.0031 0.0036 
        FW34  3 0.0006 0.9427 0.0009 0.0006 0.0007 0.0008 0.0015 0.0024 0.0014 0.0061 0.0010 0.0017 0.0019 0.0095 0.0029 0.0106 0.0021 0.0015 0.0026 0.0012 0.0009 0.0031 0.0032 
        FW35  3 0.0006 0.9427 0.0009 0.0006 0.0008 0.0008 0.0015 0.0024 0.0014 0.0060 0.0011 0.0017 0.0020 0.0095 0.0029 0.0106 0.0021 0.0015 0.0026 0.0012 0.0009 0.0031 0.0032 
        FW36  3 0.0006 0.9426 0.0009 0.0006 0.0008 0.0008 0.0015 0.0024 0.0014 0.0060 0.0010 0.0017 0.0019 0.0094 0.0030 0.0107 0.0021 0.0015 0.0026 0.0012 0.0009 0.0031 0.0032 
        FW37  3 0.0006 0.0012 0.9410 0.0006 0.0007 0.0008 0.0014 0.0024 0.0015 0.0049 0.0010 0.0017 0.0016 0.0105 0.0029 0.0118 0.0021 0.0015 0.0031 0.0013 0.0010 0.0032 0.0034 
        FW51  3 0.0006 0.9427 0.0009 0.0006 0.0007 0.0008 0.0016 0.0024 0.0014 0.0060 0.0010 0.0017 0.0020 0.0095 0.0029 0.0106 0.0021 0.0015 0.0026 0.0012 0.0009 0.0031 0.0032 
        FW52  3 0.0006 0.0012 0.9408 0.0007 0.0007 0.0008 0.0015 0.0024 0.0014 0.0049 0.0010 0.0017 0.0016 0.0105 0.0029 0.0118 0.0021 0.0016 0.0031 0.0013 0.0010 0.0032 0.0034 
        FW53  3 0.0006 0.9427 0.0009 0.0006 0.0007 0.0008 0.0015 0.0024 0.0014 0.0060 0.0010 0.0017 0.0020 0.0095 0.0030 0.0106 0.0021 0.0015 0.0026 0.0012 0.0009 0.0031 0.0032 
        FW54  3 0.0006 0.0012 0.9416 0.0007 0.0007 0.0008 0.0014 0.0023 0.0014 0.0049 0.0011 0.0017 0.0015 0.0101 0.0028 0.0117 0.0020 0.0015 0.0031 0.0013 0.0009 0.0032 0.0034 
        FW55  3 0.0005 0.9427 0.0009 0.0006 0.0007 0.0008 0.0015 0.0024 0.0014 0.0061 0.0010 0.0017 0.0019 0.0095 0.0029 0.0106 0.0021 0.0015 0.0026 0.0012 0.0009 0.0031 0.0032 
        FW56  3 0.0005 0.9425 0.0009 0.0006 0.0008 0.0008 0.0016 0.0025 0.0014 0.0060 0.0010 0.0017 0.0020 0.0095 0.0030 0.0106 0.0021 0.0015 0.0027 0.0012 0.0009 0.0031 0.0031 
        FW57  3 0.0005 0.9425 0.0009 0.0006 0.0007 0.0008 0.0016 0.0024 0.0014 0.0061 0.0010 0.0017 0.0020 0.0095 0.0030 0.0106 0.0021 0.0015 0.0027 0.0012 0.0009 0.0032 0.0032 
        FW78  3 0.0005 0.9428 0.0009 0.0006 0.0008 0.0008 0.0015 0.0024 0.0014 0.0060 0.0010 0.0017 0.0020 0.0094 0.0029 0.0106 0.0021 0.0015 0.0026 0.0012 0.0009 0.0031 0.0032 
        FW79  3 0.0006 0.9424 0.0009 0.0006 0.0007 0.0008 0.0015 0.0024 0.0014 0.0062 0.0010 0.0017 0.0019 0.0095 0.0029 0.0106 0.0021 0.0015 0.0026 0.0012 0.0009 0.0031 0.0033 
        FW80  3 0.0006 0.9428 0.0009 0.0006 0.0007 0.0008 0.0015 0.0024 0.0014 0.0060 0.0010 0.0017 0.0020 0.0095 0.0029 0.0106 0.0021 0.0015 0.0027 0.0012 0.0009 0.0031 0.0031 
        FW81  3 0.0006 0.0012 0.9414 0.0006 0.0007 0.0008 0.0014 0.0023 0.0015 0.0049 0.0011 0.0017 0.0015 0.0102 0.0029 0.0117 0.0020 0.0015 0.0032 0.0013 0.0009 0.0032 0.0034 
        FW82  3 0.0006 0.0012 0.9408 0.0006 0.0007 0.0008 0.0015 0.0024 0.0014 0.0049 0.0010 0.0017 0.0016 0.0105 0.0029 0.0118 0.0021 0.0016 0.0032 0.0012 0.0010 0.0032 0.0034 
        FW83  3 0.0007 0.0013 0.9297 0.0008 0.0009 0.0011 0.0018 0.0029 0.0018 0.0059 0.0012 0.0018 0.0015 0.0127 0.0042 0.0131 0.0029 0.0017 0.0039 0.0014 0.0012 0.0041 0.0036 
        FW84  3 0.0006 0.9427 0.0009 0.0006 0.0007 0.0008 0.0015 0.0024 0.0014 0.0060 0.0010 0.0018 0.0019 0.0095 0.0030 0.0106 0.0021 0.0015 0.0026 0.0012 0.0009 0.0031 0.0032 
        FW85  3 0.0006 0.0012 0.9001 0.0007 0.0007 0.0008 0.0014 0.0024 0.0015 0.0050 0.0014 0.0017 0.0016 0.0104 0.0060 0.0441 0.0021 0.0016 0.0055 0.0016 0.0010 0.0033 0.0055 
        FW86  3 0.0006 0.0014 0.9404 0.0006 0.0007 0.0008 0.0015 0.0024 0.0015 0.0052 0.0010 0.0017 0.0015 0.0105 0.0028 0.0116 0.0021 0.0016 0.0032 0.0013 0.0010 0.0032 0.0034 
        FW87  3 0.0006 0.0014 0.9404 0.0007 0.0007 0.0008 0.0015 0.0024 0.0015 0.0052 0.0010 0.0017 0.0015 0.0106 0.0029 0.0116 0.0021 0.0016 0.0031 0.0013 0.0010 0.0032 0.0035 
        FW88  3 0.0005 0.9426 0.0009 0.0006 0.0007 0.0008 0.0015 0.0024 0.0014 0.0059 0.0010 0.0017 0.0019 0.0096 0.0030 0.0106 0.0021 0.0015 0.0026 0.0012 0.0009 0.0031 0.0032 
        FW89  3 0.0006 0.9427 0.0009 0.0006 0.0007 0.0008 0.0015 0.0024 0.0014 0.0060 0.0010 0.0017 0.0020 0.0095 0.0029 0.0106 0.0021 0.0015 0.0026 0.0012 0.0009 0.0031 0.0032 
        FW90  3 0.0006 0.9426 0.0009 0.0006 0.0007 0.0008 0.0015 0.0024 0.0014 0.0061 0.0010 0.0017 0.0019 0.0096 0.0030 0.0107 0.0021 0.0015 0.0026 0.0012 0.0009 0.0031 0.0032 
        FW91  3 0.0006 0.0012 0.9409 0.0006 0.0007 0.0008 0.0015 0.0024 0.0015 0.0049 0.0010 0.0016 0.0015 0.0105 0.0029 0.0118 0.0021 0.0016 0.0032 0.0012 0.0010 0.0032 0.0034 
        FW92  3 0.0005 0.9429 0.0009 0.0006 0.0007 0.0008 0.0015 0.0024 0.0014 0.0060 0.0010 0.0017 0.0019 0.0095 0.0029 0.0106 0.0021 0.0015 0.0026 0.0012 0.0009 0.0031 0.0032 
