        TC01  1 0.0088 0.0021 0.0009 0.0027 0.7026 0.0080 0.0036 0.0209 0.0046 0.0013 0.0025 0.0099 0.0037 0.0091 0.0144 0.0123 0.0064 0.0159 0.0309 0.0151 0.0082 0.0050 0.0281 0.0345 0.0345 0.0141 
        TC02  1 0.0025 0.0014 0.0009 0.0014 0.7249 0.0038 0.0047 0.0022 0.0065 0.0015 0.0047 0.0195 0.0045 0.0023 0.0373 0.0125 0.0018 0.0183 0.0230 0.0308 0.0092 0.0029 0.0172 0.0317 0.0140 0.0205 
        TC03  1 0.0012 0.0010 0.0009 0.0009 0.7446 0.0055 0.0041 0.0014 0.0055 0.0013 0.0039 0.0050 0.0039 0.0032 0.0074 0.0096 0.0011 0.0461 0.0232 0.0169 0.0077 0.0038 0.0322 0.0335 0.0174 0.0186 
        TC04  1 0.0018 0.0027 0.0011 0.0382 0.5639 0.0067 0.0040 0.0012 0.0141 0.0021 0.0021 0.0132 0.0025 0.0098 0.0212 0.0103 0.0014 0.1002 0.0390 0.0330 0.0574 0.0085 0.0186 0.0192 0.0125 0.0150 
        TC05  1 0.0010 0.0020 0.0015 0.0035 0.7634 0.0023 0.0028 0.0020 0.0037 0.0013 0.0044 0.0045 0.0036 0.0024 0.0102 0.0137 0.0012 0.0399 0.0173 0.0299 0.0315 0.0063 0.0145 0.0117 0.0081 0.0175 
        TC06  1 0.0013 0.0013 0.0011 0.0009 0.6688 0.0032 0.0032 0.0011 0.0114 0.0023 0.0107 0.0065 0.0047 0.0019 0.0087 0.0233 0.0009 0.1261 0.0194 0.0259 0.0089 0.0053 0.0102 0.0279 0.0111 0.0141 
        TC07  1 0.0052 0.0157 0.0007 0.0269 0.7292 0.0026 0.0024 0.0013 0.0025 0.0011 0.0049 0.0116 0.0022 0.0038 0.0093 0.0094 0.0010 0.0280 0.0208 0.0411 0.0081 0.0029 0.0174 0.0149 0.0077 0.0291 
        TC08  1 0.0014 0.0018 0.0036 0.0057 0.7625 0.0020 0.0032 0.0031 0.0240 0.0013 0.0051 0.0065 0.0031 0.0020 0.0105 0.0123 0.0016 0.0359 0.0145 0.0276 0.0093 0.0033 0.0081 0.0126 0.0110 0.0281 
        TC09  1 0.0011 0.0017 0.0009 0.0032 0.5834 0.0028 0.0022 0.0044 0.0996 0.0012 0.0028 0.0097 0.0030 0.0014 0.0102 0.0180 0.0009 0.0351 0.0306 0.0125 0.0070 0.0099 0.0267 0.1122 0.0065 0.0129 
        TC10  1 0.0047 0.0007 0.0008 0.0016 0.7101 0.0022 0.0022 0.0009 0.0032 0.0016 0.0019 0.0041 0.0028 0.0037 0.0046 0.0056 0.0014 0.0196 0.0131 0.0523 0.0058 0.0015 0.0319 0.0720 0.0391 0.0123 
        TC11  1 0.0034 0.0010 0.0014 0.0021 0.8406 0.0032 0.0020 0.0010 0.0044 0.0013 0.0018 0.0049 0.0026 0.0017 0.0043 0.0048 0.0009 0.0123 0.0160 0.0171 0.0060 0.0047 0.0120 0.0191 0.0142 0.0173 
        TC12  1 0.0029 0.0039 0.0010 0.0019 0.6840 0.0085 0.0072 0.0063 0.0048 0.0015 0.0065 0.0206 0.0060 0.0081 0.0097 0.0314 0.0021 0.0544 0.0137 0.0228 0.0096 0.0022 0.0292 0.0182 0.0180 0.0255 
        TC13  1 0.0012 0.0010 0.0011 0.0012 0.7516 0.0023 0.0040 0.0013 0.0102 0.0016 0.0022 0.0036 0.0021 0.0019 0.0054 0.0061 0.0010 0.0275 0.0457 0.0214 0.0063 0.0024 0.0090 0.0632 0.0133 0.0134 
        TC14  1 0.0018 0.0008 0.0013 0.0025 0.5934 0.0042 0.0032 0.0123 0.0064 0.0028 0.0047 0.0040 0.0030 0.0029 0.0164 0.0159 0.0012 0.1224 0.0382 0.0146 0.0071 0.0049 0.0133 0.0817 0.0133 0.0278 
        TC15  1 0.0010 0.0008 0.0007 0.0023 0.5486 0.0028 0.0038 0.0023 0.0226 0.0024 0.0053 0.0074 0.0021 0.0017 0.0103 0.0139 0.0011 0.1144 0.0989 0.0211 0.0090 0.0048 0.0182 0.0778 0.0124 0.0144 
        TC16  1 0.0013 0.0066 0.0035 0.0011 0.5449 0.0051 0.0032 0.0042 0.0737 0.0027 0.0080 0.0088 0.0060 0.0140 0.0150 0.0106 0.0020 0.0714 0.0154 0.0284 0.0098 0.0038 0.0137 0.1012 0.0114 0.0342 
        TC17  1 0.0028 0.0014 0.0020 0.0020 0.4551 0.0041 0.0043 0.0020 0.0063 0.0023 0.0044 0.0436 0.0055 0.0017 0.0758 0.0234 0.0018 0.0629 0.0351 0.0754 0.0184 0.0027 0.0193 0.1069 0.0134 0.0275 
        TC18  1 0.0019 0.0018 0.0007 0.0013 0.6653 0.0085 0.0024 0.0018 0.0081 0.0017 0.0032 0.0055 0.0053 0.0021 0.0056 0.0054 0.0016 0.0346 0.0133 0.0217 0.0852 0.0020 0.0204 0.0524 0.0245 0.0237 
        TC19  1 0.0014 0.0042 0.0009 0.0008 0.7594 0.0022 0.0025 0.0009 0.0248 0.0024 0.0019 0.0041 0.0048 0.0022 0.0062 0.0062 0.0011 0.0122 0.0131 0.0232 0.0057 0.0018 0.0109 0.0793 0.0134 0.0145 
        TC20  1 0.0013 0.0011 0.0014 0.0015 0.7472 0.0089 0.0030 0.0020 0.0147 0.0016 0.0022 0.0041 0.0024 0.0022 0.0073 0.0070 0.0008 0.0301 0.0243 0.0265 0.0180 0.0021 0.0108 0.0468 0.0157 0.0170 
        TC21  1 0.0042 0.0163 0.0008 0.0017 0.5938 0.0205 0.0623 0.0018 0.0122 0.0047 0.0061 0.0892 0.0043 0.0053 0.0058 0.0069 0.0016 0.0315 0.0164 0.0230 0.0085 0.0057 0.0134 0.0156 0.0121 0.0363 
        TC22  1 0.0017 0.0010 0.0008 0.0008 0.7052 0.0022 0.0044 0.0016 0.0098 0.0241 0.0040 0.0037 0.0064 0.0022 0.0048 0.0140 0.0018 0.0534 0.0466 0.0391 0.0069 0.0018 0.0096 0.0112 0.0293 0.0135 
        TC23  1 0.0033 0.0013 0.0013 0.0020 0.7730 0.0044 0.0022 0.0023 0.0040 0.0014 0.0054 0.0039 0.0059 0.0085 0.0104 0.0090 0.0009 0.0341 0.0227 0.0162 0.0049 0.0025 0.0263 0.0241 0.0120 0.0180 
        TC24  1 0.0008 0.0008 0.0010 0.0019 0.8150 0.0017 0.0019 0.0013 0.0058 0.0011 0.0016 0.0040 0.0024 0.0016 0.0049 0.0044 0.0015 0.0168 0.0119 0.0132 0.0087 0.0018 0.0169 0.0454 0.0071 0.0265 
        TC25  1 0.0160 0.0010 0.0014 0.0008 0.5687 0.0129 0.0047 0.0012 0.0073 0.0056 0.0019 0.0095 0.0044 0.0061 0.0034 0.0131 0.0010 0.1565 0.0227 0.0195 0.0076 0.0017 0.0293 0.0753 0.0082 0.0201 
        TC26  1 0.0010 0.0014 0.0008 0.0014 0.6954 0.0019 0.0026 0.0021 0.0049 0.0012 0.0107 0.0090 0.0039 0.0050 0.0049 0.0143 0.0008 0.0660 0.0166 0.0213 0.0062 0.0023 0.0130 0.0879 0.0080 0.0174 
        TC27  1 0.0011 0.0010 0.0051 0.0013 0.5849 0.0023 0.0038 0.0032 0.0040 0.0011 0.0057 0.0067 0.0023 0.0016 0.0052 0.0057 0.0012 0.1118 0.0237 0.0728 0.0085 0.0022 0.0130 0.0194 0.0917 0.0209 
        TC28  1 0.0018 0.0008 0.0016 0.0011 0.7479 0.0028 0.0032 0.0016 0.0035 0.0016 0.0034 0.0081 0.0024 0.0083 0.0068 0.0062 0.0016 0.0510 0.0165 0.0371 0.0087 0.0024 0.0168 0.0393 0.0096 0.0161 
        TC29  1 0.0019 0.0013 0.0013 0.0014 0.5578 0.0051 0.0036 0.0024 0.0037 0.0016 0.0039 0.0046 0.0056 0.0038 0.0268 0.0060 0.0008 0.1144 0.0381 0.0157 0.0845 0.0020 0.0333 0.0490 0.0077 0.0238 
        TC30  1 0.0014 0.0014 0.0008 0.0015 0.7295 0.0025 0.0029 0.0028 0.0181 0.0034 0.0036 0.0062 0.0044 0.0015 0.0212 0.0091 0.0011 0.0360 0.0174 0.0206 0.0072 0.0065 0.0204 0.0463 0.0138 0.0205 
        TC31  1 0.0088 0.0025 0.0012 0.0019 0.7091 0.0097 0.0036 0.0058 0.0148 0.0078 0.0019 0.0038 0.0139 0.0020 0.0057 0.0058 0.0015 0.0163 0.0138 0.0671 0.0098 0.0025 0.0225 0.0200 0.0218 0.0263 
        TC32  1 0.0018 0.0013 0.0012 0.0015 0.5557 0.0030 0.0022 0.0011 0.0047 0.0058 0.0025 0.0185 0.0025 0.0032 0.0049 0.0246 0.0012 0.1868 0.0313 0.0535 0.0155 0.0027 0.0098 0.0404 0.0083 0.0161 
        TC33  1 0.0038 0.0010 0.0011 0.0013 0.7577 0.0028 0.0031 0.0015 0.0041 0.0017 0.0025 0.0050 0.0031 0.0035 0.0045 0.0082 0.0018 0.0366 0.0401 0.0177 0.0094 0.0039 0.0141 0.0255 0.0110 0.0352 
        TC34  1 0.0014 0.0009 0.0007 0.0034 0.6325 0.0029 0.0030 0.0018 0.0078 0.0012 0.0117 0.0060 0.0049 0.0025 0.0054 0.0082 0.0009 0.1437 0.0175 0.0237 0.0067 0.0050 0.0157 0.0392 0.0164 0.0370 
        TC35  1 0.0077 0.0024 0.0018 0.0026 0.6767 0.0074 0.0034 0.0020 0.0124 0.0019 0.0022 0.0183 0.0049 0.0014 0.0215 0.0059 0.0014 0.0347 0.0158 0.0674 0.0136 0.0034 0.0121 0.0382 0.0240 0.0170 
        TC36  1 0.0015 0.0010 0.0012 0.0019 0.7216 0.0028 0.0121 0.0013 0.0080 0.0029 0.0033 0.0318 0.0028 0.0039 0.0122 0.0073 0.0010 0.0274 0.0262 0.0212 0.0138 0.0040 0.0244 0.0322 0.0178 0.0165 
        TC37  1 0.0016 0.0009 0.0016 0.0015 0.7619 0.0034 0.0026 0.0030 0.0039 0.0023 0.0037 0.0048 0.0030 0.0022 0.0187 0.0122 0.0009 0.0091 0.0188 0.0593 0.0070 0.0044 0.0132 0.0146 0.0114 0.0339 
        TC38  1 0.0029 0.0034 0.0008 0.0011 0.6245 0.0201 0.0031 0.0022 0.0617 0.0011 0.0037 0.0097 0.0051 0.0056 0.0239 0.0114 0.0010 0.0485 0.0130 0.0154 0.0144 0.0037 0.0197 0.0771 0.0077 0.0194 
        TC39  1 0.0014 0.0011 0.0007 0.0011 0.5768 0.0037 0.0034 0.0025 0.0059 0.0012 0.0152 0.0049 0.0040 0.0015 0.0158 0.0155 0.0008 0.1148 0.0121 0.0332 0.0082 0.0022 0.0175 0.1253 0.0084 0.0229 
        TC40  1 0.0014 0.0009 0.0043 0.0009 0.5983 0.0025 0.0032 0.0015 0.0049 0.0020 0.0037 0.0048 0.0043 0.0023 0.0076 0.0095 0.0014 0.1287 0.0224 0.0262 0.0088 0.0019 0.0313 0.0628 0.0114 0.0529 
        TC41  1 0.0013 0.0011 0.0029 0.0014 0.7617 0.0025 0.0021 0.0010 0.0039 0.0181 0.0049 0.0063 0.0201 0.0021 0.0046 0.0066 0.0026 0.0217 0.0206 0.0396 0.0146 0.0028 0.0114 0.0212 0.0095 0.0155 
        TC42  1 0.0009 0.0012 0.0015 0.0018 0.7452 0.0020 0.0045 0.0026 0.0055 0.0013 0.0022 0.0048 0.0028 0.0016 0.0110 0.0126 0.0012 0.0787 0.0151 0.0129 0.0138 0.0017 0.0200 0.0250 0.0164 0.0138 
        TC43  1 0.0011 0.0012 0.0026 0.0012 0.7101 0.0038 0.0026 0.0015 0.0051 0.0020 0.0050 0.0039 0.0026 0.0031 0.0213 0.0079 0.0015 0.0980 0.0257 0.0264 0.0069 0.0032 0.0146 0.0183 0.0140 0.0162 
        TC44  1 0.0022 0.0011 0.0047 0.0020 0.5671 0.0030 0.0037 0.0031 0.0235 0.0011 0.0259 0.0150 0.0032 0.0021 0.0480 0.0115 0.0011 0.0689 0.0145 0.0390 0.0065 0.0018 0.0301 0.0824 0.0239 0.0144 
        TC45  1 0.0014 0.0012 0.0007 0.0019 0.7491 0.0153 0.0035 0.0104 0.0034 0.0010 0.0024 0.0036 0.0030 0.0014 0.0050 0.0127 0.0007 0.0091 0.0175 0.0642 0.0055 0.0023 0.0131 0.0539 0.0067 0.0109 
        TC46  1 0.0012 0.0015 0.0014 0.0012 0.7450 0.0052 0.0038 0.0015 0.0043 0.0012 0.0040 0.0072 0.0070 0.0066 0.0048 0.0088 0.0010 0.0187 0.0157 0.0514 0.0087 0.0039 0.0163 0.0473 0.0152 0.0172 
        TC47  1 0.0017 0.0008 0.0012 0.0010 0.7275 0.0026 0.0022 0.0012 0.0250 0.0015 0.0034 0.0061 0.0030 0.0035 0.0099 0.0059 0.0013 0.0273 0.0132 0.0221 0.0059 0.0025 0.0103 0.0790 0.0270 0.0148 
        TC48  1 0.0013 0.0011 0.0012 0.0020 0.6265 0.0053 0.0029 0.0074 0.0041 0.0033 0.0047 0.0135 0.0030 0.0023 0.0086 0.0454 0.0019 0.0546 0.0281 0.0220 0.0092 0.0032 0.0123 0.0452 0.0190 0.0719 
        TC49  1 0.0020 0.0011 0.0033 0.0019 0.7501 0.0032 0.0079 0.0082 0.0033 0.0017 0.0043 0.0057 0.0026 0.0031 0.0050 0.0160 0.0019 0.0177 0.0237 0.0490 0.0127 0.0026 0.0079 0.0302 0.0146 0.0203 
        TC50  1 0.0015 0.0012 0.0010 0.0019 0.6885 0.0046 0.0029 0.0016 0.0196 0.0030 0.0028 0.0077 0.0065 0.0016 0.0101 0.0119 0.0019 0.0197 0.0761 0.0316 0.0070 0.0038 0.0193 0.0253 0.0227 0.0264 
        TC51  1 0.0037 0.0015 0.0020 0.0024 0.6394 0.0040 0.0056 0.0061 0.0201 0.0017 0.0079 0.0073 0.0040 0.0021 0.0056 0.0148 0.0011 0.1413 0.0218 0.0233 0.0088 0.0017 0.0213 0.0224 0.0139 0.0162 
        TC52  1 0.0009 0.0015 0.0012 0.0014 0.7276 0.0065 0.0039 0.0026 0.0082 0.0010 0.0020 0.0050 0.0029 0.0232 0.0033 0.0086 0.0019 0.0536 0.0159 0.0157 0.0052 0.0023 0.0462 0.0329 0.0075 0.0189 
        TC53  1 0.0008 0.0044 0.0007 0.0025 0.6324 0.0020 0.0204 0.0013 0.0078 0.0018 0.0019 0.0117 0.0154 0.0016 0.0314 0.0260 0.0008 0.0888 0.0299 0.0173 0.0058 0.0024 0.0128 0.0322 0.0317 0.0160 
        TC54  1 0.0015 0.0010 0.0030 0.0021 0.5918 0.0038 0.0052 0.0017 0.0061 0.0016 0.0036 0.0225 0.0030 0.0016 0.0075 0.0122 0.0016 0.0813 0.0416 0.0260 0.0122 0.0057 0.0161 0.0452 0.0141 0.0880 
        TC55  1 0.0016 0.0011 0.0009 0.0008 0.6678 0.0030 0.0036 0.0012 0.0036 0.0105 0.0026 0.0108 0.0021 0.0026 0.0049 0.0231 0.0014 0.0423 0.0315 0.0304 0.0088 0.0024 0.0260 0.0820 0.0114 0.0236 
        TC56  1 0.0023 0.0021 0.0159 0.0016 0.6753 0.0105 0.0034 0.0018 0.0035 0.0016 0.0031 0.0051 0.0050 0.0020 0.0217 0.0169 0.0013 0.0699 0.0319 0.0292 0.0104 0.0054 0.0150 0.0145 0.0181 0.0326 
        TC57  1 0.0017 0.0011 0.0019 0.0012 0.7020 0.0022 0.0031 0.0035 0.0061 0.0016 0.0031 0.0133 0.0045 0.0018 0.0185 0.0113 0.0013 0.0141 0.0291 0.0299 0.0092 0.0092 0.0116 0.0652 0.0312 0.0222 
        TC58  1 0.0101 0.0007 0.0007 0.0021 0.7509 0.0027 0.0027 0.0016 0.0073 0.0012 0.0160 0.0069 0.0037 0.0034 0.0072 0.0092 0.0012 0.0155 0.0202 0.0330 0.0068 0.0024 0.0142 0.0503 0.0140 0.0161 
        TC59  1 0.0016 0.0009 0.0008 0.0010 0.8049 0.0019 0.0039 0.0013 0.0047 0.0011 0.0031 0.0131 0.0028 0.0028 0.0066 0.0058 0.0009 0.0336 0.0165 0.0158 0.0064 0.0018 0.0100 0.0238 0.0143 0.0207 
        TA01  2 0.0016 0.0014 0.0009 0.0022 0.6017 0.0023 0.0023 0.0016 0.0193 0.0019 0.0223 0.0163 0.0038 0.0013 0.0285 0.0077 0.0012 0.0296 0.0767 0.0137 0.0143 0.0022 0.0096 0.1020 0.0150 0.0205 
        TA02  2 0.0010 0.0010 0.0112 0.0061 0.6312 0.0029 0.0039 0.0015 0.0058 0.0015 0.0065 0.0102 0.0027 0.0045 0.0864 0.0054 0.0027 0.0194 0.0251 0.0318 0.0391 0.0025 0.0306 0.0244 0.0091 0.0334 
        TA03  2 0.0014 0.0009 0.0011 0.0020 0.4771 0.0029 0.0033 0.0031 0.0129 0.0015 0.0120 0.0056 0.0049 0.0017 0.1817 0.0086 0.0027 0.0223 0.0420 0.0491 0.0120 0.0033 0.0163 0.0387 0.0593 0.0335 
        TA04  2 0.0012 0.0007 0.0010 0.0055 0.2415 0.0025 0.0031 0.0012 0.0846 0.0022 0.0035 0.0049 0.0048 0.0032 0.3091 0.0094 0.0012 0.1526 0.0299 0.0528 0.0055 0.0035 0.0216 0.0197 0.0189 0.0160 
        TA05  2 0.0015 0.0029 0.0013 0.0012 0.7818 0.0043 0.0029 0.0026 0.0124 0.0016 0.0026 0.0068 0.0028 0.0042 0.0112 0.0121 0.0020 0.0155 0.0179 0.0219 0.0139 0.0042 0.0106 0.0193 0.0144 0.0281 
        TA06  2 0.0018 0.0010 0.0007 0.0007 0.6519 0.0023 0.0017 0.0009 0.0133 0.0021 0.0031 0.0053 0.0031 0.0018 0.0127 0.0061 0.0008 0.0719 0.0584 0.0285 0.0045 0.0012 0.0158 0.0857 0.0104 0.0142 
        TA07  2 0.0024 0.0036 0.0011 0.0123 0.3455 0.0028 0.0062 0.0012 0.0073 0.0012 0.0026 0.0910 0.0069 0.0038 0.3335 0.0197 0.0012 0.0146 0.0151 0.0208 0.0085 0.0045 0.0185 0.0275 0.0113 0.0371 
        TA08  2 0.0011 0.0007 0.0030 0.0013 0.5442 0.0040 0.0030 0.0010 0.0126 0.0011 0.0030 0.0033 0.0031 0.0013 0.0596 0.0078 0.0011 0.1258 0.0356 0.0163 0.0056 0.0062 0.0110 0.0478 0.0836 0.0168 
        TA09  2 0.0011 0.0009 0.0017 0.0012 0.6886 0.0020 0.0019 0.0010 0.0114 0.0011 0.0027 0.0039 0.0031 0.0088 0.0823 0.0142 0.0011 0.0343 0.0232 0.0148 0.0062 0.0026 0.0221 0.0392 0.0135 0.0173 
        TA10  2 0.0293 0.0012 0.0010 0.0014 0.6407 0.0026 0.0040 0.0016 0.0086 0.0011 0.0065 0.0116 0.0056 0.0030 0.0362 0.0074 0.0014 0.0298 0.0440 0.0227 0.0508 0.0030 0.0113 0.0445 0.0137 0.0169 
        TA11  2 0.0172 0.0010 0.0016 0.0016 0.4702 0.0033 0.0044 0.0019 0.0150 0.0012 0.0027 0.0046 0.0172 0.0016 0.0163 0.0103 0.0383 0.0258 0.0146 0.0939 0.0060 0.0023 0.0106 0.2010 0.0199 0.0175 
        TA12  2 0.0018 0.0012 0.0008 0.0033 0.5695 0.0026 0.0028 0.0016 0.0057 0.0014 0.0019 0.0077 0.0036 0.0022 0.0889 0.0200 0.0502 0.0149 0.0262 0.0324 0.0591 0.0032 0.0085 0.0375 0.0221 0.0309 
        TA13  2 0.0031 0.0014 0.0018 0.0013 0.5320 0.0029 0.0128 0.0049 0.0340 0.0016 0.0043 0.0049 0.0059 0.0029 0.0175 0.0718 0.0023 0.0996 0.0301 0.0263 0.0386 0.0068 0.0255 0.0174 0.0134 0.0369 
        TA14  2 0.0008 0.0010 0.0181 0.0018 0.6462 0.0017 0.0024 0.0015 0.0070 0.0011 0.0028 0.0038 0.0020 0.0017 0.0572 0.0213 0.0008 0.0552 0.0140 0.0267 0.0064 0.0015 0.0432 0.0518 0.0084 0.0216 
        TA15  2 0.0016 0.0008 0.0025 0.0224 0.6652 0.0018 0.0103 0.0032 0.0045 0.0014 0.0049 0.0040 0.0029 0.0015 0.0393 0.0210 0.0009 0.0912 0.0206 0.0290 0.0073 0.0048 0.0135 0.0180 0.0099 0.0175 
        TA16  2 0.0161 0.0009 0.0022 0.0237 0.5497 0.0024 0.0032 0.0017 0.0218 0.0012 0.0026 0.0243 0.0020 0.0035 0.0498 0.0246 0.0024 0.0783 0.0305 0.0168 0.0269 0.0028 0.0179 0.0606 0.0169 0.0173 
        TA17  2 0.0012 0.0015 0.0026 0.0038 0.6353 0.0021 0.0027 0.0011 0.0055 0.0015 0.0114 0.0058 0.0031 0.0034 0.0084 0.0140 0.0015 0.0865 0.0404 0.0278 0.0227 0.0025 0.0131 0.0294 0.0448 0.0279 
        TA18  2 0.0058 0.0011 0.0018 0.0028 0.7399 0.0021 0.0025 0.0014 0.0086 0.0227 0.0075 0.0047 0.0055 0.0079 0.0065 0.0059 0.0010 0.0206 0.0546 0.0360 0.0070 0.0028 0.0089 0.0122 0.0137 0.0165 
        TA19  2 0.0034 0.0013 0.0014 0.0011 0.6391 0.0025 0.0028 0.0020 0.0478 0.0038 0.0030 0.0053 0.0048 0.0030 0.0144 0.0059 0.0011 0.0334 0.0200 0.0502 0.0095 0.0026 0.0116 0.0335 0.0743 0.0222 
        TA20  2 0.0012 0.0013 0.0015 0.0068 0.5785 0.0026 0.0022 0.0012 0.0039 0.0013 0.0030 0.0087 0.0048 0.0014 0.0196 0.0060 0.0024 0.0239 0.0181 0.0211 0.1113 0.0026 0.0121 0.1016 0.0112 0.0518 
        TA21  2 0.0015 0.0010 0.0027 0.0023 0.6377 0.0029 0.0035 0.0027 0.0084 0.0012 0.0044 0.0052 0.0025 0.0044 0.0331 0.0148 0.0026 0.0267 0.0459 0.0210 0.0142 0.0064 0.0119 0.0981 0.0115 0.0332 
        TA22  2 0.0010 0.0007 0.0008 0.0015 0.6681 0.0026 0.0020 0.0009 0.0038 0.0018 0.0032 0.0064 0.0053 0.0023 0.0132 0.0236 0.0009 0.0996 0.0313 0.0347 0.0064 0.0022 0.0100 0.0187 0.0085 0.0508 
        TA23  2 0.0013 0.0007 0.0015 0.0012 0.6447 0.0022 0.0023 0.0013 0.0060 0.0018 0.0038 0.0038 0.0024 0.0023 0.0382 0.0081 0.0012 0.1434 0.0323 0.0188 0.0087 0.0018 0.0102 0.0269 0.0113 0.0240 
        TA24  2 0.0011 0.0013 0.0032 0.0011 0.6335 0.0024 0.0039 0.0045 0.0146 0.0011 0.0046 0.0278 0.0051 0.0015 0.0092 0.0051 0.0041 0.0376 0.0312 0.0489 0.0075 0.0428 0.0372 0.0179 0.0361 0.0166 
        TA25  2 0.0946 0.0013 0.0011 0.0022 0.6153 0.0024 0.0042 0.0011 0.0088 0.0010 0.0027 0.0081 0.0052 0.0019 0.0066 0.0064 0.0016 0.0317 0.0847 0.0220 0.0245 0.0041 0.0117 0.0300 0.0149 0.0117 
        TA26  2 0.0029 0.0008 0.0008 0.0018 0.6302 0.0051 0.0050 0.0017 0.0240 0.0018 0.0045 0.0047 0.0042 0.0015 0.0345 0.0321 0.0011 0.0363 0.0255 0.0172 0.0144 0.0035 0.0114 0.0802 0.0260 0.0288 
        TA27  2 0.0013 0.0007 0.0011 0.0019 0.6706 0.0020 0.0038 0.0014 0.0080 0.0017 0.0168 0.0046 0.0049 0.0018 0.0231 0.0127 0.0013 0.0255 0.0289 0.0177 0.0708 0.0022 0.0198 0.0281 0.0198 0.0295 
        TA28  2 0.0011 0.0011 0.0112 0.0026 0.6200 0.0043 0.0047 0.0026 0.0122 0.0017 0.0075 0.0115 0.0046 0.0036 0.0752 0.0070 0.0034 0.0227 0.0176 0.0424 0.0165 0.0025 0.0282 0.0525 0.0107 0.0325 
        TA29  2 0.0014 0.0010 0.0019 0.0089 0.6606 0.0023 0.0034 0.0016 0.0053 0.0019 0.0037 0.0061 0.0041 0.0029 0.0081 0.0190 0.0015 0.1149 0.0199 0.0247 0.0081 0.0021 0.0129 0.0261 0.0423 0.0154 
        TA30  2 0.0013 0.0009 0.0040 0.0013 0.4268 0.0032 0.0088 0.0041 0.0957 0.0018 0.0021 0.0036 0.0031 0.0020 0.0700 0.0246 0.0017 0.0331 0.0191 0.0199 0.0087 0.0039 0.0116 0.1743 0.0367 0.0377 
      BERM01  3 0.0011 0.0008 0.0007 0.0008 0.0026 0.0018 0.0022 0.0011 0.0969 0.0017 0.0037 0.0032 0.0021 0.0015 0.0051 0.0070 0.0012 0.7690 0.0172 0.0134 0.0068 0.0018 0.0078 0.0269 0.0078 0.0158 
      BERM02  3 0.0009 0.0008 0.0006 0.0010 0.0049 0.0023 0.0032 0.0012 0.0129 0.0042 0.0021 0.0035 0.0023 0.0016 0.0085 0.0083 0.0009 0.8311 0.0154 0.0225 0.0057 0.0025 0.0084 0.0327 0.0063 0.0162 
      BERM03  3 0.0012 0.0007 0.0007 0.0008 0.0024 0.0020 0.0024 0.0011 0.0039 0.0015 0.0034 0.0047 0.0032 0.0019 0.0040 0.0150 0.0008 0.8479 0.0129 0.0137 0.0084 0.0014 0.0085 0.0331 0.0097 0.0148 
      BERM04  3 0.0013 0.0006 0.0006 0.0009 0.0021 0.0022 0.0025 0.0010 0.0111 0.0012 0.0058 0.0038 0.0022 0.0017 0.0043 0.0103 0.0006 0.8306 0.0121 0.0127 0.0056 0.0013 0.0093 0.0512 0.0121 0.0130 
      BERM05  3 0.0014 0.0007 0.0009 0.0009 0.0019 0.0029 0.0018 0.0021 0.0147 0.0011 0.0034 0.0054 0.0045 0.0023 0.0055 0.0179 0.0009 0.8233 0.0200 0.0143 0.0065 0.0019 0.0136 0.0251 0.0106 0.0165 
      BERM06  3 0.0009 0.0007 0.0006 0.0009 0.0033 0.0023 0.0019 0.0009 0.0258 0.0015 0.0051 0.0059 0.0019 0.0026 0.0217 0.0079 0.0008 0.7024 0.0163 0.0288 0.0062 0.0018 0.0087 0.1297 0.0095 0.0120 
      BERM07  3 0.0018 0.0008 0.0012 0.0009 0.0041 0.0022 0.0030 0.0015 0.0284 0.0012 0.0036 0.0035 0.0030 0.0020 0.0074 0.0086 0.0011 0.8043 0.0133 0.0195 0.0050 0.0018 0.0090 0.0414 0.0174 0.0141 
      BERM08  3 0.0010 0.0007 0.0006 0.0008 0.0028 0.0026 0.0016 0.0009 0.0175 0.0012 0.0028 0.0029 0.0019 0.0013 0.0061 0.0045 0.0006 0.8504 0.0421 0.0112 0.0053 0.0013 0.0078 0.0142 0.0078 0.0100 
      BERM09  3 0.0011 0.0006 0.0006 0.0010 0.0069 0.0015 0.0027 0.0011 0.1106 0.0035 0.0026 0.0051 0.0036 0.0019 0.2178 0.0071 0.0007 0.5351 0.0120 0.0229 0.0046 0.0013 0.0075 0.0251 0.0085 0.0144 
      BERM10  3 0.0012 0.0058 0.0009 0.0009 0.0065 0.0032 0.0052 0.0024 0.0358 0.0017 0.0037 0.0106 0.0036 0.0023 0.0067 0.0093 0.0053 0.6875 0.0155 0.0185 0.0066 0.0045 0.0093 0.1143 0.0252 0.0133 
      BERM11  3 0.0013 0.0007 0.0009 0.0011 0.0035 0.0030 0.0022 0.0020 0.0093 0.0013 0.0032 0.0031 0.0019 0.0013 0.1185 0.0052 0.0006 0.7198 0.0277 0.0191 0.0065 0.0017 0.0088 0.0352 0.0074 0.0147 
      BERM12  3 0.0015 0.0007 0.0007 0.0012 0.0032 0.0125 0.0019 0.0009 0.0043 0.0014 0.0025 0.0029 0.0023 0.0034 0.0156 0.0048 0.0007 0.7633 0.0277 0.0145 0.0067 0.0015 0.0257 0.0670 0.0181 0.0152 
      BERM13  3 0.0015 0.0007 0.0008 0.0007 0.0030 0.0018 0.0022 0.0020 0.0173 0.0013 0.0075 0.0034 0.0027 0.0163 0.0088 0.0093 0.0014 0.8212 0.0128 0.0319 0.0050 0.0046 0.0074 0.0122 0.0118 0.0126 
      BERM14  3 0.0015 0.0007 0.0006 0.0014 0.0050 0.0019 0.0021 0.0010 0.0130 0.0012 0.0038 0.0027 0.0036 0.0014 0.0114 0.0072 0.0006 0.7461 0.0144 0.0141 0.0045 0.0033 0.0158 0.1215 0.0088 0.0123 
      CROC01  3 0.0018 0.0007 0.0009 0.0015 0.0032 0.0027 0.0063 0.0051 0.0199 0.0033 0.0036 0.0062 0.0129 0.0016 0.0119 0.0102 0.0019 0.7205 0.0196 0.0420 0.0070 0.0026 0.0238 0.0209 0.0243 0.0458 
      CROC02  3 0.0017 0.0007 0.0011 0.0011 0.0032 0.0033 0.0030 0.0021 0.0058 0.0011 0.0032 0.0090 0.0030 0.0217 0.0138 0.0105 0.0013 0.7191 0.0205 0.0548 0.0055 0.0068 0.0107 0.0714 0.0088 0.0168 
      CROC03  3 0.0014 0.0012 0.0016 0.0010 0.0033 0.0061 0.0021 0.0013 0.0093 0.0013 0.0026 0.0047 0.0026 0.0023 0.1071 0.0086 0.0013 0.6494 0.0193 0.0304 0.0070 0.0024 0.0188 0.0802 0.0157 0.0187 
      CROC04  3 0.0011 0.0011 0.0009 0.0008 0.0186 0.0018 0.0027 0.0022 0.0082 0.0011 0.0031 0.0668 0.0036 0.0012 0.0042 0.0068 0.0010 0.7701 0.0131 0.0267 0.0080 0.0022 0.0161 0.0152 0.0098 0.0135 
      CROC05  3 0.0017 0.0008 0.0008 0.0012 0.0024 0.0021 0.0034 0.0014 0.0127 0.0016 0.0028 0.0098 0.0025 0.0021 0.0086 0.0086 0.0007 0.8251 0.0183 0.0144 0.0065 0.0023 0.0094 0.0382 0.0078 0.0148 
      CROC06  3 0.0026 0.0012 0.0010 0.0011 0.0047 0.0032 0.0022 0.0010 0.0199 0.0014 0.0039 0.0282 0.0036 0.0021 0.0061 0.0048 0.0013 0.7036 0.0714 0.0243 0.0055 0.0018 0.0240 0.0483 0.0104 0.0223 
      CROC07  3 0.0011 0.0008 0.0007 0.0009 0.0052 0.0023 0.0037 0.0017 0.0088 0.0013 0.0046 0.0055 0.0059 0.0019 0.0200 0.0090 0.0010 0.7791 0.0306 0.0359 0.0069 0.0018 0.0108 0.0334 0.0111 0.0162 
      CROC08  3 0.0024 0.0008 0.0019 0.0011 0.0033 0.0045 0.0114 0.0012 0.0086 0.0023 0.0025 0.0045 0.0087 0.0014 0.0053 0.0068 0.0008 0.7730 0.0244 0.0140 0.0327 0.0016 0.0155 0.0244 0.0136 0.0333 
      CROC09  3 0.0010 0.0260 0.0011 0.0008 0.0022 0.0032 0.0020 0.0011 0.1057 0.0025 0.0022 0.0047 0.0026 0.0016 0.0121 0.0067 0.0006 0.5962 0.0170 0.0154 0.0052 0.0021 0.0224 0.1104 0.0072 0.0480 
      CROC10  3 0.0018 0.0008 0.0006 0.0010 0.0025 0.0028 0.0034 0.0014 0.1179 0.0037 0.0022 0.0035 0.0025 0.0016 0.0061 0.0171 0.0007 0.7303 0.0243 0.0158 0.0050 0.0017 0.0104 0.0233 0.0081 0.0114 
      CROC11  3 0.0010 0.0257 0.0011 0.0008 0.0021 0.0033 0.0021 0.0011 0.1065 0.0025 0.0022 0.0046 0.0027 0.0016 0.0117 0.0067 0.0007 0.5960 0.0169 0.0153 0.0052 0.0021 0.0226 0.1102 0.0073 0.0483 
     CROC110  3 0.0011 0.0032 0.0013 0.0013 0.0040 0.0019 0.0118 0.0024 0.0229 0.0021 0.0026 0.0127 0.0028 0.0033 0.0272 0.0178 0.0009 0.7124 0.0164 0.0169 0.0138 0.0018 0.0200 0.0610 0.0124 0.0259 
     CROC116  3 0.0011 0.0010 0.0009 0.0011 0.0052 0.0039 0.0033 0.0015 0.0078 0.0021 0.0057 0.0056 0.0049 0.0018 0.0070 0.0123 0.0017 0.6495 0.0946 0.0197 0.0124 0.0027 0.0384 0.0865 0.0105 0.0189 
      CROC12  3 0.0009 0.0011 0.0009 0.0007 0.0030 0.0021 0.0023 0.0013 0.0151 0.0014 0.0045 0.0047 0.0022 0.0023 0.0033 0.0087 0.0014 0.8442 0.0134 0.0177 0.0067 0.0028 0.0077 0.0311 0.0072 0.0133 
     CROC123  3 0.0008 0.0006 0.0007 0.0007 0.0035 0.0022 0.0038 0.0010 0.0149 0.0020 0.0016 0.0031 0.0017 0.0015 0.0065 0.0072 0.0006 0.8084 0.0119 0.0138 0.0102 0.0013 0.0144 0.0708 0.0062 0.0105 
      CROC13  3 0.0019 0.0008 0.0013 0.0009 0.0025 0.0055 0.0024 0.0016 0.0059 0.0009 0.0044 0.0037 0.0039 0.0015 0.0055 0.0194 0.0009 0.7731 0.0148 0.0131 0.0055 0.0016 0.0090 0.0951 0.0123 0.0128 
      CROC14  3 0.0165 0.0069 0.0010 0.0021 0.0040 0.0037 0.0022 0.0016 0.0111 0.0010 0.0019 0.0273 0.0018 0.0013 0.0111 0.0074 0.0007 0.7069 0.0245 0.0181 0.0148 0.0067 0.0094 0.0890 0.0058 0.0233 
      CROC15  3 0.0029 0.0029 0.0019 0.0064 0.0034 0.0047 0.0028 0.0019 0.0062 0.0016 0.0018 0.0062 0.0023 0.0181 0.0038 0.0079 0.0009 0.7341 0.0156 0.0155 0.0077 0.0030 0.0739 0.0275 0.0108 0.0359 
      CROC16  3 0.0015 0.0008 0.0011 0.0009 0.0019 0.0071 0.0032 0.0073 0.1124 0.0014 0.0215 0.0064 0.0036 0.0017 0.0058 0.0212 0.0014 0.6296 0.0222 0.0139 0.0088 0.0017 0.0221 0.0698 0.0102 0.0225 
      CROC17  3 0.0009 0.0006 0.0007 0.0060 0.0152 0.0020 0.0019 0.0047 0.0051 0.0013 0.0035 0.0034 0.0019 0.0012 0.0033 0.0045 0.0007 0.8383 0.0124 0.0172 0.0180 0.0098 0.0078 0.0222 0.0069 0.0107 
      CROC18  3 0.0010 0.0006 0.0006 0.0014 0.0032 0.0039 0.0024 0.0019 0.0055 0.0015 0.0037 0.0029 0.0050 0.0047 0.0044 0.0079 0.0009 0.8202 0.0168 0.0431 0.0051 0.0017 0.0096 0.0284 0.0090 0.0146 
      CROC19  3 0.0015 0.0048 0.0014 0.0015 0.0059 0.0024 0.0052 0.0022 0.0110 0.0014 0.0019 0.0253 0.0044 0.0022 0.0108 0.0059 0.0038 0.7830 0.0151 0.0374 0.0060 0.0052 0.0128 0.0140 0.0188 0.0164 
     CROC198  3 0.0016 0.0007 0.0008 0.0007 0.0025 0.0022 0.0033 0.0032 0.0359 0.0018 0.0025 0.0035 0.0036 0.0012 0.0061 0.0092 0.0014 0.7216 0.0179 0.0157 0.0058 0.0021 0.0082 0.1119 0.0204 0.0163 
      CROC20  3 0.0014 0.0009 0.0016 0.0016 0.0023 0.0027 0.0043 0.0014 0.0130 0.0011 0.0029 0.0059 0.0027 0.0024 0.0092 0.0085 0.0010 0.7772 0.0264 0.0454 0.0069 0.0017 0.0137 0.0362 0.0120 0.0176 
     CROC202  3 0.0021 0.0008 0.0010 0.0010 0.0028 0.0091 0.0029 0.0015 0.0102 0.0012 0.0026 0.0042 0.0087 0.0018 0.0049 0.0071 0.0011 0.7343 0.0359 0.0213 0.0054 0.0016 0.0123 0.0973 0.0159 0.0132 
      CROC21  3 0.0014 0.0077 0.0007 0.0012 0.0046 0.0029 0.0047 0.0012 0.0186 0.0021 0.0027 0.0033 0.0027 0.0029 0.0070 0.0161 0.0015 0.8138 0.0159 0.0179 0.0061 0.0018 0.0094 0.0195 0.0104 0.0239 
     CROC216  3 0.0012 0.0008 0.0008 0.0010 0.0060 0.0036 0.0034 0.0014 0.0217 0.0028 0.0051 0.0077 0.0033 0.0061 0.0338 0.0082 0.0019 0.7625 0.0156 0.0178 0.0123 0.0018 0.0267 0.0252 0.0095 0.0198 
      CROC22  3 0.0015 0.0009 0.0006 0.0015 0.0034 0.0028 0.0052 0.0014 0.0113 0.0026 0.0020 0.0042 0.0038 0.0020 0.0279 0.0177 0.0009 0.6094 0.0136 0.0187 0.0700 0.0023 0.0103 0.1556 0.0172 0.0131 
      CROC23  3 0.0011 0.0009 0.0009 0.0009 0.0119 0.0024 0.0029 0.0011 0.0830 0.0032 0.0021 0.0037 0.0024 0.0017 0.0097 0.0158 0.0009 0.7293 0.0480 0.0170 0.0073 0.0043 0.0093 0.0143 0.0094 0.0163 
      CROC24  3 0.0011 0.0011 0.0011 0.0013 0.0034 0.0050 0.0022 0.0019 0.0485 0.0011 0.0055 0.0051 0.0041 0.0016 0.0150 0.0065 0.0009 0.6947 0.0128 0.0151 0.0084 0.0032 0.0114 0.1191 0.0076 0.0224 
      CROC25  3 0.0013 0.0006 0.0007 0.0010 0.0029 0.0019 0.0019 0.0011 0.0072 0.0024 0.0037 0.0039 0.0024 0.0018 0.0071 0.0065 0.0007 0.8320 0.0124 0.0178 0.0050 0.0016 0.0121 0.0486 0.0086 0.0149 
     CROC259  3 0.0075 0.0008 0.0010 0.0014 0.0235 0.0030 0.0016 0.0011 0.0164 0.0011 0.0048 0.0165 0.0026 0.0014 0.0146 0.0130 0.0010 0.7805 0.0170 0.0137 0.0091 0.0049 0.0094 0.0292 0.0104 0.0146 
      CROC26  3 0.0016 0.0007 0.0010 0.0012 0.0694 0.0026 0.0019 0.0014 0.0138 0.0018 0.0027 0.0036 0.0032 0.0019 0.0056 0.0058 0.0011 0.7557 0.0236 0.0133 0.0062 0.0022 0.0139 0.0308 0.0161 0.0190 
      CROC27  3 0.0012 0.0008 0.0025 0.0017 0.0106 0.0024 0.0023 0.0052 0.0268 0.0018 0.0027 0.0046 0.0026 0.0016 0.0659 0.0075 0.0018 0.6464 0.0180 0.0234 0.0265 0.0020 0.0198 0.0759 0.0131 0.0328 
      CROC28  3 0.0014 0.0010 0.0008 0.0016 0.0094 0.0020 0.0022 0.0027 0.0749 0.0012 0.0026 0.0079 0.0023 0.0013 0.0340 0.0061 0.0012 0.6320 0.0159 0.0109 0.0084 0.0014 0.0141 0.1402 0.0077 0.0167 
      CROC29  3 0.0011 0.0008 0.0008 0.0011 0.0032 0.0026 0.0034 0.0041 0.0046 0.0014 0.0019 0.0052 0.0026 0.0014 0.0105 0.0085 0.0009 0.8034 0.0171 0.0179 0.0082 0.0022 0.0201 0.0443 0.0095 0.0231 
      CROC30  3 0.0014 0.0009 0.0022 0.0016 0.0039 0.0029 0.0044 0.0018 0.0267 0.0023 0.0193 0.0299 0.0029 0.0077 0.0048 0.0072 0.0024 0.7113 0.0192 0.0280 0.0124 0.0044 0.0144 0.0559 0.0092 0.0228 
      CROC31  3 0.0015 0.0008 0.0007 0.0012 0.0051 0.0025 0.0056 0.0027 0.0883 0.0017 0.0041 0.0036 0.0036 0.0014 0.0244 0.0184 0.0017 0.6441 0.0806 0.0170 0.0084 0.0029 0.0124 0.0401 0.0089 0.0184 
      CROC32  3 0.0013 0.0008 0.0006 0.0011 0.0026 0.0019 0.0033 0.0012 0.0094 0.0010 0.0032 0.0052 0.0029 0.0019 0.0059 0.0084 0.0007 0.7669 0.0119 0.0181 0.0059 0.0018 0.0077 0.1153 0.0090 0.0118 
      CROC33  3 0.0008 0.0015 0.0049 0.0008 0.0046 0.0028 0.0023 0.0023 0.0051 0.0013 0.0025 0.0153 0.0037 0.0013 0.0151 0.0056 0.0009 0.7947 0.0131 0.0197 0.0073 0.0015 0.0162 0.0147 0.0101 0.0518 
      CROC34  3 0.0016 0.0006 0.0010 0.0009 0.0032 0.0024 0.0018 0.0025 0.0078 0.0013 0.0045 0.0048 0.0024 0.0031 0.0060 0.0054 0.0011 0.8418 0.0206 0.0206 0.0067 0.0018 0.0100 0.0157 0.0128 0.0196 
      CROC35  3 0.0011 0.0007 0.0015 0.0017 0.0045 0.0016 0.0020 0.0010 0.0107 0.0015 0.0017 0.0048 0.0017 0.0013 0.0374 0.0044 0.0006 0.8036 0.0141 0.0470 0.0075 0.0012 0.0065 0.0258 0.0057 0.0104 
      CROC36  3 0.0013 0.0007 0.0006 0.0009 0.0022 0.0024 0.0023 0.0015 0.0617 0.0032 0.0026 0.0041 0.0031 0.0015 0.0038 0.0112 0.0006 0.7837 0.0145 0.0129 0.0049 0.0019 0.0128 0.0448 0.0073 0.0132 
      CROC57  3 0.0023 0.0007 0.0008 0.0011 0.0021 0.0023 0.0025 0.0014 0.0056 0.0011 0.0019 0.0044 0.0038 0.0017 0.0054 0.0074 0.0008 0.8570 0.0164 0.0152 0.0058 0.0017 0.0114 0.0213 0.0087 0.0171 
      CROC81  3 0.0014 0.0007 0.0009 0.0008 0.0025 0.0096 0.0075 0.0013 0.0100 0.0022 0.0033 0.0050 0.0077 0.0041 0.0062 0.0087 0.0010 0.7229 0.0154 0.0242 0.0057 0.0021 0.0128 0.0868 0.0083 0.0490 
      CROC84  3 0.0009 0.0007 0.0007 0.0007 0.0025 0.0034 0.0019 0.0012 0.0281 0.0010 0.0016 0.0029 0.0022 0.0011 0.0113 0.0052 0.0006 0.8171 0.0175 0.0100 0.0059 0.0012 0.0123 0.0511 0.0089 0.0103 
        FW01  3 0.0010 0.0008 0.0008 0.0006 0.0018 0.0022 0.0020 0.0012 0.0032 0.0009 0.0022 0.0027 0.0023 0.0015 0.0036 0.0055 0.0007 0.0090 0.0115 0.0139 0.0046 0.0014 0.0078 0.8986 0.0078 0.0125 
        FW02  3 0.0008 0.0006 0.0005 0.0006 0.0015 0.0015 0.0016 0.0009 0.9094 0.0010 0.0016 0.0024 0.0016 0.0011 0.0032 0.0045 0.0006 0.0081 0.0097 0.0106 0.0038 0.0011 0.0065 0.0110 0.0060 0.0097 
        FW03  3 0.0008 0.0006 0.0006 0.0006 0.0017 0.0018 0.0017 0.0010 0.0034 0.0009 0.0017 0.0026 0.0017 0.0012 0.0031 0.0046 0.0006 0.0077 0.0105 0.0114 0.0038 0.0012 0.0078 0.9118 0.0065 0.0105 
        FW04  3 0.0008 0.0006 0.0005 0.0006 0.0015 0.0015 0.0016 0.0010 0.9094 0.0010 0.0016 0.0023 0.0017 0.0011 0.0033 0.0045 0.0006 0.0081 0.0097 0.0107 0.0038 0.0011 0.0066 0.0109 0.0060 0.0097 
        FW05  3 0.0008 0.0006 0.0005 0.0006 0.0015 0.0015 0.0016 0.0009 0.9096 0.0010 0.0016 0.0023 0.0017 0.0011 0.0033 0.0045 0.0005 0.0081 0.0096 0.0106 0.0038 0.0011 0.0065 0.0111 0.0059 0.0096 
        FW06  3 0.0008 0.0006 0.0005 0.0006 0.0016 0.0015 0.0016 0.0010 0.9095 0.0010 0.0015 0.0024 0.0017 0.0011 0.0033 0.0045 0.0005 0.0081 0.0097 0.0106 0.0038 0.0011 0.0065 0.0109 0.0060 0.0096 
        FW07  3 0.0008 0.0006 0.0006 0.0006 0.0017 0.0018 0.0017 0.0010 0.0035 0.0009 0.0017 0.0026 0.0017 0.0012 0.0031 0.0046 0.0005 0.0077 0.0104 0.0115 0.0038 0.0012 0.0079 0.9120 0.0065 0.0104 
        FW08  3 0.0008 0.0006 0.0005 0.0006 0.0016 0.0015 0.0016 0.0009 0.9094 0.0010 0.0016 0.0024 0.0017 0.0011 0.0033 0.0045 0.0006 0.0080 0.0097 0.0106 0.0038 0.0011 0.0065 0.0110 0.0060 0.0097 
        FW09  3 0.0008 0.0006 0.0005 0.0006 0.0015 0.0015 0.0016 0.0010 0.9094 0.0010 0.0016 0.0024 0.0017 0.0011 0.0033 0.0045 0.0006 0.0082 0.0096 0.0106 0.0038 0.0011 0.0066 0.0110 0.0060 0.0096 
        FW10  3 0.0008 0.0006 0.0006 0.0006 0.0017 0.0018 0.0017 0.0010 0.0034 0.0009 0.0017 0.0025 0.0017 0.0012 0.0031 0.0048 0.0006 0.0077 0.0104 0.0115 0.0040 0.0012 0.0080 0.9110 0.0065 0.0110 
       FW100  3 0.0008 0.0006 0.0006 0.0006 0.0017 0.0018 0.0017 0.0010 0.0043 0.0009 0.0017 0.0025 0.0017 0.0012 0.0031 0.0048 0.0006 0.0080 0.0104 0.0114 0.0039 0.0011 0.0075 0.9105 0.0065 0.0110 
       FW101  3 0.0008 0.0006 0.0006 0.0006 0.0017 0.0018 0.0017 0.0010 0.0034 0.0009 0.0017 0.0025 0.0017 0.0012 0.0032 0.0048 0.0006 0.0078 0.0104 0.0115 0.0039 0.0012 0.0079 0.9110 0.0065 0.0109 
       FW102  3 0.0008 0.0006 0.0005 0.0006 0.0015 0.0015 0.0016 0.0009 0.9096 0.0010 0.0016 0.0024 0.0016 0.0011 0.0033 0.0045 0.0006 0.0080 0.0097 0.0106 0.0038 0.0011 0.0066 0.0109 0.0060 0.0096 
       FW103  3 0.0008 0.0006 0.0005 0.0006 0.0015 0.0015 0.0015 0.0009 0.9095 0.0011 0.0016 0.0024 0.0017 0.0011 0.0032 0.0045 0.0006 0.0081 0.0096 0.0106 0.0038 0.0011 0.0066 0.0110 0.0060 0.0097 
       FW104  3 0.0010 0.0009 0.0008 0.0006 0.0018 0.0022 0.0020 0.0012 0.0032 0.0009 0.0021 0.0026 0.0023 0.0015 0.0036 0.0055 0.0007 0.0091 0.0115 0.0138 0.0045 0.0014 0.0078 0.8985 0.0079 0.0125 
       FW105  3 0.0008 0.0006 0.0005 0.0006 0.0017 0.0018 0.0017 0.0010 0.0034 0.0009 0.0017 0.0025 0.0017 0.0012 0.0031 0.0048 0.0006 0.0077 0.0104 0.0115 0.0040 0.0011 0.0079 0.9111 0.0065 0.0109 
       FW106  3 0.0011 0.0015 0.0113 0.0012 0.0039 0.0030 0.0032 0.0010 0.0631 0.0021 0.0024 0.0045 0.0025 0.0024 0.0646 0.0097 0.0014 0.5575 0.0244 0.1141 0.0075 0.0029 0.0360 0.0477 0.0134 0.0178 
       FW107  3 0.0010 0.0009 0.0008 0.0007 0.0018 0.0022 0.0020 0.0012 0.0032 0.0009 0.0021 0.0026 0.0023 0.0015 0.0036 0.0055 0.0007 0.0091 0.0115 0.0139 0.0046 0.0014 0.0077 0.8986 0.0079 0.0124 
       FW108  3 0.0008 0.0006 0.0005 0.0006 0.0015 0.0015 0.0016 0.0010 0.9094 0.0010 0.0016 0.0023 0.0017 0.0012 0.0033 0.0044 0.0006 0.0082 0.0097 0.0106 0.0038 0.0011 0.0066 0.0109 0.0059 0.0096 
       FW109  3 0.0008 0.0006 0.0006 0.0006 0.0017 0.0018 0.0017 0.0010 0.0034 0.0009 0.0017 0.0025 0.0017 0.0012 0.0031 0.0048 0.0006 0.0076 0.0104 0.0114 0.0039 0.0012 0.0079 0.9114 0.0065 0.0109 
        FW11  3 0.0008 0.0006 0.0006 0.0006 0.0017 0.0018 0.0017 0.0010 0.0042 0.0009 0.0017 0.0025 0.0017 0.0013 0.0031 0.0047 0.0006 0.0081 0.0104 0.0115 0.0040 0.0012 0.0076 0.9104 0.0065 0.0110 
       FW110  3 0.0008 0.0006 0.0006 0.0006 0.0017 0.0019 0.0017 0.0010 0.0034 0.0009 0.0017 0.0026 0.0017 0.0012 0.0032 0.0046 0.0006 0.0077 0.0104 0.0115 0.0039 0.0012 0.0080 0.9118 0.0064 0.0105 
       FW111  3 0.0008 0.0006 0.0005 0.0006 0.0015 0.0015 0.0016 0.0009 0.9095 0.0010 0.0016 0.0023 0.0017 0.0012 0.0033 0.0045 0.0005 0.0080 0.0096 0.0106 0.0038 0.0011 0.0066 0.0110 0.0060 0.0097 
       FW112  3 0.0008 0.0006 0.0005 0.0006 0.0017 0.0018 0.0017 0.0010 0.0042 0.0009 0.0017 0.0025 0.0017 0.0012 0.0032 0.0048 0.0006 0.0080 0.0104 0.0115 0.0040 0.0012 0.0075 0.9104 0.0064 0.0110 
       FW113  3 0.0008 0.0006 0.0005 0.0006 0.0015 0.0015 0.0016 0.0010 0.9095 0.0010 0.0016 0.0023 0.0017 0.0011 0.0032 0.0045 0.0006 0.0081 0.0097 0.0106 0.0038 0.0011 0.0065 0.0110 0.0060 0.0097 
       FW114  3 0.0008 0.0008 0.0007 0.0010 0.0029 0.0019 0.0021 0.0010 0.0035 0.0010 0.0018 0.0034 0.0019 0.0012 0.0034 0.0049 0.0008 0.0084 0.0117 0.0120 0.0045 0.0018 0.0083 0.9026 0.0066 0.0108 
       FW115  3 0.0008 0.0006 0.0005 0.0006 0.0017 0.0018 0.0017 0.0010 0.0033 0.0009 0.0017 0.0025 0.0017 0.0012 0.0031 0.0048 0.0006 0.0077 0.0104 0.0115 0.0040 0.0012 0.0080 0.9112 0.0065 0.0109 
       FW116  3 0.0008 0.0006 0.0005 0.0006 0.0015 0.0015 0.0016 0.0010 0.9095 0.0010 0.0016 0.0024 0.0016 0.0012 0.0033 0.0045 0.0005 0.0081 0.0097 0.0106 0.0038 0.0011 0.0065 0.0109 0.0060 0.0096 
        FW12  3 0.0008 0.0006 0.0005 0.0006 0.0015 0.0015 0.0016 0.0009 0.9095 0.0010 0.0016 0.0024 0.0017 0.0011 0.0033 0.0045 0.0006 0.0080 0.0097 0.0106 0.0038 0.0011 0.0066 0.0109 0.0060 0.0097 
        FW13  3 0.0008 0.0006 0.0005 0.0006 0.0015 0.0015 0.0016 0.0009 0.9094 0.0011 0.0015 0.0024 0.0016 0.0011 0.0032 0.0045 0.0006 0.0082 0.0097 0.0106 0.0038 0.0011 0.0065 0.0110 0.0060 0.0096 
        FW14  3 0.0010 0.0009 0.0008 0.0006 0.0018 0.0022 0.0021 0.0012 0.0032 0.0009 0.0022 0.0027 0.0023 0.0015 0.0036 0.0055 0.0007 0.0090 0.0115 0.0141 0.0046 0.0013 0.0078 0.8983 0.0079 0.0125 
        FW15  3 0.0010 0.0009 0.0007 0.0006 0.0018 0.0022 0.0021 0.0012 0.0032 0.0009 0.0021 0.0027 0.0023 0.0015 0.0036 0.0056 0.0007 0.0091 0.0115 0.0138 0.0046 0.0014 0.0077 0.8986 0.0078 0.0125 
        FW16  3 0.0008 0.0006 0.0005 0.0006 0.0017 0.0018 0.0017 0.0010 0.0034 0.0009 0.0017 0.0025 0.0017 0.0013 0.0031 0.0048 0.0006 0.0077 0.0104 0.0115 0.0039 0.0011 0.0079 0.9112 0.0065 0.0109 
        FW17  3 0.0008 0.0006 0.0005 0.0006 0.0017 0.0018 0.0017 0.0010 0.0034 0.0009 0.0017 0.0025 0.0017 0.0012 0.0031 0.0048 0.0006 0.0077 0.0104 0.0114 0.0040 0.0011 0.0080 0.9112 0.0065 0.0110 
        FW18  3 0.0008 0.0006 0.0005 0.0006 0.0017 0.0018 0.0017 0.0010 0.0042 0.0009 0.0017 0.0025 0.0017 0.0013 0.0031 0.0047 0.0006 0.0080 0.0104 0.0114 0.0040 0.0012 0.0076 0.9105 0.0065 0.0109 
        FW19  3 0.0008 0.0006 0.0005 0.0006 0.0015 0.0015 0.0016 0.0010 0.9094 0.0010 0.0016 0.0023 0.0017 0.0012 0.0032 0.0045 0.0005 0.0080 0.0097 0.0106 0.0038 0.0011 0.0066 0.0110 0.0060 0.0097 
        FW20  3 0.0008 0.0006 0.0005 0.0006 0.0015 0.0015 0.0016 0.0009 0.9095 0.0010 0.0016 0.0023 0.0016 0.0011 0.0033 0.0045 0.0005 0.0080 0.0096 0.0106 0.0037 0.0011 0.0066 0.0110 0.0060 0.0097 
        FW21  3 0.0008 0.0006 0.0005 0.0006 0.0015 0.0015 0.0016 0.0009 0.9094 0.0010 0.0016 0.0024 0.0017 0.0011 0.0033 0.0045 0.0005 0.0080 0.0096 0.0106 0.0038 0.0011 0.0066 0.0110 0.0060 0.0096 
        FW22  3 0.0008 0.0006 0.0005 0.0006 0.0017 0.0018 0.0017 0.0010 0.0042 0.0009 0.0017 0.0025 0.0017 0.0012 0.0031 0.0048 0.0006 0.0080 0.0104 0.0115 0.0040 0.0011 0.0076 0.9104 0.0065 0.0109 
        FW23  3 0.0008 0.0006 0.0005 0.0006 0.0015 0.0015 0.0016 0.0009 0.9095 0.0010 0.0016 0.0024 0.0016 0.0011 0.0032 0.0045 0.0005 0.0080 0.0097 0.0106 0.0038 0.0011 0.0065 0.0109 0.0060 0.0097 
        FW24  3 0.0008 0.0006 0.0005 0.0006 0.0015 0.0015 0.0016 0.0010 0.9094 0.0010 0.0016 0.0024 0.0016 0.0011 0.0033 0.0045 0.0005 0.0080 0.0097 0.0105 0.0038 0.0011 0.0066 0.0110 0.0060 0.0097 
        FW25  3 0.0008 0.0006 0.0005 0.0006 0.0015 0.0015 0.0015 0.0009 0.9094 0.0010 0.0016 0.0024 0.0017 0.0011 0.0033 0.0045 0.0005 0.0080 0.0098 0.0106 0.0038 0.0011 0.0066 0.0110 0.0060 0.0097 
        FW26  3 0.0008 0.0006 0.0005 0.0006 0.0015 0.0015 0.0016 0.0009 0.9097 0.0010 0.0015 0.0023 0.0017 0.0012 0.0032 0.0045 0.0005 0.0081 0.0097 0.0106 0.0038 0.0011 0.0065 0.0109 0.0060 0.0096 
        FW27  3 0.0008 0.0006 0.0006 0.0006 0.0017 0.0018 0.0017 0.0010 0.0035 0.0009 0.0017 0.0025 0.0017 0.0012 0.0032 0.0048 0.0006 0.0077 0.0105 0.0116 0.0039 0.0011 0.0079 0.9109 0.0065 0.0109 
        FW28  3 0.0008 0.0006 0.0005 0.0006 0.0016 0.0015 0.0016 0.0009 0.9094 0.0010 0.0016 0.0024 0.0016 0.0011 0.0033 0.0045 0.0005 0.0081 0.0098 0.0106 0.0038 0.0011 0.0065 0.0109 0.0060 0.0096 
        FW29  3 0.0008 0.0006 0.0005 0.0006 0.0015 0.0015 0.0016 0.0010 0.9094 0.0010 0.0016 0.0024 0.0017 0.0011 0.0033 0.0044 0.0006 0.0080 0.0097 0.0106 0.0038 0.0011 0.0065 0.0110 0.0060 0.0097 
        FW30  3 0.0011 0.0015 0.0111 0.0012 0.0038 0.0030 0.0032 0.0010 0.0636 0.0021 0.0023 0.0044 0.0025 0.0023 0.0651 0.0096 0.0014 0.5570 0.0247 0.1137 0.0075 0.0029 0.0363 0.0474 0.0134 0.0178 
        FW32  3 0.0010 0.0009 0.0008 0.0006 0.0018 0.0022 0.0021 0.0012 0.0032 0.0009 0.0022 0.0026 0.0023 0.0015 0.0036 0.0054 0.0007 0.0090 0.0115 0.0138 0.0046 0.0014 0.0077 0.8986 0.0078 0.0126 
        FW33  3 0.0008 0.0006 0.0005 0.0006 0.0019 0.0015 0.0016 0.0009 0.8905 0.0051 0.0015 0.0025 0.0017 0.0011 0.0033 0.0132 0.0006 0.0131 0.0098 0.0107 0.0038 0.0014 0.0065 0.0110 0.0060 0.0097 
        FW34  3 0.0008 0.0006 0.0005 0.0006 0.0015 0.0015 0.0016 0.0009 0.9095 0.0010 0.0016 0.0023 0.0016 0.0011 0.0033 0.0046 0.0005 0.0080 0.0097 0.0105 0.0038 0.0011 0.0066 0.0109 0.0060 0.0096 
        FW35  3 0.0008 0.0006 0.0005 0.0006 0.0015 0.0015 0.0016 0.0010 0.9095 0.0010 0.0016 0.0024 0.0017 0.0011 0.0033 0.0045 0.0006 0.0080 0.0097 0.0106 0.0038 0.0011 0.0066 0.0110 0.0060 0.0097 
        FW36  3 0.0008 0.0006 0.0005 0.0006 0.0016 0.0015 0.0015 0.0009 0.9094 0.0010 0.0016 0.0024 0.0017 0.0011 0.0033 0.0045 0.0006 0.0081 0.0098 0.0106 0.0038 0.0011 0.0066 0.0109 0.0060 0.0096 
