        TC01  1 0.8744 0.0014 0.0007 0.0011 0.0018 0.0045 0.0037 0.0020 0.0022 0.0219 0.0024 0.0205 0.0093 0.0105 0.0161 0.0014 0.0115 0.0116 0.0029 
        TC02  1 0.8983 0.0016 0.0014 0.0014 0.0026 0.0024 0.0048 0.0018 0.0031 0.0048 0.0025 0.0073 0.0041 0.0107 0.0225 0.0024 0.0115 0.0140 0.0029 
        TC03  1 0.9208 0.0015 0.0007 0.0010 0.0013 0.0033 0.0050 0.0040 0.0033 0.0042 0.0018 0.0044 0.0048 0.0039 0.0112 0.0022 0.0139 0.0102 0.0027 
        TC04  1 0.7820 0.0010 0.0051 0.0045 0.0094 0.0122 0.0304 0.0043 0.0029 0.0031 0.0032 0.0054 0.0119 0.0042 0.0591 0.0038 0.0108 0.0121 0.0347 
        TC05  1 0.9171 0.0007 0.0011 0.0022 0.0015 0.0016 0.0058 0.0016 0.0033 0.0028 0.0020 0.0030 0.0062 0.0067 0.0119 0.0016 0.0067 0.0116 0.0125 
        TC06  1 0.8232 0.0019 0.0027 0.0012 0.0059 0.0052 0.0807 0.0015 0.0024 0.0046 0.0019 0.0035 0.0040 0.0072 0.0227 0.0020 0.0083 0.0187 0.0025 
        TC07  1 0.8960 0.0009 0.0012 0.0116 0.0026 0.0016 0.0072 0.0018 0.0037 0.0021 0.0014 0.0168 0.0202 0.0049 0.0077 0.0018 0.0065 0.0086 0.0033 
        TC08  1 0.9106 0.0006 0.0011 0.0025 0.0019 0.0014 0.0049 0.0010 0.0047 0.0040 0.0020 0.0038 0.0045 0.0083 0.0264 0.0013 0.0086 0.0089 0.0034 
        TC09  1 0.7789 0.0068 0.0005 0.0013 0.0019 0.0019 0.0126 0.0029 0.0020 0.0026 0.0019 0.0034 0.0037 0.0072 0.1249 0.0017 0.0051 0.0353 0.0055 
        TC10  1 0.8426 0.0284 0.0021 0.0008 0.0012 0.0016 0.0081 0.0225 0.0020 0.0033 0.0014 0.0126 0.0076 0.0058 0.0077 0.0015 0.0394 0.0090 0.0026 
        TC11  1 0.9125 0.0011 0.0008 0.0008 0.0031 0.0021 0.0028 0.0016 0.0046 0.0028 0.0013 0.0114 0.0032 0.0215 0.0088 0.0020 0.0129 0.0047 0.0020 
        TC12  1 0.8726 0.0010 0.0026 0.0023 0.0033 0.0068 0.0081 0.0042 0.0036 0.0093 0.0035 0.0079 0.0068 0.0035 0.0228 0.0015 0.0164 0.0208 0.0030 
        TC13  1 0.9154 0.0024 0.0010 0.0010 0.0011 0.0015 0.0056 0.0011 0.0023 0.0024 0.0020 0.0036 0.0040 0.0167 0.0183 0.0024 0.0099 0.0067 0.0023 
        TC14  1 0.7927 0.0067 0.0008 0.0009 0.0014 0.0041 0.0609 0.0020 0.0060 0.0060 0.0054 0.0094 0.0050 0.0127 0.0333 0.0085 0.0137 0.0269 0.0037 
        TC15  1 0.8266 0.0042 0.0008 0.0008 0.0017 0.0023 0.0270 0.0020 0.0025 0.0024 0.0045 0.0027 0.0061 0.0068 0.0448 0.0156 0.0327 0.0127 0.0037 
        TC16  1 0.7471 0.0070 0.0010 0.0038 0.0021 0.0036 0.0105 0.0015 0.0059 0.0052 0.0027 0.0038 0.0067 0.0049 0.1707 0.0021 0.0081 0.0098 0.0035 
        TC17  1 0.7349 0.0222 0.0011 0.0020 0.0159 0.0045 0.0245 0.0027 0.0098 0.0209 0.0133 0.0128 0.0107 0.0092 0.0629 0.0023 0.0196 0.0194 0.0113 
        TC18  1 0.8211 0.0018 0.0013 0.0026 0.0017 0.0152 0.0103 0.0040 0.0060 0.0073 0.0027 0.0084 0.0030 0.0300 0.0116 0.0024 0.0440 0.0065 0.0200 
        TC19  1 0.8459 0.0047 0.0018 0.0025 0.0011 0.0018 0.0035 0.0014 0.0028 0.0042 0.0016 0.0047 0.0025 0.0108 0.0880 0.0022 0.0126 0.0061 0.0018 
        TC20  1 0.9067 0.0024 0.0011 0.0010 0.0011 0.0034 0.0041 0.0012 0.0027 0.0112 0.0020 0.0038 0.0040 0.0062 0.0292 0.0016 0.0067 0.0070 0.0047 
        TC21  1 0.7267 0.0008 0.0009 0.0106 0.0372 0.0240 0.0072 0.0019 0.0116 0.0040 0.0786 0.0197 0.0052 0.0050 0.0245 0.0167 0.0122 0.0074 0.0058 
        TC22  1 0.8491 0.0007 0.0022 0.0016 0.0014 0.0017 0.0076 0.0015 0.0025 0.0057 0.0027 0.0044 0.0062 0.0114 0.0204 0.0139 0.0488 0.0157 0.0025 
        TC23  1 0.8729 0.0014 0.0006 0.0016 0.0011 0.0022 0.0065 0.0024 0.0033 0.0193 0.0018 0.0142 0.0075 0.0266 0.0112 0.0019 0.0145 0.0091 0.0018 
        TC24  1 0.9434 0.0017 0.0007 0.0008 0.0011 0.0013 0.0034 0.0022 0.0041 0.0033 0.0012 0.0025 0.0025 0.0082 0.0097 0.0012 0.0056 0.0045 0.0027 
        TC25  1 0.8184 0.0047 0.0011 0.0011 0.0026 0.0133 0.0530 0.0051 0.0047 0.0051 0.0035 0.0246 0.0055 0.0043 0.0119 0.0162 0.0084 0.0144 0.0023 
        TC26  1 0.8913 0.0183 0.0008 0.0015 0.0046 0.0016 0.0135 0.0016 0.0032 0.0037 0.0019 0.0032 0.0071 0.0060 0.0126 0.0015 0.0071 0.0186 0.0019 
        TC27  1 0.7326 0.0015 0.0009 0.0029 0.0078 0.0025 0.0260 0.0020 0.0054 0.0031 0.0035 0.0037 0.0054 0.0898 0.0120 0.0021 0.0844 0.0075 0.0070 
        TC28  1 0.8896 0.0018 0.0066 0.0012 0.0042 0.0032 0.0278 0.0029 0.0035 0.0030 0.0032 0.0049 0.0068 0.0057 0.0109 0.0025 0.0091 0.0076 0.0055 
        TC29  1 0.8409 0.0022 0.0007 0.0024 0.0015 0.0046 0.0436 0.0036 0.0091 0.0045 0.0030 0.0079 0.0064 0.0113 0.0209 0.0031 0.0060 0.0081 0.0201 
        TC30  1 0.8791 0.0022 0.0012 0.0013 0.0025 0.0017 0.0112 0.0021 0.0028 0.0051 0.0023 0.0056 0.0027 0.0177 0.0383 0.0031 0.0088 0.0098 0.0027 
        TC31  1 0.8318 0.0011 0.0031 0.0022 0.0012 0.0069 0.0046 0.0030 0.0056 0.0122 0.0033 0.0390 0.0045 0.0203 0.0232 0.0046 0.0233 0.0066 0.0037 
        TC32  1 0.7841 0.0025 0.0149 0.0012 0.0041 0.0023 0.0691 0.0015 0.0028 0.0031 0.0014 0.0048 0.0082 0.0228 0.0158 0.0233 0.0071 0.0272 0.0040 
        TC33  1 0.8822 0.0015 0.0007 0.0011 0.0014 0.0024 0.0070 0.0020 0.0065 0.0042 0.0020 0.0365 0.0051 0.0098 0.0105 0.0025 0.0113 0.0086 0.0047 
        TC34  1 0.8407 0.0029 0.0013 0.0009 0.0017 0.0022 0.0320 0.0016 0.0079 0.0085 0.0025 0.0042 0.0064 0.0255 0.0301 0.0015 0.0177 0.0093 0.0031 
        TC35  1 0.8223 0.0025 0.0060 0.0017 0.0065 0.0055 0.0053 0.0014 0.0031 0.0070 0.0030 0.0174 0.0041 0.0225 0.0568 0.0018 0.0215 0.0065 0.0051 
        TC36  1 0.8586 0.0025 0.0010 0.0012 0.0229 0.0023 0.0059 0.0044 0.0034 0.0035 0.0032 0.0043 0.0065 0.0254 0.0209 0.0037 0.0118 0.0136 0.0048 
        TC37  1 0.8471 0.0011 0.0020 0.0009 0.0017 0.0025 0.0026 0.0016 0.0078 0.0045 0.0025 0.0052 0.0069 0.0689 0.0159 0.0041 0.0096 0.0122 0.0029 
        TC38  1 0.7439 0.0039 0.0008 0.0036 0.0026 0.0315 0.0119 0.0025 0.0030 0.0043 0.0028 0.0073 0.0042 0.0101 0.1453 0.0014 0.0070 0.0102 0.0037 
        TC39  1 0.7404 0.0278 0.0013 0.0010 0.0027 0.0030 0.1014 0.0021 0.0031 0.0043 0.0041 0.0050 0.0049 0.0288 0.0436 0.0014 0.0069 0.0155 0.0027 
        TC40  1 0.8818 0.0033 0.0024 0.0011 0.0020 0.0025 0.0215 0.0046 0.0162 0.0048 0.0026 0.0048 0.0046 0.0053 0.0126 0.0025 0.0141 0.0101 0.0033 
        TC41  1 0.8880 0.0017 0.0018 0.0016 0.0033 0.0026 0.0041 0.0016 0.0061 0.0109 0.0016 0.0038 0.0171 0.0144 0.0108 0.0067 0.0073 0.0085 0.0079 
        TC42  1 0.8991 0.0013 0.0005 0.0012 0.0016 0.0014 0.0157 0.0018 0.0024 0.0054 0.0023 0.0026 0.0031 0.0185 0.0182 0.0014 0.0081 0.0118 0.0037 
        TC43  1 0.8797 0.0010 0.0015 0.0013 0.0013 0.0024 0.0221 0.0019 0.0032 0.0031 0.0022 0.0047 0.0046 0.0228 0.0206 0.0042 0.0105 0.0093 0.0036 
        TC44  1 0.8279 0.0039 0.0011 0.0008 0.0015 0.0019 0.0088 0.0027 0.0025 0.0041 0.0026 0.0061 0.0049 0.0044 0.0934 0.0012 0.0198 0.0104 0.0020 
        TC45  1 0.9104 0.0062 0.0019 0.0018 0.0019 0.0055 0.0028 0.0014 0.0019 0.0055 0.0076 0.0037 0.0056 0.0127 0.0113 0.0015 0.0053 0.0101 0.0028 
        TC46  1 0.8961 0.0018 0.0026 0.0016 0.0022 0.0037 0.0045 0.0026 0.0032 0.0043 0.0024 0.0033 0.0073 0.0083 0.0103 0.0019 0.0304 0.0094 0.0039 
        TC47  1 0.8725 0.0040 0.0011 0.0009 0.0019 0.0019 0.0077 0.0014 0.0027 0.0056 0.0014 0.0069 0.0046 0.0051 0.0349 0.0018 0.0373 0.0064 0.0021 
        TC48  1 0.8504 0.0033 0.0010 0.0010 0.0026 0.0050 0.0081 0.0016 0.0152 0.0085 0.0028 0.0039 0.0065 0.0087 0.0122 0.0048 0.0127 0.0479 0.0038 
        TC49  1 0.8961 0.0018 0.0035 0.0012 0.0019 0.0022 0.0062 0.0010 0.0036 0.0057 0.0075 0.0060 0.0047 0.0196 0.0085 0.0025 0.0086 0.0153 0.0041 
        TC50  1 0.8633 0.0011 0.0017 0.0012 0.0020 0.0034 0.0043 0.0027 0.0056 0.0061 0.0017 0.0057 0.0039 0.0180 0.0239 0.0114 0.0308 0.0104 0.0029 
        TC51  1 0.8789 0.0013 0.0011 0.0012 0.0015 0.0025 0.0168 0.0019 0.0029 0.0043 0.0037 0.0106 0.0040 0.0038 0.0301 0.0025 0.0110 0.0190 0.0027 
        TC52  1 0.9165 0.0015 0.0007 0.0018 0.0019 0.0041 0.0053 0.0130 0.0029 0.0028 0.0026 0.0026 0.0109 0.0055 0.0105 0.0014 0.0062 0.0075 0.0025 
        TC53  1 0.8639 0.0016 0.0008 0.0035 0.0016 0.0013 0.0102 0.0013 0.0025 0.0108 0.0043 0.0024 0.0031 0.0068 0.0282 0.0027 0.0357 0.0174 0.0019 
        TC54  1 0.8280 0.0019 0.0007 0.0011 0.0056 0.0032 0.0191 0.0024 0.0441 0.0043 0.0089 0.0058 0.0112 0.0091 0.0131 0.0071 0.0181 0.0116 0.0046 
        TC55  1 0.8272 0.0131 0.0011 0.0012 0.0089 0.0031 0.0192 0.0047 0.0053 0.0034 0.0030 0.0057 0.0073 0.0101 0.0103 0.0306 0.0112 0.0313 0.0031 
        TC56  1 0.8415 0.0011 0.0030 0.0028 0.0017 0.0092 0.0092 0.0025 0.0252 0.0059 0.0026 0.0078 0.0046 0.0147 0.0197 0.0052 0.0144 0.0234 0.0056 
        TC57  1 0.8613 0.0057 0.0022 0.0014 0.0061 0.0019 0.0038 0.0020 0.0048 0.0068 0.0038 0.0047 0.0042 0.0143 0.0296 0.0031 0.0287 0.0114 0.0042 
        TC58  1 0.8846 0.0046 0.0010 0.0008 0.0031 0.0019 0.0048 0.0014 0.0023 0.0052 0.0016 0.0336 0.0077 0.0045 0.0122 0.0016 0.0138 0.0126 0.0025 
        TC59  1 0.9220 0.0010 0.0009 0.0008 0.0044 0.0012 0.0128 0.0012 0.0026 0.0037 0.0029 0.0067 0.0037 0.0068 0.0106 0.0012 0.0091 0.0062 0.0022 
        TA01  2 0.8777 0.0041 0.0006 0.0010 0.0032 0.0020 0.0074 0.0013 0.0046 0.0060 0.0015 0.0044 0.0045 0.0098 0.0461 0.0048 0.0115 0.0073 0.0022 
        TA02  2 0.8585 0.0013 0.0013 0.0011 0.0025 0.0029 0.0054 0.0042 0.0094 0.0032 0.0022 0.0028 0.0056 0.0455 0.0264 0.0022 0.0072 0.0069 0.0114 
        TA03  2 0.7840 0.0020 0.0023 0.0011 0.0016 0.0019 0.0048 0.0021 0.0048 0.0042 0.0022 0.0047 0.0052 0.0062 0.1151 0.0023 0.0424 0.0091 0.0041 
        TA04  2 0.5560 0.0018 0.0020 0.0006 0.0014 0.0018 0.0153 0.0019 0.0028 0.0037 0.0019 0.0037 0.0057 0.0069 0.3647 0.0022 0.0161 0.0092 0.0025 
        TA05  2 0.9098 0.0011 0.0010 0.0021 0.0014 0.0027 0.0032 0.0013 0.0033 0.0029 0.0017 0.0040 0.0044 0.0049 0.0322 0.0015 0.0104 0.0092 0.0029 
        TA06  2 0.8872 0.0039 0.0007 0.0011 0.0019 0.0017 0.0082 0.0021 0.0025 0.0065 0.0010 0.0090 0.0079 0.0215 0.0241 0.0060 0.0077 0.0057 0.0014 
        TA07  2 0.6850 0.0019 0.0012 0.0061 0.0083 0.0020 0.0046 0.0032 0.0059 0.0047 0.0041 0.0073 0.0042 0.0055 0.2267 0.0013 0.0093 0.0151 0.0036 
        TA08  2 0.8092 0.0037 0.0008 0.0007 0.0009 0.0025 0.0170 0.0013 0.0026 0.0024 0.0020 0.0034 0.0023 0.0077 0.0689 0.0021 0.0637 0.0072 0.0017 
        TA09  2 0.8190 0.0021 0.0007 0.0010 0.0011 0.0013 0.0081 0.0024 0.0028 0.0032 0.0011 0.0031 0.0079 0.0378 0.0849 0.0014 0.0097 0.0098 0.0024 
        TA10  2 0.8232 0.0035 0.0016 0.0012 0.0023 0.0020 0.0080 0.0014 0.0027 0.0106 0.0032 0.0558 0.0057 0.0084 0.0441 0.0019 0.0081 0.0101 0.0063 
        TA11  2 0.7738 0.0295 0.0046 0.0012 0.0014 0.0036 0.0063 0.0015 0.0035 0.0185 0.0038 0.0377 0.0060 0.0188 0.0461 0.0014 0.0233 0.0146 0.0044 
        TA12  2 0.7944 0.0031 0.0014 0.0015 0.0013 0.0016 0.0050 0.0010 0.0034 0.0383 0.0017 0.0062 0.0034 0.0089 0.0445 0.0022 0.0068 0.0191 0.0562 
        TA13  2 0.6196 0.0010 0.0014 0.0011 0.0015 0.0019 0.0206 0.0027 0.0040 0.0062 0.0024 0.0071 0.0041 0.0052 0.1104 0.0023 0.0084 0.1924 0.0077 
        TA14  2 0.8727 0.0027 0.0012 0.0011 0.0012 0.0012 0.0087 0.0053 0.0049 0.0022 0.0014 0.0025 0.0030 0.0345 0.0353 0.0013 0.0070 0.0114 0.0024 
        TA15  2 0.8917 0.0009 0.0013 0.0009 0.0012 0.0012 0.0126 0.0014 0.0028 0.0031 0.0040 0.0037 0.0032 0.0238 0.0249 0.0017 0.0068 0.0116 0.0033 
        TA16  2 0.7134 0.0031 0.0009 0.0010 0.0032 0.0018 0.0187 0.0022 0.0027 0.0043 0.0020 0.0306 0.0063 0.0245 0.1079 0.0016 0.0108 0.0273 0.0378 
        TA17  2 0.8875 0.0026 0.0016 0.0019 0.0015 0.0015 0.0118 0.0015 0.0042 0.0079 0.0019 0.0032 0.0088 0.0067 0.0197 0.0014 0.0169 0.0133 0.0059 
        TA18  2 0.8007 0.0007 0.0028 0.0012 0.0018 0.0014 0.0056 0.0011 0.0027 0.0058 0.0021 0.0143 0.0876 0.0151 0.0222 0.0153 0.0096 0.0074 0.0027 
        TA19  2 0.7387 0.0017 0.0022 0.0011 0.0015 0.0017 0.0081 0.0016 0.0034 0.0066 0.0018 0.0103 0.0051 0.0089 0.0989 0.0034 0.0931 0.0088 0.0032 
        TA20  2 0.7426 0.0126 0.0011 0.0023 0.0031 0.0023 0.0105 0.0014 0.0117 0.0052 0.0022 0.0033 0.0030 0.0534 0.0183 0.0014 0.0093 0.0065 0.1097 
        TA21  2 0.7999 0.0294 0.0014 0.0012 0.0037 0.0023 0.0294 0.0024 0.0097 0.0032 0.0027 0.0048 0.0073 0.0306 0.0312 0.0034 0.0112 0.0202 0.0062 
        TA22  2 0.8637 0.0011 0.0014 0.0007 0.0033 0.0016 0.0358 0.0013 0.0111 0.0044 0.0012 0.0027 0.0041 0.0304 0.0116 0.0034 0.0069 0.0124 0.0030 
        TA23  2 0.6825 0.0015 0.0010 0.0006 0.0014 0.0015 0.0590 0.0013 0.0034 0.0027 0.0014 0.0035 0.0039 0.1876 0.0268 0.0026 0.0089 0.0076 0.0028 
        TA24  2 0.8665 0.0010 0.0016 0.0013 0.0340 0.0017 0.0058 0.0041 0.0031 0.0038 0.0033 0.0034 0.0046 0.0079 0.0205 0.0017 0.0262 0.0063 0.0033 
        TA25  2 0.7405 0.0020 0.0021 0.0013 0.0023 0.0017 0.0142 0.0014 0.0020 0.0367 0.0030 0.1264 0.0057 0.0134 0.0206 0.0022 0.0075 0.0092 0.0077 
        TA26  2 0.7674 0.0282 0.0010 0.0008 0.0013 0.0064 0.0209 0.0013 0.0045 0.0155 0.0041 0.0097 0.0029 0.0099 0.0855 0.0028 0.0166 0.0177 0.0036 
        TA27  2 0.7978 0.0014 0.0009 0.0008 0.0015 0.0015 0.0055 0.0025 0.0042 0.0100 0.0023 0.0040 0.0047 0.0950 0.0242 0.0021 0.0133 0.0128 0.0156 
        TA28  2 0.7901 0.0025 0.0028 0.0012 0.0030 0.0084 0.0060 0.0064 0.0134 0.0044 0.0043 0.0033 0.0107 0.0609 0.0462 0.0022 0.0087 0.0131 0.0125 
        TA29  2 0.8855 0.0013 0.0014 0.0012 0.0020 0.0016 0.0256 0.0013 0.0024 0.0059 0.0019 0.0041 0.0039 0.0087 0.0124 0.0018 0.0237 0.0123 0.0032 
        TA30  2 0.5062 0.1042 0.0008 0.0009 0.0011 0.0025 0.0087 0.0017 0.0065 0.0036 0.0061 0.0037 0.0035 0.0314 0.2369 0.0028 0.0413 0.0344 0.0036 
      BERM01  3 0.0014 0.0017 0.0007 0.0007 0.0010 0.0013 0.8518 0.0010 0.0025 0.0024 0.0013 0.0032 0.0027 0.0034 0.1071 0.0019 0.0066 0.0074 0.0020 
      BERM02  3 0.0024 0.0017 0.0009 0.0008 0.0010 0.0016 0.9223 0.0010 0.0026 0.0021 0.0016 0.0027 0.0027 0.0059 0.0328 0.0031 0.0053 0.0075 0.0020 
      BERM03  3 0.0011 0.0018 0.0007 0.0007 0.0012 0.0014 0.9439 0.0011 0.0022 0.0029 0.0013 0.0033 0.0028 0.0031 0.0089 0.0014 0.0081 0.0124 0.0018 
      BERM04  3 0.0011 0.0025 0.0006 0.0006 0.0010 0.0016 0.9389 0.0012 0.0020 0.0023 0.0013 0.0039 0.0026 0.0022 0.0153 0.0013 0.0110 0.0092 0.0014 
      BERM05  3 0.0010 0.0013 0.0006 0.0007 0.0015 0.0020 0.9245 0.0017 0.0027 0.0040 0.0012 0.0039 0.0036 0.0025 0.0266 0.0015 0.0085 0.0107 0.0018 
      BERM06  3 0.0019 0.0143 0.0008 0.0008 0.0023 0.0018 0.8621 0.0012 0.0019 0.0023 0.0012 0.0025 0.0066 0.0035 0.0773 0.0016 0.0089 0.0074 0.0017 
      BERM07  3 0.0020 0.0023 0.0008 0.0008 0.0009 0.0015 0.9070 0.0011 0.0025 0.0040 0.0016 0.0050 0.0031 0.0042 0.0372 0.0014 0.0131 0.0097 0.0016 
      BERM08  3 0.0016 0.0009 0.0006 0.0007 0.0009 0.0017 0.9380 0.0010 0.0016 0.0020 0.0010 0.0027 0.0021 0.0025 0.0279 0.0024 0.0066 0.0043 0.0015 
      BERM09  3 0.0028 0.0017 0.0005 0.0006 0.0015 0.0011 0.5383 0.0009 0.0022 0.0037 0.0015 0.0033 0.0053 0.0101 0.4095 0.0019 0.0067 0.0070 0.0016 
      BERM10  3 0.0024 0.0090 0.0006 0.0046 0.0028 0.0023 0.8637 0.0013 0.0023 0.0044 0.0040 0.0034 0.0042 0.0159 0.0433 0.0018 0.0236 0.0084 0.0019 
      BERM11  3 0.0019 0.0016 0.0011 0.0007 0.0009 0.0018 0.8569 0.0012 0.0024 0.0020 0.0014 0.0038 0.0025 0.0041 0.1016 0.0020 0.0069 0.0055 0.0016 
      BERM12  3 0.0017 0.0029 0.0007 0.0006 0.0008 0.0112 0.8969 0.0038 0.0024 0.0308 0.0011 0.0041 0.0069 0.0062 0.0150 0.0015 0.0070 0.0051 0.0014 
      BERM13  3 0.0014 0.0008 0.0010 0.0006 0.0013 0.0013 0.9136 0.0010 0.0022 0.0031 0.0013 0.0042 0.0093 0.0037 0.0333 0.0014 0.0098 0.0087 0.0020 
      BERM14  3 0.0028 0.0115 0.0005 0.0007 0.0009 0.0013 0.9111 0.0023 0.0019 0.0037 0.0014 0.0040 0.0031 0.0033 0.0338 0.0013 0.0072 0.0073 0.0017 
      CROC01  3 0.0016 0.0012 0.0010 0.0008 0.0021 0.0020 0.8649 0.0057 0.0127 0.0095 0.0076 0.0056 0.0058 0.0041 0.0341 0.0037 0.0235 0.0107 0.0035 
      CROC02  3 0.0015 0.0077 0.0010 0.0009 0.0055 0.0031 0.8455 0.0018 0.0038 0.0032 0.0028 0.0047 0.0649 0.0067 0.0221 0.0018 0.0067 0.0134 0.0029 
      CROC03  3 0.0017 0.0061 0.0014 0.0012 0.0012 0.0048 0.8551 0.0023 0.0034 0.0035 0.0013 0.0039 0.0032 0.0057 0.0793 0.0022 0.0130 0.0081 0.0027 
      CROC04  3 0.0039 0.0009 0.0005 0.0010 0.0351 0.0013 0.8333 0.0032 0.0022 0.0037 0.0019 0.0033 0.0050 0.0741 0.0138 0.0012 0.0072 0.0067 0.0017 
      CROC05  3 0.0012 0.0044 0.0008 0.0009 0.0054 0.0015 0.9050 0.0013 0.0028 0.0030 0.0022 0.0061 0.0037 0.0043 0.0369 0.0023 0.0072 0.0089 0.0022 
      CROC06  3 0.0053 0.0027 0.0007 0.0025 0.0276 0.0025 0.8397 0.0043 0.0053 0.0038 0.0015 0.0207 0.0257 0.0069 0.0294 0.0055 0.0087 0.0051 0.0019 
      CROC07  3 0.0024 0.0020 0.0013 0.0009 0.0025 0.0016 0.8680 0.0016 0.0031 0.0046 0.0026 0.0039 0.0126 0.0189 0.0471 0.0018 0.0121 0.0108 0.0023 
      CROC08  3 0.0014 0.0014 0.0008 0.0008 0.0013 0.0036 0.8689 0.0025 0.0220 0.0073 0.0023 0.0082 0.0031 0.0075 0.0181 0.0114 0.0123 0.0224 0.0047 
      CROC09  3 0.0012 0.0062 0.0009 0.0163 0.0013 0.0022 0.7719 0.0030 0.0082 0.0024 0.0014 0.0029 0.0023 0.0028 0.1603 0.0024 0.0059 0.0065 0.0018 
      CROC10  3 0.0012 0.0014 0.0007 0.0007 0.0010 0.0018 0.8134 0.0013 0.0019 0.0025 0.0019 0.0048 0.0029 0.0036 0.1376 0.0027 0.0070 0.0120 0.0016 
      CROC11  3 0.0012 0.0067 0.0009 0.0162 0.0013 0.0022 0.7717 0.0030 0.0079 0.0025 0.0014 0.0029 0.0022 0.0028 0.1606 0.0024 0.0059 0.0065 0.0018 
     CROC110  3 0.0029 0.0037 0.0009 0.0043 0.0038 0.0014 0.7952 0.0033 0.0056 0.0040 0.0099 0.0034 0.0044 0.0058 0.1068 0.0022 0.0114 0.0278 0.0033 
     CROC116  3 0.0048 0.0056 0.0012 0.0013 0.0029 0.0037 0.8660 0.0144 0.0045 0.0062 0.0031 0.0040 0.0101 0.0147 0.0184 0.0048 0.0117 0.0176 0.0049 
      CROC12  3 0.0013 0.0017 0.0011 0.0011 0.0016 0.0014 0.9408 0.0010 0.0023 0.0023 0.0014 0.0027 0.0028 0.0052 0.0155 0.0016 0.0059 0.0079 0.0023 
     CROC123  3 0.0019 0.0042 0.0008 0.0007 0.0010 0.0015 0.9277 0.0018 0.0018 0.0018 0.0012 0.0022 0.0021 0.0040 0.0266 0.0018 0.0052 0.0116 0.0022 
      CROC13  3 0.0013 0.0056 0.0006 0.0007 0.0011 0.0038 0.9278 0.0011 0.0022 0.0037 0.0014 0.0049 0.0026 0.0035 0.0132 0.0014 0.0097 0.0137 0.0016 
      CROC14  3 0.0023 0.0066 0.0005 0.0064 0.0054 0.0020 0.8428 0.0012 0.0037 0.0018 0.0015 0.0709 0.0036 0.0041 0.0303 0.0014 0.0049 0.0081 0.0026 
      CROC15  3 0.0022 0.0016 0.0007 0.0049 0.0016 0.0039 0.8370 0.0610 0.0143 0.0028 0.0038 0.0096 0.0144 0.0041 0.0109 0.0020 0.0092 0.0089 0.0071 
      CROC16  3 0.0012 0.0094 0.0008 0.0011 0.0022 0.0088 0.8021 0.0040 0.0053 0.0036 0.0031 0.0045 0.0051 0.0024 0.0957 0.0024 0.0091 0.0364 0.0030 
      CROC17  3 0.0016 0.0013 0.0008 0.0006 0.0010 0.0015 0.8406 0.0010 0.0018 0.0019 0.0024 0.0026 0.0021 0.1168 0.0094 0.0016 0.0060 0.0045 0.0026 
      CROC18  3 0.0026 0.0017 0.0032 0.0007 0.0010 0.0079 0.9032 0.0012 0.0025 0.0077 0.0019 0.0028 0.0234 0.0039 0.0122 0.0029 0.0083 0.0091 0.0039 
      CROC19  3 0.0023 0.0009 0.0010 0.0040 0.0078 0.0018 0.8859 0.0017 0.0029 0.0041 0.0037 0.0044 0.0048 0.0198 0.0265 0.0016 0.0187 0.0061 0.0023 
     CROC198  3 0.0012 0.0088 0.0005 0.0007 0.0012 0.0016 0.8819 0.0010 0.0027 0.0063 0.0024 0.0046 0.0029 0.0036 0.0529 0.0019 0.0144 0.0093 0.0021 
      CROC20  3 0.0012 0.0030 0.0024 0.0012 0.0023 0.0030 0.8971 0.0021 0.0045 0.0030 0.0039 0.0041 0.0094 0.0034 0.0327 0.0018 0.0101 0.0115 0.0034 
     CROC202  3 0.0015 0.0101 0.0006 0.0008 0.0014 0.0059 0.9069 0.0016 0.0023 0.0070 0.0019 0.0053 0.0037 0.0033 0.0232 0.0024 0.0129 0.0070 0.0020 
      CROC21  3 0.0024 0.0011 0.0007 0.0045 0.0009 0.0019 0.9031 0.0011 0.0035 0.0029 0.0020 0.0040 0.0031 0.0041 0.0396 0.0022 0.0080 0.0127 0.0021 
     CROC216  3 0.0058 0.0015 0.0006 0.0018 0.0018 0.0026 0.8307 0.0082 0.0062 0.0031 0.0017 0.0036 0.0184 0.0056 0.0835 0.0022 0.0081 0.0100 0.0047 
      CROC22  3 0.0023 0.0171 0.0011 0.0010 0.0012 0.0022 0.7954 0.0013 0.0020 0.0569 0.0026 0.0038 0.0028 0.0058 0.0601 0.0025 0.0061 0.0250 0.0107 
      CROC23  3 0.0059 0.0009 0.0011 0.0009 0.0014 0.0020 0.7860 0.0014 0.0031 0.0030 0.0017 0.0034 0.0029 0.0091 0.1423 0.0087 0.0082 0.0155 0.0025 
      CROC24  3 0.0017 0.0127 0.0007 0.0013 0.0018 0.0038 0.8276 0.0016 0.0032 0.0032 0.0017 0.0032 0.0026 0.0054 0.1116 0.0015 0.0064 0.0075 0.0025 
      CROC25  3 0.0014 0.0027 0.0007 0.0006 0.0011 0.0013 0.9420 0.0015 0.0023 0.0024 0.0012 0.0036 0.0029 0.0034 0.0159 0.0018 0.0071 0.0066 0.0015 
     CROC259  3 0.0052 0.0016 0.0008 0.0008 0.0031 0.0021 0.8457 0.0012 0.0024 0.0025 0.0011 0.0305 0.0026 0.0351 0.0431 0.0014 0.0091 0.0087 0.0029 
      CROC26  3 0.0049 0.0019 0.0006 0.0007 0.0010 0.0019 0.8566 0.0017 0.0030 0.0043 0.0012 0.0046 0.0030 0.0724 0.0203 0.0022 0.0121 0.0058 0.0019 
      CROC27  3 0.0078 0.0044 0.0007 0.0009 0.0017 0.0019 0.8121 0.0032 0.0065 0.0048 0.0023 0.0035 0.0041 0.0233 0.0986 0.0020 0.0097 0.0068 0.0058 
      CROC28  3 0.0263 0.0897 0.0005 0.0010 0.0016 0.0015 0.6446 0.0019 0.0028 0.0025 0.0016 0.0037 0.0026 0.0123 0.1910 0.0014 0.0065 0.0060 0.0025 
      CROC29  3 0.0016 0.0023 0.0007 0.0007 0.0013 0.0018 0.9362 0.0027 0.0041 0.0031 0.0028 0.0031 0.0025 0.0036 0.0150 0.0019 0.0071 0.0071 0.0025 
      CROC30  3 0.0025 0.0086 0.0012 0.0014 0.0270 0.0028 0.8235 0.0025 0.0061 0.0029 0.0041 0.0038 0.0326 0.0059 0.0481 0.0027 0.0074 0.0099 0.0070 
      CROC31  3 0.0065 0.0033 0.0008 0.0009 0.0020 0.0020 0.7097 0.0022 0.0041 0.0034 0.0060 0.0044 0.0078 0.0162 0.1880 0.0028 0.0076 0.0284 0.0039 
      CROC32  3 0.0014 0.0107 0.0005 0.0007 0.0018 0.0014 0.9238 0.0010 0.0019 0.0035 0.0020 0.0038 0.0042 0.0043 0.0194 0.0011 0.0070 0.0095 0.0018 
      CROC33  3 0.0054 0.0009 0.0007 0.0030 0.0134 0.0026 0.8869 0.0034 0.0250 0.0028 0.0022 0.0022 0.0033 0.0054 0.0242 0.0013 0.0091 0.0057 0.0026 
      CROC34  3 0.0017 0.0009 0.0010 0.0006 0.0013 0.0017 0.9325 0.0013 0.0031 0.0029 0.0013 0.0044 0.0044 0.0038 0.0197 0.0015 0.0103 0.0054 0.0022 
      CROC35  3 0.0099 0.0016 0.0006 0.0067 0.0101 0.0017 0.8529 0.0008 0.0018 0.0018 0.0014 0.0031 0.0024 0.0087 0.0733 0.0014 0.0047 0.0045 0.0125 
      CROC36  3 0.0012 0.0024 0.0007 0.0008 0.0013 0.0017 0.9031 0.0018 0.0024 0.0028 0.0016 0.0044 0.0027 0.0031 0.0477 0.0033 0.0070 0.0103 0.0017 
      CROC57  3 0.0010 0.0011 0.0008 0.0007 0.0012 0.0016 0.9415 0.0014 0.0028 0.0030 0.0016 0.0067 0.0029 0.0027 0.0135 0.0014 0.0074 0.0070 0.0017 
      CROC81  3 0.0015 0.0107 0.0011 0.0009 0.0024 0.0104 0.8825 0.0021 0.0095 0.0040 0.0067 0.0039 0.0069 0.0038 0.0314 0.0030 0.0071 0.0098 0.0025 
      CROC84  3 0.0018 0.0033 0.0005 0.0006 0.0008 0.0044 0.8831 0.0025 0.0018 0.0108 0.0011 0.0026 0.0035 0.0046 0.0662 0.0012 0.0048 0.0051 0.0013 
        FW01  3 0.0009 0.9558 0.0006 0.0008 0.0008 0.0016 0.0026 0.0010 0.0022 0.0026 0.0013 0.0028 0.0024 0.0022 0.0074 0.0011 0.0066 0.0057 0.0014 
        FW02  3 0.0008 0.0008 0.0005 0.0005 0.0007 0.0011 0.0025 0.0009 0.0016 0.0019 0.0010 0.0025 0.0019 0.0020 0.9690 0.0012 0.0052 0.0047 0.0012 
        FW03  3 0.0008 0.9626 0.0005 0.0005 0.0008 0.0013 0.0022 0.0010 0.0017 0.0019 0.0010 0.0023 0.0020 0.0021 0.0071 0.0011 0.0053 0.0045 0.0012 
        FW04  3 0.0008 0.0008 0.0005 0.0006 0.0007 0.0011 0.0024 0.0009 0.0016 0.0019 0.0010 0.0024 0.0019 0.0021 0.9690 0.0012 0.0052 0.0047 0.0012 
        FW05  3 0.0008 0.0008 0.0005 0.0006 0.0007 0.0011 0.0025 0.0009 0.0016 0.0019 0.0010 0.0026 0.0019 0.0020 0.9690 0.0012 0.0052 0.0046 0.0012 
        FW06  3 0.0008 0.0008 0.0005 0.0006 0.0007 0.0011 0.0025 0.0009 0.0016 0.0019 0.0010 0.0025 0.0020 0.0021 0.9690 0.0012 0.0052 0.0046 0.0012 
        FW07  3 0.0008 0.9626 0.0005 0.0006 0.0008 0.0013 0.0021 0.0010 0.0017 0.0019 0.0010 0.0023 0.0020 0.0021 0.0071 0.0011 0.0053 0.0045 0.0012 
        FW08  3 0.0008 0.0008 0.0005 0.0006 0.0007 0.0011 0.0025 0.0009 0.0016 0.0019 0.0010 0.0025 0.0019 0.0021 0.9690 0.0012 0.0051 0.0046 0.0012 
        FW09  3 0.0008 0.0008 0.0005 0.0006 0.0007 0.0011 0.0025 0.0009 0.0016 0.0019 0.0010 0.0025 0.0019 0.0021 0.9691 0.0012 0.0052 0.0046 0.0012 
        FW10  3 0.0008 0.9625 0.0005 0.0006 0.0007 0.0013 0.0021 0.0010 0.0018 0.0019 0.0010 0.0024 0.0020 0.0021 0.0071 0.0011 0.0053 0.0047 0.0012 
       FW100  3 0.0008 0.9613 0.0005 0.0006 0.0007 0.0012 0.0022 0.0010 0.0018 0.0019 0.0011 0.0023 0.0020 0.0021 0.0082 0.0011 0.0053 0.0047 0.0012 
       FW101  3 0.0008 0.9622 0.0005 0.0006 0.0007 0.0013 0.0021 0.0010 0.0018 0.0019 0.0011 0.0024 0.0020 0.0021 0.0071 0.0011 0.0053 0.0048 0.0012 
       FW102  3 0.0008 0.0008 0.0005 0.0006 0.0007 0.0011 0.0025 0.0009 0.0016 0.0019 0.0010 0.0025 0.0019 0.0021 0.9689 0.0012 0.0052 0.0047 0.0012 
       FW103  3 0.0007 0.0008 0.0005 0.0006 0.0007 0.0011 0.0025 0.0009 0.0016 0.0019 0.0010 0.0025 0.0019 0.0021 0.9691 0.0012 0.0051 0.0046 0.0012 
       FW104  3 0.0009 0.9558 0.0007 0.0008 0.0008 0.0016 0.0026 0.0010 0.0022 0.0026 0.0013 0.0029 0.0025 0.0022 0.0074 0.0010 0.0067 0.0057 0.0014 
       FW105  3 0.0008 0.9623 0.0005 0.0006 0.0007 0.0013 0.0021 0.0010 0.0018 0.0019 0.0011 0.0023 0.0020 0.0021 0.0071 0.0011 0.0053 0.0047 0.0012 
       FW106  3 0.0027 0.0029 0.0457 0.0014 0.0015 0.0036 0.7306 0.0063 0.0057 0.0038 0.0042 0.0035 0.0079 0.0065 0.1381 0.0033 0.0141 0.0113 0.0069 
       FW107  3 0.0009 0.9559 0.0006 0.0008 0.0008 0.0016 0.0026 0.0010 0.0022 0.0026 0.0013 0.0029 0.0024 0.0022 0.0074 0.0011 0.0066 0.0056 0.0014 
       FW108  3 0.0008 0.0008 0.0005 0.0006 0.0007 0.0011 0.0026 0.0008 0.0016 0.0019 0.0010 0.0025 0.0019 0.0020 0.9690 0.0012 0.0051 0.0047 0.0012 
       FW109  3 0.0008 0.9623 0.0005 0.0006 0.0007 0.0013 0.0022 0.0010 0.0018 0.0019 0.0010 0.0024 0.0020 0.0021 0.0071 0.0011 0.0053 0.0047 0.0012 
        FW11  3 0.0008 0.9611 0.0005 0.0006 0.0007 0.0013 0.0022 0.0009 0.0018 0.0019 0.0010 0.0023 0.0020 0.0021 0.0083 0.0011 0.0054 0.0047 0.0012 
       FW110  3 0.0008 0.9627 0.0005 0.0006 0.0008 0.0013 0.0021 0.0010 0.0017 0.0020 0.0010 0.0023 0.0020 0.0021 0.0070 0.0011 0.0053 0.0045 0.0012 
       FW111  3 0.0008 0.0008 0.0005 0.0006 0.0007 0.0011 0.0025 0.0009 0.0016 0.0019 0.0010 0.0024 0.0019 0.0021 0.9689 0.0012 0.0052 0.0046 0.0012 
       FW112  3 0.0008 0.9613 0.0005 0.0006 0.0007 0.0013 0.0022 0.0010 0.0017 0.0019 0.0010 0.0023 0.0020 0.0021 0.0081 0.0011 0.0053 0.0046 0.0012 
       FW113  3 0.0007 0.0008 0.0005 0.0006 0.0007 0.0011 0.0024 0.0009 0.0016 0.0019 0.0010 0.0024 0.0019 0.0020 0.9691 0.0012 0.0052 0.0046 0.0012 
       FW114  3 0.0017 0.9561 0.0005 0.0008 0.0011 0.0013 0.0024 0.0011 0.0020 0.0022 0.0014 0.0024 0.0023 0.0038 0.0075 0.0012 0.0053 0.0050 0.0019 
       FW115  3 0.0008 0.9624 0.0005 0.0006 0.0007 0.0013 0.0021 0.0010 0.0018 0.0019 0.0011 0.0023 0.0020 0.0021 0.0070 0.0011 0.0053 0.0047 0.0012 
       FW116  3 0.0008 0.0008 0.0005 0.0006 0.0007 0.0011 0.0025 0.0009 0.0016 0.0019 0.0010 0.0025 0.0019 0.0021 0.9690 0.0012 0.0052 0.0046 0.0012 
        FW12  3 0.0007 0.0008 0.0005 0.0006 0.0007 0.0011 0.0025 0.0009 0.0016 0.0019 0.0010 0.0025 0.0019 0.0020 0.9690 0.0012 0.0052 0.0047 0.0012 
        FW13  3 0.0008 0.0008 0.0005 0.0006 0.0007 0.0011 0.0026 0.0009 0.0016 0.0019 0.0010 0.0025 0.0019 0.0021 0.9690 0.0012 0.0051 0.0046 0.0012 
        FW14  3 0.0009 0.9558 0.0006 0.0008 0.0008 0.0016 0.0026 0.0010 0.0022 0.0026 0.0013 0.0030 0.0025 0.0022 0.0074 0.0011 0.0066 0.0057 0.0014 
        FW15  3 0.0009 0.9558 0.0006 0.0008 0.0008 0.0016 0.0026 0.0010 0.0022 0.0026 0.0013 0.0029 0.0024 0.0022 0.0074 0.0011 0.0066 0.0056 0.0015 
        FW16  3 0.0008 0.9623 0.0005 0.0006 0.0008 0.0013 0.0021 0.0010 0.0018 0.0020 0.0011 0.0023 0.0020 0.0021 0.0071 0.0011 0.0054 0.0047 0.0012 
        FW17  3 0.0008 0.9623 0.0005 0.0006 0.0007 0.0013 0.0021 0.0010 0.0018 0.0019 0.0010 0.0023 0.0020 0.0021 0.0072 0.0011 0.0053 0.0048 0.0012 
        FW18  3 0.0008 0.9612 0.0005 0.0006 0.0007 0.0012 0.0022 0.0009 0.0018 0.0020 0.0010 0.0024 0.0020 0.0021 0.0081 0.0011 0.0053 0.0047 0.0012 
        FW19  3 0.0008 0.0008 0.0005 0.0006 0.0007 0.0011 0.0025 0.0009 0.0016 0.0019 0.0010 0.0025 0.0019 0.0021 0.9691 0.0012 0.0052 0.0046 0.0012 
        FW20  3 0.0008 0.0008 0.0005 0.0006 0.0007 0.0011 0.0025 0.0009 0.0016 0.0019 0.0010 0.0025 0.0019 0.0021 0.9689 0.0012 0.0052 0.0047 0.0012 
        FW21  3 0.0008 0.0008 0.0005 0.0006 0.0007 0.0011 0.0025 0.0009 0.0016 0.0019 0.0010 0.0025 0.0019 0.0021 0.9690 0.0012 0.0052 0.0047 0.0012 
        FW22  3 0.0008 0.9612 0.0005 0.0006 0.0007 0.0013 0.0022 0.0010 0.0018 0.0019 0.0010 0.0023 0.0020 0.0021 0.0081 0.0011 0.0053 0.0047 0.0012 
        FW23  3 0.0008 0.0008 0.0005 0.0006 0.0007 0.0011 0.0025 0.0009 0.0016 0.0019 0.0010 0.0025 0.0019 0.0020 0.9691 0.0012 0.0051 0.0046 0.0012 
        FW24  3 0.0007 0.0008 0.0005 0.0006 0.0007 0.0011 0.0024 0.0009 0.0016 0.0019 0.0010 0.0025 0.0019 0.0021 0.9691 0.0012 0.0051 0.0046 0.0012 
        FW25  3 0.0008 0.0009 0.0005 0.0006 0.0007 0.0011 0.0025 0.0009 0.0016 0.0019 0.0010 0.0025 0.0019 0.0021 0.9688 0.0012 0.0052 0.0047 0.0012 
        FW26  3 0.0008 0.0008 0.0005 0.0006 0.0007 0.0011 0.0025 0.0009 0.0016 0.0019 0.0010 0.0025 0.0019 0.0020 0.9689 0.0012 0.0051 0.0047 0.0012 
        FW27  3 0.0008 0.9621 0.0005 0.0006 0.0007 0.0013 0.0021 0.0010 0.0018 0.0019 0.0010 0.0024 0.0020 0.0021 0.0072 0.0011 0.0053 0.0047 0.0012 
        FW28  3 0.0008 0.0008 0.0005 0.0006 0.0007 0.0011 0.0025 0.0009 0.0016 0.0019 0.0010 0.0025 0.0019 0.0021 0.9688 0.0012 0.0052 0.0047 0.0012 
        FW29  3 0.0007 0.0008 0.0005 0.0006 0.0007 0.0011 0.0025 0.0009 0.0016 0.0019 0.0010 0.0025 0.0019 0.0021 0.9691 0.0012 0.0051 0.0046 0.0012 
        FW30  3 0.0025 0.0029 0.0474 0.0014 0.0016 0.0035 0.7294 0.0062 0.0057 0.0039 0.0040 0.0036 0.0076 0.0066 0.1380 0.0033 0.0141 0.0113 0.0072 
        FW32  3 0.0009 0.9557 0.0006 0.0008 0.0008 0.0016 0.0026 0.0010 0.0022 0.0026 0.0013 0.0029 0.0024 0.0023 0.0075 0.0011 0.0066 0.0057 0.0014 
        FW33  3 0.0009 0.0008 0.0005 0.0006 0.0008 0.0011 0.0053 0.0009 0.0016 0.0019 0.0010 0.0025 0.0019 0.0036 0.9491 0.0058 0.0052 0.0153 0.0012 
        FW34  3 0.0007 0.0008 0.0005 0.0006 0.0007 0.0011 0.0024 0.0009 0.0016 0.0019 0.0010 0.0025 0.0019 0.0021 0.9690 0.0012 0.0052 0.0047 0.0012 
        FW35  3 0.0008 0.0008 0.0005 0.0006 0.0007 0.0011 0.0024 0.0009 0.0016 0.0019 0.0010 0.0025 0.0019 0.0021 0.9691 0.0012 0.0052 0.0047 0.0012 
        FW36  3 0.0007 0.0008 0.0005 0.0006 0.0007 0.0011 0.0024 0.0009 0.0016 0.0019 0.0010 0.0025 0.0019 0.0021 0.9691 0.0012 0.0052 0.0046 0.0012 
        FW37  3 0.0008 0.9624 0.0005 0.0005 0.0007 0.0013 0.0021 0.0010 0.0017 0.0020 0.0010 0.0023 0.0020 0.0021 0.0070 0.0011 0.0053 0.0047 0.0012 
        FW51  3 0.0008 0.0008 0.0005 0.0006 0.0007 0.0011 0.0025 0.0009 0.0017 0.0019 0.0010 0.0025 0.0019 0.0021 0.9689 0.0012 0.0052 0.0047 0.0012 
        FW52  3 0.0008 0.9622 0.0005 0.0006 0.0007 0.0013 0.0022 0.0010 0.0018 0.0019 0.0010 0.0023 0.0020 0.0021 0.0071 0.0011 0.0053 0.0048 0.0012 
        FW53  3 0.0007 0.0008 0.0005 0.0006 0.0007 0.0011 0.0025 0.0009 0.0016 0.0019 0.0010 0.0025 0.0019 0.0020 0.9691 0.0012 0.0051 0.0047 0.0012 
        FW54  3 0.0008 0.9626 0.0005 0.0005 0.0007 0.0013 0.0022 0.0010 0.0018 0.0019 0.0010 0.0023 0.0020 0.0021 0.0071 0.0011 0.0053 0.0046 0.0012 
        FW55  3 0.0008 0.0008 0.0005 0.0006 0.0007 0.0011 0.0025 0.0009 0.0016 0.0019 0.0010 0.0025 0.0019 0.0020 0.9690 0.0012 0.0052 0.0046 0.0012 
        FW56  3 0.0008 0.0008 0.0005 0.0006 0.0007 0.0011 0.0025 0.0009 0.0016 0.0019 0.0010 0.0025 0.0019 0.0020 0.9691 0.0012 0.0052 0.0047 0.0012 
        FW57  3 0.0007 0.0008 0.0005 0.0006 0.0007 0.0011 0.0025 0.0009 0.0016 0.0019 0.0010 0.0025 0.0019 0.0021 0.9690 0.0013 0.0051 0.0047 0.0012 
        FW78  3 0.0007 0.0008 0.0005 0.0006 0.0007 0.0011 0.0024 0.0009 0.0016 0.0019 0.0010 0.0025 0.0019 0.0020 0.9691 0.0012 0.0052 0.0046 0.0012 
        FW79  3 0.0008 0.0008 0.0005 0.0006 0.0007 0.0011 0.0025 0.0009 0.0016 0.0019 0.0010 0.0025 0.0019 0.0021 0.9689 0.0012 0.0052 0.0047 0.0012 
        FW80  3 0.0007 0.0008 0.0005 0.0006 0.0007 0.0011 0.0024 0.0009 0.0016 0.0019 0.0010 0.0025 0.0019 0.0020 0.9691 0.0012 0.0052 0.0046 0.0012 
        FW81  3 0.0008 0.9624 0.0005 0.0005 0.0008 0.0013 0.0022 0.0010 0.0017 0.0019 0.0010 0.0024 0.0020 0.0021 0.0072 0.0011 0.0053 0.0045 0.0012 
        FW82  3 0.0008 0.9624 0.0005 0.0006 0.0007 0.0013 0.0021 0.0010 0.0017 0.0019 0.0010 0.0023 0.0020 0.0021 0.0070 0.0011 0.0053 0.0048 0.0012 
        FW83  3 0.0009 0.9560 0.0006 0.0008 0.0008 0.0016 0.0026 0.0010 0.0022 0.0025 0.0013 0.0029 0.0025 0.0022 0.0074 0.0011 0.0065 0.0057 0.0015 
        FW84  3 0.0008 0.0008 0.0005 0.0006 0.0007 0.0011 0.0025 0.0009 0.0016 0.0019 0.0010 0.0025 0.0019 0.0020 0.9692 0.0012 0.0051 0.0046 0.0012 
        FW85  3 0.0031 0.9243 0.0005 0.0038 0.0033 0.0055 0.0022 0.0207 0.0017 0.0019 0.0026 0.0024 0.0020 0.0022 0.0104 0.0011 0.0053 0.0055 0.0012 
        FW86  3 0.0008 0.9613 0.0005 0.0006 0.0007 0.0012 0.0022 0.0010 0.0018 0.0019 0.0010 0.0024 0.0020 0.0021 0.0081 0.0011 0.0054 0.0047 0.0012 
        FW87  3 0.0008 0.9612 0.0005 0.0006 0.0007 0.0013 0.0022 0.0010 0.0018 0.0019 0.0011 0.0023 0.0020 0.0021 0.0082 0.0011 0.0053 0.0047 0.0012 
        FW88  3 0.0007 0.0008 0.0005 0.0006 0.0007 0.0011 0.0025 0.0009 0.0016 0.0019 0.0010 0.0025 0.0019 0.0021 0.9689 0.0012 0.0052 0.0047 0.0012 
        FW89  3 0.0008 0.0008 0.0005 0.0006 0.0007 0.0011 0.0025 0.0009 0.0016 0.0019 0.0009 0.0025 0.0019 0.0021 0.9689 0.0012 0.0052 0.0047 0.0012 
        FW90  3 0.0007 0.0008 0.0005 0.0006 0.0007 0.0011 0.0025 0.0009 0.0016 0.0019 0.0010 0.0025 0.0019 0.0020 0.9691 0.0012 0.0052 0.0046 0.0012 
        FW91  3 0.0008 0.9624 0.0005 0.0006 0.0007 0.0013 0.0021 0.0010 0.0017 0.0019 0.0010 0.0024 0.0020 0.0021 0.0071 0.0011 0.0053 0.0048 0.0012 
        FW92  3 0.0008 0.0008 0.0005 0.0006 0.0007 0.0011 0.0024 0.0009 0.0016 0.0019 0.0010 0.0025 0.0019 0.0021 0.9691 0.0012 0.0051 0.0046 0.0012 
        FW93  3 0.0007 0.0008 0.0005 0.0006 0.0007 0.0011 0.0024 0.0008 0.0016 0.0019 0.0010 0.0025 0.0019 0.0021 0.9691 0.0012 0.0052 0.0047 0.0012 
        FW94  3 0.0008 0.9622 0.0005 0.0006 0.0007 0.0013 0.0021 0.0010 0.0018 0.0019 0.0010 0.0023 0.0020 0.0021 0.0071 0.0011 0.0054 0.0048 0.0012 
        FW95  3 0.0008 0.0008 0.0005 0.0006 0.0007 0.0011 0.0026 0.0009 0.0016 0.0019 0.0010 0.0025 0.0020 0.0021 0.9688 0.0012 0.0052 0.0047 0.0012 
        FW96  3 0.0008 0.0008 0.0005 0.0006 0.0007 0.0011 0.0025 0.0009 0.0016 0.0019 0.0010 0.0025 0.0020 0.0021 0.9689 0.0012 0.0052 0.0047 0.0012 
        FW97  3 0.0018 0.0085 0.0010 0.0008 0.0017 0.0026 0.7846 0.0017 0.0047 0.0093 0.0025 0.0103 0.0145 0.0035 0.1142 0.0031 0.0223 0.0066 0.0064 
        FW98  3 0.0008 0.9626 0.0005 0.0006 0.0008 0.0013 0.0021 0.0010 0.0017 0.0019 0.0011 0.0023 0.0020 0.0021 0.0071 0.0011 0.0053 0.0045 0.0012 
        FW99  3 0.0008 0.0008 0.0005 0.0006 0.0007 0.0011 0.0024 0.0009 0.0016 0.0019 0.0010 0.0025 0.0019 0.0021 0.9690 0.0012 0.0052 0.0046 0.0012 
       Cal01  3 0.0021 0.0011 0.0006 0.0009 0.0012 0.0018 0.6672 0.0019 0.0082 0.0060 0.0022 0.0042 0.0024 0.0032 0.2763 0.0014 0.0078 0.0071 0.0042 
       Cal02  3 0.0019 0.0023 0.0016 0.0009 0.0012 0.0021 0.9225 0.0014 0.0022 0.0034 0.0021 0.0036 0.0036 0.0033 0.0237 0.0032 0.0076 0.0110 0.0024 
       Cal03  3 0.0013 0.0609 0.0009 0.0014 0.0022 0.0024 0.7868 0.0033 0.0035 0.0024 0.0015 0.0021 0.0042 0.0040 0.1034 0.0017 0.0063 0.0095 0.0022 
       Cal04  3 0.0021 0.0018 0.0009 0.0041 0.0031 0.0022 0.9054 0.0020 0.0028 0.0034 0.0030 0.0034 0.0045 0.0059 0.0074 0.0022 0.0375 0.0063 0.0021 
       Cal05  3 0.0017 0.0046 0.0006 0.0007 0.0009 0.0014 0.8908 0.0011 0.0016 0.0021 0.0010 0.0023 0.0025 0.0294 0.0458 0.0013 0.0069 0.0041 0.0014 
       Cal06  3 0.0080 0.0010 0.0013 0.0009 0.0100 0.0016 0.8971 0.0017 0.0029 0.0027 0.0021 0.0094 0.0035 0.0044 0.0314 0.0041 0.0061 0.0095 0.0025 
       Cal07  3 0.0020 0.0013 0.0006 0.0007 0.0011 0.0012 0.7980 0.0012 0.0020 0.0021 0.0013 0.0027 0.0027 0.0653 0.1048 0.0015 0.0050 0.0049 0.0016 
       Cal08  3 0.0017 0.0114 0.0008 0.0009 0.0091 0.0023 0.8270 0.0027 0.0036 0.0067 0.0017 0.0073 0.0033 0.0068 0.0837 0.0022 0.0165 0.0085 0.0038 
       Cal09  3 0.0029 0.0022 0.0009 0.0007 0.0010 0.0021 0.7940 0.0009 0.0023 0.0035 0.0054 0.0033 0.0028 0.0501 0.1041 0.0018 0.0095 0.0109 0.0017 
       Cal10  3 0.0021 0.0026 0.0008 0.0011 0.0023 0.0020 0.9319 0.0026 0.0038 0.0034 0.0023 0.0027 0.0034 0.0043 0.0119 0.0016 0.0097 0.0073 0.0046 
       Cal11  3 0.0033 0.0098 0.0010 0.0009 0.0020 0.0016 0.8114 0.0013 0.0027 0.0053 0.0033 0.0466 0.0048 0.0050 0.0736 0.0022 0.0131 0.0101 0.0021 
      Cal197  3 0.0023 0.0010 0.0011 0.0010 0.0051 0.0012 0.6072 0.0009 0.0035 0.0018 0.0017 0.0024 0.0028 0.0056 0.3448 0.0035 0.0044 0.0070 0.0027 
      Cal198  3 0.0032 0.0304 0.0007 0.0009 0.0041 0.0014 0.7652 0.0015 0.0311 0.0031 0.0025 0.0027 0.0078 0.0809 0.0341 0.0044 0.0157 0.0073 0.0030 
      Cal199  3 0.0009 0.0015 0.0007 0.0007 0.0009 0.0019 0.8802 0.0016 0.0026 0.0144 0.0014 0.0029 0.0036 0.0024 0.0178 0.0013 0.0577 0.0060 0.0015 
      Cal200  3 0.0027 0.0045 0.0007 0.0015 0.0020 0.0020 0.8570 0.0087 0.0023 0.0027 0.0028 0.0050 0.0028 0.0031 0.0887 0.0012 0.0050 0.0056 0.0017 
      Cal201  3 0.0024 0.0038 0.0006 0.0007 0.0010 0.0011 0.7324 0.0017 0.0019 0.0023 0.0019 0.0035 0.0025 0.0107 0.1991 0.0024 0.0050 0.0221 0.0050 
      Cal202  3 0.0012 0.0020 0.0007 0.0052 0.0008 0.0109 0.8463 0.0036 0.0087 0.0061 0.0027 0.0033 0.0021 0.0211 0.0453 0.0019 0.0182 0.0153 0.0044 
      Cal203  3 0.0013 0.0075 0.0006 0.0006 0.0012 0.0017 0.9311 0.0017 0.0026 0.0030 0.0021 0.0067 0.0031 0.0027 0.0145 0.0021 0.0089 0.0068 0.0019 
      Cal204  3 0.0011 0.0008 0.0007 0.0007 0.0011 0.0020 0.9343 0.0016 0.0027 0.0030 0.0011 0.0038 0.0027 0.0048 0.0169 0.0040 0.0069 0.0097 0.0020 
      Cal205  3 0.0016 0.0019 0.0017 0.0012 0.0010 0.0016 0.9261 0.0022 0.0028 0.0022 0.0012 0.0022 0.0022 0.0036 0.0220 0.0024 0.0087 0.0125 0.0030 
      Cal206  3 0.0012 0.0037 0.0018 0.0015 0.0016 0.0029 0.8859 0.0014 0.0027 0.0026 0.0027 0.0031 0.0049 0.0037 0.0557 0.0017 0.0077 0.0129 0.0025 
      Cal207  3 0.0016 0.0009 0.0005 0.0009 0.0010 0.0013 0.9018 0.0009 0.0053 0.0029 0.0015 0.0025 0.0211 0.0057 0.0376 0.0012 0.0048 0.0060 0.0023 
      Cal208  3 0.0011 0.0141 0.0006 0.0007 0.0018 0.0017 0.8899 0.0012 0.0035 0.0037 0.0036 0.0039 0.0032 0.0031 0.0468 0.0013 0.0096 0.0079 0.0022 
      Cal209  3 0.0010 0.0017 0.0007 0.0008 0.0008 0.0016 0.8733 0.0010 0.0018 0.0026 0.0012 0.0029 0.0025 0.0043 0.0856 0.0013 0.0084 0.0068 0.0017 
      Cal210  3 0.0009 0.0015 0.0007 0.0008 0.0009 0.0019 0.8804 0.0016 0.0026 0.0134 0.0014 0.0029 0.0036 0.0024 0.0183 0.0013 0.0580 0.0060 0.0015 
      Cal211  3 0.0015 0.0010 0.0006 0.0008 0.0013 0.0012 0.8434 0.0021 0.0020 0.0024 0.0012 0.0029 0.0037 0.0043 0.1154 0.0013 0.0066 0.0067 0.0016 
      Cal212  3 0.0015 0.0037 0.0010 0.0009 0.0015 0.0017 0.8826 0.0052 0.0023 0.0027 0.0013 0.0027 0.0056 0.0036 0.0638 0.0013 0.0099 0.0070 0.0016 
      Cal213  3 0.0130 0.0717 0.0007 0.0028 0.0056 0.0018 0.6293 0.0089 0.0360 0.0024 0.0015 0.0022 0.0160 0.0450 0.1308 0.0013 0.0094 0.0090 0.0127 
      Cal214  3 0.0011 0.0016 0.0007 0.0008 0.0012 0.0019 0.8948 0.0013 0.0038 0.0019 0.0041 0.0030 0.0023 0.0025 0.0065 0.0037 0.0567 0.0100 0.0022 
      Cal215  3 0.0015 0.0022 0.0007 0.0010 0.0014 0.0036 0.8385 0.0018 0.0030 0.0075 0.0019 0.0044 0.0038 0.0057 0.0808 0.0020 0.0267 0.0109 0.0027 
      Cal216  3 0.0019 0.0048 0.0011 0.0013 0.0013 0.0021 0.6837 0.0016 0.0049 0.0028 0.0024 0.0040 0.0066 0.0213 0.2397 0.0016 0.0050 0.0119 0.0021 
      Cal217  3 0.0015 0.0017 0.0006 0.0008 0.0013 0.0011 0.8969 0.0010 0.0023 0.0022 0.0019 0.0031 0.0022 0.0070 0.0612 0.0025 0.0053 0.0055 0.0019 
      Cal218  3 0.0016 0.0054 0.0011 0.0008 0.0014 0.0016 0.7842 0.0024 0.0019 0.0023 0.0015 0.0027 0.0048 0.0036 0.1653 0.0012 0.0099 0.0067 0.0016 
      Cal219  3 0.0018 0.0041 0.0012 0.0008 0.0012 0.0017 0.8370 0.0013 0.0022 0.0042 0.0119 0.0037 0.0044 0.0029 0.0990 0.0014 0.0090 0.0091 0.0032 
      Cal220  3 0.0017 0.0014 0.0369 0.0010 0.0014 0.0013 0.8466 0.0012 0.0049 0.0070 0.0034 0.0078 0.0044 0.0051 0.0330 0.0057 0.0205 0.0132 0.0035 
