        TC01  1 0.0011 0.0010 0.0031 0.0007 0.0015 0.0098 0.0029 0.0113 0.9655 0.0030 
        TC02  1 0.0011 0.0010 0.0047 0.0011 0.0023 0.0028 0.0034 0.0026 0.9786 0.0026 
        TC03  1 0.0009 0.0008 0.0029 0.0012 0.0011 0.0026 0.0041 0.0027 0.9800 0.0038 
        TC04  1 0.0015 0.0041 0.0576 0.0011 0.0137 0.0136 0.0336 0.0073 0.8636 0.0039 
        TC05  1 0.0010 0.0011 0.0086 0.0011 0.0010 0.0013 0.0033 0.0022 0.9787 0.0016 
        TC06  1 0.0016 0.0026 0.0051 0.0008 0.0024 0.0032 0.0848 0.0020 0.8956 0.0018 
        TC07  1 0.0007 0.0037 0.0039 0.0013 0.0008 0.0027 0.0056 0.0017 0.9783 0.0014 
        TC08  1 0.0013 0.0016 0.0036 0.0015 0.0032 0.0014 0.0032 0.0019 0.9809 0.0015 
        TC09  1 0.0012 0.0010 0.0036 0.0007 0.0265 0.0016 0.0395 0.0016 0.9228 0.0015 
        TC10  1 0.0015 0.0014 0.0021 0.0006 0.0008 0.0027 0.0127 0.0042 0.8910 0.0831 
        TC11  1 0.0118 0.0008 0.0020 0.0016 0.0009 0.0029 0.0023 0.0014 0.9739 0.0025 
        TC12  1 0.0009 0.0029 0.0057 0.0013 0.0029 0.0051 0.0102 0.0091 0.9498 0.0121 
        TC13  1 0.0016 0.0011 0.0021 0.0007 0.0015 0.0014 0.0049 0.0014 0.9835 0.0017 
        TC14  1 0.0021 0.0013 0.0051 0.0033 0.0029 0.0054 0.0824 0.0034 0.8904 0.0036 
        TC15  1 0.0020 0.0012 0.0051 0.0012 0.0045 0.0020 0.0302 0.0026 0.9473 0.0040 
        TC16  1 0.0021 0.0013 0.0053 0.0023 0.0669 0.0022 0.0619 0.0084 0.8477 0.0019 
        TC17  1 0.0029 0.0034 0.0321 0.0064 0.0050 0.0064 0.0733 0.0198 0.8434 0.0072 
        TC18  1 0.0275 0.0014 0.0094 0.0038 0.0010 0.0209 0.0067 0.0021 0.9038 0.0233 
        TC19  1 0.0036 0.0008 0.0021 0.0009 0.0115 0.0016 0.0051 0.0016 0.9708 0.0020 
        TC20  1 0.0010 0.0010 0.0026 0.0010 0.0024 0.0027 0.0043 0.0046 0.9789 0.0013 
        TC21  1 0.0083 0.0009 0.1110 0.0109 0.0021 0.0406 0.0062 0.0029 0.8137 0.0034 
        TC22  1 0.0346 0.0022 0.0056 0.0010 0.0020 0.0023 0.0052 0.0105 0.9139 0.0227 
        TC23  1 0.0018 0.0007 0.0022 0.0013 0.0011 0.0040 0.0049 0.0039 0.9759 0.0042 
        TC24  1 0.0008 0.0006 0.0016 0.0012 0.0009 0.0010 0.0029 0.0013 0.9884 0.0014 
        TC25  1 0.0032 0.0010 0.0040 0.0022 0.0012 0.0478 0.0786 0.0035 0.8556 0.0029 
        TC26  1 0.0008 0.0013 0.0037 0.0011 0.0011 0.0014 0.0239 0.0022 0.9631 0.0015 
        TC27  1 0.0015 0.0009 0.0041 0.0019 0.0009 0.0018 0.0104 0.0017 0.9520 0.0248 
        TC28  1 0.0012 0.0034 0.0056 0.0013 0.0011 0.0038 0.0274 0.0035 0.9496 0.0031 
        TC29  1 0.0018 0.0010 0.0082 0.0034 0.0024 0.0042 0.0319 0.0017 0.9436 0.0017 
        TC30  1 0.0041 0.0010 0.0030 0.0009 0.0034 0.0015 0.0061 0.0016 0.9764 0.0020 
        TC31  1 0.0147 0.0012 0.0035 0.0021 0.0018 0.0238 0.0033 0.0054 0.9361 0.0082 
        TC32  1 0.0319 0.0168 0.0061 0.0011 0.0015 0.0022 0.0718 0.0030 0.8639 0.0016 
        TC33  1 0.0016 0.0011 0.0033 0.0027 0.0009 0.0041 0.0049 0.0025 0.9762 0.0028 
        TC34  1 0.0013 0.0035 0.0036 0.0042 0.0019 0.0018 0.0624 0.0055 0.9110 0.0048 
        TC35  1 0.0012 0.0041 0.0037 0.0011 0.0144 0.0070 0.0102 0.0048 0.9457 0.0079 
        TC36  1 0.0017 0.0008 0.0037 0.0009 0.0017 0.0018 0.0046 0.0023 0.9797 0.0028 
        TC37  1 0.0279 0.0019 0.0033 0.0030 0.0017 0.0022 0.0021 0.0025 0.9535 0.0019 
        TC38  1 0.0012 0.0008 0.0055 0.0010 0.0396 0.0186 0.0280 0.0025 0.9009 0.0019 
        TC39  1 0.0025 0.0014 0.0032 0.0011 0.0033 0.0023 0.1974 0.0020 0.7851 0.0017 
        TC40  1 0.0021 0.0026 0.0039 0.0086 0.0013 0.0024 0.0272 0.0024 0.9451 0.0044 
        TC41  1 0.0066 0.0015 0.0021 0.0012 0.0009 0.0016 0.0032 0.0130 0.9683 0.0015 
        TC42  1 0.0012 0.0006 0.0026 0.0008 0.0016 0.0011 0.0088 0.0019 0.9795 0.0019 
        TC43  1 0.0016 0.0012 0.0024 0.0012 0.0016 0.0020 0.0070 0.0016 0.9790 0.0024 
        TC44  1 0.0008 0.0013 0.0028 0.0008 0.0116 0.0026 0.0117 0.0030 0.9596 0.0058 
        TC45  1 0.0024 0.0011 0.0057 0.0006 0.0014 0.0044 0.0036 0.0039 0.9757 0.0013 
        TC46  1 0.0024 0.0020 0.0047 0.0013 0.0010 0.0033 0.0037 0.0145 0.9503 0.0169 
        TC47  1 0.0013 0.0013 0.0023 0.0011 0.0040 0.0027 0.0102 0.0042 0.9661 0.0067 
        TC48  1 0.0034 0.0012 0.0106 0.0083 0.0012 0.0047 0.0073 0.0095 0.9509 0.0031 
        TC49  1 0.0018 0.0021 0.0050 0.0013 0.0008 0.0022 0.0045 0.0028 0.9781 0.0014 
        TC50  1 0.0016 0.0021 0.0044 0.0023 0.0015 0.0035 0.0031 0.0023 0.9705 0.0088 
        TC51  1 0.0008 0.0013 0.0040 0.0010 0.0034 0.0039 0.0128 0.0022 0.9680 0.0026 
        TC52  1 0.0010 0.0007 0.0028 0.0010 0.0010 0.0024 0.0056 0.0072 0.9734 0.0048 
        TC53  1 0.0014 0.0010 0.0040 0.0008 0.0021 0.0011 0.0065 0.0057 0.9739 0.0036 
        TC54  1 0.0018 0.0011 0.0089 0.0276 0.0013 0.0033 0.0106 0.0030 0.9379 0.0045 
        TC55  1 0.0055 0.0014 0.0099 0.0022 0.0010 0.0033 0.0338 0.0027 0.9364 0.0037 
        TC56  1 0.0020 0.0023 0.0052 0.0119 0.0019 0.0083 0.0065 0.0026 0.9555 0.0038 
        TC57  1 0.0026 0.0025 0.0086 0.0028 0.0027 0.0024 0.0046 0.0035 0.9626 0.0077 
        TC58  1 0.0011 0.0017 0.0036 0.0008 0.0015 0.0075 0.0067 0.0046 0.9693 0.0032 
        TC59  1 0.0007 0.0009 0.0022 0.0009 0.0009 0.0013 0.0037 0.0016 0.9859 0.0018 
        TA01  2 0.0016 0.0015 0.0030 0.0013 0.0045 0.0017 0.0072 0.0016 0.9757 0.0019 
        TA02  2 0.0013 0.0012 0.0028 0.0025 0.0016 0.0017 0.0032 0.0017 0.9820 0.0019 
        TA03  2 0.0011 0.0035 0.0033 0.0017 0.0122 0.0019 0.0045 0.0021 0.9625 0.0072 
        TA04  2 0.0009 0.0018 0.0022 0.0009 0.3241 0.0016 0.0128 0.0023 0.6500 0.0032 
        TA05  2 0.0010 0.0010 0.0031 0.0013 0.0027 0.0019 0.0028 0.0019 0.9825 0.0020 
        TA06  2 0.0015 0.0010 0.0016 0.0007 0.0021 0.0016 0.0064 0.0021 0.9813 0.0017 
        TA07  2 0.0007 0.0008 0.0052 0.0016 0.0405 0.0021 0.0041 0.0019 0.9407 0.0024 
        TA08  2 0.0005 0.0008 0.0018 0.0012 0.0027 0.0020 0.0087 0.0010 0.9693 0.0119 
        TA09  2 0.0011 0.0009 0.0020 0.0010 0.0055 0.0012 0.0054 0.0022 0.9785 0.0022 
        TA10  2 0.0007 0.0030 0.0065 0.0009 0.0020 0.0156 0.0050 0.0048 0.9598 0.0017 
        TA11  2 0.0009 0.0045 0.0040 0.0012 0.0057 0.0159 0.0087 0.0194 0.9343 0.0054 
        TA12  2 0.0011 0.0176 0.0073 0.0012 0.0015 0.0027 0.0028 0.0461 0.9184 0.0013 
        TA13  2 0.0010 0.0034 0.0868 0.0016 0.0197 0.0052 0.0261 0.0059 0.8479 0.0025 
        TA14  2 0.0008 0.0009 0.0021 0.0013 0.0030 0.0010 0.0072 0.0011 0.9808 0.0019 
        TA15  2 0.0008 0.0011 0.0028 0.0009 0.0014 0.0012 0.0064 0.0013 0.9827 0.0014 
        TA16  2 0.0008 0.0013 0.0065 0.0008 0.0119 0.0065 0.0207 0.0023 0.9471 0.0020 
        TA17  2 0.0007 0.0044 0.0035 0.0017 0.0009 0.0013 0.0041 0.0040 0.9763 0.0031 
        TA18  2 0.0191 0.0913 0.0021 0.0009 0.0018 0.0021 0.0031 0.0036 0.8744 0.0016 
        TA19  2 0.0060 0.0022 0.0042 0.0012 0.0130 0.0027 0.0089 0.0054 0.8853 0.0711 
        TA20  2 0.0011 0.0015 0.0093 0.0074 0.0009 0.0031 0.0045 0.0020 0.9684 0.0018 
        TA21  2 0.0010 0.0023 0.0048 0.0041 0.0024 0.0020 0.0231 0.0019 0.9559 0.0025 
        TA22  2 0.0031 0.0017 0.0023 0.0027 0.0011 0.0013 0.0123 0.0018 0.9723 0.0014 
        TA23  2 0.0014 0.0011 0.0019 0.0011 0.0022 0.0013 0.0156 0.0014 0.9725 0.0015 
        TA24  2 0.0007 0.0021 0.0053 0.0010 0.0013 0.0015 0.0032 0.0020 0.9772 0.0057 
        TA25  2 0.0007 0.0052 0.0112 0.0006 0.0012 0.0657 0.0057 0.0091 0.8990 0.0015 
        TA26  2 0.0014 0.0009 0.0034 0.0018 0.0108 0.0096 0.0561 0.0027 0.9108 0.0026 
        TA27  2 0.0021 0.0018 0.0059 0.0015 0.0019 0.0014 0.0043 0.0025 0.9755 0.0030 
        TA28  2 0.0024 0.0047 0.0053 0.0060 0.0026 0.0054 0.0039 0.0056 0.9600 0.0039 
        TA29  2 0.0011 0.0013 0.0030 0.0009 0.0012 0.0015 0.0221 0.0025 0.9629 0.0035 
        TA30  2 0.0015 0.0009 0.0047 0.0025 0.1505 0.0023 0.0585 0.0024 0.7704 0.0063 
      BERM01  3 0.0008 0.0009 0.0017 0.0008 0.0149 0.0012 0.9744 0.0012 0.0028 0.0012 
      BERM02  3 0.0017 0.0008 0.0018 0.0009 0.0038 0.0012 0.9819 0.0012 0.0055 0.0011 
      BERM03  3 0.0007 0.0006 0.0020 0.0008 0.0009 0.0013 0.9884 0.0014 0.0025 0.0014 
      BERM04  3 0.0005 0.0006 0.0015 0.0007 0.0016 0.0015 0.9883 0.0011 0.0023 0.0019 
      BERM05  3 0.0006 0.0008 0.0020 0.0010 0.0026 0.0018 0.9848 0.0022 0.0021 0.0021 
      BERM06  3 0.0008 0.0010 0.0017 0.0006 0.0083 0.0012 0.9803 0.0016 0.0031 0.0014 
      BERM07  3 0.0007 0.0008 0.0019 0.0008 0.0038 0.0015 0.9831 0.0017 0.0036 0.0020 
      BERM08  3 0.0005 0.0006 0.0015 0.0006 0.0038 0.0013 0.9859 0.0010 0.0036 0.0012 
      BERM09  3 0.0017 0.0007 0.0016 0.0007 0.4150 0.0010 0.5640 0.0030 0.0112 0.0011 
      BERM10  3 0.0010 0.0007 0.0033 0.0007 0.0040 0.0017 0.9792 0.0021 0.0050 0.0023 
      BERM11  3 0.0007 0.0008 0.0017 0.0008 0.0222 0.0017 0.9653 0.0011 0.0043 0.0014 
      BERM12  3 0.0008 0.0030 0.0014 0.0007 0.0012 0.0118 0.9479 0.0222 0.0077 0.0032 
      BERM13  3 0.0010 0.0012 0.0021 0.0008 0.0048 0.0014 0.9795 0.0042 0.0033 0.0017 
      BERM14  3 0.0005 0.0006 0.0016 0.0006 0.0035 0.0013 0.9826 0.0014 0.0062 0.0016 
      CROC01  3 0.0017 0.0015 0.0042 0.0046 0.0033 0.0022 0.9624 0.0055 0.0046 0.0099 
      CROC02  3 0.0007 0.0011 0.0024 0.0010 0.0018 0.0023 0.9747 0.0096 0.0047 0.0015 
      CROC03  3 0.0009 0.0010 0.0023 0.0011 0.0063 0.0020 0.9790 0.0016 0.0034 0.0025 
      CROC04  3 0.0025 0.0007 0.0045 0.0007 0.0016 0.0012 0.8552 0.0029 0.1274 0.0033 
      CROC05  3 0.0011 0.0008 0.0024 0.0011 0.0043 0.0020 0.9824 0.0017 0.0028 0.0015 
      CROC06  3 0.0008 0.0021 0.0096 0.0071 0.0037 0.0206 0.8989 0.0081 0.0465 0.0026 
      CROC07  3 0.0045 0.0041 0.0031 0.0012 0.0070 0.0016 0.9665 0.0035 0.0062 0.0024 
      CROC08  3 0.0017 0.0009 0.0036 0.0237 0.0023 0.0062 0.9528 0.0025 0.0035 0.0028 
      CROC09  3 0.0010 0.0007 0.0026 0.0023 0.0274 0.0013 0.9600 0.0010 0.0023 0.0015 
      CROC10  3 0.0019 0.0008 0.0020 0.0006 0.0570 0.0017 0.9306 0.0012 0.0028 0.0014 
      CROC11  3 0.0010 0.0007 0.0026 0.0024 0.0274 0.0012 0.9598 0.0011 0.0023 0.0014 
     CROC110  3 0.0017 0.0010 0.0294 0.0021 0.0217 0.0015 0.9232 0.0024 0.0142 0.0027 
     CROC116  3 0.0032 0.0048 0.0054 0.0018 0.0020 0.0025 0.9633 0.0024 0.0102 0.0044 
      CROC12  3 0.0009 0.0014 0.0025 0.0008 0.0017 0.0012 0.9853 0.0013 0.0037 0.0012 
     CROC123  3 0.0008 0.0006 0.0016 0.0006 0.0026 0.0011 0.9875 0.0009 0.0032 0.0011 
      CROC13  3 0.0006 0.0006 0.0018 0.0008 0.0012 0.0025 0.9870 0.0014 0.0024 0.0016 
      CROC14  3 0.0007 0.0007 0.0200 0.0021 0.0032 0.0623 0.8986 0.0013 0.0100 0.0010 
      CROC15  3 0.0029 0.0007 0.0357 0.0129 0.0011 0.0096 0.8876 0.0093 0.0074 0.0329 
      CROC16  3 0.0006 0.0010 0.0026 0.0014 0.0094 0.0031 0.9755 0.0017 0.0023 0.0025 
      CROC17  3 0.0373 0.0007 0.0041 0.0006 0.0010 0.0012 0.9112 0.0010 0.0418 0.0011 
      CROC18  3 0.0024 0.0046 0.0033 0.0009 0.0014 0.0063 0.9528 0.0204 0.0064 0.0016 
      CROC19  3 0.0009 0.0010 0.0038 0.0010 0.0034 0.0017 0.9729 0.0033 0.0085 0.0034 
     CROC198  3 0.0008 0.0006 0.0020 0.0009 0.0044 0.0016 0.9833 0.0016 0.0027 0.0020 
      CROC20  3 0.0005 0.0015 0.0025 0.0010 0.0027 0.0019 0.9835 0.0020 0.0026 0.0018 
     CROC202  3 0.0007 0.0007 0.0019 0.0008 0.0014 0.0046 0.9825 0.0027 0.0027 0.0020 
      CROC21  3 0.0009 0.0007 0.0027 0.0009 0.0040 0.0016 0.9820 0.0015 0.0043 0.0014 
     CROC216  3 0.0040 0.0027 0.0072 0.0028 0.0144 0.0021 0.9254 0.0059 0.0306 0.0050 
      CROC22  3 0.0029 0.0007 0.0077 0.0007 0.0044 0.0017 0.9285 0.0464 0.0057 0.0013 
      CROC23  3 0.0036 0.0012 0.0039 0.0015 0.0659 0.0020 0.9001 0.0018 0.0179 0.0020 
      CROC24  3 0.0006 0.0007 0.0022 0.0011 0.0109 0.0018 0.9766 0.0013 0.0037 0.0013 
      CROC25  3 0.0010 0.0007 0.0016 0.0008 0.0017 0.0013 0.9872 0.0014 0.0030 0.0014 
     CROC259  3 0.0021 0.0008 0.0022 0.0009 0.0043 0.0058 0.9479 0.0012 0.0329 0.0018 
      CROC26  3 0.0010 0.0007 0.0017 0.0011 0.0024 0.0018 0.8986 0.0016 0.0890 0.0022 
      CROC27  3 0.0047 0.0010 0.0027 0.0030 0.0155 0.0015 0.9375 0.0019 0.0299 0.0023 
      CROC28  3 0.0008 0.0007 0.0018 0.0009 0.0484 0.0014 0.9332 0.0010 0.0105 0.0014 
      CROC29  3 0.0008 0.0007 0.0023 0.0014 0.0014 0.0014 0.9858 0.0012 0.0033 0.0017 
      CROC30  3 0.0011 0.0023 0.0037 0.0015 0.0017 0.0018 0.9766 0.0031 0.0063 0.0019 
      CROC31  3 0.0040 0.0069 0.0062 0.0009 0.1004 0.0019 0.8606 0.0017 0.0156 0.0018 
      CROC32  3 0.0007 0.0006 0.0018 0.0006 0.0018 0.0013 0.9867 0.0017 0.0036 0.0012 
      CROC33  3 0.0012 0.0009 0.0045 0.0201 0.0028 0.0012 0.9537 0.0015 0.0118 0.0023 
      CROC34  3 0.0009 0.0014 0.0018 0.0011 0.0018 0.0016 0.9839 0.0017 0.0037 0.0021 
      CROC35  3 0.0011 0.0006 0.0090 0.0006 0.0066 0.0018 0.9401 0.0009 0.0384 0.0009 
      CROC36  3 0.0012 0.0007 0.0020 0.0008 0.0062 0.0016 0.9821 0.0013 0.0026 0.0015 
      CROC57  3 0.0006 0.0008 0.0021 0.0011 0.0016 0.0021 0.9860 0.0017 0.0023 0.0017 
      CROC81  3 0.0010 0.0009 0.0024 0.0026 0.0014 0.0030 0.9807 0.0034 0.0029 0.0016 
      CROC84  3 0.0006 0.0014 0.0012 0.0006 0.0041 0.0041 0.9752 0.0049 0.0062 0.0017 
        FW01  3 0.0006 0.0007 0.0021 0.0009 0.0017 0.0016 0.9855 0.0020 0.0032 0.0017 
        FW02  3 0.0005 0.0005 0.0012 0.0005 0.9911 0.0009 0.0019 0.0009 0.0015 0.0010 
        FW03  3 0.0006 0.0006 0.0019 0.0008 0.0017 0.0015 0.9865 0.0017 0.0031 0.0017 
        FW04  3 0.0005 0.0005 0.0012 0.0005 0.9911 0.0009 0.0019 0.0009 0.0015 0.0010 
        FW05  3 0.0005 0.0005 0.0012 0.0005 0.9911 0.0009 0.0019 0.0009 0.0015 0.0010 
        FW06  3 0.0005 0.0005 0.0011 0.0005 0.9909 0.0009 0.0020 0.0009 0.0016 0.0010 
        FW07  3 0.0006 0.0006 0.0018 0.0008 0.0016 0.0015 0.9867 0.0016 0.0032 0.0017 
        FW08  3 0.0005 0.0005 0.0011 0.0005 0.9911 0.0009 0.0019 0.0009 0.0015 0.0010 
        FW09  3 0.0005 0.0005 0.0012 0.0005 0.9910 0.0009 0.0019 0.0009 0.0015 0.0010 
        FW10  3 0.0006 0.0006 0.0020 0.0009 0.0015 0.0015 0.9862 0.0016 0.0035 0.0016 
       FW100  3 0.0006 0.0006 0.0019 0.0009 0.0022 0.0014 0.9855 0.0016 0.0036 0.0015 
       FW101  3 0.0006 0.0006 0.0021 0.0009 0.0016 0.0015 0.9859 0.0016 0.0035 0.0017 
       FW102  3 0.0005 0.0005 0.0012 0.0005 0.9910 0.0010 0.0019 0.0009 0.0016 0.0010 
       FW103  3 0.0005 0.0005 0.0012 0.0005 0.9911 0.0009 0.0019 0.0009 0.0015 0.0010 
       FW104  3 0.0006 0.0007 0.0020 0.0009 0.0017 0.0016 0.9855 0.0020 0.0033 0.0017 
       FW105  3 0.0006 0.0006 0.0020 0.0009 0.0016 0.0015 0.9861 0.0016 0.0033 0.0016 
       FW106  3 0.0023 0.0131 0.0066 0.0026 0.0455 0.0027 0.9089 0.0040 0.0104 0.0039 
       FW107  3 0.0006 0.0007 0.0021 0.0009 0.0016 0.0017 0.9856 0.0019 0.0033 0.0017 
       FW108  3 0.0005 0.0005 0.0012 0.0005 0.9910 0.0009 0.0020 0.0009 0.0016 0.0010 
       FW109  3 0.0006 0.0006 0.0021 0.0009 0.0017 0.0015 0.9859 0.0016 0.0035 0.0016 
        FW11  3 0.0006 0.0007 0.0020 0.0010 0.0020 0.0015 0.9856 0.0016 0.0036 0.0015 
       FW110  3 0.0006 0.0006 0.0019 0.0008 0.0017 0.0015 0.9865 0.0016 0.0031 0.0016 
       FW111  3 0.0005 0.0005 0.0011 0.0005 0.9911 0.0009 0.0019 0.0009 0.0015 0.0010 
       FW112  3 0.0006 0.0006 0.0020 0.0009 0.0023 0.0014 0.9853 0.0017 0.0037 0.0015 
       FW113  3 0.0005 0.0005 0.0011 0.0005 0.9911 0.0009 0.0019 0.0009 0.0016 0.0010 
       FW114  3 0.0007 0.0007 0.0019 0.0008 0.0016 0.0014 0.9853 0.0016 0.0044 0.0017 
       FW115  3 0.0006 0.0007 0.0021 0.0009 0.0016 0.0015 0.9858 0.0016 0.0034 0.0017 
       FW116  3 0.0005 0.0005 0.0012 0.0005 0.9910 0.0009 0.0019 0.0009 0.0015 0.0010 
        FW12  3 0.0005 0.0005 0.0011 0.0005 0.9912 0.0009 0.0018 0.0009 0.0015 0.0010 
        FW13  3 0.0005 0.0005 0.0012 0.0005 0.9909 0.0009 0.0020 0.0009 0.0016 0.0010 
        FW14  3 0.0006 0.0007 0.0021 0.0009 0.0017 0.0016 0.9856 0.0020 0.0032 0.0017 
        FW15  3 0.0006 0.0007 0.0021 0.0009 0.0017 0.0017 0.9855 0.0021 0.0032 0.0017 
        FW16  3 0.0006 0.0006 0.0020 0.0009 0.0017 0.0015 0.9860 0.0016 0.0035 0.0016 
        FW17  3 0.0006 0.0006 0.0021 0.0010 0.0018 0.0015 0.9856 0.0017 0.0035 0.0016 
        FW18  3 0.0006 0.0007 0.0020 0.0010 0.0022 0.0015 0.9854 0.0015 0.0036 0.0015 
        FW19  3 0.0005 0.0005 0.0012 0.0005 0.9910 0.0009 0.0019 0.0009 0.0016 0.0010 
        FW20  3 0.0005 0.0005 0.0011 0.0005 0.9911 0.0009 0.0019 0.0009 0.0015 0.0010 
        FW21  3 0.0005 0.0005 0.0012 0.0005 0.9910 0.0009 0.0019 0.0009 0.0015 0.0010 
        FW22  3 0.0006 0.0007 0.0020 0.0009 0.0023 0.0014 0.9853 0.0017 0.0036 0.0015 
        FW23  3 0.0005 0.0005 0.0012 0.0005 0.9910 0.0009 0.0019 0.0009 0.0015 0.0010 
        FW24  3 0.0005 0.0005 0.0011 0.0005 0.9910 0.0009 0.0020 0.0009 0.0015 0.0010 
        FW25  3 0.0005 0.0005 0.0011 0.0005 0.9912 0.0009 0.0019 0.0009 0.0015 0.0010 
        FW26  3 0.0005 0.0005 0.0011 0.0005 0.9911 0.0009 0.0019 0.0009 0.0015 0.0010 
        FW27  3 0.0006 0.0006 0.0020 0.0010 0.0016 0.0015 0.9861 0.0016 0.0035 0.0016 
        FW28  3 0.0005 0.0005 0.0011 0.0005 0.9910 0.0009 0.0019 0.0009 0.0016 0.0010 
        FW29  3 0.0005 0.0005 0.0011 0.0005 0.9911 0.0009 0.0019 0.0009 0.0015 0.0010 
        FW30  3 0.0025 0.0126 0.0067 0.0026 0.0441 0.0026 0.9112 0.0039 0.0102 0.0038 
        FW32  3 0.0006 0.0007 0.0021 0.0009 0.0017 0.0017 0.9853 0.0020 0.0033 0.0017 
        FW33  3 0.0077 0.0005 0.0037 0.0005 0.9724 0.0009 0.0093 0.0009 0.0031 0.0010 
        FW34  3 0.0005 0.0005 0.0012 0.0005 0.9910 0.0009 0.0019 0.0009 0.0015 0.0010 
        FW35  3 0.0005 0.0005 0.0012 0.0005 0.9911 0.0009 0.0019 0.0009 0.0015 0.0010 
        FW36  3 0.0005 0.0005 0.0011 0.0005 0.9911 0.0010 0.0019 0.0009 0.0015 0.0010 
        FW37  3 0.0006 0.0006 0.0021 0.0009 0.0016 0.0015 0.9861 0.0016 0.0033 0.0016 
        FW51  3 0.0005 0.0005 0.0011 0.0005 0.9912 0.0009 0.0019 0.0009 0.0016 0.0010 
        FW52  3 0.0006 0.0006 0.0020 0.0010 0.0016 0.0015 0.9861 0.0016 0.0035 0.0016 
        FW53  3 0.0005 0.0005 0.0012 0.0005 0.9910 0.0009 0.0019 0.0009 0.0015 0.0010 
        FW54  3 0.0006 0.0006 0.0019 0.0007 0.0018 0.0015 0.9866 0.0017 0.0031 0.0016 
        FW55  3 0.0005 0.0005 0.0012 0.0005 0.9911 0.0010 0.0019 0.0009 0.0015 0.0010 
        FW56  3 0.0005 0.0005 0.0012 0.0005 0.9910 0.0009 0.0019 0.0009 0.0016 0.0010 
        FW57  3 0.0005 0.0005 0.0012 0.0005 0.9912 0.0009 0.0019 0.0009 0.0015 0.0010 
        FW78  3 0.0005 0.0005 0.0011 0.0005 0.9910 0.0009 0.0019 0.0009 0.0015 0.0010 
        FW79  3 0.0005 0.0005 0.0011 0.0005 0.9910 0.0009 0.0020 0.0009 0.0016 0.0010 
        FW80  3 0.0005 0.0005 0.0012 0.0005 0.9910 0.0009 0.0020 0.0009 0.0015 0.0010 
        FW81  3 0.0005 0.0006 0.0019 0.0008 0.0017 0.0015 0.9867 0.0016 0.0032 0.0016 
        FW82  3 0.0006 0.0006 0.0020 0.0009 0.0016 0.0015 0.9860 0.0016 0.0035 0.0016 
        FW83  3 0.0006 0.0007 0.0021 0.0009 0.0016 0.0017 0.9856 0.0020 0.0032 0.0017 
        FW84  3 0.0005 0.0005 0.0012 0.0005 0.9911 0.0009 0.0019 0.0009 0.0015 0.0010 
        FW85  3 0.0006 0.0006 0.0033 0.0008 0.0021 0.0024 0.9758 0.0016 0.0083 0.0045 
        FW86  3 0.0006 0.0007 0.0019 0.0009 0.0022 0.0015 0.9855 0.0016 0.0035 0.0015 
        FW87  3 0.0006 0.0007 0.0020 0.0009 0.0022 0.0015 0.9855 0.0016 0.0036 0.0015 
        FW88  3 0.0005 0.0005 0.0012 0.0005 0.9910 0.0009 0.0019 0.0009 0.0015 0.0010 
        FW89  3 0.0005 0.0005 0.0011 0.0005 0.9912 0.0009 0.0019 0.0009 0.0015 0.0010 
        FW90  3 0.0005 0.0005 0.0012 0.0005 0.9911 0.0009 0.0019 0.0009 0.0015 0.0010 
        FW91  3 0.0006 0.0006 0.0020 0.0009 0.0016 0.0015 0.9861 0.0016 0.0035 0.0016 
        FW92  3 0.0005 0.0005 0.0011 0.0005 0.9910 0.0009 0.0019 0.0009 0.0015 0.0010 
        FW93  3 0.0005 0.0005 0.0012 0.0005 0.9910 0.0010 0.0019 0.0009 0.0015 0.0010 
        FW94  3 0.0006 0.0006 0.0021 0.0010 0.0017 0.0015 0.9858 0.0017 0.0035 0.0016 
        FW95  3 0.0005 0.0005 0.0012 0.0005 0.9910 0.0009 0.0019 0.0009 0.0016 0.0010 
        FW96  3 0.0005 0.0005 0.0012 0.0005 0.9911 0.0009 0.0019 0.0009 0.0015 0.0010 
        FW97  3 0.0011 0.0012 0.0031 0.0020 0.0092 0.0035 0.9635 0.0080 0.0043 0.0041 
        FW98  3 0.0006 0.0006 0.0018 0.0007 0.0017 0.0015 0.9867 0.0016 0.0032 0.0016 
        FW99  3 0.0005 0.0005 0.0011 0.0005 0.9911 0.0009 0.0019 0.0009 0.0015 0.0010 
       Cal01  3 0.0007 0.0009 0.0031 0.0041 0.2618 0.0018 0.7191 0.0017 0.0050 0.0018 
       Cal02  3 0.0011 0.0012 0.0025 0.0007 0.0029 0.0016 0.9844 0.0014 0.0028 0.0013 
       Cal03  3 0.0005 0.0008 0.0017 0.0008 0.0128 0.0011 0.9772 0.0012 0.0025 0.0014 
       Cal04  3 0.0006 0.0009 0.0035 0.0010 0.0007 0.0017 0.9798 0.0022 0.0046 0.0048 
       Cal05  3 0.0037 0.0006 0.0012 0.0005 0.0050 0.0010 0.9828 0.0009 0.0031 0.0012 
       Cal06  3 0.0010 0.0021 0.0042 0.0011 0.0037 0.0020 0.9713 0.0012 0.0119 0.0015 
       Cal07  3 0.0026 0.0006 0.0014 0.0006 0.0193 0.0010 0.9623 0.0012 0.0100 0.0010 
       Cal08  3 0.0018 0.0011 0.0038 0.0019 0.0143 0.0035 0.9587 0.0035 0.0048 0.0066 
       Cal09  3 0.0129 0.0007 0.0047 0.0008 0.0143 0.0017 0.9346 0.0015 0.0272 0.0015 
       Cal10  3 0.0006 0.0008 0.0033 0.0014 0.0012 0.0014 0.9842 0.0014 0.0039 0.0018 
       Cal11  3 0.0015 0.0019 0.0035 0.0013 0.0062 0.0060 0.9630 0.0046 0.0086 0.0035 
      Cal197  3 0.0007 0.0008 0.0045 0.0013 0.3158 0.0010 0.6686 0.0011 0.0054 0.0009 
      Cal198  3 0.0046 0.0035 0.0029 0.0596 0.0041 0.0011 0.8862 0.0016 0.0340 0.0024 
      Cal199  3 0.0005 0.0032 0.0015 0.0014 0.0044 0.0014 0.9633 0.0047 0.0022 0.0174 
      Cal200  3 0.0006 0.0008 0.0044 0.0014 0.0356 0.0020 0.9404 0.0012 0.0093 0.0044 
      Cal201  3 0.0017 0.0006 0.0023 0.0007 0.0430 0.0011 0.9416 0.0011 0.0070 0.0012 
      Cal202  3 0.0024 0.0007 0.0171 0.0134 0.0058 0.0083 0.9364 0.0034 0.0034 0.0090 
      Cal203  3 0.0007 0.0007 0.0021 0.0009 0.0013 0.0021 0.9861 0.0015 0.0026 0.0019 
      Cal204  3 0.0015 0.0009 0.0020 0.0011 0.0018 0.0019 0.9844 0.0017 0.0032 0.0017 
      Cal205  3 0.0008 0.0013 0.0024 0.0010 0.0027 0.0011 0.9846 0.0010 0.0035 0.0018 
      Cal206  3 0.0006 0.0010 0.0023 0.0008 0.0042 0.0017 0.9841 0.0015 0.0025 0.0014 
      Cal207  3 0.0009 0.0071 0.0019 0.0022 0.0038 0.0011 0.9766 0.0012 0.0043 0.0009 
      Cal208  3 0.0007 0.0006 0.0024 0.0013 0.0019 0.0015 0.9854 0.0021 0.0023 0.0018 
      Cal209  3 0.0006 0.0006 0.0016 0.0006 0.0120 0.0013 0.9783 0.0012 0.0026 0.0012 
      Cal210  3 0.0005 0.0032 0.0015 0.0014 0.0043 0.0014 0.9636 0.0048 0.0023 0.0170 
      Cal211  3 0.0011 0.0010 0.0018 0.0006 0.0310 0.0011 0.9569 0.0013 0.0037 0.0016 
      Cal212  3 0.0007 0.0043 0.0020 0.0007 0.0050 0.0011 0.9785 0.0012 0.0033 0.0032 
      Cal213  3 0.0012 0.0015 0.0055 0.0119 0.0073 0.0011 0.8827 0.0020 0.0840 0.0028 
      Cal214  3 0.0005 0.0008 0.0073 0.0040 0.0007 0.0016 0.9436 0.0010 0.0030 0.0375 
      Cal215  3 0.0007 0.0007 0.0025 0.0011 0.0111 0.0025 0.9722 0.0026 0.0033 0.0033 
      Cal216  3 0.0021 0.0013 0.0017 0.0011 0.0264 0.0014 0.9598 0.0013 0.0038 0.0010 
      Cal217  3 0.0015 0.0006 0.0020 0.0008 0.0088 0.0010 0.9791 0.0010 0.0041 0.0011 
      Cal218  3 0.0006 0.0039 0.0019 0.0006 0.0262 0.0011 0.9583 0.0011 0.0038 0.0024 
      Cal219  3 0.0007 0.0010 0.0026 0.0007 0.0096 0.0014 0.9768 0.0019 0.0037 0.0016 
      Cal220  3 0.0030 0.0406 0.0040 0.0021 0.0047 0.0018 0.9334 0.0030 0.0041 0.0033 
      Cal221  3 0.0005 0.0013 0.0016 0.0011 0.0059 0.0011 0.9796 0.0033 0.0031 0.0025 
      Cal222  3 0.0006 0.0016 0.0015 0.0010 0.0026 0.0013 0.9809 0.0025 0.0031 0.0047 
      Cal223  3 0.0052 0.0015 0.0044 0.0041 0.0041 0.0021 0.8828 0.0033 0.0889 0.0035 
      Cal224  3 0.0034 0.0014 0.0023 0.0648 0.0014 0.0085 0.9051 0.0077 0.0031 0.0023 
       Cal33  3 0.0007 0.0009 0.0031 0.0006 0.0019 0.0012 0.9858 0.0013 0.0030 0.0014 
       Cal34  3 0.0065 0.0008 0.0023 0.0016 0.0013 0.0015 0.9782 0.0011 0.0054 0.0012 
       Cal35  3 0.0007 0.0008 0.0019 0.0006 0.0021 0.0011 0.9853 0.0010 0.0048 0.0015 
       Cal37  3 0.0019 0.0076 0.0078 0.0006 0.0018 0.0012 0.9674 0.0012 0.0085 0.0020 
       Cal38  3 0.0008 0.0009 0.0018 0.0006 0.2937 0.0010 0.6948 0.0011 0.0034 0.0017 
       Cal39  3 0.0009 0.0007 0.0016 0.0006 0.0116 0.0023 0.9751 0.0026 0.0030 0.0016 
       Cal40  3 0.0006 0.0006 0.0017 0.0006 0.0121 0.0013 0.9781 0.0011 0.0026 0.0012 
       Cal41  3 0.0006 0.0006 0.0015 0.0006 0.0035 0.0012 0.9865 0.0012 0.0030 0.0013 
       Cal42  3 0.0005 0.0006 0.0022 0.0007 0.0033 0.0017 0.9858 0.0016 0.0021 0.0015 
       Cal43  3 0.0010 0.0012 0.0023 0.0009 0.0022 0.0011 0.9850 0.0016 0.0033 0.0014 
       Cal44  3 0.0007 0.0733 0.0020 0.0014 0.0142 0.0015 0.8985 0.0018 0.0040 0.0025 
        BW41  3 0.0022 0.0010 0.0041 0.0025 0.0038 0.0324 0.9432 0.0038 0.0040 0.0031 
        BW42  3 0.0013 0.0009 0.0037 0.0008 0.0013 0.0014 0.9825 0.0021 0.0046 0.0015 
        BW44  3 0.0009 0.0012 0.0020 0.0010 0.0022 0.0012 0.9830 0.0013 0.0057 0.0015 
        BW45  3 0.0005 0.0006 0.0014 0.0005 0.0100 0.0010 0.9789 0.0009 0.0051 0.0011 
        BW46  3 0.0006 0.0010 0.0022 0.0009 0.0021 0.0013 0.9864 0.0013 0.0026 0.0016 
        BW47  3 0.0127 0.0102 0.0021 0.0007 0.0174 0.0058 0.9071 0.0280 0.0142 0.0017 
        BW48  3 0.0015 0.0009 0.0041 0.0012 0.0066 0.0040 0.9667 0.0054 0.0060 0.0037 
        BW49  3 0.0046 0.0014 0.0021 0.0007 0.0162 0.0014 0.9622 0.0016 0.0086 0.0011 
        BW50  3 0.0009 0.0008 0.0019 0.0007 0.0037 0.0013 0.9853 0.0012 0.0028 0.0012 
        BW51  3 0.0006 0.0007 0.0017 0.0007 0.0281 0.0011 0.9388 0.0012 0.0257 0.0014 
        BW52  3 0.0008 0.0007 0.0018 0.0007 0.0019 0.0026 0.9857 0.0014 0.0031 0.0014 
        BW53  3 0.0007 0.0237 0.0046 0.0018 0.0022 0.0013 0.9543 0.0014 0.0077 0.0022 
        BW54  3 0.0066 0.0090 0.0034 0.0010 0.0044 0.0029 0.8579 0.0928 0.0080 0.0140 
        BW55  3 0.0006 0.0007 0.0018 0.0010 0.0019 0.0017 0.9852 0.0019 0.0031 0.0022 
        BW56  3 0.0009 0.0006 0.0021 0.0008 0.0024 0.0020 0.9848 0.0011 0.0040 0.0013 
        BW57  3 0.0029 0.0006 0.0022 0.0010 0.0039 0.0013 0.9801 0.0013 0.0055 0.0013 
        BW58  3 0.0006 0.0010 0.0018 0.0007 0.0021 0.0013 0.9850 0.0016 0.0046 0.0012 
        BW59  3 0.0011 0.0006 0.0029 0.0006 0.0635 0.0012 0.9242 0.0014 0.0033 0.0013 
        BW60  3 0.0008 0.0008 0.0017 0.0007 0.0012 0.0013 0.9876 0.0012 0.0033 0.0014 
        BW61  3 0.0011 0.0008 0.0136 0.0009 0.0207 0.0658 0.8873 0.0017 0.0067 0.0015 
        BW62  3 0.0008 0.0009 0.0021 0.0009 0.0030 0.0017 0.9800 0.0032 0.0045 0.0031 
        BW63  3 0.0029 0.0047 0.0094 0.0011 0.0023 0.0015 0.9185 0.0087 0.0357 0.0151 
        BW64  3 0.0006 0.0006 0.0019 0.0008 0.0069 0.0012 0.9820 0.0016 0.0031 0.0013 
        BW65  3 0.0018 0.0051 0.0097 0.0041 0.0036 0.0055 0.9506 0.0021 0.0125 0.0049 
        BW66  3 0.0023 0.0008 0.0019 0.0009 0.0038 0.0047 0.9734 0.0012 0.0087 0.0021 
        BW67  3 0.0009 0.0006 0.0014 0.0007 0.1744 0.0011 0.8158 0.0010 0.0028 0.0012 
        BW68  3 0.0016 0.0010 0.0039 0.0010 0.0030 0.0024 0.9724 0.0040 0.0086 0.0020 
        BW69  3 0.0006 0.0008 0.0020 0.0008 0.0015 0.0455 0.9425 0.0016 0.0028 0.0019 
        BW70  3 0.0015 0.0011 0.0024 0.0014 0.0559 0.0014 0.9271 0.0015 0.0052 0.0025 
        BW71  3 0.0007 0.0005 0.0016 0.0005 0.0449 0.0012 0.9447 0.0014 0.0032 0.0012 
        BW72  3 0.0046 0.0013 0.0090 0.0040 0.0055 0.0082 0.9429 0.0123 0.0069 0.0052 
        BW73  3 0.0047 0.0010 0.0336 0.0008 0.0057 0.0359 0.9041 0.0015 0.0099 0.0027 
        BW74  3 0.0014 0.0013 0.0039 0.0008 0.0042 0.0016 0.9766 0.0017 0.0061 0.0023 
        BW75  3 0.0008 0.0010 0.0111 0.0020 0.0102 0.0065 0.9368 0.0052 0.0249 0.0014 
        BW76  3 0.0006 0.0008 0.0023 0.0012 0.0054 0.0026 0.9772 0.0018 0.0036 0.0044 
        BW77  3 0.0054 0.0008 0.0076 0.0027 0.1128 0.0025 0.8460 0.0043 0.0168 0.0011 
        BW78  3 0.0017 0.0007 0.0015 0.0007 0.0012 0.0015 0.9843 0.0014 0.0049 0.0022 
        BW79  3 0.0006 0.0148 0.0022 0.0006 0.0068 0.0015 0.9619 0.0040 0.0059 0.0017 
        BW80  3 0.0007 0.0010 0.0033 0.0009 0.0033 0.0013 0.9827 0.0019 0.0033 0.0015 
        BW81  3 0.0006 0.0007 0.0018 0.0009 0.0018 0.0013 0.9864 0.0012 0.0043 0.0010 
       BWS05  3 0.0014 0.0036 0.0066 0.0014 0.0105 0.0076 0.9517 0.0046 0.0092 0.0034 
       BWS06  3 0.0008 0.0010 0.0019 0.0009 0.0054 0.0015 0.9802 0.0015 0.0036 0.0031 
       BWS07  3 0.0006 0.0006 0.0314 0.0006 0.0311 0.0009 0.9119 0.0011 0.0200 0.0018 
       BWS08  3 0.0028 0.0014 0.0040 0.0031 0.0029 0.0144 0.9338 0.0019 0.0304 0.0053 
       BWS09  3 0.0005 0.0006 0.0016 0.0010 0.0402 0.0011 0.9493 0.0011 0.0031 0.0014 
       BWS10  3 0.0010 0.0016 0.0034 0.0010 0.0073 0.0016 0.9566 0.0017 0.0063 0.0196 
       BWS11  3 0.0006 0.0013 0.0021 0.0007 0.0029 0.0012 0.9853 0.0014 0.0028 0.0016 
       BWS12  3 0.0008 0.0012 0.0025 0.0010 0.0021 0.0017 0.9834 0.0019 0.0037 0.0017 
       BWS13  3 0.0007 0.0009 0.0019 0.0023 0.0011 0.0013 0.9857 0.0011 0.0024 0.0027 
       BWS14  3 0.0008 0.0013 0.0024 0.0007 0.0018 0.0013 0.9850 0.0014 0.0038 0.0015 
       BWS15  3 0.0012 0.0046 0.0051 0.0021 0.0045 0.0034 0.9588 0.0054 0.0069 0.0078 
       BWS16  3 0.0093 0.0016 0.0017 0.0007 0.0012 0.0013 0.9720 0.0020 0.0088 0.0014 
       BWS17  3 0.0007 0.0014 0.0020 0.0013 0.0017 0.0022 0.9835 0.0014 0.0034 0.0025 
       BWS18  3 0.0010 0.0008 0.0054 0.0259 0.0056 0.0012 0.9383 0.0014 0.0083 0.0120 
       BWS19  3 0.0010 0.0008 0.0211 0.0073 0.0145 0.0088 0.9305 0.0013 0.0055 0.0092 
       BWS20  3 0.0015 0.0006 0.0016 0.0009 0.0029 0.0012 0.9804 0.0009 0.0087 0.0011 
       BWS21  3 0.0006 0.0904 0.0044 0.0077 0.0015 0.0023 0.8775 0.0025 0.0077 0.0054 
       BWS22  3 0.0014 0.0008 0.0024 0.0017 0.0173 0.0016 0.9692 0.0012 0.0029 0.0016 
       BWS23  3 0.0009 0.0006 0.0046 0.0323 0.0035 0.0014 0.9453 0.0012 0.0061 0.0039 
       BWS24  3 0.0013 0.0049 0.0090 0.0011 0.0025 0.0018 0.9590 0.0021 0.0086 0.0097 
       BWS25  3 0.0007 0.0006 0.0126 0.0007 0.0013 0.0023 0.9769 0.0014 0.0023 0.0013 
       BWS26  3 0.0009 0.0010 0.0032 0.0008 0.0016 0.0019 0.9834 0.0013 0.0047 0.0013 
       BWS27  3 0.0020 0.0007 0.0036 0.0007 0.0019 0.0011 0.9791 0.0011 0.0083 0.0015 
       BWS28  3 0.0031 0.0011 0.0061 0.0010 0.0024 0.0022 0.9682 0.0059 0.0053 0.0046 
       BWS29  3 0.0009 0.0010 0.0026 0.0012 0.0016 0.0028 0.9779 0.0042 0.0056 0.0023 
       BWS30  3 0.0006 0.0008 0.0021 0.0020 0.1024 0.0014 0.8841 0.0014 0.0039 0.0012 
       BWS31  3 0.0018 0.0009 0.0028 0.0011 0.0033 0.0029 0.9653 0.0012 0.0186 0.0020 
       BWS32  3 0.0018 0.0008 0.0044 0.0007 0.0041 0.0016 0.9729 0.0013 0.0092 0.0033 
       BWS33  3 0.0011 0.0011 0.0033 0.0016 0.0018 0.0030 0.9631 0.0194 0.0034 0.0023 
       BWS34  3 0.0006 0.0013 0.0025 0.0019 0.0014 0.0022 0.9805 0.0019 0.0053 0.0025 
       BWS35  3 0.0008 0.0038 0.0029 0.0013 0.0016 0.0019 0.9725 0.0062 0.0059 0.0031 
       BWS36  3 0.0006 0.0007 0.0015 0.0006 0.0026 0.0019 0.9869 0.0011 0.0027 0.0014 
       BWS37  3 0.0009 0.0009 0.0020 0.0008 0.0025 0.0024 0.9827 0.0015 0.0044 0.0019 
       BWS38  3 0.0012 0.0020 0.0029 0.0014 0.0115 0.0021 0.9650 0.0033 0.0078 0.0026 
       BWS39  3 0.0012 0.0013 0.0017 0.0008 0.2414 0.0012 0.7454 0.0012 0.0046 0.0013 
       BWS40  3 0.0008 0.0008 0.0017 0.0007 0.0022 0.0021 0.9846 0.0018 0.0027 0.0026 
       BWN01  3 0.0027 0.0009 0.0017 0.0008 0.0028 0.0017 0.9818 0.0015 0.0044 0.0017 
       BWN02  3 0.0034 0.0010 0.0017 0.0007 0.0510 0.0012 0.8619 0.0015 0.0762 0.0013 
       BWN03  3 0.0026 0.0015 0.0056 0.0034 0.0023 0.0096 0.9500 0.0179 0.0047 0.0024 
       BWN04  3 0.0012 0.0007 0.0019 0.0008 0.0112 0.0042 0.9651 0.0010 0.0128 0.0012 
        NC01  4 0.0075 0.0012 0.0304 0.0008 0.0142 0.0015 0.0720 0.0018 0.8682 0.0026 
        NC02  4 0.0023 0.0011 0.0047 0.0011 0.0129 0.0049 0.0138 0.0025 0.9550 0.0017 
        NC03  4 0.0015 0.0007 0.0041 0.0045 0.0027 0.0011 0.0034 0.0013 0.9795 0.0011 
        NC04  4 0.0007 0.0007 0.0031 0.0010 0.0021 0.0015 0.0059 0.0013 0.9814 0.0025 
        NC05  4 0.0012 0.0011 0.0298 0.0035 0.0020 0.0030 0.0157 0.0036 0.9253 0.0149 
        NC06  4 0.0500 0.0008 0.0051 0.0009 0.0106 0.0113 0.0486 0.0013 0.8692 0.0022 
        NC07  4 0.0007 0.0008 0.0021 0.0006 0.0022 0.0012 0.0067 0.0013 0.9815 0.0027 
        NC08  4 0.0010 0.0007 0.0028 0.0019 0.0531 0.0031 0.0138 0.0018 0.9202 0.0016 
        NC09  4 0.0017 0.0013 0.0026 0.0017 0.0042 0.0025 0.0113 0.0036 0.9672 0.0039 
        NC10  4 0.0014 0.0011 0.0022 0.0008 0.0560 0.0016 0.1504 0.0010 0.7844 0.0011 
        NC11  4 0.0013 0.0014 0.0050 0.0014 0.0024 0.0027 0.0302 0.0051 0.9478 0.0026 
        NC12  4 0.0011 0.0009 0.0026 0.0008 0.0011 0.0019 0.0061 0.0017 0.9822 0.0016 
        NC13  4 0.0007 0.0009 0.0046 0.0114 0.0021 0.0011 0.0054 0.0027 0.9690 0.0021 
        NC14  4 0.0024 0.0013 0.0122 0.0008 0.0051 0.0018 0.0100 0.0018 0.9628 0.0017 
        NC15  4 0.0012 0.0006 0.0035 0.0019 0.0024 0.0033 0.0074 0.0168 0.9612 0.0016 
        NC16  4 0.0036 0.0013 0.0176 0.0008 0.0058 0.0016 0.0188 0.0033 0.9459 0.0013 
        NC18  4 0.0009 0.0010 0.0040 0.0012 0.0062 0.0031 0.0087 0.0023 0.9713 0.0013 
        NC19  4 0.0009 0.0007 0.0019 0.0007 0.0014 0.0011 0.0029 0.0012 0.9879 0.0013 
        NC20  4 0.0049 0.0009 0.0031 0.0071 0.0711 0.0245 0.0595 0.0015 0.8212 0.0062 
        NC21  4 0.0028 0.0010 0.0062 0.0038 0.0639 0.0014 0.0069 0.0018 0.9088 0.0035 
        NC22  4 0.0017 0.0009 0.0015 0.0022 0.0171 0.0146 0.0419 0.0022 0.9163 0.0015 
        NC23  4 0.0038 0.0007 0.0042 0.0011 0.0137 0.0016 0.0157 0.0030 0.9549 0.0012 
        NC24  4 0.0009 0.0009 0.0020 0.0007 0.0011 0.0020 0.0040 0.0022 0.9845 0.0018 
      SAND01  4 0.0006 0.0009 0.0014 0.0006 0.9850 0.0011 0.0037 0.0011 0.0033 0.0023 
      SAND02  4 0.0005 0.0007 0.0032 0.0006 0.9655 0.0076 0.0124 0.0022 0.0032 0.0042 
      SAND03  4 0.0005 0.0006 0.0012 0.0006 0.9888 0.0010 0.0033 0.0009 0.0021 0.0012 
      SAND04  4 0.0007 0.0008 0.0018 0.0008 0.9867 0.0013 0.0025 0.0014 0.0028 0.0011 
      SAND05  4 0.0006 0.0010 0.0015 0.0007 0.9870 0.0012 0.0030 0.0011 0.0026 0.0013 
      SAND06  4 0.0008 0.0010 0.0022 0.0007 0.9812 0.0013 0.0043 0.0012 0.0061 0.0012 
      SAND07  4 0.0006 0.0009 0.0013 0.0006 0.9846 0.0013 0.0042 0.0014 0.0031 0.0019 
      SAND08  4 0.0015 0.0007 0.0017 0.0006 0.9279 0.0018 0.0072 0.0014 0.0560 0.0011 
      SAND09  4 0.0013 0.0077 0.0035 0.0012 0.7597 0.0020 0.0946 0.0053 0.1218 0.0029 
      SAND10  4 0.0012 0.0005 0.0029 0.0006 0.9220 0.0063 0.0065 0.0075 0.0431 0.0093 
      SAND11  4 0.0006 0.0008 0.0018 0.0009 0.9843 0.0014 0.0050 0.0011 0.0024 0.0017 
      SAND12  4 0.0005 0.0009 0.0015 0.0007 0.9866 0.0013 0.0028 0.0012 0.0031 0.0014 
      SAND13  4 0.0012 0.0006 0.0030 0.0006 0.9219 0.0058 0.0068 0.0079 0.0425 0.0097 
      SAND14  4 0.0011 0.0008 0.0043 0.0010 0.9298 0.0147 0.0143 0.0068 0.0169 0.0103 
      SAND15  4 0.0010 0.0007 0.0016 0.0013 0.9854 0.0011 0.0036 0.0011 0.0029 0.0015 
      SAND16  4 0.0051 0.0161 0.0102 0.0010 0.9216 0.0012 0.0084 0.0044 0.0304 0.0016 
      SAND17  4 0.0005 0.0008 0.0016 0.0006 0.9827 0.0012 0.0063 0.0010 0.0033 0.0018 
      SAND18  4 0.0006 0.0006 0.0014 0.0006 0.9870 0.0011 0.0037 0.0011 0.0027 0.0010 
      SAND19  4 0.0005 0.0007 0.0014 0.0007 0.9880 0.0009 0.0031 0.0011 0.0024 0.0011 
      SAND20  4 0.0006 0.0007 0.0012 0.0007 0.9495 0.0013 0.0047 0.0014 0.0386 0.0014 
      SAND21  4 0.0007 0.0007 0.0014 0.0006 0.9815 0.0013 0.0069 0.0013 0.0042 0.0014 
      SAND22  4 0.0005 0.0006 0.0015 0.0006 0.9527 0.0010 0.0179 0.0010 0.0231 0.0012 
      SAND23  4 0.0006 0.0007 0.0016 0.0008 0.9843 0.0013 0.0060 0.0011 0.0024 0.0012 
      SAND24  4 0.0008 0.0009 0.0026 0.0010 0.0015 0.0023 0.9840 0.0015 0.0035 0.0019 
      SAND25  4 0.0032 0.0045 0.0056 0.0010 0.9618 0.0016 0.0029 0.0038 0.0137 0.0016 
      SAND26  4 0.0007 0.0006 0.0013 0.0006 0.9867 0.0011 0.0025 0.0009 0.0042 0.0013 
      SAND27  4 0.0007 0.0012 0.0025 0.0015 0.6237 0.0021 0.0112 0.0015 0.3538 0.0018 
      SAND28  4 0.0006 0.0006 0.0015 0.0008 0.9857 0.0014 0.0041 0.0011 0.0031 0.0011 
      SAND29  4 0.0006 0.0006 0.0014 0.0006 0.9878 0.0011 0.0034 0.0011 0.0024 0.0010 
      SAND30  4 0.0017 0.0007 0.0016 0.0011 0.9644 0.0010 0.0167 0.0010 0.0103 0.0014 
      SAND31  4 0.0007 0.0009 0.0017 0.0007 0.9816 0.0014 0.0025 0.0013 0.0072 0.0021 
      SAND32  4 0.0040 0.0008 0.0027 0.0007 0.8501 0.0025 0.0050 0.0025 0.1293 0.0024 
      SAND33  4 0.0008 0.0016 0.0019 0.0014 0.9691 0.0031 0.0081 0.0027 0.0069 0.0044 
      SAND34  4 0.0006 0.0008 0.0015 0.0008 0.9850 0.0011 0.0040 0.0011 0.0038 0.0013 
      SAND35  4 0.0004 0.0005 0.0011 0.0006 0.9899 0.0010 0.0021 0.0009 0.0021 0.0012 
      SAND36  4 0.0006 0.0007 0.0020 0.0006 0.9674 0.0012 0.0198 0.0011 0.0054 0.0012 
      SAND37  4 0.0005 0.0008 0.0017 0.0008 0.9573 0.0011 0.0239 0.0010 0.0117 0.0013 
      SAND38  4 0.0008 0.0013 0.0021 0.0007 0.9707 0.0016 0.0075 0.0013 0.0124 0.0016 
      SAND39  4 0.0008 0.0008 0.0018 0.0008 0.9304 0.0013 0.0066 0.0011 0.0553 0.0011 
      SAND40  4 0.0010 0.0016 0.0053 0.0017 0.9565 0.0095 0.0094 0.0034 0.0076 0.0040 
      SAND41  4 0.0005 0.0006 0.0024 0.0007 0.9726 0.0024 0.0100 0.0016 0.0069 0.0024 
      SAND42  4 0.0011 0.0035 0.0029 0.0014 0.9596 0.0031 0.0154 0.0029 0.0066 0.0036 
      SAND43  4 0.0008 0.0014 0.0027 0.0014 0.6333 0.0022 0.3207 0.0028 0.0315 0.0031 
      SAND44  4 0.0005 0.0006 0.0012 0.0006 0.9879 0.0012 0.0026 0.0011 0.0030 0.0012 
       Hon01  5 0.9518 0.0007 0.0036 0.0011 0.0083 0.0021 0.0028 0.0018 0.0247 0.0030 
       Hon02  5 0.9869 0.0009 0.0018 0.0011 0.0013 0.0012 0.0020 0.0011 0.0027 0.0009 
       Hon03  5 0.7498 0.0005 0.0065 0.1445 0.0745 0.0036 0.0032 0.0113 0.0035 0.0027 
       Hon04  5 0.9775 0.0006 0.0019 0.0007 0.0069 0.0020 0.0019 0.0017 0.0053 0.0014 
       Hon05  5 0.9783 0.0008 0.0019 0.0007 0.0012 0.0013 0.0033 0.0018 0.0098 0.0010 
       Hon06  5 0.7706 0.0007 0.0017 0.0005 0.0011 0.0015 0.0019 0.0019 0.2167 0.0033 
       Hon07  5 0.9775 0.0006 0.0024 0.0009 0.0011 0.0015 0.0022 0.0015 0.0110 0.0012 
       Hon08  5 0.9772 0.0031 0.0022 0.0009 0.0009 0.0013 0.0040 0.0026 0.0067 0.0012 
       Hon09  5 0.9236 0.0015 0.0016 0.0010 0.0464 0.0057 0.0033 0.0064 0.0091 0.0014 
       Hon10  5 0.8427 0.0014 0.0035 0.0033 0.0012 0.0506 0.0052 0.0082 0.0799 0.0041 
       Hon11  5 0.9557 0.0041 0.0079 0.0007 0.0016 0.0013 0.0195 0.0016 0.0064 0.0013 
       Hon12  5 0.9878 0.0006 0.0013 0.0009 0.0018 0.0014 0.0018 0.0011 0.0020 0.0011 
       Hon13  5 0.9878 0.0005 0.0015 0.0006 0.0008 0.0014 0.0021 0.0011 0.0030 0.0011 
       Hon14  5 0.8095 0.0013 0.0033 0.0034 0.0007 0.0082 0.0038 0.0034 0.1648 0.0015 
       Hon15  5 0.9865 0.0008 0.0016 0.0008 0.0011 0.0012 0.0014 0.0015 0.0033 0.0017 
       Hon16  5 0.9775 0.0032 0.0022 0.0009 0.0009 0.0013 0.0038 0.0024 0.0066 0.0012 
       Hon17  5 0.7711 0.0168 0.0025 0.0011 0.0021 0.0018 0.0024 0.0019 0.1985 0.0019 
       Hon18  5 0.8933 0.0009 0.0019 0.0048 0.0775 0.0011 0.0112 0.0014 0.0070 0.0011 
       Hon19  5 0.9794 0.0011 0.0021 0.0007 0.0010 0.0021 0.0022 0.0024 0.0038 0.0052 
       Hon20  5 0.9794 0.0007 0.0053 0.0008 0.0008 0.0018 0.0022 0.0023 0.0049 0.0019 
      ERIN01  6 0.0006 0.0007 0.0019 0.0009 0.0006 0.9879 0.0014 0.0022 0.0017 0.0020 
      ERIN02  6 0.0006 0.0007 0.0018 0.0009 0.0006 0.9880 0.0015 0.0023 0.0017 0.0019 
      ERIN03  6 0.0006 0.0007 0.0019 0.0009 0.0006 0.9880 0.0014 0.0022 0.0017 0.0019 
      ERIN04  6 0.0006 0.0007 0.0019 0.0009 0.0006 0.9879 0.0014 0.0023 0.0017 0.0020 
      ERIN05  6 0.0006 0.0007 0.0019 0.0011 0.0006 0.9877 0.0015 0.0023 0.0017 0.0019 
      ERIN06  6 0.0006 0.0007 0.0019 0.0009 0.0006 0.9881 0.0014 0.0022 0.0017 0.0019 
      ERIN07  6 0.0006 0.0007 0.0019 0.0009 0.0006 0.9881 0.0014 0.0022 0.0017 0.0019 
      ERIN08  6 0.0006 0.0007 0.0018 0.0009 0.0006 0.9880 0.0014 0.0023 0.0017 0.0020 
      ERIN09  6 0.0006 0.0007 0.0019 0.0009 0.0006 0.9878 0.0014 0.0024 0.0017 0.0020 
      ERIN10  6 0.0006 0.0007 0.0020 0.0009 0.0006 0.9878 0.0014 0.0023 0.0017 0.0020 
      ERIN11  6 0.0006 0.0008 0.0145 0.0009 0.0006 0.9674 0.0014 0.0025 0.0093 0.0020 
