        TC01  1 0.0024 0.0036 0.0034 0.0047 0.0023 0.0009 0.9179 0.0060 0.0066 0.0020 0.0067 0.0020 0.0089 0.0327 
        TC02  1 0.0029 0.0058 0.0015 0.0017 0.0026 0.0014 0.9441 0.0075 0.0023 0.0022 0.0045 0.0031 0.0084 0.0119 
        TC03  1 0.0015 0.0014 0.0017 0.0026 0.0021 0.0014 0.9527 0.0089 0.0023 0.0023 0.0095 0.0021 0.0057 0.0059 
        TC04  1 0.0064 0.0110 0.0078 0.0114 0.0882 0.0013 0.7900 0.0527 0.0019 0.0020 0.0064 0.0079 0.0054 0.0076 
        TC05  1 0.0036 0.0018 0.0017 0.0010 0.0109 0.0014 0.9550 0.0061 0.0011 0.0014 0.0037 0.0030 0.0055 0.0038 
        TC06  1 0.0049 0.0025 0.0031 0.0023 0.0022 0.0011 0.8393 0.1215 0.0016 0.0016 0.0035 0.0042 0.0075 0.0049 
        TC07  1 0.0020 0.0016 0.0018 0.0013 0.0117 0.0016 0.9361 0.0077 0.0010 0.0025 0.0050 0.0032 0.0040 0.0205 
        TC08  1 0.0016 0.0018 0.0013 0.0009 0.0037 0.0034 0.9586 0.0088 0.0016 0.0011 0.0026 0.0034 0.0056 0.0056 
        TC09  1 0.0020 0.0028 0.0009 0.0014 0.0027 0.0010 0.7900 0.1818 0.0009 0.0014 0.0035 0.0021 0.0051 0.0045 
        TC10  1 0.0012 0.0010 0.0017 0.0010 0.0014 0.0009 0.8929 0.0227 0.0044 0.0011 0.0418 0.0051 0.0041 0.0207 
        TC11  1 0.0015 0.0010 0.0008 0.0014 0.0013 0.0014 0.9641 0.0045 0.0018 0.0011 0.0028 0.0020 0.0023 0.0141 
        TC12  1 0.0056 0.0047 0.0181 0.0053 0.0053 0.0016 0.8830 0.0174 0.0063 0.0018 0.0145 0.0046 0.0186 0.0132 
        TC13  1 0.0010 0.0011 0.0009 0.0010 0.0017 0.0011 0.9655 0.0115 0.0015 0.0016 0.0021 0.0025 0.0037 0.0047 
        TC14  1 0.0016 0.0063 0.0022 0.0040 0.0024 0.0044 0.8157 0.1249 0.0030 0.0042 0.0058 0.0028 0.0140 0.0087 
        TC15  1 0.0034 0.0027 0.0024 0.0021 0.0024 0.0018 0.8561 0.0982 0.0023 0.0055 0.0037 0.0050 0.0106 0.0037 
        TC16  1 0.0032 0.0053 0.0093 0.0023 0.0056 0.0066 0.7081 0.2371 0.0016 0.0015 0.0033 0.0043 0.0065 0.0051 
        TC17  1 0.0619 0.0338 0.0011 0.0038 0.0079 0.0058 0.7580 0.0679 0.0045 0.0036 0.0087 0.0091 0.0226 0.0111 
        TC18  1 0.0020 0.0010 0.0011 0.0199 0.0279 0.0030 0.8866 0.0151 0.0075 0.0017 0.0149 0.0040 0.0051 0.0101 
        TC19  1 0.0010 0.0019 0.0009 0.0010 0.0018 0.0011 0.9602 0.0158 0.0017 0.0013 0.0027 0.0027 0.0028 0.0051 
        TC20  1 0.0011 0.0020 0.0010 0.0038 0.0023 0.0016 0.9573 0.0135 0.0019 0.0012 0.0026 0.0027 0.0041 0.0049 
        TC21  1 0.0383 0.0011 0.0034 0.0287 0.0323 0.0376 0.7840 0.0183 0.0025 0.0020 0.0031 0.0124 0.0146 0.0217 
        TC22  1 0.0012 0.0011 0.0014 0.0013 0.0024 0.0012 0.8918 0.0127 0.0080 0.0057 0.0034 0.0460 0.0157 0.0081 
        TC23  1 0.0012 0.0020 0.0047 0.0016 0.0015 0.0015 0.9527 0.0074 0.0016 0.0018 0.0050 0.0020 0.0037 0.0132 
        TC24  1 0.0010 0.0009 0.0007 0.0007 0.0018 0.0029 0.9744 0.0061 0.0009 0.0009 0.0029 0.0015 0.0021 0.0031 
        TC25  1 0.0034 0.0008 0.0026 0.0170 0.0019 0.0027 0.7458 0.1530 0.0015 0.0044 0.0083 0.0053 0.0075 0.0456 
        TC26  1 0.0036 0.0015 0.0085 0.0011 0.0016 0.0015 0.9181 0.0428 0.0011 0.0014 0.0034 0.0021 0.0095 0.0037 
        TC27  1 0.0123 0.0011 0.0013 0.0015 0.0046 0.0033 0.9187 0.0159 0.0243 0.0015 0.0037 0.0023 0.0047 0.0047 
        TC28  1 0.0059 0.0023 0.0081 0.0027 0.0047 0.0025 0.9111 0.0359 0.0016 0.0015 0.0052 0.0070 0.0042 0.0073 
        TC29  1 0.0014 0.0069 0.0017 0.0039 0.0288 0.0020 0.8779 0.0450 0.0010 0.0026 0.0106 0.0020 0.0045 0.0116 
        TC30  1 0.0023 0.0037 0.0008 0.0011 0.0018 0.0012 0.9533 0.0158 0.0016 0.0014 0.0050 0.0028 0.0042 0.0049 
        TC31  1 0.0011 0.0012 0.0009 0.0073 0.0040 0.0015 0.9004 0.0068 0.0032 0.0016 0.0113 0.0125 0.0045 0.0437 
        TC32  1 0.0048 0.0013 0.0020 0.0016 0.0026 0.0014 0.8109 0.1067 0.0012 0.0025 0.0033 0.0475 0.0077 0.0066 
        TC33  1 0.0013 0.0009 0.0015 0.0016 0.0028 0.0034 0.9449 0.0080 0.0019 0.0025 0.0049 0.0021 0.0045 0.0197 
        TC34  1 0.0022 0.0011 0.0032 0.0013 0.0023 0.0029 0.8812 0.0775 0.0039 0.0025 0.0080 0.0036 0.0049 0.0054 
        TC35  1 0.0031 0.0186 0.0010 0.0040 0.0040 0.0011 0.8883 0.0194 0.0083 0.0019 0.0044 0.0136 0.0037 0.0287 
        TC36  1 0.0047 0.0021 0.0021 0.0013 0.0026 0.0016 0.9516 0.0099 0.0021 0.0015 0.0049 0.0032 0.0067 0.0057 
        TC37  1 0.0021 0.0040 0.0012 0.0016 0.0018 0.0025 0.9567 0.0037 0.0017 0.0013 0.0042 0.0072 0.0058 0.0062 
        TC38  1 0.0022 0.0119 0.0031 0.0160 0.0045 0.0012 0.8241 0.1086 0.0010 0.0011 0.0065 0.0018 0.0049 0.0130 
        TC39  1 0.0020 0.0067 0.0016 0.0023 0.0019 0.0014 0.7917 0.1676 0.0011 0.0012 0.0043 0.0030 0.0096 0.0055 
        TC40  1 0.0028 0.0018 0.0017 0.0016 0.0023 0.0093 0.8935 0.0528 0.0022 0.0023 0.0141 0.0044 0.0058 0.0054 
        TC41  1 0.0019 0.0010 0.0015 0.0013 0.0023 0.0019 0.9316 0.0057 0.0012 0.0076 0.0029 0.0330 0.0030 0.0050 
        TC42  1 0.0012 0.0022 0.0008 0.0009 0.0025 0.0013 0.9600 0.0154 0.0018 0.0011 0.0029 0.0015 0.0050 0.0033 
        TC43  1 0.0010 0.0033 0.0018 0.0018 0.0022 0.0014 0.9591 0.0114 0.0017 0.0016 0.0035 0.0031 0.0037 0.0044 
        TC44  1 0.0022 0.0079 0.0020 0.0013 0.0016 0.0016 0.8861 0.0621 0.0049 0.0012 0.0039 0.0027 0.0096 0.0130 
        TC45  1 0.0017 0.0017 0.0008 0.0065 0.0021 0.0009 0.9582 0.0048 0.0010 0.0012 0.0025 0.0041 0.0093 0.0054 
        TC46  1 0.0028 0.0011 0.0031 0.0042 0.0041 0.0025 0.9474 0.0074 0.0034 0.0027 0.0043 0.0056 0.0067 0.0046 
        TC47  1 0.0021 0.0024 0.0024 0.0016 0.0019 0.0017 0.9363 0.0276 0.0056 0.0011 0.0034 0.0040 0.0034 0.0064 
        TC48  1 0.0038 0.0023 0.0024 0.0049 0.0031 0.0161 0.8959 0.0122 0.0041 0.0032 0.0055 0.0060 0.0351 0.0054 
        TC49  1 0.0020 0.0011 0.0017 0.0015 0.0029 0.0022 0.9519 0.0064 0.0020 0.0016 0.0024 0.0046 0.0113 0.0085 
        TC50  1 0.0026 0.0016 0.0008 0.0027 0.0023 0.0016 0.9284 0.0072 0.0051 0.0154 0.0138 0.0052 0.0061 0.0072 
        TC51  1 0.0017 0.0012 0.0015 0.0019 0.0025 0.0016 0.8949 0.0533 0.0021 0.0023 0.0031 0.0031 0.0133 0.0175 
        TC52  1 0.0016 0.0008 0.0231 0.0040 0.0021 0.0021 0.9264 0.0119 0.0010 0.0012 0.0157 0.0019 0.0047 0.0034 
        TC53  1 0.0018 0.0065 0.0007 0.0009 0.0042 0.0010 0.9356 0.0144 0.0041 0.0078 0.0038 0.0023 0.0139 0.0031 
        TC54  1 0.0112 0.0017 0.0010 0.0023 0.0032 0.0123 0.8943 0.0308 0.0033 0.0045 0.0108 0.0051 0.0118 0.0076 
        TC55  1 0.0135 0.0014 0.0024 0.0025 0.0020 0.0021 0.8903 0.0415 0.0019 0.0018 0.0087 0.0090 0.0170 0.0057 
        TC56  1 0.0017 0.0046 0.0011 0.0099 0.0049 0.0105 0.9143 0.0104 0.0033 0.0051 0.0069 0.0036 0.0105 0.0132 
        TC57  1 0.0084 0.0062 0.0010 0.0014 0.0035 0.0028 0.9306 0.0080 0.0080 0.0027 0.0053 0.0064 0.0092 0.0066 
        TC58  1 0.0038 0.0015 0.0093 0.0015 0.0016 0.0012 0.9164 0.0113 0.0018 0.0012 0.0029 0.0029 0.0062 0.0384 
        TC59  1 0.0032 0.0013 0.0014 0.0008 0.0015 0.0012 0.9632 0.0099 0.0016 0.0011 0.0035 0.0019 0.0035 0.0059 
        TA01  2 0.0031 0.0066 0.0011 0.0010 0.0020 0.0010 0.9399 0.0219 0.0021 0.0051 0.0042 0.0021 0.0035 0.0063 
        TA02  2 0.0024 0.0097 0.0022 0.0013 0.0047 0.0049 0.9499 0.0063 0.0012 0.0013 0.0066 0.0028 0.0030 0.0037 
        TA03  2 0.0018 0.0392 0.0014 0.0014 0.0028 0.0023 0.9035 0.0121 0.0093 0.0028 0.0067 0.0045 0.0055 0.0067 
        TA04  2 0.0018 0.2259 0.0025 0.0011 0.0015 0.0011 0.4733 0.2595 0.0027 0.0023 0.0066 0.0106 0.0064 0.0047 
        TA05  2 0.0015 0.0023 0.0015 0.0019 0.0039 0.0016 0.9589 0.0068 0.0020 0.0012 0.0047 0.0025 0.0051 0.0061 
        TA06  2 0.0012 0.0025 0.0009 0.0010 0.0012 0.0012 0.9469 0.0257 0.0014 0.0029 0.0026 0.0028 0.0023 0.0074 
        TA07  2 0.0198 0.3283 0.0018 0.0017 0.0100 0.0039 0.5900 0.0061 0.0021 0.0021 0.0064 0.0025 0.0122 0.0132 
        TA08  2 0.0010 0.0098 0.0007 0.0020 0.0011 0.0013 0.9173 0.0322 0.0176 0.0027 0.0036 0.0018 0.0046 0.0042 
        TA09  2 0.0009 0.0114 0.0029 0.0008 0.0016 0.0012 0.9509 0.0133 0.0016 0.0014 0.0046 0.0016 0.0037 0.0040 
        TA10  2 0.0026 0.0071 0.0019 0.0013 0.0046 0.0015 0.8808 0.0139 0.0021 0.0041 0.0027 0.0026 0.0072 0.0676 
        TA11  2 0.0013 0.0048 0.0013 0.0033 0.0021 0.0024 0.8334 0.0388 0.0058 0.0036 0.0040 0.0085 0.0132 0.0774 
        TA12  2 0.0024 0.0093 0.0010 0.0011 0.0562 0.0018 0.8821 0.0063 0.0044 0.0036 0.0027 0.0027 0.0119 0.0147 
        TA13  2 0.0023 0.0049 0.0016 0.0014 0.0115 0.0035 0.7416 0.0731 0.0021 0.0039 0.0049 0.0031 0.1255 0.0206 
        TA14  2 0.0011 0.0141 0.0009 0.0008 0.0017 0.0020 0.9413 0.0167 0.0011 0.0009 0.0091 0.0021 0.0051 0.0031 
        TA15  2 0.0009 0.0048 0.0010 0.0008 0.0026 0.0016 0.9507 0.0126 0.0012 0.0011 0.0029 0.0025 0.0120 0.0054 
        TA16  2 0.0029 0.0121 0.0016 0.0011 0.0111 0.0013 0.8503 0.0697 0.0020 0.0014 0.0035 0.0021 0.0062 0.0348 
        TA17  2 0.0017 0.0013 0.0028 0.0011 0.0047 0.0023 0.9457 0.0099 0.0073 0.0019 0.0057 0.0032 0.0074 0.0049 
        TA18  2 0.0012 0.0016 0.0052 0.0009 0.0018 0.0015 0.8680 0.0069 0.0017 0.0102 0.0023 0.0737 0.0031 0.0218 
        TA19  2 0.0022 0.0025 0.0027 0.0012 0.0042 0.0016 0.8538 0.0426 0.0483 0.0041 0.0045 0.0129 0.0042 0.0151 
        TA20  2 0.0028 0.0024 0.0008 0.0016 0.0257 0.0282 0.9112 0.0088 0.0018 0.0022 0.0035 0.0026 0.0034 0.0050 
        TA21  2 0.0018 0.0051 0.0017 0.0017 0.0038 0.0027 0.8844 0.0678 0.0020 0.0031 0.0066 0.0024 0.0098 0.0072 
        TA22  2 0.0023 0.0021 0.0012 0.0011 0.0015 0.0042 0.9462 0.0211 0.0011 0.0046 0.0030 0.0031 0.0049 0.0036 
        TA23  2 0.0010 0.0076 0.0012 0.0010 0.0015 0.0014 0.9420 0.0278 0.0014 0.0020 0.0028 0.0023 0.0035 0.0045 
        TA24  2 0.0364 0.0014 0.0011 0.0011 0.0020 0.0012 0.9208 0.0088 0.0047 0.0027 0.0074 0.0037 0.0040 0.0046 
        TA25  2 0.0029 0.0011 0.0010 0.0011 0.0049 0.0009 0.8053 0.0128 0.0021 0.0103 0.0025 0.0032 0.0056 0.1463 
        TA26  2 0.0015 0.0115 0.0009 0.0044 0.0023 0.0026 0.8301 0.1096 0.0033 0.0016 0.0035 0.0022 0.0144 0.0119 
        TA27  2 0.0016 0.0020 0.0018 0.0009 0.0060 0.0016 0.9492 0.0102 0.0033 0.0023 0.0058 0.0026 0.0065 0.0062 
        TA28  2 0.0031 0.0125 0.0042 0.0040 0.0049 0.0043 0.9118 0.0114 0.0014 0.0014 0.0239 0.0078 0.0051 0.0042 
        TA29  2 0.0016 0.0015 0.0015 0.0011 0.0024 0.0015 0.9284 0.0348 0.0059 0.0016 0.0030 0.0030 0.0072 0.0066 
        TA30  2 0.0016 0.0099 0.0010 0.0020 0.0024 0.0064 0.6377 0.2938 0.0061 0.0015 0.0040 0.0032 0.0250 0.0057 
      BERM01  3 0.0008 0.0011 0.0010 0.0008 0.0016 0.0009 0.0023 0.9768 0.0010 0.0012 0.0035 0.0019 0.0031 0.0040 
      BERM02  3 0.0010 0.0026 0.0009 0.0011 0.0016 0.0010 0.0050 0.9709 0.0009 0.0014 0.0029 0.0036 0.0039 0.0035 
      BERM03  3 0.0014 0.0012 0.0011 0.0010 0.0015 0.0013 0.0023 0.9726 0.0014 0.0012 0.0022 0.0018 0.0057 0.0053 
      BERM04  3 0.0009 0.0011 0.0013 0.0011 0.0011 0.0010 0.0017 0.9743 0.0020 0.0009 0.0025 0.0015 0.0041 0.0064 
      BERM05  3 0.0015 0.0010 0.0017 0.0015 0.0015 0.0016 0.0016 0.9650 0.0021 0.0028 0.0053 0.0020 0.0049 0.0075 
      BERM06  3 0.0017 0.0041 0.0015 0.0011 0.0013 0.0009 0.0025 0.9722 0.0013 0.0009 0.0025 0.0039 0.0029 0.0033 
      BERM07  3 0.0009 0.0019 0.0010 0.0009 0.0014 0.0014 0.0033 0.9724 0.0019 0.0010 0.0022 0.0020 0.0041 0.0055 
      BERM08  3 0.0008 0.0016 0.0009 0.0012 0.0014 0.0008 0.0029 0.9788 0.0011 0.0015 0.0018 0.0014 0.0020 0.0037 
      BERM09  3 0.0013 0.2322 0.0011 0.0007 0.0011 0.0009 0.0064 0.7415 0.0010 0.0011 0.0019 0.0034 0.0034 0.0041 
      BERM10  3 0.0077 0.0014 0.0011 0.0019 0.0071 0.0011 0.0073 0.9537 0.0053 0.0014 0.0023 0.0021 0.0037 0.0040 
      BERM11  3 0.0010 0.0813 0.0008 0.0015 0.0014 0.0013 0.0035 0.8924 0.0012 0.0014 0.0024 0.0025 0.0033 0.0060 
      BERM12  3 0.0008 0.0023 0.0015 0.0181 0.0013 0.0010 0.0069 0.9211 0.0120 0.0063 0.0153 0.0020 0.0025 0.0088 
      BERM13  3 0.0015 0.0031 0.0107 0.0009 0.0017 0.0013 0.0036 0.9591 0.0015 0.0009 0.0021 0.0049 0.0036 0.0050 
      BERM14  3 0.0008 0.0029 0.0007 0.0008 0.0013 0.0009 0.0057 0.9684 0.0012 0.0014 0.0037 0.0017 0.0037 0.0069 
      CROC01  3 0.0031 0.0027 0.0012 0.0014 0.0028 0.0203 0.0038 0.8951 0.0040 0.0043 0.0193 0.0216 0.0127 0.0076 
      CROC02  3 0.0051 0.0053 0.0153 0.0022 0.0022 0.0019 0.0046 0.9314 0.0015 0.0024 0.0040 0.0080 0.0052 0.0109 
      CROC03  3 0.0013 0.0310 0.0011 0.0025 0.0027 0.0017 0.0031 0.9329 0.0026 0.0014 0.0060 0.0033 0.0040 0.0063 
      CROC04  3 0.0545 0.0011 0.0008 0.0008 0.0019 0.0010 0.1051 0.8135 0.0014 0.0013 0.0054 0.0035 0.0043 0.0056 
      CROC05  3 0.0011 0.0019 0.0011 0.0010 0.0014 0.0010 0.0019 0.9704 0.0010 0.0014 0.0029 0.0019 0.0044 0.0085 
      CROC06  3 0.0403 0.0022 0.0021 0.0018 0.0020 0.0037 0.0093 0.8732 0.0014 0.0162 0.0083 0.0049 0.0025 0.0321 
      CROC07  3 0.0020 0.0059 0.0010 0.0010 0.0015 0.0011 0.0055 0.9621 0.0014 0.0015 0.0025 0.0068 0.0037 0.0041 
      CROC08  3 0.0013 0.0013 0.0008 0.0035 0.0024 0.0130 0.0029 0.9086 0.0018 0.0215 0.0162 0.0022 0.0093 0.0152 
      CROC09  3 0.0012 0.0020 0.0008 0.0011 0.0052 0.0034 0.0019 0.9641 0.0009 0.0013 0.0090 0.0024 0.0027 0.0038 
      CROC10  3 0.0011 0.0017 0.0007 0.0011 0.0013 0.0009 0.0020 0.9702 0.0011 0.0013 0.0021 0.0030 0.0061 0.0075 
      CROC11  3 0.0013 0.0021 0.0008 0.0011 0.0054 0.0032 0.0019 0.9642 0.0010 0.0014 0.0090 0.0023 0.0027 0.0038 
     CROC110  3 0.0045 0.0096 0.0019 0.0009 0.0133 0.0039 0.0057 0.9140 0.0015 0.0011 0.0054 0.0026 0.0316 0.0040 
     CROC116  3 0.0028 0.0023 0.0019 0.0028 0.0039 0.0015 0.0108 0.9067 0.0018 0.0141 0.0330 0.0058 0.0073 0.0052 
      CROC12  3 0.0023 0.0007 0.0031 0.0010 0.0027 0.0014 0.0035 0.9699 0.0010 0.0010 0.0021 0.0028 0.0046 0.0039 
     CROC123  3 0.0008 0.0014 0.0007 0.0010 0.0013 0.0010 0.0026 0.9784 0.0008 0.0007 0.0023 0.0019 0.0042 0.0029 
      CROC13  3 0.0009 0.0011 0.0009 0.0023 0.0013 0.0012 0.0021 0.9714 0.0016 0.0013 0.0022 0.0014 0.0045 0.0078 
      CROC14  3 0.0052 0.0034 0.0007 0.0013 0.0033 0.0032 0.0048 0.8801 0.0008 0.0009 0.0021 0.0022 0.0041 0.0878 
      CROC15  3 0.0017 0.0009 0.0141 0.0032 0.0107 0.0323 0.0045 0.8278 0.0017 0.0011 0.0689 0.0022 0.0106 0.0202 
      CROC16  3 0.0013 0.0012 0.0016 0.0042 0.0018 0.0017 0.0016 0.9586 0.0015 0.0024 0.0096 0.0018 0.0067 0.0059 
      CROC17  3 0.0029 0.0008 0.0007 0.0011 0.0054 0.0010 0.1099 0.8665 0.0010 0.0010 0.0017 0.0021 0.0025 0.0035 
      CROC18  3 0.0010 0.0012 0.0174 0.0069 0.0024 0.0014 0.0052 0.9242 0.0014 0.0061 0.0023 0.0220 0.0048 0.0037 
      CROC19  3 0.0330 0.0033 0.0011 0.0015 0.0066 0.0017 0.0095 0.9144 0.0051 0.0019 0.0047 0.0060 0.0036 0.0076 
     CROC198  3 0.0011 0.0012 0.0007 0.0011 0.0014 0.0013 0.0020 0.9715 0.0029 0.0014 0.0026 0.0016 0.0044 0.0069 
      CROC20  3 0.0015 0.0022 0.0010 0.0016 0.0024 0.0028 0.0021 0.9603 0.0017 0.0019 0.0033 0.0050 0.0068 0.0072 
     CROC202  3 0.0012 0.0010 0.0009 0.0063 0.0014 0.0014 0.0026 0.9602 0.0020 0.0049 0.0027 0.0024 0.0035 0.0095 
      CROC21  3 0.0009 0.0020 0.0014 0.0013 0.0029 0.0016 0.0039 0.9671 0.0012 0.0011 0.0021 0.0025 0.0069 0.0052 
     CROC216  3 0.0018 0.0077 0.0264 0.0021 0.0062 0.0033 0.0159 0.9089 0.0013 0.0015 0.0086 0.0048 0.0057 0.0059 
      CROC22  3 0.0013 0.0091 0.0011 0.0015 0.0366 0.0010 0.0070 0.8940 0.0226 0.0013 0.0024 0.0031 0.0129 0.0061 
      CROC23  3 0.0014 0.0043 0.0010 0.0015 0.0020 0.0011 0.0170 0.9478 0.0014 0.0028 0.0039 0.0038 0.0075 0.0044 
      CROC24  3 0.0014 0.0032 0.0012 0.0023 0.0021 0.0015 0.0031 0.9698 0.0010 0.0013 0.0037 0.0016 0.0034 0.0045 
      CROC25  3 0.0013 0.0023 0.0010 0.0009 0.0012 0.0013 0.0028 0.9719 0.0013 0.0010 0.0030 0.0029 0.0034 0.0058 
     CROC259  3 0.0024 0.0027 0.0010 0.0017 0.0025 0.0013 0.0563 0.8753 0.0019 0.0014 0.0034 0.0018 0.0035 0.0449 
      CROC26  3 0.0010 0.0015 0.0010 0.0014 0.0016 0.0016 0.0979 0.8721 0.0026 0.0019 0.0048 0.0017 0.0029 0.0079 
      CROC27  3 0.0023 0.0440 0.0009 0.0014 0.0041 0.0062 0.0260 0.8881 0.0024 0.0016 0.0102 0.0027 0.0043 0.0058 
      CROC28  3 0.0013 0.0092 0.0007 0.0009 0.0018 0.0009 0.0087 0.9585 0.0010 0.0012 0.0054 0.0014 0.0031 0.0060 
      CROC29  3 0.0018 0.0025 0.0007 0.0011 0.0026 0.0056 0.0032 0.9586 0.0012 0.0016 0.0065 0.0023 0.0077 0.0046 
      CROC30  3 0.0102 0.0010 0.0766 0.0016 0.0027 0.0020 0.0052 0.8777 0.0014 0.0017 0.0056 0.0042 0.0043 0.0059 
      CROC31  3 0.0058 0.0291 0.0012 0.0013 0.0022 0.0012 0.0198 0.8906 0.0012 0.0187 0.0053 0.0039 0.0136 0.0062 
      CROC32  3 0.0015 0.0011 0.0011 0.0009 0.0013 0.0009 0.0027 0.9735 0.0012 0.0010 0.0019 0.0018 0.0043 0.0066 
      CROC33  3 0.0205 0.0110 0.0008 0.0018 0.0052 0.0280 0.0101 0.9028 0.0016 0.0012 0.0077 0.0031 0.0033 0.0028 
      CROC34  3 0.0018 0.0012 0.0036 0.0013 0.0017 0.0016 0.0037 0.9621 0.0026 0.0017 0.0053 0.0028 0.0030 0.0074 
      CROC35  3 0.0270 0.0155 0.0006 0.0012 0.0138 0.0010 0.0238 0.9054 0.0007 0.0008 0.0016 0.0018 0.0022 0.0046 
      CROC36  3 0.0010 0.0009 0.0007 0.0009 0.0011 0.0009 0.0017 0.9774 0.0009 0.0012 0.0026 0.0018 0.0034 0.0054 
      CROC57  3 0.0015 0.0020 0.0010 0.0012 0.0015 0.0019 0.0020 0.9572 0.0014 0.0023 0.0038 0.0019 0.0054 0.0170 
      CROC81  3 0.0018 0.0011 0.0057 0.0075 0.0015 0.0022 0.0024 0.9437 0.0014 0.0032 0.0097 0.0041 0.0083 0.0073 
      CROC84  3 0.0007 0.0024 0.0005 0.0052 0.0011 0.0009 0.0046 0.9653 0.0032 0.0034 0.0046 0.0012 0.0026 0.0044 
        FW01  3 0.0013 0.0047 0.0014 0.0023 0.0017 0.0016 0.0027 0.9664 0.0017 0.0013 0.0037 0.0021 0.0054 0.0037 
        FW02  3 0.0008 0.0021 0.0007 0.0007 0.0010 0.0009 0.0015 0.9803 0.0010 0.0008 0.0019 0.0017 0.0028 0.0039 
        FW03  3 0.0015 0.0026 0.0011 0.0019 0.0013 0.0013 0.0025 0.9719 0.0015 0.0011 0.0037 0.0019 0.0044 0.0034 
        FW04  3 0.0008 0.0020 0.0007 0.0007 0.0010 0.0009 0.0015 0.9804 0.0010 0.0008 0.0018 0.0017 0.0027 0.0039 
        FW05  3 0.0008 0.0021 0.0007 0.0007 0.0010 0.0009 0.0016 0.9803 0.0010 0.0008 0.0018 0.0017 0.0027 0.0039 
        FW06  3 0.0008 0.0020 0.0007 0.0007 0.0010 0.0009 0.0015 0.9803 0.0010 0.0008 0.0018 0.0018 0.0027 0.0039 
        FW07  3 0.0015 0.0025 0.0011 0.0018 0.0013 0.0012 0.0025 0.9721 0.0014 0.0011 0.0037 0.0019 0.0044 0.0034 
        FW08  3 0.0008 0.0020 0.0007 0.0007 0.0010 0.0009 0.0015 0.9804 0.0010 0.0008 0.0018 0.0017 0.0028 0.0039 
        FW09  3 0.0008 0.0020 0.0007 0.0007 0.0010 0.0009 0.0015 0.9804 0.0010 0.0008 0.0018 0.0017 0.0027 0.0039 
        FW10  3 0.0012 0.0026 0.0011 0.0019 0.0014 0.0015 0.0028 0.9685 0.0014 0.0011 0.0051 0.0019 0.0060 0.0034 
       FW100  3 0.0011 0.0027 0.0011 0.0018 0.0015 0.0015 0.0029 0.9696 0.0014 0.0011 0.0041 0.0019 0.0057 0.0034 
       FW101  3 0.0012 0.0026 0.0011 0.0019 0.0014 0.0015 0.0029 0.9684 0.0015 0.0011 0.0050 0.0019 0.0062 0.0034 
       FW102  3 0.0008 0.0020 0.0007 0.0007 0.0010 0.0009 0.0016 0.9803 0.0010 0.0008 0.0018 0.0018 0.0028 0.0039 
       FW103  3 0.0008 0.0020 0.0007 0.0007 0.0010 0.0009 0.0015 0.9804 0.0010 0.0008 0.0018 0.0018 0.0028 0.0038 
       FW104  3 0.0013 0.0048 0.0014 0.0024 0.0016 0.0016 0.0028 0.9664 0.0017 0.0013 0.0037 0.0020 0.0053 0.0038 
       FW105  3 0.0012 0.0026 0.0012 0.0019 0.0014 0.0015 0.0029 0.9684 0.0015 0.0011 0.0051 0.0019 0.0060 0.0034 
       FW106  3 0.0016 0.0181 0.0013 0.0031 0.0065 0.0035 0.0056 0.8450 0.0024 0.0018 0.0152 0.0813 0.0099 0.0046 
       FW107  3 0.0013 0.0044 0.0014 0.0023 0.0017 0.0016 0.0028 0.9667 0.0017 0.0012 0.0037 0.0021 0.0053 0.0038 
       FW108  3 0.0008 0.0020 0.0007 0.0007 0.0010 0.0009 0.0015 0.9803 0.0010 0.0008 0.0018 0.0017 0.0028 0.0040 
       FW109  3 0.0012 0.0026 0.0011 0.0019 0.0014 0.0015 0.0029 0.9686 0.0015 0.0011 0.0051 0.0019 0.0060 0.0034 
        FW11  3 0.0012 0.0026 0.0012 0.0018 0.0015 0.0015 0.0029 0.9698 0.0015 0.0010 0.0040 0.0019 0.0058 0.0034 
       FW110  3 0.0015 0.0027 0.0012 0.0019 0.0013 0.0012 0.0026 0.9717 0.0014 0.0010 0.0036 0.0019 0.0044 0.0034 
       FW111  3 0.0008 0.0021 0.0007 0.0007 0.0010 0.0009 0.0015 0.9802 0.0010 0.0008 0.0018 0.0017 0.0027 0.0039 
       FW112  3 0.0012 0.0025 0.0012 0.0019 0.0015 0.0014 0.0030 0.9699 0.0014 0.0010 0.0040 0.0019 0.0056 0.0034 
       FW113  3 0.0008 0.0020 0.0007 0.0007 0.0010 0.0009 0.0015 0.9804 0.0010 0.0008 0.0018 0.0017 0.0028 0.0040 
       FW114  3 0.0019 0.0023 0.0012 0.0018 0.0014 0.0012 0.0034 0.9707 0.0014 0.0011 0.0038 0.0020 0.0043 0.0034 
       FW115  3 0.0012 0.0026 0.0011 0.0019 0.0015 0.0016 0.0029 0.9683 0.0014 0.0011 0.0051 0.0019 0.0060 0.0034 
       FW116  3 0.0008 0.0020 0.0007 0.0007 0.0010 0.0009 0.0015 0.9803 0.0010 0.0008 0.0018 0.0017 0.0027 0.0040 
        FW12  3 0.0008 0.0020 0.0007 0.0007 0.0010 0.0009 0.0015 0.9805 0.0010 0.0008 0.0018 0.0017 0.0027 0.0039 
        FW13  3 0.0008 0.0020 0.0007 0.0007 0.0011 0.0009 0.0015 0.9804 0.0010 0.0008 0.0018 0.0017 0.0027 0.0039 
        FW14  3 0.0013 0.0050 0.0014 0.0024 0.0016 0.0016 0.0028 0.9664 0.0017 0.0013 0.0037 0.0021 0.0052 0.0037 
        FW15  3 0.0013 0.0048 0.0014 0.0023 0.0016 0.0015 0.0028 0.9667 0.0016 0.0013 0.0038 0.0020 0.0052 0.0037 
        FW16  3 0.0012 0.0027 0.0011 0.0019 0.0014 0.0015 0.0029 0.9683 0.0014 0.0011 0.0050 0.0019 0.0062 0.0034 
        FW17  3 0.0012 0.0027 0.0011 0.0019 0.0015 0.0015 0.0029 0.9684 0.0015 0.0011 0.0051 0.0019 0.0060 0.0034 
        FW18  3 0.0012 0.0026 0.0012 0.0018 0.0014 0.0015 0.0030 0.9695 0.0015 0.0011 0.0040 0.0020 0.0058 0.0034 
        FW19  3 0.0008 0.0020 0.0007 0.0007 0.0010 0.0009 0.0015 0.9803 0.0010 0.0008 0.0019 0.0017 0.0028 0.0039 
        FW20  3 0.0008 0.0020 0.0007 0.0007 0.0010 0.0009 0.0015 0.9803 0.0010 0.0008 0.0018 0.0017 0.0028 0.0040 
        FW21  3 0.0008 0.0020 0.0007 0.0007 0.0010 0.0009 0.0015 0.9805 0.0010 0.0008 0.0018 0.0017 0.0027 0.0039 
        FW22  3 0.0012 0.0025 0.0011 0.0019 0.0015 0.0015 0.0030 0.9698 0.0014 0.0010 0.0041 0.0019 0.0056 0.0034 
        FW23  3 0.0008 0.0020 0.0007 0.0007 0.0011 0.0009 0.0016 0.9802 0.0010 0.0008 0.0018 0.0017 0.0028 0.0039 
        FW24  3 0.0008 0.0020 0.0007 0.0007 0.0010 0.0009 0.0015 0.9803 0.0010 0.0008 0.0019 0.0017 0.0027 0.0039 
        FW25  3 0.0008 0.0022 0.0007 0.0007 0.0010 0.0009 0.0015 0.9802 0.0010 0.0008 0.0018 0.0017 0.0028 0.0039 
        FW26  3 0.0008 0.0021 0.0007 0.0007 0.0010 0.0009 0.0015 0.9804 0.0010 0.0008 0.0018 0.0017 0.0027 0.0039 
        FW27  3 0.0012 0.0026 0.0011 0.0019 0.0014 0.0015 0.0029 0.9685 0.0015 0.0010 0.0050 0.0019 0.0062 0.0034 
        FW28  3 0.0008 0.0020 0.0007 0.0007 0.0010 0.0009 0.0015 0.9803 0.0010 0.0008 0.0018 0.0017 0.0027 0.0039 
        FW29  3 0.0008 0.0021 0.0007 0.0007 0.0010 0.0009 0.0015 0.9803 0.0010 0.0008 0.0018 0.0018 0.0027 0.0039 
        FW30  3 0.0015 0.0174 0.0014 0.0032 0.0063 0.0034 0.0055 0.8454 0.0024 0.0018 0.0153 0.0823 0.0092 0.0047 
        FW32  3 0.0013 0.0049 0.0014 0.0023 0.0017 0.0016 0.0028 0.9660 0.0017 0.0013 0.0038 0.0021 0.0054 0.0038 
        FW33  3 0.0008 0.0021 0.0007 0.0007 0.0010 0.0009 0.0016 0.9799 0.0010 0.0008 0.0018 0.0019 0.0029 0.0040 
        FW34  3 0.0008 0.0019 0.0007 0.0007 0.0010 0.0009 0.0015 0.9804 0.0010 0.0008 0.0018 0.0017 0.0027 0.0039 
        FW35  3 0.0008 0.0020 0.0007 0.0007 0.0011 0.0009 0.0015 0.9804 0.0010 0.0008 0.0018 0.0017 0.0027 0.0039 
        FW36  3 0.0008 0.0020 0.0007 0.0007 0.0010 0.0009 0.0016 0.9803 0.0010 0.0008 0.0018 0.0017 0.0027 0.0040 
        FW37  3 0.0012 0.0026 0.0011 0.0019 0.0015 0.0015 0.0029 0.9684 0.0014 0.0010 0.0051 0.0019 0.0061 0.0034 
        FW51  3 0.0008 0.0021 0.0007 0.0007 0.0010 0.0009 0.0015 0.9803 0.0010 0.0008 0.0018 0.0017 0.0028 0.0039 
        FW52  3 0.0013 0.0026 0.0012 0.0019 0.0015 0.0015 0.0029 0.9682 0.0014 0.0011 0.0051 0.0019 0.0061 0.0034 
        FW53  3 0.0008 0.0020 0.0007 0.0007 0.0010 0.0009 0.0015 0.9804 0.0010 0.0008 0.0018 0.0017 0.0027 0.0039 
        FW54  3 0.0015 0.0025 0.0011 0.0019 0.0013 0.0012 0.0025 0.9720 0.0014 0.0010 0.0036 0.0019 0.0045 0.0033 
        FW55  3 0.0008 0.0019 0.0007 0.0007 0.0010 0.0009 0.0015 0.9805 0.0010 0.0008 0.0018 0.0017 0.0027 0.0039 
        FW56  3 0.0008 0.0021 0.0007 0.0007 0.0010 0.0009 0.0015 0.9803 0.0010 0.0008 0.0018 0.0017 0.0028 0.0039 
        FW57  3 0.0008 0.0020 0.0007 0.0007 0.0010 0.0009 0.0015 0.9804 0.0010 0.0008 0.0018 0.0018 0.0027 0.0039 
        FW78  3 0.0008 0.0020 0.0007 0.0007 0.0010 0.0009 0.0015 0.9804 0.0010 0.0008 0.0018 0.0017 0.0027 0.0039 
        FW79  3 0.0008 0.0020 0.0007 0.0007 0.0010 0.0009 0.0016 0.9803 0.0010 0.0008 0.0018 0.0017 0.0027 0.0039 
        FW80  3 0.0008 0.0020 0.0008 0.0007 0.0011 0.0009 0.0015 0.9803 0.0010 0.0008 0.0018 0.0017 0.0027 0.0038 
        FW81  3 0.0015 0.0027 0.0011 0.0019 0.0013 0.0012 0.0024 0.9717 0.0015 0.0010 0.0037 0.0019 0.0045 0.0034 
        FW82  3 0.0012 0.0026 0.0011 0.0019 0.0014 0.0015 0.0029 0.9687 0.0014 0.0010 0.0050 0.0019 0.0060 0.0034 
        FW83  3 0.0013 0.0049 0.0013 0.0022 0.0016 0.0016 0.0027 0.9666 0.0017 0.0012 0.0037 0.0021 0.0052 0.0038 
        FW84  3 0.0008 0.0020 0.0007 0.0007 0.0010 0.0009 0.0015 0.9803 0.0010 0.0008 0.0018 0.0017 0.0028 0.0039 
        FW85  3 0.0046 0.0051 0.0011 0.0064 0.0022 0.0012 0.0073 0.9133 0.0014 0.0010 0.0442 0.0019 0.0069 0.0033 
        FW86  3 0.0012 0.0028 0.0012 0.0018 0.0014 0.0015 0.0029 0.9695 0.0014 0.0011 0.0041 0.0020 0.0056 0.0034 
        FW87  3 0.0012 0.0028 0.0011 0.0018 0.0014 0.0015 0.0029 0.9698 0.0014 0.0010 0.0040 0.0019 0.0057 0.0034 
        FW88  3 0.0008 0.0020 0.0007 0.0007 0.0010 0.0009 0.0015 0.9803 0.0010 0.0008 0.0019 0.0018 0.0028 0.0039 
        FW89  3 0.0008 0.0020 0.0007 0.0007 0.0010 0.0009 0.0015 0.9803 0.0010 0.0008 0.0018 0.0017 0.0028 0.0039 
        FW90  3 0.0008 0.0020 0.0007 0.0007 0.0010 0.0009 0.0015 0.9804 0.0010 0.0008 0.0018 0.0017 0.0027 0.0039 
        FW91  3 0.0012 0.0027 0.0012 0.0018 0.0015 0.0014 0.0030 0.9684 0.0015 0.0011 0.0050 0.0019 0.0060 0.0034 
        FW92  3 0.0008 0.0020 0.0007 0.0007 0.0010 0.0009 0.0015 0.9803 0.0010 0.0008 0.0019 0.0017 0.0028 0.0039 
        FW93  3 0.0008 0.0019 0.0007 0.0007 0.0010 0.0009 0.0015 0.9805 0.0010 0.0008 0.0018 0.0017 0.0028 0.0039 
        FW94  3 0.0012 0.0027 0.0012 0.0020 0.0015 0.0014 0.0029 0.9684 0.0014 0.0011 0.0049 0.0019 0.0061 0.0034 
        FW95  3 0.0008 0.0020 0.0007 0.0007 0.0011 0.0009 0.0016 0.9803 0.0010 0.0008 0.0018 0.0017 0.0028 0.0039 
        FW96  3 0.0008 0.0019 0.0007 0.0007 0.0010 0.0009 0.0015 0.9804 0.0010 0.0008 0.0018 0.0017 0.0027 0.0039 
        FW97  3 0.0028 0.0050 0.0210 0.0024 0.0035 0.0026 0.0029 0.9073 0.0105 0.0025 0.0068 0.0038 0.0042 0.0248 
        FW98  3 0.0016 0.0026 0.0012 0.0019 0.0013 0.0012 0.0025 0.9718 0.0014 0.0011 0.0037 0.0019 0.0044 0.0034 
        FW99  3 0.0008 0.0019 0.0007 0.0007 0.0010 0.0009 0.0015 0.9806 0.0010 0.0008 0.0018 0.0017 0.0027 0.0039 
       Cal01  3 0.0012 0.0035 0.0008 0.0012 0.0027 0.0021 0.0036 0.9636 0.0013 0.0024 0.0064 0.0014 0.0040 0.0057 
       Cal02  3 0.0014 0.0012 0.0010 0.0015 0.0022 0.0011 0.0025 0.9642 0.0012 0.0014 0.0029 0.0068 0.0071 0.0056 
       Cal03  3 0.0012 0.0016 0.0009 0.0011 0.0015 0.0010 0.0019 0.9747 0.0009 0.0017 0.0062 0.0018 0.0028 0.0027 
       Cal04  3 0.0113 0.0007 0.0021 0.0019 0.0077 0.0017 0.0055 0.9336 0.0172 0.0016 0.0044 0.0035 0.0034 0.0053 
       Cal05  3 0.0007 0.0052 0.0007 0.0009 0.0011 0.0008 0.0062 0.9744 0.0010 0.0007 0.0017 0.0018 0.0019 0.0028 
       Cal06  3 0.0218 0.0027 0.0018 0.0012 0.0023 0.0014 0.0272 0.9095 0.0010 0.0041 0.0043 0.0036 0.0050 0.0142 
       Cal07  3 0.0010 0.0040 0.0014 0.0008 0.0012 0.0009 0.0230 0.9568 0.0008 0.0008 0.0021 0.0015 0.0025 0.0034 
       Cal08  3 0.0015 0.0012 0.0008 0.0019 0.0023 0.0015 0.0032 0.9585 0.0032 0.0021 0.0068 0.0019 0.0038 0.0114 
       Cal09  3 0.0009 0.0012 0.0008 0.0027 0.0013 0.0011 0.0296 0.9384 0.0013 0.0010 0.0018 0.0020 0.0141 0.0038 
       Cal10  3 0.0041 0.0019 0.0012 0.0014 0.0042 0.0033 0.0037 0.9621 0.0016 0.0015 0.0045 0.0019 0.0047 0.0038 
       Cal11  3 0.0013 0.0019 0.0014 0.0010 0.0014 0.0012 0.0039 0.9129 0.0019 0.0011 0.0024 0.0033 0.0047 0.0616 
      Cal197  3 0.0060 0.0013 0.0009 0.0007 0.0018 0.0019 0.0033 0.9719 0.0007 0.0018 0.0017 0.0019 0.0030 0.0030 
      Cal198  3 0.0044 0.0016 0.0036 0.0008 0.0018 0.0410 0.0536 0.8706 0.0019 0.0072 0.0055 0.0017 0.0032 0.0031 
      Cal199  3 0.0010 0.0086 0.0007 0.0013 0.0014 0.0009 0.0016 0.9117 0.0337 0.0162 0.0132 0.0022 0.0031 0.0044 
      Cal200  3 0.0057 0.0364 0.0007 0.0013 0.0019 0.0013 0.0041 0.9113 0.0008 0.0021 0.0190 0.0017 0.0039 0.0097 
      Cal201  3 0.0009 0.0072 0.0007 0.0007 0.0022 0.0009 0.0067 0.9611 0.0008 0.0008 0.0028 0.0021 0.0084 0.0048 
      Cal202  3 0.0008 0.0037 0.0006 0.0058 0.0069 0.0017 0.0044 0.9216 0.0033 0.0010 0.0362 0.0020 0.0080 0.0039 
      Cal203  3 0.0015 0.0040 0.0006 0.0013 0.0014 0.0015 0.0021 0.9569 0.0017 0.0017 0.0039 0.0030 0.0051 0.0154 
      Cal204  3 0.0015 0.0033 0.0006 0.0017 0.0016 0.0010 0.0032 0.9517 0.0013 0.0061 0.0101 0.0062 0.0049 0.0070 
      Cal205  3 0.0010 0.0027 0.0008 0.0012 0.0032 0.0011 0.0030 0.9643 0.0013 0.0018 0.0080 0.0030 0.0057 0.0029 
      Cal206  3 0.0013 0.0022 0.0017 0.0019 0.0021 0.0012 0.0018 0.9697 0.0013 0.0020 0.0023 0.0022 0.0059 0.0045 
      Cal207  3 0.0011 0.0029 0.0007 0.0009 0.0020 0.0022 0.0046 0.9405 0.0008 0.0322 0.0037 0.0016 0.0034 0.0034 
      Cal208  3 0.0016 0.0007 0.0008 0.0011 0.0016 0.0042 0.0021 0.9717 0.0015 0.0009 0.0023 0.0023 0.0045 0.0046 
      Cal209  3 0.0008 0.0017 0.0009 0.0011 0.0015 0.0009 0.0017 0.9781 0.0012 0.0012 0.0018 0.0015 0.0035 0.0042 
      Cal210  3 0.0011 0.0079 0.0007 0.0014 0.0014 0.0009 0.0016 0.9124 0.0330 0.0163 0.0135 0.0023 0.0032 0.0045 
      Cal211  3 0.0017 0.0063 0.0015 0.0008 0.0014 0.0009 0.0031 0.9670 0.0011 0.0012 0.0055 0.0023 0.0033 0.0040 
      Cal212  3 0.0020 0.0138 0.0017 0.0010 0.0015 0.0010 0.0030 0.9468 0.0015 0.0035 0.0134 0.0033 0.0040 0.0037 
      Cal213  3 0.0046 0.0060 0.0071 0.0012 0.0226 0.0287 0.0513 0.8577 0.0014 0.0035 0.0087 0.0015 0.0030 0.0028 
      Cal214  3 0.0047 0.0008 0.0008 0.0015 0.0031 0.0083 0.0023 0.9083 0.0360 0.0057 0.0028 0.0018 0.0192 0.0048 
      Cal215  3 0.0016 0.0016 0.0023 0.0028 0.0023 0.0017 0.0022 0.9581 0.0060 0.0025 0.0039 0.0018 0.0052 0.0079 
      Cal216  3 0.0008 0.0028 0.0018 0.0011 0.0013 0.0011 0.0045 0.9673 0.0008 0.0015 0.0046 0.0024 0.0044 0.0055 
      Cal217  3 0.0012 0.0019 0.0007 0.0007 0.0014 0.0008 0.0033 0.9749 0.0009 0.0014 0.0027 0.0019 0.0036 0.0046 
      Cal218  3 0.0017 0.0534 0.0018 0.0009 0.0014 0.0009 0.0029 0.9185 0.0014 0.0019 0.0052 0.0026 0.0037 0.0036 
      Cal219  3 0.0010 0.0012 0.0010 0.0011 0.0024 0.0013 0.0025 0.9715 0.0013 0.0011 0.0021 0.0036 0.0057 0.0043 
      Cal220  3 0.0012 0.0012 0.0012 0.0008 0.0019 0.0011 0.0025 0.9065 0.0020 0.0018 0.0033 0.0660 0.0042 0.0064 
      Cal221  3 0.0031 0.0045 0.0013 0.0010 0.0013 0.0009 0.0025 0.9608 0.0041 0.0019 0.0081 0.0043 0.0030 0.0033 
      Cal222  3 0.0013 0.0044 0.0009 0.0011 0.0015 0.0011 0.0028 0.9570 0.0098 0.0034 0.0074 0.0026 0.0025 0.0043 
      Cal223  3 0.0033 0.0171 0.0025 0.0012 0.0032 0.0020 0.1210 0.8193 0.0027 0.0026 0.0098 0.0037 0.0037 0.0080 
      Cal224  3 0.0013 0.0019 0.0145 0.0083 0.0029 0.0227 0.0040 0.8392 0.0016 0.0658 0.0200 0.0016 0.0030 0.0132 
       Cal33  3 0.0018 0.0012 0.0016 0.0011 0.0045 0.0009 0.0026 0.9694 0.0012 0.0011 0.0026 0.0020 0.0063 0.0036 
       Cal34  3 0.0008 0.0013 0.0008 0.0018 0.0018 0.0054 0.0135 0.9396 0.0012 0.0010 0.0020 0.0158 0.0112 0.0039 
       Cal35  3 0.0011 0.0018 0.0008 0.0010 0.0023 0.0009 0.0044 0.9725 0.0009 0.0012 0.0041 0.0021 0.0034 0.0035 
       Cal37  3 0.0048 0.0026 0.0083 0.0011 0.0071 0.0008 0.0188 0.8941 0.0010 0.0019 0.0111 0.0054 0.0393 0.0036 
       Cal38  3 0.0011 0.0028 0.0006 0.0006 0.0013 0.0009 0.0032 0.9769 0.0012 0.0008 0.0021 0.0018 0.0030 0.0037 
       Cal39  3 0.0008 0.0026 0.0011 0.0024 0.0012 0.0010 0.0027 0.9745 0.0015 0.0014 0.0018 0.0018 0.0030 0.0041 
       Cal40  3 0.0008 0.0016 0.0009 0.0011 0.0015 0.0009 0.0017 0.9780 0.0012 0.0011 0.0018 0.0015 0.0035 0.0042 
       Cal41  3 0.0008 0.0011 0.0012 0.0010 0.0014 0.0009 0.0022 0.9790 0.0012 0.0010 0.0019 0.0015 0.0028 0.0042 
       Cal42  3 0.0010 0.0020 0.0016 0.0014 0.0019 0.0012 0.0016 0.9663 0.0015 0.0014 0.0026 0.0014 0.0075 0.0087 
       Cal43  3 0.0020 0.0032 0.0013 0.0008 0.0020 0.0013 0.0032 0.9687 0.0014 0.0011 0.0022 0.0037 0.0043 0.0046 
       Cal44  3 0.0018 0.0148 0.0013 0.0010 0.0013 0.0020 0.0026 0.8395 0.0017 0.0025 0.0058 0.1156 0.0035 0.0066 
        BW41  3 0.0014 0.0133 0.0028 0.0318 0.0017 0.0054 0.0035 0.8932 0.0019 0.0015 0.0056 0.0048 0.0279 0.0050 
        BW42  3 0.0018 0.0017 0.0229 0.0009 0.0167 0.0014 0.0038 0.9357 0.0014 0.0010 0.0021 0.0021 0.0032 0.0051 
        BW44  3 0.0013 0.0492 0.0017 0.0008 0.0020 0.0016 0.0076 0.9177 0.0012 0.0011 0.0033 0.0024 0.0038 0.0063 
        BW45  3 0.0008 0.0508 0.0007 0.0007 0.0011 0.0007 0.0033 0.9299 0.0008 0.0008 0.0021 0.0017 0.0027 0.0039 
        BW46  3 0.0016 0.0014 0.0012 0.0011 0.0019 0.0012 0.0022 0.9693 0.0012 0.0016 0.0046 0.0026 0.0061 0.0041 
        BW47  3 0.0010 0.0016 0.0140 0.0052 0.0019 0.0009 0.0057 0.9051 0.0009 0.0025 0.0051 0.0500 0.0026 0.0034 
        BW48  3 0.0028 0.0225 0.0021 0.0041 0.0028 0.0027 0.0056 0.9180 0.0033 0.0060 0.0040 0.0060 0.0116 0.0083 
        BW49  3 0.0009 0.0022 0.0015 0.0009 0.0030 0.0009 0.0232 0.9424 0.0011 0.0014 0.0024 0.0028 0.0079 0.0094 
        BW50  3 0.0012 0.0011 0.0020 0.0011 0.0015 0.0011 0.0021 0.9757 0.0010 0.0010 0.0020 0.0019 0.0034 0.0048 
        BW51  3 0.0009 0.0119 0.0008 0.0008 0.0012 0.0010 0.0245 0.9447 0.0012 0.0009 0.0020 0.0020 0.0043 0.0037 
        BW52  3 0.0012 0.0012 0.0009 0.0009 0.0013 0.0012 0.0032 0.9406 0.0013 0.0009 0.0020 0.0024 0.0040 0.0389 
        BW53  3 0.0016 0.0020 0.0081 0.0013 0.0017 0.0012 0.0039 0.9249 0.0010 0.0012 0.0104 0.0317 0.0075 0.0036 
        BW54  3 0.0023 0.0036 0.0951 0.0047 0.0027 0.0012 0.0076 0.7875 0.0020 0.0016 0.0250 0.0577 0.0040 0.0051 
        BW55  3 0.0023 0.0025 0.0009 0.0013 0.0018 0.0017 0.0026 0.9598 0.0018 0.0012 0.0073 0.0026 0.0031 0.0112 
        BW56  3 0.0020 0.0017 0.0008 0.0031 0.0018 0.0010 0.0033 0.9707 0.0011 0.0019 0.0036 0.0021 0.0026 0.0044 
        BW57  3 0.0015 0.0015 0.0015 0.0010 0.0024 0.0011 0.0070 0.9632 0.0010 0.0014 0.0047 0.0063 0.0037 0.0038 
        BW58  3 0.0009 0.0015 0.0010 0.0012 0.0019 0.0016 0.0047 0.9717 0.0011 0.0008 0.0019 0.0045 0.0040 0.0033 
        BW59  3 0.0098 0.0016 0.0006 0.0009 0.0011 0.0008 0.0026 0.9631 0.0010 0.0078 0.0020 0.0019 0.0032 0.0035 
        BW60  3 0.0009 0.0012 0.0007 0.0010 0.0018 0.0010 0.0031 0.9737 0.0010 0.0012 0.0040 0.0023 0.0032 0.0049 
        BW61  3 0.0026 0.0132 0.0012 0.0748 0.0206 0.0014 0.0047 0.8627 0.0014 0.0011 0.0031 0.0021 0.0039 0.0074 
        BW62  3 0.0024 0.0183 0.0084 0.0020 0.0019 0.0012 0.0038 0.9214 0.0012 0.0012 0.0253 0.0047 0.0041 0.0042 
        BW63  3 0.0036 0.0133 0.0178 0.0015 0.0053 0.0018 0.0364 0.8499 0.0013 0.0023 0.0450 0.0086 0.0090 0.0043 
        BW64  3 0.0012 0.0020 0.0048 0.0008 0.0026 0.0011 0.0025 0.9718 0.0010 0.0009 0.0031 0.0016 0.0023 0.0042 
        BW65  3 0.0014 0.1338 0.0020 0.0070 0.0080 0.0099 0.0081 0.7536 0.0027 0.0056 0.0125 0.0170 0.0290 0.0094 
        BW66  3 0.0016 0.0077 0.0016 0.0027 0.0022 0.0020 0.0158 0.9183 0.0016 0.0010 0.0049 0.0021 0.0028 0.0357 
        BW67  3 0.0007 0.1723 0.0007 0.0008 0.0012 0.0009 0.0022 0.8089 0.0009 0.0008 0.0021 0.0017 0.0024 0.0042 
        BW68  3 0.0018 0.0080 0.0071 0.0040 0.0037 0.0015 0.0079 0.9310 0.0011 0.0055 0.0057 0.0080 0.0108 0.0039 
        BW69  3 0.0012 0.0018 0.0011 0.0479 0.0015 0.0012 0.0023 0.9226 0.0022 0.0011 0.0032 0.0024 0.0057 0.0059 
        BW70  3 0.0021 0.0446 0.0010 0.0009 0.0018 0.0017 0.0042 0.9254 0.0019 0.0011 0.0037 0.0025 0.0034 0.0057 
        BW71  3 0.0007 0.0032 0.0009 0.0008 0.0011 0.0008 0.0028 0.9769 0.0009 0.0008 0.0016 0.0014 0.0039 0.0042 
        BW72  3 0.0023 0.0020 0.0109 0.0078 0.0029 0.0060 0.0055 0.9140 0.0014 0.0047 0.0115 0.0044 0.0176 0.0089 
        BW73  3 0.0041 0.0032 0.0012 0.0106 0.0123 0.0013 0.0069 0.8842 0.0019 0.0014 0.0031 0.0035 0.0376 0.0289 
        BW74  3 0.0016 0.0037 0.0013 0.0013 0.0022 0.0009 0.0062 0.9603 0.0020 0.0014 0.0023 0.0028 0.0093 0.0047 
        BW75  3 0.0049 0.0018 0.0009 0.0010 0.0068 0.0018 0.0143 0.9169 0.0012 0.0035 0.0022 0.0036 0.0087 0.0324 
        BW76  3 0.0016 0.0318 0.0008 0.0053 0.0022 0.0019 0.0030 0.9171 0.0033 0.0043 0.0127 0.0027 0.0063 0.0072 
        BW77  3 0.0011 0.0500 0.0195 0.0020 0.0048 0.0079 0.0133 0.8501 0.0009 0.0009 0.0023 0.0047 0.0365 0.0059 
        BW78  3 0.0009 0.0026 0.0009 0.0011 0.0011 0.0010 0.0102 0.9646 0.0025 0.0012 0.0027 0.0017 0.0037 0.0057 
        BW79  3 0.0007 0.0011 0.0007 0.0011 0.0402 0.0009 0.0042 0.9373 0.0013 0.0018 0.0021 0.0016 0.0028 0.0042 
        BW80  3 0.0313 0.0042 0.0015 0.0010 0.0012 0.0012 0.0029 0.9333 0.0011 0.0040 0.0046 0.0059 0.0032 0.0046 
        BW81  3 0.0015 0.0012 0.0007 0.0012 0.0019 0.0014 0.0041 0.9750 0.0009 0.0009 0.0022 0.0022 0.0028 0.0038 
       BWS05  3 0.0046 0.0366 0.0037 0.0175 0.0042 0.0021 0.0068 0.8545 0.0050 0.0048 0.0061 0.0233 0.0177 0.0130 
       BWS06  3 0.0013 0.0202 0.0010 0.0013 0.0015 0.0015 0.0026 0.9436 0.0064 0.0012 0.0050 0.0039 0.0041 0.0063 
       BWS07  3 0.0078 0.0039 0.0008 0.0007 0.0189 0.0007 0.0059 0.9226 0.0011 0.0008 0.0048 0.0015 0.0276 0.0028 
       BWS08  3 0.0043 0.0764 0.0014 0.0107 0.0049 0.0034 0.0181 0.8080 0.0024 0.0020 0.0383 0.0040 0.0036 0.0223 
       BWS09  3 0.0007 0.0032 0.0006 0.0010 0.0012 0.0023 0.0023 0.9726 0.0010 0.0008 0.0032 0.0017 0.0057 0.0036 
       BWS10  3 0.0014 0.0153 0.0017 0.0011 0.0020 0.0011 0.0042 0.9258 0.0018 0.0011 0.0337 0.0024 0.0038 0.0045 
       BWS11  3 0.0016 0.0013 0.0042 0.0009 0.0018 0.0011 0.0022 0.9701 0.0014 0.0013 0.0030 0.0020 0.0044 0.0046 
       BWS12  3 0.0015 0.0036 0.0016 0.0009 0.0016 0.0022 0.0036 0.9624 0.0013 0.0012 0.0026 0.0029 0.0057 0.0088 
       BWS13  3 0.0008 0.0014 0.0009 0.0008 0.0017 0.0114 0.0022 0.9518 0.0014 0.0008 0.0124 0.0029 0.0065 0.0050 
       BWS14  3 0.0018 0.0020 0.0019 0.0014 0.0028 0.0011 0.0031 0.9698 0.0013 0.0015 0.0026 0.0036 0.0040 0.0032 
       BWS15  3 0.0018 0.0012 0.0035 0.0018 0.0040 0.0019 0.0042 0.9469 0.0044 0.0034 0.0068 0.0025 0.0050 0.0125 
       BWS16  3 0.0010 0.0012 0.0008 0.0012 0.0017 0.0014 0.0643 0.9069 0.0012 0.0009 0.0024 0.0096 0.0035 0.0039 
       BWS17  3 0.0013 0.0031 0.0015 0.0032 0.0036 0.0015 0.0033 0.9556 0.0020 0.0019 0.0119 0.0023 0.0029 0.0060 
       BWS18  3 0.0036 0.0028 0.0008 0.0012 0.0039 0.0114 0.0068 0.9007 0.0080 0.0168 0.0255 0.0033 0.0117 0.0035 
       BWS19  3 0.0027 0.0041 0.0013 0.0082 0.0176 0.0018 0.0042 0.9198 0.0096 0.0033 0.0121 0.0016 0.0096 0.0041 
       BWS20  3 0.0012 0.0026 0.0007 0.0009 0.0015 0.0012 0.0251 0.9526 0.0009 0.0008 0.0033 0.0014 0.0030 0.0048 
       BWS21  3 0.0024 0.0206 0.0218 0.0021 0.0020 0.0041 0.0053 0.8395 0.0139 0.0056 0.0378 0.0170 0.0187 0.0091 
       BWS22  3 0.0011 0.0268 0.0008 0.0014 0.0023 0.0030 0.0026 0.9304 0.0011 0.0019 0.0126 0.0034 0.0082 0.0044 
       BWS23  3 0.0082 0.0065 0.0010 0.0014 0.0018 0.0214 0.0052 0.9080 0.0025 0.0280 0.0059 0.0022 0.0045 0.0034 
       BWS24  3 0.0063 0.0057 0.0017 0.0013 0.0168 0.0010 0.0129 0.8687 0.0046 0.0047 0.0331 0.0026 0.0328 0.0079 
       BWS25  3 0.0007 0.0010 0.0009 0.0038 0.0068 0.0011 0.0019 0.9618 0.0013 0.0012 0.0018 0.0014 0.0126 0.0038 
       BWS26  3 0.0019 0.0016 0.0021 0.0016 0.0039 0.0014 0.0044 0.9588 0.0011 0.0013 0.0028 0.0030 0.0064 0.0096 
       BWS27  3 0.0123 0.0030 0.0016 0.0008 0.0015 0.0009 0.0114 0.9544 0.0013 0.0008 0.0031 0.0016 0.0035 0.0037 
       BWS28  3 0.0011 0.0018 0.0459 0.0023 0.0025 0.0011 0.0042 0.8949 0.0014 0.0014 0.0096 0.0050 0.0252 0.0037 
       BWS29  3 0.0034 0.0326 0.0010 0.0040 0.0021 0.0021 0.0069 0.9107 0.0026 0.0035 0.0075 0.0052 0.0077 0.0109 
       BWS30  3 0.0008 0.0024 0.0008 0.0014 0.0013 0.0067 0.0028 0.9648 0.0010 0.0009 0.0019 0.0022 0.0092 0.0037 
