        TC01  1 0.0017 0.0050 0.0011 0.0047 0.0025 0.0022 0.0092 0.0017 0.0051 0.0038 0.0021 0.9482 0.0034 0.0095 
        TC02  1 0.0015 0.0017 0.0016 0.0021 0.0030 0.0041 0.0033 0.0021 0.0045 0.0046 0.0027 0.9579 0.0023 0.0086 
        TC03  1 0.0014 0.0016 0.0015 0.0011 0.0021 0.0017 0.0048 0.0023 0.0033 0.0068 0.0018 0.9596 0.0056 0.0063 
        TC04  1 0.0009 0.0014 0.0008 0.0013 0.0558 0.0172 0.0195 0.0022 0.0288 0.0568 0.0054 0.7979 0.0059 0.0062 
        TC05  1 0.0007 0.0008 0.0010 0.0007 0.0126 0.0015 0.0018 0.0021 0.0020 0.0064 0.0028 0.9592 0.0022 0.0062 
        TC06  1 0.0021 0.0011 0.0013 0.0009 0.0035 0.0033 0.0040 0.0018 0.0034 0.1274 0.0030 0.8370 0.0025 0.0085 
        TC07  1 0.0008 0.0007 0.0006 0.0037 0.0069 0.0012 0.0023 0.0023 0.0049 0.0087 0.0100 0.9508 0.0027 0.0045 
        TC08  1 0.0006 0.0011 0.0009 0.0010 0.0039 0.0060 0.0017 0.0034 0.0016 0.0059 0.0036 0.9628 0.0013 0.0061 
        TC09  1 0.0246 0.0006 0.0009 0.0008 0.0024 0.0493 0.0025 0.0015 0.0025 0.0426 0.0019 0.8554 0.0084 0.0065 
        TC10  1 0.0333 0.0037 0.0008 0.0024 0.0016 0.0012 0.0019 0.0015 0.0022 0.0086 0.0040 0.9052 0.0300 0.0037 
        TC11  1 0.0010 0.0013 0.0007 0.0025 0.0019 0.0013 0.0025 0.0018 0.0016 0.0030 0.0016 0.9765 0.0019 0.0025 
        TC12  1 0.0010 0.0057 0.0052 0.0024 0.0045 0.0047 0.0107 0.0030 0.0076 0.0255 0.0052 0.8940 0.0085 0.0222 
        TC13  1 0.0028 0.0011 0.0006 0.0008 0.0019 0.0023 0.0018 0.0016 0.0021 0.0065 0.0024 0.9710 0.0013 0.0038 
        TC14  1 0.0152 0.0022 0.0011 0.0015 0.0027 0.0048 0.0072 0.0072 0.0062 0.0904 0.0024 0.8407 0.0027 0.0158 
        TC15  1 0.0079 0.0018 0.0009 0.0006 0.0028 0.0069 0.0037 0.0026 0.0076 0.0745 0.0038 0.8718 0.0038 0.0113 
        TC16  1 0.0160 0.0012 0.0017 0.0010 0.0055 0.1108 0.0042 0.0070 0.0080 0.0305 0.0031 0.7996 0.0030 0.0083 
        TC17  1 0.0511 0.0040 0.0041 0.0021 0.0259 0.0088 0.0072 0.0086 0.0034 0.0286 0.0135 0.8135 0.0040 0.0253 
        TC18  1 0.0018 0.0057 0.0056 0.0018 0.0151 0.0017 0.0349 0.0049 0.0030 0.0088 0.0024 0.9022 0.0065 0.0056 
        TC19  1 0.0104 0.0012 0.0013 0.0009 0.0018 0.0057 0.0017 0.0017 0.0019 0.0045 0.0016 0.9623 0.0018 0.0030 
        TC20  1 0.0032 0.0011 0.0006 0.0009 0.0020 0.0040 0.0072 0.0021 0.0020 0.0060 0.0025 0.9624 0.0015 0.0043 
        TC21  1 0.0008 0.0019 0.0023 0.0047 0.0285 0.0034 0.0434 0.0450 0.0143 0.0109 0.0026 0.8042 0.0072 0.0307 
        TC22  1 0.0006 0.0073 0.0048 0.0016 0.0025 0.0032 0.0024 0.0030 0.0042 0.0107 0.0073 0.9320 0.0026 0.0178 
        TC23  1 0.0013 0.0011 0.0017 0.0024 0.0016 0.0017 0.0029 0.0020 0.0066 0.0067 0.0016 0.9631 0.0030 0.0043 
        TC24  1 0.0022 0.0007 0.0007 0.0006 0.0018 0.0015 0.0013 0.0026 0.0014 0.0038 0.0012 0.9777 0.0023 0.0023 
        TC25  1 0.0069 0.0010 0.0018 0.0098 0.0022 0.0018 0.0259 0.0045 0.0099 0.1409 0.0022 0.7782 0.0072 0.0075 
        TC26  1 0.0271 0.0008 0.0011 0.0007 0.0022 0.0018 0.0019 0.0022 0.0088 0.0174 0.0021 0.9234 0.0021 0.0083 
        TC27  1 0.0012 0.0202 0.0008 0.0009 0.0072 0.0013 0.0027 0.0032 0.0026 0.0224 0.0024 0.9271 0.0028 0.0051 
        TC28  1 0.0023 0.0012 0.0008 0.0012 0.0045 0.0016 0.0044 0.0027 0.0226 0.0352 0.0045 0.9093 0.0049 0.0048 
        TC29  1 0.0023 0.0007 0.0026 0.0022 0.0195 0.0037 0.0074 0.0036 0.0033 0.0539 0.0017 0.8890 0.0045 0.0055 
        TC30  1 0.0024 0.0012 0.0012 0.0009 0.0026 0.0065 0.0020 0.0023 0.0016 0.0080 0.0019 0.9621 0.0028 0.0045 
        TC31  1 0.0011 0.0027 0.0081 0.0096 0.0032 0.0029 0.0171 0.0053 0.0018 0.0038 0.0040 0.9309 0.0036 0.0060 
        TC32  1 0.0029 0.0009 0.0007 0.0013 0.0038 0.0020 0.0030 0.0074 0.0081 0.1489 0.0287 0.7821 0.0022 0.0081 
        TC33  1 0.0014 0.0014 0.0011 0.0034 0.0024 0.0013 0.0028 0.0044 0.0033 0.0069 0.0025 0.9614 0.0028 0.0050 
        TC34  1 0.0044 0.0031 0.0026 0.0010 0.0029 0.0021 0.0024 0.0052 0.0022 0.0896 0.0047 0.8720 0.0022 0.0056 
        TC35  1 0.0023 0.0072 0.0036 0.0054 0.0042 0.0214 0.0086 0.0024 0.0019 0.0120 0.0130 0.9114 0.0018 0.0047 
        TC36  1 0.0018 0.0015 0.0008 0.0011 0.0030 0.0028 0.0024 0.0021 0.0049 0.0064 0.0021 0.9570 0.0050 0.0091 
        TC37  1 0.0009 0.0012 0.0009 0.0011 0.0022 0.0023 0.0028 0.0036 0.0021 0.0024 0.0043 0.9677 0.0020 0.0064 
        TC38  1 0.0100 0.0008 0.0014 0.0020 0.0047 0.0472 0.0321 0.0019 0.0043 0.0285 0.0016 0.8558 0.0039 0.0058 
        TC39  1 0.0465 0.0008 0.0012 0.0010 0.0021 0.0065 0.0041 0.0021 0.0017 0.1037 0.0034 0.8136 0.0034 0.0098 
        TC40  1 0.0049 0.0016 0.0017 0.0010 0.0031 0.0022 0.0030 0.0112 0.0026 0.0643 0.0039 0.8862 0.0078 0.0064 
        TC41  1 0.0012 0.0009 0.0062 0.0009 0.0027 0.0013 0.0022 0.0034 0.0023 0.0042 0.0057 0.9635 0.0020 0.0034 
        TC42  1 0.0014 0.0013 0.0007 0.0006 0.0024 0.0023 0.0016 0.0016 0.0017 0.0159 0.0013 0.9610 0.0026 0.0056 
        TC43  1 0.0008 0.0012 0.0007 0.0008 0.0020 0.0023 0.0033 0.0022 0.0042 0.0143 0.0023 0.9598 0.0021 0.0040 
        TC44  1 0.0059 0.0037 0.0014 0.0024 0.0017 0.0279 0.0026 0.0018 0.0026 0.0187 0.0040 0.9128 0.0040 0.0106 
        TC45  1 0.0057 0.0007 0.0010 0.0010 0.0020 0.0015 0.0117 0.0012 0.0016 0.0027 0.0038 0.9557 0.0020 0.0094 
        TC46  1 0.0028 0.0023 0.0039 0.0009 0.0040 0.0014 0.0074 0.0026 0.0050 0.0047 0.0044 0.9491 0.0047 0.0068 
        TC47  1 0.0062 0.0043 0.0010 0.0011 0.0024 0.0084 0.0030 0.0025 0.0036 0.0106 0.0034 0.9473 0.0023 0.0039 
        TC48  1 0.0036 0.0028 0.0013 0.0010 0.0040 0.0019 0.0090 0.0236 0.0050 0.0101 0.0036 0.8986 0.0025 0.0330 
        TC49  1 0.0015 0.0015 0.0007 0.0015 0.0032 0.0012 0.0027 0.0027 0.0038 0.0053 0.0042 0.9568 0.0013 0.0135 
        TC50  1 0.0011 0.0039 0.0023 0.0014 0.0030 0.0027 0.0050 0.0047 0.0054 0.0041 0.0043 0.9520 0.0035 0.0066 
        TC51  1 0.0012 0.0016 0.0013 0.0032 0.0024 0.0059 0.0037 0.0021 0.0030 0.0446 0.0030 0.9101 0.0031 0.0147 
        TC52  1 0.0019 0.0007 0.0008 0.0006 0.0020 0.0018 0.0072 0.0021 0.0203 0.0083 0.0016 0.9241 0.0234 0.0051 
        TC53  1 0.0014 0.0031 0.0041 0.0005 0.0038 0.0039 0.0015 0.0019 0.0018 0.0118 0.0021 0.9481 0.0017 0.0143 
        TC54  1 0.0029 0.0023 0.0011 0.0014 0.0045 0.0022 0.0041 0.0158 0.0052 0.0300 0.0052 0.9072 0.0051 0.0131 
        TC55  1 0.0168 0.0015 0.0006 0.0011 0.0031 0.0014 0.0042 0.0047 0.0182 0.0254 0.0035 0.8940 0.0079 0.0176 
        TC56  1 0.0009 0.0025 0.0021 0.0024 0.0042 0.0029 0.0166 0.0093 0.0033 0.0145 0.0034 0.9243 0.0037 0.0102 
        TC57  1 0.0047 0.0061 0.0021 0.0012 0.0061 0.0038 0.0026 0.0043 0.0032 0.0039 0.0050 0.9436 0.0035 0.0100 
        TC58  1 0.0055 0.0016 0.0012 0.0071 0.0020 0.0024 0.0026 0.0016 0.0082 0.0052 0.0036 0.9494 0.0023 0.0074 
        TC59  1 0.0012 0.0012 0.0007 0.0010 0.0016 0.0015 0.0015 0.0020 0.0046 0.0066 0.0018 0.9705 0.0021 0.0037 
        TA01  2 0.0055 0.0014 0.0009 0.0011 0.0024 0.0100 0.0019 0.0021 0.0065 0.0091 0.0022 0.9517 0.0014 0.0038 
        TA02  2 0.0011 0.0009 0.0007 0.0007 0.0041 0.0030 0.0023 0.0048 0.0035 0.0045 0.0025 0.9648 0.0036 0.0034 
        TA03  2 0.0024 0.0064 0.0013 0.0012 0.0025 0.0166 0.0025 0.0035 0.0026 0.0065 0.0056 0.9402 0.0026 0.0062 
        TA04  2 0.0014 0.0021 0.0011 0.0009 0.0014 0.3433 0.0021 0.0021 0.0028 0.0284 0.0060 0.5995 0.0025 0.0063 
        TA05  2 0.0011 0.0015 0.0008 0.0011 0.0033 0.0034 0.0031 0.0027 0.0023 0.0037 0.0022 0.9672 0.0021 0.0056 
        TA06  2 0.0042 0.0010 0.0008 0.0012 0.0012 0.0039 0.0018 0.0016 0.0045 0.0128 0.0023 0.9602 0.0019 0.0026 
        TA07  2 0.0024 0.0014 0.0016 0.0023 0.0132 0.1025 0.0025 0.0040 0.0025 0.0057 0.0023 0.8452 0.0038 0.0105 
        TA08  2 0.0025 0.0123 0.0007 0.0008 0.0013 0.0065 0.0040 0.0019 0.0029 0.0239 0.0015 0.9353 0.0017 0.0048 
        TA09  2 0.0019 0.0012 0.0008 0.0007 0.0016 0.0068 0.0015 0.0017 0.0035 0.0083 0.0016 0.9639 0.0025 0.0041 
        TA10  2 0.0030 0.0016 0.0018 0.0425 0.0054 0.0046 0.0022 0.0020 0.0052 0.0070 0.0043 0.9090 0.0021 0.0092 
        TA11  2 0.0633 0.0048 0.0239 0.0257 0.0019 0.0098 0.0051 0.0027 0.0016 0.0085 0.0254 0.8090 0.0018 0.0165 
        TA12  2 0.0017 0.0044 0.0021 0.0040 0.0083 0.0032 0.0020 0.0025 0.0059 0.0038 0.0331 0.9103 0.0013 0.0175 
        TA13  2 0.0009 0.0015 0.0029 0.0045 0.0107 0.0280 0.0025 0.0034 0.0045 0.0506 0.0035 0.7433 0.0031 0.1405 
        TA14  2 0.0026 0.0008 0.0006 0.0006 0.0019 0.0046 0.0014 0.0024 0.0014 0.0123 0.0018 0.9603 0.0036 0.0058 
        TA15  2 0.0008 0.0008 0.0007 0.0010 0.0018 0.0024 0.0014 0.0020 0.0015 0.0171 0.0024 0.9506 0.0019 0.0155 
        TA16  2 0.0040 0.0015 0.0005 0.0164 0.0053 0.0198 0.0019 0.0017 0.0037 0.0317 0.0065 0.8968 0.0029 0.0074 
        TA17  2 0.0011 0.0054 0.0009 0.0009 0.0045 0.0015 0.0018 0.0035 0.0024 0.0097 0.0054 0.9531 0.0018 0.0079 
        TA18  2 0.0007 0.0012 0.0014 0.0041 0.0017 0.0026 0.0016 0.0064 0.0030 0.0051 0.0872 0.8800 0.0013 0.0037 
        TA19  2 0.0014 0.0380 0.0044 0.0029 0.0045 0.0257 0.0021 0.0036 0.0097 0.0145 0.0054 0.8808 0.0023 0.0046 
        TA20  2 0.0042 0.0013 0.0027 0.0009 0.0257 0.0015 0.0029 0.0162 0.0017 0.0068 0.0027 0.9279 0.0016 0.0038 
        TA21  2 0.0329 0.0015 0.0008 0.0013 0.0042 0.0041 0.0030 0.0039 0.0058 0.0162 0.0032 0.9100 0.0022 0.0109 
        TA22  2 0.0009 0.0008 0.0019 0.0007 0.0017 0.0016 0.0019 0.0049 0.0032 0.0383 0.0028 0.9347 0.0013 0.0052 
        TA23  2 0.0013 0.0010 0.0007 0.0008 0.0016 0.0034 0.0017 0.0022 0.0030 0.0395 0.0023 0.9377 0.0013 0.0036 
        TA24  2 0.0009 0.0033 0.0016 0.0009 0.0126 0.0021 0.0020 0.0019 0.0022 0.0057 0.0049 0.9541 0.0033 0.0044 
        TA25  2 0.0013 0.0016 0.0016 0.1356 0.0052 0.0019 0.0019 0.0013 0.0048 0.0105 0.0060 0.8199 0.0018 0.0065 
        TA26  2 0.0449 0.0024 0.0012 0.0021 0.0025 0.0172 0.0068 0.0034 0.0018 0.0227 0.0018 0.8792 0.0015 0.0124 
        TA27  2 0.0013 0.0022 0.0016 0.0011 0.0056 0.0035 0.0015 0.0027 0.0020 0.0062 0.0028 0.9596 0.0026 0.0072 
        TA28  2 0.0027 0.0010 0.0012 0.0008 0.0049 0.0059 0.0084 0.0090 0.0035 0.0055 0.0077 0.9337 0.0088 0.0068 
        TA29  2 0.0013 0.0042 0.0012 0.0012 0.0022 0.0019 0.0020 0.0020 0.0025 0.0417 0.0027 0.9271 0.0018 0.0082 
        TA30  2 0.1275 0.0050 0.0011 0.0011 0.0023 0.1668 0.0033 0.0061 0.0022 0.0125 0.0026 0.6393 0.0022 0.0280 
      BERM01  3 0.0015 0.0008 0.0006 0.0007 0.0013 0.0178 0.0014 0.0017 0.0016 0.9640 0.0015 0.0026 0.0011 0.0034 
      BERM02  3 0.0016 0.0006 0.0006 0.0006 0.0014 0.0039 0.0017 0.0019 0.0017 0.9755 0.0015 0.0042 0.0012 0.0036 
      BERM03  3 0.0015 0.0009 0.0009 0.0008 0.0014 0.0013 0.0016 0.0016 0.0019 0.9790 0.0013 0.0024 0.0012 0.0044 
      BERM04  3 0.0024 0.0011 0.0006 0.0009 0.0011 0.0020 0.0018 0.0014 0.0017 0.9786 0.0012 0.0019 0.0014 0.0038 
      BERM05  3 0.0011 0.0010 0.0012 0.0009 0.0013 0.0028 0.0021 0.0017 0.0025 0.9760 0.0015 0.0020 0.0020 0.0040 
      BERM06  3 0.0111 0.0010 0.0005 0.0006 0.0013 0.0099 0.0020 0.0013 0.0026 0.9593 0.0024 0.0032 0.0016 0.0031 
      BERM07  3 0.0019 0.0015 0.0007 0.0012 0.0012 0.0044 0.0017 0.0016 0.0017 0.9731 0.0016 0.0038 0.0012 0.0043 
      BERM08  3 0.0008 0.0007 0.0005 0.0007 0.0012 0.0035 0.0018 0.0011 0.0019 0.9806 0.0011 0.0028 0.0011 0.0022 
      BERM09  3 0.0014 0.0009 0.0011 0.0008 0.0011 0.3817 0.0012 0.0017 0.0018 0.5942 0.0022 0.0072 0.0011 0.0035 
      BERM10  3 0.0074 0.0021 0.0010 0.0008 0.0027 0.0049 0.0026 0.0016 0.0026 0.9625 0.0017 0.0048 0.0014 0.0038 
      BERM11  3 0.0014 0.0008 0.0005 0.0009 0.0012 0.0145 0.0019 0.0015 0.0015 0.9662 0.0015 0.0038 0.0014 0.0029 
      BERM12  3 0.0021 0.0054 0.0006 0.0011 0.0012 0.0019 0.0251 0.0015 0.0017 0.9400 0.0036 0.0058 0.0073 0.0024 
      BERM13  3 0.0007 0.0011 0.0007 0.0010 0.0014 0.0041 0.0014 0.0014 0.0034 0.9747 0.0023 0.0029 0.0013 0.0038 
      BERM14  3 0.0106 0.0009 0.0010 0.0009 0.0012 0.0042 0.0015 0.0014 0.0013 0.9656 0.0014 0.0044 0.0022 0.0034 
      CROC01  3 0.0010 0.0026 0.0048 0.0014 0.0019 0.0038 0.0022 0.0088 0.0019 0.9470 0.0041 0.0031 0.0070 0.0103 
      CROC02  3 0.0078 0.0009 0.0009 0.0012 0.0026 0.0032 0.0040 0.0025 0.0158 0.9386 0.0079 0.0037 0.0033 0.0077 
      CROC03  3 0.0049 0.0014 0.0007 0.0009 0.0018 0.0091 0.0049 0.0021 0.0023 0.9604 0.0019 0.0036 0.0025 0.0033 
      CROC04  3 0.0008 0.0009 0.0010 0.0008 0.0031 0.0018 0.0014 0.0015 0.0091 0.8965 0.0026 0.0683 0.0089 0.0035 
      CROC05  3 0.0040 0.0008 0.0008 0.0014 0.0017 0.0042 0.0018 0.0018 0.0057 0.9654 0.0015 0.0026 0.0036 0.0047 
      CROC06  3 0.0025 0.0011 0.0011 0.0121 0.0050 0.0037 0.0026 0.0042 0.0409 0.8973 0.0109 0.0108 0.0050 0.0029 
      CROC07  3 0.0017 0.0015 0.0022 0.0010 0.0021 0.0075 0.0019 0.0023 0.0025 0.9556 0.0067 0.0063 0.0024 0.0063 
      CROC08  3 0.0012 0.0014 0.0036 0.0019 0.0022 0.0026 0.0042 0.0251 0.0073 0.9369 0.0017 0.0034 0.0020 0.0065 
      CROC09  3 0.0062 0.0006 0.0007 0.0006 0.0028 0.0436 0.0024 0.0040 0.0017 0.9278 0.0013 0.0022 0.0029 0.0030 
      CROC10  3 0.0011 0.0008 0.0007 0.0013 0.0012 0.0408 0.0019 0.0015 0.0016 0.9379 0.0016 0.0028 0.0015 0.0054 
      CROC11  3 0.0068 0.0007 0.0007 0.0007 0.0029 0.0432 0.0025 0.0041 0.0018 0.9274 0.0013 0.0023 0.0029 0.0030 
     CROC110  3 0.0031 0.0016 0.0009 0.0009 0.0099 0.0185 0.0016 0.0039 0.0031 0.9138 0.0019 0.0071 0.0032 0.0305 
     CROC116  3 0.0054 0.0015 0.0022 0.0010 0.0032 0.0023 0.0044 0.0035 0.0052 0.9357 0.0049 0.0085 0.0141 0.0080 
      CROC12  3 0.0016 0.0007 0.0006 0.0007 0.0019 0.0020 0.0016 0.0015 0.0020 0.9778 0.0017 0.0031 0.0011 0.0037 
     CROC123  3 0.0037 0.0006 0.0005 0.0005 0.0012 0.0034 0.0017 0.0012 0.0013 0.9768 0.0012 0.0030 0.0015 0.0034 
      CROC13  3 0.0050 0.0011 0.0010 0.0012 0.0012 0.0018 0.0043 0.0014 0.0020 0.9710 0.0013 0.0025 0.0014 0.0048 
      CROC14  3 0.0057 0.0006 0.0005 0.0727 0.0084 0.0039 0.0026 0.0023 0.0027 0.8884 0.0017 0.0046 0.0017 0.0043 
      CROC15  3 0.0013 0.0011 0.0006 0.0026 0.0075 0.0015 0.0048 0.0087 0.0179 0.8697 0.0014 0.0047 0.0644 0.0137 
      CROC16  3 0.0085 0.0011 0.0011 0.0012 0.0020 0.0136 0.0100 0.0034 0.0034 0.9297 0.0026 0.0021 0.0064 0.0149 
      CROC17  3 0.0011 0.0007 0.0005 0.0006 0.0077 0.0013 0.0017 0.0012 0.0014 0.9234 0.0014 0.0554 0.0011 0.0024 
      CROC18  3 0.0015 0.0010 0.0061 0.0007 0.0018 0.0017 0.0127 0.0019 0.0050 0.9433 0.0134 0.0049 0.0014 0.0046 
      CROC19  3 0.0008 0.0016 0.0015 0.0010 0.0032 0.0031 0.0020 0.0019 0.0024 0.9691 0.0028 0.0050 0.0024 0.0033 
     CROC198  3 0.0081 0.0021 0.0010 0.0011 0.0015 0.0056 0.0017 0.0019 0.0014 0.9654 0.0015 0.0025 0.0012 0.0050 
      CROC20  3 0.0024 0.0011 0.0007 0.0010 0.0023 0.0039 0.0030 0.0024 0.0028 0.9648 0.0046 0.0025 0.0023 0.0063 
     CROC202  3 0.0065 0.0014 0.0022 0.0013 0.0014 0.0023 0.0066 0.0015 0.0023 0.9644 0.0018 0.0029 0.0018 0.0035 
      CROC21  3 0.0010 0.0010 0.0007 0.0009 0.0017 0.0038 0.0021 0.0018 0.0021 0.9732 0.0015 0.0037 0.0012 0.0053 
     CROC216  3 0.0012 0.0009 0.0009 0.0008 0.0066 0.0164 0.0027 0.0076 0.0066 0.9189 0.0036 0.0199 0.0087 0.0053 
      CROC22  3 0.0138 0.0203 0.0010 0.0009 0.0148 0.0063 0.0024 0.0016 0.0020 0.9147 0.0016 0.0094 0.0016 0.0096 
      CROC23  3 0.0007 0.0012 0.0008 0.0010 0.0022 0.0445 0.0023 0.0029 0.0057 0.9149 0.0020 0.0128 0.0017 0.0073 
      CROC24  3 0.0114 0.0007 0.0009 0.0007 0.0021 0.0164 0.0038 0.0020 0.0017 0.9500 0.0013 0.0035 0.0019 0.0036 
      CROC25  3 0.0023 0.0008 0.0006 0.0008 0.0011 0.0022 0.0015 0.0017 0.0015 0.9787 0.0014 0.0027 0.0017 0.0029 
     CROC259  3 0.0013 0.0010 0.0007 0.0050 0.0017 0.0046 0.0023 0.0016 0.0017 0.9562 0.0014 0.0176 0.0017 0.0033 
      CROC26  3 0.0016 0.0015 0.0008 0.0011 0.0014 0.0027 0.0021 0.0021 0.0020 0.9060 0.0014 0.0730 0.0017 0.0028 
      CROC27  3 0.0038 0.0013 0.0007 0.0008 0.0024 0.0179 0.0020 0.0037 0.0015 0.9246 0.0026 0.0308 0.0039 0.0041 
      CROC28  3 0.1028 0.0007 0.0006 0.0009 0.0019 0.0625 0.0016 0.0017 0.0014 0.7905 0.0013 0.0293 0.0018 0.0031 
      CROC29  3 0.0017 0.0009 0.0007 0.0007 0.0016 0.0020 0.0019 0.0024 0.0017 0.9747 0.0014 0.0029 0.0028 0.0046 
      CROC30  3 0.0062 0.0009 0.0008 0.0009 0.0058 0.0051 0.0034 0.0045 0.0118 0.9383 0.0068 0.0051 0.0036 0.0070 
      CROC31  3 0.0028 0.0009 0.0010 0.0011 0.0034 0.0658 0.0021 0.0026 0.0022 0.8678 0.0080 0.0179 0.0025 0.0218 
      CROC32  3 0.0087 0.0009 0.0008 0.0009 0.0014 0.0025 0.0016 0.0013 0.0019 0.9698 0.0016 0.0027 0.0013 0.0046 
      CROC33  3 0.0008 0.0009 0.0009 0.0005 0.0110 0.0032 0.0031 0.0200 0.0015 0.9341 0.0018 0.0119 0.0062 0.0039 
      CROC34  3 0.0008 0.0013 0.0006 0.0010 0.0013 0.0021 0.0018 0.0020 0.0027 0.9766 0.0021 0.0033 0.0014 0.0028 
      CROC35  3 0.0014 0.0005 0.0005 0.0007 0.0216 0.0086 0.0022 0.0013 0.0013 0.9417 0.0012 0.0156 0.0010 0.0024 
      CROC36  3 0.0022 0.0008 0.0010 0.0010 0.0013 0.0063 0.0019 0.0019 0.0023 0.9712 0.0013 0.0025 0.0020 0.0044 
      CROC57  3 0.0010 0.0008 0.0010 0.0015 0.0014 0.0020 0.0018 0.0018 0.0018 0.9778 0.0016 0.0021 0.0016 0.0038 
      CROC81  3 0.0061 0.0008 0.0018 0.0009 0.0017 0.0029 0.0104 0.0052 0.0037 0.9516 0.0023 0.0028 0.0024 0.0074 
      CROC84  3 0.0025 0.0018 0.0006 0.0007 0.0011 0.0074 0.0065 0.0012 0.0011 0.9647 0.0019 0.0044 0.0034 0.0026 
        FW01  3 0.9820 0.0008 0.0007 0.0007 0.0012 0.0010 0.0018 0.0014 0.0013 0.0024 0.0013 0.0017 0.0011 0.0027 
        FW02  3 0.0007 0.0006 0.0005 0.0006 0.0009 0.9852 0.0012 0.0011 0.0011 0.0024 0.0010 0.0015 0.0010 0.0023 
        FW03  3 0.9847 0.0006 0.0005 0.0006 0.0009 0.0010 0.0014 0.0011 0.0012 0.0020 0.0010 0.0016 0.0011 0.0023 
        FW04  3 0.0007 0.0006 0.0005 0.0006 0.0009 0.9852 0.0012 0.0011 0.0011 0.0025 0.0010 0.0015 0.0010 0.0023 
        FW05  3 0.0007 0.0006 0.0005 0.0006 0.0009 0.9851 0.0012 0.0011 0.0011 0.0024 0.0010 0.0015 0.0010 0.0023 
        FW06  3 0.0007 0.0006 0.0005 0.0006 0.0009 0.9851 0.0012 0.0011 0.0011 0.0025 0.0010 0.0016 0.0010 0.0023 
        FW07  3 0.9847 0.0006 0.0004 0.0006 0.0009 0.0010 0.0014 0.0012 0.0012 0.0020 0.0010 0.0016 0.0011 0.0023 
        FW08  3 0.0007 0.0006 0.0005 0.0006 0.0009 0.9851 0.0012 0.0011 0.0011 0.0025 0.0010 0.0016 0.0010 0.0023 
        FW09  3 0.0007 0.0006 0.0004 0.0006 0.0009 0.9851 0.0012 0.0011 0.0011 0.0024 0.0010 0.0015 0.0010 0.0023 
        FW10  3 0.9847 0.0006 0.0004 0.0005 0.0009 0.0010 0.0014 0.0012 0.0011 0.0020 0.0010 0.0016 0.0011 0.0023 
       FW100  3 0.9844 0.0006 0.0005 0.0005 0.0009 0.0012 0.0014 0.0012 0.0011 0.0020 0.0011 0.0016 0.0010 0.0024 
       FW101  3 0.9847 0.0006 0.0005 0.0005 0.0009 0.0010 0.0014 0.0012 0.0012 0.0020 0.0010 0.0016 0.0011 0.0023 
       FW102  3 0.0007 0.0006 0.0005 0.0006 0.0009 0.9851 0.0012 0.0011 0.0011 0.0024 0.0010 0.0016 0.0010 0.0023 
       FW103  3 0.0007 0.0006 0.0005 0.0006 0.0009 0.9852 0.0012 0.0011 0.0011 0.0024 0.0010 0.0015 0.0010 0.0023 
       FW104  3 0.9820 0.0008 0.0006 0.0007 0.0012 0.0010 0.0017 0.0014 0.0012 0.0024 0.0012 0.0017 0.0011 0.0028 
       FW105  3 0.9847 0.0006 0.0005 0.0005 0.0009 0.0010 0.0014 0.0012 0.0012 0.0019 0.0010 0.0016 0.0011 0.0023 
       FW106  3 0.0023 0.0016 0.0007 0.0008 0.0037 0.0388 0.0043 0.0040 0.0028 0.9019 0.0183 0.0071 0.0051 0.0086 
       FW107  3 0.9818 0.0008 0.0006 0.0007 0.0012 0.0010 0.0018 0.0014 0.0013 0.0024 0.0013 0.0017 0.0011 0.0028 
       FW108  3 0.0007 0.0006 0.0005 0.0006 0.0009 0.9850 0.0012 0.0011 0.0011 0.0024 0.0010 0.0016 0.0010 0.0023 
       FW109  3 0.9846 0.0006 0.0004 0.0005 0.0009 0.0010 0.0014 0.0012 0.0012 0.0020 0.0010 0.0016 0.0011 0.0023 
        FW11  3 0.9845 0.0006 0.0005 0.0006 0.0009 0.0012 0.0014 0.0011 0.0011 0.0021 0.0010 0.0016 0.0011 0.0023 
       FW110  3 0.9848 0.0006 0.0005 0.0005 0.0009 0.0010 0.0014 0.0011 0.0011 0.0020 0.0010 0.0016 0.0011 0.0022 
       FW111  3 0.0007 0.0006 0.0005 0.0006 0.0009 0.9851 0.0012 0.0011 0.0011 0.0024 0.0010 0.0015 0.0010 0.0023 
       FW112  3 0.9845 0.0006 0.0004 0.0006 0.0009 0.0011 0.0014 0.0012 0.0011 0.0021 0.0011 0.0016 0.0010 0.0023 
       FW113  3 0.0007 0.0006 0.0005 0.0006 0.0009 0.9851 0.0012 0.0011 0.0011 0.0024 0.0010 0.0015 0.0010 0.0023 
       FW114  3 0.9801 0.0006 0.0005 0.0005 0.0012 0.0012 0.0014 0.0013 0.0014 0.0025 0.0011 0.0041 0.0013 0.0027 
       FW115  3 0.9847 0.0006 0.0005 0.0005 0.0009 0.0010 0.0014 0.0012 0.0012 0.0020 0.0010 0.0016 0.0011 0.0023 
       FW116  3 0.0007 0.0006 0.0005 0.0006 0.0009 0.9851 0.0012 0.0011 0.0011 0.0025 0.0010 0.0015 0.0010 0.0023 
        FW12  3 0.0007 0.0006 0.0005 0.0006 0.0009 0.9851 0.0012 0.0011 0.0011 0.0024 0.0010 0.0016 0.0010 0.0023 
        FW13  3 0.0007 0.0006 0.0004 0.0006 0.0009 0.9851 0.0012 0.0011 0.0011 0.0025 0.0010 0.0015 0.0010 0.0022 
        FW14  3 0.9820 0.0008 0.0006 0.0007 0.0012 0.0010 0.0018 0.0014 0.0013 0.0024 0.0013 0.0017 0.0011 0.0028 
        FW15  3 0.9820 0.0008 0.0007 0.0007 0.0012 0.0010 0.0018 0.0014 0.0013 0.0024 0.0013 0.0017 0.0011 0.0028 
        FW16  3 0.9846 0.0006 0.0005 0.0006 0.0009 0.0010 0.0014 0.0012 0.0011 0.0020 0.0010 0.0017 0.0011 0.0023 
        FW17  3 0.9848 0.0006 0.0005 0.0006 0.0009 0.0010 0.0014 0.0012 0.0011 0.0020 0.0010 0.0016 0.0011 0.0023 
        FW18  3 0.9845 0.0006 0.0005 0.0005 0.0010 0.0012 0.0014 0.0012 0.0011 0.0021 0.0010 0.0017 0.0010 0.0023 
        FW19  3 0.0007 0.0006 0.0005 0.0006 0.0009 0.9852 0.0012 0.0011 0.0011 0.0024 0.0010 0.0015 0.0010 0.0023 
        FW20  3 0.0007 0.0006 0.0005 0.0006 0.0009 0.9850 0.0012 0.0011 0.0011 0.0024 0.0010 0.0015 0.0010 0.0023 
        FW21  3 0.0007 0.0006 0.0005 0.0006 0.0009 0.9851 0.0012 0.0011 0.0011 0.0024 0.0010 0.0015 0.0010 0.0023 
        FW22  3 0.9844 0.0006 0.0005 0.0006 0.0009 0.0012 0.0014 0.0012 0.0011 0.0021 0.0011 0.0016 0.0010 0.0023 
        FW23  3 0.0007 0.0006 0.0005 0.0006 0.0009 0.9851 0.0012 0.0011 0.0011 0.0024 0.0010 0.0015 0.0010 0.0023 
        FW24  3 0.0007 0.0006 0.0005 0.0006 0.0009 0.9850 0.0012 0.0011 0.0011 0.0025 0.0010 0.0015 0.0010 0.0023 
        FW25  3 0.0007 0.0006 0.0005 0.0006 0.0009 0.9851 0.0012 0.0011 0.0011 0.0024 0.0010 0.0016 0.0010 0.0023 
        FW26  3 0.0007 0.0006 0.0005 0.0006 0.0009 0.9852 0.0012 0.0011 0.0010 0.0023 0.0010 0.0015 0.0010 0.0023 
        FW27  3 0.9847 0.0006 0.0005 0.0006 0.0009 0.0010 0.0014 0.0012 0.0011 0.0020 0.0010 0.0016 0.0011 0.0023 
        FW28  3 0.0007 0.0006 0.0005 0.0006 0.0009 0.9850 0.0012 0.0011 0.0011 0.0024 0.0010 0.0016 0.0010 0.0023 
        FW29  3 0.0007 0.0006 0.0005 0.0006 0.0009 0.9851 0.0012 0.0011 0.0011 0.0024 0.0010 0.0015 0.0010 0.0023 
        FW30  3 0.0023 0.0017 0.0007 0.0008 0.0036 0.0401 0.0043 0.0043 0.0028 0.9003 0.0184 0.0069 0.0051 0.0087 
        FW32  3 0.9821 0.0008 0.0006 0.0007 0.0012 0.0011 0.0017 0.0014 0.0012 0.0024 0.0012 0.0017 0.0011 0.0028 
        FW33  3 0.0007 0.0006 0.0005 0.0006 0.0009 0.9649 0.0012 0.0036 0.0011 0.0095 0.0010 0.0031 0.0011 0.0112 
        FW34  3 0.0007 0.0006 0.0005 0.0006 0.0009 0.9851 0.0012 0.0011 0.0011 0.0025 0.0010 0.0015 0.0010 0.0023 
        FW35  3 0.0007 0.0006 0.0005 0.0006 0.0009 0.9853 0.0012 0.0011 0.0011 0.0023 0.0010 0.0015 0.0010 0.0023 
        FW36  3 0.0007 0.0006 0.0005 0.0006 0.0010 0.9851 0.0012 0.0011 0.0011 0.0024 0.0010 0.0015 0.0010 0.0023 
        FW37  3 0.9847 0.0006 0.0004 0.0005 0.0009 0.0010 0.0014 0.0012 0.0011 0.0020 0.0010 0.0016 0.0011 0.0023 
        FW51  3 0.0007 0.0006 0.0005 0.0006 0.0009 0.9851 0.0012 0.0011 0.0011 0.0024 0.0010 0.0015 0.0010 0.0023 
        FW52  3 0.9847 0.0006 0.0004 0.0006 0.0009 0.0010 0.0014 0.0012 0.0011 0.0020 0.0010 0.0016 0.0011 0.0023 
        FW53  3 0.0007 0.0006 0.0005 0.0006 0.0009 0.9851 0.0012 0.0011 0.0011 0.0024 0.0010 0.0015 0.0010 0.0023 
        FW54  3 0.9848 0.0006 0.0005 0.0005 0.0009 0.0010 0.0014 0.0011 0.0011 0.0020 0.0010 0.0016 0.0011 0.0023 
        FW55  3 0.0007 0.0006 0.0005 0.0006 0.0009 0.9852 0.0012 0.0011 0.0011 0.0024 0.0010 0.0015 0.0010 0.0023 
        FW56  3 0.0007 0.0006 0.0005 0.0006 0.0009 0.9851 0.0012 0.0011 0.0011 0.0024 0.0010 0.0015 0.0010 0.0023 
        FW57  3 0.0007 0.0006 0.0005 0.0006 0.0009 0.9851 0.0012 0.0011 0.0011 0.0024 0.0010 0.0015 0.0010 0.0023 
        FW78  3 0.0007 0.0006 0.0005 0.0006 0.0009 0.9851 0.0012 0.0011 0.0011 0.0024 0.0010 0.0016 0.0010 0.0023 
        FW79  3 0.0007 0.0006 0.0005 0.0006 0.0009 0.9850 0.0012 0.0011 0.0011 0.0025 0.0010 0.0015 0.0010 0.0023 
        FW80  3 0.0007 0.0006 0.0005 0.0006 0.0009 0.9850 0.0012 0.0011 0.0011 0.0025 0.0010 0.0015 0.0010 0.0023 
        FW81  3 0.9848 0.0006 0.0005 0.0005 0.0009 0.0010 0.0014 0.0012 0.0011 0.0019 0.0010 0.0016 0.0011 0.0023 
        FW82  3 0.9847 0.0006 0.0005 0.0005 0.0009 0.0010 0.0014 0.0012 0.0011 0.0020 0.0010 0.0016 0.0011 0.0023 
        FW83  3 0.9819 0.0008 0.0006 0.0007 0.0012 0.0011 0.0018 0.0014 0.0012 0.0024 0.0013 0.0017 0.0011 0.0028 
        FW84  3 0.0007 0.0006 0.0005 0.0006 0.0009 0.9851 0.0012 0.0011 0.0011 0.0024 0.0010 0.0015 0.0010 0.0023 
        FW85  3 0.9490 0.0006 0.0005 0.0005 0.0025 0.0015 0.0076 0.0012 0.0024 0.0021 0.0011 0.0041 0.0230 0.0041 
        FW86  3 0.9844 0.0006 0.0005 0.0005 0.0009 0.0012 0.0014 0.0012 0.0012 0.0021 0.0010 0.0016 0.0011 0.0023 
        FW87  3 0.9846 0.0006 0.0005 0.0005 0.0009 0.0012 0.0014 0.0012 0.0011 0.0020 0.0010 0.0016 0.0011 0.0023 
        FW88  3 0.0007 0.0006 0.0005 0.0006 0.0009 0.9851 0.0012 0.0011 0.0011 0.0024 0.0010 0.0016 0.0010 0.0024 
        FW89  3 0.0007 0.0006 0.0005 0.0006 0.0009 0.9851 0.0012 0.0011 0.0011 0.0024 0.0010 0.0016 0.0010 0.0023 
        FW90  3 0.0007 0.0006 0.0005 0.0006 0.0009 0.9852 0.0012 0.0011 0.0010 0.0024 0.0010 0.0015 0.0010 0.0023 
        FW91  3 0.9847 0.0006 0.0005 0.0006 0.0009 0.0010 0.0014 0.0012 0.0011 0.0020 0.0010 0.0016 0.0011 0.0023 
        FW92  3 0.0007 0.0006 0.0005 0.0006 0.0009 0.9851 0.0012 0.0011 0.0011 0.0024 0.0010 0.0015 0.0010 0.0023 
        FW93  3 0.0007 0.0006 0.0005 0.0006 0.0009 0.9851 0.0011 0.0011 0.0011 0.0024 0.0010 0.0015 0.0010 0.0023 
        FW94  3 0.9847 0.0006 0.0005 0.0005 0.0009 0.0010 0.0014 0.0012 0.0012 0.0020 0.0010 0.0016 0.0011 0.0023 
        FW95  3 0.0007 0.0006 0.0005 0.0006 0.0009 0.9850 0.0012 0.0011 0.0011 0.0024 0.0010 0.0016 0.0010 0.0023 
        FW96  3 0.0007 0.0006 0.0005 0.0006 0.0009 0.9851 0.0012 0.0011 0.0011 0.0024 0.0010 0.0015 0.0010 0.0023 
        FW97  3 0.0064 0.0038 0.0010 0.0023 0.0026 0.0142 0.0028 0.0035 0.0072 0.9436 0.0030 0.0035 0.0018 0.0043 
        FW98  3 0.9848 0.0006 0.0005 0.0005 0.0009 0.0010 0.0014 0.0011 0.0011 0.0019 0.0010 0.0016 0.0011 0.0023 
        FW99  3 0.0007 0.0006 0.0005 0.0006 0.0009 0.9851 0.0012 0.0011 0.0011 0.0024 0.0010 0.0015 0.0010 0.0023 
       Cal01  3 0.0009 0.0009 0.0026 0.0009 0.0023 0.2125 0.0019 0.0043 0.0012 0.7608 0.0014 0.0034 0.0024 0.0044 
       Cal02  3 0.0019 0.0009 0.0007 0.0008 0.0018 0.0032 0.0021 0.0016 0.0020 0.9728 0.0025 0.0032 0.0016 0.0048 
       Cal03  3 0.0514 0.0007 0.0007 0.0005 0.0019 0.0178 0.0028 0.0021 0.0028 0.9068 0.0022 0.0026 0.0037 0.0040 
       Cal04  3 0.0018 0.0032 0.0007 0.0009 0.0031 0.0011 0.0028 0.0019 0.0055 0.9680 0.0020 0.0037 0.0024 0.0031 
       Cal05  3 0.0036 0.0008 0.0005 0.0005 0.0011 0.0057 0.0016 0.0011 0.0015 0.9738 0.0012 0.0053 0.0013 0.0020 
       Cal06  3 0.0008 0.0007 0.0007 0.0012 0.0021 0.0035 0.0018 0.0020 0.0041 0.9681 0.0022 0.0061 0.0021 0.0046 
       Cal07  3 0.0011 0.0006 0.0005 0.0006 0.0012 0.0151 0.0013 0.0014 0.0017 0.9590 0.0012 0.0123 0.0013 0.0027 
       Cal08  3 0.0089 0.0023 0.0020 0.0021 0.0026 0.0132 0.0026 0.0027 0.0071 0.9292 0.0020 0.0043 0.0158 0.0051 
       Cal09  3 0.0019 0.0012 0.0007 0.0008 0.0013 0.0145 0.0034 0.0016 0.0017 0.9289 0.0016 0.0250 0.0011 0.0164 
       Cal10  3 0.0024 0.0012 0.0007 0.0006 0.0029 0.0016 0.0023 0.0023 0.0022 0.9708 0.0017 0.0037 0.0035 0.0040 
       Cal11  3 0.0070 0.0024 0.0016 0.0142 0.0020 0.0124 0.0019 0.0024 0.0033 0.9332 0.0029 0.0067 0.0018 0.0084 
      Cal197  3 0.0009 0.0005 0.0004 0.0006 0.0024 0.2765 0.0013 0.0021 0.0055 0.6993 0.0014 0.0042 0.0012 0.0035 
      Cal198  3 0.0225 0.0018 0.0008 0.0006 0.0029 0.0051 0.0016 0.0476 0.0189 0.8531 0.0037 0.0350 0.0020 0.0043 
      Cal199  3 0.0015 0.0202 0.0016 0.0007 0.0014 0.0039 0.0021 0.0022 0.0014 0.9547 0.0037 0.0020 0.0017 0.0031 
      Cal200  3 0.0041 0.0006 0.0016 0.0012 0.0035 0.0287 0.0024 0.0018 0.0022 0.9238 0.0014 0.0062 0.0186 0.0038 
      Cal201  3 0.0038 0.0007 0.0006 0.0008 0.0019 0.0451 0.0012 0.0016 0.0012 0.9288 0.0013 0.0058 0.0013 0.0060 
      Cal202  3 0.0017 0.0045 0.0007 0.0008 0.0062 0.0057 0.0133 0.0145 0.0013 0.9271 0.0013 0.0033 0.0072 0.0123 
      Cal203  3 0.0063 0.0010 0.0007 0.0015 0.0014 0.0020 0.0018 0.0019 0.0014 0.9719 0.0018 0.0024 0.0020 0.0039 
      Cal204  3 0.0007 0.0008 0.0014 0.0009 0.0013 0.0022 0.0021 0.0021 0.0017 0.9768 0.0019 0.0027 0.0019 0.0037 
      Cal205  3 0.0016 0.0009 0.0006 0.0005 0.0019 0.0028 0.0017 0.0019 0.0015 0.9755 0.0017 0.0030 0.0021 0.0042 
      Cal206  3 0.0028 0.0009 0.0007 0.0007 0.0020 0.0057 0.0030 0.0016 0.0033 0.9668 0.0023 0.0025 0.0015 0.0061 
      Cal207  3 0.0008 0.0006 0.0009 0.0006 0.0015 0.0040 0.0015 0.0030 0.0012 0.9720 0.0064 0.0031 0.0013 0.0032 
      Cal208  3 0.0087 0.0011 0.0010 0.0009 0.0018 0.0044 0.0019 0.0021 0.0014 0.9661 0.0017 0.0024 0.0016 0.0050 
      Cal209  3 0.0015 0.0009 0.0006 0.0007 0.0013 0.0087 0.0018 0.0012 0.0015 0.9739 0.0012 0.0024 0.0011 0.0031 
      Cal210  3 0.0016 0.0198 0.0016 0.0007 0.0013 0.0039 0.0021 0.0023 0.0013 0.9552 0.0036 0.0020 0.0016 0.0031 
      Cal211  3 0.0008 0.0007 0.0005 0.0007 0.0013 0.0221 0.0013 0.0013 0.0016 0.9590 0.0016 0.0036 0.0023 0.0031 
      Cal212  3 0.0030 0.0010 0.0008 0.0006 0.0013 0.0064 0.0019 0.0015 0.0016 0.9673 0.0030 0.0029 0.0051 0.0034 
      Cal213  3 0.0790 0.0010 0.0005 0.0005 0.0335 0.0270 0.0019 0.0186 0.0053 0.7550 0.0029 0.0624 0.0088 0.0037 
      Cal214  3 0.0015 0.0170 0.0005 0.0007 0.0030 0.0009 0.0022 0.0036 0.0088 0.9390 0.0013 0.0023 0.0017 0.0175 
      Cal215  3 0.0020 0.0029 0.0020 0.0010 0.0020 0.0075 0.0039 0.0019 0.0030 0.9624 0.0015 0.0032 0.0020 0.0046 
      Cal216  3 0.0082 0.0006 0.0009 0.0009 0.0020 0.0959 0.0024 0.0026 0.0024 0.8683 0.0030 0.0049 0.0019 0.0059 
      Cal217  3 0.0014 0.0006 0.0006 0.0007 0.0014 0.0076 0.0013 0.0017 0.0018 0.9738 0.0012 0.0037 0.0011 0.0032 
      Cal218  3 0.0050 0.0010 0.0006 0.0006 0.0013 0.0331 0.0018 0.0013 0.0018 0.9408 0.0028 0.0034 0.0030 0.0034 
      Cal219  3 0.0038 0.0012 0.0010 0.0009 0.0018 0.0131 0.0017 0.0015 0.0013 0.9574 0.0030 0.0031 0.0015 0.0088 
      Cal220  3 0.0012 0.0026 0.0019 0.0021 0.0024 0.0049 0.0015 0.0047 0.0028 0.9342 0.0282 0.0038 0.0015 0.0083 
      Cal221  3 0.0041 0.0016 0.0006 0.0006 0.0014 0.0071 0.0019 0.0020 0.0017 0.9696 0.0027 0.0027 0.0012 0.0028 
      Cal222  3 0.0022 0.0040 0.0009 0.0007 0.0014 0.0033 0.0019 0.0020 0.0018 0.9721 0.0025 0.0031 0.0016 0.0027 
      Cal223  3 0.0034 0.0023 0.0011 0.0016 0.0051 0.0038 0.0018 0.0180 0.0053 0.8490 0.0027 0.0943 0.0027 0.0090 
      Cal224  3 0.0009 0.0010 0.0035 0.0015 0.0021 0.0018 0.0087 0.0331 0.0384 0.8976 0.0021 0.0041 0.0022 0.0030 
       Cal33  3 0.0021 0.0008 0.0005 0.0006 0.0026 0.0023 0.0016 0.0013 0.0021 0.9756 0.0016 0.0029 0.0014 0.0045 
       Cal34  3 0.0031 0.0010 0.0006 0.0007 0.0014 0.0020 0.0025 0.0063 0.0014 0.9664 0.0015 0.0052 0.0012 0.0067 
       Cal35  3 0.0011 0.0006 0.0008 0.0006 0.0015 0.0023 0.0017 0.0013 0.0012 0.9781 0.0015 0.0034 0.0026 0.0033 
       Cal37  3 0.0015 0.0007 0.0006 0.0006 0.0033 0.0026 0.0019 0.0013 0.0030 0.9504 0.0047 0.0088 0.0065 0.0143 
       Cal38  3 0.0008 0.0009 0.0007 0.0007 0.0014 0.2891 0.0011 0.0013 0.0013 0.6937 0.0017 0.0030 0.0012 0.0031 
       Cal39  3 0.0256 0.0016 0.0013 0.0009 0.0013 0.0249 0.0030 0.0013 0.0015 0.9279 0.0019 0.0037 0.0011 0.0040 
       Cal40  3 0.0015 0.0009 0.0006 0.0007 0.0013 0.0090 0.0018 0.0012 0.0016 0.9737 0.0012 0.0024 0.0011 0.0031 
       Cal41  3 0.0015 0.0009 0.0006 0.0007 0.0012 0.0036 0.0018 0.0012 0.0018 0.9786 0.0012 0.0029 0.0012 0.0027 
       Cal42  3 0.0011 0.0010 0.0006 0.0011 0.0014 0.0034 0.0019 0.0014 0.0019 0.9767 0.0012 0.0020 0.0014 0.0046 
       Cal43  3 0.0018 0.0010 0.0008 0.0007 0.0018 0.0025 0.0014 0.0017 0.0014 0.9760 0.0027 0.0031 0.0014 0.0037 
       Cal44  3 0.0062 0.0011 0.0016 0.0010 0.0015 0.0238 0.0022 0.0032 0.0019 0.9045 0.0443 0.0030 0.0023 0.0036 
        BW41  3 0.0012 0.0015 0.0010 0.0009 0.0019 0.0046 0.0316 0.0041 0.0040 0.9251 0.0026 0.0037 0.0025 0.0151 
        BW42  3 0.0254 0.0009 0.0006 0.0008 0.0101 0.0029 0.0018 0.0019 0.0076 0.9372 0.0019 0.0038 0.0016 0.0035 
        BW44  3 0.0016 0.0008 0.0006 0.0009 0.0017 0.0028 0.0014 0.0017 0.0018 0.9743 0.0019 0.0058 0.0013 0.0034 
        BW45  3 0.0011 0.0006 0.0005 0.0007 0.0011 0.0087 0.0012 0.0011 0.0012 0.9751 0.0012 0.0036 0.0013 0.0027 
        BW46  3 0.0305 0.0008 0.0008 0.0007 0.0017 0.0098 0.0033 0.0039 0.0016 0.9241 0.0017 0.0025 0.0019 0.0167 
        BW47  3 0.0013 0.0007 0.0057 0.0006 0.0015 0.0114 0.0145 0.0019 0.0060 0.9211 0.0195 0.0098 0.0035 0.0027 
        BW48  3 0.0070 0.0024 0.0025 0.0014 0.0024 0.0070 0.0043 0.0022 0.0035 0.9473 0.0031 0.0048 0.0021 0.0100 
        BW49  3 0.0008 0.0007 0.0010 0.0011 0.0014 0.0113 0.0014 0.0014 0.0015 0.9620 0.0021 0.0099 0.0010 0.0044 
        BW50  3 0.0042 0.0008 0.0006 0.0008 0.0016 0.0048 0.0023 0.0018 0.0017 0.9724 0.0015 0.0027 0.0013 0.0034 
        BW51  3 0.0190 0.0009 0.0006 0.0007 0.0015 0.1473 0.0015 0.0018 0.0013 0.7952 0.0015 0.0220 0.0010 0.0056 
        BW52  3 0.0026 0.0009 0.0007 0.0030 0.0012 0.0025 0.0016 0.0016 0.0016 0.9747 0.0015 0.0029 0.0011 0.0043 
        BW53  3 0.0014 0.0007 0.0005 0.0006 0.0021 0.0029 0.0020 0.0026 0.0047 0.9482 0.0136 0.0050 0.0046 0.0111 
        BW54  3 0.0048 0.0019 0.0009 0.0009 0.0024 0.0058 0.0049 0.0022 0.1202 0.8141 0.0112 0.0098 0.0157 0.0053 
        BW55  3 0.0182 0.0012 0.0008 0.0012 0.0017 0.0086 0.0033 0.0038 0.0015 0.9461 0.0017 0.0030 0.0024 0.0067 
        BW56  3 0.0007 0.0007 0.0005 0.0007 0.0016 0.0025 0.0031 0.0016 0.0026 0.9778 0.0011 0.0030 0.0016 0.0025 
        BW57  3 0.0016 0.0007 0.0007 0.0006 0.0023 0.0038 0.0016 0.0052 0.0019 0.9683 0.0012 0.0049 0.0017 0.0055 
        BW58  3 0.0091 0.0009 0.0005 0.0006 0.0020 0.0042 0.0018 0.0021 0.0014 0.9615 0.0028 0.0055 0.0013 0.0063 
        BW59  3 0.0029 0.0008 0.0009 0.0007 0.0014 0.0473 0.0017 0.0012 0.0078 0.9248 0.0015 0.0039 0.0013 0.0038 
        BW60  3 0.0055 0.0007 0.0007 0.0008 0.0013 0.0015 0.0019 0.0016 0.0013 0.9752 0.0015 0.0030 0.0017 0.0032 
        BW61  3 0.0114 0.0009 0.0006 0.0011 0.0189 0.0411 0.0718 0.0018 0.0025 0.8366 0.0019 0.0057 0.0017 0.0041 
        BW62  3 0.0116 0.0008 0.0007 0.0007 0.0018 0.0067 0.0042 0.0023 0.0058 0.9430 0.0024 0.0036 0.0126 0.0040 
        BW63  3 0.0179 0.0009 0.0024 0.0007 0.0048 0.0032 0.0022 0.0024 0.0081 0.8592 0.0061 0.0328 0.0451 0.0142 
        BW64  3 0.0150 0.0007 0.0006 0.0007 0.0023 0.0326 0.0014 0.0015 0.0031 0.9333 0.0012 0.0033 0.0016 0.0026 
        BW65  3 0.0014 0.0018 0.0012 0.0013 0.0031 0.0042 0.0088 0.0086 0.0035 0.9353 0.0050 0.0054 0.0039 0.0166 
        BW66  3 0.0051 0.0010 0.0006 0.0024 0.0016 0.0048 0.0034 0.0019 0.0015 0.9626 0.0015 0.0079 0.0028 0.0029 
        BW67  3 0.0014 0.0007 0.0007 0.0007 0.0012 0.1610 0.0015 0.0015 0.0013 0.8217 0.0011 0.0030 0.0017 0.0025 
        BW68  3 0.0025 0.0007 0.0017 0.0006 0.0025 0.0054 0.0042 0.0021 0.0071 0.9547 0.0028 0.0055 0.0025 0.0076 
        BW69  3 0.0048 0.0012 0.0007 0.0008 0.0015 0.0025 0.0442 0.0015 0.0015 0.9302 0.0020 0.0027 0.0013 0.0051 
        BW70  3 0.0025 0.0015 0.0008 0.0010 0.0020 0.0434 0.0015 0.0025 0.0018 0.9303 0.0020 0.0046 0.0020 0.0039 
        BW71  3 0.0007 0.0008 0.0007 0.0009 0.0010 0.0192 0.0013 0.0011 0.0013 0.9642 0.0011 0.0029 0.0009 0.0039 
        BW72  3 0.0012 0.0012 0.0062 0.0017 0.0029 0.0049 0.0073 0.0056 0.0090 0.9219 0.0031 0.0051 0.0114 0.0185 
        BW73  3 0.0009 0.0012 0.0008 0.0112 0.0106 0.0054 0.0183 0.0016 0.0025 0.9035 0.0018 0.0059 0.0024 0.0340 
        BW74  3 0.0160 0.0020 0.0008 0.0009 0.0025 0.0130 0.0038 0.0029 0.0025 0.9235 0.0024 0.0071 0.0015 0.0211 
        BW75  3 0.0009 0.0009 0.0010 0.0082 0.0050 0.0077 0.0016 0.0026 0.0073 0.9410 0.0054 0.0105 0.0012 0.0067 
        BW76  3 0.0009 0.0013 0.0019 0.0009 0.0015 0.0043 0.0041 0.0019 0.0017 0.9690 0.0016 0.0027 0.0039 0.0042 
        BW77  3 0.0022 0.0007 0.0005 0.0009 0.0040 0.0813 0.0036 0.0102 0.0141 0.8336 0.0019 0.0118 0.0016 0.0336 
        BW78  3 0.0031 0.0017 0.0011 0.0008 0.0011 0.0016 0.0019 0.0014 0.0013 0.9741 0.0013 0.0053 0.0018 0.0035 
        BW79  3 0.0019 0.0012 0.0007 0.0008 0.0017 0.0059 0.0017 0.0012 0.0015 0.9548 0.0194 0.0040 0.0014 0.0038 
        BW80  3 0.0048 0.0007 0.0005 0.0008 0.0016 0.0038 0.0016 0.0016 0.0136 0.9611 0.0024 0.0028 0.0019 0.0028 
        BW81  3 0.0139 0.0006 0.0005 0.0007 0.0026 0.0021 0.0018 0.0037 0.0014 0.9573 0.0016 0.0067 0.0014 0.0058 
       BWS05  3 0.0196 0.0022 0.0010 0.0016 0.0048 0.0376 0.0164 0.0030 0.0121 0.8684 0.0104 0.0083 0.0034 0.0110 
       BWS06  3 0.1795 0.0025 0.0007 0.0009 0.0014 0.0091 0.0020 0.0023 0.0017 0.7883 0.0021 0.0033 0.0019 0.0043 
       BWS07  3 0.0013 0.0008 0.0006 0.0005 0.0175 0.0193 0.0014 0.0012 0.0018 0.9206 0.0012 0.0064 0.0025 0.0248 
       BWS08  3 0.0007 0.0013 0.0007 0.0026 0.0033 0.0032 0.0120 0.0044 0.0019 0.9368 0.0025 0.0163 0.0111 0.0033 
       BWS09  3 0.0010 0.0007 0.0006 0.0006 0.0011 0.0165 0.0015 0.0021 0.0011 0.9655 0.0012 0.0025 0.0016 0.0039 
       BWS10  3 0.0026 0.0017 0.0007 0.0009 0.0025 0.0081 0.0018 0.0019 0.0024 0.9356 0.0032 0.0056 0.0284 0.0046 
       BWS11  3 0.0006 0.0008 0.0008 0.0007 0.0015 0.0030 0.0014 0.0014 0.0019 0.9788 0.0018 0.0024 0.0014 0.0035 
       BWS12  3 0.0058 0.0010 0.0009 0.0017 0.0023 0.0033 0.0023 0.0028 0.0034 0.9532 0.0043 0.0044 0.0020 0.0127 
       BWS13  3 0.1035 0.0010 0.0006 0.0009 0.0013 0.0017 0.0015 0.0054 0.0012 0.8709 0.0016 0.0024 0.0032 0.0049 
       BWS14  3 0.2030 0.0009 0.0006 0.0006 0.0024 0.0027 0.0023 0.0016 0.0026 0.7714 0.0028 0.0035 0.0015 0.0042 
       BWS15  3 0.0005 0.0031 0.0039 0.0024 0.0032 0.0037 0.0025 0.0033 0.0034 0.9553 0.0041 0.0045 0.0034 0.0065 
       BWS16  3 0.0030 0.0010 0.0006 0.0007 0.0015 0.0017 0.0020 0.0014 0.0020 0.9528 0.0041 0.0242 0.0018 0.0033 
       BWS17  3 0.0010 0.0011 0.0007 0.0009 0.0017 0.0020 0.0032 0.0019 0.0019 0.9755 0.0018 0.0030 0.0023 0.0029 
       BWS18  3 0.0018 0.0041 0.0008 0.0006 0.0026 0.0052 0.0019 0.0183 0.0237 0.9251 0.0018 0.0049 0.0027 0.0066 
       BWS19  3 0.0025 0.0047 0.0007 0.0008 0.0112 0.0129 0.0149 0.0084 0.0056 0.9194 0.0017 0.0047 0.0016 0.0110 
       BWS20  3 0.0028 0.0007 0.0005 0.0008 0.0015 0.0058 0.0015 0.0017 0.0015 0.9679 0.0011 0.0101 0.0015 0.0027 
       BWS21  3 0.0140 0.0046 0.0011 0.0012 0.0020 0.0027 0.0035 0.0105 0.0028 0.8679 0.0627 0.0051 0.0031 0.0188 
       BWS22  3 0.0020 0.0008 0.0007 0.0007 0.0018 0.0205 0.0019 0.0034 0.0019 0.9551 0.0015 0.0027 0.0023 0.0049 
       BWS23  3 0.0017 0.0015 0.0006 0.0006 0.0018 0.0035 0.0021 0.0150 0.0351 0.9275 0.0014 0.0040 0.0014 0.0039 
       BWS24  3 0.0008 0.0030 0.0007 0.0010 0.0048 0.0029 0.0021 0.0020 0.0028 0.9529 0.0036 0.0064 0.0053 0.0116 
       BWS25  3 0.0016 0.0009 0.0008 0.0007 0.0018 0.0017 0.0038 0.0013 0.0012 0.9648 0.0011 0.0022 0.0010 0.0171 
       BWS26  3 0.0030 0.0007 0.0007 0.0011 0.0022 0.0021 0.0022 0.0016 0.0021 0.9716 0.0017 0.0039 0.0018 0.0052 
       BWS27  3 0.0020 0.0008 0.0005 0.0006 0.0023 0.0025 0.0014 0.0013 0.0059 0.9689 0.0013 0.0079 0.0014 0.0033 
       BWS28  3 0.0316 0.0011 0.0007 0.0008 0.0021 0.0026 0.0031 0.0034 0.0266 0.8476 0.0018 0.0055 0.0154 0.0577 
       BWS29  3 0.0107 0.0014 0.0019 0.0013 0.0018 0.0026 0.0037 0.0020 0.0020 0.9555 0.0032 0.0052 0.0029 0.0059 
       BWS30  3 0.0009 0.0008 0.0008 0.0007 0.0011 0.0366 0.0019 0.0032 0.0012 0.9401 0.0015 0.0031 0.0010 0.0070 
