        TC01  1 0.0028 0.0037 0.0037 0.0015 0.0011 0.0090 0.0038 0.0027 0.9717 
        TC02  1 0.0038 0.0014 0.0047 0.0014 0.0019 0.0023 0.0016 0.0022 0.9807 
        TC03  1 0.0036 0.0018 0.0027 0.0015 0.0013 0.0013 0.0034 0.0021 0.9824 
        TC04  1 0.0753 0.0207 0.0351 0.0016 0.0046 0.0016 0.0035 0.0014 0.8562 
        TC05  1 0.0031 0.0008 0.0081 0.0008 0.0017 0.0008 0.0018 0.0009 0.9821 
        TC06  1 0.0922 0.0024 0.0075 0.0011 0.0014 0.0011 0.0020 0.0041 0.8883 
        TC07  1 0.0045 0.0010 0.0046 0.0007 0.0026 0.0035 0.0036 0.0011 0.9783 
        TC08  1 0.0056 0.0007 0.0032 0.0009 0.0023 0.0012 0.0015 0.0009 0.9835 
        TC09  1 0.0718 0.0010 0.0032 0.0006 0.0012 0.0010 0.0026 0.0348 0.8838 
        TC10  1 0.0035 0.0008 0.0018 0.0043 0.0015 0.0025 0.0071 0.0625 0.9160 
        TC11  1 0.0019 0.0010 0.0016 0.0012 0.0013 0.0025 0.0013 0.0016 0.9875 
        TC12  1 0.0127 0.0040 0.0094 0.0041 0.0046 0.0035 0.0106 0.0014 0.9496 
        TC13  1 0.0040 0.0008 0.0019 0.0012 0.0012 0.0009 0.0012 0.0041 0.9848 
        TC14  1 0.0490 0.0039 0.0048 0.0027 0.0037 0.0018 0.0032 0.0240 0.9069 
        TC15  1 0.0397 0.0020 0.0054 0.0032 0.0026 0.0008 0.0027 0.0117 0.9319 
        TC16  1 0.1405 0.0018 0.0079 0.0012 0.0100 0.0012 0.0021 0.0304 0.8049 
        TC17  1 0.0218 0.0036 0.0312 0.0031 0.0055 0.0031 0.0085 0.0740 0.8492 
        TC18  1 0.0047 0.0261 0.0096 0.0087 0.0032 0.0021 0.0082 0.0027 0.9348 
        TC19  1 0.0039 0.0008 0.0018 0.0012 0.0012 0.0012 0.0013 0.0136 0.9750 
        TC20  1 0.0044 0.0029 0.0022 0.0007 0.0017 0.0017 0.0013 0.0045 0.9806 
        TC21  1 0.0074 0.0149 0.1492 0.0041 0.0199 0.0036 0.0016 0.0011 0.7982 
        TC22  1 0.0064 0.0012 0.0056 0.0221 0.0027 0.0018 0.0022 0.0009 0.9571 
        TC23  1 0.0035 0.0013 0.0020 0.0011 0.0017 0.0021 0.0022 0.0019 0.9844 
        TC24  1 0.0023 0.0006 0.0014 0.0006 0.0014 0.0007 0.0013 0.0030 0.9886 
        TC25  1 0.0354 0.0280 0.0039 0.0016 0.0045 0.0063 0.0050 0.0130 0.9024 
        TC26  1 0.0063 0.0008 0.0037 0.0007 0.0015 0.0008 0.0017 0.0371 0.9474 
        TC27  1 0.0057 0.0011 0.0046 0.0179 0.0021 0.0010 0.0018 0.0017 0.9641 
        TC28  1 0.0170 0.0027 0.0059 0.0012 0.0067 0.0011 0.0029 0.0032 0.9593 
        TC29  1 0.0265 0.0031 0.0075 0.0007 0.0017 0.0021 0.0052 0.0036 0.9496 
        TC30  1 0.0072 0.0009 0.0025 0.0012 0.0011 0.0011 0.0022 0.0035 0.9803 
        TC31  1 0.0028 0.0074 0.0034 0.0038 0.0022 0.0095 0.0046 0.0015 0.9647 
        TC32  1 0.0535 0.0013 0.0060 0.0044 0.0239 0.0014 0.0023 0.0055 0.9018 
        TC33  1 0.0030 0.0012 0.0027 0.0013 0.0023 0.0038 0.0028 0.0022 0.9806 
        TC34  1 0.0360 0.0010 0.0037 0.0032 0.0036 0.0011 0.0069 0.0111 0.9334 
        TC35  1 0.0169 0.0034 0.0038 0.0083 0.0026 0.0051 0.0039 0.0034 0.9527 
        TC36  1 0.0040 0.0010 0.0037 0.0015 0.0016 0.0013 0.0020 0.0026 0.9822 
        TC37  1 0.0019 0.0012 0.0028 0.0011 0.0026 0.0015 0.0019 0.0012 0.9858 
        TC38  1 0.0566 0.0168 0.0049 0.0007 0.0014 0.0022 0.0032 0.0143 0.8998 
        TC39  1 0.0558 0.0018 0.0035 0.0007 0.0014 0.0013 0.0020 0.0677 0.8658 
        TC40  1 0.0176 0.0014 0.0036 0.0016 0.0056 0.0011 0.0059 0.0081 0.9550 
        TC41  1 0.0023 0.0009 0.0023 0.0015 0.0023 0.0011 0.0046 0.0017 0.9834 
        TC42  1 0.0078 0.0007 0.0024 0.0009 0.0010 0.0009 0.0014 0.0019 0.9830 
        TC43  1 0.0059 0.0013 0.0020 0.0014 0.0020 0.0009 0.0017 0.0012 0.9837 
        TC44  1 0.0259 0.0010 0.0034 0.0030 0.0016 0.0029 0.0017 0.0088 0.9517 
        TC45  1 0.0018 0.0048 0.0030 0.0006 0.0013 0.0012 0.0013 0.0081 0.9780 
        TC46  1 0.0026 0.0036 0.0049 0.0025 0.0051 0.0010 0.0026 0.0039 0.9737 
        TC47  1 0.0093 0.0012 0.0022 0.0037 0.0021 0.0013 0.0017 0.0087 0.9698 
        TC48  1 0.0050 0.0058 0.0138 0.0032 0.0121 0.0016 0.0041 0.0060 0.9485 
        TC49  1 0.0026 0.0011 0.0046 0.0010 0.0029 0.0022 0.0012 0.0024 0.9820 
        TC50  1 0.0030 0.0021 0.0035 0.0049 0.0023 0.0015 0.0063 0.0016 0.9748 
        TC51  1 0.0229 0.0015 0.0043 0.0014 0.0020 0.0037 0.0016 0.0019 0.9607 
        TC52  1 0.0041 0.0041 0.0028 0.0007 0.0049 0.0008 0.0070 0.0028 0.9729 
        TC53  1 0.0071 0.0007 0.0037 0.0032 0.0010 0.0007 0.0061 0.0021 0.9755 
        TC54  1 0.0082 0.0018 0.0065 0.0023 0.0102 0.0016 0.0047 0.0039 0.9608 
        TC55  1 0.0084 0.0021 0.0079 0.0025 0.0031 0.0012 0.0034 0.0286 0.9427 
        TC56  1 0.0103 0.0077 0.0051 0.0022 0.0062 0.0032 0.0035 0.0013 0.9605 
        TC57  1 0.0032 0.0013 0.0068 0.0056 0.0034 0.0016 0.0033 0.0067 0.9681 
        TC58  1 0.0035 0.0011 0.0037 0.0013 0.0017 0.0065 0.0012 0.0092 0.9717 
        TC59  1 0.0028 0.0006 0.0021 0.0011 0.0011 0.0012 0.0017 0.0016 0.9879 
        TA01  2 0.0094 0.0008 0.0026 0.0014 0.0010 0.0013 0.0023 0.0089 0.9723 
        TA02  2 0.0033 0.0010 0.0028 0.0008 0.0028 0.0008 0.0025 0.0017 0.9842 
        TA03  2 0.0075 0.0011 0.0032 0.0054 0.0022 0.0013 0.0030 0.0035 0.9728 
        TA04  2 0.4593 0.0008 0.0022 0.0018 0.0014 0.0010 0.0027 0.0021 0.5287 
        TA05  2 0.0030 0.0014 0.0032 0.0013 0.0015 0.0013 0.0019 0.0016 0.9847 
        TA06  2 0.0072 0.0008 0.0014 0.0009 0.0014 0.0017 0.0015 0.0064 0.9787 
        TA07  2 0.0163 0.0010 0.0068 0.0011 0.0018 0.0027 0.0032 0.0044 0.9628 
        TA08  2 0.0167 0.0016 0.0016 0.0152 0.0012 0.0009 0.0016 0.0037 0.9574 
        TA09  2 0.0069 0.0006 0.0018 0.0009 0.0013 0.0009 0.0022 0.0029 0.9826 
        TA10  2 0.0062 0.0010 0.0054 0.0009 0.0019 0.0637 0.0018 0.0043 0.9149 
        TA11  2 0.0087 0.0027 0.0047 0.0041 0.0053 0.0363 0.0021 0.0753 0.8608 
        TA12  2 0.0029 0.0009 0.0190 0.0008 0.0034 0.0272 0.0026 0.0023 0.9410 
        TA13  2 0.0408 0.0011 0.0852 0.0010 0.0083 0.0199 0.0034 0.0013 0.8389 
        TA14  2 0.0087 0.0006 0.0020 0.0007 0.0016 0.0007 0.0020 0.0035 0.9802 
        TA15  2 0.0072 0.0006 0.0028 0.0007 0.0014 0.0012 0.0014 0.0013 0.9835 
        TA16  2 0.0269 0.0008 0.0066 0.0011 0.0013 0.0218 0.0016 0.0056 0.9342 
        TA17  2 0.0042 0.0008 0.0044 0.0023 0.0022 0.0014 0.0032 0.0016 0.9799 
        TA18  2 0.0031 0.0007 0.0022 0.0122 0.0021 0.0042 0.0180 0.0010 0.9566 
        TA19  2 0.0166 0.0008 0.0036 0.0743 0.0026 0.0027 0.0031 0.0021 0.8940 
        TA20  2 0.0032 0.0013 0.0060 0.0012 0.0076 0.0011 0.0023 0.0061 0.9713 
        TA21  2 0.0100 0.0013 0.0047 0.0013 0.0032 0.0014 0.0029 0.0411 0.9342 
        TA22  2 0.0089 0.0008 0.0022 0.0008 0.0032 0.0007 0.0020 0.0014 0.9799 
        TA23  2 0.0157 0.0007 0.0017 0.0009 0.0015 0.0010 0.0015 0.0020 0.9750 
        TA24  2 0.0036 0.0009 0.0064 0.0033 0.0013 0.0010 0.0033 0.0013 0.9790 
        TA25  2 0.0052 0.0008 0.0038 0.0008 0.0014 0.1814 0.0017 0.0019 0.8030 
        TA26  2 0.0188 0.0028 0.0036 0.0015 0.0016 0.0035 0.0015 0.0542 0.9125 
        TA27  2 0.0046 0.0007 0.0062 0.0017 0.0014 0.0014 0.0030 0.0020 0.9790 
        TA28  2 0.0052 0.0052 0.0060 0.0015 0.0063 0.0009 0.0145 0.0041 0.9562 
        TA29  2 0.0102 0.0008 0.0028 0.0034 0.0014 0.0014 0.0016 0.0019 0.9765 
        TA30  2 0.1021 0.0013 0.0057 0.0073 0.0050 0.0016 0.0020 0.1504 0.7247 
      BERM01  3 0.9889 0.0006 0.0017 0.0008 0.0010 0.0009 0.0015 0.0022 0.0023 
      BERM02  3 0.9860 0.0008 0.0018 0.0007 0.0011 0.0008 0.0014 0.0035 0.0039 
      BERM03  3 0.9858 0.0008 0.0028 0.0010 0.0013 0.0012 0.0012 0.0039 0.0021 
      BERM04  3 0.9834 0.0010 0.0019 0.0014 0.0011 0.0015 0.0011 0.0070 0.0016 
      BERM05  3 0.9845 0.0014 0.0026 0.0012 0.0014 0.0017 0.0029 0.0025 0.0017 
      BERM06  3 0.9598 0.0011 0.0020 0.0012 0.0012 0.0007 0.0014 0.0302 0.0024 
      BERM07  3 0.9850 0.0008 0.0019 0.0014 0.0014 0.0014 0.0011 0.0035 0.0035 
      BERM08  3 0.9906 0.0010 0.0013 0.0008 0.0010 0.0008 0.0009 0.0012 0.0025 
      BERM09  3 0.9877 0.0005 0.0015 0.0008 0.0010 0.0009 0.0012 0.0019 0.0045 
      BERM10  3 0.9574 0.0019 0.0053 0.0042 0.0012 0.0009 0.0016 0.0217 0.0058 
      BERM11  3 0.9873 0.0011 0.0015 0.0007 0.0015 0.0012 0.0010 0.0028 0.0028 
      BERM12  3 0.9325 0.0170 0.0014 0.0008 0.0012 0.0300 0.0080 0.0033 0.0057 
      BERM13  3 0.9883 0.0007 0.0020 0.0011 0.0024 0.0011 0.0010 0.0010 0.0025 
      BERM14  3 0.9482 0.0007 0.0017 0.0009 0.0009 0.0012 0.0026 0.0388 0.0050 
      CROC01  3 0.9438 0.0013 0.0061 0.0059 0.0182 0.0016 0.0184 0.0017 0.0031 
      CROC02  3 0.9674 0.0027 0.0052 0.0008 0.0054 0.0023 0.0029 0.0097 0.0036 
      CROC03  3 0.9780 0.0027 0.0024 0.0019 0.0020 0.0014 0.0021 0.0063 0.0032 
      CROC04  3 0.8205 0.0007 0.0058 0.0010 0.0012 0.0013 0.0044 0.0014 0.1639 
      CROC05  3 0.9788 0.0009 0.0037 0.0007 0.0010 0.0015 0.0013 0.0104 0.0018 
      CROC06  3 0.9064 0.0019 0.0091 0.0012 0.0241 0.0312 0.0037 0.0074 0.0149 
      CROC07  3 0.9843 0.0009 0.0020 0.0009 0.0013 0.0009 0.0023 0.0031 0.0042 
      CROC08  3 0.9448 0.0029 0.0029 0.0017 0.0134 0.0020 0.0263 0.0029 0.0030 
      CROC09  3 0.9808 0.0011 0.0028 0.0008 0.0017 0.0008 0.0029 0.0072 0.0018 
      CROC10  3 0.9894 0.0010 0.0017 0.0009 0.0008 0.0011 0.0012 0.0020 0.0018 
      CROC11  3 0.9804 0.0011 0.0027 0.0008 0.0019 0.0008 0.0030 0.0074 0.0018 
     CROC110  3 0.9542 0.0007 0.0254 0.0013 0.0022 0.0009 0.0022 0.0072 0.0060 
     CROC116  3 0.9176 0.0033 0.0062 0.0018 0.0018 0.0012 0.0328 0.0279 0.0074 
      CROC12  3 0.9833 0.0008 0.0038 0.0008 0.0017 0.0009 0.0011 0.0037 0.0039 
     CROC123  3 0.9845 0.0009 0.0015 0.0006 0.0009 0.0006 0.0010 0.0073 0.0027 
      CROC13  3 0.9725 0.0036 0.0022 0.0011 0.0011 0.0018 0.0012 0.0142 0.0022 
      CROC14  3 0.8736 0.0011 0.0070 0.0005 0.0024 0.0896 0.0012 0.0205 0.0041 
      CROC15  3 0.8530 0.0077 0.0317 0.0015 0.0383 0.0083 0.0490 0.0025 0.0080 
      CROC16  3 0.9623 0.0096 0.0045 0.0010 0.0016 0.0013 0.0046 0.0133 0.0017 
      CROC17  3 0.8619 0.0009 0.0032 0.0007 0.0011 0.0008 0.0009 0.0019 0.1287 
      CROC18  3 0.9460 0.0127 0.0062 0.0013 0.0170 0.0009 0.0044 0.0038 0.0077 
      CROC19  3 0.9732 0.0012 0.0066 0.0036 0.0021 0.0016 0.0028 0.0012 0.0077 
     CROC198  3 0.9696 0.0009 0.0023 0.0020 0.0011 0.0018 0.0014 0.0187 0.0021 
      CROC20  3 0.9805 0.0015 0.0036 0.0014 0.0036 0.0013 0.0025 0.0037 0.0019 
     CROC202  3 0.9668 0.0082 0.0021 0.0016 0.0018 0.0020 0.0022 0.0121 0.0032 
      CROC21  3 0.9864 0.0011 0.0029 0.0010 0.0015 0.0012 0.0012 0.0017 0.0030 
     CROC216  3 0.9567 0.0017 0.0053 0.0011 0.0068 0.0011 0.0143 0.0016 0.0115 
      CROC22  3 0.8979 0.0012 0.0154 0.0009 0.0012 0.0459 0.0013 0.0296 0.0065 
      CROC23  3 0.9808 0.0011 0.0022 0.0011 0.0013 0.0009 0.0015 0.0012 0.0101 
      CROC24  3 0.9683 0.0027 0.0027 0.0007 0.0013 0.0010 0.0021 0.0179 0.0031 
      CROC25  3 0.9850 0.0007 0.0016 0.0009 0.0011 0.0013 0.0013 0.0056 0.0025 
     CROC259  3 0.9289 0.0015 0.0032 0.0012 0.0011 0.0085 0.0016 0.0022 0.0518 
      CROC26  3 0.8759 0.0012 0.0018 0.0023 0.0013 0.0019 0.0022 0.0031 0.1102 
      CROC27  3 0.9684 0.0011 0.0036 0.0015 0.0034 0.0013 0.0036 0.0058 0.0112 
      CROC28  3 0.8636 0.0007 0.0019 0.0007 0.0008 0.0010 0.0021 0.1081 0.0211 
      CROC29  3 0.9834 0.0011 0.0030 0.0010 0.0022 0.0009 0.0025 0.0028 0.0032 
      CROC30  3 0.9706 0.0017 0.0086 0.0010 0.0036 0.0015 0.0038 0.0030 0.0063 
      CROC31  3 0.9607 0.0010 0.0073 0.0010 0.0020 0.0013 0.0074 0.0073 0.0121 
      CROC32  3 0.9557 0.0008 0.0026 0.0008 0.0011 0.0017 0.0012 0.0335 0.0027 
      CROC33  3 0.9526 0.0010 0.0053 0.0013 0.0264 0.0006 0.0030 0.0014 0.0084 
      CROC34  3 0.9849 0.0010 0.0021 0.0015 0.0017 0.0017 0.0022 0.0014 0.0037 
      CROC35  3 0.9604 0.0016 0.0136 0.0005 0.0008 0.0007 0.0009 0.0017 0.0197 
      CROC36  3 0.9868 0.0010 0.0016 0.0008 0.0008 0.0011 0.0012 0.0051 0.0017 
      CROC57  3 0.9858 0.0010 0.0022 0.0009 0.0015 0.0025 0.0021 0.0021 0.0018 
      CROC81  3 0.9675 0.0097 0.0030 0.0010 0.0032 0.0014 0.0056 0.0061 0.0025 
      CROC84  3 0.9752 0.0061 0.0013 0.0005 0.0007 0.0050 0.0035 0.0028 0.0048 
        FW01  3 0.0015 0.0007 0.0013 0.0006 0.0009 0.0008 0.0010 0.9919 0.0013 
        FW02  3 0.9924 0.0005 0.0012 0.0007 0.0008 0.0008 0.0009 0.0014 0.0014 
        FW03  3 0.0013 0.0006 0.0010 0.0005 0.0007 0.0006 0.0008 0.9932 0.0011 
        FW04  3 0.9925 0.0005 0.0012 0.0006 0.0008 0.0008 0.0009 0.0014 0.0013 
        FW05  3 0.9924 0.0005 0.0012 0.0007 0.0008 0.0008 0.0009 0.0014 0.0013 
        FW06  3 0.9924 0.0005 0.0012 0.0007 0.0008 0.0008 0.0009 0.0014 0.0014 
        FW07  3 0.0013 0.0006 0.0010 0.0006 0.0007 0.0007 0.0008 0.9932 0.0011 
        FW08  3 0.9925 0.0005 0.0012 0.0007 0.0007 0.0008 0.0008 0.0014 0.0013 
        FW09  3 0.9925 0.0005 0.0012 0.0007 0.0008 0.0008 0.0008 0.0013 0.0014 
        FW10  3 0.0013 0.0006 0.0010 0.0006 0.0007 0.0006 0.0009 0.9932 0.0011 
       FW100  3 0.0015 0.0006 0.0010 0.0005 0.0007 0.0007 0.0009 0.9929 0.0012 
       FW101  3 0.0013 0.0006 0.0011 0.0005 0.0007 0.0006 0.0009 0.9931 0.0011 
       FW102  3 0.9924 0.0005 0.0012 0.0007 0.0008 0.0008 0.0008 0.0014 0.0014 
       FW103  3 0.9924 0.0005 0.0012 0.0006 0.0008 0.0008 0.0009 0.0014 0.0014 
       FW104  3 0.0015 0.0007 0.0012 0.0006 0.0009 0.0008 0.0010 0.9919 0.0012 
       FW105  3 0.0013 0.0006 0.0011 0.0006 0.0007 0.0006 0.0009 0.9931 0.0012 
       FW106  3 0.9525 0.0033 0.0082 0.0027 0.0163 0.0012 0.0064 0.0048 0.0047 
       FW107  3 0.0015 0.0008 0.0013 0.0007 0.0009 0.0008 0.0010 0.9919 0.0013 
       FW108  3 0.9924 0.0005 0.0012 0.0007 0.0007 0.0008 0.0008 0.0014 0.0014 
       FW109  3 0.0014 0.0006 0.0010 0.0005 0.0007 0.0006 0.0009 0.9931 0.0011 
        FW11  3 0.0014 0.0006 0.0010 0.0006 0.0007 0.0006 0.0009 0.9930 0.0011 
       FW110  3 0.0013 0.0006 0.0010 0.0005 0.0007 0.0007 0.0009 0.9932 0.0011 
       FW111  3 0.9924 0.0005 0.0012 0.0007 0.0008 0.0008 0.0009 0.0014 0.0014 
       FW112  3 0.0014 0.0006 0.0010 0.0005 0.0007 0.0006 0.0009 0.9930 0.0012 
       FW113  3 0.9924 0.0005 0.0012 0.0007 0.0007 0.0008 0.0008 0.0015 0.0014 
       FW114  3 0.0015 0.0006 0.0012 0.0006 0.0008 0.0006 0.0010 0.9914 0.0023 
       FW115  3 0.0013 0.0006 0.0010 0.0006 0.0007 0.0007 0.0009 0.9930 0.0011 
       FW116  3 0.9925 0.0005 0.0012 0.0006 0.0008 0.0008 0.0009 0.0014 0.0013 
        FW12  3 0.9924 0.0005 0.0012 0.0007 0.0008 0.0008 0.0009 0.0014 0.0014 
        FW13  3 0.9924 0.0005 0.0012 0.0007 0.0008 0.0008 0.0008 0.0014 0.0014 
        FW14  3 0.0015 0.0008 0.0013 0.0006 0.0009 0.0008 0.0010 0.9919 0.0012 
        FW15  3 0.0015 0.0008 0.0013 0.0006 0.0009 0.0008 0.0010 0.9919 0.0012 
        FW16  3 0.0013 0.0006 0.0010 0.0005 0.0007 0.0006 0.0009 0.9931 0.0012 
        FW17  3 0.0013 0.0006 0.0010 0.0005 0.0007 0.0006 0.0009 0.9931 0.0011 
        FW18  3 0.0014 0.0006 0.0010 0.0006 0.0007 0.0006 0.0009 0.9930 0.0012 
        FW19  3 0.9924 0.0005 0.0012 0.0007 0.0008 0.0008 0.0009 0.0014 0.0014 
        FW20  3 0.9924 0.0005 0.0012 0.0007 0.0008 0.0008 0.0009 0.0014 0.0014 
        FW21  3 0.9925 0.0005 0.0012 0.0007 0.0008 0.0008 0.0009 0.0014 0.0013 
        FW22  3 0.0014 0.0006 0.0010 0.0005 0.0007 0.0006 0.0009 0.9931 0.0011 
        FW23  3 0.9924 0.0005 0.0012 0.0007 0.0008 0.0008 0.0008 0.0014 0.0014 
        FW24  3 0.9925 0.0005 0.0012 0.0007 0.0008 0.0008 0.0008 0.0014 0.0013 
        FW25  3 0.9925 0.0005 0.0012 0.0006 0.0008 0.0008 0.0008 0.0014 0.0014 
        FW26  3 0.9924 0.0005 0.0012 0.0007 0.0008 0.0008 0.0009 0.0014 0.0014 
        FW27  3 0.0013 0.0006 0.0011 0.0005 0.0007 0.0006 0.0009 0.9932 0.0011 
        FW28  3 0.9924 0.0005 0.0012 0.0007 0.0008 0.0008 0.0009 0.0014 0.0014 
        FW29  3 0.9923 0.0005 0.0012 0.0007 0.0008 0.0008 0.0008 0.0015 0.0014 
        FW30  3 0.9518 0.0035 0.0076 0.0028 0.0168 0.0012 0.0065 0.0048 0.0051 
        FW32  3 0.0015 0.0007 0.0013 0.0006 0.0009 0.0008 0.0010 0.9920 0.0012 
        FW33  3 0.9923 0.0005 0.0012 0.0007 0.0008 0.0008 0.0009 0.0014 0.0014 
        FW34  3 0.9925 0.0005 0.0012 0.0007 0.0008 0.0008 0.0008 0.0014 0.0013 
        FW35  3 0.9924 0.0005 0.0012 0.0007 0.0008 0.0008 0.0008 0.0014 0.0014 
        FW36  3 0.9925 0.0005 0.0012 0.0007 0.0008 0.0008 0.0008 0.0013 0.0013 
        FW37  3 0.0013 0.0006 0.0010 0.0006 0.0007 0.0006 0.0009 0.9931 0.0012 
        FW51  3 0.9924 0.0005 0.0012 0.0006 0.0007 0.0008 0.0009 0.0014 0.0014 
        FW52  3 0.0013 0.0006 0.0010 0.0005 0.0007 0.0007 0.0009 0.9931 0.0011 
        FW53  3 0.9924 0.0005 0.0012 0.0007 0.0008 0.0008 0.0008 0.0014 0.0013 
        FW54  3 0.0013 0.0006 0.0011 0.0006 0.0007 0.0006 0.0009 0.9932 0.0011 
        FW55  3 0.9924 0.0005 0.0012 0.0007 0.0008 0.0008 0.0009 0.0014 0.0014 
        FW56  3 0.9924 0.0005 0.0012 0.0007 0.0008 0.0008 0.0008 0.0014 0.0014 
        FW57  3 0.9924 0.0005 0.0012 0.0007 0.0008 0.0008 0.0008 0.0014 0.0013 
        FW78  3 0.9924 0.0005 0.0012 0.0007 0.0008 0.0008 0.0008 0.0014 0.0014 
        FW79  3 0.9924 0.0005 0.0012 0.0007 0.0008 0.0008 0.0008 0.0013 0.0014 
        FW80  3 0.9924 0.0005 0.0012 0.0006 0.0008 0.0008 0.0009 0.0014 0.0014 
        FW81  3 0.0013 0.0006 0.0010 0.0006 0.0007 0.0006 0.0009 0.9932 0.0011 
        FW82  3 0.0013 0.0006 0.0010 0.0006 0.0007 0.0006 0.0009 0.9931 0.0011 
        FW83  3 0.0015 0.0008 0.0013 0.0006 0.0009 0.0008 0.0010 0.9919 0.0012 
        FW84  3 0.9924 0.0005 0.0012 0.0006 0.0008 0.0008 0.0008 0.0014 0.0014 
        FW85  3 0.0018 0.0075 0.0037 0.0006 0.0007 0.0007 0.0120 0.9677 0.0054 
        FW86  3 0.0014 0.0006 0.0011 0.0005 0.0007 0.0006 0.0009 0.9930 0.0012 
        FW87  3 0.0014 0.0006 0.0010 0.0006 0.0007 0.0007 0.0009 0.9930 0.0012 
        FW88  3 0.9925 0.0005 0.0012 0.0006 0.0008 0.0008 0.0008 0.0014 0.0014 
        FW89  3 0.9925 0.0005 0.0012 0.0007 0.0008 0.0008 0.0009 0.0014 0.0014 
        FW90  3 0.9925 0.0005 0.0012 0.0007 0.0008 0.0008 0.0008 0.0014 0.0013 
        FW91  3 0.0013 0.0006 0.0010 0.0005 0.0007 0.0006 0.0009 0.9932 0.0012 
        FW92  3 0.9924 0.0005 0.0012 0.0007 0.0008 0.0008 0.0009 0.0014 0.0014 
        FW93  3 0.9924 0.0005 0.0012 0.0007 0.0008 0.0008 0.0008 0.0014 0.0014 
        FW94  3 0.0013 0.0006 0.0010 0.0006 0.0007 0.0006 0.0009 0.9932 0.0011 
        FW95  3 0.9925 0.0005 0.0012 0.0007 0.0008 0.0008 0.0009 0.0013 0.0014 
        FW96  3 0.9924 0.0005 0.0012 0.0007 0.0008 0.0008 0.0009 0.0014 0.0013 
        FW97  3 0.9625 0.0022 0.0040 0.0050 0.0042 0.0083 0.0031 0.0078 0.0028 
        FW98  3 0.0013 0.0006 0.0010 0.0005 0.0007 0.0007 0.0009 0.9932 0.0011 
        FW99  3 0.9925 0.0005 0.0012 0.0007 0.0008 0.0008 0.0008 0.0014 0.0013 
       Cal01  3 0.9856 0.0010 0.0024 0.0008 0.0013 0.0012 0.0038 0.0014 0.0025 
       Cal02  3 0.9819 0.0012 0.0034 0.0012 0.0016 0.0010 0.0018 0.0049 0.0029 
       Cal03  3 0.8903 0.0009 0.0020 0.0006 0.0011 0.0006 0.0033 0.0989 0.0022 
       Cal04  3 0.9610 0.0021 0.0066 0.0126 0.0025 0.0012 0.0026 0.0053 0.0061 
       Cal05  3 0.9806 0.0008 0.0012 0.0008 0.0008 0.0006 0.0010 0.0064 0.0079 
       Cal06  3 0.9794 0.0009 0.0038 0.0007 0.0017 0.0017 0.0016 0.0014 0.0087 
       Cal07  3 0.9667 0.0006 0.0014 0.0006 0.0008 0.0008 0.0010 0.0017 0.0265 
       Cal08  3 0.9576 0.0016 0.0035 0.0019 0.0012 0.0025 0.0025 0.0260 0.0032 
       Cal09  3 0.9445 0.0025 0.0044 0.0010 0.0012 0.0009 0.0009 0.0030 0.0416 
       Cal10  3 0.9720 0.0014 0.0057 0.0014 0.0033 0.0008 0.0028 0.0085 0.0040 
       Cal11  3 0.9700 0.0009 0.0020 0.0013 0.0013 0.0119 0.0014 0.0069 0.0043 
      Cal197  3 0.9881 0.0006 0.0025 0.0005 0.0024 0.0007 0.0008 0.0013 0.0030 
      Cal198  3 0.7631 0.0007 0.0031 0.0014 0.0313 0.0006 0.0059 0.0803 0.1137 
      Cal199  3 0.9803 0.0013 0.0017 0.0037 0.0010 0.0010 0.0056 0.0040 0.0015 
      Cal200  3 0.9798 0.0008 0.0019 0.0005 0.0009 0.0014 0.0021 0.0100 0.0025 
      Cal201  3 0.9854 0.0006 0.0023 0.0006 0.0008 0.0011 0.0012 0.0047 0.0032 
      Cal202  3 0.9380 0.0074 0.0120 0.0041 0.0021 0.0009 0.0282 0.0032 0.0041 
      Cal203  3 0.9661 0.0010 0.0021 0.0014 0.0016 0.0024 0.0020 0.0214 0.0019 
      Cal204  3 0.9852 0.0013 0.0021 0.0011 0.0012 0.0014 0.0042 0.0009 0.0026 
      Cal205  3 0.9847 0.0008 0.0023 0.0011 0.0011 0.0006 0.0029 0.0036 0.0029 
      Cal206  3 0.9851 0.0017 0.0027 0.0009 0.0015 0.0010 0.0014 0.0038 0.0018 
      Cal207  3 0.9739 0.0007 0.0019 0.0005 0.0016 0.0008 0.0163 0.0010 0.0033 
      Cal208  3 0.9765 0.0010 0.0025 0.0010 0.0027 0.0011 0.0012 0.0116 0.0023 
      Cal209  3 0.9882 0.0009 0.0017 0.0009 0.0010 0.0009 0.0011 0.0036 0.0017 
      Cal210  3 0.9801 0.0013 0.0017 0.0036 0.0010 0.0010 0.0057 0.0041 0.0014 
      Cal211  3 0.9902 0.0006 0.0017 0.0008 0.0009 0.0009 0.0016 0.0013 0.0021 
      Cal212  3 0.9833 0.0008 0.0018 0.0011 0.0011 0.0008 0.0036 0.0057 0.0019 
      Cal213  3 0.7833 0.0009 0.0098 0.0009 0.0562 0.0006 0.0145 0.0635 0.0702 
      Cal214  3 0.9265 0.0014 0.0124 0.0460 0.0041 0.0011 0.0014 0.0048 0.0023 
      Cal215  3 0.9717 0.0036 0.0040 0.0054 0.0021 0.0018 0.0029 0.0059 0.0026 
      Cal216  3 0.9822 0.0010 0.0020 0.0006 0.0011 0.0012 0.0037 0.0040 0.0042 
      Cal217  3 0.9884 0.0006 0.0018 0.0007 0.0008 0.0010 0.0012 0.0025 0.0032 
      Cal218  3 0.9844 0.0007 0.0016 0.0010 0.0009 0.0008 0.0018 0.0069 0.0019 
      Cal219  3 0.9837 0.0009 0.0028 0.0010 0.0013 0.0010 0.0013 0.0057 0.0023 
      Cal220  3 0.9819 0.0006 0.0023 0.0019 0.0054 0.0014 0.0018 0.0022 0.0024 
      Cal221  3 0.9842 0.0008 0.0018 0.0006 0.0013 0.0007 0.0014 0.0070 0.0021 
      Cal222  3 0.9838 0.0010 0.0017 0.0020 0.0011 0.0010 0.0019 0.0052 0.0024 
      Cal223  3 0.8401 0.0008 0.0074 0.0022 0.0030 0.0016 0.0092 0.0171 0.1185 
      Cal224  3 0.8666 0.0105 0.0024 0.0010 0.0607 0.0036 0.0495 0.0014 0.0043 
       Cal33  3 0.9831 0.0008 0.0039 0.0010 0.0011 0.0008 0.0015 0.0051 0.0027 
       Cal34  3 0.9681 0.0015 0.0034 0.0035 0.0040 0.0009 0.0012 0.0065 0.0109 
       Cal35  3 0.9865 0.0010 0.0023 0.0007 0.0009 0.0007 0.0026 0.0021 0.0032 
       Cal37  3 0.9584 0.0011 0.0212 0.0008 0.0011 0.0007 0.0027 0.0025 0.0115 
       Cal38  3 0.9914 0.0005 0.0015 0.0008 0.0008 0.0008 0.0011 0.0011 0.0021 
       Cal39  3 0.9614 0.0020 0.0015 0.0010 0.0010 0.0010 0.0012 0.0280 0.0029 
       Cal40  3 0.9884 0.0009 0.0017 0.0009 0.0010 0.0009 0.0010 0.0035 0.0017 
       Cal41  3 0.9873 0.0009 0.0016 0.0010 0.0010 0.0010 0.0010 0.0036 0.0025 
       Cal42  3 0.9877 0.0011 0.0024 0.0012 0.0011 0.0015 0.0015 0.0019 0.0016 
       Cal43  3 0.9840 0.0007 0.0025 0.0011 0.0017 0.0010 0.0014 0.0050 0.0025 
       Cal44  3 0.9681 0.0009 0.0021 0.0015 0.0131 0.0015 0.0046 0.0062 0.0020 
        BW41  3 0.9487 0.0338 0.0033 0.0016 0.0045 0.0011 0.0024 0.0017 0.0028 
        BW42  3 0.9574 0.0008 0.0077 0.0010 0.0024 0.0013 0.0012 0.0232 0.0050 
        BW44  3 0.9833 0.0006 0.0020 0.0007 0.0015 0.0014 0.0014 0.0032 0.0058 
        BW45  3 0.9911 0.0005 0.0013 0.0006 0.0008 0.0008 0.0009 0.0018 0.0023 
        BW46  3 0.9836 0.0009 0.0028 0.0008 0.0013 0.0009 0.0023 0.0053 0.0020 
        BW47  3 0.9306 0.0198 0.0030 0.0010 0.0217 0.0007 0.0064 0.0023 0.0146 
        BW48  3 0.9561 0.0034 0.0052 0.0024 0.0032 0.0016 0.0027 0.0213 0.0041 
        BW49  3 0.9742 0.0007 0.0027 0.0007 0.0009 0.0015 0.0016 0.0012 0.0165 
        BW50  3 0.9834 0.0010 0.0021 0.0009 0.0011 0.0009 0.0012 0.0072 0.0022 
        BW51  3 0.9691 0.0006 0.0017 0.0009 0.0010 0.0008 0.0010 0.0063 0.0186 
        BW52  3 0.9786 0.0008 0.0021 0.0011 0.0013 0.0057 0.0010 0.0065 0.0029 
        BW53  3 0.9570 0.0011 0.0095 0.0007 0.0109 0.0008 0.0100 0.0026 0.0073 
        BW54  3 0.8731 0.0046 0.0035 0.0163 0.0513 0.0013 0.0237 0.0150 0.0112 
        BW55  3 0.9837 0.0009 0.0019 0.0010 0.0013 0.0024 0.0023 0.0041 0.0024 
        BW56  3 0.9869 0.0025 0.0019 0.0008 0.0013 0.0010 0.0013 0.0012 0.0031 
        BW57  3 0.9735 0.0008 0.0055 0.0013 0.0017 0.0008 0.0048 0.0038 0.0077 
        BW58  3 0.9649 0.0010 0.0043 0.0008 0.0032 0.0008 0.0017 0.0125 0.0109 
        BW59  3 0.9829 0.0009 0.0027 0.0007 0.0014 0.0007 0.0012 0.0069 0.0027 
        BW60  3 0.9649 0.0010 0.0018 0.0008 0.0009 0.0011 0.0022 0.0239 0.0033 
        BW61  3 0.8816 0.0816 0.0183 0.0008 0.0013 0.0018 0.0014 0.0085 0.0048 
        BW62  3 0.9726 0.0019 0.0026 0.0008 0.0024 0.0009 0.0074 0.0077 0.0037 
        BW63  3 0.8474 0.0014 0.0075 0.0009 0.0060 0.0009 0.0688 0.0363 0.0308 
        BW64  3 0.9851 0.0007 0.0019 0.0007 0.0013 0.0009 0.0012 0.0058 0.0025 
        BW65  3 0.9559 0.0052 0.0070 0.0030 0.0153 0.0017 0.0049 0.0023 0.0046 
        BW66  3 0.9711 0.0011 0.0018 0.0014 0.0011 0.0049 0.0015 0.0115 0.0056 
        BW67  3 0.9906 0.0006 0.0013 0.0006 0.0008 0.0009 0.0010 0.0021 0.0020 
        BW68  3 0.9758 0.0031 0.0051 0.0010 0.0030 0.0008 0.0033 0.0030 0.0048 
        BW69  3 0.9334 0.0495 0.0021 0.0013 0.0013 0.0014 0.0013 0.0074 0.0023 
        BW70  3 0.9836 0.0007 0.0020 0.0015 0.0014 0.0010 0.0016 0.0054 0.0028 
        BW71  3 0.9916 0.0006 0.0014 0.0006 0.0008 0.0009 0.0008 0.0010 0.0022 
        BW72  3 0.9727 0.0040 0.0058 0.0013 0.0043 0.0015 0.0051 0.0027 0.0025 
        BW73  3 0.9150 0.0182 0.0311 0.0015 0.0013 0.0213 0.0014 0.0012 0.0091 
        BW74  3 0.9736 0.0011 0.0039 0.0018 0.0012 0.0008 0.0014 0.0105 0.0056 
        BW75  3 0.9410 0.0008 0.0165 0.0008 0.0052 0.0135 0.0013 0.0015 0.0193 
        BW76  3 0.9805 0.0037 0.0025 0.0017 0.0016 0.0014 0.0050 0.0015 0.0022 
        BW77  3 0.9715 0.0022 0.0060 0.0006 0.0083 0.0013 0.0012 0.0031 0.0057 
        BW78  3 0.9662 0.0010 0.0017 0.0025 0.0011 0.0012 0.0019 0.0122 0.0122 
        BW79  3 0.9731 0.0009 0.0047 0.0011 0.0023 0.0009 0.0040 0.0045 0.0085 
        BW80  3 0.9729 0.0008 0.0033 0.0007 0.0034 0.0010 0.0019 0.0135 0.0025 
        BW81  3 0.9263 0.0010 0.0042 0.0006 0.0026 0.0009 0.0020 0.0506 0.0120 
       BWS05  3 0.9328 0.0214 0.0087 0.0036 0.0089 0.0027 0.0035 0.0126 0.0058 
       BWS06  3 0.7935 0.0009 0.0020 0.0048 0.0016 0.0015 0.0021 0.1911 0.0026 
       BWS07  3 0.9487 0.0007 0.0349 0.0009 0.0008 0.0006 0.0016 0.0019 0.0100 
       BWS08  3 0.9657 0.0058 0.0036 0.0018 0.0023 0.0040 0.0075 0.0011 0.0081 
       BWS09  3 0.9898 0.0007 0.0015 0.0007 0.0012 0.0008 0.0014 0.0020 0.0020 
       BWS10  3 0.9589 0.0012 0.0024 0.0013 0.0013 0.0010 0.0254 0.0043 0.0041 
       BWS11  3 0.9895 0.0007 0.0025 0.0008 0.0010 0.0010 0.0014 0.0009 0.0021 
       BWS12  3 0.9775 0.0008 0.0031 0.0008 0.0029 0.0024 0.0014 0.0069 0.0042 
       BWS13  3 0.7908 0.0006 0.0025 0.0011 0.0052 0.0013 0.0037 0.1926 0.0022 
       BWS14  3 0.7794 0.0010 0.0033 0.0011 0.0014 0.0007 0.0014 0.2085 0.0032 
       BWS15  3 0.9814 0.0014 0.0034 0.0020 0.0016 0.0025 0.0034 0.0008 0.0035 
       BWS16  3 0.8746 0.0011 0.0021 0.0010 0.0024 0.0009 0.0013 0.0055 0.1111 
       BWS17  3 0.9812 0.0031 0.0028 0.0011 0.0015 0.0014 0.0036 0.0021 0.0031 
       BWS18  3 0.9260 0.0009 0.0058 0.0150 0.0257 0.0008 0.0152 0.0038 0.0068 
       BWS19  3 0.9369 0.0101 0.0265 0.0076 0.0020 0.0009 0.0066 0.0044 0.0051 
       BWS20  3 0.9673 0.0007 0.0017 0.0006 0.0009 0.0011 0.0014 0.0025 0.0237 
       BWS21  3 0.8784 0.0016 0.0156 0.0040 0.0240 0.0022 0.0526 0.0142 0.0075 
       BWS22  3 0.9853 0.0009 0.0023 0.0010 0.0018 0.0009 0.0035 0.0024 0.0019 
       BWS23  3 0.9324 0.0012 0.0043 0.0028 0.0468 0.0008 0.0034 0.0036 0.0046 
       BWS24  3 0.9603 0.0012 0.0227 0.0015 0.0010 0.0017 0.0043 0.0012 0.0061 
       BWS25  3 0.9737 0.0030 0.0138 0.0010 0.0009 0.0009 0.0012 0.0035 0.0021 
       BWS26  3 0.9772 0.0012 0.0036 0.0008 0.0014 0.0020 0.0015 0.0084 0.0039 
       BWS27  3 0.9752 0.0006 0.0048 0.0008 0.0009 0.0008 0.0011 0.0042 0.0116 
       BWS28  3 0.8364 0.0023 0.0087 0.0016 0.0039 0.0008 0.0057 0.1363 0.0042 
       BWS29  3 0.9489 0.0036 0.0035 0.0013 0.0023 0.0025 0.0043 0.0281 0.0054 
       BWS30  3 0.9872 0.0010 0.0020 0.0006 0.0031 0.0009 0.0010 0.0017 0.0025 
       BWS31  3 0.9821 0.0023 0.0025 0.0010 0.0014 0.0007 0.0014 0.0020 0.0066 
       BWS32  3 0.9406 0.0010 0.0063 0.0036 0.0009 0.0014 0.0043 0.0278 0.0142 
       BWS33  3 0.9610 0.0037 0.0064 0.0018 0.0070 0.0014 0.0121 0.0040 0.0026 
       BWS34  3 0.9279 0.0016 0.0033 0.0010 0.0032 0.0024 0.0067 0.0500 0.0040 
       BWS35  3 0.9403 0.0014 0.0036 0.0038 0.0067 0.0014 0.0021 0.0334 0.0073 
       BWS36  3 0.9834 0.0011 0.0017 0.0010 0.0009 0.0020 0.0010 0.0068 0.0021 
       BWS37  3 0.9789 0.0044 0.0023 0.0010 0.0012 0.0009 0.0025 0.0042 0.0047 
       BWS38  3 0.9828 0.0009 0.0020 0.0009 0.0012 0.0014 0.0016 0.0051 0.0041 
       BWS39  3 0.9900 0.0007 0.0013 0.0008 0.0009 0.0009 0.0013 0.0015 0.0025 
       BWS40  3 0.9832 0.0011 0.0018 0.0021 0.0012 0.0023 0.0014 0.0046 0.0023 
       BWN01  3 0.9704 0.0019 0.0020 0.0011 0.0014 0.0014 0.0019 0.0089 0.0110 
       BWN02  3 0.9117 0.0010 0.0019 0.0008 0.0014 0.0007 0.0011 0.0024 0.0791 
       BWN03  3 0.9424 0.0064 0.0060 0.0024 0.0324 0.0028 0.0033 0.0013 0.0030 
       BWN04  3 0.9787 0.0011 0.0020 0.0007 0.0012 0.0072 0.0012 0.0033 0.0046 
        NC01  4 0.1200 0.0007 0.0273 0.0008 0.0016 0.0013 0.0027 0.0141 0.8316 
        NC02  4 0.0204 0.0019 0.0038 0.0008 0.0016 0.0016 0.0021 0.0057 0.9620 
        NC03  4 0.0041 0.0007 0.0042 0.0006 0.0065 0.0008 0.0011 0.0015 0.9805 
        NC04  4 0.0066 0.0008 0.0029 0.0011 0.0011 0.0009 0.0020 0.0024 0.9821 
        NC05  4 0.0167 0.0016 0.0322 0.0027 0.0021 0.0019 0.0201 0.0018 0.9209 
        NC06  4 0.0421 0.0159 0.0040 0.0016 0.0012 0.0008 0.0013 0.0039 0.9292 
        NC07  4 0.0074 0.0007 0.0020 0.0017 0.0009 0.0009 0.0014 0.0087 0.9762 
        NC08  4 0.0643 0.0020 0.0024 0.0008 0.0019 0.0014 0.0016 0.0133 0.9122 
        NC09  4 0.0126 0.0008 0.0026 0.0010 0.0019 0.0019 0.0040 0.0017 0.9736 
        NC10  4 0.2668 0.0007 0.0021 0.0006 0.0012 0.0014 0.0016 0.0034 0.7223 
        NC11  4 0.0223 0.0016 0.0064 0.0016 0.0024 0.0021 0.0031 0.0075 0.9530 
        NC12  4 0.0048 0.0028 0.0026 0.0006 0.0014 0.0007 0.0025 0.0078 0.9768 
        NC13  4 0.0072 0.0006 0.0038 0.0010 0.0301 0.0007 0.0017 0.0017 0.9534 
        NC14  4 0.0130 0.0009 0.0141 0.0008 0.0013 0.0016 0.0023 0.0059 0.9602 
        NC15  4 0.0094 0.0014 0.0037 0.0010 0.0039 0.0012 0.0016 0.0030 0.9747 
        NC16  4 0.0410 0.0007 0.0169 0.0007 0.0028 0.0012 0.0016 0.0021 0.9330 
        NC18  4 0.0118 0.0009 0.0038 0.0006 0.0022 0.0043 0.0018 0.0041 0.9705 
        NC19  4 0.0027 0.0007 0.0018 0.0005 0.0010 0.0007 0.0018 0.0028 0.9881 
        NC20  4 0.1064 0.0058 0.0027 0.0017 0.0036 0.0064 0.0031 0.0293 0.8411 
        NC21  4 0.0239 0.0009 0.0055 0.0009 0.0054 0.0008 0.0060 0.0141 0.9425 
        NC22  4 0.0047 0.0019 0.0013 0.0008 0.0011 0.0017 0.0014 0.1311 0.8562 
        NC23  4 0.0337 0.0007 0.0049 0.0011 0.0020 0.0025 0.0013 0.0027 0.9511 
        NC24  4 0.0029 0.0011 0.0019 0.0010 0.0010 0.0018 0.0014 0.0070 0.9820 
      SAND01  4 0.9845 0.0005 0.0015 0.0030 0.0009 0.0013 0.0035 0.0010 0.0038 
      SAND02  4 0.9689 0.0012 0.0016 0.0026 0.0011 0.0013 0.0015 0.0190 0.0028 
      SAND03  4 0.9876 0.0006 0.0012 0.0009 0.0009 0.0009 0.0009 0.0048 0.0021 
      SAND04  4 0.9134 0.0011 0.0026 0.0014 0.0020 0.0007 0.0015 0.0735 0.0038 
      SAND05  4 0.9709 0.0010 0.0022 0.0012 0.0017 0.0010 0.0022 0.0165 0.0032 
      SAND06  4 0.9607 0.0012 0.0032 0.0013 0.0020 0.0009 0.0023 0.0165 0.0119 
      SAND07  4 0.9837 0.0006 0.0014 0.0033 0.0010 0.0022 0.0022 0.0022 0.0033 
      SAND08  4 0.7999 0.0012 0.0017 0.0009 0.0013 0.0014 0.0010 0.0297 0.1629 
      SAND09  4 0.9313 0.0009 0.0058 0.0012 0.0053 0.0009 0.0272 0.0043 0.0231 
      SAND10  4 0.9176 0.0014 0.0022 0.0016 0.0013 0.0027 0.0019 0.0086 0.0626 
      SAND11  4 0.9845 0.0009 0.0021 0.0012 0.0012 0.0010 0.0029 0.0042 0.0021 
      SAND12  4 0.9794 0.0008 0.0022 0.0012 0.0017 0.0018 0.0027 0.0050 0.0052 
      SAND13  4 0.9193 0.0015 0.0022 0.0016 0.0012 0.0027 0.0019 0.0084 0.0612 
      SAND14  4 0.9815 0.0015 0.0018 0.0011 0.0012 0.0013 0.0018 0.0034 0.0065 
      SAND15  4 0.9802 0.0007 0.0017 0.0009 0.0012 0.0007 0.0018 0.0100 0.0028 
      SAND16  4 0.9179 0.0007 0.0131 0.0013 0.0063 0.0006 0.0135 0.0033 0.0433 
      SAND17  4 0.9873 0.0007 0.0014 0.0019 0.0009 0.0010 0.0025 0.0017 0.0026 
      SAND18  4 0.9711 0.0007 0.0018 0.0006 0.0013 0.0008 0.0012 0.0189 0.0037 
      SAND19  4 0.9705 0.0007 0.0022 0.0008 0.0014 0.0007 0.0018 0.0187 0.0031 
      SAND20  4 0.9290 0.0006 0.0015 0.0015 0.0012 0.0027 0.0016 0.0035 0.0585 
      SAND21  4 0.9840 0.0006 0.0015 0.0015 0.0010 0.0019 0.0011 0.0048 0.0036 
      SAND22  4 0.9829 0.0005 0.0014 0.0008 0.0008 0.0009 0.0013 0.0073 0.0041 
      SAND23  4 0.9123 0.0010 0.0019 0.0007 0.0014 0.0007 0.0012 0.0790 0.0018 
      SAND24  4 0.9675 0.0042 0.0040 0.0012 0.0016 0.0011 0.0030 0.0139 0.0035 
      SAND25  4 0.9218 0.0013 0.0075 0.0022 0.0062 0.0019 0.0039 0.0069 0.0483 
      SAND26  4 0.9819 0.0010 0.0014 0.0009 0.0010 0.0008 0.0014 0.0014 0.0101 
      SAND27  4 0.6756 0.0012 0.0032 0.0007 0.0018 0.0017 0.0055 0.0280 0.2823 
      SAND28  4 0.9471 0.0014 0.0020 0.0007 0.0017 0.0009 0.0013 0.0408 0.0041 
      SAND29  4 0.9709 0.0008 0.0021 0.0007 0.0015 0.0009 0.0011 0.0193 0.0028 
      SAND30  4 0.9851 0.0006 0.0019 0.0008 0.0011 0.0009 0.0019 0.0033 0.0045 
      SAND31  4 0.9095 0.0005 0.0020 0.0013 0.0009 0.0024 0.0069 0.0014 0.0750 
      SAND32  4 0.9136 0.0018 0.0032 0.0011 0.0017 0.0009 0.0018 0.0347 0.0412 
      SAND33  4 0.9790 0.0008 0.0013 0.0031 0.0011 0.0022 0.0019 0.0056 0.0049 
      SAND34  4 0.9719 0.0009 0.0022 0.0007 0.0015 0.0007 0.0024 0.0150 0.0048 
      SAND35  4 0.9891 0.0006 0.0012 0.0011 0.0008 0.0008 0.0012 0.0027 0.0024 
      SAND36  4 0.9712 0.0008 0.0017 0.0007 0.0011 0.0008 0.0013 0.0200 0.0025 
      SAND37  4 0.9777 0.0008 0.0022 0.0007 0.0013 0.0009 0.0016 0.0123 0.0025 
      SAND38  4 0.9725 0.0009 0.0023 0.0032 0.0015 0.0025 0.0022 0.0072 0.0077 
      SAND39  4 0.8644 0.0012 0.0024 0.0006 0.0013 0.0008 0.0018 0.0132 0.1143 
      SAND40  4 0.9622 0.0018 0.0032 0.0007 0.0019 0.0012 0.0025 0.0220 0.0045 
      SAND41  4 0.9793 0.0008 0.0017 0.0012 0.0013 0.0014 0.0016 0.0088 0.0041 
      SAND42  4 0.9764 0.0008 0.0021 0.0020 0.0013 0.0012 0.0036 0.0073 0.0052 
      SAND43  4 0.9704 0.0011 0.0025 0.0016 0.0019 0.0011 0.0032 0.0143 0.0039 
      SAND44  4 0.9856 0.0006 0.0014 0.0009 0.0009 0.0020 0.0010 0.0040 0.0037 
       Hon01  5 0.0014 0.0011 0.0023 0.0024 0.0018 0.0014 0.0015 0.0009 0.9871 
       Hon02  5 0.0113 0.0010 0.0020 0.0006 0.0015 0.0010 0.0033 0.0011 0.9783 
       Hon03  5 0.0110 0.0157 0.0065 0.0032 0.0015 0.0250 0.0531 0.0007 0.8834 
       Hon04  5 0.0024 0.0008 0.0023 0.0013 0.0019 0.0012 0.0042 0.0009 0.9851 
       Hon05  5 0.0023 0.0014 0.0021 0.0008 0.0013 0.0015 0.0014 0.0012 0.9882 
       Hon06  5 0.0016 0.0005 0.0017 0.0020 0.0012 0.0010 0.0012 0.0011 0.9897 
       Hon07  5 0.0019 0.0010 0.0017 0.0009 0.0014 0.0016 0.0014 0.0011 0.9890 
       Hon08  5 0.0021 0.0007 0.0020 0.0007 0.0024 0.0010 0.0019 0.0029 0.9862 
       Hon09  5 0.0693 0.0012 0.0016 0.0010 0.0017 0.0025 0.0015 0.0008 0.9205 
       Hon10  5 0.0023 0.0027 0.0023 0.0053 0.0021 0.0160 0.0033 0.0011 0.9648 
       Hon11  5 0.0067 0.0015 0.0490 0.0066 0.0048 0.0031 0.0022 0.0025 0.9237 
       Hon12  5 0.0136 0.0014 0.0015 0.0016 0.0015 0.0029 0.0044 0.0009 0.9721 
       Hon13  5 0.0021 0.0013 0.0023 0.0010 0.0010 0.0012 0.0016 0.0011 0.9885 
       Hon14  5 0.0018 0.0113 0.0033 0.0010 0.0013 0.0021 0.0117 0.0011 0.9663 
       Hon15  5 0.0015 0.0008 0.0018 0.0033 0.0025 0.0010 0.0034 0.0008 0.9848 
       Hon16  5 0.0021 0.0007 0.0021 0.0007 0.0023 0.0010 0.0019 0.0030 0.9862 
       Hon17  5 0.0017 0.0006 0.0021 0.0007 0.0016 0.0011 0.0012 0.0013 0.9896 
       Hon18  5 0.0601 0.0007 0.0021 0.0014 0.0021 0.0011 0.0014 0.0011 0.9300 
       Hon19  5 0.0023 0.0007 0.0023 0.0010 0.0014 0.0064 0.0198 0.0012 0.9649 
       Hon20  5 0.0018 0.0007 0.0098 0.0033 0.0022 0.0021 0.0016 0.0015 0.9770 
      ERIN01  6 0.0011 0.0008 0.0013 0.0008 0.0009 0.9924 0.0011 0.0007 0.0010 
      ERIN02  6 0.0010 0.0008 0.0013 0.0009 0.0009 0.9923 0.0010 0.0007 0.0010 
      ERIN03  6 0.0011 0.0008 0.0013 0.0009 0.0009 0.9922 0.0010 0.0007 0.0011 
      ERIN04  6 0.0011 0.0008 0.0013 0.0008 0.0009 0.9923 0.0010 0.0007 0.0010 
      ERIN05  6 0.0011 0.0008 0.0013 0.0009 0.0009 0.9922 0.0011 0.0007 0.0011 
      ERIN06  6 0.0011 0.0008 0.0013 0.0008 0.0009 0.9923 0.0011 0.0007 0.0010 
      ERIN07  6 0.0010 0.0008 0.0013 0.0008 0.0009 0.9924 0.0011 0.0007 0.0010 
      ERIN08  6 0.0011 0.0008 0.0013 0.0008 0.0009 0.9923 0.0010 0.0007 0.0011 
      ERIN09  6 0.0011 0.0008 0.0013 0.0009 0.0009 0.9923 0.0010 0.0007 0.0010 
      ERIN10  6 0.0011 0.0008 0.0013 0.0008 0.0009 0.9924 0.0010 0.0007 0.0010 
      ERIN11  6 0.0011 0.0008 0.0093 0.0009 0.0009 0.9817 0.0011 0.0007 0.0036 
      ERIN12  6 0.0011 0.0008 0.0013 0.0008 0.0009 0.9924 0.0010 0.0007 0.0010 
      ERIN13  6 0.0011 0.0007 0.0013 0.0008 0.0009 0.9924 0.0010 0.0007 0.0010 
      ERIN14  6 0.0010 0.0008 0.0013 0.0008 0.0009 0.9923 0.0011 0.0007 0.0010 
      ERIN15  6 0.0010 0.0008 0.0013 0.0008 0.0009 0.9924 0.0011 0.0007 0.0010 
      ERIN16  6 0.0011 0.0008 0.0015 0.0008 0.0009 0.9921 0.0010 0.0007 0.0011 
      ERIN17  6 0.0010 0.0007 0.0013 0.0008 0.0009 0.9924 0.0010 0.0007 0.0011 
      ERIN18  6 0.0010 0.0008 0.0013 0.0008 0.0009 0.9924 0.0010 0.0007 0.0010 
      ERIN19  6 0.0011 0.0007 0.0013 0.0008 0.0009 0.9923 0.0011 0.0007 0.0010 
      ERIN20  6 0.0010 0.0008 0.0014 0.0008 0.0009 0.9923 0.0010 0.0007 0.0010 
      ERIN21  6 0.0011 0.0008 0.0013 0.0008 0.0009 0.9924 0.0011 0.0007 0.0010 
      ERIN22  6 0.0011 0.0008 0.0013 0.0008 0.0009 0.9923 0.0010 0.0007 0.0010 
      ERIN23  6 0.0010 0.0008 0.0013 0.0008 0.0009 0.9924 0.0010 0.0007 0.0010 
      ERIN24  6 0.0011 0.0007 0.0013 0.0008 0.0009 0.9924 0.0010 0.0007 0.0011 
      ERIN25  6 0.0011 0.0008 0.0013 0.0008 0.0009 0.9923 0.0010 0.0007 0.0011 
      ERIN26  6 0.0011 0.0008 0.0013 0.0008 0.0009 0.9923 0.0011 0.0007 0.0010 
      ERIN27  6 0.0010 0.0008 0.0013 0.0008 0.0009 0.9924 0.0010 0.0007 0.0010 
      ERIN28  6 0.0011 0.0008 0.0013 0.0008 0.0009 0.9923 0.0010 0.0007 0.0011 
      ERIN29  6 0.0010 0.0007 0.0013 0.0008 0.0009 0.9924 0.0010 0.0007 0.0010 
      ERIN30  6 0.0011 0.0008 0.0013 0.0008 0.0009 0.9923 0.0011 0.0007 0.0010 
      ERIN31  6 0.0011 0.0008 0.0013 0.0008 0.0009 0.9923 0.0010 0.0007 0.0010 
      ERIN32  6 0.0011 0.0008 0.0013 0.0008 0.0009 0.9924 0.0010 0.0007 0.0010 
      ERIN33  6 0.0011 0.0008 0.0013 0.0008 0.0009 0.9924 0.0011 0.0007 0.0010 
      ERIN34  6 0.0010 0.0007 0.0013 0.0008 0.0009 0.9924 0.0010 0.0007 0.0010 
      ERIN35  6 0.0010 0.0008 0.0013 0.0008 0.0009 0.9924 0.0010 0.0007 0.0010 
      ERIN38  6 0.0010 0.0007 0.0013 0.0008 0.0009 0.9924 0.0010 0.0007 0.0010 
      ERIN39  6 0.0010 0.0008 0.0013 0.0008 0.0009 0.9924 0.0010 0.0007 0.0010 
      ERIN40  6 0.0011 0.0008 0.0013 0.0008 0.0009 0.9924 0.0010 0.0007 0.0010 
      ERIN41  6 0.0010 0.0008 0.0013 0.0008 0.0009 0.9924 0.0010 0.0007 0.0010 
      ERIN42  6 0.0010 0.0008 0.0013 0.0008 0.0009 0.9923 0.0011 0.0007 0.0010 
      ERIN43  6 0.0010 0.0008 0.0013 0.0008 0.0009 0.9923 0.0010 0.0007 0.0010 
      ERIN44  6 0.0010 0.0008 0.0014 0.0008 0.0009 0.9923 0.0010 0.0007 0.0010 
      ERIN45  6 0.0010 0.0008 0.0013 0.0008 0.0009 0.9923 0.0010 0.0007 0.0010 
      ERIN46  6 0.0010 0.0007 0.0013 0.0008 0.0009 0.9924 0.0010 0.0007 0.0010 
      ERIN47  6 0.0010 0.0008 0.0013 0.0008 0.0009 0.9924 0.0011 0.0007 0.0011 
       FDS01  6 0.0011 0.0008 0.0013 0.0008 0.0009 0.9923 0.0010 0.0007 0.0010 
       FDS02  6 0.0010 0.0008 0.0013 0.0008 0.0009 0.9924 0.0010 0.0007 0.0010 
       FDS03  6 0.0011 0.0008 0.0015 0.0009 0.0009 0.9921 0.0010 0.0007 0.0011 
       FDS04  6 0.0011 0.0008 0.0013 0.0008 0.0009 0.9923 0.0011 0.0007 0.0010 
       FDS05  6 0.0011 0.0007 0.0013 0.0008 0.0009 0.9924 0.0010 0.0007 0.0011 
       FDS06  6 0.0011 0.0008 0.0013 0.0008 0.0009 0.9924 0.0010 0.0007 0.0010 
       FDS07  6 0.0010 0.0008 0.0013 0.0008 0.0009 0.9924 0.0011 0.0007 0.0010 
