        TC01  1 0.0038 0.9734 0.0007 0.0011 0.0017 0.0037 0.0028 0.0128 
        TC02  1 0.0012 0.9842 0.0010 0.0012 0.0013 0.0049 0.0036 0.0027 
        TC03  1 0.0018 0.9866 0.0007 0.0016 0.0012 0.0030 0.0032 0.0020 
        TC04  1 0.0150 0.8335 0.0022 0.0015 0.0009 0.0467 0.0980 0.0023 
        TC05  1 0.0008 0.9841 0.0006 0.0011 0.0006 0.0081 0.0036 0.0011 
        TC06  1 0.0022 0.8917 0.0018 0.0010 0.0023 0.0071 0.0925 0.0015 
        TC07  1 0.0009 0.9834 0.0004 0.0025 0.0007 0.0043 0.0054 0.0023 
        TC08  1 0.0006 0.9861 0.0026 0.0014 0.0006 0.0034 0.0036 0.0016 
        TC09  1 0.0010 0.8812 0.0720 0.0011 0.0183 0.0029 0.0223 0.0010 
        TC10  1 0.0007 0.9257 0.0005 0.0026 0.0547 0.0027 0.0055 0.0075 
        TC11  1 0.0010 0.9902 0.0007 0.0010 0.0010 0.0018 0.0016 0.0028 
        TC12  1 0.0035 0.9465 0.0008 0.0023 0.0008 0.0166 0.0151 0.0144 
        TC13  1 0.0007 0.9878 0.0014 0.0008 0.0026 0.0022 0.0031 0.0014 
        TC14  1 0.0033 0.8872 0.0011 0.0032 0.0127 0.0050 0.0843 0.0033 
        TC15  1 0.0018 0.9335 0.0049 0.0018 0.0068 0.0072 0.0423 0.0017 
        TC16  1 0.0019 0.8485 0.0727 0.0025 0.0217 0.0093 0.0419 0.0016 
        TC17  1 0.0035 0.8440 0.0010 0.0075 0.0514 0.0282 0.0567 0.0077 
        TC18  1 0.0255 0.9432 0.0009 0.0042 0.0017 0.0094 0.0038 0.0114 
        TC19  1 0.0007 0.9787 0.0047 0.0009 0.0086 0.0020 0.0027 0.0016 
        TC20  1 0.0025 0.9846 0.0017 0.0011 0.0028 0.0023 0.0035 0.0015 
        TC21  1 0.0124 0.7991 0.0020 0.0041 0.0007 0.1737 0.0038 0.0043 
        TC22  1 0.0011 0.9726 0.0024 0.0014 0.0005 0.0105 0.0046 0.0069 
        TC23  1 0.0011 0.9868 0.0006 0.0013 0.0012 0.0024 0.0039 0.0026 
        TC24  1 0.0005 0.9911 0.0008 0.0013 0.0019 0.0015 0.0019 0.0010 
        TC25  1 0.0264 0.9000 0.0016 0.0043 0.0076 0.0054 0.0463 0.0083 
        TC26  1 0.0008 0.9607 0.0008 0.0012 0.0238 0.0038 0.0079 0.0011 
        TC27  1 0.0011 0.9780 0.0006 0.0016 0.0010 0.0042 0.0074 0.0060 
        TC28  1 0.0027 0.9536 0.0005 0.0022 0.0019 0.0085 0.0286 0.0020 
        TC29  1 0.0031 0.9322 0.0006 0.0025 0.0021 0.0065 0.0510 0.0020 
        TC30  1 0.0008 0.9844 0.0023 0.0011 0.0020 0.0024 0.0053 0.0016 
        TC31  1 0.0074 0.9697 0.0017 0.0022 0.0009 0.0045 0.0021 0.0114 
        TC32  1 0.0012 0.8569 0.0016 0.0013 0.0032 0.0525 0.0815 0.0016 
        TC33  1 0.0011 0.9852 0.0006 0.0024 0.0013 0.0030 0.0031 0.0033 
        TC34  1 0.0009 0.9279 0.0011 0.0043 0.0077 0.0045 0.0492 0.0043 
        TC35  1 0.0026 0.9446 0.0018 0.0010 0.0020 0.0058 0.0132 0.0288 
        TC36  1 0.0010 0.9857 0.0011 0.0013 0.0015 0.0041 0.0036 0.0018 
        TC37  1 0.0011 0.9890 0.0006 0.0015 0.0008 0.0035 0.0016 0.0018 
        TC38  1 0.0195 0.9106 0.0181 0.0014 0.0092 0.0049 0.0343 0.0020 
        TC39  1 0.0017 0.8661 0.0010 0.0012 0.0471 0.0035 0.0781 0.0014 
        TC40  1 0.0014 0.9512 0.0010 0.0081 0.0044 0.0045 0.0272 0.0022 
        TC41  1 0.0009 0.9885 0.0006 0.0012 0.0010 0.0034 0.0021 0.0023 
        TC42  1 0.0006 0.9854 0.0008 0.0010 0.0012 0.0022 0.0074 0.0013 
        TC43  1 0.0012 0.9845 0.0007 0.0012 0.0007 0.0025 0.0076 0.0015 
        TC44  1 0.0010 0.9611 0.0102 0.0012 0.0051 0.0034 0.0130 0.0050 
        TC45  1 0.0045 0.9825 0.0005 0.0007 0.0053 0.0034 0.0018 0.0012 
        TC46  1 0.0035 0.9804 0.0006 0.0018 0.0022 0.0065 0.0024 0.0026 
        TC47  1 0.0012 0.9751 0.0046 0.0012 0.0051 0.0031 0.0060 0.0038 
        TC48  1 0.0058 0.9583 0.0006 0.0096 0.0034 0.0138 0.0055 0.0030 
        TC49  1 0.0011 0.9851 0.0005 0.0011 0.0014 0.0057 0.0028 0.0023 
        TC50  1 0.0020 0.9819 0.0013 0.0027 0.0010 0.0048 0.0024 0.0039 
        TC51  1 0.0014 0.9685 0.0055 0.0013 0.0011 0.0041 0.0143 0.0040 
        TC52  1 0.0037 0.9806 0.0010 0.0043 0.0016 0.0043 0.0035 0.0010 
        TC53  1 0.0006 0.9808 0.0010 0.0011 0.0013 0.0037 0.0083 0.0033 
        TC54  1 0.0016 0.9673 0.0010 0.0062 0.0024 0.0081 0.0104 0.0030 
        TC55  1 0.0023 0.9494 0.0006 0.0026 0.0179 0.0106 0.0144 0.0022 
        TC56  1 0.0068 0.9588 0.0005 0.0056 0.0008 0.0051 0.0182 0.0041 
        TC57  1 0.0012 0.9758 0.0009 0.0026 0.0038 0.0074 0.0028 0.0054 
        TC58  1 0.0010 0.9779 0.0011 0.0009 0.0053 0.0044 0.0031 0.0063 
        TC59  1 0.0006 0.9901 0.0006 0.0010 0.0010 0.0022 0.0028 0.0017 
        TA01  2 0.0007 0.9776 0.0039 0.0011 0.0053 0.0030 0.0067 0.0019 
        TA02  2 0.0009 0.9866 0.0008 0.0030 0.0010 0.0032 0.0034 0.0011 
        TA03  2 0.0010 0.9786 0.0027 0.0020 0.0022 0.0037 0.0061 0.0037 
        TA04  2 0.0008 0.5777 0.0716 0.0012 0.0016 0.0030 0.3422 0.0020 
        TA05  2 0.0012 0.9874 0.0017 0.0013 0.0010 0.0031 0.0024 0.0018 
        TA06  2 0.0007 0.9826 0.0021 0.0010 0.0040 0.0018 0.0059 0.0019 
        TA07  2 0.0010 0.9679 0.0030 0.0021 0.0025 0.0055 0.0154 0.0027 
        TA08  2 0.0014 0.9695 0.0020 0.0012 0.0022 0.0019 0.0172 0.0046 
        TA09  2 0.0006 0.9845 0.0017 0.0012 0.0018 0.0020 0.0068 0.0013 
        TA10  2 0.0009 0.9402 0.0012 0.0011 0.0023 0.0066 0.0055 0.0421 
        TA11  2 0.0026 0.8973 0.0070 0.0017 0.0459 0.0058 0.0053 0.0345 
        TA12  2 0.0008 0.9568 0.0008 0.0013 0.0014 0.0213 0.0028 0.0147 
        TA13  2 0.0011 0.8532 0.0146 0.0024 0.0008 0.0817 0.0321 0.0141 
        TA14  2 0.0006 0.9818 0.0010 0.0017 0.0020 0.0023 0.0097 0.0010 
        TA15  2 0.0005 0.9837 0.0007 0.0011 0.0008 0.0027 0.0092 0.0014 
        TA16  2 0.0007 0.9428 0.0072 0.0010 0.0031 0.0055 0.0225 0.0172 
        TA17  2 0.0007 0.9832 0.0007 0.0022 0.0010 0.0048 0.0043 0.0030 
        TA18  2 0.0007 0.9753 0.0013 0.0025 0.0006 0.0135 0.0025 0.0036 
        TA19  2 0.0008 0.9069 0.0214 0.0014 0.0014 0.0090 0.0103 0.0488 
        TA20  2 0.0011 0.9760 0.0006 0.0090 0.0037 0.0042 0.0037 0.0016 
        TA21  2 0.0012 0.9492 0.0012 0.0024 0.0279 0.0047 0.0114 0.0020 
        TA22  2 0.0007 0.9761 0.0006 0.0022 0.0008 0.0026 0.0158 0.0011 
        TA23  2 0.0007 0.9661 0.0010 0.0011 0.0013 0.0020 0.0266 0.0013 
        TA24  2 0.0008 0.9844 0.0013 0.0013 0.0008 0.0058 0.0029 0.0027 
        TA25  2 0.0008 0.8355 0.0012 0.0008 0.0011 0.0063 0.0048 0.1496 
        TA26  2 0.0032 0.9177 0.0041 0.0015 0.0407 0.0035 0.0257 0.0037 
        TA27  2 0.0006 0.9842 0.0014 0.0019 0.0012 0.0050 0.0036 0.0022 
        TA28  2 0.0066 0.9606 0.0017 0.0119 0.0024 0.0112 0.0042 0.0013 
        TA29  2 0.0008 0.9751 0.0009 0.0010 0.0012 0.0031 0.0149 0.0030 
        TA30  2 0.0013 0.7408 0.0968 0.0025 0.1335 0.0050 0.0163 0.0038 
      BERM01  3 0.0006 0.0012 0.0468 0.0009 0.0013 0.0019 0.9463 0.0012 
      BERM02  3 0.0007 0.0016 0.0026 0.0009 0.0016 0.0020 0.9897 0.0009 
      BERM03  3 0.0007 0.0010 0.0007 0.0009 0.0019 0.0022 0.9912 0.0014 
      BERM04  3 0.0008 0.0008 0.0022 0.0008 0.0034 0.0016 0.9886 0.0018 
      BERM05  3 0.0010 0.0008 0.0015 0.0013 0.0012 0.0022 0.9903 0.0017 
      BERM06  3 0.0008 0.0011 0.0028 0.0007 0.0134 0.0021 0.9778 0.0011 
      BERM07  3 0.0007 0.0015 0.0050 0.0008 0.0018 0.0021 0.9855 0.0026 
      BERM08  3 0.0008 0.0012 0.0032 0.0006 0.0008 0.0015 0.9908 0.0011 
      BERM09  3 0.0005 0.0025 0.0531 0.0007 0.0012 0.0018 0.9389 0.0013 
      BERM10  3 0.0014 0.0021 0.0051 0.0009 0.0101 0.0035 0.9747 0.0023 
      BERM11  3 0.0008 0.0012 0.0012 0.0008 0.0016 0.0016 0.9916 0.0012 
      BERM12  3 0.0157 0.0032 0.0006 0.0029 0.0016 0.0016 0.9655 0.0089 
      BERM13  3 0.0006 0.0011 0.0029 0.0008 0.0006 0.0028 0.9894 0.0018 
      BERM14  3 0.0006 0.0018 0.0020 0.0010 0.0132 0.0017 0.9781 0.0015 
      CROC01  3 0.0011 0.0015 0.0024 0.0065 0.0009 0.0064 0.9762 0.0050 
      CROC02  3 0.0015 0.0013 0.0009 0.0011 0.0034 0.0044 0.9856 0.0017 
      CROC03  3 0.0016 0.0013 0.0012 0.0011 0.0026 0.0024 0.9879 0.0019 
      CROC04  3 0.0006 0.0901 0.0016 0.0027 0.0007 0.0062 0.8965 0.0015 
      CROC05  3 0.0007 0.0009 0.0015 0.0009 0.0039 0.0026 0.9881 0.0013 
      CROC06  3 0.0013 0.0063 0.0034 0.0106 0.0027 0.0120 0.9340 0.0298 
      CROC07  3 0.0007 0.0016 0.0011 0.0010 0.0016 0.0023 0.9904 0.0013 
      CROC08  3 0.0021 0.0014 0.0014 0.0213 0.0014 0.0023 0.9677 0.0024 
      CROC09  3 0.0009 0.0009 0.0475 0.0024 0.0039 0.0026 0.9408 0.0010 
      CROC10  3 0.0008 0.0010 0.0558 0.0007 0.0012 0.0020 0.9371 0.0014 
      CROC11  3 0.0009 0.0009 0.0475 0.0025 0.0035 0.0025 0.9412 0.0010 
     CROC110  3 0.0006 0.0021 0.0032 0.0018 0.0032 0.0111 0.9764 0.0014 
     CROC116  3 0.0019 0.0027 0.0010 0.0034 0.0092 0.0046 0.9753 0.0018 
      CROC12  3 0.0007 0.0016 0.0033 0.0008 0.0018 0.0029 0.9878 0.0011 
     CROC123  3 0.0007 0.0013 0.0024 0.0007 0.0043 0.0015 0.9882 0.0008 
      CROC13  3 0.0020 0.0010 0.0009 0.0008 0.0047 0.0020 0.9863 0.0022 
      CROC14  3 0.0030 0.0039 0.0014 0.0029 0.0064 0.0242 0.9058 0.0524 
      CROC15  3 0.0048 0.0030 0.0011 0.0880 0.0015 0.0212 0.8751 0.0053 
      CROC16  3 0.0052 0.0009 0.0285 0.0020 0.0062 0.0038 0.9515 0.0020 
      CROC17  3 0.0008 0.0680 0.0011 0.0006 0.0012 0.0048 0.9226 0.0010 
      CROC18  3 0.0111 0.0034 0.0010 0.0010 0.0017 0.0145 0.9657 0.0017 
      CROC19  3 0.0009 0.0021 0.0014 0.0011 0.0007 0.0040 0.9873 0.0025 
     CROC198  3 0.0007 0.0011 0.0083 0.0010 0.0060 0.0021 0.9783 0.0026 
      CROC20  3 0.0011 0.0009 0.0018 0.0014 0.0018 0.0033 0.9879 0.0017 
     CROC202  3 0.0039 0.0013 0.0014 0.0011 0.0058 0.0023 0.9813 0.0030 
      CROC21  3 0.0008 0.0013 0.0046 0.0009 0.0009 0.0027 0.9873 0.0015 
     CROC216  3 0.0014 0.0063 0.0016 0.0083 0.0009 0.0069 0.9733 0.0014 
      CROC22  3 0.0010 0.0041 0.0017 0.0008 0.0132 0.0097 0.9453 0.0242 
      CROC23  3 0.0009 0.0043 0.0365 0.0010 0.0007 0.0024 0.9529 0.0013 
      CROC24  3 0.0017 0.0014 0.0073 0.0012 0.0072 0.0022 0.9777 0.0012 
      CROC25  3 0.0006 0.0011 0.0012 0.0009 0.0029 0.0017 0.9904 0.0013 
     CROC259  3 0.0011 0.0111 0.0016 0.0009 0.0011 0.0022 0.9763 0.0056 
      CROC26  3 0.0009 0.0619 0.0024 0.0013 0.0018 0.0018 0.9276 0.0023 
      CROC27  3 0.0009 0.0022 0.0040 0.0027 0.0027 0.0027 0.9831 0.0016 
      CROC28  3 0.0006 0.0076 0.0116 0.0010 0.1211 0.0017 0.8553 0.0011 
      CROC29  3 0.0008 0.0012 0.0007 0.0015 0.0014 0.0021 0.9909 0.0012 
      CROC30  3 0.0011 0.0021 0.0030 0.0017 0.0018 0.0059 0.9828 0.0015 
      CROC31  3 0.0008 0.0028 0.0104 0.0016 0.0024 0.0041 0.9760 0.0018 
      CROC32  3 0.0007 0.0012 0.0015 0.0007 0.0104 0.0021 0.9819 0.0015 
      CROC33  3 0.0007 0.0037 0.0008 0.0228 0.0008 0.0047 0.9655 0.0011 
      CROC34  3 0.0008 0.0014 0.0009 0.0011 0.0008 0.0021 0.9911 0.0018 
      CROC35  3 0.0011 0.0056 0.0014 0.0006 0.0011 0.0063 0.9830 0.0009 
      CROC36  3 0.0008 0.0009 0.0312 0.0008 0.0031 0.0017 0.9603 0.0012 
      CROC57  3 0.0008 0.0008 0.0011 0.0011 0.0010 0.0020 0.9914 0.0018 
      CROC81  3 0.0043 0.0013 0.0014 0.0026 0.0031 0.0032 0.9829 0.0014 
      CROC84  3 0.0038 0.0021 0.0037 0.0016 0.0019 0.0013 0.9830 0.0025 
        FW01  3 0.0007 0.0007 0.0005 0.0007 0.9935 0.0014 0.0014 0.0011 
        FW02  3 0.0005 0.0006 0.9949 0.0005 0.0005 0.0011 0.0011 0.0008 
        FW03  3 0.0006 0.0006 0.0005 0.0006 0.9946 0.0012 0.0011 0.0009 
        FW04  3 0.0005 0.0005 0.9949 0.0005 0.0006 0.0011 0.0011 0.0008 
        FW05  3 0.0005 0.0005 0.9949 0.0005 0.0006 0.0011 0.0011 0.0008 
        FW06  3 0.0005 0.0006 0.9948 0.0005 0.0006 0.0011 0.0011 0.0008 
        FW07  3 0.0005 0.0006 0.0006 0.0006 0.9946 0.0012 0.0011 0.0008 
        FW08  3 0.0005 0.0006 0.9949 0.0005 0.0006 0.0011 0.0011 0.0008 
        FW09  3 0.0005 0.0005 0.9949 0.0005 0.0006 0.0011 0.0011 0.0008 
        FW10  3 0.0006 0.0006 0.0006 0.0006 0.9945 0.0012 0.0011 0.0008 
       FW100  3 0.0006 0.0006 0.0007 0.0006 0.9944 0.0012 0.0011 0.0009 
       FW101  3 0.0006 0.0006 0.0005 0.0006 0.9946 0.0012 0.0011 0.0008 
       FW102  3 0.0005 0.0005 0.9949 0.0005 0.0006 0.0011 0.0011 0.0008 
       FW103  3 0.0005 0.0006 0.9949 0.0005 0.0006 0.0011 0.0011 0.0008 
       FW104  3 0.0007 0.0007 0.0005 0.0007 0.9936 0.0014 0.0013 0.0011 
       FW105  3 0.0006 0.0006 0.0005 0.0006 0.9945 0.0012 0.0011 0.0009 
       FW106  3 0.0020 0.0020 0.0054 0.0028 0.0021 0.0076 0.9763 0.0018 
       FW107  3 0.0007 0.0007 0.0005 0.0007 0.9935 0.0014 0.0013 0.0011 
       FW108  3 0.0005 0.0006 0.9949 0.0005 0.0006 0.0011 0.0011 0.0008 
       FW109  3 0.0006 0.0006 0.0006 0.0006 0.9946 0.0011 0.0011 0.0009 
        FW11  3 0.0005 0.0006 0.0007 0.0006 0.9944 0.0012 0.0011 0.0009 
       FW110  3 0.0006 0.0006 0.0005 0.0006 0.9946 0.0012 0.0011 0.0008 
       FW111  3 0.0005 0.0006 0.9948 0.0005 0.0006 0.0011 0.0011 0.0008 
       FW112  3 0.0006 0.0006 0.0007 0.0006 0.9944 0.0012 0.0011 0.0008 
       FW113  3 0.0005 0.0005 0.9949 0.0005 0.0005 0.0011 0.0011 0.0008 
       FW114  3 0.0006 0.0016 0.0005 0.0007 0.9928 0.0015 0.0014 0.0009 
       FW115  3 0.0005 0.0006 0.0005 0.0006 0.9945 0.0012 0.0011 0.0009 
       FW116  3 0.0005 0.0006 0.9949 0.0005 0.0005 0.0011 0.0011 0.0008 
        FW12  3 0.0005 0.0005 0.9949 0.0005 0.0006 0.0011 0.0011 0.0008 
        FW13  3 0.0005 0.0006 0.9948 0.0005 0.0005 0.0011 0.0011 0.0008 
        FW14  3 0.0007 0.0007 0.0005 0.0007 0.9935 0.0014 0.0014 0.0011 
        FW15  3 0.0007 0.0007 0.0005 0.0007 0.9936 0.0014 0.0013 0.0011 
        FW16  3 0.0006 0.0006 0.0005 0.0006 0.9945 0.0012 0.0011 0.0009 
        FW17  3 0.0006 0.0006 0.0005 0.0006 0.9945 0.0012 0.0011 0.0008 
        FW18  3 0.0005 0.0006 0.0007 0.0006 0.9943 0.0012 0.0012 0.0008 
        FW19  3 0.0005 0.0006 0.9949 0.0005 0.0006 0.0011 0.0011 0.0008 
        FW20  3 0.0005 0.0006 0.9949 0.0005 0.0006 0.0011 0.0011 0.0008 
        FW21  3 0.0005 0.0005 0.9949 0.0005 0.0005 0.0011 0.0011 0.0008 
        FW22  3 0.0005 0.0006 0.0007 0.0006 0.9944 0.0012 0.0011 0.0009 
        FW23  3 0.0005 0.0006 0.9949 0.0005 0.0006 0.0011 0.0011 0.0008 
        FW24  3 0.0005 0.0005 0.9949 0.0005 0.0006 0.0011 0.0011 0.0008 
        FW25  3 0.0005 0.0005 0.9949 0.0005 0.0006 0.0011 0.0011 0.0008 
        FW26  3 0.0005 0.0005 0.9949 0.0005 0.0006 0.0011 0.0011 0.0008 
        FW27  3 0.0005 0.0006 0.0005 0.0006 0.9945 0.0012 0.0011 0.0009 
        FW28  3 0.0004 0.0006 0.9949 0.0005 0.0005 0.0011 0.0011 0.0008 
        FW29  3 0.0005 0.0005 0.9949 0.0006 0.0006 0.0011 0.0011 0.0008 
        FW30  3 0.0019 0.0020 0.0051 0.0028 0.0022 0.0077 0.9765 0.0018 
        FW32  3 0.0007 0.0007 0.0005 0.0007 0.9937 0.0014 0.0013 0.0011 
        FW33  3 0.0005 0.0029 0.9745 0.0005 0.0006 0.0093 0.0110 0.0008 
        FW34  3 0.0005 0.0006 0.9949 0.0005 0.0006 0.0011 0.0011 0.0008 
        FW35  3 0.0005 0.0005 0.9948 0.0005 0.0005 0.0011 0.0012 0.0008 
        FW36  3 0.0005 0.0005 0.9949 0.0005 0.0005 0.0011 0.0011 0.0008 
        FW37  3 0.0006 0.0006 0.0005 0.0006 0.9945 0.0012 0.0011 0.0009 
        FW51  3 0.0005 0.0005 0.9949 0.0005 0.0005 0.0011 0.0011 0.0008 
        FW52  3 0.0005 0.0006 0.0005 0.0006 0.9946 0.0012 0.0011 0.0008 
        FW53  3 0.0005 0.0006 0.9949 0.0005 0.0006 0.0011 0.0011 0.0008 
        FW54  3 0.0005 0.0006 0.0006 0.0006 0.9946 0.0012 0.0011 0.0009 
        FW55  3 0.0005 0.0006 0.9948 0.0006 0.0005 0.0011 0.0011 0.0008 
        FW56  3 0.0005 0.0006 0.9949 0.0005 0.0006 0.0011 0.0011 0.0008 
        FW57  3 0.0005 0.0005 0.9949 0.0005 0.0006 0.0011 0.0011 0.0008 
        FW78  3 0.0004 0.0005 0.9949 0.0006 0.0005 0.0011 0.0011 0.0008 
        FW79  3 0.0005 0.0005 0.9949 0.0005 0.0005 0.0011 0.0011 0.0008 
        FW80  3 0.0005 0.0006 0.9949 0.0005 0.0005 0.0011 0.0011 0.0008 
        FW81  3 0.0005 0.0006 0.0005 0.0006 0.9946 0.0012 0.0011 0.0009 
        FW82  3 0.0006 0.0006 0.0005 0.0006 0.9946 0.0012 0.0011 0.0009 
        FW83  3 0.0007 0.0007 0.0005 0.0007 0.9935 0.0014 0.0013 0.0011 
        FW84  3 0.0005 0.0006 0.9948 0.0005 0.0006 0.0011 0.0012 0.0008 
        FW85  3 0.0093 0.0035 0.0005 0.0052 0.9747 0.0038 0.0020 0.0009 
        FW86  3 0.0006 0.0006 0.0007 0.0006 0.9944 0.0012 0.0012 0.0008 
        FW87  3 0.0006 0.0006 0.0007 0.0006 0.9943 0.0012 0.0011 0.0008 
        FW88  3 0.0005 0.0005 0.9949 0.0005 0.0006 0.0011 0.0011 0.0008 
        FW89  3 0.0005 0.0006 0.9949 0.0005 0.0006 0.0011 0.0011 0.0008 
        FW90  3 0.0005 0.0005 0.9949 0.0005 0.0005 0.0011 0.0011 0.0008 
        FW91  3 0.0005 0.0006 0.0005 0.0006 0.9946 0.0012 0.0011 0.0008 
        FW92  3 0.0004 0.0005 0.9949 0.0005 0.0006 0.0011 0.0011 0.0008 
        FW93  3 0.0005 0.0005 0.9949 0.0005 0.0006 0.0011 0.0011 0.0008 
        FW94  3 0.0005 0.0006 0.0005 0.0006 0.9946 0.0012 0.0011 0.0009 
        FW95  3 0.0005 0.0005 0.9949 0.0005 0.0005 0.0011 0.0011 0.0008 
        FW96  3 0.0005 0.0005 0.9949 0.0005 0.0006 0.0011 0.0011 0.0008 
        FW97  3 0.0015 0.0014 0.0049 0.0018 0.0031 0.0040 0.9779 0.0054 
        FW98  3 0.0005 0.0006 0.0005 0.0006 0.9945 0.0012 0.0011 0.0009 
        FW99  3 0.0005 0.0005 0.9949 0.0005 0.0006 0.0011 0.0011 0.0008 
       Cal01  3 0.0009 0.0016 0.2140 0.0033 0.0009 0.0024 0.7755 0.0015 
       Cal02  3 0.0009 0.0014 0.0064 0.0009 0.0022 0.0030 0.9839 0.0014 
       Cal03  3 0.0009 0.0011 0.0306 0.0013 0.0474 0.0020 0.9158 0.0009 
       Cal04  3 0.0014 0.0018 0.0006 0.0012 0.0019 0.0043 0.9861 0.0028 
       Cal05  3 0.0007 0.0027 0.0024 0.0006 0.0036 0.0013 0.9877 0.0009 
       Cal06  3 0.0007 0.0024 0.0023 0.0012 0.0008 0.0033 0.9878 0.0015 
       Cal07  3 0.0005 0.0068 0.0232 0.0007 0.0010 0.0015 0.9654 0.0009 
       Cal08  3 0.0012 0.0015 0.0241 0.0013 0.0114 0.0031 0.9548 0.0028 
       Cal09  3 0.0023 0.0268 0.0590 0.0008 0.0016 0.0054 0.9026 0.0015 
       Cal10  3 0.0010 0.0015 0.0006 0.0019 0.0028 0.0035 0.9873 0.0015 
       Cal11  3 0.0008 0.0018 0.0026 0.0009 0.0043 0.0024 0.9800 0.0072 
      Cal197  3 0.0005 0.0024 0.3339 0.0010 0.0009 0.0041 0.6563 0.0008 
      Cal198  3 0.0006 0.0440 0.0026 0.0446 0.0371 0.0032 0.8667 0.0012 
      Cal199  3 0.0010 0.0008 0.0008 0.0012 0.0018 0.0016 0.9903 0.0024 
      Cal200  3 0.0007 0.0011 0.0022 0.0009 0.0044 0.0017 0.9877 0.0012 
      Cal201  3 0.0005 0.0017 0.0167 0.0008 0.0023 0.0022 0.9748 0.0010 
      Cal202  3 0.0069 0.0015 0.0055 0.0177 0.0019 0.0144 0.9443 0.0079 
      Cal203  3 0.0008 0.0009 0.0007 0.0011 0.0089 0.0021 0.9833 0.0022 
      Cal204  3 0.0010 0.0011 0.0007 0.0011 0.0005 0.0023 0.9918 0.0014 
      Cal205  3 0.0006 0.0013 0.0028 0.0012 0.0020 0.0020 0.9891 0.0010 
      Cal206  3 0.0012 0.0009 0.0012 0.0009 0.0018 0.0025 0.9903 0.0013 
      Cal207  3 0.0006 0.0014 0.0021 0.0073 0.0006 0.0017 0.9854 0.0009 
      Cal208  3 0.0008 0.0010 0.0083 0.0012 0.0064 0.0027 0.9778 0.0018 
      Cal209  3 0.0008 0.0010 0.0095 0.0007 0.0016 0.0017 0.9834 0.0013 
      Cal210  3 0.0010 0.0007 0.0008 0.0012 0.0018 0.0017 0.9906 0.0022 
      Cal211  3 0.0005 0.0010 0.0036 0.0008 0.0008 0.0017 0.9904 0.0011 
      Cal212  3 0.0007 0.0009 0.0009 0.0011 0.0023 0.0019 0.9910 0.0012 
      Cal213  3 0.0008 0.0125 0.0082 0.1136 0.0419 0.0043 0.8176 0.0011 
      Cal214  3 0.0010 0.0012 0.0005 0.0026 0.0017 0.0070 0.9751 0.0110 
      Cal215  3 0.0022 0.0013 0.0156 0.0013 0.0022 0.0032 0.9703 0.0038 
      Cal216  3 0.0008 0.0019 0.0242 0.0014 0.0027 0.0021 0.9657 0.0011 
      Cal217  3 0.0005 0.0016 0.0124 0.0008 0.0013 0.0018 0.9805 0.0010 
      Cal218  3 0.0006 0.0009 0.0017 0.0009 0.0030 0.0017 0.9900 0.0012 
      Cal219  3 0.0008 0.0012 0.0096 0.0008 0.0023 0.0031 0.9805 0.0017 
      Cal220  3 0.0006 0.0013 0.0040 0.0012 0.0011 0.0052 0.9839 0.0028 
      Cal221  3 0.0007 0.0010 0.0025 0.0008 0.0028 0.0019 0.9894 0.0010 
      Cal222  3 0.0008 0.0011 0.0012 0.0009 0.0025 0.0018 0.9899 0.0017 
      Cal223  3 0.0007 0.0133 0.0007 0.0050 0.0065 0.0063 0.9651 0.0024 
      Cal224  3 0.0055 0.0020 0.0007 0.0882 0.0008 0.0027 0.8978 0.0024 
       Cal33  3 0.0007 0.0012 0.0015 0.0008 0.0022 0.0030 0.9896 0.0011 
       Cal34  3 0.0011 0.0029 0.0010 0.0015 0.0030 0.0034 0.9858 0.0013 
       Cal35  3 0.0007 0.0013 0.0015 0.0009 0.0010 0.0020 0.9916 0.0010 
       Cal37  3 0.0008 0.0029 0.0014 0.0009 0.0014 0.0068 0.9847 0.0011 
       Cal38  3 0.0004 0.0013 0.2767 0.0007 0.0007 0.0017 0.7172 0.0012 
       Cal39  3 0.0014 0.0015 0.0100 0.0007 0.0103 0.0018 0.9724 0.0018 
       Cal40  3 0.0008 0.0010 0.0091 0.0007 0.0016 0.0016 0.9839 0.0013 
       Cal41  3 0.0007 0.0013 0.0049 0.0007 0.0018 0.0016 0.9877 0.0013 
       Cal42  3 0.0009 0.0008 0.0019 0.0008 0.0011 0.0021 0.9908 0.0017 
       Cal43  3 0.0006 0.0012 0.0011 0.0010 0.0018 0.0025 0.9904 0.0014 
       Cal44  3 0.0008 0.0011 0.0034 0.0021 0.0032 0.0034 0.9842 0.0018 
        BW41  3 0.0275 0.0012 0.0008 0.0018 0.0009 0.0033 0.9628 0.0016 
        BW42  3 0.0007 0.0021 0.0009 0.0008 0.0113 0.0050 0.9778 0.0013 
        BW44  3 0.0006 0.0019 0.0006 0.0009 0.0015 0.0020 0.9913 0.0012 
        BW45  3 0.0005 0.0010 0.0013 0.0006 0.0011 0.0014 0.9933 0.0009 
        BW46  3 0.0007 0.0009 0.0019 0.0011 0.0020 0.0023 0.9900 0.0011 
        BW47  3 0.0216 0.0093 0.0627 0.0010 0.0013 0.0199 0.8831 0.0012 
        BW48  3 0.0018 0.0016 0.0014 0.0012 0.0065 0.0044 0.9802 0.0029 
        BW49  3 0.0006 0.0044 0.0039 0.0008 0.0007 0.0021 0.9862 0.0014 
        BW50  3 0.0008 0.0012 0.0127 0.0009 0.0034 0.0022 0.9775 0.0012 
        BW51  3 0.0006 0.0081 0.0104 0.0007 0.0046 0.0019 0.9725 0.0013 
        BW52  3 0.0007 0.0013 0.0026 0.0008 0.0030 0.0021 0.9859 0.0036 
        BW53  3 0.0009 0.0038 0.0019 0.0053 0.0015 0.0133 0.9723 0.0010 
        BW54  3 0.0036 0.0060 0.0030 0.0090 0.0050 0.0341 0.9236 0.0157 
        BW55  3 0.0007 0.0011 0.0014 0.0011 0.0020 0.0018 0.9902 0.0017 
        BW56  3 0.0017 0.0013 0.0018 0.0008 0.0007 0.0020 0.9906 0.0011 
        BW57  3 0.0007 0.0022 0.0073 0.0016 0.0015 0.0032 0.9825 0.0010 
        BW58  3 0.0008 0.0025 0.0021 0.0010 0.0042 0.0031 0.9850 0.0012 
        BW59  3 0.0007 0.0015 0.0501 0.0007 0.0034 0.0030 0.9394 0.0012 
        BW60  3 0.0008 0.0013 0.0010 0.0009 0.0084 0.0018 0.9846 0.0012 
        BW61  3 0.0691 0.0021 0.0035 0.0009 0.0046 0.0140 0.9042 0.0015 
        BW62  3 0.0012 0.0015 0.0012 0.0016 0.0038 0.0028 0.9869 0.0011 
        BW63  3 0.0013 0.0103 0.0008 0.0322 0.0160 0.0086 0.9296 0.0012 
        BW64  3 0.0006 0.0013 0.0135 0.0008 0.0061 0.0020 0.9746 0.0011 
        BW65  3 0.0026 0.0016 0.0006 0.0034 0.0010 0.0053 0.9833 0.0022 
        BW66  3 0.0008 0.0018 0.0013 0.0009 0.0047 0.0017 0.9855 0.0033 
        BW67  3 0.0006 0.0010 0.0019 0.0007 0.0013 0.0014 0.9922 0.0010 
        BW68  3 0.0017 0.0020 0.0011 0.0012 0.0017 0.0041 0.9871 0.0011 
        BW69  3 0.0433 0.0011 0.0009 0.0008 0.0031 0.0020 0.9473 0.0015 
        BW70  3 0.0006 0.0013 0.0024 0.0011 0.0025 0.0021 0.9885 0.0016 
        BW71  3 0.0005 0.0012 0.0307 0.0006 0.0006 0.0016 0.9635 0.0013 
        BW72  3 0.0021 0.0011 0.0020 0.0024 0.0012 0.0051 0.9842 0.0017 
        BW73  3 0.0201 0.0047 0.0040 0.0009 0.0008 0.0201 0.9258 0.0238 
        BW74  3 0.0009 0.0019 0.0010 0.0008 0.0038 0.0028 0.9872 0.0016 
        BW75  3 0.0007 0.0070 0.0081 0.0018 0.0010 0.0117 0.9599 0.0100 
        BW76  3 0.0023 0.0010 0.0009 0.0017 0.0008 0.0022 0.9893 0.0019 
        BW77  3 0.0015 0.0022 0.0056 0.0019 0.0015 0.0039 0.9823 0.0011 
        BW78  3 0.0008 0.0025 0.0007 0.0009 0.0055 0.0016 0.9858 0.0021 
        BW79  3 0.0007 0.0034 0.0213 0.0009 0.0025 0.0045 0.9649 0.0017 
        BW80  3 0.0007 0.0011 0.0013 0.0009 0.0049 0.0033 0.9867 0.0011 
        BW81  3 0.0008 0.0037 0.0014 0.0016 0.0125 0.0030 0.9761 0.0010 
       BWS05  3 0.0071 0.0022 0.0019 0.0016 0.0074 0.0070 0.9695 0.0034 
       BWS06  3 0.0008 0.0012 0.0010 0.0013 0.1262 0.0023 0.8648 0.0024 
       BWS07  3 0.0006 0.0039 0.0312 0.0007 0.0011 0.0158 0.9457 0.0010 
       BWS08  3 0.0028 0.0024 0.0006 0.0020 0.0006 0.0029 0.9859 0.0028 
       BWS09  3 0.0006 0.0009 0.0173 0.0011 0.0010 0.0015 0.9766 0.0010 
       BWS10  3 0.0010 0.0017 0.0012 0.0105 0.0019 0.0023 0.9797 0.0016 
       BWS11  3 0.0006 0.0010 0.0033 0.0008 0.0005 0.0022 0.9904 0.0013 
       BWS12  3 0.0007 0.0017 0.0012 0.0011 0.0025 0.0031 0.9874 0.0022 
       BWS13  3 0.0006 0.0010 0.0008 0.0029 0.1187 0.0022 0.8721 0.0016 
       BWS14  3 0.0009 0.0015 0.0014 0.0008 0.1683 0.0031 0.8228 0.0011 
       BWS15  3 0.0010 0.0014 0.0023 0.0015 0.0005 0.0031 0.9869 0.0034 
       BWS16  3 0.0009 0.0222 0.0009 0.0008 0.0032 0.0025 0.9681 0.0013 
       BWS17  3 0.0019 0.0013 0.0008 0.0014 0.0010 0.0023 0.9897 0.0016 
       BWS18  3 0.0008 0.0023 0.0051 0.0206 0.0019 0.0039 0.9623 0.0032 
       BWS19  3 0.0097 0.0022 0.0077 0.0045 0.0020 0.0124 0.9580 0.0035 
       BWS20  3 0.0006 0.0055 0.0020 0.0010 0.0018 0.0016 0.9864 0.0011 
       BWS21  3 0.0013 0.0046 0.0006 0.0368 0.0049 0.0259 0.9221 0.0039 
       BWS22  3 0.0008 0.0010 0.0028 0.0019 0.0014 0.0021 0.9890 0.0011 
       BWS23  3 0.0010 0.0017 0.0012 0.0172 0.0016 0.0035 0.9720 0.0018 
       BWS24  3 0.0010 0.0020 0.0009 0.0012 0.0007 0.0055 0.9867 0.0020 
       BWS25  3 0.0019 0.0010 0.0009 0.0007 0.0017 0.0113 0.9813 0.0012 
       BWS26  3 0.0009 0.0017 0.0009 0.0009 0.0037 0.0028 0.9877 0.0014 
       BWS27  3 0.0006 0.0036 0.0011 0.0007 0.0020 0.0029 0.9882 0.0011 
       BWS28  3 0.0017 0.0020 0.0015 0.0027 0.0760 0.0112 0.9037 0.0014 
       BWS29  3 0.0020 0.0017 0.0006 0.0014 0.0066 0.0028 0.9827 0.0022 
       BWS30  3 0.0008 0.0013 0.0772 0.0014 0.0009 0.0021 0.9151 0.0011 
       BWS31  3 0.0014 0.0021 0.0012 0.0008 0.0012 0.0023 0.9899 0.0011 
       BWS32  3 0.0008 0.0035 0.0011 0.0011 0.0072 0.0035 0.9805 0.0022 
       BWS33  3 0.0020 0.0012 0.0018 0.0021 0.0020 0.0061 0.9827 0.0020 
       BWS34  3 0.0012 0.0014 0.0006 0.0024 0.0160 0.0030 0.9736 0.0019 
       BWS35  3 0.0011 0.0024 0.0010 0.0014 0.0094 0.0041 0.9772 0.0034 
       BWS36  3 0.0008 0.0010 0.0030 0.0007 0.0034 0.0017 0.9876 0.0018 
       BWS37  3 0.0026 0.0018 0.0009 0.0010 0.0022 0.0021 0.9882 0.0012 
       BWS38  3 0.0008 0.0017 0.0039 0.0010 0.0023 0.0022 0.9864 0.0017 
       BWS39  3 0.0006 0.0015 0.0133 0.0008 0.0010 0.0016 0.9802 0.0011 
       BWS40  3 0.0008 0.0011 0.0040 0.0009 0.0024 0.0020 0.9849 0.0039 
       BWN01  3 0.0013 0.0027 0.0012 0.0010 0.0036 0.0019 0.9867 0.0016 
       BWN02  3 0.0008 0.0380 0.0193 0.0008 0.0013 0.0021 0.9367 0.0010 
       BWN03  3 0.0041 0.0013 0.0017 0.0029 0.0008 0.0096 0.9771 0.0026 
       BWN04  3 0.0009 0.0019 0.0023 0.0009 0.0014 0.0020 0.9877 0.0028 
        NC01  4 0.0007 0.8594 0.0115 0.0015 0.0112 0.0309 0.0835 0.0013 
        NC02  4 0.0019 0.9657 0.0029 0.0013 0.0034 0.0040 0.0191 0.0017 
        NC03  4 0.0006 0.9866 0.0011 0.0029 0.0009 0.0033 0.0037 0.0009 
        NC04  4 0.0008 0.9816 0.0007 0.0012 0.0015 0.0027 0.0100 0.0016 
        NC05  4 0.0016 0.9177 0.0010 0.0065 0.0011 0.0284 0.0399 0.0038 
        NC06  4 0.0117 0.9444 0.0036 0.0009 0.0026 0.0038 0.0317 0.0013 
        NC07  4 0.0007 0.9797 0.0026 0.0008 0.0058 0.0021 0.0065 0.0017 
        NC08  4 0.0017 0.8941 0.0017 0.0015 0.0073 0.0025 0.0894 0.0017 
        NC09  4 0.0007 0.9671 0.0009 0.0021 0.0011 0.0030 0.0227 0.0022 
        NC10  4 0.0007 0.6749 0.0027 0.0010 0.0020 0.0023 0.3152 0.0012 
        NC11  4 0.0015 0.9551 0.0019 0.0017 0.0043 0.0065 0.0260 0.0030 
        NC12  4 0.0025 0.9795 0.0005 0.0011 0.0048 0.0032 0.0073 0.0010 
        NC13  4 0.0006 0.9761 0.0009 0.0075 0.0010 0.0054 0.0074 0.0011 
        NC14  4 0.0009 0.9639 0.0020 0.0012 0.0035 0.0121 0.0146 0.0017 
        NC15  4 0.0014 0.9747 0.0010 0.0017 0.0020 0.0044 0.0130 0.0017 
        NC16  4 0.0007 0.9301 0.0046 0.0009 0.0014 0.0240 0.0370 0.0013 
        NC18  4 0.0008 0.9727 0.0019 0.0014 0.0027 0.0038 0.0142 0.0026 
        NC19  4 0.0007 0.9902 0.0006 0.0009 0.0018 0.0020 0.0030 0.0009 
        NC20  4 0.0056 0.8539 0.0026 0.0046 0.0196 0.0031 0.1054 0.0052 
        NC21  4 0.0009 0.9417 0.0212 0.0077 0.0081 0.0064 0.0129 0.0011 
        NC22  4 0.0022 0.8627 0.0010 0.0009 0.1234 0.0015 0.0066 0.0018 
        NC23  4 0.0007 0.9543 0.0074 0.0011 0.0017 0.0047 0.0282 0.0019 
        NC24  4 0.0011 0.9861 0.0008 0.0009 0.0042 0.0021 0.0028 0.0021 
      SAND01  4 0.0005 0.0016 0.0014 0.0011 0.0006 0.0017 0.9908 0.0023 
      SAND02  4 0.0009 0.0014 0.0044 0.0008 0.0096 0.0018 0.9786 0.0024 
      SAND03  4 0.0006 0.0011 0.0030 0.0007 0.0040 0.0014 0.9880 0.0012 
      SAND04  4 0.0009 0.0018 0.0027 0.0010 0.0490 0.0029 0.9404 0.0012 
      SAND05  4 0.0008 0.0015 0.0016 0.0012 0.0092 0.0024 0.9819 0.0015 
      SAND06  4 0.0009 0.0037 0.0067 0.0012 0.0110 0.0034 0.9717 0.0013 
      SAND07  4 0.0006 0.0016 0.0039 0.0010 0.0013 0.0017 0.9864 0.0035 
      SAND08  4 0.0013 0.0235 0.0012 0.0007 0.0081 0.0021 0.9616 0.0015 
      SAND09  4 0.0008 0.0069 0.0017 0.0031 0.0024 0.0062 0.9775 0.0014 
      SAND10  4 0.0012 0.0122 0.0061 0.0009 0.0037 0.0027 0.9702 0.0030 
      SAND11  4 0.0008 0.0011 0.0012 0.0013 0.0019 0.0021 0.9900 0.0016 
      SAND12  4 0.0007 0.0020 0.0038 0.0012 0.0041 0.0026 0.9835 0.0020 
      SAND13  4 0.0012 0.0117 0.0059 0.0009 0.0041 0.0028 0.9703 0.0030 
      SAND14  4 0.0011 0.0030 0.0134 0.0010 0.0016 0.0019 0.9762 0.0018 
      SAND15  4 0.0006 0.0013 0.0025 0.0011 0.0055 0.0019 0.9860 0.0011 
      SAND16  4 0.0006 0.0164 0.0039 0.0022 0.0017 0.0159 0.9582 0.0011 
      SAND17  4 0.0006 0.0013 0.0014 0.0010 0.0010 0.0016 0.9914 0.0018 
      SAND18  4 0.0006 0.0016 0.0060 0.0008 0.0131 0.0021 0.9747 0.0010 
      SAND19  4 0.0006 0.0014 0.0091 0.0010 0.0129 0.0023 0.9716 0.0010 
      SAND20  4 0.0006 0.0063 0.0014 0.0008 0.0021 0.0018 0.9840 0.0030 
      SAND21  4 0.0006 0.0018 0.0163 0.0007 0.0026 0.0017 0.9740 0.0023 
      SAND22  4 0.0005 0.0017 0.0014 0.0008 0.0036 0.0016 0.9892 0.0012 
      SAND23  4 0.0008 0.0010 0.0260 0.0009 0.0500 0.0021 0.9180 0.0011 
      SAND24  4 0.0025 0.0013 0.0010 0.0013 0.0051 0.0028 0.9846 0.0015 
      SAND25  4 0.0011 0.0121 0.0017 0.0016 0.0026 0.0084 0.9702 0.0025 
      SAND26  4 0.0009 0.0033 0.0013 0.0009 0.0008 0.0016 0.9899 0.0012 
      SAND27  4 0.0010 0.0474 0.0009 0.0024 0.0050 0.0032 0.9384 0.0017 
      SAND28  4 0.0011 0.0017 0.0018 0.0010 0.0203 0.0022 0.9708 0.0011 
      SAND29  4 0.0006 0.0014 0.0161 0.0009 0.0136 0.0024 0.9639 0.0011 
      SAND30  4 0.0005 0.0019 0.0023 0.0011 0.0018 0.0020 0.9893 0.0011 
      SAND31  4 0.0005 0.0073 0.0014 0.0012 0.0009 0.0023 0.9838 0.0025 
      SAND32  4 0.0013 0.0061 0.0018 0.0010 0.0212 0.0033 0.9639 0.0014 
      SAND33  4 0.0007 0.0021 0.0064 0.0009 0.0038 0.0015 0.9816 0.0030 
      SAND34  4 0.0008 0.0020 0.0027 0.0014 0.0056 0.0024 0.9843 0.0010 
      SAND35  4 0.0005 0.0014 0.0722 0.0008 0.0019 0.0014 0.9204 0.0015 
      SAND36  4 0.0007 0.0012 0.0017 0.0008 0.0074 0.0019 0.9852 0.0010 
      SAND37  4 0.0006 0.0013 0.0033 0.0010 0.0054 0.0023 0.9850 0.0011 
      SAND38  4 0.0007 0.0031 0.0023 0.0011 0.0039 0.0026 0.9828 0.0035 
      SAND39  4 0.0011 0.0159 0.0015 0.0012 0.0042 0.0023 0.9727 0.0010 
      SAND40  4 0.0013 0.0020 0.0217 0.0014 0.0113 0.0033 0.9578 0.0013 
      SAND41  4 0.0007 0.0017 0.0025 0.0009 0.0048 0.0019 0.9856 0.0018 
      SAND42  4 0.0007 0.0016 0.0018 0.0010 0.0048 0.0020 0.9862 0.0018 
      SAND43  4 0.0009 0.0016 0.0028 0.0015 0.0104 0.0026 0.9784 0.0018 
      SAND44  4 0.0005 0.0016 0.0032 0.0007 0.0032 0.0016 0.9872 0.0019 
       Hon01  5 0.0011 0.9901 0.0005 0.0010 0.0005 0.0030 0.0013 0.0025 
       Hon02  5 0.0010 0.9597 0.0274 0.0020 0.0007 0.0024 0.0059 0.0010 
       Hon03  5 0.0205 0.8220 0.0807 0.0479 0.0005 0.0059 0.0021 0.0204 
       Hon04  5 0.0007 0.9890 0.0016 0.0017 0.0005 0.0028 0.0018 0.0018 
       Hon05  5 0.0012 0.9905 0.0009 0.0009 0.0007 0.0023 0.0020 0.0015 
       Hon06  5 0.0005 0.9919 0.0010 0.0007 0.0007 0.0022 0.0012 0.0019 
       Hon07  5 0.0009 0.9910 0.0009 0.0011 0.0007 0.0019 0.0016 0.0019 
       Hon08  5 0.0007 0.9896 0.0006 0.0016 0.0018 0.0026 0.0019 0.0013 
       Hon09  5 0.0012 0.8119 0.1778 0.0022 0.0005 0.0017 0.0025 0.0022 
       Hon10  5 0.0025 0.9711 0.0009 0.0019 0.0008 0.0027 0.0019 0.0181 
       Hon11  5 0.0015 0.9257 0.0007 0.0015 0.0016 0.0534 0.0091 0.0066 
       Hon12  5 0.0013 0.9463 0.0386 0.0040 0.0006 0.0017 0.0046 0.0030 
       Hon13  5 0.0013 0.9906 0.0007 0.0010 0.0006 0.0024 0.0019 0.0015 
       Hon14  5 0.0114 0.9754 0.0006 0.0052 0.0007 0.0034 0.0016 0.0019 
       Hon15  5 0.0008 0.9892 0.0014 0.0024 0.0005 0.0026 0.0011 0.0019 
       Hon16  5 0.0007 0.9898 0.0005 0.0015 0.0018 0.0026 0.0019 0.0012 
       Hon17  5 0.0006 0.9917 0.0007 0.0009 0.0008 0.0025 0.0016 0.0013 
       Hon18  5 0.0006 0.9262 0.0041 0.0013 0.0007 0.0027 0.0630 0.0014 
       Hon19  5 0.0007 0.9844 0.0008 0.0057 0.0007 0.0025 0.0020 0.0031 
       Hon20  5 0.0006 0.9828 0.0006 0.0012 0.0009 0.0080 0.0016 0.0043 
      ERIN01  6 0.0008 0.0006 0.0005 0.0008 0.0005 0.0017 0.0010 0.9942 
      ERIN02  6 0.0008 0.0006 0.0004 0.0008 0.0005 0.0018 0.0010 0.9941 
      ERIN03  6 0.0008 0.0006 0.0004 0.0008 0.0005 0.0017 0.0009 0.9942 
      ERIN04  6 0.0008 0.0006 0.0004 0.0008 0.0005 0.0017 0.0009 0.9943 
      ERIN05  6 0.0008 0.0006 0.0005 0.0008 0.0005 0.0017 0.0010 0.9941 
      ERIN06  6 0.0008 0.0006 0.0004 0.0008 0.0005 0.0017 0.0009 0.9941 
      ERIN07  6 0.0009 0.0006 0.0004 0.0008 0.0005 0.0017 0.0009 0.9941 
      ERIN08  6 0.0009 0.0006 0.0004 0.0008 0.0005 0.0017 0.0009 0.9942 
      ERIN09  6 0.0008 0.0006 0.0004 0.0008 0.0005 0.0017 0.0010 0.9941 
      ERIN10  6 0.0008 0.0006 0.0004 0.0008 0.0005 0.0017 0.0010 0.9942 
      ERIN11  6 0.0008 0.0027 0.0005 0.0008 0.0005 0.0094 0.0010 0.9844 
      ERIN12  6 0.0008 0.0006 0.0004 0.0008 0.0005 0.0017 0.0009 0.9942 
      ERIN13  6 0.0008 0.0006 0.0004 0.0008 0.0005 0.0017 0.0010 0.9942 
      ERIN14  6 0.0008 0.0006 0.0005 0.0008 0.0005 0.0017 0.0010 0.9942 
      ERIN15  6 0.0008 0.0006 0.0005 0.0008 0.0005 0.0017 0.0009 0.9942 
      ERIN16  6 0.0008 0.0007 0.0005 0.0008 0.0005 0.0020 0.0010 0.9938 
      ERIN17  6 0.0008 0.0006 0.0004 0.0008 0.0005 0.0017 0.0010 0.9941 
      ERIN18  6 0.0009 0.0006 0.0004 0.0008 0.0005 0.0017 0.0010 0.9941 
      ERIN19  6 0.0009 0.0006 0.0005 0.0008 0.0005 0.0017 0.0009 0.9942 
      ERIN20  6 0.0008 0.0006 0.0004 0.0008 0.0005 0.0017 0.0009 0.9942 
      ERIN21  6 0.0009 0.0006 0.0004 0.0008 0.0005 0.0017 0.0009 0.9941 
      ERIN22  6 0.0008 0.0006 0.0005 0.0008 0.0005 0.0017 0.0010 0.9942 
      ERIN23  6 0.0008 0.0006 0.0004 0.0008 0.0005 0.0018 0.0009 0.9941 
      ERIN24  6 0.0008 0.0006 0.0004 0.0008 0.0005 0.0017 0.0009 0.9942 
      ERIN25  6 0.0010 0.0006 0.0004 0.0008 0.0005 0.0017 0.0009 0.9940 
      ERIN26  6 0.0008 0.0006 0.0004 0.0008 0.0005 0.0017 0.0010 0.9942 
      ERIN27  6 0.0008 0.0006 0.0004 0.0008 0.0005 0.0017 0.0010 0.9942 
      ERIN28  6 0.0008 0.0006 0.0004 0.0009 0.0005 0.0017 0.0010 0.9941 
      ERIN29  6 0.0008 0.0006 0.0004 0.0008 0.0005 0.0017 0.0010 0.9942 
      ERIN30  6 0.0008 0.0006 0.0004 0.0008 0.0005 0.0017 0.0010 0.9942 
      ERIN31  6 0.0008 0.0006 0.0005 0.0008 0.0005 0.0018 0.0010 0.9941 
      ERIN32  6 0.0008 0.0006 0.0004 0.0008 0.0005 0.0017 0.0009 0.9943 
      ERIN33  6 0.0009 0.0006 0.0005 0.0008 0.0005 0.0017 0.0010 0.9941 
      ERIN34  6 0.0008 0.0006 0.0004 0.0008 0.0005 0.0017 0.0010 0.9942 
      ERIN35  6 0.0009 0.0006 0.0004 0.0008 0.0005 0.0017 0.0010 0.9942 
      ERIN38  6 0.0008 0.0006 0.0004 0.0008 0.0005 0.0017 0.0010 0.9942 
      ERIN39  6 0.0009 0.0006 0.0004 0.0008 0.0005 0.0017 0.0010 0.9941 
      ERIN40  6 0.0009 0.0006 0.0005 0.0008 0.0005 0.0017 0.0010 0.9942 
      ERIN41  6 0.0008 0.0006 0.0004 0.0008 0.0005 0.0017 0.0010 0.9942 
      ERIN42  6 0.0009 0.0006 0.0004 0.0008 0.0005 0.0017 0.0010 0.9942 
      ERIN43  6 0.0008 0.0006 0.0004 0.0008 0.0005 0.0017 0.0009 0.9942 
      ERIN44  6 0.0008 0.0006 0.0004 0.0008 0.0005 0.0017 0.0010 0.9942 
      ERIN45  6 0.0008 0.0006 0.0004 0.0008 0.0005 0.0018 0.0010 0.9941 
      ERIN46  6 0.0008 0.0006 0.0004 0.0008 0.0005 0.0017 0.0010 0.9942 
      ERIN47  6 0.0009 0.0006 0.0005 0.0008 0.0005 0.0017 0.0010 0.9941 
       FDS01  6 0.0008 0.0006 0.0004 0.0008 0.0005 0.0017 0.0010 0.9941 
       FDS02  6 0.0008 0.0006 0.0004 0.0008 0.0005 0.0017 0.0010 0.9942 
       FDS03  6 0.0008 0.0007 0.0005 0.0008 0.0005 0.0020 0.0009 0.9938 
       FDS04  6 0.0009 0.0006 0.0004 0.0008 0.0005 0.0017 0.0010 0.9942 
       FDS05  6 0.0008 0.0006 0.0005 0.0008 0.0005 0.0016 0.0009 0.9943 
       FDS06  6 0.0008 0.0006 0.0005 0.0008 0.0005 0.0017 0.0010 0.9942 
       FDS07  6 0.0008 0.0006 0.0004 0.0008 0.0005 0.0017 0.0010 0.9942 
       FDS08  6 0.0008 0.0006 0.0004 0.0008 0.0005 0.0017 0.0010 0.9941 
       FDS09  6 0.0008 0.0006 0.0005 0.0008 0.0005 0.0017 0.0010 0.9941 
       FDS10  6 0.0008 0.0006 0.0004 0.0008 0.0005 0.0017 0.0010 0.9942 
       FDS11  6 0.0009 0.0006 0.0005 0.0008 0.0005 0.0017 0.0009 0.9941 
       FDS12  6 0.0008 0.0007 0.0005 0.0008 0.0005 0.0021 0.0010 0.9938 
       FDS13  6 0.0008 0.0006 0.0004 0.0008 0.0005 0.0017 0.0010 0.9941 
       FDS14  6 0.0009 0.0006 0.0004 0.0008 0.0005 0.0017 0.0009 0.9942 
       FDS15  6 0.0008 0.0006 0.0005 0.0008 0.0005 0.0017 0.0010 0.9942 
       FDS16  6 0.0008 0.0006 0.0004 0.0008 0.0005 0.0017 0.0010 0.9942 
       FDS17  6 0.0009 0.0006 0.0005 0.0008 0.0005 0.0017 0.0010 0.9941 
       FDS18  6 0.0008 0.0007 0.0004 0.0008 0.0005 0.0020 0.0009 0.9938 
       EPP01  6 0.0008 0.0006 0.0004 0.0014 0.0005 0.0021 0.0009 0.9933 
       EPP02  6 0.0009 0.0006 0.0004 0.0013 0.0005 0.0022 0.0009 0.9932 
       EPP03  6 0.0015 0.0006 0.0004 0.0017 0.0005 0.0032 0.0010 0.9912 
       EPP04  6 0.0009 0.0006 0.0004 0.0013 0.0005 0.0021 0.0009 0.9933 
       EPP05  6 0.0009 0.0006 0.0004 0.0013 0.0005 0.0023 0.0009 0.9930 
       EPP06  6 0.0009 0.0006 0.0004 0.0013 0.0005 0.0022 0.0009 0.9932 
       EPP07  6 0.0008 0.0006 0.0004 0.0012 0.0005 0.0021 0.0009 0.9933 
       EPP08  6 0.0008 0.0006 0.0004 0.0013 0.0005 0.0021 0.0009 0.9933 
       EPP09  6 0.0009 0.0006 0.0004 0.0013 0.0005 0.0021 0.0010 0.9932 
       EPP10  6 0.0009 0.0006 0.0004 0.0013 0.0005 0.0022 0.0009 0.9933 
       EPP11  6 0.0009 0.0014 0.0004 0.0095 0.0005 0.0589 0.0009 0.9273 
       EPP12  6 0.0008 0.0006 0.0004 0.0013 0.0005 0.0021 0.0010 0.9933 
       EPP13  6 0.0009 0.0006 0.0004 0.0014 0.0005 0.0022 0.0009 0.9932 
       EPP14  6 0.0008 0.0006 0.0004 0.0012 0.0005 0.0021 0.0009 0.9934 
       EPP15  6 0.0009 0.0010 0.0004 0.0013 0.0006 0.0021 0.0024 0.9913 
       EPP16  6 0.0009 0.0006 0.0004 0.0013 0.0005 0.0022 0.0009 0.9932 
       EPP17  6 0.0008 0.0006 0.0004 0.0013 0.0006 0.0021 0.0009 0.9932 
       EPP18  6 0.0008 0.0006 0.0004 0.0013 0.0005 0.0021 0.0010 0.9933 
       EPP19  6 0.0009 0.0006 0.0004 0.0013 0.0005 0.0024 0.0010 0.9929 
       EPP20  6 0.0015 0.0006 0.0004 0.0018 0.0005 0.0031 0.0010 0.9912 
       EPP21  6 0.0009 0.0006 0.0004 0.0012 0.0005 0.0021 0.0009 0.9934 
       EPP22  6 0.0008 0.0006 0.0004 0.0013 0.0005 0.0020 0.0010 0.9933 
       EPP23  6 0.0009 0.0010 0.0004 0.0816 0.0005 0.0352 0.0009 0.8795 
       EPP24  6 0.0009 0.0006 0.0004 0.0013 0.0005 0.0020 0.0009 0.9934 
       EPP25  6 0.0009 0.0006 0.0004 0.0013 0.0005 0.0024 0.0010 0.9930 
       EPP26  6 0.0009 0.0006 0.0004 0.0013 0.0005 0.0024 0.0009 0.9930 
       EPP27  6 0.0015 0.0006 0.0004 0.0018 0.0005 0.0031 0.0009 0.9912 
       EPP28  6 0.0008 0.0006 0.0004 0.0013 0.0005 0.0021 0.0009 0.9933 
       EPP29  6 0.0008 0.0006 0.0004 0.0013 0.0005 0.0020 0.0009 0.9933 
       EPP30  6 0.0008 0.0006 0.0004 0.0013 0.0005 0.0021 0.0009 0.9933 
       EPP31  6 0.0015 0.0006 0.0004 0.0018 0.0005 0.0031 0.0010 0.9912 
       EPP32  6 0.0008 0.0006 0.0004 0.0013 0.0005 0.0021 0.0009 0.9933 
       EPP33  6 0.0009 0.0006 0.0004 0.0013 0.0005 0.0022 0.0009 0.9932 
       EPP34  6 0.0009 0.0006 0.0004 0.0013 0.0005 0.0023 0.0010 0.9930 
       EPP35  6 0.0014 0.0073 0.0004 0.0018 0.0006 0.0614 0.0017 0.9253 
       EPP36  6 0.0009 0.0006 0.0004 0.0013 0.0005 0.0021 0.0009 0.9932 
