        TC01  1 0.0037 0.0023 0.9690 0.0015 0.0023 0.0050 0.0143 0.0019 
        TC02  1 0.0045 0.0025 0.9814 0.0026 0.0021 0.0019 0.0031 0.0020 
        TC03  1 0.0027 0.0032 0.9843 0.0011 0.0020 0.0025 0.0016 0.0027 
        TC04  1 0.0524 0.0312 0.8645 0.0126 0.0050 0.0301 0.0019 0.0024 
        TC05  1 0.0069 0.0025 0.9841 0.0010 0.0013 0.0010 0.0010 0.0021 
        TC06  1 0.0057 0.0948 0.8892 0.0026 0.0016 0.0029 0.0015 0.0017 
        TC07  1 0.0049 0.0028 0.9819 0.0007 0.0013 0.0013 0.0043 0.0027 
        TC08  1 0.0033 0.0023 0.9852 0.0031 0.0014 0.0010 0.0015 0.0023 
        TC09  1 0.0032 0.0568 0.8915 0.0428 0.0008 0.0015 0.0013 0.0020 
        TC10  1 0.0026 0.0290 0.9493 0.0008 0.0072 0.0011 0.0030 0.0071 
        TC11  1 0.0016 0.0015 0.9880 0.0009 0.0015 0.0014 0.0034 0.0017 
        TC12  1 0.0071 0.0120 0.9509 0.0042 0.0122 0.0055 0.0046 0.0036 
        TC13  1 0.0019 0.0039 0.9878 0.0014 0.0013 0.0010 0.0012 0.0015 
        TC14  1 0.0048 0.1061 0.8719 0.0028 0.0024 0.0044 0.0023 0.0055 
        TC15  1 0.0060 0.0549 0.9240 0.0047 0.0031 0.0026 0.0010 0.0037 
        TC16  1 0.0061 0.0722 0.8178 0.0930 0.0021 0.0023 0.0017 0.0048 
        TC17  1 0.0458 0.0777 0.8423 0.0057 0.0066 0.0045 0.0036 0.0138 
        TC18  1 0.0088 0.0050 0.9357 0.0010 0.0073 0.0329 0.0028 0.0066 
        TC19  1 0.0017 0.0037 0.9853 0.0038 0.0014 0.0010 0.0015 0.0016 
        TC20  1 0.0021 0.0037 0.9832 0.0024 0.0011 0.0035 0.0022 0.0018 
        TC21  1 0.1052 0.0041 0.8227 0.0019 0.0028 0.0246 0.0059 0.0328 
        TC22  1 0.0073 0.0034 0.9672 0.0020 0.0130 0.0016 0.0025 0.0030 
        TC23  1 0.0020 0.0034 0.9849 0.0011 0.0017 0.0016 0.0029 0.0023 
        TC24  1 0.0014 0.0021 0.9908 0.0009 0.0008 0.0007 0.0009 0.0023 
        TC25  1 0.0036 0.1357 0.8179 0.0012 0.0018 0.0228 0.0102 0.0067 
        TC26  1 0.0041 0.0264 0.9631 0.0011 0.0011 0.0011 0.0011 0.0019 
        TC27  1 0.0047 0.0084 0.9674 0.0009 0.0131 0.0015 0.0012 0.0027 
        TC28  1 0.0066 0.0280 0.9520 0.0011 0.0039 0.0039 0.0015 0.0030 
        TC29  1 0.0069 0.0310 0.9480 0.0023 0.0010 0.0041 0.0028 0.0039 
        TC30  1 0.0023 0.0043 0.9834 0.0040 0.0012 0.0011 0.0014 0.0022 
        TC31  1 0.0032 0.0018 0.9616 0.0017 0.0057 0.0100 0.0113 0.0046 
        TC32  1 0.0062 0.1265 0.8438 0.0016 0.0093 0.0019 0.0020 0.0087 
        TC33  1 0.0027 0.0035 0.9811 0.0008 0.0015 0.0016 0.0047 0.0041 
        TC34  1 0.0038 0.0776 0.9035 0.0014 0.0049 0.0013 0.0014 0.0061 
        TC35  1 0.0031 0.0083 0.9418 0.0182 0.0163 0.0046 0.0059 0.0019 
        TC36  1 0.0038 0.0032 0.9843 0.0016 0.0019 0.0014 0.0016 0.0022 
        TC37  1 0.0028 0.0012 0.9866 0.0014 0.0019 0.0016 0.0017 0.0028 
        TC38  1 0.0045 0.0289 0.9035 0.0350 0.0012 0.0222 0.0028 0.0019 
        TC39  1 0.0034 0.1473 0.8383 0.0039 0.0012 0.0024 0.0015 0.0020 
        TC40  1 0.0040 0.0400 0.9373 0.0014 0.0023 0.0019 0.0015 0.0115 
        TC41  1 0.0023 0.0020 0.9862 0.0008 0.0017 0.0012 0.0033 0.0025 
        TC42  1 0.0024 0.0065 0.9849 0.0015 0.0010 0.0009 0.0011 0.0017 
        TC43  1 0.0022 0.0048 0.9848 0.0013 0.0017 0.0018 0.0012 0.0023 
        TC44  1 0.0031 0.0121 0.9550 0.0185 0.0043 0.0014 0.0037 0.0019 
        TC45  1 0.0033 0.0019 0.9840 0.0009 0.0012 0.0063 0.0013 0.0012 
        TC46  1 0.0050 0.0028 0.9759 0.0009 0.0061 0.0050 0.0014 0.0029 
        TC47  1 0.0025 0.0074 0.9737 0.0052 0.0053 0.0018 0.0016 0.0024 
        TC48  1 0.0116 0.0061 0.9493 0.0012 0.0034 0.0076 0.0020 0.0188 
        TC49  1 0.0048 0.0028 0.9835 0.0008 0.0020 0.0015 0.0028 0.0019 
        TC50  1 0.0041 0.0022 0.9775 0.0016 0.0050 0.0028 0.0020 0.0049 
        TC51  1 0.0041 0.0161 0.9649 0.0038 0.0021 0.0021 0.0047 0.0022 
        TC52  1 0.0028 0.0047 0.9785 0.0010 0.0018 0.0049 0.0010 0.0053 
        TC53  1 0.0042 0.0053 0.9814 0.0023 0.0024 0.0009 0.0016 0.0019 
        TC54  1 0.0074 0.0109 0.9634 0.0013 0.0032 0.0024 0.0021 0.0093 
        TC55  1 0.0085 0.0341 0.9430 0.0009 0.0027 0.0034 0.0014 0.0059 
        TC56  1 0.0046 0.0052 0.9634 0.0018 0.0029 0.0106 0.0041 0.0074 
        TC57  1 0.0070 0.0027 0.9736 0.0023 0.0064 0.0017 0.0018 0.0045 
        TC58  1 0.0042 0.0042 0.9768 0.0016 0.0021 0.0015 0.0080 0.0015 
        TC59  1 0.0022 0.0027 0.9888 0.0009 0.0014 0.0009 0.0015 0.0017 
        TA01  2 0.0030 0.0058 0.9783 0.0070 0.0012 0.0010 0.0016 0.0021 
        TA02  2 0.0027 0.0023 0.9848 0.0019 0.0014 0.0014 0.0010 0.0047 
        TA03  2 0.0033 0.0038 0.9685 0.0103 0.0076 0.0014 0.0018 0.0033 
        TA04  2 0.0026 0.0105 0.6168 0.3615 0.0038 0.0012 0.0015 0.0022 
        TA05  2 0.0030 0.0019 0.9854 0.0022 0.0018 0.0018 0.0016 0.0023 
        TA06  2 0.0015 0.0065 0.9831 0.0027 0.0012 0.0010 0.0021 0.0018 
        TA07  2 0.0080 0.0034 0.8962 0.0822 0.0015 0.0014 0.0038 0.0034 
        TA08  2 0.0016 0.0113 0.9706 0.0042 0.0068 0.0022 0.0012 0.0020 
        TA09  2 0.0018 0.0045 0.9841 0.0042 0.0015 0.0009 0.0011 0.0018 
        TA10  2 0.0052 0.0047 0.9031 0.0028 0.0014 0.0012 0.0797 0.0017 
        TA11  2 0.0041 0.0096 0.9173 0.0077 0.0134 0.0038 0.0415 0.0025 
        TA12  2 0.0238 0.0021 0.9330 0.0019 0.0013 0.0012 0.0350 0.0019 
        TA13  2 0.0954 0.0188 0.8332 0.0158 0.0017 0.0014 0.0303 0.0034 
        TA14  2 0.0019 0.0055 0.9840 0.0031 0.0011 0.0008 0.0009 0.0028 
        TA15  2 0.0028 0.0055 0.9849 0.0015 0.0011 0.0008 0.0014 0.0019 
        TA16  2 0.0064 0.0189 0.9348 0.0111 0.0015 0.0011 0.0244 0.0017 
        TA17  2 0.0043 0.0037 0.9808 0.0010 0.0038 0.0011 0.0019 0.0034 
        TA18  2 0.0021 0.0020 0.9426 0.0015 0.0022 0.0010 0.0062 0.0424 
        TA19  2 0.0040 0.0061 0.8807 0.0141 0.0881 0.0011 0.0032 0.0028 
        TA20  2 0.0055 0.0039 0.9725 0.0010 0.0014 0.0017 0.0014 0.0127 
        TA21  2 0.0045 0.0204 0.9634 0.0026 0.0022 0.0017 0.0017 0.0034 
        TA22  2 0.0024 0.0115 0.9780 0.0010 0.0012 0.0011 0.0009 0.0039 
        TA23  2 0.0018 0.0145 0.9763 0.0022 0.0013 0.0009 0.0012 0.0018 
        TA24  2 0.0060 0.0025 0.9801 0.0013 0.0056 0.0011 0.0013 0.0021 
        TA25  2 0.0045 0.0051 0.7878 0.0013 0.0014 0.0010 0.1976 0.0013 
        TA26  2 0.0035 0.0371 0.9341 0.0112 0.0015 0.0058 0.0041 0.0027 
        TA27  2 0.0058 0.0031 0.9814 0.0022 0.0018 0.0009 0.0019 0.0030 
        TA28  2 0.0060 0.0034 0.9588 0.0039 0.0048 0.0073 0.0011 0.0147 
        TA29  2 0.0028 0.0161 0.9713 0.0012 0.0035 0.0012 0.0019 0.0019 
        TA30  2 0.0046 0.0647 0.7329 0.1844 0.0046 0.0024 0.0017 0.0046 
      BERM01  3 0.0016 0.9796 0.0011 0.0134 0.0009 0.0008 0.0012 0.0015 
      BERM02  3 0.0017 0.9885 0.0020 0.0034 0.0009 0.0009 0.0009 0.0017 
      BERM03  3 0.0016 0.9919 0.0011 0.0008 0.0010 0.0009 0.0013 0.0014 
      BERM04  3 0.0013 0.9916 0.0009 0.0014 0.0012 0.0010 0.0013 0.0013 
      BERM05  3 0.0018 0.9890 0.0009 0.0023 0.0013 0.0013 0.0015 0.0019 
      BERM06  3 0.0015 0.9855 0.0012 0.0074 0.0012 0.0010 0.0009 0.0013 
      BERM07  3 0.0017 0.9880 0.0014 0.0034 0.0015 0.0009 0.0017 0.0013 
      BERM08  3 0.0013 0.9903 0.0013 0.0032 0.0009 0.0011 0.0009 0.0010 
      BERM09  3 0.0016 0.5718 0.0041 0.4182 0.0011 0.0007 0.0011 0.0013 
      BERM10  3 0.0027 0.9863 0.0018 0.0033 0.0017 0.0016 0.0012 0.0014 
      BERM11  3 0.0015 0.9723 0.0017 0.0195 0.0011 0.0012 0.0013 0.0014 
      BERM12  3 0.0013 0.9542 0.0027 0.0011 0.0010 0.0177 0.0183 0.0036 
      BERM13  3 0.0020 0.9861 0.0013 0.0042 0.0026 0.0008 0.0016 0.0014 
      BERM14  3 0.0014 0.9890 0.0019 0.0032 0.0009 0.0008 0.0014 0.0014 
      CROC01  3 0.0043 0.9733 0.0016 0.0030 0.0044 0.0013 0.0024 0.0096 
      CROC02  3 0.0025 0.9864 0.0016 0.0016 0.0022 0.0018 0.0019 0.0019 
      CROC03  3 0.0020 0.9842 0.0014 0.0056 0.0017 0.0018 0.0013 0.0019 
      CROC04  3 0.0061 0.8827 0.1024 0.0016 0.0011 0.0008 0.0014 0.0039 
      CROC05  3 0.0021 0.9868 0.0012 0.0037 0.0011 0.0011 0.0022 0.0018 
      CROC06  3 0.0090 0.9305 0.0077 0.0034 0.0024 0.0016 0.0277 0.0177 
      CROC07  3 0.0032 0.9796 0.0034 0.0061 0.0023 0.0010 0.0017 0.0025 
      CROC08  3 0.0028 0.9512 0.0015 0.0020 0.0014 0.0029 0.0035 0.0348 
      CROC09  3 0.0022 0.9655 0.0010 0.0247 0.0008 0.0010 0.0010 0.0039 
      CROC10  3 0.0018 0.9421 0.0012 0.0499 0.0010 0.0010 0.0017 0.0013 
      CROC11  3 0.0021 0.9661 0.0009 0.0245 0.0008 0.0010 0.0010 0.0036 
     CROC110  3 0.0241 0.9400 0.0049 0.0225 0.0017 0.0009 0.0015 0.0044 
     CROC116  3 0.0051 0.9763 0.0044 0.0019 0.0018 0.0022 0.0017 0.0066 
      CROC12  3 0.0024 0.9904 0.0014 0.0016 0.0010 0.0010 0.0010 0.0013 
     CROC123  3 0.0014 0.9913 0.0012 0.0024 0.0007 0.0010 0.0007 0.0012 
      CROC13  3 0.0016 0.9903 0.0010 0.0011 0.0011 0.0018 0.0019 0.0012 
      CROC14  3 0.0068 0.9033 0.0022 0.0031 0.0008 0.0015 0.0804 0.0020 
      CROC15  3 0.0198 0.8825 0.0034 0.0010 0.0037 0.0092 0.0117 0.0686 
      CROC16  3 0.0025 0.9797 0.0009 0.0086 0.0012 0.0026 0.0019 0.0026 
      CROC17  3 0.0048 0.9307 0.0596 0.0009 0.0009 0.0010 0.0009 0.0011 
      CROC18  3 0.0046 0.9650 0.0032 0.0012 0.0121 0.0112 0.0010 0.0017 
      CROC19  3 0.0035 0.9829 0.0028 0.0030 0.0030 0.0013 0.0016 0.0020 
     CROC198  3 0.0018 0.9877 0.0011 0.0038 0.0013 0.0010 0.0018 0.0015 
      CROC20  3 0.0023 0.9877 0.0010 0.0025 0.0017 0.0014 0.0014 0.0019 
     CROC202  3 0.0018 0.9874 0.0011 0.0012 0.0014 0.0036 0.0021 0.0015 
      CROC21  3 0.0023 0.9871 0.0016 0.0039 0.0012 0.0011 0.0014 0.0015 
     CROC216  3 0.0110 0.9359 0.0188 0.0126 0.0023 0.0016 0.0013 0.0166 
      CROC22  3 0.0084 0.9408 0.0030 0.0043 0.0010 0.0014 0.0397 0.0014 
      CROC23  3 0.0035 0.9166 0.0103 0.0624 0.0015 0.0014 0.0015 0.0028 
      CROC24  3 0.0018 0.9825 0.0014 0.0089 0.0008 0.0017 0.0011 0.0018 
      CROC25  3 0.0014 0.9913 0.0012 0.0015 0.0009 0.0008 0.0013 0.0015 
     CROC259  3 0.0021 0.9688 0.0148 0.0036 0.0012 0.0014 0.0066 0.0016 
      CROC26  3 0.0015 0.9325 0.0579 0.0020 0.0012 0.0012 0.0018 0.0019 
      CROC27  3 0.0028 0.9406 0.0146 0.0332 0.0013 0.0012 0.0013 0.0050 
      CROC28  3 0.0017 0.9433 0.0035 0.0471 0.0007 0.0008 0.0012 0.0016 
      CROC29  3 0.0019 0.9903 0.0013 0.0012 0.0009 0.0010 0.0011 0.0023 
      CROC30  3 0.0040 0.9852 0.0021 0.0015 0.0015 0.0014 0.0014 0.0028 
      CROC31  3 0.0076 0.8485 0.0075 0.1295 0.0012 0.0013 0.0018 0.0027 
      CROC32  3 0.0016 0.9911 0.0013 0.0016 0.0011 0.0008 0.0014 0.0011 
      CROC33  3 0.0047 0.9559 0.0044 0.0024 0.0012 0.0012 0.0008 0.0295 
      CROC34  3 0.0018 0.9890 0.0015 0.0016 0.0016 0.0011 0.0015 0.0018 
      CROC35  3 0.0093 0.9673 0.0122 0.0066 0.0007 0.0017 0.0010 0.0012 
      CROC36  3 0.0017 0.9863 0.0010 0.0056 0.0010 0.0009 0.0017 0.0017 
      CROC57  3 0.0019 0.9891 0.0009 0.0016 0.0011 0.0011 0.0025 0.0018 
      CROC81  3 0.0021 0.9852 0.0012 0.0014 0.0013 0.0035 0.0015 0.0038 
      CROC84  3 0.0012 0.9792 0.0023 0.0041 0.0006 0.0054 0.0048 0.0023 
        FW01  3 0.0018 0.9899 0.0013 0.0015 0.0012 0.0017 0.0010 0.0016 
        FW02  3 0.0010 0.0012 0.0006 0.9939 0.0007 0.0007 0.0008 0.0010 
        FW03  3 0.0017 0.9907 0.0011 0.0016 0.0011 0.0015 0.0009 0.0015 
        FW04  3 0.0010 0.0012 0.0006 0.9939 0.0007 0.0007 0.0008 0.0010 
        FW05  3 0.0011 0.0012 0.0006 0.9939 0.0007 0.0007 0.0009 0.0010 
        FW06  3 0.0010 0.0012 0.0006 0.9939 0.0007 0.0007 0.0009 0.0010 
        FW07  3 0.0017 0.9906 0.0012 0.0016 0.0010 0.0015 0.0009 0.0015 
        FW08  3 0.0010 0.0012 0.0006 0.9940 0.0007 0.0007 0.0009 0.0010 
        FW09  3 0.0010 0.0013 0.0006 0.9939 0.0007 0.0007 0.0009 0.0010 
        FW10  3 0.0018 0.9902 0.0013 0.0016 0.0011 0.0014 0.0009 0.0018 
       FW100  3 0.0018 0.9897 0.0013 0.0021 0.0010 0.0015 0.0009 0.0017 
       FW101  3 0.0018 0.9903 0.0013 0.0015 0.0011 0.0014 0.0009 0.0017 
       FW102  3 0.0011 0.0013 0.0006 0.9938 0.0007 0.0007 0.0009 0.0010 
       FW103  3 0.0010 0.0012 0.0006 0.9939 0.0007 0.0007 0.0008 0.0010 
       FW104  3 0.0019 0.9897 0.0013 0.0017 0.0012 0.0017 0.0009 0.0016 
       FW105  3 0.0019 0.9899 0.0013 0.0016 0.0010 0.0015 0.0009 0.0017 
       FW106  3 0.0057 0.9286 0.0041 0.0426 0.0091 0.0034 0.0012 0.0053 
       FW107  3 0.0019 0.9897 0.0012 0.0016 0.0012 0.0017 0.0010 0.0017 
       FW108  3 0.0010 0.0012 0.0006 0.9939 0.0007 0.0007 0.0009 0.0010 
       FW109  3 0.0018 0.9901 0.0013 0.0016 0.0010 0.0016 0.0009 0.0017 
        FW11  3 0.0018 0.9897 0.0013 0.0021 0.0011 0.0015 0.0009 0.0016 
       FW110  3 0.0016 0.9907 0.0011 0.0015 0.0011 0.0015 0.0009 0.0015 
       FW111  3 0.0010 0.0012 0.0006 0.9939 0.0007 0.0007 0.0009 0.0010 
       FW112  3 0.0018 0.9899 0.0013 0.0020 0.0011 0.0015 0.0009 0.0016 
       FW113  3 0.0010 0.0012 0.0006 0.9939 0.0007 0.0007 0.0009 0.0010 
       FW114  3 0.0017 0.9902 0.0016 0.0015 0.0011 0.0014 0.0009 0.0015 
       FW115  3 0.0018 0.9901 0.0013 0.0015 0.0011 0.0015 0.0009 0.0018 
       FW116  3 0.0010 0.0013 0.0006 0.9939 0.0007 0.0007 0.0008 0.0010 
        FW12  3 0.0010 0.0012 0.0006 0.9939 0.0007 0.0007 0.0009 0.0010 
        FW13  3 0.0010 0.0013 0.0007 0.9938 0.0007 0.0007 0.0009 0.0010 
        FW14  3 0.0019 0.9897 0.0012 0.0016 0.0012 0.0018 0.0010 0.0016 
        FW15  3 0.0019 0.9897 0.0012 0.0016 0.0012 0.0017 0.0010 0.0016 
        FW16  3 0.0017 0.9903 0.0013 0.0016 0.0011 0.0015 0.0009 0.0017 
        FW17  3 0.0018 0.9903 0.0012 0.0015 0.0010 0.0015 0.0009 0.0017 
        FW18  3 0.0017 0.9898 0.0013 0.0021 0.0011 0.0015 0.0009 0.0016 
        FW19  3 0.0010 0.0012 0.0006 0.9940 0.0007 0.0007 0.0009 0.0010 
        FW20  3 0.0010 0.0012 0.0006 0.9939 0.0007 0.0007 0.0008 0.0010 
        FW21  3 0.0010 0.0012 0.0006 0.9940 0.0007 0.0007 0.0008 0.0010 
        FW22  3 0.0018 0.9896 0.0013 0.0022 0.0011 0.0015 0.0009 0.0016 
        FW23  3 0.0010 0.0012 0.0006 0.9940 0.0007 0.0007 0.0009 0.0010 
        FW24  3 0.0010 0.0012 0.0006 0.9939 0.0007 0.0007 0.0009 0.0010 
        FW25  3 0.0010 0.0012 0.0006 0.9939 0.0007 0.0007 0.0009 0.0010 
        FW26  3 0.0010 0.0012 0.0007 0.9939 0.0007 0.0007 0.0009 0.0010 
        FW27  3 0.0018 0.9901 0.0013 0.0016 0.0011 0.0015 0.0009 0.0017 
        FW28  3 0.0011 0.0012 0.0006 0.9939 0.0007 0.0007 0.0008 0.0010 
        FW29  3 0.0010 0.0013 0.0006 0.9938 0.0007 0.0007 0.0009 0.0010 
        FW30  3 0.0058 0.9312 0.0039 0.0409 0.0082 0.0036 0.0012 0.0053 
        FW32  3 0.0019 0.9898 0.0012 0.0015 0.0012 0.0018 0.0009 0.0016 
        FW33  3 0.0041 0.0082 0.0022 0.9792 0.0007 0.0007 0.0009 0.0041 
        FW34  3 0.0011 0.0012 0.0006 0.9939 0.0007 0.0007 0.0008 0.0010 
        FW35  3 0.0011 0.0013 0.0006 0.9938 0.0007 0.0007 0.0009 0.0010 
        FW36  3 0.0010 0.0012 0.0006 0.9939 0.0007 0.0007 0.0009 0.0010 
        FW37  3 0.0019 0.9902 0.0013 0.0015 0.0011 0.0015 0.0009 0.0017 
        FW51  3 0.0011 0.0012 0.0006 0.9939 0.0007 0.0007 0.0008 0.0010 
        FW52  3 0.0017 0.9901 0.0013 0.0016 0.0011 0.0015 0.0009 0.0018 
        FW53  3 0.0010 0.0012 0.0006 0.9938 0.0007 0.0007 0.0009 0.0010 
        FW54  3 0.0017 0.9907 0.0012 0.0015 0.0011 0.0015 0.0009 0.0015 
        FW55  3 0.0010 0.0012 0.0006 0.9939 0.0007 0.0007 0.0008 0.0010 
        FW56  3 0.0010 0.0012 0.0006 0.9939 0.0007 0.0007 0.0009 0.0010 
        FW57  3 0.0010 0.0012 0.0006 0.9939 0.0007 0.0007 0.0009 0.0010 
        FW78  3 0.0010 0.0012 0.0006 0.9939 0.0007 0.0007 0.0009 0.0010 
        FW79  3 0.0010 0.0013 0.0006 0.9939 0.0007 0.0007 0.0008 0.0010 
        FW80  3 0.0010 0.0012 0.0006 0.9939 0.0007 0.0007 0.0009 0.0010 
        FW81  3 0.0017 0.9906 0.0011 0.0016 0.0011 0.0016 0.0009 0.0015 
        FW82  3 0.0018 0.9902 0.0013 0.0016 0.0011 0.0015 0.0009 0.0017 
        FW83  3 0.0019 0.9899 0.0013 0.0015 0.0012 0.0017 0.0009 0.0016 
        FW84  3 0.0010 0.0012 0.0006 0.9939 0.0007 0.0007 0.0009 0.0010 
        FW85  3 0.0028 0.9829 0.0025 0.0021 0.0011 0.0049 0.0009 0.0028 
        FW86  3 0.0018 0.9896 0.0013 0.0021 0.0011 0.0016 0.0009 0.0017 
        FW87  3 0.0018 0.9899 0.0012 0.0021 0.0011 0.0015 0.0009 0.0016 
        FW88  3 0.0010 0.0012 0.0006 0.9939 0.0007 0.0007 0.0009 0.0010 
        FW89  3 0.0010 0.0013 0.0006 0.9938 0.0007 0.0007 0.0009 0.0010 
        FW90  3 0.0010 0.0012 0.0006 0.9939 0.0007 0.0007 0.0008 0.0010 
        FW91  3 0.0017 0.9902 0.0013 0.0016 0.0011 0.0015 0.0009 0.0017 
        FW92  3 0.0010 0.0012 0.0006 0.9939 0.0007 0.0007 0.0009 0.0010 
        FW93  3 0.0010 0.0013 0.0006 0.9938 0.0007 0.0007 0.0009 0.0010 
        FW94  3 0.0018 0.9903 0.0013 0.0015 0.0011 0.0015 0.0009 0.0017 
        FW95  3 0.0010 0.0012 0.0006 0.9939 0.0007 0.0007 0.0008 0.0010 
        FW96  3 0.0010 0.0013 0.0006 0.9939 0.0007 0.0007 0.0009 0.0010 
        FW97  3 0.0028 0.9734 0.0014 0.0080 0.0054 0.0020 0.0039 0.0031 
        FW98  3 0.0017 0.9907 0.0012 0.0015 0.0010 0.0015 0.0009 0.0015 
        FW99  3 0.0010 0.0013 0.0006 0.9939 0.0007 0.0007 0.0008 0.0010 
       Cal01  3 0.0029 0.7246 0.0018 0.2618 0.0009 0.0013 0.0016 0.0050 
       Cal02  3 0.0023 0.9889 0.0011 0.0028 0.0010 0.0012 0.0012 0.0014 
       Cal03  3 0.0015 0.9817 0.0010 0.0115 0.0009 0.0010 0.0007 0.0017 
       Cal04  3 0.0028 0.9871 0.0015 0.0007 0.0032 0.0017 0.0012 0.0019 
       Cal05  3 0.0011 0.9889 0.0023 0.0042 0.0008 0.0008 0.0007 0.0011 
       Cal06  3 0.0038 0.9834 0.0035 0.0032 0.0009 0.0011 0.0018 0.0023 
       Cal07  3 0.0014 0.9743 0.0065 0.0143 0.0007 0.0007 0.0009 0.0012 
       Cal08  3 0.0033 0.9692 0.0020 0.0127 0.0029 0.0017 0.0045 0.0037 
       Cal09  3 0.0052 0.9524 0.0238 0.0124 0.0012 0.0025 0.0012 0.0013 
       Cal10  3 0.0027 0.9891 0.0015 0.0011 0.0011 0.0012 0.0009 0.0023 
       Cal11  3 0.0029 0.9594 0.0029 0.0051 0.0030 0.0011 0.0234 0.0023 
      Cal197  3 0.0036 0.6750 0.0021 0.3152 0.0008 0.0008 0.0008 0.0017 
      Cal198  3 0.0035 0.8998 0.0291 0.0035 0.0016 0.0008 0.0010 0.0607 
      Cal199  3 0.0014 0.9787 0.0009 0.0039 0.0096 0.0012 0.0011 0.0031 
      Cal200  3 0.0045 0.9392 0.0031 0.0439 0.0007 0.0015 0.0020 0.0051 
      Cal201  3 0.0020 0.9544 0.0029 0.0366 0.0007 0.0007 0.0012 0.0015 
      Cal202  3 0.0133 0.9423 0.0017 0.0060 0.0056 0.0077 0.0013 0.0222 
      Cal203  3 0.0017 0.9896 0.0010 0.0012 0.0012 0.0011 0.0024 0.0018 
      Cal204  3 0.0020 0.9889 0.0013 0.0016 0.0012 0.0014 0.0014 0.0023 
      Cal205  3 0.0020 0.9894 0.0013 0.0024 0.0011 0.0010 0.0008 0.0021 
      Cal206  3 0.0020 0.9881 0.0010 0.0037 0.0012 0.0016 0.0011 0.0013 
      Cal207  3 0.0016 0.9809 0.0019 0.0034 0.0007 0.0008 0.0009 0.0097 
      Cal208  3 0.0019 0.9895 0.0010 0.0017 0.0015 0.0010 0.0015 0.0018 
      Cal209  3 0.0014 0.9834 0.0011 0.0099 0.0010 0.0011 0.0010 0.0011 
      Cal210  3 0.0015 0.9792 0.0009 0.0038 0.0093 0.0012 0.0011 0.0031 
      Cal211  3 0.0017 0.9663 0.0015 0.0262 0.0009 0.0008 0.0010 0.0016 
      Cal212  3 0.0019 0.9871 0.0012 0.0045 0.0012 0.0009 0.0009 0.0023 
      Cal213  3 0.0049 0.8930 0.0193 0.0096 0.0013 0.0010 0.0007 0.0701 
      Cal214  3 0.0061 0.9707 0.0011 0.0006 0.0158 0.0012 0.0011 0.0034 
      Cal215  3 0.0023 0.9783 0.0013 0.0102 0.0024 0.0021 0.0017 0.0018 
      Cal216  3 0.0016 0.9673 0.0021 0.0240 0.0007 0.0010 0.0012 0.0020 
      Cal217  3 0.0017 0.9852 0.0016 0.0074 0.0007 0.0007 0.0012 0.0014 
      Cal218  3 0.0018 0.9696 0.0013 0.0226 0.0011 0.0009 0.0009 0.0017 
      Cal219  3 0.0024 0.9829 0.0013 0.0082 0.0016 0.0009 0.0014 0.0013 
      Cal220  3 0.0038 0.9639 0.0019 0.0047 0.0174 0.0009 0.0040 0.0036 
      Cal221  3 0.0016 0.9872 0.0011 0.0045 0.0021 0.0009 0.0009 0.0017 
      Cal222  3 0.0015 0.9881 0.0011 0.0023 0.0029 0.0010 0.0011 0.0020 
      Cal223  3 0.0046 0.9327 0.0441 0.0054 0.0028 0.0012 0.0031 0.0060 
      Cal224  3 0.0022 0.9076 0.0021 0.0011 0.0016 0.0075 0.0026 0.0754 
       Cal33  3 0.0027 0.9901 0.0012 0.0018 0.0010 0.0010 0.0009 0.0013 
       Cal34  3 0.0020 0.9877 0.0024 0.0012 0.0009 0.0014 0.0010 0.0033 
       Cal35  3 0.0017 0.9904 0.0019 0.0020 0.0008 0.0009 0.0009 0.0014 
       Cal37  3 0.0085 0.9813 0.0037 0.0018 0.0009 0.0010 0.0009 0.0019 
       Cal38  3 0.0017 0.6992 0.0014 0.2935 0.0012 0.0007 0.0011 0.0012 
       Cal39  3 0.0015 0.9808 0.0013 0.0105 0.0014 0.0020 0.0013 0.0012 
       Cal40  3 0.0015 0.9829 0.0010 0.0105 0.0009 0.0011 0.0010 0.0011 
       Cal41  3 0.0013 0.9905 0.0011 0.0030 0.0009 0.0009 0.0010 0.0011 
       Cal42  3 0.0020 0.9889 0.0009 0.0029 0.0010 0.0012 0.0017 0.0014 
       Cal43  3 0.0021 0.9898 0.0014 0.0019 0.0013 0.0008 0.0011 0.0015 
       Cal44  3 0.0020 0.9690 0.0014 0.0107 0.0101 0.0011 0.0014 0.0043 
        BW41  3 0.0032 0.9531 0.0018 0.0036 0.0025 0.0303 0.0015 0.0041 
        BW42  3 0.0043 0.9876 0.0017 0.0012 0.0017 0.0010 0.0012 0.0014 
        BW44  3 0.0017 0.9891 0.0022 0.0020 0.0012 0.0008 0.0013 0.0016 
        BW45  3 0.0012 0.9835 0.0016 0.0102 0.0008 0.0007 0.0010 0.0010 
        BW46  3 0.0020 0.9904 0.0010 0.0018 0.0011 0.0010 0.0010 0.0016 
        BW47  3 0.0031 0.9351 0.0084 0.0149 0.0163 0.0193 0.0009 0.0021 
        BW48  3 0.0038 0.9780 0.0021 0.0060 0.0028 0.0024 0.0025 0.0024 
        BW49  3 0.0020 0.9727 0.0062 0.0144 0.0009 0.0008 0.0016 0.0014 
        BW50  3 0.0018 0.9895 0.0011 0.0031 0.0009 0.0010 0.0011 0.0014 
        BW51  3 0.0015 0.9599 0.0109 0.0236 0.0011 0.0008 0.0011 0.0012 
        BW52  3 0.0017 0.9876 0.0012 0.0017 0.0010 0.0009 0.0045 0.0013 
        BW53  3 0.0069 0.9726 0.0039 0.0023 0.0053 0.0011 0.0009 0.0070 
        BW54  3 0.0037 0.8804 0.0050 0.0051 0.0921 0.0041 0.0014 0.0081 
        BW55  3 0.0017 0.9894 0.0011 0.0017 0.0012 0.0010 0.0020 0.0019 
        BW56  3 0.0017 0.9891 0.0014 0.0023 0.0008 0.0021 0.0011 0.0015 
        BW57  3 0.0019 0.9877 0.0017 0.0034 0.0008 0.0010 0.0010 0.0025 
        BW58  3 0.0017 0.9901 0.0017 0.0020 0.0014 0.0010 0.0010 0.0012 
        BW59  3 0.0025 0.9326 0.0016 0.0593 0.0010 0.0009 0.0010 0.0011 
        BW60  3 0.0015 0.9915 0.0013 0.0011 0.0009 0.0010 0.0011 0.0017 
        BW61  3 0.0132 0.8958 0.0027 0.0194 0.0011 0.0647 0.0016 0.0015 
        BW62  3 0.0021 0.9869 0.0015 0.0026 0.0017 0.0016 0.0010 0.0026 
        BW63  3 0.0094 0.9304 0.0245 0.0029 0.0062 0.0017 0.0011 0.0239 
        BW64  3 0.0016 0.9867 0.0012 0.0062 0.0010 0.0008 0.0010 0.0014 
        BW65  3 0.0077 0.9658 0.0036 0.0034 0.0035 0.0050 0.0022 0.0088 
        BW66  3 0.0016 0.9832 0.0035 0.0035 0.0011 0.0017 0.0036 0.0018 
        BW67  3 0.0013 0.8182 0.0013 0.1752 0.0008 0.0008 0.0010 0.0014 
        BW68  3 0.0033 0.9838 0.0026 0.0027 0.0016 0.0026 0.0010 0.0024 
        BW69  3 0.0018 0.9481 0.0011 0.0014 0.0016 0.0434 0.0012 0.0014 
        BW70  3 0.0021 0.9388 0.0022 0.0505 0.0017 0.0009 0.0015 0.0023 
        BW71  3 0.0014 0.9504 0.0014 0.0427 0.0009 0.0008 0.0014 0.0010 
        BW72  3 0.0078 0.9643 0.0028 0.0050 0.0030 0.0047 0.0032 0.0091 
        BW73  3 0.0208 0.9217 0.0037 0.0053 0.0017 0.0187 0.0267 0.0014 
        BW74  3 0.0033 0.9838 0.0027 0.0041 0.0020 0.0012 0.0014 0.0016 
        BW75  3 0.0108 0.9526 0.0081 0.0082 0.0023 0.0010 0.0142 0.0028 
        BW76  3 0.0021 0.9837 0.0013 0.0045 0.0017 0.0027 0.0015 0.0026 
        BW77  3 0.0072 0.8501 0.0111 0.1215 0.0017 0.0021 0.0013 0.0049 
        BW78  3 0.0013 0.9902 0.0024 0.0011 0.0013 0.0010 0.0013 0.0013 
        BW79  3 0.0060 0.9813 0.0021 0.0060 0.0011 0.0010 0.0013 0.0012 
        BW80  3 0.0030 0.9879 0.0012 0.0029 0.0012 0.0010 0.0010 0.0018 
        BW81  3 0.0016 0.9911 0.0017 0.0014 0.0009 0.0011 0.0010 0.0013 
       BWS05  3 0.0054 0.9643 0.0028 0.0093 0.0045 0.0084 0.0027 0.0027 
       BWS06  3 0.0017 0.9850 0.0013 0.0056 0.0023 0.0011 0.0013 0.0019 
       BWS07  3 0.0258 0.9378 0.0038 0.0289 0.0009 0.0007 0.0007 0.0014 
       BWS08  3 0.0036 0.9603 0.0099 0.0030 0.0016 0.0118 0.0040 0.0058 
       BWS09  3 0.0014 0.9615 0.0011 0.0316 0.0008 0.0008 0.0009 0.0018 
       BWS10  3 0.0024 0.9687 0.0021 0.0066 0.0018 0.0014 0.0013 0.0156 
       BWS11  3 0.0020 0.9900 0.0011 0.0025 0.0011 0.0009 0.0011 0.0013 
       BWS12  3 0.0022 0.9879 0.0016 0.0019 0.0014 0.0009 0.0024 0.0016 
       BWS13  3 0.0017 0.9892 0.0010 0.0010 0.0011 0.0008 0.0013 0.0039 
       BWS14  3 0.0023 0.9902 0.0013 0.0016 0.0012 0.0012 0.0008 0.0014 
       BWS15  3 0.0050 0.9731 0.0027 0.0038 0.0047 0.0017 0.0049 0.0041 
       BWS16  3 0.0016 0.9818 0.0104 0.0010 0.0019 0.0010 0.0010 0.0013 
       BWS17  3 0.0018 0.9881 0.0014 0.0015 0.0013 0.0022 0.0014 0.0023 
       BWS18  3 0.0038 0.9501 0.0025 0.0053 0.0046 0.0011 0.0009 0.0318 
       BWS19  3 0.0119 0.9514 0.0021 0.0120 0.0043 0.0113 0.0011 0.0059 
       BWS20  3 0.0014 0.9871 0.0050 0.0023 0.0007 0.0009 0.0011 0.0015 
       BWS21  3 0.0139 0.9133 0.0040 0.0014 0.0313 0.0016 0.0018 0.0327 
       BWS22  3 0.0020 0.9742 0.0012 0.0162 0.0009 0.0011 0.0010 0.0033 
       BWS23  3 0.0035 0.9590 0.0021 0.0029 0.0022 0.0014 0.0009 0.0281 
       BWS24  3 0.0106 0.9751 0.0033 0.0021 0.0021 0.0012 0.0016 0.0041 
       BWS25  3 0.0114 0.9808 0.0010 0.0012 0.0009 0.0027 0.0010 0.0012 
       BWS26  3 0.0026 0.9888 0.0017 0.0014 0.0010 0.0013 0.0018 0.0015 
       BWS27  3 0.0032 0.9871 0.0040 0.0017 0.0011 0.0008 0.0009 0.0012 
       BWS28  3 0.0050 0.9802 0.0019 0.0023 0.0034 0.0021 0.0013 0.0038 
       BWS29  3 0.0023 0.9859 0.0019 0.0016 0.0017 0.0022 0.0021 0.0022 
       BWS30  3 0.0019 0.9017 0.0014 0.0895 0.0010 0.0011 0.0011 0.0023 
       BWS31  3 0.0023 0.9806 0.0060 0.0032 0.0011 0.0043 0.0009 0.0017 
       BWS32  3 0.0035 0.9837 0.0034 0.0037 0.0013 0.0010 0.0016 0.0018 
       BWS33  3 0.0032 0.9835 0.0013 0.0014 0.0033 0.0025 0.0015 0.0033 
       BWS34  3 0.0022 0.9867 0.0016 0.0014 0.0014 0.0014 0.0019 0.0033 
       BWS35  3 0.0028 0.9803 0.0020 0.0014 0.0081 0.0014 0.0020 0.0021 
       BWS36  3 0.0013 0.9896 0.0011 0.0023 0.0010 0.0009 0.0026 0.0011 
       BWS37  3 0.0018 0.9874 0.0018 0.0024 0.0012 0.0029 0.0010 0.0015 
       BWS38  3 0.0030 0.9764 0.0029 0.0092 0.0020 0.0012 0.0029 0.0024 
       BWS39  3 0.0015 0.7551 0.0019 0.2369 0.0011 0.0009 0.0011 0.0015 
       BWS40  3 0.0017 0.9882 0.0011 0.0021 0.0017 0.0011 0.0027 0.0015 
       BWN01  3 0.0015 0.9882 0.0025 0.0023 0.0012 0.0014 0.0013 0.0015 
       BWN02  3 0.0016 0.8720 0.0777 0.0442 0.0014 0.0010 0.0009 0.0013 
       BWN03  3 0.0058 0.9703 0.0015 0.0023 0.0045 0.0058 0.0030 0.0068 
       BWN04  3 0.0017 0.9756 0.0035 0.0108 0.0008 0.0011 0.0049 0.0016 
        NC01  4 0.0283 0.0664 0.8771 0.0214 0.0012 0.0009 0.0016 0.0029 
        NC02  4 0.0037 0.0107 0.9620 0.0153 0.0014 0.0026 0.0022 0.0022 
        NC03  4 0.0034 0.0024 0.9835 0.0029 0.0008 0.0009 0.0010 0.0051 
        NC04  4 0.0031 0.0050 0.9841 0.0024 0.0012 0.0011 0.0013 0.0018 
        NC05  4 0.0358 0.0160 0.9284 0.0022 0.0027 0.0021 0.0028 0.0100 
        NC06  4 0.0037 0.0211 0.9446 0.0093 0.0016 0.0172 0.0009 0.0016 
        NC07  4 0.0021 0.0077 0.9823 0.0027 0.0015 0.0010 0.0012 0.0015 
        NC08  4 0.0026 0.0114 0.8800 0.0982 0.0010 0.0019 0.0021 0.0027 
        NC09  4 0.0026 0.0070 0.9759 0.0062 0.0019 0.0011 0.0022 0.0033 
        NC10  4 0.0020 0.1782 0.7439 0.0710 0.0008 0.0009 0.0016 0.0016 
        NC11  4 0.0061 0.0334 0.9472 0.0026 0.0028 0.0020 0.0029 0.0029 
        NC12  4 0.0029 0.0068 0.9816 0.0012 0.0011 0.0035 0.0010 0.0019 
        NC13  4 0.0041 0.0047 0.9729 0.0024 0.0027 0.0008 0.0009 0.0115 
        NC14  4 0.0135 0.0098 0.9618 0.0085 0.0012 0.0013 0.0019 0.0021 
        NC15  4 0.0033 0.0082 0.9764 0.0032 0.0024 0.0019 0.0017 0.0028 
        NC16  4 0.0187 0.0188 0.9474 0.0092 0.0018 0.0010 0.0016 0.0017 
        NC18  4 0.0039 0.0072 0.9700 0.0078 0.0011 0.0012 0.0066 0.0022 
        NC19  4 0.0018 0.0023 0.9901 0.0016 0.0008 0.0010 0.0008 0.0016 
        NC20  4 0.0028 0.0511 0.8319 0.0929 0.0020 0.0056 0.0072 0.0065 
        NC21  4 0.0059 0.0066 0.8814 0.0910 0.0012 0.0012 0.0010 0.0118 
        NC22  4 0.0014 0.0397 0.9193 0.0219 0.0011 0.0124 0.0021 0.0022 
        NC23  4 0.0047 0.0143 0.9554 0.0180 0.0011 0.0010 0.0029 0.0028 
        NC24  4 0.0019 0.0032 0.9875 0.0012 0.0013 0.0015 0.0021 0.0014 
      SAND01  4 0.0013 0.0023 0.0013 0.9909 0.0012 0.0008 0.0010 0.0014 
      SAND02  4 0.0023 0.0058 0.0011 0.9776 0.0011 0.0096 0.0011 0.0015 
      SAND03  4 0.0010 0.0021 0.0008 0.9926 0.0008 0.0007 0.0008 0.0010 
      SAND04  4 0.0015 0.0017 0.0011 0.9914 0.0010 0.0011 0.0009 0.0014 
      SAND05  4 0.0014 0.0020 0.0010 0.9915 0.0010 0.0009 0.0010 0.0013 
      SAND06  4 0.0019 0.0022 0.0017 0.9900 0.0009 0.0011 0.0009 0.0014 
      SAND07  4 0.0012 0.0025 0.0011 0.9903 0.0013 0.0008 0.0016 0.0012 
      SAND08  4 0.0015 0.0044 0.0088 0.9804 0.0009 0.0016 0.0012 0.0012 
      SAND09  4 0.0047 0.0903 0.0366 0.8558 0.0052 0.0020 0.0018 0.0036 
      SAND10  4 0.0028 0.0045 0.0105 0.9686 0.0046 0.0060 0.0015 0.0015 
      SAND11  4 0.0016 0.0030 0.0010 0.9897 0.0010 0.0011 0.0011 0.0016 
      SAND12  4 0.0013 0.0017 0.0011 0.9915 0.0009 0.0009 0.0012 0.0014 
      SAND13  4 0.0028 0.0044 0.0113 0.9679 0.0044 0.0062 0.0015 0.0015 
      SAND14  4 0.0034 0.0076 0.0043 0.9631 0.0030 0.0139 0.0021 0.0027 
      SAND15  4 0.0013 0.0022 0.0011 0.9909 0.0009 0.0008 0.0008 0.0019 
      SAND16  4 0.0096 0.0044 0.0133 0.9649 0.0038 0.0010 0.0008 0.0022 
      SAND17  4 0.0013 0.0035 0.0011 0.9899 0.0010 0.0009 0.0010 0.0012 
      SAND18  4 0.0012 0.0023 0.0011 0.9917 0.0008 0.0009 0.0009 0.0012 
      SAND19  4 0.0012 0.0019 0.0009 0.9925 0.0009 0.0008 0.0007 0.0012 
      SAND20  4 0.0012 0.0027 0.0037 0.9879 0.0011 0.0007 0.0016 0.0012 
      SAND21  4 0.0013 0.0040 0.0015 0.9889 0.0011 0.0009 0.0013 0.0011 
      SAND22  4 0.0013 0.0079 0.0036 0.9835 0.0009 0.0006 0.0009 0.0012 
      SAND23  4 0.0015 0.0036 0.0009 0.9899 0.0009 0.0012 0.0008 0.0013 
      SAND24  4 0.0021 0.9886 0.0014 0.0013 0.0012 0.0025 0.0011 0.0018 
      SAND25  4 0.0040 0.0018 0.0041 0.9828 0.0028 0.0012 0.0012 0.0020 
      SAND26  4 0.0011 0.0016 0.0015 0.9920 0.0008 0.0010 0.0008 0.0012 
      SAND27  4 0.0029 0.0244 0.1618 0.8008 0.0015 0.0017 0.0030 0.0040 
      SAND28  4 0.0013 0.0025 0.0011 0.9909 0.0008 0.0011 0.0010 0.0013 
      SAND29  4 0.0013 0.0020 0.0009 0.9921 0.0008 0.0008 0.0009 0.0012 
      SAND30  4 0.0014 0.0062 0.0027 0.9852 0.0008 0.0007 0.0010 0.0020 
      SAND31  4 0.0014 0.0015 0.0017 0.9907 0.0009 0.0007 0.0016 0.0015 
      SAND32  4 0.0028 0.0040 0.0591 0.9248 0.0026 0.0043 0.0009 0.0015 
      SAND33  4 0.0015 0.0044 0.0018 0.9845 0.0024 0.0015 0.0020 0.0019 
      SAND34  4 0.0013 0.0026 0.0013 0.9908 0.0008 0.0009 0.0008 0.0015 
      SAND35  4 0.0010 0.0014 0.0008 0.9934 0.0008 0.0007 0.0009 0.0010 
      SAND36  4 0.0017 0.0093 0.0016 0.9835 0.0009 0.0010 0.0009 0.0012 
      SAND37  4 0.0015 0.0095 0.0022 0.9828 0.0009 0.0009 0.0009 0.0014 
      SAND38  4 0.0017 0.0034 0.0024 0.9874 0.0013 0.0010 0.0015 0.0014 
      SAND39  4 0.0016 0.0037 0.0093 0.9813 0.0008 0.0011 0.0010 0.0014 
      SAND40  4 0.0035 0.0051 0.0020 0.9755 0.0013 0.0062 0.0024 0.0039 
      SAND41  4 0.0018 0.0039 0.0015 0.9870 0.0009 0.0021 0.0011 0.0016 
      SAND42  4 0.0022 0.0073 0.0018 0.9803 0.0023 0.0018 0.0020 0.0023 
      SAND43  4 0.0028 0.2504 0.0076 0.7306 0.0023 0.0019 0.0017 0.0027 
      SAND44  4 0.0011 0.0016 0.0011 0.9920 0.0008 0.0007 0.0015 0.0011 
       Hon01  5 0.0022 0.0010 0.9873 0.0008 0.0035 0.0015 0.0018 0.0018 
       Hon02  5 0.0023 0.0054 0.9767 0.0092 0.0008 0.0014 0.0011 0.0030 
       Hon03  5 0.0062 0.0021 0.8501 0.0319 0.0018 0.0218 0.0321 0.0540 
       Hon04  5 0.0025 0.0015 0.9875 0.0014 0.0019 0.0011 0.0016 0.0026 
       Hon05  5 0.0021 0.0018 0.9886 0.0010 0.0011 0.0018 0.0019 0.0018 
       Hon06  5 0.0017 0.0011 0.9904 0.0010 0.0025 0.0008 0.0013 0.0013 
       Hon07  5 0.0017 0.0014 0.9893 0.0009 0.0013 0.0014 0.0020 0.0020 
       Hon08  5 0.0023 0.0019 0.9889 0.0010 0.0013 0.0009 0.0011 0.0026 
       Hon09  5 0.0016 0.0024 0.8325 0.1541 0.0010 0.0017 0.0032 0.0036 
       Hon10  5 0.0024 0.0017 0.9636 0.0010 0.0043 0.0036 0.0204 0.0031 
       Hon11  5 0.0536 0.0071 0.9189 0.0014 0.0111 0.0021 0.0028 0.0029 
       Hon12  5 0.0015 0.0035 0.9619 0.0201 0.0013 0.0019 0.0037 0.0062 
       Hon13  5 0.0023 0.0017 0.9889 0.0008 0.0010 0.0018 0.0017 0.0019 
       Hon14  5 0.0030 0.0014 0.9672 0.0008 0.0010 0.0139 0.0027 0.0099 
       Hon15  5 0.0020 0.0009 0.9855 0.0012 0.0028 0.0012 0.0012 0.0051 
       Hon16  5 0.0022 0.0019 0.9891 0.0009 0.0014 0.0010 0.0011 0.0025 
       Hon17  5 0.0022 0.0013 0.9905 0.0009 0.0013 0.0008 0.0014 0.0014 
       Hon18  5 0.0023 0.0161 0.9284 0.0467 0.0012 0.0009 0.0013 0.0030 
       Hon19  5 0.0021 0.0018 0.9771 0.0009 0.0017 0.0010 0.0071 0.0082 
       Hon20  5 0.0071 0.0016 0.9801 0.0007 0.0049 0.0010 0.0025 0.0021 
      ERIN01  6 0.0013 0.0008 0.0006 0.0005 0.0010 0.0010 0.9935 0.0013 
      ERIN02  6 0.0013 0.0008 0.0006 0.0005 0.0010 0.0011 0.9934 0.0013 
      ERIN03  6 0.0013 0.0008 0.0006 0.0005 0.0010 0.0010 0.9935 0.0012 
      ERIN04  6 0.0013 0.0008 0.0006 0.0005 0.0010 0.0011 0.9934 0.0013 
      ERIN05  6 0.0013 0.0008 0.0006 0.0005 0.0010 0.0010 0.9934 0.0013 
      ERIN06  6 0.0013 0.0008 0.0006 0.0005 0.0010 0.0010 0.9935 0.0013 
      ERIN07  6 0.0013 0.0008 0.0006 0.0005 0.0010 0.0010 0.9934 0.0013 
      ERIN08  6 0.0013 0.0008 0.0006 0.0005 0.0010 0.0010 0.9936 0.0013 
      ERIN09  6 0.0013 0.0008 0.0006 0.0005 0.0010 0.0010 0.9935 0.0013 
      ERIN10  6 0.0013 0.0008 0.0006 0.0005 0.0010 0.0010 0.9934 0.0012 
      ERIN11  6 0.0069 0.0008 0.0018 0.0005 0.0010 0.0010 0.9867 0.0013 
      ERIN12  6 0.0013 0.0008 0.0006 0.0005 0.0010 0.0010 0.9934 0.0013 
      ERIN13  6 0.0014 0.0008 0.0006 0.0005 0.0010 0.0010 0.9934 0.0012 
      ERIN14  6 0.0013 0.0008 0.0006 0.0005 0.0010 0.0010 0.9935 0.0013 
      ERIN15  6 0.0013 0.0008 0.0006 0.0005 0.0010 0.0010 0.9935 0.0013 
      ERIN16  6 0.0015 0.0008 0.0006 0.0005 0.0010 0.0010 0.9933 0.0013 
      ERIN17  6 0.0013 0.0008 0.0006 0.0005 0.0010 0.0010 0.9935 0.0013 
      ERIN18  6 0.0013 0.0008 0.0006 0.0005 0.0010 0.0010 0.9935 0.0013 
      ERIN19  6 0.0013 0.0008 0.0006 0.0005 0.0010 0.0010 0.9934 0.0013 
      ERIN20  6 0.0013 0.0008 0.0006 0.0005 0.0010 0.0010 0.9935 0.0012 
      ERIN21  6 0.0013 0.0008 0.0006 0.0005 0.0010 0.0010 0.9934 0.0013 
      ERIN22  6 0.0013 0.0008 0.0006 0.0005 0.0010 0.0010 0.9935 0.0013 
      ERIN23  6 0.0013 0.0008 0.0006 0.0005 0.0011 0.0010 0.9935 0.0012 
      ERIN24  6 0.0013 0.0008 0.0006 0.0005 0.0010 0.0010 0.9935 0.0013 
      ERIN25  6 0.0013 0.0008 0.0006 0.0005 0.0010 0.0011 0.9933 0.0013 
      ERIN26  6 0.0014 0.0008 0.0006 0.0005 0.0010 0.0010 0.9935 0.0012 
      ERIN27  6 0.0013 0.0008 0.0006 0.0005 0.0010 0.0010 0.9935 0.0013 
      ERIN28  6 0.0013 0.0008 0.0006 0.0005 0.0010 0.0010 0.9934 0.0013 
      ERIN29  6 0.0013 0.0008 0.0006 0.0005 0.0010 0.0011 0.9934 0.0013 
      ERIN30  6 0.0013 0.0008 0.0006 0.0005 0.0010 0.0010 0.9934 0.0013 
      ERIN31  6 0.0013 0.0008 0.0006 0.0005 0.0010 0.0011 0.9935 0.0013 
      ERIN32  6 0.0013 0.0008 0.0006 0.0005 0.0010 0.0010 0.9935 0.0013 
      ERIN33  6 0.0013 0.0008 0.0006 0.0005 0.0010 0.0010 0.9935 0.0013 
      ERIN34  6 0.0013 0.0008 0.0006 0.0005 0.0010 0.0010 0.9935 0.0013 
      ERIN35  6 0.0013 0.0008 0.0006 0.0005 0.0010 0.0010 0.9935 0.0013 
      ERIN38  6 0.0013 0.0008 0.0006 0.0005 0.0010 0.0010 0.9935 0.0013 
      ERIN39  6 0.0013 0.0008 0.0006 0.0005 0.0010 0.0010 0.9934 0.0013 
      ERIN40  6 0.0013 0.0008 0.0006 0.0005 0.0010 0.0010 0.9935 0.0013 
      ERIN41  6 0.0013 0.0008 0.0006 0.0005 0.0010 0.0010 0.9935 0.0013 
      ERIN42  6 0.0013 0.0008 0.0006 0.0005 0.0010 0.0010 0.9935 0.0013 
      ERIN43  6 0.0013 0.0008 0.0006 0.0005 0.0010 0.0010 0.9935 0.0013 
      ERIN44  6 0.0013 0.0008 0.0006 0.0005 0.0010 0.0010 0.9934 0.0013 
      ERIN45  6 0.0013 0.0008 0.0006 0.0005 0.0010 0.0010 0.9934 0.0013 
      ERIN46  6 0.0013 0.0008 0.0006 0.0005 0.0010 0.0010 0.9935 0.0013 
      ERIN47  6 0.0013 0.0008 0.0006 0.0005 0.0010 0.0010 0.9935 0.0013 
       FDS01  6 0.0013 0.0008 0.0006 0.0005 0.0010 0.0010 0.9934 0.0013 
       FDS02  6 0.0013 0.0008 0.0006 0.0005 0.0010 0.0010 0.9934 0.0013 
       FDS03  6 0.0015 0.0008 0.0006 0.0005 0.0010 0.0010 0.9933 0.0012 
       FDS04  6 0.0013 0.0008 0.0006 0.0005 0.0010 0.0010 0.9935 0.0013 
       FDS05  6 0.0013 0.0008 0.0006 0.0005 0.0010 0.0010 0.9935 0.0013 
       FDS06  6 0.0013 0.0008 0.0006 0.0005 0.0010 0.0010 0.9935 0.0013 
       FDS07  6 0.0013 0.0008 0.0006 0.0005 0.0010 0.0010 0.9935 0.0013 
       FDS08  6 0.0013 0.0008 0.0006 0.0005 0.0010 0.0010 0.9935 0.0013 
       FDS09  6 0.0013 0.0008 0.0006 0.0005 0.0010 0.0010 0.9934 0.0013 
       FDS10  6 0.0013 0.0008 0.0006 0.0005 0.0010 0.0011 0.9934 0.0013 
       FDS11  6 0.0013 0.0008 0.0006 0.0005 0.0010 0.0010 0.9935 0.0013 
       FDS12  6 0.0015 0.0008 0.0006 0.0005 0.0010 0.0010 0.9932 0.0013 
       FDS13  6 0.0013 0.0009 0.0006 0.0005 0.0010 0.0010 0.9934 0.0013 
       FDS14  6 0.0013 0.0008 0.0006 0.0005 0.0010 0.0010 0.9934 0.0013 
       FDS15  6 0.0013 0.0008 0.0006 0.0005 0.0010 0.0010 0.9935 0.0013 
       FDS16  6 0.0013 0.0008 0.0006 0.0005 0.0010 0.0010 0.9934 0.0013 
       FDS17  6 0.0013 0.0008 0.0006 0.0005 0.0010 0.0010 0.9935 0.0013 
       FDS18  6 0.0015 0.0008 0.0006 0.0005 0.0010 0.0011 0.9931 0.0013 
       EPP01  6 0.0015 0.0008 0.0006 0.0005 0.9919 0.0012 0.0016 0.0018 
       EPP02  6 0.0015 0.0009 0.0006 0.0005 0.9920 0.0011 0.0017 0.0018 
       EPP03  6 0.0016 0.0009 0.0006 0.0005 0.9918 0.0013 0.0016 0.0019 
       EPP04  6 0.0015 0.0008 0.0006 0.0005 0.9921 0.0012 0.0016 0.0017 
       EPP05  6 0.0016 0.0009 0.0006 0.0005 0.9919 0.0012 0.0016 0.0017 
       EPP06  6 0.0015 0.0009 0.0006 0.0005 0.9921 0.0011 0.0016 0.0018 
       EPP07  6 0.0015 0.0008 0.0006 0.0005 0.9921 0.0011 0.0016 0.0018 
       EPP08  6 0.0015 0.0009 0.0006 0.0005 0.9922 0.0011 0.0015 0.0017 
       EPP09  6 0.0015 0.0008 0.0006 0.0005 0.9921 0.0012 0.0016 0.0018 
       EPP10  6 0.0015 0.0009 0.0006 0.0005 0.9921 0.0012 0.0016 0.0017 
       EPP11  6 0.0016 0.0008 0.0006 0.0005 0.9921 0.0011 0.0016 0.0017 
       EPP12  6 0.0015 0.0008 0.0006 0.0005 0.9920 0.0011 0.0016 0.0018 
       EPP13  6 0.0015 0.0009 0.0006 0.0005 0.9921 0.0011 0.0016 0.0017 
       EPP14  6 0.0015 0.0008 0.0006 0.0005 0.9920 0.0012 0.0016 0.0017 
       EPP15  6 0.0015 0.0009 0.0007 0.0008 0.9916 0.0012 0.0015 0.0017 
       EPP16  6 0.0015 0.0008 0.0006 0.0005 0.9921 0.0011 0.0016 0.0018 
       EPP17  6 0.0015 0.0009 0.0006 0.0005 0.9921 0.0011 0.0016 0.0018 
       EPP18  6 0.0015 0.0009 0.0006 0.0005 0.9921 0.0011 0.0015 0.0018 
       EPP19  6 0.0016 0.0009 0.0006 0.0005 0.9917 0.0012 0.0017 0.0018 
       EPP20  6 0.0015 0.0009 0.0006 0.0005 0.9918 0.0013 0.0016 0.0018 
       EPP21  6 0.0017 0.0008 0.0006 0.0005 0.9907 0.0011 0.0026 0.0019 
       EPP22  6 0.0015 0.0009 0.0006 0.0005 0.9921 0.0011 0.0016 0.0017 
       EPP23  6 0.0099 0.0008 0.0006 0.0005 0.9620 0.0011 0.0016 0.0234 
       EPP24  6 0.0015 0.0009 0.0006 0.0005 0.9922 0.0011 0.0015 0.0017 
       EPP25  6 0.0016 0.0009 0.0006 0.0005 0.9920 0.0011 0.0016 0.0018 
       EPP26  6 0.0016 0.0009 0.0006 0.0005 0.9920 0.0011 0.0015 0.0017 
       EPP27  6 0.0015 0.0009 0.0006 0.0005 0.9918 0.0013 0.0016 0.0018 
       EPP28  6 0.0015 0.0008 0.0006 0.0005 0.9921 0.0012 0.0016 0.0018 
       EPP29  6 0.0015 0.0008 0.0006 0.0005 0.9921 0.0011 0.0016 0.0018 
       EPP30  6 0.0015 0.0008 0.0006 0.0005 0.9920 0.0011 0.0016 0.0018 
       EPP31  6 0.0016 0.0009 0.0006 0.0005 0.9918 0.0012 0.0015 0.0018 
       EPP32  6 0.0015 0.0009 0.0006 0.0005 0.9920 0.0012 0.0016 0.0018 
       EPP33  6 0.0016 0.0009 0.0006 0.0005 0.9920 0.0012 0.0016 0.0017 
       EPP34  6 0.0016 0.0009 0.0006 0.0005 0.9919 0.0012 0.0016 0.0017 
       EPP35  6 0.0020 0.0009 0.0022 0.0008 0.9686 0.0013 0.0014 0.0228 
       EPP36  6 0.0015 0.0009 0.0006 0.0005 0.9920 0.0011 0.0017 0.0018 
