        TC01  1 0.0014 0.0011 0.0150 0.7731 0.0052 0.0052 0.0230 0.0039 0.0209 0.0075 0.0019 0.0092 0.0071 0.0376 0.0033 0.0033 0.0028 0.0021 0.0053 0.0023 0.0135 0.0073 0.0245 0.0099 0.0090 0.0048 
        TC02  1 0.0014 0.0013 0.0073 0.8175 0.0048 0.0029 0.0046 0.0039 0.0050 0.0048 0.0035 0.0023 0.0109 0.0517 0.0022 0.0052 0.0026 0.0025 0.0077 0.0035 0.0155 0.0071 0.0071 0.0111 0.0055 0.0082 
        TC03  1 0.0011 0.0008 0.0017 0.8861 0.0011 0.0029 0.0033 0.0019 0.0036 0.0042 0.0018 0.0032 0.0103 0.0156 0.0028 0.0033 0.0028 0.0023 0.0069 0.0028 0.0063 0.0114 0.0038 0.0090 0.0058 0.0051 
        TC04  1 0.0308 0.0058 0.0027 0.7141 0.0050 0.0065 0.0048 0.0168 0.0120 0.0038 0.0059 0.0028 0.0193 0.0573 0.0042 0.0023 0.0030 0.0287 0.0061 0.0018 0.0096 0.0093 0.0051 0.0350 0.0044 0.0030 
        TC05  1 0.0009 0.0026 0.0036 0.8550 0.0013 0.0018 0.0029 0.0126 0.0083 0.0033 0.0026 0.0209 0.0108 0.0179 0.0021 0.0047 0.0044 0.0025 0.0066 0.0022 0.0069 0.0053 0.0029 0.0126 0.0029 0.0024 
        TC06  1 0.0020 0.0010 0.0041 0.7675 0.0022 0.0077 0.0030 0.0026 0.0029 0.0033 0.0055 0.0031 0.0236 0.0306 0.0019 0.0120 0.0024 0.0049 0.0058 0.0049 0.0088 0.0050 0.0035 0.0832 0.0036 0.0048 
        TC07  1 0.0013 0.0062 0.0020 0.8547 0.0031 0.0021 0.0025 0.0087 0.0074 0.0026 0.0031 0.0024 0.0082 0.0111 0.0062 0.0030 0.0020 0.0016 0.0127 0.0018 0.0113 0.0078 0.0175 0.0147 0.0030 0.0031 
        TC08  1 0.0033 0.0022 0.0374 0.7945 0.0027 0.0019 0.0026 0.0027 0.0041 0.0045 0.0034 0.0023 0.0111 0.0340 0.0021 0.0044 0.0120 0.0016 0.0096 0.0026 0.0083 0.0037 0.0044 0.0376 0.0048 0.0022 
        TC09  1 0.0006 0.0012 0.0027 0.7200 0.0018 0.0023 0.0059 0.0036 0.0025 0.0046 0.0014 0.0027 0.0093 0.1412 0.0040 0.0036 0.0019 0.0054 0.0044 0.0019 0.0307 0.0083 0.0032 0.0167 0.0024 0.0178 
        TC10  1 0.0008 0.0007 0.0029 0.7950 0.0011 0.0028 0.0051 0.0026 0.0287 0.0024 0.0131 0.0015 0.0095 0.0107 0.0016 0.0037 0.0022 0.0019 0.0044 0.0031 0.0053 0.0290 0.0127 0.0128 0.0134 0.0328 
        TC11  1 0.0012 0.0008 0.0045 0.8995 0.0017 0.0023 0.0018 0.0027 0.0028 0.0023 0.0019 0.0057 0.0057 0.0128 0.0021 0.0020 0.0041 0.0012 0.0092 0.0018 0.0051 0.0048 0.0086 0.0072 0.0046 0.0037 
        TC12  1 0.0015 0.0023 0.0015 0.8070 0.0036 0.0063 0.0041 0.0032 0.0072 0.0089 0.0062 0.0021 0.0091 0.0283 0.0015 0.0078 0.0029 0.0024 0.0091 0.0049 0.0336 0.0125 0.0083 0.0149 0.0077 0.0032 
        TC13  1 0.0010 0.0010 0.0056 0.8670 0.0013 0.0019 0.0024 0.0020 0.0033 0.0045 0.0025 0.0026 0.0088 0.0354 0.0044 0.0024 0.0036 0.0015 0.0047 0.0016 0.0063 0.0038 0.0037 0.0136 0.0048 0.0105 
        TC14  1 0.0185 0.0008 0.0057 0.7104 0.0015 0.0040 0.0026 0.0024 0.0036 0.0066 0.0018 0.0024 0.0346 0.0547 0.0038 0.0049 0.0038 0.0017 0.0098 0.0026 0.0076 0.0058 0.0081 0.0855 0.0049 0.0120 
        TC15  1 0.0010 0.0008 0.0049 0.7373 0.0022 0.0026 0.0054 0.0083 0.0044 0.0091 0.0022 0.0202 0.0140 0.0537 0.0305 0.0063 0.0020 0.0044 0.0066 0.0018 0.0084 0.0075 0.0029 0.0435 0.0099 0.0101 
        TC16  1 0.0013 0.0033 0.0020 0.6873 0.0017 0.0052 0.0035 0.0027 0.0082 0.0051 0.0030 0.0040 0.0149 0.1677 0.0018 0.0045 0.0067 0.0052 0.0118 0.0034 0.0068 0.0054 0.0043 0.0171 0.0043 0.0186 
        TC17  1 0.0021 0.0018 0.0033 0.6360 0.0221 0.0043 0.0085 0.0121 0.0064 0.0153 0.0027 0.0108 0.0129 0.0724 0.0046 0.0045 0.0208 0.0030 0.0169 0.0062 0.0224 0.0073 0.0116 0.0472 0.0086 0.0362 
        TC18  1 0.0012 0.0021 0.0648 0.7085 0.0030 0.0101 0.0123 0.0367 0.0032 0.0047 0.0029 0.0027 0.0084 0.0326 0.0017 0.0028 0.0024 0.0018 0.0116 0.0054 0.0075 0.0116 0.0075 0.0273 0.0129 0.0144 
        TC19  1 0.0008 0.0017 0.0022 0.8270 0.0012 0.0022 0.0030 0.0019 0.0030 0.0029 0.0045 0.0020 0.0085 0.0865 0.0015 0.0020 0.0027 0.0017 0.0058 0.0029 0.0065 0.0047 0.0043 0.0069 0.0048 0.0090 
        TC20  1 0.0018 0.0009 0.0025 0.8640 0.0010 0.0039 0.0021 0.0130 0.0037 0.0037 0.0028 0.0020 0.0085 0.0357 0.0025 0.0021 0.0026 0.0017 0.0065 0.0017 0.0063 0.0045 0.0037 0.0082 0.0081 0.0064 
        TC21  1 0.0014 0.0089 0.0014 0.7138 0.0094 0.0163 0.0036 0.0034 0.0078 0.0841 0.0023 0.0071 0.0176 0.0280 0.0026 0.0060 0.0021 0.0064 0.0195 0.0027 0.0107 0.0058 0.0169 0.0149 0.0044 0.0028 
        TC22  1 0.0015 0.0012 0.0024 0.8344 0.0012 0.0019 0.0043 0.0024 0.0098 0.0055 0.0045 0.0024 0.0206 0.0239 0.0034 0.0040 0.0027 0.0024 0.0055 0.0047 0.0163 0.0061 0.0044 0.0115 0.0208 0.0022 
        TC23  1 0.0009 0.0019 0.0329 0.8059 0.0013 0.0028 0.0025 0.0036 0.0116 0.0049 0.0017 0.0018 0.0101 0.0172 0.0022 0.0056 0.0035 0.0015 0.0068 0.0217 0.0049 0.0091 0.0163 0.0177 0.0066 0.0052 
        TC24  1 0.0023 0.0007 0.0134 0.8917 0.0010 0.0024 0.0053 0.0038 0.0024 0.0023 0.0016 0.0017 0.0056 0.0116 0.0025 0.0017 0.0024 0.0015 0.0096 0.0017 0.0047 0.0110 0.0025 0.0069 0.0046 0.0050 
        TC25  1 0.0011 0.0010 0.0017 0.7834 0.0021 0.0095 0.0031 0.0020 0.0062 0.0049 0.0027 0.0021 0.0221 0.0149 0.0032 0.0021 0.0043 0.0033 0.0083 0.0031 0.0136 0.0109 0.0250 0.0560 0.0037 0.0099 
        TC26  1 0.0012 0.0013 0.0070 0.8161 0.0053 0.0019 0.0028 0.0043 0.0050 0.0040 0.0022 0.0024 0.0136 0.0282 0.0020 0.0205 0.0022 0.0028 0.0066 0.0027 0.0069 0.0051 0.0032 0.0218 0.0033 0.0277 
        TC27  1 0.0008 0.0011 0.0161 0.7231 0.0021 0.0023 0.0026 0.0055 0.0043 0.0065 0.0018 0.0042 0.0074 0.0178 0.0042 0.0063 0.0921 0.0035 0.0077 0.0020 0.0064 0.0066 0.0037 0.0350 0.0325 0.0043 
        TC28  1 0.0009 0.0008 0.0022 0.8308 0.0026 0.0027 0.0098 0.0035 0.0066 0.0046 0.0103 0.0039 0.0080 0.0124 0.0022 0.0030 0.0041 0.0027 0.0062 0.0020 0.0092 0.0069 0.0049 0.0512 0.0036 0.0048 
        TC29  1 0.0009 0.0017 0.0045 0.7605 0.0014 0.0049 0.0041 0.0245 0.0050 0.0047 0.0019 0.0036 0.0066 0.0266 0.0044 0.0026 0.0076 0.0021 0.0148 0.0046 0.0137 0.0101 0.0070 0.0728 0.0029 0.0065 
        TC30  1 0.0008 0.0011 0.0153 0.7754 0.0014 0.0021 0.0026 0.0028 0.0026 0.0043 0.0035 0.0049 0.0149 0.0971 0.0015 0.0037 0.0023 0.0028 0.0068 0.0029 0.0110 0.0066 0.0052 0.0184 0.0038 0.0061 
        TC31  1 0.0009 0.0018 0.0137 0.7492 0.0015 0.0074 0.0066 0.0041 0.0078 0.0118 0.0118 0.0036 0.0188 0.0438 0.0023 0.0019 0.0053 0.0016 0.0125 0.0127 0.0068 0.0100 0.0377 0.0113 0.0109 0.0039 
        TC32  1 0.0011 0.0011 0.0058 0.7379 0.0035 0.0024 0.0034 0.0026 0.0064 0.0024 0.0171 0.0024 0.0241 0.0192 0.0038 0.0026 0.0032 0.0038 0.0060 0.0017 0.0486 0.0044 0.0043 0.0817 0.0033 0.0072 
        TC33  1 0.0012 0.0010 0.0156 0.8203 0.0014 0.0027 0.0057 0.0025 0.0047 0.0037 0.0018 0.0034 0.0111 0.0233 0.0028 0.0026 0.0030 0.0020 0.0127 0.0025 0.0076 0.0061 0.0265 0.0249 0.0048 0.0062 
        TC34  1 0.0008 0.0008 0.0058 0.7964 0.0012 0.0026 0.0023 0.0036 0.0037 0.0035 0.0027 0.0025 0.0074 0.0380 0.0018 0.0333 0.0018 0.0019 0.0198 0.0062 0.0071 0.0047 0.0037 0.0373 0.0049 0.0063 
        TC35  1 0.0016 0.0014 0.0090 0.7584 0.0181 0.0056 0.0042 0.0052 0.0054 0.0077 0.0159 0.0030 0.0077 0.0855 0.0017 0.0026 0.0054 0.0025 0.0060 0.0054 0.0061 0.0047 0.0131 0.0107 0.0073 0.0059 
        TC36  1 0.0009 0.0010 0.0129 0.7767 0.0304 0.0026 0.0029 0.0079 0.0061 0.0063 0.0023 0.0056 0.0098 0.0353 0.0032 0.0045 0.0038 0.0039 0.0062 0.0020 0.0301 0.0144 0.0042 0.0140 0.0065 0.0064 
        TC37  1 0.0018 0.0008 0.0122 0.8433 0.0014 0.0026 0.0028 0.0028 0.0068 0.0042 0.0051 0.0039 0.0184 0.0202 0.0031 0.0038 0.0073 0.0027 0.0181 0.0023 0.0117 0.0061 0.0048 0.0057 0.0047 0.0033 
        TC38  1 0.0013 0.0022 0.0029 0.6994 0.0025 0.0329 0.0032 0.0036 0.0046 0.0040 0.0019 0.0028 0.0083 0.1518 0.0015 0.0037 0.0021 0.0023 0.0071 0.0056 0.0080 0.0074 0.0063 0.0202 0.0031 0.0112 
        TC39  1 0.0012 0.0008 0.0080 0.6555 0.0015 0.0036 0.0020 0.0026 0.0038 0.0063 0.0033 0.0032 0.0256 0.0422 0.0015 0.0165 0.0020 0.0062 0.0115 0.0028 0.0067 0.0061 0.0046 0.1408 0.0033 0.0382 
        TC40  1 0.0015 0.0009 0.0018 0.8404 0.0015 0.0025 0.0037 0.0026 0.0036 0.0036 0.0049 0.0025 0.0125 0.0158 0.0023 0.0043 0.0105 0.0025 0.0194 0.0027 0.0086 0.0108 0.0041 0.0248 0.0046 0.0076 
        TC41  1 0.0049 0.0011 0.0025 0.8569 0.0026 0.0027 0.0057 0.0033 0.0090 0.0028 0.0046 0.0029 0.0143 0.0134 0.0027 0.0062 0.0122 0.0026 0.0064 0.0107 0.0072 0.0051 0.0037 0.0083 0.0032 0.0048 
        TC42  1 0.0022 0.0011 0.0053 0.8431 0.0014 0.0018 0.0078 0.0024 0.0039 0.0062 0.0015 0.0026 0.0137 0.0347 0.0017 0.0023 0.0036 0.0023 0.0051 0.0019 0.0086 0.0059 0.0027 0.0287 0.0057 0.0037 
        TC43  1 0.0009 0.0012 0.0058 0.8024 0.0015 0.0027 0.0029 0.0021 0.0052 0.0036 0.0036 0.0085 0.0142 0.0396 0.0036 0.0043 0.0056 0.0020 0.0070 0.0024 0.0108 0.0076 0.0043 0.0500 0.0043 0.0039 
        TC44  1 0.0009 0.0008 0.0064 0.6780 0.0028 0.0024 0.0020 0.0042 0.0054 0.0067 0.0037 0.0018 0.0076 0.1103 0.0023 0.0218 0.0284 0.0016 0.0053 0.0021 0.0088 0.0175 0.0053 0.0261 0.0137 0.0342 
        TC45  1 0.0025 0.0014 0.0023 0.8804 0.0010 0.0041 0.0016 0.0060 0.0069 0.0089 0.0053 0.0023 0.0091 0.0143 0.0016 0.0033 0.0020 0.0087 0.0041 0.0022 0.0047 0.0043 0.0040 0.0055 0.0028 0.0108 
        TC46  1 0.0010 0.0013 0.0076 0.8133 0.0016 0.0063 0.0036 0.0032 0.0349 0.0035 0.0177 0.0030 0.0076 0.0143 0.0017 0.0094 0.0088 0.0031 0.0062 0.0064 0.0086 0.0071 0.0031 0.0138 0.0076 0.0053 
        TC47  1 0.0010 0.0008 0.0045 0.8097 0.0022 0.0024 0.0021 0.0026 0.0051 0.0027 0.0025 0.0027 0.0082 0.0729 0.0016 0.0032 0.0030 0.0016 0.0055 0.0028 0.0065 0.0046 0.0086 0.0167 0.0175 0.0090 
        TC48  1 0.0057 0.0010 0.0050 0.7774 0.0028 0.0047 0.0046 0.0049 0.0046 0.0049 0.0026 0.0025 0.0448 0.0171 0.0046 0.0045 0.0031 0.0038 0.0322 0.0023 0.0239 0.0052 0.0041 0.0165 0.0066 0.0106 
        TC49  1 0.0018 0.0010 0.0075 0.8241 0.0018 0.0024 0.0037 0.0057 0.0045 0.0168 0.0120 0.0033 0.0174 0.0123 0.0045 0.0034 0.0148 0.0030 0.0065 0.0018 0.0185 0.0037 0.0055 0.0138 0.0044 0.0058 
        TC50  1 0.0026 0.0012 0.0281 0.7959 0.0022 0.0036 0.0048 0.0035 0.0028 0.0041 0.0041 0.0030 0.0185 0.0462 0.0125 0.0025 0.0030 0.0025 0.0116 0.0042 0.0072 0.0075 0.0056 0.0089 0.0107 0.0034 
        TC51  1 0.0009 0.0011 0.0017 0.7933 0.0010 0.0028 0.0028 0.0038 0.0033 0.0069 0.0028 0.0019 0.0084 0.0412 0.0022 0.0049 0.0040 0.0025 0.0056 0.0025 0.0481 0.0063 0.0103 0.0329 0.0045 0.0042 
        TC52  1 0.0011 0.0013 0.0016 0.8854 0.0013 0.0035 0.0025 0.0021 0.0111 0.0044 0.0017 0.0018 0.0078 0.0129 0.0016 0.0019 0.0023 0.0019 0.0059 0.0018 0.0052 0.0240 0.0026 0.0074 0.0027 0.0043 
        TC53  1 0.0009 0.0021 0.0163 0.7953 0.0033 0.0017 0.0020 0.0027 0.0027 0.0115 0.0020 0.0040 0.0089 0.0482 0.0043 0.0018 0.0019 0.0015 0.0063 0.0088 0.0281 0.0048 0.0026 0.0192 0.0134 0.0059 
        TC54  1 0.0020 0.0010 0.0043 0.7574 0.0046 0.0031 0.0060 0.0040 0.0064 0.0089 0.0019 0.0049 0.0145 0.0225 0.0052 0.0038 0.0235 0.0083 0.0423 0.0021 0.0070 0.0065 0.0046 0.0446 0.0055 0.0051 
        TC55  1 0.0013 0.0012 0.0034 0.7502 0.0040 0.0030 0.0053 0.0020 0.0094 0.0041 0.0026 0.0048 0.0808 0.0129 0.0058 0.0030 0.0023 0.0070 0.0103 0.0016 0.0176 0.0105 0.0057 0.0282 0.0045 0.0184 
        TC56  1 0.0037 0.0015 0.0052 0.7722 0.0013 0.0059 0.0034 0.0034 0.0032 0.0039 0.0054 0.0042 0.0141 0.0246 0.0039 0.0031 0.0676 0.0025 0.0164 0.0031 0.0111 0.0061 0.0060 0.0190 0.0058 0.0032 
        TC57  1 0.0028 0.0011 0.0043 0.8139 0.0068 0.0023 0.0024 0.0035 0.0036 0.0054 0.0048 0.0124 0.0170 0.0385 0.0041 0.0035 0.0039 0.0027 0.0101 0.0031 0.0080 0.0076 0.0050 0.0078 0.0114 0.0143 
        TC58  1 0.0010 0.0007 0.0019 0.8333 0.0018 0.0022 0.0027 0.0032 0.0065 0.0030 0.0029 0.0020 0.0102 0.0154 0.0016 0.0234 0.0019 0.0046 0.0057 0.0031 0.0066 0.0050 0.0343 0.0094 0.0072 0.0102 
        TC59  1 0.0008 0.0008 0.0021 0.8909 0.0025 0.0016 0.0022 0.0019 0.0030 0.0057 0.0021 0.0019 0.0068 0.0133 0.0018 0.0025 0.0020 0.0074 0.0061 0.0026 0.0057 0.0046 0.0062 0.0186 0.0035 0.0032 
        TA01  2 0.0013 0.0015 0.7469 0.0080 0.0161 0.0021 0.0029 0.0045 0.0025 0.0037 0.0018 0.0020 0.0108 0.0832 0.0165 0.0199 0.0022 0.0082 0.0061 0.0020 0.0055 0.0041 0.0050 0.0220 0.0057 0.0155 
        TA02  2 0.0025 0.0013 0.8006 0.0042 0.0037 0.0029 0.0176 0.0232 0.0047 0.0041 0.0033 0.0025 0.0068 0.0363 0.0020 0.0048 0.0116 0.0030 0.0162 0.0017 0.0073 0.0199 0.0029 0.0094 0.0031 0.0043 
        TA03  2 0.0011 0.0012 0.7340 0.0032 0.0018 0.0025 0.0057 0.0069 0.0040 0.0082 0.0061 0.0039 0.0121 0.0732 0.0037 0.0184 0.0031 0.0022 0.0169 0.0029 0.0086 0.0073 0.0048 0.0172 0.0431 0.0078 
        TA04  2 0.0017 0.0006 0.4606 0.0100 0.0015 0.0022 0.0024 0.0039 0.0062 0.0060 0.0073 0.0088 0.0118 0.3031 0.0044 0.0059 0.0031 0.0022 0.0071 0.0025 0.0173 0.0071 0.0036 0.1050 0.0106 0.0050 
        TA05  2 0.0012 0.0040 0.4324 0.3950 0.0016 0.0042 0.0059 0.0053 0.0080 0.0037 0.0032 0.0047 0.0178 0.0460 0.0020 0.0028 0.0038 0.0071 0.0108 0.0021 0.0089 0.0050 0.0049 0.0094 0.0059 0.0042 
        TA06  2 0.0006 0.0008 0.8717 0.0018 0.0014 0.0018 0.0019 0.0015 0.0039 0.0021 0.0017 0.0014 0.0102 0.0299 0.0037 0.0031 0.0018 0.0015 0.0055 0.0017 0.0047 0.0056 0.0048 0.0229 0.0032 0.0109 
        TA07  2 0.0011 0.0029 0.5155 0.0303 0.1744 0.0022 0.0028 0.0031 0.0043 0.0052 0.0026 0.0040 0.0105 0.1718 0.0015 0.0029 0.0024 0.0019 0.0112 0.0033 0.0080 0.0099 0.0074 0.0097 0.0042 0.0070 
        TA08  2 0.0025 0.0006 0.6968 0.0049 0.0011 0.0068 0.0019 0.0022 0.0022 0.0036 0.0031 0.0018 0.0091 0.0362 0.0098 0.0034 0.0268 0.0012 0.0062 0.0018 0.0091 0.0050 0.0033 0.0673 0.0843 0.0090 
        TA09  2 0.0008 0.0008 0.8454 0.0173 0.0011 0.0017 0.0025 0.0023 0.0070 0.0021 0.0019 0.0027 0.0067 0.0301 0.0019 0.0025 0.0033 0.0015 0.0057 0.0019 0.0204 0.0082 0.0030 0.0187 0.0044 0.0060 
        TA10  2 0.0015 0.0020 0.7059 0.0351 0.0062 0.0026 0.0041 0.0335 0.0038 0.0109 0.0045 0.0045 0.0098 0.0287 0.0039 0.0063 0.0028 0.0152 0.0079 0.0117 0.0127 0.0074 0.0432 0.0156 0.0071 0.0132 
        TA11  2 0.0142 0.0009 0.6394 0.0020 0.0014 0.0050 0.0112 0.0029 0.0063 0.0131 0.0123 0.0020 0.0132 0.0314 0.0016 0.0031 0.0049 0.0023 0.0070 0.0168 0.0112 0.0054 0.0520 0.0111 0.0082 0.1212 
        TA12  2 0.1302 0.0011 0.6183 0.0852 0.0088 0.0021 0.0061 0.0271 0.0049 0.0033 0.0035 0.0027 0.0148 0.0315 0.0023 0.0024 0.0020 0.0016 0.0096 0.0023 0.0079 0.0038 0.0049 0.0078 0.0088 0.0071 
        TA13  2 0.0039 0.0017 0.5072 0.0337 0.0038 0.0026 0.0033 0.0048 0.0072 0.0089 0.0033 0.0048 0.0168 0.0924 0.0025 0.0119 0.0046 0.0017 0.0629 0.0034 0.1520 0.0171 0.0068 0.0347 0.0045 0.0037 
        TA14  2 0.0007 0.0008 0.8016 0.0395 0.0010 0.0016 0.0023 0.0030 0.0034 0.0029 0.0035 0.0016 0.0147 0.0369 0.0016 0.0043 0.0125 0.0014 0.0072 0.0013 0.0090 0.0175 0.0025 0.0172 0.0028 0.0092 
        TA15  2 0.0009 0.0009 0.8394 0.0026 0.0010 0.0016 0.0019 0.0044 0.0027 0.0146 0.0048 0.0038 0.0190 0.0185 0.0019 0.0102 0.0044 0.0025 0.0076 0.0020 0.0055 0.0050 0.0051 0.0333 0.0034 0.0031 
        TA16  2 0.0054 0.0008 0.7161 0.0208 0.0040 0.0020 0.0071 0.0125 0.0039 0.0036 0.0028 0.0066 0.0108 0.0923 0.0028 0.0026 0.0035 0.0032 0.0052 0.0014 0.0178 0.0052 0.0260 0.0260 0.0052 0.0123 
        TA17  2 0.0040 0.0011 0.8125 0.0025 0.0023 0.0020 0.0071 0.0066 0.0039 0.0045 0.0095 0.0027 0.0218 0.0120 0.0032 0.0129 0.0065 0.0015 0.0116 0.0021 0.0109 0.0051 0.0037 0.0239 0.0224 0.0036 
        TA18  2 0.0008 0.0011 0.7761 0.0052 0.0012 0.0020 0.0021 0.0047 0.0056 0.0032 0.0093 0.0020 0.0395 0.0171 0.0280 0.0233 0.0036 0.0025 0.0092 0.0043 0.0067 0.0069 0.0275 0.0093 0.0060 0.0027 
        TA19  2 0.0017 0.0028 0.6329 0.1031 0.0028 0.0023 0.0027 0.0054 0.0094 0.0040 0.0064 0.0022 0.0111 0.0876 0.0035 0.0036 0.0039 0.0025 0.0117 0.0057 0.0088 0.0049 0.0102 0.0145 0.0508 0.0055 
        TA20  2 0.0029 0.0009 0.7654 0.0018 0.0023 0.0024 0.0039 0.1167 0.0027 0.0027 0.0027 0.0019 0.0082 0.0121 0.0017 0.0027 0.0033 0.0016 0.0223 0.0029 0.0064 0.0046 0.0035 0.0099 0.0038 0.0107 
        TA21  2 0.0018 0.0013 0.6552 0.0717 0.0047 0.0046 0.0232 0.0052 0.0051 0.0078 0.0046 0.0123 0.0121 0.0409 0.0055 0.0038 0.0094 0.0019 0.0137 0.0019 0.0215 0.0090 0.0049 0.0178 0.0046 0.0556 
        TA22  2 0.0007 0.0007 0.8514 0.0018 0.0046 0.0019 0.0021 0.0047 0.0034 0.0022 0.0033 0.0019 0.0223 0.0131 0.0023 0.0038 0.0020 0.0014 0.0163 0.0042 0.0056 0.0046 0.0027 0.0361 0.0031 0.0037 
        TA23  2 0.0011 0.0006 0.7287 0.0138 0.0013 0.0019 0.0040 0.0027 0.0034 0.0044 0.0027 0.0019 0.0133 0.0236 0.0041 0.0032 0.0041 0.0013 0.0066 0.0019 0.0062 0.0059 0.0038 0.1493 0.0047 0.0055 
        TA24  2 0.0011 0.0010 0.7625 0.0043 0.0082 0.0023 0.0039 0.0030 0.0044 0.0113 0.0047 0.0536 0.0071 0.0337 0.0037 0.0136 0.0050 0.0021 0.0065 0.0034 0.0069 0.0118 0.0040 0.0212 0.0171 0.0035 
        TA25  2 0.0011 0.0023 0.6835 0.0185 0.0079 0.0022 0.0060 0.0102 0.0032 0.0073 0.0057 0.0161 0.0068 0.0142 0.0079 0.0029 0.0035 0.0082 0.0046 0.0142 0.0193 0.0078 0.1178 0.0167 0.0076 0.0046 
        TA26  2 0.0018 0.0007 0.6573 0.0319 0.0013 0.0043 0.0049 0.0028 0.0027 0.0126 0.0028 0.0049 0.0512 0.0771 0.0028 0.0076 0.0025 0.0019 0.0085 0.0026 0.0067 0.0053 0.0098 0.0253 0.0108 0.0599 
        TA27  2 0.0015 0.0008 0.8199 0.0038 0.0014 0.0016 0.0122 0.0099 0.0029 0.0082 0.0024 0.0023 0.0141 0.0239 0.0022 0.0192 0.0032 0.0128 0.0100 0.0026 0.0089 0.0105 0.0040 0.0115 0.0055 0.0045 
        TA28  2 0.0011 0.0010 0.7780 0.0022 0.0038 0.0042 0.0073 0.0085 0.0072 0.0054 0.0059 0.0032 0.0082 0.0606 0.0017 0.0068 0.0213 0.0025 0.0133 0.0023 0.0132 0.0105 0.0032 0.0094 0.0039 0.0151 
        TA29  2 0.0009 0.0010 0.7398 0.0046 0.0017 0.0023 0.0028 0.0058 0.0048 0.0044 0.0045 0.0022 0.0359 0.0142 0.0019 0.0035 0.0050 0.0029 0.0061 0.0031 0.0097 0.0053 0.0051 0.1100 0.0177 0.0048 
        TA30  2 0.0016 0.0009 0.4846 0.0259 0.0011 0.0032 0.0030 0.0038 0.0043 0.0097 0.0022 0.0047 0.0242 0.1832 0.0020 0.0024 0.0182 0.0023 0.0121 0.0025 0.0130 0.0051 0.0042 0.0157 0.0264 0.1438 
      BERM01  3 0.0009 0.0008 0.0015 0.0011 0.0010 0.0016 0.0027 0.0023 0.0025 0.0028 0.0018 0.0019 0.0106 0.1125 0.0018 0.0042 0.0019 0.0013 0.0060 0.0016 0.0081 0.0036 0.0033 0.8156 0.0031 0.0056 
      BERM02  3 0.0008 0.0008 0.0022 0.0024 0.0010 0.0021 0.0023 0.0024 0.0031 0.0033 0.0025 0.0024 0.0174 0.0497 0.0017 0.0022 0.0018 0.0018 0.0063 0.0017 0.0082 0.0036 0.0028 0.8692 0.0024 0.0059 
      BERM03  3 0.0007 0.0007 0.0012 0.0010 0.0014 0.0018 0.0027 0.0018 0.0032 0.0025 0.0018 0.0017 0.0096 0.0123 0.0014 0.0032 0.0019 0.0020 0.0054 0.0022 0.0140 0.0038 0.0034 0.9108 0.0036 0.0058 
      BERM04  3 0.0006 0.0006 0.0009 0.0011 0.0011 0.0021 0.0017 0.0019 0.0025 0.0026 0.0017 0.0015 0.0091 0.0218 0.0014 0.0053 0.0017 0.0018 0.0049 0.0015 0.0083 0.0043 0.0039 0.9046 0.0044 0.0088 
      BERM05  3 0.0008 0.0007 0.0010 0.0008 0.0014 0.0026 0.0026 0.0020 0.0035 0.0027 0.0016 0.0019 0.0131 0.0434 0.0021 0.0030 0.0024 0.0040 0.0062 0.0032 0.0061 0.0059 0.0041 0.8765 0.0041 0.0042 
      BERM06  3 0.0006 0.0007 0.0013 0.0018 0.0015 0.0023 0.0029 0.0023 0.0078 0.0024 0.0020 0.0017 0.0086 0.1026 0.0020 0.0064 0.0015 0.0090 0.0046 0.0015 0.0073 0.0040 0.0026 0.7793 0.0039 0.0393 
      BERM07  3 0.0011 0.0008 0.0019 0.0017 0.0011 0.0020 0.0022 0.0022 0.0037 0.0037 0.0022 0.0016 0.0085 0.0557 0.0015 0.0039 0.0032 0.0015 0.0053 0.0023 0.0091 0.0040 0.0055 0.8612 0.0067 0.0075 
      BERM08  3 0.0005 0.0008 0.0012 0.0015 0.0010 0.0021 0.0018 0.0019 0.0021 0.0021 0.0016 0.0016 0.0058 0.0372 0.0025 0.0031 0.0015 0.0012 0.0038 0.0014 0.0044 0.0036 0.0028 0.9087 0.0029 0.0029 
      BERM09  3 0.0008 0.0006 0.0039 0.0026 0.0015 0.0014 0.0018 0.0019 0.0082 0.0029 0.0014 0.0015 0.0084 0.4082 0.0016 0.0029 0.0018 0.0016 0.0052 0.0029 0.0121 0.0032 0.0034 0.5120 0.0033 0.0051 
      BERM10  3 0.0025 0.0052 0.0033 0.0025 0.0045 0.0030 0.0047 0.0023 0.0056 0.0054 0.0017 0.0056 0.0104 0.0591 0.0017 0.0044 0.0025 0.0018 0.0052 0.0027 0.0091 0.0044 0.0036 0.8087 0.0104 0.0297 
      BERM11  3 0.0007 0.0007 0.0016 0.0020 0.0008 0.0024 0.0015 0.0035 0.0026 0.0030 0.0028 0.0017 0.0063 0.1331 0.0022 0.0035 0.0025 0.0024 0.0056 0.0014 0.0061 0.0040 0.0040 0.7967 0.0030 0.0059 
      BERM12  3 0.0007 0.0007 0.0031 0.0012 0.0008 0.0191 0.0043 0.0019 0.0038 0.0022 0.0019 0.0016 0.0062 0.0216 0.0056 0.0027 0.0019 0.0013 0.0057 0.0017 0.0066 0.0204 0.0043 0.8570 0.0129 0.0107 
      BERM13  3 0.0009 0.0007 0.0016 0.0012 0.0010 0.0017 0.0024 0.0021 0.0405 0.0031 0.0028 0.0035 0.0087 0.0493 0.0015 0.0050 0.0021 0.0027 0.0048 0.0020 0.0088 0.0033 0.0043 0.8389 0.0046 0.0025 
      BERM14  3 0.0007 0.0007 0.0016 0.0027 0.0010 0.0017 0.0017 0.0024 0.0030 0.0029 0.0014 0.0019 0.0069 0.0466 0.0017 0.0028 0.0017 0.0014 0.0047 0.0028 0.0077 0.0076 0.0042 0.8503 0.0034 0.0364 
      CROC01  3 0.0014 0.0007 0.0016 0.0015 0.0017 0.0026 0.0042 0.0031 0.0070 0.0200 0.0026 0.0031 0.0195 0.0593 0.0027 0.0038 0.0025 0.0039 0.0282 0.0110 0.0101 0.0164 0.0055 0.7738 0.0097 0.0039 
      CROC02  3 0.0009 0.0008 0.0019 0.0011 0.0018 0.0032 0.0022 0.0022 0.1016 0.0040 0.0020 0.0068 0.0115 0.0276 0.0028 0.0039 0.0029 0.0100 0.0065 0.0019 0.0068 0.0049 0.0046 0.7676 0.0032 0.0172 
      CROC03  3 0.0011 0.0012 0.0020 0.0016 0.0015 0.0069 0.0043 0.0024 0.0041 0.0028 0.0040 0.0022 0.0099 0.1025 0.0020 0.0027 0.0045 0.0029 0.0074 0.0019 0.0072 0.0085 0.0040 0.7856 0.0059 0.0206 
      CROC04  3 0.0012 0.0012 0.0113 0.0088 0.0433 0.0016 0.0032 0.0018 0.0062 0.0035 0.0014 0.0024 0.0079 0.0198 0.0017 0.0034 0.0023 0.0217 0.0050 0.0025 0.0058 0.0095 0.0034 0.8247 0.0035 0.0029 
      CROC05  3 0.0008 0.0008 0.0013 0.0010 0.0015 0.0020 0.0021 0.0020 0.0033 0.0045 0.0018 0.0033 0.0101 0.0459 0.0022 0.0030 0.0021 0.0112 0.0058 0.0019 0.0079 0.0043 0.0056 0.8587 0.0031 0.0139 
      CROC06  3 0.0009 0.0019 0.0061 0.0027 0.0334 0.0031 0.0038 0.0021 0.0107 0.0027 0.0018 0.0022 0.0080 0.0449 0.0225 0.0064 0.0026 0.0051 0.0115 0.0028 0.0057 0.0167 0.0151 0.7741 0.0040 0.0093 
      CROC07  3 0.0008 0.0009 0.0032 0.0021 0.0015 0.0021 0.0028 0.0025 0.0079 0.0052 0.0031 0.0024 0.0096 0.0556 0.0046 0.0055 0.0021 0.0078 0.0068 0.0045 0.0105 0.0048 0.0038 0.8392 0.0047 0.0061 
      CROC08  3 0.0020 0.0008 0.0031 0.0009 0.0020 0.0044 0.0019 0.0094 0.0026 0.0035 0.0019 0.0018 0.0113 0.0236 0.0046 0.0027 0.0079 0.0013 0.0240 0.0063 0.0396 0.0073 0.0077 0.8195 0.0052 0.0047 
      CROC09  3 0.0007 0.0233 0.0012 0.0011 0.0016 0.0030 0.0017 0.0019 0.0024 0.0028 0.0025 0.0018 0.0148 0.1679 0.0018 0.0023 0.0029 0.0020 0.0196 0.0020 0.0054 0.0104 0.0030 0.6987 0.0027 0.0224 
      CROC10  3 0.0008 0.0007 0.0012 0.0013 0.0011 0.0024 0.0020 0.0018 0.0027 0.0044 0.0019 0.0018 0.0275 0.1440 0.0022 0.0024 0.0016 0.0020 0.0044 0.0019 0.0088 0.0045 0.0050 0.7661 0.0032 0.0045 
      CROC11  3 0.0007 0.0238 0.0011 0.0011 0.0016 0.0029 0.0017 0.0019 0.0024 0.0027 0.0024 0.0018 0.0146 0.1680 0.0019 0.0023 0.0028 0.0020 0.0193 0.0020 0.0054 0.0103 0.0030 0.6988 0.0027 0.0226 
     CROC110  3 0.0009 0.0021 0.0032 0.0014 0.0024 0.0018 0.0023 0.0028 0.0040 0.0113 0.0023 0.0035 0.0093 0.1221 0.0018 0.0028 0.0037 0.0053 0.0130 0.0019 0.0424 0.0125 0.0033 0.7260 0.0049 0.0130 
     CROC116  3 0.0011 0.0011 0.0062 0.0022 0.0026 0.0043 0.0111 0.0034 0.0037 0.0049 0.0030 0.0038 0.0249 0.0238 0.0163 0.0110 0.0028 0.0060 0.0084 0.0043 0.0088 0.0349 0.0038 0.7853 0.0047 0.0175 
      CROC12  3 0.0014 0.0011 0.0019 0.0012 0.0018 0.0019 0.0033 0.0017 0.0029 0.0029 0.0030 0.0027 0.0079 0.0224 0.0015 0.0043 0.0027 0.0013 0.0050 0.0016 0.0116 0.0035 0.0029 0.9014 0.0028 0.0055 
     CROC123  3 0.0006 0.0006 0.0018 0.0016 0.0009 0.0020 0.0015 0.0036 0.0023 0.0024 0.0022 0.0016 0.0107 0.0363 0.0013 0.0018 0.0021 0.0015 0.0040 0.0012 0.0175 0.0066 0.0023 0.8766 0.0024 0.0145 
      CROC13  3 0.0007 0.0008 0.0013 0.0011 0.0012 0.0050 0.0024 0.0019 0.0029 0.0033 0.0016 0.0016 0.0131 0.0198 0.0015 0.0053 0.0028 0.0026 0.0049 0.0028 0.0070 0.0040 0.0053 0.8822 0.0047 0.0201 
      CROC14  3 0.0007 0.0078 0.0018 0.0023 0.0042 0.0026 0.0018 0.0097 0.0040 0.0030 0.0015 0.0035 0.0061 0.0415 0.0032 0.0020 0.0027 0.0031 0.0090 0.0013 0.0101 0.0040 0.0571 0.7941 0.0022 0.0207 
      CROC15  3 0.0008 0.0032 0.0016 0.0016 0.0020 0.0043 0.0022 0.0106 0.0148 0.0053 0.0020 0.0035 0.0096 0.0156 0.0017 0.0020 0.0048 0.0019 0.0194 0.0017 0.0076 0.0717 0.0086 0.7941 0.0041 0.0051 
      CROC16  3 0.0013 0.0009 0.0010 0.0010 0.0013 0.0084 0.0036 0.0032 0.0031 0.0065 0.0018 0.0019 0.0204 0.1249 0.0028 0.0349 0.0035 0.0255 0.0095 0.0028 0.0103 0.0102 0.0046 0.6947 0.0040 0.0179 
      CROC17  3 0.0259 0.0006 0.0261 0.0018 0.0012 0.0019 0.0018 0.0018 0.0023 0.0028 0.0022 0.0015 0.0061 0.0127 0.0014 0.0018 0.0021 0.0012 0.0041 0.0014 0.0047 0.0035 0.0027 0.8816 0.0026 0.0042 
      CROC18  3 0.0009 0.0007 0.0018 0.0016 0.0009 0.0058 0.0039 0.0022 0.0237 0.0038 0.0059 0.0018 0.0086 0.0169 0.0020 0.0085 0.0017 0.0016 0.0056 0.0063 0.0112 0.0043 0.0029 0.8688 0.0035 0.0054 
      CROC19  3 0.0022 0.0044 0.0035 0.0023 0.0061 0.0023 0.0033 0.0030 0.0077 0.0050 0.0026 0.0088 0.0084 0.0384 0.0019 0.0020 0.0038 0.0052 0.0066 0.0036 0.0069 0.0062 0.0044 0.8513 0.0072 0.0029 
     CROC198  3 0.0021 0.0007 0.0013 0.0012 0.0011 0.0020 0.0028 0.0017 0.0030 0.0054 0.0014 0.0035 0.0148 0.0793 0.0017 0.0027 0.0024 0.0024 0.0063 0.0026 0.0074 0.0037 0.0049 0.8048 0.0083 0.0324 
      CROC20  3 0.0009 0.0010 0.0013 0.0011 0.0021 0.0035 0.0026 0.0050 0.0107 0.0096 0.0070 0.0025 0.0094 0.0428 0.0030 0.0036 0.0076 0.0030 0.0074 0.0020 0.0108 0.0067 0.0042 0.8392 0.0044 0.0086 
     CROC202  3 0.0008 0.0008 0.0013 0.0016 0.0017 0.0073 0.0028 0.0021 0.0048 0.0037 0.0017 0.0025 0.0086 0.0334 0.0032 0.0027 0.0025 0.0018 0.0051 0.0063 0.0069 0.0057 0.0058 0.8455 0.0063 0.0351 
      CROC21  3 0.0009 0.0070 0.0019 0.0022 0.0011 0.0026 0.0027 0.0024 0.0040 0.0046 0.0020 0.0021 0.0166 0.0646 0.0016 0.0028 0.0019 0.0016 0.0096 0.0019 0.0133 0.0040 0.0042 0.8372 0.0038 0.0037 
     CROC216  3 0.0011 0.0009 0.0017 0.0038 0.0021 0.0034 0.0046 0.0024 0.0067 0.0027 0.0017 0.0021 0.0117 0.1062 0.0019 0.0086 0.0021 0.0021 0.0103 0.0024 0.0115 0.0170 0.0038 0.7811 0.0037 0.0045 
      CROC22  3 0.0014 0.0009 0.0018 0.0019 0.0012 0.0026 0.0026 0.0573 0.0034 0.0043 0.0025 0.0024 0.0117 0.0637 0.0015 0.0023 0.0017 0.0023 0.0050 0.0029 0.0561 0.0047 0.0042 0.6861 0.0115 0.0640 
      CROC23  3 0.0008 0.0009 0.0020 0.0065 0.0013 0.0025 0.0026 0.0022 0.0028 0.0034 0.0027 0.0052 0.0268 0.1382 0.0050 0.0023 0.0025 0.0015 0.0067 0.0018 0.0147 0.0045 0.0034 0.7532 0.0037 0.0029 
      CROC24  3 0.0010 0.0012 0.0023 0.0014 0.0015 0.0050 0.0025 0.0037 0.0027 0.0032 0.0020 0.0024 0.0084 0.1344 0.0014 0.0064 0.0030 0.0040 0.0078 0.0029 0.0054 0.0057 0.0034 0.7478 0.0030 0.0374 
      CROC25  3 0.0007 0.0006 0.0014 0.0013 0.0012 0.0018 0.0019 0.0020 0.0035 0.0023 0.0019 0.0017 0.0085 0.0225 0.0014 0.0029 0.0018 0.0021 0.0056 0.0017 0.0084 0.0053 0.0038 0.9039 0.0032 0.0088 
     CROC259  3 0.0008 0.0008 0.0083 0.0050 0.0017 0.0026 0.0032 0.0032 0.0022 0.0023 0.0020 0.0043 0.0112 0.0591 0.0017 0.0045 0.0026 0.0105 0.0054 0.0018 0.0051 0.0042 0.0306 0.8179 0.0040 0.0050 
      CROC26  3 0.0009 0.0007 0.0922 0.0015 0.0012 0.0025 0.0030 0.0021 0.0030 0.0025 0.0015 0.0022 0.0100 0.0282 0.0022 0.0027 0.0028 0.0014 0.0070 0.0023 0.0048 0.0062 0.0047 0.8024 0.0060 0.0059 
      CROC27  3 0.0024 0.0009 0.0149 0.0021 0.0010 0.0024 0.0043 0.0097 0.0044 0.0049 0.0018 0.0031 0.0097 0.1376 0.0022 0.0028 0.0071 0.0160 0.0133 0.0019 0.0063 0.0096 0.0037 0.7154 0.0053 0.0174 
      CROC28  3 0.0014 0.0010 0.0107 0.0050 0.0031 0.0019 0.0035 0.0029 0.0022 0.0032 0.0013 0.0016 0.0073 0.2030 0.0017 0.0030 0.0023 0.0015 0.0068 0.0018 0.0060 0.0063 0.0038 0.6040 0.0030 0.1117 
      CROC29  3 0.0014 0.0007 0.0014 0.0017 0.0018 0.0022 0.0020 0.0023 0.0028 0.0089 0.0019 0.0038 0.0106 0.0229 0.0017 0.0021 0.0022 0.0041 0.0116 0.0019 0.0054 0.0111 0.0033 0.8802 0.0035 0.0083 
      CROC30  3 0.0008 0.0010 0.0020 0.0024 0.0102 0.0030 0.0080 0.0029 0.0192 0.0053 0.0026 0.0276 0.0113 0.0598 0.0025 0.0238 0.0061 0.0078 0.0098 0.0021 0.0113 0.0072 0.0040 0.7465 0.0035 0.0193 
      CROC31  3 0.0013 0.0008 0.0081 0.0022 0.0020 0.0025 0.0071 0.0027 0.0030 0.0096 0.0020 0.0053 0.0285 0.2109 0.0131 0.0049 0.0021 0.0021 0.0088 0.0026 0.0152 0.0072 0.0045 0.6410 0.0035 0.0092 
      CROC32  3 0.0009 0.0008 0.0015 0.0012 0.0016 0.0018 0.0023 0.0019 0.0053 0.0038 0.0014 0.0026 0.0074 0.0288 0.0014 0.0038 0.0015 0.0042 0.0045 0.0021 0.0095 0.0036 0.0039 0.8643 0.0036 0.0361 
      CROC33  3 0.0009 0.0020 0.0015 0.0045 0.0032 0.0030 0.0036 0.0020 0.0036 0.0031 0.0018 0.0020 0.0074 0.0264 0.0016 0.0027 0.0219 0.0136 0.0238 0.0025 0.0055 0.0098 0.0022 0.8446 0.0039 0.0029 
      CROC34  3 0.0009 0.0006 0.0020 0.0012 0.0015 0.0023 0.0030 0.0025 0.0044 0.0029 0.0025 0.0019 0.0073 0.0341 0.0021 0.0050 0.0025 0.0021 0.0073 0.0018 0.0056 0.0044 0.0045 0.8895 0.0049 0.0031 
      CROC35  3 0.0008 0.0015 0.0041 0.0020 0.0034 0.0017 0.0022 0.0192 0.0022 0.0025 0.0015 0.0021 0.0066 0.1056 0.0017 0.0019 0.0408 0.0013 0.0040 0.0013 0.0050 0.0029 0.0033 0.7751 0.0022 0.0052 
      CROC36  3 0.0007 0.0008 0.0012 0.0011 0.0011 0.0021 0.0017 0.0019 0.0027 0.0033 0.0017 0.0017 0.0228 0.0558 0.0017 0.0029 0.0017 0.0032 0.0052 0.0023 0.0062 0.0056 0.0042 0.8575 0.0029 0.0083 
      CROC57  3 0.0011 0.0007 0.0010 0.0010 0.0014 0.0020 0.0021 0.0020 0.0029 0.0035 0.0021 0.0017 0.0077 0.0186 0.0017 0.0021 0.0023 0.0020 0.0065 0.0028 0.0063 0.0050 0.0067 0.9097 0.0033 0.0038 
      CROC81  3 0.0009 0.0007 0.0015 0.0013 0.0022 0.0103 0.0023 0.0020 0.0083 0.0104 0.0024 0.0044 0.0181 0.0426 0.0019 0.0043 0.0028 0.0038 0.0217 0.0052 0.0070 0.0063 0.0040 0.8022 0.0032 0.0301 
      CROC84  3 0.0006 0.0006 0.0022 0.0011 0.0009 0.0054 0.0029 0.0015 0.0019 0.0025 0.0013 0.0016 0.0063 0.0877 0.0032 0.0018 0.0018 0.0013 0.0040 0.0016 0.0047 0.0086 0.0028 0.8366 0.0056 0.0116 
        FW01  3 0.0007 0.0009 0.0009 0.0009 0.0008 0.0021 0.0018 0.0016 0.0028 0.0027 0.0017 0.0016 0.0062 0.0104 0.0013 0.0024 0.0022 0.0013 0.0049 0.0018 0.0057 0.0035 0.0030 0.0057 0.0031 0.9302 
        FW02  3 0.0005 0.0006 0.0008 0.0007 0.0008 0.0014 0.0014 0.0013 0.0021 0.0021 0.0013 0.0013 0.0060 0.9480 0.0011 0.0018 0.0015 0.0011 0.0037 0.0013 0.0050 0.0031 0.0026 0.0053 0.0024 0.0026 
        FW03  3 0.0006 0.0006 0.0008 0.0008 0.0008 0.0017 0.0014 0.0014 0.0022 0.0022 0.0014 0.0013 0.0055 0.0099 0.0012 0.0018 0.0015 0.0012 0.0040 0.0012 0.0046 0.0036 0.0024 0.0046 0.0025 0.9407 
        FW04  3 0.0006 0.0006 0.0008 0.0007 0.0007 0.0014 0.0014 0.0013 0.0021 0.0021 0.0014 0.0013 0.0060 0.9479 0.0012 0.0018 0.0015 0.0011 0.0037 0.0013 0.0051 0.0031 0.0026 0.0054 0.0024 0.0026 
        FW05  3 0.0006 0.0006 0.0008 0.0007 0.0008 0.0014 0.0014 0.0013 0.0021 0.0021 0.0014 0.0013 0.0060 0.9479 0.0011 0.0018 0.0015 0.0011 0.0037 0.0013 0.0050 0.0031 0.0026 0.0054 0.0024 0.0026 
        FW06  3 0.0005 0.0006 0.0008 0.0007 0.0008 0.0014 0.0014 0.0013 0.0021 0.0021 0.0014 0.0014 0.0060 0.9476 0.0011 0.0019 0.0015 0.0011 0.0037 0.0013 0.0050 0.0032 0.0026 0.0055 0.0024 0.0026 
        FW07  3 0.0005 0.0006 0.0008 0.0008 0.0008 0.0017 0.0015 0.0014 0.0022 0.0022 0.0014 0.0013 0.0055 0.0100 0.0012 0.0019 0.0015 0.0012 0.0040 0.0013 0.0046 0.0036 0.0024 0.0047 0.0024 0.9406 
        FW08  3 0.0005 0.0006 0.0008 0.0007 0.0008 0.0014 0.0014 0.0013 0.0021 0.0021 0.0013 0.0013 0.0060 0.9480 0.0011 0.0018 0.0015 0.0011 0.0037 0.0013 0.0050 0.0031 0.0026 0.0054 0.0024 0.0026 
        FW09  3 0.0006 0.0006 0.0008 0.0007 0.0008 0.0014 0.0014 0.0013 0.0021 0.0021 0.0013 0.0013 0.0060 0.9480 0.0011 0.0018 0.0015 0.0011 0.0037 0.0013 0.0050 0.0031 0.0026 0.0054 0.0025 0.0026 
        FW10  3 0.0006 0.0006 0.0008 0.0008 0.0008 0.0017 0.0015 0.0014 0.0022 0.0022 0.0014 0.0013 0.0057 0.0100 0.0012 0.0019 0.0015 0.0011 0.0042 0.0012 0.0047 0.0036 0.0024 0.0046 0.0025 0.9400 
       FW100  3 0.0006 0.0006 0.0008 0.0008 0.0008 0.0017 0.0015 0.0014 0.0022 0.0022 0.0014 0.0013 0.0057 0.0114 0.0012 0.0019 0.0015 0.0012 0.0042 0.0013 0.0047 0.0034 0.0025 0.0049 0.0025 0.9386 
       FW101  3 0.0006 0.0006 0.0008 0.0008 0.0008 0.0016 0.0015 0.0014 0.0022 0.0022 0.0014 0.0013 0.0057 0.0099 0.0012 0.0019 0.0015 0.0011 0.0042 0.0012 0.0047 0.0036 0.0025 0.0047 0.0025 0.9400 
       FW102  3 0.0006 0.0006 0.0008 0.0007 0.0007 0.0014 0.0014 0.0013 0.0021 0.0021 0.0014 0.0013 0.0060 0.9479 0.0011 0.0018 0.0015 0.0011 0.0038 0.0013 0.0050 0.0031 0.0025 0.0054 0.0024 0.0026 
       FW103  3 0.0006 0.0006 0.0008 0.0007 0.0007 0.0014 0.0014 0.0013 0.0021 0.0021 0.0013 0.0013 0.0060 0.9480 0.0011 0.0018 0.0015 0.0011 0.0037 0.0013 0.0050 0.0031 0.0026 0.0054 0.0024 0.0026 
       FW104  3 0.0007 0.0008 0.0009 0.0009 0.0008 0.0021 0.0018 0.0016 0.0027 0.0028 0.0017 0.0016 0.0062 0.0103 0.0013 0.0023 0.0022 0.0013 0.0049 0.0017 0.0057 0.0035 0.0030 0.0057 0.0031 0.9303 
       FW105  3 0.0006 0.0006 0.0008 0.0008 0.0008 0.0017 0.0015 0.0014 0.0022 0.0022 0.0014 0.0013 0.0057 0.0099 0.0012 0.0019 0.0015 0.0011 0.0042 0.0012 0.0047 0.0035 0.0025 0.0046 0.0025 0.9403 
       FW106  3 0.0010 0.0014 0.0022 0.0021 0.0015 0.0035 0.0049 0.0049 0.0069 0.0056 0.0461 0.0031 0.0170 0.1521 0.0027 0.0027 0.0632 0.0018 0.0070 0.0018 0.0102 0.0156 0.0034 0.6245 0.0055 0.0095 
       FW107  3 0.0007 0.0009 0.0009 0.0009 0.0008 0.0021 0.0018 0.0016 0.0028 0.0027 0.0017 0.0016 0.0062 0.0104 0.0013 0.0024 0.0022 0.0013 0.0049 0.0018 0.0057 0.0035 0.0030 0.0057 0.0031 0.9304 
       FW108  3 0.0005 0.0006 0.0008 0.0007 0.0007 0.0014 0.0014 0.0013 0.0021 0.0021 0.0014 0.0013 0.0059 0.9477 0.0012 0.0018 0.0015 0.0011 0.0038 0.0013 0.0050 0.0031 0.0026 0.0055 0.0024 0.0026 
       FW109  3 0.0006 0.0006 0.0008 0.0008 0.0008 0.0016 0.0015 0.0014 0.0022 0.0022 0.0014 0.0013 0.0057 0.0100 0.0012 0.0019 0.0015 0.0011 0.0042 0.0013 0.0047 0.0036 0.0024 0.0047 0.0025 0.9400 
        FW11  3 0.0006 0.0006 0.0008 0.0008 0.0008 0.0017 0.0015 0.0014 0.0022 0.0022 0.0014 0.0013 0.0057 0.0114 0.0012 0.0019 0.0015 0.0011 0.0042 0.0013 0.0047 0.0035 0.0025 0.0049 0.0025 0.9384 
       FW110  3 0.0005 0.0006 0.0008 0.0008 0.0008 0.0017 0.0015 0.0014 0.0022 0.0022 0.0014 0.0013 0.0055 0.0098 0.0012 0.0019 0.0015 0.0012 0.0040 0.0012 0.0045 0.0036 0.0025 0.0047 0.0025 0.9408 
       FW111  3 0.0005 0.0006 0.0008 0.0007 0.0007 0.0014 0.0014 0.0013 0.0021 0.0021 0.0014 0.0013 0.0059 0.9480 0.0012 0.0018 0.0015 0.0011 0.0037 0.0013 0.0050 0.0031 0.0026 0.0055 0.0024 0.0026 
       FW112  3 0.0006 0.0006 0.0008 0.0008 0.0008 0.0017 0.0015 0.0014 0.0022 0.0022 0.0014 0.0013 0.0056 0.0114 0.0012 0.0018 0.0015 0.0011 0.0042 0.0012 0.0048 0.0035 0.0024 0.0049 0.0024 0.9386 
       FW113  3 0.0005 0.0006 0.0008 0.0007 0.0007 0.0014 0.0014 0.0013 0.0021 0.0021 0.0014 0.0014 0.0060 0.9480 0.0011 0.0018 0.0015 0.0011 0.0037 0.0013 0.0050 0.0031 0.0026 0.0054 0.0024 0.0026 
       FW114  3 0.0010 0.0007 0.0013 0.0014 0.0011 0.0018 0.0019 0.0019 0.0023 0.0027 0.0014 0.0021 0.0062 0.0103 0.0016 0.0020 0.0017 0.0018 0.0041 0.0014 0.0050 0.0038 0.0024 0.0052 0.0025 0.9324 
       FW115  3 0.0005 0.0006 0.0008 0.0008 0.0008 0.0017 0.0015 0.0014 0.0022 0.0022 0.0014 0.0013 0.0058 0.0100 0.0012 0.0019 0.0015 0.0011 0.0041 0.0012 0.0048 0.0036 0.0025 0.0047 0.0025 0.9400 
       FW116  3 0.0006 0.0006 0.0008 0.0007 0.0007 0.0014 0.0014 0.0013 0.0021 0.0021 0.0014 0.0014 0.0060 0.9478 0.0011 0.0018 0.0014 0.0011 0.0038 0.0013 0.0051 0.0031 0.0026 0.0054 0.0024 0.0026 
        FW12  3 0.0006 0.0006 0.0008 0.0007 0.0007 0.0014 0.0014 0.0013 0.0021 0.0021 0.0014 0.0013 0.0060 0.9479 0.0011 0.0018 0.0015 0.0011 0.0037 0.0013 0.0050 0.0031 0.0026 0.0054 0.0024 0.0026 
        FW13  3 0.0005 0.0006 0.0008 0.0007 0.0007 0.0014 0.0014 0.0013 0.0021 0.0021 0.0014 0.0014 0.0059 0.9478 0.0012 0.0018 0.0014 0.0011 0.0037 0.0013 0.0051 0.0031 0.0026 0.0055 0.0024 0.0026 
        FW14  3 0.0007 0.0009 0.0009 0.0009 0.0008 0.0021 0.0018 0.0016 0.0028 0.0028 0.0017 0.0016 0.0062 0.0103 0.0013 0.0024 0.0022 0.0013 0.0049 0.0018 0.0057 0.0035 0.0030 0.0057 0.0031 0.9302 
        FW15  3 0.0007 0.0008 0.0009 0.0008 0.0009 0.0021 0.0018 0.0016 0.0028 0.0027 0.0017 0.0016 0.0062 0.0103 0.0013 0.0024 0.0023 0.0013 0.0049 0.0018 0.0057 0.0035 0.0030 0.0058 0.0031 0.9301 
        FW16  3 0.0006 0.0006 0.0008 0.0008 0.0008 0.0017 0.0015 0.0014 0.0022 0.0022 0.0014 0.0013 0.0057 0.0099 0.0012 0.0019 0.0015 0.0011 0.0042 0.0013 0.0047 0.0036 0.0025 0.0047 0.0025 0.9400 
        FW17  3 0.0005 0.0006 0.0008 0.0008 0.0008 0.0017 0.0015 0.0014 0.0022 0.0022 0.0014 0.0013 0.0058 0.0099 0.0012 0.0019 0.0015 0.0011 0.0042 0.0013 0.0047 0.0036 0.0024 0.0047 0.0025 0.9401 
        FW18  3 0.0006 0.0006 0.0008 0.0008 0.0008 0.0017 0.0015 0.0014 0.0022 0.0022 0.0014 0.0013 0.0056 0.0115 0.0012 0.0019 0.0015 0.0011 0.0042 0.0013 0.0047 0.0034 0.0025 0.0049 0.0024 0.9385 
        FW19  3 0.0005 0.0006 0.0008 0.0007 0.0008 0.0014 0.0014 0.0013 0.0021 0.0021 0.0013 0.0013 0.0060 0.9480 0.0012 0.0018 0.0015 0.0011 0.0037 0.0013 0.0050 0.0031 0.0026 0.0054 0.0024 0.0025 
        FW20  3 0.0006 0.0006 0.0008 0.0007 0.0007 0.0014 0.0014 0.0013 0.0021 0.0021 0.0014 0.0013 0.0060 0.9478 0.0011 0.0018 0.0015 0.0011 0.0037 0.0013 0.0051 0.0031 0.0026 0.0054 0.0024 0.0026 
        FW21  3 0.0006 0.0006 0.0008 0.0007 0.0008 0.0014 0.0014 0.0014 0.0021 0.0021 0.0014 0.0013 0.0060 0.9479 0.0012 0.0018 0.0014 0.0011 0.0038 0.0013 0.0051 0.0031 0.0026 0.0054 0.0024 0.0026 
        FW22  3 0.0006 0.0006 0.0009 0.0008 0.0008 0.0017 0.0015 0.0014 0.0022 0.0021 0.0014 0.0013 0.0057 0.0114 0.0012 0.0018 0.0015 0.0011 0.0041 0.0013 0.0047 0.0035 0.0024 0.0049 0.0025 0.9388 
        FW23  3 0.0006 0.0006 0.0008 0.0007 0.0007 0.0014 0.0014 0.0014 0.0021 0.0021 0.0013 0.0013 0.0060 0.9480 0.0012 0.0018 0.0015 0.0011 0.0037 0.0013 0.0051 0.0031 0.0026 0.0054 0.0024 0.0026 
        FW24  3 0.0006 0.0006 0.0008 0.0007 0.0008 0.0014 0.0014 0.0014 0.0021 0.0021 0.0014 0.0013 0.0059 0.9480 0.0011 0.0018 0.0015 0.0011 0.0037 0.0013 0.0050 0.0031 0.0026 0.0054 0.0024 0.0026 
        FW25  3 0.0006 0.0006 0.0008 0.0007 0.0008 0.0014 0.0014 0.0013 0.0021 0.0021 0.0014 0.0013 0.0060 0.9479 0.0011 0.0018 0.0015 0.0011 0.0038 0.0013 0.0050 0.0031 0.0026 0.0054 0.0024 0.0026 
        FW26  3 0.0006 0.0006 0.0008 0.0007 0.0008 0.0014 0.0014 0.0013 0.0021 0.0021 0.0014 0.0013 0.0059 0.9479 0.0011 0.0018 0.0015 0.0011 0.0037 0.0013 0.0051 0.0031 0.0026 0.0054 0.0024 0.0026 
        FW27  3 0.0006 0.0006 0.0008 0.0008 0.0008 0.0017 0.0015 0.0014 0.0022 0.0022 0.0014 0.0013 0.0057 0.0099 0.0012 0.0018 0.0015 0.0011 0.0042 0.0012 0.0047 0.0036 0.0024 0.0047 0.0025 0.9402 
        FW28  3 0.0005 0.0006 0.0008 0.0007 0.0007 0.0014 0.0014 0.0013 0.0021 0.0021 0.0014 0.0013 0.0059 0.9479 0.0011 0.0018 0.0015 0.0011 0.0037 0.0013 0.0050 0.0031 0.0026 0.0055 0.0024 0.0026 
        FW29  3 0.0005 0.0006 0.0008 0.0007 0.0007 0.0014 0.0014 0.0013 0.0021 0.0021 0.0013 0.0014 0.0060 0.9479 0.0011 0.0018 0.0015 0.0011 0.0037 0.0013 0.0051 0.0031 0.0026 0.0054 0.0024 0.0026 
        FW30  3 0.0010 0.0014 0.0022 0.0021 0.0016 0.0036 0.0048 0.0048 0.0066 0.0056 0.0483 0.0031 0.0166 0.1512 0.0028 0.0027 0.0609 0.0019 0.0070 0.0017 0.0102 0.0160 0.0034 0.6254 0.0055 0.0097 
        FW32  3 0.0007 0.0008 0.0009 0.0009 0.0009 0.0021 0.0018 0.0017 0.0029 0.0028 0.0017 0.0016 0.0062 0.0104 0.0013 0.0024 0.0022 0.0013 0.0049 0.0018 0.0057 0.0035 0.0030 0.0056 0.0031 0.9300 
        FW33  3 0.0006 0.0006 0.0009 0.0008 0.0007 0.0014 0.0015 0.0014 0.0021 0.0021 0.0014 0.0014 0.0142 0.9271 0.0012 0.0018 0.0015 0.0012 0.0038 0.0013 0.0145 0.0031 0.0026 0.0079 0.0024 0.0027 
        FW34  3 0.0006 0.0006 0.0008 0.0007 0.0008 0.0014 0.0015 0.0013 0.0021 0.0021 0.0014 0.0013 0.0060 0.9480 0.0012 0.0018 0.0015 0.0011 0.0037 0.0013 0.0050 0.0031 0.0026 0.0054 0.0024 0.0025 
        FW35  3 0.0005 0.0006 0.0008 0.0007 0.0007 0.0014 0.0014 0.0013 0.0021 0.0021 0.0014 0.0013 0.0060 0.9481 0.0011 0.0018 0.0015 0.0011 0.0037 0.0013 0.0050 0.0031 0.0025 0.0054 0.0024 0.0026 
        FW36  3 0.0005 0.0006 0.0008 0.0007 0.0008 0.0014 0.0014 0.0013 0.0021 0.0021 0.0014 0.0013 0.0060 0.9478 0.0011 0.0018 0.0015 0.0011 0.0038 0.0013 0.0050 0.0031 0.0026 0.0055 0.0024 0.0026 
