        TC01  1 0.0015 0.0033 0.8585 0.0008 0.0077 0.0039 0.0030 0.0046 0.0043 0.0017 0.0053 0.0112 0.0045 0.0043 0.0121 0.0035 0.0184 0.0025 0.0149 0.0255 0.0086 
        TC02  1 0.0012 0.0015 0.8807 0.0015 0.0030 0.0032 0.0021 0.0044 0.0055 0.0039 0.0098 0.0172 0.0025 0.0043 0.0188 0.0051 0.0089 0.0043 0.0075 0.0040 0.0106 
        TC03  1 0.0011 0.0013 0.8960 0.0015 0.0017 0.0024 0.0051 0.0044 0.0048 0.0019 0.0037 0.0085 0.0041 0.0049 0.0085 0.0039 0.0106 0.0039 0.0119 0.0033 0.0165 
        TC04  1 0.0016 0.0421 0.7062 0.0013 0.0020 0.0024 0.0033 0.0028 0.0131 0.0058 0.0114 0.0457 0.0028 0.0037 0.0386 0.0040 0.0317 0.0035 0.0214 0.0025 0.0540 
        TC05  1 0.0011 0.0013 0.8742 0.0022 0.0011 0.0016 0.0018 0.0021 0.0430 0.0034 0.0045 0.0080 0.0030 0.0023 0.0083 0.0031 0.0140 0.0041 0.0045 0.0023 0.0143 
        TC06  1 0.0024 0.0009 0.7851 0.0035 0.0013 0.0016 0.0015 0.0057 0.0050 0.0030 0.0035 0.0167 0.0028 0.0028 0.0229 0.0041 0.0121 0.0030 0.0102 0.0037 0.1085 
        TC07  1 0.0008 0.0077 0.8904 0.0009 0.0049 0.0015 0.0023 0.0028 0.0056 0.0044 0.0106 0.0055 0.0033 0.0020 0.0131 0.0025 0.0099 0.0055 0.0054 0.0018 0.0190 
        TC08  1 0.0015 0.0111 0.8826 0.0015 0.0015 0.0015 0.0012 0.0020 0.0064 0.0031 0.0072 0.0258 0.0031 0.0030 0.0110 0.0032 0.0064 0.0073 0.0039 0.0031 0.0137 
        TC09  1 0.0012 0.0016 0.7792 0.0018 0.0013 0.0017 0.0039 0.0361 0.0085 0.0016 0.0050 0.0826 0.0027 0.0017 0.0136 0.0030 0.0050 0.0031 0.0059 0.0023 0.0384 
        TC10  1 0.0021 0.0008 0.8237 0.0012 0.0046 0.0024 0.0195 0.0468 0.0037 0.0126 0.0023 0.0057 0.0021 0.0210 0.0068 0.0028 0.0152 0.0026 0.0046 0.0029 0.0166 
        TC11  1 0.0114 0.0025 0.9023 0.0005 0.0043 0.0012 0.0018 0.0030 0.0039 0.0019 0.0027 0.0068 0.0035 0.0043 0.0175 0.0027 0.0047 0.0087 0.0067 0.0023 0.0072 
        TC12  1 0.0011 0.0029 0.8081 0.0010 0.0031 0.0033 0.0042 0.0033 0.0052 0.0038 0.0198 0.0145 0.0038 0.0055 0.0168 0.0063 0.0423 0.0043 0.0184 0.0086 0.0238 
        TC13  1 0.0022 0.0012 0.9141 0.0008 0.0013 0.0016 0.0012 0.0090 0.0040 0.0026 0.0036 0.0126 0.0024 0.0035 0.0063 0.0039 0.0054 0.0032 0.0044 0.0019 0.0148 
        TC14  1 0.0027 0.0225 0.7307 0.0055 0.0024 0.0019 0.0023 0.0236 0.0050 0.0020 0.0047 0.0204 0.0045 0.0048 0.0082 0.0041 0.0111 0.0095 0.0118 0.0049 0.1172 
        TC15  1 0.0016 0.0017 0.8095 0.0015 0.0010 0.0024 0.0025 0.0163 0.0043 0.0033 0.0048 0.0289 0.0024 0.0056 0.0156 0.0053 0.0091 0.0055 0.0075 0.0021 0.0690 
        TC16  1 0.0017 0.0017 0.6879 0.0016 0.0014 0.0028 0.0019 0.0419 0.0078 0.0035 0.0058 0.1202 0.0024 0.0028 0.0171 0.0041 0.0317 0.0135 0.0092 0.0050 0.0361 
        TC17  1 0.0027 0.0022 0.6055 0.0012 0.0042 0.0032 0.0027 0.0722 0.0136 0.0039 0.0064 0.0309 0.0098 0.0050 0.1356 0.0123 0.0050 0.0097 0.0113 0.0092 0.0535 
        TC18  1 0.0267 0.0019 0.7923 0.0006 0.0030 0.0078 0.0042 0.0061 0.0331 0.0027 0.0043 0.0087 0.0035 0.0146 0.0091 0.0035 0.0062 0.0078 0.0386 0.0054 0.0199 
        TC19  1 0.0054 0.0006 0.8345 0.0006 0.0017 0.0019 0.0017 0.0241 0.0037 0.0027 0.0056 0.0739 0.0022 0.0042 0.0062 0.0029 0.0055 0.0038 0.0049 0.0038 0.0099 
        TC20  1 0.0012 0.0017 0.8779 0.0009 0.0014 0.0012 0.0014 0.0099 0.0140 0.0028 0.0032 0.0222 0.0025 0.0023 0.0067 0.0036 0.0058 0.0041 0.0145 0.0097 0.0131 
        TC21  1 0.0039 0.0020 0.6826 0.0007 0.0050 0.0022 0.0022 0.0025 0.0069 0.0028 0.0115 0.0191 0.0017 0.0040 0.0777 0.0721 0.0145 0.0311 0.0361 0.0035 0.0179 
        TC22  1 0.0302 0.0016 0.8219 0.0018 0.0019 0.0029 0.0021 0.0020 0.0052 0.0121 0.0136 0.0135 0.0029 0.0270 0.0078 0.0060 0.0104 0.0030 0.0046 0.0057 0.0238 
        TC23  1 0.0024 0.0013 0.8700 0.0014 0.0073 0.0015 0.0032 0.0040 0.0032 0.0017 0.0047 0.0082 0.0031 0.0066 0.0065 0.0025 0.0341 0.0045 0.0077 0.0055 0.0206 
        TC24  1 0.0010 0.0013 0.9290 0.0006 0.0009 0.0021 0.0022 0.0063 0.0049 0.0017 0.0023 0.0075 0.0017 0.0019 0.0063 0.0021 0.0041 0.0092 0.0033 0.0024 0.0095 
        TC25  1 0.0033 0.0008 0.7262 0.0011 0.0121 0.0019 0.0050 0.0142 0.0043 0.0027 0.0068 0.0086 0.0028 0.0025 0.0151 0.0070 0.0114 0.0056 0.0333 0.0038 0.1315 
        TC26  1 0.0010 0.0013 0.8302 0.0035 0.0011 0.0014 0.0018 0.0478 0.0036 0.0024 0.0036 0.0083 0.0029 0.0023 0.0157 0.0031 0.0279 0.0039 0.0041 0.0029 0.0312 
        TC27  1 0.0021 0.0017 0.7326 0.0007 0.0014 0.0016 0.0018 0.0034 0.0178 0.0021 0.0031 0.0071 0.0027 0.0618 0.0812 0.0053 0.0060 0.0060 0.0052 0.0024 0.0542 
        TC28  1 0.0012 0.0007 0.8442 0.0008 0.0018 0.0037 0.0028 0.0071 0.0096 0.0067 0.0038 0.0071 0.0022 0.0030 0.0174 0.0048 0.0221 0.0047 0.0068 0.0023 0.0471 
        TC29  1 0.0022 0.0018 0.7411 0.0006 0.0025 0.0018 0.0042 0.0069 0.0646 0.0018 0.0058 0.0176 0.0101 0.0021 0.0083 0.0035 0.0092 0.0111 0.0116 0.0032 0.0899 
        TC30  1 0.0078 0.0012 0.8743 0.0009 0.0015 0.0015 0.0022 0.0067 0.0042 0.0025 0.0061 0.0271 0.0029 0.0030 0.0146 0.0044 0.0049 0.0036 0.0049 0.0039 0.0216 
        TC31  1 0.0232 0.0016 0.8172 0.0007 0.0195 0.0047 0.0038 0.0035 0.0086 0.0082 0.0046 0.0156 0.0069 0.0108 0.0071 0.0038 0.0057 0.0042 0.0257 0.0129 0.0116 
        TC32  1 0.0399 0.0012 0.6989 0.0010 0.0018 0.0021 0.0016 0.0086 0.0077 0.0181 0.0166 0.0088 0.0035 0.0023 0.0279 0.0025 0.0101 0.0035 0.0065 0.0024 0.1350 
        TC33  1 0.0022 0.0012 0.8813 0.0012 0.0076 0.0049 0.0025 0.0045 0.0087 0.0021 0.0036 0.0066 0.0061 0.0043 0.0082 0.0034 0.0091 0.0137 0.0073 0.0036 0.0178 
        TC34  1 0.0023 0.0013 0.7798 0.0011 0.0016 0.0017 0.0021 0.0075 0.0060 0.0037 0.0033 0.0269 0.0080 0.0056 0.0108 0.0041 0.0146 0.0076 0.0063 0.0067 0.0992 
        TC35  1 0.0015 0.0019 0.8065 0.0006 0.0073 0.0023 0.0017 0.0074 0.0175 0.0161 0.0036 0.0487 0.0040 0.0091 0.0196 0.0048 0.0045 0.0026 0.0170 0.0067 0.0166 
        TC36  1 0.0023 0.0010 0.8604 0.0007 0.0016 0.0014 0.0035 0.0061 0.0089 0.0025 0.0069 0.0142 0.0023 0.0040 0.0375 0.0060 0.0115 0.0040 0.0057 0.0027 0.0165 
        TC37  1 0.0393 0.0036 0.8525 0.0011 0.0019 0.0018 0.0018 0.0035 0.0051 0.0084 0.0037 0.0131 0.0061 0.0031 0.0120 0.0050 0.0064 0.0139 0.0073 0.0039 0.0066 
        TC38  1 0.0014 0.0009 0.7042 0.0010 0.0026 0.0020 0.0027 0.0151 0.0064 0.0018 0.0053 0.1292 0.0026 0.0022 0.0119 0.0034 0.0181 0.0036 0.0574 0.0030 0.0252 
        TC39  1 0.0040 0.0020 0.6946 0.0027 0.0017 0.0013 0.0025 0.0649 0.0048 0.0048 0.0030 0.0191 0.0026 0.0024 0.0129 0.0059 0.0090 0.0047 0.0084 0.0032 0.1455 
        TC40  1 0.0021 0.0011 0.8016 0.0013 0.0018 0.0030 0.0054 0.0120 0.0081 0.0037 0.0035 0.0098 0.0074 0.0043 0.0116 0.0050 0.0082 0.0221 0.0064 0.0041 0.0774 
        TC41  1 0.0114 0.0022 0.8843 0.0008 0.0013 0.0037 0.0016 0.0041 0.0105 0.0080 0.0036 0.0065 0.0027 0.0025 0.0137 0.0025 0.0093 0.0036 0.0056 0.0112 0.0108 
        TC42  1 0.0014 0.0026 0.8962 0.0015 0.0009 0.0023 0.0022 0.0039 0.0053 0.0015 0.0029 0.0125 0.0018 0.0028 0.0078 0.0041 0.0044 0.0035 0.0038 0.0036 0.0350 
        TC43  1 0.0021 0.0016 0.8809 0.0009 0.0013 0.0016 0.0022 0.0027 0.0073 0.0032 0.0058 0.0114 0.0029 0.0037 0.0071 0.0030 0.0090 0.0037 0.0074 0.0023 0.0397 
        TC44  1 0.0010 0.0028 0.8126 0.0014 0.0030 0.0014 0.0034 0.0140 0.0070 0.0034 0.0035 0.0644 0.0020 0.0077 0.0165 0.0056 0.0099 0.0035 0.0059 0.0039 0.0271 
        TC45  1 0.0032 0.0077 0.8576 0.0032 0.0014 0.0011 0.0016 0.0195 0.0041 0.0204 0.0057 0.0082 0.0017 0.0018 0.0108 0.0120 0.0050 0.0026 0.0220 0.0038 0.0069 
        TC46  1 0.0017 0.0010 0.8596 0.0009 0.0012 0.0017 0.0035 0.0079 0.0095 0.0154 0.0052 0.0070 0.0018 0.0110 0.0126 0.0046 0.0229 0.0050 0.0119 0.0039 0.0115 
        TC47  1 0.0014 0.0014 0.8469 0.0007 0.0028 0.0015 0.0016 0.0165 0.0048 0.0030 0.0030 0.0338 0.0023 0.0163 0.0109 0.0026 0.0126 0.0037 0.0056 0.0052 0.0235 
        TC48  1 0.0024 0.0119 0.8116 0.0039 0.0015 0.0037 0.0018 0.0107 0.0063 0.0033 0.0098 0.0088 0.0045 0.0045 0.0223 0.0039 0.0093 0.0318 0.0160 0.0092 0.0228 
        TC49  1 0.0027 0.0035 0.8803 0.0011 0.0021 0.0030 0.0011 0.0060 0.0134 0.0062 0.0080 0.0060 0.0027 0.0029 0.0118 0.0093 0.0090 0.0048 0.0070 0.0050 0.0141 
        TC50  1 0.0021 0.0023 0.8665 0.0018 0.0023 0.0028 0.0033 0.0037 0.0051 0.0035 0.0071 0.0146 0.0147 0.0131 0.0181 0.0033 0.0045 0.0050 0.0114 0.0053 0.0096 
        TC51  1 0.0009 0.0027 0.8331 0.0009 0.0040 0.0019 0.0024 0.0035 0.0065 0.0033 0.0153 0.0242 0.0020 0.0042 0.0094 0.0059 0.0078 0.0042 0.0079 0.0038 0.0563 
        TC52  1 0.0014 0.0026 0.8466 0.0014 0.0009 0.0020 0.0087 0.0060 0.0033 0.0019 0.0048 0.0093 0.0018 0.0020 0.0074 0.0046 0.0588 0.0053 0.0121 0.0024 0.0168 
        TC53  1 0.0019 0.0010 0.8559 0.0010 0.0009 0.0012 0.0016 0.0048 0.0031 0.0019 0.0245 0.0161 0.0041 0.0086 0.0108 0.0100 0.0043 0.0031 0.0038 0.0132 0.0282 
        TC54  1 0.0018 0.0013 0.7528 0.0019 0.0020 0.0037 0.0027 0.0071 0.0107 0.0058 0.0054 0.0107 0.0125 0.0063 0.0303 0.0140 0.0052 0.0612 0.0088 0.0036 0.0521 
        TC55  1 0.0058 0.0010 0.8014 0.0047 0.0018 0.0035 0.0052 0.0351 0.0046 0.0043 0.0074 0.0068 0.0044 0.0042 0.0420 0.0051 0.0090 0.0062 0.0084 0.0026 0.0365 
        TC56  1 0.0024 0.0023 0.8196 0.0023 0.0028 0.0026 0.0023 0.0026 0.0211 0.0036 0.0094 0.0151 0.0085 0.0053 0.0092 0.0035 0.0058 0.0246 0.0244 0.0046 0.0279 
        TC57  1 0.0019 0.0071 0.8362 0.0015 0.0018 0.0016 0.0022 0.0197 0.0096 0.0046 0.0047 0.0179 0.0046 0.0101 0.0389 0.0059 0.0055 0.0054 0.0049 0.0059 0.0099 
        TC58  1 0.0014 0.0014 0.8479 0.0018 0.0173 0.0018 0.0018 0.0127 0.0044 0.0043 0.0032 0.0108 0.0020 0.0060 0.0147 0.0033 0.0371 0.0035 0.0053 0.0053 0.0140 
        TC59  1 0.0008 0.0009 0.9126 0.0007 0.0018 0.0013 0.0014 0.0033 0.0033 0.0018 0.0025 0.0074 0.0035 0.0033 0.0168 0.0037 0.0076 0.0034 0.0035 0.0027 0.0175 
        TA01  2 0.0018 0.0014 0.8427 0.0015 0.0016 0.0014 0.0014 0.0124 0.0047 0.0015 0.0055 0.0381 0.0159 0.0038 0.0273 0.0024 0.0070 0.0026 0.0050 0.0038 0.0179 
        TA02  2 0.0019 0.0011 0.8704 0.0006 0.0010 0.0035 0.0036 0.0038 0.0323 0.0027 0.0033 0.0130 0.0039 0.0023 0.0131 0.0031 0.0108 0.0084 0.0078 0.0026 0.0107 
        TA03  2 0.0012 0.0016 0.7922 0.0014 0.0018 0.0032 0.0024 0.0059 0.0058 0.0069 0.0040 0.0927 0.0074 0.0213 0.0106 0.0041 0.0076 0.0076 0.0060 0.0038 0.0125 
        TA04  2 0.0011 0.0009 0.5675 0.0009 0.0013 0.0015 0.0020 0.0044 0.0055 0.0061 0.0032 0.3244 0.0039 0.0057 0.0075 0.0038 0.0088 0.0030 0.0051 0.0031 0.0403 
        TA05  2 0.0010 0.0011 0.8958 0.0018 0.0016 0.0029 0.0015 0.0032 0.0060 0.0024 0.0052 0.0227 0.0055 0.0041 0.0093 0.0031 0.0096 0.0045 0.0075 0.0026 0.0086 
        TA06  2 0.0020 0.0006 0.9002 0.0011 0.0019 0.0013 0.0019 0.0095 0.0025 0.0029 0.0035 0.0161 0.0021 0.0024 0.0083 0.0018 0.0050 0.0035 0.0043 0.0034 0.0258 
        TA07  2 0.0007 0.0011 0.7066 0.0015 0.0029 0.0020 0.0033 0.0055 0.0062 0.0023 0.0091 0.1568 0.0038 0.0032 0.0519 0.0096 0.0072 0.0068 0.0054 0.0037 0.0105 
        TA08  2 0.0006 0.0015 0.8528 0.0009 0.0012 0.0011 0.0015 0.0070 0.0037 0.0017 0.0039 0.0220 0.0028 0.0420 0.0053 0.0032 0.0042 0.0027 0.0088 0.0019 0.0311 
        TA09  2 0.0016 0.0006 0.8462 0.0007 0.0011 0.0014 0.0026 0.0053 0.0049 0.0016 0.0059 0.0583 0.0038 0.0032 0.0060 0.0019 0.0280 0.0035 0.0036 0.0026 0.0170 
        TA10  2 0.0009 0.0020 0.8221 0.0012 0.0387 0.0020 0.0015 0.0081 0.0181 0.0029 0.0055 0.0189 0.0032 0.0029 0.0205 0.0089 0.0093 0.0043 0.0055 0.0088 0.0149 
        TA11  2 0.0011 0.0015 0.7335 0.0027 0.0212 0.0163 0.0017 0.0716 0.0051 0.0268 0.0041 0.0324 0.0028 0.0092 0.0071 0.0091 0.0052 0.0042 0.0104 0.0199 0.0141 
        TA12  2 0.0012 0.0015 0.8024 0.0038 0.0024 0.0379 0.0012 0.0051 0.0164 0.0033 0.0052 0.0156 0.0033 0.0023 0.0096 0.0035 0.0049 0.0054 0.0045 0.0617 0.0087 
        TA13  2 0.0010 0.0049 0.6738 0.0114 0.0060 0.0037 0.0029 0.0028 0.0430 0.0035 0.0561 0.0650 0.0032 0.0032 0.0116 0.0118 0.0086 0.0116 0.0061 0.0107 0.0590 
        TA14  2 0.0011 0.0008 0.8854 0.0035 0.0009 0.0013 0.0042 0.0074 0.0085 0.0024 0.0032 0.0241 0.0029 0.0022 0.0057 0.0024 0.0047 0.0041 0.0034 0.0017 0.0302 
        TA15  2 0.0009 0.0013 0.8822 0.0077 0.0014 0.0012 0.0017 0.0026 0.0143 0.0026 0.0027 0.0119 0.0024 0.0022 0.0062 0.0073 0.0048 0.0040 0.0033 0.0024 0.0368 
        TA16  2 0.0010 0.0025 0.7600 0.0018 0.0181 0.0042 0.0020 0.0085 0.0276 0.0021 0.0048 0.0688 0.0031 0.0035 0.0224 0.0034 0.0084 0.0032 0.0045 0.0028 0.0474 
        TA17  2 0.0008 0.0014 0.8742 0.0022 0.0013 0.0038 0.0017 0.0032 0.0114 0.0033 0.0037 0.0068 0.0103 0.0068 0.0094 0.0037 0.0228 0.0059 0.0042 0.0060 0.0171 
        TA18  2 0.0335 0.0011 0.8015 0.0007 0.0054 0.0026 0.0013 0.0022 0.0082 0.0042 0.0034 0.0133 0.0348 0.0034 0.0083 0.0034 0.0475 0.0039 0.0040 0.0047 0.0126 
        TA19  2 0.0034 0.0010 0.7526 0.0007 0.0051 0.0021 0.0017 0.0043 0.0070 0.0082 0.0050 0.0638 0.0034 0.0803 0.0093 0.0029 0.0102 0.0046 0.0048 0.0086 0.0211 
        TA20  2 0.0008 0.0015 0.7796 0.0008 0.0012 0.0028 0.0016 0.0112 0.1209 0.0024 0.0029 0.0073 0.0029 0.0029 0.0115 0.0030 0.0044 0.0206 0.0064 0.0035 0.0119 
        TA21  2 0.0013 0.0024 0.8078 0.0015 0.0018 0.0052 0.0020 0.0469 0.0116 0.0027 0.0071 0.0181 0.0181 0.0038 0.0105 0.0038 0.0102 0.0129 0.0062 0.0026 0.0234 
        TA22  2 0.0044 0.0006 0.8361 0.0050 0.0010 0.0012 0.0014 0.0029 0.0059 0.0037 0.0029 0.0074 0.0055 0.0023 0.0142 0.0021 0.0059 0.0120 0.0047 0.0034 0.0771 
        TA23  2 0.0019 0.0008 0.8524 0.0009 0.0013 0.0021 0.0015 0.0039 0.0058 0.0022 0.0032 0.0178 0.0043 0.0029 0.0069 0.0027 0.0064 0.0038 0.0040 0.0022 0.0730 
        TA24  2 0.0008 0.0017 0.8525 0.0006 0.0012 0.0021 0.0028 0.0026 0.0050 0.0053 0.0035 0.0113 0.0037 0.0105 0.0635 0.0046 0.0052 0.0029 0.0048 0.0031 0.0121 
        TA25  2 0.0008 0.0012 0.7460 0.0008 0.1214 0.0028 0.0015 0.0039 0.0161 0.0036 0.0073 0.0094 0.0032 0.0025 0.0160 0.0089 0.0057 0.0026 0.0047 0.0190 0.0225 
        TA26  2 0.0019 0.0015 0.7714 0.0064 0.0043 0.0025 0.0015 0.0429 0.0054 0.0019 0.0030 0.0551 0.0032 0.0065 0.0075 0.0068 0.0051 0.0058 0.0156 0.0103 0.0413 
        TA27  2 0.0030 0.0009 0.8725 0.0022 0.0015 0.0093 0.0025 0.0040 0.0111 0.0025 0.0058 0.0146 0.0074 0.0046 0.0120 0.0053 0.0102 0.0045 0.0040 0.0079 0.0142 
        TA28  2 0.0019 0.0010 0.8430 0.0006 0.0012 0.0047 0.0041 0.0072 0.0181 0.0052 0.0036 0.0252 0.0103 0.0028 0.0136 0.0044 0.0146 0.0055 0.0180 0.0035 0.0116 
        TA29  2 0.0014 0.0009 0.8431 0.0046 0.0016 0.0017 0.0016 0.0037 0.0102 0.0031 0.0034 0.0088 0.0025 0.0099 0.0098 0.0039 0.0088 0.0037 0.0048 0.0048 0.0680 
        TA30  2 0.0016 0.0021 0.5811 0.0047 0.0016 0.0021 0.0018 0.1199 0.0095 0.0027 0.0040 0.1955 0.0028 0.0121 0.0073 0.0079 0.0052 0.0116 0.0072 0.0033 0.0161 
      BERM01  3 0.0009 0.0008 0.0016 0.0008 0.0011 0.0015 0.0011 0.0046 0.0034 0.0016 0.0030 0.0981 0.0032 0.0022 0.0052 0.0023 0.0051 0.0026 0.0034 0.0019 0.8555 
      BERM02  3 0.0017 0.0007 0.0029 0.0009 0.0009 0.0013 0.0012 0.0050 0.0038 0.0022 0.0031 0.0208 0.0023 0.0018 0.0062 0.0029 0.0044 0.0031 0.0042 0.0017 0.9291 
      BERM03  3 0.0008 0.0007 0.0014 0.0012 0.0012 0.0014 0.0012 0.0050 0.0031 0.0016 0.0033 0.0064 0.0019 0.0027 0.0068 0.0023 0.0058 0.0033 0.0039 0.0023 0.9438 
      BERM04  3 0.0006 0.0007 0.0013 0.0012 0.0014 0.0010 0.0013 0.0079 0.0026 0.0015 0.0025 0.0104 0.0019 0.0037 0.0057 0.0023 0.0067 0.0028 0.0045 0.0019 0.9382 
      BERM05  3 0.0007 0.0009 0.0012 0.0024 0.0014 0.0014 0.0018 0.0037 0.0033 0.0016 0.0024 0.0158 0.0030 0.0028 0.0083 0.0019 0.0073 0.0034 0.0054 0.0033 0.9280 
      BERM06  3 0.0009 0.0006 0.0021 0.0009 0.0009 0.0015 0.0013 0.0385 0.0028 0.0032 0.0029 0.0555 0.0024 0.0029 0.0123 0.0022 0.0103 0.0025 0.0049 0.0019 0.8496 
      BERM07  3 0.0009 0.0009 0.0023 0.0010 0.0019 0.0013 0.0012 0.0064 0.0035 0.0022 0.0031 0.0253 0.0018 0.0044 0.0054 0.0031 0.0057 0.0033 0.0042 0.0031 0.9189 
      BERM08  3 0.0006 0.0006 0.0019 0.0005 0.0010 0.0010 0.0011 0.0026 0.0027 0.0013 0.0031 0.0188 0.0015 0.0022 0.0048 0.0018 0.0041 0.0023 0.0045 0.0017 0.9418 
      BERM09  3 0.0017 0.0007 0.0050 0.0006 0.0012 0.0011 0.0010 0.0044 0.0029 0.0024 0.0029 0.3901 0.0024 0.0023 0.0076 0.0026 0.0057 0.0028 0.0030 0.0030 0.5567 
      BERM10  3 0.0012 0.0009 0.0040 0.0010 0.0012 0.0068 0.0013 0.0241 0.0034 0.0022 0.0092 0.0285 0.0021 0.0078 0.0212 0.0057 0.0070 0.0029 0.0064 0.0036 0.8592 
      BERM11  3 0.0009 0.0008 0.0025 0.0006 0.0014 0.0008 0.0013 0.0049 0.0039 0.0023 0.0030 0.0672 0.0019 0.0023 0.0054 0.0022 0.0041 0.0032 0.0048 0.0016 0.8847 
      BERM12  3 0.0008 0.0007 0.0027 0.0005 0.0016 0.0019 0.0070 0.0078 0.0028 0.0016 0.0026 0.0106 0.0058 0.0024 0.0044 0.0020 0.0101 0.0031 0.0347 0.0179 0.8791 
      BERM13  3 0.0010 0.0008 0.0017 0.0009 0.0014 0.0016 0.0011 0.0022 0.0040 0.0038 0.0027 0.0264 0.0019 0.0032 0.0070 0.0024 0.0540 0.0031 0.0034 0.0024 0.8749 
      BERM14  3 0.0007 0.0007 0.0033 0.0007 0.0015 0.0010 0.0024 0.0313 0.0037 0.0016 0.0027 0.0230 0.0025 0.0024 0.0049 0.0025 0.0039 0.0025 0.0037 0.0029 0.9021 
      CROC01  3 0.0011 0.0054 0.0022 0.0013 0.0020 0.0025 0.0054 0.0034 0.0042 0.0048 0.0034 0.0248 0.0057 0.0080 0.0110 0.0145 0.0052 0.0248 0.0055 0.0077 0.8571 
      CROC02  3 0.0007 0.0010 0.0023 0.0019 0.0017 0.0015 0.0018 0.0151 0.0049 0.0073 0.0030 0.0161 0.0038 0.0022 0.0241 0.0044 0.0791 0.0044 0.0072 0.0028 0.8146 
      CROC03  3 0.0010 0.0007 0.0021 0.0009 0.0014 0.0021 0.0024 0.0177 0.0047 0.0035 0.0040 0.0519 0.0026 0.0044 0.0071 0.0023 0.0057 0.0040 0.0130 0.0027 0.8657 
      CROC04  3 0.0016 0.0011 0.0069 0.0009 0.0012 0.0020 0.0028 0.0025 0.0031 0.0031 0.0027 0.0100 0.0026 0.0023 0.0970 0.0028 0.0038 0.0027 0.0034 0.0028 0.8447 
      CROC05  3 0.0012 0.0012 0.0015 0.0011 0.0021 0.0012 0.0014 0.0106 0.0039 0.0019 0.0037 0.0244 0.0027 0.0024 0.0235 0.0036 0.0072 0.0033 0.0043 0.0023 0.8964 
      CROC06  3 0.0008 0.0007 0.0060 0.0006 0.0044 0.0030 0.0037 0.0082 0.0033 0.0035 0.0045 0.0182 0.0032 0.0028 0.0972 0.0026 0.0074 0.0081 0.0062 0.0029 0.8127 
      CROC07  3 0.0030 0.0010 0.0028 0.0014 0.0014 0.0019 0.0018 0.0054 0.0041 0.0068 0.0043 0.0375 0.0054 0.0043 0.0130 0.0054 0.0078 0.0045 0.0046 0.0041 0.8795 
      CROC08  3 0.0017 0.0010 0.0019 0.0010 0.0030 0.0012 0.0024 0.0041 0.0111 0.0018 0.0049 0.0131 0.0111 0.0042 0.0075 0.0036 0.0047 0.0255 0.0100 0.0062 0.8801 
      CROC09  3 0.0011 0.0006 0.0013 0.0010 0.0011 0.0010 0.0032 0.0196 0.0040 0.0018 0.0298 0.1493 0.0032 0.0019 0.0074 0.0024 0.0042 0.0087 0.0061 0.0020 0.7501 
      CROC10  3 0.0017 0.0009 0.0015 0.0023 0.0017 0.0011 0.0014 0.0038 0.0028 0.0018 0.0031 0.1259 0.0021 0.0024 0.0059 0.0033 0.0042 0.0025 0.0050 0.0020 0.8245 
      CROC11  3 0.0011 0.0006 0.0014 0.0010 0.0010 0.0010 0.0032 0.0193 0.0041 0.0017 0.0295 0.1502 0.0033 0.0020 0.0074 0.0024 0.0042 0.0090 0.0062 0.0020 0.7495 
     CROC110  3 0.0013 0.0019 0.0031 0.0007 0.0012 0.0015 0.0036 0.0109 0.0062 0.0020 0.0230 0.0798 0.0034 0.0039 0.0169 0.0180 0.0093 0.0095 0.0038 0.0031 0.7969 
     CROC116  3 0.0027 0.0009 0.0047 0.0035 0.0014 0.0059 0.0141 0.0167 0.0071 0.0030 0.0052 0.0129 0.0181 0.0038 0.0167 0.0059 0.0110 0.0041 0.0099 0.0049 0.8472 
      CROC12  3 0.0009 0.0007 0.0018 0.0007 0.0010 0.0021 0.0011 0.0047 0.0033 0.0020 0.0042 0.0110 0.0017 0.0020 0.0078 0.0024 0.0080 0.0033 0.0040 0.0019 0.9352 
     CROC123  3 0.0010 0.0006 0.0020 0.0009 0.0008 0.0009 0.0016 0.0121 0.0038 0.0016 0.0028 0.0174 0.0015 0.0018 0.0052 0.0021 0.0037 0.0025 0.0042 0.0015 0.9320 
      CROC13  3 0.0007 0.0009 0.0015 0.0045 0.0018 0.0013 0.0013 0.0166 0.0033 0.0016 0.0029 0.0093 0.0016 0.0033 0.0065 0.0026 0.0060 0.0030 0.0106 0.0029 0.9179 
      CROC14  3 0.0007 0.0010 0.0029 0.0007 0.0302 0.0012 0.0013 0.0177 0.0081 0.0021 0.0099 0.0201 0.0019 0.0016 0.0479 0.0028 0.0035 0.0090 0.0065 0.0014 0.8293 
      CROC15  3 0.0008 0.0018 0.0018 0.0008 0.0033 0.0013 0.0578 0.0044 0.0102 0.0018 0.0054 0.0080 0.0024 0.0031 0.0091 0.0043 0.0256 0.0239 0.0104 0.0023 0.8215 
      CROC16  3 0.0007 0.0031 0.0013 0.0097 0.0016 0.0021 0.0037 0.0249 0.0052 0.0021 0.0045 0.0745 0.0057 0.0032 0.0116 0.0048 0.0130 0.0049 0.0222 0.0031 0.7981 
      CROC17  3 0.0206 0.0235 0.0096 0.0005 0.0009 0.0010 0.0011 0.0035 0.0030 0.0018 0.0021 0.0066 0.0015 0.0020 0.0051 0.0021 0.0034 0.0025 0.0041 0.0015 0.9034 
      CROC18  3 0.0014 0.0013 0.0024 0.0007 0.0010 0.0026 0.0013 0.0049 0.0035 0.0151 0.0037 0.0087 0.0018 0.0028 0.0055 0.0026 0.0176 0.0037 0.0162 0.0053 0.8978 
      CROC19  3 0.0008 0.0009 0.0039 0.0007 0.0016 0.0037 0.0018 0.0025 0.0041 0.0037 0.0051 0.0190 0.0028 0.0055 0.0489 0.0046 0.0052 0.0037 0.0046 0.0031 0.8736 
     CROC198  3 0.0010 0.0016 0.0016 0.0012 0.0017 0.0018 0.0012 0.0260 0.0032 0.0018 0.0027 0.0327 0.0022 0.0048 0.0070 0.0042 0.0035 0.0038 0.0041 0.0049 0.8891 
      CROC20  3 0.0006 0.0011 0.0016 0.0013 0.0015 0.0015 0.0022 0.0078 0.0114 0.0098 0.0042 0.0220 0.0036 0.0034 0.0120 0.0073 0.0076 0.0047 0.0079 0.0024 0.8861 
     CROC202  3 0.0008 0.0008 0.0018 0.0010 0.0020 0.0016 0.0018 0.0296 0.0035 0.0023 0.0036 0.0162 0.0020 0.0042 0.0079 0.0033 0.0052 0.0031 0.0162 0.0055 0.8878 
      CROC21  3 0.0011 0.0008 0.0026 0.0016 0.0014 0.0015 0.0012 0.0031 0.0034 0.0019 0.0165 0.0245 0.0017 0.0026 0.0052 0.0040 0.0069 0.0053 0.0051 0.0023 0.9071 
     CROC216  3 0.0015 0.0010 0.0039 0.0008 0.0013 0.0027 0.0051 0.0044 0.0037 0.0019 0.0037 0.0613 0.0023 0.0027 0.0110 0.0024 0.0342 0.0075 0.0071 0.0025 0.8389 
      CROC22  3 0.0014 0.0009 0.0027 0.0011 0.0014 0.0016 0.0014 0.0435 0.0315 0.0024 0.0079 0.0369 0.0017 0.0021 0.0068 0.0045 0.0055 0.0029 0.0059 0.0408 0.7971 
      CROC23  3 0.0026 0.0008 0.0091 0.0020 0.0012 0.0015 0.0015 0.0025 0.0054 0.0022 0.0087 0.1350 0.0037 0.0028 0.0076 0.0032 0.0051 0.0032 0.0054 0.0024 0.7940 
      CROC24  3 0.0008 0.0009 0.0023 0.0010 0.0012 0.0016 0.0017 0.0372 0.0049 0.0017 0.0028 0.0854 0.0024 0.0021 0.0101 0.0027 0.0062 0.0037 0.0098 0.0026 0.8188 
      CROC25  3 0.0011 0.0007 0.0018 0.0006 0.0013 0.0011 0.0016 0.0078 0.0029 0.0020 0.0025 0.0113 0.0020 0.0024 0.0066 0.0020 0.0047 0.0032 0.0036 0.0019 0.9391 
     CROC259  3 0.0019 0.0007 0.0103 0.0017 0.0096 0.0016 0.0013 0.0044 0.0065 0.0016 0.0023 0.0271 0.0025 0.0031 0.0151 0.0019 0.0054 0.0030 0.0056 0.0021 0.8923 
      CROC26  3 0.0014 0.0009 0.0723 0.0008 0.0017 0.0017 0.0019 0.0050 0.0037 0.0015 0.0024 0.0142 0.0032 0.0042 0.0059 0.0021 0.0052 0.0035 0.0051 0.0034 0.8600 
      CROC27  3 0.0050 0.0038 0.0087 0.0008 0.0013 0.0025 0.0032 0.0138 0.0097 0.0027 0.0026 0.0928 0.0039 0.0033 0.0108 0.0033 0.0048 0.0076 0.0051 0.0037 0.8105 
      CROC28  3 0.0010 0.0014 0.0141 0.0007 0.0014 0.0019 0.0019 0.1148 0.0038 0.0013 0.0029 0.1571 0.0040 0.0022 0.0086 0.0022 0.0040 0.0027 0.0040 0.0021 0.6679 
      CROC29  3 0.0009 0.0034 0.0020 0.0010 0.0011 0.0012 0.0032 0.0063 0.0039 0.0018 0.0027 0.0106 0.0024 0.0024 0.0092 0.0059 0.0039 0.0086 0.0048 0.0024 0.9222 
      CROC30  3 0.0011 0.0010 0.0030 0.0007 0.0013 0.0026 0.0022 0.0163 0.0089 0.0031 0.0033 0.0299 0.0042 0.0025 0.0718 0.0046 0.0646 0.0048 0.0057 0.0022 0.7659 
      CROC31  3 0.0023 0.0012 0.0056 0.0046 0.0016 0.0040 0.0024 0.0089 0.0043 0.0022 0.0059 0.1436 0.0224 0.0026 0.0096 0.0134 0.0053 0.0042 0.0052 0.0026 0.7480 
      CROC32  3 0.0008 0.0009 0.0017 0.0010 0.0014 0.0013 0.0011 0.0296 0.0028 0.0020 0.0030 0.0142 0.0019 0.0024 0.0098 0.0037 0.0066 0.0027 0.0039 0.0027 0.9067 
      CROC33  3 0.0008 0.0010 0.0033 0.0007 0.0008 0.0016 0.0026 0.0026 0.0096 0.0023 0.0029 0.0137 0.0032 0.0030 0.0429 0.0023 0.0038 0.0168 0.0058 0.0023 0.8782 
      CROC34  3 0.0010 0.0009 0.0019 0.0007 0.0016 0.0017 0.0014 0.0026 0.0035 0.0023 0.0022 0.0119 0.0042 0.0035 0.0075 0.0021 0.0092 0.0033 0.0046 0.0024 0.9316 
      CROC35  3 0.0010 0.0008 0.0036 0.0005 0.0011 0.0011 0.0009 0.0044 0.0116 0.0013 0.0021 0.0479 0.0017 0.0016 0.0578 0.0024 0.0034 0.0025 0.0034 0.0014 0.8494 
      CROC36  3 0.0013 0.0009 0.0015 0.0023 0.0017 0.0011 0.0020 0.0073 0.0033 0.0017 0.0033 0.0333 0.0022 0.0024 0.0073 0.0029 0.0056 0.0031 0.0046 0.0024 0.9098 
      CROC57  3 0.0007 0.0011 0.0012 0.0009 0.0024 0.0012 0.0016 0.0032 0.0033 0.0018 0.0025 0.0095 0.0024 0.0025 0.0068 0.0026 0.0045 0.0040 0.0043 0.0024 0.9411 
      CROC81  3 0.0011 0.0008 0.0017 0.0014 0.0014 0.0015 0.0020 0.0281 0.0042 0.0037 0.0027 0.0204 0.0065 0.0024 0.0121 0.0138 0.0132 0.0069 0.0223 0.0033 0.8506 
      CROC84  3 0.0006 0.0006 0.0025 0.0007 0.0010 0.0013 0.0027 0.0106 0.0026 0.0012 0.0021 0.0526 0.0031 0.0017 0.0046 0.0020 0.0031 0.0024 0.0114 0.0076 0.8857 
        FW01  3 0.0005 0.0007 0.0011 0.0007 0.0010 0.0011 0.0011 0.9505 0.0028 0.0017 0.0024 0.0054 0.0019 0.0022 0.0046 0.0023 0.0043 0.0029 0.0044 0.0021 0.0064 
        FW02  3 0.0006 0.0006 0.0009 0.0006 0.0009 0.0009 0.0010 0.0023 0.0022 0.0013 0.0021 0.9620 0.0014 0.0017 0.0040 0.0017 0.0032 0.0022 0.0030 0.0015 0.0061 
        FW03  3 0.0005 0.0006 0.0010 0.0005 0.0009 0.0008 0.0011 0.9587 0.0022 0.0013 0.0019 0.0052 0.0015 0.0018 0.0042 0.0018 0.0033 0.0023 0.0035 0.0016 0.0052 
        FW04  3 0.0006 0.0006 0.0010 0.0005 0.0009 0.0009 0.0010 0.0022 0.0022 0.0013 0.0020 0.9619 0.0014 0.0017 0.0040 0.0018 0.0032 0.0022 0.0030 0.0016 0.0061 
        FW05  3 0.0006 0.0006 0.0009 0.0005 0.0009 0.0009 0.0010 0.0022 0.0022 0.0012 0.0020 0.9620 0.0014 0.0017 0.0040 0.0018 0.0032 0.0022 0.0029 0.0015 0.0061 
        FW06  3 0.0006 0.0006 0.0010 0.0005 0.0009 0.0009 0.0010 0.0023 0.0022 0.0013 0.0020 0.9616 0.0014 0.0018 0.0040 0.0018 0.0032 0.0022 0.0029 0.0015 0.0063 
        FW07  3 0.0005 0.0006 0.0010 0.0006 0.0009 0.0008 0.0011 0.9587 0.0021 0.0013 0.0019 0.0052 0.0015 0.0018 0.0042 0.0019 0.0033 0.0023 0.0034 0.0015 0.0052 
        FW08  3 0.0006 0.0006 0.0010 0.0006 0.0009 0.0008 0.0009 0.0022 0.0022 0.0013 0.0021 0.9619 0.0014 0.0018 0.0040 0.0017 0.0032 0.0022 0.0029 0.0016 0.0062 
        FW09  3 0.0006 0.0006 0.0009 0.0005 0.0009 0.0009 0.0010 0.0022 0.0022 0.0013 0.0020 0.9621 0.0014 0.0018 0.0040 0.0018 0.0032 0.0022 0.0029 0.0015 0.0060 
        FW10  3 0.0005 0.0006 0.0010 0.0006 0.0009 0.0009 0.0011 0.9585 0.0021 0.0013 0.0019 0.0051 0.0016 0.0018 0.0041 0.0019 0.0034 0.0024 0.0035 0.0016 0.0052 
       FW100  3 0.0006 0.0006 0.0010 0.0006 0.0009 0.0009 0.0011 0.9576 0.0021 0.0013 0.0020 0.0059 0.0016 0.0018 0.0040 0.0019 0.0034 0.0024 0.0034 0.0016 0.0054 
       FW101  3 0.0005 0.0006 0.0010 0.0006 0.0009 0.0009 0.0011 0.9585 0.0022 0.0013 0.0019 0.0052 0.0016 0.0018 0.0042 0.0019 0.0033 0.0024 0.0035 0.0016 0.0052 
       FW102  3 0.0006 0.0006 0.0009 0.0005 0.0009 0.0009 0.0010 0.0022 0.0022 0.0013 0.0020 0.9619 0.0014 0.0018 0.0040 0.0018 0.0032 0.0023 0.0030 0.0015 0.0061 
       FW103  3 0.0006 0.0006 0.0009 0.0005 0.0009 0.0008 0.0010 0.0023 0.0022 0.0013 0.0020 0.9620 0.0014 0.0018 0.0040 0.0017 0.0032 0.0022 0.0029 0.0015 0.0061 
       FW104  3 0.0006 0.0007 0.0011 0.0007 0.0011 0.0010 0.0011 0.9509 0.0028 0.0017 0.0025 0.0054 0.0018 0.0022 0.0045 0.0023 0.0042 0.0028 0.0043 0.0021 0.0062 
       FW105  3 0.0005 0.0006 0.0010 0.0006 0.0008 0.0009 0.0011 0.9584 0.0022 0.0013 0.0020 0.0052 0.0016 0.0018 0.0041 0.0019 0.0033 0.0024 0.0035 0.0015 0.0052 
       FW106  3 0.0013 0.0006 0.0031 0.0014 0.0013 0.0026 0.0063 0.0087 0.0524 0.0491 0.0047 0.1303 0.0054 0.0045 0.0081 0.0058 0.0064 0.0034 0.0078 0.0028 0.6938 
       FW107  3 0.0006 0.0007 0.0011 0.0007 0.0010 0.0010 0.0011 0.9508 0.0029 0.0016 0.0024 0.0054 0.0018 0.0022 0.0046 0.0023 0.0043 0.0029 0.0044 0.0021 0.0063 
       FW108  3 0.0006 0.0006 0.0010 0.0005 0.0009 0.0009 0.0010 0.0023 0.0022 0.0013 0.0020 0.9615 0.0014 0.0017 0.0041 0.0018 0.0033 0.0022 0.0030 0.0015 0.0064 
       FW109  3 0.0005 0.0006 0.0010 0.0006 0.0009 0.0009 0.0011 0.9585 0.0022 0.0013 0.0020 0.0052 0.0016 0.0018 0.0041 0.0019 0.0034 0.0024 0.0035 0.0015 0.0052 
        FW11  3 0.0005 0.0006 0.0010 0.0006 0.0009 0.0009 0.0011 0.9576 0.0021 0.0013 0.0019 0.0059 0.0016 0.0018 0.0040 0.0019 0.0034 0.0024 0.0035 0.0015 0.0054 
       FW110  3 0.0005 0.0006 0.0010 0.0006 0.0008 0.0009 0.0011 0.9586 0.0022 0.0013 0.0019 0.0052 0.0015 0.0018 0.0042 0.0018 0.0033 0.0023 0.0034 0.0016 0.0052 
       FW111  3 0.0006 0.0006 0.0009 0.0005 0.0009 0.0009 0.0010 0.0023 0.0022 0.0013 0.0020 0.9617 0.0014 0.0017 0.0040 0.0018 0.0033 0.0022 0.0029 0.0015 0.0062 
       FW112  3 0.0005 0.0006 0.0010 0.0006 0.0008 0.0009 0.0011 0.9577 0.0022 0.0013 0.0020 0.0059 0.0016 0.0018 0.0041 0.0019 0.0033 0.0023 0.0035 0.0015 0.0054 
       FW113  3 0.0006 0.0006 0.0009 0.0005 0.0009 0.0009 0.0010 0.0023 0.0022 0.0013 0.0020 0.9619 0.0014 0.0018 0.0040 0.0018 0.0032 0.0023 0.0029 0.0015 0.0061 
       FW114  3 0.0011 0.0009 0.0020 0.0006 0.0008 0.0014 0.0014 0.9494 0.0032 0.0014 0.0023 0.0055 0.0017 0.0018 0.0061 0.0026 0.0038 0.0024 0.0036 0.0018 0.0061 
       FW115  3 0.0005 0.0006 0.0010 0.0006 0.0008 0.0009 0.0011 0.9586 0.0022 0.0013 0.0020 0.0051 0.0016 0.0018 0.0041 0.0019 0.0033 0.0024 0.0035 0.0016 0.0052 
       FW116  3 0.0006 0.0006 0.0009 0.0005 0.0009 0.0008 0.0010 0.0023 0.0021 0.0013 0.0020 0.9620 0.0014 0.0017 0.0040 0.0017 0.0032 0.0022 0.0030 0.0016 0.0061 
        FW12  3 0.0006 0.0006 0.0009 0.0005 0.0009 0.0008 0.0010 0.0022 0.0022 0.0013 0.0020 0.9619 0.0014 0.0017 0.0040 0.0018 0.0032 0.0022 0.0029 0.0016 0.0061 
        FW13  3 0.0006 0.0006 0.0010 0.0006 0.0009 0.0009 0.0010 0.0022 0.0022 0.0013 0.0020 0.9617 0.0014 0.0018 0.0040 0.0018 0.0032 0.0022 0.0029 0.0015 0.0064 
        FW14  3 0.0005 0.0006 0.0011 0.0007 0.0010 0.0010 0.0011 0.9508 0.0029 0.0016 0.0024 0.0054 0.0018 0.0022 0.0045 0.0023 0.0043 0.0029 0.0044 0.0021 0.0062 
        FW15  3 0.0005 0.0007 0.0011 0.0007 0.0010 0.0010 0.0011 0.9509 0.0029 0.0016 0.0024 0.0054 0.0018 0.0023 0.0045 0.0023 0.0042 0.0029 0.0044 0.0021 0.0063 
        FW16  3 0.0005 0.0006 0.0010 0.0006 0.0008 0.0009 0.0011 0.9585 0.0022 0.0013 0.0020 0.0052 0.0016 0.0018 0.0041 0.0019 0.0033 0.0024 0.0035 0.0015 0.0052 
        FW17  3 0.0005 0.0006 0.0010 0.0006 0.0008 0.0009 0.0012 0.9586 0.0021 0.0013 0.0020 0.0052 0.0016 0.0018 0.0041 0.0019 0.0033 0.0024 0.0035 0.0016 0.0052 
        FW18  3 0.0005 0.0006 0.0010 0.0006 0.0008 0.0009 0.0011 0.9577 0.0021 0.0013 0.0019 0.0059 0.0016 0.0018 0.0041 0.0019 0.0033 0.0024 0.0035 0.0016 0.0054 
        FW19  3 0.0006 0.0006 0.0009 0.0005 0.0009 0.0008 0.0010 0.0023 0.0022 0.0013 0.0021 0.9619 0.0014 0.0018 0.0040 0.0017 0.0033 0.0022 0.0029 0.0016 0.0061 
        FW20  3 0.0006 0.0006 0.0009 0.0005 0.0009 0.0009 0.0010 0.0023 0.0022 0.0013 0.0021 0.9619 0.0014 0.0017 0.0040 0.0017 0.0032 0.0023 0.0029 0.0015 0.0061 
        FW21  3 0.0006 0.0006 0.0009 0.0005 0.0009 0.0008 0.0010 0.0022 0.0022 0.0013 0.0020 0.9621 0.0014 0.0017 0.0039 0.0017 0.0033 0.0022 0.0030 0.0015 0.0061 
        FW22  3 0.0005 0.0006 0.0010 0.0006 0.0008 0.0009 0.0011 0.9576 0.0022 0.0013 0.0020 0.0059 0.0016 0.0018 0.0041 0.0019 0.0034 0.0024 0.0035 0.0016 0.0054 
        FW23  3 0.0006 0.0006 0.0009 0.0005 0.0009 0.0008 0.0009 0.0022 0.0022 0.0013 0.0021 0.9619 0.0014 0.0018 0.0040 0.0017 0.0032 0.0022 0.0029 0.0015 0.0062 
        FW24  3 0.0006 0.0006 0.0009 0.0005 0.0009 0.0008 0.0010 0.0022 0.0022 0.0013 0.0020 0.9620 0.0014 0.0017 0.0040 0.0017 0.0033 0.0022 0.0029 0.0015 0.0061 
        FW25  3 0.0006 0.0006 0.0009 0.0006 0.0009 0.0009 0.0010 0.0023 0.0022 0.0013 0.0020 0.9619 0.0014 0.0018 0.0040 0.0017 0.0033 0.0022 0.0029 0.0015 0.0061 
        FW26  3 0.0006 0.0006 0.0009 0.0005 0.0009 0.0009 0.0010 0.0022 0.0022 0.0013 0.0020 0.9621 0.0014 0.0018 0.0040 0.0017 0.0032 0.0022 0.0029 0.0015 0.0061 
        FW27  3 0.0005 0.0006 0.0010 0.0006 0.0009 0.0009 0.0012 0.9585 0.0021 0.0013 0.0020 0.0052 0.0016 0.0018 0.0040 0.0019 0.0034 0.0024 0.0035 0.0015 0.0052 
        FW28  3 0.0006 0.0006 0.0010 0.0005 0.0009 0.0008 0.0010 0.0022 0.0022 0.0013 0.0021 0.9616 0.0014 0.0017 0.0040 0.0018 0.0032 0.0022 0.0029 0.0015 0.0065 
        FW29  3 0.0006 0.0006 0.0009 0.0005 0.0009 0.0008 0.0010 0.0023 0.0022 0.0013 0.0020 0.9620 0.0014 0.0018 0.0039 0.0018 0.0032 0.0022 0.0029 0.0015 0.0060 
        FW30  3 0.0013 0.0007 0.0031 0.0014 0.0013 0.0027 0.0063 0.0086 0.0515 0.0497 0.0046 0.1305 0.0054 0.0045 0.0080 0.0058 0.0065 0.0035 0.0081 0.0030 0.6936 
        FW32  3 0.0005 0.0007 0.0011 0.0007 0.0011 0.0010 0.0011 0.9508 0.0029 0.0016 0.0025 0.0054 0.0018 0.0022 0.0045 0.0024 0.0042 0.0029 0.0044 0.0021 0.0063 
        FW33  3 0.0039 0.0006 0.0013 0.0007 0.0009 0.0009 0.0010 0.0022 0.0029 0.0013 0.0082 0.9402 0.0014 0.0017 0.0046 0.0018 0.0033 0.0023 0.0029 0.0015 0.0165 
        FW34  3 0.0006 0.0006 0.0009 0.0005 0.0009 0.0008 0.0010 0.0022 0.0022 0.0013 0.0020 0.9620 0.0014 0.0017 0.0040 0.0017 0.0032 0.0022 0.0029 0.0015 0.0061 
        FW35  3 0.0006 0.0006 0.0009 0.0005 0.0009 0.0008 0.0010 0.0022 0.0022 0.0013 0.0021 0.9620 0.0014 0.0017 0.0040 0.0018 0.0032 0.0022 0.0029 0.0015 0.0062 
        FW36  3 0.0006 0.0006 0.0009 0.0005 0.0009 0.0008 0.0010 0.0022 0.0022 0.0013 0.0020 0.9621 0.0014 0.0017 0.0040 0.0018 0.0033 0.0022 0.0029 0.0015 0.0060 
        FW37  3 0.0005 0.0006 0.0010 0.0006 0.0008 0.0009 0.0011 0.9586 0.0022 0.0013 0.0020 0.0051 0.0016 0.0018 0.0040 0.0019 0.0034 0.0024 0.0035 0.0016 0.0051 
        FW51  3 0.0006 0.0006 0.0009 0.0005 0.0009 0.0008 0.0010 0.0023 0.0022 0.0013 0.0020 0.9619 0.0014 0.0017 0.0040 0.0017 0.0033 0.0022 0.0029 0.0015 0.0061 
        FW52  3 0.0006 0.0006 0.0010 0.0006 0.0009 0.0008 0.0011 0.9585 0.0022 0.0013 0.0020 0.0051 0.0016 0.0018 0.0041 0.0019 0.0034 0.0024 0.0035 0.0016 0.0052 
        FW53  3 0.0006 0.0006 0.0009 0.0005 0.0009 0.0009 0.0010 0.0022 0.0022 0.0013 0.0020 0.9619 0.0014 0.0017 0.0040 0.0017 0.0032 0.0023 0.0029 0.0015 0.0061 
        FW54  3 0.0005 0.0006 0.0010 0.0006 0.0009 0.0009 0.0011 0.9586 0.0021 0.0013 0.0019 0.0052 0.0015 0.0018 0.0042 0.0019 0.0033 0.0023 0.0035 0.0016 0.0052 
        FW55  3 0.0006 0.0006 0.0010 0.0005 0.0009 0.0009 0.0010 0.0023 0.0022 0.0012 0.0020 0.9619 0.0014 0.0017 0.0040 0.0018 0.0033 0.0023 0.0029 0.0015 0.0061 
        FW56  3 0.0006 0.0006 0.0009 0.0005 0.0009 0.0008 0.0010 0.0023 0.0022 0.0013 0.0020 0.9620 0.0014 0.0017 0.0040 0.0018 0.0032 0.0022 0.0029 0.0015 0.0061 
        FW57  3 0.0006 0.0006 0.0009 0.0005 0.0009 0.0009 0.0010 0.0022 0.0022 0.0013 0.0020 0.9619 0.0014 0.0017 0.0040 0.0017 0.0032 0.0022 0.0029 0.0015 0.0062 
        FW78  3 0.0006 0.0006 0.0009 0.0005 0.0009 0.0009 0.0010 0.0022 0.0022 0.0013 0.0020 0.9620 0.0014 0.0017 0.0040 0.0017 0.0032 0.0023 0.0030 0.0015 0.0061 
        FW79  3 0.0006 0.0006 0.0010 0.0005 0.0009 0.0009 0.0010 0.0022 0.0022 0.0013 0.0020 0.9617 0.0014 0.0017 0.0040 0.0018 0.0032 0.0022 0.0029 0.0015 0.0064 
        FW80  3 0.0006 0.0006 0.0009 0.0006 0.0009 0.0008 0.0010 0.0022 0.0022 0.0013 0.0020 0.9619 0.0014 0.0017 0.0040 0.0018 0.0032 0.0022 0.0029 0.0015 0.0061 
        FW81  3 0.0005 0.0006 0.0010 0.0006 0.0008 0.0009 0.0011 0.9589 0.0021 0.0013 0.0019 0.0051 0.0015 0.0018 0.0042 0.0018 0.0034 0.0023 0.0035 0.0016 0.0051 
        FW82  3 0.0005 0.0006 0.0010 0.0006 0.0009 0.0009 0.0011 0.9585 0.0022 0.0014 0.0020 0.0052 0.0016 0.0018 0.0041 0.0019 0.0034 0.0024 0.0035 0.0016 0.0052 
        FW83  3 0.0006 0.0007 0.0010 0.0007 0.0010 0.0010 0.0011 0.9507 0.0028 0.0016 0.0025 0.0054 0.0019 0.0022 0.0045 0.0023 0.0043 0.0028 0.0044 0.0021 0.0063 
        FW84  3 0.0006 0.0006 0.0009 0.0005 0.0009 0.0009 0.0010 0.0022 0.0022 0.0013 0.0020 0.9620 0.0014 0.0018 0.0040 0.0018 0.0032 0.0022 0.0029 0.0015 0.0061 
        FW85  3 0.0006 0.0007 0.0022 0.0006 0.0008 0.0031 0.0135 0.9198 0.0022 0.0013 0.0034 0.0063 0.0016 0.0018 0.0169 0.0023 0.0034 0.0024 0.0103 0.0016 0.0053 
        FW86  3 0.0005 0.0006 0.0010 0.0006 0.0009 0.0009 0.0011 0.9576 0.0021 0.0013 0.0020 0.0059 0.0015 0.0018 0.0040 0.0019 0.0034 0.0024 0.0035 0.0016 0.0054 
        FW87  3 0.0005 0.0006 0.0010 0.0006 0.0008 0.0009 0.0011 0.9577 0.0021 0.0013 0.0020 0.0059 0.0016 0.0018 0.0041 0.0019 0.0034 0.0024 0.0035 0.0016 0.0053 
        FW88  3 0.0006 0.0006 0.0009 0.0005 0.0009 0.0009 0.0010 0.0022 0.0022 0.0013 0.0020 0.9619 0.0014 0.0018 0.0040 0.0018 0.0032 0.0023 0.0029 0.0015 0.0061 
        FW89  3 0.0006 0.0006 0.0009 0.0006 0.0009 0.0008 0.0010 0.0022 0.0022 0.0013 0.0020 0.9620 0.0014 0.0017 0.0040 0.0018 0.0032 0.0022 0.0029 0.0015 0.0061 
        FW90  3 0.0006 0.0006 0.0009 0.0005 0.0009 0.0008 0.0010 0.0023 0.0022 0.0013 0.0021 0.9620 0.0014 0.0017 0.0040 0.0017 0.0033 0.0022 0.0029 0.0016 0.0062 
        FW91  3 0.0006 0.0006 0.0010 0.0006 0.0009 0.0009 0.0011 0.9585 0.0021 0.0013 0.0020 0.0052 0.0016 0.0018 0.0041 0.0018 0.0033 0.0024 0.0035 0.0016 0.0052 
        FW92  3 0.0006 0.0006 0.0009 0.0005 0.0009 0.0008 0.0010 0.0022 0.0022 0.0013 0.0020 0.9619 0.0014 0.0018 0.0040 0.0018 0.0032 0.0022 0.0030 0.0015 0.0061 
        FW93  3 0.0006 0.0006 0.0009 0.0005 0.0009 0.0008 0.0010 0.0023 0.0022 0.0013 0.0020 0.9620 0.0014 0.0017 0.0040 0.0017 0.0032 0.0023 0.0029 0.0015 0.0062 
        FW94  3 0.0006 0.0006 0.0010 0.0006 0.0009 0.0009 0.0011 0.9588 0.0022 0.0013 0.0020 0.0051 0.0016 0.0018 0.0041 0.0019 0.0033 0.0024 0.0034 0.0016 0.0051 
        FW95  3 0.0006 0.0006 0.0010 0.0005 0.0009 0.0008 0.0010 0.0023 0.0022 0.0013 0.0020 0.9618 0.0014 0.0017 0.0040 0.0018 0.0032 0.0023 0.0029 0.0015 0.0063 
        FW96  3 0.0006 0.0006 0.0009 0.0005 0.0009 0.0009 0.0010 0.0022 0.0022 0.0013 0.0020 0.9619 0.0014 0.0017 0.0040 0.0018 0.0033 0.0022 0.0030 0.0015 0.0060 
        FW97  3 0.0011 0.0013 0.0021 0.0009 0.0036 0.0064 0.0019 0.0239 0.0068 0.0031 0.0023 0.0953 0.0043 0.0075 0.0105 0.0044 0.0672 0.0057 0.0067 0.0072 0.7379 
        FW98  3 0.0005 0.0006 0.0010 0.0005 0.0008 0.0009 0.0011 0.9586 0.0022 0.0013 0.0019 0.0052 0.0015 0.0018 0.0042 0.0019 0.0033 0.0023 0.0035 0.0015 0.0052 
        FW99  3 0.0006 0.0006 0.0010 0.0006 0.0009 0.0009 0.0010 0.0022 0.0022 0.0013 0.0020 0.9619 0.0014 0.0018 0.0040 0.0018 0.0033 0.0022 0.0029 0.0015 0.0061 
       Cal01  3 0.0008 0.0024 0.0021 0.0009 0.0014 0.0039 0.0020 0.0031 0.0082 0.0014 0.0021 0.2612 0.0054 0.0026 0.0069 0.0033 0.0043 0.0058 0.0050 0.0045 0.6725 
       Cal02  3 0.0013 0.0006 0.0021 0.0009 0.0013 0.0018 0.0017 0.0065 0.0043 0.0038 0.0048 0.0163 0.0024 0.0026 0.0069 0.0040 0.0056 0.0028 0.0057 0.0027 0.9218 
       Cal03  3 0.0006 0.0007 0.0017 0.0014 0.0008 0.0014 0.0030 0.1029 0.0037 0.0021 0.0031 0.0916 0.0045 0.0021 0.0105 0.0023 0.0061 0.0034 0.0057 0.0019 0.7506 
       Cal04  3 0.0007 0.0007 0.0031 0.0009 0.0013 0.0099 0.0023 0.0052 0.0036 0.0028 0.0063 0.0054 0.0024 0.0139 0.0236 0.0052 0.0090 0.0035 0.0063 0.0029 0.8911 
       Cal05  3 0.0039 0.0006 0.0021 0.0005 0.0008 0.0011 0.0013 0.0126 0.0024 0.0014 0.0020 0.0282 0.0016 0.0023 0.0051 0.0017 0.0042 0.0023 0.0041 0.0017 0.9204 
       Cal06  3 0.0011 0.0010 0.0050 0.0010 0.0020 0.0015 0.0016 0.0028 0.0048 0.0024 0.0053 0.0206 0.0029 0.0020 0.0446 0.0033 0.0066 0.0033 0.0045 0.0021 0.8816 
       Cal07  3 0.0032 0.0007 0.0054 0.0005 0.0010 0.0010 0.0013 0.0038 0.0031 0.0015 0.0023 0.0683 0.0015 0.0017 0.0065 0.0023 0.0066 0.0026 0.0032 0.0017 0.8818 
       Cal08  3 0.0014 0.0012 0.0021 0.0010 0.0026 0.0023 0.0028 0.0214 0.0085 0.0020 0.0035 0.0736 0.0034 0.0057 0.0370 0.0028 0.0052 0.0039 0.0062 0.0051 0.8083 
       Cal09  3 0.0089 0.0072 0.0099 0.0011 0.0012 0.0073 0.0010 0.0066 0.0030 0.0023 0.0028 0.0667 0.0015 0.0032 0.0059 0.0039 0.0046 0.0034 0.0054 0.0028 0.8512 
       Cal10  3 0.0007 0.0010 0.0025 0.0009 0.0010 0.0026 0.0027 0.0075 0.0082 0.0020 0.0030 0.0085 0.0022 0.0033 0.0156 0.0040 0.0060 0.0061 0.0056 0.0027 0.9138 
       Cal11  3 0.0013 0.0011 0.0039 0.0011 0.0196 0.0016 0.0015 0.0261 0.0047 0.0029 0.0043 0.0593 0.0032 0.0051 0.0116 0.0073 0.0106 0.0038 0.0045 0.0049 0.8216 
      Cal197  3 0.0009 0.0010 0.0028 0.0007 0.0009 0.0011 0.0010 0.0032 0.0056 0.0021 0.0061 0.3341 0.0015 0.0015 0.0306 0.0026 0.0058 0.0054 0.0032 0.0014 0.5886 
