        TC01  1 0.0095 0.0029 0.0025 0.0034 0.0035 0.9752 0.0016 0.0014 
        TC02  1 0.0018 0.0035 0.0033 0.0021 0.0013 0.9842 0.0018 0.0020 
        TC03  1 0.0014 0.0023 0.0031 0.0023 0.0017 0.9859 0.0014 0.0020 
        TC04  1 0.0017 0.0317 0.0855 0.0099 0.0188 0.8471 0.0025 0.0028 
        TC05  1 0.0008 0.0079 0.0031 0.0018 0.0008 0.9827 0.0009 0.0020 
        TC06  1 0.0010 0.0040 0.0863 0.0025 0.0022 0.8981 0.0038 0.0020 
        TC07  1 0.0015 0.0028 0.0056 0.0064 0.0010 0.9796 0.0007 0.0023 
        TC08  1 0.0011 0.0024 0.0037 0.0013 0.0007 0.9860 0.0019 0.0029 
        TC09  1 0.0007 0.0022 0.0082 0.0022 0.0009 0.8138 0.1707 0.0013 
        TC10  1 0.0047 0.0022 0.0079 0.0210 0.0008 0.9500 0.0120 0.0015 
        TC11  1 0.0020 0.0013 0.0015 0.0010 0.0010 0.9903 0.0012 0.0017 
        TC12  1 0.0103 0.0042 0.0161 0.0093 0.0046 0.9490 0.0013 0.0052 
        TC13  1 0.0011 0.0016 0.0028 0.0010 0.0008 0.9883 0.0030 0.0015 
        TC14  1 0.0025 0.0042 0.0847 0.0020 0.0037 0.8895 0.0077 0.0057 
        TC15  1 0.0012 0.0047 0.0357 0.0037 0.0019 0.9350 0.0149 0.0029 
        TC16  1 0.0012 0.0037 0.0121 0.0031 0.0017 0.7895 0.1846 0.0041 
        TC17  1 0.0062 0.0318 0.0673 0.0106 0.0037 0.8542 0.0160 0.0101 
        TC18  1 0.0069 0.0079 0.0035 0.0035 0.0254 0.9444 0.0019 0.0066 
        TC19  1 0.0012 0.0014 0.0023 0.0010 0.0008 0.9682 0.0234 0.0018 
        TC20  1 0.0011 0.0017 0.0031 0.0011 0.0027 0.9839 0.0043 0.0021 
        TC21  1 0.0042 0.0565 0.0046 0.0066 0.0209 0.8487 0.0023 0.0563 
        TC22  1 0.0048 0.0062 0.0040 0.0027 0.0013 0.9754 0.0019 0.0037 
        TC23  1 0.0017 0.0016 0.0035 0.0022 0.0012 0.9866 0.0013 0.0018 
        TC24  1 0.0007 0.0012 0.0018 0.0010 0.0006 0.9912 0.0017 0.0019 
        TC25  1 0.0052 0.0032 0.0424 0.0047 0.0281 0.9043 0.0058 0.0062 
        TC26  1 0.0008 0.0025 0.0076 0.0026 0.0009 0.9768 0.0070 0.0018 
        TC27  1 0.0046 0.0036 0.0071 0.0018 0.0011 0.9781 0.0011 0.0025 
        TC28  1 0.0015 0.0041 0.0246 0.0054 0.0027 0.9557 0.0015 0.0045 
        TC29  1 0.0015 0.0079 0.0467 0.0023 0.0034 0.9341 0.0014 0.0027 
        TC30  1 0.0012 0.0018 0.0047 0.0013 0.0008 0.9841 0.0041 0.0020 
        TC31  1 0.0072 0.0031 0.0019 0.0018 0.0079 0.9700 0.0022 0.0059 
        TC32  1 0.0012 0.0048 0.0906 0.0039 0.0014 0.8677 0.0050 0.0255 
        TC33  1 0.0024 0.0022 0.0029 0.0019 0.0012 0.9850 0.0013 0.0032 
        TC34  1 0.0029 0.0028 0.0452 0.0041 0.0010 0.9326 0.0055 0.0059 
        TC35  1 0.0246 0.0024 0.0132 0.0024 0.0029 0.9465 0.0034 0.0046 
        TC36  1 0.0014 0.0027 0.0035 0.0025 0.0010 0.9849 0.0022 0.0019 
        TC37  1 0.0012 0.0021 0.0015 0.0017 0.0012 0.9876 0.0011 0.0036 
        TC38  1 0.0014 0.0043 0.0296 0.0025 0.0201 0.9052 0.0351 0.0019 
        TC39  1 0.0009 0.0028 0.0876 0.0026 0.0021 0.8900 0.0121 0.0018 
        TC40  1 0.0014 0.0029 0.0256 0.0031 0.0015 0.9523 0.0027 0.0105 
        TC41  1 0.0010 0.0016 0.0020 0.0049 0.0010 0.9851 0.0012 0.0032 
        TC42  1 0.0010 0.0018 0.0070 0.0013 0.0007 0.9856 0.0015 0.0013 
        TC43  1 0.0011 0.0017 0.0073 0.0015 0.0014 0.9836 0.0011 0.0024 
        TC44  1 0.0035 0.0024 0.0120 0.0026 0.0010 0.9509 0.0259 0.0017 
        TC45  1 0.0008 0.0025 0.0016 0.0016 0.0048 0.9856 0.0019 0.0012 
        TC46  1 0.0017 0.0036 0.0022 0.0038 0.0033 0.9802 0.0020 0.0032 
        TC47  1 0.0028 0.0018 0.0052 0.0020 0.0012 0.9761 0.0085 0.0024 
        TC48  1 0.0020 0.0095 0.0057 0.0037 0.0055 0.9495 0.0020 0.0219 
        TC49  1 0.0016 0.0038 0.0024 0.0012 0.0011 0.9853 0.0012 0.0035 
        TC50  1 0.0026 0.0033 0.0022 0.0027 0.0021 0.9807 0.0019 0.0044 
        TC51  1 0.0028 0.0033 0.0128 0.0022 0.0015 0.9695 0.0056 0.0023 
        TC52  1 0.0007 0.0017 0.0034 0.0159 0.0041 0.9703 0.0021 0.0018 
        TC53  1 0.0013 0.0035 0.0081 0.0026 0.0006 0.9803 0.0018 0.0017 
        TC54  1 0.0020 0.0048 0.0087 0.0046 0.0018 0.9665 0.0023 0.0092 
        TC55  1 0.0016 0.0050 0.0129 0.0069 0.0024 0.9615 0.0047 0.0050 
        TC56  1 0.0028 0.0040 0.0162 0.0019 0.0076 0.9547 0.0010 0.0118 
        TC57  1 0.0034 0.0051 0.0025 0.0026 0.0012 0.9776 0.0028 0.0048 
        TC58  1 0.0042 0.0023 0.0027 0.0029 0.0011 0.9813 0.0041 0.0015 
        TC59  1 0.0013 0.0015 0.0024 0.0014 0.0006 0.9899 0.0012 0.0016 
        TA01  2 0.0014 0.0021 0.0067 0.0017 0.0008 0.9773 0.0083 0.0017 
        TA02  2 0.0008 0.0021 0.0031 0.0024 0.0010 0.9853 0.0014 0.0040 
        TA03  2 0.0027 0.0026 0.0057 0.0019 0.0010 0.9782 0.0045 0.0035 
        TA04  2 0.0013 0.0016 0.3853 0.0021 0.0008 0.5522 0.0546 0.0021 
        TA05  2 0.0013 0.0024 0.0022 0.0014 0.0013 0.9869 0.0023 0.0022 
        TA06  2 0.0013 0.0011 0.0056 0.0016 0.0007 0.9830 0.0051 0.0016 
        TA07  2 0.0020 0.0045 0.0135 0.0022 0.0010 0.9689 0.0051 0.0027 
        TA08  2 0.0034 0.0014 0.0162 0.0010 0.0016 0.9711 0.0033 0.0020 
        TA09  2 0.0009 0.0014 0.0054 0.0016 0.0006 0.9855 0.0030 0.0016 
        TA10  2 0.0299 0.0052 0.0050 0.0022 0.0010 0.9518 0.0030 0.0020 
        TA11  2 0.0184 0.0037 0.0050 0.0024 0.0029 0.9015 0.0624 0.0037 
        TA12  2 0.0079 0.0227 0.0025 0.0019 0.0008 0.9602 0.0015 0.0024 
        TA13  2 0.0070 0.0886 0.0227 0.0032 0.0012 0.8648 0.0083 0.0042 
        TA14  2 0.0007 0.0017 0.0084 0.0013 0.0006 0.9825 0.0025 0.0024 
        TA15  2 0.0010 0.0023 0.0091 0.0011 0.0006 0.9827 0.0011 0.0020 
        TA16  2 0.0121 0.0058 0.0166 0.0015 0.0008 0.9515 0.0101 0.0016 
        TA17  2 0.0021 0.0031 0.0041 0.0021 0.0008 0.9832 0.0013 0.0033 
        TA18  2 0.0027 0.0017 0.0024 0.0171 0.0007 0.9621 0.0014 0.0120 
        TA19  2 0.0431 0.0061 0.0095 0.0026 0.0009 0.9107 0.0232 0.0038 
        TA20  2 0.0012 0.0041 0.0034 0.0019 0.0013 0.9739 0.0015 0.0129 
        TA21  2 0.0015 0.0039 0.0127 0.0017 0.0013 0.9540 0.0209 0.0039 
        TA22  2 0.0008 0.0016 0.0161 0.0016 0.0008 0.9733 0.0010 0.0048 
        TA23  2 0.0010 0.0015 0.0247 0.0010 0.0007 0.9674 0.0017 0.0021 
        TA24  2 0.0018 0.0048 0.0028 0.0022 0.0009 0.9836 0.0018 0.0020 
        TA25  2 0.1381 0.0053 0.0041 0.0018 0.0008 0.8465 0.0018 0.0016 
        TA26  2 0.0028 0.0029 0.0139 0.0011 0.0030 0.9046 0.0688 0.0029 
        TA27  2 0.0016 0.0053 0.0033 0.0020 0.0007 0.9823 0.0023 0.0023 
        TA28  2 0.0009 0.0043 0.0043 0.0112 0.0056 0.9572 0.0036 0.0128 
        TA29  2 0.0022 0.0021 0.0147 0.0015 0.0008 0.9751 0.0016 0.0019 
        TA30  2 0.0024 0.0036 0.0064 0.0013 0.0015 0.7063 0.2743 0.0042 
      BERM01  3 0.0009 0.0014 0.9185 0.0009 0.0006 0.0014 0.0746 0.0018 
      BERM02  3 0.0007 0.0013 0.9883 0.0009 0.0007 0.0020 0.0042 0.0019 
      BERM03  3 0.0010 0.0017 0.9912 0.0011 0.0007 0.0012 0.0016 0.0015 
      BERM04  3 0.0013 0.0012 0.9877 0.0010 0.0009 0.0010 0.0057 0.0013 
      BERM05  3 0.0012 0.0016 0.9892 0.0019 0.0010 0.0010 0.0025 0.0016 
      BERM06  3 0.0008 0.0013 0.9741 0.0015 0.0009 0.0013 0.0187 0.0013 
      BERM07  3 0.0018 0.0015 0.9843 0.0010 0.0008 0.0018 0.0073 0.0016 
      BERM08  3 0.0008 0.0011 0.9916 0.0007 0.0009 0.0015 0.0024 0.0011 
      BERM09  3 0.0009 0.0011 0.9725 0.0011 0.0005 0.0031 0.0191 0.0016 
      BERM10  3 0.0016 0.0027 0.9637 0.0016 0.0014 0.0025 0.0251 0.0015 
      BERM11  3 0.0009 0.0011 0.9911 0.0008 0.0009 0.0014 0.0022 0.0016 
      BERM12  3 0.0071 0.0011 0.9649 0.0045 0.0158 0.0038 0.0014 0.0014 
      BERM13  3 0.0013 0.0015 0.9901 0.0014 0.0007 0.0013 0.0021 0.0015 
      BERM14  3 0.0011 0.0013 0.9793 0.0013 0.0007 0.0022 0.0129 0.0012 
      CROC01  3 0.0031 0.0039 0.9703 0.0075 0.0011 0.0017 0.0027 0.0097 
      CROC02  3 0.0012 0.0020 0.9840 0.0050 0.0016 0.0017 0.0025 0.0019 
      CROC03  3 0.0015 0.0017 0.9875 0.0013 0.0017 0.0015 0.0029 0.0020 
      CROC04  3 0.0010 0.0018 0.8910 0.0324 0.0006 0.0700 0.0018 0.0013 
      CROC05  3 0.0010 0.0016 0.9751 0.0028 0.0008 0.0011 0.0162 0.0014 
      CROC06  3 0.0203 0.0054 0.9252 0.0238 0.0014 0.0074 0.0073 0.0091 
      CROC07  3 0.0009 0.0015 0.9894 0.0016 0.0008 0.0020 0.0022 0.0016 
      CROC08  3 0.0018 0.0019 0.9604 0.0014 0.0023 0.0016 0.0023 0.0282 
      CROC09  3 0.0008 0.0021 0.8789 0.0012 0.0009 0.0011 0.1105 0.0046 
      CROC10  3 0.0011 0.0014 0.9625 0.0010 0.0008 0.0013 0.0306 0.0013 
      CROC11  3 0.0007 0.0020 0.8786 0.0012 0.0009 0.0011 0.1107 0.0047 
     CROC110  3 0.0010 0.0115 0.9723 0.0018 0.0007 0.0027 0.0075 0.0026 
     CROC116  3 0.0012 0.0033 0.9775 0.0048 0.0023 0.0033 0.0047 0.0029 
      CROC12  3 0.0008 0.0021 0.9870 0.0009 0.0008 0.0019 0.0048 0.0018 
     CROC123  3 0.0006 0.0012 0.9883 0.0008 0.0008 0.0016 0.0055 0.0013 
      CROC13  3 0.0015 0.0016 0.9878 0.0011 0.0023 0.0013 0.0030 0.0014 
      CROC14  3 0.0451 0.0310 0.9021 0.0042 0.0030 0.0050 0.0066 0.0030 
      CROC15  3 0.0032 0.0100 0.8766 0.0954 0.0041 0.0025 0.0018 0.0063 
      CROC16  3 0.0014 0.0026 0.8990 0.0021 0.0042 0.0011 0.0868 0.0027 
      CROC17  3 0.0007 0.0043 0.9172 0.0007 0.0008 0.0733 0.0017 0.0013 
      CROC18  3 0.0009 0.0037 0.9630 0.0089 0.0099 0.0037 0.0021 0.0076 
      CROC19  3 0.0016 0.0023 0.9862 0.0028 0.0010 0.0026 0.0015 0.0019 
     CROC198  3 0.0019 0.0018 0.9637 0.0009 0.0008 0.0013 0.0279 0.0016 
      CROC20  3 0.0013 0.0021 0.9865 0.0020 0.0012 0.0012 0.0032 0.0025 
     CROC202  3 0.0020 0.0016 0.9828 0.0017 0.0044 0.0016 0.0044 0.0015 
      CROC21  3 0.0011 0.0022 0.9872 0.0010 0.0009 0.0016 0.0042 0.0017 
     CROC216  3 0.0010 0.0028 0.9683 0.0111 0.0014 0.0064 0.0021 0.0069 
      CROC22  3 0.0199 0.0154 0.9484 0.0011 0.0010 0.0054 0.0073 0.0016 
      CROC23  3 0.0009 0.0018 0.9380 0.0010 0.0009 0.0056 0.0495 0.0023 
      CROC24  3 0.0009 0.0018 0.9602 0.0013 0.0019 0.0017 0.0303 0.0019 
      CROC25  3 0.0009 0.0011 0.9904 0.0011 0.0006 0.0013 0.0030 0.0016 
     CROC259  3 0.0041 0.0016 0.9744 0.0012 0.0012 0.0136 0.0023 0.0015 
      CROC26  3 0.0016 0.0013 0.9231 0.0011 0.0010 0.0659 0.0041 0.0018 
      CROC27  3 0.0012 0.0020 0.9785 0.0017 0.0009 0.0028 0.0088 0.0040 
      CROC28  3 0.0009 0.0015 0.7716 0.0010 0.0007 0.0061 0.2166 0.0015 
      CROC29  3 0.0008 0.0017 0.9901 0.0013 0.0009 0.0015 0.0015 0.0023 
      CROC30  3 0.0010 0.0031 0.9793 0.0044 0.0012 0.0029 0.0049 0.0031 
      CROC31  3 0.0012 0.0032 0.9741 0.0017 0.0009 0.0032 0.0135 0.0022 
      CROC32  3 0.0012 0.0015 0.9839 0.0013 0.0008 0.0013 0.0089 0.0012 
      CROC33  3 0.0008 0.0028 0.9636 0.0014 0.0008 0.0036 0.0012 0.0258 
      CROC34  3 0.0014 0.0014 0.9901 0.0013 0.0008 0.0016 0.0013 0.0020 
      CROC35  3 0.0006 0.0085 0.9779 0.0008 0.0012 0.0079 0.0020 0.0012 
      CROC36  3 0.0008 0.0012 0.9567 0.0010 0.0008 0.0011 0.0370 0.0014 
      CROC57  3 0.0013 0.0015 0.9906 0.0012 0.0008 0.0011 0.0017 0.0019 
      CROC81  3 0.0010 0.0019 0.9808 0.0026 0.0044 0.0015 0.0035 0.0043 
      CROC84  3 0.0019 0.0011 0.9822 0.0018 0.0041 0.0025 0.0054 0.0011 
        FW01  3 0.0013 0.0019 0.0030 0.0014 0.0015 0.0013 0.9874 0.0021 
        FW02  3 0.0006 0.0009 0.0012 0.0006 0.0005 0.0007 0.9944 0.0010 
        FW03  3 0.0007 0.0010 0.0014 0.0009 0.0008 0.0010 0.9929 0.0012 
        FW04  3 0.0006 0.0008 0.0012 0.0006 0.0005 0.0007 0.9944 0.0010 
        FW05  3 0.0006 0.0009 0.0012 0.0006 0.0005 0.0008 0.9944 0.0010 
        FW06  3 0.0006 0.0008 0.0013 0.0006 0.0005 0.0007 0.9944 0.0010 
        FW07  3 0.0007 0.0010 0.0015 0.0009 0.0008 0.0010 0.9929 0.0012 
        FW08  3 0.0006 0.0009 0.0013 0.0006 0.0005 0.0007 0.9944 0.0010 
        FW09  3 0.0006 0.0009 0.0012 0.0006 0.0005 0.0007 0.9945 0.0010 
        FW10  3 0.0008 0.0011 0.0015 0.0009 0.0008 0.0011 0.9926 0.0013 
       FW100  3 0.0007 0.0011 0.0015 0.0008 0.0008 0.0010 0.9929 0.0012 
       FW101  3 0.0008 0.0011 0.0014 0.0009 0.0008 0.0011 0.9928 0.0012 
       FW102  3 0.0006 0.0008 0.0012 0.0006 0.0005 0.0007 0.9944 0.0010 
       FW103  3 0.0006 0.0009 0.0012 0.0006 0.0005 0.0007 0.9945 0.0010 
       FW104  3 0.0013 0.0019 0.0030 0.0014 0.0016 0.0013 0.9874 0.0020 
       FW105  3 0.0007 0.0011 0.0014 0.0009 0.0008 0.0010 0.9927 0.0013 
       FW106  3 0.0014 0.0039 0.9680 0.0034 0.0020 0.0025 0.0097 0.0090 
       FW107  3 0.0013 0.0019 0.0029 0.0015 0.0016 0.0013 0.9875 0.0021 
       FW108  3 0.0006 0.0008 0.0013 0.0006 0.0005 0.0008 0.9943 0.0010 
       FW109  3 0.0008 0.0011 0.0015 0.0008 0.0008 0.0011 0.9927 0.0012 
        FW11  3 0.0007 0.0011 0.0014 0.0009 0.0008 0.0011 0.9928 0.0012 
       FW110  3 0.0007 0.0010 0.0015 0.0009 0.0008 0.0011 0.9928 0.0012 
       FW111  3 0.0006 0.0009 0.0013 0.0006 0.0005 0.0007 0.9944 0.0010 
       FW112  3 0.0007 0.0010 0.0015 0.0009 0.0008 0.0011 0.9927 0.0013 
       FW113  3 0.0006 0.0008 0.0013 0.0006 0.0005 0.0007 0.9944 0.0010 
       FW114  3 0.0008 0.0012 0.0017 0.0010 0.0008 0.0021 0.9912 0.0012 
       FW115  3 0.0007 0.0011 0.0015 0.0009 0.0008 0.0011 0.9927 0.0012 
       FW116  3 0.0006 0.0009 0.0012 0.0006 0.0005 0.0007 0.9944 0.0010 
        FW12  3 0.0006 0.0009 0.0012 0.0006 0.0005 0.0007 0.9945 0.0010 
        FW13  3 0.0006 0.0009 0.0013 0.0006 0.0005 0.0007 0.9944 0.0010 
        FW14  3 0.0014 0.0019 0.0030 0.0014 0.0017 0.0013 0.9873 0.0020 
        FW15  3 0.0013 0.0020 0.0029 0.0014 0.0016 0.0013 0.9875 0.0020 
        FW16  3 0.0007 0.0011 0.0015 0.0009 0.0008 0.0011 0.9927 0.0012 
        FW17  3 0.0007 0.0011 0.0015 0.0009 0.0008 0.0011 0.9927 0.0012 
        FW18  3 0.0007 0.0010 0.0015 0.0008 0.0008 0.0011 0.9927 0.0012 
        FW19  3 0.0006 0.0009 0.0013 0.0006 0.0005 0.0007 0.9944 0.0010 
        FW20  3 0.0006 0.0009 0.0012 0.0006 0.0005 0.0007 0.9944 0.0010 
        FW21  3 0.0006 0.0008 0.0012 0.0006 0.0005 0.0007 0.9944 0.0010 
        FW22  3 0.0008 0.0010 0.0014 0.0008 0.0008 0.0011 0.9928 0.0013 
        FW23  3 0.0006 0.0008 0.0012 0.0006 0.0005 0.0007 0.9945 0.0010 
        FW24  3 0.0006 0.0008 0.0012 0.0006 0.0005 0.0007 0.9944 0.0010 
        FW25  3 0.0006 0.0009 0.0012 0.0006 0.0005 0.0007 0.9945 0.0010 
        FW26  3 0.0006 0.0008 0.0012 0.0006 0.0005 0.0007 0.9945 0.0010 
        FW27  3 0.0007 0.0011 0.0015 0.0009 0.0008 0.0011 0.9927 0.0012 
        FW28  3 0.0006 0.0008 0.0013 0.0006 0.0005 0.0007 0.9943 0.0010 
        FW29  3 0.0006 0.0009 0.0012 0.0006 0.0005 0.0007 0.9945 0.0010 
        FW30  3 0.0013 0.0039 0.9683 0.0035 0.0021 0.0026 0.0093 0.0091 
        FW32  3 0.0013 0.0019 0.0030 0.0014 0.0016 0.0014 0.9874 0.0020 
        FW33  3 0.0006 0.0045 0.0100 0.0007 0.0005 0.0029 0.9749 0.0059 
        FW34  3 0.0006 0.0008 0.0013 0.0006 0.0005 0.0007 0.9944 0.0010 
        FW35  3 0.0006 0.0008 0.0012 0.0006 0.0005 0.0007 0.9945 0.0010 
        FW36  3 0.0006 0.0009 0.0012 0.0006 0.0005 0.0007 0.9945 0.0010 
        FW37  3 0.0008 0.0011 0.0015 0.0009 0.0008 0.0010 0.9927 0.0012 
        FW51  3 0.0006 0.0009 0.0012 0.0006 0.0005 0.0007 0.9945 0.0010 
        FW52  3 0.0008 0.0011 0.0015 0.0009 0.0008 0.0011 0.9928 0.0012 
        FW53  3 0.0006 0.0009 0.0012 0.0006 0.0005 0.0007 0.9945 0.0010 
        FW54  3 0.0007 0.0010 0.0014 0.0009 0.0008 0.0010 0.9929 0.0012 
        FW55  3 0.0006 0.0008 0.0013 0.0006 0.0005 0.0007 0.9944 0.0010 
        FW56  3 0.0006 0.0008 0.0012 0.0006 0.0005 0.0007 0.9945 0.0010 
        FW57  3 0.0006 0.0008 0.0013 0.0006 0.0005 0.0007 0.9944 0.0010 
        FW78  3 0.0006 0.0008 0.0012 0.0006 0.0005 0.0007 0.9945 0.0010 
        FW79  3 0.0006 0.0009 0.0012 0.0006 0.0005 0.0007 0.9944 0.0010 
        FW80  3 0.0006 0.0009 0.0013 0.0006 0.0005 0.0007 0.9944 0.0010 
        FW81  3 0.0007 0.0010 0.0015 0.0009 0.0008 0.0010 0.9929 0.0012 
        FW82  3 0.0007 0.0011 0.0014 0.0008 0.0008 0.0010 0.9928 0.0012 
        FW83  3 0.0013 0.0019 0.0031 0.0014 0.0015 0.0013 0.9875 0.0020 
        FW84  3 0.0006 0.0009 0.0012 0.0007 0.0005 0.0007 0.9944 0.0010 
        FW85  3 0.0007 0.0038 0.0028 0.0166 0.0132 0.0071 0.9544 0.0012 
        FW86  3 0.0007 0.0011 0.0014 0.0008 0.0008 0.0011 0.9928 0.0013 
        FW87  3 0.0007 0.0011 0.0014 0.0008 0.0008 0.0010 0.9928 0.0012 
        FW88  3 0.0006 0.0008 0.0012 0.0006 0.0005 0.0007 0.9944 0.0010 
        FW89  3 0.0006 0.0009 0.0012 0.0006 0.0005 0.0007 0.9945 0.0010 
        FW90  3 0.0006 0.0008 0.0013 0.0006 0.0005 0.0007 0.9945 0.0010 
        FW91  3 0.0007 0.0011 0.0015 0.0008 0.0008 0.0011 0.9928 0.0012 
        FW92  3 0.0006 0.0008 0.0012 0.0006 0.0005 0.0007 0.9945 0.0010 
        FW93  3 0.0006 0.0008 0.0013 0.0006 0.0005 0.0007 0.9944 0.0010 
        FW94  3 0.0008 0.0011 0.0015 0.0009 0.0008 0.0011 0.9926 0.0013 
        FW95  3 0.0006 0.0008 0.0012 0.0006 0.0005 0.0007 0.9944 0.0010 
        FW96  3 0.0006 0.0008 0.0013 0.0006 0.0005 0.0007 0.9944 0.0010 
        FW97  3 0.0042 0.0024 0.9738 0.0023 0.0016 0.0017 0.0106 0.0035 
        FW98  3 0.0007 0.0010 0.0015 0.0009 0.0008 0.0010 0.9929 0.0012 
        FW99  3 0.0006 0.0008 0.0012 0.0006 0.0005 0.0007 0.9945 0.0010 
       Cal01  3 0.0011 0.0021 0.8074 0.0015 0.0009 0.0019 0.1812 0.0039 
       Cal02  3 0.0010 0.0020 0.9798 0.0013 0.0010 0.0016 0.0114 0.0019 
       Cal03  3 0.0006 0.0014 0.8437 0.0016 0.0009 0.0014 0.1488 0.0017 
       Cal04  3 0.0021 0.0027 0.9855 0.0024 0.0015 0.0023 0.0015 0.0020 
       Cal05  3 0.0007 0.0009 0.9872 0.0008 0.0007 0.0031 0.0056 0.0010 
       Cal06  3 0.0012 0.0021 0.9870 0.0017 0.0008 0.0029 0.0022 0.0022 
       Cal07  3 0.0007 0.0011 0.9781 0.0009 0.0006 0.0074 0.0100 0.0013 
       Cal08  3 0.0021 0.0016 0.8933 0.0021 0.0013 0.0018 0.0959 0.0019 
       Cal09  3 0.0011 0.0042 0.9259 0.0009 0.0030 0.0282 0.0351 0.0016 
       Cal10  3 0.0010 0.0028 0.9867 0.0020 0.0011 0.0018 0.0019 0.0026 
       Cal11  3 0.0056 0.0017 0.9805 0.0012 0.0008 0.0024 0.0061 0.0017 
      Cal197  3 0.0006 0.0026 0.7097 0.0011 0.0006 0.0021 0.2810 0.0024 
      Cal198  3 0.0009 0.0021 0.8690 0.0030 0.0007 0.0425 0.0360 0.0458 
      Cal199  3 0.0016 0.0012 0.9904 0.0013 0.0011 0.0009 0.0019 0.0014 
      Cal200  3 0.0008 0.0013 0.9870 0.0012 0.0007 0.0013 0.0065 0.0012 
      Cal201  3 0.0007 0.0018 0.9720 0.0009 0.0005 0.0022 0.0204 0.0014 
      Cal202  3 0.0045 0.0149 0.9412 0.0021 0.0065 0.0018 0.0078 0.0211 
      Cal203  3 0.0016 0.0015 0.9887 0.0012 0.0009 0.0011 0.0030 0.0019 
      Cal204  3 0.0009 0.0014 0.9907 0.0013 0.0011 0.0014 0.0010 0.0022 
      Cal205  3 0.0007 0.0016 0.9877 0.0010 0.0007 0.0015 0.0050 0.0019 
      Cal206  3 0.0009 0.0019 0.9896 0.0012 0.0013 0.0011 0.0024 0.0015 
      Cal207  3 0.0006 0.0014 0.9889 0.0026 0.0007 0.0017 0.0015 0.0027 
      Cal208  3 0.0012 0.0019 0.9638 0.0013 0.0009 0.0013 0.0274 0.0022 
      Cal209  3 0.0010 0.0012 0.9813 0.0008 0.0008 0.0013 0.0124 0.0011 
      Cal210  3 0.0018 0.0013 0.9904 0.0013 0.0011 0.0009 0.0019 0.0014 
      Cal211  3 0.0008 0.0012 0.9909 0.0011 0.0006 0.0013 0.0029 0.0012 
      Cal212  3 0.0009 0.0013 0.9906 0.0016 0.0007 0.0011 0.0024 0.0013 
      Cal213  3 0.0008 0.0092 0.8021 0.0117 0.0009 0.0746 0.0763 0.0245 
      Cal214  3 0.0118 0.0121 0.9649 0.0010 0.0011 0.0014 0.0012 0.0063 
      Cal215  3 0.0028 0.0023 0.9618 0.0017 0.0024 0.0016 0.0253 0.0019 
      Cal216  3 0.0008 0.0015 0.9642 0.0014 0.0008 0.0021 0.0272 0.0021 
      Cal217  3 0.0007 0.0014 0.9836 0.0008 0.0005 0.0019 0.0095 0.0015 
      Cal218  3 0.0008 0.0012 0.9894 0.0012 0.0007 0.0012 0.0043 0.0012 
      Cal219  3 0.0012 0.0023 0.9736 0.0013 0.0008 0.0015 0.0176 0.0016 
      Cal220  3 0.0022 0.0023 0.9781 0.0011 0.0006 0.0016 0.0044 0.0097 
      Cal221  3 0.0007 0.0011 0.9879 0.0012 0.0007 0.0013 0.0056 0.0013 
      Cal222  3 0.0012 0.0012 0.9899 0.0012 0.0009 0.0013 0.0029 0.0014 
      Cal223  3 0.0017 0.0045 0.9664 0.0017 0.0008 0.0140 0.0023 0.0087 
      Cal224  3 0.0018 0.0018 0.9197 0.0067 0.0080 0.0028 0.0012 0.0580 
       Cal33  3 0.0008 0.0023 0.9886 0.0013 0.0008 0.0015 0.0035 0.0013 
       Cal34  3 0.0010 0.0020 0.9818 0.0009 0.0011 0.0036 0.0029 0.0067 
       Cal35  3 0.0007 0.0015 0.9905 0.0013 0.0008 0.0016 0.0023 0.0013 
       Cal37  3 0.0008 0.0057 0.9826 0.0025 0.0009 0.0036 0.0024 0.0014 
       Cal38  3 0.0009 0.0013 0.7879 0.0009 0.0005 0.0015 0.2058 0.0012 
       Cal39  3 0.0014 0.0013 0.9371 0.0011 0.0016 0.0017 0.0547 0.0012 
       Cal40  3 0.0009 0.0013 0.9806 0.0008 0.0008 0.0013 0.0131 0.0012 
       Cal41  3 0.0009 0.0012 0.9860 0.0009 0.0008 0.0015 0.0075 0.0011 
       Cal42  3 0.0013 0.0017 0.9903 0.0010 0.0009 0.0010 0.0026 0.0013 
       Cal43  3 0.0010 0.0016 0.9897 0.0012 0.0006 0.0014 0.0026 0.0018 
       Cal44  3 0.0013 0.0015 0.9741 0.0020 0.0008 0.0013 0.0076 0.0114 
        BW41  3 0.0012 0.0022 0.9600 0.0020 0.0286 0.0015 0.0013 0.0031 
        BW42  3 0.0010 0.0037 0.9851 0.0014 0.0008 0.0023 0.0041 0.0017 
        BW44  3 0.0009 0.0014 0.9908 0.0010 0.0006 0.0023 0.0013 0.0017 
        BW45  3 0.0007 0.0010 0.9929 0.0007 0.0005 0.0013 0.0019 0.0010 
        BW46  3 0.0008 0.0018 0.9883 0.0013 0.0008 0.0011 0.0042 0.0017 
        BW47  3 0.0007 0.0020 0.9133 0.0226 0.0140 0.0093 0.0263 0.0117 
        BW48  3 0.0022 0.0033 0.9807 0.0023 0.0021 0.0020 0.0054 0.0022 
        BW49  3 0.0010 0.0016 0.9862 0.0011 0.0007 0.0057 0.0025 0.0013 
        BW50  3 0.0009 0.0015 0.9686 0.0011 0.0008 0.0014 0.0241 0.0016 
        BW51  3 0.0010 0.0014 0.9608 0.0008 0.0006 0.0105 0.0237 0.0013 
        BW52  3 0.0027 0.0015 0.9850 0.0009 0.0007 0.0015 0.0061 0.0016 
        BW53  3 0.0007 0.0050 0.9702 0.0069 0.0009 0.0039 0.0030 0.0093 
        BW54  3 0.0059 0.0020 0.8787 0.0921 0.0025 0.0042 0.0110 0.0037 
        BW55  3 0.0012 0.0012 0.9895 0.0014 0.0008 0.0013 0.0030 0.0015 
        BW56  3 0.0008 0.0014 0.9901 0.0009 0.0018 0.0016 0.0018 0.0016 
        BW57  3 0.0008 0.0020 0.9834 0.0011 0.0007 0.0026 0.0056 0.0038 
        BW58  3 0.0009 0.0020 0.9849 0.0010 0.0008 0.0029 0.0055 0.0020 
        BW59  3 0.0008 0.0020 0.9121 0.0016 0.0008 0.0017 0.0799 0.0012 
        BW60  3 0.0008 0.0013 0.9888 0.0011 0.0009 0.0017 0.0039 0.0015 
        BW61  3 0.0011 0.0137 0.9001 0.0011 0.0699 0.0025 0.0100 0.0016 
        BW62  3 0.0008 0.0013 0.9852 0.0049 0.0014 0.0017 0.0030 0.0017 
        BW63  3 0.0009 0.0037 0.9116 0.0647 0.0013 0.0097 0.0042 0.0039 
        BW64  3 0.0008 0.0014 0.9715 0.0010 0.0007 0.0016 0.0217 0.0014 
        BW65  3 0.0016 0.0042 0.9778 0.0019 0.0029 0.0019 0.0011 0.0086 
        BW66  3 0.0025 0.0012 0.9866 0.0011 0.0009 0.0023 0.0039 0.0015 
        BW67  3 0.0007 0.0010 0.9916 0.0008 0.0006 0.0012 0.0029 0.0012 
        BW68  3 0.0007 0.0024 0.9853 0.0029 0.0019 0.0024 0.0022 0.0022 
        BW69  3 0.0011 0.0015 0.9476 0.0010 0.0438 0.0013 0.0022 0.0015 
        BW70  3 0.0012 0.0014 0.9868 0.0011 0.0006 0.0016 0.0053 0.0021 
        BW71  3 0.0009 0.0012 0.9887 0.0008 0.0006 0.0014 0.0054 0.0010 
        BW72  3 0.0012 0.0031 0.9797 0.0057 0.0024 0.0015 0.0031 0.0032 
        BW73  3 0.0156 0.0361 0.9187 0.0015 0.0184 0.0053 0.0029 0.0015 
        BW74  3 0.0012 0.0023 0.9874 0.0012 0.0010 0.0023 0.0032 0.0014 
        BW75  3 0.0071 0.0082 0.9634 0.0038 0.0007 0.0087 0.0045 0.0035 
        BW76  3 0.0013 0.0016 0.9886 0.0016 0.0023 0.0012 0.0012 0.0020 
        BW77  3 0.0008 0.0035 0.9773 0.0011 0.0015 0.0028 0.0080 0.0050 
        BW78  3 0.0017 0.0012 0.9883 0.0010 0.0009 0.0033 0.0023 0.0014 
        BW79  3 0.0012 0.0063 0.9587 0.0019 0.0008 0.0038 0.0260 0.0013 
        BW80  3 0.0008 0.0017 0.9865 0.0028 0.0008 0.0013 0.0046 0.0015 
        BW81  3 0.0007 0.0022 0.9812 0.0009 0.0008 0.0034 0.0080 0.0027 
       BWS05  3 0.0024 0.0039 0.9690 0.0031 0.0082 0.0028 0.0069 0.0037 
       BWS06  3 0.0017 0.0024 0.9692 0.0013 0.0008 0.0019 0.0194 0.0033 
       BWS07  3 0.0007 0.0183 0.9604 0.0012 0.0006 0.0038 0.0139 0.0011 
       BWS08  3 0.0020 0.0019 0.9833 0.0025 0.0032 0.0031 0.0010 0.0030 
       BWS09  3 0.0007 0.0012 0.9851 0.0009 0.0006 0.0012 0.0087 0.0016 
       BWS10  3 0.0012 0.0018 0.9709 0.0185 0.0011 0.0022 0.0026 0.0017 
       BWS11  3 0.0009 0.0015 0.9913 0.0013 0.0007 0.0012 0.0018 0.0014 
       BWS12  3 0.0016 0.0022 0.9871 0.0012 0.0007 0.0019 0.0028 0.0024 
       BWS13  3 0.0011 0.0015 0.9814 0.0014 0.0006 0.0012 0.0084 0.0043 
       BWS14  3 0.0008 0.0023 0.9540 0.0020 0.0014 0.0021 0.0356 0.0019 
       BWS15  3 0.0023 0.0022 0.9868 0.0019 0.0011 0.0018 0.0016 0.0022 
       BWS16  3 0.0010 0.0014 0.9642 0.0015 0.0009 0.0266 0.0026 0.0019 
       BWS17  3 0.0011 0.0017 0.9884 0.0015 0.0019 0.0015 0.0015 0.0023 
       BWS18  3 0.0025 0.0032 0.9490 0.0015 0.0008 0.0031 0.0072 0.0326 
       BWS19  3 0.0029 0.0176 0.9471 0.0011 0.0087 0.0026 0.0115 0.0085 
       BWS20  3 0.0008 0.0012 0.9854 0.0009 0.0007 0.0065 0.0030 0.0015 
       BWS21  3 0.0027 0.0093 0.9172 0.0152 0.0014 0.0046 0.0018 0.0478 
       BWS22  3 0.0008 0.0016 0.9875 0.0012 0.0008 0.0011 0.0038 0.0033 
       BWS23  3 0.0014 0.0027 0.9555 0.0011 0.0011 0.0021 0.0024 0.0337 
       BWS24  3 0.0014 0.0061 0.9843 0.0020 0.0011 0.0023 0.0013 0.0015 
       BWS25  3 0.0008 0.0117 0.9804 0.0008 0.0020 0.0012 0.0019 0.0012 
       BWS26  3 0.0011 0.0020 0.9884 0.0013 0.0010 0.0020 0.0026 0.0016 
       BWS27  3 0.0008 0.0017 0.9875 0.0019 0.0006 0.0041 0.0023 0.0012 
       BWS28  3 0.0010 0.0068 0.9471 0.0084 0.0019 0.0028 0.0285 0.0036 
       BWS29  3 0.0015 0.0019 0.9863 0.0019 0.0022 0.0022 0.0019 0.0021 
       BWS30  3 0.0008 0.0016 0.9749 0.0009 0.0008 0.0015 0.0167 0.0029 
       BWS31  3 0.0008 0.0015 0.9888 0.0013 0.0014 0.0029 0.0019 0.0014 
       BWS32  3 0.0017 0.0030 0.9812 0.0021 0.0008 0.0048 0.0050 0.0014 
       BWS33  3 0.0013 0.0026 0.9727 0.0129 0.0024 0.0014 0.0036 0.0031 
       BWS34  3 0.0013 0.0020 0.9853 0.0023 0.0013 0.0018 0.0025 0.0034 
       BWS35  3 0.0028 0.0023 0.9819 0.0022 0.0011 0.0029 0.0040 0.0029 
       BWS36  3 0.0012 0.0011 0.9861 0.0009 0.0009 0.0012 0.0074 0.0012 
       BWS37  3 0.0009 0.0015 0.9875 0.0015 0.0028 0.0021 0.0021 0.0015 
       BWS38  3 0.0012 0.0015 0.9839 0.0013 0.0008 0.0023 0.0074 0.0016 
       BWS39  3 0.0008 0.0011 0.9856 0.0009 0.0007 0.0018 0.0078 0.0014 
       BWS40  3 0.0029 0.0015 0.9834 0.0011 0.0010 0.0014 0.0073 0.0015 
       BWN01  3 0.0012 0.0014 0.9862 0.0013 0.0015 0.0035 0.0034 0.0015 
       BWN02  3 0.0007 0.0013 0.9303 0.0011 0.0008 0.0474 0.0168 0.0015 
       BWN03  3 0.0018 0.0041 0.9704 0.0054 0.0045 0.0016 0.0019 0.0103 
       BWN04  3 0.0022 0.0015 0.9864 0.0010 0.0009 0.0023 0.0040 0.0018 
        NC01  4 0.0009 0.0275 0.0559 0.0028 0.0007 0.8586 0.0518 0.0017 
        NC02  4 0.0012 0.0030 0.0164 0.0017 0.0019 0.9666 0.0070 0.0022 
        NC03  4 0.0007 0.0034 0.0033 0.0008 0.0007 0.9819 0.0016 0.0076 
        NC04  4 0.0011 0.0027 0.0086 0.0013 0.0008 0.9823 0.0016 0.0015 
        NC05  4 0.0025 0.0341 0.0332 0.0050 0.0016 0.9167 0.0017 0.0053 
        NC06  4 0.0010 0.0031 0.0312 0.0011 0.0110 0.9449 0.0059 0.0018 
        NC07  4 0.0014 0.0017 0.0060 0.0012 0.0007 0.9799 0.0077 0.0013 
        NC08  4 0.0011 0.0019 0.0752 0.0013 0.0019 0.9074 0.0086 0.0027 
        NC09  4 0.0016 0.0020 0.0222 0.0023 0.0008 0.9666 0.0016 0.0029 
        NC10  4 0.0009 0.0017 0.3105 0.0011 0.0007 0.6781 0.0052 0.0018 
        NC11  4 0.0020 0.0037 0.0223 0.0048 0.0016 0.9566 0.0059 0.0030 
        NC12  4 0.0007 0.0022 0.0066 0.0024 0.0027 0.9822 0.0017 0.0015 
        NC13  4 0.0008 0.0034 0.0075 0.0017 0.0007 0.9658 0.0016 0.0185 
        NC14  4 0.0012 0.0120 0.0148 0.0022 0.0009 0.9621 0.0050 0.0018 
        NC15  4 0.0012 0.0019 0.0126 0.0043 0.0016 0.9730 0.0021 0.0032 
        NC16  4 0.0009 0.0138 0.0340 0.0037 0.0007 0.9398 0.0054 0.0017 
        NC18  4 0.0017 0.0029 0.0116 0.0023 0.0009 0.9737 0.0047 0.0023 
        NC19  4 0.0006 0.0014 0.0026 0.0013 0.0007 0.9906 0.0014 0.0014 
        NC20  4 0.0040 0.0022 0.0979 0.0020 0.0054 0.8534 0.0282 0.0069 
        NC21  4 0.0008 0.0045 0.0095 0.0049 0.0009 0.9127 0.0598 0.0069 
        NC22  4 0.0013 0.0011 0.0145 0.0009 0.0067 0.8978 0.0755 0.0023 
        NC23  4 0.0013 0.0039 0.0231 0.0014 0.0007 0.9551 0.0109 0.0037 
        NC24  4 0.0015 0.0015 0.0027 0.0012 0.0011 0.9885 0.0022 0.0013 
      SAND01  4 0.0018 0.0011 0.9901 0.0015 0.0005 0.0020 0.0014 0.0015 
      SAND02  4 0.0018 0.0013 0.9677 0.0010 0.0010 0.0017 0.0239 0.0016 
      SAND03  4 0.0009 0.0010 0.9874 0.0008 0.0006 0.0014 0.0067 0.0013 
      SAND04  4 0.0009 0.0021 0.9520 0.0012 0.0010 0.0020 0.0381 0.0026 
      SAND05  4 0.0011 0.0016 0.9830 0.0014 0.0009 0.0017 0.0081 0.0022 
      SAND06  4 0.0009 0.0022 0.9547 0.0017 0.0010 0.0049 0.0322 0.0023 
      SAND07  4 0.0028 0.0011 0.9869 0.0012 0.0006 0.0018 0.0041 0.0016 
      SAND08  4 0.0011 0.0015 0.9523 0.0009 0.0012 0.0357 0.0058 0.0016 
      SAND09  4 0.0010 0.0031 0.9641 0.0146 0.0008 0.0089 0.0036 0.0040 
      SAND10  4 0.0023 0.0017 0.9587 0.0021 0.0011 0.0159 0.0168 0.0014 
      SAND11  4 0.0012 0.0014 0.9892 0.0015 0.0008 0.0014 0.0027 0.0019 
      SAND12  4 0.0014 0.0017 0.9804 0.0020 0.0007 0.0026 0.0094 0.0020 
      SAND13  4 0.0023 0.0017 0.9591 0.0021 0.0012 0.0162 0.0160 0.0013 
      SAND14  4 0.0013 0.0013 0.9753 0.0013 0.0012 0.0035 0.0146 0.0015 
      SAND15  4 0.0009 0.0013 0.9833 0.0011 0.0007 0.0016 0.0092 0.0020 
      SAND16  4 0.0008 0.0087 0.9444 0.0087 0.0006 0.0233 0.0063 0.0070 
      SAND17  4 0.0014 0.0010 0.9907 0.0014 0.0006 0.0015 0.0019 0.0015 
      SAND18  4 0.0007 0.0014 0.9590 0.0012 0.0007 0.0021 0.0334 0.0015 
      SAND19  4 0.0008 0.0015 0.9427 0.0012 0.0007 0.0018 0.0496 0.0017 
      SAND20  4 0.0023 0.0011 0.9805 0.0011 0.0006 0.0096 0.0032 0.0016 
      SAND21  4 0.0017 0.0012 0.9684 0.0009 0.0006 0.0022 0.0236 0.0014 
      SAND22  4 0.0009 0.0011 0.9889 0.0009 0.0005 0.0021 0.0043 0.0013 
      SAND23  4 0.0007 0.0014 0.7622 0.0010 0.0008 0.0013 0.2308 0.0017 
      SAND24  4 0.0010 0.0021 0.9860 0.0016 0.0026 0.0016 0.0031 0.0020 
      SAND25  4 0.0019 0.0053 0.9586 0.0032 0.0011 0.0185 0.0051 0.0063 
      SAND26  4 0.0009 0.0011 0.9890 0.0010 0.0009 0.0040 0.0016 0.0014 
      SAND27  4 0.0012 0.0022 0.9264 0.0030 0.0011 0.0606 0.0028 0.0026 
      SAND28  4 0.0008 0.0016 0.9758 0.0012 0.0012 0.0021 0.0152 0.0021 
      SAND29  4 0.0008 0.0017 0.9181 0.0011 0.0007 0.0017 0.0743 0.0016 
      SAND30  4 0.0008 0.0014 0.9879 0.0013 0.0006 0.0023 0.0039 0.0018 
      SAND31  4 0.0018 0.0014 0.9796 0.0027 0.0005 0.0107 0.0017 0.0015 
      SAND32  4 0.0010 0.0023 0.9732 0.0016 0.0015 0.0086 0.0098 0.0021 
      SAND33  4 0.0023 0.0010 0.9785 0.0010 0.0007 0.0027 0.0122 0.0015 
      SAND34  4 0.0007 0.0015 0.9784 0.0019 0.0008 0.0026 0.0121 0.0019 
      SAND35  4 0.0011 0.0010 0.9410 0.0009 0.0006 0.0018 0.0525 0.0013 
      SAND36  4 0.0007 0.0013 0.9861 0.0011 0.0008 0.0015 0.0070 0.0014 
      SAND37  4 0.0008 0.0016 0.9807 0.0012 0.0007 0.0015 0.0116 0.0018 
      SAND38  4 0.0028 0.0018 0.9813 0.0012 0.0008 0.0034 0.0065 0.0023 
      SAND39  4 0.0007 0.0018 0.9692 0.0014 0.0011 0.0188 0.0051 0.0019 
      SAND40  4 0.0009 0.0021 0.8912 0.0020 0.0013 0.0027 0.0976 0.0023 
      SAND41  4 0.0012 0.0013 0.9841 0.0011 0.0008 0.0021 0.0077 0.0016 
      SAND42  4 0.0014 0.0014 0.9855 0.0014 0.0007 0.0021 0.0058 0.0017 
      SAND43  4 0.0014 0.0017 0.9790 0.0019 0.0009 0.0021 0.0106 0.0024 
      SAND44  4 0.0013 0.0012 0.9863 0.0009 0.0006 0.0021 0.0062 0.0013 
       Hon01  5 0.0018 0.0019 0.0012 0.0017 0.0012 0.9898 0.0008 0.0018 
       Hon02  5 0.0008 0.0017 0.0047 0.0012 0.0010 0.9771 0.0104 0.0032 
       Hon03  5 0.0110 0.0065 0.0028 0.0012 0.0177 0.8755 0.0192 0.0662 
       Hon04  5 0.0014 0.0019 0.0016 0.0016 0.0008 0.9887 0.0014 0.0027 
       Hon05  5 0.0010 0.0017 0.0018 0.0010 0.0013 0.9897 0.0014 0.0020 
       Hon06  5 0.0014 0.0013 0.0011 0.0017 0.0005 0.9914 0.0013 0.0012 
       Hon07  5 0.0014 0.0015 0.0014 0.0009 0.0010 0.9906 0.0013 0.0021 
       Hon08  5 0.0008 0.0016 0.0017 0.0013 0.0007 0.9893 0.0014 0.0032 
       Hon09  5 0.0016 0.0014 0.0049 0.0009 0.0011 0.9026 0.0841 0.0035 
       Hon10  5 0.0140 0.0018 0.0018 0.0020 0.0027 0.9735 0.0013 0.0029 
       Hon11  5 0.0047 0.0404 0.0083 0.0032 0.0015 0.9348 0.0015 0.0056 
       Hon12  5 0.0021 0.0013 0.0043 0.0010 0.0013 0.9710 0.0136 0.0054 
       Hon13  5 0.0010 0.0018 0.0017 0.0009 0.0013 0.9902 0.0011 0.0020 
       Hon14  5 0.0013 0.0029 0.0014 0.0010 0.0119 0.9673 0.0010 0.0133 
       Hon15  5 0.0015 0.0015 0.0010 0.0019 0.0009 0.9875 0.0013 0.0045 
       Hon16  5 0.0008 0.0017 0.0018 0.0013 0.0007 0.9891 0.0014 0.0032 
       Hon17  5 0.0009 0.0015 0.0014 0.0017 0.0006 0.9912 0.0011 0.0016 
       Hon18  5 0.0010 0.0017 0.0557 0.0010 0.0007 0.9324 0.0028 0.0047 
       Hon19  5 0.0023 0.0017 0.0018 0.0094 0.0007 0.9807 0.0012 0.0022 
       Hon20  5 0.0031 0.0073 0.0015 0.0019 0.0007 0.9823 0.0010 0.0020 
      ERIN01  6 0.9933 0.0013 0.0009 0.0008 0.0009 0.0007 0.0007 0.0014 
      ERIN02  6 0.9933 0.0012 0.0009 0.0008 0.0009 0.0008 0.0007 0.0014 
      ERIN03  6 0.9933 0.0013 0.0009 0.0008 0.0009 0.0007 0.0007 0.0014 
      ERIN04  6 0.9933 0.0013 0.0009 0.0008 0.0008 0.0007 0.0007 0.0014 
      ERIN05  6 0.9930 0.0013 0.0009 0.0008 0.0009 0.0008 0.0007 0.0016 
      ERIN06  6 0.9933 0.0013 0.0009 0.0008 0.0009 0.0008 0.0007 0.0014 
      ERIN07  6 0.9932 0.0013 0.0009 0.0008 0.0009 0.0007 0.0007 0.0014 
      ERIN08  6 0.9933 0.0013 0.0009 0.0008 0.0009 0.0008 0.0007 0.0014 
      ERIN09  6 0.9934 0.0013 0.0009 0.0008 0.0009 0.0008 0.0007 0.0014 
      ERIN10  6 0.9933 0.0013 0.0009 0.0008 0.0009 0.0007 0.0007 0.0014 
      ERIN11  6 0.9816 0.0060 0.0009 0.0039 0.0011 0.0043 0.0007 0.0014 
      ERIN12  6 0.9935 0.0013 0.0009 0.0008 0.0008 0.0008 0.0007 0.0014 
      ERIN13  6 0.9933 0.0013 0.0009 0.0008 0.0009 0.0007 0.0007 0.0014 
      ERIN14  6 0.9934 0.0012 0.0009 0.0008 0.0009 0.0008 0.0007 0.0014 
      ERIN15  6 0.9933 0.0013 0.0009 0.0008 0.0009 0.0007 0.0007 0.0014 
      ERIN16  6 0.9928 0.0017 0.0009 0.0008 0.0009 0.0008 0.0007 0.0014 
      ERIN17  6 0.9934 0.0013 0.0009 0.0008 0.0008 0.0007 0.0007 0.0014 
      ERIN18  6 0.9933 0.0013 0.0009 0.0008 0.0009 0.0008 0.0007 0.0014 
      ERIN19  6 0.9933 0.0013 0.0009 0.0008 0.0009 0.0007 0.0007 0.0014 
      ERIN20  6 0.9933 0.0012 0.0009 0.0008 0.0009 0.0008 0.0007 0.0014 
      ERIN21  6 0.9932 0.0012 0.0009 0.0009 0.0010 0.0008 0.0007 0.0014 
      ERIN22  6 0.9934 0.0013 0.0009 0.0008 0.0009 0.0008 0.0007 0.0014 
      ERIN23  6 0.9934 0.0013 0.0009 0.0008 0.0009 0.0008 0.0007 0.0014 
      ERIN24  6 0.9933 0.0013 0.0009 0.0008 0.0009 0.0008 0.0007 0.0014 
      ERIN25  6 0.9932 0.0012 0.0009 0.0008 0.0010 0.0007 0.0007 0.0014 
      ERIN26  6 0.9934 0.0012 0.0009 0.0008 0.0009 0.0007 0.0007 0.0014 
      ERIN27  6 0.9933 0.0013 0.0009 0.0008 0.0009 0.0008 0.0007 0.0014 
      ERIN28  6 0.9930 0.0013 0.0009 0.0008 0.0009 0.0008 0.0007 0.0016 
      ERIN29  6 0.9933 0.0013 0.0009 0.0008 0.0009 0.0007 0.0007 0.0014 
      ERIN30  6 0.9933 0.0013 0.0009 0.0008 0.0009 0.0007 0.0007 0.0014 
      ERIN31  6 0.9934 0.0013 0.0009 0.0008 0.0009 0.0007 0.0007 0.0013 
      ERIN32  6 0.9933 0.0013 0.0009 0.0008 0.0009 0.0008 0.0007 0.0014 
      ERIN33  6 0.9933 0.0013 0.0009 0.0008 0.0009 0.0008 0.0007 0.0014 
      ERIN34  6 0.9933 0.0013 0.0009 0.0008 0.0009 0.0007 0.0007 0.0014 
      ERIN35  6 0.9933 0.0013 0.0009 0.0008 0.0009 0.0007 0.0007 0.0014 
      ERIN38  6 0.9933 0.0013 0.0009 0.0008 0.0009 0.0008 0.0007 0.0015 
      ERIN39  6 0.9934 0.0013 0.0009 0.0008 0.0009 0.0008 0.0007 0.0014 
      ERIN40  6 0.9934 0.0013 0.0009 0.0008 0.0009 0.0007 0.0007 0.0014 
      ERIN41  6 0.9934 0.0013 0.0009 0.0008 0.0009 0.0007 0.0007 0.0013 
      ERIN42  6 0.9934 0.0012 0.0009 0.0008 0.0009 0.0007 0.0007 0.0014 
      ERIN43  6 0.9934 0.0013 0.0008 0.0008 0.0009 0.0008 0.0007 0.0014 
      ERIN44  6 0.9934 0.0013 0.0009 0.0008 0.0009 0.0008 0.0007 0.0013 
      ERIN45  6 0.9933 0.0013 0.0009 0.0008 0.0009 0.0007 0.0007 0.0014 
      ERIN46  6 0.9934 0.0012 0.0009 0.0008 0.0009 0.0008 0.0007 0.0014 
      ERIN47  6 0.9933 0.0013 0.0009 0.0008 0.0009 0.0008 0.0007 0.0014 
       FDS01  6 0.9933 0.0013 0.0009 0.0008 0.0009 0.0007 0.0007 0.0014 
       FDS02  6 0.9933 0.0013 0.0009 0.0008 0.0009 0.0008 0.0007 0.0014 
       FDS03  6 0.9929 0.0017 0.0009 0.0008 0.0009 0.0008 0.0007 0.0014 
       FDS04  6 0.9933 0.0012 0.0009 0.0008 0.0009 0.0007 0.0007 0.0014 
       FDS05  6 0.9934 0.0012 0.0009 0.0008 0.0009 0.0007 0.0007 0.0014 
       FDS06  6 0.9934 0.0013 0.0009 0.0008 0.0009 0.0007 0.0007 0.0014 
       FDS07  6 0.9933 0.0013 0.0009 0.0008 0.0009 0.0007 0.0007 0.0014 
       FDS08  6 0.9934 0.0013 0.0009 0.0008 0.0009 0.0007 0.0007 0.0014 
       FDS09  6 0.9932 0.0013 0.0009 0.0009 0.0009 0.0008 0.0007 0.0014 
       FDS10  6 0.9932 0.0013 0.0009 0.0008 0.0009 0.0007 0.0007 0.0014 
       FDS11  6 0.9933 0.0012 0.0009 0.0008 0.0009 0.0008 0.0007 0.0014 
       FDS12  6 0.9929 0.0016 0.0009 0.0008 0.0009 0.0008 0.0007 0.0014 
       FDS13  6 0.9934 0.0012 0.0009 0.0008 0.0009 0.0008 0.0007 0.0014 
       FDS14  6 0.9933 0.0013 0.0009 0.0008 0.0009 0.0007 0.0007 0.0014 
       FDS15  6 0.9933 0.0012 0.0009 0.0008 0.0009 0.0008 0.0007 0.0015 
       FDS16  6 0.9933 0.0013 0.0009 0.0008 0.0009 0.0008 0.0007 0.0014 
       FDS17  6 0.9933 0.0013 0.0009 0.0008 0.0009 0.0008 0.0007 0.0014 
       FDS18  6 0.9929 0.0016 0.0009 0.0008 0.0009 0.0008 0.0007 0.0014 
       EPP01  6 0.9919 0.0014 0.0009 0.0013 0.0009 0.0007 0.0007 0.0022 
       EPP02  6 0.9919 0.0014 0.0009 0.0013 0.0009 0.0007 0.0007 0.0022 
       EPP03  6 0.9883 0.0020 0.0009 0.0024 0.0018 0.0007 0.0007 0.0032 
       EPP04  6 0.9919 0.0015 0.0008 0.0013 0.0009 0.0007 0.0007 0.0022 
       EPP05  6 0.9917 0.0017 0.0009 0.0014 0.0009 0.0007 0.0007 0.0021 
       EPP06  6 0.9919 0.0014 0.0009 0.0013 0.0009 0.0007 0.0007 0.0021 
       EPP07  6 0.9920 0.0014 0.0008 0.0012 0.0009 0.0007 0.0007 0.0022 
       EPP08  6 0.9920 0.0014 0.0008 0.0013 0.0009 0.0007 0.0007 0.0022 
       EPP09  6 0.9920 0.0014 0.0009 0.0013 0.0009 0.0007 0.0007 0.0022 
       EPP10  6 0.9920 0.0014 0.0008 0.0013 0.0009 0.0007 0.0007 0.0021 
       EPP11  6 0.9203 0.0153 0.0009 0.0463 0.0010 0.0014 0.0007 0.0142 
       EPP12  6 0.9919 0.0014 0.0009 0.0013 0.0009 0.0007 0.0007 0.0022 
       EPP13  6 0.9919 0.0014 0.0009 0.0013 0.0009 0.0007 0.0007 0.0022 
       EPP14  6 0.9919 0.0014 0.0009 0.0014 0.0009 0.0007 0.0007 0.0021 
       EPP15  6 0.9897 0.0014 0.0024 0.0014 0.0009 0.0014 0.0007 0.0022 
       EPP16  6 0.9920 0.0014 0.0009 0.0013 0.0009 0.0007 0.0007 0.0022 
       EPP17  6 0.9919 0.0014 0.0009 0.0013 0.0009 0.0007 0.0007 0.0023 
       EPP18  6 0.9919 0.0014 0.0009 0.0013 0.0009 0.0007 0.0007 0.0022 
       EPP19  6 0.9917 0.0016 0.0009 0.0013 0.0010 0.0007 0.0007 0.0022 
       EPP20  6 0.9883 0.0019 0.0009 0.0025 0.0017 0.0007 0.0007 0.0034 
       EPP21  6 0.9921 0.0015 0.0008 0.0013 0.0009 0.0007 0.0007 0.0021 
       EPP22  6 0.9920 0.0014 0.0009 0.0013 0.0009 0.0007 0.0007 0.0021 
       EPP23  6 0.8758 0.0095 0.0009 0.0029 0.0009 0.0012 0.0007 0.1080 
       EPP24  6 0.9920 0.0014 0.0008 0.0013 0.0009 0.0007 0.0007 0.0021 
       EPP25  6 0.9917 0.0016 0.0009 0.0014 0.0009 0.0008 0.0007 0.0021 
       EPP26  6 0.9917 0.0016 0.0009 0.0013 0.0009 0.0007 0.0007 0.0022 
       EPP27  6 0.9882 0.0019 0.0009 0.0025 0.0018 0.0007 0.0007 0.0033 
       EPP28  6 0.9918 0.0014 0.0009 0.0013 0.0009 0.0007 0.0007 0.0023 
       EPP29  6 0.9919 0.0015 0.0009 0.0013 0.0009 0.0007 0.0007 0.0021 
       EPP30  6 0.9919 0.0014 0.0009 0.0013 0.0009 0.0007 0.0007 0.0022 
       EPP31  6 0.9881 0.0019 0.0009 0.0025 0.0017 0.0007 0.0007 0.0034 
       EPP32  6 0.9919 0.0015 0.0009 0.0014 0.0009 0.0007 0.0007 0.0022 
       EPP33  6 0.9918 0.0016 0.0009 0.0013 0.0010 0.0007 0.0007 0.0021 
       EPP34  6 0.9915 0.0017 0.0009 0.0014 0.0009 0.0007 0.0007 0.0023 
       EPP35  6 0.9017 0.0022 0.0019 0.0046 0.0016 0.0049 0.0007 0.0825 
       EPP36  6 0.9919 0.0015 0.0009 0.0013 0.0009 0.0007 0.0007 0.0022 
