        TC01  1 0.0012 0.0064 0.0014 0.0014 0.0008 0.8251 0.0076 0.0138 0.0196 0.0044 0.0090 0.0015 0.0165 0.0034 0.0045 0.0010 0.0373 0.0149 0.0028 0.0035 0.0161 0.0078 
        TC02  1 0.0013 0.0024 0.0010 0.0018 0.0022 0.8650 0.0042 0.0138 0.0033 0.0073 0.0030 0.0017 0.0197 0.0051 0.0064 0.0011 0.0204 0.0115 0.0038 0.0084 0.0055 0.0113 
        TC03  1 0.0017 0.0011 0.0019 0.0011 0.0016 0.8501 0.0020 0.0068 0.0051 0.0024 0.0043 0.0016 0.0470 0.0034 0.0058 0.0013 0.0137 0.0264 0.0039 0.0040 0.0058 0.0090 
        TC04  1 0.0059 0.0017 0.0013 0.0323 0.0020 0.6996 0.0056 0.0108 0.0088 0.0134 0.0088 0.0027 0.1179 0.0081 0.0034 0.0014 0.0184 0.0162 0.0032 0.0119 0.0047 0.0221 
        TC05  1 0.0093 0.0008 0.0016 0.0073 0.0016 0.8627 0.0031 0.0041 0.0052 0.0022 0.0017 0.0014 0.0354 0.0165 0.0045 0.0017 0.0107 0.0101 0.0035 0.0073 0.0029 0.0063 
        TC06  1 0.0023 0.0010 0.0020 0.0011 0.0020 0.7416 0.0025 0.0086 0.0056 0.0049 0.0028 0.0026 0.1631 0.0032 0.0061 0.0014 0.0104 0.0073 0.0027 0.0067 0.0039 0.0181 
        TC07  1 0.0011 0.0039 0.0012 0.0328 0.0011 0.8513 0.0159 0.0049 0.0048 0.0046 0.0020 0.0012 0.0246 0.0034 0.0026 0.0009 0.0091 0.0118 0.0051 0.0110 0.0026 0.0041 
        TC08  1 0.0016 0.0012 0.0012 0.0058 0.0012 0.8551 0.0036 0.0044 0.0044 0.0039 0.0016 0.0016 0.0278 0.0026 0.0041 0.0048 0.0159 0.0054 0.0058 0.0070 0.0041 0.0371 
        TC09  1 0.0014 0.0009 0.0017 0.0023 0.0015 0.7120 0.0031 0.0396 0.0041 0.0041 0.0026 0.0014 0.0538 0.0022 0.0043 0.0010 0.0160 0.0203 0.0024 0.0030 0.0023 0.1200 
        TC10  1 0.0008 0.0033 0.0009 0.0011 0.0009 0.8422 0.0015 0.0139 0.0041 0.0021 0.0018 0.0018 0.0266 0.0036 0.0035 0.0010 0.0079 0.0504 0.0024 0.0126 0.0122 0.0055 
        TC11  1 0.0009 0.0027 0.0109 0.0010 0.0006 0.9159 0.0017 0.0040 0.0025 0.0021 0.0023 0.0015 0.0123 0.0023 0.0031 0.0014 0.0078 0.0079 0.0029 0.0041 0.0046 0.0076 
        TC12  1 0.0025 0.0024 0.0013 0.0015 0.0008 0.7599 0.0213 0.0070 0.0102 0.0087 0.0073 0.0018 0.0654 0.0028 0.0089 0.0013 0.0441 0.0240 0.0049 0.0074 0.0078 0.0087 
        TC13  1 0.0011 0.0010 0.0013 0.0010 0.0012 0.8755 0.0019 0.0082 0.0049 0.0019 0.0017 0.0019 0.0404 0.0024 0.0025 0.0012 0.0133 0.0057 0.0025 0.0052 0.0044 0.0208 
        TC14  1 0.0012 0.0016 0.0013 0.0024 0.0047 0.6581 0.0019 0.0477 0.0068 0.0023 0.0044 0.0039 0.1763 0.0026 0.0040 0.0018 0.0406 0.0101 0.0080 0.0037 0.0055 0.0111 
        TC15  1 0.0013 0.0008 0.0023 0.0052 0.0058 0.6805 0.0024 0.0177 0.0075 0.0040 0.0029 0.0044 0.1681 0.0039 0.0033 0.0008 0.0234 0.0144 0.0033 0.0065 0.0061 0.0355 
        TC16  1 0.0038 0.0011 0.0059 0.0011 0.0015 0.6672 0.0040 0.0527 0.0098 0.0041 0.0050 0.0028 0.0565 0.0040 0.0076 0.0043 0.0336 0.0089 0.0093 0.0066 0.0041 0.1061 
        TC17  1 0.0023 0.0023 0.0017 0.0014 0.0011 0.5795 0.0067 0.1230 0.0053 0.0247 0.0041 0.0030 0.0823 0.0088 0.0077 0.0033 0.0974 0.0127 0.0065 0.0095 0.0059 0.0110 
        TC18  1 0.0224 0.0019 0.0012 0.0011 0.0007 0.7801 0.0028 0.0061 0.0030 0.0031 0.0117 0.0020 0.0359 0.0530 0.0097 0.0009 0.0138 0.0160 0.0057 0.0054 0.0098 0.0136 
        TC19  1 0.0009 0.0011 0.0009 0.0008 0.0007 0.8557 0.0045 0.0275 0.0027 0.0019 0.0017 0.0026 0.0183 0.0024 0.0059 0.0010 0.0093 0.0073 0.0026 0.0054 0.0046 0.0422 
        TC20  1 0.0028 0.0011 0.0011 0.0013 0.0012 0.8451 0.0018 0.0125 0.0036 0.0019 0.0095 0.0017 0.0336 0.0088 0.0028 0.0016 0.0161 0.0070 0.0037 0.0064 0.0073 0.0290 
        TC21  1 0.0018 0.0039 0.0038 0.0011 0.0009 0.6911 0.0138 0.0039 0.0044 0.0458 0.0154 0.0086 0.0339 0.0040 0.0057 0.0010 0.1115 0.0097 0.0089 0.0065 0.0044 0.0199 
        TC22  1 0.0012 0.0016 0.0010 0.0008 0.0036 0.7920 0.0044 0.0030 0.0043 0.0021 0.0019 0.0332 0.0588 0.0044 0.0115 0.0011 0.0171 0.0075 0.0027 0.0157 0.0132 0.0190 
        TC23  1 0.0007 0.0027 0.0010 0.0027 0.0019 0.8726 0.0021 0.0070 0.0100 0.0020 0.0036 0.0016 0.0363 0.0022 0.0072 0.0016 0.0104 0.0163 0.0036 0.0039 0.0041 0.0066 
        TC24  1 0.0007 0.0007 0.0012 0.0013 0.0006 0.9063 0.0014 0.0068 0.0023 0.0019 0.0013 0.0013 0.0212 0.0064 0.0027 0.0018 0.0085 0.0101 0.0057 0.0031 0.0025 0.0124 
        TC25  1 0.0011 0.0135 0.0008 0.0008 0.0016 0.6387 0.0029 0.0060 0.0046 0.0047 0.0135 0.0076 0.2235 0.0033 0.0066 0.0017 0.0224 0.0208 0.0042 0.0051 0.0031 0.0137 
        TC26  1 0.0009 0.0008 0.0008 0.0015 0.0028 0.7959 0.0026 0.0243 0.0095 0.0071 0.0018 0.0013 0.0955 0.0029 0.0047 0.0010 0.0178 0.0083 0.0042 0.0048 0.0028 0.0088 
        TC27  1 0.0014 0.0010 0.0019 0.0010 0.0010 0.6906 0.0018 0.0042 0.0037 0.0080 0.0019 0.0013 0.1123 0.0029 0.0030 0.0079 0.0893 0.0091 0.0040 0.0045 0.0426 0.0067 
        TC28  1 0.0018 0.0015 0.0016 0.0011 0.0010 0.8233 0.0021 0.0095 0.0065 0.0052 0.0025 0.0019 0.0781 0.0044 0.0031 0.0023 0.0172 0.0128 0.0034 0.0114 0.0036 0.0058 
        TC29  1 0.0437 0.0019 0.0011 0.0011 0.0010 0.6878 0.0029 0.0338 0.0064 0.0022 0.0049 0.0018 0.1284 0.0159 0.0082 0.0024 0.0176 0.0207 0.0058 0.0038 0.0026 0.0062 
        TC30  1 0.0011 0.0011 0.0035 0.0014 0.0008 0.8469 0.0027 0.0159 0.0030 0.0031 0.0020 0.0040 0.0340 0.0026 0.0055 0.0010 0.0131 0.0129 0.0038 0.0047 0.0045 0.0327 
        TC31  1 0.0028 0.0087 0.0016 0.0017 0.0008 0.8025 0.0027 0.0047 0.0028 0.0019 0.0118 0.0106 0.0158 0.0036 0.0268 0.0015 0.0233 0.0160 0.0059 0.0212 0.0082 0.0252 
        TC32  1 0.0015 0.0016 0.0014 0.0019 0.0016 0.6457 0.0099 0.0063 0.0062 0.0096 0.0025 0.0115 0.2271 0.0048 0.0031 0.0017 0.0093 0.0073 0.0033 0.0329 0.0030 0.0082 
        TC33  1 0.0022 0.0040 0.0016 0.0019 0.0012 0.8648 0.0024 0.0044 0.0108 0.0025 0.0025 0.0019 0.0411 0.0048 0.0045 0.0015 0.0126 0.0117 0.0079 0.0043 0.0046 0.0069 
        TC34  1 0.0017 0.0011 0.0017 0.0022 0.0009 0.7306 0.0021 0.0065 0.0066 0.0028 0.0022 0.0014 0.1686 0.0027 0.0069 0.0008 0.0142 0.0107 0.0088 0.0064 0.0070 0.0139 
        TC35  1 0.0087 0.0073 0.0013 0.0020 0.0007 0.7890 0.0024 0.0255 0.0028 0.0060 0.0074 0.0022 0.0411 0.0038 0.0076 0.0021 0.0169 0.0076 0.0032 0.0299 0.0113 0.0212 
        TC36  1 0.0026 0.0012 0.0016 0.0014 0.0011 0.8495 0.0042 0.0095 0.0052 0.0138 0.0023 0.0035 0.0269 0.0043 0.0034 0.0015 0.0204 0.0189 0.0034 0.0054 0.0055 0.0142 
        TC37  1 0.0010 0.0013 0.0014 0.0027 0.0010 0.8909 0.0023 0.0075 0.0039 0.0027 0.0026 0.0029 0.0096 0.0026 0.0038 0.0019 0.0193 0.0092 0.0061 0.0163 0.0043 0.0067 
        TC38  1 0.0030 0.0027 0.0015 0.0017 0.0010 0.7074 0.0051 0.0331 0.0049 0.0041 0.0241 0.0012 0.0559 0.0040 0.0072 0.0009 0.0183 0.0150 0.0039 0.0038 0.0027 0.0985 
        TC39  1 0.0021 0.0011 0.0011 0.0011 0.0015 0.6905 0.0021 0.0847 0.0037 0.0038 0.0037 0.0013 0.1323 0.0026 0.0056 0.0009 0.0206 0.0133 0.0041 0.0093 0.0030 0.0118 
        TC40  1 0.0014 0.0012 0.0017 0.0009 0.0010 0.7131 0.0022 0.0102 0.0053 0.0029 0.0022 0.0025 0.1633 0.0040 0.0060 0.0066 0.0171 0.0253 0.0124 0.0071 0.0044 0.0092 
        TC41  1 0.0013 0.0011 0.0012 0.0012 0.0009 0.8409 0.0023 0.0046 0.0050 0.0042 0.0022 0.0244 0.0196 0.0184 0.0233 0.0051 0.0086 0.0079 0.0030 0.0154 0.0032 0.0065 
        TC42  1 0.0032 0.0007 0.0008 0.0010 0.0014 0.8447 0.0018 0.0081 0.0027 0.0022 0.0016 0.0014 0.0743 0.0051 0.0032 0.0016 0.0145 0.0117 0.0025 0.0029 0.0054 0.0090 
        TC43  1 0.0016 0.0009 0.0013 0.0013 0.0013 0.8286 0.0025 0.0065 0.0044 0.0019 0.0032 0.0023 0.0937 0.0022 0.0032 0.0028 0.0109 0.0096 0.0031 0.0064 0.0044 0.0078 
        TC44  1 0.0014 0.0020 0.0007 0.0014 0.0009 0.7246 0.0026 0.0586 0.0049 0.0044 0.0024 0.0012 0.0655 0.0026 0.0044 0.0046 0.0267 0.0192 0.0028 0.0083 0.0087 0.0521 
        TC45  1 0.0008 0.0011 0.0007 0.0022 0.0026 0.8635 0.0018 0.0112 0.0023 0.0022 0.0105 0.0012 0.0105 0.0019 0.0038 0.0008 0.0487 0.0080 0.0020 0.0160 0.0025 0.0057 
        TC46  1 0.0030 0.0010 0.0012 0.0015 0.0010 0.8625 0.0038 0.0095 0.0046 0.0038 0.0049 0.0015 0.0241 0.0042 0.0113 0.0016 0.0166 0.0129 0.0036 0.0146 0.0059 0.0071 
        TC47  1 0.0014 0.0014 0.0015 0.0009 0.0008 0.8292 0.0020 0.0155 0.0048 0.0036 0.0023 0.0021 0.0316 0.0025 0.0040 0.0016 0.0097 0.0080 0.0032 0.0067 0.0114 0.0559 
        TC48  1 0.0011 0.0011 0.0019 0.0042 0.0029 0.7722 0.0081 0.0118 0.0064 0.0068 0.0073 0.0055 0.0542 0.0068 0.0043 0.0024 0.0350 0.0092 0.0364 0.0065 0.0092 0.0067 
        TC49  1 0.0017 0.0017 0.0017 0.0013 0.0012 0.8399 0.0042 0.0050 0.0048 0.0027 0.0025 0.0019 0.0205 0.0053 0.0031 0.0049 0.0672 0.0052 0.0036 0.0113 0.0049 0.0055 
        TC50  1 0.0026 0.0014 0.0020 0.0019 0.0109 0.8338 0.0022 0.0069 0.0046 0.0054 0.0043 0.0036 0.0186 0.0038 0.0103 0.0014 0.0133 0.0162 0.0073 0.0082 0.0136 0.0277 
        TC51  1 0.0010 0.0033 0.0010 0.0016 0.0010 0.7265 0.0069 0.0046 0.0040 0.0030 0.0032 0.0019 0.1423 0.0040 0.0050 0.0029 0.0227 0.0129 0.0030 0.0061 0.0048 0.0383 
        TC52  1 0.0009 0.0008 0.0016 0.0013 0.0016 0.8020 0.0023 0.0050 0.0113 0.0026 0.0065 0.0012 0.0586 0.0023 0.0035 0.0014 0.0238 0.0487 0.0042 0.0038 0.0026 0.0142 
        TC53  1 0.0021 0.0007 0.0010 0.0020 0.0012 0.7661 0.0169 0.0191 0.0041 0.0056 0.0015 0.0021 0.0876 0.0020 0.0176 0.0008 0.0293 0.0080 0.0034 0.0040 0.0124 0.0127 
        TC54  1 0.0033 0.0014 0.0024 0.0028 0.0043 0.7354 0.0020 0.0096 0.0039 0.0096 0.0034 0.0020 0.1030 0.0063 0.0042 0.0051 0.0302 0.0134 0.0320 0.0071 0.0069 0.0117 
        TC55  1 0.0010 0.0012 0.0012 0.0009 0.0077 0.7828 0.0034 0.0240 0.0048 0.0136 0.0030 0.0155 0.0680 0.0045 0.0026 0.0011 0.0217 0.0187 0.0047 0.0090 0.0043 0.0063 
        TC56  1 0.0033 0.0023 0.0020 0.0026 0.0031 0.7551 0.0045 0.0121 0.0038 0.0026 0.0102 0.0020 0.0746 0.0034 0.0070 0.0514 0.0171 0.0116 0.0101 0.0080 0.0071 0.0059 
        TC57  1 0.0019 0.0014 0.0030 0.0022 0.0016 0.8376 0.0026 0.0284 0.0042 0.0103 0.0019 0.0023 0.0150 0.0034 0.0064 0.0024 0.0252 0.0097 0.0048 0.0092 0.0141 0.0124 
        TC58  1 0.0009 0.0082 0.0012 0.0017 0.0025 0.8626 0.0018 0.0149 0.0073 0.0067 0.0024 0.0013 0.0227 0.0052 0.0050 0.0008 0.0142 0.0088 0.0029 0.0082 0.0052 0.0155 
        TC59  1 0.0011 0.0013 0.0008 0.0009 0.0006 0.8867 0.0017 0.0057 0.0054 0.0066 0.0015 0.0012 0.0392 0.0023 0.0032 0.0009 0.0136 0.0067 0.0038 0.0037 0.0045 0.0085 
        TA01  2 0.0019 0.0014 0.0008 0.0015 0.0026 0.8165 0.0020 0.0300 0.0058 0.0148 0.0018 0.0023 0.0374 0.0033 0.0041 0.0010 0.0101 0.0066 0.0036 0.0033 0.0054 0.0438 
        TA02  2 0.0019 0.0008 0.0011 0.0040 0.0007 0.8272 0.0024 0.0211 0.0071 0.0050 0.0022 0.0017 0.0239 0.0208 0.0032 0.0129 0.0146 0.0202 0.0077 0.0066 0.0030 0.0117 
        TA03  2 0.0016 0.0014 0.0016 0.0029 0.0015 0.7718 0.0022 0.0563 0.0050 0.0035 0.0024 0.0018 0.0263 0.0080 0.0058 0.0014 0.0186 0.0124 0.0074 0.0125 0.0247 0.0308 
        TA04  2 0.0009 0.0010 0.0013 0.0058 0.0012 0.5315 0.0019 0.1055 0.0049 0.0023 0.0019 0.0020 0.1302 0.0024 0.0041 0.0012 0.0126 0.0095 0.0031 0.0137 0.0077 0.1556 
        TA05  2 0.0027 0.0013 0.0016 0.0015 0.0013 0.8833 0.0046 0.0066 0.0054 0.0034 0.0034 0.0020 0.0154 0.0053 0.0035 0.0016 0.0134 0.0073 0.0055 0.0055 0.0054 0.0199 
        TA06  2 0.0008 0.0015 0.0006 0.0006 0.0017 0.8466 0.0016 0.0156 0.0037 0.0031 0.0017 0.0022 0.0629 0.0019 0.0032 0.0008 0.0066 0.0096 0.0027 0.0060 0.0037 0.0228 
        TA07  2 0.0067 0.0025 0.0021 0.0023 0.0013 0.5121 0.0077 0.2885 0.0043 0.0557 0.0022 0.0016 0.0169 0.0033 0.0081 0.0014 0.0342 0.0164 0.0096 0.0053 0.0043 0.0135 
        TA08  2 0.0007 0.0010 0.0009 0.0020 0.0025 0.7386 0.0018 0.0214 0.0027 0.0017 0.0038 0.0012 0.1157 0.0022 0.0034 0.0049 0.0132 0.0074 0.0030 0.0039 0.0458 0.0223 
        TA09  2 0.0008 0.0009 0.0010 0.0012 0.0007 0.8531 0.0052 0.0229 0.0107 0.0019 0.0014 0.0012 0.0405 0.0028 0.0034 0.0019 0.0071 0.0129 0.0031 0.0034 0.0042 0.0196 
        TA10  2 0.0040 0.0368 0.0020 0.0014 0.0014 0.7700 0.0029 0.0222 0.0082 0.0071 0.0022 0.0013 0.0313 0.0381 0.0070 0.0011 0.0284 0.0073 0.0036 0.0057 0.0049 0.0132 
        TA11  2 0.0012 0.0153 0.0012 0.0019 0.0013 0.6389 0.0026 0.1083 0.0033 0.0025 0.0040 0.0015 0.0286 0.0220 0.0390 0.0022 0.0271 0.0086 0.0037 0.0435 0.0101 0.0332 
        TA12  2 0.0030 0.0017 0.0013 0.0012 0.0025 0.7147 0.0029 0.0346 0.0035 0.0029 0.0018 0.0015 0.0168 0.1610 0.0044 0.0009 0.0128 0.0053 0.0047 0.0064 0.0050 0.0111 
        TA13  2 0.0149 0.0046 0.0105 0.0014 0.0091 0.6367 0.0396 0.0062 0.0054 0.0028 0.0025 0.0018 0.0900 0.0213 0.0092 0.0022 0.0524 0.0156 0.0081 0.0071 0.0052 0.0533 
        TA14  2 0.0019 0.0007 0.0008 0.0012 0.0028 0.7895 0.0025 0.0428 0.0028 0.0017 0.0013 0.0013 0.0736 0.0020 0.0022 0.0107 0.0093 0.0287 0.0040 0.0059 0.0028 0.0114 
        TA15  2 0.0247 0.0012 0.0015 0.0042 0.0041 0.8044 0.0015 0.0081 0.0033 0.0021 0.0013 0.0015 0.0961 0.0020 0.0033 0.0023 0.0101 0.0082 0.0033 0.0061 0.0032 0.0073 
        TA16  2 0.0025 0.0174 0.0014 0.0097 0.0019 0.7051 0.0037 0.0371 0.0080 0.0162 0.0019 0.0014 0.0979 0.0078 0.0024 0.0024 0.0171 0.0109 0.0030 0.0042 0.0054 0.0427 
        TA17  2 0.0031 0.0011 0.0011 0.0048 0.0015 0.8135 0.0029 0.0053 0.0202 0.0033 0.0018 0.0018 0.0552 0.0138 0.0040 0.0033 0.0134 0.0086 0.0062 0.0074 0.0196 0.0081 
        TA18  2 0.0012 0.0060 0.0010 0.0028 0.0007 0.7774 0.0020 0.0038 0.1023 0.0027 0.0017 0.0198 0.0194 0.0025 0.0068 0.0018 0.0105 0.0057 0.0031 0.0083 0.0050 0.0155 
        TA19  2 0.0012 0.0033 0.0011 0.0014 0.0011 0.7575 0.0033 0.0087 0.0042 0.0028 0.0019 0.0042 0.0285 0.0051 0.0100 0.0017 0.0113 0.0076 0.0043 0.0122 0.0613 0.0674 
        TA20  2 0.0107 0.0010 0.0017 0.0184 0.0008 0.7807 0.0023 0.0184 0.0031 0.0061 0.0026 0.0015 0.0326 0.0406 0.0087 0.0058 0.0104 0.0080 0.0302 0.0054 0.0044 0.0064 
        TA21  2 0.0038 0.0015 0.0040 0.0036 0.0026 0.7495 0.0042 0.0984 0.0103 0.0029 0.0026 0.0014 0.0380 0.0071 0.0035 0.0058 0.0203 0.0094 0.0073 0.0058 0.0048 0.0132 
        TA22  2 0.0016 0.0008 0.0009 0.0016 0.0047 0.7893 0.0015 0.0055 0.0040 0.0033 0.0019 0.0022 0.1319 0.0024 0.0064 0.0009 0.0077 0.0066 0.0106 0.0075 0.0029 0.0060 
        TA23  2 0.0010 0.0011 0.0009 0.0011 0.0014 0.7711 0.0015 0.0128 0.0045 0.0020 0.0016 0.0019 0.1520 0.0050 0.0028 0.0016 0.0091 0.0066 0.0038 0.0044 0.0037 0.0099 
        TA24  2 0.0019 0.0010 0.0909 0.0012 0.0009 0.7597 0.0021 0.0057 0.0037 0.0069 0.0018 0.0012 0.0290 0.0028 0.0065 0.0022 0.0170 0.0187 0.0030 0.0108 0.0120 0.0211 
        TA25  2 0.0029 0.1240 0.0037 0.0020 0.0013 0.7165 0.0035 0.0051 0.0078 0.0046 0.0019 0.0011 0.0387 0.0220 0.0070 0.0017 0.0207 0.0075 0.0022 0.0073 0.0059 0.0128 
        TA26  2 0.0039 0.0027 0.0015 0.0015 0.0063 0.7354 0.0016 0.1020 0.0030 0.0023 0.0048 0.0022 0.0414 0.0074 0.0054 0.0011 0.0232 0.0068 0.0058 0.0043 0.0097 0.0275 
        TA27  2 0.0085 0.0012 0.0009 0.0012 0.0014 0.8376 0.0018 0.0080 0.0058 0.0026 0.0015 0.0019 0.0245 0.0388 0.0059 0.0013 0.0144 0.0126 0.0048 0.0045 0.0067 0.0141 
        TA28  2 0.0017 0.0009 0.0015 0.0024 0.0007 0.7824 0.0036 0.0428 0.0071 0.0060 0.0044 0.0024 0.0242 0.0071 0.0054 0.0125 0.0223 0.0239 0.0073 0.0126 0.0037 0.0250 
        TA29  2 0.0015 0.0013 0.0010 0.0047 0.0026 0.7788 0.0024 0.0058 0.0046 0.0042 0.0020 0.0023 0.1212 0.0028 0.0058 0.0024 0.0135 0.0078 0.0032 0.0063 0.0167 0.0089 
        TA30  2 0.0031 0.0012 0.0017 0.0013 0.0039 0.5215 0.0029 0.2134 0.0031 0.0020 0.0031 0.0022 0.0273 0.0041 0.0044 0.0055 0.0320 0.0085 0.0087 0.0056 0.0154 0.1291 
      BERM01  3 0.0008 0.0009 0.0008 0.0008 0.0009 0.0025 0.0017 0.0047 0.0026 0.0016 0.0013 0.0019 0.8430 0.0039 0.0025 0.0009 0.0080 0.0050 0.0029 0.0032 0.0026 0.1075 
      BERM02  3 0.0010 0.0007 0.0010 0.0011 0.0009 0.0043 0.0019 0.0070 0.0023 0.0017 0.0016 0.0049 0.9120 0.0020 0.0026 0.0008 0.0102 0.0051 0.0030 0.0046 0.0022 0.0289 
      BERM03  3 0.0009 0.0009 0.0006 0.0007 0.0009 0.0022 0.0024 0.0043 0.0028 0.0021 0.0015 0.0016 0.9424 0.0024 0.0037 0.0008 0.0085 0.0053 0.0027 0.0034 0.0032 0.0066 
      BERM04  3 0.0007 0.0011 0.0006 0.0008 0.0009 0.0019 0.0016 0.0052 0.0028 0.0017 0.0017 0.0013 0.9299 0.0020 0.0025 0.0007 0.0078 0.0059 0.0024 0.0030 0.0039 0.0216 
      BERM05  3 0.0009 0.0011 0.0009 0.0009 0.0014 0.0019 0.0016 0.0047 0.0042 0.0025 0.0021 0.0013 0.9133 0.0025 0.0054 0.0010 0.0078 0.0086 0.0031 0.0033 0.0036 0.0281 
      BERM06  3 0.0007 0.0007 0.0008 0.0009 0.0008 0.0031 0.0018 0.0498 0.0050 0.0039 0.0019 0.0016 0.8514 0.0029 0.0024 0.0006 0.0078 0.0059 0.0022 0.0064 0.0035 0.0460 
      BERM07  3 0.0009 0.0015 0.0006 0.0011 0.0009 0.0037 0.0020 0.0070 0.0026 0.0017 0.0016 0.0013 0.8876 0.0021 0.0035 0.0014 0.0109 0.0055 0.0026 0.0049 0.0057 0.0507 
      BERM08  3 0.0008 0.0008 0.0006 0.0007 0.0011 0.0026 0.0013 0.0040 0.0022 0.0015 0.0018 0.0012 0.9246 0.0019 0.0022 0.0006 0.0063 0.0050 0.0019 0.0027 0.0026 0.0336 
      BERM09  3 0.0008 0.0009 0.0006 0.0010 0.0006 0.0105 0.0021 0.1738 0.0033 0.0031 0.0012 0.0033 0.5864 0.0017 0.0041 0.0008 0.0085 0.0045 0.0025 0.0048 0.0028 0.1826 
      BERM10  3 0.0008 0.0010 0.0038 0.0009 0.0010 0.0057 0.0073 0.0129 0.0034 0.0047 0.0025 0.0019 0.8443 0.0025 0.0045 0.0011 0.0214 0.0059 0.0026 0.0047 0.0088 0.0583 
      BERM11  3 0.0008 0.0010 0.0007 0.0011 0.0009 0.0035 0.0014 0.0454 0.0023 0.0015 0.0018 0.0014 0.8876 0.0019 0.0023 0.0010 0.0084 0.0057 0.0026 0.0047 0.0027 0.0212 
      BERM12  3 0.0008 0.0012 0.0006 0.0009 0.0006 0.0040 0.0016 0.0104 0.0135 0.0013 0.0124 0.0016 0.8881 0.0049 0.0027 0.0008 0.0066 0.0239 0.0027 0.0034 0.0107 0.0072 
      BERM13  3 0.0015 0.0013 0.0015 0.0008 0.0008 0.0028 0.0018 0.0041 0.0094 0.0021 0.0014 0.0015 0.9045 0.0019 0.0033 0.0009 0.0090 0.0049 0.0024 0.0083 0.0042 0.0316 
      BERM14  3 0.0008 0.0012 0.0008 0.0014 0.0007 0.0042 0.0018 0.0262 0.0027 0.0015 0.0014 0.0013 0.8971 0.0018 0.0047 0.0008 0.0080 0.0110 0.0023 0.0034 0.0031 0.0239 
      CROC01  3 0.0010 0.0016 0.0012 0.0014 0.0013 0.0030 0.0020 0.0057 0.0035 0.0035 0.0021 0.0052 0.8217 0.0040 0.0170 0.0013 0.0382 0.0211 0.0141 0.0106 0.0091 0.0314 
      CROC02  3 0.0018 0.0013 0.0025 0.0014 0.0019 0.0030 0.0021 0.0248 0.0327 0.0089 0.0034 0.0014 0.8467 0.0020 0.0034 0.0015 0.0176 0.0089 0.0041 0.0179 0.0030 0.0097 
      CROC03  3 0.0016 0.0010 0.0012 0.0011 0.0012 0.0031 0.0023 0.0738 0.0026 0.0021 0.0043 0.0015 0.8462 0.0026 0.0030 0.0016 0.0086 0.0109 0.0035 0.0068 0.0048 0.0162 
      CROC04  3 0.0010 0.0010 0.0018 0.0007 0.0008 0.0233 0.0021 0.0034 0.0027 0.0626 0.0013 0.0013 0.8393 0.0024 0.0040 0.0010 0.0104 0.0128 0.0025 0.0068 0.0031 0.0158 
      CROC05  3 0.0013 0.0016 0.0012 0.0012 0.0011 0.0025 0.0021 0.0165 0.0035 0.0081 0.0016 0.0019 0.8942 0.0024 0.0033 0.0010 0.0119 0.0065 0.0030 0.0037 0.0029 0.0284 
      CROC06  3 0.0008 0.0058 0.0011 0.0010 0.0020 0.0069 0.0028 0.0075 0.0054 0.0700 0.0025 0.0017 0.7971 0.0028 0.0043 0.0012 0.0096 0.0207 0.0067 0.0109 0.0036 0.0356 
      CROC07  3 0.0011 0.0011 0.0013 0.0010 0.0013 0.0056 0.0028 0.0150 0.0085 0.0036 0.0018 0.0017 0.8772 0.0031 0.0083 0.0010 0.0156 0.0077 0.0037 0.0130 0.0047 0.0209 
      CROC08  3 0.0029 0.0022 0.0007 0.0009 0.0027 0.0034 0.0051 0.0051 0.0033 0.0023 0.0038 0.0033 0.8614 0.0098 0.0124 0.0080 0.0132 0.0119 0.0216 0.0037 0.0050 0.0171 
      CROC09  3 0.0010 0.0008 0.0016 0.0008 0.0010 0.0021 0.0185 0.0234 0.0024 0.0023 0.0027 0.0026 0.7736 0.0017 0.0032 0.0011 0.0083 0.0152 0.0128 0.0036 0.0024 0.1189 
      CROC10  3 0.0009 0.0015 0.0007 0.0008 0.0016 0.0024 0.0019 0.0050 0.0031 0.0018 0.0020 0.0040 0.8057 0.0018 0.0029 0.0007 0.0117 0.0060 0.0021 0.0038 0.0027 0.1369 
      CROC11  3 0.0010 0.0008 0.0016 0.0008 0.0010 0.0021 0.0190 0.0237 0.0023 0.0023 0.0027 0.0025 0.7741 0.0017 0.0030 0.0011 0.0082 0.0152 0.0125 0.0035 0.0024 0.1185 
     CROC110  3 0.0058 0.0009 0.0007 0.0010 0.0007 0.0042 0.0164 0.0338 0.0046 0.0048 0.0015 0.0029 0.7943 0.0027 0.0034 0.0019 0.0425 0.0141 0.0058 0.0041 0.0046 0.0491 
     CROC116  3 0.0016 0.0011 0.0013 0.0014 0.0035 0.0071 0.0025 0.0115 0.0101 0.0041 0.0034 0.0030 0.8341 0.0116 0.0076 0.0013 0.0163 0.0508 0.0044 0.0056 0.0044 0.0132 
      CROC12  3 0.0011 0.0008 0.0018 0.0007 0.0007 0.0029 0.0028 0.0037 0.0032 0.0025 0.0016 0.0016 0.9181 0.0030 0.0026 0.0011 0.0089 0.0048 0.0025 0.0041 0.0025 0.0290 
     CROC123  3 0.0011 0.0006 0.0007 0.0006 0.0008 0.0033 0.0023 0.0103 0.0021 0.0015 0.0016 0.0021 0.9147 0.0030 0.0020 0.0008 0.0074 0.0085 0.0019 0.0033 0.0022 0.0290 
      CROC13  3 0.0008 0.0015 0.0007 0.0008 0.0025 0.0024 0.0017 0.0084 0.0026 0.0021 0.0040 0.0010 0.9274 0.0024 0.0045 0.0013 0.0097 0.0057 0.0024 0.0032 0.0042 0.0107 
      CROC14  3 0.0012 0.0437 0.0017 0.0029 0.0011 0.0045 0.0111 0.0197 0.0026 0.0217 0.0027 0.0011 0.8312 0.0037 0.0021 0.0012 0.0106 0.0062 0.0048 0.0050 0.0020 0.0193 
      CROC15  3 0.0011 0.0024 0.0010 0.0085 0.0009 0.0032 0.0063 0.0038 0.0145 0.0027 0.0036 0.0019 0.8175 0.0032 0.0028 0.0025 0.0142 0.0805 0.0111 0.0036 0.0038 0.0109 
      CROC16  3 0.0014 0.0012 0.0011 0.0011 0.0051 0.0019 0.0026 0.0133 0.0069 0.0049 0.0119 0.0019 0.7272 0.0055 0.0044 0.0021 0.0220 0.0231 0.0065 0.0046 0.0035 0.1476 
      CROC17  3 0.0008 0.0007 0.0006 0.0009 0.0006 0.0195 0.0013 0.0033 0.0019 0.0017 0.0015 0.0015 0.9014 0.0023 0.0022 0.0009 0.0369 0.0048 0.0020 0.0037 0.0024 0.0090 
      CROC18  3 0.0017 0.0008 0.0009 0.0012 0.0009 0.0036 0.0021 0.0048 0.0055 0.0017 0.0053 0.0021 0.8972 0.0025 0.0115 0.0007 0.0108 0.0061 0.0029 0.0244 0.0032 0.0101 
      CROC19  3 0.0008 0.0011 0.0055 0.0013 0.0007 0.0055 0.0050 0.0046 0.0033 0.0108 0.0019 0.0016 0.8829 0.0025 0.0058 0.0016 0.0191 0.0084 0.0032 0.0085 0.0063 0.0193 
     CROC198  3 0.0011 0.0013 0.0010 0.0007 0.0010 0.0024 0.0017 0.0146 0.0023 0.0020 0.0017 0.0019 0.8599 0.0022 0.0042 0.0011 0.0193 0.0052 0.0030 0.0041 0.0077 0.0616 
      CROC20  3 0.0030 0.0011 0.0010 0.0016 0.0012 0.0023 0.0024 0.0100 0.0053 0.0036 0.0029 0.0013 0.8756 0.0025 0.0032 0.0033 0.0218 0.0097 0.0037 0.0182 0.0039 0.0224 
     CROC202  3 0.0010 0.0015 0.0010 0.0009 0.0016 0.0028 0.0017 0.0152 0.0029 0.0026 0.0063 0.0014 0.8854 0.0027 0.0103 0.0011 0.0118 0.0083 0.0024 0.0048 0.0054 0.0289 
      CROC21  3 0.0011 0.0011 0.0011 0.0010 0.0013 0.0038 0.0119 0.0049 0.0028 0.0016 0.0020 0.0023 0.8890 0.0023 0.0030 0.0007 0.0123 0.0054 0.0039 0.0040 0.0034 0.0410 
     CROC216  3 0.0028 0.0010 0.0019 0.0008 0.0008 0.0078 0.0033 0.0189 0.0185 0.0035 0.0027 0.0036 0.8321 0.0046 0.0039 0.0009 0.0097 0.0229 0.0047 0.0039 0.0032 0.0487 
      CROC22  3 0.0245 0.0011 0.0009 0.0015 0.0009 0.0038 0.0055 0.0734 0.0027 0.0020 0.0021 0.0028 0.7861 0.0221 0.0045 0.0007 0.0148 0.0064 0.0025 0.0047 0.0155 0.0215 
      CROC23  3 0.0016 0.0010 0.0017 0.0012 0.0058 0.0135 0.0033 0.0054 0.0031 0.0022 0.0020 0.0045 0.8141 0.0029 0.0031 0.0012 0.0109 0.0065 0.0035 0.0045 0.0035 0.1045 
      CROC24  3 0.0011 0.0009 0.0014 0.0012 0.0010 0.0035 0.0018 0.0377 0.0027 0.0028 0.0040 0.0013 0.8106 0.0030 0.0044 0.0012 0.0104 0.0078 0.0037 0.0036 0.0027 0.0932 
      CROC25  3 0.0007 0.0010 0.0007 0.0009 0.0006 0.0026 0.0017 0.0079 0.0026 0.0020 0.0014 0.0026 0.9332 0.0020 0.0027 0.0008 0.0071 0.0074 0.0027 0.0039 0.0028 0.0126 
     CROC259  3 0.0014 0.0058 0.0012 0.0015 0.0012 0.0175 0.0015 0.0075 0.0029 0.0051 0.0023 0.0012 0.8933 0.0033 0.0030 0.0012 0.0074 0.0061 0.0026 0.0032 0.0036 0.0273 
      CROC26  3 0.0009 0.0013 0.0010 0.0010 0.0010 0.0718 0.0013 0.0054 0.0030 0.0017 0.0020 0.0020 0.8478 0.0028 0.0037 0.0012 0.0081 0.0084 0.0034 0.0031 0.0052 0.0241 
      CROC27  3 0.0013 0.0010 0.0014 0.0011 0.0009 0.0144 0.0015 0.0767 0.0031 0.0025 0.0019 0.0020 0.7862 0.0135 0.0030 0.0028 0.0155 0.0133 0.0065 0.0054 0.0045 0.0414 
      CROC28  3 0.0009 0.0010 0.0010 0.0008 0.0007 0.0152 0.0019 0.1892 0.0027 0.0028 0.0016 0.0014 0.6476 0.0036 0.0029 0.0009 0.0091 0.0085 0.0033 0.0026 0.0027 0.0996 
      CROC29  3 0.0024 0.0009 0.0009 0.0008 0.0011 0.0028 0.0015 0.0087 0.0024 0.0022 0.0018 0.0018 0.9122 0.0021 0.0030 0.0010 0.0197 0.0145 0.0054 0.0038 0.0030 0.0080 
      CROC30  3 0.0034 0.0011 0.0027 0.0019 0.0009 0.0040 0.0027 0.0098 0.0268 0.0276 0.0028 0.0027 0.7808 0.0053 0.0034 0.0036 0.0245 0.0124 0.0053 0.0096 0.0031 0.0656 
      CROC31  3 0.0012 0.0012 0.0018 0.0024 0.0032 0.0141 0.0028 0.0384 0.0111 0.0034 0.0020 0.0022 0.7317 0.0065 0.0041 0.0009 0.0368 0.0136 0.0042 0.0044 0.0031 0.1111 
      CROC32  3 0.0008 0.0010 0.0008 0.0008 0.0008 0.0024 0.0020 0.0131 0.0034 0.0031 0.0016 0.0011 0.9190 0.0022 0.0035 0.0007 0.0132 0.0051 0.0022 0.0042 0.0031 0.0160 
      CROC33  3 0.0027 0.0006 0.0012 0.0007 0.0007 0.0056 0.0021 0.0078 0.0027 0.0116 0.0023 0.0015 0.8804 0.0020 0.0039 0.0150 0.0138 0.0125 0.0157 0.0049 0.0034 0.0089 
      CROC34  3 0.0007 0.0013 0.0010 0.0008 0.0007 0.0030 0.0014 0.0044 0.0046 0.0024 0.0018 0.0014 0.9258 0.0038 0.0028 0.0011 0.0083 0.0063 0.0035 0.0049 0.0043 0.0156 
      CROC35  3 0.0008 0.0009 0.0007 0.0010 0.0005 0.0049 0.0014 0.0183 0.0025 0.0070 0.0013 0.0016 0.8751 0.0023 0.0021 0.0016 0.0473 0.0041 0.0020 0.0027 0.0019 0.0205 
      CROC36  3 0.0008 0.0011 0.0007 0.0009 0.0017 0.0021 0.0016 0.0050 0.0023 0.0021 0.0018 0.0035 0.8297 0.0018 0.0036 0.0007 0.0092 0.0074 0.0025 0.0031 0.0025 0.1159 
      CROC57  3 0.0010 0.0019 0.0008 0.0009 0.0008 0.0020 0.0016 0.0046 0.0029 0.0020 0.0016 0.0012 0.9338 0.0020 0.0045 0.0010 0.0100 0.0073 0.0032 0.0039 0.0030 0.0102 
      CROC81  3 0.0016 0.0011 0.0013 0.0009 0.0013 0.0026 0.0018 0.0169 0.0054 0.0038 0.0096 0.0031 0.8473 0.0022 0.0084 0.0014 0.0293 0.0096 0.0109 0.0073 0.0029 0.0315 
      CROC84  3 0.0008 0.0008 0.0006 0.0006 0.0007 0.0033 0.0013 0.0131 0.0040 0.0014 0.0045 0.0011 0.8670 0.0034 0.0025 0.0008 0.0070 0.0114 0.0019 0.0024 0.0049 0.0668 
        FW01  3 0.0012 0.0012 0.0010 0.0008 0.0009 0.0022 0.0026 0.9099 0.0039 0.0018 0.0032 0.0011 0.0172 0.0028 0.0047 0.0015 0.0161 0.0071 0.0038 0.0057 0.0053 0.0059 
        FW02  3 0.0006 0.0007 0.0005 0.0005 0.0005 0.0014 0.0012 0.0025 0.0018 0.0011 0.0011 0.0011 0.0077 0.0014 0.0019 0.0006 0.0060 0.0041 0.0018 0.0025 0.0020 0.9587 
        FW03  3 0.0007 0.0007 0.0006 0.0006 0.0007 0.0019 0.0014 0.9417 0.0022 0.0016 0.0017 0.0012 0.0104 0.0017 0.0023 0.0008 0.0082 0.0066 0.0023 0.0032 0.0027 0.0067 
        FW04  3 0.0006 0.0007 0.0005 0.0005 0.0005 0.0014 0.0012 0.0025 0.0018 0.0011 0.0011 0.0011 0.0077 0.0014 0.0019 0.0006 0.0060 0.0041 0.0018 0.0025 0.0020 0.9586 
        FW05  3 0.0006 0.0007 0.0005 0.0005 0.0005 0.0014 0.0013 0.0025 0.0017 0.0011 0.0011 0.0011 0.0077 0.0014 0.0019 0.0006 0.0060 0.0041 0.0018 0.0025 0.0020 0.9587 
        FW06  3 0.0006 0.0007 0.0005 0.0005 0.0005 0.0014 0.0012 0.0025 0.0018 0.0012 0.0011 0.0011 0.0079 0.0014 0.0019 0.0006 0.0060 0.0041 0.0018 0.0025 0.0021 0.9586 
        FW07  3 0.0006 0.0007 0.0006 0.0006 0.0007 0.0020 0.0014 0.9416 0.0022 0.0016 0.0017 0.0012 0.0104 0.0017 0.0024 0.0007 0.0082 0.0068 0.0022 0.0031 0.0028 0.0067 
        FW08  3 0.0006 0.0007 0.0005 0.0005 0.0005 0.0014 0.0012 0.0026 0.0017 0.0012 0.0011 0.0011 0.0077 0.0014 0.0020 0.0006 0.0059 0.0041 0.0018 0.0026 0.0020 0.9587 
        FW09  3 0.0006 0.0007 0.0005 0.0005 0.0005 0.0014 0.0012 0.0026 0.0018 0.0012 0.0011 0.0012 0.0077 0.0014 0.0020 0.0006 0.0059 0.0041 0.0018 0.0025 0.0020 0.9587 
        FW10  3 0.0007 0.0007 0.0006 0.0007 0.0007 0.0021 0.0015 0.9407 0.0022 0.0015 0.0017 0.0012 0.0105 0.0020 0.0024 0.0007 0.0084 0.0069 0.0025 0.0031 0.0027 0.0067 
       FW100  3 0.0006 0.0007 0.0006 0.0007 0.0007 0.0020 0.0014 0.9344 0.0023 0.0015 0.0016 0.0012 0.0116 0.0020 0.0024 0.0007 0.0084 0.0061 0.0024 0.0032 0.0028 0.0126 
       FW101  3 0.0007 0.0007 0.0006 0.0007 0.0008 0.0020 0.0015 0.9405 0.0022 0.0015 0.0017 0.0012 0.0106 0.0019 0.0024 0.0007 0.0084 0.0068 0.0025 0.0031 0.0028 0.0067 
       FW102  3 0.0006 0.0007 0.0005 0.0005 0.0005 0.0014 0.0012 0.0026 0.0018 0.0012 0.0012 0.0012 0.0077 0.0014 0.0019 0.0006 0.0059 0.0041 0.0018 0.0025 0.0020 0.9587 
       FW103  3 0.0006 0.0007 0.0005 0.0005 0.0005 0.0014 0.0012 0.0026 0.0017 0.0011 0.0011 0.0011 0.0077 0.0014 0.0019 0.0006 0.0059 0.0041 0.0018 0.0025 0.0021 0.9589 
       FW104  3 0.0012 0.0012 0.0010 0.0008 0.0009 0.0021 0.0026 0.9098 0.0039 0.0018 0.0032 0.0011 0.0174 0.0029 0.0048 0.0016 0.0161 0.0071 0.0038 0.0056 0.0052 0.0060 
       FW105  3 0.0006 0.0007 0.0006 0.0006 0.0007 0.0020 0.0015 0.9407 0.0022 0.0015 0.0017 0.0012 0.0103 0.0020 0.0024 0.0008 0.0085 0.0069 0.0024 0.0031 0.0027 0.0067 
       FW106  3 0.0042 0.0009 0.0014 0.0022 0.0014 0.0041 0.0034 0.0197 0.0037 0.0022 0.0028 0.0029 0.7193 0.0029 0.0030 0.0251 0.0147 0.0251 0.0036 0.0717 0.0052 0.0803 
       FW107  3 0.0012 0.0012 0.0010 0.0008 0.0010 0.0022 0.0026 0.9096 0.0038 0.0019 0.0032 0.0011 0.0174 0.0028 0.0046 0.0016 0.0161 0.0071 0.0038 0.0056 0.0053 0.0059 
       FW108  3 0.0006 0.0007 0.0005 0.0005 0.0005 0.0014 0.0013 0.0026 0.0018 0.0012 0.0011 0.0011 0.0079 0.0014 0.0019 0.0006 0.0059 0.0041 0.0018 0.0026 0.0020 0.9585 
       FW109  3 0.0007 0.0007 0.0006 0.0007 0.0008 0.0020 0.0014 0.9407 0.0022 0.0015 0.0017 0.0012 0.0103 0.0020 0.0024 0.0008 0.0084 0.0070 0.0024 0.0031 0.0027 0.0067 
        FW11  3 0.0007 0.0007 0.0006 0.0006 0.0007 0.0021 0.0015 0.9344 0.0022 0.0014 0.0017 0.0011 0.0116 0.0020 0.0024 0.0008 0.0084 0.0062 0.0025 0.0031 0.0027 0.0125 
       FW110  3 0.0007 0.0007 0.0006 0.0006 0.0007 0.0019 0.0014 0.9418 0.0022 0.0016 0.0017 0.0012 0.0105 0.0017 0.0023 0.0008 0.0083 0.0065 0.0022 0.0032 0.0027 0.0066 
       FW111  3 0.0006 0.0007 0.0005 0.0005 0.0005 0.0014 0.0012 0.0025 0.0018 0.0012 0.0011 0.0012 0.0077 0.0014 0.0019 0.0006 0.0059 0.0041 0.0018 0.0025 0.0020 0.9588 
       FW112  3 0.0007 0.0007 0.0006 0.0006 0.0007 0.0020 0.0014 0.9342 0.0022 0.0015 0.0017 0.0012 0.0118 0.0019 0.0024 0.0007 0.0084 0.0062 0.0024 0.0031 0.0028 0.0126 
       FW113  3 0.0006 0.0007 0.0005 0.0005 0.0005 0.0014 0.0012 0.0025 0.0018 0.0011 0.0011 0.0011 0.0077 0.0014 0.0019 0.0006 0.0059 0.0041 0.0018 0.0025 0.0020 0.9588 
       FW114  3 0.0008 0.0007 0.0007 0.0007 0.0007 0.0023 0.0014 0.9391 0.0023 0.0019 0.0017 0.0012 0.0110 0.0019 0.0025 0.0008 0.0086 0.0068 0.0022 0.0032 0.0028 0.0067 
       FW115  3 0.0006 0.0008 0.0006 0.0007 0.0007 0.0020 0.0015 0.9407 0.0022 0.0015 0.0017 0.0012 0.0105 0.0019 0.0024 0.0008 0.0085 0.0068 0.0025 0.0031 0.0028 0.0066 
       FW116  3 0.0006 0.0007 0.0005 0.0005 0.0006 0.0014 0.0013 0.0025 0.0018 0.0012 0.0011 0.0011 0.0077 0.0014 0.0019 0.0006 0.0060 0.0041 0.0018 0.0025 0.0020 0.9587 
        FW12  3 0.0006 0.0007 0.0005 0.0005 0.0005 0.0014 0.0012 0.0026 0.0018 0.0011 0.0011 0.0012 0.0077 0.0014 0.0020 0.0006 0.0060 0.0041 0.0018 0.0026 0.0020 0.9587 
        FW13  3 0.0006 0.0007 0.0005 0.0005 0.0005 0.0014 0.0012 0.0025 0.0018 0.0011 0.0011 0.0011 0.0078 0.0014 0.0019 0.0006 0.0059 0.0041 0.0018 0.0025 0.0020 0.9587 
        FW14  3 0.0011 0.0012 0.0010 0.0009 0.0010 0.0022 0.0025 0.9096 0.0040 0.0018 0.0033 0.0011 0.0174 0.0029 0.0047 0.0016 0.0162 0.0071 0.0038 0.0056 0.0052 0.0059 
        FW15  3 0.0012 0.0013 0.0010 0.0008 0.0009 0.0022 0.0026 0.9098 0.0039 0.0018 0.0032 0.0011 0.0173 0.0029 0.0047 0.0016 0.0160 0.0070 0.0039 0.0056 0.0051 0.0059 
        FW16  3 0.0007 0.0007 0.0006 0.0006 0.0007 0.0020 0.0014 0.9409 0.0022 0.0015 0.0017 0.0012 0.0104 0.0020 0.0024 0.0007 0.0085 0.0069 0.0025 0.0031 0.0027 0.0066 
        FW17  3 0.0006 0.0007 0.0006 0.0006 0.0007 0.0020 0.0015 0.9409 0.0022 0.0015 0.0017 0.0012 0.0104 0.0019 0.0024 0.0008 0.0083 0.0069 0.0024 0.0031 0.0027 0.0067 
        FW18  3 0.0006 0.0008 0.0006 0.0006 0.0007 0.0021 0.0015 0.9343 0.0022 0.0015 0.0017 0.0011 0.0118 0.0020 0.0024 0.0007 0.0084 0.0061 0.0024 0.0031 0.0028 0.0126 
        FW19  3 0.0006 0.0007 0.0005 0.0005 0.0005 0.0014 0.0012 0.0025 0.0018 0.0012 0.0011 0.0011 0.0077 0.0014 0.0019 0.0006 0.0060 0.0041 0.0018 0.0025 0.0020 0.9588 
        FW20  3 0.0006 0.0006 0.0005 0.0005 0.0005 0.0014 0.0012 0.0026 0.0018 0.0011 0.0011 0.0011 0.0077 0.0014 0.0019 0.0006 0.0060 0.0041 0.0018 0.0025 0.0021 0.9587 
        FW21  3 0.0006 0.0007 0.0005 0.0005 0.0005 0.0014 0.0013 0.0025 0.0018 0.0012 0.0011 0.0012 0.0078 0.0014 0.0019 0.0006 0.0060 0.0041 0.0018 0.0026 0.0020 0.9586 
        FW22  3 0.0007 0.0007 0.0006 0.0007 0.0007 0.0020 0.0015 0.9345 0.0022 0.0015 0.0017 0.0012 0.0117 0.0020 0.0024 0.0007 0.0085 0.0061 0.0024 0.0031 0.0028 0.0124 
        FW23  3 0.0006 0.0007 0.0005 0.0005 0.0006 0.0014 0.0013 0.0025 0.0018 0.0012 0.0011 0.0011 0.0078 0.0014 0.0019 0.0006 0.0060 0.0041 0.0018 0.0025 0.0021 0.9586 
        FW24  3 0.0006 0.0007 0.0005 0.0005 0.0005 0.0014 0.0013 0.0026 0.0018 0.0012 0.0011 0.0012 0.0077 0.0014 0.0019 0.0006 0.0060 0.0041 0.0018 0.0025 0.0020 0.9587 
        FW25  3 0.0006 0.0007 0.0005 0.0005 0.0005 0.0014 0.0012 0.0026 0.0017 0.0011 0.0011 0.0011 0.0077 0.0014 0.0019 0.0006 0.0059 0.0041 0.0018 0.0025 0.0020 0.9587 
        FW26  3 0.0006 0.0007 0.0005 0.0005 0.0005 0.0014 0.0012 0.0026 0.0017 0.0012 0.0011 0.0012 0.0077 0.0014 0.0019 0.0006 0.0059 0.0041 0.0018 0.0025 0.0020 0.9588 
        FW27  3 0.0006 0.0007 0.0006 0.0006 0.0007 0.0020 0.0015 0.9409 0.0022 0.0015 0.0017 0.0012 0.0103 0.0020 0.0024 0.0008 0.0084 0.0069 0.0024 0.0031 0.0028 0.0067 
        FW28  3 0.0006 0.0007 0.0005 0.0005 0.0005 0.0015 0.0013 0.0026 0.0017 0.0012 0.0011 0.0012 0.0078 0.0014 0.0019 0.0006 0.0059 0.0041 0.0018 0.0026 0.0020 0.9585 
        FW29  3 0.0006 0.0007 0.0005 0.0005 0.0005 0.0014 0.0012 0.0025 0.0018 0.0011 0.0011 0.0012 0.0076 0.0014 0.0020 0.0006 0.0059 0.0041 0.0018 0.0025 0.0021 0.9588 
        FW30  3 0.0042 0.0009 0.0014 0.0021 0.0013 0.0042 0.0036 0.0194 0.0037 0.0022 0.0028 0.0029 0.7189 0.0030 0.0031 0.0260 0.0146 0.0249 0.0035 0.0717 0.0052 0.0804 
        FW32  3 0.0012 0.0012 0.0010 0.0008 0.0010 0.0022 0.0026 0.9097 0.0039 0.0019 0.0033 0.0011 0.0174 0.0029 0.0046 0.0015 0.0160 0.0071 0.0038 0.0056 0.0053 0.0059 
        FW33  3 0.0006 0.0007 0.0005 0.0012 0.0005 0.0020 0.0043 0.0026 0.0018 0.0013 0.0011 0.0089 0.0157 0.0014 0.0019 0.0006 0.0060 0.0041 0.0018 0.0026 0.0020 0.9384 
        FW34  3 0.0006 0.0007 0.0005 0.0005 0.0005 0.0014 0.0013 0.0026 0.0018 0.0012 0.0011 0.0011 0.0077 0.0014 0.0019 0.0006 0.0059 0.0041 0.0018 0.0025 0.0021 0.9587 
        FW35  3 0.0006 0.0007 0.0005 0.0005 0.0005 0.0014 0.0012 0.0025 0.0017 0.0012 0.0012 0.0012 0.0077 0.0014 0.0019 0.0006 0.0060 0.0041 0.0018 0.0025 0.0020 0.9588 
        FW36  3 0.0006 0.0007 0.0005 0.0005 0.0005 0.0014 0.0012 0.0025 0.0017 0.0012 0.0011 0.0011 0.0077 0.0014 0.0019 0.0006 0.0059 0.0041 0.0018 0.0025 0.0020 0.9588 
        FW37  3 0.0006 0.0007 0.0006 0.0006 0.0008 0.0020 0.0014 0.9408 0.0022 0.0015 0.0016 0.0012 0.0104 0.0020 0.0024 0.0008 0.0085 0.0069 0.0024 0.0031 0.0027 0.0066 
        FW51  3 0.0006 0.0007 0.0005 0.0005 0.0005 0.0014 0.0012 0.0025 0.0018 0.0011 0.0011 0.0011 0.0077 0.0014 0.0019 0.0006 0.0059 0.0041 0.0018 0.0025 0.0020 0.9588 
        FW52  3 0.0006 0.0007 0.0006 0.0007 0.0008 0.0020 0.0014 0.9407 0.0022 0.0015 0.0017 0.0012 0.0104 0.0020 0.0024 0.0008 0.0084 0.0069 0.0024 0.0031 0.0028 0.0067 
        FW53  3 0.0006 0.0007 0.0005 0.0005 0.0005 0.0014 0.0012 0.0025 0.0018 0.0011 0.0011 0.0011 0.0077 0.0014 0.0019 0.0006 0.0060 0.0041 0.0018 0.0025 0.0020 0.9588 
        FW54  3 0.0006 0.0007 0.0006 0.0006 0.0007 0.0019 0.0014 0.9418 0.0022 0.0016 0.0017 0.0012 0.0105 0.0017 0.0024 0.0008 0.0083 0.0067 0.0022 0.0031 0.0027 0.0066 
        FW55  3 0.0006 0.0007 0.0005 0.0005 0.0005 0.0014 0.0013 0.0026 0.0017 0.0012 0.0011 0.0011 0.0078 0.0014 0.0019 0.0006 0.0059 0.0041 0.0018 0.0025 0.0020 0.9587 
        FW56  3 0.0006 0.0007 0.0005 0.0005 0.0005 0.0014 0.0013 0.0026 0.0018 0.0012 0.0011 0.0011 0.0078 0.0014 0.0019 0.0006 0.0059 0.0041 0.0018 0.0025 0.0020 0.9587 
        FW57  3 0.0006 0.0007 0.0005 0.0005 0.0005 0.0014 0.0013 0.0025 0.0018 0.0011 0.0011 0.0011 0.0078 0.0014 0.0019 0.0006 0.0059 0.0041 0.0018 0.0026 0.0020 0.9586 
        FW78  3 0.0006 0.0007 0.0005 0.0005 0.0005 0.0014 0.0012 0.0025 0.0017 0.0011 0.0012 0.0011 0.0077 0.0014 0.0019 0.0006 0.0059 0.0041 0.0018 0.0025 0.0020 0.9588 
        FW79  3 0.0006 0.0007 0.0005 0.0005 0.0005 0.0014 0.0013 0.0026 0.0018 0.0012 0.0011 0.0012 0.0079 0.0014 0.0019 0.0006 0.0059 0.0041 0.0018 0.0025 0.0020 0.9585 
        FW80  3 0.0006 0.0007 0.0005 0.0005 0.0005 0.0014 0.0012 0.0025 0.0018 0.0012 0.0011 0.0011 0.0077 0.0014 0.0019 0.0006 0.0059 0.0041 0.0018 0.0025 0.0020 0.9589 
        FW81  3 0.0007 0.0007 0.0006 0.0006 0.0007 0.0019 0.0014 0.9420 0.0022 0.0016 0.0017 0.0012 0.0104 0.0017 0.0024 0.0007 0.0082 0.0067 0.0022 0.0031 0.0028 0.0066 
        FW82  3 0.0006 0.0007 0.0006 0.0006 0.0008 0.0019 0.0015 0.9409 0.0022 0.0015 0.0017 0.0012 0.0104 0.0020 0.0023 0.0007 0.0085 0.0069 0.0024 0.0031 0.0028 0.0066 
        FW83  3 0.0011 0.0013 0.0010 0.0008 0.0009 0.0022 0.0026 0.9097 0.0039 0.0018 0.0033 0.0011 0.0172 0.0029 0.0048 0.0016 0.0163 0.0070 0.0038 0.0057 0.0052 0.0059 
        FW84  3 0.0006 0.0007 0.0005 0.0005 0.0005 0.0014 0.0012 0.0026 0.0018 0.0011 0.0011 0.0012 0.0077 0.0014 0.0019 0.0006 0.0059 0.0041 0.0018 0.0026 0.0020 0.9587 
        FW85  3 0.0007 0.0007 0.0006 0.0007 0.0007 0.0022 0.0015 0.9345 0.0022 0.0018 0.0019 0.0012 0.0105 0.0020 0.0024 0.0008 0.0093 0.0114 0.0024 0.0032 0.0028 0.0067 
        FW86  3 0.0007 0.0007 0.0006 0.0006 0.0007 0.0021 0.0015 0.9342 0.0022 0.0015 0.0017 0.0012 0.0118 0.0020 0.0024 0.0007 0.0085 0.0061 0.0024 0.0031 0.0028 0.0126 
        FW87  3 0.0007 0.0007 0.0006 0.0006 0.0007 0.0020 0.0015 0.9341 0.0023 0.0015 0.0017 0.0012 0.0118 0.0020 0.0023 0.0008 0.0084 0.0062 0.0024 0.0031 0.0028 0.0127 
        FW88  3 0.0006 0.0007 0.0005 0.0005 0.0005 0.0014 0.0012 0.0026 0.0018 0.0012 0.0011 0.0012 0.0077 0.0014 0.0019 0.0006 0.0059 0.0041 0.0018 0.0025 0.0020 0.9587 
        FW89  3 0.0006 0.0007 0.0005 0.0005 0.0005 0.0014 0.0012 0.0025 0.0018 0.0012 0.0011 0.0012 0.0077 0.0014 0.0019 0.0006 0.0059 0.0041 0.0018 0.0025 0.0020 0.9588 
        FW90  3 0.0006 0.0007 0.0005 0.0005 0.0005 0.0014 0.0013 0.0025 0.0018 0.0011 0.0011 0.0012 0.0077 0.0014 0.0019 0.0006 0.0059 0.0041 0.0018 0.0025 0.0020 0.9588 
        FW91  3 0.0006 0.0007 0.0006 0.0007 0.0008 0.0020 0.0015 0.9406 0.0022 0.0015 0.0017 0.0012 0.0105 0.0020 0.0024 0.0008 0.0084 0.0069 0.0024 0.0031 0.0027 0.0066 
        FW92  3 0.0006 0.0007 0.0005 0.0005 0.0005 0.0014 0.0012 0.0025 0.0018 0.0011 0.0011 0.0012 0.0077 0.0014 0.0020 0.0006 0.0059 0.0041 0.0018 0.0025 0.0020 0.9588 
        FW93  3 0.0006 0.0007 0.0005 0.0005 0.0005 0.0014 0.0012 0.0026 0.0018 0.0012 0.0011 0.0012 0.0078 0.0014 0.0019 0.0006 0.0059 0.0041 0.0018 0.0026 0.0020 0.9587 
        FW94  3 0.0006 0.0007 0.0006 0.0006 0.0007 0.0020 0.0014 0.9407 0.0022 0.0015 0.0017 0.0012 0.0106 0.0020 0.0024 0.0007 0.0084 0.0069 0.0024 0.0031 0.0028 0.0067 
        FW95  3 0.0006 0.0007 0.0005 0.0005 0.0005 0.0014 0.0012 0.0026 0.0018 0.0012 0.0011 0.0011 0.0078 0.0014 0.0019 0.0006 0.0059 0.0041 0.0018 0.0025 0.0021 0.9586 
        FW96  3 0.0006 0.0007 0.0005 0.0005 0.0005 0.0014 0.0013 0.0026 0.0018 0.0012 0.0011 0.0012 0.0077 0.0014 0.0019 0.0006 0.0059 0.0041 0.0018 0.0025 0.0020 0.9587 
        FW97  3 0.0023 0.0028 0.0069 0.0013 0.0009 0.0031 0.0014 0.0394 0.0154 0.0026 0.0028 0.0042 0.7863 0.0044 0.0048 0.0017 0.0213 0.0083 0.0053 0.0072 0.0131 0.0645 
        FW98  3 0.0007 0.0007 0.0006 0.0006 0.0007 0.0019 0.0014 0.9415 0.0022 0.0016 0.0017 0.0012 0.0105 0.0018 0.0024 0.0008 0.0084 0.0067 0.0022 0.0031 0.0028 0.0067 
        FW99  3 0.0006 0.0007 0.0005 0.0005 0.0005 0.0014 0.0013 0.0025 0.0018 0.0011 0.0011 0.0012 0.0077 0.0014 0.0019 0.0006 0.0059 0.0041 0.0018 0.0025 0.0020 0.9588 
       Cal01  3 0.0015 0.0011 0.0012 0.0017 0.0008 0.0035 0.0014 0.0066 0.0024 0.0019 0.0018 0.0012 0.6836 0.0052 0.0115 0.0018 0.0128 0.0086 0.0074 0.0029 0.0031 0.2383 
       Cal02  3 0.0014 0.0010 0.0008 0.0010 0.0011 0.0032 0.0030 0.0052 0.0032 0.0021 0.0022 0.0034 0.8787 0.0037 0.0033 0.0009 0.0129 0.0074 0.0025 0.0086 0.0034 0.0508 
