        TC01  1 0.0045 0.0009 0.0043 0.0007 0.0047 0.0018 0.0016 0.0025 0.0027 0.9218 0.0227 0.0152 0.0088 0.0048 0.0030 
        TC02  1 0.0030 0.0013 0.0038 0.0021 0.0018 0.0015 0.0020 0.0038 0.0039 0.9453 0.0077 0.0056 0.0066 0.0060 0.0057 
        TC03  1 0.0015 0.0009 0.0019 0.0016 0.0024 0.0030 0.0023 0.0021 0.0028 0.9545 0.0039 0.0055 0.0047 0.0084 0.0044 
        TC04  1 0.0018 0.0037 0.0056 0.0017 0.0091 0.0027 0.0018 0.0560 0.0059 0.7818 0.0049 0.0043 0.0469 0.0712 0.0028 
        TC05  1 0.0014 0.0007 0.0013 0.0014 0.0010 0.0014 0.0030 0.0125 0.0034 0.9495 0.0025 0.0026 0.0085 0.0080 0.0027 
        TC06  1 0.0013 0.0022 0.0032 0.0018 0.0021 0.0014 0.0015 0.0042 0.0028 0.8246 0.0032 0.0036 0.0170 0.1285 0.0027 
        TC07  1 0.0015 0.0005 0.0015 0.0011 0.0012 0.0014 0.0025 0.0050 0.0254 0.9234 0.0132 0.0023 0.0102 0.0091 0.0017 
        TC08  1 0.0015 0.0032 0.0014 0.0011 0.0009 0.0009 0.0037 0.0040 0.0041 0.9558 0.0036 0.0037 0.0062 0.0076 0.0024 
        TC09  1 0.0018 0.0709 0.0165 0.0012 0.0014 0.0027 0.0013 0.0027 0.0050 0.8446 0.0028 0.0020 0.0035 0.0413 0.0022 
        TC10  1 0.0008 0.0007 0.0166 0.0013 0.0010 0.0199 0.0013 0.0017 0.0054 0.8945 0.0136 0.0117 0.0079 0.0165 0.0072 
        TC11  1 0.0008 0.0009 0.0012 0.0005 0.0014 0.0012 0.0018 0.0020 0.0017 0.9653 0.0090 0.0042 0.0046 0.0036 0.0018 
        TC12  1 0.0128 0.0010 0.0024 0.0008 0.0050 0.0029 0.0030 0.0038 0.0030 0.8789 0.0088 0.0092 0.0468 0.0167 0.0052 
        TC13  1 0.0012 0.0020 0.0021 0.0010 0.0010 0.0010 0.0014 0.0017 0.0021 0.9637 0.0030 0.0037 0.0059 0.0085 0.0018 
        TC14  1 0.0026 0.0014 0.0208 0.0077 0.0037 0.0027 0.0061 0.0026 0.0024 0.8202 0.0054 0.0066 0.0065 0.1084 0.0030 
        TC15  1 0.0029 0.0060 0.0076 0.0060 0.0020 0.0033 0.0019 0.0026 0.0061 0.8587 0.0025 0.0055 0.0088 0.0828 0.0032 
        TC16  1 0.0028 0.0708 0.0254 0.0014 0.0027 0.0020 0.0068 0.0057 0.0084 0.8102 0.0034 0.0039 0.0146 0.0379 0.0041 
        TC17  1 0.0067 0.0013 0.1116 0.0013 0.0040 0.0029 0.0069 0.0322 0.0268 0.7428 0.0077 0.0099 0.0083 0.0275 0.0102 
        TC18  1 0.0029 0.0012 0.0015 0.0007 0.0193 0.0036 0.0048 0.0125 0.0022 0.8909 0.0067 0.0160 0.0077 0.0117 0.0182 
        TC19  1 0.0010 0.0052 0.0070 0.0006 0.0010 0.0013 0.0015 0.0017 0.0017 0.9578 0.0034 0.0041 0.0051 0.0057 0.0029 
        TC20  1 0.0013 0.0025 0.0027 0.0009 0.0037 0.0011 0.0019 0.0023 0.0025 0.9573 0.0033 0.0044 0.0067 0.0077 0.0018 
        TC21  1 0.0660 0.0026 0.0012 0.0009 0.0176 0.0124 0.0121 0.0455 0.0053 0.7820 0.0153 0.0053 0.0091 0.0202 0.0045 
        TC22  1 0.0052 0.0028 0.0010 0.0046 0.0013 0.0035 0.0018 0.0023 0.0049 0.9117 0.0053 0.0206 0.0092 0.0135 0.0122 
        TC23  1 0.0009 0.0008 0.0022 0.0015 0.0016 0.0018 0.0021 0.0018 0.0023 0.9530 0.0086 0.0038 0.0081 0.0082 0.0034 
        TC24  1 0.0008 0.0010 0.0017 0.0005 0.0007 0.0014 0.0028 0.0018 0.0017 0.9731 0.0020 0.0023 0.0029 0.0049 0.0024 
        TC25  1 0.0025 0.0018 0.0021 0.0019 0.0144 0.0087 0.0031 0.0025 0.0031 0.7342 0.0359 0.0033 0.0078 0.1745 0.0042 
        TC26  1 0.0013 0.0011 0.0082 0.0026 0.0011 0.0012 0.0022 0.0029 0.0044 0.9307 0.0025 0.0026 0.0122 0.0249 0.0022 
        TC27  1 0.0015 0.0008 0.0014 0.0011 0.0014 0.0013 0.0034 0.0097 0.0048 0.8896 0.0030 0.0467 0.0044 0.0288 0.0022 
        TC28  1 0.0017 0.0007 0.0031 0.0011 0.0022 0.0027 0.0026 0.0041 0.0044 0.8948 0.0048 0.0037 0.0315 0.0401 0.0026 
        TC29  1 0.0022 0.0007 0.0099 0.0008 0.0039 0.0032 0.0044 0.0280 0.0019 0.8648 0.0078 0.0023 0.0057 0.0600 0.0043 
        TC30  1 0.0015 0.0029 0.0043 0.0007 0.0011 0.0025 0.0019 0.0024 0.0022 0.9568 0.0032 0.0040 0.0041 0.0098 0.0026 
        TC31  1 0.0028 0.0022 0.0015 0.0008 0.0077 0.0046 0.0037 0.0023 0.0041 0.9043 0.0313 0.0077 0.0082 0.0047 0.0141 
        TC32  1 0.0022 0.0013 0.0024 0.0013 0.0016 0.0039 0.0020 0.0045 0.0041 0.7458 0.0045 0.0029 0.0660 0.1554 0.0022 
        TC33  1 0.0015 0.0008 0.0013 0.0012 0.0015 0.0017 0.0043 0.0023 0.0026 0.9450 0.0130 0.0043 0.0074 0.0090 0.0040 
        TC34  1 0.0016 0.0014 0.0028 0.0009 0.0013 0.0013 0.0054 0.0026 0.0049 0.8611 0.0036 0.0086 0.0075 0.0925 0.0045 
        TC35  1 0.0021 0.0023 0.0137 0.0006 0.0043 0.0013 0.0022 0.0033 0.0057 0.8994 0.0189 0.0178 0.0112 0.0118 0.0054 
        TC36  1 0.0032 0.0014 0.0026 0.0009 0.0013 0.0037 0.0020 0.0035 0.0040 0.9524 0.0038 0.0049 0.0062 0.0079 0.0022 
        TC37  1 0.0019 0.0008 0.0023 0.0010 0.0015 0.0016 0.0035 0.0021 0.0052 0.9590 0.0042 0.0039 0.0077 0.0029 0.0023 
        TC38  1 0.0021 0.0230 0.0328 0.0008 0.0198 0.0018 0.0020 0.0055 0.0023 0.8491 0.0081 0.0024 0.0074 0.0395 0.0035 
        TC39  1 0.0017 0.0014 0.0676 0.0016 0.0023 0.0017 0.0022 0.0023 0.0051 0.8091 0.0036 0.0026 0.0069 0.0893 0.0024 
        TC40  1 0.0017 0.0012 0.0038 0.0012 0.0016 0.0041 0.0114 0.0028 0.0030 0.8680 0.0036 0.0050 0.0135 0.0741 0.0050 
        TC41  1 0.0010 0.0008 0.0014 0.0008 0.0014 0.0023 0.0029 0.0018 0.0091 0.9385 0.0033 0.0029 0.0076 0.0051 0.0211 
        TC42  1 0.0011 0.0010 0.0025 0.0011 0.0009 0.0014 0.0015 0.0026 0.0019 0.9536 0.0022 0.0047 0.0032 0.0195 0.0029 
        TC43  1 0.0013 0.0008 0.0020 0.0013 0.0018 0.0015 0.0021 0.0020 0.0021 0.9506 0.0028 0.0040 0.0076 0.0182 0.0021 
        TC44  1 0.0036 0.0121 0.0205 0.0011 0.0013 0.0019 0.0017 0.0019 0.0059 0.8961 0.0089 0.0125 0.0065 0.0226 0.0034 
        TC45  1 0.0019 0.0007 0.0038 0.0025 0.0062 0.0011 0.0012 0.0020 0.0073 0.9581 0.0035 0.0024 0.0042 0.0033 0.0018 
        TC46  1 0.0024 0.0008 0.0023 0.0011 0.0038 0.0019 0.0026 0.0039 0.0038 0.9368 0.0030 0.0075 0.0184 0.0059 0.0058 
        TC47  1 0.0012 0.0063 0.0054 0.0008 0.0015 0.0015 0.0022 0.0023 0.0037 0.9326 0.0042 0.0131 0.0088 0.0132 0.0031 
        TC48  1 0.0103 0.0007 0.0035 0.0041 0.0052 0.0027 0.0205 0.0037 0.0075 0.9021 0.0035 0.0103 0.0086 0.0119 0.0053 
        TC49  1 0.0075 0.0006 0.0016 0.0011 0.0014 0.0009 0.0026 0.0028 0.0035 0.9445 0.0053 0.0047 0.0143 0.0066 0.0024 
        TC50  1 0.0014 0.0018 0.0017 0.0082 0.0028 0.0031 0.0040 0.0033 0.0042 0.9350 0.0048 0.0131 0.0060 0.0052 0.0055 
        TC51  1 0.0076 0.0058 0.0015 0.0012 0.0019 0.0020 0.0019 0.0025 0.0043 0.8898 0.0123 0.0051 0.0076 0.0529 0.0034 
        TC52  1 0.0014 0.0012 0.0013 0.0012 0.0044 0.0076 0.0021 0.0016 0.0091 0.9285 0.0022 0.0024 0.0244 0.0101 0.0023 
        TC53  1 0.0052 0.0012 0.0046 0.0011 0.0009 0.0013 0.0018 0.0040 0.0024 0.9366 0.0020 0.0103 0.0037 0.0151 0.0098 
        TC54  1 0.0037 0.0013 0.0027 0.0049 0.0022 0.0021 0.0221 0.0062 0.0099 0.8827 0.0048 0.0074 0.0040 0.0419 0.0040 
        TC55  1 0.0026 0.0008 0.0079 0.0132 0.0026 0.0100 0.0031 0.0043 0.0098 0.8940 0.0037 0.0048 0.0094 0.0316 0.0020 
        TC56  1 0.0025 0.0007 0.0037 0.0048 0.0095 0.0021 0.0128 0.0043 0.0028 0.9089 0.0087 0.0080 0.0081 0.0185 0.0045 
        TC57  1 0.0028 0.0013 0.0075 0.0016 0.0014 0.0019 0.0038 0.0067 0.0038 0.9286 0.0043 0.0188 0.0087 0.0046 0.0041 
        TC58  1 0.0012 0.0013 0.0046 0.0020 0.0014 0.0011 0.0015 0.0020 0.0143 0.9149 0.0284 0.0046 0.0136 0.0061 0.0031 
        TC59  1 0.0013 0.0008 0.0015 0.0006 0.0008 0.0010 0.0019 0.0026 0.0021 0.9642 0.0038 0.0040 0.0052 0.0082 0.0019 
        TA01  2 0.0010 0.0049 0.0094 0.0021 0.0011 0.0012 0.0018 0.0036 0.0028 0.9439 0.0042 0.0048 0.0048 0.0117 0.0027 
        TA02  2 0.0013 0.0010 0.0036 0.0006 0.0012 0.0024 0.0056 0.0041 0.0028 0.9544 0.0024 0.0028 0.0090 0.0056 0.0033 
        TA03  2 0.0016 0.0034 0.0175 0.0014 0.0013 0.0017 0.0036 0.0027 0.0034 0.9167 0.0043 0.0190 0.0108 0.0078 0.0046 
        TA04  2 0.0018 0.1343 0.0569 0.0010 0.0011 0.0015 0.0018 0.0014 0.0076 0.6640 0.0029 0.0064 0.0098 0.1075 0.0021 
        TA05  2 0.0015 0.0022 0.0020 0.0012 0.0019 0.0012 0.0028 0.0033 0.0028 0.9566 0.0040 0.0047 0.0083 0.0046 0.0028 
        TA06  2 0.0007 0.0026 0.0040 0.0016 0.0010 0.0017 0.0014 0.0013 0.0037 0.9515 0.0048 0.0035 0.0040 0.0165 0.0016 
        TA07  2 0.0032 0.0022 0.2000 0.0013 0.0014 0.0023 0.0052 0.0201 0.0029 0.7282 0.0093 0.0045 0.0073 0.0060 0.0061 
        TA08  2 0.0013 0.0025 0.0058 0.0019 0.0021 0.0010 0.0020 0.0013 0.0016 0.9021 0.0028 0.0348 0.0038 0.0351 0.0020 
        TA09  2 0.0011 0.0021 0.0064 0.0007 0.0008 0.0014 0.0018 0.0017 0.0016 0.9554 0.0025 0.0036 0.0088 0.0100 0.0020 
        TA10  2 0.0025 0.0015 0.0049 0.0014 0.0012 0.0010 0.0019 0.0050 0.0028 0.8844 0.0623 0.0051 0.0116 0.0093 0.0050 
        TA11  2 0.0027 0.0046 0.0417 0.0012 0.0024 0.0012 0.0022 0.0016 0.0059 0.7666 0.0406 0.0101 0.0091 0.0114 0.0986 
        TA12  2 0.0018 0.0011 0.0056 0.0049 0.0010 0.0009 0.0024 0.0063 0.0020 0.8634 0.0079 0.0135 0.0062 0.0047 0.0783 
        TA13  2 0.0452 0.0171 0.0022 0.0252 0.0015 0.0022 0.0043 0.0147 0.0029 0.7588 0.0249 0.0063 0.0109 0.0714 0.0124 
        TA14  2 0.0011 0.0013 0.0130 0.0019 0.0008 0.0023 0.0030 0.0019 0.0022 0.9455 0.0020 0.0026 0.0044 0.0166 0.0015 
        TA15  2 0.0026 0.0009 0.0024 0.0034 0.0008 0.0012 0.0020 0.0015 0.0037 0.9463 0.0035 0.0027 0.0056 0.0218 0.0017 
        TA16  2 0.0017 0.0102 0.0148 0.0016 0.0010 0.0012 0.0018 0.0038 0.0086 0.8608 0.0306 0.0046 0.0105 0.0463 0.0022 
        TA17  2 0.0013 0.0009 0.0015 0.0013 0.0009 0.0014 0.0037 0.0041 0.0026 0.9161 0.0031 0.0172 0.0278 0.0135 0.0045 
        TA18  2 0.0011 0.0019 0.0012 0.0006 0.0009 0.0113 0.0017 0.0016 0.0277 0.8446 0.0156 0.0041 0.0788 0.0061 0.0027 
        TA19  2 0.0017 0.0237 0.0026 0.0011 0.0011 0.0026 0.0024 0.0032 0.0050 0.8471 0.0092 0.0655 0.0131 0.0171 0.0046 
        TA20  2 0.0010 0.0007 0.0043 0.0008 0.0016 0.0012 0.0202 0.0290 0.0024 0.9009 0.0032 0.0044 0.0051 0.0079 0.0172 
        TA21  2 0.0030 0.0016 0.0591 0.0030 0.0017 0.0014 0.0048 0.0044 0.0021 0.8723 0.0047 0.0050 0.0127 0.0207 0.0034 
        TA22  2 0.0008 0.0007 0.0017 0.0061 0.0011 0.0011 0.0060 0.0019 0.0020 0.9124 0.0024 0.0027 0.0081 0.0490 0.0040 
        TA23  2 0.0009 0.0011 0.0040 0.0014 0.0009 0.0010 0.0020 0.0014 0.0018 0.9213 0.0030 0.0032 0.0065 0.0490 0.0023 
        TA24  2 0.0015 0.0016 0.0014 0.0010 0.0011 0.0017 0.0020 0.0162 0.0036 0.9369 0.0031 0.0120 0.0064 0.0073 0.0043 
        TA25  2 0.0023 0.0014 0.0014 0.0014 0.0011 0.0010 0.0013 0.0047 0.0036 0.8033 0.1429 0.0057 0.0102 0.0123 0.0072 
        TA26  2 0.0014 0.0036 0.1001 0.0069 0.0034 0.0012 0.0033 0.0024 0.0019 0.8260 0.0082 0.0087 0.0045 0.0227 0.0060 
        TA27  2 0.0017 0.0019 0.0023 0.0016 0.0009 0.0020 0.0026 0.0061 0.0029 0.9458 0.0040 0.0078 0.0062 0.0075 0.0066 
        TA28  2 0.0033 0.0023 0.0089 0.0006 0.0041 0.0051 0.0085 0.0037 0.0076 0.9160 0.0027 0.0035 0.0212 0.0070 0.0053 
        TA29  2 0.0013 0.0011 0.0017 0.0025 0.0011 0.0014 0.0018 0.0020 0.0047 0.9084 0.0040 0.0139 0.0083 0.0451 0.0026 
        TA30  2 0.0060 0.0935 0.2018 0.0048 0.0019 0.0018 0.0066 0.0024 0.0054 0.6290 0.0042 0.0169 0.0046 0.0176 0.0034 
      BERM01  3 0.0010 0.0599 0.0016 0.0008 0.0008 0.0009 0.0016 0.0013 0.0015 0.0026 0.0026 0.0024 0.0036 0.9174 0.0020 
      BERM02  3 0.0011 0.0025 0.0023 0.0009 0.0009 0.0011 0.0016 0.0014 0.0019 0.0041 0.0022 0.0020 0.0036 0.9729 0.0016 
      BERM03  3 0.0012 0.0008 0.0014 0.0008 0.0009 0.0009 0.0014 0.0015 0.0017 0.0024 0.0029 0.0029 0.0035 0.9756 0.0021 
      BERM04  3 0.0010 0.0020 0.0017 0.0008 0.0010 0.0009 0.0013 0.0011 0.0016 0.0019 0.0033 0.0037 0.0036 0.9746 0.0014 
      BERM05  3 0.0009 0.0028 0.0014 0.0014 0.0012 0.0011 0.0017 0.0013 0.0024 0.0019 0.0034 0.0034 0.0039 0.9708 0.0025 
      BERM06  3 0.0009 0.0052 0.0186 0.0007 0.0011 0.0010 0.0012 0.0014 0.0063 0.0031 0.0021 0.0031 0.0051 0.9488 0.0016 
      BERM07  3 0.0013 0.0048 0.0023 0.0008 0.0009 0.0008 0.0015 0.0013 0.0020 0.0037 0.0043 0.0049 0.0038 0.9655 0.0020 
      BERM08  3 0.0007 0.0037 0.0012 0.0009 0.0010 0.0008 0.0010 0.0012 0.0013 0.0027 0.0023 0.0024 0.0029 0.9766 0.0014 
      BERM09  3 0.0013 0.0832 0.1818 0.0006 0.0007 0.0011 0.0015 0.0012 0.0075 0.0175 0.0030 0.0027 0.0032 0.6929 0.0019 
      BERM10  3 0.0015 0.0063 0.0039 0.0009 0.0014 0.0010 0.0014 0.0032 0.0125 0.0056 0.0029 0.0082 0.0038 0.9450 0.0027 
      BERM11  3 0.0010 0.0022 0.0134 0.0008 0.0011 0.0009 0.0015 0.0012 0.0020 0.0037 0.0032 0.0024 0.0034 0.9620 0.0013 
      BERM12  3 0.0008 0.0008 0.0028 0.0005 0.0132 0.0040 0.0015 0.0011 0.0017 0.0054 0.0038 0.0225 0.0097 0.9307 0.0015 
      BERM13  3 0.0011 0.0029 0.0013 0.0007 0.0008 0.0008 0.0013 0.0013 0.0039 0.0027 0.0035 0.0036 0.0096 0.9647 0.0018 
      BERM14  3 0.0012 0.0024 0.0077 0.0007 0.0008 0.0014 0.0013 0.0012 0.0020 0.0042 0.0034 0.0029 0.0028 0.9659 0.0022 
      CROC01  3 0.0033 0.0029 0.0017 0.0012 0.0013 0.0043 0.0085 0.0018 0.0083 0.0031 0.0048 0.0089 0.0043 0.9364 0.0092 
      CROC02  3 0.0015 0.0011 0.0083 0.0017 0.0020 0.0012 0.0023 0.0023 0.0399 0.0034 0.0041 0.0028 0.0146 0.9129 0.0019 
      CROC03  3 0.0010 0.0018 0.0228 0.0010 0.0026 0.0014 0.0020 0.0019 0.0020 0.0034 0.0033 0.0046 0.0045 0.9456 0.0022 
      CROC04  3 0.0010 0.0016 0.0010 0.0007 0.0008 0.0026 0.0014 0.0073 0.0440 0.0628 0.0028 0.0030 0.0026 0.8657 0.0026 
      CROC05  3 0.0014 0.0029 0.0052 0.0012 0.0010 0.0011 0.0017 0.0023 0.0039 0.0025 0.0053 0.0027 0.0045 0.9625 0.0019 
      CROC06  3 0.0009 0.0032 0.0025 0.0020 0.0015 0.0025 0.0038 0.0050 0.0376 0.0077 0.0251 0.0034 0.0056 0.8967 0.0026 
      CROC07  3 0.0016 0.0026 0.0058 0.0013 0.0010 0.0013 0.0021 0.0020 0.0249 0.0061 0.0036 0.0046 0.0063 0.9330 0.0039 
      CROC08  3 0.0023 0.0019 0.0017 0.0041 0.0024 0.0018 0.0240 0.0024 0.0018 0.0034 0.0073 0.0049 0.0041 0.9330 0.0048 
      CROC09  3 0.0008 0.0682 0.0068 0.0010 0.0014 0.0025 0.0041 0.0039 0.0013 0.0022 0.0024 0.0021 0.0038 0.8977 0.0017 
      CROC10  3 0.0014 0.0686 0.0017 0.0014 0.0011 0.0014 0.0012 0.0012 0.0019 0.0026 0.0044 0.0025 0.0035 0.9055 0.0016 
      CROC11  3 0.0008 0.0669 0.0070 0.0010 0.0014 0.0024 0.0041 0.0039 0.0013 0.0022 0.0024 0.0021 0.0037 0.8991 0.0017 
     CROC110  3 0.0208 0.0071 0.0126 0.0008 0.0009 0.0025 0.0040 0.0162 0.0024 0.0079 0.0033 0.0052 0.0064 0.9078 0.0022 
     CROC116  3 0.0017 0.0014 0.0045 0.0047 0.0023 0.0083 0.0030 0.0036 0.0049 0.0086 0.0035 0.0049 0.0096 0.9295 0.0093 
      CROC12  3 0.0011 0.0029 0.0012 0.0007 0.0010 0.0008 0.0014 0.0019 0.0015 0.0030 0.0024 0.0023 0.0056 0.9722 0.0021 
     CROC123  3 0.0009 0.0032 0.0032 0.0007 0.0010 0.0011 0.0011 0.0012 0.0015 0.0030 0.0019 0.0020 0.0030 0.9751 0.0012 
      CROC13  3 0.0010 0.0011 0.0028 0.0020 0.0023 0.0008 0.0014 0.0013 0.0018 0.0024 0.0042 0.0036 0.0032 0.9698 0.0022 
      CROC14  3 0.0015 0.0020 0.0063 0.0008 0.0014 0.0008 0.0022 0.0069 0.0048 0.0043 0.0786 0.0018 0.0025 0.8848 0.0013 
      CROC15  3 0.0027 0.0011 0.0013 0.0008 0.0036 0.0470 0.0122 0.0136 0.0021 0.0045 0.0123 0.0036 0.0200 0.8735 0.0018 
      CROC16  3 0.0028 0.0299 0.0049 0.0047 0.0065 0.0028 0.0036 0.0022 0.0034 0.0021 0.0039 0.0034 0.0073 0.9191 0.0036 
      CROC17  3 0.0008 0.0011 0.0011 0.0006 0.0010 0.0008 0.0012 0.0068 0.0016 0.0535 0.0022 0.0021 0.0064 0.9194 0.0016 
      CROC18  3 0.0016 0.0012 0.0016 0.0011 0.0046 0.0011 0.0016 0.0012 0.0119 0.0038 0.0024 0.0031 0.0260 0.9307 0.0080 
      CROC19  3 0.0014 0.0020 0.0015 0.0007 0.0011 0.0012 0.0018 0.0029 0.0323 0.0052 0.0036 0.0054 0.0039 0.9345 0.0025 
     CROC198  3 0.0015 0.0053 0.0040 0.0010 0.0009 0.0009 0.0017 0.0016 0.0024 0.0025 0.0038 0.0066 0.0025 0.9629 0.0024 
      CROC20  3 0.0021 0.0022 0.0029 0.0011 0.0016 0.0013 0.0025 0.0020 0.0054 0.0023 0.0035 0.0036 0.0090 0.9582 0.0020 
     CROC202  3 0.0010 0.0020 0.0031 0.0014 0.0037 0.0012 0.0014 0.0014 0.0029 0.0029 0.0046 0.0048 0.0034 0.9618 0.0046 
      CROC21  3 0.0015 0.0033 0.0016 0.0012 0.0011 0.0010 0.0016 0.0018 0.0019 0.0035 0.0034 0.0030 0.0037 0.9692 0.0021 
     CROC216  3 0.0014 0.0040 0.0045 0.0007 0.0015 0.0093 0.0033 0.0029 0.0025 0.0132 0.0031 0.0028 0.0273 0.9181 0.0053 
      CROC22  3 0.0041 0.0024 0.0274 0.0010 0.0014 0.0013 0.0013 0.0110 0.0019 0.0068 0.0032 0.0345 0.0043 0.8970 0.0023 
      CROC23  3 0.0017 0.0645 0.0019 0.0066 0.0012 0.0016 0.0022 0.0022 0.0021 0.0147 0.0033 0.0035 0.0047 0.8876 0.0021 
      CROC24  3 0.0009 0.0114 0.0123 0.0008 0.0021 0.0011 0.0019 0.0022 0.0018 0.0034 0.0027 0.0024 0.0037 0.9512 0.0022 
      CROC25  3 0.0009 0.0013 0.0026 0.0006 0.0008 0.0015 0.0015 0.0012 0.0021 0.0027 0.0030 0.0026 0.0033 0.9743 0.0016 
     CROC259  3 0.0009 0.0030 0.0025 0.0011 0.0013 0.0009 0.0016 0.0017 0.0019 0.0172 0.0235 0.0032 0.0036 0.9355 0.0020 
      CROC26  3 0.0008 0.0026 0.0017 0.0009 0.0011 0.0014 0.0020 0.0014 0.0017 0.0733 0.0039 0.0049 0.0031 0.8989 0.0023 
      CROC27  3 0.0012 0.0034 0.0327 0.0008 0.0011 0.0021 0.0040 0.0024 0.0058 0.0185 0.0029 0.0042 0.0034 0.9147 0.0027 
      CROC28  3 0.0009 0.0213 0.1965 0.0007 0.0009 0.0011 0.0017 0.0018 0.0014 0.0214 0.0030 0.0024 0.0031 0.7414 0.0024 
      CROC29  3 0.0013 0.0009 0.0026 0.0010 0.0011 0.0016 0.0023 0.0018 0.0017 0.0028 0.0026 0.0028 0.0031 0.9725 0.0018 
      CROC30  3 0.0027 0.0050 0.0033 0.0010 0.0019 0.0024 0.0042 0.0058 0.0096 0.0051 0.0033 0.0028 0.0205 0.9297 0.0029 
      CROC31  3 0.0048 0.0170 0.0217 0.0029 0.0011 0.0017 0.0021 0.0040 0.0029 0.0184 0.0040 0.0030 0.0156 0.8959 0.0049 
      CROC32  3 0.0013 0.0018 0.0037 0.0007 0.0009 0.0008 0.0012 0.0014 0.0032 0.0027 0.0033 0.0028 0.0034 0.9709 0.0019 
      CROC33  3 0.0014 0.0010 0.0030 0.0007 0.0017 0.0027 0.0231 0.0105 0.0053 0.0109 0.0018 0.0030 0.0030 0.9299 0.0020 
      CROC34  3 0.0009 0.0015 0.0013 0.0007 0.0011 0.0010 0.0019 0.0014 0.0022 0.0032 0.0037 0.0039 0.0060 0.9692 0.0021 
      CROC35  3 0.0008 0.0021 0.0058 0.0005 0.0013 0.0007 0.0012 0.0241 0.0018 0.0135 0.0026 0.0018 0.0028 0.9396 0.0014 
      CROC36  3 0.0011 0.0247 0.0018 0.0016 0.0010 0.0018 0.0015 0.0014 0.0018 0.0025 0.0038 0.0025 0.0034 0.9493 0.0019 
      CROC57  3 0.0011 0.0011 0.0015 0.0008 0.0010 0.0011 0.0018 0.0014 0.0016 0.0020 0.0058 0.0027 0.0038 0.9720 0.0022 
      CROC81  3 0.0023 0.0020 0.0037 0.0013 0.0058 0.0018 0.0054 0.0018 0.0035 0.0028 0.0034 0.0027 0.0067 0.9538 0.0031 
      CROC84  3 0.0007 0.0058 0.0037 0.0006 0.0039 0.0019 0.0011 0.0011 0.0012 0.0048 0.0023 0.0073 0.0039 0.9602 0.0014 
        FW01  3 0.0015 0.0007 0.9649 0.0009 0.0019 0.0009 0.0021 0.0017 0.0025 0.0022 0.0036 0.0046 0.0048 0.0050 0.0027 
        FW02  3 0.0006 0.9827 0.0008 0.0005 0.0006 0.0007 0.0010 0.0009 0.0012 0.0014 0.0020 0.0018 0.0022 0.0024 0.0011 
        FW03  3 0.0008 0.0008 0.9778 0.0006 0.0009 0.0009 0.0012 0.0011 0.0017 0.0020 0.0022 0.0025 0.0027 0.0033 0.0014 
        FW04  3 0.0006 0.9826 0.0008 0.0005 0.0007 0.0007 0.0010 0.0009 0.0012 0.0014 0.0019 0.0019 0.0022 0.0024 0.0011 
        FW05  3 0.0006 0.9827 0.0008 0.0005 0.0006 0.0007 0.0010 0.0009 0.0012 0.0014 0.0020 0.0018 0.0022 0.0024 0.0011 
        FW06  3 0.0007 0.9826 0.0008 0.0005 0.0007 0.0007 0.0010 0.0009 0.0012 0.0014 0.0019 0.0019 0.0022 0.0024 0.0011 
        FW07  3 0.0008 0.0008 0.9778 0.0006 0.0010 0.0010 0.0012 0.0011 0.0017 0.0020 0.0022 0.0025 0.0027 0.0033 0.0014 
        FW08  3 0.0006 0.9827 0.0008 0.0005 0.0006 0.0007 0.0010 0.0009 0.0012 0.0014 0.0020 0.0019 0.0022 0.0024 0.0011 
        FW09  3 0.0007 0.9826 0.0008 0.0005 0.0007 0.0007 0.0010 0.0009 0.0012 0.0014 0.0020 0.0018 0.0022 0.0024 0.0011 
        FW10  3 0.0008 0.0008 0.9774 0.0007 0.0010 0.0010 0.0013 0.0011 0.0016 0.0021 0.0022 0.0025 0.0027 0.0033 0.0015 
       FW100  3 0.0008 0.0015 0.9765 0.0007 0.0009 0.0009 0.0013 0.0011 0.0017 0.0021 0.0021 0.0025 0.0027 0.0036 0.0015 
       FW101  3 0.0008 0.0008 0.9773 0.0007 0.0010 0.0010 0.0013 0.0011 0.0016 0.0021 0.0021 0.0026 0.0027 0.0033 0.0015 
       FW102  3 0.0006 0.9827 0.0008 0.0005 0.0006 0.0007 0.0010 0.0009 0.0012 0.0014 0.0020 0.0018 0.0022 0.0024 0.0011 
       FW103  3 0.0007 0.9826 0.0008 0.0005 0.0006 0.0007 0.0010 0.0009 0.0012 0.0014 0.0020 0.0018 0.0022 0.0024 0.0011 
       FW104  3 0.0015 0.0007 0.9649 0.0009 0.0019 0.0009 0.0021 0.0018 0.0025 0.0023 0.0036 0.0047 0.0048 0.0050 0.0026 
       FW105  3 0.0008 0.0008 0.9773 0.0007 0.0010 0.0010 0.0013 0.0011 0.0016 0.0021 0.0022 0.0025 0.0027 0.0034 0.0015 
       FW106  3 0.0032 0.0192 0.0097 0.0015 0.0023 0.0043 0.0041 0.0030 0.0074 0.0074 0.0029 0.0054 0.0235 0.9036 0.0025 
       FW107  3 0.0014 0.0007 0.9648 0.0009 0.0018 0.0009 0.0021 0.0018 0.0025 0.0023 0.0036 0.0047 0.0048 0.0051 0.0027 
       FW108  3 0.0006 0.9826 0.0008 0.0005 0.0006 0.0007 0.0010 0.0009 0.0012 0.0014 0.0020 0.0018 0.0022 0.0024 0.0012 
       FW109  3 0.0008 0.0008 0.9773 0.0007 0.0010 0.0010 0.0014 0.0011 0.0016 0.0021 0.0022 0.0026 0.0028 0.0033 0.0015 
        FW11  3 0.0008 0.0014 0.9762 0.0007 0.0010 0.0009 0.0013 0.0011 0.0017 0.0021 0.0022 0.0026 0.0027 0.0038 0.0015 
       FW110  3 0.0008 0.0008 0.9778 0.0006 0.0010 0.0010 0.0013 0.0011 0.0017 0.0020 0.0022 0.0025 0.0027 0.0032 0.0014 
       FW111  3 0.0006 0.9826 0.0008 0.0005 0.0006 0.0007 0.0010 0.0009 0.0012 0.0014 0.0019 0.0018 0.0022 0.0024 0.0011 
       FW112  3 0.0008 0.0015 0.9764 0.0007 0.0010 0.0009 0.0013 0.0011 0.0017 0.0020 0.0022 0.0025 0.0027 0.0036 0.0016 
       FW113  3 0.0006 0.9827 0.0008 0.0005 0.0007 0.0007 0.0010 0.0009 0.0012 0.0014 0.0020 0.0018 0.0022 0.0024 0.0011 
       FW114  3 0.0008 0.0008 0.9766 0.0006 0.0010 0.0010 0.0012 0.0012 0.0018 0.0026 0.0022 0.0026 0.0028 0.0034 0.0015 
       FW115  3 0.0008 0.0008 0.9775 0.0007 0.0010 0.0010 0.0013 0.0011 0.0016 0.0021 0.0022 0.0025 0.0027 0.0033 0.0015 
       FW116  3 0.0006 0.9827 0.0008 0.0005 0.0007 0.0007 0.0010 0.0009 0.0012 0.0014 0.0019 0.0018 0.0022 0.0024 0.0011 
        FW12  3 0.0007 0.9826 0.0008 0.0005 0.0006 0.0007 0.0010 0.0009 0.0012 0.0014 0.0020 0.0018 0.0023 0.0024 0.0011 
        FW13  3 0.0006 0.9827 0.0008 0.0005 0.0006 0.0007 0.0010 0.0009 0.0012 0.0014 0.0019 0.0018 0.0022 0.0024 0.0011 
        FW14  3 0.0014 0.0007 0.9648 0.0009 0.0018 0.0009 0.0021 0.0018 0.0024 0.0023 0.0037 0.0047 0.0047 0.0051 0.0027 
        FW15  3 0.0014 0.0007 0.9652 0.0009 0.0018 0.0009 0.0021 0.0018 0.0024 0.0022 0.0036 0.0046 0.0047 0.0050 0.0027 
        FW16  3 0.0008 0.0008 0.9775 0.0007 0.0009 0.0010 0.0013 0.0011 0.0016 0.0021 0.0022 0.0025 0.0027 0.0032 0.0015 
        FW17  3 0.0009 0.0008 0.9774 0.0007 0.0010 0.0010 0.0013 0.0011 0.0016 0.0021 0.0021 0.0025 0.0028 0.0033 0.0015 
        FW18  3 0.0008 0.0015 0.9763 0.0007 0.0010 0.0009 0.0013 0.0011 0.0017 0.0021 0.0022 0.0025 0.0027 0.0037 0.0015 
        FW19  3 0.0006 0.9826 0.0008 0.0005 0.0007 0.0007 0.0010 0.0009 0.0012 0.0014 0.0020 0.0018 0.0022 0.0024 0.0011 
        FW20  3 0.0006 0.9826 0.0008 0.0005 0.0006 0.0007 0.0010 0.0009 0.0012 0.0014 0.0020 0.0018 0.0022 0.0024 0.0011 
        FW21  3 0.0007 0.9826 0.0008 0.0005 0.0006 0.0007 0.0010 0.0009 0.0012 0.0014 0.0020 0.0018 0.0022 0.0024 0.0011 
        FW22  3 0.0008 0.0015 0.9763 0.0007 0.0010 0.0009 0.0013 0.0011 0.0017 0.0021 0.0022 0.0025 0.0027 0.0037 0.0015 
        FW23  3 0.0006 0.9827 0.0008 0.0005 0.0007 0.0007 0.0010 0.0009 0.0012 0.0014 0.0019 0.0019 0.0022 0.0024 0.0011 
        FW24  3 0.0006 0.9826 0.0008 0.0005 0.0006 0.0007 0.0010 0.0009 0.0012 0.0014 0.0020 0.0019 0.0022 0.0024 0.0011 
        FW25  3 0.0006 0.9826 0.0008 0.0005 0.0007 0.0007 0.0010 0.0009 0.0012 0.0014 0.0020 0.0018 0.0023 0.0024 0.0011 
        FW26  3 0.0006 0.9826 0.0008 0.0005 0.0006 0.0007 0.0010 0.0009 0.0012 0.0014 0.0020 0.0018 0.0022 0.0024 0.0011 
        FW27  3 0.0008 0.0008 0.9774 0.0007 0.0010 0.0010 0.0013 0.0011 0.0016 0.0021 0.0022 0.0025 0.0028 0.0033 0.0015 
        FW28  3 0.0006 0.9826 0.0008 0.0005 0.0006 0.0007 0.0010 0.0009 0.0012 0.0014 0.0019 0.0018 0.0022 0.0024 0.0011 
        FW29  3 0.0006 0.9826 0.0008 0.0005 0.0006 0.0007 0.0010 0.0009 0.0012 0.0014 0.0020 0.0019 0.0022 0.0024 0.0011 
        FW30  3 0.0033 0.0198 0.0098 0.0015 0.0022 0.0042 0.0039 0.0029 0.0072 0.0074 0.0030 0.0053 0.0243 0.9027 0.0025 
        FW32  3 0.0015 0.0007 0.9648 0.0009 0.0019 0.0009 0.0021 0.0018 0.0025 0.0023 0.0036 0.0046 0.0048 0.0051 0.0026 
        FW33  3 0.0052 0.9621 0.0008 0.0005 0.0007 0.0058 0.0010 0.0010 0.0012 0.0034 0.0020 0.0019 0.0022 0.0111 0.0011 
        FW34  3 0.0006 0.9826 0.0008 0.0005 0.0007 0.0007 0.0010 0.0009 0.0012 0.0014 0.0020 0.0018 0.0022 0.0024 0.0011 
        FW35  3 0.0006 0.9826 0.0008 0.0005 0.0007 0.0007 0.0010 0.0009 0.0012 0.0014 0.0020 0.0018 0.0023 0.0024 0.0011 
        FW36  3 0.0007 0.9827 0.0008 0.0005 0.0006 0.0007 0.0010 0.0009 0.0012 0.0014 0.0020 0.0018 0.0022 0.0024 0.0011 
        FW37  3 0.0008 0.0008 0.9776 0.0007 0.0010 0.0010 0.0013 0.0011 0.0016 0.0020 0.0022 0.0025 0.0027 0.0032 0.0015 
        FW51  3 0.0006 0.9826 0.0008 0.0005 0.0007 0.0007 0.0010 0.0009 0.0012 0.0014 0.0020 0.0018 0.0023 0.0024 0.0011 
        FW52  3 0.0008 0.0008 0.9775 0.0007 0.0010 0.0010 0.0013 0.0011 0.0016 0.0021 0.0022 0.0025 0.0027 0.0032 0.0015 
        FW53  3 0.0007 0.9826 0.0008 0.0005 0.0007 0.0007 0.0010 0.0009 0.0012 0.0014 0.0020 0.0018 0.0023 0.0024 0.0011 
        FW54  3 0.0008 0.0008 0.9777 0.0006 0.0010 0.0010 0.0012 0.0011 0.0017 0.0020 0.0022 0.0026 0.0027 0.0033 0.0014 
        FW55  3 0.0007 0.9827 0.0008 0.0005 0.0006 0.0007 0.0010 0.0009 0.0012 0.0014 0.0019 0.0019 0.0022 0.0024 0.0011 
        FW56  3 0.0006 0.9826 0.0008 0.0005 0.0006 0.0007 0.0010 0.0009 0.0012 0.0014 0.0020 0.0018 0.0022 0.0024 0.0011 
        FW57  3 0.0006 0.9827 0.0008 0.0005 0.0006 0.0007 0.0010 0.0009 0.0012 0.0014 0.0020 0.0018 0.0022 0.0024 0.0011 
        FW78  3 0.0006 0.9827 0.0008 0.0005 0.0006 0.0007 0.0010 0.0009 0.0012 0.0014 0.0019 0.0018 0.0022 0.0024 0.0011 
        FW79  3 0.0007 0.9825 0.0008 0.0005 0.0006 0.0007 0.0010 0.0009 0.0012 0.0015 0.0020 0.0019 0.0023 0.0024 0.0011 
        FW80  3 0.0007 0.9827 0.0008 0.0005 0.0007 0.0007 0.0010 0.0009 0.0012 0.0014 0.0020 0.0018 0.0022 0.0024 0.0011 
        FW81  3 0.0008 0.0008 0.9778 0.0006 0.0010 0.0009 0.0012 0.0011 0.0017 0.0020 0.0022 0.0025 0.0027 0.0032 0.0014 
        FW82  3 0.0008 0.0008 0.9775 0.0007 0.0010 0.0010 0.0013 0.0011 0.0016 0.0021 0.0022 0.0025 0.0027 0.0032 0.0015 
        FW83  3 0.0014 0.0007 0.9651 0.0009 0.0018 0.0009 0.0021 0.0017 0.0025 0.0023 0.0036 0.0046 0.0048 0.0051 0.0026 
        FW84  3 0.0007 0.9827 0.0008 0.0005 0.0007 0.0007 0.0010 0.0009 0.0012 0.0014 0.0019 0.0018 0.0023 0.0024 0.0011 
        FW85  3 0.0009 0.0008 0.9766 0.0007 0.0011 0.0013 0.0013 0.0013 0.0016 0.0023 0.0022 0.0026 0.0027 0.0033 0.0015 
        FW86  3 0.0008 0.0015 0.9763 0.0007 0.0010 0.0009 0.0013 0.0011 0.0017 0.0021 0.0022 0.0025 0.0027 0.0037 0.0015 
        FW87  3 0.0008 0.0014 0.9765 0.0006 0.0009 0.0009 0.0013 0.0011 0.0017 0.0021 0.0022 0.0025 0.0027 0.0037 0.0015 
        FW88  3 0.0007 0.9825 0.0008 0.0005 0.0007 0.0007 0.0010 0.0009 0.0012 0.0014 0.0020 0.0019 0.0023 0.0024 0.0011 
        FW89  3 0.0006 0.9826 0.0008 0.0005 0.0006 0.0007 0.0010 0.0009 0.0012 0.0014 0.0020 0.0018 0.0022 0.0024 0.0011 
        FW90  3 0.0007 0.9826 0.0008 0.0005 0.0007 0.0007 0.0010 0.0009 0.0012 0.0014 0.0020 0.0019 0.0022 0.0024 0.0011 
        FW91  3 0.0008 0.0008 0.9776 0.0007 0.0010 0.0010 0.0013 0.0011 0.0016 0.0020 0.0022 0.0024 0.0028 0.0032 0.0015 
        FW92  3 0.0007 0.9827 0.0008 0.0005 0.0006 0.0007 0.0010 0.0009 0.0013 0.0014 0.0019 0.0018 0.0022 0.0024 0.0012 
        FW93  3 0.0006 0.9827 0.0008 0.0005 0.0006 0.0007 0.0010 0.0009 0.0012 0.0014 0.0020 0.0019 0.0022 0.0024 0.0011 
        FW94  3 0.0008 0.0008 0.9775 0.0007 0.0010 0.0010 0.0013 0.0011 0.0016 0.0021 0.0022 0.0025 0.0027 0.0032 0.0015 
        FW95  3 0.0006 0.9826 0.0008 0.0005 0.0006 0.0007 0.0010 0.0009 0.0012 0.0014 0.0020 0.0018 0.0023 0.0024 0.0011 
        FW96  3 0.0006 0.9827 0.0008 0.0005 0.0006 0.0007 0.0010 0.0009 0.0012 0.0014 0.0019 0.0018 0.0022 0.0024 0.0011 
        FW97  3 0.0014 0.0060 0.0097 0.0009 0.0015 0.0017 0.0030 0.0024 0.0031 0.0033 0.0078 0.0111 0.0119 0.9329 0.0033 
        FW98  3 0.0008 0.0008 0.9777 0.0006 0.0010 0.0010 0.0012 0.0011 0.0016 0.0020 0.0022 0.0025 0.0028 0.0032 0.0015 
        FW99  3 0.0006 0.9825 0.0008 0.0005 0.0007 0.0007 0.0010 0.0009 0.0012 0.0014 0.0020 0.0018 0.0022 0.0024 0.0011 
       Cal01  3 0.0012 0.2100 0.0021 0.0007 0.0011 0.0012 0.0042 0.0020 0.0019 0.0037 0.0033 0.0029 0.0029 0.7567 0.0062 
       Cal02  3 0.0016 0.0049 0.0017 0.0010 0.0012 0.0015 0.0014 0.0017 0.0027 0.0032 0.0031 0.0031 0.0052 0.9656 0.0021 
       Cal03  3 0.0011 0.0398 0.0171 0.0016 0.0017 0.0019 0.0025 0.0024 0.0036 0.0028 0.0018 0.0023 0.0063 0.9130 0.0021 
       Cal04  3 0.0011 0.0007 0.0012 0.0011 0.0015 0.0016 0.0018 0.0034 0.0118 0.0040 0.0029 0.0130 0.0050 0.9486 0.0023 
       Cal05  3 0.0006 0.0029 0.0060 0.0005 0.0009 0.0008 0.0010 0.0011 0.0017 0.0053 0.0019 0.0025 0.0027 0.9706 0.0014 
       Cal06  3 0.0014 0.0025 0.0015 0.0013 0.0010 0.0014 0.0018 0.0026 0.0028 0.0077 0.0076 0.0023 0.0060 0.9580 0.0022 
       Cal07  3 0.0009 0.0137 0.0021 0.0005 0.0007 0.0010 0.0013 0.0013 0.0017 0.0134 0.0023 0.0019 0.0035 0.9545 0.0013 
       Cal08  3 0.0014 0.0415 0.0073 0.0012 0.0015 0.0020 0.0026 0.0035 0.0091 0.0040 0.0070 0.0068 0.0038 0.9026 0.0056 
       Cal09  3 0.0071 0.0379 0.0020 0.0010 0.0021 0.0008 0.0014 0.0013 0.0023 0.0295 0.0028 0.0038 0.0034 0.9026 0.0020 
       Cal10  3 0.0012 0.0009 0.0024 0.0009 0.0013 0.0014 0.0025 0.0027 0.0033 0.0037 0.0023 0.0037 0.0039 0.9671 0.0028 
       Cal11  3 0.0025 0.0086 0.0097 0.0010 0.0010 0.0013 0.0019 0.0019 0.0038 0.0058 0.0470 0.0059 0.0060 0.9006 0.0030 
      Cal197  3 0.0011 0.3303 0.0014 0.0012 0.0007 0.0007 0.0023 0.0037 0.0026 0.0048 0.0021 0.0017 0.0048 0.6412 0.0012 
      Cal198  3 0.0012 0.0044 0.0130 0.0035 0.0009 0.0012 0.0502 0.0033 0.0033 0.0361 0.0023 0.0057 0.0137 0.8583 0.0028 
      Cal199  3 0.0009 0.0012 0.0041 0.0008 0.0012 0.0010 0.0022 0.0012 0.0033 0.0019 0.0025 0.0482 0.0029 0.9261 0.0025 
      Cal200  3 0.0014 0.0025 0.0570 0.0007 0.0013 0.0074 0.0018 0.0036 0.0031 0.0053 0.0041 0.0019 0.0031 0.9034 0.0033 
      Cal201  3 0.0023 0.0120 0.0092 0.0006 0.0007 0.0013 0.0012 0.0018 0.0022 0.0062 0.0028 0.0021 0.0028 0.9534 0.0014 
      Cal202  3 0.0042 0.0044 0.0026 0.0010 0.0080 0.0039 0.0123 0.0058 0.0016 0.0033 0.0028 0.0138 0.0028 0.9267 0.0068 
      Cal203  3 0.0012 0.0009 0.0058 0.0008 0.0010 0.0015 0.0017 0.0013 0.0024 0.0023 0.0056 0.0035 0.0029 0.9672 0.0019 
      Cal204  3 0.0010 0.0011 0.0015 0.0017 0.0012 0.0016 0.0017 0.0012 0.0029 0.0026 0.0032 0.0025 0.0027 0.9728 0.0024 
      Cal205  3 0.0011 0.0021 0.0019 0.0011 0.0009 0.0017 0.0017 0.0020 0.0012 0.0029 0.0019 0.0029 0.0042 0.9723 0.0020 
      Cal206  3 0.0019 0.0028 0.0057 0.0011 0.0016 0.0010 0.0016 0.0021 0.0021 0.0024 0.0026 0.0028 0.0079 0.9628 0.0017 
      Cal207  3 0.0009 0.0021 0.0015 0.0007 0.0008 0.0008 0.0032 0.0015 0.0264 0.0031 0.0021 0.0019 0.0026 0.9502 0.0022 
      Cal208  3 0.0016 0.0126 0.0027 0.0008 0.0010 0.0009 0.0023 0.0017 0.0032 0.0023 0.0032 0.0035 0.0028 0.9585 0.0030 
      Cal209  3 0.0010 0.0084 0.0018 0.0007 0.0010 0.0007 0.0011 0.0013 0.0013 0.0023 0.0025 0.0030 0.0032 0.9700 0.0015 
      Cal210  3 0.0009 0.0011 0.0042 0.0007 0.0012 0.0010 0.0022 0.0012 0.0035 0.0018 0.0025 0.0480 0.0029 0.9262 0.0025 
      Cal211  3 0.0010 0.0132 0.0024 0.0006 0.0007 0.0015 0.0012 0.0014 0.0021 0.0035 0.0024 0.0025 0.0042 0.9618 0.0014 
      Cal212  3 0.0010 0.0016 0.0127 0.0007 0.0011 0.0024 0.0015 0.0015 0.0027 0.0028 0.0022 0.0032 0.0063 0.9587 0.0017 
      Cal213  3 0.0012 0.0135 0.0884 0.0008 0.0011 0.0036 0.0302 0.0219 0.0044 0.0515 0.0018 0.0033 0.0218 0.7548 0.0018 
      Cal214  3 0.0020 0.0006 0.0012 0.0140 0.0012 0.0010 0.0034 0.0032 0.0018 0.0022 0.0027 0.0330 0.0035 0.9287 0.0015 
      Cal215  3 0.0013 0.0112 0.0021 0.0011 0.0022 0.0013 0.0019 0.0019 0.0019 0.0031 0.0037 0.0093 0.0043 0.9505 0.0042 
      Cal216  3 0.0021 0.0663 0.0130 0.0012 0.0014 0.0012 0.0032 0.0022 0.0041 0.0048 0.0031 0.0019 0.0071 0.8865 0.0020 
      Cal217  3 0.0010 0.0099 0.0019 0.0008 0.0007 0.0010 0.0014 0.0016 0.0014 0.0036 0.0026 0.0020 0.0031 0.9673 0.0015 
      Cal218  3 0.0010 0.0036 0.0574 0.0007 0.0010 0.0015 0.0012 0.0016 0.0022 0.0033 0.0022 0.0031 0.0077 0.9120 0.0014 
      Cal219  3 0.0035 0.0160 0.0040 0.0008 0.0010 0.0010 0.0013 0.0015 0.0042 0.0030 0.0032 0.0038 0.0049 0.9487 0.0029 
      Cal220  3 0.0021 0.0050 0.0016 0.0021 0.0008 0.0015 0.0028 0.0020 0.0024 0.0033 0.0063 0.0075 0.0735 0.8845 0.0047 
      Cal221  3 0.0009 0.0025 0.0076 0.0005 0.0011 0.0008 0.0025 0.0014 0.0059 0.0028 0.0021 0.0069 0.0036 0.9601 0.0014 
      Cal222  3 0.0008 0.0015 0.0043 0.0006 0.0010 0.0010 0.0022 0.0014 0.0036 0.0031 0.0025 0.0160 0.0036 0.9564 0.0019 
      Cal223  3 0.0019 0.0010 0.0163 0.0039 0.0010 0.0025 0.0140 0.0047 0.0044 0.0731 0.0058 0.0070 0.0068 0.8506 0.0070 
      Cal224  3 0.0009 0.0009 0.0013 0.0038 0.0052 0.0014 0.0496 0.0021 0.0019 0.0039 0.0052 0.0033 0.0157 0.8990 0.0059 
       Cal33  3 0.0015 0.0018 0.0020 0.0007 0.0009 0.0010 0.0012 0.0022 0.0019 0.0029 0.0022 0.0028 0.0046 0.9722 0.0020 
       Cal34  3 0.0008 0.0013 0.0022 0.0030 0.0014 0.0018 0.0031 0.0016 0.0020 0.0051 0.0023 0.0032 0.0029 0.9674 0.0019 
       Cal35  3 0.0009 0.0016 0.0015 0.0007 0.0009 0.0016 0.0012 0.0014 0.0017 0.0032 0.0021 0.0020 0.0032 0.9748 0.0031 
       Cal37  3 0.0045 0.0018 0.0019 0.0013 0.0011 0.0033 0.0011 0.0027 0.0045 0.0090 0.0021 0.0024 0.0143 0.9472 0.0028 
       Cal38  3 0.0008 0.2801 0.0018 0.0007 0.0006 0.0008 0.0012 0.0014 0.0020 0.0040 0.0024 0.0028 0.0033 0.6964 0.0018 
       Cal39  3 0.0014 0.0144 0.0239 0.0006 0.0016 0.0008 0.0012 0.0014 0.0028 0.0034 0.0033 0.0055 0.0036 0.9332 0.0030 
       Cal40  3 0.0010 0.0085 0.0017 0.0007 0.0010 0.0007 0.0012 0.0013 0.0013 0.0024 0.0025 0.0030 0.0031 0.9702 0.0015 
       Cal41  3 0.0008 0.0041 0.0014 0.0006 0.0009 0.0009 0.0012 0.0013 0.0016 0.0028 0.0026 0.0029 0.0032 0.9743 0.0015 
       Cal42  3 0.0013 0.0024 0.0017 0.0008 0.0011 0.0009 0.0013 0.0016 0.0014 0.0020 0.0038 0.0034 0.0033 0.9733 0.0017 
       Cal43  3 0.0012 0.0013 0.0027 0.0006 0.0008 0.0009 0.0017 0.0017 0.0048 0.0030 0.0025 0.0032 0.0043 0.9696 0.0017 
       Cal44  3 0.0011 0.0062 0.0196 0.0007 0.0012 0.0016 0.0030 0.0016 0.0041 0.0030 0.0034 0.0035 0.0824 0.8661 0.0028 
        BW41  3 0.0085 0.0014 0.0044 0.0011 0.0290 0.0023 0.0037 0.0018 0.0041 0.0036 0.0035 0.0052 0.0072 0.9212 0.0028 
        BW42  3 0.0011 0.0016 0.0101 0.0007 0.0010 0.0010 0.0019 0.0107 0.0019 0.0036 0.0031 0.0028 0.0182 0.9407 0.0017 
        BW44  3 0.0011 0.0008 0.0063 0.0005 0.0008 0.0009 0.0018 0.0018 0.0016 0.0052 0.0034 0.0025 0.0068 0.9649 0.0016 
        BW45  3 0.0009 0.0018 0.0057 0.0005 0.0007 0.0008 0.0010 0.0011 0.0016 0.0035 0.0023 0.0020 0.0029 0.9739 0.0012 
        BW46  3 0.0069 0.0020 0.0308 0.0022 0.0022 0.0012 0.0058 0.0020 0.0019 0.0027 0.0024 0.0028 0.0042 0.9308 0.0023 
        BW47  3 0.0008 0.0406 0.0018 0.0009 0.0043 0.0040 0.0013 0.0012 0.0141 0.0060 0.0021 0.0022 0.0436 0.8712 0.0057 
        BW48  3 0.0037 0.0015 0.0256 0.0017 0.0023 0.0019 0.0020 0.0018 0.0055 0.0045 0.0051 0.0071 0.0056 0.9208 0.0109 
        BW49  3 0.0017 0.0105 0.0020 0.0006 0.0008 0.0007 0.0013 0.0012 0.0029 0.0095 0.0036 0.0023 0.0035 0.9563 0.0031 
        BW50  3 0.0012 0.0066 0.0025 0.0005 0.0012 0.0011 0.0016 0.0016 0.0019 0.0026 0.0028 0.0026 0.0043 0.9678 0.0017 
        BW51  3 0.0025 0.0170 0.1086 0.0007 0.0009 0.0008 0.0019 0.0015 0.0019 0.0217 0.0026 0.0031 0.0034 0.8316 0.0018 
        BW52  3 0.0013 0.0025 0.0019 0.0007 0.0008 0.0009 0.0014 0.0012 0.0020 0.0031 0.0163 0.0030 0.0038 0.9593 0.0018 
        BW53  3 0.0013 0.0022 0.0019 0.0011 0.0010 0.0015 0.0015 0.0016 0.0021 0.0032 0.0023 0.0021 0.0684 0.9084 0.0014 
        BW54  3 0.0022 0.0033 0.0068 0.0012 0.0039 0.0251 0.0017 0.0022 0.0064 0.0095 0.0035 0.0064 0.1175 0.8058 0.0045 
        BW55  3 0.0021 0.0014 0.0196 0.0011 0.0020 0.0015 0.0046 0.0018 0.0030 0.0031 0.0043 0.0040 0.0031 0.9460 0.0021 
        BW56  3 0.0007 0.0019 0.0012 0.0015 0.0017 0.0013 0.0015 0.0016 0.0016 0.0031 0.0027 0.0023 0.0027 0.9746 0.0015 
        BW57  3 0.0012 0.0048 0.0016 0.0014 0.0009 0.0022 0.0027 0.0020 0.0014 0.0043 0.0023 0.0023 0.0033 0.9667 0.0030 
        BW58  3 0.0018 0.0033 0.0057 0.0012 0.0010 0.0008 0.0020 0.0016 0.0035 0.0051 0.0024 0.0030 0.0046 0.9619 0.0023 
        BW59  3 0.0011 0.0723 0.0030 0.0035 0.0009 0.0009 0.0011 0.0020 0.0032 0.0035 0.0023 0.0026 0.0028 0.8989 0.0019 
        BW60  3 0.0009 0.0010 0.0029 0.0006 0.0010 0.0012 0.0014 0.0012 0.0021 0.0030 0.0029 0.0023 0.0032 0.9740 0.0022 
        BW61  3 0.0014 0.0117 0.0423 0.0008 0.0669 0.0011 0.0017 0.0019 0.0082 0.0051 0.0040 0.0030 0.0047 0.8316 0.0155 
        BW62  3 0.0013 0.0014 0.0274 0.0006 0.0023 0.0093 0.0021 0.0017 0.0062 0.0034 0.0027 0.0024 0.0117 0.9257 0.0019 
        BW63  3 0.0042 0.0010 0.0296 0.0011 0.0013 0.0263 0.0026 0.0046 0.0096 0.0242 0.0026 0.0030 0.0240 0.8597 0.0063 
        BW64  3 0.0009 0.0422 0.0130 0.0005 0.0008 0.0011 0.0014 0.0023 0.0015 0.0033 0.0025 0.0021 0.0068 0.9201 0.0016 
        BW65  3 0.0066 0.0008 0.0109 0.0034 0.0051 0.0039 0.0079 0.0028 0.0025 0.0053 0.0047 0.0060 0.0122 0.9244 0.0037 
        BW66  3 0.0008 0.0018 0.0108 0.0006 0.0018 0.0018 0.0018 0.0015 0.0017 0.0084 0.0129 0.0034 0.0039 0.9471 0.0017 
        BW67  3 0.0008 0.0022 0.1385 0.0005 0.0008 0.0014 0.0014 0.0012 0.0015 0.0028 0.0025 0.0021 0.0027 0.8398 0.0017 
        BW68  3 0.0026 0.0019 0.0062 0.0016 0.0024 0.0021 0.0017 0.0019 0.0066 0.0055 0.0023 0.0023 0.0127 0.9453 0.0050 
        BW69  3 0.0016 0.0011 0.0049 0.0008 0.0413 0.0009 0.0015 0.0015 0.0024 0.0026 0.0030 0.0039 0.0040 0.9288 0.0017 
        BW70  3 0.0013 0.0068 0.0343 0.0007 0.0008 0.0014 0.0024 0.0021 0.0026 0.0046 0.0039 0.0049 0.0052 0.9270 0.0019 
        BW71  3 0.0013 0.0243 0.0015 0.0006 0.0007 0.0007 0.0010 0.0010 0.0015 0.0028 0.0030 0.0024 0.0027 0.9547 0.0017 
        BW72  3 0.0055 0.0044 0.0023 0.0026 0.0044 0.0078 0.0053 0.0028 0.0075 0.0052 0.0060 0.0040 0.0145 0.9183 0.0093 
        BW73  3 0.0148 0.0044 0.0017 0.0015 0.0087 0.0017 0.0014 0.0122 0.0016 0.0051 0.0322 0.0041 0.0044 0.9035 0.0026 
        BW74  3 0.0065 0.0018 0.0415 0.0022 0.0021 0.0011 0.0028 0.0030 0.0023 0.0071 0.0032 0.0066 0.0060 0.9114 0.0024 
        BW75  3 0.0026 0.0105 0.0016 0.0025 0.0009 0.0008 0.0022 0.0030 0.0112 0.0079 0.0187 0.0027 0.0033 0.9290 0.0032 
        BW76  3 0.0012 0.0012 0.0029 0.0011 0.0023 0.0020 0.0019 0.0016 0.0021 0.0026 0.0033 0.0043 0.0032 0.9667 0.0037 
        BW77  3 0.0024 0.0076 0.0237 0.0055 0.0020 0.0022 0.0056 0.0025 0.0019 0.0125 0.0032 0.0020 0.0515 0.8741 0.0032 
        BW78  3 0.0010 0.0008 0.0027 0.0007 0.0010 0.0012 0.0013 0.0011 0.0016 0.0052 0.0030 0.0055 0.0030 0.9696 0.0021 
        BW79  3 0.0009 0.0188 0.0019 0.0014 0.0010 0.0010 0.0011 0.0014 0.0015 0.0030 0.0027 0.0037 0.0029 0.9083 0.0505 
        BW80  3 0.0009 0.0017 0.0065 0.0017 0.0009 0.0010 0.0017 0.0024 0.0125 0.0027 0.0027 0.0023 0.0037 0.9581 0.0013 
        BW81  3 0.0013 0.0016 0.0044 0.0013 0.0010 0.0008 0.0038 0.0024 0.0019 0.0060 0.0025 0.0020 0.0033 0.9651 0.0028 
       BWS05  3 0.0035 0.0043 0.1141 0.0024 0.0085 0.0023 0.0027 0.0042 0.0063 0.0063 0.0058 0.0073 0.0261 0.8031 0.0033 
       BWS06  3 0.0012 0.0012 0.3145 0.0010 0.0011 0.0017 0.0020 0.0015 0.0022 0.0029 0.0039 0.0096 0.0045 0.6505 0.0023 
       BWS07  3 0.0183 0.0259 0.0025 0.0005 0.0008 0.0014 0.0011 0.0237 0.0018 0.0070 0.0018 0.0026 0.0030 0.9078 0.0018 
       BWS08  3 0.0010 0.0008 0.0030 0.0007 0.0077 0.0052 0.0051 0.0035 0.0025 0.0159 0.0095 0.0041 0.0051 0.9333 0.0025 
       BWS09  3 0.0007 0.0185 0.0021 0.0011 0.0008 0.0011 0.0019 0.0011 0.0016 0.0025 0.0022 0.0023 0.0026 0.9598 0.0016 
       BWS10  3 0.0016 0.0022 0.0107 0.0007 0.0011 0.0160 0.0019 0.0033 0.0034 0.0055 0.0034 0.0057 0.0082 0.9341 0.0022 
