        TC01  1 0.0006 0.0024 0.0006 0.0014 0.0023 0.8480 0.0018 0.0029 0.0339 0.0214 0.0148 0.0149 0.0031 0.0187 0.0021 0.0039 0.0029 0.0062 0.0097 0.0085 
        TC02  1 0.0007 0.0038 0.0014 0.0019 0.0019 0.8996 0.0025 0.0014 0.0037 0.0068 0.0116 0.0062 0.0041 0.0044 0.0054 0.0042 0.0102 0.0026 0.0126 0.0150 
        TC03  1 0.0007 0.0013 0.0012 0.0014 0.0021 0.9063 0.0027 0.0026 0.0031 0.0032 0.0066 0.0105 0.0038 0.0062 0.0031 0.0049 0.0050 0.0056 0.0232 0.0068 
        TC04  1 0.0012 0.0051 0.0023 0.0392 0.0012 0.7227 0.0022 0.0044 0.0023 0.0041 0.0117 0.0222 0.0088 0.0268 0.0062 0.0035 0.0066 0.0047 0.0820 0.0428 
        TC05  1 0.0006 0.0011 0.0007 0.0039 0.0008 0.9025 0.0024 0.0027 0.0021 0.0022 0.0073 0.0036 0.0228 0.0051 0.0064 0.0021 0.0068 0.0026 0.0184 0.0060 
        TC06  1 0.0011 0.0043 0.0006 0.0011 0.0024 0.7741 0.0017 0.0042 0.0032 0.0026 0.0063 0.0056 0.0039 0.0037 0.0197 0.0027 0.0026 0.0022 0.1456 0.0124 
        TC07  1 0.0005 0.0026 0.0011 0.0186 0.0010 0.8894 0.0034 0.0023 0.0016 0.0121 0.0121 0.0042 0.0026 0.0059 0.0036 0.0019 0.0106 0.0031 0.0191 0.0043 
        TC08  1 0.0007 0.0022 0.0005 0.0033 0.0008 0.9007 0.0042 0.0033 0.0029 0.0032 0.0083 0.0033 0.0062 0.0038 0.0053 0.0028 0.0047 0.0016 0.0177 0.0247 
        TC09  1 0.0007 0.0023 0.0008 0.0028 0.0271 0.7679 0.0015 0.0174 0.0021 0.0025 0.0075 0.0049 0.0024 0.0025 0.0028 0.0015 0.0030 0.0050 0.0557 0.0897 
        TC10  1 0.0008 0.0010 0.0006 0.0010 0.0340 0.8465 0.0015 0.0022 0.0025 0.0127 0.0042 0.0035 0.0038 0.0073 0.0064 0.0133 0.0097 0.0223 0.0221 0.0044 
        TC11  1 0.0006 0.0020 0.0006 0.0013 0.0014 0.9445 0.0020 0.0011 0.0020 0.0073 0.0037 0.0048 0.0026 0.0027 0.0019 0.0034 0.0031 0.0024 0.0075 0.0051 
        TC12  1 0.0008 0.0064 0.0006 0.0022 0.0013 0.8040 0.0033 0.0022 0.0092 0.0062 0.0472 0.0159 0.0035 0.0173 0.0062 0.0058 0.0031 0.0074 0.0457 0.0121 
        TC13  1 0.0008 0.0012 0.0013 0.0012 0.0045 0.9262 0.0017 0.0016 0.0016 0.0026 0.0055 0.0035 0.0029 0.0031 0.0027 0.0033 0.0040 0.0022 0.0203 0.0098 
        TC14  1 0.0017 0.0015 0.0026 0.0035 0.0155 0.7428 0.0065 0.0022 0.0043 0.0044 0.0082 0.0112 0.0037 0.0064 0.0063 0.0043 0.0032 0.0036 0.1511 0.0169 
        TC15  1 0.0020 0.0014 0.0071 0.0034 0.0080 0.7625 0.0023 0.0035 0.0018 0.0021 0.0091 0.0061 0.0032 0.0078 0.0038 0.0054 0.0077 0.0044 0.1363 0.0221 
        TC16  1 0.0013 0.0022 0.0007 0.0011 0.0182 0.7075 0.0057 0.0051 0.0046 0.0030 0.0130 0.0091 0.0074 0.0282 0.0043 0.0025 0.0069 0.0024 0.0443 0.1325 
        TC17  1 0.0013 0.0350 0.0007 0.0036 0.0387 0.7001 0.0065 0.0049 0.0095 0.0063 0.0354 0.0111 0.0113 0.0033 0.0041 0.0044 0.0256 0.0052 0.0603 0.0328 
        TC18  1 0.0010 0.0017 0.0007 0.0016 0.0027 0.8226 0.0040 0.0017 0.0047 0.0049 0.0078 0.0305 0.0614 0.0038 0.0029 0.0108 0.0035 0.0043 0.0226 0.0068 
        TC19  1 0.0012 0.0011 0.0007 0.0008 0.0161 0.9103 0.0018 0.0013 0.0031 0.0029 0.0067 0.0033 0.0028 0.0032 0.0030 0.0031 0.0025 0.0019 0.0115 0.0228 
        TC20  1 0.0007 0.0009 0.0009 0.0014 0.0044 0.8904 0.0023 0.0016 0.0096 0.0028 0.0057 0.0159 0.0088 0.0039 0.0033 0.0021 0.0047 0.0021 0.0183 0.0200 
        TC21  1 0.0066 0.0108 0.0013 0.0131 0.0011 0.7197 0.0235 0.0075 0.0036 0.0118 0.0848 0.0428 0.0043 0.0096 0.0025 0.0039 0.0077 0.0026 0.0303 0.0125 
        TC22  1 0.0205 0.0011 0.0034 0.0010 0.0008 0.8433 0.0019 0.0030 0.0056 0.0045 0.0131 0.0040 0.0058 0.0037 0.0087 0.0185 0.0128 0.0023 0.0352 0.0109 
        TC23  1 0.0006 0.0011 0.0012 0.0016 0.0017 0.9088 0.0024 0.0017 0.0032 0.0071 0.0048 0.0068 0.0023 0.0149 0.0030 0.0030 0.0049 0.0040 0.0202 0.0066 
        TC24  1 0.0005 0.0012 0.0005 0.0012 0.0033 0.9444 0.0043 0.0014 0.0019 0.0018 0.0036 0.0025 0.0050 0.0025 0.0017 0.0015 0.0026 0.0027 0.0111 0.0063 
        TC25  1 0.0039 0.0022 0.0023 0.0008 0.0073 0.6691 0.0030 0.0029 0.0034 0.0334 0.0089 0.0289 0.0039 0.0083 0.0031 0.0021 0.0049 0.0052 0.2000 0.0065 
        TC26  1 0.0006 0.0038 0.0007 0.0012 0.0312 0.8538 0.0026 0.0027 0.0025 0.0021 0.0069 0.0035 0.0027 0.0099 0.0075 0.0019 0.0046 0.0024 0.0527 0.0069 
        TC27  1 0.0006 0.0034 0.0014 0.0051 0.0015 0.7926 0.0031 0.0036 0.0020 0.0026 0.0166 0.0050 0.0061 0.0043 0.0022 0.0627 0.0086 0.0025 0.0710 0.0052 
        TC28  1 0.0008 0.0043 0.0014 0.0013 0.0030 0.8493 0.0024 0.0030 0.0019 0.0040 0.0068 0.0058 0.0075 0.0228 0.0052 0.0027 0.0039 0.0031 0.0650 0.0056 
        TC29  1 0.0008 0.0013 0.0013 0.0014 0.0033 0.7601 0.0047 0.0017 0.0030 0.0060 0.0084 0.0119 0.0542 0.0074 0.0019 0.0018 0.0035 0.0074 0.1061 0.0141 
        TC30  1 0.0017 0.0029 0.0006 0.0011 0.0032 0.9025 0.0024 0.0025 0.0037 0.0028 0.0065 0.0040 0.0030 0.0026 0.0032 0.0029 0.0027 0.0035 0.0218 0.0264 
        TC31  1 0.0046 0.0012 0.0008 0.0022 0.0014 0.8535 0.0038 0.0015 0.0088 0.0257 0.0087 0.0260 0.0048 0.0036 0.0046 0.0063 0.0159 0.0037 0.0101 0.0128 
        TC32  1 0.0097 0.0056 0.0015 0.0020 0.0029 0.6958 0.0023 0.0033 0.0022 0.0040 0.0095 0.0055 0.0049 0.0050 0.0258 0.0020 0.0047 0.0025 0.2046 0.0063 
        TC33  1 0.0008 0.0013 0.0009 0.0019 0.0017 0.9051 0.0055 0.0019 0.0030 0.0117 0.0066 0.0052 0.0059 0.0058 0.0029 0.0032 0.0044 0.0059 0.0216 0.0048 
        TC34  1 0.0006 0.0020 0.0006 0.0019 0.0035 0.7901 0.0063 0.0031 0.0050 0.0031 0.0063 0.0045 0.0031 0.0076 0.0035 0.0054 0.0053 0.0031 0.1363 0.0087 
        TC35  1 0.0009 0.0021 0.0007 0.0023 0.0029 0.8295 0.0021 0.0032 0.0062 0.0172 0.0085 0.0155 0.0078 0.0022 0.0069 0.0102 0.0099 0.0022 0.0239 0.0459 
        TC36  1 0.0015 0.0053 0.0012 0.0021 0.0025 0.9031 0.0023 0.0036 0.0024 0.0032 0.0115 0.0046 0.0045 0.0085 0.0024 0.0039 0.0055 0.0044 0.0164 0.0110 
        TC37  1 0.0013 0.0012 0.0007 0.0032 0.0011 0.9239 0.0040 0.0025 0.0029 0.0036 0.0071 0.0056 0.0030 0.0037 0.0052 0.0026 0.0118 0.0024 0.0060 0.0083 
        TC38  1 0.0005 0.0025 0.0006 0.0014 0.0096 0.7462 0.0023 0.0018 0.0025 0.0064 0.0113 0.0420 0.0041 0.0122 0.0028 0.0019 0.0030 0.0030 0.0416 0.1040 
        TC39  1 0.0006 0.0014 0.0005 0.0014 0.0456 0.7437 0.0026 0.0047 0.0027 0.0031 0.0072 0.0074 0.0032 0.0032 0.0094 0.0020 0.0072 0.0029 0.1334 0.0178 
        TC40  1 0.0012 0.0020 0.0007 0.0010 0.0054 0.7886 0.0106 0.0027 0.0032 0.0030 0.0072 0.0049 0.0085 0.0040 0.0065 0.0033 0.0042 0.0096 0.1258 0.0075 
        TC41  1 0.0139 0.0013 0.0008 0.0016 0.0016 0.8940 0.0020 0.0027 0.0119 0.0029 0.0050 0.0044 0.0151 0.0039 0.0034 0.0023 0.0149 0.0023 0.0111 0.0049 
        TC42  1 0.0006 0.0011 0.0006 0.0011 0.0017 0.8997 0.0017 0.0017 0.0038 0.0019 0.0065 0.0031 0.0065 0.0026 0.0030 0.0026 0.0028 0.0033 0.0473 0.0084 
        TC43  1 0.0010 0.0012 0.0022 0.0017 0.0011 0.8903 0.0021 0.0017 0.0018 0.0024 0.0057 0.0069 0.0037 0.0052 0.0035 0.0036 0.0037 0.0026 0.0512 0.0084 
        TC44  1 0.0005 0.0028 0.0005 0.0011 0.0071 0.8065 0.0018 0.0019 0.0034 0.0059 0.0089 0.0050 0.0057 0.0042 0.0047 0.0079 0.0105 0.0054 0.0450 0.0713 
        TC45  1 0.0005 0.0008 0.0009 0.0029 0.0064 0.9013 0.0014 0.0034 0.0028 0.0030 0.0084 0.0223 0.0022 0.0023 0.0096 0.0015 0.0163 0.0019 0.0067 0.0054 
        TC46  1 0.0007 0.0021 0.0010 0.0024 0.0041 0.8954 0.0027 0.0028 0.0042 0.0025 0.0097 0.0114 0.0062 0.0106 0.0060 0.0065 0.0094 0.0033 0.0137 0.0053 
        TC47  1 0.0009 0.0024 0.0007 0.0010 0.0082 0.8693 0.0023 0.0021 0.0032 0.0036 0.0049 0.0049 0.0042 0.0091 0.0030 0.0100 0.0058 0.0023 0.0238 0.0383 
        TC48  1 0.0026 0.0034 0.0015 0.0027 0.0043 0.8301 0.0291 0.0037 0.0118 0.0030 0.0204 0.0172 0.0064 0.0069 0.0058 0.0043 0.0067 0.0028 0.0300 0.0071 
        TC49  1 0.0008 0.0016 0.0014 0.0021 0.0021 0.9005 0.0026 0.0025 0.0050 0.0045 0.0209 0.0061 0.0104 0.0060 0.0064 0.0025 0.0051 0.0016 0.0136 0.0044 
        TC50  1 0.0016 0.0033 0.0081 0.0013 0.0015 0.8865 0.0051 0.0033 0.0056 0.0040 0.0067 0.0091 0.0050 0.0025 0.0080 0.0121 0.0044 0.0059 0.0116 0.0143 
        TC51  1 0.0009 0.0012 0.0015 0.0017 0.0015 0.7936 0.0020 0.0027 0.0035 0.0097 0.0201 0.0069 0.0043 0.0044 0.0031 0.0037 0.0056 0.0036 0.1102 0.0199 
        TC52  1 0.0005 0.0013 0.0010 0.0013 0.0027 0.8504 0.0025 0.0037 0.0022 0.0019 0.0076 0.0133 0.0028 0.0553 0.0028 0.0017 0.0033 0.0098 0.0281 0.0077 
        TC53  1 0.0009 0.0030 0.0008 0.0017 0.0020 0.8463 0.0021 0.0018 0.0128 0.0018 0.0404 0.0030 0.0021 0.0026 0.0029 0.0094 0.0031 0.0029 0.0448 0.0156 
        TC54  1 0.0009 0.0066 0.0036 0.0025 0.0036 0.8140 0.0251 0.0040 0.0034 0.0040 0.0075 0.0075 0.0098 0.0033 0.0039 0.0060 0.0113 0.0050 0.0694 0.0086 
        TC55  1 0.0076 0.0041 0.0038 0.0014 0.0209 0.8364 0.0035 0.0050 0.0021 0.0033 0.0094 0.0069 0.0043 0.0046 0.0121 0.0033 0.0080 0.0057 0.0523 0.0053 
        TC56  1 0.0008 0.0015 0.0028 0.0036 0.0010 0.8347 0.0095 0.0025 0.0043 0.0065 0.0106 0.0287 0.0088 0.0036 0.0110 0.0058 0.0035 0.0037 0.0450 0.0119 
        TC57  1 0.0010 0.0077 0.0011 0.0038 0.0072 0.8866 0.0035 0.0041 0.0053 0.0037 0.0094 0.0042 0.0077 0.0032 0.0071 0.0121 0.0043 0.0033 0.0097 0.0150 
        TC58  1 0.0006 0.0021 0.0009 0.0014 0.0077 0.8782 0.0019 0.0048 0.0031 0.0263 0.0050 0.0048 0.0036 0.0089 0.0078 0.0034 0.0143 0.0019 0.0135 0.0097 
        TC59  1 0.0005 0.0017 0.0005 0.0010 0.0016 0.9255 0.0024 0.0090 0.0024 0.0033 0.0054 0.0029 0.0025 0.0055 0.0022 0.0033 0.0028 0.0022 0.0195 0.0060 
        TA01  2 0.0010 0.0053 0.0033 0.0012 0.0069 0.8752 0.0023 0.0029 0.0028 0.0035 0.0056 0.0036 0.0041 0.0040 0.0026 0.0040 0.0028 0.0023 0.0236 0.0430 
        TA02  2 0.0007 0.0031 0.0008 0.0032 0.0015 0.8936 0.0056 0.0020 0.0019 0.0021 0.0051 0.0044 0.0278 0.0085 0.0025 0.0022 0.0043 0.0054 0.0126 0.0128 
        TA03  2 0.0008 0.0021 0.0012 0.0029 0.0031 0.8301 0.0049 0.0019 0.0035 0.0037 0.0072 0.0048 0.0056 0.0040 0.0077 0.0271 0.0062 0.0040 0.0162 0.0629 
        TA04  2 0.0008 0.0014 0.0012 0.0025 0.0017 0.5406 0.0023 0.0031 0.0028 0.0028 0.0058 0.0041 0.0029 0.0043 0.0050 0.0062 0.0065 0.0032 0.0591 0.3435 
        TA05  2 0.0008 0.0014 0.0006 0.0017 0.0013 0.9153 0.0035 0.0021 0.0024 0.0036 0.0101 0.0069 0.0044 0.0072 0.0049 0.0040 0.0041 0.0023 0.0094 0.0139 
        TA06  2 0.0009 0.0013 0.0030 0.0006 0.0057 0.8906 0.0018 0.0017 0.0032 0.0041 0.0035 0.0034 0.0021 0.0031 0.0026 0.0021 0.0073 0.0030 0.0450 0.0152 
        TA07  2 0.0006 0.0565 0.0005 0.0029 0.0024 0.6600 0.0055 0.0015 0.0037 0.0069 0.0235 0.0046 0.0038 0.0054 0.0055 0.0030 0.0048 0.0043 0.0124 0.1921 
        TA08  2 0.0005 0.0010 0.0050 0.0018 0.0034 0.7938 0.0019 0.0014 0.0018 0.0024 0.0046 0.0077 0.0029 0.0021 0.0028 0.0593 0.0022 0.0022 0.0749 0.0282 
        TA09  2 0.0005 0.0014 0.0007 0.0012 0.0025 0.8999 0.0021 0.0014 0.0022 0.0023 0.0057 0.0029 0.0030 0.0124 0.0022 0.0030 0.0024 0.0043 0.0225 0.0274 
        TA10  2 0.0006 0.0023 0.0016 0.0017 0.0040 0.8207 0.0025 0.0043 0.0085 0.0529 0.0113 0.0044 0.0267 0.0064 0.0042 0.0026 0.0031 0.0028 0.0200 0.0195 
        TA11  2 0.0006 0.0013 0.0006 0.0013 0.0859 0.6958 0.0026 0.0017 0.0162 0.0424 0.0073 0.0083 0.0122 0.0027 0.0210 0.0069 0.0411 0.0024 0.0193 0.0304 
        TA12  2 0.0006 0.0018 0.0013 0.0014 0.0028 0.7800 0.0030 0.0012 0.0163 0.0046 0.0065 0.0036 0.1257 0.0031 0.0123 0.0021 0.0041 0.0019 0.0102 0.0174 
        TA13  2 0.0008 0.0033 0.0026 0.0028 0.0011 0.6644 0.0051 0.0018 0.0103 0.0123 0.0807 0.0051 0.0246 0.0056 0.0286 0.0027 0.0037 0.0051 0.0790 0.0603 
        TA14  2 0.0006 0.0010 0.0006 0.0010 0.0029 0.8827 0.0030 0.0014 0.0015 0.0018 0.0047 0.0026 0.0055 0.0027 0.0106 0.0020 0.0049 0.0057 0.0468 0.0181 
        TA15  2 0.0006 0.0010 0.0007 0.0028 0.0011 0.8742 0.0021 0.0026 0.0022 0.0030 0.0082 0.0027 0.0031 0.0031 0.0156 0.0021 0.0037 0.0023 0.0595 0.0095 
        TA16  2 0.0006 0.0046 0.0009 0.0165 0.0047 0.7605 0.0019 0.0044 0.0025 0.0268 0.0069 0.0037 0.0088 0.0058 0.0047 0.0032 0.0028 0.0034 0.0777 0.0597 
        TA17  2 0.0008 0.0023 0.0005 0.0025 0.0015 0.8774 0.0047 0.0019 0.0067 0.0028 0.0071 0.0036 0.0181 0.0076 0.0104 0.0085 0.0034 0.0037 0.0307 0.0060 
        TA18  2 0.0398 0.0013 0.0006 0.0019 0.0008 0.8533 0.0022 0.0145 0.0041 0.0132 0.0051 0.0033 0.0036 0.0161 0.0036 0.0031 0.0032 0.0083 0.0126 0.0093 
        TA19  2 0.0029 0.0014 0.0016 0.0011 0.0020 0.7846 0.0030 0.0019 0.0068 0.0081 0.0077 0.0039 0.0057 0.0053 0.0037 0.0629 0.0078 0.0023 0.0231 0.0642 
        TA20  2 0.0006 0.0036 0.0006 0.0026 0.0068 0.7752 0.0113 0.0015 0.0035 0.0024 0.0045 0.0043 0.1455 0.0023 0.0029 0.0027 0.0032 0.0022 0.0176 0.0067 
        TA21  2 0.0006 0.0022 0.0026 0.0045 0.0348 0.8395 0.0053 0.0018 0.0026 0.0040 0.0113 0.0057 0.0099 0.0060 0.0061 0.0038 0.0026 0.0038 0.0370 0.0161 
        TA22  2 0.0009 0.0031 0.0011 0.0013 0.0013 0.8297 0.0075 0.0012 0.0029 0.0021 0.0034 0.0036 0.0030 0.0035 0.0199 0.0021 0.0039 0.0023 0.1012 0.0058 
        TA23  2 0.0008 0.0012 0.0014 0.0013 0.0017 0.8446 0.0025 0.0014 0.0019 0.0026 0.0038 0.0033 0.0043 0.0041 0.0032 0.0027 0.0029 0.0021 0.1015 0.0127 
        TA24  2 0.0005 0.0548 0.0013 0.0011 0.0012 0.8571 0.0021 0.0022 0.0029 0.0026 0.0075 0.0038 0.0047 0.0034 0.0033 0.0137 0.0066 0.0045 0.0169 0.0097 
        TA25  2 0.0005 0.0025 0.0031 0.0029 0.0017 0.7486 0.0014 0.0043 0.0195 0.1310 0.0110 0.0036 0.0196 0.0038 0.0037 0.0022 0.0029 0.0030 0.0271 0.0076 
        TA26  2 0.0009 0.0014 0.0010 0.0014 0.0341 0.7925 0.0038 0.0015 0.0069 0.0067 0.0070 0.0109 0.0065 0.0031 0.0130 0.0045 0.0030 0.0019 0.0475 0.0525 
        TA27  2 0.0008 0.0012 0.0007 0.0016 0.0017 0.8767 0.0031 0.0020 0.0061 0.0033 0.0056 0.0029 0.0434 0.0038 0.0051 0.0045 0.0039 0.0043 0.0156 0.0137 
        TA28  2 0.0013 0.0050 0.0006 0.0031 0.0039 0.8604 0.0057 0.0025 0.0025 0.0024 0.0068 0.0107 0.0180 0.0110 0.0041 0.0028 0.0108 0.0066 0.0145 0.0274 
        TA29  2 0.0010 0.0019 0.0008 0.0024 0.0017 0.8359 0.0022 0.0027 0.0051 0.0037 0.0059 0.0040 0.0043 0.0048 0.0110 0.0117 0.0036 0.0022 0.0882 0.0069 
        TA30  2 0.0010 0.0011 0.0010 0.0016 0.1247 0.5713 0.0057 0.0022 0.0031 0.0034 0.0127 0.0064 0.0081 0.0031 0.0083 0.0148 0.0071 0.0023 0.0226 0.1996 
      BERM01  3 0.0008 0.0008 0.0008 0.0008 0.0018 0.0019 0.0020 0.0012 0.0017 0.0023 0.0041 0.0027 0.0031 0.0027 0.0023 0.0019 0.0025 0.0015 0.8715 0.0935 
      BERM02  3 0.0017 0.0008 0.0008 0.0010 0.0019 0.0034 0.0019 0.0015 0.0014 0.0019 0.0047 0.0032 0.0025 0.0026 0.0026 0.0015 0.0033 0.0014 0.9461 0.0155 
      BERM03  3 0.0007 0.0011 0.0006 0.0008 0.0019 0.0017 0.0018 0.0016 0.0020 0.0024 0.0047 0.0030 0.0026 0.0027 0.0027 0.0023 0.0028 0.0015 0.9586 0.0047 
      BERM04  3 0.0006 0.0009 0.0006 0.0008 0.0030 0.0015 0.0016 0.0014 0.0016 0.0028 0.0039 0.0035 0.0019 0.0028 0.0027 0.0032 0.0023 0.0017 0.9558 0.0075 
      BERM05  3 0.0005 0.0011 0.0007 0.0008 0.0014 0.0014 0.0020 0.0025 0.0029 0.0029 0.0037 0.0041 0.0027 0.0034 0.0033 0.0025 0.0033 0.0024 0.9474 0.0111 
      BERM06  3 0.0007 0.0012 0.0006 0.0008 0.0149 0.0024 0.0015 0.0048 0.0016 0.0018 0.0039 0.0038 0.0024 0.0046 0.0026 0.0025 0.0121 0.0016 0.8962 0.0401 
      BERM07  3 0.0006 0.0009 0.0006 0.0009 0.0024 0.0027 0.0017 0.0012 0.0027 0.0037 0.0048 0.0032 0.0026 0.0028 0.0029 0.0038 0.0045 0.0015 0.9386 0.0178 
      BERM08  3 0.0005 0.0008 0.0023 0.0007 0.0010 0.0021 0.0012 0.0011 0.0014 0.0020 0.0031 0.0037 0.0020 0.0022 0.0017 0.0019 0.0020 0.0014 0.9550 0.0140 
      BERM09  3 0.0013 0.0010 0.0005 0.0008 0.0016 0.0050 0.0017 0.0022 0.0025 0.0024 0.0047 0.0023 0.0019 0.0034 0.0015 0.0020 0.0112 0.0013 0.5604 0.3923 
      BERM10  3 0.0008 0.0036 0.0006 0.0008 0.0095 0.0041 0.0017 0.0016 0.0031 0.0025 0.0137 0.0051 0.0028 0.0038 0.0023 0.0062 0.0074 0.0016 0.9081 0.0205 
      BERM11  3 0.0006 0.0007 0.0014 0.0010 0.0019 0.0028 0.0018 0.0018 0.0014 0.0027 0.0039 0.0038 0.0022 0.0020 0.0023 0.0020 0.0032 0.0015 0.9111 0.0523 
      BERM12  3 0.0007 0.0007 0.0006 0.0009 0.0029 0.0031 0.0018 0.0012 0.0191 0.0031 0.0036 0.0241 0.0029 0.0039 0.0018 0.0020 0.0026 0.0139 0.9038 0.0074 
      BERM13  3 0.0006 0.0008 0.0005 0.0009 0.0008 0.0022 0.0016 0.0026 0.0021 0.0030 0.0042 0.0027 0.0024 0.0316 0.0032 0.0028 0.0105 0.0013 0.9071 0.0190 
      BERM14  3 0.0005 0.0008 0.0005 0.0012 0.0126 0.0032 0.0015 0.0016 0.0025 0.0030 0.0039 0.0029 0.0019 0.0022 0.0018 0.0021 0.0042 0.0028 0.9341 0.0167 
      CROC01  3 0.0026 0.0013 0.0009 0.0017 0.0013 0.0023 0.0116 0.0051 0.0063 0.0040 0.0101 0.0043 0.0036 0.0027 0.0036 0.0067 0.0191 0.0077 0.8885 0.0165 
      CROC02  3 0.0006 0.0014 0.0010 0.0018 0.0063 0.0023 0.0024 0.0107 0.0021 0.0035 0.0051 0.0056 0.0024 0.0516 0.0040 0.0019 0.0509 0.0020 0.8334 0.0110 
      CROC03  3 0.0006 0.0011 0.0013 0.0011 0.0063 0.0026 0.0025 0.0014 0.0024 0.0029 0.0046 0.0098 0.0037 0.0033 0.0037 0.0037 0.0045 0.0027 0.9034 0.0384 
      CROC04  3 0.0005 0.0309 0.0005 0.0007 0.0010 0.0422 0.0016 0.0138 0.0024 0.0024 0.0049 0.0026 0.0028 0.0023 0.0020 0.0021 0.0353 0.0044 0.8405 0.0072 
      CROC05  3 0.0008 0.0019 0.0011 0.0013 0.0055 0.0020 0.0021 0.0127 0.0021 0.0047 0.0060 0.0034 0.0029 0.0037 0.0027 0.0021 0.0033 0.0018 0.9207 0.0190 
      CROC06  3 0.0007 0.0200 0.0061 0.0010 0.0028 0.0057 0.0036 0.0049 0.0026 0.0131 0.0050 0.0050 0.0028 0.0063 0.0019 0.0025 0.0317 0.0072 0.8626 0.0147 
      CROC07  3 0.0007 0.0014 0.0009 0.0009 0.0021 0.0037 0.0025 0.0534 0.0033 0.0028 0.0065 0.0034 0.0033 0.0038 0.0039 0.0034 0.0149 0.0019 0.8641 0.0231 
      CROC08  3 0.0013 0.0014 0.0061 0.0011 0.0016 0.0026 0.0236 0.0015 0.0055 0.0063 0.0086 0.0081 0.0081 0.0027 0.0027 0.0037 0.0029 0.0035 0.8987 0.0100 
      CROC09  3 0.0011 0.0026 0.0009 0.0009 0.0071 0.0016 0.0063 0.0014 0.0017 0.0020 0.0104 0.0047 0.0024 0.0025 0.0029 0.0017 0.0022 0.0036 0.8017 0.1422 
      CROC10  3 0.0021 0.0008 0.0007 0.0009 0.0015 0.0020 0.0014 0.0021 0.0017 0.0035 0.0050 0.0039 0.0020 0.0022 0.0033 0.0020 0.0030 0.0018 0.8374 0.1226 
      CROC11  3 0.0011 0.0027 0.0009 0.0009 0.0067 0.0017 0.0061 0.0014 0.0017 0.0021 0.0103 0.0047 0.0024 0.0024 0.0030 0.0017 0.0022 0.0036 0.8013 0.1432 
     CROC110  3 0.0013 0.0026 0.0007 0.0014 0.0043 0.0036 0.0037 0.0026 0.0029 0.0026 0.0529 0.0030 0.0045 0.0053 0.0025 0.0036 0.0032 0.0040 0.8296 0.0659 
     CROC116  3 0.0015 0.0025 0.0031 0.0017 0.0063 0.0064 0.0034 0.0085 0.0044 0.0031 0.0078 0.0079 0.0087 0.0059 0.0066 0.0035 0.0047 0.0225 0.8822 0.0096 
      CROC12  3 0.0007 0.0020 0.0007 0.0008 0.0018 0.0023 0.0016 0.0012 0.0016 0.0020 0.0055 0.0032 0.0032 0.0046 0.0028 0.0017 0.0024 0.0014 0.9528 0.0079 
     CROC123  3 0.0007 0.0008 0.0005 0.0007 0.0047 0.0023 0.0013 0.0014 0.0013 0.0016 0.0042 0.0033 0.0026 0.0022 0.0026 0.0015 0.0021 0.0019 0.9508 0.0135 
      CROC13  3 0.0005 0.0010 0.0008 0.0007 0.0063 0.0018 0.0015 0.0015 0.0026 0.0036 0.0043 0.0079 0.0027 0.0027 0.0040 0.0028 0.0029 0.0016 0.9441 0.0069 
      CROC14  3 0.0004 0.0043 0.0010 0.0023 0.0069 0.0031 0.0029 0.0035 0.0012 0.0652 0.0111 0.0051 0.0032 0.0021 0.0017 0.0014 0.0075 0.0016 0.8601 0.0153 
      CROC15  3 0.0009 0.0017 0.0008 0.0103 0.0016 0.0026 0.0087 0.0015 0.0019 0.0072 0.0138 0.0086 0.0032 0.0220 0.0024 0.0027 0.0031 0.0583 0.8430 0.0058 
      CROC16  3 0.0007 0.0014 0.0014 0.0012 0.0114 0.0015 0.0041 0.0071 0.0025 0.0034 0.0093 0.0196 0.0046 0.0052 0.0080 0.0027 0.0048 0.0061 0.8456 0.0592 
      CROC17  3 0.0006 0.0008 0.0007 0.0253 0.0013 0.0288 0.0013 0.0012 0.0013 0.0019 0.0031 0.0032 0.0024 0.0019 0.0020 0.0017 0.0025 0.0013 0.9137 0.0049 
      CROC18  3 0.0009 0.0008 0.0010 0.0011 0.0018 0.0026 0.0019 0.0015 0.0037 0.0020 0.0052 0.0110 0.0025 0.0085 0.0049 0.0023 0.0273 0.0017 0.9126 0.0066 
      CROC19  3 0.0007 0.0045 0.0006 0.0012 0.0009 0.0044 0.0022 0.0051 0.0027 0.0032 0.0113 0.0038 0.0028 0.0034 0.0024 0.0053 0.0149 0.0021 0.9149 0.0136 
     CROC198  3 0.0008 0.0009 0.0007 0.0010 0.0097 0.0019 0.0020 0.0017 0.0042 0.0032 0.0058 0.0033 0.0027 0.0019 0.0023 0.0042 0.0050 0.0015 0.9243 0.0229 
      CROC20  3 0.0006 0.0018 0.0010 0.0018 0.0029 0.0018 0.0025 0.0032 0.0021 0.0030 0.0067 0.0061 0.0057 0.0047 0.0075 0.0029 0.0220 0.0031 0.9041 0.0167 
     CROC202  3 0.0006 0.0011 0.0021 0.0008 0.0086 0.0021 0.0016 0.0016 0.0048 0.0039 0.0043 0.0124 0.0029 0.0032 0.0022 0.0036 0.0067 0.0022 0.9254 0.0099 
      CROC21  3 0.0010 0.0009 0.0008 0.0009 0.0012 0.0029 0.0021 0.0013 0.0020 0.0029 0.0107 0.0040 0.0027 0.0036 0.0030 0.0023 0.0035 0.0015 0.9357 0.0169 
     CROC216  3 0.0012 0.0018 0.0006 0.0009 0.0016 0.0059 0.0036 0.0021 0.0022 0.0027 0.0077 0.0055 0.0036 0.0333 0.0022 0.0023 0.0039 0.0062 0.8717 0.0412 
      CROC22  3 0.0013 0.0009 0.0008 0.0021 0.0165 0.0032 0.0016 0.0017 0.0478 0.0028 0.0105 0.0047 0.0168 0.0033 0.0034 0.0018 0.0030 0.0017 0.8492 0.0269 
      CROC23  3 0.0017 0.0013 0.0099 0.0013 0.0010 0.0101 0.0024 0.0017 0.0021 0.0026 0.0064 0.0042 0.0032 0.0028 0.0043 0.0025 0.0026 0.0019 0.8044 0.1337 
      CROC24  3 0.0005 0.0014 0.0007 0.0011 0.0144 0.0027 0.0024 0.0017 0.0021 0.0023 0.0048 0.0075 0.0034 0.0032 0.0027 0.0018 0.0026 0.0019 0.8788 0.0639 
      CROC25  3 0.0011 0.0009 0.0005 0.0009 0.0030 0.0020 0.0018 0.0018 0.0016 0.0026 0.0036 0.0029 0.0021 0.0028 0.0018 0.0020 0.0039 0.0019 0.9545 0.0083 
     CROC259  3 0.0005 0.0014 0.0006 0.0015 0.0016 0.0133 0.0018 0.0031 0.0017 0.0187 0.0036 0.0044 0.0034 0.0024 0.0035 0.0027 0.0022 0.0019 0.9123 0.0192 
      CROC26  3 0.0008 0.0010 0.0011 0.0011 0.0020 0.0638 0.0023 0.0011 0.0029 0.0034 0.0034 0.0041 0.0028 0.0032 0.0019 0.0035 0.0031 0.0024 0.8858 0.0104 
      CROC27  3 0.0008 0.0008 0.0008 0.0015 0.0047 0.0167 0.0045 0.0041 0.0031 0.0025 0.0056 0.0040 0.0116 0.0026 0.0022 0.0028 0.0073 0.0036 0.8454 0.0753 
      CROC28  3 0.0006 0.0018 0.0006 0.0009 0.1026 0.0205 0.0022 0.0011 0.0017 0.0027 0.0044 0.0032 0.0039 0.0026 0.0017 0.0018 0.0023 0.0026 0.7036 0.1393 
      CROC29  3 0.0007 0.0012 0.0008 0.0013 0.0023 0.0021 0.0033 0.0014 0.0021 0.0022 0.0064 0.0038 0.0024 0.0022 0.0028 0.0020 0.0029 0.0035 0.9493 0.0074 
      CROC30  3 0.0012 0.0099 0.0007 0.0020 0.0072 0.0033 0.0034 0.0073 0.0019 0.0026 0.0074 0.0050 0.0080 0.0779 0.0025 0.0020 0.0128 0.0029 0.8177 0.0245 
      CROC31  3 0.0009 0.0023 0.0015 0.0020 0.0036 0.0096 0.0032 0.0027 0.0024 0.0032 0.0139 0.0041 0.0051 0.0027 0.0064 0.0022 0.0041 0.0080 0.7833 0.1386 
      CROC32  3 0.0005 0.0011 0.0005 0.0010 0.0108 0.0019 0.0015 0.0027 0.0023 0.0028 0.0055 0.0031 0.0021 0.0030 0.0022 0.0020 0.0058 0.0014 0.9402 0.0096 
      CROC33  3 0.0006 0.0059 0.0005 0.0008 0.0010 0.0068 0.0172 0.0072 0.0019 0.0016 0.0082 0.0056 0.0127 0.0022 0.0021 0.0027 0.0065 0.0039 0.9004 0.0124 
      CROC34  3 0.0006 0.0011 0.0007 0.0009 0.0010 0.0023 0.0024 0.0018 0.0021 0.0032 0.0035 0.0036 0.0031 0.0061 0.0022 0.0030 0.0037 0.0019 0.9485 0.0083 
      CROC35  3 0.0007 0.0066 0.0005 0.0142 0.0018 0.0073 0.0013 0.0015 0.0012 0.0022 0.0119 0.0036 0.0037 0.0020 0.0016 0.0014 0.0038 0.0012 0.9003 0.0333 
      CROC36  3 0.0022 0.0010 0.0009 0.0010 0.0026 0.0019 0.0019 0.0024 0.0021 0.0034 0.0049 0.0037 0.0024 0.0029 0.0036 0.0021 0.0030 0.0023 0.9294 0.0264 
      CROC57  3 0.0005 0.0010 0.0007 0.0010 0.0013 0.0015 0.0021 0.0016 0.0022 0.0047 0.0043 0.0034 0.0025 0.0025 0.0025 0.0022 0.0030 0.0021 0.9536 0.0073 
      CROC81  3 0.0013 0.0018 0.0010 0.0010 0.0091 0.0021 0.0070 0.0029 0.0027 0.0028 0.0064 0.0201 0.0031 0.0117 0.0035 0.0021 0.0094 0.0027 0.8963 0.0130 
      CROC84  3 0.0005 0.0007 0.0005 0.0006 0.0034 0.0028 0.0013 0.0010 0.0073 0.0020 0.0034 0.0094 0.0033 0.0018 0.0017 0.0014 0.0019 0.0051 0.9213 0.0309 
        FW01  3 0.0004 0.0007 0.0005 0.0007 0.9593 0.0013 0.0016 0.0012 0.0018 0.0021 0.0040 0.0034 0.0021 0.0025 0.0020 0.0019 0.0030 0.0014 0.0061 0.0040 
        FW02  3 0.0006 0.0006 0.0005 0.0006 0.0009 0.0012 0.0012 0.0010 0.0013 0.0018 0.0031 0.0023 0.0017 0.0018 0.0015 0.0015 0.0023 0.0012 0.0060 0.9690 
        FW03  3 0.0004 0.0007 0.0005 0.0006 0.9663 0.0012 0.0013 0.0010 0.0013 0.0017 0.0030 0.0027 0.0016 0.0020 0.0015 0.0015 0.0024 0.0014 0.0050 0.0037 
        FW04  3 0.0006 0.0006 0.0005 0.0006 0.0008 0.0012 0.0012 0.0010 0.0013 0.0018 0.0031 0.0023 0.0017 0.0018 0.0015 0.0015 0.0023 0.0012 0.0060 0.9689 
        FW05  3 0.0006 0.0006 0.0005 0.0006 0.0009 0.0011 0.0012 0.0010 0.0013 0.0018 0.0031 0.0023 0.0017 0.0018 0.0016 0.0015 0.0023 0.0012 0.0059 0.9690 
        FW06  3 0.0006 0.0006 0.0005 0.0006 0.0008 0.0012 0.0012 0.0010 0.0013 0.0018 0.0031 0.0023 0.0017 0.0018 0.0015 0.0015 0.0023 0.0012 0.0061 0.9689 
        FW07  3 0.0004 0.0006 0.0005 0.0006 0.9663 0.0012 0.0013 0.0010 0.0013 0.0017 0.0030 0.0027 0.0016 0.0019 0.0015 0.0016 0.0024 0.0013 0.0050 0.0038 
        FW08  3 0.0006 0.0006 0.0005 0.0006 0.0009 0.0011 0.0012 0.0010 0.0013 0.0018 0.0031 0.0023 0.0017 0.0018 0.0015 0.0015 0.0023 0.0012 0.0059 0.9691 
        FW09  3 0.0006 0.0006 0.0005 0.0006 0.0009 0.0012 0.0012 0.0010 0.0013 0.0018 0.0031 0.0023 0.0017 0.0018 0.0015 0.0015 0.0023 0.0012 0.0059 0.9691 
        FW10  3 0.0005 0.0007 0.0005 0.0006 0.9660 0.0012 0.0013 0.0010 0.0013 0.0017 0.0031 0.0027 0.0017 0.0020 0.0016 0.0016 0.0024 0.0014 0.0050 0.0037 
       FW100  3 0.0005 0.0006 0.0005 0.0006 0.9653 0.0012 0.0014 0.0010 0.0013 0.0017 0.0031 0.0027 0.0017 0.0020 0.0016 0.0015 0.0024 0.0013 0.0053 0.0044 
       FW101  3 0.0005 0.0007 0.0005 0.0006 0.9660 0.0012 0.0014 0.0010 0.0013 0.0017 0.0030 0.0027 0.0017 0.0020 0.0016 0.0015 0.0024 0.0013 0.0050 0.0038 
       FW102  3 0.0006 0.0006 0.0005 0.0006 0.0009 0.0011 0.0012 0.0010 0.0013 0.0018 0.0032 0.0023 0.0017 0.0019 0.0015 0.0015 0.0024 0.0012 0.0060 0.9688 
       FW103  3 0.0006 0.0006 0.0005 0.0006 0.0009 0.0012 0.0012 0.0010 0.0013 0.0018 0.0031 0.0023 0.0017 0.0018 0.0015 0.0015 0.0023 0.0012 0.0059 0.9690 
       FW104  3 0.0004 0.0007 0.0005 0.0007 0.9594 0.0013 0.0016 0.0012 0.0018 0.0021 0.0039 0.0034 0.0021 0.0025 0.0020 0.0019 0.0030 0.0014 0.0061 0.0040 
       FW105  3 0.0005 0.0007 0.0005 0.0006 0.9662 0.0012 0.0014 0.0010 0.0013 0.0017 0.0031 0.0027 0.0017 0.0020 0.0016 0.0015 0.0024 0.0013 0.0050 0.0038 
       FW106  3 0.0014 0.0015 0.0013 0.0028 0.0032 0.0038 0.0028 0.0022 0.0025 0.0025 0.0066 0.0072 0.0263 0.0037 0.0331 0.0040 0.0295 0.0077 0.7301 0.1277 
       FW107  3 0.0004 0.0007 0.0005 0.0007 0.9595 0.0013 0.0016 0.0012 0.0018 0.0021 0.0039 0.0034 0.0022 0.0025 0.0020 0.0019 0.0031 0.0014 0.0060 0.0039 
       FW108  3 0.0006 0.0006 0.0005 0.0006 0.0009 0.0012 0.0012 0.0010 0.0013 0.0018 0.0032 0.0023 0.0017 0.0018 0.0015 0.0015 0.0023 0.0012 0.0062 0.9687 
       FW109  3 0.0004 0.0007 0.0005 0.0006 0.9661 0.0012 0.0013 0.0010 0.0013 0.0017 0.0031 0.0027 0.0017 0.0019 0.0016 0.0016 0.0024 0.0014 0.0050 0.0038 
        FW11  3 0.0005 0.0007 0.0005 0.0006 0.9654 0.0012 0.0013 0.0010 0.0013 0.0017 0.0031 0.0027 0.0017 0.0020 0.0016 0.0015 0.0024 0.0013 0.0052 0.0043 
       FW110  3 0.0005 0.0007 0.0005 0.0006 0.9661 0.0012 0.0013 0.0010 0.0013 0.0017 0.0030 0.0027 0.0016 0.0020 0.0016 0.0016 0.0024 0.0013 0.0050 0.0038 
       FW111  3 0.0006 0.0006 0.0005 0.0006 0.0009 0.0011 0.0012 0.0010 0.0013 0.0018 0.0031 0.0023 0.0017 0.0018 0.0015 0.0015 0.0023 0.0012 0.0060 0.9690 
       FW112  3 0.0005 0.0006 0.0005 0.0006 0.9653 0.0012 0.0014 0.0010 0.0013 0.0017 0.0030 0.0027 0.0017 0.0020 0.0016 0.0016 0.0024 0.0013 0.0053 0.0043 
       FW113  3 0.0006 0.0006 0.0005 0.0006 0.0009 0.0012 0.0012 0.0010 0.0013 0.0018 0.0032 0.0023 0.0017 0.0018 0.0015 0.0015 0.0023 0.0012 0.0060 0.9690 
       FW114  3 0.0009 0.0011 0.0005 0.0009 0.9607 0.0024 0.0013 0.0015 0.0015 0.0017 0.0036 0.0028 0.0019 0.0021 0.0019 0.0016 0.0024 0.0015 0.0058 0.0039 
       FW115  3 0.0004 0.0006 0.0005 0.0006 0.9663 0.0012 0.0013 0.0010 0.0013 0.0017 0.0030 0.0027 0.0016 0.0020 0.0016 0.0015 0.0024 0.0013 0.0050 0.0037 
       FW116  3 0.0006 0.0006 0.0005 0.0006 0.0009 0.0011 0.0012 0.0010 0.0013 0.0018 0.0032 0.0023 0.0017 0.0018 0.0015 0.0015 0.0023 0.0012 0.0059 0.9689 
        FW12  3 0.0006 0.0006 0.0005 0.0006 0.0009 0.0012 0.0012 0.0010 0.0013 0.0018 0.0031 0.0023 0.0017 0.0018 0.0015 0.0015 0.0023 0.0012 0.0060 0.9689 
        FW13  3 0.0006 0.0006 0.0005 0.0006 0.0009 0.0012 0.0012 0.0010 0.0013 0.0018 0.0031 0.0023 0.0017 0.0018 0.0015 0.0015 0.0023 0.0012 0.0061 0.9687 
        FW14  3 0.0004 0.0007 0.0005 0.0007 0.9595 0.0013 0.0016 0.0012 0.0018 0.0021 0.0038 0.0035 0.0022 0.0025 0.0019 0.0019 0.0030 0.0014 0.0060 0.0039 
        FW15  3 0.0004 0.0008 0.0005 0.0007 0.9594 0.0013 0.0016 0.0011 0.0018 0.0021 0.0039 0.0034 0.0021 0.0025 0.0019 0.0019 0.0030 0.0014 0.0061 0.0040 
        FW16  3 0.0004 0.0006 0.0005 0.0006 0.9662 0.0012 0.0013 0.0010 0.0013 0.0017 0.0031 0.0027 0.0017 0.0020 0.0016 0.0015 0.0024 0.0014 0.0050 0.0038 
        FW17  3 0.0004 0.0006 0.0005 0.0006 0.9661 0.0012 0.0013 0.0010 0.0013 0.0017 0.0031 0.0027 0.0016 0.0020 0.0016 0.0015 0.0024 0.0014 0.0051 0.0038 
        FW18  3 0.0005 0.0007 0.0005 0.0006 0.9653 0.0012 0.0013 0.0010 0.0013 0.0017 0.0031 0.0027 0.0017 0.0019 0.0016 0.0015 0.0024 0.0013 0.0052 0.0043 
        FW19  3 0.0006 0.0006 0.0005 0.0006 0.0009 0.0012 0.0012 0.0010 0.0013 0.0018 0.0031 0.0023 0.0017 0.0018 0.0015 0.0015 0.0023 0.0012 0.0059 0.9691 
        FW20  3 0.0006 0.0006 0.0005 0.0006 0.0009 0.0012 0.0012 0.0010 0.0013 0.0018 0.0030 0.0023 0.0017 0.0018 0.0015 0.0015 0.0023 0.0012 0.0059 0.9691 
        FW21  3 0.0006 0.0006 0.0005 0.0006 0.0009 0.0012 0.0012 0.0010 0.0013 0.0018 0.0031 0.0023 0.0017 0.0018 0.0015 0.0015 0.0023 0.0012 0.0060 0.9689 
        FW22  3 0.0005 0.0006 0.0005 0.0006 0.9653 0.0012 0.0014 0.0010 0.0013 0.0017 0.0031 0.0027 0.0017 0.0020 0.0016 0.0015 0.0024 0.0013 0.0052 0.0044 
        FW23  3 0.0006 0.0006 0.0005 0.0006 0.0009 0.0012 0.0012 0.0010 0.0013 0.0018 0.0031 0.0023 0.0017 0.0018 0.0015 0.0015 0.0023 0.0012 0.0059 0.9691 
        FW24  3 0.0006 0.0006 0.0005 0.0006 0.0009 0.0012 0.0012 0.0010 0.0013 0.0018 0.0031 0.0023 0.0017 0.0018 0.0015 0.0015 0.0023 0.0012 0.0059 0.9691 
        FW25  3 0.0006 0.0006 0.0005 0.0006 0.0009 0.0011 0.0012 0.0010 0.0013 0.0018 0.0031 0.0023 0.0017 0.0018 0.0015 0.0015 0.0023 0.0012 0.0059 0.9689 
        FW26  3 0.0006 0.0006 0.0005 0.0006 0.0009 0.0011 0.0012 0.0010 0.0013 0.0018 0.0031 0.0023 0.0016 0.0018 0.0015 0.0015 0.0023 0.0012 0.0059 0.9691 
        FW27  3 0.0005 0.0006 0.0005 0.0006 0.9661 0.0012 0.0014 0.0010 0.0013 0.0017 0.0031 0.0027 0.0016 0.0019 0.0016 0.0015 0.0024 0.0013 0.0051 0.0037 
        FW28  3 0.0006 0.0006 0.0005 0.0006 0.0009 0.0012 0.0012 0.0010 0.0013 0.0018 0.0031 0.0023 0.0017 0.0018 0.0015 0.0015 0.0023 0.0012 0.0063 0.9687 
        FW29  3 0.0006 0.0006 0.0005 0.0006 0.0009 0.0011 0.0012 0.0010 0.0013 0.0018 0.0031 0.0023 0.0017 0.0019 0.0015 0.0015 0.0023 0.0012 0.0060 0.9690 
        FW30  3 0.0013 0.0016 0.0013 0.0031 0.0032 0.0038 0.0027 0.0022 0.0025 0.0026 0.0066 0.0071 0.0265 0.0037 0.0321 0.0043 0.0297 0.0074 0.7307 0.1277 
        FW32  3 0.0005 0.0007 0.0005 0.0007 0.9596 0.0013 0.0016 0.0011 0.0018 0.0021 0.0039 0.0034 0.0022 0.0024 0.0019 0.0019 0.0030 0.0014 0.0061 0.0039 
        FW33  3 0.0065 0.0007 0.0005 0.0012 0.0009 0.0018 0.0012 0.0013 0.0013 0.0018 0.0081 0.0023 0.0017 0.0019 0.0015 0.0015 0.0023 0.0012 0.0154 0.9470 
        FW34  3 0.0006 0.0006 0.0005 0.0006 0.0009 0.0012 0.0012 0.0010 0.0014 0.0018 0.0032 0.0023 0.0017 0.0018 0.0015 0.0015 0.0023 0.0012 0.0060 0.9689 
        FW35  3 0.0006 0.0006 0.0005 0.0006 0.0009 0.0011 0.0012 0.0010 0.0013 0.0018 0.0031 0.0023 0.0017 0.0019 0.0015 0.0015 0.0023 0.0012 0.0060 0.9690 
        FW36  3 0.0006 0.0006 0.0005 0.0006 0.0009 0.0011 0.0012 0.0010 0.0013 0.0018 0.0031 0.0023 0.0017 0.0018 0.0015 0.0015 0.0024 0.0012 0.0059 0.9689 
        FW37  3 0.0004 0.0006 0.0005 0.0006 0.9663 0.0012 0.0014 0.0010 0.0013 0.0017 0.0031 0.0027 0.0017 0.0020 0.0016 0.0016 0.0023 0.0013 0.0050 0.0037 
        FW51  3 0.0006 0.0006 0.0005 0.0006 0.0009 0.0012 0.0012 0.0010 0.0013 0.0018 0.0031 0.0023 0.0017 0.0018 0.0015 0.0015 0.0023 0.0012 0.0059 0.9690 
        FW52  3 0.0005 0.0007 0.0005 0.0006 0.9661 0.0012 0.0013 0.0010 0.0013 0.0017 0.0031 0.0027 0.0017 0.0020 0.0016 0.0015 0.0024 0.0014 0.0050 0.0038 
        FW53  3 0.0006 0.0006 0.0005 0.0006 0.0008 0.0012 0.0012 0.0010 0.0013 0.0018 0.0031 0.0023 0.0017 0.0018 0.0015 0.0015 0.0023 0.0012 0.0059 0.9691 
        FW54  3 0.0004 0.0007 0.0005 0.0006 0.9663 0.0012 0.0013 0.0011 0.0013 0.0017 0.0030 0.0027 0.0016 0.0019 0.0015 0.0016 0.0024 0.0014 0.0050 0.0038 
        FW55  3 0.0006 0.0006 0.0005 0.0006 0.0009 0.0012 0.0012 0.0010 0.0013 0.0018 0.0031 0.0023 0.0017 0.0019 0.0015 0.0015 0.0023 0.0012 0.0059 0.9690 
        FW56  3 0.0006 0.0006 0.0005 0.0006 0.0008 0.0012 0.0012 0.0010 0.0013 0.0018 0.0031 0.0023 0.0017 0.0018 0.0015 0.0015 0.0023 0.0012 0.0059 0.9691 
        FW57  3 0.0006 0.0006 0.0005 0.0006 0.0009 0.0012 0.0012 0.0010 0.0013 0.0018 0.0031 0.0023 0.0017 0.0018 0.0015 0.0015 0.0023 0.0012 0.0060 0.9690 
        FW78  3 0.0006 0.0006 0.0004 0.0006 0.0009 0.0012 0.0012 0.0010 0.0013 0.0018 0.0031 0.0023 0.0017 0.0018 0.0015 0.0015 0.0023 0.0012 0.0059 0.9690 
        FW79  3 0.0006 0.0006 0.0005 0.0006 0.0009 0.0012 0.0012 0.0010 0.0013 0.0018 0.0031 0.0023 0.0017 0.0019 0.0015 0.0015 0.0023 0.0012 0.0062 0.9687 
        FW80  3 0.0006 0.0006 0.0005 0.0006 0.0009 0.0012 0.0012 0.0010 0.0013 0.0018 0.0031 0.0023 0.0017 0.0018 0.0015 0.0015 0.0023 0.0012 0.0060 0.9690 
        FW81  3 0.0005 0.0007 0.0005 0.0006 0.9663 0.0012 0.0013 0.0010 0.0013 0.0017 0.0030 0.0028 0.0016 0.0019 0.0016 0.0015 0.0024 0.0014 0.0049 0.0037 
        FW82  3 0.0005 0.0007 0.0005 0.0006 0.9661 0.0012 0.0014 0.0010 0.0013 0.0017 0.0030 0.0027 0.0017 0.0020 0.0016 0.0015 0.0024 0.0014 0.0050 0.0037 
        FW83  3 0.0004 0.0007 0.0005 0.0007 0.9591 0.0013 0.0016 0.0011 0.0018 0.0021 0.0039 0.0034 0.0021 0.0025 0.0019 0.0019 0.0031 0.0014 0.0062 0.0039 
        FW84  3 0.0006 0.0006 0.0005 0.0006 0.0009 0.0012 0.0012 0.0010 0.0013 0.0018 0.0031 0.0023 0.0017 0.0018 0.0015 0.0015 0.0023 0.0012 0.0059 0.9691 
        FW85  3 0.0005 0.0028 0.0005 0.0006 0.9289 0.0028 0.0013 0.0010 0.0013 0.0017 0.0099 0.0107 0.0017 0.0020 0.0016 0.0016 0.0024 0.0183 0.0053 0.0051 
        FW86  3 0.0005 0.0007 0.0005 0.0006 0.9652 0.0012 0.0014 0.0010 0.0013 0.0017 0.0031 0.0028 0.0017 0.0019 0.0016 0.0015 0.0024 0.0013 0.0053 0.0044 
        FW87  3 0.0005 0.0006 0.0005 0.0006 0.9653 0.0012 0.0014 0.0010 0.0013 0.0017 0.0031 0.0027 0.0017 0.0020 0.0016 0.0015 0.0024 0.0013 0.0052 0.0044 
        FW88  3 0.0006 0.0006 0.0005 0.0006 0.0009 0.0011 0.0012 0.0010 0.0013 0.0018 0.0031 0.0023 0.0017 0.0018 0.0015 0.0015 0.0023 0.0012 0.0059 0.9692 
        FW89  3 0.0006 0.0006 0.0005 0.0006 0.0009 0.0012 0.0012 0.0010 0.0013 0.0018 0.0031 0.0023 0.0017 0.0018 0.0015 0.0015 0.0023 0.0012 0.0060 0.9690 
        FW90  3 0.0006 0.0006 0.0005 0.0006 0.0009 0.0012 0.0012 0.0010 0.0013 0.0018 0.0031 0.0023 0.0017 0.0018 0.0015 0.0015 0.0023 0.0012 0.0060 0.9690 
        FW91  3 0.0005 0.0006 0.0005 0.0006 0.9661 0.0012 0.0013 0.0010 0.0013 0.0017 0.0031 0.0027 0.0017 0.0020 0.0016 0.0015 0.0024 0.0013 0.0050 0.0038 
        FW92  3 0.0006 0.0006 0.0005 0.0006 0.0009 0.0012 0.0012 0.0010 0.0013 0.0018 0.0031 0.0023 0.0017 0.0018 0.0015 0.0015 0.0023 0.0012 0.0059 0.9691 
        FW93  3 0.0006 0.0006 0.0005 0.0005 0.0009 0.0012 0.0012 0.0010 0.0013 0.0018 0.0031 0.0023 0.0017 0.0018 0.0015 0.0015 0.0023 0.0012 0.0059 0.9691 
        FW94  3 0.0005 0.0007 0.0005 0.0006 0.9661 0.0012 0.0013 0.0010 0.0013 0.0017 0.0030 0.0028 0.0017 0.0020 0.0016 0.0016 0.0024 0.0014 0.0051 0.0037 
        FW95  3 0.0006 0.0006 0.0005 0.0006 0.0009 0.0012 0.0012 0.0010 0.0013 0.0018 0.0031 0.0023 0.0017 0.0018 0.0015 0.0015 0.0023 0.0012 0.0061 0.9688 
        FW96  3 0.0006 0.0006 0.0005 0.0006 0.0009 0.0011 0.0012 0.0010 0.0013 0.0018 0.0031 0.0023 0.0017 0.0018 0.0015 0.0015 0.0023 0.0012 0.0059 0.9691 
        FW97  3 0.0016 0.0014 0.0009 0.0020 0.0090 0.0025 0.0035 0.0015 0.0059 0.0071 0.0052 0.0053 0.0044 0.0536 0.0027 0.0064 0.0063 0.0026 0.8047 0.0734 
        FW98  3 0.0004 0.0007 0.0005 0.0006 0.9664 0.0012 0.0013 0.0010 0.0013 0.0017 0.0030 0.0027 0.0016 0.0019 0.0016 0.0015 0.0024 0.0014 0.0050 0.0038 
        FW99  3 0.0006 0.0006 0.0005 0.0006 0.0009 0.0011 0.0012 0.0010 0.0013 0.0018 0.0031 0.0023 0.0017 0.0018 0.0015 0.0015 0.0024 0.0012 0.0060 0.9689 
       Cal01  3 0.0006 0.0012 0.0007 0.0013 0.0012 0.0025 0.0057 0.0017 0.0037 0.0030 0.0054 0.0039 0.0067 0.0023 0.0023 0.0023 0.0022 0.0026 0.6958 0.2549 
       Cal02  3 0.0014 0.0010 0.0011 0.0011 0.0026 0.0024 0.0017 0.0018 0.0023 0.0026 0.0063 0.0045 0.0037 0.0029 0.0038 0.0022 0.0047 0.0021 0.9395 0.0124 
       Cal03  3 0.0005 0.0017 0.0010 0.0010 0.0654 0.0020 0.0027 0.0024 0.0017 0.0016 0.0046 0.0050 0.0032 0.0035 0.0039 0.0018 0.0049 0.0044 0.7986 0.0901 
       Cal04  3 0.0008 0.0047 0.0012 0.0009 0.0021 0.0030 0.0021 0.0016 0.0025 0.0026 0.0092 0.0052 0.0033 0.0064 0.0025 0.0112 0.0068 0.0027 0.9274 0.0039 
       Cal05  3 0.0005 0.0007 0.0006 0.0007 0.0043 0.0041 0.0012 0.0020 0.0014 0.0016 0.0030 0.0031 0.0019 0.0026 0.0016 0.0020 0.0023 0.0015 0.9434 0.0215 
       Cal06  3 0.0009 0.0040 0.0023 0.0010 0.0011 0.0059 0.0021 0.0055 0.0018 0.0054 0.0060 0.0035 0.0037 0.0032 0.0035 0.0017 0.0026 0.0023 0.9289 0.0144 
       Cal07  3 0.0008 0.0011 0.0005 0.0008 0.0014 0.0096 0.0015 0.0011 0.0015 0.0020 0.0040 0.0026 0.0020 0.0041 0.0016 0.0014 0.0026 0.0015 0.9077 0.0522 
       Cal08  3 0.0007 0.0014 0.0012 0.0012 0.0086 0.0027 0.0025 0.0342 0.0045 0.0054 0.0053 0.0048 0.0077 0.0031 0.0025 0.0049 0.0039 0.0032 0.8340 0.0681 
       Cal09  3 0.0007 0.0008 0.0008 0.0007 0.0024 0.0166 0.0016 0.0012 0.0024 0.0024 0.0219 0.0043 0.0026 0.0024 0.0030 0.0026 0.0045 0.0013 0.8801 0.0475 
       Cal10  3 0.0005 0.0016 0.0010 0.0013 0.0028 0.0028 0.0028 0.0025 0.0023 0.0019 0.0058 0.0044 0.0073 0.0040 0.0024 0.0029 0.0038 0.0034 0.9404 0.0061 
       Cal11  3 0.0012 0.0017 0.0009 0.0011 0.0099 0.0043 0.0022 0.0045 0.0043 0.0385 0.0079 0.0035 0.0038 0.0061 0.0034 0.0045 0.0054 0.0018 0.8535 0.0417 
      Cal197  3 0.0005 0.0035 0.0028 0.0012 0.0012 0.0032 0.0025 0.0023 0.0012 0.0018 0.0054 0.0025 0.0040 0.0032 0.0026 0.0013 0.0026 0.0012 0.6362 0.3207 
      Cal198  3 0.0008 0.0050 0.0085 0.0010 0.0290 0.0237 0.0479 0.0029 0.0023 0.0020 0.0060 0.0031 0.0102 0.0089 0.0026 0.0049 0.0037 0.0040 0.8139 0.0197 
      Cal199  3 0.0004 0.0010 0.0007 0.0008 0.0018 0.0014 0.0025 0.0052 0.0179 0.0021 0.0041 0.0040 0.0022 0.0018 0.0022 0.0342 0.0029 0.0042 0.8985 0.0121 
      Cal200  3 0.0005 0.0017 0.0006 0.0010 0.0045 0.0031 0.0018 0.0014 0.0018 0.0036 0.0090 0.0043 0.0022 0.0019 0.0018 0.0014 0.0054 0.0121 0.8879 0.0539 
      Cal201  3 0.0016 0.0008 0.0005 0.0009 0.0041 0.0042 0.0015 0.0013 0.0016 0.0025 0.0097 0.0024 0.0045 0.0023 0.0020 0.0015 0.0034 0.0018 0.8255 0.1281 
      Cal202  3 0.0009 0.0007 0.0007 0.0014 0.0021 0.0023 0.0093 0.0019 0.0056 0.0024 0.0129 0.0187 0.0057 0.0018 0.0029 0.0074 0.0030 0.0049 0.8927 0.0227 
      Cal203  3 0.0009 0.0010 0.0008 0.0009 0.0081 0.0017 0.0020 0.0018 0.0022 0.0047 0.0041 0.0035 0.0030 0.0019 0.0020 0.0026 0.0054 0.0025 0.9433 0.0073 
      Cal204  3 0.0012 0.0008 0.0019 0.0016 0.0009 0.0020 0.0020 0.0023 0.0021 0.0027 0.0040 0.0040 0.0022 0.0017 0.0026 0.0020 0.0049 0.0022 0.9504 0.0086 
      Cal205  3 0.0010 0.0009 0.0009 0.0011 0.0019 0.0023 0.0022 0.0012 0.0015 0.0016 0.0053 0.0033 0.0044 0.0019 0.0047 0.0025 0.0019 0.0031 0.9468 0.0114 
      Cal206  3 0.0005 0.0014 0.0012 0.0013 0.0040 0.0018 0.0019 0.0021 0.0018 0.0023 0.0097 0.0063 0.0034 0.0055 0.0045 0.0022 0.0037 0.0023 0.9192 0.0247 
      Cal207  3 0.0006 0.0008 0.0005 0.0052 0.0009 0.0025 0.0039 0.0309 0.0020 0.0019 0.0045 0.0028 0.0031 0.0023 0.0019 0.0014 0.0029 0.0018 0.9121 0.0181 
      Cal208  3 0.0005 0.0012 0.0005 0.0007 0.0129 0.0017 0.0025 0.0021 0.0025 0.0028 0.0052 0.0036 0.0052 0.0023 0.0023 0.0027 0.0104 0.0016 0.9179 0.0211 
