        TC01  1 0.0019 0.0014 0.0032 0.0024 0.0017 0.0037 0.0016 0.0030 0.0025 0.0047 0.0037 0.0543 0.0037 0.0027 0.8015 0.0048 0.0020 0.0303 0.0055 0.0289 0.0231 0.0023 0.0081 0.0029 
        TC02  1 0.0018 0.0009 0.0022 0.0016 0.0029 0.0029 0.0020 0.0039 0.0027 0.0091 0.0026 0.0047 0.0052 0.0051 0.8565 0.0084 0.0053 0.0112 0.0058 0.0383 0.0063 0.0037 0.0117 0.0050 
        TC03  1 0.0015 0.0017 0.0035 0.0012 0.0011 0.0026 0.0027 0.0046 0.0032 0.0030 0.0063 0.0032 0.0036 0.0035 0.8643 0.0059 0.0038 0.0060 0.0060 0.0483 0.0093 0.0034 0.0072 0.0041 
        TC04  1 0.0011 0.0011 0.0056 0.0016 0.0016 0.0024 0.0018 0.0034 0.0032 0.0125 0.0038 0.0034 0.0040 0.0039 0.6720 0.0144 0.0084 0.0074 0.0063 0.1350 0.0471 0.0019 0.0274 0.0305 
        TC05  1 0.0008 0.0016 0.0013 0.0017 0.0009 0.0018 0.0021 0.0021 0.0050 0.0031 0.0025 0.0022 0.0027 0.0042 0.8350 0.0082 0.0022 0.0039 0.0078 0.0353 0.0098 0.0025 0.0133 0.0497 
        TC06  1 0.0024 0.0053 0.0034 0.0035 0.0014 0.0018 0.0015 0.0025 0.0029 0.0071 0.0020 0.0033 0.0029 0.0036 0.7516 0.0086 0.0019 0.0045 0.0174 0.1508 0.0057 0.0041 0.0079 0.0038 
        TC07  1 0.0012 0.0010 0.0016 0.0011 0.0018 0.0015 0.0031 0.0019 0.0019 0.0049 0.0031 0.0022 0.0020 0.0050 0.8302 0.0083 0.0033 0.0164 0.0043 0.0327 0.0095 0.0015 0.0446 0.0171 
        TC08  1 0.0008 0.0013 0.0012 0.0035 0.0011 0.0025 0.0033 0.0027 0.0112 0.0044 0.0016 0.0042 0.0022 0.0055 0.8218 0.0077 0.0017 0.0053 0.0080 0.0737 0.0052 0.0022 0.0227 0.0064 
        TC09  1 0.0122 0.0016 0.0018 0.0023 0.0020 0.0026 0.0012 0.0016 0.0022 0.0063 0.0052 0.0024 0.0026 0.0035 0.7253 0.0045 0.0023 0.0049 0.0142 0.1763 0.0043 0.0022 0.0081 0.0102 
        TC10  1 0.0258 0.0007 0.0014 0.0030 0.0008 0.0012 0.0014 0.0169 0.0024 0.0029 0.0264 0.0036 0.0043 0.0028 0.7943 0.0196 0.0019 0.0209 0.0051 0.0343 0.0179 0.0019 0.0071 0.0034 
        TC11  1 0.0013 0.0170 0.0021 0.0299 0.0008 0.0014 0.0026 0.0040 0.0050 0.0030 0.0026 0.0027 0.0021 0.0079 0.8552 0.0056 0.0028 0.0137 0.0030 0.0222 0.0046 0.0018 0.0057 0.0030 
        TC12  1 0.0012 0.0012 0.0064 0.0013 0.0129 0.0142 0.0025 0.0045 0.0029 0.0098 0.0066 0.0081 0.0043 0.0064 0.7614 0.0087 0.0018 0.0112 0.0050 0.0755 0.0278 0.0052 0.0170 0.0041 
        TC13  1 0.0035 0.0013 0.0014 0.0037 0.0009 0.0026 0.0015 0.0033 0.0035 0.0025 0.0017 0.0025 0.0027 0.0034 0.8787 0.0072 0.0039 0.0047 0.0053 0.0498 0.0052 0.0015 0.0063 0.0031 
        TC14  1 0.0079 0.0014 0.0036 0.0023 0.0012 0.0041 0.0032 0.0040 0.0056 0.0031 0.0032 0.0059 0.0032 0.0087 0.6830 0.0080 0.0085 0.0089 0.0189 0.1901 0.0094 0.0027 0.0060 0.0073 
        TC15  1 0.0058 0.0017 0.0022 0.0012 0.0016 0.0034 0.0018 0.0048 0.0019 0.0042 0.0035 0.0021 0.0042 0.0042 0.7347 0.0103 0.0166 0.0039 0.0102 0.1593 0.0067 0.0019 0.0055 0.0084 
        TC16  1 0.0197 0.0032 0.0030 0.0017 0.0010 0.0041 0.0039 0.0026 0.0092 0.0054 0.0023 0.0060 0.0031 0.0083 0.6391 0.0097 0.0022 0.0050 0.0056 0.2014 0.0331 0.0038 0.0228 0.0037 
        TC17  1 0.0291 0.0026 0.0038 0.0044 0.0027 0.0070 0.0062 0.0050 0.0231 0.0377 0.0042 0.0121 0.0067 0.0079 0.6040 0.0143 0.0022 0.0155 0.0145 0.1442 0.0047 0.0063 0.0329 0.0090 
        TC18  1 0.0022 0.0013 0.0127 0.0354 0.0011 0.0028 0.0045 0.0148 0.0022 0.0041 0.0059 0.0037 0.0156 0.0092 0.7495 0.0092 0.0024 0.0124 0.0031 0.0495 0.0057 0.0073 0.0155 0.0298 
        TC19  1 0.0090 0.0009 0.0015 0.0235 0.0011 0.0016 0.0019 0.0038 0.0028 0.0024 0.0023 0.0034 0.0027 0.0039 0.7986 0.0082 0.0022 0.0061 0.0030 0.0937 0.0059 0.0037 0.0153 0.0024 
        TC20  1 0.0031 0.0010 0.0051 0.0017 0.0010 0.0021 0.0019 0.0020 0.0033 0.0025 0.0019 0.0167 0.0020 0.0034 0.8450 0.0079 0.0031 0.0050 0.0046 0.0628 0.0060 0.0015 0.0062 0.0104 
        TC21  1 0.0010 0.0038 0.0283 0.0017 0.0018 0.0413 0.0016 0.0037 0.0020 0.0225 0.0028 0.0036 0.0031 0.0713 0.6375 0.0153 0.0031 0.0161 0.0033 0.0678 0.0131 0.0035 0.0463 0.0056 
        TC22  1 0.0008 0.0009 0.0013 0.0053 0.0028 0.0033 0.0016 0.0129 0.0029 0.0027 0.0024 0.0038 0.0042 0.0034 0.7272 0.0917 0.0083 0.0061 0.0069 0.0869 0.0082 0.0055 0.0077 0.0034 
        TC23  1 0.0017 0.0010 0.0028 0.0060 0.0007 0.0016 0.0019 0.0051 0.0033 0.0025 0.0041 0.0039 0.0024 0.0065 0.8215 0.0054 0.0038 0.0221 0.0054 0.0464 0.0307 0.0052 0.0120 0.0039 
        TC24  1 0.0028 0.0010 0.0010 0.0015 0.0007 0.0014 0.0041 0.0017 0.0048 0.0026 0.0031 0.0031 0.0045 0.0044 0.9061 0.0045 0.0018 0.0034 0.0027 0.0282 0.0044 0.0018 0.0055 0.0051 
        TC25  1 0.0072 0.0011 0.0150 0.0020 0.0024 0.0034 0.0020 0.0023 0.0048 0.0063 0.0073 0.0033 0.0029 0.0084 0.6721 0.0135 0.0096 0.0409 0.0044 0.1554 0.0212 0.0039 0.0075 0.0031 
        TC26  1 0.0219 0.0010 0.0013 0.0014 0.0011 0.0022 0.0023 0.0021 0.0024 0.0101 0.0023 0.0028 0.0025 0.0038 0.8130 0.0061 0.0023 0.0040 0.0124 0.0757 0.0142 0.0027 0.0088 0.0036 
        TC27  1 0.0013 0.0037 0.0016 0.0057 0.0009 0.0032 0.0022 0.0477 0.0898 0.0056 0.0025 0.0029 0.0027 0.0061 0.6956 0.0058 0.0045 0.0052 0.0038 0.0788 0.0044 0.0019 0.0201 0.0041 
        TC28  1 0.0031 0.0018 0.0019 0.0014 0.0012 0.0025 0.0015 0.0027 0.0050 0.0062 0.0034 0.0028 0.0055 0.0068 0.8162 0.0132 0.0045 0.0071 0.0033 0.0659 0.0305 0.0017 0.0067 0.0050 
        TC29  1 0.0028 0.0013 0.0041 0.0039 0.0014 0.0027 0.0076 0.0019 0.0077 0.0031 0.0056 0.0022 0.0031 0.0079 0.7164 0.0052 0.0073 0.0100 0.0048 0.1294 0.0095 0.0054 0.0116 0.0451 
        TC30  1 0.0023 0.0053 0.0015 0.0108 0.0016 0.0022 0.0025 0.0027 0.0025 0.0042 0.0031 0.0044 0.0025 0.0034 0.8181 0.0106 0.0020 0.0057 0.0049 0.0881 0.0039 0.0029 0.0105 0.0045 
        TC31  1 0.0014 0.0013 0.0059 0.0077 0.0010 0.0040 0.0042 0.0071 0.0033 0.0026 0.0045 0.0052 0.0078 0.0047 0.7726 0.0410 0.0029 0.0454 0.0032 0.0427 0.0056 0.0113 0.0099 0.0048 
        TC32  1 0.0038 0.0015 0.0019 0.0063 0.0112 0.0014 0.0021 0.0021 0.0041 0.0161 0.0021 0.0035 0.0032 0.0037 0.6967 0.0474 0.0057 0.0068 0.0054 0.1477 0.0098 0.0018 0.0094 0.0065 
        TC33  1 0.0017 0.0016 0.0020 0.0031 0.0012 0.0023 0.0040 0.0037 0.0035 0.0029 0.0031 0.0039 0.0056 0.0110 0.8360 0.0067 0.0029 0.0307 0.0079 0.0391 0.0102 0.0028 0.0073 0.0065 
        TC34  1 0.0026 0.0020 0.0020 0.0035 0.0012 0.0023 0.0044 0.0047 0.0020 0.0043 0.0029 0.0050 0.0026 0.0139 0.7163 0.0085 0.0022 0.0058 0.0093 0.1772 0.0071 0.0056 0.0076 0.0071 
        TC35  1 0.0027 0.0014 0.0048 0.0019 0.0009 0.0036 0.0021 0.0070 0.0041 0.0089 0.0022 0.0050 0.0035 0.0030 0.7852 0.0260 0.0022 0.0241 0.0037 0.0798 0.0037 0.0038 0.0117 0.0086 
        TC36  1 0.0021 0.0021 0.0017 0.0021 0.0037 0.0032 0.0016 0.0038 0.0035 0.0157 0.0047 0.0037 0.0024 0.0049 0.8485 0.0073 0.0037 0.0058 0.0036 0.0475 0.0119 0.0019 0.0071 0.0074 
        TC37  1 0.0011 0.0023 0.0022 0.0565 0.0018 0.0023 0.0045 0.0028 0.0067 0.0036 0.0023 0.0044 0.0026 0.0143 0.8051 0.0253 0.0031 0.0067 0.0056 0.0233 0.0056 0.0021 0.0066 0.0091 
        TC38  1 0.0060 0.0011 0.0186 0.0049 0.0014 0.0025 0.0020 0.0021 0.0021 0.0046 0.0038 0.0023 0.0031 0.0053 0.6823 0.0047 0.0020 0.0119 0.0042 0.1900 0.0151 0.0047 0.0200 0.0054 
        TC39  1 0.0257 0.0012 0.0031 0.0098 0.0011 0.0039 0.0016 0.0022 0.0021 0.0074 0.0036 0.0029 0.0022 0.0081 0.6772 0.0101 0.0018 0.0063 0.0133 0.1959 0.0040 0.0032 0.0068 0.0063 
        TC40  1 0.0047 0.0021 0.0019 0.0023 0.0012 0.0023 0.0084 0.0039 0.0221 0.0038 0.0059 0.0037 0.0044 0.0186 0.7458 0.0112 0.0022 0.0065 0.0073 0.1198 0.0069 0.0039 0.0076 0.0037 
        TC41  1 0.0015 0.0012 0.0014 0.0022 0.0010 0.0013 0.0016 0.0022 0.0071 0.0041 0.0020 0.0026 0.0063 0.0035 0.8204 0.0623 0.0024 0.0049 0.0062 0.0312 0.0055 0.0150 0.0059 0.0084 
        TC42  1 0.0015 0.0010 0.0011 0.0029 0.0008 0.0027 0.0016 0.0027 0.0045 0.0031 0.0030 0.0059 0.0053 0.0029 0.8390 0.0043 0.0020 0.0035 0.0066 0.0888 0.0042 0.0019 0.0076 0.0030 
        TC43  1 0.0011 0.0014 0.0023 0.0026 0.0011 0.0020 0.0023 0.0036 0.0084 0.0026 0.0029 0.0025 0.0025 0.0036 0.8197 0.0100 0.0092 0.0051 0.0043 0.0894 0.0081 0.0022 0.0089 0.0043 
        TC44  1 0.0050 0.0008 0.0018 0.0016 0.0017 0.0042 0.0015 0.0071 0.0095 0.0058 0.0048 0.0049 0.0022 0.0036 0.7687 0.0069 0.0017 0.0107 0.0075 0.1311 0.0054 0.0026 0.0068 0.0042 
        TC45  1 0.0064 0.0009 0.0075 0.0291 0.0006 0.0061 0.0012 0.0016 0.0021 0.0043 0.0023 0.0044 0.0016 0.0028 0.8345 0.0201 0.0029 0.0053 0.0075 0.0224 0.0040 0.0022 0.0141 0.0158 
        TC46  1 0.0034 0.0012 0.0037 0.0028 0.0017 0.0025 0.0016 0.0081 0.0038 0.0051 0.0040 0.0029 0.0032 0.0059 0.8373 0.0179 0.0031 0.0046 0.0037 0.0305 0.0302 0.0056 0.0099 0.0073 
        TC47  1 0.0049 0.0017 0.0016 0.0015 0.0010 0.0016 0.0015 0.0113 0.0038 0.0042 0.0021 0.0065 0.0022 0.0047 0.8147 0.0076 0.0021 0.0085 0.0036 0.0913 0.0118 0.0025 0.0062 0.0030 
        TC48  1 0.0036 0.0018 0.0052 0.0016 0.0087 0.0052 0.0307 0.0036 0.0046 0.0081 0.0025 0.0198 0.0065 0.0055 0.7687 0.0129 0.0060 0.0054 0.0139 0.0593 0.0085 0.0025 0.0071 0.0082 
        TC49  1 0.0025 0.0024 0.0022 0.0049 0.0049 0.0141 0.0018 0.0025 0.0114 0.0037 0.0015 0.0109 0.0036 0.0065 0.8402 0.0150 0.0054 0.0072 0.0052 0.0300 0.0087 0.0018 0.0075 0.0061 
        TC50  1 0.0014 0.0046 0.0032 0.0018 0.0010 0.0021 0.0083 0.0109 0.0031 0.0059 0.0041 0.0041 0.0046 0.0045 0.8285 0.0155 0.0202 0.0079 0.0092 0.0395 0.0040 0.0046 0.0070 0.0041 
        TC51  1 0.0014 0.0010 0.0025 0.0008 0.0080 0.0043 0.0017 0.0034 0.0062 0.0037 0.0029 0.0043 0.0028 0.0041 0.7685 0.0083 0.0048 0.0137 0.0044 0.1324 0.0058 0.0028 0.0072 0.0048 
        TC52  1 0.0019 0.0012 0.0037 0.0029 0.0008 0.0029 0.0017 0.0019 0.0031 0.0031 0.0075 0.0027 0.0025 0.0049 0.7961 0.0049 0.0034 0.0035 0.0043 0.0578 0.0725 0.0020 0.0122 0.0026 
        TC53  1 0.0019 0.0010 0.0012 0.0023 0.0092 0.0071 0.0018 0.0081 0.0022 0.0059 0.0022 0.0042 0.0019 0.0039 0.8043 0.0059 0.0027 0.0032 0.0066 0.0851 0.0043 0.0121 0.0190 0.0038 
        TC54  1 0.0031 0.0032 0.0028 0.0024 0.0011 0.0055 0.0224 0.0056 0.0136 0.0143 0.0037 0.0043 0.0057 0.0324 0.7223 0.0129 0.0151 0.0078 0.0124 0.0856 0.0044 0.0025 0.0084 0.0085 
        TC55  1 0.0192 0.0016 0.0025 0.0021 0.0017 0.0022 0.0029 0.0036 0.0025 0.0172 0.0055 0.0035 0.0053 0.0097 0.7782 0.0252 0.0161 0.0068 0.0140 0.0595 0.0067 0.0015 0.0081 0.0041 
        TC56  1 0.0010 0.0020 0.0050 0.0029 0.0016 0.0021 0.0050 0.0043 0.0874 0.0031 0.0027 0.0041 0.0031 0.0082 0.7307 0.0081 0.0078 0.0090 0.0081 0.0765 0.0051 0.0035 0.0120 0.0069 
        TC57  1 0.0066 0.0042 0.0015 0.0027 0.0012 0.0038 0.0026 0.0091 0.0059 0.0112 0.0029 0.0061 0.0028 0.0067 0.8287 0.0129 0.0043 0.0062 0.0093 0.0408 0.0050 0.0036 0.0092 0.0126 
        TC58  1 0.0077 0.0015 0.0018 0.0019 0.0010 0.0018 0.0016 0.0038 0.0020 0.0094 0.0022 0.0053 0.0036 0.0040 0.8205 0.0090 0.0032 0.0464 0.0091 0.0402 0.0102 0.0026 0.0056 0.0056 
        TC59  1 0.0013 0.0008 0.0011 0.0010 0.0008 0.0027 0.0019 0.0029 0.0020 0.0075 0.0018 0.0031 0.0020 0.0046 0.8854 0.0049 0.0016 0.0066 0.0043 0.0454 0.0078 0.0021 0.0052 0.0029 
        TA01  2 0.0046 0.0009 0.0015 0.0024 0.0008 0.0017 0.0039 0.0036 0.0023 0.0119 0.0018 0.0039 0.0026 0.0031 0.8037 0.0052 0.0143 0.0059 0.0221 0.0849 0.0037 0.0035 0.0083 0.0035 
        TA02  2 0.0014 0.0012 0.0023 0.0025 0.0010 0.0018 0.0054 0.0022 0.0198 0.0047 0.0045 0.0025 0.0086 0.0054 0.8528 0.0077 0.0030 0.0038 0.0036 0.0312 0.0088 0.0023 0.0064 0.0170 
        TA03  2 0.0025 0.0017 0.0018 0.0026 0.0011 0.0031 0.0073 0.0186 0.0032 0.0039 0.0031 0.0044 0.0055 0.0045 0.7793 0.0133 0.0040 0.0068 0.0088 0.1023 0.0049 0.0034 0.0069 0.0070 
        TA04  2 0.0018 0.0014 0.0015 0.0013 0.0014 0.0022 0.0019 0.0049 0.0025 0.0027 0.0027 0.0033 0.0020 0.0031 0.5220 0.0134 0.0033 0.0044 0.0044 0.4015 0.0069 0.0023 0.0037 0.0054 
        TA05  2 0.0013 0.0013 0.0024 0.0015 0.0011 0.0019 0.0035 0.0038 0.0033 0.0037 0.0020 0.0036 0.0038 0.0047 0.8619 0.0065 0.0020 0.0061 0.0083 0.0406 0.0123 0.0019 0.0176 0.0048 
        TA06  2 0.0036 0.0006 0.0013 0.0023 0.0006 0.0011 0.0011 0.0022 0.0019 0.0035 0.0027 0.0062 0.0019 0.0071 0.8351 0.0097 0.0155 0.0075 0.0063 0.0753 0.0047 0.0019 0.0059 0.0020 
        TA07  2 0.0029 0.0015 0.0016 0.0008 0.0021 0.0040 0.0020 0.0029 0.0033 0.0209 0.0035 0.0042 0.0029 0.0176 0.7620 0.0057 0.0017 0.0099 0.0053 0.0957 0.0065 0.0028 0.0371 0.0036 
        TA08  2 0.0025 0.0009 0.0026 0.0008 0.0010 0.0018 0.0020 0.0412 0.0096 0.0022 0.0021 0.0022 0.0019 0.0028 0.7951 0.0046 0.0134 0.0044 0.0040 0.0918 0.0036 0.0018 0.0039 0.0039 
        TA09  2 0.0021 0.0008 0.0011 0.0051 0.0019 0.0012 0.0020 0.0029 0.0050 0.0025 0.0035 0.0033 0.0021 0.0034 0.8124 0.0043 0.0021 0.0041 0.0043 0.0954 0.0292 0.0020 0.0058 0.0035 
        TA10  2 0.0024 0.0028 0.0016 0.0012 0.0017 0.0041 0.0018 0.0026 0.0026 0.0044 0.0020 0.0128 0.0039 0.0036 0.7970 0.0068 0.0046 0.0546 0.0072 0.0497 0.0075 0.0034 0.0071 0.0148 
        TA11  2 0.0385 0.0011 0.0032 0.0017 0.0017 0.0050 0.0026 0.0070 0.0054 0.0030 0.0023 0.0094 0.0267 0.0035 0.7163 0.0227 0.0019 0.0487 0.0079 0.0581 0.0044 0.0192 0.0058 0.0038 
        TA12  2 0.0019 0.0013 0.0014 0.0017 0.0011 0.0016 0.0017 0.0021 0.0020 0.0031 0.0016 0.0704 0.0571 0.0116 0.7611 0.0082 0.0037 0.0067 0.0086 0.0316 0.0051 0.0023 0.0068 0.0071 
        TA13  2 0.0011 0.0045 0.0017 0.0012 0.1110 0.0038 0.0016 0.0027 0.0047 0.0029 0.0041 0.0100 0.0038 0.0412 0.5891 0.0067 0.0050 0.0119 0.0121 0.1483 0.0070 0.0038 0.0084 0.0134 
        TA14  2 0.0030 0.0006 0.0010 0.0014 0.0010 0.0015 0.0022 0.0020 0.0196 0.0021 0.0040 0.0022 0.0019 0.0040 0.8337 0.0058 0.0019 0.0032 0.0083 0.0858 0.0042 0.0013 0.0064 0.0030 
        TA15  2 0.0010 0.0014 0.0010 0.0011 0.0007 0.0111 0.0022 0.0020 0.0052 0.0025 0.0022 0.0032 0.0019 0.0032 0.8387 0.0072 0.0028 0.0052 0.0206 0.0715 0.0039 0.0018 0.0053 0.0044 
        TA16  2 0.0030 0.0013 0.0014 0.0015 0.0027 0.0020 0.0014 0.0032 0.0044 0.0055 0.0027 0.0061 0.0078 0.0042 0.7168 0.0052 0.0027 0.0329 0.0078 0.1447 0.0087 0.0013 0.0061 0.0267 
        TA17  2 0.0013 0.0012 0.0013 0.0009 0.0011 0.0022 0.0033 0.0060 0.0072 0.0036 0.0023 0.0110 0.0083 0.0074 0.8336 0.0078 0.0018 0.0047 0.0226 0.0379 0.0146 0.0021 0.0088 0.0091 
        TA18  2 0.0009 0.0009 0.0012 0.0024 0.0010 0.0017 0.0013 0.0027 0.0047 0.0032 0.0017 0.0049 0.0019 0.0056 0.7435 0.0944 0.0019 0.0173 0.0165 0.0443 0.0324 0.0030 0.0065 0.0061 
        TA19  2 0.0018 0.0012 0.0015 0.0027 0.0014 0.0018 0.0027 0.0575 0.0040 0.0040 0.0023 0.0081 0.0031 0.0044 0.7081 0.0244 0.0045 0.0179 0.0040 0.1144 0.0091 0.0053 0.0092 0.0068 
        TA20  2 0.0040 0.0011 0.0015 0.0008 0.0009 0.0014 0.0092 0.0026 0.0052 0.0040 0.0020 0.0034 0.0032 0.0032 0.7416 0.0054 0.0019 0.0042 0.0048 0.0273 0.0035 0.0025 0.0062 0.1601 
        TA21  2 0.0207 0.0055 0.0017 0.0021 0.0023 0.0027 0.0120 0.0033 0.0155 0.0035 0.0025 0.0034 0.0054 0.0054 0.7754 0.0063 0.0116 0.0061 0.0115 0.0751 0.0114 0.0018 0.0068 0.0077 
        TA22  2 0.0011 0.0011 0.0014 0.0077 0.0007 0.0012 0.0105 0.0022 0.0021 0.0061 0.0020 0.0023 0.0020 0.0070 0.8060 0.0111 0.0055 0.0036 0.0198 0.0850 0.0055 0.0057 0.0041 0.0061 
        TA23  2 0.0015 0.0010 0.0013 0.0028 0.0010 0.0017 0.0021 0.0026 0.0040 0.0027 0.0019 0.0030 0.0037 0.0047 0.8126 0.0068 0.0061 0.0045 0.0055 0.1149 0.0057 0.0015 0.0039 0.0044 
        TA24  2 0.0011 0.0685 0.0015 0.0011 0.0008 0.0038 0.0019 0.0077 0.0057 0.0100 0.0041 0.0029 0.0039 0.0032 0.8040 0.0101 0.0037 0.0046 0.0039 0.0397 0.0041 0.0039 0.0066 0.0032 
        TA25  2 0.0014 0.0059 0.0014 0.0014 0.0026 0.0038 0.0012 0.0023 0.0036 0.0042 0.0020 0.0540 0.0061 0.0029 0.6924 0.0079 0.0082 0.1168 0.0056 0.0501 0.0052 0.0031 0.0071 0.0108 
        TA26  2 0.0183 0.0021 0.0057 0.0019 0.0009 0.0042 0.0028 0.0049 0.0025 0.0028 0.0019 0.0100 0.0064 0.0089 0.7346 0.0063 0.0039 0.0125 0.0157 0.1362 0.0040 0.0042 0.0055 0.0039 
        TA27  2 0.0016 0.0010 0.0012 0.0057 0.0012 0.0023 0.0029 0.0038 0.0029 0.0038 0.0035 0.0086 0.0254 0.0060 0.8238 0.0071 0.0028 0.0052 0.0233 0.0425 0.0046 0.0040 0.0051 0.0117 
        TA28  2 0.0027 0.0012 0.0055 0.0023 0.0023 0.0028 0.0044 0.0026 0.0187 0.0055 0.0050 0.0028 0.0089 0.0086 0.8344 0.0119 0.0018 0.0042 0.0042 0.0414 0.0093 0.0049 0.0066 0.0081 
        TA29  2 0.0015 0.0009 0.0015 0.0017 0.0010 0.0021 0.0016 0.0086 0.0049 0.0046 0.0020 0.0084 0.0025 0.0046 0.7981 0.0087 0.0028 0.0060 0.0190 0.0948 0.0079 0.0026 0.0064 0.0076 
        TA30  2 0.0688 0.0020 0.0020 0.0025 0.0027 0.0066 0.0023 0.0116 0.0096 0.0028 0.0025 0.0043 0.0029 0.0186 0.5858 0.0074 0.0029 0.0057 0.0106 0.2280 0.0055 0.0026 0.0062 0.0060 
      BERM01  3 0.0019 0.0009 0.0011 0.0010 0.0011 0.0016 0.0025 0.0021 0.0022 0.0022 0.0017 0.0026 0.0043 0.0037 0.0092 0.0057 0.0031 0.0043 0.0054 0.9285 0.0045 0.0015 0.0050 0.0040 
      BERM02  3 0.0027 0.0011 0.0015 0.0015 0.0012 0.0019 0.0022 0.0018 0.0019 0.0027 0.0017 0.0020 0.0022 0.0031 0.0182 0.0094 0.0031 0.0038 0.0045 0.9181 0.0047 0.0020 0.0049 0.0039 
      BERM03  3 0.0034 0.0008 0.0014 0.0010 0.0051 0.0018 0.0023 0.0032 0.0024 0.0061 0.0017 0.0034 0.0044 0.0042 0.0087 0.0056 0.0021 0.0055 0.0078 0.9089 0.0070 0.0035 0.0063 0.0033 
      BERM04  3 0.0065 0.0007 0.0017 0.0007 0.0016 0.0019 0.0015 0.0053 0.0020 0.0034 0.0018 0.0030 0.0021 0.0039 0.0065 0.0043 0.0022 0.0069 0.0078 0.9215 0.0063 0.0018 0.0041 0.0026 
      BERM05  3 0.0022 0.0013 0.0027 0.0008 0.0011 0.0016 0.0037 0.0042 0.0032 0.0070 0.0040 0.0056 0.0039 0.0036 0.0062 0.0052 0.0031 0.0081 0.0282 0.8781 0.0102 0.0079 0.0048 0.0037 
      BERM06  3 0.0298 0.0009 0.0022 0.0011 0.0011 0.0013 0.0013 0.0037 0.0016 0.0078 0.0020 0.0034 0.0042 0.0037 0.0110 0.0092 0.0027 0.0034 0.0061 0.8827 0.0100 0.0016 0.0059 0.0031 
      BERM07  3 0.0032 0.0008 0.0016 0.0018 0.0011 0.0021 0.0023 0.0054 0.0052 0.0029 0.0020 0.0059 0.0025 0.0035 0.0158 0.0069 0.0030 0.0064 0.0041 0.9047 0.0075 0.0020 0.0064 0.0030 
      BERM08  3 0.0010 0.0007 0.0020 0.0007 0.0006 0.0012 0.0011 0.0022 0.0016 0.0023 0.0015 0.0024 0.0020 0.0028 0.0153 0.0039 0.0279 0.0040 0.0031 0.9107 0.0038 0.0013 0.0050 0.0027 
      BERM09  3 0.0017 0.0007 0.0009 0.0015 0.0016 0.0017 0.0013 0.0021 0.0018 0.0036 0.0014 0.0032 0.0017 0.0040 0.0224 0.0083 0.0016 0.0044 0.0029 0.9183 0.0054 0.0028 0.0040 0.0025 
      BERM10  3 0.0220 0.0035 0.0029 0.0020 0.0012 0.0030 0.0016 0.0090 0.0026 0.0087 0.0020 0.0064 0.0039 0.0051 0.0193 0.0068 0.0027 0.0045 0.0055 0.8337 0.0070 0.0037 0.0400 0.0029 
      BERM11  3 0.0025 0.0010 0.0028 0.0011 0.0009 0.0019 0.0019 0.0021 0.0034 0.0024 0.0017 0.0022 0.0015 0.0043 0.0154 0.0065 0.0167 0.0062 0.0031 0.9071 0.0037 0.0014 0.0052 0.0048 
      BERM12  3 0.0025 0.0008 0.0065 0.0009 0.0011 0.0014 0.0019 0.0024 0.0021 0.0023 0.0095 0.0407 0.0038 0.0030 0.0116 0.0058 0.0024 0.0078 0.0044 0.8633 0.0169 0.0018 0.0043 0.0028 
      BERM13  3 0.0009 0.0021 0.0012 0.0018 0.0011 0.0016 0.0018 0.0031 0.0027 0.0033 0.0015 0.0032 0.0018 0.0034 0.0093 0.0115 0.0020 0.0053 0.0042 0.8672 0.0614 0.0018 0.0046 0.0033 
      BERM14  3 0.0368 0.0018 0.0012 0.0009 0.0015 0.0019 0.0016 0.0029 0.0021 0.0023 0.0060 0.0046 0.0021 0.0035 0.0475 0.0052 0.0021 0.0064 0.0049 0.8466 0.0041 0.0051 0.0050 0.0040 
      CROC01  3 0.0013 0.0025 0.0020 0.0010 0.0015 0.0104 0.0091 0.0083 0.0035 0.0077 0.0080 0.0059 0.0055 0.0434 0.0115 0.0316 0.0037 0.0070 0.0074 0.7885 0.0048 0.0196 0.0054 0.0105 
      CROC02  3 0.0075 0.0042 0.0029 0.0010 0.0010 0.0026 0.0027 0.0024 0.0039 0.0171 0.0025 0.0036 0.0026 0.0038 0.0141 0.0137 0.0040 0.0096 0.0132 0.8011 0.0730 0.0033 0.0051 0.0051 
      CROC03  3 0.0060 0.0011 0.0058 0.0019 0.0010 0.0018 0.0043 0.0068 0.0075 0.0038 0.0055 0.0078 0.0057 0.0029 0.0135 0.0096 0.0078 0.0068 0.0048 0.8702 0.0081 0.0024 0.0111 0.0040 
      CROC04  3 0.0012 0.0020 0.0012 0.0051 0.0009 0.0033 0.0020 0.0030 0.0032 0.0771 0.0040 0.0052 0.0048 0.0033 0.0742 0.0102 0.0018 0.0059 0.0065 0.7658 0.0033 0.0046 0.0084 0.0028 
      CROC05  3 0.0079 0.0032 0.0015 0.0012 0.0012 0.0030 0.0019 0.0020 0.0020 0.0164 0.0018 0.0025 0.0020 0.0030 0.0062 0.0050 0.0035 0.0072 0.0045 0.9076 0.0065 0.0018 0.0051 0.0032 
      CROC06  3 0.0058 0.0010 0.0029 0.0010 0.0008 0.0016 0.0024 0.0037 0.0037 0.0469 0.0067 0.0050 0.0045 0.0120 0.0388 0.0087 0.0175 0.0162 0.0058 0.7859 0.0082 0.0037 0.0140 0.0036 
      CROC07  3 0.0027 0.0011 0.0015 0.0197 0.0013 0.0027 0.0018 0.0030 0.0018 0.0043 0.0019 0.0028 0.0030 0.0040 0.0199 0.0084 0.0025 0.0040 0.0199 0.8757 0.0043 0.0052 0.0050 0.0034 
      CROC08  3 0.0025 0.0008 0.0047 0.0019 0.0087 0.0022 0.0060 0.0045 0.0083 0.0034 0.0048 0.0053 0.0021 0.0199 0.0114 0.0062 0.0064 0.0100 0.0059 0.8222 0.0040 0.0215 0.0056 0.0318 
      CROC09  3 0.0063 0.0010 0.0019 0.0011 0.0008 0.0016 0.0058 0.0019 0.0032 0.0034 0.0059 0.0023 0.0017 0.0058 0.0067 0.0072 0.0035 0.0041 0.0047 0.8626 0.0042 0.0023 0.0591 0.0029 
      CROC10  3 0.0017 0.0008 0.0018 0.0009 0.0012 0.0025 0.0013 0.0023 0.0017 0.0027 0.0021 0.0025 0.0018 0.0029 0.0074 0.0068 0.0026 0.0061 0.0149 0.9225 0.0044 0.0018 0.0049 0.0025 
      CROC11  3 0.0062 0.0011 0.0019 0.0010 0.0008 0.0016 0.0058 0.0019 0.0033 0.0035 0.0057 0.0023 0.0016 0.0058 0.0067 0.0071 0.0035 0.0041 0.0047 0.8622 0.0043 0.0023 0.0597 0.0030 
     CROC110  3 0.0068 0.0010 0.0012 0.0011 0.0130 0.0110 0.0041 0.0036 0.0045 0.0099 0.0065 0.0051 0.0025 0.0107 0.0142 0.0070 0.0020 0.0041 0.0040 0.8462 0.0114 0.0018 0.0210 0.0073 
     CROC116  3 0.0169 0.0014 0.0036 0.0038 0.0011 0.0029 0.0032 0.0035 0.0031 0.0054 0.0158 0.0048 0.0179 0.0049 0.0294 0.0084 0.0100 0.0049 0.1123 0.7204 0.0066 0.0046 0.0087 0.0062 
      CROC12  3 0.0030 0.0045 0.0015 0.0015 0.0038 0.0022 0.0018 0.0021 0.0042 0.0060 0.0016 0.0028 0.0091 0.0039 0.0154 0.0085 0.0030 0.0040 0.0043 0.8872 0.0134 0.0016 0.0114 0.0033 
     CROC123  3 0.0059 0.0008 0.0015 0.0014 0.0034 0.0013 0.0013 0.0017 0.0025 0.0021 0.0043 0.0021 0.0015 0.0024 0.0147 0.0062 0.0019 0.0030 0.0045 0.9219 0.0038 0.0013 0.0038 0.0069 
      CROC13  3 0.0121 0.0008 0.0064 0.0014 0.0009 0.0019 0.0016 0.0040 0.0049 0.0041 0.0022 0.0048 0.0030 0.0030 0.0091 0.0041 0.0043 0.0085 0.0191 0.8864 0.0049 0.0037 0.0057 0.0031 
      CROC14  3 0.0149 0.0017 0.0019 0.0012 0.0013 0.0020 0.0019 0.0016 0.0038 0.0091 0.0018 0.0019 0.0019 0.0156 0.0137 0.0047 0.0026 0.0481 0.0042 0.8131 0.0037 0.0012 0.0381 0.0099 
      CROC15  3 0.0022 0.0012 0.0035 0.0012 0.0012 0.0031 0.0059 0.0037 0.0040 0.0041 0.0710 0.0038 0.0024 0.0174 0.0105 0.0060 0.0031 0.0159 0.0045 0.7696 0.0341 0.0018 0.0112 0.0185 
      CROC16  3 0.0078 0.0010 0.0112 0.0007 0.0012 0.0041 0.0044 0.0028 0.0043 0.0063 0.0057 0.0032 0.0057 0.0047 0.0066 0.0054 0.0045 0.0060 0.0604 0.8349 0.0055 0.0029 0.0061 0.0046 
      CROC17  3 0.0017 0.0007 0.0016 0.1046 0.0007 0.0017 0.0012 0.0021 0.0035 0.0026 0.0015 0.0020 0.0025 0.0027 0.0316 0.0060 0.0034 0.0036 0.0026 0.8050 0.0036 0.0014 0.0038 0.0098 
      CROC18  3 0.0036 0.0014 0.0042 0.0016 0.0022 0.0028 0.0019 0.0033 0.0019 0.0027 0.0021 0.0034 0.0046 0.0039 0.0240 0.0272 0.0032 0.0041 0.0048 0.8566 0.0236 0.0081 0.0048 0.0043 
      CROC19  3 0.0011 0.0129 0.0018 0.0011 0.0011 0.0033 0.0026 0.0070 0.0044 0.0348 0.0034 0.0043 0.0026 0.0046 0.0249 0.0148 0.0026 0.0076 0.0040 0.8169 0.0075 0.0071 0.0251 0.0045 
     CROC198  3 0.0127 0.0012 0.0016 0.0010 0.0011 0.0025 0.0020 0.0080 0.0034 0.0032 0.0018 0.0099 0.0037 0.0043 0.0080 0.0049 0.0029 0.0074 0.0087 0.8964 0.0032 0.0035 0.0053 0.0032 
      CROC20  3 0.0034 0.0011 0.0031 0.0008 0.0016 0.0070 0.0030 0.0053 0.0119 0.0054 0.0034 0.0050 0.0041 0.0050 0.0085 0.0195 0.0038 0.0063 0.0112 0.8643 0.0079 0.0028 0.0079 0.0076 
     CROC202  3 0.0120 0.0011 0.0198 0.0017 0.0010 0.0024 0.0016 0.0054 0.0030 0.0034 0.0032 0.0071 0.0038 0.0041 0.0134 0.0070 0.0249 0.0096 0.0054 0.8420 0.0060 0.0129 0.0061 0.0031 
      CROC21  3 0.0017 0.0012 0.0021 0.0012 0.0024 0.0032 0.0018 0.0028 0.0020 0.0029 0.0019 0.0035 0.0026 0.0069 0.0155 0.0060 0.0032 0.0061 0.0058 0.8807 0.0130 0.0019 0.0284 0.0032 
     CROC216  3 0.0014 0.0013 0.0035 0.0020 0.0020 0.0017 0.0016 0.0031 0.0041 0.0054 0.0093 0.0035 0.0057 0.0145 0.0211 0.0088 0.0023 0.0054 0.0094 0.8656 0.0134 0.0035 0.0080 0.0033 
      CROC22  3 0.0224 0.0009 0.0024 0.0012 0.0232 0.0034 0.0018 0.0021 0.0018 0.0034 0.0022 0.0548 0.0030 0.0030 0.0136 0.0077 0.0027 0.0061 0.0048 0.8042 0.0068 0.0045 0.0084 0.0156 
      CROC23  3 0.0010 0.0023 0.0018 0.0019 0.0023 0.0018 0.0021 0.0025 0.0024 0.0029 0.0018 0.0032 0.0024 0.0032 0.0255 0.0068 0.0362 0.0044 0.0066 0.8719 0.0050 0.0017 0.0059 0.0042 
      CROC24  3 0.0166 0.0019 0.0058 0.0012 0.0008 0.0021 0.0038 0.0024 0.0045 0.0055 0.0033 0.0032 0.0040 0.0042 0.0160 0.0051 0.0029 0.0051 0.0069 0.8773 0.0052 0.0041 0.0126 0.0054 
      CROC25  3 0.0044 0.0008 0.0013 0.0011 0.0016 0.0015 0.0021 0.0026 0.0024 0.0035 0.0028 0.0030 0.0023 0.0042 0.0104 0.0082 0.0019 0.0064 0.0033 0.9208 0.0059 0.0021 0.0041 0.0031 
     CROC259  3 0.0021 0.0023 0.0029 0.0064 0.0008 0.0015 0.0022 0.0038 0.0040 0.0126 0.0023 0.0034 0.0060 0.0033 0.1324 0.0049 0.0027 0.0305 0.0219 0.7360 0.0042 0.0022 0.0065 0.0053 
      CROC26  3 0.0025 0.0013 0.0021 0.0020 0.0007 0.0016 0.0038 0.0071 0.0041 0.0027 0.0034 0.0109 0.0048 0.0039 0.1281 0.0052 0.0058 0.0090 0.0059 0.7777 0.0058 0.0031 0.0050 0.0037 
      CROC27  3 0.0055 0.0020 0.0021 0.0120 0.0010 0.0025 0.0088 0.0045 0.0144 0.0042 0.0061 0.0106 0.0084 0.0084 0.0491 0.0077 0.0033 0.0059 0.0065 0.8044 0.0050 0.0023 0.0073 0.0180 
      CROC28  3 0.0527 0.0007 0.0014 0.0017 0.0009 0.0019 0.0030 0.0022 0.0025 0.0045 0.0032 0.0027 0.0042 0.0029 0.0919 0.0039 0.0020 0.0050 0.0052 0.7919 0.0038 0.0019 0.0065 0.0035 
      CROC29  3 0.0024 0.0020 0.0020 0.0012 0.0009 0.0057 0.0070 0.0028 0.0032 0.0058 0.0087 0.0037 0.0027 0.0080 0.0129 0.0064 0.0037 0.0043 0.0071 0.8866 0.0045 0.0026 0.0080 0.0077 
      CROC30  3 0.0023 0.0019 0.0020 0.0012 0.0018 0.0031 0.0027 0.0027 0.0084 0.0340 0.0036 0.0030 0.0159 0.0054 0.0220 0.0099 0.0024 0.0058 0.0065 0.7817 0.0672 0.0026 0.0079 0.0059 
      CROC31  3 0.0024 0.0016 0.0017 0.0034 0.0018 0.0044 0.0030 0.0022 0.0022 0.0028 0.0026 0.0027 0.0048 0.0032 0.0226 0.0069 0.0056 0.0056 0.0954 0.8081 0.0044 0.0024 0.0054 0.0048 
      CROC32  3 0.0301 0.0014 0.0014 0.0011 0.0020 0.0024 0.0015 0.0027 0.0017 0.0100 0.0016 0.0040 0.0033 0.0033 0.0112 0.0052 0.0018 0.0073 0.0072 0.8813 0.0062 0.0033 0.0066 0.0034 
      CROC33  3 0.0012 0.0013 0.0022 0.0009 0.0009 0.0019 0.0161 0.0040 0.0330 0.0179 0.0040 0.0027 0.0033 0.0080 0.0186 0.0078 0.0017 0.0030 0.0046 0.8429 0.0036 0.0034 0.0140 0.0028 
      CROC34  3 0.0012 0.0013 0.0018 0.0017 0.0009 0.0017 0.0038 0.0053 0.0035 0.0058 0.0024 0.0051 0.0056 0.0059 0.0148 0.0076 0.0034 0.0086 0.0065 0.8870 0.0145 0.0020 0.0044 0.0050 
      CROC35  3 0.0015 0.0010 0.0010 0.0015 0.0007 0.0013 0.0013 0.0015 0.0472 0.0055 0.0013 0.0018 0.0022 0.0023 0.0155 0.0042 0.0017 0.0040 0.0035 0.8739 0.0032 0.0012 0.0192 0.0037 
      CROC36  3 0.0043 0.0008 0.0016 0.0008 0.0008 0.0019 0.0015 0.0019 0.0016 0.0033 0.0024 0.0019 0.0016 0.0027 0.0065 0.0050 0.0029 0.0055 0.0065 0.9334 0.0038 0.0022 0.0044 0.0027 
      CROC57  3 0.0017 0.0010 0.0018 0.0010 0.0011 0.0030 0.0065 0.0029 0.0032 0.0038 0.0032 0.0031 0.0026 0.0028 0.0069 0.0054 0.0029 0.0132 0.0062 0.9071 0.0060 0.0053 0.0055 0.0037 
      CROC81  3 0.0053 0.0010 0.0155 0.0014 0.0011 0.0163 0.0105 0.0025 0.0035 0.0044 0.0035 0.0029 0.0026 0.0070 0.0090 0.0123 0.0034 0.0065 0.0095 0.8350 0.0255 0.0131 0.0047 0.0033 
      CROC84  3 0.0022 0.0005 0.0035 0.0007 0.0007 0.0015 0.0012 0.0015 0.0019 0.0016 0.0033 0.0100 0.0024 0.0026 0.0097 0.0033 0.0019 0.0038 0.0065 0.9307 0.0030 0.0014 0.0040 0.0020 
        FW01  3 0.9288 0.0007 0.0013 0.0006 0.0008 0.0015 0.0014 0.0021 0.0023 0.0018 0.0015 0.0027 0.0017 0.0032 0.0050 0.0041 0.0017 0.0039 0.0031 0.0187 0.0040 0.0017 0.0053 0.0022 
        FW02  3 0.0011 0.0006 0.0009 0.0008 0.0009 0.0014 0.0011 0.0018 0.0016 0.0019 0.0014 0.0023 0.0015 0.0029 0.0052 0.0044 0.0016 0.0038 0.0028 0.9508 0.0036 0.0014 0.0041 0.0020 
        FW03  3 0.9404 0.0006 0.0011 0.0006 0.0007 0.0012 0.0011 0.0017 0.0015 0.0017 0.0015 0.0021 0.0014 0.0026 0.0048 0.0036 0.0017 0.0032 0.0026 0.0163 0.0031 0.0012 0.0036 0.0019 
        FW04  3 0.0011 0.0006 0.0009 0.0008 0.0009 0.0014 0.0011 0.0018 0.0016 0.0019 0.0014 0.0022 0.0015 0.0029 0.0052 0.0044 0.0016 0.0038 0.0028 0.9508 0.0036 0.0014 0.0040 0.0020 
        FW05  3 0.0012 0.0006 0.0009 0.0008 0.0009 0.0014 0.0011 0.0018 0.0016 0.0019 0.0014 0.0023 0.0015 0.0029 0.0051 0.0045 0.0017 0.0038 0.0028 0.9510 0.0036 0.0014 0.0040 0.0020 
        FW06  3 0.0012 0.0006 0.0009 0.0008 0.0009 0.0014 0.0011 0.0018 0.0016 0.0019 0.0014 0.0023 0.0015 0.0029 0.0054 0.0044 0.0016 0.0038 0.0028 0.9507 0.0035 0.0014 0.0040 0.0020 
        FW07  3 0.9405 0.0006 0.0011 0.0006 0.0006 0.0012 0.0011 0.0016 0.0015 0.0017 0.0015 0.0021 0.0014 0.0026 0.0048 0.0036 0.0017 0.0031 0.0026 0.0163 0.0033 0.0011 0.0036 0.0019 
        FW08  3 0.0012 0.0006 0.0009 0.0008 0.0009 0.0014 0.0011 0.0018 0.0016 0.0019 0.0014 0.0023 0.0015 0.0029 0.0052 0.0045 0.0017 0.0038 0.0028 0.9508 0.0035 0.0014 0.0040 0.0020 
        FW09  3 0.0012 0.0006 0.0009 0.0008 0.0009 0.0014 0.0011 0.0018 0.0016 0.0018 0.0014 0.0023 0.0015 0.0029 0.0052 0.0044 0.0016 0.0039 0.0028 0.9510 0.0036 0.0014 0.0040 0.0019 
        FW10  3 0.9399 0.0005 0.0011 0.0006 0.0007 0.0012 0.0012 0.0016 0.0015 0.0017 0.0015 0.0021 0.0015 0.0026 0.0048 0.0035 0.0017 0.0031 0.0027 0.0164 0.0032 0.0012 0.0037 0.0019 
       FW100  3 0.9385 0.0006 0.0011 0.0006 0.0007 0.0012 0.0012 0.0017 0.0015 0.0016 0.0014 0.0021 0.0014 0.0026 0.0049 0.0036 0.0017 0.0031 0.0027 0.0178 0.0032 0.0012 0.0036 0.0019 
       FW101  3 0.9400 0.0005 0.0011 0.0006 0.0007 0.0012 0.0012 0.0016 0.0015 0.0017 0.0015 0.0021 0.0014 0.0026 0.0048 0.0036 0.0017 0.0031 0.0027 0.0164 0.0032 0.0012 0.0037 0.0019 
       FW102  3 0.0012 0.0006 0.0009 0.0008 0.0009 0.0014 0.0011 0.0018 0.0016 0.0019 0.0014 0.0022 0.0015 0.0030 0.0052 0.0045 0.0016 0.0039 0.0028 0.9506 0.0036 0.0014 0.0041 0.0020 
       FW103  3 0.0012 0.0006 0.0009 0.0008 0.0009 0.0014 0.0011 0.0019 0.0016 0.0019 0.0014 0.0023 0.0015 0.0029 0.0051 0.0045 0.0017 0.0038 0.0028 0.9510 0.0035 0.0014 0.0040 0.0020 
       FW104  3 0.9288 0.0006 0.0014 0.0007 0.0008 0.0015 0.0014 0.0021 0.0023 0.0018 0.0015 0.0026 0.0017 0.0032 0.0050 0.0041 0.0017 0.0038 0.0031 0.0187 0.0041 0.0016 0.0053 0.0023 
       FW105  3 0.9400 0.0005 0.0011 0.0006 0.0007 0.0012 0.0012 0.0016 0.0015 0.0017 0.0015 0.0021 0.0015 0.0026 0.0048 0.0036 0.0017 0.0031 0.0027 0.0162 0.0032 0.0012 0.0037 0.0019 
       FW106  3 0.0039 0.0012 0.0027 0.0009 0.0016 0.0034 0.0024 0.0045 0.1102 0.0031 0.0093 0.0047 0.0044 0.0040 0.0166 0.0424 0.0051 0.0046 0.0082 0.7397 0.0072 0.0017 0.0110 0.0071 
       FW107  3 0.9289 0.0007 0.0014 0.0006 0.0008 0.0015 0.0014 0.0021 0.0023 0.0018 0.0015 0.0027 0.0017 0.0032 0.0051 0.0041 0.0017 0.0038 0.0031 0.0187 0.0040 0.0016 0.0053 0.0022 
       FW108  3 0.0012 0.0006 0.0009 0.0008 0.0009 0.0014 0.0011 0.0018 0.0016 0.0019 0.0014 0.0023 0.0015 0.0029 0.0054 0.0045 0.0016 0.0038 0.0028 0.9506 0.0036 0.0014 0.0040 0.0020 
       FW109  3 0.9401 0.0005 0.0010 0.0006 0.0007 0.0012 0.0012 0.0016 0.0015 0.0017 0.0015 0.0021 0.0014 0.0026 0.0048 0.0036 0.0017 0.0032 0.0027 0.0163 0.0032 0.0012 0.0037 0.0019 
        FW11  3 0.9386 0.0005 0.0011 0.0006 0.0007 0.0012 0.0012 0.0017 0.0015 0.0017 0.0015 0.0021 0.0015 0.0026 0.0049 0.0036 0.0017 0.0031 0.0027 0.0178 0.0032 0.0012 0.0036 0.0019 
       FW110  3 0.9405 0.0006 0.0011 0.0006 0.0007 0.0012 0.0011 0.0016 0.0015 0.0017 0.0015 0.0021 0.0014 0.0026 0.0048 0.0036 0.0017 0.0031 0.0026 0.0162 0.0032 0.0012 0.0036 0.0019 
       FW111  3 0.0011 0.0006 0.0009 0.0008 0.0009 0.0014 0.0011 0.0018 0.0016 0.0019 0.0014 0.0023 0.0015 0.0029 0.0052 0.0044 0.0016 0.0039 0.0029 0.9508 0.0036 0.0014 0.0040 0.0020 
       FW112  3 0.9384 0.0006 0.0011 0.0006 0.0007 0.0012 0.0012 0.0017 0.0015 0.0017 0.0015 0.0021 0.0015 0.0026 0.0049 0.0036 0.0017 0.0031 0.0027 0.0178 0.0032 0.0012 0.0037 0.0019 
       FW113  3 0.0012 0.0006 0.0009 0.0008 0.0009 0.0014 0.0011 0.0019 0.0015 0.0019 0.0014 0.0023 0.0015 0.0029 0.0051 0.0044 0.0017 0.0038 0.0028 0.9510 0.0036 0.0014 0.0040 0.0020 
       FW114  3 0.9308 0.0012 0.0011 0.0009 0.0007 0.0015 0.0012 0.0017 0.0017 0.0024 0.0017 0.0021 0.0019 0.0027 0.0077 0.0038 0.0017 0.0032 0.0030 0.0177 0.0033 0.0013 0.0045 0.0024 
       FW115  3 0.9399 0.0005 0.0011 0.0006 0.0007 0.0012 0.0012 0.0016 0.0015 0.0016 0.0015 0.0021 0.0015 0.0026 0.0048 0.0036 0.0017 0.0032 0.0027 0.0164 0.0032 0.0012 0.0037 0.0019 
       FW116  3 0.0012 0.0006 0.0009 0.0008 0.0009 0.0014 0.0011 0.0018 0.0016 0.0019 0.0014 0.0023 0.0015 0.0029 0.0052 0.0045 0.0017 0.0038 0.0028 0.9507 0.0036 0.0014 0.0040 0.0020 
        FW12  3 0.0012 0.0006 0.0009 0.0008 0.0009 0.0014 0.0011 0.0018 0.0016 0.0018 0.0014 0.0023 0.0015 0.0029 0.0051 0.0044 0.0016 0.0038 0.0028 0.9509 0.0036 0.0014 0.0040 0.0020 
        FW13  3 0.0011 0.0006 0.0009 0.0008 0.0009 0.0014 0.0011 0.0018 0.0016 0.0018 0.0014 0.0023 0.0015 0.0029 0.0053 0.0045 0.0017 0.0038 0.0029 0.9507 0.0035 0.0014 0.0040 0.0020 
        FW14  3 0.9285 0.0007 0.0014 0.0007 0.0008 0.0015 0.0014 0.0021 0.0023 0.0018 0.0015 0.0027 0.0017 0.0032 0.0051 0.0041 0.0017 0.0039 0.0031 0.0189 0.0041 0.0017 0.0052 0.0022 
        FW15  3 0.9286 0.0007 0.0013 0.0007 0.0008 0.0015 0.0013 0.0021 0.0023 0.0018 0.0015 0.0026 0.0017 0.0032 0.0051 0.0042 0.0017 0.0039 0.0032 0.0187 0.0041 0.0017 0.0053 0.0022 
        FW16  3 0.9402 0.0005 0.0011 0.0006 0.0006 0.0012 0.0012 0.0017 0.0015 0.0016 0.0015 0.0021 0.0015 0.0026 0.0048 0.0035 0.0017 0.0032 0.0027 0.0163 0.0032 0.0012 0.0037 0.0019 
        FW17  3 0.9401 0.0005 0.0011 0.0006 0.0007 0.0012 0.0012 0.0016 0.0015 0.0017 0.0015 0.0021 0.0015 0.0026 0.0048 0.0036 0.0017 0.0031 0.0026 0.0164 0.0032 0.0011 0.0037 0.0019 
        FW18  3 0.9384 0.0006 0.0011 0.0006 0.0007 0.0012 0.0012 0.0017 0.0015 0.0017 0.0014 0.0021 0.0015 0.0026 0.0049 0.0036 0.0017 0.0032 0.0027 0.0179 0.0032 0.0012 0.0036 0.0019 
        FW19  3 0.0012 0.0006 0.0009 0.0008 0.0009 0.0014 0.0011 0.0018 0.0016 0.0019 0.0014 0.0023 0.0015 0.0029 0.0052 0.0044 0.0017 0.0038 0.0028 0.9509 0.0035 0.0014 0.0040 0.0020 
        FW20  3 0.0012 0.0006 0.0009 0.0008 0.0009 0.0014 0.0011 0.0019 0.0016 0.0019 0.0014 0.0023 0.0015 0.0029 0.0052 0.0045 0.0017 0.0038 0.0028 0.9508 0.0036 0.0014 0.0040 0.0020 
        FW21  3 0.0012 0.0006 0.0009 0.0008 0.0009 0.0014 0.0011 0.0018 0.0016 0.0019 0.0014 0.0023 0.0015 0.0029 0.0051 0.0044 0.0017 0.0039 0.0028 0.9509 0.0036 0.0014 0.0041 0.0020 
        FW22  3 0.9387 0.0006 0.0011 0.0006 0.0007 0.0012 0.0012 0.0016 0.0015 0.0016 0.0015 0.0021 0.0014 0.0026 0.0049 0.0036 0.0017 0.0031 0.0027 0.0177 0.0032 0.0012 0.0036 0.0019 
        FW23  3 0.0012 0.0006 0.0009 0.0008 0.0009 0.0014 0.0011 0.0018 0.0016 0.0018 0.0014 0.0023 0.0015 0.0029 0.0051 0.0044 0.0016 0.0038 0.0028 0.9509 0.0036 0.0014 0.0040 0.0020 
        FW24  3 0.0012 0.0006 0.0009 0.0008 0.0009 0.0014 0.0011 0.0019 0.0016 0.0019 0.0014 0.0023 0.0015 0.0029 0.0052 0.0044 0.0017 0.0039 0.0028 0.9507 0.0036 0.0014 0.0041 0.0020 
        FW25  3 0.0012 0.0006 0.0009 0.0008 0.0009 0.0014 0.0011 0.0018 0.0016 0.0019 0.0014 0.0023 0.0015 0.0029 0.0052 0.0044 0.0017 0.0038 0.0028 0.9508 0.0036 0.0014 0.0041 0.0020 
        FW26  3 0.0012 0.0006 0.0009 0.0008 0.0009 0.0014 0.0011 0.0018 0.0015 0.0019 0.0014 0.0023 0.0015 0.0029 0.0051 0.0044 0.0017 0.0038 0.0029 0.9509 0.0035 0.0014 0.0040 0.0020 
        FW27  3 0.9400 0.0005 0.0011 0.0006 0.0007 0.0012 0.0012 0.0016 0.0015 0.0016 0.0015 0.0021 0.0014 0.0026 0.0048 0.0036 0.0017 0.0031 0.0027 0.0164 0.0032 0.0012 0.0037 0.0019 
        FW28  3 0.0012 0.0006 0.0009 0.0008 0.0009 0.0014 0.0011 0.0018 0.0016 0.0019 0.0014 0.0023 0.0015 0.0029 0.0054 0.0045 0.0017 0.0038 0.0028 0.9504 0.0035 0.0014 0.0041 0.0020 
        FW29  3 0.0011 0.0006 0.0009 0.0008 0.0009 0.0014 0.0011 0.0018 0.0016 0.0018 0.0014 0.0023 0.0015 0.0029 0.0052 0.0045 0.0017 0.0039 0.0028 0.9509 0.0036 0.0014 0.0040 0.0020 
        FW30  3 0.0038 0.0012 0.0026 0.0010 0.0017 0.0032 0.0024 0.0043 0.1119 0.0029 0.0092 0.0047 0.0044 0.0040 0.0169 0.0418 0.0051 0.0046 0.0085 0.7390 0.0071 0.0017 0.0111 0.0069 
        FW32  3 0.9287 0.0007 0.0014 0.0007 0.0008 0.0015 0.0014 0.0020 0.0022 0.0018 0.0015 0.0026 0.0017 0.0032 0.0050 0.0041 0.0016 0.0039 0.0032 0.0188 0.0041 0.0016 0.0053 0.0022 
        FW33  3 0.0011 0.0006 0.0009 0.0009 0.0010 0.0014 0.0011 0.0018 0.0016 0.0019 0.0014 0.0023 0.0015 0.0029 0.0051 0.0047 0.0017 0.0038 0.0028 0.9503 0.0036 0.0014 0.0041 0.0020 
        FW34  3 0.0012 0.0006 0.0009 0.0008 0.0009 0.0014 0.0011 0.0019 0.0016 0.0018 0.0014 0.0023 0.0015 0.0029 0.0052 0.0044 0.0016 0.0038 0.0028 0.9510 0.0036 0.0014 0.0040 0.0020 
        FW35  3 0.0012 0.0006 0.0009 0.0008 0.0009 0.0014 0.0010 0.0019 0.0016 0.0019 0.0014 0.0023 0.0015 0.0029 0.0051 0.0044 0.0017 0.0038 0.0028 0.9509 0.0036 0.0014 0.0040 0.0020 
        FW36  3 0.0012 0.0006 0.0009 0.0008 0.0009 0.0014 0.0011 0.0018 0.0015 0.0019 0.0014 0.0023 0.0015 0.0029 0.0052 0.0044 0.0017 0.0038 0.0029 0.9508 0.0035 0.0014 0.0040 0.0020 
        FW37  3 0.9401 0.0005 0.0011 0.0006 0.0007 0.0012 0.0012 0.0016 0.0015 0.0016 0.0015 0.0021 0.0014 0.0026 0.0049 0.0036 0.0017 0.0031 0.0027 0.0163 0.0033 0.0012 0.0037 0.0019 
        FW51  3 0.0011 0.0006 0.0009 0.0008 0.0009 0.0014 0.0011 0.0018 0.0016 0.0019 0.0014 0.0023 0.0015 0.0029 0.0052 0.0044 0.0017 0.0038 0.0028 0.9509 0.0036 0.0014 0.0041 0.0020 
        FW52  3 0.9400 0.0005 0.0011 0.0006 0.0007 0.0012 0.0012 0.0017 0.0015 0.0017 0.0015 0.0021 0.0015 0.0026 0.0048 0.0036 0.0017 0.0032 0.0027 0.0163 0.0032 0.0012 0.0037 0.0019 
        FW53  3 0.0011 0.0006 0.0009 0.0008 0.0009 0.0014 0.0011 0.0018 0.0016 0.0018 0.0014 0.0023 0.0015 0.0029 0.0051 0.0044 0.0016 0.0038 0.0028 0.9509 0.0036 0.0014 0.0041 0.0020 
        FW54  3 0.9404 0.0005 0.0011 0.0006 0.0006 0.0012 0.0011 0.0016 0.0015 0.0017 0.0015 0.0021 0.0014 0.0026 0.0048 0.0036 0.0017 0.0031 0.0026 0.0163 0.0032 0.0012 0.0037 0.0019 
        FW55  3 0.0012 0.0006 0.0009 0.0008 0.0009 0.0014 0.0011 0.0019 0.0016 0.0019 0.0014 0.0023 0.0015 0.0030 0.0051 0.0044 0.0016 0.0038 0.0029 0.9508 0.0036 0.0014 0.0040 0.0020 
        FW56  3 0.0012 0.0006 0.0009 0.0008 0.0009 0.0014 0.0011 0.0018 0.0016 0.0019 0.0014 0.0023 0.0015 0.0029 0.0052 0.0044 0.0017 0.0038 0.0028 0.9508 0.0036 0.0014 0.0041 0.0020 
        FW57  3 0.0011 0.0006 0.0009 0.0008 0.0009 0.0014 0.0010 0.0018 0.0015 0.0019 0.0014 0.0023 0.0015 0.0029 0.0052 0.0044 0.0017 0.0038 0.0028 0.9510 0.0036 0.0014 0.0040 0.0020 
        FW78  3 0.0011 0.0006 0.0009 0.0008 0.0009 0.0014 0.0011 0.0018 0.0016 0.0019 0.0014 0.0023 0.0015 0.0029 0.0052 0.0045 0.0017 0.0038 0.0028 0.9508 0.0036 0.0014 0.0040 0.0020 
        FW79  3 0.0012 0.0006 0.0009 0.0008 0.0009 0.0014 0.0011 0.0018 0.0015 0.0018 0.0014 0.0023 0.0015 0.0029 0.0054 0.0045 0.0017 0.0038 0.0028 0.9508 0.0035 0.0014 0.0040 0.0020 
        FW80  3 0.0012 0.0006 0.0009 0.0008 0.0009 0.0014 0.0011 0.0018 0.0016 0.0019 0.0014 0.0023 0.0015 0.0029 0.0051 0.0045 0.0017 0.0038 0.0028 0.9508 0.0036 0.0014 0.0040 0.0020 
        FW81  3 0.9404 0.0006 0.0011 0.0006 0.0007 0.0012 0.0011 0.0017 0.0015 0.0017 0.0015 0.0021 0.0014 0.0026 0.0048 0.0036 0.0017 0.0031 0.0026 0.0163 0.0032 0.0012 0.0036 0.0019 
        FW82  3 0.9400 0.0005 0.0011 0.0006 0.0007 0.0012 0.0012 0.0017 0.0015 0.0017 0.0015 0.0021 0.0015 0.0026 0.0048 0.0036 0.0017 0.0032 0.0027 0.0164 0.0032 0.0012 0.0037 0.0019 
        FW83  3 0.9287 0.0007 0.0014 0.0006 0.0008 0.0015 0.0014 0.0020 0.0022 0.0018 0.0015 0.0026 0.0017 0.0032 0.0050 0.0041 0.0017 0.0039 0.0031 0.0188 0.0040 0.0016 0.0054 0.0022 
        FW84  3 0.0012 0.0006 0.0009 0.0008 0.0009 0.0014 0.0011 0.0019 0.0016 0.0019 0.0014 0.0022 0.0015 0.0029 0.0051 0.0044 0.0017 0.0038 0.0028 0.9509 0.0036 0.0014 0.0040 0.0020 
