        TC01  1 0.0045 0.0019 0.0009 0.0014 0.0018 0.0201 0.0062 0.0064 0.0055 0.0053 0.0231 0.0025 0.0011 0.8350 0.0069 0.0026 0.0147 0.0044 0.0045 0.0062 0.0026 0.0324 0.0099 
        TC02  1 0.0020 0.0031 0.0012 0.0018 0.0021 0.0021 0.0039 0.0022 0.0022 0.0063 0.0310 0.0039 0.0013 0.8564 0.0111 0.0023 0.0163 0.0091 0.0089 0.0054 0.0059 0.0113 0.0103 
        TC03  1 0.0014 0.0012 0.0013 0.0014 0.0021 0.0015 0.0052 0.0028 0.0035 0.0054 0.0364 0.0038 0.0012 0.8783 0.0030 0.0028 0.0059 0.0052 0.0064 0.0112 0.0045 0.0064 0.0093 
        TC04  1 0.0016 0.0055 0.0011 0.0017 0.0018 0.0016 0.0114 0.0195 0.0034 0.0296 0.1024 0.0023 0.0021 0.7366 0.0126 0.0030 0.0060 0.0145 0.0113 0.0088 0.0090 0.0082 0.0059 
        TC05  1 0.0011 0.0013 0.0012 0.0016 0.0011 0.0010 0.0026 0.0025 0.0035 0.0203 0.0314 0.0031 0.0012 0.8661 0.0042 0.0048 0.0094 0.0090 0.0171 0.0050 0.0032 0.0045 0.0048 
        TC06  1 0.0010 0.0036 0.0009 0.0030 0.0014 0.0016 0.0074 0.0019 0.0034 0.0056 0.1378 0.0046 0.0021 0.7553 0.0041 0.0025 0.0126 0.0077 0.0192 0.0040 0.0027 0.0054 0.0123 
        TC07  1 0.0010 0.0026 0.0016 0.0012 0.0011 0.0010 0.0027 0.0023 0.0067 0.0127 0.0254 0.0023 0.0009 0.8641 0.0035 0.0018 0.0069 0.0124 0.0082 0.0053 0.0057 0.0245 0.0060 
        TC08  1 0.0013 0.0017 0.0015 0.0012 0.0014 0.0020 0.0022 0.0016 0.0055 0.0075 0.0483 0.0034 0.0011 0.8651 0.0032 0.0080 0.0132 0.0088 0.0075 0.0031 0.0022 0.0056 0.0043 
        TC09  1 0.0026 0.0023 0.0008 0.0037 0.0009 0.0011 0.0031 0.0014 0.0065 0.0060 0.1646 0.0023 0.0011 0.7091 0.0066 0.0019 0.0113 0.0040 0.0111 0.0082 0.0031 0.0054 0.0428 
        TC10  1 0.0010 0.0011 0.0008 0.0009 0.0078 0.0017 0.0026 0.0071 0.0028 0.0036 0.0241 0.0023 0.0014 0.7937 0.0023 0.0019 0.0093 0.0280 0.0046 0.0230 0.0025 0.0217 0.0559 
        TC11  1 0.0010 0.0024 0.0018 0.0006 0.0019 0.0013 0.0035 0.0016 0.0029 0.0040 0.0186 0.0020 0.0013 0.8802 0.0022 0.0040 0.0303 0.0048 0.0040 0.0045 0.0041 0.0160 0.0071 
        TC12  1 0.0029 0.0036 0.0014 0.0030 0.0026 0.0028 0.0111 0.0088 0.0023 0.0096 0.0565 0.0062 0.0013 0.8204 0.0054 0.0026 0.0054 0.0094 0.0099 0.0132 0.0024 0.0122 0.0069 
        TC13  1 0.0012 0.0010 0.0008 0.0009 0.0016 0.0013 0.0026 0.0019 0.0056 0.0054 0.0513 0.0018 0.0015 0.8457 0.0025 0.0030 0.0287 0.0066 0.0048 0.0035 0.0049 0.0054 0.0179 
        TC14  1 0.0051 0.0012 0.0023 0.0042 0.0022 0.0030 0.0068 0.0028 0.0052 0.0059 0.1375 0.0032 0.0037 0.6914 0.0133 0.0041 0.0201 0.0051 0.0113 0.0059 0.0116 0.0123 0.0418 
        TC15  1 0.0027 0.0017 0.0010 0.0016 0.0046 0.0010 0.0035 0.0018 0.0059 0.0071 0.1537 0.0019 0.0023 0.6972 0.0049 0.0017 0.0099 0.0071 0.0091 0.0057 0.0455 0.0043 0.0257 
        TC16  1 0.0025 0.0029 0.0021 0.0013 0.0014 0.0025 0.0060 0.0097 0.0031 0.0094 0.1838 0.0049 0.0023 0.6393 0.0112 0.0078 0.0074 0.0080 0.0094 0.0048 0.0029 0.0058 0.0716 
        TC17  1 0.0055 0.0070 0.0030 0.0025 0.0029 0.0057 0.0072 0.0017 0.0142 0.0159 0.0695 0.0067 0.0027 0.6320 0.0524 0.0156 0.0121 0.0142 0.0183 0.0077 0.0051 0.0193 0.0790 
        TC18  1 0.0042 0.0019 0.0029 0.0009 0.0077 0.0019 0.0255 0.0017 0.0023 0.0144 0.0436 0.0084 0.0025 0.7793 0.0022 0.0022 0.0379 0.0072 0.0128 0.0127 0.0034 0.0129 0.0116 
        TC19  1 0.0013 0.0011 0.0010 0.0009 0.0020 0.0017 0.0028 0.0020 0.0020 0.0054 0.0652 0.0045 0.0023 0.8167 0.0044 0.0025 0.0268 0.0069 0.0038 0.0041 0.0029 0.0068 0.0331 
        TC20  1 0.0013 0.0011 0.0011 0.0010 0.0012 0.0101 0.0070 0.0020 0.0040 0.0083 0.0513 0.0019 0.0012 0.8448 0.0042 0.0024 0.0104 0.0072 0.0065 0.0037 0.0036 0.0057 0.0199 
        TC21  1 0.0131 0.0171 0.0052 0.0011 0.0022 0.0016 0.0275 0.0036 0.0019 0.1056 0.0631 0.0057 0.0072 0.6718 0.0027 0.0021 0.0077 0.0083 0.0089 0.0057 0.0060 0.0266 0.0054 
        TC22  1 0.0026 0.0013 0.0010 0.0024 0.0117 0.0020 0.0028 0.0038 0.0037 0.0054 0.0720 0.0067 0.0131 0.7808 0.0030 0.0027 0.0193 0.0309 0.0071 0.0051 0.0107 0.0072 0.0046 
        TC23  1 0.0011 0.0010 0.0011 0.0012 0.0023 0.0018 0.0042 0.0068 0.0029 0.0051 0.0354 0.0209 0.0013 0.8196 0.0040 0.0029 0.0341 0.0045 0.0091 0.0073 0.0044 0.0194 0.0097 
        TC24  1 0.0013 0.0010 0.0015 0.0006 0.0009 0.0020 0.0022 0.0014 0.0025 0.0040 0.0243 0.0019 0.0010 0.9010 0.0024 0.0033 0.0131 0.0042 0.0043 0.0070 0.0023 0.0038 0.0140 
        TC25  1 0.0018 0.0023 0.0015 0.0025 0.0013 0.0017 0.0184 0.0059 0.0029 0.0050 0.1367 0.0041 0.0092 0.6938 0.0019 0.0037 0.0069 0.0077 0.0042 0.0118 0.0106 0.0395 0.0268 
        TC26  1 0.0013 0.0032 0.0012 0.0023 0.0012 0.0013 0.0024 0.0037 0.0033 0.0048 0.0545 0.0035 0.0011 0.7995 0.0030 0.0023 0.0088 0.0070 0.0172 0.0047 0.0031 0.0046 0.0660 
        TC27  1 0.0017 0.0028 0.0016 0.0009 0.0246 0.0016 0.0034 0.0017 0.0038 0.0117 0.0788 0.0024 0.0012 0.6550 0.0028 0.0389 0.0931 0.0074 0.0340 0.0053 0.0130 0.0059 0.0086 
        TC28  1 0.0018 0.0027 0.0011 0.0011 0.0015 0.0014 0.0041 0.0093 0.0028 0.0067 0.0560 0.0021 0.0015 0.8301 0.0039 0.0039 0.0088 0.0184 0.0070 0.0074 0.0055 0.0075 0.0153 
        TC29  1 0.0015 0.0014 0.0029 0.0009 0.0011 0.0011 0.0076 0.0033 0.0060 0.0366 0.0871 0.0060 0.0014 0.7366 0.0149 0.0089 0.0180 0.0049 0.0162 0.0094 0.0083 0.0111 0.0148 
        TC30  1 0.0016 0.0021 0.0011 0.0015 0.0015 0.0020 0.0028 0.0014 0.0025 0.0060 0.0804 0.0036 0.0036 0.8137 0.0069 0.0022 0.0247 0.0062 0.0065 0.0062 0.0028 0.0075 0.0134 
        TC31  1 0.0026 0.0011 0.0018 0.0009 0.0035 0.0024 0.0098 0.0020 0.0024 0.0060 0.0423 0.0118 0.0082 0.7773 0.0035 0.0032 0.0295 0.0202 0.0046 0.0080 0.0039 0.0474 0.0077 
        TC32  1 0.0012 0.0045 0.0011 0.0033 0.0012 0.0017 0.0038 0.0042 0.0051 0.0061 0.1425 0.0021 0.0108 0.7107 0.0027 0.0040 0.0224 0.0314 0.0063 0.0041 0.0062 0.0076 0.0169 
        TC33  1 0.0027 0.0013 0.0025 0.0011 0.0018 0.0018 0.0037 0.0029 0.0058 0.0058 0.0392 0.0030 0.0016 0.8339 0.0028 0.0030 0.0133 0.0054 0.0061 0.0062 0.0041 0.0423 0.0097 
        TC34  1 0.0015 0.0015 0.0031 0.0012 0.0024 0.0025 0.0036 0.0020 0.0039 0.0053 0.1283 0.0060 0.0011 0.7419 0.0026 0.0018 0.0301 0.0087 0.0233 0.0051 0.0029 0.0064 0.0148 
        TC35  1 0.0020 0.0061 0.0011 0.0009 0.0038 0.0024 0.0081 0.0014 0.0029 0.0078 0.0498 0.0044 0.0017 0.7599 0.0155 0.0035 0.0338 0.0411 0.0053 0.0042 0.0029 0.0259 0.0159 
        TC36  1 0.0014 0.0216 0.0012 0.0013 0.0019 0.0019 0.0036 0.0043 0.0034 0.0091 0.0402 0.0024 0.0024 0.8116 0.0050 0.0037 0.0323 0.0081 0.0082 0.0108 0.0048 0.0065 0.0143 
        TC37  1 0.0016 0.0015 0.0032 0.0022 0.0016 0.0024 0.0039 0.0018 0.0045 0.0053 0.0171 0.0025 0.0037 0.8135 0.0092 0.0064 0.0642 0.0234 0.0079 0.0048 0.0043 0.0075 0.0074 
        TC38  1 0.0016 0.0023 0.0012 0.0014 0.0012 0.0011 0.0297 0.0045 0.0021 0.0091 0.1565 0.0056 0.0010 0.6881 0.0145 0.0021 0.0170 0.0048 0.0073 0.0066 0.0027 0.0113 0.0284 
        TC39  1 0.0015 0.0016 0.0013 0.0017 0.0012 0.0014 0.0044 0.0014 0.0024 0.0055 0.1361 0.0036 0.0010 0.6483 0.0139 0.0019 0.0351 0.0109 0.0252 0.0062 0.0024 0.0073 0.0856 
        TC40  1 0.0022 0.0017 0.0046 0.0014 0.0023 0.0019 0.0040 0.0023 0.0051 0.0053 0.0873 0.0038 0.0025 0.7894 0.0034 0.0132 0.0079 0.0091 0.0075 0.0129 0.0031 0.0072 0.0220 
        TC41  1 0.0013 0.0020 0.0010 0.0011 0.0012 0.0013 0.0035 0.0023 0.0047 0.0049 0.0270 0.0147 0.0086 0.8328 0.0031 0.0111 0.0167 0.0214 0.0175 0.0043 0.0037 0.0056 0.0101 
        TC42  1 0.0020 0.0016 0.0008 0.0017 0.0013 0.0027 0.0023 0.0017 0.0029 0.0066 0.0749 0.0022 0.0011 0.8336 0.0051 0.0034 0.0264 0.0041 0.0056 0.0054 0.0027 0.0040 0.0081 
        TC43  1 0.0015 0.0012 0.0011 0.0012 0.0016 0.0012 0.0041 0.0030 0.0029 0.0059 0.0820 0.0027 0.0023 0.8037 0.0102 0.0045 0.0251 0.0081 0.0088 0.0059 0.0104 0.0064 0.0061 
        TC44  1 0.0018 0.0012 0.0008 0.0016 0.0034 0.0024 0.0032 0.0018 0.0034 0.0039 0.1016 0.0027 0.0010 0.7622 0.0161 0.0068 0.0064 0.0105 0.0207 0.0081 0.0023 0.0103 0.0280 
        TC45  1 0.0013 0.0012 0.0007 0.0015 0.0009 0.0019 0.0092 0.0015 0.0023 0.0093 0.0150 0.0033 0.0009 0.8305 0.0038 0.0018 0.0164 0.0517 0.0063 0.0041 0.0038 0.0056 0.0272 
        TC46  1 0.0015 0.0022 0.0012 0.0013 0.0054 0.0014 0.0061 0.0086 0.0021 0.0072 0.0281 0.0049 0.0012 0.8410 0.0028 0.0038 0.0135 0.0258 0.0077 0.0082 0.0044 0.0050 0.0167 
        TC47  1 0.0011 0.0020 0.0010 0.0009 0.0058 0.0036 0.0032 0.0039 0.0027 0.0041 0.0673 0.0030 0.0016 0.8294 0.0046 0.0030 0.0083 0.0071 0.0058 0.0043 0.0028 0.0110 0.0233 
        TC48  1 0.0063 0.0034 0.0076 0.0094 0.0020 0.0066 0.0093 0.0031 0.0042 0.0057 0.0431 0.0031 0.0050 0.8077 0.0047 0.0048 0.0129 0.0092 0.0092 0.0050 0.0077 0.0059 0.0242 
        TC49  1 0.0041 0.0019 0.0012 0.0021 0.0014 0.0040 0.0035 0.0026 0.0036 0.0078 0.0287 0.0022 0.0016 0.8342 0.0026 0.0146 0.0289 0.0168 0.0076 0.0032 0.0062 0.0089 0.0122 
        TC50  1 0.0021 0.0019 0.0023 0.0015 0.0050 0.0020 0.0054 0.0013 0.0065 0.0046 0.0399 0.0052 0.0029 0.8373 0.0041 0.0028 0.0183 0.0083 0.0055 0.0078 0.0188 0.0089 0.0076 
        TC51  1 0.0020 0.0014 0.0010 0.0020 0.0017 0.0019 0.0043 0.0019 0.0027 0.0061 0.1219 0.0030 0.0013 0.7828 0.0026 0.0048 0.0058 0.0077 0.0101 0.0059 0.0055 0.0150 0.0084 
        TC52  1 0.0021 0.0015 0.0012 0.0012 0.0010 0.0013 0.0068 0.0352 0.0024 0.0055 0.0366 0.0024 0.0009 0.8369 0.0022 0.0024 0.0099 0.0049 0.0041 0.0221 0.0038 0.0039 0.0116 
        TC53  1 0.0020 0.0018 0.0011 0.0024 0.0080 0.0017 0.0022 0.0014 0.0048 0.0190 0.0613 0.0129 0.0015 0.8219 0.0126 0.0018 0.0103 0.0049 0.0041 0.0040 0.0066 0.0037 0.0099 
        TC54  1 0.0054 0.0047 0.0152 0.0017 0.0032 0.0020 0.0054 0.0014 0.0044 0.0061 0.0699 0.0027 0.0018 0.7719 0.0035 0.0190 0.0113 0.0134 0.0082 0.0073 0.0185 0.0092 0.0136 
        TC55  1 0.0019 0.0052 0.0021 0.0042 0.0018 0.0017 0.0047 0.0029 0.0029 0.0067 0.0504 0.0018 0.0194 0.7506 0.0031 0.0025 0.0157 0.0123 0.0074 0.0104 0.0237 0.0085 0.0600 
        TC56  1 0.0015 0.0013 0.0030 0.0023 0.0022 0.0020 0.0100 0.0018 0.0044 0.0083 0.0455 0.0042 0.0015 0.7584 0.0107 0.0729 0.0188 0.0093 0.0075 0.0058 0.0118 0.0104 0.0063 
        TC57  1 0.0022 0.0049 0.0018 0.0016 0.0047 0.0029 0.0032 0.0017 0.0048 0.0079 0.0260 0.0044 0.0022 0.8191 0.0140 0.0041 0.0190 0.0133 0.0085 0.0063 0.0063 0.0073 0.0337 
        TC58  1 0.0012 0.0023 0.0009 0.0014 0.0021 0.0025 0.0030 0.0026 0.0022 0.0039 0.0250 0.0030 0.0010 0.8254 0.0030 0.0017 0.0071 0.0098 0.0261 0.0044 0.0038 0.0456 0.0221 
        TC59  1 0.0014 0.0027 0.0011 0.0008 0.0014 0.0014 0.0021 0.0025 0.0038 0.0046 0.0460 0.0028 0.0009 0.8819 0.0036 0.0019 0.0082 0.0050 0.0052 0.0036 0.0022 0.0096 0.0070 
        TA01  2 0.0011 0.0036 0.0017 0.0012 0.0020 0.0021 0.0030 0.0012 0.0079 0.0044 0.0587 0.0043 0.0018 0.7975 0.0100 0.0022 0.0139 0.0040 0.0272 0.0038 0.0140 0.0068 0.0275 
        TA02  2 0.0020 0.0025 0.0023 0.0008 0.0012 0.0013 0.0049 0.0037 0.0038 0.0073 0.0337 0.0029 0.0016 0.7884 0.0218 0.0258 0.0452 0.0077 0.0144 0.0122 0.0039 0.0043 0.0085 
        TA03  2 0.0018 0.0016 0.0019 0.0012 0.0075 0.0021 0.0032 0.0017 0.0050 0.0057 0.0562 0.0032 0.0014 0.7703 0.0637 0.0028 0.0100 0.0117 0.0168 0.0061 0.0049 0.0072 0.0140 
        TA04  2 0.0010 0.0012 0.0010 0.0013 0.0026 0.0015 0.0028 0.0030 0.0047 0.0036 0.2587 0.0028 0.0019 0.4000 0.2415 0.0024 0.0098 0.0270 0.0077 0.0065 0.0044 0.0051 0.0095 
        TA05  2 0.0015 0.0014 0.0013 0.0012 0.0017 0.0015 0.0042 0.0029 0.0035 0.0068 0.0313 0.0022 0.0012 0.8934 0.0061 0.0026 0.0073 0.0056 0.0051 0.0037 0.0025 0.0060 0.0070 
        TA06  2 0.0007 0.0017 0.0010 0.0009 0.0013 0.0064 0.0029 0.0016 0.0079 0.0034 0.0610 0.0021 0.0018 0.7958 0.0055 0.0019 0.0276 0.0079 0.0049 0.0064 0.0193 0.0111 0.0270 
        TA07  2 0.0018 0.0090 0.0021 0.0023 0.0016 0.0023 0.0033 0.0031 0.0030 0.0175 0.0245 0.0060 0.0011 0.5574 0.3117 0.0033 0.0063 0.0070 0.0067 0.0071 0.0023 0.0107 0.0099 
        TA08  2 0.0009 0.0009 0.0009 0.0010 0.0145 0.0011 0.0039 0.0012 0.0028 0.0044 0.0997 0.0020 0.0009 0.7740 0.0250 0.0044 0.0106 0.0044 0.0061 0.0040 0.0121 0.0051 0.0201 
        TA09  2 0.0010 0.0011 0.0010 0.0013 0.0017 0.0017 0.0022 0.0076 0.0046 0.0040 0.0662 0.0022 0.0010 0.7823 0.0375 0.0047 0.0416 0.0043 0.0058 0.0070 0.0030 0.0048 0.0134 
        TA10  2 0.0022 0.0018 0.0010 0.0014 0.0014 0.0088 0.0034 0.0024 0.0096 0.0080 0.0494 0.0036 0.0010 0.7588 0.0215 0.0024 0.0115 0.0078 0.0125 0.0043 0.0058 0.0582 0.0232 
        TA11  2 0.0071 0.0012 0.0012 0.0018 0.0035 0.0043 0.0047 0.0015 0.0033 0.0047 0.0452 0.0135 0.0011 0.6361 0.0076 0.0045 0.0325 0.0397 0.0063 0.0042 0.0026 0.0556 0.1177 
        TA12  2 0.0131 0.0014 0.0014 0.0021 0.0011 0.0522 0.0027 0.0017 0.0035 0.0096 0.0320 0.0028 0.0012 0.7537 0.0390 0.0018 0.0099 0.0080 0.0267 0.0032 0.0056 0.0084 0.0188 
        TA13  2 0.0079 0.0015 0.0017 0.0597 0.0015 0.0074 0.0033 0.0023 0.0041 0.0225 0.1529 0.0049 0.0014 0.6320 0.0057 0.0043 0.0095 0.0079 0.0224 0.0086 0.0100 0.0219 0.0065 
        TA14  2 0.0011 0.0011 0.0013 0.0022 0.0012 0.0011 0.0020 0.0014 0.0025 0.0040 0.0554 0.0017 0.0010 0.7888 0.0282 0.0294 0.0280 0.0067 0.0051 0.0141 0.0026 0.0037 0.0173 
        TA15  2 0.0021 0.0011 0.0010 0.0026 0.0012 0.0018 0.0020 0.0013 0.0032 0.0056 0.0603 0.0021 0.0013 0.8381 0.0143 0.0054 0.0195 0.0102 0.0070 0.0045 0.0034 0.0056 0.0064 
        TA16  2 0.0028 0.0035 0.0010 0.0028 0.0018 0.0048 0.0030 0.0038 0.0077 0.0147 0.1525 0.0016 0.0010 0.6512 0.0204 0.0057 0.0324 0.0053 0.0176 0.0073 0.0034 0.0351 0.0204 
        TA17  2 0.0019 0.0013 0.0015 0.0019 0.0028 0.0057 0.0024 0.0031 0.0170 0.0072 0.0522 0.0023 0.0012 0.8324 0.0054 0.0052 0.0082 0.0071 0.0142 0.0044 0.0023 0.0048 0.0155 
        TA18  2 0.0011 0.0015 0.0009 0.0011 0.0016 0.0028 0.0024 0.0084 0.0506 0.0060 0.0449 0.0039 0.0192 0.7704 0.0035 0.0051 0.0230 0.0109 0.0119 0.0033 0.0025 0.0202 0.0048 
        TA19  2 0.0015 0.0014 0.0013 0.0010 0.0436 0.0040 0.0028 0.0031 0.0034 0.0064 0.1177 0.0065 0.0033 0.7153 0.0067 0.0036 0.0143 0.0142 0.0075 0.0046 0.0073 0.0185 0.0122 
        TA20  2 0.0021 0.0028 0.0050 0.0009 0.0015 0.0018 0.0038 0.0013 0.0038 0.0187 0.0396 0.0052 0.0011 0.6976 0.0080 0.0419 0.0379 0.0066 0.0566 0.0042 0.0026 0.0050 0.0520 
        TA21  2 0.0027 0.0019 0.0028 0.0024 0.0017 0.0017 0.0037 0.0036 0.0111 0.0072 0.0588 0.0020 0.0010 0.7356 0.0114 0.0124 0.0256 0.0064 0.0176 0.0052 0.0143 0.0068 0.0640 
        TA22  2 0.0008 0.0023 0.0043 0.0023 0.0012 0.0011 0.0027 0.0017 0.0052 0.0034 0.0859 0.0049 0.0021 0.7933 0.0049 0.0028 0.0427 0.0078 0.0086 0.0039 0.0071 0.0042 0.0069 
        TA23  2 0.0012 0.0011 0.0013 0.0010 0.0015 0.0015 0.0025 0.0020 0.0048 0.0036 0.1333 0.0018 0.0015 0.6340 0.0154 0.0035 0.1502 0.0062 0.0089 0.0037 0.0064 0.0053 0.0093 
        TA24  2 0.0028 0.0422 0.0011 0.0007 0.0044 0.0014 0.0027 0.0014 0.0046 0.0086 0.0408 0.0047 0.0009 0.8124 0.0041 0.0073 0.0106 0.0136 0.0064 0.0130 0.0046 0.0053 0.0063 
        TA25  2 0.0019 0.0016 0.0007 0.0011 0.0012 0.0509 0.0029 0.0018 0.0205 0.0084 0.0666 0.0033 0.0009 0.6547 0.0036 0.0032 0.0152 0.0089 0.0078 0.0041 0.0084 0.1203 0.0120 
        TA26  2 0.0018 0.0010 0.0019 0.0031 0.0024 0.0055 0.0100 0.0015 0.0025 0.0061 0.0836 0.0050 0.0019 0.7424 0.0179 0.0023 0.0147 0.0053 0.0097 0.0040 0.0046 0.0132 0.0595 
        TA27  2 0.0016 0.0013 0.0015 0.0016 0.0022 0.0059 0.0024 0.0015 0.0066 0.0070 0.0330 0.0035 0.0016 0.7387 0.0057 0.0027 0.0914 0.0055 0.0601 0.0075 0.0034 0.0056 0.0098 
        TA28  2 0.0033 0.0030 0.0028 0.0013 0.0015 0.0014 0.0104 0.0037 0.0037 0.0064 0.0453 0.0052 0.0017 0.7408 0.0272 0.0225 0.0504 0.0127 0.0198 0.0130 0.0025 0.0048 0.0168 
        TA29  2 0.0012 0.0016 0.0009 0.0024 0.0043 0.0046 0.0026 0.0024 0.0043 0.0051 0.0820 0.0029 0.0015 0.8246 0.0028 0.0041 0.0126 0.0098 0.0071 0.0042 0.0035 0.0062 0.0092 
        TA30  2 0.0048 0.0012 0.0025 0.0042 0.0102 0.0021 0.0038 0.0021 0.0036 0.0096 0.1667 0.0028 0.0019 0.5044 0.0237 0.0076 0.0651 0.0074 0.0073 0.0050 0.0062 0.0066 0.1511 
      BERM01  3 0.0012 0.0009 0.0011 0.0010 0.0011 0.0012 0.0021 0.0014 0.0029 0.0037 0.9283 0.0016 0.0017 0.0052 0.0026 0.0019 0.0057 0.0042 0.0094 0.0032 0.0038 0.0046 0.0111 
      BERM02  3 0.0012 0.0011 0.0010 0.0014 0.0009 0.0010 0.0030 0.0016 0.0024 0.0041 0.9034 0.0021 0.0029 0.0114 0.0060 0.0017 0.0121 0.0079 0.0049 0.0034 0.0045 0.0043 0.0177 
      BERM03  3 0.0012 0.0017 0.0011 0.0029 0.0018 0.0015 0.0026 0.0019 0.0024 0.0042 0.9150 0.0032 0.0013 0.0048 0.0027 0.0023 0.0061 0.0049 0.0080 0.0032 0.0026 0.0057 0.0189 
      BERM04  3 0.0009 0.0013 0.0009 0.0018 0.0027 0.0014 0.0032 0.0018 0.0024 0.0035 0.9028 0.0019 0.0010 0.0043 0.0026 0.0017 0.0035 0.0043 0.0154 0.0036 0.0027 0.0068 0.0294 
      BERM05  3 0.0012 0.0024 0.0014 0.0040 0.0020 0.0023 0.0047 0.0026 0.0055 0.0034 0.9039 0.0057 0.0010 0.0037 0.0023 0.0029 0.0038 0.0050 0.0089 0.0069 0.0038 0.0080 0.0146 
      BERM06  3 0.0009 0.0026 0.0008 0.0013 0.0018 0.0014 0.0034 0.0027 0.0062 0.0037 0.8181 0.0017 0.0014 0.0076 0.0100 0.0015 0.0063 0.0123 0.0118 0.0040 0.0030 0.0039 0.0936 
      BERM07  3 0.0012 0.0011 0.0011 0.0011 0.0024 0.0025 0.0029 0.0024 0.0023 0.0041 0.8983 0.0022 0.0011 0.0119 0.0045 0.0040 0.0092 0.0070 0.0059 0.0036 0.0036 0.0070 0.0209 
      BERM08  3 0.0008 0.0009 0.0007 0.0006 0.0013 0.0011 0.0036 0.0013 0.0020 0.0031 0.9136 0.0015 0.0009 0.0089 0.0036 0.0015 0.0038 0.0037 0.0059 0.0028 0.0282 0.0043 0.0059 
      BERM09  3 0.0010 0.0015 0.0009 0.0010 0.0012 0.0016 0.0018 0.0019 0.0035 0.0031 0.7094 0.0032 0.0022 0.0100 0.2092 0.0018 0.0135 0.0075 0.0052 0.0027 0.0021 0.0049 0.0106 
      BERM10  3 0.0031 0.0044 0.0010 0.0013 0.0054 0.0025 0.0048 0.0022 0.0029 0.0144 0.7858 0.0059 0.0015 0.0097 0.0034 0.0047 0.0378 0.0059 0.0069 0.0036 0.0033 0.0049 0.0846 
      BERM11  3 0.0009 0.0010 0.0010 0.0008 0.0012 0.0011 0.0051 0.0013 0.0022 0.0040 0.7913 0.0016 0.0010 0.0115 0.1044 0.0027 0.0073 0.0078 0.0079 0.0034 0.0179 0.0070 0.0175 
      BERM12  3 0.0008 0.0010 0.0012 0.0007 0.0014 0.0185 0.0348 0.0047 0.0081 0.0034 0.8001 0.0020 0.0013 0.0070 0.0163 0.0018 0.0080 0.0053 0.0058 0.0171 0.0030 0.0083 0.0493 
      BERM13  3 0.0014 0.0012 0.0009 0.0011 0.0015 0.0014 0.0022 0.0360 0.0036 0.0043 0.8791 0.0018 0.0012 0.0075 0.0064 0.0022 0.0083 0.0131 0.0106 0.0031 0.0025 0.0055 0.0050 
      BERM14  3 0.0010 0.0009 0.0008 0.0012 0.0014 0.0018 0.0023 0.0013 0.0038 0.0036 0.8005 0.0037 0.0010 0.0205 0.0072 0.0019 0.0063 0.0047 0.0123 0.0072 0.0026 0.0077 0.1063 
      CROC01  3 0.0078 0.0024 0.0119 0.0013 0.0046 0.0029 0.0039 0.0017 0.0072 0.0080 0.8212 0.0166 0.0074 0.0067 0.0058 0.0056 0.0073 0.0217 0.0085 0.0273 0.0045 0.0075 0.0083 
      CROC02  3 0.0021 0.0054 0.0013 0.0021 0.0013 0.0020 0.0053 0.0497 0.0122 0.0062 0.7389 0.0031 0.0010 0.0075 0.0166 0.0033 0.0140 0.0331 0.0079 0.0049 0.0050 0.0098 0.0674 
      CROC03  3 0.0017 0.0016 0.0016 0.0013 0.0036 0.0032 0.0125 0.0025 0.0022 0.0054 0.7084 0.0027 0.0012 0.0070 0.1240 0.0060 0.0111 0.0138 0.0061 0.0098 0.0086 0.0076 0.0580 
      CROC04  3 0.0022 0.0181 0.0010 0.0011 0.0015 0.0021 0.0022 0.0011 0.0046 0.0044 0.7741 0.0044 0.0010 0.0213 0.0023 0.0026 0.1111 0.0121 0.0096 0.0085 0.0023 0.0056 0.0070 
      CROC05  3 0.0012 0.0047 0.0010 0.0012 0.0011 0.0012 0.0028 0.0020 0.0027 0.0040 0.9029 0.0020 0.0013 0.0036 0.0038 0.0017 0.0058 0.0043 0.0063 0.0036 0.0045 0.0083 0.0300 
      CROC06  3 0.0013 0.0306 0.0019 0.0007 0.0018 0.0021 0.0050 0.0025 0.0122 0.0059 0.7609 0.0035 0.0012 0.0256 0.0045 0.0032 0.0095 0.0117 0.0130 0.0223 0.0247 0.0212 0.0343 
      CROC07  3 0.0014 0.0015 0.0010 0.0013 0.0017 0.0013 0.0030 0.0015 0.0421 0.0041 0.8396 0.0050 0.0010 0.0080 0.0094 0.0018 0.0301 0.0108 0.0074 0.0041 0.0030 0.0046 0.0164 
      CROC08  3 0.0011 0.0013 0.0065 0.0018 0.0024 0.0024 0.0084 0.0014 0.0043 0.0157 0.8335 0.0142 0.0025 0.0059 0.0031 0.0144 0.0163 0.0047 0.0122 0.0090 0.0115 0.0133 0.0143 
      CROC09  3 0.0008 0.0017 0.0084 0.0009 0.0011 0.0011 0.0051 0.0015 0.0022 0.0195 0.7990 0.0078 0.0027 0.0044 0.0095 0.0034 0.0046 0.0048 0.0047 0.0114 0.0046 0.0045 0.0962 
      CROC10  3 0.0014 0.0011 0.0007 0.0027 0.0012 0.0012 0.0039 0.0015 0.0040 0.0042 0.9192 0.0021 0.0035 0.0050 0.0036 0.0016 0.0057 0.0055 0.0045 0.0039 0.0039 0.0090 0.0107 
      CROC11  3 0.0008 0.0016 0.0080 0.0010 0.0011 0.0011 0.0050 0.0014 0.0022 0.0196 0.7996 0.0077 0.0026 0.0043 0.0096 0.0033 0.0046 0.0048 0.0047 0.0113 0.0046 0.0044 0.0967 
     CROC110  3 0.0036 0.0038 0.0024 0.0033 0.0020 0.0022 0.0024 0.0034 0.0035 0.0376 0.8215 0.0032 0.0023 0.0133 0.0161 0.0059 0.0091 0.0053 0.0061 0.0100 0.0027 0.0047 0.0355 
     CROC116  3 0.0038 0.0022 0.0016 0.0028 0.0018 0.0021 0.0080 0.0021 0.0436 0.0071 0.6997 0.0049 0.0026 0.0213 0.0046 0.0029 0.0233 0.0083 0.0210 0.0303 0.0156 0.0057 0.0847 
      CROC12  3 0.0024 0.0021 0.0010 0.0015 0.0011 0.0012 0.0027 0.0029 0.0022 0.0055 0.8983 0.0020 0.0015 0.0058 0.0018 0.0030 0.0126 0.0069 0.0161 0.0031 0.0034 0.0044 0.0183 
     CROC123  3 0.0008 0.0009 0.0007 0.0016 0.0009 0.0010 0.0028 0.0013 0.0023 0.0048 0.9026 0.0014 0.0018 0.0080 0.0029 0.0020 0.0068 0.0043 0.0046 0.0066 0.0025 0.0034 0.0360 
      CROC13  3 0.0011 0.0012 0.0009 0.0027 0.0017 0.0019 0.0120 0.0015 0.0020 0.0035 0.8313 0.0031 0.0008 0.0045 0.0032 0.0034 0.0065 0.0040 0.0074 0.0037 0.0045 0.0083 0.0905 
      CROC14  3 0.0011 0.0064 0.0017 0.0011 0.0009 0.0009 0.0035 0.0012 0.0045 0.0169 0.7667 0.0016 0.0008 0.0134 0.0077 0.0034 0.0073 0.0059 0.0061 0.0037 0.0038 0.0691 0.0724 
      CROC15  3 0.0016 0.0017 0.0038 0.0012 0.0019 0.0018 0.0063 0.0215 0.0025 0.0187 0.7840 0.0026 0.0017 0.0082 0.0021 0.0065 0.0061 0.0053 0.0066 0.0850 0.0038 0.0148 0.0122 
      CROC16  3 0.0029 0.0022 0.0020 0.0041 0.0015 0.0014 0.0179 0.0019 0.0046 0.0056 0.8116 0.0031 0.0014 0.0042 0.0032 0.0038 0.0035 0.0049 0.0430 0.0144 0.0061 0.0063 0.0506 
      CROC17  3 0.0010 0.0009 0.0007 0.0007 0.0011 0.0009 0.0029 0.0012 0.0019 0.0038 0.7987 0.0015 0.0011 0.0054 0.0020 0.0020 0.1410 0.0055 0.0059 0.0028 0.0040 0.0041 0.0109 
      CROC18  3 0.0019 0.0011 0.0012 0.0014 0.0017 0.0015 0.0083 0.0079 0.0028 0.0040 0.8611 0.0079 0.0016 0.0114 0.0029 0.0017 0.0061 0.0294 0.0140 0.0041 0.0044 0.0046 0.0191 
      CROC19  3 0.0033 0.0170 0.0014 0.0009 0.0050 0.0021 0.0035 0.0025 0.0044 0.0128 0.8250 0.0084 0.0015 0.0111 0.0060 0.0083 0.0400 0.0177 0.0048 0.0068 0.0034 0.0082 0.0062 
     CROC198  3 0.0019 0.0012 0.0010 0.0014 0.0029 0.0053 0.0030 0.0011 0.0031 0.0041 0.8096 0.0030 0.0011 0.0044 0.0040 0.0027 0.0057 0.0052 0.0051 0.0035 0.0034 0.0079 0.1194 
      CROC20  3 0.0029 0.0021 0.0015 0.0016 0.0024 0.0021 0.0057 0.0027 0.0094 0.0064 0.8560 0.0028 0.0010 0.0050 0.0050 0.0101 0.0050 0.0303 0.0072 0.0073 0.0049 0.0074 0.0212 
     CROC202  3 0.0013 0.0012 0.0009 0.0009 0.0025 0.0028 0.0252 0.0020 0.0036 0.0040 0.8235 0.0093 0.0011 0.0069 0.0025 0.0025 0.0068 0.0074 0.0051 0.0055 0.0229 0.0093 0.0527 
      CROC21  3 0.0018 0.0012 0.0014 0.0025 0.0014 0.0018 0.0043 0.0038 0.0020 0.0138 0.8925 0.0045 0.0016 0.0145 0.0053 0.0018 0.0086 0.0063 0.0055 0.0039 0.0049 0.0065 0.0101 
     CROC216  3 0.0021 0.0022 0.0018 0.0016 0.0017 0.0016 0.0060 0.0085 0.0038 0.0074 0.8565 0.0035 0.0029 0.0184 0.0104 0.0024 0.0118 0.0064 0.0148 0.0191 0.0028 0.0062 0.0080 
      CROC22  3 0.0021 0.0013 0.0009 0.0053 0.0012 0.0437 0.0050 0.0021 0.0019 0.0195 0.7371 0.0038 0.0035 0.0084 0.0206 0.0017 0.0113 0.0078 0.0169 0.0044 0.0043 0.0067 0.0904 
      CROC23  3 0.0012 0.0011 0.0011 0.0025 0.0014 0.0015 0.0034 0.0016 0.0026 0.0043 0.8685 0.0019 0.0030 0.0186 0.0059 0.0021 0.0155 0.0055 0.0052 0.0035 0.0384 0.0049 0.0063 
      CROC24  3 0.0013 0.0016 0.0016 0.0011 0.0012 0.0014 0.0096 0.0016 0.0019 0.0060 0.8055 0.0035 0.0010 0.0063 0.0093 0.0032 0.0108 0.0049 0.0116 0.0050 0.0034 0.0053 0.1028 
      CROC25  3 0.0010 0.0014 0.0012 0.0011 0.0015 0.0014 0.0025 0.0019 0.0030 0.0033 0.9003 0.0021 0.0024 0.0067 0.0052 0.0023 0.0072 0.0071 0.0085 0.0053 0.0025 0.0067 0.0256 
     CROC259  3 0.0013 0.0054 0.0010 0.0024 0.0020 0.0014 0.0047 0.0014 0.0035 0.0046 0.7793 0.0023 0.0010 0.0308 0.0059 0.0032 0.0563 0.0049 0.0229 0.0043 0.0031 0.0437 0.0144 
      CROC26  3 0.0016 0.0012 0.0016 0.0010 0.0035 0.0045 0.0040 0.0021 0.0034 0.0037 0.8062 0.0030 0.0015 0.0253 0.0035 0.0035 0.0821 0.0046 0.0066 0.0062 0.0065 0.0095 0.0149 
      CROC27  3 0.0042 0.0017 0.0037 0.0012 0.0022 0.0068 0.0037 0.0016 0.0052 0.0083 0.7328 0.0024 0.0015 0.0233 0.0640 0.0097 0.0244 0.0094 0.0148 0.0117 0.0040 0.0063 0.0574 
      CROC28  3 0.0015 0.0020 0.0012 0.0009 0.0012 0.0012 0.0026 0.0012 0.0031 0.0045 0.7747 0.0021 0.0011 0.0494 0.0145 0.0025 0.0145 0.0035 0.0056 0.0063 0.0026 0.0067 0.0971 
      CROC29  3 0.0032 0.0019 0.0028 0.0013 0.0014 0.0027 0.0035 0.0015 0.0026 0.0114 0.8694 0.0025 0.0015 0.0083 0.0096 0.0040 0.0074 0.0075 0.0054 0.0141 0.0041 0.0051 0.0288 
      CROC30  3 0.0030 0.0170 0.0018 0.0013 0.0016 0.0015 0.0047 0.0223 0.0088 0.0066 0.7807 0.0028 0.0015 0.0107 0.0027 0.0075 0.0102 0.0150 0.0650 0.0088 0.0036 0.0069 0.0162 
      CROC31  3 0.0050 0.0016 0.0018 0.0049 0.0013 0.0013 0.0036 0.0014 0.0386 0.0070 0.7922 0.0028 0.0021 0.0264 0.0159 0.0020 0.0278 0.0067 0.0105 0.0077 0.0087 0.0065 0.0244 
      CROC32  3 0.0012 0.0019 0.0008 0.0014 0.0014 0.0019 0.0025 0.0018 0.0029 0.0046 0.8132 0.0028 0.0008 0.0062 0.0032 0.0015 0.0077 0.0058 0.0077 0.0029 0.0022 0.0073 0.1182 
      CROC33  3 0.0014 0.0131 0.0070 0.0008 0.0022 0.0013 0.0043 0.0012 0.0044 0.0070 0.8441 0.0041 0.0013 0.0159 0.0147 0.0348 0.0068 0.0083 0.0056 0.0090 0.0022 0.0033 0.0072 
      CROC34  3 0.0015 0.0019 0.0018 0.0009 0.0026 0.0025 0.0035 0.0045 0.0052 0.0036 0.8990 0.0022 0.0012 0.0089 0.0029 0.0031 0.0069 0.0086 0.0131 0.0046 0.0042 0.0095 0.0079 
      CROC35  3 0.0008 0.0021 0.0007 0.0006 0.0008 0.0008 0.0023 0.0011 0.0034 0.0139 0.8509 0.0014 0.0014 0.0223 0.0254 0.0163 0.0132 0.0036 0.0165 0.0025 0.0058 0.0051 0.0089 
      CROC36  3 0.0009 0.0013 0.0008 0.0018 0.0010 0.0009 0.0031 0.0013 0.0018 0.0034 0.9207 0.0023 0.0022 0.0039 0.0020 0.0015 0.0043 0.0037 0.0055 0.0046 0.0037 0.0058 0.0234 
      CROC57  3 0.0012 0.0014 0.0014 0.0012 0.0015 0.0013 0.0030 0.0017 0.0036 0.0044 0.9138 0.0041 0.0009 0.0042 0.0040 0.0026 0.0048 0.0055 0.0044 0.0051 0.0032 0.0153 0.0112 
      CROC81  3 0.0030 0.0017 0.0048 0.0017 0.0013 0.0014 0.0445 0.0071 0.0029 0.0045 0.8050 0.0081 0.0017 0.0051 0.0040 0.0031 0.0063 0.0128 0.0088 0.0064 0.0043 0.0072 0.0544 
      CROC84  3 0.0008 0.0007 0.0007 0.0008 0.0008 0.0053 0.0069 0.0010 0.0048 0.0029 0.9196 0.0017 0.0008 0.0054 0.0047 0.0017 0.0065 0.0031 0.0034 0.0071 0.0025 0.0041 0.0147 
        FW01  3 0.0008 0.0008 0.0008 0.0008 0.0011 0.0013 0.0026 0.0014 0.0020 0.0032 0.0151 0.0018 0.0008 0.0031 0.0020 0.0020 0.0034 0.0043 0.0041 0.0029 0.0022 0.0042 0.9396 
        FW02  3 0.0009 0.0009 0.0007 0.0008 0.0010 0.0011 0.0018 0.0013 0.0018 0.0030 0.9466 0.0016 0.0013 0.0032 0.0039 0.0015 0.0041 0.0041 0.0039 0.0028 0.0022 0.0043 0.0071 
        FW03  3 0.0007 0.0007 0.0007 0.0006 0.0009 0.0010 0.0021 0.0011 0.0017 0.0026 0.0135 0.0014 0.0008 0.0029 0.0017 0.0014 0.0032 0.0036 0.0034 0.0029 0.0022 0.0036 0.9471 
        FW04  3 0.0008 0.0009 0.0007 0.0008 0.0010 0.0011 0.0018 0.0013 0.0019 0.0030 0.9468 0.0016 0.0013 0.0032 0.0039 0.0015 0.0040 0.0040 0.0039 0.0028 0.0022 0.0044 0.0071 
        FW05  3 0.0008 0.0008 0.0007 0.0008 0.0011 0.0011 0.0018 0.0013 0.0018 0.0030 0.9468 0.0016 0.0013 0.0032 0.0040 0.0015 0.0040 0.0041 0.0039 0.0028 0.0023 0.0044 0.0071 
        FW06  3 0.0008 0.0009 0.0007 0.0008 0.0011 0.0011 0.0018 0.0013 0.0019 0.0029 0.9465 0.0016 0.0013 0.0033 0.0041 0.0015 0.0039 0.0040 0.0039 0.0028 0.0023 0.0043 0.0072 
        FW07  3 0.0007 0.0007 0.0007 0.0007 0.0009 0.0010 0.0021 0.0011 0.0017 0.0027 0.0136 0.0014 0.0008 0.0029 0.0017 0.0014 0.0032 0.0036 0.0034 0.0029 0.0022 0.0036 0.9470 
        FW08  3 0.0008 0.0009 0.0007 0.0008 0.0010 0.0011 0.0018 0.0013 0.0019 0.0030 0.9466 0.0016 0.0013 0.0032 0.0041 0.0015 0.0040 0.0040 0.0040 0.0028 0.0023 0.0044 0.0071 
        FW09  3 0.0008 0.0009 0.0007 0.0008 0.0010 0.0011 0.0018 0.0013 0.0019 0.0030 0.9463 0.0017 0.0013 0.0031 0.0041 0.0015 0.0040 0.0040 0.0039 0.0028 0.0022 0.0044 0.0072 
        FW10  3 0.0007 0.0007 0.0007 0.0007 0.0009 0.0010 0.0021 0.0012 0.0017 0.0027 0.0135 0.0014 0.0008 0.0029 0.0017 0.0014 0.0032 0.0035 0.0034 0.0030 0.0022 0.0036 0.9470 
       FW100  3 0.0007 0.0007 0.0007 0.0007 0.0009 0.0010 0.0021 0.0011 0.0018 0.0026 0.0151 0.0014 0.0008 0.0030 0.0017 0.0014 0.0032 0.0036 0.0034 0.0028 0.0022 0.0036 0.9453 
       FW101  3 0.0007 0.0007 0.0007 0.0006 0.0009 0.0010 0.0021 0.0011 0.0017 0.0027 0.0135 0.0014 0.0008 0.0029 0.0017 0.0014 0.0033 0.0036 0.0034 0.0030 0.0022 0.0036 0.9468 
       FW102  3 0.0009 0.0009 0.0007 0.0008 0.0010 0.0011 0.0018 0.0013 0.0018 0.0030 0.9467 0.0016 0.0013 0.0032 0.0039 0.0015 0.0041 0.0040 0.0039 0.0028 0.0022 0.0043 0.0071 
       FW103  3 0.0008 0.0009 0.0007 0.0008 0.0010 0.0011 0.0018 0.0013 0.0019 0.0030 0.9465 0.0017 0.0013 0.0031 0.0040 0.0015 0.0040 0.0040 0.0039 0.0028 0.0022 0.0044 0.0073 
       FW104  3 0.0008 0.0008 0.0008 0.0008 0.0011 0.0012 0.0026 0.0014 0.0020 0.0034 0.0149 0.0019 0.0008 0.0031 0.0020 0.0020 0.0034 0.0044 0.0041 0.0029 0.0022 0.0042 0.9394 
       FW105  3 0.0007 0.0007 0.0007 0.0007 0.0009 0.0010 0.0021 0.0011 0.0017 0.0027 0.0135 0.0014 0.0008 0.0029 0.0017 0.0014 0.0033 0.0035 0.0034 0.0029 0.0022 0.0036 0.9469 
       FW106  3 0.0021 0.0014 0.0013 0.0019 0.0025 0.0023 0.0048 0.0023 0.0044 0.0063 0.6957 0.0023 0.0026 0.0120 0.0346 0.0680 0.0082 0.0824 0.0064 0.0212 0.0062 0.0052 0.0259 
       FW107  3 0.0008 0.0008 0.0008 0.0007 0.0011 0.0013 0.0025 0.0013 0.0020 0.0033 0.0150 0.0018 0.0008 0.0031 0.0020 0.0020 0.0034 0.0042 0.0040 0.0029 0.0022 0.0042 0.9396 
       FW108  3 0.0009 0.0009 0.0007 0.0008 0.0010 0.0011 0.0018 0.0013 0.0019 0.0030 0.9465 0.0016 0.0013 0.0032 0.0040 0.0015 0.0039 0.0040 0.0039 0.0028 0.0023 0.0044 0.0072 
       FW109  3 0.0007 0.0007 0.0007 0.0007 0.0009 0.0011 0.0021 0.0011 0.0017 0.0027 0.0136 0.0014 0.0008 0.0029 0.0017 0.0014 0.0032 0.0036 0.0034 0.0030 0.0022 0.0036 0.9468 
        FW11  3 0.0007 0.0007 0.0007 0.0007 0.0009 0.0010 0.0021 0.0011 0.0018 0.0027 0.0150 0.0014 0.0008 0.0030 0.0017 0.0014 0.0032 0.0035 0.0034 0.0029 0.0022 0.0036 0.9456 
       FW110  3 0.0007 0.0007 0.0007 0.0006 0.0009 0.0011 0.0021 0.0012 0.0017 0.0026 0.0136 0.0014 0.0008 0.0029 0.0016 0.0014 0.0032 0.0036 0.0033 0.0029 0.0022 0.0036 0.9470 
       FW111  3 0.0009 0.0009 0.0007 0.0008 0.0010 0.0012 0.0018 0.0013 0.0018 0.0030 0.9464 0.0016 0.0013 0.0031 0.0041 0.0015 0.0040 0.0040 0.0039 0.0028 0.0023 0.0044 0.0071 
       FW112  3 0.0007 0.0007 0.0007 0.0007 0.0009 0.0011 0.0021 0.0011 0.0018 0.0027 0.0150 0.0013 0.0008 0.0030 0.0017 0.0014 0.0033 0.0036 0.0034 0.0029 0.0022 0.0036 0.9454 
       FW113  3 0.0009 0.0009 0.0007 0.0008 0.0010 0.0011 0.0018 0.0013 0.0018 0.0030 0.9465 0.0016 0.0013 0.0032 0.0040 0.0015 0.0041 0.0040 0.0039 0.0028 0.0022 0.0044 0.0071 
       FW114  3 0.0010 0.0011 0.0007 0.0007 0.0009 0.0011 0.0022 0.0012 0.0021 0.0033 0.0150 0.0017 0.0009 0.0060 0.0019 0.0017 0.0056 0.0037 0.0040 0.0032 0.0023 0.0036 0.9360 
       FW115  3 0.0007 0.0007 0.0007 0.0007 0.0009 0.0010 0.0021 0.0011 0.0017 0.0026 0.0137 0.0014 0.0008 0.0029 0.0017 0.0014 0.0032 0.0035 0.0034 0.0030 0.0022 0.0036 0.9468 
       FW116  3 0.0008 0.0009 0.0007 0.0008 0.0010 0.0011 0.0018 0.0013 0.0018 0.0030 0.9468 0.0016 0.0013 0.0032 0.0038 0.0015 0.0041 0.0040 0.0039 0.0028 0.0022 0.0044 0.0072 
        FW12  3 0.0009 0.0009 0.0007 0.0008 0.0011 0.0012 0.0018 0.0013 0.0019 0.0030 0.9464 0.0016 0.0013 0.0032 0.0041 0.0015 0.0041 0.0040 0.0039 0.0028 0.0023 0.0044 0.0071 
        FW13  3 0.0009 0.0009 0.0007 0.0008 0.0010 0.0011 0.0018 0.0013 0.0019 0.0030 0.9469 0.0016 0.0012 0.0033 0.0039 0.0015 0.0039 0.0041 0.0039 0.0027 0.0022 0.0043 0.0071 
        FW14  3 0.0008 0.0007 0.0008 0.0008 0.0011 0.0012 0.0026 0.0014 0.0020 0.0033 0.0151 0.0019 0.0008 0.0031 0.0019 0.0020 0.0033 0.0042 0.0041 0.0029 0.0022 0.0043 0.9395 
        FW15  3 0.0008 0.0008 0.0008 0.0008 0.0011 0.0012 0.0026 0.0014 0.0020 0.0033 0.0150 0.0018 0.0008 0.0031 0.0020 0.0020 0.0034 0.0043 0.0041 0.0030 0.0022 0.0042 0.9395 
        FW16  3 0.0007 0.0007 0.0007 0.0007 0.0009 0.0011 0.0021 0.0011 0.0017 0.0027 0.0135 0.0014 0.0008 0.0030 0.0017 0.0014 0.0032 0.0035 0.0034 0.0030 0.0022 0.0036 0.9468 
        FW17  3 0.0007 0.0007 0.0007 0.0007 0.0009 0.0010 0.0021 0.0011 0.0018 0.0026 0.0135 0.0014 0.0008 0.0029 0.0017 0.0014 0.0032 0.0036 0.0034 0.0030 0.0022 0.0036 0.9468 
        FW18  3 0.0007 0.0007 0.0007 0.0007 0.0009 0.0011 0.0021 0.0011 0.0018 0.0027 0.0149 0.0014 0.0008 0.0030 0.0017 0.0015 0.0032 0.0036 0.0034 0.0029 0.0022 0.0036 0.9455 
        FW19  3 0.0009 0.0009 0.0007 0.0008 0.0011 0.0011 0.0018 0.0013 0.0019 0.0031 0.9466 0.0016 0.0013 0.0031 0.0040 0.0015 0.0041 0.0040 0.0040 0.0028 0.0023 0.0044 0.0070 
        FW20  3 0.0009 0.0008 0.0007 0.0008 0.0010 0.0011 0.0018 0.0013 0.0019 0.0030 0.9467 0.0016 0.0013 0.0031 0.0041 0.0015 0.0040 0.0041 0.0039 0.0028 0.0023 0.0043 0.0072 
        FW21  3 0.0009 0.0008 0.0007 0.0008 0.0010 0.0011 0.0018 0.0013 0.0019 0.0030 0.9466 0.0016 0.0013 0.0032 0.0040 0.0015 0.0040 0.0040 0.0040 0.0028 0.0023 0.0044 0.0071 
        FW22  3 0.0007 0.0007 0.0007 0.0007 0.0009 0.0011 0.0021 0.0011 0.0018 0.0027 0.0149 0.0014 0.0008 0.0030 0.0017 0.0014 0.0032 0.0035 0.0034 0.0028 0.0022 0.0035 0.9456 
        FW23  3 0.0009 0.0009 0.0007 0.0008 0.0010 0.0011 0.0018 0.0013 0.0019 0.0029 0.9467 0.0016 0.0013 0.0031 0.0040 0.0015 0.0040 0.0040 0.0039 0.0027 0.0023 0.0043 0.0072 
        FW24  3 0.0008 0.0009 0.0007 0.0008 0.0010 0.0011 0.0018 0.0013 0.0018 0.0030 0.9465 0.0016 0.0013 0.0032 0.0040 0.0015 0.0041 0.0041 0.0039 0.0028 0.0023 0.0043 0.0071 
        FW25  3 0.0009 0.0008 0.0007 0.0008 0.0011 0.0011 0.0018 0.0013 0.0018 0.0030 0.9469 0.0016 0.0013 0.0031 0.0040 0.0015 0.0040 0.0041 0.0039 0.0027 0.0022 0.0043 0.0070 
        FW26  3 0.0008 0.0009 0.0007 0.0008 0.0010 0.0011 0.0018 0.0013 0.0019 0.0030 0.9467 0.0016 0.0013 0.0031 0.0040 0.0015 0.0040 0.0040 0.0039 0.0027 0.0022 0.0044 0.0072 
        FW27  3 0.0007 0.0007 0.0007 0.0007 0.0009 0.0010 0.0021 0.0011 0.0018 0.0027 0.0137 0.0014 0.0008 0.0030 0.0017 0.0014 0.0032 0.0035 0.0034 0.0030 0.0022 0.0036 0.9467 
        FW28  3 0.0009 0.0009 0.0007 0.0008 0.0010 0.0011 0.0018 0.0013 0.0019 0.0030 0.9465 0.0016 0.0013 0.0033 0.0040 0.0015 0.0040 0.0040 0.0039 0.0028 0.0022 0.0044 0.0071 
        FW29  3 0.0009 0.0009 0.0007 0.0008 0.0011 0.0011 0.0018 0.0013 0.0019 0.0030 0.9463 0.0016 0.0013 0.0032 0.0040 0.0015 0.0041 0.0040 0.0039 0.0028 0.0023 0.0044 0.0072 
        FW30  3 0.0020 0.0014 0.0013 0.0020 0.0025 0.0023 0.0049 0.0023 0.0045 0.0063 0.6965 0.0023 0.0025 0.0115 0.0352 0.0677 0.0083 0.0824 0.0064 0.0207 0.0064 0.0052 0.0256 
        FW32  3 0.0008 0.0008 0.0008 0.0008 0.0011 0.0013 0.0026 0.0014 0.0020 0.0033 0.0151 0.0019 0.0008 0.0031 0.0020 0.0020 0.0033 0.0043 0.0040 0.0029 0.0022 0.0042 0.9393 
        FW33  3 0.0009 0.0009 0.0007 0.0009 0.0011 0.0011 0.0018 0.0013 0.0018 0.0029 0.9462 0.0017 0.0016 0.0031 0.0040 0.0015 0.0041 0.0040 0.0039 0.0028 0.0023 0.0044 0.0070 
        FW34  3 0.0009 0.0009 0.0007 0.0008 0.0011 0.0011 0.0018 0.0013 0.0018 0.0030 0.9463 0.0016 0.0013 0.0032 0.0042 0.0015 0.0040 0.0040 0.0039 0.0028 0.0023 0.0044 0.0072 
        FW35  3 0.0009 0.0009 0.0007 0.0008 0.0011 0.0011 0.0018 0.0013 0.0019 0.0030 0.9466 0.0017 0.0013 0.0032 0.0040 0.0015 0.0040 0.0040 0.0039 0.0027 0.0023 0.0044 0.0071 
        FW36  3 0.0008 0.0009 0.0007 0.0008 0.0010 0.0011 0.0018 0.0013 0.0019 0.0030 0.9467 0.0016 0.0012 0.0032 0.0041 0.0015 0.0040 0.0040 0.0038 0.0028 0.0022 0.0044 0.0070 
        FW37  3 0.0007 0.0007 0.0007 0.0007 0.0009 0.0010 0.0021 0.0011 0.0018 0.0027 0.0135 0.0014 0.0008 0.0029 0.0017 0.0014 0.0033 0.0036 0.0034 0.0030 0.0022 0.0036 0.9468 
        FW51  3 0.0008 0.0009 0.0007 0.0008 0.0010 0.0011 0.0018 0.0013 0.0018 0.0030 0.9467 0.0016 0.0013 0.0032 0.0040 0.0015 0.0040 0.0040 0.0038 0.0027 0.0022 0.0044 0.0072 
        FW52  3 0.0007 0.0007 0.0007 0.0007 0.0009 0.0010 0.0021 0.0011 0.0017 0.0026 0.0135 0.0014 0.0008 0.0029 0.0017 0.0014 0.0033 0.0036 0.0034 0.0030 0.0022 0.0036 0.9469 
        FW53  3 0.0008 0.0009 0.0007 0.0008 0.0010 0.0011 0.0018 0.0013 0.0019 0.0030 0.9466 0.0016 0.0013 0.0032 0.0041 0.0015 0.0041 0.0040 0.0039 0.0028 0.0022 0.0044 0.0071 
        FW54  3 0.0007 0.0007 0.0007 0.0006 0.0009 0.0010 0.0021 0.0011 0.0017 0.0026 0.0136 0.0013 0.0008 0.0029 0.0017 0.0014 0.0032 0.0036 0.0034 0.0030 0.0022 0.0036 0.9469 
        FW55  3 0.0009 0.0008 0.0007 0.0008 0.0010 0.0011 0.0018 0.0013 0.0019 0.0030 0.9466 0.0016 0.0013 0.0032 0.0039 0.0015 0.0041 0.0040 0.0039 0.0028 0.0023 0.0044 0.0070 
        FW56  3 0.0009 0.0009 0.0007 0.0008 0.0010 0.0011 0.0018 0.0013 0.0019 0.0030 0.9466 0.0017 0.0012 0.0032 0.0040 0.0015 0.0040 0.0040 0.0039 0.0028 0.0022 0.0044 0.0073 
        FW57  3 0.0008 0.0009 0.0007 0.0008 0.0010 0.0011 0.0018 0.0013 0.0019 0.0030 0.9467 0.0016 0.0013 0.0032 0.0041 0.0015 0.0041 0.0040 0.0039 0.0028 0.0022 0.0044 0.0071 
        FW78  3 0.0009 0.0009 0.0007 0.0008 0.0010 0.0011 0.0018 0.0013 0.0018 0.0030 0.9469 0.0016 0.0013 0.0032 0.0039 0.0015 0.0040 0.0040 0.0039 0.0028 0.0022 0.0044 0.0071 
        FW79  3 0.0008 0.0009 0.0007 0.0008 0.0010 0.0011 0.0018 0.0013 0.0019 0.0030 0.9469 0.0016 0.0013 0.0032 0.0040 0.0015 0.0039 0.0040 0.0039 0.0028 0.0022 0.0043 0.0071 
        FW80  3 0.0009 0.0009 0.0007 0.0008 0.0010 0.0011 0.0018 0.0013 0.0019 0.0030 0.9467 0.0016 0.0012 0.0032 0.0041 0.0015 0.0040 0.0040 0.0039 0.0028 0.0022 0.0044 0.0071 
        FW81  3 0.0007 0.0008 0.0007 0.0007 0.0009 0.0011 0.0021 0.0011 0.0017 0.0026 0.0136 0.0014 0.0008 0.0029 0.0017 0.0014 0.0032 0.0035 0.0034 0.0029 0.0022 0.0035 0.9469 
        FW82  3 0.0007 0.0007 0.0007 0.0007 0.0009 0.0011 0.0021 0.0011 0.0017 0.0027 0.0135 0.0014 0.0008 0.0030 0.0017 0.0014 0.0032 0.0036 0.0034 0.0030 0.0022 0.0036 0.9469 
        FW83  3 0.0008 0.0008 0.0008 0.0007 0.0011 0.0013 0.0026 0.0014 0.0020 0.0033 0.0151 0.0019 0.0008 0.0031 0.0019 0.0019 0.0034 0.0043 0.0041 0.0030 0.0022 0.0042 0.9394 
        FW84  3 0.0009 0.0009 0.0007 0.0008 0.0010 0.0011 0.0018 0.0013 0.0019 0.0030 0.9468 0.0016 0.0013 0.0032 0.0039 0.0015 0.0041 0.0040 0.0039 0.0028 0.0022 0.0044 0.0071 
        FW85  3 0.0011 0.0023 0.0007 0.0007 0.0009 0.0011 0.0056 0.0011 0.0017 0.0048 0.0138 0.0016 0.0008 0.0075 0.0030 0.0015 0.0033 0.0036 0.0034 0.0284 0.0022 0.0036 0.9073 
        FW86  3 0.0007 0.0007 0.0007 0.0007 0.0009 0.0010 0.0021 0.0011 0.0018 0.0027 0.0150 0.0014 0.0008 0.0030 0.0018 0.0014 0.0033 0.0036 0.0034 0.0029 0.0022 0.0035 0.9453 
        FW87  3 0.0007 0.0007 0.0007 0.0007 0.0009 0.0011 0.0021 0.0011 0.0018 0.0026 0.0150 0.0014 0.0008 0.0029 0.0017 0.0014 0.0032 0.0035 0.0034 0.0029 0.0022 0.0036 0.9455 
        FW88  3 0.0008 0.0009 0.0007 0.0008 0.0011 0.0011 0.0018 0.0013 0.0019 0.0030 0.9467 0.0016 0.0013 0.0031 0.0040 0.0015 0.0040 0.0040 0.0039 0.0028 0.0022 0.0044 0.0072 
        FW89  3 0.0008 0.0009 0.0007 0.0008 0.0010 0.0011 0.0018 0.0013 0.0019 0.0030 0.9468 0.0016 0.0013 0.0032 0.0039 0.0015 0.0041 0.0040 0.0039 0.0028 0.0022 0.0044 0.0071 
        FW90  3 0.0009 0.0009 0.0007 0.0008 0.0010 0.0011 0.0018 0.0013 0.0018 0.0030 0.9466 0.0016 0.0012 0.0032 0.0041 0.0015 0.0040 0.0040 0.0039 0.0028 0.0022 0.0043 0.0071 
        FW91  3 0.0007 0.0007 0.0007 0.0007 0.0009 0.0010 0.0021 0.0011 0.0017 0.0027 0.0137 0.0013 0.0008 0.0029 0.0017 0.0014 0.0032 0.0036 0.0034 0.0030 0.0022 0.0035 0.9468 
        FW92  3 0.0008 0.0009 0.0007 0.0008 0.0010 0.0011 0.0018 0.0013 0.0019 0.0030 0.9466 0.0016 0.0013 0.0032 0.0040 0.0016 0.0041 0.0040 0.0039 0.0028 0.0022 0.0044 0.0071 
