        TC01  1 0.0014 0.0007 0.0045 0.0010 0.0060 0.0052 0.0052 0.8821 0.0065 0.0063 0.0102 0.0045 0.0040 0.0056 0.0016 0.0222 0.0292 0.0038 
        TC02  1 0.0019 0.0011 0.0027 0.0015 0.0021 0.0088 0.0060 0.9144 0.0040 0.0048 0.0086 0.0041 0.0106 0.0074 0.0025 0.0084 0.0099 0.0013 
        TC03  1 0.0017 0.0011 0.0015 0.0010 0.0031 0.0021 0.0028 0.9265 0.0089 0.0048 0.0063 0.0029 0.0090 0.0109 0.0016 0.0089 0.0049 0.0022 
        TC04  1 0.0314 0.0010 0.0017 0.0036 0.0094 0.0152 0.0184 0.7641 0.0048 0.0030 0.0323 0.0107 0.0062 0.0773 0.0061 0.0066 0.0064 0.0018 
        TC05  1 0.0200 0.0011 0.0012 0.0008 0.0013 0.0026 0.0026 0.9257 0.0036 0.0020 0.0067 0.0038 0.0068 0.0104 0.0021 0.0039 0.0032 0.0023 
        TC06  1 0.0017 0.0008 0.0014 0.0023 0.0023 0.0032 0.0107 0.7998 0.0030 0.0068 0.0035 0.0036 0.0099 0.1319 0.0063 0.0056 0.0040 0.0033 
        TC07  1 0.0036 0.0012 0.0013 0.0005 0.0015 0.0024 0.0042 0.9064 0.0048 0.0025 0.0144 0.0108 0.0040 0.0127 0.0022 0.0037 0.0182 0.0056 
        TC08  1 0.0027 0.0024 0.0018 0.0036 0.0011 0.0025 0.0034 0.9392 0.0025 0.0020 0.0047 0.0038 0.0049 0.0093 0.0024 0.0058 0.0047 0.0032 
        TC09  1 0.0019 0.0008 0.0015 0.0676 0.0016 0.0041 0.0052 0.7908 0.0034 0.0583 0.0036 0.0040 0.0057 0.0396 0.0015 0.0032 0.0037 0.0036 
        TC10  1 0.0011 0.0007 0.0008 0.0007 0.0013 0.0015 0.0022 0.8452 0.0121 0.0592 0.0131 0.0023 0.0046 0.0108 0.0037 0.0208 0.0182 0.0018 
        TC11  1 0.0011 0.0010 0.0008 0.0009 0.0017 0.0013 0.0029 0.9498 0.0026 0.0034 0.0036 0.0024 0.0027 0.0045 0.0019 0.0067 0.0114 0.0013 
        TC12  1 0.0024 0.0012 0.0163 0.0010 0.0066 0.0050 0.0119 0.8541 0.0152 0.0031 0.0119 0.0070 0.0051 0.0245 0.0050 0.0167 0.0105 0.0025 
        TC13  1 0.0012 0.0009 0.0012 0.0022 0.0012 0.0017 0.0020 0.9404 0.0021 0.0107 0.0043 0.0027 0.0042 0.0106 0.0023 0.0061 0.0040 0.0023 
        TC14  1 0.0026 0.0031 0.0023 0.0015 0.0042 0.0090 0.0030 0.7775 0.0051 0.0411 0.0050 0.0027 0.0173 0.1015 0.0028 0.0097 0.0073 0.0043 
        TC15  1 0.0029 0.0012 0.0023 0.0059 0.0025 0.0040 0.0045 0.8113 0.0032 0.0248 0.0078 0.0026 0.0148 0.0924 0.0038 0.0087 0.0031 0.0040 
        TC16  1 0.0018 0.0056 0.0023 0.0534 0.0029 0.0107 0.0075 0.7450 0.0031 0.0625 0.0300 0.0101 0.0073 0.0421 0.0035 0.0056 0.0043 0.0021 
        TC17  1 0.0059 0.0034 0.0057 0.0014 0.0040 0.0350 0.0550 0.7116 0.0066 0.0754 0.0121 0.0134 0.0081 0.0315 0.0034 0.0117 0.0100 0.0056 
        TC18  1 0.0204 0.0020 0.0022 0.0014 0.0194 0.0015 0.0041 0.8607 0.0124 0.0068 0.0046 0.0086 0.0042 0.0151 0.0041 0.0225 0.0087 0.0013 
        TC19  1 0.0010 0.0009 0.0010 0.0054 0.0012 0.0026 0.0021 0.9164 0.0025 0.0332 0.0034 0.0041 0.0038 0.0063 0.0041 0.0064 0.0045 0.0011 
        TC20  1 0.0031 0.0013 0.0014 0.0026 0.0053 0.0031 0.0021 0.9266 0.0024 0.0126 0.0054 0.0023 0.0041 0.0098 0.0026 0.0094 0.0042 0.0018 
        TC21  1 0.0060 0.0136 0.0705 0.0026 0.0172 0.0017 0.0575 0.7408 0.0027 0.0027 0.0119 0.0186 0.0047 0.0157 0.0093 0.0071 0.0162 0.0012 
        TC22  1 0.0016 0.0009 0.0045 0.0027 0.0014 0.0016 0.0024 0.8669 0.0029 0.0019 0.0079 0.0028 0.0207 0.0156 0.0319 0.0261 0.0064 0.0019 
        TC23  1 0.0012 0.0012 0.0009 0.0009 0.0020 0.0029 0.0020 0.9266 0.0048 0.0043 0.0112 0.0028 0.0079 0.0109 0.0015 0.0059 0.0113 0.0019 
        TC24  1 0.0014 0.0021 0.0007 0.0011 0.0009 0.0014 0.0019 0.9576 0.0029 0.0072 0.0029 0.0024 0.0027 0.0061 0.0014 0.0034 0.0026 0.0011 
        TC25  1 0.0014 0.0018 0.0024 0.0018 0.0143 0.0011 0.0064 0.6974 0.0065 0.0222 0.0099 0.0032 0.0106 0.1666 0.0048 0.0050 0.0430 0.0015 
        TC26  1 0.0013 0.0011 0.0014 0.0011 0.0012 0.0018 0.0061 0.8717 0.0033 0.0578 0.0075 0.0029 0.0094 0.0222 0.0016 0.0039 0.0032 0.0026 
        TC27  1 0.0031 0.0025 0.0017 0.0009 0.0018 0.0016 0.0127 0.8351 0.0033 0.0039 0.0051 0.0118 0.0049 0.0369 0.0017 0.0666 0.0038 0.0026 
        TC28  1 0.0027 0.0018 0.0016 0.0007 0.0025 0.0028 0.0090 0.8723 0.0040 0.0077 0.0135 0.0039 0.0046 0.0525 0.0069 0.0055 0.0064 0.0016 
        TC29  1 0.0238 0.0015 0.0021 0.0008 0.0048 0.0091 0.0026 0.8283 0.0107 0.0079 0.0056 0.0047 0.0050 0.0755 0.0017 0.0036 0.0100 0.0024 
        TC30  1 0.0012 0.0009 0.0015 0.0034 0.0014 0.0053 0.0054 0.9291 0.0049 0.0080 0.0030 0.0037 0.0043 0.0118 0.0038 0.0063 0.0042 0.0019 
        TC31  1 0.0021 0.0011 0.0020 0.0025 0.0087 0.0018 0.0022 0.8728 0.0121 0.0033 0.0091 0.0051 0.0050 0.0059 0.0164 0.0113 0.0373 0.0013 
        TC32  1 0.0024 0.0010 0.0023 0.0012 0.0019 0.0016 0.0108 0.7249 0.0030 0.0089 0.0079 0.0035 0.0055 0.1683 0.0442 0.0042 0.0058 0.0024 
        TC33  1 0.0023 0.0026 0.0013 0.0009 0.0018 0.0013 0.0025 0.9231 0.0047 0.0045 0.0061 0.0032 0.0053 0.0108 0.0018 0.0067 0.0173 0.0037 
        TC34  1 0.0017 0.0017 0.0014 0.0014 0.0016 0.0016 0.0039 0.8420 0.0068 0.0099 0.0060 0.0030 0.0062 0.0890 0.0021 0.0112 0.0044 0.0061 
        TC35  1 0.0028 0.0009 0.0016 0.0023 0.0051 0.0185 0.0053 0.8654 0.0043 0.0078 0.0052 0.0049 0.0038 0.0127 0.0102 0.0219 0.0250 0.0022 
        TC36  1 0.0026 0.0012 0.0042 0.0016 0.0017 0.0033 0.0128 0.9171 0.0046 0.0062 0.0084 0.0029 0.0048 0.0110 0.0031 0.0079 0.0048 0.0018 
        TC37  1 0.0021 0.0019 0.0018 0.0008 0.0019 0.0058 0.0030 0.9383 0.0039 0.0028 0.0084 0.0025 0.0046 0.0036 0.0052 0.0061 0.0054 0.0020 
        TC38  1 0.0029 0.0009 0.0016 0.0269 0.0203 0.0181 0.0055 0.8113 0.0067 0.0297 0.0072 0.0079 0.0044 0.0396 0.0017 0.0037 0.0105 0.0013 
        TC39  1 0.0016 0.0011 0.0016 0.0013 0.0024 0.0093 0.0040 0.7605 0.0041 0.0807 0.0047 0.0026 0.0080 0.1042 0.0023 0.0041 0.0047 0.0026 
        TC40  1 0.0019 0.0063 0.0018 0.0013 0.0018 0.0024 0.0043 0.8367 0.0114 0.0150 0.0051 0.0037 0.0061 0.0821 0.0052 0.0071 0.0046 0.0031 
        TC41  1 0.0046 0.0018 0.0009 0.0008 0.0016 0.0015 0.0035 0.9084 0.0027 0.0039 0.0127 0.0025 0.0164 0.0065 0.0207 0.0045 0.0042 0.0025 
        TC42  1 0.0021 0.0010 0.0012 0.0011 0.0010 0.0031 0.0025 0.9322 0.0028 0.0041 0.0034 0.0026 0.0057 0.0237 0.0013 0.0079 0.0028 0.0015 
        TC43  1 0.0014 0.0011 0.0012 0.0010 0.0022 0.0049 0.0020 0.9269 0.0033 0.0027 0.0057 0.0033 0.0054 0.0236 0.0032 0.0064 0.0037 0.0019 
        TC44  1 0.0013 0.0012 0.0035 0.0134 0.0017 0.0129 0.0040 0.8623 0.0037 0.0189 0.0103 0.0024 0.0057 0.0255 0.0019 0.0181 0.0108 0.0025 
        TC45  1 0.0016 0.0007 0.0015 0.0007 0.0078 0.0025 0.0032 0.9270 0.0024 0.0177 0.0070 0.0030 0.0094 0.0039 0.0021 0.0036 0.0046 0.0013 
        TC46  1 0.0034 0.0018 0.0023 0.0009 0.0043 0.0017 0.0058 0.9107 0.0037 0.0111 0.0134 0.0045 0.0081 0.0079 0.0041 0.0112 0.0038 0.0013 
        TC47  1 0.0015 0.0012 0.0011 0.0076 0.0017 0.0038 0.0042 0.8958 0.0030 0.0213 0.0091 0.0024 0.0036 0.0145 0.0029 0.0189 0.0055 0.0019 
        TC48  1 0.0032 0.0136 0.0133 0.0008 0.0065 0.0036 0.0087 0.8656 0.0050 0.0120 0.0088 0.0029 0.0138 0.0145 0.0051 0.0151 0.0046 0.0030 
        TC49  1 0.0029 0.0017 0.0089 0.0007 0.0018 0.0015 0.0038 0.9271 0.0022 0.0052 0.0063 0.0031 0.0053 0.0081 0.0050 0.0072 0.0072 0.0021 
        TC50  1 0.0019 0.0012 0.0013 0.0022 0.0030 0.0023 0.0059 0.8919 0.0117 0.0037 0.0037 0.0029 0.0297 0.0063 0.0056 0.0175 0.0056 0.0035 
        TC51  1 0.0017 0.0013 0.0087 0.0061 0.0024 0.0016 0.0037 0.8591 0.0030 0.0040 0.0059 0.0030 0.0066 0.0650 0.0029 0.0077 0.0152 0.0020 
        TC52  1 0.0012 0.0016 0.0016 0.0014 0.0054 0.0013 0.0030 0.8958 0.0118 0.0075 0.0388 0.0033 0.0061 0.0119 0.0014 0.0036 0.0029 0.0014 
        TC53  1 0.0014 0.0008 0.0083 0.0014 0.0011 0.0097 0.0057 0.8920 0.0038 0.0050 0.0033 0.0084 0.0167 0.0197 0.0020 0.0151 0.0026 0.0030 
        TC54  1 0.0034 0.0092 0.0036 0.0014 0.0027 0.0024 0.0162 0.8462 0.0109 0.0095 0.0083 0.0037 0.0133 0.0463 0.0019 0.0116 0.0063 0.0031 
        TC55  1 0.0018 0.0016 0.0019 0.0007 0.0024 0.0019 0.0146 0.8416 0.0084 0.0426 0.0087 0.0038 0.0135 0.0331 0.0095 0.0070 0.0049 0.0019 
        TC56  1 0.0036 0.0072 0.0020 0.0007 0.0110 0.0074 0.0034 0.8721 0.0066 0.0027 0.0044 0.0074 0.0207 0.0219 0.0043 0.0116 0.0104 0.0025 
        TC57  1 0.0041 0.0019 0.0023 0.0014 0.0016 0.0080 0.0138 0.8872 0.0041 0.0153 0.0041 0.0034 0.0084 0.0055 0.0044 0.0264 0.0055 0.0025 
        TC58  1 0.0018 0.0009 0.0012 0.0013 0.0017 0.0021 0.0060 0.8860 0.0027 0.0176 0.0145 0.0020 0.0083 0.0074 0.0020 0.0068 0.0353 0.0025 
        TC59  1 0.0013 0.0009 0.0013 0.0009 0.0010 0.0020 0.0072 0.9401 0.0032 0.0038 0.0042 0.0022 0.0031 0.0134 0.0016 0.0063 0.0051 0.0023 
        TA01  2 0.0016 0.0007 0.0009 0.0054 0.0012 0.0097 0.0093 0.8900 0.0040 0.0210 0.0028 0.0031 0.0089 0.0144 0.0018 0.0074 0.0055 0.0123 
        TA02  2 0.0073 0.0036 0.0012 0.0011 0.0016 0.0143 0.0051 0.9222 0.0068 0.0038 0.0067 0.0030 0.0033 0.0074 0.0027 0.0044 0.0032 0.0025 
        TA03  2 0.0026 0.0016 0.0017 0.0035 0.0017 0.0647 0.0037 0.8330 0.0062 0.0075 0.0058 0.0027 0.0086 0.0090 0.0042 0.0341 0.0055 0.0038 
        TA04  2 0.0018 0.0009 0.0022 0.0859 0.0014 0.2703 0.0045 0.4771 0.0062 0.0039 0.0115 0.0016 0.0070 0.1010 0.0073 0.0108 0.0041 0.0025 
        TA05  2 0.0020 0.0013 0.0014 0.0025 0.0023 0.0035 0.0032 0.9347 0.0043 0.0034 0.0069 0.0070 0.0051 0.0055 0.0024 0.0076 0.0052 0.0018 
        TA06  2 0.0008 0.0009 0.0006 0.0029 0.0012 0.0038 0.0025 0.9170 0.0026 0.0159 0.0061 0.0022 0.0062 0.0215 0.0021 0.0051 0.0064 0.0020 
        TA07  2 0.0027 0.0025 0.0027 0.0014 0.0019 0.3353 0.0346 0.5363 0.0055 0.0045 0.0063 0.0279 0.0109 0.0057 0.0023 0.0069 0.0109 0.0016 
        TA08  2 0.0012 0.0010 0.0013 0.0030 0.0026 0.0167 0.0018 0.8388 0.0034 0.0094 0.0025 0.0014 0.0076 0.0475 0.0017 0.0549 0.0036 0.0016 
        TA09  2 0.0013 0.0009 0.0014 0.0022 0.0010 0.0175 0.0022 0.9236 0.0047 0.0066 0.0070 0.0021 0.0034 0.0132 0.0015 0.0059 0.0034 0.0020 
        TA10  2 0.0061 0.0012 0.0030 0.0016 0.0015 0.0116 0.0057 0.8508 0.0026 0.0103 0.0045 0.0029 0.0086 0.0120 0.0024 0.0071 0.0632 0.0049 
        TA11  2 0.0033 0.0016 0.0031 0.0046 0.0030 0.0047 0.0024 0.6999 0.0031 0.1289 0.0151 0.0024 0.0148 0.0101 0.0065 0.0155 0.0797 0.0013 
        TA12  2 0.1015 0.0013 0.0014 0.0013 0.0013 0.0170 0.0035 0.8100 0.0024 0.0067 0.0044 0.0036 0.0144 0.0061 0.0026 0.0122 0.0085 0.0019 
        TA13  2 0.0167 0.0030 0.0325 0.0158 0.0018 0.0061 0.0043 0.7215 0.0053 0.0029 0.0050 0.0086 0.0615 0.0802 0.0032 0.0080 0.0211 0.0026 
        TA14  2 0.0014 0.0015 0.0010 0.0014 0.0009 0.0230 0.0019 0.9005 0.0096 0.0079 0.0039 0.0030 0.0073 0.0265 0.0021 0.0040 0.0027 0.0015 
        TA15  2 0.0014 0.0012 0.0037 0.0009 0.0010 0.0065 0.0022 0.9157 0.0029 0.0027 0.0034 0.0022 0.0121 0.0307 0.0024 0.0043 0.0046 0.0020 
        TA16  2 0.0211 0.0010 0.0017 0.0099 0.0013 0.0217 0.0066 0.8033 0.0034 0.0130 0.0051 0.0026 0.0059 0.0581 0.0018 0.0074 0.0334 0.0026 
        TA17  2 0.0061 0.0017 0.0014 0.0010 0.0013 0.0020 0.0035 0.8960 0.0052 0.0040 0.0054 0.0032 0.0063 0.0177 0.0036 0.0272 0.0041 0.0103 
        TA18  2 0.0014 0.0012 0.0012 0.0020 0.0011 0.0023 0.0028 0.8343 0.0022 0.0021 0.0085 0.0024 0.0039 0.0076 0.0256 0.0068 0.0230 0.0715 
        TA19  2 0.0018 0.0012 0.0014 0.0211 0.0013 0.0039 0.0035 0.8205 0.0037 0.0051 0.0118 0.0032 0.0052 0.0193 0.0118 0.0714 0.0119 0.0020 
        TA20  2 0.0549 0.0213 0.0010 0.0008 0.0019 0.0037 0.0068 0.8505 0.0032 0.0163 0.0031 0.0045 0.0060 0.0106 0.0025 0.0065 0.0042 0.0021 
        TA21  2 0.0047 0.0022 0.0032 0.0017 0.0021 0.0080 0.0037 0.8530 0.0065 0.0576 0.0056 0.0036 0.0093 0.0177 0.0026 0.0074 0.0062 0.0050 
        TA22  2 0.0017 0.0027 0.0008 0.0008 0.0013 0.0035 0.0040 0.8699 0.0028 0.0031 0.0046 0.0016 0.0414 0.0494 0.0033 0.0041 0.0030 0.0022 
        TA23  2 0.0017 0.0011 0.0010 0.0013 0.0012 0.0102 0.0021 0.8847 0.0027 0.0045 0.0039 0.0015 0.0055 0.0647 0.0023 0.0052 0.0040 0.0025 
        TA24  2 0.0016 0.0008 0.0016 0.0019 0.0014 0.0021 0.0590 0.8685 0.0074 0.0029 0.0052 0.0032 0.0063 0.0101 0.0024 0.0186 0.0039 0.0029 
        TA25  2 0.0070 0.0007 0.0025 0.0016 0.0013 0.0016 0.0057 0.7825 0.0024 0.0042 0.0035 0.0030 0.0094 0.0158 0.0028 0.0079 0.1414 0.0067 
        TA26  2 0.0030 0.0015 0.0016 0.0073 0.0035 0.0191 0.0025 0.8129 0.0031 0.0618 0.0031 0.0023 0.0237 0.0262 0.0025 0.0134 0.0108 0.0017 
        TA27  2 0.0084 0.0012 0.0017 0.0020 0.0010 0.0031 0.0063 0.9165 0.0056 0.0042 0.0043 0.0029 0.0091 0.0094 0.0022 0.0116 0.0051 0.0053 
        TA28  2 0.0045 0.0027 0.0028 0.0027 0.0043 0.0194 0.0073 0.8769 0.0216 0.0095 0.0140 0.0038 0.0036 0.0086 0.0059 0.0053 0.0036 0.0034 
        TA29  2 0.0018 0.0011 0.0013 0.0011 0.0014 0.0021 0.0042 0.8676 0.0028 0.0041 0.0051 0.0028 0.0115 0.0616 0.0031 0.0210 0.0053 0.0021 
        TA30  2 0.0022 0.0051 0.0043 0.0824 0.0021 0.0173 0.0026 0.6415 0.0032 0.1628 0.0086 0.0028 0.0134 0.0204 0.0025 0.0220 0.0052 0.0016 
      BERM01  3 0.0013 0.0007 0.0010 0.0653 0.0009 0.0018 0.0016 0.0021 0.0027 0.0047 0.0028 0.0018 0.0037 0.8993 0.0018 0.0037 0.0034 0.0015 
      BERM02  3 0.0012 0.0008 0.0011 0.0027 0.0011 0.0024 0.0018 0.0035 0.0023 0.0050 0.0034 0.0020 0.0038 0.9586 0.0031 0.0030 0.0029 0.0012 
      BERM03  3 0.0011 0.0009 0.0012 0.0008 0.0011 0.0013 0.0021 0.0019 0.0020 0.0051 0.0036 0.0018 0.0044 0.9616 0.0015 0.0045 0.0037 0.0013 
      BERM04  3 0.0009 0.0007 0.0010 0.0022 0.0012 0.0014 0.0018 0.0016 0.0022 0.0079 0.0029 0.0015 0.0037 0.9585 0.0014 0.0055 0.0042 0.0014 
      BERM05  3 0.0010 0.0009 0.0009 0.0029 0.0015 0.0018 0.0027 0.0016 0.0033 0.0037 0.0038 0.0017 0.0066 0.9546 0.0014 0.0050 0.0044 0.0023 
      BERM06  3 0.0010 0.0007 0.0008 0.0058 0.0013 0.0067 0.0039 0.0027 0.0021 0.0373 0.0087 0.0018 0.0032 0.9125 0.0017 0.0046 0.0027 0.0024 
      BERM07  3 0.0010 0.0009 0.0013 0.0048 0.0012 0.0023 0.0017 0.0031 0.0021 0.0067 0.0043 0.0020 0.0040 0.9489 0.0017 0.0076 0.0055 0.0011 
      BERM08  3 0.0009 0.0006 0.0006 0.0037 0.0013 0.0019 0.0015 0.0022 0.0017 0.0025 0.0023 0.0016 0.0034 0.9666 0.0013 0.0037 0.0030 0.0011 
      BERM09  3 0.0010 0.0009 0.0013 0.0626 0.0008 0.2327 0.0025 0.0062 0.0020 0.0045 0.0078 0.0017 0.0032 0.6614 0.0021 0.0041 0.0036 0.0017 
      BERM10  3 0.0011 0.0008 0.0011 0.0075 0.0017 0.0022 0.0069 0.0047 0.0023 0.0244 0.0062 0.0116 0.0048 0.9058 0.0017 0.0122 0.0036 0.0014 
      BERM11  3 0.0010 0.0008 0.0009 0.0021 0.0014 0.0460 0.0016 0.0029 0.0021 0.0048 0.0028 0.0016 0.0033 0.9176 0.0018 0.0037 0.0041 0.0013 
      BERM12  3 0.0012 0.0008 0.0008 0.0009 0.0137 0.0037 0.0014 0.0041 0.0079 0.0080 0.0042 0.0016 0.0027 0.9134 0.0016 0.0217 0.0048 0.0075 
      BERM13  3 0.0011 0.0008 0.0011 0.0031 0.0009 0.0026 0.0023 0.0023 0.0018 0.0021 0.0290 0.0017 0.0033 0.9346 0.0020 0.0054 0.0044 0.0016 
      BERM14  3 0.0010 0.0006 0.0010 0.0025 0.0010 0.0037 0.0016 0.0034 0.0036 0.0320 0.0033 0.0016 0.0036 0.9294 0.0012 0.0043 0.0046 0.0015 
      CROC01  3 0.0024 0.0059 0.0043 0.0030 0.0015 0.0027 0.0036 0.0026 0.0104 0.0033 0.0092 0.0019 0.0095 0.9128 0.0039 0.0139 0.0064 0.0025 
      CROC02  3 0.0013 0.0011 0.0012 0.0013 0.0021 0.0054 0.0056 0.0024 0.0029 0.0175 0.1067 0.0023 0.0069 0.8292 0.0016 0.0040 0.0052 0.0033 
      CROC03  3 0.0013 0.0011 0.0009 0.0019 0.0033 0.0438 0.0022 0.0028 0.0041 0.0162 0.0046 0.0031 0.0044 0.8953 0.0021 0.0074 0.0043 0.0012 
      CROC04  3 0.0010 0.0008 0.0010 0.0017 0.0009 0.0014 0.0836 0.0221 0.0044 0.0025 0.0058 0.0025 0.0039 0.8568 0.0012 0.0043 0.0037 0.0025 
      CROC05  3 0.0013 0.0009 0.0017 0.0033 0.0012 0.0037 0.0097 0.0022 0.0029 0.0142 0.0042 0.0021 0.0051 0.9324 0.0019 0.0043 0.0071 0.0019 
      CROC06  3 0.0011 0.0026 0.0008 0.0032 0.0018 0.0026 0.0366 0.0071 0.0060 0.0080 0.0158 0.0060 0.0068 0.8669 0.0016 0.0053 0.0233 0.0046 
      CROC07  3 0.0015 0.0012 0.0020 0.0030 0.0013 0.0118 0.0051 0.0054 0.0032 0.0054 0.0109 0.0025 0.0082 0.9105 0.0027 0.0072 0.0047 0.0135 
      CROC08  3 0.0028 0.0100 0.0025 0.0020 0.0027 0.0021 0.0024 0.0027 0.0163 0.0041 0.0032 0.0020 0.0199 0.9066 0.0023 0.0074 0.0090 0.0021 
      CROC09  3 0.0011 0.0019 0.0008 0.0737 0.0018 0.0051 0.0024 0.0018 0.0062 0.0254 0.0027 0.0172 0.0045 0.8452 0.0028 0.0033 0.0031 0.0011 
      CROC10  3 0.0009 0.0007 0.0014 0.0783 0.0014 0.0023 0.0019 0.0022 0.0021 0.0038 0.0031 0.0018 0.0053 0.8814 0.0023 0.0038 0.0057 0.0016 
      CROC11  3 0.0011 0.0020 0.0008 0.0740 0.0018 0.0046 0.0024 0.0018 0.0061 0.0265 0.0026 0.0171 0.0043 0.8447 0.0028 0.0033 0.0031 0.0011 
     CROC110  3 0.0030 0.0027 0.0243 0.0079 0.0011 0.0135 0.0126 0.0052 0.0052 0.0107 0.0061 0.0114 0.0040 0.8750 0.0029 0.0078 0.0042 0.0022 
     CROC116  3 0.0028 0.0011 0.0016 0.0014 0.0027 0.0028 0.0055 0.0075 0.0250 0.0168 0.0046 0.0036 0.0231 0.8736 0.0031 0.0070 0.0044 0.0134 
      CROC12  3 0.0013 0.0008 0.0014 0.0030 0.0012 0.0011 0.0029 0.0025 0.0018 0.0050 0.0033 0.0027 0.0033 0.9597 0.0023 0.0034 0.0031 0.0014 
     CROC123  3 0.0010 0.0007 0.0010 0.0035 0.0011 0.0022 0.0017 0.0026 0.0022 0.0122 0.0025 0.0015 0.0030 0.9564 0.0019 0.0030 0.0024 0.0011 
      CROC13  3 0.0009 0.0008 0.0010 0.0013 0.0030 0.0017 0.0021 0.0021 0.0020 0.0175 0.0032 0.0018 0.0083 0.9409 0.0012 0.0056 0.0055 0.0012 
      CROC14  3 0.0017 0.0016 0.0012 0.0022 0.0016 0.0039 0.0066 0.0033 0.0019 0.0180 0.0038 0.0111 0.0029 0.8629 0.0012 0.0027 0.0717 0.0016 
      CROC15  3 0.0051 0.0091 0.0036 0.0013 0.0037 0.0012 0.0031 0.0033 0.0580 0.0044 0.0232 0.0078 0.0036 0.8506 0.0019 0.0053 0.0134 0.0012 
      CROC16  3 0.0018 0.0015 0.0028 0.0360 0.0076 0.0024 0.0046 0.0017 0.0103 0.0333 0.0052 0.0031 0.0186 0.8537 0.0020 0.0054 0.0049 0.0051 
      CROC17  3 0.0136 0.0007 0.0012 0.0012 0.0011 0.0011 0.0033 0.0447 0.0017 0.0035 0.0027 0.0014 0.0027 0.9112 0.0028 0.0033 0.0028 0.0010 
      CROC18  3 0.0013 0.0009 0.0015 0.0012 0.0040 0.0015 0.0018 0.0029 0.0021 0.0050 0.0406 0.0017 0.0091 0.9109 0.0062 0.0046 0.0031 0.0015 
      CROC19  3 0.0012 0.0010 0.0011 0.0021 0.0013 0.0033 0.0183 0.0049 0.0031 0.0024 0.0088 0.0088 0.0041 0.9223 0.0019 0.0090 0.0046 0.0016 
     CROC198  3 0.0012 0.0010 0.0014 0.0062 0.0012 0.0022 0.0020 0.0020 0.0021 0.0272 0.0034 0.0021 0.0047 0.9248 0.0015 0.0103 0.0050 0.0014 
      CROC20  3 0.0018 0.0019 0.0024 0.0023 0.0022 0.0038 0.0041 0.0020 0.0040 0.0090 0.0122 0.0032 0.0060 0.9286 0.0031 0.0056 0.0045 0.0034 
     CROC202  3 0.0010 0.0009 0.0010 0.0023 0.0047 0.0017 0.0022 0.0024 0.0026 0.0224 0.0054 0.0019 0.0091 0.9259 0.0014 0.0074 0.0060 0.0015 
      CROC21  3 0.0011 0.0012 0.0016 0.0033 0.0014 0.0019 0.0017 0.0030 0.0020 0.0031 0.0045 0.0066 0.0048 0.9518 0.0019 0.0046 0.0045 0.0011 
     CROC216  3 0.0028 0.0027 0.0014 0.0045 0.0019 0.0164 0.0032 0.0129 0.0097 0.0042 0.0150 0.0068 0.0038 0.8964 0.0030 0.0044 0.0040 0.0068 
      CROC22  3 0.0223 0.0007 0.0040 0.0026 0.0016 0.0110 0.0021 0.0041 0.0023 0.0458 0.0040 0.0028 0.0049 0.8505 0.0029 0.0329 0.0042 0.0010 
      CROC23  3 0.0020 0.0010 0.0018 0.0694 0.0015 0.0051 0.0027 0.0119 0.0036 0.0023 0.0037 0.0025 0.0129 0.8641 0.0041 0.0054 0.0042 0.0016 
      CROC24  3 0.0013 0.0009 0.0009 0.0123 0.0027 0.0058 0.0031 0.0030 0.0032 0.0381 0.0030 0.0031 0.0045 0.9082 0.0015 0.0036 0.0035 0.0014 
      CROC25  3 0.0009 0.0008 0.0009 0.0015 0.0010 0.0022 0.0021 0.0023 0.0026 0.0077 0.0039 0.0015 0.0028 0.9585 0.0020 0.0041 0.0040 0.0013 
     CROC259  3 0.0016 0.0008 0.0007 0.0033 0.0015 0.0043 0.0046 0.0150 0.0025 0.0044 0.0025 0.0020 0.0046 0.9108 0.0015 0.0049 0.0331 0.0018 
      CROC26  3 0.0011 0.0009 0.0007 0.0026 0.0014 0.0018 0.0018 0.0642 0.0037 0.0051 0.0036 0.0018 0.0045 0.8910 0.0016 0.0075 0.0052 0.0014 
      CROC27  3 0.0033 0.0020 0.0012 0.0037 0.0014 0.0355 0.0031 0.0144 0.0052 0.0123 0.0049 0.0026 0.0036 0.8923 0.0017 0.0068 0.0038 0.0022 
      CROC28  3 0.0014 0.0007 0.0010 0.0278 0.0011 0.0173 0.0027 0.0125 0.0040 0.1239 0.0025 0.0023 0.0030 0.7891 0.0013 0.0035 0.0044 0.0017 
      CROC29  3 0.0013 0.0017 0.0013 0.0010 0.0013 0.0029 0.0033 0.0025 0.0038 0.0061 0.0030 0.0020 0.0044 0.9546 0.0018 0.0043 0.0034 0.0012 
      CROC30  3 0.0032 0.0020 0.0023 0.0059 0.0020 0.0022 0.0459 0.0040 0.0051 0.0199 0.0270 0.0037 0.0044 0.8518 0.0031 0.0042 0.0042 0.0091 
      CROC31  3 0.0025 0.0011 0.0070 0.0186 0.0014 0.0265 0.0055 0.0127 0.0061 0.0110 0.0035 0.0023 0.0158 0.8531 0.0020 0.0046 0.0049 0.0216 
      CROC32  3 0.0011 0.0007 0.0013 0.0019 0.0011 0.0019 0.0028 0.0021 0.0019 0.0296 0.0056 0.0020 0.0037 0.9331 0.0012 0.0044 0.0042 0.0016 
      CROC33  3 0.0018 0.0125 0.0009 0.0011 0.0018 0.0069 0.0264 0.0073 0.0060 0.0025 0.0038 0.0055 0.0035 0.9094 0.0016 0.0048 0.0023 0.0019 
      CROC34  3 0.0013 0.0009 0.0009 0.0015 0.0013 0.0019 0.0024 0.0026 0.0033 0.0026 0.0049 0.0016 0.0032 0.9567 0.0018 0.0062 0.0049 0.0022 
      CROC35  3 0.0050 0.0007 0.0008 0.0023 0.0013 0.0147 0.0114 0.0072 0.0015 0.0043 0.0025 0.0173 0.0024 0.9199 0.0015 0.0027 0.0034 0.0014 
      CROC36  3 0.0011 0.0008 0.0011 0.0260 0.0013 0.0015 0.0024 0.0020 0.0031 0.0075 0.0034 0.0019 0.0077 0.9274 0.0025 0.0040 0.0050 0.0013 
      CROC57  3 0.0011 0.0010 0.0011 0.0012 0.0012 0.0019 0.0021 0.0017 0.0027 0.0033 0.0032 0.0017 0.0042 0.9587 0.0015 0.0041 0.0074 0.0016 
      CROC81  3 0.0013 0.0020 0.0027 0.0022 0.0078 0.0025 0.0043 0.0023 0.0081 0.0248 0.0125 0.0022 0.0098 0.9040 0.0028 0.0042 0.0044 0.0021 
      CROC84  3 0.0010 0.0007 0.0008 0.0073 0.0037 0.0042 0.0014 0.0034 0.0035 0.0091 0.0021 0.0015 0.0030 0.9432 0.0011 0.0083 0.0030 0.0029 
        FW01  3 0.0008 0.0008 0.0008 0.0007 0.0012 0.0012 0.0014 0.0014 0.0020 0.9688 0.0031 0.0019 0.0030 0.0037 0.0012 0.0039 0.0031 0.0011 
        FW02  3 0.0007 0.0006 0.0006 0.9742 0.0008 0.0010 0.0012 0.0012 0.0016 0.0019 0.0023 0.0013 0.0022 0.0030 0.0012 0.0028 0.0026 0.0009 
        FW03  3 0.0007 0.0006 0.0007 0.0007 0.0010 0.0010 0.0013 0.0013 0.0018 0.9740 0.0025 0.0014 0.0024 0.0029 0.0011 0.0031 0.0026 0.0009 
        FW04  3 0.0007 0.0006 0.0007 0.9743 0.0008 0.0010 0.0012 0.0012 0.0015 0.0020 0.0022 0.0013 0.0023 0.0030 0.0012 0.0028 0.0026 0.0009 
        FW05  3 0.0007 0.0006 0.0007 0.9743 0.0008 0.0011 0.0011 0.0012 0.0015 0.0019 0.0022 0.0013 0.0022 0.0029 0.0012 0.0028 0.0026 0.0009 
        FW06  3 0.0007 0.0006 0.0007 0.9741 0.0008 0.0011 0.0012 0.0012 0.0015 0.0020 0.0023 0.0013 0.0023 0.0030 0.0012 0.0028 0.0026 0.0009 
        FW07  3 0.0007 0.0006 0.0007 0.0007 0.0010 0.0010 0.0013 0.0013 0.0018 0.9738 0.0025 0.0013 0.0025 0.0030 0.0011 0.0031 0.0026 0.0009 
        FW08  3 0.0007 0.0006 0.0007 0.9743 0.0008 0.0010 0.0012 0.0012 0.0016 0.0020 0.0022 0.0013 0.0023 0.0030 0.0012 0.0028 0.0026 0.0009 
        FW09  3 0.0007 0.0006 0.0007 0.9742 0.0008 0.0010 0.0012 0.0012 0.0015 0.0019 0.0022 0.0013 0.0022 0.0030 0.0012 0.0028 0.0026 0.0009 
        FW10  3 0.0007 0.0006 0.0007 0.0007 0.0010 0.0010 0.0013 0.0013 0.0019 0.9738 0.0025 0.0014 0.0025 0.0029 0.0011 0.0031 0.0026 0.0009 
       FW100  3 0.0007 0.0006 0.0007 0.0010 0.0010 0.0010 0.0012 0.0013 0.0018 0.9736 0.0025 0.0013 0.0024 0.0031 0.0011 0.0031 0.0026 0.0009 
       FW101  3 0.0007 0.0006 0.0007 0.0007 0.0010 0.0010 0.0012 0.0013 0.0018 0.9739 0.0025 0.0014 0.0025 0.0029 0.0011 0.0031 0.0026 0.0009 
       FW102  3 0.0007 0.0006 0.0007 0.9743 0.0008 0.0010 0.0012 0.0012 0.0015 0.0020 0.0022 0.0013 0.0022 0.0030 0.0011 0.0029 0.0026 0.0009 
       FW103  3 0.0007 0.0006 0.0007 0.9742 0.0008 0.0010 0.0012 0.0012 0.0016 0.0019 0.0022 0.0013 0.0023 0.0029 0.0012 0.0028 0.0026 0.0009 
       FW104  3 0.0008 0.0008 0.0008 0.0007 0.0012 0.0013 0.0014 0.0014 0.0020 0.9689 0.0031 0.0019 0.0030 0.0035 0.0013 0.0038 0.0031 0.0011 
       FW105  3 0.0007 0.0006 0.0007 0.0007 0.0010 0.0010 0.0012 0.0013 0.0019 0.9738 0.0025 0.0014 0.0025 0.0030 0.0011 0.0031 0.0025 0.0009 
       FW106  3 0.0033 0.0018 0.0026 0.0252 0.0028 0.0236 0.0026 0.0059 0.0109 0.0076 0.0140 0.0038 0.0057 0.8464 0.0299 0.0082 0.0039 0.0019 
       FW107  3 0.0008 0.0008 0.0009 0.0006 0.0012 0.0012 0.0014 0.0014 0.0020 0.9688 0.0031 0.0018 0.0030 0.0036 0.0013 0.0038 0.0031 0.0011 
       FW108  3 0.0007 0.0006 0.0007 0.9741 0.0008 0.0010 0.0012 0.0012 0.0016 0.0020 0.0022 0.0013 0.0022 0.0030 0.0012 0.0028 0.0026 0.0009 
       FW109  3 0.0007 0.0006 0.0007 0.0007 0.0009 0.0010 0.0013 0.0013 0.0019 0.9738 0.0025 0.0014 0.0025 0.0030 0.0011 0.0031 0.0026 0.0009 
        FW11  3 0.0007 0.0006 0.0007 0.0009 0.0009 0.0010 0.0012 0.0014 0.0018 0.9736 0.0024 0.0014 0.0024 0.0031 0.0011 0.0031 0.0025 0.0009 
       FW110  3 0.0007 0.0006 0.0007 0.0007 0.0010 0.0010 0.0013 0.0014 0.0018 0.9740 0.0025 0.0014 0.0025 0.0029 0.0011 0.0031 0.0026 0.0009 
       FW111  3 0.0007 0.0006 0.0006 0.9742 0.0008 0.0011 0.0012 0.0012 0.0016 0.0019 0.0022 0.0013 0.0022 0.0030 0.0012 0.0028 0.0026 0.0009 
       FW112  3 0.0007 0.0006 0.0007 0.0009 0.0010 0.0010 0.0012 0.0013 0.0018 0.9736 0.0025 0.0014 0.0024 0.0031 0.0011 0.0031 0.0026 0.0009 
       FW113  3 0.0007 0.0006 0.0007 0.9743 0.0008 0.0010 0.0012 0.0011 0.0015 0.0019 0.0023 0.0013 0.0023 0.0030 0.0012 0.0028 0.0026 0.0009 
       FW114  3 0.0010 0.0007 0.0008 0.0007 0.0010 0.0012 0.0019 0.0025 0.0020 0.9688 0.0026 0.0019 0.0029 0.0036 0.0013 0.0031 0.0026 0.0013 
       FW115  3 0.0007 0.0006 0.0007 0.0007 0.0010 0.0010 0.0012 0.0013 0.0018 0.9740 0.0025 0.0014 0.0024 0.0030 0.0011 0.0031 0.0025 0.0009 
       FW116  3 0.0007 0.0006 0.0007 0.9743 0.0008 0.0010 0.0012 0.0012 0.0015 0.0020 0.0022 0.0013 0.0023 0.0030 0.0012 0.0028 0.0025 0.0009 
        FW12  3 0.0007 0.0006 0.0007 0.9742 0.0008 0.0010 0.0012 0.0012 0.0015 0.0020 0.0022 0.0013 0.0023 0.0029 0.0012 0.0028 0.0026 0.0009 
        FW13  3 0.0007 0.0006 0.0007 0.9742 0.0008 0.0010 0.0012 0.0012 0.0015 0.0019 0.0023 0.0013 0.0022 0.0030 0.0012 0.0028 0.0026 0.0009 
        FW14  3 0.0008 0.0008 0.0008 0.0007 0.0012 0.0012 0.0014 0.0014 0.0020 0.9687 0.0031 0.0019 0.0030 0.0036 0.0013 0.0038 0.0031 0.0011 
        FW15  3 0.0008 0.0008 0.0009 0.0007 0.0012 0.0012 0.0014 0.0014 0.0019 0.9689 0.0030 0.0019 0.0030 0.0036 0.0013 0.0038 0.0032 0.0011 
        FW16  3 0.0007 0.0006 0.0007 0.0007 0.0009 0.0010 0.0012 0.0014 0.0019 0.9739 0.0025 0.0014 0.0025 0.0030 0.0011 0.0031 0.0025 0.0009 
        FW17  3 0.0007 0.0006 0.0007 0.0007 0.0009 0.0010 0.0012 0.0013 0.0019 0.9739 0.0025 0.0013 0.0025 0.0029 0.0011 0.0031 0.0026 0.0009 
        FW18  3 0.0007 0.0006 0.0007 0.0009 0.0010 0.0010 0.0012 0.0013 0.0018 0.9737 0.0024 0.0014 0.0024 0.0031 0.0011 0.0031 0.0025 0.0010 
        FW19  3 0.0007 0.0005 0.0006 0.9743 0.0008 0.0010 0.0012 0.0012 0.0016 0.0020 0.0022 0.0013 0.0023 0.0029 0.0012 0.0028 0.0025 0.0009 
        FW20  3 0.0007 0.0006 0.0006 0.9742 0.0008 0.0010 0.0012 0.0012 0.0015 0.0019 0.0023 0.0013 0.0023 0.0029 0.0012 0.0028 0.0025 0.0009 
        FW21  3 0.0006 0.0006 0.0007 0.9742 0.0008 0.0010 0.0012 0.0012 0.0015 0.0019 0.0023 0.0013 0.0023 0.0030 0.0012 0.0028 0.0026 0.0009 
        FW22  3 0.0007 0.0006 0.0007 0.0009 0.0009 0.0010 0.0012 0.0013 0.0018 0.9736 0.0025 0.0014 0.0024 0.0031 0.0011 0.0031 0.0026 0.0009 
        FW23  3 0.0007 0.0006 0.0006 0.9741 0.0008 0.0010 0.0012 0.0012 0.0016 0.0019 0.0023 0.0013 0.0023 0.0030 0.0012 0.0029 0.0026 0.0009 
        FW24  3 0.0007 0.0006 0.0007 0.9741 0.0008 0.0011 0.0012 0.0012 0.0015 0.0020 0.0022 0.0013 0.0022 0.0030 0.0011 0.0029 0.0026 0.0009 
        FW25  3 0.0007 0.0006 0.0006 0.9741 0.0008 0.0010 0.0012 0.0012 0.0015 0.0020 0.0022 0.0013 0.0022 0.0030 0.0012 0.0028 0.0026 0.0009 
        FW26  3 0.0007 0.0006 0.0006 0.9742 0.0008 0.0011 0.0012 0.0012 0.0015 0.0020 0.0023 0.0013 0.0022 0.0030 0.0012 0.0028 0.0026 0.0009 
        FW27  3 0.0007 0.0006 0.0007 0.0007 0.0010 0.0010 0.0013 0.0013 0.0019 0.9739 0.0025 0.0014 0.0025 0.0029 0.0011 0.0031 0.0026 0.0009 
        FW28  3 0.0007 0.0005 0.0007 0.9742 0.0008 0.0011 0.0012 0.0012 0.0015 0.0019 0.0022 0.0013 0.0023 0.0030 0.0011 0.0028 0.0025 0.0009 
        FW29  3 0.0007 0.0006 0.0007 0.9742 0.0008 0.0011 0.0012 0.0012 0.0016 0.0020 0.0022 0.0013 0.0022 0.0030 0.0012 0.0028 0.0026 0.0009 
        FW30  3 0.0036 0.0018 0.0026 0.0245 0.0027 0.0262 0.0025 0.0057 0.0107 0.0080 0.0140 0.0037 0.0056 0.8448 0.0296 0.0081 0.0039 0.0019 
        FW32  3 0.0008 0.0008 0.0008 0.0007 0.0012 0.0012 0.0014 0.0014 0.0019 0.9688 0.0031 0.0019 0.0030 0.0037 0.0013 0.0038 0.0032 0.0011 
        FW33  3 0.0012 0.0006 0.0037 0.9539 0.0008 0.0010 0.0020 0.0023 0.0016 0.0020 0.0022 0.0013 0.0023 0.0101 0.0088 0.0028 0.0025 0.0009 
        FW34  3 0.0007 0.0006 0.0006 0.9742 0.0008 0.0010 0.0012 0.0012 0.0015 0.0020 0.0022 0.0013 0.0022 0.0030 0.0012 0.0028 0.0026 0.0009 
        FW35  3 0.0007 0.0006 0.0006 0.9741 0.0008 0.0010 0.0012 0.0012 0.0016 0.0020 0.0022 0.0013 0.0023 0.0030 0.0012 0.0028 0.0026 0.0009 
        FW36  3 0.0007 0.0006 0.0007 0.9742 0.0008 0.0010 0.0012 0.0012 0.0015 0.0020 0.0022 0.0013 0.0022 0.0029 0.0012 0.0028 0.0026 0.0009 
        FW37  3 0.0007 0.0006 0.0007 0.0007 0.0009 0.0010 0.0012 0.0013 0.0018 0.9739 0.0025 0.0014 0.0025 0.0030 0.0011 0.0031 0.0025 0.0009 
        FW51  3 0.0007 0.0006 0.0007 0.9743 0.0008 0.0010 0.0012 0.0012 0.0016 0.0020 0.0022 0.0013 0.0022 0.0030 0.0011 0.0028 0.0026 0.0009 
        FW52  3 0.0007 0.0006 0.0007 0.0007 0.0010 0.0010 0.0013 0.0013 0.0019 0.9738 0.0024 0.0014 0.0025 0.0030 0.0012 0.0031 0.0026 0.0009 
        FW53  3 0.0007 0.0006 0.0007 0.9743 0.0008 0.0010 0.0012 0.0012 0.0015 0.0019 0.0022 0.0013 0.0023 0.0029 0.0012 0.0028 0.0026 0.0009 
        FW54  3 0.0007 0.0006 0.0007 0.0007 0.0010 0.0010 0.0013 0.0013 0.0018 0.9740 0.0025 0.0013 0.0024 0.0030 0.0011 0.0031 0.0026 0.0009 
        FW55  3 0.0007 0.0006 0.0006 0.9743 0.0008 0.0010 0.0012 0.0012 0.0015 0.0020 0.0022 0.0013 0.0023 0.0029 0.0012 0.0028 0.0025 0.0009 
        FW56  3 0.0007 0.0006 0.0007 0.9743 0.0008 0.0010 0.0012 0.0012 0.0015 0.0019 0.0022 0.0013 0.0022 0.0030 0.0011 0.0028 0.0026 0.0009 
        FW57  3 0.0007 0.0006 0.0007 0.9743 0.0008 0.0010 0.0012 0.0012 0.0016 0.0019 0.0022 0.0013 0.0023 0.0029 0.0011 0.0029 0.0026 0.0009 
        FW78  3 0.0007 0.0006 0.0006 0.9742 0.0008 0.0010 0.0012 0.0012 0.0015 0.0020 0.0022 0.0013 0.0022 0.0030 0.0012 0.0028 0.0026 0.0009 
        FW79  3 0.0007 0.0006 0.0007 0.9741 0.0008 0.0010 0.0012 0.0012 0.0015 0.0020 0.0022 0.0013 0.0022 0.0030 0.0012 0.0028 0.0026 0.0009 
        FW80  3 0.0007 0.0006 0.0007 0.9742 0.0008 0.0010 0.0012 0.0012 0.0016 0.0020 0.0022 0.0013 0.0023 0.0030 0.0012 0.0028 0.0026 0.0009 
        FW81  3 0.0007 0.0006 0.0007 0.0007 0.0009 0.0010 0.0013 0.0013 0.0018 0.9740 0.0025 0.0014 0.0025 0.0029 0.0011 0.0031 0.0026 0.0009 
        FW82  3 0.0007 0.0006 0.0007 0.0007 0.0010 0.0010 0.0013 0.0013 0.0018 0.9738 0.0025 0.0014 0.0025 0.0030 0.0011 0.0031 0.0026 0.0009 
        FW83  3 0.0008 0.0008 0.0008 0.0007 0.0012 0.0012 0.0014 0.0014 0.0020 0.9689 0.0031 0.0019 0.0031 0.0035 0.0013 0.0038 0.0031 0.0011 
        FW84  3 0.0007 0.0006 0.0006 0.9743 0.0008 0.0011 0.0012 0.0012 0.0016 0.0019 0.0022 0.0013 0.0022 0.0030 0.0012 0.0028 0.0026 0.0009 
        FW85  3 0.0007 0.0006 0.0008 0.0007 0.0043 0.0026 0.0070 0.0031 0.0186 0.9375 0.0025 0.0080 0.0026 0.0031 0.0011 0.0032 0.0026 0.0009 
        FW86  3 0.0007 0.0006 0.0007 0.0009 0.0009 0.0010 0.0012 0.0014 0.0018 0.9737 0.0025 0.0013 0.0025 0.0031 0.0011 0.0031 0.0025 0.0009 
        FW87  3 0.0007 0.0006 0.0007 0.0009 0.0010 0.0010 0.0012 0.0014 0.0018 0.9736 0.0025 0.0014 0.0024 0.0031 0.0011 0.0031 0.0026 0.0009 
        FW88  3 0.0007 0.0006 0.0007 0.9743 0.0008 0.0010 0.0012 0.0012 0.0015 0.0020 0.0022 0.0013 0.0023 0.0030 0.0012 0.0028 0.0026 0.0009 
        FW89  3 0.0007 0.0006 0.0007 0.9742 0.0008 0.0011 0.0011 0.0012 0.0016 0.0020 0.0022 0.0013 0.0023 0.0030 0.0011 0.0029 0.0026 0.0009 
        FW90  3 0.0007 0.0006 0.0007 0.9743 0.0008 0.0010 0.0012 0.0012 0.0016 0.0020 0.0022 0.0013 0.0022 0.0030 0.0012 0.0028 0.0026 0.0009 
        FW91  3 0.0007 0.0006 0.0007 0.0007 0.0010 0.0010 0.0012 0.0013 0.0018 0.9740 0.0024 0.0014 0.0025 0.0030 0.0011 0.0031 0.0025 0.0009 
        FW92  3 0.0007 0.0006 0.0006 0.9742 0.0008 0.0011 0.0012 0.0012 0.0016 0.0019 0.0022 0.0013 0.0023 0.0029 0.0012 0.0028 0.0026 0.0009 
        FW93  3 0.0007 0.0006 0.0006 0.9743 0.0008 0.0010 0.0012 0.0012 0.0016 0.0020 0.0022 0.0013 0.0022 0.0030 0.0012 0.0028 0.0025 0.0009 
        FW94  3 0.0007 0.0006 0.0007 0.0007 0.0009 0.0010 0.0012 0.0013 0.0018 0.9740 0.0025 0.0014 0.0025 0.0029 0.0011 0.0031 0.0025 0.0009 
        FW95  3 0.0007 0.0005 0.0006 0.9743 0.0008 0.0010 0.0012 0.0012 0.0015 0.0019 0.0022 0.0013 0.0023 0.0030 0.0012 0.0029 0.0025 0.0009 
        FW96  3 0.0007 0.0006 0.0006 0.9743 0.0008 0.0010 0.0012 0.0012 0.0015 0.0019 0.0022 0.0013 0.0022 0.0030 0.0012 0.0028 0.0026 0.0009 
        FW97  3 0.0026 0.0014 0.0011 0.0073 0.0020 0.0097 0.0031 0.0028 0.0037 0.0218 0.0327 0.0026 0.0041 0.8726 0.0032 0.0165 0.0107 0.0020 
        FW98  3 0.0007 0.0006 0.0007 0.0007 0.0010 0.0010 0.0013 0.0013 0.0018 0.9739 0.0025 0.0014 0.0024 0.0030 0.0011 0.0031 0.0026 0.0009 
        FW99  3 0.0007 0.0006 0.0006 0.9743 0.0008 0.0010 0.0012 0.0012 0.0015 0.0020 0.0022 0.0013 0.0023 0.0029 0.0012 0.0028 0.0026 0.0009 
       Cal01  3 0.0019 0.0013 0.0011 0.2081 0.0013 0.0036 0.0022 0.0031 0.0066 0.0029 0.0021 0.0027 0.0055 0.7455 0.0013 0.0043 0.0042 0.0023 
       Cal02  3 0.0014 0.0008 0.0016 0.0049 0.0015 0.0014 0.0022 0.0026 0.0027 0.0068 0.0042 0.0024 0.0048 0.9481 0.0039 0.0047 0.0040 0.0018 
       Cal03  3 0.0012 0.0009 0.0008 0.0451 0.0016 0.0025 0.0033 0.0020 0.0062 0.1149 0.0040 0.0028 0.0058 0.7989 0.0016 0.0034 0.0023 0.0024 
       Cal04  3 0.0011 0.0010 0.0008 0.0008 0.0018 0.0010 0.0080 0.0036 0.0037 0.0054 0.0082 0.0105 0.0046 0.9222 0.0020 0.0201 0.0039 0.0013 
       Cal05  3 0.0008 0.0006 0.0006 0.0031 0.0011 0.0054 0.0016 0.0046 0.0018 0.0120 0.0028 0.0016 0.0024 0.9527 0.0013 0.0039 0.0025 0.0013 
       Cal06  3 0.0014 0.0009 0.0015 0.0028 0.0012 0.0027 0.0203 0.0070 0.0032 0.0028 0.0028 0.0022 0.0065 0.9254 0.0027 0.0034 0.0103 0.0030 
       Cal07  3 0.0009 0.0007 0.0009 0.0139 0.0009 0.0033 0.0020 0.0119 0.0019 0.0036 0.0035 0.0018 0.0024 0.9438 0.0016 0.0029 0.0030 0.0010 
       Cal08  3 0.0022 0.0014 0.0014 0.0472 0.0018 0.0021 0.0167 0.0033 0.0057 0.0277 0.0044 0.0023 0.0064 0.8535 0.0019 0.0107 0.0094 0.0018 
       Cal09  3 0.0010 0.0009 0.0074 0.0401 0.0025 0.0021 0.0018 0.0242 0.0017 0.0069 0.0069 0.0022 0.0043 0.8859 0.0019 0.0056 0.0035 0.0011 
       Cal10  3 0.0025 0.0016 0.0012 0.0009 0.0016 0.0020 0.0041 0.0031 0.0036 0.0077 0.0042 0.0034 0.0045 0.9479 0.0015 0.0058 0.0029 0.0016 
       Cal11  3 0.0012 0.0010 0.0028 0.0096 0.0013 0.0073 0.0040 0.0047 0.0026 0.0278 0.0067 0.0022 0.0053 0.8497 0.0028 0.0086 0.0603 0.0022 
      Cal197  3 0.0015 0.0015 0.0011 0.3277 0.0009 0.0019 0.0096 0.0040 0.0017 0.0032 0.0041 0.0023 0.0049 0.6271 0.0019 0.0027 0.0028 0.0010 
      Cal198  3 0.0018 0.0337 0.0014 0.0053 0.0011 0.0030 0.0094 0.0316 0.0075 0.0629 0.0047 0.0030 0.0097 0.7886 0.0019 0.0081 0.0030 0.0233 
      Cal199  3 0.0009 0.0007 0.0009 0.0012 0.0014 0.0045 0.0017 0.0015 0.0065 0.0044 0.0024 0.0018 0.0051 0.8999 0.0013 0.0494 0.0032 0.0131 
      Cal200  3 0.0010 0.0010 0.0011 0.0026 0.0014 0.0324 0.0035 0.0038 0.0135 0.0139 0.0035 0.0081 0.0035 0.8998 0.0013 0.0029 0.0053 0.0014 
      Cal201  3 0.0027 0.0007 0.0025 0.0136 0.0008 0.0111 0.0019 0.0051 0.0023 0.0134 0.0036 0.0020 0.0029 0.9275 0.0020 0.0032 0.0036 0.0010 
      Cal202  3 0.0024 0.0011 0.0025 0.0048 0.0061 0.0031 0.0016 0.0026 0.0269 0.0052 0.0027 0.0100 0.0045 0.9083 0.0018 0.0115 0.0037 0.0010 
      Cal203  3 0.0011 0.0010 0.0013 0.0010 0.0013 0.0029 0.0022 0.0019 0.0029 0.0213 0.0035 0.0016 0.0038 0.9383 0.0017 0.0054 0.0073 0.0016 
      Cal204  3 0.0013 0.0007 0.0009 0.0012 0.0015 0.0034 0.0020 0.0022 0.0045 0.0022 0.0033 0.0016 0.0080 0.9553 0.0024 0.0038 0.0041 0.0017 
      Cal205  3 0.0017 0.0007 0.0010 0.0023 0.0012 0.0020 0.0016 0.0024 0.0051 0.0053 0.0022 0.0029 0.0045 0.9555 0.0029 0.0045 0.0024 0.0016 
      Cal206  3 0.0016 0.0011 0.0025 0.0030 0.0023 0.0080 0.0028 0.0020 0.0027 0.0115 0.0065 0.0037 0.0058 0.9341 0.0023 0.0043 0.0034 0.0024 
      Cal207  3 0.0013 0.0011 0.0010 0.0024 0.0009 0.0035 0.0018 0.0026 0.0028 0.0025 0.0028 0.0021 0.0038 0.9327 0.0012 0.0030 0.0028 0.0316 
      Cal208  3 0.0013 0.0018 0.0019 0.0139 0.0012 0.0013 0.0029 0.0019 0.0020 0.0316 0.0055 0.0017 0.0038 0.9170 0.0013 0.0054 0.0042 0.0010 
      Cal209  3 0.0010 0.0007 0.0010 0.0083 0.0012 0.0019 0.0013 0.0020 0.0018 0.0047 0.0027 0.0020 0.0033 0.9578 0.0013 0.0047 0.0032 0.0012 
      Cal210  3 0.0010 0.0006 0.0009 0.0013 0.0014 0.0043 0.0017 0.0015 0.0067 0.0045 0.0025 0.0018 0.0053 0.8997 0.0013 0.0493 0.0032 0.0129 
      Cal211  3 0.0009 0.0006 0.0010 0.0167 0.0009 0.0113 0.0026 0.0033 0.0036 0.0027 0.0033 0.0019 0.0028 0.9369 0.0015 0.0038 0.0032 0.0030 
      Cal212  3 0.0009 0.0008 0.0010 0.0017 0.0014 0.0230 0.0026 0.0024 0.0059 0.0111 0.0028 0.0019 0.0040 0.9173 0.0017 0.0049 0.0029 0.0138 
      Cal213  3 0.0068 0.0243 0.0011 0.0087 0.0013 0.0075 0.0113 0.0493 0.0081 0.1353 0.0130 0.0071 0.0029 0.7104 0.0014 0.0045 0.0023 0.0049 
      Cal214  3 0.0021 0.0022 0.0015 0.0006 0.0015 0.0010 0.0024 0.0018 0.0024 0.0048 0.0024 0.0036 0.0160 0.9123 0.0016 0.0388 0.0034 0.0016 
      Cal215  3 0.0015 0.0011 0.0012 0.0124 0.0027 0.0017 0.0024 0.0025 0.0032 0.0062 0.0055 0.0030 0.0063 0.9280 0.0016 0.0146 0.0047 0.0014 
      Cal216  3 0.0013 0.0011 0.0021 0.0708 0.0017 0.0119 0.0032 0.0036 0.0068 0.0321 0.0056 0.0036 0.0071 0.8257 0.0022 0.0029 0.0041 0.0142 
      Cal217  3 0.0011 0.0007 0.0011 0.0107 0.0009 0.0024 0.0022 0.0031 0.0021 0.0047 0.0024 0.0022 0.0036 0.9532 0.0021 0.0031 0.0034 0.0012 
      Cal218  3 0.0009 0.0007 0.0010 0.0032 0.0012 0.1095 0.0024 0.0025 0.0031 0.0153 0.0029 0.0018 0.0033 0.8352 0.0017 0.0049 0.0029 0.0075 
      Cal219  3 0.0017 0.0008 0.0034 0.0172 0.0012 0.0035 0.0023 0.0024 0.0021 0.0140 0.0072 0.0025 0.0043 0.9237 0.0024 0.0059 0.0040 0.0013 
      Cal220  3 0.0019 0.0011 0.0019 0.0046 0.0010 0.0020 0.0023 0.0026 0.0032 0.0041 0.0048 0.0025 0.0088 0.8568 0.0798 0.0119 0.0083 0.0023 
      Cal221  3 0.0009 0.0007 0.0011 0.0030 0.0014 0.0066 0.0034 0.0023 0.0045 0.0151 0.0049 0.0016 0.0027 0.9335 0.0014 0.0102 0.0028 0.0039 
      Cal222  3 0.0010 0.0007 0.0008 0.0017 0.0013 0.0039 0.0023 0.0025 0.0048 0.0073 0.0035 0.0019 0.0036 0.9338 0.0016 0.0220 0.0034 0.0040 
      Cal223  3 0.0053 0.0029 0.0021 0.0010 0.0013 0.0128 0.0055 0.0703 0.0238 0.0135 0.0079 0.0039 0.0154 0.8108 0.0031 0.0103 0.0070 0.0029 
      Cal224  3 0.0012 0.0222 0.0008 0.0010 0.0058 0.0021 0.0020 0.0031 0.0216 0.0030 0.0184 0.0035 0.0260 0.8712 0.0012 0.0050 0.0066 0.0052 
       Cal33  3 0.0017 0.0007 0.0016 0.0020 0.0011 0.0017 0.0024 0.0025 0.0023 0.0070 0.0038 0.0032 0.0032 0.9561 0.0017 0.0044 0.0029 0.0018 
       Cal34  3 0.0014 0.0022 0.0008 0.0014 0.0017 0.0017 0.0015 0.0048 0.0020 0.0104 0.0029 0.0020 0.0106 0.9404 0.0067 0.0050 0.0031 0.0013 
       Cal35  3 0.0011 0.0006 0.0010 0.0016 0.0011 0.0018 0.0019 0.0026 0.0034 0.0033 0.0024 0.0022 0.0035 0.9643 0.0017 0.0031 0.0028 0.0015 
       Cal37  3 0.0014 0.0006 0.0054 0.0020 0.0013 0.0026 0.0099 0.0082 0.0058 0.0051 0.0038 0.0057 0.0046 0.9159 0.0024 0.0036 0.0027 0.0190 
       Cal38  3 0.0010 0.0006 0.0008 0.2783 0.0008 0.0035 0.0026 0.0031 0.0020 0.0024 0.0023 0.0017 0.0031 0.6876 0.0015 0.0042 0.0030 0.0013 
       Cal39  3 0.0010 0.0007 0.0015 0.0178 0.0023 0.0079 0.0016 0.0029 0.0017 0.0762 0.0061 0.0016 0.0042 0.8598 0.0014 0.0078 0.0042 0.0013 
       Cal40  3 0.0010 0.0007 0.0010 0.0092 0.0012 0.0018 0.0013 0.0020 0.0018 0.0047 0.0027 0.0020 0.0033 0.9571 0.0013 0.0047 0.0032 0.0012 
       Cal41  3 0.0010 0.0006 0.0008 0.0040 0.0012 0.0014 0.0015 0.0024 0.0019 0.0053 0.0034 0.0018 0.0030 0.9612 0.0013 0.0046 0.0033 0.0012 
       Cal42  3 0.0012 0.0007 0.0014 0.0025 0.0013 0.0023 0.0016 0.0016 0.0023 0.0035 0.0034 0.0020 0.0035 0.9596 0.0012 0.0052 0.0051 0.0015 
