        TC01  1 0.0015 0.0044 0.0009 0.0026 0.9426 0.0036 0.0043 0.0081 0.0016 0.0067 0.0090 0.0147 
        TC02  1 0.0021 0.0017 0.0012 0.0037 0.9593 0.0037 0.0036 0.0029 0.0025 0.0055 0.0088 0.0050 
        TC03  1 0.0017 0.0016 0.0013 0.0040 0.9674 0.0027 0.0052 0.0040 0.0016 0.0039 0.0040 0.0025 
        TC04  1 0.0756 0.0013 0.0010 0.0341 0.8170 0.0029 0.0095 0.0204 0.0071 0.0176 0.0102 0.0033 
        TC05  1 0.0157 0.0008 0.0012 0.0034 0.9615 0.0028 0.0029 0.0016 0.0022 0.0034 0.0028 0.0018 
        TC06  1 0.0018 0.0011 0.0009 0.0965 0.8629 0.0049 0.0025 0.0039 0.0070 0.0080 0.0084 0.0022 
        TC07  1 0.0039 0.0007 0.0014 0.0039 0.9544 0.0020 0.0048 0.0020 0.0023 0.0119 0.0032 0.0095 
        TC08  1 0.0027 0.0011 0.0019 0.0055 0.9711 0.0027 0.0018 0.0015 0.0025 0.0037 0.0030 0.0024 
        TC09  1 0.0018 0.0006 0.0007 0.0824 0.8525 0.0030 0.0041 0.0022 0.0021 0.0045 0.0441 0.0019 
        TC10  1 0.0016 0.0034 0.0007 0.0053 0.9085 0.0018 0.0316 0.0017 0.0033 0.0032 0.0306 0.0083 
        TC11  1 0.0011 0.0013 0.0009 0.0021 0.9759 0.0011 0.0018 0.0023 0.0018 0.0027 0.0025 0.0064 
        TC12  1 0.0040 0.0050 0.0017 0.0111 0.9127 0.0103 0.0179 0.0094 0.0072 0.0063 0.0083 0.0061 
        TC13  1 0.0012 0.0011 0.0008 0.0048 0.9752 0.0016 0.0016 0.0016 0.0024 0.0031 0.0045 0.0021 
        TC14  1 0.0027 0.0023 0.0042 0.0379 0.8737 0.0079 0.0034 0.0080 0.0031 0.0053 0.0475 0.0039 
        TC15  1 0.0030 0.0017 0.0012 0.0461 0.9045 0.0047 0.0049 0.0035 0.0041 0.0082 0.0166 0.0017 
        TC16  1 0.0030 0.0012 0.0034 0.0988 0.7926 0.0043 0.0121 0.0038 0.0054 0.0099 0.0633 0.0023 
        TC17  1 0.0087 0.0034 0.0043 0.0081 0.7291 0.0086 0.0065 0.0072 0.0053 0.0462 0.1673 0.0053 
        TC18  1 0.0195 0.0055 0.0026 0.0068 0.9067 0.0026 0.0060 0.0328 0.0050 0.0045 0.0034 0.0045 
        TC19  1 0.0010 0.0012 0.0008 0.0043 0.9659 0.0013 0.0019 0.0016 0.0035 0.0031 0.0131 0.0023 
        TC20  1 0.0022 0.0014 0.0012 0.0047 0.9668 0.0019 0.0019 0.0059 0.0025 0.0026 0.0068 0.0022 
        TC21  1 0.0193 0.0018 0.0136 0.0115 0.8184 0.0203 0.0090 0.0450 0.0131 0.0338 0.0025 0.0116 
        TC22  1 0.0022 0.0069 0.0009 0.0095 0.9178 0.0069 0.0041 0.0021 0.0386 0.0046 0.0021 0.0042 
        TC23  1 0.0012 0.0011 0.0012 0.0036 0.9680 0.0019 0.0054 0.0025 0.0015 0.0030 0.0049 0.0057 
        TC24  1 0.0013 0.0007 0.0014 0.0027 0.9814 0.0010 0.0020 0.0012 0.0014 0.0022 0.0034 0.0014 
        TC25  1 0.0015 0.0011 0.0022 0.0817 0.8255 0.0034 0.0104 0.0350 0.0055 0.0056 0.0051 0.0229 
        TC26  1 0.0013 0.0008 0.0012 0.0084 0.9509 0.0045 0.0029 0.0018 0.0017 0.0060 0.0187 0.0017 
        TC27  1 0.0038 0.0184 0.0020 0.0083 0.9385 0.0024 0.0026 0.0024 0.0017 0.0149 0.0029 0.0021 
        TC28  1 0.0037 0.0012 0.0016 0.0156 0.9357 0.0020 0.0076 0.0048 0.0090 0.0085 0.0073 0.0030 
        TC29  1 0.0150 0.0007 0.0020 0.0169 0.9205 0.0036 0.0051 0.0065 0.0017 0.0037 0.0188 0.0056 
        TC30  1 0.0012 0.0012 0.0010 0.0072 0.9640 0.0021 0.0022 0.0018 0.0037 0.0042 0.0093 0.0022 
        TC31  1 0.0028 0.0024 0.0021 0.0034 0.9250 0.0023 0.0048 0.0136 0.0137 0.0030 0.0031 0.0237 
        TC32  1 0.0022 0.0009 0.0011 0.0669 0.8490 0.0033 0.0028 0.0025 0.0524 0.0093 0.0067 0.0029 
        TC33  1 0.0022 0.0014 0.0023 0.0038 0.9650 0.0021 0.0033 0.0024 0.0018 0.0042 0.0028 0.0089 
        TC34  1 0.0025 0.0037 0.0041 0.0470 0.9136 0.0033 0.0053 0.0021 0.0021 0.0052 0.0088 0.0023 
        TC35  1 0.0032 0.0057 0.0012 0.0081 0.9063 0.0021 0.0030 0.0072 0.0134 0.0042 0.0320 0.0137 
        TC36  1 0.0023 0.0014 0.0011 0.0041 0.9651 0.0029 0.0041 0.0022 0.0026 0.0060 0.0057 0.0026 
        TC37  1 0.0018 0.0012 0.0019 0.0017 0.9692 0.0027 0.0031 0.0025 0.0050 0.0034 0.0049 0.0028 
        TC38  1 0.0023 0.0007 0.0011 0.0375 0.8531 0.0028 0.0044 0.0264 0.0016 0.0046 0.0602 0.0052 
        TC39  1 0.0015 0.0008 0.0012 0.0264 0.8344 0.0050 0.0035 0.0036 0.0023 0.0030 0.1157 0.0025 
        TC40  1 0.0022 0.0017 0.0071 0.0236 0.9304 0.0028 0.0062 0.0030 0.0064 0.0053 0.0090 0.0024 
        TC41  1 0.0027 0.0009 0.0013 0.0024 0.9431 0.0015 0.0112 0.0020 0.0268 0.0031 0.0030 0.0022 
        TC42  1 0.0018 0.0012 0.0008 0.0088 0.9709 0.0024 0.0022 0.0014 0.0013 0.0026 0.0051 0.0014 
        TC43  1 0.0015 0.0012 0.0011 0.0064 0.9700 0.0017 0.0026 0.0028 0.0033 0.0030 0.0045 0.0019 
        TC44  1 0.0017 0.0037 0.0010 0.0224 0.9032 0.0052 0.0050 0.0022 0.0019 0.0035 0.0438 0.0064 
        TC45  1 0.0013 0.0007 0.0007 0.0017 0.9624 0.0046 0.0031 0.0098 0.0021 0.0032 0.0081 0.0023 
        TC46  1 0.0030 0.0023 0.0014 0.0029 0.9558 0.0029 0.0092 0.0063 0.0043 0.0051 0.0048 0.0021 
        TC47  1 0.0018 0.0041 0.0013 0.0112 0.9523 0.0017 0.0032 0.0026 0.0034 0.0036 0.0120 0.0029 
        TC48  1 0.0037 0.0031 0.0134 0.0049 0.9197 0.0164 0.0043 0.0095 0.0061 0.0082 0.0084 0.0024 
        TC49  1 0.0029 0.0014 0.0014 0.0029 0.9652 0.0049 0.0018 0.0024 0.0055 0.0043 0.0034 0.0038 
        TC50  1 0.0019 0.0039 0.0023 0.0036 0.9536 0.0028 0.0036 0.0045 0.0052 0.0115 0.0037 0.0034 
        TC51  1 0.0020 0.0015 0.0010 0.0415 0.9242 0.0059 0.0032 0.0031 0.0029 0.0036 0.0033 0.0077 
        TC52  1 0.0016 0.0007 0.0013 0.0051 0.9392 0.0022 0.0336 0.0073 0.0015 0.0031 0.0029 0.0015 
        TC53  1 0.0015 0.0028 0.0009 0.0066 0.9528 0.0064 0.0057 0.0014 0.0019 0.0086 0.0101 0.0014 
        TC54  1 0.0029 0.0023 0.0115 0.0144 0.9285 0.0067 0.0073 0.0038 0.0019 0.0112 0.0061 0.0034 
        TC55  1 0.0022 0.0016 0.0019 0.0092 0.9230 0.0079 0.0059 0.0043 0.0104 0.0130 0.0178 0.0025 
        TC56  1 0.0031 0.0025 0.0075 0.0056 0.9324 0.0044 0.0033 0.0160 0.0046 0.0065 0.0083 0.0058 
        TC57  1 0.0034 0.0062 0.0023 0.0029 0.9387 0.0043 0.0034 0.0023 0.0071 0.0092 0.0174 0.0030 
        TC58  1 0.0020 0.0014 0.0008 0.0037 0.9476 0.0033 0.0032 0.0023 0.0019 0.0044 0.0102 0.0189 
        TC59  1 0.0012 0.0012 0.0010 0.0041 0.9758 0.0016 0.0018 0.0013 0.0016 0.0046 0.0032 0.0026 
        TA01  2 0.0014 0.0015 0.0010 0.0088 0.9442 0.0019 0.0017 0.0016 0.0019 0.0100 0.0230 0.0028 
        TA02  2 0.0043 0.0008 0.0029 0.0031 0.9638 0.0015 0.0045 0.0020 0.0027 0.0039 0.0089 0.0017 
        TA03  2 0.0025 0.0063 0.0022 0.0056 0.9259 0.0030 0.0031 0.0022 0.0040 0.0047 0.0375 0.0030 
        TA04  2 0.0014 0.0018 0.0010 0.3309 0.5685 0.0025 0.0036 0.0017 0.0054 0.0030 0.0781 0.0019 
        TA05  2 0.0019 0.0015 0.0015 0.0032 0.9697 0.0027 0.0024 0.0030 0.0022 0.0049 0.0044 0.0027 
        TA06  2 0.0008 0.0010 0.0008 0.0091 0.9644 0.0011 0.0027 0.0015 0.0020 0.0037 0.0097 0.0032 
        TA07  2 0.0036 0.0014 0.0031 0.0036 0.6917 0.0066 0.0047 0.0024 0.0024 0.0234 0.2507 0.0064 
        TA08  2 0.0010 0.0122 0.0012 0.0155 0.9423 0.0021 0.0015 0.0034 0.0017 0.0026 0.0147 0.0019 
        TA09  2 0.0013 0.0011 0.0010 0.0059 0.9631 0.0017 0.0032 0.0013 0.0015 0.0026 0.0156 0.0018 
        TA10  2 0.0046 0.0015 0.0011 0.0048 0.8956 0.0038 0.0022 0.0020 0.0026 0.0074 0.0127 0.0617 
        TA11  2 0.0034 0.0057 0.0014 0.0095 0.8261 0.0075 0.0055 0.0055 0.0049 0.0028 0.0656 0.0621 
        TA12  2 0.0759 0.0036 0.0013 0.0027 0.8759 0.0060 0.0017 0.0017 0.0024 0.0086 0.0119 0.0083 
        TA13  2 0.0189 0.0017 0.0020 0.0556 0.7725 0.1110 0.0036 0.0022 0.0030 0.0092 0.0057 0.0146 
        TA14  2 0.0013 0.0008 0.0015 0.0067 0.9462 0.0023 0.0030 0.0012 0.0021 0.0024 0.0310 0.0014 
        TA15  2 0.0017 0.0008 0.0010 0.0069 0.9663 0.0077 0.0019 0.0012 0.0024 0.0023 0.0053 0.0024 
        TA16  2 0.0143 0.0014 0.0009 0.0300 0.8819 0.0029 0.0021 0.0017 0.0019 0.0050 0.0286 0.0293 
        TA17  2 0.0048 0.0050 0.0021 0.0051 0.9612 0.0036 0.0026 0.0016 0.0036 0.0049 0.0033 0.0022 
        TA18  2 0.0013 0.0012 0.0010 0.0039 0.8790 0.0016 0.0024 0.0014 0.0872 0.0088 0.0026 0.0096 
        TA19  2 0.0016 0.0429 0.0012 0.0238 0.8827 0.0021 0.0047 0.0019 0.0141 0.0124 0.0060 0.0067 
        TA20  2 0.0262 0.0013 0.0123 0.0035 0.9308 0.0021 0.0025 0.0026 0.0026 0.0051 0.0088 0.0023 
        TA21  2 0.0046 0.0015 0.0027 0.0083 0.8703 0.0052 0.0026 0.0029 0.0027 0.0070 0.0890 0.0032 
        TA22  2 0.0015 0.0008 0.0029 0.0119 0.9643 0.0022 0.0027 0.0017 0.0032 0.0036 0.0036 0.0016 
        TA23  2 0.0015 0.0010 0.0011 0.0173 0.9583 0.0016 0.0016 0.0015 0.0024 0.0027 0.0092 0.0019 
        TA24  2 0.0016 0.0030 0.0011 0.0045 0.9403 0.0020 0.0042 0.0018 0.0025 0.0340 0.0030 0.0021 
        TA25  2 0.0047 0.0016 0.0007 0.0065 0.8195 0.0028 0.0020 0.0017 0.0030 0.0103 0.0032 0.1439 
        TA26  2 0.0023 0.0025 0.0017 0.0091 0.8447 0.0068 0.0017 0.0047 0.0026 0.0029 0.1150 0.0058 
        TA27  2 0.0044 0.0022 0.0013 0.0047 0.9617 0.0033 0.0031 0.0014 0.0022 0.0084 0.0048 0.0026 
        TA28  2 0.0067 0.0010 0.0052 0.0047 0.9191 0.0029 0.0163 0.0077 0.0076 0.0043 0.0223 0.0019 
        TA29  2 0.0019 0.0042 0.0010 0.0129 0.9593 0.0035 0.0024 0.0018 0.0029 0.0035 0.0037 0.0029 
        TA30  2 0.0029 0.0065 0.0033 0.0603 0.6516 0.0238 0.0050 0.0027 0.0035 0.0037 0.2333 0.0034 
      BERM01  3 0.0012 0.0007 0.0009 0.9823 0.0016 0.0014 0.0014 0.0013 0.0019 0.0021 0.0034 0.0018 
      BERM02  3 0.0012 0.0006 0.0009 0.9749 0.0033 0.0017 0.0016 0.0017 0.0030 0.0023 0.0072 0.0016 
      BERM03  3 0.0012 0.0011 0.0009 0.9788 0.0016 0.0027 0.0017 0.0015 0.0017 0.0026 0.0041 0.0022 
      BERM04  3 0.0009 0.0015 0.0008 0.9794 0.0012 0.0023 0.0016 0.0018 0.0014 0.0020 0.0045 0.0027 
      BERM05  3 0.0012 0.0012 0.0012 0.9770 0.0011 0.0022 0.0029 0.0025 0.0014 0.0034 0.0029 0.0029 
      BERM06  3 0.0011 0.0011 0.0007 0.9431 0.0020 0.0015 0.0026 0.0021 0.0018 0.0038 0.0386 0.0014 
      BERM07  3 0.0011 0.0014 0.0010 0.9754 0.0029 0.0017 0.0017 0.0017 0.0018 0.0024 0.0064 0.0026 
      BERM08  3 0.0008 0.0008 0.0006 0.9838 0.0017 0.0010 0.0012 0.0018 0.0014 0.0024 0.0028 0.0016 
      BERM09  3 0.0009 0.0007 0.0007 0.7945 0.0060 0.0014 0.0019 0.0011 0.0017 0.0023 0.1869 0.0019 
      BERM10  3 0.0012 0.0039 0.0009 0.9497 0.0048 0.0016 0.0024 0.0030 0.0016 0.0185 0.0104 0.0019 
      BERM11  3 0.0010 0.0008 0.0009 0.9374 0.0027 0.0015 0.0015 0.0020 0.0021 0.0023 0.0452 0.0026 
      BERM12  3 0.0010 0.0077 0.0010 0.9164 0.0046 0.0012 0.0048 0.0429 0.0018 0.0037 0.0110 0.0039 
      BERM13  3 0.0012 0.0010 0.0008 0.9794 0.0020 0.0016 0.0025 0.0014 0.0023 0.0026 0.0032 0.0021 
      BERM14  3 0.0011 0.0010 0.0008 0.9450 0.0039 0.0017 0.0027 0.0014 0.0012 0.0021 0.0362 0.0029 
      CROC01  3 0.0028 0.0032 0.0088 0.9379 0.0022 0.0051 0.0198 0.0025 0.0064 0.0043 0.0039 0.0032 
      CROC02  3 0.0031 0.0010 0.0020 0.8720 0.0030 0.0054 0.0267 0.0061 0.0023 0.0150 0.0594 0.0039 
      CROC03  3 0.0017 0.0019 0.0015 0.8521 0.0023 0.0017 0.0035 0.0069 0.0028 0.0039 0.1191 0.0028 
      CROC04  3 0.0011 0.0011 0.0009 0.8464 0.0965 0.0021 0.0084 0.0013 0.0013 0.0365 0.0025 0.0022 
      CROC05  3 0.0011 0.0007 0.0009 0.9703 0.0013 0.0020 0.0017 0.0017 0.0017 0.0045 0.0108 0.0033 
      CROC06  3 0.0013 0.0012 0.0024 0.8654 0.0067 0.0013 0.0276 0.0031 0.0016 0.0636 0.0085 0.0175 
      CROC07  3 0.0011 0.0011 0.0009 0.9698 0.0031 0.0019 0.0029 0.0018 0.0026 0.0034 0.0097 0.0018 
      CROC08  3 0.0025 0.0016 0.0235 0.9437 0.0022 0.0037 0.0032 0.0050 0.0021 0.0026 0.0043 0.0056 
      CROC09  3 0.0010 0.0007 0.0042 0.9491 0.0013 0.0014 0.0026 0.0030 0.0029 0.0086 0.0233 0.0017 
      CROC10  3 0.0010 0.0007 0.0007 0.9777 0.0015 0.0027 0.0016 0.0021 0.0026 0.0023 0.0038 0.0034 
      CROC11  3 0.0010 0.0007 0.0039 0.9497 0.0013 0.0014 0.0026 0.0031 0.0030 0.0089 0.0229 0.0016 
     CROC110  3 0.0042 0.0013 0.0020 0.9178 0.0043 0.0168 0.0033 0.0014 0.0024 0.0150 0.0296 0.0018 
     CROC116  3 0.0041 0.0016 0.0017 0.9186 0.0080 0.0047 0.0135 0.0064 0.0041 0.0150 0.0198 0.0024 
      CROC12  3 0.0015 0.0007 0.0009 0.9781 0.0023 0.0021 0.0016 0.0016 0.0028 0.0036 0.0030 0.0017 
     CROC123  3 0.0009 0.0006 0.0007 0.9792 0.0019 0.0017 0.0015 0.0017 0.0018 0.0018 0.0070 0.0013 
      CROC13  3 0.0010 0.0012 0.0009 0.9681 0.0016 0.0026 0.0017 0.0073 0.0012 0.0025 0.0089 0.0031 
      CROC14  3 0.0016 0.0005 0.0015 0.8653 0.0033 0.0020 0.0017 0.0022 0.0013 0.0126 0.0273 0.0807 
      CROC15  3 0.0048 0.0012 0.0039 0.8476 0.0023 0.0042 0.1117 0.0059 0.0020 0.0043 0.0028 0.0093 
      CROC16  3 0.0027 0.0009 0.0034 0.9196 0.0013 0.0131 0.0063 0.0272 0.0025 0.0066 0.0139 0.0024 
      CROC17  3 0.0125 0.0007 0.0007 0.9018 0.0721 0.0011 0.0013 0.0017 0.0022 0.0019 0.0024 0.0015 
      CROC18  3 0.0041 0.0011 0.0011 0.9357 0.0037 0.0025 0.0160 0.0132 0.0134 0.0029 0.0045 0.0017 
      CROC19  3 0.0016 0.0032 0.0012 0.9435 0.0059 0.0016 0.0048 0.0022 0.0023 0.0267 0.0037 0.0033 
     CROC198  3 0.0014 0.0027 0.0010 0.9594 0.0016 0.0026 0.0017 0.0018 0.0013 0.0030 0.0208 0.0028 
      CROC20  3 0.0030 0.0014 0.0025 0.9524 0.0016 0.0054 0.0059 0.0044 0.0039 0.0063 0.0102 0.0029 
     CROC202  3 0.0011 0.0017 0.0009 0.9627 0.0020 0.0016 0.0038 0.0118 0.0015 0.0035 0.0060 0.0035 
      CROC21  3 0.0014 0.0009 0.0010 0.9741 0.0029 0.0028 0.0018 0.0023 0.0020 0.0040 0.0044 0.0023 
     CROC216  3 0.0057 0.0010 0.0021 0.9091 0.0124 0.0038 0.0470 0.0028 0.0033 0.0029 0.0074 0.0025 
      CROC22  3 0.0447 0.0202 0.0008 0.8274 0.0059 0.0052 0.0022 0.0026 0.0030 0.0025 0.0827 0.0028 
      CROC23  3 0.0014 0.0009 0.0011 0.9669 0.0096 0.0028 0.0016 0.0022 0.0042 0.0035 0.0041 0.0018 
      CROC24  3 0.0015 0.0008 0.0014 0.9448 0.0022 0.0018 0.0022 0.0057 0.0016 0.0032 0.0328 0.0020 
      CROC25  3 0.0010 0.0009 0.0009 0.9747 0.0019 0.0015 0.0022 0.0014 0.0022 0.0022 0.0085 0.0025 
     CROC259  3 0.0019 0.0011 0.0010 0.9312 0.0249 0.0019 0.0016 0.0025 0.0016 0.0038 0.0048 0.0237 
      CROC26  3 0.0013 0.0021 0.0014 0.8811 0.0961 0.0014 0.0023 0.0022 0.0016 0.0026 0.0044 0.0034 
      CROC27  3 0.0046 0.0017 0.0047 0.8385 0.0089 0.0022 0.0035 0.0022 0.0019 0.0043 0.1250 0.0024 
      CROC28  3 0.0015 0.0008 0.0010 0.7831 0.0186 0.0015 0.0018 0.0016 0.0013 0.0028 0.1839 0.0023 
      CROC29  3 0.0017 0.0010 0.0016 0.9684 0.0022 0.0031 0.0034 0.0021 0.0020 0.0036 0.0090 0.0019 
      CROC30  3 0.0089 0.0010 0.0039 0.9160 0.0043 0.0055 0.0223 0.0054 0.0036 0.0202 0.0061 0.0028 
      CROC31  3 0.0027 0.0008 0.0014 0.8801 0.0207 0.0097 0.0029 0.0022 0.0028 0.0177 0.0565 0.0025 
      CROC32  3 0.0013 0.0010 0.0007 0.9654 0.0019 0.0028 0.0021 0.0016 0.0012 0.0029 0.0164 0.0026 
      CROC33  3 0.0024 0.0012 0.0209 0.9105 0.0095 0.0016 0.0071 0.0034 0.0017 0.0301 0.0103 0.0013 
      CROC34  3 0.0015 0.0017 0.0014 0.9760 0.0024 0.0014 0.0022 0.0020 0.0023 0.0031 0.0027 0.0033 
      CROC35  3 0.0117 0.0005 0.0007 0.9286 0.0149 0.0011 0.0011 0.0021 0.0017 0.0215 0.0142 0.0020 
      CROC36  3 0.0008 0.0006 0.0007 0.9819 0.0012 0.0018 0.0016 0.0018 0.0018 0.0020 0.0034 0.0023 
      CROC57  3 0.0012 0.0010 0.0012 0.9741 0.0013 0.0021 0.0023 0.0018 0.0016 0.0028 0.0044 0.0061 
      CROC81  3 0.0014 0.0009 0.0049 0.9218 0.0017 0.0057 0.0127 0.0317 0.0029 0.0035 0.0101 0.0027 
      CROC84  3 0.0009 0.0024 0.0006 0.9677 0.0034 0.0013 0.0026 0.0088 0.0011 0.0033 0.0060 0.0020 
        FW01  3 0.0012 0.0014 0.0011 0.0025 0.0013 0.0020 0.0023 0.0030 0.0016 0.0026 0.9785 0.0024 
        FW02  3 0.0007 0.0007 0.0006 0.9848 0.0010 0.0012 0.0013 0.0011 0.0015 0.0017 0.0036 0.0016 
        FW03  3 0.0007 0.0008 0.0007 0.0019 0.0011 0.0012 0.0016 0.0015 0.0013 0.0018 0.9860 0.0015 
        FW04  3 0.0008 0.0007 0.0006 0.9847 0.0011 0.0012 0.0013 0.0011 0.0015 0.0017 0.0037 0.0017 
        FW05  3 0.0007 0.0007 0.0006 0.9847 0.0010 0.0012 0.0013 0.0011 0.0015 0.0017 0.0037 0.0017 
        FW06  3 0.0008 0.0007 0.0006 0.9848 0.0011 0.0012 0.0013 0.0011 0.0015 0.0018 0.0036 0.0017 
        FW07  3 0.0007 0.0008 0.0007 0.0019 0.0011 0.0012 0.0015 0.0016 0.0013 0.0018 0.9860 0.0015 
        FW08  3 0.0008 0.0007 0.0006 0.9849 0.0010 0.0012 0.0013 0.0011 0.0015 0.0018 0.0035 0.0017 
        FW09  3 0.0007 0.0007 0.0006 0.9849 0.0011 0.0012 0.0013 0.0011 0.0015 0.0018 0.0034 0.0017 
        FW10  3 0.0008 0.0008 0.0007 0.0019 0.0011 0.0013 0.0016 0.0016 0.0013 0.0018 0.9857 0.0015 
       FW100  3 0.0008 0.0008 0.0007 0.0024 0.0011 0.0012 0.0015 0.0016 0.0013 0.0018 0.9854 0.0015 
       FW101  3 0.0008 0.0007 0.0007 0.0019 0.0011 0.0013 0.0016 0.0015 0.0013 0.0018 0.9858 0.0014 
       FW102  3 0.0007 0.0007 0.0006 0.9847 0.0011 0.0012 0.0013 0.0011 0.0015 0.0017 0.0037 0.0017 
       FW103  3 0.0008 0.0007 0.0006 0.9848 0.0010 0.0012 0.0013 0.0011 0.0015 0.0017 0.0036 0.0017 
       FW104  3 0.0012 0.0014 0.0011 0.0026 0.0012 0.0022 0.0023 0.0030 0.0016 0.0026 0.9782 0.0025 
       FW105  3 0.0008 0.0008 0.0007 0.0018 0.0011 0.0013 0.0016 0.0016 0.0012 0.0018 0.9859 0.0015 
       FW106  3 0.0067 0.0023 0.0030 0.8598 0.0042 0.0040 0.0101 0.0048 0.0613 0.0058 0.0357 0.0023 
       FW107  3 0.0013 0.0014 0.0011 0.0024 0.0012 0.0022 0.0023 0.0029 0.0016 0.0026 0.9785 0.0024 
       FW108  3 0.0008 0.0007 0.0006 0.9846 0.0011 0.0013 0.0013 0.0011 0.0015 0.0018 0.0037 0.0017 
       FW109  3 0.0008 0.0008 0.0007 0.0019 0.0011 0.0012 0.0016 0.0016 0.0013 0.0017 0.9859 0.0015 
        FW11  3 0.0008 0.0008 0.0007 0.0025 0.0012 0.0012 0.0015 0.0015 0.0013 0.0018 0.9854 0.0015 
       FW110  3 0.0008 0.0008 0.0007 0.0018 0.0011 0.0012 0.0015 0.0016 0.0013 0.0018 0.9861 0.0015 
       FW111  3 0.0008 0.0007 0.0006 0.9847 0.0011 0.0012 0.0013 0.0011 0.0015 0.0017 0.0037 0.0017 
       FW112  3 0.0008 0.0007 0.0007 0.0025 0.0012 0.0013 0.0015 0.0016 0.0013 0.0018 0.9853 0.0015 
       FW113  3 0.0008 0.0007 0.0006 0.9848 0.0011 0.0012 0.0013 0.0011 0.0015 0.0018 0.0036 0.0017 
       FW114  3 0.0009 0.0008 0.0007 0.0019 0.0013 0.0012 0.0015 0.0015 0.0013 0.0020 0.9854 0.0015 
       FW115  3 0.0008 0.0008 0.0007 0.0019 0.0011 0.0013 0.0016 0.0016 0.0013 0.0018 0.9857 0.0015 
       FW116  3 0.0008 0.0007 0.0006 0.9848 0.0011 0.0012 0.0013 0.0011 0.0015 0.0017 0.0035 0.0017 
        FW12  3 0.0007 0.0007 0.0006 0.9848 0.0010 0.0012 0.0013 0.0011 0.0015 0.0017 0.0036 0.0017 
        FW13  3 0.0008 0.0007 0.0006 0.9846 0.0011 0.0012 0.0013 0.0011 0.0015 0.0018 0.0037 0.0017 
        FW14  3 0.0012 0.0014 0.0011 0.0025 0.0012 0.0022 0.0023 0.0030 0.0016 0.0026 0.9784 0.0025 
        FW15  3 0.0012 0.0014 0.0012 0.0025 0.0013 0.0022 0.0023 0.0029 0.0016 0.0026 0.9783 0.0025 
        FW16  3 0.0008 0.0007 0.0007 0.0018 0.0011 0.0013 0.0016 0.0015 0.0013 0.0018 0.9859 0.0015 
        FW17  3 0.0008 0.0008 0.0007 0.0018 0.0011 0.0013 0.0016 0.0015 0.0012 0.0018 0.9858 0.0015 
        FW18  3 0.0008 0.0008 0.0007 0.0025 0.0011 0.0013 0.0015 0.0016 0.0012 0.0017 0.9853 0.0015 
        FW19  3 0.0007 0.0007 0.0006 0.9848 0.0010 0.0012 0.0013 0.0011 0.0015 0.0018 0.0036 0.0017 
        FW20  3 0.0007 0.0007 0.0006 0.9848 0.0010 0.0012 0.0013 0.0011 0.0014 0.0018 0.0036 0.0017 
        FW21  3 0.0007 0.0007 0.0006 0.9848 0.0011 0.0012 0.0013 0.0011 0.0015 0.0018 0.0036 0.0017 
        FW22  3 0.0008 0.0008 0.0007 0.0024 0.0011 0.0013 0.0014 0.0016 0.0012 0.0017 0.9854 0.0015 
        FW23  3 0.0008 0.0007 0.0006 0.9847 0.0010 0.0012 0.0013 0.0011 0.0015 0.0017 0.0036 0.0017 
        FW24  3 0.0007 0.0007 0.0006 0.9847 0.0011 0.0012 0.0013 0.0011 0.0015 0.0017 0.0036 0.0017 
        FW25  3 0.0007 0.0007 0.0006 0.9848 0.0010 0.0012 0.0013 0.0011 0.0015 0.0017 0.0036 0.0017 
        FW26  3 0.0008 0.0007 0.0006 0.9847 0.0011 0.0013 0.0013 0.0011 0.0015 0.0018 0.0035 0.0017 
        FW27  3 0.0008 0.0008 0.0007 0.0019 0.0011 0.0013 0.0015 0.0016 0.0012 0.0018 0.9858 0.0015 
        FW28  3 0.0007 0.0007 0.0006 0.9847 0.0010 0.0013 0.0013 0.0011 0.0015 0.0017 0.0036 0.0017 
        FW29  3 0.0007 0.0007 0.0006 0.9848 0.0011 0.0012 0.0013 0.0011 0.0015 0.0017 0.0035 0.0017 
        FW30  3 0.0064 0.0023 0.0031 0.8600 0.0042 0.0040 0.0106 0.0047 0.0610 0.0056 0.0357 0.0023 
        FW32  3 0.0012 0.0014 0.0011 0.0025 0.0013 0.0021 0.0023 0.0028 0.0016 0.0025 0.9786 0.0025 
        FW33  3 0.0008 0.0007 0.0006 0.9844 0.0010 0.0013 0.0013 0.0011 0.0017 0.0017 0.0037 0.0017 
        FW34  3 0.0007 0.0007 0.0006 0.9848 0.0011 0.0012 0.0013 0.0011 0.0015 0.0017 0.0036 0.0017 
        FW35  3 0.0007 0.0007 0.0006 0.9848 0.0011 0.0012 0.0013 0.0011 0.0015 0.0018 0.0036 0.0017 
        FW36  3 0.0008 0.0007 0.0006 0.9848 0.0011 0.0012 0.0013 0.0011 0.0015 0.0017 0.0035 0.0017 
        FW37  3 0.0008 0.0008 0.0007 0.0019 0.0011 0.0013 0.0015 0.0016 0.0012 0.0018 0.9859 0.0015 
        FW51  3 0.0007 0.0007 0.0006 0.9849 0.0011 0.0012 0.0013 0.0011 0.0015 0.0018 0.0035 0.0017 
        FW52  3 0.0008 0.0008 0.0007 0.0018 0.0011 0.0012 0.0015 0.0016 0.0013 0.0018 0.9858 0.0015 
        FW53  3 0.0008 0.0007 0.0006 0.9847 0.0011 0.0012 0.0013 0.0011 0.0015 0.0017 0.0037 0.0017 
        FW54  3 0.0008 0.0008 0.0007 0.0019 0.0011 0.0012 0.0016 0.0016 0.0013 0.0018 0.9859 0.0015 
        FW55  3 0.0007 0.0007 0.0006 0.9847 0.0011 0.0012 0.0013 0.0011 0.0015 0.0018 0.0035 0.0017 
        FW56  3 0.0007 0.0007 0.0006 0.9847 0.0011 0.0012 0.0013 0.0011 0.0015 0.0018 0.0036 0.0016 
        FW57  3 0.0007 0.0007 0.0006 0.9848 0.0010 0.0012 0.0013 0.0011 0.0015 0.0017 0.0035 0.0017 
        FW78  3 0.0008 0.0007 0.0006 0.9848 0.0011 0.0012 0.0013 0.0011 0.0015 0.0017 0.0036 0.0017 
        FW79  3 0.0007 0.0007 0.0006 0.9848 0.0011 0.0012 0.0013 0.0011 0.0015 0.0017 0.0036 0.0017 
        FW80  3 0.0007 0.0007 0.0006 0.9847 0.0011 0.0012 0.0013 0.0011 0.0015 0.0017 0.0036 0.0017 
        FW81  3 0.0007 0.0008 0.0007 0.0019 0.0011 0.0011 0.0015 0.0015 0.0013 0.0018 0.9861 0.0015 
        FW82  3 0.0008 0.0008 0.0007 0.0019 0.0011 0.0013 0.0016 0.0016 0.0012 0.0018 0.9858 0.0015 
        FW83  3 0.0012 0.0014 0.0011 0.0025 0.0012 0.0022 0.0024 0.0029 0.0016 0.0026 0.9784 0.0025 
        FW84  3 0.0007 0.0007 0.0006 0.9848 0.0010 0.0012 0.0013 0.0011 0.0015 0.0018 0.0036 0.0017 
        FW85  3 0.0008 0.0007 0.0007 0.0018 0.0012 0.0013 0.0019 0.0018 0.0012 0.0020 0.9850 0.0015 
        FW86  3 0.0008 0.0008 0.0007 0.0024 0.0012 0.0013 0.0015 0.0016 0.0012 0.0017 0.9852 0.0015 
        FW87  3 0.0008 0.0008 0.0007 0.0024 0.0012 0.0012 0.0015 0.0016 0.0013 0.0017 0.9853 0.0015 
        FW88  3 0.0007 0.0007 0.0006 0.9846 0.0011 0.0012 0.0012 0.0011 0.0015 0.0018 0.0038 0.0017 
        FW89  3 0.0007 0.0007 0.0006 0.9847 0.0011 0.0012 0.0013 0.0011 0.0015 0.0018 0.0036 0.0017 
        FW90  3 0.0008 0.0007 0.0006 0.9847 0.0011 0.0012 0.0013 0.0011 0.0015 0.0018 0.0036 0.0017 
        FW91  3 0.0008 0.0008 0.0007 0.0019 0.0011 0.0013 0.0015 0.0016 0.0013 0.0018 0.9857 0.0015 
        FW92  3 0.0008 0.0007 0.0006 0.9847 0.0011 0.0012 0.0013 0.0011 0.0015 0.0017 0.0036 0.0017 
        FW93  3 0.0008 0.0007 0.0006 0.9848 0.0011 0.0012 0.0013 0.0011 0.0015 0.0018 0.0035 0.0017 
        FW94  3 0.0008 0.0008 0.0007 0.0019 0.0011 0.0013 0.0015 0.0015 0.0013 0.0018 0.9859 0.0015 
        FW95  3 0.0008 0.0007 0.0006 0.9847 0.0011 0.0012 0.0013 0.0011 0.0015 0.0018 0.0036 0.0017 
        FW96  3 0.0008 0.0007 0.0006 0.9846 0.0011 0.0012 0.0013 0.0011 0.0015 0.0018 0.0037 0.0017 
        FW97  3 0.0052 0.0094 0.0020 0.8932 0.0022 0.0023 0.0073 0.0041 0.0031 0.0052 0.0550 0.0109 
        FW98  3 0.0008 0.0008 0.0007 0.0019 0.0011 0.0012 0.0015 0.0016 0.0012 0.0018 0.9860 0.0015 
        FW99  3 0.0008 0.0007 0.0006 0.9847 0.0011 0.0013 0.0013 0.0011 0.0015 0.0018 0.0035 0.0018 
       Cal01  3 0.0018 0.0009 0.0023 0.9768 0.0022 0.0018 0.0020 0.0018 0.0013 0.0024 0.0044 0.0023 
       Cal02  3 0.0019 0.0011 0.0008 0.9696 0.0023 0.0036 0.0024 0.0026 0.0049 0.0036 0.0047 0.0024 
       Cal03  3 0.0016 0.0007 0.0016 0.8816 0.0017 0.0024 0.0050 0.0036 0.0019 0.0073 0.0914 0.0012 
       Cal04  3 0.0016 0.0106 0.0012 0.9375 0.0041 0.0015 0.0045 0.0034 0.0024 0.0276 0.0033 0.0024 
       Cal05  3 0.0008 0.0009 0.0006 0.9667 0.0045 0.0009 0.0015 0.0016 0.0016 0.0019 0.0179 0.0013 
       Cal06  3 0.0017 0.0007 0.0012 0.9559 0.0108 0.0024 0.0023 0.0019 0.0033 0.0102 0.0040 0.0055 
       Cal07  3 0.0009 0.0006 0.0007 0.9701 0.0129 0.0012 0.0016 0.0012 0.0014 0.0019 0.0059 0.0017 
       Cal08  3 0.0021 0.0019 0.0011 0.9553 0.0022 0.0016 0.0030 0.0026 0.0015 0.0071 0.0173 0.0044 
       Cal09  3 0.0010 0.0010 0.0008 0.9458 0.0235 0.0094 0.0015 0.0049 0.0018 0.0022 0.0063 0.0017 
       Cal10  3 0.0040 0.0015 0.0018 0.9622 0.0028 0.0022 0.0037 0.0026 0.0015 0.0061 0.0098 0.0017 
       Cal11  3 0.0011 0.0014 0.0009 0.9420 0.0037 0.0022 0.0020 0.0017 0.0029 0.0026 0.0101 0.0294 
      Cal197  3 0.0013 0.0005 0.0011 0.9805 0.0021 0.0013 0.0013 0.0011 0.0017 0.0048 0.0029 0.0014 
      Cal198  3 0.0019 0.0017 0.0372 0.8612 0.0419 0.0020 0.0020 0.0015 0.0015 0.0235 0.0244 0.0014 
      Cal199  3 0.0011 0.0464 0.0017 0.9183 0.0012 0.0016 0.0023 0.0024 0.0014 0.0050 0.0167 0.0019 
      Cal200  3 0.0011 0.0006 0.0009 0.8539 0.0028 0.0017 0.0067 0.0021 0.0014 0.0062 0.1191 0.0036 
      Cal201  3 0.0019 0.0007 0.0006 0.9272 0.0037 0.0038 0.0018 0.0011 0.0017 0.0020 0.0533 0.0021 
      Cal202  3 0.0063 0.0050 0.0123 0.9289 0.0025 0.0069 0.0041 0.0175 0.0021 0.0045 0.0082 0.0016 
      Cal203  3 0.0013 0.0013 0.0011 0.9512 0.0016 0.0023 0.0026 0.0018 0.0018 0.0026 0.0267 0.0057 
      Cal204  3 0.0012 0.0009 0.0012 0.9765 0.0019 0.0019 0.0025 0.0024 0.0031 0.0030 0.0030 0.0026 
      Cal205  3 0.0020 0.0011 0.0011 0.9715 0.0022 0.0024 0.0018 0.0018 0.0041 0.0035 0.0071 0.0013 
      Cal206  3 0.0018 0.0010 0.0012 0.9594 0.0014 0.0042 0.0029 0.0047 0.0029 0.0056 0.0129 0.0020 
      Cal207  3 0.0016 0.0006 0.0027 0.9698 0.0027 0.0017 0.0037 0.0013 0.0013 0.0085 0.0046 0.0015 
      Cal208  3 0.0013 0.0010 0.0016 0.9787 0.0014 0.0022 0.0022 0.0019 0.0014 0.0023 0.0043 0.0020 
      Cal209  3 0.0010 0.0011 0.0007 0.9808 0.0013 0.0015 0.0014 0.0018 0.0014 0.0021 0.0052 0.0018 
      Cal210  3 0.0010 0.0472 0.0016 0.9180 0.0012 0.0016 0.0024 0.0023 0.0015 0.0047 0.0167 0.0018 
      Cal211  3 0.0010 0.0008 0.0007 0.9777 0.0020 0.0015 0.0030 0.0012 0.0016 0.0032 0.0054 0.0018 
      Cal212  3 0.0010 0.0012 0.0009 0.9135 0.0018 0.0019 0.0053 0.0020 0.0019 0.0049 0.0640 0.0016 
      Cal213  3 0.0124 0.0012 0.0215 0.7598 0.0709 0.0019 0.0090 0.0019 0.0015 0.0284 0.0903 0.0013 
      Cal214  3 0.0036 0.0265 0.0044 0.9265 0.0016 0.0119 0.0015 0.0023 0.0018 0.0150 0.0030 0.0020 
      Cal215  3 0.0020 0.0062 0.0012 0.9599 0.0019 0.0026 0.0044 0.0057 0.0016 0.0040 0.0074 0.0031 
      Cal216  3 0.0018 0.0006 0.0033 0.9437 0.0029 0.0055 0.0045 0.0037 0.0042 0.0049 0.0227 0.0023 
      Cal217  3 0.0010 0.0006 0.0008 0.9803 0.0022 0.0015 0.0012 0.0011 0.0019 0.0025 0.0050 0.0019 
      Cal218  3 0.0009 0.0011 0.0007 0.8460 0.0019 0.0018 0.0027 0.0017 0.0018 0.0039 0.1359 0.0016 
      Cal219  3 0.0021 0.0011 0.0007 0.9674 0.0017 0.0041 0.0029 0.0018 0.0023 0.0024 0.0118 0.0018 
      Cal220  3 0.0015 0.0015 0.0012 0.9096 0.0017 0.0019 0.0016 0.0013 0.0706 0.0026 0.0036 0.0028 
      Cal221  3 0.0010 0.0023 0.0016 0.9428 0.0018 0.0015 0.0022 0.0021 0.0016 0.0042 0.0375 0.0015 
      Cal222  3 0.0012 0.0098 0.0016 0.9563 0.0022 0.0013 0.0022 0.0020 0.0016 0.0050 0.0147 0.0020 
      Cal223  3 0.0039 0.0020 0.0070 0.7590 0.1441 0.0030 0.0030 0.0018 0.0031 0.0071 0.0626 0.0034 
      Cal224  3 0.0016 0.0011 0.0657 0.8833 0.0033 0.0014 0.0091 0.0145 0.0013 0.0106 0.0032 0.0049 
       Cal33  3 0.0023 0.0010 0.0007 0.9761 0.0019 0.0025 0.0019 0.0016 0.0017 0.0036 0.0053 0.0016 
       Cal34  3 0.0016 0.0012 0.0024 0.9563 0.0073 0.0043 0.0016 0.0026 0.0130 0.0024 0.0056 0.0017 
       Cal35  3 0.0015 0.0007 0.0007 0.9781 0.0027 0.0019 0.0025 0.0018 0.0017 0.0023 0.0046 0.0015 
       Cal37  3 0.0063 0.0008 0.0006 0.9218 0.0121 0.0309 0.0070 0.0020 0.0026 0.0082 0.0062 0.0015 
       Cal38  3 0.0009 0.0008 0.0006 0.9826 0.0021 0.0013 0.0013 0.0010 0.0015 0.0022 0.0041 0.0016 
       Cal39  3 0.0010 0.0015 0.0007 0.9106 0.0022 0.0016 0.0023 0.0037 0.0014 0.0020 0.0712 0.0019 
       Cal40  3 0.0010 0.0011 0.0007 0.9808 0.0012 0.0015 0.0014 0.0017 0.0014 0.0021 0.0053 0.0018 
       Cal41  3 0.0010 0.0010 0.0007 0.9815 0.0018 0.0013 0.0016 0.0017 0.0014 0.0022 0.0040 0.0019 
       Cal42  3 0.0014 0.0013 0.0008 0.9777 0.0012 0.0026 0.0019 0.0020 0.0012 0.0025 0.0041 0.0034 
       Cal43  3 0.0014 0.0012 0.0010 0.9715 0.0022 0.0021 0.0022 0.0013 0.0018 0.0038 0.0095 0.0019 
       Cal44  3 0.0011 0.0013 0.0021 0.7994 0.0017 0.0018 0.0045 0.0023 0.0833 0.0041 0.0955 0.0029 
        BW41  3 0.0018 0.0015 0.0022 0.9222 0.0022 0.0079 0.0055 0.0348 0.0035 0.0027 0.0136 0.0021 
        BW42  3 0.0214 0.0010 0.0015 0.9262 0.0029 0.0022 0.0031 0.0022 0.0027 0.0052 0.0293 0.0024 
        BW44  3 0.0012 0.0009 0.0012 0.9350 0.0058 0.0016 0.0020 0.0013 0.0025 0.0030 0.0428 0.0028 
        BW45  3 0.0009 0.0006 0.0006 0.9630 0.0024 0.0012 0.0014 0.0011 0.0014 0.0016 0.0240 0.0016 
        BW46  3 0.0017 0.0009 0.0028 0.9070 0.0016 0.0126 0.0023 0.0032 0.0021 0.0032 0.0609 0.0018 
        BW47  3 0.0017 0.0007 0.0006 0.9162 0.0039 0.0012 0.0217 0.0091 0.0373 0.0022 0.0039 0.0015 
        BW48  3 0.0042 0.0023 0.0016 0.8156 0.0035 0.0046 0.0067 0.0067 0.0042 0.0060 0.1412 0.0034 
        BW49  3 0.0021 0.0007 0.0008 0.9700 0.0096 0.0030 0.0016 0.0013 0.0018 0.0020 0.0032 0.0037 
        BW50  3 0.0013 0.0009 0.0009 0.9722 0.0016 0.0017 0.0017 0.0029 0.0018 0.0026 0.0103 0.0021 
        BW51  3 0.0012 0.0010 0.0011 0.8465 0.0192 0.0031 0.0013 0.0016 0.0017 0.0021 0.1197 0.0017 
        BW52  3 0.0010 0.0009 0.0009 0.9660 0.0021 0.0019 0.0014 0.0015 0.0021 0.0022 0.0048 0.0153 
        BW53  3 0.0017 0.0007 0.0011 0.9318 0.0025 0.0036 0.0040 0.0020 0.0426 0.0032 0.0051 0.0016 
        BW54  3 0.0017 0.0016 0.0009 0.7795 0.0054 0.0016 0.1419 0.0036 0.0419 0.0029 0.0166 0.0023 
        BW55  3 0.0017 0.0014 0.0025 0.9109 0.0020 0.0029 0.0041 0.0030 0.0017 0.0030 0.0625 0.0042 
        BW56  3 0.0010 0.0008 0.0009 0.9770 0.0023 0.0012 0.0017 0.0038 0.0018 0.0044 0.0031 0.0021 
        BW57  3 0.0026 0.0007 0.0027 0.9620 0.0066 0.0042 0.0021 0.0016 0.0068 0.0034 0.0057 0.0017 
        BW58  3 0.0034 0.0009 0.0017 0.9551 0.0058 0.0049 0.0023 0.0018 0.0024 0.0024 0.0177 0.0015 
        BW59  3 0.0008 0.0008 0.0006 0.9728 0.0020 0.0017 0.0017 0.0016 0.0014 0.0078 0.0072 0.0015 
        BW60  3 0.0012 0.0008 0.0009 0.9720 0.0023 0.0016 0.0020 0.0018 0.0021 0.0020 0.0109 0.0024 
        BW61  3 0.0195 0.0010 0.0011 0.7949 0.0034 0.0021 0.0024 0.0816 0.0022 0.0086 0.0798 0.0033 
        BW62  3 0.0019 0.0008 0.0013 0.8108 0.0027 0.0020 0.0334 0.0049 0.0030 0.0032 0.1341 0.0019 
        BW63  3 0.0074 0.0009 0.0015 0.7199 0.0152 0.0039 0.0901 0.0022 0.0053 0.0039 0.1479 0.0019 
        BW64  3 0.0014 0.0007 0.0008 0.9755 0.0017 0.0011 0.0023 0.0014 0.0017 0.0027 0.0088 0.0018 
        BW65  3 0.0046 0.0021 0.0058 0.8337 0.0043 0.0124 0.0038 0.0155 0.0251 0.0055 0.0837 0.0035 
        BW66  3 0.0018 0.0012 0.0012 0.9117 0.0085 0.0014 0.0025 0.0042 0.0020 0.0025 0.0485 0.0144 
        BW67  3 0.0009 0.0007 0.0007 0.8304 0.0017 0.0011 0.0017 0.0013 0.0017 0.0018 0.1562 0.0019 
        BW68  3 0.0046 0.0008 0.0011 0.9454 0.0044 0.0051 0.0077 0.0061 0.0057 0.0043 0.0132 0.0017 
        BW69  3 0.0013 0.0017 0.0009 0.9108 0.0018 0.0035 0.0022 0.0484 0.0019 0.0026 0.0226 0.0023 
        BW70  3 0.0015 0.0015 0.0013 0.9226 0.0026 0.0016 0.0019 0.0013 0.0025 0.0032 0.0577 0.0024 
        BW71  3 0.0008 0.0006 0.0006 0.9843 0.0017 0.0015 0.0012 0.0012 0.0012 0.0017 0.0034 0.0018 
        BW72  3 0.0035 0.0010 0.0024 0.9327 0.0028 0.0079 0.0232 0.0117 0.0029 0.0038 0.0046 0.0035 
        BW73  3 0.0114 0.0012 0.0009 0.9025 0.0056 0.0187 0.0018 0.0219 0.0040 0.0111 0.0037 0.0173 
        BW74  3 0.0019 0.0020 0.0012 0.8914 0.0050 0.0108 0.0020 0.0037 0.0021 0.0043 0.0737 0.0020 
        BW75  3 0.0028 0.0008 0.0017 0.9410 0.0083 0.0037 0.0031 0.0016 0.0015 0.0106 0.0034 0.0215 
        BW76  3 0.0014 0.0020 0.0014 0.9592 0.0019 0.0024 0.0054 0.0066 0.0020 0.0034 0.0114 0.0029 
        BW77  3 0.0064 0.0006 0.0040 0.8243 0.0077 0.0386 0.0046 0.0039 0.0093 0.0032 0.0949 0.0026 
        BW78  3 0.0009 0.0025 0.0008 0.9660 0.0049 0.0019 0.0022 0.0020 0.0016 0.0021 0.0128 0.0023 
        BW79  3 0.0245 0.0011 0.0006 0.9557 0.0031 0.0014 0.0014 0.0017 0.0016 0.0027 0.0044 0.0018 
        BW80  3 0.0009 0.0008 0.0011 0.9372 0.0021 0.0015 0.0039 0.0016 0.0019 0.0174 0.0296 0.0021 
        BW81  3 0.0023 0.0006 0.0044 0.9402 0.0080 0.0047 0.0019 0.0018 0.0015 0.0038 0.0290 0.0018 
       BWS05  3 0.0051 0.0036 0.0019 0.7479 0.0047 0.0065 0.0081 0.0364 0.0161 0.0106 0.1533 0.0058 
       BWS06  3 0.0013 0.0055 0.0013 0.6073 0.0018 0.0019 0.0022 0.0020 0.0040 0.0029 0.3665 0.0033 
       BWS07  3 0.0024 0.0009 0.0006 0.9295 0.0060 0.0170 0.0027 0.0014 0.0013 0.0306 0.0064 0.0012 
       BWS08  3 0.0083 0.0017 0.0048 0.8990 0.0211 0.0017 0.0103 0.0219 0.0030 0.0052 0.0115 0.0115 
       BWS09  3 0.0009 0.0008 0.0014 0.9809 0.0015 0.0019 0.0017 0.0013 0.0013 0.0017 0.0050 0.0016 
       BWS10  3 0.0044 0.0018 0.0010 0.9074 0.0033 0.0019 0.0340 0.0020 0.0021 0.0032 0.0368 0.0020 
       BWS11  3 0.0012 0.0010 0.0008 0.9817 0.0015 0.0023 0.0018 0.0015 0.0016 0.0028 0.0021 0.0019 
       BWS12  3 0.0025 0.0009 0.0029 0.9146 0.0035 0.0068 0.0044 0.0026 0.0059 0.0052 0.0465 0.0041 
       BWS13  3 0.0016 0.0011 0.0055 0.8480 0.0015 0.0031 0.0033 0.0016 0.0033 0.0018 0.1269 0.0023 
       BWS14  3 0.0024 0.0011 0.0010 0.7755 0.0026 0.0032 0.0029 0.0035 0.0046 0.0064 0.1954 0.0015 
       BWS15  3 0.0025 0.0025 0.0014 0.9712 0.0022 0.0022 0.0035 0.0025 0.0020 0.0035 0.0019 0.0046 
       BWS16  3 0.0016 0.0011 0.0009 0.9268 0.0483 0.0016 0.0033 0.0023 0.0046 0.0024 0.0053 0.0018 
       BWS17  3 0.0030 0.0013 0.0014 0.9710 0.0021 0.0016 0.0026 0.0044 0.0022 0.0028 0.0050 0.0027 
       BWS18  3 0.0031 0.0079 0.0303 0.9251 0.0041 0.0044 0.0034 0.0020 0.0025 0.0081 0.0074 0.0016 
       BWS19  3 0.0172 0.0053 0.0080 0.9108 0.0032 0.0057 0.0021 0.0178 0.0017 0.0092 0.0172 0.0018 
       BWS20  3 0.0012 0.0007 0.0010 0.9674 0.0131 0.0013 0.0015 0.0015 0.0012 0.0024 0.0067 0.0021 
       BWS21  3 0.0113 0.0110 0.0238 0.6896 0.0048 0.0169 0.0081 0.0039 0.0283 0.0082 0.1896 0.0045 
       BWS22  3 0.0018 0.0008 0.0022 0.9475 0.0016 0.0030 0.0031 0.0020 0.0037 0.0027 0.0298 0.0019 
       BWS23  3 0.0014 0.0021 0.0352 0.9231 0.0038 0.0022 0.0017 0.0023 0.0017 0.0119 0.0132 0.0015 
       BWS24  3 0.0228 0.0052 0.0014 0.9103 0.0093 0.0147 0.0049 0.0022 0.0016 0.0173 0.0069 0.0033 
       BWS25  3 0.0108 0.0010 0.0007 0.9667 0.0013 0.0049 0.0015 0.0047 0.0012 0.0016 0.0039 0.0016 
       BWS26  3 0.0029 0.0008 0.0009 0.9660 0.0031 0.0031 0.0024 0.0026 0.0031 0.0032 0.0083 0.0036 
       BWS27  3 0.0012 0.0009 0.0007 0.9607 0.0080 0.0016 0.0017 0.0013 0.0016 0.0103 0.0104 0.0017 
       BWS28  3 0.0040 0.0010 0.0016 0.8504 0.0050 0.0557 0.0198 0.0041 0.0047 0.0033 0.0487 0.0018 
       BWS29  3 0.0020 0.0020 0.0017 0.7237 0.0041 0.0038 0.0076 0.0074 0.0026 0.0054 0.2347 0.0051 
       BWS30  3 0.0010 0.0007 0.0024 0.9781 0.0019 0.0034 0.0014 0.0018 0.0019 0.0016 0.0041 0.0017 
       BWS31  3 0.0044 0.0010 0.0012 0.9441 0.0163 0.0017 0.0040 0.0119 0.0018 0.0031 0.0090 0.0015 
       BWS32  3 0.0484 0.0033 0.0007 0.8292 0.0080 0.0028 0.0035 0.0018 0.0020 0.0034 0.0939 0.0031 
       BWS33  3 0.0028 0.0013 0.0020 0.9340 0.0017 0.0040 0.0322 0.0060 0.0035 0.0059 0.0037 0.0028 
       BWS34  3 0.0016 0.0010 0.0040 0.6875 0.0033 0.0026 0.0074 0.0031 0.0027 0.0047 0.2758 0.0063 
       BWS35  3 0.0036 0.0059 0.0015 0.9512 0.0052 0.0024 0.0062 0.0028 0.0052 0.0033 0.0100 0.0028 
       BWS36  3 0.0009 0.0009 0.0007 0.9757 0.0015 0.0017 0.0014 0.0020 0.0016 0.0022 0.0057 0.0058 
       BWS37  3 0.0017 0.0011 0.0014 0.8898 0.0038 0.0035 0.0061 0.0131 0.0030 0.0055 0.0693 0.0017 
       BWS38  3 0.0013 0.0010 0.0012 0.9626 0.0029 0.0017 0.0023 0.0026 0.0016 0.0024 0.0176 0.0027 
       BWS39  3 0.0010 0.0008 0.0008 0.9616 0.0026 0.0013 0.0015 0.0013 0.0028 0.0024 0.0217 0.0021 
       BWS40  3 0.0011 0.0021 0.0010 0.9716 0.0016 0.0022 0.0016 0.0033 0.0018 0.0019 0.0082 0.0037 
       BWN01  3 0.0012 0.0015 0.0010 0.9518 0.0060 0.0019 0.0024 0.0031 0.0020 0.0024 0.0242 0.0024 
       BWN02  3 0.0012 0.0008 0.0008 0.9033 0.0752 0.0019 0.0019 0.0019 0.0025 0.0021 0.0069 0.0015 
       BWN03  3 0.0036 0.0013 0.0038 0.9132 0.0025 0.0041 0.0131 0.0094 0.0301 0.0061 0.0039 0.0089 
       BWN04  3 0.0011 0.0007 0.0014 0.8287 0.0046 0.0023 0.0020 0.0034 0.0033 0.0039 0.1263 0.0224 
        NC01  4 0.0030 0.0007 0.0009 0.0915 0.7617 0.0636 0.0040 0.0014 0.0043 0.0138 0.0523 0.0028 
        NC02  4 0.0017 0.0009 0.0013 0.0123 0.8916 0.0049 0.0031 0.0045 0.0025 0.0047 0.0689 0.0036 
        NC03  4 0.0032 0.0006 0.0043 0.0037 0.9675 0.0022 0.0015 0.0014 0.0019 0.0045 0.0077 0.0016 
        NC04  4 0.0018 0.0013 0.0010 0.0056 0.9549 0.0022 0.0024 0.0018 0.0013 0.0067 0.0191 0.0020 
        NC05  4 0.0030 0.0027 0.0029 0.0145 0.8507 0.0021 0.0102 0.0027 0.0024 0.0973 0.0078 0.0036 
        NC06  4 0.0015 0.0013 0.0010 0.0389 0.8920 0.0079 0.0018 0.0263 0.0028 0.0039 0.0211 0.0015 
        NC07  4 0.0012 0.0022 0.0007 0.0104 0.9605 0.0017 0.0017 0.0015 0.0015 0.0047 0.0122 0.0017 
        NC08  4 0.0019 0.0009 0.0016 0.0058 0.7812 0.0017 0.0024 0.0022 0.0016 0.0059 0.1912 0.0037 
        NC09  4 0.0025 0.0012 0.0019 0.0080 0.9164 0.0014 0.0058 0.0016 0.0022 0.0053 0.0492 0.0043 
        NC10  4 0.0010 0.0005 0.0008 0.1138 0.6945 0.0025 0.0016 0.0015 0.0030 0.0029 0.1743 0.0036 
        NC11  4 0.0019 0.0018 0.0016 0.0325 0.8994 0.0024 0.0063 0.0034 0.0045 0.0310 0.0107 0.0045 
        NC12  4 0.0013 0.0007 0.0009 0.0041 0.9430 0.0027 0.0049 0.0059 0.0017 0.0056 0.0277 0.0016 
        NC13  4 0.0041 0.0010 0.0134 0.0070 0.9481 0.0017 0.0039 0.0014 0.0020 0.0071 0.0088 0.0014 
        NC14  4 0.0027 0.0009 0.0009 0.0105 0.8456 0.0048 0.0026 0.0018 0.0024 0.0593 0.0657 0.0027 
        NC15  4 0.0058 0.0011 0.0024 0.0091 0.9343 0.0016 0.0083 0.0029 0.0017 0.0057 0.0241 0.0031 
        NC16  4 0.0017 0.0007 0.0009 0.0430 0.8411 0.0818 0.0044 0.0015 0.0031 0.0066 0.0126 0.0027 
        NC18  4 0.0015 0.0006 0.0014 0.0083 0.9015 0.0030 0.0036 0.0018 0.0020 0.0099 0.0540 0.0125 
        NC19  4 0.0009 0.0006 0.0009 0.0025 0.9657 0.0019 0.0027 0.0017 0.0015 0.0033 0.0169 0.0014 
        NC20  4 0.0014 0.0017 0.0031 0.0288 0.7218 0.0016 0.0031 0.0038 0.0022 0.0063 0.2102 0.0161 
        NC21  4 0.0026 0.0008 0.0035 0.0091 0.8047 0.0048 0.0090 0.0019 0.0041 0.0045 0.1533 0.0016 
        NC22  4 0.0009 0.0012 0.0010 0.0038 0.8157 0.0013 0.0015 0.0037 0.0018 0.0019 0.1645 0.0028 
        NC23  4 0.0031 0.0009 0.0014 0.0161 0.9097 0.0030 0.0025 0.0015 0.0037 0.0066 0.0475 0.0041 
        NC24  4 0.0013 0.0015 0.0007 0.0032 0.9721 0.0013 0.0019 0.0023 0.0017 0.0039 0.0068 0.0031 
      SAND01  4 0.0008 0.0010 0.0007 0.0027 0.0012 0.0009 0.0017 0.0012 0.0017 0.0021 0.9843 0.0017 
      SAND02  4 0.0008 0.0009 0.0006 0.0030 0.0011 0.0011 0.0013 0.0015 0.0017 0.0019 0.9845 0.0015 
      SAND03  4 0.0007 0.0007 0.0006 0.0026 0.0011 0.0010 0.0011 0.0011 0.0013 0.0016 0.9866 0.0015 
      SAND04  4 0.0008 0.0007 0.0007 0.0018 0.0011 0.0013 0.0012 0.0013 0.0020 0.0018 0.9859 0.0013 
      SAND05  4 0.0008 0.0008 0.0006 0.0021 0.0012 0.0013 0.0013 0.0012 0.0016 0.0019 0.9857 0.0016 
      SAND06  4 0.0009 0.0007 0.0006 0.0031 0.0015 0.0015 0.0014 0.0014 0.0021 0.0021 0.9833 0.0014 
      SAND07  4 0.0008 0.0011 0.0007 0.0033 0.0012 0.0011 0.0015 0.0012 0.0016 0.0019 0.9836 0.0021 
      SAND08  4 0.0010 0.0006 0.0006 0.0030 0.0031 0.0012 0.0014 0.0019 0.0021 0.0018 0.9816 0.0017 
      SAND09  4 0.0047 0.0020 0.0013 0.0567 0.0203 0.0020 0.0071 0.0019 0.0065 0.0133 0.8819 0.0023 
      SAND10  4 0.0009 0.0008 0.0006 0.0030 0.0017 0.0012 0.0016 0.0014 0.0013 0.0019 0.9834 0.0022 
      SAND11  4 0.0008 0.0008 0.0007 0.0026 0.0011 0.0010 0.0015 0.0013 0.0014 0.0023 0.9845 0.0018 
      SAND12  4 0.0008 0.0007 0.0006 0.0023 0.0012 0.0011 0.0015 0.0011 0.0015 0.0018 0.9854 0.0019 
