        TC01  1 0.0090 0.0015 0.0016 0.9790 0.0010 0.0030 0.0048 
        TC02  1 0.0019 0.0019 0.0022 0.9856 0.0010 0.0016 0.0058 
        TC03  1 0.0016 0.0023 0.0012 0.9883 0.0014 0.0016 0.0036 
        TC04  1 0.0109 0.0459 0.0057 0.8632 0.0017 0.0014 0.0711 
        TC05  1 0.0008 0.0025 0.0008 0.9851 0.0011 0.0009 0.0088 
        TC06  1 0.0017 0.0903 0.0035 0.8949 0.0009 0.0011 0.0077 
        TC07  1 0.0019 0.0025 0.0008 0.9858 0.0014 0.0007 0.0068 
        TC08  1 0.0008 0.0025 0.0017 0.9885 0.0011 0.0011 0.0042 
        TC09  1 0.0010 0.0178 0.1115 0.8640 0.0010 0.0006 0.0039 
        TC10  1 0.0017 0.0089 0.0072 0.9707 0.0040 0.0033 0.0042 
        TC11  1 0.0017 0.0012 0.0009 0.9919 0.0009 0.0012 0.0021 
        TC12  1 0.0035 0.0087 0.0028 0.9563 0.0021 0.0059 0.0207 
        TC13  1 0.0009 0.0024 0.0019 0.9906 0.0007 0.0010 0.0026 
        TC14  1 0.0041 0.0538 0.0088 0.9216 0.0035 0.0020 0.0061 
        TC15  1 0.0014 0.0451 0.0085 0.9339 0.0018 0.0018 0.0076 
        TC16  1 0.0015 0.0128 0.1622 0.8112 0.0021 0.0014 0.0088 
        TC17  1 0.0041 0.0201 0.0395 0.8706 0.0064 0.0075 0.0518 
        TC18  1 0.0151 0.0030 0.0012 0.9537 0.0049 0.0098 0.0124 
        TC19  1 0.0009 0.0018 0.0104 0.9824 0.0008 0.0013 0.0023 
        TC20  1 0.0019 0.0021 0.0030 0.9880 0.0009 0.0010 0.0029 
        TC21  1 0.0341 0.0041 0.0015 0.8331 0.0333 0.0019 0.0919 
        TC22  1 0.0018 0.0040 0.0013 0.9722 0.0019 0.0102 0.0087 
        TC23  1 0.0020 0.0024 0.0013 0.9889 0.0013 0.0014 0.0028 
        TC24  1 0.0006 0.0014 0.0012 0.9931 0.0012 0.0007 0.0018 
        TC25  1 0.0541 0.0941 0.0022 0.8398 0.0038 0.0012 0.0049 
        TC26  1 0.0009 0.0069 0.0037 0.9818 0.0010 0.0009 0.0049 
        TC27  1 0.0011 0.0083 0.0009 0.9685 0.0014 0.0145 0.0053 
        TC28  1 0.0031 0.0215 0.0016 0.9606 0.0019 0.0012 0.0102 
        TC29  1 0.0029 0.0197 0.0027 0.9643 0.0024 0.0007 0.0074 
        TC30  1 0.0010 0.0030 0.0040 0.9867 0.0012 0.0012 0.0028 
        TC31  1 0.0128 0.0014 0.0015 0.9739 0.0024 0.0030 0.0050 
        TC32  1 0.0014 0.1165 0.0025 0.8415 0.0038 0.0009 0.0334 
        TC33  1 0.0021 0.0026 0.0010 0.9875 0.0018 0.0012 0.0038 
        TC34  1 0.0011 0.0585 0.0036 0.9238 0.0031 0.0041 0.0058 
        TC35  1 0.0048 0.0052 0.0147 0.9585 0.0011 0.0080 0.0077 
        TC36  1 0.0012 0.0021 0.0018 0.9877 0.0012 0.0013 0.0046 
        TC37  1 0.0013 0.0009 0.0013 0.9900 0.0015 0.0012 0.0039 
        TC38  1 0.0114 0.0177 0.0517 0.9111 0.0011 0.0007 0.0064 
        TC39  1 0.0017 0.0548 0.0303 0.9067 0.0011 0.0008 0.0045 
        TC40  1 0.0015 0.0296 0.0022 0.9542 0.0056 0.0016 0.0053 
        TC41  1 0.0010 0.0015 0.0009 0.9893 0.0013 0.0023 0.0037 
        TC42  1 0.0007 0.0053 0.0016 0.9875 0.0009 0.0012 0.0028 
        TC43  1 0.0013 0.0048 0.0012 0.9875 0.0012 0.0012 0.0029 
        TC44  1 0.0017 0.0072 0.0332 0.9490 0.0010 0.0035 0.0042 
        TC45  1 0.0033 0.0011 0.0016 0.9887 0.0007 0.0007 0.0040 
        TC46  1 0.0024 0.0017 0.0013 0.9829 0.0016 0.0027 0.0074 
        TC47  1 0.0015 0.0043 0.0064 0.9792 0.0012 0.0037 0.0037 
        TC48  1 0.0035 0.0035 0.0018 0.9620 0.0100 0.0039 0.0153 
        TC49  1 0.0015 0.0020 0.0009 0.9870 0.0010 0.0013 0.0062 
        TC50  1 0.0019 0.0015 0.0015 0.9828 0.0025 0.0039 0.0057 
        TC51  1 0.0030 0.0175 0.0033 0.9681 0.0012 0.0016 0.0054 
        TC52  1 0.0019 0.0034 0.0013 0.9841 0.0034 0.0008 0.0052 
        TC53  1 0.0007 0.0042 0.0023 0.9794 0.0010 0.0078 0.0046 
        TC54  1 0.0018 0.0093 0.0018 0.9704 0.0052 0.0021 0.0094 
        TC55  1 0.0021 0.0107 0.0030 0.9688 0.0034 0.0015 0.0104 
        TC56  1 0.0069 0.0060 0.0016 0.9727 0.0040 0.0025 0.0062 
        TC57  1 0.0016 0.0014 0.0031 0.9763 0.0021 0.0078 0.0077 
        TC58  1 0.0035 0.0019 0.0030 0.9842 0.0008 0.0015 0.0049 
        TC59  1 0.0009 0.0022 0.0010 0.9913 0.0009 0.0011 0.0027 
        TA01  2 0.0011 0.0038 0.0087 0.9806 0.0010 0.0012 0.0037 
        TA02  2 0.0009 0.0018 0.0018 0.9884 0.0023 0.0008 0.0039 
        TA03  2 0.0012 0.0026 0.0096 0.9759 0.0016 0.0043 0.0047 
        TA04  2 0.0010 0.0238 0.3350 0.6338 0.0011 0.0018 0.0035 
        TA05  2 0.0014 0.0015 0.0020 0.9888 0.0011 0.0012 0.0039 
        TA06  2 0.0011 0.0042 0.0037 0.9869 0.0010 0.0010 0.0021 
        TA07  2 0.0017 0.0027 0.0456 0.9394 0.0018 0.0015 0.0074 
        TA08  2 0.0014 0.0094 0.0038 0.9724 0.0011 0.0098 0.0021 
        TA09  2 0.0007 0.0031 0.0040 0.9875 0.0010 0.0011 0.0026 
        TA10  2 0.0082 0.0027 0.0031 0.9745 0.0009 0.0022 0.0084 
        TA11  2 0.0212 0.0041 0.0368 0.9219 0.0014 0.0068 0.0079 
        TA12  2 0.0022 0.0015 0.0019 0.9728 0.0010 0.0039 0.0168 
        TA13  2 0.0040 0.0224 0.0054 0.8933 0.0019 0.0031 0.0699 
        TA14  2 0.0006 0.0042 0.0041 0.9862 0.0015 0.0008 0.0026 
        TA15  2 0.0008 0.0057 0.0014 0.9872 0.0010 0.0008 0.0032 
        TA16  2 0.0032 0.0099 0.0111 0.9662 0.0009 0.0012 0.0076 
        TA17  2 0.0008 0.0036 0.0010 0.9826 0.0014 0.0043 0.0062 
        TA18  2 0.0015 0.0017 0.0012 0.9811 0.0061 0.0014 0.0069 
        TA19  2 0.0015 0.0078 0.0154 0.9218 0.0017 0.0408 0.0110 
        TA20  2 0.0012 0.0022 0.0014 0.9826 0.0047 0.0018 0.0061 
        TA21  2 0.0013 0.0074 0.0224 0.9595 0.0017 0.0014 0.0063 
        TA22  2 0.0008 0.0116 0.0010 0.9810 0.0016 0.0010 0.0031 
        TA23  2 0.0008 0.0176 0.0021 0.9751 0.0009 0.0009 0.0025 
        TA24  2 0.0010 0.0022 0.0013 0.9841 0.0011 0.0031 0.0072 
        TA25  2 0.0535 0.0036 0.0012 0.9239 0.0007 0.0026 0.0145 
        TA26  2 0.0050 0.0074 0.0733 0.9067 0.0014 0.0021 0.0042 
        TA27  2 0.0009 0.0026 0.0021 0.9842 0.0015 0.0021 0.0067 
        TA28  2 0.0040 0.0023 0.0043 0.9645 0.0095 0.0010 0.0144 
        TA29  2 0.0010 0.0134 0.0013 0.9760 0.0009 0.0036 0.0037 
        TA30  2 0.0015 0.0028 0.3411 0.6422 0.0027 0.0046 0.0050 
      BERM01  3 0.0007 0.9907 0.0041 0.0010 0.0007 0.0007 0.0020 
      BERM02  3 0.0007 0.9919 0.0024 0.0015 0.0008 0.0006 0.0021 
      BERM03  3 0.0008 0.9936 0.0009 0.0009 0.0007 0.0009 0.0022 
      BERM04  3 0.0010 0.9932 0.0016 0.0008 0.0007 0.0010 0.0018 
      BERM05  3 0.0010 0.9924 0.0016 0.0008 0.0009 0.0010 0.0023 
      BERM06  3 0.0008 0.9803 0.0138 0.0011 0.0006 0.0009 0.0024 
      BERM07  3 0.0009 0.9906 0.0031 0.0013 0.0007 0.0013 0.0021 
      BERM08  3 0.0008 0.9938 0.0016 0.0010 0.0006 0.0007 0.0015 
      BERM09  3 0.0007 0.6293 0.3631 0.0033 0.0007 0.0008 0.0021 
      BERM10  3 0.0011 0.9863 0.0051 0.0017 0.0007 0.0016 0.0034 
      BERM11  3 0.0009 0.9882 0.0062 0.0013 0.0007 0.0007 0.0019 
      BERM12  3 0.0088 0.9777 0.0015 0.0026 0.0013 0.0058 0.0024 
      BERM13  3 0.0008 0.9924 0.0015 0.0010 0.0007 0.0009 0.0026 
      BERM14  3 0.0009 0.9884 0.0058 0.0015 0.0008 0.0008 0.0019 
      CROC01  3 0.0013 0.9849 0.0018 0.0012 0.0037 0.0028 0.0043 
      CROC02  3 0.0018 0.9839 0.0035 0.0015 0.0012 0.0008 0.0072 
      CROC03  3 0.0015 0.9853 0.0070 0.0013 0.0010 0.0012 0.0026 
      CROC04  3 0.0007 0.9308 0.0010 0.0574 0.0024 0.0009 0.0067 
      CROC05  3 0.0010 0.9894 0.0040 0.0010 0.0008 0.0008 0.0030 
      CROC06  3 0.0144 0.9500 0.0028 0.0072 0.0095 0.0011 0.0149 
      CROC07  3 0.0010 0.9867 0.0037 0.0023 0.0010 0.0013 0.0039 
      CROC08  3 0.0029 0.9785 0.0017 0.0013 0.0112 0.0014 0.0031 
      CROC09  3 0.0009 0.9709 0.0224 0.0009 0.0018 0.0006 0.0025 
      CROC10  3 0.0011 0.9839 0.0104 0.0010 0.0007 0.0007 0.0021 
      CROC11  3 0.0009 0.9710 0.0224 0.0009 0.0018 0.0006 0.0025 
     CROC110  3 0.0008 0.9653 0.0138 0.0030 0.0020 0.0015 0.0137 
     CROC116  3 0.0016 0.9827 0.0026 0.0030 0.0027 0.0015 0.0060 
      CROC12  3 0.0007 0.9926 0.0016 0.0012 0.0007 0.0007 0.0026 
     CROC123  3 0.0007 0.9922 0.0031 0.0011 0.0007 0.0005 0.0018 
      CROC13  3 0.0018 0.9917 0.0017 0.0009 0.0007 0.0010 0.0022 
      CROC14  3 0.0580 0.9162 0.0039 0.0035 0.0017 0.0005 0.0162 
      CROC15  3 0.0056 0.9020 0.0010 0.0029 0.0581 0.0011 0.0293 
      CROC16  3 0.0028 0.9738 0.0151 0.0008 0.0020 0.0010 0.0046 
      CROC17  3 0.0007 0.9579 0.0009 0.0341 0.0006 0.0006 0.0051 
      CROC18  3 0.0047 0.9790 0.0012 0.0027 0.0009 0.0009 0.0106 
      CROC19  3 0.0010 0.9895 0.0015 0.0019 0.0010 0.0016 0.0036 
     CROC198  3 0.0009 0.9870 0.0062 0.0010 0.0008 0.0017 0.0024 
      CROC20  3 0.0012 0.9891 0.0025 0.0009 0.0011 0.0010 0.0041 
     CROC202  3 0.0027 0.9893 0.0022 0.0012 0.0008 0.0014 0.0023 
      CROC21  3 0.0010 0.9914 0.0019 0.0013 0.0008 0.0009 0.0027 
     CROC216  3 0.0012 0.9540 0.0058 0.0151 0.0083 0.0008 0.0148 
      CROC22  3 0.0011 0.9567 0.0087 0.0046 0.0008 0.0184 0.0097 
      CROC23  3 0.0012 0.9815 0.0058 0.0056 0.0013 0.0012 0.0034 
      CROC24  3 0.0013 0.9744 0.0190 0.0013 0.0009 0.0007 0.0024 
      CROC25  3 0.0007 0.9930 0.0019 0.0010 0.0009 0.0007 0.0018 
     CROC259  3 0.0027 0.9854 0.0024 0.0054 0.0007 0.0009 0.0024 
      CROC26  3 0.0011 0.9498 0.0018 0.0431 0.0010 0.0013 0.0020 
      CROC27  3 0.0009 0.9460 0.0373 0.0096 0.0019 0.0012 0.0031 
      CROC28  3 0.0009 0.7056 0.2824 0.0072 0.0009 0.0008 0.0022 
      CROC29  3 0.0009 0.9921 0.0015 0.0011 0.0011 0.0008 0.0024 
      CROC30  3 0.0014 0.9822 0.0038 0.0021 0.0020 0.0009 0.0077 
      CROC31  3 0.0011 0.9145 0.0610 0.0094 0.0011 0.0009 0.0120 
      CROC32  3 0.0009 0.9912 0.0030 0.0010 0.0006 0.0009 0.0024 
      CROC33  3 0.0009 0.9600 0.0018 0.0055 0.0237 0.0009 0.0073 
      CROC34  3 0.0009 0.9926 0.0012 0.0012 0.0008 0.0011 0.0022 
      CROC35  3 0.0011 0.9802 0.0037 0.0073 0.0006 0.0005 0.0066 
      CROC36  3 0.0010 0.9903 0.0042 0.0009 0.0009 0.0007 0.0021 
      CROC57  3 0.0012 0.9929 0.0012 0.0008 0.0009 0.0008 0.0022 
      CROC81  3 0.0027 0.9876 0.0024 0.0011 0.0020 0.0008 0.0034 
      CROC84  3 0.0019 0.9884 0.0041 0.0016 0.0008 0.0014 0.0019 
        FW01  3 0.0025 0.0041 0.9828 0.0014 0.0015 0.0028 0.0049 
        FW02  3 0.0006 0.0012 0.9951 0.0006 0.0005 0.0006 0.0014 
        FW03  3 0.0009 0.0015 0.9929 0.0010 0.0008 0.0009 0.0020 
        FW04  3 0.0006 0.0011 0.9951 0.0006 0.0006 0.0006 0.0014 
        FW05  3 0.0006 0.0012 0.9951 0.0006 0.0005 0.0006 0.0014 
        FW06  3 0.0006 0.0013 0.9950 0.0006 0.0006 0.0006 0.0014 
        FW07  3 0.0009 0.0014 0.9930 0.0010 0.0008 0.0009 0.0020 
        FW08  3 0.0006 0.0011 0.9951 0.0006 0.0006 0.0006 0.0014 
        FW09  3 0.0006 0.0011 0.9951 0.0006 0.0005 0.0006 0.0014 
        FW10  3 0.0009 0.0015 0.9927 0.0010 0.0009 0.0009 0.0021 
       FW100  3 0.0009 0.0014 0.9930 0.0011 0.0009 0.0009 0.0020 
       FW101  3 0.0009 0.0014 0.9928 0.0011 0.0008 0.0009 0.0020 
       FW102  3 0.0006 0.0012 0.9951 0.0006 0.0006 0.0006 0.0015 
       FW103  3 0.0006 0.0011 0.9951 0.0006 0.0006 0.0006 0.0014 
       FW104  3 0.0024 0.0042 0.9827 0.0013 0.0016 0.0029 0.0049 
       FW105  3 0.0009 0.0014 0.9928 0.0010 0.0009 0.0009 0.0021 
       FW106  3 0.0014 0.9688 0.0158 0.0026 0.0024 0.0015 0.0075 
       FW107  3 0.0025 0.0040 0.9827 0.0013 0.0015 0.0027 0.0051 
       FW108  3 0.0006 0.0012 0.9950 0.0006 0.0005 0.0006 0.0015 
       FW109  3 0.0009 0.0015 0.9928 0.0010 0.0009 0.0009 0.0020 
        FW11  3 0.0009 0.0014 0.9930 0.0010 0.0008 0.0009 0.0020 
       FW110  3 0.0009 0.0014 0.9931 0.0010 0.0008 0.0009 0.0019 
       FW111  3 0.0006 0.0011 0.9951 0.0006 0.0006 0.0006 0.0014 
       FW112  3 0.0009 0.0013 0.9929 0.0010 0.0009 0.0009 0.0021 
       FW113  3 0.0006 0.0012 0.9951 0.0006 0.0005 0.0006 0.0014 
       FW114  3 0.0009 0.0017 0.9921 0.0014 0.0008 0.0010 0.0021 
       FW115  3 0.0009 0.0014 0.9928 0.0011 0.0009 0.0009 0.0020 
       FW116  3 0.0006 0.0012 0.9951 0.0006 0.0006 0.0006 0.0014 
        FW12  3 0.0006 0.0011 0.9951 0.0006 0.0006 0.0006 0.0014 
        FW13  3 0.0006 0.0012 0.9950 0.0006 0.0005 0.0006 0.0014 
        FW14  3 0.0024 0.0040 0.9828 0.0014 0.0016 0.0028 0.0049 
        FW15  3 0.0024 0.0041 0.9829 0.0013 0.0016 0.0028 0.0049 
        FW16  3 0.0009 0.0014 0.9928 0.0011 0.0009 0.0009 0.0020 
        FW17  3 0.0008 0.0015 0.9927 0.0010 0.0009 0.0009 0.0021 
        FW18  3 0.0009 0.0014 0.9929 0.0010 0.0008 0.0009 0.0021 
        FW19  3 0.0006 0.0011 0.9952 0.0006 0.0005 0.0006 0.0014 
        FW20  3 0.0006 0.0011 0.9951 0.0006 0.0005 0.0006 0.0014 
        FW21  3 0.0006 0.0012 0.9951 0.0006 0.0005 0.0006 0.0014 
        FW22  3 0.0009 0.0014 0.9929 0.0011 0.0008 0.0009 0.0020 
        FW23  3 0.0006 0.0011 0.9951 0.0006 0.0006 0.0006 0.0014 
        FW24  3 0.0006 0.0011 0.9951 0.0006 0.0005 0.0006 0.0014 
        FW25  3 0.0006 0.0011 0.9951 0.0006 0.0005 0.0006 0.0014 
        FW26  3 0.0006 0.0011 0.9951 0.0006 0.0006 0.0006 0.0014 
        FW27  3 0.0009 0.0014 0.9928 0.0010 0.0008 0.0009 0.0021 
        FW28  3 0.0006 0.0012 0.9950 0.0006 0.0006 0.0006 0.0014 
        FW29  3 0.0006 0.0011 0.9951 0.0006 0.0006 0.0006 0.0015 
        FW30  3 0.0014 0.9689 0.0158 0.0027 0.0022 0.0015 0.0075 
        FW32  3 0.0025 0.0040 0.9830 0.0013 0.0015 0.0028 0.0049 
        FW33  3 0.0006 0.0118 0.9766 0.0023 0.0026 0.0006 0.0055 
        FW34  3 0.0006 0.0011 0.9951 0.0006 0.0005 0.0006 0.0015 
        FW35  3 0.0006 0.0011 0.9951 0.0006 0.0005 0.0006 0.0014 
        FW36  3 0.0006 0.0012 0.9951 0.0006 0.0006 0.0006 0.0014 
        FW37  3 0.0009 0.0015 0.9927 0.0011 0.0009 0.0009 0.0021 
        FW51  3 0.0006 0.0011 0.9951 0.0006 0.0005 0.0006 0.0014 
        FW52  3 0.0009 0.0015 0.9928 0.0010 0.0009 0.0009 0.0021 
        FW53  3 0.0006 0.0011 0.9952 0.0006 0.0005 0.0006 0.0014 
        FW54  3 0.0009 0.0015 0.9929 0.0010 0.0008 0.0010 0.0020 
        FW55  3 0.0006 0.0011 0.9952 0.0006 0.0006 0.0006 0.0014 
        FW56  3 0.0006 0.0012 0.9950 0.0006 0.0005 0.0006 0.0014 
        FW57  3 0.0006 0.0011 0.9951 0.0006 0.0006 0.0006 0.0014 
        FW78  3 0.0006 0.0011 0.9951 0.0006 0.0006 0.0006 0.0014 
        FW79  3 0.0006 0.0012 0.9950 0.0006 0.0005 0.0006 0.0014 
        FW80  3 0.0006 0.0012 0.9950 0.0006 0.0005 0.0006 0.0014 
        FW81  3 0.0009 0.0015 0.9931 0.0009 0.0008 0.0009 0.0020 
        FW82  3 0.0009 0.0015 0.9928 0.0010 0.0009 0.0009 0.0021 
        FW83  3 0.0024 0.0037 0.9833 0.0013 0.0016 0.0027 0.0049 
        FW84  3 0.0006 0.0011 0.9951 0.0006 0.0005 0.0006 0.0014 
        FW85  3 0.0010 0.0014 0.9921 0.0013 0.0010 0.0009 0.0023 
        FW86  3 0.0009 0.0014 0.9929 0.0010 0.0008 0.0009 0.0020 
        FW87  3 0.0009 0.0014 0.9930 0.0010 0.0008 0.0009 0.0020 
        FW88  3 0.0006 0.0011 0.9951 0.0006 0.0006 0.0006 0.0014 
        FW89  3 0.0006 0.0011 0.9951 0.0006 0.0005 0.0006 0.0015 
        FW90  3 0.0006 0.0011 0.9951 0.0006 0.0005 0.0006 0.0014 
        FW91  3 0.0009 0.0014 0.9928 0.0010 0.0009 0.0009 0.0020 
        FW92  3 0.0006 0.0011 0.9951 0.0006 0.0005 0.0006 0.0014 
        FW93  3 0.0006 0.0012 0.9950 0.0006 0.0006 0.0006 0.0014 
        FW94  3 0.0009 0.0014 0.9928 0.0010 0.0009 0.0009 0.0021 
        FW95  3 0.0006 0.0012 0.9950 0.0006 0.0006 0.0006 0.0014 
        FW96  3 0.0006 0.0011 0.9952 0.0006 0.0005 0.0006 0.0014 
        FW97  3 0.0019 0.9758 0.0127 0.0013 0.0014 0.0029 0.0040 
        FW98  3 0.0009 0.0014 0.9930 0.0010 0.0008 0.0009 0.0020 
        FW99  3 0.0006 0.0011 0.9951 0.0006 0.0005 0.0006 0.0014 
       Cal01  3 0.0010 0.9303 0.0629 0.0012 0.0014 0.0010 0.0023 
       Cal02  3 0.0011 0.9908 0.0024 0.0012 0.0008 0.0009 0.0028 
       Cal03  3 0.0009 0.9690 0.0241 0.0010 0.0012 0.0007 0.0031 
       Cal04  3 0.0011 0.9896 0.0008 0.0013 0.0010 0.0026 0.0036 
       Cal05  3 0.0007 0.9893 0.0053 0.0019 0.0006 0.0007 0.0016 
       Cal06  3 0.0011 0.9900 0.0015 0.0022 0.0010 0.0007 0.0035 
       Cal07  3 0.0006 0.9881 0.0044 0.0039 0.0007 0.0006 0.0018 
       Cal08  3 0.0017 0.9731 0.0155 0.0016 0.0015 0.0022 0.0043 
       Cal09  3 0.0012 0.9661 0.0068 0.0180 0.0007 0.0011 0.0061 
       Cal10  3 0.0009 0.9910 0.0013 0.0013 0.0011 0.0010 0.0033 
       Cal11  3 0.0028 0.9779 0.0100 0.0024 0.0011 0.0020 0.0039 
      Cal197  3 0.0006 0.9248 0.0693 0.0015 0.0007 0.0005 0.0027 
      Cal198  3 0.0008 0.9122 0.0095 0.0275 0.0419 0.0015 0.0065 
      Cal199  3 0.0009 0.9761 0.0025 0.0008 0.0013 0.0164 0.0021 
      Cal200  3 0.0017 0.9073 0.0782 0.0036 0.0034 0.0006 0.0053 
      Cal201  3 0.0007 0.9670 0.0266 0.0020 0.0007 0.0006 0.0024 
      Cal202  3 0.0048 0.9520 0.0034 0.0014 0.0168 0.0068 0.0148 
      Cal203  3 0.0011 0.9918 0.0021 0.0009 0.0009 0.0009 0.0022 
      Cal204  3 0.0010 0.9928 0.0011 0.0010 0.0010 0.0008 0.0021 
      Cal205  3 0.0007 0.9919 0.0021 0.0011 0.0010 0.0008 0.0024 
      Cal206  3 0.0011 0.9892 0.0041 0.0009 0.0008 0.0008 0.0031 
      Cal207  3 0.0007 0.9910 0.0015 0.0013 0.0030 0.0006 0.0020 
      Cal208  3 0.0009 0.9894 0.0044 0.0009 0.0009 0.0010 0.0025 
      Cal209  3 0.0008 0.9906 0.0045 0.0009 0.0006 0.0008 0.0018 
      Cal210  3 0.0009 0.9766 0.0025 0.0008 0.0013 0.0158 0.0022 
      Cal211  3 0.0007 0.9904 0.0042 0.0012 0.0008 0.0007 0.0020 
      Cal212  3 0.0008 0.9891 0.0048 0.0010 0.0010 0.0009 0.0023 
      Cal213  3 0.0007 0.8063 0.0786 0.0687 0.0228 0.0009 0.0219 
      Cal214  3 0.0009 0.9817 0.0007 0.0009 0.0016 0.0092 0.0048 
      Cal215  3 0.0016 0.9858 0.0051 0.0012 0.0010 0.0025 0.0029 
      Cal216  3 0.0011 0.9408 0.0516 0.0018 0.0012 0.0006 0.0030 
      Cal217  3 0.0006 0.9910 0.0037 0.0013 0.0007 0.0006 0.0020 
      Cal218  3 0.0008 0.9698 0.0241 0.0013 0.0008 0.0009 0.0023 
      Cal219  3 0.0009 0.9835 0.0095 0.0011 0.0007 0.0011 0.0033 
      Cal220  3 0.0011 0.9847 0.0025 0.0015 0.0015 0.0026 0.0061 
      Cal221  3 0.0008 0.9888 0.0051 0.0010 0.0009 0.0013 0.0022 
      Cal222  3 0.0008 0.9897 0.0023 0.0011 0.0010 0.0030 0.0022 
      Cal223  3 0.0012 0.9444 0.0047 0.0351 0.0052 0.0022 0.0072 
      Cal224  3 0.0041 0.9428 0.0009 0.0025 0.0446 0.0010 0.0042 
       Cal33  3 0.0007 0.9920 0.0019 0.0011 0.0007 0.0008 0.0028 
       Cal34  3 0.0009 0.9904 0.0016 0.0019 0.0017 0.0009 0.0025 
       Cal35  3 0.0007 0.9932 0.0014 0.0013 0.0008 0.0006 0.0020 
       Cal37  3 0.0008 0.9860 0.0017 0.0030 0.0009 0.0007 0.0069 
       Cal38  3 0.0006 0.8675 0.1270 0.0013 0.0006 0.0009 0.0020 
       Cal39  3 0.0014 0.9488 0.0443 0.0014 0.0006 0.0013 0.0022 
       Cal40  3 0.0008 0.9907 0.0044 0.0009 0.0006 0.0008 0.0018 
       Cal41  3 0.0008 0.9926 0.0022 0.0011 0.0006 0.0008 0.0018 
       Cal42  3 0.0010 0.9926 0.0019 0.0008 0.0007 0.0009 0.0022 
       Cal43  3 0.0007 0.9922 0.0018 0.0011 0.0008 0.0009 0.0026 
       Cal44  3 0.0011 0.9769 0.0141 0.0012 0.0015 0.0013 0.0038 
        BW41  3 0.0140 0.9747 0.0023 0.0014 0.0018 0.0015 0.0044 
        BW42  3 0.0009 0.9866 0.0039 0.0017 0.0009 0.0008 0.0053 
        BW44  3 0.0008 0.9915 0.0019 0.0020 0.0008 0.0007 0.0023 
        BW45  3 0.0006 0.9918 0.0035 0.0014 0.0005 0.0006 0.0016 
        BW46  3 0.0012 0.9647 0.0258 0.0011 0.0019 0.0009 0.0043 
        BW47  3 0.0081 0.9648 0.0042 0.0070 0.0011 0.0007 0.0141 
        BW48  3 0.0019 0.9818 0.0077 0.0018 0.0010 0.0019 0.0040 
        BW49  3 0.0008 0.9888 0.0033 0.0035 0.0006 0.0007 0.0023 
        BW50  3 0.0010 0.9902 0.0041 0.0010 0.0008 0.0008 0.0022 
        BW51  3 0.0008 0.8513 0.1344 0.0097 0.0007 0.0008 0.0023 
        BW52  3 0.0014 0.9919 0.0020 0.0010 0.0007 0.0009 0.0022 
        BW53  3 0.0008 0.9790 0.0017 0.0031 0.0029 0.0007 0.0118 
        BW54  3 0.0028 0.8911 0.0093 0.0161 0.0146 0.0096 0.0564 
        BW55  3 0.0015 0.9804 0.0109 0.0012 0.0017 0.0012 0.0032 
        BW56  3 0.0011 0.9930 0.0012 0.0012 0.0009 0.0007 0.0019 
        BW57  3 0.0007 0.9911 0.0021 0.0016 0.0014 0.0006 0.0025 
        BW58  3 0.0008 0.9888 0.0044 0.0017 0.0008 0.0008 0.0028 
        BW59  3 0.0008 0.9696 0.0241 0.0014 0.0006 0.0007 0.0027 
        BW60  3 0.0009 0.9930 0.0015 0.0011 0.0008 0.0007 0.0020 
        BW61  3 0.0425 0.9098 0.0281 0.0021 0.0009 0.0009 0.0157 
        BW62  3 0.0013 0.9849 0.0067 0.0014 0.0018 0.0008 0.0032 
        BW63  3 0.0010 0.9334 0.0062 0.0268 0.0087 0.0018 0.0221 
        BW64  3 0.0007 0.9688 0.0257 0.0012 0.0007 0.0006 0.0023 
        BW65  3 0.0030 0.9807 0.0024 0.0021 0.0041 0.0017 0.0061 
        BW66  3 0.0023 0.9871 0.0044 0.0023 0.0009 0.0009 0.0021 
        BW67  3 0.0007 0.8453 0.1493 0.0013 0.0010 0.0006 0.0017 
        BW68  3 0.0012 0.9878 0.0032 0.0019 0.0010 0.0007 0.0041 
        BW69  3 0.0233 0.9690 0.0024 0.0010 0.0007 0.0011 0.0024 
        BW70  3 0.0009 0.9691 0.0233 0.0017 0.0011 0.0013 0.0026 
        BW71  3 0.0007 0.9919 0.0033 0.0011 0.0005 0.0007 0.0017 
        BW72  3 0.0035 0.9800 0.0026 0.0019 0.0032 0.0015 0.0074 
        BW73  3 0.0340 0.9355 0.0021 0.0042 0.0009 0.0011 0.0221 
        BW74  3 0.0016 0.9694 0.0173 0.0026 0.0012 0.0018 0.0060 
        BW75  3 0.0038 0.9776 0.0028 0.0044 0.0015 0.0009 0.0090 
        BW76  3 0.0015 0.9908 0.0018 0.0010 0.0011 0.0013 0.0024 
        BW77  3 0.0015 0.8948 0.0717 0.0086 0.0044 0.0006 0.0185 
        BW78  3 0.0009 0.9919 0.0014 0.0019 0.0007 0.0014 0.0018 
        BW79  3 0.0008 0.9875 0.0039 0.0020 0.0007 0.0011 0.0040 
        BW80  3 0.0008 0.9897 0.0037 0.0011 0.0008 0.0007 0.0032 
        BW81  3 0.0008 0.9903 0.0026 0.0020 0.0010 0.0006 0.0027 
       BWS05  3 0.0052 0.9345 0.0421 0.0030 0.0016 0.0020 0.0115 
       BWS06  3 0.0010 0.8713 0.1196 0.0014 0.0015 0.0023 0.0030 
       BWS07  3 0.0006 0.9742 0.0058 0.0029 0.0007 0.0008 0.0150 
       BWS08  3 0.0061 0.9789 0.0014 0.0061 0.0025 0.0012 0.0038 
       BWS09  3 0.0007 0.9900 0.0050 0.0010 0.0009 0.0007 0.0017 
       BWS10  3 0.0009 0.9809 0.0055 0.0021 0.0057 0.0016 0.0034 
       BWS11  3 0.0007 0.9935 0.0013 0.0009 0.0006 0.0008 0.0022 
       BWS12  3 0.0014 0.9870 0.0032 0.0016 0.0011 0.0009 0.0047 
       BWS13  3 0.0008 0.9899 0.0035 0.0009 0.0018 0.0010 0.0021 
       BWS14  3 0.0012 0.9699 0.0199 0.0017 0.0011 0.0009 0.0053 
       BWS15  3 0.0018 0.9865 0.0013 0.0017 0.0015 0.0028 0.0044 
       BWS16  3 0.0008 0.9850 0.0014 0.0086 0.0007 0.0009 0.0026 
       BWS17  3 0.0013 0.9921 0.0011 0.0011 0.0010 0.0009 0.0024 
       BWS18  3 0.0008 0.9746 0.0030 0.0019 0.0124 0.0035 0.0039 
       BWS19  3 0.0071 0.9621 0.0081 0.0019 0.0040 0.0026 0.0142 
       BWS20  3 0.0008 0.9895 0.0031 0.0034 0.0008 0.0006 0.0018 
       BWS21  3 0.0016 0.9344 0.0036 0.0048 0.0145 0.0041 0.0370 
       BWS22  3 0.0009 0.9857 0.0079 0.0010 0.0014 0.0007 0.0024 
       BWS23  3 0.0009 0.9810 0.0021 0.0017 0.0098 0.0014 0.0032 
       BWS24  3 0.0010 0.9845 0.0013 0.0024 0.0015 0.0024 0.0067 
       BWS25  3 0.0012 0.9843 0.0012 0.0009 0.0006 0.0008 0.0110 
       BWS26  3 0.0012 0.9909 0.0019 0.0015 0.0008 0.0007 0.0030 
       BWS27  3 0.0007 0.9905 0.0019 0.0027 0.0007 0.0007 0.0028 
       BWS28  3 0.0014 0.9734 0.0062 0.0026 0.0034 0.0010 0.0119 
       BWS29  3 0.0017 0.9876 0.0032 0.0018 0.0010 0.0013 0.0034 
       BWS30  3 0.0008 0.9863 0.0079 0.0012 0.0010 0.0008 0.0021 
       BWS31  3 0.0015 0.9874 0.0020 0.0045 0.0009 0.0008 0.0029 
       BWS32  3 0.0010 0.9824 0.0068 0.0032 0.0009 0.0018 0.0038 
       BWS33  3 0.0015 0.9881 0.0019 0.0011 0.0013 0.0013 0.0047 
       BWS34  3 0.0021 0.9819 0.0056 0.0016 0.0030 0.0009 0.0049 
       BWS35  3 0.0013 0.9859 0.0019 0.0021 0.0011 0.0032 0.0045 
       BWS36  3 0.0012 0.9920 0.0027 0.0009 0.0006 0.0008 0.0018 
       BWS37  3 0.0019 0.9871 0.0037 0.0019 0.0011 0.0009 0.0035 
       BWS38  3 0.0013 0.9826 0.0080 0.0023 0.0012 0.0013 0.0033 
       BWS39  3 0.0008 0.9591 0.0344 0.0019 0.0008 0.0008 0.0022 
       BWS40  3 0.0013 0.9909 0.0024 0.0009 0.0008 0.0016 0.0020 
       BWN01  3 0.0012 0.9882 0.0045 0.0021 0.0008 0.0010 0.0022 
       BWN02  3 0.0007 0.9487 0.0119 0.0352 0.0006 0.0007 0.0021 
       BWN03  3 0.0041 0.9825 0.0014 0.0013 0.0023 0.0013 0.0070 
       BWN04  3 0.0035 0.9785 0.0110 0.0024 0.0012 0.0006 0.0028 
        NC01  4 0.0009 0.0361 0.0595 0.8726 0.0014 0.0007 0.0288 
        NC02  4 0.0023 0.0067 0.0157 0.9685 0.0012 0.0009 0.0047 
        NC03  4 0.0007 0.0020 0.0022 0.9882 0.0024 0.0006 0.0039 
        NC04  4 0.0009 0.0044 0.0025 0.9867 0.0011 0.0013 0.0031 
        NC05  4 0.0019 0.0233 0.0021 0.9291 0.0061 0.0042 0.0332 
        NC06  4 0.0064 0.0159 0.0079 0.9633 0.0009 0.0011 0.0045 
        NC07  4 0.0008 0.0050 0.0042 0.9850 0.0008 0.0015 0.0027 
        NC08  4 0.0018 0.0071 0.0744 0.9112 0.0016 0.0010 0.0029 
        NC09  4 0.0012 0.0074 0.0037 0.9811 0.0017 0.0012 0.0037 
        NC10  4 0.0011 0.2072 0.0415 0.7456 0.0009 0.0006 0.0030 
        NC11  4 0.0019 0.0211 0.0037 0.9614 0.0016 0.0019 0.0083 
        NC12  4 0.0015 0.0039 0.0020 0.9870 0.0010 0.0007 0.0039 
        NC13  4 0.0007 0.0046 0.0021 0.9794 0.0057 0.0011 0.0065 
        NC14  4 0.0012 0.0067 0.0098 0.9659 0.0011 0.0009 0.0144 
        NC15  4 0.0015 0.0064 0.0033 0.9805 0.0015 0.0012 0.0054 
        NC16  4 0.0009 0.0217 0.0068 0.9430 0.0009 0.0006 0.0259 
        NC18  4 0.0018 0.0050 0.0079 0.9788 0.0011 0.0007 0.0047 
        NC19  4 0.0007 0.0015 0.0019 0.9920 0.0009 0.0006 0.0024 
        NC20  4 0.0106 0.0206 0.1439 0.8155 0.0044 0.0015 0.0035 
        NC21  4 0.0009 0.0036 0.1224 0.8590 0.0058 0.0008 0.0075 
        NC22  4 0.0048 0.0038 0.1033 0.8841 0.0010 0.0012 0.0018 
        NC23  4 0.0011 0.0120 0.0178 0.9610 0.0017 0.0009 0.0056 
        NC24  4 0.0013 0.0021 0.0016 0.9905 0.0007 0.0013 0.0026 
      SAND01  4 0.0008 0.0022 0.9915 0.0012 0.0009 0.0014 0.0020 
      SAND02  4 0.0010 0.0017 0.9927 0.0009 0.0006 0.0012 0.0019 
      SAND03  4 0.0006 0.0015 0.9942 0.0008 0.0006 0.0008 0.0015 
      SAND04  4 0.0007 0.0011 0.9936 0.0010 0.0007 0.0007 0.0021 
      SAND05  4 0.0008 0.0017 0.9928 0.0012 0.0007 0.0009 0.0019 
      SAND06  4 0.0008 0.0013 0.9926 0.0015 0.0008 0.0007 0.0024 
      SAND07  4 0.0009 0.0023 0.9916 0.0010 0.0007 0.0016 0.0019 
      SAND08  4 0.0013 0.0017 0.9746 0.0185 0.0007 0.0007 0.0024 
      SAND09  4 0.0019 0.0439 0.8847 0.0499 0.0020 0.0036 0.0140 
      SAND10  4 0.0010 0.0014 0.9925 0.0018 0.0007 0.0009 0.0018 
      SAND11  4 0.0009 0.0052 0.9885 0.0011 0.0009 0.0009 0.0023 
      SAND12  4 0.0008 0.0014 0.9933 0.0011 0.0007 0.0008 0.0018 
      SAND13  4 0.0010 0.0014 0.9925 0.0017 0.0007 0.0009 0.0019 
      SAND14  4 0.0022 0.0036 0.9855 0.0025 0.0014 0.0016 0.0032 
      SAND15  4 0.0006 0.0022 0.9919 0.0012 0.0013 0.0008 0.0020 
      SAND16  4 0.0008 0.0064 0.9367 0.0189 0.0015 0.0014 0.0343 
      SAND17  4 0.0008 0.0039 0.9903 0.0010 0.0008 0.0012 0.0020 
      SAND18  4 0.0007 0.0017 0.9937 0.0010 0.0006 0.0005 0.0017 
      SAND19  4 0.0006 0.0013 0.9942 0.0009 0.0006 0.0007 0.0017 
      SAND20  4 0.0008 0.0036 0.9810 0.0114 0.0006 0.0010 0.0016 
      SAND21  4 0.0008 0.0026 0.9918 0.0010 0.0006 0.0011 0.0020 
      SAND22  4 0.0006 0.0039 0.9903 0.0022 0.0007 0.0007 0.0016 
      SAND23  4 0.0007 0.0020 0.9932 0.0007 0.0007 0.0007 0.0019 
      SAND24  4 0.0020 0.9884 0.0021 0.0012 0.0014 0.0009 0.0041 
      SAND25  4 0.0012 0.0020 0.9691 0.0135 0.0012 0.0019 0.0111 
      SAND26  4 0.0007 0.0015 0.9927 0.0020 0.0007 0.0008 0.0016 
      SAND27  4 0.0016 0.0083 0.7563 0.2265 0.0022 0.0011 0.0041 
      SAND28  4 0.0009 0.0020 0.9929 0.0011 0.0007 0.0006 0.0017 
      SAND29  4 0.0007 0.0017 0.9938 0.0010 0.0006 0.0006 0.0017 
      SAND30  4 0.0007 0.0068 0.9854 0.0029 0.0015 0.0006 0.0020 
      SAND31  4 0.0008 0.0016 0.9910 0.0026 0.0009 0.0008 0.0022 
      SAND32  4 0.0009 0.0014 0.9790 0.0150 0.0007 0.0007 0.0023 
      SAND33  4 0.0019 0.0019 0.9871 0.0018 0.0013 0.0035 0.0026 
      SAND34  4 0.0006 0.0016 0.9933 0.0013 0.0008 0.0006 0.0018 
      SAND35  4 0.0006 0.0011 0.9946 0.0009 0.0006 0.0008 0.0014 
      SAND36  4 0.0008 0.0035 0.9914 0.0010 0.0006 0.0007 0.0020 
      SAND37  4 0.0007 0.0109 0.9824 0.0025 0.0008 0.0007 0.0020 
      SAND38  4 0.0011 0.0025 0.9894 0.0023 0.0008 0.0012 0.0027 
      SAND39  4 0.0008 0.0026 0.9799 0.0131 0.0008 0.0006 0.0022 
      SAND40  4 0.0021 0.0020 0.9873 0.0019 0.0018 0.0010 0.0039 
      SAND41  4 0.0007 0.0018 0.9929 0.0014 0.0007 0.0008 0.0017 
      SAND42  4 0.0020 0.0039 0.9837 0.0022 0.0014 0.0023 0.0045 
      SAND43  4 0.0020 0.1835 0.7995 0.0063 0.0019 0.0026 0.0043 
      SAND44  4 0.0008 0.0014 0.9938 0.0011 0.0006 0.0008 0.0016 
       Hon01  5 0.0014 0.0008 0.0007 0.9911 0.0010 0.0016 0.0034 
       Hon02  5 0.0011 0.0037 0.0034 0.9869 0.0013 0.0006 0.0030 
       Hon03  5 0.0271 0.0024 0.0072 0.9049 0.0429 0.0094 0.0060 
       Hon04  5 0.0009 0.0013 0.0011 0.9906 0.0013 0.0013 0.0034 
       Hon05  5 0.0017 0.0014 0.0010 0.9916 0.0008 0.0008 0.0028 
       Hon06  5 0.0007 0.0008 0.0009 0.9929 0.0007 0.0014 0.0024 
       Hon07  5 0.0014 0.0011 0.0009 0.9923 0.0010 0.0010 0.0023 
       Hon08  5 0.0008 0.0012 0.0012 0.9915 0.0012 0.0009 0.0032 
       Hon09  5 0.0015 0.0053 0.0442 0.9444 0.0016 0.0010 0.0021 
       Hon10  5 0.0074 0.0014 0.0009 0.9786 0.0020 0.0064 0.0033 
       Hon11  5 0.0025 0.0052 0.0016 0.9366 0.0017 0.0062 0.0462 
       Hon12  5 0.0028 0.0029 0.0057 0.9829 0.0024 0.0013 0.0020 
       Hon13  5 0.0015 0.0015 0.0008 0.9918 0.0010 0.0008 0.0027 
       Hon14  5 0.0111 0.0011 0.0007 0.9766 0.0054 0.0009 0.0043 
       Hon15  5 0.0011 0.0007 0.0009 0.9901 0.0026 0.0017 0.0030 
       Hon16  5 0.0008 0.0012 0.0013 0.9914 0.0012 0.0010 0.0032 
       Hon17  5 0.0008 0.0010 0.0010 0.9925 0.0007 0.0008 0.0033 
       Hon18  5 0.0009 0.0248 0.0198 0.9493 0.0016 0.0009 0.0028 
       Hon19  5 0.0015 0.0015 0.0010 0.9877 0.0043 0.0011 0.0029 
       Hon20  5 0.0012 0.0012 0.0008 0.9821 0.0011 0.0038 0.0099 
      ERIN01  6 0.9935 0.0007 0.0006 0.0006 0.0008 0.0016 0.0022 
      ERIN02  6 0.9933 0.0007 0.0005 0.0006 0.0008 0.0018 0.0022 
      ERIN03  6 0.9934 0.0007 0.0006 0.0006 0.0008 0.0017 0.0023 
      ERIN04  6 0.9933 0.0007 0.0006 0.0006 0.0008 0.0016 0.0023 
      ERIN05  6 0.9932 0.0007 0.0006 0.0007 0.0009 0.0017 0.0023 
      ERIN06  6 0.9934 0.0007 0.0006 0.0006 0.0008 0.0016 0.0023 
      ERIN07  6 0.9934 0.0007 0.0006 0.0006 0.0008 0.0016 0.0022 
      ERIN08  6 0.9934 0.0007 0.0006 0.0006 0.0008 0.0017 0.0022 
      ERIN09  6 0.9935 0.0007 0.0006 0.0006 0.0007 0.0016 0.0023 
      ERIN10  6 0.9934 0.0007 0.0006 0.0006 0.0008 0.0017 0.0023 
      ERIN11  6 0.9799 0.0007 0.0006 0.0025 0.0008 0.0017 0.0139 
      ERIN12  6 0.9935 0.0007 0.0006 0.0006 0.0008 0.0017 0.0022 
      ERIN13  6 0.9933 0.0007 0.0006 0.0006 0.0008 0.0017 0.0023 
      ERIN14  6 0.9934 0.0007 0.0006 0.0006 0.0008 0.0017 0.0023 
      ERIN15  6 0.9934 0.0007 0.0006 0.0006 0.0008 0.0016 0.0022 
      ERIN16  6 0.9926 0.0007 0.0006 0.0007 0.0008 0.0017 0.0030 
      ERIN17  6 0.9934 0.0007 0.0006 0.0006 0.0008 0.0017 0.0023 
      ERIN18  6 0.9934 0.0007 0.0005 0.0006 0.0008 0.0017 0.0022 
      ERIN19  6 0.9935 0.0007 0.0006 0.0006 0.0008 0.0016 0.0022 
      ERIN20  6 0.9934 0.0007 0.0006 0.0006 0.0008 0.0017 0.0022 
      ERIN21  6 0.9931 0.0007 0.0006 0.0006 0.0008 0.0020 0.0022 
      ERIN22  6 0.9933 0.0007 0.0006 0.0006 0.0008 0.0017 0.0022 
      ERIN23  6 0.9934 0.0007 0.0006 0.0007 0.0008 0.0016 0.0023 
      ERIN24  6 0.9934 0.0007 0.0006 0.0006 0.0008 0.0017 0.0023 
      ERIN25  6 0.9930 0.0007 0.0006 0.0006 0.0008 0.0020 0.0023 
      ERIN26  6 0.9934 0.0007 0.0006 0.0006 0.0008 0.0017 0.0023 
      ERIN27  6 0.9934 0.0007 0.0006 0.0006 0.0008 0.0016 0.0023 
      ERIN28  6 0.9933 0.0007 0.0006 0.0007 0.0009 0.0017 0.0022 
      ERIN29  6 0.9934 0.0007 0.0006 0.0007 0.0008 0.0017 0.0022 
      ERIN30  6 0.9935 0.0007 0.0006 0.0006 0.0008 0.0016 0.0023 
      ERIN31  6 0.9935 0.0007 0.0006 0.0007 0.0008 0.0016 0.0022 
      ERIN32  6 0.9933 0.0007 0.0006 0.0007 0.0008 0.0017 0.0023 
      ERIN33  6 0.9933 0.0007 0.0006 0.0006 0.0008 0.0017 0.0023 
      ERIN34  6 0.9934 0.0007 0.0006 0.0006 0.0008 0.0017 0.0022 
      ERIN35  6 0.9934 0.0007 0.0006 0.0006 0.0008 0.0017 0.0022 
      ERIN38  6 0.9935 0.0007 0.0006 0.0006 0.0008 0.0016 0.0023 
      ERIN39  6 0.9934 0.0007 0.0006 0.0006 0.0008 0.0017 0.0022 
      ERIN40  6 0.9935 0.0007 0.0006 0.0006 0.0007 0.0016 0.0022 
      ERIN41  6 0.9934 0.0007 0.0006 0.0006 0.0008 0.0017 0.0022 
      ERIN42  6 0.9934 0.0007 0.0006 0.0006 0.0008 0.0017 0.0023 
      ERIN43  6 0.9934 0.0007 0.0006 0.0007 0.0008 0.0016 0.0023 
      ERIN44  6 0.9935 0.0007 0.0006 0.0007 0.0008 0.0016 0.0022 
      ERIN45  6 0.9935 0.0007 0.0006 0.0006 0.0008 0.0016 0.0022 
      ERIN46  6 0.9934 0.0007 0.0006 0.0007 0.0008 0.0017 0.0022 
      ERIN47  6 0.9933 0.0007 0.0006 0.0006 0.0008 0.0017 0.0023 
       FDS01  6 0.9933 0.0007 0.0006 0.0006 0.0008 0.0017 0.0022 
       FDS02  6 0.9934 0.0007 0.0006 0.0007 0.0008 0.0017 0.0022 
       FDS03  6 0.9926 0.0007 0.0006 0.0008 0.0008 0.0018 0.0029 
       FDS04  6 0.9933 0.0007 0.0006 0.0006 0.0008 0.0018 0.0022 
       FDS05  6 0.9934 0.0007 0.0006 0.0006 0.0008 0.0016 0.0022 
       FDS06  6 0.9934 0.0007 0.0006 0.0006 0.0008 0.0017 0.0022 
       FDS07  6 0.9934 0.0007 0.0006 0.0006 0.0008 0.0017 0.0022 
       FDS08  6 0.9935 0.0007 0.0006 0.0006 0.0008 0.0016 0.0022 
       FDS09  6 0.9933 0.0007 0.0006 0.0006 0.0008 0.0017 0.0023 
       FDS10  6 0.9933 0.0007 0.0005 0.0006 0.0008 0.0018 0.0023 
       FDS11  6 0.9933 0.0007 0.0006 0.0006 0.0008 0.0018 0.0022 
       FDS12  6 0.9927 0.0007 0.0006 0.0007 0.0008 0.0017 0.0029 
       FDS13  6 0.9934 0.0007 0.0006 0.0006 0.0008 0.0016 0.0023 
       FDS14  6 0.9934 0.0007 0.0006 0.0006 0.0008 0.0017 0.0023 
       FDS15  6 0.9934 0.0007 0.0006 0.0006 0.0008 0.0017 0.0023 
       FDS16  6 0.9933 0.0007 0.0006 0.0006 0.0008 0.0017 0.0023 
       FDS17  6 0.9934 0.0007 0.0006 0.0007 0.0008 0.0017 0.0023 
       FDS18  6 0.9926 0.0007 0.0006 0.0007 0.0008 0.0017 0.0029 
       EPP01  6 0.0009 0.0006 0.0005 0.0005 0.0008 0.9947 0.0019 
       EPP02  6 0.0009 0.0006 0.0005 0.0005 0.0008 0.9947 0.0019 
       EPP03  6 0.0011 0.0006 0.0005 0.0005 0.0009 0.9943 0.0021 
       EPP04  6 0.0009 0.0006 0.0005 0.0005 0.0009 0.9946 0.0019 
       EPP05  6 0.0010 0.0006 0.0005 0.0005 0.0009 0.9945 0.0020 
       EPP06  6 0.0009 0.0006 0.0005 0.0005 0.0008 0.9946 0.0019 
       EPP07  6 0.0009 0.0006 0.0005 0.0005 0.0009 0.9947 0.0019 
       EPP08  6 0.0009 0.0006 0.0005 0.0005 0.0009 0.9947 0.0019 
       EPP09  6 0.0009 0.0006 0.0005 0.0005 0.0008 0.9946 0.0019 
       EPP10  6 0.0009 0.0006 0.0005 0.0005 0.0009 0.9947 0.0019 
       EPP11  6 0.0009 0.0006 0.0005 0.0013 0.0040 0.9557 0.0369 
       EPP12  6 0.0010 0.0006 0.0005 0.0005 0.0009 0.9946 0.0019 
       EPP13  6 0.0009 0.0006 0.0005 0.0005 0.0009 0.9946 0.0019 
       EPP14  6 0.0009 0.0006 0.0005 0.0005 0.0009 0.9947 0.0019 
       EPP15  6 0.0009 0.0007 0.0007 0.0007 0.0008 0.9944 0.0019 
       EPP16  6 0.0009 0.0006 0.0005 0.0005 0.0009 0.9946 0.0020 
       EPP17  6 0.0010 0.0006 0.0005 0.0005 0.0009 0.9947 0.0019 
       EPP18  6 0.0009 0.0006 0.0005 0.0005 0.0009 0.9947 0.0019 
       EPP19  6 0.0009 0.0006 0.0005 0.0005 0.0008 0.9946 0.0020 
       EPP20  6 0.0010 0.0006 0.0005 0.0005 0.0009 0.9943 0.0021 
       EPP21  6 0.0269 0.0007 0.0005 0.0008 0.0081 0.9460 0.0171 
       EPP22  6 0.0010 0.0006 0.0005 0.0005 0.0008 0.9947 0.0019 
       EPP23  6 0.0009 0.0006 0.0005 0.0012 0.0543 0.9083 0.0342 
       EPP24  6 0.0009 0.0006 0.0005 0.0005 0.0009 0.9947 0.0018 
       EPP25  6 0.0009 0.0006 0.0005 0.0005 0.0008 0.9945 0.0020 
       EPP26  6 0.0009 0.0006 0.0005 0.0005 0.0008 0.9946 0.0020 
       EPP27  6 0.0011 0.0006 0.0005 0.0005 0.0009 0.9943 0.0021 
       EPP28  6 0.0010 0.0006 0.0005 0.0005 0.0008 0.9946 0.0019 
       EPP29  6 0.0009 0.0006 0.0005 0.0005 0.0009 0.9946 0.0019 
       EPP30  6 0.0009 0.0006 0.0005 0.0005 0.0009 0.9946 0.0019 
       EPP31  6 0.0010 0.0006 0.0005 0.0005 0.0009 0.9943 0.0021 
       EPP32  6 0.0009 0.0006 0.0005 0.0005 0.0009 0.9946 0.0019 
       EPP33  6 0.0009 0.0006 0.0005 0.0005 0.0008 0.9946 0.0020 
       EPP34  6 0.0010 0.0006 0.0005 0.0005 0.0009 0.9945 0.0020 
       EPP35  6 0.0011 0.0007 0.0007 0.0022 0.0133 0.9797 0.0025 
       EPP36  6 0.0009 0.0006 0.0005 0.0005 0.0009 0.9947 0.0019 
       EPP37  6 0.0011 0.0038 0.0042 0.0007 0.0117 0.9694 0.0091 
       EPP38  6 0.0011 0.0006 0.0005 0.0005 0.0010 0.9943 0.0020 
       EPP39  6 0.0009 0.0006 0.0005 0.0005 0.0009 0.9946 0.0019 
       EPP40  6 0.0009 0.0006 0.0005 0.0005 0.0009 0.9947 0.0019 
       EPP41  6 0.0009 0.0006 0.0005 0.0005 0.0009 0.9946 0.0020 
       EPP42  6 0.0009 0.0006 0.0005 0.0005 0.0008 0.9946 0.0019 
       EPP43  6 0.0009 0.0006 0.0005 0.0006 0.0009 0.9947 0.0019 
        ES68  6 0.2937 0.0074 0.0070 0.0147 0.0009 0.6464 0.0300 
       ENW44  6 0.0009 0.0006 0.0005 0.0005 0.0008 0.9946 0.0019 
       ENW45  6 0.0009 0.0006 0.0005 0.0005 0.0009 0.9946 0.0019 
       ENW46  6 0.0009 0.0006 0.0005 0.0005 0.0008 0.9947 0.0019 
       ENW48  6 0.0009 0.0006 0.0005 0.0005 0.0009 0.9946 0.0019 
       ENW49  6 0.0009 0.0006 0.0005 0.0005 0.0009 0.9946 0.0020 
       ENW50  6 0.0009 0.0006 0.0005 0.0005 0.0009 0.9946 0.0019 
       ENW51  6 0.0013 0.0007 0.0007 0.0007 0.0008 0.9935 0.0023 
       ENW52  6 0.0009 0.0006 0.0005 0.0005 0.0009 0.9947 0.0019 
       ENW53  6 0.0013 0.0007 0.0007 0.0007 0.0008 0.9937 0.0022 
       ENW54  6 0.0013 0.0007 0.0006 0.0007 0.0008 0.9936 0.0023 
       ENW55  6 0.0013 0.0007 0.0007 0.0007 0.0008 0.9936 0.0023 
       ENW56  6 0.0013 0.0007 0.0006 0.0007 0.0008 0.9937 0.0023 
       ENW57  6 0.0013 0.0007 0.0007 0.0007 0.0007 0.9936 0.0023 
       ENE58  6 0.0017 0.0007 0.0013 0.0007 0.0011 0.9919 0.0026 
       ENE59  6 0.0014 0.0008 0.0007 0.0007 0.0007 0.9935 0.0023 
       ENE60  6 0.0013 0.0007 0.0006 0.0007 0.0007 0.9937 0.0023 
       ENE61  6 0.0017 0.0007 0.0013 0.0007 0.0012 0.9918 0.0026 
       ENE62  6 0.0013 0.0007 0.0006 0.0007 0.0008 0.9936 0.0023 
       ENE63  6 0.0013 0.0008 0.0007 0.0007 0.0007 0.9936 0.0023 
       ENE64  6 0.0016 0.0007 0.0013 0.0007 0.0011 0.9919 0.0026 
       ENE65  6 0.0013 0.0007 0.0006 0.0007 0.0008 0.9937 0.0023 
       ENE66  6 0.0013 0.0007 0.0006 0.0007 0.0008 0.9936 0.0024 
       ENE67  6 0.0013 0.0007 0.0006 0.0007 0.0008 0.9936 0.0023 
         CC1  7 0.3196 0.0018 0.0010 0.0014 0.0030 0.6663 0.0070 
        CC10  7 0.2806 0.0021 0.0010 0.0013 0.0030 0.7049 0.0072 
        CC11  7 0.2392 0.0007 0.0026 0.0014 0.0165 0.7273 0.0123 
        CC12  7 0.2364 0.0013 0.0006 0.0034 0.0144 0.5919 0.1519 
        CC13  7 0.3201 0.0019 0.0010 0.0014 0.0028 0.6658 0.0070 
        CC14  7 0.3205 0.0019 0.0010 0.0014 0.0029 0.6653 0.0070 
        CC15  7 0.3084 0.0102 0.0010 0.0069 0.0028 0.6465 0.0242 
        CC16  7 0.2827 0.0007 0.0005 0.0061 0.0205 0.6751 0.0143 
        CC17  7 0.2894 0.0025 0.0011 0.0015 0.0035 0.6940 0.0081 
         CC2  7 0.3205 0.0019 0.0010 0.0013 0.0030 0.6654 0.0070 
         CC3  7 0.2760 0.0019 0.0010 0.0012 0.0017 0.7112 0.0068 
         CC4  7 0.0141 0.0175 0.0023 0.0822 0.0069 0.3215 0.5555 
         CC5  7 0.2594 0.0007 0.0005 0.0007 0.0012 0.7337 0.0039 
         CC6  7 0.2678 0.0007 0.0005 0.0008 0.0013 0.7250 0.0039 
         CC7  7 0.2594 0.0007 0.0005 0.0007 0.0012 0.7338 0.0037 
         CC8  7 0.2596 0.0007 0.0005 0.0008 0.0011 0.7335 0.0038 
         CC9  7 0.2686 0.0007 0.0005 0.0008 0.0013 0.7242 0.0039 
       BUN01  8 0.0055 0.0011 0.0008 0.0010 0.1151 0.0028 0.8738 
       BUN02  8 0.1015 0.0011 0.0014 0.0013 0.0017 0.0028 0.8903 
       BUN03  8 0.0014 0.0010 0.0007 0.0015 0.0055 0.0013 0.9886 
       BUN04  8 0.0014 0.0014 0.0017 0.0009 0.0020 0.0363 0.9563 
       BUN05  8 0.0108 0.0473 0.0013 0.0010 0.4197 0.0020 0.5179 
       BUN06  8 0.0013 0.0009 0.0007 0.0014 0.0033 0.0023 0.9902 
       BUN07  8 0.0011 0.0009 0.0006 0.0026 0.0310 0.0015 0.9624 
       SOB01  8 0.0015 0.0017 0.0007 0.0007 0.0016 0.0018 0.9919 
       SOB02  8 0.0101 0.0015 0.0047 0.1033 0.0095 0.0016 0.8693 
       SOB03  8 0.0054 0.0015 0.0022 0.0008 0.0037 0.0048 0.9817 
       SOB04  8 0.0032 0.0085 0.0022 0.0573 0.0014 0.0011 0.9264 
