        TC01  1 0.0032 0.0019 0.0094 0.0015 0.0011 0.9829 
        TC02  1 0.0036 0.0025 0.0017 0.0013 0.0012 0.9899 
        TC03  1 0.0024 0.0023 0.0014 0.0014 0.0009 0.9916 
        TC04  1 0.0450 0.0837 0.0116 0.0013 0.0015 0.8569 
        TC05  1 0.0054 0.0024 0.0007 0.0009 0.0006 0.9900 
        TC06  1 0.0052 0.0772 0.0016 0.0009 0.0025 0.9125 
        TC07  1 0.0051 0.0036 0.0017 0.0010 0.0005 0.9882 
        TC08  1 0.0023 0.0026 0.0007 0.0013 0.0012 0.9918 
        TC09  1 0.0025 0.0077 0.0009 0.0006 0.1627 0.8256 
        TC10  1 0.0067 0.0076 0.0014 0.0014 0.0107 0.9722 
        TC11  1 0.0015 0.0011 0.0015 0.0010 0.0008 0.9941 
        TC12  1 0.0154 0.0116 0.0035 0.0053 0.0009 0.9633 
        TC13  1 0.0016 0.0022 0.0008 0.0008 0.0019 0.9926 
        TC14  1 0.0046 0.0648 0.0034 0.0028 0.0051 0.9194 
        TC15  1 0.0055 0.0301 0.0014 0.0017 0.0103 0.9511 
        TC16  1 0.0044 0.0140 0.0013 0.0017 0.1785 0.8001 
        TC17  1 0.0369 0.0651 0.0037 0.0092 0.0138 0.8714 
        TC18  1 0.0095 0.0024 0.0133 0.0079 0.0012 0.9657 
        TC19  1 0.0016 0.0018 0.0008 0.0010 0.0155 0.9794 
        TC20  1 0.0019 0.0022 0.0017 0.0010 0.0027 0.9905 
        TC21  1 0.1367 0.0029 0.0250 0.0070 0.0014 0.8270 
        TC22  1 0.0069 0.0032 0.0016 0.0036 0.0013 0.9834 
        TC23  1 0.0020 0.0025 0.0016 0.0013 0.0008 0.9918 
        TC24  1 0.0013 0.0014 0.0005 0.0009 0.0011 0.9948 
        TC25  1 0.0045 0.0323 0.0612 0.0019 0.0039 0.8962 
        TC26  1 0.0029 0.0053 0.0007 0.0010 0.0043 0.9858 
        TC27  1 0.0030 0.0051 0.0010 0.0066 0.0007 0.9836 
        TC28  1 0.0075 0.0193 0.0029 0.0013 0.0010 0.9680 
        TC29  1 0.0052 0.0346 0.0025 0.0011 0.0009 0.9556 
        TC30  1 0.0021 0.0038 0.0008 0.0010 0.0026 0.9896 
        TC31  1 0.0042 0.0014 0.0112 0.0027 0.0014 0.9793 
        TC32  1 0.0422 0.0708 0.0012 0.0010 0.0039 0.8810 
        TC33  1 0.0026 0.0020 0.0017 0.0016 0.0008 0.9912 
        TC34  1 0.0044 0.0396 0.0010 0.0057 0.0043 0.9450 
        TC35  1 0.0053 0.0120 0.0042 0.0053 0.0021 0.9712 
        TC36  1 0.0031 0.0023 0.0009 0.0012 0.0014 0.9911 
        TC37  1 0.0026 0.0011 0.0012 0.0014 0.0007 0.9930 
        TC38  1 0.0043 0.0286 0.0112 0.0008 0.0240 0.9310 
        TC39  1 0.0030 0.0675 0.0015 0.0009 0.0088 0.9182 
        TC40  1 0.0042 0.0183 0.0013 0.0029 0.0018 0.9714 
        TC41  1 0.0024 0.0014 0.0008 0.0017 0.0008 0.9928 
        TC42  1 0.0019 0.0052 0.0006 0.0010 0.0011 0.9903 
        TC43  1 0.0020 0.0052 0.0010 0.0011 0.0007 0.9899 
        TC44  1 0.0029 0.0089 0.0015 0.0017 0.0183 0.9667 
        TC45  1 0.0025 0.0012 0.0027 0.0006 0.0011 0.9918 
        TC46  1 0.0047 0.0015 0.0021 0.0021 0.0012 0.9883 
        TC47  1 0.0024 0.0043 0.0014 0.0020 0.0056 0.9844 
        TC48  1 0.0109 0.0040 0.0035 0.0111 0.0013 0.9693 
        TC49  1 0.0035 0.0019 0.0013 0.0013 0.0008 0.9913 
        TC50  1 0.0043 0.0016 0.0018 0.0031 0.0014 0.9878 
        TC51  1 0.0035 0.0099 0.0025 0.0014 0.0036 0.9792 
        TC52  1 0.0052 0.0026 0.0016 0.0009 0.0014 0.9883 
        TC53  1 0.0029 0.0055 0.0006 0.0027 0.0012 0.9871 
        TC54  1 0.0059 0.0064 0.0017 0.0042 0.0014 0.9803 
        TC55  1 0.0085 0.0093 0.0017 0.0018 0.0030 0.9758 
        TC56  1 0.0040 0.0117 0.0055 0.0049 0.0007 0.9731 
        TC57  1 0.0051 0.0020 0.0013 0.0043 0.0018 0.9855 
        TC58  1 0.0029 0.0019 0.0030 0.0011 0.0026 0.9884 
        TC59  1 0.0018 0.0018 0.0007 0.0010 0.0007 0.9940 
        TA01  2 0.0023 0.0044 0.0009 0.0011 0.0057 0.9856 
        TA02  2 0.0028 0.0023 0.0008 0.0013 0.0009 0.9920 
        TA03  2 0.0028 0.0040 0.0011 0.0035 0.0028 0.9857 
        TA04  2 0.0022 0.4079 0.0008 0.0013 0.0436 0.5442 
        TA05  2 0.0025 0.0017 0.0012 0.0012 0.0015 0.9919 
        TA06  2 0.0016 0.0042 0.0009 0.0008 0.0033 0.9891 
        TA07  2 0.0042 0.0100 0.0014 0.0018 0.0032 0.9794 
        TA08  2 0.0015 0.0124 0.0012 0.0045 0.0021 0.9783 
        TA09  2 0.0017 0.0047 0.0006 0.0010 0.0019 0.9901 
        TA10  2 0.0045 0.0034 0.0070 0.0014 0.0019 0.9818 
        TA11  2 0.0045 0.0038 0.0176 0.0030 0.0488 0.9224 
        TA12  2 0.0080 0.0018 0.0021 0.0030 0.0010 0.9840 
        TA13  2 0.0441 0.0169 0.0046 0.0033 0.0042 0.9269 
        TA14  2 0.0018 0.0070 0.0005 0.0009 0.0016 0.9881 
        TA15  2 0.0021 0.0069 0.0007 0.0009 0.0008 0.9887 
        TA16  2 0.0040 0.0105 0.0027 0.0010 0.0064 0.9755 
        TA17  2 0.0037 0.0031 0.0007 0.0030 0.0009 0.9885 
        TA18  2 0.0169 0.0017 0.0013 0.0012 0.0009 0.9781 
        TA19  2 0.0086 0.0089 0.0014 0.0225 0.0181 0.9405 
        TA20  2 0.0035 0.0024 0.0011 0.0047 0.0011 0.9872 
        TA21  2 0.0036 0.0090 0.0012 0.0017 0.0132 0.9712 
        TA22  2 0.0020 0.0123 0.0007 0.0014 0.0007 0.9830 
        TA23  2 0.0016 0.0185 0.0007 0.0009 0.0011 0.9772 
        TA24  2 0.0040 0.0021 0.0008 0.0019 0.0011 0.9901 
        TA25  2 0.0074 0.0027 0.0522 0.0013 0.0012 0.9352 
        TA26  2 0.0024 0.0127 0.0036 0.0023 0.0482 0.9308 
        TA27  2 0.0047 0.0025 0.0008 0.0017 0.0015 0.9888 
        TA28  2 0.0125 0.0031 0.0039 0.0041 0.0022 0.9741 
        TA29  2 0.0023 0.0088 0.0009 0.0015 0.0011 0.9854 
        TA30  2 0.0029 0.0050 0.0012 0.0038 0.2726 0.7146 
      BERM01  3 0.0014 0.9702 0.0006 0.0008 0.0260 0.0010 
      BERM02  3 0.0015 0.9928 0.0007 0.0007 0.0029 0.0014 
      BERM03  3 0.0016 0.9948 0.0008 0.0009 0.0011 0.0009 
      BERM04  3 0.0013 0.9925 0.0009 0.0009 0.0037 0.0007 
      BERM05  3 0.0018 0.9937 0.0010 0.0011 0.0016 0.0007 
      BERM06  3 0.0016 0.9838 0.0007 0.0007 0.0122 0.0010 
      BERM07  3 0.0016 0.9902 0.0009 0.0012 0.0048 0.0013 
      BERM08  3 0.0012 0.9950 0.0008 0.0006 0.0015 0.0010 
      BERM09  3 0.0014 0.9824 0.0006 0.0008 0.0125 0.0022 
      BERM10  3 0.0025 0.9763 0.0011 0.0013 0.0170 0.0018 
      BERM11  3 0.0013 0.9946 0.0009 0.0007 0.0015 0.0011 
      BERM12  3 0.0024 0.9798 0.0106 0.0031 0.0010 0.0032 
      BERM13  3 0.0018 0.9943 0.0008 0.0009 0.0012 0.0010 
      BERM14  3 0.0014 0.9872 0.0008 0.0008 0.0083 0.0015 
      CROC01  3 0.0056 0.9822 0.0013 0.0080 0.0017 0.0013 
      CROC02  3 0.0032 0.9914 0.0016 0.0010 0.0017 0.0011 
      CROC03  3 0.0019 0.9924 0.0013 0.0012 0.0020 0.0012 
      CROC04  3 0.0088 0.9020 0.0006 0.0009 0.0012 0.0864 
      CROC05  3 0.0024 0.9876 0.0008 0.0007 0.0077 0.0008 
      CROC06  3 0.0130 0.9470 0.0214 0.0071 0.0046 0.0068 
      CROC07  3 0.0018 0.9936 0.0008 0.0009 0.0014 0.0015 
      CROC08  3 0.0020 0.9704 0.0024 0.0225 0.0015 0.0013 
      CROC09  3 0.0020 0.9465 0.0008 0.0011 0.0490 0.0007 
      CROC10  3 0.0015 0.9781 0.0009 0.0007 0.0179 0.0009 
      CROC11  3 0.0020 0.9462 0.0008 0.0011 0.0491 0.0008 
     CROC110  3 0.0077 0.9836 0.0007 0.0014 0.0049 0.0017 
     CROC116  3 0.0045 0.9873 0.0014 0.0015 0.0029 0.0024 
      CROC12  3 0.0020 0.9920 0.0007 0.0007 0.0032 0.0013 
     CROC123  3 0.0013 0.9921 0.0006 0.0006 0.0043 0.0012 
      CROC13  3 0.0016 0.9925 0.0019 0.0010 0.0021 0.0009 
      CROC14  3 0.0113 0.9108 0.0699 0.0010 0.0040 0.0031 
      CROC15  3 0.1035 0.8853 0.0038 0.0038 0.0012 0.0024 
      CROC16  3 0.0027 0.9274 0.0028 0.0015 0.0649 0.0008 
      CROC17  3 0.0031 0.9302 0.0007 0.0006 0.0011 0.0643 
      CROC18  3 0.0094 0.9788 0.0064 0.0010 0.0013 0.0031 
      CROC19  3 0.0031 0.9915 0.0010 0.0015 0.0010 0.0019 
     CROC198  3 0.0016 0.9753 0.0009 0.0014 0.0198 0.0010 
      CROC20  3 0.0026 0.9922 0.0011 0.0013 0.0020 0.0008 
     CROC202  3 0.0018 0.9891 0.0039 0.0012 0.0028 0.0012 
      CROC21  3 0.0019 0.9925 0.0010 0.0009 0.0025 0.0012 
     CROC216  3 0.0087 0.9783 0.0011 0.0040 0.0013 0.0065 
      CROC22  3 0.0072 0.9722 0.0010 0.0109 0.0043 0.0044 
      CROC23  3 0.0017 0.9788 0.0009 0.0009 0.0143 0.0034 
      CROC24  3 0.0017 0.9760 0.0012 0.0009 0.0189 0.0012 
      CROC25  3 0.0014 0.9943 0.0007 0.0007 0.0019 0.0010 
     CROC259  3 0.0017 0.9822 0.0039 0.0009 0.0015 0.0098 
      CROC26  3 0.0015 0.9421 0.0011 0.0014 0.0024 0.0516 
      CROC27  3 0.0023 0.9875 0.0009 0.0018 0.0054 0.0020 
      CROC28  3 0.0015 0.7782 0.0008 0.0008 0.2119 0.0068 
      CROC29  3 0.0017 0.9944 0.0008 0.0011 0.0009 0.0011 
      CROC30  3 0.0044 0.9880 0.0010 0.0012 0.0032 0.0022 
      CROC31  3 0.0031 0.9847 0.0010 0.0011 0.0079 0.0022 
      CROC32  3 0.0016 0.9903 0.0009 0.0008 0.0055 0.0010 
      CROC33  3 0.0038 0.9790 0.0006 0.0125 0.0008 0.0033 
      CROC34  3 0.0017 0.9943 0.0009 0.0012 0.0009 0.0012 
      CROC35  3 0.0044 0.9878 0.0009 0.0005 0.0013 0.0051 
      CROC36  3 0.0014 0.9712 0.0008 0.0006 0.0252 0.0008 
      CROC57  3 0.0016 0.9945 0.0011 0.0010 0.0011 0.0007 
      CROC81  3 0.0024 0.9902 0.0024 0.0014 0.0023 0.0012 
      CROC84  3 0.0016 0.9905 0.0021 0.0011 0.0032 0.0015 
        FW01  3 0.0019 0.0022 0.0013 0.0013 0.9924 0.0010 
        FW02  3 0.0009 0.0009 0.0005 0.0005 0.9966 0.0005 
        FW03  3 0.0011 0.0012 0.0007 0.0007 0.9956 0.0007 
        FW04  3 0.0009 0.0009 0.0005 0.0005 0.9966 0.0005 
        FW05  3 0.0009 0.0009 0.0005 0.0005 0.9966 0.0005 
        FW06  3 0.0009 0.0010 0.0005 0.0005 0.9966 0.0005 
        FW07  3 0.0011 0.0011 0.0007 0.0006 0.9958 0.0007 
        FW08  3 0.0009 0.0009 0.0005 0.0005 0.9966 0.0005 
        FW09  3 0.0009 0.0009 0.0005 0.0005 0.9966 0.0005 
        FW10  3 0.0012 0.0011 0.0007 0.0007 0.9956 0.0008 
       FW100  3 0.0012 0.0011 0.0007 0.0007 0.9956 0.0007 
       FW101  3 0.0011 0.0012 0.0007 0.0007 0.9956 0.0008 
       FW102  3 0.0009 0.0009 0.0005 0.0005 0.9966 0.0005 
       FW103  3 0.0009 0.0009 0.0005 0.0005 0.9966 0.0005 
       FW104  3 0.0020 0.0022 0.0012 0.0014 0.9923 0.0009 
       FW105  3 0.0012 0.0011 0.0007 0.0007 0.9956 0.0007 
       FW106  3 0.0069 0.9826 0.0013 0.0019 0.0056 0.0018 
       FW107  3 0.0020 0.0022 0.0012 0.0013 0.9922 0.0010 
       FW108  3 0.0009 0.0010 0.0005 0.0005 0.9966 0.0005 
       FW109  3 0.0012 0.0011 0.0007 0.0007 0.9956 0.0008 
        FW11  3 0.0012 0.0011 0.0007 0.0007 0.9956 0.0008 
       FW110  3 0.0011 0.0011 0.0007 0.0007 0.9957 0.0007 
       FW111  3 0.0009 0.0009 0.0005 0.0005 0.9966 0.0005 
       FW112  3 0.0011 0.0011 0.0007 0.0007 0.9956 0.0008 
       FW113  3 0.0009 0.0009 0.0005 0.0005 0.9966 0.0005 
       FW114  3 0.0013 0.0014 0.0007 0.0007 0.9946 0.0015 
       FW115  3 0.0012 0.0011 0.0007 0.0007 0.9956 0.0008 
       FW116  3 0.0009 0.0010 0.0005 0.0005 0.9966 0.0005 
        FW12  3 0.0009 0.0010 0.0005 0.0005 0.9966 0.0005 
        FW13  3 0.0009 0.0010 0.0005 0.0005 0.9966 0.0005 
        FW14  3 0.0019 0.0021 0.0013 0.0013 0.9924 0.0010 
        FW15  3 0.0019 0.0022 0.0012 0.0012 0.9924 0.0009 
        FW16  3 0.0012 0.0011 0.0007 0.0007 0.9956 0.0008 
        FW17  3 0.0012 0.0011 0.0007 0.0007 0.9956 0.0007 
        FW18  3 0.0011 0.0011 0.0007 0.0007 0.9956 0.0008 
        FW19  3 0.0009 0.0009 0.0005 0.0005 0.9966 0.0005 
        FW20  3 0.0009 0.0009 0.0005 0.0005 0.9966 0.0005 
        FW21  3 0.0009 0.0009 0.0005 0.0005 0.9966 0.0005 
        FW22  3 0.0012 0.0011 0.0007 0.0007 0.9957 0.0007 
        FW23  3 0.0009 0.0009 0.0005 0.0005 0.9966 0.0005 
        FW24  3 0.0009 0.0009 0.0005 0.0005 0.9966 0.0005 
        FW25  3 0.0009 0.0010 0.0005 0.0005 0.9966 0.0005 
        FW26  3 0.0009 0.0009 0.0005 0.0005 0.9966 0.0005 
        FW27  3 0.0012 0.0011 0.0007 0.0007 0.9955 0.0008 
        FW28  3 0.0009 0.0010 0.0005 0.0005 0.9965 0.0005 
        FW29  3 0.0009 0.0009 0.0005 0.0005 0.9966 0.0005 
        FW30  3 0.0068 0.9825 0.0014 0.0017 0.0058 0.0018 
        FW32  3 0.0019 0.0021 0.0013 0.0013 0.9923 0.0010 
        FW33  3 0.0072 0.0112 0.0005 0.0005 0.9776 0.0031 
        FW34  3 0.0009 0.0010 0.0005 0.0005 0.9966 0.0005 
        FW35  3 0.0009 0.0010 0.0005 0.0005 0.9966 0.0005 
        FW36  3 0.0009 0.0010 0.0005 0.0005 0.9966 0.0005 
        FW37  3 0.0012 0.0011 0.0007 0.0007 0.9956 0.0008 
        FW51  3 0.0009 0.0009 0.0005 0.0005 0.9966 0.0005 
        FW52  3 0.0012 0.0012 0.0007 0.0007 0.9955 0.0008 
        FW53  3 0.0009 0.0009 0.0005 0.0005 0.9966 0.0005 
        FW54  3 0.0012 0.0011 0.0007 0.0007 0.9957 0.0007 
        FW55  3 0.0009 0.0009 0.0005 0.0005 0.9966 0.0005 
        FW56  3 0.0009 0.0009 0.0005 0.0005 0.9966 0.0005 
        FW57  3 0.0009 0.0009 0.0005 0.0005 0.9966 0.0005 
        FW78  3 0.0009 0.0009 0.0005 0.0005 0.9966 0.0005 
        FW79  3 0.0009 0.0010 0.0005 0.0005 0.9966 0.0005 
        FW80  3 0.0009 0.0010 0.0005 0.0005 0.9966 0.0005 
        FW81  3 0.0011 0.0011 0.0007 0.0007 0.9957 0.0007 
        FW82  3 0.0012 0.0011 0.0007 0.0007 0.9956 0.0007 
        FW83  3 0.0019 0.0022 0.0012 0.0013 0.9923 0.0010 
        FW84  3 0.0009 0.0009 0.0005 0.0005 0.9966 0.0005 
        FW85  3 0.0125 0.0028 0.0060 0.0007 0.9703 0.0076 
        FW86  3 0.0012 0.0011 0.0007 0.0007 0.9956 0.0008 
        FW87  3 0.0012 0.0011 0.0007 0.0007 0.9956 0.0008 
        FW88  3 0.0009 0.0010 0.0005 0.0005 0.9966 0.0005 
        FW89  3 0.0009 0.0009 0.0005 0.0005 0.9966 0.0005 
        FW90  3 0.0009 0.0010 0.0005 0.0005 0.9966 0.0005 
        FW91  3 0.0012 0.0011 0.0007 0.0007 0.9956 0.0008 
        FW92  3 0.0009 0.0009 0.0005 0.0005 0.9966 0.0005 
        FW93  3 0.0009 0.0009 0.0005 0.0005 0.9966 0.0005 
        FW94  3 0.0012 0.0011 0.0007 0.0007 0.9956 0.0008 
        FW95  3 0.0009 0.0010 0.0005 0.0005 0.9965 0.0005 
        FW96  3 0.0009 0.0010 0.0005 0.0005 0.9965 0.0005 
        FW97  3 0.0031 0.9843 0.0022 0.0028 0.0064 0.0012 
        FW98  3 0.0012 0.0011 0.0007 0.0007 0.9957 0.0007 
        FW99  3 0.0009 0.0010 0.0005 0.0005 0.9966 0.0005 
       Cal01  3 0.0019 0.8643 0.0009 0.0018 0.1298 0.0013 
       Cal02  3 0.0022 0.9878 0.0009 0.0009 0.0071 0.0010 
       Cal03  3 0.0017 0.9068 0.0006 0.0008 0.0891 0.0010 
       Cal04  3 0.0032 0.9914 0.0010 0.0020 0.0009 0.0015 
       Cal05  3 0.0011 0.9917 0.0006 0.0006 0.0038 0.0023 
       Cal06  3 0.0024 0.9919 0.0011 0.0008 0.0016 0.0021 
       Cal07  3 0.0012 0.9847 0.0006 0.0006 0.0067 0.0063 
       Cal08  3 0.0022 0.9440 0.0015 0.0016 0.0494 0.0013 
       Cal09  3 0.0039 0.9462 0.0015 0.0010 0.0228 0.0246 
       Cal10  3 0.0028 0.9924 0.0009 0.0015 0.0012 0.0013 
       Cal11  3 0.0019 0.9890 0.0023 0.0011 0.0041 0.0017 
      Cal197  3 0.0023 0.7447 0.0005 0.0007 0.2502 0.0016 
      Cal198  3 0.0031 0.8855 0.0006 0.0442 0.0209 0.0458 
      Cal199  3 0.0015 0.9944 0.0009 0.0014 0.0012 0.0007 
      Cal200  3 0.0014 0.9920 0.0008 0.0006 0.0042 0.0009 
      Cal201  3 0.0017 0.9819 0.0006 0.0006 0.0139 0.0014 
      Cal202  3 0.0174 0.9473 0.0044 0.0250 0.0047 0.0013 
      Cal203  3 0.0017 0.9936 0.0010 0.0011 0.0018 0.0008 
      Cal204  3 0.0017 0.9948 0.0010 0.0009 0.0007 0.0009 
      Cal205  3 0.0017 0.9925 0.0006 0.0009 0.0032 0.0011 
      Cal206  3 0.0019 0.9939 0.0010 0.0008 0.0017 0.0008 
      Cal207  3 0.0017 0.9944 0.0006 0.0010 0.0012 0.0011 
      Cal208  3 0.0019 0.9784 0.0009 0.0013 0.0165 0.0009 
      Cal209  3 0.0013 0.9884 0.0008 0.0007 0.0079 0.0009 
      Cal210  3 0.0014 0.9943 0.0008 0.0015 0.0013 0.0006 
      Cal211  3 0.0014 0.9946 0.0006 0.0006 0.0018 0.0009 
      Cal212  3 0.0016 0.9946 0.0007 0.0008 0.0015 0.0008 
      Cal213  3 0.0289 0.8341 0.0006 0.0081 0.0486 0.0797 
      Cal214  3 0.0052 0.9648 0.0009 0.0273 0.0008 0.0011 
      Cal215  3 0.0025 0.9758 0.0019 0.0021 0.0166 0.0011 
      Cal216  3 0.0017 0.9769 0.0009 0.0008 0.0182 0.0016 
      Cal217  3 0.0014 0.9897 0.0006 0.0006 0.0063 0.0014 
      Cal218  3 0.0014 0.9935 0.0006 0.0007 0.0029 0.0009 
      Cal219  3 0.0023 0.9842 0.0009 0.0009 0.0108 0.0010 
      Cal220  3 0.0032 0.9905 0.0008 0.0017 0.0027 0.0011 
      Cal221  3 0.0014 0.9928 0.0006 0.0007 0.0035 0.0009 
      Cal222  3 0.0014 0.9937 0.0008 0.0011 0.0020 0.0010 
      Cal223  3 0.0042 0.9786 0.0009 0.0037 0.0016 0.0109 
      Cal224  3 0.0034 0.9223 0.0072 0.0635 0.0008 0.0028 
       Cal33  3 0.0022 0.9932 0.0007 0.0007 0.0022 0.0010 
       Cal34  3 0.0023 0.9908 0.0009 0.0015 0.0019 0.0025 
       Cal35  3 0.0017 0.9944 0.0007 0.0006 0.0015 0.0012 
       Cal37  3 0.0061 0.9885 0.0007 0.0007 0.0015 0.0025 
       Cal38  3 0.0013 0.8337 0.0005 0.0007 0.1626 0.0011 
       Cal39  3 0.0014 0.9593 0.0014 0.0009 0.0358 0.0012 
       Cal40  3 0.0013 0.9880 0.0008 0.0007 0.0084 0.0008 
       Cal41  3 0.0013 0.9918 0.0008 0.0007 0.0045 0.0011 
       Cal42  3 0.0017 0.9943 0.0009 0.0008 0.0016 0.0007 
       Cal43  3 0.0018 0.9940 0.0007 0.0010 0.0016 0.0010 
       Cal44  3 0.0029 0.9894 0.0009 0.0013 0.0046 0.0009 
        BW41  3 0.0028 0.9744 0.0192 0.0017 0.0009 0.0010 
        BW42  3 0.0032 0.9909 0.0008 0.0008 0.0026 0.0017 
        BW44  3 0.0016 0.9946 0.0007 0.0007 0.0009 0.0015 
        BW45  3 0.0011 0.9957 0.0005 0.0005 0.0013 0.0009 
        BW46  3 0.0019 0.9928 0.0007 0.0008 0.0030 0.0008 
        BW47  3 0.0172 0.9486 0.0093 0.0006 0.0143 0.0100 
        BW48  3 0.0031 0.9884 0.0020 0.0016 0.0034 0.0014 
        BW49  3 0.0016 0.9916 0.0008 0.0007 0.0015 0.0037 
        BW50  3 0.0016 0.9818 0.0008 0.0008 0.0140 0.0010 
        BW51  3 0.0013 0.9763 0.0006 0.0008 0.0142 0.0068 
        BW52  3 0.0015 0.9914 0.0016 0.0008 0.0035 0.0011 
        BW53  3 0.0126 0.9795 0.0008 0.0016 0.0019 0.0035 
        BW54  3 0.0440 0.9264 0.0022 0.0154 0.0061 0.0060 
        BW55  3 0.0015 0.9939 0.0009 0.0009 0.0018 0.0009 
        BW56  3 0.0015 0.9943 0.0012 0.0008 0.0011 0.0012 
        BW57  3 0.0023 0.9907 0.0007 0.0010 0.0034 0.0019 
        BW58  3 0.0020 0.9908 0.0007 0.0009 0.0036 0.0020 
        BW59  3 0.0021 0.9353 0.0007 0.0006 0.0601 0.0013 
        BW60  3 0.0015 0.9934 0.0009 0.0007 0.0024 0.0011 
        BW61  3 0.0098 0.9258 0.0561 0.0009 0.0057 0.0018 
        BW62  3 0.0026 0.9925 0.0010 0.0008 0.0020 0.0012 
        BW63  3 0.0352 0.9519 0.0009 0.0014 0.0027 0.0079 
        BW64  3 0.0016 0.9817 0.0007 0.0007 0.0142 0.0011 
        BW65  3 0.0044 0.9885 0.0023 0.0026 0.0008 0.0014 
        BW66  3 0.0014 0.9919 0.0017 0.0009 0.0025 0.0016 
        BW67  3 0.0011 0.9951 0.0006 0.0006 0.0018 0.0008 
        BW68  3 0.0031 0.9918 0.0011 0.0008 0.0014 0.0017 
        BW69  3 0.0015 0.9612 0.0341 0.0009 0.0014 0.0009 
        BW70  3 0.0015 0.9922 0.0007 0.0011 0.0033 0.0012 
        BW71  3 0.0012 0.9929 0.0007 0.0006 0.0037 0.0010 
        BW72  3 0.0040 0.9895 0.0020 0.0015 0.0020 0.0010 
        BW73  3 0.0156 0.9309 0.0461 0.0009 0.0018 0.0047 
        BW74  3 0.0022 0.9922 0.0008 0.0009 0.0021 0.0018 
        BW75  3 0.0076 0.9764 0.0044 0.0021 0.0029 0.0067 
        BW76  3 0.0019 0.9935 0.0015 0.0013 0.0009 0.0009 
        BW77  3 0.0027 0.9880 0.0013 0.0011 0.0050 0.0020 
        BW78  3 0.0014 0.9931 0.0009 0.0011 0.0014 0.0022 
        BW79  3 0.0034 0.9769 0.0008 0.0009 0.0154 0.0026 
        BW80  3 0.0024 0.9924 0.0007 0.0007 0.0029 0.0009 
        BW81  3 0.0019 0.9890 0.0007 0.0010 0.0048 0.0025 
       BWS05  3 0.0054 0.9820 0.0045 0.0019 0.0042 0.0019 
       BWS06  3 0.0023 0.9805 0.0008 0.0023 0.0128 0.0013 
       BWS07  3 0.0103 0.9770 0.0005 0.0007 0.0083 0.0033 
       BWS08  3 0.0026 0.9902 0.0030 0.0015 0.0007 0.0021 
       BWS09  3 0.0012 0.9909 0.0006 0.0008 0.0056 0.0009 
       BWS10  3 0.0100 0.9849 0.0008 0.0011 0.0017 0.0015 
       BWS11  3 0.0016 0.9948 0.0007 0.0008 0.0012 0.0009 
       BWS12  3 0.0021 0.9926 0.0011 0.0011 0.0017 0.0015 
       BWS13  3 0.0018 0.9890 0.0007 0.0018 0.0059 0.0008 
       BWS14  3 0.0026 0.9703 0.0009 0.0009 0.0237 0.0016 
       BWS15  3 0.0025 0.9921 0.0014 0.0016 0.0010 0.0013 
       BWS16  3 0.0020 0.9754 0.0008 0.0008 0.0017 0.0193 
       BWS17  3 0.0019 0.9935 0.0014 0.0011 0.0010 0.0010 
       BWS18  3 0.0027 0.9531 0.0007 0.0372 0.0044 0.0019 
       BWS19  3 0.0120 0.9563 0.0061 0.0166 0.0068 0.0022 
       BWS20  3 0.0013 0.9904 0.0007 0.0007 0.0019 0.0049 
       BWS21  3 0.0299 0.9296 0.0013 0.0334 0.0011 0.0047 
       BWS22  3 0.0017 0.9931 0.0007 0.0011 0.0024 0.0008 
       BWS23  3 0.0021 0.9676 0.0009 0.0263 0.0015 0.0015 
       BWS24  3 0.0046 0.9908 0.0011 0.0010 0.0008 0.0017 
       BWS25  3 0.0083 0.9874 0.0014 0.0008 0.0012 0.0009 
       BWS26  3 0.0021 0.9932 0.0011 0.0007 0.0016 0.0013 
       BWS27  3 0.0020 0.9920 0.0006 0.0007 0.0015 0.0032 
       BWS28  3 0.0125 0.9662 0.0012 0.0012 0.0170 0.0019 
       BWS29  3 0.0023 0.9918 0.0019 0.0013 0.0014 0.0014 
       BWS30  3 0.0015 0.9844 0.0008 0.0011 0.0111 0.0011 
       BWS31  3 0.0017 0.9934 0.0009 0.0008 0.0013 0.0018 
       BWS32  3 0.0028 0.9893 0.0009 0.0011 0.0030 0.0030 
       BWS33  3 0.0043 0.9886 0.0018 0.0017 0.0025 0.0010 
       BWS34  3 0.0025 0.9920 0.0013 0.0014 0.0016 0.0012 
       BWS35  3 0.0032 0.9890 0.0011 0.0022 0.0026 0.0020 
       BWS36  3 0.0012 0.9915 0.0011 0.0007 0.0047 0.0009 
       BWS37  3 0.0018 0.9929 0.0015 0.0008 0.0013 0.0017 
       BWS38  3 0.0016 0.9905 0.0009 0.0009 0.0045 0.0015 
       BWS39  3 0.0013 0.9915 0.0006 0.0007 0.0046 0.0013 
       BWS40  3 0.0016 0.9894 0.0013 0.0013 0.0054 0.0010 
       BWN01  3 0.0015 0.9919 0.0012 0.0009 0.0021 0.0024 
       BWN02  3 0.0015 0.9496 0.0007 0.0007 0.0105 0.0370 
       BWN03  3 0.0058 0.9850 0.0044 0.0024 0.0012 0.0011 
       BWN04  3 0.0016 0.9911 0.0027 0.0007 0.0023 0.0016 
        NC01  4 0.0191 0.0493 0.0008 0.0007 0.0398 0.8903 
        NC02  4 0.0029 0.0118 0.0019 0.0010 0.0047 0.9777 
        NC03  4 0.0024 0.0025 0.0006 0.0015 0.0011 0.9920 
        NC04  4 0.0021 0.0063 0.0008 0.0011 0.0010 0.9887 
        NC05  4 0.0269 0.0269 0.0018 0.0048 0.0011 0.9385 
        NC06  4 0.0027 0.0230 0.0049 0.0010 0.0038 0.9647 
        NC07  4 0.0018 0.0043 0.0007 0.0010 0.0046 0.9876 
        NC08  4 0.0019 0.0601 0.0016 0.0012 0.0049 0.9303 
        NC09  4 0.0025 0.0173 0.0011 0.0015 0.0010 0.9765 
        NC10  4 0.0018 0.3144 0.0009 0.0007 0.0034 0.6789 
        NC11  4 0.0048 0.0162 0.0018 0.0018 0.0040 0.9714 
        NC12  4 0.0026 0.0051 0.0013 0.0007 0.0011 0.9893 
        NC13  4 0.0039 0.0056 0.0006 0.0041 0.0010 0.9847 
        NC14  4 0.0085 0.0109 0.0010 0.0009 0.0032 0.9756 
        NC15  4 0.0033 0.0088 0.0012 0.0015 0.0014 0.9839 
        NC16  4 0.0116 0.0235 0.0009 0.0007 0.0036 0.9597 
        NC18  4 0.0028 0.0093 0.0016 0.0010 0.0028 0.9825 
        NC19  4 0.0016 0.0021 0.0006 0.0006 0.0010 0.9940 
        NC20  4 0.0026 0.0770 0.0127 0.0029 0.0214 0.8835 
        NC21  4 0.0075 0.0093 0.0008 0.0028 0.0431 0.9365 
        NC22  4 0.0013 0.0131 0.0044 0.0013 0.0545 0.9254 
        NC23  4 0.0041 0.0187 0.0009 0.0010 0.0079 0.9674 
        NC24  4 0.0017 0.0019 0.0011 0.0009 0.0014 0.9930 
      SAND01  4 0.0015 0.9940 0.0006 0.0014 0.0010 0.0015 
      SAND02  4 0.0015 0.9810 0.0011 0.0012 0.0140 0.0012 
      SAND03  4 0.0011 0.9922 0.0006 0.0008 0.0043 0.0010 
      SAND04  4 0.0021 0.9695 0.0008 0.0011 0.0250 0.0015 
      SAND05  4 0.0020 0.9897 0.0009 0.0011 0.0051 0.0013 
      SAND06  4 0.0028 0.9728 0.0009 0.0009 0.0195 0.0030 
      SAND07  4 0.0014 0.9922 0.0008 0.0016 0.0028 0.0013 
      SAND08  4 0.0016 0.9728 0.0013 0.0008 0.0034 0.0201 
      SAND09  4 0.0053 0.9846 0.0008 0.0015 0.0023 0.0055 
      SAND10  4 0.0022 0.9744 0.0018 0.0010 0.0113 0.0094 
      SAND11  4 0.0017 0.9935 0.0008 0.0012 0.0018 0.0010 
      SAND12  4 0.0022 0.9882 0.0009 0.0010 0.0058 0.0019 
      SAND13  4 0.0023 0.9734 0.0017 0.0010 0.0114 0.0101 
      SAND14  4 0.0015 0.9843 0.0011 0.0010 0.0093 0.0027 
      SAND15  4 0.0015 0.9906 0.0006 0.0009 0.0052 0.0011 
      SAND16  4 0.0113 0.9677 0.0006 0.0015 0.0039 0.0151 
      SAND17  4 0.0014 0.9945 0.0007 0.0011 0.0012 0.0011 
      SAND18  4 0.0015 0.9751 0.0006 0.0007 0.0206 0.0015 
      SAND19  4 0.0017 0.9638 0.0006 0.0009 0.0318 0.0012 
      SAND20  4 0.0014 0.9895 0.0009 0.0012 0.0020 0.0050 
      SAND21  4 0.0014 0.9804 0.0008 0.0010 0.0149 0.0015 
      SAND22  4 0.0012 0.9933 0.0006 0.0007 0.0026 0.0015 
      SAND23  4 0.0015 0.8045 0.0007 0.0008 0.1917 0.0009 
      SAND24  4 0.0023 0.9916 0.0017 0.0010 0.0021 0.0013 
      SAND25  4 0.0057 0.9779 0.0013 0.0019 0.0028 0.0104 
      SAND26  4 0.0013 0.9931 0.0008 0.0008 0.0011 0.0029 
      SAND27  4 0.0028 0.9556 0.0012 0.0011 0.0017 0.0377 
      SAND28  4 0.0017 0.9861 0.0009 0.0009 0.0089 0.0014 
      SAND29  4 0.0017 0.9469 0.0007 0.0007 0.0488 0.0012 
      SAND30  4 0.0016 0.9927 0.0006 0.0008 0.0026 0.0017 
      SAND31  4 0.0021 0.9883 0.0008 0.0009 0.0012 0.0067 
      SAND32  4 0.0025 0.9831 0.0011 0.0010 0.0064 0.0060 
      SAND33  4 0.0012 0.9869 0.0009 0.0013 0.0077 0.0019 
      SAND34  4 0.0020 0.9873 0.0007 0.0008 0.0075 0.0017 
      SAND35  4 0.0011 0.9599 0.0006 0.0008 0.0361 0.0014 
      SAND36  4 0.0015 0.9910 0.0007 0.0007 0.0050 0.0011 
      SAND37  4 0.0018 0.9881 0.0007 0.0008 0.0076 0.0011 
      SAND38  4 0.0020 0.9885 0.0011 0.0016 0.0042 0.0027 
      SAND39  4 0.0019 0.9809 0.0009 0.0008 0.0033 0.0123 
      SAND40  4 0.0026 0.9285 0.0012 0.0009 0.0649 0.0019 
      SAND41  4 0.0015 0.9904 0.0009 0.0010 0.0048 0.0015 
      SAND42  4 0.0017 0.9913 0.0008 0.0011 0.0036 0.0015 
      SAND43  4 0.0022 0.9865 0.0009 0.0015 0.0074 0.0015 
      SAND44  4 0.0013 0.9917 0.0008 0.0008 0.0040 0.0015 
       Hon01  5 0.0022 0.0009 0.0012 0.0013 0.0005 0.9939 
       Hon02  5 0.0018 0.0032 0.0010 0.0010 0.0055 0.9875 
       Hon03  5 0.0037 0.0019 0.0173 0.0997 0.0138 0.8635 
       Hon04  5 0.0020 0.0012 0.0009 0.0019 0.0010 0.9930 
       Hon05  5 0.0018 0.0013 0.0014 0.0008 0.0008 0.9938 
       Hon06  5 0.0017 0.0008 0.0006 0.0009 0.0008 0.9952 
       Hon07  5 0.0014 0.0010 0.0013 0.0013 0.0008 0.9942 
       Hon08  5 0.0019 0.0013 0.0007 0.0013 0.0009 0.9939 
       Hon09  5 0.0015 0.0041 0.0014 0.0015 0.0646 0.9270 
       Hon10  5 0.0023 0.0013 0.0075 0.0045 0.0008 0.9837 
       Hon11  5 0.0273 0.0065 0.0023 0.0034 0.0010 0.9595 
       Hon12  5 0.0014 0.0032 0.0023 0.0027 0.0071 0.9833 
       Hon13  5 0.0018 0.0013 0.0013 0.0009 0.0007 0.9941 
       Hon14  5 0.0031 0.0011 0.0111 0.0030 0.0006 0.9811 
       Hon15  5 0.0022 0.0008 0.0009 0.0025 0.0008 0.9928 
       Hon16  5 0.0019 0.0014 0.0007 0.0013 0.0009 0.9938 
       Hon17  5 0.0019 0.0010 0.0007 0.0007 0.0007 0.9950 
       Hon18  5 0.0019 0.0412 0.0007 0.0012 0.0020 0.9530 
       Hon19  5 0.0033 0.0013 0.0013 0.0013 0.0008 0.9919 
       Hon20  5 0.0054 0.0011 0.0010 0.0026 0.0007 0.9893 
      ERIN01  6 0.0014 0.0007 0.9957 0.0011 0.0005 0.0006 
      ERIN02  6 0.0015 0.0007 0.9957 0.0011 0.0005 0.0006 
      ERIN03  6 0.0015 0.0007 0.9957 0.0011 0.0005 0.0006 
      ERIN04  6 0.0014 0.0007 0.9957 0.0011 0.0005 0.0006 
      ERIN05  6 0.0014 0.0007 0.9955 0.0013 0.0005 0.0006 
      ERIN06  6 0.0014 0.0007 0.9957 0.0012 0.0005 0.0006 
      ERIN07  6 0.0014 0.0007 0.9957 0.0011 0.0005 0.0006 
      ERIN08  6 0.0015 0.0007 0.9957 0.0011 0.0005 0.0006 
      ERIN09  6 0.0014 0.0007 0.9957 0.0011 0.0005 0.0006 
      ERIN10  6 0.0014 0.0007 0.9957 0.0011 0.0005 0.0006 
      ERIN11  6 0.0064 0.0007 0.9883 0.0011 0.0005 0.0030 
      ERIN12  6 0.0014 0.0007 0.9957 0.0011 0.0005 0.0006 
      ERIN13  6 0.0014 0.0007 0.9957 0.0012 0.0005 0.0006 
      ERIN14  6 0.0014 0.0007 0.9957 0.0011 0.0005 0.0006 
      ERIN15  6 0.0014 0.0007 0.9957 0.0011 0.0005 0.0006 
      ERIN16  6 0.0018 0.0007 0.9952 0.0012 0.0005 0.0007 
      ERIN17  6 0.0014 0.0007 0.9958 0.0011 0.0005 0.0006 
      ERIN18  6 0.0015 0.0007 0.9957 0.0011 0.0005 0.0006 
      ERIN19  6 0.0014 0.0007 0.9957 0.0011 0.0005 0.0006 
      ERIN20  6 0.0015 0.0007 0.9956 0.0012 0.0005 0.0006 
      ERIN21  6 0.0015 0.0007 0.9956 0.0012 0.0005 0.0006 
      ERIN22  6 0.0014 0.0007 0.9957 0.0011 0.0005 0.0006 
      ERIN23  6 0.0014 0.0007 0.9956 0.0012 0.0005 0.0006 
      ERIN24  6 0.0014 0.0007 0.9957 0.0011 0.0005 0.0006 
      ERIN25  6 0.0014 0.0007 0.9956 0.0012 0.0005 0.0006 
      ERIN26  6 0.0015 0.0007 0.9957 0.0011 0.0005 0.0006 
      ERIN27  6 0.0014 0.0007 0.9957 0.0012 0.0005 0.0006 
      ERIN28  6 0.0015 0.0007 0.9955 0.0013 0.0005 0.0006 
      ERIN29  6 0.0014 0.0007 0.9956 0.0012 0.0005 0.0006 
      ERIN30  6 0.0015 0.0007 0.9956 0.0011 0.0005 0.0006 
      ERIN31  6 0.0014 0.0007 0.9957 0.0011 0.0005 0.0006 
      ERIN32  6 0.0015 0.0007 0.9956 0.0011 0.0005 0.0006 
      ERIN33  6 0.0014 0.0007 0.9957 0.0011 0.0005 0.0006 
      ERIN34  6 0.0014 0.0007 0.9957 0.0011 0.0005 0.0006 
      ERIN35  6 0.0014 0.0007 0.9957 0.0012 0.0005 0.0006 
      ERIN38  6 0.0014 0.0007 0.9957 0.0011 0.0005 0.0006 
      ERIN39  6 0.0014 0.0007 0.9958 0.0011 0.0005 0.0006 
      ERIN40  6 0.0015 0.0007 0.9957 0.0011 0.0005 0.0006 
      ERIN41  6 0.0014 0.0007 0.9958 0.0011 0.0005 0.0006 
      ERIN42  6 0.0014 0.0007 0.9957 0.0011 0.0005 0.0006 
      ERIN43  6 0.0014 0.0007 0.9957 0.0012 0.0005 0.0006 
      ERIN44  6 0.0015 0.0007 0.9956 0.0012 0.0005 0.0006 
      ERIN45  6 0.0014 0.0007 0.9958 0.0011 0.0005 0.0006 
      ERIN46  6 0.0014 0.0007 0.9957 0.0011 0.0005 0.0006 
      ERIN47  6 0.0015 0.0007 0.9956 0.0012 0.0005 0.0006 
       FDS01  6 0.0014 0.0007 0.9958 0.0011 0.0005 0.0006 
       FDS02  6 0.0014 0.0007 0.9956 0.0012 0.0005 0.0006 
       FDS03  6 0.0017 0.0007 0.9953 0.0012 0.0005 0.0007 
       FDS04  6 0.0014 0.0007 0.9957 0.0012 0.0005 0.0006 
       FDS05  6 0.0015 0.0007 0.9956 0.0012 0.0005 0.0006 
       FDS06  6 0.0014 0.0007 0.9957 0.0011 0.0005 0.0006 
       FDS07  6 0.0015 0.0007 0.9956 0.0011 0.0005 0.0006 
       FDS08  6 0.0015 0.0007 0.9957 0.0012 0.0005 0.0006 
       FDS09  6 0.0014 0.0007 0.9957 0.0011 0.0005 0.0006 
       FDS10  6 0.0015 0.0007 0.9956 0.0012 0.0005 0.0006 
       FDS11  6 0.0015 0.0007 0.9956 0.0011 0.0005 0.0006 
       FDS12  6 0.0018 0.0007 0.9953 0.0011 0.0005 0.0007 
       FDS13  6 0.0014 0.0007 0.9958 0.0011 0.0005 0.0006 
       FDS14  6 0.0014 0.0007 0.9956 0.0012 0.0005 0.0006 
       FDS15  6 0.0014 0.0007 0.9957 0.0011 0.0005 0.0006 
       FDS16  6 0.0014 0.0007 0.9957 0.0011 0.0005 0.0006 
       FDS17  6 0.0014 0.0007 0.9958 0.0011 0.0005 0.0006 
       FDS18  6 0.0017 0.0007 0.9954 0.0011 0.0005 0.0007 
       EPP01  6 0.0016 0.0007 0.0010 0.9957 0.0005 0.0005 
       EPP02  6 0.0016 0.0007 0.0010 0.9957 0.0005 0.0005 
       EPP03  6 0.0017 0.0007 0.0012 0.9955 0.0005 0.0005 
       EPP04  6 0.0015 0.0007 0.0010 0.9957 0.0005 0.0005 
       EPP05  6 0.0017 0.0007 0.0010 0.9956 0.0005 0.0005 
       EPP06  6 0.0016 0.0007 0.0010 0.9957 0.0005 0.0005 
       EPP07  6 0.0016 0.0007 0.0010 0.9957 0.0005 0.0005 
       EPP08  6 0.0016 0.0007 0.0010 0.9957 0.0005 0.0005 
       EPP09  6 0.0016 0.0007 0.0010 0.9957 0.0005 0.0005 
       EPP10  6 0.0016 0.0007 0.0010 0.9957 0.0005 0.0005 
       EPP11  6 0.0018 0.0007 0.0010 0.9955 0.0005 0.0005 
       EPP12  6 0.0015 0.0007 0.0011 0.9957 0.0005 0.0005 
       EPP13  6 0.0016 0.0007 0.0010 0.9957 0.0005 0.0005 
       EPP14  6 0.0016 0.0007 0.0010 0.9957 0.0005 0.0005 
       EPP15  6 0.0016 0.0016 0.0009 0.9944 0.0005 0.0010 
       EPP16  6 0.0016 0.0007 0.0010 0.9958 0.0005 0.0005 
       EPP17  6 0.0016 0.0007 0.0010 0.9957 0.0005 0.0005 
       EPP18  6 0.0015 0.0007 0.0010 0.9958 0.0005 0.0005 
       EPP19  6 0.0016 0.0007 0.0010 0.9957 0.0005 0.0005 
       EPP20  6 0.0016 0.0007 0.0011 0.9955 0.0005 0.0005 
       EPP21  6 0.0016 0.0007 0.0012 0.9956 0.0005 0.0005 
       EPP22  6 0.0016 0.0007 0.0011 0.9957 0.0005 0.0005 
       EPP23  6 0.0017 0.0007 0.0010 0.9956 0.0005 0.0005 
       EPP24  6 0.0016 0.0007 0.0011 0.9957 0.0005 0.0005 
       EPP25  6 0.0017 0.0007 0.0010 0.9955 0.0005 0.0005 
       EPP26  6 0.0017 0.0007 0.0010 0.9956 0.0005 0.0005 
       EPP27  6 0.0017 0.0007 0.0012 0.9955 0.0005 0.0005 
       EPP28  6 0.0016 0.0007 0.0010 0.9957 0.0005 0.0005 
       EPP29  6 0.0016 0.0007 0.0010 0.9957 0.0005 0.0005 
       EPP30  6 0.0015 0.0007 0.0010 0.9957 0.0005 0.0005 
       EPP31  6 0.0016 0.0007 0.0011 0.9955 0.0005 0.0005 
       EPP32  6 0.0016 0.0007 0.0010 0.9957 0.0005 0.0005 
       EPP33  6 0.0016 0.0007 0.0011 0.9957 0.0005 0.0005 
       EPP34  6 0.0016 0.0007 0.0010 0.9957 0.0005 0.0005 
       EPP35  6 0.0117 0.0013 0.0010 0.9794 0.0005 0.0060 
       EPP36  6 0.0015 0.0007 0.0010 0.9959 0.0005 0.0005 
       EPP37  6 0.0187 0.0039 0.0012 0.9685 0.0070 0.0007 
       EPP38  6 0.0016 0.0007 0.0011 0.9956 0.0005 0.0005 
       EPP39  6 0.0015 0.0007 0.0010 0.9957 0.0005 0.0005 
       EPP40  6 0.0016 0.0007 0.0010 0.9957 0.0005 0.0005 
       EPP41  6 0.0015 0.0007 0.0011 0.9957 0.0005 0.0005 
       EPP42  6 0.0015 0.0007 0.0010 0.9957 0.0005 0.0005 
       EPP43  6 0.0016 0.0007 0.0010 0.9957 0.0005 0.0005 
        ES68  6 0.0199 0.0063 0.3415 0.6072 0.0106 0.0146 
       ENW44  6 0.0015 0.0007 0.0010 0.9958 0.0005 0.0005 
       ENW45  6 0.0015 0.0007 0.0010 0.9958 0.0005 0.0005 
       ENW46  6 0.0015 0.0007 0.0010 0.9958 0.0005 0.0005 
       ENW48  6 0.0015 0.0007 0.0010 0.9957 0.0005 0.0005 
       ENW49  6 0.0015 0.0007 0.0010 0.9958 0.0005 0.0005 
       ENW50  6 0.0016 0.0007 0.0010 0.9957 0.0005 0.0005 
       ENW51  6 0.0023 0.0008 0.0025 0.9929 0.0007 0.0007 
       ENW52  6 0.0015 0.0007 0.0010 0.9958 0.0005 0.0005 
       ENW53  6 0.0023 0.0008 0.0025 0.9930 0.0007 0.0007 
       ENW54  6 0.0023 0.0008 0.0025 0.9929 0.0008 0.0007 
       ENW55  6 0.0024 0.0008 0.0026 0.9927 0.0008 0.0007 
       ENW56  6 0.0023 0.0008 0.0026 0.9928 0.0008 0.0007 
       ENW57  6 0.0023 0.0008 0.0025 0.9929 0.0008 0.0007 
       ENE58  6 0.0022 0.0009 0.0024 0.9929 0.0009 0.0007 
       ENE59  6 0.0025 0.0009 0.0025 0.9927 0.0008 0.0007 
       ENE60  6 0.0024 0.0008 0.0024 0.9929 0.0008 0.0007 
       ENE61  6 0.0021 0.0009 0.0023 0.9931 0.0009 0.0007 
       ENE62  6 0.0023 0.0008 0.0024 0.9930 0.0008 0.0007 
       ENE63  6 0.0024 0.0009 0.0023 0.9929 0.0008 0.0007 
       ENE64  6 0.0021 0.0009 0.0024 0.9929 0.0010 0.0007 
       ENE65  6 0.0022 0.0008 0.0027 0.9928 0.0008 0.0007 
       ENE66  6 0.0023 0.0008 0.0024 0.9930 0.0007 0.0007 
       ENE67  6 0.0024 0.0009 0.0026 0.9926 0.0007 0.0007 
         CC1  7 0.0056 0.0018 0.2683 0.7216 0.0012 0.0015 
        CC10  7 0.0061 0.0017 0.2454 0.7444 0.0011 0.0014 
        CC11  7 0.0071 0.0008 0.2362 0.7545 0.0005 0.0010 
        CC12  7 0.2606 0.0010 0.2629 0.4726 0.0005 0.0024 
        CC13  7 0.0053 0.0018 0.2689 0.7212 0.0012 0.0015 
        CC14  7 0.0053 0.0017 0.2687 0.7215 0.0012 0.0015 
        CC15  7 0.0193 0.0078 0.2578 0.7061 0.0011 0.0080 
        CC16  7 0.0722 0.0007 0.2823 0.6363 0.0005 0.0081 
        CC17  7 0.0060 0.0019 0.2476 0.7418 0.0011 0.0016 
         CC2  7 0.0059 0.0017 0.2687 0.7211 0.0012 0.0015 
         CC3  7 0.0054 0.0017 0.2596 0.7305 0.0012 0.0017 
         CC4  7 0.5435 0.0168 0.0125 0.3206 0.0013 0.1053 
         CC5  7 0.0054 0.0007 0.3134 0.6791 0.0005 0.0010 
         CC6  7 0.0061 0.0007 0.3149 0.6767 0.0005 0.0011 
         CC7  7 0.0056 0.0007 0.3128 0.6794 0.0005 0.0010 
         CC8  7 0.0053 0.0007 0.3125 0.6800 0.0005 0.0010 
         CC9  7 0.0059 0.0007 0.3143 0.6775 0.0005 0.0011 
       BUN01  8 0.9771 0.0010 0.0108 0.0093 0.0007 0.0011 
       BUN02  8 0.8197 0.0012 0.1727 0.0035 0.0015 0.0014 
       BUN03  8 0.9911 0.0010 0.0014 0.0043 0.0006 0.0016 
       BUN04  8 0.9788 0.0018 0.0013 0.0161 0.0012 0.0009 
       BUN05  8 0.7359 0.0493 0.0155 0.1973 0.0010 0.0010 
       BUN06  8 0.9917 0.0009 0.0011 0.0043 0.0007 0.0014 
       BUN07  8 0.9915 0.0008 0.0009 0.0049 0.0006 0.0013 
       SOB01  8 0.9935 0.0016 0.0014 0.0021 0.0007 0.0007 
       SOB02  8 0.8821 0.0015 0.0068 0.0025 0.0087 0.0983 
       SOB03  8 0.9735 0.0023 0.0080 0.0129 0.0026 0.0008 
       SOB04  8 0.9255 0.0162 0.0029 0.0012 0.0023 0.0519 
       SOB05  8 0.9908 0.0011 0.0019 0.0047 0.0007 0.0008 
       SOB06  8 0.7881 0.0032 0.2027 0.0018 0.0005 0.0037 
       SOB07  8 0.7963 0.0012 0.1932 0.0055 0.0005 0.0035 
       SOB08  8 0.9904 0.0015 0.0036 0.0020 0.0017 0.0008 
       SOB09  8 0.9037 0.0363 0.0101 0.0018 0.0156 0.0325 
       SOB10  8 0.9829 0.0010 0.0130 0.0019 0.0005 0.0007 
       SOB11  8 0.8214 0.0009 0.0041 0.0077 0.0028 0.1630 
       OSR01  8 0.9593 0.0026 0.0015 0.0045 0.0034 0.0287 
       OSR02  8 0.9726 0.0009 0.0213 0.0035 0.0005 0.0013 
       OSR03  8 0.9728 0.0008 0.0214 0.0032 0.0005 0.0013 
       OSR04  8 0.8250 0.0011 0.1580 0.0142 0.0005 0.0013 
       OSR05  8 0.9723 0.0009 0.0216 0.0033 0.0005 0.0013 
       OSR06  8 0.9792 0.0016 0.0015 0.0015 0.0005 0.0157 
       OSR07  8 0.9597 0.0014 0.0034 0.0314 0.0024 0.0016 
       OSR08  8 0.9589 0.0013 0.0033 0.0323 0.0025 0.0016 
       OSR09  8 0.8606 0.0049 0.0405 0.0628 0.0005 0.0306 
      Lion01  8 0.8248 0.0015 0.0020 0.1642 0.0052 0.0022 
      Lion02  8 0.9919 0.0009 0.0017 0.0026 0.0016 0.0014 
      Lion03  8 0.9694 0.0009 0.0014 0.0270 0.0005 0.0009 
      Lion04  8 0.9817 0.0015 0.0018 0.0125 0.0013 0.0013 
      Lion05  8 0.9767 0.0078 0.0077 0.0015 0.0022 0.0041 
      Lion06  8 0.9754 0.0081 0.0082 0.0016 0.0025 0.0042 
        TW01  8 0.9927 0.0013 0.0020 0.0026 0.0004 0.0010 
        TW02  8 0.9600 0.0149 0.0193 0.0037 0.0010 0.0010 
        TW03  8 0.9924 0.0013 0.0020 0.0029 0.0004 0.0009 
        TW04  8 0.9928 0.0012 0.0020 0.0026 0.0004 0.0010 
        CF01  8 0.9903 0.0008 0.0025 0.0047 0.0008 0.0010 
        CF02  8 0.8395 0.0027 0.1434 0.0117 0.0020 0.0008 
        CF03  8 0.9902 0.0009 0.0026 0.0046 0.0008 0.0009 
        CF04  8 0.9554 0.0071 0.0018 0.0318 0.0013 0.0025 
        CF05  8 0.9917 0.0014 0.0018 0.0027 0.0009 0.0016 
        CF06  8 0.9917 0.0014 0.0018 0.0027 0.0009 0.0015 
        CF07  8 0.9460 0.0268 0.0008 0.0014 0.0211 0.0039 
        CF08  8 0.9917 0.0014 0.0017 0.0028 0.0009 0.0015 
        CF09  8 0.9902 0.0009 0.0024 0.0048 0.0008 0.0010 
        CF10  8 0.9933 0.0015 0.0013 0.0021 0.0007 0.0011 
        CF11  8 0.9283 0.0270 0.0053 0.0314 0.0005 0.0075 
        CF12  8 0.9903 0.0009 0.0023 0.0048 0.0008 0.0010 
        CF13  8 0.9916 0.0014 0.0017 0.0028 0.0009 0.0016 
        CF14  8 0.9564 0.0067 0.0017 0.0311 0.0013 0.0029 
        CF15  8 0.9868 0.0049 0.0014 0.0039 0.0013 0.0018 
        CF16  8 0.9900 0.0009 0.0025 0.0049 0.0008 0.0009 
        CF17  8 0.9907 0.0009 0.0023 0.0044 0.0008 0.0009 
        CF18  8 0.9561 0.0062 0.0018 0.0320 0.0013 0.0026 
        CF19  8 0.9556 0.0195 0.0045 0.0019 0.0038 0.0146 
        CF20  8 0.9917 0.0014 0.0018 0.0027 0.0009 0.0015 
        CF21  8 0.9920 0.0014 0.0017 0.0026 0.0009 0.0014 
        CF22  8 0.9917 0.0014 0.0018 0.0028 0.0009 0.0015 
        CF23  8 0.9917 0.0014 0.0017 0.0028 0.0009 0.0016 
        CF24  8 0.9900 0.0009 0.0028 0.0047 0.0008 0.0009 
        CF25  8 0.9897 0.0009 0.0026 0.0051 0.0008 0.0009 
        CF26  8 0.8376 0.0027 0.1457 0.0116 0.0017 0.0008 
        CF27  8 0.9917 0.0014 0.0017 0.0028 0.0009 0.0015 
        CF28  8 0.9855 0.0059 0.0011 0.0043 0.0014 0.0019 
        CF29  8 0.9900 0.0009 0.0025 0.0049 0.0008 0.0009 
        CF30  8 0.9822 0.0015 0.0019 0.0119 0.0013 0.0012 
        CF31  8 0.9900 0.0009 0.0026 0.0047 0.0008 0.0010 
        CF32  8 0.9918 0.0009 0.0031 0.0026 0.0006 0.0009 
        CF33  8 0.9104 0.0013 0.0017 0.0027 0.0008 0.0832 
        CF34  8 0.9916 0.0015 0.0017 0.0026 0.0009 0.0017 
        CF35  8 0.9873 0.0047 0.0013 0.0035 0.0014 0.0018 
        CF36  8 0.9942 0.0011 0.0021 0.0012 0.0005 0.0009 
        BP01  8 0.9506 0.0020 0.0405 0.0051 0.0009 0.0010 
        BP02  8 0.9912 0.0014 0.0012 0.0047 0.0007 0.0009 
        BP03  8 0.9943 0.0011 0.0015 0.0014 0.0008 0.0008 
        BP04  8 0.9841 0.0013 0.0037 0.0094 0.0008 0.0007 
        BP06  8 0.9921 0.0010 0.0024 0.0027 0.0010 0.0009 
        BP07  8 0.9497 0.0408 0.0038 0.0017 0.0006 0.0034 
        BP08  8 0.9882 0.0011 0.0026 0.0063 0.0009 0.0008 
        BP09  8 0.9812 0.0020 0.0043 0.0016 0.0093 0.0015 
        BP10  8 0.9941 0.0013 0.0018 0.0013 0.0008 0.0008 
