        TC01  1 0.0018 0.0021 0.0014 0.0009 0.0057 0.0014 0.0036 0.0048 0.0072 0.0019 0.0471 0.8401 0.0210 0.0015 0.0072 0.0028 0.0019 0.0229 0.0247 
        TC02  1 0.0044 0.0020 0.0017 0.0009 0.0018 0.0022 0.0010 0.0071 0.0085 0.0028 0.0029 0.8996 0.0067 0.0038 0.0070 0.0043 0.0055 0.0114 0.0263 
        TC03  1 0.0017 0.0015 0.0018 0.0011 0.0046 0.0019 0.0017 0.0056 0.0140 0.0030 0.0019 0.9143 0.0031 0.0020 0.0049 0.0033 0.0028 0.0183 0.0127 
        TC04  1 0.0072 0.0021 0.0014 0.0012 0.0054 0.0010 0.0019 0.0408 0.0801 0.0023 0.0021 0.7500 0.0043 0.0058 0.0088 0.0113 0.0040 0.0444 0.0259 
        TC05  1 0.0014 0.0012 0.0009 0.0014 0.0018 0.0014 0.0016 0.0275 0.0125 0.0025 0.0013 0.9149 0.0022 0.0019 0.0073 0.0022 0.0042 0.0064 0.0077 
        TC06  1 0.0078 0.0010 0.0011 0.0014 0.0014 0.0020 0.0018 0.0045 0.1365 0.0020 0.0023 0.7849 0.0027 0.0034 0.0101 0.0068 0.0016 0.0112 0.0176 
        TC07  1 0.0028 0.0012 0.0008 0.0008 0.0023 0.0008 0.0056 0.0072 0.0138 0.0038 0.0013 0.9103 0.0113 0.0023 0.0103 0.0015 0.0070 0.0080 0.0089 
        TC08  1 0.0022 0.0013 0.0011 0.0038 0.0011 0.0013 0.0025 0.0059 0.0111 0.0042 0.0025 0.9230 0.0031 0.0019 0.0077 0.0111 0.0029 0.0058 0.0075 
        TC09  1 0.0023 0.0010 0.0006 0.0009 0.0025 0.0014 0.0041 0.0055 0.0283 0.0017 0.0014 0.7601 0.0025 0.0015 0.0094 0.0906 0.0020 0.0096 0.0747 
        TC10  1 0.0010 0.0018 0.0048 0.0008 0.0224 0.0011 0.0014 0.0035 0.0151 0.0017 0.0024 0.8634 0.0122 0.0026 0.0035 0.0020 0.0063 0.0066 0.0471 
        TC11  1 0.0015 0.0008 0.0014 0.0012 0.0013 0.0010 0.0011 0.0034 0.0052 0.0021 0.0017 0.9464 0.0078 0.0017 0.0024 0.0028 0.0020 0.0089 0.0071 
        TC12  1 0.0164 0.0025 0.0028 0.0012 0.0067 0.0037 0.0012 0.0094 0.0338 0.0036 0.0043 0.8278 0.0058 0.0034 0.0228 0.0030 0.0020 0.0321 0.0175 
        TC13  1 0.0010 0.0011 0.0013 0.0010 0.0010 0.0008 0.0025 0.0045 0.0135 0.0018 0.0014 0.9308 0.0026 0.0026 0.0031 0.0071 0.0025 0.0064 0.0149 
        TC14  1 0.0016 0.0017 0.0017 0.0018 0.0023 0.0014 0.0027 0.0070 0.0994 0.0063 0.0041 0.7332 0.0044 0.0040 0.0099 0.0041 0.0021 0.0206 0.0915 
        TC15  1 0.0024 0.0016 0.0023 0.0007 0.0026 0.0012 0.0033 0.0107 0.0973 0.0026 0.0013 0.7836 0.0021 0.0065 0.0064 0.0162 0.0057 0.0117 0.0419 
        TC16  1 0.0042 0.0027 0.0010 0.0054 0.0037 0.0024 0.0016 0.0061 0.0344 0.0065 0.0044 0.7105 0.0030 0.0025 0.0157 0.0851 0.0058 0.0179 0.0871 
        TC17  1 0.0139 0.0026 0.0019 0.0048 0.0019 0.0031 0.0078 0.0292 0.0269 0.0061 0.0066 0.6411 0.0064 0.0028 0.0145 0.0036 0.0157 0.0222 0.1889 
        TC18  1 0.0021 0.0045 0.0046 0.0008 0.0031 0.0043 0.0010 0.0200 0.0175 0.0048 0.0021 0.8466 0.0048 0.0027 0.0042 0.0047 0.0021 0.0588 0.0112 
        TC19  1 0.0010 0.0011 0.0013 0.0009 0.0013 0.0018 0.0010 0.0031 0.0073 0.0019 0.0022 0.8983 0.0029 0.0028 0.0047 0.0160 0.0016 0.0061 0.0447 
        TC20  1 0.0011 0.0008 0.0008 0.0011 0.0012 0.0009 0.0016 0.0104 0.0125 0.0025 0.0145 0.8826 0.0028 0.0026 0.0037 0.0102 0.0030 0.0262 0.0215 
        TC21  1 0.0594 0.0020 0.0016 0.0009 0.0024 0.0023 0.0009 0.0556 0.0194 0.0160 0.0023 0.7260 0.0112 0.0094 0.0104 0.0088 0.0049 0.0589 0.0074 
        TC22  1 0.0015 0.0029 0.0073 0.0010 0.0015 0.0051 0.0017 0.0056 0.0220 0.0021 0.0030 0.8592 0.0047 0.0418 0.0108 0.0088 0.0082 0.0073 0.0056 
        TC23  1 0.0014 0.0010 0.0012 0.0011 0.0048 0.0023 0.0015 0.0038 0.0128 0.0025 0.0018 0.9222 0.0071 0.0018 0.0052 0.0024 0.0026 0.0117 0.0127 
        TC24  1 0.0009 0.0015 0.0006 0.0013 0.0016 0.0009 0.0010 0.0037 0.0077 0.0036 0.0018 0.9490 0.0017 0.0013 0.0023 0.0036 0.0017 0.0046 0.0111 
        TC25  1 0.0022 0.0013 0.0009 0.0013 0.0059 0.0023 0.0014 0.0051 0.1647 0.0033 0.0021 0.6934 0.0325 0.0047 0.0056 0.0063 0.0032 0.0513 0.0126 
        TC26  1 0.0049 0.0010 0.0008 0.0008 0.0019 0.0014 0.0014 0.0044 0.0338 0.0030 0.0018 0.8693 0.0021 0.0016 0.0121 0.0032 0.0028 0.0066 0.0470 
        TC27  1 0.0062 0.0015 0.0309 0.0123 0.0016 0.0010 0.0019 0.0263 0.0471 0.0034 0.0017 0.8336 0.0026 0.0021 0.0040 0.0025 0.0038 0.0094 0.0082 
        TC28  1 0.0040 0.0025 0.0011 0.0020 0.0050 0.0010 0.0013 0.0082 0.0567 0.0028 0.0018 0.8642 0.0040 0.0053 0.0035 0.0021 0.0026 0.0123 0.0195 
        TC29  1 0.0013 0.0013 0.0008 0.0013 0.0044 0.0031 0.0018 0.0508 0.0856 0.0046 0.0013 0.7610 0.0059 0.0021 0.0043 0.0023 0.0023 0.0221 0.0438 
        TC30  1 0.0030 0.0011 0.0012 0.0009 0.0016 0.0017 0.0014 0.0039 0.0148 0.0027 0.0030 0.9030 0.0027 0.0028 0.0048 0.0122 0.0017 0.0073 0.0299 
        TC31  1 0.0010 0.0021 0.0025 0.0013 0.0025 0.0071 0.0011 0.0059 0.0072 0.0040 0.0032 0.8598 0.0205 0.0085 0.0043 0.0087 0.0099 0.0416 0.0087 
        TC32  1 0.0031 0.0015 0.0008 0.0016 0.0016 0.0010 0.0025 0.0050 0.1863 0.0024 0.0021 0.6982 0.0039 0.0503 0.0103 0.0036 0.0030 0.0098 0.0131 
        TC33  1 0.0013 0.0030 0.0014 0.0012 0.0022 0.0014 0.0037 0.0053 0.0142 0.0057 0.0027 0.9182 0.0101 0.0020 0.0049 0.0025 0.0027 0.0093 0.0082 
        TC34  1 0.0028 0.0012 0.0025 0.0007 0.0018 0.0026 0.0026 0.0062 0.1094 0.0081 0.0040 0.8186 0.0030 0.0019 0.0041 0.0044 0.0034 0.0083 0.0143 
        TC35  1 0.0030 0.0013 0.0044 0.0019 0.0011 0.0028 0.0015 0.0068 0.0145 0.0023 0.0030 0.8304 0.0153 0.0054 0.0042 0.0071 0.0061 0.0258 0.0631 
        TC36  1 0.0062 0.0010 0.0015 0.0014 0.0040 0.0011 0.0016 0.0146 0.0123 0.0026 0.0022 0.9044 0.0033 0.0032 0.0049 0.0051 0.0037 0.0087 0.0183 
        TC37  1 0.0015 0.0011 0.0011 0.0016 0.0015 0.0012 0.0017 0.0059 0.0041 0.0042 0.0029 0.9267 0.0035 0.0037 0.0056 0.0024 0.0070 0.0101 0.0142 
        TC38  1 0.0024 0.0015 0.0008 0.0008 0.0030 0.0017 0.0010 0.0066 0.0250 0.0025 0.0014 0.7357 0.0051 0.0014 0.0064 0.0534 0.0018 0.0588 0.0908 
        TC39  1 0.0025 0.0010 0.0008 0.0008 0.0018 0.0018 0.0012 0.0055 0.0630 0.0031 0.0015 0.7466 0.0031 0.0018 0.0073 0.0038 0.0046 0.0131 0.1366 
        TC40  1 0.0022 0.0020 0.0014 0.0063 0.0041 0.0021 0.0027 0.0054 0.1020 0.0110 0.0025 0.8086 0.0030 0.0035 0.0055 0.0037 0.0024 0.0092 0.0224 
        TC41  1 0.0016 0.0025 0.0009 0.0053 0.0015 0.0093 0.0019 0.0039 0.0077 0.0023 0.0017 0.9069 0.0028 0.0174 0.0037 0.0024 0.0112 0.0087 0.0084 
        TC42  1 0.0012 0.0017 0.0010 0.0013 0.0017 0.0010 0.0013 0.0049 0.0341 0.0019 0.0033 0.9112 0.0019 0.0013 0.0065 0.0033 0.0018 0.0056 0.0149 
        TC43  1 0.0012 0.0012 0.0014 0.0021 0.0019 0.0010 0.0014 0.0044 0.0317 0.0022 0.0014 0.9088 0.0025 0.0040 0.0041 0.0029 0.0023 0.0126 0.0128 
        TC44  1 0.0035 0.0012 0.0035 0.0036 0.0027 0.0017 0.0017 0.0054 0.0253 0.0020 0.0037 0.7791 0.0072 0.0017 0.0074 0.0257 0.0104 0.0089 0.1054 
        TC45  1 0.0011 0.0007 0.0006 0.0007 0.0012 0.0012 0.0010 0.0077 0.0044 0.0016 0.0024 0.8873 0.0030 0.0021 0.0084 0.0021 0.0118 0.0386 0.0241 
        TC46  1 0.0027 0.0014 0.0023 0.0014 0.0039 0.0043 0.0010 0.0085 0.0097 0.0029 0.0019 0.9004 0.0026 0.0034 0.0059 0.0025 0.0061 0.0215 0.0176 
        TC47  1 0.0023 0.0014 0.0042 0.0015 0.0019 0.0013 0.0015 0.0042 0.0155 0.0026 0.0037 0.8787 0.0036 0.0025 0.0034 0.0231 0.0039 0.0095 0.0350 
        TC48  1 0.0038 0.0026 0.0016 0.0018 0.0018 0.0015 0.0022 0.0080 0.0201 0.0276 0.0137 0.8247 0.0028 0.0043 0.0268 0.0025 0.0046 0.0272 0.0225 
        TC49  1 0.0019 0.0019 0.0010 0.0065 0.0012 0.0010 0.0018 0.0120 0.0096 0.0028 0.0069 0.9100 0.0046 0.0048 0.0084 0.0020 0.0034 0.0112 0.0091 
        TC50  1 0.0038 0.0020 0.0048 0.0013 0.0021 0.0030 0.0038 0.0047 0.0086 0.0054 0.0031 0.8811 0.0039 0.0235 0.0062 0.0089 0.0027 0.0171 0.0140 
        TC51  1 0.0023 0.0012 0.0015 0.0023 0.0021 0.0017 0.0014 0.0074 0.0809 0.0022 0.0028 0.8291 0.0094 0.0032 0.0095 0.0179 0.0034 0.0128 0.0088 
        TC52  1 0.0018 0.0028 0.0007 0.0010 0.0328 0.0011 0.0013 0.0048 0.0181 0.0032 0.0019 0.8757 0.0019 0.0015 0.0055 0.0044 0.0022 0.0298 0.0096 
        TC53  1 0.0021 0.0008 0.0042 0.0007 0.0013 0.0065 0.0030 0.0135 0.0285 0.0025 0.0029 0.8645 0.0018 0.0020 0.0193 0.0046 0.0020 0.0054 0.0344 
        TC54  1 0.0086 0.0027 0.0023 0.0038 0.0020 0.0014 0.0021 0.0075 0.0597 0.0267 0.0031 0.8206 0.0041 0.0037 0.0061 0.0044 0.0083 0.0138 0.0191 
        TC55  1 0.0061 0.0023 0.0014 0.0011 0.0041 0.0009 0.0014 0.0058 0.0400 0.0042 0.0024 0.8380 0.0032 0.0105 0.0146 0.0023 0.0052 0.0130 0.0436 
        TC56  1 0.0016 0.0018 0.0022 0.0204 0.0020 0.0023 0.0018 0.0070 0.0265 0.0076 0.0029 0.8329 0.0058 0.0051 0.0114 0.0022 0.0022 0.0419 0.0224 
        TC57  1 0.0063 0.0020 0.0055 0.0022 0.0020 0.0027 0.0026 0.0105 0.0063 0.0043 0.0037 0.8705 0.0037 0.0042 0.0079 0.0042 0.0027 0.0084 0.0502 
        TC58  1 0.0050 0.0016 0.0014 0.0007 0.0017 0.0014 0.0011 0.0049 0.0085 0.0021 0.0029 0.8876 0.0255 0.0021 0.0055 0.0043 0.0076 0.0091 0.0269 
        TC59  1 0.0041 0.0009 0.0014 0.0008 0.0014 0.0010 0.0021 0.0044 0.0163 0.0028 0.0021 0.9350 0.0033 0.0014 0.0031 0.0029 0.0018 0.0051 0.0100 
        TA01  2 0.0097 0.0011 0.0015 0.0009 0.0010 0.0013 0.0053 0.0039 0.0154 0.0027 0.0025 0.8570 0.0036 0.0036 0.0052 0.0153 0.0017 0.0066 0.0618 
        TA02  2 0.0031 0.0027 0.0008 0.0101 0.0042 0.0010 0.0019 0.0101 0.0088 0.0054 0.0015 0.8953 0.0021 0.0024 0.0029 0.0039 0.0028 0.0083 0.0326 
        TA03  2 0.0029 0.0022 0.0117 0.0013 0.0017 0.0021 0.0028 0.0073 0.0098 0.0055 0.0028 0.8179 0.0039 0.0047 0.0049 0.0099 0.0049 0.0089 0.0949 
        TA04  2 0.0015 0.0013 0.0022 0.0011 0.0020 0.0014 0.0022 0.0055 0.0748 0.0023 0.0020 0.5789 0.0026 0.0045 0.0037 0.1417 0.0051 0.0069 0.1603 
        TA05  2 0.0016 0.0019 0.0016 0.0012 0.0016 0.0011 0.0017 0.0050 0.0065 0.0041 0.0022 0.9188 0.0035 0.0020 0.0112 0.0076 0.0025 0.0129 0.0129 
        TA06  2 0.0015 0.0008 0.0009 0.0008 0.0015 0.0011 0.0020 0.0023 0.0267 0.0020 0.0040 0.8954 0.0040 0.0031 0.0032 0.0088 0.0050 0.0060 0.0311 
        TA07  2 0.0181 0.0018 0.0013 0.0015 0.0029 0.0033 0.0016 0.0176 0.0069 0.0076 0.0036 0.5824 0.0077 0.0019 0.0215 0.0047 0.0026 0.0091 0.3038 
        TA08  2 0.0011 0.0009 0.0344 0.0031 0.0012 0.0011 0.0016 0.0043 0.0465 0.0022 0.0013 0.8207 0.0024 0.0031 0.0030 0.0087 0.0014 0.0151 0.0479 
        TA09  2 0.0011 0.0011 0.0012 0.0016 0.0041 0.0011 0.0022 0.0033 0.0151 0.0022 0.0019 0.8964 0.0022 0.0015 0.0055 0.0070 0.0015 0.0053 0.0458 
        TA10  2 0.0034 0.0017 0.0011 0.0010 0.0015 0.0021 0.0040 0.0179 0.0142 0.0026 0.0116 0.8203 0.0564 0.0027 0.0055 0.0047 0.0019 0.0079 0.0396 
        TA11  2 0.0012 0.0128 0.0031 0.0022 0.0013 0.0161 0.0014 0.0051 0.0115 0.0028 0.0064 0.6585 0.0469 0.0032 0.0063 0.0124 0.0403 0.0159 0.1526 
        TA12  2 0.0014 0.0400 0.0008 0.0007 0.0010 0.0014 0.0017 0.0067 0.0068 0.0039 0.0706 0.7925 0.0040 0.0030 0.0071 0.0037 0.0029 0.0070 0.0446 
        TA13  2 0.0020 0.0046 0.0012 0.0019 0.0029 0.0039 0.0021 0.0542 0.0789 0.0056 0.0117 0.6957 0.0134 0.0049 0.0560 0.0365 0.0024 0.0090 0.0132 
        TA14  2 0.0011 0.0008 0.0008 0.0095 0.0026 0.0007 0.0013 0.0034 0.0254 0.0029 0.0013 0.8493 0.0018 0.0019 0.0080 0.0038 0.0026 0.0048 0.0779 
        TA15  2 0.0011 0.0010 0.0008 0.0021 0.0012 0.0010 0.0016 0.0081 0.0381 0.0024 0.0020 0.9011 0.0031 0.0024 0.0081 0.0027 0.0025 0.0049 0.0157 
        TA16  2 0.0030 0.0028 0.0013 0.0020 0.0021 0.0007 0.0031 0.0236 0.0490 0.0021 0.0039 0.7516 0.0302 0.0019 0.0076 0.0224 0.0018 0.0068 0.0841 
        TA17  2 0.0025 0.0029 0.0035 0.0030 0.0019 0.0013 0.0122 0.0081 0.0223 0.0050 0.0099 0.8923 0.0027 0.0025 0.0082 0.0029 0.0021 0.0065 0.0101 
        TA18  2 0.0018 0.0013 0.0013 0.0018 0.0016 0.0021 0.0555 0.0051 0.0084 0.0024 0.0034 0.8610 0.0144 0.0155 0.0035 0.0055 0.0021 0.0061 0.0070 
        TA19  2 0.0017 0.0014 0.0419 0.0016 0.0017 0.0044 0.0018 0.0053 0.0177 0.0030 0.0045 0.8110 0.0088 0.0159 0.0054 0.0440 0.0055 0.0070 0.0172 
        TA20  2 0.0034 0.0046 0.0014 0.0110 0.0012 0.0035 0.0018 0.0238 0.0134 0.0370 0.0027 0.8416 0.0027 0.0020 0.0038 0.0023 0.0022 0.0098 0.0316 
        TA21  2 0.0018 0.0042 0.0015 0.0046 0.0023 0.0012 0.0054 0.0098 0.0149 0.0058 0.0024 0.7876 0.0039 0.0037 0.0083 0.0044 0.0017 0.0109 0.1256 
        TA22  2 0.0024 0.0008 0.0009 0.0010 0.0012 0.0030 0.0019 0.0034 0.0745 0.0095 0.0014 0.8666 0.0020 0.0033 0.0058 0.0022 0.0027 0.0069 0.0104 
        TA23  2 0.0012 0.0012 0.0011 0.0014 0.0012 0.0009 0.0025 0.0038 0.0763 0.0027 0.0018 0.8592 0.0026 0.0026 0.0031 0.0038 0.0019 0.0060 0.0267 
        TA24  2 0.0494 0.0021 0.0055 0.0024 0.0023 0.0021 0.0023 0.0050 0.0125 0.0023 0.0019 0.8745 0.0027 0.0030 0.0035 0.0066 0.0049 0.0068 0.0100 
        TA25  2 0.0021 0.0025 0.0009 0.0013 0.0012 0.0019 0.0094 0.0153 0.0190 0.0016 0.0411 0.7476 0.1264 0.0035 0.0041 0.0045 0.0018 0.0065 0.0093 
        TA26  2 0.0015 0.0022 0.0018 0.0010 0.0010 0.0017 0.0013 0.0078 0.0167 0.0041 0.0060 0.7773 0.0072 0.0028 0.0095 0.0120 0.0017 0.0155 0.1286 
        TA27  2 0.0022 0.0031 0.0020 0.0011 0.0019 0.0021 0.0029 0.0204 0.0105 0.0035 0.0067 0.9056 0.0033 0.0020 0.0048 0.0055 0.0025 0.0054 0.0145 
        TA28  2 0.0041 0.0040 0.0011 0.0133 0.0053 0.0016 0.0021 0.0093 0.0096 0.0064 0.0017 0.8242 0.0024 0.0036 0.0036 0.0081 0.0073 0.0210 0.0713 
        TA29  2 0.0018 0.0015 0.0048 0.0022 0.0015 0.0018 0.0018 0.0062 0.0587 0.0024 0.0064 0.8734 0.0036 0.0027 0.0073 0.0033 0.0024 0.0074 0.0109 
        TA30  2 0.0012 0.0021 0.0067 0.0047 0.0015 0.0015 0.0017 0.0096 0.0128 0.0069 0.0028 0.5609 0.0035 0.0025 0.0131 0.1112 0.0055 0.0122 0.2398 
      BERM01  3 0.0010 0.0010 0.0007 0.0007 0.0009 0.0008 0.0013 0.0032 0.8616 0.0022 0.0014 0.0041 0.0023 0.0018 0.0030 0.0983 0.0016 0.0048 0.0094 
      BERM02  3 0.0009 0.0009 0.0006 0.0007 0.0009 0.0008 0.0010 0.0035 0.9415 0.0022 0.0011 0.0066 0.0019 0.0027 0.0034 0.0088 0.0021 0.0060 0.0144 
      BERM03  3 0.0012 0.0009 0.0010 0.0007 0.0010 0.0012 0.0010 0.0032 0.9567 0.0020 0.0015 0.0035 0.0025 0.0015 0.0043 0.0024 0.0018 0.0055 0.0083 
      BERM04  3 0.0011 0.0006 0.0014 0.0006 0.0010 0.0008 0.0010 0.0030 0.9524 0.0018 0.0014 0.0030 0.0028 0.0013 0.0033 0.0067 0.0015 0.0063 0.0100 
      BERM05  3 0.0014 0.0009 0.0010 0.0009 0.0014 0.0017 0.0018 0.0027 0.9439 0.0022 0.0021 0.0030 0.0029 0.0014 0.0043 0.0099 0.0020 0.0076 0.0089 
      BERM06  3 0.0019 0.0009 0.0010 0.0006 0.0011 0.0007 0.0019 0.0029 0.8510 0.0016 0.0015 0.0047 0.0018 0.0017 0.0032 0.0159 0.0071 0.0068 0.0938 
      BERM07  3 0.0009 0.0010 0.0016 0.0012 0.0010 0.0011 0.0010 0.0033 0.9302 0.0019 0.0029 0.0059 0.0037 0.0017 0.0036 0.0159 0.0030 0.0058 0.0143 
      BERM08  3 0.0009 0.0007 0.0008 0.0006 0.0008 0.0007 0.0009 0.0024 0.9524 0.0014 0.0012 0.0042 0.0020 0.0020 0.0022 0.0116 0.0012 0.0067 0.0074 
      BERM09  3 0.0013 0.0007 0.0008 0.0007 0.0009 0.0014 0.0015 0.0030 0.6070 0.0019 0.0017 0.0146 0.0025 0.0017 0.0032 0.1429 0.0055 0.0042 0.2044 
      BERM10  3 0.0023 0.0037 0.0026 0.0013 0.0011 0.0015 0.0012 0.0044 0.8974 0.0019 0.0030 0.0085 0.0025 0.0016 0.0069 0.0212 0.0050 0.0097 0.0243 
      BERM11  3 0.0009 0.0006 0.0008 0.0008 0.0009 0.0007 0.0010 0.0034 0.8750 0.0019 0.0012 0.0054 0.0027 0.0023 0.0026 0.0071 0.0020 0.0071 0.0835 
      BERM12  3 0.0008 0.0008 0.0008 0.0007 0.0021 0.0008 0.0035 0.0026 0.8882 0.0020 0.0255 0.0052 0.0029 0.0015 0.0024 0.0026 0.0017 0.0322 0.0236 
      BERM13  3 0.0012 0.0011 0.0011 0.0008 0.0013 0.0010 0.0014 0.0032 0.9440 0.0018 0.0020 0.0042 0.0030 0.0017 0.0033 0.0094 0.0067 0.0051 0.0078 
      BERM14  3 0.0008 0.0007 0.0009 0.0007 0.0015 0.0014 0.0015 0.0033 0.9012 0.0017 0.0019 0.0064 0.0029 0.0012 0.0031 0.0081 0.0026 0.0052 0.0550 
      CROC01  3 0.0017 0.0017 0.0030 0.0013 0.0035 0.0061 0.0024 0.0087 0.8962 0.0131 0.0037 0.0046 0.0043 0.0031 0.0051 0.0098 0.0128 0.0079 0.0108 
      CROC02  3 0.0030 0.0012 0.0008 0.0014 0.0031 0.0010 0.0039 0.0062 0.8438 0.0030 0.0020 0.0046 0.0035 0.0019 0.0050 0.0035 0.0518 0.0129 0.0474 
      CROC03  3 0.0012 0.0014 0.0015 0.0016 0.0018 0.0010 0.0010 0.0032 0.8142 0.0026 0.0024 0.0050 0.0028 0.0024 0.0040 0.0058 0.0028 0.0149 0.1305 
      CROC04  3 0.0415 0.0014 0.0008 0.0009 0.0022 0.0013 0.0017 0.0029 0.8305 0.0018 0.0019 0.0659 0.0024 0.0012 0.0038 0.0054 0.0237 0.0048 0.0060 
      CROC05  3 0.0048 0.0009 0.0008 0.0009 0.0012 0.0010 0.0015 0.0044 0.9135 0.0023 0.0017 0.0040 0.0046 0.0019 0.0043 0.0101 0.0021 0.0062 0.0337 
      CROC06  3 0.0254 0.0022 0.0011 0.0009 0.0036 0.0015 0.0050 0.0032 0.8501 0.0044 0.0021 0.0140 0.0158 0.0032 0.0035 0.0107 0.0264 0.0096 0.0174 
      CROC07  3 0.0027 0.0013 0.0016 0.0010 0.0014 0.0030 0.0129 0.0053 0.8845 0.0029 0.0022 0.0091 0.0031 0.0024 0.0052 0.0081 0.0130 0.0066 0.0337 
      CROC08  3 0.0013 0.0008 0.0016 0.0086 0.0015 0.0053 0.0020 0.0113 0.8899 0.0198 0.0029 0.0050 0.0063 0.0058 0.0038 0.0064 0.0018 0.0151 0.0107 
      CROC09  3 0.0013 0.0009 0.0007 0.0011 0.0021 0.0010 0.0010 0.0030 0.7805 0.0096 0.0012 0.0034 0.0020 0.0027 0.0182 0.1070 0.0014 0.0098 0.0531 
      CROC10  3 0.0010 0.0008 0.0008 0.0006 0.0010 0.0009 0.0018 0.0034 0.8328 0.0015 0.0013 0.0038 0.0040 0.0021 0.0048 0.1208 0.0018 0.0072 0.0097 
      CROC11  3 0.0013 0.0008 0.0007 0.0012 0.0022 0.0010 0.0010 0.0030 0.7800 0.0102 0.0013 0.0034 0.0021 0.0027 0.0177 0.1067 0.0014 0.0097 0.0537 
     CROC110  3 0.0033 0.0011 0.0015 0.0019 0.0031 0.0012 0.0017 0.0217 0.8149 0.0045 0.0030 0.0079 0.0026 0.0024 0.0267 0.0197 0.0021 0.0055 0.0752 
     CROC116  3 0.0037 0.0036 0.0015 0.0012 0.0071 0.0030 0.0134 0.0072 0.8715 0.0039 0.0031 0.0138 0.0031 0.0040 0.0069 0.0047 0.0031 0.0150 0.0300 
      CROC12  3 0.0014 0.0017 0.0007 0.0009 0.0009 0.0008 0.0010 0.0032 0.9498 0.0018 0.0014 0.0046 0.0020 0.0020 0.0040 0.0094 0.0015 0.0057 0.0071 
     CROC123  3 0.0008 0.0006 0.0006 0.0007 0.0011 0.0006 0.0009 0.0034 0.9397 0.0015 0.0012 0.0046 0.0016 0.0016 0.0030 0.0107 0.0013 0.0060 0.0199 
      CROC13  3 0.0012 0.0009 0.0012 0.0010 0.0010 0.0014 0.0009 0.0029 0.9318 0.0018 0.0021 0.0039 0.0035 0.0013 0.0051 0.0037 0.0019 0.0165 0.0180 
      CROC14  3 0.0035 0.0009 0.0006 0.0010 0.0009 0.0007 0.0015 0.0058 0.8379 0.0032 0.0010 0.0062 0.0680 0.0014 0.0072 0.0064 0.0051 0.0087 0.0399 
      CROC15  3 0.0012 0.0008 0.0011 0.0011 0.0950 0.0008 0.0011 0.0112 0.8352 0.0053 0.0019 0.0043 0.0068 0.0017 0.0053 0.0039 0.0019 0.0142 0.0072 
      CROC16  3 0.0038 0.0015 0.0011 0.0017 0.0030 0.0014 0.0025 0.0059 0.7864 0.0050 0.0019 0.0032 0.0031 0.0023 0.0127 0.0920 0.0030 0.0419 0.0276 
      CROC17  3 0.0009 0.0012 0.0007 0.0008 0.0008 0.0007 0.0009 0.0151 0.8988 0.0015 0.0011 0.0546 0.0019 0.0017 0.0021 0.0033 0.0016 0.0059 0.0063 
      CROC18  3 0.0009 0.0013 0.0010 0.0006 0.0015 0.0035 0.0011 0.0038 0.9137 0.0021 0.0015 0.0052 0.0021 0.0051 0.0035 0.0036 0.0215 0.0190 0.0089 
      CROC19  3 0.0037 0.0031 0.0020 0.0019 0.0015 0.0019 0.0017 0.0049 0.9246 0.0024 0.0020 0.0084 0.0032 0.0018 0.0051 0.0064 0.0094 0.0070 0.0091 
     CROC198  3 0.0010 0.0013 0.0017 0.0009 0.0008 0.0013 0.0012 0.0041 0.9088 0.0023 0.0070 0.0039 0.0033 0.0015 0.0039 0.0193 0.0037 0.0059 0.0281 
      CROC20  3 0.0021 0.0010 0.0012 0.0033 0.0019 0.0010 0.0031 0.0082 0.9018 0.0030 0.0019 0.0037 0.0030 0.0034 0.0047 0.0076 0.0159 0.0117 0.0215 
     CROC202  3 0.0013 0.0011 0.0016 0.0009 0.0014 0.0032 0.0013 0.0034 0.9048 0.0018 0.0030 0.0044 0.0040 0.0019 0.0031 0.0094 0.0042 0.0239 0.0254 
      CROC21  3 0.0009 0.0012 0.0009 0.0007 0.0011 0.0009 0.0009 0.0039 0.9316 0.0026 0.0019 0.0058 0.0029 0.0018 0.0124 0.0116 0.0023 0.0074 0.0093 
     CROC216  3 0.0040 0.0033 0.0009 0.0008 0.0163 0.0013 0.0015 0.0082 0.8639 0.0051 0.0016 0.0191 0.0026 0.0021 0.0041 0.0166 0.0024 0.0100 0.0362 
      CROC22  3 0.0011 0.0010 0.0007 0.0006 0.0012 0.0014 0.0009 0.0156 0.7618 0.0018 0.0465 0.0056 0.0028 0.0025 0.0072 0.0078 0.0019 0.0084 0.1312 
      CROC23  3 0.0013 0.0012 0.0011 0.0011 0.0012 0.0010 0.0013 0.0045 0.8274 0.0027 0.0021 0.0206 0.0026 0.0061 0.0063 0.0991 0.0017 0.0078 0.0108 
      CROC24  3 0.0017 0.0011 0.0007 0.0010 0.0012 0.0013 0.0009 0.0038 0.8358 0.0027 0.0015 0.0055 0.0023 0.0015 0.0037 0.0379 0.0016 0.0137 0.0820 
      CROC25  3 0.0011 0.0007 0.0008 0.0007 0.0012 0.0009 0.0011 0.0027 0.9484 0.0020 0.0014 0.0042 0.0026 0.0017 0.0028 0.0044 0.0025 0.0051 0.0156 
     CROC259  3 0.0026 0.0011 0.0011 0.0010 0.0010 0.0010 0.0013 0.0034 0.8932 0.0019 0.0015 0.0286 0.0215 0.0015 0.0038 0.0108 0.0014 0.0079 0.0155 
      CROC26  3 0.0009 0.0011 0.0014 0.0011 0.0013 0.0012 0.0012 0.0029 0.8670 0.0026 0.0031 0.0808 0.0034 0.0017 0.0028 0.0078 0.0020 0.0072 0.0104 
      CROC27  3 0.0013 0.0017 0.0011 0.0024 0.0017 0.0010 0.0020 0.0058 0.8310 0.0050 0.0045 0.0152 0.0025 0.0018 0.0035 0.0129 0.0043 0.0071 0.0952 
      CROC28  3 0.0015 0.0012 0.0008 0.0008 0.0012 0.0009 0.0014 0.0032 0.6782 0.0024 0.0015 0.0148 0.0026 0.0013 0.0033 0.0479 0.0015 0.0057 0.2300 
      CROC29  3 0.0011 0.0008 0.0008 0.0009 0.0018 0.0009 0.0011 0.0051 0.9394 0.0035 0.0020 0.0044 0.0023 0.0019 0.0043 0.0029 0.0019 0.0067 0.0182 
      CROC30  3 0.0604 0.0023 0.0009 0.0031 0.0034 0.0011 0.0036 0.0095 0.8249 0.0044 0.0016 0.0069 0.0029 0.0028 0.0048 0.0223 0.0115 0.0113 0.0223 
      CROC31  3 0.0023 0.0024 0.0010 0.0008 0.0015 0.0015 0.0159 0.0087 0.7827 0.0032 0.0018 0.0185 0.0035 0.0024 0.0083 0.0539 0.0028 0.0073 0.0815 
      CROC32  3 0.0015 0.0008 0.0009 0.0006 0.0010 0.0011 0.0012 0.0040 0.9326 0.0016 0.0022 0.0041 0.0028 0.0012 0.0037 0.0055 0.0039 0.0056 0.0259 
      CROC33  3 0.0101 0.0011 0.0011 0.0159 0.0021 0.0012 0.0015 0.0032 0.8932 0.0137 0.0014 0.0120 0.0016 0.0014 0.0055 0.0032 0.0042 0.0101 0.0174 
      CROC34  3 0.0014 0.0011 0.0012 0.0009 0.0012 0.0009 0.0017 0.0030 0.9489 0.0027 0.0021 0.0048 0.0032 0.0017 0.0026 0.0053 0.0024 0.0066 0.0081 
      CROC35  3 0.0054 0.0008 0.0005 0.0034 0.0007 0.0006 0.0014 0.0254 0.8842 0.0014 0.0011 0.0140 0.0023 0.0013 0.0029 0.0074 0.0015 0.0069 0.0387 
      CROC36  3 0.0012 0.0007 0.0008 0.0007 0.0014 0.0013 0.0010 0.0033 0.8889 0.0020 0.0013 0.0036 0.0032 0.0023 0.0044 0.0654 0.0017 0.0067 0.0102 
      CROC57  3 0.0011 0.0008 0.0009 0.0009 0.0012 0.0015 0.0014 0.0034 0.9521 0.0024 0.0014 0.0031 0.0050 0.0015 0.0032 0.0036 0.0019 0.0062 0.0086 
      CROC81  3 0.0026 0.0011 0.0008 0.0012 0.0021 0.0023 0.0013 0.0056 0.8749 0.0081 0.0015 0.0041 0.0028 0.0025 0.0041 0.0091 0.0062 0.0373 0.0325 
      CROC84  3 0.0007 0.0007 0.0006 0.0006 0.0015 0.0008 0.0022 0.0024 0.9014 0.0014 0.0069 0.0050 0.0019 0.0011 0.0025 0.0269 0.0012 0.0145 0.0274 
        FW01  3 0.0011 0.0011 0.0014 0.0012 0.0013 0.0015 0.0014 0.0043 0.0072 0.0028 0.0035 0.0034 0.0032 0.0014 0.0048 0.0022 0.0038 0.0118 0.9426 
        FW02  3 0.0006 0.0006 0.0006 0.0005 0.0007 0.0006 0.0008 0.0020 0.0034 0.0013 0.0011 0.0022 0.0017 0.0011 0.0021 0.9706 0.0014 0.0041 0.0046 
        FW03  3 0.0009 0.0007 0.0007 0.0006 0.0011 0.0008 0.0009 0.0026 0.0046 0.0016 0.0016 0.0030 0.0019 0.0013 0.0026 0.0024 0.0019 0.0062 0.9646 
        FW04  3 0.0006 0.0005 0.0006 0.0005 0.0007 0.0006 0.0008 0.0020 0.0034 0.0013 0.0011 0.0022 0.0017 0.0011 0.0021 0.9707 0.0013 0.0041 0.0046 
        FW05  3 0.0006 0.0005 0.0006 0.0005 0.0007 0.0006 0.0008 0.0020 0.0034 0.0013 0.0010 0.0022 0.0017 0.0011 0.0021 0.9706 0.0014 0.0041 0.0046 
        FW06  3 0.0006 0.0005 0.0006 0.0005 0.0007 0.0006 0.0008 0.0020 0.0034 0.0013 0.0011 0.0022 0.0017 0.0011 0.0022 0.9705 0.0014 0.0041 0.0047 
        FW07  3 0.0009 0.0007 0.0008 0.0006 0.0011 0.0008 0.0009 0.0025 0.0045 0.0016 0.0016 0.0029 0.0019 0.0012 0.0025 0.0025 0.0019 0.0061 0.9649 
        FW08  3 0.0006 0.0005 0.0006 0.0005 0.0007 0.0006 0.0008 0.0020 0.0034 0.0013 0.0011 0.0022 0.0017 0.0011 0.0021 0.9705 0.0014 0.0041 0.0047 
        FW09  3 0.0006 0.0005 0.0006 0.0005 0.0007 0.0006 0.0008 0.0021 0.0034 0.0013 0.0011 0.0022 0.0017 0.0011 0.0021 0.9705 0.0014 0.0041 0.0047 
        FW10  3 0.0008 0.0007 0.0008 0.0007 0.0011 0.0008 0.0009 0.0026 0.0045 0.0018 0.0016 0.0031 0.0019 0.0012 0.0027 0.0025 0.0019 0.0061 0.9644 
       FW100  3 0.0008 0.0007 0.0008 0.0006 0.0010 0.0008 0.0009 0.0026 0.0050 0.0019 0.0016 0.0032 0.0018 0.0013 0.0026 0.0046 0.0019 0.0062 0.9616 
       FW101  3 0.0008 0.0007 0.0008 0.0006 0.0011 0.0008 0.0009 0.0026 0.0045 0.0018 0.0016 0.0031 0.0019 0.0012 0.0027 0.0025 0.0019 0.0061 0.9645 
       FW102  3 0.0006 0.0006 0.0006 0.0005 0.0007 0.0006 0.0008 0.0020 0.0034 0.0013 0.0011 0.0022 0.0017 0.0011 0.0021 0.9705 0.0014 0.0041 0.0046 
       FW103  3 0.0006 0.0006 0.0006 0.0005 0.0007 0.0006 0.0008 0.0020 0.0034 0.0013 0.0011 0.0021 0.0017 0.0011 0.0022 0.9706 0.0014 0.0040 0.0047 
       FW104  3 0.0011 0.0011 0.0014 0.0013 0.0014 0.0015 0.0013 0.0043 0.0073 0.0027 0.0033 0.0034 0.0032 0.0015 0.0048 0.0022 0.0039 0.0117 0.9426 
       FW105  3 0.0008 0.0007 0.0008 0.0006 0.0011 0.0008 0.0009 0.0026 0.0044 0.0018 0.0016 0.0031 0.0019 0.0012 0.0027 0.0025 0.0019 0.0061 0.9644 
       FW106  3 0.0013 0.0020 0.0017 0.0571 0.0031 0.0010 0.0020 0.0071 0.7363 0.0028 0.0025 0.0088 0.0024 0.0157 0.0063 0.0641 0.0155 0.0133 0.0571 
       FW107  3 0.0011 0.0011 0.0014 0.0013 0.0013 0.0015 0.0014 0.0044 0.0073 0.0028 0.0033 0.0035 0.0032 0.0015 0.0047 0.0022 0.0038 0.0119 0.9424 
       FW108  3 0.0006 0.0005 0.0006 0.0005 0.0007 0.0006 0.0008 0.0020 0.0035 0.0013 0.0011 0.0022 0.0017 0.0011 0.0021 0.9705 0.0013 0.0041 0.0047 
       FW109  3 0.0008 0.0007 0.0008 0.0006 0.0012 0.0008 0.0009 0.0026 0.0044 0.0018 0.0016 0.0031 0.0019 0.0012 0.0027 0.0025 0.0019 0.0061 0.9644 
        FW11  3 0.0008 0.0007 0.0008 0.0006 0.0010 0.0008 0.0010 0.0026 0.0050 0.0018 0.0016 0.0032 0.0019 0.0012 0.0026 0.0047 0.0019 0.0061 0.9617 
       FW110  3 0.0009 0.0006 0.0008 0.0006 0.0011 0.0007 0.0009 0.0026 0.0045 0.0016 0.0017 0.0029 0.0019 0.0012 0.0025 0.0025 0.0019 0.0062 0.9648 
       FW111  3 0.0006 0.0005 0.0006 0.0005 0.0007 0.0006 0.0008 0.0020 0.0034 0.0013 0.0011 0.0022 0.0017 0.0011 0.0021 0.9705 0.0014 0.0041 0.0047 
       FW112  3 0.0008 0.0007 0.0008 0.0006 0.0010 0.0008 0.0009 0.0026 0.0049 0.0018 0.0016 0.0031 0.0019 0.0013 0.0026 0.0047 0.0019 0.0061 0.9618 
       FW113  3 0.0006 0.0006 0.0006 0.0005 0.0007 0.0006 0.0008 0.0020 0.0034 0.0013 0.0011 0.0022 0.0017 0.0011 0.0021 0.9705 0.0014 0.0041 0.0047 
       FW114  3 0.0010 0.0008 0.0008 0.0007 0.0012 0.0008 0.0009 0.0027 0.0047 0.0016 0.0016 0.0038 0.0019 0.0013 0.0026 0.0025 0.0019 0.0061 0.9631 
       FW115  3 0.0008 0.0007 0.0008 0.0006 0.0011 0.0008 0.0009 0.0026 0.0044 0.0018 0.0016 0.0031 0.0019 0.0012 0.0027 0.0025 0.0019 0.0062 0.9645 
       FW116  3 0.0007 0.0005 0.0006 0.0005 0.0007 0.0006 0.0008 0.0020 0.0034 0.0013 0.0011 0.0022 0.0017 0.0011 0.0021 0.9706 0.0014 0.0041 0.0046 
        FW12  3 0.0006 0.0006 0.0006 0.0005 0.0007 0.0006 0.0008 0.0020 0.0034 0.0013 0.0011 0.0022 0.0017 0.0011 0.0021 0.9705 0.0014 0.0041 0.0047 
        FW13  3 0.0006 0.0006 0.0006 0.0005 0.0007 0.0006 0.0008 0.0020 0.0034 0.0013 0.0011 0.0022 0.0017 0.0011 0.0021 0.9704 0.0014 0.0041 0.0047 
        FW14  3 0.0012 0.0011 0.0015 0.0013 0.0013 0.0015 0.0013 0.0043 0.0074 0.0028 0.0033 0.0034 0.0031 0.0015 0.0046 0.0022 0.0037 0.0119 0.9424 
        FW15  3 0.0011 0.0012 0.0015 0.0013 0.0013 0.0016 0.0013 0.0043 0.0073 0.0028 0.0032 0.0034 0.0032 0.0015 0.0047 0.0022 0.0038 0.0118 0.9425 
        FW16  3 0.0008 0.0007 0.0008 0.0006 0.0011 0.0007 0.0009 0.0027 0.0045 0.0018 0.0016 0.0031 0.0018 0.0013 0.0028 0.0025 0.0019 0.0061 0.9643 
        FW17  3 0.0008 0.0007 0.0008 0.0006 0.0011 0.0008 0.0009 0.0026 0.0045 0.0018 0.0016 0.0030 0.0019 0.0012 0.0027 0.0025 0.0019 0.0060 0.9645 
        FW18  3 0.0008 0.0007 0.0008 0.0006 0.0010 0.0008 0.0009 0.0026 0.0050 0.0018 0.0016 0.0031 0.0019 0.0012 0.0026 0.0047 0.0019 0.0061 0.9616 
        FW19  3 0.0006 0.0005 0.0006 0.0005 0.0007 0.0006 0.0008 0.0020 0.0034 0.0013 0.0011 0.0022 0.0017 0.0011 0.0021 0.9706 0.0014 0.0041 0.0047 
        FW20  3 0.0006 0.0006 0.0006 0.0005 0.0007 0.0006 0.0008 0.0020 0.0034 0.0013 0.0011 0.0022 0.0017 0.0011 0.0022 0.9705 0.0013 0.0041 0.0047 
        FW21  3 0.0006 0.0005 0.0006 0.0005 0.0007 0.0006 0.0008 0.0020 0.0035 0.0013 0.0011 0.0021 0.0017 0.0011 0.0021 0.9705 0.0014 0.0041 0.0046 
        FW22  3 0.0008 0.0007 0.0008 0.0006 0.0010 0.0008 0.0009 0.0026 0.0051 0.0018 0.0017 0.0032 0.0019 0.0013 0.0027 0.0046 0.0019 0.0061 0.9616 
        FW23  3 0.0006 0.0005 0.0006 0.0005 0.0007 0.0006 0.0008 0.0020 0.0034 0.0013 0.0011 0.0022 0.0017 0.0011 0.0022 0.9705 0.0013 0.0041 0.0047 
        FW24  3 0.0006 0.0006 0.0006 0.0005 0.0007 0.0006 0.0008 0.0020 0.0034 0.0013 0.0011 0.0022 0.0017 0.0011 0.0021 0.9704 0.0014 0.0041 0.0047 
        FW25  3 0.0006 0.0005 0.0006 0.0005 0.0007 0.0006 0.0008 0.0020 0.0034 0.0013 0.0011 0.0022 0.0017 0.0011 0.0021 0.9706 0.0014 0.0041 0.0046 
        FW26  3 0.0006 0.0006 0.0006 0.0005 0.0007 0.0006 0.0008 0.0020 0.0034 0.0013 0.0011 0.0022 0.0017 0.0011 0.0021 0.9706 0.0013 0.0041 0.0046 
        FW27  3 0.0008 0.0007 0.0008 0.0006 0.0011 0.0008 0.0009 0.0026 0.0045 0.0018 0.0016 0.0030 0.0019 0.0012 0.0028 0.0024 0.0019 0.0061 0.9644 
        FW28  3 0.0006 0.0006 0.0006 0.0005 0.0007 0.0006 0.0008 0.0020 0.0034 0.0013 0.0011 0.0022 0.0017 0.0011 0.0021 0.9705 0.0014 0.0041 0.0046 
        FW29  3 0.0006 0.0005 0.0006 0.0005 0.0007 0.0006 0.0008 0.0020 0.0034 0.0013 0.0011 0.0022 0.0017 0.0011 0.0022 0.9705 0.0014 0.0041 0.0046 
        FW30  3 0.0013 0.0019 0.0016 0.0565 0.0031 0.0009 0.0020 0.0071 0.7354 0.0028 0.0026 0.0086 0.0024 0.0155 0.0065 0.0640 0.0165 0.0135 0.0579 
        FW32  3 0.0011 0.0012 0.0015 0.0013 0.0014 0.0015 0.0013 0.0044 0.0072 0.0027 0.0034 0.0034 0.0032 0.0015 0.0047 0.0022 0.0038 0.0119 0.9425 
        FW33  3 0.0008 0.0006 0.0006 0.0005 0.0007 0.0006 0.0008 0.0021 0.0098 0.0013 0.0011 0.0038 0.0017 0.0054 0.0094 0.9505 0.0014 0.0041 0.0047 
        FW34  3 0.0006 0.0005 0.0006 0.0005 0.0007 0.0006 0.0008 0.0021 0.0034 0.0013 0.0011 0.0022 0.0018 0.0011 0.0021 0.9703 0.0014 0.0041 0.0047 
        FW35  3 0.0006 0.0006 0.0006 0.0005 0.0007 0.0006 0.0008 0.0020 0.0034 0.0013 0.0011 0.0022 0.0017 0.0011 0.0022 0.9705 0.0014 0.0041 0.0046 
        FW36  3 0.0006 0.0005 0.0006 0.0005 0.0007 0.0006 0.0008 0.0020 0.0034 0.0013 0.0011 0.0022 0.0017 0.0011 0.0022 0.9705 0.0014 0.0041 0.0047 
        FW37  3 0.0008 0.0007 0.0008 0.0006 0.0012 0.0007 0.0009 0.0026 0.0046 0.0018 0.0017 0.0031 0.0019 0.0012 0.0027 0.0025 0.0019 0.0062 0.9641 
        FW51  3 0.0006 0.0006 0.0006 0.0005 0.0007 0.0006 0.0008 0.0020 0.0034 0.0013 0.0011 0.0021 0.0017 0.0011 0.0021 0.9705 0.0014 0.0041 0.0047 
        FW52  3 0.0008 0.0007 0.0007 0.0006 0.0011 0.0007 0.0009 0.0026 0.0045 0.0017 0.0017 0.0031 0.0019 0.0013 0.0027 0.0025 0.0019 0.0062 0.9643 
        FW53  3 0.0006 0.0005 0.0006 0.0005 0.0007 0.0006 0.0008 0.0020 0.0034 0.0013 0.0011 0.0022 0.0017 0.0011 0.0021 0.9706 0.0014 0.0041 0.0046 
        FW54  3 0.0009 0.0007 0.0008 0.0006 0.0010 0.0008 0.0009 0.0025 0.0046 0.0016 0.0017 0.0030 0.0019 0.0012 0.0025 0.0025 0.0019 0.0061 0.9649 
        FW55  3 0.0006 0.0006 0.0006 0.0005 0.0007 0.0006 0.0008 0.0020 0.0034 0.0013 0.0011 0.0022 0.0017 0.0011 0.0021 0.9705 0.0013 0.0041 0.0047 
        FW56  3 0.0006 0.0006 0.0006 0.0005 0.0007 0.0006 0.0008 0.0020 0.0034 0.0013 0.0011 0.0022 0.0017 0.0011 0.0021 0.9704 0.0014 0.0041 0.0047 
        FW57  3 0.0006 0.0006 0.0006 0.0005 0.0007 0.0006 0.0008 0.0020 0.0034 0.0013 0.0011 0.0022 0.0017 0.0011 0.0021 0.9706 0.0014 0.0041 0.0046 
        FW78  3 0.0006 0.0006 0.0006 0.0005 0.0007 0.0006 0.0008 0.0020 0.0034 0.0013 0.0011 0.0022 0.0017 0.0011 0.0022 0.9704 0.0014 0.0041 0.0047 
        FW79  3 0.0006 0.0006 0.0006 0.0005 0.0007 0.0006 0.0008 0.0020 0.0035 0.0013 0.0011 0.0022 0.0017 0.0011 0.0021 0.9704 0.0014 0.0041 0.0047 
        FW80  3 0.0006 0.0005 0.0006 0.0005 0.0007 0.0006 0.0008 0.0020 0.0034 0.0013 0.0011 0.0022 0.0017 0.0011 0.0022 0.9704 0.0014 0.0041 0.0047 
        FW81  3 0.0009 0.0007 0.0008 0.0006 0.0011 0.0007 0.0009 0.0025 0.0045 0.0016 0.0017 0.0030 0.0019 0.0013 0.0026 0.0025 0.0019 0.0061 0.9647 
        FW82  3 0.0008 0.0007 0.0008 0.0006 0.0011 0.0007 0.0009 0.0026 0.0044 0.0018 0.0016 0.0031 0.0018 0.0012 0.0027 0.0025 0.0019 0.0061 0.9645 
        FW83  3 0.0011 0.0012 0.0015 0.0012 0.0013 0.0015 0.0013 0.0043 0.0073 0.0028 0.0035 0.0034 0.0031 0.0015 0.0047 0.0022 0.0039 0.0117 0.9425 
        FW84  3 0.0006 0.0005 0.0006 0.0005 0.0007 0.0006 0.0008 0.0020 0.0034 0.0013 0.0011 0.0022 0.0017 0.0011 0.0021 0.9705 0.0014 0.0041 0.0046 
        FW85  3 0.0009 0.0007 0.0008 0.0006 0.0015 0.0007 0.0009 0.0027 0.0045 0.0018 0.0016 0.0034 0.0019 0.0012 0.0030 0.0024 0.0019 0.0071 0.9624 
        FW86  3 0.0008 0.0007 0.0008 0.0006 0.0010 0.0007 0.0009 0.0026 0.0051 0.0018 0.0016 0.0032 0.0019 0.0012 0.0027 0.0045 0.0019 0.0062 0.9615 
        FW87  3 0.0008 0.0007 0.0008 0.0007 0.0010 0.0008 0.0010 0.0027 0.0050 0.0018 0.0016 0.0032 0.0019 0.0013 0.0026 0.0046 0.0020 0.0061 0.9616 
        FW88  3 0.0006 0.0005 0.0006 0.0005 0.0007 0.0006 0.0008 0.0020 0.0034 0.0013 0.0011 0.0022 0.0017 0.0011 0.0021 0.9705 0.0014 0.0041 0.0047 
        FW89  3 0.0006 0.0006 0.0006 0.0005 0.0007 0.0006 0.0008 0.0020 0.0035 0.0013 0.0011 0.0022 0.0017 0.0011 0.0021 0.9704 0.0014 0.0041 0.0047 
        FW90  3 0.0006 0.0006 0.0006 0.0005 0.0007 0.0006 0.0008 0.0020 0.0034 0.0013 0.0011 0.0022 0.0017 0.0011 0.0021 0.9706 0.0013 0.0041 0.0046 
        FW91  3 0.0008 0.0007 0.0008 0.0006 0.0011 0.0008 0.0009 0.0026 0.0045 0.0018 0.0017 0.0031 0.0019 0.0012 0.0027 0.0024 0.0020 0.0060 0.9645 
        FW92  3 0.0007 0.0006 0.0006 0.0005 0.0007 0.0006 0.0008 0.0020 0.0034 0.0013 0.0011 0.0022 0.0017 0.0011 0.0021 0.9706 0.0013 0.0041 0.0046 
        FW93  3 0.0006 0.0006 0.0006 0.0005 0.0007 0.0006 0.0008 0.0020 0.0034 0.0013 0.0011 0.0022 0.0017 0.0011 0.0021 0.9705 0.0014 0.0041 0.0046 
        FW94  3 0.0008 0.0007 0.0008 0.0006 0.0011 0.0008 0.0009 0.0025 0.0044 0.0018 0.0016 0.0031 0.0019 0.0012 0.0027 0.0025 0.0019 0.0062 0.9644 
        FW95  3 0.0006 0.0005 0.0006 0.0005 0.0007 0.0006 0.0008 0.0020 0.0034 0.0013 0.0011 0.0022 0.0017 0.0011 0.0021 0.9705 0.0014 0.0041 0.0046 
        FW96  3 0.0006 0.0005 0.0006 0.0005 0.0007 0.0006 0.0008 0.0020 0.0034 0.0013 0.0011 0.0022 0.0017 0.0011 0.0021 0.9706 0.0014 0.0041 0.0047 
        FW97  3 0.0015 0.0042 0.0028 0.0014 0.0029 0.0015 0.0019 0.0069 0.8362 0.0042 0.0138 0.0050 0.0073 0.0029 0.0031 0.0214 0.0045 0.0103 0.0680 
        FW98  3 0.0009 0.0006 0.0008 0.0007 0.0011 0.0008 0.0009 0.0025 0.0045 0.0016 0.0016 0.0030 0.0019 0.0012 0.0025 0.0026 0.0019 0.0062 0.9649 
        FW99  3 0.0006 0.0005 0.0006 0.0005 0.0007 0.0006 0.0008 0.0020 0.0034 0.0013 0.0011 0.0022 0.0017 0.0011 0.0021 0.9706 0.0013 0.0041 0.0046 
       Cal01  3 0.0012 0.0026 0.0009 0.0016 0.0011 0.0033 0.0011 0.0048 0.7202 0.0057 0.0016 0.0057 0.0029 0.0013 0.0032 0.2215 0.0014 0.0068 0.0131 
       Cal02  3 0.0011 0.0013 0.0009 0.0007 0.0012 0.0010 0.0013 0.0052 0.9306 0.0018 0.0023 0.0050 0.0027 0.0034 0.0040 0.0157 0.0030 0.0081 0.0104 
       Cal03  3 0.0027 0.0010 0.0008 0.0009 0.0024 0.0011 0.0022 0.0043 0.7841 0.0035 0.0012 0.0041 0.0016 0.0019 0.0049 0.0709 0.0035 0.0106 0.0983 
       Cal04  3 0.0024 0.0056 0.0046 0.0024 0.0023 0.0010 0.0013 0.0042 0.9321 0.0022 0.0031 0.0060 0.0026 0.0021 0.0048 0.0022 0.0045 0.0096 0.0070 
       Cal05  3 0.0009 0.0007 0.0008 0.0005 0.0010 0.0007 0.0013 0.0023 0.9172 0.0014 0.0013 0.0087 0.0016 0.0013 0.0021 0.0093 0.0015 0.0056 0.0417 
       Cal06  3 0.0118 0.0010 0.0008 0.0008 0.0014 0.0010 0.0016 0.0045 0.9203 0.0023 0.0013 0.0130 0.0063 0.0036 0.0040 0.0084 0.0017 0.0064 0.0097 
       Cal07  3 0.0012 0.0007 0.0006 0.0007 0.0011 0.0008 0.0008 0.0029 0.8975 0.0015 0.0013 0.0239 0.0020 0.0014 0.0025 0.0415 0.0016 0.0047 0.0133 
       Cal08  3 0.0093 0.0020 0.0020 0.0029 0.0020 0.0023 0.0014 0.0042 0.8238 0.0028 0.0033 0.0057 0.0057 0.0020 0.0040 0.0748 0.0025 0.0089 0.0406 
       Cal09  3 0.0009 0.0024 0.0011 0.0009 0.0008 0.0009 0.0009 0.0038 0.8156 0.0018 0.0029 0.0327 0.0023 0.0018 0.0123 0.0930 0.0032 0.0077 0.0152 
       Cal10  3 0.0020 0.0016 0.0012 0.0016 0.0019 0.0010 0.0013 0.0072 0.9350 0.0031 0.0024 0.0057 0.0020 0.0016 0.0033 0.0027 0.0025 0.0080 0.0159 
       Cal11  3 0.0024 0.0011 0.0018 0.0013 0.0014 0.0019 0.0020 0.0053 0.8191 0.0023 0.0035 0.0086 0.0415 0.0024 0.0046 0.0280 0.0032 0.0064 0.0630 
      Cal197  3 0.0032 0.0008 0.0005 0.0020 0.0009 0.0006 0.0009 0.0045 0.6163 0.0027 0.0012 0.0072 0.0019 0.0035 0.0033 0.3362 0.0017 0.0045 0.0081 
      Cal198  3 0.0061 0.0024 0.0020 0.0196 0.0014 0.0011 0.0047 0.0053 0.7705 0.0329 0.0021 0.0495 0.0019 0.0034 0.0035 0.0141 0.0023 0.0057 0.0715 
      Cal199  3 0.0010 0.0006 0.0149 0.0007 0.0011 0.0022 0.0202 0.0030 0.8947 0.0028 0.0156 0.0028 0.0021 0.0014 0.0029 0.0036 0.0018 0.0075 0.0210 
      Cal200  3 0.0017 0.0010 0.0006 0.0007 0.0036 0.0016 0.0012 0.0038 0.8374 0.0020 0.0011 0.0052 0.0036 0.0013 0.0035 0.0081 0.0021 0.0069 0.1146 
      Cal201  3 0.0009 0.0007 0.0006 0.0006 0.0011 0.0008 0.0009 0.0117 0.8424 0.0016 0.0017 0.0088 0.0024 0.0017 0.0032 0.0441 0.0024 0.0043 0.0700 
      Cal202  3 0.0009 0.0026 0.0034 0.0007 0.0025 0.0009 0.0008 0.0071 0.8862 0.0092 0.0087 0.0048 0.0024 0.0017 0.0106 0.0152 0.0019 0.0246 0.0156 
      Cal203  3 0.0010 0.0010 0.0011 0.0009 0.0012 0.0010 0.0016 0.0038 0.9233 0.0022 0.0022 0.0035 0.0051 0.0018 0.0026 0.0029 0.0035 0.0065 0.0348 
      Cal204  3 0.0010 0.0008 0.0008 0.0008 0.0011 0.0018 0.0017 0.0029 0.9496 0.0023 0.0012 0.0040 0.0028 0.0028 0.0040 0.0034 0.0030 0.0072 0.0089 
      Cal205  3 0.0010 0.0011 0.0011 0.0010 0.0014 0.0008 0.0016 0.0036 0.9431 0.0024 0.0013 0.0045 0.0016 0.0027 0.0053 0.0074 0.0013 0.0061 0.0129 
      Cal206  3 0.0015 0.0008 0.0009 0.0017 0.0015 0.0009 0.0021 0.0059 0.8952 0.0021 0.0015 0.0037 0.0022 0.0023 0.0066 0.0100 0.0023 0.0115 0.0473 
      Cal207  3 0.0009 0.0008 0.0006 0.0012 0.0008 0.0012 0.0260 0.0038 0.9224 0.0044 0.0015 0.0050 0.0019 0.0012 0.0033 0.0072 0.0019 0.0051 0.0107 
      Cal208  3 0.0015 0.0011 0.0011 0.0024 0.0011 0.0013 0.0009 0.0037 0.8849 0.0028 0.0019 0.0034 0.0027 0.0013 0.0037 0.0538 0.0062 0.0066 0.0196 
      Cal209  3 0.0008 0.0007 0.0011 0.0010 0.0010 0.0009 0.0011 0.0030 0.9132 0.0014 0.0016 0.0037 0.0021 0.0013 0.0032 0.0450 0.0013 0.0062 0.0114 
      Cal210  3 0.0009 0.0007 0.0151 0.0007 0.0011 0.0022 0.0198 0.0030 0.8947 0.0029 0.0160 0.0028 0.0021 0.0014 0.0030 0.0036 0.0018 0.0074 0.0207 
      Cal211  3 0.0016 0.0007 0.0008 0.0009 0.0019 0.0008 0.0025 0.0028 0.8939 0.0015 0.0015 0.0062 0.0021 0.0014 0.0034 0.0548 0.0018 0.0046 0.0169 
      Cal212  3 0.0017 0.0007 0.0011 0.0008 0.0025 0.0011 0.0092 0.0029 0.8568 0.0018 0.0013 0.0042 0.0019 0.0015 0.0037 0.0052 0.0020 0.0066 0.0948 
      Cal213  3 0.0035 0.0018 0.0010 0.0393 0.0111 0.0007 0.0058 0.0048 0.6330 0.0122 0.0015 0.0365 0.0016 0.0014 0.0073 0.0241 0.0016 0.0069 0.2060 
      Cal214  3 0.0016 0.0008 0.0248 0.0012 0.0010 0.0007 0.0012 0.0177 0.9135 0.0045 0.0012 0.0034 0.0022 0.0048 0.0041 0.0018 0.0014 0.0074 0.0066 
      Cal215  3 0.0013 0.0018 0.0036 0.0010 0.0019 0.0029 0.0012 0.0046 0.8770 0.0025 0.0047 0.0050 0.0031 0.0017 0.0041 0.0531 0.0023 0.0145 0.0135 
      Cal216  3 0.0023 0.0009 0.0006 0.0011 0.0017 0.0014 0.0059 0.0055 0.7575 0.0053 0.0012 0.0075 0.0028 0.0021 0.0063 0.1198 0.0030 0.0100 0.0651 
      Cal217  3 0.0012 0.0008 0.0006 0.0007 0.0009 0.0009 0.0010 0.0037 0.9237 0.0019 0.0011 0.0057 0.0022 0.0020 0.0028 0.0330 0.0014 0.0044 0.0121 
      Cal218  3 0.0016 0.0006 0.0010 0.0008 0.0016 0.0008 0.0054 0.0031 0.7538 0.0016 0.0012 0.0042 0.0020 0.0016 0.0035 0.0089 0.0016 0.0057 0.2010 
      Cal219  3 0.0011 0.0015 0.0010 0.0013 0.0011 0.0012 0.0011 0.0086 0.8609 0.0016 0.0028 0.0046 0.0026 0.0022 0.0044 0.0523 0.0160 0.0068 0.0289 
      Cal220  3 0.0017 0.0028 0.0029 0.0011 0.0011 0.0026 0.0017 0.0059 0.8661 0.0041 0.0050 0.0053 0.0064 0.0503 0.0057 0.0178 0.0046 0.0051 0.0099 
