        TC01  1 0.0010 0.0035 0.0028 0.0016 0.0017 0.0043 0.9538 0.0184 0.0084 0.0024 0.0021 
        TC02  1 0.0023 0.0051 0.0031 0.0020 0.0020 0.0019 0.9674 0.0040 0.0074 0.0017 0.0031 
        TC03  1 0.0011 0.0013 0.0041 0.0015 0.0023 0.0025 0.9753 0.0022 0.0041 0.0033 0.0022 
        TC04  1 0.0051 0.0168 0.0361 0.0268 0.0017 0.0204 0.8324 0.0028 0.0446 0.0038 0.0094 
        TC05  1 0.0019 0.0015 0.0033 0.0014 0.0014 0.0011 0.9735 0.0014 0.0111 0.0017 0.0017 
        TC06  1 0.0060 0.0023 0.0977 0.0009 0.0013 0.0026 0.8727 0.0020 0.0068 0.0024 0.0054 
        TC07  1 0.0012 0.0014 0.0038 0.0114 0.0015 0.0013 0.9617 0.0061 0.0090 0.0015 0.0011 
        TC08  1 0.0014 0.0016 0.0027 0.0013 0.0021 0.0009 0.9741 0.0021 0.0050 0.0013 0.0074 
        TC09  1 0.0010 0.0022 0.0294 0.0007 0.0010 0.0015 0.8472 0.0017 0.0043 0.0042 0.1066 
        TC10  1 0.0036 0.0009 0.0253 0.0026 0.0023 0.0011 0.9336 0.0051 0.0028 0.0212 0.0015 
        TC11  1 0.0007 0.0008 0.0019 0.0008 0.0017 0.0014 0.9818 0.0048 0.0028 0.0012 0.0020 
        TC12  1 0.0037 0.0052 0.0116 0.0030 0.0057 0.0062 0.9330 0.0065 0.0142 0.0086 0.0023 
        TC13  1 0.0011 0.0011 0.0046 0.0010 0.0014 0.0010 0.9797 0.0016 0.0030 0.0012 0.0044 
        TC14  1 0.0031 0.0048 0.1233 0.0012 0.0041 0.0041 0.8446 0.0028 0.0059 0.0027 0.0034 
        TC15  1 0.0021 0.0028 0.0555 0.0025 0.0029 0.0027 0.9038 0.0013 0.0072 0.0046 0.0147 
        TC16  1 0.0013 0.0059 0.0521 0.0058 0.0029 0.0028 0.8186 0.0021 0.0090 0.0028 0.0966 
        TC17  1 0.0028 0.0299 0.0751 0.0095 0.0074 0.0040 0.8002 0.0051 0.0563 0.0065 0.0032 
        TC18  1 0.0012 0.0009 0.0063 0.0011 0.0087 0.0305 0.9221 0.0034 0.0182 0.0049 0.0028 
        TC19  1 0.0009 0.0018 0.0045 0.0008 0.0014 0.0010 0.9693 0.0020 0.0030 0.0016 0.0138 
        TC20  1 0.0011 0.0016 0.0045 0.0012 0.0014 0.0039 0.9724 0.0030 0.0037 0.0013 0.0058 
        TC21  1 0.0008 0.0010 0.0089 0.0027 0.0060 0.0137 0.7728 0.0065 0.1714 0.0103 0.0058 
        TC22  1 0.0096 0.0010 0.0040 0.0019 0.0048 0.0015 0.9524 0.0035 0.0082 0.0053 0.0078 
        TC23  1 0.0011 0.0019 0.0041 0.0028 0.0018 0.0016 0.9762 0.0038 0.0028 0.0021 0.0019 
        TC24  1 0.0006 0.0009 0.0026 0.0007 0.0013 0.0008 0.9857 0.0012 0.0025 0.0014 0.0023 
        TC25  1 0.0012 0.0008 0.1561 0.0026 0.0022 0.0195 0.7847 0.0156 0.0055 0.0075 0.0043 
        TC26  1 0.0024 0.0013 0.0295 0.0017 0.0014 0.0012 0.9523 0.0014 0.0049 0.0016 0.0024 
        TC27  1 0.0009 0.0009 0.0112 0.0012 0.0173 0.0015 0.9525 0.0017 0.0091 0.0018 0.0018 
        TC28  1 0.0027 0.0020 0.0329 0.0062 0.0020 0.0033 0.9346 0.0022 0.0087 0.0039 0.0016 
        TC29  1 0.0009 0.0056 0.0346 0.0012 0.0017 0.0043 0.9208 0.0037 0.0224 0.0031 0.0017 
        TC30  1 0.0010 0.0033 0.0055 0.0007 0.0016 0.0012 0.9708 0.0019 0.0040 0.0024 0.0077 
        TC31  1 0.0012 0.0011 0.0025 0.0019 0.0040 0.0109 0.9469 0.0160 0.0063 0.0036 0.0055 
        TC32  1 0.0211 0.0011 0.1360 0.0030 0.0014 0.0017 0.8090 0.0026 0.0092 0.0108 0.0041 
        TC33  1 0.0014 0.0008 0.0042 0.0014 0.0027 0.0016 0.9729 0.0070 0.0042 0.0019 0.0019 
        TC34  1 0.0019 0.0010 0.0746 0.0022 0.0060 0.0013 0.8994 0.0018 0.0056 0.0027 0.0034 
        TC35  1 0.0033 0.0219 0.0092 0.0012 0.0056 0.0050 0.9307 0.0094 0.0058 0.0027 0.0054 
        TC36  1 0.0009 0.0019 0.0042 0.0018 0.0019 0.0014 0.9724 0.0022 0.0069 0.0030 0.0034 
        TC37  1 0.0015 0.0037 0.0016 0.0023 0.0020 0.0016 0.9766 0.0027 0.0043 0.0019 0.0018 
        TC38  1 0.0011 0.0118 0.0283 0.0019 0.0013 0.0253 0.8640 0.0036 0.0084 0.0023 0.0521 
        TC39  1 0.0024 0.0065 0.1558 0.0011 0.0013 0.0023 0.8193 0.0021 0.0040 0.0019 0.0031 
        TC40  1 0.0028 0.0016 0.0488 0.0015 0.0047 0.0018 0.9232 0.0020 0.0058 0.0050 0.0028 
        TC41  1 0.0012 0.0009 0.0026 0.0029 0.0017 0.0014 0.9719 0.0019 0.0033 0.0105 0.0017 
        TC42  1 0.0009 0.0019 0.0084 0.0008 0.0013 0.0009 0.9764 0.0016 0.0037 0.0016 0.0025 
        TC43  1 0.0012 0.0030 0.0067 0.0013 0.0019 0.0018 0.9756 0.0016 0.0032 0.0017 0.0020 
        TC44  1 0.0016 0.0074 0.0130 0.0033 0.0026 0.0014 0.9297 0.0046 0.0044 0.0018 0.0304 
        TC45  1 0.0021 0.0016 0.0024 0.0019 0.0009 0.0063 0.9759 0.0021 0.0039 0.0015 0.0015 
        TC46  1 0.0020 0.0010 0.0035 0.0028 0.0031 0.0047 0.9679 0.0018 0.0080 0.0033 0.0018 
        TC47  1 0.0012 0.0022 0.0097 0.0033 0.0036 0.0018 0.9557 0.0023 0.0041 0.0018 0.0143 
        TC48  1 0.0030 0.0019 0.0069 0.0033 0.0101 0.0075 0.9419 0.0027 0.0163 0.0046 0.0018 
        TC49  1 0.0022 0.0009 0.0037 0.0014 0.0017 0.0015 0.9732 0.0038 0.0088 0.0012 0.0015 
        TC50  1 0.0065 0.0014 0.0027 0.0009 0.0054 0.0030 0.9637 0.0027 0.0055 0.0037 0.0046 
        TC51  1 0.0015 0.0010 0.0185 0.0014 0.0019 0.0022 0.9416 0.0062 0.0077 0.0019 0.0161 
        TC52  1 0.0008 0.0007 0.0055 0.0181 0.0013 0.0048 0.9537 0.0013 0.0036 0.0074 0.0029 
        TC53  1 0.0010 0.0058 0.0066 0.0008 0.0026 0.0009 0.9650 0.0011 0.0084 0.0047 0.0030 
        TC54  1 0.0031 0.0014 0.0168 0.0016 0.0089 0.0024 0.9442 0.0029 0.0131 0.0026 0.0031 
        TC55  1 0.0045 0.0013 0.0353 0.0030 0.0027 0.0031 0.9305 0.0021 0.0094 0.0064 0.0017 
        TC56  1 0.0036 0.0045 0.0064 0.0009 0.0066 0.0107 0.9500 0.0053 0.0075 0.0028 0.0016 
        TC57  1 0.0030 0.0053 0.0034 0.0010 0.0060 0.0016 0.9590 0.0029 0.0113 0.0034 0.0030 
        TC58  1 0.0023 0.0013 0.0049 0.0057 0.0016 0.0015 0.9602 0.0133 0.0044 0.0015 0.0032 
        TC59  1 0.0008 0.0012 0.0037 0.0009 0.0017 0.0009 0.9818 0.0020 0.0039 0.0012 0.0020 
        TA01  2 0.0024 0.0056 0.0074 0.0007 0.0017 0.0011 0.9615 0.0022 0.0040 0.0017 0.0116 
        TA02  2 0.0012 0.0081 0.0031 0.0014 0.0021 0.0013 0.9711 0.0013 0.0056 0.0023 0.0024 
        TA03  2 0.0041 0.0368 0.0043 0.0012 0.0073 0.0015 0.9277 0.0024 0.0049 0.0020 0.0078 
        TA04  2 0.0018 0.2422 0.0200 0.0032 0.0023 0.0013 0.5823 0.0020 0.0039 0.0028 0.1382 
        TA05  2 0.0018 0.0021 0.0025 0.0013 0.0022 0.0018 0.9747 0.0022 0.0046 0.0015 0.0053 
        TA06  2 0.0011 0.0023 0.0094 0.0015 0.0013 0.0010 0.9707 0.0030 0.0021 0.0018 0.0059 
        TA07  2 0.0023 0.3232 0.0025 0.0015 0.0030 0.0018 0.6346 0.0057 0.0196 0.0028 0.0030 
        TA08  2 0.0010 0.0083 0.0154 0.0006 0.0118 0.0021 0.9494 0.0015 0.0026 0.0013 0.0061 
        TA09  2 0.0009 0.0105 0.0052 0.0014 0.0015 0.0009 0.9687 0.0015 0.0031 0.0015 0.0049 
        TA10  2 0.0027 0.0055 0.0060 0.0011 0.0014 0.0013 0.8973 0.0714 0.0082 0.0015 0.0035 
        TA11  2 0.0137 0.0036 0.0126 0.0060 0.0038 0.0038 0.8925 0.0359 0.0055 0.0019 0.0205 
        TA12  2 0.0229 0.0077 0.0029 0.0034 0.0016 0.0011 0.9055 0.0327 0.0187 0.0011 0.0025 
        TA13  2 0.0368 0.0039 0.0200 0.0012 0.0022 0.0015 0.7960 0.0210 0.0742 0.0025 0.0407 
        TA14  2 0.0018 0.0128 0.0079 0.0009 0.0016 0.0008 0.9653 0.0011 0.0028 0.0019 0.0031 
        TA15  2 0.0032 0.0039 0.0073 0.0008 0.0013 0.0008 0.9738 0.0019 0.0035 0.0015 0.0020 
        TA16  2 0.0017 0.0118 0.0271 0.0027 0.0016 0.0011 0.8918 0.0276 0.0104 0.0016 0.0224 
        TA17  2 0.0056 0.0012 0.0052 0.0012 0.0036 0.0011 0.9693 0.0024 0.0066 0.0017 0.0021 
        TA18  2 0.0050 0.0013 0.0024 0.0020 0.0016 0.0010 0.9361 0.0075 0.0035 0.0356 0.0040 
        TA19  2 0.0014 0.0021 0.0074 0.0028 0.0297 0.0012 0.8930 0.0062 0.0075 0.0056 0.0430 
        TA20  2 0.0023 0.0018 0.0050 0.0008 0.0081 0.0018 0.9630 0.0019 0.0116 0.0020 0.0017 
        TA21  2 0.0035 0.0051 0.0332 0.0010 0.0030 0.0017 0.9368 0.0025 0.0072 0.0017 0.0041 
        TA22  2 0.0056 0.0019 0.0142 0.0010 0.0023 0.0012 0.9663 0.0013 0.0028 0.0017 0.0016 
        TA23  2 0.0016 0.0065 0.0186 0.0009 0.0016 0.0010 0.9613 0.0017 0.0027 0.0012 0.0028 
        TA24  2 0.0012 0.0012 0.0032 0.0013 0.0034 0.0011 0.9678 0.0017 0.0128 0.0024 0.0038 
        TA25  2 0.0027 0.0011 0.0065 0.0009 0.0011 0.0011 0.7928 0.1819 0.0071 0.0014 0.0034 
        TA26  2 0.0032 0.0194 0.0663 0.0007 0.0032 0.0058 0.8802 0.0058 0.0044 0.0015 0.0095 
        TA27  2 0.0028 0.0018 0.0036 0.0010 0.0025 0.0009 0.9697 0.0024 0.0089 0.0021 0.0043 
        TA28  2 0.0024 0.0119 0.0043 0.0053 0.0048 0.0062 0.9382 0.0015 0.0111 0.0087 0.0057 
        TA29  2 0.0025 0.0013 0.0206 0.0013 0.0026 0.0012 0.9600 0.0025 0.0039 0.0017 0.0025 
        TA30  2 0.0023 0.0106 0.0844 0.0014 0.0089 0.0023 0.7478 0.0022 0.0061 0.0022 0.1318 
      BERM01  3 0.0012 0.0010 0.8919 0.0007 0.0012 0.0008 0.0017 0.0015 0.0024 0.0011 0.0966 
      BERM02  3 0.0009 0.0018 0.9769 0.0008 0.0011 0.0009 0.0029 0.0012 0.0026 0.0014 0.0094 
      BERM03  3 0.0008 0.0009 0.9866 0.0008 0.0012 0.0009 0.0015 0.0017 0.0028 0.0011 0.0018 
      BERM04  3 0.0008 0.0009 0.9831 0.0007 0.0013 0.0010 0.0012 0.0020 0.0021 0.0010 0.0059 
      BERM05  3 0.0011 0.0013 0.9749 0.0010 0.0015 0.0013 0.0012 0.0022 0.0026 0.0019 0.0110 
      BERM06  3 0.0008 0.0053 0.9695 0.0018 0.0011 0.0010 0.0017 0.0011 0.0022 0.0014 0.0142 
      BERM07  3 0.0010 0.0014 0.9701 0.0010 0.0016 0.0009 0.0021 0.0027 0.0027 0.0010 0.0156 
      BERM08  3 0.0010 0.0015 0.9757 0.0005 0.0009 0.0011 0.0018 0.0013 0.0019 0.0009 0.0134 
      BERM09  3 0.0006 0.2460 0.5981 0.0024 0.0010 0.0007 0.0053 0.0016 0.0025 0.0017 0.1403 
      BERM10  3 0.0009 0.0013 0.9628 0.0012 0.0017 0.0016 0.0028 0.0016 0.0048 0.0014 0.0200 
      BERM11  3 0.0010 0.0915 0.8916 0.0006 0.0012 0.0013 0.0021 0.0018 0.0023 0.0011 0.0055 
      BERM12  3 0.0021 0.0016 0.9445 0.0008 0.0011 0.0139 0.0037 0.0251 0.0020 0.0031 0.0020 
      BERM13  3 0.0010 0.0021 0.9672 0.0071 0.0014 0.0009 0.0020 0.0022 0.0031 0.0012 0.0118 
      BERM14  3 0.0007 0.0025 0.9793 0.0007 0.0010 0.0008 0.0026 0.0018 0.0023 0.0014 0.0068 
      CROC01  3 0.0015 0.0020 0.9522 0.0028 0.0099 0.0014 0.0025 0.0037 0.0061 0.0094 0.0087 
      CROC02  3 0.0010 0.0027 0.9585 0.0217 0.0014 0.0016 0.0023 0.0029 0.0033 0.0019 0.0027 
      CROC03  3 0.0013 0.0172 0.9634 0.0009 0.0018 0.0019 0.0020 0.0019 0.0031 0.0016 0.0047 
      CROC04  3 0.0008 0.0009 0.8629 0.0017 0.0012 0.0008 0.1104 0.0018 0.0079 0.0059 0.0057 
      CROC05  3 0.0010 0.0029 0.9711 0.0011 0.0015 0.0011 0.0018 0.0036 0.0037 0.0015 0.0107 
      CROC06  3 0.0012 0.0019 0.9115 0.0110 0.0047 0.0015 0.0101 0.0315 0.0091 0.0049 0.0125 
      CROC07  3 0.0019 0.0137 0.9526 0.0034 0.0022 0.0011 0.0056 0.0025 0.0046 0.0044 0.0080 
      CROC08  3 0.0011 0.0015 0.9364 0.0008 0.0360 0.0029 0.0022 0.0046 0.0051 0.0030 0.0065 
      CROC09  3 0.0009 0.0019 0.8844 0.0006 0.0020 0.0011 0.0014 0.0013 0.0042 0.0019 0.1002 
      CROC10  3 0.0014 0.0014 0.8530 0.0007 0.0010 0.0011 0.0015 0.0023 0.0026 0.0014 0.1336 
      CROC11  3 0.0009 0.0019 0.8840 0.0006 0.0020 0.0011 0.0014 0.0014 0.0043 0.0021 0.1003 
     CROC110  3 0.0010 0.0149 0.8948 0.0016 0.0027 0.0010 0.0054 0.0020 0.0519 0.0025 0.0223 
     CROC116  3 0.0071 0.0024 0.9527 0.0012 0.0027 0.0023 0.0074 0.0023 0.0067 0.0108 0.0045 
      CROC12  3 0.0012 0.0007 0.9757 0.0008 0.0010 0.0010 0.0020 0.0014 0.0036 0.0011 0.0114 
     CROC123  3 0.0007 0.0014 0.9805 0.0006 0.0009 0.0010 0.0019 0.0011 0.0022 0.0011 0.0087 
      CROC13  3 0.0011 0.0009 0.9838 0.0007 0.0013 0.0018 0.0014 0.0028 0.0023 0.0010 0.0030 
      CROC14  3 0.0006 0.0024 0.8930 0.0011 0.0014 0.0014 0.0029 0.0809 0.0095 0.0011 0.0057 
      CROC15  3 0.0009 0.0008 0.8815 0.0090 0.0083 0.0043 0.0038 0.0082 0.0479 0.0327 0.0028 
      CROC16  3 0.0017 0.0011 0.8979 0.0009 0.0020 0.0031 0.0013 0.0025 0.0036 0.0021 0.0838 
      CROC17  3 0.0007 0.0007 0.9183 0.0007 0.0009 0.0010 0.0645 0.0013 0.0082 0.0009 0.0027 
      CROC18  3 0.0028 0.0010 0.9405 0.0310 0.0013 0.0086 0.0034 0.0013 0.0037 0.0031 0.0032 
      CROC19  3 0.0008 0.0029 0.9690 0.0026 0.0022 0.0013 0.0040 0.0023 0.0059 0.0025 0.0065 
     CROC198  3 0.0009 0.0010 0.9578 0.0007 0.0017 0.0010 0.0015 0.0027 0.0028 0.0012 0.0287 
      CROC20  3 0.0016 0.0018 0.9773 0.0015 0.0015 0.0013 0.0013 0.0021 0.0037 0.0014 0.0064 
     CROC202  3 0.0011 0.0009 0.9793 0.0012 0.0015 0.0035 0.0016 0.0031 0.0025 0.0015 0.0038 
      CROC21  3 0.0010 0.0015 0.9695 0.0012 0.0013 0.0011 0.0023 0.0020 0.0038 0.0011 0.0152 
     CROC216  3 0.0020 0.0143 0.9150 0.0053 0.0029 0.0016 0.0167 0.0018 0.0087 0.0225 0.0092 
      CROC22  3 0.0010 0.0064 0.9236 0.0009 0.0010 0.0014 0.0039 0.0374 0.0179 0.0015 0.0051 
      CROC23  3 0.0020 0.0038 0.8551 0.0008 0.0018 0.0015 0.0150 0.0019 0.0043 0.0017 0.1121 
      CROC24  3 0.0008 0.0027 0.9565 0.0007 0.0013 0.0018 0.0021 0.0015 0.0029 0.0013 0.0285 
      CROC25  3 0.0007 0.0016 0.9846 0.0009 0.0011 0.0009 0.0017 0.0018 0.0022 0.0016 0.0030 
     CROC259  3 0.0013 0.0032 0.9444 0.0006 0.0015 0.0014 0.0225 0.0112 0.0029 0.0013 0.0098 
      CROC26  3 0.0008 0.0012 0.9186 0.0008 0.0019 0.0012 0.0613 0.0024 0.0024 0.0014 0.0080 
      CROC27  3 0.0012 0.0258 0.9322 0.0010 0.0031 0.0012 0.0150 0.0018 0.0039 0.0023 0.0125 
      CROC28  3 0.0008 0.0113 0.9175 0.0006 0.0012 0.0009 0.0050 0.0018 0.0028 0.0012 0.0569 
      CROC29  3 0.0010 0.0018 0.9832 0.0007 0.0016 0.0010 0.0018 0.0015 0.0035 0.0017 0.0021 
      CROC30  3 0.0013 0.0008 0.9678 0.0049 0.0019 0.0014 0.0030 0.0020 0.0063 0.0025 0.0081 
      CROC31  3 0.0131 0.0382 0.8595 0.0009 0.0014 0.0013 0.0134 0.0025 0.0108 0.0020 0.0569 
      CROC32  3 0.0007 0.0011 0.9824 0.0013 0.0010 0.0009 0.0017 0.0020 0.0026 0.0010 0.0054 
      CROC33  3 0.0007 0.0054 0.9535 0.0010 0.0151 0.0012 0.0068 0.0010 0.0094 0.0029 0.0028 
      CROC34  3 0.0012 0.0014 0.9804 0.0012 0.0018 0.0011 0.0021 0.0021 0.0026 0.0013 0.0047 
      CROC35  3 0.0006 0.0120 0.9463 0.0006 0.0008 0.0016 0.0128 0.0015 0.0180 0.0010 0.0048 
      CROC36  3 0.0010 0.0009 0.9007 0.0008 0.0012 0.0010 0.0015 0.0021 0.0025 0.0016 0.0869 
      CROC57  3 0.0011 0.0014 0.9811 0.0008 0.0015 0.0011 0.0013 0.0037 0.0030 0.0015 0.0035 
      CROC81  3 0.0011 0.0010 0.9753 0.0026 0.0023 0.0038 0.0017 0.0020 0.0035 0.0023 0.0043 
      CROC84  3 0.0016 0.0024 0.9653 0.0005 0.0008 0.0049 0.0032 0.0060 0.0018 0.0018 0.0116 
        FW01  3 0.0008 0.0032 0.9819 0.0013 0.0014 0.0018 0.0018 0.0014 0.0030 0.0013 0.0022 
        FW02  3 0.0005 0.0007 0.0012 0.0005 0.0008 0.0007 0.0008 0.0011 0.0016 0.0008 0.9914 
        FW03  3 0.0008 0.0020 0.9837 0.0011 0.0012 0.0015 0.0017 0.0012 0.0026 0.0014 0.0028 
        FW04  3 0.0005 0.0006 0.0012 0.0005 0.0008 0.0007 0.0008 0.0011 0.0015 0.0008 0.9914 
        FW05  3 0.0005 0.0006 0.0012 0.0005 0.0008 0.0007 0.0009 0.0011 0.0015 0.0008 0.9913 
        FW06  3 0.0005 0.0006 0.0012 0.0005 0.0008 0.0007 0.0008 0.0011 0.0016 0.0008 0.9914 
        FW07  3 0.0008 0.0022 0.9838 0.0011 0.0012 0.0015 0.0017 0.0012 0.0025 0.0014 0.0027 
        FW08  3 0.0005 0.0006 0.0012 0.0005 0.0008 0.0007 0.0008 0.0011 0.0015 0.0008 0.9915 
        FW09  3 0.0005 0.0006 0.0012 0.0005 0.0008 0.0007 0.0009 0.0011 0.0016 0.0008 0.9913 
        FW10  3 0.0009 0.0021 0.9831 0.0011 0.0014 0.0015 0.0018 0.0012 0.0027 0.0013 0.0028 
       FW100  3 0.0009 0.0021 0.9818 0.0011 0.0014 0.0015 0.0019 0.0013 0.0027 0.0012 0.0042 
       FW101  3 0.0009 0.0021 0.9831 0.0011 0.0014 0.0015 0.0017 0.0012 0.0028 0.0014 0.0028 
       FW102  3 0.0005 0.0006 0.0013 0.0005 0.0008 0.0007 0.0008 0.0011 0.0016 0.0008 0.9913 
       FW103  3 0.0005 0.0006 0.0012 0.0005 0.0008 0.0007 0.0008 0.0011 0.0016 0.0008 0.9914 
       FW104  3 0.0009 0.0033 0.9818 0.0012 0.0014 0.0017 0.0018 0.0013 0.0030 0.0013 0.0023 
       FW105  3 0.0009 0.0021 0.9832 0.0010 0.0013 0.0014 0.0019 0.0012 0.0027 0.0014 0.0028 
       FW106  3 0.0157 0.0185 0.8738 0.0042 0.0029 0.0039 0.0048 0.0017 0.0108 0.0035 0.0602 
       FW107  3 0.0008 0.0032 0.9819 0.0013 0.0014 0.0017 0.0018 0.0014 0.0030 0.0013 0.0023 
       FW108  3 0.0005 0.0007 0.0012 0.0005 0.0008 0.0007 0.0008 0.0011 0.0015 0.0008 0.9913 
       FW109  3 0.0009 0.0022 0.9829 0.0011 0.0013 0.0015 0.0018 0.0013 0.0028 0.0014 0.0028 
        FW11  3 0.0009 0.0022 0.9817 0.0011 0.0014 0.0015 0.0018 0.0012 0.0028 0.0012 0.0041 
       FW110  3 0.0008 0.0022 0.9836 0.0011 0.0012 0.0015 0.0017 0.0012 0.0026 0.0014 0.0027 
       FW111  3 0.0005 0.0006 0.0012 0.0005 0.0008 0.0007 0.0008 0.0011 0.0015 0.0008 0.9914 
       FW112  3 0.0009 0.0022 0.9817 0.0011 0.0014 0.0015 0.0018 0.0012 0.0027 0.0013 0.0041 
       FW113  3 0.0005 0.0006 0.0012 0.0005 0.0008 0.0007 0.0008 0.0011 0.0015 0.0008 0.9914 
       FW114  3 0.0008 0.0018 0.9836 0.0010 0.0012 0.0014 0.0021 0.0012 0.0026 0.0015 0.0028 
       FW115  3 0.0009 0.0021 0.9830 0.0011 0.0014 0.0015 0.0018 0.0013 0.0028 0.0013 0.0028 
       FW116  3 0.0005 0.0007 0.0012 0.0005 0.0008 0.0007 0.0008 0.0011 0.0016 0.0008 0.9914 
        FW12  3 0.0005 0.0007 0.0012 0.0005 0.0008 0.0007 0.0008 0.0011 0.0016 0.0008 0.9914 
        FW13  3 0.0005 0.0007 0.0012 0.0005 0.0008 0.0007 0.0008 0.0011 0.0015 0.0008 0.9914 
        FW14  3 0.0008 0.0033 0.9819 0.0012 0.0014 0.0017 0.0017 0.0013 0.0030 0.0013 0.0023 
        FW15  3 0.0008 0.0037 0.9816 0.0012 0.0014 0.0018 0.0016 0.0014 0.0030 0.0013 0.0022 
        FW16  3 0.0009 0.0021 0.9830 0.0011 0.0014 0.0015 0.0018 0.0013 0.0028 0.0014 0.0028 
        FW17  3 0.0009 0.0021 0.9831 0.0011 0.0014 0.0015 0.0018 0.0012 0.0027 0.0014 0.0028 
        FW18  3 0.0009 0.0020 0.9820 0.0011 0.0013 0.0015 0.0019 0.0013 0.0027 0.0013 0.0041 
        FW19  3 0.0005 0.0006 0.0012 0.0005 0.0008 0.0007 0.0008 0.0011 0.0016 0.0008 0.9914 
        FW20  3 0.0005 0.0007 0.0012 0.0005 0.0008 0.0007 0.0008 0.0011 0.0016 0.0008 0.9913 
        FW21  3 0.0005 0.0006 0.0012 0.0005 0.0008 0.0007 0.0008 0.0011 0.0015 0.0008 0.9914 
        FW22  3 0.0009 0.0021 0.9816 0.0011 0.0014 0.0015 0.0020 0.0013 0.0028 0.0013 0.0041 
        FW23  3 0.0005 0.0006 0.0013 0.0005 0.0008 0.0007 0.0008 0.0011 0.0016 0.0008 0.9913 
        FW24  3 0.0005 0.0006 0.0012 0.0005 0.0008 0.0007 0.0008 0.0011 0.0015 0.0008 0.9914 
        FW25  3 0.0005 0.0006 0.0013 0.0005 0.0008 0.0007 0.0009 0.0011 0.0015 0.0008 0.9913 
        FW26  3 0.0005 0.0006 0.0012 0.0005 0.0008 0.0007 0.0008 0.0011 0.0016 0.0008 0.9914 
        FW27  3 0.0009 0.0022 0.9831 0.0011 0.0014 0.0015 0.0018 0.0012 0.0028 0.0014 0.0027 
        FW28  3 0.0005 0.0006 0.0012 0.0005 0.0008 0.0007 0.0008 0.0011 0.0015 0.0008 0.9914 
        FW29  3 0.0005 0.0006 0.0012 0.0005 0.0008 0.0007 0.0009 0.0011 0.0015 0.0008 0.9914 
        FW30  3 0.0156 0.0206 0.8726 0.0043 0.0030 0.0038 0.0048 0.0017 0.0107 0.0036 0.0593 
        FW32  3 0.0008 0.0032 0.9820 0.0013 0.0014 0.0017 0.0017 0.0013 0.0030 0.0013 0.0022 
        FW33  3 0.0005 0.0006 0.0077 0.0005 0.0008 0.0007 0.0029 0.0011 0.0072 0.0063 0.9716 
        FW34  3 0.0005 0.0006 0.0012 0.0005 0.0008 0.0007 0.0008 0.0011 0.0016 0.0008 0.9914 
        FW35  3 0.0005 0.0007 0.0013 0.0005 0.0008 0.0007 0.0008 0.0011 0.0016 0.0008 0.9913 
        FW36  3 0.0005 0.0006 0.0012 0.0005 0.0008 0.0007 0.0008 0.0011 0.0016 0.0008 0.9914 
        FW37  3 0.0009 0.0021 0.9831 0.0011 0.0014 0.0015 0.0018 0.0012 0.0028 0.0013 0.0027 
        FW51  3 0.0005 0.0006 0.0012 0.0005 0.0008 0.0007 0.0008 0.0011 0.0016 0.0008 0.9914 
        FW52  3 0.0009 0.0021 0.9833 0.0010 0.0013 0.0015 0.0018 0.0013 0.0027 0.0013 0.0028 
        FW53  3 0.0005 0.0006 0.0012 0.0005 0.0008 0.0007 0.0009 0.0011 0.0015 0.0008 0.9913 
        FW54  3 0.0007 0.0021 0.9838 0.0011 0.0012 0.0015 0.0016 0.0012 0.0026 0.0014 0.0028 
        FW55  3 0.0005 0.0007 0.0012 0.0005 0.0008 0.0007 0.0008 0.0011 0.0016 0.0008 0.9913 
        FW56  3 0.0005 0.0006 0.0012 0.0005 0.0008 0.0007 0.0008 0.0011 0.0016 0.0008 0.9914 
        FW57  3 0.0005 0.0006 0.0012 0.0005 0.0008 0.0007 0.0008 0.0011 0.0015 0.0008 0.9914 
        FW78  3 0.0005 0.0006 0.0012 0.0005 0.0008 0.0007 0.0008 0.0011 0.0016 0.0008 0.9914 
        FW79  3 0.0005 0.0006 0.0012 0.0005 0.0008 0.0007 0.0008 0.0011 0.0015 0.0008 0.9914 
        FW80  3 0.0005 0.0006 0.0012 0.0005 0.0008 0.0007 0.0008 0.0011 0.0015 0.0008 0.9914 
        FW81  3 0.0008 0.0021 0.9838 0.0010 0.0012 0.0015 0.0017 0.0012 0.0025 0.0014 0.0027 
        FW82  3 0.0009 0.0020 0.9832 0.0011 0.0014 0.0015 0.0018 0.0013 0.0028 0.0013 0.0027 
        FW83  3 0.0008 0.0034 0.9817 0.0013 0.0014 0.0018 0.0017 0.0014 0.0030 0.0013 0.0022 
        FW84  3 0.0005 0.0006 0.0012 0.0005 0.0008 0.0007 0.0008 0.0011 0.0016 0.0008 0.9913 
        FW85  3 0.0009 0.0041 0.9720 0.0011 0.0013 0.0041 0.0035 0.0013 0.0046 0.0044 0.0028 
        FW86  3 0.0009 0.0021 0.9817 0.0011 0.0014 0.0015 0.0019 0.0012 0.0028 0.0012 0.0042 
        FW87  3 0.0009 0.0021 0.9818 0.0012 0.0013 0.0015 0.0019 0.0012 0.0028 0.0013 0.0040 
        FW88  3 0.0005 0.0006 0.0012 0.0005 0.0008 0.0007 0.0008 0.0011 0.0016 0.0008 0.9914 
        FW89  3 0.0005 0.0006 0.0013 0.0005 0.0008 0.0007 0.0008 0.0011 0.0015 0.0008 0.9913 
        FW90  3 0.0005 0.0007 0.0012 0.0005 0.0008 0.0007 0.0009 0.0011 0.0016 0.0008 0.9913 
        FW91  3 0.0009 0.0020 0.9831 0.0011 0.0014 0.0015 0.0019 0.0012 0.0028 0.0013 0.0027 
        FW92  3 0.0005 0.0007 0.0012 0.0005 0.0008 0.0007 0.0008 0.0011 0.0016 0.0008 0.9914 
        FW93  3 0.0005 0.0007 0.0012 0.0005 0.0008 0.0007 0.0008 0.0011 0.0015 0.0008 0.9914 
        FW94  3 0.0009 0.0023 0.9828 0.0011 0.0014 0.0015 0.0019 0.0012 0.0028 0.0013 0.0028 
        FW95  3 0.0005 0.0006 0.0013 0.0005 0.0008 0.0007 0.0008 0.0011 0.0016 0.0008 0.9913 
        FW96  3 0.0005 0.0006 0.0012 0.0005 0.0008 0.0007 0.0008 0.0011 0.0016 0.0008 0.9913 
        FW97  3 0.0014 0.0031 0.9469 0.0044 0.0039 0.0020 0.0022 0.0067 0.0049 0.0022 0.0224 
        FW98  3 0.0008 0.0022 0.9835 0.0011 0.0012 0.0015 0.0017 0.0013 0.0026 0.0014 0.0028 
        FW99  3 0.0005 0.0006 0.0012 0.0005 0.0008 0.0007 0.0008 0.0011 0.0016 0.0008 0.9914 
       Cal01  3 0.0012 0.0033 0.7382 0.0005 0.0030 0.0013 0.0031 0.0021 0.0042 0.0018 0.2412 
       Cal02  3 0.0015 0.0010 0.9647 0.0008 0.0011 0.0013 0.0016 0.0017 0.0036 0.0016 0.0212 
       Cal03  3 0.0010 0.0014 0.9154 0.0007 0.0012 0.0010 0.0014 0.0010 0.0024 0.0015 0.0730 
       Cal04  3 0.0010 0.0006 0.9799 0.0019 0.0029 0.0015 0.0022 0.0017 0.0048 0.0016 0.0018 
       Cal05  3 0.0005 0.0039 0.9794 0.0006 0.0009 0.0008 0.0031 0.0010 0.0017 0.0010 0.0069 
       Cal06  3 0.0032 0.0020 0.9659 0.0007 0.0013 0.0011 0.0059 0.0031 0.0053 0.0022 0.0093 
       Cal07  3 0.0005 0.0026 0.9277 0.0008 0.0009 0.0008 0.0106 0.0012 0.0023 0.0011 0.0515 
       Cal08  3 0.0011 0.0013 0.8873 0.0010 0.0028 0.0018 0.0025 0.0048 0.0042 0.0030 0.0901 
       Cal09  3 0.0010 0.0010 0.8220 0.0009 0.0013 0.0028 0.0302 0.0016 0.0066 0.0010 0.1316 
       Cal10  3 0.0010 0.0015 0.9821 0.0008 0.0018 0.0012 0.0021 0.0013 0.0045 0.0016 0.0021 
       Cal11  3 0.0014 0.0036 0.9246 0.0022 0.0025 0.0011 0.0035 0.0381 0.0047 0.0022 0.0161 
      Cal197  3 0.0015 0.0011 0.6235 0.0009 0.0012 0.0008 0.0036 0.0012 0.0063 0.0010 0.3590 
      Cal198  3 0.0025 0.0021 0.8638 0.0010 0.0661 0.0008 0.0416 0.0013 0.0058 0.0014 0.0135 
      Cal199  3 0.0014 0.0081 0.9702 0.0006 0.0085 0.0011 0.0012 0.0014 0.0024 0.0018 0.0031 
      Cal200  3 0.0007 0.0341 0.9359 0.0015 0.0013 0.0012 0.0035 0.0023 0.0052 0.0072 0.0070 
      Cal201  3 0.0006 0.0052 0.9226 0.0007 0.0009 0.0007 0.0043 0.0017 0.0035 0.0015 0.0583 
      Cal202  3 0.0010 0.0025 0.9227 0.0006 0.0208 0.0073 0.0023 0.0018 0.0222 0.0031 0.0157 
      Cal203  3 0.0008 0.0020 0.9826 0.0008 0.0013 0.0011 0.0014 0.0035 0.0028 0.0016 0.0020 
      Cal204  3 0.0011 0.0026 0.9813 0.0008 0.0015 0.0013 0.0018 0.0020 0.0026 0.0025 0.0025 
      Cal205  3 0.0024 0.0017 0.9782 0.0005 0.0014 0.0010 0.0019 0.0011 0.0033 0.0016 0.0069 
      Cal206  3 0.0012 0.0040 0.9764 0.0010 0.0011 0.0015 0.0013 0.0015 0.0033 0.0011 0.0076 
      Cal207  3 0.0008 0.0020 0.9722 0.0063 0.0016 0.0009 0.0028 0.0012 0.0026 0.0017 0.0078 
      Cal208  3 0.0008 0.0006 0.9678 0.0015 0.0020 0.0010 0.0013 0.0020 0.0037 0.0011 0.0182 
      Cal209  3 0.0007 0.0014 0.9393 0.0007 0.0010 0.0011 0.0014 0.0014 0.0024 0.0009 0.0497 
      Cal210  3 0.0013 0.0082 0.9702 0.0006 0.0086 0.0012 0.0012 0.0015 0.0025 0.0018 0.0029 
      Cal211  3 0.0009 0.0104 0.9155 0.0008 0.0010 0.0008 0.0023 0.0015 0.0026 0.0021 0.0622 
      Cal212  3 0.0025 0.0136 0.9669 0.0007 0.0012 0.0009 0.0018 0.0013 0.0027 0.0035 0.0051 
      Cal213  3 0.0016 0.0039 0.8870 0.0025 0.0100 0.0011 0.0568 0.0010 0.0216 0.0023 0.0122 
      Cal214  3 0.0019 0.0007 0.9259 0.0006 0.0546 0.0013 0.0016 0.0016 0.0093 0.0011 0.0014 
      Cal215  3 0.0011 0.0013 0.9141 0.0012 0.0027 0.0022 0.0017 0.0024 0.0036 0.0016 0.0679 
      Cal216  3 0.0010 0.0024 0.9035 0.0008 0.0012 0.0010 0.0030 0.0018 0.0025 0.0015 0.0813 
      Cal217  3 0.0008 0.0017 0.9421 0.0005 0.0011 0.0007 0.0025 0.0015 0.0030 0.0011 0.0449 
      Cal218  3 0.0021 0.0723 0.9053 0.0007 0.0011 0.0009 0.0019 0.0012 0.0025 0.0020 0.0100 
      Cal219  3 0.0014 0.0014 0.9189 0.0012 0.0012 0.0009 0.0019 0.0019 0.0038 0.0011 0.0661 
      Cal220  3 0.0390 0.0016 0.9102 0.0013 0.0040 0.0009 0.0028 0.0052 0.0060 0.0020 0.0270 
      Cal221  3 0.0008 0.0021 0.9655 0.0013 0.0019 0.0009 0.0020 0.0012 0.0028 0.0013 0.0204 
      Cal222  3 0.0009 0.0023 0.9818 0.0007 0.0030 0.0010 0.0016 0.0014 0.0024 0.0013 0.0035 
      Cal223  3 0.0019 0.0223 0.8953 0.0030 0.0063 0.0012 0.0515 0.0046 0.0079 0.0030 0.0029 
      Cal224  3 0.0021 0.0012 0.9130 0.0027 0.0560 0.0082 0.0046 0.0033 0.0043 0.0024 0.0022 
       Cal33  3 0.0010 0.0011 0.9801 0.0009 0.0010 0.0010 0.0017 0.0013 0.0049 0.0012 0.0058 
       Cal34  3 0.0025 0.0010 0.9806 0.0008 0.0018 0.0014 0.0035 0.0013 0.0022 0.0018 0.0030 
       Cal35  3 0.0008 0.0014 0.9822 0.0006 0.0009 0.0009 0.0024 0.0012 0.0027 0.0016 0.0053 
       Cal37  3 0.0097 0.0019 0.9616 0.0008 0.0009 0.0010 0.0049 0.0012 0.0095 0.0040 0.0044 
       Cal38  3 0.0010 0.0026 0.6935 0.0005 0.0011 0.0006 0.0030 0.0014 0.0025 0.0011 0.2926 
       Cal39  3 0.0008 0.0028 0.9401 0.0011 0.0012 0.0020 0.0019 0.0020 0.0024 0.0011 0.0446 
       Cal40  3 0.0008 0.0014 0.9390 0.0007 0.0011 0.0011 0.0015 0.0014 0.0024 0.0009 0.0499 
       Cal41  3 0.0007 0.0010 0.9607 0.0008 0.0010 0.0010 0.0019 0.0014 0.0021 0.0009 0.0285 
       Cal42  3 0.0009 0.0018 0.9784 0.0008 0.0012 0.0012 0.0012 0.0024 0.0031 0.0011 0.0079 
       Cal43  3 0.0009 0.0021 0.9814 0.0012 0.0014 0.0008 0.0020 0.0015 0.0034 0.0014 0.0038 
       Cal44  3 0.0232 0.0085 0.9363 0.0011 0.0022 0.0011 0.0020 0.0022 0.0030 0.0044 0.0160 
        BW41  3 0.0010 0.0131 0.9261 0.0042 0.0036 0.0337 0.0025 0.0023 0.0066 0.0031 0.0037 
        BW42  3 0.0009 0.0014 0.9782 0.0023 0.0013 0.0010 0.0023 0.0017 0.0069 0.0016 0.0025 
        BW44  3 0.0010 0.0141 0.9710 0.0010 0.0013 0.0008 0.0031 0.0018 0.0030 0.0011 0.0018 
        BW45  3 0.0007 0.0340 0.9517 0.0006 0.0008 0.0007 0.0021 0.0013 0.0020 0.0009 0.0052 
        BW46  3 0.0011 0.0011 0.9800 0.0007 0.0012 0.0010 0.0014 0.0013 0.0031 0.0014 0.0077 
        BW47  3 0.0053 0.0014 0.7781 0.0499 0.0010 0.0080 0.0061 0.0013 0.0024 0.0112 0.1355 
        BW48  3 0.0011 0.0106 0.9562 0.0040 0.0029 0.0032 0.0029 0.0038 0.0077 0.0031 0.0045 
        BW49  3 0.0010 0.0041 0.9263 0.0009 0.0011 0.0009 0.0091 0.0022 0.0031 0.0013 0.0501 
        BW50  3 0.0007 0.0009 0.9603 0.0008 0.0011 0.0010 0.0016 0.0016 0.0030 0.0012 0.0278 
        BW51  3 0.0008 0.0090 0.9417 0.0008 0.0012 0.0008 0.0136 0.0014 0.0027 0.0009 0.0271 
        BW52  3 0.0008 0.0009 0.9740 0.0008 0.0012 0.0009 0.0018 0.0082 0.0025 0.0010 0.0078 
        BW53  3 0.0179 0.0016 0.9535 0.0012 0.0019 0.0012 0.0044 0.0013 0.0070 0.0039 0.0060 
        BW54  3 0.0040 0.0020 0.8372 0.1231 0.0018 0.0025 0.0036 0.0019 0.0037 0.0098 0.0105 
        BW55  3 0.0007 0.0016 0.9805 0.0012 0.0015 0.0011 0.0017 0.0030 0.0026 0.0020 0.0041 
        BW56  3 0.0009 0.0014 0.9789 0.0007 0.0011 0.0021 0.0021 0.0015 0.0025 0.0014 0.0075 
        BW57  3 0.0009 0.0012 0.9684 0.0007 0.0013 0.0010 0.0027 0.0013 0.0031 0.0020 0.0174 
        BW58  3 0.0013 0.0012 0.9809 0.0013 0.0011 0.0010 0.0023 0.0014 0.0028 0.0008 0.0059 
        BW59  3 0.0017 0.0014 0.8517 0.0008 0.0009 0.0009 0.0019 0.0013 0.0034 0.0013 0.1347 
        BW60  3 0.0008 0.0010 0.9856 0.0007 0.0011 0.0010 0.0018 0.0016 0.0023 0.0015 0.0026 
        BW61  3 0.0008 0.0202 0.8455 0.0010 0.0014 0.0668 0.0042 0.0024 0.0207 0.0012 0.0359 
        BW62  3 0.0007 0.0079 0.9667 0.0059 0.0012 0.0016 0.0020 0.0015 0.0031 0.0063 0.0031 
        BW63  3 0.0019 0.0071 0.9077 0.0059 0.0014 0.0014 0.0133 0.0015 0.0100 0.0472 0.0026 
        BW64  3 0.0007 0.0023 0.9582 0.0013 0.0011 0.0009 0.0017 0.0014 0.0029 0.0012 0.0284 
        BW65  3 0.0126 0.0655 0.8855 0.0011 0.0056 0.0054 0.0045 0.0033 0.0109 0.0037 0.0020 
        BW66  3 0.0009 0.0059 0.9675 0.0007 0.0014 0.0019 0.0060 0.0058 0.0027 0.0017 0.0055 
        BW67  3 0.0006 0.1716 0.8135 0.0007 0.0009 0.0008 0.0016 0.0015 0.0020 0.0012 0.0057 
        BW68  3 0.0011 0.0051 0.9647 0.0055 0.0015 0.0033 0.0040 0.0013 0.0058 0.0041 0.0034 
        BW69  3 0.0010 0.0017 0.9406 0.0010 0.0014 0.0442 0.0016 0.0019 0.0026 0.0011 0.0029 
        BW70  3 0.0010 0.0806 0.8860 0.0009 0.0021 0.0009 0.0031 0.0021 0.0038 0.0017 0.0178 
        BW71  3 0.0006 0.0030 0.8695 0.0009 0.0009 0.0008 0.0021 0.0017 0.0023 0.0008 0.1175 
        BW72  3 0.0017 0.0028 0.9203 0.0096 0.0041 0.0057 0.0041 0.0044 0.0134 0.0155 0.0183 
        BW73  3 0.0020 0.0023 0.8939 0.0008 0.0014 0.0118 0.0045 0.0270 0.0384 0.0014 0.0164 
        BW74  3 0.0018 0.0069 0.9662 0.0011 0.0018 0.0012 0.0042 0.0020 0.0059 0.0014 0.0075 
        BW75  3 0.0012 0.0020 0.8943 0.0043 0.0025 0.0010 0.0107 0.0165 0.0136 0.0013 0.0527 
        BW76  3 0.0012 0.0171 0.9628 0.0007 0.0021 0.0030 0.0018 0.0021 0.0032 0.0027 0.0032 
        BW77  3 0.0042 0.0645 0.8454 0.0114 0.0020 0.0020 0.0189 0.0020 0.0071 0.0017 0.0409 
        BW78  3 0.0008 0.0016 0.9841 0.0006 0.0013 0.0010 0.0037 0.0017 0.0021 0.0012 0.0019 
        BW79  3 0.0068 0.0011 0.9069 0.0046 0.0011 0.0011 0.0034 0.0018 0.0062 0.0010 0.0658 
        BW80  3 0.0012 0.0033 0.9758 0.0028 0.0012 0.0010 0.0017 0.0015 0.0042 0.0020 0.0052 
        BW81  3 0.0008 0.0010 0.9829 0.0009 0.0011 0.0011 0.0023 0.0014 0.0028 0.0008 0.0050 
       BWS05  3 0.0050 0.0303 0.9262 0.0029 0.0025 0.0084 0.0040 0.0036 0.0084 0.0025 0.0062 
       BWS06  3 0.0012 0.0257 0.9561 0.0009 0.0022 0.0011 0.0018 0.0020 0.0026 0.0015 0.0050 
       BWS07  3 0.0006 0.0032 0.8392 0.0007 0.0011 0.0008 0.0048 0.0010 0.0519 0.0016 0.0951 
       BWS08  3 0.0013 0.0404 0.9128 0.0010 0.0030 0.0100 0.0122 0.0052 0.0059 0.0060 0.0021 
       BWS09  3 0.0012 0.0032 0.8893 0.0007 0.0014 0.0009 0.0015 0.0013 0.0019 0.0012 0.0974 
       BWS10  3 0.0014 0.0190 0.9398 0.0012 0.0018 0.0013 0.0034 0.0021 0.0061 0.0174 0.0066 
       BWS11  3 0.0014 0.0011 0.9732 0.0008 0.0012 0.0009 0.0016 0.0015 0.0030 0.0011 0.0143 
       BWS12  3 0.0014 0.0023 0.9775 0.0011 0.0015 0.0009 0.0021 0.0043 0.0039 0.0011 0.0038 
       BWS13  3 0.0009 0.0011 0.9830 0.0006 0.0030 0.0008 0.0014 0.0020 0.0031 0.0020 0.0022 
       BWS14  3 0.0012 0.0016 0.9820 0.0010 0.0012 0.0012 0.0020 0.0012 0.0036 0.0013 0.0038 
       BWS15  3 0.0050 0.0018 0.9388 0.0017 0.0050 0.0018 0.0039 0.0073 0.0071 0.0037 0.0239 
       BWS16  3 0.0013 0.0009 0.9722 0.0019 0.0011 0.0011 0.0138 0.0013 0.0027 0.0012 0.0025 
       BWS17  3 0.0015 0.0020 0.9808 0.0007 0.0017 0.0022 0.0019 0.0019 0.0028 0.0016 0.0028 
       BWS18  3 0.0011 0.0022 0.9091 0.0008 0.0520 0.0011 0.0033 0.0012 0.0053 0.0022 0.0217 
       BWS19  3 0.0011 0.0032 0.8980 0.0008 0.0261 0.0060 0.0034 0.0016 0.0229 0.0012 0.0356 
       BWS20  3 0.0007 0.0023 0.9772 0.0006 0.0011 0.0009 0.0073 0.0016 0.0025 0.0010 0.0049 
       BWS21  3 0.0854 0.0060 0.8793 0.0011 0.0112 0.0016 0.0031 0.0027 0.0053 0.0027 0.0017 
       BWS22  3 0.0010 0.0168 0.9574 0.0007 0.0018 0.0012 0.0017 0.0015 0.0035 0.0023 0.0122 
       BWS23  3 0.0010 0.0042 0.9354 0.0007 0.0435 0.0014 0.0026 0.0012 0.0041 0.0014 0.0044 
       BWS24  3 0.0043 0.0028 0.9582 0.0006 0.0026 0.0012 0.0047 0.0023 0.0156 0.0051 0.0025 
       BWS25  3 0.0006 0.0009 0.9718 0.0006 0.0011 0.0026 0.0013 0.0013 0.0158 0.0010 0.0030 
       BWS26  3 0.0012 0.0016 0.9799 0.0009 0.0011 0.0013 0.0025 0.0025 0.0045 0.0013 0.0032 
       BWS27  3 0.0008 0.0021 0.9765 0.0007 0.0011 0.0008 0.0061 0.0013 0.0063 0.0010 0.0032 
       BWS28  3 0.0040 0.0018 0.9513 0.0138 0.0018 0.0021 0.0030 0.0019 0.0063 0.0080 0.0060 
       BWS29  3 0.0010 0.0070 0.9721 0.0021 0.0016 0.0023 0.0027 0.0030 0.0035 0.0028 0.0018 
       BWS30  3 0.0045 0.0023 0.7816 0.0007 0.0022 0.0012 0.0021 0.0014 0.0021 0.0010 0.2007 
       BWS31  3 0.0009 0.0059 0.9660 0.0009 0.0014 0.0046 0.0095 0.0012 0.0042 0.0018 0.0037 
       BWS32  3 0.0008 0.0050 0.9675 0.0007 0.0014 0.0010 0.0047 0.0024 0.0069 0.0034 0.0063 
       BWS33  3 0.0009 0.0009 0.9519 0.0200 0.0023 0.0028 0.0018 0.0020 0.0049 0.0057 0.0068 
       BWS34  3 0.0011 0.0056 0.9755 0.0014 0.0021 0.0015 0.0024 0.0028 0.0036 0.0024 0.0017 
       BWS35  3 0.0026 0.0012 0.9698 0.0052 0.0028 0.0013 0.0034 0.0027 0.0052 0.0016 0.0042 
       BWS36  3 0.0008 0.0013 0.9775 0.0006 0.0011 0.0010 0.0015 0.0033 0.0020 0.0009 0.0100 
       BWS37  3 0.0009 0.0094 0.9740 0.0007 0.0012 0.0026 0.0024 0.0015 0.0030 0.0017 0.0025 
       BWS38  3 0.0018 0.0036 0.9387 0.0019 0.0023 0.0012 0.0045 0.0039 0.0044 0.0022 0.0357 
       BWS39  3 0.0009 0.1508 0.7584 0.0008 0.0011 0.0009 0.0031 0.0016 0.0025 0.0013 0.0786 
       BWS40  3 0.0012 0.0009 0.9734 0.0007 0.0016 0.0011 0.0016 0.0044 0.0025 0.0012 0.0112 
       BWN01  3 0.0009 0.0028 0.9794 0.0008 0.0013 0.0015 0.0036 0.0018 0.0023 0.0013 0.0043 
       BWN02  3 0.0012 0.0029 0.8095 0.0013 0.0011 0.0011 0.0844 0.0012 0.0026 0.0010 0.0937 
       BWN03  3 0.0011 0.0020 0.9280 0.0360 0.0031 0.0055 0.0021 0.0045 0.0076 0.0049 0.0053 
       BWN04  3 0.0008 0.0101 0.9585 0.0007 0.0011 0.0010 0.0050 0.0087 0.0027 0.0014 0.0099 
        NC01  4 0.0030 0.0118 0.0765 0.0016 0.0011 0.0009 0.8161 0.0022 0.0494 0.0043 0.0330 
        NC02  4 0.0015 0.0569 0.0118 0.0014 0.0017 0.0029 0.9044 0.0028 0.0067 0.0019 0.0081 
        NC03  4 0.0008 0.0086 0.0030 0.0007 0.0023 0.0009 0.9700 0.0013 0.0077 0.0012 0.0035 
        NC04  4 0.0011 0.0162 0.0072 0.0006 0.0019 0.0011 0.9610 0.0016 0.0053 0.0018 0.0022 
        NC05  4 0.0020 0.0074 0.0257 0.0009 0.0063 0.0020 0.8810 0.0033 0.0483 0.0201 0.0031 
        NC06  4 0.0008 0.0114 0.0274 0.0011 0.0018 0.0173 0.9175 0.0013 0.0082 0.0014 0.0118 
        NC07  4 0.0010 0.0022 0.0100 0.0007 0.0016 0.0010 0.9675 0.0016 0.0034 0.0012 0.0097 
        NC08  4 0.0010 0.2878 0.0049 0.0008 0.0021 0.0013 0.6873 0.0033 0.0060 0.0025 0.0029 
        NC09  4 0.0011 0.1281 0.0068 0.0017 0.0028 0.0011 0.8446 0.0035 0.0050 0.0031 0.0022 
        NC10  4 0.0014 0.3176 0.0448 0.0007 0.0010 0.0009 0.6226 0.0025 0.0028 0.0011 0.0047 
        NC11  4 0.0014 0.0023 0.0418 0.0030 0.0025 0.0021 0.9219 0.0037 0.0118 0.0034 0.0062 
        NC12  4 0.0013 0.0065 0.0096 0.0022 0.0012 0.0035 0.9661 0.0013 0.0046 0.0022 0.0015 
        NC13  4 0.0008 0.0067 0.0065 0.0034 0.0069 0.0008 0.9583 0.0012 0.0109 0.0016 0.0028 
        NC14  4 0.0011 0.0523 0.0121 0.0014 0.0014 0.0012 0.8855 0.0027 0.0340 0.0022 0.0061 
        NC15  4 0.0007 0.0132 0.0115 0.0121 0.0025 0.0019 0.9461 0.0022 0.0053 0.0016 0.0030 
        NC16  4 0.0020 0.0104 0.0233 0.0056 0.0011 0.0010 0.8986 0.0022 0.0383 0.0016 0.0159 
        NC18  4 0.0011 0.0529 0.0089 0.0024 0.0015 0.0012 0.9097 0.0079 0.0068 0.0017 0.0058 
        NC19  4 0.0008 0.0090 0.0028 0.0010 0.0010 0.0010 0.9769 0.0012 0.0029 0.0017 0.0018 
        NC20  4 0.0009 0.2563 0.0237 0.0009 0.0047 0.0024 0.6884 0.0091 0.0043 0.0024 0.0069 
        NC21  4 0.0011 0.0886 0.0068 0.0014 0.0041 0.0012 0.8360 0.0014 0.0126 0.0069 0.0401 
        NC22  4 0.0009 0.1100 0.0242 0.0007 0.0017 0.0071 0.8468 0.0027 0.0021 0.0012 0.0027 
        NC23  4 0.0010 0.0335 0.0114 0.0024 0.0014 0.0010 0.9220 0.0045 0.0091 0.0018 0.0119 
        NC24  4 0.0008 0.0014 0.0043 0.0010 0.0013 0.0016 0.9799 0.0029 0.0031 0.0012 0.0024 
      SAND01  4 0.0006 0.9891 0.0015 0.0005 0.0009 0.0007 0.0010 0.0012 0.0017 0.0010 0.0019 
      SAND02  4 0.0008 0.9848 0.0023 0.0005 0.0009 0.0022 0.0011 0.0012 0.0020 0.0015 0.0028 
      SAND03  4 0.0006 0.9882 0.0018 0.0005 0.0009 0.0008 0.0010 0.0012 0.0017 0.0008 0.0026 
      SAND04  4 0.0006 0.9885 0.0014 0.0006 0.0009 0.0008 0.0010 0.0011 0.0019 0.0009 0.0022 
      SAND05  4 0.0007 0.9888 0.0015 0.0006 0.0009 0.0008 0.0010 0.0012 0.0018 0.0009 0.0019 
      SAND06  4 0.0007 0.9861 0.0019 0.0006 0.0008 0.0009 0.0013 0.0011 0.0020 0.0010 0.0036 
      SAND07  4 0.0006 0.9872 0.0019 0.0006 0.0009 0.0008 0.0011 0.0014 0.0017 0.0009 0.0029 
      SAND08  4 0.0006 0.9868 0.0021 0.0006 0.0008 0.0010 0.0016 0.0013 0.0019 0.0009 0.0023 
      SAND09  4 0.0009 0.9647 0.0116 0.0012 0.0013 0.0010 0.0041 0.0019 0.0034 0.0018 0.0082 
      SAND10  4 0.0006 0.9826 0.0021 0.0013 0.0012 0.0016 0.0022 0.0016 0.0024 0.0013 0.0032 
      SAND11  4 0.0006 0.9885 0.0017 0.0006 0.0010 0.0008 0.0010 0.0013 0.0019 0.0009 0.0017 
      SAND12  4 0.0006 0.9875 0.0016 0.0006 0.0009 0.0008 0.0011 0.0013 0.0018 0.0009 0.0029 
      SAND13  4 0.0005 0.9827 0.0022 0.0013 0.0012 0.0015 0.0022 0.0015 0.0024 0.0013 0.0032 
      SAND14  4 0.0007 0.9804 0.0026 0.0009 0.0012 0.0022 0.0017 0.0016 0.0023 0.0016 0.0049 
      SAND15  4 0.0006 0.9879 0.0017 0.0006 0.0010 0.0008 0.0011 0.0011 0.0019 0.0010 0.0024 
      SAND16  4 0.0012 0.9837 0.0019 0.0009 0.0009 0.0007 0.0019 0.0011 0.0030 0.0015 0.0032 
      SAND17  4 0.0006 0.9884 0.0018 0.0005 0.0009 0.0008 0.0011 0.0012 0.0018 0.0009 0.0020 
      SAND18  4 0.0006 0.9868 0.0019 0.0007 0.0008 0.0008 0.0011 0.0012 0.0019 0.0009 0.0034 
      SAND19  4 0.0006 0.9868 0.0017 0.0006 0.0009 0.0007 0.0010 0.0011 0.0017 0.0008 0.0041 
      SAND20  4 0.0005 0.9880 0.0018 0.0006 0.0009 0.0007 0.0013 0.0015 0.0016 0.0008 0.0022 
      SAND21  4 0.0006 0.9835 0.0024 0.0006 0.0009 0.0008 0.0013 0.0015 0.0018 0.0009 0.0057 
      SAND22  4 0.0005 0.9887 0.0020 0.0005 0.0008 0.0006 0.0014 0.0011 0.0017 0.0008 0.0018 
      SAND23  4 0.0007 0.9829 0.0025 0.0006 0.0009 0.0009 0.0010 0.0011 0.0020 0.0009 0.0064 
      SAND24  4 0.0011 0.0013 0.9814 0.0007 0.0015 0.0024 0.0019 0.0016 0.0037 0.0017 0.0027 
      SAND25  4 0.0009 0.9868 0.0015 0.0007 0.0010 0.0009 0.0014 0.0013 0.0024 0.0012 0.0020 
      SAND26  4 0.0006 0.9886 0.0015 0.0005 0.0009 0.0008 0.0013 0.0011 0.0017 0.0009 0.0022 
      SAND27  4 0.0008 0.9829 0.0028 0.0009 0.0013 0.0011 0.0025 0.0021 0.0025 0.0013 0.0018 
      SAND28  4 0.0006 0.9876 0.0019 0.0006 0.0009 0.0009 0.0011 0.0013 0.0019 0.0009 0.0023 
      SAND29  4 0.0006 0.9850 0.0020 0.0006 0.0009 0.0008 0.0011 0.0012 0.0018 0.0008 0.0051 
      SAND30  4 0.0006 0.9867 0.0023 0.0006 0.0010 0.0007 0.0014 0.0012 0.0019 0.0010 0.0026 
      SAND31  4 0.0006 0.9886 0.0014 0.0006 0.0009 0.0007 0.0011 0.0014 0.0018 0.0010 0.0020 
      SAND32  4 0.0007 0.9833 0.0019 0.0012 0.0012 0.0016 0.0036 0.0011 0.0024 0.0012 0.0018 
      SAND33  4 0.0006 0.9852 0.0021 0.0006 0.0010 0.0008 0.0011 0.0014 0.0017 0.0009 0.0045 
      SAND34  4 0.0007 0.9877 0.0018 0.0006 0.0009 0.0008 0.0012 0.0011 0.0019 0.0010 0.0024 
      SAND35  4 0.0005 0.9718 0.0019 0.0005 0.0009 0.0007 0.0012 0.0013 0.0017 0.0008 0.0186 
      SAND36  4 0.0006 0.9873 0.0024 0.0006 0.0008 0.0008 0.0012 0.0012 0.0020 0.0009 0.0021 
      SAND37  4 0.0006 0.9864 0.0022 0.0006 0.0009 0.0008 0.0011 0.0012 0.0019 0.0009 0.0033 
      SAND38  4 0.0007 0.9877 0.0017 0.0005 0.0009 0.0008 0.0013 0.0014 0.0019 0.0009 0.0023 
      SAND39  4 0.0006 0.9870 0.0018 0.0006 0.0008 0.0009 0.0018 0.0012 0.0020 0.0009 0.0025 
      SAND40  4 0.0009 0.9813 0.0024 0.0008 0.0010 0.0017 0.0013 0.0016 0.0024 0.0016 0.0053 
      SAND41  4 0.0006 0.9872 0.0020 0.0006 0.0009 0.0011 0.0012 0.0012 0.0019 0.0012 0.0022 
