        TC01  1 0.0007 0.0015 0.0021 0.9655 0.0013 0.0046 0.0133 0.0025 0.0014 0.0071 
        TC02  1 0.0010 0.0022 0.0024 0.9769 0.0016 0.0045 0.0030 0.0038 0.0013 0.0034 
        TC03  1 0.0011 0.0010 0.0029 0.9783 0.0025 0.0026 0.0024 0.0029 0.0012 0.0051 
        TC04  1 0.0010 0.0123 0.0178 0.8639 0.0045 0.0301 0.0026 0.0315 0.0017 0.0345 
        TC05  1 0.0010 0.0010 0.0024 0.9758 0.0014 0.0097 0.0013 0.0038 0.0014 0.0021 
        TC06  1 0.0008 0.0026 0.0625 0.9102 0.0018 0.0044 0.0016 0.0059 0.0019 0.0083 
        TC07  1 0.0013 0.0007 0.0037 0.9780 0.0020 0.0045 0.0024 0.0039 0.0009 0.0025 
        TC08  1 0.0016 0.0027 0.0022 0.9812 0.0009 0.0038 0.0018 0.0024 0.0017 0.0018 
        TC09  1 0.0007 0.0262 0.0324 0.9259 0.0028 0.0031 0.0013 0.0021 0.0030 0.0026 
        TC10  1 0.0007 0.0008 0.0124 0.9122 0.0457 0.0018 0.0112 0.0109 0.0022 0.0021 
        TC11  1 0.0015 0.0009 0.0016 0.9768 0.0010 0.0025 0.0037 0.0015 0.0074 0.0031 
        TC12  1 0.0013 0.0031 0.0084 0.9409 0.0026 0.0063 0.0151 0.0115 0.0011 0.0096 
        TC13  1 0.0007 0.0015 0.0035 0.9831 0.0008 0.0020 0.0017 0.0023 0.0023 0.0020 
        TC14  1 0.0032 0.0028 0.0667 0.8994 0.0016 0.0044 0.0043 0.0061 0.0031 0.0084 
        TC15  1 0.0011 0.0044 0.0207 0.9541 0.0025 0.0037 0.0018 0.0050 0.0026 0.0041 
        TC16  1 0.0022 0.0698 0.0496 0.8569 0.0028 0.0055 0.0019 0.0045 0.0031 0.0037 
        TC17  1 0.0067 0.0058 0.0541 0.8352 0.0081 0.0582 0.0137 0.0043 0.0063 0.0076 
        TC18  1 0.0030 0.0010 0.0049 0.8934 0.0033 0.0079 0.0112 0.0023 0.0265 0.0466 
        TC19  1 0.0009 0.0098 0.0036 0.9722 0.0011 0.0021 0.0021 0.0017 0.0044 0.0022 
        TC20  1 0.0009 0.0021 0.0031 0.9792 0.0010 0.0024 0.0020 0.0020 0.0013 0.0059 
        TC21  1 0.0089 0.0021 0.0052 0.7977 0.0051 0.1302 0.0053 0.0021 0.0101 0.0333 
        TC22  1 0.0010 0.0020 0.0035 0.9051 0.0054 0.0047 0.0110 0.0130 0.0517 0.0027 
        TC23  1 0.0013 0.0011 0.0036 0.9767 0.0016 0.0021 0.0053 0.0028 0.0024 0.0032 
        TC24  1 0.0012 0.0009 0.0021 0.9880 0.0011 0.0017 0.0011 0.0012 0.0011 0.0015 
        TC25  1 0.0021 0.0012 0.0632 0.8771 0.0034 0.0038 0.0077 0.0033 0.0041 0.0341 
        TC26  1 0.0010 0.0011 0.0176 0.9668 0.0014 0.0033 0.0014 0.0041 0.0011 0.0022 
        TC27  1 0.0020 0.0009 0.0072 0.9685 0.0017 0.0055 0.0071 0.0020 0.0020 0.0032 
        TC28  1 0.0013 0.0011 0.0222 0.9481 0.0030 0.0060 0.0023 0.0083 0.0017 0.0061 
        TC29  1 0.0035 0.0023 0.0202 0.9433 0.0019 0.0146 0.0025 0.0021 0.0021 0.0076 
        TC30  1 0.0009 0.0031 0.0047 0.9765 0.0013 0.0032 0.0019 0.0018 0.0045 0.0022 
        TC31  1 0.0022 0.0018 0.0024 0.9318 0.0023 0.0036 0.0211 0.0023 0.0159 0.0166 
        TC32  1 0.0011 0.0015 0.0521 0.8721 0.0016 0.0058 0.0020 0.0278 0.0327 0.0034 
        TC33  1 0.0027 0.0009 0.0034 0.9743 0.0018 0.0030 0.0053 0.0029 0.0021 0.0036 
        TC34  1 0.0048 0.0020 0.0538 0.9186 0.0029 0.0042 0.0047 0.0048 0.0017 0.0027 
        TC35  1 0.0010 0.0131 0.0073 0.9294 0.0015 0.0038 0.0300 0.0042 0.0016 0.0081 
        TC36  1 0.0009 0.0016 0.0031 0.9791 0.0022 0.0041 0.0022 0.0021 0.0020 0.0026 
        TC37  1 0.0032 0.0017 0.0015 0.9533 0.0019 0.0031 0.0023 0.0030 0.0266 0.0034 
        TC38  1 0.0009 0.0419 0.0155 0.8803 0.0020 0.0046 0.0022 0.0024 0.0017 0.0484 
        TC39  1 0.0010 0.0035 0.1873 0.7914 0.0021 0.0029 0.0017 0.0029 0.0032 0.0040 
        TC40  1 0.0085 0.0014 0.0197 0.9502 0.0031 0.0038 0.0029 0.0039 0.0026 0.0039 
        TC41  1 0.0011 0.0009 0.0022 0.9649 0.0048 0.0025 0.0016 0.0022 0.0176 0.0024 
        TC42  1 0.0008 0.0016 0.0063 0.9813 0.0012 0.0024 0.0016 0.0017 0.0016 0.0017 
        TC43  1 0.0013 0.0014 0.0053 0.9785 0.0013 0.0024 0.0019 0.0024 0.0022 0.0033 
        TC44  1 0.0008 0.0112 0.0084 0.9630 0.0020 0.0031 0.0050 0.0029 0.0010 0.0026 
        TC45  1 0.0006 0.0013 0.0027 0.9700 0.0028 0.0041 0.0016 0.0034 0.0030 0.0105 
        TC46  1 0.0013 0.0009 0.0027 0.9524 0.0123 0.0046 0.0062 0.0082 0.0030 0.0083 
        TC47  1 0.0011 0.0037 0.0074 0.9697 0.0014 0.0025 0.0066 0.0028 0.0018 0.0032 
        TC48  1 0.0077 0.0011 0.0053 0.9501 0.0025 0.0088 0.0031 0.0063 0.0039 0.0111 
        TC49  1 0.0012 0.0008 0.0032 0.9766 0.0009 0.0052 0.0026 0.0043 0.0024 0.0029 
        TC50  1 0.0023 0.0014 0.0022 0.9685 0.0020 0.0033 0.0050 0.0070 0.0022 0.0061 
        TC51  1 0.0010 0.0033 0.0093 0.9695 0.0016 0.0040 0.0039 0.0027 0.0010 0.0037 
        TC52  1 0.0010 0.0010 0.0039 0.9655 0.0099 0.0023 0.0012 0.0064 0.0013 0.0074 
        TC53  1 0.0008 0.0020 0.0046 0.9783 0.0023 0.0044 0.0020 0.0021 0.0018 0.0017 
        TC54  1 0.0260 0.0012 0.0070 0.9402 0.0035 0.0061 0.0040 0.0046 0.0021 0.0051 
        TC55  1 0.0023 0.0010 0.0208 0.9417 0.0054 0.0062 0.0029 0.0063 0.0075 0.0059 
        TC56  1 0.0117 0.0017 0.0044 0.9497 0.0017 0.0043 0.0042 0.0052 0.0026 0.0146 
        TC57  1 0.0027 0.0025 0.0032 0.9610 0.0032 0.0093 0.0060 0.0037 0.0050 0.0033 
        TC58  1 0.0008 0.0014 0.0044 0.9682 0.0017 0.0028 0.0115 0.0054 0.0014 0.0027 
        TC59  1 0.0009 0.0009 0.0026 0.9861 0.0009 0.0023 0.0020 0.0018 0.0009 0.0016 
        TA01  2 0.0012 0.0049 0.0047 0.9751 0.0011 0.0023 0.0022 0.0042 0.0020 0.0023 
        TA02  2 0.0027 0.0015 0.0023 0.9796 0.0020 0.0030 0.0013 0.0022 0.0018 0.0036 
        TA03  2 0.0018 0.0122 0.0033 0.9648 0.0018 0.0029 0.0041 0.0051 0.0014 0.0027 
        TA04  2 0.0009 0.3278 0.0092 0.6491 0.0017 0.0020 0.0023 0.0034 0.0013 0.0024 
        TA05  2 0.0013 0.0025 0.0020 0.9814 0.0011 0.0027 0.0021 0.0028 0.0012 0.0030 
        TA06  2 0.0007 0.0020 0.0047 0.9809 0.0015 0.0013 0.0021 0.0024 0.0022 0.0021 
        TA07  2 0.0016 0.0437 0.0029 0.9363 0.0019 0.0052 0.0027 0.0024 0.0008 0.0025 
        TA08  2 0.0011 0.0026 0.0056 0.9779 0.0008 0.0017 0.0042 0.0017 0.0007 0.0036 
        TA09  2 0.0010 0.0052 0.0040 0.9793 0.0012 0.0020 0.0016 0.0025 0.0015 0.0016 
        TA10  2 0.0008 0.0023 0.0037 0.9322 0.0011 0.0062 0.0439 0.0066 0.0009 0.0024 
        TA11  2 0.0013 0.0056 0.0064 0.9407 0.0029 0.0034 0.0216 0.0105 0.0011 0.0064 
        TA12  2 0.0011 0.0018 0.0020 0.8866 0.0009 0.0076 0.0123 0.0841 0.0016 0.0021 
        TA13  2 0.0016 0.0174 0.0162 0.8393 0.0015 0.0690 0.0109 0.0400 0.0012 0.0028 
        TA14  2 0.0013 0.0030 0.0052 0.9813 0.0014 0.0018 0.0012 0.0023 0.0011 0.0015 
        TA15  2 0.0010 0.0014 0.0046 0.9822 0.0011 0.0021 0.0016 0.0035 0.0011 0.0015 
        TA16  2 0.0008 0.0120 0.0136 0.9353 0.0010 0.0034 0.0185 0.0122 0.0011 0.0020 
        TA17  2 0.0018 0.0009 0.0030 0.9759 0.0010 0.0037 0.0028 0.0080 0.0009 0.0019 
        TA18  2 0.0009 0.0016 0.0021 0.8937 0.0009 0.0023 0.0038 0.0153 0.0776 0.0018 
        TA19  2 0.0011 0.0160 0.0074 0.8788 0.0017 0.0040 0.0748 0.0065 0.0074 0.0023 
        TA20  2 0.0079 0.0009 0.0033 0.9604 0.0014 0.0145 0.0018 0.0024 0.0012 0.0062 
        TA21  2 0.0038 0.0023 0.0148 0.9592 0.0011 0.0046 0.0024 0.0075 0.0012 0.0031 
        TA22  2 0.0031 0.0010 0.0096 0.9704 0.0013 0.0019 0.0013 0.0054 0.0040 0.0022 
        TA23  2 0.0011 0.0021 0.0113 0.9748 0.0008 0.0018 0.0015 0.0028 0.0020 0.0018 
        TA24  2 0.0009 0.0013 0.0022 0.9785 0.0022 0.0063 0.0026 0.0028 0.0009 0.0023 
        TA25  2 0.0006 0.0013 0.0043 0.8353 0.0009 0.0066 0.1415 0.0063 0.0010 0.0020 
        TA26  2 0.0018 0.0109 0.0394 0.9211 0.0010 0.0025 0.0054 0.0033 0.0018 0.0128 
        TA27  2 0.0015 0.0019 0.0030 0.9752 0.0017 0.0056 0.0024 0.0043 0.0028 0.0018 
        TA28  2 0.0052 0.0027 0.0030 0.9517 0.0077 0.0053 0.0015 0.0045 0.0029 0.0156 
        TA29  2 0.0008 0.0012 0.0149 0.9681 0.0011 0.0023 0.0031 0.0047 0.0016 0.0022 
        TA30  2 0.0025 0.1579 0.0430 0.7777 0.0017 0.0038 0.0038 0.0036 0.0019 0.0040 
      BERM01  3 0.0009 0.0150 0.9749 0.0011 0.0007 0.0016 0.0014 0.0019 0.0010 0.0016 
      BERM02  3 0.0009 0.0037 0.9840 0.0021 0.0008 0.0018 0.0011 0.0017 0.0022 0.0019 
      BERM03  3 0.0007 0.0010 0.9885 0.0011 0.0007 0.0020 0.0017 0.0016 0.0009 0.0018 
      BERM04  3 0.0007 0.0015 0.9885 0.0009 0.0007 0.0014 0.0021 0.0015 0.0007 0.0020 
      BERM05  3 0.0010 0.0027 0.9848 0.0008 0.0015 0.0017 0.0019 0.0022 0.0008 0.0025 
      BERM06  3 0.0006 0.0081 0.9813 0.0013 0.0012 0.0015 0.0013 0.0017 0.0011 0.0019 
      BERM07  3 0.0008 0.0038 0.9842 0.0014 0.0008 0.0018 0.0025 0.0018 0.0010 0.0018 
      BERM08  3 0.0005 0.0035 0.9869 0.0014 0.0006 0.0013 0.0013 0.0015 0.0007 0.0022 
      BERM09  3 0.0006 0.4163 0.5693 0.0045 0.0011 0.0017 0.0014 0.0013 0.0024 0.0014 
      BERM10  3 0.0007 0.0040 0.9806 0.0019 0.0011 0.0034 0.0022 0.0017 0.0014 0.0031 
      BERM11  3 0.0008 0.0235 0.9648 0.0018 0.0008 0.0016 0.0016 0.0016 0.0010 0.0024 
      BERM12  3 0.0007 0.0013 0.9502 0.0031 0.0026 0.0014 0.0086 0.0039 0.0010 0.0271 
      BERM13  3 0.0007 0.0046 0.9819 0.0014 0.0011 0.0020 0.0022 0.0030 0.0014 0.0017 
      BERM14  3 0.0006 0.0034 0.9856 0.0025 0.0011 0.0015 0.0017 0.0013 0.0007 0.0015 
      CROC01  3 0.0047 0.0035 0.9641 0.0020 0.0089 0.0043 0.0046 0.0028 0.0023 0.0027 
      CROC02  3 0.0010 0.0018 0.9806 0.0021 0.0027 0.0024 0.0020 0.0031 0.0011 0.0033 
      CROC03  3 0.0010 0.0059 0.9791 0.0014 0.0014 0.0021 0.0020 0.0024 0.0011 0.0036 
      CROC04  3 0.0007 0.0016 0.8865 0.0754 0.0203 0.0057 0.0016 0.0014 0.0053 0.0016 
      CROC05  3 0.0010 0.0043 0.9827 0.0011 0.0010 0.0023 0.0022 0.0018 0.0014 0.0021 
      CROC06  3 0.0068 0.0033 0.9090 0.0155 0.0342 0.0077 0.0172 0.0023 0.0011 0.0029 
      CROC07  3 0.0012 0.0064 0.9686 0.0025 0.0026 0.0029 0.0025 0.0032 0.0081 0.0020 
      CROC08  3 0.0226 0.0023 0.9546 0.0014 0.0018 0.0037 0.0039 0.0019 0.0021 0.0058 
      CROC09  3 0.0024 0.0279 0.9591 0.0009 0.0011 0.0027 0.0012 0.0015 0.0012 0.0020 
      CROC10  3 0.0006 0.0531 0.9335 0.0011 0.0008 0.0017 0.0019 0.0021 0.0032 0.0020 
      CROC11  3 0.0023 0.0281 0.9590 0.0009 0.0011 0.0026 0.0012 0.0015 0.0012 0.0020 
     CROC110  3 0.0019 0.0223 0.9191 0.0051 0.0016 0.0417 0.0020 0.0025 0.0021 0.0019 
     CROC116  3 0.0018 0.0021 0.9637 0.0040 0.0045 0.0043 0.0023 0.0076 0.0053 0.0045 
      CROC12  3 0.0007 0.0016 0.9864 0.0014 0.0007 0.0026 0.0012 0.0023 0.0011 0.0019 
     CROC123  3 0.0006 0.0026 0.9879 0.0013 0.0007 0.0015 0.0010 0.0014 0.0010 0.0020 
      CROC13  3 0.0007 0.0012 0.9863 0.0010 0.0008 0.0015 0.0022 0.0018 0.0008 0.0035 
      CROC14  3 0.0026 0.0033 0.8970 0.0056 0.0031 0.0446 0.0358 0.0012 0.0012 0.0055 
      CROC15  3 0.0128 0.0010 0.8914 0.0025 0.0293 0.0349 0.0052 0.0093 0.0033 0.0103 
      CROC16  3 0.0014 0.0087 0.9742 0.0009 0.0015 0.0022 0.0023 0.0028 0.0008 0.0052 
      CROC17  3 0.0006 0.0010 0.9192 0.0192 0.0007 0.0058 0.0012 0.0012 0.0492 0.0020 
      CROC18  3 0.0008 0.0013 0.9541 0.0023 0.0053 0.0024 0.0013 0.0130 0.0026 0.0167 
      CROC19  3 0.0010 0.0031 0.9773 0.0032 0.0026 0.0043 0.0028 0.0019 0.0012 0.0026 
     CROC198  3 0.0009 0.0041 0.9838 0.0011 0.0008 0.0019 0.0028 0.0016 0.0011 0.0020 
      CROC20  3 0.0010 0.0029 0.9831 0.0011 0.0014 0.0024 0.0020 0.0029 0.0008 0.0025 
     CROC202  3 0.0008 0.0013 0.9810 0.0012 0.0014 0.0017 0.0026 0.0021 0.0010 0.0071 
      CROC21  3 0.0008 0.0042 0.9826 0.0017 0.0008 0.0026 0.0017 0.0023 0.0013 0.0022 
     CROC216  3 0.0028 0.0138 0.9280 0.0132 0.0065 0.0074 0.0017 0.0159 0.0075 0.0031 
      CROC22  3 0.0007 0.0040 0.9388 0.0037 0.0009 0.0230 0.0196 0.0020 0.0048 0.0026 
      CROC23  3 0.0016 0.0684 0.9040 0.0083 0.0010 0.0034 0.0021 0.0036 0.0048 0.0029 
      CROC24  3 0.0010 0.0096 0.9779 0.0015 0.0010 0.0020 0.0013 0.0015 0.0008 0.0033 
      CROC25  3 0.0007 0.0016 0.9880 0.0013 0.0011 0.0015 0.0015 0.0013 0.0013 0.0017 
     CROC259  3 0.0009 0.0041 0.9634 0.0143 0.0010 0.0019 0.0072 0.0020 0.0026 0.0026 
      CROC26  3 0.0011 0.0022 0.9239 0.0619 0.0010 0.0015 0.0024 0.0017 0.0020 0.0023 
      CROC27  3 0.0031 0.0278 0.9379 0.0104 0.0020 0.0025 0.0020 0.0020 0.0101 0.0023 
      CROC28  3 0.0009 0.0492 0.9373 0.0043 0.0009 0.0019 0.0015 0.0013 0.0010 0.0017 
      CROC29  3 0.0013 0.0013 0.9862 0.0014 0.0011 0.0023 0.0014 0.0018 0.0011 0.0020 
      CROC30  3 0.0015 0.0017 0.9786 0.0028 0.0018 0.0044 0.0018 0.0032 0.0016 0.0028 
      CROC31  3 0.0009 0.1079 0.8579 0.0069 0.0015 0.0055 0.0019 0.0092 0.0057 0.0024 
      CROC32  3 0.0006 0.0017 0.9883 0.0013 0.0008 0.0017 0.0017 0.0014 0.0008 0.0017 
      CROC33  3 0.0200 0.0028 0.9557 0.0052 0.0030 0.0061 0.0012 0.0014 0.0017 0.0027 
      CROC34  3 0.0010 0.0018 0.9849 0.0016 0.0009 0.0018 0.0022 0.0024 0.0012 0.0022 
      CROC35  3 0.0006 0.0064 0.9551 0.0153 0.0006 0.0150 0.0012 0.0011 0.0017 0.0030 
      CROC36  3 0.0008 0.0057 0.9825 0.0011 0.0011 0.0018 0.0017 0.0018 0.0016 0.0019 
      CROC57  3 0.0010 0.0017 0.9856 0.0009 0.0012 0.0020 0.0026 0.0019 0.0008 0.0021 
      CROC81  3 0.0025 0.0014 0.9786 0.0012 0.0021 0.0022 0.0017 0.0024 0.0013 0.0066 
      CROC84  3 0.0006 0.0039 0.9761 0.0025 0.0013 0.0012 0.0029 0.0022 0.0008 0.0085 
        FW01  3 0.0009 0.0017 0.9853 0.0014 0.0013 0.0020 0.0015 0.0017 0.0008 0.0034 
        FW02  3 0.0005 0.9916 0.0014 0.0006 0.0006 0.0011 0.0011 0.0010 0.0007 0.0013 
        FW03  3 0.0007 0.0016 0.9866 0.0013 0.0014 0.0017 0.0014 0.0016 0.0007 0.0030 
        FW04  3 0.0005 0.9917 0.0014 0.0006 0.0006 0.0011 0.0011 0.0010 0.0007 0.0013 
        FW05  3 0.0005 0.9917 0.0014 0.0006 0.0006 0.0011 0.0011 0.0010 0.0006 0.0013 
        FW06  3 0.0005 0.9917 0.0014 0.0006 0.0006 0.0011 0.0011 0.0010 0.0007 0.0013 
        FW07  3 0.0007 0.0016 0.9865 0.0013 0.0014 0.0017 0.0013 0.0016 0.0008 0.0029 
        FW08  3 0.0005 0.9917 0.0014 0.0006 0.0006 0.0011 0.0011 0.0010 0.0007 0.0013 
        FW09  3 0.0005 0.9917 0.0014 0.0006 0.0006 0.0011 0.0011 0.0011 0.0007 0.0013 
        FW10  3 0.0009 0.0015 0.9862 0.0014 0.0013 0.0019 0.0013 0.0018 0.0008 0.0029 
       FW100  3 0.0009 0.0021 0.9858 0.0016 0.0011 0.0019 0.0013 0.0017 0.0008 0.0028 
       FW101  3 0.0009 0.0017 0.9861 0.0013 0.0013 0.0019 0.0013 0.0017 0.0008 0.0030 
       FW102  3 0.0005 0.9917 0.0014 0.0006 0.0006 0.0011 0.0010 0.0010 0.0007 0.0013 
       FW103  3 0.0005 0.9916 0.0014 0.0006 0.0006 0.0011 0.0011 0.0010 0.0007 0.0013 
       FW104  3 0.0009 0.0016 0.9857 0.0013 0.0013 0.0020 0.0015 0.0017 0.0008 0.0034 
       FW105  3 0.0009 0.0016 0.9862 0.0014 0.0013 0.0019 0.0014 0.0017 0.0008 0.0029 
       FW106  3 0.0022 0.0436 0.9132 0.0041 0.0043 0.0063 0.0020 0.0142 0.0032 0.0068 
       FW107  3 0.0009 0.0016 0.9857 0.0013 0.0013 0.0021 0.0015 0.0017 0.0007 0.0033 
       FW108  3 0.0005 0.9916 0.0014 0.0006 0.0006 0.0011 0.0011 0.0010 0.0007 0.0013 
       FW109  3 0.0009 0.0017 0.9863 0.0014 0.0012 0.0019 0.0013 0.0017 0.0007 0.0030 
        FW11  3 0.0009 0.0021 0.9856 0.0015 0.0011 0.0019 0.0013 0.0017 0.0008 0.0030 
       FW110  3 0.0007 0.0016 0.9865 0.0013 0.0014 0.0018 0.0013 0.0016 0.0007 0.0030 
       FW111  3 0.0005 0.9917 0.0014 0.0006 0.0006 0.0011 0.0010 0.0010 0.0007 0.0013 
       FW112  3 0.0009 0.0023 0.9856 0.0014 0.0011 0.0019 0.0014 0.0017 0.0007 0.0030 
       FW113  3 0.0005 0.9917 0.0013 0.0006 0.0006 0.0011 0.0011 0.0010 0.0007 0.0013 
       FW114  3 0.0007 0.0016 0.9860 0.0017 0.0015 0.0019 0.0014 0.0015 0.0008 0.0029 
       FW115  3 0.0009 0.0017 0.9863 0.0014 0.0012 0.0019 0.0013 0.0017 0.0008 0.0029 
       FW116  3 0.0005 0.9917 0.0014 0.0006 0.0006 0.0011 0.0011 0.0010 0.0007 0.0013 
        FW12  3 0.0005 0.9917 0.0014 0.0006 0.0006 0.0011 0.0011 0.0010 0.0007 0.0013 
        FW13  3 0.0005 0.9916 0.0014 0.0007 0.0006 0.0011 0.0011 0.0010 0.0007 0.0013 
        FW14  3 0.0009 0.0017 0.9856 0.0014 0.0013 0.0020 0.0014 0.0017 0.0007 0.0033 
        FW15  3 0.0009 0.0016 0.9855 0.0013 0.0013 0.0021 0.0015 0.0017 0.0008 0.0033 
        FW16  3 0.0009 0.0017 0.9860 0.0014 0.0013 0.0019 0.0014 0.0017 0.0008 0.0030 
        FW17  3 0.0009 0.0017 0.9859 0.0015 0.0013 0.0019 0.0013 0.0017 0.0008 0.0030 
        FW18  3 0.0009 0.0022 0.9857 0.0015 0.0012 0.0018 0.0013 0.0017 0.0008 0.0030 
        FW19  3 0.0005 0.9917 0.0014 0.0006 0.0006 0.0011 0.0010 0.0010 0.0007 0.0013 
        FW20  3 0.0005 0.9917 0.0014 0.0006 0.0006 0.0011 0.0010 0.0010 0.0006 0.0013 
        FW21  3 0.0005 0.9917 0.0014 0.0006 0.0006 0.0011 0.0011 0.0010 0.0007 0.0013 
        FW22  3 0.0009 0.0022 0.9857 0.0015 0.0011 0.0019 0.0013 0.0017 0.0008 0.0029 
        FW23  3 0.0005 0.9918 0.0013 0.0006 0.0006 0.0011 0.0010 0.0010 0.0007 0.0013 
        FW24  3 0.0005 0.9917 0.0014 0.0006 0.0006 0.0011 0.0011 0.0010 0.0007 0.0013 
        FW25  3 0.0005 0.9916 0.0014 0.0006 0.0006 0.0011 0.0011 0.0010 0.0007 0.0013 
        FW26  3 0.0005 0.9917 0.0014 0.0006 0.0006 0.0011 0.0011 0.0010 0.0007 0.0013 
        FW27  3 0.0009 0.0016 0.9860 0.0015 0.0012 0.0020 0.0013 0.0017 0.0008 0.0030 
        FW28  3 0.0005 0.9915 0.0014 0.0006 0.0006 0.0011 0.0011 0.0011 0.0007 0.0013 
        FW29  3 0.0005 0.9917 0.0014 0.0006 0.0006 0.0011 0.0010 0.0010 0.0007 0.0013 
        FW30  3 0.0023 0.0451 0.9103 0.0039 0.0046 0.0064 0.0020 0.0151 0.0034 0.0067 
        FW32  3 0.0008 0.0017 0.9855 0.0013 0.0012 0.0021 0.0015 0.0017 0.0007 0.0033 
        FW33  3 0.0005 0.9734 0.0072 0.0013 0.0006 0.0041 0.0011 0.0010 0.0094 0.0013 
        FW34  3 0.0005 0.9917 0.0014 0.0006 0.0006 0.0011 0.0011 0.0010 0.0007 0.0014 
        FW35  3 0.0005 0.9917 0.0014 0.0006 0.0006 0.0011 0.0011 0.0010 0.0007 0.0013 
        FW36  3 0.0005 0.9917 0.0014 0.0006 0.0006 0.0011 0.0011 0.0010 0.0007 0.0013 
        FW37  3 0.0009 0.0017 0.9860 0.0015 0.0012 0.0020 0.0013 0.0017 0.0008 0.0030 
        FW51  3 0.0005 0.9917 0.0014 0.0006 0.0006 0.0011 0.0011 0.0010 0.0007 0.0013 
        FW52  3 0.0009 0.0017 0.9860 0.0014 0.0013 0.0019 0.0013 0.0017 0.0008 0.0029 
        FW53  3 0.0005 0.9917 0.0014 0.0006 0.0006 0.0011 0.0010 0.0010 0.0007 0.0013 
        FW54  3 0.0007 0.0016 0.9866 0.0013 0.0014 0.0017 0.0013 0.0016 0.0008 0.0029 
        FW55  3 0.0005 0.9916 0.0014 0.0006 0.0006 0.0011 0.0011 0.0010 0.0007 0.0013 
        FW56  3 0.0005 0.9917 0.0014 0.0006 0.0006 0.0011 0.0011 0.0010 0.0007 0.0013 
        FW57  3 0.0005 0.9917 0.0014 0.0006 0.0006 0.0011 0.0010 0.0011 0.0007 0.0013 
        FW78  3 0.0005 0.9917 0.0014 0.0006 0.0006 0.0011 0.0010 0.0010 0.0007 0.0013 
        FW79  3 0.0005 0.9916 0.0014 0.0006 0.0006 0.0011 0.0011 0.0011 0.0007 0.0013 
        FW80  3 0.0005 0.9917 0.0014 0.0006 0.0006 0.0011 0.0011 0.0010 0.0007 0.0013 
        FW81  3 0.0007 0.0016 0.9866 0.0013 0.0014 0.0017 0.0013 0.0016 0.0008 0.0029 
        FW82  3 0.0009 0.0016 0.9862 0.0014 0.0012 0.0019 0.0013 0.0017 0.0008 0.0029 
        FW83  3 0.0009 0.0017 0.9854 0.0013 0.0012 0.0020 0.0015 0.0017 0.0008 0.0035 
        FW84  3 0.0005 0.9917 0.0014 0.0006 0.0006 0.0011 0.0011 0.0010 0.0007 0.0013 
        FW85  3 0.0008 0.0019 0.9711 0.0034 0.0071 0.0034 0.0013 0.0019 0.0008 0.0082 
        FW86  3 0.0009 0.0022 0.9856 0.0015 0.0011 0.0019 0.0013 0.0017 0.0008 0.0030 
        FW87  3 0.0009 0.0023 0.9856 0.0015 0.0011 0.0019 0.0014 0.0017 0.0007 0.0030 
        FW88  3 0.0005 0.9917 0.0013 0.0006 0.0006 0.0011 0.0011 0.0010 0.0007 0.0013 
        FW89  3 0.0005 0.9917 0.0014 0.0006 0.0006 0.0011 0.0010 0.0010 0.0007 0.0013 
        FW90  3 0.0005 0.9916 0.0014 0.0006 0.0006 0.0011 0.0010 0.0010 0.0007 0.0014 
        FW91  3 0.0009 0.0017 0.9862 0.0014 0.0013 0.0019 0.0013 0.0017 0.0007 0.0029 
        FW92  3 0.0005 0.9917 0.0014 0.0006 0.0006 0.0011 0.0010 0.0010 0.0007 0.0013 
        FW93  3 0.0005 0.9917 0.0014 0.0006 0.0006 0.0011 0.0011 0.0010 0.0007 0.0013 
        FW94  3 0.0009 0.0016 0.9861 0.0014 0.0013 0.0019 0.0013 0.0017 0.0008 0.0030 
        FW95  3 0.0005 0.9916 0.0014 0.0007 0.0006 0.0011 0.0010 0.0010 0.0006 0.0014 
        FW96  3 0.0005 0.9917 0.0014 0.0006 0.0006 0.0011 0.0010 0.0011 0.0007 0.0013 
        FW97  3 0.0019 0.0090 0.9657 0.0018 0.0013 0.0033 0.0071 0.0045 0.0014 0.0041 
        FW98  3 0.0007 0.0016 0.9865 0.0013 0.0014 0.0018 0.0013 0.0016 0.0008 0.0029 
        FW99  3 0.0005 0.9917 0.0014 0.0006 0.0006 0.0011 0.0011 0.0010 0.0007 0.0013 
       Cal01  3 0.0039 0.2647 0.7175 0.0019 0.0016 0.0030 0.0019 0.0019 0.0009 0.0027 
       Cal02  3 0.0007 0.0031 0.9838 0.0012 0.0009 0.0024 0.0015 0.0025 0.0014 0.0024 
       Cal03  3 0.0009 0.0136 0.9766 0.0010 0.0012 0.0015 0.0010 0.0016 0.0007 0.0019 
       Cal04  3 0.0010 0.0007 0.9830 0.0018 0.0013 0.0034 0.0028 0.0023 0.0009 0.0029 
       Cal05  3 0.0005 0.0045 0.9831 0.0013 0.0007 0.0012 0.0011 0.0011 0.0050 0.0016 
       Cal06  3 0.0010 0.0037 0.9754 0.0051 0.0013 0.0035 0.0020 0.0045 0.0014 0.0020 
       Cal07  3 0.0006 0.0168 0.9703 0.0034 0.0008 0.0015 0.0010 0.0012 0.0028 0.0015 
       Cal08  3 0.0018 0.0154 0.9598 0.0019 0.0031 0.0034 0.0060 0.0026 0.0023 0.0037 
       Cal09  3 0.0008 0.0139 0.9451 0.0117 0.0007 0.0045 0.0018 0.0018 0.0156 0.0041 
       Cal10  3 0.0014 0.0012 0.9847 0.0017 0.0014 0.0030 0.0014 0.0020 0.0008 0.0024 
       Cal11  3 0.0011 0.0062 0.9580 0.0029 0.0014 0.0033 0.0187 0.0032 0.0029 0.0022 
      Cal197  3 0.0013 0.3175 0.6675 0.0023 0.0007 0.0043 0.0010 0.0030 0.0010 0.0015 
      Cal198  3 0.0628 0.0037 0.9030 0.0132 0.0010 0.0033 0.0018 0.0050 0.0044 0.0017 
      Cal199  3 0.0015 0.0044 0.9756 0.0009 0.0010 0.0017 0.0094 0.0026 0.0007 0.0023 
      Cal200  3 0.0013 0.0375 0.9376 0.0038 0.0093 0.0042 0.0015 0.0014 0.0007 0.0026 
      Cal201  3 0.0007 0.0438 0.9435 0.0030 0.0009 0.0024 0.0012 0.0013 0.0020 0.0014 
      Cal202  3 0.0130 0.0065 0.9358 0.0013 0.0032 0.0142 0.0078 0.0016 0.0025 0.0139 
      Cal203  3 0.0009 0.0013 0.9859 0.0011 0.0015 0.0019 0.0028 0.0016 0.0010 0.0022 
      Cal204  3 0.0011 0.0019 0.9841 0.0012 0.0016 0.0018 0.0016 0.0018 0.0021 0.0028 
      Cal205  3 0.0009 0.0027 0.9850 0.0014 0.0009 0.0022 0.0012 0.0026 0.0009 0.0021 
      Cal206  3 0.0007 0.0038 0.9838 0.0010 0.0008 0.0024 0.0015 0.0023 0.0008 0.0031 
      Cal207  3 0.0024 0.0035 0.9805 0.0018 0.0040 0.0018 0.0010 0.0022 0.0012 0.0016 
      Cal208  3 0.0013 0.0019 0.9860 0.0009 0.0013 0.0022 0.0020 0.0015 0.0010 0.0019 
      Cal209  3 0.0006 0.0107 0.9798 0.0011 0.0006 0.0015 0.0014 0.0015 0.0007 0.0021 
      Cal210  3 0.0015 0.0041 0.9756 0.0009 0.0010 0.0016 0.0098 0.0025 0.0007 0.0023 
      Cal211  3 0.0006 0.0289 0.9602 0.0014 0.0013 0.0018 0.0013 0.0016 0.0014 0.0015 
      Cal212  3 0.0006 0.0047 0.9814 0.0013 0.0027 0.0019 0.0014 0.0033 0.0009 0.0018 
      Cal213  3 0.0145 0.0089 0.8926 0.0582 0.0019 0.0123 0.0012 0.0062 0.0023 0.0020 
      Cal214  3 0.0053 0.0007 0.9586 0.0014 0.0008 0.0058 0.0177 0.0065 0.0007 0.0026 
      Cal215  3 0.0010 0.0100 0.9738 0.0013 0.0012 0.0024 0.0033 0.0023 0.0009 0.0039 
      Cal216  3 0.0010 0.0279 0.9589 0.0017 0.0009 0.0017 0.0013 0.0017 0.0030 0.0020 
      Cal217  3 0.0008 0.0084 0.9806 0.0018 0.0006 0.0020 0.0012 0.0013 0.0019 0.0014 
      Cal218  3 0.0006 0.0257 0.9618 0.0016 0.0015 0.0018 0.0014 0.0031 0.0009 0.0017 
      Cal219  3 0.0007 0.0098 0.9775 0.0014 0.0011 0.0025 0.0019 0.0024 0.0010 0.0018 
      Cal220  3 0.0021 0.0044 0.9284 0.0017 0.0011 0.0039 0.0050 0.0476 0.0043 0.0017 
      Cal221  3 0.0009 0.0048 0.9841 0.0012 0.0011 0.0017 0.0019 0.0018 0.0007 0.0018 
      Cal222  3 0.0010 0.0023 0.9851 0.0012 0.0009 0.0016 0.0032 0.0019 0.0008 0.0019 
      Cal223  3 0.0043 0.0049 0.9199 0.0455 0.0018 0.0051 0.0043 0.0035 0.0083 0.0023 
      Cal224  3 0.0606 0.0012 0.9052 0.0014 0.0020 0.0023 0.0025 0.0056 0.0036 0.0156 
       Cal33  3 0.0006 0.0018 0.9862 0.0012 0.0008 0.0032 0.0012 0.0020 0.0010 0.0020 
       Cal34  3 0.0017 0.0013 0.9768 0.0022 0.0007 0.0016 0.0013 0.0044 0.0071 0.0030 
       Cal35  3 0.0006 0.0021 0.9867 0.0023 0.0012 0.0019 0.0011 0.0015 0.0009 0.0018 
       Cal37  3 0.0006 0.0019 0.9704 0.0033 0.0029 0.0062 0.0012 0.0088 0.0027 0.0020 
       Cal38  3 0.0006 0.2938 0.6959 0.0013 0.0008 0.0017 0.0016 0.0018 0.0010 0.0013 
       Cal39  3 0.0006 0.0118 0.9753 0.0012 0.0009 0.0016 0.0020 0.0016 0.0011 0.0039 
       Cal40  3 0.0006 0.0105 0.9799 0.0011 0.0006 0.0016 0.0014 0.0015 0.0007 0.0021 
       Cal41  3 0.0006 0.0032 0.9874 0.0012 0.0007 0.0015 0.0014 0.0014 0.0008 0.0019 
       Cal42  3 0.0007 0.0032 0.9854 0.0009 0.0008 0.0022 0.0020 0.0017 0.0007 0.0024 
       Cal43  3 0.0008 0.0021 0.9860 0.0013 0.0011 0.0022 0.0015 0.0019 0.0014 0.0016 
       Cal44  3 0.0015 0.0126 0.9374 0.0017 0.0022 0.0020 0.0022 0.0371 0.0012 0.0021 
        BW41  3 0.0022 0.0041 0.9424 0.0016 0.0020 0.0042 0.0023 0.0031 0.0027 0.0354 
        BW42  3 0.0008 0.0013 0.9831 0.0017 0.0008 0.0053 0.0016 0.0024 0.0012 0.0019 
        BW44  3 0.0009 0.0021 0.9855 0.0022 0.0008 0.0022 0.0016 0.0018 0.0013 0.0015 
        BW45  3 0.0005 0.0104 0.9805 0.0021 0.0007 0.0013 0.0012 0.0012 0.0007 0.0014 
        BW46  3 0.0008 0.0019 0.9868 0.0011 0.0011 0.0021 0.0014 0.0020 0.0008 0.0020 
        BW47  3 0.0006 0.0185 0.9056 0.0050 0.0145 0.0015 0.0011 0.0244 0.0124 0.0162 
        BW48  3 0.0012 0.0066 0.9687 0.0023 0.0022 0.0045 0.0038 0.0036 0.0019 0.0052 
        BW49  3 0.0007 0.0165 0.9640 0.0039 0.0008 0.0021 0.0017 0.0018 0.0069 0.0017 
        BW50  3 0.0007 0.0034 0.9859 0.0011 0.0007 0.0020 0.0014 0.0015 0.0012 0.0019 
        BW51  3 0.0006 0.0273 0.9494 0.0149 0.0006 0.0018 0.0015 0.0015 0.0009 0.0015 
        BW52  3 0.0007 0.0020 0.9848 0.0013 0.0007 0.0017 0.0041 0.0016 0.0012 0.0018 
        BW53  3 0.0015 0.0025 0.9440 0.0029 0.0018 0.0038 0.0012 0.0393 0.0009 0.0021 
        BW54  3 0.0010 0.0054 0.8564 0.0039 0.0223 0.0041 0.0039 0.0804 0.0156 0.0069 
        BW55  3 0.0010 0.0020 0.9857 0.0013 0.0018 0.0018 0.0021 0.0015 0.0008 0.0021 
        BW56  3 0.0008 0.0024 0.9838 0.0017 0.0009 0.0017 0.0013 0.0017 0.0012 0.0045 
        BW57  3 0.0011 0.0039 0.9818 0.0023 0.0008 0.0021 0.0012 0.0016 0.0032 0.0019 
        BW58  3 0.0007 0.0021 0.9863 0.0019 0.0009 0.0018 0.0014 0.0021 0.0009 0.0020 
        BW59  3 0.0006 0.0603 0.9272 0.0013 0.0009 0.0023 0.0013 0.0028 0.0015 0.0017 
        BW60  3 0.0007 0.0011 0.9880 0.0014 0.0009 0.0016 0.0014 0.0015 0.0015 0.0019 
        BW61  3 0.0008 0.0202 0.8842 0.0026 0.0010 0.0166 0.0019 0.0020 0.0016 0.0691 
        BW62  3 0.0009 0.0027 0.9789 0.0018 0.0056 0.0021 0.0014 0.0022 0.0011 0.0033 
        BW63  3 0.0010 0.0025 0.9227 0.0114 0.0385 0.0073 0.0014 0.0083 0.0043 0.0026 
        BW64  3 0.0007 0.0070 0.9828 0.0012 0.0009 0.0020 0.0012 0.0016 0.0009 0.0017 
        BW65  3 0.0041 0.0038 0.9493 0.0051 0.0020 0.0077 0.0036 0.0120 0.0023 0.0101 
        BW66  3 0.0009 0.0041 0.9766 0.0036 0.0012 0.0018 0.0038 0.0016 0.0026 0.0039 
        BW67  3 0.0007 0.1751 0.8155 0.0012 0.0009 0.0014 0.0012 0.0012 0.0013 0.0016 
        BW68  3 0.0010 0.0030 0.9731 0.0034 0.0029 0.0035 0.0013 0.0045 0.0020 0.0054 
        BW69  3 0.0008 0.0015 0.9425 0.0011 0.0009 0.0019 0.0019 0.0018 0.0007 0.0468 
        BW70  3 0.0013 0.0520 0.9326 0.0022 0.0011 0.0026 0.0025 0.0020 0.0018 0.0018 
        BW71  3 0.0005 0.0456 0.9450 0.0014 0.0006 0.0016 0.0015 0.0013 0.0010 0.0015 
        BW72  3 0.0038 0.0056 0.9423 0.0028 0.0134 0.0079 0.0033 0.0060 0.0057 0.0092 
        BW73  3 0.0007 0.0056 0.9076 0.0035 0.0011 0.0317 0.0143 0.0029 0.0041 0.0284 
        BW74  3 0.0008 0.0043 0.9780 0.0026 0.0010 0.0038 0.0023 0.0029 0.0018 0.0024 
        BW75  3 0.0022 0.0097 0.9476 0.0108 0.0030 0.0109 0.0105 0.0023 0.0011 0.0019 
        BW76  3 0.0011 0.0051 0.9771 0.0015 0.0022 0.0022 0.0023 0.0020 0.0008 0.0056 
        BW77  3 0.0024 0.0988 0.8486 0.0055 0.0007 0.0039 0.0014 0.0298 0.0049 0.0039 
        BW78  3 0.0006 0.0013 0.9860 0.0021 0.0008 0.0014 0.0022 0.0015 0.0022 0.0020 
        BW79  3 0.0006 0.0065 0.9514 0.0019 0.0008 0.0017 0.0017 0.0326 0.0009 0.0020 
        BW80  3 0.0009 0.0033 0.9826 0.0013 0.0022 0.0026 0.0014 0.0025 0.0012 0.0019 
        BW81  3 0.0008 0.0016 0.9877 0.0017 0.0008 0.0019 0.0011 0.0014 0.0008 0.0021 
       BWS05  3 0.0013 0.0111 0.9457 0.0033 0.0021 0.0056 0.0039 0.0091 0.0018 0.0160 
       BWS06  3 0.0009 0.0055 0.9818 0.0014 0.0010 0.0018 0.0025 0.0020 0.0010 0.0022 
       BWS07  3 0.0006 0.0298 0.9134 0.0070 0.0012 0.0435 0.0011 0.0012 0.0008 0.0015 
       BWS08  3 0.0031 0.0033 0.9408 0.0129 0.0054 0.0036 0.0040 0.0023 0.0037 0.0208 
       BWS09  3 0.0011 0.0370 0.9528 0.0013 0.0009 0.0013 0.0012 0.0020 0.0007 0.0017 
       BWS10  3 0.0010 0.0073 0.9635 0.0024 0.0133 0.0038 0.0022 0.0026 0.0014 0.0025 
       BWS11  3 0.0007 0.0029 0.9860 0.0011 0.0009 0.0019 0.0016 0.0024 0.0008 0.0017 
       BWS12  3 0.0010 0.0020 0.9842 0.0015 0.0009 0.0026 0.0026 0.0024 0.0010 0.0018 
       BWS13  3 0.0024 0.0010 0.9864 0.0010 0.0014 0.0020 0.0018 0.0015 0.0009 0.0016 
       BWS14  3 0.0007 0.0018 0.9858 0.0015 0.0009 0.0025 0.0012 0.0023 0.0010 0.0024 
       BWS15  3 0.0020 0.0042 0.9635 0.0028 0.0026 0.0046 0.0084 0.0071 0.0016 0.0033 
       BWS16  3 0.0007 0.0011 0.9753 0.0033 0.0013 0.0018 0.0013 0.0023 0.0109 0.0021 
       BWS17  3 0.0012 0.0016 0.9831 0.0012 0.0012 0.0019 0.0020 0.0025 0.0009 0.0043 
       BWS18  3 0.0245 0.0057 0.9508 0.0030 0.0017 0.0044 0.0033 0.0030 0.0013 0.0022 
       BWS19  3 0.0062 0.0127 0.9403 0.0021 0.0008 0.0119 0.0055 0.0035 0.0011 0.0158 
       BWS20  3 0.0009 0.0026 0.9846 0.0036 0.0007 0.0017 0.0012 0.0013 0.0018 0.0017 
       BWS21  3 0.0101 0.0014 0.8872 0.0040 0.0021 0.0043 0.0042 0.0826 0.0007 0.0032 
       BWS22  3 0.0017 0.0179 0.9684 0.0012 0.0013 0.0025 0.0013 0.0016 0.0017 0.0024 
       BWS23  3 0.0291 0.0032 0.9525 0.0022 0.0009 0.0031 0.0023 0.0028 0.0013 0.0027 
       BWS24  3 0.0011 0.0022 0.9650 0.0034 0.0026 0.0111 0.0043 0.0060 0.0020 0.0024 
       BWS25  3 0.0006 0.0013 0.9751 0.0011 0.0008 0.0116 0.0013 0.0023 0.0008 0.0051 
       BWS26  3 0.0008 0.0015 0.9842 0.0019 0.0009 0.0031 0.0016 0.0023 0.0011 0.0026 
       BWS27  3 0.0006 0.0018 0.9840 0.0028 0.0007 0.0035 0.0013 0.0016 0.0020 0.0016 
       BWS28  3 0.0009 0.0024 0.9562 0.0022 0.0039 0.0038 0.0019 0.0208 0.0037 0.0040 
       BWS29  3 0.0011 0.0016 0.9789 0.0024 0.0035 0.0023 0.0025 0.0019 0.0012 0.0046 
       BWS30  3 0.0022 0.0985 0.8862 0.0016 0.0008 0.0014 0.0013 0.0047 0.0009 0.0025 
       BWS31  3 0.0010 0.0034 0.9695 0.0078 0.0013 0.0027 0.0012 0.0019 0.0021 0.0091 
       BWS32  3 0.0007 0.0041 0.9760 0.0036 0.0020 0.0049 0.0024 0.0016 0.0028 0.0019 
       BWS33  3 0.0015 0.0017 0.9653 0.0013 0.0154 0.0033 0.0020 0.0028 0.0015 0.0052 
       BWS34  3 0.0019 0.0014 0.9818 0.0022 0.0023 0.0025 0.0021 0.0022 0.0008 0.0028 
       BWS35  3 0.0013 0.0015 0.9780 0.0023 0.0021 0.0031 0.0035 0.0047 0.0010 0.0026 
       BWS36  3 0.0006 0.0025 0.9873 0.0011 0.0007 0.0014 0.0024 0.0014 0.0008 0.0018 
       BWS37  3 0.0007 0.0026 0.9818 0.0018 0.0013 0.0021 0.0015 0.0016 0.0012 0.0054 
       BWS38  3 0.0014 0.0103 0.9696 0.0031 0.0018 0.0029 0.0033 0.0036 0.0017 0.0022 
       BWS39  3 0.0007 0.2428 0.7452 0.0019 0.0008 0.0017 0.0014 0.0016 0.0020 0.0018 
       BWS40  3 0.0007 0.0022 0.9844 0.0011 0.0009 0.0017 0.0037 0.0021 0.0009 0.0023 
       BWN01  3 0.0008 0.0026 0.9819 0.0017 0.0009 0.0016 0.0017 0.0017 0.0042 0.0029 
       BWN02  3 0.0007 0.0509 0.8878 0.0480 0.0009 0.0016 0.0012 0.0021 0.0047 0.0020 
       BWN03  3 0.0033 0.0026 0.9529 0.0018 0.0045 0.0074 0.0035 0.0081 0.0037 0.0120 
       BWN04  3 0.0008 0.0111 0.9722 0.0045 0.0008 0.0017 0.0039 0.0015 0.0014 0.0020 
        NC01  4 0.0007 0.0141 0.0525 0.8846 0.0053 0.0247 0.0016 0.0039 0.0108 0.0018 
        NC02  4 0.0011 0.0145 0.0110 0.9523 0.0017 0.0048 0.0023 0.0025 0.0029 0.0070 
        NC03  4 0.0043 0.0026 0.0024 0.9780 0.0009 0.0054 0.0011 0.0015 0.0020 0.0017 
        NC04  4 0.0009 0.0020 0.0045 0.9818 0.0012 0.0028 0.0019 0.0019 0.0009 0.0021 
        NC05  4 0.0032 0.0020 0.0124 0.9151 0.0108 0.0438 0.0041 0.0030 0.0015 0.0042 
        NC06  4 0.0009 0.0126 0.0379 0.8496 0.0008 0.0047 0.0017 0.0021 0.0629 0.0268 
        NC07  4 0.0006 0.0022 0.0050 0.9826 0.0008 0.0019 0.0021 0.0020 0.0010 0.0018 
        NC08  4 0.0019 0.0579 0.0104 0.9161 0.0015 0.0027 0.0021 0.0015 0.0013 0.0046 
        NC09  4 0.0018 0.0042 0.0088 0.9683 0.0033 0.0029 0.0044 0.0019 0.0023 0.0021 
        NC10  4 0.0007 0.0639 0.1371 0.7883 0.0008 0.0020 0.0015 0.0022 0.0016 0.0018 
        NC11  4 0.0014 0.0025 0.0242 0.9516 0.0025 0.0067 0.0029 0.0025 0.0019 0.0037 
        NC12  4 0.0008 0.0011 0.0048 0.9792 0.0018 0.0026 0.0012 0.0021 0.0014 0.0050 
        NC13  4 0.0117 0.0020 0.0040 0.9691 0.0015 0.0055 0.0013 0.0022 0.0011 0.0017 
        NC14  4 0.0008 0.0051 0.0068 0.9595 0.0013 0.0172 0.0020 0.0022 0.0029 0.0022 
        NC15  4 0.0017 0.0023 0.0055 0.9687 0.0025 0.0083 0.0020 0.0015 0.0015 0.0060 
        NC16  4 0.0008 0.0057 0.0130 0.9525 0.0035 0.0129 0.0017 0.0033 0.0048 0.0018 
        NC18  4 0.0012 0.0062 0.0065 0.9715 0.0016 0.0044 0.0032 0.0021 0.0012 0.0021 
        NC19  4 0.0008 0.0013 0.0021 0.9868 0.0016 0.0019 0.0010 0.0014 0.0013 0.0018 
        NC20  4 0.0080 0.0845 0.0541 0.8150 0.0026 0.0032 0.0109 0.0019 0.0067 0.0130 
        NC21  4 0.0034 0.0671 0.0055 0.9029 0.0040 0.0075 0.0013 0.0023 0.0037 0.0023 
        NC22  4 0.0016 0.0141 0.0233 0.9210 0.0009 0.0014 0.0022 0.0015 0.0022 0.0318 
        NC23  4 0.0012 0.0139 0.0123 0.9558 0.0012 0.0051 0.0020 0.0020 0.0047 0.0018 
        NC24  4 0.0007 0.0011 0.0030 0.9840 0.0010 0.0022 0.0024 0.0018 0.0011 0.0029 
      SAND01  4 0.0006 0.9880 0.0025 0.0013 0.0010 0.0014 0.0015 0.0013 0.0008 0.0015 
      SAND02  4 0.0005 0.9564 0.0075 0.0012 0.0034 0.0021 0.0014 0.0024 0.0007 0.0242 
      SAND03  4 0.0006 0.9901 0.0022 0.0008 0.0006 0.0012 0.0012 0.0011 0.0007 0.0015 
      SAND04  4 0.0008 0.9879 0.0017 0.0011 0.0007 0.0017 0.0012 0.0019 0.0009 0.0021 
      SAND05  4 0.0007 0.9883 0.0022 0.0010 0.0009 0.0015 0.0013 0.0015 0.0008 0.0019 
      SAND06  4 0.0007 0.9850 0.0026 0.0022 0.0008 0.0020 0.0011 0.0023 0.0010 0.0023 
      SAND07  4 0.0006 0.9869 0.0030 0.0012 0.0009 0.0014 0.0021 0.0014 0.0008 0.0017 
      SAND08  4 0.0006 0.9669 0.0051 0.0170 0.0008 0.0016 0.0014 0.0016 0.0019 0.0030 
      SAND09  4 0.0013 0.7931 0.1020 0.0741 0.0069 0.0044 0.0025 0.0090 0.0030 0.0037 
      SAND10  4 0.0006 0.9474 0.0053 0.0162 0.0057 0.0031 0.0053 0.0026 0.0016 0.0122 
      SAND11  4 0.0008 0.9858 0.0034 0.0010 0.0011 0.0020 0.0015 0.0015 0.0007 0.0022 
      SAND12  4 0.0007 0.9885 0.0020 0.0012 0.0010 0.0014 0.0014 0.0015 0.0007 0.0016 
      SAND13  4 0.0006 0.9471 0.0052 0.0168 0.0057 0.0032 0.0052 0.0025 0.0017 0.0120 
      SAND14  4 0.0009 0.9367 0.0101 0.0051 0.0073 0.0032 0.0036 0.0033 0.0013 0.0285 
      SAND15  4 0.0011 0.9873 0.0025 0.0012 0.0009 0.0015 0.0012 0.0014 0.0012 0.0017 
      SAND16  4 0.0009 0.9403 0.0058 0.0113 0.0029 0.0092 0.0012 0.0182 0.0084 0.0018 
      SAND17  4 0.0006 0.9863 0.0041 0.0013 0.0009 0.0015 0.0015 0.0014 0.0007 0.0017 
      SAND18  4 0.0006 0.9885 0.0027 0.0011 0.0008 0.0014 0.0010 0.0013 0.0008 0.0017 
      SAND19  4 0.0006 0.9896 0.0022 0.0009 0.0007 0.0013 0.0010 0.0013 0.0007 0.0015 
      SAND20  4 0.0006 0.9794 0.0032 0.0094 0.0008 0.0013 0.0019 0.0012 0.0008 0.0014 
      SAND21  4 0.0006 0.9855 0.0046 0.0016 0.0008 0.0014 0.0016 0.0014 0.0009 0.0017 
      SAND22  4 0.0006 0.9757 0.0100 0.0071 0.0008 0.0014 0.0012 0.0012 0.0007 0.0013 
      SAND23  4 0.0007 0.9858 0.0043 0.0010 0.0008 0.0017 0.0011 0.0015 0.0008 0.0024 
      SAND24  4 0.0009 0.0013 0.9832 0.0014 0.0012 0.0024 0.0016 0.0020 0.0011 0.0049 
      SAND25  4 0.0010 0.9701 0.0021 0.0050 0.0017 0.0050 0.0016 0.0073 0.0040 0.0024 
      SAND26  4 0.0006 0.9891 0.0019 0.0016 0.0007 0.0012 0.0012 0.0011 0.0009 0.0018 
      SAND27  4 0.0016 0.6657 0.0102 0.3098 0.0020 0.0028 0.0021 0.0021 0.0010 0.0027 
      SAND28  4 0.0007 0.9874 0.0030 0.0012 0.0007 0.0015 0.0012 0.0013 0.0007 0.0022 
      SAND29  4 0.0006 0.9891 0.0024 0.0010 0.0007 0.0014 0.0011 0.0014 0.0007 0.0016 
      SAND30  4 0.0011 0.9794 0.0077 0.0033 0.0010 0.0016 0.0012 0.0013 0.0020 0.0014 
      SAND31  4 0.0007 0.9866 0.0018 0.0024 0.0015 0.0016 0.0017 0.0014 0.0009 0.0015 
      SAND32  4 0.0007 0.8989 0.0046 0.0668 0.0021 0.0030 0.0021 0.0035 0.0094 0.0090 
      SAND33  4 0.0013 0.9749 0.0060 0.0026 0.0016 0.0019 0.0046 0.0023 0.0011 0.0037 
      SAND34  4 0.0007 0.9875 0.0028 0.0014 0.0011 0.0015 0.0010 0.0014 0.0008 0.0017 
      SAND35  4 0.0005 0.9911 0.0015 0.0009 0.0006 0.0011 0.0013 0.0011 0.0006 0.0014 
      SAND36  4 0.0006 0.9767 0.0127 0.0020 0.0009 0.0017 0.0012 0.0014 0.0007 0.0020 
      SAND37  4 0.0007 0.9699 0.0169 0.0046 0.0010 0.0017 0.0012 0.0015 0.0008 0.0017 
      SAND38  4 0.0007 0.9814 0.0044 0.0038 0.0008 0.0019 0.0019 0.0021 0.0011 0.0020 
      SAND39  4 0.0007 0.9677 0.0044 0.0189 0.0008 0.0018 0.0012 0.0013 0.0012 0.0021 
      SAND40  4 0.0013 0.9536 0.0068 0.0027 0.0057 0.0043 0.0021 0.0052 0.0011 0.0171 
      SAND41  4 0.0007 0.9745 0.0073 0.0024 0.0029 0.0023 0.0013 0.0019 0.0007 0.0060 
      SAND42  4 0.0013 0.9679 0.0099 0.0025 0.0020 0.0028 0.0036 0.0040 0.0016 0.0043 
      SAND43  4 0.0015 0.6583 0.3099 0.0151 0.0018 0.0031 0.0030 0.0026 0.0012 0.0036 
      SAND44  4 0.0006 0.9895 0.0019 0.0012 0.0006 0.0012 0.0017 0.0012 0.0007 0.0014 
       Hon01  5 0.0012 0.0111 0.0021 0.0151 0.0043 0.0044 0.0018 0.0019 0.9544 0.0037 
       Hon02  5 0.0013 0.0014 0.0016 0.0012 0.0007 0.0016 0.0011 0.0019 0.9873 0.0019 
       Hon03  5 0.1482 0.0830 0.0021 0.0015 0.0018 0.0083 0.0118 0.0013 0.7359 0.0060 
       Hon04  5 0.0007 0.0099 0.0014 0.0025 0.0010 0.0019 0.0021 0.0015 0.9765 0.0025 
       Hon05  5 0.0007 0.0012 0.0024 0.0043 0.0008 0.0020 0.0012 0.0016 0.9839 0.0018 
       Hon06  5 0.0005 0.0012 0.0014 0.1883 0.0033 0.0018 0.0025 0.0019 0.7975 0.0015 
       Hon07  5 0.0009 0.0011 0.0016 0.0046 0.0008 0.0027 0.0017 0.0016 0.9832 0.0019 
       Hon08  5 0.0009 0.0009 0.0029 0.0035 0.0011 0.0022 0.0014 0.0046 0.9803 0.0022 
       Hon09  5 0.0011 0.0594 0.0025 0.0041 0.0010 0.0020 0.0031 0.0019 0.9056 0.0194 
       Hon10  5 0.0039 0.0012 0.0052 0.0487 0.0028 0.0025 0.0083 0.0037 0.8690 0.0546 
       Hon11  5 0.0006 0.0015 0.0121 0.0030 0.0009 0.0073 0.0017 0.0054 0.9658 0.0017 
       Hon12  5 0.0009 0.0020 0.0014 0.0009 0.0007 0.0013 0.0014 0.0012 0.9881 0.0020 
       Hon13  5 0.0006 0.0008 0.0015 0.0012 0.0007 0.0015 0.0015 0.0012 0.9890 0.0020 
       Hon14  5 0.0029 0.0008 0.0021 0.0601 0.0038 0.0051 0.0027 0.0013 0.9074 0.0139 
       Hon15  5 0.0009 0.0012 0.0010 0.0012 0.0014 0.0015 0.0014 0.0016 0.9879 0.0019 
       Hon16  5 0.0009 0.0009 0.0030 0.0038 0.0012 0.0023 0.0014 0.0049 0.9796 0.0022 
       Hon17  5 0.0014 0.0021 0.0018 0.1164 0.0025 0.0030 0.0026 0.0124 0.8562 0.0016 
       Hon18  5 0.0048 0.0689 0.0093 0.0024 0.0008 0.0022 0.0012 0.0014 0.9075 0.0015 
       Hon19  5 0.0007 0.0009 0.0016 0.0014 0.0084 0.0023 0.0024 0.0026 0.9773 0.0024 
       Hon20  5 0.0007 0.0007 0.0016 0.0019 0.0010 0.0024 0.0025 0.0064 0.9805 0.0023 
      ERIN01  6 0.0008 0.0006 0.0010 0.0006 0.0008 0.0017 0.9902 0.0014 0.0007 0.0023 
      ERIN02  6 0.0008 0.0005 0.0010 0.0006 0.0008 0.0017 0.9901 0.0014 0.0007 0.0024 
      ERIN03  6 0.0008 0.0005 0.0010 0.0006 0.0007 0.0016 0.9901 0.0014 0.0007 0.0024 
      ERIN04  6 0.0008 0.0006 0.0010 0.0006 0.0008 0.0017 0.9901 0.0014 0.0007 0.0024 
      ERIN05  6 0.0009 0.0006 0.0010 0.0007 0.0008 0.0017 0.9900 0.0014 0.0007 0.0023 
      ERIN06  6 0.0008 0.0006 0.0010 0.0007 0.0008 0.0017 0.9902 0.0014 0.0007 0.0023 
      ERIN07  6 0.0008 0.0006 0.0010 0.0006 0.0008 0.0016 0.9901 0.0014 0.0007 0.0024 
      ERIN08  6 0.0008 0.0006 0.0010 0.0006 0.0008 0.0017 0.9901 0.0014 0.0007 0.0023 
      ERIN09  6 0.0008 0.0006 0.0010 0.0006 0.0008 0.0017 0.9901 0.0014 0.0007 0.0024 
      ERIN10  6 0.0008 0.0006 0.0010 0.0007 0.0008 0.0016 0.9901 0.0014 0.0007 0.0024 
      ERIN11  6 0.0008 0.0006 0.0010 0.0059 0.0030 0.0053 0.9675 0.0099 0.0008 0.0052 
